4 0 0.245833 0.164576 0.167928 0.104081 0.317582
4 0 0.251796 0.168108 0.166198 0.096797 0.317101
4 0 0.260121 0.167944 0.155788 0.086816 0.329331
4 0 0.291022 0.167266 0.123136 0.054518 0.364058
4 0 0.293635 0.166305 0.119676 0.051957 0.368426
4 0 0.286151 0.168879 0.129521 0.059406 0.356043
4 0 0.273158 0.171643 0.145572 0.073063 0.336564
4 0 0.241872 0.162069 0.172109 0.108229 0.315722
4 0 0.226437 0.159590 0.188670 0.129380 0.295923
4 0 0.218869 0.155837 0.192545 0.140695 0.292055
4 0 0.220485 0.151059 0.183002 0.137869 0.307584
4 0 0.214952 0.145414 0.181613 0.145843 0.312178
4 0 0.189636 0.137374 0.204918 0.188818 0.279253
3 0 0.151103 0.123449 0.239367 0.264717 0.221364
3 1 0.135434 0.120387 0.266901 0.284255 0.193023
2 1 0.123429 0.120096 0.326200 0.251757 0.178518
2 1 0.101257 0.115024 0.441401 0.193565 0.148753
2 1 0.065861 0.092379 0.603600 0.135739 0.102420
2 1 0.057039 0.086040 0.668855 0.093607 0.094459
2 1 0.066583 0.097111 0.652199 0.073498 0.110610
2 1 0.082320 0.111365 0.595518 0.079590 0.131207
2 4 0.102100 0.126353 0.523402 0.094301 0.153844
2 4 0.132173 0.144612 0.426720 0.110596 0.185899
2 4 0.174125 0.161777 0.321689 0.110928 0.231481
4 4 0.203145 0.169384 0.259149 0.108299 0.260022
2 4 0.202522 0.169387 0.259240 0.110515 0.258335
2 4 0.196460 0.168168 0.270584 0.113114 0.251675
2 4 0.191215 0.166961 0.280959 0.114712 0.246153
2 4 0.180005 0.163805 0.306238 0.114089 0.235862
2 4 0.161953 0.157634 0.349723 0.112298 0.218393
2 4 0.138360 0.147596 0.410445 0.110465 0.193135
2 4 0.117463 0.136421 0.471060 0.105011 0.170045
2 4 0.098359 0.123699 0.536622 0.091600 0.149720
2 4 0.074176 0.104465 0.626883 0.073213 0.121263
2 4 0.059829 0.091135 0.684787 0.061479 0.102769
2 4 0.058808 0.090124 0.689047 0.060618 0.101402
2 4 0.064613 0.095749 0.665000 0.065575 0.109064
2 4 0.071226 0.101068 0.630871 0.080858 0.115977
2 4 0.102500 0.125074 0.509131 0.111923 0.151373
2 0 0.154471 0.152417 0.351135 0.137526 0.204450
2 0 0.136399 0.141299 0.370767 0.172542 0.178993
2 1 0.113293 0.123457 0.406746 0.198209 0.158294
2 1 0.091875 0.102294 0.419275 0.243722 0.142833
2 2 0.082895 0.097177 0.456784 0.232471 0.130673
2 2 0.065769 0.084835 0.526064 0.215317 0.108015
2 2 0.057904 0.073596 0.500849 0.265417 0.102235
2 2 0.051487 0.062740 0.446197 0.341174 0.098402
3 2 0.045598 0.052124 0.370988 0.436390 0.094901
3 2 0.039320 0.042029 0.296451 0.532980 0.089221
3 2 0.033155 0.032245 0.212631 0.639809 0.082160
3 2 0.025054 0.022549 0.150290 0.732015 0.070093
3 2 0.016717 0.014678 0.117853 0.795168 0.055584
3 2 0.011725 0.010034 0.093759 0.839087 0.045395
3 2 0.009372 0.007883 0.080737 0.862072 0.039937
3 2 0.008553 0.007144 0.075924 0.870491 0.037887
3 2 0.009007 0.007525 0.078062 0.866142 0.039263
3 2 0.010424 0.008770 0.085420 0.852403 0.042983
3 2 0.011874 0.010075 0.092891 0.838752 0.046408
3 2 0.012581 0.010760 0.097137 0.831826 0.047696
3 2 0.011705 0.010009 0.093534 0.839349 0.045402
3 2 0.009176 0.007746 0.080372 0.863566 0.039139
3 2 0.006166 0.005106 0.062686 0.895500 0.030542
3 2 0.003868 0.003050 0.045269 0.925031 0.022783
3 2 0.002726 0.001868 0.032343 0.945601 0.017463
3 2 0.001960 0.001161 0.023206 0.960164 0.013509
3 2 0.001547 0.000816 0.018122 0.968378 0.011137
3 2 0.001251 0.000606 0.014787 0.973975 0.009381
3 2 0.001127 0.000512 0.013111 0.976702 0.008547
3 2 0.001003 0.000422 0.011420 0.979483 0.007672
3 2 0.000888 0.000343 0.009827 0.982094 0.006848
3 2 0.000753 0.000265 0.008203 0.984862 0.005917
3 2 0.000655 0.000214 0.007059 0.986824 0.005247
3 3 0.000583 0.000179 0.006236 0.988255 0.004746
3 3 0.000530 0.000154 0.005601 0.989362 0.004353
3 3 0.000482 0.000133 0.005050 0.990342 0.003993
3 3 0.000453 0.000120 0.004701 0.990940 0.003786
3 3 0.000425 0.000109 0.004373 0.991516 0.003577
3 3 0.000404 0.000100 0.004129 0.991959 0.003408
3 3 0.000392 0.000096 0.004003 0.992209 0.003301
3 3 0.000401 0.000097 0.004049 0.992109 0.003343
3 3 0.000428 0.000104 0.004197 0.991777 0.003494
3 3 0.000456 0.000111 0.004343 0.991424 0.003666
3 3 0.000467 0.000110 0.004285 0.991445 0.003694
3 3 0.000457 0.000103 0.004058 0.991798 0.003585
3 3 0.000423 0.000090 0.003702 0.992451 0.003334
3 3 0.000383 0.000079 0.003380 0.993096 0.003062
3 3 0.000373 0.000077 0.003349 0.993187 0.003013
3 3 0.000384 0.000082 0.003495 0.992926 0.003112
3 3 0.000426 0.000094 0.003826 0.992259 0.003394
3 3 0.000441 0.000097 0.003882 0.992119 0.003461
3 3 0.000429 0.000091 0.003712 0.992423 0.003344
3 3 0.000403 0.000084 0.003531 0.992788 0.003192
3 3 0.000366 0.000076 0.003317 0.993242 0.002998
3 3 0.000351 0.000074 0.003263 0.993367 0.002945
3 3 0.000333 0.000070 0.003141 0.993611 0.002846
3 3 0.000339 0.000070 0.003131 0.993586 0.002874
3 3 0.000336 0.000068 0.003029 0.993741 0.002826
3 3 0.000335 0.000065 0.002947 0.993862 0.002790
3 3 0.000323 0.000062 0.002854 0.994055 0.002706
3 3 0.000319 0.000063 0.002883 0.994013 0.002721
3 3 0.000329 0.000068 0.003060 0.993678 0.002865
3 3 0.000339 0.000074 0.003225 0.993350 0.003012
3 3 0.000347 0.000078 0.003339 0.993120 0.003116
3 3 0.000343 0.000078 0.003354 0.993100 0.003125
3 3 0.000330 0.000074 0.003260 0.993300 0.003035
3 3 0.000302 0.000066 0.003013 0.993797 0.002821
3 3 0.000284 0.000059 0.002777 0.994235 0.002645
3 3 0.000283 0.000057 0.002697 0.994347 0.002616
3 3 0.000297 0.000060 0.002757 0.994183 0.002704
3 3 0.000316 0.000063 0.002853 0.993953 0.002814
3 3 0.000322 0.000064 0.002872 0.993914 0.002829
3 3 0.000322 0.000063 0.002839 0.993982 0.002795
3 3 0.000327 0.000064 0.002876 0.993920 0.002813
3 3 0.000321 0.000062 0.002835 0.994024 0.002758
3 3 0.000322 0.000062 0.002807 0.994081 0.002728
3 3 0.000310 0.000058 0.002678 0.994341 0.002614
3 3 0.000313 0.000058 0.002693 0.994300 0.002636
3 3 0.000294 0.000055 0.002598 0.994511 0.002542
3 3 0.000293 0.000055 0.002613 0.994480 0.002559
3 3 0.000283 0.000053 0.002538 0.994632 0.002493
3 3 0.000291 0.000054 0.002549 0.994586 0.002521
3 3 0.000299 0.000055 0.002603 0.994472 0.002571
3 3 0.000323 0.000061 0.002774 0.994107 0.002735
3 3 0.000343 0.000066 0.002936 0.993771 0.002884
3 3 0.000341 0.000065 0.002898 0.993843 0.002853
3 3 0.000324 0.000058 0.002671 0.994283 0.002664
3 3 0.000320 0.000054 0.002510 0.994577 0.002539
3 3 0.000365 0.000058 0.002582 0.994325 0.002669
3 3 0.000472 0.000067 0.002762 0.993689 0.003010
3 3 0.000697 0.000086 0.003077 0.992463 0.003676
3 3 0.001057 0.000110 0.003385 0.990929 0.004519
3 0 0.002028 0.000196 0.004685 0.986296 0.006795
3 0 0.003510 0.000347 0.006632 0.979723 0.009789
3 1 0.006168 0.000741 0.011026 0.966663 0.015402
3 1 0.006580 0.000989 0.013894 0.960772 0.017765
3 1 0.006211 0.001150 0.016084 0.957790 0.018765
3 1 0.004919 0.000975 0.014929 0.962710 0.016466
3 0 0.005524 0.001066 0.015685 0.960293 0.017431
3 0 0.007591 0.001282 0.016901 0.954081 0.020145
3 0 0.012550 0.001943 0.021023 0.937516 0.026969
3 0 0.020287 0.003237 0.028075 0.910103 0.038298
3 0 0.030840 0.005924 0.040685 0.865971 0.056581
3 0 0.044074 0.010569 0.058187 0.806361 0.080809
3 0 0.053439 0.014966 0.072474 0.760862 0.098259
3 0 0.066910 0.017584 0.077979 0.730173 0.107355
3 0 0.052587 0.011788 0.061933 0.789915 0.083777
3 0 0.035518 0.006906 0.045639 0.852704 0.059233
3 2 0.017451 0.003247 0.029881 0.913450 0.035971
3 2 0.012471 0.002158 0.023217 0.934350 0.027804
3 2 0.007642 0.001341 0.017596 0.952982 0.020439
3 2 0.007156 0.001374 0.018303 0.952805 0.020361
3 0 0.007453 0.001785 0.022796 0.945156 0.022810
3 0 0.011375 0.004022 0.040481 0.908280 0.035842
3 0 0.017500 0.009512 0.073449 0.842079 0.057460
3 0 0.027176 0.020250 0.117797 0.746218 0.088559
3 0 0.036075 0.028571 0.141112 0.685482 0.108760
3 0 0.055483 0.034914 0.145967 0.637286 0.126350
3 0 0.066129 0.027207 0.116723 0.674677 0.115264
3 0 0.085827 0.024087 0.099828 0.677270 0.112989
3 0 0.084899 0.021299 0.092951 0.698702 0.102149
3 0 0.078108 0.029197 0.121724 0.656884 0.114087
3 1 0.058912 0.039328 0.163857 0.614808 0.123095
3 1 0.044860 0.038103 0.176047 0.629192 0.111798
3 2 0.030230 0.025981 0.151045 0.707452 0.085292
3 2 0.020057 0.017476 0.127238 0.771608 0.063622
3 2 0.016288 0.014287 0.116106 0.798617 0.054701
3 2 0.018779 0.016466 0.124588 0.779901 0.060266
3 2 0.030237 0.026845 0.160138 0.701756 0.081025
3 2 0.043382 0.039241 0.194041 0.624362 0.098975
3 2 0.052823 0.049387 0.228397 0.559897 0.109496
3 2 0.047648 0.043656 0.206218 0.599753 0.102725
3 2 0.033241 0.029854 0.170673 0.681656 0.084575
3 2 0.021319 0.018473 0.129798 0.763556 0.066853
3 2 0.015223 0.012625 0.101207 0.813927 0.057018
3 2 0.014425 0.009413 0.080231 0.845378 0.050552
3 2 0.018034 0.011657 0.089296 0.822254 0.058759
3 2 0.031770 0.024417 0.136970 0.716768 0.090075
3 2 0.056915 0.048419 0.194177 0.571514 0.128975
3 2 0.112700 0.096556 0.240320 0.365715 0.184709
3 2 0.135433 0.116064 0.252094 0.291824 0.204585
2 2 0.088683 0.103281 0.456820 0.214356 0.136860
2 2 0.067746 0.077365 0.420016 0.313886 0.120987
3 2 0.049820 0.046700 0.233373 0.559321 0.110786
3 2 0.054846 0.046976 0.193747 0.579656 0.124774
3 0 0.041232 0.034169 0.162508 0.651820 0.110270
3 0 0.045131 0.037666 0.171025 0.630776 0.115402
3 0 0.040462 0.034100 0.166145 0.653191 0.106101
3 0 0.031362 0.026494 0.148916 0.703461 0.089767
3 1 0.021995 0.018516 0.125029 0.763030 0.071429
3 1 0.020420 0.016296 0.114827 0.781168 0.067289
3 1 0.024281 0.013759 0.095743 0.801299 0.064919
3 0 0.037759 0.017242 0.100843 0.765266 0.078891
3 0 0.061043 0.037079 0.154800 0.625056 0.122022
3 0 0.117274 0.090355 0.214175 0.359594 0.218602
4 0 0.220693 0.150128 0.179278 0.138055 0.311846
4 1 0.262323 0.170412 0.155528 0.084876 0.326862
4 1 0.247647 0.165812 0.165926 0.102280 0.318335
4 2 0.179159 0.132752 0.208104 0.210480 0.269505
3 2 0.106681 0.085557 0.217928 0.391296 0.198538
3 0 0.066962 0.054992 0.193600 0.534256 0.150190
3 0 0.054844 0.044651 0.177012 0.588193 0.135300
3 1 0.055504 0.044910 0.175870 0.586089 0.137627
3 1 0.055311 0.044728 0.175457 0.587047 0.137457
3 1 0.063097 0.045847 0.172073 0.577182 0.141802
3 0 0.082682 0.041231 0.149846 0.587624 0.138616
3 0 0.128536 0.051959 0.155525 0.507087 0.156892
3 0 0.188281 0.067275 0.162074 0.405527 0.176843
0 0 0.292241 0.092604 0.155093 0.246270 0.213793
0 0 0.296752 0.126226 0.165024 0.161004 0.250994
4 1 0.261209 0.173550 0.160940 0.086567 0.317734
4 1 0.279540 0.170722 0.138054 0.066278 0.345405
4 1 0.291561 0.167074 0.122425 0.053987 0.364954
4 0 0.282332 0.169991 0.134470 0.063343 0.349865
4 0 0.259974 0.170351 0.159376 0.087322 0.322977
4 0 0.193557 0.137203 0.197025 0.182434 0.289780
3 0 0.127146 0.094447 0.205452 0.333771 0.239183
3 0 0.083809 0.065813 0.194764 0.473415 0.182198
3 1 0.069049 0.052740 0.179185 0.539464 0.159562
3 1 0.074026 0.040907 0.149630 0.592745 0.142692
3 1 0.089395 0.038104 0.137119 0.597235 0.138147
3 1 0.131071 0.056277 0.159298 0.481208 0.172147
3 1 0.170357 0.079863 0.175291 0.360079 0.214410
3 0 0.211420 0.100817 0.172866 0.259475 0.255422
4 0 0.227474 0.099699 0.165066 0.250059 0.257703
0 0 0.256913 0.091149 0.151046 0.254644 0.246248
3 0 0.268745 0.079949 0.143781 0.287423 0.220102
3 0 0.254801 0.090807 0.161050 0.274253 0.219088
4 0 0.243849 0.122358 0.181405 0.201627 0.250762
4 0 0.226040 0.127247 0.179806 0.186848 0.280058
3 0 0.179843 0.093325 0.174352 0.292617 0.259863
3 0 0.071755 0.035285 0.134144 0.622029 0.136788
3 0 0.037944 0.012968 0.074518 0.794562 0.080009
3 0 0.030807 0.007692 0.052211 0.849454 0.059836
3 0 0.043229 0.010187 0.060794 0.815751 0.070040
3 0 0.084591 0.024912 0.102976 0.674737 0.112785
3 0 0.148801 0.061284 0.163066 0.453496 0.173353
3 0 0.210086 0.101873 0.185489 0.276113 0.226438
3 0 0.202140 0.112934 0.195840 0.254032 0.235054
3 0 0.195184 0.103073 0.191475 0.285953 0.224315
3 0 0.159962 0.067145 0.164652 0.422585 0.185657
3 0 0.149287 0.045197 0.129902 0.515386 0.160228
3 0 0.106737 0.023602 0.090352 0.661522 0.117787
3 0 0.080733 0.013334 0.063117 0.755101 0.087715
3 0 0.064231 0.009949 0.053177 0.798132 0.074511
3 0 0.059781 0.011553 0.060683 0.787904 0.080078
3 0 0.060230 0.014771 0.073219 0.761327 0.090453
3 0 0.069497 0.021006 0.092467 0.708886 0.108144
3 0 0.064517 0.019768 0.089994 0.721331 0.104390
3 0 0.056026 0.016743 0.082500 0.750268 0.094462
3 0 0.041054 0.012100 0.070201 0.800422 0.076223
3 0 0.052669 0.017754 0.089467 0.747189 0.092921
3 0 0.074161 0.030475 0.123065 0.649550 0.122749
3 0 0.150314 0.074893 0.177535 0.392017 0.205242
4 0 0.226221 0.109310 0.175873 0.230085 0.258510
0 0 0.312665 0.116874 0.141861 0.146010 0.282591
0 0 0.347940 0.114337 0.125444 0.121730 0.290548
0 0 0.357499 0.128127 0.120027 0.089900 0.304448
4 0 0.294100 0.160682 0.138681 0.075826 0.330711
4 0 0.278878 0.170886 0.138902 0.066982 0.344353
4 0 0.263416 0.168868 0.154438 0.082921 0.330356
4 0 0.188663 0.135498 0.203622 0.190342 0.281875
3 0 0.112700 0.089597 0.221354 0.371186 0.205162
3 0 0.072844 0.054044 0.186699 0.534952 0.151462
3 0 0.072508 0.044339 0.161810 0.578533 0.142811
3 0 0.064779 0.033739 0.136270 0.637333 0.127879
3 0 0.056870 0.024460 0.111472 0.698058 0.109141
3 0 0.057503 0.022432 0.104196 0.710788 0.105080
3 0 0.056278 0.018797 0.092468 0.737348 0.095109
3 0 0.063857 0.017749 0.085802 0.738860 0.093732
3 0 0.079800 0.018752 0.084846 0.718993 0.097609
3 0 0.089912 0.023671 0.099665 0.680069 0.106683
3 0 0.110255 0.042885 0.145869 0.562427 0.138564
3 0 0.202636 0.086001 0.176398 0.320828 0.214137
0 0 0.358287 0.125965 0.123893 0.098613 0.293242
4 1 0.314855 0.155934 0.112297 0.052430 0.364483
4 1 0.305266 0.161126 0.103971 0.041089 0.388548
4 1 0.317038 0.154094 0.087526 0.030988 0.410353
4 0 0.313209 0.156609 0.092941 0.034173 0.403068
4 0 0.296589 0.165134 0.115736 0.049116 0.373425
4 0 0.276665 0.171408 0.141720 0.069352 0.340856
4 0 0.268459 0.173004 0.152023 0.078405 0.328110
4 0 0.272623 0.172259 0.146822 0.073758 0.334537
4 0 0.281433 0.170233 0.135627 0.064283 0.348424
4 0 0.300621 0.163382 0.110305 0.045326 0.380367
4 4 0.306926 0.160254 0.101688 0.039610 0.391522
4 4 0.313737 0.156277 0.092199 0.033728 0.404059
4 4 0.306985 0.160222 0.101606 0.039557 0.391630
4 4 0.293436 0.166381 0.119940 0.052151 0.368092
4 4 0.275362 0.171696 0.143371 0.070761 0.338810
4 4 0.272509 0.172281 0.146967 0.073885 0.334359
4 4 0.280051 0.170593 0.137401 0.065737 0.346218
4 4 0.284462 0.169387 0.131716 0.061136 0.353300
4 4 0.288215 0.168223 0.126825 0.057316 0.359420
4 4 0.286302 0.168832 0.129324 0.059252 0.356289
4 4 0.282051 0.170067 0.134832 0.063636 0.349414
4 4 0.275758 0.171610 0.142869 0.070332 0.339431
4 4 0.264117 0.173074 0.158814 0.078721 0.325274
4 4 0.245836 0.173595 0.186359 0.088123 0.306087
4 4 0.225241 0.172420 0.220363 0.097318 0.284657
4 4 0.210708 0.170425 0.247095 0.101544 0.270228
2 4 0.154193 0.154691 0.368083 0.113326 0.209706
2 4 0.119056 0.137392 0.465807 0.106086 0.171659
2 4 0.085801 0.114179 0.582419 0.082258 0.135343
2 4 0.068726 0.099587 0.648461 0.068834 0.114391
2 4 0.053612 0.084537 0.707934 0.060229 0.093689
2 4 0.050205 0.080323 0.715536 0.066265 0.087672
2 4 0.060080 0.089694 0.664898 0.085613 0.099715
2 4 0.084615 0.110003 0.554845 0.122553 0.127983
2 4 0.106674 0.119202 0.430763 0.188183 0.155178
2 4 0.104043 0.101677 0.325525 0.302107 0.166649
3 4 0.105491 0.089860 0.234993 0.388954 0.180701
3 0 0.126477 0.053436 0.161334 0.503850 0.154903
3 0 0.131482 0.046014 0.145360 0.532530 0.144614
3 1 0.112732 0.058618 0.178919 0.493273 0.156458
3 1 0.113178 0.091581 0.224859 0.369435 0.200947
3 1 0.127033 0.096987 0.215397 0.331618 0.228965
3 1 0.087069 0.068614 0.202539 0.458216 0.183561
3 1 0.043521 0.030556 0.142190 0.669885 0.113848
3 0 0.021777 0.009874 0.071278 0.835922 0.061149
3 0 0.012139 0.004471 0.043773 0.902035 0.037583
3 1 0.011879 0.004958 0.048409 0.896167 0.038587
3 1 0.015018 0.008223 0.069378 0.857118 0.050263
3 1 0.022470 0.016065 0.106529 0.781696 0.073241
3 1 0.031924 0.025422 0.137228 0.708979 0.096448
3 1 0.039761 0.031190 0.150415 0.669023 0.109610
3 1 0.047439 0.038751 0.167991 0.622661 0.123158
3 4 0.057140 0.047422 0.186121 0.574812 0.134505
3 4 0.077594 0.065656 0.214269 0.486879 0.155602
3 4 0.106874 0.091814 0.239022 0.382987 0.179303
2 4 0.108439 0.105083 0.323777 0.289823 0.172878
2 4 0.097726 0.107889 0.424094 0.216473 0.153819
2 4 0.087006 0.106253 0.505043 0.165710 0.135989
2 4 0.086988 0.111286 0.540825 0.130549 0.130351
2 2 0.083394 0.109141 0.560518 0.120214 0.126734
2 2 0.079158 0.104872 0.566475 0.129179 0.120315
2 2 0.069776 0.095676 0.585670 0.141900 0.106978
2 2 0.059076 0.081774 0.584854 0.177007 0.097290
2 2 0.051002 0.072132 0.593446 0.194762 0.088656
2 2 0.047695 0.066261 0.569434 0.229816 0.086795
2 2 0.045155 0.060873 0.532880 0.274892 0.086200
2 2 0.043004 0.053573 0.445747 0.369701 0.087975
3 2 0.039147 0.044726 0.349048 0.481125 0.085955
3 2 0.034910 0.036857 0.269181 0.577517 0.081535
3 2 0.032564 0.032607 0.224574 0.631599 0.078656
3 2 0.032565 0.030558 0.186657 0.670356 0.079865
3 2 0.027504 0.024786 0.157412 0.715922 0.074376
3 2 0.023596 0.020633 0.138622 0.746634 0.070515
3 2 0.019435 0.016474 0.119134 0.779926 0.065032
3 2 0.018870 0.015846 0.115404 0.785188 0.064692
3 2 0.016742 0.014189 0.110543 0.799718 0.058807
3 2 0.018222 0.015724 0.119209 0.786295 0.060550
3 2 0.020914 0.018085 0.128106 0.766682 0.066213
3 2 0.029746 0.025279 0.146897 0.712161 0.085916
3 2 0.037846 0.031452 0.157350 0.669383 0.103969
3 2 0.044946 0.036882 0.165614 0.634325 0.118234
3 2 0.052872 0.043172 0.175405 0.596838 0.131713
3 2 0.064852 0.052927 0.189296 0.544021 0.148904
3 2 0.063185 0.052280 0.192168 0.548897 0.143470
3 2 0.085064 0.072607 0.223571 0.457464 0.161294
3 2 0.100529 0.086535 0.236721 0.402777 0.173437
3 2 0.061789 0.052190 0.197701 0.551332 0.136988
3 2 0.028391 0.017495 0.104793 0.766740 0.082582
3 2 0.010764 0.003490 0.035946 0.915638 0.034162
3 2 0.012510 0.003110 0.031050 0.919366 0.033965
3 2 0.008510 0.001671 0.020608 0.946091 0.023121
3 2 0.012520 0.002948 0.030419 0.922445 0.031668
3 2 0.013036 0.004207 0.040918 0.904914 0.036924
3 2 0.012264 0.005791 0.054605 0.885696 0.041645
3 2 0.008832 0.005445 0.057033 0.891281 0.037409
3 2 0.007721 0.005687 0.061524 0.888239 0.036829
3 2 0.007072 0.005559 0.062009 0.889791 0.035568
3 2 0.007821 0.006286 0.067369 0.880748 0.037775
3 2 0.010512 0.008573 0.080989 0.854560 0.045366
3 2 0.015817 0.013064 0.102415 0.809799 0.058905
3 2 0.023929 0.019699 0.125039 0.753087 0.078246
3 2 0.031565 0.025662 0.139298 0.707721 0.095754
3 2 0.033636 0.026800 0.138230 0.698352 0.102982
3 0 0.041160 0.030778 0.143789 0.669294 0.114979
3 0 0.047020 0.029056 0.134584 0.677010 0.112330
3 0 0.063301 0.045491 0.174802 0.580370 0.136035
3 0 0.073812 0.062970 0.213919 0.499972 0.149327
3 1 0.083581 0.073555 0.234385 0.456525 0.151954
3 1 0.061427 0.054587 0.215566 0.542678 0.125743
3 2 0.035592 0.031986 0.176164 0.667989 0.088270
3 2 0.020609 0.018474 0.135778 0.763187 0.061952
3 2 0.014674 0.012896 0.110506 0.811122 0.050802
3 2 0.013435 0.011673 0.103446 0.822763 0.048683
3 2 0.013418 0.011581 0.102112 0.823734 0.049155
3 2 0.013337 0.011441 0.100660 0.825142 0.049418
3 2 0.012288 0.010501 0.095821 0.834403 0.046987
3 2 0.012232 0.010505 0.096458 0.834317 0.046488
3 2 0.012914 0.011215 0.101262 0.827185 0.047423
3 2 0.014232 0.012494 0.108574 0.814865 0.049836
3 2 0.013606 0.011911 0.105570 0.820378 0.048535
3 2 0.010912 0.009388 0.091196 0.845655 0.042848
3 2 0.007389 0.006177 0.070344 0.881933 0.034157
3 2 0.004863 0.003961 0.053433 0.911238 0.026506
3 2 0.003434 0.002741 0.042596 0.929944 0.021285
3 2 0.002847 0.002052 0.034865 0.942098 0.018139
3 2 0.002639 0.001733 0.030597 0.948245 0.016786
3 2 0.002423 0.001418 0.026053 0.954696 0.015410
3 3 0.002300 0.001210 0.022861 0.959191 0.014438
3 3 0.001996 0.000982 0.019780 0.964408 0.012835
3 3 0.001983 0.001007 0.020337 0.963795 0.012877
3 3 0.002039 0.001130 0.022468 0.960953 0.013411
3 2 0.002329 0.001426 0.026631 0.954477 0.015138
3 2 0.002586 0.001692 0.029997 0.949049 0.016677
3 2 0.002562 0.001728 0.030641 0.948282 0.016787
3 2 0.002463 0.001689 0.030336 0.949005 0.016507
3 2 0.002370 0.001639 0.029864 0.949960 0.016166
3 2 0.002382 0.001664 0.030151 0.949446 0.016357
3 2 0.002441 0.001711 0.030570 0.948522 0.016756
3 2 0.002400 0.001622 0.029153 0.950330 0.016494
3 2 0.002169 0.001324 0.025029 0.956559 0.014918
3 2 0.001969 0.001040 0.020750 0.962978 0.013263
3 2 0.002043 0.000946 0.018881 0.965234 0.012896
3 2 0.002357 0.000967 0.018558 0.964757 0.013361
3 2 0.003269 0.001383 0.023251 0.955474 0.016622
3 2 0.003891 0.001870 0.028902 0.945847 0.019490
3 2 0.005157 0.003026 0.040583 0.925908 0.025326
3 2 0.005611 0.003850 0.049016 0.913267 0.028256
3 2 0.007352 0.005937 0.065810 0.885048 0.035853
3 2 0.008176 0.006692 0.071371 0.875876 0.037885
3 2 0.008926 0.007367 0.075954 0.867997 0.039756
3 2 0.007947 0.006557 0.071348 0.877459 0.036689
3 2 0.007390 0.006095 0.068599 0.883033 0.034883
3 2 0.006951 0.005781 0.067423 0.886852 0.032992
3 2 0.007527 0.006346 0.072170 0.879799 0.034158
3 2 0.008434 0.007180 0.078072 0.869884 0.036430
3 2 0.009041 0.007702 0.081100 0.863959 0.038198
3 2 0.008288 0.006997 0.076169 0.872095 0.036451
3 2 0.006861 0.005690 0.066598 0.888015 0.032836
3 2 0.005301 0.004306 0.055705 0.906398 0.028291
3 2 0.004061 0.003154 0.045323 0.923459 0.024003
3 2 0.003137 0.002073 0.033632 0.941883 0.019276
3 2 0.002619 0.001447 0.025651 0.954102 0.016181
3 2 0.002380 0.001075 0.020090 0.962170 0.014285
3 2 0.002296 0.000823 0.015996 0.968112 0.012772
3 2 0.002473 0.000742 0.014351 0.970076 0.012358
3 2 0.003437 0.001019 0.017365 0.963084 0.015096
3 2 0.006680 0.002379 0.030238 0.935722 0.024980
3 0 0.012382 0.006218 0.057384 0.880395 0.043621
3 0 0.019496 0.013593 0.095141 0.803156 0.068614
3 0 0.021265 0.016193 0.106508 0.780405 0.075629
3 0 0.024445 0.018303 0.113001 0.762427 0.081824
3 4 0.028976 0.022444 0.127638 0.730428 0.090514
3 4 0.049510 0.037123 0.161089 0.630371 0.121907
3 4 0.083990 0.057176 0.189780 0.516574 0.152480
3 1 0.096638 0.082716 0.232309 0.416712 0.171625
3 1 0.101113 0.088589 0.244173 0.397220 0.168905
3 4 0.104660 0.098751 0.295807 0.334361 0.166421
2 4 0.092432 0.094659 0.353564 0.306972 0.152374
3 4 0.062457 0.067996 0.368309 0.382876 0.118363
3 4 0.041463 0.039751 0.225610 0.597670 0.095505
3 4 0.029445 0.025743 0.153880 0.709328 0.081604
3 4 0.029078 0.024880 0.147150 0.715144 0.083749
3 4 0.047724 0.040701 0.181922 0.614232 0.115422
3 4 0.106141 0.090585 0.236457 0.386268 0.180549
2 0 0.159177 0.143570 0.282187 0.206779 0.208287
2 0 0.158997 0.155355 0.333750 0.146722 0.205175
2 0 0.146725 0.151236 0.374120 0.131742 0.196177
2 4 0.127503 0.139598 0.419190 0.138417 0.175291
2 4 0.084231 0.107759 0.533788 0.149823 0.124398
2 4 0.058780 0.080111 0.569947 0.192998 0.098164
2 4 0.050337 0.069048 0.562211 0.228306 0.090098
2 4 0.046459 0.063752 0.551747 0.252313 0.085730
2 2 0.045656 0.062024 0.538636 0.268362 0.085322
2 2 0.046487 0.059567 0.484879 0.318456 0.090611
3 2 0.054407 0.059665 0.362366 0.413314 0.110248
3 2 0.062921 0.056296 0.226322 0.523575 0.130886
3 2 0.073402 0.061882 0.209160 0.503808 0.151748
3 2 0.116461 0.091492 0.217290 0.362102 0.212655
4 0 0.222403 0.147602 0.175331 0.134142 0.320521
4 0 0.258119 0.168061 0.159579 0.088917 0.325324
4 1 0.270077 0.172143 0.149983 0.076356 0.331440
4 1 0.247979 0.164793 0.167179 0.100936 0.319114
4 1 0.197850 0.141302 0.197814 0.174971 0.288063
3 0 0.088507 0.073382 0.215896 0.449761 0.172454
3 0 0.038000 0.032064 0.162017 0.666162 0.101757
3 2 0.025383 0.021863 0.139696 0.737274 0.075784
3 2 0.021104 0.018645 0.133789 0.762057 0.064405
3 2 0.023727 0.021550 0.148852 0.739223 0.066647
3 2 0.023949 0.021939 0.151828 0.736126 0.066157
3 2 0.026193 0.023699 0.154943 0.723587 0.071578
3 2 0.024893 0.021601 0.140270 0.739287 0.073948
3 2 0.029008 0.024301 0.141464 0.718782 0.086445
3 2 0.040383 0.033046 0.157418 0.658128 0.111024
3 2 0.065586 0.053669 0.190963 0.540537 0.149246
3 2 0.107086 0.087753 0.222428 0.389386 0.193347
3 0 0.166252 0.105477 0.211547 0.299979 0.216746
3 0 0.195851 0.098466 0.191647 0.298083 0.215953
3 0 0.187265 0.074885 0.167152 0.370061 0.200637
3 0 0.172098 0.054079 0.139374 0.452721 0.181727
3 0 0.167332 0.034344 0.101711 0.539828 0.156785
3 0 0.199448 0.031911 0.089846 0.522029 0.156766
3 0 0.254570 0.038162 0.094038 0.447983 0.165247
0 0 0.331010 0.075374 0.127717 0.258671 0.207227
0 0 0.279112 0.149709 0.169489 0.126192 0.275498
4 1 0.271068 0.172552 0.148772 0.075482 0.332126
4 1 0.304914 0.161306 0.104455 0.041406 0.387919
4 4 0.315262 0.155290 0.090046 0.032453 0.406948
4 4 0.311544 0.157631 0.095275 0.035588 0.399962
4 4 0.311337 0.157755 0.095565 0.035766 0.399577
4 4 0.322972 0.149689 0.078995 0.026249 0.422094
4 4 0.325822 0.147324 0.074831 0.024059 0.427963
4 4 0.327363 0.145969 0.072559 0.022899 0.431209
4 4 0.322800 0.149827 0.079245 0.026383 0.421745
4 4 0.324411 0.148517 0.076899 0.025137 0.425036
4 4 0.322356 0.150179 0.079890 0.026730 0.420845
4 4 0.322195 0.150305 0.080123 0.026856 0.420521
4 4 0.321428 0.150900 0.081232 0.027459 0.418981
4 4 0.325348 0.147730 0.075527 0.024420 0.426975
4 4 0.326434 0.146793 0.073931 0.023596 0.429246
4 4 0.322858 0.149781 0.079161 0.026338 0.421862
4 4 0.320768 0.151403 0.082185 0.027981 0.417662
4 4 0.319497 0.152349 0.084014 0.028996 0.415145
4 4 0.320431 0.151657 0.082670 0.028249 0.416993
4 4 0.322758 0.149860 0.079307 0.026416 0.421659
4 4 0.326053 0.147125 0.074492 0.023884 0.428446
4 4 0.329064 0.144408 0.070035 0.021637 0.434856
4 4 0.330970 0.142569 0.067183 0.020248 0.439031
4 4 0.334346 0.139055 0.062064 0.017849 0.446686
4 4 0.333196 0.140291 0.063817 0.018657 0.444039
4 4 0.330161 0.143361 0.068397 0.020834 0.437247
4 4 0.323557 0.149218 0.078144 0.025795 0.423285
4 4 0.315310 0.155259 0.089979 0.032413 0.407039
4 4 0.302601 0.162452 0.107615 0.043503 0.383829
4 4 0.298066 0.164513 0.113753 0.047715 0.375953
4 4 0.298638 0.164266 0.112983 0.047176 0.376936
4 4 0.302733 0.162388 0.107435 0.043382 0.384061
4 4 0.307889 0.159731 0.100359 0.038760 0.393262
4 4 0.310523 0.158237 0.096701 0.036465 0.398074
4 4 0.304579 0.161476 0.104913 0.041707 0.387325
4 4 0.294554 0.165951 0.118454 0.051068 0.369974
4 4 0.279281 0.170787 0.138386 0.066553 0.344993
4 4 0.261272 0.173993 0.160858 0.086676 0.317201
4 4 0.215652 0.171691 0.234251 0.107247 0.271159
2 4 0.152288 0.154277 0.368625 0.119527 0.205283
2 4 0.133850 0.145766 0.418551 0.115771 0.186062
2 4 0.126320 0.141519 0.443634 0.109028 0.179500
4 4 0.198340 0.159198 0.231654 0.158913 0.251895
4 4 0.233394 0.174670 0.193438 0.121787 0.276711
4 2 0.263633 0.173708 0.157975 0.083923 0.320761
4 2 0.291641 0.167045 0.122319 0.053908 0.365087
4 2 0.297891 0.164588 0.113988 0.047880 0.375653
4 2 0.300283 0.163536 0.110763 0.045639 0.379780
4 2 0.295809 0.165452 0.116780 0.049861 0.372099
4 2 0.276403 0.171467 0.142052 0.069634 0.340444
4 2 0.252906 0.174700 0.170921 0.096705 0.304768
4 2 0.245288 0.174957 0.179872 0.106214 0.293669
2 2 0.200928 0.169471 0.257971 0.118722 0.252907
2 2 0.137805 0.145001 0.387800 0.144454 0.184940
2 2 0.090255 0.105598 0.465858 0.198183 0.140106
2 2 0.083529 0.092424 0.413766 0.270357 0.139925
2 2 0.078688 0.084897 0.388207 0.310105 0.138102
3 2 0.081340 0.081854 0.334477 0.355767 0.146563
3 2 0.085208 0.078580 0.273297 0.406420 0.156494
3 2 0.071677 0.061234 0.212389 0.508159 0.146540
3 3 0.054006 0.045066 0.183887 0.588154 0.128887
3 3 0.037500 0.030742 0.152887 0.673258 0.105613
3 3 0.035703 0.030228 0.158559 0.678245 0.097265
3 2 0.036794 0.032679 0.175063 0.663587 0.091878
3 2 0.051202 0.048842 0.238677 0.554334 0.106946
3 2 0.066322 0.069020 0.332097 0.409674 0.122887
2 2 0.080373 0.087286 0.388489 0.308630 0.135221
2 2 0.096682 0.111341 0.449088 0.200116 0.142773
2 2 0.091336 0.114029 0.518456 0.142322 0.133856
2 2 0.079726 0.107037 0.583820 0.105510 0.123907
2 2 0.062122 0.091308 0.652018 0.092821 0.101732
2 2 0.048223 0.076664 0.702603 0.090528 0.081981
2 2 0.035190 0.061368 0.754666 0.086243 0.062533
2 2 0.033970 0.059780 0.758540 0.087159 0.060551
2 2 0.033383 0.059065 0.761601 0.086262 0.059690
2 2 0.035882 0.061914 0.745331 0.093822 0.063052
2 2 0.037717 0.063579 0.725687 0.108143 0.064873
2 2 0.039415 0.062555 0.675222 0.153352 0.069457
2 2 0.038158 0.055789 0.590666 0.242383 0.073004
2 2 0.035986 0.046968 0.460904 0.380566 0.075575
3 2 0.031393 0.035881 0.315516 0.543837 0.073373
3 2 0.026759 0.026698 0.202413 0.675283 0.068847
3 2 0.020444 0.018673 0.139900 0.761159 0.059824
3 2 0.014909 0.013180 0.112617 0.808416 0.050879
3 2 0.009729 0.008285 0.084253 0.857521 0.040212
3 2 0.006189 0.005067 0.061491 0.896090 0.031163
3 2 0.004048 0.003197 0.045610 0.922735 0.024410
3 2 0.002812 0.002073 0.034369 0.941637 0.019109
3 2 0.002239 0.001479 0.027435 0.953234 0.015613
3 2 0.001863 0.001138 0.023114 0.960628 0.013257
3 2 0.001727 0.001015 0.021360 0.963489 0.012410
3 2 0.001534 0.000851 0.018825 0.967462 0.011327
3 2 0.001299 0.000660 0.015717 0.972448 0.009876
3 2 0.001028 0.000470 0.012405 0.977944 0.008154
3 2 0.000889 0.000374 0.010516 0.981003 0.007218
3 3 0.000780 0.000302 0.009006 0.983475 0.006436
3 3 0.000694 0.000244 0.007714 0.985629 0.005719
3 3 0.000610 0.000195 0.006602 0.987565 0.005027
3 3 0.000560 0.000168 0.005936 0.988717 0.004618
3 3 0.000523 0.000150 0.005442 0.989556 0.004329
3 3 0.000497 0.000137 0.005083 0.990137 0.004146
3 3 0.000455 0.000120 0.004623 0.990947 0.003855
3 3 0.000429 0.000110 0.004352 0.991428 0.003680
3 3 0.000423 0.000109 0.004328 0.991484 0.003657
3 3 0.000436 0.000116 0.004548 0.991117 0.003783
3 3 0.000464 0.000129 0.004897 0.990515 0.003996
3 3 0.000487 0.000138 0.005138 0.990089 0.004149
3 3 0.000498 0.000143 0.005275 0.989847 0.004237
3 3 0.000489 0.000140 0.005217 0.989958 0.004196
3 3 0.000489 0.000140 0.005194 0.989973 0.004204
3 3 0.000488 0.000139 0.005148 0.990004 0.004221
3 3 0.000480 0.000134 0.004985 0.990228 0.004172
3 3 0.000450 0.000120 0.004584 0.990929 0.003918
3 3 0.000404 0.000101 0.004084 0.991891 0.003521
3 3 0.000375 0.000089 0.003762 0.992524 0.003250
3 3 0.000375 0.000089 0.003754 0.992556 0.003228
3 3 0.000397 0.000096 0.003948 0.992159 0.003401
3 3 0.000438 0.000110 0.004326 0.991410 0.003715
3 3 0.000453 0.000116 0.004478 0.991130 0.003823
3 3 0.000471 0.000120 0.004586 0.990914 0.003909
3 3 0.000457 0.000113 0.004386 0.991262 0.003782
3 3 0.000443 0.000109 0.004276 0.991443 0.003728
3 3 0.000432 0.000107 0.004213 0.991528 0.003720
3 3 0.000424 0.000105 0.004147 0.991621 0.003703
3 3 0.000407 0.000098 0.003935 0.992005 0.003554
3 3 0.000377 0.000087 0.003635 0.992615 0.003286
3 3 0.000360 0.000081 0.003464 0.992969 0.003126
3 3 0.000348 0.000077 0.003372 0.993164 0.003038
3 3 0.000338 0.000074 0.003252 0.993371 0.002965
3 3 0.000325 0.000070 0.003122 0.993598 0.002885
3 3 0.000321 0.000068 0.003057 0.993700 0.002854
3 3 0.000325 0.000069 0.003087 0.993632 0.002888
3 3 0.000325 0.000069 0.003078 0.993640 0.002888
3 3 0.000315 0.000066 0.003000 0.993802 0.002817
3 3 0.000301 0.000063 0.002893 0.994028 0.002716
3 3 0.000307 0.000065 0.002962 0.993898 0.002768
3 3 0.000335 0.000073 0.003200 0.993422 0.002971
3 3 0.000369 0.000084 0.003538 0.992771 0.003237
3 3 0.000379 0.000087 0.003637 0.992591 0.003307
3 3 0.000380 0.000087 0.003632 0.992582 0.003318
3 3 0.000361 0.000081 0.003430 0.992955 0.003174
3 3 0.000353 0.000077 0.003296 0.993168 0.003107
3 3 0.000343 0.000073 0.003166 0.993396 0.003022
3 3 0.000328 0.000068 0.003016 0.993690 0.002898
3 3 0.000324 0.000067 0.003001 0.993729 0.002879
3 3 0.000320 0.000068 0.003051 0.993666 0.002895
3 3 0.000348 0.000078 0.003343 0.993091 0.003140
3 3 0.000387 0.000091 0.003727 0.992335 0.003460
3 3 0.000411 0.000097 0.003881 0.992031 0.003580
3 3 0.000454 0.000108 0.004145 0.991484 0.003809
3 3 0.000474 0.000112 0.004254 0.991256 0.003904
3 3 0.000521 0.000125 0.004545 0.990596 0.004214
3 3 0.000510 0.000121 0.004425 0.990779 0.004164
3 3 0.000436 0.000100 0.003879 0.991890 0.003695
3 3 0.000378 0.000084 0.003481 0.992762 0.003295
3 3 0.000327 0.000071 0.003148 0.993527 0.002927
3 3 0.000334 0.000072 0.003184 0.993477 0.002933
3 3 0.000343 0.000071 0.003139 0.993546 0.002901
3 3 0.000401 0.000080 0.003342 0.993039 0.003138
3 3 0.000479 0.000092 0.003638 0.992353 0.003439
3 3 0.000599 0.000120 0.004338 0.990932 0.004011
3 3 0.000820 0.000196 0.006156 0.987534 0.005293
3 3 0.001119 0.000360 0.009649 0.981527 0.007346
3 3 0.001716 0.000793 0.017166 0.969052 0.011273
3 2 0.002803 0.001735 0.029723 0.948275 0.017464
3 2 0.005511 0.004316 0.054127 0.906353 0.029692
3 2 0.010348 0.008565 0.082551 0.854672 0.043864
3 2 0.021456 0.018432 0.128176 0.763880 0.068056
3 2 0.039363 0.037353 0.218238 0.610315 0.094731
2 2 0.052115 0.064247 0.465999 0.316893 0.100746
2 2 0.047447 0.074181 0.677898 0.122068 0.078406
2 2 0.039628 0.067011 0.740598 0.083072 0.069691
2 2 0.043437 0.071450 0.724576 0.085215 0.075321
2 2 0.055398 0.083186 0.657525 0.113732 0.090159
2 2 0.064162 0.088885 0.591896 0.153044 0.102013
2 2 0.073486 0.094200 0.532541 0.182820 0.116953
2 2 0.092034 0.114345 0.513841 0.145456 0.134324
2 2 0.121001 0.137203 0.449599 0.121033 0.171164
2 2 0.153429 0.154105 0.372789 0.109114 0.210562
4 4 0.204083 0.168958 0.261782 0.099639 0.265538
4 4 0.234181 0.173066 0.205594 0.092580 0.294579
4 4 0.227699 0.172730 0.215717 0.097213 0.286641
4 4 0.217412 0.171700 0.232887 0.103034 0.274966
4 4 0.204373 0.169558 0.257301 0.106982 0.261786
2 4 0.194470 0.167378 0.277725 0.108046 0.252381
2 4 0.146555 0.151668 0.385268 0.116269 0.200240
2 4 0.116644 0.135917 0.473774 0.104455 0.169210
2 4 0.089642 0.117194 0.568172 0.085162 0.139830
2 4 0.074639 0.104870 0.625070 0.073581 0.121840
2 4 0.064144 0.095314 0.666992 0.065079 0.108471
2 4 0.052276 0.083248 0.714831 0.057574 0.092071
2 4 0.048128 0.078372 0.728130 0.060024 0.085346
2 4 0.053085 0.083522 0.705008 0.066387 0.091997
2 4 0.066089 0.096555 0.653207 0.074371 0.109778
2 4 0.095114 0.121331 0.548244 0.089227 0.146084
2 4 0.127204 0.142144 0.439443 0.111488 0.179720
2 4 0.176772 0.163062 0.310836 0.118569 0.230761
2 2 0.179234 0.161867 0.291630 0.140211 0.227059
2 2 0.148610 0.145333 0.331989 0.179493 0.194575
2 2 0.109976 0.118483 0.403485 0.206130 0.161925
2 2 0.079791 0.096453 0.483914 0.213184 0.126657
2 2 0.054098 0.073085 0.553381 0.225103 0.094333
2 2 0.042927 0.060602 0.573076 0.242509 0.080886
2 2 0.046059 0.062208 0.540089 0.263818 0.087826
2 2 0.049570 0.063354 0.495275 0.296193 0.095609
2 2 0.051478 0.059866 0.407600 0.377911 0.103145
3 2 0.056395 0.056123 0.285835 0.485179 0.116469
3 2 0.048841 0.042908 0.193537 0.603085 0.111631
3 2 0.046522 0.041032 0.191071 0.613725 0.107651
3 2 0.049154 0.045646 0.221255 0.576874 0.107071
2 2 0.059419 0.068227 0.409143 0.351908 0.111303
2 2 0.053050 0.072883 0.569335 0.212084 0.092647
2 2 0.045591 0.069768 0.654290 0.152908 0.077443
2 2 0.040965 0.064216 0.665970 0.157515 0.071334
2 2 0.038949 0.060051 0.646114 0.184280 0.070606
2 2 0.039640 0.057275 0.587799 0.239021 0.076265
2 2 0.040149 0.052400 0.487266 0.336881 0.083304
3 2 0.038742 0.043902 0.347222 0.482155 0.087979
3 2 0.038471 0.039512 0.266976 0.564581 0.090459
3 2 0.036205 0.034737 0.213572 0.627789 0.087696
3 2 0.048454 0.050846 0.306468 0.491881 0.102351
2 2 0.053496 0.060902 0.391127 0.388391 0.106085
3 2 0.091674 0.083970 0.262919 0.407290 0.154147
3 2 0.065484 0.059276 0.231140 0.514890 0.129209
3 2 0.039009 0.034681 0.179907 0.651205 0.095198
3 2 0.047967 0.044104 0.211753 0.591292 0.104885
3 2 0.034795 0.032607 0.191728 0.657395 0.083475
3 2 0.035959 0.037508 0.262050 0.581780 0.082703
3 2 0.037996 0.044223 0.358945 0.475932 0.082904
2 2 0.043569 0.056524 0.487978 0.325523 0.086406
2 2 0.046871 0.065336 0.573356 0.227994 0.086444
2 2 0.048576 0.071125 0.623464 0.172391 0.084444
2 2 0.048046 0.071350 0.633256 0.165062 0.082286
2 2 0.048056 0.067648 0.583204 0.214852 0.086241
2 2 0.044218 0.054091 0.432188 0.378983 0.090521
3 2 0.033593 0.034083 0.239556 0.611344 0.081423
3 2 0.023885 0.021672 0.149056 0.738338 0.067049
3 2 0.018725 0.016743 0.128913 0.777290 0.058329
3 2 0.016561 0.014744 0.120296 0.794348 0.054050
3 2 0.014938 0.013163 0.112056 0.808634 0.051209
3 2 0.011599 0.010006 0.094619 0.839275 0.044501
3 2 0.008630 0.007272 0.077535 0.868954 0.037609
3 2 0.005972 0.004899 0.060542 0.898291 0.030296
3 2 0.005149 0.003608 0.047909 0.916824 0.026510
3 2 0.006156 0.003291 0.041601 0.921726 0.027226
3 0 0.008547 0.003766 0.042580 0.914024 0.031083
3 0 0.014082 0.007451 0.065652 0.866065 0.046749
3 0 0.015369 0.011116 0.089081 0.827983 0.056451
3 2 0.016122 0.013179 0.101473 0.808594 0.060632
3 2 0.010287 0.008363 0.079608 0.856835 0.044906
3 2 0.007509 0.006099 0.067226 0.883043 0.036123
3 2 0.005553 0.004546 0.057976 0.903046 0.028880
3 2 0.006565 0.005457 0.065293 0.890950 0.031735
3 2 0.007956 0.006695 0.074066 0.875672 0.035611
3 2 0.009580 0.008077 0.082036 0.859905 0.040403
3 2 0.010510 0.008759 0.084294 0.852567 0.043869
3 2 0.010649 0.008698 0.081763 0.853220 0.045671
3 2 0.010836 0.008747 0.080739 0.852611 0.047067
3 2 0.009571 0.007691 0.074992 0.864258 0.043488
3 2 0.009381 0.007535 0.074133 0.866034 0.042917
3 2 0.007984 0.006353 0.066863 0.879884 0.038915
3 2 0.009007 0.007092 0.069900 0.870980 0.043022
3 2 0.010621 0.007755 0.070682 0.863001 0.047941
3 2 0.015516 0.009221 0.073470 0.845758 0.056036
3 0 0.023012 0.012022 0.083025 0.815575 0.066366
3 0 0.031808 0.020824 0.119387 0.741284 0.086697
3 2 0.047777 0.040339 0.178781 0.615739 0.117365
3 2 0.074077 0.064639 0.222693 0.494370 0.144221
3 4 0.090695 0.084572 0.278502 0.390821 0.155409
3 4 0.069985 0.074336 0.357002 0.371834 0.126843
3 4 0.054600 0.058015 0.329489 0.448722 0.109174
3 4 0.039957 0.040424 0.255691 0.572970 0.090958
3 4 0.027504 0.025136 0.161404 0.713221 0.072736
3 2 0.017292 0.015317 0.121810 0.789487 0.056094
3 2 0.011089 0.009447 0.090296 0.845167 0.044001
3 2 0.008869 0.007311 0.075530 0.868639 0.039651
3 2 0.010817 0.008782 0.081522 0.852283 0.046596
3 2 0.023985 0.019383 0.121005 0.754964 0.080663
3 2 0.077371 0.060639 0.192718 0.495396 0.173877
4 2 0.191036 0.137145 0.199421 0.187560 0.284839
4 2 0.251207 0.174789 0.172935 0.098795 0.302274
4 4 0.245137 0.174958 0.180048 0.106406 0.293451
2 4 0.176289 0.163169 0.308543 0.123956 0.228043
2 4 0.099463 0.120983 0.501469 0.133432 0.144653
2 4 0.061052 0.086472 0.607600 0.147585 0.097291
2 4 0.052601 0.072590 0.571615 0.211662 0.091533
2 4 0.048484 0.060677 0.463113 0.334664 0.093061
3 2 0.044773 0.051397 0.368626 0.442862 0.092342
3 2 0.040948 0.043714 0.295754 0.529831 0.089753
3 2 0.042827 0.044022 0.272453 0.547109 0.093589
3 2 0.044004 0.043014 0.240942 0.575008 0.097031
3 2 0.049830 0.045869 0.217531 0.578254 0.108516
3 2 0.052255 0.045306 0.194261 0.589358 0.118820
3 2 0.050588 0.042995 0.185130 0.600999 0.120287
3 2 0.043808 0.037229 0.174462 0.634435 0.110065
3 2 0.043714 0.037801 0.179796 0.631784 0.106904
3 2 0.046919 0.041438 0.192185 0.611471 0.107988
3 2 0.047706 0.043961 0.214511 0.588145 0.105676
3 2 0.034456 0.032547 0.198273 0.650339 0.084385
3 2 0.025609 0.023281 0.154610 0.726507 0.069994
3 2 0.020540 0.018425 0.135721 0.763566 0.061748
3 2 0.018495 0.016409 0.126326 0.780213 0.058557
3 2 0.018696 0.016537 0.126305 0.779196 0.059267
3 2 0.018910 0.016581 0.125029 0.778938 0.060541
3 2 0.018378 0.015807 0.118999 0.785602 0.061214
3 2 0.015637 0.013129 0.104957 0.809312 0.056966
3 2 0.014537 0.012056 0.098851 0.819308 0.055249
3 2 0.016269 0.013339 0.103652 0.807284 0.059456
3 2 0.024229 0.020652 0.134045 0.746368 0.074706
3 2 0.037308 0.032888 0.173804 0.662191 0.093809
3 2 0.054125 0.052922 0.264025 0.517291 0.111638
3 2 0.059525 0.059692 0.294339 0.468017 0.118426
3 2 0.063287 0.061546 0.280926 0.467975 0.126265
3 2 0.057488 0.049800 0.201225 0.565467 0.126020
3 2 0.047720 0.039765 0.174544 0.618211 0.119760
3 0 0.037698 0.031021 0.154289 0.671649 0.105344
3 0 0.041012 0.034196 0.163932 0.652022 0.108838
3 0 0.062868 0.054851 0.210567 0.540392 0.131321
