0 0 0.965312 0.020217 0.002824 0.000488 0.011159
0 0 0.876265 0.038621 0.010929 0.004371 0.069814
0 0 0.843635 0.058151 0.020279 0.006998 0.070937
0 0 0.823680 0.066639 0.025456 0.008707 0.075519
0 0 0.793610 0.084167 0.034844 0.010313 0.077066
0 0 0.792702 0.090897 0.034521 0.008266 0.073614
0 0 0.761996 0.108930 0.046590 0.010567 0.071917
0 0 0.798680 0.097518 0.039267 0.008730 0.055806
0 0 0.781847 0.115059 0.043744 0.007325 0.052025
0 0 0.794294 0.113254 0.039691 0.005902 0.046858
0 0 0.794258 0.115799 0.039399 0.005433 0.045111
0 0 0.851645 0.088748 0.023879 0.002955 0.032773
0 0 0.798382 0.111638 0.036173 0.004982 0.048826
0 0 0.782754 0.116369 0.031214 0.003458 0.066206
0 0 0.671494 0.142462 0.047037 0.006354 0.132653
0 0 0.725888 0.131084 0.040386 0.005158 0.097484
0 0 0.670825 0.145346 0.050144 0.006944 0.126741
0 0 0.776827 0.114060 0.035304 0.004897 0.068913
0 0 0.743140 0.132288 0.049629 0.007438 0.067505
0 0 0.759327 0.134470 0.043914 0.005146 0.057143
0 0 0.662219 0.172401 0.059600 0.006385 0.099395
0 0 0.610412 0.156807 0.055598 0.007617 0.169567
0 0 0.521613 0.163452 0.062268 0.009099 0.243567
0 0 0.512945 0.130126 0.051947 0.010708 0.294273
0 0 0.589566 0.102329 0.042730 0.012527 0.252848
0 0 0.555204 0.082320 0.036338 0.014699 0.311439
0 0 0.622315 0.082490 0.039050 0.017245 0.238900
0 0 0.673025 0.071288 0.034489 0.018220 0.202978
0 0 0.810099 0.067364 0.030346 0.012933 0.079258
0 0 0.806357 0.063534 0.026163 0.010970 0.092976
0 0 0.839661 0.058193 0.021211 0.007823 0.073111
0 0 0.676741 0.064327 0.028503 0.015144 0.215285
0 0 0.686229 0.071779 0.031804 0.014803 0.195385
0 0 0.696974 0.072374 0.031303 0.013892 0.185457
0 0 0.740864 0.068435 0.024090 0.008446 0.158165
0 0 0.714016 0.071794 0.027870 0.010737 0.175583
0 0 0.733916 0.068275 0.023227 0.007870 0.166713
0 0 0.718798 0.067650 0.025489 0.010098 0.177965
0 0 0.711719 0.084993 0.037311 0.013682 0.152295
0 0 0.762586 0.091323 0.035827 0.009612 0.100653
0 0 0.790582 0.093967 0.032509 0.006684 0.076258
0 0 0.773722 0.099496 0.035394 0.007257 0.084131
0 0 0.718924 0.119961 0.049542 0.010411 0.101163
0 0 0.771146 0.103552 0.044639 0.010763 0.069901
0 0 0.704184 0.113114 0.057149 0.016961 0.108592
0 0 0.772139 0.095506 0.039868 0.010513 0.081974
0 0 0.830719 0.073461 0.027492 0.007763 0.060566
0 0 0.782980 0.065193 0.028751 0.013338 0.109738
0 0 0.759763 0.058225 0.024545 0.012839 0.144628
0 0 0.685631 0.062083 0.025697 0.012970 0.213619
0 0 0.769015 0.052962 0.020086 0.010151 0.147785
0 0 0.736559 0.055560 0.021353 0.010746 0.175781
0 0 0.794583 0.059258 0.019985 0.007317 0.118856
0 0 0.771378 0.076825 0.026534 0.007541 0.117722
0 0 0.830815 0.077199 0.025290 0.005669 0.061026
0 0 0.770622 0.089055 0.034745 0.009419 0.096160
0 0 0.792530 0.086875 0.027786 0.005802 0.087008
0 0 0.782915 0.077264 0.028662 0.008636 0.102522
0 0 0.823671 0.068206 0.024430 0.007492 0.076202
0 0 0.800343 0.068674 0.025338 0.008518 0.097127
0 0 0.848772 0.045711 0.013771 0.005303 0.086444
0 0 0.814316 0.050848 0.014900 0.005277 0.114659
0 0 0.850376 0.053042 0.015096 0.004463 0.077022
0 0 0.826128 0.061571 0.017457 0.004555 0.090289
0 0 0.846544 0.064917 0.021237 0.005751 0.061550
0 0 0.800265 0.069538 0.023441 0.006932 0.099823
0 0 0.816503 0.074702 0.027232 0.007680 0.073884
0 0 0.864006 0.062691 0.019720 0.004929 0.048654
0 0 0.852753 0.070413 0.022310 0.004992 0.049531
0 0 0.837256 0.073643 0.022537 0.004868 0.061696
0 0 0.779940 0.084341 0.028766 0.006991 0.099963
0 0 0.736946 0.089421 0.030726 0.007537 0.135371
0 0 0.775701 0.090650 0.027162 0.005139 0.101348
0 0 0.806604 0.083248 0.023507 0.004293 0.082348
0 0 0.886811 0.051382 0.015120 0.004113 0.042574
0 0 0.886705 0.042497 0.013421 0.005203 0.052174
0 0 0.921694 0.024564 0.007670 0.004852 0.041220
0 0 0.922872 0.017738 0.003131 0.001378 0.054880
0 0 0.941686 0.012926 0.001663 0.000612 0.043112
0 0 0.965495 0.007530 0.000639 0.000199 0.026136
0 0 0.975326 0.006555 0.000745 0.000349 0.017026
0 0 0.975364 0.013834 0.001696 0.000335 0.008771
0 0 0.960497 0.018900 0.002579 0.000532 0.017493
0 0 0.969210 0.015496 0.001979 0.000416 0.012900
0 0 0.940001 0.021005 0.004408 0.001781 0.032804
0 0 0.945879 0.022333 0.005387 0.002256 0.024145
0 0 0.960008 0.014209 0.003219 0.001877 0.020686
0 0 0.959381 0.016197 0.003450 0.001585 0.019387
0 0 0.969817 0.010467 0.002073 0.001278 0.016365
0 0 0.944911 0.019982 0.005281 0.002904 0.026922
0 0 0.917092 0.026467 0.008661 0.005447 0.042332
0 0 0.875299 0.036316 0.010855 0.005037 0.072493
0 0 0.720472 0.050200 0.013438 0.004758 0.211132
0 0 0.523358 0.069274 0.019446 0.005153 0.382768
0 0 0.483100 0.062751 0.012699 0.002345 0.439105
0 0 0.618544 0.057479 0.013454 0.003506 0.307017
0 0 0.692110 0.053453 0.014392 0.004855 0.235190
0 0 0.720365 0.050350 0.013582 0.004844 0.210858
0 0 0.832108 0.042086 0.009100 0.002603 0.114103
0 0 0.844080 0.050427 0.011239 0.002628 0.091626
0 0 0.836293 0.064407 0.014444 0.002553 0.082303
0 0 0.815935 0.079684 0.018217 0.002634 0.083530
0 0 0.847113 0.066139 0.016418 0.003072 0.067259
0 0 0.751997 0.052287 0.015718 0.006065 0.173933
0 0 0.727451 0.046986 0.010969 0.003463 0.211131
0 0 0.764867 0.040608 0.008282 0.002492 0.183750
0 0 0.618227 0.052196 0.009643 0.002022 0.317911
0 0 0.519487 0.051709 0.007219 0.001008 0.420577
4 0 0.463579 0.050387 0.006039 0.000677 0.479318
0 0 0.589949 0.046124 0.005888 0.000846 0.357193
0 0 0.624212 0.052442 0.010001 0.002180 0.311165
0 0 0.671440 0.049578 0.009924 0.002449 0.266608
0 0 0.717611 0.045629 0.009322 0.002551 0.224886
0 0 0.649522 0.051059 0.010027 0.002342 0.287050
0 0 0.646938 0.052536 0.010951 0.002689 0.286886
0 0 0.581323 0.053819 0.009538 0.001816 0.353503
4 0 0.459318 0.057283 0.009055 0.001291 0.473053
0 0 0.538326 0.058897 0.011533 0.002249 0.388996
0 0 0.612162 0.061026 0.013107 0.002847 0.310858
0 0 0.696011 0.076734 0.016373 0.002686 0.208195
4 0 0.185454 0.067503 0.014787 0.001720 0.730537
4 0 0.156712 0.066104 0.014659 0.001597 0.760928
4 1 0.109813 0.065195 0.016340 0.001703 0.806949
4 1 0.071823 0.063261 0.018457 0.001851 0.844607
4 1 0.063489 0.069332 0.026539 0.003228 0.837412
4 1 0.059655 0.090472 0.052427 0.008102 0.789343
4 2 0.031956 0.103047 0.088512 0.013252 0.763232
4 2 0.050486 0.231343 0.228023 0.011433 0.478715
4 2 0.055423 0.255715 0.282910 0.012613 0.393339
2 2 0.048744 0.223850 0.400310 0.020961 0.306134
2 2 0.041091 0.164003 0.545925 0.046935 0.202045
2 2 0.041766 0.167887 0.579726 0.043611 0.167010
2 2 0.029574 0.124168 0.671737 0.059794 0.114728
2 2 0.025791 0.098097 0.661393 0.099653 0.115066
2 2 0.019579 0.084217 0.718885 0.097143 0.080176
2 2 0.010719 0.054666 0.791538 0.108203 0.034875
2 2 0.011031 0.060277 0.817555 0.076901 0.034236
2 2 0.013301 0.065204 0.804280 0.079305 0.037910
2 2 0.007979 0.043936 0.847117 0.083424 0.017544
2 2 0.007645 0.041355 0.840352 0.093942 0.016706
2 2 0.006418 0.044502 0.881967 0.051794 0.015319
2 2 0.006787 0.044857 0.876372 0.056137 0.015847
2 2 0.007460 0.045981 0.854490 0.072615 0.019454
2 2 0.006309 0.034875 0.823492 0.120585 0.014739
2 2 0.005640 0.029469 0.806393 0.146900 0.011599
2 2 0.007899 0.032521 0.741589 0.201854 0.016137
2 2 0.008692 0.030049 0.677518 0.267464 0.016277
2 2 0.006785 0.018638 0.504483 0.458515 0.011579
3 2 0.005600 0.014858 0.446776 0.523312 0.009454
3 2 0.005418 0.013134 0.394187 0.578351 0.008910
3 3 0.005297 0.010957 0.317486 0.657940 0.008321
3 3 0.005307 0.007623 0.190828 0.788736 0.007505
3 3 0.005023 0.005856 0.136027 0.846405 0.006689
3 3 0.004257 0.005113 0.129442 0.855474 0.005715
3 3 0.004831 0.005994 0.146044 0.836583 0.006548
3 3 0.004940 0.006124 0.147695 0.834545 0.006695
3 3 0.003948 0.004813 0.126762 0.859155 0.005322
3 3 0.004609 0.005450 0.132317 0.851464 0.006160
3 3 0.004968 0.005789 0.135080 0.847549 0.006614
3 3 0.004894 0.005719 0.134522 0.848345 0.006520
3 3 0.004517 0.005567 0.135302 0.848166 0.006448
3 3 0.003387 0.004254 0.121428 0.866329 0.004602
3 3 0.003124 0.003986 0.118692 0.869935 0.004263
3 3 0.003571 0.004439 0.123250 0.863901 0.004839
3 3 0.003346 0.004213 0.121020 0.866870 0.004551
3 3 0.002977 0.003835 0.117088 0.872026 0.004074
3 3 0.003146 0.004009 0.118937 0.869615 0.004293
3 3 0.002591 0.003428 0.112551 0.877859 0.003571
3 3 0.002337 0.003155 0.109279 0.881990 0.003239
3 3 0.002250 0.003060 0.108104 0.883460 0.003126
3 3 0.002242 0.003051 0.107984 0.883609 0.003114
3 3 0.002085 0.002878 0.105763 0.886365 0.002908
3 3 0.002239 0.003048 0.107950 0.883652 0.003111
3 3 0.002440 0.003266 0.110636 0.880284 0.003374
3 3 0.002449 0.003277 0.110758 0.880129 0.003386
3 3 0.002159 0.002960 0.106829 0.885045 0.003006
3 3 0.001904 0.002674 0.103021 0.889732 0.002668
3 3 0.001736 0.002483 0.100307 0.893028 0.002445
3 3 0.001748 0.002496 0.100494 0.892803 0.002460
3 3 0.001582 0.002302 0.097620 0.896258 0.002238
3 3 0.001367 0.002047 0.093559 0.901077 0.001950
3 3 0.001539 0.002252 0.096843 0.897185 0.002181
3 3 0.002063 0.002853 0.105436 0.886768 0.002879
3 3 0.002291 0.003105 0.108665 0.882759 0.003179
3 3 0.002339 0.003157 0.109306 0.881956 0.003242
3 3 0.001944 0.002720 0.103643 0.888972 0.002721
3 3 0.001805 0.002562 0.101447 0.891649 0.002537
3 3 0.001621 0.002349 0.098324 0.895415 0.002291
3 3 0.001549 0.002264 0.097025 0.896969 0.002194
3 3 0.001767 0.002518 0.100818 0.892411 0.002486
3 3 0.001883 0.002650 0.102686 0.890141 0.002640
3 3 0.001726 0.002471 0.100138 0.893232 0.002432
3 3 0.001773 0.002524 0.100907 0.892303 0.002493
3 3 0.001433 0.002126 0.094854 0.899548 0.002039
3 3 0.001413 0.002102 0.094463 0.900011 0.002011
3 3 0.001232 0.001882 0.090741 0.904379 0.001766
3 3 0.001113 0.001734 0.088077 0.907471 0.001605
3 3 0.001073 0.001683 0.087138 0.908555 0.001550
3 3 0.001090 0.001704 0.087533 0.908100 0.001573
3 3 0.001222 0.001869 0.090526 0.904630 0.001753
3 3 0.001274 0.001933 0.091641 0.903328 0.001823
3 3 0.001253 0.001907 0.091190 0.903856 0.001795
3 3 0.001192 0.001832 0.089872 0.905391 0.001712
3 3 0.001350 0.002026 0.093208 0.901489 0.001926
3 3 0.001578 0.002299 0.097562 0.896327 0.002234
3 3 0.001886 0.002654 0.102734 0.890083 0.002644
3 3 0.002170 0.002972 0.106979 0.884859 0.003020
3 3 0.002691 0.003535 0.113776 0.876295 0.003702
3 3 0.003345 0.004212 0.121011 0.866882 0.004549
3 3 0.004074 0.004936 0.127874 0.857633 0.005482
3 3 0.004208 0.005065 0.129026 0.856049 0.005652
3 2 0.004283 0.005138 0.129662 0.855169 0.005748
3 2 0.005593 0.006366 0.139523 0.841120 0.007398
3 2 0.007264 0.007850 0.149686 0.825726 0.009474
3 2 0.006945 0.007572 0.147902 0.828502 0.009079
3 2 0.005997 0.006733 0.142189 0.837177 0.007903
3 2 0.012240 0.011218 0.166049 0.796244 0.014249
3 2 0.060575 0.032885 0.213039 0.643960 0.049541
3 2 0.159840 0.077961 0.256185 0.391643 0.114371
4 0 0.247846 0.133532 0.211943 0.146371 0.260308
0 0 0.370313 0.139238 0.148722 0.080288 0.261439
0 2 0.426855 0.136091 0.090451 0.032328 0.314275
0 2 0.547916 0.111124 0.053030 0.016712 0.271218
0 2 0.516015 0.106307 0.041177 0.010368 0.326134
4 2 0.298069 0.091520 0.038284 0.010165 0.561962
4 2 0.162228 0.093781 0.046536 0.010686 0.686770
4 2 0.131208 0.107174 0.085767 0.028154 0.647698
4 2 0.176709 0.163650 0.112580 0.022455 0.524607
4 0 0.274161 0.220906 0.136875 0.019845 0.348212
4 0 0.264417 0.226246 0.135620 0.018794 0.354923
4 0 0.314093 0.179983 0.109071 0.022157 0.374696
0 0 0.451234 0.200480 0.134560 0.028875 0.184851
0 0 0.562770 0.170424 0.097067 0.021260 0.148479
0 2 0.648134 0.138035 0.054525 0.009868 0.149439
0 2 0.661237 0.125706 0.043894 0.007660 0.161504
0 2 0.585017 0.119707 0.044175 0.009144 0.241958
0 2 0.535713 0.114927 0.043615 0.009815 0.295930
0 2 0.457196 0.113132 0.045623 0.010951 0.373098
0 2 0.512844 0.127697 0.056549 0.013627 0.289283
0 2 0.552354 0.140373 0.064953 0.014725 0.227595
2 2 0.025585 0.073239 0.686098 0.167999 0.047078
2 2 0.023469 0.067320 0.682987 0.181896 0.044328
2 2 0.015293 0.045295 0.664791 0.242803 0.031818
2 2 0.009375 0.031512 0.667046 0.273798 0.018270
2 2 0.015643 0.057659 0.691939 0.183610 0.051149
2 2 0.018734 0.065122 0.706142 0.156461 0.053541
2 2 0.024123 0.072516 0.651368 0.178754 0.073238
2 2 0.023184 0.060283 0.628328 0.233528 0.054677
2 2 0.071771 0.102789 0.520042 0.207096 0.098302
2 2 0.188114 0.122963 0.356004 0.204049 0.128869
0 2 0.569898 0.128173 0.112132 0.057474 0.132323
0 2 0.652892 0.113831 0.082814 0.038641 0.111822
0 2 0.779633 0.099032 0.044806 0.011870 0.064657
0 0 0.845293 0.082822 0.026367 0.004707 0.040811
0 0 0.889277 0.072543 0.014738 0.001379 0.022064
0 0 0.846669 0.098050 0.023997 0.002258 0.029026
0 0 0.837209 0.114010 0.023787 0.001432 0.023562
0 0 0.732103 0.159066 0.041355 0.003029 0.064448
0 1 0.482106 0.227314 0.079973 0.006713 0.203894
4 2 0.254252 0.206206 0.102884 0.012537 0.424121
4 2 0.161644 0.165912 0.096683 0.014545 0.561216
4 2 0.136769 0.160395 0.105766 0.017571 0.579500
4 2 0.086339 0.175054 0.184422 0.027110 0.527076
4 2 0.060121 0.154576 0.329378 0.063400 0.392524
2 2 0.041873 0.121048 0.568042 0.112469 0.156568
2 2 0.049326 0.138176 0.533757 0.095376 0.183364
2 2 0.032171 0.110993 0.594059 0.101255 0.161522
2 2 0.034881 0.118729 0.582249 0.094942 0.169199
2 2 0.059677 0.168926 0.532816 0.062668 0.175913
2 2 0.106030 0.192047 0.423368 0.069172 0.209382
2 2 0.088138 0.186422 0.492049 0.067867 0.165523
2 1 0.147229 0.242673 0.418587 0.048351 0.143160
2 1 0.139721 0.265366 0.490098 0.034238 0.070577
2 2 0.234405 0.312995 0.337695 0.023144 0.091760
1 2 0.238061 0.351927 0.276820 0.014335 0.118858
2 2 0.107108 0.215635 0.423136 0.053976 0.200146
2 2 0.042476 0.085364 0.540996 0.232991 0.098173
2 2 0.027622 0.057676 0.551961 0.302855 0.059887
2 2 0.018266 0.045373 0.593501 0.304691 0.038170
2 2 0.016048 0.043911 0.639365 0.269079 0.031596
2 2 0.009965 0.033175 0.687073 0.251775 0.018012
2 2 0.013045 0.038569 0.672334 0.253248 0.022804
2 2 0.007302 0.027081 0.687492 0.264523 0.013602
2 2 0.008211 0.026878 0.642278 0.307876 0.014756
2 2 0.009507 0.026922 0.590562 0.356621 0.016389
2 2 0.006418 0.018324 0.514584 0.449601 0.011073
3 2 0.006352 0.015099 0.414203 0.553955 0.010392
3 2 0.017153 0.030006 0.443233 0.483839 0.025770
2 1 0.033562 0.054749 0.518859 0.345719 0.047111
2 1 0.039259 0.070099 0.577334 0.262688 0.050620
2 2 0.021658 0.048454 0.613221 0.281684 0.034983
2 2 0.027575 0.070432 0.691589 0.172657 0.037746
2 2 0.036445 0.095471 0.677586 0.130488 0.060010
2 2 0.081385 0.178941 0.586414 0.059308 0.093952
2 2 0.022451 0.066383 0.671007 0.182736 0.057424
2 2 0.008898 0.031311 0.695772 0.247682 0.016337
2 2 0.006011 0.025239 0.716675 0.240476 0.011599
2 2 0.004828 0.021949 0.717589 0.246107 0.009526
2 2 0.005472 0.022847 0.696210 0.264933 0.010538
2 2 0.005733 0.022720 0.677007 0.283666 0.010875
0 2 0.389782 0.161255 0.222112 0.106839 0.120012
0 2 0.488721 0.163745 0.155905 0.058921 0.132708
0 2 0.494076 0.201894 0.132677 0.027003 0.144350
2 2 0.179900 0.163331 0.346004 0.118649 0.192117
2 2 0.166834 0.133639 0.403436 0.187081 0.109009
0 1 0.427627 0.161563 0.204400 0.085461 0.120949
0 2 0.614917 0.134675 0.093372 0.034032 0.123003
0 2 0.511142 0.127801 0.117112 0.065519 0.178426
0 2 0.479752 0.101111 0.095666 0.075408 0.248062
0 2 0.771268 0.063762 0.029837 0.015622 0.119510
0 2 0.875116 0.043764 0.011219 0.003395 0.066506
0 0 0.923012 0.041516 0.007138 0.001025 0.027308
0 0 0.911782 0.045310 0.007059 0.000870 0.034979
0 0 0.804529 0.075809 0.014005 0.001687 0.103970
0 0 0.524287 0.152411 0.042152 0.004449 0.276701
0 0 0.365041 0.300292 0.100906 0.005138 0.228623
4 0 0.193212 0.303412 0.122872 0.006045 0.374459
4 0 0.180959 0.293386 0.136495 0.008082 0.381078
4 1 0.086039 0.225223 0.149590 0.010740 0.528409
4 2 0.055911 0.218453 0.218479 0.014020 0.493137
4 2 0.037305 0.169117 0.360077 0.028150 0.405352
2 2 0.030465 0.124015 0.464199 0.072353 0.308968
2 2 0.032863 0.110001 0.478257 0.118379 0.260499
2 2 0.027790 0.092537 0.576983 0.151094 0.151595
2 2 0.019647 0.065236 0.620211 0.214117 0.080789
2 2 0.017007 0.058135 0.659420 0.208177 0.057261
2 2 0.015037 0.048280 0.648227 0.246462 0.041994
2 2 0.013855 0.039613 0.611214 0.303842 0.031476
2 2 0.014239 0.031386 0.502661 0.425369 0.026346
3 2 0.013070 0.025281 0.421145 0.517538 0.022966
3 2 0.014932 0.026219 0.387901 0.544033 0.026915
2 2 0.017592 0.036372 0.489279 0.421661 0.035096
2 2 0.017056 0.036203 0.499157 0.413586 0.033998
2 2 0.016956 0.044477 0.591289 0.307939 0.039338
2 2 0.012486 0.038248 0.642190 0.279936 0.027139
2 2 0.010801 0.037900 0.708135 0.221330 0.021833
2 2 0.009179 0.034639 0.735069 0.203909 0.017203
2 2 0.014696 0.047203 0.701604 0.205928 0.030568
2 2 0.009984 0.033277 0.688015 0.250672 0.018052
2 2 0.007350 0.026165 0.666759 0.286197 0.013529
2 2 0.005466 0.020889 0.647197 0.316191 0.010258
2 2 0.008066 0.025284 0.614631 0.337706 0.014312
2 2 0.015023 0.040826 0.652929 0.265583 0.025639
2 2 0.016443 0.052583 0.729173 0.170579 0.031222
2 2 0.012080 0.051417 0.809590 0.103425 0.023489
2 2 0.012987 0.055278 0.802574 0.101676 0.027486
2 2 0.016278 0.060890 0.789474 0.102835 0.030523
2 2 0.025674 0.089929 0.754168 0.082773 0.047455
2 2 0.036730 0.129157 0.695270 0.060273 0.078570
2 2 0.017155 0.054252 0.662244 0.219463 0.046885
2 2 0.013023 0.039506 0.638862 0.279598 0.029011
2 2 0.009545 0.024362 0.493901 0.452753 0.019440
2 2 0.009991 0.026867 0.512201 0.428187 0.022753
3 2 0.008919 0.021236 0.451823 0.500976 0.017046
2 2 0.009592 0.026850 0.523306 0.417831 0.022422
3 2 0.008397 0.020251 0.466208 0.490598 0.014546
3 2 0.006021 0.016481 0.478145 0.489094 0.010259
2 2 0.006183 0.017441 0.500134 0.465612 0.010629
2 2 0.006501 0.021613 0.603864 0.356297 0.011724
2 2 0.006040 0.023592 0.679259 0.279696 0.011413
4 2 0.025148 0.122166 0.214505 0.021006 0.617175
4 2 0.021271 0.111340 0.170708 0.015794 0.680887
4 2 0.019750 0.094728 0.116291 0.012618 0.756612
4 4 0.019484 0.095413 0.118515 0.012506 0.754082
4 4 0.025955 0.133416 0.138379 0.010042 0.692208
4 4 0.037083 0.187545 0.174455 0.009397 0.591520
4 4 0.041357 0.229699 0.203700 0.007902 0.517342
4 4 0.026572 0.170767 0.232100 0.011046 0.559516
4 4 0.033392 0.188059 0.179436 0.008462 0.590652
4 4 0.030096 0.136709 0.093167 0.006698 0.733330
4 4 0.029407 0.119969 0.084392 0.007757 0.758476
4 4 0.021140 0.075499 0.069247 0.011505 0.822608
4 4 0.015490 0.064296 0.050331 0.006743 0.863139
4 4 0.019044 0.064229 0.043655 0.005568 0.867503
4 4 0.013450 0.055801 0.034562 0.003551 0.892637
4 4 0.012060 0.056444 0.038573 0.004154 0.888769
4 4 0.012377 0.059776 0.045841 0.005532 0.876473
4 4 0.016413 0.067013 0.055745 0.008073 0.852757
4 4 0.018807 0.090544 0.062029 0.005510 0.823111
4 4 0.034651 0.213666 0.135074 0.004457 0.612152
4 4 0.023627 0.152007 0.106646 0.004558 0.713162
4 4 0.015998 0.100372 0.119564 0.008685 0.755381
4 4 0.013602 0.078906 0.081690 0.007349 0.818454
4 4 0.014302 0.062506 0.048290 0.006200 0.868702
4 4 0.014891 0.055816 0.032353 0.003255 0.893685
4 4 0.029195 0.063422 0.031745 0.003622 0.872016
4 4 0.032117 0.064693 0.031894 0.003724 0.867572
4 4 0.032843 0.072121 0.045119 0.006593 0.843324
4 4 0.033155 0.114234 0.074000 0.006970 0.771641
4 4 0.027853 0.088084 0.056946 0.006293 0.820824
4 4 0.018075 0.060761 0.037589 0.004316 0.879259
4 4 0.022969 0.082090 0.059002 0.007113 0.828827
4 4 0.025983 0.101835 0.077263 0.008638 0.786281
4 4 0.016487 0.069398 0.058718 0.008049 0.847349
4 4 0.015498 0.066576 0.053630 0.007201 0.857095
4 4 0.017010 0.074770 0.064418 0.008014 0.835789
4 4 0.022960 0.103582 0.075334 0.006819 0.791305
4 2 0.035185 0.149042 0.116160 0.008993 0.690620
4 2 0.039767 0.153992 0.103514 0.008314 0.694414
4 2 0.038247 0.134504 0.100542 0.010534 0.716172
4 2 0.027132 0.111499 0.079812 0.007704 0.773854
4 2 0.039036 0.150791 0.095192 0.007116 0.707864
4 4 0.050044 0.216836 0.104044 0.004212 0.624864
4 4 0.071858 0.312608 0.126944 0.003340 0.485250
4 4 0.059351 0.278554 0.132996 0.004415 0.524684
4 4 0.050858 0.228008 0.121472 0.005371 0.594291
4 4 0.024714 0.111544 0.075053 0.006258 0.782431
4 4 0.017341 0.068494 0.057899 0.008692 0.847574
4 4 0.020141 0.072637 0.064167 0.010633 0.832422
4 4 0.027363 0.077688 0.066014 0.011899 0.817036
4 2 0.026889 0.079023 0.071093 0.013422 0.809574
4 2 0.021318 0.074249 0.066708 0.011480 0.826245
4 2 0.022249 0.080976 0.080092 0.012770 0.803913
4 2 0.033577 0.140833 0.124189 0.010627 0.690774
4 2 0.048352 0.240550 0.182686 0.007479 0.520933
4 2 0.044777 0.251498 0.235108 0.008225 0.460393
4 2 0.033628 0.227163 0.344827 0.011269 0.383113
2 2 0.038296 0.219516 0.364023 0.015225 0.362939
2 2 0.045196 0.196368 0.403169 0.027205 0.328062
2 2 0.036786 0.128585 0.453066 0.079260 0.302303
2 2 0.008286 0.023388 0.560892 0.393171 0.014263
3 2 0.008788 0.020449 0.465944 0.490514 0.014305
3 2 0.010218 0.017045 0.322559 0.634218 0.015960
3 2 0.009766 0.016618 0.332181 0.626907 0.014528
3 2 0.009657 0.017795 0.352886 0.603716 0.015946
3 2 0.010478 0.023000 0.444620 0.502802 0.019101
3 2 0.012738 0.027670 0.463965 0.470938 0.024689
2 2 0.018745 0.041149 0.523324 0.377052 0.039731
2 2 0.019418 0.057628 0.618472 0.243778 0.060704
2 2 0.014711 0.065054 0.749433 0.119521 0.051281
2 2 0.013052 0.065682 0.781026 0.093393 0.046847
2 2 0.013326 0.062956 0.793967 0.091459 0.038293
2 2 0.013454 0.056988 0.776619 0.118468 0.034472
2 2 0.013730 0.056089 0.757027 0.136112 0.037041
2 2 0.009643 0.043069 0.765476 0.156620 0.025193
2 2 0.008484 0.032772 0.717256 0.223969 0.017520
2 2 0.007980 0.025126 0.614990 0.337727 0.014177
3 2 0.007011 0.015746 0.404176 0.561780 0.011288
3 2 0.007026 0.010582 0.237756 0.734556 0.010080
3 2 0.006112 0.006835 0.142917 0.836089 0.008046
3 2 0.005241 0.006043 0.137074 0.844684 0.006958
3 2 0.003816 0.004683 0.125566 0.860781 0.005154
3 2 0.004571 0.005299 0.130482 0.853718 0.005930
3 2 0.004117 0.004949 0.127843 0.857599 0.005492
3 2 0.005199 0.005983 0.136510 0.845437 0.006870
3 2 0.004712 0.005548 0.133128 0.850321 0.006291
3 3 0.003422 0.004290 0.121787 0.865853 0.004648
3 3 0.003789 0.004656 0.125313 0.861124 0.005119
3 3 0.003857 0.004661 0.125019 0.861355 0.005108
3 3 0.003917 0.004614 0.124013 0.862435 0.005021
3 3 0.004672 0.004891 0.124454 0.860708 0.005275
3 3 0.003934 0.004363 0.120177 0.866890 0.004637
3 3 0.005010 0.005143 0.126480 0.857779 0.005588
3 3 0.006346 0.005943 0.131709 0.849447 0.006556
3 3 0.005509 0.005309 0.126732 0.856708 0.005741
3 3 0.003709 0.003974 0.115237 0.872970 0.004111
3 3 0.004443 0.004204 0.115427 0.871625 0.004301
3 3 0.003932 0.003688 0.109511 0.879208 0.003661
3 3 0.004933 0.004038 0.110968 0.876075 0.003985
3 3 0.003434 0.003060 0.100879 0.889739 0.002887
3 3 0.003536 0.003010 0.099474 0.891173 0.002806
3 3 0.001981 0.002058 0.088298 0.905829 0.001833
3 3 0.002286 0.002317 0.092217 0.901073 0.002107
3 3 0.001240 0.001620 0.083243 0.912468 0.001429
3 3 0.001353 0.001753 0.085845 0.909477 0.001572
3 3 0.001356 0.001746 0.085615 0.909720 0.001562
3 3 0.003965 0.003515 0.106464 0.882640 0.003415
3 3 0.011914 0.007366 0.133477 0.839352 0.007890
3 3 0.015903 0.009093 0.142462 0.822471 0.010071
3 3 0.013701 0.008721 0.142814 0.825001 0.009762
3 3 0.017125 0.011208 0.157142 0.801162 0.013363
3 3 0.009822 0.008381 0.147631 0.824346 0.009820
3 3 0.015989 0.012227 0.166254 0.790213 0.015317
3 3 0.008733 0.008998 0.156218 0.814949 0.011102
3 3 0.005504 0.006285 0.138916 0.842009 0.007287
3 3 0.006802 0.007447 0.147083 0.829766 0.008902
3 3 0.005631 0.006401 0.139784 0.840737 0.007447
3 3 0.005498 0.006279 0.138876 0.842067 0.007280
3 3 0.006292 0.006996 0.144039 0.834403 0.008270
3 3 0.005459 0.006243 0.138603 0.842465 0.007230
3 3 0.001584 0.002305 0.097662 0.896208 0.002241
3 3 0.001300 0.001965 0.092177 0.902701 0.001858
3 3 0.001168 0.001802 0.089322 0.906029 0.001679
3 3 0.001276 0.001936 0.091682 0.903280 0.001826
3 3 0.001484 0.002187 0.095832 0.898388 0.002108
3 3 0.001931 0.002705 0.103442 0.889218 0.002704
3 3 0.002246 0.003056 0.108044 0.883534 0.003120
3 3 0.002377 0.003198 0.109809 0.881324 0.003291
3 3 0.002160 0.002961 0.106834 0.885039 0.003006
3 3 0.002274 0.003087 0.108433 0.883049 0.003157
3 3 0.001891 0.002597 0.101447 0.891502 0.002563
3 3 0.001405 0.002038 0.092908 0.901721 0.001928
3 3 0.000990 0.001575 0.085018 0.910984 0.001433
3 3 0.000877 0.001429 0.082080 0.914333 0.001280
3 3 0.000797 0.001323 0.079775 0.916937 0.001169
3 3 0.000987 0.001573 0.085004 0.911005 0.001432
3 3 0.000893 0.001451 0.082523 0.913832 0.001302
3 3 0.000833 0.001371 0.080832 0.915746 0.001219
3 3 0.000846 0.001388 0.081200 0.915329 0.001237
3 3 0.000897 0.001455 0.082624 0.913716 0.001307
3 3 0.001073 0.001683 0.087139 0.908554 0.001550
3 3 0.001276 0.001936 0.091684 0.903277 0.001826
3 3 0.001297 0.001962 0.092123 0.902764 0.001855
3 3 0.001342 0.002016 0.093044 0.901682 0.001915
3 3 0.001528 0.002239 0.096641 0.897426 0.002166
3 3 0.001774 0.002526 0.100931 0.892274 0.002495
3 3 0.001755 0.002504 0.100612 0.892660 0.002469
3 3 0.001567 0.002285 0.097357 0.896572 0.002219
3 3 0.001694 0.002434 0.099594 0.893889 0.002389
3 3 0.001501 0.002208 0.096150 0.898011 0.002130
3 3 0.002925 0.003780 0.116504 0.872784 0.004006
3 3 0.014644 0.012337 0.169637 0.787577 0.015805
3 3 0.024608 0.018547 0.193227 0.737496 0.026121
3 2 0.041683 0.033097 0.239558 0.626762 0.058900
3 2 0.071342 0.043628 0.243010 0.561403 0.080617
3 2 0.106329 0.053750 0.240690 0.495760 0.103471
3 2 0.107167 0.042423 0.214401 0.568655 0.067355
3 2 0.106098 0.038569 0.203448 0.595178 0.056707
3 2 0.013329 0.013128 0.184166 0.772595 0.016783
3 2 0.019706 0.026249 0.301049 0.618130 0.034866
3 2 0.012349 0.024859 0.430385 0.510391 0.022016
2 2 0.014534 0.038545 0.564308 0.347752 0.034861
2 2 0.013573 0.046287 0.693884 0.213537 0.032719
2 2 0.017841 0.058894 0.690167 0.185051 0.048047
2 2 0.009818 0.036991 0.707486 0.223162 0.022543
2 2 0.009613 0.036669 0.708437 0.222930 0.022351
2 2 0.009522 0.039365 0.732351 0.194554 0.024209
2 2 0.008508 0.038818 0.759163 0.171162 0.022349
2 2 0.007918 0.030599 0.676300 0.266139 0.019045
2 2 0.007425 0.022934 0.568628 0.386495 0.014517
3 2 0.006547 0.015036 0.402582 0.565228 0.010607
3 2 0.007368 0.015117 0.368832 0.597090 0.011593
3 2 0.010117 0.015237 0.283071 0.676595 0.014981
3 2 0.012222 0.015152 0.242087 0.713932 0.016607
3 2 0.008982 0.011157 0.206190 0.761470 0.012200
3 2 0.008517 0.013050 0.269322 0.696824 0.012287
3 2 0.010549 0.018394 0.346995 0.607366 0.016696
3 2 0.010022 0.019704 0.388945 0.564390 0.016938
3 2 0.016606 0.029650 0.416217 0.507738 0.029788
2 2 0.018754 0.037565 0.461953 0.440158 0.041571
2 2 0.009631 0.027478 0.574202 0.370053 0.018636
2 2 0.006897 0.019275 0.517506 0.444494 0.011828
3 2 0.006348 0.016924 0.474459 0.491533 0.010736
3 2 0.005125 0.014704 0.471009 0.500315 0.008847
3 2 0.004699 0.011832 0.386587 0.589073 0.007809
3 2 0.004706 0.012804 0.425796 0.548696 0.007998
2 2 0.005658 0.017214 0.524139 0.443051 0.009938
2 2 0.005159 0.018894 0.610889 0.355498 0.009560
2 2 0.006473 0.021623 0.605714 0.354501 0.011689
2 2 0.006595 0.021016 0.582687 0.377956 0.011748
2 2 0.010733 0.030075 0.560636 0.375215 0.023341
2 2 0.010869 0.031893 0.587990 0.345240 0.024009
2 2 0.013211 0.032238 0.515353 0.410243 0.028955
3 2 0.009009 0.018580 0.408113 0.550135 0.014164
3 2 0.006674 0.014801 0.388859 0.578962 0.010704
2 2 0.006674 0.018178 0.496419 0.467370 0.011360
2 2 0.006687 0.017777 0.483475 0.480759 0.011302
2 2 0.006903 0.020821 0.560835 0.399338 0.012104
2 2 0.009354 0.022632 0.497877 0.454607 0.015530
2 2 0.010279 0.026357 0.539234 0.405913 0.018217
2 2 0.009176 0.024660 0.541942 0.407687 0.016536
2 2 0.008614 0.022413 0.502495 0.450416 0.016062
3 2 0.007735 0.020045 0.473111 0.484283 0.014825
3 2 0.006683 0.016857 0.442059 0.522486 0.011915
3 2 0.006458 0.014757 0.397535 0.570804 0.010446
3 2 0.005263 0.013375 0.412328 0.560260 0.008774
3 2 0.005122 0.013976 0.443897 0.528290 0.008715
3 2 0.005731 0.015391 0.457815 0.511353 0.009710
2 2 0.006096 0.017059 0.492774 0.473615 0.010455
2 2 0.008422 0.024019 0.531344 0.418618 0.017597
2 2 0.010195 0.027538 0.505739 0.431731 0.024797
2 2 0.015048 0.035960 0.484765 0.423445 0.040783
3 2 0.014654 0.027935 0.383367 0.539899 0.034145
3 2 0.015048 0.024797 0.326824 0.600602 0.032728
3 2 0.009029 0.010663 0.181048 0.785655 0.013604
3 2 0.008269 0.009072 0.159571 0.811588 0.011500
3 2 0.006098 0.006823 0.142833 0.836216 0.008029
3 2 0.005596 0.006369 0.139544 0.841089 0.007402
3 2 0.005348 0.006142 0.137835 0.843583 0.007092
3 2 0.005396 0.006185 0.138165 0.843103 0.007151
3 2 0.004835 0.005663 0.134073 0.848983 0.006446
3 2 0.004471 0.005319 0.131213 0.853011 0.005986
3 2 0.004364 0.005216 0.130338 0.854230 0.005851
3 2 0.005622 0.006392 0.139718 0.840834 0.007434
3 2 0.007428 0.007991 0.150570 0.824336 0.009675
3 2 0.008882 0.009220 0.157807 0.812635 0.011457
3 2 0.010483 0.010033 0.160631 0.806333 0.012520
3 2 0.011198 0.010512 0.162856 0.802222 0.013212
3 2 0.011003 0.010267 0.161322 0.804588 0.012820
3 2 0.011269 0.014061 0.234146 0.725187 0.015337
3 2 0.015170 0.019653 0.287036 0.657253 0.020889
3 2 0.012314 0.023796 0.417111 0.526004 0.020776
2 2 0.011088 0.032796 0.593483 0.337763 0.024869
2 2 0.012994 0.053524 0.704202 0.181941 0.047338
2 2 0.012755 0.067268 0.752606 0.106568 0.060804
2 2 0.012290 0.075706 0.771493 0.073001 0.067511
2 2 0.015194 0.103491 0.707477 0.047600 0.126237
2 4 0.023048 0.136470 0.518918 0.036549 0.285016
2 4 0.025061 0.142465 0.418311 0.029911 0.384252
2 4 0.024971 0.137310 0.406700 0.034210 0.396810
4 1 0.031839 0.197992 0.206888 0.008384 0.554896
4 1 0.028166 0.203776 0.255524 0.008604 0.503930
4 2 0.020728 0.148608 0.262676 0.013086 0.554902
4 4 0.022788 0.182988 0.370096 0.012811 0.411317
2 4 0.023742 0.186382 0.446895 0.015080 0.327900
2 4 0.018497 0.149781 0.644861 0.021190 0.165671
2 4 0.019746 0.120619 0.678599 0.037978 0.143058
2 2 0.014243 0.086571 0.773384 0.054312 0.071489
2 2 0.013136 0.063819 0.783382 0.096465 0.043197
2 2 0.012013 0.065035 0.783512 0.091018 0.048422
2 2 0.010568 0.045396 0.768242 0.149786 0.026008
2 2 0.014341 0.046520 0.672243 0.231720 0.035176
2 2 0.012023 0.033535 0.623816 0.309588 0.021037
2 2 0.008929 0.024311 0.555839 0.395707 0.015214
2 2 0.011189 0.028237 0.558604 0.383304 0.018665
2 2 0.009489 0.028794 0.628637 0.316389 0.016690
2 2 0.012507 0.052135 0.740020 0.157842 0.037496
2 2 0.027188 0.092951 0.663046 0.115578 0.101238
2 2 0.042350 0.155317 0.563596 0.051238 0.187499
2 2 0.031257 0.116479 0.664368 0.072165 0.115732
2 2 0.032137 0.123302 0.674703 0.064826 0.105032
2 1 0.041592 0.153211 0.720983 0.035550 0.048663
2 2 0.067802 0.224978 0.646455 0.021218 0.039548
2 2 0.087250 0.292658 0.557860 0.014397 0.047835
2 2 0.041877 0.215452 0.690513 0.013484 0.038673
2 2 0.010540 0.057339 0.843686 0.063213 0.025223
2 2 0.008119 0.053646 0.862834 0.052649 0.022753
2 2 0.009357 0.068133 0.851967 0.037071 0.033473
2 2 0.009794 0.077164 0.842294 0.029526 0.041222
2 2 0.009653 0.073902 0.844641 0.032754 0.039050
2 2 0.008385 0.069500 0.859977 0.028990 0.033149
2 2 0.007952 0.068893 0.865649 0.026155 0.031351
2 2 0.007506 0.067628 0.869815 0.024927 0.030124
2 2 0.008314 0.071975 0.858393 0.026292 0.035026
2 2 0.010250 0.071897 0.846582 0.035738 0.035533
2 2 0.012129 0.081994 0.817833 0.037939 0.050105
2 2 0.010113 0.069045 0.841452 0.042937 0.036452
2 2 0.009117 0.063843 0.836312 0.053352 0.037376
2 2 0.008856 0.061407 0.834863 0.058440 0.036434
2 2 0.010182 0.069558 0.815190 0.057104 0.047966
2 2 0.012649 0.084069 0.797078 0.044955 0.061249
2 2 0.010139 0.064185 0.821562 0.064185 0.039930
2 2 0.009386 0.056809 0.827827 0.073950 0.032028
2 2 0.011251 0.062912 0.799782 0.083644 0.042411
2 2 0.009354 0.049928 0.806191 0.105766 0.028761
2 2 0.008134 0.036380 0.737499 0.195883 0.022103
2 2 0.006867 0.029427 0.727950 0.220744 0.015013
2 2 0.006833 0.025845 0.670762 0.282768 0.013792
2 2 0.006259 0.025383 0.706046 0.250354 0.011958
2 2 0.005424 0.020614 0.642465 0.321334 0.010163
2 2 0.004201 0.016319 0.601137 0.370430 0.007913
2 2 0.005312 0.017373 0.551970 0.415818 0.009527
2 2 0.004981 0.018790 0.620456 0.346464 0.009309
2 2 0.004561 0.017645 0.616325 0.352884 0.008584
2 2 0.006114 0.020428 0.593909 0.368510 0.011039
2 2 0.008316 0.026480 0.609041 0.339774 0.016390
2 2 0.008083 0.028423 0.654169 0.292596 0.016729
2 2 0.007830 0.032243 0.688108 0.250669 0.021150
2 2 0.007481 0.026447 0.628547 0.320947 0.016577
2 2 0.008053 0.025783 0.569139 0.378029 0.018996
3 2 0.007315 0.016869 0.425584 0.538362 0.011869
2 2 0.010272 0.023044 0.476946 0.473182 0.016555
3 2 0.009932 0.017153 0.341418 0.616659 0.014839
3 2 0.008502 0.012206 0.245847 0.721407 0.012038
3 2 0.005402 0.006922 0.163077 0.817206 0.007393
3 2 0.006706 0.007363 0.146528 0.830618 0.008784
3 2 0.006685 0.007644 0.150757 0.825527 0.009387
3 2 0.007296 0.008999 0.165075 0.806638 0.011992
3 3 0.006247 0.007899 0.157789 0.817822 0.010243
3 3 0.005902 0.007773 0.158793 0.817316 0.010215
3 3 0.005984 0.007562 0.154966 0.821808 0.009679
3 3 0.007801 0.010121 0.177619 0.790454 0.014004
3 3 0.007441 0.008922 0.163033 0.808894 0.011710
3 3 0.006924 0.008123 0.155838 0.818846 0.010270
3 3 0.005511 0.006292 0.138968 0.841933 0.007297
3 3 0.004035 0.004897 0.127530 0.858106 0.005432
3 3 0.005050 0.005866 0.135691 0.846675 0.006718
3 3 0.003376 0.004243 0.121320 0.866472 0.004589
3 3 0.002906 0.003761 0.116291 0.873060 0.003982
3 3 0.002610 0.003449 0.112793 0.877550 0.003597
3 3 0.003582 0.004451 0.123361 0.863751 0.004854
3 3 0.009557 0.009522 0.158637 0.810455 0.011830
3 3 0.014406 0.012866 0.173564 0.782369 0.016795
3 3 0.021727 0.018671 0.206629 0.728224 0.024750
3 2 0.032561 0.025699 0.236209 0.671373 0.034159
3 2 0.024370 0.030818 0.355327 0.557053 0.032432
3 2 0.028268 0.038664 0.418990 0.476006 0.038072
2 2 0.045493 0.069319 0.526185 0.309554 0.049449
2 2 0.014206 0.029230 0.493251 0.440958 0.022355
2 2 0.008345 0.025909 0.616078 0.334901 0.014768
2 2 0.007537 0.025549 0.644800 0.308436 0.013678
2 2 0.005902 0.024271 0.702472 0.256036 0.011319
2 2 0.006309 0.028668 0.763117 0.189443 0.012463
2 2 0.005920 0.032123 0.825762 0.123880 0.012315
2 2 0.007842 0.039653 0.829177 0.107325 0.016003
2 2 0.005069 0.033522 0.869874 0.080367 0.011168
2 2 0.007457 0.042017 0.842924 0.090167 0.017434
2 2 0.008213 0.043307 0.838591 0.092139 0.017750
2 2 0.010762 0.054029 0.820052 0.088025 0.027132
2 2 0.013780 0.055208 0.780394 0.120200 0.030418
2 2 0.012862 0.049001 0.766715 0.145029 0.026393
2 1 0.012518 0.050757 0.788890 0.122247 0.025588
2 2 0.012579 0.051768 0.751538 0.149942 0.034173
2 2 0.010160 0.041375 0.751837 0.173356 0.023273
2 2 0.018380 0.072191 0.727396 0.121775 0.060259
2 2 0.018886 0.072450 0.743519 0.111798 0.053348
2 2 0.014547 0.067279 0.779500 0.093447 0.045228
2 2 0.008101 0.044068 0.819521 0.106352 0.021958
2 2 0.006864 0.039085 0.833248 0.103753 0.017050
2 2 0.005135 0.035754 0.881626 0.065996 0.011488
2 2 0.006423 0.044620 0.887056 0.047521 0.014379
2 2 0.006431 0.043456 0.883292 0.052543 0.014279
2 2 0.009434 0.047356 0.838884 0.085096 0.019230
2 0 0.029954 0.103064 0.758597 0.065782 0.042602
2 1 0.061448 0.146685 0.662194 0.070991 0.058681
2 2 0.082012 0.161945 0.590730 0.083938 0.081375
2 2 0.238129 0.168844 0.366283 0.115126 0.111617
0 2 0.402715 0.141867 0.212933 0.120232 0.122253
0 2 0.461778 0.141110 0.179041 0.100564 0.117506
0 2 0.502099 0.181350 0.152098 0.042688 0.121765
2 2 0.012612 0.033790 0.606634 0.324682 0.022281
2 2 0.010091 0.038777 0.743773 0.186858 0.020500
2 2 0.008725 0.044636 0.820165 0.105493 0.020981
2 2 0.007142 0.041775 0.849958 0.084288 0.016836
2 2 0.008321 0.045770 0.847040 0.080267 0.018602
2 2 0.005171 0.030848 0.843201 0.109727 0.011053
2 2 0.007129 0.036055 0.820849 0.121427 0.014540
2 2 0.011534 0.047490 0.780187 0.135949 0.024840
2 2 0.016403 0.055696 0.739186 0.154506 0.034208
2 2 0.021621 0.052716 0.634946 0.251044 0.039673
2 2 0.039006 0.095442 0.618197 0.153964 0.093391
2 2 0.084821 0.125775 0.517082 0.166424 0.105897
0 2 0.275318 0.162817 0.239131 0.105989 0.216745
0 2 0.442827 0.186810 0.144285 0.039909 0.186168
0 2 0.430004 0.221150 0.136009 0.022867 0.189971
0 2 0.380167 0.214292 0.148261 0.029462 0.227818
0 2 0.369359 0.209238 0.126263 0.022124 0.273016
4 2 0.154047 0.203606 0.208843 0.036550 0.396955
4 2 0.056557 0.127409 0.275749 0.075897 0.464388
2 1 0.043288 0.133670 0.397318 0.071336 0.354387
2 2 0.047050 0.149669 0.428285 0.059787 0.315210
2 2 0.039019 0.135109 0.564840 0.071973 0.189059
2 2 0.018670 0.074554 0.692905 0.136250 0.077620
2 2 0.012279 0.045893 0.720458 0.190799 0.030571
2 2 0.011322 0.045074 0.734246 0.180152 0.029207
2 2 0.010571 0.047264 0.753093 0.157341 0.031731
2 2 0.012687 0.063130 0.769180 0.106884 0.048119
2 2 0.020422 0.114705 0.681714 0.047223 0.135936
2 2 0.021348 0.146648 0.555347 0.027036 0.249621
2 2 0.019646 0.162264 0.482843 0.017802 0.317445
2 4 0.016803 0.163832 0.426813 0.013035 0.379517
4 4 0.018172 0.181600 0.337420 0.008913 0.453896
4 4 0.019315 0.189327 0.313176 0.008021 0.470161
4 4 0.020210 0.194018 0.230011 0.005593 0.550169
4 4 0.017894 0.164416 0.207126 0.006316 0.604249
4 4 0.015864 0.134914 0.151829 0.005835 0.691558
4 4 0.010289 0.082717 0.095017 0.005627 0.806349
4 4 0.010097 0.070786 0.067783 0.004948 0.846385
4 4 0.008271 0.050527 0.034579 0.003233 0.903390
4 4 0.009263 0.049804 0.030613 0.002713 0.907606
4 4 0.013547 0.051850 0.027145 0.002406 0.905051
4 4 0.013239 0.049361 0.023558 0.001906 0.911936
4 4 0.016712 0.043458 0.013621 0.000829 0.925379
4 4 0.022818 0.045337 0.012783 0.000797 0.918265
4 4 0.029535 0.048201 0.013192 0.000884 0.908189
4 4 0.060763 0.059401 0.016587 0.001496 0.861752
4 4 0.078224 0.065280 0.019483 0.002063 0.834950
4 1 0.085715 0.062978 0.016560 0.001626 0.833121
4 1 0.064006 0.064896 0.021344 0.002274 0.847480
4 4 0.100791 0.124374 0.046116 0.003906 0.724813
4 4 0.098596 0.269136 0.133160 0.006686 0.492423
4 4 0.101303 0.343210 0.164622 0.005832 0.385034
4 4 0.058110 0.264261 0.174168 0.006970 0.496491
4 4 0.029342 0.183535 0.166070 0.006886 0.614167
4 1 0.023327 0.160786 0.199442 0.008967 0.607477
4 1 0.022223 0.137552 0.164926 0.009628 0.665670
4 4 0.021408 0.141657 0.213727 0.011916 0.611292
4 4 0.022957 0.150240 0.175084 0.008767 0.642952
4 4 0.024935 0.167315 0.201926 0.009005 0.596819
4 4 0.025486 0.141074 0.123360 0.007346 0.702734
4 4 0.019343 0.065418 0.045948 0.006075 0.863216
4 4 0.029903 0.078433 0.063962 0.011468 0.816233
4 4 0.037829 0.102659 0.089388 0.014192 0.755932
4 4 0.038192 0.115791 0.120787 0.018613 0.706617
4 4 0.027479 0.109634 0.120674 0.014380 0.727832
4 4 0.038968 0.189241 0.170967 0.009541 0.591284
4 4 0.052017 0.311493 0.208342 0.004892 0.423256
1 4 0.051374 0.362430 0.251563 0.003897 0.330735
4 4 0.043119 0.321812 0.286428 0.005022 0.343618
2 4 0.030811 0.263829 0.381638 0.007409 0.316313
2 2 0.027200 0.245314 0.402115 0.008039 0.317332
4 2 0.030486 0.258806 0.315278 0.006472 0.388958
4 2 0.039387 0.277237 0.245982 0.005710 0.431684
4 2 0.043361 0.253846 0.160032 0.004797 0.537965
4 2 0.034493 0.161238 0.107449 0.006515 0.690305
4 2 0.016611 0.071717 0.064306 0.008550 0.838815
4 2 0.014178 0.059254 0.040638 0.004668 0.881261
4 2 0.018939 0.058820 0.032786 0.003490 0.885964
4 4 0.028153 0.061318 0.029111 0.003123 0.878294
4 4 0.027815 0.060317 0.027814 0.002894 0.881160
4 4 0.024114 0.053314 0.020515 0.001720 0.900336
4 4 0.019714 0.056831 0.028582 0.002817 0.892055
4 4 0.014578 0.051696 0.025640 0.002226 0.905859
4 4 0.012140 0.058285 0.042694 0.004907 0.881974
4 4 0.013209 0.056141 0.035677 0.003725 0.891248
4 4 0.008205 0.048662 0.030789 0.002676 0.909668
4 4 0.007354 0.043493 0.023148 0.001656 0.924349
4 4 0.009966 0.054647 0.039409 0.004144 0.891835
4 4 0.010172 0.055114 0.039975 0.004258 0.890481
4 4 0.015648 0.069877 0.061397 0.007877 0.845202
4 4 0.019265 0.112621 0.096651 0.006283 0.765181
4 4 0.022607 0.171997 0.140812 0.004637 0.659947
4 4 0.031288 0.235695 0.204813 0.005217 0.522986
4 4 0.024507 0.208865 0.254014 0.006715 0.505899
4 4 0.021440 0.187355 0.319792 0.009633 0.461780
4 1 0.021193 0.173360 0.250122 0.008706 0.546620
