2 0 0.205190 0.242163 0.331274 0.092282 0.129091
2 0 0.143956 0.253722 0.393497 0.073562 0.135264
0 0 0.528826 0.160704 0.111749 0.120589 0.078132
0 0 0.476045 0.121587 0.195715 0.158372 0.048281
0 0 0.339459 0.126701 0.312677 0.176468 0.044695
0 0 0.478158 0.109483 0.206517 0.163895 0.041948
0 0 0.617721 0.082128 0.126075 0.140366 0.033711
0 0 0.745420 0.061443 0.061799 0.102848 0.028490
0 0 0.765146 0.059391 0.055176 0.089761 0.030526
0 0 0.806387 0.050518 0.037121 0.080461 0.025513
0 0 0.791263 0.052553 0.043410 0.087041 0.025732
0 0 0.810484 0.052104 0.033817 0.076482 0.027113
0 0 0.748036 0.068737 0.054049 0.095467 0.033710
0 0 0.551806 0.109825 0.147558 0.144829 0.045982
0 0 0.376777 0.145107 0.257213 0.165396 0.055508
0 0 0.314349 0.152605 0.308487 0.168481 0.056078
0 0 0.471131 0.118045 0.203500 0.161212 0.046113
0 0 0.524679 0.111767 0.166579 0.151468 0.045506
0 0 0.520004 0.094144 0.188003 0.162011 0.035839
0 0 0.548406 0.082143 0.177470 0.161125 0.030857
0 0 0.527536 0.079862 0.196046 0.167501 0.029055
0 0 0.471232 0.097718 0.224335 0.170940 0.035776
0 0 0.500318 0.097112 0.200882 0.165123 0.036564
0 0 0.485121 0.101444 0.208968 0.166325 0.038142
0 0 0.379391 0.117393 0.284910 0.176467 0.041839
0 0 0.524176 0.115108 0.163569 0.149771 0.047377
0 0 0.530777 0.113421 0.160123 0.148879 0.046800
0 0 0.682914 0.084814 0.082246 0.108523 0.041502
0 0 0.651176 0.105024 0.085504 0.102101 0.056195
0 0 0.636599 0.117653 0.080847 0.102433 0.062468
0 0 0.545945 0.139815 0.121130 0.128379 0.064731
0 0 0.400588 0.159120 0.220090 0.155537 0.064664
2 0 0.255276 0.158491 0.362563 0.167640 0.056029
2 0 0.237956 0.167709 0.370606 0.164179 0.059551
2 0 0.175378 0.146824 0.467317 0.163124 0.047358
2 0 0.227296 0.143296 0.410675 0.170854 0.047880
2 0 0.303051 0.127212 0.348181 0.177987 0.043570
0 0 0.407169 0.099463 0.278402 0.180484 0.034483
0 0 0.574222 0.082166 0.157773 0.154011 0.031829
0 0 0.650793 0.080421 0.104746 0.129574 0.034465
0 0 0.809257 0.053970 0.036125 0.068743 0.031905
0 0 0.812291 0.049628 0.038740 0.070571 0.028770
0 0 0.877026 0.035469 0.017555 0.046129 0.023821
0 0 0.886257 0.032033 0.015820 0.044705 0.021186
0 0 0.864948 0.038075 0.020008 0.053925 0.023044
0 0 0.784796 0.055315 0.044670 0.088035 0.027184
0 0 0.739394 0.067111 0.060466 0.101195 0.031833
0 0 0.685054 0.077869 0.084463 0.117598 0.035016
0 0 0.440535 0.125702 0.221395 0.163731 0.048637
0 0 0.471923 0.141704 0.177818 0.149018 0.059537
0 0 0.493142 0.142669 0.159446 0.142978 0.061764
0 0 0.592935 0.111002 0.115874 0.130613 0.049576
0 0 0.591887 0.104787 0.122784 0.134980 0.045562
0 0 0.679519 0.076814 0.088991 0.120687 0.033989
0 0 0.673992 0.072587 0.096410 0.125914 0.031097
0 0 0.748730 0.056561 0.063875 0.105314 0.025520
0 0 0.784237 0.047628 0.051058 0.095153 0.021925
0 0 0.878409 0.034697 0.017314 0.046747 0.022833
0 0 0.805669 0.056930 0.032907 0.073521 0.030973
0 0 0.811984 0.054186 0.031448 0.073427 0.028954
0 0 0.554648 0.077725 0.176900 0.161841 0.028886
0 0 0.634637 0.072176 0.123423 0.140773 0.028991
0 0 0.725898 0.061908 0.072961 0.111703 0.027530
0 0 0.677703 0.069913 0.096371 0.126294 0.029719
0 0 0.589096 0.101928 0.127624 0.137724 0.043628
0 0 0.327310 0.167144 0.279268 0.161993 0.064285
2 0 0.084126 0.160219 0.592079 0.111493 0.052082
2 0 0.065909 0.158616 0.636377 0.084594 0.054505
2 0 0.066694 0.173504 0.617864 0.079421 0.062517
2 0 0.074395 0.193747 0.576904 0.083009 0.071945
2 0 0.067552 0.156323 0.634767 0.088489 0.052869
2 0 0.094272 0.161828 0.561524 0.131846 0.050530
2 0 0.177803 0.156622 0.452853 0.161072 0.051649
0 0 0.321150 0.162874 0.290144 0.164163 0.061669
0 0 0.380512 0.173385 0.222146 0.152468 0.071489
0 0 0.525890 0.151186 0.124389 0.127906 0.070630
0 0 0.556545 0.132628 0.121389 0.127823 0.061615
0 0 0.571327 0.123399 0.122451 0.123562 0.059260
0 0 0.568893 0.116635 0.128489 0.134175 0.051808
0 0 0.608815 0.115958 0.106439 0.105454 0.063334
0 0 0.690563 0.098086 0.068148 0.080995 0.062208
0 0 0.755313 0.082440 0.041405 0.056911 0.063932
0 0 0.831532 0.053226 0.026095 0.049691 0.039456
0 0 0.768997 0.072532 0.043749 0.065830 0.048892
0 0 0.779761 0.071392 0.037720 0.062567 0.048559
0 0 0.776197 0.072424 0.038691 0.064336 0.048352
0 0 0.777227 0.074075 0.036784 0.054535 0.057379
0 0 0.773998 0.075344 0.037401 0.054639 0.058619
0 0 0.830354 0.055213 0.024590 0.039997 0.049846
0 0 0.847997 0.047069 0.022894 0.047465 0.034576
0 0 0.739816 0.077330 0.053092 0.088424 0.041338
0 0 0.803363 0.056709 0.036119 0.071182 0.032627
0 0 0.718312 0.067205 0.073499 0.110340 0.030644
0 0 0.620051 0.080057 0.126366 0.140860 0.032666
0 0 0.670670 0.079397 0.092426 0.122470 0.035037
0 0 0.729479 0.069047 0.064682 0.104401 0.032392
0 0 0.738749 0.072197 0.056471 0.097201 0.035382
0 0 0.804453 0.047820 0.040192 0.084137 0.023399
0 0 0.795882 0.044549 0.047186 0.091759 0.020624
0 0 0.777837 0.047501 0.054666 0.098514 0.021482
0 0 0.835720 0.043068 0.028291 0.070415 0.022507
0 0 0.874390 0.034783 0.018121 0.051665 0.021041
0 0 0.826812 0.049708 0.028103 0.067904 0.027473
0 0 0.743249 0.078648 0.048225 0.089043 0.040835
0 0 0.701684 0.093952 0.059249 0.097043 0.048071
0 0 0.410980 0.179366 0.188096 0.143726 0.077831
0 0 0.370869 0.195785 0.205149 0.143753 0.084445
2 0 0.214734 0.208280 0.373592 0.116413 0.086982
2 0 0.199645 0.208787 0.393515 0.110411 0.087641
2 0 0.128961 0.194075 0.508703 0.089057 0.079204
2 1 0.111347 0.200474 0.522378 0.084259 0.081541
2 1 0.088713 0.193642 0.563714 0.076763 0.077170
2 1 0.086174 0.201698 0.553709 0.078624 0.079795
2 0 0.123062 0.227607 0.460624 0.096592 0.092116
0 1 0.262636 0.241351 0.255662 0.138401 0.101951
0 1 0.357054 0.218163 0.191344 0.135567 0.097871
0 0 0.414656 0.190179 0.172468 0.137285 0.085412
0 1 0.463969 0.181117 0.140875 0.129095 0.084945
0 1 0.488473 0.172542 0.130508 0.126724 0.081752
0 2 0.489829 0.176344 0.125128 0.123864 0.084835
2 2 0.011201 0.059535 0.890764 0.016723 0.021778
2 2 0.009597 0.052725 0.903751 0.014848 0.019079
2 2 0.010656 0.059255 0.892431 0.015655 0.022002
2 2 0.010681 0.060879 0.890157 0.015368 0.022916
2 2 0.007067 0.040913 0.921545 0.015425 0.015050
2 2 0.004619 0.027140 0.936644 0.021294 0.010303
2 2 0.003124 0.017434 0.947205 0.025808 0.006427
2 2 0.003093 0.016511 0.943769 0.030546 0.006080
2 2 0.002994 0.015177 0.943622 0.032752 0.005456
2 2 0.002989 0.013988 0.938687 0.039410 0.004926
2 2 0.002610 0.011761 0.950043 0.031728 0.003859
2 2 0.002652 0.011484 0.954059 0.028201 0.003603
2 2 0.002951 0.013032 0.962805 0.017366 0.003846
2 2 0.002626 0.011649 0.964467 0.017823 0.003436
2 2 0.002131 0.009597 0.966491 0.018933 0.002848
2 2 0.002430 0.011020 0.963699 0.019521 0.003331
2 2 0.003022 0.013323 0.959758 0.019874 0.004023
2 2 0.003256 0.013253 0.951570 0.027879 0.004042
2 2 0.003156 0.011780 0.939334 0.042095 0.003635
2 2 0.002932 0.010632 0.928873 0.054215 0.003348
2 2 0.003076 0.010371 0.912176 0.071098 0.003279
2 2 0.003589 0.010695 0.910168 0.072386 0.003163
2 2 0.003832 0.010408 0.867717 0.114872 0.003171
2 2 0.004487 0.010450 0.813423 0.168497 0.003143
2 3 0.006044 0.013408 0.778941 0.197482 0.004125
2 3 0.006113 0.013726 0.800376 0.175631 0.004154
2 3 0.007464 0.015698 0.801068 0.171178 0.004591
2 3 0.009673 0.018181 0.786872 0.180185 0.005088
2 3 0.009125 0.015968 0.744729 0.225713 0.004465
2 3 0.012515 0.022524 0.765339 0.193281 0.006340
2 3 0.008202 0.015349 0.730042 0.241885 0.004522
2 3 0.005356 0.010843 0.727309 0.253193 0.003299
2 3 0.006276 0.011736 0.677381 0.301027 0.003581
2 3 0.006907 0.012256 0.710522 0.266787 0.003528
2 3 0.009579 0.015743 0.765601 0.204928 0.004148
2 3 0.012064 0.021381 0.869319 0.092112 0.005124
2 2 0.015124 0.028385 0.904721 0.045440 0.006330
2 0 0.021432 0.041755 0.872254 0.054438 0.010121
2 0 0.066341 0.071104 0.720030 0.124884 0.017640
2 0 0.122455 0.092955 0.598776 0.160560 0.025255
2 0 0.183493 0.121043 0.487218 0.171124 0.037123
0 0 0.393426 0.146944 0.239999 0.162210 0.057421
0 0 0.488255 0.147609 0.158094 0.141555 0.064487
0 0 0.482561 0.170455 0.137639 0.129880 0.079465
0 0 0.357148 0.186486 0.228650 0.150327 0.077389
0 0 0.430086 0.197289 0.150825 0.129363 0.092437
1 0 0.242649 0.271640 0.246412 0.114261 0.125038
2 1 0.090867 0.244387 0.488341 0.068478 0.107927
2 0 0.100194 0.233173 0.491400 0.074671 0.100561
2 0 0.204926 0.241420 0.334132 0.116397 0.103124
2 0 0.233306 0.217892 0.324027 0.137002 0.087773
2 1 0.247866 0.225086 0.296571 0.138127 0.092349
2 0 0.258181 0.201501 0.312514 0.148794 0.079011
0 0 0.350182 0.153944 0.272248 0.164959 0.058668
0 0 0.431126 0.147687 0.205857 0.155136 0.060194
0 1 0.423482 0.153929 0.205649 0.153662 0.063279
0 1 0.362651 0.158737 0.255146 0.161515 0.061953
0 0 0.427033 0.142074 0.215518 0.158616 0.056759
0 1 0.572097 0.119802 0.122257 0.132234 0.053611
0 1 0.590601 0.111041 0.117523 0.131417 0.049417
2 1 0.051296 0.197197 0.618427 0.049724 0.083355
2 2 0.048939 0.205192 0.610715 0.044927 0.090227
2 2 0.037883 0.177785 0.669930 0.036163 0.078239
2 2 0.040516 0.204993 0.623773 0.034717 0.096001
2 1 0.024237 0.146062 0.739585 0.023238 0.066878
2 2 0.015999 0.101400 0.821077 0.017804 0.043721
2 2 0.009447 0.066776 0.884189 0.012008 0.027581
2 2 0.009627 0.066193 0.884732 0.012418 0.027031
2 2 0.007702 0.052002 0.909088 0.011029 0.020180
2 2 0.006292 0.040720 0.928003 0.010089 0.014895
2 2 0.004595 0.027613 0.949793 0.008812 0.009188
2 2 0.003437 0.019815 0.963018 0.007596 0.006135
2 2 0.002055 0.012830 0.975896 0.005399 0.003820
2 2 0.001425 0.009259 0.981678 0.004918 0.002719
2 2 0.001031 0.006762 0.984452 0.005749 0.002006
2 2 0.000776 0.005134 0.985130 0.007393 0.001568
2 2 0.000757 0.004789 0.983302 0.009670 0.001482
2 2 0.000807 0.004926 0.981681 0.011058 0.001529
2 2 0.000768 0.004115 0.979928 0.013972 0.001216
2 2 0.000943 0.004165 0.967154 0.026514 0.001224
2 2 0.001273 0.005004 0.962896 0.029412 0.001415
2 2 0.001715 0.005726 0.941512 0.049423 0.001624
2 2 0.002811 0.007959 0.919039 0.067976 0.002215
2 2 0.004695 0.011136 0.872492 0.108562 0.003116
2 2 0.006359 0.013848 0.834891 0.140965 0.003937
2 2 0.006476 0.013735 0.777544 0.198119 0.004126
2 2 0.005458 0.013379 0.825482 0.151556 0.004125
2 3 0.006423 0.014031 0.751496 0.223637 0.004413
2 3 0.009973 0.019383 0.734450 0.230325 0.005870
2 3 0.014720 0.023884 0.685932 0.268469 0.006995
2 3 0.013270 0.020506 0.653544 0.306687 0.005992
2 3 0.015022 0.020537 0.624822 0.333577 0.006043
2 3 0.010945 0.015881 0.590486 0.377845 0.004844
2 3 0.010316 0.014689 0.519217 0.450855 0.004924
2 3 0.010747 0.016117 0.489683 0.477730 0.005723
3 3 0.010208 0.014157 0.448605 0.521803 0.005227
3 3 0.013215 0.013929 0.400079 0.567412 0.005364
3 3 0.014443 0.013998 0.366385 0.599537 0.005638
3 3 0.009649 0.008428 0.278257 0.699955 0.003710
3 3 0.010838 0.007270 0.208094 0.770246 0.003552
3 3 0.019264 0.010233 0.224314 0.741318 0.004872
3 3 0.018421 0.010276 0.213962 0.752304 0.005038
3 3 0.010707 0.007529 0.191154 0.786741 0.003869
3 3 0.011101 0.008563 0.178290 0.797385 0.004661
3 3 0.014149 0.010320 0.182009 0.787883 0.005641
3 3 0.015177 0.010733 0.166151 0.801806 0.006133
3 3 0.014456 0.010427 0.155107 0.813860 0.006149
3 3 0.006865 0.005243 0.094737 0.889546 0.003610
3 3 0.008132 0.006284 0.127349 0.854366 0.003869
3 3 0.014812 0.010226 0.175838 0.793479 0.005644
3 3 0.017504 0.011246 0.190845 0.774425 0.005980
3 3 0.014722 0.009962 0.177703 0.792170 0.005443
3 3 0.012972 0.007848 0.140305 0.834261 0.004615
3 3 0.010619 0.007183 0.152971 0.825162 0.004066
3 3 0.015242 0.010316 0.190336 0.778633 0.005473
3 2 0.009344 0.009265 0.224831 0.751897 0.004662
3 2 0.004222 0.007437 0.311792 0.673280 0.003269
3 2 0.003934 0.008528 0.440514 0.543654 0.003369
2 2 0.004748 0.012981 0.656306 0.320905 0.005061
2 2 0.005631 0.020489 0.851525 0.114602 0.007753
2 2 0.008610 0.042440 0.919582 0.015155 0.014213
2 2 0.011158 0.057227 0.893924 0.017168 0.020523
2 2 0.009760 0.046287 0.911556 0.016861 0.015535
2 2 0.006930 0.032765 0.936266 0.013712 0.010326
2 2 0.006690 0.032867 0.936920 0.013019 0.010505
2 2 0.005855 0.033182 0.939073 0.010719 0.011170
2 2 0.004877 0.027032 0.949640 0.009742 0.008710
2 2 0.006272 0.033501 0.937447 0.011717 0.011063
2 2 0.005142 0.027230 0.948548 0.010435 0.008645
2 2 0.003795 0.021709 0.959557 0.008130 0.006809
2 2 0.004414 0.025736 0.952679 0.008801 0.008370
2 2 0.004442 0.025335 0.953080 0.008990 0.008153
2 2 0.004754 0.025249 0.952164 0.009913 0.007920
2 2 0.005148 0.028030 0.947574 0.010215 0.009032
2 2 0.002326 0.012868 0.975022 0.006137 0.003647
2 2 0.002770 0.015897 0.969941 0.006660 0.004732
2 2 0.003488 0.016292 0.966661 0.009030 0.004529
2 2 0.004684 0.021252 0.956835 0.011108 0.006121
2 2 0.004601 0.020294 0.958133 0.011230 0.005741
2 2 0.005135 0.025807 0.950228 0.010862 0.007969
2 2 0.004857 0.022856 0.954492 0.011043 0.006752
2 2 0.008628 0.043209 0.918579 0.014985 0.014599
2 2 0.012938 0.057036 0.889468 0.021167 0.019390
2 2 0.022093 0.081849 0.834694 0.033291 0.028073
2 0 0.036628 0.080666 0.795097 0.063970 0.023640
2 0 0.169922 0.096318 0.531953 0.174359 0.027447
2 0 0.317883 0.100512 0.362276 0.186875 0.032454
0 0 0.634860 0.095018 0.101913 0.125746 0.042463
0 0 0.740691 0.072059 0.055456 0.096333 0.035462
0 0 0.804570 0.056766 0.033165 0.075271 0.030227
0 0 0.761926 0.071888 0.043481 0.085111 0.037593
0 0 0.646442 0.106238 0.083248 0.112908 0.051163
0 0 0.663407 0.108331 0.069953 0.103562 0.054747
0 0 0.609802 0.128874 0.085817 0.111415 0.064091
0 0 0.572576 0.143394 0.097439 0.116029 0.070561
0 0 0.545065 0.154249 0.106354 0.119005 0.075327
0 0 0.443088 0.169554 0.171445 0.141351 0.074562
0 0 0.447906 0.185834 0.148920 0.130998 0.086342
0 0 0.409324 0.209220 0.154793 0.128185 0.098477
0 0 0.381101 0.219569 0.170173 0.125781 0.103377
0 0 0.296995 0.249862 0.218451 0.117693 0.117000
2 1 0.191435 0.279453 0.301361 0.096851 0.130901
2 1 0.106947 0.290277 0.395498 0.071330 0.135948
2 1 0.066738 0.262932 0.495037 0.053265 0.122028
2 1 0.060242 0.266209 0.498969 0.045799 0.128781
2 1 0.068223 0.276537 0.471518 0.051926 0.131796
2 2 0.071770 0.280638 0.460017 0.054652 0.132923
2 2 0.056388 0.236761 0.551009 0.047336 0.108505
2 2 0.034635 0.180107 0.671330 0.031579 0.082348
2 2 0.019834 0.118026 0.789633 0.021139 0.051367
2 2 0.018942 0.116783 0.792928 0.020005 0.051342
2 2 0.020846 0.126815 0.774561 0.021305 0.056474
2 2 0.013322 0.086996 0.847262 0.015654 0.036766
2 2 0.006859 0.043844 0.922377 0.010739 0.016181
2 2 0.005444 0.035022 0.937811 0.009276 0.012446
2 2 0.006972 0.045160 0.920302 0.010733 0.016834
2 2 0.006305 0.041008 0.927580 0.010062 0.015046
2 2 0.005924 0.037232 0.933626 0.009953 0.013265
2 2 0.005137 0.034113 0.939820 0.008728 0.012203
2 2 0.005005 0.032621 0.942157 0.008717 0.011501
2 2 0.002358 0.013966 0.972880 0.006605 0.004191
2 2 0.002295 0.013091 0.973217 0.007490 0.003906
2 2 0.002872 0.014619 0.970919 0.007479 0.004111
2 2 0.003320 0.018071 0.965440 0.007773 0.005397
2 2 0.003038 0.016395 0.968363 0.007403 0.004800
2 2 0.003704 0.018469 0.963548 0.008912 0.005367
2 2 0.005938 0.027929 0.945074 0.012516 0.008543
2 2 0.004814 0.023241 0.954231 0.010765 0.006948
2 2 0.004399 0.022555 0.955967 0.010174 0.006905
2 2 0.004056 0.020755 0.959735 0.009245 0.006210
2 2 0.003793 0.016844 0.962948 0.011663 0.004752
2 2 0.003073 0.013942 0.970717 0.008533 0.003735
2 2 0.003583 0.017446 0.965100 0.008892 0.004979
2 2 0.002998 0.014648 0.970360 0.007931 0.004062
2 2 0.002848 0.014340 0.967901 0.010669 0.004242
2 2 0.002360 0.013037 0.970025 0.010541 0.004038
2 1 0.001709 0.010865 0.975365 0.008574 0.003487
2 1 0.001584 0.011019 0.978575 0.005367 0.003456
2 2 0.002211 0.013629 0.973158 0.006803 0.004199
2 2 0.002741 0.014012 0.971378 0.007895 0.003974
2 2 0.002056 0.010318 0.975835 0.008898 0.002893
2 2 0.002302 0.013312 0.974638 0.005893 0.003854
2 2 0.001913 0.011919 0.977744 0.004947 0.003477
2 2 0.002125 0.014355 0.974106 0.004967 0.004447
2 2 0.002748 0.017747 0.967849 0.006044 0.005612
2 2 0.003257 0.020065 0.963330 0.006976 0.006373
2 2 0.002031 0.012724 0.976367 0.005117 0.003761
2 2 0.002947 0.017609 0.967325 0.006709 0.005410
2 2 0.004840 0.025932 0.951072 0.009958 0.008197
2 2 0.014884 0.058801 0.881851 0.025111 0.019353
2 2 0.024608 0.082304 0.827335 0.038466 0.027288
2 0 0.055738 0.144212 0.677006 0.073507 0.049536
2 0 0.127302 0.193372 0.491859 0.117070 0.070398
0 0 0.359600 0.213957 0.194036 0.137132 0.095275
0 0 0.543372 0.154921 0.106912 0.119176 0.075620
0 0 0.637829 0.120435 0.076635 0.100832 0.064269
0 0 0.665846 0.109632 0.068654 0.096903 0.058964
0 0 0.617351 0.125955 0.083522 0.110397 0.062776
0 0 0.513319 0.166900 0.116997 0.121981 0.080803
0 0 0.387322 0.217969 0.164622 0.127882 0.102206
0 0 0.339565 0.232990 0.196169 0.121896 0.109380
0 0 0.391247 0.216707 0.161875 0.128679 0.101492
0 0 0.318561 0.236872 0.213656 0.120559 0.110352
2 0 0.241543 0.235007 0.305984 0.112285 0.105182
2 0 0.200161 0.224444 0.371208 0.107252 0.096935
0 1 0.277558 0.232009 0.259887 0.129489 0.101058
0 0 0.295883 0.237644 0.226421 0.136538 0.103514
0 0 0.310585 0.231968 0.218891 0.137032 0.101524
0 0 0.309266 0.251115 0.196331 0.128451 0.114837
0 0 0.409183 0.215210 0.148998 0.110483 0.116125
0 0 0.380490 0.201087 0.194335 0.124050 0.100038
0 0 0.586780 0.128471 0.103821 0.118405 0.062523
0 0 0.684169 0.103896 0.063146 0.090326 0.058463
0 0 0.729637 0.091223 0.048592 0.066087 0.064461
0 0 0.567139 0.150697 0.096278 0.101218 0.084668
0 0 0.612817 0.138082 0.074023 0.068323 0.106755
0 0 0.612663 0.127767 0.084945 0.111033 0.063593
0 0 0.586403 0.137978 0.093064 0.114395 0.068161
0 0 0.597771 0.133545 0.089519 0.112981 0.066184
0 0 0.632526 0.120930 0.078731 0.106010 0.061803
2 0 0.238724 0.172787 0.363823 0.162627 0.062039
0 0 0.355805 0.163322 0.256392 0.160465 0.064017
0 0 0.380783 0.176338 0.218539 0.151070 0.073270
0 0 0.441916 0.195818 0.142430 0.126844 0.092992
0 0 0.435453 0.198466 0.144842 0.127155 0.094085
0 0 0.506764 0.169528 0.119244 0.122533 0.081930
0 0 0.466059 0.185970 0.133588 0.125488 0.088894
0 0 0.509055 0.168609 0.118457 0.122343 0.081536
0 0 0.481620 0.179660 0.128023 0.124457 0.086239
0 0 0.401945 0.210659 0.162923 0.124483 0.099990
0 0 0.314589 0.238513 0.220640 0.111968 0.114290
0 0 0.351182 0.226554 0.197445 0.116222 0.108597
0 0 0.297305 0.241023 0.238949 0.106003 0.116720
0 0 0.281708 0.248223 0.244099 0.106904 0.119066
2 0 0.221327 0.249316 0.312430 0.101501 0.115426
2 0 0.176448 0.235948 0.387418 0.095068 0.105117
2 0 0.202018 0.259099 0.321945 0.095513 0.121426
2 0 0.173667 0.275593 0.332176 0.087458 0.131106
2 0 0.123455 0.271012 0.404327 0.074181 0.127025
2 0 0.117020 0.281847 0.395824 0.072066 0.133244
2 1 0.122857 0.286908 0.379670 0.075297 0.135268
2 1 0.265863 0.228327 0.284220 0.120728 0.100862
2 1 0.268601 0.157056 0.350087 0.168266 0.055990
2 0 0.257681 0.127065 0.395715 0.177612 0.041927
0 0 0.399010 0.136991 0.245849 0.165710 0.052440
0 0 0.617504 0.108559 0.100826 0.123098 0.050013
0 0 0.578981 0.139868 0.097480 0.113113 0.070557
0 0 0.525456 0.153000 0.122764 0.126886 0.071893
0 0 0.720458 0.086998 0.054191 0.093553 0.044800
0 0 0.630832 0.120762 0.079472 0.108507 0.060428
0 0 0.617233 0.126000 0.083557 0.110413 0.062797
0 0 0.489211 0.176593 0.125345 0.123909 0.084941
0 0 0.449020 0.192913 0.139802 0.126476 0.091789
0 1 0.311463 0.250184 0.195352 0.128515 0.114488
1 1 0.200544 0.290440 0.266141 0.111962 0.130913
2 1 0.072374 0.272616 0.471662 0.057065 0.126284
2 1 0.061366 0.267763 0.494959 0.046662 0.129250
2 2 0.044381 0.240071 0.561633 0.033650 0.120266
2 2 0.044248 0.239814 0.562214 0.033548 0.120176
2 2 0.024746 0.153341 0.727320 0.022910 0.071683
2 2 0.011321 0.074418 0.869506 0.014170 0.030584
2 2 0.008110 0.050641 0.910112 0.012112 0.019026
2 2 0.013759 0.067378 0.874172 0.020176 0.024514
2 0 0.030177 0.097383 0.799580 0.037523 0.035337
2 0 0.080548 0.117491 0.682650 0.078502 0.040808
2 0 0.137303 0.140169 0.558067 0.115838 0.048624
2 0 0.182614 0.139693 0.489637 0.140256 0.047800
0 0 0.340646 0.173235 0.263619 0.153144 0.069355
0 0 0.443612 0.166369 0.174559 0.142919 0.072541
0 0 0.401277 0.204842 0.171522 0.126431 0.095928
0 1 0.349972 0.230925 0.187416 0.123100 0.108588
1 1 0.248529 0.264409 0.254164 0.108907 0.123992
2 1 0.196970 0.260060 0.323015 0.101747 0.118208
0 0 0.277465 0.255874 0.228461 0.121000 0.117199
0 1 0.369896 0.225597 0.170463 0.129020 0.105023
0 1 0.303628 0.236729 0.219867 0.135907 0.103870
2 2 0.202412 0.233810 0.342802 0.124867 0.096109
2 2 0.092913 0.215161 0.526044 0.077647 0.088235
2 0 0.063045 0.201336 0.592606 0.060251 0.082761
2 0 0.067576 0.214042 0.564836 0.066623 0.086924
2 1 0.008345 0.051458 0.905049 0.015194 0.019955
2 2 0.006357 0.039547 0.928785 0.011004 0.014307
2 2 0.005369 0.036208 0.936404 0.008860 0.013160
2 2 0.003619 0.024966 0.956027 0.006818 0.008570
2 2 0.002718 0.017923 0.967038 0.006510 0.005810
2 2 0.002038 0.013073 0.974764 0.006088 0.004037
2 2 0.002544 0.014633 0.969531 0.008756 0.004535
2 2 0.003094 0.016496 0.964350 0.010945 0.005116
2 2 0.003448 0.017742 0.958681 0.014458 0.005671
2 2 0.002682 0.014774 0.962229 0.015411 0.004904
2 2 0.003421 0.019295 0.953999 0.016590 0.006695
2 2 0.002513 0.013805 0.962523 0.016551 0.004608
2 2 0.002456 0.013320 0.966451 0.013516 0.004257
2 2 0.001394 0.008158 0.975181 0.012657 0.002610
2 2 0.001338 0.007814 0.980111 0.008410 0.002328
2 2 0.001570 0.007264 0.976282 0.012867 0.002017
2 2 0.002006 0.008723 0.974655 0.012271 0.002346
2 2 0.002049 0.008703 0.971275 0.015572 0.002401
2 2 0.001925 0.008587 0.970311 0.016713 0.002464
2 2 0.002606 0.010066 0.954987 0.029392 0.002949
2 2 0.003509 0.013593 0.954438 0.024512 0.003948
2 2 0.005196 0.019232 0.946909 0.023145 0.005518
2 2 0.003354 0.014084 0.957922 0.020469 0.004170
2 2 0.002607 0.011596 0.963341 0.018996 0.003461
2 2 0.002515 0.012484 0.968453 0.012809 0.003740
2 2 0.002288 0.011055 0.968986 0.014375 0.003296
2 2 0.003633 0.016425 0.964931 0.010423 0.004589
2 2 0.003256 0.014210 0.966643 0.011953 0.003939
2 2 0.003138 0.014118 0.965232 0.013452 0.004060
2 2 0.003250 0.014240 0.960712 0.017580 0.004217
2 2 0.004126 0.018265 0.953904 0.018141 0.005564
2 2 0.003992 0.016311 0.952411 0.022411 0.004875
2 2 0.003738 0.016365 0.957644 0.017372 0.004881
2 2 0.002877 0.011634 0.958972 0.023122 0.003395
2 2 0.003278 0.011645 0.947623 0.034089 0.003365
2 3 0.003810 0.011816 0.915423 0.065416 0.003536
2 3 0.005817 0.015493 0.866390 0.107565 0.004735
2 3 0.008790 0.020749 0.778479 0.185249 0.006734
2 3 0.011188 0.023082 0.728995 0.229410 0.007324
2 2 0.019231 0.034067 0.720913 0.215728 0.010060
2 2 0.020294 0.035353 0.760407 0.174056 0.009890
2 2 0.019536 0.042555 0.829441 0.096244 0.012224
2 2 0.012792 0.038188 0.889820 0.047696 0.011503
2 2 0.010285 0.039948 0.913010 0.024222 0.012535
2 2 0.006902 0.033259 0.935783 0.013476 0.010580
2 2 0.005115 0.028797 0.946742 0.009912 0.009433
2 2 0.003706 0.020815 0.960912 0.008128 0.006439
2 2 0.002431 0.015029 0.972200 0.005791 0.004548
2 2 0.001455 0.009917 0.981852 0.003882 0.002895
2 2 0.003073 0.016084 0.968564 0.007636 0.004643
2 2 0.006164 0.024006 0.948294 0.014844 0.006693
2 2 0.009633 0.031840 0.927494 0.022224 0.008809
2 2 0.008905 0.036260 0.925807 0.017986 0.011042
2 2 0.009883 0.042783 0.915359 0.018263 0.013712
2 2 0.007443 0.032065 0.935334 0.015414 0.009744
2 2 0.014025 0.052960 0.891058 0.025128 0.016828
2 2 0.007843 0.030904 0.935139 0.017070 0.009044
2 2 0.004383 0.018248 0.958007 0.014211 0.005151
2 2 0.001970 0.010077 0.975017 0.010027 0.002909
2 2 0.003223 0.016896 0.966876 0.008062 0.004943
2 2 0.002111 0.008345 0.952870 0.034163 0.002511
2 2 0.004259 0.012988 0.928578 0.050474 0.003701
2 2 0.008215 0.020445 0.895785 0.069898 0.005657
2 3 0.009969 0.021693 0.868332 0.094119 0.005887
2 3 0.011345 0.024286 0.873760 0.084161 0.006448
2 3 0.016153 0.032128 0.877335 0.066388 0.007996
2 3 0.017543 0.041898 0.888451 0.041218 0.010889
2 3 0.012238 0.040323 0.910034 0.025778 0.011627
2 3 0.009927 0.046818 0.910430 0.017110 0.015715
2 0 0.011206 0.062748 0.886400 0.016040 0.023606
2 0 0.012621 0.078022 0.861816 0.015873 0.031669
2 1 0.011679 0.070556 0.874439 0.015458 0.027867
2 1 0.007574 0.047350 0.915884 0.011610 0.017581
2 1 0.024369 0.086836 0.822727 0.036332 0.029736
2 2 0.031192 0.082016 0.808321 0.053421 0.025050
2 2 0.073415 0.122737 0.647670 0.120765 0.035413
2 2 0.093231 0.153441 0.570646 0.136021 0.046661
2 2 0.103982 0.186179 0.516739 0.131861 0.061239
2 1 0.081608 0.182979 0.572933 0.098586 0.063895
2 0 0.086832 0.236565 0.498133 0.083923 0.094548
2 1 0.082339 0.237379 0.505589 0.078080 0.096613
2 2 0.054336 0.209167 0.595772 0.050842 0.089883
2 2 0.041319 0.182902 0.656605 0.039698 0.079476
2 2 0.022668 0.114331 0.790172 0.026158 0.046670
2 2 0.011991 0.062273 0.885208 0.017743 0.022785
2 2 0.008325 0.045808 0.916093 0.013609 0.016165
2 2 0.007157 0.038602 0.928514 0.012609 0.013118
2 2 0.006182 0.037291 0.932876 0.010551 0.013100
2 2 0.003204 0.020492 0.962980 0.006706 0.006619
2 2 0.002100 0.013569 0.975128 0.005104 0.004099
2 2 0.001904 0.012028 0.977657 0.004880 0.003532
2 2 0.002106 0.011682 0.977200 0.005752 0.003260
2 2 0.002366 0.011579 0.974355 0.008501 0.003200
2 2 0.001895 0.008361 0.972555 0.014856 0.002334
2 2 0.002225 0.009821 0.972634 0.012623 0.002697
2 2 0.003351 0.013532 0.961872 0.017441 0.003803
2 2 0.004280 0.018703 0.957530 0.014057 0.005430
2 2 0.003284 0.014889 0.958928 0.018355 0.004544
2 2 0.004020 0.019110 0.959413 0.011789 0.005669
2 2 0.003093 0.014474 0.965557 0.012653 0.004223
2 2 0.002554 0.012596 0.970380 0.010811 0.003658
2 2 0.001857 0.009378 0.971941 0.013998 0.002825
2 2 0.002329 0.010050 0.967112 0.017626 0.002883
2 2 0.003593 0.013917 0.961073 0.017587 0.003830
2 2 0.007525 0.026162 0.940847 0.018350 0.007116
2 2 0.008309 0.033301 0.931003 0.017454 0.009933
2 4 0.012233 0.057738 0.890498 0.019384 0.020147
2 4 0.022011 0.132527 0.763968 0.022124 0.059369
2 4 0.040075 0.248174 0.439421 0.013227 0.259102
4 4 0.043735 0.250059 0.325825 0.009437 0.370944
4 4 0.043315 0.221917 0.187980 0.005119 0.541668
4 4 0.035168 0.187754 0.142840 0.003537 0.630701
4 4 0.021833 0.128442 0.085421 0.001955 0.762349
4 4 0.023982 0.101911 0.053285 0.001481 0.819341
4 4 0.027917 0.082467 0.035501 0.001501 0.852613
4 4 0.036623 0.086283 0.031950 0.001596 0.843548
4 4 0.034543 0.066478 0.022205 0.001585 0.875189
4 4 0.050174 0.078927 0.024929 0.002459 0.843512
4 4 0.058336 0.082242 0.023013 0.002055 0.834353
4 4 0.038835 0.117233 0.048697 0.002178 0.793058
4 4 0.044221 0.247644 0.298682 0.008584 0.400870
2 4 0.040735 0.247878 0.371680 0.010104 0.329602
4 4 0.039477 0.222729 0.219179 0.005078 0.513537
4 4 0.053263 0.184113 0.124216 0.003390 0.635017
4 4 0.065264 0.134332 0.069461 0.003143 0.727799
4 4 0.083761 0.097875 0.036030 0.002931 0.779404
4 4 0.100216 0.067803 0.019119 0.002462 0.810400
4 4 0.158281 0.081666 0.019268 0.003268 0.737518
4 4 0.103581 0.078119 0.017638 0.001593 0.799069
4 4 0.134266 0.091970 0.019374 0.001532 0.752859
4 4 0.079984 0.134834 0.046973 0.002243 0.735966
4 4 0.066612 0.119010 0.039051 0.001551 0.773776
4 4 0.058584 0.139543 0.057443 0.001961 0.742470
4 4 0.056656 0.146332 0.066183 0.002108 0.728721
4 4 0.040786 0.153684 0.081272 0.001933 0.722325
4 4 0.058042 0.192980 0.109236 0.004063 0.635679
4 4 0.072503 0.221199 0.122668 0.006677 0.576953
4 4 0.059638 0.234384 0.147690 0.007001 0.551286
4 4 0.068089 0.260707 0.191150 0.010795 0.469260
4 4 0.049250 0.259446 0.317694 0.011226 0.362384
4 4 0.041732 0.246426 0.329458 0.008833 0.373551
4 4 0.048524 0.258448 0.320331 0.011060 0.361636
4 4 0.043102 0.241263 0.272170 0.007354 0.436111
4 4 0.057269 0.262648 0.252217 0.010954 0.416912
4 4 0.050184 0.236506 0.194827 0.006720 0.511764
4 4 0.044696 0.221803 0.179317 0.005166 0.549018
4 4 0.108196 0.179043 0.078447 0.005074 0.629240
4 4 0.166213 0.161459 0.054114 0.005662 0.612554
4 4 0.149271 0.116800 0.033382 0.003739 0.696809
4 4 0.124597 0.104760 0.032166 0.003581 0.734896
4 4 0.127323 0.093160 0.027024 0.003390 0.749103
4 4 0.200872 0.115739 0.031607 0.005925 0.645857
4 4 0.133755 0.094769 0.026160 0.002907 0.742410
4 4 0.081692 0.101005 0.034832 0.001772 0.780698
4 4 0.060401 0.080561 0.025879 0.001057 0.832101
4 4 0.113039 0.091874 0.025549 0.001955 0.767583
4 4 0.112985 0.119665 0.040275 0.003203 0.723871
4 4 0.114753 0.092691 0.024680 0.002219 0.765657
4 4 0.145488 0.105333 0.028099 0.003171 0.717909
4 4 0.148772 0.121883 0.034200 0.003574 0.691572
4 4 0.049049 0.133992 0.059929 0.002613 0.754418
4 4 0.042986 0.156970 0.092182 0.004369 0.703494
4 4 0.025101 0.153452 0.114483 0.001860 0.705104
4 4 0.020800 0.133685 0.089850 0.000964 0.754700
4 4 0.019047 0.126502 0.085981 0.000892 0.767578
4 4 0.025054 0.169255 0.151926 0.001831 0.651933
4 4 0.031232 0.210020 0.248340 0.003940 0.506468
4 4 0.038796 0.229577 0.257458 0.005808 0.468361
4 4 0.052792 0.263103 0.298115 0.011654 0.374336
2 2 0.050650 0.266641 0.392902 0.016571 0.273237
2 2 0.045080 0.253296 0.494319 0.022147 0.185159
2 2 0.043099 0.241485 0.551361 0.028903 0.135152
2 2 0.040902 0.239795 0.547485 0.024889 0.146929
2 2 0.041289 0.242640 0.533984 0.023273 0.158814
2 2 0.030175 0.210418 0.619177 0.020730 0.119500
2 2 0.028351 0.202358 0.641529 0.021416 0.106347
2 2 0.030591 0.208587 0.628942 0.023123 0.108757
2 2 0.024980 0.171014 0.698062 0.021030 0.084913
2 2 0.022263 0.147367 0.740032 0.020480 0.069857
2 2 0.015183 0.109494 0.809637 0.015509 0.050176
2 2 0.006302 0.033893 0.936126 0.012336 0.011344
2 2 0.004174 0.023961 0.948943 0.014574 0.008348
2 2 0.004906 0.028766 0.946622 0.010037 0.009668
2 2 0.005535 0.032934 0.940302 0.009966 0.011263
2 2 0.004124 0.027316 0.951535 0.007636 0.009389
2 2 0.003542 0.023169 0.958571 0.007014 0.007705
2 2 0.002642 0.017778 0.968164 0.005711 0.005705
2 2 0.002048 0.013160 0.975499 0.005312 0.003981
2 2 0.001871 0.012163 0.977628 0.004723 0.003614
2 2 0.001699 0.010733 0.979936 0.004541 0.003092
2 2 0.001419 0.008618 0.982014 0.005484 0.002465
2 2 0.001494 0.008519 0.981009 0.006561 0.002417
2 2 0.002007 0.011069 0.976073 0.007638 0.003213
2 2 0.003067 0.015068 0.968835 0.008761 0.004269
2 2 0.003028 0.013424 0.961418 0.018124 0.004007
2 2 0.002422 0.010560 0.961387 0.022447 0.003183
2 2 0.002286 0.009244 0.941678 0.043831 0.002961
2 2 0.004382 0.013278 0.892312 0.085878 0.004150
2 2 0.007470 0.016344 0.816198 0.155182 0.004806
2 2 0.016158 0.026586 0.722103 0.227686 0.007466
2 2 0.012460 0.020844 0.725658 0.235192 0.005845
2 2 0.010689 0.020118 0.788064 0.175485 0.005645
2 2 0.009012 0.019736 0.782401 0.182760 0.006091
2 2 0.012009 0.028377 0.833838 0.117185 0.008592
2 2 0.007090 0.019722 0.887770 0.079473 0.005944
2 2 0.004858 0.014812 0.920795 0.055210 0.004325
2 2 0.001947 0.006781 0.941302 0.047988 0.001982
2 2 0.002137 0.007757 0.941709 0.046071 0.002326
2 2 0.001813 0.007495 0.945213 0.043088 0.002392
2 2 0.001605 0.007364 0.946978 0.041574 0.002478
2 2 0.001138 0.005760 0.940684 0.050330 0.002088
2 2 0.001427 0.006589 0.931000 0.058639 0.002346
2 3 0.001593 0.006679 0.920518 0.068895 0.002316
2 3 0.002879 0.010069 0.927140 0.056793 0.003119
2 3 0.002956 0.008403 0.859468 0.126533 0.002640
2 3 0.004969 0.011593 0.813518 0.166414 0.003506
2 3 0.007208 0.013343 0.626271 0.348781 0.004398
2 3 0.012600 0.016470 0.503476 0.461796 0.005658
3 3 0.014599 0.014381 0.427003 0.538724 0.005292
2 3 0.023586 0.020471 0.486582 0.462339 0.007021
2 3 0.015616 0.016804 0.499125 0.462759 0.005697
2 3 0.017806 0.022182 0.504698 0.447539 0.007776
3 3 0.017330 0.023489 0.461769 0.488509 0.008903
3 3 0.019178 0.022604 0.373769 0.574819 0.009629
3 3 0.034668 0.031414 0.344900 0.575014 0.014005
3 3 0.026555 0.022589 0.265795 0.673827 0.011234
3 3 0.013317 0.012201 0.217409 0.750695 0.006377
3 3 0.020499 0.015610 0.223780 0.732027 0.008085
3 3 0.023687 0.016415 0.221540 0.729859 0.008498
3 3 0.017379 0.012509 0.179743 0.783359 0.007010
3 3 0.019324 0.012281 0.162432 0.798851 0.007112
3 3 0.018821 0.010641 0.129164 0.834707 0.006668
3 3 0.016625 0.007721 0.089412 0.880841 0.005401
3 3 0.016715 0.007376 0.079630 0.890905 0.005375
3 3 0.011260 0.005852 0.073475 0.905030 0.004382
3 3 0.007393 0.004644 0.070715 0.913734 0.003515
3 3 0.015348 0.008964 0.098856 0.870584 0.006247
3 3 0.017229 0.010200 0.110672 0.855038 0.006861
3 3 0.011856 0.007920 0.101789 0.872983 0.005452
3 3 0.011959 0.007614 0.100447 0.874755 0.005224
3 3 0.044942 0.014890 0.124518 0.806410 0.009239
3 3 0.046402 0.015238 0.118877 0.809815 0.009668
3 3 0.041031 0.015363 0.129456 0.804622 0.009528
3 3 0.040895 0.012692 0.108679 0.829545 0.008189
3 3 0.047066 0.011555 0.090077 0.843483 0.007818
3 3 0.069969 0.016210 0.100299 0.802823 0.010699
3 3 0.050030 0.012795 0.096899 0.831773 0.008502
3 3 0.045326 0.013187 0.128025 0.805597 0.007865
3 3 0.038140 0.012588 0.129704 0.812027 0.007541
3 3 0.036399 0.014268 0.125567 0.814809 0.008958
3 3 0.019428 0.010755 0.121591 0.841305 0.006921
3 3 0.023320 0.011926 0.115744 0.841146 0.007865
3 3 0.026889 0.012130 0.104196 0.848499 0.008286
3 3 0.030610 0.011214 0.084343 0.865676 0.008158
3 3 0.025085 0.008649 0.075406 0.884469 0.006391
3 3 0.019611 0.006652 0.065513 0.903150 0.005074
3 3 0.024616 0.008354 0.071375 0.889365 0.006290
3 3 0.029040 0.010154 0.071878 0.881126 0.007803
3 3 0.057490 0.017551 0.095406 0.817208 0.012345
3 3 0.040573 0.011127 0.067616 0.872062 0.008622
3 3 0.022136 0.007037 0.059532 0.905705 0.005590
3 3 0.015718 0.005019 0.045072 0.929856 0.004334
3 3 0.020679 0.006790 0.052813 0.914039 0.005678
3 3 0.013491 0.004295 0.037439 0.940831 0.003944
3 3 0.018228 0.005638 0.049153 0.922247 0.004734
3 3 0.006386 0.002841 0.043057 0.945285 0.002430
3 3 0.005621 0.003067 0.057759 0.931171 0.002382
3 3 0.011275 0.007719 0.110728 0.865162 0.005116
3 3 0.009390 0.010053 0.187464 0.787466 0.005627
3 3 0.006076 0.011909 0.317819 0.658681 0.005515
2 2 0.007616 0.022064 0.653850 0.307328 0.009142
2 2 0.004716 0.018036 0.854682 0.115593 0.006974
2 2 0.003748 0.016210 0.915790 0.058355 0.005896
2 2 0.003647 0.016605 0.943464 0.030704 0.005580
2 2 0.003314 0.014752 0.945963 0.031108 0.004864
2 2 0.003482 0.014918 0.941955 0.034740 0.004905
2 2 0.004661 0.020014 0.926095 0.042275 0.006955
2 2 0.004632 0.021239 0.929611 0.036992 0.007526
2 2 0.004980 0.024029 0.933010 0.029467 0.008514
2 2 0.005055 0.024601 0.937652 0.024204 0.008488
2 2 0.006604 0.032889 0.928192 0.020856 0.011460
2 2 0.004905 0.024917 0.934494 0.026715 0.008970
2 2 0.003610 0.019803 0.939358 0.029759 0.007470
2 2 0.003324 0.017115 0.926146 0.046761 0.006654
2 2 0.006673 0.028601 0.912844 0.041718 0.010164
2 2 0.007473 0.025828 0.898804 0.059348 0.008546
2 2 0.005927 0.018679 0.903888 0.065680 0.005827
2 2 0.006031 0.017049 0.888295 0.083445 0.005180
2 2 0.005828 0.016195 0.885218 0.087859 0.004900
2 2 0.007331 0.018077 0.837920 0.131124 0.005549
2 2 0.007184 0.019306 0.862711 0.104805 0.005994
2 2 0.004672 0.013745 0.875882 0.101337 0.004365
2 2 0.003378 0.012792 0.921986 0.057616 0.004228
2 2 0.004027 0.017715 0.925700 0.046271 0.006287
2 2 0.003887 0.019678 0.936464 0.032774 0.007198
2 2 0.003817 0.022648 0.942112 0.022790 0.008632
2 2 0.005251 0.033585 0.926651 0.020942 0.013572
2 2 0.006941 0.046090 0.905215 0.022068 0.019686
2 2 0.011396 0.070141 0.854001 0.032690 0.031772
2 2 0.009175 0.061469 0.863728 0.036206 0.029423
2 2 0.046447 0.259873 0.415726 0.015644 0.262311
4 2 0.053603 0.267861 0.327724 0.013660 0.337152
2 4 0.058560 0.277588 0.360949 0.018812 0.284090
2 4 0.053970 0.271693 0.393161 0.018761 0.262415
2 4 0.043095 0.249207 0.505126 0.021427 0.181146
2 4 0.043243 0.251195 0.488528 0.019648 0.197385
2 4 0.038228 0.238975 0.527923 0.019013 0.175861
2 4 0.034862 0.230808 0.547544 0.017609 0.169177
2 4 0.031029 0.220078 0.574924 0.016307 0.157662
2 4 0.026580 0.205643 0.611667 0.014922 0.141187
2 4 0.023495 0.193423 0.644149 0.014383 0.124550
2 4 0.026324 0.205947 0.606619 0.014158 0.146952
2 4 0.026924 0.206611 0.610014 0.015163 0.141287
2 4 0.032536 0.227203 0.541783 0.014806 0.183672
2 4 0.028176 0.213405 0.582294 0.013999 0.162126
2 4 0.028164 0.213308 0.582828 0.014032 0.161668
2 4 0.024978 0.201960 0.613585 0.013293 0.146184
2 4 0.032086 0.225654 0.547757 0.014888 0.179616
2 4 0.030105 0.225886 0.474192 0.009167 0.260650
2 4 0.032543 0.229557 0.374260 0.006920 0.356720
4 4 0.029516 0.216101 0.315942 0.004688 0.433753
4 4 0.029600 0.213773 0.296531 0.004371 0.455725
4 4 0.029847 0.209841 0.267082 0.003949 0.489281
4 4 0.033933 0.224773 0.295834 0.005446 0.440014
4 4 0.037838 0.240519 0.354858 0.008282 0.358503
2 4 0.040096 0.245475 0.495659 0.017509 0.201261
2 4 0.024365 0.194910 0.645389 0.015686 0.119650
2 4 0.019171 0.171974 0.700399 0.014438 0.094018
2 4 0.016135 0.144094 0.750968 0.013307 0.075496
2 4 0.012436 0.100986 0.826565 0.012553 0.047460
2 4 0.009617 0.073164 0.874236 0.011431 0.031551
2 2 0.008007 0.054957 0.904225 0.011143 0.021668
2 2 0.026435 0.076329 0.828402 0.045117 0.023717
2 2 0.022153 0.045512 0.867651 0.053271 0.011413
2 0 0.046505 0.092929 0.751003 0.082951 0.026612
2 0 0.093128 0.193926 0.534813 0.110763 0.067370
2 0 0.129253 0.250994 0.408198 0.101899 0.109657
2 1 0.096633 0.249710 0.462484 0.091116 0.100057
2 1 0.074226 0.234637 0.524719 0.067921 0.098497
2 1 0.078596 0.266177 0.471754 0.064986 0.118488
2 0 0.030208 0.165659 0.700342 0.028205 0.075586
2 1 0.024248 0.137338 0.753164 0.024545 0.060705
2 1 0.027031 0.147305 0.733557 0.026845 0.065262
2 2 0.027732 0.153113 0.723527 0.026881 0.068747
2 2 0.038203 0.199111 0.636299 0.032918 0.093469
2 2 0.062474 0.216535 0.570842 0.059342 0.090807
2 0 0.051990 0.130098 0.701676 0.073081 0.043155
2 0 0.073322 0.139124 0.635829 0.108726 0.043000
2 0 0.143109 0.180807 0.467430 0.148071 0.060583
2 0 0.143266 0.167542 0.483251 0.151168 0.054773
2 1 0.212182 0.216383 0.340956 0.147928 0.082551
2 1 0.214176 0.231003 0.322945 0.140324 0.091552
0 1 0.285806 0.261092 0.207020 0.127557 0.118526
2 1 0.139796 0.300926 0.331428 0.091094 0.136756
2 1 0.118824 0.309777 0.343263 0.081313 0.146823
2 1 0.090590 0.298253 0.404885 0.069142 0.137130
2 2 0.076731 0.285925 0.444572 0.058468 0.134304
2 2 0.054700 0.258023 0.519490 0.041550 0.126236
2 2 0.046593 0.240775 0.557895 0.035870 0.118866
2 2 0.029696 0.181108 0.676215 0.025381 0.087599
2 2 0.018617 0.124079 0.781988 0.018539 0.056777
2 2 0.014746 0.098797 0.827015 0.016234 0.043208
2 2 0.018113 0.118905 0.790841 0.018505 0.053637
2 2 0.023199 0.128738 0.767943 0.024411 0.055709
2 2 0.033336 0.153635 0.713568 0.034577 0.064884
2 2 0.039061 0.167422 0.683280 0.039831 0.070406
2 2 0.054863 0.231788 0.560985 0.046594 0.105769
2 2 0.057921 0.256004 0.518525 0.045282 0.122268
2 2 0.058003 0.263010 0.507103 0.044082 0.127802
2 2 0.049478 0.246181 0.545467 0.038066 0.120808
2 2 0.025870 0.152520 0.727130 0.024489 0.069991
2 2 0.018787 0.116793 0.793149 0.019775 0.051497
2 2 0.013687 0.088720 0.844055 0.015998 0.037541
2 2 0.008411 0.055736 0.902288 0.011804 0.021761
2 2 0.006946 0.043689 0.922380 0.010962 0.016022
2 2 0.005812 0.037415 0.933667 0.009651 0.013456
2 2 0.005655 0.036706 0.935016 0.009429 0.013194
2 2 0.005879 0.040949 0.928653 0.009133 0.015386
2 2 0.005197 0.038494 0.933624 0.008066 0.014619
2 2 0.004221 0.030190 0.947445 0.007294 0.010850
2 2 0.003101 0.021103 0.962534 0.006260 0.007002
2 2 0.003347 0.022343 0.960208 0.006664 0.007437
2 2 0.002684 0.017916 0.967854 0.005805 0.005741
2 2 0.002463 0.016349 0.970518 0.005523 0.005147
2 2 0.001844 0.011520 0.976897 0.006250 0.003489
2 2 0.002699 0.015699 0.970305 0.006599 0.004698
2 2 0.003446 0.019126 0.963785 0.007837 0.005807
2 2 0.005139 0.029079 0.946322 0.009901 0.009559
2 2 0.004428 0.023958 0.954769 0.009350 0.007495
2 2 0.004858 0.027282 0.949395 0.009620 0.008845
2 2 0.005237 0.030014 0.944863 0.009920 0.009966
2 2 0.004520 0.027637 0.949983 0.008606 0.009254
2 2 0.003993 0.023131 0.956028 0.009339 0.007509
2 2 0.004220 0.023101 0.955159 0.010162 0.007358
2 2 0.004202 0.021117 0.955101 0.012962 0.006618
2 2 0.005461 0.026704 0.944816 0.014487 0.008532
