0 0 0.373230 0.197117 0.150246 0.048221 0.231186
0 0 0.373121 0.195534 0.150137 0.049450 0.231757
0 0 0.396875 0.193397 0.146709 0.048193 0.214826
0 0 0.527039 0.175711 0.123458 0.038407 0.135385
0 0 0.694330 0.137040 0.084757 0.022901 0.060973
0 0 0.414037 0.210145 0.144715 0.034782 0.196321
0 0 0.345018 0.230384 0.154996 0.030520 0.239083
4 0 0.165508 0.235164 0.165662 0.026320 0.407346
4 0 0.234937 0.245276 0.165406 0.026601 0.327780
4 0 0.148002 0.214531 0.163595 0.032748 0.441124
4 0 0.231211 0.204612 0.163728 0.047803 0.352647
0 0 0.343735 0.193745 0.153590 0.053859 0.255071
0 0 0.491473 0.190474 0.130700 0.035264 0.152090
0 0 0.427216 0.198476 0.142340 0.040329 0.191639
0 0 0.513089 0.178426 0.126283 0.039378 0.142824
0 0 0.638094 0.150218 0.098748 0.029553 0.083386
0 0 0.794603 0.110016 0.056875 0.010535 0.027971
0 0 0.703557 0.153333 0.079897 0.012254 0.050959
4 0 0.280833 0.231455 0.162121 0.032683 0.292907
4 0 0.135222 0.238309 0.163541 0.021695 0.441233
4 0 0.111930 0.232981 0.160213 0.019781 0.475094
4 0 0.136010 0.271106 0.190647 0.017561 0.384676
4 0 0.064728 0.188538 0.149743 0.022654 0.574337
4 0 0.067040 0.182842 0.145282 0.024493 0.580343
4 0 0.069618 0.181862 0.146119 0.025999 0.576402
4 0 0.062893 0.184408 0.143818 0.022148 0.586734
4 0 0.076624 0.183294 0.148576 0.028299 0.563207
4 0 0.096751 0.189526 0.154401 0.032792 0.526530
4 0 0.104658 0.195831 0.156598 0.032118 0.510795
4 0 0.165367 0.229877 0.165469 0.028357 0.410930
4 0 0.112259 0.269028 0.219441 0.019404 0.379869
4 0 0.098037 0.296398 0.289991 0.015809 0.299765
4 0 0.101938 0.301358 0.256835 0.014682 0.325187
2 0 0.119951 0.329181 0.392291 0.010517 0.148060
2 0 0.077167 0.247887 0.566087 0.012797 0.096061
2 0 0.087398 0.245102 0.571578 0.012918 0.083003
2 0 0.131485 0.288990 0.444825 0.014921 0.119779
2 0 0.172094 0.305464 0.369853 0.015753 0.136835
1 0 0.233499 0.306070 0.272332 0.018386 0.169714
2 0 0.268754 0.267557 0.281990 0.026271 0.155429
0 0 0.409191 0.224106 0.217864 0.032488 0.116351
0 0 0.492491 0.191998 0.145042 0.037318 0.133151
0 0 0.595876 0.162494 0.108583 0.031877 0.101170
0 0 0.650180 0.146403 0.095850 0.028931 0.078636
0 0 0.579010 0.166041 0.112376 0.033491 0.109083
0 0 0.505223 0.188037 0.127985 0.034337 0.144418
4 0 0.247686 0.215950 0.163859 0.041007 0.331498
4 0 0.207751 0.194861 0.172221 0.054180 0.370987
4 0 0.120638 0.191013 0.173395 0.041599 0.473356
4 0 0.096020 0.184682 0.153719 0.035144 0.530435
4 0 0.083332 0.199718 0.208639 0.032661 0.475650
4 0 0.058927 0.205970 0.274655 0.025634 0.434814
4 0 0.065592 0.190171 0.190382 0.026517 0.527339
4 0 0.070145 0.181662 0.146283 0.026311 0.575600
4 0 0.063314 0.184250 0.143973 0.022381 0.586082
4 0 0.062038 0.191747 0.152835 0.021393 0.571986
4 0 0.071417 0.218047 0.238745 0.026569 0.445221
4 0 0.090331 0.196284 0.177135 0.034510 0.501739
4 0 0.215346 0.198044 0.168562 0.053772 0.364276
0 0 0.455879 0.192751 0.141521 0.041042 0.168808
0 0 0.734531 0.120561 0.074552 0.021951 0.048404
0 0 0.805303 0.100923 0.054736 0.012287 0.026751
0 0 0.780237 0.120846 0.059794 0.009201 0.029923
0 0 0.716498 0.159103 0.073989 0.007967 0.042443
0 0 0.776113 0.129881 0.059004 0.006758 0.028244
0 0 0.724680 0.148579 0.073633 0.009982 0.043126
0 0 0.703617 0.145382 0.081219 0.015776 0.054006
0 0 0.663385 0.156157 0.091783 0.019564 0.069112
0 0 0.685075 0.148991 0.086332 0.018290 0.061312
0 0 0.729274 0.131656 0.075126 0.016578 0.047364
0 0 0.780430 0.111084 0.061566 0.013903 0.033017
0 0 0.790837 0.105198 0.058954 0.014213 0.030798
0 0 0.676031 0.144247 0.089284 0.023313 0.067125
0 0 0.596965 0.173923 0.107910 0.024524 0.096677
0 0 0.612920 0.171526 0.104028 0.022486 0.089041
0 0 0.633787 0.148817 0.099784 0.031750 0.085862
0 0 0.576230 0.143538 0.111413 0.053746 0.115073
0 0 0.555320 0.142879 0.115056 0.061116 0.125629
0 0 0.429741 0.165837 0.138736 0.068412 0.197274
0 0 0.414587 0.167947 0.141177 0.069046 0.207243
0 0 0.449712 0.161996 0.135226 0.068413 0.184654
0 0 0.509956 0.152561 0.124315 0.063776 0.149391
0 0 0.603180 0.138727 0.106930 0.050491 0.100672
0 0 0.635236 0.135904 0.098887 0.042115 0.087857
0 0 0.754437 0.114748 0.069220 0.019593 0.042002
0 0 0.811992 0.098847 0.052761 0.011438 0.024962
0 0 0.832609 0.092028 0.046582 0.008996 0.019784
0 0 0.829117 0.093229 0.047638 0.009391 0.020625
0 0 0.820402 0.096144 0.050256 0.010410 0.022788
0 0 0.828940 0.097437 0.046736 0.007448 0.019438
0 0 0.948952 0.037940 0.010983 0.000628 0.001497
0 0 0.936376 0.048798 0.012604 0.000450 0.001771
0 0 0.911970 0.068015 0.016814 0.000444 0.002757
0 0 0.865539 0.102528 0.025790 0.000578 0.005564
0 0 0.775078 0.116140 0.062575 0.012662 0.033545
0 0 0.512077 0.177018 0.126427 0.040634 0.143843
0 0 0.488056 0.173444 0.130596 0.048635 0.159269
0 0 0.546966 0.158752 0.118606 0.047435 0.128242
0 0 0.630786 0.136433 0.099869 0.043093 0.089818
0 0 0.565167 0.148969 0.114165 0.051601 0.120098
0 0 0.430974 0.178554 0.140339 0.055395 0.194737
4 0 0.256550 0.193282 0.161223 0.057579 0.331366
4 0 0.140160 0.186691 0.160218 0.047747 0.465184
4 0 0.089834 0.174021 0.151025 0.039061 0.546060
4 0 0.116585 0.178248 0.156465 0.046807 0.501894
4 0 0.213609 0.182852 0.161449 0.064532 0.377558
0 0 0.460374 0.170629 0.134893 0.057100 0.177005
0 0 0.749458 0.115929 0.070583 0.020386 0.043644
0 0 0.837148 0.090437 0.045206 0.008494 0.018715
0 0 0.878810 0.074148 0.032357 0.004522 0.010163
0 0 0.889787 0.069293 0.028936 0.003674 0.008310
0 0 0.921495 0.053698 0.019120 0.001716 0.003971
0 0 0.916536 0.056305 0.020639 0.001973 0.004547
0 0 0.921571 0.053657 0.019097 0.001712 0.003963
0 0 0.911099 0.059088 0.022314 0.002276 0.005223
0 0 0.901494 0.063822 0.025291 0.002865 0.006529
0 0 0.919709 0.054645 0.019666 0.001806 0.004174
0 0 0.930886 0.048571 0.016276 0.001279 0.002988
0 0 0.932470 0.047681 0.015801 0.001212 0.002836
0 0 0.908620 0.060332 0.023080 0.002421 0.005546
0 0 0.826543 0.094102 0.048414 0.009687 0.021254
0 0 0.798412 0.102996 0.056755 0.013189 0.028649
0 0 0.836480 0.090673 0.045409 0.008567 0.018871
0 0 0.846177 0.087171 0.042450 0.007536 0.016666
0 0 0.878191 0.074414 0.032549 0.004573 0.010272
0 0 0.850946 0.085390 0.040987 0.007051 0.015626
0 0 0.843970 0.087982 0.043126 0.007765 0.017157
0 0 0.839663 0.089541 0.044440 0.008222 0.018134
0 0 0.777951 0.118331 0.061175 0.010844 0.031699
0 0 0.649479 0.177168 0.117748 0.013279 0.042327
0 0 0.671976 0.170616 0.104435 0.011772 0.041201
0 0 0.684547 0.175939 0.082829 0.008058 0.048627
0 0 0.645965 0.199661 0.088781 0.007146 0.058448
0 0 0.640524 0.196785 0.091460 0.008442 0.062789
0 0 0.638873 0.192425 0.093077 0.009788 0.065837
0 0 0.632985 0.193705 0.094728 0.010222 0.068360
0 0 0.664862 0.179540 0.087318 0.009826 0.058454
0 0 0.588348 0.212855 0.104719 0.010638 0.083440
0 0 0.520926 0.242037 0.118511 0.010553 0.107973
0 0 0.432662 0.277740 0.134546 0.009968 0.145083
1 0 0.268057 0.323974 0.157388 0.008741 0.241841
1 0 0.229752 0.336794 0.159649 0.007518 0.266287
1 1 0.185513 0.348887 0.188689 0.007699 0.269211
1 1 0.195315 0.325787 0.175395 0.009408 0.294095
1 1 0.184673 0.322633 0.182996 0.010156 0.299543
4 1 0.174945 0.301385 0.164763 0.011085 0.347822
4 0 0.137621 0.267029 0.163980 0.014846 0.416525
4 1 0.103959 0.245093 0.159058 0.015540 0.476351
4 1 0.071184 0.232249 0.173655 0.015806 0.507106
4 2 0.044845 0.260581 0.247468 0.012230 0.434877
2 2 0.033620 0.251851 0.361104 0.011039 0.342386
2 2 0.033313 0.228474 0.458600 0.013572 0.266042
2 2 0.034263 0.186535 0.575071 0.019258 0.184872
2 2 0.031582 0.105669 0.754732 0.037801 0.070217
2 2 0.029307 0.076211 0.796615 0.053658 0.044209
2 2 0.020807 0.039331 0.841895 0.080826 0.017141
2 2 0.015345 0.031953 0.887895 0.054035 0.010771
2 2 0.010914 0.025110 0.913202 0.043417 0.007356
2 2 0.005860 0.015585 0.935317 0.039515 0.003723
2 2 0.005112 0.014086 0.938259 0.039380 0.003162
2 2 0.004887 0.013566 0.938470 0.040062 0.003016
2 2 0.002950 0.008515 0.929177 0.057457 0.001901
2 2 0.002510 0.006927 0.894103 0.094745 0.001716
2 2 0.003563 0.008088 0.802755 0.182795 0.002799
2 2 0.004622 0.009517 0.756226 0.225813 0.003822
2 2 0.003548 0.007194 0.683089 0.303144 0.003025
2 2 0.003243 0.006388 0.634095 0.353414 0.002860
2 3 0.003460 0.006082 0.527277 0.459849 0.003332
2 3 0.003079 0.005463 0.511252 0.477240 0.002965
3 3 0.003390 0.005688 0.475974 0.511552 0.003396
2 3 0.004419 0.007514 0.544653 0.439131 0.004283
3 3 0.005448 0.008099 0.447900 0.532811 0.005742
3 3 0.006310 0.008825 0.415750 0.562253 0.006863
3 3 0.005420 0.007089 0.332529 0.648675 0.006286
3 3 0.004602 0.005740 0.277349 0.706651 0.005658
3 3 0.004672 0.005678 0.262588 0.721204 0.005857
3 3 0.004802 0.005551 0.234761 0.748654 0.006233
3 3 0.003984 0.004695 0.221976 0.764208 0.005138
3 3 0.001888 0.002204 0.141380 0.851990 0.002538
3 3 0.002164 0.002321 0.120131 0.872342 0.003042
3 3 0.001865 0.001401 0.037136 0.956409 0.003188
3 3 0.001748 0.001301 0.034343 0.959616 0.002992
3 3 0.001885 0.001397 0.035564 0.957929 0.003225
3 3 0.006758 0.004689 0.063585 0.913541 0.011427
3 3 0.007759 0.005344 0.067606 0.906188 0.013103
3 3 0.014766 0.009823 0.089333 0.861294 0.024784
3 3 0.029770 0.019177 0.121880 0.779586 0.049587
3 3 0.066775 0.043064 0.191078 0.589394 0.109688
0 2 0.271277 0.123012 0.257865 0.195086 0.152760
2 2 0.322884 0.188409 0.340515 0.052819 0.095374
2 2 0.077624 0.149604 0.672109 0.034264 0.066399
2 2 0.065991 0.157584 0.669044 0.029260 0.078121
2 2 0.130570 0.233911 0.472323 0.025731 0.137464
1 2 0.191745 0.297588 0.207210 0.016614 0.286842
1 1 0.156627 0.326708 0.213151 0.010991 0.292523
1 2 0.127024 0.327791 0.300425 0.012532 0.232228
2 2 0.030615 0.163667 0.651098 0.019754 0.134865
2 2 0.025838 0.073459 0.827126 0.036839 0.036739
2 2 0.018517 0.037218 0.881333 0.049688 0.013245
2 2 0.008841 0.021076 0.918644 0.045498 0.005940
2 2 0.003445 0.009940 0.938756 0.045669 0.002190
2 2 0.002571 0.007837 0.940827 0.047158 0.001608
2 2 0.002115 0.006561 0.933007 0.056997 0.001320
2 2 0.001861 0.005533 0.908294 0.083065 0.001247
2 2 0.002037 0.005320 0.841022 0.150082 0.001538
2 2 0.001220 0.003275 0.777867 0.216689 0.000949
2 2 0.001142 0.002817 0.672724 0.322364 0.000954
2 2 0.001818 0.003860 0.609971 0.382710 0.001641
3 3 0.002043 0.003500 0.407803 0.584516 0.002138
3 3 0.002174 0.003142 0.277566 0.714563 0.002555
3 3 0.002387 0.002950 0.193593 0.797966 0.003104
3 3 0.003179 0.003800 0.205940 0.782941 0.004139
3 3 0.004565 0.005053 0.203441 0.780825 0.006117
3 3 0.006034 0.006806 0.246562 0.732785 0.007813
3 3 0.008311 0.007485 0.166029 0.805598 0.012577
3 3 0.007361 0.006606 0.154508 0.820251 0.011275
3 3 0.008565 0.006848 0.122465 0.848053 0.014069
3 3 0.011238 0.008162 0.104150 0.857651 0.018798
3 3 0.010303 0.006990 0.076562 0.888790 0.017354
3 3 0.004693 0.003319 0.053988 0.930036 0.007963
3 3 0.006296 0.004385 0.061607 0.917060 0.010653
3 3 0.004716 0.003334 0.054105 0.929845 0.008001
3 3 0.008262 0.005672 0.069508 0.902613 0.013945
3 3 0.006468 0.004498 0.062354 0.915738 0.010941
3 3 0.007488 0.005168 0.066551 0.908143 0.012650
3 3 0.004594 0.003253 0.053469 0.930888 0.007796
3 3 0.004653 0.003292 0.053778 0.930382 0.007895
3 3 0.004600 0.003257 0.053498 0.930840 0.007805
3 3 0.006187 0.004313 0.061127 0.917904 0.010470
3 3 0.004481 0.003177 0.052870 0.931866 0.007606
3 2 0.004534 0.003213 0.053152 0.931406 0.007695
3 2 0.005666 0.003968 0.058769 0.921999 0.009597
3 2 0.011399 0.007691 0.079989 0.881738 0.019181
3 3 0.018543 0.012566 0.110170 0.827747 0.030973
3 3 0.019424 0.013430 0.121977 0.812801 0.032367
3 3 0.025581 0.018387 0.165469 0.748260 0.042303
3 3 0.017213 0.012690 0.143082 0.798439 0.028577
3 3 0.021711 0.015983 0.161570 0.765121 0.035614
3 3 0.032076 0.021757 0.153442 0.739599 0.053125
3 3 0.019890 0.013762 0.124061 0.809157 0.033131
3 3 0.007429 0.005128 0.066315 0.908578 0.012550
3 3 0.005952 0.004158 0.060080 0.919734 0.010077
3 3 0.003840 0.002744 0.049291 0.937599 0.006526
3 3 0.003645 0.002612 0.048135 0.939411 0.006198
3 3 0.003473 0.002495 0.047087 0.941038 0.005908
3 3 0.002943 0.002132 0.043654 0.946257 0.005014
3 3 0.002659 0.001937 0.041673 0.949196 0.004535
3 3 0.002429 0.001777 0.039972 0.951678 0.004145
3 3 0.003542 0.002542 0.047512 0.940379 0.006025
3 3 0.002639 0.001923 0.041525 0.949413 0.004500
3 3 0.003586 0.002572 0.047779 0.939965 0.006099
3 3 0.004596 0.003254 0.053476 0.930876 0.007798
3 3 0.006592 0.004580 0.062886 0.914793 0.011150
3 3 0.007653 0.005275 0.067197 0.906948 0.012927
3 3 0.007796 0.005368 0.067748 0.905922 0.013165
3 3 0.007045 0.004877 0.064771 0.911399 0.011908
3 3 0.006785 0.004707 0.063697 0.913340 0.011472
3 3 0.006266 0.004365 0.061477 0.917289 0.010603
3 3 0.007590 0.005234 0.066948 0.907410 0.012819
3 3 0.006586 0.004576 0.062858 0.914842 0.011139
3 3 0.006822 0.004731 0.063854 0.913057 0.011535
3 3 0.006563 0.004561 0.062763 0.915011 0.011101
3 3 0.008164 0.005608 0.069144 0.903302 0.013781
3 3 0.008469 0.005806 0.070270 0.901163 0.014291
3 3 0.007380 0.005097 0.066124 0.908929 0.012470
3 3 0.007967 0.005480 0.068402 0.904699 0.013452
3 3 0.005805 0.004060 0.059410 0.920895 0.009830
3 3 0.005480 0.003844 0.057892 0.923501 0.009284
3 3 0.004957 0.003496 0.055336 0.927806 0.008406
3 3 0.006484 0.004509 0.062424 0.915614 0.010969
3 3 0.006163 0.004297 0.061022 0.918088 0.010430
3 3 0.006982 0.004836 0.064513 0.911867 0.011802
3 3 0.008308 0.005701 0.069676 0.902294 0.014021
3 3 0.017705 0.011661 0.096374 0.844594 0.029666
3 3 0.013042 0.008735 0.084746 0.871561 0.021916
3 2 0.086612 0.045167 0.169007 0.605531 0.093683
3 2 0.128946 0.062892 0.183865 0.500600 0.123697
0 1 0.376698 0.124235 0.172157 0.179347 0.147564
0 2 0.628692 0.136676 0.100328 0.043556 0.090747
0 2 0.641327 0.135152 0.097528 0.040792 0.085200
0 2 0.421951 0.136756 0.149559 0.123647 0.168087
0 2 0.523720 0.144225 0.120559 0.069470 0.142026
0 2 0.389394 0.140845 0.139254 0.113098 0.217410
0 2 0.392016 0.141475 0.138130 0.110529 0.217850
0 2 0.381487 0.149203 0.140929 0.099788 0.228593
0 2 0.380003 0.138404 0.144489 0.124001 0.213102
0 2 0.405742 0.138041 0.146957 0.122535 0.186725
0 2 0.282323 0.155720 0.261025 0.121753 0.179180
0 2 0.275363 0.161181 0.213916 0.107847 0.241694
2 2 0.116086 0.139357 0.375804 0.144009 0.224743
4 2 0.160698 0.156841 0.261130 0.117158 0.304173
4 2 0.155644 0.138216 0.204518 0.147390 0.354232
3 2 0.127644 0.091273 0.189128 0.329945 0.262010
3 2 0.129238 0.083216 0.180089 0.369338 0.238119
3 2 0.153645 0.089654 0.173821 0.334566 0.248314
3 2 0.162844 0.088283 0.170952 0.341864 0.236057
3 2 0.121574 0.071390 0.178878 0.429306 0.198852
3 2 0.128398 0.074774 0.177812 0.409986 0.209030
3 2 0.156475 0.083703 0.188510 0.370765 0.200546
3 2 0.177455 0.083242 0.188271 0.387912 0.163119
2 2 0.027109 0.049142 0.764218 0.125575 0.033956
2 2 0.024076 0.044317 0.796228 0.107372 0.028007
2 2 0.031899 0.088749 0.754975 0.053173 0.071204
2 2 0.034633 0.174409 0.554609 0.020936 0.215414
2 2 0.035988 0.191552 0.465370 0.018570 0.288520
2 2 0.033437 0.188194 0.475972 0.017340 0.285057
2 2 0.034156 0.191278 0.452858 0.017154 0.304553
2 2 0.031178 0.201870 0.388620 0.013326 0.365007
4 2 0.030070 0.198506 0.190757 0.008879 0.571789
4 2 0.033333 0.196913 0.154534 0.009137 0.606082
4 2 0.043012 0.192002 0.137946 0.012415 0.614625
4 2 0.041454 0.192464 0.206936 0.014820 0.544326
4 2 0.040068 0.194151 0.170647 0.012583 0.582551
4 4 0.046302 0.191339 0.179174 0.015968 0.567217
4 4 0.049826 0.189271 0.138077 0.015381 0.607444
4 4 0.054956 0.187375 0.140556 0.017923 0.599189
4 4 0.046768 0.190393 0.136438 0.013937 0.612464
4 4 0.032371 0.197638 0.173910 0.009355 0.586725
4 4 0.030656 0.196200 0.125119 0.007257 0.640768
4 4 0.030101 0.196396 0.124623 0.007057 0.641823
4 4 0.026643 0.197612 0.121318 0.005852 0.648574
4 4 0.026406 0.197695 0.121077 0.005772 0.649050
4 4 0.027540 0.197298 0.122214 0.006156 0.646791
4 4 0.026445 0.199221 0.137414 0.006169 0.630751
4 4 0.027168 0.197669 0.124008 0.006083 0.645073
4 4 0.029012 0.196780 0.123624 0.006668 0.643915
4 4 0.030009 0.196429 0.124540 0.007023 0.641999
4 4 0.031695 0.195831 0.126023 0.007639 0.638812
4 4 0.029523 0.196600 0.124097 0.006849 0.642931
4 4 0.028609 0.196922 0.123245 0.006527 0.644697
4 4 0.026289 0.197736 0.120957 0.005733 0.649285
4 4 0.026301 0.197732 0.120969 0.005737 0.649261
4 4 0.024323 0.198421 0.118861 0.005089 0.653306
4 4 0.021718 0.199319 0.115827 0.004280 0.658855
4 4 0.019786 0.199978 0.113355 0.003713 0.663168
4 4 0.018675 0.200353 0.111834 0.003399 0.665739
4 4 0.020088 0.199876 0.113755 0.003799 0.662482
4 4 0.034049 0.195113 0.129289 0.008574 0.632976
4 4 0.041264 0.193609 0.174008 0.013277 0.577842
4 4 0.045787 0.191327 0.188191 0.016171 0.558523
4 4 0.048731 0.190234 0.181596 0.017344 0.562095
4 4 0.056038 0.186603 0.194270 0.022192 0.540896
4 4 0.049410 0.189730 0.188479 0.018095 0.554286
4 4 0.050258 0.198926 0.207121 0.019844 0.523851
4 2 0.039525 0.206928 0.199562 0.013363 0.540622
4 2 0.047820 0.212459 0.306227 0.019817 0.413677
4 2 0.060337 0.199395 0.295104 0.030108 0.415056
2 2 0.070555 0.177074 0.423928 0.050195 0.278248
2 2 0.077070 0.164396 0.450827 0.066458 0.241249
2 2 0.088812 0.168182 0.526554 0.055895 0.160556
2 2 0.129097 0.205891 0.330821 0.049005 0.285185
4 2 0.145373 0.192613 0.219227 0.054003 0.388785
4 2 0.145811 0.172833 0.158524 0.061048 0.461783
4 2 0.203539 0.174170 0.160075 0.072267 0.389949
4 2 0.178462 0.174817 0.160356 0.067271 0.419094
4 2 0.199635 0.180379 0.161245 0.065234 0.393507
4 2 0.180187 0.174365 0.193510 0.071825 0.380113
4 2 0.187022 0.165829 0.197851 0.083900 0.365398
2 2 0.126150 0.152201 0.374730 0.107758 0.239162
2 2 0.127198 0.171404 0.372924 0.078770 0.249704
2 2 0.129807 0.111632 0.416035 0.192243 0.150283
2 2 0.111712 0.093785 0.504087 0.201363 0.089054
2 2 0.115682 0.086046 0.424980 0.272260 0.101033
3 2 0.050654 0.046372 0.400297 0.436548 0.066129
3 2 0.077201 0.058780 0.307276 0.444375 0.112369
3 2 0.118775 0.085914 0.222195 0.342963 0.230153
3 2 0.107140 0.063011 0.169728 0.483427 0.176694
3 2 0.077789 0.046714 0.160642 0.586613 0.128242
3 2 0.073241 0.044178 0.158433 0.603310 0.120838
3 2 0.089409 0.053125 0.165139 0.545203 0.147124
3 2 0.126357 0.077654 0.179162 0.402048 0.214778
4 3 0.176584 0.122747 0.186382 0.206724 0.307562
4 3 0.138965 0.122797 0.188898 0.192656 0.356685
4 3 0.132276 0.134295 0.184203 0.147257 0.401970
4 3 0.143120 0.129559 0.179033 0.161228 0.387061
4 3 0.197141 0.108688 0.173433 0.252382 0.268356
3 3 0.189493 0.093777 0.177282 0.325620 0.213827
3 3 0.152004 0.081723 0.175012 0.381980 0.209281
3 3 0.101173 0.059515 0.168196 0.504926 0.166190
3 3 0.088761 0.052770 0.164929 0.547467 0.146073
3 3 0.082221 0.049171 0.162544 0.570613 0.135450
3 3 0.093091 0.055136 0.166248 0.532428 0.153097
3 3 0.077932 0.046794 0.160707 0.586092 0.128475
3 3 0.066430 0.040350 0.154598 0.628888 0.109735
3 3 0.043260 0.027033 0.135639 0.722251 0.071818
3 3 0.041479 0.025988 0.133701 0.729940 0.068893
3 3 0.027379 0.017589 0.114782 0.794577 0.045674
3 3 0.036716 0.023178 0.128078 0.750966 0.061063
3 3 0.029342 0.018773 0.117872 0.785099 0.048914
3 3 0.028927 0.018523 0.117233 0.787088 0.048229
3 3 0.033190 0.021129 0.124496 0.765939 0.055246
3 3 0.032111 0.020713 0.128083 0.765675 0.053417
3 3 0.035444 0.022822 0.134812 0.748044 0.058878
3 3 0.039621 0.024895 0.131588 0.738055 0.065841
3 3 0.044140 0.027548 0.136566 0.718482 0.073263
3 3 0.029057 0.018602 0.117435 0.786461 0.048445
3 3 0.028896 0.018505 0.117186 0.787234 0.048179
3 3 0.024992 0.016141 0.110773 0.806363 0.041731
3 3 0.023106 0.014990 0.107385 0.815907 0.038612
3 3 0.022181 0.014424 0.105646 0.820668 0.037082
3 3 0.026882 0.017288 0.113972 0.797004 0.044854
3 3 0.031901 0.020310 0.121648 0.773008 0.053134
3 3 0.045429 0.028301 0.137889 0.713003 0.075378
3 3 0.039337 0.024728 0.131256 0.739305 0.065374
3 3 0.029044 0.018594 0.117415 0.786523 0.048423
3 3 0.020908 0.013642 0.103161 0.827315 0.034974
3 3 0.023810 0.015420 0.108675 0.812317 0.039777
3 3 0.022763 0.014780 0.106747 0.817664 0.038045
3 3 0.024054 0.015569 0.109114 0.811083 0.040180
3 3 0.021228 0.013838 0.103796 0.825634 0.035504
3 3 0.020420 0.013341 0.102178 0.829895 0.034166
3 3 0.016895 0.011156 0.094519 0.849111 0.028320
3 3 0.023303 0.015111 0.107750 0.814896 0.038939
3 3 0.026747 0.017206 0.113749 0.797668 0.044630
3 3 0.029850 0.019079 0.118643 0.782676 0.049752
3 3 0.040430 0.025371 0.132519 0.734511 0.067169
3 1 0.061450 0.037527 0.151355 0.648061 0.101606
3 2 0.062300 0.038010 0.151936 0.644761 0.102993
3 2 0.091894 0.049797 0.170027 0.574665 0.113617
3 1 0.128955 0.061368 0.185121 0.510143 0.114414
4 1 0.132297 0.159875 0.154978 0.069946 0.482904
4 2 0.101756 0.168403 0.171742 0.051327 0.506772
2 2 0.069793 0.160620 0.501761 0.067302 0.200523
2 2 0.041304 0.144238 0.672797 0.033763 0.107898
2 2 0.038291 0.141795 0.683488 0.031232 0.105195
2 2 0.037238 0.129873 0.704248 0.033271 0.095369
2 2 0.037124 0.105201 0.746211 0.041504 0.069960
2 2 0.028401 0.072837 0.806373 0.051199 0.041190
2 2 0.028618 0.060145 0.782534 0.090791 0.037912
2 2 0.029133 0.051649 0.752760 0.132935 0.033522
2 2 0.041426 0.079041 0.725050 0.098380 0.056103
2 2 0.039459 0.084163 0.754070 0.068851 0.053457
2 2 0.033103 0.080468 0.796193 0.046620 0.043615
2 2 0.027957 0.050712 0.832532 0.066428 0.022371
2 2 0.051225 0.077714 0.748886 0.080439 0.041737
2 2 0.116385 0.122796 0.647969 0.062705 0.050145
2 2 0.156214 0.133041 0.554354 0.084932 0.071459
2 2 0.109214 0.135190 0.594369 0.074936 0.086291
2 2 0.123003 0.111921 0.550932 0.133799 0.080345
2 2 0.101653 0.091609 0.506594 0.214866 0.085279
2 2 0.067422 0.068973 0.628658 0.188237 0.046710
2 2 0.030273 0.042167 0.695450 0.203596 0.028514
2 2 0.010510 0.020644 0.837127 0.123491 0.008229
2 2 0.020146 0.035519 0.820629 0.107897 0.015810
2 2 0.060758 0.082060 0.701181 0.106209 0.049793
2 2 0.108050 0.113336 0.630398 0.087505 0.060712
2 2 0.213369 0.169665 0.456003 0.064082 0.096881
0 2 0.384609 0.181342 0.194024 0.059882 0.180143
0 2 0.479538 0.176014 0.132280 0.048243 0.163925
0 2 0.458570 0.171889 0.135329 0.056273 0.177940
0 2 0.531534 0.143965 0.119247 0.067359 0.137895
0 2 0.341160 0.163666 0.171318 0.087117 0.236739
4 2 0.135241 0.158034 0.292854 0.104607 0.309263
2 1 0.099882 0.139200 0.522406 0.099062 0.139450
2 2 0.135051 0.146613 0.366860 0.131719 0.219757
2 2 0.245713 0.187174 0.374109 0.069024 0.123981
2 2 0.100508 0.182809 0.555265 0.044800 0.116618
2 2 0.039872 0.115846 0.704904 0.051767 0.087611
2 2 0.037499 0.070025 0.737190 0.107664 0.047622
2 2 0.043670 0.059859 0.669456 0.179835 0.047180
2 2 0.030567 0.048912 0.769500 0.123282 0.027739
2 2 0.018905 0.033256 0.821159 0.111437 0.015243
2 2 0.011446 0.024901 0.891513 0.064217 0.007923
2 2 0.012900 0.027107 0.885948 0.064854 0.009191
2 2 0.012560 0.027700 0.901707 0.049474 0.008559
2 2 0.010800 0.024013 0.903029 0.054602 0.007557
2 2 0.006294 0.015644 0.918575 0.055238 0.004249
2 2 0.007051 0.017230 0.919701 0.051216 0.004801
2 2 0.018392 0.033853 0.854192 0.078853 0.014711
2 2 0.050604 0.068941 0.724669 0.108960 0.046826
2 2 0.083470 0.107786 0.578376 0.117815 0.112552
2 2 0.115721 0.155860 0.401612 0.091513 0.235295
2 2 0.172506 0.166058 0.347446 0.090323 0.223667
4 2 0.261305 0.195492 0.179016 0.056806 0.307381
2 2 0.217201 0.217013 0.335299 0.047232 0.183255
2 2 0.164590 0.182556 0.522128 0.043540 0.087186
2 2 0.025441 0.050633 0.868625 0.040212 0.015089
2 2 0.024861 0.043879 0.885414 0.035853 0.009994
2 2 0.009777 0.024116 0.923039 0.037155 0.005912
2 2 0.008761 0.020517 0.907777 0.057083 0.005863
2 2 0.071543 0.142079 0.609342 0.056713 0.120324
2 2 0.085479 0.142408 0.584296 0.064233 0.123584
2 2 0.171352 0.194072 0.370749 0.061032 0.202795
0 2 0.282213 0.204772 0.278069 0.054319 0.180627
0 2 0.365509 0.195298 0.280541 0.048680 0.109972
2 2 0.186414 0.193464 0.540429 0.027268 0.052425
2 2 0.275775 0.199183 0.403374 0.040858 0.080809
0 2 0.416147 0.195208 0.144959 0.044517 0.199169
0 2 0.396951 0.200790 0.147146 0.042775 0.212338
0 2 0.330007 0.200944 0.155796 0.049255 0.263998
4 1 0.165866 0.163504 0.157609 0.076942 0.436078
4 2 0.122971 0.160484 0.154207 0.065368 0.496970
4 2 0.077353 0.175218 0.161275 0.038252 0.547903
4 2 0.059368 0.168516 0.240168 0.050378 0.481570
2 2 0.054807 0.127324 0.499783 0.112678 0.205407
2 2 0.045142 0.095424 0.655358 0.106945 0.097131
2 2 0.037028 0.069753 0.743968 0.097114 0.052137
2 2 0.027847 0.041936 0.765315 0.139281 0.025621
2 2 0.013984 0.025846 0.838189 0.110455 0.011525
2 2 0.012943 0.025701 0.868312 0.083069 0.009974
2 2 0.017157 0.031849 0.851620 0.085783 0.013591
2 2 0.014851 0.028522 0.859475 0.085577 0.011575
2 2 0.008374 0.018440 0.886987 0.080056 0.006143
2 2 0.009505 0.021416 0.903876 0.058492 0.006711
2 2 0.007179 0.017926 0.923054 0.047158 0.004683
2 2 0.010517 0.024102 0.907815 0.050534 0.007032
2 2 0.014058 0.030157 0.891251 0.055029 0.009504
2 2 0.016387 0.032590 0.871358 0.067818 0.011848
2 2 0.009519 0.021659 0.901089 0.061251 0.006482
2 2 0.014490 0.028581 0.863926 0.082201 0.010802
2 2 0.013405 0.026512 0.860803 0.089202 0.010078
2 2 0.022849 0.038240 0.805004 0.115044 0.018864
2 2 0.027853 0.043618 0.751816 0.150165 0.026547
2 2 0.019510 0.031510 0.768425 0.163475 0.017080
2 2 0.019658 0.031434 0.760993 0.170583 0.017332
2 2 0.024069 0.043282 0.773583 0.132981 0.026085
2 2 0.022784 0.038988 0.759525 0.155401 0.023302
2 2 0.022550 0.034744 0.752431 0.169847 0.020427
2 2 0.016069 0.026021 0.752764 0.190592 0.014554
2 2 0.011635 0.021474 0.805849 0.151494 0.009548
2 2 0.017584 0.029226 0.776048 0.162033 0.015109
2 2 0.014330 0.025228 0.793233 0.155293 0.011916
2 2 0.013644 0.023746 0.778835 0.172227 0.011548
2 2 0.020139 0.032781 0.775933 0.153781 0.017366
2 2 0.018714 0.029811 0.747930 0.187016 0.016529
2 2 0.018425 0.029897 0.758172 0.177565 0.015941
2 2 0.014240 0.022794 0.711398 0.238655 0.012913
2 2 0.009446 0.016714 0.733991 0.231675 0.008174
2 2 0.008609 0.015900 0.754896 0.213387 0.007208
2 2 0.012281 0.020532 0.718969 0.237484 0.010734
2 2 0.015449 0.023711 0.671483 0.275276 0.014081
2 2 0.012005 0.019033 0.656165 0.301905 0.010892
2 2 0.008459 0.012908 0.555665 0.414655 0.008312
3 2 0.011676 0.014813 0.443112 0.517268 0.013131
3 2 0.014448 0.015714 0.344382 0.607469 0.017988
3 2 0.013983 0.014970 0.327117 0.626255 0.017675
3 3 0.014647 0.016168 0.363871 0.587105 0.018209
3 3 0.012320 0.014293 0.381161 0.577163 0.015063
3 3 0.015230 0.016424 0.356285 0.592625 0.019436
3 3 0.018120 0.018914 0.350962 0.588924 0.023080
3 3 0.022762 0.015495 0.126874 0.796979 0.037890
3 3 0.019565 0.013857 0.133729 0.800319 0.032530
3 3 0.011073 0.007860 0.094797 0.867708 0.018562
3 3 0.010847 0.008294 0.123090 0.839696 0.018073
3 3 0.005623 0.004717 0.108472 0.872133 0.009055
3 3 0.004339 0.004798 0.193299 0.791809 0.005755
3 3 0.005437 0.005675 0.188304 0.793155 0.007428
3 3 0.007196 0.006392 0.144009 0.831505 0.010897
3 3 0.010537 0.007968 0.116041 0.847873 0.017581
3 3 0.016162 0.011549 0.122960 0.822401 0.026928
3 3 0.015047 0.010146 0.095009 0.854577 0.025221
3 3 0.017247 0.011375 0.095333 0.847139 0.028905
3 3 0.016845 0.011125 0.094404 0.849388 0.028238
3 3 0.042834 0.026783 0.135183 0.724080 0.071119
3 3 0.205423 0.095719 0.181792 0.321714 0.195352
0 3 0.347957 0.122885 0.172948 0.191600 0.164610
0 3 0.563285 0.142417 0.113587 0.059086 0.121626
0 3 0.639977 0.135322 0.097831 0.041084 0.085786
0 0 0.690304 0.127881 0.085971 0.030815 0.065029
0 0 0.775180 0.109510 0.063433 0.016435 0.035442
0 0 0.697699 0.135366 0.083934 0.023037 0.059964
0 0 0.397669 0.203361 0.147149 0.040949 0.210872
0 0 0.547025 0.170556 0.119270 0.037742 0.125407
0 0 0.611172 0.150922 0.104982 0.036468 0.096455
0 0 0.711163 0.124085 0.080719 0.026930 0.057103
0 0 0.705695 0.125123 0.082114 0.027927 0.059141
0 0 0.594790 0.158463 0.108800 0.035060 0.102887
0 0 0.603498 0.166417 0.106702 0.027491 0.095892
0 0 0.366287 0.253247 0.150845 0.020199 0.209423
0 1 0.373069 0.265087 0.148613 0.016348 0.196884
4 1 0.129353 0.240769 0.162942 0.020197 0.446740
4 1 0.147414 0.227599 0.164280 0.027026 0.433681
4 0 0.121992 0.220021 0.161193 0.025792 0.471001
4 0 0.220578 0.231895 0.165769 0.031711 0.350046
4 0 0.240318 0.215766 0.164226 0.040919 0.338770
0 0 0.423765 0.204702 0.143057 0.036796 0.191680
0 0 0.438805 0.207968 0.140477 0.032882 0.179868
0 0 0.490198 0.211047 0.130273 0.024271 0.144210
0 0 0.556600 0.199923 0.115715 0.019310 0.108453
0 0 0.636010 0.165058 0.098472 0.020978 0.079481
0 0 0.687173 0.135755 0.086721 0.025833 0.064518
0 0 0.526487 0.164159 0.122912 0.047845 0.138597
0 0 0.313099 0.187417 0.156039 0.061722 0.281723
4 0 0.223027 0.183859 0.161365 0.064460 0.367289
4 0 0.201884 0.189497 0.162639 0.057127 0.388854
4 0 0.210784 0.201275 0.163966 0.048772 0.375203
4 0 0.230055 0.214633 0.164594 0.041206 0.349512
4 0 0.228143 0.227210 0.165344 0.034247 0.345056
4 0 0.233954 0.255923 0.165363 0.022855 0.321904
4 1 0.173172 0.265758 0.166121 0.017716 0.377233
4 1 0.093109 0.261326 0.156829 0.011137 0.477599
4 1 0.064136 0.251318 0.147529 0.008378 0.528638
4 1 0.050131 0.250902 0.140804 0.006220 0.551943
4 1 0.041381 0.239296 0.135222 0.005700 0.578400
4 2 0.048228 0.255541 0.139777 0.005562 0.550893
4 1 0.048681 0.237592 0.139744 0.007202 0.566782
4 1 0.059815 0.245290 0.145570 0.008365 0.540959
4 1 0.058352 0.210182 0.143692 0.013477 0.574298
4 1 0.080524 0.219557 0.152449 0.017077 0.530392
4 1 0.110629 0.227874 0.159800 0.021040 0.480657
4 1 0.037043 0.266115 0.187330 0.006213 0.503299
4 1 0.032756 0.250365 0.219670 0.008295 0.488914
2 1 0.031105 0.227982 0.398652 0.011690 0.330570
2 2 0.030285 0.195499 0.524573 0.015071 0.234571
2 2 0.026152 0.144979 0.679912 0.018586 0.130372
2 2 0.024455 0.128241 0.717084 0.019612 0.110607
2 2 0.023820 0.107021 0.764412 0.023056 0.081691
2 2 0.022507 0.084933 0.808437 0.027145 0.056977
2 2 0.022066 0.056578 0.842464 0.045623 0.033269
2 2 0.020201 0.042233 0.851907 0.063171 0.022488
2 2 0.016613 0.030025 0.855576 0.083400 0.014386
2 2 0.010600 0.021482 0.879738 0.079574 0.008605
2 2 0.007267 0.015599 0.878944 0.092351 0.005839
2 2 0.005157 0.012361 0.903128 0.075489 0.003864
2 2 0.009094 0.020188 0.904952 0.058979 0.006787
2 2 0.015934 0.031589 0.885999 0.054057 0.012421
2 2 0.018819 0.039113 0.864977 0.057970 0.019121
2 2 0.018942 0.043188 0.861800 0.053361 0.022708
2 2 0.024942 0.080584 0.795417 0.038501 0.060556
2 2 0.025506 0.144672 0.669093 0.018027 0.142701
2 2 0.027264 0.177472 0.562442 0.014995 0.217827
2 2 0.028281 0.164026 0.601734 0.017563 0.188396
2 2 0.028932 0.113823 0.713682 0.035211 0.108352
2 2 0.027627 0.096780 0.768331 0.035880 0.071381
2 2 0.024402 0.066775 0.812595 0.054767 0.041460
2 2 0.019348 0.038841 0.841144 0.081578 0.019089
2 2 0.011436 0.022105 0.853435 0.103607 0.009416
2 2 0.006822 0.014647 0.862447 0.110715 0.005370
2 2 0.007615 0.016322 0.864877 0.105382 0.005804
2 2 0.004932 0.011925 0.888017 0.091616 0.003510
2 2 0.003082 0.007940 0.877060 0.109719 0.002198
2 2 0.002604 0.007221 0.900068 0.088345 0.001763
2 2 0.003188 0.008469 0.894465 0.091702 0.002176
2 2 0.004026 0.010016 0.885264 0.097822 0.002872
2 2 0.005264 0.012063 0.868720 0.109991 0.003962
2 2 0.005368 0.012734 0.891336 0.086646 0.003915
2 2 0.009180 0.018631 0.852859 0.112085 0.007245
2 2 0.015675 0.028283 0.831186 0.111902 0.012954
2 2 0.018372 0.031527 0.809314 0.125338 0.015448
2 2 0.015354 0.028117 0.834633 0.109471 0.012425
2 2 0.012554 0.026064 0.882636 0.069567 0.009179
2 2 0.006824 0.015475 0.886638 0.086053 0.005009
2 2 0.004621 0.011262 0.887946 0.092864 0.003307
2 2 0.007194 0.016565 0.893589 0.077554 0.005098
2 2 0.009130 0.020643 0.896229 0.067713 0.006285
2 2 0.009448 0.021101 0.900176 0.063326 0.005949
2 2 0.015617 0.030492 0.893416 0.052510 0.007965
2 2 0.031777 0.047686 0.835378 0.069952 0.015207
2 2 0.037294 0.058638 0.817549 0.065634 0.020884
2 2 0.028695 0.072308 0.823212 0.043140 0.032646
2 2 0.022184 0.062243 0.854287 0.035076 0.026211
2 2 0.014395 0.036183 0.906255 0.032568 0.010599
2 2 0.012710 0.030696 0.918987 0.030082 0.007526
2 2 0.016065 0.040168 0.895923 0.034479 0.013366
2 2 0.016058 0.035814 0.897980 0.038442 0.011707
2 2 0.015427 0.041742 0.897040 0.031565 0.014226
2 2 0.014369 0.043994 0.899560 0.027262 0.014814
2 2 0.020594 0.074373 0.842653 0.026905 0.035474
2 2 0.026253 0.132990 0.730263 0.020482 0.090011
4 2 0.041828 0.225334 0.354051 0.016657 0.362130
4 1 0.035019 0.194646 0.128724 0.008907 0.632703
4 1 0.034166 0.194951 0.128057 0.008575 0.634250
4 1 0.036247 0.194207 0.129655 0.009393 0.630499
4 1 0.051289 0.188732 0.138817 0.016091 0.605071
4 1 0.094400 0.172208 0.151784 0.042320 0.539288
4 2 0.130253 0.172971 0.157266 0.055915 0.483595
4 2 0.168910 0.197193 0.163201 0.046348 0.424348
0 1 0.297385 0.222739 0.160396 0.036780 0.282700
0 1 0.511196 0.190146 0.126754 0.031936 0.139968
0 0 0.714378 0.134674 0.079270 0.018833 0.052845
0 0 0.763063 0.115175 0.066595 0.016636 0.038531
0 0 0.631211 0.165512 0.099721 0.021783 0.081772
0 0 0.655612 0.158576 0.093716 0.020053 0.072043
0 0 0.668377 0.164437 0.089192 0.014597 0.063398
0 0 0.674129 0.166921 0.086930 0.012537 0.059482
0 0 0.538088 0.229018 0.116232 0.012025 0.104636
4 0 0.164486 0.293655 0.164930 0.011844 0.365085
4 0 0.095741 0.289490 0.157087 0.007937 0.449744
4 1 0.053028 0.257986 0.142431 0.006068 0.540487
4 1 0.034229 0.225317 0.129490 0.005407 0.605557
4 1 0.033995 0.219599 0.129099 0.005826 0.611481
4 1 0.037014 0.222328 0.131593 0.006272 0.602793
4 2 0.031547 0.195884 0.125896 0.007584 0.639089
4 2 0.033889 0.245981 0.201141 0.008440 0.510549
2 2 0.030058 0.266001 0.350654 0.008789 0.344499
2 2 0.027216 0.248912 0.441073 0.009217 0.273582
2 2 0.027686 0.234344 0.414931 0.009862 0.313177
2 2 0.026824 0.195106 0.529486 0.012889 0.235696
2 2 0.029630 0.182750 0.519425 0.015780 0.252415
2 2 0.028354 0.144027 0.650088 0.020784 0.156746
2 2 0.028688 0.146683 0.652016 0.020665 0.151947
2 2 0.025609 0.109108 0.755211 0.024858 0.085212
2 2 0.025598 0.103863 0.767888 0.026126 0.076526
2 2 0.020227 0.063253 0.852534 0.031195 0.032791
2 2 0.015919 0.051073 0.884090 0.027568 0.021350
2 2 0.013782 0.030130 0.909144 0.037134 0.009809
2 2 0.014271 0.030504 0.906102 0.038644 0.010479
2 2 0.008983 0.022177 0.934927 0.027792 0.006121
2 2 0.012094 0.027280 0.917744 0.034275 0.008608
2 2 0.011079 0.024479 0.914002 0.042184 0.008256
2 2 0.008527 0.020343 0.926997 0.038082 0.006051
2 2 0.009844 0.022689 0.919884 0.040553 0.007031
2 2 0.013675 0.028639 0.899734 0.047673 0.010280
2 2 0.012140 0.024945 0.889690 0.063779 0.009447
2 2 0.015060 0.030500 0.885949 0.057214 0.011278
2 2 0.023013 0.050683 0.861769 0.044735 0.019800
2 1 0.040369 0.090811 0.792367 0.037649 0.038804
2 2 0.058324 0.169809 0.592422 0.035354 0.144090
4 2 0.075773 0.203973 0.280074 0.034982 0.405197
4 2 0.079633 0.201069 0.151065 0.022282 0.545952
4 1 0.061982 0.208868 0.145229 0.014793 0.569129
4 1 0.037922 0.196175 0.131032 0.009664 0.625206
4 2 0.026853 0.197539 0.121530 0.005922 0.648157
4 2 0.027826 0.199755 0.125328 0.006247 0.640843
4 2 0.030590 0.240711 0.184798 0.007187 0.536714
4 2 0.032060 0.241268 0.246415 0.008947 0.471309
2 2 0.026388 0.214144 0.519637 0.011232 0.228599
2 2 0.022523 0.159047 0.679835 0.013661 0.124934
2 2 0.020551 0.094044 0.812190 0.021316 0.051900
2 2 0.020701 0.083262 0.827320 0.024363 0.044353
2 2 0.004564 0.012224 0.931234 0.048944 0.003035
2 2 0.006423 0.015493 0.912974 0.060581 0.004529
2 2 0.003548 0.008876 0.887428 0.097508 0.002640
2 2 0.004079 0.009029 0.820646 0.162910 0.003336
2 2 0.003174 0.007156 0.795289 0.191757 0.002625
2 2 0.007055 0.014428 0.833732 0.139003 0.005783
2 2 0.007691 0.016201 0.859857 0.110231 0.006020
2 2 0.007532 0.015782 0.857449 0.113249 0.005988
2 2 0.008695 0.018009 0.869012 0.097337 0.006947
2 2 0.006924 0.015533 0.889100 0.083210 0.005234
2 2 0.007798 0.017438 0.895345 0.073614 0.005806
2 2 0.007531 0.016069 0.867861 0.102660 0.005878
2 2 0.005636 0.011774 0.815352 0.162621 0.004617
2 2 0.006128 0.011336 0.717920 0.259096 0.005520
2 2 0.014626 0.021065 0.623587 0.325950 0.014772
2 2 0.014450 0.020806 0.612372 0.337964 0.014408
2 2 0.018601 0.022513 0.486632 0.451289 0.020964
3 2 0.020616 0.023548 0.456752 0.474658 0.024427
2 2 0.038296 0.041729 0.466875 0.401595 0.051505
2 2 0.055875 0.132141 0.490865 0.099926 0.221193
4 2 0.050953 0.183584 0.240486 0.024341 0.500635
4 2 0.041266 0.193569 0.177589 0.013435 0.574140
4 4 0.032450 0.195563 0.126661 0.007921 0.637405
4 4 0.027336 0.197370 0.122013 0.006087 0.647195
4 4 0.027430 0.197337 0.122106 0.006119 0.647009
4 4 0.026553 0.197644 0.121226 0.005821 0.648756
4 4 0.029583 0.196579 0.124153 0.006871 0.642814
4 4 0.025875 0.197881 0.120527 0.005595 0.650122
4 4 0.023386 0.198745 0.117806 0.004793 0.655270
4 4 0.042236 0.192045 0.133754 0.011898 0.620067
4 4 0.070249 0.181622 0.146316 0.026373 0.575440
4 4 0.083693 0.176434 0.149816 0.034858 0.555199
4 1 0.091315 0.173435 0.151284 0.040105 0.543861
4 1 0.095798 0.171651 0.151994 0.043340 0.537218
4 2 0.166176 0.209161 0.164253 0.038403 0.422007
4 2 0.092457 0.191222 0.153618 0.030484 0.532219
4 4 0.064700 0.183727 0.144474 0.023158 0.583941
4 4 0.034093 0.194977 0.127999 0.008546 0.634384
4 4 0.032523 0.195537 0.126721 0.007948 0.637271
4 4 0.034318 0.194897 0.128177 0.008634 0.633974
4 4 0.035617 0.194432 0.129182 0.009143 0.631626
4 4 0.034227 0.194929 0.128106 0.008598 0.634139
4 4 0.051123 0.188793 0.138735 0.016009 0.605340
4 4 0.038370 0.193443 0.131188 0.010256 0.626743
4 4 0.042039 0.192116 0.133630 0.011812 0.620402
4 4 0.039323 0.193099 0.131847 0.010652 0.625079
4 4 0.045100 0.191003 0.135487 0.013172 0.615238
4 4 0.055709 0.187095 0.140894 0.018308 0.597994
4 4 0.059846 0.185552 0.142641 0.020484 0.591477
4 4 0.039784 0.192933 0.132159 0.010846 0.624279
4 4 0.049983 0.189213 0.138158 0.015456 0.607189
4 4 0.041847 0.192186 0.133508 0.011729 0.620730
4 4 0.041919 0.192160 0.133553 0.011760 0.620608
4 4 0.031454 0.195917 0.125816 0.007550 0.639263
4 4 0.035890 0.194335 0.129388 0.009251 0.631137
4 4 0.036892 0.193975 0.130131 0.009652 0.629351
4 4 0.039025 0.193207 0.131643 0.010528 0.625598
4 4 0.025718 0.197936 0.120363 0.005543 0.650440
4 4 0.024124 0.198490 0.118640 0.005026 0.653720
4 4 0.023800 0.198602 0.118276 0.004923 0.654399
4 4 0.098774 0.170458 0.152406 0.045548 0.532814
4 4 0.100702 0.169681 0.152650 0.047005 0.529962
4 4 0.093235 0.172673 0.151601 0.041477 0.541015
4 4 0.087600 0.174902 0.150611 0.037508 0.549380
4 4 0.082405 0.176936 0.149533 0.034003 0.557123
4 4 0.062605 0.184517 0.143710 0.021988 0.587181
4 4 0.061329 0.184996 0.143225 0.021287 0.589164
4 4 0.060697 0.185233 0.142979 0.020944 0.590147
4 4 0.064352 0.183858 0.144350 0.022962 0.584478
4 4 0.065415 0.183457 0.144726 0.023563 0.582838
4 4 0.069916 0.181748 0.146212 0.026176 0.575947
4 4 0.090090 0.173920 0.151070 0.039240 0.545680
4 4 0.101533 0.169345 0.152749 0.047640 0.528734
4 4 0.110438 0.165712 0.153604 0.054683 0.515563
4 4 0.125498 0.159412 0.154249 0.067635 0.493206
4 4 0.129921 0.157522 0.154261 0.071698 0.486598
4 4 0.119389 0.161993 0.154103 0.062220 0.502296
4 4 0.084088 0.176279 0.149900 0.035122 0.554610
4 4 0.058644 0.186002 0.142152 0.019842 0.593361
4 4 0.066126 0.183188 0.144972 0.023968 0.581746
4 4 0.078156 0.178586 0.148525 0.031244 0.563489
4 4 0.097341 0.171033 0.152213 0.044479 0.534934
4 4 0.103581 0.168516 0.152979 0.049220 0.525705
4 4 0.094546 0.172151 0.151806 0.042425 0.539072
4 4 0.103353 0.168608 0.152954 0.049043 0.526042
4 4 0.076145 0.179362 0.148006 0.029974 0.566513
4 4 0.081083 0.177451 0.149232 0.033134 0.559100
4 4 0.060390 0.185348 0.142857 0.020777 0.590627
4 4 0.052821 0.188166 0.139563 0.016847 0.602603
4 4 0.064655 0.183744 0.144458 0.023132 0.584011
4 4 0.061222 0.185036 0.143183 0.021229 0.589329
4 4 0.057438 0.186452 0.141646 0.019206 0.595259
4 4 0.036981 0.193943 0.130196 0.009688 0.629192
4 4 0.028188 0.197071 0.122843 0.006380 0.645518
4 4 0.022784 0.198953 0.117107 0.004605 0.656551
4 4 0.018972 0.200253 0.112248 0.003482 0.665045
