0 0 0.977609 0.012787 0.000455 0.000002 0.009147
0 0 0.963962 0.013475 0.000478 0.000001 0.022083
0 0 0.944925 0.013798 0.000529 0.000001 0.040746
0 0 0.963374 0.010178 0.000349 0.000001 0.026098
0 0 0.930867 0.013467 0.000636 0.000002 0.055028
0 0 0.939644 0.015191 0.000780 0.000003 0.044382
0 0 0.943901 0.016506 0.000914 0.000005 0.038674
0 0 0.926380 0.022133 0.001682 0.000014 0.049790
0 0 0.927972 0.032071 0.003201 0.000052 0.036703
0 0 0.936228 0.033719 0.004084 0.000097 0.025872
0 0 0.935503 0.032526 0.003764 0.000081 0.028126
0 0 0.938498 0.030036 0.003254 0.000061 0.028151
0 0 0.956016 0.026522 0.002507 0.000044 0.014911
0 0 0.964468 0.023463 0.001848 0.000026 0.010195
0 0 0.970662 0.021044 0.001205 0.000012 0.007077
0 0 0.975026 0.017304 0.000744 0.000005 0.006921
0 0 0.975791 0.015935 0.000574 0.000003 0.007698
0 0 0.966452 0.020513 0.000959 0.000006 0.012070
0 0 0.965378 0.023070 0.001143 0.000009 0.010401
0 0 0.967761 0.024387 0.001201 0.000011 0.006640
0 0 0.973265 0.020965 0.000894 0.000007 0.004869
0 0 0.973917 0.020802 0.000844 0.000006 0.004431
0 0 0.971454 0.023580 0.001045 0.000010 0.003912
0 0 0.970282 0.025175 0.001191 0.000013 0.003338
0 0 0.968894 0.026898 0.001418 0.000020 0.002770
0 0 0.970301 0.025885 0.001292 0.000017 0.002505
0 0 0.972884 0.023952 0.001105 0.000013 0.002047
0 0 0.975126 0.021943 0.000960 0.000010 0.001960
0 0 0.974000 0.022764 0.001019 0.000011 0.002205
0 0 0.977275 0.020465 0.000781 0.000007 0.001472
0 0 0.969653 0.025540 0.001355 0.000017 0.003435
0 0 0.971226 0.023404 0.001270 0.000015 0.004085
0 0 0.963409 0.027337 0.001882 0.000028 0.007344
0 0 0.969934 0.021393 0.001245 0.000013 0.007416
0 0 0.971091 0.020812 0.001206 0.000012 0.006878
0 0 0.963496 0.023831 0.001716 0.000022 0.010935
0 0 0.964750 0.023528 0.001832 0.000026 0.009864
0 0 0.961419 0.023919 0.001783 0.000022 0.012855
0 0 0.967549 0.021268 0.001268 0.000012 0.009902
0 0 0.979506 0.015080 0.000590 0.000003 0.004821
0 0 0.978491 0.016933 0.000601 0.000003 0.003971
0 0 0.978236 0.018556 0.000570 0.000003 0.002635
0 0 0.980828 0.017017 0.000439 0.000002 0.001715
0 0 0.973557 0.021014 0.000615 0.000003 0.004811
0 0 0.969698 0.023990 0.000884 0.000006 0.005422
0 0 0.972603 0.022639 0.000790 0.000005 0.003963
0 0 0.971420 0.023807 0.000890 0.000007 0.003876
0 0 0.962641 0.031974 0.001428 0.000016 0.003941
0 0 0.958228 0.036405 0.001745 0.000024 0.003596
0 1 0.947511 0.046283 0.002701 0.000057 0.003449
0 1 0.938281 0.053110 0.004027 0.000121 0.004461
0 0 0.922791 0.064621 0.006148 0.000254 0.006186
0 0 0.923882 0.064059 0.006266 0.000275 0.005518
0 1 0.914622 0.070184 0.007918 0.000416 0.006859
0 1 0.926636 0.061283 0.006089 0.000262 0.005730
0 0 0.945316 0.047523 0.003517 0.000101 0.003542
0 1 0.944870 0.047867 0.003361 0.000089 0.003813
0 1 0.949977 0.043401 0.002460 0.000046 0.004115
0 1 0.933647 0.055081 0.004137 0.000110 0.007025
0 1 0.919703 0.066458 0.005827 0.000208 0.007803
0 2 0.599331 0.296627 0.075137 0.002212 0.026694
0 2 0.521338 0.349501 0.101667 0.002257 0.025237
0 2 0.409620 0.405123 0.149601 0.003335 0.032321
1 2 0.294881 0.442471 0.218233 0.005166 0.039249
1 2 0.119650 0.461435 0.370087 0.006557 0.042272
2 2 0.090311 0.424886 0.436141 0.007594 0.041067
2 2 0.058744 0.336474 0.557881 0.010127 0.036774
2 2 0.044525 0.273713 0.632830 0.013854 0.035078
2 2 0.036656 0.238763 0.677192 0.015158 0.032232
2 2 0.046425 0.252516 0.651160 0.015702 0.034197
2 2 0.027119 0.193886 0.732402 0.017724 0.028869
2 2 0.026072 0.197505 0.732628 0.015898 0.027897
2 2 0.015127 0.140700 0.804704 0.017560 0.021909
2 2 0.010700 0.102801 0.845806 0.022007 0.018687
2 2 0.006737 0.074624 0.878146 0.025136 0.015357
2 2 0.006921 0.074095 0.878678 0.025106 0.015201
2 2 0.006131 0.059557 0.889740 0.030719 0.013854
2 3 0.009045 0.070804 0.870234 0.033455 0.016461
2 3 0.009487 0.068466 0.865384 0.039380 0.017285
2 3 0.018758 0.100334 0.819045 0.038638 0.023226
2 3 0.057711 0.179584 0.695546 0.032623 0.034536
2 3 0.128410 0.282671 0.516548 0.025229 0.047142
1 3 0.249033 0.374702 0.303852 0.016742 0.055671
0 0 0.457486 0.344336 0.148140 0.007921 0.042117
0 0 0.598590 0.289611 0.082613 0.003052 0.026134
0 1 0.789711 0.168283 0.028415 0.001019 0.012572
0 1 0.837357 0.132670 0.019320 0.000769 0.009884
0 2 0.767810 0.184230 0.030143 0.001022 0.016796
0 2 0.644248 0.264935 0.058890 0.002032 0.029895
0 1 0.715223 0.215533 0.047435 0.002021 0.019788
0 2 0.661178 0.237873 0.068227 0.004015 0.028707
0 2 0.723418 0.197680 0.050726 0.003255 0.024921
0 0 0.795605 0.155978 0.030672 0.001934 0.015811
0 0 0.917509 0.065501 0.007926 0.000405 0.008660
0 0 0.905781 0.066912 0.009330 0.000471 0.017505
0 0 0.906458 0.063600 0.008324 0.000355 0.021263
0 0 0.919998 0.061640 0.006921 0.000287 0.011154
0 0 0.932550 0.051618 0.004967 0.000152 0.010712
0 0 0.932799 0.050335 0.005058 0.000157 0.011651
0 1 0.939889 0.046912 0.004158 0.000114 0.008927
0 1 0.918384 0.066302 0.007289 0.000345 0.007680
0 2 0.868037 0.110969 0.013009 0.000437 0.007548
0 2 0.836760 0.134046 0.018550 0.000668 0.009975
0 2 0.857158 0.117454 0.015567 0.000650 0.009171
0 2 0.858364 0.114537 0.015784 0.000811 0.010504
0 1 0.781444 0.173732 0.030185 0.001111 0.013529
0 2 0.737262 0.207360 0.039242 0.001193 0.014942
0 1 0.791540 0.171993 0.025523 0.000620 0.010324
0 1 0.881681 0.101642 0.010630 0.000294 0.005754
0 0 0.897721 0.087966 0.008780 0.000283 0.005250
0 0 0.900732 0.083502 0.009057 0.000420 0.006289
0 1 0.905856 0.079013 0.008540 0.000424 0.006166
0 0 0.931065 0.059133 0.004860 0.000170 0.004772
0 1 0.937772 0.053683 0.003971 0.000116 0.004457
0 1 0.935280 0.056226 0.004365 0.000145 0.003984
0 2 0.916969 0.071979 0.006482 0.000230 0.004340
0 2 0.870099 0.110273 0.012591 0.000377 0.006660
0 2 0.820204 0.149635 0.020527 0.000543 0.009091
0 2 0.720604 0.222827 0.041196 0.000997 0.014376
0 2 0.684218 0.240654 0.054167 0.001806 0.019155
1 2 0.130986 0.453049 0.363096 0.007748 0.045121
2 2 0.053130 0.343008 0.551695 0.011552 0.040615
2 2 0.018815 0.208844 0.732236 0.012840 0.027265
2 2 0.005001 0.084939 0.878129 0.017203 0.014729
2 2 0.002746 0.046902 0.918156 0.022119 0.010077
2 2 0.002284 0.033097 0.926327 0.029699 0.008594
2 2 0.003425 0.040750 0.911910 0.033255 0.010660
2 2 0.004312 0.040580 0.899142 0.043954 0.012012
2 2 0.006038 0.039624 0.872820 0.067276 0.014242
2 2 0.007966 0.041148 0.851443 0.083319 0.016125
2 2 0.016450 0.062823 0.806084 0.090978 0.023667
2 2 0.020248 0.069558 0.789508 0.094524 0.026161
2 2 0.037059 0.082274 0.709972 0.134949 0.035746
2 3 0.027554 0.046514 0.651799 0.243993 0.030140
2 3 0.037298 0.038708 0.510697 0.379785 0.033512
2 3 0.030307 0.037349 0.556571 0.345146 0.030627
2 3 0.044939 0.040892 0.455754 0.420525 0.037890
2 3 0.081640 0.086216 0.532762 0.247646 0.051735
2 3 0.212628 0.181854 0.400281 0.130460 0.074777
0 3 0.341620 0.269842 0.270511 0.047663 0.070365
0 3 0.559698 0.250243 0.117590 0.019716 0.052753
0 2 0.501516 0.273735 0.143207 0.021036 0.060507
0 2 0.552301 0.271095 0.116201 0.010442 0.049961
0 0 0.837420 0.114795 0.024449 0.002194 0.021143
0 0 0.905830 0.069804 0.010229 0.000539 0.013598
0 0 0.929268 0.055574 0.006132 0.000248 0.008778
0 0 0.937836 0.051533 0.004776 0.000168 0.005688
0 1 0.931557 0.058181 0.005265 0.000205 0.004793
0 1 0.847618 0.121744 0.018489 0.000796 0.011353
0 0 0.926101 0.060455 0.006399 0.000281 0.006764
0 0 0.954577 0.037254 0.002939 0.000070 0.005160
0 0 0.972164 0.022120 0.001163 0.000012 0.004541
0 0 0.976409 0.017356 0.000707 0.000004 0.005524
0 0 0.984462 0.012925 0.000362 0.000001 0.002250
0 0 0.980400 0.016486 0.000488 0.000002 0.002624
0 0 0.980740 0.017256 0.000469 0.000003 0.001532
0 0 0.972254 0.025209 0.000852 0.000008 0.001678
0 0 0.964082 0.033061 0.001323 0.000018 0.001517
0 0 0.953395 0.042725 0.002017 0.000037 0.001826
0 1 0.932892 0.060857 0.003758 0.000067 0.002426
0 1 0.890566 0.097259 0.008064 0.000129 0.003982
0 1 0.907254 0.081960 0.006771 0.000149 0.003867
0 1 0.909567 0.076613 0.007869 0.000317 0.005633
0 0 0.907717 0.073280 0.009336 0.000491 0.009176
0 0 0.921278 0.061633 0.007482 0.000361 0.009247
0 0 0.952379 0.039090 0.003169 0.000080 0.005282
0 0 0.967732 0.026813 0.001593 0.000023 0.003839
0 0 0.981171 0.016242 0.000570 0.000004 0.002013
0 0 0.978863 0.018201 0.000654 0.000005 0.002277
0 0 0.982100 0.015928 0.000469 0.000003 0.001500
0 0 0.979253 0.018622 0.000621 0.000005 0.001499
0 0 0.981075 0.016847 0.000533 0.000003 0.001541
0 0 0.983088 0.014877 0.000456 0.000003 0.001577
0 0 0.978374 0.018477 0.000683 0.000005 0.002461
0 0 0.977476 0.019488 0.000735 0.000006 0.002295
0 1 0.977021 0.020845 0.000725 0.000006 0.001403
0 1 0.967112 0.029902 0.001244 0.000016 0.001727
0 0 0.957453 0.038652 0.001874 0.000033 0.001987
0 0 0.956012 0.039669 0.002010 0.000036 0.002271
0 0 0.940038 0.051715 0.003854 0.000112 0.004281
0 0 0.945009 0.047476 0.003058 0.000070 0.004388
0 0 0.949854 0.042903 0.002644 0.000053 0.004547
0 0 0.936266 0.053190 0.004036 0.000109 0.006399
0 0 0.932326 0.058149 0.004702 0.000160 0.004663
0 0 0.944693 0.048600 0.003406 0.000096 0.003204
0 1 0.917294 0.068114 0.006672 0.000279 0.007641
0 1 0.932628 0.053866 0.004967 0.000160 0.008379
0 2 0.938137 0.046933 0.004427 0.000125 0.010378
0 2 0.934543 0.044141 0.004716 0.000131 0.016469
0 0 0.950809 0.034032 0.003223 0.000071 0.011864
0 0 0.968870 0.021623 0.001404 0.000016 0.008087
0 0 0.975128 0.017408 0.000931 0.000008 0.006525
0 0 0.977737 0.014704 0.000713 0.000005 0.006842
0 0 0.978473 0.014489 0.000686 0.000004 0.006347
0 0 0.978148 0.014689 0.000641 0.000004 0.006518
0 0 0.985484 0.010960 0.000341 0.000001 0.003213
0 0 0.986247 0.011074 0.000309 0.000001 0.002369
0 0 0.985481 0.012304 0.000348 0.000001 0.001866
0 0 0.983031 0.014857 0.000429 0.000002 0.001682
0 0 0.978798 0.019015 0.000601 0.000004 0.001583
0 0 0.968213 0.028486 0.001159 0.000013 0.002129
0 0 0.973361 0.024594 0.000848 0.000008 0.001188
0 0 0.959703 0.036900 0.001666 0.000027 0.001704
0 0 0.961773 0.035237 0.001470 0.000022 0.001499
0 0 0.954873 0.041155 0.001828 0.000029 0.002114
0 0 0.954681 0.041538 0.001785 0.000028 0.001969
0 0 0.957540 0.038980 0.001608 0.000024 0.001848
0 1 0.958884 0.037433 0.001571 0.000022 0.002089
0 1 0.961373 0.034379 0.001447 0.000018 0.002783
0 0 0.957783 0.036027 0.001738 0.000023 0.004429
0 0 0.962528 0.031939 0.001457 0.000017 0.004059
0 0 0.962355 0.032383 0.001517 0.000019 0.003727
0 0 0.968758 0.027557 0.001082 0.000011 0.002591
0 0 0.967585 0.028800 0.001132 0.000012 0.002471
0 1 0.961204 0.034165 0.001542 0.000020 0.003069
0 1 0.956760 0.038070 0.001961 0.000032 0.003177
0 1 0.944014 0.047143 0.003311 0.000078 0.005454
0 1 0.950347 0.041753 0.002931 0.000066 0.004903
0 0 0.943493 0.045103 0.003613 0.000089 0.007703
0 0 0.956122 0.035431 0.002360 0.000042 0.006045
0 0 0.959578 0.032188 0.002059 0.000032 0.006143
0 1 0.971421 0.024099 0.001104 0.000011 0.003364
0 0 0.973251 0.023203 0.000930 0.000008 0.002607
0 0 0.972594 0.024547 0.000832 0.000007 0.002020
0 0 0.960206 0.035248 0.001546 0.000020 0.002980
0 1 0.938255 0.054233 0.003620 0.000097 0.003794
0 2 0.845486 0.133920 0.014164 0.000238 0.006192
0 2 0.717415 0.234447 0.036558 0.000503 0.011077
0 2 0.653553 0.278890 0.052421 0.000761 0.014374
1 2 0.289346 0.449977 0.218236 0.004636 0.037804
1 2 0.172546 0.454454 0.319796 0.007632 0.045572
2 2 0.093763 0.404159 0.449076 0.009551 0.043451
1 2 0.137932 0.438106 0.366411 0.009482 0.048070
1 1 0.208806 0.437644 0.295208 0.009302 0.049039
1 1 0.263361 0.421916 0.255884 0.009565 0.049273
1 2 0.274872 0.417748 0.248454 0.009639 0.049287
1 2 0.325344 0.416007 0.208835 0.006842 0.042972
1 2 0.317098 0.431216 0.206806 0.005371 0.039509
1 2 0.256360 0.452864 0.244404 0.005594 0.040778
1 2 0.177542 0.471710 0.304187 0.005621 0.040940
2 2 0.044574 0.272092 0.632527 0.014766 0.036041
2 2 0.042519 0.256608 0.651731 0.014967 0.034175
2 2 0.049342 0.262909 0.637568 0.015211 0.034970
2 2 0.020971 0.173560 0.763945 0.016285 0.025238
2 2 0.017010 0.157806 0.784978 0.016597 0.023608
2 2 0.007048 0.081715 0.874666 0.021271 0.015300
2 2 0.007361 0.083512 0.873237 0.020593 0.015297
2 2 0.006205 0.074775 0.883566 0.021244 0.014211
2 2 0.011104 0.103831 0.844883 0.021575 0.018607
2 2 0.014475 0.113483 0.826787 0.024230 0.021026
2 2 0.030925 0.180841 0.733800 0.023582 0.030852
2 2 0.040859 0.211782 0.685213 0.025291 0.036855
2 2 0.044394 0.209440 0.675021 0.030891 0.040253
2 2 0.059292 0.242796 0.612503 0.035582 0.049827
2 2 0.052190 0.252371 0.611115 0.033513 0.050810
2 2 0.040930 0.211134 0.655631 0.043254 0.049051
2 2 0.013637 0.119974 0.795139 0.041522 0.029728
2 2 0.006202 0.071031 0.861217 0.042162 0.019388
2 2 0.004364 0.051440 0.890430 0.039535 0.014231
2 2 0.008521 0.065449 0.849868 0.055984 0.020178
2 2 0.017153 0.096393 0.796929 0.060799 0.028726
2 2 0.051533 0.204355 0.639210 0.052946 0.051955
2 2 0.076674 0.277857 0.545348 0.039630 0.060492
1 2 0.137396 0.384804 0.382889 0.023222 0.071690
1 2 0.226215 0.393449 0.240635 0.016360 0.123342
1 2 0.261071 0.389386 0.173867 0.010353 0.165324
1 2 0.280840 0.360038 0.140666 0.009466 0.208990
0 2 0.369665 0.343227 0.114026 0.007554 0.165528
0 2 0.508630 0.266474 0.087930 0.008314 0.128651
0 2 0.632986 0.217897 0.059225 0.005147 0.084745
0 2 0.640526 0.190819 0.052219 0.005264 0.111172
0 0 0.650917 0.193694 0.051928 0.004387 0.099073
0 1 0.709666 0.162390 0.040800 0.003403 0.083742
0 2 0.791615 0.122402 0.031359 0.003743 0.050881
0 2 0.617969 0.197359 0.083000 0.011663 0.090009
1 1 0.267914 0.334969 0.247577 0.023990 0.125550
1 1 0.177439 0.357699 0.334890 0.031295 0.098677
1 2 0.224521 0.379832 0.270291 0.015931 0.109425
1 2 0.177780 0.421450 0.291281 0.013476 0.096013
1 2 0.130529 0.417139 0.321364 0.014383 0.116585
1 2 0.075691 0.389288 0.383932 0.017015 0.134075
2 2 0.049685 0.350943 0.453338 0.021997 0.124037
2 2 0.033623 0.312803 0.530053 0.022694 0.100826
2 2 0.029868 0.296665 0.563732 0.022161 0.087574
2 2 0.014277 0.173844 0.738688 0.028952 0.044240
2 2 0.012520 0.144352 0.784884 0.028627 0.029617
2 2 0.008119 0.112435 0.833659 0.023882 0.021905
2 2 0.011177 0.134115 0.809391 0.021433 0.023884
2 2 0.008465 0.111042 0.838883 0.021312 0.020298
2 2 0.008937 0.114331 0.832997 0.022405 0.021330
2 2 0.005543 0.082013 0.872077 0.023714 0.016653
2 2 0.004245 0.060179 0.891914 0.029451 0.014211
2 2 0.004777 0.058461 0.887362 0.034551 0.014850
2 3 0.006355 0.058445 0.873620 0.044998 0.016582
2 3 0.007089 0.050529 0.868566 0.057556 0.016260
2 3 0.009857 0.049719 0.841308 0.080541 0.018575
2 3 0.015194 0.058062 0.807529 0.096395 0.022819
2 3 0.020218 0.065551 0.778823 0.108699 0.026709
2 3 0.031319 0.074708 0.719041 0.141077 0.033856
2 3 0.049519 0.078449 0.640498 0.190551 0.040984
3 3 0.072152 0.050456 0.348294 0.477742 0.051356
3 3 0.075424 0.052950 0.343617 0.474472 0.053536
3 3 0.079198 0.055842 0.338307 0.470611 0.056042
3 3 0.080874 0.057131 0.335977 0.468867 0.057151
3 3 0.083823 0.059406 0.331913 0.465759 0.059100
3 3 0.081879 0.057905 0.334587 0.467814 0.057816
3 3 0.077455 0.054505 0.340749 0.472406 0.054886
3 3 0.073983 0.051850 0.345669 0.475922 0.052576
3 3 0.070782 0.049415 0.350274 0.479088 0.050440
3 3 0.070465 0.049175 0.350734 0.479397 0.050229
3 3 0.070854 0.049470 0.350169 0.479017 0.050489
3 3 0.072286 0.050558 0.348101 0.477609 0.051445
3 3 0.074569 0.052298 0.344833 0.475334 0.052967
3 3 0.067188 0.046695 0.355533 0.482550 0.048033
3 3 0.063896 0.044216 0.360441 0.485628 0.045819
3 3 0.066042 0.045830 0.357232 0.483632 0.047263
3 3 0.071418 0.049899 0.349353 0.478464 0.050866
3 3 0.070396 0.049122 0.350835 0.479465 0.050182
3 3 0.072262 0.050540 0.348136 0.477633 0.051429
3 3 0.068046 0.047343 0.354269 0.481733 0.048609
3 3 0.074820 0.052489 0.344476 0.475082 0.053134
3 3 0.075856 0.053281 0.343005 0.474035 0.053823
3 3 0.080055 0.056501 0.337113 0.469721 0.056610
3 3 0.070838 0.049458 0.350193 0.479033 0.050478
3 3 0.069114 0.048151 0.352703 0.480708 0.049324
3 3 0.062911 0.043477 0.361927 0.486530 0.045156
3 3 0.063766 0.044118 0.360637 0.485748 0.045732
3 3 0.064948 0.045007 0.358863 0.484655 0.046528
3 3 0.060080 0.041358 0.366248 0.489071 0.043243
3 3 0.061038 0.042074 0.364777 0.488220 0.043891
3 3 0.058330 0.040054 0.368957 0.490602 0.042057
3 3 0.063249 0.043730 0.361416 0.486221 0.045384
3 3 0.065267 0.045246 0.358387 0.484358 0.046742
3 3 0.069152 0.048180 0.352648 0.480671 0.049350
3 3 0.069193 0.048210 0.352588 0.480632 0.049377
3 3 0.075588 0.053076 0.343385 0.474306 0.053645
3 3 0.074414 0.052179 0.345054 0.475490 0.052864
3 3 0.071697 0.050110 0.348951 0.478191 0.051052
3 3 0.062381 0.043080 0.362730 0.487011 0.044798
3 3 0.065642 0.045529 0.357828 0.484007 0.046994
3 3 0.065988 0.045790 0.357312 0.483683 0.047227
3 3 0.069903 0.048749 0.351552 0.479944 0.049852
3 3 0.066890 0.046470 0.355974 0.482833 0.047833
3 3 0.065465 0.045396 0.358091 0.484173 0.046875
3 3 0.067758 0.047125 0.354693 0.482008 0.048415
3 3 0.073462 0.051453 0.346414 0.476442 0.052229
3 3 0.074938 0.052579 0.344308 0.474963 0.053212
3 3 0.079411 0.056006 0.338010 0.470390 0.056183
3 3 0.079686 0.056217 0.337627 0.470105 0.056365
3 3 0.089695 0.063963 0.323956 0.459424 0.062962
3 3 0.109978 0.078702 0.303275 0.433734 0.074310
3 1 0.187585 0.112807 0.292165 0.321845 0.085598
0 1 0.284783 0.143251 0.262870 0.221341 0.087755
0 1 0.381978 0.166873 0.217533 0.148268 0.085349
0 1 0.474230 0.206188 0.174568 0.070182 0.074831
0 1 0.442252 0.281468 0.178207 0.031534 0.066540
0 1 0.450605 0.322122 0.161051 0.014245 0.051976
1 2 0.328101 0.375675 0.225521 0.014640 0.056064
1 2 0.251636 0.407021 0.272864 0.013225 0.055255
1 2 0.261206 0.419722 0.258802 0.010074 0.050196
2 2 0.010156 0.125183 0.827965 0.016847 0.019849
2 2 0.006819 0.096888 0.862256 0.017611 0.016426
2 2 0.004143 0.065666 0.894945 0.021956 0.013290
2 2 0.004016 0.062106 0.896915 0.023788 0.013175
2 2 0.003652 0.050851 0.901773 0.031093 0.012632
2 2 0.003457 0.044480 0.904853 0.035269 0.011941
2 2 0.003865 0.044342 0.899174 0.040036 0.012584
2 2 0.003969 0.046665 0.897133 0.039201 0.013032
2 2 0.006821 0.062563 0.869364 0.043902 0.017351
2 2 0.015793 0.106946 0.812358 0.039464 0.025439
2 3 0.025042 0.145790 0.758268 0.038258 0.032642
2 3 0.023764 0.154356 0.751193 0.036692 0.033995
2 3 0.019124 0.144360 0.776092 0.030856 0.029567
2 3 0.045089 0.223487 0.662362 0.028107 0.040954
1 3 0.190065 0.369661 0.352677 0.023590 0.064007
1 3 0.313767 0.369743 0.238259 0.017894 0.060337
1 3 0.268636 0.388534 0.266490 0.016688 0.059652
0 3 0.381988 0.359592 0.193081 0.012924 0.052415
0 1 0.499715 0.321842 0.125967 0.007582 0.044894
0 1 0.651254 0.246682 0.064367 0.003560 0.034137
0 1 0.659868 0.248365 0.062013 0.002809 0.026945
0 1 0.574110 0.302254 0.091897 0.003498 0.028242
0 2 0.481993 0.344376 0.131657 0.005562 0.036412
0 2 0.392517 0.390213 0.171500 0.006015 0.039755
1 2 0.225074 0.433744 0.282675 0.009365 0.049142
2 2 0.117866 0.393572 0.424899 0.013442 0.050221
2 2 0.087736 0.355062 0.495510 0.014806 0.046887
2 2 0.055153 0.308502 0.581937 0.014294 0.040114
2 2 0.016613 0.166817 0.772322 0.018071 0.026177
2 2 0.007517 0.093515 0.860031 0.021502 0.017434
2 2 0.006511 0.077796 0.875423 0.024454 0.015816
2 2 0.017542 0.144596 0.786783 0.024593 0.026487
2 2 0.037133 0.218181 0.683558 0.023909 0.037219
2 2 0.053841 0.256386 0.621759 0.024483 0.043531
2 2 0.038749 0.239090 0.657397 0.023884 0.040881
2 2 0.055169 0.308102 0.569186 0.019831 0.047711
1 2 0.171053 0.407474 0.345765 0.016414 0.059294
1 2 0.283800 0.384986 0.255558 0.015674 0.059982
1 0 0.267165 0.382153 0.276526 0.016484 0.057672
1 0 0.352821 0.380778 0.205234 0.010963 0.050203
0 1 0.386643 0.368061 0.186389 0.010413 0.048494
0 1 0.427270 0.381401 0.150807 0.004759 0.035763
0 2 0.586490 0.292338 0.088924 0.003725 0.028524
0 2 0.673507 0.254825 0.053311 0.001281 0.017076
0 2 0.643768 0.255021 0.071495 0.003556 0.026161
0 0 0.571924 0.287956 0.099905 0.005911 0.034303
0 0 0.458979 0.320223 0.155902 0.011754 0.053142
1 0 0.352987 0.367760 0.209928 0.012733 0.056592
0 1 0.450328 0.326801 0.158813 0.010617 0.053441
0 1 0.455779 0.354451 0.143701 0.005351 0.040717
0 2 0.503830 0.343767 0.117100 0.003897 0.031406
0 2 0.519224 0.343426 0.106661 0.002903 0.027786
0 2 0.709462 0.203923 0.056024 0.004586 0.026005
0 0 0.576557 0.265990 0.105050 0.009647 0.042756
0 1 0.573592 0.261870 0.107335 0.009704 0.047498
0 2 0.483016 0.323305 0.140018 0.008765 0.044896
0 2 0.462713 0.343391 0.145072 0.007560 0.041265
1 2 0.393188 0.408430 0.160741 0.003854 0.033787
0 2 0.440719 0.393713 0.133752 0.002774 0.029042
1 2 0.270270 0.467070 0.223468 0.003811 0.035381
2 2 0.014415 0.129744 0.817862 0.017635 0.020344
2 2 0.014483 0.124979 0.819441 0.020112 0.020985
2 2 0.014809 0.131334 0.813118 0.019243 0.021497
2 2 0.010523 0.114621 0.837533 0.018365 0.018958
2 2 0.009887 0.117333 0.838234 0.016237 0.018309
2 2 0.007527 0.095757 0.861817 0.018436 0.016464
2 2 0.011813 0.128222 0.818356 0.019814 0.021795
2 2 0.019840 0.188981 0.740540 0.019883 0.030756
2 2 0.037386 0.269713 0.622127 0.023720 0.047054
2 2 0.082984 0.397462 0.422276 0.016079 0.081199
1 2 0.092434 0.411113 0.367639 0.014213 0.114601
1 2 0.099730 0.419346 0.325240 0.012212 0.143473
1 2 0.107240 0.410819 0.276235 0.011419 0.194287
1 2 0.124689 0.403394 0.251242 0.011894 0.208782
1 2 0.192650 0.371210 0.169572 0.010287 0.256281
4 2 0.318079 0.263507 0.079930 0.006564 0.331920
4 2 0.378546 0.167761 0.043752 0.004889 0.405053
4 2 0.266844 0.102415 0.026337 0.002116 0.602288
4 4 0.243047 0.071702 0.016134 0.000872 0.668246
4 4 0.212914 0.058924 0.013221 0.000644 0.714297
4 4 0.233962 0.038473 0.005207 0.000098 0.722260
4 4 0.230130 0.031466 0.003866 0.000057 0.734481
4 4 0.284943 0.031708 0.003489 0.000042 0.679817
4 4 0.257562 0.028630 0.003435 0.000045 0.710329
4 4 0.249702 0.029238 0.004184 0.000069 0.716807
4 4 0.312887 0.026184 0.003310 0.000041 0.657578
4 4 0.321539 0.024417 0.002702 0.000027 0.651315
4 4 0.418654 0.033095 0.003853 0.000048 0.544350
4 4 0.385385 0.041584 0.005388 0.000091 0.567552
4 4 0.358610 0.064469 0.010673 0.000334 0.565914
4 4 0.308303 0.106711 0.022241 0.001370 0.561376
4 4 0.301949 0.123935 0.026104 0.001827 0.546185
4 4 0.372169 0.159931 0.034896 0.002996 0.430007
4 4 0.300367 0.210964 0.062528 0.006310 0.419831
4 4 0.251855 0.293451 0.101025 0.007400 0.346270
1 4 0.230286 0.340013 0.127211 0.007757 0.294733
0 4 0.348984 0.276925 0.073246 0.004829 0.296017
0 4 0.434115 0.242739 0.053920 0.004009 0.265218
0 4 0.532485 0.186551 0.032529 0.002413 0.246022
0 4 0.534353 0.173110 0.031707 0.002342 0.258488
0 4 0.579731 0.157172 0.028979 0.002027 0.232091
0 4 0.633554 0.136068 0.020988 0.001068 0.208322
0 4 0.591336 0.105884 0.016120 0.000640 0.286020
0 4 0.527036 0.098693 0.019145 0.000960 0.354165
0 4 0.498630 0.066957 0.009742 0.000256 0.424416
4 4 0.439477 0.047581 0.005502 0.000086 0.507353
4 4 0.428145 0.035504 0.003438 0.000036 0.532877
4 4 0.294451 0.027102 0.002979 0.000032 0.675436
4 4 0.229343 0.015934 0.001411 0.000009 0.753304
4 4 0.251861 0.017989 0.001863 0.000015 0.728271
4 4 0.194030 0.014467 0.001481 0.000011 0.790011
4 4 0.273661 0.020475 0.002085 0.000017 0.703762
4 4 0.473987 0.035264 0.003237 0.000031 0.487480
0 4 0.491968 0.054476 0.005290 0.000073 0.448193
4 4 0.430386 0.069410 0.007330 0.000134 0.492740
0 4 0.473463 0.090418 0.009758 0.000220 0.426142
4 4 0.345640 0.085869 0.012103 0.000382 0.556005
4 4 0.341246 0.070410 0.010587 0.000316 0.577442
0 4 0.462147 0.068735 0.011717 0.000384 0.457016
4 0 0.382777 0.050522 0.009754 0.000308 0.556639
1 1 0.290255 0.373881 0.125471 0.006564 0.203829
1 2 0.325717 0.367273 0.116065 0.006090 0.184855
1 2 0.258926 0.409616 0.163051 0.007095 0.161312
1 2 0.160737 0.448664 0.265869 0.008558 0.116172
2 2 0.059523 0.404715 0.464074 0.010718 0.060970
2 2 0.035664 0.336837 0.573949 0.011888 0.041662
2 2 0.013908 0.195308 0.749526 0.013929 0.027328
2 2 0.004649 0.096406 0.866683 0.016061 0.016201
2 2 0.002979 0.063753 0.903017 0.018150 0.012101
2 2 0.002355 0.051905 0.915476 0.019656 0.010608
2 2 0.010746 0.117928 0.829660 0.020865 0.020801
2 2 0.086162 0.283374 0.565029 0.021459 0.043975
2 2 0.157988 0.308704 0.459960 0.022232 0.051114
0 2 0.326994 0.304496 0.296370 0.016971 0.055169
0 2 0.698453 0.179506 0.070742 0.003476 0.047822
0 0 0.949537 0.034944 0.003769 0.000100 0.011651
0 0 0.976138 0.017156 0.001065 0.000011 0.005630
0 0 0.988556 0.008434 0.000304 0.000001 0.002705
0 0 0.976842 0.013893 0.000764 0.000005 0.008496
0 0 0.965698 0.019864 0.001544 0.000018 0.012876
0 0 0.971284 0.019340 0.001440 0.000018 0.007919
0 0 0.958399 0.028179 0.002710 0.000055 0.010658
0 0 0.939879 0.043868 0.005034 0.000170 0.011049
0 0 0.939793 0.045455 0.004783 0.000154 0.009815
0 0 0.948321 0.042006 0.003369 0.000084 0.006220
0 0 0.900942 0.070913 0.007317 0.000253 0.020574
0 0 0.884574 0.084708 0.009530 0.000414 0.020773
0 0 0.861331 0.099181 0.011979 0.000591 0.026919
0 0 0.890757 0.081088 0.007838 0.000276 0.020040
0 0 0.904448 0.068366 0.005940 0.000161 0.021085
0 0 0.882921 0.063540 0.006142 0.000144 0.047254
0 0 0.907128 0.045973 0.003725 0.000058 0.043115
0 0 0.857917 0.043497 0.004407 0.000071 0.094109
0 0 0.882509 0.029574 0.002265 0.000020 0.085632
0 0 0.884326 0.016713 0.000877 0.000003 0.098080
0 0 0.890563 0.010593 0.000419 0.000001 0.098425
0 0 0.919887 0.006633 0.000190 0.000000 0.073290
0 0 0.939448 0.008873 0.000327 0.000001 0.051351
0 0 0.957562 0.009561 0.000346 0.000001 0.032530
0 0 0.927141 0.016015 0.000701 0.000002 0.056140
0 0 0.949749 0.015495 0.000493 0.000001 0.034261
0 0 0.948574 0.026274 0.001000 0.000005 0.024147
0 0 0.950167 0.038342 0.001561 0.000014 0.009916
0 0 0.924497 0.063268 0.003626 0.000072 0.008537
0 0 0.931452 0.058643 0.002962 0.000051 0.006892
0 0 0.932609 0.058443 0.002770 0.000045 0.006134
0 0 0.926397 0.064646 0.003343 0.000067 0.005547
0 0 0.910413 0.076841 0.004318 0.000096 0.008331
0 1 0.892453 0.089582 0.005692 0.000148 0.012125
0 1 0.867115 0.108876 0.007333 0.000174 0.016502
0 1 0.833356 0.132556 0.010467 0.000270 0.023350
0 1 0.757392 0.181442 0.017859 0.000501 0.042806
0 1 0.705901 0.212674 0.024975 0.000769 0.055680
0 2 0.611381 0.275305 0.040579 0.001127 0.071608
0 2 0.543420 0.320309 0.056289 0.001461 0.078521
0 2 0.484724 0.360278 0.071747 0.001648 0.081603
0 2 0.432203 0.405035 0.091020 0.001613 0.070129
1 2 0.321369 0.453316 0.135076 0.002543 0.087696
1 2 0.268719 0.464694 0.160399 0.003324 0.102863
1 2 0.228126 0.464466 0.190610 0.004612 0.112187
2 2 0.020098 0.224439 0.701521 0.018130 0.035811
2 2 0.024130 0.247074 0.671467 0.018176 0.039152
2 2 0.034214 0.282067 0.622402 0.017893 0.043424
2 2 0.036722 0.293347 0.608687 0.017569 0.043675
2 2 0.044481 0.328472 0.560833 0.016361 0.049853
2 2 0.038856 0.315870 0.586048 0.015302 0.043923
2 2 0.027305 0.270045 0.649845 0.015088 0.037718
2 2 0.024252 0.246395 0.676227 0.016704 0.036422
2 2 0.021085 0.228627 0.703399 0.014860 0.032028
2 2 0.009472 0.141326 0.812189 0.015450 0.021564
2 2 0.007732 0.120346 0.835392 0.016887 0.019643
2 2 0.009098 0.122893 0.829882 0.017830 0.020296
2 2 0.006063 0.098066 0.859972 0.018594 0.017304
2 2 0.004992 0.089859 0.870167 0.018719 0.016262
2 2 0.004669 0.080590 0.880755 0.019103 0.014884
2 2 0.003577 0.066755 0.897242 0.019530 0.012896
2 2 0.003897 0.073889 0.888797 0.019375 0.014042
2 2 0.002993 0.059456 0.905678 0.019983 0.011890
2 2 0.002024 0.041913 0.926555 0.020523 0.008985
2 2 0.002352 0.044659 0.920239 0.022819 0.009931
2 2 0.002439 0.042553 0.920168 0.024943 0.009897
2 2 0.002317 0.036857 0.924598 0.027157 0.009071
2 2 0.002422 0.034434 0.923638 0.030511 0.008996
2 2 0.002756 0.034184 0.918008 0.035506 0.009545
2 2 0.002899 0.030776 0.915394 0.041591 0.009341
2 3 0.003062 0.029543 0.912004 0.045970 0.009421
2 3 0.003439 0.027867 0.903745 0.055238 0.009711
2 3 0.005596 0.032849 0.868433 0.079943 0.013180
2 3 0.007421 0.031191 0.833929 0.112722 0.014736
2 3 0.010238 0.031792 0.787542 0.153128 0.017299
2 3 0.013497 0.033068 0.740552 0.192848 0.020035
2 3 0.014497 0.039284 0.753663 0.170736 0.021820
2 3 0.024140 0.048874 0.700992 0.197939 0.028056
2 3 0.030461 0.056891 0.695893 0.186094 0.030661
2 3 0.033688 0.051064 0.631784 0.250473 0.032991
2 3 0.046780 0.058017 0.558365 0.296030 0.040808
2 3 0.073830 0.067600 0.472033 0.335830 0.050708
3 3 0.057668 0.040731 0.380433 0.479339 0.041829
3 3 0.065282 0.045258 0.358365 0.484344 0.046752
3 3 0.064530 0.044693 0.359489 0.485042 0.046247
3 3 0.055641 0.038057 0.373181 0.492889 0.040232
3 3 0.049566 0.033579 0.383038 0.497735 0.036083
3 3 0.049486 0.033521 0.383171 0.497795 0.036028
3 3 0.054075 0.036898 0.375678 0.494183 0.039165
3 3 0.064516 0.044682 0.359510 0.485055 0.046237
3 3 0.066557 0.046219 0.356467 0.483147 0.047609
3 3 0.066423 0.046118 0.356666 0.483274 0.047519
3 3 0.069248 0.048252 0.352507 0.480578 0.049414
3 3 0.064745 0.044854 0.359167 0.484843 0.046391
3 3 0.065122 0.045137 0.358604 0.484493 0.046644
3 3 0.063820 0.044159 0.360556 0.485698 0.045768
3 3 0.067842 0.047189 0.354570 0.481928 0.048472
3 3 0.066724 0.046344 0.356221 0.482990 0.047721
3 3 0.072713 0.050883 0.347488 0.477187 0.051730
3 3 0.071458 0.049929 0.349296 0.478426 0.050892
3 3 0.072580 0.050782 0.347679 0.477319 0.051641
3 3 0.066452 0.046140 0.356623 0.483246 0.047539
3 3 0.065407 0.045352 0.358178 0.484227 0.046836
3 3 0.062110 0.042876 0.363142 0.487256 0.044615
3 3 0.060923 0.041988 0.364953 0.488323 0.043813
3 3 0.075915 0.053326 0.342921 0.473975 0.053863
3 3 0.071465 0.049934 0.349286 0.478419 0.050897
3 3 0.065440 0.045377 0.358129 0.484196 0.046858
3 3 0.062765 0.043367 0.362148 0.486662 0.045057
3 3 0.059778 0.041133 0.366713 0.489338 0.043039
3 3 0.061747 0.042605 0.363694 0.487584 0.044370
3 3 0.081363 0.057508 0.335299 0.468355 0.057475
2 3 0.204141 0.112137 0.308557 0.295827 0.079337
2 3 0.275879 0.222052 0.317483 0.101201 0.083385
0 3 0.333091 0.307961 0.246960 0.038326 0.073663
0 3 0.351154 0.345257 0.218883 0.021487 0.063219
1 3 0.298648 0.407745 0.234186 0.009930 0.049490
1 1 0.241790 0.440601 0.264217 0.007665 0.045728
1 1 0.282232 0.454367 0.221459 0.004493 0.037450
2 2 0.055186 0.301139 0.573802 0.021425 0.048448
2 2 0.028102 0.214801 0.698680 0.022274 0.036143
2 2 0.024283 0.189703 0.736492 0.019521 0.030001
2 2 0.025817 0.192354 0.732538 0.019250 0.030041
2 2 0.012876 0.129504 0.816355 0.019578 0.021687
2 2 0.021030 0.161948 0.771093 0.019848 0.026081
2 2 0.021105 0.160883 0.773849 0.018913 0.025250
2 2 0.045883 0.257416 0.644257 0.016529 0.035915
2 2 0.060373 0.299791 0.586731 0.014390 0.038715
2 2 0.083663 0.348175 0.509057 0.014212 0.044893
2 2 0.071111 0.342488 0.529750 0.013480 0.043170
1 2 0.135267 0.440062 0.366248 0.009639 0.048783
2 2 0.099656 0.396888 0.447819 0.010671 0.044966
2 2 0.092779 0.384738 0.465301 0.011687 0.045496
2 2 0.064866 0.325632 0.555827 0.013204 0.040471
2 2 0.039883 0.257665 0.652712 0.015085 0.034656
2 2 0.039767 0.251336 0.660441 0.014916 0.033541
2 2 0.042445 0.263200 0.644660 0.014784 0.034911
2 2 0.045204 0.262620 0.639152 0.016410 0.036614
2 2 0.037272 0.244699 0.668696 0.015685 0.033647
2 2 0.029872 0.213127 0.708841 0.017131 0.031029
2 2 0.025059 0.194353 0.735491 0.016774 0.028323
2 2 0.021658 0.188348 0.748111 0.015351 0.026533
2 2 0.024595 0.197549 0.734165 0.015762 0.027929
2 2 0.013766 0.142944 0.805738 0.016089 0.021463
2 2 0.015807 0.155944 0.787116 0.017198 0.023935
2 2 0.013338 0.143330 0.798451 0.020423 0.024458
2 2 0.020248 0.190719 0.736510 0.020793 0.031730
2 2 0.014984 0.167042 0.763558 0.023805 0.030611
2 2 0.029646 0.256858 0.649343 0.021441 0.042712
2 2 0.029393 0.266899 0.631940 0.021708 0.050061
2 2 0.055786 0.371556 0.475234 0.017293 0.080131
2 2 0.063365 0.372286 0.451367 0.019388 0.093593
2 2 0.072877 0.384086 0.425017 0.018247 0.099773
1 2 0.096616 0.409862 0.366482 0.014803 0.112236
1 2 0.122611 0.421727 0.305412 0.012575 0.137675
1 2 0.122717 0.424238 0.297096 0.011819 0.144130
1 2 0.125401 0.414233 0.259928 0.011153 0.189285
1 2 0.142330 0.420721 0.239790 0.009824 0.187334
1 2 0.138896 0.425060 0.250247 0.009874 0.175924
1 2 0.174168 0.413295 0.203150 0.008957 0.200429
1 2 0.212610 0.409669 0.180544 0.008212 0.188965
1 2 0.219962 0.423386 0.181836 0.007139 0.167677
1 2 0.216288 0.431188 0.188098 0.006877 0.157550
1 4 0.239822 0.398345 0.156824 0.007402 0.197606
0 4 0.349092 0.301768 0.095925 0.005873 0.247343
0 4 0.559105 0.096470 0.013359 0.000434 0.330631
0 4 0.538027 0.077082 0.010867 0.000304 0.373720
0 4 0.495869 0.088914 0.017626 0.000838 0.396752
0 4 0.527780 0.092032 0.017302 0.000791 0.362095
0 4 0.501421 0.101812 0.019581 0.000992 0.376193
4 4 0.437889 0.074535 0.010180 0.000270 0.477127
4 4 0.450086 0.071705 0.008761 0.000196 0.469252
4 4 0.418722 0.061170 0.007084 0.000134 0.512891
4 4 0.295588 0.064404 0.011383 0.000402 0.628223
4 4 0.223181 0.053645 0.011729 0.000512 0.710934
4 4 0.228587 0.045732 0.008473 0.000268 0.716941
4 4 0.387757 0.040980 0.006194 0.000125 0.564945
0 4 0.529069 0.040400 0.005353 0.000088 0.425090
0 4 0.654429 0.062515 0.008507 0.000202 0.274346
0 4 0.806552 0.077468 0.008893 0.000240 0.106847
0 4 0.838434 0.083560 0.009420 0.000294 0.068292
0 1 0.572115 0.284617 0.057364 0.001311 0.084593
0 1 0.440397 0.393072 0.094214 0.002015 0.070303
0 2 0.491420 0.357845 0.068221 0.001493 0.081021
1 2 0.245430 0.364019 0.129646 0.007014 0.253890
1 2 0.200766 0.359226 0.160007 0.009736 0.270265
1 2 0.157477 0.350508 0.181693 0.011482 0.298840
1 2 0.159108 0.351617 0.172938 0.009951 0.306387
4 2 0.199861 0.311576 0.120677 0.007363 0.360523
4 2 0.249891 0.252711 0.087281 0.007633 0.402484
4 2 0.277205 0.181316 0.050874 0.005658 0.484947
4 4 0.209698 0.270069 0.094714 0.006971 0.418549
4 4 0.254094 0.242218 0.065530 0.004266 0.433891
4 4 0.320483 0.149675 0.029255 0.002124 0.498462
4 4 0.381665 0.139085 0.023382 0.001292 0.454577
4 4 0.393463 0.122970 0.018826 0.000839 0.463902
4 4 0.350474 0.084009 0.012037 0.000381 0.553099
4 4 0.361053 0.067146 0.010788 0.000334 0.560679
4 4 0.321033 0.054420 0.009668 0.000300 0.614579
4 4 0.382152 0.044026 0.006170 0.000119 0.567533
4 4 0.436772 0.047875 0.007597 0.000178 0.507579
0 4 0.472729 0.050249 0.009044 0.000254 0.467725
4 4 0.445519 0.062262 0.013840 0.000591 0.477789
0 4 0.554374 0.095434 0.022615 0.001428 0.326150
0 4 0.487117 0.135297 0.039832 0.004322 0.333432
0 4 0.452991 0.123614 0.027276 0.001909 0.394210
4 4 0.405596 0.109935 0.019676 0.000977 0.463816
0 4 0.439968 0.124905 0.024788 0.001532 0.408807
4 4 0.359553 0.114578 0.024508 0.001596 0.499765
4 4 0.398779 0.118203 0.021890 0.001200 0.459927
0 4 0.526765 0.111787 0.015558 0.000566 0.345325
0 4 0.695282 0.096931 0.009380 0.000210 0.198196
0 4 0.764337 0.093691 0.009370 0.000232 0.132370
0 1 0.859275 0.090209 0.009683 0.000345 0.040488
0 0 0.856607 0.101003 0.015256 0.001016 0.026118
0 0 0.750205 0.182026 0.038305 0.002361 0.027103
0 1 0.750588 0.188741 0.037175 0.001900 0.021595
0 1 0.716993 0.209590 0.041641 0.001836 0.029940
0 1 0.551455 0.328022 0.085868 0.002286 0.032368
1 2 0.292375 0.438283 0.178876 0.005311 0.085155
1 2 0.217624 0.472523 0.217670 0.004915 0.087269
1 2 0.088186 0.415167 0.333809 0.012121 0.150718
2 2 0.044462 0.362986 0.451832 0.016924 0.123796
2 2 0.023790 0.299085 0.565893 0.021035 0.090196
2 2 0.016932 0.236774 0.655975 0.024151 0.066168
2 2 0.006149 0.104534 0.838492 0.028019 0.022806
2 2 0.010636 0.139319 0.789070 0.030787 0.030187
2 2 0.010104 0.129215 0.796398 0.034429 0.029854
2 2 0.007168 0.105002 0.830192 0.033037 0.024601
2 2 0.005109 0.094394 0.855143 0.025390 0.019964
2 2 0.004770 0.096510 0.856362 0.022896 0.019463
2 2 0.006232 0.110669 0.835408 0.025000 0.022691
2 2 0.015117 0.183200 0.718727 0.031772 0.051185
2 2 0.026811 0.241011 0.604831 0.036413 0.090935
2 2 0.043169 0.328381 0.450729 0.026588 0.151133
1 2 0.062536 0.364130 0.350581 0.018060 0.204693
1 2 0.119440 0.389780 0.238400 0.012223 0.240157
1 2 0.144776 0.402963 0.219957 0.010430 0.221874
1 2 0.212932 0.403671 0.199751 0.010680 0.172966
1 2 0.299143 0.385680 0.181179 0.010875 0.123122
1 2 0.255946 0.415859 0.248894 0.011292 0.068009
1 2 0.250971 0.418841 0.259282 0.010990 0.059915
1 2 0.302496 0.420596 0.214252 0.007661 0.054995
1 1 0.245666 0.433227 0.237681 0.008771 0.074654
1 2 0.241274 0.423377 0.212925 0.009257 0.113167
1 2 0.259838 0.412239 0.169515 0.007383 0.151026
1 2 0.115677 0.409603 0.270504 0.011859 0.192357
1 2 0.081113 0.390924 0.317473 0.014259 0.196231
1 2 0.070279 0.383746 0.331085 0.014568 0.200322
2 2 0.057364 0.377929 0.384618 0.015717 0.164371
1 2 0.065461 0.381318 0.368845 0.016188 0.168188
2 2 0.059083 0.366680 0.387935 0.018786 0.167516
1 2 0.067077 0.370436 0.368961 0.018964 0.174562
1 2 0.075730 0.388651 0.364385 0.016449 0.154785
1 2 0.186964 0.408646 0.247796 0.013649 0.142945
1 2 0.222733 0.400276 0.241689 0.014372 0.120930
1 2 0.273058 0.388963 0.222342 0.014488 0.101148
1 1 0.285257 0.393973 0.214684 0.012250 0.093836
1 1 0.284957 0.405713 0.212383 0.009786 0.087161
0 2 0.392544 0.329753 0.130696 0.009400 0.137607
0 2 0.545587 0.224322 0.070648 0.008397 0.151045
0 2 0.323817 0.312951 0.130825 0.010627 0.221781
1 2 0.301099 0.324424 0.130570 0.009101 0.234806
1 2 0.292359 0.323208 0.123529 0.007745 0.253158
1 2 0.251276 0.340591 0.132851 0.007929 0.267352
1 2 0.162843 0.365575 0.188469 0.011037 0.272076
1 2 0.120646 0.409644 0.270673 0.012234 0.186804
2 2 0.037573 0.348634 0.489675 0.017831 0.106287
2 2 0.037896 0.343167 0.506683 0.017884 0.094370
2 2 0.039482 0.329411 0.530229 0.019321 0.081557
2 2 0.052498 0.366830 0.474309 0.017928 0.088435
2 2 0.055459 0.367637 0.472892 0.018417 0.085594
2 2 0.046718 0.341644 0.520539 0.019391 0.071709
2 2 0.022902 0.228232 0.683996 0.023131 0.041738
2 2 0.012686 0.171841 0.764524 0.020980 0.029969
2 2 0.012710 0.159654 0.777218 0.021951 0.028466
2 2 0.017645 0.179506 0.745781 0.024286 0.032782
2 2 0.031536 0.252141 0.639864 0.025725 0.050734
2 2 0.039928 0.315199 0.538493 0.023845 0.082535
2 2 0.045675 0.346394 0.467135 0.021926 0.118870
1 2 0.191590 0.409805 0.269919 0.014928 0.113759
1 1 0.287261 0.386407 0.215239 0.012933 0.098160
1 1 0.297242 0.394506 0.222045 0.011603 0.074604
1 2 0.192729 0.408513 0.323244 0.015766 0.059747
1 2 0.227667 0.417419 0.287844 0.010836 0.056234
2 2 0.029206 0.299748 0.566096 0.022567 0.082383
2 2 0.043815 0.345401 0.454463 0.021382 0.134939
1 2 0.086719 0.358971 0.318849 0.019525 0.215935
1 2 0.167665 0.339514 0.178582 0.013536 0.300703
4 4 0.310245 0.166798 0.046152 0.005689 0.471116
4 4 0.351592 0.135053 0.029684 0.002273 0.481399
4 4 0.331719 0.118953 0.027680 0.002090 0.519558
0 4 0.571405 0.114825 0.016458 0.000641 0.296671
0 4 0.617222 0.096834 0.013428 0.000447 0.272070
0 4 0.730939 0.102194 0.012920 0.000441 0.153505
0 4 0.734268 0.112693 0.015101 0.000609 0.137329
0 4 0.817052 0.107135 0.011529 0.000412 0.063871
0 4 0.743294 0.155838 0.023490 0.001608 0.075771
0 1 0.502678 0.323657 0.076421 0.003285 0.093959
0 1 0.420855 0.356485 0.090714 0.003696 0.128251
1 1 0.301904 0.403801 0.128632 0.004751 0.160912
1 1 0.187832 0.437052 0.205685 0.007179 0.162251
1 2 0.108250 0.437651 0.295781 0.009221 0.149097
1 2 0.066349 0.416102 0.388707 0.010865 0.117977
2 2 0.041600 0.374612 0.479904 0.013241 0.090643
2 2 0.023297 0.275329 0.629063 0.017141 0.055170
2 2 0.013370 0.174749 0.752984 0.023199 0.035697
2 2 0.010005 0.134549 0.805718 0.024010 0.025718
2 2 0.009741 0.136373 0.807194 0.021830 0.024862
2 2 0.008624 0.129960 0.816917 0.020999 0.023501
2 2 0.008729 0.134152 0.814202 0.019567 0.023349
2 2 0.006217 0.115440 0.840219 0.018127 0.019998
2 2 0.004934 0.100314 0.858212 0.018513 0.018028
2 2 0.003419 0.070630 0.891148 0.020700 0.014102
2 2 0.002577 0.054100 0.911170 0.020871 0.011281
2 2 0.002230 0.049118 0.919024 0.019541 0.010088
2 2 0.001943 0.042269 0.927506 0.019439 0.008842
2 2 0.002183 0.044611 0.922625 0.021005 0.009576
2 2 0.002521 0.050849 0.914093 0.021670 0.010866
2 2 0.003286 0.063371 0.896782 0.023067 0.013494
2 2 0.003674 0.067577 0.890730 0.023643 0.014377
