2 0 0.169076 0.251547 0.389750 0.103132 0.086495
2 0 0.112703 0.211601 0.521022 0.091918 0.062757
2 0 0.128543 0.213345 0.485700 0.104348 0.068064
2 0 0.064430 0.160206 0.663766 0.071443 0.040155
2 0 0.116510 0.201754 0.516317 0.103109 0.062310
2 0 0.122696 0.175085 0.510465 0.128305 0.063448
2 0 0.239121 0.196637 0.286422 0.174859 0.102960
0 0 0.277634 0.199795 0.232762 0.170955 0.118854
0 0 0.289917 0.202925 0.216871 0.165935 0.124351
0 0 0.267916 0.214368 0.244012 0.156649 0.117055
0 0 0.308120 0.187955 0.195716 0.178929 0.129280
2 0 0.257295 0.195997 0.260299 0.176300 0.110109
0 0 0.307831 0.156752 0.192378 0.219505 0.123533
2 0 0.238764 0.161765 0.286107 0.210178 0.103187
2 0 0.149463 0.155894 0.453170 0.166632 0.074841
2 0 0.148544 0.168270 0.455245 0.152890 0.075050
2 0 0.132577 0.188022 0.486637 0.122875 0.069890
2 0 0.110956 0.200198 0.530234 0.096887 0.061724
2 0 0.121535 0.223513 0.496256 0.091476 0.067220
2 0 0.121765 0.231924 0.491208 0.088131 0.066972
2 0 0.164754 0.299967 0.370300 0.082135 0.082844
1 0 0.223499 0.291146 0.280312 0.097289 0.107754
0 0 0.305130 0.241847 0.189796 0.126182 0.137044
0 0 0.308304 0.238275 0.187094 0.128473 0.137853
0 0 0.279527 0.270349 0.211258 0.108827 0.130040
0 0 0.297955 0.249889 0.195869 0.121122 0.135164
0 0 0.281983 0.261940 0.204170 0.102975 0.148932
1 0 0.208012 0.302830 0.230401 0.047858 0.210898
1 0 0.164945 0.325372 0.321162 0.049133 0.139388
2 0 0.136117 0.290697 0.425029 0.066221 0.081936
2 0 0.169928 0.308404 0.355219 0.073697 0.092752
1 0 0.159136 0.353081 0.324427 0.046266 0.117090
1 0 0.228437 0.326035 0.252649 0.079042 0.113837
1 0 0.215090 0.340414 0.263206 0.072128 0.109162
1 0 0.182257 0.355572 0.302491 0.060656 0.099024
1 0 0.137707 0.370765 0.347079 0.038086 0.106363
1 0 0.187061 0.366976 0.281748 0.055644 0.108571
1 0 0.266187 0.285015 0.222232 0.100486 0.126080
2 0 0.156479 0.317939 0.367602 0.064362 0.093619
2 0 0.128732 0.260275 0.454345 0.069674 0.086974
2 0 0.122925 0.254158 0.475991 0.079529 0.067398
2 0 0.146047 0.319912 0.389609 0.066623 0.077809
1 0 0.184624 0.350990 0.303237 0.065235 0.095914
1 0 0.230613 0.317902 0.254476 0.083076 0.113933
0 0 0.314771 0.230964 0.181556 0.133249 0.139460
0 0 0.304173 0.237562 0.192297 0.130037 0.135931
0 0 0.350405 0.189711 0.150106 0.162651 0.147127
0 0 0.372047 0.163485 0.129937 0.183974 0.150557
0 0 0.372047 0.163485 0.129937 0.183974 0.150557
0 0 0.372047 0.163485 0.129937 0.183974 0.150557
0 0 0.372047 0.163485 0.129937 0.183974 0.150557
0 0 0.372047 0.163485 0.129937 0.183974 0.150557
0 0 0.372047 0.163485 0.129937 0.183974 0.150557
0 0 0.356966 0.160647 0.143279 0.195358 0.143750
0 0 0.359861 0.161218 0.140680 0.193191 0.145050
0 0 0.296052 0.194658 0.209875 0.173901 0.125514
0 0 0.267762 0.233023 0.240248 0.139318 0.119649
0 0 0.285033 0.250790 0.211900 0.122652 0.129624
1 0 0.244730 0.283061 0.253164 0.102813 0.116232
1 0 0.272194 0.278424 0.217306 0.104188 0.127888
0 0 0.372047 0.163485 0.129937 0.183974 0.150557
0 0 0.372047 0.163485 0.129937 0.183974 0.150557
0 0 0.372047 0.163485 0.129937 0.183974 0.150557
0 0 0.372047 0.163485 0.129937 0.183974 0.150557
0 0 0.372047 0.163485 0.129937 0.183974 0.150557
0 0 0.372047 0.163485 0.129937 0.183974 0.150557
0 0 0.372047 0.163485 0.129937 0.183974 0.150557
0 0 0.372047 0.163485 0.129937 0.183974 0.150557
0 0 0.372047 0.163485 0.129937 0.183974 0.150557
0 0 0.372047 0.163485 0.129937 0.183974 0.150557
0 0 0.362749 0.161776 0.138105 0.191020 0.146350
0 0 0.327041 0.196475 0.174018 0.163861 0.138605
2 0 0.234896 0.240205 0.284928 0.133187 0.106785
0 0 0.256927 0.253271 0.248724 0.123289 0.117789
2 0 0.138353 0.243900 0.451504 0.091345 0.074897
2 0 0.174890 0.271849 0.369030 0.095745 0.088486
2 0 0.166759 0.287895 0.374077 0.085684 0.085585
0 0 0.257779 0.237505 0.252718 0.135942 0.116055
0 0 0.265722 0.231341 0.243455 0.140927 0.118554
0 0 0.320906 0.207634 0.177366 0.147173 0.146922
0 0 0.309191 0.208061 0.191077 0.150303 0.141368
0 0 0.297206 0.208333 0.192969 0.125412 0.176079
2 0 0.222446 0.222486 0.268072 0.088983 0.198014
2 0 0.208348 0.230183 0.270640 0.073368 0.217461
2 0 0.156786 0.282370 0.315822 0.042527 0.202494
2 0 0.092584 0.273313 0.434202 0.023796 0.176105
2 0 0.074104 0.255267 0.504652 0.021599 0.144377
2 0 0.084532 0.257407 0.442092 0.020656 0.195314
2 0 0.125445 0.317092 0.330691 0.026196 0.200577
1 0 0.144743 0.389702 0.311632 0.034772 0.119150
2 0 0.078663 0.409015 0.416494 0.017785 0.078044
1 0 0.085317 0.420191 0.413673 0.023661 0.057158
2 0 0.076398 0.377473 0.468406 0.025226 0.052496
1 0 0.114523 0.448211 0.339872 0.029187 0.068207
1 0 0.117980 0.444485 0.337323 0.030417 0.069794
1 1 0.121921 0.440243 0.334409 0.031841 0.071587
1 1 0.097381 0.466764 0.352401 0.023340 0.060113
1 1 0.222589 0.332341 0.257286 0.075973 0.111810
0 1 0.277860 0.272188 0.212636 0.107760 0.129556
1 0 0.247247 0.305672 0.237603 0.089356 0.120123
1 0 0.233698 0.320353 0.248462 0.081857 0.115631
1 0 0.145459 0.365212 0.354640 0.048427 0.086261
1 1 0.182862 0.374976 0.288319 0.056690 0.097152
1 1 0.265029 0.286283 0.223178 0.099783 0.125727
1 0 0.228887 0.316249 0.258020 0.083886 0.112957
1 0 0.147522 0.365014 0.353413 0.052628 0.081423
1 0 0.145500 0.411235 0.319663 0.041336 0.082267
2 0 0.094028 0.384028 0.430916 0.031501 0.059528
2 0 0.073733 0.354163 0.494820 0.027541 0.049742
1 0 0.142923 0.396508 0.336504 0.044625 0.079439
2 0 0.133601 0.369096 0.373528 0.047049 0.076725
1 0 0.266947 0.284183 0.221610 0.100950 0.126311
0 0 0.313325 0.232603 0.182799 0.132168 0.139106
0 0 0.371133 0.164617 0.130811 0.183003 0.150436
0 0 0.372047 0.163485 0.129937 0.183974 0.150557
0 0 0.372047 0.163485 0.129937 0.183974 0.150557
0 0 0.372047 0.163485 0.129937 0.183974 0.150557
0 0 0.372047 0.163485 0.129937 0.183974 0.150557
0 0 0.356994 0.167615 0.132016 0.145733 0.197643
0 0 0.359519 0.167264 0.131904 0.150700 0.190613
0 0 0.372047 0.163485 0.129937 0.183974 0.150557
0 0 0.372047 0.163485 0.129937 0.183974 0.150557
0 0 0.372047 0.163485 0.129937 0.183974 0.150557
0 0 0.372047 0.163485 0.129937 0.183974 0.150557
0 0 0.372047 0.163485 0.129937 0.183974 0.150557
0 0 0.302729 0.233600 0.182351 0.110573 0.170748
1 0 0.131391 0.405603 0.304729 0.026073 0.132204
1 0 0.155078 0.401089 0.306017 0.042126 0.095690
1 0 0.095512 0.468798 0.353756 0.022728 0.059207
1 0 0.075497 0.490739 0.368083 0.016499 0.049182
1 0 0.080931 0.484746 0.364228 0.018130 0.051965
1 0 0.086546 0.478584 0.360216 0.019863 0.054791
1 0 0.080085 0.485677 0.364830 0.017873 0.051535
1 0 0.069172 0.497759 0.372533 0.014658 0.045878
1 0 0.066911 0.500282 0.374113 0.014015 0.044680
1 0 0.071712 0.494934 0.370752 0.015389 0.047213
1 0 0.079782 0.486010 0.365045 0.017782 0.051381
1 0 0.075045 0.491239 0.368402 0.016365 0.048948
1 0 0.071330 0.495358 0.371020 0.015279 0.047014
1 0 0.068209 0.498833 0.373207 0.014383 0.045369
1 0 0.066892 0.500303 0.374126 0.014010 0.044670
1 0 0.065600 0.501748 0.375026 0.013646 0.043981
1 0 0.065784 0.501541 0.374897 0.013698 0.044080
1 1 0.070463 0.496322 0.371628 0.015028 0.046559
1 1 0.075007 0.491281 0.368430 0.016354 0.048928
1 1 0.083601 0.481812 0.362324 0.018948 0.053315
1 1 0.082042 0.483524 0.363436 0.018469 0.052528
1 1 0.086925 0.478168 0.359944 0.019982 0.054981
1 1 0.093638 0.470838 0.355111 0.022119 0.058294
1 1 0.111572 0.451394 0.342042 0.028151 0.066841
1 1 0.109592 0.453533 0.343495 0.027462 0.065917
1 1 0.116896 0.445653 0.338123 0.030030 0.069298
1 1 0.111797 0.451152 0.341877 0.028229 0.066945
1 1 0.109333 0.449152 0.338772 0.024934 0.077809
1 1 0.123747 0.423911 0.319145 0.026211 0.106987
1 1 0.140790 0.399408 0.301249 0.030039 0.128513
1 1 0.118959 0.432297 0.325571 0.025663 0.097509
1 1 0.116110 0.439910 0.331956 0.026374 0.085650
1 1 0.093851 0.470606 0.354958 0.022188 0.058398
1 1 0.099424 0.464446 0.350806 0.023955 0.061370
1 1 0.104026 0.459544 0.347555 0.025550 0.063326
1 1 0.062514 0.505210 0.377167 0.012789 0.042322
2 1 0.032881 0.395330 0.534625 0.008347 0.028817
2 1 0.044204 0.390881 0.516448 0.012113 0.036354
2 1 0.042820 0.380588 0.528738 0.012049 0.035805
2 1 0.037861 0.403402 0.511150 0.008580 0.039007
2 1 0.030154 0.385988 0.537717 0.006155 0.039986
2 1 0.045466 0.439097 0.463407 0.009715 0.042314
1 1 0.060692 0.507260 0.378424 0.012290 0.041333
1 1 0.054795 0.512859 0.380912 0.010253 0.041181
1 1 0.064356 0.497575 0.369122 0.011332 0.057616
1 1 0.065808 0.496449 0.368720 0.011845 0.057178
1 2 0.064145 0.500325 0.372159 0.012014 0.051357
1 2 0.058987 0.505930 0.378393 0.011109 0.045581
1 2 0.054533 0.506696 0.383314 0.009754 0.045703
1 2 0.049344 0.461089 0.440206 0.010868 0.038494
1 1 0.090070 0.457069 0.361927 0.019220 0.071714
2 1 0.075914 0.370860 0.473566 0.024259 0.055401
2 1 0.056582 0.334211 0.543519 0.019581 0.046106
2 1 0.020246 0.201832 0.745886 0.010198 0.021838
2 1 0.004300 0.068403 0.916304 0.004478 0.006516
2 1 0.009631 0.135558 0.836345 0.006148 0.012317
2 1 0.008145 0.118107 0.857181 0.005743 0.010823
2 1 0.009079 0.135210 0.838229 0.005702 0.011780
2 1 0.006073 0.084002 0.895737 0.005723 0.008466
2 1 0.004907 0.063568 0.918596 0.005876 0.007053
2 1 0.003987 0.055618 0.929251 0.005079 0.006064
2 1 0.003964 0.064058 0.921552 0.004297 0.006129
2 1 0.002129 0.035658 0.955008 0.003478 0.003727
2 1 0.002305 0.032526 0.956964 0.004320 0.003886
2 1 0.001317 0.019608 0.973142 0.003447 0.002486
2 1 0.001283 0.017893 0.974733 0.003669 0.002422
2 2 0.001557 0.025436 0.966862 0.003227 0.002918
2 2 0.001689 0.024936 0.966604 0.003655 0.003117
2 2 0.002071 0.034785 0.955440 0.002910 0.004794
2 2 0.005936 0.055776 0.918058 0.006322 0.013908
2 2 0.002027 0.033298 0.956478 0.002659 0.005538
2 2 0.001667 0.029494 0.961776 0.002343 0.004719
2 2 0.001037 0.022889 0.971087 0.001556 0.003431
2 2 0.001075 0.015664 0.977548 0.002584 0.003128
2 2 0.001533 0.020912 0.970628 0.003365 0.003562
2 2 0.003393 0.029619 0.953895 0.007664 0.005428
2 2 0.000724 0.008841 0.984786 0.004024 0.001625
2 3 0.000659 0.006894 0.985352 0.005631 0.001465
2 3 0.000486 0.004557 0.984659 0.009181 0.001117
2 3 0.000557 0.004142 0.977717 0.016384 0.001200
2 3 0.000416 0.003108 0.977181 0.018369 0.000926
2 3 0.000584 0.004008 0.972218 0.021978 0.001212
2 3 0.000877 0.004783 0.955150 0.037573 0.001617
2 3 0.002244 0.008923 0.931994 0.053553 0.003285
2 3 0.002565 0.008747 0.926709 0.058443 0.003536
2 3 0.003095 0.009574 0.925350 0.057838 0.004143
2 3 0.002650 0.008612 0.933470 0.051580 0.003688
2 3 0.004058 0.010426 0.891230 0.089136 0.005150
2 3 0.004435 0.011569 0.873196 0.105245 0.005554
2 3 0.004467 0.012269 0.868439 0.109084 0.005742
2 3 0.001824 0.004540 0.832391 0.158473 0.002773
2 3 0.001652 0.002969 0.692742 0.300251 0.002387
2 3 0.001202 0.001943 0.568844 0.426252 0.001759
2 3 0.001084 0.001785 0.577071 0.418460 0.001600
2 3 0.000545 0.001014 0.620743 0.376783 0.000916
2 3 0.000570 0.001060 0.601169 0.396291 0.000911
2 3 0.000238 0.000529 0.578632 0.420165 0.000436
2 3 0.000380 0.000779 0.530311 0.467905 0.000625
2 3 0.000409 0.000825 0.537035 0.461072 0.000659
2 3 0.000703 0.001286 0.513482 0.483518 0.001011
2 3 0.000679 0.001247 0.524174 0.472918 0.000983
2 3 0.000844 0.001494 0.501536 0.494968 0.001157
2 3 0.000750 0.001351 0.532421 0.464423 0.001055
2 3 0.001461 0.002319 0.512987 0.481405 0.001828
2 3 0.001203 0.001977 0.531880 0.463386 0.001554
3 3 0.000977 0.001692 0.466134 0.529908 0.001289
3 3 0.000948 0.001657 0.443892 0.552272 0.001231
3 3 0.000720 0.001341 0.357661 0.639333 0.000944
3 3 0.000922 0.001642 0.311359 0.684952 0.001125
3 3 0.001046 0.001817 0.255012 0.740904 0.001220
3 3 0.001631 0.002633 0.250764 0.743138 0.001834
3 3 0.002487 0.003891 0.260015 0.730481 0.003126
3 3 0.002322 0.003619 0.256697 0.734595 0.002767
3 3 0.002121 0.003330 0.242482 0.749600 0.002467
3 3 0.003417 0.004716 0.293286 0.695286 0.003295
3 3 0.004072 0.005519 0.278703 0.707778 0.003928
3 3 0.006941 0.008956 0.258169 0.718814 0.007120
3 3 0.012281 0.014548 0.226312 0.734656 0.012203
3 3 0.021746 0.023066 0.157421 0.778559 0.019208
3 3 0.033851 0.030387 0.118865 0.795377 0.021520
3 3 0.079103 0.060976 0.143377 0.663199 0.053345
3 3 0.105408 0.071359 0.136029 0.631907 0.055297
3 3 0.122856 0.079316 0.138757 0.598190 0.060881
3 3 0.171140 0.101090 0.140845 0.505024 0.081901
3 3 0.152159 0.092685 0.134658 0.546079 0.074420
3 3 0.140035 0.086916 0.125434 0.577617 0.069998
3 3 0.071281 0.052160 0.121581 0.717544 0.037434
3 3 0.061554 0.046714 0.121335 0.737477 0.032920
3 3 0.081546 0.063313 0.166698 0.633507 0.054935
3 3 0.127918 0.095898 0.209989 0.456802 0.109393
3 3 0.123541 0.098758 0.315650 0.315671 0.146380
2 3 0.112535 0.097327 0.428514 0.218733 0.142892
2 3 0.038815 0.111763 0.752057 0.035698 0.061667
2 3 0.031659 0.159603 0.734782 0.017946 0.056009
2 2 0.014314 0.125377 0.830993 0.011578 0.017740
2 2 0.016160 0.140532 0.813960 0.012830 0.016519
2 2 0.002230 0.017871 0.956712 0.019441 0.003746
2 2 0.000837 0.006541 0.973892 0.017015 0.001716
2 2 0.001750 0.009769 0.969755 0.015872 0.002854
2 2 0.003351 0.014128 0.959741 0.018217 0.004563
2 2 0.002929 0.015587 0.963528 0.013826 0.004129
2 2 0.002363 0.014090 0.968598 0.011423 0.003525
2 2 0.003082 0.020850 0.960900 0.010701 0.004467
2 2 0.004058 0.038563 0.942484 0.006373 0.008521
2 2 0.007000 0.083880 0.886759 0.004819 0.017543
2 2 0.006302 0.048846 0.922484 0.009195 0.013174
2 2 0.002499 0.017940 0.961239 0.012954 0.005368
2 2 0.003538 0.020879 0.951144 0.017690 0.006749
2 2 0.007242 0.031889 0.927531 0.020597 0.012741
2 2 0.009069 0.034323 0.919342 0.022807 0.014460
2 2 0.012173 0.038111 0.900716 0.027485 0.021515
2 2 0.016714 0.048930 0.871631 0.028094 0.034630
2 2 0.015795 0.068955 0.850686 0.014132 0.050433
2 2 0.016028 0.126498 0.802338 0.007756 0.047380
2 2 0.012527 0.107805 0.837284 0.007112 0.035272
2 2 0.007375 0.067908 0.898598 0.006367 0.019752
2 2 0.003045 0.026479 0.956759 0.005941 0.007775
2 2 0.007058 0.062012 0.897761 0.005275 0.027893
2 2 0.004219 0.049697 0.923976 0.003391 0.018717
2 2 0.006319 0.050201 0.903544 0.004764 0.035172
2 2 0.012383 0.068510 0.861620 0.009300 0.048186
2 2 0.018268 0.090710 0.797286 0.009561 0.084175
2 2 0.015953 0.116277 0.757409 0.004887 0.105474
2 2 0.021401 0.157376 0.646692 0.004054 0.170476
2 2 0.018627 0.131056 0.723607 0.005060 0.121650
2 2 0.018503 0.109671 0.786757 0.008223 0.076847
2 2 0.018495 0.094084 0.818080 0.011734 0.057606
2 2 0.008933 0.067138 0.886043 0.006695 0.031191
2 2 0.004735 0.044287 0.927227 0.004486 0.019265
2 2 0.003870 0.041368 0.936230 0.003963 0.014569
2 2 0.007727 0.062839 0.896128 0.006040 0.027266
2 2 0.002742 0.025781 0.959333 0.005370 0.006774
2 2 0.004546 0.039966 0.936193 0.005784 0.013510
2 2 0.004408 0.037856 0.938692 0.005906 0.013139
2 2 0.002304 0.017336 0.968317 0.008232 0.003811
2 2 0.003102 0.022484 0.960121 0.009604 0.004690
2 2 0.004919 0.022876 0.947615 0.018270 0.006320
2 2 0.026451 0.070136 0.828414 0.051291 0.023708
2 2 0.030727 0.114179 0.789198 0.032975 0.032921
2 2 0.040348 0.197531 0.692067 0.022773 0.047282
2 2 0.044179 0.262774 0.626039 0.018017 0.048990
2 2 0.055849 0.376357 0.497011 0.014557 0.056226
2 2 0.025577 0.342560 0.591025 0.005957 0.034880
2 2 0.023557 0.309766 0.623860 0.005692 0.037125
2 2 0.002953 0.074584 0.913151 0.001871 0.007441
2 2 0.000930 0.022332 0.972778 0.001634 0.002327
2 2 0.001056 0.024277 0.969674 0.001509 0.003484
2 2 0.002817 0.034863 0.948142 0.003158 0.011021
2 2 0.005466 0.057031 0.909771 0.003963 0.023769
2 2 0.005341 0.062796 0.914722 0.005102 0.012039
2 2 0.003692 0.062774 0.918143 0.002535 0.012856
2 2 0.003236 0.055082 0.925312 0.002181 0.014189
2 2 0.006577 0.110423 0.845990 0.002147 0.034864
2 2 0.008350 0.125023 0.831661 0.002973 0.031994
2 2 0.002214 0.056469 0.929778 0.001256 0.010284
2 2 0.002776 0.058154 0.926931 0.001806 0.010334
2 2 0.003861 0.072901 0.909521 0.002410 0.011307
2 2 0.007614 0.108027 0.849360 0.002945 0.032053
2 2 0.005727 0.062828 0.907156 0.004235 0.020053
2 2 0.004624 0.040445 0.934984 0.005643 0.014304
2 2 0.004495 0.038353 0.936098 0.005373 0.015680
2 2 0.004683 0.049709 0.921845 0.003891 0.019872
2 2 0.007396 0.091276 0.865279 0.003405 0.032644
2 2 0.011012 0.121728 0.827045 0.004720 0.035494
2 2 0.005988 0.084810 0.879794 0.002735 0.026672
2 2 0.007923 0.100433 0.846992 0.002929 0.041723
2 2 0.004377 0.060073 0.911025 0.002621 0.021904
2 2 0.003510 0.030109 0.949270 0.005184 0.011926
2 2 0.002795 0.028081 0.952693 0.003542 0.012888
2 2 0.003966 0.039368 0.924201 0.002907 0.029558
2 2 0.005808 0.068207 0.876282 0.002434 0.047269
2 2 0.006523 0.064057 0.890607 0.003830 0.034983
2 2 0.002057 0.030062 0.956060 0.002253 0.009568
2 2 0.001809 0.027958 0.960317 0.002179 0.007736
2 2 0.002869 0.057117 0.917782 0.001326 0.020905
2 2 0.002195 0.043049 0.938664 0.001357 0.014735
2 2 0.001242 0.032219 0.959243 0.001085 0.006211
2 2 0.000626 0.022783 0.972259 0.000611 0.003721
2 2 0.000925 0.029418 0.963136 0.000742 0.005780
2 2 0.002074 0.047173 0.938753 0.001377 0.010623
2 2 0.002897 0.061828 0.919172 0.001570 0.014533
2 2 0.003185 0.058578 0.920712 0.001888 0.015638
2 2 0.002065 0.042760 0.942633 0.001477 0.011065
2 2 0.002774 0.058630 0.919934 0.001385 0.017277
2 2 0.002782 0.057282 0.925322 0.001663 0.012951
2 2 0.002998 0.051980 0.933796 0.002610 0.008616
2 2 0.001535 0.026569 0.965079 0.002307 0.004509
2 3 0.001418 0.017563 0.972662 0.004885 0.003471
2 3 0.001358 0.014415 0.974635 0.006249 0.003341
2 3 0.001537 0.013253 0.971209 0.010448 0.003552
2 3 0.001222 0.010499 0.975238 0.010541 0.002501
2 3 0.001050 0.006756 0.974834 0.015293 0.002068
2 3 0.001004 0.005799 0.979509 0.011750 0.001938
2 3 0.000996 0.006243 0.983092 0.007793 0.001876
2 3 0.000396 0.001334 0.897892 0.099547 0.000831
2 3 0.000303 0.000812 0.854378 0.143863 0.000645
2 3 0.000298 0.000594 0.742443 0.256068 0.000596
2 3 0.000318 0.000644 0.679254 0.319182 0.000602
2 3 0.000593 0.001095 0.595770 0.401588 0.000953
2 3 0.000694 0.001262 0.533523 0.463463 0.001058
3 3 0.001237 0.002048 0.432305 0.562790 0.001620
3 3 0.001625 0.002582 0.376183 0.617615 0.001994
3 3 0.003691 0.005345 0.338178 0.648167 0.004619
3 3 0.002604 0.003790 0.311531 0.679435 0.002640
3 3 0.002973 0.004212 0.350103 0.639753 0.002958
3 3 0.002433 0.003578 0.377026 0.614438 0.002525
3 3 0.002771 0.003981 0.370073 0.620422 0.002754
3 3 0.001899 0.002939 0.369294 0.623862 0.002007
3 3 0.001682 0.002659 0.383133 0.610678 0.001848
3 3 0.002139 0.003236 0.346460 0.645946 0.002219
3 3 0.001994 0.003065 0.276513 0.716399 0.002029
3 3 0.003834 0.005190 0.222713 0.764962 0.003301
3 3 0.006404 0.007818 0.179991 0.800956 0.004831
3 3 0.016503 0.016708 0.185009 0.771150 0.010630
3 3 0.019132 0.018654 0.133682 0.817115 0.011417
3 3 0.039098 0.032771 0.122193 0.784968 0.020971
3 3 0.044741 0.036234 0.113140 0.781644 0.024240
3 3 0.063506 0.047771 0.123533 0.731771 0.033420
3 3 0.064972 0.048542 0.120215 0.731939 0.034333
3 3 0.062617 0.047236 0.122709 0.734424 0.033013
3 3 0.060625 0.046129 0.125384 0.735987 0.031876
3 3 0.088287 0.062003 0.144739 0.660611 0.044359
3 3 0.084678 0.060108 0.146657 0.666022 0.042535
3 3 0.071226 0.052573 0.141791 0.698080 0.036330
3 3 0.043740 0.035710 0.119126 0.777933 0.023491
3 3 0.033468 0.028946 0.116783 0.802622 0.018181
3 3 0.021805 0.020592 0.108362 0.837111 0.012130
3 3 0.021092 0.020211 0.134878 0.811735 0.012083
3 3 0.005245 0.006593 0.122353 0.861984 0.003825
3 3 0.009401 0.010578 0.141478 0.832163 0.006381
3 3 0.006676 0.008028 0.144685 0.835694 0.004918
3 3 0.007611 0.008999 0.220909 0.756618 0.005862
3 3 0.003347 0.004647 0.233918 0.755057 0.003032
3 3 0.003628 0.004967 0.243362 0.744833 0.003211
3 3 0.007544 0.008953 0.231768 0.745987 0.005747
3 3 0.010987 0.012125 0.272885 0.696063 0.007940
3 3 0.007208 0.008577 0.395553 0.582666 0.005996
3 3 0.008626 0.009952 0.344308 0.630323 0.006791
3 3 0.010994 0.012077 0.332974 0.635537 0.008418
3 3 0.007647 0.009054 0.251716 0.725679 0.005905
3 3 0.004757 0.006177 0.244008 0.741049 0.004010
3 3 0.002848 0.004087 0.251876 0.738529 0.002660
3 3 0.002637 0.003844 0.240820 0.750254 0.002445
3 3 0.007696 0.009072 0.181480 0.796188 0.005563
3 3 0.009889 0.011087 0.176010 0.796199 0.006816
3 3 0.016701 0.016722 0.124824 0.831842 0.009911
3 3 0.027910 0.025209 0.124820 0.807015 0.015046
3 3 0.041182 0.034274 0.131843 0.770957 0.021744
3 3 0.084080 0.059938 0.154377 0.659777 0.041828
3 3 0.116035 0.076441 0.155772 0.595311 0.056440
3 3 0.123467 0.080093 0.157568 0.579246 0.059626
3 3 0.140061 0.087930 0.159242 0.546011 0.066757
3 3 0.091824 0.063778 0.140367 0.657724 0.046308
3 3 0.059385 0.045247 0.118258 0.745517 0.031593
3 3 0.035223 0.030336 0.131575 0.784177 0.018689
3 3 0.036735 0.031497 0.143183 0.769426 0.019160
3 3 0.019931 0.019303 0.126855 0.822644 0.011269
3 3 0.023114 0.021668 0.117908 0.824664 0.012646
3 3 0.005026 0.006321 0.098377 0.886708 0.003568
3 3 0.002999 0.004216 0.135376 0.854944 0.002464
3 3 0.003472 0.004774 0.170707 0.818170 0.002876
3 3 0.002946 0.004184 0.170146 0.820227 0.002496
3 3 0.003533 0.004835 0.168642 0.820043 0.002948
3 3 0.010897 0.013216 0.190818 0.774187 0.010882
3 3 0.011206 0.013370 0.174550 0.790134 0.010740
3 3 0.011497 0.013771 0.201888 0.761324 0.011520
3 3 0.015725 0.016202 0.180761 0.776633 0.010679
3 3 0.015521 0.015923 0.216167 0.741849 0.010540
3 3 0.026943 0.024886 0.195732 0.735561 0.016878
3 3 0.028905 0.026554 0.184230 0.742248 0.018062
3 3 0.024608 0.023089 0.127187 0.810416 0.014700
3 3 0.011254 0.012477 0.137918 0.830272 0.008079
3 3 0.014198 0.014646 0.120241 0.842150 0.008764
3 3 0.011610 0.012438 0.111243 0.857425 0.007285
3 3 0.023590 0.022727 0.137644 0.801017 0.015023
3 3 0.031258 0.028004 0.124311 0.798405 0.018022
3 3 0.023111 0.021908 0.120448 0.820619 0.013913
3 3 0.014450 0.015963 0.162375 0.795278 0.011933
3 3 0.013591 0.016094 0.224693 0.731025 0.014598
3 3 0.011254 0.014821 0.270615 0.686613 0.016697
3 3 0.015678 0.019416 0.226363 0.716700 0.021843
3 3 0.008824 0.011336 0.178339 0.791425 0.010076
3 3 0.004037 0.005889 0.198241 0.786997 0.004836
3 3 0.004122 0.006010 0.193723 0.791145 0.005000
3 3 0.008469 0.011145 0.212703 0.757353 0.010330
3 3 0.015981 0.018253 0.268692 0.680359 0.016716
3 3 0.008535 0.009803 0.402637 0.572022 0.007003
2 2 0.007666 0.011140 0.710279 0.263892 0.007023
2 2 0.009958 0.016701 0.841211 0.122938 0.009191
2 2 0.014612 0.044402 0.886680 0.040248 0.014058
2 2 0.009088 0.044465 0.915560 0.020377 0.010510
2 2 0.002274 0.019580 0.967245 0.007104 0.003797
2 2 0.002748 0.026456 0.958343 0.004942 0.007511
2 2 0.003025 0.045546 0.931826 0.002044 0.017560
2 2 0.011456 0.145208 0.741639 0.002148 0.099549
2 2 0.011673 0.149917 0.745457 0.002277 0.090676
2 2 0.008400 0.098782 0.832582 0.003384 0.056852
2 2 0.010066 0.118406 0.787902 0.003155 0.080471
2 2 0.018787 0.155354 0.550752 0.003160 0.271946
4 2 0.026455 0.139020 0.269036 0.002450 0.563040
4 2 0.025062 0.064565 0.101115 0.001836 0.807421
4 4 0.020663 0.041534 0.069405 0.001582 0.866816
4 4 0.019043 0.026991 0.035496 0.001183 0.917287
4 4 0.014185 0.019512 0.023031 0.000614 0.942657
4 4 0.018212 0.023026 0.017084 0.000615 0.941063
4 4 0.031050 0.050627 0.035329 0.001049 0.881945
4 4 0.045252 0.208263 0.145577 0.001912 0.598996
2 4 0.019268 0.273386 0.378028 0.000941 0.328378
2 4 0.018215 0.278073 0.443299 0.001074 0.259339
2 4 0.010862 0.224672 0.602038 0.000862 0.161566
2 4 0.015638 0.231399 0.519151 0.001162 0.232650
4 4 0.021453 0.183407 0.291675 0.001176 0.502289
4 4 0.022267 0.140946 0.237178 0.001366 0.598244
4 4 0.019328 0.098397 0.121572 0.000730 0.759973
2 4 0.019654 0.302766 0.365894 0.000892 0.310793
2 4 0.018902 0.301427 0.372248 0.000854 0.306570
2 4 0.023069 0.313792 0.338103 0.001053 0.323983
4 4 0.025191 0.306784 0.246944 0.000863 0.420218
4 4 0.032101 0.323056 0.233020 0.001219 0.410605
1 4 0.027898 0.349859 0.272296 0.001087 0.348861
4 4 0.027878 0.336873 0.250450 0.001004 0.383795
4 4 0.026417 0.344704 0.273506 0.000997 0.354376
4 4 0.032015 0.327980 0.265847 0.001389 0.372769
4 4 0.032839 0.291396 0.287900 0.001683 0.386182
2 4 0.025648 0.233698 0.393949 0.001793 0.344912
2 4 0.021996 0.229936 0.411279 0.001460 0.335328
2 4 0.017586 0.198791 0.423576 0.001113 0.358934
4 4 0.017982 0.170665 0.368265 0.001072 0.442017
4 4 0.020555 0.153409 0.346227 0.001366 0.478444
4 4 0.020951 0.168931 0.348708 0.001327 0.460082
4 4 0.012782 0.153358 0.371912 0.000642 0.461305
4 1 0.018093 0.151971 0.243671 0.000764 0.585501
4 1 0.027764 0.187360 0.238834 0.001362 0.544681
1 1 0.034683 0.323317 0.321299 0.002025 0.318677
2 1 0.016913 0.321731 0.463038 0.000991 0.197327
2 1 0.013611 0.313952 0.505222 0.000813 0.166402
2 2 0.014236 0.297118 0.544622 0.001061 0.142963
2 2 0.013535 0.260294 0.626522 0.001496 0.098153
2 2 0.011907 0.204902 0.723625 0.002227 0.057340
2 2 0.008201 0.128471 0.828621 0.002774 0.031933
2 2 0.009690 0.140872 0.788693 0.002335 0.058410
2 2 0.004996 0.078102 0.888518 0.002256 0.026128
2 2 0.004491 0.069549 0.903360 0.002493 0.020107
2 2 0.003369 0.042742 0.940515 0.003816 0.009558
2 2 0.001947 0.033282 0.957414 0.002837 0.004520
2 2 0.002142 0.042027 0.948402 0.002524 0.004905
2 2 0.001229 0.035539 0.957234 0.001122 0.004877
2 2 0.001465 0.025791 0.965749 0.002168 0.004827
2 2 0.002460 0.033783 0.955108 0.004520 0.004129
2 2 0.004207 0.050757 0.932736 0.006074 0.006225
2 2 0.005613 0.070065 0.910152 0.006335 0.007836
2 2 0.004711 0.053003 0.928706 0.006940 0.006641
2 2 0.005481 0.059593 0.919797 0.007368 0.007760
2 2 0.006961 0.073671 0.902190 0.008423 0.008754
2 2 0.006710 0.086058 0.891838 0.006636 0.008758
2 2 0.013053 0.130826 0.831077 0.009935 0.015109
2 1 0.023495 0.171992 0.765855 0.016150 0.022509
2 1 0.013333 0.142669 0.819759 0.009546 0.014692
2 2 0.010196 0.147217 0.824002 0.006352 0.012232
2 2 0.031791 0.293281 0.633832 0.011899 0.029196
1 2 0.068614 0.434031 0.431129 0.017678 0.048548
1 2 0.079291 0.486551 0.365394 0.017633 0.051130
2 2 0.046773 0.409988 0.493727 0.012202 0.037310
2 2 0.034580 0.368823 0.556264 0.009660 0.030674
2 2 0.037854 0.401645 0.518823 0.009714 0.031964
2 2 0.031967 0.380170 0.550834 0.008460 0.028569
2 2 0.023036 0.304964 0.641146 0.007273 0.023581
2 2 0.018084 0.254673 0.700368 0.006515 0.020359
2 2 0.014821 0.224789 0.735696 0.005540 0.019155
2 2 0.009721 0.175770 0.796303 0.004195 0.014012
2 2 0.009995 0.188114 0.782229 0.003816 0.015845
2 2 0.009201 0.161043 0.811396 0.004158 0.014203
2 2 0.008543 0.139936 0.832395 0.004110 0.015017
2 2 0.021542 0.206532 0.716425 0.006734 0.048767
2 2 0.031493 0.303128 0.624395 0.010796 0.030188
2 2 0.006480 0.108028 0.871679 0.004629 0.009183
2 2 0.006809 0.093392 0.884623 0.005988 0.009188
2 2 0.012610 0.109247 0.852130 0.011651 0.014362
2 2 0.018217 0.110300 0.833891 0.019627 0.017964
2 1 0.019995 0.125164 0.816250 0.019491 0.019099
2 2 0.008309 0.072660 0.898211 0.010986 0.009833
2 1 0.009206 0.085151 0.884348 0.010531 0.010765
2 1 0.010840 0.120956 0.846911 0.008700 0.012592
2 1 0.011209 0.150993 0.817424 0.006753 0.013621
2 2 0.004947 0.084009 0.899411 0.004314 0.007320
2 2 0.002398 0.045664 0.944684 0.003192 0.004062
2 2 0.003130 0.063710 0.924888 0.003154 0.005118
2 2 0.005005 0.091992 0.891590 0.003928 0.007486
2 2 0.005264 0.103726 0.879424 0.003606 0.007980
2 2 0.004848 0.112802 0.871780 0.002878 0.007692
2 2 0.002607 0.072015 0.918543 0.002013 0.004822
2 2 0.004105 0.079854 0.906018 0.003414 0.006610
2 2 0.012175 0.148153 0.817270 0.007475 0.014928
2 2 0.006317 0.112886 0.867424 0.004184 0.009189
2 2 0.002580 0.064823 0.925695 0.002300 0.004602
2 2 0.003037 0.067470 0.921487 0.002692 0.005314
2 2 0.003375 0.080866 0.907041 0.002411 0.006306
2 2 0.008064 0.163710 0.809992 0.003145 0.015088
2 2 0.005719 0.142139 0.836941 0.002188 0.013014
2 2 0.003174 0.081985 0.903754 0.001674 0.009413
2 2 0.002306 0.067708 0.921013 0.001312 0.007660
2 2 0.003101 0.085265 0.897442 0.001289 0.012903
2 2 0.003240 0.099565 0.880343 0.001053 0.015800
2 2 0.004418 0.129153 0.845118 0.001209 0.020102
2 2 0.004764 0.125147 0.846196 0.001333 0.022561
2 2 0.006170 0.137431 0.829625 0.001787 0.024987
2 2 0.005583 0.139037 0.831756 0.001595 0.022029
2 2 0.005066 0.140989 0.830793 0.001336 0.021816
2 2 0.003425 0.092318 0.892761 0.001631 0.009865
2 2 0.004584 0.065492 0.916622 0.004223 0.009079
2 2 0.002962 0.039152 0.948166 0.004736 0.004984
2 0 0.002741 0.035874 0.952011 0.004981 0.004392
2 1 0.001705 0.030603 0.961535 0.003133 0.003024
2 1 0.001921 0.027042 0.963529 0.004343 0.003164
2 2 0.013686 0.095651 0.860439 0.015847 0.014377
2 0 0.040531 0.204237 0.695186 0.026861 0.033185
2 0 0.017731 0.141547 0.808291 0.013363 0.019069
2 1 0.009374 0.104085 0.866675 0.008113 0.011753
2 1 0.005371 0.065004 0.915625 0.006656 0.007344
2 2 0.007316 0.108465 0.868996 0.005739 0.009484
2 2 0.009209 0.154004 0.819859 0.005027 0.011902
2 2 0.002542 0.054719 0.935501 0.002679 0.004559
2 2 0.001308 0.026495 0.967181 0.002385 0.002632
2 2 0.001731 0.035327 0.957054 0.002527 0.003361
2 2 0.001838 0.044064 0.948359 0.002145 0.003594
2 2 0.003021 0.055834 0.932679 0.003366 0.005100
2 2 0.002579 0.040748 0.948425 0.003882 0.004366
2 2 0.002501 0.036757 0.952344 0.004345 0.004053
2 0 0.005838 0.057609 0.920296 0.008678 0.007579
2 0 0.014259 0.096125 0.858171 0.016402 0.015042
2 1 0.046419 0.213284 0.673026 0.028714 0.038556
2 1 0.066371 0.309536 0.546070 0.026548 0.051475
2 1 0.049210 0.339306 0.553870 0.016313 0.041301
2 2 0.044495 0.385809 0.520587 0.012408 0.036701
2 2 0.004468 0.132257 0.846142 0.001381 0.015752
2 2 0.001955 0.060331 0.929440 0.001135 0.007138
2 2 0.002496 0.048129 0.941005 0.002554 0.005816
2 2 0.002148 0.035328 0.954605 0.002986 0.004932
2 2 0.002681 0.040271 0.948138 0.003824 0.005086
2 2 0.002312 0.050890 0.939250 0.002244 0.005304
2 2 0.004488 0.092009 0.884180 0.002006 0.017317
2 2 0.006365 0.112311 0.857553 0.002654 0.021117
2 2 0.019601 0.241171 0.692332 0.005272 0.041624
2 2 0.010865 0.198969 0.765585 0.003529 0.021052
2 2 0.007567 0.172510 0.792701 0.001990 0.025232
2 2 0.008091 0.179904 0.783819 0.002095 0.026091
2 2 0.011940 0.225668 0.724752 0.002692 0.034947
2 2 0.008109 0.173196 0.789210 0.002133 0.027352
2 2 0.007199 0.136438 0.834029 0.002729 0.019604
2 2 0.003293 0.080526 0.899746 0.001426 0.015009
2 2 0.001611 0.037558 0.953079 0.001470 0.006282
2 2 0.001267 0.023756 0.968379 0.001787 0.004811
2 2 0.001071 0.020077 0.973503 0.001902 0.003447
2 2 0.000698 0.014248 0.981314 0.001719 0.002021
2 2 0.000589 0.009192 0.986378 0.002514 0.001326
2 2 0.000962 0.012429 0.981107 0.003533 0.001968
2 2 0.000737 0.012649 0.982599 0.002363 0.001652
2 2 0.000818 0.017985 0.977485 0.001812 0.001899
2 2 0.000861 0.014344 0.980378 0.002516 0.001902
2 2 0.000730 0.011914 0.983221 0.002529 0.001605
2 2 0.001990 0.021277 0.967808 0.005525 0.003400
2 1 0.004544 0.039241 0.938708 0.006699 0.010807
2 2 0.013163 0.073130 0.867944 0.011831 0.033932
2 2 0.015719 0.098638 0.835713 0.010757 0.039173
2 2 0.021294 0.165858 0.737858 0.007308 0.067683
2 2 0.020626 0.154866 0.741464 0.007015 0.076029
2 2 0.021133 0.158895 0.763288 0.009512 0.047172
2 2 0.018355 0.163211 0.774298 0.008372 0.035765
2 2 0.005306 0.061838 0.918477 0.006576 0.007802
2 2 0.008167 0.079443 0.891021 0.008076 0.013293
2 2 0.019164 0.148339 0.791166 0.011394 0.029938
2 2 0.019123 0.219613 0.715807 0.006016 0.039440
2 2 0.020978 0.284499 0.626554 0.003732 0.064237
2 2 0.013544 0.242794 0.674969 0.002086 0.066607
2 2 0.014449 0.234982 0.684515 0.002498 0.063556
2 2 0.009265 0.163879 0.786961 0.002424 0.037471
2 2 0.008173 0.172274 0.785699 0.001991 0.031864
2 2 0.003483 0.092389 0.885162 0.001236 0.017729
2 2 0.005689 0.132137 0.830935 0.001463 0.029776
2 2 0.004903 0.091221 0.885327 0.002413 0.016135
2 2 0.004834 0.098298 0.882013 0.002489 0.012366
2 2 0.003241 0.077528 0.909296 0.002022 0.007913
2 2 0.002976 0.076275 0.911869 0.001894 0.006986
2 2 0.002674 0.065769 0.923274 0.001942 0.006340
2 2 0.002033 0.048487 0.942726 0.001934 0.004819
2 2 0.001801 0.039274 0.952904 0.002232 0.003789
2 2 0.002341 0.045319 0.944669 0.002608 0.005064
2 2 0.002057 0.033986 0.956568 0.003471 0.003917
2 2 0.002602 0.041799 0.947313 0.003601 0.004685
2 2 0.002654 0.044988 0.944149 0.003384 0.004825
2 3 0.002747 0.040639 0.947767 0.004041 0.004807
2 2 0.001979 0.027674 0.962763 0.003982 0.003602
2 2 0.000833 0.012294 0.982143 0.003000 0.001730
2 2 0.000619 0.010264 0.985320 0.002428 0.001368
2 2 0.003886 0.094505 0.891648 0.002403 0.007559
2 2 0.003429 0.076092 0.911437 0.002675 0.006367
2 2 0.004367 0.093950 0.890575 0.002828 0.008280
2 2 0.008502 0.150782 0.821976 0.003927 0.014813
2 2 0.013390 0.177918 0.785523 0.006854 0.016315
2 2 0.009097 0.108793 0.863256 0.007571 0.011282
2 2 0.006819 0.074361 0.902053 0.007848 0.008919
2 2 0.005838 0.053895 0.923443 0.008954 0.007870
2 2 0.003781 0.031246 0.950532 0.008941 0.005500
2 2 0.001900 0.015098 0.970111 0.009802 0.003088
2 2 0.000838 0.007239 0.981829 0.008504 0.001590
2 3 0.000363 0.002694 0.983549 0.012597 0.000797
2 3 0.000512 0.003305 0.975789 0.019355 0.001039
2 3 0.000367 0.002026 0.966710 0.030119 0.000778
2 3 0.000235 0.001434 0.967781 0.030011 0.000538
2 3 0.000303 0.001595 0.957666 0.039781 0.000654
2 3 0.000371 0.001825 0.950078 0.046960 0.000766
2 3 0.000493 0.001904 0.914925 0.081735 0.000942
2 3 0.001506 0.004136 0.834051 0.158067 0.002239
2 3 0.001061 0.002463 0.806561 0.188268 0.001647
2 3 0.001482 0.003397 0.813873 0.179086 0.002162
2 3 0.002942 0.007425 0.838798 0.146985 0.003851
2 3 0.003179 0.009030 0.860493 0.123116 0.004182
2 3 0.002449 0.007998 0.880507 0.105620 0.003427
2 3 0.001380 0.005153 0.906688 0.084611 0.002169
2 3 0.000586 0.002743 0.944566 0.050990 0.001114
2 3 0.000929 0.003976 0.935962 0.057535 0.001598
2 3 0.001097 0.003708 0.902537 0.090901 0.001757
2 3 0.000785 0.002388 0.884060 0.111480 0.001288
2 3 0.001183 0.002821 0.823541 0.170747 0.001709
2 3 0.001499 0.003357 0.801426 0.191690 0.002029
2 3 0.001964 0.004250 0.775348 0.215985 0.002452
2 3 0.002343 0.005076 0.760552 0.229199 0.002830
2 3 0.003643 0.007006 0.744173 0.241175 0.004003
2 3 0.006207 0.011574 0.771850 0.204188 0.006180
2 3 0.017591 0.024615 0.627793 0.316602 0.013399
2 3 0.019425 0.031775 0.713526 0.220564 0.014710
2 0 0.016610 0.028107 0.715933 0.226584 0.012766
2 0 0.021860 0.035135 0.691971 0.234930 0.016104
2 1 0.044720 0.076141 0.695790 0.153935 0.029413
2 2 0.041347 0.070283 0.699667 0.160971 0.027733
2 2 0.017701 0.043230 0.840820 0.083736 0.014513
2 2 0.003721 0.008470 0.888831 0.094663 0.004315
2 2 0.001505 0.005621 0.956745 0.033881 0.002248
2 2 0.002068 0.006596 0.942495 0.045792 0.003049
2 2 0.001619 0.006438 0.958373 0.030904 0.002666
2 2 0.002213 0.009971 0.963358 0.020904 0.003554
2 2 0.002676 0.017753 0.965622 0.009181 0.004768
2 4 0.003859 0.031206 0.948609 0.006705 0.009621
2 4 0.005249 0.048119 0.919782 0.004570 0.022279
2 4 0.015277 0.092129 0.806724 0.007124 0.078747
2 4 0.021816 0.120010 0.737458 0.007866 0.112850
2 4 0.035929 0.173456 0.641942 0.010666 0.138006
2 4 0.044161 0.142130 0.641659 0.027086 0.144964
2 4 0.047838 0.140008 0.628719 0.032168 0.151267
2 4 0.063013 0.157704 0.443130 0.017288 0.318866
4 4 0.054557 0.157555 0.338523 0.007899 0.441466
2 4 0.069031 0.200916 0.363987 0.011171 0.354895
2 4 0.051980 0.239346 0.372929 0.005915 0.329830
2 4 0.030612 0.264546 0.476531 0.003163 0.225148
2 4 0.003381 0.039190 0.936782 0.002993 0.017654
2 4 0.009462 0.124275 0.744139 0.001646 0.120478
2 4 0.014500 0.163274 0.629059 0.001810 0.191356
2 4 0.013246 0.126357 0.561370 0.001427 0.297600
2 4 0.015041 0.156508 0.516256 0.001321 0.310874
2 4 0.017008 0.160342 0.444752 0.001291 0.376606
2 4 0.021669 0.162715 0.488797 0.002314 0.324505
2 4 0.041014 0.167754 0.396747 0.005435 0.389050
2 4 0.044833 0.180394 0.468601 0.008537 0.297635
2 4 0.045258 0.131244 0.557860 0.018407 0.247232
2 4 0.045543 0.115563 0.546834 0.018113 0.273947
2 4 0.049352 0.079623 0.609721 0.080934 0.180370
2 4 0.047450 0.070836 0.621150 0.097099 0.163466
2 4 0.045678 0.066985 0.630487 0.120579 0.136272
2 4 0.051896 0.112892 0.563027 0.029029 0.243156
2 4 0.053098 0.124687 0.416619 0.014074 0.391523
4 4 0.040001 0.156593 0.332796 0.004374 0.466235
4 4 0.037207 0.111375 0.222364 0.003319 0.625736
4 4 0.039408 0.093992 0.139846 0.002753 0.724002
4 4 0.045195 0.050898 0.052605 0.002739 0.848562
4 4 0.048955 0.069409 0.073034 0.003094 0.805508
4 4 0.042257 0.054733 0.048843 0.002154 0.852014
4 4 0.032844 0.035602 0.032093 0.001475 0.897986
4 4 0.087736 0.074034 0.053810 0.006566 0.777853
4 4 0.195392 0.129301 0.097162 0.029545 0.548600
0 4 0.317637 0.166060 0.128880 0.095001 0.292422
0 4 0.346303 0.168270 0.131910 0.128009 0.225508
0 4 0.356770 0.167641 0.132023 0.145310 0.198257
0 4 0.372047 0.163485 0.129937 0.183974 0.150557
0 4 0.372047 0.163485 0.129937 0.183974 0.150557
0 4 0.353125 0.160609 0.146389 0.193776 0.146102
0 4 0.365130 0.162671 0.135683 0.186473 0.150043
0 4 0.349585 0.159933 0.149641 0.196078 0.144763
0 4 0.332288 0.167738 0.130808 0.109990 0.259177
0 4 0.323182 0.166806 0.129686 0.100315 0.280011
4 4 0.210859 0.135576 0.102280 0.034654 0.516631
4 4 0.170101 0.118176 0.088213 0.022344 0.601167
4 4 0.126284 0.096308 0.070977 0.012665 0.693766
4 4 0.097645 0.080067 0.058424 0.007939 0.755925
4 4 0.088259 0.166088 0.119789 0.006413 0.619451
4 4 0.068639 0.184576 0.131521 0.004052 0.611212
4 4 0.129657 0.207730 0.152562 0.013741 0.496310
4 4 0.138446 0.236433 0.174328 0.016214 0.434579
4 4 0.122129 0.203258 0.148825 0.012174 0.513615
4 4 0.096628 0.162726 0.128594 0.008170 0.603881
4 4 0.059477 0.084658 0.137191 0.006385 0.712289
4 4 0.030793 0.034508 0.039934 0.001610 0.893156
4 4 0.021026 0.025343 0.024826 0.000756 0.928049
4 4 0.020063 0.024280 0.020513 0.000628 0.934516
4 4 0.009663 0.013725 0.011087 0.000187 0.965338
4 4 0.027309 0.030580 0.021782 0.000916 0.919414
4 4 0.031033 0.050553 0.043604 0.001229 0.873580
4 4 0.039678 0.083172 0.082421 0.002002 0.792728
4 4 0.042690 0.139836 0.238820 0.003741 0.574912
4 4 0.068048 0.253497 0.285749 0.006763 0.385943
4 4 0.038269 0.210799 0.263424 0.002445 0.485063
4 4 0.047473 0.269176 0.313256 0.003763 0.366333
4 4 0.053816 0.202137 0.176584 0.003161 0.564301
4 4 0.062444 0.138699 0.109923 0.003682 0.685252
4 4 0.044140 0.103948 0.122740 0.002755 0.726418
0 4 0.372047 0.163485 0.129937 0.183974 0.150557
0 4 0.368171 0.165157 0.130895 0.171496 0.164280
0 4 0.372047 0.163485 0.129937 0.183974 0.150557
0 1 0.372047 0.163485 0.129937 0.183974 0.150557
0 1 0.336939 0.168051 0.131268 0.115483 0.248259
4 1 0.205143 0.133304 0.100421 0.032698 0.528435
4 1 0.173628 0.119791 0.089504 0.023269 0.593808
4 1 0.068615 0.073237 0.052650 0.004186 0.801312
4 1 0.085532 0.094547 0.068435 0.006120 0.745366
4 1 0.074574 0.136638 0.097919 0.004670 0.686200
4 1 0.059462 0.211138 0.149413 0.003160 0.576827
4 2 0.068560 0.284160 0.202669 0.004466 0.440146
4 2 0.074881 0.319223 0.229065 0.005618 0.371212
1 2 0.098164 0.328950 0.239477 0.009753 0.323657
4 2 0.104852 0.300828 0.219288 0.010430 0.364603
4 2 0.091713 0.247350 0.194997 0.008009 0.457932
4 2 0.091575 0.216606 0.198913 0.008882 0.484025
4 2 0.078541 0.213594 0.185361 0.006314 0.516191
4 2 0.096904 0.224062 0.162226 0.007965 0.508843
4 2 0.085268 0.228478 0.164420 0.006278 0.515556
1 2 0.059528 0.364165 0.259325 0.004015 0.312967
1 2 0.026415 0.435132 0.375299 0.001561 0.161592
2 2 0.021126 0.373146 0.423104 0.001248 0.181376
2 2 0.015478 0.291031 0.534138 0.001167 0.158186
2 2 0.011099 0.247373 0.623220 0.001002 0.117306
2 2 0.014826 0.249231 0.553833 0.001191 0.180918
2 2 0.024521 0.279874 0.455974 0.001918 0.237713
2 2 0.045552 0.308542 0.331679 0.003526 0.310701
1 2 0.051172 0.366367 0.304123 0.003704 0.274635
4 2 0.099108 0.310216 0.228246 0.009637 0.352793
1 2 0.128095 0.314259 0.231817 0.016174 0.309656
2 2 0.129532 0.306287 0.355823 0.031408 0.176949
2 2 0.074907 0.305536 0.495912 0.020846 0.102799
2 2 0.013031 0.153422 0.783507 0.004198 0.045842
2 2 0.006117 0.115975 0.847786 0.002099 0.028023
2 2 0.009171 0.132489 0.836159 0.004890 0.017292
