0 0 0.978903 0.012689 0.001651 0.003280 0.003478
0 0 0.955860 0.026056 0.004388 0.005510 0.008187
0 0 0.958718 0.026904 0.004146 0.003479 0.006753
0 0 0.966558 0.023129 0.003180 0.002493 0.004640
0 0 0.969376 0.021975 0.002794 0.001589 0.004265
0 0 0.943913 0.040204 0.005518 0.000779 0.009586
0 0 0.785304 0.123855 0.027469 0.001186 0.062186
0 0 0.690208 0.188405 0.050464 0.002412 0.068511
0 0 0.730869 0.166425 0.040657 0.001749 0.060300
0 0 0.644420 0.201574 0.054582 0.001432 0.097992
0 0 0.608358 0.191710 0.056020 0.001490 0.142422
0 1 0.474482 0.188083 0.064401 0.001265 0.271770
0 1 0.498212 0.180437 0.060444 0.001316 0.259591
0 1 0.522362 0.170004 0.054353 0.001127 0.252154
0 1 0.495043 0.173589 0.057530 0.001159 0.272679
0 1 0.512674 0.182522 0.060278 0.001361 0.243166
0 1 0.478597 0.187842 0.063648 0.001213 0.268700
0 1 0.438544 0.192233 0.070025 0.001453 0.297745
0 1 0.354390 0.249743 0.109829 0.003026 0.283012
0 1 0.319648 0.267287 0.130195 0.004804 0.278066
0 1 0.308784 0.285535 0.151923 0.009295 0.244464
1 1 0.290260 0.292574 0.168589 0.014701 0.233876
1 1 0.269452 0.291559 0.180011 0.019658 0.239321
1 1 0.243910 0.286158 0.191479 0.026147 0.252306
1 2 0.164220 0.290943 0.285176 0.050873 0.208788
2 2 0.135658 0.275096 0.308212 0.055579 0.225454
2 2 0.102358 0.252622 0.342667 0.071174 0.231178
2 2 0.084714 0.249787 0.398128 0.069712 0.197659
2 2 0.059544 0.229525 0.470297 0.065203 0.175431
2 2 0.039891 0.210388 0.573367 0.046862 0.129492
2 2 0.023566 0.181567 0.691834 0.034703 0.068331
2 2 0.035310 0.212771 0.641715 0.032429 0.077775
2 2 0.058605 0.259573 0.579644 0.024171 0.078006
2 2 0.047907 0.243545 0.616337 0.027616 0.064595
2 2 0.039646 0.229342 0.650582 0.029805 0.050625
2 2 0.047248 0.237115 0.599535 0.036802 0.079300
2 2 0.041535 0.229640 0.631807 0.030453 0.066564
2 2 0.049273 0.245472 0.610206 0.028210 0.066839
2 2 0.032465 0.210590 0.669226 0.036091 0.051628
2 2 0.005925 0.075716 0.857633 0.045887 0.014839
2 2 0.006044 0.077064 0.856864 0.044651 0.015376
2 3 0.004968 0.067567 0.867870 0.047953 0.011643
2 3 0.003083 0.047029 0.886929 0.055529 0.007430
2 3 0.001161 0.021872 0.904795 0.068640 0.003531
2 3 0.001032 0.018876 0.894861 0.081917 0.003314
2 3 0.001186 0.019961 0.882709 0.092363 0.003782
2 3 0.000987 0.016064 0.863715 0.115840 0.003395
2 3 0.000803 0.013343 0.855374 0.127553 0.002928
2 3 0.000690 0.010708 0.818664 0.167220 0.002718
2 3 0.000840 0.011353 0.782951 0.201575 0.003282
2 3 0.001502 0.014998 0.710273 0.267744 0.005483
2 3 0.002455 0.018446 0.626850 0.343787 0.008462
2 3 0.003129 0.019412 0.555914 0.410972 0.010573
2 3 0.003778 0.021308 0.529798 0.432725 0.012392
2 3 0.005533 0.027864 0.522368 0.428046 0.016189
2 3 0.007508 0.032074 0.485808 0.456497 0.018112
3 3 0.010072 0.033807 0.412782 0.523680 0.019658
3 3 0.011040 0.027245 0.300199 0.644351 0.017164
3 3 0.005771 0.015763 0.276586 0.691917 0.009963
3 3 0.006437 0.015629 0.249554 0.718693 0.009687
3 3 0.002723 0.003209 0.071554 0.920889 0.001625
3 3 0.011927 0.011535 0.095504 0.874941 0.006093
3 3 0.044460 0.051220 0.218455 0.659708 0.026156
2 3 0.033931 0.070020 0.438531 0.428370 0.029149
2 3 0.012340 0.056686 0.665427 0.245655 0.019892
2 3 0.026572 0.085820 0.623681 0.232769 0.031158
2 3 0.042736 0.122658 0.632500 0.162533 0.039572
2 2 0.247339 0.269807 0.336574 0.064126 0.082154
2 2 0.130756 0.156861 0.375779 0.268371 0.068232
3 3 0.007862 0.021522 0.312088 0.646378 0.012149
3 3 0.009785 0.022710 0.274093 0.680277 0.013135
3 3 0.010825 0.021191 0.229361 0.726114 0.012509
3 3 0.028947 0.038365 0.230344 0.680447 0.021897
3 3 0.019077 0.023173 0.167916 0.776938 0.012895
3 3 0.010386 0.012451 0.120922 0.849418 0.006823
3 3 0.008294 0.008586 0.091553 0.887062 0.004505
3 3 0.005845 0.006015 0.079624 0.905425 0.003091
3 3 0.005892 0.005617 0.071922 0.913727 0.002843
3 3 0.003853 0.003233 0.051122 0.940235 0.001557
3 3 0.003325 0.002745 0.047175 0.945447 0.001307
3 3 0.002179 0.001950 0.044725 0.950224 0.000922
3 3 0.002708 0.002711 0.056954 0.936301 0.001327
3 3 0.001972 0.002182 0.057830 0.936945 0.001071
3 3 0.002916 0.003403 0.072499 0.919456 0.001726
3 3 0.002638 0.003525 0.083960 0.908049 0.001828
3 3 0.002959 0.003869 0.085164 0.905998 0.002010
3 3 0.002796 0.004092 0.097164 0.893780 0.002169
3 3 0.003201 0.004290 0.090769 0.899489 0.002250
3 3 0.003474 0.004124 0.079355 0.910929 0.002119
3 3 0.004880 0.004634 0.066543 0.921624 0.002319
3 3 0.003318 0.003055 0.054896 0.937243 0.001487
3 3 0.002974 0.002597 0.048846 0.944339 0.001243
3 3 0.003627 0.003180 0.053092 0.938561 0.001540
3 3 0.003539 0.002982 0.049754 0.942294 0.001431
3 3 0.002683 0.002263 0.044665 0.949319 0.001069
3 3 0.003794 0.002748 0.041351 0.950824 0.001284
3 3 0.004158 0.002916 0.040971 0.950596 0.001360
3 3 0.005451 0.003935 0.047441 0.941299 0.001874
3 3 0.006357 0.004323 0.046347 0.940922 0.002051
3 3 0.003761 0.003018 0.047587 0.944196 0.001439
3 3 0.002979 0.002314 0.041466 0.952160 0.001082
3 3 0.003616 0.002718 0.042758 0.949631 0.001276
3 3 0.002897 0.001950 0.033514 0.960755 0.000884
3 3 0.004057 0.002968 0.043059 0.948522 0.001394
3 3 0.003212 0.002393 0.040300 0.952980 0.001114
3 3 0.003532 0.002764 0.044823 0.947576 0.001306
3 3 0.003115 0.002216 0.037310 0.956338 0.001020
3 3 0.025187 0.015257 0.078854 0.873347 0.007355
3 3 0.060018 0.057422 0.241988 0.614298 0.026274
2 3 0.052674 0.100199 0.503495 0.305343 0.038288
2 3 0.028165 0.098893 0.658912 0.178677 0.035353
2 3 0.058351 0.144244 0.560811 0.177289 0.059306
2 3 0.044119 0.140912 0.635262 0.128024 0.051683
2 3 0.075315 0.151383 0.503732 0.204305 0.065266
3 3 0.028980 0.049114 0.309140 0.584850 0.027917
3 3 0.005435 0.012353 0.218193 0.756551 0.007468
3 3 0.007921 0.014702 0.192852 0.775824 0.008701
3 3 0.008142 0.014241 0.180722 0.788560 0.008335
3 3 0.008693 0.016142 0.199026 0.766531 0.009608
3 3 0.009333 0.015820 0.181965 0.783611 0.009272
3 3 0.004721 0.003322 0.043275 0.947120 0.001561
3 3 0.004024 0.002751 0.039019 0.952933 0.001274
3 3 0.006779 0.005171 0.055778 0.929751 0.002521
3 3 0.008614 0.006861 0.064912 0.916195 0.003419
3 3 0.007362 0.005869 0.061206 0.922663 0.002900
3 3 0.006051 0.005397 0.066285 0.919569 0.002698
3 3 0.005644 0.004825 0.060873 0.926275 0.002383
3 3 0.004516 0.004424 0.067419 0.921422 0.002218
3 3 0.004489 0.003769 0.054322 0.935589 0.001831
3 3 0.005127 0.004239 0.055982 0.932585 0.002068
3 3 0.002898 0.002466 0.046636 0.946827 0.001173
3 3 0.003555 0.003282 0.056597 0.934962 0.001604
3 3 0.002356 0.001877 0.039156 0.955740 0.000871
3 3 0.003582 0.002551 0.039477 0.953207 0.001184
3 3 0.002937 0.001612 0.025248 0.969501 0.000702
3 3 0.003455 0.001607 0.021285 0.972970 0.000683
3 3 0.002936 0.001221 0.017005 0.978335 0.000503
3 3 0.002946 0.001070 0.014035 0.981519 0.000430
3 3 0.004161 0.001269 0.012553 0.981515 0.000501
3 3 0.004739 0.001348 0.011974 0.981410 0.000529
3 3 0.005631 0.001723 0.014247 0.977706 0.000692
3 3 0.007106 0.002213 0.016026 0.973753 0.000903
3 3 0.006180 0.002210 0.018469 0.972221 0.000920
3 3 0.003420 0.001374 0.017207 0.977432 0.000567
3 3 0.004129 0.001634 0.018162 0.975395 0.000679
3 3 0.003869 0.001489 0.016999 0.977029 0.000613
3 3 0.004515 0.001807 0.019123 0.973800 0.000756
3 3 0.004233 0.001736 0.019294 0.974011 0.000728
3 3 0.004511 0.002116 0.023966 0.968493 0.000914
3 3 0.004834 0.002416 0.026952 0.964737 0.001061
3 3 0.005408 0.002887 0.030937 0.959474 0.001293
3 3 0.004567 0.002808 0.035337 0.956006 0.001282
3 3 0.003467 0.002686 0.043875 0.948705 0.001266
3 3 0.004230 0.003061 0.043116 0.948154 0.001438
3 3 0.005115 0.003388 0.041026 0.948890 0.001580
3 3 0.007433 0.004184 0.037795 0.948660 0.001928
3 3 0.004554 0.002439 0.029041 0.962883 0.001083
3 3 0.005564 0.002928 0.030664 0.959534 0.001310
3 3 0.004275 0.002350 0.029373 0.962957 0.001045
3 3 0.004375 0.002073 0.024021 0.968635 0.000896
3 3 0.003925 0.001607 0.018686 0.975111 0.000671
3 3 0.004017 0.001624 0.018522 0.975160 0.000677
3 3 0.003612 0.001505 0.018529 0.975725 0.000628
3 3 0.003726 0.001588 0.019366 0.974654 0.000666
3 3 0.002272 0.001100 0.019053 0.977114 0.000461
3 3 0.002690 0.001236 0.018922 0.976634 0.000517
3 3 0.004770 0.001870 0.018984 0.973594 0.000782
3 3 0.012132 0.005881 0.038050 0.941251 0.002686
3 2 0.012548 0.007650 0.054288 0.921865 0.003648
3 2 0.008696 0.008321 0.083750 0.894925 0.004308
3 2 0.007413 0.011655 0.152766 0.821535 0.006631
3 2 0.013976 0.033506 0.321022 0.613292 0.018205
2 2 0.013915 0.056374 0.563156 0.340744 0.025810
2 2 0.019427 0.093077 0.662317 0.186889 0.038290
2 2 0.003974 0.035655 0.764047 0.185112 0.011212
2 2 0.005253 0.044083 0.759106 0.177645 0.013914
2 2 0.005013 0.051642 0.822536 0.107861 0.012948
2 2 0.013294 0.107026 0.770669 0.069612 0.039400
2 2 0.011523 0.097025 0.786691 0.061347 0.043413
2 2 0.018086 0.131015 0.725505 0.049969 0.075425
4 2 0.049106 0.171241 0.335316 0.026955 0.417381
2 2 0.043895 0.175122 0.386710 0.025663 0.368610
2 2 0.033200 0.181548 0.527866 0.024706 0.232679
2 2 0.034716 0.185615 0.527239 0.026805 0.225625
2 2 0.039748 0.195324 0.511052 0.032586 0.221290
2 2 0.044569 0.204734 0.500783 0.039286 0.210628
2 2 0.044027 0.187357 0.434789 0.029803 0.304024
2 2 0.043173 0.182959 0.424351 0.027848 0.321669
2 2 0.044919 0.178278 0.391026 0.027024 0.358753
4 2 0.050408 0.173671 0.335855 0.028206 0.411860
4 2 0.050523 0.171590 0.327903 0.027716 0.422268
4 2 0.048925 0.168211 0.325720 0.026119 0.431026
4 2 0.047509 0.168989 0.337417 0.025651 0.420434
2 2 0.042439 0.174321 0.395442 0.024833 0.362966
4 2 0.043036 0.170982 0.377145 0.024176 0.384661
4 2 0.044116 0.171554 0.370975 0.024786 0.388569
4 2 0.045513 0.171913 0.361962 0.025489 0.395122
4 2 0.065487 0.168423 0.249484 0.034616 0.481990
4 2 0.085962 0.175181 0.208101 0.018543 0.512213
4 2 0.084539 0.157904 0.174307 0.015016 0.568233
4 2 0.068649 0.196805 0.317340 0.031342 0.385864
4 2 0.090231 0.202984 0.260838 0.025268 0.420679
2 2 0.069120 0.234983 0.431382 0.035432 0.229083
2 2 0.085889 0.287955 0.498048 0.026440 0.101668
2 2 0.029526 0.202587 0.682083 0.029699 0.056105
2 2 0.014565 0.153029 0.767691 0.025528 0.039188
2 2 0.017722 0.166418 0.750469 0.022740 0.042651
2 2 0.022102 0.184802 0.737959 0.018245 0.036893
2 2 0.013071 0.149387 0.794248 0.019167 0.024128
2 2 0.029149 0.208338 0.710012 0.019681 0.032820
2 2 0.089163 0.302249 0.518302 0.018771 0.071514
2 2 0.134448 0.333667 0.428199 0.014631 0.089054
2 2 0.051371 0.255463 0.623652 0.020141 0.049372
2 2 0.017782 0.169951 0.761627 0.024847 0.025794
2 2 0.011619 0.140639 0.801953 0.027130 0.018659
2 2 0.015977 0.164385 0.782088 0.017004 0.020546
2 2 0.010310 0.136592 0.820876 0.017107 0.015116
2 2 0.004144 0.076972 0.888895 0.020659 0.009330
2 2 0.001713 0.040603 0.929075 0.024581 0.004028
2 2 0.002352 0.048957 0.915882 0.027519 0.005292
2 2 0.002185 0.046937 0.919216 0.026700 0.004963
2 2 0.002923 0.058786 0.908286 0.023023 0.006982
2 2 0.002498 0.048945 0.911477 0.031380 0.005700
2 2 0.003120 0.056561 0.900964 0.032523 0.006831
2 2 0.003854 0.062987 0.888171 0.036727 0.008261
2 2 0.005167 0.080045 0.871926 0.032634 0.010228
2 2 0.003425 0.058134 0.894394 0.036535 0.007512
2 2 0.003095 0.053739 0.898758 0.037450 0.006958
2 2 0.003755 0.059400 0.887616 0.040996 0.008233
2 2 0.007522 0.089995 0.852509 0.036447 0.013527
2 2 0.004914 0.064882 0.868685 0.051017 0.010502
2 2 0.004249 0.052545 0.855946 0.077091 0.010169
2 2 0.002587 0.034519 0.861544 0.094267 0.007083
2 2 0.004337 0.044409 0.813732 0.126263 0.011260
2 2 0.005343 0.046815 0.775411 0.158597 0.013834
2 2 0.010205 0.064642 0.693458 0.207415 0.024280
2 2 0.007471 0.039777 0.585576 0.346555 0.020620
2 2 0.007496 0.036802 0.544018 0.390606 0.021078
2 2 0.008252 0.036175 0.500527 0.432989 0.022056
3 1 0.030240 0.072449 0.415739 0.439416 0.042156
2 2 0.003349 0.048593 0.887485 0.049881 0.010691
2 2 0.001656 0.028201 0.899158 0.065999 0.004986
2 2 0.001466 0.023848 0.884284 0.085976 0.004426
2 2 0.001253 0.019505 0.866029 0.109145 0.004068
2 2 0.001192 0.017532 0.846187 0.131054 0.004035
2 2 0.001894 0.024465 0.837612 0.130194 0.005836
2 2 0.000935 0.017203 0.891790 0.086979 0.003094
2 2 0.000874 0.016906 0.899417 0.079913 0.002890
2 2 0.000563 0.014443 0.932424 0.050693 0.001878
2 2 0.000648 0.014511 0.915664 0.066973 0.002205
2 2 0.000741 0.015213 0.904587 0.076944 0.002514
2 2 0.001270 0.019552 0.863875 0.111180 0.004124
2 2 0.001259 0.018767 0.854040 0.121771 0.004162
2 2 0.001886 0.020973 0.784074 0.186878 0.006189
2 2 0.001658 0.018608 0.775398 0.198696 0.005640
2 2 0.001237 0.013518 0.730628 0.249980 0.004638
2 2 0.001507 0.014962 0.708004 0.270026 0.005503
2 2 0.001341 0.013632 0.704940 0.275057 0.005029
2 2 0.001799 0.014997 0.640451 0.336179 0.006575
2 2 0.002845 0.016981 0.528619 0.442492 0.009063
3 3 0.003465 0.016850 0.451233 0.518335 0.010117
3 3 0.003108 0.013691 0.389966 0.584204 0.009030
3 3 0.004806 0.015731 0.320747 0.648476 0.010240
3 3 0.006464 0.018081 0.294114 0.669769 0.011571
3 3 0.008579 0.021301 0.279779 0.676833 0.013510
3 3 0.009564 0.022678 0.274231 0.679194 0.014333
3 3 0.008125 0.019075 0.258049 0.702845 0.011906
3 3 0.006828 0.015676 0.237973 0.729891 0.009632
3 3 0.007239 0.016573 0.241648 0.724327 0.010213
3 3 0.011782 0.024981 0.256719 0.690916 0.015602
3 3 0.008141 0.020860 0.285433 0.672286 0.013280
3 3 0.007674 0.018013 0.253476 0.709635 0.011203
3 3 0.008500 0.019303 0.251720 0.708485 0.011993
3 3 0.007900 0.016694 0.225822 0.739422 0.010162
3 3 0.006616 0.012705 0.189314 0.783871 0.007493
3 3 0.006203 0.010754 0.162682 0.814180 0.006181
3 3 0.004669 0.007737 0.138676 0.844584 0.004333
3 3 0.006368 0.007769 0.103547 0.878162 0.004155
3 3 0.006270 0.007276 0.096239 0.886367 0.003848
3 3 0.004677 0.005272 0.082849 0.904477 0.002726
3 3 0.003745 0.003736 0.064295 0.926363 0.001860
3 3 0.003092 0.002891 0.054569 0.938042 0.001406
3 3 0.003586 0.002628 0.041126 0.951432 0.001227
3 3 0.003569 0.002568 0.039999 0.952670 0.001194
3 3 0.003497 0.002983 0.050366 0.941721 0.001434
3 3 0.002601 0.002837 0.063181 0.929971 0.001410
3 3 0.002573 0.002935 0.066901 0.926120 0.001471
3 3 0.002554 0.003136 0.073838 0.918877 0.001595
3 3 0.004804 0.005233 0.079866 0.907408 0.002690
3 3 0.003433 0.003394 0.061394 0.930100 0.001679
3 3 0.006510 0.006147 0.073726 0.910495 0.003122
3 3 0.004086 0.003334 0.050308 0.940670 0.001602
3 3 0.004739 0.004126 0.058333 0.930777 0.002025
3 3 0.005210 0.004566 0.061068 0.926900 0.002256
3 3 0.004413 0.004090 0.061904 0.927568 0.002025
3 3 0.003276 0.002951 0.052966 0.939379 0.001429
3 3 0.003597 0.003048 0.050465 0.941424 0.001466
3 3 0.004275 0.003452 0.050473 0.940140 0.001659
3 3 0.003580 0.002952 0.048467 0.943590 0.001411
3 3 0.004064 0.003576 0.055768 0.934849 0.001744
3 3 0.005671 0.004600 0.056688 0.930794 0.002248
3 3 0.007403 0.006293 0.067019 0.916133 0.003151
3 3 0.006715 0.006205 0.072420 0.911517 0.003143
3 3 0.005940 0.005406 0.067685 0.918257 0.002712
3 3 0.004512 0.003701 0.052680 0.937318 0.001790
3 3 0.003570 0.002502 0.038549 0.954222 0.001157
3 3 0.003009 0.002271 0.039997 0.953666 0.001056
3 3 0.003534 0.002468 0.038215 0.954643 0.001140
3 3 0.008813 0.005112 0.042123 0.941561 0.002392
3 3 0.037694 0.020257 0.069597 0.862466 0.009987
3 3 0.083995 0.065778 0.190480 0.627981 0.031765
2 3 0.036001 0.088716 0.503381 0.336401 0.035502
2 3 0.019785 0.077570 0.599108 0.271638 0.031899
2 3 0.024934 0.107142 0.659440 0.167124 0.041361
2 2 0.034277 0.150738 0.678883 0.086811 0.049291
2 2 0.033414 0.147037 0.685587 0.085998 0.047963
2 2 0.002507 0.023261 0.735050 0.231125 0.008057
2 2 0.002160 0.017763 0.657742 0.314806 0.007529
2 2 0.001343 0.011196 0.599249 0.382898 0.005315
2 2 0.002144 0.016645 0.626154 0.347452 0.007606
2 2 0.002854 0.023392 0.690881 0.273679 0.009193
2 2 0.005088 0.040712 0.738251 0.202083 0.013866
2 2 0.007066 0.056604 0.765689 0.151581 0.019061
2 4 0.017341 0.117080 0.728115 0.078824 0.058640
2 4 0.026036 0.162523 0.640579 0.037865 0.132996
2 4 0.030261 0.174527 0.567680 0.027491 0.200042
2 4 0.030326 0.178357 0.577475 0.027943 0.185898
2 4 0.031714 0.181078 0.546653 0.024442 0.216114
2 4 0.032679 0.182192 0.538299 0.024998 0.221832
2 4 0.033557 0.186663 0.547904 0.027399 0.204477
2 4 0.036830 0.191145 0.526354 0.029937 0.215733
2 4 0.039659 0.191600 0.495677 0.030476 0.242588
2 4 0.055635 0.192267 0.368618 0.036799 0.346681
4 4 0.147667 0.214164 0.181675 0.026782 0.429712
4 4 0.179341 0.240437 0.186902 0.013783 0.379537
4 4 0.158825 0.241202 0.210777 0.014925 0.374272
4 4 0.159849 0.253040 0.228525 0.013618 0.344969
4 4 0.190555 0.189263 0.113033 0.003568 0.503580
4 4 0.221516 0.194161 0.102554 0.002227 0.479542
4 4 0.298264 0.222345 0.110652 0.003896 0.364844
4 4 0.192753 0.194393 0.122599 0.005642 0.484614
4 4 0.052664 0.110163 0.138830 0.018107 0.680236
4 4 0.054020 0.103761 0.121172 0.017844 0.703203
4 4 0.046521 0.089828 0.106312 0.013578 0.743761
4 4 0.040445 0.078464 0.093974 0.010573 0.776544
4 4 0.036640 0.071310 0.086102 0.008884 0.797064
4 4 0.034343 0.066698 0.080650 0.007724 0.810584
4 4 0.034251 0.061981 0.070319 0.004882 0.828568
4 4 0.042296 0.072411 0.077298 0.005143 0.802851
4 4 0.050351 0.088009 0.094840 0.008301 0.758500
4 1 0.055506 0.086362 0.083367 0.004740 0.770026
4 1 0.050368 0.136744 0.216601 0.020795 0.575492
4 1 0.044173 0.156592 0.313963 0.021447 0.463825
4 1 0.043526 0.162172 0.339213 0.022305 0.432784
2 1 0.052385 0.188927 0.377357 0.029198 0.352133
2 1 0.051206 0.189801 0.388365 0.033723 0.336905
4 1 0.057575 0.154625 0.240176 0.027322 0.520302
4 1 0.059934 0.158667 0.242674 0.029357 0.509369
4 1 0.086235 0.132155 0.122653 0.010687 0.648270
4 1 0.090208 0.131391 0.116181 0.007588 0.654631
4 1 0.061811 0.137690 0.181309 0.026172 0.593018
4 2 0.065388 0.130037 0.154628 0.026518 0.623429
4 2 0.057680 0.148745 0.223185 0.026216 0.544174
4 2 0.058322 0.172361 0.314258 0.039862 0.415197
2 2 0.051833 0.187415 0.385323 0.035891 0.339539
4 2 0.050755 0.179961 0.355914 0.030164 0.383206
2 2 0.024093 0.172890 0.637106 0.022139 0.143773
2 2 0.012485 0.140717 0.770593 0.015710 0.060496
2 2 0.010915 0.133912 0.789888 0.014600 0.050684
2 2 0.006278 0.108107 0.852683 0.011752 0.021179
2 2 0.006763 0.107596 0.850072 0.015800 0.019770
2 2 0.005064 0.089228 0.874400 0.014994 0.016314
2 2 0.003835 0.069965 0.894812 0.017241 0.014148
2 2 0.006910 0.107553 0.847164 0.014926 0.023447
2 2 0.008015 0.114653 0.834124 0.017044 0.026164
2 2 0.010676 0.134204 0.800116 0.016967 0.038038
2 2 0.009775 0.129899 0.811396 0.016656 0.032273
2 2 0.032843 0.207064 0.653685 0.023484 0.082923
2 2 0.065026 0.270551 0.567756 0.019514 0.077153
2 2 0.159374 0.342337 0.384747 0.014119 0.099422
2 2 0.177508 0.344926 0.354028 0.014795 0.108743
1 2 0.233722 0.342228 0.271939 0.010772 0.141338
1 1 0.277816 0.330923 0.218073 0.007996 0.165192
0 1 0.388668 0.294549 0.134271 0.003238 0.179274
1 2 0.241074 0.357177 0.283045 0.007517 0.111186
2 2 0.087547 0.297891 0.515968 0.016131 0.082462
2 2 0.035148 0.214524 0.651655 0.027615 0.071059
2 2 0.018556 0.166172 0.727979 0.027167 0.060126
2 2 0.023449 0.181217 0.694765 0.025303 0.075267
2 2 0.077194 0.287924 0.542461 0.017853 0.074568
2 2 0.124511 0.332038 0.453248 0.011496 0.078708
1 2 0.214632 0.352844 0.309147 0.010538 0.112839
1 0 0.317188 0.331854 0.192711 0.010354 0.147894
0 0 0.465409 0.281323 0.116709 0.007643 0.128915
0 1 0.632403 0.213121 0.066233 0.004304 0.083939
0 1 0.632435 0.216634 0.071226 0.004003 0.075701
0 1 0.502878 0.275449 0.107930 0.004636 0.109108
0 1 0.346338 0.333660 0.178217 0.006165 0.135621
0 1 0.359439 0.322929 0.162465 0.007562 0.147605
1 2 0.316493 0.342380 0.209668 0.006960 0.124498
0 1 0.461349 0.290968 0.126001 0.005741 0.115941
0 1 0.341755 0.331014 0.196004 0.008424 0.122803
0 1 0.602025 0.227468 0.073650 0.004448 0.092408
0 1 0.654576 0.199064 0.058396 0.003167 0.084798
0 1 0.729110 0.156617 0.040450 0.002259 0.071564
0 1 0.749415 0.127570 0.033868 0.002734 0.086414
0 1 0.542353 0.169790 0.062202 0.003899 0.221755
4 2 0.336291 0.199854 0.102046 0.007072 0.354737
4 2 0.146438 0.177740 0.129332 0.007374 0.539115
4 2 0.110946 0.171042 0.156777 0.019819 0.541415
4 2 0.091074 0.202738 0.258005 0.042970 0.405213
4 2 0.085397 0.218371 0.313205 0.040140 0.342887
2 2 0.024829 0.183848 0.678552 0.034051 0.078721
2 2 0.013955 0.138799 0.772131 0.028301 0.046815
2 2 0.013894 0.149189 0.769545 0.021750 0.045621
2 2 0.006908 0.105449 0.847348 0.015334 0.024961
2 2 0.007100 0.114199 0.843404 0.013810 0.021487
2 2 0.005811 0.104783 0.859369 0.011459 0.018578
2 2 0.006166 0.107802 0.855632 0.012924 0.017475
2 2 0.007060 0.112146 0.846834 0.017975 0.015986
2 2 0.070950 0.262713 0.505355 0.042736 0.118246
2 2 0.053660 0.243484 0.562551 0.051634 0.088670
2 2 0.052791 0.239158 0.553280 0.063516 0.091255
2 2 0.044955 0.218880 0.600252 0.070871 0.065043
2 2 0.032002 0.177346 0.646769 0.084381 0.059502
2 2 0.020841 0.130778 0.694615 0.115003 0.038763
2 2 0.028397 0.139797 0.623273 0.156262 0.052272
2 2 0.021912 0.114820 0.647719 0.172298 0.043251
2 2 0.019096 0.097445 0.637914 0.205595 0.039950
2 2 0.024136 0.118056 0.629791 0.176288 0.051729
2 2 0.015358 0.090138 0.681928 0.179751 0.032826
2 2 0.019370 0.124218 0.702859 0.116881 0.036672
2 2 0.018650 0.119469 0.704329 0.121717 0.035834
2 2 0.013158 0.101977 0.756282 0.102252 0.026330
2 2 0.013325 0.096692 0.742052 0.120566 0.027366
2 2 0.023961 0.131645 0.658370 0.141147 0.044877
2 2 0.014393 0.089098 0.698189 0.167523 0.030797
2 2 0.020214 0.099518 0.626228 0.212021 0.042019
2 2 0.022369 0.103170 0.604476 0.224013 0.045973
2 2 0.031832 0.124993 0.552764 0.226317 0.064093
2 2 0.040128 0.142768 0.520105 0.212805 0.084193
2 2 0.020200 0.090170 0.587984 0.258234 0.043413
2 2 0.012809 0.073596 0.667587 0.216687 0.029321
2 2 0.017826 0.087067 0.618914 0.237441 0.038751
2 2 0.017433 0.090365 0.641131 0.213674 0.037397
2 2 0.010870 0.057581 0.621102 0.283538 0.026909
2 2 0.009216 0.046120 0.577400 0.342925 0.024339
2 2 0.005944 0.029274 0.516904 0.430096 0.017782
3 2 0.009120 0.034472 0.437333 0.494833 0.024242
3 2 0.009752 0.034964 0.422948 0.507950 0.024385
2 2 0.010074 0.040290 0.473242 0.449117 0.027278
3 2 0.006468 0.025642 0.422746 0.527348 0.017796
3 2 0.005841 0.023050 0.412136 0.543448 0.015525
3 2 0.007324 0.024195 0.364385 0.587872 0.016223
3 2 0.029335 0.073797 0.397789 0.453194 0.045886
2 2 0.065714 0.147799 0.465526 0.244582 0.076379
2 2 0.056815 0.159834 0.565604 0.148343 0.069405
2 0 0.043065 0.150527 0.622243 0.122545 0.061620
2 1 0.097464 0.237420 0.508636 0.063971 0.092509
2 2 0.171356 0.320575 0.352206 0.029203 0.126660
1 2 0.256063 0.345744 0.253757 0.011945 0.132491
1 2 0.308206 0.330249 0.199316 0.012655 0.149574
2 2 0.147550 0.317266 0.363710 0.042429 0.129046
2 2 0.077377 0.252564 0.506299 0.070160 0.093600
2 2 0.044360 0.171849 0.571577 0.141557 0.070658
2 2 0.028747 0.122102 0.577854 0.215538 0.055758
2 2 0.032977 0.124719 0.536965 0.241939 0.063400
2 2 0.034699 0.136702 0.554538 0.203981 0.070081
2 2 0.021837 0.102225 0.609450 0.221474 0.045014
2 0 0.019519 0.099148 0.666751 0.176021 0.038560
2 0 0.065134 0.188731 0.592062 0.091116 0.062956
2 0 0.131628 0.225248 0.489876 0.085308 0.067940
0 0 0.314773 0.246931 0.281800 0.080429 0.076067
0 0 0.501182 0.166796 0.136029 0.142044 0.053950
0 0 0.779868 0.087914 0.029905 0.072390 0.029923
0 0 0.802341 0.071197 0.023029 0.080468 0.022965
0 0 0.831394 0.071902 0.021635 0.052486 0.022583
0 0 0.746330 0.106884 0.038681 0.069577 0.038528
0 0 0.593210 0.136693 0.074090 0.140332 0.055675
0 0 0.597436 0.162168 0.077542 0.093780 0.069074
0 0 0.870668 0.077329 0.012696 0.000365 0.038943
0 0 0.842835 0.085948 0.013878 0.000185 0.057154
0 0 0.780040 0.114198 0.021342 0.000250 0.084170
0 1 0.688524 0.152430 0.033814 0.000355 0.124877
0 1 0.720489 0.152953 0.032072 0.000356 0.094130
0 1 0.679684 0.179632 0.043032 0.000721 0.096930
0 1 0.685044 0.190256 0.049415 0.001737 0.073548
0 1 0.397557 0.296307 0.127621 0.005385 0.173131
0 1 0.358882 0.311924 0.153296 0.011143 0.164754
1 1 0.234309 0.326028 0.250000 0.019980 0.169683
2 1 0.118172 0.303196 0.412248 0.026757 0.139627
2 1 0.060800 0.251553 0.537051 0.037647 0.112949
2 2 0.020686 0.175835 0.724311 0.031515 0.047653
2 2 0.015368 0.154112 0.760106 0.026847 0.043567
2 2 0.008508 0.110717 0.831837 0.024163 0.024775
2 2 0.007121 0.098046 0.848980 0.025155 0.020699
2 2 0.003033 0.057277 0.906402 0.024890 0.008398
2 2 0.002023 0.043838 0.923887 0.024564 0.005689
2 2 0.001628 0.041605 0.933634 0.019014 0.004119
2 2 0.001339 0.038040 0.940882 0.016310 0.003429
2 2 0.000979 0.032700 0.950111 0.013881 0.002329
2 2 0.000693 0.026321 0.958610 0.012637 0.001738
2 2 0.000745 0.028446 0.957378 0.011618 0.001814
2 2 0.001144 0.037166 0.946408 0.012473 0.002809
2 2 0.000927 0.034033 0.952124 0.010784 0.002132
2 2 0.000499 0.020904 0.964859 0.012407 0.001331
2 2 0.000482 0.021636 0.966361 0.010269 0.001252
2 2 0.000507 0.021987 0.965201 0.010984 0.001321
2 2 0.000806 0.032427 0.955780 0.009135 0.001851
2 2 0.000387 0.019198 0.970289 0.009097 0.001029
2 2 0.000375 0.020562 0.971296 0.006812 0.000954
2 2 0.000193 0.012170 0.979195 0.007867 0.000575
2 2 0.000221 0.014080 0.978313 0.006761 0.000624
2 2 0.000193 0.012035 0.979062 0.008132 0.000578
2 2 0.000565 0.025290 0.963758 0.008997 0.001390
2 2 0.000533 0.023148 0.964514 0.010442 0.001362
2 2 0.000589 0.024177 0.962335 0.011402 0.001497
2 2 0.000596 0.024840 0.962323 0.010745 0.001496
2 2 0.000899 0.033867 0.952967 0.010207 0.002060
2 2 0.000730 0.031573 0.958082 0.007944 0.001670
2 2 0.014938 0.162314 0.800420 0.007087 0.015240
2 2 0.021941 0.189780 0.759641 0.007950 0.020688
2 2 0.057207 0.266951 0.611698 0.015092 0.049052
2 1 0.045526 0.240519 0.651107 0.018815 0.044032
2 2 0.077443 0.289445 0.544156 0.021589 0.067367
2 2 0.058073 0.261295 0.588097 0.031403 0.061132
1 2 0.224822 0.354039 0.297825 0.009643 0.113670
1 2 0.198155 0.349102 0.326898 0.012881 0.112963
2 2 0.111126 0.310605 0.450210 0.031291 0.096768
2 2 0.043971 0.225955 0.644934 0.034629 0.050512
2 2 0.039281 0.211805 0.659167 0.041126 0.048621
2 2 0.035392 0.207907 0.678347 0.035000 0.043355
2 2 0.039124 0.232860 0.669765 0.018517 0.039734
2 2 0.028247 0.206801 0.718279 0.016278 0.030395
2 2 0.005500 0.098725 0.867040 0.018666 0.010069
2 2 0.002619 0.062912 0.913734 0.015271 0.005465
2 2 0.002969 0.069128 0.907203 0.014299 0.006402
2 2 0.002441 0.062440 0.917332 0.011647 0.006140
2 2 0.003454 0.083719 0.895213 0.009949 0.007665
2 2 0.003638 0.086306 0.891910 0.009982 0.008164
2 2 0.001417 0.045298 0.939292 0.010729 0.003263
2 2 0.001428 0.045107 0.939823 0.009596 0.004047
2 2 0.001054 0.038319 0.949619 0.007653 0.003355
2 2 0.000735 0.029763 0.959175 0.008028 0.002299
2 2 0.000488 0.021793 0.966818 0.009461 0.001440
2 2 0.000489 0.021872 0.966852 0.009338 0.001449
2 2 0.000514 0.023229 0.966120 0.008647 0.001490
2 2 0.000371 0.017887 0.970395 0.010331 0.001017
2 2 0.000361 0.016075 0.968835 0.013682 0.001047
2 2 0.000234 0.011759 0.973648 0.013621 0.000738
2 2 0.000389 0.016791 0.967643 0.014062 0.001115
2 2 0.000846 0.028802 0.953340 0.014914 0.002098
2 2 0.000678 0.023190 0.956379 0.017936 0.001816
2 2 0.000960 0.028515 0.947603 0.020468 0.002454
2 2 0.000612 0.019919 0.954820 0.022904 0.001746
2 2 0.000502 0.017520 0.958585 0.021916 0.001478
2 2 0.000364 0.013204 0.959523 0.025732 0.001176
2 2 0.000524 0.015229 0.945491 0.037078 0.001678
2 2 0.000529 0.013451 0.929437 0.054771 0.001811
2 2 0.000857 0.015344 0.880669 0.100172 0.002958
2 2 0.001046 0.014726 0.820782 0.159686 0.003760
2 2 0.001385 0.015098 0.742761 0.235727 0.005029
2 2 0.001598 0.015071 0.689441 0.288059 0.005831
2 2 0.001678 0.014868 0.664392 0.312994 0.006067
2 3 0.001296 0.012255 0.665875 0.315761 0.004813
2 3 0.001640 0.014482 0.662327 0.315796 0.005755
2 3 0.001564 0.013548 0.654964 0.324997 0.004927
2 3 0.001049 0.009114 0.604616 0.381776 0.003444
2 3 0.001344 0.011052 0.610144 0.373270 0.004190
2 3 0.001579 0.010857 0.532489 0.450082 0.004993
2 3 0.002110 0.012852 0.502955 0.475365 0.006718
2 3 0.003393 0.018638 0.504016 0.462918 0.011035
3 3 0.003755 0.019359 0.481342 0.483123 0.012420
2 3 0.004363 0.022509 0.501103 0.457997 0.014028
3 3 0.007593 0.027759 0.408312 0.537650 0.018686
3 3 0.005402 0.021345 0.409851 0.550110 0.013292
3 3 0.004214 0.015891 0.365653 0.604587 0.009655
3 3 0.004011 0.017832 0.437873 0.530788 0.009496
3 3 0.005628 0.018538 0.344097 0.620647 0.011090
3 3 0.006374 0.022786 0.391417 0.566211 0.013211
3 3 0.007306 0.023940 0.367266 0.586872 0.014616
2 3 0.003806 0.020459 0.515483 0.449302 0.010950
3 3 0.004188 0.020324 0.472581 0.490758 0.012149
3 3 0.005526 0.024775 0.473310 0.482361 0.014028
3 3 0.006796 0.023384 0.380314 0.575467 0.014038
3 3 0.011029 0.029561 0.326690 0.613325 0.019395
3 3 0.007312 0.018312 0.269211 0.693646 0.011520
3 3 0.006865 0.013480 0.197092 0.774556 0.008007
3 3 0.008115 0.012167 0.148341 0.824487 0.006889
3 3 0.007993 0.009866 0.114328 0.862455 0.005358
3 3 0.007728 0.009562 0.113306 0.864218 0.005186
3 3 0.007432 0.008796 0.105252 0.873805 0.004715
3 3 0.006865 0.007645 0.094172 0.887290 0.004029
3 3 0.007022 0.008486 0.106009 0.873928 0.004555
3 3 0.007672 0.009577 0.114330 0.863219 0.005201
3 3 0.005837 0.008787 0.132569 0.847921 0.004885
3 3 0.009836 0.015373 0.167249 0.798660 0.008883
3 3 0.008792 0.015757 0.191202 0.774935 0.009314
3 3 0.010334 0.019572 0.215703 0.742567 0.011824
3 3 0.011365 0.024867 0.263345 0.684819 0.015605
2 3 0.062726 0.224595 0.603993 0.043007 0.065679
2 2 0.042331 0.222662 0.663737 0.026140 0.045129
2 2 0.032934 0.211549 0.671748 0.030214 0.053555
2 2 0.015679 0.138407 0.756971 0.036916 0.052026
2 2 0.057598 0.247193 0.547693 0.026878 0.120638
2 2 0.122880 0.324958 0.443816 0.018698 0.089648
2 4 0.157700 0.338596 0.381881 0.014898 0.106925
2 4 0.162715 0.337598 0.369957 0.013126 0.116603
1 4 0.259479 0.323317 0.223735 0.009465 0.184004
0 4 0.362792 0.258959 0.108364 0.002321 0.267564
0 4 0.341855 0.280354 0.132788 0.003344 0.241659
4 4 0.224780 0.219871 0.127622 0.004340 0.423387
4 4 0.175515 0.187731 0.120482 0.004827 0.511444
4 4 0.065183 0.100596 0.095546 0.006213 0.732462
4 4 0.061163 0.091744 0.085238 0.004541 0.757314
4 4 0.065102 0.086502 0.071796 0.002352 0.774248
4 4 0.069228 0.097426 0.084881 0.003854 0.744610
4 4 0.072732 0.096854 0.080063 0.002978 0.747374
4 4 0.087744 0.118325 0.097863 0.004753 0.691314
4 4 0.077843 0.114111 0.102435 0.006399 0.699213
4 4 0.070916 0.121569 0.126197 0.014842 0.666476
4 4 0.147923 0.259475 0.256891 0.009437 0.326273
2 4 0.128399 0.280046 0.334829 0.006173 0.250552
4 4 0.190406 0.283880 0.237874 0.003756 0.284084
4 4 0.249833 0.242745 0.138336 0.003347 0.365739
4 4 0.205456 0.165189 0.081310 0.001034 0.547012
4 4 0.185018 0.242818 0.184056 0.002911 0.385198
4 4 0.171755 0.157526 0.088353 0.001628 0.580738
4 4 0.093517 0.105332 0.073819 0.001681 0.725650
4 4 0.040549 0.057932 0.054652 0.001988 0.844878
4 4 0.030017 0.044824 0.045219 0.001638 0.878302
4 4 0.043014 0.054640 0.047001 0.001201 0.854144
4 4 0.054586 0.064990 0.051959 0.001230 0.827235
4 4 0.085890 0.066565 0.042210 0.000747 0.804588
4 4 0.086953 0.063216 0.040275 0.000818 0.808738
4 4 0.092176 0.068279 0.040984 0.000597 0.797963
4 4 0.042008 0.056856 0.049068 0.001135 0.850933
4 4 0.050822 0.059077 0.044928 0.000728 0.844446
4 4 0.035765 0.048889 0.043542 0.000996 0.870808
4 4 0.056402 0.058067 0.043873 0.000926 0.840731
4 4 0.031029 0.040213 0.034292 0.000540 0.893926
4 4 0.034872 0.042277 0.033300 0.000400 0.889151
4 4 0.050394 0.063386 0.050723 0.001008 0.834488
4 4 0.051743 0.060748 0.045601 0.000685 0.841223
4 4 0.052989 0.068898 0.056676 0.001370 0.820067
4 4 0.083624 0.097362 0.070748 0.001659 0.746606
4 4 0.088404 0.110535 0.085383 0.002947 0.712731
4 4 0.057714 0.085669 0.079093 0.003780 0.773745
4 4 0.054436 0.080657 0.074577 0.003329 0.787001
4 4 0.046136 0.069966 0.066635 0.002799 0.814464
4 4 0.056827 0.079531 0.069682 0.002511 0.791448
4 4 0.040347 0.061585 0.059397 0.002255 0.836416
4 4 0.065864 0.071784 0.054564 0.001350 0.806437
4 4 0.044331 0.054104 0.047070 0.001424 0.853071
4 4 0.053649 0.057538 0.048447 0.001819 0.838548
4 4 0.041483 0.048852 0.046874 0.002585 0.860206
4 4 0.066955 0.059723 0.048413 0.002463 0.822445
4 4 0.043886 0.048827 0.045456 0.002403 0.859429
4 4 0.058648 0.054755 0.043713 0.001592 0.841293
4 4 0.041133 0.048440 0.042914 0.001400 0.866113
4 4 0.156454 0.142198 0.079621 0.001242 0.620485
4 1 0.105527 0.129513 0.097343 0.003787 0.663830
4 4 0.037091 0.065937 0.073317 0.005078 0.818578
4 4 0.042718 0.073485 0.078746 0.005408 0.799643
4 4 0.045424 0.073743 0.074755 0.004201 0.801877
4 4 0.046211 0.076192 0.078256 0.004799 0.794542
4 4 0.041922 0.075387 0.084166 0.006938 0.791587
4 4 0.047725 0.092072 0.108725 0.014221 0.737256
4 4 0.061952 0.108680 0.116112 0.012996 0.700260
4 4 0.085779 0.124514 0.110146 0.007361 0.672200
4 4 0.076000 0.126053 0.126205 0.005659 0.666082
4 4 0.074760 0.133883 0.143540 0.006905 0.640912
4 4 0.082908 0.157900 0.177183 0.007277 0.574732
4 4 0.090933 0.169909 0.186222 0.007915 0.545020
4 4 0.227629 0.223646 0.130200 0.005304 0.413221
4 4 0.237286 0.228008 0.129578 0.004053 0.401075
4 4 0.143076 0.195003 0.157018 0.007197 0.497706
4 4 0.162125 0.221359 0.176413 0.007752 0.432351
4 4 0.240028 0.198657 0.099057 0.001855 0.460404
4 1 0.287313 0.201098 0.085078 0.000957 0.425553
0 1 0.341084 0.240102 0.100157 0.001679 0.316978
4 1 0.304426 0.249032 0.119876 0.003432 0.323235
4 1 0.089571 0.156306 0.161981 0.013586 0.578556
4 4 0.094442 0.143954 0.132104 0.010317 0.619183
4 4 0.089959 0.132710 0.118732 0.008772 0.649828
4 4 0.065957 0.103280 0.099315 0.006999 0.724449
4 4 0.084296 0.115310 0.096828 0.004799 0.698766
4 4 0.102657 0.117244 0.082752 0.002231 0.695117
4 4 0.084442 0.093740 0.065211 0.001245 0.755361
4 4 0.092713 0.103606 0.072131 0.001570 0.729980
4 4 0.107818 0.119640 0.082041 0.002050 0.688451
4 4 0.120156 0.132646 0.089937 0.002496 0.654764
4 4 0.144860 0.165464 0.114202 0.004757 0.570718
4 4 0.127179 0.166485 0.130863 0.008845 0.566628
4 4 0.068378 0.157738 0.212248 0.020390 0.541247
4 4 0.062526 0.150780 0.212210 0.019621 0.554864
4 4 0.053132 0.160026 0.275561 0.023586 0.487695
4 4 0.056865 0.164632 0.272587 0.021516 0.484401
4 4 0.060108 0.174039 0.286734 0.022987 0.456132
4 4 0.060770 0.159283 0.241215 0.022299 0.516433
4 4 0.060291 0.136034 0.181345 0.018917 0.603413
4 4 0.064634 0.140044 0.179345 0.017984 0.597993
4 4 0.061117 0.143425 0.197576 0.019976 0.577907
4 4 0.060743 0.162616 0.250685 0.021488 0.504469
4 4 0.069059 0.131382 0.149548 0.013402 0.636609
4 4 0.074259 0.113296 0.105703 0.007542 0.699200
4 4 0.061362 0.098089 0.096483 0.006912 0.737154
4 4 0.054143 0.087820 0.088130 0.005905 0.764002
4 4 0.047837 0.070391 0.065114 0.002476 0.814182
4 4 0.042570 0.052689 0.044851 0.001098 0.858791
4 4 0.043038 0.036195 0.026975 0.000503 0.893288
4 4 0.107630 0.054759 0.030613 0.000596 0.806403
4 4 0.127821 0.085360 0.049777 0.001096 0.735945
4 4 0.126039 0.089855 0.049399 0.000666 0.734041
4 4 0.095619 0.082271 0.048032 0.000498 0.773580
4 4 0.133560 0.119888 0.067054 0.000813 0.678686
4 4 0.169887 0.136957 0.068487 0.000680 0.623989
4 4 0.316387 0.238937 0.106889 0.002176 0.335611
4 4 0.282869 0.257630 0.137135 0.005958 0.316408
4 4 0.124695 0.168511 0.136418 0.010498 0.559877
2 4 0.043543 0.190983 0.454040 0.031160 0.280275
2 4 0.039364 0.196554 0.520769 0.033348 0.209966
2 4 0.032902 0.185670 0.552266 0.026876 0.202286
2 4 0.027724 0.176116 0.585028 0.022341 0.188791
2 4 0.028055 0.173067 0.562807 0.020756 0.215316
2 4 0.025799 0.170255 0.587952 0.019734 0.196260
2 4 0.027127 0.169159 0.557482 0.019113 0.227119
2 4 0.027808 0.172928 0.566290 0.020711 0.212263
2 2 0.032152 0.179023 0.530002 0.023471 0.235351
2 2 0.037136 0.184408 0.491767 0.026563 0.260127
2 2 0.039247 0.190702 0.504890 0.032060 0.233100
2 2 0.038659 0.183179 0.470628 0.026706 0.280829
2 2 0.039850 0.180499 0.445125 0.025797 0.308729
2 2 0.031651 0.180104 0.542675 0.023958 0.221612
2 2 0.029342 0.183072 0.593979 0.026152 0.167455
2 2 0.017517 0.146881 0.715913 0.024707 0.094981
2 2 0.010595 0.119767 0.802841 0.022656 0.044141
2 2 0.011510 0.126871 0.793058 0.022754 0.045808
2 2 0.010000 0.113655 0.813621 0.027348 0.035375
2 2 0.008037 0.099973 0.836179 0.025641 0.030170
2 2 0.008471 0.108522 0.829448 0.021025 0.032534
2 2 0.007982 0.113608 0.831954 0.015300 0.031156
2 2 0.006093 0.098696 0.856263 0.012968 0.025980
2 2 0.007224 0.113528 0.835493 0.010828 0.032927
2 2 0.005704 0.097027 0.860086 0.011316 0.025867
2 2 0.006015 0.100589 0.854411 0.010971 0.028015
2 2 0.003438 0.065569 0.901036 0.015021 0.014936
2 2 0.002047 0.045947 0.927119 0.016444 0.008443
2 2 0.002436 0.051029 0.919531 0.016234 0.010771
2 2 0.002588 0.058157 0.916139 0.011753 0.011363
2 2 0.004504 0.085034 0.878756 0.010222 0.021485
2 2 0.002856 0.066329 0.909737 0.010092 0.010986
2 2 0.002362 0.057809 0.920090 0.010365 0.009374
2 2 0.001912 0.048181 0.930251 0.011825 0.007831
2 2 0.005008 0.092114 0.872171 0.011397 0.019310
2 2 0.007916 0.118904 0.831484 0.013565 0.028131
2 2 0.035690 0.223437 0.679986 0.013295 0.047591
2 2 0.068126 0.283681 0.583462 0.012336 0.052396
2 1 0.138896 0.330530 0.410421 0.020199 0.099955
1 2 0.314293 0.330832 0.193437 0.011190 0.150248
0 2 0.388000 0.288904 0.123996 0.004405 0.194696
0 2 0.567690 0.237239 0.074902 0.002385 0.117785
0 2 0.496076 0.282763 0.102918 0.002924 0.115320
0 2 0.437744 0.299752 0.116696 0.004050 0.141759
2 2 0.136944 0.336333 0.426643 0.012954 0.087125
2 2 0.078259 0.297364 0.560218 0.009895 0.054264
2 2 0.030679 0.217289 0.720878 0.006446 0.024708
2 2 0.008120 0.124698 0.850025 0.006187 0.010970
2 2 0.008525 0.127375 0.846769 0.005840 0.011490
2 2 0.007383 0.118294 0.852400 0.007391 0.014532
2 2 0.005477 0.103805 0.871862 0.007642 0.011214
2 2 0.010666 0.138133 0.821483 0.009142 0.020577
2 2 0.008669 0.127359 0.842088 0.007617 0.014268
2 2 0.007771 0.121443 0.849512 0.008371 0.012903
2 2 0.005307 0.102856 0.874866 0.007817 0.009154
2 2 0.005271 0.102277 0.873872 0.008830 0.009750
2 2 0.006173 0.109660 0.863963 0.009216 0.010988
2 2 0.008361 0.124579 0.840940 0.009966 0.016153
2 2 0.006314 0.109472 0.856624 0.012126 0.015463
2 2 0.007387 0.116665 0.841344 0.015911 0.018692
2 2 0.001970 0.044937 0.924241 0.024357 0.004496
2 2 0.002544 0.053072 0.913418 0.025408 0.005558
2 2 0.003398 0.065463 0.899416 0.024752 0.006971
2 2 0.005705 0.093807 0.872169 0.018610 0.009710
2 2 0.002795 0.058887 0.909954 0.022500 0.005864
2 2 0.002381 0.051466 0.916761 0.024168 0.005224
2 2 0.001776 0.041221 0.927434 0.025399 0.004170
2 2 0.001035 0.030775 0.946570 0.019048 0.002573
2 2 0.001058 0.028775 0.942708 0.024717 0.002742
2 2 0.000538 0.017895 0.955987 0.023991 0.001588
2 2 0.000507 0.016531 0.954624 0.026796 0.001543
2 2 0.000451 0.014794 0.954232 0.029097 0.001426
2 2 0.000427 0.013418 0.949909 0.034836 0.001410
2 2 0.000504 0.014174 0.941295 0.042361 0.001666
2 2 0.000996 0.022252 0.926398 0.047426 0.002929
2 2 0.000928 0.019920 0.919717 0.056582 0.002854
2 2 0.001427 0.025698 0.902790 0.065949 0.004135
2 2 0.001873 0.028197 0.876876 0.087651 0.005402
2 2 0.002462 0.034544 0.870899 0.085404 0.006691
2 2 0.002605 0.034054 0.857111 0.099048 0.007182
2 2 0.001425 0.024407 0.893733 0.076197 0.004237
2 2 0.001199 0.020288 0.884382 0.090329 0.003801
2 2 0.001057 0.017989 0.879508 0.097959 0.003486
2 2 0.000868 0.014896 0.870283 0.110911 0.003041
2 2 0.001148 0.018261 0.866668 0.110123 0.003799
2 2 0.002143 0.024991 0.812734 0.153504 0.006628
2 2 0.002750 0.028556 0.790383 0.170077 0.008234
2 3 0.004028 0.037101 0.774983 0.172688 0.011200
2 3 0.002661 0.032414 0.839914 0.117484 0.007526
2 3 0.001677 0.026422 0.882615 0.084375 0.004912
2 3 0.001238 0.024939 0.916692 0.053572 0.003559
2 2 0.000651 0.016367 0.933271 0.047626 0.002085
2 2 0.000479 0.014573 0.948553 0.034850 0.001545
2 2 0.000418 0.011350 0.931960 0.054771 0.001500
2 2 0.000847 0.014987 0.876973 0.104242 0.002951
2 2 0.001118 0.015436 0.819710 0.159772 0.003964
