0 0 0.346649 0.184316 0.204712 0.098934 0.165390
0 0 0.346649 0.184316 0.204712 0.098934 0.165390
0 0 0.346649 0.184316 0.204712 0.098934 0.165390
0 0 0.346649 0.184316 0.204712 0.098934 0.165390
0 0 0.346649 0.184316 0.204712 0.098934 0.165390
0 0 0.346649 0.184316 0.204712 0.098934 0.165390
0 0 0.346649 0.184316 0.204712 0.098934 0.165390
0 0 0.346649 0.184316 0.204712 0.098934 0.165390
0 0 0.346649 0.184316 0.204712 0.098934 0.165390
0 0 0.317669 0.201313 0.206919 0.071156 0.202942
0 0 0.315156 0.202570 0.206912 0.069226 0.206136
0 0 0.314365 0.202959 0.206905 0.068631 0.207140
0 0 0.292114 0.212845 0.205699 0.053965 0.235377
0 0 0.287262 0.214752 0.205203 0.051222 0.241561
4 0 0.260066 0.223986 0.201060 0.038141 0.276748
4 0 0.251639 0.226365 0.199859 0.034775 0.287363
4 0 0.205523 0.239982 0.227521 0.024146 0.302827
4 0 0.194512 0.243341 0.228041 0.021894 0.312212
4 0 0.180901 0.248152 0.243943 0.020536 0.306467
4 0 0.208282 0.234939 0.244113 0.022307 0.290359
0 0 0.296221 0.194946 0.282597 0.068150 0.158086
0 0 0.346649 0.184316 0.204712 0.098934 0.165390
0 0 0.346649 0.184316 0.204712 0.098934 0.165390
0 0 0.346649 0.184316 0.204712 0.098934 0.165390
0 0 0.346649 0.184316 0.204712 0.098934 0.165390
0 0 0.346649 0.184316 0.204712 0.098934 0.165390
0 0 0.346649 0.184316 0.204712 0.098934 0.165390
0 0 0.322698 0.198710 0.206849 0.075206 0.196537
4 0 0.231201 0.231287 0.194334 0.027577 0.315601
4 0 0.203356 0.235950 0.185689 0.019766 0.355238
4 0 0.187872 0.237487 0.179960 0.016224 0.378458
4 0 0.201084 0.236225 0.184890 0.019213 0.358588
4 0 0.189996 0.237323 0.180786 0.016680 0.375216
4 0 0.179200 0.237994 0.176454 0.014455 0.391897
4 0 0.191952 0.237159 0.181534 0.017108 0.372248
4 0 0.191254 0.237219 0.181269 0.016954 0.373305
4 0 0.209074 0.235188 0.187637 0.021209 0.346892
4 0 0.214175 0.234421 0.189298 0.022563 0.339543
4 0 0.221698 0.233145 0.191620 0.024681 0.328856
4 0 0.228340 0.231875 0.193543 0.026678 0.319565
4 0 0.241800 0.228896 0.197071 0.031125 0.301109
4 1 0.259354 0.224196 0.200922 0.037845 0.277683
4 1 0.236692 0.230090 0.195790 0.029371 0.308057
4 1 0.254516 0.225584 0.199947 0.035879 0.284075
4 1 0.229044 0.203927 0.169324 0.042678 0.355027
4 1 0.178371 0.164962 0.122047 0.049174 0.485446
4 1 0.174192 0.152169 0.112034 0.059486 0.502119
4 1 0.174980 0.151692 0.111942 0.060679 0.500706
4 2 0.126355 0.111622 0.073877 0.067150 0.620996
4 2 0.133529 0.113034 0.076448 0.074320 0.602670
4 2 0.103031 0.096239 0.059712 0.060697 0.680321
4 2 0.099817 0.098712 0.060319 0.051974 0.689178
4 2 0.165346 0.133066 0.096958 0.078005 0.526625
4 1 0.131366 0.121488 0.080940 0.058074 0.608133
4 1 0.162161 0.143592 0.102912 0.059726 0.531610
4 1 0.227607 0.179358 0.148803 0.064227 0.380006
0 1 0.285091 0.195312 0.184985 0.070992 0.263620
0 1 0.327008 0.196376 0.206696 0.078895 0.191025
0 1 0.338120 0.189871 0.205858 0.089493 0.176658
0 1 0.343445 0.186467 0.205200 0.095233 0.169655
2 1 0.054119 0.302378 0.314242 0.023148 0.306114
2 2 0.059111 0.301640 0.364596 0.015931 0.258722
2 2 0.065068 0.290061 0.432794 0.016300 0.195777
2 2 0.080906 0.281910 0.420553 0.019146 0.197485
2 2 0.094837 0.295425 0.355954 0.024872 0.228912
2 2 0.083617 0.301393 0.394070 0.037294 0.183626
2 2 0.109383 0.304181 0.317606 0.042609 0.226220
2 1 0.102834 0.308345 0.319096 0.039679 0.230045
4 2 0.149229 0.277290 0.249889 0.028706 0.294886
4 2 0.265883 0.222142 0.203528 0.040728 0.267719
0 2 0.296418 0.211083 0.206073 0.056523 0.229903
0 2 0.309069 0.200985 0.232166 0.068706 0.189074
0 2 0.330770 0.194256 0.206487 0.082296 0.186190
0 0 0.346649 0.184316 0.204712 0.098934 0.165390
0 0 0.346649 0.184316 0.204712 0.098934 0.165390
0 0 0.346649 0.184316 0.204712 0.098934 0.165390
0 0 0.310384 0.204876 0.206827 0.065722 0.212191
0 0 0.346649 0.184316 0.204712 0.098934 0.165390
0 0 0.346649 0.184316 0.204712 0.098934 0.165390
0 0 0.346649 0.184316 0.204712 0.098934 0.165390
0 0 0.346649 0.184316 0.204712 0.098934 0.165390
0 0 0.346649 0.184316 0.204712 0.098934 0.165390
0 0 0.346287 0.179750 0.208307 0.103330 0.162326
0 0 0.344122 0.165368 0.219630 0.118451 0.152429
0 0 0.346649 0.184316 0.204712 0.098934 0.165390
0 0 0.319260 0.197188 0.223817 0.075533 0.184201
2 0 0.183776 0.250524 0.309777 0.040230 0.215693
2 0 0.162261 0.252811 0.339427 0.031348 0.214153
2 0 0.203019 0.236940 0.305289 0.033802 0.220950
0 0 0.292859 0.203808 0.257391 0.060850 0.185093
0 0 0.346649 0.184316 0.204712 0.098934 0.165390
0 0 0.346437 0.181417 0.206994 0.101704 0.163449
0 0 0.346649 0.184316 0.204712 0.098934 0.165390
0 0 0.346200 0.178867 0.209002 0.104202 0.161729
0 0 0.343401 0.162102 0.222193 0.122176 0.150128
0 0 0.344833 0.169063 0.216724 0.114372 0.155008
0 0 0.346649 0.184316 0.204712 0.098934 0.165390
0 0 0.346649 0.184316 0.204712 0.098934 0.165390
0 0 0.346426 0.181287 0.207096 0.101829 0.163362
0 0 0.345175 0.171078 0.215138 0.112205 0.156404
0 0 0.346649 0.184316 0.204712 0.098934 0.165390
2 0 0.228108 0.240961 0.253078 0.065864 0.211989
2 0 0.244597 0.228238 0.254898 0.045637 0.226630
2 0 0.203433 0.234235 0.323264 0.038886 0.200182
2 0 0.251072 0.210298 0.313014 0.042628 0.182988
2 0 0.206017 0.221134 0.365719 0.055621 0.151510
2 0 0.231382 0.213654 0.336952 0.074911 0.143101
2 0 0.214314 0.211685 0.356253 0.096444 0.121304
0 0 0.313937 0.186953 0.270764 0.082098 0.146248
0 0 0.323709 0.186727 0.250988 0.086760 0.151816
0 0 0.316845 0.186931 0.264872 0.083458 0.147894
0 0 0.331379 0.186233 0.235500 0.090619 0.156269
0 0 0.346649 0.184316 0.204712 0.098934 0.165390
0 0 0.346649 0.184316 0.204712 0.098934 0.165390
0 0 0.346649 0.184316 0.204712 0.098934 0.165390
0 0 0.317557 0.201370 0.206919 0.071068 0.203085
2 0 0.231101 0.239577 0.246563 0.056099 0.226660
2 0 0.144424 0.270096 0.333970 0.038004 0.213507
2 0 0.191589 0.247777 0.278669 0.031159 0.250806
0 0 0.264571 0.216225 0.259367 0.044222 0.215615
0 0 0.346649 0.184316 0.204712 0.098934 0.165390
0 0 0.346649 0.184316 0.204712 0.098934 0.165390
2 0 0.206000 0.214678 0.353635 0.107774 0.117913
2 0 0.106728 0.226175 0.506439 0.069463 0.091196
2 0 0.101929 0.228482 0.518753 0.051887 0.098949
2 0 0.132187 0.249905 0.423369 0.046972 0.147567
2 0 0.104026 0.258057 0.455571 0.038297 0.144049
2 0 0.124792 0.265813 0.391714 0.035929 0.181752
2 0 0.116091 0.264411 0.412837 0.034189 0.172471
2 0 0.112677 0.273700 0.391480 0.031491 0.190652
2 0 0.097197 0.278032 0.405780 0.025341 0.193649
2 0 0.092768 0.271983 0.428780 0.023131 0.183337
2 0 0.106799 0.267067 0.400950 0.020627 0.204556
2 0 0.147555 0.257488 0.333616 0.022785 0.238557
2 0 0.140376 0.263933 0.321735 0.021671 0.252284
2 0 0.139485 0.267025 0.328482 0.025416 0.239592
4 0 0.178750 0.253004 0.248962 0.023677 0.295607
4 0 0.224955 0.232672 0.209642 0.026103 0.306628
4 0 0.212665 0.238800 0.201445 0.025569 0.321521
2 0 0.149068 0.269830 0.298642 0.028891 0.253569
2 0 0.125450 0.275652 0.345169 0.028222 0.225507
2 0 0.105021 0.271389 0.406411 0.025771 0.191408
2 0 0.101558 0.273178 0.408432 0.025164 0.191667
2 0 0.097972 0.277940 0.395980 0.022310 0.205798
2 0 0.073260 0.265173 0.493818 0.025474 0.142274
2 0 0.069847 0.242617 0.548037 0.026285 0.113215
2 0 0.072933 0.221858 0.580887 0.023619 0.100703
2 0 0.063330 0.201351 0.633151 0.020474 0.081694
2 0 0.052850 0.199279 0.653437 0.018197 0.076237
2 0 0.061129 0.193996 0.649761 0.021758 0.073356
2 0 0.053771 0.176477 0.689408 0.024649 0.055695
2 0 0.079919 0.207555 0.596773 0.031476 0.084277
2 0 0.087556 0.212877 0.574924 0.034433 0.090210
2 0 0.087753 0.224136 0.553711 0.035919 0.098481
2 0 0.120398 0.236098 0.475288 0.044079 0.124137
2 0 0.191049 0.246654 0.316919 0.052233 0.193144
2 0 0.157689 0.261325 0.343646 0.065068 0.172273
2 0 0.139889 0.277026 0.336559 0.064301 0.182225
2 0 0.125403 0.276470 0.369012 0.067326 0.161789
2 0 0.159145 0.265513 0.328006 0.066455 0.180880
2 0 0.169866 0.257782 0.328680 0.063546 0.180126
2 0 0.214676 0.233420 0.312532 0.065101 0.174271
2 0 0.203714 0.216098 0.371229 0.083141 0.125817
2 0 0.242073 0.214732 0.313881 0.078359 0.150955
2 0 0.217475 0.229339 0.311085 0.087448 0.154652
2 0 0.190877 0.241837 0.330443 0.076212 0.160632
2 0 0.112987 0.258369 0.438958 0.053147 0.136539
2 0 0.167373 0.240865 0.381319 0.048361 0.162082
2 0 0.181410 0.223500 0.401722 0.046043 0.147325
2 0 0.164863 0.225790 0.422780 0.056311 0.130256
2 0 0.116989 0.231847 0.483706 0.062829 0.104629
2 0 0.113580 0.234396 0.481759 0.067405 0.102860
2 0 0.100106 0.231849 0.510148 0.062894 0.095003
2 0 0.094581 0.237609 0.511048 0.057568 0.099193
2 0 0.082372 0.242373 0.527742 0.042168 0.105345
2 0 0.056004 0.223496 0.608408 0.025172 0.086919
2 0 0.092204 0.203120 0.584629 0.024018 0.096030
2 0 0.172493 0.182552 0.507484 0.027051 0.110420
2 0 0.199112 0.182485 0.471410 0.038267 0.108726
2 0 0.156572 0.199766 0.492859 0.051001 0.099803
4 0 0.225100 0.232511 0.192620 0.025688 0.324081
4 0 0.221735 0.233138 0.191632 0.024692 0.328804
4 0 0.203736 0.235903 0.185821 0.019859 0.354680
4 0 0.199259 0.229334 0.178286 0.021032 0.372090
4 0 0.211103 0.223262 0.178298 0.026246 0.361091
4 1 0.175136 0.208905 0.152434 0.021801 0.441724
4 1 0.179679 0.208076 0.153561 0.023481 0.435203
4 1 0.164164 0.193710 0.137417 0.024065 0.480644
4 1 0.177369 0.193457 0.141935 0.029125 0.458113
4 1 0.151404 0.201397 0.146844 0.027132 0.473223
4 1 0.181153 0.190338 0.141001 0.032301 0.455207
4 1 0.151899 0.168482 0.116170 0.031179 0.532271
4 1 0.163084 0.166915 0.118639 0.038276 0.513087
4 1 0.125336 0.191780 0.144460 0.043419 0.495006
4 1 0.106380 0.204428 0.162584 0.054072 0.472537
4 1 0.114393 0.238129 0.215392 0.066483 0.365602
4 1 0.096898 0.246880 0.214475 0.047174 0.394573
4 2 0.090036 0.255956 0.237546 0.043233 0.373229
4 2 0.059281 0.240267 0.235211 0.036264 0.428977
4 2 0.060075 0.236860 0.235233 0.041698 0.426135
4 2 0.053286 0.258785 0.292290 0.036373 0.359266
2 2 0.049055 0.279073 0.399501 0.040052 0.232319
2 2 0.041775 0.262292 0.528081 0.030044 0.137808
2 2 0.035776 0.230295 0.630372 0.026798 0.076759
2 2 0.032407 0.187967 0.695411 0.031270 0.052945
2 2 0.020953 0.090819 0.800563 0.071681 0.015984
2 2 0.017492 0.074580 0.821764 0.074489 0.011676
2 2 0.021018 0.082486 0.806100 0.076174 0.014222
2 2 0.020121 0.091888 0.816983 0.054505 0.016502
2 2 0.016949 0.078079 0.831920 0.061377 0.011675
2 2 0.017047 0.071006 0.809011 0.091652 0.011284
2 2 0.014549 0.050485 0.806359 0.120187 0.008419
2 2 0.014734 0.056323 0.773614 0.146098 0.009231
2 2 0.014583 0.056127 0.708456 0.211358 0.009476
2 2 0.010889 0.040505 0.689562 0.252431 0.006614
2 2 0.013131 0.046068 0.689302 0.243518 0.007981
2 2 0.020529 0.076975 0.679094 0.208513 0.014889
2 2 0.022344 0.082150 0.672198 0.206125 0.017184
2 3 0.012174 0.041899 0.661075 0.277544 0.007308
2 3 0.010096 0.031119 0.530785 0.422038 0.005962
3 3 0.011317 0.029633 0.353206 0.597317 0.008528
3 3 0.008768 0.019860 0.205549 0.755932 0.009891
3 3 0.006952 0.012951 0.124763 0.844116 0.011219
3 3 0.005752 0.009327 0.084665 0.888184 0.012072
3 3 0.004072 0.005751 0.060475 0.920224 0.009478
3 3 0.004103 0.005008 0.047061 0.932512 0.011316
3 3 0.003944 0.004672 0.045106 0.935385 0.010893
3 3 0.004771 0.005565 0.046364 0.929436 0.013864
3 3 0.004433 0.005187 0.047230 0.931007 0.012143
3 3 0.004788 0.005445 0.044877 0.930744 0.014147
3 3 0.004142 0.004606 0.041356 0.937632 0.012265
3 3 0.004024 0.004206 0.035597 0.942898 0.013275
3 3 0.003043 0.003181 0.030147 0.952997 0.010632
3 3 0.002476 0.002320 0.023302 0.962378 0.009523
3 3 0.002860 0.002513 0.023475 0.960135 0.011018
3 3 0.002713 0.002349 0.022835 0.961748 0.010354
3 3 0.002743 0.002525 0.025237 0.959581 0.009913
3 3 0.003066 0.003086 0.031780 0.952382 0.009686
3 3 0.003115 0.003314 0.035701 0.948780 0.009089
3 3 0.003229 0.003614 0.039830 0.944498 0.008828
3 3 0.002510 0.001999 0.018050 0.966168 0.011272
3 3 0.002968 0.002291 0.018506 0.962543 0.013691
3 3 0.002925 0.002322 0.019154 0.962395 0.013204
3 3 0.002693 0.002311 0.020425 0.962922 0.011649
3 3 0.002842 0.002560 0.022865 0.960161 0.011571
3 3 0.002520 0.002322 0.022651 0.962546 0.009961
3 3 0.002439 0.002302 0.022597 0.962926 0.009736
3 3 0.002638 0.002448 0.023235 0.961248 0.010431
3 3 0.002704 0.002450 0.022989 0.961148 0.010708
3 3 0.002408 0.002079 0.020339 0.965253 0.009921
3 3 0.002448 0.002067 0.020241 0.965245 0.010000
3 3 0.002075 0.001816 0.019833 0.968026 0.008251
3 3 0.002802 0.002472 0.023219 0.960641 0.010867
3 3 0.002947 0.002531 0.022860 0.960018 0.011644
3 3 0.003773 0.003267 0.025624 0.952439 0.014897
3 3 0.003189 0.002690 0.022644 0.958420 0.013056
3 3 0.003480 0.002881 0.023026 0.956270 0.014342
3 3 0.003955 0.003062 0.023716 0.953575 0.015693
3 3 0.004328 0.003309 0.025279 0.950649 0.016435
3 3 0.004161 0.003048 0.024411 0.952922 0.015457
3 3 0.004779 0.003312 0.025554 0.949302 0.017053
3 3 0.004807 0.003116 0.024965 0.950586 0.016526
3 3 0.005222 0.003527 0.027223 0.946450 0.017578
3 3 0.005453 0.003734 0.027629 0.944482 0.018703
3 3 0.004994 0.003596 0.027995 0.946468 0.016947
3 3 0.003927 0.002958 0.026300 0.953539 0.013276
3 3 0.003674 0.002698 0.024447 0.956400 0.012781
3 3 0.002796 0.002075 0.021104 0.963833 0.010192
3 3 0.002233 0.001612 0.017767 0.969718 0.008670
3 3 0.002404 0.001785 0.018536 0.967782 0.009492
3 3 0.002253 0.001629 0.017448 0.969666 0.009004
3 3 0.002248 0.001652 0.017248 0.969598 0.009255
3 3 0.002395 0.001625 0.016545 0.969543 0.009892
3 3 0.002913 0.002018 0.018459 0.964683 0.011927
3 3 0.002722 0.002037 0.019193 0.964952 0.011096
3 3 0.002992 0.002291 0.020361 0.962141 0.012215
3 3 0.003311 0.002471 0.020009 0.960010 0.014199
3 3 0.002922 0.002184 0.018870 0.963406 0.012619
3 3 0.002573 0.001900 0.016871 0.966884 0.011772
3 3 0.002924 0.002092 0.017079 0.964249 0.013656
3 3 0.002724 0.001822 0.015530 0.967085 0.012840
3 3 0.003106 0.001947 0.015889 0.964779 0.014279
3 3 0.002913 0.001854 0.015350 0.966160 0.013723
3 3 0.003071 0.002075 0.017370 0.963890 0.013593
3 3 0.002898 0.001967 0.017349 0.965280 0.012507
3 3 0.003868 0.002817 0.022212 0.955657 0.015446
3 3 0.036594 0.012547 0.060280 0.829567 0.061012
3 2 0.113249 0.032161 0.136665 0.630394 0.087531
3 2 0.157283 0.061613 0.278999 0.436214 0.065891
2 2 0.245619 0.110744 0.304731 0.246179 0.092728
2 2 0.275738 0.123968 0.284497 0.208298 0.107498
0 2 0.307050 0.191509 0.239335 0.109597 0.152508
2 2 0.134849 0.227719 0.415698 0.129330 0.092404
2 2 0.059125 0.238788 0.551570 0.080300 0.070216
2 2 0.042348 0.211486 0.612161 0.075490 0.058515
2 2 0.035785 0.190083 0.663287 0.065504 0.045340
2 2 0.026694 0.142057 0.727822 0.075345 0.028083
2 2 0.018519 0.083350 0.793529 0.091465 0.013137
2 2 0.017904 0.080065 0.799891 0.089501 0.012639
2 2 0.023702 0.116181 0.758203 0.079814 0.022099
2 2 0.020203 0.087304 0.742417 0.133724 0.016353
2 2 0.021322 0.099996 0.757214 0.101058 0.020410
2 2 0.026669 0.137515 0.760837 0.039984 0.034995
2 2 0.025872 0.125270 0.768260 0.050147 0.030451
2 2 0.031846 0.162612 0.717279 0.039641 0.048623
2 2 0.042298 0.251370 0.574908 0.030336 0.101088
2 2 0.049734 0.297797 0.466286 0.018215 0.167968
2 2 0.050726 0.314287 0.414383 0.016496 0.204109
2 2 0.046540 0.315650 0.395031 0.017064 0.225716
4 2 0.053323 0.300298 0.300129 0.017547 0.328703
4 4 0.059333 0.269931 0.227698 0.018814 0.424224
4 4 0.059704 0.194516 0.126237 0.016463 0.603080
4 4 0.056440 0.199121 0.136915 0.024061 0.583463
4 4 0.057985 0.144995 0.088345 0.022472 0.686203
4 4 0.061294 0.149064 0.089947 0.019316 0.680380
4 4 0.071034 0.149379 0.086797 0.013965 0.678825
4 4 0.072242 0.196090 0.125369 0.013968 0.592331
4 4 0.076113 0.229865 0.154254 0.011968 0.527801
4 4 0.070887 0.300515 0.241921 0.014639 0.372038
4 4 0.065752 0.309290 0.256655 0.014932 0.353372
1 4 0.062162 0.318538 0.281735 0.019718 0.317847
1 4 0.059987 0.327750 0.314125 0.022384 0.275754
2 4 0.054841 0.330709 0.368034 0.021794 0.224623
2 4 0.047175 0.319246 0.428378 0.020489 0.184712
2 4 0.043069 0.292589 0.504962 0.022325 0.137055
2 4 0.037852 0.253601 0.589489 0.019703 0.099355
2 2 0.031827 0.207996 0.676219 0.015222 0.068736
2 2 0.034381 0.204846 0.675115 0.013668 0.071990
2 2 0.040478 0.235845 0.608202 0.013565 0.101911
2 2 0.044502 0.251467 0.574133 0.016330 0.113569
2 2 0.045678 0.278870 0.518173 0.017406 0.139872
2 4 0.044369 0.288968 0.489724 0.013875 0.163065
2 4 0.045264 0.303074 0.428207 0.010129 0.213326
2 4 0.048872 0.308940 0.357288 0.009001 0.275899
4 4 0.052630 0.279050 0.253336 0.011210 0.403774
4 4 0.050782 0.241895 0.193399 0.015755 0.498169
4 4 0.053922 0.187357 0.123416 0.020830 0.614475
4 4 0.048961 0.143426 0.086753 0.021897 0.698963
4 4 0.050529 0.102395 0.056412 0.022678 0.767986
4 4 0.046107 0.093648 0.050633 0.023626 0.785985
4 4 0.044708 0.120325 0.070391 0.025569 0.739007
4 4 0.041780 0.166682 0.110111 0.029662 0.651766
4 4 0.044653 0.240680 0.194562 0.025549 0.494555
2 4 0.044814 0.302764 0.322721 0.017631 0.312069
2 2 0.038938 0.289254 0.504974 0.013507 0.153328
2 2 0.033200 0.230127 0.634056 0.012927 0.089690
2 2 0.022830 0.145432 0.782849 0.013234 0.035654
2 2 0.018361 0.101254 0.841107 0.018288 0.020990
2 2 0.014051 0.065708 0.884888 0.024600 0.010753
2 2 0.010729 0.046078 0.896997 0.039843 0.006354
2 2 0.008433 0.036704 0.902030 0.048103 0.004731
2 2 0.007645 0.036605 0.909336 0.041985 0.004429
2 2 0.006049 0.031755 0.929003 0.029718 0.003475
2 2 0.005355 0.028818 0.939329 0.023484 0.003014
2 2 0.003805 0.021603 0.957735 0.014836 0.002021
2 2 0.003122 0.018233 0.965612 0.011430 0.001603
2 2 0.002737 0.015097 0.971984 0.008875 0.001307
2 2 0.002806 0.014569 0.969671 0.011643 0.001311
2 2 0.002928 0.014019 0.962864 0.018852 0.001337
2 2 0.003296 0.014530 0.948355 0.032319 0.001500
2 2 0.002566 0.012137 0.911627 0.072464 0.001205
2 2 0.002859 0.012947 0.890790 0.092050 0.001355
2 2 0.004640 0.017705 0.805412 0.169956 0.002286
2 2 0.005437 0.020092 0.719555 0.252089 0.002827
2 2 0.005462 0.019036 0.600774 0.371825 0.002903
2 2 0.005052 0.017552 0.525324 0.449329 0.002743
3 2 0.007000 0.022839 0.477842 0.488311 0.004008
2 2 0.011025 0.037107 0.502744 0.442178 0.006947
3 2 0.010020 0.031889 0.475357 0.476654 0.006079
2 2 0.007827 0.024380 0.526650 0.436809 0.004335
2 2 0.008098 0.024129 0.571197 0.392283 0.004293
2 2 0.008132 0.025536 0.580216 0.381681 0.004435
2 2 0.009092 0.027690 0.510177 0.447879 0.005163
3 2 0.007003 0.021726 0.441388 0.525705 0.004179
3 2 0.007805 0.024292 0.341266 0.620451 0.006187
3 2 0.008052 0.026222 0.345980 0.613040 0.006706
3 2 0.007622 0.023820 0.306684 0.655072 0.006802
3 2 0.006042 0.018448 0.286279 0.684114 0.005117
3 2 0.007135 0.020289 0.311009 0.655636 0.005930
2 2 0.065275 0.045642 0.487667 0.379012 0.022404
3 2 0.186155 0.033082 0.315264 0.427677 0.037822
3 2 0.157002 0.038626 0.312978 0.453576 0.037817
3 2 0.026177 0.026009 0.344336 0.593237 0.010241
2 2 0.035859 0.059235 0.462969 0.423097 0.018840
2 2 0.102153 0.145860 0.500594 0.193505 0.057888
2 2 0.159375 0.187658 0.506754 0.062237 0.083976
2 2 0.065775 0.192151 0.610212 0.082814 0.049048
2 2 0.026322 0.106033 0.683226 0.164459 0.019961
2 2 0.016912 0.058616 0.642819 0.270688 0.010964
2 2 0.014999 0.049443 0.572353 0.353654 0.009552
3 2 0.017457 0.050171 0.439320 0.479906 0.013146
3 2 0.015296 0.041695 0.367844 0.562853 0.012311
3 2 0.011783 0.029427 0.268063 0.679109 0.011618
3 2 0.009703 0.021274 0.210327 0.747898 0.010798
3 2 0.009021 0.016754 0.156652 0.805314 0.012259
3 3 0.009552 0.016209 0.132441 0.826535 0.015263
3 3 0.007720 0.011470 0.092654 0.872771 0.015384
3 3 0.005238 0.007419 0.067510 0.907675 0.012158
3 3 0.004102 0.005068 0.047287 0.932156 0.011388
3 3 0.005179 0.005491 0.043886 0.930183 0.015260
3 3 0.004689 0.004669 0.038015 0.937928 0.014700
3 3 0.005049 0.004864 0.036606 0.936805 0.016676
3 3 0.003653 0.003350 0.028334 0.951386 0.013278
3 3 0.003573 0.003189 0.027048 0.952971 0.013219
3 3 0.003857 0.003430 0.027671 0.950643 0.014399
3 3 0.004021 0.003630 0.028467 0.948834 0.015048
3 3 0.003110 0.002753 0.024017 0.957842 0.012278
3 3 0.002673 0.002213 0.021220 0.963315 0.010580
3 3 0.002828 0.002174 0.019532 0.963628 0.011839
3 3 0.002753 0.002002 0.017995 0.965377 0.011873
3 3 0.003373 0.002389 0.019164 0.960475 0.014599
3 3 0.002323 0.001609 0.016027 0.970017 0.010025
3 3 0.003044 0.002065 0.019134 0.963814 0.011944
3 3 0.002528 0.001842 0.019152 0.966821 0.009657
3 3 0.003168 0.002471 0.023158 0.959611 0.011591
3 3 0.002998 0.002464 0.024018 0.959777 0.010744
3 3 0.004983 0.003934 0.030945 0.943737 0.016400
3 3 0.005064 0.003935 0.029902 0.943845 0.017254
3 3 0.007637 0.005413 0.033835 0.927933 0.025182
3 3 0.006133 0.004578 0.031050 0.937077 0.021162
3 3 0.004410 0.003471 0.025587 0.949362 0.017169
3 3 0.003236 0.002553 0.022544 0.959141 0.012526
3 3 0.003403 0.002982 0.025423 0.955192 0.013000
3 3 0.003061 0.002734 0.025483 0.957489 0.011234
3 3 0.003957 0.003178 0.026009 0.952304 0.014552
3 3 0.003836 0.002726 0.022868 0.956232 0.014338
3 3 0.003700 0.002606 0.022019 0.957591 0.014084
3 3 0.003095 0.002280 0.020904 0.961756 0.011965
3 3 0.002129 0.001564 0.017131 0.970596 0.008580
3 3 0.002119 0.001502 0.016697 0.971206 0.008476
3 3 0.002360 0.001717 0.017574 0.968701 0.009647
3 3 0.002354 0.001785 0.017421 0.968298 0.010142
3 3 0.002455 0.001823 0.017500 0.967696 0.010527
3 3 0.003325 0.002402 0.020386 0.960384 0.013504
3 3 0.002498 0.001765 0.017848 0.967867 0.010022
3 3 0.003305 0.002332 0.020288 0.960941 0.013134
3 3 0.002724 0.001970 0.019196 0.965396 0.010715
3 3 0.003213 0.002375 0.020615 0.960861 0.012935
3 3 0.003342 0.002594 0.021485 0.958842 0.013737
3 3 0.003722 0.002842 0.021756 0.955992 0.015687
3 3 0.003139 0.002411 0.020175 0.960932 0.013343
3 3 0.002838 0.002106 0.017805 0.964385 0.012866
3 3 0.002537 0.001828 0.016339 0.967612 0.011684
3 3 0.002707 0.001831 0.015353 0.967061 0.013049
3 3 0.002079 0.001278 0.012599 0.973998 0.010046
3 3 0.002479 0.001506 0.013351 0.970550 0.012114
3 3 0.002119 0.001307 0.012452 0.973583 0.010539
3 3 0.002049 0.001355 0.013528 0.973356 0.009712
3 3 0.002068 0.001447 0.014925 0.972312 0.009249
3 3 0.002126 0.001579 0.016345 0.970772 0.009178
3 3 0.003039 0.002254 0.021118 0.962020 0.011569
3 3 0.003024 0.002304 0.021635 0.961581 0.011457
3 3 0.003694 0.002817 0.024250 0.955703 0.013536
3 3 0.002792 0.002172 0.020639 0.963422 0.010976
3 3 0.004457 0.003472 0.025231 0.949274 0.017566
3 3 0.003491 0.002709 0.022115 0.957519 0.014167
3 3 0.005382 0.004387 0.028189 0.940645 0.021398
3 3 0.003047 0.002349 0.020781 0.961490 0.012333
3 3 0.002934 0.002205 0.019621 0.963071 0.012169
3 3 0.002797 0.002010 0.018086 0.965164 0.011942
3 3 0.004729 0.002850 0.020678 0.952873 0.018869
3 3 0.003790 0.002415 0.019212 0.958989 0.015594
3 3 0.003632 0.002276 0.019208 0.960520 0.014364
3 3 0.002540 0.001554 0.015165 0.969913 0.010828
3 3 0.003074 0.001891 0.017250 0.965326 0.012459
3 3 0.031975 0.009795 0.055198 0.853075 0.049957
3 2 0.110174 0.027038 0.133942 0.653250 0.075596
3 2 0.179248 0.060107 0.271760 0.419845 0.069040
2 2 0.207626 0.097917 0.326362 0.291013 0.077082
2 2 0.278327 0.135028 0.280200 0.192410 0.114034
0 2 0.346649 0.184316 0.204712 0.098934 0.165390
0 2 0.334039 0.192348 0.206245 0.085401 0.181967
2 2 0.105944 0.284855 0.389127 0.046590 0.173483
2 2 0.054130 0.299384 0.406721 0.016161 0.223604
2 2 0.039073 0.250764 0.586147 0.014965 0.109051
2 2 0.037322 0.243746 0.602675 0.014579 0.101677
2 2 0.028890 0.192600 0.705718 0.014263 0.058529
2 2 0.024685 0.176696 0.737410 0.013580 0.047630
2 2 0.018407 0.110669 0.822091 0.027396 0.021436
2 2 0.013380 0.066547 0.865794 0.043941 0.010339
2 2 0.012018 0.092763 0.867072 0.009436 0.018711
2 2 0.010479 0.078445 0.888358 0.009608 0.013110
2 2 0.009074 0.057149 0.913379 0.012280 0.008119
2 2 0.006440 0.030577 0.936306 0.023193 0.003484
2 2 0.008184 0.037719 0.923646 0.025855 0.004597
2 2 0.010171 0.043852 0.900726 0.039398 0.005853
2 2 0.012406 0.045735 0.876560 0.058409 0.006890
2 2 0.021884 0.065929 0.818652 0.080614 0.012922
2 2 0.023507 0.072423 0.785438 0.104679 0.013952
2 2 0.021924 0.077763 0.759932 0.126178 0.014203
2 2 0.023326 0.082628 0.718463 0.159507 0.016076
2 2 0.023009 0.075602 0.670517 0.215683 0.015189
2 2 0.024294 0.078583 0.627891 0.252936 0.016296
2 2 0.023261 0.078760 0.610466 0.271456 0.016058
2 2 0.013058 0.048783 0.646148 0.283594 0.008417
2 2 0.010593 0.040852 0.649877 0.292007 0.006671
2 2 0.013218 0.057677 0.720676 0.199387 0.009042
2 2 0.014551 0.063759 0.762663 0.149093 0.009934
2 2 0.009634 0.046473 0.856424 0.081362 0.006107
2 2 0.011087 0.056280 0.866411 0.058866 0.007356
2 2 0.008589 0.044523 0.905386 0.036173 0.005328
2 2 0.006249 0.033504 0.926976 0.029607 0.003663
2 2 0.006604 0.033792 0.931504 0.024328 0.003772
2 2 0.004783 0.023861 0.943771 0.025072 0.002514
2 2 0.003899 0.018465 0.937476 0.038223 0.001936
2 2 0.004110 0.018525 0.904637 0.070664 0.002063
2 2 0.004950 0.020582 0.877004 0.094964 0.002500
2 2 0.004733 0.019961 0.885692 0.087237 0.002377
2 2 0.004494 0.019921 0.901124 0.072184 0.002278
2 2 0.004353 0.020909 0.918198 0.054271 0.002269
2 2 0.003233 0.015597 0.911624 0.067940 0.001607
2 2 0.002613 0.012836 0.930292 0.053019 0.001240
2 2 0.002453 0.011010 0.918114 0.067322 0.001100
2 2 0.003165 0.013133 0.921267 0.061018 0.001418
2 2 0.003544 0.013661 0.868313 0.112873 0.001610
2 2 0.004283 0.016270 0.834786 0.142621 0.002040
2 2 0.003734 0.014130 0.790278 0.190092 0.001766
2 2 0.004215 0.016370 0.786262 0.191073 0.002080
2 2 0.006700 0.025261 0.780934 0.183537 0.003567
2 2 0.005863 0.023814 0.797007 0.170158 0.003157
2 2 0.005883 0.024220 0.783121 0.183556 0.003219
2 2 0.007387 0.030584 0.797341 0.160480 0.004209
2 2 0.010591 0.041896 0.794992 0.146225 0.006296
2 2 0.011283 0.045058 0.771788 0.164959 0.006913
2 2 0.011101 0.043899 0.759323 0.178893 0.006784
2 2 0.007352 0.027583 0.711012 0.249940 0.004113
2 2 0.007610 0.028396 0.674840 0.284807 0.004347
2 2 0.008673 0.032092 0.650723 0.303395 0.005118
2 2 0.007155 0.027062 0.679964 0.281758 0.004062
2 2 0.007104 0.026560 0.735340 0.227103 0.003893
2 2 0.006613 0.024632 0.775617 0.189643 0.003495
2 2 0.005599 0.021028 0.833285 0.137294 0.002794
2 2 0.007327 0.023192 0.826688 0.139310 0.003483
2 2 0.019016 0.042382 0.814026 0.115769 0.008807
2 2 0.013570 0.030047 0.747836 0.202460 0.006087
2 2 0.013162 0.034739 0.615798 0.329328 0.006973
2 2 0.012178 0.030835 0.491738 0.458638 0.006612
3 2 0.018589 0.041472 0.451593 0.476681 0.011665
2 4 0.051063 0.118435 0.448077 0.330738 0.051687
2 4 0.078785 0.242087 0.474452 0.104202 0.100474
4 4 0.081501 0.304407 0.254168 0.015525 0.344398
4 4 0.120834 0.268125 0.202517 0.013122 0.395402
4 4 0.175629 0.238126 0.174947 0.013768 0.397529
4 4 0.202069 0.236108 0.185238 0.019451 0.357133
4 4 0.206115 0.235595 0.186640 0.020453 0.351197
4 4 0.206940 0.229780 0.182024 0.022646 0.358610
4 4 0.218744 0.233667 0.190727 0.023832 0.333031
4 4 0.226124 0.232313 0.192915 0.025998 0.322649
4 0 0.257960 0.224603 0.200648 0.037268 0.279521
4 1 0.237633 0.229876 0.196031 0.029688 0.306772
4 1 0.112163 0.271077 0.203828 0.012602 0.400330
1 2 0.064064 0.313488 0.301694 0.011125 0.309629
4 2 0.072583 0.273907 0.214255 0.007288 0.431967
4 2 0.069459 0.245035 0.186572 0.009422 0.489511
4 2 0.071486 0.145241 0.080765 0.010437 0.692071
4 4 0.048755 0.088596 0.042488 0.009737 0.810425
4 4 0.049918 0.078789 0.038500 0.014726 0.818067
4 4 0.056153 0.068980 0.035571 0.030245 0.809051
4 4 0.060480 0.065832 0.035035 0.042483 0.796171
4 4 0.089649 0.081981 0.049151 0.066209 0.713010
4 4 0.087275 0.086223 0.050845 0.053525 0.722132
4 4 0.097327 0.097042 0.058838 0.051055 0.695737
4 4 0.136263 0.135075 0.090425 0.046656 0.591580
4 4 0.138127 0.145154 0.097146 0.038896 0.580677
4 4 0.138494 0.154652 0.103173 0.032244 0.571438
4 4 0.106702 0.139440 0.084702 0.022309 0.646847
4 4 0.079850 0.114825 0.063739 0.018152 0.723433
4 4 0.050525 0.084234 0.041068 0.012521 0.811652
4 4 0.044294 0.069888 0.033200 0.014856 0.837762
4 4 0.042202 0.063760 0.030084 0.016893 0.847062
4 4 0.039719 0.056407 0.026421 0.020241 0.857212
4 4 0.045782 0.059817 0.029208 0.025619 0.839574
4 4 0.038528 0.049666 0.023355 0.026730 0.861721
4 4 0.032272 0.042470 0.019157 0.025195 0.880906
4 4 0.025262 0.034847 0.014824 0.021911 0.903156
4 4 0.024636 0.033634 0.014248 0.022544 0.904939
4 4 0.024226 0.034066 0.014331 0.020716 0.906661
4 4 0.027997 0.039080 0.016974 0.021247 0.894701
4 4 0.029973 0.042392 0.018660 0.020490 0.888485
4 4 0.046097 0.057743 0.028373 0.028900 0.838887
4 4 0.044633 0.060866 0.029408 0.022673 0.842420
4 4 0.055527 0.074843 0.038113 0.023152 0.808365
4 4 0.070927 0.090928 0.049436 0.026070 0.762640
4 4 0.067702 0.088337 0.047384 0.024921 0.771656
4 4 0.049744 0.072926 0.035866 0.018280 0.823184
4 4 0.047128 0.068894 0.033464 0.018494 0.832020
4 4 0.036418 0.054742 0.024990 0.017209 0.866641
4 4 0.040749 0.060613 0.028416 0.017694 0.852528
4 4 0.065509 0.086133 0.045787 0.024472 0.778098
4 4 0.056191 0.082339 0.041701 0.018122 0.801646
4 4 0.039037 0.066654 0.030508 0.011865 0.851937
4 4 0.032886 0.056801 0.024976 0.011521 0.873816
4 4 0.037473 0.056122 0.025795 0.017383 0.863227
4 4 0.042777 0.057464 0.027541 0.023708 0.848511
4 4 0.048068 0.063258 0.031213 0.025041 0.832420
4 4 0.038930 0.058931 0.027291 0.016841 0.858007
4 4 0.042440 0.069656 0.032633 0.013269 0.842002
4 4 0.042421 0.075479 0.035081 0.010474 0.836545
4 4 0.079979 0.137177 0.075214 0.010612 0.697017
4 4 0.110948 0.184544 0.112232 0.010236 0.582040
4 4 0.084237 0.202800 0.127989 0.011032 0.573942
4 4 0.089439 0.216385 0.138275 0.009701 0.546201
4 4 0.101180 0.181817 0.106931 0.008367 0.601706
4 4 0.101218 0.214691 0.139034 0.010695 0.534363
4 4 0.085011 0.154236 0.088604 0.011410 0.660739
4 4 0.067719 0.143920 0.082592 0.013950 0.691819
4 4 0.056957 0.111079 0.058925 0.013757 0.759281
4 4 0.055741 0.104422 0.052806 0.010594 0.776437
4 4 0.070596 0.123855 0.065491 0.010220 0.729838
4 4 0.095681 0.236569 0.165174 0.008847 0.493729
4 4 0.098041 0.277366 0.213352 0.009191 0.402050
4 4 0.072795 0.292346 0.284922 0.007839 0.342099
4 4 0.107026 0.264310 0.189681 0.008273 0.430711
4 4 0.101054 0.199046 0.121128 0.008352 0.570420
4 4 0.078572 0.142047 0.077516 0.009345 0.692520
4 4 0.051984 0.095792 0.046611 0.009276 0.796336
4 4 0.048577 0.081966 0.039541 0.012126 0.817791
4 4 0.039968 0.066333 0.030613 0.012879 0.850206
4 4 0.055854 0.085755 0.043174 0.015809 0.799407
4 4 0.059319 0.096761 0.049178 0.013120 0.781623
4 4 0.074374 0.130243 0.072104 0.013210 0.710069
4 4 0.089766 0.190875 0.117941 0.011109 0.590310
4 4 0.095460 0.277123 0.228597 0.008570 0.390250
2 4 0.051363 0.283749 0.431279 0.007297 0.226313
2 4 0.040918 0.268148 0.504522 0.006391 0.180021
2 2 0.032820 0.236113 0.596022 0.005412 0.129634
2 2 0.040823 0.242973 0.551348 0.004966 0.159890
2 2 0.035396 0.219822 0.610189 0.004048 0.130545
2 2 0.033784 0.211812 0.631816 0.004044 0.118545
2 2 0.026888 0.183883 0.699832 0.003501 0.085897
2 2 0.021457 0.150402 0.770596 0.003574 0.053971
2 2 0.017733 0.124900 0.815156 0.002817 0.039394
2 2 0.024191 0.147559 0.764602 0.002691 0.060957
2 2 0.018850 0.117601 0.820796 0.002084 0.040670
2 2 0.020823 0.121888 0.810857 0.002205 0.044228
2 2 0.018882 0.106840 0.836969 0.001985 0.035324
2 2 0.016712 0.096243 0.856119 0.001819 0.029108
2 2 0.017847 0.107676 0.837278 0.001927 0.035272
2 2 0.018948 0.112081 0.828954 0.002030 0.037986
2 2 0.014834 0.088769 0.869314 0.001571 0.025511
2 2 0.012158 0.073993 0.894352 0.001430 0.018066
2 2 0.012549 0.078723 0.887131 0.001444 0.020153
2 2 0.011930 0.076463 0.892710 0.001965 0.016932
2 2 0.011516 0.075666 0.894370 0.001922 0.016527
2 2 0.009431 0.064066 0.912575 0.001655 0.012274
2 2 0.007547 0.052279 0.930167 0.001386 0.008621
2 2 0.006019 0.043019 0.943838 0.001504 0.005620
2 2 0.005479 0.043074 0.944505 0.001782 0.005161
2 2 0.004349 0.032210 0.958136 0.002015 0.003290
2 2 0.004460 0.034965 0.954912 0.002032 0.003630
2 2 0.004139 0.029262 0.961328 0.002421 0.002851
2 2 0.003491 0.022674 0.967587 0.004358 0.001890
2 2 0.004144 0.023312 0.965347 0.005059 0.002138
2 2 0.003931 0.022225 0.966121 0.005702 0.002021
2 2 0.005526 0.034527 0.951949 0.004105 0.003893
2 2 0.005354 0.031098 0.953924 0.006174 0.003450
2 2 0.006351 0.041084 0.942689 0.004687 0.005189
2 2 0.006948 0.051808 0.931095 0.003282 0.006866
2 2 0.007208 0.052834 0.930211 0.001654 0.008093
2 2 0.014003 0.066638 0.903124 0.002179 0.014057
2 2 0.008706 0.065360 0.911946 0.001602 0.012386
2 2 0.009328 0.072941 0.901646 0.001986 0.014098
2 2 0.010090 0.077426 0.894953 0.002307 0.015225
2 2 0.009870 0.072478 0.902071 0.002676 0.012905
2 2 0.011240 0.083118 0.885776 0.002500 0.017366
2 2 0.012368 0.092067 0.871374 0.002323 0.021868
2 2 0.012026 0.087558 0.878518 0.002519 0.019380
2 2 0.009420 0.070031 0.905746 0.002445 0.012359
2 2 0.008380 0.062545 0.916513 0.001969 0.010594
2 2 0.006014 0.043950 0.942099 0.002597 0.005339
2 2 0.006613 0.051701 0.932516 0.002860 0.006310
2 2 0.005376 0.039262 0.946894 0.004382 0.004085
2 2 0.004361 0.028247 0.959006 0.005783 0.002603
2 2 0.003382 0.021531 0.966952 0.006315 0.001821
2 2 0.004390 0.025524 0.959641 0.008063 0.002382
2 2 0.005825 0.028221 0.952025 0.010900 0.003030
2 2 0.005876 0.027387 0.946884 0.016812 0.003041
2 2 0.006514 0.029353 0.934627 0.026070 0.003436
2 2 0.006029 0.025878 0.924858 0.040141 0.003094
2 2 0.008322 0.032357 0.899285 0.055667 0.004369
2 2 0.009804 0.037002 0.854650 0.093155 0.005389
2 2 0.008232 0.034432 0.856428 0.096252 0.004656
2 2 0.005671 0.024616 0.812684 0.153895 0.003134
2 2 0.005593 0.022502 0.776343 0.192564 0.002998
2 2 0.009812 0.035074 0.625876 0.323359 0.005879
2 2 0.012087 0.040928 0.532415 0.406910 0.007660
3 2 0.008456 0.025661 0.338797 0.620358 0.006728
3 2 0.007471 0.023018 0.385656 0.578287 0.005568
3 2 0.007345 0.021960 0.299505 0.664230 0.006960
3 3 0.009565 0.026673 0.280315 0.673071 0.010376
3 3 0.009122 0.025391 0.257327 0.698179 0.009981
3 3 0.007952 0.021040 0.223846 0.738124 0.009038
3 3 0.007504 0.019248 0.191496 0.771958 0.009794
3 3 0.008159 0.018694 0.155684 0.803327 0.014135
3 3 0.007655 0.017383 0.155293 0.807792 0.011877
3 3 0.007525 0.016887 0.147353 0.815454 0.012782
3 3 0.007912 0.017294 0.148600 0.813453 0.012743
3 3 0.006113 0.012934 0.139674 0.832234 0.009044
3 3 0.005602 0.013884 0.186221 0.787996 0.006297
3 3 0.005260 0.013355 0.193107 0.782704 0.005574
3 3 0.005422 0.013129 0.176221 0.798916 0.006312
3 3 0.005490 0.011106 0.121002 0.853533 0.008868
3 3 0.004945 0.009843 0.104745 0.871485 0.008982
3 3 0.004989 0.009393 0.097728 0.878481 0.009409
3 3 0.004651 0.007525 0.070447 0.906366 0.011013
3 3 0.005429 0.008104 0.061529 0.909688 0.015250
3 3 0.005965 0.008570 0.058313 0.908207 0.018945
3 3 0.006482 0.008847 0.059040 0.905327 0.020305
3 3 0.006427 0.008695 0.059908 0.905193 0.019777
3 3 0.008694 0.012132 0.067795 0.880194 0.031184
3 3 0.015129 0.021211 0.086103 0.815798 0.061758
3 3 0.012910 0.017436 0.078439 0.842393 0.048822
3 3 0.016586 0.024764 0.103356 0.800695 0.054598
3 3 0.019834 0.031119 0.119560 0.768390 0.061098
3 3 0.021170 0.038088 0.146384 0.737867 0.056490
3 3 0.030160 0.056938 0.171230 0.653324 0.088348
3 3 0.035795 0.067003 0.182345 0.608714 0.106142
3 2 0.039094 0.082886 0.198249 0.545834 0.133937
3 2 0.037572 0.082475 0.198266 0.545540 0.136147
3 2 0.035388 0.090140 0.251822 0.521001 0.101649
2 2 0.051637 0.229931 0.584747 0.024126 0.109559
2 2 0.066070 0.240549 0.504158 0.017691 0.171532
2 2 0.057285 0.221126 0.574412 0.011153 0.136024
2 2 0.045308 0.245429 0.554763 0.012218 0.142282
2 2 0.048838 0.264769 0.476836 0.009466 0.200092
2 2 0.058897 0.270439 0.391890 0.010631 0.268143
2 1 0.073752 0.280376 0.321587 0.008481 0.315804
4 2 0.086614 0.302367 0.291660 0.015251 0.304107
1 2 0.065679 0.313973 0.296586 0.016484 0.307278
4 2 0.072948 0.255690 0.194567 0.020543 0.456251
4 4 0.068146 0.199566 0.133127 0.018601 0.580561
4 4 0.059088 0.150277 0.087557 0.014256 0.688822
4 4 0.057727 0.124359 0.066785 0.011664 0.739464
4 4 0.069761 0.123832 0.065213 0.009888 0.731306
4 4 0.089995 0.159591 0.090443 0.009196 0.650775
4 4 0.112157 0.181267 0.110738 0.011171 0.584667
4 4 0.104862 0.164044 0.098113 0.012824 0.620157
4 4 0.101064 0.147046 0.087263 0.016345 0.648283
4 4 0.103068 0.150819 0.090014 0.015936 0.640162
4 4 0.094053 0.146637 0.084800 0.013539 0.660971
4 4 0.074855 0.127017 0.068412 0.011161 0.718555
4 4 0.084875 0.152839 0.085025 0.008953 0.668308
4 4 0.109093 0.205438 0.123957 0.006864 0.554647
4 4 0.094688 0.275467 0.222996 0.008100 0.398749
4 4 0.091755 0.290715 0.238312 0.011173 0.368045
4 4 0.076548 0.307629 0.280889 0.012802 0.322132
4 4 0.099131 0.235288 0.154142 0.008501 0.502938
4 4 0.087427 0.178896 0.107234 0.010610 0.615833
4 4 0.060338 0.096952 0.049552 0.013689 0.779469
4 4 0.050185 0.074333 0.036597 0.017729 0.821155
4 4 0.055089 0.076245 0.038648 0.021450 0.808568
4 4 0.072124 0.094559 0.051519 0.024349 0.757448
4 4 0.063326 0.089678 0.046931 0.019768 0.780297
4 4 0.123207 0.148677 0.094960 0.026875 0.606281
4 4 0.103123 0.139889 0.083892 0.020143 0.652953
4 4 0.094039 0.143322 0.082992 0.014528 0.665119
4 4 0.082417 0.125001 0.069707 0.015337 0.707538
4 4 0.090746 0.122462 0.070783 0.021297 0.694712
4 4 0.089068 0.111302 0.064411 0.026936 0.708283
4 4 0.072375 0.106063 0.057261 0.017497 0.746804
4 1 0.052246 0.088301 0.043349 0.011987 0.804117
4 2 0.044251 0.083211 0.038863 0.008872 0.824804
4 4 0.057446 0.099766 0.050026 0.010932 0.781829
4 4 0.084489 0.139353 0.077813 0.011781 0.686564
4 4 0.097249 0.146936 0.085991 0.014747 0.655077
4 4 0.071025 0.110712 0.059170 0.014596 0.744498
4 4 0.057957 0.089197 0.045308 0.015634 0.791904
4 4 0.048504 0.077087 0.037386 0.014463 0.822560
4 4 0.057371 0.084872 0.043163 0.017586 0.797009
4 4 0.055978 0.081386 0.041211 0.018551 0.802873
4 4 0.065975 0.089923 0.047719 0.022003 0.774380
4 4 0.066019 0.089674 0.047610 0.022225 0.774472
4 4 0.066856 0.082968 0.044589 0.028887 0.776700
4 4 0.049622 0.063115 0.031492 0.027577 0.828193
4 4 0.089736 0.089676 0.053195 0.051559 0.715834
4 4 0.116914 0.119699 0.076218 0.044989 0.642179
4 4 0.110175 0.118339 0.073717 0.039818 0.657951
4 4 0.087959 0.121174 0.069315 0.020179 0.701374
4 4 0.071351 0.109124 0.058483 0.015440 0.745602
4 4 0.095658 0.133240 0.078002 0.019052 0.674048
4 4 0.059536 0.067641 0.035683 0.037659 0.799481
4 4 0.072863 0.078428 0.043733 0.043064 0.761912
4 4 0.068891 0.077954 0.042627 0.037576 0.772951
4 4 0.087861 0.097531 0.056874 0.038263 0.719470
4 4 0.082199 0.096738 0.055101 0.032683 0.733279
4 4 0.053384 0.076459 0.038332 0.019464 0.812362
4 4 0.038734 0.062112 0.028559 0.014251 0.856344
4 4 0.036588 0.058020 0.026365 0.014740 0.864287
4 4 0.041538 0.063466 0.029801 0.016360 0.848835
4 4 0.038793 0.057989 0.026869 0.017467 0.858882
4 4 0.038072 0.052147 0.024289 0.022476 0.863016
4 4 0.045237 0.058846 0.028668 0.025954 0.841295
4 4 0.055157 0.065026 0.033544 0.034070 0.812202
4 4 0.062003 0.073949 0.039179 0.032660 0.792209
4 4 0.051454 0.065144 0.032797 0.027890 0.822715
4 4 0.043149 0.059228 0.028375 0.022276 0.846972
4 4 0.045662 0.060517 0.029485 0.024592 0.839742
4 4 0.054331 0.066807 0.034178 0.030230 0.814453
4 4 0.045792 0.059412 0.029034 0.026140 0.839622
4 4 0.063972 0.076757 0.040951 0.032003 0.786318
4 4 0.065309 0.084726 0.045066 0.025459 0.779440
4 4 0.105036 0.127628 0.077576 0.027983 0.661777
4 4 0.092263 0.135220 0.078058 0.016491 0.677968
4 4 0.103171 0.154563 0.092160 0.014801 0.635306
4 4 0.093759 0.137315 0.079645 0.016443 0.672839
4 4 0.113952 0.141557 0.088040 0.025410 0.631040
4 4 0.109672 0.140365 0.086101 0.023538 0.640323
4 4 0.086186 0.119315 0.067840 0.019986 0.706673
4 4 0.067586 0.100439 0.053203 0.016981 0.761790
4 1 0.071727 0.108127 0.058098 0.016106 0.745941
4 1 0.103427 0.146983 0.087968 0.017429 0.644192
4 4 0.136210 0.185016 0.121692 0.017471 0.539611
4 4 0.118254 0.166208 0.103894 0.017005 0.594639
4 4 0.069386 0.167718 0.101631 0.014425 0.646841
4 4 0.070864 0.168823 0.100828 0.012559 0.646926
4 4 0.075480 0.228429 0.156357 0.014278 0.525456
