0 0 0.846427 0.084075 0.039260 0.008148 0.022090
0 0 0.862497 0.076001 0.035315 0.007560 0.018628
0 0 0.909626 0.045925 0.025330 0.009318 0.009802
0 0 0.924138 0.032622 0.022153 0.014097 0.006991
0 0 0.928221 0.030081 0.020947 0.014449 0.006303
0 0 0.905775 0.042007 0.027451 0.014706 0.010060
0 0 0.884858 0.050546 0.033556 0.017286 0.013754
0 0 0.881450 0.055708 0.033931 0.014157 0.014753
0 0 0.820111 0.078413 0.051613 0.021896 0.027966
0 0 0.767685 0.102229 0.064981 0.022912 0.042193
0 0 0.670999 0.153482 0.086690 0.018655 0.070173
0 0 0.619985 0.183880 0.105166 0.016759 0.074210
0 0 0.610772 0.189148 0.102910 0.015739 0.081431
0 0 0.608842 0.187271 0.120298 0.018825 0.064763
0 0 0.587705 0.192617 0.125859 0.020697 0.073122
0 0 0.604804 0.195296 0.107592 0.015033 0.077275
0 0 0.599452 0.200504 0.090342 0.011493 0.098210
0 0 0.542914 0.223829 0.103533 0.012200 0.117524
0 0 0.545289 0.226550 0.097942 0.010603 0.119617
0 0 0.491846 0.250911 0.134929 0.013675 0.108639
0 0 0.525793 0.242020 0.119844 0.011531 0.100812
0 0 0.504492 0.240601 0.137068 0.015508 0.102331
0 0 0.586721 0.203732 0.111622 0.014972 0.082953
0 0 0.598605 0.193955 0.117531 0.017519 0.072389
0 0 0.669218 0.175691 0.074604 0.009136 0.071352
0 0 0.598233 0.215260 0.083603 0.007656 0.095249
0 0 0.517321 0.238138 0.101971 0.010477 0.132092
0 0 0.463062 0.233013 0.121780 0.018241 0.163904
0 0 0.471281 0.227073 0.121946 0.019599 0.160101
0 0 0.424177 0.229050 0.134618 0.025020 0.187135
0 0 0.327272 0.245449 0.150548 0.027281 0.249450
0 0 0.339633 0.234741 0.152529 0.031982 0.241115
0 0 0.456980 0.216752 0.130574 0.026685 0.169009
0 0 0.478319 0.205936 0.128679 0.029296 0.157769
0 0 0.486334 0.205070 0.126636 0.028346 0.153614
0 0 0.537930 0.193738 0.114972 0.025044 0.128317
0 0 0.555874 0.194777 0.108577 0.021007 0.119765
0 0 0.502535 0.203519 0.122316 0.026264 0.145366
0 0 0.466023 0.210834 0.130349 0.028550 0.164244
0 0 0.373646 0.224160 0.149295 0.034563 0.218336
0 0 0.288111 0.236838 0.161077 0.034937 0.279037
4 0 0.223983 0.225781 0.172977 0.044628 0.332630
4 0 0.204311 0.216082 0.177783 0.052201 0.349624
4 0 0.184816 0.205472 0.182065 0.061154 0.366494
4 0 0.210978 0.219479 0.176203 0.049486 0.343855
4 0 0.212162 0.220070 0.175917 0.049021 0.342831
4 0 0.222484 0.225077 0.173358 0.045160 0.333921
4 0 0.192308 0.209672 0.180483 0.057520 0.360016
4 0 0.245885 0.225250 0.171207 0.044910 0.312747
4 0 0.224382 0.221626 0.174532 0.047970 0.331490
4 0 0.241637 0.230871 0.169461 0.040797 0.317234
4 0 0.263700 0.235617 0.165053 0.036957 0.298673
0 0 0.365453 0.236871 0.146028 0.028110 0.223538
0 0 0.371501 0.245032 0.141132 0.023501 0.218833
0 0 0.423232 0.261886 0.120101 0.012828 0.181953
0 0 0.439989 0.290775 0.138858 0.008173 0.122205
1 0 0.303482 0.346386 0.250168 0.006721 0.093243
1 0 0.270494 0.341752 0.295958 0.007958 0.083838
1 0 0.249962 0.340595 0.318371 0.008266 0.082807
1 0 0.247570 0.336511 0.333791 0.008371 0.073757
0 0 0.543061 0.203604 0.109154 0.019052 0.125130
0 0 0.672329 0.160312 0.080511 0.014360 0.072488
0 0 0.792510 0.111002 0.051820 0.009554 0.035115
0 0 0.790815 0.109261 0.053322 0.010815 0.035787
0 0 0.810454 0.099388 0.048898 0.010504 0.030756
0 0 0.843003 0.081896 0.041660 0.010379 0.023062
0 0 0.854066 0.078207 0.038230 0.008959 0.020538
0 0 0.809962 0.097653 0.049811 0.011587 0.030987
0 0 0.827274 0.090298 0.045239 0.010496 0.026693
0 0 0.811011 0.103893 0.046686 0.008209 0.030202
0 0 0.778679 0.118952 0.054382 0.009325 0.038662
0 0 0.764411 0.126258 0.057344 0.009445 0.042542
0 0 0.731607 0.136835 0.066681 0.012154 0.052724
0 0 0.700073 0.148571 0.074537 0.013807 0.063013
0 0 0.718368 0.143732 0.069154 0.012000 0.056747
0 0 0.670878 0.163684 0.079587 0.013182 0.072669
0 0 0.634227 0.183815 0.084824 0.011902 0.085232
0 0 0.619740 0.200456 0.093399 0.010240 0.076166
0 0 0.562955 0.228327 0.123675 0.011775 0.073268
0 0 0.555582 0.229995 0.140709 0.012965 0.060749
0 0 0.447097 0.242545 0.234715 0.021967 0.053677
0 0 0.464233 0.240194 0.223303 0.019626 0.052644
2 0 0.246983 0.302971 0.371582 0.013744 0.064720
2 0 0.224744 0.342149 0.350664 0.007353 0.075091
2 0 0.185866 0.341845 0.384002 0.007127 0.081160
2 0 0.192894 0.345317 0.371501 0.006881 0.083408
2 0 0.189744 0.341413 0.378086 0.007399 0.083357
2 0 0.186975 0.340558 0.382394 0.007425 0.082648
2 0 0.181489 0.338720 0.393921 0.007357 0.078513
2 0 0.150293 0.320443 0.451408 0.008346 0.069511
2 0 0.126758 0.310882 0.494008 0.007478 0.060875
2 0 0.109531 0.295606 0.527948 0.008165 0.058750
2 0 0.111120 0.295847 0.529208 0.007998 0.055828
2 0 0.154504 0.316920 0.460313 0.008449 0.059813
2 0 0.184086 0.322207 0.422200 0.009344 0.062164
2 0 0.204484 0.318902 0.398531 0.011327 0.066757
2 0 0.202789 0.294764 0.438585 0.013382 0.050479
2 0 0.321993 0.286924 0.325100 0.013385 0.052598
0 0 0.449478 0.279107 0.206656 0.008918 0.055841
0 0 0.669609 0.203235 0.077909 0.004439 0.044807
0 0 0.683479 0.187676 0.083323 0.005938 0.039584
0 0 0.702355 0.164919 0.085399 0.009056 0.038272
0 0 0.720811 0.135889 0.092470 0.017277 0.033553
0 0 0.775161 0.107370 0.074097 0.017615 0.025757
0 0 0.738829 0.132433 0.075386 0.013840 0.039512
0 0 0.747309 0.133693 0.062488 0.010232 0.046278
0 0 0.725616 0.142200 0.066800 0.011117 0.054268
0 0 0.744467 0.137958 0.060641 0.008980 0.047954
0 0 0.737501 0.138338 0.063496 0.010230 0.050435
0 0 0.736117 0.143793 0.061511 0.008462 0.050117
0 0 0.686535 0.167268 0.071472 0.009094 0.065630
0 0 0.688526 0.171064 0.068749 0.007666 0.063995
0 0 0.634132 0.195602 0.086174 0.009219 0.074873
0 0 0.612784 0.210366 0.093430 0.008689 0.074731
0 0 0.654376 0.186258 0.084844 0.009346 0.065176
0 0 0.654000 0.187477 0.081209 0.008688 0.068627
0 0 0.593226 0.207340 0.090123 0.010355 0.098956
0 0 0.575278 0.200577 0.099245 0.015074 0.109827
0 0 0.603539 0.195482 0.091166 0.012583 0.097230
0 0 0.496308 0.231784 0.111964 0.014646 0.145298
0 0 0.656569 0.173692 0.081962 0.012068 0.075709
0 0 0.699673 0.150150 0.074007 0.013171 0.062999
0 0 0.717970 0.128862 0.075295 0.020175 0.057699
0 0 0.652540 0.163952 0.086633 0.016839 0.080036
0 0 0.644252 0.164466 0.089551 0.018407 0.083323
0 0 0.721869 0.149132 0.065156 0.009181 0.054662
0 0 0.741105 0.134387 0.063753 0.011117 0.049638
0 0 0.769816 0.115554 0.059665 0.013200 0.041764
0 0 0.781859 0.109296 0.057121 0.013274 0.038450
0 0 0.796674 0.101839 0.053810 0.013186 0.034491
0 0 0.782831 0.104457 0.058514 0.015922 0.038276
0 0 0.789298 0.102825 0.056483 0.014888 0.036507
0 0 0.752950 0.122610 0.063819 0.013957 0.046664
0 0 0.708317 0.138594 0.075393 0.016944 0.060752
0 0 0.687892 0.145143 0.080748 0.018515 0.067702
0 0 0.706666 0.139068 0.075853 0.017107 0.061305
0 0 0.695665 0.148966 0.076140 0.014607 0.064622
0 0 0.646847 0.169370 0.086486 0.015455 0.081843
0 0 0.647575 0.171018 0.085478 0.014578 0.081351
0 0 0.576619 0.192741 0.102252 0.018170 0.110218
0 0 0.584129 0.203587 0.094622 0.012646 0.105016
0 0 0.602733 0.207524 0.085685 0.009028 0.095030
0 0 0.596857 0.216908 0.112797 0.010270 0.063168
0 0 0.565304 0.234442 0.135010 0.009945 0.055299
0 0 0.343241 0.287603 0.299622 0.013851 0.055683
2 0 0.242522 0.304735 0.391218 0.010821 0.050704
1 0 0.264387 0.347101 0.319185 0.006026 0.063300
0 0 0.368912 0.332175 0.236762 0.005377 0.056774
0 0 0.477044 0.290008 0.185641 0.005381 0.041927
0 0 0.491640 0.279636 0.178153 0.006122 0.044448
0 0 0.390308 0.307669 0.241081 0.007291 0.053651
1 0 0.302247 0.314640 0.313735 0.009398 0.059980
1 0 0.269627 0.344001 0.310392 0.006393 0.069588
2 0 0.206757 0.350808 0.358578 0.006185 0.077671
2 0 0.156779 0.334674 0.434171 0.006376 0.068000
2 1 0.126713 0.313480 0.489953 0.007207 0.062647
2 1 0.102237 0.293925 0.540719 0.007297 0.055822
2 1 0.123913 0.302082 0.505161 0.008695 0.060149
2 1 0.185950 0.319684 0.408387 0.011045 0.074933
2 1 0.159636 0.301655 0.445089 0.014340 0.079280
2 2 0.204195 0.325081 0.362747 0.011455 0.096522
2 2 0.207064 0.327162 0.352218 0.011464 0.102092
2 2 0.187355 0.321081 0.362566 0.012664 0.116334
2 2 0.120314 0.292124 0.467192 0.014389 0.105981
2 2 0.110689 0.286805 0.472023 0.014876 0.115607
2 2 0.046301 0.208742 0.662499 0.016014 0.066444
2 2 0.045845 0.206066 0.656326 0.018226 0.073536
2 2 0.034376 0.181874 0.698261 0.019476 0.066012
2 2 0.019815 0.140945 0.775738 0.018887 0.044616
2 2 0.025600 0.158998 0.751243 0.017234 0.046925
2 1 0.045338 0.201394 0.677219 0.017197 0.058852
2 1 0.063277 0.211218 0.650227 0.022449 0.052830
2 0 0.094547 0.237642 0.586033 0.024305 0.057472
2 0 0.116289 0.253876 0.555371 0.021210 0.053254
2 0 0.147793 0.266035 0.510892 0.020466 0.054813
2 0 0.239079 0.303422 0.380471 0.013970 0.063058
2 0 0.275284 0.318806 0.320811 0.011135 0.073964
2 1 0.225160 0.313928 0.380812 0.012056 0.068044
2 1 0.277250 0.316842 0.327883 0.011043 0.066982
2 1 0.206676 0.294575 0.425916 0.014943 0.057890
2 1 0.070807 0.239310 0.626810 0.012801 0.050271
2 1 0.021446 0.147934 0.793082 0.010701 0.026837
2 2 0.015929 0.129953 0.821730 0.009870 0.022518
2 2 0.006270 0.078270 0.894922 0.009790 0.010748
2 2 0.003851 0.059487 0.916600 0.011494 0.008567
2 2 0.001859 0.041115 0.939921 0.011144 0.005962
2 2 0.000693 0.022287 0.956080 0.017481 0.003459
2 2 0.000406 0.015967 0.959673 0.021458 0.002495
2 2 0.000612 0.019787 0.953051 0.023253 0.003298
2 2 0.000478 0.017433 0.957909 0.021434 0.002746
2 2 0.000313 0.012632 0.952930 0.032090 0.002035
2 2 0.000273 0.011934 0.958191 0.027821 0.001781
2 2 0.000241 0.010978 0.956330 0.030752 0.001700
2 2 0.000294 0.013031 0.962285 0.022487 0.001903
2 2 0.000292 0.012743 0.960197 0.024857 0.001912
2 2 0.000317 0.012752 0.954520 0.030442 0.001968
2 2 0.000682 0.018733 0.942555 0.035003 0.003028
2 2 0.000994 0.021237 0.927807 0.046535 0.003427
2 3 0.001091 0.020925 0.908883 0.065326 0.003775
2 3 0.001708 0.024584 0.874439 0.094278 0.004991
2 3 0.002979 0.033359 0.868039 0.088967 0.006655
2 3 0.015456 0.077405 0.823949 0.069539 0.013651
2 3 0.035976 0.116407 0.775254 0.054975 0.017388
2 3 0.041028 0.110875 0.752618 0.077237 0.018243
2 3 0.036684 0.102123 0.769628 0.075716 0.015848
2 2 0.049299 0.118137 0.743898 0.070197 0.018469
2 2 0.095307 0.150104 0.689674 0.047716 0.017200
2 0 0.241172 0.201037 0.485667 0.043707 0.028417
2 0 0.341471 0.213313 0.382425 0.034425 0.028367
0 0 0.398026 0.219755 0.334833 0.024842 0.022545
0 0 0.566415 0.201637 0.189797 0.017428 0.024723
0 0 0.554721 0.201249 0.193712 0.020917 0.029401
0 0 0.609779 0.178821 0.159672 0.021104 0.030624
0 0 0.613057 0.179314 0.158400 0.019342 0.029888
0 0 0.482570 0.263046 0.192699 0.010155 0.051530
0 0 0.372783 0.295147 0.265934 0.010228 0.055907
0 0 0.455521 0.303203 0.156010 0.005390 0.079875
0 0 0.418703 0.313330 0.183914 0.006137 0.077916
0 0 0.643980 0.220617 0.080249 0.004056 0.051099
0 0 0.623712 0.219985 0.095069 0.006199 0.055034
0 0 0.620689 0.210758 0.107497 0.008797 0.052259
0 0 0.567134 0.217223 0.153234 0.015172 0.047238
0 0 0.430363 0.229227 0.271071 0.026226 0.043114
0 1 0.359969 0.265780 0.286981 0.020633 0.066637
2 1 0.162995 0.265180 0.487861 0.021688 0.062276
2 1 0.227338 0.289795 0.394377 0.017933 0.070558
2 1 0.192237 0.306764 0.399011 0.016127 0.085862
2 1 0.168074 0.290826 0.437450 0.019486 0.084164
2 1 0.152604 0.298458 0.436448 0.016247 0.096242
2 1 0.137108 0.300641 0.450143 0.013753 0.098354
2 1 0.125566 0.298880 0.462775 0.012825 0.099955
2 1 0.163973 0.320849 0.399951 0.011073 0.104154
2 1 0.165038 0.322118 0.418528 0.009962 0.084354
2 1 0.161311 0.313248 0.420256 0.012317 0.092868
1 1 0.284193 0.316091 0.256779 0.014464 0.128473
0 1 0.358620 0.296614 0.187266 0.015302 0.142198
0 1 0.397308 0.267398 0.124580 0.013353 0.197361
0 1 0.392262 0.268457 0.125402 0.013436 0.200443
0 1 0.286691 0.250682 0.155490 0.027350 0.279787
0 1 0.284831 0.250066 0.156042 0.027748 0.281312
2 1 0.114944 0.272710 0.489126 0.020538 0.102682
2 1 0.084876 0.255317 0.553279 0.017815 0.088713
2 1 0.109702 0.285482 0.532604 0.010626 0.061587
2 1 0.091966 0.248614 0.608229 0.012872 0.038320
2 1 0.135063 0.244514 0.580080 0.014715 0.025630
2 1 0.216311 0.234308 0.511246 0.019114 0.019021
0 2 0.438919 0.209418 0.311520 0.023934 0.016209
0 2 0.536122 0.173991 0.246542 0.028912 0.014433
0 0 0.691781 0.123843 0.142330 0.027699 0.014348
0 0 0.699347 0.117349 0.130195 0.034075 0.019033
0 0 0.657423 0.160757 0.123813 0.019712 0.038294
0 0 0.535804 0.242718 0.124683 0.010410 0.086385
0 0 0.314451 0.312180 0.241772 0.013609 0.117989
2 0 0.184627 0.298702 0.407702 0.017404 0.091565
1 0 0.223459 0.337248 0.320825 0.009497 0.108971
2 0 0.101075 0.274660 0.522269 0.014934 0.087062
2 0 0.078706 0.251933 0.574408 0.015842 0.079111
2 1 0.057903 0.229279 0.635394 0.013721 0.063704
2 1 0.043398 0.206737 0.686130 0.012197 0.051539
2 1 0.016347 0.132421 0.809134 0.012315 0.029784
2 2 0.011165 0.113740 0.839600 0.010584 0.024911
2 2 0.006693 0.083484 0.881413 0.012170 0.016240
2 2 0.002851 0.053383 0.921448 0.012342 0.009976
2 2 0.002673 0.053772 0.921118 0.011433 0.011004
2 2 0.001689 0.039654 0.936688 0.014261 0.007708
2 2 0.001187 0.031671 0.945612 0.015750 0.005780
2 2 0.001198 0.033234 0.946621 0.012961 0.005986
2 2 0.001055 0.031168 0.949956 0.012380 0.005441
2 2 0.000656 0.022730 0.956159 0.016425 0.004030
2 2 0.000573 0.021825 0.957498 0.015880 0.004224
2 2 0.000509 0.020531 0.956243 0.018169 0.004548
2 2 0.000500 0.020927 0.957843 0.016114 0.004616
2 2 0.001071 0.031904 0.948925 0.012253 0.005847
2 2 0.004010 0.060913 0.912117 0.012971 0.009989
2 2 0.005343 0.063355 0.902486 0.019061 0.009755
2 2 0.006441 0.065561 0.890842 0.026300 0.010857
2 2 0.005583 0.060576 0.891479 0.030841 0.011521
2 2 0.004198 0.051516 0.894473 0.038350 0.011464
2 2 0.004968 0.057527 0.882607 0.040092 0.014806
2 2 0.002860 0.041838 0.898075 0.046341 0.010885
2 2 0.001341 0.026354 0.907467 0.058122 0.006716
2 2 0.001214 0.023838 0.903132 0.066022 0.005794
2 3 0.001438 0.025401 0.898272 0.069024 0.005865
2 3 0.001825 0.027452 0.880342 0.083843 0.006538
2 3 0.001491 0.023011 0.862586 0.107323 0.005589
2 3 0.002808 0.029829 0.822089 0.137355 0.007919
2 3 0.004830 0.031015 0.733516 0.222063 0.008576
2 3 0.009884 0.042296 0.693841 0.241652 0.012328
2 3 0.013313 0.049960 0.696033 0.226675 0.014020
2 3 0.014361 0.046147 0.627453 0.296764 0.015274
2 3 0.022403 0.050140 0.542726 0.365693 0.019037
3 3 0.039610 0.045371 0.340591 0.549484 0.024944
3 3 0.035828 0.031082 0.234516 0.678424 0.020149
3 3 0.034532 0.027029 0.203598 0.715097 0.019744
3 3 0.024689 0.017113 0.148340 0.795617 0.014241
3 3 0.022772 0.014327 0.126755 0.823105 0.013041
3 3 0.020883 0.011563 0.103171 0.852360 0.012023
3 3 0.013626 0.007449 0.081429 0.889919 0.007578
3 3 0.010176 0.005253 0.064200 0.914687 0.005684
3 3 0.012949 0.006797 0.074081 0.898696 0.007477
3 3 0.022485 0.009161 0.076537 0.880214 0.011603
3 3 0.024478 0.009284 0.074500 0.879610 0.012129
3 3 0.018107 0.006396 0.058292 0.908495 0.008709
3 3 0.015475 0.005342 0.052040 0.919773 0.007370
3 3 0.017400 0.005445 0.048041 0.920392 0.008723
3 3 0.018542 0.005357 0.046002 0.921308 0.008791
3 3 0.011811 0.003443 0.035675 0.943342 0.005730
3 3 0.017010 0.004815 0.041378 0.928096 0.008701
3 3 0.026627 0.007443 0.054338 0.899152 0.012440
3 3 0.078551 0.015034 0.076561 0.811399 0.018455
3 3 0.085405 0.018059 0.086475 0.787619 0.022443
3 3 0.064960 0.013310 0.073526 0.831737 0.016467
3 3 0.055697 0.012536 0.078527 0.839966 0.013273
3 3 0.097652 0.022309 0.109311 0.749515 0.021214
3 3 0.105891 0.024279 0.110737 0.734446 0.024646
3 3 0.074625 0.017852 0.093713 0.793683 0.020128
3 3 0.027107 0.007413 0.059351 0.896474 0.009655
3 3 0.041885 0.010503 0.071635 0.863497 0.012480
3 3 0.046291 0.010314 0.065569 0.864456 0.013371
3 3 0.049071 0.011182 0.066281 0.857437 0.016029
3 3 0.027716 0.007539 0.055914 0.897214 0.011617
3 3 0.030259 0.007844 0.056488 0.893518 0.011891
3 3 0.019459 0.005747 0.050746 0.915747 0.008302
3 3 0.020742 0.006055 0.053131 0.911745 0.008327
3 3 0.019363 0.005944 0.053951 0.912776 0.007966
3 3 0.018334 0.005844 0.051957 0.915231 0.008634
3 3 0.013471 0.004330 0.042196 0.932930 0.007073
3 3 0.010151 0.003080 0.033458 0.948027 0.005283
3 3 0.008328 0.002964 0.035954 0.948208 0.004546
3 3 0.008286 0.002851 0.033679 0.950444 0.004740
3 3 0.007913 0.002727 0.032598 0.952147 0.004615
3 3 0.005432 0.001752 0.024547 0.965240 0.003028
3 3 0.009925 0.003257 0.036109 0.945396 0.005313
3 3 0.011925 0.003965 0.040752 0.936959 0.006399
3 3 0.016879 0.006296 0.054934 0.911784 0.010108
3 3 0.021851 0.007938 0.060480 0.896170 0.013560
3 3 0.025905 0.009659 0.069870 0.879168 0.015399
3 3 0.028158 0.010917 0.078094 0.866770 0.016063
3 3 0.056312 0.020708 0.108165 0.784699 0.030117
3 3 0.053864 0.021607 0.120198 0.777029 0.027302
3 3 0.057547 0.026973 0.145942 0.738369 0.031170
3 3 0.085793 0.035345 0.156516 0.680958 0.041388
3 3 0.077484 0.030652 0.137683 0.713048 0.041133
3 3 0.071071 0.027560 0.127151 0.734833 0.039385
3 3 0.056150 0.020331 0.103064 0.788419 0.032036
3 3 0.031380 0.012177 0.083550 0.855328 0.017565
3 3 0.029099 0.010927 0.077213 0.866598 0.016162
3 3 0.030728 0.010250 0.070420 0.872638 0.015964
3 3 0.025627 0.008860 0.064290 0.886653 0.014570
3 3 0.024535 0.008495 0.063066 0.890054 0.013849
3 3 0.017989 0.006030 0.053047 0.913756 0.009178
3 3 0.031091 0.010507 0.071865 0.870288 0.016249
3 3 0.031643 0.009843 0.066633 0.876108 0.015773
3 3 0.037245 0.012061 0.075131 0.856115 0.019448
3 3 0.023183 0.007424 0.057025 0.900202 0.012166
3 3 0.036290 0.013150 0.080437 0.848233 0.021890
3 3 0.032311 0.012026 0.077638 0.858221 0.019804
3 3 0.049153 0.019627 0.104355 0.795794 0.031071
3 3 0.032537 0.012921 0.083225 0.850605 0.020712
3 3 0.026472 0.011167 0.082887 0.863896 0.015579
3 3 0.023120 0.008420 0.069917 0.887617 0.010926
3 3 0.019597 0.006938 0.063436 0.901435 0.008594
3 3 0.013947 0.004723 0.050846 0.924757 0.005728
3 3 0.013973 0.004938 0.051703 0.923071 0.006315
3 3 0.014686 0.005446 0.054432 0.918152 0.007285
3 3 0.013446 0.005291 0.054557 0.919640 0.007067
3 3 0.011656 0.004762 0.052828 0.924638 0.006115
3 3 0.014721 0.005865 0.057061 0.914183 0.008169
3 3 0.013476 0.005050 0.052959 0.921953 0.006561
3 3 0.015873 0.006261 0.060415 0.909223 0.008229
3 3 0.022833 0.008692 0.069778 0.886458 0.012239
3 3 0.030771 0.010957 0.075915 0.866066 0.016292
3 3 0.044199 0.015157 0.091247 0.828044 0.021354
3 3 0.082948 0.028352 0.136990 0.721089 0.030621
0 3 0.377465 0.099033 0.218288 0.254018 0.051196
0 3 0.308428 0.105759 0.289365 0.258331 0.038117
0 3 0.319295 0.122910 0.313383 0.205869 0.038542
2 3 0.204829 0.125177 0.439779 0.197558 0.032657
2 0 0.110399 0.113818 0.584015 0.166179 0.025589
2 0 0.033276 0.097575 0.753514 0.091765 0.023869
2 1 0.043353 0.147345 0.705920 0.055467 0.047915
2 1 0.016115 0.106415 0.768529 0.058100 0.050841
2 1 0.004605 0.058189 0.830692 0.070626 0.035889
2 2 0.002991 0.051628 0.871175 0.045206 0.028999
2 2 0.003377 0.056829 0.840980 0.053304 0.045511
2 2 0.004715 0.073573 0.797814 0.045270 0.078629
2 2 0.004377 0.073534 0.784303 0.044289 0.093496
2 2 0.004644 0.078118 0.772165 0.039925 0.105148
2 2 0.003821 0.072258 0.775843 0.040452 0.107626
2 2 0.004614 0.082463 0.735844 0.035627 0.141452
2 2 0.004696 0.082629 0.740074 0.035911 0.136691
2 2 0.004459 0.080829 0.748212 0.035364 0.131136
2 2 0.004882 0.084204 0.731654 0.036131 0.143129
2 2 0.006411 0.093698 0.687263 0.039267 0.173361
2 2 0.009163 0.105362 0.640688 0.045232 0.199555
2 2 0.011098 0.111876 0.613724 0.048669 0.214633
2 2 0.008885 0.104329 0.644895 0.044695 0.197196
2 2 0.008895 0.104369 0.644734 0.044715 0.197286
2 2 0.009583 0.106873 0.634497 0.046023 0.203024
2 2 0.009327 0.105959 0.638247 0.045544 0.200924
2 2 0.009261 0.105721 0.639219 0.045420 0.200379
2 2 0.006856 0.095832 0.678889 0.040342 0.178082
2 2 0.006377 0.093525 0.687937 0.039181 0.172981
2 2 0.006403 0.093655 0.687429 0.039246 0.173267
2 2 0.010614 0.110346 0.620123 0.047855 0.211062
2 2 0.010038 0.108444 0.628021 0.046849 0.206648
2 2 0.008501 0.102857 0.650864 0.043932 0.193846
2 2 0.007874 0.100328 0.661038 0.042630 0.188130
2 2 0.006171 0.092493 0.691962 0.038664 0.170710
2 2 0.005806 0.090590 0.699344 0.037716 0.166544
2 2 0.003148 0.072874 0.765903 0.029160 0.128915
2 2 0.002018 0.059900 0.820388 0.025330 0.092364
2 2 0.000962 0.040683 0.884245 0.023445 0.050665
2 2 0.001251 0.046870 0.872312 0.022127 0.057441
2 2 0.000835 0.037742 0.901810 0.020199 0.039414
2 2 0.000643 0.031194 0.914241 0.023831 0.030090
2 2 0.000447 0.024898 0.928294 0.024897 0.021463
2 2 0.000729 0.031871 0.911637 0.026838 0.028925
2 2 0.000815 0.034206 0.909960 0.024763 0.030257
2 2 0.001007 0.037839 0.902100 0.025549 0.033505
2 2 0.000219 0.013550 0.954652 0.026604 0.004976
2 2 0.000397 0.018290 0.949087 0.026052 0.006174
2 2 0.000323 0.015905 0.950099 0.028458 0.005214
2 2 0.000276 0.014216 0.950386 0.030638 0.004484
2 2 0.000320 0.014943 0.947460 0.032771 0.004506
2 2 0.000455 0.018767 0.946321 0.028654 0.005803
2 2 0.000479 0.019653 0.948728 0.025338 0.005801
2 2 0.000300 0.014203 0.944944 0.036123 0.004430
2 2 0.000226 0.011553 0.936853 0.047558 0.003810
2 2 0.000254 0.012604 0.932579 0.049756 0.004808
2 2 0.000283 0.013709 0.930069 0.050119 0.005820
2 2 0.000392 0.016415 0.925265 0.050666 0.007262
2 2 0.000490 0.018057 0.919148 0.054444 0.007861
2 2 0.000517 0.017947 0.914858 0.059210 0.007467
2 2 0.000929 0.024289 0.897658 0.066013 0.011112
2 2 0.000678 0.020252 0.906643 0.064028 0.008399
2 2 0.001192 0.029685 0.904737 0.050817 0.013568
2 2 0.013167 0.101516 0.831219 0.028228 0.025869
2 2 0.021943 0.114194 0.813094 0.031939 0.018829
2 2 0.029359 0.122180 0.801667 0.031955 0.014839
2 2 0.060807 0.173072 0.714144 0.028985 0.022992
2 0 0.090132 0.192292 0.651598 0.034207 0.031771
2 0 0.079515 0.176770 0.673239 0.036360 0.034115
2 2 0.100703 0.214882 0.633755 0.018146 0.032513
2 2 0.023550 0.145909 0.797713 0.011332 0.021496
2 2 0.005981 0.076571 0.896076 0.010272 0.011100
2 2 0.002315 0.047205 0.935628 0.008835 0.006017
2 2 0.002116 0.044970 0.939244 0.008302 0.005369
2 2 0.004069 0.060064 0.918482 0.010225 0.007160
2 2 0.005611 0.064060 0.907065 0.015615 0.007649
2 2 0.007814 0.073011 0.889352 0.020189 0.009634
2 2 0.007818 0.073798 0.881220 0.024691 0.012473
2 2 0.004684 0.060470 0.903794 0.020267 0.010785
2 2 0.002828 0.048751 0.919220 0.019273 0.009928
2 2 0.001384 0.035037 0.938890 0.017155 0.007534
2 2 0.000449 0.018225 0.951029 0.025685 0.004611
2 2 0.000303 0.013898 0.950914 0.031486 0.003398
2 2 0.000405 0.015518 0.945706 0.034844 0.003526
2 2 0.000492 0.017158 0.946407 0.032358 0.003586
2 2 0.000754 0.021517 0.941565 0.031766 0.004397
2 2 0.001933 0.036222 0.929504 0.025724 0.006618
2 2 0.001167 0.027786 0.941928 0.024312 0.004807
2 2 0.003611 0.054319 0.918161 0.015585 0.008324
2 2 0.011704 0.090327 0.869469 0.017617 0.010884
2 0 0.033335 0.134831 0.795347 0.022768 0.013720
2 0 0.040298 0.139554 0.770285 0.032639 0.017223
2 2 0.053421 0.160202 0.732273 0.031423 0.022681
2 2 0.021193 0.108871 0.814044 0.035923 0.019969
2 2 0.034504 0.159198 0.753728 0.020998 0.031572
2 2 0.055102 0.213298 0.671340 0.014593 0.045667
2 2 0.038133 0.186338 0.722893 0.013509 0.039127
2 2 0.059166 0.190660 0.705820 0.018397 0.025958
2 0 0.100992 0.186542 0.659541 0.031480 0.021445
2 0 0.136711 0.182568 0.611324 0.046725 0.022672
2 0 0.284571 0.231617 0.426431 0.029600 0.027780
0 0 0.443119 0.225968 0.268167 0.026478 0.036268
0 0 0.589914 0.206861 0.135459 0.015046 0.052720
0 0 0.476727 0.214066 0.225082 0.028720 0.055405
0 0 0.460681 0.209932 0.259126 0.027479 0.042782
2 0 0.153894 0.250825 0.524754 0.022907 0.047619
0 0 0.534575 0.217733 0.179772 0.020567 0.047353
0 0 0.571463 0.215063 0.148215 0.015302 0.049958
0 0 0.590781 0.206973 0.127589 0.014690 0.059966
0 0 0.406599 0.261882 0.242322 0.017692 0.071505
0 0 0.368183 0.259071 0.288565 0.020949 0.063232
2 0 0.134830 0.268841 0.523549 0.017225 0.055556
2 0 0.116544 0.269972 0.537097 0.015756 0.060631
2 0 0.130130 0.290659 0.504753 0.012295 0.062164
2 0 0.136050 0.291773 0.498122 0.012651 0.061404
2 0 0.154058 0.301758 0.467027 0.012273 0.064884
2 0 0.172899 0.296009 0.453510 0.014350 0.063231
2 0 0.162576 0.282424 0.481262 0.016424 0.057314
2 0 0.139273 0.273234 0.512725 0.017076 0.057692
2 0 0.173620 0.309238 0.434887 0.011898 0.070357
2 1 0.150246 0.303374 0.465005 0.012046 0.069329
2 1 0.102367 0.278456 0.545872 0.011221 0.062083
2 1 0.080147 0.257955 0.592983 0.011297 0.057618
2 1 0.066030 0.239179 0.635887 0.010874 0.048030
2 1 0.044226 0.195431 0.711768 0.012759 0.035816
2 1 0.060158 0.219681 0.664695 0.013499 0.041967
2 1 0.079499 0.219638 0.651271 0.017157 0.032435
2 1 0.133087 0.223714 0.583060 0.027630 0.032508
2 1 0.244000 0.224654 0.469545 0.033682 0.028119
2 1 0.313523 0.227721 0.403744 0.028850 0.026162
2 0 0.305992 0.230950 0.400639 0.030577 0.031842
0 0 0.353887 0.265340 0.307572 0.019903 0.053299
0 0 0.407413 0.268523 0.236882 0.016394 0.070787
0 1 0.400661 0.282686 0.240918 0.012846 0.062890
0 1 0.459172 0.252404 0.218792 0.015359 0.054274
0 1 0.503876 0.233711 0.190060 0.017063 0.055289
0 0 0.632044 0.195135 0.111246 0.011591 0.049983
0 0 0.648545 0.195749 0.096533 0.008626 0.050547
0 0 0.650978 0.186768 0.107187 0.011111 0.043956
0 0 0.623395 0.191626 0.125239 0.014464 0.045277
0 0 0.346364 0.259584 0.318934 0.020951 0.054166
2 0 0.193441 0.280709 0.453177 0.016625 0.056049
2 0 0.112141 0.282276 0.540774 0.010736 0.054073
2 0 0.084086 0.263996 0.600683 0.008370 0.042865
2 0 0.075214 0.246784 0.627520 0.009905 0.040578
2 0 0.078028 0.239086 0.636449 0.011305 0.035132
2 0 0.078740 0.231400 0.646141 0.012550 0.031170
2 0 0.112538 0.263890 0.572476 0.012435 0.038660
2 0 0.150431 0.278164 0.507786 0.015127 0.048492
2 0 0.159379 0.296573 0.473824 0.012378 0.057846
2 0 0.150809 0.307795 0.461876 0.010939 0.068582
2 1 0.119550 0.296038 0.514503 0.009454 0.060455
2 1 0.127171 0.297478 0.507179 0.009785 0.058386
2 1 0.143684 0.303964 0.477342 0.010731 0.064280
2 1 0.100301 0.270809 0.557927 0.012394 0.058569
2 1 0.129844 0.289615 0.508297 0.012239 0.060005
2 0 0.155315 0.280067 0.497997 0.015406 0.051215
2 0 0.314786 0.294153 0.321115 0.014271 0.055675
2 0 0.281790 0.279023 0.378205 0.016516 0.044466
0 0 0.347883 0.271628 0.315921 0.017555 0.047013
2 0 0.158040 0.246729 0.524708 0.025179 0.045344
2 0 0.134805 0.266776 0.512677 0.019370 0.066373
2 0 0.168701 0.290702 0.478017 0.012033 0.050547
2 0 0.233458 0.318604 0.370604 0.011716 0.065617
0 0 0.361021 0.290936 0.265222 0.016164 0.066657
0 0 0.458617 0.259657 0.201306 0.016683 0.063737
2 0 0.181455 0.271320 0.484156 0.018415 0.044654
2 0 0.182701 0.258583 0.483260 0.025427 0.050029
2 0 0.087629 0.204762 0.626837 0.034421 0.046351
2 0 0.053687 0.195536 0.681333 0.022689 0.046755
2 0 0.038552 0.187550 0.712267 0.015395 0.046236
2 0 0.023059 0.151383 0.773073 0.014970 0.037515
2 0 0.016410 0.136785 0.810912 0.009311 0.026582
2 0 0.020397 0.139881 0.812730 0.008921 0.018071
2 0 0.039405 0.168249 0.759217 0.013474 0.019655
2 0 0.067807 0.179703 0.716936 0.017995 0.017559
2 0 0.282875 0.241994 0.426467 0.022195 0.026469
2 0 0.356214 0.224593 0.361508 0.029619 0.028066
0 0 0.497883 0.215711 0.216626 0.025973 0.043807
0 0 0.393882 0.215343 0.297719 0.041965 0.051091
0 0 0.440031 0.221672 0.251120 0.031445 0.055732
0 0 0.458591 0.241472 0.231957 0.018045 0.049935
0 0 0.650179 0.183339 0.123641 0.011925 0.030917
0 0 0.651083 0.173298 0.138864 0.014008 0.022748
0 0 0.558329 0.171321 0.227644 0.027436 0.015270
0 0 0.597035 0.149393 0.209107 0.031319 0.013145
0 0 0.569189 0.159605 0.215951 0.036268 0.018987
0 0 0.594845 0.203775 0.151474 0.012404 0.037502
0 0 0.412731 0.306332 0.215385 0.006356 0.059195
1 0 0.319410 0.349696 0.236454 0.005813 0.088627
2 0 0.216392 0.339079 0.355139 0.008347 0.081043
2 0 0.181136 0.335825 0.386791 0.008236 0.088012
2 0 0.159481 0.328065 0.416371 0.008590 0.087492
2 0 0.128002 0.299713 0.491993 0.010613 0.069680
2 0 0.141139 0.299518 0.476593 0.012262 0.070487
2 0 0.191241 0.314594 0.408622 0.012527 0.073016
2 0 0.188824 0.300156 0.430651 0.015422 0.064947
2 0 0.175973 0.284336 0.457312 0.019339 0.063039
2 0 0.190425 0.295754 0.434078 0.016297 0.063446
2 0 0.213814 0.295645 0.409209 0.016990 0.064342
2 1 0.202311 0.312972 0.398493 0.013128 0.073096
2 1 0.170042 0.317880 0.406157 0.011808 0.094113
2 1 0.092747 0.278022 0.539233 0.011328 0.078670
2 1 0.038520 0.205201 0.684041 0.011500 0.060738
2 1 0.013185 0.133464 0.812544 0.008149 0.032659
2 2 0.006316 0.094543 0.872684 0.006696 0.019761
2 2 0.001686 0.047961 0.935869 0.005885 0.008599
2 2 0.000841 0.031757 0.955680 0.006522 0.005200
2 2 0.000404 0.018985 0.967238 0.010416 0.002957
2 2 0.000308 0.015100 0.966966 0.015195 0.002431
2 2 0.000316 0.015596 0.965840 0.015502 0.002745
2 2 0.000202 0.011430 0.964435 0.021808 0.002125
2 2 0.000208 0.011698 0.962835 0.022918 0.002341
2 2 0.000290 0.014174 0.963631 0.019361 0.002544
2 2 0.000365 0.016625 0.966022 0.014394 0.002593
2 2 0.000331 0.016007 0.970067 0.011463 0.002131
2 2 0.000409 0.018157 0.969401 0.009832 0.002200
2 2 0.000505 0.019757 0.966846 0.010587 0.002305
2 2 0.002197 0.043839 0.941326 0.008278 0.004360
2 2 0.001958 0.040513 0.945550 0.008248 0.003730
2 2 0.001868 0.042072 0.944899 0.006942 0.004219
2 2 0.001238 0.034682 0.954155 0.006395 0.003531
2 2 0.003132 0.054019 0.929408 0.007829 0.005612
2 2 0.003751 0.059845 0.921180 0.008357 0.006866
2 2 0.005861 0.076424 0.896155 0.010183 0.011377
2 2 0.002642 0.047057 0.928941 0.014245 0.007114
2 2 0.000175 0.010741 0.967316 0.019856 0.001913
2 2 0.000111 0.007695 0.961418 0.029339 0.001438
2 2 0.000244 0.012556 0.961055 0.023699 0.002445
2 2 0.000285 0.013578 0.960283 0.023305 0.002548
2 2 0.000375 0.015857 0.958663 0.022169 0.002935
2 2 0.000638 0.021203 0.954004 0.020412 0.003742
2 2 0.000474 0.017201 0.955014 0.024349 0.002963
2 2 0.000580 0.018718 0.950211 0.027211 0.003280
2 2 0.000593 0.018901 0.949416 0.027743 0.003347
2 2 0.000695 0.020350 0.944956 0.030239 0.003759
2 2 0.000651 0.020205 0.948740 0.026723 0.003681
2 2 0.000543 0.017806 0.944944 0.033138 0.003569
2 2 0.000421 0.015905 0.950037 0.030440 0.003196
2 2 0.000312 0.012690 0.939881 0.044225 0.002892
2 2 0.000227 0.011220 0.950626 0.035474 0.002453
2 3 0.000210 0.010186 0.944415 0.042995 0.002194
2 3 0.000157 0.008076 0.936944 0.053222 0.001600
2 3 0.000226 0.008949 0.908297 0.080582 0.001946
2 3 0.000263 0.008675 0.868376 0.120717 0.001970
2 3 0.000886 0.015570 0.817183 0.162227 0.004133
2 3 0.001607 0.020036 0.775491 0.197130 0.005735
2 3 0.004367 0.033435 0.731021 0.219645 0.011531
2 3 0.007414 0.041392 0.685617 0.250004 0.015572
2 3 0.008638 0.041866 0.667550 0.266897 0.015050
2 3 0.011144 0.042703 0.609062 0.320200 0.016890
2 3 0.019578 0.051474 0.550744 0.355759 0.022444
2 3 0.020782 0.047034 0.493633 0.416036 0.022515
2 3 0.027654 0.057667 0.490662 0.392769 0.031247
3 3 0.028076 0.048174 0.405093 0.489676 0.028981
3 3 0.019820 0.032231 0.347204 0.582555 0.018190
3 3 0.023119 0.029481 0.285524 0.643914 0.017962
3 3 0.015538 0.031713 0.387859 0.547700 0.017190
3 3 0.017442 0.037843 0.420121 0.504182 0.020412
3 3 0.013226 0.033389 0.454734 0.483119 0.015532
3 3 0.016350 0.031633 0.393308 0.544000 0.014709
3 3 0.020028 0.033190 0.362276 0.568153 0.016353
3 3 0.021194 0.029274 0.315191 0.619559 0.014781
3 3 0.019653 0.025241 0.284659 0.657524 0.012922
3 3 0.040516 0.035741 0.246358 0.652919 0.024467
3 3 0.028581 0.023632 0.193354 0.737111 0.017322
3 3 0.025984 0.023726 0.205824 0.728484 0.015982
3 3 0.018152 0.015644 0.164602 0.791213 0.010389
3 3 0.019898 0.015830 0.162537 0.791338 0.010396
3 3 0.020372 0.014829 0.147717 0.806409 0.010673
3 3 0.025349 0.017400 0.156800 0.787706 0.012745
3 3 0.032049 0.020764 0.171352 0.761206 0.014629
3 3 0.041356 0.027473 0.197437 0.714144 0.019590
3 3 0.054983 0.036303 0.217694 0.662885 0.028135
3 3 0.043615 0.029236 0.201736 0.703951 0.021463
3 3 0.049938 0.039020 0.251525 0.633934 0.025582
3 3 0.031602 0.032253 0.286243 0.632424 0.017478
3 3 0.033443 0.043922 0.367300 0.531428 0.023907
3 2 0.021030 0.037815 0.439590 0.485380 0.016184
2 2 0.036971 0.069907 0.574743 0.293613 0.024766
2 2 0.056880 0.106652 0.656894 0.153190 0.026385
2 2 0.034682 0.098413 0.743703 0.102979 0.020223
2 2 0.018942 0.087712 0.807975 0.067971 0.017400
2 2 0.007145 0.056770 0.861824 0.062891 0.011370
2 2 0.005477 0.061029 0.896671 0.026261 0.010563
2 2 0.002618 0.045193 0.924093 0.019883 0.008212
2 2 0.004145 0.050144 0.896727 0.038625 0.010359
2 2 0.007597 0.068219 0.873651 0.037072 0.013461
2 2 0.008359 0.074372 0.867748 0.033854 0.015667
2 2 0.006216 0.066363 0.882087 0.030696 0.014638
2 2 0.003832 0.055752 0.900981 0.025627 0.013809
2 2 0.008795 0.096197 0.834003 0.023103 0.037902
2 2 0.009328 0.108629 0.802209 0.020402 0.059432
2 2 0.007463 0.097617 0.755054 0.034091 0.105775
2 2 0.007803 0.096960 0.700472 0.045761 0.149005
2 2 0.012059 0.114738 0.601631 0.050205 0.221367
2 2 0.011825 0.114061 0.604507 0.049840 0.219768
2 2 0.020959 0.134040 0.515129 0.061041 0.268831
2 2 0.023661 0.138226 0.494904 0.063523 0.279686
2 4 0.034454 0.150654 0.430042 0.071280 0.313571
2 4 0.028664 0.144700 0.462168 0.067481 0.296987
2 4 0.022818 0.136979 0.500999 0.062777 0.276427
2 4 0.025451 0.140712 0.482562 0.065024 0.286250
2 4 0.034480 0.150678 0.429906 0.071296 0.313640
4 4 0.055031 0.163876 0.346382 0.080589 0.354121
2 4 0.055803 0.167215 0.351116 0.076634 0.349232
4 4 0.075549 0.170357 0.289692 0.086151 0.378251
2 4 0.052161 0.162551 0.356011 0.079573 0.349703
4 4 0.057872 0.165067 0.337338 0.081527 0.358197
4 4 0.099414 0.173602 0.241711 0.090079 0.395194
4 4 0.109054 0.174082 0.225943 0.091147 0.399774
4 4 0.118416 0.174213 0.212131 0.091967 0.403273
4 4 0.126504 0.174102 0.201218 0.092527 0.405648
4 4 0.135802 0.173756 0.189686 0.093022 0.407733
4 4 0.090962 0.172834 0.257066 0.088922 0.390216
4 4 0.086706 0.172303 0.265422 0.088250 0.387319
4 4 0.058007 0.165121 0.336919 0.081570 0.358384
4 4 0.102128 0.173777 0.237098 0.090405 0.396593
4 4 0.120592 0.174202 0.209108 0.092130 0.403968
4 4 0.135802 0.173756 0.189686 0.093022 0.407733
4 4 0.135802 0.173756 0.189686 0.093022 0.407733
4 4 0.135802 0.173756 0.189686 0.093022 0.407733
4 4 0.135802 0.173756 0.189686 0.093022 0.407733
4 4 0.135802 0.173756 0.189686 0.093022 0.407733
4 4 0.135802 0.173756 0.189686 0.093022 0.407733
4 4 0.135802 0.173756 0.189686 0.093022 0.407733
4 4 0.135802 0.173756 0.189686 0.093022 0.407733
4 4 0.135802 0.173756 0.189686 0.093022 0.407733
4 4 0.135802 0.173756 0.189686 0.093022 0.407733
4 4 0.135802 0.173756 0.189686 0.093022 0.407733
4 4 0.135802 0.173756 0.189686 0.093022 0.407733
4 4 0.135802 0.173756 0.189686 0.093022 0.407733
4 4 0.135802 0.173756 0.189686 0.093022 0.407733
4 4 0.135802 0.173756 0.189686 0.093022 0.407733
4 4 0.135802 0.173756 0.189686 0.093022 0.407733
4 4 0.114555 0.174196 0.217662 0.091653 0.401934
4 4 0.115276 0.174203 0.216613 0.091714 0.402195
4 4 0.091774 0.172923 0.255522 0.089043 0.390738
4 4 0.054575 0.163674 0.347879 0.080432 0.353440
2 4 0.052326 0.162630 0.355446 0.079633 0.349965
4 4 0.055963 0.164279 0.343365 0.080904 0.355489
4 4 0.056470 0.164493 0.341744 0.081072 0.356220
2 4 0.045641 0.159010 0.379995 0.076972 0.338383
2 4 0.039551 0.154887 0.405591 0.074100 0.325870
2 4 0.032048 0.148349 0.442753 0.069788 0.307062
2 4 0.050781 0.161866 0.360834 0.079058 0.347462
4 4 0.135802 0.173756 0.189686 0.093022 0.407733
4 4 0.135802 0.173756 0.189686 0.093022 0.407733
4 4 0.098997 0.173572 0.242433 0.090027 0.394971
4 4 0.057267 0.164823 0.339225 0.081333 0.357353
4 4 0.075006 0.170239 0.290971 0.086035 0.377749
4 4 0.086880 0.172326 0.265072 0.088279 0.387443
4 4 0.113107 0.174176 0.219795 0.091526 0.401395
4 4 0.135802 0.173756 0.189686 0.093022 0.407733
4 4 0.135802 0.173756 0.189686 0.093022 0.407733
4 4 0.135802 0.173756 0.189686 0.093022 0.407733
4 4 0.135802 0.173756 0.189686 0.093022 0.407733
4 4 0.124981 0.174138 0.203207 0.092431 0.405243
4 4 0.134185 0.173832 0.191620 0.092947 0.407416
4 4 0.104002 0.173879 0.233994 0.090618 0.397508
4 4 0.062200 0.166675 0.324390 0.082840 0.363896
4 4 0.053730 0.163291 0.350683 0.080137 0.352157
4 4 0.053582 0.163223 0.351182 0.080085 0.351929
2 4 0.045258 0.158776 0.381503 0.076805 0.337657
2 4 0.033055 0.149340 0.437333 0.070426 0.309846
2 4 0.026102 0.141567 0.478257 0.065545 0.288529
2 4 0.016180 0.124995 0.556866 0.055850 0.246109
2 4 0.015122 0.122626 0.567419 0.054526 0.240307
2 4 0.011115 0.111927 0.613509 0.048696 0.214753
2 4 0.010035 0.108434 0.628062 0.046844 0.206625
2 4 0.008820 0.104085 0.645887 0.044568 0.196640
2 4 0.007289 0.097807 0.671084 0.041343 0.182478
2 4 0.006570 0.094473 0.684230 0.039656 0.175071
2 4 0.006048 0.091862 0.694413 0.038349 0.169327
2 2 0.005598 0.089462 0.703695 0.037157 0.164087
2 2 0.004890 0.085357 0.719400 0.035138 0.155214
2 2 0.005143 0.086874 0.713621 0.035881 0.158480
2 2 0.004676 0.084024 0.724452 0.034489 0.152359
2 2 0.003519 0.075898 0.754803 0.030587 0.135194
2 2 0.002654 0.068409 0.782106 0.027079 0.119752
2 2 0.002732 0.069153 0.779419 0.027424 0.121272
2 2 0.003980 0.079348 0.742013 0.032231 0.142428
2 2 0.004080 0.080055 0.739373 0.032570 0.143921
2 2 0.004507 0.082939 0.728553 0.033962 0.150040
2 2 0.003403 0.074974 0.758204 0.030150 0.133270
2 2 0.004674 0.084010 0.724506 0.034482 0.152328
2 2 0.007258 0.097670 0.671627 0.041273 0.182171
2 2 0.011306 0.112513 0.611044 0.049010 0.216127
2 2 0.008441 0.102623 0.651811 0.043811 0.193314
2 2 0.008482 0.102784 0.651161 0.043894 0.193679
2 2 0.008471 0.102739 0.651342 0.043871 0.193578
2 2 0.012256 0.115300 0.599235 0.050509 0.222700
2 2 0.011534 0.113201 0.608142 0.049378 0.217744
2 2 0.008155 0.101481 0.656411 0.043222 0.190730
2 2 0.005287 0.087711 0.710420 0.036293 0.160289
2 2 0.004982 0.085913 0.717284 0.035410 0.156410
2 2 0.005529 0.089081 0.705164 0.036968 0.163258
2 2 0.004522 0.083037 0.728183 0.034009 0.150249
2 2 0.004011 0.079570 0.741183 0.032338 0.142898
2 2 0.002859 0.068710 0.790213 0.029120 0.109099
2 2 0.002156 0.060093 0.826658 0.026746 0.084347
2 2 0.001483 0.050643 0.862527 0.022922 0.062426
2 2 0.001323 0.048504 0.880942 0.018732 0.050500
2 2 0.000976 0.041088 0.901158 0.017996 0.038782
2 2 0.001135 0.043788 0.892359 0.019721 0.042998
2 2 0.000903 0.037903 0.903958 0.021383 0.035853
2 2 0.000307 0.019027 0.944112 0.024451 0.012104
2 2 0.001285 0.041677 0.925042 0.014240 0.017757
2 2 0.007265 0.083128 0.866418 0.020525 0.022664
2 2 0.006990 0.070709 0.874734 0.031341 0.016225
2 2 0.010019 0.082413 0.852570 0.035635 0.019363
2 2 0.009341 0.083258 0.855303 0.031366 0.020733
2 2 0.005344 0.066865 0.890951 0.021972 0.014868
2 2 0.005566 0.075909 0.889915 0.013006 0.015604
2 2 0.006820 0.087873 0.877212 0.010469 0.017626
2 2 0.000757 0.026334 0.952527 0.014801 0.005581
2 2 0.000418 0.017260 0.955584 0.023055 0.003682
2 2 0.000556 0.020164 0.952756 0.022303 0.004221
2 2 0.000975 0.027978 0.946791 0.018703 0.005552
2 2 0.001422 0.034955 0.939874 0.016848 0.006901
2 2 0.001437 0.035147 0.936928 0.018781 0.007708
2 2 0.000729 0.023657 0.948359 0.022039 0.005216
2 2 0.000864 0.025147 0.942753 0.025515 0.005721
2 2 0.000870 0.024905 0.940325 0.028015 0.005885
2 2 0.000651 0.021247 0.943718 0.029246 0.005137
2 2 0.000591 0.019077 0.936026 0.039306 0.005000
2 2 0.000658 0.019583 0.933299 0.041634 0.004827
2 2 0.000434 0.015393 0.934585 0.045708 0.003881
2 2 0.000471 0.015867 0.926846 0.052440 0.004377
2 2 0.000373 0.012672 0.910487 0.073097 0.003371
2 2 0.000382 0.012504 0.900925 0.082734 0.003455
2 2 0.000870 0.019383 0.873967 0.099150 0.006630
2 3 0.001073 0.020689 0.856806 0.114372 0.007060
2 3 0.001156 0.020554 0.838301 0.132898 0.007091
2 3 0.001781 0.026533 0.831432 0.130261 0.009994
2 3 0.002810 0.033630 0.815982 0.134367 0.013211
2 3 0.003212 0.035861 0.810234 0.136558 0.014135
2 3 0.005573 0.044924 0.754762 0.174599 0.020142
2 3 0.005099 0.042154 0.762132 0.173334 0.017280
2 3 0.006642 0.042476 0.719947 0.214144 0.016791
2 3 0.010250 0.049687 0.677927 0.240975 0.021161
2 3 0.018698 0.047725 0.496038 0.412482 0.025056
