0 0 0.888644 0.015200 0.002841 0.000025 0.093290
0 0 0.933217 0.013100 0.002624 0.000017 0.051042
0 0 0.840731 0.062048 0.025529 0.000748 0.070944
0 0 0.842212 0.054231 0.020020 0.000540 0.082996
0 0 0.733043 0.069045 0.024644 0.001099 0.172169
0 0 0.673008 0.094439 0.039209 0.002547 0.190796
0 0 0.501722 0.142043 0.057669 0.007454 0.291111
0 0 0.376125 0.175364 0.069974 0.014751 0.363786
4 0 0.287964 0.195458 0.075809 0.023127 0.417641
4 0 0.227686 0.218148 0.090015 0.038243 0.425908
4 0 0.205889 0.233105 0.104859 0.052031 0.404115
4 0 0.182143 0.238738 0.108039 0.061822 0.409258
4 0 0.167274 0.226265 0.089565 0.053506 0.463390
4 0 0.153525 0.221229 0.082483 0.052706 0.490058
4 0 0.101335 0.202994 0.087726 0.045511 0.562433
4 0 0.081137 0.187104 0.088586 0.037258 0.605914
4 1 0.086765 0.173716 0.066481 0.029876 0.643161
4 1 0.126592 0.183518 0.052958 0.032616 0.604316
4 1 0.119510 0.188727 0.056442 0.037158 0.598163
4 1 0.127592 0.183835 0.050999 0.033478 0.604097
4 1 0.094255 0.185337 0.062649 0.038713 0.619046
4 1 0.055782 0.176439 0.080840 0.041942 0.644997
4 2 0.040036 0.170700 0.107655 0.041783 0.639826
4 2 0.029374 0.163817 0.161057 0.038396 0.607356
4 2 0.025119 0.166133 0.256317 0.041853 0.510579
4 2 0.021089 0.154682 0.271379 0.035467 0.517383
4 2 0.026458 0.159561 0.288788 0.032749 0.492444
4 2 0.034346 0.170681 0.318265 0.035332 0.441375
4 2 0.047942 0.190810 0.257060 0.043680 0.460508
4 1 0.058123 0.202966 0.243624 0.049913 0.445374
4 0 0.075109 0.218019 0.208569 0.058362 0.439941
4 1 0.094173 0.223261 0.144413 0.060470 0.477683
4 1 0.102747 0.222720 0.124272 0.059281 0.490979
4 1 0.079325 0.218329 0.173623 0.058476 0.470248
4 2 0.066461 0.200564 0.162988 0.045707 0.524281
4 2 0.052975 0.193796 0.224155 0.043567 0.485507
4 2 0.042719 0.186916 0.311875 0.044719 0.413770
2 2 0.053628 0.188542 0.424976 0.046808 0.286045
2 2 0.065824 0.174255 0.537043 0.041907 0.180971
2 2 0.069409 0.170956 0.544362 0.037447 0.177826
2 1 0.072315 0.184467 0.480411 0.040215 0.222592
2 1 0.055162 0.165111 0.571697 0.043100 0.164930
2 1 0.054662 0.175965 0.525472 0.047876 0.196024
2 2 0.065169 0.195306 0.431491 0.049906 0.258128
4 2 0.059875 0.202648 0.333927 0.051307 0.352242
4 2 0.040529 0.182373 0.363991 0.044034 0.369073
2 2 0.034273 0.165950 0.500519 0.044978 0.254280
2 2 0.023715 0.117245 0.708387 0.032477 0.118175
2 2 0.014482 0.092634 0.804874 0.028743 0.059267
2 2 0.007006 0.063137 0.880242 0.020057 0.029558
2 2 0.003027 0.039189 0.933578 0.012958 0.011248
2 2 0.002047 0.030999 0.949987 0.010833 0.006134
2 2 0.001358 0.022067 0.959644 0.013351 0.003579
2 2 0.002499 0.032547 0.943137 0.016006 0.005811
2 2 0.003914 0.039732 0.922527 0.026054 0.007772
2 2 0.003759 0.039384 0.925077 0.024031 0.007749
2 2 0.003028 0.032732 0.929989 0.027641 0.006610
2 2 0.002209 0.027393 0.942229 0.022996 0.005173
2 2 0.001891 0.025535 0.947667 0.019528 0.005378
2 2 0.001562 0.022495 0.952525 0.018840 0.004579
2 2 0.009764 0.052695 0.823593 0.102910 0.011038
2 2 0.015362 0.066419 0.771274 0.133678 0.013267
2 2 0.019921 0.075658 0.735017 0.153727 0.015677
2 2 0.017062 0.063242 0.714113 0.193021 0.012561
2 2 0.014968 0.057635 0.720427 0.195626 0.011344
2 3 0.010192 0.039677 0.682140 0.261563 0.006428
2 3 0.011994 0.042473 0.649220 0.289568 0.006745
2 3 0.020621 0.054273 0.545930 0.369854 0.009322
3 3 0.020708 0.049024 0.407429 0.513173 0.009666
3 3 0.014006 0.035404 0.326488 0.616257 0.007845
3 3 0.010821 0.029971 0.234301 0.716671 0.008236
3 3 0.007580 0.022001 0.122039 0.840044 0.008336
3 3 0.007827 0.025817 0.113085 0.841460 0.011812
3 3 0.008105 0.025892 0.117884 0.837258 0.010861
3 3 0.007940 0.025425 0.119053 0.837710 0.009871
3 3 0.007032 0.025130 0.104598 0.850825 0.012415
3 3 0.005644 0.021434 0.092515 0.869232 0.011175
3 3 0.006583 0.023979 0.100699 0.856642 0.012098
3 3 0.011145 0.033443 0.137082 0.804336 0.013994
3 3 0.009866 0.027594 0.136406 0.816330 0.009803
3 3 0.006513 0.019487 0.110445 0.856238 0.007316
3 3 0.008616 0.023808 0.129227 0.830083 0.008267
3 3 0.007086 0.022166 0.110644 0.850646 0.009457
3 3 0.011235 0.034980 0.132204 0.804749 0.016833
3 3 0.006204 0.022130 0.097115 0.862886 0.011665
3 3 0.005367 0.018730 0.094104 0.873147 0.008652
3 3 0.004170 0.015423 0.082064 0.890905 0.007437
3 3 0.006828 0.023341 0.105922 0.853290 0.010619
3 3 0.006427 0.022636 0.101006 0.858960 0.010971
3 3 0.007880 0.026487 0.111789 0.841122 0.012723
3 3 0.004362 0.016890 0.080599 0.888838 0.009311
3 3 0.003596 0.015107 0.071007 0.901097 0.009193
3 3 0.003569 0.015909 0.068666 0.901266 0.010590
3 3 0.004059 0.019514 0.068998 0.891830 0.015599
3 3 0.004565 0.022105 0.072936 0.882787 0.017607
3 3 0.005120 0.025112 0.075302 0.872881 0.021586
3 3 0.011025 0.048190 0.105861 0.790840 0.044084
3 3 0.027136 0.122100 0.152642 0.511990 0.186133
3 3 0.026873 0.148625 0.238427 0.342247 0.243828
2 2 0.030259 0.177491 0.318440 0.166459 0.307352
2 2 0.020654 0.140464 0.499081 0.160085 0.179717
2 2 0.022557 0.146541 0.535242 0.046771 0.248889
2 2 0.018988 0.125588 0.635338 0.042095 0.177991
2 2 0.015608 0.123843 0.565676 0.026377 0.268496
2 2 0.010541 0.099369 0.682419 0.022473 0.185198
2 2 0.008881 0.099920 0.617106 0.019772 0.254321
2 2 0.007416 0.088227 0.666940 0.016272 0.221145
2 2 0.008083 0.097563 0.553234 0.015818 0.325302
2 2 0.008665 0.100667 0.479418 0.014540 0.396709
4 2 0.008818 0.104119 0.365319 0.014658 0.507086
4 2 0.008818 0.104327 0.402858 0.015160 0.468837
4 2 0.012984 0.119918 0.397333 0.019025 0.450740
4 1 0.018533 0.131303 0.336610 0.019354 0.494200
4 1 0.020072 0.136478 0.250034 0.021516 0.571900
4 2 0.016007 0.126143 0.224833 0.019487 0.613530
4 2 0.014881 0.128720 0.308474 0.021770 0.526155
4 2 0.016790 0.138781 0.371297 0.027874 0.445259
2 2 0.024033 0.155627 0.463076 0.039728 0.317536
2 2 0.028157 0.154969 0.536475 0.043099 0.237300
2 2 0.021232 0.128001 0.644797 0.035239 0.170731
2 2 0.001022 0.014554 0.945956 0.033300 0.005168
2 2 0.001777 0.021536 0.934101 0.033466 0.009119
2 2 0.001465 0.020090 0.944923 0.025394 0.008128
2 2 0.001104 0.015254 0.943119 0.034437 0.006086
2 2 0.001159 0.017337 0.951777 0.023432 0.006294
2 2 0.001821 0.022794 0.938284 0.028399 0.008702
2 2 0.002764 0.035796 0.931987 0.014608 0.014845
2 2 0.003539 0.041608 0.921118 0.016026 0.017709
2 2 0.003214 0.041468 0.923433 0.012172 0.019714
2 2 0.002830 0.035056 0.929463 0.017143 0.015508
2 2 0.002104 0.028114 0.938082 0.018131 0.013569
2 2 0.001780 0.023403 0.938200 0.023940 0.012677
2 2 0.001366 0.017729 0.936232 0.034799 0.009873
2 2 0.001200 0.015334 0.931583 0.043096 0.008787
2 2 0.001116 0.013805 0.924582 0.053140 0.007357
2 2 0.001324 0.015506 0.921926 0.054007 0.007238
2 2 0.001516 0.016469 0.913962 0.061763 0.006291
2 2 0.001848 0.018278 0.903093 0.070623 0.006157
2 2 0.001834 0.018041 0.902238 0.072496 0.005391
2 2 0.001731 0.016683 0.894338 0.082870 0.004378
2 2 0.001743 0.017211 0.901158 0.075336 0.004552
2 2 0.002456 0.020796 0.879098 0.091700 0.005951
2 2 0.003695 0.026946 0.859353 0.101617 0.008389
2 2 0.003839 0.027822 0.859374 0.099830 0.009136
2 2 0.003439 0.027197 0.879479 0.081956 0.007929
2 2 0.002696 0.022789 0.885633 0.083283 0.005600
2 2 0.002852 0.022154 0.863609 0.105968 0.005417
2 2 0.002833 0.022365 0.868241 0.100972 0.005589
2 2 0.002344 0.018632 0.855622 0.119102 0.004301
2 2 0.001641 0.014563 0.864356 0.116304 0.003136
2 3 0.002199 0.016038 0.813129 0.165512 0.003123
2 3 0.003401 0.019851 0.755414 0.217368 0.003966
2 3 0.004799 0.023003 0.691642 0.275917 0.004640
2 3 0.008625 0.033691 0.657139 0.293514 0.007031
2 3 0.014407 0.050579 0.664830 0.257845 0.012339
2 3 0.021556 0.065220 0.557919 0.337256 0.018049
3 3 0.024130 0.071945 0.337040 0.537108 0.029778
3 3 0.028371 0.079480 0.269415 0.588731 0.034003
3 3 0.029996 0.082546 0.208235 0.637559 0.041664
3 3 0.041279 0.119377 0.198478 0.559577 0.081288
3 3 0.018335 0.059901 0.151961 0.733373 0.036429
3 3 0.013723 0.045308 0.138817 0.777622 0.024529
3 3 0.013368 0.040165 0.149876 0.780464 0.016127
3 3 0.016969 0.049652 0.167235 0.746670 0.019475
3 3 0.015775 0.046952 0.163800 0.755905 0.017567
3 3 0.019021 0.058207 0.173012 0.726361 0.023399
3 3 0.018269 0.060117 0.158111 0.732446 0.031056
3 3 0.016271 0.057903 0.141629 0.747657 0.036539
3 3 0.014379 0.056538 0.123969 0.759099 0.046014
3 3 0.011249 0.047081 0.109064 0.791824 0.040781
3 3 0.015625 0.061777 0.124713 0.742530 0.055354
3 3 0.017470 0.066785 0.132970 0.726103 0.056672
3 3 0.020761 0.076019 0.144891 0.696919 0.061411
3 3 0.025663 0.092991 0.149132 0.643955 0.088259
3 3 0.023808 0.083563 0.154114 0.672209 0.066305
3 3 0.025487 0.093911 0.147343 0.642241 0.091019
3 3 0.017370 0.067142 0.130196 0.724729 0.060563
3 3 0.014325 0.058334 0.119159 0.754725 0.053458
3 3 0.017543 0.069195 0.127351 0.718357 0.067555
3 3 0.018781 0.075057 0.127245 0.699429 0.079488
3 3 0.035186 0.132498 0.109947 0.436585 0.285783
3 3 0.031710 0.126454 0.134242 0.539351 0.168242
3 3 0.037261 0.144413 0.112988 0.416774 0.288564
4 3 0.047551 0.160246 0.102471 0.302194 0.387538
4 3 0.038086 0.141651 0.097993 0.357882 0.364388
3 3 0.034094 0.130536 0.095719 0.392754 0.346897
4 3 0.040600 0.137336 0.091723 0.324262 0.406079
4 3 0.050814 0.157199 0.112220 0.328779 0.350988
4 3 0.063600 0.173571 0.113518 0.263875 0.385436
4 3 0.070738 0.183827 0.129595 0.276169 0.339672
4 3 0.084145 0.191467 0.135409 0.249066 0.339914
4 3 0.091015 0.171626 0.081811 0.120560 0.534988
4 3 0.114492 0.178352 0.083016 0.094903 0.529238
4 3 0.092776 0.150824 0.064437 0.086392 0.605570
4 3 0.064065 0.157988 0.104684 0.253533 0.419730
3 3 0.043749 0.138742 0.125390 0.431988 0.260130
3 3 0.029972 0.111033 0.130167 0.571841 0.156988
3 3 0.023418 0.094729 0.132663 0.645583 0.103607
3 3 0.013085 0.056518 0.118662 0.767296 0.044438
3 3 0.020050 0.080037 0.138768 0.693038 0.068106
3 3 0.032373 0.110636 0.162021 0.590098 0.104873
3 3 0.055319 0.178879 0.208642 0.317859 0.239302
2 3 0.040775 0.183781 0.390174 0.181567 0.203705
2 2 0.034169 0.172144 0.475208 0.058287 0.260192
2 2 0.020896 0.125828 0.670347 0.034508 0.148421
2 2 0.023591 0.122755 0.650535 0.025742 0.177378
2 2 0.055708 0.159227 0.646629 0.038993 0.099443
2 2 0.079414 0.189537 0.577652 0.056191 0.097206
2 2 0.150220 0.239037 0.390819 0.084207 0.135717
1 0 0.229009 0.255434 0.200804 0.083003 0.231749
4 0 0.218546 0.256023 0.160278 0.079774 0.285379
0 1 0.343537 0.211879 0.111086 0.030020 0.303477
0 1 0.542129 0.158337 0.088735 0.011300 0.199500
0 1 0.563399 0.163336 0.096764 0.011672 0.164829
0 0 0.590081 0.176667 0.123810 0.013568 0.095874
0 0 0.666260 0.149885 0.099653 0.007973 0.076229
0 0 0.742895 0.114856 0.065901 0.003718 0.072631
0 0 0.847639 0.064044 0.027953 0.000804 0.059559
0 0 0.894594 0.043787 0.016810 0.000312 0.044497
0 0 0.902750 0.037678 0.013264 0.000216 0.046091
0 0 0.901565 0.035497 0.011824 0.000188 0.050926
0 0 0.877115 0.043390 0.015167 0.000308 0.064021
0 0 0.788439 0.073710 0.030242 0.001194 0.106415
0 0 0.736756 0.098704 0.046682 0.002575 0.115283
0 0 0.700483 0.119173 0.063029 0.004281 0.113034
0 0 0.725128 0.103092 0.049585 0.002906 0.119288
0 0 0.706291 0.095202 0.040333 0.002386 0.155788
0 0 0.635045 0.071883 0.018639 0.001025 0.273408
0 0 0.728741 0.057239 0.015931 0.000607 0.197482
0 0 0.479982 0.096801 0.023476 0.002284 0.397457
0 0 0.433815 0.111863 0.028791 0.003542 0.421989
4 0 0.385378 0.134846 0.038860 0.006375 0.434541
0 0 0.438347 0.120085 0.033672 0.004360 0.403537
0 0 0.500903 0.109045 0.031404 0.003240 0.355408
0 0 0.644342 0.098824 0.038707 0.002757 0.215370
0 0 0.534634 0.114764 0.038188 0.003836 0.308578
0 0 0.466664 0.120926 0.036284 0.004422 0.371704
0 0 0.402239 0.148940 0.050083 0.008562 0.390177
0 0 0.437645 0.151634 0.056737 0.009001 0.344983
0 0 0.453662 0.148064 0.055795 0.008344 0.334136
4 0 0.234117 0.160593 0.043878 0.013966 0.547446
4 1 0.306307 0.150021 0.042463 0.009693 0.491516
0 1 0.569456 0.120386 0.047490 0.004626 0.258042
0 1 0.601261 0.123446 0.057422 0.005355 0.212515
0 1 0.594511 0.129028 0.063203 0.006193 0.207065
0 0 0.581017 0.124673 0.054171 0.005307 0.234831
0 0 0.653363 0.098245 0.039621 0.002761 0.206010
0 0 0.578354 0.116893 0.045549 0.004251 0.254952
0 0 0.638484 0.110613 0.049934 0.003944 0.197025
0 0 0.640043 0.108860 0.048616 0.003786 0.198694
4 0 0.218350 0.141091 0.032784 0.009990 0.597785
4 0 0.122083 0.119049 0.020862 0.009753 0.728252
4 0 0.104708 0.113830 0.018780 0.009818 0.752864
4 0 0.187329 0.130193 0.026817 0.008872 0.646789
4 0 0.218092 0.126160 0.026204 0.007241 0.622304
4 0 0.254410 0.142453 0.035155 0.009262 0.558720
4 0 0.265947 0.139519 0.034253 0.008472 0.551809
4 0 0.282507 0.155633 0.044197 0.011314 0.506350
4 0 0.344151 0.176270 0.065852 0.015309 0.398418
4 0 0.293028 0.183454 0.065387 0.018576 0.439554
4 0 0.341066 0.183809 0.072670 0.017664 0.384792
0 1 0.489407 0.170409 0.093658 0.014413 0.232112
0 1 0.507407 0.167303 0.096037 0.013957 0.215296
0 0 0.563692 0.179478 0.120599 0.014768 0.121462
0 0 0.607221 0.175188 0.129152 0.012970 0.075468
0 0 0.792956 0.095342 0.052137 0.002234 0.057331
0 0 0.836753 0.076601 0.039172 0.001260 0.046214
0 0 0.870371 0.062469 0.030487 0.000752 0.035922
0 0 0.881048 0.057417 0.027228 0.000609 0.033699
0 0 0.874616 0.058262 0.026713 0.000631 0.039778
0 0 0.869685 0.050627 0.019505 0.000448 0.059735
0 0 0.862828 0.051291 0.019422 0.000465 0.065994
0 0 0.828991 0.061455 0.024120 0.000739 0.084695
0 0 0.663741 0.082448 0.027396 0.001612 0.224802
0 0 0.633794 0.099477 0.037721 0.002757 0.226251
0 0 0.650791 0.104134 0.045441 0.003341 0.196293
0 0 0.547733 0.139005 0.063886 0.007337 0.242039
0 0 0.505717 0.147030 0.063917 0.008426 0.274909
0 0 0.418162 0.170384 0.072446 0.013310 0.325698
4 0 0.280064 0.151724 0.041691 0.010531 0.515990
4 1 0.257266 0.153456 0.041232 0.011466 0.536580
4 1 0.234209 0.192532 0.066036 0.024568 0.482655
4 0 0.220460 0.205563 0.075812 0.031689 0.466476
4 1 0.188343 0.196093 0.064114 0.030181 0.521269
4 1 0.137572 0.188848 0.060592 0.032119 0.580869
4 1 0.075413 0.186256 0.098039 0.036721 0.603570
4 1 0.079888 0.204491 0.143976 0.044859 0.526785
4 1 0.052845 0.197146 0.236404 0.047173 0.466432
4 1 0.034024 0.179605 0.269338 0.044999 0.472034
4 1 0.029310 0.173882 0.315583 0.045036 0.436189
4 1 0.024899 0.160529 0.387140 0.038428 0.389004
2 1 0.020329 0.146981 0.410276 0.031659 0.390755
4 1 0.018493 0.144885 0.378561 0.031163 0.426898
2 1 0.028236 0.159804 0.433498 0.036110 0.342352
4 0 0.040079 0.175892 0.355749 0.036606 0.391675
4 1 0.064401 0.196073 0.252494 0.038291 0.448741
4 1 0.078190 0.205472 0.175683 0.043489 0.497166
4 1 0.103566 0.224745 0.145019 0.057793 0.468878
4 1 0.145233 0.248371 0.176485 0.075215 0.354695
0 0 0.270349 0.246905 0.164864 0.063955 0.253927
4 0 0.221297 0.188270 0.061308 0.023700 0.505425
4 1 0.157985 0.173503 0.046632 0.023546 0.598334
4 0 0.254247 0.211177 0.086812 0.032089 0.415676
4 0 0.084937 0.192267 0.085966 0.041324 0.595506
4 0 0.052237 0.186108 0.132986 0.043493 0.585176
4 0 0.031256 0.162717 0.155524 0.035607 0.614895
4 1 0.015241 0.130871 0.172965 0.026155 0.654769
4 1 0.010756 0.111196 0.125011 0.021334 0.731703
4 1 0.011046 0.112526 0.123647 0.021980 0.730801
4 1 0.016399 0.127369 0.127902 0.024907 0.703423
4 1 0.027020 0.141233 0.123493 0.024487 0.683767
4 0 0.043184 0.143316 0.082267 0.021084 0.710149
4 1 0.044096 0.128081 0.052462 0.016969 0.758392
4 1 0.038146 0.132826 0.062997 0.020107 0.745923
4 0 0.054311 0.159372 0.085178 0.026524 0.674614
4 0 0.081424 0.201160 0.139983 0.041285 0.536147
4 1 0.076033 0.193910 0.132697 0.037699 0.559661
4 1 0.087177 0.196067 0.122232 0.036748 0.557776
4 1 0.083525 0.194183 0.118869 0.036904 0.566518
4 0 0.142187 0.231067 0.127851 0.055647 0.443247
4 1 0.209745 0.238517 0.114031 0.056510 0.381198
4 1 0.267323 0.237535 0.131912 0.050667 0.312564
4 1 0.248223 0.226846 0.105751 0.042423 0.376757
4 1 0.289870 0.228794 0.122565 0.042068 0.316703
4 1 0.272645 0.237243 0.133756 0.050265 0.306091
4 0 0.263979 0.235713 0.126391 0.048935 0.324981
4 0 0.249421 0.246243 0.145763 0.061694 0.296880
4 0 0.211186 0.254024 0.148569 0.076355 0.309865
4 1 0.108532 0.241594 0.249906 0.078704 0.321264
4 1 0.090933 0.231937 0.288616 0.073675 0.314838
2 1 0.036645 0.181465 0.375617 0.048231 0.358043
2 2 0.025720 0.163021 0.429204 0.043496 0.338558
2 2 0.019993 0.131413 0.635921 0.041603 0.171070
2 2 0.018885 0.110909 0.720478 0.033247 0.116481
2 2 0.013532 0.090675 0.774856 0.025276 0.095662
2 2 0.010386 0.083771 0.781365 0.021871 0.102607
2 2 0.008295 0.079917 0.773483 0.018947 0.119359
2 2 0.006293 0.073174 0.786332 0.017873 0.116328
2 2 0.006340 0.075549 0.760252 0.016207 0.141652
2 2 0.006905 0.086618 0.640622 0.014280 0.251575
2 4 0.006935 0.090621 0.543767 0.012942 0.345736
4 4 0.007114 0.096971 0.399649 0.013613 0.482654
4 4 0.007069 0.097842 0.316146 0.013815 0.565128
4 4 0.006124 0.086533 0.168183 0.011311 0.727849
4 4 0.006307 0.079803 0.091527 0.010817 0.811547
4 4 0.005822 0.063294 0.034653 0.008467 0.887764
4 4 0.005036 0.055632 0.025287 0.007182 0.906863
4 4 0.005701 0.051837 0.019548 0.005744 0.917170
4 4 0.007186 0.060102 0.026398 0.006763 0.899552
4 4 0.007118 0.062007 0.031626 0.006846 0.892402
4 4 0.012608 0.091765 0.073695 0.011192 0.810740
4 4 0.011165 0.099503 0.125249 0.012975 0.751109
4 4 0.022830 0.138194 0.185361 0.021861 0.631754
4 1 0.041875 0.160772 0.179980 0.024266 0.593107
4 1 0.043254 0.166228 0.243633 0.025268 0.521616
4 4 0.029173 0.150973 0.216810 0.024257 0.578787
4 4 0.022966 0.138763 0.152488 0.023947 0.661836
4 4 0.020999 0.134093 0.128050 0.024459 0.692400
4 4 0.022645 0.135776 0.114140 0.025472 0.701967
4 4 0.015619 0.103578 0.076966 0.014599 0.789237
4 4 0.007198 0.079559 0.085024 0.009829 0.818390
4 4 0.010880 0.098725 0.118228 0.013268 0.758899
4 4 0.013847 0.103251 0.107307 0.013356 0.762240
4 4 0.016503 0.117819 0.148379 0.016587 0.700713
4 4 0.012436 0.115748 0.226885 0.017178 0.627752
4 4 0.011861 0.111990 0.191167 0.016540 0.668442
4 4 0.014999 0.118034 0.192877 0.016426 0.657664
4 1 0.016858 0.105626 0.106199 0.012244 0.759073
4 1 0.011210 0.072688 0.050892 0.006156 0.859054
4 1 0.004527 0.046673 0.030650 0.003489 0.914660
4 1 0.007477 0.039009 0.010703 0.002193 0.940618
4 1 0.007543 0.024917 0.002823 0.000954 0.963763
4 1 0.015635 0.027851 0.002092 0.000917 0.953504
4 1 0.013767 0.023827 0.001308 0.000781 0.960317
4 1 0.017576 0.029372 0.001809 0.001120 0.950123
4 4 0.015505 0.032625 0.002649 0.001453 0.947768
4 4 0.017661 0.042806 0.005010 0.002389 0.932134
4 4 0.027257 0.059267 0.008382 0.004030 0.901065
4 4 0.054963 0.087646 0.015247 0.006743 0.835400
4 4 0.048077 0.101981 0.026726 0.009566 0.813649
4 4 0.025868 0.105266 0.052114 0.012363 0.804389
4 4 0.031477 0.116711 0.058809 0.014605 0.778398
4 4 0.026321 0.113346 0.059431 0.015177 0.785726
4 4 0.020615 0.103432 0.051345 0.014358 0.810251
4 4 0.011586 0.084289 0.049461 0.011018 0.843646
4 4 0.011001 0.069333 0.033828 0.006766 0.879072
4 4 0.016286 0.076670 0.031270 0.007368 0.868406
4 4 0.027242 0.072370 0.014510 0.006103 0.879776
4 4 0.034055 0.080102 0.015342 0.007186 0.863315
4 4 0.024353 0.063672 0.010972 0.004929 0.896074
4 4 0.029236 0.062741 0.009144 0.004459 0.894421
4 4 0.039967 0.062335 0.006291 0.004242 0.887165
4 4 0.058298 0.080052 0.009258 0.006282 0.846110
4 4 0.028483 0.070570 0.011473 0.006230 0.883243
4 4 0.021903 0.067871 0.012383 0.006449 0.891394
4 4 0.029977 0.061719 0.006590 0.005128 0.896585
4 4 0.031656 0.055054 0.004556 0.004016 0.904719
4 4 0.028447 0.058047 0.005357 0.004876 0.903273
4 4 0.022259 0.044936 0.003200 0.003191 0.926414
4 4 0.022105 0.044860 0.003189 0.003199 0.926647
4 4 0.015356 0.039657 0.002830 0.003007 0.939150
4 4 0.013901 0.036381 0.002761 0.002394 0.944563
4 4 0.014953 0.039665 0.003842 0.002490 0.939050
4 4 0.013040 0.040819 0.005223 0.002556 0.938362
4 4 0.013983 0.041829 0.005534 0.002531 0.936123
4 4 0.014122 0.056017 0.012634 0.004470 0.912756
4 4 0.010368 0.054535 0.015971 0.004575 0.914550
4 4 0.013042 0.059389 0.017192 0.004914 0.905464
4 4 0.015924 0.074398 0.026228 0.007504 0.875946
4 4 0.011108 0.066855 0.026600 0.006807 0.888629
4 4 0.007779 0.073030 0.057094 0.008243 0.853854
4 4 0.007120 0.066830 0.046005 0.007215 0.872829
4 4 0.006984 0.055315 0.027117 0.004910 0.905675
4 4 0.010863 0.061164 0.026695 0.004868 0.896411
4 4 0.009070 0.064575 0.038215 0.005644 0.882497
4 4 0.009034 0.072152 0.050504 0.007365 0.860945
4 4 0.010916 0.069070 0.036107 0.006430 0.877478
4 4 0.009199 0.055854 0.026035 0.004040 0.904872
4 4 0.010266 0.045790 0.011102 0.002977 0.929866
4 1 0.020392 0.075213 0.026103 0.006241 0.872051
4 1 0.004964 0.084452 0.157038 0.012917 0.740629
4 1 0.003599 0.068949 0.105933 0.009457 0.812063
4 1 0.003628 0.063497 0.073338 0.008351 0.851185
4 1 0.004210 0.067829 0.069551 0.009744 0.848666
4 1 0.004925 0.076493 0.082119 0.012307 0.824155
4 1 0.006978 0.080659 0.074192 0.011605 0.826566
4 1 0.006272 0.077903 0.085802 0.010243 0.819781
4 2 0.007102 0.086120 0.111986 0.011749 0.783042
4 2 0.007213 0.097399 0.192944 0.014865 0.687578
4 2 0.008225 0.103519 0.229700 0.015937 0.642619
4 2 0.008885 0.102390 0.218822 0.014339 0.655564
4 2 0.010098 0.108828 0.229147 0.016140 0.635787
4 2 0.010852 0.115394 0.377826 0.018812 0.477116
2 2 0.010267 0.102374 0.597086 0.017816 0.272457
2 2 0.009143 0.086163 0.723538 0.016400 0.164756
2 2 0.006323 0.061566 0.837072 0.013407 0.081632
2 2 0.007296 0.065967 0.833925 0.016655 0.076156
2 2 0.009722 0.071766 0.814186 0.014653 0.089672
2 2 0.011116 0.078282 0.784791 0.014219 0.111592
2 2 0.012576 0.100895 0.654499 0.017364 0.214666
2 2 0.013279 0.116265 0.520049 0.019896 0.330511
4 2 0.012875 0.119409 0.412835 0.019131 0.435750
4 2 0.015607 0.127064 0.261535 0.019929 0.575865
4 2 0.021018 0.136323 0.183914 0.022362 0.636383
4 2 0.035862 0.166464 0.272025 0.029878 0.495771
4 2 0.050653 0.171376 0.255540 0.025056 0.497375
2 2 0.222547 0.206563 0.297780 0.026420 0.246690
0 2 0.414232 0.226864 0.176672 0.037811 0.144421
0 2 0.399518 0.241240 0.218178 0.046732 0.094332
0 0 0.479003 0.214419 0.167680 0.027796 0.111102
0 0 0.546920 0.176745 0.112604 0.014666 0.149064
0 0 0.617605 0.118780 0.055577 0.004859 0.203180
0 0 0.715632 0.076257 0.028522 0.001429 0.178160
0 0 0.719214 0.074761 0.027701 0.001356 0.176968
0 0 0.521448 0.127180 0.046647 0.005261 0.299463
4 0 0.385844 0.151079 0.049973 0.009036 0.404067
4 0 0.290777 0.183473 0.065122 0.018650 0.441979
4 1 0.198430 0.197970 0.066610 0.029997 0.506994
4 1 0.153563 0.197635 0.062176 0.036133 0.550492
4 1 0.048003 0.176136 0.125977 0.037467 0.612417
4 1 0.022234 0.148048 0.165360 0.031628 0.632731
4 1 0.018602 0.144144 0.208110 0.030763 0.598380
4 2 0.014418 0.133618 0.246085 0.027065 0.578815
4 2 0.013442 0.132165 0.320566 0.027043 0.506785
2 2 0.012061 0.124372 0.419959 0.024683 0.418925
2 2 0.012816 0.123113 0.478112 0.024433 0.361527
2 2 0.013610 0.117931 0.564711 0.023667 0.280081
2 2 0.013921 0.115585 0.581603 0.022283 0.266608
2 2 0.011973 0.105958 0.630622 0.020675 0.230773
2 2 0.011597 0.101804 0.660760 0.020328 0.205512
2 2 0.011807 0.099148 0.691840 0.021045 0.176159
2 2 0.011782 0.097760 0.701536 0.020947 0.167976
2 2 0.008559 0.077658 0.792919 0.019770 0.101094
2 2 0.009642 0.075436 0.810491 0.019060 0.085372
2 2 0.006630 0.061882 0.854655 0.017743 0.059091
2 2 0.005330 0.054068 0.877729 0.017032 0.045842
2 2 0.003811 0.045096 0.901089 0.013905 0.036099
2 2 0.002130 0.029118 0.932347 0.016180 0.020226
2 2 0.001431 0.022368 0.948414 0.015148 0.012638
2 2 0.001643 0.023956 0.940491 0.017107 0.016803
2 2 0.001715 0.024559 0.942657 0.017494 0.013575
2 2 0.001383 0.021509 0.948242 0.016161 0.012705
2 2 0.001705 0.025752 0.940361 0.014062 0.018121
2 2 0.001352 0.020827 0.946131 0.017335 0.014355
2 2 0.001685 0.024169 0.939693 0.017770 0.016683
2 2 0.008808 0.067610 0.834323 0.022968 0.066291
2 2 0.018611 0.100135 0.723577 0.018230 0.139447
2 2 0.014967 0.111688 0.616307 0.020181 0.236857
4 2 0.012479 0.115588 0.414018 0.017108 0.440807
4 2 0.010831 0.111101 0.263165 0.015949 0.598955
4 2 0.014801 0.105421 0.103925 0.013899 0.761955
4 2 0.015623 0.073811 0.026702 0.007313 0.876551
4 2 0.033486 0.089948 0.024588 0.008435 0.843542
4 2 0.035865 0.090446 0.020751 0.009090 0.843848
4 2 0.068160 0.105004 0.017054 0.010768 0.799013
4 2 0.081800 0.123359 0.021387 0.015326 0.758127
4 2 0.084025 0.131728 0.024368 0.018030 0.741849
4 2 0.098198 0.152093 0.032987 0.023770 0.692952
4 2 0.081634 0.145459 0.037118 0.021154 0.714635
4 2 0.061465 0.166954 0.082310 0.029699 0.659572
4 2 0.043308 0.126557 0.054802 0.015960 0.759373
4 3 0.043973 0.148193 0.092641 0.022351 0.692842
4 3 0.029893 0.110376 0.048859 0.013686 0.797187
4 3 0.054051 0.141246 0.060084 0.019581 0.725037
4 3 0.049804 0.128912 0.041996 0.018036 0.761252
4 3 0.086226 0.174888 0.062510 0.032143 0.644233
4 3 0.097864 0.172983 0.056915 0.029247 0.642992
4 3 0.154732 0.208969 0.084857 0.038991 0.512451
4 3 0.115041 0.201679 0.097355 0.037715 0.548210
4 3 0.163313 0.197803 0.076195 0.030905 0.531784
4 3 0.129283 0.195882 0.075971 0.034676 0.564188
4 3 0.122572 0.194343 0.060667 0.039868 0.582551
4 3 0.122181 0.177386 0.046840 0.031118 0.622476
4 3 0.106757 0.187934 0.061795 0.056259 0.587255
4 3 0.099153 0.185559 0.060035 0.058514 0.596740
4 3 0.092641 0.190165 0.072068 0.084009 0.561118
4 3 0.130440 0.210265 0.090570 0.077927 0.490798
4 3 0.153091 0.239302 0.167903 0.132699 0.307006
4 3 0.169237 0.243714 0.164707 0.130985 0.291359
4 3 0.150237 0.233466 0.145486 0.131270 0.339541
4 3 0.150769 0.240175 0.154490 0.140524 0.314041
4 3 0.120336 0.224810 0.130490 0.145547 0.378817
4 3 0.116078 0.213290 0.103188 0.109889 0.457555
3 3 0.083628 0.207367 0.175538 0.299872 0.233594
3 3 0.101078 0.229748 0.186291 0.257731 0.225153
3 3 0.066125 0.188113 0.176549 0.372003 0.197210
3 3 0.052534 0.160221 0.157317 0.424957 0.204971
3 3 0.031337 0.111321 0.148643 0.584901 0.123797
3 3 0.022804 0.079170 0.150149 0.683709 0.064168
3 3 0.037575 0.107562 0.184131 0.589128 0.081604
3 3 0.027291 0.087646 0.161713 0.654201 0.069149
3 3 0.032533 0.105135 0.155257 0.597318 0.109757
3 3 0.037390 0.114517 0.166598 0.571057 0.110439
3 3 0.076901 0.173743 0.176003 0.359844 0.213509
4 3 0.128767 0.216865 0.137386 0.157440 0.359543
3 3 0.085986 0.189674 0.165725 0.301639 0.256976
3 3 0.062170 0.167118 0.148847 0.364066 0.257800
4 3 0.058339 0.166574 0.123439 0.310026 0.341623
3 3 0.041616 0.144598 0.132126 0.441047 0.240612
3 3 0.039041 0.137733 0.127602 0.455537 0.240087
3 3 0.029423 0.105382 0.130560 0.577752 0.156883
3 3 0.070011 0.180748 0.169040 0.353928 0.226272
3 3 0.053723 0.163316 0.179423 0.444355 0.159183
4 3 0.100528 0.232307 0.161260 0.215767 0.290138
4 3 0.107515 0.244489 0.136620 0.153662 0.357714
4 3 0.128658 0.245171 0.108912 0.089993 0.427265
4 3 0.061496 0.197278 0.103362 0.056061 0.581803
4 2 0.032842 0.153972 0.112352 0.031109 0.669725
4 2 0.014674 0.103364 0.081904 0.014802 0.785256
4 2 0.018396 0.114370 0.099691 0.016213 0.751330
4 2 0.022693 0.121705 0.093395 0.017873 0.744334
4 2 0.029862 0.116883 0.059653 0.015290 0.778311
4 2 0.047176 0.114835 0.032655 0.013834 0.791500
4 2 0.065153 0.122969 0.031676 0.014086 0.766116
4 2 0.079874 0.134501 0.031370 0.017309 0.736947
4 2 0.048035 0.147435 0.072952 0.023198 0.708379
4 2 0.033011 0.131213 0.080860 0.018765 0.736151
4 2 0.024574 0.105094 0.067583 0.010954 0.791795
4 2 0.030646 0.102284 0.047663 0.009952 0.809455
4 2 0.020232 0.071414 0.020396 0.006039 0.881918
4 2 0.036483 0.076879 0.016477 0.005452 0.864708
4 2 0.022384 0.070271 0.017392 0.005747 0.884206
4 2 0.041872 0.069335 0.010338 0.004396 0.874059
4 2 0.068858 0.081016 0.010087 0.005376 0.834663
4 2 0.063631 0.070425 0.007371 0.004088 0.854485
4 2 0.079542 0.071591 0.007726 0.003492 0.837650
4 2 0.059462 0.056801 0.004977 0.002430 0.876330
4 2 0.030865 0.053476 0.006704 0.002798 0.906158
4 2 0.034400 0.055560 0.005731 0.003288 0.901021
4 2 0.021455 0.052433 0.007000 0.003510 0.915603
4 2 0.020215 0.055499 0.008728 0.003982 0.911576
4 2 0.051252 0.076019 0.010086 0.005390 0.857252
4 2 0.071547 0.086505 0.010832 0.006444 0.824672
4 2 0.104236 0.113038 0.018522 0.009666 0.754539
4 2 0.076482 0.115054 0.020375 0.012567 0.775522
4 2 0.069921 0.146315 0.050465 0.020260 0.713039
4 2 0.086891 0.149071 0.047727 0.018917 0.697394
4 2 0.040374 0.143596 0.084883 0.022200 0.708947
4 2 0.024838 0.111748 0.051944 0.016452 0.795018
4 2 0.017727 0.104194 0.068930 0.014187 0.794963
4 2 0.018691 0.083302 0.029452 0.009407 0.859148
4 2 0.017522 0.053397 0.009455 0.003694 0.915931
4 4 0.014036 0.049454 0.008717 0.003553 0.924240
4 4 0.012492 0.038841 0.004460 0.002445 0.941762
4 4 0.019742 0.046364 0.005006 0.002950 0.925938
4 4 0.030686 0.043981 0.003230 0.002169 0.919934
4 4 0.032652 0.053128 0.005019 0.003169 0.906032
4 4 0.015740 0.058917 0.011869 0.005150 0.908324
4 4 0.011031 0.080400 0.043711 0.010331 0.854527
4 4 0.009921 0.092994 0.086626 0.013485 0.796974
4 4 0.010108 0.105072 0.145674 0.016584 0.722562
4 1 0.018192 0.127040 0.144671 0.021007 0.689091
4 1 0.031270 0.158349 0.203852 0.028555 0.577974
4 1 0.034131 0.162910 0.214080 0.029467 0.559413
4 2 0.037210 0.167354 0.183816 0.032120 0.579500
4 2 0.039156 0.168438 0.150020 0.034129 0.608257
4 4 0.030619 0.150336 0.128584 0.027943 0.662519
4 4 0.016714 0.114994 0.090498 0.019188 0.758605
4 4 0.006223 0.078037 0.083388 0.010567 0.821785
4 4 0.003781 0.056335 0.046273 0.006652 0.886959
4 4 0.014287 0.041814 0.004955 0.002676 0.936268
4 4 0.016914 0.037275 0.003459 0.001872 0.940480
4 4 0.022008 0.039355 0.003337 0.001861 0.933439
4 4 0.031219 0.037705 0.002505 0.001394 0.927176
4 4 0.020605 0.030741 0.001970 0.001088 0.945596
4 4 0.020579 0.024455 0.001145 0.000653 0.953168
4 4 0.027340 0.026497 0.001239 0.000650 0.944274
4 4 0.029535 0.035166 0.002306 0.001183 0.931809
4 4 0.019259 0.039391 0.004106 0.001828 0.935417
4 4 0.021340 0.056704 0.010397 0.003652 0.907907
4 4 0.033076 0.085096 0.018437 0.008297 0.855094
4 4 0.052443 0.094745 0.015626 0.009467 0.827719
4 4 0.049196 0.118423 0.033021 0.015017 0.784342
4 4 0.027976 0.112785 0.049419 0.015792 0.794028
4 4 0.025318 0.136673 0.091411 0.026637 0.719961
4 1 0.029130 0.150597 0.130163 0.029337 0.660772
4 2 0.025688 0.122563 0.092193 0.016507 0.743049
4 2 0.004336 0.053890 0.049256 0.004704 0.887815
4 2 0.004262 0.044976 0.027851 0.003404 0.919508
4 2 0.006955 0.040654 0.012187 0.002524 0.937680
4 2 0.009612 0.032736 0.004469 0.001599 0.951585
4 2 0.023382 0.029765 0.001512 0.001027 0.944314
4 2 0.018744 0.022326 0.000906 0.000589 0.957436
4 2 0.028805 0.032401 0.001769 0.001058 0.935966
4 2 0.016450 0.033751 0.003127 0.001398 0.945274
4 2 0.009002 0.037409 0.007169 0.002062 0.944358
4 2 0.012782 0.056814 0.015783 0.004454 0.910166
4 2 0.008128 0.057341 0.022726 0.005523 0.906281
4 2 0.007483 0.080780 0.073938 0.010945 0.826855
4 2 0.008960 0.102899 0.151029 0.016789 0.720322
4 2 0.013202 0.126512 0.248561 0.023195 0.588529
4 2 0.015037 0.135719 0.350129 0.027618 0.471497
2 2 0.020969 0.137422 0.566303 0.033805 0.241501
2 2 0.022518 0.118942 0.687167 0.030195 0.141179
2 2 0.020937 0.106108 0.730502 0.024879 0.117574
2 2 0.016096 0.091678 0.764026 0.019316 0.108884
2 2 0.011528 0.079873 0.811436 0.019007 0.078156
2 2 0.016555 0.093030 0.768489 0.020077 0.101849
2 2 0.017004 0.093253 0.758711 0.019014 0.112019
2 2 0.018763 0.114941 0.637414 0.020763 0.208118
2 2 0.017551 0.120730 0.591025 0.022839 0.247855
4 2 0.018141 0.137958 0.327048 0.024505 0.492348
2 2 0.015763 0.132155 0.424196 0.025194 0.402692
4 2 0.015173 0.138645 0.350828 0.030178 0.465176
4 2 0.018390 0.144692 0.314606 0.029872 0.492440
4 2 0.017375 0.141362 0.333804 0.028592 0.478866
2 2 0.017344 0.134741 0.501868 0.029457 0.316590
2 2 0.017012 0.121299 0.631349 0.029482 0.200859
2 2 0.016632 0.098981 0.752696 0.026526 0.105166
2 2 0.017234 0.098869 0.751533 0.024896 0.107468
2 2 0.019377 0.102986 0.739312 0.024647 0.113677
2 2 0.018481 0.100833 0.744903 0.024164 0.111619
2 2 0.011891 0.083155 0.791059 0.020854 0.093041
2 2 0.012304 0.083590 0.788820 0.020073 0.095213
2 2 0.011022 0.079152 0.799695 0.018804 0.091327
2 2 0.013046 0.085042 0.774633 0.017260 0.110020
2 2 0.015046 0.103104 0.683476 0.019210 0.179164
2 2 0.012687 0.110936 0.553955 0.018339 0.304083
4 2 0.010793 0.112271 0.392004 0.016966 0.467965
4 2 0.011063 0.112240 0.250828 0.016468 0.609401
4 2 0.021477 0.148079 0.389394 0.030195 0.410856
2 2 0.023128 0.143983 0.471280 0.028446 0.333163
2 2 0.018160 0.126212 0.580943 0.026524 0.248161
2 2 0.016524 0.113122 0.662946 0.025157 0.182252
2 2 0.009452 0.075774 0.798745 0.016612 0.099417
2 2 0.007846 0.070588 0.805948 0.014721 0.100897
2 2 0.009001 0.081456 0.768848 0.018402 0.122292
2 2 0.010913 0.087760 0.767807 0.023147 0.110373
2 2 0.010590 0.086031 0.777924 0.024275 0.101180
2 2 0.009083 0.075734 0.808684 0.020268 0.086232
2 2 0.007178 0.065594 0.839917 0.017071 0.070240
2 2 0.003704 0.041988 0.898625 0.017321 0.038362
2 2 0.002280 0.026894 0.929118 0.027698 0.014009
2 2 0.001324 0.018177 0.943365 0.028585 0.008550
2 2 0.001554 0.020312 0.938988 0.028903 0.010243
2 2 0.001190 0.017000 0.945317 0.027654 0.008839
2 2 0.001503 0.017707 0.926616 0.045683 0.008491
2 2 0.005487 0.039735 0.862712 0.067166 0.024900
2 2 0.010843 0.070625 0.785101 0.064146 0.069285
2 2 0.011090 0.085016 0.661534 0.109189 0.133171
2 2 0.010798 0.096406 0.586809 0.125565 0.180422
2 2 0.011653 0.110796 0.515966 0.106709 0.254877
2 2 0.015435 0.129595 0.497448 0.074582 0.282940
2 2 0.019759 0.152435 0.441907 0.041369 0.344529
2 2 0.015317 0.116709 0.652834 0.030312 0.184828
2 2 0.016221 0.111764 0.676302 0.026323 0.169391
2 2 0.015970 0.100555 0.730966 0.023334 0.129176
2 2 0.011313 0.085548 0.776831 0.021368 0.104942
2 2 0.009575 0.073100 0.832274 0.025383 0.059668
2 2 0.009761 0.072276 0.832147 0.028262 0.057553
2 2 0.007658 0.060492 0.857973 0.030562 0.043315
2 2 0.018232 0.108429 0.715470 0.026256 0.131613
2 2 0.019091 0.111411 0.716661 0.039328 0.113509
2 2 0.023847 0.122689 0.711082 0.061257 0.081125
2 2 0.041399 0.180739 0.532731 0.068937 0.176195
4 2 0.050327 0.197046 0.295552 0.049636 0.407438
4 2 0.041059 0.181768 0.215442 0.040950 0.520781
4 2 0.035978 0.168201 0.197132 0.033160 0.565530
4 2 0.029716 0.171516 0.252648 0.050925 0.495195
4 2 0.035570 0.175163 0.252850 0.056010 0.480407
4 2 0.041737 0.180016 0.214252 0.079443 0.484551
4 2 0.038596 0.176683 0.224178 0.062477 0.498067
4 2 0.036786 0.173210 0.230376 0.087667 0.471963
4 2 0.025887 0.147390 0.348842 0.126605 0.351275
2 2 0.033403 0.162233 0.388174 0.108092 0.308098
2 2 0.046561 0.180312 0.364246 0.091669 0.317211
2 2 0.055646 0.186397 0.421879 0.101276 0.234802
2 2 0.078293 0.220447 0.380347 0.068221 0.252692
2 2 0.074922 0.206650 0.457917 0.058851 0.201659
2 2 0.085775 0.222974 0.404734 0.062013 0.224504
2 2 0.076953 0.216279 0.381112 0.079730 0.245925
4 2 0.076981 0.216600 0.260648 0.054821 0.390951
4 2 0.042060 0.182250 0.218235 0.040420 0.517034
4 2 0.042066 0.167205 0.165922 0.029641 0.595165
4 2 0.034567 0.176296 0.191252 0.043182 0.554703
4 2 0.038285 0.181162 0.174479 0.045877 0.560197
4 2 0.028668 0.169618 0.193807 0.043080 0.564827
4 2 0.027229 0.166005 0.209313 0.040080 0.557373
4 2 0.034211 0.174600 0.236236 0.039583 0.515371
2 0 0.069808 0.202319 0.384695 0.049737 0.293440
4 0 0.226087 0.224546 0.097522 0.042713 0.409132
4 1 0.226844 0.222631 0.095244 0.041290 0.413991
4 0 0.231258 0.227623 0.102772 0.044460 0.393887
4 0 0.106113 0.231191 0.127281 0.069575 0.465840
4 0 0.078006 0.225312 0.194610 0.068259 0.433813
4 0 0.072559 0.220149 0.284824 0.064542 0.357926
4 1 0.032406 0.166318 0.345947 0.033675 0.421654
2 1 0.021678 0.142942 0.463994 0.028750 0.342635
2 1 0.019070 0.134957 0.491598 0.026325 0.328051
2 1 0.016165 0.127812 0.500792 0.024396 0.330835
2 1 0.013310 0.122200 0.467538 0.022284 0.374668
2 1 0.009986 0.111500 0.441278 0.018733 0.418503
2 2 0.006260 0.093850 0.472058 0.014539 0.413293
2 2 0.005983 0.090210 0.509956 0.013649 0.380202
2 2 0.006066 0.090543 0.485859 0.013121 0.404410
2 2 0.006722 0.092248 0.488335 0.012922 0.399773
4 2 0.006833 0.094613 0.418656 0.012958 0.466940
4 2 0.006374 0.092384 0.285676 0.012116 0.603450
4 4 0.006342 0.093238 0.233253 0.013199 0.653968
4 4 0.008205 0.095664 0.146995 0.013695 0.735441
4 4 0.009415 0.092476 0.104143 0.012479 0.781487
4 4 0.011316 0.089179 0.069219 0.011469 0.818816
4 4 0.010654 0.096381 0.096729 0.013687 0.782550
4 1 0.025452 0.141224 0.142970 0.024125 0.666229
4 4 0.032415 0.156980 0.259701 0.025245 0.525660
4 4 0.027943 0.148684 0.360284 0.023228 0.439860
4 4 0.016779 0.124439 0.346892 0.016896 0.494994
4 1 0.017192 0.126649 0.306910 0.017670 0.531579
4 1 0.022345 0.133630 0.205520 0.018651 0.619854
4 1 0.024289 0.132403 0.154541 0.018481 0.670286
4 4 0.019709 0.103913 0.067007 0.012919 0.796452
4 4 0.014271 0.091252 0.061233 0.010899 0.822345
4 4 0.030008 0.098124 0.031844 0.011157 0.828868
4 4 0.056601 0.120071 0.029920 0.014994 0.778414
4 4 0.074312 0.128707 0.026065 0.017340 0.753576
4 0 0.104533 0.154978 0.034516 0.023773 0.682200
4 1 0.131121 0.184608 0.051694 0.033149 0.599429
4 1 0.192481 0.225840 0.092927 0.048138 0.440613
4 1 0.141190 0.230199 0.158993 0.050719 0.418899
4 1 0.116184 0.202944 0.160588 0.030887 0.489396
4 1 0.112020 0.188366 0.138819 0.023746 0.537049
4 0 0.170717 0.188785 0.076503 0.024236 0.539759
4 0 0.191512 0.176302 0.050522 0.021343 0.560321
4 0 0.207475 0.162529 0.043323 0.015736 0.570938
4 0 0.224327 0.152695 0.038892 0.012365 0.571720
4 0 0.261076 0.129419 0.029208 0.006888 0.573409
4 0 0.215501 0.126229 0.026145 0.007315 0.624809
4 0 0.161953 0.126646 0.024628 0.009192 0.677581
4 0 0.187534 0.134532 0.028625 0.009739 0.639571
4 0 0.230589 0.141634 0.033596 0.009724 0.584457
4 0 0.284367 0.153813 0.043222 0.010879 0.507719
4 0 0.356813 0.139434 0.039609 0.007249 0.456895
4 0 0.327251 0.168925 0.057440 0.013572 0.432812
4 0 0.334396 0.176147 0.064385 0.015415 0.409657
4 0 0.356952 0.182360 0.073908 0.017012 0.369769
0 0 0.375513 0.173129 0.067624 0.014128 0.369606
4 0 0.368038 0.171399 0.064807 0.013714 0.382043
4 0 0.294650 0.176041 0.059460 0.016217 0.453631
4 0 0.255189 0.192623 0.068591 0.023397 0.460200
4 0 0.273283 0.184720 0.064061 0.019664 0.458272
