0 0 0.605975 0.190622 0.093494 0.012767 0.097143
0 0 0.625896 0.186012 0.063993 0.014468 0.109631
0 0 0.468547 0.207499 0.066944 0.014162 0.242848
0 0 0.426658 0.175966 0.049504 0.008852 0.339019
4 0 0.311301 0.174930 0.055344 0.007878 0.450547
4 0 0.326501 0.134517 0.031204 0.010312 0.497466
4 0 0.285906 0.122942 0.027702 0.009429 0.554021
4 0 0.300099 0.120288 0.028350 0.009516 0.541746
4 0 0.308839 0.111974 0.024950 0.007605 0.546632
4 0 0.334666 0.135611 0.046062 0.019587 0.464074
0 1 0.461628 0.154371 0.069878 0.018731 0.295392
0 1 0.506723 0.187180 0.096251 0.013868 0.195979
0 2 0.481587 0.217104 0.149611 0.020259 0.131439
0 2 0.494011 0.214557 0.185017 0.017661 0.088754
0 2 0.459856 0.227681 0.210064 0.025477 0.076923
0 2 0.480399 0.224603 0.203039 0.024470 0.067490
0 2 0.469593 0.235728 0.190688 0.032809 0.071182
0 2 0.335628 0.285531 0.232806 0.037972 0.108063
2 2 0.253055 0.297705 0.311651 0.030271 0.107319
0 2 0.322760 0.289781 0.244427 0.033482 0.109550
2 2 0.264236 0.251368 0.399451 0.014219 0.070726
2 2 0.240124 0.192330 0.531797 0.009243 0.026506
2 2 0.314990 0.128008 0.543477 0.005910 0.007614
0 2 0.441157 0.130710 0.415580 0.004085 0.008468
0 1 0.615427 0.146557 0.215157 0.004313 0.018546
0 1 0.740608 0.119962 0.106406 0.001791 0.031234
0 1 0.718875 0.133613 0.106077 0.002741 0.038694
0 1 0.673126 0.143150 0.147297 0.003386 0.033041
0 0 0.709844 0.120251 0.152721 0.002093 0.015091
0 0 0.740866 0.099447 0.149636 0.001172 0.008880
0 1 0.793635 0.078427 0.121623 0.000526 0.005789
0 1 0.847820 0.067005 0.079919 0.000376 0.004879
0 0 0.873881 0.062396 0.057768 0.000324 0.005630
0 0 0.890827 0.067921 0.028133 0.000585 0.012533
0 0 0.892558 0.064779 0.016754 0.000566 0.025344
0 0 0.708009 0.091635 0.014380 0.001575 0.184401
4 1 0.388221 0.110702 0.020639 0.004667 0.475771
4 1 0.115208 0.085532 0.021176 0.010059 0.768026
4 1 0.100444 0.106886 0.033766 0.011275 0.747629
4 2 0.078018 0.147855 0.069057 0.013804 0.691266
4 2 0.050207 0.193113 0.142640 0.011407 0.602632
4 2 0.039192 0.217245 0.205453 0.010137 0.527973
2 2 0.036474 0.245573 0.476411 0.015273 0.226269
2 2 0.035366 0.233801 0.561972 0.017517 0.151343
2 2 0.034744 0.220806 0.605149 0.018472 0.120829
2 2 0.018819 0.123250 0.803737 0.019155 0.035039
2 2 0.021340 0.136421 0.789852 0.015746 0.036640
2 2 0.024582 0.147905 0.773785 0.014449 0.039279
2 2 0.022366 0.136536 0.796855 0.011257 0.032986
2 2 0.013905 0.091748 0.861312 0.013617 0.019418
2 2 0.012158 0.080430 0.876146 0.014401 0.016865
2 2 0.010589 0.068806 0.890618 0.015857 0.014130
2 2 0.009290 0.051958 0.907354 0.021852 0.009546
2 2 0.008861 0.040273 0.908280 0.035743 0.006843
2 3 0.007728 0.031461 0.914332 0.041779 0.004700
2 3 0.007699 0.030882 0.911288 0.045410 0.004721
2 3 0.007107 0.027948 0.914424 0.046419 0.004102
2 3 0.008116 0.031257 0.900079 0.055451 0.005096
2 3 0.008662 0.030074 0.889470 0.067080 0.004714
2 3 0.009296 0.029672 0.873188 0.083139 0.004705
2 3 0.010452 0.025070 0.821928 0.138977 0.003572
2 3 0.009454 0.021778 0.796091 0.169436 0.003242
2 3 0.011181 0.023766 0.751175 0.210081 0.003796
2 3 0.011302 0.020800 0.681900 0.282656 0.003343
2 3 0.012515 0.026524 0.755560 0.201193 0.004208
2 3 0.012023 0.026706 0.762484 0.194376 0.004411
2 3 0.011795 0.028578 0.770526 0.183898 0.005202
2 3 0.013062 0.026268 0.661236 0.294170 0.005264
2 3 0.015165 0.028444 0.595840 0.354233 0.006318
2 3 0.017700 0.033795 0.610234 0.330702 0.007569
2 3 0.017590 0.029278 0.523926 0.422460 0.006745
2 3 0.016014 0.025421 0.514171 0.438892 0.005502
3 3 0.015032 0.022399 0.461037 0.496512 0.005019
2 3 0.020949 0.032422 0.498159 0.441109 0.007361
3 3 0.020228 0.030802 0.463336 0.478170 0.007466
3 3 0.022175 0.033562 0.430015 0.505272 0.008976
3 3 0.019948 0.030532 0.422598 0.518580 0.008341
3 3 0.016362 0.023863 0.388302 0.565027 0.006446
3 3 0.016605 0.024204 0.384272 0.568290 0.006629
3 3 0.013059 0.018530 0.354766 0.608567 0.005077
3 3 0.010218 0.014352 0.369599 0.602306 0.003525
3 3 0.010701 0.014924 0.342435 0.627968 0.003972
3 3 0.009225 0.012553 0.302054 0.672618 0.003549
3 3 0.008822 0.011893 0.285218 0.690591 0.003476
3 3 0.008431 0.011391 0.298077 0.678933 0.003167
3 3 0.008536 0.011645 0.321350 0.655416 0.003053
3 3 0.010960 0.015267 0.335450 0.634158 0.004165
3 3 0.010251 0.014151 0.322568 0.649119 0.003911
3 3 0.014819 0.021594 0.404001 0.554120 0.005467
3 3 0.015928 0.023605 0.436150 0.518639 0.005678
3 3 0.016325 0.023771 0.384511 0.568918 0.006475
3 3 0.017529 0.025512 0.370336 0.579288 0.007335
3 3 0.012561 0.017689 0.341213 0.623581 0.004955
3 3 0.015726 0.022515 0.346150 0.608953 0.006656
3 3 0.013207 0.018583 0.330570 0.632211 0.005429
3 3 0.012172 0.017136 0.345821 0.620170 0.004701
3 3 0.010574 0.014820 0.357792 0.613030 0.003784
3 3 0.009973 0.013792 0.331858 0.640687 0.003691
3 3 0.012751 0.017886 0.328325 0.635838 0.005201
3 3 0.016704 0.023723 0.360724 0.591666 0.007184
3 3 0.019929 0.029121 0.411581 0.531085 0.008284
3 2 0.027227 0.037197 0.460608 0.464487 0.010481
2 1 0.061896 0.067171 0.485707 0.362841 0.022385
2 2 0.127488 0.108460 0.518651 0.213628 0.031773
2 2 0.253097 0.159278 0.443242 0.100759 0.043623
0 1 0.400325 0.195823 0.330777 0.034538 0.038537
0 1 0.514493 0.207813 0.204751 0.017956 0.054987
0 1 0.577185 0.193761 0.138553 0.011621 0.078880
0 1 0.504449 0.206321 0.168158 0.020646 0.100426
0 2 0.450331 0.205645 0.209071 0.045271 0.089683
0 2 0.370633 0.207553 0.216953 0.088065 0.116796
0 2 0.246836 0.203630 0.212064 0.189162 0.148308
1 2 0.151464 0.267196 0.250508 0.103354 0.227477
4 2 0.125127 0.290616 0.232590 0.047193 0.304475
2 2 0.045598 0.266555 0.469310 0.032679 0.185858
2 2 0.039804 0.259625 0.506598 0.029270 0.164704
2 2 0.039034 0.264608 0.415482 0.019160 0.261716
2 2 0.032859 0.249525 0.507972 0.017584 0.192060
2 2 0.029985 0.218261 0.622714 0.018105 0.110935
2 2 0.031228 0.226424 0.582324 0.015450 0.144575
2 2 0.028089 0.193307 0.689306 0.016827 0.072470
2 2 0.030086 0.208224 0.658866 0.015825 0.086999
2 2 0.025617 0.180531 0.714710 0.016234 0.062907
2 2 0.021086 0.163833 0.749087 0.012746 0.053248
2 2 0.020236 0.163268 0.750610 0.011976 0.053911
2 2 0.018514 0.158252 0.760808 0.010542 0.051885
2 2 0.016389 0.131046 0.801822 0.012025 0.038718
2 2 0.010868 0.086597 0.868064 0.012356 0.022115
2 2 0.012057 0.098459 0.845829 0.013261 0.030393
2 2 0.008582 0.067892 0.889593 0.015757 0.018175
2 2 0.016297 0.123229 0.788446 0.017173 0.054855
2 2 0.021546 0.165726 0.680917 0.015366 0.116445
2 2 0.026403 0.214458 0.532687 0.012001 0.214451
2 2 0.020591 0.177098 0.656616 0.014385 0.131310
2 2 0.016356 0.148152 0.737399 0.015903 0.082191
2 2 0.010840 0.092409 0.842893 0.019473 0.034386
2 2 0.011377 0.097421 0.835762 0.018889 0.036551
2 2 0.008602 0.075582 0.879097 0.014021 0.022697
2 2 0.005739 0.051471 0.920126 0.010585 0.012079
2 2 0.004722 0.041004 0.936549 0.009565 0.008159
2 2 0.005077 0.040552 0.937196 0.009878 0.007297
2 2 0.005094 0.034878 0.942954 0.011718 0.005355
2 2 0.004842 0.030588 0.948567 0.011906 0.004096
2 2 0.005909 0.038260 0.938222 0.011967 0.005642
2 2 0.007984 0.051130 0.919551 0.012931 0.008404
2 2 0.007365 0.043063 0.925744 0.016920 0.006908
2 2 0.006354 0.033282 0.934182 0.021312 0.004869
2 2 0.005427 0.028338 0.940503 0.021732 0.004000
2 2 0.005628 0.027948 0.938337 0.024191 0.003896
2 2 0.007795 0.040105 0.920366 0.025128 0.006605
2 2 0.010211 0.049532 0.901323 0.030090 0.008844
2 2 0.011447 0.057621 0.889666 0.029972 0.011294
2 2 0.011202 0.055654 0.892422 0.030094 0.010628
2 2 0.013658 0.078920 0.868342 0.021831 0.017249
2 2 0.014598 0.085405 0.859407 0.021340 0.019249
2 2 0.013064 0.094783 0.858020 0.012285 0.021848
2 2 0.011303 0.081735 0.877214 0.012083 0.017665
2 2 0.005655 0.038851 0.937595 0.011727 0.006173
2 2 0.005722 0.033057 0.938477 0.017756 0.004988
2 2 0.007799 0.042730 0.922532 0.020059 0.006880
2 2 0.009116 0.048512 0.911868 0.022260 0.008245
2 2 0.009317 0.048207 0.908476 0.025504 0.008496
2 2 0.007307 0.032965 0.922354 0.032411 0.004964
2 2 0.010031 0.035030 0.891542 0.058104 0.005293
2 2 0.010198 0.036542 0.897749 0.050202 0.005309
2 2 0.012667 0.041952 0.877777 0.061212 0.006393
2 2 0.011597 0.037821 0.878531 0.066301 0.005750
2 2 0.011691 0.025814 0.770510 0.187897 0.004088
2 3 0.016668 0.032831 0.686221 0.258187 0.006093
2 3 0.019389 0.033405 0.591332 0.349041 0.006834
2 3 0.012957 0.023021 0.627576 0.332248 0.004197
2 3 0.012237 0.018196 0.491736 0.474232 0.003599
3 3 0.013602 0.020245 0.475956 0.485927 0.004269
3 3 0.012366 0.018022 0.436561 0.529029 0.004023
3 3 0.019558 0.028992 0.439416 0.504420 0.007613
3 3 0.014014 0.020060 0.365885 0.594579 0.005462
3 3 0.014039 0.020488 0.417784 0.542740 0.004949
3 3 0.014441 0.020772 0.373724 0.585463 0.005600
3 3 0.013642 0.019425 0.356561 0.605003 0.005368
3 3 0.016701 0.022677 0.302795 0.649401 0.008425
3 3 0.019964 0.026852 0.313297 0.629025 0.010861
3 3 0.015051 0.019404 0.267458 0.689750 0.008336
3 3 0.016463 0.021319 0.270164 0.682669 0.009385
3 3 0.020570 0.027004 0.294044 0.646230 0.012151
3 3 0.012174 0.016244 0.251355 0.714197 0.006030
3 3 0.014806 0.019929 0.264359 0.693201 0.007706
3 3 0.007128 0.009059 0.179789 0.800479 0.003544
3 3 0.008282 0.010746 0.203932 0.773034 0.004006
3 3 0.011265 0.014061 0.189321 0.778467 0.006886
3 3 0.010343 0.012864 0.192872 0.777866 0.006054
3 3 0.015492 0.018060 0.178946 0.775078 0.012424
3 3 0.012068 0.013802 0.154768 0.809776 0.009586
3 3 0.008058 0.009426 0.144522 0.832645 0.005349
3 3 0.010035 0.012319 0.179565 0.791953 0.006129
3 3 0.014715 0.019210 0.244108 0.713643 0.008324
3 3 0.013906 0.019751 0.350842 0.609913 0.005589
3 3 0.016612 0.024903 0.458938 0.493780 0.005768
2 3 0.014870 0.023007 0.511459 0.445906 0.004759
2 3 0.014121 0.021678 0.494684 0.464924 0.004592
3 3 0.012021 0.017168 0.386618 0.579940 0.004253
3 3 0.012672 0.017837 0.338551 0.625897 0.005043
3 3 0.012239 0.016639 0.275251 0.690235 0.005636
3 3 0.011565 0.015888 0.290314 0.677264 0.004970
3 3 0.012546 0.017061 0.269583 0.694904 0.005906
3 3 0.011180 0.015174 0.265533 0.703064 0.005049
3 3 0.012436 0.016382 0.244069 0.720679 0.006434
3 3 0.015546 0.020828 0.260269 0.694961 0.008396
3 3 0.012705 0.017362 0.262491 0.701382 0.006060
3 3 0.010875 0.014575 0.239285 0.730043 0.005221
3 3 0.009276 0.012154 0.210289 0.763698 0.004583
3 3 0.007717 0.009900 0.189059 0.789500 0.003823
3 3 0.007806 0.010052 0.195478 0.782865 0.003799
3 3 0.009873 0.012943 0.212039 0.760151 0.004993
3 3 0.010210 0.013648 0.242403 0.728992 0.004748
3 3 0.014709 0.019881 0.279413 0.678634 0.007363
3 3 0.013202 0.018370 0.301652 0.660983 0.005793
3 3 0.009717 0.013018 0.254931 0.718047 0.004287
3 3 0.010921 0.014536 0.226866 0.742218 0.005459
3 3 0.014114 0.018666 0.227716 0.731522 0.007982
3 3 0.013673 0.017671 0.226354 0.734402 0.007900
3 3 0.020160 0.025398 0.241475 0.699055 0.013911
3 3 0.015358 0.019046 0.217680 0.737789 0.010128
3 3 0.013686 0.016924 0.211363 0.749292 0.008736
3 3 0.017537 0.022612 0.266495 0.682929 0.010428
3 3 0.017492 0.022783 0.289745 0.660191 0.009789
3 3 0.014889 0.019458 0.292688 0.665298 0.007667
3 3 0.010706 0.014646 0.310198 0.660139 0.004311
3 3 0.009313 0.012663 0.298661 0.675738 0.003624
3 3 0.012001 0.016607 0.303106 0.663216 0.005070
3 3 0.009162 0.012479 0.305562 0.669309 0.003487
3 3 0.010276 0.014145 0.314721 0.656863 0.003994
3 3 0.007491 0.010049 0.298355 0.681413 0.002692
3 3 0.008933 0.012067 0.288458 0.687034 0.003508
3 3 0.010927 0.014903 0.281164 0.688304 0.004703
3 3 0.012629 0.017610 0.314359 0.650105 0.005296
3 2 0.013695 0.019729 0.387198 0.574305 0.005073
3 2 0.016600 0.024758 0.445589 0.507150 0.005902
2 2 0.021114 0.034535 0.550256 0.386690 0.007404
2 2 0.026531 0.053502 0.671930 0.236760 0.011277
2 2 0.052481 0.117477 0.707680 0.095783 0.026580
2 2 0.060248 0.282883 0.485063 0.017767 0.154039
2 2 0.050905 0.276975 0.500266 0.014943 0.156911
2 2 0.037837 0.243973 0.587363 0.011504 0.119323
2 2 0.032393 0.234717 0.606163 0.010701 0.116027
2 2 0.023726 0.203406 0.672572 0.009740 0.090555
2 2 0.018408 0.178111 0.720883 0.010107 0.072491
2 2 0.019710 0.180596 0.714650 0.011431 0.073612
2 2 0.019382 0.196141 0.679229 0.010845 0.094402
2 2 0.023890 0.241296 0.531252 0.011817 0.191746
2 4 0.024082 0.248792 0.369873 0.009014 0.348239
4 4 0.023699 0.231861 0.313764 0.006629 0.424047
4 4 0.023093 0.240398 0.347807 0.007431 0.381271
4 4 0.028561 0.235311 0.290825 0.008485 0.436818
4 4 0.032015 0.214490 0.223115 0.007573 0.522807
4 4 0.032056 0.202615 0.198331 0.006544 0.560454
4 4 0.039692 0.188331 0.153312 0.006325 0.612340
4 4 0.041270 0.176131 0.131978 0.005612 0.645009
4 4 0.040280 0.169978 0.124787 0.005616 0.659339
4 4 0.038197 0.151198 0.102666 0.004987 0.702953
4 4 0.033618 0.135654 0.089439 0.003815 0.737474
4 4 0.039097 0.169699 0.126291 0.005615 0.659299
4 4 0.035358 0.185063 0.157231 0.006475 0.615873
4 4 0.050845 0.216581 0.178096 0.013228 0.541250
4 4 0.074368 0.263376 0.220806 0.016467 0.424983
4 4 0.192756 0.266052 0.143638 0.013850 0.383704
2 4 0.142007 0.290514 0.302557 0.013793 0.251129
4 4 0.188493 0.265371 0.185749 0.010570 0.349816
4 4 0.159160 0.215849 0.106959 0.006189 0.511843
4 4 0.193321 0.203252 0.084693 0.006253 0.512482
4 4 0.124766 0.148616 0.056028 0.004025 0.666565
4 4 0.058392 0.082584 0.027635 0.001983 0.829406
4 4 0.018049 0.051595 0.021332 0.000607 0.908417
4 4 0.022705 0.045829 0.015397 0.000771 0.915298
4 4 0.030767 0.057705 0.019918 0.001466 0.890145
4 4 0.044672 0.087779 0.035084 0.002908 0.829557
4 4 0.041041 0.100204 0.046460 0.003285 0.809010
4 4 0.039432 0.105153 0.051777 0.002685 0.800953
4 4 0.059823 0.143150 0.074234 0.003924 0.718869
4 4 0.033094 0.144436 0.101434 0.003299 0.717737
4 4 0.028429 0.105331 0.061156 0.002215 0.802869
4 4 0.023585 0.094991 0.055702 0.001568 0.824154
4 4 0.017925 0.050686 0.020740 0.000592 0.910057
4 4 0.016686 0.049494 0.020611 0.000523 0.912686
4 4 0.017384 0.041878 0.015007 0.000484 0.925248
4 4 0.016332 0.038597 0.013400 0.000413 0.931258
4 4 0.015250 0.035903 0.012203 0.000352 0.936291
4 4 0.020342 0.058952 0.025468 0.000811 0.894428
4 4 0.017092 0.055923 0.025309 0.000601 0.901075
4 4 0.024434 0.089518 0.049138 0.001556 0.835355
4 4 0.021450 0.083709 0.046495 0.001206 0.847141
4 4 0.025676 0.080726 0.039770 0.001514 0.852313
4 4 0.027513 0.080068 0.037848 0.001663 0.852908
4 4 0.026804 0.094187 0.051410 0.001872 0.825726
4 4 0.029015 0.097342 0.052434 0.002173 0.819037
4 4 0.029875 0.110607 0.065198 0.002559 0.791761
4 2 0.035283 0.166070 0.127769 0.004482 0.666396
4 2 0.023889 0.206527 0.242164 0.004816 0.522604
4 2 0.020557 0.233428 0.347898 0.005941 0.392176
2 2 0.016709 0.239517 0.428965 0.005939 0.308871
2 2 0.015247 0.240899 0.470563 0.006199 0.267092
2 2 0.017834 0.249765 0.491481 0.009107 0.231812
2 2 0.016501 0.238131 0.537801 0.008096 0.199471
2 2 0.016725 0.242341 0.520059 0.008261 0.212614
2 2 0.015657 0.236714 0.537816 0.007486 0.202327
2 2 0.015490 0.238694 0.527210 0.007367 0.211238
2 2 0.013930 0.227946 0.562370 0.006294 0.189460
2 2 0.013142 0.208950 0.609591 0.006882 0.161436
2 2 0.013270 0.197855 0.647693 0.007095 0.134087
2 2 0.013343 0.191971 0.664768 0.007316 0.122602
2 2 0.012637 0.168649 0.720021 0.007677 0.091016
2 2 0.011613 0.142801 0.767126 0.009128 0.069333
2 2 0.009481 0.107679 0.829945 0.009834 0.043061
2 2 0.006904 0.077631 0.879405 0.009456 0.026604
2 2 0.006623 0.076691 0.882620 0.008453 0.025613
2 2 0.006354 0.067539 0.895429 0.009806 0.020872
2 2 0.006229 0.066722 0.898290 0.008985 0.019774
2 2 0.006082 0.063988 0.902911 0.008882 0.018138
2 2 0.005195 0.055701 0.916824 0.007808 0.014473
2 2 0.005130 0.053013 0.919366 0.008751 0.013739
2 2 0.005873 0.062162 0.906201 0.008536 0.017227
2 2 0.005457 0.050118 0.921743 0.010607 0.012074
2 2 0.005294 0.050603 0.922089 0.009711 0.012302
2 2 0.006068 0.056713 0.912992 0.010102 0.014124
2 2 0.013611 0.114156 0.821227 0.013919 0.037088
2 2 0.019923 0.136756 0.784727 0.017456 0.041138
2 2 0.046763 0.227462 0.615527 0.021734 0.088514
2 2 0.053709 0.234018 0.595295 0.022514 0.094464
2 1 0.087261 0.280559 0.463393 0.025441 0.143346
2 1 0.110135 0.305672 0.379278 0.028357 0.176557
1 2 0.133279 0.325763 0.279642 0.031453 0.229864
1 2 0.130655 0.329380 0.291853 0.029774 0.218337
1 2 0.110258 0.327057 0.311772 0.026740 0.224173
2 2 0.095854 0.318301 0.362082 0.023564 0.200199
2 2 0.057633 0.272360 0.519720 0.015173 0.135113
2 2 0.027517 0.190925 0.702564 0.010497 0.068496
2 2 0.025020 0.178719 0.725298 0.010681 0.060282
2 2 0.022076 0.164665 0.752487 0.009353 0.051419
2 2 0.016434 0.140882 0.794775 0.007888 0.040022
2 2 0.013190 0.110306 0.841067 0.008615 0.026821
2 2 0.015468 0.129504 0.813189 0.008502 0.033337
2 2 0.018062 0.137989 0.798224 0.009619 0.036106
2 2 0.019264 0.142256 0.792055 0.008953 0.037472
2 2 0.015875 0.116749 0.828270 0.011116 0.027990
2 2 0.023465 0.141382 0.791189 0.010947 0.033017
2 2 0.035124 0.158826 0.757632 0.012765 0.035653
2 1 0.036596 0.166395 0.747167 0.010781 0.039060
2 1 0.032141 0.153055 0.768698 0.012174 0.033932
2 2 0.038233 0.159757 0.747988 0.018411 0.035611
2 2 0.091529 0.228122 0.590569 0.028769 0.061011
2 2 0.092815 0.244509 0.561263 0.026897 0.074516
2 2 0.155964 0.299920 0.387465 0.033604 0.123046
2 2 0.100892 0.284986 0.469179 0.025619 0.119324
2 2 0.130851 0.315953 0.358069 0.029613 0.165514
2 2 0.097933 0.301240 0.426555 0.023920 0.150352
2 2 0.074291 0.281624 0.490674 0.020100 0.133311
2 2 0.040228 0.219209 0.643921 0.013966 0.082676
2 2 0.035695 0.201295 0.679655 0.014176 0.069179
2 2 0.033018 0.185657 0.709297 0.014446 0.057582
2 2 0.042719 0.208015 0.664877 0.015745 0.068644
2 2 0.055943 0.214152 0.648202 0.017656 0.064047
0 2 0.488361 0.218356 0.147861 0.010088 0.135334
0 2 0.614109 0.187757 0.115086 0.011271 0.071776
0 0 0.528334 0.222455 0.092858 0.028950 0.127403
1 1 0.286906 0.311531 0.189767 0.040082 0.171714
4 2 0.073309 0.287606 0.273160 0.018752 0.347172
2 2 0.039827 0.269827 0.502825 0.016166 0.171355
2 2 0.038085 0.253176 0.556763 0.014397 0.137578
2 2 0.021507 0.186543 0.707304 0.009875 0.074771
2 2 0.011353 0.114059 0.834885 0.007106 0.032597
2 2 0.008674 0.090710 0.870208 0.006471 0.023937
2 2 0.007778 0.075968 0.890855 0.007185 0.018214
2 2 0.012138 0.126640 0.815262 0.006881 0.039078
2 2 0.010119 0.095735 0.862011 0.007617 0.024518
2 2 0.010852 0.098948 0.856407 0.008279 0.025514
2 2 0.011094 0.088981 0.867039 0.011097 0.021788
2 2 0.017159 0.146304 0.778590 0.010923 0.047024
2 2 0.016370 0.137327 0.792882 0.011102 0.042319
2 2 0.015840 0.133668 0.797872 0.011250 0.041369
2 2 0.013482 0.106557 0.842684 0.010645 0.026631
2 2 0.012307 0.099251 0.855350 0.009615 0.023476
2 2 0.011475 0.087249 0.872793 0.009949 0.018534
2 2 0.008040 0.055935 0.914566 0.011533 0.009926
2 2 0.008443 0.062723 0.906705 0.010292 0.011838
2 2 0.008116 0.060532 0.909064 0.010685 0.011603
2 2 0.006686 0.048308 0.924626 0.011665 0.008714
2 2 0.004012 0.025197 0.954100 0.013306 0.003386
2 2 0.004859 0.029719 0.947415 0.013892 0.004116
2 2 0.004594 0.027680 0.951610 0.012621 0.003496
2 2 0.004797 0.026475 0.951353 0.014242 0.003132
2 2 0.005080 0.025368 0.950014 0.016711 0.002826
2 2 0.005596 0.025093 0.945501 0.021074 0.002737
2 2 0.005559 0.025996 0.946698 0.018895 0.002852
2 2 0.008688 0.043090 0.922580 0.019649 0.005993
2 2 0.009839 0.048808 0.914033 0.020181 0.007139
2 2 0.015695 0.084859 0.863141 0.019873 0.016433
2 2 0.015250 0.088590 0.858711 0.018812 0.018637
2 2 0.014715 0.089871 0.857436 0.018072 0.019906
2 2 0.009902 0.051734 0.907951 0.021785 0.008628
2 2 0.011731 0.053130 0.898309 0.028320 0.008510
2 2 0.010796 0.044750 0.906844 0.031224 0.006385
2 2 0.011503 0.049517 0.902270 0.029320 0.007391
2 2 0.009972 0.038139 0.904580 0.041799 0.005510
2 3 0.006118 0.023638 0.929863 0.037514 0.002867
2 3 0.004987 0.016721 0.926514 0.049972 0.001806
2 3 0.006232 0.019889 0.914828 0.056793 0.002259
2 3 0.006650 0.020765 0.902819 0.067208 0.002558
2 3 0.006628 0.021326 0.909476 0.059995 0.002576
2 3 0.006986 0.016651 0.847161 0.127208 0.001995
2 3 0.006583 0.014978 0.847092 0.129687 0.001660
2 3 0.007754 0.015552 0.782170 0.192599 0.001925
2 3 0.011326 0.025775 0.806204 0.153019 0.003676
2 3 0.013363 0.029268 0.779845 0.173055 0.004469
2 3 0.019521 0.039545 0.714952 0.218928 0.007054
2 3 0.018207 0.028249 0.530143 0.417629 0.005772
2 3 0.019978 0.031147 0.525226 0.417056 0.006593
2 3 0.020383 0.031646 0.511078 0.429954 0.006939
2 3 0.022528 0.038976 0.560025 0.369041 0.009430
2 3 0.019320 0.031767 0.537759 0.404137 0.007016
2 3 0.016265 0.028962 0.581144 0.367377 0.006253
2 3 0.014244 0.026841 0.621195 0.332182 0.005539
3 3 0.027385 0.036981 0.379963 0.540312 0.015358
3 3 0.023717 0.032197 0.319180 0.611282 0.013623
3 3 0.020743 0.027612 0.312116 0.627855 0.011675
3 3 0.019215 0.025373 0.285976 0.658353 0.011082
3 3 0.022438 0.029772 0.288339 0.645729 0.013722
3 3 0.022178 0.030222 0.285804 0.648741 0.013054
3 3 0.014867 0.020600 0.271546 0.685654 0.007332
3 3 0.016370 0.022995 0.296996 0.655759 0.007880
3 3 0.013415 0.018500 0.276204 0.685581 0.006300
3 3 0.012863 0.017894 0.305290 0.658409 0.005544
3 3 0.013874 0.019521 0.321949 0.638738 0.005918
3 3 0.016210 0.023265 0.347331 0.606276 0.006919
3 3 0.012660 0.017821 0.338831 0.625654 0.005034
3 3 0.015336 0.021928 0.347159 0.609157 0.006419
3 3 0.010699 0.014951 0.347752 0.622671 0.003927
3 3 0.011109 0.015781 0.385813 0.583471 0.003826
3 3 0.010375 0.014788 0.406721 0.564768 0.003348
3 3 0.010659 0.014733 0.319675 0.650781 0.004152
3 3 0.009724 0.013124 0.273157 0.699904 0.004092
3 3 0.011269 0.015218 0.251877 0.716342 0.005293
3 3 0.009154 0.012171 0.245726 0.728897 0.004052
3 3 0.008547 0.011172 0.216045 0.760213 0.004024
3 3 0.008324 0.010696 0.182876 0.793769 0.004335
3 3 0.008409 0.010703 0.163238 0.812915 0.004735
3 3 0.007452 0.009355 0.151310 0.827669 0.004215
3 3 0.015063 0.019933 0.198772 0.756808 0.009424
3 3 0.012602 0.017126 0.250290 0.713790 0.006192
3 3 0.011983 0.016573 0.301747 0.664622 0.005076
3 3 0.015464 0.021925 0.323450 0.632325 0.006835
3 3 0.016280 0.023158 0.323221 0.630007 0.007334
3 3 0.020010 0.029164 0.349999 0.591676 0.009151
2 3 0.027570 0.047186 0.476058 0.433462 0.015723
2 3 0.023308 0.045060 0.592424 0.328040 0.011168
2 3 0.023649 0.048046 0.670220 0.247972 0.010113
2 2 0.042783 0.084024 0.708258 0.147681 0.017255
2 1 0.044280 0.107965 0.733873 0.090057 0.023825
2 1 0.064677 0.179856 0.670737 0.040612 0.044118
2 2 0.080864 0.209542 0.632976 0.026314 0.050305
2 2 0.071751 0.232958 0.601878 0.021060 0.072352
2 2 0.067886 0.232877 0.607031 0.018415 0.073792
2 2 0.049742 0.259313 0.546003 0.017945 0.126997
2 2 0.035426 0.227397 0.618553 0.016586 0.102038
2 2 0.066105 0.297207 0.434861 0.020553 0.181273
2 2 0.080597 0.314193 0.363047 0.025744 0.216419
2 2 0.095064 0.322368 0.325033 0.027368 0.230167
2 2 0.082832 0.318847 0.340764 0.025073 0.232483
2 2 0.076280 0.316804 0.350808 0.022410 0.233698
2 2 0.068433 0.306665 0.400814 0.019401 0.204688
2 2 0.062783 0.302378 0.413245 0.018679 0.202914
2 2 0.052675 0.296616 0.419842 0.018153 0.212714
2 2 0.036244 0.273034 0.478857 0.016003 0.195863
2 4 0.022214 0.223165 0.612115 0.012790 0.129716
2 4 0.023345 0.224950 0.597691 0.015284 0.138729
2 4 0.025125 0.251327 0.513619 0.015521 0.194408
4 4 0.026160 0.245684 0.339639 0.009103 0.379413
4 4 0.024412 0.228300 0.297515 0.006494 0.443279
4 4 0.024845 0.197458 0.215950 0.004575 0.557173
4 4 0.024867 0.205928 0.235402 0.005024 0.528779
4 4 0.025138 0.157378 0.137355 0.003134 0.676996
4 4 0.027421 0.124072 0.084095 0.002601 0.761811
4 4 0.173122 0.150764 0.049618 0.005189 0.621307
4 4 0.175825 0.168968 0.060945 0.006717 0.587545
4 4 0.146091 0.204382 0.095073 0.007461 0.546992
4 4 0.158435 0.254033 0.141613 0.011572 0.434348
4 4 0.281334 0.238155 0.112646 0.010822 0.357044
4 4 0.230006 0.239213 0.120366 0.010923 0.399492
0 4 0.307415 0.237943 0.145074 0.014315 0.295252
0 4 0.453452 0.189174 0.103673 0.009022 0.244680
0 4 0.546503 0.183924 0.127151 0.008233 0.134189
0 4 0.644009 0.146710 0.076387 0.003602 0.129290
0 4 0.646395 0.160862 0.087843 0.005487 0.099413
0 4 0.635110 0.166481 0.069261 0.007446 0.121702
0 0 0.536596 0.217560 0.146247 0.018143 0.081454
1 0 0.289742 0.301149 0.239337 0.040761 0.129011
1 1 0.130486 0.328426 0.290303 0.032041 0.218743
2 1 0.073575 0.309561 0.383479 0.023517 0.209868
2 1 0.061087 0.305905 0.375535 0.022217 0.235256
2 2 0.043908 0.287046 0.443399 0.016647 0.209000
2 2 0.029458 0.247657 0.559687 0.012188 0.151010
2 2 0.012998 0.162049 0.749808 0.006317 0.068828
2 2 0.009958 0.121336 0.816393 0.006790 0.045523
2 2 0.012119 0.142046 0.782471 0.007259 0.056105
2 2 0.012790 0.143310 0.778730 0.008161 0.057009
2 2 0.010957 0.133494 0.794955 0.007095 0.053500
2 2 0.011885 0.130244 0.795160 0.009672 0.053039
2 2 0.013390 0.149443 0.760046 0.009836 0.067285
2 2 0.015006 0.166981 0.728631 0.009876 0.079507
2 2 0.016664 0.195348 0.678803 0.008479 0.100706
2 2 0.017025 0.194106 0.682539 0.008774 0.097557
2 2 0.018635 0.202588 0.663288 0.009974 0.105515
2 2 0.019411 0.214679 0.631653 0.010487 0.123771
2 2 0.018695 0.214377 0.633031 0.008884 0.125013
2 2 0.014083 0.182257 0.706788 0.006668 0.090204
2 2 0.015818 0.205857 0.649660 0.007091 0.121574
2 2 0.014388 0.193189 0.679499 0.006794 0.106130
2 2 0.013589 0.190185 0.685311 0.006249 0.104666
2 2 0.013052 0.177867 0.710048 0.006518 0.092515
2 2 0.011834 0.154459 0.756219 0.006686 0.070802
2 2 0.014009 0.188480 0.690609 0.006591 0.100311
2 2 0.011852 0.165324 0.733167 0.006266 0.083391
2 2 0.011426 0.158325 0.745816 0.006375 0.078058
2 2 0.011497 0.155545 0.748652 0.006970 0.077335
2 2 0.011794 0.153820 0.753619 0.007219 0.073548
2 2 0.011142 0.138914 0.779486 0.007931 0.062527
2 2 0.018914 0.217002 0.623790 0.010060 0.130234
2 2 0.025485 0.255674 0.506708 0.015536 0.196598
2 2 0.024326 0.247173 0.537303 0.014495 0.176702
2 2 0.023741 0.248584 0.530015 0.013967 0.183694
2 2 0.026314 0.251373 0.526616 0.016310 0.179387
2 2 0.026983 0.251558 0.529913 0.015814 0.175733
2 2 0.030931 0.261858 0.509078 0.014628 0.183505
2 2 0.033166 0.267364 0.494259 0.015257 0.189955
2 1 0.031413 0.231133 0.609327 0.013452 0.114675
2 1 0.060038 0.266168 0.536114 0.016036 0.121644
2 2 0.091449 0.306363 0.414453 0.021210 0.166525
2 2 0.095748 0.322729 0.339862 0.023153 0.218508
2 2 0.077475 0.306686 0.409223 0.020075 0.186541
2 2 0.079105 0.297163 0.441714 0.021642 0.160377
2 2 0.097974 0.305625 0.410023 0.025006 0.161373
1 2 0.142954 0.328389 0.304123 0.027416 0.197117
2 2 0.110876 0.306807 0.401503 0.026717 0.154097
2 2 0.102407 0.304366 0.409017 0.027676 0.156535
2 2 0.087486 0.298092 0.436886 0.023629 0.153906
2 2 0.077333 0.298946 0.437708 0.020238 0.165775
2 2 0.057671 0.274654 0.513632 0.014925 0.139118
2 2 0.055057 0.268827 0.528166 0.015144 0.132806
2 2 0.040712 0.239055 0.598574 0.013891 0.107768
2 2 0.036715 0.235232 0.607040 0.012429 0.108584
2 2 0.036544 0.234532 0.609655 0.011814 0.107455
2 2 0.031749 0.217060 0.648739 0.010740 0.091711
2 2 0.030384 0.201272 0.682326 0.010836 0.075184
2 2 0.025746 0.184398 0.715188 0.010160 0.064509
2 2 0.027820 0.193584 0.696261 0.011211 0.071123
2 2 0.019224 0.165801 0.750070 0.008159 0.056744
2 2 0.017996 0.161689 0.757936 0.007483 0.054895
2 2 0.014652 0.147197 0.783219 0.006859 0.048073
2 2 0.016349 0.154261 0.770644 0.007497 0.051249
2 2 0.016022 0.150094 0.777517 0.008019 0.048347
2 2 0.020718 0.173308 0.733543 0.010267 0.062164
2 2 0.022770 0.183322 0.712624 0.011914 0.069370
2 2 0.025798 0.200341 0.679373 0.011626 0.082861
2 2 0.034878 0.221726 0.637194 0.012874 0.093328
2 2 0.036857 0.220280 0.643053 0.012024 0.087786
2 2 0.050540 0.240747 0.599378 0.013646 0.095689
2 2 0.057956 0.233295 0.617259 0.012423 0.079068
2 2 0.054877 0.203139 0.676242 0.011805 0.053937
2 2 0.067701 0.219461 0.638235 0.014073 0.060530
2 2 0.098544 0.262094 0.532162 0.019609 0.087590
2 2 0.130828 0.287991 0.445181 0.026784 0.109215
2 2 0.123708 0.296364 0.428196 0.026489 0.125243
2 2 0.081170 0.275129 0.510041 0.018697 0.114963
2 2 0.048954 0.251764 0.571633 0.014158 0.113491
2 2 0.028686 0.211446 0.659230 0.010386 0.090253
2 2 0.019305 0.173832 0.733179 0.008740 0.064943
2 2 0.020800 0.168797 0.744912 0.008579 0.056912
2 2 0.015746 0.150614 0.776117 0.008131 0.049392
2 2 0.018564 0.161055 0.757883 0.008752 0.053746
2 2 0.025330 0.196465 0.689564 0.010216 0.078425
2 2 0.026493 0.194716 0.694546 0.010104 0.074140
2 2 0.032746 0.215191 0.648611 0.014153 0.089300
2 2 0.055872 0.254383 0.563537 0.016776 0.109432
2 2 0.041122 0.206656 0.670983 0.013187 0.068052
2 2 0.034944 0.181919 0.720401 0.011162 0.051574
2 2 0.027995 0.154692 0.767432 0.011934 0.037947
2 2 0.031817 0.152575 0.768194 0.013357 0.034057
2 2 0.056257 0.214019 0.650998 0.015607 0.063119
2 2 0.107464 0.288312 0.459570 0.024728 0.119925
2 2 0.068975 0.257256 0.555166 0.018236 0.100368
2 2 0.073840 0.255358 0.558135 0.018522 0.094144
2 2 0.097909 0.271102 0.511412 0.020588 0.098989
2 2 0.150024 0.305202 0.384075 0.029122 0.131577
1 2 0.229480 0.321892 0.228833 0.038281 0.181514
1 2 0.226911 0.323576 0.221124 0.033995 0.194395
2 2 0.170693 0.319591 0.322002 0.029655 0.158059
1 2 0.178301 0.329986 0.263166 0.030656 0.197891
1 2 0.175053 0.332589 0.261168 0.027074 0.204116
1 2 0.183773 0.321683 0.230854 0.023749 0.239941
1 0 0.277465 0.304782 0.175834 0.027671 0.214249
0 0 0.513438 0.231761 0.098097 0.027499 0.129205
0 0 0.568358 0.205017 0.137775 0.016285 0.072565
0 0 0.742741 0.123710 0.090970 0.002054 0.040524
0 0 0.717108 0.123585 0.138590 0.002275 0.018442
0 0 0.783600 0.106353 0.091858 0.001534 0.016655
0 0 0.781676 0.112355 0.083010 0.001906 0.021053
0 0 0.818897 0.103807 0.044970 0.001788 0.030538
0 0 0.766530 0.104526 0.028348 0.001689 0.098907
0 0 0.736990 0.089809 0.015589 0.001269 0.156343
0 0 0.655722 0.084723 0.013633 0.001085 0.244836
0 0 0.589923 0.061285 0.007655 0.000451 0.340686
0 0 0.512161 0.058850 0.007745 0.000435 0.420808
0 0 0.610335 0.057029 0.006828 0.000350 0.325458
0 0 0.627464 0.059136 0.006310 0.000435 0.306655
0 0 0.682694 0.082920 0.011470 0.001138 0.221779
0 0 0.635634 0.109029 0.018892 0.002689 0.233755
0 0 0.613724 0.127282 0.025297 0.004408 0.229288
0 0 0.526925 0.139518 0.029965 0.006597 0.296996
4 0 0.276129 0.229383 0.092154 0.010604 0.391730
4 0 0.205834 0.235923 0.108910 0.011235 0.438097
4 0 0.209874 0.210377 0.086030 0.009052 0.484667
4 0 0.267326 0.215095 0.081920 0.011098 0.424561
4 0 0.389377 0.132496 0.028738 0.006536 0.442854
0 0 0.457167 0.187809 0.054511 0.013462 0.287050
0 0 0.579260 0.158005 0.038557 0.009013 0.215164
0 0 0.585909 0.191909 0.059021 0.012872 0.150290
0 0 0.564411 0.196753 0.061374 0.012680 0.164783
0 0 0.566015 0.209480 0.072050 0.018990 0.133466
0 0 0.510255 0.223709 0.081364 0.026059 0.158613
1 0 0.206804 0.307683 0.196907 0.028009 0.260597
1 1 0.160966 0.310369 0.223045 0.028787 0.276832
1 1 0.110671 0.319508 0.288983 0.025449 0.255388
1 1 0.094393 0.318333 0.311128 0.020639 0.255507
2 2 0.053858 0.304354 0.387854 0.016231 0.237703
2 2 0.031686 0.265166 0.500403 0.014007 0.188738
2 2 0.020003 0.220432 0.616039 0.010925 0.132601
2 2 0.023586 0.243498 0.552332 0.012289 0.168295
2 2 0.021931 0.244126 0.541185 0.012403 0.180354
2 2 0.024360 0.263240 0.434791 0.013224 0.264385
2 2 0.023525 0.259988 0.428211 0.011817 0.276460
4 4 0.030058 0.251995 0.331964 0.009644 0.376339
4 4 0.033361 0.208464 0.205890 0.005485 0.546800
4 4 0.035983 0.166696 0.127495 0.003793 0.666032
4 4 0.034077 0.138865 0.092888 0.003017 0.731152
4 4 0.033851 0.125354 0.077143 0.002382 0.761270
4 4 0.037038 0.102453 0.051009 0.001966 0.807534
4 4 0.035869 0.081911 0.034592 0.001618 0.846009
4 4 0.034580 0.059155 0.019689 0.001061 0.885514
4 4 0.018626 0.053880 0.022680 0.000660 0.904154
4 4 0.013768 0.036969 0.013532 0.000311 0.935420
4 4 0.019060 0.040153 0.013298 0.000535 0.926955
4 4 0.024562 0.036777 0.010031 0.000621 0.928009
4 4 0.046062 0.042271 0.009421 0.000819 0.901426
4 4 0.049263 0.045386 0.010339 0.000942 0.894071
4 4 0.092026 0.066897 0.015242 0.001770 0.824064
4 4 0.162179 0.124176 0.035726 0.004558 0.673362
4 0 0.285070 0.139425 0.037340 0.004630 0.533535
4 1 0.152786 0.239738 0.163495 0.009452 0.434529
4 1 0.125270 0.202897 0.100575 0.006934 0.564324
4 4 0.140895 0.283928 0.189849 0.014129 0.371199
4 4 0.152230 0.291540 0.194602 0.013993 0.347635
4 4 0.092289 0.296078 0.257920 0.011489 0.342225
0 4 0.718507 0.131779 0.053457 0.003046 0.093211
0 0 0.682577 0.170123 0.075904 0.009562 0.061835
0 0 0.381216 0.272994 0.138751 0.027453 0.179586
1 0 0.261843 0.306083 0.180800 0.030135 0.221138
4 0 0.113797 0.268984 0.186550 0.015942 0.414727
4 1 0.073429 0.262097 0.219720 0.013314 0.431439
4 1 0.046584 0.218406 0.189680 0.007682 0.537648
4 2 0.023697 0.219432 0.277054 0.005579 0.474238
4 2 0.021111 0.211492 0.273145 0.004419 0.489833
4 2 0.019054 0.196654 0.247948 0.003268 0.533077
4 4 0.018741 0.183520 0.217077 0.002757 0.577905
4 4 0.017408 0.174388 0.203955 0.002274 0.601974
4 4 0.018104 0.179705 0.212038 0.002532 0.587622
4 4 0.016361 0.195615 0.267247 0.002698 0.518080
4 4 0.017779 0.197149 0.259178 0.003029 0.522866
4 4 0.018296 0.128370 0.110307 0.001529 0.741498
4 4 0.019419 0.087943 0.053462 0.001096 0.838080
4 4 0.016486 0.059379 0.028685 0.000600 0.894849
4 4 0.019347 0.053143 0.021711 0.000690 0.905110
4 4 0.021987 0.036965 0.010696 0.000563 0.929789
4 4 0.023246 0.033440 0.008711 0.000572 0.934032
4 4 0.023104 0.022171 0.004235 0.000338 0.950152
4 4 0.025532 0.025853 0.005289 0.000338 0.942987
4 4 0.031593 0.033533 0.007532 0.000500 0.926842
4 4 0.070494 0.041938 0.007570 0.000685 0.879312
4 4 0.086740 0.042424 0.006992 0.000839 0.863005
4 4 0.173907 0.074281 0.013708 0.002538 0.735566
4 2 0.131866 0.155166 0.059105 0.005781 0.648082
4 2 0.159817 0.213804 0.099706 0.008614 0.518059
4 2 0.076770 0.259190 0.209446 0.010383 0.444211
4 2 0.068610 0.261984 0.227382 0.009988 0.432036
4 2 0.027793 0.233273 0.289731 0.006859 0.442345
2 2 0.017215 0.230302 0.376930 0.004859 0.370694
2 2 0.016153 0.226902 0.378348 0.004332 0.374265
4 2 0.017970 0.218133 0.321670 0.004080 0.438148
4 2 0.017432 0.205957 0.287919 0.003317 0.485374
4 4 0.018969 0.185203 0.219671 0.002852 0.573305
4 4 0.017555 0.176441 0.207834 0.002350 0.595821
4 4 0.018983 0.157057 0.158581 0.002132 0.663248
4 4 0.021962 0.147124 0.129644 0.002362 0.698909
4 4 0.025840 0.139322 0.107544 0.002755 0.724539
4 4 0.038127 0.164403 0.120481 0.004500 0.672488
4 4 0.041031 0.184297 0.144532 0.005558 0.624581
4 4 0.039178 0.198144 0.170684 0.005951 0.586042
4 4 0.035068 0.190448 0.167312 0.004368 0.602803
4 4 0.037893 0.179091 0.142555 0.003994 0.636466
4 4 0.030914 0.124765 0.080062 0.002191 0.762068
4 4 0.021269 0.083715 0.046700 0.001191 0.847125
4 4 0.019712 0.071308 0.036367 0.000918 0.871695
4 4 0.024120 0.072343 0.033712 0.001200 0.868624
4 4 0.035895 0.060860 0.020339 0.001056 0.881850
4 4 0.030565 0.052402 0.016871 0.000866 0.899296
4 4 0.036331 0.052799 0.015705 0.000893 0.894273
4 4 0.035662 0.080290 0.033472 0.001535 0.849041
4 4 0.053291 0.120665 0.057400 0.002784 0.765860
4 4 0.056669 0.164030 0.098396 0.003911 0.676994
4 4 0.067340 0.142586 0.069598 0.003363 0.717112
4 4 0.101613 0.194084 0.101855 0.006590 0.595857
4 4 0.127107 0.212466 0.109250 0.008133 0.543044
4 4 0.088386 0.254469 0.187420 0.010140 0.459585
4 4 0.031312 0.247372 0.309565 0.007962 0.403790
2 4 0.022490 0.247214 0.380480 0.007487 0.342329
2 4 0.018046 0.240653 0.411128 0.006302 0.323872
2 4 0.016269 0.237620 0.427268 0.005586 0.313257
2 4 0.015257 0.236446 0.453098 0.005677 0.289522
2 2 0.015144 0.234235 0.471004 0.006267 0.273349
2 2 0.015731 0.240113 0.465651 0.006463 0.272042
2 2 0.012569 0.206987 0.592549 0.007578 0.180316
2 2 0.010601 0.182359 0.655812 0.006920 0.144307
2 2 0.009739 0.167302 0.693239 0.006794 0.122926
2 2 0.009645 0.160635 0.717944 0.006377 0.105400
2 2 0.012069 0.188670 0.665958 0.006569 0.126734
2 2 0.012046 0.181102 0.687099 0.006734 0.113019
2 2 0.012225 0.176010 0.698909 0.007249 0.105607
2 2 0.011490 0.154676 0.742730 0.008063 0.083040
2 2 0.014405 0.192740 0.671407 0.007700 0.113747
2 2 0.011023 0.144822 0.768932 0.007232 0.067992
2 2 0.011281 0.140278 0.779117 0.007615 0.061709
2 2 0.007284 0.080244 0.877826 0.008760 0.025886
2 2 0.008543 0.093463 0.857949 0.008696 0.031349
2 2 0.008572 0.087839 0.869461 0.008378 0.025750
2 2 0.009513 0.097034 0.854641 0.008773 0.030039
2 2 0.008010 0.079698 0.882239 0.008369 0.021684
2 2 0.008753 0.094664 0.860170 0.007513 0.028901
2 2 0.007651 0.082596 0.879946 0.006909 0.022898
2 2 0.006625 0.075230 0.892105 0.005992 0.020048
2 2 0.004786 0.053871 0.924025 0.005321 0.011998
2 2 0.004698 0.050498 0.927403 0.006168 0.011232
2 2 0.005613 0.059032 0.915931 0.006133 0.013291
2 2 0.006773 0.068229 0.901911 0.006921 0.016166
2 2 0.006803 0.064994 0.905455 0.007745 0.015003
2 2 0.009418 0.080226 0.879132 0.010851 0.020373
2 2 0.013496 0.114054 0.826994 0.011646 0.033810
2 2 0.017898 0.141813 0.781553 0.013120 0.045614
2 2 0.020490 0.174455 0.729138 0.011201 0.064716
2 2 0.018411 0.160431 0.748006 0.012628 0.060525
2 2 0.011896 0.118172 0.821792 0.009176 0.038965
2 2 0.008563 0.084852 0.875071 0.008254 0.023260
2 2 0.005929 0.056352 0.918061 0.007501 0.012156
2 2 0.005178 0.043083 0.935136 0.008785 0.007817
2 2 0.005726 0.047435 0.928755 0.009114 0.008969
2 2 0.005313 0.039581 0.939048 0.009697 0.006363
2 2 0.004341 0.028903 0.952470 0.010466 0.003819
2 2 0.002992 0.017519 0.965306 0.012313 0.001870
2 2 0.003414 0.019144 0.961069 0.014240 0.002132
2 2 0.003453 0.020091 0.961365 0.012840 0.002250
2 2 0.003152 0.018429 0.964610 0.011863 0.001947
2 2 0.002852 0.016530 0.968124 0.010891 0.001603
2 2 0.002224 0.011084 0.972022 0.013768 0.000902
2 2 0.002474 0.012353 0.968990 0.015095 0.001088
2 2 0.004134 0.022132 0.955270 0.015913 0.002551
2 2 0.004883 0.028551 0.947511 0.015191 0.003864
2 2 0.004545 0.024674 0.947987 0.019461 0.003333
2 2 0.005270 0.029895 0.937211 0.022708 0.004916
2 2 0.007351 0.040977 0.918817 0.025252 0.007603
2 2 0.008936 0.049533 0.902838 0.028407 0.010287
2 2 0.008704 0.049621 0.906910 0.024834 0.009930
2 3 0.007095 0.037384 0.920773 0.028100 0.006649
2 3 0.006539 0.032080 0.928489 0.027944 0.004947
2 3 0.006581 0.027779 0.926864 0.034966 0.003811
2 3 0.002846 0.012957 0.960346 0.022579 0.001273
2 3 0.002385 0.011225 0.967618 0.017796 0.000976
2 3 0.002628 0.011935 0.965900 0.018512 0.001025
2 3 0.003002 0.013309 0.961482 0.020988 0.001218
2 3 0.004107 0.016236 0.947515 0.030498 0.001644
2 3 0.004454 0.017504 0.943609 0.032574 0.001859
2 3 0.007986 0.034286 0.916236 0.036292 0.005200
2 3 0.008589 0.040644 0.910121 0.033585 0.007061
2 3 0.010503 0.055075 0.890866 0.031881 0.011675
2 3 0.011100 0.058588 0.884932 0.032475 0.012905
2 3 0.011935 0.056856 0.877799 0.041070 0.012341
2 3 0.010240 0.044692 0.893063 0.043698 0.008306
2 3 0.009525 0.038643 0.895523 0.049595 0.006714
2 3 0.008061 0.029487 0.899111 0.058775 0.004565
2 3 0.008330 0.027212 0.887043 0.073381 0.004033
2 3 0.010397 0.031212 0.874545 0.079363 0.004482
2 3 0.012842 0.044027 0.872775 0.063092 0.007263
2 3 0.018821 0.076158 0.848884 0.041559 0.014578
2 3 0.022503 0.099889 0.822148 0.033746 0.021714
2 2 0.066427 0.241103 0.577093 0.028595 0.086783
2 2 0.076441 0.295660 0.415631 0.032825 0.179443
2 2 0.072395 0.305657 0.389660 0.027860 0.204428
1 2 0.115755 0.326834 0.304100 0.030180 0.223131
2 2 0.095854 0.312870 0.381875 0.025300 0.184101
1 2 0.118249 0.328323 0.304218 0.027598 0.221612
2 2 0.081597 0.320012 0.346320 0.020718 0.231352
2 2 0.058323 0.301768 0.417168 0.015177 0.207565
2 2 0.051780 0.288341 0.463532 0.014130 0.182217
2 2 0.053062 0.287012 0.470228 0.014291 0.175408
2 2 0.036076 0.239858 0.597477 0.010748 0.115840
2 2 0.022226 0.192676 0.696180 0.008966 0.079952
2 2 0.026821 0.213052 0.651680 0.011278 0.097168
2 2 0.035390 0.252244 0.551636 0.016116 0.144615
2 2 0.074995 0.314816 0.358915 0.022930 0.228345
2 2 0.114042 0.315329 0.348316 0.022843 0.199470
1 2 0.174408 0.310858 0.291182 0.026155 0.197397
