0 0 0.985477 0.006070 0.000680 0.000008 0.007766
0 0 0.837877 0.070009 0.024676 0.001165 0.066273
0 0 0.855490 0.062649 0.020802 0.000913 0.060146
0 0 0.843787 0.073048 0.021722 0.000608 0.060835
0 0 0.787992 0.101785 0.033041 0.000879 0.076303
0 0 0.795331 0.096193 0.032080 0.000970 0.075426
0 0 0.825574 0.078921 0.026353 0.000958 0.068194
0 0 0.858385 0.060993 0.020308 0.000920 0.059394
0 0 0.854205 0.061733 0.021483 0.001092 0.061487
0 0 0.874260 0.053322 0.017293 0.000815 0.054310
0 0 0.880807 0.049534 0.016252 0.000844 0.052563
0 0 0.893624 0.044144 0.013777 0.000683 0.047772
0 0 0.910532 0.039018 0.010241 0.000342 0.039866
0 0 0.801243 0.096209 0.029800 0.000731 0.072017
0 0 0.809852 0.091097 0.028241 0.000730 0.070079
0 0 0.795756 0.095358 0.032195 0.001017 0.075674
0 0 0.828742 0.075447 0.026278 0.001122 0.068410
0 0 0.837862 0.070905 0.024420 0.001067 0.065746
0 0 0.870617 0.053549 0.018375 0.001015 0.056443
0 0 0.854681 0.057549 0.022436 0.001676 0.063657
0 0 0.910845 0.035469 0.010977 0.000637 0.042072
0 0 0.878239 0.050738 0.016731 0.000863 0.053428
0 0 0.877890 0.049503 0.017151 0.001041 0.054415
0 0 0.842588 0.066097 0.024173 0.001333 0.065809
0 0 0.874322 0.056450 0.016431 0.000541 0.052256
0 0 0.846347 0.072319 0.021061 0.000560 0.059712
0 0 0.841002 0.074807 0.022152 0.000600 0.061440
0 0 0.799312 0.096431 0.030465 0.000789 0.073003
0 0 0.766913 0.112050 0.037905 0.001034 0.082098
0 0 0.788398 0.101118 0.033111 0.000908 0.076465
0 0 0.835787 0.078419 0.022863 0.000568 0.062363
0 0 0.839077 0.075590 0.022583 0.000622 0.062129
0 0 0.839068 0.073591 0.023197 0.000762 0.063383
0 0 0.849554 0.066294 0.021752 0.000878 0.061521
0 0 0.880565 0.049715 0.016280 0.000838 0.052602
0 0 0.897258 0.041921 0.013265 0.000714 0.046842
0 0 0.894857 0.042397 0.013841 0.000807 0.048097
0 0 0.905717 0.037332 0.011955 0.000734 0.044263
0 0 0.903556 0.038789 0.012221 0.000693 0.044741
0 0 0.875243 0.050326 0.017757 0.001120 0.055554
0 0 0.858618 0.058157 0.021002 0.001250 0.060973
0 0 0.822685 0.074593 0.028691 0.001640 0.072391
0 0 0.846137 0.060795 0.024405 0.001889 0.066775
0 0 0.875292 0.045993 0.018756 0.001932 0.058026
0 0 0.868393 0.047822 0.020423 0.002322 0.061040
0 0 0.880526 0.046470 0.017089 0.001298 0.054617
0 0 0.905022 0.034783 0.012690 0.001202 0.046303
0 0 0.927578 0.022461 0.009199 0.001738 0.039023
0 0 0.937863 0.018021 0.007511 0.001783 0.034822
0 0 0.905050 0.027269 0.013777 0.004058 0.049846
0 0 0.907301 0.026646 0.013316 0.003875 0.048862
0 0 0.917671 0.023756 0.011247 0.003081 0.044245
0 1 0.937338 0.017093 0.006209 0.001296 0.038063
0 1 0.921054 0.024035 0.007283 0.000789 0.046839
0 1 0.800577 0.064357 0.017358 0.000941 0.116768
0 1 0.674175 0.124955 0.033582 0.000985 0.166304
0 1 0.698119 0.134895 0.033774 0.000602 0.132611
0 2 0.624040 0.185929 0.057800 0.001002 0.131229
0 2 0.637287 0.180104 0.059127 0.001126 0.122356
0 2 0.581381 0.227308 0.077942 0.001040 0.112329
2 2 0.046294 0.301058 0.571822 0.009718 0.071108
2 2 0.038800 0.265094 0.618229 0.009693 0.068184
2 2 0.018897 0.158240 0.762576 0.013567 0.046722
2 2 0.020103 0.168546 0.750590 0.012828 0.047933
2 2 0.021455 0.172561 0.742487 0.012415 0.051082
2 2 0.027541 0.202038 0.699216 0.010962 0.060245
2 2 0.028283 0.199857 0.698851 0.012490 0.060518
2 2 0.037763 0.219679 0.655063 0.014433 0.073062
2 2 0.029949 0.188294 0.701511 0.022314 0.057932
2 2 0.035317 0.218512 0.662903 0.027295 0.055973
2 2 0.032729 0.214932 0.674639 0.021395 0.056304
2 2 0.026236 0.171518 0.724028 0.026185 0.052032
2 2 0.016113 0.123731 0.793802 0.025804 0.040550
2 2 0.023935 0.149320 0.744158 0.032052 0.050535
2 2 0.005270 0.046667 0.853081 0.077400 0.017582
2 2 0.005056 0.040977 0.800018 0.139150 0.014798
2 2 0.005916 0.045420 0.783552 0.149233 0.015880
2 2 0.008997 0.065252 0.800699 0.102517 0.022536
2 2 0.010381 0.070420 0.777360 0.118226 0.023613
2 2 0.008201 0.050730 0.684608 0.239634 0.016827
2 2 0.005874 0.034976 0.535267 0.413541 0.010343
3 3 0.008845 0.040865 0.452996 0.484765 0.012529
3 3 0.013153 0.042382 0.299829 0.631754 0.012881
3 3 0.010949 0.036234 0.249898 0.693292 0.009627
3 3 0.010740 0.033268 0.204212 0.743517 0.008263
3 3 0.010319 0.032549 0.202586 0.746614 0.007932
3 3 0.014591 0.047893 0.260482 0.665624 0.011409
3 3 0.016904 0.060740 0.308034 0.600950 0.013371
3 3 0.013361 0.047605 0.266290 0.662299 0.010446
3 3 0.007142 0.026586 0.187747 0.773080 0.005445
3 3 0.007523 0.027362 0.189825 0.769546 0.005743
3 3 0.005161 0.022197 0.174999 0.793735 0.003907
3 3 0.005401 0.022765 0.176753 0.790989 0.004093
3 3 0.004219 0.019832 0.167317 0.805452 0.003180
3 3 0.007296 0.026902 0.188600 0.771636 0.005566
3 3 0.010138 0.033491 0.209338 0.739231 0.007803
3 3 0.014453 0.045220 0.247831 0.681226 0.011270
3 3 0.015390 0.051438 0.273382 0.647716 0.012074
3 3 0.024808 0.078857 0.342843 0.533611 0.019880
3 3 0.025942 0.087708 0.370663 0.495224 0.020463
3 3 0.036763 0.103992 0.385912 0.445776 0.027556
3 3 0.036852 0.103934 0.384616 0.446622 0.027976
3 3 0.014586 0.054616 0.293364 0.625953 0.011480
3 3 0.014394 0.052098 0.282362 0.639844 0.011302
3 3 0.006443 0.025112 0.183660 0.779885 0.004901
3 3 0.006661 0.025579 0.184974 0.777717 0.005071
3 3 0.005073 0.021984 0.174331 0.794774 0.003839
3 3 0.007670 0.029158 0.200519 0.756783 0.005870
3 3 0.010846 0.040485 0.244865 0.695385 0.008419
3 3 0.008923 0.034068 0.221553 0.728581 0.006875
3 3 0.005512 0.023025 0.177544 0.789740 0.004179
3 3 0.007244 0.026795 0.188312 0.772124 0.005525
3 2 0.026916 0.076490 0.325846 0.549220 0.021527
3 2 0.016493 0.047453 0.248495 0.674673 0.012887
3 2 0.010006 0.032285 0.203010 0.747009 0.007689
3 2 0.009647 0.034572 0.219170 0.729175 0.007436
3 3 0.013239 0.051378 0.286160 0.638833 0.010390
2 3 0.038190 0.130848 0.444984 0.354404 0.031574
2 3 0.057854 0.184086 0.484078 0.225518 0.048464
3 3 0.010648 0.035465 0.217575 0.728096 0.008216
3 3 0.007131 0.027301 0.192689 0.767435 0.005443
3 3 0.004905 0.021575 0.173038 0.796773 0.003709
3 3 0.006212 0.024609 0.182222 0.782235 0.004722
3 3 0.006043 0.024234 0.181137 0.783995 0.004591
3 3 0.006993 0.027631 0.196145 0.763890 0.005341
3 3 0.008313 0.034474 0.229109 0.721695 0.006409
3 3 0.010045 0.042606 0.262922 0.676609 0.007818
3 3 0.014067 0.057582 0.310884 0.606365 0.011103
3 3 0.016056 0.058690 0.303619 0.608956 0.012679
3 3 0.009697 0.035414 0.223823 0.723582 0.007483
3 3 0.009839 0.038449 0.240642 0.703448 0.007621
3 3 0.008554 0.034236 0.225585 0.725033 0.006592
3 3 0.008584 0.036628 0.240061 0.708089 0.006637
3 3 0.009335 0.040166 0.254765 0.688488 0.007246
3 3 0.008717 0.036489 0.238060 0.709996 0.006738
3 3 0.007073 0.029036 0.204939 0.753538 0.005413
3 3 0.004969 0.021733 0.173541 0.795997 0.003759
3 3 0.004074 0.019447 0.166006 0.807404 0.003068
3 3 0.002914 0.016107 0.153766 0.825034 0.002179
3 3 0.003610 0.018171 0.161518 0.813989 0.002712
3 3 0.003755 0.018576 0.162967 0.811879 0.002823
3 3 0.003550 0.018000 0.160902 0.814882 0.002666
3 3 0.003755 0.018577 0.162969 0.811877 0.002823
3 3 0.003725 0.018495 0.162678 0.812301 0.002800
3 3 0.004400 0.020303 0.168901 0.803076 0.003319
3 3 0.007797 0.031281 0.213290 0.741647 0.005986
3 3 0.013028 0.049807 0.279646 0.647310 0.010209
3 3 0.022659 0.081430 0.361914 0.515800 0.018198
3 3 0.010104 0.039083 0.242307 0.700673 0.007832
3 3 0.004924 0.021621 0.173186 0.796546 0.003724
3 3 0.004327 0.020115 0.168274 0.804020 0.003263
3 3 0.004343 0.020156 0.168407 0.803819 0.003275
3 3 0.006978 0.030912 0.218449 0.738305 0.005355
3 3 0.006399 0.029581 0.215329 0.743788 0.004903
3 3 0.009433 0.041992 0.264552 0.676685 0.007338
3 3 0.008157 0.035266 0.235439 0.714842 0.006296
3 3 0.005946 0.025071 0.188148 0.776311 0.004524
3 3 0.005062 0.021958 0.174249 0.794901 0.003830
3 3 0.008367 0.032668 0.217328 0.735201 0.006435
3 3 0.010152 0.037020 0.229993 0.714985 0.007849
3 3 0.009026 0.032510 0.211190 0.740335 0.006939
3 3 0.006824 0.025925 0.185936 0.776117 0.005198
3 3 0.006910 0.026104 0.186430 0.775292 0.005264
3 3 0.009783 0.035259 0.222277 0.725133 0.007548
3 3 0.013737 0.047678 0.264362 0.663482 0.010740
3 3 0.019108 0.065009 0.314827 0.585893 0.015163
3 3 0.013345 0.045697 0.256596 0.673950 0.010413
3 3 0.010918 0.039917 0.241170 0.699526 0.008469
3 3 0.011022 0.039727 0.239385 0.701319 0.008548
3 3 0.008337 0.031172 0.208110 0.745983 0.006399
3 3 0.006616 0.026599 0.192486 0.769254 0.005045
3 3 0.005373 0.023201 0.180329 0.787023 0.004075
3 3 0.005030 0.021882 0.174010 0.795272 0.003806
3 3 0.006587 0.027184 0.196830 0.764371 0.005028
3 3 0.005127 0.022114 0.174740 0.794138 0.003881
3 3 0.004335 0.020136 0.168342 0.803918 0.003270
3 3 0.004065 0.019424 0.165928 0.807521 0.003062
3 3 0.004994 0.021794 0.173732 0.795702 0.003778
3 3 0.004957 0.021703 0.173447 0.796142 0.003750
3 3 0.004220 0.019835 0.167330 0.805434 0.003181
3 3 0.009733 0.040970 0.256117 0.685618 0.007562
3 3 0.016746 0.067657 0.339194 0.563080 0.013323
3 3 0.016312 0.065301 0.331652 0.573780 0.012955
3 3 0.011118 0.046467 0.275784 0.657943 0.008687
3 3 0.005796 0.023677 0.179499 0.786629 0.004399
3 3 0.007355 0.028564 0.199255 0.759200 0.005625
3 3 0.008880 0.033476 0.218248 0.732560 0.006837
3 3 0.008575 0.032657 0.215574 0.736599 0.006595
3 3 0.007874 0.028709 0.195908 0.761486 0.006023
3 3 0.006464 0.025158 0.183792 0.779667 0.004918
3 3 0.008915 0.035216 0.228648 0.720343 0.006879
3 3 0.008729 0.036120 0.235701 0.712706 0.006744
3 3 0.015537 0.060107 0.313189 0.598880 0.012287
3 3 0.008127 0.033004 0.221467 0.731148 0.006254
3 3 0.006552 0.027419 0.198790 0.762236 0.005003
3 3 0.004386 0.020268 0.168783 0.803255 0.003309
3 3 0.004766 0.021232 0.171940 0.798460 0.003602
3 3 0.005688 0.023433 0.178771 0.787792 0.004316
3 3 0.005827 0.023749 0.179712 0.786289 0.004423
3 3 0.008077 0.030192 0.203917 0.751623 0.006191
3 3 0.012608 0.043789 0.251148 0.682634 0.009820
3 3 0.022723 0.081207 0.360787 0.517036 0.018246
2 3 0.034990 0.113269 0.412050 0.411049 0.028641
2 2 0.081403 0.213054 0.457631 0.150434 0.097478
2 2 0.070356 0.233146 0.482569 0.041779 0.172150
2 2 0.061548 0.207089 0.458840 0.020498 0.252026
2 2 0.050901 0.184118 0.478068 0.015797 0.271117
2 2 0.057138 0.213480 0.450435 0.012476 0.266471
2 2 0.059794 0.219243 0.474097 0.013082 0.233784
2 2 0.058730 0.199488 0.537341 0.019439 0.185002
2 2 0.046548 0.150374 0.623963 0.026819 0.152297
2 2 0.043104 0.140572 0.658659 0.030382 0.127284
2 2 0.031110 0.115448 0.732258 0.032932 0.088251
2 2 0.026890 0.095350 0.749428 0.050274 0.078058
2 2 0.031673 0.093167 0.724848 0.059061 0.091251
2 2 0.056629 0.159764 0.555043 0.027499 0.201065
2 2 0.056595 0.190298 0.514942 0.016685 0.221480
2 2 0.057490 0.202254 0.470980 0.014854 0.254422
2 2 0.060068 0.218151 0.408298 0.013127 0.300356
4 2 0.058390 0.239529 0.311718 0.008847 0.381517
4 2 0.052827 0.242683 0.312375 0.006882 0.385232
4 2 0.044206 0.218304 0.259329 0.006195 0.471965
4 2 0.047688 0.219712 0.311058 0.007678 0.413864
4 2 0.047785 0.212432 0.264914 0.008055 0.466814
4 2 0.047515 0.214116 0.244080 0.007455 0.486834
4 2 0.045350 0.204267 0.175007 0.006418 0.568958
4 2 0.050922 0.226676 0.157257 0.005518 0.559627
4 2 0.054207 0.234714 0.129893 0.004936 0.576251
4 2 0.068321 0.284129 0.236507 0.006255 0.404788
2 2 0.072766 0.262166 0.347842 0.010416 0.306810
2 2 0.075554 0.224251 0.462667 0.021031 0.216497
2 2 0.068381 0.203674 0.533462 0.025841 0.168642
2 2 0.045264 0.131969 0.667792 0.048525 0.106450
2 2 0.027499 0.088235 0.744270 0.057772 0.082224
2 2 0.015915 0.061100 0.798240 0.067456 0.057288
2 2 0.011128 0.050107 0.828121 0.065799 0.044844
2 2 0.008691 0.044033 0.831621 0.081266 0.034388
2 2 0.008425 0.045908 0.851450 0.058289 0.035928
2 2 0.010089 0.053011 0.854920 0.035397 0.046582
2 2 0.004516 0.032752 0.902363 0.033263 0.027107
2 2 0.011855 0.057128 0.844785 0.030794 0.055437
2 2 0.008686 0.047316 0.859994 0.044018 0.039987
2 2 0.015233 0.070347 0.822355 0.028687 0.063378
2 2 0.011575 0.057279 0.847062 0.029838 0.054246
2 2 0.009121 0.050676 0.864570 0.030783 0.044850
2 2 0.005059 0.033115 0.892653 0.040036 0.029137
2 2 0.004299 0.029404 0.894336 0.046890 0.025071
2 2 0.004369 0.030131 0.889156 0.052250 0.024093
2 2 0.008213 0.049809 0.868285 0.035517 0.038176
2 2 0.006575 0.038659 0.871634 0.050712 0.032421
2 2 0.007131 0.040808 0.862741 0.056418 0.032902
2 2 0.007488 0.039994 0.858007 0.059538 0.034973
2 2 0.010148 0.047793 0.832290 0.068595 0.041174
2 2 0.008106 0.040203 0.850890 0.063160 0.037642
2 2 0.005918 0.035351 0.857898 0.073883 0.026950
2 2 0.006556 0.037689 0.835284 0.094143 0.026328
2 2 0.005552 0.035044 0.839159 0.097766 0.022479
2 2 0.006433 0.037566 0.829031 0.102002 0.024968
2 2 0.006372 0.037279 0.834075 0.096913 0.025361
2 2 0.005778 0.035612 0.840213 0.094814 0.023584
2 2 0.003777 0.029075 0.866065 0.083692 0.017391
2 2 0.003279 0.027616 0.852842 0.102206 0.014057
2 2 0.003703 0.028700 0.870798 0.079270 0.017528
2 2 0.003125 0.026171 0.888096 0.066178 0.016431
2 2 0.003234 0.026868 0.878447 0.075493 0.015958
2 2 0.005528 0.034927 0.841181 0.095749 0.022614
2 2 0.008930 0.044238 0.812958 0.101392 0.032482
2 2 0.013789 0.071416 0.794563 0.081596 0.038636
2 2 0.011615 0.081723 0.823567 0.050489 0.032607
2 1 0.009190 0.075563 0.852641 0.032020 0.030586
2 2 0.011203 0.094755 0.832379 0.029317 0.032346
2 2 0.015047 0.119574 0.803831 0.019186 0.042362
2 2 0.015109 0.112868 0.808306 0.015975 0.047741
2 2 0.006445 0.047824 0.866115 0.054343 0.025273
2 2 0.011196 0.065850 0.812521 0.077591 0.032843
2 2 0.012568 0.082772 0.818658 0.050455 0.035547
2 2 0.014672 0.096910 0.809545 0.038350 0.040523
2 2 0.013819 0.092826 0.822075 0.027553 0.043728
2 2 0.008312 0.056532 0.831859 0.077105 0.026191
2 2 0.006118 0.043742 0.815044 0.115855 0.019240
2 2 0.004155 0.031552 0.764488 0.187046 0.012759
2 2 0.003062 0.027416 0.736364 0.224260 0.008898
2 2 0.003481 0.028953 0.694969 0.263558 0.009039
2 2 0.003251 0.028142 0.718068 0.241562 0.008977
2 2 0.001991 0.022378 0.709926 0.260062 0.005643
2 2 0.007141 0.040057 0.660100 0.276549 0.016153
2 2 0.022221 0.076968 0.710683 0.138336 0.051792
2 1 0.024642 0.086137 0.703730 0.131701 0.053790
2 2 0.023710 0.102726 0.718016 0.108571 0.046978
2 2 0.025582 0.122532 0.731106 0.069352 0.051429
2 2 0.034992 0.152275 0.692317 0.055951 0.064465
2 2 0.039555 0.153817 0.676466 0.057246 0.072915
2 2 0.058211 0.184638 0.588388 0.090519 0.078244
2 2 0.007830 0.042072 0.711552 0.218494 0.020052
2 2 0.013700 0.057421 0.628172 0.274630 0.026077
2 2 0.010252 0.051402 0.672501 0.244052 0.021792
2 2 0.009457 0.051351 0.680202 0.239036 0.019954
2 2 0.005004 0.033507 0.609898 0.341169 0.010422
2 3 0.003885 0.029172 0.559351 0.400114 0.007478
2 3 0.003100 0.026485 0.579597 0.384458 0.006360
2 3 0.009986 0.053212 0.709383 0.204828 0.022592
2 3 0.007559 0.041140 0.626014 0.309657 0.015629
2 3 0.007341 0.043572 0.657611 0.276019 0.015457
2 1 0.013111 0.076184 0.754808 0.127527 0.028369
2 2 0.011752 0.067990 0.759530 0.133669 0.027059
2 2 0.005796 0.036724 0.754013 0.186507 0.016959
2 2 0.006858 0.039647 0.737037 0.197500 0.018959
2 2 0.009069 0.044440 0.636595 0.290765 0.019130
2 2 0.012586 0.049517 0.500255 0.418551 0.019090
2 2 0.017138 0.069741 0.563900 0.324040 0.025180
3 2 0.013632 0.053203 0.413073 0.504366 0.015726
2 2 0.045259 0.132539 0.486343 0.290952 0.044908
2 2 0.048065 0.137259 0.534570 0.224582 0.055524
2 2 0.030272 0.108577 0.578113 0.243639 0.039399
3 2 0.011398 0.047003 0.413843 0.513868 0.013888
2 2 0.009163 0.045126 0.479203 0.453640 0.012868
2 1 0.010729 0.055521 0.587179 0.329204 0.017366
2 2 0.024974 0.099618 0.683907 0.151183 0.040317
2 2 0.009193 0.048197 0.702937 0.218809 0.020864
2 2 0.006481 0.039200 0.707141 0.230844 0.016334
2 2 0.010266 0.054984 0.760062 0.147948 0.026740
2 2 0.022334 0.093401 0.719580 0.118414 0.046271
2 2 0.020409 0.088669 0.723964 0.124838 0.042119
2 2 0.018429 0.096221 0.733684 0.115797 0.035869
2 1 0.015994 0.093102 0.761923 0.095240 0.033741
2 2 0.013793 0.084995 0.739768 0.134997 0.026446
2 2 0.033606 0.136092 0.625057 0.160478 0.044768
2 2 0.054011 0.154598 0.540392 0.190305 0.060694
2 2 0.033462 0.105709 0.554898 0.262581 0.043350
2 2 0.139827 0.191570 0.395139 0.172153 0.101311
2 1 0.212134 0.200959 0.330246 0.145377 0.111284
0 2 0.446116 0.162614 0.182789 0.068227 0.140254
0 1 0.572471 0.144132 0.117173 0.025692 0.140532
0 1 0.646051 0.150049 0.077786 0.005158 0.120956
1 1 0.294543 0.337753 0.223541 0.007737 0.136426
1 2 0.255492 0.384641 0.222959 0.004377 0.132531
1 2 0.141213 0.367444 0.359607 0.014007 0.117729
2 2 0.057628 0.255598 0.582458 0.020935 0.083381
2 1 0.140042 0.308663 0.409329 0.020306 0.121661
1 2 0.207314 0.368818 0.279234 0.010126 0.134509
1 2 0.266535 0.393707 0.193483 0.002657 0.143618
1 1 0.243302 0.413001 0.200265 0.002377 0.141054
1 2 0.284744 0.405693 0.171938 0.001577 0.136048
1 1 0.223180 0.443904 0.197267 0.001608 0.134040
1 1 0.207660 0.451407 0.205622 0.001683 0.133628
1 1 0.220831 0.454190 0.192555 0.001334 0.131090
1 1 0.124176 0.475555 0.286711 0.003006 0.110552
1 2 0.120089 0.474051 0.297874 0.003289 0.104697
1 2 0.112598 0.473067 0.311743 0.003618 0.098974
1 2 0.105458 0.452447 0.339969 0.005468 0.096658
1 2 0.088279 0.419348 0.396022 0.009305 0.087046
2 2 0.068293 0.376238 0.465277 0.009293 0.080900
2 2 0.039154 0.285598 0.603012 0.010154 0.062082
2 2 0.039601 0.281941 0.605066 0.011041 0.062352
2 2 0.033928 0.254615 0.642251 0.012966 0.056240
2 2 0.059974 0.342005 0.508067 0.009349 0.080605
2 2 0.059438 0.332960 0.517118 0.010586 0.079898
2 2 0.068580 0.367177 0.473631 0.011613 0.078999
2 2 0.070175 0.389560 0.454021 0.011150 0.075094
2 2 0.070424 0.403850 0.442987 0.010913 0.071826
2 2 0.048658 0.312546 0.559036 0.011465 0.068295
2 2 0.034948 0.244653 0.646816 0.014192 0.059392
2 2 0.035673 0.222239 0.660515 0.022698 0.058876
2 2 0.046557 0.259864 0.606075 0.022117 0.065386
2 2 0.068151 0.338200 0.502224 0.016392 0.075034
2 2 0.086177 0.366677 0.450903 0.015653 0.080590
1 2 0.131101 0.412821 0.349783 0.009373 0.096922
1 2 0.167327 0.427753 0.287059 0.005194 0.112668
1 2 0.287224 0.393506 0.177476 0.002011 0.139784
1 1 0.342831 0.352606 0.160509 0.002328 0.141726
0 1 0.355792 0.344101 0.156189 0.002355 0.141563
1 2 0.266729 0.384763 0.201132 0.003310 0.144066
1 2 0.220557 0.403479 0.243232 0.004525 0.128208
1 0 0.273001 0.402735 0.189111 0.002171 0.132982
1 1 0.181299 0.451775 0.248081 0.002730 0.116116
1 2 0.137669 0.466851 0.278459 0.003119 0.113902
1 2 0.112629 0.439618 0.334549 0.006349 0.106854
1 2 0.116907 0.443332 0.327628 0.005814 0.106319
1 2 0.096716 0.446452 0.358234 0.006385 0.092213
1 2 0.091814 0.447793 0.363243 0.006391 0.090760
1 1 0.099129 0.440229 0.358893 0.006972 0.094777
1 2 0.155756 0.413207 0.300734 0.007099 0.123205
1 2 0.249532 0.378897 0.216118 0.004485 0.150968
2 2 0.058420 0.277922 0.559705 0.015287 0.088665
2 0 0.067933 0.315053 0.513830 0.016977 0.086207
1 0 0.155135 0.366798 0.351502 0.016302 0.110264
0 1 0.431593 0.286296 0.136732 0.003192 0.142187
0 2 0.524531 0.239710 0.103620 0.002408 0.129730
0 2 0.345478 0.333045 0.169682 0.003591 0.148205
1 0 0.212103 0.371744 0.271533 0.009080 0.135540
0 1 0.375064 0.300723 0.166496 0.005170 0.152547
0 2 0.470298 0.262265 0.124714 0.003285 0.139439
0 2 0.353957 0.332030 0.164254 0.003257 0.146501
1 1 0.143083 0.403513 0.334951 0.009883 0.108570
2 2 0.055961 0.308263 0.545919 0.014853 0.075005
2 2 0.034091 0.238791 0.653923 0.017040 0.056155
2 2 0.017715 0.159040 0.766195 0.016951 0.040098
2 2 0.006902 0.075036 0.871188 0.023008 0.023865
2 2 0.003523 0.038337 0.880686 0.063886 0.013568
2 2 0.007382 0.064999 0.847410 0.058383 0.021826
2 2 0.019446 0.123916 0.777659 0.030817 0.048162
2 2 0.028024 0.139944 0.735050 0.031259 0.065723
2 2 0.041739 0.165254 0.674173 0.026848 0.091986
2 4 0.070956 0.239401 0.432425 0.014110 0.243108
4 4 0.077545 0.264952 0.235324 0.010228 0.411950
4 4 0.062841 0.248774 0.148751 0.006180 0.533454
4 4 0.057377 0.214768 0.094674 0.005802 0.627378
4 4 0.056285 0.194722 0.090278 0.007268 0.651448
4 4 0.048642 0.169609 0.067787 0.006431 0.707532
4 4 0.034750 0.119471 0.045121 0.006320 0.794338
4 4 0.024037 0.084053 0.029397 0.005521 0.856991
4 4 0.022068 0.078492 0.026747 0.005155 0.867539
4 4 0.019371 0.075545 0.023667 0.003891 0.877526
4 4 0.018045 0.076149 0.022354 0.003093 0.880359
4 4 0.019863 0.090221 0.025616 0.002613 0.861687
4 4 0.025643 0.112649 0.034196 0.003051 0.824461
4 4 0.041089 0.164418 0.058028 0.004311 0.732154
4 4 0.057768 0.198883 0.083197 0.006747 0.653405
4 4 0.052674 0.192574 0.075929 0.005679 0.673143
4 4 0.043218 0.173337 0.061797 0.004317 0.717331
4 4 0.036118 0.145941 0.067410 0.005293 0.745238
4 4 0.028093 0.119791 0.053368 0.004546 0.794202
4 4 0.026391 0.102153 0.033918 0.004315 0.833223
4 4 0.015062 0.060918 0.017865 0.003279 0.902877
4 4 0.017980 0.046175 0.012890 0.003391 0.919564
4 4 0.030032 0.050557 0.013510 0.003284 0.902617
4 4 0.031861 0.048612 0.012149 0.002754 0.904624
4 4 0.029883 0.036963 0.006709 0.001118 0.925326
4 4 0.036729 0.035860 0.005902 0.000881 0.920627
4 4 0.029730 0.035590 0.006178 0.000986 0.927516
4 4 0.027507 0.042951 0.006495 0.000571 0.922476
4 4 0.020543 0.051709 0.008777 0.000692 0.918280
4 4 0.016557 0.059355 0.014125 0.001768 0.908196
4 4 0.027375 0.110310 0.034242 0.003376 0.824698
4 4 0.027210 0.104535 0.035073 0.004436 0.828746
4 4 0.028315 0.105385 0.036372 0.004876 0.825052
4 4 0.020886 0.063219 0.016406 0.002412 0.897076
4 4 0.034270 0.087132 0.024340 0.002958 0.851300
4 4 0.031383 0.081261 0.026901 0.005108 0.855348
4 4 0.025024 0.068305 0.028439 0.010754 0.867478
4 4 0.021172 0.047472 0.013041 0.003338 0.914977
4 4 0.028160 0.046558 0.011440 0.002574 0.911269
4 4 0.028631 0.048559 0.010934 0.001923 0.909953
4 4 0.034961 0.088594 0.021833 0.001987 0.852625
4 4 0.019039 0.072984 0.017120 0.001585 0.889271
4 4 0.018606 0.087548 0.021115 0.001560 0.871172
4 4 0.012903 0.058524 0.012321 0.001121 0.915131
4 4 0.015857 0.074610 0.019918 0.002231 0.887384
4 4 0.021145 0.084929 0.026473 0.003688 0.863765
4 4 0.026062 0.101076 0.044950 0.005521 0.822391
4 4 0.020206 0.077205 0.024697 0.004158 0.873735
4 4 0.012468 0.046710 0.013997 0.003778 0.923047
4 4 0.008372 0.032368 0.007416 0.001698 0.950146
4 4 0.014166 0.047135 0.014554 0.004297 0.919848
4 4 0.013775 0.043969 0.012552 0.003440 0.926264
4 4 0.017050 0.045643 0.012768 0.003378 0.921161
4 4 0.035884 0.048103 0.011454 0.002456 0.902103
4 4 0.064549 0.045771 0.008690 0.001431 0.879559
4 1 0.091769 0.099488 0.026326 0.002935 0.779482
4 2 0.113450 0.204330 0.070474 0.004138 0.607608
4 2 0.120777 0.299469 0.127205 0.005015 0.447533
1 2 0.134181 0.432639 0.249424 0.004349 0.179408
1 2 0.101694 0.407425 0.360798 0.006536 0.123546
2 2 0.085979 0.355387 0.384884 0.005176 0.168574
2 2 0.062205 0.269059 0.511926 0.007072 0.149737
2 2 0.070680 0.288671 0.440544 0.006461 0.193643
2 2 0.071740 0.284878 0.447971 0.007761 0.187650
2 2 0.071681 0.288503 0.482427 0.008347 0.149042
2 1 0.053837 0.259995 0.575403 0.009149 0.101616
2 2 0.029007 0.195508 0.697180 0.009875 0.068431
2 2 0.016881 0.140513 0.782264 0.010336 0.050007
2 2 0.013744 0.118497 0.811485 0.011291 0.044983
2 2 0.015116 0.129742 0.797077 0.009579 0.048485
2 2 0.025626 0.155652 0.734553 0.010695 0.073474
2 2 0.020893 0.114288 0.777338 0.012579 0.074902
2 2 0.009710 0.065110 0.860351 0.022471 0.042357
2 2 0.008101 0.057273 0.872603 0.025285 0.036737
2 2 0.010570 0.071077 0.851570 0.024821 0.041962
2 2 0.016566 0.102051 0.806521 0.017393 0.057470
2 2 0.015476 0.093744 0.815045 0.012974 0.062761
2 2 0.016828 0.065444 0.804849 0.048355 0.064524
2 2 0.022900 0.091971 0.773972 0.037553 0.073605
2 2 0.013287 0.062282 0.812604 0.066458 0.045368
2 2 0.022388 0.095691 0.776068 0.035733 0.070120
2 2 0.021309 0.093775 0.781747 0.035792 0.067377
2 2 0.017951 0.088881 0.801961 0.030333 0.060874
2 2 0.011520 0.058252 0.836835 0.047980 0.045412
2 2 0.006200 0.035950 0.859086 0.070064 0.028699
2 2 0.005973 0.035750 0.851210 0.081006 0.026061
2 2 0.005559 0.034649 0.853087 0.082364 0.024341
2 2 0.004031 0.029877 0.866730 0.080666 0.018696
2 2 0.002179 0.022298 0.892119 0.071771 0.011633
2 2 0.002688 0.024537 0.888317 0.070407 0.014051
2 2 0.002260 0.023066 0.873318 0.090555 0.010801
2 2 0.002262 0.023347 0.855851 0.108605 0.009935
2 2 0.003927 0.030758 0.754371 0.199191 0.011753
2 2 0.005758 0.036625 0.748058 0.193003 0.016557
2 2 0.005760 0.036321 0.663995 0.280574 0.013351
2 2 0.006366 0.038292 0.658473 0.282511 0.014358
2 2 0.004989 0.032898 0.566881 0.385721 0.009511
2 2 0.006176 0.035281 0.507567 0.440740 0.010236
3 2 0.008636 0.042561 0.436254 0.501365 0.011184
3 2 0.014310 0.057679 0.418627 0.493529 0.015855
3 2 0.014547 0.054836 0.359783 0.556593 0.014241
3 3 0.016351 0.058278 0.341973 0.568513 0.014884
3 3 0.016814 0.065315 0.386695 0.515145 0.016031
3 3 0.012466 0.042481 0.246482 0.688818 0.009753
3 3 0.008928 0.031622 0.224463 0.727528 0.007460
3 3 0.008756 0.031768 0.232735 0.719228 0.007512
3 3 0.006605 0.028559 0.249426 0.709282 0.006128
3 3 0.006156 0.026440 0.222037 0.740044 0.005323
3 3 0.005729 0.025297 0.216090 0.747978 0.004906
3 3 0.006703 0.025668 0.185225 0.777301 0.005103
3 3 0.008802 0.029833 0.196139 0.758484 0.006742
3 3 0.020168 0.055391 0.268532 0.640037 0.015870
3 3 0.023310 0.068936 0.311580 0.577630 0.018544
3 3 0.022721 0.072558 0.328219 0.558374 0.018128
3 3 0.022657 0.071902 0.325955 0.561418 0.018068
3 3 0.017555 0.056721 0.286521 0.625367 0.013836
3 3 0.010773 0.034686 0.212256 0.733981 0.008304
3 3 0.008041 0.028384 0.192493 0.764935 0.006147
3 3 0.006392 0.025001 0.183345 0.780401 0.004861
3 3 0.009675 0.032090 0.204021 0.746780 0.007434
3 3 0.014206 0.043088 0.238281 0.693372 0.011053
3 3 0.009849 0.031730 0.200691 0.750168 0.007563
3 3 0.005619 0.023273 0.178291 0.788555 0.004262
3 3 0.005736 0.023541 0.179093 0.787278 0.004352
3 3 0.008220 0.033266 0.222333 0.729853 0.006327
3 3 0.014559 0.061300 0.324966 0.587647 0.011528
3 3 0.011069 0.050926 0.299924 0.629392 0.008689
3 3 0.005085 0.023977 0.189461 0.777616 0.003862
3 3 0.007777 0.034481 0.234013 0.717732 0.005997
3 3 0.006064 0.025350 0.188973 0.774999 0.004615
3 3 0.004591 0.020791 0.170511 0.800641 0.003466
3 3 0.003673 0.018348 0.162153 0.813067 0.002760
3 3 0.005189 0.022265 0.175208 0.793409 0.003929
3 3 0.005225 0.022350 0.175475 0.792993 0.003957
3 3 0.005823 0.023739 0.179682 0.786336 0.004420
3 3 0.010266 0.036129 0.223996 0.721680 0.007928
3 3 0.006715 0.025693 0.185294 0.777185 0.005113
2 3 0.039496 0.144649 0.470536 0.312415 0.032905
2 3 0.038887 0.129285 0.439035 0.360676 0.032117
2 3 0.048783 0.170433 0.487689 0.251923 0.041172
3 3 0.031306 0.106501 0.406643 0.430017 0.025532
3 3 0.032986 0.100648 0.383307 0.456262 0.026797
3 3 0.033704 0.092466 0.355911 0.490685 0.027235
3 3 0.036423 0.095981 0.358095 0.480009 0.029492
3 3 0.015260 0.044566 0.240341 0.687943 0.011890
3 3 0.029891 0.076203 0.314336 0.555676 0.023894
3 3 0.033263 0.089811 0.348972 0.501121 0.026833
3 3 0.037915 0.104436 0.378126 0.448664 0.030859
3 3 0.021910 0.069764 0.320901 0.569980 0.017445
3 3 0.017993 0.062421 0.309509 0.595827 0.014250
3 3 0.014909 0.055254 0.294428 0.623670 0.011740
3 3 0.019298 0.074839 0.354019 0.536410 0.015433
3 3 0.009034 0.037702 0.242702 0.703569 0.006993
3 3 0.009520 0.037018 0.234690 0.711410 0.007362
3 3 0.011818 0.045756 0.266845 0.666356 0.009225
3 3 0.009778 0.040974 0.255772 0.685879 0.007596
3 3 0.011730 0.050487 0.292384 0.636198 0.009201
3 3 0.010573 0.046552 0.280558 0.654053 0.008264
3 3 0.014223 0.059225 0.317587 0.597722 0.011242
3 3 0.016170 0.063515 0.324658 0.582835 0.012823
3 3 0.013663 0.053527 0.293994 0.628071 0.010745
3 3 0.005697 0.023453 0.178831 0.787697 0.004322
3 3 0.012082 0.041598 0.242730 0.694203 0.009388
3 3 0.025238 0.076699 0.333163 0.544708 0.020192
3 3 0.025853 0.078912 0.338742 0.535779 0.020715
3 3 0.011628 0.050563 0.460399 0.462232 0.015178
2 3 0.013487 0.065746 0.594858 0.305135 0.020774
2 3 0.011223 0.063691 0.719177 0.182508 0.023401
2 3 0.011236 0.067779 0.730154 0.167806 0.023024
2 3 0.008380 0.057144 0.751698 0.163797 0.018981
2 3 0.006664 0.044687 0.732416 0.200035 0.016197
2 3 0.007064 0.046027 0.740534 0.188885 0.017490
2 3 0.007340 0.048200 0.763054 0.162437 0.018969
2 3 0.009330 0.059030 0.788249 0.118973 0.024418
2 2 0.006720 0.046648 0.826766 0.097999 0.021867
2 2 0.009939 0.063754 0.813828 0.084204 0.028275
2 2 0.007645 0.051027 0.831705 0.084550 0.025073
2 2 0.008201 0.053167 0.823584 0.089244 0.025804
2 2 0.007469 0.045952 0.801528 0.121894 0.023157
2 2 0.006649 0.041031 0.807955 0.122146 0.022219
2 2 0.004841 0.033783 0.775286 0.170850 0.015240
2 2 0.007056 0.044314 0.746866 0.183372 0.018392
2 2 0.010475 0.068068 0.785896 0.110112 0.025449
2 2 0.016213 0.103471 0.767781 0.079354 0.033181
2 2 0.021674 0.126886 0.739298 0.072139 0.040004
2 2 0.009748 0.066742 0.793763 0.105648 0.024100
2 2 0.007767 0.052005 0.768499 0.152172 0.019558
2 2 0.008246 0.056605 0.789210 0.124630 0.021308
2 2 0.007290 0.052313 0.806520 0.113412 0.020466
2 2 0.006962 0.049066 0.786722 0.138449 0.018801
2 2 0.010889 0.067722 0.754401 0.143065 0.023923
2 2 0.011891 0.076084 0.784341 0.099789 0.027896
2 2 0.024677 0.132850 0.744402 0.045374 0.052696
2 0 0.035943 0.156783 0.697191 0.033748 0.076334
2 1 0.075815 0.236492 0.543269 0.035378 0.109045
2 2 0.101905 0.280485 0.461913 0.047594 0.108104
2 2 0.090643 0.303153 0.472187 0.043477 0.090540
2 2 0.003522 0.030321 0.898980 0.048514 0.018663
2 2 0.002946 0.026146 0.896828 0.058096 0.015984
2 2 0.002022 0.021112 0.908493 0.056220 0.012152
2 2 0.002622 0.024198 0.890951 0.068285 0.013943
2 2 0.001857 0.020255 0.911408 0.055090 0.011391
2 2 0.002347 0.022743 0.901553 0.059926 0.013430
2 2 0.002639 0.023463 0.911180 0.046065 0.016652
2 2 0.003312 0.026486 0.896090 0.055444 0.018668
2 2 0.003708 0.029070 0.904700 0.040459 0.022063
2 2 0.003580 0.026657 0.906645 0.040212 0.022906
2 2 0.006194 0.037586 0.887064 0.033746 0.035410
2 2 0.009100 0.048689 0.867636 0.024934 0.049640
2 2 0.018627 0.073212 0.800732 0.018059 0.089369
2 2 0.025575 0.088544 0.749607 0.021986 0.114289
2 2 0.035407 0.138757 0.618600 0.015455 0.191781
2 2 0.037510 0.161630 0.540754 0.012178 0.247928
2 2 0.039770 0.180191 0.474931 0.010284 0.294824
2 2 0.040369 0.194179 0.421454 0.008488 0.335510
4 2 0.043193 0.204322 0.365922 0.008214 0.378348
4 2 0.048162 0.233793 0.344667 0.006570 0.366809
4 2 0.058012 0.251163 0.314841 0.007476 0.368508
2 2 0.066317 0.259704 0.353749 0.008938 0.311292
2 2 0.059229 0.233796 0.417761 0.010065 0.279149
2 2 0.066049 0.271679 0.399606 0.007470 0.255196
2 1 0.067254 0.271363 0.432059 0.007528 0.221796
1 2 0.102097 0.361758 0.307657 0.006138 0.222350
1 2 0.122198 0.407183 0.225151 0.005210 0.240258
1 2 0.093343 0.365112 0.262444 0.004971 0.274130
2 2 0.060874 0.275987 0.365880 0.006076 0.291182
2 2 0.058904 0.265531 0.363800 0.006509 0.305257
2 2 0.059357 0.262490 0.377975 0.006873 0.293305
2 2 0.051722 0.243316 0.357666 0.006708 0.340589
4 2 0.051832 0.242317 0.342187 0.006789 0.356875
4 2 0.050257 0.235069 0.320539 0.006938 0.387197
4 2 0.047506 0.228367 0.350636 0.006921 0.366569
2 2 0.046086 0.212040 0.389305 0.008393 0.344176
2 2 0.043936 0.207668 0.397585 0.008140 0.342670
4 2 0.047043 0.223049 0.350023 0.007326 0.372559
2 2 0.052364 0.234109 0.386771 0.007866 0.318890
2 2 0.051996 0.233792 0.404172 0.007767 0.302273
2 2 0.048706 0.209089 0.476384 0.009485 0.256336
2 2 0.046285 0.192430 0.516636 0.010796 0.233853
2 2 0.044903 0.198150 0.491792 0.009492 0.255664
2 2 0.043123 0.155399 0.618018 0.015616 0.167844
2 2 0.061526 0.170799 0.594078 0.023275 0.150322
2 1 0.106510 0.241843 0.466819 0.026744 0.158085
2 2 0.165496 0.325719 0.334135 0.028083 0.146567
2 2 0.131857 0.332091 0.381579 0.029175 0.125298
1 2 0.216320 0.405231 0.227844 0.003860 0.146746
1 2 0.222792 0.429914 0.206627 0.002167 0.138501
1 2 0.106755 0.446057 0.335484 0.005885 0.105819
2 2 0.014768 0.135756 0.795035 0.009935 0.044506
2 2 0.009351 0.094511 0.849313 0.014544 0.032281
2 2 0.006661 0.071265 0.878272 0.017756 0.026045
2 2 0.008747 0.086134 0.858451 0.013023 0.033646
2 2 0.006442 0.063176 0.884742 0.017457 0.028183
2 2 0.004195 0.044394 0.908092 0.022138 0.021181
2 2 0.003759 0.040387 0.911345 0.025216 0.019293
2 2 0.004963 0.048617 0.902368 0.018592 0.025460
2 2 0.006297 0.057863 0.890077 0.013499 0.032263
2 2 0.014002 0.119652 0.809675 0.013014 0.043657
2 2 0.012603 0.110632 0.821630 0.016832 0.038304
2 2 0.018242 0.148454 0.771921 0.014449 0.046934
2 1 0.028215 0.201340 0.697174 0.010837 0.062435
2 2 0.020777 0.151840 0.757601 0.010218 0.059564
2 2 0.007726 0.074973 0.871272 0.013294 0.032735
2 2 0.006448 0.066870 0.884921 0.010219 0.031542
2 2 0.006047 0.063595 0.889575 0.010668 0.030115
2 2 0.003589 0.041388 0.918677 0.015665 0.020681
2 2 0.003243 0.037054 0.921211 0.019760 0.018731
2 2 0.002712 0.028605 0.918907 0.033859 0.015917
2 2 0.003116 0.032388 0.917845 0.028770 0.017881
2 2 0.003171 0.032179 0.918640 0.027297 0.018714
2 2 0.002945 0.027948 0.916956 0.034111 0.018039
2 2 0.002433 0.022913 0.917621 0.041092 0.015942
2 2 0.011137 0.065190 0.852023 0.016411 0.055239
2 2 0.023218 0.105180 0.769891 0.015701 0.086010
2 2 0.093879 0.211212 0.510374 0.025884 0.158652
2 2 0.062567 0.192237 0.596375 0.044922 0.103899
2 1 0.083971 0.203151 0.530238 0.087669 0.094971
2 2 0.045978 0.165451 0.645235 0.077716 0.065620
2 1 0.191072 0.322134 0.333617 0.028001 0.125176
2 2 0.029637 0.172993 0.713288 0.024174 0.059907
2 2 0.030224 0.190333 0.699625 0.018335 0.061484
2 2 0.001407 0.018207 0.908927 0.063097 0.008361
2 2 0.002817 0.035555 0.915563 0.032211 0.013854
2 2 0.007060 0.078930 0.872193 0.015114 0.026703
2 2 0.008602 0.091338 0.856201 0.011766 0.032093
2 2 0.004396 0.050923 0.904317 0.019960 0.020405
2 2 0.004018 0.048040 0.907483 0.021757 0.018702
2 2 0.004151 0.054628 0.903982 0.019331 0.017908
2 2 0.003790 0.051541 0.910636 0.016223 0.017811
2 2 0.003011 0.039698 0.917910 0.024492 0.014888
2 2 0.002348 0.030038 0.917554 0.037904 0.012155
2 2 0.002370 0.028661 0.907216 0.050076 0.011677
2 2 0.002119 0.023541 0.877602 0.086821 0.009917
2 2 0.002055 0.022474 0.844446 0.122385 0.008640
2 2 0.002347 0.023718 0.857197 0.106384 0.010354
2 2 0.002590 0.025201 0.868898 0.091502 0.011810
2 2 0.001508 0.018521 0.910762 0.060039 0.009169
2 2 0.001326 0.017209 0.921299 0.051386 0.008781
2 2 0.001184 0.016382 0.921076 0.053536 0.007822
2 2 0.001191 0.016652 0.911849 0.062990 0.007319
2 2 0.000962 0.014655 0.931915 0.045448 0.007020
2 2 0.000837 0.014043 0.920449 0.059126 0.005545
2 2 0.001568 0.019256 0.892772 0.077962 0.008442
2 2 0.003408 0.033808 0.886879 0.061017 0.014889
2 2 0.004275 0.036780 0.853948 0.089039 0.015958
2 2 0.004160 0.032957 0.821128 0.127004 0.014750
2 2 0.004126 0.033485 0.836102 0.111058 0.015229
2 2 0.004475 0.039044 0.869094 0.069833 0.017554
2 2 0.014777 0.086106 0.820187 0.028271 0.050659
2 1 0.023473 0.102048 0.766686 0.041228 0.066565
2 2 0.015864 0.079559 0.789621 0.071432 0.043524
2 2 0.011911 0.076626 0.817239 0.060648 0.033576
2 2 0.010153 0.077852 0.836919 0.045036 0.030040
2 2 0.009321 0.090808 0.847087 0.024361 0.028424
2 2 0.016919 0.143145 0.781057 0.013943 0.044936
2 2 0.010318 0.094597 0.841823 0.020468 0.032794
2 2 0.001402 0.017868 0.913249 0.058795 0.008687
2 2 0.001451 0.019251 0.829838 0.143539 0.005920
2 2 0.001928 0.021966 0.827027 0.141458 0.007621
2 2 0.002733 0.025862 0.814143 0.147174 0.010087
2 2 0.001550 0.019528 0.867723 0.103876 0.007323
2 2 0.001476 0.018634 0.898320 0.073333 0.008236
2 2 0.001438 0.018218 0.907525 0.064278 0.008540
2 2 0.000971 0.015008 0.920823 0.056774 0.006424
2 2 0.000911 0.014562 0.921936 0.056497 0.006093
2 2 0.001637 0.019648 0.891791 0.078175 0.008749
2 2 0.001825 0.020617 0.892273 0.075522 0.009762
2 2 0.003052 0.026423 0.869672 0.086581 0.014271
2 2 0.002025 0.021496 0.895862 0.069544 0.011074
2 2 0.002971 0.026113 0.869748 0.087272 0.013896
2 2 0.003131 0.026557 0.876269 0.078818 0.015225
2 2 0.005462 0.040021 0.871789 0.059232 0.023496
2 2 0.006791 0.047512 0.868094 0.049534 0.028069
2 2 0.009069 0.064161 0.854358 0.039599 0.032812
2 2 0.007530 0.055932 0.860580 0.048314 0.027644
2 2 0.006453 0.050750 0.871592 0.045807 0.025398
2 2 0.003504 0.028722 0.869824 0.081834 0.016116
2 2 0.007908 0.050376 0.851827 0.059749 0.030140
2 2 0.027928 0.112293 0.745733 0.036778 0.077268
2 2 0.070679 0.209326 0.568562 0.034422 0.117010
2 2 0.103472 0.289221 0.455379 0.041929 0.109999
2 2 0.104602 0.337887 0.426409 0.034384 0.096718
2 2 0.073772 0.315500 0.502152 0.027600 0.080976
2 2 0.105390 0.366678 0.401860 0.014570 0.111502
2 2 0.104342 0.355458 0.405795 0.011461 0.122944
2 2 0.036285 0.138818 0.703641 0.025734 0.095523
2 2 0.020552 0.084160 0.787230 0.037782 0.070275
2 2 0.044298 0.153093 0.615455 0.020803 0.166352
2 2 0.045511 0.183769 0.548295 0.011584 0.210841
2 2 0.042398 0.209107 0.471469 0.007174 0.269852
2 2 0.039876 0.194163 0.438878 0.008244 0.318839
2 2 0.043337 0.201095 0.464485 0.008610 0.282473
2 4 0.048280 0.204200 0.433282 0.010397 0.303840
2 4 0.051401 0.229049 0.390982 0.008146 0.320422
4 4 0.056325 0.238202 0.239877 0.007526 0.458070
4 4 0.054845 0.232307 0.153514 0.005884 0.553450
4 4 0.042946 0.193690 0.107154 0.004719 0.651490
4 4 0.044712 0.222812 0.167230 0.004596 0.560651
4 4 0.045449 0.206546 0.130457 0.005069 0.612479
4 4 0.037278 0.153487 0.061948 0.004539 0.742748
4 4 0.024559 0.092504 0.032081 0.004709 0.846148
4 4 0.020628 0.076297 0.025154 0.004578 0.873343
4 2 0.018601 0.056536 0.019401 0.005942 0.899520
4 2 0.017179 0.043955 0.011702 0.002949 0.924215
4 2 0.018637 0.037894 0.008186 0.001673 0.933609
4 2 0.017879 0.029324 0.004694 0.000718 0.947385
4 2 0.019671 0.026882 0.003762 0.000501 0.949184
4 2 0.020131 0.026572 0.003641 0.000474 0.949182
4 2 0.062867 0.034573 0.004684 0.000556 0.897320
4 1 0.112192 0.029633 0.002895 0.000239 0.855042
4 1 0.174445 0.044309 0.006548 0.000781 0.773917
4 2 0.186862 0.062040 0.009416 0.000721 0.740961
4 2 0.144409 0.120092 0.023299 0.001058 0.711142
4 2 0.164219 0.246700 0.060420 0.001242 0.527418
4 4 0.134628 0.256736 0.064148 0.001262 0.543227
4 4 0.075082 0.197295 0.051154 0.001663 0.674805
4 4 0.025956 0.090885 0.049344 0.008107 0.825708
4 4 0.069101 0.256972 0.130139 0.006200 0.537589
4 4 0.065286 0.251031 0.121756 0.005649 0.556278
4 4 0.077097 0.259932 0.115284 0.006500 0.541186
4 4 0.064555 0.220232 0.095112 0.006923 0.613179
4 4 0.047911 0.182550 0.131707 0.008377 0.629455
4 4 0.045083 0.162999 0.098872 0.008347 0.684700
4 4 0.045864 0.155648 0.062556 0.006877 0.729055
4 4 0.036567 0.140911 0.049821 0.004689 0.768012
4 4 0.030197 0.104826 0.038343 0.005967 0.820667
4 4 0.037426 0.120505 0.067621 0.010167 0.764281
4 4 0.035081 0.107104 0.087644 0.013985 0.756185
4 4 0.048561 0.113269 0.049824 0.009408 0.778938
4 4 0.045587 0.075435 0.023559 0.004901 0.850518
4 1 0.037843 0.053620 0.011677 0.001782 0.895077
4 1 0.054975 0.046254 0.008206 0.001104 0.889462
4 1 0.038180 0.054945 0.011295 0.001471 0.894109
4 4 0.029926 0.052308 0.011902 0.001941 0.903924
4 4 0.014208 0.048978 0.015859 0.004903 0.916052
4 4 0.013700 0.047929 0.015276 0.004662 0.918432
4 4 0.011313 0.042272 0.012107 0.003335 0.930973
4 4 0.014393 0.052282 0.015237 0.003422 0.914666
4 4 0.012318 0.044352 0.013262 0.003832 0.926236
4 4 0.019179 0.058468 0.021607 0.007436 0.893310
4 4 0.020115 0.056851 0.019803 0.006355 0.896876
4 4 0.022290 0.063056 0.020263 0.004825 0.889566
4 4 0.022552 0.074221 0.023068 0.004005 0.876155
4 4 0.019198 0.082985 0.024219 0.002953 0.870644
4 4 0.022999 0.103018 0.030280 0.002819 0.840885
4 4 0.034857 0.128317 0.046338 0.005259 0.785229
4 4 0.026048 0.092016 0.032409 0.005489 0.844038
4 4 0.022936 0.081990 0.028028 0.005142 0.861904
4 4 0.013128 0.059986 0.015838 0.002276 0.908772
4 4 0.025456 0.097640 0.029562 0.003285 0.844057
4 4 0.038615 0.104587 0.025985 0.001906 0.828907
4 4 0.054662 0.142395 0.039422 0.002413 0.761108
4 4 0.050918 0.116706 0.026976 0.001530 0.803870
