0 0 0.937028 0.013542 0.031610 0.015400 0.002419
0 0 0.936379 0.012457 0.028268 0.018667 0.004229
0 0 0.967465 0.003602 0.007509 0.020832 0.000592
0 0 0.952990 0.007811 0.014086 0.024486 0.000628
0 0 0.952413 0.004169 0.006982 0.035554 0.000882
0 0 0.947502 0.008526 0.017000 0.024614 0.002358
0 0 0.921914 0.014874 0.028419 0.028444 0.006349
0 0 0.918267 0.018120 0.037533 0.021309 0.004772
0 0 0.941800 0.012026 0.024910 0.019544 0.001720
0 0 0.970957 0.003577 0.007842 0.017228 0.000396
0 0 0.941177 0.010640 0.021749 0.023290 0.003144
0 0 0.945641 0.006272 0.011545 0.033394 0.003149
0 0 0.870855 0.021245 0.031367 0.056413 0.020120
0 0 0.750229 0.033877 0.044682 0.076966 0.094246
0 0 0.566125 0.051149 0.069925 0.059133 0.253669
0 0 0.471886 0.076096 0.089434 0.065786 0.296798
0 0 0.541455 0.077731 0.079547 0.096270 0.204997
4 0 0.264629 0.122013 0.124996 0.048784 0.439578
4 0 0.168088 0.108470 0.124417 0.025606 0.573419
4 0 0.173043 0.110976 0.125417 0.027063 0.563502
4 0 0.171621 0.117044 0.128023 0.028509 0.554803
4 0 0.139512 0.146298 0.139597 0.029989 0.544604
4 0 0.093138 0.127348 0.131935 0.017437 0.630143
4 0 0.070856 0.107222 0.121548 0.011333 0.689040
4 0 0.082351 0.103179 0.120500 0.012414 0.681556
4 0 0.116190 0.105823 0.123216 0.017427 0.637344
4 0 0.335434 0.117334 0.116966 0.064342 0.365924
0 0 0.475364 0.090516 0.093273 0.083937 0.256909
0 0 0.640381 0.089355 0.095781 0.084666 0.089817
0 0 0.648632 0.094354 0.111918 0.065575 0.079521
0 0 0.670336 0.092051 0.114129 0.059073 0.064412
0 0 0.703814 0.078131 0.094601 0.066341 0.057112
0 0 0.768813 0.035427 0.034028 0.130378 0.031354
0 0 0.587356 0.066833 0.070064 0.099279 0.176468
0 0 0.389607 0.094120 0.104331 0.061093 0.350849
4 0 0.225716 0.106437 0.121558 0.034299 0.511990
4 0 0.227482 0.132630 0.131149 0.045013 0.463727
4 0 0.214300 0.143765 0.135459 0.046433 0.460043
4 0 0.172933 0.154839 0.141171 0.040112 0.490945
4 0 0.174434 0.182625 0.148084 0.050132 0.444725
4 0 0.178314 0.215319 0.153310 0.064932 0.388125
4 0 0.184048 0.217922 0.152941 0.068724 0.376366
4 0 0.184095 0.217943 0.152937 0.068756 0.376269
4 0 0.171969 0.231817 0.170950 0.056249 0.369014
4 0 0.149835 0.200043 0.153342 0.047985 0.448796
4 0 0.129771 0.186854 0.151409 0.037732 0.494235
4 0 0.129573 0.186713 0.151381 0.037637 0.494696
4 0 0.107722 0.169838 0.147111 0.027889 0.547439
4 0 0.092302 0.156179 0.142488 0.021832 0.587198
4 0 0.086420 0.150542 0.140312 0.019695 0.603032
4 0 0.106461 0.151948 0.141490 0.024145 0.575955
4 0 0.120642 0.141726 0.138120 0.025066 0.574447
4 0 0.113520 0.125629 0.131886 0.020614 0.608351
4 0 0.110830 0.104650 0.122522 0.016480 0.645518
4 0 0.125351 0.102385 0.121721 0.018051 0.632492
4 0 0.112380 0.097590 0.119064 0.015483 0.655482
4 0 0.112400 0.086240 0.112982 0.013583 0.674795
4 0 0.128148 0.074395 0.106314 0.013141 0.678002
4 0 0.135056 0.066095 0.101007 0.012218 0.685624
4 0 0.138000 0.069372 0.103235 0.013102 0.676290
4 0 0.087278 0.081524 0.109188 0.010205 0.711805
4 0 0.091498 0.073344 0.104430 0.009544 0.721185
4 0 0.090218 0.080360 0.108667 0.010353 0.710401
4 0 0.105426 0.092609 0.116247 0.013811 0.671906
4 0 0.122822 0.112252 0.126309 0.019583 0.619033
4 0 0.150455 0.115267 0.127661 0.024536 0.582081
4 0 0.136628 0.109930 0.125363 0.021182 0.606897
4 0 0.143470 0.109779 0.125290 0.022175 0.599286
4 0 0.177580 0.123903 0.130584 0.031544 0.536389
4 0 0.187866 0.134003 0.133863 0.036746 0.507523
4 0 0.201544 0.139534 0.134982 0.041706 0.482235
4 0 0.206274 0.138198 0.134280 0.042305 0.478942
4 0 0.222800 0.123441 0.128336 0.040247 0.485176
4 0 0.283341 0.106303 0.118048 0.044929 0.447380
0 0 0.434884 0.094332 0.099067 0.074833 0.296884
0 0 0.682827 0.048506 0.044068 0.146741 0.077858
0 0 0.797207 0.026301 0.026059 0.126939 0.023495
0 0 0.761839 0.027940 0.028303 0.131940 0.049977
0 0 0.768498 0.034518 0.036830 0.112012 0.048142
0 0 0.739198 0.042593 0.048738 0.095362 0.074110
0 0 0.714847 0.055030 0.064367 0.084427 0.081329
0 0 0.643202 0.049204 0.059524 0.082685 0.165385
0 0 0.690119 0.039872 0.049399 0.084682 0.135928
4 0 0.326367 0.063591 0.094860 0.029914 0.485267
4 0 0.144898 0.058499 0.095739 0.011527 0.689337
4 0 0.073315 0.042602 0.080317 0.004585 0.799182
4 0 0.070004 0.046336 0.083325 0.004784 0.795552
4 0 0.062122 0.037302 0.074577 0.003502 0.822496
4 0 0.067394 0.035381 0.073114 0.003566 0.820544
4 0 0.069532 0.035535 0.073417 0.003678 0.817839
4 0 0.058705 0.039761 0.076585 0.003551 0.821398
4 1 0.063349 0.044901 0.081562 0.004261 0.805927
4 1 0.076781 0.056156 0.091657 0.006258 0.769148
4 2 0.088767 0.069363 0.101709 0.008778 0.731382
4 2 0.121496 0.087343 0.113824 0.014790 0.662548
4 2 0.154599 0.136738 0.135992 0.030693 0.541978
4 2 0.155834 0.165107 0.155572 0.032974 0.490513
4 2 0.108864 0.213627 0.194539 0.023099 0.459872
2 2 0.099477 0.243936 0.359781 0.033567 0.263239
2 2 0.069655 0.183899 0.456391 0.052356 0.237699
2 2 0.065180 0.169729 0.568335 0.053462 0.143294
2 2 0.048641 0.141904 0.648230 0.035297 0.125928
2 2 0.028223 0.081956 0.799352 0.056770 0.033700
2 2 0.015995 0.049846 0.813330 0.104276 0.016553
2 2 0.016474 0.047839 0.831871 0.091126 0.012689
2 2 0.013526 0.040651 0.837767 0.099464 0.008592
2 2 0.009527 0.029512 0.877945 0.078544 0.004472
2 2 0.007599 0.025372 0.861232 0.101488 0.004308
2 2 0.009325 0.028693 0.813504 0.141992 0.006486
2 2 0.010372 0.030099 0.735739 0.214225 0.009565
2 2 0.013928 0.038391 0.737426 0.198323 0.011932
2 2 0.011096 0.032476 0.768981 0.178505 0.008942
2 2 0.007995 0.025188 0.744881 0.214389 0.007547
2 2 0.005891 0.020467 0.730966 0.236512 0.006164
2 2 0.005032 0.019702 0.788956 0.181858 0.004451
2 2 0.003567 0.015244 0.810514 0.167605 0.003070
2 2 0.002552 0.011584 0.790944 0.192429 0.002490
2 2 0.002795 0.011941 0.698270 0.283381 0.003613
2 2 0.002827 0.011169 0.591694 0.389549 0.004761
2 3 0.003999 0.013553 0.538384 0.436826 0.007239
3 3 0.006488 0.013461 0.304012 0.668065 0.007975
3 3 0.005517 0.011350 0.268086 0.708419 0.006629
3 3 0.007099 0.011589 0.216249 0.757994 0.007069
3 3 0.006111 0.009871 0.188304 0.789755 0.005958
3 3 0.006371 0.009689 0.154963 0.823017 0.005960
3 3 0.005007 0.007493 0.115618 0.867320 0.004562
3 3 0.006673 0.007485 0.087564 0.893468 0.004810
3 3 0.007640 0.007551 0.087210 0.892671 0.004928
3 3 0.026437 0.019029 0.140641 0.799831 0.014062
3 3 0.031769 0.025305 0.222531 0.701804 0.018591
2 3 0.030828 0.039936 0.466176 0.446271 0.016788
2 3 0.033238 0.053439 0.606750 0.291659 0.014914
2 3 0.066523 0.110398 0.664102 0.136687 0.022291
2 2 0.043974 0.115345 0.730039 0.088936 0.021705
2 2 0.066397 0.161377 0.687739 0.058976 0.025511
2 2 0.016269 0.045319 0.776322 0.150666 0.011424
2 2 0.010058 0.029041 0.730031 0.221361 0.009508
2 2 0.013802 0.036905 0.622510 0.309977 0.016806
2 2 0.011017 0.029024 0.476657 0.465091 0.018211
3 2 0.007797 0.020838 0.396392 0.562412 0.012562
3 2 0.005835 0.013637 0.268129 0.704342 0.008057
3 2 0.011504 0.018754 0.245287 0.712332 0.012123
3 2 0.019380 0.022554 0.210214 0.732153 0.015699
3 3 0.020727 0.023776 0.209112 0.729680 0.016706
3 3 0.013044 0.017904 0.204914 0.752267 0.011871
3 3 0.013272 0.017599 0.199585 0.757836 0.011708
3 3 0.021269 0.021676 0.186739 0.754957 0.015359
3 3 0.048865 0.033215 0.175684 0.715955 0.026281
3 3 0.040779 0.025239 0.138115 0.776101 0.019766
3 3 0.030265 0.019474 0.123863 0.811631 0.014767
3 3 0.023755 0.015449 0.108042 0.841302 0.011452
3 3 0.034462 0.018338 0.107102 0.825851 0.014248
3 3 0.033177 0.018066 0.103692 0.831058 0.014007
3 3 0.042476 0.020484 0.092542 0.827960 0.016539
3 3 0.023619 0.013522 0.082741 0.869918 0.010200
3 3 0.027408 0.014499 0.080135 0.866788 0.011170
3 3 0.035316 0.017154 0.081591 0.852300 0.013639
3 3 0.043373 0.018498 0.076429 0.846537 0.015163
3 3 0.028872 0.014179 0.074305 0.871596 0.011049
3 3 0.034140 0.015272 0.069079 0.869285 0.012224
3 3 0.029150 0.013459 0.065391 0.881404 0.010595
3 3 0.034245 0.014768 0.067389 0.871761 0.011837
3 3 0.034682 0.015968 0.071060 0.865501 0.012789
3 3 0.030771 0.015326 0.074477 0.867373 0.012052
3 3 0.025959 0.013487 0.072822 0.877342 0.010389
3 3 0.022425 0.011503 0.066152 0.891171 0.008749
3 3 0.028718 0.013237 0.068246 0.879438 0.010361
3 3 0.036796 0.014025 0.065841 0.872003 0.011336
3 3 0.031976 0.014063 0.073183 0.869683 0.011094
3 3 0.025584 0.011914 0.064828 0.888456 0.009219
3 3 0.023066 0.011592 0.064227 0.892246 0.008868
3 3 0.020943 0.009723 0.055651 0.906273 0.007411
3 3 0.024485 0.011477 0.060619 0.894541 0.008878
3 3 0.026965 0.011348 0.058838 0.893956 0.008892
3 3 0.017991 0.007428 0.047285 0.921694 0.005602
3 3 0.015526 0.005937 0.041439 0.932671 0.004427
3 3 0.023198 0.007759 0.046129 0.916877 0.006037
3 3 0.022123 0.007253 0.044373 0.920629 0.005622
3 3 0.020339 0.006845 0.043334 0.924222 0.005259
3 3 0.026486 0.008502 0.047873 0.910429 0.006709
3 3 0.014671 0.007226 0.048478 0.924310 0.005314
3 3 0.020959 0.009420 0.054374 0.908060 0.007188
3 3 0.043146 0.015667 0.067170 0.861108 0.012910
3 3 0.046414 0.018818 0.078142 0.841105 0.015521
3 3 0.046907 0.021741 0.091568 0.821986 0.017797
3 3 0.055552 0.032489 0.136629 0.748758 0.026573
3 3 0.044976 0.037684 0.205823 0.682202 0.029315
3 3 0.033217 0.032881 0.213416 0.695932 0.024554
3 2 0.029388 0.033179 0.242505 0.670703 0.024226
3 2 0.019119 0.027122 0.261600 0.673493 0.018665
3 2 0.017460 0.026815 0.281241 0.656309 0.018175
3 2 0.016497 0.026045 0.291694 0.648280 0.017484
3 2 0.021991 0.026618 0.244506 0.688205 0.018680
3 2 0.046397 0.033706 0.186498 0.706990 0.026409
3 2 0.053810 0.034996 0.164904 0.718114 0.028175
3 3 0.041641 0.031812 0.172365 0.729457 0.024726
3 3 0.033097 0.027840 0.175222 0.742863 0.020978
3 3 0.043770 0.032246 0.165287 0.733402 0.025295
3 3 0.048441 0.037669 0.183510 0.700579 0.029800
3 3 0.021793 0.025709 0.204005 0.730251 0.018242
3 3 0.015559 0.030781 0.337668 0.595540 0.020451
3 3 0.007658 0.026266 0.447267 0.502985 0.015825
2 2 0.014786 0.041655 0.609290 0.315782 0.018488
2 2 0.014934 0.043960 0.669609 0.251914 0.019583
2 2 0.014336 0.051467 0.778651 0.131421 0.024125
2 2 0.015994 0.066244 0.831025 0.052091 0.034646
2 2 0.018255 0.077560 0.811614 0.044834 0.047737
2 2 0.019876 0.087913 0.799256 0.032767 0.060188
2 2 0.026253 0.116209 0.714106 0.027524 0.115908
2 2 0.028172 0.130163 0.638060 0.015644 0.187960
2 2 0.031437 0.146008 0.590435 0.010479 0.221642
4 2 0.041604 0.161427 0.347099 0.006969 0.442901
4 2 0.043408 0.158106 0.315361 0.008158 0.474966
4 2 0.048441 0.172994 0.272599 0.006165 0.499802
4 2 0.058228 0.211437 0.309606 0.007268 0.413462
4 2 0.064740 0.243718 0.323034 0.007586 0.360922
2 2 0.068893 0.265212 0.422955 0.009576 0.233364
2 2 0.084794 0.306790 0.394522 0.011805 0.202090
2 2 0.105424 0.315543 0.441139 0.022070 0.115825
2 2 0.123966 0.363439 0.416237 0.026342 0.070016
2 2 0.117298 0.360305 0.455230 0.027277 0.039889
2 2 0.085746 0.297755 0.560982 0.021429 0.034087
2 2 0.064765 0.236225 0.650694 0.018825 0.029490
2 2 0.082804 0.282407 0.573462 0.021428 0.039900
2 2 0.108816 0.358994 0.461676 0.022481 0.048033
2 2 0.075839 0.267161 0.596074 0.019592 0.041335
2 2 0.060089 0.200809 0.688640 0.022025 0.028437
2 2 0.046699 0.138514 0.768122 0.027011 0.019655
2 2 0.049281 0.151450 0.751601 0.028026 0.019643
2 2 0.034632 0.112441 0.800724 0.034171 0.018031
2 2 0.019754 0.066107 0.842521 0.059140 0.012478
2 2 0.009100 0.032077 0.841971 0.110862 0.005990
2 2 0.008146 0.030489 0.875160 0.081458 0.004748
2 2 0.006993 0.025566 0.845562 0.117426 0.004453
2 2 0.008012 0.026850 0.840994 0.119098 0.005046
2 2 0.008339 0.026843 0.847010 0.112787 0.005020
2 2 0.007535 0.024603 0.842808 0.120288 0.004766
2 2 0.007486 0.024780 0.847553 0.115559 0.004622
2 3 0.007318 0.025096 0.862815 0.100620 0.004151
2 3 0.006085 0.022086 0.852868 0.115121 0.003841
3 3 0.020554 0.013189 0.107582 0.849094 0.009581
3 3 0.033614 0.015219 0.086802 0.852435 0.011930
3 3 0.029443 0.013701 0.085627 0.860666 0.010563
3 3 0.035454 0.017154 0.097448 0.836498 0.013446
3 3 0.038083 0.019857 0.109612 0.816841 0.015607
3 3 0.047031 0.025047 0.122811 0.784998 0.020113
3 3 0.054480 0.026612 0.113507 0.783498 0.021904
3 3 0.058285 0.025906 0.101574 0.792575 0.021661
3 3 0.046747 0.022663 0.095882 0.816210 0.018498
3 3 0.032756 0.016968 0.087113 0.849861 0.013302
3 3 0.025383 0.013215 0.075644 0.875643 0.010116
3 3 0.025328 0.012949 0.071953 0.879823 0.009946
3 3 0.028802 0.014216 0.075119 0.870798 0.011065
3 3 0.040865 0.019200 0.086889 0.837560 0.015486
3 3 0.037770 0.017859 0.077187 0.852795 0.014389
3 3 0.033689 0.017548 0.081678 0.853197 0.013887
3 3 0.048882 0.019680 0.076146 0.838908 0.016384
3 3 0.113337 0.033140 0.088480 0.734573 0.030470
3 3 0.245269 0.053469 0.098186 0.548607 0.054469
3 3 0.361754 0.057575 0.083596 0.436677 0.060398
0 2 0.358243 0.094946 0.176209 0.316850 0.053753
0 2 0.418359 0.142221 0.217332 0.171593 0.050496
0 2 0.363951 0.212053 0.285077 0.090307 0.048613
2 2 0.282495 0.274082 0.330765 0.062970 0.049689
2 2 0.131521 0.256254 0.493088 0.064057 0.055080
2 2 0.081461 0.171139 0.592749 0.107854 0.046798
2 2 0.015999 0.044213 0.674669 0.248807 0.016312
2 2 0.007606 0.024688 0.627668 0.329797 0.010242
2 2 0.005766 0.018892 0.503066 0.461406 0.010869
2 2 0.004598 0.016339 0.495179 0.474748 0.009135
3 2 0.004238 0.015847 0.465237 0.505884 0.008794
3 2 0.003442 0.013559 0.484373 0.491319 0.007309
3 2 0.004089 0.014118 0.426426 0.547558 0.007809
3 2 0.004301 0.014309 0.437364 0.536075 0.007951
3 2 0.004885 0.013808 0.367382 0.606079 0.007845
3 2 0.009315 0.020433 0.363603 0.594036 0.012613
3 2 0.008758 0.015644 0.260879 0.705000 0.009719
3 2 0.012356 0.018342 0.241063 0.716282 0.011956
3 2 0.012652 0.015642 0.188593 0.772753 0.010360
3 2 0.012513 0.015222 0.174095 0.788047 0.010123
3 2 0.020709 0.020991 0.175375 0.768039 0.014887
3 2 0.020550 0.021925 0.183452 0.758570 0.015503
3 2 0.024961 0.024227 0.186927 0.746352 0.017532
3 3 0.021281 0.019818 0.168545 0.776240 0.014116
3 3 0.020741 0.017866 0.157754 0.790923 0.012715
3 3 0.023237 0.017051 0.128845 0.818397 0.012469
3 3 0.026958 0.016116 0.101933 0.842805 0.012188
3 3 0.019163 0.011144 0.072338 0.889094 0.008261
3 3 0.015052 0.008101 0.052410 0.918483 0.005954
3 3 0.009772 0.005328 0.042356 0.938785 0.003759
3 3 0.013713 0.006909 0.047607 0.926726 0.005045
3 3 0.017139 0.008133 0.051076 0.917575 0.006077
3 3 0.016445 0.008154 0.051643 0.917697 0.006060
3 3 0.019646 0.010101 0.058034 0.904591 0.007627
3 3 0.028628 0.013644 0.066306 0.880712 0.010711
3 3 0.028431 0.013616 0.066526 0.880749 0.010678
3 2 0.039072 0.020264 0.101877 0.822709 0.016078
3 2 0.044290 0.023567 0.126388 0.787036 0.018720
3 2 0.045797 0.026427 0.158442 0.748562 0.020772
3 2 0.056256 0.034563 0.195440 0.686141 0.027599
3 2 0.004637 0.013084 0.399138 0.575795 0.007345
3 2 0.003880 0.012205 0.431774 0.545462 0.006679
3 2 0.005723 0.016281 0.414946 0.553655 0.009395
3 2 0.004909 0.015478 0.404718 0.566116 0.008780
3 2 0.005706 0.018405 0.452905 0.512372 0.010612
2 2 0.007872 0.024486 0.488689 0.464241 0.014712
2 2 0.006101 0.020014 0.496316 0.465956 0.011613
2 2 0.005144 0.017758 0.494635 0.472386 0.010077
2 2 0.003333 0.012380 0.511279 0.466389 0.006619
2 2 0.004546 0.015590 0.510568 0.460613 0.008683
2 2 0.003426 0.012736 0.508066 0.468935 0.006837
3 2 0.005624 0.017860 0.444529 0.521707 0.010281
3 2 0.007536 0.018195 0.354004 0.609312 0.010952
3 2 0.011978 0.024628 0.363667 0.584009 0.015718
3 2 0.011977 0.027436 0.422835 0.520320 0.017431
3 2 0.010510 0.026105 0.436084 0.511002 0.016299
2 2 0.004785 0.016779 0.513395 0.456647 0.008394
3 2 0.004278 0.014112 0.398416 0.575323 0.007871
3 2 0.003985 0.013098 0.371531 0.604125 0.007261
3 2 0.003921 0.011217 0.301359 0.677242 0.006260
3 2 0.004339 0.009832 0.248079 0.732149 0.005601
3 2 0.004659 0.007878 0.160678 0.822143 0.004642
3 2 0.006069 0.008782 0.158688 0.821112 0.005348
3 2 0.009146 0.011375 0.161469 0.810721 0.007290
3 2 0.020568 0.020599 0.191778 0.752564 0.014491
3 2 0.025525 0.023614 0.187286 0.746461 0.017114
3 2 0.024093 0.018189 0.125076 0.819230 0.013411
3 2 0.014722 0.013253 0.122360 0.840479 0.009186
3 2 0.011723 0.010734 0.105837 0.864407 0.007299
3 2 0.011853 0.011777 0.120446 0.847969 0.007955
3 2 0.011367 0.010461 0.098856 0.872194 0.007123
3 2 0.008638 0.007784 0.079979 0.898409 0.005190
3 2 0.008507 0.006960 0.066779 0.913065 0.004689
3 2 0.005779 0.006222 0.080100 0.903954 0.003945
3 2 0.006676 0.007579 0.087894 0.892980 0.004871
3 2 0.014652 0.013447 0.108202 0.854285 0.009414
3 2 0.031146 0.020777 0.123050 0.809185 0.015844
3 2 0.025993 0.020834 0.172626 0.765382 0.015165
3 2 0.018286 0.023631 0.271521 0.670489 0.016073
3 2 0.015925 0.025939 0.344248 0.596723 0.017164
2 2 0.024963 0.046380 0.458728 0.444404 0.025525
2 2 0.025802 0.064307 0.612351 0.273730 0.023810
2 2 0.024060 0.063040 0.638626 0.249801 0.024473
2 2 0.015113 0.041942 0.675989 0.251402 0.015554
2 2 0.013015 0.036787 0.642065 0.292871 0.015262
2 2 0.010382 0.032140 0.691712 0.254685 0.011081
2 2 0.006621 0.023646 0.684530 0.277337 0.007865
2 2 0.005005 0.019554 0.677199 0.291879 0.006363
2 2 0.004531 0.018328 0.585259 0.384460 0.007423
3 2 0.002806 0.012068 0.470161 0.508618 0.006347
3 2 0.001558 0.008308 0.442680 0.543389 0.004065
3 2 0.001887 0.010078 0.423006 0.559954 0.005075
3 2 0.001930 0.009405 0.457646 0.526299 0.004720
3 2 0.002444 0.010948 0.446954 0.533986 0.005669
3 2 0.004039 0.014329 0.421876 0.551834 0.007922
3 2 0.005056 0.015007 0.389538 0.581849 0.008550
3 2 0.007529 0.019793 0.431358 0.529504 0.011817
3 2 0.013386 0.028197 0.401766 0.538454 0.018197
3 2 0.015041 0.032603 0.439654 0.491379 0.021323
3 2 0.013911 0.026420 0.345650 0.596789 0.017230
3 2 0.042731 0.024436 0.105815 0.807384 0.019634
3 3 0.030186 0.019872 0.102211 0.832422 0.015310
3 3 0.016763 0.013648 0.096147 0.863646 0.009795
3 3 0.017415 0.013556 0.084979 0.874183 0.009868
3 3 0.013637 0.010803 0.071780 0.896067 0.007713
3 3 0.018020 0.013049 0.078802 0.880546 0.009583
3 3 0.015649 0.011448 0.072740 0.891861 0.008302
3 3 0.024281 0.016820 0.091563 0.854633 0.012702
3 3 0.022367 0.013051 0.075457 0.879274 0.009851
3 3 0.031688 0.015038 0.073845 0.867563 0.011866
3 3 0.046731 0.019181 0.082007 0.836302 0.015779
3 3 0.052734 0.019162 0.076566 0.835470 0.016068
3 3 0.042720 0.017279 0.084403 0.841603 0.013995
3 3 0.047284 0.019296 0.093053 0.824636 0.015732
3 3 0.042608 0.020822 0.113240 0.806779 0.016551
3 3 0.035260 0.022416 0.132562 0.792493 0.017268
3 3 0.076428 0.045331 0.180786 0.659413 0.038042
3 3 0.090193 0.069204 0.262054 0.511903 0.066646
2 3 0.074963 0.116875 0.410583 0.169882 0.227698
4 3 0.071201 0.136307 0.236033 0.032356 0.524102
4 4 0.048654 0.107228 0.118798 0.008208 0.717113
4 4 0.046012 0.103613 0.116623 0.007551 0.726200
4 4 0.048752 0.116203 0.131631 0.007635 0.695778
4 4 0.053916 0.134028 0.150830 0.008223 0.653003
4 4 0.078766 0.204652 0.214924 0.012228 0.489430
4 4 0.098791 0.207449 0.196569 0.019363 0.477827
4 4 0.087147 0.218189 0.221643 0.014248 0.458774
4 4 0.065304 0.165977 0.180890 0.010030 0.577800
4 4 0.064680 0.178539 0.198979 0.009192 0.548610
4 4 0.055469 0.142583 0.161047 0.008230 0.632671
4 4 0.057065 0.151825 0.172093 0.008232 0.610785
4 4 0.038359 0.092544 0.109576 0.005764 0.753757
4 4 0.030139 0.079480 0.100468 0.004042 0.785871
4 4 0.023741 0.063944 0.089143 0.002675 0.820498
4 4 0.024365 0.066944 0.091257 0.002859 0.814574
4 4 0.022074 0.065090 0.089316 0.002566 0.820954
4 4 0.023750 0.068238 0.091865 0.002854 0.813293
4 4 0.021393 0.063784 0.088239 0.002452 0.824131
4 4 0.022940 0.063289 0.088455 0.002575 0.822741
4 4 0.026918 0.073950 0.096331 0.003426 0.799375
4 4 0.024585 0.069772 0.093084 0.003001 0.809557
4 4 0.021580 0.064145 0.088538 0.002483 0.823254
4 4 0.021919 0.064794 0.089073 0.002540 0.821674
4 4 0.027464 0.074906 0.097058 0.003528 0.797044
4 4 0.031686 0.082046 0.102329 0.004350 0.779590
4 4 0.046510 0.104301 0.117041 0.007673 0.724474
4 4 0.035293 0.087830 0.106393 0.005097 0.765386
4 4 0.024005 0.068709 0.092241 0.002899 0.812146
4 4 0.021399 0.063796 0.088249 0.002453 0.824102
4 4 0.019148 0.059358 0.084501 0.002088 0.834905
4 4 0.019513 0.060091 0.085130 0.002146 0.833120
4 4 0.023202 0.067218 0.091046 0.002759 0.815775
4 4 0.027534 0.075027 0.097150 0.003541 0.796748
4 4 0.030578 0.081586 0.103257 0.004062 0.780518
4 4 0.038791 0.120743 0.153551 0.004579 0.682335
4 4 0.040879 0.155718 0.206795 0.004025 0.592583
4 4 0.040802 0.126515 0.159256 0.004867 0.668560
4 4 0.027972 0.075789 0.097725 0.003624 0.794890
4 4 0.024021 0.068737 0.092264 0.002902 0.812077
4 4 0.019331 0.059728 0.084819 0.002117 0.834005
4 4 0.023903 0.068520 0.092091 0.002881 0.812605
4 4 0.022358 0.065630 0.089758 0.002614 0.819641
4 4 0.019554 0.049275 0.077545 0.001771 0.851856
4 4 0.018899 0.047886 0.076267 0.001676 0.855272
4 4 0.017838 0.045516 0.074057 0.001523 0.861066
4 4 0.014828 0.050230 0.076324 0.001443 0.857175
4 4 0.011319 0.041913 0.068266 0.000976 0.877525
4 4 0.018958 0.058976 0.084172 0.002058 0.835835
4 4 0.019757 0.060578 0.085545 0.002185 0.831936
4 4 0.020194 0.061446 0.086282 0.002255 0.829823
4 4 0.024239 0.069139 0.092583 0.002940 0.811098
4 4 0.023477 0.067730 0.091459 0.002807 0.814528
4 4 0.028412 0.076547 0.098295 0.003707 0.793039
4 4 0.033812 0.085488 0.104768 0.004785 0.771146
4 4 0.041784 0.145231 0.187623 0.004493 0.620869
4 4 0.040170 0.121968 0.153079 0.004877 0.679906
4 4 0.048416 0.166638 0.208432 0.005369 0.571144
4 4 0.044043 0.136376 0.169185 0.005315 0.645082
4 4 0.041681 0.132980 0.168032 0.004854 0.652453
4 4 0.042535 0.143745 0.183716 0.004707 0.625297
4 4 0.042836 0.167337 0.221428 0.004150 0.564249
4 4 0.043149 0.143559 0.182225 0.004855 0.626213
4 4 0.042578 0.137417 0.173480 0.004919 0.641606
4 4 0.036193 0.094879 0.116241 0.004988 0.747699
4 4 0.035177 0.089445 0.109104 0.004974 0.761300
4 4 0.031621 0.082731 0.103538 0.004297 0.777814
4 4 0.036587 0.120814 0.157822 0.004054 0.680723
4 4 0.038632 0.127907 0.165567 0.004300 0.663594
4 4 0.051099 0.191542 0.241442 0.005289 0.510629
4 4 0.056408 0.217922 0.269744 0.005785 0.450142
2 4 0.065944 0.274453 0.327838 0.006568 0.325197
2 2 0.048023 0.233841 0.467453 0.005405 0.245278
2 2 0.046664 0.219035 0.505015 0.006054 0.223233
2 2 0.048208 0.218023 0.473892 0.006205 0.253673
2 2 0.049310 0.215353 0.492310 0.006934 0.236092
2 2 0.040595 0.192073 0.575200 0.006167 0.185964
2 2 0.034172 0.168370 0.681197 0.006312 0.109949
2 2 0.025393 0.113421 0.816543 0.008616 0.036026
2 2 0.024065 0.115677 0.817445 0.007349 0.035464
2 2 0.022357 0.106833 0.830647 0.007293 0.032870
2 2 0.020625 0.097180 0.837535 0.007026 0.037634
2 2 0.010387 0.047880 0.916688 0.013855 0.011190
2 2 0.011533 0.051565 0.906011 0.018973 0.011918
2 2 0.016721 0.071266 0.881440 0.015092 0.015481
2 2 0.032129 0.130156 0.793080 0.011681 0.032954
2 2 0.026928 0.105631 0.833596 0.012443 0.021403
2 2 0.012712 0.048840 0.901754 0.030696 0.005999
2 2 0.006295 0.025600 0.911633 0.053989 0.002484
2 2 0.007190 0.028521 0.899278 0.061948 0.003063
2 2 0.008907 0.035368 0.899465 0.052853 0.003407
2 2 0.006860 0.028390 0.878771 0.082438 0.003541
2 2 0.003837 0.017830 0.860643 0.115110 0.002580
2 2 0.007257 0.028993 0.857355 0.102124 0.004272
2 2 0.006554 0.026842 0.879499 0.083690 0.003416
2 2 0.005730 0.022940 0.897362 0.071270 0.002698
2 2 0.002785 0.012229 0.907891 0.075662 0.001434
2 2 0.002795 0.011743 0.894256 0.089614 0.001592
2 2 0.001980 0.008975 0.896733 0.091136 0.001177
2 2 0.001485 0.007002 0.862142 0.128240 0.001131
2 2 0.001246 0.006209 0.785745 0.205454 0.001347
2 2 0.011673 0.033025 0.735827 0.208989 0.010486
2 2 0.013327 0.035010 0.739056 0.201163 0.011444
2 2 0.012369 0.035189 0.786617 0.156811 0.009015
2 2 0.013712 0.039820 0.828711 0.109914 0.007843
2 2 0.012950 0.037233 0.818562 0.123257 0.007998
2 2 0.012007 0.033608 0.766675 0.178147 0.009564
2 2 0.011467 0.031170 0.746356 0.201069 0.009939
2 2 0.017863 0.042471 0.735873 0.189456 0.014337
2 2 0.029274 0.066375 0.736816 0.148025 0.019510
2 2 0.061667 0.104531 0.674667 0.130152 0.028984
2 2 0.065871 0.121741 0.692149 0.092647 0.027593
2 2 0.078350 0.155362 0.657823 0.074523 0.033943
2 2 0.087030 0.186490 0.637607 0.056253 0.032620
2 2 0.070947 0.189813 0.678023 0.036635 0.024582
2 2 0.065200 0.202844 0.673024 0.025113 0.033820
2 2 0.032226 0.099021 0.829485 0.022111 0.017157
2 2 0.020897 0.066793 0.882554 0.020535 0.009221
2 2 0.011649 0.040452 0.914319 0.028685 0.004894
2 2 0.010035 0.032875 0.897650 0.055628 0.003813
2 2 0.007208 0.024746 0.887165 0.077430 0.003451
2 2 0.009003 0.030343 0.868226 0.087807 0.004621
2 2 0.006344 0.023870 0.854007 0.111834 0.003945
2 2 0.006718 0.025697 0.820735 0.141937 0.004913
2 2 0.005726 0.020853 0.746647 0.221030 0.005744
2 2 0.007787 0.024967 0.747521 0.212397 0.007328
2 2 0.007432 0.023314 0.734787 0.227125 0.007341
2 2 0.008969 0.026694 0.727967 0.227633 0.008738
2 2 0.007469 0.022647 0.707072 0.254796 0.008017
2 2 0.007027 0.021333 0.613809 0.348000 0.009830
2 2 0.006033 0.018865 0.556256 0.408918 0.009929
3 2 0.005220 0.018622 0.479847 0.485701 0.010611
3 2 0.004747 0.017215 0.483537 0.484819 0.009682
3 2 0.004059 0.016083 0.412639 0.558280 0.008938
3 2 0.004493 0.016059 0.416248 0.554180 0.009020
3 2 0.003744 0.013039 0.369208 0.606827 0.007181
3 2 0.003336 0.013636 0.408994 0.566650 0.007384
3 2 0.003842 0.015583 0.461055 0.510966 0.008555
3 2 0.006550 0.022514 0.469531 0.488163 0.013242
3 2 0.007913 0.024199 0.449722 0.503575 0.014591
3 2 0.007564 0.020950 0.422797 0.536142 0.012548
3 2 0.002748 0.010690 0.464076 0.516893 0.005593
3 2 0.002581 0.010691 0.457255 0.523915 0.005559
3 2 0.002947 0.012652 0.459180 0.518514 0.006707
3 2 0.002806 0.011897 0.475909 0.503136 0.006252
3 2 0.001914 0.009530 0.449773 0.534000 0.004784
2 2 0.002858 0.011418 0.497887 0.481843 0.005994
2 2 0.002861 0.011297 0.502500 0.477415 0.005927
2 2 0.008579 0.024562 0.511821 0.440163 0.014875
2 2 0.008987 0.026222 0.498791 0.449990 0.016009
2 2 0.007722 0.024010 0.491090 0.462794 0.014384
3 2 0.005391 0.018969 0.481874 0.482914 0.010852
3 2 0.006965 0.022916 0.465483 0.491055 0.013582
2 2 0.008271 0.025362 0.497014 0.454311 0.015042
3 2 0.007429 0.022145 0.468437 0.488789 0.013200
3 2 0.006983 0.020722 0.457497 0.502542 0.012255
3 2 0.004597 0.014601 0.406749 0.565846 0.008208
3 2 0.004511 0.014074 0.377492 0.596006 0.007918
3 2 0.007273 0.016016 0.294175 0.672858 0.009678
3 3 0.007642 0.013945 0.221830 0.747977 0.008606
3 3 0.008765 0.013387 0.171438 0.797870 0.008540
3 3 0.014890 0.009890 0.080311 0.887864 0.007045
3 3 0.012627 0.010159 0.098703 0.871518 0.006993
3 3 0.019068 0.012527 0.087290 0.871947 0.009168
3 3 0.019507 0.014813 0.104130 0.850785 0.010765
3 3 0.016993 0.013481 0.099341 0.860524 0.009660
3 3 0.015532 0.012252 0.094766 0.868747 0.008703
3 3 0.013920 0.012540 0.106535 0.858283 0.008723
3 3 0.008261 0.008972 0.106226 0.870702 0.005839
3 3 0.008273 0.008451 0.088238 0.889461 0.005576
3 3 0.013191 0.010313 0.081852 0.887396 0.007247
3 3 0.013238 0.009888 0.068403 0.901424 0.007047
3 3 0.016501 0.010778 0.063217 0.901563 0.007941
3 3 0.013874 0.010268 0.063500 0.904949 0.007410
3 3 0.021324 0.013073 0.068674 0.887035 0.009894
3 3 0.020895 0.011227 0.061805 0.897559 0.008515
3 3 0.020964 0.013222 0.070283 0.885560 0.009972
3 3 0.021287 0.012030 0.064704 0.892854 0.009126
3 3 0.024263 0.013358 0.071789 0.880367 0.010223
3 3 0.033263 0.014321 0.066360 0.874610 0.011446
3 3 0.045679 0.017794 0.072030 0.849771 0.014726
3 3 0.032349 0.013459 0.063865 0.879589 0.010739
3 3 0.020156 0.011107 0.068312 0.892107 0.008318
3 3 0.016636 0.009731 0.065230 0.901266 0.007136
3 3 0.018250 0.009983 0.064328 0.900030 0.007410
3 3 0.029579 0.013065 0.065143 0.881918 0.010296
3 3 0.018084 0.009381 0.056016 0.909494 0.007025
3 3 0.010990 0.007761 0.055962 0.919813 0.005474
3 3 0.008612 0.006524 0.051890 0.928487 0.004487
3 3 0.015351 0.009821 0.060039 0.907597 0.007191
3 3 0.021815 0.012638 0.066681 0.889264 0.009603
3 3 0.018100 0.011272 0.063985 0.898250 0.008393
3 3 0.015296 0.010849 0.064581 0.901359 0.007915
3 3 0.016487 0.011033 0.064306 0.900053 0.008122
3 3 0.032576 0.015153 0.069430 0.870784 0.012057
3 3 0.036118 0.016982 0.073567 0.859684 0.013649
3 3 0.025434 0.014739 0.082270 0.866314 0.011243
3 3 0.018031 0.011346 0.079659 0.882672 0.008292
3 3 0.027291 0.014066 0.077170 0.870617 0.010856
3 3 0.029293 0.013346 0.072016 0.874920 0.010425
3 3 0.035098 0.014398 0.067861 0.871086 0.011557
3 3 0.036211 0.015454 0.068736 0.867139 0.012460
3 3 0.032325 0.013094 0.062623 0.881503 0.010456
3 3 0.042098 0.015841 0.067571 0.861475 0.013015
3 3 0.081124 0.029559 0.089941 0.773108 0.026267
3 3 0.077760 0.040957 0.134102 0.712067 0.035115
3 3 0.069593 0.044794 0.166797 0.681415 0.037401
3 3 0.042832 0.036257 0.195249 0.697538 0.028124
3 3 0.024919 0.027831 0.194619 0.732470 0.020161
3 3 0.017935 0.024895 0.202845 0.737046 0.017279
3 3 0.013921 0.021014 0.189736 0.761146 0.014182
3 3 0.012144 0.018508 0.184160 0.772903 0.012286
3 3 0.019663 0.019798 0.146109 0.800295 0.014135
3 3 0.023019 0.024866 0.191110 0.743185 0.017819
3 3 0.024425 0.025674 0.192619 0.738755 0.018526
3 3 0.038998 0.036965 0.213872 0.681961 0.028204
3 3 0.018756 0.022503 0.206229 0.736884 0.015628
3 3 0.028204 0.029703 0.192858 0.727361 0.021874
3 3 0.028882 0.027393 0.150209 0.772953 0.020564
3 3 0.031125 0.027485 0.139706 0.780759 0.020926
3 3 0.021978 0.018110 0.111483 0.835089 0.013340
3 3 0.028654 0.025998 0.160755 0.765228 0.019365
3 3 0.017335 0.020053 0.166787 0.781845 0.013981
3 3 0.013779 0.016662 0.138419 0.819709 0.011431
3 3 0.009304 0.013993 0.152293 0.815330 0.009080
3 3 0.007530 0.014298 0.175868 0.793334 0.008971
3 2 0.008656 0.016613 0.202888 0.761329 0.010516
3 2 0.013391 0.021804 0.216804 0.733476 0.014525
3 2 0.013930 0.023567 0.245830 0.701010 0.015663
3 2 0.014540 0.024665 0.240821 0.703458 0.016517
3 2 0.015795 0.026171 0.263553 0.676874 0.017607
3 2 0.016928 0.023686 0.205581 0.737510 0.016295
3 2 0.022637 0.026389 0.206058 0.726112 0.018804
3 2 0.054458 0.041856 0.218649 0.651798 0.033240
3 2 0.079924 0.055023 0.269561 0.550042 0.045450
3 2 0.084240 0.064780 0.312073 0.485204 0.053703
2 2 0.054931 0.068288 0.432846 0.396590 0.047344
2 2 0.028110 0.065421 0.586026 0.293206 0.027237
2 2 0.044168 0.126290 0.695667 0.108373 0.025502
2 2 0.046987 0.139816 0.724307 0.068610 0.020280
2 2 0.028873 0.084070 0.766681 0.104430 0.015946
2 2 0.007422 0.026599 0.824087 0.136684 0.005209
2 2 0.003884 0.015894 0.817853 0.159182 0.003187
2 2 0.004737 0.018528 0.772319 0.199917 0.004500
2 2 0.006335 0.022282 0.769841 0.195793 0.005749
2 2 0.006584 0.022488 0.705969 0.257644 0.007314
2 2 0.004909 0.017895 0.758096 0.214258 0.004842
2 2 0.005881 0.020885 0.753425 0.214081 0.005728
2 2 0.007736 0.026952 0.733821 0.223802 0.007689
2 2 0.011506 0.037962 0.696520 0.242096 0.011916
2 2 0.013173 0.040549 0.730199 0.204286 0.011793
2 2 0.010117 0.033468 0.747295 0.200034 0.009085
2 2 0.018085 0.055127 0.800217 0.111374 0.015197
2 2 0.023528 0.076600 0.798627 0.072463 0.028782
2 2 0.029136 0.104340 0.759795 0.036679 0.070050
2 2 0.029534 0.116670 0.710768 0.035274 0.107754
2 4 0.050736 0.172600 0.431784 0.014980 0.329901
4 4 0.055877 0.172332 0.300911 0.009199 0.461682
4 4 0.055652 0.159977 0.212917 0.008154 0.563301
4 4 0.043371 0.137816 0.204840 0.005710 0.608263
4 4 0.049170 0.147032 0.176944 0.006226 0.620628
4 4 0.052141 0.118051 0.130220 0.008649 0.690939
4 4 0.066038 0.128890 0.130599 0.013013 0.661459
4 4 0.041022 0.096503 0.112165 0.006366 0.743944
4 4 0.019532 0.057451 0.083365 0.002055 0.837597
4 4 0.015258 0.044093 0.071911 0.001302 0.867436
4 4 0.015344 0.039757 0.068457 0.001184 0.875258
4 4 0.016058 0.033461 0.063240 0.001042 0.886198
4 4 0.020229 0.031271 0.062490 0.001177 0.884833
4 4 0.022784 0.029687 0.061579 0.001234 0.884717
4 4 0.026356 0.032560 0.065243 0.001515 0.874326
4 4 0.029970 0.043209 0.075601 0.002206 0.849014
4 4 0.026732 0.044617 0.076022 0.002073 0.850556
4 4 0.032387 0.056124 0.086108 0.003032 0.822349
4 4 0.030229 0.063575 0.090736 0.003240 0.812220
4 4 0.024916 0.070373 0.093558 0.003060 0.808093
4 4 0.030206 0.079592 0.100550 0.004055 0.785597
4 4 0.028213 0.076204 0.098038 0.003669 0.793877
4 4 0.027096 0.074263 0.096569 0.003459 0.798613
4 4 0.024841 0.070237 0.093451 0.003047 0.808425
4 4 0.022419 0.065745 0.089852 0.002625 0.819360
4 4 0.065649 0.128440 0.130375 0.012896 0.662639
4 4 0.064329 0.126905 0.129605 0.012504 0.666657
4 4 0.057386 0.175847 0.206253 0.007271 0.553243
4 4 0.055645 0.238443 0.325267 0.005508 0.375138
2 4 0.063371 0.283566 0.371832 0.006264 0.274967
2 1 0.064486 0.289243 0.485729 0.008194 0.152347
2 1 0.055582 0.250758 0.552502 0.008266 0.132892
2 1 0.040082 0.178927 0.625375 0.007439 0.148178
2 2 0.034840 0.151524 0.671478 0.013478 0.128681
2 2 0.032152 0.141493 0.674993 0.014622 0.136740
2 2 0.027553 0.128877 0.717586 0.018630 0.107354
2 2 0.027046 0.119328 0.735287 0.026351 0.091988
2 2 0.029194 0.126202 0.745750 0.027381 0.071472
2 2 0.027527 0.118151 0.766837 0.024208 0.063277
2 2 0.022653 0.098224 0.807073 0.025144 0.046906
2 2 0.016799 0.068897 0.854096 0.033245 0.026964
2 2 0.019536 0.078627 0.834573 0.031892 0.035373
2 2 0.015438 0.067937 0.826758 0.050099 0.039768
2 2 0.020291 0.095458 0.773099 0.029193 0.081958
2 2 0.022622 0.111851 0.675220 0.026996 0.163311
2 2 0.040897 0.160672 0.435324 0.018315 0.344792
4 2 0.047974 0.167737 0.334644 0.012779 0.436866
4 2 0.050196 0.168834 0.328609 0.010303 0.442059
2 2 0.049275 0.175516 0.398197 0.010655 0.366357
2 2 0.050914 0.194662 0.432244 0.007896 0.314285
2 2 0.046810 0.182458 0.455730 0.007545 0.307457
2 2 0.046325 0.182649 0.447577 0.007232 0.316216
2 2 0.047846 0.174741 0.422855 0.008040 0.346518
2 2 0.040244 0.169706 0.466572 0.008778 0.314701
2 4 0.051198 0.206949 0.393334 0.006838 0.341682
4 4 0.052333 0.215015 0.344477 0.005929 0.382246
4 4 0.046742 0.159722 0.200894 0.005190 0.587452
4 4 0.045050 0.131377 0.159691 0.005769 0.658113
4 4 0.038545 0.102384 0.124601 0.005286 0.729184
4 4 0.039023 0.116109 0.145655 0.004811 0.694402
4 4 0.040597 0.131009 0.166871 0.004660 0.656863
4 4 0.039868 0.140264 0.183440 0.004210 0.632217
4 2 0.043767 0.137442 0.171355 0.005208 0.642228
4 2 0.053025 0.207819 0.262045 0.005308 0.471804
4 2 0.056614 0.218382 0.336462 0.006861 0.381680
2 2 0.047014 0.202296 0.428245 0.006599 0.315846
2 2 0.042231 0.185677 0.473097 0.008267 0.290728
2 2 0.042486 0.181481 0.417705 0.006734 0.351594
4 2 0.042734 0.170844 0.378637 0.007375 0.400410
4 2 0.041851 0.168473 0.341451 0.005665 0.442559
4 2 0.047108 0.181034 0.293873 0.005522 0.472462
4 2 0.045661 0.180683 0.252249 0.004618 0.516789
4 2 0.042919 0.183913 0.297717 0.004345 0.471106
4 2 0.043701 0.199817 0.298499 0.003934 0.454048
4 2 0.046475 0.228570 0.331619 0.003907 0.389428
2 2 0.045107 0.234707 0.435954 0.004339 0.279893
2 2 0.034452 0.207743 0.569918 0.003619 0.184268
2 2 0.024991 0.156827 0.725502 0.003692 0.088989
2 2 0.023270 0.147531 0.748568 0.003639 0.076992
2 2 0.024149 0.133912 0.780246 0.005111 0.056582
2 2 0.024004 0.119997 0.798765 0.006343 0.050891
2 2 0.019061 0.090091 0.851327 0.006920 0.032601
2 2 0.020722 0.102444 0.834358 0.006494 0.035982
2 2 0.018215 0.087537 0.859441 0.006754 0.028053
2 2 0.023499 0.113439 0.805874 0.006722 0.050467
2 2 0.008059 0.044397 0.909456 0.027250 0.010838
2 2 0.007536 0.040773 0.915325 0.028633 0.007733
2 2 0.010378 0.054218 0.906408 0.017272 0.011724
2 2 0.009974 0.052481 0.915540 0.012565 0.009439
2 2 0.013016 0.065818 0.894969 0.011076 0.015121
2 2 0.007758 0.039172 0.929820 0.017079 0.006170
2 2 0.009830 0.049057 0.922181 0.010191 0.008741
2 2 0.011737 0.056669 0.910565 0.009976 0.011053
2 2 0.014867 0.069717 0.887505 0.009035 0.018875
2 2 0.013272 0.061126 0.905022 0.009193 0.011387
2 2 0.017889 0.074558 0.884108 0.009955 0.013490
2 2 0.016260 0.062249 0.898825 0.012052 0.010614
2 2 0.014454 0.057037 0.905693 0.011422 0.011394
2 2 0.017327 0.070826 0.883634 0.009588 0.018625
2 2 0.012535 0.050952 0.908059 0.018063 0.010392
2 2 0.011363 0.046944 0.911145 0.020032 0.010515
2 2 0.009473 0.041182 0.919610 0.020170 0.009565
2 2 0.007117 0.032686 0.929671 0.024142 0.006385
2 2 0.008761 0.036296 0.926673 0.020745 0.007525
2 2 0.005972 0.023703 0.935738 0.031676 0.002910
2 2 0.006793 0.025728 0.932055 0.031799 0.003626
2 2 0.004718 0.018172 0.927047 0.047885 0.002178
2 2 0.004275 0.016740 0.916275 0.060672 0.002038
2 2 0.002812 0.012280 0.917438 0.066142 0.001327
2 2 0.003431 0.015241 0.910295 0.069376 0.001656
2 2 0.003291 0.014824 0.927318 0.053216 0.001350
2 2 0.005289 0.020872 0.919854 0.050973 0.003012
2 2 0.007602 0.026668 0.902768 0.057703 0.005259
2 2 0.008813 0.029496 0.886837 0.068950 0.005903
2 2 0.009687 0.031524 0.853777 0.098956 0.006056
2 2 0.009602 0.031999 0.852757 0.100288 0.005354
2 2 0.009027 0.030070 0.840425 0.114956 0.005522
2 2 0.013180 0.039209 0.803307 0.135565 0.008739
2 2 0.012328 0.037574 0.772638 0.167906 0.009554
2 2 0.008138 0.026908 0.723555 0.233143 0.008255
2 2 0.005382 0.019782 0.725165 0.243827 0.005845
2 2 0.003226 0.013328 0.702978 0.276430 0.004037
2 2 0.004845 0.018445 0.809933 0.162829 0.003949
2 2 0.024381 0.061163 0.793361 0.107797 0.013297
2 2 0.046925 0.099045 0.781592 0.056102 0.016335
2 1 0.053122 0.110773 0.762551 0.055181 0.018374
2 1 0.068012 0.150206 0.705248 0.051735 0.024799
2 2 0.099161 0.213019 0.601488 0.050123 0.036209
0 2 0.336136 0.262687 0.233869 0.055557 0.111752
0 0 0.466551 0.189177 0.175892 0.073095 0.095285
0 0 0.505202 0.136206 0.133369 0.081916 0.143306
0 0 0.453171 0.147245 0.149762 0.069153 0.180668
0 0 0.462128 0.126100 0.137803 0.063737 0.210233
0 0 0.532400 0.085371 0.090004 0.086646 0.205580
0 0 0.586427 0.070448 0.069940 0.109429 0.163756
0 0 0.497517 0.108006 0.086894 0.137749 0.169834
4 0 0.292355 0.149294 0.129195 0.073080 0.356076
4 0 0.235056 0.192983 0.143282 0.078439 0.350240
4 0 0.189618 0.190769 0.148403 0.058607 0.412603
4 0 0.209917 0.225273 0.155741 0.078715 0.330354
1 1 0.194746 0.289493 0.206629 0.060667 0.248465
1 1 0.203132 0.319529 0.223824 0.061515 0.192000
1 1 0.227477 0.284779 0.184958 0.086244 0.216542
1 2 0.223006 0.330589 0.218303 0.073681 0.154421
4 2 0.152801 0.201819 0.153484 0.049614 0.442282
