1 0 0.241604 0.291771 0.262812 0.058078 0.145735
1 0 0.172004 0.381367 0.309194 0.030752 0.106683
1 0 0.157933 0.400084 0.316967 0.026461 0.098555
1 1 0.138105 0.427069 0.326855 0.020997 0.086974
2 1 0.102903 0.363352 0.448118 0.017394 0.068235
2 1 0.071310 0.302503 0.563707 0.012828 0.049653
2 1 0.080860 0.334664 0.515450 0.013775 0.055251
2 1 0.053230 0.250823 0.647290 0.010230 0.038427
2 2 0.043896 0.186439 0.726822 0.010152 0.032691
2 2 0.025859 0.110497 0.835703 0.007479 0.020462
2 2 0.051075 0.175870 0.722176 0.013154 0.037726
2 2 0.089094 0.251812 0.576978 0.020463 0.061652
2 2 0.124083 0.334401 0.436181 0.024000 0.081335
2 2 0.126010 0.332506 0.434375 0.024607 0.082502
1 2 0.182122 0.347064 0.321203 0.036347 0.113265
0 2 0.279243 0.256172 0.246024 0.072848 0.145713
0 2 0.355849 0.180179 0.195966 0.115880 0.152127
0 2 0.360315 0.172546 0.189033 0.121482 0.156624
0 2 0.272949 0.259403 0.246023 0.071426 0.150200
1 2 0.200945 0.343673 0.291451 0.040771 0.123159
1 2 0.171403 0.382160 0.309538 0.030562 0.106337
1 2 0.130875 0.436822 0.330402 0.019180 0.082721
2 2 0.063342 0.265267 0.614105 0.012338 0.044949
2 2 0.033429 0.150924 0.781705 0.008299 0.025643
2 2 0.024375 0.085962 0.861682 0.008425 0.019556
2 2 0.018801 0.060238 0.896248 0.009164 0.015549
2 2 0.016693 0.052132 0.904855 0.012331 0.013988
2 2 0.016123 0.049907 0.907288 0.013121 0.013562
2 2 0.016132 0.051104 0.906149 0.013058 0.013558
2 2 0.020808 0.068137 0.883474 0.010560 0.017021
2 2 0.030026 0.091786 0.843158 0.011338 0.023693
2 2 0.037519 0.115173 0.806245 0.012176 0.028886
2 2 0.043593 0.139643 0.771022 0.012811 0.032932
2 2 0.074181 0.204438 0.649330 0.019253 0.052798
2 2 0.100550 0.250050 0.556397 0.024153 0.068849
2 2 0.131686 0.316257 0.438546 0.027324 0.086186
1 2 0.165417 0.390090 0.312906 0.028699 0.102888
1 2 0.174349 0.378276 0.307843 0.031503 0.108030
1 2 0.185064 0.364244 0.301470 0.035065 0.114158
1 1 0.193430 0.353378 0.296276 0.038005 0.118912
1 1 0.174447 0.378147 0.307786 0.031534 0.108086
1 1 0.183753 0.365953 0.302266 0.034617 0.113410
1 1 0.195764 0.350359 0.294794 0.038851 0.120233
1 1 0.183027 0.366901 0.302706 0.034370 0.112996
1 1 0.187053 0.361654 0.300252 0.035750 0.115290
1 1 0.189396 0.358609 0.298804 0.036569 0.116623
1 1 0.173181 0.379815 0.308518 0.031127 0.107359
1 1 0.188223 0.360132 0.299531 0.036158 0.115956
1 1 0.172835 0.380270 0.308717 0.031017 0.107160
1 1 0.178158 0.373272 0.305614 0.032743 0.110213
1 1 0.226774 0.307585 0.270873 0.050825 0.143943
1 1 0.240624 0.293016 0.263553 0.057608 0.145199
0 1 0.305103 0.210404 0.208851 0.096349 0.179293
0 1 0.361827 0.142972 0.158145 0.138313 0.198743
0 1 0.372116 0.138927 0.156282 0.148237 0.184438
0 1 0.390451 0.126008 0.147008 0.162347 0.174186
0 1 0.370850 0.130945 0.148266 0.140231 0.209709
0 1 0.334725 0.180860 0.189110 0.115431 0.179875
1 1 0.227600 0.288317 0.253794 0.049296 0.180993
1 1 0.243025 0.288733 0.260564 0.058580 0.149099
1 1 0.257412 0.271694 0.250505 0.066075 0.154315
1 1 0.212672 0.328620 0.283629 0.045338 0.129741
1 1 0.203079 0.340927 0.290055 0.041578 0.124360
1 1 0.222726 0.315780 0.276641 0.049514 0.135339
1 1 0.237796 0.296607 0.265676 0.056270 0.143651
0 1 0.308463 0.213700 0.213747 0.094636 0.169453
0 1 0.352592 0.168274 0.181748 0.124790 0.172596
0 1 0.317933 0.201348 0.204505 0.101973 0.174241
1 4 0.254416 0.270445 0.248148 0.063800 0.163191
1 4 0.254179 0.275802 0.253077 0.064372 0.152570
1 4 0.249888 0.281252 0.256447 0.062167 0.150246
1 4 0.216406 0.323845 0.281064 0.046860 0.131825
1 4 0.175113 0.377271 0.307399 0.031749 0.108468
1 4 0.129828 0.438599 0.330575 0.018906 0.082093
1 4 0.165237 0.390329 0.313005 0.028644 0.102784
1 4 0.176720 0.375159 0.306460 0.032272 0.109389
1 4 0.192039 0.355179 0.297152 0.037506 0.118123
1 4 0.221942 0.316779 0.277195 0.049180 0.134904
0 4 0.295271 0.226684 0.221744 0.087392 0.168910
0 4 0.385902 0.136284 0.157010 0.152096 0.168708
0 4 0.442000 0.088348 0.115965 0.207868 0.145819
0 4 0.438635 0.090814 0.118174 0.204428 0.147949
0 4 0.431071 0.096338 0.123027 0.196993 0.152571
0 4 0.423163 0.102100 0.127951 0.189608 0.157177
0 4 0.435016 0.093458 0.120514 0.200823 0.150188
0 4 0.397667 0.120708 0.142964 0.167973 0.170687
0 4 0.309979 0.204123 0.204274 0.100068 0.181556
0 4 0.278359 0.244984 0.233102 0.078067 0.165488
1 4 0.207527 0.335212 0.287105 0.043295 0.126860
1 4 0.188326 0.359999 0.299467 0.036194 0.116014
1 4 0.176255 0.375770 0.306733 0.032120 0.109123
1 4 0.131230 0.436632 0.329963 0.019252 0.082922
1 4 0.119207 0.453672 0.334951 0.016380 0.075790
1 4 0.101651 0.479441 0.341060 0.012581 0.065267
1 2 0.082541 0.428785 0.422797 0.010957 0.054921
2 2 0.050366 0.290276 0.614900 0.008301 0.036157
2 2 0.037044 0.174412 0.752039 0.008485 0.028019
2 2 0.040837 0.184214 0.735081 0.009278 0.030590
2 2 0.051354 0.221188 0.679121 0.010883 0.037455
2 2 0.051463 0.201663 0.697326 0.011826 0.037722
2 2 0.051523 0.190653 0.707518 0.012430 0.037876
2 2 0.041670 0.165047 0.751473 0.010470 0.031339
2 2 0.035438 0.179014 0.750893 0.007802 0.026853
2 2 0.038746 0.178164 0.745036 0.008872 0.029182
2 2 0.041687 0.166746 0.749845 0.010386 0.031335
2 2 0.039514 0.126463 0.790460 0.013370 0.030193
2 2 0.035083 0.108311 0.812362 0.017034 0.027210
2 2 0.028180 0.075152 0.847784 0.026384 0.022500
2 2 0.026735 0.068527 0.853619 0.029626 0.021492
2 2 0.028890 0.069302 0.840901 0.037826 0.023081
2 2 0.025948 0.061224 0.838952 0.052920 0.020956
2 2 0.012445 0.028355 0.870138 0.078252 0.010810
2 2 0.011722 0.025027 0.845071 0.107944 0.010236
2 2 0.007168 0.014591 0.823753 0.147941 0.006548
2 2 0.006182 0.012013 0.783131 0.192964 0.005709
2 2 0.009792 0.018443 0.758582 0.204532 0.008651
2 2 0.016279 0.027408 0.663951 0.278753 0.013609
2 2 0.017553 0.028950 0.629075 0.309908 0.014514
2 2 0.028472 0.040546 0.538674 0.370269 0.022039
2 2 0.035296 0.042948 0.475139 0.421651 0.024967
3 2 0.078377 0.056724 0.272572 0.551457 0.040870
3 2 0.067997 0.043381 0.223628 0.633438 0.031555
3 3 0.074298 0.041346 0.198279 0.654268 0.031809
3 3 0.079723 0.044049 0.203472 0.638354 0.034401
3 3 0.066835 0.043003 0.240901 0.617810 0.031451
3 3 0.070113 0.044899 0.255759 0.595824 0.033404
3 3 0.079103 0.057123 0.321209 0.500047 0.042518
3 3 0.084283 0.073172 0.378571 0.413704 0.050271
2 3 0.068431 0.097649 0.525083 0.259557 0.049279
2 3 0.063515 0.110207 0.613043 0.166825 0.046410
2 3 0.068482 0.121576 0.592570 0.167863 0.049509
2 3 0.081047 0.122866 0.504133 0.234813 0.057141
2 3 0.073791 0.108585 0.478050 0.287284 0.052290
2 3 0.081121 0.107518 0.423423 0.331864 0.056074
3 3 0.074478 0.071681 0.343059 0.463652 0.047130
3 3 0.069123 0.058580 0.310091 0.522643 0.039563
3 2 0.053559 0.043331 0.265802 0.609065 0.028243
3 2 0.043438 0.037267 0.267663 0.628485 0.023147
3 2 0.045624 0.033765 0.225970 0.672632 0.022009
3 2 0.042076 0.033486 0.250867 0.652314 0.021257
3 2 0.046320 0.034436 0.237803 0.658838 0.022602
3 2 0.042358 0.032430 0.233845 0.670610 0.020757
3 2 0.051117 0.032810 0.197025 0.696367 0.022681
3 2 0.058530 0.040871 0.230544 0.641885 0.028170
3 2 0.064955 0.046652 0.257802 0.597922 0.032669
3 2 0.076271 0.063729 0.360216 0.454517 0.045267
3 2 0.070331 0.054667 0.318032 0.518295 0.038675
3 2 0.066854 0.063242 0.384871 0.444547 0.040486
3 2 0.070036 0.052641 0.335444 0.503684 0.038194
3 2 0.070867 0.061893 0.378227 0.447739 0.041275
3 2 0.064764 0.049504 0.311171 0.539772 0.034789
3 2 0.063335 0.049244 0.322123 0.530954 0.034343
3 3 0.055975 0.043661 0.303524 0.567089 0.029751
3 3 0.054557 0.048762 0.349556 0.515165 0.031960
2 3 0.050662 0.057973 0.448291 0.409326 0.033747
2 2 0.033313 0.052611 0.591755 0.296471 0.025849
2 2 0.036219 0.046816 0.552487 0.338923 0.025554
2 2 0.036978 0.054451 0.602041 0.279095 0.027435
2 2 0.066301 0.095134 0.552788 0.238241 0.047537
2 2 0.071292 0.114708 0.571207 0.191459 0.051334
2 2 0.061461 0.097203 0.563262 0.233228 0.044846
2 2 0.050231 0.075589 0.571862 0.264864 0.037454
2 2 0.068043 0.088962 0.561204 0.232359 0.049431
2 2 0.062168 0.082331 0.638297 0.171176 0.046029
2 2 0.090438 0.103726 0.556183 0.185503 0.064151
2 2 0.055699 0.067335 0.573372 0.262197 0.041397
2 2 0.047771 0.050863 0.496887 0.371429 0.033050
2 2 0.059838 0.058298 0.466582 0.375382 0.039900
2 2 0.089338 0.100707 0.466795 0.282299 0.060861
2 2 0.079176 0.110210 0.504472 0.250056 0.056086
2 2 0.069386 0.106479 0.512327 0.262115 0.049693
2 2 0.105200 0.156487 0.517841 0.147916 0.072555
2 0 0.200284 0.216470 0.393305 0.063768 0.126173
0 0 0.328752 0.189550 0.228829 0.106108 0.146760
0 1 0.409458 0.132626 0.159296 0.154698 0.143922
0 1 0.462560 0.073096 0.101655 0.231082 0.131606
0 1 0.464645 0.076432 0.105987 0.224730 0.128206
0 1 0.454447 0.092495 0.123238 0.200058 0.129762
0 2 0.383204 0.167884 0.191960 0.123745 0.133206
2 2 0.152910 0.308024 0.406857 0.033645 0.098562
2 2 0.014399 0.033468 0.878858 0.060936 0.012338
2 2 0.015815 0.029274 0.762856 0.178678 0.013377
2 2 0.018042 0.029977 0.555342 0.381922 0.014717
3 2 0.027832 0.035639 0.380336 0.537481 0.018712
3 2 0.034557 0.031065 0.241338 0.674874 0.018166
3 2 0.041542 0.026492 0.152630 0.761914 0.017422
3 2 0.042441 0.022805 0.126745 0.792073 0.015936
3 2 0.040400 0.020118 0.116419 0.808694 0.014369
3 3 0.034380 0.015532 0.099180 0.839656 0.011252
3 3 0.039099 0.017604 0.105612 0.824678 0.013008
3 3 0.044088 0.021804 0.120920 0.797372 0.015816
3 3 0.044668 0.025679 0.137061 0.774968 0.017624
3 3 0.049059 0.026664 0.137235 0.768081 0.018961
3 3 0.055623 0.029792 0.144016 0.748851 0.021717
3 3 0.066140 0.033892 0.150777 0.723379 0.025813
3 3 0.069195 0.046543 0.240338 0.610457 0.033466
3 3 0.058969 0.046135 0.282834 0.580872 0.031190
3 3 0.078478 0.064293 0.315789 0.496439 0.045001
3 3 0.052808 0.052266 0.359652 0.502515 0.032759
3 2 0.048675 0.053158 0.386495 0.479635 0.032038
3 2 0.033211 0.037794 0.360222 0.547664 0.021108
3 2 0.066255 0.043657 0.210633 0.648534 0.030921
3 2 0.075429 0.041432 0.168427 0.683291 0.031421
3 2 0.085513 0.056430 0.239827 0.576246 0.041984
3 2 0.061830 0.051037 0.305952 0.546858 0.034323
3 2 0.080071 0.057384 0.290106 0.530330 0.042109
3 2 0.069828 0.058182 0.336479 0.495220 0.040291
3 2 0.070892 0.063016 0.352406 0.470804 0.042883
3 2 0.044356 0.052434 0.412334 0.460487 0.030388
3 2 0.046260 0.047094 0.353766 0.524287 0.028594
3 2 0.061197 0.050164 0.281372 0.573963 0.033305
3 2 0.054102 0.035270 0.180755 0.705810 0.024062
3 2 0.054009 0.030690 0.150371 0.743120 0.021810
3 2 0.041674 0.021542 0.121806 0.799741 0.015237
3 2 0.047822 0.025640 0.134113 0.774169 0.018256
3 3 0.059916 0.027487 0.132195 0.758913 0.021489
3 3 0.080379 0.029504 0.127311 0.736531 0.026276
3 3 0.221567 0.043496 0.117553 0.558805 0.058579
0 3 0.406504 0.100523 0.149136 0.229334 0.114503
0 3 0.384590 0.165432 0.189560 0.125720 0.134698
0 3 0.331734 0.211161 0.221383 0.095738 0.139984
0 3 0.288480 0.252379 0.247050 0.074418 0.137674
2 3 0.240980 0.273706 0.283464 0.074094 0.127756
2 3 0.154360 0.263645 0.430463 0.051071 0.100461
2 3 0.124270 0.229577 0.500031 0.062634 0.083486
2 3 0.043847 0.067640 0.669535 0.185444 0.033534
2 3 0.046336 0.063088 0.574718 0.280933 0.034925
2 3 0.053564 0.065117 0.501617 0.340213 0.039489
3 3 0.063357 0.059601 0.402301 0.434608 0.040134
3 3 0.075650 0.070247 0.375722 0.430371 0.048010
3 3 0.066577 0.060647 0.294187 0.539524 0.039065
3 3 0.055231 0.051289 0.259410 0.602722 0.031347
3 3 0.043512 0.040940 0.254239 0.637146 0.024164
3 3 0.043139 0.047313 0.347157 0.534953 0.027438
2 3 0.060075 0.067739 0.447689 0.386524 0.037973
2 3 0.074211 0.083265 0.487617 0.308787 0.046120
2 3 0.116954 0.109571 0.450989 0.254384 0.068101
2 1 0.139462 0.116279 0.405663 0.263066 0.075530
3 1 0.188503 0.110916 0.273198 0.341548 0.085835
3 1 0.133486 0.065986 0.218920 0.524354 0.057254
0 1 0.470282 0.070488 0.099769 0.234723 0.124739
0 2 0.461950 0.084253 0.114869 0.211830 0.127097
0 2 0.426977 0.119764 0.149056 0.167309 0.136893
0 2 0.449453 0.097741 0.128424 0.193080 0.131302
0 1 0.374842 0.160975 0.181030 0.130234 0.152919
0 2 0.360284 0.150565 0.184083 0.156399 0.148669
0 2 0.434636 0.108142 0.137355 0.180801 0.139066
0 2 0.488943 0.052235 0.079988 0.270124 0.108710
0 4 0.497025 0.045058 0.071841 0.286429 0.099647
0 4 0.502202 0.039973 0.065807 0.299256 0.092763
0 4 0.508042 0.035181 0.059730 0.303892 0.093155
0 4 0.497431 0.044676 0.071397 0.287350 0.099146
0 4 0.497245 0.044851 0.071601 0.286927 0.099376
0 4 0.485840 0.054841 0.082849 0.264639 0.111831
0 4 0.472730 0.065325 0.093895 0.244449 0.123601
0 4 0.474993 0.063561 0.092085 0.247658 0.121703
0 4 0.424587 0.072659 0.096283 0.159488 0.246983
0 4 0.374719 0.091323 0.110476 0.123713 0.299769
4 4 0.327823 0.109713 0.122398 0.097068 0.342999
4 4 0.288519 0.100442 0.109440 0.074383 0.427215
4 4 0.345755 0.093780 0.109752 0.104299 0.346414
0 4 0.396946 0.086067 0.107577 0.140021 0.269388
0 4 0.443192 0.072845 0.098414 0.183469 0.202080
0 4 0.464706 0.061339 0.087525 0.204852 0.181579
0 4 0.502506 0.037864 0.061774 0.246693 0.151163
0 4 0.515934 0.030196 0.052864 0.291992 0.109013
0 4 0.507988 0.033289 0.057489 0.318217 0.083016
0 4 0.495811 0.046182 0.073145 0.283746 0.101115
0 4 0.450828 0.081850 0.110008 0.217326 0.139988
0 4 0.341641 0.181578 0.192307 0.115090 0.169384
1 4 0.165957 0.389373 0.312607 0.028864 0.103199
1 4 0.118294 0.425828 0.362474 0.017475 0.075929
1 4 0.095377 0.420274 0.408100 0.013515 0.062734
2 4 0.085526 0.385340 0.458878 0.012869 0.057387
2 4 0.088250 0.376499 0.462333 0.013736 0.059181
2 4 0.088123 0.349904 0.487686 0.014769 0.059517
2 4 0.078720 0.297332 0.554634 0.014888 0.054427
2 4 0.077459 0.290559 0.563374 0.014888 0.053721
2 4 0.075142 0.289454 0.568797 0.014344 0.052263
2 4 0.070215 0.262404 0.603603 0.014328 0.049449
2 2 0.062003 0.206933 0.666644 0.019684 0.044736
2 2 0.026552 0.089955 0.839926 0.022417 0.021150
2 2 0.026034 0.085765 0.850929 0.016467 0.020804
2 2 0.027379 0.076315 0.860013 0.014399 0.021894
2 2 0.043513 0.100796 0.805699 0.016667 0.033325
2 2 0.048456 0.103411 0.791754 0.019599 0.036781
2 2 0.056775 0.121199 0.755743 0.023975 0.042308
2 2 0.060265 0.122998 0.740514 0.031562 0.044661
2 2 0.102761 0.221021 0.577702 0.027750 0.070766
2 2 0.102645 0.259347 0.544030 0.024001 0.069976
2 2 0.142163 0.304443 0.429687 0.031169 0.092538
2 2 0.113303 0.196916 0.571178 0.040838 0.077765
2 2 0.104013 0.187092 0.592417 0.044343 0.072135
2 2 0.098292 0.172553 0.596219 0.064275 0.068660
2 2 0.090770 0.147380 0.596719 0.101058 0.064074
2 2 0.082367 0.132051 0.613222 0.113515 0.058845
2 2 0.064566 0.126958 0.688900 0.072214 0.047362
2 2 0.083292 0.168020 0.644691 0.044772 0.059225
2 2 0.078564 0.138397 0.692164 0.034164 0.056710
2 2 0.097810 0.168787 0.631936 0.032810 0.068657
2 2 0.006544 0.021976 0.957354 0.008133 0.005992
2 2 0.008853 0.029615 0.942311 0.011345 0.007878
2 2 0.007417 0.023495 0.943748 0.018614 0.006726
2 2 0.006682 0.018392 0.937803 0.030978 0.006145
2 2 0.006971 0.018485 0.931762 0.036391 0.006390
2 2 0.010603 0.027598 0.910763 0.041697 0.009340
2 2 0.012466 0.031411 0.894257 0.051052 0.010814
2 2 0.011740 0.027203 0.861042 0.089773 0.010241
2 2 0.012120 0.027366 0.845702 0.104276 0.010535
2 2 0.012576 0.027100 0.826316 0.123119 0.010889
2 2 0.011639 0.022810 0.777702 0.177720 0.010129
2 2 0.013179 0.024485 0.749601 0.201415 0.011320
2 2 0.019624 0.032081 0.636320 0.295896 0.016079
2 2 0.021670 0.034129 0.542144 0.384689 0.017368
2 2 0.032004 0.045106 0.503990 0.394240 0.024659
2 2 0.053357 0.065606 0.489739 0.352043 0.039255
2 2 0.063405 0.068089 0.415153 0.409785 0.043569
2 2 0.068688 0.075272 0.437419 0.369589 0.049031
2 2 0.081473 0.092571 0.460262 0.308260 0.057434
2 2 0.072473 0.095842 0.524488 0.255180 0.052017
2 2 0.077187 0.115766 0.552907 0.199017 0.055122
2 2 0.040383 0.071017 0.649005 0.208668 0.030927
2 2 0.055659 0.083192 0.532427 0.287862 0.040860
2 2 0.064255 0.089071 0.443847 0.356920 0.045906
2 2 0.099105 0.117325 0.361624 0.357915 0.064030
2 2 0.121665 0.136314 0.349304 0.317707 0.075010
2 2 0.121481 0.129532 0.354201 0.322487 0.072298
3 2 0.074980 0.074231 0.344248 0.460965 0.045575
3 2 0.056260 0.053229 0.311922 0.545221 0.033368
3 2 0.047867 0.047173 0.326313 0.549917 0.028730
3 2 0.061116 0.061931 0.330595 0.507919 0.038439
3 2 0.072764 0.071276 0.323227 0.486961 0.045773
3 2 0.083775 0.062814 0.219783 0.590251 0.043376
3 2 0.071867 0.040884 0.169325 0.687561 0.030362
3 2 0.047721 0.022831 0.122453 0.790024 0.016971
3 2 0.050817 0.020469 0.110122 0.802178 0.016414
3 3 0.060862 0.021280 0.107421 0.791942 0.018495
3 3 0.055509 0.017059 0.092514 0.819548 0.015371
3 3 0.045362 0.014997 0.088657 0.838227 0.012757
3 3 0.042413 0.012496 0.077935 0.856145 0.011012
3 3 0.056540 0.017723 0.094874 0.814974 0.015890
3 3 0.061968 0.022203 0.110506 0.786153 0.019169
3 3 0.060615 0.028175 0.134291 0.754962 0.021957
3 3 0.047996 0.027752 0.142529 0.762510 0.019214
3 3 0.047591 0.032497 0.165162 0.733579 0.021170
3 3 0.047100 0.032192 0.172897 0.726746 0.021064
3 3 0.039280 0.025624 0.151849 0.766672 0.016575
3 3 0.030811 0.019020 0.120621 0.817520 0.012027
3 3 0.030210 0.017474 0.113347 0.827672 0.011297
3 3 0.035262 0.015527 0.098406 0.839404 0.011402
3 3 0.049323 0.019776 0.108098 0.806997 0.015806
3 3 0.048092 0.015796 0.090847 0.831680 0.013585
3 3 0.039502 0.015568 0.095313 0.837490 0.012128
3 3 0.032853 0.012896 0.086385 0.858063 0.009803
3 3 0.039208 0.016614 0.100704 0.830903 0.012572
3 3 0.035703 0.013651 0.088278 0.851761 0.010607
3 3 0.030993 0.010133 0.072070 0.878598 0.008206
3 3 0.023545 0.007635 0.061823 0.901022 0.005974
3 3 0.027025 0.007616 0.059215 0.899727 0.006417
3 3 0.019898 0.005053 0.045971 0.924820 0.004258
3 3 0.044151 0.017704 0.102278 0.821944 0.013922
3 3 0.054241 0.017099 0.093358 0.820097 0.015205
3 3 0.046154 0.015438 0.090296 0.835006 0.013106
3 3 0.042224 0.016756 0.099159 0.828717 0.013145
3 3 0.053359 0.020022 0.106571 0.803441 0.016607
3 3 0.072375 0.025997 0.119238 0.759426 0.022962
3 3 0.087712 0.029213 0.122782 0.732923 0.027370
3 3 0.097170 0.036255 0.140222 0.693253 0.033100
3 3 0.113756 0.063939 0.216416 0.553550 0.052339
2 3 0.113451 0.103551 0.381683 0.334637 0.066678
2 3 0.081551 0.133985 0.579333 0.147124 0.058007
2 3 0.055141 0.113197 0.697472 0.093132 0.041058
2 3 0.033365 0.074198 0.780088 0.086125 0.026224
2 2 0.027192 0.060030 0.808589 0.082337 0.021853
2 2 0.021270 0.044621 0.822270 0.094298 0.017541
2 2 0.016474 0.034246 0.829050 0.106303 0.013928
2 2 0.014597 0.029961 0.821823 0.121143 0.012477
2 2 0.015394 0.029634 0.785031 0.156872 0.013070
2 2 0.015278 0.028168 0.746057 0.197554 0.012942
2 2 0.014296 0.025366 0.734687 0.213468 0.012183
2 2 0.016335 0.029938 0.756477 0.183481 0.013770
2 2 0.018257 0.034223 0.772683 0.159588 0.015248
2 2 0.025771 0.054109 0.785795 0.113523 0.020802
2 2 0.034251 0.056316 0.666478 0.216207 0.026748
2 2 0.034073 0.047925 0.552962 0.338725 0.026315
3 2 0.079657 0.085730 0.375038 0.404222 0.055353
3 2 0.077868 0.085352 0.359290 0.423580 0.053911
3 2 0.067708 0.068624 0.310930 0.510089 0.042648
3 2 0.057389 0.058032 0.306504 0.542817 0.035258
3 2 0.073945 0.058238 0.216915 0.612264 0.038638
3 2 0.072960 0.058246 0.217844 0.612583 0.038366
3 2 0.102755 0.075631 0.232868 0.534081 0.054664
3 2 0.084887 0.075025 0.263023 0.527456 0.049608
3 2 0.076219 0.054025 0.203773 0.628569 0.037414
3 3 0.067573 0.052170 0.207173 0.638753 0.034330
3 3 0.062794 0.046119 0.200050 0.660386 0.030651
3 3 0.057929 0.043734 0.214512 0.655095 0.028730
3 3 0.048839 0.042104 0.246036 0.636959 0.026063
3 3 0.031546 0.032313 0.267681 0.650560 0.017900
3 3 0.024389 0.027269 0.264270 0.669947 0.014126
3 3 0.021588 0.024381 0.235679 0.706130 0.012223
3 3 0.026519 0.031374 0.259104 0.667104 0.015899
3 3 0.023522 0.028858 0.256523 0.676898 0.014198
3 3 0.026676 0.038712 0.349946 0.565886 0.018780
3 3 0.027173 0.036738 0.354527 0.563061 0.018500
3 3 0.042740 0.046341 0.297614 0.587073 0.026231
3 3 0.045600 0.040997 0.234310 0.654566 0.024528
3 3 0.057341 0.047770 0.220683 0.644136 0.030070
3 3 0.066131 0.054690 0.230453 0.613393 0.035332
3 3 0.064661 0.049320 0.200867 0.652820 0.032332
3 3 0.065394 0.053144 0.211193 0.636150 0.034120
3 3 0.056662 0.045503 0.197177 0.672025 0.028634
3 3 0.057220 0.044293 0.192748 0.677445 0.028294
3 3 0.064874 0.048092 0.197029 0.658134 0.031871
3 2 0.069127 0.050483 0.200118 0.646267 0.034005
3 2 0.076988 0.054291 0.203841 0.627147 0.037734
3 2 0.104541 0.072493 0.225160 0.544149 0.053658
3 2 0.098918 0.092652 0.329914 0.419495 0.059021
2 2 0.082620 0.112938 0.479252 0.267126 0.058064
2 2 0.058076 0.096180 0.630299 0.172492 0.042953
2 2 0.029597 0.068807 0.795821 0.082243 0.023532
2 2 0.039947 0.077198 0.705832 0.146269 0.030754
2 2 0.066781 0.120488 0.641438 0.122606 0.048687
2 2 0.094986 0.156529 0.550400 0.131374 0.066711
2 2 0.116091 0.224704 0.493970 0.052045 0.113190
2 1 0.161049 0.231824 0.328628 0.047822 0.230677
4 1 0.202948 0.247037 0.211735 0.037265 0.301014
1 1 0.229759 0.266634 0.235973 0.049209 0.218425
1 1 0.190944 0.356600 0.297839 0.037116 0.117502
1 1 0.209750 0.329814 0.283171 0.043798 0.133467
1 1 0.210723 0.331116 0.284954 0.044557 0.128651
0 4 0.306243 0.217580 0.216944 0.092450 0.166783
0 4 0.318267 0.211595 0.215729 0.095916 0.158494
0 4 0.401538 0.128921 0.152974 0.159100 0.157467
0 4 0.442429 0.088034 0.115681 0.208312 0.145544
0 4 0.425484 0.109102 0.136382 0.180438 0.148593
0 4 0.426006 0.111443 0.139180 0.177473 0.145899
0 4 0.408001 0.130355 0.156295 0.157214 0.148134
0 4 0.358625 0.163981 0.179076 0.128126 0.170192
0 4 0.361687 0.161648 0.177527 0.129972 0.169166
0 4 0.428299 0.098359 0.124769 0.194363 0.154210
0 4 0.433414 0.094628 0.121539 0.199256 0.151163
0 4 0.368198 0.161509 0.179454 0.130015 0.160824
1 4 0.198689 0.346582 0.292915 0.039928 0.121886
1 4 0.142495 0.421023 0.324781 0.022150 0.089551
1 4 0.122352 0.447672 0.332022 0.016924 0.081030
1 4 0.141018 0.396051 0.300347 0.019492 0.143092
1 4 0.175025 0.358631 0.289984 0.029724 0.146636
0 4 0.262525 0.261587 0.242987 0.068345 0.164556
0 4 0.349636 0.161463 0.174310 0.120128 0.194463
0 4 0.448166 0.081135 0.108600 0.206833 0.155267
0 4 0.494044 0.047982 0.075018 0.272913 0.110042
0 4 0.511637 0.030241 0.053436 0.321746 0.082941
0 4 0.513079 0.022760 0.043266 0.355320 0.065576
0 4 0.509810 0.014542 0.030816 0.395494 0.049338
0 4 0.507049 0.012544 0.027530 0.408015 0.044861
0 4 0.512633 0.018524 0.037035 0.374230 0.057579
0 4 0.512506 0.025270 0.046803 0.345407 0.070014
0 4 0.512583 0.025028 0.046467 0.346327 0.069595
0 4 0.507049 0.034497 0.059028 0.314582 0.084843
0 4 0.487641 0.053336 0.081203 0.267781 0.110039
0 4 0.467429 0.069403 0.098010 0.237286 0.127872
4 4 0.289391 0.118956 0.125512 0.077481 0.388661
0 4 0.365588 0.089141 0.107384 0.116210 0.321677
0 4 0.390415 0.073089 0.093651 0.128835 0.314010
0 4 0.457095 0.066924 0.093242 0.199184 0.183554
0 4 0.440400 0.079663 0.105727 0.187596 0.186614
0 4 0.453669 0.074418 0.101577 0.205643 0.164693
0 4 0.445372 0.071008 0.096589 0.184663 0.202368
0 4 0.401496 0.074289 0.095875 0.138286 0.290054
0 4 0.378928 0.099607 0.119079 0.130594 0.271791
0 4 0.315203 0.168375 0.173557 0.093215 0.249650
4 4 0.218004 0.256327 0.223672 0.043471 0.258526
4 4 0.139021 0.293875 0.223639 0.017163 0.326302
1 4 0.105825 0.366726 0.255780 0.010182 0.261488
1 4 0.077339 0.367992 0.333891 0.006973 0.213805
2 4 0.062435 0.333537 0.407275 0.005820 0.190933
2 4 0.068377 0.347959 0.385119 0.006421 0.192125
1 4 0.096397 0.330324 0.257160 0.009044 0.307074
4 4 0.122085 0.285004 0.210360 0.013343 0.369207
1 4 0.211519 0.281646 0.242089 0.041136 0.223611
1 4 0.185333 0.360558 0.298054 0.034692 0.121363
1 4 0.161948 0.394040 0.314125 0.027556 0.102331
2 4 0.101832 0.351194 0.433367 0.015692 0.097916
2 4 0.035063 0.171375 0.726949 0.006267 0.060345
2 4 0.034254 0.150790 0.749094 0.006768 0.059094
2 4 0.038191 0.154744 0.734388 0.007708 0.064969
2 4 0.035518 0.146333 0.747245 0.007207 0.063696
2 4 0.048302 0.184483 0.654052 0.008395 0.104768
2 4 0.084251 0.240928 0.443864 0.012352 0.218604
2 4 0.110779 0.290620 0.360946 0.015639 0.222016
1 2 0.136295 0.320843 0.256819 0.017204 0.268838
1 2 0.132704 0.315307 0.235653 0.015663 0.300673
4 2 0.121377 0.311749 0.227827 0.013132 0.325915
1 2 0.112718 0.350208 0.248945 0.011443 0.276686
1 2 0.105641 0.375876 0.288154 0.010919 0.219411
2 2 0.065696 0.280769 0.538100 0.009443 0.105992
2 2 0.043781 0.186281 0.689529 0.007968 0.072441
2 2 0.032125 0.129385 0.788406 0.007636 0.042448
2 2 0.023021 0.081038 0.860377 0.008031 0.027532
2 2 0.013201 0.043790 0.918297 0.008139 0.016573
2 2 0.011781 0.038144 0.927619 0.008726 0.013730
2 2 0.010734 0.037118 0.932203 0.006447 0.013497
2 2 0.011990 0.042113 0.923125 0.005982 0.016791
2 2 0.015614 0.054897 0.902512 0.005783 0.021193
2 2 0.020634 0.076193 0.871034 0.006511 0.025628
2 2 0.021915 0.090754 0.856542 0.006333 0.024456
2 2 0.026911 0.109141 0.827277 0.007282 0.029389
2 2 0.025867 0.110989 0.829073 0.006874 0.027197
2 2 0.021810 0.106984 0.843101 0.005625 0.022480
2 2 0.020317 0.098743 0.852869 0.005316 0.022754
2 2 0.019890 0.095168 0.857879 0.005359 0.021703
2 2 0.019601 0.101381 0.850952 0.004873 0.023194
2 2 0.020000 0.100184 0.847090 0.004828 0.027898
2 2 0.017685 0.076473 0.878840 0.005254 0.021748
2 2 0.017606 0.079484 0.877061 0.005124 0.020726
2 2 0.017870 0.075708 0.883320 0.005745 0.017357
2 2 0.014528 0.059583 0.906696 0.005232 0.013961
2 2 0.015031 0.051978 0.912848 0.006177 0.013966
2 2 0.015679 0.052972 0.908897 0.006265 0.016187
2 2 0.015188 0.047856 0.912872 0.008030 0.016054
2 2 0.017722 0.054824 0.898598 0.009035 0.019822
2 2 0.015117 0.050198 0.905392 0.009198 0.020094
2 2 0.017112 0.059139 0.892742 0.008533 0.022474
2 2 0.019312 0.069206 0.879528 0.007344 0.024609
2 2 0.020905 0.068544 0.873052 0.007996 0.029503
2 2 0.015179 0.045785 0.907874 0.013349 0.017813
2 2 0.010611 0.029351 0.929051 0.019962 0.011025
2 2 0.009724 0.024494 0.931185 0.025945 0.008652
2 2 0.009920 0.020906 0.918592 0.041730 0.008851
2 2 0.011464 0.023538 0.910868 0.044036 0.010094
2 2 0.009832 0.020425 0.903070 0.057899 0.008775
2 2 0.008083 0.019496 0.923580 0.041516 0.007325
2 2 0.007336 0.018922 0.931918 0.035124 0.006699
2 2 0.010965 0.030676 0.926627 0.022120 0.009612
2 2 0.010357 0.026891 0.924148 0.029197 0.009406
2 2 0.010982 0.029645 0.921847 0.027890 0.009635
2 2 0.008637 0.021158 0.916744 0.045689 0.007772
2 2 0.009822 0.024577 0.916692 0.040182 0.008727
2 2 0.010553 0.026500 0.908658 0.044981 0.009309
2 2 0.006042 0.017733 0.939244 0.031381 0.005599
2 2 0.006059 0.014764 0.917553 0.055987 0.005637
2 2 0.006046 0.012007 0.866819 0.109492 0.005637
2 2 0.006943 0.012196 0.811241 0.163240 0.006380
2 2 0.006018 0.011751 0.760593 0.216080 0.005558
2 2 0.010160 0.017759 0.709612 0.253556 0.008914
2 2 0.015180 0.024842 0.641930 0.305303 0.012746
2 2 0.018365 0.029316 0.596728 0.340525 0.015066
2 2 0.021829 0.034394 0.538227 0.388078 0.017472
2 2 0.013591 0.025085 0.543148 0.406852 0.011325
2 2 0.009247 0.018829 0.581472 0.382442 0.008010
2 2 0.009950 0.019487 0.600139 0.361829 0.008594
2 2 0.006968 0.015191 0.610993 0.360636 0.006211
2 2 0.004732 0.012023 0.573149 0.405768 0.004328
2 2 0.003963 0.010749 0.560048 0.421570 0.003670
2 2 0.005074 0.012437 0.516990 0.461057 0.004443
2 2 0.009510 0.020466 0.489479 0.472464 0.008081
3 2 0.010153 0.021701 0.466172 0.493435 0.008540
3 2 0.011363 0.023495 0.460593 0.495092 0.009457
3 2 0.011717 0.023149 0.418624 0.537171 0.009339
2 2 0.013861 0.026480 0.483008 0.465253 0.011399
3 2 0.014391 0.027497 0.462859 0.483504 0.011749
2 2 0.058497 0.083041 0.539229 0.276380 0.042853
2 2 0.091446 0.120924 0.535807 0.188111 0.063712
2 2 0.258389 0.203348 0.311648 0.086786 0.139829
0 2 0.342768 0.172717 0.213175 0.118389 0.152950
0 2 0.355113 0.182419 0.198221 0.114256 0.149991
0 2 0.297840 0.242279 0.240502 0.079262 0.140117
1 2 0.157381 0.357449 0.355708 0.029866 0.099597
2 2 0.070887 0.263824 0.600981 0.014443 0.049865
2 2 0.042035 0.195578 0.721885 0.009177 0.031324
2 2 0.025671 0.118195 0.828858 0.007008 0.020268
2 2 0.021126 0.083330 0.871350 0.007062 0.017132
2 2 0.016587 0.066486 0.895502 0.007640 0.013785
2 2 0.015545 0.063331 0.897421 0.010701 0.013002
2 2 0.012874 0.047333 0.910183 0.018595 0.011014
2 2 0.011416 0.039176 0.911670 0.027835 0.009904
2 2 0.013838 0.044611 0.898082 0.031667 0.011801
2 2 0.014809 0.044833 0.881499 0.046299 0.012561
2 2 0.011787 0.029228 0.857057 0.091674 0.010255
2 2 0.015132 0.033528 0.837292 0.101167 0.012881
2 2 0.021522 0.044396 0.797948 0.118435 0.017698
2 2 0.020861 0.040513 0.765201 0.156248 0.017177
2 2 0.019355 0.040905 0.784593 0.139104 0.016043
2 2 0.015074 0.031109 0.818668 0.122309 0.012840
2 2 0.019580 0.042351 0.837827 0.083959 0.016282
2 2 0.016661 0.038514 0.856682 0.074083 0.014061
2 2 0.015487 0.034516 0.841884 0.094956 0.013157
2 2 0.023994 0.053164 0.810659 0.092668 0.019514
2 2 0.029335 0.064657 0.790037 0.092603 0.023368
2 2 0.080388 0.144356 0.655208 0.062393 0.057655
2 2 0.091729 0.142658 0.645296 0.055170 0.065148
2 2 0.131616 0.185702 0.545452 0.047961 0.089269
2 2 0.113898 0.178675 0.582229 0.046682 0.078516
2 2 0.129193 0.217952 0.526579 0.039248 0.087028
2 2 0.076942 0.184033 0.656983 0.027153 0.054890
2 2 0.066939 0.190145 0.674689 0.020000 0.048227
2 2 0.033055 0.098054 0.810338 0.032718 0.025835
2 2 0.010509 0.029245 0.892095 0.058914 0.009237
2 2 0.007270 0.020456 0.917362 0.048288 0.006623
2 2 0.004958 0.012246 0.884948 0.093163 0.004686
2 2 0.004319 0.010315 0.881730 0.099499 0.004138
2 2 0.014697 0.031412 0.893219 0.048061 0.012612
2 2 0.040846 0.082420 0.820534 0.024536 0.031663
2 2 0.069603 0.175417 0.684644 0.020136 0.050200
2 2 0.097404 0.230617 0.579832 0.024911 0.067237
2 2 0.126511 0.268411 0.490408 0.030412 0.084258
2 2 0.091822 0.289927 0.536802 0.018703 0.062746
2 2 0.069040 0.256751 0.611166 0.014284 0.048759
2 2 0.040830 0.162628 0.755462 0.010305 0.030774
2 2 0.018388 0.057766 0.886338 0.022250 0.015258
2 2 0.015198 0.041946 0.898697 0.031252 0.012906
2 2 0.011635 0.028544 0.902060 0.047589 0.010172
2 2 0.009779 0.021239 0.866577 0.093709 0.008697
2 2 0.009455 0.019055 0.838558 0.124501 0.008432
2 2 0.011214 0.021821 0.806495 0.150646 0.009823
2 2 0.014560 0.028974 0.790422 0.153624 0.012421
2 2 0.016977 0.033709 0.737510 0.197606 0.014198
2 2 0.014266 0.029470 0.774203 0.169901 0.012160
2 2 0.014908 0.031355 0.801103 0.139951 0.012684
2 2 0.010865 0.023558 0.856115 0.099901 0.009561
2 2 0.013398 0.025559 0.823011 0.126464 0.011569
2 2 0.015137 0.026656 0.805234 0.140043 0.012930
2 2 0.013371 0.020865 0.726888 0.227379 0.011496
2 2 0.015723 0.024367 0.718631 0.227973 0.013307
2 2 0.012831 0.021034 0.695851 0.259265 0.011018
2 2 0.029864 0.041228 0.706744 0.198308 0.023857
2 2 0.067023 0.088607 0.688243 0.106553 0.049573
2 2 0.137680 0.165198 0.520722 0.083274 0.093125
2 2 0.159316 0.175287 0.459223 0.100762 0.105412
2 2 0.240575 0.194453 0.307564 0.116523 0.140885
0 1 0.315301 0.211560 0.214392 0.095940 0.162806
1 1 0.245922 0.287095 0.260438 0.059870 0.146675
1 1 0.201344 0.343160 0.291191 0.040921 0.123384
1 4 0.189666 0.358258 0.298636 0.036664 0.116776
1 4 0.191302 0.356135 0.297615 0.037243 0.117705
1 4 0.223920 0.314258 0.275793 0.050027 0.136002
1 4 0.239580 0.271210 0.243317 0.054670 0.191223
4 4 0.228714 0.232080 0.207171 0.048254 0.283780
4 4 0.242304 0.193052 0.178965 0.054868 0.330810
4 4 0.274969 0.126295 0.129643 0.071432 0.397661
4 4 0.295106 0.119179 0.126482 0.080458 0.378776
4 4 0.292254 0.078651 0.090380 0.073316 0.465400
4 4 0.346351 0.074598 0.091385 0.100132 0.387535
0 4 0.364410 0.076152 0.094488 0.111545 0.353404
0 4 0.405440 0.091685 0.114287 0.151779 0.236809
0 4 0.432320 0.074069 0.098592 0.169627 0.225392
0 4 0.417605 0.082186 0.105761 0.158573 0.235875
0 4 0.406328 0.081804 0.104166 0.146535 0.261167
0 4 0.385987 0.103181 0.123473 0.138857 0.248500
0 4 0.393593 0.077830 0.098817 0.133269 0.296491
0 4 0.379774 0.062646 0.081962 0.117765 0.357853
0 4 0.425317 0.055249 0.077206 0.149726 0.292503
0 4 0.465718 0.047150 0.070599 0.187731 0.228803
0 4 0.482324 0.040365 0.063346 0.204426 0.209539
0 4 0.507547 0.035521 0.059134 0.258709 0.139089
0 4 0.509044 0.033625 0.056587 0.255273 0.145471
0 4 0.508223 0.032975 0.057086 0.319181 0.082536
0 4 0.498134 0.044011 0.070618 0.288974 0.098264
0 4 0.493730 0.048066 0.075306 0.279364 0.103533
0 4 0.284991 0.236470 0.227310 0.082255 0.168974
0 4 0.348949 0.165448 0.177581 0.126826 0.181197
0 4 0.337134 0.178846 0.187819 0.116874 0.179326
0 4 0.335356 0.181445 0.189945 0.115058 0.178196
0 4 0.281666 0.240316 0.230494 0.080270 0.167255
0 1 0.286754 0.240041 0.232043 0.080565 0.160597
1 1 0.245185 0.287224 0.260083 0.059819 0.147689
1 1 0.216562 0.323646 0.280957 0.046924 0.131912
2 1 0.113660 0.302472 0.478441 0.029631 0.075796
2 1 0.098321 0.308837 0.498192 0.028271 0.066380
2 1 0.045968 0.171281 0.727069 0.021418 0.034264
2 1 0.032337 0.128341 0.791317 0.022956 0.025049
2 1 0.020752 0.086957 0.856389 0.019066 0.016835
2 1 0.012311 0.052717 0.905068 0.019377 0.010527
2 2 0.009194 0.035350 0.920144 0.027194 0.008118
2 2 0.010484 0.035352 0.913655 0.031333 0.009176
2 2 0.012755 0.037844 0.893401 0.045012 0.010988
2 2 0.041008 0.079315 0.782447 0.065491 0.031739
2 2 0.107366 0.191221 0.593840 0.033336 0.074237
2 2 0.182110 0.316537 0.346938 0.040050 0.114364
1 2 0.214703 0.326021 0.282238 0.046162 0.130875
1 2 0.222175 0.316482 0.277030 0.049279 0.135034
1 2 0.183519 0.366258 0.302408 0.034537 0.113277
1 1 0.167177 0.387752 0.311927 0.029240 0.103904
1 1 0.117289 0.456432 0.335690 0.015942 0.074647
1 1 0.102945 0.444081 0.372249 0.014000 0.066725
2 1 0.067449 0.292410 0.580558 0.012284 0.047300
2 1 0.052468 0.225086 0.673241 0.011039 0.038167
2 1 0.037098 0.149461 0.775502 0.009675 0.028264
2 1 0.033107 0.142383 0.783301 0.007958 0.033252
2 1 0.033373 0.133712 0.793052 0.008659 0.031205
2 1 0.025448 0.116368 0.825204 0.006481 0.026499
2 1 0.033039 0.134450 0.798031 0.008983 0.025497
2 1 0.075044 0.164046 0.683345 0.023593 0.053971
2 1 0.137043 0.241949 0.492877 0.036988 0.091143
0 1 0.307392 0.221169 0.221374 0.090483 0.159581
0 0 0.437464 0.091670 0.118935 0.203252 0.148679
0 0 0.476072 0.062714 0.091210 0.249223 0.120781
0 0 0.499128 0.043055 0.069493 0.291339 0.096986
0 0 0.511394 0.027936 0.050453 0.335696 0.074520
0 0 0.513140 0.022068 0.042271 0.358205 0.064316
0 0 0.507821 0.013026 0.028335 0.404852 0.045966
0 0 0.486113 0.006235 0.016084 0.463134 0.028435
0 0 0.483929 0.005883 0.015378 0.467441 0.027368
3 0 0.463697 0.003607 0.010523 0.502378 0.019795
0 0 0.484595 0.005987 0.015588 0.466144 0.027686
0 0 0.484978 0.006049 0.015711 0.465391 0.027872
0 0 0.487409 0.006458 0.016526 0.460507 0.029100
0 0 0.505818 0.011859 0.026372 0.412691 0.043262
0 0 0.511980 0.026670 0.048734 0.340210 0.072406
0 0 0.488297 0.052783 0.080593 0.268954 0.109373
0 0 0.442853 0.088221 0.115976 0.207984 0.144966
0 0 0.300668 0.226219 0.223766 0.087724 0.161623
1 0 0.243479 0.289390 0.261387 0.058985 0.146759
0 0 0.283141 0.239004 0.229105 0.080992 0.167759
0 0 0.330924 0.188782 0.196128 0.110100 0.174066
0 0 0.362890 0.157647 0.173584 0.133192 0.172687
0 0 0.399426 0.122020 0.144813 0.166525 0.167215
0 0 0.397209 0.131022 0.154190 0.157089 0.160489
0 1 0.353317 0.174741 0.189004 0.119969 0.162969
1 1 0.243702 0.289107 0.261217 0.059094 0.146881
1 1 0.242139 0.291091 0.262406 0.058336 0.146027
1 1 0.242520 0.290608 0.262117 0.058520 0.146235
0 1 0.266296 0.260390 0.243283 0.070949 0.159082
0 1 0.318149 0.210251 0.214196 0.096709 0.160695
0 1 0.378421 0.143523 0.162851 0.145364 0.169841
0 1 0.448448 0.083608 0.111639 0.214709 0.141597
0 1 0.459410 0.075464 0.103954 0.227235 0.133937
0 1 0.492775 0.048915 0.076270 0.277433 0.104606
0 1 0.502733 0.039416 0.065132 0.300736 0.091983
0 0 0.497301 0.044799 0.071540 0.287053 0.099307
0 0 0.495457 0.046507 0.073520 0.282981 0.101536
0 0 0.495165 0.046773 0.073826 0.282358 0.101879
0 0 0.491309 0.050201 0.077720 0.274558 0.106213
0 1 0.460615 0.074560 0.103080 0.228692 0.133053
0 1 0.437956 0.091310 0.118616 0.203745 0.148373
0 1 0.411088 0.112705 0.137216 0.176827 0.162164
1 1 0.245120 0.293712 0.267614 0.057285 0.136270
1 1 0.209331 0.332899 0.285894 0.044005 0.127871
1 1 0.166290 0.388930 0.312421 0.028967 0.103392
1 1 0.122112 0.449514 0.333800 0.017054 0.077519
1 1 0.113676 0.461665 0.337037 0.015133 0.072489
1 1 0.111077 0.465459 0.337968 0.014563 0.070934
1 1 0.110863 0.465771 0.338043 0.014517 0.070806
1 1 0.118012 0.455390 0.335413 0.016107 0.075078
1 1 0.117750 0.455767 0.335513 0.016047 0.074922
1 1 0.110866 0.465768 0.338042 0.014517 0.070807
1 1 0.107810 0.470263 0.339091 0.013861 0.068974
1 1 0.116704 0.457276 0.335912 0.015810 0.074298
1 1 0.121808 0.449948 0.333922 0.016983 0.077338
1 2 0.121431 0.450487 0.334073 0.016894 0.077114
1 2 0.123619 0.447369 0.333190 0.017408 0.078414
1 2 0.120732 0.451486 0.334351 0.016732 0.076698
1 2 0.109662 0.467534 0.338461 0.014257 0.070086
1 2 0.107655 0.470492 0.339143 0.013829 0.068881
1 2 0.110867 0.465766 0.338041 0.014518 0.070808
1 2 0.096376 0.445006 0.382896 0.012844 0.062878
2 2 0.088640 0.419055 0.421232 0.012332 0.058741
2 2 0.067481 0.328873 0.545759 0.010995 0.046893
2 2 0.054468 0.252070 0.643712 0.010511 0.039239
2 2 0.047751 0.225205 0.682374 0.009690 0.034980
2 2 0.046747 0.240677 0.669539 0.008874 0.034163
2 2 0.042114 0.215017 0.703173 0.008478 0.031218
2 2 0.033909 0.170985 0.761647 0.007626 0.025833
2 2 0.035524 0.151198 0.777125 0.009020 0.027133
2 2 0.051697 0.182883 0.714405 0.012939 0.038076
2 2 0.065909 0.254168 0.619635 0.013536 0.046753
2 2 0.060042 0.223147 0.660180 0.013382 0.043249
2 2 0.075359 0.253636 0.601870 0.016255 0.052880
2 2 0.066083 0.229693 0.642195 0.014868 0.047161
2 2 0.051153 0.211310 0.688859 0.011263 0.037416
2 2 0.038432 0.172565 0.750982 0.009012 0.029009
2 2 0.022386 0.114304 0.839510 0.005939 0.017861
2 2 0.024091 0.121489 0.829073 0.006267 0.019080
2 2 0.030899 0.149771 0.788008 0.007481 0.023841
2 2 0.031872 0.141779 0.793573 0.008176 0.024600
2 2 0.031456 0.134419 0.801379 0.008388 0.024358
2 2 0.032549 0.149278 0.785077 0.008068 0.025028
2 2 0.034848 0.145441 0.783941 0.009069 0.026700
2 2 0.065478 0.191697 0.678403 0.017182 0.047240
2 2 0.067074 0.280857 0.592220 0.012656 0.047194
2 2 0.078644 0.307703 0.545022 0.014394 0.054237
2 2 0.121655 0.356144 0.420809 0.021958 0.079433
1 2 0.163090 0.386434 0.320156 0.028551 0.101769
1 2 0.177580 0.374030 0.305955 0.032553 0.109882
1 2 0.220736 0.318317 0.278045 0.048668 0.134235
0 2 0.287001 0.239676 0.231770 0.080746 0.160807
0 2 0.430236 0.096946 0.123553 0.196197 0.153067
0 2 0.435675 0.092978 0.120091 0.201472 0.149785
0 2 0.443270 0.087417 0.115123 0.209188 0.145002
0 1 0.309339 0.224603 0.226127 0.088553 0.151378
0 1 0.343617 0.187721 0.199754 0.110838 0.158071
0 1 0.267991 0.265829 0.250369 0.068583 0.147228
1 1 0.227510 0.309686 0.273224 0.051592 0.137988
2 1 0.155477 0.332041 0.381363 0.031811 0.099307
2 1 0.121192 0.387099 0.393224 0.020014 0.078470
1 1 0.156315 0.402257 0.317822 0.025991 0.097616
1 1 0.175227 0.377122 0.307333 0.031786 0.108533
1 1 0.208042 0.334552 0.286760 0.043497 0.127149
1 1 0.200077 0.344793 0.292017 0.040445 0.122669
1 2 0.196944 0.348835 0.294039 0.039283 0.120900
1 2 0.192463 0.354630 0.296886 0.037658 0.118364
1 2 0.247259 0.270513 0.245499 0.059158 0.177572
1 2 0.231757 0.300857 0.266902 0.052991 0.147495
0 2 0.267174 0.255929 0.239412 0.070989 0.166497
0 2 0.272117 0.253325 0.238814 0.074148 0.161595
0 2 0.303463 0.225802 0.224636 0.087955 0.158144
0 2 0.383658 0.146908 0.168062 0.142193 0.159179
0 4 0.411033 0.116403 0.141324 0.172487 0.158752
0 4 0.313031 0.209260 0.210935 0.097240 0.169535
0 4 0.283639 0.238794 0.229127 0.081106 0.167335
0 4 0.321858 0.199209 0.203781 0.103356 0.171797
0 4 0.342958 0.180520 0.191635 0.115835 0.169051
0 4 0.317781 0.208180 0.211775 0.097930 0.164334
0 4 0.362917 0.152834 0.168449 0.137134 0.178666
0 4 0.358435 0.156493 0.171017 0.134042 0.180013
