2 2 0.085456 0.209158 0.395985 0.093926 0.215475
2 2 0.103657 0.197514 0.325841 0.116961 0.256026
4 4 0.123342 0.205987 0.182512 0.055491 0.432667
4 4 0.130270 0.228031 0.209780 0.039520 0.392399
4 4 0.108113 0.247931 0.233024 0.028973 0.381959
4 4 0.126315 0.247987 0.269495 0.041726 0.314477
2 4 0.118210 0.185671 0.354458 0.140278 0.201383
2 4 0.126254 0.165875 0.329318 0.205603 0.172950
2 4 0.140920 0.198999 0.333549 0.132705 0.193827
2 4 0.182606 0.234918 0.302747 0.053765 0.225963
2 4 0.167235 0.265072 0.316902 0.024058 0.226732
4 4 0.155645 0.260741 0.246092 0.017693 0.319830
4 4 0.106880 0.273306 0.220705 0.009908 0.389201
4 4 0.077941 0.241770 0.155476 0.007646 0.517166
4 4 0.061182 0.239354 0.146550 0.006361 0.546554
4 4 0.062580 0.241978 0.147240 0.005848 0.542354
4 4 0.064752 0.261513 0.189563 0.009149 0.475023
4 4 0.080321 0.246796 0.187127 0.014824 0.470933
4 4 0.088057 0.258546 0.246769 0.027414 0.379214
4 4 0.121223 0.239598 0.256174 0.049733 0.333273
4 4 0.157629 0.235203 0.256636 0.047680 0.302851
4 4 0.181431 0.230612 0.263806 0.050663 0.273487
2 4 0.147869 0.229934 0.327553 0.067860 0.226783
2 4 0.110637 0.214441 0.440534 0.075071 0.159316
2 4 0.107854 0.257193 0.457529 0.030592 0.146832
2 4 0.080118 0.278139 0.492770 0.017239 0.131734
2 4 0.074201 0.272922 0.511954 0.017448 0.123475
2 4 0.098008 0.263184 0.478584 0.025488 0.134735
2 4 0.165843 0.194325 0.436322 0.070850 0.132660
2 4 0.154941 0.181427 0.445203 0.091954 0.126475
2 4 0.166425 0.191133 0.376848 0.106105 0.159490
2 4 0.103460 0.141711 0.425067 0.204816 0.124947
3 2 0.045776 0.054937 0.341576 0.507524 0.050186
2 2 0.058274 0.085621 0.429208 0.356489 0.070409
2 2 0.065867 0.104589 0.489406 0.262482 0.077656
2 2 0.039198 0.051107 0.506969 0.368245 0.034480
2 2 0.039774 0.040973 0.446115 0.443484 0.029654
3 2 0.018829 0.020853 0.380496 0.564741 0.015081
3 2 0.005867 0.007818 0.270834 0.709759 0.005723
3 2 0.004499 0.005581 0.182976 0.802198 0.004747
3 3 0.003050 0.003523 0.110777 0.879105 0.003545
3 3 0.002589 0.002809 0.078462 0.912939 0.003202
3 3 0.002322 0.002316 0.050545 0.941683 0.003133
3 3 0.001593 0.001624 0.032902 0.961400 0.002481
3 3 0.002224 0.002211 0.031221 0.960709 0.003634
3 3 0.002142 0.002166 0.027626 0.964343 0.003722
3 3 0.002490 0.002476 0.028351 0.962372 0.004310
3 3 0.001748 0.001815 0.025594 0.967724 0.003120
3 3 0.002210 0.002215 0.029203 0.962634 0.003738
3 3 0.002348 0.002300 0.034301 0.957386 0.003666
3 3 0.003700 0.003394 0.042847 0.944768 0.005291
3 3 0.003707 0.003382 0.044959 0.942784 0.005168
3 3 0.003763 0.003426 0.045232 0.942346 0.005234
3 3 0.003915 0.003502 0.051373 0.936107 0.005103
3 3 0.002961 0.002789 0.040540 0.949413 0.004298
3 3 0.002644 0.002538 0.037485 0.953361 0.003972
3 3 0.002274 0.002237 0.033936 0.957990 0.003563
3 3 0.001795 0.001830 0.029709 0.963697 0.002969
3 3 0.001704 0.001768 0.026289 0.967244 0.002994
3 3 0.001171 0.001290 0.020480 0.974774 0.002285
3 3 0.000967 0.001080 0.021316 0.974813 0.001825
3 3 0.001047 0.001156 0.022403 0.973456 0.001938
3 3 0.001037 0.001154 0.020697 0.975115 0.001997
3 3 0.000957 0.001086 0.018497 0.977518 0.001942
3 3 0.001056 0.001196 0.017369 0.978150 0.002229
3 3 0.000837 0.000979 0.015464 0.980874 0.001846
3 3 0.000650 0.000790 0.013209 0.983823 0.001528
3 3 0.000501 0.000632 0.011663 0.985970 0.001235
3 3 0.000423 0.000543 0.011392 0.986599 0.001043
3 3 0.000464 0.000589 0.011716 0.986095 0.001135
3 3 0.000569 0.000700 0.013349 0.984060 0.001321
3 3 0.000565 0.000701 0.012358 0.985012 0.001363
3 3 0.000637 0.000775 0.013470 0.983635 0.001482
3 3 0.000539 0.000676 0.011535 0.985908 0.001342
3 3 0.000582 0.000717 0.013039 0.984293 0.001369
3 3 0.000567 0.000704 0.012270 0.985084 0.001374
3 3 0.000667 0.000807 0.013555 0.983420 0.001551
3 3 0.000831 0.000978 0.014594 0.981710 0.001887
3 3 0.000866 0.001008 0.015809 0.980424 0.001893
3 3 0.000616 0.000751 0.013539 0.983668 0.001426
3 3 0.000586 0.000722 0.012918 0.984388 0.001386
3 3 0.000493 0.000627 0.011078 0.986554 0.001248
3 3 0.000402 0.000530 0.009235 0.988732 0.001101
3 3 0.000406 0.000531 0.009988 0.988005 0.001070
3 3 0.000358 0.000475 0.009776 0.988444 0.000946
3 3 0.000392 0.000506 0.011649 0.986503 0.000951
3 3 0.000468 0.000589 0.012747 0.985099 0.001098
3 3 0.000494 0.000611 0.014296 0.983505 0.001095
3 3 0.000463 0.000578 0.013882 0.984038 0.001039
3 3 0.000921 0.001035 0.020908 0.975385 0.001751
3 3 0.000695 0.000813 0.018189 0.978910 0.001393
3 3 0.000888 0.000999 0.021304 0.975142 0.001667
3 3 0.000923 0.001036 0.021009 0.975283 0.001749
3 3 0.001040 0.001153 0.021604 0.974243 0.001960
3 3 0.001322 0.001421 0.023423 0.971407 0.002427
3 3 0.001626 0.001707 0.024482 0.969231 0.002955
3 3 0.001655 0.001780 0.019170 0.973978 0.003417
3 3 0.002833 0.002823 0.024813 0.964236 0.005295
3 0 0.003353 0.003244 0.028394 0.959103 0.005907
3 1 0.011366 0.009085 0.057121 0.907551 0.014876
3 2 0.025817 0.018350 0.077551 0.848606 0.029677
3 0 0.122443 0.065430 0.152687 0.566693 0.092747
0 0 0.279096 0.119766 0.161710 0.255515 0.183912
0 0 0.390151 0.138714 0.158528 0.104868 0.207739
0 0 0.380459 0.137813 0.171898 0.124483 0.185346
0 0 0.361777 0.133296 0.194180 0.144907 0.165839
0 0 0.319712 0.121914 0.238035 0.191423 0.128916
2 1 0.262665 0.143708 0.295057 0.162714 0.135855
2 1 0.104053 0.098736 0.450239 0.268785 0.078187
2 1 0.085736 0.097621 0.387773 0.341544 0.087326
3 1 0.057951 0.067648 0.273245 0.528000 0.073155
3 1 0.052290 0.052325 0.210872 0.621848 0.062664
3 1 0.029114 0.020152 0.103512 0.817879 0.029342
3 2 0.032234 0.021077 0.127438 0.790909 0.028342
3 2 0.027055 0.018587 0.129734 0.800421 0.024203
3 2 0.030058 0.024614 0.220245 0.699746 0.025337
3 2 0.031507 0.026737 0.261606 0.654741 0.025409
3 2 0.047682 0.044032 0.357248 0.513655 0.037383
3 2 0.055770 0.056825 0.411295 0.430368 0.045743
2 2 0.050130 0.051222 0.458791 0.402246 0.037610
2 1 0.032275 0.037506 0.495848 0.409951 0.024420
3 2 0.026302 0.028889 0.428199 0.496303 0.020307
3 2 0.032140 0.030785 0.410450 0.503789 0.022835
3 2 0.030281 0.028148 0.401065 0.519456 0.021051
3 2 0.033647 0.030096 0.376387 0.536192 0.023678
3 2 0.039350 0.034244 0.398184 0.501680 0.026542
3 2 0.055754 0.044626 0.412920 0.451624 0.035076
2 2 0.065482 0.051159 0.458338 0.386953 0.038068
2 2 0.091392 0.080946 0.545680 0.228248 0.053734
2 2 0.082059 0.079993 0.611324 0.179534 0.047089
2 2 0.052636 0.049108 0.581852 0.286755 0.029650
2 1 0.031762 0.036673 0.647771 0.264660 0.019134
2 2 0.037234 0.043085 0.655899 0.241381 0.022401
2 2 0.043131 0.049795 0.623742 0.255745 0.027586
2 2 0.043927 0.049466 0.592413 0.285490 0.028704
2 2 0.024878 0.031882 0.574188 0.351015 0.018037
2 2 0.017855 0.021993 0.494557 0.452206 0.013389
2 2 0.027395 0.029147 0.483232 0.441165 0.019061
2 2 0.034224 0.034660 0.482633 0.425209 0.023274
2 2 0.035981 0.036659 0.500275 0.402966 0.024119
2 2 0.036804 0.037842 0.511040 0.389753 0.024560
2 2 0.046661 0.051082 0.545845 0.323748 0.032664
2 2 0.049696 0.075600 0.644776 0.188011 0.041917
2 2 0.050880 0.082750 0.672012 0.151145 0.043214
2 2 0.036364 0.046898 0.616679 0.273850 0.026208
2 2 0.030632 0.036078 0.535803 0.375411 0.022077
2 2 0.029093 0.031240 0.459787 0.458632 0.021249
3 2 0.027834 0.027555 0.407663 0.516786 0.020163
3 2 0.016400 0.016362 0.274137 0.679220 0.013882
3 2 0.015438 0.014267 0.209383 0.747194 0.013719
3 2 0.011230 0.010532 0.157371 0.809820 0.011047
3 2 0.020500 0.016312 0.147568 0.796375 0.019245
3 2 0.043154 0.039762 0.259911 0.616310 0.040864
2 2 0.086052 0.108781 0.431654 0.284017 0.089496
2 2 0.081935 0.106549 0.470022 0.260070 0.081424
2 2 0.085395 0.122931 0.517563 0.188914 0.085196
2 2 0.134663 0.143877 0.518092 0.110211 0.093157
2 2 0.188961 0.142098 0.425011 0.136692 0.107237
2 1 0.283147 0.138235 0.287040 0.160554 0.131024
2 1 0.274086 0.179057 0.281711 0.093401 0.171745
2 1 0.242043 0.165888 0.337613 0.105959 0.148497
2 1 0.217809 0.182754 0.363836 0.084512 0.151088
2 1 0.175680 0.216718 0.353050 0.074781 0.179770
2 0 0.136638 0.221165 0.354453 0.092615 0.195129
2 1 0.170572 0.208013 0.326579 0.096614 0.198222
2 1 0.174840 0.185411 0.341554 0.126658 0.171537
2 1 0.182266 0.170195 0.341858 0.146063 0.159617
2 1 0.170322 0.171944 0.338412 0.157993 0.161328
2 1 0.168860 0.225150 0.317479 0.079140 0.209372
2 1 0.139197 0.253130 0.358057 0.048326 0.201289
2 1 0.128492 0.261427 0.372573 0.041390 0.196118
2 1 0.107333 0.261817 0.427958 0.039253 0.163639
2 0 0.122958 0.247320 0.408906 0.055147 0.165669
2 1 0.138712 0.241411 0.399416 0.055115 0.165346
2 1 0.133489 0.192657 0.462423 0.081734 0.129696
2 1 0.120292 0.140446 0.527867 0.119566 0.091829
2 1 0.112541 0.115300 0.561068 0.138014 0.073078
2 1 0.116703 0.113449 0.562083 0.136216 0.071550
2 1 0.158924 0.171202 0.469114 0.086040 0.114719
2 1 0.194747 0.189147 0.389445 0.085235 0.141425
3 2 0.170658 0.077453 0.281237 0.388532 0.082121
2 2 0.240585 0.128142 0.287511 0.208907 0.134855
2 2 0.241774 0.200488 0.272030 0.078582 0.207127
2 1 0.187466 0.234613 0.311137 0.053638 0.213146
2 1 0.116027 0.246532 0.382499 0.060954 0.193988
2 1 0.118720 0.248005 0.386828 0.058629 0.187818
2 1 0.128369 0.257738 0.398217 0.041706 0.173970
2 1 0.134235 0.238173 0.425073 0.050624 0.151895
2 1 0.140080 0.208809 0.449264 0.066018 0.135830
2 1 0.111758 0.123296 0.490639 0.185026 0.089281
2 2 0.094311 0.085430 0.481239 0.275147 0.063873
2 2 0.080355 0.062857 0.447341 0.360795 0.048652
2 2 0.075718 0.061853 0.496569 0.321791 0.044069
2 2 0.053906 0.048189 0.531733 0.334692 0.031481
2 2 0.064358 0.070627 0.612834 0.210957 0.041223
2 2 0.065908 0.077886 0.618153 0.193166 0.044887
2 2 0.088447 0.105549 0.600954 0.143238 0.061813
2 1 0.130757 0.105441 0.486071 0.200850 0.076881
2 2 0.178738 0.116292 0.445446 0.170883 0.088641
2 2 0.207954 0.084046 0.369075 0.264176 0.074748
2 2 0.218573 0.087650 0.356080 0.258414 0.079283
2 0 0.247484 0.097831 0.321449 0.240812 0.092424
2 0 0.216651 0.121755 0.380625 0.179273 0.101695
2 1 0.216806 0.132457 0.379360 0.160236 0.111140
2 1 0.224611 0.178526 0.348035 0.091991 0.156837
2 1 0.111564 0.154684 0.558653 0.085444 0.089655
2 1 0.103932 0.163632 0.567359 0.073994 0.091082
2 1 0.092344 0.147393 0.600518 0.080471 0.079274
2 1 0.085933 0.071634 0.589246 0.209871 0.043316
2 2 0.051643 0.079834 0.707102 0.123661 0.037759
2 2 0.044259 0.083930 0.732432 0.102524 0.036855
2 2 0.010434 0.021958 0.801487 0.158410 0.007710
2 2 0.009241 0.017139 0.725763 0.241014 0.006843
2 2 0.007237 0.013171 0.633688 0.340069 0.005835
2 2 0.006599 0.012416 0.615898 0.359526 0.005560
2 2 0.005394 0.010952 0.623822 0.355123 0.004710
2 2 0.006603 0.012091 0.638603 0.337450 0.005253
2 2 0.013961 0.020285 0.683768 0.272832 0.009154
2 4 0.024972 0.033720 0.745624 0.181163 0.014521
2 4 0.052079 0.067468 0.677214 0.168686 0.034552
2 4 0.083414 0.163462 0.583830 0.071158 0.098137
2 4 0.086504 0.268391 0.343004 0.034641 0.267460
4 4 0.076649 0.276155 0.290708 0.025531 0.330958
4 4 0.061919 0.252307 0.227495 0.027478 0.430800
4 4 0.068475 0.250282 0.235613 0.032359 0.413270
4 4 0.089620 0.206527 0.179617 0.056389 0.467847
4 4 0.122692 0.199062 0.187651 0.076730 0.413865
4 4 0.119183 0.167404 0.164467 0.144162 0.404785
4 4 0.155205 0.150967 0.150485 0.172180 0.371164
4 4 0.186025 0.143065 0.129495 0.145340 0.396074
4 4 0.237047 0.157068 0.149687 0.109784 0.346414
4 4 0.266184 0.139513 0.124219 0.113601 0.356483
4 4 0.264506 0.141273 0.142684 0.144990 0.306547
4 4 0.275854 0.165715 0.171285 0.094940 0.292206
4 4 0.216079 0.187914 0.200825 0.088919 0.306263
4 4 0.128293 0.198006 0.226195 0.119819 0.327686
4 4 0.077612 0.219948 0.272617 0.112102 0.317720
4 4 0.060447 0.238467 0.310156 0.080121 0.310809
2 4 0.053645 0.239266 0.354662 0.083394 0.269032
2 4 0.049033 0.242406 0.358522 0.082924 0.267116
2 4 0.023783 0.032468 0.607978 0.318396 0.017376
2 2 0.013877 0.024097 0.715099 0.236654 0.010273
2 2 0.012890 0.021451 0.711267 0.245247 0.009146
2 2 0.009434 0.016010 0.720924 0.247155 0.006477
2 2 0.023503 0.026212 0.634672 0.302006 0.013607
2 2 0.045111 0.038389 0.567336 0.325560 0.023604
2 2 0.087117 0.058146 0.513649 0.300548 0.040540
2 2 0.143306 0.077297 0.398917 0.314853 0.065627
2 0 0.202521 0.110294 0.332910 0.250255 0.104021
0 0 0.260862 0.166427 0.257392 0.132464 0.182855
0 1 0.262316 0.166613 0.217753 0.139473 0.213844
4 1 0.234301 0.172736 0.206103 0.128729 0.258131
0 1 0.272207 0.150166 0.202766 0.152735 0.222126
0 1 0.322190 0.136332 0.151299 0.142789 0.247390
0 1 0.302882 0.123429 0.201973 0.187018 0.184698
0 0 0.319391 0.160146 0.212147 0.092855 0.215461
2 1 0.225451 0.192457 0.295437 0.094097 0.192560
2 1 0.126819 0.244491 0.343642 0.061727 0.223321
2 1 0.094766 0.259242 0.394422 0.049489 0.202081
2 1 0.091707 0.256091 0.403827 0.049744 0.198631
2 1 0.106741 0.222005 0.433163 0.074786 0.163305
2 1 0.103743 0.177790 0.490635 0.108464 0.119369
2 2 0.089780 0.138018 0.525300 0.154354 0.092548
2 1 0.084788 0.111148 0.544129 0.186411 0.073524
2 1 0.092607 0.106446 0.522122 0.205297 0.073528
2 1 0.083251 0.105526 0.543212 0.197550 0.070461
2 2 0.085465 0.121679 0.572361 0.145028 0.075467
2 2 0.055256 0.068711 0.587374 0.246503 0.042156
2 2 0.049288 0.056317 0.580248 0.279724 0.034423
2 2 0.046842 0.056000 0.644273 0.222258 0.030627
2 2 0.041346 0.053729 0.708320 0.170955 0.025650
2 2 0.032125 0.050784 0.751353 0.144030 0.021709
2 2 0.017723 0.039094 0.814147 0.115178 0.013859
2 2 0.015612 0.045610 0.841943 0.081967 0.014869
2 2 0.018670 0.043213 0.815841 0.106963 0.015313
2 2 0.022252 0.043291 0.793622 0.124370 0.016466
2 2 0.017237 0.038277 0.821427 0.109594 0.013466
2 1 0.013759 0.029307 0.823638 0.123322 0.009974
2 2 0.008306 0.019659 0.853148 0.112930 0.005956
2 2 0.005551 0.014022 0.820739 0.155300 0.004388
2 2 0.008087 0.017623 0.761963 0.205846 0.006481
2 2 0.011567 0.022440 0.746365 0.210764 0.008864
2 2 0.009696 0.018159 0.716104 0.248639 0.007402
2 2 0.005489 0.010610 0.652520 0.326980 0.004402
2 2 0.005693 0.010557 0.617939 0.361191 0.004620
2 2 0.010523 0.015958 0.638403 0.327699 0.007417
2 2 0.012690 0.017950 0.690203 0.271216 0.007941
2 1 0.009712 0.015202 0.719857 0.249030 0.006199
2 1 0.013147 0.019342 0.735460 0.224064 0.007987
2 2 0.015505 0.021802 0.741627 0.211982 0.009083
2 2 0.014891 0.022970 0.765291 0.187751 0.009097
2 2 0.015405 0.025531 0.785672 0.163684 0.009708
2 2 0.013987 0.025839 0.790434 0.160149 0.009590
2 2 0.007328 0.017830 0.812397 0.156580 0.005865
2 2 0.007574 0.018953 0.817898 0.149400 0.006175
2 2 0.006198 0.017060 0.821718 0.149650 0.005373
2 2 0.004262 0.013258 0.832020 0.146567 0.003893
2 2 0.005359 0.014101 0.793343 0.182564 0.004633
2 2 0.005192 0.013451 0.771254 0.205520 0.004583
2 2 0.005164 0.012420 0.748161 0.229848 0.004407
3 2 0.004605 0.006830 0.316800 0.667323 0.004442
3 2 0.002728 0.004220 0.238881 0.751248 0.002923
3 2 0.002932 0.004398 0.234330 0.755230 0.003110
3 2 0.002105 0.003377 0.206409 0.785699 0.002410
3 2 0.003039 0.004588 0.246666 0.742527 0.003181
3 2 0.003776 0.005171 0.220722 0.766415 0.003916
3 2 0.004419 0.005813 0.223621 0.761666 0.004482
3 2 0.004374 0.005850 0.234128 0.751243 0.004404
3 2 0.007136 0.008285 0.245237 0.732767 0.006574
3 2 0.008453 0.009330 0.246807 0.727837 0.007573
3 2 0.012793 0.012748 0.267659 0.696227 0.010573
3 2 0.010242 0.011037 0.279783 0.690280 0.008657
3 2 0.007188 0.008912 0.294015 0.683428 0.006457
3 2 0.006142 0.008624 0.336082 0.643472 0.005679
3 2 0.006326 0.008550 0.308447 0.670756 0.005921
3 2 0.005232 0.007362 0.301976 0.680422 0.005008
3 2 0.004234 0.005979 0.265154 0.720423 0.004210
3 2 0.003669 0.004786 0.192498 0.795194 0.003853
3 2 0.002376 0.003321 0.154666 0.836873 0.002764
3 3 0.001648 0.002261 0.107250 0.886746 0.002095
3 2 0.001721 0.002221 0.096093 0.897790 0.002174
3 2 0.001577 0.002054 0.090549 0.903784 0.002036
3 2 0.002323 0.002907 0.112007 0.879975 0.002788
3 2 0.002914 0.003311 0.116280 0.874258 0.003238
3 3 0.010614 0.008788 0.182099 0.789931 0.008568
3 2 0.019102 0.014302 0.238888 0.714355 0.013353
3 3 0.042455 0.027554 0.289076 0.614913 0.026002
3 2 0.045817 0.026629 0.222736 0.675823 0.028995
3 3 0.063060 0.035555 0.235861 0.626510 0.039015
3 3 0.050068 0.029001 0.212689 0.675617 0.032625
3 2 0.048927 0.028689 0.224003 0.667002 0.031380
3 2 0.018226 0.013051 0.169747 0.784732 0.014243
3 2 0.045492 0.028602 0.300080 0.599122 0.026704
3 2 0.117162 0.056897 0.367197 0.407148 0.051596
2 0 0.166673 0.072221 0.353710 0.340162 0.067234
2 1 0.242896 0.098673 0.296481 0.261592 0.100358
3 2 0.161459 0.073216 0.300236 0.390075 0.075013
2 1 0.182228 0.100664 0.307770 0.304220 0.105118
2 1 0.182977 0.101868 0.327864 0.282239 0.105051
3 1 0.137439 0.073437 0.339490 0.375984 0.073650
0 1 0.277080 0.110753 0.244326 0.202320 0.165522
0 1 0.336634 0.125131 0.211438 0.140518 0.186279
0 1 0.344438 0.138453 0.212462 0.107813 0.196834
0 1 0.287009 0.186033 0.244105 0.065266 0.217587
4 1 0.235497 0.228559 0.240189 0.030644 0.265112
2 1 0.185212 0.257608 0.291993 0.023848 0.241340
2 1 0.169596 0.263907 0.303798 0.021071 0.241628
2 1 0.170471 0.224609 0.374053 0.040676 0.190192
0 1 0.330233 0.175430 0.172759 0.050593 0.270984
0 0 0.396509 0.138701 0.146861 0.089774 0.228155
0 1 0.388476 0.138617 0.161120 0.108465 0.203321
0 1 0.378244 0.137516 0.174519 0.128662 0.181058
0 1 0.359909 0.134295 0.192552 0.161054 0.152190
0 0 0.357899 0.133881 0.194231 0.164449 0.149541
0 0 0.376389 0.137248 0.176623 0.132103 0.177637
0 0 0.384387 0.138267 0.166906 0.116841 0.193599
0 0 0.336692 0.127099 0.219471 0.177156 0.139582
0 0 0.327320 0.123697 0.232572 0.178472 0.137940
2 0 0.255783 0.100704 0.311635 0.235564 0.096313
0 0 0.284559 0.110479 0.277986 0.216739 0.110237
0 0 0.357899 0.133881 0.194231 0.164449 0.149541
0 0 0.357899 0.133881 0.194231 0.164449 0.149541
0 0 0.357899 0.133881 0.194231 0.164449 0.149541
0 0 0.357899 0.133881 0.194231 0.164449 0.149541
0 0 0.360305 0.134376 0.192215 0.160383 0.152722
2 0 0.203398 0.220786 0.349023 0.063944 0.162849
2 0 0.118528 0.251635 0.454634 0.034355 0.140848
2 0 0.099180 0.260962 0.478919 0.026545 0.134394
2 0 0.117218 0.259561 0.448597 0.030443 0.144181
2 0 0.121995 0.258536 0.441504 0.031649 0.146316
2 1 0.110982 0.207428 0.518564 0.048157 0.114869
2 1 0.099149 0.194259 0.553486 0.049888 0.103218
2 1 0.074034 0.127972 0.654186 0.079682 0.064127
2 1 0.063135 0.088378 0.683807 0.120202 0.044478
2 1 0.039821 0.045739 0.705262 0.187289 0.021889
2 2 0.018932 0.029003 0.785320 0.155492 0.011254
2 2 0.009395 0.018028 0.831802 0.134880 0.005896
2 2 0.006537 0.014405 0.843097 0.131567 0.004394
2 2 0.010436 0.021194 0.835330 0.126129 0.006912
2 2 0.010414 0.020778 0.834367 0.127643 0.006799
2 2 0.009495 0.020448 0.842911 0.120676 0.006470
2 2 0.012200 0.021843 0.810257 0.147996 0.007704
2 2 0.020709 0.029850 0.775328 0.162173 0.011941
2 2 0.024560 0.031004 0.747708 0.183377 0.013352
2 2 0.025757 0.031131 0.718360 0.210530 0.014221
2 1 0.026744 0.031609 0.720213 0.206982 0.014451
2 2 0.033747 0.036987 0.700518 0.210916 0.017832
2 2 0.054972 0.052873 0.657387 0.206646 0.028123
2 1 0.087857 0.095310 0.616129 0.146175 0.054528
2 1 0.108542 0.137896 0.572504 0.100517 0.080541
2 1 0.148502 0.149735 0.490694 0.111520 0.099548
2 1 0.204670 0.188712 0.376143 0.088547 0.141928
2 1 0.124416 0.215391 0.482423 0.052593 0.125177
2 1 0.103105 0.229246 0.502568 0.035217 0.129864
2 2 0.073490 0.150102 0.639647 0.063771 0.072990
2 2 0.073262 0.139727 0.643143 0.075132 0.068737
2 2 0.009040 0.021568 0.835075 0.127432 0.006885
2 2 0.003372 0.011050 0.863351 0.119303 0.002924
2 2 0.001702 0.007354 0.889546 0.099750 0.001647
2 2 0.001381 0.006684 0.900611 0.089922 0.001403
2 2 0.001828 0.008229 0.903283 0.084882 0.001778
2 2 0.001650 0.007622 0.902313 0.086784 0.001630
2 2 0.002160 0.008972 0.898517 0.088335 0.002016
2 2 0.002725 0.009911 0.883023 0.101927 0.002414
2 2 0.002574 0.009142 0.880699 0.105356 0.002228
2 2 0.003766 0.012323 0.887362 0.093463 0.003086
2 2 0.004191 0.012951 0.883495 0.096034 0.003328
2 2 0.003904 0.012196 0.884969 0.095836 0.003096
2 2 0.005158 0.013835 0.851286 0.125725 0.003996
2 2 0.005621 0.014007 0.831598 0.144483 0.004290
2 2 0.004849 0.011481 0.777943 0.201884 0.003844
2 2 0.003948 0.009645 0.731297 0.251721 0.003389
2 2 0.003631 0.008470 0.671024 0.313658 0.003217
2 2 0.004712 0.009817 0.656692 0.324823 0.003957
2 2 0.006203 0.011772 0.668630 0.308536 0.004859
2 2 0.006477 0.011989 0.655372 0.321088 0.005074
2 2 0.005500 0.010299 0.619314 0.360412 0.004476
2 2 0.004254 0.008388 0.560929 0.422636 0.003794
2 2 0.005291 0.009498 0.534014 0.446595 0.004602
2 2 0.008510 0.012805 0.521989 0.449926 0.006770
3 2 0.004804 0.006852 0.304015 0.679743 0.004586
3 2 0.004888 0.006898 0.319400 0.664303 0.004511
3 2 0.003626 0.005455 0.305963 0.681471 0.003485
3 2 0.003786 0.005576 0.308061 0.679002 0.003574
3 2 0.003515 0.005153 0.283343 0.704579 0.003410
3 2 0.003442 0.004844 0.241406 0.746846 0.003462
3 2 0.003893 0.005336 0.228518 0.758261 0.003992
3 3 0.003582 0.004970 0.203557 0.784011 0.003879
3 3 0.003965 0.005632 0.232846 0.753373 0.004185
3 3 0.003929 0.005404 0.221378 0.765179 0.004111
3 3 0.003480 0.004412 0.157266 0.830974 0.003869
3 3 0.003021 0.003641 0.117827 0.871953 0.003558
3 3 0.002287 0.002768 0.091931 0.900127 0.002888
3 3 0.002259 0.002532 0.079975 0.912430 0.002803
3 3 0.002033 0.002293 0.077604 0.915540 0.002530
3 3 0.002521 0.002737 0.090469 0.901351 0.002923
3 3 0.003946 0.004316 0.145693 0.842044 0.004001
3 2 0.006039 0.006736 0.234439 0.747454 0.005333
3 2 0.011913 0.012628 0.369138 0.597584 0.008737
2 2 0.018501 0.019349 0.510926 0.439598 0.011626
2 2 0.022656 0.022712 0.548508 0.392816 0.013308
2 2 0.029575 0.026837 0.564306 0.363377 0.015906
2 2 0.046518 0.036832 0.580916 0.313395 0.022339
2 2 0.057362 0.043208 0.592321 0.280960 0.026150
2 2 0.053948 0.042089 0.616372 0.263182 0.024409
2 2 0.049706 0.042102 0.643129 0.241889 0.023174
2 1 0.049104 0.044565 0.666652 0.216239 0.023439
2 1 0.046656 0.047992 0.680168 0.200839 0.024346
2 2 0.047542 0.058409 0.696796 0.168711 0.028543
2 2 0.042326 0.053213 0.672876 0.204607 0.026978
2 2 0.039713 0.047996 0.645478 0.241392 0.025420
2 2 0.060801 0.101827 0.695426 0.092941 0.049004
2 1 0.048456 0.110637 0.732063 0.061168 0.047676
2 1 0.112461 0.178067 0.544227 0.064028 0.101217
2 1 0.176769 0.189927 0.420166 0.080775 0.132363
2 1 0.113333 0.230388 0.486848 0.042039 0.127392
2 1 0.041314 0.205013 0.658957 0.019560 0.075156
2 2 0.030304 0.200207 0.688892 0.015513 0.065084
2 2 0.024458 0.107632 0.794467 0.037942 0.035500
2 2 0.018321 0.047020 0.821892 0.096517 0.016250
2 2 0.007834 0.021206 0.862681 0.102109 0.006170
2 2 0.005129 0.014911 0.863935 0.111875 0.004150
2 2 0.004602 0.013391 0.870198 0.108187 0.003623
2 2 0.003663 0.011242 0.880632 0.101590 0.002873
2 2 0.004807 0.013337 0.867996 0.110204 0.003655
2 2 0.005968 0.015481 0.858764 0.115326 0.004462
2 2 0.005154 0.013661 0.841946 0.135202 0.004037
2 2 0.006527 0.016121 0.832635 0.139707 0.005010
2 2 0.009031 0.020767 0.838049 0.125557 0.006596
2 2 0.009576 0.021183 0.835115 0.127299 0.006826
2 2 0.007373 0.016411 0.815639 0.155189 0.005388
2 2 0.005519 0.012702 0.793651 0.183923 0.004205
2 2 0.005750 0.012803 0.762811 0.214129 0.004506
2 2 0.006524 0.013583 0.715832 0.258809 0.005252
2 2 0.007517 0.014420 0.686203 0.285908 0.005952
2 2 0.006247 0.011667 0.627964 0.349020 0.005102
2 2 0.006945 0.011367 0.566005 0.410186 0.005499
2 2 0.006035 0.010214 0.554801 0.424037 0.004913
2 2 0.007965 0.012072 0.535164 0.438586 0.006213
2 2 0.008999 0.013127 0.539976 0.431064 0.006834
2 2 0.018662 0.019389 0.480216 0.469567 0.012166
2 2 0.020434 0.021230 0.523349 0.422285 0.012702
2 2 0.020332 0.021559 0.519865 0.425300 0.012944
2 2 0.018746 0.019955 0.485011 0.463850 0.012438
3 2 0.017545 0.019085 0.463023 0.488197 0.012150
3 2 0.015163 0.016849 0.438461 0.518643 0.010883
3 2 0.014476 0.017049 0.472604 0.485450 0.010422
3 2 0.009530 0.012466 0.434720 0.535719 0.007564
3 2 0.010450 0.012934 0.414698 0.553729 0.008188
3 2 0.011643 0.013150 0.385272 0.581095 0.008840
3 2 0.009613 0.010736 0.333816 0.638231 0.007605
3 2 0.008842 0.010293 0.335724 0.637965 0.007176
3 2 0.006301 0.008160 0.313226 0.666708 0.005606
3 2 0.005830 0.007974 0.338312 0.642690 0.005194
3 2 0.005065 0.007541 0.350780 0.631903 0.004710
3 2 0.006085 0.009136 0.418864 0.560615 0.005300
3 2 0.004074 0.006900 0.413334 0.571897 0.003795
3 2 0.004108 0.006975 0.429894 0.555272 0.003752
3 2 0.004319 0.006964 0.381042 0.603624 0.004052
3 2 0.006485 0.008946 0.366835 0.612072 0.005662
3 2 0.005876 0.007763 0.324162 0.657016 0.005182
3 2 0.005556 0.007317 0.333647 0.648710 0.004770
3 2 0.006500 0.008115 0.336572 0.643419 0.005394
3 2 0.008300 0.009666 0.350832 0.624682 0.006519
3 2 0.008570 0.009862 0.329416 0.645236 0.006916
3 2 0.009417 0.010902 0.356708 0.615551 0.007421
3 2 0.008247 0.009516 0.293929 0.681265 0.007044
3 2 0.008287 0.008928 0.241360 0.734117 0.007308
3 2 0.009159 0.009162 0.216007 0.757632 0.008040
3 2 0.009783 0.009311 0.202948 0.769451 0.008506
3 2 0.008181 0.008084 0.196313 0.780120 0.007302
3 2 0.008918 0.008892 0.221287 0.753220 0.007684
3 2 0.009896 0.010013 0.245857 0.725888 0.008345
3 2 0.009996 0.010905 0.295475 0.675338 0.008287
3 2 0.010660 0.011816 0.310160 0.658530 0.008834
3 2 0.009083 0.010101 0.259271 0.713461 0.008085
3 2 0.013284 0.012005 0.213068 0.750431 0.011212
3 2 0.012430 0.010428 0.166144 0.800150 0.010849
3 2 0.010681 0.009234 0.159328 0.811182 0.009575
3 2 0.007726 0.006896 0.131018 0.846920 0.007440
3 2 0.007779 0.007338 0.158904 0.818719 0.007259
3 2 0.009448 0.008957 0.196809 0.776526 0.008260
3 2 0.014561 0.013145 0.257679 0.703277 0.011338
3 2 0.012117 0.011176 0.234496 0.732378 0.009833
3 2 0.008221 0.008248 0.205350 0.770885 0.007297
3 2 0.009092 0.008880 0.215082 0.759143 0.007803
3 2 0.009434 0.008941 0.204591 0.768939 0.008094
3 2 0.011556 0.010900 0.233546 0.734459 0.009539
3 2 0.010578 0.010289 0.241199 0.729187 0.008747
3 2 0.010094 0.010063 0.266062 0.705691 0.008090
3 2 0.009928 0.009682 0.246884 0.725443 0.008062
3 2 0.014944 0.013407 0.268752 0.691532 0.011366
3 3 0.017661 0.014718 0.248679 0.705645 0.013297
3 2 0.014803 0.013145 0.246565 0.713867 0.011620
3 1 0.017660 0.016031 0.319097 0.634486 0.012726
2 2 0.073783 0.047546 0.477084 0.366580 0.035008
2 0 0.159239 0.076794 0.438727 0.264294 0.060945
2 1 0.121164 0.071174 0.504640 0.252584 0.050438
2 1 0.249673 0.098591 0.318855 0.239436 0.093445
0 2 0.298187 0.115002 0.262230 0.207491 0.117090
2 2 0.084999 0.236213 0.453131 0.058881 0.166776
2 2 0.089462 0.243667 0.343500 0.070928 0.252443
4 4 0.086594 0.219435 0.243711 0.090217 0.360043
4 4 0.089009 0.195586 0.187872 0.093562 0.433971
4 4 0.109051 0.179901 0.139387 0.058338 0.513323
4 4 0.138318 0.200011 0.174798 0.056540 0.430333
4 4 0.143749 0.207066 0.163495 0.033074 0.452616
4 4 0.156108 0.187546 0.144107 0.042422 0.469818
4 4 0.141512 0.169767 0.136159 0.073789 0.478773
4 4 0.129513 0.161013 0.157054 0.152114 0.400306
4 4 0.135168 0.161668 0.158794 0.150860 0.393510
4 4 0.146778 0.136197 0.127682 0.191274 0.398068
4 4 0.153643 0.120842 0.092152 0.145979 0.487385
4 4 0.142902 0.113826 0.077575 0.120538 0.545159
4 4 0.155334 0.135851 0.104183 0.113787 0.490845
4 4 0.161504 0.149248 0.138122 0.148747 0.402379
4 4 0.168406 0.160657 0.155301 0.135148 0.380489
4 4 0.168147 0.178794 0.151541 0.068993 0.432525
4 4 0.202377 0.200462 0.187227 0.052831 0.357103
4 4 0.212567 0.220187 0.216910 0.037636 0.312699
4 4 0.220082 0.230863 0.249807 0.034616 0.264632
4 4 0.174392 0.259213 0.260389 0.019229 0.286776
2 4 0.133811 0.283042 0.329096 0.017909 0.236142
2 4 0.106585 0.288382 0.401056 0.015010 0.188966
2 4 0.095107 0.243043 0.498651 0.027321 0.135878
2 4 0.118071 0.264880 0.417000 0.023712 0.176337
2 4 0.138082 0.274627 0.342552 0.017691 0.227049
2 4 0.092164 0.290000 0.408070 0.011825 0.197941
2 4 0.181995 0.253817 0.294988 0.024259 0.244941
4 4 0.151302 0.260242 0.257347 0.021148 0.309961
4 4 0.085377 0.280486 0.304824 0.023844 0.305469
4 4 0.067297 0.272411 0.227014 0.013121 0.420157
4 4 0.058812 0.265999 0.247235 0.023036 0.404917
4 4 0.061317 0.267753 0.282544 0.032117 0.356269
4 4 0.116971 0.261490 0.232573 0.017276 0.371690
2 4 0.161766 0.219367 0.371529 0.036325 0.211014
2 4 0.169610 0.236605 0.320382 0.026415 0.246988
2 4 0.158765 0.259919 0.288590 0.016811 0.275915
2 4 0.127761 0.271038 0.356559 0.017268 0.227374
2 4 0.083506 0.285651 0.433072 0.011912 0.185859
4 4 0.136045 0.288034 0.246283 0.007224 0.322414
2 4 0.072522 0.298699 0.308504 0.014000 0.306276
4 4 0.061827 0.305200 0.254347 0.006320 0.372306
4 4 0.070137 0.304829 0.259114 0.006676 0.359244
4 4 0.081754 0.301890 0.272734 0.008405 0.335217
4 4 0.105444 0.287504 0.261931 0.010966 0.334155
4 4 0.123280 0.261846 0.206099 0.010765 0.398009
4 4 0.131140 0.263591 0.251255 0.019799 0.334216
4 4 0.156079 0.250148 0.248771 0.026818 0.318184
4 4 0.222201 0.195412 0.177989 0.049270 0.355127
4 4 0.276470 0.151719 0.123714 0.066903 0.381194
4 4 0.262924 0.138027 0.095058 0.052195 0.451798
4 4 0.252073 0.133424 0.090308 0.056582 0.467613
4 4 0.216331 0.130989 0.100158 0.103775 0.448747
4 4 0.191398 0.120432 0.108134 0.197336 0.382700
4 4 0.189870 0.110591 0.086379 0.169779 0.443381
4 4 0.241701 0.106882 0.079484 0.139049 0.432884
4 4 0.228779 0.121864 0.102403 0.151477 0.395478
4 4 0.286699 0.140014 0.125971 0.106458 0.340857
4 4 0.267570 0.161265 0.140095 0.069648 0.361422
4 4 0.304081 0.137234 0.097856 0.050512 0.410317
4 4 0.326896 0.129743 0.098354 0.067031 0.377975
4 4 0.277593 0.141828 0.132712 0.117165 0.330701
4 4 0.223730 0.183785 0.156457 0.050318 0.385710
4 4 0.151642 0.216127 0.167737 0.024655 0.439840
4 4 0.109667 0.225998 0.169295 0.020082 0.474959
4 4 0.089871 0.209764 0.170792 0.041495 0.488078
4 4 0.111308 0.177113 0.134483 0.056630 0.520465
4 4 0.114411 0.162625 0.124976 0.077363 0.520625
4 4 0.127388 0.149461 0.105741 0.071010 0.546400
4 4 0.142367 0.152267 0.110868 0.072406 0.522092
4 4 0.164995 0.153764 0.113530 0.069596 0.498115
4 4 0.159791 0.176088 0.153869 0.082190 0.428062
4 4 0.147960 0.190494 0.159383 0.056595 0.445568
4 4 0.164348 0.203517 0.182294 0.051836 0.398005
0 4 0.376750 0.137285 0.096309 0.031610 0.358046
0 4 0.357055 0.157225 0.131557 0.041107 0.313056
0 4 0.398449 0.129504 0.093298 0.037799 0.340951
0 4 0.355606 0.155515 0.123969 0.036648 0.328263
4 4 0.327821 0.159502 0.111356 0.023362 0.377958
4 4 0.310737 0.181113 0.152661 0.031414 0.324076
4 4 0.290129 0.191731 0.160790 0.027130 0.330220
4 4 0.139550 0.253364 0.208295 0.014351 0.384440
4 4 0.185265 0.241948 0.204183 0.015953 0.352651
4 4 0.257935 0.212470 0.189864 0.024956 0.314776
4 4 0.221510 0.232883 0.204743 0.018143 0.322721
4 4 0.198857 0.244623 0.206270 0.013591 0.336659
4 4 0.188534 0.253738 0.225766 0.013952 0.318011
4 4 0.168077 0.266698 0.268313 0.015072 0.281841
2 4 0.138765 0.270062 0.336244 0.020346 0.234583
2 4 0.094689 0.281319 0.307007 0.020581 0.296404
4 4 0.071058 0.281173 0.266738 0.014529 0.366501
4 4 0.089315 0.282865 0.244298 0.011065 0.372456
4 4 0.110619 0.266403 0.224856 0.013555 0.384567
4 4 0.104747 0.264083 0.260234 0.024788 0.346148
4 4 0.094190 0.247950 0.242283 0.035643 0.379934
4 4 0.097254 0.236166 0.195449 0.025563 0.445568
4 4 0.113035 0.246915 0.201247 0.018109 0.420693
4 4 0.125589 0.279572 0.270112 0.014219 0.310508
2 4 0.134226 0.286769 0.292469 0.012594 0.273942
2 4 0.129644 0.279383 0.324546 0.020748 0.245679
2 4 0.129738 0.285508 0.312146 0.015639 0.256969
2 4 0.124452 0.297581 0.330391 0.011480 0.236095
2 4 0.123735 0.295779 0.347736 0.013067 0.219684
2 4 0.111877 0.287952 0.408960 0.017504 0.173708
2 4 0.100502 0.281124 0.445234 0.019022 0.154118
2 4 0.113719 0.275875 0.431001 0.022727 0.156678
2 4 0.138523 0.267099 0.396438 0.027954 0.169987
2 1 0.180456 0.247752 0.352421 0.039977 0.179394
2 1 0.229967 0.223101 0.298004 0.052706 0.196222
2 1 0.232403 0.221213 0.297326 0.054596 0.194462
2 1 0.231719 0.223583 0.291978 0.050496 0.202224
2 1 0.215007 0.230189 0.297510 0.047852 0.209443
2 1 0.161158 0.203093 0.320856 0.115072 0.199822
2 1 0.143517 0.226283 0.324035 0.089887 0.216278
2 1 0.137776 0.238890 0.338839 0.070167 0.214329
2 0 0.173004 0.225815 0.351078 0.066991 0.183111
2 1 0.175645 0.228434 0.338281 0.071274 0.186367
2 1 0.148042 0.241171 0.357177 0.062695 0.190914
2 0 0.129981 0.275315 0.354034 0.025931 0.214738
4 1 0.085402 0.277632 0.252789 0.015328 0.368849
4 1 0.089130 0.284041 0.253279 0.012065 0.361485
4 1 0.081892 0.298062 0.281678 0.010654 0.327714
2 1 0.074718 0.312196 0.332826 0.010128 0.270131
2 1 0.079890 0.320450 0.360283 0.008073 0.231304
2 1 0.085114 0.318004 0.367912 0.008582 0.220388
2 0 0.085006 0.315932 0.393511 0.009378 0.196174
2 0 0.092544 0.316934 0.378159 0.008378 0.203985
2 1 0.103996 0.305984 0.367653 0.011231 0.211136
2 1 0.111241 0.298901 0.343985 0.012974 0.232898
4 1 0.125443 0.288471 0.281122 0.011461 0.293504
4 1 0.116620 0.282838 0.273680 0.013891 0.312971
2 1 0.128097 0.284375 0.296768 0.014911 0.275849
4 1 0.148863 0.277020 0.267097 0.012838 0.294182
2 1 0.145904 0.282625 0.287573 0.012856 0.271042
2 0 0.136341 0.290203 0.312880 0.012475 0.248101
2 0 0.124017 0.297662 0.332657 0.011596 0.234068
2 0 0.114627 0.300326 0.363771 0.012411 0.208864
2 1 0.102019 0.305911 0.388784 0.011494 0.191793
2 1 0.100621 0.303575 0.402422 0.012481 0.180901
2 0 0.103639 0.298793 0.409058 0.014206 0.174304
2 0 0.108362 0.296498 0.402121 0.014932 0.178087
2 0 0.112335 0.297212 0.386640 0.014280 0.189533
2 1 0.119311 0.291417 0.385224 0.016427 0.187622
2 1 0.117155 0.291203 0.392869 0.016770 0.182003
2 1 0.114705 0.285301 0.417958 0.019935 0.162101
2 1 0.116818 0.278078 0.426683 0.023503 0.154918
2 1 0.110040 0.266969 0.452916 0.026278 0.143797
2 1 0.109250 0.267760 0.453409 0.025856 0.143724
2 1 0.102716 0.257044 0.476802 0.028817 0.134623
2 1 0.125829 0.247268 0.447755 0.036715 0.142433
2 1 0.112839 0.233678 0.487747 0.037080 0.128656
2 1 0.122445 0.217901 0.488901 0.045394 0.125359
2 1 0.106723 0.184389 0.549487 0.057507 0.101894
2 1 0.107888 0.162446 0.564565 0.073164 0.091938
2 2 0.121852 0.148663 0.548204 0.091180 0.090100
2 2 0.123487 0.163624 0.530675 0.082517 0.099696
2 1 0.132330 0.229511 0.451781 0.047075 0.139304
2 1 0.105605 0.199506 0.511411 0.064891 0.118587
2 1 0.128207 0.244759 0.433070 0.043699 0.150266
2 1 0.119032 0.273365 0.430028 0.025172 0.152403
2 1 0.113003 0.271120 0.443024 0.025195 0.147659
2 1 0.127965 0.220791 0.474802 0.045744 0.130698
2 0 0.146913 0.166320 0.491816 0.087063 0.107888
2 0 0.247659 0.161364 0.333549 0.113775 0.143653
0 1 0.310351 0.168092 0.238788 0.098712 0.184057
0 1 0.295663 0.189451 0.233816 0.069921 0.211150
2 1 0.267672 0.193041 0.276621 0.076670 0.185996
2 1 0.245641 0.212045 0.289936 0.063255 0.189123
2 1 0.157140 0.246973 0.395359 0.041788 0.158740
2 1 0.134086 0.227331 0.454569 0.048081 0.135934
2 1 0.116522 0.203124 0.509531 0.055458 0.115365
2 1 0.125055 0.197973 0.499595 0.060913 0.116464
2 1 0.111265 0.211897 0.510670 0.048906 0.117262
2 1 0.112932 0.228423 0.490069 0.042373 0.126203
2 1 0.086012 0.178759 0.590447 0.054353 0.090428
2 2 0.063365 0.139863 0.669869 0.062226 0.064676
2 2 0.044689 0.124155 0.726582 0.053793 0.050781
2 1 0.032642 0.111575 0.768492 0.046303 0.040987
2 2 0.020726 0.077740 0.826565 0.049475 0.025495
2 2 0.032208 0.118147 0.766257 0.040657 0.042731
2 1 0.042727 0.166177 0.697201 0.030276 0.063618
2 2 0.059775 0.203718 0.621519 0.028152 0.086836
2 2 0.107045 0.258138 0.467907 0.029241 0.137668
2 2 0.081162 0.253905 0.520129 0.024709 0.120095
2 2 0.018302 0.209891 0.708471 0.007675 0.055660
2 2 0.011503 0.194388 0.745478 0.005087 0.043544
2 0 0.012896 0.176388 0.760806 0.008029 0.041881
2 2 0.013441 0.064493 0.856424 0.047134 0.018508
2 2 0.003497 0.015003 0.905244 0.072807 0.003449
2 2 0.003320 0.014930 0.906398 0.071961 0.003391
2 2 0.005618 0.022454 0.890064 0.076199 0.005665
2 2 0.010186 0.036007 0.860857 0.082529 0.010421
2 2 0.006482 0.025485 0.883731 0.077674 0.006627
2 2 0.006253 0.025651 0.886328 0.075200 0.006568
2 2 0.006913 0.027833 0.881423 0.076540 0.007291
2 2 0.008856 0.036508 0.875825 0.068845 0.009966
2 2 0.008891 0.038025 0.877360 0.065414 0.010310
2 2 0.010119 0.040483 0.868585 0.069409 0.011404
2 2 0.007895 0.029034 0.872909 0.082219 0.007943
2 2 0.008338 0.031865 0.875010 0.076052 0.008735
2 2 0.008269 0.035442 0.882961 0.063856 0.009472
2 2 0.010469 0.048732 0.874442 0.052959 0.013397
2 2 0.010601 0.042964 0.871147 0.063115 0.012172
2 2 0.011349 0.034035 0.850290 0.093927 0.010398
2 2 0.005421 0.018390 0.877888 0.093408 0.004893
2 2 0.003387 0.012635 0.888248 0.092630 0.003099
2 2 0.002327 0.009492 0.887807 0.098147 0.002226
2 2 0.002081 0.008357 0.865381 0.122125 0.002057
2 2 0.001105 0.004971 0.834154 0.158569 0.001200
2 2 0.000997 0.004241 0.802865 0.190823 0.001073
2 2 0.001244 0.005008 0.820282 0.172199 0.001268
2 2 0.001510 0.005808 0.821296 0.169875 0.001510
2 2 0.001772 0.006556 0.827586 0.162363 0.001723
2 2 0.001384 0.005332 0.806725 0.185151 0.001408
2 2 0.002145 0.007218 0.792359 0.196189 0.002089
2 2 0.003250 0.009002 0.752559 0.232221 0.002968
2 2 0.003428 0.008748 0.706511 0.278187 0.003126
2 2 0.002937 0.007068 0.624302 0.362921 0.002774
2 2 0.003607 0.007720 0.560354 0.424914 0.003406
2 2 0.004565 0.008453 0.499525 0.483263 0.004194
3 2 0.004153 0.007714 0.488940 0.495365 0.003828
3 2 0.003689 0.007067 0.476245 0.509494 0.003504
3 2 0.003234 0.006341 0.449281 0.537948 0.003196
3 2 0.003370 0.005839 0.341531 0.645787 0.003473
3 3 0.003305 0.004964 0.235874 0.752294 0.003563
3 3 0.002988 0.004118 0.177430 0.812131 0.003334
3 3 0.002353 0.003299 0.150932 0.840643 0.002773
3 3 0.002128 0.002725 0.108539 0.883994 0.002614
3 3 0.002155 0.002768 0.106891 0.885508 0.002678
3 3 0.001707 0.002196 0.084267 0.909559 0.002272
3 3 0.001975 0.002659 0.109485 0.883369 0.002511
3 3 0.001855 0.002461 0.098687 0.894589 0.002408
3 3 0.001414 0.002043 0.092167 0.902402 0.001974
3 3 0.001606 0.002307 0.097020 0.896845 0.002222
3 3 0.001125 0.001774 0.091493 0.903950 0.001657
3 3 0.001009 0.001606 0.085357 0.910508 0.001520
3 3 0.001210 0.001800 0.082549 0.912661 0.001780
3 3 0.001217 0.001717 0.075581 0.919720 0.001765
3 3 0.001161 0.001510 0.059210 0.936407 0.001712
3 3 0.000780 0.000909 0.028916 0.968086 0.001309
3 3 0.000637 0.000788 0.028042 0.969421 0.001113
3 3 0.000519 0.000685 0.026292 0.971542 0.000962
3 3 0.000545 0.000738 0.029198 0.968520 0.000999
3 3 0.000603 0.000804 0.029565 0.967929 0.001100
3 3 0.000418 0.000582 0.023970 0.974209 0.000821
3 3 0.000529 0.000714 0.026651 0.971106 0.001000
3 3 0.000409 0.000580 0.023821 0.974373 0.000817
3 3 0.000458 0.000631 0.024161 0.973851 0.000899
3 3 0.000444 0.000621 0.026285 0.971800 0.000851
3 3 0.000350 0.000502 0.022887 0.975559 0.000702
3 3 0.000439 0.000595 0.024599 0.973530 0.000837
3 3 0.000566 0.000671 0.020911 0.976800 0.001052
3 3 0.000627 0.000733 0.019888 0.977560 0.001192
3 3 0.000627 0.000735 0.019597 0.977839 0.001202
3 3 0.000898 0.000995 0.024648 0.971893 0.001566
3 3 0.001051 0.001160 0.030137 0.965930 0.001722
3 3 0.001111 0.001242 0.032272 0.963568 0.001807
3 3 0.001176 0.001339 0.037030 0.958602 0.001854
3 3 0.001214 0.001458 0.045603 0.949866 0.001860
3 3 0.001651 0.001867 0.053791 0.940360 0.002330
3 3 0.001719 0.001912 0.055021 0.938969 0.002380
3 3 0.001537 0.001702 0.047750 0.946800 0.002210
3 3 0.001139 0.001314 0.041292 0.954524 0.001731
3 3 0.000909 0.001083 0.035296 0.961243 0.001469
3 3 0.001033 0.001186 0.034107 0.962008 0.001666
3 3 0.000956 0.001115 0.031588 0.964742 0.001598
3 3 0.000628 0.000802 0.026730 0.970688 0.001153
3 3 0.000603 0.000813 0.030734 0.966754 0.001096
3 3 0.000465 0.000623 0.024381 0.973644 0.000887
3 3 0.000639 0.000846 0.032402 0.964987 0.001126
3 3 0.000722 0.000938 0.034331 0.962767 0.001242
3 3 0.000881 0.001124 0.040260 0.956299 0.001436
3 3 0.000807 0.000982 0.032144 0.964707 0.001360
3 3 0.000939 0.001093 0.032512 0.963913 0.001544
3 3 0.000730 0.000868 0.026936 0.970193 0.001273
