0 0 0.937976 0.027465 0.014520 0.016260 0.003779
0 0 0.935228 0.031763 0.014162 0.012331 0.006516
0 0 0.835708 0.081727 0.046324 0.024125 0.012116
0 0 0.807650 0.102849 0.055642 0.019920 0.013938
0 0 0.822633 0.089824 0.046755 0.022480 0.018309
0 0 0.826762 0.085624 0.042806 0.022742 0.022066
0 0 0.809651 0.087256 0.045874 0.029912 0.027306
0 0 0.835907 0.072905 0.035626 0.026945 0.028618
0 0 0.819901 0.079288 0.038883 0.028529 0.033399
0 0 0.823158 0.069897 0.033945 0.032895 0.040105
0 0 0.832706 0.056856 0.027165 0.037481 0.045792
0 0 0.724277 0.088596 0.057910 0.076593 0.052624
0 0 0.699247 0.073613 0.052735 0.113297 0.061108
0 0 0.416488 0.055679 0.090049 0.390301 0.047483
3 1 0.172721 0.022078 0.063849 0.717550 0.023801
3 1 0.051693 0.010248 0.061482 0.867446 0.009131
3 1 0.044790 0.008825 0.059007 0.879973 0.007405
3 1 0.025463 0.007507 0.077813 0.885459 0.003757
3 1 0.025447 0.007086 0.070746 0.893206 0.003515
3 1 0.023494 0.007534 0.078583 0.887190 0.003198
3 1 0.022971 0.007966 0.085153 0.880709 0.003201
3 2 0.017630 0.005601 0.070711 0.903995 0.002064
3 2 0.027132 0.009808 0.096017 0.862725 0.004319
3 2 0.019947 0.007818 0.093386 0.876111 0.002740
3 2 0.026363 0.010251 0.101658 0.857534 0.004194
3 2 0.019578 0.009083 0.110902 0.857588 0.002848
3 2 0.028567 0.013808 0.134118 0.818126 0.005380
3 2 0.030487 0.014394 0.136182 0.812882 0.006055
3 2 0.053630 0.019626 0.130208 0.786407 0.010129
3 2 0.023075 0.008660 0.094855 0.869985 0.003426
3 2 0.015594 0.005532 0.078577 0.898444 0.001854
3 2 0.021183 0.005111 0.056946 0.914236 0.002524
3 2 0.022947 0.004532 0.046810 0.923077 0.002635
3 2 0.027365 0.005005 0.046083 0.918163 0.003383
3 2 0.026868 0.004339 0.038784 0.926975 0.003034
3 2 0.039971 0.006262 0.041600 0.906885 0.005282
3 2 0.035722 0.005771 0.040864 0.913224 0.004419
3 2 0.036156 0.007119 0.053249 0.898363 0.005113
3 3 0.036283 0.006049 0.043753 0.909170 0.004745
3 3 0.026563 0.003930 0.034807 0.931836 0.002864
3 3 0.034226 0.004107 0.029853 0.927945 0.003868
3 3 0.038768 0.003985 0.026288 0.926515 0.004443
3 3 0.031633 0.003555 0.027174 0.934259 0.003379
3 3 0.028405 0.004157 0.035924 0.928274 0.003240
3 3 0.030725 0.004151 0.032778 0.928928 0.003418
3 3 0.024315 0.003453 0.032299 0.937459 0.002474
3 3 0.031349 0.003855 0.029969 0.931384 0.003443
3 3 0.027201 0.002850 0.023397 0.943989 0.002562
3 3 0.031030 0.003230 0.024308 0.938312 0.003119
3 3 0.027673 0.002784 0.022161 0.944835 0.002546
3 3 0.030623 0.003248 0.024866 0.938160 0.003102
3 3 0.026666 0.002686 0.022001 0.946225 0.002422
3 3 0.022426 0.002536 0.023857 0.949210 0.001970
3 3 0.020461 0.001987 0.019120 0.956840 0.001592
3 3 0.020806 0.002222 0.022091 0.953126 0.001755
3 3 0.019065 0.001691 0.016745 0.961121 0.001378
3 3 0.019452 0.001667 0.016008 0.961492 0.001381
3 3 0.019244 0.001846 0.017983 0.959526 0.001401
3 3 0.016875 0.001760 0.019059 0.961107 0.001199
3 3 0.020087 0.002549 0.025818 0.949832 0.001714
3 3 0.035896 0.003975 0.027985 0.928057 0.004086
3 3 0.033756 0.003608 0.026019 0.932997 0.003620
3 3 0.027900 0.003159 0.025627 0.940593 0.002721
3 3 0.025584 0.002589 0.021683 0.947880 0.002264
3 3 0.024520 0.002605 0.022120 0.948649 0.002108
3 3 0.024215 0.002282 0.019218 0.952305 0.001980
3 3 0.023035 0.002250 0.019555 0.953313 0.001847
3 3 0.024830 0.002106 0.017078 0.954024 0.001962
3 3 0.023671 0.001815 0.014913 0.957848 0.001752
3 3 0.028566 0.002069 0.014911 0.952178 0.002276
3 3 0.030258 0.002273 0.015768 0.949205 0.002497
3 3 0.030059 0.002542 0.018217 0.946564 0.002618
3 3 0.031322 0.003060 0.021951 0.940700 0.002966
3 3 0.031354 0.003053 0.021876 0.940749 0.002968
3 3 0.036514 0.003338 0.021982 0.934402 0.003763
3 3 0.045838 0.003965 0.022349 0.922619 0.005228
3 3 0.039899 0.003627 0.022894 0.929193 0.004388
3 3 0.025093 0.002738 0.024218 0.945600 0.002351
3 3 0.025739 0.002435 0.020465 0.949086 0.002276
3 3 0.021141 0.002035 0.019260 0.955886 0.001679
3 3 0.020535 0.001761 0.016712 0.959450 0.001542
3 3 0.021747 0.001912 0.017314 0.957360 0.001668
3 3 0.020071 0.001693 0.016147 0.960622 0.001467
3 3 0.017455 0.001415 0.014525 0.965448 0.001157
3 3 0.018674 0.001431 0.013937 0.964705 0.001253
3 3 0.016145 0.001225 0.012989 0.968645 0.000995
3 3 0.014855 0.001058 0.011808 0.971412 0.000866
3 3 0.014488 0.000954 0.010597 0.973159 0.000802
3 3 0.014161 0.001023 0.011833 0.972169 0.000814
3 3 0.011476 0.000799 0.010443 0.976701 0.000582
3 3 0.012456 0.000875 0.010760 0.975257 0.000651
3 3 0.013914 0.000992 0.011397 0.972923 0.000773
3 3 0.014198 0.001137 0.013073 0.970764 0.000828
3 3 0.015171 0.001142 0.012282 0.970528 0.000878
3 3 0.013997 0.001104 0.012409 0.971713 0.000778
3 3 0.014873 0.001212 0.013200 0.969851 0.000864
3 3 0.015904 0.001280 0.013460 0.968394 0.000962
3 3 0.021695 0.001849 0.016518 0.958317 0.001622
3 3 0.020477 0.001884 0.017832 0.958260 0.001547
3 3 0.019783 0.002053 0.020347 0.956268 0.001548
3 3 0.021718 0.002378 0.022012 0.952109 0.001782
3 3 0.021067 0.002218 0.020783 0.954258 0.001674
3 3 0.027561 0.002736 0.021632 0.945576 0.002495
3 3 0.023928 0.002693 0.023835 0.947423 0.002121
3 3 0.017089 0.001839 0.019790 0.960049 0.001233
3 3 0.014427 0.001359 0.015730 0.967592 0.000893
3 3 0.016343 0.001351 0.014422 0.966835 0.001049
3 3 0.015705 0.001398 0.015376 0.966515 0.001007
3 3 0.013792 0.001469 0.018086 0.965764 0.000889
3 3 0.014312 0.001699 0.020929 0.962072 0.000988
3 3 0.012499 0.001370 0.018109 0.967243 0.000779
3 3 0.022822 0.002547 0.023377 0.949268 0.001985
3 3 0.026703 0.003720 0.031750 0.935094 0.002732
3 3 0.023134 0.005552 0.055927 0.912661 0.002727
3 3 0.020184 0.006018 0.067845 0.903540 0.002414
3 3 0.017367 0.006584 0.084266 0.889653 0.002130
3 3 0.022365 0.006218 0.065183 0.903483 0.002752
3 3 0.028245 0.005867 0.050514 0.911925 0.003450
3 3 0.024746 0.005409 0.051762 0.915158 0.002926
3 2 0.022364 0.004599 0.046336 0.924275 0.002426
2 2 0.020638 0.043515 0.509239 0.417054 0.009554
2 2 0.020172 0.053107 0.589327 0.325377 0.012015
2 2 0.011372 0.039380 0.698466 0.241942 0.008840
2 2 0.014897 0.053152 0.751277 0.168986 0.011688
2 2 0.025791 0.095699 0.764669 0.090544 0.023297
2 2 0.052181 0.166135 0.691733 0.053419 0.036532
2 1 0.051827 0.163682 0.697706 0.052313 0.034472
2 1 0.075556 0.231670 0.590503 0.039446 0.062826
2 1 0.064346 0.214450 0.625251 0.036341 0.059612
1 1 0.102546 0.346733 0.317651 0.015942 0.217128
2 1 0.058039 0.257537 0.522559 0.018994 0.142872
2 1 0.055539 0.258257 0.507137 0.017987 0.161080
2 1 0.032558 0.173796 0.681184 0.023922 0.088541
4 1 0.059628 0.253290 0.262415 0.016382 0.408285
4 1 0.051453 0.203801 0.234202 0.023880 0.486663
4 1 0.047599 0.189639 0.217223 0.020706 0.524831
4 1 0.045950 0.219187 0.270130 0.023147 0.441587
4 4 0.040630 0.149425 0.166428 0.014849 0.628668
4 4 0.053848 0.152923 0.162197 0.020663 0.610369
4 4 0.073846 0.211645 0.202063 0.018554 0.493893
4 4 0.082868 0.312492 0.277399 0.013027 0.314215
1 4 0.102485 0.360054 0.286732 0.010878 0.239852
2 4 0.086611 0.332848 0.341683 0.013077 0.225781
1 4 0.107690 0.356578 0.306231 0.014158 0.215342
2 4 0.089283 0.307623 0.396156 0.027054 0.179885
2 4 0.078064 0.286032 0.420028 0.032235 0.183640
2 4 0.046749 0.211502 0.531454 0.049839 0.160456
2 4 0.085563 0.256192 0.399021 0.053045 0.206179
2 4 0.066359 0.212958 0.520641 0.070335 0.129708
4 4 0.170223 0.228243 0.251325 0.054833 0.295376
2 4 0.154742 0.221841 0.372278 0.078488 0.172651
2 4 0.171813 0.255021 0.387343 0.057975 0.127847
2 4 0.110259 0.193443 0.497334 0.097958 0.101005
4 4 0.235614 0.179304 0.219216 0.097248 0.268618
4 4 0.186968 0.132115 0.172053 0.142949 0.365915
4 4 0.169011 0.105799 0.106363 0.085874 0.532953
3 4 0.188245 0.119123 0.196980 0.270405 0.225247
2 4 0.140282 0.145719 0.270007 0.182421 0.261571
2 4 0.137571 0.166127 0.309034 0.182871 0.204397
2 4 0.043295 0.157536 0.618512 0.102087 0.078570
2 4 0.029678 0.098002 0.733965 0.115464 0.022892
2 2 0.031613 0.106757 0.750559 0.087691 0.023380
2 2 0.034214 0.107548 0.759616 0.079007 0.019614
2 2 0.041385 0.115895 0.741738 0.082167 0.018815
2 2 0.034592 0.098627 0.763057 0.088574 0.015151
2 2 0.027288 0.080743 0.764647 0.114058 0.013264
2 2 0.025955 0.076450 0.771351 0.114270 0.011975
2 2 0.026840 0.072460 0.764512 0.126196 0.009992
2 2 0.022539 0.064726 0.760775 0.142053 0.009907
2 2 0.022676 0.065096 0.776808 0.126176 0.009245
2 2 0.019183 0.052345 0.675823 0.243197 0.009452
2 2 0.016582 0.048840 0.688482 0.236713 0.009384
2 2 0.012643 0.039432 0.673112 0.266789 0.008025
2 2 0.013167 0.041859 0.721655 0.215650 0.007669
2 2 0.009609 0.032428 0.709665 0.242174 0.006124
2 2 0.016409 0.050885 0.755238 0.168981 0.008488
2 2 0.017213 0.051925 0.731988 0.189764 0.009109
2 2 0.019283 0.057322 0.767533 0.147105 0.008757
2 2 0.011203 0.036465 0.738882 0.207289 0.006161
2 2 0.013217 0.042136 0.724047 0.212886 0.007714
2 2 0.015279 0.037527 0.617452 0.323887 0.005855
2 2 0.017306 0.039967 0.598699 0.337913 0.006114
2 2 0.015210 0.033110 0.552410 0.394475 0.004795
3 2 0.013343 0.027485 0.471707 0.483252 0.004213
3 2 0.015023 0.027526 0.439200 0.513101 0.005149
3 2 0.014281 0.028311 0.464103 0.488189 0.005117
2 2 0.018685 0.034337 0.491967 0.448197 0.006815
2 2 0.016418 0.033788 0.529255 0.415097 0.005442
2 2 0.012687 0.027826 0.506270 0.448915 0.004302
2 2 0.011312 0.025238 0.491042 0.468403 0.004004
2 2 0.009462 0.021445 0.490512 0.475370 0.003211
2 2 0.010630 0.023531 0.484012 0.478201 0.003626
3 2 0.013376 0.027849 0.463220 0.491054 0.004501
3 2 0.017058 0.028335 0.395266 0.554133 0.005207
3 2 0.019274 0.030464 0.399131 0.544699 0.006431
3 2 0.019687 0.027176 0.359219 0.587853 0.006065
2 2 0.024478 0.039710 0.474951 0.452472 0.008389
3 2 0.019891 0.029605 0.396526 0.546997 0.006981
3 2 0.034275 0.048130 0.445355 0.460422 0.011818
3 2 0.028937 0.036078 0.380656 0.544702 0.009627
3 2 0.025937 0.040303 0.453571 0.472031 0.008159
3 2 0.019298 0.019148 0.265005 0.691805 0.004744
3 2 0.018483 0.015650 0.218585 0.743403 0.003880
3 2 0.016872 0.009436 0.134799 0.836270 0.002623
3 2 0.024869 0.009666 0.097817 0.863912 0.003736
3 2 0.026690 0.011526 0.109698 0.848359 0.003726
3 2 0.031214 0.017765 0.177171 0.770821 0.003029
3 2 0.028558 0.020138 0.224127 0.724299 0.002878
3 2 0.026438 0.018662 0.207271 0.744192 0.003436
3 2 0.034539 0.023082 0.219731 0.717830 0.004818
3 2 0.040729 0.028750 0.257439 0.665917 0.007165
3 2 0.044674 0.032324 0.257284 0.656019 0.009699
3 2 0.017901 0.014645 0.213613 0.750099 0.003742
3 2 0.014621 0.012773 0.214884 0.754890 0.002832
3 2 0.019102 0.012809 0.176827 0.787572 0.003690
3 2 0.017689 0.012756 0.182532 0.783720 0.003303
3 2 0.016602 0.010081 0.144837 0.825856 0.002623
3 2 0.012728 0.008176 0.140298 0.837020 0.001778
3 2 0.019085 0.009193 0.118950 0.849837 0.002935
3 2 0.027991 0.012941 0.137702 0.816908 0.004458
3 2 0.027094 0.011031 0.114303 0.843552 0.004021
3 2 0.019799 0.011468 0.147383 0.817934 0.003417
3 2 0.022831 0.011774 0.134846 0.826587 0.003963
3 2 0.024110 0.015180 0.166870 0.789175 0.004665
3 2 0.019252 0.017291 0.221445 0.738111 0.003901
3 2 0.017676 0.020609 0.277082 0.680689 0.003943
3 2 0.013359 0.020097 0.340968 0.622329 0.003248
3 2 0.015973 0.018505 0.285201 0.676593 0.003728
3 2 0.018802 0.018494 0.261390 0.696771 0.004543
3 2 0.018633 0.012511 0.172919 0.792468 0.003469
3 2 0.012347 0.005117 0.088234 0.892868 0.001435
3 2 0.015008 0.004285 0.061366 0.917726 0.001615
3 2 0.021171 0.005669 0.064364 0.906143 0.002652
3 2 0.019763 0.006083 0.071802 0.899893 0.002459
3 2 0.017463 0.007403 0.098604 0.874176 0.002355
3 3 0.019822 0.008259 0.101781 0.867270 0.002869
3 3 0.022396 0.011471 0.141208 0.821299 0.003626
3 3 0.023498 0.015206 0.199644 0.757811 0.003841
3 3 0.034553 0.025457 0.277979 0.656559 0.005452
3 3 0.023998 0.020936 0.265280 0.685711 0.004075
2 3 0.025845 0.056516 0.643695 0.266005 0.007940
2 2 0.023301 0.049039 0.563686 0.356148 0.007825
2 2 0.022627 0.041519 0.470878 0.456882 0.008095
3 2 0.030897 0.031682 0.298846 0.628865 0.009711
3 2 0.028020 0.030964 0.317142 0.615695 0.008179
3 2 0.020654 0.031159 0.388664 0.552624 0.006899
3 2 0.022566 0.038457 0.445208 0.484535 0.009234
3 2 0.024539 0.039757 0.444111 0.480910 0.010683
3 2 0.023527 0.035267 0.425105 0.506232 0.009870
3 2 0.029648 0.036720 0.383362 0.537741 0.012529
3 2 0.020087 0.023678 0.334451 0.615459 0.006324
3 2 0.023353 0.028159 0.351981 0.588388 0.008119
3 2 0.025727 0.028026 0.320418 0.617437 0.008392
3 2 0.026194 0.027413 0.303692 0.634625 0.008076
3 2 0.016449 0.027248 0.404721 0.546317 0.005266
3 2 0.018173 0.025970 0.359777 0.590717 0.005363
3 2 0.024076 0.027504 0.308581 0.632928 0.006911
3 2 0.019497 0.016570 0.209576 0.750519 0.003838
3 2 0.021546 0.024337 0.290666 0.657922 0.005528
3 2 0.023904 0.017411 0.189712 0.764146 0.004827
3 2 0.024637 0.020260 0.224806 0.724544 0.005752
3 2 0.030128 0.021705 0.210748 0.729967 0.007453
3 2 0.040825 0.028405 0.228043 0.692094 0.010633
3 2 0.032588 0.029548 0.281175 0.648243 0.008446
3 2 0.050169 0.047365 0.359239 0.531351 0.011875
2 2 0.012226 0.024582 0.488950 0.471017 0.003224
3 2 0.012126 0.024772 0.449013 0.510280 0.003808
3 2 0.009939 0.020934 0.454927 0.511157 0.003043
3 2 0.009810 0.020785 0.457341 0.509045 0.003019
3 2 0.008890 0.018458 0.441769 0.528333 0.002550
3 2 0.010411 0.021286 0.452534 0.512507 0.003262
3 2 0.007498 0.013040 0.356054 0.621789 0.001620
3 2 0.011476 0.016839 0.319905 0.649277 0.002502
3 2 0.014408 0.020441 0.316488 0.645402 0.003262
3 2 0.021238 0.022475 0.260723 0.690750 0.004814
3 2 0.020514 0.017405 0.208598 0.749446 0.004037
3 2 0.037439 0.021374 0.167372 0.765322 0.008494
3 2 0.036916 0.018037 0.145711 0.791346 0.007990
3 2 0.034843 0.017781 0.150489 0.789386 0.007502
3 2 0.028987 0.013492 0.129367 0.822752 0.005401
3 2 0.029546 0.019426 0.186330 0.758090 0.006608
3 2 0.028234 0.017274 0.167311 0.781433 0.005748
3 2 0.022423 0.020208 0.239689 0.712448 0.005233
3 2 0.020262 0.020976 0.276473 0.677533 0.004756
3 2 0.020534 0.024045 0.341521 0.609615 0.004285
3 2 0.020343 0.022829 0.326381 0.627074 0.003374
3 2 0.026907 0.037012 0.460937 0.470789 0.004355
3 2 0.018537 0.024949 0.372239 0.581307 0.002969
3 2 0.023613 0.031134 0.386919 0.553531 0.004803
2 2 0.022872 0.038939 0.502168 0.430810 0.005211
2 2 0.026781 0.054280 0.635582 0.276624 0.006732
2 2 0.017860 0.042347 0.704845 0.230014 0.004935
2 2 0.017881 0.044419 0.716434 0.215758 0.005507
2 2 0.019313 0.048904 0.713265 0.211917 0.006601
2 2 0.022246 0.055428 0.723719 0.191274 0.007334
2 2 0.022040 0.055644 0.733957 0.181107 0.007252
2 2 0.025288 0.058799 0.721127 0.187693 0.007093
2 2 0.029469 0.067736 0.717493 0.176813 0.008489
2 2 0.027146 0.063610 0.738524 0.163286 0.007433
2 2 0.023299 0.060673 0.770130 0.138542 0.007356
2 2 0.013345 0.044209 0.877559 0.060849 0.004038
2 1 0.015691 0.046872 0.863869 0.069570 0.003998
2 1 0.022932 0.069356 0.853674 0.047626 0.006412
2 1 0.042211 0.119375 0.788368 0.037102 0.012945
2 1 0.040324 0.114913 0.793761 0.038517 0.012486
2 1 0.055294 0.141906 0.746254 0.040693 0.015853
2 1 0.058743 0.145600 0.729562 0.048779 0.017317
2 1 0.058825 0.148651 0.721431 0.051825 0.019268
2 1 0.074288 0.190334 0.676091 0.033799 0.025488
2 1 0.080035 0.219075 0.644842 0.024069 0.031979
2 1 0.082310 0.223137 0.638342 0.023724 0.032487
2 1 0.074271 0.208681 0.659621 0.026013 0.031414
2 1 0.071633 0.203312 0.672590 0.023688 0.028777
2 1 0.059013 0.177702 0.719176 0.021235 0.022875
2 1 0.039128 0.133331 0.788847 0.022003 0.016692
2 1 0.018208 0.077074 0.869012 0.025688 0.010018
2 1 0.020748 0.084880 0.855833 0.027094 0.011445
2 1 0.013601 0.062924 0.872356 0.040607 0.010512
2 1 0.019921 0.083232 0.839946 0.042404 0.014496
2 1 0.011267 0.049253 0.868335 0.063139 0.008006
2 1 0.010878 0.045555 0.854941 0.081116 0.007511
2 2 0.010632 0.044924 0.839450 0.096729 0.008265
2 2 0.013445 0.054900 0.826478 0.094453 0.010725
2 2 0.015969 0.060674 0.829209 0.083730 0.010418
2 2 0.020739 0.074115 0.815439 0.077154 0.012553
2 2 0.018198 0.064717 0.816294 0.089992 0.010798
2 2 0.024860 0.079438 0.769803 0.111373 0.014526
2 2 0.016803 0.059856 0.796277 0.115987 0.011077
2 2 0.015419 0.058842 0.801257 0.112564 0.011918
2 2 0.018571 0.078616 0.831325 0.055881 0.015607
2 2 0.018357 0.075536 0.828858 0.062504 0.014745
2 2 0.010851 0.053305 0.885996 0.040963 0.008886
2 2 0.013553 0.063180 0.852772 0.057558 0.012937
2 2 0.008956 0.045119 0.861737 0.074446 0.009742
2 2 0.009685 0.046487 0.846833 0.086730 0.010265
2 2 0.010706 0.053291 0.854246 0.069635 0.012121
2 2 0.012234 0.057718 0.829207 0.086546 0.014295
2 2 0.008685 0.036959 0.780571 0.165242 0.008543
2 2 0.010611 0.042374 0.765170 0.171985 0.009861
2 2 0.008051 0.031848 0.746935 0.206255 0.006912
2 2 0.009338 0.036278 0.762594 0.184163 0.007626
2 2 0.017408 0.059744 0.778469 0.133079 0.011301
2 2 0.018265 0.060528 0.804131 0.107587 0.009488
2 2 0.035906 0.100236 0.791321 0.060487 0.012050
2 2 0.071745 0.146100 0.726234 0.044099 0.011822
2 2 0.079628 0.122191 0.714945 0.076096 0.007141
2 2 0.084835 0.125741 0.703076 0.079064 0.007284
2 2 0.109376 0.157247 0.652644 0.070670 0.010064
2 2 0.102958 0.150563 0.665123 0.071791 0.009565
2 2 0.120444 0.190020 0.618385 0.056021 0.015130
2 2 0.087556 0.189910 0.655125 0.044984 0.022425
2 2 0.032574 0.115195 0.770691 0.058558 0.022983
2 2 0.030769 0.114090 0.786924 0.046602 0.021615
2 2 0.018565 0.079067 0.846294 0.042361 0.013714
2 2 0.014251 0.065496 0.852432 0.054771 0.013050
2 2 0.007064 0.035372 0.855055 0.095074 0.007434
2 2 0.009653 0.049264 0.869358 0.061279 0.010447
2 2 0.009146 0.046807 0.872140 0.062138 0.009769
2 2 0.009831 0.049002 0.886319 0.046386 0.008463
2 2 0.005644 0.031074 0.902621 0.055413 0.005248
2 2 0.013350 0.071678 0.812841 0.075692 0.026439
2 2 0.010670 0.061413 0.828805 0.075948 0.023165
2 2 0.010249 0.055088 0.809853 0.104644 0.020167
2 2 0.009892 0.042448 0.769404 0.167158 0.011098
2 2 0.009550 0.041782 0.775487 0.162251 0.010930
2 2 0.010357 0.045298 0.774831 0.157355 0.012158
2 2 0.006846 0.033782 0.810978 0.139854 0.008540
2 2 0.005936 0.027652 0.795102 0.165092 0.006217
2 2 0.007052 0.032482 0.791969 0.160674 0.007822
2 2 0.007933 0.034047 0.771082 0.178897 0.008041
2 2 0.007811 0.032054 0.756842 0.196120 0.007174
2 2 0.014536 0.050334 0.697424 0.225011 0.012695
2 2 0.009699 0.027725 0.610142 0.347470 0.004964
2 2 0.011784 0.026203 0.511380 0.445954 0.004679
3 2 0.012562 0.023646 0.450527 0.508932 0.004332
2 2 0.011316 0.026204 0.520125 0.437864 0.004491
2 2 0.009187 0.025027 0.584153 0.377407 0.004226
2 2 0.013281 0.038925 0.631049 0.308666 0.008079
2 2 0.008978 0.027413 0.638946 0.319647 0.005016
2 2 0.010502 0.030325 0.617821 0.335700 0.005651
2 2 0.010978 0.027256 0.544650 0.412508 0.004607
2 2 0.013042 0.029196 0.501902 0.450881 0.004978
3 2 0.011827 0.023740 0.438861 0.521997 0.003575
3 2 0.017320 0.024468 0.349726 0.603629 0.004858
3 2 0.013940 0.016205 0.271742 0.695170 0.002943
3 2 0.019274 0.016830 0.228474 0.731197 0.004225
3 2 0.021329 0.015611 0.201098 0.757333 0.004628
3 2 0.028954 0.017958 0.188693 0.757407 0.006988
3 2 0.025945 0.012870 0.147605 0.808180 0.005400
3 2 0.033556 0.015475 0.144633 0.798808 0.007529
3 2 0.032650 0.013370 0.123870 0.823493 0.006617
3 2 0.042828 0.019690 0.151772 0.775009 0.010700
3 2 0.031293 0.013098 0.126108 0.823174 0.006327
3 2 0.030983 0.013376 0.132496 0.816645 0.006500
3 2 0.031130 0.011111 0.107974 0.843811 0.005974
3 2 0.027873 0.010098 0.105074 0.851939 0.005016
3 2 0.028010 0.008578 0.086531 0.872266 0.004615
3 2 0.025961 0.007592 0.078905 0.883600 0.003942
3 2 0.019003 0.006329 0.084044 0.887952 0.002673
3 2 0.017330 0.005590 0.078757 0.896028 0.002297
3 2 0.016870 0.005121 0.073577 0.902259 0.002173
3 2 0.015979 0.004999 0.073313 0.903730 0.001978
3 2 0.016823 0.004375 0.059168 0.917718 0.001917
3 2 0.016116 0.003736 0.049646 0.928855 0.001648
3 2 0.012566 0.002493 0.037483 0.946416 0.001043
3 2 0.014039 0.002481 0.034152 0.948152 0.001176
3 2 0.014176 0.002059 0.027198 0.955470 0.001097
3 2 0.017019 0.002159 0.024987 0.954455 0.001380
3 2 0.017542 0.002163 0.024317 0.954559 0.001419
3 2 0.020070 0.002756 0.029212 0.946122 0.001839
3 2 0.018313 0.002957 0.034300 0.942708 0.001723
3 3 0.019312 0.003224 0.036017 0.939574 0.001872
3 3 0.018378 0.002580 0.028254 0.949217 0.001570
3 3 0.015581 0.002303 0.028359 0.952503 0.001255
3 3 0.015580 0.002322 0.028597 0.952245 0.001256
3 3 0.014863 0.001916 0.023897 0.958212 0.001112
3 3 0.015076 0.001928 0.023751 0.958116 0.001130
3 3 0.017997 0.002287 0.025157 0.953084 0.001474
3 3 0.017536 0.002624 0.030683 0.947607 0.001549
3 3 0.018456 0.002861 0.033371 0.943561 0.001751
3 3 0.016027 0.001886 0.021754 0.959154 0.001179
3 3 0.018984 0.001673 0.016595 0.961382 0.001366
3 3 0.017788 0.001478 0.014868 0.964681 0.001185
3 3 0.020692 0.001789 0.016125 0.959918 0.001475
3 3 0.029521 0.004078 0.031395 0.931975 0.003030
3 3 0.020897 0.004788 0.049128 0.923014 0.002172
3 3 0.025603 0.007874 0.076562 0.886419 0.003542
3 3 0.021611 0.008880 0.100650 0.865712 0.003148
3 3 0.016327 0.011776 0.175232 0.793817 0.002848
3 3 0.024943 0.011194 0.119213 0.840412 0.004238
3 3 0.036960 0.016662 0.136554 0.801911 0.007912
3 3 0.023190 0.010252 0.114657 0.848135 0.003766
3 3 0.020659 0.011613 0.144009 0.820149 0.003570
3 2 0.019796 0.011029 0.145855 0.819818 0.003502
3 2 0.023860 0.012175 0.143759 0.815601 0.004605
3 2 0.055764 0.026199 0.167896 0.733516 0.016625
3 2 0.085767 0.071946 0.293652 0.504275 0.044359
2 2 0.057237 0.119343 0.506003 0.280474 0.036943
2 2 0.151378 0.221197 0.415094 0.158943 0.053387
2 2 0.231048 0.257994 0.273581 0.104423 0.132954
4 2 0.257890 0.269821 0.161928 0.021304 0.289057
4 4 0.143611 0.107816 0.070276 0.016617 0.661680
4 4 0.111192 0.088701 0.060369 0.013962 0.725775
4 4 0.091414 0.041429 0.027076 0.013777 0.826304
4 4 0.116785 0.045847 0.029400 0.019526 0.788442
4 4 0.171960 0.040217 0.022502 0.024608 0.740713
4 4 0.167871 0.032931 0.017775 0.022782 0.758640
4 4 0.236906 0.023975 0.010219 0.018096 0.710803
4 4 0.296098 0.023569 0.009079 0.017653 0.653601
4 4 0.330700 0.027052 0.010028 0.016452 0.615768
4 4 0.432188 0.047832 0.017719 0.018991 0.483271
4 4 0.432492 0.051428 0.017794 0.012389 0.485897
0 4 0.511119 0.058063 0.018059 0.009510 0.403249
0 4 0.719901 0.088952 0.028888 0.010760 0.151498
0 4 0.666490 0.170711 0.063310 0.010480 0.089009
0 4 0.468175 0.255120 0.089503 0.005191 0.182012
1 4 0.321357 0.340068 0.150041 0.006143 0.182391
1 4 0.229788 0.393400 0.188113 0.004043 0.184656
1 4 0.184901 0.353387 0.203096 0.006822 0.251794
1 4 0.202857 0.322646 0.179758 0.007352 0.287386
4 4 0.082489 0.137998 0.107781 0.010753 0.660978
4 4 0.047765 0.073249 0.063433 0.009480 0.806073
4 4 0.045475 0.070026 0.063742 0.011563 0.809194
4 4 0.049940 0.052654 0.043352 0.010462 0.843592
4 4 0.043734 0.039367 0.031709 0.008914 0.876276
4 4 0.054425 0.037794 0.028460 0.010321 0.869000
4 4 0.073522 0.047319 0.033430 0.011643 0.834086
4 4 0.129432 0.068922 0.039614 0.009658 0.752373
4 4 0.082836 0.068395 0.046918 0.009474 0.792378
4 4 0.108331 0.097139 0.064774 0.010974 0.718782
4 4 0.161012 0.195941 0.124492 0.011893 0.506662
4 4 0.264614 0.268541 0.137840 0.009546 0.319460
0 4 0.384086 0.244001 0.101541 0.007938 0.262434
4 4 0.174480 0.201853 0.130372 0.015273 0.478023
4 4 0.117840 0.127434 0.088444 0.013208 0.653074
4 4 0.108695 0.181081 0.136566 0.013328 0.560331
4 4 0.124200 0.175855 0.116999 0.009255 0.573691
4 4 0.102111 0.190731 0.140251 0.009754 0.557152
4 4 0.078438 0.233822 0.202951 0.011789 0.473001
4 4 0.090599 0.319085 0.259730 0.009694 0.320892
2 4 0.032029 0.219182 0.408314 0.013642 0.326833
4 4 0.029538 0.209398 0.343404 0.013873 0.403787
4 4 0.038616 0.237855 0.271356 0.011169 0.441004
4 4 0.034909 0.223999 0.280009 0.012935 0.448149
4 4 0.041227 0.247126 0.337502 0.012573 0.361572
4 4 0.031345 0.216604 0.318490 0.012452 0.421109
4 4 0.039577 0.248295 0.295974 0.009086 0.407067
4 4 0.038633 0.233191 0.256787 0.009295 0.462094
4 4 0.044604 0.223054 0.230320 0.009157 0.492866
4 4 0.036430 0.155876 0.175225 0.011949 0.620520
4 4 0.058239 0.141399 0.136958 0.015848 0.647556
4 4 0.051670 0.072563 0.065097 0.013697 0.796974
4 4 0.047908 0.052942 0.044828 0.011066 0.843256
4 4 0.050280 0.035128 0.026837 0.009996 0.877759
4 4 0.062965 0.031599 0.021802 0.010307 0.873327
4 4 0.088381 0.035948 0.021865 0.009819 0.843988
4 4 0.100369 0.046012 0.028137 0.010822 0.814661
4 4 0.104101 0.040832 0.022818 0.007995 0.824254
4 4 0.089458 0.046187 0.027759 0.007648 0.828948
4 4 0.126756 0.058797 0.033077 0.009382 0.771988
4 4 0.121156 0.057514 0.031303 0.007250 0.782777
4 4 0.089511 0.065222 0.042286 0.008617 0.794364
4 4 0.108978 0.048642 0.027032 0.007400 0.807948
4 4 0.115461 0.041973 0.022102 0.007123 0.813341
4 4 0.090555 0.040919 0.023923 0.007503 0.837099
4 4 0.105302 0.061669 0.037855 0.009596 0.785577
4 4 0.057491 0.062418 0.047185 0.007789 0.825117
4 4 0.061785 0.084192 0.063862 0.007248 0.782914
4 4 0.094920 0.081046 0.050877 0.006884 0.766272
4 4 0.114456 0.066573 0.037137 0.006466 0.775368
4 4 0.096059 0.063092 0.038205 0.007161 0.795483
4 4 0.115891 0.083218 0.048550 0.007031 0.745310
4 4 0.158350 0.112758 0.061004 0.007293 0.660595
4 4 0.284016 0.126243 0.050583 0.004934 0.534224
4 4 0.295854 0.143219 0.059379 0.005916 0.495632
4 4 0.196595 0.182736 0.093805 0.006160 0.520704
4 2 0.144719 0.261733 0.168706 0.008400 0.416443
1 2 0.178911 0.339134 0.201580 0.007713 0.272661
1 2 0.275579 0.333519 0.167175 0.008484 0.215243
0 2 0.417075 0.278919 0.104125 0.005130 0.194751
0 2 0.390058 0.293969 0.117960 0.006271 0.191742
1 2 0.312954 0.368543 0.166064 0.006443 0.145996
1 1 0.306496 0.347166 0.163749 0.007880 0.174708
0 1 0.400548 0.333504 0.132790 0.006403 0.126755
0 1 0.365514 0.313445 0.133150 0.007111 0.180780
1 1 0.256551 0.307674 0.155397 0.007612 0.272766
4 1 0.203171 0.305489 0.173235 0.008324 0.309782
1 1 0.164485 0.405801 0.251386 0.007832 0.170496
1 1 0.183336 0.441364 0.241652 0.005139 0.128509
1 1 0.206213 0.444205 0.234316 0.005631 0.109635
1 1 0.169235 0.433678 0.248983 0.005502 0.142601
1 1 0.175916 0.429476 0.251320 0.006756 0.136533
1 1 0.177951 0.425521 0.253832 0.007758 0.134938
1 1 0.161970 0.410176 0.295506 0.008313 0.124036
1 1 0.176153 0.427683 0.252561 0.007140 0.136463
1 1 0.115030 0.387541 0.273540 0.007115 0.216775
1 1 0.110165 0.386656 0.271620 0.006269 0.225291
1 1 0.095542 0.365985 0.276733 0.006937 0.254804
1 1 0.091511 0.360039 0.277588 0.007050 0.263814
1 2 0.099841 0.349336 0.252952 0.006066 0.291805
2 2 0.015278 0.137732 0.608750 0.023394 0.214845
2 2 0.019286 0.158768 0.540354 0.023364 0.258229
2 2 0.032858 0.213039 0.419133 0.019661 0.315309
2 2 0.041916 0.241677 0.375327 0.017184 0.323896
4 2 0.059385 0.286526 0.285523 0.012315 0.356251
4 2 0.088539 0.304062 0.246999 0.009283 0.351117
4 1 0.109245 0.316918 0.222692 0.006511 0.344634
1 1 0.155166 0.357520 0.200957 0.003992 0.282365
1 1 0.191810 0.396472 0.197523 0.003273 0.210922
1 1 0.289766 0.392192 0.159762 0.002970 0.155310
0 1 0.388121 0.365162 0.133331 0.003626 0.109759
0 1 0.555844 0.288971 0.091744 0.003773 0.059667
0 1 0.684585 0.212989 0.072765 0.004149 0.025512
0 0 0.710901 0.195124 0.075571 0.004547 0.013857
0 0 0.575821 0.283065 0.128130 0.004094 0.008890
0 0 0.463092 0.361789 0.157531 0.003619 0.013969
1 1 0.396355 0.409069 0.165234 0.003497 0.025846
1 1 0.283421 0.437702 0.206081 0.007079 0.065718
1 1 0.151961 0.373151 0.372121 0.012570 0.090198
2 1 0.053210 0.211681 0.674134 0.012327 0.048647
2 1 0.021638 0.122406 0.813966 0.010825 0.031165
2 2 0.013050 0.090540 0.858553 0.010677 0.027180
2 2 0.010136 0.075263 0.881438 0.010795 0.022368
2 2 0.011194 0.082358 0.869775 0.010726 0.025947
2 2 0.011580 0.086340 0.862507 0.010528 0.029045
2 2 0.012887 0.097440 0.840782 0.010639 0.038252
2 2 0.012908 0.096955 0.841740 0.010809 0.037588
2 2 0.015230 0.107260 0.827639 0.010618 0.039253
2 2 0.014323 0.102479 0.839049 0.009307 0.034841
2 2 0.012894 0.097592 0.843605 0.009508 0.036401
2 2 0.014225 0.105910 0.830392 0.009095 0.040377
2 2 0.013557 0.103962 0.831848 0.009053 0.041580
2 2 0.011062 0.090886 0.851809 0.008993 0.037249
2 2 0.007475 0.067894 0.886702 0.009918 0.028011
2 2 0.008339 0.073129 0.880107 0.009405 0.029020
2 2 0.010352 0.085315 0.861742 0.009158 0.033434
2 2 0.009483 0.077031 0.873001 0.011220 0.029265
2 2 0.009322 0.073909 0.877316 0.012507 0.026946
2 2 0.007146 0.061358 0.889848 0.016020 0.025628
2 2 0.009625 0.077273 0.858308 0.018325 0.036469
2 2 0.014025 0.100537 0.826351 0.015607 0.043480
2 2 0.014536 0.104803 0.819850 0.014540 0.046271
2 2 0.011022 0.081428 0.861244 0.015582 0.030724
2 2 0.007585 0.059366 0.897762 0.015876 0.019411
2 2 0.006843 0.058132 0.903936 0.011679 0.019411
2 2 0.007541 0.064341 0.894511 0.010784 0.022822
2 2 0.006725 0.059202 0.903162 0.010349 0.020563
2 2 0.003886 0.038398 0.929905 0.013933 0.013878
2 2 0.003890 0.038070 0.932786 0.012537 0.012716
2 2 0.003070 0.031551 0.942912 0.012400 0.010067
2 2 0.004301 0.044820 0.921950 0.010650 0.018278
2 2 0.005093 0.047411 0.918260 0.012386 0.016850
2 2 0.006235 0.052821 0.905260 0.016582 0.019103
2 2 0.005479 0.047523 0.910429 0.018907 0.017661
2 2 0.007578 0.059642 0.892399 0.018835 0.021546
2 2 0.008914 0.070010 0.879441 0.015360 0.026275
2 2 0.009207 0.067309 0.880556 0.019610 0.023318
2 2 0.006610 0.051036 0.904080 0.021719 0.016555
2 2 0.008992 0.058015 0.893786 0.024405 0.014802
2 2 0.010218 0.060036 0.896583 0.021230 0.011932
2 2 0.003494 0.028319 0.918782 0.040743 0.008661
2 2 0.004769 0.033342 0.894254 0.057654 0.009982
2 2 0.008687 0.051170 0.878851 0.047863 0.013429
2 2 0.020671 0.087679 0.837141 0.038702 0.015807
2 2 0.035698 0.125245 0.797729 0.024711 0.016619
2 2 0.050492 0.147176 0.761437 0.024660 0.016235
2 2 0.096843 0.178370 0.663520 0.046046 0.015220
2 2 0.166089 0.223586 0.546959 0.047760 0.015605
2 2 0.218647 0.279777 0.452912 0.029075 0.019588
2 2 0.228407 0.356729 0.369894 0.011914 0.033056
2 2 0.188453 0.364138 0.393080 0.010494 0.043835
2 2 0.155981 0.340000 0.438483 0.014228 0.051307
2 2 0.084474 0.255418 0.585603 0.020385 0.054121
2 2 0.060642 0.225327 0.638362 0.017517 0.058152
2 2 0.051972 0.210853 0.652484 0.019792 0.064899
2 2 0.083528 0.274140 0.546164 0.018976 0.077192
2 2 0.100971 0.284339 0.512188 0.027711 0.074791
2 2 0.084795 0.251553 0.552179 0.038990 0.072482
2 2 0.067623 0.214019 0.623924 0.039392 0.055043
2 2 0.083871 0.237254 0.596937 0.032452 0.049486
2 2 0.063439 0.202547 0.665074 0.028213 0.040727
2 2 0.064848 0.194066 0.682653 0.027199 0.031233
2 2 0.038073 0.149317 0.753848 0.026770 0.031992
2 2 0.012541 0.075421 0.861517 0.028279 0.022241
2 2 0.005717 0.042835 0.895429 0.040685 0.015334
2 2 0.005976 0.045559 0.887649 0.042540 0.018276
2 2 0.004674 0.041964 0.892486 0.039063 0.021813
2 2 0.005987 0.052012 0.879123 0.034553 0.028324
2 2 0.005802 0.053352 0.881422 0.028644 0.030781
2 2 0.007902 0.069906 0.854793 0.024129 0.043271
2 2 0.007741 0.068715 0.846078 0.030130 0.047336
2 2 0.009041 0.079984 0.828253 0.025054 0.057668
2 2 0.006628 0.064334 0.860914 0.023225 0.044899
2 2 0.008375 0.075901 0.850740 0.018265 0.046720
2 2 0.010472 0.084077 0.847431 0.016810 0.041209
2 2 0.015674 0.111606 0.805791 0.014996 0.051933
2 2 0.023498 0.140745 0.762898 0.015575 0.057284
2 2 0.043363 0.201904 0.660562 0.017631 0.076540
2 2 0.082766 0.280014 0.538656 0.016588 0.081976
2 1 0.131352 0.351817 0.398868 0.016122 0.101842
1 1 0.161937 0.382581 0.344542 0.013432 0.097507
2 1 0.128987 0.340505 0.433264 0.015124 0.082120
2 1 0.118039 0.326605 0.469579 0.013202 0.072575
2 1 0.086165 0.304968 0.494884 0.012336 0.101647
2 2 0.094145 0.318251 0.474391 0.011721 0.101491
2 2 0.096810 0.316559 0.460145 0.015792 0.110693
2 2 0.107493 0.324105 0.445828 0.017620 0.104954
2 2 0.135124 0.352964 0.398400 0.016229 0.097284
1 2 0.210158 0.430293 0.242894 0.008693 0.107963
1 2 0.265453 0.453530 0.203918 0.004539 0.072560
1 2 0.326216 0.450189 0.172537 0.003402 0.047656
1 2 0.286431 0.439355 0.224637 0.004007 0.045570
1 2 0.164395 0.384969 0.383528 0.006340 0.060767
2 2 0.135709 0.350884 0.448048 0.007487 0.057873
2 2 0.063585 0.222642 0.666144 0.010280 0.037349
2 2 0.037493 0.155192 0.774581 0.009401 0.023333
2 2 0.023477 0.110141 0.839078 0.010805 0.016500
2 2 0.016063 0.087677 0.869462 0.011464 0.015334
2 2 0.015051 0.081780 0.874301 0.014166 0.014702
2 2 0.013679 0.075433 0.885196 0.013115 0.012577
2 2 0.013652 0.086666 0.867976 0.011008 0.020698
2 2 0.021493 0.119938 0.819062 0.010694 0.028813
2 2 0.015254 0.094151 0.853661 0.012611 0.024324
2 2 0.011415 0.077643 0.876135 0.013314 0.021493
2 2 0.014544 0.091295 0.856371 0.013333 0.024457
2 2 0.015845 0.098301 0.847401 0.012152 0.026301
2 2 0.012906 0.083395 0.870820 0.012011 0.020867
2 2 0.014655 0.084916 0.870099 0.012881 0.017449
2 2 0.009684 0.061956 0.903762 0.012644 0.011954
2 2 0.013982 0.080696 0.877890 0.012163 0.015269
2 2 0.009402 0.061673 0.903324 0.012930 0.012671
2 2 0.007117 0.053853 0.913480 0.012274 0.013276
2 2 0.008102 0.062799 0.900610 0.010884 0.017606
2 2 0.011251 0.079799 0.879468 0.008916 0.020565
2 2 0.006639 0.056090 0.908525 0.011178 0.017567
2 2 0.005597 0.050367 0.912176 0.013613 0.018247
2 2 0.005152 0.047871 0.910097 0.016996 0.019884
2 2 0.006178 0.052831 0.905204 0.016381 0.019407
2 2 0.005939 0.051185 0.905740 0.017765 0.019370
2 2 0.004266 0.037942 0.919215 0.024520 0.014056
2 2 0.003270 0.031476 0.923392 0.028874 0.012987
2 2 0.003343 0.033930 0.918090 0.028093 0.016543
2 2 0.006612 0.058244 0.890854 0.018120 0.026170
2 2 0.009984 0.077124 0.861377 0.018311 0.033205
2 2 0.010330 0.078637 0.858073 0.019008 0.033952
2 2 0.007601 0.065269 0.875159 0.019899 0.032073
2 2 0.005564 0.056191 0.889537 0.016601 0.032108
2 2 0.005972 0.054392 0.888850 0.022893 0.027893
2 2 0.008547 0.064740 0.869478 0.028781 0.028454
2 2 0.018742 0.093563 0.819495 0.041347 0.026853
2 2 0.050995 0.162090 0.726299 0.033809 0.026807
2 2 0.061279 0.165224 0.722173 0.031252 0.020072
2 2 0.093748 0.174194 0.671463 0.045909 0.014687
2 2 0.180655 0.195740 0.530414 0.081689 0.011501
0 2 0.411770 0.239903 0.284773 0.055063 0.008491
0 2 0.515612 0.261236 0.199420 0.017332 0.006400
0 2 0.686642 0.195121 0.097239 0.009126 0.011872
0 2 0.720481 0.175794 0.073711 0.008288 0.021726
0 0 0.742895 0.159762 0.059691 0.007485 0.030167
0 0 0.828870 0.101294 0.034301 0.006992 0.028544
0 0 0.930432 0.036666 0.010788 0.005396 0.016718
0 0 0.950428 0.021193 0.007949 0.010837 0.009592
0 0 0.970274 0.009286 0.003818 0.012501 0.004121
0 0 0.916270 0.031489 0.020153 0.028261 0.003827
0 0 0.913735 0.038479 0.025525 0.020117 0.002145
0 0 0.835772 0.078693 0.062722 0.021156 0.001657
0 0 0.699559 0.149972 0.130245 0.018532 0.001692
0 0 0.651195 0.201746 0.135395 0.008946 0.002718
0 1 0.540891 0.296882 0.149295 0.004999 0.007933
1 1 0.372571 0.422983 0.168888 0.003610 0.031947
1 1 0.262668 0.461407 0.199424 0.003536 0.072966
1 1 0.182557 0.447803 0.237055 0.004203 0.128381
1 1 0.173573 0.427218 0.233405 0.004364 0.161441
1 1 0.140258 0.418882 0.258610 0.005265 0.176986
1 1 0.161747 0.434944 0.248414 0.004777 0.150119
1 1 0.162756 0.428612 0.253013 0.005851 0.149768
1 1 0.193151 0.448074 0.234838 0.004585 0.119353
1 1 0.194714 0.444726 0.236932 0.005134 0.118493
1 1 0.226272 0.453638 0.220836 0.004577 0.094677
1 1 0.220906 0.448295 0.226661 0.005314 0.098824
4 1 0.332006 0.178702 0.080676 0.010467 0.398148
4 1 0.399029 0.130457 0.053190 0.011768 0.405556
0 4 0.487984 0.066128 0.020197 0.006911 0.418779
0 4 0.706432 0.059407 0.017557 0.010749 0.205855
0 4 0.785974 0.082366 0.023191 0.008152 0.100318
0 4 0.738546 0.081615 0.021549 0.007293 0.150996
0 4 0.602289 0.055644 0.015305 0.007764 0.318997
0 4 0.473196 0.035707 0.011411 0.013633 0.466052
0 4 0.518467 0.041600 0.012707 0.011782 0.415444
0 4 0.482564 0.042817 0.013493 0.011387 0.449739
4 4 0.400321 0.055364 0.019126 0.009610 0.515579
4 4 0.402134 0.056060 0.019138 0.009018 0.513649
0 4 0.484312 0.076696 0.026084 0.010739 0.402170
0 4 0.694325 0.086228 0.024279 0.008097 0.187071
0 4 0.647698 0.097130 0.027216 0.006846 0.221110
0 4 0.531775 0.090423 0.028326 0.007676 0.341800
0 4 0.780544 0.072231 0.020917 0.007919 0.118389
0 4 0.726790 0.078188 0.023984 0.008833 0.162205
0 4 0.638105 0.096988 0.032329 0.010920 0.221657
4 4 0.334147 0.074405 0.028011 0.007831 0.555605
4 4 0.328385 0.050949 0.016826 0.005098 0.598742
4 4 0.344058 0.043026 0.014228 0.006586 0.592103
4 4 0.274964 0.028246 0.010464 0.010362 0.675965
4 4 0.439954 0.041138 0.013692 0.012625 0.492590
0 4 0.518701 0.051875 0.016896 0.013887 0.398641
0 4 0.542142 0.069469 0.022275 0.011262 0.354853
0 4 0.548805 0.088448 0.029475 0.011842 0.321430
0 4 0.742826 0.076236 0.022180 0.009039 0.149719
0 4 0.769112 0.103612 0.038255 0.015706 0.073314
0 4 0.787614 0.099049 0.033330 0.011082 0.068925
0 4 0.572752 0.109403 0.032078 0.005664 0.280103
0 4 0.530296 0.098066 0.029364 0.005613 0.336661
4 4 0.395139 0.067014 0.023585 0.008797 0.505465
0 4 0.524053 0.042701 0.011883 0.007175 0.414187
0 4 0.472805 0.037531 0.011274 0.009351 0.469039
4 4 0.312352 0.030309 0.011093 0.012225 0.634020
4 4 0.332091 0.029291 0.010705 0.014377 0.613537
4 4 0.438485 0.035008 0.011042 0.010746 0.504719
4 4 0.357538 0.039745 0.014631 0.013692 0.574394
4 4 0.437573 0.045201 0.014101 0.008131 0.494994
0 4 0.514673 0.084914 0.027632 0.009101 0.363680
4 4 0.434363 0.077556 0.025648 0.007009 0.455424
4 4 0.411145 0.110504 0.040201 0.007753 0.430397
4 4 0.235896 0.096569 0.043464 0.007474 0.616598
4 4 0.093952 0.037303 0.021179 0.007515 0.840051
4 4 0.112706 0.047641 0.026534 0.008202 0.804918
4 4 0.280225 0.072873 0.030571 0.009514 0.606818
0 4 0.500298 0.112060 0.037834 0.008346 0.341463
0 4 0.536116 0.132528 0.042388 0.006609 0.282359
4 4 0.363828 0.142652 0.056464 0.007509 0.429547
4 4 0.363909 0.140060 0.056173 0.008178 0.431681
0 4 0.356128 0.333083 0.160516 0.010165 0.140107
0 4 0.538287 0.293563 0.122018 0.007344 0.038788
0 4 0.474364 0.343352 0.136823 0.005501 0.039959
1 4 0.367653 0.404018 0.171236 0.005964 0.051130
0 1 0.408946 0.379605 0.159949 0.006078 0.045423
0 1 0.523734 0.306250 0.141713 0.006874 0.021429
0 1 0.511757 0.306204 0.150126 0.008596 0.023318
0 1 0.719765 0.184003 0.082149 0.005522 0.008560
0 1 0.647113 0.222644 0.105572 0.008493 0.016179
2 1 0.040663 0.250026 0.382053 0.010903 0.316354
2 1 0.035694 0.228880 0.425936 0.014204 0.295286
2 1 0.039037 0.234962 0.441863 0.015655 0.268483
2 1 0.066065 0.294430 0.366835 0.016123 0.256547
2 1 0.085959 0.327231 0.349159 0.015013 0.222639
2 1 0.043863 0.241399 0.443516 0.019268 0.251954
2 1 0.026148 0.184080 0.529665 0.022596 0.237511
2 2 0.018606 0.153797 0.563092 0.024505 0.240000
2 2 0.019413 0.166740 0.471387 0.018185 0.324275
4 2 0.044961 0.221373 0.266791 0.022009 0.444865
4 2 0.052244 0.240490 0.302941 0.028407 0.375919
4 2 0.049261 0.248095 0.295141 0.023570 0.383932
4 2 0.048325 0.213399 0.245761 0.020468 0.472047
4 2 0.050743 0.209556 0.219316 0.013583 0.506803
4 2 0.049203 0.227538 0.235758 0.011420 0.476082
4 2 0.050896 0.262142 0.274533 0.012066 0.400363
4 1 0.053963 0.270654 0.289189 0.015121 0.371072
4 1 0.025795 0.195301 0.347759 0.014515 0.416630
2 1 0.014608 0.147130 0.509572 0.015225 0.313465
2 1 0.012834 0.134261 0.572594 0.016598 0.263711
2 1 0.013767 0.135669 0.590618 0.019013 0.240933
2 1 0.012849 0.125174 0.657781 0.020029 0.184167
2 1 0.012560 0.124698 0.658846 0.018798 0.185097
2 1 0.009800 0.105055 0.706400 0.020946 0.157798
2 1 0.007814 0.090917 0.745211 0.020111 0.135947
2 2 0.006846 0.081880 0.774882 0.020430 0.115962
2 2 0.007432 0.087255 0.759170 0.020023 0.126121
2 2 0.006887 0.078735 0.800211 0.020231 0.093936
2 2 0.008624 0.092321 0.783201 0.016311 0.099543
2 2 0.008558 0.089348 0.793028 0.017837 0.091230
2 2 0.008653 0.083416 0.830351 0.016144 0.061436
2 2 0.006077 0.062006 0.871809 0.018368 0.041740
2 2 0.005632 0.059018 0.881078 0.016253 0.038020
2 3 0.003385 0.038407 0.913891 0.021092 0.023225
2 3 0.003601 0.038978 0.916913 0.019754 0.020754
2 3 0.002739 0.030540 0.927374 0.023761 0.015585
