0 0 0.944244 0.005309 0.003308 0.044415 0.002724
0 0 0.936167 0.005110 0.003315 0.052949 0.002459
0 0 0.940605 0.004158 0.002503 0.050655 0.002079
0 0 0.942326 0.003278 0.001916 0.050875 0.001605
0 0 0.946689 0.001913 0.001077 0.049453 0.000867
0 0 0.948461 0.002025 0.001207 0.047431 0.000876
0 0 0.950853 0.001364 0.000636 0.046440 0.000708
0 0 0.960189 0.001225 0.000592 0.037389 0.000605
0 0 0.957485 0.001843 0.000851 0.038774 0.001046
0 0 0.950799 0.004150 0.002070 0.040393 0.002587
0 0 0.877187 0.020147 0.012270 0.076547 0.013849
0 0 0.791519 0.056545 0.034316 0.067310 0.050310
0 1 0.554089 0.123248 0.045895 0.019010 0.257757
4 1 0.349727 0.091784 0.015979 0.001886 0.540624
4 1 0.183129 0.118370 0.030423 0.001119 0.666959
4 1 0.179179 0.146949 0.048610 0.002438 0.622824
4 1 0.180428 0.213357 0.115343 0.015177 0.475696
4 1 0.132352 0.194502 0.101456 0.005029 0.566660
4 1 0.214309 0.200236 0.095380 0.015059 0.475016
0 1 0.402650 0.176004 0.088057 0.053090 0.280200
0 2 0.496525 0.129585 0.124585 0.165312 0.083992
0 0 0.718812 0.054149 0.047224 0.149135 0.030680
0 0 0.859426 0.017904 0.013283 0.099889 0.009498
0 0 0.905606 0.008696 0.006533 0.075239 0.003926
0 0 0.889920 0.007749 0.005658 0.093201 0.003472
0 0 0.838416 0.009032 0.006951 0.141734 0.003867
0 0 0.815228 0.010885 0.008562 0.160606 0.004719
0 0 0.791840 0.025486 0.020523 0.149014 0.013138
0 1 0.554416 0.100243 0.079550 0.192122 0.073670
0 1 0.403707 0.171410 0.083872 0.068256 0.272755
4 1 0.138192 0.223532 0.141403 0.012224 0.484648
4 1 0.095770 0.242032 0.203932 0.013048 0.445219
2 2 0.049924 0.181769 0.577909 0.080560 0.109838
2 2 0.056974 0.171882 0.562411 0.103919 0.104814
2 2 0.055029 0.127600 0.611680 0.144131 0.061559
2 2 0.050630 0.117314 0.646558 0.136356 0.049142
2 2 0.065311 0.117250 0.603255 0.166876 0.047307
2 2 0.023196 0.042896 0.629019 0.287090 0.017798
2 2 0.022021 0.025038 0.475093 0.468403 0.009445
3 2 0.026036 0.024340 0.423312 0.517898 0.008413
3 2 0.026733 0.021664 0.376422 0.568068 0.007113
3 3 0.023760 0.016477 0.289174 0.664719 0.005871
3 3 0.029248 0.016636 0.208623 0.738513 0.006980
3 3 0.021709 0.010193 0.140733 0.822842 0.004522
3 3 0.027533 0.010198 0.093069 0.863892 0.005308
3 3 0.026659 0.007359 0.055397 0.906481 0.004104
3 3 0.023162 0.005747 0.046760 0.921276 0.003056
3 3 0.020238 0.004572 0.040099 0.932759 0.002331
3 3 0.014277 0.002987 0.032814 0.948457 0.001465
3 3 0.014589 0.002943 0.031592 0.949454 0.001422
3 3 0.011631 0.002176 0.026842 0.958336 0.001015
3 3 0.011064 0.002252 0.029306 0.956291 0.001087
3 3 0.013904 0.003197 0.036520 0.944748 0.001631
3 3 0.018259 0.004218 0.039931 0.935424 0.002167
3 3 0.028211 0.006038 0.041467 0.921257 0.003027
3 3 0.039287 0.008178 0.044125 0.904334 0.004076
3 3 0.029213 0.005652 0.037066 0.925353 0.002717
3 3 0.023578 0.004430 0.033554 0.936343 0.002095
3 3 0.023611 0.003902 0.028697 0.942041 0.001748
3 3 0.022297 0.003601 0.027416 0.945090 0.001596
3 3 0.026074 0.004145 0.028198 0.939752 0.001830
3 3 0.023739 0.003715 0.026885 0.944035 0.001627
3 3 0.021534 0.003133 0.023856 0.950149 0.001328
3 3 0.031664 0.004731 0.027696 0.933868 0.002042
3 3 0.025927 0.003868 0.026045 0.942497 0.001663
3 3 0.017917 0.002623 0.022722 0.955627 0.001111
3 3 0.017125 0.002344 0.020620 0.958947 0.000965
3 3 0.021061 0.002737 0.020622 0.954475 0.001106
3 3 0.019313 0.002463 0.019615 0.957623 0.000986
3 3 0.024954 0.002946 0.019296 0.951658 0.001146
3 3 0.018496 0.002246 0.018218 0.960159 0.000880
3 3 0.017317 0.001895 0.015688 0.964390 0.000710
3 3 0.014874 0.001607 0.014727 0.968195 0.000597
3 3 0.017024 0.001833 0.015294 0.965167 0.000681
3 3 0.016340 0.001814 0.015688 0.965475 0.000683
3 3 0.015664 0.001723 0.015297 0.966671 0.000645
3 3 0.012212 0.001327 0.013938 0.972031 0.000493
3 3 0.016937 0.001849 0.015533 0.964989 0.000691
3 3 0.019749 0.002303 0.017684 0.959376 0.000888
3 3 0.024604 0.003264 0.022186 0.948611 0.001334
3 3 0.027321 0.003779 0.024107 0.943219 0.001575
3 3 0.027456 0.003606 0.022658 0.944809 0.001470
3 3 0.026299 0.003316 0.021263 0.947794 0.001328
3 3 0.034951 0.004649 0.024732 0.933755 0.001914
3 3 0.032580 0.004231 0.023520 0.937948 0.001722
3 3 0.047372 0.005790 0.024354 0.920172 0.002313
3 3 0.043756 0.005133 0.022638 0.926461 0.002012
3 3 0.046923 0.006071 0.026041 0.918482 0.002483
3 3 0.042692 0.005940 0.027701 0.921166 0.002501
3 3 0.049807 0.007111 0.029869 0.910178 0.003036
3 3 0.041346 0.006194 0.030042 0.919729 0.002689
3 3 0.031197 0.004889 0.029231 0.932531 0.002152
3 3 0.020080 0.003002 0.024152 0.951480 0.001286
3 3 0.024007 0.003628 0.025842 0.944958 0.001565
3 3 0.035173 0.004595 0.024238 0.934116 0.001878
3 3 0.054050 0.007921 0.031539 0.903066 0.003424
3 3 0.042552 0.006494 0.030982 0.917129 0.002843
3 3 0.045304 0.008301 0.039373 0.903092 0.003930
3 3 0.040621 0.007503 0.038557 0.909760 0.003558
3 3 0.055780 0.012484 0.052959 0.872319 0.006457
3 3 0.070693 0.021313 0.079564 0.815868 0.012562
3 3 0.057338 0.020968 0.094615 0.813750 0.013329
3 3 0.036407 0.015886 0.103090 0.833802 0.010815
3 3 0.042739 0.017465 0.099684 0.828514 0.011598
3 3 0.034253 0.013281 0.088617 0.855260 0.008590
3 3 0.039943 0.021914 0.136113 0.785557 0.016473
3 3 0.034835 0.020220 0.140081 0.789336 0.015527
3 3 0.029829 0.025507 0.215002 0.708284 0.021378
3 3 0.022220 0.022914 0.270450 0.666595 0.017822
2 3 0.013123 0.023391 0.510042 0.440293 0.013151
2 3 0.013308 0.021960 0.495907 0.457206 0.011620
2 3 0.017654 0.028122 0.538594 0.402817 0.012813
3 3 0.031672 0.027084 0.291950 0.634135 0.015158
3 3 0.041415 0.027945 0.210523 0.702585 0.017533
3 3 0.029812 0.016596 0.139742 0.802575 0.011276
3 3 0.021725 0.012072 0.129021 0.829082 0.008099
3 3 0.025307 0.013068 0.113371 0.838763 0.009491
3 3 0.034000 0.015513 0.106541 0.833195 0.010750
3 3 0.032155 0.015486 0.111622 0.829769 0.010968
3 3 0.028604 0.013434 0.105197 0.843371 0.009394
3 3 0.057197 0.029510 0.137983 0.753548 0.021762
3 3 0.063804 0.035561 0.152943 0.720530 0.027162
3 3 0.121488 0.083832 0.199726 0.523744 0.071210
3 3 0.111009 0.076355 0.199221 0.548794 0.064621
3 3 0.190995 0.125979 0.205208 0.342345 0.135473
0 3 0.289879 0.176028 0.148265 0.101200 0.284628
4 2 0.183726 0.217973 0.151792 0.026388 0.420121
4 2 0.100240 0.220525 0.154127 0.006816 0.518293
4 2 0.091745 0.235728 0.192019 0.009846 0.470661
4 2 0.067113 0.226587 0.306733 0.018590 0.380976
4 2 0.063299 0.243931 0.278479 0.012452 0.401838
4 2 0.065619 0.230799 0.211094 0.005834 0.486655
4 2 0.077589 0.232020 0.197845 0.007170 0.485376
4 2 0.095484 0.204628 0.130213 0.004073 0.565603
4 2 0.134887 0.168797 0.072736 0.002653 0.620926
4 2 0.158636 0.141784 0.046847 0.001698 0.651035
4 2 0.209625 0.110237 0.025585 0.001091 0.653462
4 2 0.243196 0.097532 0.019315 0.000945 0.639013
4 2 0.259048 0.075674 0.011336 0.000463 0.653479
4 2 0.218091 0.076803 0.011840 0.000360 0.692906
4 2 0.187387 0.068079 0.009690 0.000185 0.734658
4 2 0.173868 0.087325 0.016483 0.000359 0.721965
4 2 0.142346 0.137987 0.045914 0.001272 0.672479
4 2 0.104282 0.145260 0.057702 0.000962 0.691794
4 2 0.088875 0.166069 0.082574 0.001338 0.661144
4 2 0.085658 0.166949 0.084844 0.001303 0.661247
4 2 0.088907 0.175586 0.093603 0.001716 0.640187
4 2 0.124745 0.163160 0.069417 0.002023 0.640655
4 2 0.151104 0.160954 0.062829 0.002612 0.622501
4 2 0.168915 0.165609 0.064472 0.003600 0.597405
4 2 0.142730 0.135718 0.044271 0.001200 0.676080
4 1 0.139977 0.147853 0.053607 0.001621 0.656942
4 1 0.102547 0.148657 0.061069 0.001029 0.686697
4 1 0.087349 0.157989 0.074458 0.001056 0.679147
4 1 0.078649 0.173200 0.095543 0.001374 0.651234
4 1 0.068599 0.166216 0.092344 0.000963 0.671878
4 1 0.070303 0.155413 0.078694 0.000744 0.694846
4 1 0.083929 0.147376 0.065022 0.000754 0.702919
4 1 0.086645 0.132776 0.051283 0.000525 0.728771
4 1 0.084577 0.129338 0.048986 0.000461 0.736638
4 1 0.075172 0.147640 0.068360 0.000657 0.708171
4 1 0.067946 0.136637 0.060373 0.000426 0.734619
4 1 0.065955 0.111910 0.040091 0.000197 0.781847
4 1 0.063623 0.081903 0.021401 0.000066 0.833007
4 1 0.074400 0.080789 0.019489 0.000077 0.825244
4 1 0.096160 0.074777 0.015000 0.000086 0.813977
4 1 0.128466 0.076213 0.013926 0.000140 0.781254
4 1 0.185935 0.060590 0.007680 0.000127 0.745668
4 1 0.215607 0.054555 0.005932 0.000121 0.723785
4 1 0.290605 0.055230 0.005864 0.000220 0.648081
4 1 0.255767 0.082734 0.013392 0.000623 0.647483
4 1 0.319628 0.102080 0.020478 0.002074 0.555740
4 0 0.299155 0.097186 0.018787 0.001448 0.583423
4 0 0.163599 0.080012 0.014080 0.000243 0.742065
4 0 0.146311 0.068907 0.010822 0.000126 0.773835
4 1 0.205713 0.065084 0.009139 0.000170 0.719893
4 1 0.219142 0.068833 0.010238 0.000222 0.701565
4 1 0.214572 0.065784 0.009450 0.000183 0.710012
4 1 0.114939 0.051045 0.006485 0.000034 0.827496
4 1 0.114522 0.050020 0.006236 0.000032 0.829189
0 0 0.863507 0.031460 0.009584 0.042014 0.053435
0 0 0.823156 0.042150 0.010072 0.017537 0.107084
0 0 0.658102 0.061973 0.011190 0.005268 0.263467
0 0 0.551717 0.066131 0.010145 0.002533 0.369473
0 0 0.481896 0.088425 0.016835 0.004234 0.408610
0 0 0.471878 0.096473 0.020067 0.005453 0.406129
4 0 0.411741 0.089949 0.015853 0.002761 0.479696
4 0 0.389435 0.070778 0.009425 0.001050 0.529312
4 0 0.440721 0.082120 0.013545 0.002430 0.461184
4 0 0.432345 0.101197 0.021013 0.004890 0.440555
4 0 0.317851 0.121192 0.029741 0.003818 0.527397
4 0 0.195488 0.103429 0.022480 0.000787 0.677816
4 0 0.149722 0.081281 0.015002 0.000220 0.753774
4 0 0.212509 0.074323 0.011372 0.000297 0.701498
4 0 0.329484 0.071003 0.010039 0.000607 0.588866
0 0 0.524019 0.058185 0.007416 0.001332 0.409047
4 0 0.430814 0.055101 0.006077 0.000569 0.507439
0 1 0.485433 0.047766 0.004706 0.000539 0.461556
4 1 0.330814 0.052870 0.005476 0.000244 0.610595
4 1 0.168000 0.048735 0.005137 0.000055 0.778073
4 1 0.130022 0.051881 0.006391 0.000043 0.811662
4 1 0.117270 0.050430 0.006281 0.000034 0.825985
4 1 0.098932 0.052337 0.007232 0.000030 0.841469
4 1 0.091493 0.052810 0.007598 0.000027 0.848071
4 1 0.084699 0.055565 0.008681 0.000029 0.851025
4 1 0.083502 0.065236 0.012054 0.000046 0.839162
4 1 0.109470 0.071162 0.012889 0.000089 0.806390
4 1 0.214734 0.068765 0.009810 0.000231 0.706459
4 1 0.279904 0.064105 0.008141 0.000310 0.647539
4 1 0.329458 0.051335 0.005196 0.000218 0.613793
4 1 0.418447 0.036259 0.002669 0.000136 0.542489
0 1 0.497211 0.031563 0.002119 0.000156 0.468951
4 1 0.443257 0.031351 0.002049 0.000102 0.523241
4 1 0.302348 0.037375 0.002879 0.000064 0.657335
4 1 0.104302 0.039112 0.003961 0.000013 0.852611
4 1 0.127713 0.052662 0.006629 0.000044 0.812951
4 1 0.163723 0.071231 0.011189 0.000166 0.753691
4 1 0.449755 0.073239 0.010991 0.001677 0.464337
0 0 0.609670 0.076921 0.015986 0.007435 0.289987
0 0 0.731335 0.064938 0.016855 0.019084 0.167789
0 0 0.811530 0.047254 0.014403 0.037436 0.089377
0 0 0.887263 0.025328 0.007212 0.035699 0.044498
0 0 0.920770 0.014215 0.004027 0.039173 0.021816
0 0 0.915579 0.017697 0.004705 0.030878 0.031142
0 0 0.928592 0.015774 0.003529 0.018188 0.033918
0 0 0.800637 0.047283 0.011316 0.016853 0.123911
0 0 0.847763 0.035045 0.007639 0.013756 0.095797
0 0 0.866990 0.033757 0.009086 0.019663 0.070503
0 0 0.941168 0.013723 0.003995 0.019858 0.021256
0 1 0.953336 0.009342 0.003571 0.024050 0.009700
0 1 0.952273 0.008557 0.002753 0.025948 0.010469
0 1 0.938169 0.008285 0.002616 0.040977 0.009952
0 1 0.904522 0.022077 0.005052 0.018267 0.050083
0 1 0.854425 0.030270 0.005492 0.007791 0.102022
0 1 0.709252 0.040993 0.005312 0.002055 0.242387
0 1 0.640357 0.045486 0.005530 0.001473 0.307154
0 1 0.637823 0.053962 0.007867 0.002587 0.297762
0 1 0.521957 0.054713 0.006513 0.001071 0.415746
0 1 0.484218 0.060450 0.007575 0.001150 0.446607
0 1 0.523409 0.054086 0.006375 0.001042 0.415088
0 1 0.948223 0.010088 0.004154 0.027810 0.009725
0 1 0.950829 0.007942 0.003621 0.031173 0.006435
0 1 0.944680 0.009422 0.004320 0.033734 0.007845
0 4 0.950184 0.009032 0.003690 0.028545 0.008549
0 4 0.944726 0.009789 0.004063 0.032226 0.009196
0 4 0.935683 0.012590 0.005847 0.034869 0.011012
0 4 0.912346 0.017308 0.007199 0.045091 0.018055
0 4 0.873311 0.028754 0.008591 0.040385 0.048959
0 4 0.789826 0.053418 0.016144 0.034833 0.105778
0 4 0.700205 0.061639 0.012675 0.008608 0.216873
0 4 0.562607 0.066918 0.010613 0.002880 0.356982
0 4 0.539383 0.051852 0.005993 0.001016 0.401757
0 4 0.585416 0.053055 0.006801 0.001553 0.353175
0 4 0.672836 0.048866 0.006955 0.002571 0.268772
0 0 0.749474 0.044975 0.007450 0.004785 0.193316
0 0 0.732071 0.052015 0.009657 0.006630 0.199627
0 0 0.765009 0.056297 0.014061 0.018022 0.146611
0 0 0.685882 0.074241 0.019042 0.016829 0.204006
0 0 0.684874 0.077125 0.021093 0.020588 0.196319
0 0 0.638852 0.081182 0.019837 0.013147 0.246982
0 0 0.685867 0.062325 0.012355 0.007460 0.231993
0 0 0.739610 0.056339 0.012075 0.010575 0.181401
0 0 0.798529 0.046971 0.010877 0.015116 0.128507
0 0 0.810247 0.047627 0.013753 0.031345 0.097029
0 0 0.800581 0.048093 0.011944 0.018963 0.120419
0 0 0.832117 0.038412 0.008368 0.013302 0.107800
0 0 0.848326 0.036066 0.008495 0.017629 0.089483
0 0 0.814967 0.044516 0.010922 0.018766 0.110828
0 0 0.780787 0.039619 0.006428 0.004754 0.168413
0 0 0.718945 0.041987 0.005757 0.002497 0.230814
0 0 0.648413 0.032690 0.002866 0.000539 0.315491
0 0 0.724221 0.024176 0.001878 0.000427 0.249297
0 0 0.722914 0.024307 0.001892 0.000428 0.250459
0 0 0.779113 0.020806 0.001652 0.000506 0.197923
0 0 0.620261 0.024517 0.001526 0.000175 0.353522
0 0 0.559351 0.022172 0.001131 0.000083 0.417264
4 0 0.228239 0.028952 0.001809 0.000017 0.740983
4 0 0.199023 0.036006 0.002889 0.000026 0.762056
4 1 0.190302 0.065046 0.009508 0.000143 0.735002
4 1 0.248944 0.067605 0.009806 0.000258 0.673387
4 1 0.313216 0.076697 0.012184 0.000650 0.597252
0 0 0.499907 0.072269 0.011289 0.002323 0.414212
0 0 0.586578 0.078089 0.015630 0.006294 0.313409
0 0 0.727175 0.063961 0.015732 0.015963 0.177169
0 0 0.778560 0.052285 0.012579 0.016422 0.140153
0 0 0.839660 0.038986 0.009866 0.021782 0.089707
0 0 0.788941 0.043154 0.008171 0.007851 0.151883
0 0 0.697632 0.044308 0.006051 0.002369 0.249639
0 0 0.615382 0.041108 0.004263 0.000852 0.338395
0 0 0.576805 0.033069 0.002565 0.000318 0.387243
0 0 0.579492 0.036864 0.003203 0.000455 0.379986
4 1 0.417317 0.051122 0.005280 0.000394 0.525887
4 0 0.346644 0.064493 0.008205 0.000510 0.580148
4 0 0.393277 0.065959 0.008729 0.000758 0.531277
0 0 0.534612 0.054963 0.006704 0.001190 0.402532
0 0 0.615022 0.055459 0.007919 0.002315 0.319285
0 0 0.590672 0.059908 0.008861 0.002458 0.338101
0 0 0.615456 0.053358 0.007308 0.002033 0.321844
0 0 0.627674 0.050794 0.006767 0.001912 0.312854
0 0 0.584614 0.061516 0.009260 0.002564 0.342047
4 0 0.323239 0.033607 0.002300 0.000055 0.640800
4 0 0.361546 0.027717 0.001622 0.000038 0.609077
4 0 0.294218 0.024862 0.001324 0.000017 0.679579
4 0 0.214108 0.017468 0.000687 0.000003 0.767734
4 0 0.185127 0.022481 0.001130 0.000006 0.791256
4 0 0.143380 0.029838 0.002049 0.000010 0.824724
4 0 0.157983 0.046750 0.004837 0.000043 0.790386
4 0 0.135278 0.056364 0.007434 0.000060 0.800865
4 0 0.194242 0.068629 0.009734 0.000203 0.727192
4 0 0.376396 0.061863 0.007351 0.000583 0.553806
0 0 0.612530 0.069981 0.013010 0.005268 0.299211
0 0 0.773580 0.055191 0.014238 0.020308 0.136682
0 0 0.859465 0.033999 0.009703 0.032469 0.064364
0 1 0.866732 0.030842 0.009305 0.040277 0.052845
0 1 0.870337 0.031113 0.008156 0.026101 0.064293
0 1 0.855984 0.034795 0.009887 0.032823 0.066512
0 1 0.817431 0.045266 0.012231 0.025683 0.099390
0 0 0.757094 0.057950 0.014427 0.017567 0.152961
0 0 0.762793 0.047282 0.008853 0.007215 0.173857
0 0 0.816664 0.043170 0.010074 0.016052 0.114040
0 0 0.864679 0.029404 0.005663 0.009615 0.090638
0 0 0.833604 0.032310 0.005444 0.005919 0.122723
0 0 0.828124 0.030935 0.004752 0.004378 0.131812
0 0 0.806427 0.036885 0.006240 0.005693 0.144755
0 0 0.883555 0.024276 0.004271 0.007515 0.080384
0 0 0.893517 0.023548 0.004559 0.010411 0.067964
0 0 0.904244 0.021236 0.004106 0.010638 0.059776
0 0 0.902779 0.022445 0.004962 0.016278 0.053535
0 0 0.902254 0.022051 0.004457 0.012197 0.059041
0 0 0.903138 0.022375 0.005407 0.021724 0.047357
0 0 0.848427 0.033347 0.006669 0.010479 0.101078
0 0 0.821746 0.039463 0.008177 0.011117 0.119497
0 0 0.717834 0.051205 0.008832 0.005120 0.217009
0 0 0.702137 0.054975 0.009808 0.005526 0.227554
0 0 0.776836 0.044248 0.008122 0.006959 0.163834
0 0 0.764766 0.053631 0.012237 0.013520 0.155846
0 0 0.781658 0.051932 0.012651 0.017188 0.136571
0 0 0.715317 0.065632 0.015821 0.014637 0.188593
0 0 0.676412 0.072536 0.017193 0.012868 0.220993
0 0 0.615430 0.080576 0.018094 0.009601 0.276299
0 0 0.572627 0.080746 0.016326 0.006306 0.323995
0 0 0.490459 0.088364 0.017043 0.004504 0.399630
0 0 0.451914 0.093282 0.018077 0.004148 0.432580
4 1 0.387820 0.095635 0.018589 0.002653 0.495304
4 1 0.333795 0.114771 0.027041 0.003400 0.520994
4 1 0.348085 0.133495 0.037311 0.007182 0.473926
0 1 0.409670 0.132434 0.037692 0.012378 0.407826
4 1 0.383512 0.124793 0.031821 0.007672 0.452203
4 0 0.412796 0.109614 0.024415 0.005773 0.447403
0 0 0.465157 0.087195 0.015920 0.003561 0.428167
0 0 0.535743 0.084908 0.016920 0.005552 0.356877
0 0 0.584355 0.079179 0.016043 0.006510 0.313913
0 0 0.662344 0.067003 0.013524 0.007541 0.249589
0 0 0.707168 0.045217 0.006500 0.002833 0.238282
0 0 0.824981 0.030685 0.004578 0.003972 0.135784
0 0 0.877687 0.025702 0.004613 0.007906 0.084091
0 0 0.906267 0.020119 0.003623 0.008527 0.061464
0 0 0.825507 0.038044 0.007660 0.010227 0.118562
0 0 0.824687 0.034595 0.006016 0.006430 0.128272
0 0 0.770697 0.044180 0.007852 0.006213 0.171058
0 0 0.893920 0.024720 0.006255 0.024639 0.050466
0 0 0.920613 0.017301 0.004262 0.024338 0.033486
0 0 0.914127 0.017857 0.005329 0.035209 0.027479
0 0 0.931612 0.013783 0.004565 0.032109 0.017931
0 0 0.911947 0.020152 0.007474 0.035321 0.025106
0 0 0.925619 0.016415 0.004815 0.027469 0.025682
0 0 0.916208 0.018535 0.004590 0.024440 0.036226
0 0 0.911951 0.020143 0.004617 0.018743 0.044546
0 0 0.891590 0.025358 0.006430 0.024654 0.051968
0 0 0.860105 0.033622 0.008265 0.020728 0.077281
0 0 0.851412 0.035441 0.008422 0.018256 0.086469
0 0 0.782125 0.051092 0.012102 0.015737 0.138944
0 0 0.770200 0.049166 0.010106 0.009818 0.160710
0 0 0.688325 0.062440 0.012513 0.007757 0.228964
0 0 0.657066 0.057901 0.009606 0.004031 0.271397
0 0 0.646428 0.065289 0.012167 0.005686 0.270431
0 0 0.564320 0.059752 0.008382 0.001968 0.365579
0 0 0.548451 0.072856 0.012402 0.003484 0.362807
4 0 0.428614 0.070481 0.010108 0.001235 0.489562
4 1 0.318505 0.079639 0.012794 0.000806 0.588256
4 1 0.148825 0.103889 0.024879 0.000492 0.721916
4 1 0.128974 0.103294 0.025911 0.000383 0.741437
4 1 0.144336 0.109075 0.027831 0.000554 0.718205
4 1 0.134001 0.096022 0.021973 0.000318 0.747686
4 1 0.198838 0.104909 0.023030 0.000854 0.672369
4 1 0.243646 0.093340 0.017247 0.000850 0.644918
4 1 0.361721 0.089091 0.015512 0.001763 0.531912
0 0 0.482304 0.077888 0.012822 0.002687 0.424300
0 0 0.499984 0.073357 0.011596 0.002471 0.412592
0 0 0.539995 0.071775 0.011827 0.003088 0.373316
0 0 0.534833 0.057755 0.007428 0.001405 0.398580
0 0 0.632932 0.069431 0.013467 0.006275 0.277895
0 0 0.622551 0.070974 0.013768 0.006147 0.286560
0 0 0.501931 0.064382 0.008847 0.001601 0.423241
0 0 0.527428 0.061940 0.008487 0.001684 0.400461
0 0 0.574387 0.084415 0.018134 0.007659 0.315405
0 0 0.606022 0.089207 0.022535 0.013651 0.268584
0 0 0.623353 0.092749 0.026621 0.021203 0.236074
0 0 0.528920 0.089811 0.018932 0.006522 0.355814
0 0 0.588952 0.078813 0.016048 0.006677 0.309510
0 0 0.579877 0.096470 0.025333 0.014596 0.283723
0 0 0.617091 0.088696 0.023036 0.015249 0.255928
0 0 0.621093 0.060396 0.009625 0.003306 0.305581
0 0 0.587107 0.057906 0.008191 0.002121 0.344675
0 0 0.667527 0.056486 0.009366 0.004106 0.262515
0 0 0.701437 0.061967 0.012897 0.008962 0.214736
0 0 0.746812 0.059790 0.014701 0.016555 0.162142
0 0 0.772896 0.052713 0.012332 0.014866 0.147194
0 0 0.797317 0.048381 0.011761 0.017602 0.124939
0 0 0.796764 0.049484 0.017385 0.057776 0.078591
0 0 0.761825 0.062989 0.025990 0.060388 0.088808
0 0 0.723465 0.071118 0.021532 0.030708 0.153177
0 0 0.626347 0.069300 0.013178 0.005818 0.285357
0 1 0.562263 0.061501 0.008872 0.002138 0.365226
0 1 0.541565 0.068500 0.010737 0.002649 0.376549
0 1 0.479646 0.069444 0.010108 0.001749 0.439052
4 1 0.295416 0.086918 0.015119 0.000936 0.601611
4 1 0.169500 0.071531 0.011079 0.000181 0.747710
4 1 0.164095 0.066783 0.009752 0.000138 0.759233
4 1 0.199193 0.075744 0.011794 0.000291 0.712980
4 1 0.176234 0.138672 0.043116 0.001881 0.640097
4 1 0.127883 0.160503 0.066319 0.001962 0.643333
4 1 0.106156 0.181442 0.093869 0.002554 0.615980
4 1 0.100536 0.210917 0.137391 0.005195 0.545962
4 1 0.094898 0.224342 0.164992 0.007109 0.508658
4 1 0.072778 0.252989 0.270448 0.016328 0.387458
4 1 0.091395 0.239386 0.201268 0.011161 0.456790
4 2 0.103018 0.234477 0.180078 0.010962 0.471464
4 2 0.112354 0.244921 0.198411 0.018250 0.426064
4 2 0.125213 0.239791 0.178507 0.017805 0.438684
4 2 0.142391 0.240762 0.173474 0.023544 0.419829
4 2 0.160484 0.231238 0.148414 0.021113 0.438751
4 2 0.202297 0.214210 0.114625 0.020284 0.448585
4 2 0.155635 0.250638 0.206764 0.035104 0.351859
2 2 0.123503 0.260687 0.304948 0.049509 0.261353
2 2 0.130635 0.259237 0.313129 0.054753 0.242247
2 2 0.142288 0.256474 0.327370 0.055213 0.218654
2 2 0.137538 0.239080 0.416561 0.068673 0.138148
2 2 0.125445 0.200353 0.479260 0.096620 0.098321
2 3 0.102778 0.155974 0.550334 0.127565 0.063348
2 3 0.110029 0.152466 0.552375 0.127315 0.057815
2 3 0.093762 0.138356 0.587381 0.130584 0.049918
2 3 0.108202 0.136352 0.559409 0.149733 0.046305
2 3 0.163163 0.161141 0.481876 0.133562 0.060258
2 3 0.140570 0.139082 0.511881 0.162883 0.045583
2 3 0.120610 0.123055 0.527398 0.192117 0.036820
2 3 0.050549 0.085526 0.694361 0.147970 0.021593
2 3 0.044229 0.074547 0.691168 0.169800 0.020256
2 3 0.031187 0.057388 0.718847 0.176948 0.015629
2 3 0.042360 0.051385 0.577803 0.312252 0.016199
2 3 0.029241 0.033556 0.524078 0.401767 0.011357
3 3 0.029113 0.026068 0.394763 0.540347 0.009708
3 3 0.024008 0.021260 0.371342 0.575314 0.008076
3 3 0.018581 0.012739 0.233008 0.730147 0.005525
3 3 0.016991 0.010021 0.177458 0.790938 0.004592
3 3 0.025043 0.013519 0.171222 0.783881 0.006336
3 3 0.024561 0.011841 0.148375 0.809836 0.005387
3 3 0.027725 0.014119 0.167969 0.783865 0.006321
3 3 0.022631 0.010182 0.121258 0.840826 0.005104
3 3 0.017344 0.007260 0.091410 0.879898 0.004088
3 3 0.016842 0.006976 0.090203 0.882105 0.003874
3 3 0.020379 0.008531 0.098300 0.868124 0.004666
3 3 0.021297 0.008669 0.092347 0.872751 0.004936
3 3 0.018986 0.006693 0.067121 0.903086 0.004114
3 3 0.018678 0.006255 0.062845 0.908461 0.003761
3 3 0.018626 0.005695 0.056333 0.916051 0.003295
3 3 0.025756 0.007832 0.061552 0.900313 0.004547
3 3 0.026790 0.006943 0.051431 0.911066 0.003770
3 3 0.033295 0.008838 0.056342 0.896658 0.004867
3 3 0.024308 0.005797 0.045228 0.921632 0.003034
3 3 0.031252 0.007275 0.047280 0.910407 0.003786
3 3 0.032411 0.007446 0.047028 0.909260 0.003856
3 3 0.041292 0.008466 0.043934 0.902112 0.004196
3 3 0.034696 0.006609 0.038250 0.917279 0.003166
3 3 0.041051 0.007164 0.036102 0.912366 0.003317
3 3 0.028364 0.004164 0.026230 0.939462 0.001780
3 3 0.023302 0.002936 0.020478 0.952112 0.001173
3 3 0.017495 0.002286 0.019605 0.959690 0.000923
3 3 0.013551 0.001740 0.017700 0.966316 0.000694
3 3 0.013459 0.001879 0.019589 0.964297 0.000776
3 3 0.022203 0.004387 0.035030 0.936263 0.002117
3 3 0.018707 0.003480 0.030898 0.945281 0.001633
3 3 0.024865 0.004183 0.029794 0.939267 0.001890
3 3 0.023676 0.003522 0.025247 0.946045 0.001510
3 3 0.023323 0.003424 0.024722 0.947072 0.001459
3 3 0.023654 0.003610 0.026038 0.945135 0.001564
3 3 0.023944 0.003489 0.024698 0.946385 0.001483
3 3 0.021310 0.002945 0.022326 0.952198 0.001221
3 3 0.030319 0.004557 0.027546 0.935607 0.001971
3 3 0.027673 0.004389 0.028626 0.937374 0.001938
3 3 0.025920 0.004573 0.031974 0.935424 0.002110
3 3 0.022314 0.003879 0.030005 0.942029 0.001773
3 3 0.022932 0.003872 0.029199 0.942248 0.001750
3 3 0.018686 0.003296 0.028938 0.947568 0.001512
3 3 0.019212 0.003544 0.030831 0.944755 0.001657
3 3 0.018621 0.003490 0.031138 0.945107 0.001642
3 3 0.016159 0.002729 0.026233 0.953653 0.001226
3 3 0.017120 0.002936 0.027206 0.951410 0.001328
3 3 0.014936 0.002043 0.019737 0.962447 0.000838
3 3 0.015072 0.002021 0.019314 0.962771 0.000822
3 3 0.015221 0.001703 0.015483 0.966951 0.000642
3 3 0.019494 0.002104 0.016006 0.961611 0.000785
3 3 0.023875 0.002594 0.017183 0.955373 0.000974
3 3 0.024869 0.002890 0.018902 0.952223 0.001117
3 3 0.023465 0.002926 0.020260 0.952185 0.001164
3 3 0.025678 0.003590 0.023978 0.945253 0.001501
3 3 0.022242 0.003329 0.024954 0.948046 0.001429
3 3 0.020542 0.003449 0.028044 0.946413 0.001552
3 3 0.022030 0.004116 0.032647 0.939266 0.001940
3 3 0.017246 0.003182 0.029826 0.948262 0.001485
3 3 0.021137 0.003949 0.032233 0.940822 0.001859
3 3 0.026295 0.004935 0.034625 0.931807 0.002338
3 3 0.028852 0.005029 0.032527 0.931279 0.002313
3 3 0.026366 0.004326 0.029405 0.937968 0.001936
3 3 0.026598 0.004269 0.028704 0.938535 0.001893
3 3 0.022221 0.003698 0.028413 0.944008 0.001660
3 3 0.024946 0.004512 0.032581 0.935858 0.002102
3 3 0.013183 0.002362 0.026476 0.956895 0.001084
3 3 0.012137 0.001988 0.023102 0.961896 0.000877
3 3 0.008642 0.001266 0.018067 0.971496 0.000530
3 3 0.010898 0.001436 0.017069 0.970018 0.000577
3 3 0.010136 0.001336 0.016684 0.971307 0.000536
3 3 0.010677 0.001440 0.017441 0.969859 0.000584
3 3 0.009183 0.001213 0.016202 0.972916 0.000486
3 3 0.011064 0.001510 0.017910 0.968899 0.000616
3 3 0.011568 0.001558 0.017871 0.968371 0.000633
3 3 0.013308 0.002007 0.021477 0.962352 0.000857
3 3 0.014456 0.002242 0.022814 0.959518 0.000970
3 3 0.016776 0.002616 0.024056 0.955415 0.001137
3 3 0.014896 0.002159 0.021180 0.960857 0.000908
3 3 0.017854 0.002561 0.022127 0.956382 0.001075
3 3 0.016175 0.002335 0.021629 0.958880 0.000982
3 3 0.016095 0.002270 0.020989 0.959701 0.000945
3 3 0.016774 0.002430 0.021971 0.957801 0.001024
3 3 0.019231 0.002609 0.021143 0.955946 0.001072
3 3 0.018123 0.002546 0.021666 0.956605 0.001060
3 3 0.012769 0.001753 0.018872 0.965888 0.000718
3 3 0.013680 0.001840 0.018808 0.964923 0.000749
3 3 0.014089 0.001756 0.017281 0.966181 0.000692
3 3 0.013881 0.001513 0.014560 0.969482 0.000563
3 3 0.007358 0.001336 0.022376 0.968320 0.000610
3 3 0.008242 0.001715 0.027439 0.961772 0.000832
3 3 0.016481 0.005832 0.064672 0.909433 0.003582
3 3 0.024331 0.012067 0.107150 0.847843 0.008609
3 3 0.023683 0.020600 0.273421 0.670379 0.011917
3 3 0.025678 0.025361 0.344556 0.590988 0.013417
2 3 0.023548 0.035340 0.551170 0.374767 0.015174
2 3 0.032638 0.042391 0.507586 0.398509 0.018876
2 3 0.058147 0.062696 0.464680 0.386545 0.027932
3 3 0.092332 0.075197 0.362031 0.435740 0.034700
3 3 0.114246 0.083436 0.326441 0.437288 0.038588
2 3 0.165499 0.131727 0.346777 0.291555 0.064441
2 3 0.192468 0.145768 0.330871 0.261743 0.069150
2 3 0.269869 0.209590 0.287560 0.117985 0.114996
2 3 0.230126 0.233060 0.298391 0.080449 0.157974
2 3 0.100175 0.245548 0.432522 0.062742 0.159012
2 3 0.045211 0.179473 0.611518 0.067463 0.096334
2 3 0.048746 0.203672 0.577762 0.056905 0.112915
2 3 0.058904 0.243287 0.479855 0.044946 0.173008
2 3 0.051197 0.219782 0.541813 0.050393 0.136815
2 2 0.033703 0.143093 0.680064 0.072177 0.070963
2 2 0.018635 0.074537 0.788671 0.090639 0.027517
2 2 0.021882 0.085202 0.783128 0.080420 0.029368
2 2 0.026234 0.100414 0.773872 0.067652 0.031829
2 2 0.015150 0.072837 0.836958 0.054755 0.020301
2 2 0.008856 0.047608 0.878136 0.053489 0.011911
2 2 0.009508 0.048044 0.859061 0.069171 0.014216
2 2 0.014440 0.071122 0.821066 0.068621 0.024751
2 2 0.039880 0.158057 0.655069 0.070091 0.076902
2 2 0.047178 0.182090 0.581735 0.075235 0.113763
2 2 0.074075 0.218871 0.422027 0.075161 0.209866
2 2 0.063819 0.208913 0.441577 0.082256 0.203436
2 2 0.081521 0.239526 0.331437 0.048901 0.298616
4 2 0.073133 0.258179 0.295837 0.023422 0.349428
2 2 0.055724 0.253155 0.355524 0.024544 0.311052
2 2 0.043651 0.230939 0.434143 0.032929 0.258338
2 2 0.057679 0.257658 0.347612 0.024863 0.312188
4 2 0.078123 0.254625 0.267454 0.018875 0.380922
4 2 0.154161 0.225729 0.140194 0.016081 0.463834
4 2 0.320160 0.171082 0.065605 0.018559 0.424593
0 2 0.420732 0.138755 0.043247 0.017019 0.380246
0 2 0.474646 0.126258 0.038152 0.017812 0.343132
0 2 0.411343 0.133510 0.039073 0.012727 0.403347
4 2 0.250080 0.186862 0.081832 0.014195 0.467031
4 2 0.114604 0.207616 0.125392 0.005717 0.546671
4 2 0.080228 0.210921 0.151222 0.003893 0.553736
4 2 0.061032 0.235277 0.281455 0.011469 0.410767
2 2 0.035501 0.176533 0.526246 0.052645 0.209075
2 2 0.027957 0.149088 0.587331 0.083151 0.152473
2 2 0.022780 0.128004 0.622576 0.103567 0.123073
2 2 0.030278 0.175102 0.555288 0.057468 0.181864
2 2 0.026753 0.164827 0.581649 0.061779 0.164992
2 2 0.021858 0.138739 0.625750 0.082975 0.130678
2 2 0.022986 0.146833 0.615249 0.072211 0.142721
2 2 0.028916 0.207436 0.506830 0.026144 0.230674
2 2 0.028059 0.217247 0.469898 0.015625 0.269172
2 2 0.027438 0.213321 0.476969 0.015792 0.266480
2 2 0.021847 0.172850 0.588827 0.035080 0.181397
2 2 0.017113 0.138042 0.656920 0.061870 0.126055
2 2 0.017653 0.128017 0.663024 0.074781 0.116525
2 2 0.016535 0.090820 0.800776 0.057199 0.034670
2 2 0.078062 0.224139 0.519153 0.060542 0.118104
2 2 0.178063 0.221652 0.374134 0.116182 0.109969
0 2 0.329034 0.197452 0.228745 0.120062 0.124708
0 2 0.444904 0.168652 0.111294 0.088884 0.186266
0 2 0.518576 0.126974 0.044414 0.031556 0.278480
0 2 0.463091 0.144556 0.054607 0.035130 0.302617
0 0 0.406976 0.155230 0.057035 0.027566 0.353194
4 2 0.174419 0.199516 0.099351 0.009345 0.517368
4 2 0.076728 0.188183 0.116919 0.001979 0.616192
4 2 0.059358 0.193332 0.139793 0.001691 0.605826
4 2 0.058455 0.202313 0.157342 0.002144 0.579746
4 2 0.054048 0.230881 0.233175 0.005005 0.476891
4 2 0.049540 0.238063 0.269390 0.006396 0.436612
2 2 0.032395 0.193411 0.502448 0.029396 0.242350
2 2 0.023794 0.178209 0.569455 0.032819 0.195724
2 2 0.031325 0.207324 0.493416 0.026341 0.241594
2 2 0.026417 0.203706 0.525023 0.026441 0.218414
2 2 0.023537 0.188704 0.563285 0.032083 0.192391
2 2 0.033068 0.229636 0.447542 0.018878 0.270875
4 2 0.053034 0.251553 0.320011 0.013874 0.361527
4 2 0.078785 0.239137 0.214643 0.009380 0.458055
4 2 0.146768 0.208611 0.115960 0.008790 0.519870
4 2 0.178642 0.171325 0.068356 0.004653 0.577024
4 2 0.191366 0.137000 0.040920 0.002097 0.628617
4 2 0.206255 0.125256 0.033165 0.001720 0.633604
4 2 0.173847 0.162018 0.060827 0.003453 0.599855
4 2 0.190094 0.165744 0.062247 0.004533 0.577382
4 2 0.156984 0.171186 0.071162 0.003651 0.597017
4 2 0.212077 0.143184 0.043662 0.003068 0.598009
4 2 0.246488 0.132675 0.036364 0.003047 0.581425
4 2 0.298723 0.114062 0.026246 0.002580 0.558389
4 0 0.390730 0.124053 0.032426 0.007593 0.445199
4 0 0.343770 0.120195 0.029297 0.004578 0.502161
0 0 0.455262 0.112334 0.027570 0.008791 0.396043
0 0 0.434911 0.108705 0.024742 0.006570 0.425073
0 0 0.566051 0.106017 0.031066 0.020038 0.276828
0 0 0.600313 0.100115 0.030081 0.023364 0.246126
0 0 0.616995 0.105473 0.039290 0.039748 0.198494
0 1 0.638149 0.094742 0.030867 0.032722 0.203520
0 1 0.528233 0.097450 0.022797 0.009037 0.342483
4 1 0.410994 0.103543 0.021925 0.004417 0.459121
4 1 0.286739 0.140981 0.041390 0.005411 0.525480
4 0 0.290860 0.169423 0.062513 0.013279 0.463925
4 0 0.233300 0.155862 0.051857 0.005290 0.553691
4 0 0.368950 0.138889 0.041361 0.010265 0.440534
0 0 0.445491 0.128243 0.037226 0.014544 0.374495
0 4 0.505822 0.127137 0.042497 0.026491 0.298053
0 4 0.453962 0.100736 0.021476 0.005627 0.418199
4 4 0.299610 0.080261 0.012500 0.000776 0.606853
4 4 0.256660 0.051964 0.005350 0.000138 0.685888
4 4 0.240680 0.043581 0.003854 0.000070 0.711814
4 4 0.195239 0.047942 0.004857 0.000064 0.751898
4 4 0.140163 0.040171 0.003729 0.000023 0.815915
4 4 0.132344 0.045302 0.004841 0.000030 0.817483
4 4 0.113590 0.041389 0.004287 0.000018 0.840716
4 4 0.094997 0.046570 0.005821 0.000020 0.852592
4 4 0.086308 0.061387 0.010522 0.000040 0.841743
4 4 0.077167 0.085186 0.021385 0.000096 0.816165
4 4 0.070576 0.097729 0.029418 0.000135 0.802142
4 4 0.104796 0.121311 0.039241 0.000492 0.734160
4 4 0.082764 0.103461 0.030972 0.000202 0.782601
4 4 0.064289 0.100959 0.032725 0.000134 0.801894
4 4 0.062158 0.072590 0.016915 0.000044 0.848294
4 4 0.073326 0.075103 0.016906 0.000060 0.834605
4 4 0.078165 0.075044 0.016438 0.000065 0.830287
4 4 0.088032 0.063470 0.011163 0.000046 0.837290
4 4 0.094490 0.051334 0.007087 0.000026 0.847063
4 4 0.117217 0.049754 0.006114 0.000033 0.826882
4 4 0.124458 0.052844 0.006741 0.000043 0.815913
4 4 0.132650 0.060487 0.008629 0.000072 0.798162
4 4 0.090817 0.052259 0.007463 0.000026 0.849436
4 4 0.076082 0.050600 0.007522 0.000019 0.865776
4 4 0.069884 0.061842 0.011652 0.000031 0.856591
4 4 0.073294 0.084046 0.021255 0.000086 0.821319
4 4 0.102747 0.105836 0.029747 0.000296 0.761374
4 4 0.130283 0.110147 0.029493 0.000486 0.729592
4 4 0.167080 0.099130 0.021683 0.000511 0.711595
4 4 0.230422 0.080436 0.012754 0.000471 0.675917
4 4 0.279273 0.079221 0.012118 0.000649 0.628739
4 1 0.381773 0.071520 0.009890 0.000974 0.535843
4 1 0.338977 0.079319 0.012453 0.000958 0.568293
4 4 0.179506 0.095890 0.019762 0.000519 0.704322
4 4 0.099904 0.104234 0.029145 0.000270 0.766446
4 4 0.083288 0.114197 0.037931 0.000288 0.764296
4 4 0.091039 0.135797 0.052727 0.000612 0.719825
4 4 0.121584 0.169112 0.075921 0.002270 0.631113
4 4 0.251687 0.173280 0.068301 0.009636 0.497096
4 4 0.372434 0.134217 0.038408 0.009042 0.445900
0 4 0.490905 0.100482 0.022723 0.007434 0.378455
0 4 0.553086 0.083520 0.016888 0.006043 0.340464
0 0 0.595774 0.079511 0.016648 0.007393 0.300674
0 0 0.570199 0.080713 0.016224 0.006158 0.326705
4 1 0.307745 0.104338 0.022776 0.001839 0.563302
4 1 0.151419 0.089230 0.018097 0.000304 0.740950
4 1 0.100754 0.102329 0.027959 0.000257 0.768701
4 1 0.115687 0.108486 0.029894 0.000384 0.745549
4 1 0.150251 0.107530 0.026630 0.000563 0.715026
4 1 0.284779 0.086059 0.014715 0.000849 0.613598
0 1 0.535166 0.065555 0.009678 0.002165 0.387435
0 1 0.593935 0.064786 0.010541 0.003337 0.327401
0 1 0.552157 0.055929 0.007150 0.001434 0.383330
4 1 0.227846 0.064445 0.008458 0.000212 0.699039
4 1 0.112910 0.050132 0.006299 0.000032 0.830628
4 1 0.115150 0.057606 0.008257 0.000050 0.818937
4 1 0.112646 0.066250 0.011032 0.000074 0.809998
4 1 0.138276 0.063398 0.009339 0.000088 0.788898
4 1 0.161492 0.059658 0.007813 0.000095 0.770943
4 1 0.146973 0.074844 0.012772 0.000164 0.765247
4 1 0.138164 0.091815 0.019815 0.000288 0.749918
4 1 0.134218 0.108280 0.028150 0.000480 0.728872
4 1 0.099818 0.110239 0.032749 0.000327 0.756866
4 1 0.103261 0.110381 0.032398 0.000345 0.753615
4 0 0.100916 0.124158 0.041825 0.000507 0.732594
4 0 0.122281 0.145169 0.054172 0.001216 0.677162
4 0 0.132904 0.131163 0.042253 0.000940 0.692740
4 0 0.154688 0.113235 0.029354 0.000709 0.702015
4 0 0.164996 0.098024 0.021278 0.000482 0.715221
4 0 0.166376 0.091315 0.018338 0.000385 0.723586
4 0 0.135112 0.108406 0.028148 0.000487 0.727847
4 0 0.049900 0.075775 0.020273 0.000038 0.854015
4 1 0.053322 0.076349 0.020005 0.000042 0.850281
4 1 0.059115 0.075234 0.018578 0.000046 0.847026
4 1 0.066874 0.101376 0.032457 0.000142 0.799150
4 1 0.076219 0.112983 0.038482 0.000246 0.772070
4 1 0.095464 0.141034 0.056092 0.000756 0.706654
4 1 0.154729 0.136351 0.043452 0.001399 0.664069
4 1 0.340406 0.140515 0.041836 0.008368 0.468874
0 1 0.473110 0.113937 0.029456 0.010842 0.372655
0 1 0.512454 0.128458 0.044973 0.031188 0.282927
0 0 0.615956 0.102817 0.035334 0.032545 0.213348
0 0 0.606844 0.096240 0.027599 0.020429 0.248888
0 0 0.563582 0.082886 0.016976 0.006438 0.330118
0 0 0.478026 0.072878 0.011074 0.002069 0.435954
0 0 0.511238 0.084365 0.015949 0.004446 0.384002
0 0 0.525359 0.101267 0.024800 0.010370 0.338203
0 1 0.544997 0.104208 0.027891 0.014354 0.308550
0 0 0.625266 0.076233 0.016336 0.008454 0.273710
0 0 0.750143 0.068436 0.023590 0.032154 0.125677
0 0 0.815876 0.053210 0.023562 0.038972 0.068381
0 0 0.795459 0.049236 0.022436 0.075246 0.057624
0 0 0.733788 0.073481 0.028565 0.046915 0.117250
0 0 0.690697 0.081648 0.027275 0.039446 0.160934
0 0 0.591761 0.078220 0.015882 0.006656 0.307482
0 0 0.490457 0.087160 0.016539 0.004280 0.401564
4 0 0.268529 0.100290 0.020372 0.001256 0.609553
4 0 0.135774 0.078806 0.014600 0.000170 0.770650
4 0 0.138413 0.074716 0.013010 0.000148 0.773712
4 0 0.117831 0.064363 0.010228 0.000072 0.807506
4 0 0.116695 0.079261 0.015644 0.000137 0.788263
4 1 0.171560 0.103230 0.023367 0.000615 0.701228
4 1 0.211443 0.115474 0.028088 0.001313 0.643681
4 1 0.361720 0.092825 0.016946 0.002026 0.526483
0 0 0.496043 0.085932 0.016182 0.004236 0.397608
0 0 0.516618 0.092187 0.019607 0.006519 0.365069
0 0 0.515375 0.094218 0.020549 0.007035 0.362824
0 1 0.521999 0.082591 0.015516 0.004470 0.375424
4 1 0.382761 0.105066 0.022641 0.003614 0.485918
4 1 0.303707 0.106506 0.023145 0.002015 0.564627
4 1 0.392116 0.116505 0.028562 0.005806 0.457012
4 1 0.313736 0.131863 0.036185 0.005051 0.513165
4 1 0.399329 0.128648 0.035079 0.009767 0.427178
0 1 0.443165 0.120287 0.031703 0.010658 0.394187
0 1 0.453686 0.114223 0.028585 0.009309 0.394197
0 1 0.462251 0.107713 0.025324 0.007819 0.396894
0 1 0.485659 0.116973 0.032226 0.013672 0.351470
0 1 0.468159 0.136065 0.046022 0.025043 0.324711
0 1 0.453241 0.130763 0.039767 0.017200 0.359028
0 1 0.458272 0.118780 0.031630 0.011457 0.379861
0 4 0.470338 0.119687 0.033005 0.013195 0.363774
0 4 0.473859 0.119612 0.033199 0.013589 0.359742
0 4 0.473845 0.100791 0.022205 0.006564 0.396594
4 4 0.406507 0.079535 0.012414 0.001676 0.499868
4 4 0.380407 0.069218 0.009328 0.000852 0.540195
4 4 0.400240 0.068176 0.009017 0.000953 0.521615
4 4 0.340008 0.068372 0.008966 0.000620 0.582034
4 4 0.206842 0.058729 0.006968 0.000141 0.727321
4 4 0.157207 0.046146 0.004715 0.000041 0.791891
4 4 0.168290 0.057403 0.007127 0.000090 0.767090
4 4 0.151488 0.066966 0.010087 0.000122 0.771337
4 4 0.405722 0.099960 0.019746 0.003881 0.470691
4 4 0.350445 0.129458 0.034222 0.006649 0.479227
4 1 0.338728 0.168928 0.065446 0.020602 0.406296
4 1 0.120679 0.195321 0.106056 0.004442 0.573503
4 1 0.079292 0.191097 0.119520 0.002228 0.607863
4 1 0.066961 0.179840 0.111657 0.001344 0.640197
4 1 0.050494 0.222664 0.217466 0.003540 0.505836
2 1 0.037663 0.244233 0.359463 0.009724 0.348917
2 1 0.024826 0.230986 0.503788 0.018627 0.221773
2 1 0.022664 0.199341 0.609811 0.026842 0.141342
2 1 0.022540 0.179375 0.663950 0.031706 0.102430
2 1 0.034462 0.220056 0.577196 0.027474 0.140812
2 1 0.028178 0.195087 0.651040 0.029791 0.095904
2 1 0.026565 0.177646 0.681078 0.032364 0.082345
2 1 0.021934 0.145977 0.744821 0.031741 0.055526
2 1 0.026343 0.142289 0.737305 0.041045 0.053020
2 2 0.029002 0.153437 0.722971 0.038618 0.055972
2 2 0.023291 0.117742 0.773616 0.045958 0.039393
2 2 0.018150 0.086474 0.814801 0.054464 0.026111
2 2 0.018422 0.075698 0.812649 0.070418 0.022813
2 2 0.026754 0.100033 0.778473 0.065050 0.029690
2 2 0.026774 0.096420 0.787622 0.063106 0.026079
2 2 0.016939 0.069816 0.839662 0.056955 0.016627
2 2 0.015403 0.057181 0.850261 0.064820 0.012334
2 2 0.022258 0.069934 0.816707 0.075144 0.015957
2 2 0.039893 0.103061 0.753134 0.078918 0.024993
2 2 0.053613 0.102786 0.703258 0.114188 0.026154
2 2 0.066618 0.106753 0.657061 0.140622 0.028946
2 2 0.071792 0.080174 0.576523 0.248484 0.023028
2 2 0.083580 0.089981 0.556070 0.243688 0.026682
2 2 0.063429 0.068476 0.570268 0.278147 0.019679
2 2 0.045467 0.053359 0.585453 0.299876 0.015845
2 2 0.030066 0.042094 0.648916 0.267486 0.011439
2 2 0.029469 0.043293 0.670932 0.244989 0.011316
2 3 0.017290 0.030623 0.727167 0.217596 0.007324
2 3 0.031795 0.041076 0.636099 0.280395 0.010636
