0 0 0.772541 0.030877 0.019044 0.010135 0.167403
0 0 0.690773 0.063194 0.048750 0.028701 0.168581
0 0 0.665188 0.074937 0.060326 0.035794 0.163755
0 0 0.597656 0.114934 0.080131 0.033923 0.173355
0 0 0.490406 0.183919 0.104776 0.028049 0.192851
1 0 0.214693 0.316140 0.218375 0.050117 0.200676
2 0 0.087068 0.326886 0.409130 0.032236 0.144681
2 0 0.043612 0.255476 0.585432 0.020587 0.094892
2 0 0.015919 0.116113 0.793755 0.025295 0.048917
2 1 0.004339 0.042302 0.887132 0.053139 0.013089
2 1 0.003240 0.037167 0.894148 0.056069 0.009375
2 1 0.003240 0.037134 0.888118 0.062651 0.008857
2 1 0.002373 0.032365 0.907053 0.051125 0.007084
2 2 0.002070 0.030446 0.912236 0.048979 0.006269
2 2 0.001688 0.027773 0.928079 0.036600 0.005860
2 2 0.001757 0.028282 0.926528 0.037385 0.006049
2 2 0.001477 0.026129 0.935752 0.031120 0.005522
2 2 0.001413 0.025644 0.926302 0.042117 0.004525
2 2 0.001198 0.023790 0.920919 0.050634 0.003460
2 2 0.001075 0.022625 0.912977 0.060507 0.002817
2 2 0.001149 0.023263 0.901353 0.071463 0.002772
2 2 0.001521 0.026138 0.864514 0.104782 0.003045
2 3 0.002111 0.029554 0.802629 0.162329 0.003377
2 3 0.002061 0.028260 0.740755 0.226217 0.002706
2 3 0.002305 0.028189 0.657830 0.309187 0.002488
2 3 0.002583 0.029798 0.662306 0.302466 0.002847
2 3 0.003090 0.031254 0.615134 0.347401 0.003121
2 3 0.003379 0.032080 0.596009 0.365228 0.003305
2 3 0.003526 0.031050 0.534819 0.427547 0.003058
3 3 0.003982 0.030687 0.465865 0.496415 0.003052
3 3 0.004599 0.027535 0.328308 0.636842 0.002716
3 3 0.004868 0.024274 0.243025 0.725450 0.002383
3 3 0.004713 0.020698 0.182990 0.789642 0.001958
3 3 0.003720 0.018072 0.173669 0.803061 0.001477
3 3 0.002863 0.015541 0.163701 0.816814 0.001081
3 3 0.002847 0.015490 0.163490 0.817099 0.001074
3 3 0.002769 0.015242 0.162448 0.818503 0.001039
3 3 0.002742 0.015158 0.162097 0.818976 0.001027
3 3 0.002708 0.015047 0.161624 0.819610 0.001011
3 3 0.002729 0.015116 0.161917 0.819216 0.001021
3 3 0.002684 0.014969 0.161293 0.820053 0.001001
3 3 0.002362 0.013904 0.156629 0.826245 0.000860
3 3 0.002221 0.013416 0.154408 0.829157 0.000799
3 3 0.002334 0.013807 0.156192 0.826819 0.000847
3 3 0.002402 0.014038 0.157229 0.825455 0.000877
3 3 0.002338 0.013823 0.156262 0.826728 0.000849
3 3 0.002220 0.013415 0.154403 0.829163 0.000799
3 3 0.002138 0.013123 0.153047 0.830930 0.000763
3 3 0.002480 0.014301 0.158395 0.823913 0.000911
3 3 0.002656 0.014880 0.160909 0.820567 0.000988
3 3 0.002742 0.015158 0.162096 0.818976 0.001027
3 3 0.002527 0.014458 0.159083 0.823000 0.000932
3 3 0.002368 0.013924 0.156717 0.826129 0.000862
3 3 0.002587 0.014656 0.159947 0.821851 0.000958
3 3 0.002434 0.014148 0.157717 0.824811 0.000891
3 3 0.002341 0.013831 0.156299 0.826679 0.000850
3 3 0.002381 0.013968 0.156916 0.825867 0.000868
3 3 0.002225 0.013431 0.154476 0.829068 0.000801
3 3 0.002495 0.014351 0.158615 0.823621 0.000917
3 3 0.002288 0.013648 0.155471 0.827765 0.000827
3 3 0.002925 0.015735 0.164504 0.815726 0.001109
3 3 0.002728 0.015113 0.161903 0.819236 0.001021
3 3 0.003036 0.016075 0.165895 0.813836 0.001159
3 3 0.002886 0.015611 0.163991 0.816421 0.001091
3 3 0.002657 0.014884 0.160926 0.820544 0.000989
3 3 0.002571 0.014603 0.159715 0.822161 0.000951
3 3 0.002592 0.014672 0.160015 0.821761 0.000960
3 3 0.002100 0.012989 0.152421 0.831742 0.000748
3 3 0.001834 0.012005 0.147665 0.837860 0.000636
3 3 0.001650 0.011288 0.144032 0.842470 0.000561
3 3 0.001764 0.011737 0.146324 0.839568 0.000607
3 3 0.001816 0.011937 0.147325 0.838294 0.000629
3 3 0.002115 0.013043 0.152672 0.831416 0.000754
3 3 0.002020 0.012698 0.151037 0.833532 0.000714
3 3 0.001843 0.012040 0.147835 0.837643 0.000640
3 3 0.001848 0.012061 0.147939 0.837510 0.000642
3 3 0.001870 0.012142 0.148339 0.836998 0.000651
3 3 0.001827 0.011978 0.147529 0.838033 0.000633
3 3 0.001545 0.010866 0.141818 0.845252 0.000519
3 3 0.001542 0.010856 0.141763 0.845321 0.000518
3 3 0.001651 0.011292 0.144051 0.842445 0.000561
3 3 0.002026 0.012720 0.151146 0.833392 0.000716
3 3 0.001914 0.012308 0.149155 0.835954 0.000669
3 3 0.002123 0.013072 0.152809 0.831238 0.000757
3 3 0.002012 0.012668 0.150894 0.833717 0.000710
3 3 0.001954 0.012457 0.149879 0.835024 0.000686
3 3 0.001780 0.011799 0.146635 0.839172 0.000614
3 3 0.001810 0.011913 0.147206 0.838445 0.000626
3 3 0.001966 0.012502 0.150097 0.834743 0.000691
3 3 0.001747 0.011671 0.145991 0.839990 0.000600
3 3 0.001839 0.012024 0.147758 0.837740 0.000638
3 3 0.001800 0.011876 0.147021 0.838681 0.000622
3 3 0.001861 0.012108 0.148175 0.837209 0.000647
3 3 0.002026 0.012720 0.151144 0.833394 0.000716
3 3 0.002966 0.015859 0.165016 0.815031 0.001127
3 3 0.003138 0.016384 0.167142 0.812130 0.001206
3 3 0.003000 0.015965 0.165449 0.814442 0.001143
3 3 0.003144 0.016404 0.167221 0.812023 0.001209
3 3 0.003808 0.018316 0.174575 0.801782 0.001519
3 3 0.003984 0.018798 0.176341 0.799274 0.001603
3 3 0.004389 0.019871 0.180155 0.793786 0.001799
3 3 0.004302 0.019645 0.179365 0.794931 0.001756
3 3 0.004420 0.019951 0.180432 0.793383 0.001814
3 3 0.004337 0.019736 0.179682 0.794472 0.001773
3 3 0.003861 0.018463 0.175118 0.801013 0.001544
3 3 0.003821 0.018353 0.174712 0.801588 0.001525
3 3 0.005102 0.021659 0.186180 0.784906 0.002153
3 3 0.004664 0.020575 0.182574 0.790254 0.001934
3 3 0.004116 0.019152 0.177617 0.797450 0.001666
3 3 0.004413 0.019932 0.180368 0.793476 0.001810
3 3 0.004740 0.021906 0.203474 0.767792 0.002089
3 3 0.005553 0.031547 0.362126 0.597204 0.003570
2 3 0.006507 0.040483 0.517017 0.430224 0.005769
2 3 0.006402 0.044130 0.628756 0.313521 0.007191
2 3 0.006807 0.047950 0.709196 0.226579 0.009468
2 3 0.009861 0.056511 0.701279 0.218108 0.014241
2 3 0.013963 0.071656 0.718688 0.173638 0.022055
2 2 0.023195 0.113412 0.712278 0.112504 0.038612
2 2 0.026646 0.128628 0.716437 0.077126 0.051163
2 2 0.021750 0.104757 0.740761 0.089624 0.043108
2 2 0.002744 0.033807 0.833173 0.125125 0.005151
2 2 0.002897 0.033224 0.750257 0.209566 0.004057
2 2 0.002474 0.030449 0.725444 0.238459 0.003174
2 2 0.002013 0.028655 0.784810 0.181511 0.003011
2 2 0.002086 0.029384 0.802041 0.163165 0.003325
2 2 0.002453 0.031812 0.812072 0.149516 0.004146
2 2 0.003979 0.039577 0.806368 0.143008 0.007068
2 2 0.005972 0.047950 0.822763 0.110877 0.012437
2 2 0.005590 0.046963 0.847746 0.086446 0.013256
2 2 0.003397 0.037831 0.876143 0.074098 0.008531
2 2 0.003301 0.037354 0.877151 0.073904 0.008289
2 2 0.003266 0.037220 0.881948 0.069074 0.008491
2 2 0.003139 0.036474 0.873311 0.079509 0.007567
2 2 0.001813 0.028433 0.875157 0.090635 0.003962
2 2 0.001978 0.029296 0.848464 0.116467 0.003795
2 2 0.002208 0.030760 0.844859 0.117941 0.004232
2 2 0.002610 0.032849 0.820212 0.139733 0.004596
2 2 0.003707 0.036966 0.739268 0.214881 0.005178
2 2 0.003955 0.037130 0.698288 0.255653 0.004975
2 2 0.003766 0.036835 0.721344 0.233046 0.005009
2 2 0.005513 0.044238 0.735548 0.206667 0.008035
2 2 0.005939 0.045882 0.739774 0.199536 0.008869
2 2 0.005675 0.044796 0.734306 0.206948 0.008275
2 2 0.005146 0.043594 0.765496 0.177587 0.008178
2 2 0.004710 0.042631 0.800986 0.143247 0.008426
2 2 0.003946 0.039589 0.815235 0.133962 0.007267
2 2 0.004644 0.042421 0.804160 0.140378 0.008397
2 2 0.005992 0.047244 0.786644 0.149539 0.010581
2 2 0.007839 0.052658 0.759831 0.166504 0.013168
2 2 0.008922 0.056787 0.794190 0.122189 0.017912
2 2 0.017486 0.092231 0.776402 0.074231 0.039650
2 2 0.019052 0.098274 0.773980 0.062635 0.046060
2 2 0.023116 0.121577 0.752394 0.043130 0.059783
2 2 0.020947 0.115744 0.767413 0.036631 0.059265
2 2 0.022469 0.121712 0.753993 0.046196 0.055631
2 2 0.018545 0.099656 0.771145 0.068853 0.041800
2 2 0.026013 0.129881 0.720887 0.072421 0.050798
2 2 0.027929 0.135060 0.715833 0.063532 0.057646
2 2 0.028165 0.115223 0.689513 0.116070 0.051028
2 2 0.019721 0.078745 0.644345 0.225836 0.031353
2 2 0.018674 0.070934 0.573469 0.311288 0.025635
2 2 0.033252 0.125091 0.608303 0.187952 0.045402
2 2 0.054456 0.182515 0.553302 0.119550 0.090177
2 2 0.035558 0.132771 0.645178 0.133072 0.053420
2 2 0.027823 0.105941 0.675326 0.146250 0.044660
2 2 0.012472 0.063790 0.725402 0.177841 0.020495
2 2 0.023552 0.092849 0.707506 0.133759 0.042334
2 2 0.031077 0.125775 0.688963 0.098128 0.056057
2 2 0.043494 0.179919 0.638574 0.049216 0.088798
2 2 0.041090 0.185861 0.644382 0.039816 0.088850
2 2 0.057057 0.266993 0.488582 0.014823 0.172545
2 2 0.068342 0.282723 0.398603 0.014731 0.235601
2 2 0.074156 0.275485 0.368130 0.018587 0.263643
2 2 0.063548 0.250138 0.473454 0.037255 0.175605
2 2 0.068973 0.248241 0.435727 0.047598 0.199461
2 2 0.071544 0.253948 0.435349 0.049139 0.190020
2 2 0.078848 0.257757 0.364520 0.039285 0.259589
2 2 0.063932 0.232228 0.423355 0.031329 0.249156
2 2 0.037356 0.156079 0.629589 0.052718 0.124258
2 2 0.028242 0.126711 0.696906 0.056933 0.091207
2 2 0.059452 0.282140 0.417798 0.011696 0.228914
2 2 0.044641 0.230691 0.588055 0.015810 0.120803
2 2 0.061422 0.268871 0.498851 0.017788 0.153068
2 2 0.061772 0.257027 0.476281 0.020160 0.184760
2 1 0.078826 0.280038 0.406742 0.029606 0.204788
2 1 0.080753 0.243641 0.350571 0.042590 0.282445
4 1 0.113917 0.213019 0.232939 0.066931 0.373193
4 1 0.137180 0.204933 0.234276 0.097822 0.325788
2 1 0.078393 0.215354 0.437875 0.123020 0.145358
2 1 0.073472 0.229685 0.479821 0.109145 0.107877
2 1 0.069446 0.220647 0.493088 0.145321 0.071498
2 0 0.069790 0.256708 0.507169 0.075904 0.090429
2 0 0.061067 0.285716 0.524627 0.029330 0.099261
2 0 0.035142 0.196205 0.668125 0.024817 0.075711
2 0 0.038305 0.157707 0.692911 0.030403 0.080675
2 0 0.083209 0.186161 0.575963 0.039042 0.115625
2 0 0.149244 0.230096 0.431200 0.041764 0.147697
2 0 0.199896 0.259802 0.261886 0.034041 0.244374
4 0 0.230928 0.234691 0.182928 0.037150 0.314303
4 0 0.211021 0.193327 0.131279 0.032754 0.431619
4 0 0.191531 0.209483 0.146778 0.036504 0.415703
4 0 0.291425 0.226821 0.137448 0.031659 0.312647
0 0 0.334218 0.198798 0.181516 0.065262 0.220206
0 0 0.554259 0.115470 0.109111 0.069135 0.152024
0 0 0.704143 0.074901 0.076047 0.065975 0.078935
0 0 0.775230 0.058921 0.054701 0.046290 0.064859
0 0 0.798273 0.060206 0.046899 0.031310 0.063312
0 0 0.814988 0.062868 0.038664 0.018525 0.064955
0 0 0.716463 0.115155 0.060110 0.018727 0.089544
0 0 0.681803 0.153214 0.055931 0.009722 0.099331
0 0 0.489296 0.246381 0.099300 0.015583 0.149439
1 0 0.282415 0.304335 0.170555 0.015464 0.227232
2 0 0.052400 0.208412 0.612510 0.015830 0.110848
2 0 0.055258 0.216943 0.596806 0.015947 0.115046
2 0 0.056714 0.234783 0.569233 0.017384 0.121886
2 0 0.136855 0.327872 0.348184 0.019246 0.167844
1 0 0.176795 0.346036 0.273646 0.020629 0.182894
1 0 0.244833 0.355867 0.194112 0.016553 0.188636
2 0 0.123248 0.340084 0.353010 0.014444 0.169213
1 0 0.139000 0.347643 0.325993 0.013835 0.173528
1 0 0.226101 0.324130 0.263268 0.015965 0.170536
0 0 0.345842 0.284866 0.188722 0.019180 0.161390
0 0 0.515052 0.212203 0.104712 0.022385 0.145647
0 0 0.583751 0.180296 0.086683 0.019902 0.129368
0 0 0.576711 0.153831 0.087509 0.025954 0.155996
0 0 0.681746 0.102418 0.065200 0.026563 0.124073
0 0 0.717711 0.074556 0.056396 0.032043 0.119294
0 0 0.783689 0.058863 0.042034 0.024368 0.091046
0 0 0.734644 0.066331 0.054531 0.036210 0.108284
0 0 0.787278 0.058038 0.047034 0.033001 0.074649
0 0 0.817961 0.047341 0.038376 0.028795 0.067527
0 0 0.799484 0.055921 0.045045 0.031956 0.067593
0 0 0.779136 0.078133 0.049812 0.023380 0.069539
0 0 0.584848 0.160364 0.093740 0.028975 0.132073
0 0 0.442769 0.228575 0.108766 0.020858 0.199032
1 0 0.218694 0.309973 0.157936 0.021112 0.292285
1 0 0.080517 0.334433 0.283282 0.008867 0.292902
2 0 0.048484 0.295512 0.406547 0.006544 0.242913
2 0 0.035792 0.254106 0.516703 0.006754 0.186645
2 1 0.037096 0.257158 0.496767 0.006753 0.202226
4 1 0.036064 0.138202 0.202095 0.010019 0.613620
4 1 0.041197 0.192332 0.282050 0.008827 0.475594
4 1 0.044444 0.238436 0.317828 0.006979 0.392313
2 1 0.042053 0.235583 0.361198 0.007513 0.353653
4 1 0.043935 0.220392 0.353188 0.009499 0.372987
4 1 0.047274 0.172173 0.239903 0.012708 0.527943
4 1 0.045348 0.135766 0.161603 0.012736 0.644546
4 1 0.049515 0.134841 0.149697 0.014129 0.651818
4 1 0.048417 0.132002 0.132757 0.012164 0.674659
4 1 0.048333 0.153880 0.165965 0.010999 0.620823
4 1 0.049149 0.225342 0.294352 0.009047 0.422109
2 1 0.039026 0.241768 0.455717 0.007970 0.255518
2 1 0.032569 0.234377 0.551115 0.007335 0.174604
2 1 0.023214 0.175783 0.681875 0.009423 0.109705
2 1 0.018210 0.129884 0.753000 0.013466 0.085439
2 1 0.013631 0.092242 0.819789 0.018648 0.055690
2 1 0.010999 0.072637 0.847322 0.022224 0.046818
2 1 0.007598 0.053629 0.879387 0.025488 0.033898
2 1 0.005418 0.046439 0.897996 0.026907 0.023240
2 1 0.004317 0.042052 0.908835 0.026224 0.018572
2 1 0.003262 0.037052 0.923490 0.020577 0.015619
2 2 0.002089 0.030308 0.939940 0.016871 0.010793
2 2 0.002032 0.029872 0.942049 0.014906 0.011142
2 2 0.002034 0.029892 0.941914 0.015063 0.011097
2 2 0.002091 0.030227 0.941763 0.014133 0.011787
2 2 0.002376 0.032083 0.936598 0.016421 0.012522
2 2 0.002226 0.031239 0.936584 0.019099 0.010851
2 2 0.002520 0.033144 0.927915 0.025766 0.010655
2 2 0.003058 0.036185 0.917998 0.030819 0.011940
2 2 0.002247 0.031543 0.927162 0.030343 0.008705
2 2 0.001739 0.028096 0.935762 0.027410 0.006993
2 2 0.001447 0.025870 0.939247 0.027705 0.005730
2 2 0.001418 0.025659 0.936177 0.031486 0.005260
2 2 0.001743 0.028173 0.928586 0.035328 0.006170
2 2 0.002110 0.030698 0.924023 0.035656 0.007513
2 2 0.002597 0.033527 0.923505 0.030427 0.009944
2 2 0.002637 0.033886 0.921831 0.031546 0.010101
2 2 0.002383 0.032416 0.920571 0.036151 0.008480
2 2 0.002079 0.030510 0.920176 0.040279 0.006956
2 2 0.002629 0.033892 0.910208 0.044833 0.008437
2 2 0.002565 0.033518 0.911823 0.043774 0.008320
2 2 0.001715 0.027987 0.919778 0.045159 0.005360
2 2 0.001316 0.024833 0.929533 0.040009 0.004308
2 2 0.001097 0.022867 0.936121 0.036174 0.003741
2 2 0.001281 0.024510 0.937284 0.032258 0.004667
2 2 0.001780 0.028454 0.916951 0.047376 0.005439
2 2 0.002604 0.033529 0.875144 0.082630 0.006092
2 2 0.003198 0.035297 0.777529 0.179032 0.004943
2 2 0.004270 0.037962 0.678563 0.274051 0.005154
2 2 0.004039 0.035524 0.621543 0.334648 0.004246
2 2 0.004512 0.035228 0.549187 0.406954 0.004119
2 2 0.004050 0.031733 0.490790 0.470163 0.003263
2 2 0.004347 0.032734 0.489304 0.470101 0.003514
2 2 0.003856 0.033838 0.586951 0.371608 0.003747
2 2 0.003581 0.035079 0.681320 0.275752 0.004268
2 2 0.003221 0.034826 0.747485 0.209938 0.004531
2 2 0.003749 0.036714 0.719395 0.235187 0.004956
2 2 0.003752 0.036877 0.725925 0.228394 0.005052
2 2 0.004011 0.037268 0.693966 0.259757 0.004998
2 2 0.003982 0.037178 0.695520 0.258344 0.004977
3 2 0.003542 0.017568 0.171770 0.805727 0.001393
3 2 0.004104 0.019122 0.177508 0.797606 0.001661
3 3 0.004099 0.019106 0.177454 0.797683 0.001658
3 3 0.004335 0.019730 0.179661 0.794502 0.001772
3 3 0.004917 0.021207 0.184695 0.787120 0.002060
3 3 0.011821 0.034827 0.221294 0.726173 0.005885
3 3 0.020762 0.051863 0.301996 0.613185 0.012195
3 3 0.053453 0.084271 0.412881 0.421261 0.028134
3 3 0.035756 0.066562 0.351709 0.528553 0.017420
3 3 0.032608 0.066994 0.310336 0.572307 0.017755
3 3 0.021541 0.050234 0.253000 0.663108 0.012116
3 3 0.023122 0.056586 0.267149 0.640159 0.012984
3 3 0.011751 0.039492 0.285126 0.656793 0.006838
3 3 0.006962 0.034889 0.359661 0.593947 0.004541
3 3 0.003535 0.026399 0.384325 0.583451 0.002290
3 3 0.003305 0.025069 0.368753 0.600808 0.002065
3 3 0.002986 0.023393 0.352644 0.619185 0.001792
3 3 0.002877 0.021734 0.315289 0.658508 0.001594
3 3 0.003240 0.023902 0.341502 0.629443 0.001913
3 3 0.003012 0.020950 0.281137 0.693346 0.001555
3 3 0.003243 0.018875 0.214099 0.762352 0.001430
3 3 0.003885 0.019584 0.195462 0.779419 0.001650
3 3 0.004059 0.018999 0.177066 0.798238 0.001638
3 3 0.004332 0.019723 0.179638 0.794536 0.001771
3 3 0.003813 0.018330 0.174627 0.801710 0.001521
3 3 0.003609 0.017759 0.172492 0.804717 0.001424
3 3 0.003341 0.016989 0.169534 0.808837 0.001299
3 3 0.004231 0.019458 0.178705 0.795884 0.001722
3 3 0.003293 0.016846 0.168975 0.809609 0.001277
3 3 0.003178 0.016504 0.167622 0.811472 0.001224
3 3 0.002543 0.014511 0.159314 0.822694 0.000939
3 3 0.002988 0.015927 0.165293 0.814655 0.001137
3 3 0.003164 0.016462 0.167456 0.811701 0.001218
3 3 0.003283 0.016817 0.168860 0.809767 0.001272
3 3 0.002606 0.014718 0.160213 0.821496 0.000966
3 3 0.002073 0.012891 0.151959 0.832340 0.000736
3 3 0.002425 0.014118 0.157585 0.824985 0.000887
3 3 0.002566 0.014587 0.159644 0.822255 0.000949
3 3 0.002666 0.014911 0.161045 0.820386 0.000993
3 3 0.002541 0.014505 0.159287 0.822729 0.000938
3 3 0.002647 0.014850 0.160781 0.820738 0.000984
3 3 0.002303 0.013702 0.155713 0.827448 0.000834
3 3 0.002821 0.015407 0.163143 0.817567 0.001062
3 3 0.002971 0.015875 0.165078 0.814947 0.001129
3 3 0.003594 0.017717 0.172336 0.804935 0.001417
3 3 0.003912 0.018603 0.175630 0.800287 0.001568
3 3 0.003439 0.017272 0.170634 0.807310 0.001345
3 3 0.004334 0.019729 0.179660 0.794504 0.001772
3 3 0.004621 0.020466 0.182205 0.790795 0.001913
3 3 0.004459 0.020052 0.180783 0.792872 0.001833
3 3 0.003702 0.018020 0.173474 0.803337 0.001468
3 3 0.003095 0.016256 0.166628 0.812835 0.001186
3 3 0.002722 0.015092 0.161813 0.819356 0.001018
3 3 0.003197 0.016561 0.167849 0.811160 0.001233
3 3 0.003196 0.016559 0.167841 0.811172 0.001232
3 3 0.003348 0.017007 0.169605 0.808739 0.001302
3 3 0.004060 0.019002 0.177079 0.798220 0.001639
3 3 0.006170 0.024139 0.193937 0.773053 0.002702
3 3 0.009414 0.030658 0.211627 0.743823 0.004479
3 3 0.012171 0.035398 0.222534 0.723802 0.006095
3 3 0.003772 0.018364 0.176987 0.799363 0.001514
3 3 0.003065 0.016577 0.174677 0.804477 0.001204
3 3 0.003401 0.020933 0.251351 0.722661 0.001653
3 3 0.002409 0.019653 0.303758 0.672895 0.001285
3 3 0.002531 0.023945 0.430186 0.541591 0.001746
3 3 0.001952 0.022359 0.477011 0.497236 0.001442
2 3 0.002024 0.023887 0.527427 0.445010 0.001652
2 3 0.002528 0.026870 0.544409 0.424023 0.002171
2 3 0.004035 0.034236 0.575719 0.382161 0.003848
2 3 0.004372 0.036483 0.608941 0.345698 0.004506
2 3 0.004204 0.036086 0.618077 0.337231 0.004403
2 3 0.003727 0.034851 0.645694 0.311627 0.004101
2 3 0.004789 0.039100 0.645414 0.305289 0.005408
2 3 0.004942 0.039260 0.631333 0.319043 0.005422
2 3 0.006517 0.043584 0.601829 0.341166 0.006903
2 3 0.004617 0.037624 0.616328 0.336568 0.004864
2 3 0.005278 0.041274 0.658734 0.288494 0.006220
2 3 0.005542 0.045691 0.790953 0.148005 0.009809
2 3 0.004814 0.043701 0.861639 0.078412 0.011435
2 3 0.003224 0.036984 0.880240 0.071317 0.008236
2 3 0.004988 0.044771 0.859164 0.078716 0.012362
2 3 0.005204 0.045724 0.867269 0.067840 0.013963
2 3 0.006510 0.051478 0.864558 0.058770 0.018685
2 3 0.004069 0.041127 0.891042 0.051303 0.012459
2 3 0.001558 0.026800 0.925948 0.040582 0.005112
2 3 0.001361 0.025214 0.928292 0.040708 0.004425
2 3 0.001313 0.024709 0.935906 0.033440 0.004632
2 3 0.001169 0.023539 0.932977 0.038434 0.003880
2 3 0.001923 0.029461 0.919762 0.042629 0.006225
2 3 0.005216 0.045774 0.867505 0.067467 0.014038
2 3 0.007404 0.052719 0.862097 0.057051 0.020729
2 3 0.008132 0.058353 0.863052 0.046639 0.023824
2 3 0.008445 0.067181 0.854898 0.044719 0.024757
2 3 0.008735 0.068567 0.841950 0.058504 0.022244
2 3 0.011588 0.091239 0.825346 0.040845 0.030982
2 3 0.012981 0.094327 0.805877 0.057100 0.029716
2 3 0.007269 0.052489 0.827693 0.096065 0.016484
2 3 0.003521 0.038157 0.851843 0.098872 0.007606
2 3 0.003666 0.037444 0.771079 0.182164 0.005647
2 3 0.002733 0.031421 0.702640 0.259868 0.003339
2 3 0.002313 0.028779 0.685749 0.280494 0.002665
2 3 0.002486 0.029349 0.665896 0.299517 0.002752
2 3 0.002669 0.027908 0.559125 0.407929 0.002370
2 3 0.002378 0.026516 0.561311 0.407694 0.002101
2 2 0.002776 0.027899 0.538260 0.428691 0.002374
2 2 0.005518 0.040237 0.597391 0.351170 0.005684
2 2 0.010761 0.053712 0.575770 0.348321 0.011436
2 2 0.012533 0.058058 0.585585 0.329913 0.013911
2 2 0.019577 0.071848 0.597679 0.286739 0.024157
2 2 0.026723 0.097653 0.660550 0.174457 0.040617
2 2 0.043097 0.148306 0.619931 0.124298 0.064367
2 2 0.028946 0.139065 0.705362 0.071069 0.055557
2 2 0.041302 0.205681 0.631882 0.039762 0.081373
2 2 0.009815 0.067914 0.828913 0.069220 0.024138
2 2 0.009096 0.058540 0.805091 0.108005 0.019268
2 2 0.008826 0.056767 0.804842 0.110895 0.018670
2 2 0.002881 0.035237 0.890587 0.063523 0.007772
2 2 0.001905 0.029328 0.912770 0.050333 0.005664
2 2 0.002557 0.033472 0.912458 0.043161 0.008352
2 2 0.003786 0.039846 0.895432 0.049124 0.011812
0 2 0.595826 0.119883 0.114711 0.068370 0.101210
0 2 0.638971 0.138947 0.088007 0.032815 0.101259
0 0 0.581769 0.178213 0.095526 0.025656 0.118836
0 0 0.541032 0.204974 0.100964 0.022700 0.130330
0 0 0.415717 0.242963 0.113836 0.020613 0.206869
4 0 0.223741 0.297245 0.134397 0.017832 0.326785
4 1 0.085239 0.287593 0.302394 0.015986 0.308787
4 1 0.080450 0.262134 0.299499 0.019546 0.338372
4 0 0.093087 0.246268 0.208730 0.018729 0.433186
4 0 0.084401 0.299865 0.292625 0.014346 0.308762
4 0 0.055145 0.239840 0.236230 0.007441 0.461343
4 1 0.038407 0.201325 0.336203 0.008464 0.415602
4 1 0.039219 0.155627 0.209188 0.009268 0.586699
4 1 0.043019 0.140517 0.201094 0.013861 0.601510
4 1 0.046162 0.107273 0.158213 0.023285 0.665067
4 1 0.054472 0.067210 0.092871 0.045242 0.740205
4 4 0.041196 0.036886 0.060085 0.044149 0.817684
4 4 0.049215 0.032767 0.047185 0.031705 0.839129
4 4 0.059449 0.037737 0.052625 0.034660 0.815529
4 4 0.090412 0.060773 0.074983 0.042421 0.731410
4 4 0.077240 0.070143 0.099639 0.062675 0.690303
4 4 0.097905 0.084204 0.084911 0.034510 0.698470
4 4 0.090483 0.084485 0.084733 0.033330 0.706968
4 4 0.086818 0.063587 0.076980 0.041454 0.731161
4 4 0.080837 0.055126 0.065860 0.035199 0.762977
4 4 0.081729 0.042070 0.051208 0.030010 0.794984
4 4 0.089085 0.035417 0.042863 0.026645 0.805991
4 4 0.125581 0.036810 0.040245 0.023944 0.773421
4 4 0.198327 0.054158 0.051125 0.026170 0.670221
4 4 0.197891 0.061423 0.056465 0.027040 0.657182
4 4 0.165689 0.072256 0.075045 0.038790 0.648220
4 4 0.170310 0.064456 0.071491 0.041927 0.651816
4 4 0.271220 0.091485 0.092129 0.050779 0.494387
4 4 0.150531 0.076963 0.091959 0.055294 0.625253
4 4 0.091098 0.068136 0.086670 0.049965 0.704130
4 4 0.064782 0.062214 0.106018 0.082717 0.684269
4 4 0.064506 0.055008 0.094927 0.078174 0.707385
4 4 0.087086 0.055911 0.082781 0.060854 0.713368
4 4 0.088595 0.070077 0.093910 0.057367 0.690051
4 4 0.090709 0.076400 0.087801 0.042749 0.702341
4 4 0.078503 0.062950 0.085912 0.053132 0.719503
4 4 0.089703 0.051020 0.073992 0.054454 0.730830
4 4 0.058274 0.033696 0.046296 0.030486 0.831247
4 4 0.060601 0.042070 0.049737 0.025541 0.822051
4 4 0.050251 0.043993 0.052519 0.025549 0.827689
4 4 0.048209 0.053500 0.059233 0.024482 0.814577
4 4 0.043652 0.063217 0.055258 0.015357 0.822517
4 4 0.054095 0.101119 0.069159 0.012849 0.762778
4 4 0.051169 0.197117 0.206112 0.008776 0.536826
2 4 0.043093 0.246376 0.410488 0.008253 0.291790
2 4 0.040286 0.242388 0.515923 0.009771 0.191632
2 4 0.041313 0.224202 0.418021 0.009829 0.306635
4 4 0.042350 0.174428 0.324746 0.014329 0.444148
4 4 0.046094 0.083703 0.117827 0.026253 0.726123
4 4 0.047892 0.047882 0.082317 0.054261 0.767648
4 4 0.035945 0.031291 0.049343 0.034552 0.848870
4 4 0.035212 0.025778 0.037231 0.024010 0.877770
4 4 0.034811 0.019022 0.023803 0.013484 0.908880
4 4 0.043053 0.020800 0.025176 0.014221 0.896749
4 4 0.049108 0.041964 0.045841 0.019797 0.843290
4 4 0.056616 0.090752 0.080205 0.022539 0.749888
4 4 0.080905 0.182711 0.158646 0.019944 0.557794
4 4 0.059576 0.232936 0.312891 0.013472 0.381126
2 4 0.048478 0.263611 0.411475 0.008915 0.267520
2 4 0.031943 0.216723 0.603013 0.009489 0.138833
2 4 0.029212 0.208895 0.629334 0.009031 0.123529
2 4 0.029681 0.208735 0.635987 0.009448 0.116149
2 4 0.031251 0.208607 0.602060 0.009994 0.148087
2 4 0.035709 0.211684 0.566548 0.011939 0.174120
2 4 0.035627 0.204202 0.574505 0.013236 0.172431
2 4 0.037612 0.205859 0.564389 0.014247 0.177893
2 4 0.034616 0.190841 0.576974 0.014901 0.182668
2 4 0.037313 0.190324 0.574420 0.017475 0.180467
2 4 0.033788 0.191916 0.601025 0.014580 0.158692
2 4 0.033950 0.190911 0.647877 0.016060 0.111202
2 4 0.024155 0.125407 0.746264 0.026294 0.077879
2 4 0.020007 0.100525 0.780452 0.032220 0.066796
2 2 0.015691 0.088469 0.810304 0.027573 0.057961
2 2 0.012108 0.066917 0.840683 0.033153 0.047139
2 2 0.008090 0.055169 0.873997 0.028559 0.034187
2 2 0.004923 0.044416 0.905407 0.022037 0.023216
2 2 0.003557 0.038370 0.922282 0.016998 0.018793
2 2 0.003201 0.036462 0.928053 0.013279 0.019005
2 2 0.002740 0.033901 0.934699 0.010736 0.017924
2 2 0.002161 0.030449 0.943008 0.009713 0.014669
2 2 0.001750 0.027689 0.949271 0.009265 0.012026
2 2 0.001579 0.026378 0.952391 0.008178 0.011474
2 2 0.001464 0.025423 0.954649 0.007240 0.011225
2 2 0.001856 0.027799 0.949771 0.006861 0.013712
2 2 0.001882 0.028089 0.949047 0.007366 0.013616
2 2 0.001673 0.027120 0.950611 0.008878 0.011718
2 2 0.002513 0.032749 0.936882 0.012895 0.014961
2 2 0.003324 0.037277 0.924450 0.017867 0.017083
2 3 0.005106 0.045232 0.901599 0.025724 0.022339
2 3 0.008658 0.069455 0.865025 0.020118 0.036745
2 3 0.013477 0.097760 0.817711 0.018169 0.052884
2 3 0.014947 0.108908 0.802303 0.017653 0.056189
2 3 0.017463 0.121231 0.778466 0.015052 0.067789
2 3 0.016955 0.124376 0.777814 0.013241 0.067613
2 3 0.008815 0.076291 0.858810 0.012440 0.043645
2 3 0.005074 0.044717 0.906196 0.015791 0.028222
2 3 0.003010 0.035613 0.929113 0.016017 0.016248
2 3 0.002192 0.031017 0.937339 0.018644 0.010808
2 3 0.002121 0.030656 0.934521 0.023370 0.009331
2 3 0.002424 0.032670 0.919580 0.036764 0.008562
2 3 0.002414 0.032593 0.901387 0.056772 0.006835
2 3 0.002548 0.033197 0.875099 0.083226 0.005931
2 3 0.002550 0.032989 0.855304 0.103879 0.005277
2 3 0.003132 0.035869 0.830484 0.124580 0.005934
2 3 0.003640 0.037795 0.795302 0.157160 0.006104
2 3 0.003641 0.038452 0.832552 0.118201 0.007154
2 3 0.003171 0.036191 0.838124 0.116269 0.006244
2 3 0.002885 0.034592 0.833408 0.123650 0.005465
2 3 0.002698 0.033103 0.804517 0.155197 0.004486
2 3 0.002584 0.032144 0.785342 0.175940 0.003990
2 3 0.003446 0.034232 0.671238 0.287092 0.003992
2 3 0.003685 0.031417 0.525596 0.436153 0.003151
3 3 0.003776 0.027047 0.379637 0.587103 0.002436
3 3 0.003751 0.023805 0.296321 0.674087 0.002036
3 3 0.004103 0.022203 0.238092 0.733645 0.001958
3 3 0.005372 0.022306 0.188269 0.781764 0.002289
3 3 0.004481 0.020108 0.180978 0.792589 0.001844
3 3 0.003205 0.016586 0.167950 0.811022 0.001237
3 3 0.002790 0.015309 0.162731 0.818122 0.001048
3 3 0.002787 0.015301 0.162699 0.818166 0.001047
3 3 0.002662 0.014900 0.160997 0.820449 0.000991
3 3 0.002601 0.014702 0.160146 0.821586 0.000964
3 3 0.002462 0.014241 0.158130 0.824264 0.000903
3 3 0.002300 0.013691 0.155666 0.827510 0.000833
3 3 0.002345 0.013847 0.156372 0.826583 0.000852
3 3 0.002501 0.014371 0.158703 0.823505 0.000920
3 3 0.002627 0.014786 0.160508 0.821103 0.000976
3 3 0.002572 0.014608 0.159736 0.822133 0.000952
3 3 0.002455 0.014218 0.158028 0.824399 0.000900
3 3 0.002405 0.014050 0.157280 0.825387 0.000878
3 3 0.002032 0.012740 0.151242 0.833268 0.000718
3 3 0.002266 0.013574 0.155131 0.828211 0.000818
3 3 0.002576 0.014621 0.159793 0.822056 0.000953
3 3 0.002213 0.013387 0.154275 0.829331 0.000795
3 3 0.001898 0.012247 0.148859 0.836333 0.000663
3 3 0.001892 0.012225 0.148750 0.836473 0.000660
3 3 0.002242 0.013491 0.154752 0.828706 0.000808
3 3 0.002268 0.013581 0.155166 0.828165 0.000819
3 3 0.002366 0.013917 0.156684 0.826173 0.000861
3 3 0.002392 0.014007 0.157090 0.825638 0.000873
3 3 0.003199 0.016568 0.167875 0.811125 0.001234
3 3 0.002884 0.015606 0.163973 0.816446 0.001090
3 3 0.003343 0.016995 0.169557 0.808805 0.001300
3 3 0.003304 0.016880 0.169108 0.809425 0.001282
3 3 0.003037 0.016078 0.165908 0.813817 0.001160
3 3 0.002571 0.014603 0.159714 0.822162 0.000951
3 3 0.001818 0.011944 0.147360 0.838249 0.000629
3 3 0.001796 0.011862 0.146953 0.838768 0.000621
3 3 0.001570 0.010967 0.142356 0.844578 0.000529
3 3 0.001263 0.009660 0.135172 0.853497 0.000408
3 3 0.001094 0.008884 0.130597 0.859082 0.000344
3 3 0.001164 0.009211 0.132553 0.856702 0.000370
3 3 0.001211 0.009428 0.133829 0.855143 0.000388
3 3 0.001045 0.008651 0.129177 0.860800 0.000326
3 3 0.001029 0.008572 0.128690 0.861388 0.000320
3 3 0.001178 0.009276 0.132942 0.856228 0.000376
3 3 0.001385 0.010197 0.138192 0.849770 0.000456
3 3 0.001403 0.010271 0.138605 0.849258 0.000463
3 3 0.001379 0.010169 0.138037 0.849963 0.000453
3 3 0.001580 0.011007 0.142563 0.844318 0.000533
3 3 0.001776 0.011782 0.146549 0.839281 0.000612
3 3 0.001558 0.010918 0.142093 0.844908 0.000524
3 3 0.001452 0.010480 0.139746 0.847840 0.000482
3 3 0.001442 0.010440 0.139526 0.848114 0.000478
3 3 0.001684 0.011425 0.144737 0.841579 0.000575
3 3 0.002098 0.012979 0.152372 0.831805 0.000746
3 3 0.002004 0.012639 0.150756 0.833895 0.000707
3 3 0.001591 0.011052 0.142801 0.844019 0.000537
3 3 0.001938 0.012398 0.149594 0.835391 0.000679
3 3 0.002750 0.015184 0.162205 0.818830 0.001031
3 3 0.002325 0.013776 0.156052 0.827004 0.000843
3 3 0.001790 0.011838 0.146830 0.838924 0.000618
3 3 0.001440 0.010430 0.139476 0.848177 0.000477
3 3 0.001702 0.011494 0.145088 0.841135 0.000582
3 3 0.001802 0.011885 0.147064 0.838626 0.000623
3 3 0.002607 0.014721 0.160226 0.821479 0.000967
3 3 0.002611 0.014734 0.160284 0.821402 0.000969
3 3 0.002145 0.013147 0.153160 0.830782 0.000766
3 3 0.001942 0.012410 0.149654 0.835313 0.000681
3 3 0.002456 0.014222 0.158044 0.824378 0.000901
3 3 0.003163 0.016461 0.167449 0.811709 0.001217
3 3 0.002850 0.015501 0.163533 0.817040 0.001075
3 3 0.002182 0.013281 0.153785 0.829969 0.000782
3 3 0.002421 0.014105 0.157524 0.825065 0.000885
3 3 0.002162 0.013209 0.153449 0.830406 0.000774
3 3 0.002357 0.013888 0.156553 0.826344 0.000858
3 3 0.001612 0.011139 0.143254 0.843449 0.000546
3 3 0.001357 0.010073 0.137508 0.850618 0.000445
3 3 0.001916 0.012313 0.149180 0.835921 0.000670
3 3 0.003490 0.017421 0.171206 0.806514 0.001369
3 3 0.004623 0.020471 0.182223 0.790769 0.001914
3 3 0.007233 0.026419 0.200531 0.762551 0.003267
3 3 0.021255 0.045627 0.239791 0.683650 0.009677
3 3 0.060719 0.072006 0.264746 0.579035 0.023494
2 3 0.171926 0.147327 0.324037 0.289739 0.066971
2 3 0.055902 0.115062 0.542177 0.244720 0.042140
2 3 0.021883 0.089075 0.690817 0.168561 0.029664
2 3 0.018584 0.088981 0.722394 0.138833 0.031209
2 3 0.023217 0.119916 0.740499 0.067897 0.048472
2 3 0.024602 0.110885 0.721125 0.097103 0.046285
2 3 0.023604 0.110442 0.750353 0.057916 0.057685
2 3 0.015758 0.076907 0.797522 0.065149 0.044665
2 2 0.024987 0.119573 0.730121 0.036390 0.088929
2 2 0.028824 0.137386 0.681426 0.028879 0.123486
2 2 0.034790 0.176339 0.580745 0.018573 0.189553
2 2 0.032955 0.180045 0.575095 0.015551 0.196354
2 2 0.030633 0.186712 0.561965 0.011844 0.208845
2 2 0.029983 0.186059 0.513498 0.010300 0.260160
2 2 0.043046 0.217916 0.446057 0.012466 0.280515
2 2 0.043571 0.217856 0.515769 0.015165 0.207639
2 2 0.051954 0.232401 0.533755 0.019256 0.162634
2 2 0.053284 0.216344 0.523888 0.026851 0.179633
2 2 0.062955 0.211859 0.445044 0.039229 0.240914
2 2 0.081056 0.205436 0.344699 0.048693 0.320116
2 2 0.091740 0.229644 0.352993 0.052611 0.273013
2 2 0.068206 0.214534 0.448036 0.051020 0.218205
2 2 0.074930 0.193761 0.362006 0.065016 0.304287
4 2 0.100745 0.213318 0.304302 0.073356 0.308279
4 2 0.100174 0.171643 0.212477 0.068328 0.447377
4 2 0.101416 0.171019 0.184751 0.058087 0.484727
4 2 0.071649 0.125357 0.162406 0.053914 0.586674
4 2 0.059885 0.104535 0.115992 0.031878 0.687710
4 2 0.056652 0.118799 0.131830 0.021905 0.670814
4 2 0.056250 0.166764 0.213881 0.017159 0.545946
4 2 0.047816 0.169659 0.264021 0.015271 0.503233
2 2 0.044865 0.217735 0.425519 0.012877 0.299004
2 2 0.036119 0.193630 0.562038 0.015251 0.192962
2 2 0.029583 0.165522 0.657435 0.017684 0.129777
2 2 0.027895 0.147888 0.702547 0.022177 0.099493
2 2 0.029839 0.146971 0.707797 0.026041 0.089352
2 2 0.025025 0.115780 0.747837 0.035836 0.075522
2 2 0.015329 0.081780 0.810733 0.044565 0.047593
2 2 0.008246 0.055821 0.867243 0.038721 0.029970
2 2 0.006038 0.048603 0.893434 0.024897 0.027028
2 2 0.006492 0.050172 0.888813 0.025997 0.028525
2 2 0.025519 0.123901 0.728777 0.068768 0.053036
2 2 0.023861 0.105830 0.737797 0.081703 0.050809
2 2 0.022378 0.085321 0.725583 0.121841 0.044877
2 2 0.010476 0.061418 0.810600 0.093014 0.024491
2 2 0.011160 0.063265 0.816095 0.081450 0.028031
2 2 0.013301 0.082370 0.827623 0.038059 0.038648
2 2 0.021710 0.133854 0.754140 0.027042 0.063253
2 2 0.035676 0.216087 0.641307 0.022034 0.084895
2 2 0.054889 0.315897 0.498480 0.014089 0.116646
2 2 0.053330 0.325567 0.490988 0.011544 0.118571
2 2 0.040470 0.257121 0.572980 0.009505 0.119923
2 2 0.024083 0.163230 0.714595 0.012817 0.085275
2 2 0.020299 0.142401 0.747961 0.013231 0.076108
2 2 0.011962 0.089107 0.831098 0.015624 0.052210
2 2 0.008478 0.059702 0.871176 0.021429 0.039216
2 2 0.006241 0.049173 0.893022 0.021477 0.030087
2 2 0.007577 0.055671 0.879944 0.020287 0.036520
2 2 0.012026 0.092066 0.828447 0.014511 0.052949
2 2 0.018672 0.137459 0.758823 0.012300 0.072745
2 2 0.029786 0.213099 0.646913 0.009151 0.101051
2 2 0.034571 0.245992 0.599646 0.007981 0.111810
2 2 0.038306 0.263257 0.571957 0.007897 0.118583
2 2 0.025393 0.200144 0.673359 0.008001 0.093102
2 2 0.017156 0.146878 0.755349 0.008644 0.071974
2 2 0.008926 0.077667 0.857058 0.012194 0.044155
2 2 0.006041 0.049007 0.895667 0.017505 0.031780
2 2 0.006896 0.057945 0.884358 0.015099 0.035701
2 2 0.011756 0.102018 0.821187 0.010585 0.054454
2 2 0.020114 0.118605 0.782043 0.013739 0.065499
2 2 0.034321 0.129712 0.741615 0.018793 0.075559
2 2 0.029779 0.116862 0.769463 0.022793 0.061103
2 2 0.020633 0.120544 0.784692 0.019792 0.054338
2 2 0.029245 0.183856 0.691531 0.020456 0.074912
2 2 0.035679 0.213972 0.639273 0.018559 0.092517
2 2 0.035899 0.214595 0.638838 0.019298 0.091370
2 2 0.018130 0.119144 0.779129 0.019741 0.063856
2 2 0.004311 0.041988 0.910009 0.024519 0.019173
2 2 0.002220 0.031081 0.939465 0.015072 0.012162
2 2 0.002135 0.030326 0.943147 0.010359 0.014033
2 2 0.001703 0.027229 0.950537 0.008579 0.011952
2 2 0.001177 0.023277 0.956770 0.011725 0.007051
2 2 0.001263 0.024117 0.953433 0.014294 0.006893
2 2 0.001382 0.025248 0.946532 0.020501 0.006338
2 2 0.002401 0.032515 0.922734 0.033461 0.008888
2 2 0.002264 0.031687 0.907605 0.051745 0.006699
2 2 0.001850 0.028842 0.892269 0.072487 0.004552
2 2 0.002367 0.031975 0.862701 0.097921 0.005036
2 2 0.002886 0.034879 0.853790 0.102389 0.006056
2 2 0.002501 0.032359 0.829879 0.130699 0.004562
2 2 0.003193 0.036134 0.826991 0.127707 0.005975
2 2 0.003463 0.037491 0.826667 0.125818 0.006560
2 2 0.003700 0.038960 0.847267 0.102201 0.007872
2 2 0.004221 0.041675 0.871617 0.071577 0.010910
2 2 0.004052 0.041056 0.893506 0.048641 0.012745
2 2 0.004277 0.041305 0.904819 0.034927 0.014672
2 2 0.003987 0.039825 0.908584 0.034188 0.013415
2 2 0.005074 0.045297 0.878027 0.056683 0.014918
2 2 0.006435 0.050002 0.846255 0.081467 0.015841
2 2 0.010641 0.060636 0.764823 0.144297 0.019604
2 2 0.010477 0.059387 0.738691 0.174111 0.017334
2 2 0.008031 0.062199 0.836980 0.073785 0.019005
2 2 0.011995 0.081777 0.813456 0.064505 0.028266
2 2 0.012872 0.077598 0.806199 0.072786 0.030545
2 2 0.004258 0.041647 0.855903 0.088336 0.009857
2 2 0.003914 0.040269 0.870505 0.075509 0.009802
2 2 0.004523 0.043007 0.873959 0.066310 0.012201
2 2 0.005393 0.046512 0.890052 0.038771 0.019272
2 2 0.004166 0.041512 0.904576 0.034036 0.015711
2 2 0.003963 0.040656 0.900026 0.041927 0.013428
2 2 0.004219 0.041799 0.894460 0.045812 0.013709
2 2 0.005097 0.045373 0.875534 0.059357 0.014639
2 2 0.006548 0.050128 0.830263 0.098470 0.014591
2 2 0.007972 0.053122 0.761917 0.163443 0.013545
2 2 0.005055 0.042672 0.741766 0.203092 0.007416
2 2 0.007003 0.046083 0.631721 0.307187 0.008006
2 2 0.008277 0.049675 0.629571 0.302859 0.009618
2 2 0.012252 0.058224 0.602255 0.313172 0.014097
2 2 0.009924 0.057378 0.721562 0.195839 0.015297
2 2 0.006991 0.051163 0.807606 0.120214 0.014025
2 2 0.004042 0.040720 0.858895 0.086928 0.009415
2 2 0.008136 0.054887 0.816839 0.102387 0.017751
2 2 0.014190 0.072347 0.811965 0.070214 0.031284
2 2 0.117856 0.194522 0.521551 0.039776 0.126295
2 2 0.211229 0.151677 0.447739 0.060616 0.128739
2 2 0.176047 0.130106 0.471290 0.081367 0.141191
0 2 0.379828 0.147346 0.193182 0.074536 0.205108
0 0 0.424571 0.153182 0.113422 0.042824 0.266001
0 0 0.438723 0.200269 0.107324 0.024767 0.228918
4 1 0.261529 0.242014 0.134263 0.025979 0.336215
0 1 0.296056 0.293643 0.107382 0.011678 0.291241
4 1 0.061554 0.271511 0.316805 0.009910 0.340220
2 1 0.033088 0.189026 0.552062 0.013229 0.212595
2 2 0.033862 0.168903 0.488691 0.016061 0.292483
2 2 0.038175 0.161819 0.441737 0.020403 0.337866
4 2 0.041190 0.157645 0.273774 0.014054 0.513337
4 2 0.044573 0.129942 0.169939 0.014639 0.640907
4 2 0.051233 0.131398 0.150068 0.016261 0.651040
4 4 0.048195 0.124220 0.166072 0.018774 0.642739
4 4 0.042805 0.106262 0.115621 0.013523 0.721788
4 4 0.046283 0.109133 0.116862 0.015126 0.712596
4 4 0.050369 0.094819 0.082894 0.016462 0.755455
4 4 0.042815 0.058129 0.052979 0.015817 0.830260
4 4 0.038122 0.054456 0.053636 0.017478 0.836308
4 4 0.025652 0.034290 0.047430 0.024464 0.868164
4 4 0.022038 0.027159 0.044484 0.029268 0.877051
4 4 0.020205 0.018652 0.028140 0.017596 0.915407
4 4 0.031282 0.022977 0.032744 0.020552 0.892445
4 4 0.039033 0.021040 0.026526 0.015347 0.898054
4 4 0.064497 0.038135 0.050280 0.031330 0.815758
4 4 0.070292 0.036634 0.040502 0.020489 0.832083
4 4 0.105783 0.060219 0.068978 0.037017 0.728004
4 4 0.114783 0.069361 0.078200 0.040766 0.696889
4 4 0.148163 0.078380 0.076911 0.034806 0.661741
4 4 0.070178 0.051257 0.078674 0.058042 0.741848
4 4 0.056901 0.045873 0.075183 0.057886 0.764156
4 4 0.045943 0.045710 0.082280 0.066779 0.759288
4 4 0.043672 0.051877 0.102837 0.090626 0.710989
4 4 0.064522 0.051848 0.074086 0.048078 0.761465
4 4 0.095563 0.072083 0.079186 0.037282 0.715885
4 4 0.108650 0.081845 0.090881 0.043919 0.674705
4 4 0.049579 0.065172 0.113807 0.083311 0.688131
4 4 0.046772 0.052556 0.089206 0.066274 0.745193
4 4 0.043687 0.050703 0.097778 0.084305 0.723527
4 4 0.074863 0.060942 0.105099 0.088562 0.670534
4 4 0.093395 0.073367 0.092791 0.052593 0.687854
4 4 0.112904 0.115313 0.110729 0.040969 0.620084
4 4 0.090428 0.132236 0.122190 0.032213 0.622933
4 4 0.064175 0.123367 0.107279 0.019753 0.685427
4 4 0.094187 0.215998 0.152373 0.017071 0.520370
4 4 0.091768 0.305541 0.230273 0.011347 0.361072
4 4 0.084757 0.313158 0.240809 0.009540 0.351736
2 4 0.056975 0.283669 0.357954 0.008753 0.292649
2 4 0.059429 0.293320 0.401063 0.010067 0.236120
2 4 0.050435 0.287295 0.468364 0.009023 0.184883
2 4 0.047081 0.273986 0.501852 0.009551 0.167530
2 4 0.040095 0.248767 0.567092 0.010004 0.134041
2 4 0.035223 0.241984 0.584846 0.008462 0.129485
2 4 0.029517 0.212965 0.647835 0.009005 0.100678
2 4 0.030798 0.202158 0.654980 0.011394 0.100669
2 4 0.039662 0.227935 0.585234 0.012695 0.134474
2 4 0.044495 0.233433 0.575389 0.014903 0.131780
2 2 0.044950 0.231005 0.547490 0.014860 0.161695
2 2 0.044508 0.231276 0.555772 0.014744 0.153700
2 2 0.043469 0.236567 0.541866 0.012881 0.165217
2 2 0.037804 0.240008 0.547253 0.009359 0.165575
2 2 0.043316 0.243309 0.579264 0.012724 0.121386
2 2 0.038199 0.169482 0.677568 0.019135 0.095615
2 2 0.034545 0.130104 0.733973 0.022793 0.078585
2 2 0.042755 0.166630 0.670843 0.022474 0.097298
2 2 0.072925 0.246872 0.519356 0.026421 0.134426
1 2 0.137385 0.347865 0.323815 0.034507 0.156428
2 2 0.097898 0.364131 0.370615 0.024913 0.142444
2 2 0.080102 0.350063 0.358559 0.010380 0.200896
2 2 0.030119 0.184762 0.674075 0.014108 0.096935
2 2 0.024740 0.132478 0.739808 0.026151 0.076823
2 2 0.017325 0.087834 0.784637 0.067225 0.042978
