4 0 0.107657 0.208402 0.101459 0.006806 0.575676
4 1 0.014559 0.053103 0.020070 0.000075 0.912194
4 1 0.017213 0.057490 0.020769 0.000098 0.904429
4 4 0.021056 0.072668 0.030861 0.000178 0.875238
4 4 0.024658 0.115541 0.088515 0.000513 0.770773
4 4 0.018371 0.117986 0.127827 0.000445 0.735370
4 4 0.019165 0.111947 0.105702 0.000402 0.762784
4 4 0.022265 0.114015 0.094948 0.000464 0.768308
4 4 0.026125 0.125077 0.103423 0.000642 0.744733
4 4 0.026514 0.125635 0.103084 0.000656 0.744111
4 4 0.026267 0.127840 0.109209 0.000680 0.736004
4 4 0.023102 0.096036 0.057871 0.000329 0.822662
4 4 0.021600 0.093991 0.058563 0.000299 0.825548
4 4 0.025138 0.115132 0.085937 0.000516 0.773277
4 4 0.022316 0.104554 0.075055 0.000383 0.797693
4 4 0.019873 0.082808 0.045796 0.000218 0.851305
4 4 0.017996 0.064981 0.027131 0.000127 0.889764
4 4 0.019716 0.066974 0.026750 0.000145 0.886415
4 4 0.019695 0.069962 0.030866 0.000169 0.879308
4 4 0.019898 0.072926 0.037705 0.000238 0.869233
4 4 0.022458 0.077510 0.037782 0.000271 0.861978
4 4 0.027092 0.089574 0.042566 0.000354 0.840414
4 4 0.036723 0.143083 0.119379 0.001546 0.699269
4 4 0.040241 0.177547 0.208344 0.003277 0.570591
4 4 0.035435 0.173959 0.262729 0.004276 0.523601
4 1 0.034037 0.171264 0.255043 0.003716 0.535940
4 1 0.035388 0.187710 0.298651 0.004254 0.473997
4 1 0.033312 0.185596 0.256397 0.002467 0.522229
4 1 0.027298 0.175697 0.272873 0.001916 0.522216
4 1 0.025251 0.149800 0.179400 0.001027 0.644522
4 1 0.021338 0.110021 0.090121 0.000415 0.778106
4 1 0.025170 0.110286 0.076469 0.000469 0.787606
4 4 0.025742 0.114540 0.098366 0.000798 0.760554
4 4 0.023597 0.090666 0.055839 0.000416 0.829482
4 4 0.026236 0.104048 0.069960 0.000558 0.799198
4 4 0.029171 0.092245 0.042136 0.000385 0.836062
4 4 0.031075 0.094450 0.043320 0.000457 0.830698
4 1 0.044221 0.142494 0.097528 0.001751 0.714006
4 1 0.049486 0.190890 0.190216 0.003734 0.565674
4 1 0.044873 0.191309 0.248985 0.005336 0.509496
2 1 0.040461 0.191067 0.397821 0.013194 0.357457
2 1 0.045032 0.193107 0.384292 0.016350 0.361219
2 1 0.046077 0.192625 0.461851 0.030100 0.269348
2 2 0.052584 0.205815 0.369293 0.018606 0.353702
2 2 0.042717 0.187809 0.464146 0.026412 0.278916
4 0 0.043285 0.183583 0.372286 0.016403 0.384442
4 0 0.045342 0.178916 0.299030 0.011934 0.464778
4 1 0.043145 0.155537 0.182852 0.005298 0.613168
4 1 0.044596 0.128058 0.095361 0.002729 0.729255
4 2 0.033799 0.103794 0.071195 0.001351 0.789861
4 2 0.038404 0.113025 0.076267 0.001669 0.770635
4 2 0.041383 0.117114 0.073644 0.001670 0.766189
4 2 0.035731 0.109927 0.081750 0.001770 0.770823
4 2 0.040642 0.130520 0.144129 0.005187 0.679522
4 2 0.046279 0.150224 0.235689 0.014874 0.552934
2 2 0.039444 0.160570 0.447151 0.036235 0.316600
2 2 0.028964 0.135401 0.594945 0.076470 0.164220
2 2 0.028455 0.138061 0.625167 0.068337 0.139979
2 2 0.050290 0.202968 0.420974 0.024567 0.301201
4 2 0.054594 0.218502 0.304135 0.009623 0.413146
2 2 0.003097 0.040395 0.889580 0.055257 0.011671
2 2 0.002817 0.038933 0.897911 0.049420 0.010919
2 2 0.004866 0.054440 0.871622 0.053322 0.015751
2 2 0.009205 0.079177 0.824334 0.062408 0.024876
2 2 0.011973 0.087456 0.787756 0.077245 0.035570
2 2 0.016806 0.097831 0.729007 0.109102 0.047254
2 2 0.017428 0.092358 0.691101 0.155979 0.043134
2 2 0.021496 0.108551 0.681022 0.129462 0.059470
2 2 0.015438 0.088860 0.718887 0.132035 0.044781
2 2 0.016970 0.097867 0.722830 0.104827 0.057506
2 2 0.015631 0.085279 0.691728 0.160876 0.046487
2 2 0.012302 0.076779 0.736312 0.136361 0.038246
2 2 0.011319 0.071085 0.720991 0.164226 0.032378
2 2 0.009946 0.064939 0.725550 0.170870 0.028696
2 2 0.007143 0.046959 0.650126 0.278745 0.017028
2 2 0.010956 0.063876 0.656734 0.241466 0.026967
2 2 0.014612 0.078162 0.647423 0.223051 0.036752
2 2 0.011176 0.063496 0.634022 0.265518 0.025788
2 2 0.005451 0.039304 0.633693 0.308635 0.012918
2 2 0.007291 0.049125 0.671787 0.254285 0.017512
2 2 0.006410 0.046677 0.709565 0.218428 0.018920
2 2 0.010808 0.069812 0.735194 0.145327 0.038859
2 2 0.008981 0.061228 0.734379 0.168575 0.026837
2 2 0.008273 0.057418 0.722807 0.189275 0.022228
2 2 0.008078 0.059995 0.770491 0.137204 0.024232
2 2 0.011221 0.072990 0.746334 0.136227 0.033229
2 2 0.010604 0.068307 0.725743 0.168032 0.027314
2 2 0.010818 0.064613 0.682456 0.217591 0.024520
2 2 0.009432 0.062461 0.723215 0.181955 0.022937
2 2 0.019507 0.097752 0.673899 0.164487 0.044355
2 2 0.025327 0.117799 0.654497 0.138585 0.063791
2 2 0.018085 0.092701 0.666257 0.175872 0.047086
2 2 0.010414 0.063958 0.679731 0.222179 0.023717
2 2 0.007384 0.051703 0.691787 0.231799 0.017327
2 2 0.005093 0.037381 0.637651 0.307243 0.012632
2 2 0.006151 0.041177 0.625339 0.312457 0.014876
2 2 0.005024 0.032182 0.537726 0.413163 0.011905
2 2 0.004730 0.029777 0.508003 0.446413 0.011077
3 2 0.003299 0.020967 0.404996 0.563554 0.007185
3 3 0.004209 0.023444 0.365983 0.598370 0.007994
3 3 0.004486 0.025336 0.392969 0.568449 0.008760
3 3 0.006561 0.034645 0.443014 0.503281 0.012499
3 3 0.004097 0.024605 0.409892 0.553166 0.008239
3 3 0.003555 0.020182 0.330639 0.639163 0.006460
3 3 0.002500 0.015113 0.295139 0.682530 0.004718
3 3 0.002473 0.012596 0.234075 0.747010 0.003846
3 3 0.002297 0.010920 0.212863 0.770666 0.003253
3 3 0.002723 0.009560 0.173167 0.811766 0.002784
3 3 0.002686 0.008048 0.145354 0.841687 0.002225
3 3 0.003309 0.008765 0.143065 0.842382 0.002479
3 3 0.002872 0.008755 0.145857 0.840207 0.002308
3 3 0.003278 0.013833 0.216097 0.762700 0.004092
3 2 0.011280 0.039309 0.348085 0.586181 0.015145
2 1 0.014413 0.064570 0.546669 0.338755 0.035594
2 1 0.039706 0.135664 0.533250 0.122441 0.168939
4 1 0.052959 0.152816 0.283393 0.023994 0.486838
4 1 0.071370 0.125046 0.111641 0.005617 0.686327
4 2 0.056651 0.105970 0.070486 0.002116 0.764777
4 2 0.065885 0.095590 0.046878 0.001267 0.790381
4 2 0.054340 0.119016 0.071154 0.002017 0.753474
2 2 0.009256 0.084530 0.830201 0.046094 0.029919
2 2 0.010927 0.083009 0.790780 0.080974 0.034310
2 2 0.009006 0.076461 0.815143 0.069547 0.029843
2 2 0.009319 0.075169 0.806144 0.076449 0.032919
2 2 0.008980 0.075577 0.819047 0.066774 0.029622
2 2 0.006620 0.056981 0.812746 0.104352 0.019300
2 2 0.004941 0.050157 0.846681 0.082421 0.015800
2 2 0.003859 0.041002 0.836312 0.105991 0.012836
2 2 0.002416 0.030618 0.851194 0.106688 0.009084
2 2 0.002063 0.026644 0.832809 0.130652 0.007831
2 2 0.001843 0.022489 0.760163 0.209045 0.006459
2 2 0.002131 0.025325 0.793417 0.171239 0.007888
2 2 0.001900 0.021758 0.730498 0.239176 0.006667
2 2 0.001589 0.020152 0.765099 0.207083 0.006076
2 2 0.001678 0.020950 0.761407 0.209775 0.006190
2 3 0.001112 0.018073 0.835312 0.140809 0.004695
2 3 0.001324 0.019213 0.801017 0.173252 0.005194
2 3 0.001574 0.020801 0.791746 0.179700 0.006178
2 2 0.000904 0.013736 0.737566 0.244098 0.003696
2 2 0.000778 0.012223 0.707942 0.275971 0.003085
2 2 0.000691 0.010328 0.626560 0.359816 0.002606
2 2 0.001016 0.012504 0.588174 0.394831 0.003473
2 2 0.003418 0.026471 0.579267 0.381700 0.009144
2 2 0.007632 0.048447 0.646690 0.276820 0.020410
2 2 0.009333 0.061099 0.707161 0.193021 0.029385
2 2 0.010840 0.071713 0.733900 0.150683 0.032864
2 2 0.009833 0.071069 0.764462 0.125453 0.029183
2 2 0.009359 0.070776 0.782367 0.108869 0.028629
2 2 0.010124 0.069104 0.751055 0.138580 0.031137
2 2 0.002959 0.028327 0.711791 0.247698 0.009225
2 2 0.001414 0.015522 0.588749 0.389887 0.004428
3 2 0.001082 0.011213 0.456144 0.528454 0.003106
3 2 0.000801 0.008083 0.351019 0.637990 0.002106
3 2 0.000835 0.007024 0.246796 0.743586 0.001759
3 3 0.000819 0.006220 0.193009 0.798454 0.001498
3 3 0.000536 0.004608 0.179068 0.814758 0.001030
3 3 0.000999 0.007518 0.220408 0.769211 0.001864
3 3 0.001141 0.008973 0.257236 0.730506 0.002144
3 3 0.001740 0.013543 0.330736 0.650744 0.003238
3 3 0.002118 0.018417 0.467773 0.507076 0.004617
2 3 0.002147 0.021260 0.595190 0.375835 0.005568
2 2 0.001822 0.021763 0.717846 0.252838 0.005730
2 2 0.001509 0.019273 0.708516 0.265928 0.004773
2 2 0.002360 0.025244 0.679574 0.286522 0.006300
2 2 0.002290 0.024753 0.676264 0.290611 0.006082
2 2 0.001945 0.023200 0.701177 0.268338 0.005341
2 2 0.001454 0.017650 0.636863 0.339905 0.004128
2 2 0.001381 0.017837 0.684727 0.291781 0.004274
2 2 0.000914 0.013498 0.666512 0.316069 0.003007
2 2 0.002103 0.023347 0.698829 0.269449 0.006273
2 2 0.007053 0.044905 0.629280 0.301817 0.016946
2 2 0.021063 0.094452 0.613550 0.195284 0.075651
2 2 0.036332 0.133201 0.532074 0.131276 0.167116
2 2 0.039973 0.145190 0.490205 0.089360 0.235272
2 2 0.056895 0.171646 0.382591 0.064379 0.324489
4 2 0.066062 0.160427 0.132410 0.006821 0.634280
4 2 0.047638 0.124238 0.066231 0.001569 0.760324
4 2 0.057165 0.167747 0.164942 0.007389 0.602756
2 2 0.052480 0.195070 0.392193 0.027642 0.332614
2 2 0.043705 0.180327 0.453598 0.031927 0.290443
2 2 0.008916 0.071694 0.806370 0.078939 0.034081
2 2 0.009536 0.078451 0.809798 0.061916 0.040299
2 2 0.005574 0.056046 0.850272 0.069291 0.018817
2 2 0.003321 0.042291 0.881417 0.061437 0.011534
2 2 0.002185 0.032905 0.894932 0.061723 0.008255
2 2 0.004940 0.053297 0.861587 0.063913 0.016263
2 2 0.004609 0.050056 0.862806 0.066488 0.016041
2 2 0.003420 0.041023 0.867539 0.076193 0.011826
2 2 0.001429 0.024403 0.895330 0.072873 0.005966
2 2 0.002006 0.029054 0.874158 0.087157 0.007626
2 2 0.002716 0.035424 0.867969 0.084389 0.009501
2 2 0.002122 0.028858 0.842054 0.119712 0.007254
2 2 0.001726 0.024972 0.840299 0.126781 0.006222
2 2 0.001962 0.026883 0.837220 0.126987 0.006949
2 2 0.004042 0.040270 0.796111 0.147611 0.011965
2 2 0.004837 0.040093 0.717392 0.224677 0.013001
2 2 0.005002 0.040717 0.721348 0.219131 0.013802
2 2 0.007529 0.055910 0.760200 0.151977 0.024385
2 2 0.016686 0.104698 0.730369 0.069614 0.078633
2 2 0.013354 0.095018 0.756599 0.056597 0.078432
2 2 0.011861 0.087350 0.771109 0.060510 0.069169
2 2 0.008978 0.073451 0.808996 0.067902 0.040674
2 2 0.006535 0.064693 0.848129 0.052072 0.028570
2 2 0.011329 0.098418 0.801350 0.035924 0.052979
2 2 0.008864 0.078973 0.825862 0.051573 0.034727
2 2 0.003534 0.044151 0.882008 0.057994 0.012313
2 2 0.001769 0.029279 0.906885 0.054837 0.007230
2 2 0.001512 0.027798 0.922587 0.041490 0.006614
2 2 0.001516 0.026443 0.910254 0.055277 0.006509
2 2 0.007301 0.065546 0.826121 0.074061 0.026972
2 2 0.009961 0.076757 0.799027 0.078454 0.035801
2 2 0.013748 0.095130 0.762305 0.066917 0.061900
2 4 0.017565 0.113317 0.720635 0.053335 0.095148
2 4 0.011901 0.078463 0.749088 0.107878 0.052671
2 4 0.022000 0.118072 0.670899 0.074092 0.114937
2 2 0.041756 0.186676 0.439546 0.021458 0.310564
2 2 0.025446 0.153227 0.635673 0.030229 0.155426
2 2 0.008740 0.070398 0.804613 0.074840 0.041409
2 2 0.005769 0.050901 0.809769 0.113885 0.019676
2 2 0.014488 0.101095 0.746423 0.053107 0.084886
2 2 0.033132 0.181803 0.417952 0.009682 0.357432
4 2 0.036296 0.182013 0.336113 0.007225 0.438353
2 2 0.034563 0.184503 0.390212 0.008649 0.382073
4 2 0.034193 0.153125 0.211935 0.003844 0.596902
4 2 0.037322 0.137612 0.112443 0.001668 0.710955
4 2 0.035573 0.117851 0.068079 0.000814 0.777683
4 2 0.047734 0.141895 0.085334 0.001645 0.723392
4 2 0.048697 0.175729 0.195654 0.005473 0.574448
4 2 0.049091 0.171874 0.181440 0.005116 0.592479
4 2 0.048503 0.169770 0.168648 0.004315 0.608763
4 2 0.054142 0.184376 0.188119 0.005686 0.567677
4 2 0.052485 0.188464 0.236132 0.008335 0.514584
4 2 0.062423 0.206015 0.292102 0.017462 0.421999
4 2 0.059074 0.199369 0.260985 0.012483 0.468090
4 2 0.052974 0.192807 0.256749 0.009656 0.487815
4 2 0.044346 0.190305 0.312020 0.009460 0.443868
4 2 0.039697 0.182976 0.361878 0.011564 0.403885
2 2 0.027184 0.158701 0.568977 0.022326 0.222812
2 2 0.030246 0.171881 0.510059 0.016124 0.271689
2 2 0.031396 0.177319 0.468361 0.012434 0.310490
4 2 0.059101 0.180991 0.194211 0.008933 0.556764
4 2 0.069171 0.202892 0.205989 0.010581 0.511367
4 2 0.056383 0.211373 0.298939 0.011825 0.421480
4 2 0.054759 0.203237 0.252526 0.008192 0.481286
4 2 0.049252 0.195029 0.268287 0.008090 0.479342
2 2 0.042532 0.187098 0.395930 0.016855 0.357584
4 2 0.047285 0.184429 0.300741 0.012182 0.455363
4 2 0.050035 0.180262 0.292897 0.015154 0.461652
4 2 0.047433 0.170516 0.210221 0.006880 0.564950
4 2 0.056327 0.193247 0.236282 0.009446 0.504698
4 2 0.058878 0.201208 0.230349 0.008580 0.500985
4 2 0.044301 0.176942 0.269474 0.008841 0.500442
4 2 0.042379 0.147873 0.149163 0.003736 0.656850
4 2 0.044787 0.147895 0.164855 0.005759 0.636704
4 2 0.042398 0.118424 0.072665 0.001665 0.764848
4 2 0.036731 0.108117 0.068856 0.001363 0.784932
4 2 0.034557 0.094298 0.053796 0.000884 0.816465
4 2 0.023141 0.068313 0.030547 0.000269 0.877731
4 2 0.038026 0.070130 0.030621 0.000416 0.860807
4 4 0.054841 0.057301 0.017477 0.000249 0.870133
4 4 0.058582 0.031599 0.007590 0.000085 0.902144
4 4 0.113737 0.031962 0.007411 0.000153 0.846737
4 0 0.143046 0.028128 0.006172 0.000150 0.822504
4 0 0.098460 0.013663 0.002374 0.000029 0.885474
4 0 0.155099 0.009168 0.001359 0.000022 0.834352
4 0 0.124241 0.009334 0.001405 0.000018 0.865001
4 0 0.110442 0.016159 0.002957 0.000044 0.870399
4 0 0.089610 0.019735 0.003915 0.000052 0.886688
4 1 0.090105 0.055645 0.015930 0.000345 0.837976
4 1 0.019940 0.051463 0.015920 0.000090 0.912586
4 4 0.021652 0.060249 0.019610 0.000129 0.898360
4 4 0.018642 0.074273 0.036881 0.000168 0.870035
4 4 0.025587 0.093303 0.048392 0.000336 0.832382
4 4 0.031443 0.114025 0.066570 0.000595 0.787366
4 4 0.049037 0.183777 0.158480 0.002698 0.606008
4 1 0.039226 0.151411 0.114728 0.001354 0.693281
4 1 0.039876 0.142868 0.095958 0.001184 0.720114
4 1 0.030867 0.130682 0.117876 0.001265 0.719310
4 1 0.027373 0.115188 0.101563 0.001030 0.754846
4 1 0.029455 0.117000 0.112582 0.001579 0.739384
4 1 0.035324 0.130303 0.128588 0.002478 0.703307
4 1 0.039109 0.129206 0.095545 0.001714 0.734428
4 1 0.050242 0.181199 0.211928 0.006498 0.550133
4 1 0.054366 0.197841 0.266562 0.010360 0.470870
4 2 0.050572 0.183834 0.200978 0.005443 0.559172
4 2 0.048620 0.170663 0.157356 0.003568 0.619792
4 2 0.039654 0.149082 0.132513 0.002154 0.676596
4 2 0.041182 0.152045 0.134571 0.002323 0.669878
4 2 0.041952 0.170487 0.201282 0.004114 0.582165
4 2 0.050875 0.180352 0.149670 0.002864 0.616238
4 2 0.050274 0.162536 0.108066 0.001927 0.677197
4 2 0.050346 0.158777 0.101054 0.001816 0.688007
4 2 0.049749 0.172290 0.129010 0.002242 0.646710
4 2 0.057516 0.229058 0.275209 0.007156 0.431060
4 2 0.061410 0.224761 0.241417 0.006862 0.465550
4 2 0.062125 0.202868 0.167279 0.004368 0.563359
4 2 0.057895 0.183658 0.135236 0.003136 0.620075
4 2 0.054329 0.152072 0.082971 0.001728 0.708900
4 2 0.061067 0.188880 0.164020 0.005373 0.580660
4 2 0.068824 0.199480 0.179920 0.007934 0.543841
2 2 0.029998 0.170373 0.577998 0.024024 0.197607
2 2 0.034212 0.181852 0.535720 0.022134 0.226083
2 2 0.046962 0.212006 0.388104 0.012854 0.340074
4 2 0.051961 0.232566 0.343291 0.008612 0.363570
2 2 0.049045 0.233939 0.402250 0.010715 0.304052
2 2 0.036806 0.206949 0.588370 0.022162 0.145713
2 2 0.042485 0.223229 0.539965 0.019542 0.174779
2 2 0.036632 0.213221 0.560293 0.016212 0.173643
2 2 0.030338 0.202365 0.561687 0.010815 0.194795
2 2 0.027625 0.192685 0.613560 0.013078 0.153053
2 2 0.021121 0.165052 0.706429 0.017545 0.089853
2 2 0.019469 0.151347 0.737324 0.023564 0.068295
2 2 0.014405 0.122938 0.784451 0.028042 0.050164
2 2 0.010658 0.090331 0.814525 0.050044 0.034443
2 2 0.004907 0.050760 0.856322 0.071674 0.016336
2 2 0.004285 0.044532 0.843708 0.093133 0.014342
2 2 0.003525 0.036646 0.804419 0.144134 0.011277
2 2 0.002306 0.026832 0.772281 0.191077 0.007504
2 2 0.002956 0.031372 0.766003 0.190676 0.008993
2 2 0.003427 0.035849 0.792417 0.157843 0.010464
2 2 0.003283 0.037373 0.838609 0.109795 0.010940
2 2 0.003802 0.039065 0.801645 0.144059 0.011428
2 2 0.005215 0.044489 0.744985 0.191690 0.013621
2 2 0.004679 0.039380 0.718673 0.224658 0.012610
2 2 0.006651 0.051597 0.752938 0.170729 0.018085
2 2 0.010669 0.068669 0.722125 0.167762 0.030774
2 2 0.010225 0.070061 0.751553 0.137836 0.030324
2 2 0.008976 0.065452 0.759336 0.143557 0.022679
2 2 0.011370 0.083798 0.784477 0.088635 0.031719
2 2 0.013867 0.100445 0.781665 0.064083 0.039941
2 2 0.010998 0.082818 0.791981 0.082121 0.032082
2 2 0.011220 0.083346 0.787273 0.082111 0.036049
2 2 0.006641 0.054920 0.775781 0.145560 0.017099
2 2 0.003606 0.035962 0.764149 0.186009 0.010274
2 2 0.003408 0.033827 0.740311 0.213063 0.009391
2 2 0.002827 0.029455 0.727591 0.232114 0.008013
2 2 0.001924 0.022938 0.726300 0.242921 0.005917
2 2 0.001853 0.020950 0.681370 0.290150 0.005677
2 2 0.002412 0.025204 0.704961 0.260054 0.007368
2 2 0.001819 0.019491 0.640553 0.332575 0.005562
2 2 0.001963 0.020562 0.642764 0.328831 0.005879
2 2 0.002076 0.020331 0.601461 0.370244 0.005887
2 2 0.003667 0.029039 0.594376 0.363814 0.009105
2 2 0.003949 0.030044 0.588547 0.367708 0.009752
2 2 0.004251 0.032733 0.628056 0.323982 0.010978
2 2 0.002599 0.024193 0.624057 0.342050 0.007100
2 2 0.001663 0.016828 0.544816 0.432217 0.004476
3 2 0.001247 0.013109 0.485876 0.496433 0.003335
3 2 0.001838 0.016628 0.471113 0.506096 0.004324
2 2 0.001795 0.017186 0.503845 0.472860 0.004315
2 2 0.001987 0.019421 0.548110 0.425649 0.004833
2 2 0.003696 0.029088 0.551986 0.407416 0.007814
2 2 0.005085 0.039479 0.650883 0.292970 0.011584
2 2 0.008070 0.058599 0.728597 0.183900 0.020835
2 2 0.016676 0.106423 0.741461 0.072504 0.062937
2 0 0.016695 0.101943 0.730531 0.080946 0.069886
2 1 0.023423 0.143660 0.652206 0.033188 0.147523
2 1 0.033658 0.176021 0.459283 0.015307 0.315731
2 2 0.039521 0.200184 0.424996 0.011965 0.323334
2 2 0.042145 0.193377 0.424348 0.017164 0.322967
2 2 0.006314 0.059002 0.839766 0.075715 0.019203
2 2 0.007650 0.066558 0.826890 0.077339 0.021564
2 2 0.005963 0.055392 0.836851 0.083027 0.018767
2 2 0.009889 0.074772 0.796719 0.092990 0.025629
2 2 0.009275 0.072224 0.803170 0.090719 0.024612
2 2 0.008173 0.061495 0.787994 0.118795 0.023542
2 2 0.007768 0.055545 0.759946 0.154056 0.022685
2 2 0.004431 0.032208 0.608109 0.343587 0.011665
3 2 0.002431 0.018795 0.469379 0.503277 0.006119
3 2 0.003882 0.021899 0.357316 0.609421 0.007482
3 3 0.006274 0.027717 0.344026 0.611779 0.010204
3 3 0.007596 0.023246 0.250208 0.710515 0.008434
3 3 0.008184 0.021775 0.235433 0.726418 0.008189
3 3 0.009279 0.017402 0.183500 0.783383 0.006435
3 3 0.010263 0.012404 0.120975 0.852268 0.004090
3 3 0.009034 0.009516 0.095449 0.883156 0.002845
3 3 0.007255 0.006925 0.075438 0.908492 0.001890
3 3 0.008790 0.007848 0.076655 0.904549 0.002159
3 3 0.004938 0.005139 0.064525 0.924156 0.001242
3 3 0.007055 0.006970 0.073667 0.910514 0.001794
3 3 0.008855 0.006501 0.059496 0.923538 0.001610
3 3 0.009536 0.007469 0.068020 0.913005 0.001971
3 3 0.009847 0.007532 0.068664 0.911920 0.002037
3 3 0.008660 0.006651 0.064203 0.918742 0.001744
3 3 0.007649 0.005859 0.062242 0.922680 0.001570
3 3 0.006069 0.004703 0.055697 0.932327 0.001203
3 3 0.004188 0.003356 0.045295 0.946406 0.000756
3 3 0.002206 0.001932 0.032504 0.963008 0.000350
3 3 0.001911 0.001914 0.034346 0.961488 0.000340
3 3 0.001327 0.001404 0.028398 0.968651 0.000219
3 3 0.002434 0.002436 0.039004 0.955672 0.000453
3 3 0.001983 0.002351 0.042350 0.952875 0.000440
3 3 0.003863 0.003401 0.046701 0.945295 0.000741
3 3 0.006772 0.005423 0.059663 0.926758 0.001384
3 3 0.008906 0.006820 0.066553 0.915866 0.001855
3 3 0.010027 0.007125 0.064323 0.916611 0.001913
3 3 0.009888 0.006696 0.059913 0.921757 0.001746
3 3 0.007482 0.004929 0.048148 0.938298 0.001143
3 3 0.005833 0.003358 0.036186 0.953910 0.000713
3 3 0.005976 0.002910 0.030644 0.959868 0.000602
3 3 0.005780 0.002459 0.025487 0.965794 0.000480
3 3 0.003967 0.001858 0.022865 0.970971 0.000338
3 3 0.003142 0.001609 0.021759 0.973213 0.000277
3 3 0.003280 0.001561 0.019705 0.975201 0.000254
3 3 0.002001 0.001124 0.017968 0.978736 0.000170
3 3 0.002446 0.001372 0.020839 0.975116 0.000227
3 3 0.003794 0.001789 0.022455 0.971640 0.000323
3 3 0.003226 0.001837 0.025598 0.969000 0.000339
3 3 0.003448 0.002032 0.027369 0.966772 0.000380
3 3 0.005234 0.002999 0.033928 0.957218 0.000622
3 3 0.003550 0.002601 0.035844 0.957482 0.000523
3 3 0.002974 0.002396 0.036744 0.957402 0.000484
3 3 0.004946 0.003230 0.039587 0.951519 0.000719
3 3 0.004821 0.003256 0.041185 0.949997 0.000742
3 3 0.006215 0.003978 0.044411 0.944456 0.000941
3 3 0.006571 0.003412 0.035786 0.953469 0.000762
3 3 0.005487 0.003101 0.035241 0.955501 0.000670
3 3 0.004155 0.002558 0.032631 0.960138 0.000519
3 3 0.006299 0.003037 0.031865 0.958148 0.000651
3 3 0.005283 0.002623 0.029252 0.962312 0.000531
3 3 0.009426 0.005177 0.045374 0.938789 0.001234
3 3 0.007829 0.004203 0.039344 0.947687 0.000937
3 3 0.005293 0.003299 0.037451 0.953257 0.000699
3 3 0.011195 0.005650 0.046323 0.935425 0.001407
3 3 0.006903 0.003669 0.035839 0.952810 0.000780
3 3 0.002383 0.001620 0.025069 0.970654 0.000274
3 3 0.003550 0.003123 0.044054 0.948615 0.000659
3 3 0.004702 0.005232 0.067256 0.921547 0.001263
3 3 0.015470 0.017251 0.130402 0.831152 0.005725
3 3 0.031950 0.042447 0.222399 0.684627 0.018576
2 3 0.092308 0.144776 0.369185 0.253988 0.139744
2 1 0.069867 0.189293 0.406136 0.108680 0.226023
4 1 0.071195 0.206366 0.315627 0.033184 0.373629
2 1 0.052420 0.175287 0.478922 0.090602 0.202769
2 1 0.059000 0.184898 0.445509 0.083576 0.227016
2 1 0.029344 0.111085 0.542103 0.250086 0.067382
2 2 0.018668 0.079472 0.535738 0.326648 0.039474
2 2 0.004472 0.032347 0.572438 0.380499 0.010243
2 2 0.003179 0.027474 0.616849 0.344375 0.008123
2 2 0.002113 0.022428 0.653019 0.316576 0.005864
2 2 0.003478 0.033151 0.709170 0.245106 0.009096
2 2 0.002151 0.026928 0.782679 0.181645 0.006597
2 2 0.002138 0.027714 0.808696 0.154609 0.006843
2 2 0.001290 0.019128 0.772401 0.202835 0.004347
2 2 0.001717 0.021384 0.725572 0.245972 0.005356
2 2 0.003076 0.028700 0.670939 0.288959 0.008326
2 2 0.006733 0.045903 0.659579 0.271546 0.016238
2 2 0.003780 0.032912 0.694251 0.258413 0.010643
2 2 0.004148 0.036273 0.721329 0.226562 0.011689
2 2 0.003870 0.037362 0.782373 0.164305 0.012090
2 2 0.003861 0.040790 0.834712 0.107753 0.012883
2 2 0.002336 0.032491 0.884964 0.071003 0.009205
2 2 0.000940 0.018210 0.892402 0.084121 0.004327
2 2 0.000716 0.015823 0.907768 0.072125 0.003567
2 2 0.000597 0.014090 0.899174 0.083262 0.002876
2 2 0.000974 0.018339 0.872411 0.104217 0.004058
2 2 0.000761 0.015748 0.880379 0.099671 0.003440
2 2 0.001296 0.021058 0.856815 0.115609 0.005222
2 2 0.000857 0.017155 0.888171 0.089918 0.003899
2 2 0.000780 0.016289 0.889010 0.090369 0.003551
2 2 0.000358 0.010567 0.915808 0.071309 0.001958
2 2 0.001100 0.020821 0.898387 0.074925 0.004766
2 2 0.001258 0.022820 0.901484 0.069027 0.005412
2 2 0.001881 0.026954 0.851559 0.112834 0.006771
2 2 0.001664 0.023017 0.802623 0.166933 0.005763
2 2 0.001787 0.022042 0.749476 0.220665 0.006029
2 2 0.002524 0.027686 0.766797 0.194576 0.008417
2 2 0.003280 0.030096 0.692625 0.264597 0.009402
2 2 0.004019 0.033786 0.674605 0.276923 0.010667
2 2 0.001980 0.019250 0.571341 0.402063 0.005366
2 2 0.002572 0.023731 0.600441 0.366622 0.006634
2 2 0.001155 0.013805 0.558523 0.423248 0.003270
2 2 0.000763 0.010730 0.568810 0.417299 0.002399
2 3 0.000650 0.009484 0.547848 0.439956 0.002063
2 3 0.000678 0.009971 0.564414 0.422787 0.002149
2 3 0.000737 0.009810 0.514903 0.472313 0.002238
3 3 0.000983 0.011130 0.475532 0.509616 0.002738
3 2 0.002012 0.016955 0.457676 0.518547 0.004810
3 2 0.002210 0.017745 0.447245 0.527677 0.005123
3 2 0.004173 0.027267 0.464775 0.495257 0.008528
2 2 0.001896 0.020318 0.632453 0.339972 0.005361
2 2 0.001205 0.015117 0.626702 0.353231 0.003745
2 2 0.002895 0.029012 0.705529 0.254519 0.008045
2 2 0.003060 0.032406 0.757928 0.197901 0.008704
2 2 0.002207 0.029742 0.848307 0.112063 0.007681
2 2 0.002876 0.037127 0.870317 0.079726 0.009954
2 2 0.003309 0.041762 0.875330 0.068473 0.011127
2 2 0.003352 0.043560 0.888045 0.053241 0.011803
2 2 0.002980 0.041171 0.898450 0.046226 0.011173
2 2 0.001822 0.029801 0.906881 0.054030 0.007466
2 2 0.001355 0.024518 0.909464 0.058793 0.005870
2 2 0.001473 0.025268 0.901477 0.065561 0.006222
2 2 0.001375 0.024555 0.906101 0.062099 0.005870
2 2 0.001259 0.022265 0.891172 0.079994 0.005310
2 2 0.001206 0.020073 0.847854 0.126167 0.004700
2 2 0.000982 0.016470 0.798516 0.180335 0.003696
2 2 0.001715 0.024982 0.837568 0.129700 0.006035
2 2 0.001341 0.021337 0.836767 0.135645 0.004910
2 2 0.001096 0.018499 0.826033 0.150277 0.004094
2 2 0.001324 0.020458 0.818856 0.154528 0.004834
2 2 0.001339 0.021440 0.845521 0.126636 0.005064
2 2 0.001417 0.023181 0.867659 0.102291 0.005452
2 2 0.001556 0.026193 0.895572 0.070476 0.006202
2 2 0.001300 0.022866 0.883397 0.087353 0.005084
2 2 0.001780 0.028516 0.887557 0.075567 0.006581
2 2 0.001661 0.027174 0.883831 0.081261 0.006072
2 2 0.000663 0.015954 0.912824 0.067527 0.003032
2 2 0.001038 0.022155 0.923437 0.048882 0.004488
2 2 0.001214 0.023422 0.909598 0.060763 0.005005
2 2 0.001684 0.028199 0.895977 0.067813 0.006326
2 2 0.000792 0.016283 0.874082 0.105493 0.003350
2 2 0.000954 0.017617 0.849179 0.128518 0.003732
2 2 0.000365 0.008891 0.794967 0.194155 0.001622
2 2 0.000566 0.012032 0.820335 0.164656 0.002411
2 2 0.000494 0.010781 0.800334 0.186293 0.002098
2 2 0.000401 0.010263 0.857379 0.130059 0.001897
2 2 0.000280 0.008382 0.868304 0.121613 0.001421
2 2 0.000593 0.013722 0.882580 0.100408 0.002698
2 2 0.000637 0.013906 0.873184 0.109345 0.002929
2 2 0.000719 0.014490 0.859236 0.122293 0.003261
2 2 0.000575 0.012418 0.851152 0.133170 0.002686
2 2 0.001128 0.018480 0.840671 0.134991 0.004730
2 2 0.001716 0.024814 0.862018 0.104376 0.007076
2 2 0.002170 0.028320 0.845999 0.115302 0.008209
2 2 0.001279 0.021450 0.873137 0.098796 0.005339
2 2 0.000920 0.017663 0.879566 0.097788 0.004063
2 2 0.000953 0.019602 0.914063 0.060931 0.004451
2 2 0.001631 0.025486 0.871902 0.094742 0.006239
2 2 0.000882 0.017192 0.877342 0.100719 0.003865
2 2 0.000829 0.015835 0.851978 0.127831 0.003527
2 2 0.001114 0.019378 0.853039 0.122102 0.004367
2 2 0.001519 0.022477 0.823301 0.147268 0.005435
2 2 0.001825 0.026246 0.842960 0.122579 0.006390
2 2 0.002495 0.032123 0.828272 0.129474 0.007637
2 2 0.001817 0.027309 0.848371 0.116583 0.005920
2 2 0.001739 0.026105 0.848904 0.117288 0.005964
2 2 0.000998 0.018825 0.868122 0.108121 0.003934
2 2 0.001025 0.019158 0.874008 0.101647 0.004162
2 2 0.000953 0.018846 0.893870 0.082172 0.004159
2 2 0.001293 0.022778 0.892425 0.078090 0.005413
2 2 0.027480 0.147197 0.643225 0.049826 0.132273
2 2 0.030351 0.163183 0.576429 0.029966 0.200072
4 2 0.041168 0.170232 0.189899 0.003357 0.595345
4 2 0.052728 0.217205 0.307031 0.009023 0.414013
4 2 0.052719 0.215037 0.242492 0.005084 0.484668
4 2 0.065288 0.202601 0.156143 0.004348 0.571620
4 2 0.050483 0.120712 0.048092 0.000978 0.779734
4 4 0.040710 0.100924 0.038025 0.000570 0.819771
4 4 0.062350 0.141296 0.059235 0.001631 0.735488
4 4 0.129200 0.258952 0.167446 0.017228 0.427173
4 4 0.085801 0.246885 0.221741 0.011106 0.434467
4 4 0.057121 0.215260 0.220755 0.005178 0.501686
4 1 0.058003 0.218949 0.229931 0.005616 0.487501
4 1 0.061762 0.236009 0.282446 0.008520 0.411262
2 1 0.056553 0.236007 0.359267 0.012124 0.336049
2 2 0.043639 0.217167 0.472342 0.015869 0.250983
2 2 0.040186 0.210162 0.480458 0.014583 0.254610
2 2 0.033805 0.191239 0.551801 0.018748 0.204407
2 2 0.034356 0.203808 0.557929 0.015600 0.188306
2 2 0.028014 0.182557 0.634603 0.019516 0.135310
2 2 0.024972 0.179288 0.658838 0.016406 0.120495
2 2 0.027730 0.187597 0.625029 0.015861 0.143783
2 2 0.030811 0.199281 0.604514 0.015580 0.149813
2 2 0.038144 0.216356 0.535848 0.015101 0.194551
2 2 0.037981 0.218615 0.500538 0.011517 0.231349
2 2 0.039294 0.215152 0.470861 0.011519 0.263174
2 2 0.041415 0.220936 0.394071 0.007385 0.336194
4 2 0.042217 0.215185 0.329386 0.005429 0.407784
2 2 0.036283 0.212556 0.406393 0.006134 0.338634
2 2 0.035779 0.213505 0.437428 0.007056 0.306233
2 2 0.037810 0.213107 0.378841 0.005733 0.364509
4 2 0.046131 0.220128 0.318486 0.006029 0.409226
4 2 0.054958 0.215367 0.231661 0.005149 0.492865
4 2 0.061382 0.213234 0.207247 0.005821 0.512316
4 1 0.054988 0.173862 0.129963 0.003049 0.638137
4 1 0.048250 0.155935 0.114109 0.002315 0.679391
4 1 0.036990 0.108220 0.049225 0.000606 0.804959
4 4 0.030456 0.083662 0.030655 0.000313 0.854915
4 4 0.054054 0.144320 0.088868 0.002539 0.710219
4 4 0.048820 0.129510 0.067478 0.001482 0.752710
4 0 0.043568 0.115257 0.049308 0.000787 0.791079
4 1 0.041578 0.110451 0.046199 0.000695 0.801077
4 1 0.038617 0.121500 0.063991 0.000799 0.775093
4 1 0.050438 0.152921 0.090879 0.001656 0.704107
4 1 0.053601 0.234030 0.336502 0.008803 0.367064
2 1 0.031181 0.205350 0.469809 0.006487 0.287172
2 1 0.026100 0.192718 0.449893 0.004195 0.327094
2 1 0.031905 0.203192 0.402021 0.004734 0.358148
4 1 0.037726 0.211208 0.362367 0.005245 0.383455
4 4 0.043378 0.214156 0.309588 0.005145 0.427733
4 4 0.044749 0.215576 0.304303 0.005293 0.430079
4 4 0.044555 0.214819 0.301741 0.005182 0.433703
4 4 0.041834 0.208926 0.294461 0.004456 0.450323
4 2 0.042220 0.213604 0.318691 0.005137 0.420348
4 2 0.046729 0.226475 0.358780 0.007656 0.360360
2 2 0.041185 0.223012 0.430024 0.008887 0.296891
2 2 0.041634 0.224299 0.442645 0.009762 0.281660
2 2 0.035403 0.213892 0.469086 0.008257 0.273362
2 2 0.038702 0.216924 0.492247 0.012058 0.240069
2 1 0.047410 0.228886 0.371326 0.008427 0.343951
4 1 0.016419 0.050714 0.015847 0.000076 0.916945
4 4 0.015928 0.049517 0.015377 0.000071 0.919107
4 4 0.021978 0.075304 0.032395 0.000197 0.870126
4 4 0.024265 0.079575 0.033808 0.000236 0.862116
4 4 0.026811 0.074373 0.025735 0.000226 0.872854
4 4 0.028838 0.080089 0.030174 0.000306 0.860593
4 4 0.034383 0.093645 0.039883 0.000539 0.831549
4 4 0.034310 0.095880 0.041972 0.000547 0.827291
4 4 0.040495 0.113892 0.056735 0.000923 0.787956
4 4 0.044501 0.123088 0.058078 0.000945 0.773388
4 4 0.041059 0.115662 0.052806 0.000756 0.789717
4 4 0.032617 0.105383 0.052097 0.000519 0.809384
4 4 0.019380 0.064476 0.024699 0.000133 0.891311
4 4 0.015348 0.050909 0.017608 0.000078 0.916057
4 4 0.014686 0.047976 0.016577 0.000075 0.920686
4 4 0.018379 0.050686 0.015812 0.000083 0.915039
4 4 0.017092 0.042178 0.012298 0.000056 0.928376
4 4 0.015709 0.035014 0.009620 0.000037 0.939620
4 4 0.038827 0.048770 0.014069 0.000135 0.898198
4 4 0.035490 0.058187 0.018012 0.000176 0.888136
4 4 0.040496 0.102150 0.038683 0.000582 0.818089
4 4 0.042555 0.108808 0.043408 0.000687 0.804542
4 0 0.042299 0.108405 0.043247 0.000679 0.805371
4 1 0.046300 0.123826 0.056070 0.000961 0.772843
4 1 0.061872 0.201653 0.163156 0.004154 0.569166
4 1 0.043527 0.211572 0.293051 0.004748 0.447103
4 1 0.035063 0.192505 0.273484 0.002939 0.496010
4 1 0.033654 0.197615 0.320411 0.003465 0.444855
4 1 0.035951 0.198456 0.296631 0.003452 0.465510
2 1 0.033384 0.207624 0.419253 0.005621 0.334118
2 1 0.035621 0.210240 0.393898 0.005554 0.354688
4 1 0.040753 0.210105 0.312829 0.004677 0.431636
4 1 0.041414 0.166690 0.142576 0.001824 0.647497
4 4 0.037881 0.144888 0.115242 0.001483 0.700506
4 4 0.032506 0.114792 0.073426 0.000821 0.778455
4 4 0.032092 0.115265 0.080162 0.000961 0.771520
4 4 0.031968 0.098333 0.045088 0.000463 0.824148
4 4 0.031008 0.088831 0.035140 0.000356 0.844665
4 4 0.029810 0.081064 0.028877 0.000290 0.859959
4 4 0.038993 0.107516 0.045903 0.000624 0.806964
4 4 0.041213 0.128940 0.070222 0.000957 0.758668
4 4 0.036716 0.123269 0.069999 0.000793 0.769223
4 4 0.034948 0.123660 0.074233 0.000769 0.766390
4 4 0.033362 0.112997 0.061199 0.000611 0.791831
4 4 0.030045 0.097994 0.046784 0.000420 0.824756
4 4 0.035494 0.118333 0.064962 0.000707 0.780504
4 4 0.027480 0.095279 0.047563 0.000370 0.829307
4 4 0.023418 0.082655 0.038636 0.000247 0.855045
4 4 0.023060 0.081172 0.037446 0.000236 0.858086
4 4 0.021091 0.068230 0.026224 0.000158 0.884297
4 4 0.021884 0.063505 0.021054 0.000143 0.893413
4 4 0.024620 0.069607 0.023655 0.000187 0.881932
4 1 0.021128 0.061784 0.020334 0.000133 0.896621
4 1 0.025322 0.071145 0.024321 0.000199 0.879012
4 1 0.026646 0.074797 0.026273 0.000227 0.872056
4 4 0.020014 0.059224 0.019274 0.000118 0.901370
4 4 0.032679 0.086667 0.031296 0.000355 0.849003
4 4 0.046592 0.131231 0.065033 0.001095 0.756049
4 4 0.053490 0.165849 0.107263 0.002122 0.671276
4 4 0.054386 0.186750 0.148625 0.003007 0.607233
4 4 0.028561 0.113848 0.074899 0.000586 0.782107
4 4 0.024204 0.084982 0.040155 0.000267 0.850392
4 4 0.027607 0.083144 0.033271 0.000285 0.855693
4 4 0.046381 0.126739 0.059536 0.001011 0.766333
4 4 0.038623 0.107911 0.046791 0.000624 0.806051
4 4 0.026454 0.077412 0.028897 0.000241 0.866996
4 4 0.022100 0.069869 0.026593 0.000172 0.881265
4 4 0.020566 0.063689 0.022563 0.000137 0.893045
4 4 0.014987 0.047204 0.014479 0.000062 0.923268
4 4 0.016301 0.050427 0.015734 0.000075 0.917463
4 4 0.011550 0.038443 0.011190 0.000035 0.938781
4 4 0.013879 0.044436 0.013420 0.000052 0.928213
4 4 0.022281 0.075506 0.032174 0.000200 0.869839
4 4 0.021530 0.072422 0.032121 0.000214 0.873713
4 4 0.014973 0.047169 0.014465 0.000062 0.923330
4 4 0.013244 0.042824 0.012812 0.000047 0.931073
4 4 0.012193 0.040121 0.011805 0.000040 0.935842
4 4 0.029157 0.060041 0.021956 0.000201 0.888646
4 4 0.026981 0.049638 0.014807 0.000106 0.908468
4 4 0.027738 0.032658 0.008376 0.000050 0.931178
4 4 0.022225 0.027138 0.006634 0.000030 0.943973
4 0 0.032120 0.048731 0.014252 0.000117 0.904781
4 1 0.034080 0.089511 0.032621 0.000390 0.843398
4 1 0.063983 0.207928 0.173040 0.004708 0.550341
4 1 0.038216 0.191556 0.240939 0.002874 0.526414
4 1 0.030493 0.146624 0.136921 0.001063 0.684899
4 1 0.045794 0.194590 0.208926 0.003377 0.547313
4 1 0.056178 0.207730 0.245419 0.007524 0.483149
4 1 0.055503 0.202876 0.245222 0.008001 0.488397
4 1 0.053329 0.199748 0.293257 0.011968 0.441699
4 1 0.055049 0.189100 0.255922 0.011842 0.488086
4 1 0.047662 0.150752 0.122654 0.003092 0.675840
4 1 0.049313 0.159393 0.152644 0.004679 0.633971
4 1 0.030862 0.101666 0.063924 0.000842 0.802705
4 1 0.034837 0.109834 0.078562 0.001481 0.775285
4 1 0.040156 0.117569 0.082364 0.001963 0.757948
4 1 0.031625 0.092108 0.046679 0.000651 0.828938
4 1 0.029515 0.080314 0.028643 0.000286 0.861241
4 2 0.039069 0.104582 0.045017 0.000677 0.810655
4 2 0.041891 0.113222 0.051335 0.000828 0.792724
4 2 0.044775 0.142527 0.099085 0.001895 0.711717
4 2 0.043764 0.160368 0.131288 0.002108 0.662471
4 2 0.037898 0.133260 0.083599 0.000968 0.744275
4 2 0.039834 0.143869 0.097930 0.001203 0.717164
4 2 0.035091 0.124982 0.076237 0.000795 0.762895
4 2 0.041121 0.153227 0.119522 0.001661 0.684469
4 2 0.047070 0.156473 0.114001 0.002097 0.680359
4 2 0.048920 0.182061 0.205468 0.005386 0.558165
4 2 0.043770 0.170003 0.224831 0.006352 0.555045
2 2 0.040462 0.180585 0.411415 0.018543 0.348994
4 2 0.046901 0.189819 0.357291 0.016548 0.389440
2 2 0.039565 0.183464 0.392663 0.014113 0.370195
4 2 0.046630 0.183863 0.290006 0.010717 0.468783
4 2 0.055130 0.200240 0.303524 0.014479 0.426626
4 2 0.056359 0.196228 0.287927 0.014811 0.444675
4 2 0.054539 0.198617 0.311662 0.015531 0.419652
4 2 0.058815 0.203907 0.263797 0.011462 0.462018
4 2 0.062623 0.200230 0.188987 0.006473 0.541687
4 2 0.052773 0.189854 0.203637 0.005622 0.548113
4 2 0.044639 0.182283 0.205339 0.003956 0.563783
4 2 0.193714 0.173842 0.076738 0.008131 0.547575
4 2 0.140145 0.233863 0.135422 0.013050 0.477520
4 2 0.070466 0.221136 0.247378 0.012388 0.448632
4 2 0.076486 0.232497 0.256280 0.014348 0.420389
2 2 0.068185 0.216985 0.381446 0.038900 0.294484
2 2 0.046387 0.186516 0.438784 0.030557 0.297756
2 2 0.014856 0.094232 0.726690 0.096933 0.067290
2 2 0.012705 0.088855 0.764970 0.085569 0.047900
2 2 0.006621 0.058942 0.816657 0.096084 0.021696
2 2 0.004615 0.049270 0.853309 0.078225 0.014580
2 2 0.006093 0.059110 0.844448 0.072245 0.018105
2 2 0.006935 0.070696 0.854318 0.046452 0.021599
2 2 0.009042 0.084945 0.836100 0.044138 0.025775
2 2 0.012586 0.104662 0.804218 0.042870 0.035665
2 2 0.007985 0.073932 0.838932 0.057815 0.021336
2 2 0.011689 0.091940 0.804825 0.064504 0.027042
2 2 0.009754 0.085823 0.827002 0.053651 0.023769
2 2 0.011450 0.095783 0.814293 0.051923 0.026551
2 2 0.011492 0.103040 0.819228 0.037855 0.028385
2 2 0.007606 0.074358 0.847768 0.049919 0.020349
2 2 0.002254 0.034323 0.901156 0.053673 0.008594
2 2 0.002108 0.032377 0.898372 0.059040 0.008103
2 2 0.002820 0.038771 0.889423 0.058897 0.010089
2 2 0.001821 0.029710 0.903142 0.058092 0.007235
2 2 0.001804 0.030091 0.909943 0.050801 0.007361
2 2 0.001401 0.025094 0.904987 0.062749 0.005770
2 2 0.001092 0.020738 0.891523 0.082157 0.004489
2 2 0.000924 0.018303 0.884918 0.091961 0.003894
2 2 0.000560 0.013418 0.892583 0.090788 0.002652
2 2 0.000444 0.010932 0.864862 0.121615 0.002148
2 2 0.000572 0.011691 0.802388 0.182900 0.002448
2 2 0.000736 0.011375 0.646627 0.338702 0.002560
2 2 0.001622 0.017035 0.571604 0.405193 0.004547
3 2 0.002983 0.021982 0.455863 0.512832 0.006339
3 2 0.003415 0.023162 0.435708 0.530709 0.007007
3 3 0.003419 0.021263 0.360003 0.609267 0.006049
3 3 0.003162 0.019803 0.350259 0.621067 0.005708
3 3 0.002999 0.018055 0.311337 0.662493 0.005116
3 3 0.003134 0.015817 0.257457 0.719032 0.004560
3 3 0.002543 0.012763 0.225799 0.755275 0.003621
3 3 0.001287 0.008364 0.207788 0.780362 0.002199
3 3 0.001691 0.008029 0.177211 0.810939 0.002130
3 3 0.002116 0.007857 0.152611 0.835391 0.002025
3 3 0.001910 0.006610 0.136711 0.853098 0.001671
3 3 0.002556 0.009776 0.178893 0.805994 0.002780
3 3 0.002574 0.010905 0.197348 0.786017 0.003155
3 3 0.002028 0.010302 0.203512 0.781335 0.002822
3 3 0.002900 0.011358 0.182032 0.800678 0.003031
3 3 0.004582 0.014631 0.182788 0.793981 0.004018
3 3 0.003672 0.011075 0.157894 0.824424 0.002935
3 3 0.004251 0.009760 0.129248 0.854222 0.002519
3 3 0.003152 0.007943 0.125670 0.861194 0.002041
3 3 0.001693 0.004847 0.103986 0.888354 0.001120
3 3 0.001924 0.004894 0.099803 0.892221 0.001157
3 3 0.002277 0.005388 0.096931 0.894174 0.001229
3 3 0.002174 0.004664 0.082035 0.910149 0.000979
3 3 0.001706 0.003348 0.068111 0.926147 0.000688
3 3 0.002252 0.003923 0.073585 0.919343 0.000897
3 3 0.001953 0.003082 0.060674 0.933633 0.000659
3 3 0.002807 0.004083 0.065334 0.926887 0.000888
3 3 0.003083 0.004210 0.056674 0.935249 0.000784
3 3 0.002277 0.002929 0.044314 0.949987 0.000493
3 3 0.002686 0.002852 0.039335 0.954649 0.000477
3 3 0.003918 0.004024 0.049957 0.941310 0.000792
3 3 0.004508 0.004557 0.054510 0.935468 0.000956
3 3 0.004369 0.004527 0.058693 0.931381 0.001031
3 3 0.006232 0.004857 0.052418 0.935367 0.001126
3 3 0.004256 0.003597 0.046814 0.944545 0.000788
3 3 0.004009 0.003318 0.043279 0.948702 0.000693
3 3 0.004846 0.003882 0.046868 0.943552 0.000852
3 3 0.002637 0.002243 0.034538 0.960165 0.000416
3 3 0.001541 0.001360 0.025596 0.971289 0.000214
3 3 0.002040 0.001716 0.028512 0.967445 0.000286
3 3 0.001763 0.001674 0.029190 0.967104 0.000268
3 3 0.002433 0.002440 0.037874 0.956817 0.000436
3 3 0.001836 0.002242 0.039556 0.955981 0.000385
3 3 0.002432 0.002948 0.046918 0.947147 0.000555
3 3 0.002138 0.002762 0.049444 0.945106 0.000550
3 3 0.003221 0.002985 0.045068 0.948087 0.000639
3 3 0.003440 0.002861 0.041150 0.951949 0.000600
3 3 0.002229 0.001706 0.028114 0.967651 0.000300
3 3 0.001768 0.001435 0.025964 0.970595 0.000238
3 3 0.001141 0.001053 0.021811 0.975847 0.000149
3 3 0.000724 0.000722 0.017965 0.980498 0.000091
3 3 0.000608 0.000635 0.017122 0.981557 0.000078
3 3 0.000852 0.000881 0.020934 0.977213 0.000119
3 3 0.001180 0.001205 0.025193 0.972243 0.000179
3 3 0.002682 0.002235 0.032341 0.962354 0.000388
3 3 0.002351 0.002482 0.038603 0.956129 0.000435
3 3 0.002903 0.002772 0.038248 0.955588 0.000488
3 3 0.003547 0.003016 0.039175 0.953693 0.000570
3 3 0.009930 0.005592 0.045484 0.937728 0.001266
3 3 0.063040 0.020571 0.066822 0.843287 0.006281
3 3 0.076521 0.034569 0.106327 0.770077 0.012506
3 3 0.086993 0.071766 0.196466 0.614185 0.030591
3 3 0.084832 0.085933 0.227734 0.564183 0.037319
