0 0 0.874057 0.081160 0.024035 0.004159 0.016589
0 0 0.889512 0.075899 0.019058 0.002213 0.013317
0 0 0.876720 0.084213 0.021797 0.003663 0.013607
0 0 0.860610 0.099516 0.023321 0.003786 0.012767
0 0 0.857743 0.100013 0.024470 0.002834 0.014939
0 0 0.840962 0.110101 0.028415 0.003337 0.017185
0 0 0.808702 0.133405 0.034564 0.005394 0.017935
0 0 0.748342 0.180924 0.044562 0.006605 0.019567
0 0 0.612875 0.269164 0.076743 0.011398 0.029820
1 0 0.353308 0.363237 0.219310 0.017644 0.046501
2 0 0.184765 0.357055 0.392365 0.018430 0.047386
2 0 0.144239 0.345544 0.446027 0.017480 0.046711
2 1 0.135860 0.339022 0.465524 0.015377 0.044217
2 0 0.141895 0.344039 0.457647 0.013779 0.042639
2 0 0.154359 0.370373 0.429392 0.010682 0.035193
2 0 0.181244 0.372382 0.404976 0.010092 0.031305
1 1 0.282005 0.349875 0.310141 0.010744 0.047234
0 0 0.387057 0.284514 0.244643 0.015950 0.067836
0 0 0.503946 0.209723 0.144500 0.060081 0.081749
0 0 0.458347 0.164664 0.137522 0.165534 0.073934
0 0 0.490999 0.170077 0.131235 0.137751 0.069938
0 0 0.636609 0.168573 0.095982 0.042513 0.056324
0 0 0.668850 0.173045 0.082978 0.029043 0.046084
0 0 0.716201 0.175264 0.062198 0.015194 0.031143
0 0 0.628766 0.217003 0.086952 0.028472 0.038808
0 0 0.603008 0.224337 0.102757 0.032268 0.037630
0 0 0.388584 0.242377 0.268244 0.058301 0.042494
0 0 0.472201 0.234992 0.211035 0.046539 0.035233
0 0 0.556178 0.191947 0.135730 0.072167 0.043978
0 0 0.667910 0.157917 0.079899 0.053544 0.040730
0 0 0.694458 0.141834 0.068558 0.061878 0.033271
0 0 0.721315 0.164068 0.059484 0.028802 0.026331
0 0 0.670632 0.225781 0.064633 0.013174 0.025781
0 0 0.513836 0.338068 0.109581 0.008297 0.030218
1 4 0.235318 0.376814 0.332307 0.014465 0.041096
1 4 0.271508 0.316659 0.308406 0.016919 0.086508
2 4 0.141850 0.246879 0.431270 0.014365 0.165637
2 4 0.169179 0.258096 0.361428 0.016297 0.195000
4 4 0.200068 0.251608 0.253685 0.018245 0.276394
0 4 0.304740 0.240702 0.146850 0.010610 0.297099
0 4 0.386593 0.178947 0.112950 0.006525 0.314984
0 4 0.465748 0.185702 0.096849 0.004101 0.247600
0 4 0.417925 0.262317 0.119237 0.005451 0.195070
1 4 0.198801 0.429326 0.195656 0.008339 0.167878
1 4 0.109102 0.446633 0.300748 0.010639 0.132878
1 4 0.089414 0.388987 0.330380 0.009263 0.181957
2 4 0.090216 0.355766 0.376135 0.011660 0.166223
2 4 0.047592 0.274376 0.582621 0.012018 0.083394
2 4 0.029981 0.236072 0.672391 0.010288 0.051268
2 4 0.023243 0.208129 0.716550 0.010379 0.041698
2 4 0.020042 0.189355 0.743954 0.010483 0.036167
2 4 0.017800 0.168337 0.766140 0.011205 0.036518
2 4 0.015216 0.153219 0.797671 0.009604 0.024290
2 4 0.005163 0.071203 0.906642 0.007361 0.009632
2 4 0.004595 0.060212 0.914175 0.006778 0.014240
2 4 0.005677 0.065468 0.903551 0.007618 0.017687
2 4 0.008392 0.092717 0.867928 0.007928 0.023035
2 4 0.008711 0.100676 0.856323 0.007671 0.026620
2 4 0.008058 0.107512 0.852694 0.006330 0.025406
2 1 0.004049 0.058085 0.918745 0.007224 0.011897
2 1 0.000664 0.010613 0.973348 0.013408 0.001968
2 1 0.000592 0.008892 0.972544 0.016192 0.001780
2 1 0.000492 0.007547 0.973911 0.016517 0.001533
2 1 0.000509 0.007660 0.974089 0.016230 0.001512
2 2 0.000462 0.007187 0.976891 0.014164 0.001296
2 2 0.000552 0.007903 0.974982 0.015143 0.001419
2 2 0.000465 0.007107 0.978796 0.012495 0.001137
2 2 0.000600 0.008248 0.974405 0.015298 0.001448
2 2 0.000809 0.009779 0.968799 0.018755 0.001858
2 2 0.001470 0.013748 0.952947 0.028716 0.003119
2 2 0.001769 0.015217 0.947750 0.031724 0.003541
2 2 0.003490 0.022495 0.910762 0.056230 0.007022
2 2 0.004813 0.026990 0.883568 0.074758 0.009871
2 2 0.009194 0.038106 0.819234 0.116346 0.017120
2 2 0.016460 0.051027 0.738553 0.166793 0.027167
2 2 0.027374 0.064521 0.642863 0.224921 0.040321
2 3 0.036385 0.072660 0.577576 0.263350 0.050028
2 2 0.052793 0.083225 0.479316 0.318866 0.065799
2 3 0.065629 0.088855 0.415903 0.352825 0.076788
3 2 0.079686 0.093125 0.356701 0.382782 0.087707
3 2 0.090113 0.095287 0.318472 0.400979 0.095149
3 3 0.085229 0.094369 0.335828 0.392845 0.091729
3 2 0.080937 0.093425 0.351875 0.385134 0.088629
2 3 0.070261 0.090456 0.395323 0.363454 0.080506
2 3 0.059073 0.086216 0.447041 0.336363 0.071306
2 3 0.063866 0.088190 0.424039 0.348566 0.075339
2 3 0.059873 0.086563 0.443109 0.338465 0.071989
2 3 0.073892 0.091572 0.379950 0.371249 0.083337
3 3 0.093405 0.095818 0.307288 0.406097 0.097391
3 3 0.129324 0.097979 0.207909 0.445892 0.118895
3 3 0.136944 0.097762 0.191302 0.451162 0.122829
3 3 0.136944 0.097762 0.191302 0.451162 0.122829
3 3 0.136944 0.097762 0.191302 0.451162 0.122829
3 3 0.136944 0.097762 0.191302 0.451162 0.122829
3 3 0.103382 0.097041 0.275741 0.419947 0.103890
3 3 0.088293 0.094963 0.324831 0.398025 0.093888
3 3 0.087699 0.094853 0.326934 0.397041 0.093473
3 3 0.079135 0.092989 0.358846 0.381731 0.087299
3 3 0.083103 0.093918 0.343683 0.389092 0.090204
3 3 0.094321 0.095954 0.304249 0.407470 0.098006
3 3 0.114209 0.097785 0.245130 0.432407 0.110470
3 3 0.136944 0.097762 0.191302 0.451162 0.122829
3 3 0.136944 0.097762 0.191302 0.451162 0.122829
3 3 0.136944 0.097762 0.191302 0.451162 0.122829
3 3 0.136944 0.097762 0.191302 0.451162 0.122829
3 3 0.136944 0.097762 0.191302 0.451162 0.122829
3 3 0.136944 0.097762 0.191302 0.451162 0.122829
3 3 0.136944 0.097762 0.191302 0.451162 0.122829
3 3 0.136944 0.097762 0.191302 0.451162 0.122829
3 3 0.136944 0.097762 0.191302 0.451162 0.122829
3 3 0.136944 0.097762 0.191302 0.451162 0.122829
3 3 0.136944 0.097762 0.191302 0.451162 0.122829
3 3 0.136944 0.097762 0.191302 0.451162 0.122829
3 3 0.136944 0.097762 0.191302 0.451162 0.122829
3 3 0.136944 0.097762 0.191302 0.451162 0.122829
3 3 0.136944 0.097762 0.191302 0.451162 0.122829
3 3 0.136944 0.097762 0.191302 0.451162 0.122829
3 3 0.136944 0.097762 0.191302 0.451162 0.122829
3 3 0.136944 0.097762 0.191302 0.451162 0.122829
3 3 0.136944 0.097762 0.191302 0.451162 0.122829
3 3 0.136944 0.097762 0.191302 0.451162 0.122829
3 3 0.136944 0.097762 0.191302 0.451162 0.122829
3 3 0.136944 0.097762 0.191302 0.451162 0.122829
3 3 0.136944 0.097762 0.191302 0.451162 0.122829
3 3 0.136944 0.097762 0.191302 0.451162 0.122829
3 3 0.136944 0.097762 0.191302 0.451162 0.122829
3 3 0.136944 0.097762 0.191302 0.451162 0.122829
3 3 0.136944 0.097762 0.191302 0.451162 0.122829
3 3 0.136944 0.097762 0.191302 0.451162 0.122829
3 3 0.136944 0.097762 0.191302 0.451162 0.122829
3 3 0.136944 0.097762 0.191302 0.451162 0.122829
3 3 0.136944 0.097762 0.191302 0.451162 0.122829
3 3 0.136944 0.097762 0.191302 0.451162 0.122829
3 3 0.136944 0.097762 0.191302 0.451162 0.122829
3 3 0.136944 0.097762 0.191302 0.451162 0.122829
3 3 0.136944 0.097762 0.191302 0.451162 0.122829
2 3 0.063194 0.087928 0.427183 0.346913 0.074782
2 3 0.023050 0.059766 0.678131 0.203729 0.035323
2 1 0.009577 0.038916 0.814448 0.119372 0.017687
2 1 0.006103 0.030237 0.879847 0.073795 0.010018
2 1 0.005990 0.029888 0.896521 0.059387 0.008214
2 1 0.006616 0.035593 0.909227 0.040811 0.007753
2 1 0.006028 0.036013 0.918496 0.032401 0.007061
2 0 0.006038 0.039331 0.920543 0.026894 0.007193
2 1 0.008531 0.048585 0.908278 0.026492 0.008114
2 1 0.021192 0.090353 0.852488 0.023730 0.012237
2 2 0.035116 0.115114 0.802791 0.030443 0.016536
2 1 0.063258 0.155397 0.722917 0.035793 0.022636
2 0 0.168449 0.218877 0.548923 0.037806 0.025946
2 1 0.328084 0.246908 0.352505 0.042030 0.030474
0 0 0.757868 0.152151 0.054315 0.012070 0.023597
0 0 0.853194 0.094118 0.028728 0.005061 0.018900
0 0 0.892847 0.068098 0.020287 0.004545 0.014223
0 0 0.888667 0.069644 0.021346 0.006093 0.014251
0 0 0.944183 0.039791 0.008327 0.000893 0.006806
0 0 0.911593 0.057355 0.015944 0.002124 0.012984
0 0 0.931741 0.046100 0.011313 0.001339 0.009507
0 0 0.894352 0.060833 0.021753 0.003674 0.019388
0 0 0.870563 0.081306 0.025472 0.004380 0.018279
0 0 0.877200 0.077353 0.023806 0.002900 0.018741
0 0 0.920834 0.054292 0.012602 0.000661 0.011611
0 0 0.949064 0.037342 0.006903 0.000356 0.006335
0 0 0.940426 0.040968 0.009049 0.000458 0.009100
0 0 0.938727 0.037660 0.010523 0.000606 0.012485
0 0 0.917269 0.047417 0.016197 0.001683 0.017434
0 0 0.934555 0.036076 0.012930 0.002235 0.014205
0 0 0.944405 0.034034 0.009890 0.001209 0.010463
0 0 0.951440 0.031802 0.007743 0.000558 0.008457
0 0 0.940129 0.042135 0.009029 0.000659 0.008049
0 0 0.930483 0.049631 0.010248 0.000515 0.009123
0 0 0.887413 0.076586 0.018897 0.000875 0.016228
0 0 0.892442 0.073290 0.017518 0.000595 0.016156
0 0 0.860189 0.094044 0.024900 0.001463 0.019404
0 0 0.876257 0.081502 0.022923 0.002992 0.016326
0 0 0.857278 0.088491 0.028775 0.005872 0.019584
0 0 0.855805 0.091092 0.028358 0.002935 0.021810
0 0 0.866909 0.094606 0.021838 0.001337 0.015310
0 0 0.877291 0.083609 0.021302 0.001492 0.016306
0 0 0.863445 0.097698 0.022562 0.001969 0.014325
0 0 0.775539 0.161272 0.039238 0.003487 0.020464
1 0 0.158635 0.423907 0.369703 0.007831 0.039926
1 0 0.231983 0.433078 0.284122 0.008768 0.042049
1 0 0.253499 0.430655 0.265312 0.008913 0.041621
1 1 0.275241 0.420422 0.259285 0.008528 0.036523
1 1 0.326328 0.397349 0.236534 0.008573 0.031217
0 1 0.446573 0.359447 0.155492 0.006075 0.032413
0 1 0.438499 0.363758 0.155947 0.006680 0.035116
1 0 0.397121 0.409595 0.146466 0.007424 0.039394
1 0 0.197607 0.420997 0.328257 0.009725 0.043415
2 0 0.094534 0.369307 0.488918 0.008422 0.038820
2 1 0.043084 0.287256 0.632082 0.006719 0.030860
2 1 0.012342 0.139792 0.826162 0.005977 0.015727
2 1 0.005327 0.068863 0.910137 0.007188 0.008485
2 1 0.002970 0.041180 0.943161 0.007584 0.005105
2 1 0.002029 0.026499 0.958214 0.009707 0.003551
2 1 0.002327 0.028460 0.954838 0.010492 0.003882
2 1 0.004768 0.044242 0.933964 0.011517 0.005509
2 1 0.017125 0.093008 0.863088 0.015756 0.011022
2 2 0.026815 0.111628 0.822364 0.023606 0.015587
2 1 0.055809 0.171088 0.730639 0.022083 0.020379
2 1 0.124072 0.256146 0.565566 0.023469 0.030747
0 0 0.372712 0.318492 0.252285 0.010615 0.045895
0 0 0.566775 0.250895 0.115045 0.007097 0.060188
0 1 0.461088 0.340852 0.139832 0.010742 0.047485
1 1 0.218961 0.396468 0.325831 0.013185 0.045554
2 1 0.083509 0.329504 0.554721 0.006690 0.025577
2 1 0.037302 0.227957 0.711910 0.005666 0.017164
2 1 0.020991 0.158691 0.805666 0.004476 0.010175
2 1 0.007275 0.073490 0.909651 0.004550 0.005034
2 2 0.004381 0.046332 0.940695 0.005198 0.003393
2 2 0.002882 0.032512 0.955880 0.006035 0.002692
2 2 0.001793 0.020227 0.967230 0.008646 0.002104
2 2 0.002205 0.022919 0.963158 0.009315 0.002403
2 2 0.002465 0.022500 0.962423 0.010318 0.002293
2 1 0.005422 0.038539 0.940925 0.011392 0.003721
2 1 0.009786 0.057660 0.913709 0.013135 0.005710
2 1 0.013782 0.078528 0.888626 0.011743 0.007320
2 1 0.012748 0.080439 0.887871 0.011105 0.007838
2 1 0.015980 0.108771 0.860436 0.006761 0.008052
2 1 0.011266 0.089988 0.884881 0.006665 0.007201
2 2 0.011607 0.092252 0.882835 0.006272 0.007034
2 2 0.011902 0.083590 0.888429 0.008717 0.007363
2 1 0.011719 0.078220 0.892169 0.010379 0.007513
2 2 0.014645 0.090671 0.874193 0.011383 0.009109
2 1 0.023405 0.129656 0.821828 0.011750 0.013361
2 1 0.023668 0.135598 0.817276 0.010349 0.013108
2 1 0.026191 0.151374 0.797796 0.009914 0.014725
2 1 0.020225 0.131981 0.828239 0.008070 0.011484
2 2 0.010390 0.083971 0.890056 0.007901 0.007683
2 2 0.005279 0.048876 0.931713 0.009059 0.005073
2 2 0.003596 0.032131 0.947743 0.012564 0.003966
2 2 0.002143 0.019646 0.959693 0.015730 0.002787
2 2 0.002189 0.019184 0.958382 0.017406 0.002839
2 1 0.001651 0.015081 0.963933 0.017122 0.002212
2 1 0.002098 0.017512 0.958730 0.019015 0.002644
2 2 0.001648 0.014723 0.963890 0.017579 0.002160
2 2 0.001479 0.014309 0.965918 0.016202 0.002092
2 2 0.001037 0.011599 0.971716 0.013991 0.001657
2 2 0.001029 0.012033 0.973648 0.011737 0.001553
2 2 0.000675 0.009206 0.978499 0.010430 0.001191
2 2 0.008718 0.057853 0.908607 0.016991 0.007830
2 1 0.003428 0.031450 0.952517 0.009465 0.003140
2 1 0.003580 0.034459 0.950689 0.008081 0.003191
2 1 0.002275 0.024518 0.962238 0.008489 0.002479
2 1 0.001586 0.018636 0.968820 0.008921 0.002037
2 1 0.001032 0.012483 0.973042 0.011774 0.001668
2 2 0.001102 0.012507 0.971780 0.012903 0.001708
2 2 0.001318 0.014848 0.971231 0.010822 0.001783
2 2 0.001224 0.013917 0.971533 0.011563 0.001763
2 2 0.001106 0.013253 0.972983 0.010985 0.001674
2 2 0.000943 0.011360 0.974689 0.011536 0.001472
2 2 0.000919 0.011983 0.976989 0.008772 0.001336
2 2 0.000906 0.012955 0.977794 0.007028 0.001317
2 2 0.000700 0.009989 0.979885 0.008301 0.001126
2 2 0.000523 0.007322 0.981285 0.009962 0.000909
2 2 0.000473 0.006911 0.982514 0.009269 0.000833
2 2 0.000510 0.007222 0.981519 0.009854 0.000896
2 2 0.000531 0.007340 0.981730 0.009530 0.000869
2 2 0.000884 0.009760 0.975313 0.012787 0.001256
2 2 0.001139 0.011247 0.971273 0.014829 0.001512
2 2 0.000987 0.010443 0.972826 0.014312 0.001432
2 1 0.000781 0.009334 0.973792 0.014664 0.001429
2 1 0.000882 0.010080 0.970360 0.016987 0.001691
2 2 0.001327 0.012791 0.959752 0.023621 0.002509
2 2 0.001791 0.015536 0.955711 0.024062 0.002899
2 2 0.001550 0.014498 0.960186 0.021193 0.002573
2 1 0.001805 0.015756 0.955621 0.023875 0.002943
2 1 0.001531 0.014738 0.961480 0.019719 0.002531
2 1 0.001715 0.018896 0.964426 0.012400 0.002563
2 2 0.001158 0.013768 0.970780 0.012382 0.001913
2 2 0.000771 0.010649 0.978359 0.008969 0.001252
2 2 0.000500 0.007191 0.981133 0.010245 0.000931
2 2 0.000437 0.006658 0.982665 0.009403 0.000838
2 2 0.000357 0.005944 0.984609 0.008367 0.000724
2 2 0.000329 0.005689 0.985210 0.008081 0.000691
2 2 0.000324 0.005621 0.985556 0.007832 0.000668
2 2 0.000255 0.004893 0.987799 0.006517 0.000536
2 2 0.000270 0.005056 0.987319 0.006791 0.000563
2 2 0.000288 0.005223 0.987013 0.006900 0.000577
2 2 0.000463 0.006854 0.982377 0.009457 0.000848
2 2 0.000580 0.007794 0.979659 0.010952 0.001016
2 2 0.001125 0.011400 0.968146 0.017530 0.001799
2 2 0.002465 0.017812 0.945731 0.030464 0.003529
2 1 0.002542 0.018082 0.945338 0.030493 0.003545
2 1 0.002293 0.017277 0.944950 0.031817 0.003663
2 2 0.001737 0.014835 0.953095 0.027314 0.003018
2 2 0.001166 0.011782 0.964992 0.019987 0.002074
2 2 0.001239 0.012226 0.962954 0.021344 0.002238
2 2 0.001082 0.011254 0.967289 0.018482 0.001893
2 2 0.000632 0.008259 0.977383 0.012544 0.001183
2 2 0.000739 0.009030 0.974950 0.013935 0.001346
2 1 0.000902 0.010120 0.971461 0.015931 0.001586
2 1 0.001005 0.010736 0.969710 0.016847 0.001703
2 1 0.001251 0.012137 0.965417 0.019191 0.002004
2 1 0.000924 0.010195 0.971980 0.015369 0.001531
2 2 0.000898 0.010146 0.970692 0.016608 0.001656
2 2 0.000752 0.009170 0.973922 0.014728 0.001429
2 2 0.000551 0.007665 0.978970 0.011729 0.001085
2 2 0.000556 0.007704 0.978785 0.011857 0.001099
2 2 0.000513 0.007319 0.980506 0.010686 0.000976
2 2 0.000543 0.007605 0.979121 0.011654 0.001076
2 2 0.000545 0.007611 0.979211 0.011566 0.001068
2 2 0.000489 0.007143 0.980774 0.010628 0.000965
2 2 0.000457 0.006862 0.981779 0.010003 0.000899
2 2 0.000492 0.007164 0.980730 0.010647 0.000967
2 2 0.000478 0.007028 0.981357 0.010213 0.000923
2 2 0.000615 0.008149 0.977535 0.012524 0.001177
2 2 0.000788 0.009407 0.973288 0.015047 0.001470
2 2 0.001360 0.012978 0.958961 0.024128 0.002574
2 2 0.001730 0.014980 0.949585 0.030335 0.003369
2 2 0.002550 0.018785 0.930725 0.042863 0.005078
2 2 0.003069 0.020799 0.922359 0.047931 0.005841
2 2 0.004161 0.024536 0.906882 0.057128 0.007293
2 3 0.003513 0.022234 0.919791 0.048457 0.006005
2 2 0.004043 0.023889 0.915521 0.050207 0.006340
2 2 0.003642 0.022096 0.931018 0.038512 0.004732
2 1 0.005115 0.028844 0.920759 0.039165 0.006116
2 1 0.004178 0.030122 0.937740 0.022914 0.005045
2 1 0.002535 0.023585 0.954219 0.016120 0.003540
2 1 0.001415 0.015110 0.964531 0.016492 0.002452
2 1 0.001380 0.015717 0.969586 0.011327 0.001989
2 1 0.001201 0.013397 0.970286 0.013257 0.001859
2 2 0.000799 0.009432 0.973853 0.014500 0.001416
2 2 0.000659 0.008481 0.976452 0.013159 0.001250
2 2 0.000707 0.008806 0.975719 0.013475 0.001293
2 2 0.000840 0.009693 0.973117 0.014886 0.001464
2 2 0.000839 0.009721 0.972630 0.015303 0.001507
2 2 0.000749 0.009107 0.974614 0.014159 0.001371
2 2 0.000603 0.008032 0.978217 0.012023 0.001126
2 2 0.000579 0.007837 0.978917 0.011589 0.001078
2 2 0.000797 0.009436 0.973603 0.014726 0.001439
2 2 0.000778 0.009242 0.974952 0.013699 0.001330
2 2 0.000973 0.010542 0.970365 0.016464 0.001656
2 1 0.001273 0.012285 0.964595 0.019775 0.002072
2 2 0.001073 0.011186 0.967702 0.018181 0.001859
2 1 0.000891 0.010138 0.970174 0.017093 0.001705
2 2 0.000703 0.008859 0.974502 0.014538 0.001399
2 2 0.000600 0.008028 0.977972 0.012253 0.001147
2 2 0.000836 0.009774 0.971465 0.016315 0.001611
2 2 0.000986 0.010654 0.969592 0.017048 0.001720
2 1 0.000843 0.009748 0.972534 0.015360 0.001514
2 1 0.000831 0.009709 0.972113 0.015792 0.001556
2 2 0.000791 0.009503 0.971986 0.016137 0.001582
2 2 0.000592 0.008049 0.976900 0.013218 0.001240
2 2 0.000638 0.008378 0.976098 0.013598 0.001289
2 2 0.000556 0.007671 0.979275 0.011439 0.001058
2 2 0.000732 0.009029 0.974385 0.014458 0.001397
2 1 0.001159 0.011701 0.965839 0.019303 0.001998
2 1 0.001870 0.015279 0.954179 0.025804 0.002868
2 1 0.002687 0.018723 0.942037 0.032710 0.003842
2 1 0.005106 0.031392 0.923863 0.033316 0.006323
2 2 0.005751 0.037345 0.922555 0.027471 0.006878
2 1 0.007304 0.050955 0.914330 0.019521 0.007890
2 2 0.006087 0.050857 0.924825 0.012068 0.006163
2 1 0.003898 0.035740 0.942885 0.012821 0.004656
2 2 0.003409 0.032204 0.948188 0.012146 0.004053
2 2 0.002195 0.020322 0.958253 0.016234 0.002997
2 2 0.001795 0.016538 0.959587 0.019347 0.002734
2 2 0.001490 0.013506 0.959418 0.023100 0.002485
2 2 0.001364 0.012839 0.961807 0.021689 0.002302
2 2 0.001694 0.018386 0.961925 0.015110 0.002886
2 2 0.001059 0.012839 0.969937 0.014160 0.002006
2 0 0.000673 0.009191 0.976472 0.012303 0.001361
2 1 0.000384 0.006251 0.983086 0.009451 0.000829
2 2 0.000354 0.005961 0.984101 0.008820 0.000764
2 2 0.000344 0.005859 0.984462 0.008593 0.000741
2 2 0.000376 0.006191 0.983185 0.009423 0.000825
2 2 0.000360 0.006019 0.983927 0.008919 0.000775
2 2 0.000381 0.006191 0.983644 0.008997 0.000787
2 2 0.000352 0.005913 0.984569 0.008437 0.000729
2 2 0.000351 0.005918 0.984419 0.008571 0.000741
2 2 0.000328 0.005681 0.985208 0.008091 0.000692
2 2 0.000380 0.006229 0.983031 0.009525 0.000835
2 2 0.000924 0.010976 0.967750 0.018307 0.002042
2 2 0.006314 0.037595 0.919186 0.025526 0.011380
2 2 0.028264 0.094514 0.787210 0.033693 0.056319
2 4 0.070209 0.167272 0.569351 0.036698 0.156470
4 4 0.123794 0.190589 0.249991 0.026963 0.408663
4 4 0.177750 0.187639 0.141893 0.014212 0.478505
4 4 0.173557 0.195622 0.117851 0.008715 0.504254
4 4 0.202423 0.286478 0.126330 0.006897 0.377872
4 4 0.145070 0.242542 0.122301 0.007486 0.482601
4 4 0.130895 0.214245 0.124744 0.007606 0.522510
4 4 0.099908 0.207353 0.175548 0.011828 0.505363
4 4 0.123492 0.203905 0.124470 0.009893 0.538239
4 4 0.107094 0.234568 0.186311 0.013945 0.458082
4 4 0.098031 0.282328 0.181374 0.009807 0.428461
4 4 0.077648 0.277012 0.199596 0.006658 0.439086
4 4 0.075520 0.273908 0.205311 0.005221 0.440040
2 4 0.052721 0.266781 0.345785 0.006017 0.328696
4 4 0.069976 0.268412 0.258650 0.006120 0.396841
2 4 0.088442 0.300935 0.342444 0.010305 0.257874
2 4 0.107207 0.295121 0.358186 0.015742 0.223743
1 4 0.151780 0.338270 0.241393 0.013030 0.255528
4 4 0.148025 0.311046 0.132617 0.006344 0.401968
4 4 0.175032 0.285388 0.111662 0.003863 0.424054
4 4 0.183181 0.129676 0.069521 0.002096 0.615525
4 4 0.243424 0.150356 0.088456 0.003560 0.514204
4 4 0.228466 0.221323 0.121471 0.006329 0.422411
4 4 0.116416 0.210202 0.150553 0.007032 0.515797
4 4 0.112250 0.179062 0.126986 0.004717 0.576985
4 4 0.132047 0.182535 0.089867 0.003761 0.591790
4 4 0.145500 0.243474 0.106709 0.005335 0.498982
1 4 0.143713 0.379206 0.141714 0.008490 0.326877
1 4 0.074392 0.364886 0.296648 0.006997 0.257078
2 1 0.059995 0.334775 0.348669 0.006423 0.250138
2 1 0.049579 0.288820 0.374301 0.005692 0.281609
2 1 0.036517 0.247622 0.556288 0.007079 0.152494
2 0 0.025127 0.183408 0.697061 0.007669 0.086735
2 1 0.022720 0.156613 0.761072 0.010638 0.048957
2 0 0.025551 0.162873 0.757170 0.011996 0.042410
2 0 0.028982 0.174931 0.757466 0.012777 0.025844
2 1 0.033192 0.181986 0.753152 0.011366 0.020303
2 1 0.033248 0.181680 0.755063 0.010742 0.019268
2 1 0.043133 0.221006 0.702086 0.010324 0.023452
2 1 0.044293 0.224103 0.693339 0.011775 0.026490
2 1 0.044915 0.231906 0.685113 0.011096 0.026970
2 1 0.041455 0.240965 0.685644 0.008015 0.023921
2 1 0.033836 0.226294 0.712396 0.006635 0.020838
2 1 0.036487 0.246516 0.689985 0.005766 0.021245
2 1 0.016977 0.139471 0.824516 0.006513 0.012522
2 1 0.013536 0.111662 0.857212 0.007249 0.010341
2 1 0.017792 0.127586 0.834888 0.007967 0.011767
2 1 0.019688 0.126640 0.833116 0.008896 0.011660
2 1 0.029193 0.166587 0.780666 0.008693 0.014861
2 1 0.032664 0.178377 0.762233 0.009613 0.017113
2 1 0.038372 0.211296 0.719120 0.009504 0.021708
2 1 0.044018 0.237624 0.684847 0.009061 0.024451
2 1 0.034215 0.218134 0.717544 0.007974 0.022133
2 0 0.025560 0.186933 0.760252 0.007776 0.019479
2 1 0.013917 0.126671 0.839669 0.006980 0.012763
2 1 0.006229 0.067607 0.911037 0.007697 0.007429
2 1 0.002812 0.037449 0.949448 0.006450 0.003841
2 1 0.001224 0.019596 0.971860 0.005447 0.001874
2 1 0.000656 0.010948 0.980164 0.006995 0.001237
2 1 0.000363 0.006067 0.983486 0.009276 0.000808
2 2 0.000295 0.005367 0.985894 0.007787 0.000656
2 2 0.000283 0.005211 0.986638 0.007261 0.000607
2 2 0.000269 0.005048 0.987287 0.006831 0.000566
2 2 0.000243 0.004784 0.987848 0.006586 0.000538
2 2 0.000246 0.004801 0.987935 0.006487 0.000531
2 2 0.000283 0.005179 0.987114 0.006852 0.000571
2 2 0.000323 0.005604 0.985721 0.007697 0.000655
2 2 0.000331 0.005718 0.985014 0.008231 0.000705
2 2 0.000328 0.005695 0.984989 0.008280 0.000709
2 2 0.000313 0.005535 0.985596 0.007886 0.000670
2 2 0.000289 0.005300 0.986157 0.007614 0.000640
2 2 0.000248 0.004853 0.987521 0.006818 0.000560
2 2 0.000261 0.004969 0.987443 0.006769 0.000559
2 2 0.000383 0.006189 0.983955 0.008712 0.000761
2 2 0.000605 0.007985 0.979048 0.011307 0.001056
2 2 0.000873 0.009848 0.973301 0.014543 0.001435
2 0 0.001420 0.012952 0.963804 0.019731 0.002094
2 0 0.002073 0.016064 0.953272 0.025700 0.002891
2 1 0.002719 0.018744 0.943490 0.031366 0.003682
2 1 0.002285 0.017072 0.948449 0.028884 0.003310
2 1 0.001905 0.017791 0.963353 0.014574 0.002379
2 2 0.001533 0.016519 0.968830 0.011138 0.001981
2 2 0.002478 0.025047 0.959090 0.010519 0.002866
2 2 0.003438 0.028718 0.950236 0.014005 0.003603
2 1 0.006369 0.041008 0.924360 0.021950 0.006313
2 0 0.007584 0.043190 0.912570 0.029022 0.007634
2 1 0.008365 0.049959 0.906624 0.026363 0.008689
2 1 0.005903 0.044127 0.924881 0.018367 0.006722
2 2 0.003302 0.032639 0.948613 0.011389 0.004056
2 2 0.001509 0.019224 0.969046 0.008128 0.002094
2 2 0.000624 0.009950 0.981428 0.006935 0.001063
2 2 0.000322 0.005609 0.985503 0.007893 0.000673
2 2 0.000306 0.005457 0.985872 0.007713 0.000653
2 2 0.000322 0.005627 0.985315 0.008049 0.000687
2 2 0.000381 0.006213 0.983396 0.009203 0.000806
2 2 0.000454 0.006887 0.981029 0.010670 0.000961
2 2 0.000461 0.006935 0.981062 0.010588 0.000955
2 2 0.000517 0.007423 0.979349 0.011641 0.001069
2 2 0.000483 0.007120 0.980491 0.010916 0.000991
2 2 0.000489 0.007196 0.979941 0.011340 0.001033
2 2 0.000487 0.007170 0.980166 0.011162 0.001015
2 2 0.000418 0.006561 0.982176 0.009960 0.000885
2 2 0.000481 0.007109 0.980433 0.010980 0.000997
2 2 0.000638 0.008404 0.975660 0.013972 0.001326
2 2 0.003423 0.022092 0.916526 0.051566 0.006393
2 2 0.003830 0.023575 0.908083 0.057272 0.007240
2 2 0.006029 0.030528 0.862318 0.088926 0.012200
2 2 0.006398 0.031509 0.856909 0.092385 0.012798
2 2 0.009540 0.038839 0.814903 0.119084 0.017633
2 2 0.009804 0.039387 0.811650 0.121139 0.018020
2 2 0.009464 0.038679 0.815853 0.118484 0.017520
2 2 0.010577 0.040949 0.802287 0.127042 0.019145
2 2 0.012771 0.045039 0.777128 0.142826 0.022237
2 2 0.009826 0.039434 0.811370 0.121315 0.018054
2 2 0.015505 0.049568 0.748152 0.160856 0.025920
2 2 0.020435 0.056545 0.701017 0.189829 0.032173
2 2 0.023946 0.060807 0.670572 0.208295 0.036380
2 2 0.028845 0.065999 0.631506 0.231683 0.041967
2 2 0.031870 0.068843 0.609059 0.244955 0.045273
2 2 0.031294 0.068321 0.613242 0.242491 0.044651
2 2 0.032132 0.069078 0.607170 0.246066 0.045554
2 3 0.032476 0.069384 0.604696 0.247520 0.045923
2 2 0.033211 0.070027 0.599470 0.250586 0.046706
2 2 0.048138 0.080671 0.504975 0.304675 0.061540
2 2 0.058346 0.085894 0.450652 0.334427 0.070682
3 2 0.078149 0.092739 0.362720 0.379827 0.086565
3 2 0.094447 0.095972 0.303832 0.407658 0.098090
3 3 0.121624 0.097992 0.226120 0.439554 0.114710
3 3 0.128891 0.097985 0.208894 0.445564 0.118666
3 2 0.136944 0.097762 0.191302 0.451162 0.122829
3 3 0.136027 0.097798 0.193229 0.450579 0.122367
3 3 0.127604 0.098001 0.211849 0.444568 0.117979
3 3 0.125167 0.098013 0.217555 0.442602 0.116662
3 3 0.118020 0.097920 0.235171 0.436214 0.112676
3 3 0.102363 0.096941 0.278809 0.418641 0.103246
3 3 0.094170 0.095932 0.304749 0.407245 0.097904
3 3 0.085430 0.094409 0.335096 0.393192 0.091872
3 3 0.096199 0.096217 0.298108 0.410221 0.099255
3 3 0.114796 0.097810 0.243569 0.433012 0.110813
3 3 0.136944 0.097762 0.191302 0.451162 0.122829
3 3 0.136944 0.097762 0.191302 0.451162 0.122829
3 3 0.136944 0.097762 0.191302 0.451162 0.122829
3 3 0.136944 0.097762 0.191302 0.451162 0.122829
3 3 0.136944 0.097762 0.191302 0.451162 0.122829
3 3 0.136944 0.097762 0.191302 0.451162 0.122829
3 3 0.136944 0.097762 0.191302 0.451162 0.122829
3 3 0.136944 0.097762 0.191302 0.451162 0.122829
3 3 0.136944 0.097762 0.191302 0.451162 0.122829
3 3 0.136944 0.097762 0.191302 0.451162 0.122829
3 3 0.136944 0.097762 0.191302 0.451162 0.122829
3 3 0.136944 0.097762 0.191302 0.451162 0.122829
3 3 0.136944 0.097762 0.191302 0.451162 0.122829
3 3 0.136944 0.097762 0.191302 0.451162 0.122829
3 3 0.136944 0.097762 0.191302 0.451162 0.122829
3 3 0.136944 0.097762 0.191302 0.451162 0.122829
3 3 0.136944 0.097762 0.191302 0.451162 0.122829
3 3 0.136944 0.097762 0.191302 0.451162 0.122829
3 3 0.136944 0.097762 0.191302 0.451162 0.122829
3 3 0.136944 0.097762 0.191302 0.451162 0.122829
3 3 0.136944 0.097762 0.191302 0.451162 0.122829
3 3 0.136944 0.097762 0.191302 0.451162 0.122829
3 3 0.136944 0.097762 0.191302 0.451162 0.122829
3 3 0.136944 0.097762 0.191302 0.451162 0.122829
3 3 0.136944 0.097762 0.191302 0.451162 0.122829
3 3 0.136944 0.097762 0.191302 0.451162 0.122829
3 3 0.136944 0.097762 0.191302 0.451162 0.122829
3 3 0.136944 0.097762 0.191302 0.451162 0.122829
3 3 0.132409 0.097914 0.201022 0.448142 0.120513
3 3 0.132984 0.097899 0.199764 0.448543 0.120810
3 3 0.136944 0.097762 0.191302 0.451162 0.122829
3 3 0.136944 0.097762 0.191302 0.451162 0.122829
3 3 0.136944 0.097762 0.191302 0.451162 0.122829
3 3 0.136944 0.097762 0.191302 0.451162 0.122829
3 3 0.136944 0.097762 0.191302 0.451162 0.122829
3 3 0.136944 0.097762 0.191302 0.451162 0.122829
3 3 0.136944 0.097762 0.191302 0.451162 0.122829
3 3 0.136944 0.097762 0.191302 0.451162 0.122829
3 3 0.136944 0.097762 0.191302 0.451162 0.122829
3 3 0.136944 0.097762 0.191302 0.451162 0.122829
3 3 0.136944 0.097762 0.191302 0.451162 0.122829
3 3 0.136944 0.097762 0.191302 0.451162 0.122829
3 3 0.136944 0.097762 0.191302 0.451162 0.122829
3 3 0.136944 0.097762 0.191302 0.451162 0.122829
3 3 0.136944 0.097762 0.191302 0.451162 0.122829
3 3 0.128151 0.097995 0.210588 0.444994 0.118272
3 3 0.116558 0.097875 0.238943 0.434787 0.111836
3 3 0.091723 0.095555 0.312955 0.403516 0.096251
3 3 0.076204 0.092224 0.370489 0.375981 0.085102
2 3 0.043716 0.077942 0.530882 0.290117 0.057343
2 2 0.026654 0.063774 0.648534 0.221533 0.039505
2 1 0.010286 0.040369 0.805779 0.124842 0.018724
2 1 0.005759 0.029199 0.887637 0.068249 0.009156
2 1 0.004311 0.024721 0.912642 0.051732 0.006594
2 1 0.003673 0.022610 0.921789 0.046189 0.005739
2 1 0.003530 0.021982 0.926868 0.042401 0.005218
2 1 0.003682 0.022424 0.926516 0.042165 0.005214
2 1 0.002738 0.018781 0.943910 0.030939 0.003632
2 1 0.002255 0.017037 0.947072 0.030179 0.003457
2 2 0.002304 0.017180 0.947519 0.029601 0.003396
2 2 0.001822 0.015025 0.955520 0.024882 0.002752
2 0 0.001335 0.012616 0.963486 0.020409 0.002154
2 1 0.001183 0.011883 0.964543 0.020282 0.002109
2 2 0.000952 0.010519 0.968996 0.017747 0.001787
2 1 0.001018 0.011000 0.966307 0.019669 0.002007
2 1 0.001138 0.011654 0.964909 0.020207 0.002092
2 1 0.000925 0.010335 0.969821 0.017196 0.001723
2 1 0.000812 0.009623 0.971832 0.016146 0.001588
2 2 0.001164 0.011838 0.963831 0.020985 0.002182
2 1 0.001164 0.012123 0.967009 0.017715 0.001990
2 1 0.001468 0.015282 0.965139 0.015768 0.002343
2 1 0.001613 0.017544 0.965894 0.012588 0.002361
2 2 0.001512 0.015694 0.965552 0.014938 0.002304
2 2 0.001574 0.017141 0.966187 0.012768 0.002329
2 2 0.001564 0.018251 0.966581 0.011220 0.002384
2 2 0.001621 0.017741 0.964153 0.013881 0.002603
2 1 0.002112 0.020449 0.959017 0.015418 0.003004
2 1 0.001974 0.019470 0.960247 0.015422 0.002888
2 2 0.001969 0.019106 0.959132 0.016802 0.002991
2 1 0.002133 0.019832 0.956544 0.018267 0.003224
2 1 0.002796 0.025876 0.953915 0.013938 0.003476
2 1 0.004678 0.040050 0.935510 0.014287 0.005476
2 1 0.005268 0.043455 0.931813 0.013797 0.005667
2 1 0.005819 0.042739 0.926520 0.018501 0.006420
2 1 0.008588 0.057031 0.907876 0.018310 0.008195
2 1 0.011642 0.089859 0.876924 0.011024 0.010551
2 1 0.016033 0.114519 0.847163 0.009978 0.012307
2 1 0.017106 0.108228 0.847763 0.013556 0.013347
2 1 0.024087 0.144558 0.801319 0.012596 0.017439
2 1 0.033425 0.196600 0.737440 0.010352 0.022183
2 0 0.042127 0.238198 0.683637 0.009506 0.026533
2 1 0.035583 0.238507 0.696828 0.006601 0.022480
2 1 0.021824 0.188402 0.769129 0.004991 0.015654
2 1 0.014478 0.135360 0.835248 0.004679 0.010236
2 1 0.012502 0.107800 0.865488 0.005734 0.008477
2 1 0.008418 0.073812 0.906007 0.006077 0.005686
2 1 0.008542 0.068748 0.908312 0.008193 0.006205
2 1 0.014391 0.101130 0.865653 0.009148 0.009678
2 1 0.019782 0.149155 0.810465 0.007036 0.013562
2 0 0.026691 0.223531 0.719801 0.006191 0.023786
2 1 0.022688 0.196092 0.750539 0.007352 0.023329
2 1 0.017142 0.153264 0.806167 0.007049 0.016378
2 1 0.021793 0.187372 0.764310 0.006628 0.019897
2 1 0.021334 0.168054 0.789092 0.006358 0.015161
2 1 0.017853 0.148622 0.812903 0.006643 0.013980
2 1 0.015671 0.135765 0.830423 0.006123 0.012018
2 1 0.017884 0.148820 0.813955 0.006168 0.013172
2 1 0.023030 0.191301 0.766762 0.004552 0.014355
2 1 0.018745 0.167166 0.797116 0.004474 0.012499
2 1 0.014887 0.141691 0.829075 0.004220 0.010127
2 1 0.010043 0.101772 0.875369 0.004885 0.007930
2 1 0.008746 0.081565 0.897659 0.005660 0.006370
2 1 0.006808 0.058075 0.923796 0.006759 0.004563
2 0 0.005463 0.042908 0.939931 0.008197 0.003502
2 0 0.014161 0.076300 0.891103 0.011705 0.006731
2 0 0.024117 0.109649 0.844181 0.012444 0.009609
2 1 0.026613 0.128501 0.821977 0.011404 0.011504
2 1 0.049650 0.195282 0.726019 0.011604 0.017446
2 1 0.057065 0.220639 0.695617 0.009402 0.017277
2 1 0.100960 0.318803 0.545734 0.008752 0.025750
2 1 0.134010 0.366147 0.462315 0.008205 0.029323
2 1 0.124719 0.355924 0.481606 0.008507 0.029243
2 1 0.116657 0.344561 0.502044 0.008580 0.028158
2 1 0.131717 0.361872 0.467898 0.008610 0.029902
2 1 0.111836 0.324639 0.530805 0.008410 0.024309
2 1 0.130493 0.336312 0.492683 0.010737 0.029775
2 0 0.148414 0.352671 0.465346 0.008350 0.025220
1 0 0.172250 0.401631 0.394024 0.006122 0.025973
1 1 0.208909 0.444941 0.306855 0.006003 0.033292
1 1 0.122050 0.427969 0.401491 0.006630 0.041860
2 0 0.055567 0.241412 0.661821 0.012866 0.028335
2 0 0.054543 0.184050 0.717750 0.020621 0.023036
2 0 0.090718 0.218955 0.654801 0.014553 0.020973
2 0 0.136708 0.219135 0.592147 0.022624 0.029386
2 0 0.197226 0.214279 0.490406 0.057983 0.040105
2 0 0.302628 0.208053 0.358917 0.086243 0.044159
0 0 0.577788 0.196150 0.153687 0.035190 0.037185
0 0 0.816501 0.114909 0.037905 0.005525 0.025160
0 0 0.850041 0.102294 0.026852 0.002107 0.018706
0 0 0.842602 0.108593 0.027659 0.001733 0.019412
0 0 0.814227 0.123740 0.035652 0.003732 0.022649
0 0 0.781614 0.153035 0.039824 0.004415 0.021112
0 0 0.747255 0.164091 0.052305 0.008111 0.028238
0 0 0.738427 0.177454 0.051333 0.006135 0.026651
0 0 0.760567 0.164313 0.045639 0.004984 0.024498
0 0 0.787996 0.115896 0.048909 0.015968 0.031231
0 0 0.804988 0.107154 0.043155 0.018929 0.025774
0 0 0.897093 0.066674 0.018946 0.004482 0.012804
0 0 0.912908 0.061589 0.013945 0.001543 0.010015
0 0 0.880127 0.095434 0.015373 0.001277 0.007790
0 0 0.791503 0.158322 0.032289 0.003348 0.014538
0 0 0.621046 0.272386 0.074647 0.007879 0.024042
0 0 0.509311 0.304952 0.134432 0.010178 0.041128
0 0 0.376896 0.337163 0.237626 0.013112 0.035203
2 0 0.294991 0.301986 0.345231 0.014984 0.042807
2 0 0.312465 0.304456 0.333406 0.013637 0.036035
0 0 0.459576 0.253112 0.224269 0.016573 0.046470
0 0 0.642169 0.176897 0.116279 0.017965 0.046691
0 0 0.782691 0.120137 0.050748 0.011724 0.034700
0 0 0.862275 0.085534 0.027445 0.003147 0.021599
0 0 0.864752 0.083637 0.027098 0.003610 0.020903
0 0 0.891633 0.073634 0.018881 0.002011 0.013842
0 0 0.917052 0.059766 0.012717 0.001136 0.009329
0 0 0.921297 0.056425 0.011786 0.000642 0.009850
0 0 0.904916 0.068660 0.014563 0.000924 0.010937
0 0 0.907174 0.064782 0.014982 0.001010 0.012052
0 0 0.859677 0.091613 0.026635 0.003087 0.018987
0 0 0.856972 0.100335 0.024587 0.002292 0.015813
0 0 0.832671 0.114657 0.030304 0.002557 0.019810
0 0 0.764415 0.160441 0.045353 0.005509 0.024282
0 0 0.769606 0.162144 0.042009 0.005459 0.020782
0 0 0.734297 0.178214 0.053185 0.006783 0.027521
0 0 0.705171 0.204834 0.058269 0.004426 0.027300
0 0 0.767533 0.157585 0.044524 0.003327 0.027031
0 0 0.795504 0.128605 0.042651 0.005731 0.027509
0 0 0.782985 0.140343 0.044214 0.005497 0.026960
0 0 0.809575 0.124129 0.037055 0.002509 0.026731
0 0 0.735747 0.161460 0.058286 0.005166 0.039341
0 0 0.828243 0.106718 0.034488 0.002269 0.028282
0 0 0.827620 0.096104 0.038190 0.003630 0.034455
0 0 0.826536 0.104002 0.037050 0.005806 0.026606
0 0 0.845418 0.093113 0.032387 0.005876 0.023206
0 0 0.914580 0.058469 0.014259 0.001446 0.011246
0 0 0.934569 0.045933 0.010082 0.000822 0.008595
0 0 0.949472 0.038477 0.006479 0.000451 0.005122
0 0 0.916791 0.061347 0.012337 0.001403 0.008123
0 0 0.864760 0.097040 0.022333 0.002471 0.013396
0 0 0.858562 0.101847 0.023231 0.002071 0.014289
0 0 0.882154 0.083842 0.019187 0.001463 0.013354
0 0 0.806724 0.114725 0.042395 0.009548 0.026608
0 0 0.732989 0.152390 0.070688 0.016743 0.027190
0 0 0.848447 0.098565 0.029302 0.004762 0.018924
0 0 0.889183 0.070609 0.020675 0.001801 0.017732
0 0 0.927425 0.050434 0.011197 0.000572 0.010372
0 0 0.953885 0.035405 0.005354 0.000131 0.005225
0 0 0.943772 0.040826 0.007567 0.000234 0.007602
0 0 0.925565 0.054300 0.010309 0.000300 0.009526
0 0 0.926271 0.055423 0.009923 0.000424 0.007960
0 0 0.920546 0.050738 0.013588 0.000659 0.014469
0 0 0.901822 0.062566 0.017938 0.001460 0.016214
0 0 0.931501 0.045107 0.011601 0.001120 0.010672
0 0 0.921735 0.048840 0.014465 0.002117 0.012842
0 0 0.921058 0.051241 0.013990 0.001755 0.011956
0 0 0.877634 0.080496 0.022715 0.003941 0.015215
0 0 0.896424 0.071014 0.017704 0.001819 0.013040
0 0 0.945144 0.043265 0.006315 0.000230 0.005046
0 0 0.945728 0.040977 0.007058 0.000389 0.005849
0 0 0.923880 0.051427 0.012721 0.001283 0.010690
0 0 0.933523 0.046903 0.010187 0.000824 0.008563
0 0 0.943388 0.041477 0.007743 0.000362 0.007029
0 0 0.912193 0.068659 0.011267 0.000662 0.007219
0 0 0.916168 0.066223 0.010337 0.000514 0.006758
0 0 0.875920 0.087371 0.020676 0.001587 0.014446
0 0 0.872413 0.084844 0.022699 0.001298 0.018747
0 0 0.801913 0.124326 0.040818 0.003667 0.029277
0 0 0.802751 0.131936 0.037729 0.003172 0.024411
0 0 0.811571 0.130438 0.034204 0.002995 0.020791
0 0 0.826492 0.120974 0.030415 0.001874 0.020245
0 0 0.837887 0.104471 0.030788 0.001640 0.025214
0 0 0.774488 0.139101 0.047480 0.003070 0.035861
0 0 0.690398 0.190717 0.074400 0.006544 0.037941
0 0 0.458369 0.314255 0.174660 0.014358 0.038358
1 0 0.279933 0.380574 0.282062 0.014751 0.042681
2 0 0.189349 0.354233 0.395617 0.017427 0.043373
2 1 0.131991 0.291011 0.514546 0.023000 0.039451
2 1 0.166130 0.302266 0.473266 0.021762 0.036576
2 0 0.162221 0.269264 0.506655 0.023756 0.038105
2 0 0.128107 0.230945 0.569917 0.036762 0.034269
2 0 0.160681 0.248222 0.516054 0.038235 0.036808
0 0 0.352466 0.285194 0.303037 0.025005 0.034298
0 0 0.423665 0.261696 0.257700 0.024702 0.032237
0 0 0.497106 0.236837 0.191404 0.033990 0.040663
0 0 0.559925 0.236790 0.133602 0.030923 0.038760
0 0 0.521301 0.246638 0.146472 0.039332 0.046257
0 0 0.582208 0.278525 0.091685 0.014063 0.033519
0 1 0.537500 0.345732 0.081950 0.005671 0.029147
1 1 0.339948 0.430440 0.183838 0.007274 0.038499
1 1 0.287591 0.399738 0.254045 0.013004 0.045622
2 1 0.185974 0.361467 0.399611 0.014278 0.038669
2 1 0.191995 0.363473 0.390257 0.014628 0.039646
1 0 0.229650 0.374301 0.344280 0.012902 0.038867
2 1 0.226728 0.356265 0.365348 0.013943 0.037715
0 0 0.468643 0.311063 0.170517 0.010060 0.039717
0 0 0.495662 0.285414 0.168630 0.011828 0.038466
0 0 0.463933 0.289121 0.200636 0.015095 0.031215
0 0 0.622222 0.222294 0.107193 0.015335 0.032956
0 0 0.767378 0.148222 0.048396 0.009971 0.026033
0 0 0.790094 0.130945 0.044190 0.008751 0.026020
0 0 0.857099 0.093379 0.027216 0.003466 0.018840
0 0 0.887367 0.075166 0.020230 0.002344 0.014893
0 0 0.889108 0.069966 0.021192 0.002697 0.017037
0 0 0.906560 0.060143 0.016941 0.001666 0.014689
0 0 0.919683 0.051657 0.014324 0.001544 0.012792
0 0 0.924280 0.047911 0.013664 0.001630 0.012515
0 0 0.912786 0.055695 0.015919 0.001944 0.013657
0 0 0.926069 0.047519 0.012941 0.001182 0.012289
0 0 0.858317 0.082668 0.030085 0.004877 0.024054
0 0 0.839283 0.094995 0.034096 0.003793 0.027833
0 0 0.794036 0.128619 0.043335 0.007012 0.026998
0 0 0.853626 0.096517 0.027560 0.002941 0.019356
0 0 0.838072 0.096212 0.034321 0.004063 0.027331
0 0 0.851178 0.089692 0.030977 0.004690 0.023463
0 0 0.833570 0.093589 0.037054 0.008543 0.027244
0 0 0.900761 0.065445 0.017683 0.001759 0.014351
0 0 0.914722 0.053752 0.015403 0.001225 0.014898
0 0 0.923181 0.054565 0.011419 0.000470 0.010366
0 0 0.914838 0.063846 0.011792 0.000536 0.008988
0 0 0.900451 0.069116 0.016438 0.001253 0.012741
0 0 0.877601 0.086192 0.020396 0.001642 0.014169
0 0 0.862700 0.093468 0.024507 0.002259 0.017066
0 0 0.855121 0.101993 0.024472 0.001579 0.016835
0 0 0.872071 0.094538 0.019551 0.001247 0.012593
0 0 0.901219 0.076428 0.012936 0.000514 0.008904
0 0 0.902244 0.073495 0.013592 0.000534 0.010135
0 0 0.851768 0.108643 0.023643 0.001893 0.014052
0 0 0.829826 0.126900 0.026744 0.004203 0.012327
0 0 0.853429 0.110828 0.021969 0.002000 0.011773
0 0 0.824838 0.126366 0.029407 0.002446 0.016944
0 0 0.859346 0.104048 0.021807 0.001550 0.013248
0 0 0.831959 0.112935 0.031569 0.004135 0.019402
0 0 0.812469 0.133878 0.032542 0.004151 0.016960
0 0 0.773677 0.154582 0.043167 0.005618 0.022956
0 0 0.761717 0.154932 0.048861 0.006211 0.028278
0 0 0.723760 0.164851 0.063235 0.009524 0.038629
0 0 0.615559 0.212391 0.117362 0.013380 0.041308
0 0 0.626810 0.197438 0.113100 0.018505 0.044147
0 0 0.726320 0.159943 0.069596 0.010473 0.033668
0 0 0.699020 0.162073 0.083191 0.018562 0.037155
0 0 0.709274 0.160291 0.071831 0.017195 0.041408
0 0 0.692687 0.174487 0.075444 0.011181 0.046201
0 0 0.790858 0.117269 0.046775 0.003153 0.041944
0 0 0.758648 0.138861 0.061695 0.004980 0.035816
0 0 0.792753 0.122779 0.045332 0.004330 0.034807
0 0 0.715063 0.162484 0.073115 0.010835 0.038503
0 0 0.776634 0.137151 0.048305 0.008216 0.029694
0 0 0.676990 0.186806 0.089476 0.013949 0.032779
0 0 0.739646 0.187924 0.046072 0.005514 0.020843
0 0 0.773114 0.168928 0.037030 0.003220 0.017708
0 0 0.730565 0.180000 0.054228 0.006218 0.028989
0 0 0.687251 0.208761 0.066607 0.006531 0.030850
0 0 0.589996 0.231975 0.125648 0.009908 0.042472
