3 0 0.243791 0.167819 0.195815 0.267312 0.125264
0 0 0.313999 0.178176 0.198310 0.176470 0.133045
0 0 0.343232 0.186187 0.192494 0.143580 0.134508
0 0 0.321115 0.177893 0.198449 0.169130 0.133413
0 0 0.269357 0.147143 0.259647 0.218488 0.105364
2 0 0.216780 0.112358 0.333748 0.260086 0.077028
2 0 0.280291 0.133434 0.328905 0.173505 0.083864
2 0 0.271844 0.131676 0.349908 0.169691 0.076881
2 0 0.095951 0.088767 0.589950 0.188924 0.036408
2 0 0.075243 0.082939 0.629323 0.181706 0.030788
2 0 0.094095 0.104968 0.647382 0.118245 0.035311
2 0 0.125941 0.125809 0.591438 0.112633 0.044179
2 0 0.197523 0.134466 0.483341 0.127417 0.057253
2 0 0.296304 0.141894 0.351045 0.135692 0.075065
0 0 0.326602 0.164515 0.291403 0.126520 0.090960
0 0 0.348930 0.183433 0.245003 0.117357 0.105277
0 0 0.369179 0.203356 0.199498 0.106395 0.121572
0 0 0.369896 0.204134 0.197791 0.105942 0.122238
0 0 0.380307 0.216277 0.171840 0.098624 0.132953
0 0 0.381423 0.217696 0.168893 0.097740 0.134248
0 0 0.381423 0.217696 0.168893 0.097740 0.134248
0 0 0.381423 0.217696 0.168893 0.097740 0.134248
0 0 0.381423 0.217696 0.168893 0.097740 0.134248
0 0 0.381423 0.217696 0.168893 0.097740 0.134248
0 0 0.381423 0.217696 0.168893 0.097740 0.134248
0 0 0.381423 0.217696 0.168893 0.097740 0.134248
0 0 0.381423 0.217696 0.168893 0.097740 0.134248
0 0 0.381423 0.217696 0.168893 0.097740 0.134248
0 0 0.381423 0.217696 0.168893 0.097740 0.134248
0 0 0.381423 0.217696 0.168893 0.097740 0.134248
0 0 0.381423 0.217696 0.168893 0.097740 0.134248
0 0 0.381423 0.217696 0.168893 0.097740 0.134248
0 0 0.381423 0.217696 0.168893 0.097740 0.134248
0 0 0.381423 0.217696 0.168893 0.097740 0.134248
0 0 0.381423 0.217696 0.168893 0.097740 0.134248
0 0 0.381423 0.217696 0.168893 0.097740 0.134248
0 0 0.381423 0.217696 0.168893 0.097740 0.134248
0 0 0.381423 0.217696 0.168893 0.097740 0.134248
0 0 0.368800 0.220287 0.161585 0.074376 0.174953
0 0 0.367330 0.220326 0.160785 0.072470 0.179089
0 0 0.381423 0.217696 0.168893 0.097740 0.134248
0 0 0.381423 0.217696 0.168893 0.097740 0.134248
0 0 0.381423 0.217696 0.168893 0.097740 0.134248
0 0 0.381423 0.217696 0.168893 0.097740 0.134248
0 0 0.381423 0.217696 0.168893 0.097740 0.134248
0 0 0.381423 0.217696 0.168893 0.097740 0.134248
0 0 0.381423 0.217696 0.168893 0.097740 0.134248
0 0 0.381423 0.217696 0.168893 0.097740 0.134248
0 0 0.381423 0.217696 0.168893 0.097740 0.134248
0 0 0.377354 0.214111 0.171721 0.102337 0.134476
0 0 0.375311 0.219595 0.165229 0.084381 0.155483
0 0 0.365291 0.220324 0.159685 0.069989 0.184711
0 0 0.381387 0.217713 0.168870 0.097641 0.134389
0 0 0.381423 0.217696 0.168893 0.097740 0.134248
0 0 0.381423 0.217696 0.168893 0.097740 0.134248
0 0 0.381423 0.217696 0.168893 0.097740 0.134248
0 0 0.381423 0.217696 0.168893 0.097740 0.134248
0 0 0.381423 0.217696 0.168893 0.097740 0.134248
0 0 0.381423 0.217696 0.168893 0.097740 0.134248
0 0 0.381423 0.217696 0.168893 0.097740 0.134248
0 0 0.381423 0.217696 0.168893 0.097740 0.134248
0 0 0.381423 0.217696 0.168893 0.097740 0.134248
0 0 0.381423 0.217696 0.168893 0.097740 0.134248
0 0 0.381423 0.217696 0.168893 0.097740 0.134248
0 0 0.381423 0.217696 0.168893 0.097740 0.134248
0 0 0.381423 0.217696 0.168893 0.097740 0.134248
0 0 0.381423 0.217696 0.168893 0.097740 0.134248
0 0 0.381423 0.217696 0.168893 0.097740 0.134248
0 0 0.381423 0.217696 0.168893 0.097740 0.134248
0 0 0.381423 0.217696 0.168893 0.097740 0.134248
0 0 0.381423 0.217696 0.168893 0.097740 0.134248
0 0 0.381423 0.217696 0.168893 0.097740 0.134248
0 0 0.381423 0.217696 0.168893 0.097740 0.134248
0 0 0.381423 0.217696 0.168893 0.097740 0.134248
0 0 0.381423 0.217696 0.168893 0.097740 0.134248
0 0 0.381423 0.217696 0.168893 0.097740 0.134248
0 0 0.381423 0.217696 0.168893 0.097740 0.134248
0 0 0.381423 0.217696 0.168893 0.097740 0.134248
0 0 0.381423 0.217696 0.168893 0.097740 0.134248
0 0 0.381423 0.217696 0.168893 0.097740 0.134248
0 0 0.381423 0.217696 0.168893 0.097740 0.134248
0 1 0.381423 0.217696 0.168893 0.097740 0.134248
0 1 0.381423 0.217696 0.168893 0.097740 0.134248
2 1 0.161455 0.288127 0.339103 0.084957 0.126359
2 2 0.063626 0.283118 0.427674 0.041339 0.184243
2 2 0.032868 0.258827 0.434936 0.034592 0.238776
2 2 0.025016 0.243544 0.513044 0.041678 0.176718
2 2 0.021888 0.227004 0.566529 0.044794 0.139785
2 2 0.018078 0.197852 0.634955 0.046979 0.102136
2 2 0.018203 0.189794 0.677196 0.032749 0.082059
2 2 0.014195 0.133326 0.774215 0.031398 0.046867
2 2 0.010663 0.088195 0.831130 0.045253 0.024759
2 2 0.006588 0.050564 0.842420 0.087875 0.012554
2 2 0.006332 0.042703 0.803470 0.137294 0.010201
2 2 0.006348 0.038339 0.754923 0.191046 0.009345
2 2 0.005666 0.026822 0.678068 0.282893 0.006551
2 3 0.003747 0.014349 0.603771 0.373983 0.004151
2 3 0.002203 0.007063 0.516074 0.472311 0.002350
3 3 0.002039 0.005413 0.480604 0.509948 0.001995
3 3 0.001839 0.004738 0.376572 0.614935 0.001916
3 3 0.001442 0.003993 0.295514 0.697375 0.001676
3 3 0.000685 0.002247 0.207356 0.788749 0.000964
3 3 0.000575 0.001973 0.178425 0.818163 0.000863
3 3 0.000741 0.002213 0.169231 0.826782 0.001033
3 3 0.000961 0.002575 0.153307 0.841881 0.001275
3 3 0.000770 0.002107 0.152693 0.843402 0.001029
3 3 0.000630 0.001779 0.173000 0.823754 0.000837
3 3 0.000781 0.002000 0.181181 0.815062 0.000975
3 3 0.001227 0.002684 0.159576 0.835075 0.001438
3 3 0.001624 0.003463 0.155416 0.837598 0.001899
3 3 0.001146 0.002730 0.168534 0.826174 0.001416
3 3 0.000747 0.002006 0.188159 0.808122 0.000966
3 3 0.000799 0.002058 0.187152 0.808986 0.001005
3 3 0.001387 0.003031 0.165596 0.828368 0.001618
3 3 0.001473 0.002648 0.129297 0.864965 0.001616
3 3 0.001178 0.001999 0.097455 0.898030 0.001337
3 3 0.000775 0.001302 0.059828 0.937126 0.000970
3 3 0.000712 0.001223 0.042858 0.954237 0.000970
3 3 0.000571 0.001016 0.035267 0.962319 0.000828
3 3 0.000426 0.000907 0.034614 0.963361 0.000692
3 3 0.001082 0.001952 0.042845 0.952636 0.001485
3 3 0.001363 0.002493 0.044350 0.949915 0.001879
3 3 0.001078 0.002159 0.049628 0.945592 0.001543
3 3 0.001451 0.002831 0.062186 0.931585 0.001947
3 3 0.001304 0.002605 0.073826 0.920545 0.001719
3 3 0.001784 0.003023 0.070794 0.922251 0.002148
3 3 0.001113 0.001949 0.043651 0.951770 0.001516
3 3 0.000948 0.001781 0.037803 0.958075 0.001393
3 3 0.000947 0.001862 0.035409 0.960328 0.001452
3 3 0.001073 0.002169 0.034269 0.960785 0.001704
3 3 0.001023 0.002097 0.033456 0.961783 0.001642
3 3 0.000804 0.001668 0.031090 0.965122 0.001316
3 3 0.000597 0.001234 0.029508 0.967684 0.000977
3 3 0.000561 0.001201 0.040776 0.956579 0.000883
3 3 0.000470 0.001067 0.049077 0.948645 0.000741
3 3 0.000475 0.001068 0.054671 0.943055 0.000731
3 3 0.000690 0.001538 0.081825 0.914992 0.000956
3 3 0.004377 0.005470 0.178645 0.807974 0.003534
3 3 0.005901 0.006933 0.424118 0.559419 0.003630
2 3 0.006024 0.007681 0.612762 0.370125 0.003408
2 0 0.004405 0.006426 0.628007 0.358486 0.002676
2 3 0.008585 0.014494 0.557670 0.413091 0.006160
2 3 0.012144 0.024906 0.485293 0.467330 0.010326
3 3 0.011613 0.025870 0.400941 0.550792 0.010783
3 3 0.001247 0.003614 0.304001 0.689668 0.001470
3 3 0.000856 0.002475 0.247356 0.748255 0.001058
3 3 0.000858 0.002364 0.236923 0.758818 0.001037
3 3 0.000921 0.002393 0.197283 0.798287 0.001116
3 3 0.000901 0.002334 0.188661 0.806998 0.001106
3 3 0.000884 0.002199 0.173077 0.822756 0.001082
3 3 0.000665 0.001644 0.119148 0.877660 0.000884
3 3 0.000515 0.001284 0.089781 0.907689 0.000731
3 3 0.000446 0.001039 0.071327 0.926548 0.000640
3 3 0.000497 0.001060 0.062096 0.935656 0.000692
3 3 0.000576 0.001132 0.063485 0.934040 0.000768
3 3 0.000775 0.001512 0.070450 0.926255 0.001009
3 3 0.000811 0.001659 0.082540 0.913945 0.001044
3 3 0.000538 0.001213 0.064883 0.932597 0.000770
3 3 0.000413 0.001063 0.059046 0.938820 0.000658
3 3 0.000264 0.000771 0.053179 0.945319 0.000466
3 3 0.000206 0.000606 0.037210 0.961583 0.000396
3 3 0.000299 0.000741 0.026826 0.971578 0.000556
3 3 0.000293 0.000696 0.020236 0.978213 0.000563
3 3 0.000183 0.000451 0.017314 0.981683 0.000369
3 3 0.000181 0.000441 0.017269 0.981743 0.000366
3 3 0.000178 0.000472 0.015175 0.983785 0.000390
3 3 0.000191 0.000551 0.013516 0.985287 0.000454
3 3 0.000278 0.000802 0.014809 0.983463 0.000649
3 3 0.000515 0.001293 0.021116 0.976046 0.001030
3 3 0.000340 0.000879 0.018834 0.979251 0.000696
3 -1 0.000569 0.001351 0.023822 0.973193 0.001064
3 0 0.000839 0.001731 0.032425 0.963661 0.001343
3 0 0.033161 0.030010 0.198780 0.715864 0.022185
2 0 0.144744 0.060009 0.413854 0.332601 0.048793
0 0 0.324802 0.166135 0.258123 0.145581 0.105360
0 0 0.381423 0.217696 0.168893 0.097740 0.134248
0 1 0.381423 0.217696 0.168893 0.097740 0.134248
0 1 0.381423 0.217696 0.168893 0.097740 0.134248
0 1 0.381423 0.217696 0.168893 0.097740 0.134248
0 1 0.381423 0.217696 0.168893 0.097740 0.134248
2 1 0.138243 0.222441 0.473276 0.092374 0.073666
2 0 0.082501 0.249021 0.534478 0.070413 0.063586
2 1 0.059508 0.247884 0.576436 0.052766 0.063406
2 2 0.031852 0.207261 0.649284 0.025578 0.086025
2 2 0.016996 0.152302 0.744684 0.023889 0.062129
2 2 0.015896 0.151170 0.744516 0.027793 0.060625
2 2 0.010420 0.099387 0.829426 0.028866 0.031900
2 2 0.005990 0.063053 0.868660 0.046243 0.016056
2 2 0.008802 0.080852 0.855740 0.037567 0.017038
2 2 0.013653 0.074132 0.866187 0.031858 0.014170
2 2 0.009980 0.043141 0.905880 0.034897 0.006102
2 2 0.006298 0.027021 0.934149 0.029049 0.003482
2 2 0.008198 0.031909 0.921985 0.033441 0.004467
2 2 0.022128 0.049575 0.864302 0.054456 0.009539
2 2 0.178725 0.115997 0.528006 0.129164 0.048108
2 2 0.221358 0.150582 0.434813 0.126323 0.066924
2 3 0.234254 0.183626 0.382491 0.117588 0.082041
2 3 0.100791 0.175358 0.583248 0.089041 0.051562
2 3 0.133673 0.297273 0.385491 0.061771 0.121792
2 2 0.049398 0.175648 0.676211 0.058841 0.039902
2 2 0.035659 0.166000 0.714973 0.038319 0.045049
2 2 0.019461 0.081892 0.836912 0.041096 0.020640
2 3 0.008744 0.039790 0.880377 0.061823 0.009266
2 2 0.014032 0.063436 0.859009 0.041258 0.022265
2 2 0.016592 0.084225 0.822342 0.038546 0.038296
2 4 0.015904 0.114997 0.774052 0.026666 0.068381
2 4 0.022532 0.170223 0.673168 0.016793 0.117284
2 4 0.028610 0.202026 0.578241 0.017162 0.173962
2 4 0.026508 0.205414 0.614683 0.014252 0.139143
2 4 0.039725 0.256331 0.501575 0.013719 0.188650
2 4 0.032238 0.238522 0.562451 0.013122 0.153667
2 4 0.033632 0.239064 0.569880 0.014665 0.142759
2 4 0.041611 0.260141 0.531570 0.017651 0.149028
2 4 0.061483 0.294769 0.441648 0.021670 0.180430
2 4 0.074479 0.301620 0.435621 0.029325 0.158955
2 4 0.075848 0.301419 0.425243 0.027958 0.169531
2 4 0.081132 0.300254 0.400312 0.026109 0.192193
2 4 0.114634 0.288891 0.314171 0.025380 0.256925
2 4 0.104268 0.294540 0.342297 0.026338 0.232557
2 4 0.087342 0.280732 0.310482 0.016476 0.304968
4 4 0.061684 0.279161 0.321377 0.011912 0.325866
4 4 0.051584 0.288916 0.280936 0.011890 0.366674
4 4 0.055231 0.270743 0.212187 0.014302 0.447538
4 4 0.065376 0.268920 0.190813 0.012687 0.462204
4 4 0.055147 0.280407 0.247287 0.017967 0.399193
4 4 0.052610 0.259745 0.231150 0.017607 0.438887
4 4 0.066186 0.223384 0.161720 0.017331 0.531379
4 4 0.100856 0.182323 0.101736 0.014455 0.600630
4 4 0.126396 0.163349 0.077633 0.012695 0.619927
4 4 0.170327 0.176901 0.086103 0.016768 0.549902
4 4 0.191025 0.208535 0.105392 0.021094 0.473954
4 4 0.235782 0.195858 0.104329 0.020738 0.443292
4 1 0.284028 0.206001 0.122892 0.028999 0.358079
4 4 0.248486 0.230860 0.164812 0.030547 0.325296
4 4 0.200511 0.239288 0.181421 0.024326 0.354454
4 4 0.134622 0.235600 0.172783 0.014975 0.442019
4 4 0.140838 0.228088 0.152189 0.015128 0.463757
4 4 0.178630 0.210850 0.133696 0.015979 0.460845
4 4 0.159962 0.252763 0.211310 0.021282 0.354682
2 4 0.097261 0.293233 0.305231 0.022217 0.282058
2 4 0.031029 0.222484 0.532935 0.016387 0.197165
2 4 0.028304 0.227324 0.536021 0.015858 0.192492
2 4 0.031606 0.246246 0.479421 0.014529 0.228198
2 4 0.031003 0.244434 0.477700 0.015971 0.230892
2 4 0.035350 0.261736 0.456415 0.021909 0.224591
2 4 0.057683 0.320926 0.327860 0.020931 0.272599
2 4 0.067210 0.312957 0.321807 0.021173 0.276852
2 4 0.057102 0.309798 0.405658 0.021302 0.206139
2 4 0.049399 0.291492 0.467887 0.020550 0.170672
2 1 0.048106 0.270002 0.520476 0.021724 0.139692
2 1 0.041854 0.239452 0.593131 0.024971 0.100592
2 1 0.054461 0.248148 0.560120 0.030515 0.106756
2 2 0.030966 0.167922 0.718749 0.029139 0.053225
2 2 0.039951 0.187976 0.678835 0.036651 0.056587
2 2 0.048004 0.210198 0.638851 0.043165 0.059782
2 2 0.036858 0.186613 0.690516 0.043721 0.042292
2 1 0.018567 0.131027 0.792863 0.036970 0.020573
2 1 0.011616 0.092942 0.851128 0.032319 0.011995
2 1 0.007003 0.053738 0.906029 0.026963 0.006266
2 1 0.004154 0.035354 0.935474 0.021399 0.003620
2 1 0.002143 0.020216 0.959957 0.015913 0.001771
2 1 0.001831 0.015132 0.966460 0.015255 0.001321
2 2 0.005045 0.022470 0.943469 0.026271 0.002744
2 2 0.010261 0.029514 0.917417 0.038237 0.004572
2 2 0.020013 0.042975 0.876149 0.052716 0.008147
2 2 0.032272 0.073022 0.817427 0.062054 0.015225
2 2 0.078546 0.171966 0.624691 0.079567 0.045229
2 1 0.055662 0.219712 0.614857 0.050877 0.058892
2 1 0.055927 0.251440 0.567036 0.037340 0.088258
2 1 0.032458 0.212007 0.646886 0.021473 0.087176
2 2 0.021582 0.170302 0.724110 0.016957 0.067050
2 2 0.012752 0.109870 0.824421 0.018278 0.034679
2 2 0.011688 0.096253 0.849396 0.017300 0.025363
2 1 0.006443 0.054025 0.909190 0.018979 0.011363
2 1 0.005837 0.050258 0.914215 0.019740 0.009950
2 2 0.003250 0.017820 0.937725 0.038182 0.003023
2 2 0.003159 0.014292 0.935480 0.044667 0.002402
2 2 0.003446 0.014852 0.928344 0.050706 0.002653
2 2 0.004528 0.020216 0.921399 0.050275 0.003582
2 2 0.003293 0.015900 0.917499 0.060336 0.002972
2 2 0.002532 0.013842 0.902613 0.078489 0.002524
2 2 0.002626 0.016174 0.906347 0.071632 0.003221
2 3 0.004005 0.021940 0.897870 0.071249 0.004936
2 2 0.004024 0.023198 0.902439 0.064765 0.005574
2 2 0.003365 0.018790 0.908489 0.064544 0.004812
2 3 0.004146 0.022594 0.882378 0.083873 0.007009
2 2 0.004295 0.020650 0.890505 0.078197 0.006354
2 2 0.006142 0.028579 0.853698 0.103043 0.008537
2 2 0.007207 0.034878 0.817862 0.130568 0.009485
2 2 0.008900 0.044819 0.819076 0.114988 0.012217
2 2 0.008547 0.046544 0.812514 0.120745 0.011650
2 3 0.006619 0.035134 0.792451 0.158135 0.007662
2 2 0.005331 0.024186 0.754230 0.210330 0.005924
2 2 0.005070 0.019196 0.741325 0.229314 0.005094
2 2 0.003768 0.015383 0.742910 0.234003 0.003936
2 2 0.002776 0.011463 0.675250 0.307361 0.003149
2 2 0.001888 0.007794 0.660026 0.328112 0.002180
2 2 0.001437 0.005907 0.592623 0.398293 0.001740
2 2 0.002802 0.011113 0.664473 0.318535 0.003078
2 3 0.002332 0.008402 0.625182 0.361593 0.002490
2 2 0.006372 0.024728 0.810199 0.152864 0.005836
2 2 0.003925 0.016793 0.814471 0.161026 0.003785
2 2 0.003034 0.011247 0.811985 0.171093 0.002641
2 2 0.003501 0.012404 0.822625 0.158616 0.002854
2 2 0.002906 0.008897 0.769883 0.215992 0.002322
2 2 0.002455 0.006669 0.725006 0.263977 0.001893
2 2 0.001656 0.004576 0.677041 0.315373 0.001354
2 2 0.001425 0.004216 0.686146 0.307016 0.001198
2 2 0.001441 0.004103 0.620516 0.372672 0.001269
2 3 0.001057 0.003167 0.522159 0.472579 0.001038
3 3 0.001184 0.003572 0.468173 0.525850 0.001221
3 2 0.001200 0.003369 0.435283 0.558933 0.001215
3 3 0.000997 0.002702 0.368511 0.626740 0.001050
3 3 0.000802 0.002135 0.357943 0.638276 0.000844
3 3 0.000776 0.002221 0.384836 0.611331 0.000836
3 3 0.000651 0.001880 0.361731 0.635016 0.000723
3 3 0.000747 0.002138 0.405873 0.590450 0.000792
3 3 0.000790 0.002249 0.414181 0.581955 0.000826
3 3 0.000685 0.001890 0.359122 0.637568 0.000735
3 3 0.000564 0.001508 0.344506 0.652812 0.000610
3 3 0.000626 0.001521 0.253732 0.743428 0.000692
3 3 0.000636 0.001510 0.238781 0.758370 0.000704
3 3 0.000789 0.001823 0.202024 0.794468 0.000896
3 3 0.001146 0.002463 0.212924 0.782233 0.001233
3 3 0.001039 0.002255 0.181915 0.813628 0.001163
3 3 0.000987 0.002387 0.203553 0.791922 0.001152
3 3 0.001213 0.003073 0.235417 0.758893 0.001405
3 3 0.001042 0.002770 0.235265 0.759681 0.001242
3 3 0.001102 0.002799 0.217658 0.777139 0.001301
3 3 0.001071 0.002721 0.236496 0.758482 0.001231
3 3 0.000651 0.001764 0.224493 0.772305 0.000787
3 3 0.000725 0.001941 0.252276 0.744217 0.000840
3 3 0.000699 0.001845 0.229317 0.767313 0.000826
3 3 0.001106 0.002645 0.229170 0.765852 0.001226
3 3 0.000704 0.001626 0.161253 0.835579 0.000839
3 3 0.000570 0.001380 0.148290 0.849041 0.000718
3 3 0.000301 0.000797 0.112013 0.886462 0.000427
3 3 0.000393 0.000993 0.108594 0.889471 0.000549
3 3 0.000413 0.001005 0.087646 0.910347 0.000589
3 3 0.000373 0.000987 0.076204 0.921860 0.000576
3 3 0.000387 0.001063 0.085387 0.912563 0.000600
3 3 0.000451 0.001179 0.087478 0.910219 0.000674
3 3 0.000565 0.001371 0.077372 0.919863 0.000829
3 3 0.000444 0.001110 0.062372 0.935378 0.000695
3 3 0.000700 0.001641 0.052771 0.943792 0.001095
3 3 0.000849 0.002059 0.046122 0.949594 0.001376
3 3 0.001584 0.003528 0.055505 0.937034 0.002349
3 3 0.001093 0.002752 0.062568 0.931884 0.001703
3 3 0.001016 0.002553 0.071792 0.923100 0.001538
3 3 0.000726 0.001915 0.058098 0.938078 0.001183
3 3 0.000958 0.002325 0.059848 0.935390 0.001480
3 3 0.000532 0.001377 0.054312 0.942913 0.000866
3 3 0.000294 0.000769 0.042459 0.955971 0.000507
3 3 0.000231 0.000595 0.038274 0.960498 0.000402
3 3 0.000306 0.000739 0.038082 0.960360 0.000514
3 3 0.000426 0.000944 0.036488 0.961457 0.000685
3 3 0.000614 0.001339 0.048168 0.948955 0.000924
3 3 0.000939 0.001880 0.051659 0.944202 0.001320
3 3 0.000878 0.001844 0.065085 0.930971 0.001222
3 3 0.000956 0.002068 0.082036 0.913645 0.001295
3 3 0.000772 0.001604 0.030054 0.966283 0.001287
3 3 0.001254 0.002272 0.041457 0.953225 0.001791
3 3 0.001109 0.002044 0.039560 0.955678 0.001610
3 3 0.001407 0.002458 0.044596 0.949599 0.001941
3 3 0.001625 0.002728 0.048982 0.944524 0.002142
3 3 0.001080 0.001991 0.040635 0.954757 0.001536
3 3 0.001116 0.002046 0.044199 0.951091 0.001548
3 3 0.000915 0.001752 0.041464 0.954534 0.001334
3 3 0.000660 0.001241 0.034857 0.962261 0.000981
3 3 0.000794 0.001478 0.038781 0.957809 0.001138
3 3 0.000884 0.001716 0.047250 0.948877 0.001273
3 3 0.000598 0.001275 0.056788 0.940460 0.000879
3 3 0.000425 0.000927 0.047780 0.950211 0.000657
3 3 0.000814 0.001629 0.066614 0.929833 0.001111
3 3 0.000898 0.001837 0.057572 0.938420 0.001272
3 3 0.001078 0.002062 0.043489 0.951824 0.001546
3 3 0.000486 0.001002 0.028305 0.969410 0.000797
3 3 0.000587 0.001301 0.026792 0.970299 0.001021
3 3 0.000469 0.001095 0.023624 0.973951 0.000862
3 3 0.000950 0.002167 0.028920 0.966303 0.001661
3 3 0.000580 0.001399 0.023647 0.973283 0.001091
3 3 0.000555 0.001272 0.025419 0.971763 0.000992
3 3 0.000343 0.000850 0.029548 0.968639 0.000620
3 3 0.000658 0.001541 0.047062 0.949699 0.001040
3 3 0.000472 0.001190 0.047958 0.949604 0.000777
3 3 0.000653 0.001595 0.077882 0.918912 0.000959
3 3 0.000368 0.000936 0.067023 0.931103 0.000570
3 3 0.000358 0.000862 0.055599 0.942618 0.000563
3 3 0.000341 0.000798 0.035687 0.962592 0.000582
3 3 0.000366 0.000814 0.029834 0.968357 0.000629
3 3 0.000372 0.000867 0.029971 0.968133 0.000657
3 3 0.000475 0.001167 0.043834 0.953723 0.000801
3 3 0.001117 0.002142 0.053147 0.942048 0.001546
3 3 0.003909 0.005639 0.144089 0.842810 0.003553
3 3 0.008381 0.010859 0.265090 0.709642 0.006028
3 2 0.011893 0.016702 0.469764 0.494129 0.007512
2 3 0.019582 0.029174 0.636065 0.304134 0.011046
2 3 0.013726 0.028922 0.741604 0.207289 0.008459
2 3 0.016304 0.046463 0.836623 0.090588 0.010022
2 2 0.013063 0.036701 0.851719 0.090631 0.007886
2 2 0.008745 0.020228 0.871918 0.094392 0.004717
2 2 0.004972 0.011926 0.858276 0.121902 0.002924
2 3 0.003695 0.010730 0.894196 0.089070 0.002309
2 2 0.004210 0.013249 0.849102 0.130394 0.003044
2 3 0.005359 0.022596 0.848565 0.118834 0.004646
2 2 0.012941 0.052915 0.805241 0.117717 0.011186
2 2 0.016600 0.074207 0.766915 0.123831 0.018448
2 2 0.008791 0.043188 0.811437 0.127681 0.008903
2 2 0.012639 0.065958 0.816802 0.089032 0.015568
2 2 0.015873 0.076383 0.796682 0.091055 0.020007
2 2 0.019874 0.099364 0.763496 0.092087 0.025179
2 2 0.040568 0.151244 0.691817 0.064095 0.052275
2 2 0.024127 0.113970 0.763229 0.062229 0.036445
2 2 0.011732 0.061844 0.845484 0.065095 0.015846
2 2 0.015202 0.087768 0.829648 0.044035 0.023347
2 2 0.011576 0.056182 0.863380 0.057472 0.011390
2 2 0.010205 0.048952 0.852718 0.079034 0.009092
2 2 0.008856 0.039034 0.816065 0.127818 0.008227
2 4 0.003868 0.018663 0.843058 0.130607 0.003804
2 4 0.006636 0.033807 0.871364 0.080320 0.007873
4 4 0.228952 0.229722 0.164082 0.026303 0.350941
4 4 0.264679 0.205615 0.116535 0.026712 0.386459
4 4 0.159002 0.243869 0.160808 0.021146 0.415175
2 4 0.122351 0.286556 0.294686 0.025786 0.270623
2 4 0.068123 0.300680 0.443814 0.026801 0.160582
2 4 0.081688 0.302170 0.422880 0.031222 0.162040
2 4 0.092497 0.302538 0.422578 0.039241 0.143146
2 4 0.098154 0.301737 0.425692 0.045625 0.128792
2 4 0.099625 0.301703 0.390016 0.034449 0.174207
4 4 0.142839 0.276883 0.252465 0.026229 0.301584
4 4 0.160690 0.247089 0.180295 0.021028 0.390898
4 1 0.195353 0.209422 0.139865 0.016667 0.438693
4 4 0.189744 0.213169 0.142808 0.016931 0.437347
4 4 0.160965 0.230861 0.134966 0.020167 0.453042
4 4 0.119274 0.222896 0.118910 0.018049 0.520872
4 4 0.150358 0.207001 0.098374 0.016265 0.528003
4 4 0.179487 0.216338 0.112005 0.020285 0.471884
4 4 0.182711 0.204252 0.111974 0.023779 0.477284
4 4 0.174818 0.176883 0.093870 0.020679 0.533749
4 4 0.203430 0.191042 0.102834 0.023776 0.478918
4 4 0.203488 0.192683 0.095979 0.019598 0.488252
4 4 0.180814 0.181907 0.083518 0.014503 0.539259
4 4 0.144871 0.160301 0.067771 0.009722 0.617335
4 4 0.171219 0.172455 0.078242 0.012235 0.565850
4 4 0.128017 0.222773 0.127735 0.014539 0.506936
4 4 0.180219 0.180605 0.083009 0.014191 0.541976
4 4 0.165641 0.176056 0.077396 0.012831 0.568077
4 4 0.207990 0.189060 0.093781 0.017268 0.491900
4 4 0.218872 0.197715 0.099591 0.020346 0.463476
4 4 0.208901 0.193756 0.095355 0.018629 0.483359
4 4 0.229944 0.202064 0.104353 0.022480 0.441159
4 4 0.255690 0.192712 0.109462 0.020951 0.421185
4 4 0.282161 0.217427 0.126424 0.034993 0.338993
4 4 0.266542 0.240210 0.141021 0.045314 0.306912
4 4 0.166098 0.266152 0.158245 0.031823 0.377681
4 4 0.214818 0.247503 0.143666 0.035297 0.358716
4 4 0.261442 0.213310 0.118059 0.029932 0.377257
4 4 0.253308 0.196757 0.110041 0.022216 0.417677
4 4 0.212868 0.186885 0.094672 0.016887 0.488688
4 4 0.125221 0.137470 0.061896 0.007976 0.667437
4 4 0.077777 0.100883 0.044242 0.004987 0.772111
4 4 0.067421 0.089852 0.039682 0.004179 0.798865
4 4 0.081061 0.087299 0.042358 0.003519 0.785763
4 4 0.080251 0.073059 0.036934 0.002035 0.807720
4 4 0.102616 0.091221 0.043973 0.002734 0.759456
4 4 0.084140 0.079388 0.033146 0.001528 0.801798
4 4 0.111155 0.099349 0.044343 0.002684 0.742469
4 4 0.123270 0.107859 0.049420 0.003330 0.716121
4 4 0.144525 0.122187 0.058406 0.004677 0.670205
4 4 0.121919 0.111927 0.050008 0.003652 0.712494
4 4 0.113847 0.116525 0.048847 0.004017 0.716763
4 4 0.060113 0.061055 0.032484 0.001960 0.844388
4 4 0.064894 0.061250 0.029885 0.001373 0.842599
4 4 0.073580 0.070323 0.030068 0.001299 0.824731
4 4 0.056487 0.057278 0.021883 0.000702 0.863650
4 4 0.072172 0.070054 0.028244 0.001129 0.828401
4 4 0.088585 0.082772 0.034976 0.001693 0.791974
4 4 0.105553 0.095326 0.042007 0.002413 0.754701
4 4 0.103144 0.108278 0.044160 0.003312 0.741105
4 4 0.093784 0.125285 0.044772 0.004764 0.731395
2 4 0.086478 0.299108 0.315874 0.021771 0.276769
2 4 0.074205 0.298222 0.342452 0.019153 0.265968
4 4 0.078127 0.292493 0.279173 0.017527 0.332679
4 4 0.086764 0.286737 0.231139 0.018375 0.376985
4 4 0.106564 0.250734 0.164541 0.015690 0.462471
4 4 0.134669 0.247192 0.151545 0.019517 0.447077
4 4 0.182440 0.254181 0.171216 0.028262 0.363901
4 4 0.221269 0.227476 0.161384 0.024281 0.365590
4 4 0.263330 0.189001 0.110549 0.020188 0.416933
4 4 0.209895 0.204076 0.131613 0.017284 0.437132
4 4 0.230000 0.172603 0.095561 0.013944 0.487893
4 4 0.230398 0.172811 0.095738 0.014007 0.487047
4 4 0.243793 0.179633 0.101724 0.016277 0.458573
4 4 0.242292 0.193795 0.105706 0.020456 0.437751
4 4 0.196773 0.195682 0.092045 0.018618 0.496883
4 4 0.232229 0.235952 0.132580 0.034343 0.364897
4 4 0.166034 0.279282 0.221731 0.033945 0.299008
1 4 0.175753 0.280084 0.258443 0.037894 0.247825
2 4 0.124408 0.293633 0.327050 0.031803 0.223107
2 4 0.094496 0.298728 0.371652 0.027445 0.207680
2 4 0.059182 0.279151 0.477677 0.023137 0.160854
2 2 0.051963 0.269060 0.513758 0.022886 0.142333
2 2 0.040828 0.247852 0.581878 0.023544 0.105898
2 2 0.037197 0.241564 0.585590 0.019670 0.115979
2 2 0.028150 0.209737 0.649661 0.017258 0.095195
2 2 0.017068 0.155399 0.755286 0.015027 0.057220
2 2 0.011150 0.113378 0.823878 0.013964 0.037630
2 2 0.013764 0.119946 0.801237 0.016065 0.048988
2 2 0.016378 0.134871 0.768456 0.018653 0.061641
2 2 0.018356 0.160616 0.717622 0.019620 0.083786
2 2 0.021451 0.183347 0.677003 0.017487 0.100712
2 2 0.021019 0.181936 0.684150 0.021918 0.090977
2 2 0.030082 0.233109 0.585146 0.018742 0.132922
2 2 0.033000 0.227023 0.580683 0.016253 0.143042
2 2 0.026349 0.184535 0.665114 0.019566 0.104437
2 2 0.019817 0.149850 0.738068 0.018591 0.073674
2 2 0.021579 0.164750 0.713919 0.017144 0.082608
2 2 0.022430 0.172246 0.710881 0.015216 0.079227
2 2 0.019293 0.161533 0.730503 0.013833 0.074837
2 2 0.014145 0.128956 0.786186 0.013722 0.056991
2 2 0.009156 0.084381 0.855840 0.014988 0.035636
2 2 0.008976 0.090931 0.849234 0.012984 0.037875
2 2 0.008321 0.093245 0.847547 0.011494 0.039393
2 2 0.008779 0.096921 0.837382 0.011639 0.045280
2 2 0.010817 0.109367 0.807599 0.012507 0.059710
2 2 0.016895 0.142640 0.743318 0.015468 0.081680
2 2 0.026263 0.196636 0.648725 0.014935 0.113441
2 2 0.029598 0.229471 0.602860 0.014714 0.123357
2 2 0.028170 0.230997 0.612997 0.015336 0.112501
2 2 0.030237 0.244400 0.606119 0.018515 0.100730
2 2 0.021598 0.206665 0.689198 0.019289 0.063249
2 2 0.015712 0.162802 0.760467 0.018332 0.042687
2 2 0.014714 0.145465 0.782982 0.017735 0.039104
2 2 0.009010 0.104163 0.847994 0.014438 0.024396
2 2 0.010092 0.105788 0.843735 0.016540 0.023845
2 2 0.009843 0.096875 0.855344 0.018682 0.019257
2 2 0.010583 0.098310 0.851726 0.020684 0.018698
2 2 0.010452 0.103257 0.846603 0.019862 0.019826
2 2 0.009507 0.098911 0.854232 0.019201 0.018149
2 2 0.007981 0.086597 0.872417 0.017714 0.015291
2 2 0.024166 0.136143 0.773705 0.029166 0.036820
2 2 0.017309 0.096825 0.834475 0.032311 0.019080
2 2 0.014811 0.076362 0.858494 0.038947 0.011387
2 2 0.010369 0.061189 0.887059 0.033198 0.008184
2 4 0.007096 0.053101 0.906316 0.027246 0.006241
2 2 0.006280 0.046084 0.916273 0.026062 0.005301
2 2 0.005048 0.034886 0.932035 0.024147 0.003883
2 2 0.003699 0.025017 0.943537 0.024881 0.002865
2 2 0.005326 0.045395 0.920724 0.023663 0.004891
2 2 0.009294 0.071177 0.881931 0.028013 0.009585
2 2 0.010060 0.075151 0.874543 0.030470 0.009776
2 2 0.008876 0.068918 0.884311 0.029454 0.008440
2 2 0.006776 0.060728 0.900437 0.025008 0.007051
2 2 0.006256 0.054859 0.908809 0.023531 0.006546
2 2 0.007144 0.059132 0.900490 0.026276 0.006959
2 2 0.007250 0.052954 0.906342 0.027004 0.006450
2 2 0.008673 0.053926 0.900348 0.030018 0.007036
2 2 0.005475 0.032778 0.926538 0.030956 0.004253
2 2 0.005777 0.037288 0.922642 0.029616 0.004677
2 2 0.006418 0.042944 0.918256 0.027273 0.005110
2 2 0.005957 0.032261 0.930767 0.027105 0.003910
2 2 0.005800 0.026344 0.936824 0.027735 0.003296
2 2 0.002039 0.010657 0.968887 0.017369 0.001048
2 2 0.001806 0.008133 0.972316 0.016938 0.000807
2 2 0.005436 0.016999 0.946337 0.028956 0.002272
2 2 0.010583 0.031869 0.914251 0.038376 0.004921
2 3 0.014397 0.053671 0.881979 0.041493 0.008460
2 2 0.013585 0.055443 0.881842 0.040565 0.008564
2 3 0.011251 0.058357 0.886065 0.036059 0.008268
2 3 0.009099 0.073928 0.882019 0.022840 0.012114
2 3 0.011747 0.107108 0.838570 0.020935 0.021640
2 3 0.007435 0.081576 0.879502 0.016446 0.015042
2 3 0.005499 0.048766 0.914596 0.024442 0.006697
2 2 0.004387 0.032805 0.928913 0.029795 0.004099
2 2 0.003716 0.029066 0.938744 0.025174 0.003301
2 2 0.003288 0.023575 0.946606 0.023898 0.002633
2 2 0.003401 0.024590 0.946458 0.022877 0.002674
2 2 0.003029 0.020900 0.948746 0.024918 0.002407
2 2 0.003048 0.019926 0.947288 0.027308 0.002431
2 2 0.003852 0.024246 0.938872 0.029926 0.003103
2 2 0.004094 0.029043 0.935941 0.027191 0.003732
2 2 0.004093 0.029059 0.933920 0.028333 0.004595
2 2 0.003445 0.024075 0.939522 0.029145 0.003813
2 2 0.004010 0.028903 0.935876 0.026017 0.005194
2 2 0.004803 0.038899 0.927864 0.020993 0.007441
2 2 0.006359 0.055791 0.905887 0.017786 0.014178
2 2 0.013757 0.070381 0.873972 0.025287 0.016603
2 1 0.017786 0.052981 0.874116 0.045605 0.009512
2 2 0.017900 0.047253 0.878029 0.048438 0.008380
2 2 0.010173 0.038746 0.909365 0.036068 0.005649
2 2 0.010970 0.054603 0.891600 0.035174 0.007653
2 2 0.009216 0.059464 0.892578 0.031126 0.007616
2 2 0.007138 0.052555 0.906701 0.027401 0.006205
2 2 0.010023 0.058063 0.891337 0.032817 0.007761
2 2 0.004911 0.030959 0.930789 0.027650 0.005690
2 2 0.007972 0.059723 0.893376 0.022224 0.016705
2 2 0.010466 0.089569 0.847207 0.021408 0.031351
2 2 0.009209 0.084135 0.852305 0.022783 0.031569
2 2 0.005523 0.048037 0.909569 0.023128 0.013743
2 2 0.005049 0.039018 0.922756 0.021878 0.011299
2 2 0.002148 0.010432 0.891828 0.093551 0.002041
2 2 0.002202 0.009867 0.881594 0.104315 0.002022
2 2 0.001604 0.007257 0.839761 0.149766 0.001612
2 2 0.000976 0.004197 0.812364 0.181479 0.000984
2 2 0.000971 0.003767 0.803718 0.190625 0.000919
2 2 0.001521 0.005122 0.839726 0.152391 0.001240
2 2 0.002216 0.007619 0.866409 0.122007 0.001749
2 2 0.002310 0.008194 0.866842 0.120778 0.001875
2 2 0.002343 0.009024 0.858152 0.128453 0.002029
2 2 0.003375 0.014373 0.848314 0.130775 0.003164
2 2 0.005572 0.033863 0.864640 0.086619 0.009307
2 2 0.005434 0.033648 0.865993 0.085588 0.009337
2 2 0.004151 0.024108 0.837522 0.127902 0.006318
2 2 0.004976 0.026155 0.842850 0.119196 0.006824
2 2 0.005778 0.030325 0.810073 0.145589 0.008235
2 2 0.007018 0.029787 0.772547 0.182523 0.008125
2 2 0.004753 0.015564 0.766607 0.208905 0.004171
2 2 0.003047 0.010511 0.740142 0.243463 0.002837
2 3 0.002389 0.009653 0.747301 0.238219 0.002438
2 3 0.003396 0.012843 0.682333 0.297895 0.003533
2 3 0.001859 0.005657 0.594732 0.395958 0.001794
2 3 0.002039 0.005444 0.665218 0.325618 0.001681
2 3 0.001995 0.005507 0.753805 0.237160 0.001533
2 3 0.001564 0.004966 0.834036 0.158243 0.001190
2 2 0.001710 0.005956 0.889890 0.101199 0.001245
2 2 0.002469 0.009364 0.930414 0.056072 0.001681
2 2 0.002072 0.010342 0.954022 0.032116 0.001448
2 2 0.001224 0.007888 0.966586 0.023386 0.000917
2 2 0.000836 0.006178 0.973576 0.018774 0.000635
2 2 0.000744 0.004669 0.972335 0.021718 0.000534
2 2 0.000956 0.005662 0.970523 0.022206 0.000653
2 2 0.000774 0.003963 0.969521 0.025238 0.000504
2 2 0.000864 0.003823 0.966554 0.028235 0.000525
2 2 0.000579 0.001982 0.959887 0.037219 0.000334
2 2 0.000685 0.002212 0.944185 0.052504 0.000414
2 2 0.000757 0.002229 0.935332 0.061238 0.000444
2 2 0.001136 0.003099 0.908249 0.086843 0.000673
2 2 0.000811 0.002267 0.911642 0.084788 0.000492
2 2 0.000661 0.002131 0.883012 0.113724 0.000472
2 2 0.000526 0.001849 0.880620 0.116606 0.000399
2 2 0.000475 0.001893 0.893185 0.104067 0.000381
2 2 0.000667 0.002474 0.913164 0.083206 0.000488
2 2 0.000510 0.001750 0.906468 0.090908 0.000363
2 2 0.000623 0.001956 0.923695 0.073325 0.000401
2 2 0.000483 0.001790 0.944834 0.052571 0.000322
2 2 0.000848 0.003586 0.947244 0.047715 0.000607
2 2 0.000929 0.004265 0.961509 0.032665 0.000631
2 2 0.000883 0.004511 0.962931 0.031033 0.000642
2 2 0.000586 0.003531 0.971230 0.024217 0.000436
2 2 0.000373 0.001959 0.970023 0.027376 0.000270
2 2 0.000289 0.001424 0.971642 0.026448 0.000196
2 2 0.000295 0.001245 0.967394 0.030876 0.000190
2 3 0.000434 0.001504 0.955351 0.042448 0.000264
2 2 0.000303 0.001005 0.932087 0.066408 0.000198
2 2 0.000320 0.001089 0.925497 0.072880 0.000215
2 3 0.000258 0.000906 0.890623 0.108023 0.000191
2 3 0.000440 0.001335 0.823402 0.174494 0.000329
2 2 0.000617 0.001693 0.849044 0.148231 0.000415
2 2 0.000522 0.001553 0.860614 0.136947 0.000365
2 2 0.000452 0.001503 0.874976 0.122734 0.000334
2 3 0.020367 0.042502 0.875617 0.053378 0.008136
2 2 0.075069 0.145459 0.658836 0.082099 0.038536
2 2 0.051174 0.164934 0.684154 0.061488 0.038251
2 2 0.037019 0.171229 0.707003 0.042364 0.042385
2 2 0.014074 0.093207 0.845100 0.027505 0.020115
2 2 0.013902 0.101520 0.838344 0.022601 0.023632
2 2 0.013067 0.094518 0.848929 0.022605 0.020882
2 2 0.006295 0.041504 0.914791 0.029324 0.008087
2 2 0.006465 0.039076 0.913625 0.031489 0.009345
2 2 0.004219 0.024515 0.932446 0.032503 0.006316
2 2 0.004705 0.030308 0.926940 0.029642 0.008405
2 2 0.005741 0.043884 0.914318 0.023621 0.012437
2 2 0.008383 0.066742 0.886059 0.020286 0.018530
2 2 0.007090 0.061291 0.896971 0.018585 0.016063
2 3 0.007863 0.072979 0.879790 0.016610 0.022758
2 2 0.006978 0.066154 0.886740 0.015747 0.024381
2 2 0.008929 0.088578 0.855135 0.014104 0.033254
2 2 0.009167 0.094478 0.850157 0.013911 0.032286
2 2 0.012692 0.129123 0.796304 0.012449 0.049432
2 2 0.017641 0.138012 0.754451 0.015118 0.074777
2 4 0.022484 0.156133 0.717356 0.017039 0.086987
2 4 0.037098 0.217414 0.580483 0.020068 0.144937
2 4 0.050667 0.274620 0.474279 0.019465 0.180970
2 4 0.061776 0.301095 0.402699 0.021293 0.213136
2 4 0.092899 0.291308 0.339470 0.021561 0.254762
4 4 0.165835 0.258993 0.221712 0.024250 0.329210
1 1 0.169480 0.275771 0.258473 0.032915 0.263362
1 4 0.159939 0.280051 0.271574 0.032793 0.255643
2 4 0.148166 0.291797 0.314377 0.039653 0.206007
2 4 0.122186 0.291253 0.318547 0.029025 0.238989
2 4 0.122110 0.295269 0.351808 0.036277 0.194535
2 4 0.101213 0.277127 0.400578 0.031485 0.189597
1 4 0.163632 0.275428 0.258488 0.030964 0.271488
4 4 0.158252 0.264584 0.234735 0.024692 0.317737
4 4 0.124202 0.255773 0.228412 0.016431 0.375182
4 4 0.161968 0.172213 0.101942 0.009083 0.554794
4 4 0.153672 0.128129 0.062303 0.005351 0.650545
4 4 0.162336 0.141564 0.068030 0.007041 0.621028
4 4 0.116218 0.124139 0.054648 0.005681 0.699313
4 4 0.100176 0.113969 0.048496 0.004765 0.732594
4 4 0.078534 0.109783 0.044944 0.005624 0.761115
4 4 0.045410 0.081091 0.033051 0.004544 0.835904
4 4 0.047526 0.078075 0.029845 0.003051 0.841503
4 4 0.056580 0.087685 0.035418 0.004053 0.816264
4 4 0.073120 0.103732 0.046184 0.006439 0.770525
4 4 0.057122 0.083172 0.037187 0.004300 0.818219
4 4 0.084117 0.106123 0.054370 0.008126 0.747264
4 4 0.128094 0.129354 0.079953 0.014672 0.647927
4 4 0.159976 0.125188 0.078244 0.009232 0.627360
4 4 0.145138 0.120787 0.061763 0.005352 0.666960
4 4 0.176891 0.142622 0.072279 0.007350 0.600858
4 4 0.184120 0.146964 0.075409 0.008066 0.585441
4 4 0.194604 0.153117 0.079970 0.009196 0.563114
4 4 0.201161 0.156878 0.082835 0.009960 0.549165
4 4 0.168199 0.137295 0.068531 0.006550 0.619426
4 4 0.098531 0.089875 0.039589 0.002163 0.769843
4 4 0.127927 0.111062 0.051380 0.003601 0.706031
4 4 0.158016 0.130904 0.064161 0.005692 0.641227
4 4 0.260381 0.187633 0.109210 0.019546 0.423230
4 4 0.211961 0.249854 0.198273 0.030558 0.309354
4 4 0.015937 0.037031 0.014716 0.001451 0.930865
4 4 0.018359 0.038404 0.016648 0.001630 0.924958
4 4 0.022707 0.039302 0.016519 0.001118 0.920353
4 4 0.044068 0.068773 0.030461 0.003220 0.853479
4 4 0.075994 0.091029 0.037215 0.002892 0.792870
4 4 0.090686 0.106077 0.043192 0.003792 0.756254
4 4 0.136532 0.150605 0.067405 0.009779 0.635680
4 4 0.174972 0.176064 0.086360 0.016112 0.546492
4 4 0.174814 0.175239 0.084119 0.014868 0.550960
4 4 0.209627 0.182613 0.092494 0.015646 0.499620
4 4 0.206331 0.234145 0.172728 0.023777 0.363019
1 4 0.166917 0.282036 0.276692 0.036826 0.237529
2 1 0.117363 0.298506 0.411315 0.059554 0.113263
2 1 0.111033 0.292352 0.438328 0.073628 0.084660
2 1 0.080628 0.288691 0.494139 0.064728 0.071814
2 1 0.054739 0.270039 0.562500 0.052841 0.059882
2 1 0.037923 0.222133 0.649522 0.045178 0.045244
2 1 0.032020 0.205510 0.680820 0.044038 0.037611
2 1 0.026381 0.184198 0.716923 0.040407 0.032092
2 1 0.028198 0.186699 0.708267 0.032965 0.043871
2 1 0.041575 0.223775 0.633314 0.035500 0.065837
2 1 0.065188 0.215096 0.597957 0.047549 0.074211
2 1 0.103517 0.251906 0.486046 0.056588 0.101944
2 1 0.094812 0.222796 0.540431 0.064741 0.077219
2 1 0.107860 0.264324 0.467119 0.060091 0.100606
2 1 0.100253 0.298745 0.439558 0.055615 0.105828
2 1 0.071528 0.290930 0.504872 0.053730 0.078940
2 1 0.084723 0.291150 0.483318 0.063334 0.077475
2 2 0.036296 0.221167 0.650663 0.036028 0.055847
2 1 0.029983 0.202207 0.686760 0.033669 0.047380
2 2 0.029499 0.201423 0.687135 0.031152 0.050790
2 2 0.028378 0.193367 0.698199 0.029897 0.050159
2 2 0.024200 0.187638 0.712595 0.025429 0.050139
2 2 0.020019 0.164611 0.752026 0.026219 0.037126
2 2 0.012532 0.120023 0.822399 0.023864 0.021183
2 2 0.009055 0.087467 0.866426 0.025398 0.011653
2 2 0.007790 0.072274 0.884676 0.026964 0.008296
2 2 0.007461 0.066178 0.891977 0.026789 0.007594
2 2 0.004948 0.042613 0.925004 0.022923 0.004512
2 2 0.003957 0.035428 0.936297 0.020765 0.003553
2 2 0.002342 0.023461 0.955795 0.016336 0.002066
2 2 0.002467 0.027726 0.951070 0.016330 0.002408
2 2 0.002094 0.022471 0.958148 0.015381 0.001906
2 2 0.002215 0.022902 0.957040 0.015862 0.001981
2 1 0.002610 0.022614 0.955104 0.017573 0.002099
2 1 0.002719 0.021667 0.955388 0.018163 0.002064
2 2 0.002312 0.020166 0.959020 0.016677 0.001824
2 2 0.002293 0.020444 0.958874 0.016552 0.001837
2 1 0.003163 0.022448 0.952341 0.019788 0.002259
2 2 0.003303 0.021697 0.952313 0.020447 0.002239
2 1 0.002222 0.014390 0.964680 0.017331 0.001376
2 0 0.009454 0.020965 0.923723 0.042313 0.003545
2 1 0.010644 0.016427 0.926155 0.043839 0.002935
2 1 0.118853 0.094214 0.637908 0.115706 0.033320
2 1 0.117457 0.135952 0.598001 0.103831 0.044758
2 2 0.137808 0.252573 0.440594 0.086614 0.082411
2 2 0.069398 0.237498 0.570240 0.061153 0.061711
2 2 0.076914 0.299809 0.467355 0.041071 0.114851
2 2 0.042157 0.271906 0.527561 0.019352 0.139024
2 2 0.027004 0.221935 0.585737 0.010767 0.154557
2 2 0.007264 0.076257 0.880106 0.012926 0.023446
2 2 0.005340 0.052713 0.913096 0.015463 0.013388
2 2 0.005480 0.052710 0.912155 0.015587 0.014067
2 2 0.005275 0.043177 0.919983 0.018768 0.012797
2 2 0.004455 0.034602 0.930698 0.020242 0.010002
2 2 0.004420 0.038111 0.928092 0.018389 0.010988
2 2 0.007198 0.069868 0.885046 0.014210 0.023678
2 2 0.006881 0.069180 0.885801 0.013628 0.024511
2 2 0.010183 0.098086 0.836535 0.014008 0.041187
2 2 0.012556 0.125522 0.791321 0.012897 0.057703
2 2 0.011739 0.127814 0.786854 0.014582 0.059011
2 2 0.013318 0.144967 0.758686 0.012226 0.070804
2 2 0.012539 0.139667 0.768332 0.014598 0.064864
2 2 0.013404 0.142532 0.766259 0.013674 0.064130
2 2 0.012127 0.126022 0.788629 0.018349 0.054874
2 2 0.010247 0.106983 0.824383 0.018259 0.040128
2 2 0.009816 0.090449 0.846989 0.017691 0.035055
2 2 0.012763 0.119491 0.811209 0.013943 0.042593
2 2 0.012740 0.117458 0.813968 0.015030 0.040804
2 2 0.013075 0.116424 0.812002 0.015438 0.043062
2 2 0.011830 0.095234 0.834127 0.022613 0.036196
2 2 0.013506 0.109059 0.816475 0.020233 0.040727
2 2 0.013802 0.128680 0.795251 0.015775 0.046493
2 2 0.014174 0.127902 0.791716 0.019890 0.046318
2 2 0.008951 0.082618 0.840466 0.041638 0.026326
2 2 0.009206 0.078408 0.837446 0.050768 0.024171
2 2 0.009264 0.073794 0.832117 0.061398 0.023427
2 2 0.010204 0.074421 0.835429 0.056077 0.023869
2 2 0.007100 0.049201 0.840200 0.088757 0.014742
2 2 0.005660 0.036183 0.838158 0.110373 0.009626
2 2 0.004459 0.025905 0.829011 0.133669 0.006956
2 2 0.004274 0.025758 0.845003 0.118586 0.006379
2 2 0.004453 0.021434 0.793246 0.175894 0.004974
2 2 0.002680 0.011463 0.750904 0.232101 0.002852
2 2 0.001591 0.005581 0.632759 0.358408 0.001661
2 2 0.001954 0.006664 0.594566 0.394765 0.002051
