4 0 0.367718 0.128644 0.038606 0.025134 0.439898
4 0 0.374156 0.132457 0.042571 0.027686 0.423130
4 0 0.371963 0.120048 0.036210 0.026207 0.445572
4 0 0.359013 0.112922 0.030104 0.021956 0.476005
4 0 0.354197 0.106052 0.026774 0.020583 0.492394
4 0 0.374879 0.125552 0.039552 0.027530 0.432487
4 0 0.377887 0.123641 0.039669 0.028572 0.430232
4 0 0.391017 0.125646 0.045644 0.034543 0.403149
4 0 0.374920 0.112483 0.033890 0.026964 0.451743
4 0 0.379191 0.114003 0.035729 0.028586 0.442491
4 0 0.378021 0.116314 0.036393 0.028243 0.441029
4 0 0.396793 0.115265 0.042209 0.036482 0.409251
4 0 0.396593 0.114713 0.041834 0.036329 0.410531
4 0 0.383018 0.118186 0.038808 0.030311 0.429676
4 0 0.371271 0.130726 0.040720 0.026495 0.430788
4 0 0.379843 0.135996 0.046655 0.030311 0.407195
4 0 0.368573 0.129140 0.039099 0.025451 0.437738
4 1 0.193146 0.126777 0.030136 0.010406 0.639534
4 1 0.103721 0.151620 0.047861 0.008041 0.688756
4 1 0.054443 0.126419 0.032852 0.003450 0.782836
4 1 0.041914 0.115773 0.027740 0.002440 0.812134
4 1 0.047696 0.129939 0.035947 0.003273 0.783146
4 4 0.071431 0.129663 0.033561 0.004454 0.760891
4 4 0.110145 0.134790 0.035265 0.006824 0.712976
4 4 0.143602 0.128291 0.030771 0.007932 0.689403
4 4 0.151680 0.135174 0.035097 0.009177 0.668872
4 4 0.185080 0.136214 0.036076 0.011352 0.631278
4 4 0.177923 0.158233 0.053493 0.014577 0.595774
4 4 0.176377 0.143109 0.040868 0.011851 0.627795
4 4 0.147316 0.141058 0.039136 0.009651 0.662838
4 4 0.131625 0.128715 0.031101 0.007364 0.701195
4 4 0.074180 0.120357 0.027805 0.004037 0.773620
4 4 0.069108 0.104334 0.019903 0.003008 0.803646
4 4 0.048990 0.082387 0.012071 0.001583 0.854969
4 4 0.071983 0.080493 0.010755 0.002052 0.834717
4 4 0.094380 0.078178 0.009703 0.002437 0.815302
4 4 0.154933 0.082194 0.010513 0.004054 0.748307
4 4 0.175877 0.088497 0.012503 0.005146 0.717977
4 4 0.244667 0.099400 0.016982 0.008816 0.630135
4 4 0.281402 0.102482 0.018863 0.010989 0.586263
4 4 0.277297 0.104709 0.019818 0.011200 0.586976
4 4 0.212975 0.110569 0.021624 0.009068 0.645764
4 4 0.117625 0.117650 0.025060 0.005699 0.733965
4 4 0.118176 0.137006 0.036575 0.007474 0.700769
4 4 0.106686 0.145758 0.043125 0.007653 0.696778
4 4 0.118818 0.155324 0.050560 0.009492 0.665806
4 4 0.118109 0.156135 0.051275 0.009537 0.664945
4 4 0.157940 0.129010 0.031198 0.008770 0.673082
4 4 0.256284 0.136857 0.038565 0.016625 0.551669
4 0 0.376221 0.133721 0.043982 0.028594 0.417482
0 0 0.387652 0.141211 0.053536 0.034727 0.382874
0 0 0.394616 0.146408 0.061718 0.039969 0.357288
0 0 0.419477 0.122337 0.059303 0.054075 0.344809
0 0 0.429780 0.099331 0.046936 0.057603 0.366351
0 0 0.445241 0.097281 0.056183 0.077358 0.323937
0 0 0.426854 0.094865 0.042366 0.054068 0.381847
0 0 0.422957 0.092858 0.039477 0.050663 0.394043
4 0 0.413737 0.091111 0.035273 0.044213 0.415666
4 0 0.404903 0.096041 0.035040 0.039387 0.424629
4 0 0.410511 0.088196 0.032844 0.042168 0.426280
4 0 0.314986 0.101686 0.019172 0.012573 0.551583
4 0 0.315094 0.101737 0.019198 0.012590 0.551382
4 0 0.282568 0.087315 0.012781 0.008415 0.608920
4 1 0.351153 0.119504 0.030572 0.019953 0.478818
4 1 0.358795 0.123617 0.033958 0.022139 0.461491
4 1 0.382035 0.137412 0.048413 0.031440 0.400700
4 1 0.340714 0.135203 0.042190 0.024503 0.457390
4 1 0.225851 0.172313 0.071383 0.023202 0.507251
4 1 0.065796 0.218128 0.144254 0.012405 0.559417
4 1 0.048901 0.244214 0.247039 0.015320 0.444525
4 1 0.046985 0.248368 0.284029 0.016994 0.403623
2 1 0.049263 0.250020 0.362187 0.023336 0.315194
2 1 0.042266 0.241057 0.448822 0.026862 0.240993
2 1 0.037392 0.222808 0.530388 0.027613 0.181799
2 1 0.029489 0.184480 0.649187 0.024673 0.112171
2 1 0.023736 0.161229 0.709616 0.020796 0.084623
2 1 0.025356 0.161800 0.706496 0.021788 0.084560
2 2 0.025717 0.162461 0.704601 0.021883 0.085338
2 2 0.021420 0.135570 0.765321 0.018819 0.058870
2 2 0.014780 0.115454 0.810515 0.019859 0.039391
2 2 0.015835 0.118088 0.802508 0.025204 0.038365
2 2 0.013055 0.110596 0.818657 0.024674 0.033019
2 2 0.016570 0.125693 0.783476 0.034624 0.039636
2 2 0.015631 0.110429 0.780469 0.060160 0.033311
2 2 0.015657 0.099627 0.746042 0.108608 0.030067
2 2 0.018728 0.123240 0.679334 0.135009 0.043688
2 2 0.027002 0.176565 0.587010 0.125622 0.083802
2 3 0.020980 0.130411 0.558927 0.234517 0.055165
2 3 0.020214 0.115138 0.508415 0.306965 0.049268
2 3 0.015732 0.082177 0.471395 0.400749 0.029948
2 3 0.016965 0.080521 0.467159 0.406634 0.028721
3 3 0.017748 0.063748 0.396019 0.500766 0.021719
3 3 0.016091 0.049098 0.359749 0.560427 0.014636
3 3 0.016013 0.033227 0.250303 0.690717 0.009740
3 3 0.027994 0.028689 0.149897 0.782593 0.010826
3 3 0.020997 0.019646 0.120379 0.831461 0.007517
3 3 0.013740 0.010487 0.072014 0.899143 0.004615
3 3 0.011413 0.008337 0.064782 0.911847 0.003621
3 3 0.009946 0.006214 0.047210 0.933526 0.003104
3 3 0.008143 0.004704 0.037427 0.947243 0.002483
3 3 0.005652 0.003271 0.029152 0.960227 0.001699
3 3 0.006793 0.004069 0.034871 0.952208 0.002059
3 3 0.008827 0.004815 0.035671 0.947964 0.002723
3 3 0.008373 0.004436 0.033871 0.950787 0.002534
3 3 0.009260 0.005151 0.037230 0.945464 0.002895
3 3 0.008989 0.005243 0.038216 0.944703 0.002849
3 3 0.010120 0.005605 0.039359 0.941744 0.003172
3 3 0.006949 0.003652 0.029822 0.957506 0.002071
3 3 0.003832 0.001936 0.019659 0.973492 0.001081
3 3 0.002516 0.001279 0.014918 0.980593 0.000695
3 3 0.002305 0.001165 0.014028 0.981871 0.000632
3 3 0.001754 0.000841 0.011337 0.985608 0.000460
3 3 0.001421 0.000692 0.009938 0.987578 0.000371
3 3 0.001204 0.000565 0.008704 0.989223 0.000305
3 3 0.000943 0.000437 0.007339 0.991047 0.000234
3 3 0.001261 0.000565 0.008737 0.989124 0.000313
3 3 0.000996 0.000447 0.007475 0.990838 0.000244
3 3 0.001045 0.000396 0.006980 0.991345 0.000234
3 3 0.001600 0.000554 0.008802 0.988693 0.000350
3 3 0.001290 0.000441 0.007561 0.990432 0.000277
3 3 0.000981 0.000395 0.006936 0.991463 0.000226
3 3 0.000666 0.000252 0.005168 0.993768 0.000146
3 3 0.001182 0.000455 0.007655 0.990438 0.000269
3 3 0.001047 0.000418 0.007214 0.991080 0.000242
3 3 0.000758 0.000275 0.005494 0.993309 0.000163
3 3 0.000682 0.000242 0.005049 0.993883 0.000144
3 3 0.000431 0.000153 0.003712 0.995616 0.000089
3 3 0.000937 0.000330 0.006216 0.992316 0.000201
3 3 0.001173 0.000423 0.007327 0.990819 0.000258
3 3 0.000931 0.000350 0.006434 0.992078 0.000206
3 3 0.001643 0.000635 0.009554 0.987786 0.000382
3 3 0.003130 0.001252 0.014981 0.979868 0.000769
3 3 0.002080 0.000805 0.011191 0.985434 0.000490
3 3 0.002093 0.000766 0.010871 0.985792 0.000479
3 3 0.001302 0.000425 0.007407 0.990593 0.000273
3 3 0.000941 0.000282 0.005670 0.992922 0.000185
3 3 0.000980 0.000271 0.005552 0.993012 0.000185
3 3 0.000843 0.000242 0.005127 0.993628 0.000161
3 3 0.000770 0.000230 0.004945 0.993906 0.000149
3 3 0.000987 0.000315 0.006077 0.992419 0.000201
3 3 0.001230 0.000398 0.007090 0.991026 0.000256
3 3 0.001010 0.000341 0.006377 0.992060 0.000212
3 3 0.001499 0.000524 0.008473 0.989175 0.000328
3 3 0.001091 0.000370 0.006728 0.991580 0.000231
3 3 0.001227 0.000382 0.006916 0.991226 0.000250
3 3 0.000896 0.000255 0.005316 0.993362 0.000171
3 3 0.000742 0.000197 0.004505 0.994421 0.000135
3 3 0.000756 0.000213 0.004716 0.994174 0.000142
3 3 0.000776 0.000220 0.004818 0.994040 0.000146
3 3 0.000830 0.000243 0.005136 0.993631 0.000160
3 3 0.001030 0.000328 0.006242 0.992190 0.000210
3 3 0.001554 0.000522 0.008480 0.989110 0.000334
3 3 0.002645 0.000992 0.012895 0.982847 0.000622
3 3 0.003207 0.001296 0.015313 0.979391 0.000793
3 3 0.002980 0.001241 0.014844 0.980190 0.000746
3 3 0.004709 0.002006 0.020385 0.971675 0.001225
3 3 0.004021 0.001607 0.017682 0.975689 0.001001
3 3 0.004838 0.001791 0.019111 0.973092 0.001168
3 3 0.003403 0.001285 0.015308 0.979190 0.000814
3 3 0.003203 0.001235 0.014887 0.979902 0.000772
3 3 0.002629 0.000902 0.012184 0.983696 0.000589
3 3 0.002632 0.000809 0.011428 0.984576 0.000555
3 3 0.001296 0.000388 0.007019 0.991038 0.000259
3 3 0.001386 0.000395 0.007122 0.990827 0.000271
3 3 0.001241 0.000352 0.006595 0.991572 0.000240
3 3 0.001553 0.000446 0.007718 0.989977 0.000306
3 3 0.001644 0.000542 0.008708 0.988754 0.000351
3 3 0.003279 0.001328 0.015567 0.979012 0.000813
3 3 0.006340 0.003502 0.033425 0.954952 0.001781
3 3 0.011010 0.008101 0.075890 0.901831 0.003168
3 3 0.022019 0.019897 0.162714 0.788804 0.006566
3 3 0.025290 0.026073 0.203529 0.737250 0.007858
3 2 0.027931 0.032613 0.230792 0.699316 0.009347
3 2 0.043291 0.048537 0.249223 0.642962 0.015987
3 2 0.033880 0.082519 0.418204 0.438701 0.026696
2 2 0.042715 0.116905 0.423475 0.370419 0.046485
2 4 0.037800 0.202359 0.505177 0.151305 0.103359
2 4 0.029061 0.205665 0.528993 0.132340 0.103940
2 4 0.029089 0.237453 0.515270 0.069078 0.149110
2 4 0.030336 0.250667 0.455127 0.033728 0.230143
2 4 0.035970 0.249044 0.426255 0.026388 0.262344
2 4 0.030404 0.246196 0.467552 0.031268 0.224580
2 4 0.034064 0.252692 0.356000 0.018770 0.338473
4 4 0.034178 0.246073 0.290233 0.012998 0.416518
4 4 0.037185 0.247096 0.292067 0.014122 0.409530
4 2 0.038556 0.249239 0.310282 0.015864 0.386058
2 2 0.034185 0.250474 0.350909 0.017065 0.347366
2 2 0.033477 0.248218 0.365317 0.016442 0.336546
4 2 0.032438 0.247510 0.319806 0.013737 0.386510
2 2 0.031392 0.244624 0.418120 0.018353 0.287510
2 2 0.027173 0.236349 0.488901 0.022152 0.225425
2 2 0.033856 0.240792 0.455540 0.022760 0.247052
2 2 0.037293 0.241287 0.448926 0.023824 0.248670
2 2 0.051938 0.246524 0.403891 0.028250 0.269397
2 2 0.077379 0.249392 0.334075 0.032787 0.306368
2 2 0.097883 0.245654 0.336047 0.041986 0.278431
2 2 0.102862 0.245745 0.320377 0.041650 0.289366
4 2 0.144492 0.238444 0.275008 0.049938 0.292117
4 2 0.136328 0.239943 0.287193 0.049318 0.287218
2 2 0.119851 0.240167 0.334826 0.051982 0.253174
2 2 0.109673 0.240474 0.354521 0.050940 0.244392
2 2 0.117905 0.240295 0.338265 0.051752 0.251783
2 2 0.092800 0.242296 0.374895 0.045943 0.244066
2 2 0.076984 0.246403 0.372341 0.037452 0.266820
2 2 0.095560 0.244804 0.350266 0.043202 0.266169
2 2 0.125362 0.237324 0.342922 0.056503 0.237888
2 2 0.153493 0.232906 0.310119 0.062321 0.241160
2 2 0.135159 0.239066 0.304751 0.052579 0.268445
2 2 0.084641 0.244128 0.376956 0.042003 0.252272
2 2 0.088441 0.245621 0.357769 0.040970 0.267199
2 2 0.104350 0.240419 0.365356 0.050304 0.239571
2 2 0.099033 0.241882 0.365998 0.047637 0.245450
2 2 0.088072 0.244296 0.369490 0.042600 0.255543
2 2 0.079372 0.246391 0.368223 0.038070 0.267944
2 2 0.074006 0.248526 0.355623 0.033894 0.287951
2 2 0.084136 0.248670 0.329054 0.035008 0.303133
2 2 0.077286 0.249292 0.336424 0.033029 0.303969
2 2 0.067362 0.246734 0.384722 0.034192 0.266990
2 2 0.061331 0.244598 0.408967 0.033867 0.251238
2 2 0.049524 0.238164 0.459169 0.032498 0.220644
2 2 0.049380 0.238525 0.457474 0.032216 0.222406
2 2 0.045649 0.230504 0.497485 0.034242 0.192120
2 2 0.040278 0.230349 0.508617 0.034731 0.186025
2 2 0.035604 0.229927 0.525286 0.044482 0.164701
2 2 0.032360 0.224061 0.547615 0.059435 0.136530
2 2 0.035373 0.229923 0.525204 0.065950 0.143550
2 2 0.046812 0.232613 0.498756 0.066595 0.155224
2 2 0.045760 0.232533 0.501314 0.063750 0.156643
2 2 0.053358 0.244940 0.436298 0.039745 0.225659
2 2 0.060920 0.245503 0.408694 0.035119 0.249764
2 2 0.072579 0.238937 0.426329 0.042795 0.219359
2 2 0.088089 0.238839 0.402777 0.048233 0.222063
2 2 0.088457 0.239061 0.401039 0.048135 0.223308
2 2 0.071568 0.233170 0.453281 0.046544 0.195436
2 2 0.061212 0.234751 0.461287 0.040702 0.202047
2 2 0.052974 0.234384 0.478899 0.042287 0.191455
2 2 0.036717 0.218707 0.556239 0.050319 0.138018
2 2 0.035800 0.216631 0.562822 0.053261 0.131485
2 2 0.036260 0.217343 0.558458 0.060633 0.127305
2 2 0.034106 0.209612 0.571253 0.077305 0.107724
2 2 0.045156 0.253257 0.425884 0.044137 0.231566
2 2 0.060451 0.257327 0.368664 0.043686 0.269872
2 2 0.077552 0.255028 0.340105 0.045659 0.281656
2 2 0.065780 0.252127 0.345556 0.031739 0.304798
4 2 0.066574 0.250713 0.319448 0.026829 0.336436
2 2 0.073449 0.250081 0.327472 0.030399 0.318600
4 2 0.109343 0.245400 0.299516 0.040923 0.304818
2 2 0.150455 0.236397 0.285376 0.054670 0.273101
4 2 0.131083 0.241401 0.279753 0.045791 0.301973
4 2 0.120851 0.243232 0.293734 0.044451 0.297731
2 2 0.104111 0.245074 0.326192 0.043142 0.281481
2 2 0.088608 0.241479 0.387402 0.045824 0.236686
2 2 0.081938 0.242556 0.392051 0.042908 0.240546
2 2 0.078601 0.241336 0.404618 0.043003 0.232443
2 2 0.067980 0.240122 0.426869 0.040047 0.224981
2 2 0.059147 0.232579 0.472886 0.040865 0.194522
2 2 0.042636 0.229736 0.503575 0.032599 0.191454
2 2 0.047647 0.230924 0.493541 0.035210 0.192678
2 2 0.062139 0.241056 0.429664 0.036881 0.230260
2 2 0.071316 0.244969 0.392749 0.037261 0.253706
2 2 0.070247 0.243770 0.402518 0.037985 0.245480
2 2 0.058527 0.239968 0.439989 0.035979 0.225538
2 2 0.059696 0.242336 0.425380 0.034888 0.237699
2 2 0.058168 0.235882 0.460177 0.038380 0.207393
2 2 0.057385 0.232405 0.475872 0.040026 0.194312
2 2 0.047744 0.229757 0.499933 0.037478 0.185087
2 2 0.039007 0.219178 0.547554 0.035894 0.158367
2 2 0.036062 0.212759 0.569903 0.033907 0.147369
2 2 0.041876 0.226974 0.517240 0.034933 0.178977
2 2 0.059526 0.238755 0.444962 0.037246 0.219511
2 2 0.076742 0.243904 0.391762 0.040033 0.247559
2 2 0.086321 0.247976 0.335248 0.036763 0.293692
4 2 0.086015 0.248982 0.310314 0.033376 0.321313
2 2 0.143056 0.238180 0.288362 0.052299 0.278102
0 2 0.393650 0.167809 0.146491 0.092641 0.199410
0 2 0.403643 0.165190 0.122795 0.078821 0.229551
0 0 0.402907 0.165537 0.125876 0.080770 0.224910
0 0 0.403540 0.165243 0.123249 0.079108 0.228860
0 0 0.404608 0.164584 0.118131 0.075869 0.236807
0 0 0.405856 0.163224 0.109695 0.070523 0.250703
0 1 0.402909 0.165536 0.125867 0.080765 0.224923
4 1 0.115125 0.244560 0.285396 0.040815 0.314103
2 2 0.059427 0.249268 0.368548 0.028559 0.294197
2 2 0.049099 0.245605 0.413474 0.027622 0.264199
2 2 0.045989 0.245366 0.417111 0.026244 0.265290
2 2 0.041088 0.243767 0.433950 0.025357 0.255838
2 2 0.046230 0.245612 0.415002 0.026192 0.266964
2 2 0.042937 0.241954 0.455290 0.031217 0.228602
2 2 0.045939 0.241143 0.457872 0.034087 0.220959
2 2 0.040770 0.232513 0.502759 0.036787 0.187171
2 2 0.041795 0.236307 0.475136 0.029004 0.217758
2 2 0.041432 0.232771 0.491927 0.030437 0.203433
2 2 0.046176 0.235461 0.475492 0.032047 0.210824
2 2 0.051381 0.235378 0.470486 0.035064 0.207690
2 2 0.074820 0.248738 0.351208 0.033729 0.291505
4 0 0.155251 0.236105 0.265015 0.051807 0.291823
0 0 0.325242 0.189345 0.158087 0.073804 0.253522
0 1 0.403646 0.165188 0.122781 0.078812 0.229573
0 1 0.405892 0.163160 0.109347 0.070303 0.251298
0 2 0.406089 0.162755 0.107214 0.068950 0.254992
0 2 0.405046 0.163839 0.112497 0.072160 0.246459
0 2 0.366675 0.173763 0.115389 0.063337 0.280836
4 2 0.305183 0.188803 0.123455 0.052447 0.330112
4 2 0.220219 0.208802 0.141345 0.040189 0.389445
4 2 0.211970 0.204684 0.126153 0.034761 0.422432
4 2 0.265141 0.198882 0.132791 0.047101 0.356084
0 2 0.406331 0.160447 0.096981 0.062453 0.273788
0 2 0.406363 0.160706 0.098005 0.063103 0.271823
0 2 0.406387 0.161286 0.100395 0.064622 0.267310
0 2 0.406347 0.161800 0.102641 0.066048 0.263164
0 2 0.406387 0.161106 0.099637 0.064140 0.268730
0 0 0.406292 0.160214 0.096085 0.061883 0.275526
0 0 0.406321 0.160383 0.096734 0.062296 0.274266
0 0 0.406260 0.160056 0.095485 0.061502 0.276698
0 0 0.405847 0.163239 0.109773 0.070573 0.250569
0 1 0.346429 0.182617 0.142859 0.072603 0.255492
4 1 0.230897 0.216639 0.201269 0.060596 0.290599
4 1 0.162950 0.233985 0.233494 0.047373 0.322199
4 2 0.129378 0.241828 0.271066 0.043529 0.314199
2 2 0.112393 0.243795 0.318047 0.045336 0.280429
2 2 0.127859 0.239726 0.318881 0.052377 0.261157
4 2 0.212971 0.221478 0.233634 0.064992 0.266925
4 2 0.248424 0.211949 0.201471 0.066632 0.271523
0 2 0.381577 0.171737 0.127242 0.074566 0.244878
0 2 0.404853 0.164389 0.116775 0.075010 0.238972
0 2 0.404636 0.164563 0.117979 0.075773 0.237048
0 0 0.406157 0.159641 0.093956 0.060530 0.279717
0 0 0.405223 0.157460 0.086731 0.055933 0.294653
0 0 0.405081 0.157210 0.085976 0.055452 0.296281
0 0 0.404924 0.156947 0.085196 0.054956 0.297977
0 0 0.406320 0.161971 0.103422 0.066544 0.261743
0 0 0.405932 0.163087 0.108951 0.070051 0.251978
0 0 0.406344 0.161821 0.102738 0.066110 0.262987
0 0 0.406324 0.161948 0.103313 0.066475 0.261940
0 0 0.406297 0.162088 0.103963 0.066887 0.260766
0 0 0.404395 0.164738 0.119245 0.076574 0.235048
0 1 0.400711 0.166238 0.133700 0.085716 0.213635
0 2 0.401281 0.166092 0.131816 0.084525 0.216287
4 2 0.301386 0.193861 0.142808 0.059507 0.302438
4 2 0.148622 0.237417 0.244834 0.045098 0.324028
2 2 0.077718 0.247510 0.360361 0.036219 0.278192
2 2 0.057767 0.240638 0.437309 0.035177 0.229110
2 2 0.062354 0.237850 0.445753 0.039173 0.214870
2 2 0.067886 0.235041 0.450847 0.043602 0.202623
2 2 0.063835 0.233590 0.466598 0.049259 0.186718
2 2 0.053581 0.233462 0.485753 0.053772 0.173432
2 2 0.048064 0.231263 0.501962 0.058546 0.160165
2 2 0.043572 0.232157 0.506549 0.052213 0.165509
2 2 0.036405 0.220551 0.551570 0.052972 0.138502
2 2 0.036305 0.215109 0.565922 0.053535 0.129130
2 2 0.035714 0.211095 0.575767 0.057806 0.119618
2 2 0.051977 0.233344 0.488916 0.054369 0.171394
2 2 0.056015 0.233420 0.480744 0.049718 0.180103
2 2 0.067077 0.237104 0.444414 0.043352 0.208052
2 2 0.072381 0.237830 0.431961 0.043554 0.214274
2 2 0.078115 0.243067 0.395038 0.041262 0.242518
2 2 0.072922 0.245652 0.385185 0.037105 0.259136
2 2 0.072930 0.245547 0.385981 0.037214 0.258327
2 2 0.055479 0.238120 0.452964 0.035655 0.217783
2 2 0.078935 0.238178 0.420521 0.045792 0.216574
0 2 0.402538 0.165684 0.127313 0.081679 0.222786
0 2 0.406192 0.159772 0.094434 0.060834 0.278767
0 2 0.402717 0.153970 0.077220 0.049872 0.316221
0 0 0.406233 0.159937 0.095040 0.061219 0.277571
0 0 0.405493 0.163745 0.112670 0.072409 0.245683
0 0 0.406312 0.162010 0.103601 0.066657 0.261419
4 0 0.148142 0.236103 0.224312 0.040906 0.350537
4 2 0.067154 0.244197 0.235353 0.019604 0.433693
4 2 0.034035 0.248510 0.338802 0.015298 0.363354
4 2 0.037797 0.248294 0.306793 0.015097 0.392019
4 2 0.058793 0.235615 0.198265 0.014753 0.492575
4 2 0.067453 0.224821 0.160537 0.013893 0.533296
4 2 0.060600 0.203942 0.116812 0.009693 0.608953
4 2 0.055798 0.188291 0.093040 0.007533 0.655338
4 2 0.059790 0.175616 0.075604 0.006844 0.682146
4 2 0.077623 0.151820 0.049466 0.006328 0.714763
4 4 0.149844 0.132838 0.033578 0.008788 0.674952
4 4 0.144885 0.139910 0.038324 0.009357 0.667523
4 4 0.122699 0.137771 0.037021 0.007807 0.694702
4 4 0.140236 0.148880 0.045027 0.010195 0.655662
4 4 0.199435 0.134851 0.035400 0.012060 0.618254
4 4 0.350409 0.119111 0.030266 0.019756 0.480459
4 4 0.366019 0.127665 0.037652 0.024520 0.444143
4 4 0.373088 0.131812 0.041871 0.027236 0.425994
4 4 0.350437 0.119126 0.030277 0.019763 0.480396
4 4 0.370459 0.130245 0.040221 0.026174 0.432902
4 4 0.225570 0.147679 0.045903 0.016538 0.564311
4 4 0.193288 0.173741 0.070518 0.019547 0.542906
4 4 0.078932 0.212517 0.129251 0.013384 0.565916
4 4 0.061910 0.211079 0.130076 0.010777 0.586158
4 4 0.047399 0.202023 0.118039 0.007844 0.624695
4 4 0.066371 0.218114 0.144061 0.012490 0.558963
4 4 0.093588 0.194722 0.096545 0.012396 0.602750
4 4 0.214523 0.198476 0.112340 0.031836 0.442825
4 1 0.306239 0.177907 0.094461 0.041305 0.380088
0 1 0.401028 0.152131 0.072926 0.047132 0.326783
0 1 0.404048 0.155643 0.081524 0.052617 0.306168
0 1 0.406348 0.160574 0.097479 0.062769 0.272829
0 0 0.405971 0.159067 0.091930 0.059241 0.283791
0 0 0.405895 0.163155 0.109317 0.070284 0.251349
0 0 0.406371 0.160797 0.098369 0.063334 0.271129
0 0 0.406184 0.159743 0.094325 0.060765 0.278983
0 0 0.406270 0.162206 0.104515 0.067238 0.259772
0 0 0.406330 0.160445 0.096972 0.062447 0.273807
0 0 0.405206 0.157429 0.086639 0.055874 0.294851
0 0 0.406269 0.160099 0.095647 0.061605 0.276381
0 0 0.402366 0.153567 0.076244 0.049250 0.318573
0 1 0.404515 0.156309 0.083362 0.053788 0.302026
0 1 0.390778 0.143460 0.056890 0.036877 0.371995
4 1 0.375128 0.133050 0.043227 0.028108 0.420488
0 0 0.388037 0.141482 0.053926 0.034978 0.381578
0 1 0.389517 0.142539 0.055484 0.035976 0.376483
4 1 0.383852 0.138612 0.049964 0.032436 0.395136
0 1 0.394178 0.146059 0.061117 0.039584 0.359063
4 1 0.385162 0.139493 0.051142 0.033192 0.391011
0 1 0.400019 0.151126 0.070743 0.045738 0.332374
0 1 0.403497 0.154918 0.079607 0.051395 0.310583
0 1 0.404961 0.157009 0.085380 0.055073 0.297577
0 1 0.406160 0.159654 0.094004 0.060561 0.279621
0 1 0.406377 0.161511 0.101361 0.065235 0.265516
4 1 0.128057 0.242034 0.280742 0.044836 0.304332
2 1 0.094486 0.247073 0.325876 0.038940 0.293625
2 1 0.078159 0.246514 0.369290 0.037620 0.268417
2 2 0.092108 0.245586 0.350385 0.041584 0.270337
2 2 0.098725 0.241158 0.371307 0.048448 0.240363
2 2 0.112730 0.243772 0.317288 0.045346 0.280864
4 2 0.126032 0.242296 0.287954 0.045412 0.298306
4 2 0.152938 0.236336 0.274963 0.053223 0.282540
4 2 0.229246 0.217274 0.208981 0.062638 0.281860
0 2 0.403835 0.165086 0.121935 0.078277 0.230867
0 2 0.402987 0.165502 0.125556 0.080568 0.225386
0 2 0.403837 0.165085 0.121926 0.078272 0.230881
0 2 0.406373 0.160819 0.098458 0.063391 0.270960
0 2 0.405417 0.157820 0.087843 0.056641 0.292279
0 2 0.406253 0.160027 0.095375 0.061432 0.276913
0 1 0.405459 0.157900 0.088093 0.056800 0.291749
0 0 0.402897 0.154182 0.077744 0.050206 0.314971
0 0 0.406064 0.162814 0.107517 0.069142 0.254463
0 0 0.406053 0.159302 0.092749 0.059762 0.282133
0 1 0.404566 0.156387 0.083581 0.053927 0.301539
0 1 0.406347 0.161803 0.102656 0.066058 0.263136
0 1 0.405503 0.163733 0.112599 0.072365 0.245800
0 1 0.406168 0.162549 0.106182 0.068295 0.256806
0 0 0.402482 0.153699 0.076562 0.049453 0.317804
0 0 0.399521 0.150649 0.069742 0.045099 0.334989
0 0 0.393964 0.145890 0.060830 0.039400 0.359915
0 0 0.405756 0.158529 0.090119 0.058089 0.287507
0 1 0.405556 0.163665 0.112199 0.072111 0.246469
0 2 0.319358 0.191160 0.162293 0.073972 0.253217
4 2 0.148173 0.230385 0.186799 0.034062 0.400580
4 2 0.094832 0.247060 0.268519 0.031284 0.358305
4 2 0.154750 0.236266 0.263203 0.051203 0.294578
0 2 0.301808 0.196441 0.172630 0.073023 0.256097
0 2 0.403274 0.165373 0.124380 0.079824 0.227149
0 2 0.405310 0.163955 0.113952 0.073222 0.243561
0 2 0.406340 0.160512 0.097235 0.062614 0.273300
0 1 0.401015 0.166163 0.132705 0.085087 0.215031
0 0 0.397443 0.166775 0.143285 0.091766 0.200731
0 0 0.406168 0.159682 0.094104 0.060624 0.279422
0 1 0.395520 0.147141 0.063006 0.040792 0.353541
0 1 0.387388 0.141026 0.053271 0.034558 0.383757
4 1 0.378720 0.135282 0.045797 0.029760 0.410443
4 1 0.207808 0.206737 0.130156 0.034971 0.420328
4 2 0.158400 0.221328 0.156186 0.030885 0.433200
4 2 0.156306 0.225192 0.168884 0.032732 0.416887
4 2 0.223683 0.214161 0.165558 0.047571 0.349026
4 2 0.248757 0.209964 0.171627 0.056070 0.313582
0 2 0.362888 0.177976 0.145755 0.079888 0.233493
0 1 0.390255 0.169527 0.135612 0.083145 0.221461
0 1 0.400280 0.166336 0.135075 0.086584 0.211725
0 2 0.387942 0.166841 0.165251 0.105599 0.174367
0 2 0.326003 0.186143 0.196286 0.096653 0.194915
0 2 0.323391 0.186701 0.198901 0.097064 0.193943
0 2 0.298637 0.195052 0.207298 0.089912 0.209102
2 2 0.126502 0.239050 0.328143 0.053749 0.252555
2 2 0.085611 0.243273 0.381214 0.043179 0.246722
2 2 0.065027 0.222943 0.500318 0.053954 0.157758
2 2 0.087331 0.232826 0.431406 0.054938 0.193499
2 2 0.072068 0.234726 0.446195 0.045677 0.201335
2 2 0.071429 0.233514 0.454181 0.050025 0.190852
2 2 0.061750 0.242096 0.444123 0.058432 0.193599
2 2 0.082392 0.241406 0.409322 0.058537 0.208342
2 2 0.104759 0.235067 0.395178 0.072715 0.192281
0 2 0.365511 0.171078 0.186755 0.111705 0.164950
0 2 0.390380 0.166958 0.160130 0.102378 0.180153
0 2 0.396170 0.166885 0.146623 0.093871 0.196451
0 2 0.403758 0.165128 0.122283 0.078497 0.230334
0 2 0.419860 0.143055 0.114841 0.095066 0.227178
0 2 0.426007 0.135637 0.089821 0.078000 0.270535
0 0 0.410148 0.138446 0.067176 0.050662 0.333569
0 0 0.405170 0.157365 0.086442 0.055749 0.295274
0 0 0.406228 0.159914 0.094957 0.061166 0.277736
0 0 0.406381 0.161442 0.101062 0.065045 0.266070
0 0 0.356832 0.178032 0.126049 0.066510 0.272577
4 1 0.242378 0.203958 0.136853 0.043539 0.373271
4 2 0.291594 0.189381 0.117118 0.047110 0.354796
0 2 0.406314 0.160340 0.096566 0.062189 0.274591
0 2 0.404935 0.156965 0.085250 0.054990 0.297860
0 2 0.405059 0.157174 0.085868 0.055384 0.296516
0 1 0.396625 0.148063 0.064680 0.041863 0.348769
0 1 0.400194 0.151296 0.071105 0.045969 0.331436
0 1 0.400246 0.151347 0.071213 0.046039 0.331155
0 1 0.398482 0.149688 0.067794 0.043854 0.340182
0 0 0.395764 0.147343 0.063366 0.041023 0.352504
0 0 0.397840 0.149114 0.066668 0.043135 0.343243
0 0 0.390488 0.143246 0.056559 0.036665 0.373043
0 0 0.391974 0.144353 0.058297 0.037778 0.367597
4 0 0.379892 0.136027 0.046692 0.030335 0.407054
4 2 0.378741 0.135295 0.045812 0.029770 0.410382
4 2 0.346033 0.116830 0.028545 0.018644 0.489948
4 2 0.207472 0.101121 0.017342 0.007573 0.666493
4 4 0.064385 0.079131 0.010511 0.001831 0.844142
4 4 0.060560 0.060579 0.005746 0.001158 0.871957
4 4 0.095183 0.062859 0.005867 0.001752 0.834339
4 4 0.237203 0.069176 0.007151 0.004724 0.681746
4 4 0.250164 0.074030 0.008438 0.005577 0.661790
4 4 0.253982 0.075547 0.008871 0.005860 0.655740
4 4 0.250995 0.074359 0.008531 0.005638 0.660477
4 4 0.281616 0.086910 0.012629 0.008316 0.610529
4 4 0.283233 0.087598 0.012889 0.008485 0.607795
4 4 0.268111 0.081269 0.010643 0.007020 0.632957
4 4 0.186090 0.063382 0.005749 0.003212 0.741566
4 4 0.167743 0.066359 0.006387 0.003122 0.756389
4 4 0.137372 0.055512 0.004274 0.001980 0.800861
4 4 0.173776 0.059868 0.005041 0.002755 0.758560
4 4 0.135228 0.055591 0.004293 0.001957 0.802931
4 4 0.183301 0.061302 0.005323 0.003007 0.747066
4 4 0.223870 0.066416 0.006467 0.004165 0.699081
4 4 0.174608 0.082385 0.010562 0.004555 0.727890
4 4 0.217228 0.074654 0.008468 0.004850 0.694800
4 4 0.206470 0.087443 0.012238 0.005928 0.687921
4 4 0.141066 0.096469 0.015384 0.004813 0.742268
4 4 0.123514 0.082566 0.010742 0.003332 0.779846
4 4 0.123643 0.085651 0.011703 0.003535 0.775468
4 4 0.101605 0.086199 0.012084 0.003021 0.797090
4 4 0.116442 0.084713 0.011457 0.003298 0.784090
4 4 0.162776 0.111788 0.021886 0.007032 0.696517
4 4 0.214870 0.120260 0.026679 0.010613 0.627577
4 4 0.125972 0.151779 0.047466 0.009574 0.665209
4 4 0.065885 0.175957 0.074943 0.007416 0.675799
2 4 0.060699 0.249104 0.369236 0.029225 0.291736
2 4 0.060724 0.248744 0.373618 0.029683 0.287231
2 4 0.067961 0.250388 0.334043 0.028844 0.318764
2 4 0.049311 0.250072 0.361072 0.023270 0.316275
4 4 0.045727 0.249348 0.299851 0.017549 0.387524
4 4 0.051272 0.248647 0.280960 0.018216 0.400905
4 4 0.086224 0.232917 0.181847 0.019483 0.479529
4 2 0.225048 0.199338 0.117057 0.034768 0.423789
0 2 0.401399 0.152516 0.073791 0.047684 0.324609
0 2 0.406078 0.159379 0.093019 0.059934 0.281590
0 2 0.397059 0.148433 0.065371 0.042305 0.346832
0 2 0.389304 0.142385 0.055254 0.035829 0.377229
4 0 0.359716 0.119007 0.032468 0.022282 0.466528
4 0 0.365600 0.123352 0.035735 0.024208 0.451104
4 0 0.352285 0.120104 0.031044 0.020258 0.476310
4 0 0.326198 0.106970 0.022083 0.014461 0.530288
4 0 0.310760 0.099741 0.018184 0.011931 0.559384
4 2 0.301686 0.095641 0.016235 0.010664 0.575773
4 2 0.322591 0.105250 0.021097 0.013822 0.537239
4 2 0.336596 0.112048 0.025227 0.016498 0.509631
4 0 0.363218 0.126076 0.036155 0.023556 0.450995
4 0 0.369389 0.129616 0.039578 0.025760 0.435656
4 0 0.380792 0.136605 0.047402 0.030791 0.404410
4 1 0.250113 0.203711 0.140677 0.046367 0.359133
4 1 0.123000 0.225995 0.161947 0.024729 0.464329
4 1 0.050443 0.250766 0.332959 0.021597 0.344236
2 1 0.047651 0.248543 0.385494 0.024447 0.293866
2 1 0.048508 0.244652 0.421153 0.028009 0.257678
2 1 0.052182 0.239173 0.451297 0.033329 0.224018
2 2 0.041133 0.217710 0.546544 0.033377 0.161236
2 2 0.034134 0.204136 0.595924 0.032311 0.133495
2 2 0.030738 0.191981 0.632364 0.033078 0.111839
2 2 0.027661 0.175260 0.674855 0.027343 0.094881
2 2 0.026655 0.162635 0.703878 0.028697 0.078135
2 2 0.033018 0.175134 0.668114 0.030362 0.093372
2 2 0.044128 0.194289 0.607094 0.032865 0.121623
2 2 0.048505 0.213719 0.548204 0.035454 0.154117
2 2 0.050632 0.216967 0.535765 0.036569 0.160067
2 2 0.051781 0.225423 0.507264 0.037026 0.178506
2 2 0.038316 0.203813 0.589015 0.030247 0.138609
2 2 0.028552 0.181103 0.661002 0.032808 0.096536
2 2 0.022425 0.158955 0.713352 0.040566 0.064702
2 2 0.016758 0.124571 0.767042 0.052564 0.039066
2 2 0.016352 0.121995 0.753113 0.069292 0.039248
2 2 0.018599 0.120762 0.730965 0.088989 0.040686
2 2 0.014554 0.086912 0.737029 0.136503 0.025001
2 2 0.017077 0.096936 0.683572 0.172178 0.030237
2 2 0.016162 0.093347 0.649594 0.211741 0.029155
2 3 0.016494 0.097090 0.634088 0.220482 0.031846
2 3 0.023299 0.139878 0.592048 0.186231 0.058545
2 3 0.031050 0.153925 0.542415 0.204585 0.068026
2 3 0.023979 0.107868 0.517683 0.309937 0.040534
2 3 0.023871 0.097640 0.535718 0.310202 0.032568
3 3 0.020998 0.063134 0.445700 0.451298 0.018870
3 3 0.026206 0.055144 0.341829 0.558982 0.017839
3 3 0.039009 0.048818 0.200823 0.689977 0.021372
3 3 0.031205 0.026291 0.106004 0.823562 0.012938
3 3 0.025405 0.020245 0.088425 0.855714 0.010212
3 3 0.021081 0.016276 0.076559 0.877813 0.008271
3 3 0.031924 0.024169 0.098225 0.832959 0.012724
3 3 0.003940 0.002220 0.022089 0.970593 0.001158
3 3 0.004368 0.002458 0.023696 0.968190 0.001289
3 3 0.004440 0.002335 0.022191 0.969743 0.001290
3 3 0.003668 0.001860 0.019135 0.974304 0.001034
3 3 0.003540 0.001729 0.018282 0.975474 0.000975
3 3 0.003818 0.001921 0.019565 0.973622 0.001074
3 3 0.005059 0.002635 0.024058 0.966774 0.001474
3 3 0.007177 0.003750 0.030360 0.956577 0.002137
3 3 0.011205 0.005065 0.037384 0.943179 0.003166
3 3 0.007224 0.003027 0.026797 0.961043 0.001909
3 3 0.007694 0.003378 0.028709 0.958126 0.002093
3 3 0.005692 0.002469 0.023363 0.966963 0.001512
3 3 0.006296 0.002565 0.024072 0.965441 0.001626
3 3 0.003418 0.001311 0.015498 0.978948 0.000825
3 3 0.002539 0.000922 0.012309 0.983646 0.000585
3 3 0.002284 0.000878 0.011862 0.984437 0.000539
3 3 0.002442 0.000932 0.012354 0.983696 0.000577
3 3 0.002739 0.001046 0.013337 0.982227 0.000651
3 3 0.002787 0.001112 0.013847 0.981575 0.000679
3 3 0.003207 0.001380 0.015891 0.978702 0.000821
3 3 0.004715 0.002087 0.020867 0.971078 0.001252
3 3 0.004123 0.001737 0.018544 0.974539 0.001058
3 3 0.001782 0.000680 0.010009 0.987116 0.000413
3 3 0.001382 0.000525 0.008424 0.989355 0.000315
3 3 0.001752 0.000712 0.010269 0.986847 0.000420
3 3 0.001572 0.000614 0.009338 0.988109 0.000367
3 3 0.001598 0.000620 0.009397 0.988014 0.000372
3 3 0.000925 0.000363 0.006569 0.991933 0.000210
3 3 0.000820 0.000352 0.006394 0.992240 0.000194
3 3 0.001162 0.000477 0.007861 0.990226 0.000274
3 3 0.000969 0.000354 0.006499 0.991965 0.000212
3 3 0.000674 0.000238 0.004999 0.993947 0.000142
3 3 0.000767 0.000286 0.005624 0.993155 0.000168
3 3 0.000947 0.000339 0.006320 0.992189 0.000205
3 3 0.001421 0.000480 0.008014 0.989780 0.000305
3 3 0.001608 0.000528 0.008560 0.988962 0.000342
3 3 0.001145 0.000383 0.006898 0.991332 0.000241
3 3 0.001358 0.000457 0.007755 0.990140 0.000290
3 3 0.001277 0.000445 0.007599 0.990402 0.000277
3 3 0.000979 0.000346 0.006410 0.992055 0.000210
3 3 0.001269 0.000470 0.007840 0.990137 0.000284
3 3 0.001610 0.000584 0.009080 0.988365 0.000361
3 3 0.001714 0.000638 0.009614 0.987643 0.000391
3 3 0.001773 0.000641 0.009664 0.987523 0.000399
3 3 0.002207 0.000795 0.011163 0.985332 0.000502
3 3 0.002112 0.000817 0.011301 0.985272 0.000498
3 3 0.001879 0.000739 0.010557 0.986381 0.000444
3 3 0.001728 0.000680 0.009987 0.987198 0.000407
3 3 0.001464 0.000558 0.008776 0.988867 0.000336
3 3 0.001564 0.000631 0.009483 0.987951 0.000371
3 3 0.001820 0.000734 0.010491 0.986520 0.000435
3 3 0.001781 0.000749 0.010595 0.986440 0.000435
3 3 0.001568 0.000625 0.009429 0.988008 0.000370
3 3 0.001751 0.000668 0.009897 0.987277 0.000406
3 3 0.001228 0.000436 0.007486 0.990581 0.000268
3 3 0.000871 0.000283 0.005647 0.993020 0.000178
3 3 0.000873 0.000274 0.005540 0.993138 0.000175
3 3 0.000886 0.000281 0.005630 0.993024 0.000179
3 3 0.001647 0.000518 0.008474 0.989018 0.000343
3 3 0.001658 0.000526 0.008559 0.988910 0.000347
3 3 0.000580 0.000190 0.004318 0.994796 0.000116
3 3 0.000524 0.000163 0.003920 0.995291 0.000102
3 3 0.000391 0.000116 0.003136 0.996284 0.000073
3 3 0.000462 0.000135 0.003471 0.995846 0.000086
3 3 0.000294 0.000081 0.002468 0.997107 0.000051
3 3 0.000352 0.000095 0.002760 0.996731 0.000062
3 3 0.000234 0.000061 0.002056 0.997610 0.000039
3 3 0.000258 0.000073 0.002308 0.997315 0.000046
3 3 0.000223 0.000065 0.002120 0.997552 0.000040
3 3 0.000346 0.000104 0.002915 0.996570 0.000064
3 3 0.000311 0.000089 0.002626 0.996918 0.000056
3 3 0.000399 0.000112 0.003072 0.996345 0.000072
3 3 0.000397 0.000106 0.002979 0.996448 0.000070
3 3 0.000674 0.000185 0.004311 0.994706 0.000124
3 3 0.000969 0.000277 0.005617 0.992951 0.000186
3 3 0.001534 0.000399 0.007229 0.990551 0.000287
3 3 0.001046 0.000267 0.005532 0.992966 0.000189
3 3 0.000686 0.000197 0.004477 0.994510 0.000129
3 3 0.000474 0.000137 0.003506 0.995795 0.000088
3 3 0.000877 0.000253 0.005283 0.993419 0.000168
3 3 0.000572 0.000168 0.004020 0.995131 0.000108
3 3 0.000508 0.000147 0.003674 0.995577 0.000094
3 3 0.000714 0.000218 0.004764 0.994164 0.000139
3 3 0.001415 0.000511 0.008311 0.989449 0.000314
3 3 0.003021 0.001271 0.015076 0.979871 0.000761
3 3 0.018019 0.008470 0.052095 0.916067 0.005349
3 3 0.030489 0.017901 0.090451 0.851126 0.010032
3 3 0.126394 0.082540 0.220243 0.522718 0.048105
0 2 0.271944 0.166540 0.228204 0.213067 0.120244
0 2 0.276979 0.198749 0.234148 0.094291 0.195833
2 2 0.194872 0.223702 0.274042 0.070949 0.236435
2 2 0.127930 0.241446 0.297467 0.048002 0.285156
4 2 0.093148 0.248086 0.292435 0.033768 0.332563
4 2 0.084082 0.249143 0.293744 0.030644 0.342386
4 2 0.061050 0.250644 0.305636 0.023488 0.359181
4 2 0.042555 0.247846 0.286641 0.015664 0.407294
4 2 0.035204 0.234090 0.213485 0.009925 0.507296
4 2 0.030915 0.236805 0.233705 0.009608 0.488967
4 4 0.031984 0.226778 0.190838 0.008246 0.542153
4 4 0.033073 0.209532 0.142407 0.006635 0.608353
4 4 0.034919 0.198828 0.119170 0.006033 0.641052
4 4 0.030892 0.157035 0.063063 0.003351 0.745659
4 4 0.027294 0.142023 0.049918 0.002543 0.778222
4 4 0.030893 0.147168 0.053306 0.002967 0.765665
4 4 0.051354 0.151500 0.052283 0.004560 0.740302
4 4 0.092738 0.146090 0.043913 0.006821 0.710438
4 4 0.121397 0.155655 0.050798 0.009718 0.662432
4 4 0.130577 0.127957 0.030655 0.007235 0.703575
4 4 0.151111 0.123081 0.027734 0.007735 0.690340
4 4 0.188303 0.129627 0.031818 0.010550 0.639702
4 4 0.153745 0.133973 0.034312 0.009147 0.668823
4 4 0.111878 0.120022 0.026411 0.005646 0.736044
4 4 0.072721 0.111065 0.022951 0.003472 0.789791
4 4 0.046333 0.086009 0.013473 0.001624 0.852561
4 4 0.033107 0.086552 0.014549 0.001279 0.864513
4 4 0.027374 0.089854 0.016483 0.001182 0.865108
4 4 0.024416 0.071040 0.009784 0.000754 0.894005
4 4 0.066278 0.062384 0.006058 0.001298 0.863981
4 4 0.097552 0.054148 0.004240 0.001463 0.842598
4 4 0.135049 0.049950 0.003496 0.001755 0.809750
4 4 0.076134 0.079014 0.010221 0.002083 0.832549
4 4 0.096203 0.085604 0.011960 0.002855 0.803377
4 4 0.127510 0.070134 0.007339 0.002654 0.792363
4 4 0.160042 0.073392 0.008068 0.003495 0.755003
4 4 0.140018 0.072451 0.007867 0.003032 0.776632
4 4 0.125486 0.077369 0.009222 0.003049 0.784873
4 4 0.127072 0.086361 0.011910 0.003668 0.770989
4 4 0.199540 0.090541 0.013263 0.006057 0.690599
4 4 0.203113 0.091381 0.013574 0.006262 0.685670
4 4 0.317701 0.106743 0.021730 0.013876 0.539951
4 4 0.254267 0.131833 0.034851 0.015306 0.563743
4 4 0.208888 0.153053 0.049874 0.016255 0.571930
4 4 0.161402 0.154215 0.049555 0.012517 0.622312
4 4 0.190005 0.149536 0.046210 0.013959 0.600290
4 4 0.216536 0.134968 0.035869 0.013229 0.599397
4 4 0.160781 0.141827 0.039743 0.010613 0.647037
4 4 0.124984 0.150472 0.046417 0.009350 0.668778
4 1 0.124685 0.178616 0.074031 0.013205 0.609462
4 1 0.131879 0.172150 0.066670 0.012863 0.616439
4 1 0.156927 0.209621 0.124942 0.025148 0.483361
4 1 0.156079 0.181655 0.078302 0.017123 0.566842
4 2 0.255028 0.156179 0.055502 0.021739 0.511551
4 2 0.319078 0.122606 0.031150 0.018092 0.509073
4 2 0.284390 0.135561 0.038878 0.018724 0.522447
4 0 0.304413 0.120196 0.028984 0.016276 0.530131
4 0 0.364014 0.126524 0.036572 0.023824 0.449067
4 0 0.333690 0.110610 0.024299 0.015897 0.515504
4 0 0.321663 0.137548 0.042812 0.023147 0.474830
4 1 0.170529 0.175382 0.071202 0.017361 0.565525
4 1 0.103666 0.228257 0.166684 0.021482 0.479911
4 1 0.111819 0.237157 0.202154 0.027630 0.421239
4 1 0.139929 0.228832 0.176243 0.030395 0.424601
4 4 0.247428 0.201997 0.133101 0.043467 0.374007
4 4 0.245707 0.196512 0.116860 0.038327 0.402595
4 4 0.216412 0.170101 0.067857 0.021319 0.524310
4 4 0.122515 0.156208 0.051259 0.009867 0.660151
4 1 0.122522 0.152847 0.048399 0.009461 0.666771
4 1 0.182465 0.137723 0.037076 0.011417 0.631318
4 1 0.356538 0.122386 0.032908 0.021461 0.466707
4 1 0.367625 0.128590 0.038552 0.025100 0.440134
4 1 0.380957 0.136711 0.047534 0.030876 0.403922
0 1 0.394135 0.146025 0.061059 0.039547 0.359234
4 1 0.382209 0.137525 0.048557 0.031533 0.400176
4 1 0.386279 0.140256 0.052188 0.033863 0.387414
0 1 0.349906 0.167772 0.087501 0.045816 0.349005
4 1 0.178657 0.211012 0.132631 0.030254 0.447445
4 1 0.115588 0.239185 0.214911 0.030308 0.400007
4 1 0.126937 0.240078 0.231254 0.035901 0.365830
4 1 0.079228 0.247323 0.258392 0.025192 0.389866
4 1 0.096030 0.247455 0.280070 0.033172 0.343274
4 1 0.151602 0.234428 0.214202 0.039969 0.359799
4 1 0.281372 0.191713 0.118816 0.045676 0.362423
0 2 0.324828 0.183783 0.119358 0.055154 0.316877
0 2 0.325738 0.184311 0.122167 0.056620 0.311164
4 2 0.232765 0.209050 0.149654 0.045182 0.363349
4 2 0.206035 0.216776 0.163145 0.042679 0.371365
4 2 0.176862 0.226347 0.187132 0.041194 0.368465
4 2 0.169093 0.217847 0.148816 0.031640 0.432605
4 2 0.145901 0.216945 0.140520 0.025856 0.470777
4 2 0.134658 0.227847 0.170773 0.028395 0.438327
2 2 0.049923 0.241954 0.437942 0.030479 0.239702
2 2 0.050312 0.243637 0.426911 0.029591 0.249549
2 2 0.047042 0.241215 0.444750 0.029415 0.237579
2 2 0.050089 0.240010 0.448940 0.031740 0.229221
2 2 0.065342 0.246437 0.390031 0.033786 0.264404
2 2 0.083582 0.245809 0.365598 0.039767 0.265244
2 2 0.106038 0.245409 0.314877 0.042093 0.291584
4 2 0.126036 0.242444 0.281646 0.044242 0.305632
2 2 0.110560 0.244521 0.313457 0.043749 0.287712
2 2 0.099794 0.242918 0.357078 0.046425 0.253785
2 1 0.092663 0.236806 0.405188 0.051446 0.213897
2 1 0.080215 0.234692 0.434189 0.049030 0.201874
2 1 0.056349 0.236915 0.459248 0.037974 0.209514
2 1 0.050118 0.233214 0.492629 0.058753 0.165285
2 2 0.048157 0.232836 0.496043 0.066041 0.156923
2 2 0.046156 0.227059 0.513971 0.071308 0.141506
2 2 0.049199 0.232637 0.495165 0.064959 0.158041
2 2 0.050206 0.233216 0.492356 0.060888 0.163334
2 2 0.048473 0.232972 0.496027 0.054855 0.167673
2 2 0.040672 0.226682 0.527662 0.054000 0.150985
2 2 0.038319 0.221330 0.546539 0.050974 0.142838
2 2 0.033927 0.212614 0.575500 0.055165 0.122793
2 2 0.042344 0.224215 0.524764 0.077232 0.131445
2 2 0.049529 0.229520 0.500859 0.074089 0.146002
2 2 0.048150 0.226163 0.515115 0.066104 0.144468
2 2 0.037197 0.207942 0.578500 0.064544 0.111817
2 2 0.037856 0.209276 0.574866 0.063448 0.114554
2 2 0.033041 0.199766 0.600788 0.068830 0.097576
2 2 0.065889 0.232717 0.464413 0.078250 0.158732
2 2 0.077017 0.237827 0.432626 0.069219 0.183311
2 2 0.067343 0.241038 0.434187 0.049794 0.207639
2 2 0.053299 0.234797 0.482380 0.056050 0.173473
2 2 0.063421 0.237689 0.455134 0.053880 0.189876
2 2 0.069235 0.235933 0.451157 0.054250 0.189425
2 2 0.077486 0.238618 0.421060 0.045365 0.217472
2 2 0.050027 0.232992 0.492578 0.050401 0.174001
