0 0 0.820271 0.055052 0.040677 0.002647 0.081352
0 0 0.807877 0.048161 0.031735 0.002311 0.109917
0 0 0.789962 0.052435 0.035497 0.003025 0.119081
0 0 0.769921 0.062967 0.046755 0.004724 0.115634
0 0 0.773318 0.062776 0.046749 0.004597 0.112559
0 0 0.759979 0.056510 0.038609 0.004146 0.140756
0 0 0.771656 0.070447 0.057063 0.005543 0.095290
0 0 0.837758 0.060911 0.052255 0.002471 0.046604
0 0 0.861458 0.056359 0.050657 0.001604 0.029921
0 0 0.871650 0.052923 0.047065 0.001300 0.027061
0 0 0.847642 0.064264 0.066997 0.001808 0.019288
0 0 0.855641 0.061328 0.063098 0.001564 0.018369
0 0 0.847751 0.064409 0.068277 0.001751 0.017812
0 0 0.844609 0.065546 0.069759 0.001853 0.018233
0 0 0.899567 0.044122 0.040077 0.000630 0.015605
0 0 0.899130 0.043512 0.037851 0.000667 0.018840
0 0 0.890546 0.046078 0.039651 0.000846 0.022879
0 0 0.899138 0.043573 0.038023 0.000665 0.018601
0 0 0.892459 0.047267 0.044884 0.000725 0.014665
0 0 0.873635 0.054499 0.053836 0.001111 0.016920
0 0 0.865141 0.056859 0.054343 0.001414 0.022243
0 0 0.841165 0.064445 0.061536 0.002288 0.030565
0 0 0.788702 0.082498 0.085141 0.005001 0.038658
0 0 0.758530 0.094184 0.106933 0.006765 0.033589
0 0 0.759912 0.094566 0.111890 0.006191 0.027441
0 0 0.675287 0.118491 0.180624 0.009804 0.015794
0 0 0.774823 0.090038 0.112365 0.004434 0.018340
0 0 0.775730 0.089671 0.107150 0.004836 0.022613
0 0 0.723999 0.106165 0.142021 0.007587 0.020229
0 0 0.716205 0.108457 0.147675 0.008006 0.019656
0 0 0.776684 0.089439 0.110567 0.004411 0.018900
0 0 0.786579 0.085572 0.096719 0.004578 0.026553
0 0 0.816054 0.074746 0.078209 0.003227 0.027764
0 0 0.793478 0.082291 0.088150 0.004477 0.031604
0 0 0.775331 0.088322 0.096795 0.005654 0.033898
0 0 0.779543 0.084135 0.085045 0.005761 0.045516
0 0 0.796442 0.074738 0.068585 0.004659 0.055576
0 0 0.789085 0.063294 0.048704 0.004172 0.094744
0 0 0.782011 0.061607 0.045896 0.004206 0.106280
0 0 0.836325 0.049905 0.035611 0.001986 0.076173
0 0 0.762546 0.062780 0.030992 0.001821 0.141861
0 0 0.787893 0.057381 0.030884 0.001764 0.122078
0 0 0.777974 0.062895 0.027948 0.001206 0.129977
0 0 0.665079 0.072555 0.022745 0.001129 0.238491
0 0 0.654595 0.128426 0.034949 0.001021 0.181009
0 0 0.616271 0.171722 0.041898 0.000991 0.169118
0 0 0.460309 0.338687 0.077554 0.001578 0.121871
1 0 0.295626 0.498673 0.108742 0.002466 0.094494
1 0 0.305052 0.491963 0.130200 0.002999 0.069786
1 0 0.361083 0.417064 0.160001 0.005004 0.056848
0 0 0.479161 0.295578 0.158258 0.007233 0.059771
0 0 0.531685 0.240772 0.152178 0.009416 0.065949
0 0 0.543178 0.210494 0.178177 0.014910 0.053241
0 0 0.519302 0.210784 0.201110 0.020113 0.048692
0 0 0.551100 0.230881 0.148604 0.008446 0.060969
0 0 0.542883 0.229698 0.162966 0.010035 0.054417
0 0 0.552906 0.185388 0.177403 0.021675 0.062627
0 0 0.630703 0.151538 0.159776 0.014103 0.043881
0 0 0.677643 0.122797 0.119001 0.013001 0.067558
0 0 0.680495 0.125944 0.124973 0.011859 0.056730
0 0 0.697890 0.092018 0.046629 0.003579 0.159885
0 0 0.807253 0.063155 0.050496 0.003587 0.075509
0 0 0.835619 0.061083 0.052045 0.002550 0.048703
0 0 0.851216 0.057308 0.049021 0.001960 0.040496
0 0 0.824796 0.069560 0.066938 0.003027 0.035679
0 0 0.836387 0.065256 0.061216 0.002521 0.034620
0 0 0.804147 0.078646 0.082972 0.003874 0.030361
0 0 0.785502 0.084212 0.088901 0.005121 0.036264
0 0 0.740652 0.098505 0.109422 0.008734 0.042687
0 0 0.722413 0.104884 0.121528 0.010303 0.040873
0 0 0.661301 0.149258 0.133362 0.008867 0.047212
0 0 0.431829 0.293792 0.196296 0.015791 0.062293
1 0 0.310981 0.374832 0.203132 0.022426 0.088629
1 1 0.135006 0.369503 0.368495 0.032678 0.094318
2 2 0.048146 0.317541 0.503014 0.024812 0.106488
2 2 0.072244 0.249611 0.583779 0.038105 0.056262
2 2 0.185033 0.325964 0.398471 0.037429 0.053103
2 2 0.092841 0.320907 0.488586 0.023823 0.073843
2 1 0.053161 0.262592 0.568028 0.025629 0.090590
2 1 0.038335 0.206092 0.677643 0.019146 0.058784
2 4 0.028513 0.168132 0.742013 0.015715 0.045626
2 0 0.023257 0.148037 0.764074 0.015241 0.049391
2 4 0.019849 0.143995 0.757018 0.019658 0.059480
2 1 0.008594 0.072273 0.854297 0.023028 0.041807
2 3 0.008336 0.063521 0.857838 0.030576 0.039729
2 -1 0.010537 0.083010 0.810393 0.037662 0.058397
2 0 0.015912 0.128395 0.701319 0.046090 0.108284
2 0 0.017727 0.159975 0.634848 0.040696 0.146754
2 2 0.023509 0.229077 0.534562 0.028811 0.184041
2 2 0.021958 0.226050 0.515103 0.029055 0.207835
2 2 0.019391 0.181642 0.577294 0.041079 0.180594
2 2 0.018692 0.164121 0.597878 0.047740 0.171568
2 2 0.012094 0.114395 0.678316 0.053260 0.141934
2 2 0.009191 0.092019 0.707982 0.048631 0.142178
2 4 0.009453 0.100351 0.684167 0.038486 0.167544
2 2 0.015001 0.142894 0.589823 0.032817 0.219465
2 2 0.023287 0.232558 0.471992 0.023572 0.248591
1 2 0.035075 0.367172 0.337245 0.015876 0.244632
1 1 0.031680 0.377391 0.333481 0.013129 0.244319
1 2 0.035978 0.414649 0.306424 0.013163 0.229786
1 2 0.037118 0.379215 0.327867 0.016203 0.239597
1 2 0.038784 0.376668 0.328064 0.017419 0.239065
2 2 0.033963 0.331119 0.403117 0.016095 0.215706
2 2 0.028562 0.274892 0.502572 0.020586 0.173389
2 1 0.025571 0.252479 0.489232 0.025535 0.207182
2 2 0.036109 0.312707 0.444650 0.020911 0.185623
2 2 0.037187 0.334769 0.446916 0.015754 0.165374
1 0 0.087680 0.472443 0.323441 0.009517 0.106918
1 0 0.126830 0.428330 0.363916 0.011109 0.069816
1 1 0.286386 0.399120 0.266478 0.013062 0.034954
1 1 0.302150 0.416599 0.238037 0.010617 0.032597
1 2 0.299604 0.431640 0.231420 0.008224 0.029113
1 2 0.271136 0.449876 0.240050 0.007446 0.031492
1 2 0.227712 0.425474 0.304403 0.007681 0.034731
2 3 0.069318 0.286443 0.586408 0.013212 0.044619
2 3 0.037694 0.230098 0.659225 0.015432 0.057551
2 3 0.013381 0.115393 0.793325 0.022150 0.055751
2 3 0.007990 0.063872 0.871897 0.024038 0.032203
2 2 0.005892 0.038837 0.895754 0.039747 0.019770
2 3 0.003944 0.023351 0.902885 0.057058 0.012763
2 3 0.003339 0.019323 0.635990 0.333252 0.008096
2 3 0.004436 0.022822 0.621726 0.340721 0.010295
2 3 0.003990 0.020156 0.511682 0.455887 0.008285
3 3 0.006785 0.023707 0.383538 0.578504 0.007466
3 3 0.006525 0.022430 0.363058 0.601530 0.006458
3 3 0.007636 0.024650 0.360460 0.599801 0.007452
3 3 0.009525 0.028134 0.356464 0.596765 0.009112
3 3 0.009827 0.028664 0.355863 0.596272 0.009375
3 3 0.008861 0.026946 0.357818 0.597842 0.008533
3 3 0.009318 0.027769 0.356880 0.597101 0.008932
3 3 0.011175 0.030947 0.353283 0.594057 0.010537
3 3 0.012161 0.032541 0.351491 0.592430 0.011379
3 3 0.013242 0.034227 0.349599 0.590638 0.012294
3 3 0.012424 0.032957 0.351023 0.591994 0.011602
3 3 0.013237 0.034219 0.349608 0.590647 0.012290
3 3 0.011209 0.031002 0.353221 0.594002 0.010566
3 3 0.013399 0.034468 0.349329 0.590377 0.012427
3 3 0.017495 0.040344 0.342740 0.583588 0.015832
3 3 0.023429 0.047856 0.334235 0.573848 0.020633
3 3 0.015370 0.037380 0.346065 0.587109 0.014076
3 1 0.010317 0.029508 0.354907 0.595469 0.009799
3 3 0.009508 0.028163 0.357807 0.595360 0.009162
3 3 0.007542 0.026882 0.425257 0.530049 0.010270
3 3 0.011339 0.031214 0.352982 0.593788 0.010677
3 3 0.007027 0.023451 0.361857 0.600756 0.006909
3 3 0.006620 0.022625 0.362827 0.601384 0.006544
3 3 0.007592 0.024565 0.360559 0.599871 0.007413
3 3 0.010184 0.029280 0.355165 0.595688 0.009684
3 3 0.010995 0.030648 0.353620 0.594355 0.010383
3 3 0.010627 0.030034 0.354313 0.594960 0.010066
3 3 0.010411 0.029668 0.354726 0.595315 0.009880
3 3 0.014770 0.036512 0.347038 0.588103 0.013576
3 3 0.022673 0.046951 0.335267 0.575080 0.020028
3 3 0.019661 0.043203 0.339520 0.580016 0.017600
3 3 0.016938 0.039584 0.343595 0.584510 0.015374
3 3 0.019018 0.042370 0.340460 0.581075 0.017078
3 3 0.024463 0.049071 0.332843 0.572167 0.021456
3 3 0.025805 0.050613 0.331069 0.569993 0.022519
3 3 0.028908 0.054038 0.327094 0.565003 0.024956
3 3 0.023003 0.047347 0.334816 0.574543 0.020292
3 3 0.028577 0.053681 0.327511 0.565534 0.024697
3 3 0.028183 0.054258 0.331666 0.561371 0.024522
3 3 0.024453 0.049059 0.332856 0.572183 0.021448
3 3 0.019935 0.043554 0.339123 0.579565 0.017823
3 3 0.022544 0.046796 0.335444 0.575290 0.019925
3 3 0.015164 0.037085 0.346396 0.587449 0.013905
3 3 0.014158 0.035611 0.348048 0.589118 0.013065
3 3 0.014009 0.035388 0.348297 0.589365 0.012940
3 3 0.021926 0.046044 0.336300 0.576300 0.019429
3 3 0.025013 0.049708 0.332112 0.571275 0.021892
3 3 0.024971 0.049658 0.332169 0.571344 0.021858
3 3 0.023253 0.047647 0.334474 0.574134 0.020492
3 3 0.019785 0.043362 0.339340 0.579812 0.017701
3 3 0.019311 0.042751 0.340031 0.580592 0.017316
3 3 0.019080 0.042451 0.340369 0.580972 0.017128
3 3 0.019128 0.042513 0.340298 0.580893 0.017167
3 3 0.016056 0.038356 0.344971 0.585970 0.014646
3 3 0.014877 0.036668 0.346863 0.587926 0.013666
3 3 0.013562 0.034715 0.349052 0.590108 0.012564
3 3 0.016822 0.039425 0.343773 0.584701 0.015279
3 3 0.022400 0.046621 0.335644 0.575527 0.019809
3 3 0.040409 0.065552 0.336056 0.527519 0.030463
3 3 0.049691 0.073761 0.371171 0.475491 0.029886
3 3 0.044635 0.083183 0.418649 0.425722 0.027810
2 3 0.037812 0.083083 0.544948 0.309087 0.025069
2 0 0.013752 0.047661 0.785946 0.138665 0.013976
2 2 0.012318 0.068682 0.835232 0.059973 0.023795
2 2 0.016955 0.106720 0.783962 0.054045 0.038317
2 2 0.008179 0.054146 0.792519 0.110903 0.034254
2 2 0.009186 0.068774 0.806950 0.072851 0.042240
2 2 0.009352 0.072474 0.802931 0.070966 0.044277
2 2 0.012217 0.078106 0.821108 0.050305 0.038265
2 2 0.016682 0.072166 0.844087 0.039636 0.027428
2 2 0.053322 0.158256 0.727199 0.026042 0.035181
2 2 0.075589 0.178931 0.689171 0.026302 0.030007
2 0 0.085836 0.223788 0.629923 0.021395 0.039059
2 2 0.046941 0.147551 0.755568 0.020833 0.029107
2 2 0.028168 0.135233 0.790946 0.014698 0.030956
2 1 0.023817 0.125101 0.805159 0.016889 0.029034
2 2 0.009095 0.069346 0.882558 0.016406 0.022594
2 2 0.008985 0.061544 0.874689 0.029992 0.024791
2 2 0.009824 0.071175 0.856238 0.035219 0.027544
2 2 0.010227 0.084878 0.821875 0.042157 0.040863
2 2 0.011798 0.105637 0.806513 0.034093 0.041959
2 2 0.012807 0.104635 0.800888 0.042387 0.039282
2 2 0.010443 0.086313 0.821862 0.046107 0.035275
2 2 0.009091 0.064906 0.807000 0.082877 0.036127
2 2 0.008310 0.056612 0.837045 0.068544 0.029489
2 2 0.008072 0.046677 0.822989 0.096420 0.025842
2 2 0.007224 0.037097 0.852572 0.085932 0.017175
2 2 0.005482 0.027745 0.829775 0.120714 0.016285
2 1 0.006303 0.034213 0.854994 0.085128 0.019363
2 1 0.009289 0.055657 0.828429 0.073559 0.033066
2 1 0.016132 0.090757 0.810065 0.048190 0.034856
2 2 0.018483 0.102342 0.791208 0.053530 0.034437
2 0 0.028523 0.186064 0.724351 0.021760 0.039302
2 1 0.028079 0.220301 0.688166 0.017837 0.045616
2 2 0.037045 0.333139 0.561235 0.010817 0.057764
2 2 0.034999 0.346096 0.537453 0.010588 0.070865
2 2 0.031321 0.250854 0.662394 0.011580 0.043850
2 1 0.025717 0.196505 0.729211 0.012330 0.036236
2 2 0.021764 0.166856 0.769301 0.012721 0.029357
2 2 0.019503 0.138315 0.796730 0.016835 0.028617
2 2 0.024415 0.175350 0.742213 0.019219 0.038803
2 2 0.025002 0.178057 0.743063 0.015865 0.038014
2 2 0.015927 0.119497 0.819145 0.017799 0.027633
2 2 0.019600 0.134704 0.793374 0.020698 0.031624
2 2 0.015123 0.112731 0.800295 0.031010 0.040841
2 0 0.045613 0.264219 0.617026 0.014695 0.058448
1 0 0.145236 0.391164 0.380568 0.015972 0.067060
1 2 0.223829 0.457401 0.262897 0.011294 0.044580
1 1 0.251922 0.435054 0.269555 0.011726 0.031743
1 1 0.261060 0.492972 0.211823 0.005625 0.028520
1 1 0.268753 0.495203 0.207847 0.004272 0.023925
1 1 0.304291 0.440724 0.224848 0.005921 0.024216
1 2 0.288701 0.439310 0.230850 0.009076 0.032063
2 2 0.139920 0.314601 0.490453 0.022837 0.032189
2 2 0.122368 0.364824 0.459465 0.014965 0.038377
1 1 0.114130 0.423075 0.404727 0.009741 0.048326
1 1 0.115445 0.453948 0.359054 0.011128 0.060425
2 2 0.017520 0.103312 0.792745 0.045308 0.041115
2 2 0.019364 0.107286 0.749688 0.072939 0.050723
2 2 0.017760 0.106054 0.762787 0.062573 0.050826
2 2 0.021057 0.143576 0.743783 0.037022 0.054563
2 2 0.021998 0.142441 0.745803 0.039412 0.050346
2 2 0.018144 0.114641 0.783256 0.048037 0.035923
2 2 0.019148 0.132682 0.773493 0.036876 0.037801
2 2 0.018123 0.126934 0.790572 0.031977 0.032394
2 2 0.015291 0.112272 0.825780 0.022238 0.024419
2 2 0.022473 0.149886 0.786062 0.015415 0.026164
2 2 0.018322 0.109546 0.811448 0.034916 0.025768
2 2 0.014960 0.080254 0.798567 0.079831 0.026387
2 2 0.017867 0.093113 0.752445 0.102622 0.033954
2 2 0.017157 0.084599 0.761646 0.105275 0.031324
2 2 0.014520 0.074751 0.758708 0.121908 0.030113
2 2 0.012630 0.063149 0.776191 0.122493 0.025537
2 1 0.011615 0.049518 0.762587 0.156742 0.019539
2 2 0.016613 0.057467 0.744351 0.161765 0.019803
2 2 0.023469 0.072568 0.729441 0.151720 0.022802
2 2 0.014937 0.054046 0.763000 0.148191 0.019826
2 2 0.013883 0.043459 0.743921 0.183376 0.015362
2 2 0.015245 0.059347 0.790160 0.116675 0.018574
2 2 0.026014 0.124475 0.746352 0.066383 0.036776
2 2 0.026631 0.139474 0.715694 0.069812 0.048389
2 4 0.030295 0.171076 0.665730 0.070400 0.062499
2 4 0.045859 0.324688 0.462407 0.039813 0.127233
1 4 0.061839 0.431012 0.329511 0.025384 0.152255
1 4 0.059507 0.499474 0.237537 0.017591 0.185891
1 4 0.059314 0.526388 0.221117 0.015706 0.177474
1 4 0.053877 0.483365 0.208206 0.009992 0.244560
1 4 0.066940 0.553628 0.210867 0.014019 0.154546
1 4 0.121810 0.507568 0.187423 0.016059 0.167140
1 1 0.233386 0.412766 0.150861 0.013281 0.189705
1 4 0.205166 0.354363 0.135944 0.015057 0.289469
4 4 0.245032 0.212387 0.083183 0.012329 0.447069
4 4 0.280194 0.118124 0.068797 0.015244 0.517641
4 4 0.205903 0.050149 0.050567 0.021317 0.672065
4 4 0.176776 0.044019 0.040169 0.016878 0.722158
4 4 0.070722 0.019186 0.014428 0.001740 0.893923
4 4 0.077869 0.044126 0.030756 0.002951 0.844298
4 4 0.057710 0.043011 0.027006 0.001562 0.870711
4 4 0.055591 0.065970 0.038126 0.001701 0.838611
4 4 0.058872 0.137808 0.110981 0.005741 0.686598
4 4 0.057984 0.130132 0.156905 0.011110 0.643869
4 4 0.065831 0.100126 0.149379 0.015634 0.669031
4 4 0.116669 0.115666 0.108907 0.018890 0.639868
4 4 0.108209 0.073403 0.064361 0.010185 0.743842
4 4 0.191737 0.118121 0.082090 0.017731 0.590320
4 4 0.124069 0.189971 0.185780 0.028928 0.471252
2 4 0.066918 0.253963 0.421572 0.041957 0.215589
4 4 0.074364 0.290946 0.258447 0.027128 0.349116
4 4 0.055614 0.322760 0.271291 0.018309 0.332026
4 1 0.065599 0.326921 0.244993 0.018713 0.343774
1 4 0.058762 0.383813 0.311034 0.030916 0.215475
2 4 0.073637 0.343096 0.345522 0.067625 0.170120
1 4 0.090208 0.372067 0.242865 0.032801 0.262060
4 4 0.126837 0.330085 0.128570 0.014358 0.400151
1 4 0.121059 0.357015 0.162118 0.016440 0.343368
4 4 0.121877 0.270220 0.168740 0.025189 0.413974
4 4 0.144577 0.234356 0.246531 0.094294 0.280241
2 4 0.132683 0.370025 0.384483 0.058689 0.054120
2 4 0.113009 0.308502 0.430977 0.094775 0.052737
1 4 0.236953 0.418796 0.274298 0.022309 0.047644
1 4 0.294549 0.413076 0.241366 0.013376 0.037633
1 4 0.266811 0.466625 0.223397 0.008648 0.034518
1 2 0.231793 0.518215 0.206789 0.006941 0.036262
1 2 0.241139 0.541961 0.178892 0.003804 0.034204
1 0 0.190625 0.601260 0.175062 0.003261 0.029792
1 0 0.197211 0.577994 0.185141 0.004695 0.034958
1 1 0.175231 0.538479 0.219223 0.012614 0.054453
2 1 0.061599 0.248649 0.488005 0.142645 0.059102
2 1 0.031610 0.126542 0.500946 0.295782 0.045121
2 1 0.016915 0.060967 0.496729 0.399048 0.026342
2 2 0.010304 0.040770 0.647000 0.282891 0.019035
2 2 0.007881 0.031912 0.717254 0.229096 0.013857
2 2 0.006076 0.027646 0.717361 0.236945 0.011972
2 2 0.008146 0.032566 0.684835 0.259642 0.014811
2 2 0.007349 0.031013 0.692952 0.254100 0.014587
2 2 0.008851 0.039129 0.804547 0.132737 0.014736
2 2 0.014675 0.063871 0.831738 0.069626 0.020090
2 2 0.017272 0.061721 0.844386 0.060334 0.016286
2 2 0.010054 0.033669 0.852284 0.094230 0.009763
2 0 0.011058 0.038942 0.840446 0.098760 0.010794
2 0 0.006039 0.025102 0.874913 0.087099 0.006847
2 2 0.009463 0.031708 0.871319 0.079270 0.008239
2 2 0.012245 0.037582 0.851473 0.087463 0.011237
2 2 0.017631 0.048956 0.760595 0.155478 0.017340
2 2 0.015659 0.042539 0.633412 0.295854 0.012536
3 2 0.026485 0.057654 0.372174 0.521770 0.021917
3 2 0.021913 0.047706 0.343606 0.567154 0.019622
3 2 0.015280 0.037252 0.346210 0.587257 0.014001
3 2 0.008643 0.026549 0.358273 0.598193 0.008342
3 2 0.007276 0.023947 0.361277 0.600367 0.007132
3 2 0.009650 0.028636 0.406265 0.547558 0.007890
2 2 0.008466 0.028502 0.547869 0.407964 0.007199
2 2 0.011249 0.034948 0.673091 0.271781 0.008931
2 2 0.010611 0.034169 0.744994 0.201634 0.008592
2 3 0.017404 0.043232 0.537889 0.389103 0.012372
2 3 0.025925 0.054511 0.564769 0.339045 0.015750
2 3 0.060247 0.091044 0.518758 0.310125 0.019827
2 3 0.056693 0.087245 0.541282 0.297554 0.017226
2 3 0.077234 0.132429 0.497546 0.262179 0.030612
3 3 0.032567 0.057974 0.417897 0.473268 0.018295
3 3 0.021404 0.045500 0.372541 0.544285 0.016270
3 3 0.015818 0.038088 0.394684 0.539726 0.011683
3 3 0.013096 0.034056 0.395066 0.547755 0.010027
3 3 0.013651 0.034885 0.416787 0.525211 0.009466
3 2 0.013892 0.035269 0.393374 0.546875 0.010591
3 3 0.015965 0.038293 0.400881 0.533395 0.011465
3 3 0.013666 0.035245 0.402030 0.538371 0.010689
3 3 0.019711 0.044027 0.408113 0.513633 0.014516
2 3 0.033246 0.060930 0.506780 0.381256 0.017788
2 3 0.037762 0.075611 0.538220 0.329209 0.019198
2 3 0.060621 0.118970 0.540075 0.256964 0.023370
2 3 0.073349 0.153530 0.509021 0.231285 0.032816
2 3 0.054833 0.124652 0.494599 0.295663 0.030253
2 0 0.072864 0.169078 0.520939 0.204109 0.033009
2 0 0.118638 0.197803 0.479284 0.164678 0.039596
2 2 0.145923 0.206677 0.462320 0.144699 0.040381
2 2 0.143498 0.188666 0.460557 0.167232 0.040047
2 2 0.008450 0.031919 0.555762 0.389112 0.014757
2 2 0.006223 0.028144 0.659376 0.292816 0.013441
2 2 0.007235 0.030010 0.690031 0.260345 0.012379
2 2 0.007101 0.029665 0.677718 0.273173 0.012343
2 3 0.007241 0.029627 0.700950 0.250973 0.011209
2 3 0.007925 0.031818 0.708930 0.237862 0.013465
2 2 0.007514 0.030812 0.728875 0.220192 0.012607
2 3 0.007884 0.030376 0.602710 0.347140 0.011890
2 2 0.005983 0.024305 0.495739 0.465465 0.008508
2 2 0.062819 0.079892 0.645759 0.199410 0.012120
2 2 0.227230 0.214992 0.481865 0.055382 0.020531
1 2 0.325118 0.331021 0.300471 0.016977 0.026413
1 2 0.312701 0.397301 0.244180 0.012368 0.033450
1 2 0.291778 0.462347 0.217553 0.004958 0.023364
1 1 0.212558 0.581354 0.179377 0.002663 0.024048
1 2 0.175609 0.650323 0.152540 0.001378 0.020151
1 2 0.183508 0.555302 0.219345 0.004419 0.037425
2 3 0.032398 0.170828 0.738603 0.027745 0.030425
2 3 0.020910 0.136170 0.770329 0.036746 0.035844
2 3 0.013239 0.083641 0.861352 0.021456 0.020312
2 3 0.018981 0.113165 0.828364 0.015862 0.023628
2 3 0.010847 0.069011 0.890326 0.014113 0.015704
2 3 0.014796 0.096019 0.852120 0.015504 0.021561
2 2 0.011058 0.076114 0.879489 0.015343 0.017996
2 2 0.012606 0.065669 0.877646 0.027168 0.016910
2 2 0.015142 0.056316 0.862394 0.049848 0.016300
2 2 0.053996 0.128940 0.753134 0.039618 0.024312
2 2 0.105313 0.185792 0.652819 0.032931 0.023146
2 2 0.185192 0.223571 0.543827 0.029058 0.018352
2 1 0.277137 0.250703 0.429089 0.026343 0.016728
2 1 0.333398 0.260103 0.374670 0.016893 0.014936
1 2 0.281945 0.354048 0.325962 0.013192 0.024854
2 2 0.156291 0.371541 0.427281 0.010870 0.034018
2 2 0.098456 0.328073 0.499974 0.023565 0.049931
2 2 0.048761 0.208475 0.653571 0.046089 0.043104
2 2 0.026478 0.138329 0.728067 0.063311 0.043815
2 1 0.015607 0.101838 0.823429 0.033064 0.026061
2 2 0.011268 0.079942 0.850058 0.034543 0.024190
2 2 0.009424 0.078305 0.871172 0.020163 0.020937
2 2 0.009879 0.073705 0.867568 0.025785 0.023062
2 2 0.010869 0.082492 0.859620 0.020482 0.026538
2 2 0.009372 0.066221 0.858083 0.035622 0.030700
2 2 0.006090 0.042152 0.883085 0.042232 0.026442
2 2 0.005803 0.039627 0.890058 0.038545 0.025967
2 2 0.006412 0.044506 0.896934 0.030321 0.021827
2 2 0.008641 0.058162 0.861877 0.040421 0.030899
2 2 0.009971 0.071945 0.846630 0.033192 0.038261
2 2 0.010119 0.074365 0.845416 0.031273 0.038828
2 2 0.011484 0.090552 0.819651 0.030981 0.047332
2 2 0.010340 0.061693 0.827331 0.065304 0.035331
2 3 0.011240 0.070552 0.800646 0.073713 0.043849
2 3 0.010474 0.074450 0.794115 0.064609 0.056352
2 3 0.008995 0.066838 0.808482 0.065994 0.049690
2 3 0.006092 0.038962 0.809730 0.114479 0.030738
2 3 0.006501 0.033316 0.766887 0.171687 0.021609
2 3 0.005935 0.028264 0.802390 0.148943 0.014468
2 3 0.007619 0.032570 0.817477 0.127960 0.014374
2 3 0.007589 0.031579 0.822983 0.124770 0.013079
2 3 0.006656 0.028783 0.824618 0.128310 0.011632
2 3 0.005980 0.027222 0.832687 0.122865 0.011246
2 3 0.002735 0.018002 0.875230 0.095463 0.008569
2 3 0.003314 0.020172 0.869641 0.096880 0.009994
2 3 0.003587 0.021665 0.822301 0.140625 0.011822
2 3 0.003090 0.019402 0.835398 0.133009 0.009101
2 3 0.002848 0.018275 0.805114 0.165986 0.007778
2 3 0.003145 0.019613 0.745684 0.222278 0.009280
2 3 0.003185 0.019801 0.681749 0.285094 0.010171
2 3 0.003181 0.019488 0.631675 0.335671 0.009984
2 3 0.004213 0.022445 0.621375 0.341150 0.010818
2 3 0.006038 0.025977 0.519608 0.436522 0.011855
2 3 0.005753 0.025138 0.529207 0.429089 0.010812
3 3 0.006473 0.025301 0.451447 0.506750 0.010030
2 3 0.006992 0.027362 0.500194 0.454209 0.011242
3 3 0.009276 0.031145 0.456874 0.490050 0.012656
2 3 0.009611 0.032803 0.513869 0.430409 0.013308
3 3 0.009505 0.029827 0.395989 0.553486 0.011194
3 3 0.008388 0.026076 0.358815 0.598604 0.008117
3 3 0.008873 0.026967 0.357794 0.597823 0.008543
3 3 0.009884 0.028763 0.355751 0.596179 0.009424
3 3 0.010971 0.030608 0.353664 0.594394 0.010362
3 3 0.012048 0.032362 0.351691 0.592615 0.011283
3 3 0.011818 0.031992 0.352107 0.592997 0.011086
3 3 0.011901 0.032126 0.351957 0.592860 0.011157
3 3 0.011803 0.031969 0.352133 0.593020 0.011074
3 3 0.013776 0.035039 0.348689 0.589752 0.012744
3 3 0.017046 0.039732 0.343428 0.584331 0.015463
3 3 0.016340 0.038754 0.344525 0.585501 0.014880
3 3 0.015136 0.037044 0.346442 0.587496 0.013882
3 3 0.017354 0.040152 0.342956 0.583822 0.015716
3 3 0.018031 0.041066 0.341928 0.582702 0.016272
3 3 0.019878 0.043481 0.339206 0.579659 0.017776
3 3 0.019061 0.042426 0.340396 0.581003 0.017113
3 3 0.021087 0.045008 0.337477 0.577674 0.018754
3 3 0.021175 0.045118 0.337352 0.577529 0.018825
3 3 0.014112 0.035542 0.348126 0.589195 0.013026
3 3 0.016697 0.039251 0.343968 0.584909 0.015175
3 3 0.018910 0.042229 0.340619 0.581252 0.016990
3 3 0.017599 0.040485 0.342582 0.583417 0.015917
3 3 0.019393 0.042857 0.339910 0.580457 0.017383
3 3 0.016939 0.039585 0.343593 0.584508 0.015375
3 3 0.015527 0.037606 0.345813 0.586848 0.014207
3 3 0.012632 0.033284 0.350657 0.591649 0.011779
3 3 0.015033 0.036895 0.346609 0.587667 0.013796
3 3 0.015923 0.038168 0.345182 0.586191 0.014535
3 3 0.015473 0.037529 0.345899 0.586937 0.014162
3 3 0.014348 0.035892 0.347733 0.588804 0.013223
3 3 0.015912 0.038153 0.345200 0.586210 0.014526
3 1 0.028509 0.053608 0.327597 0.565643 0.024644
2 2 0.069634 0.099831 0.407714 0.387571 0.035249
2 2 0.077263 0.131872 0.505266 0.256198 0.029401
2 2 0.127086 0.225290 0.494219 0.117889 0.035515
2 3 0.097092 0.204213 0.553473 0.115678 0.029545
2 2 0.063698 0.225986 0.623351 0.041092 0.045874
2 2 0.107263 0.367077 0.444269 0.021523 0.059867
2 4 0.018438 0.111642 0.776617 0.048330 0.044972
2 4 0.030305 0.187575 0.660716 0.044378 0.077027
2 4 0.032216 0.265979 0.495849 0.029162 0.176794
4 4 0.048244 0.218484 0.233022 0.012223 0.488027
4 4 0.033990 0.175888 0.223289 0.007676 0.559157
4 4 0.040401 0.151682 0.221229 0.010986 0.575702
4 4 0.069603 0.061774 0.026896 0.001425 0.840302
4 4 0.076812 0.055185 0.020478 0.001181 0.846345
4 4 0.061198 0.034115 0.014008 0.000737 0.889942
4 1 0.065893 0.032400 0.008843 0.000410 0.892455
4 1 0.075707 0.067043 0.018896 0.000835 0.837519
4 4 0.061914 0.052135 0.016307 0.000624 0.869019
4 4 0.057894 0.036479 0.011307 0.000447 0.893874
4 4 0.088660 0.074280 0.018549 0.000930 0.817580
4 4 0.077884 0.123324 0.035727 0.001394 0.761672
4 4 0.082942 0.119545 0.027340 0.001013 0.769161
4 4 0.081702 0.145000 0.034369 0.001216 0.737712
4 4 0.072012 0.182030 0.050270 0.001566 0.694123
1 4 0.094468 0.429614 0.082707 0.003602 0.389609
1 4 0.087411 0.470579 0.100975 0.004659 0.336376
4 4 0.098600 0.369021 0.078435 0.003589 0.450354
4 4 0.083308 0.269099 0.079263 0.003231 0.565099
4 4 0.086371 0.321431 0.100365 0.004756 0.487077
1 4 0.089430 0.432118 0.143775 0.007179 0.327499
4 4 0.108040 0.288432 0.073371 0.004101 0.526056
4 4 0.081158 0.111708 0.037310 0.001746 0.768079
4 4 0.041520 0.031305 0.015440 0.000533 0.911201
4 4 0.037629 0.034630 0.036509 0.001711 0.889521
4 4 0.043284 0.015079 0.018183 0.001582 0.921872
4 4 0.058680 0.010012 0.010556 0.001567 0.919184
4 4 0.085200 0.010230 0.007746 0.001616 0.895208
4 4 0.144847 0.012397 0.006497 0.002250 0.834009
4 4 0.240606 0.023608 0.008824 0.004381 0.722581
4 4 0.310689 0.062479 0.018908 0.005068 0.602857
4 4 0.158617 0.105289 0.035194 0.004800 0.696100
4 4 0.139003 0.236535 0.066002 0.005811 0.552650
1 2 0.093593 0.468983 0.136025 0.009556 0.291842
1 2 0.080351 0.510740 0.171093 0.010790 0.227027
1 2 0.093915 0.588009 0.198188 0.009352 0.110536
1 1 0.075289 0.545276 0.256613 0.008327 0.114495
1 1 0.070852 0.568609 0.233451 0.008252 0.118836
1 1 0.062980 0.558537 0.246013 0.007467 0.125002
1 1 0.084609 0.625221 0.192570 0.006640 0.090960
1 2 0.101808 0.626732 0.167517 0.010367 0.093576
1 1 0.065767 0.631039 0.168046 0.009184 0.125965
1 2 0.039120 0.493333 0.255396 0.010413 0.201738
1 2 0.038848 0.428672 0.295432 0.013726 0.223321
1 2 0.041815 0.345468 0.344963 0.022467 0.245287
2 2 0.040194 0.313566 0.375143 0.024991 0.246105
2 2 0.033616 0.236335 0.507985 0.038492 0.183572
2 2 0.023526 0.173314 0.585938 0.045110 0.172110
2 2 0.015289 0.119968 0.721791 0.033795 0.109156
2 2 0.013622 0.118748 0.739658 0.023868 0.104104
2 2 0.011648 0.104023 0.774237 0.021094 0.088997
2 2 0.011313 0.102052 0.774094 0.022927 0.089614
2 2 0.013524 0.127176 0.727499 0.024841 0.106960
2 2 0.017698 0.166851 0.645461 0.025205 0.144785
2 2 0.017515 0.161813 0.661426 0.027549 0.131698
2 2 0.021542 0.186820 0.623722 0.028312 0.139604
2 2 0.018377 0.148010 0.691447 0.033188 0.108979
2 2 0.016729 0.127340 0.737770 0.031494 0.086667
2 2 0.015038 0.122397 0.758140 0.024100 0.080325
2 2 0.015398 0.120112 0.763226 0.025276 0.075989
2 2 0.013276 0.107372 0.788519 0.026690 0.064143
2 2 0.011760 0.086486 0.813871 0.035327 0.052555
2 2 0.009758 0.075588 0.838195 0.030390 0.046070
2 2 0.009410 0.068427 0.823392 0.036630 0.062141
2 2 0.010363 0.069951 0.832382 0.036728 0.050576
2 2 0.008739 0.052699 0.860489 0.043406 0.034668
2 2 0.006443 0.037920 0.882250 0.046679 0.026708
2 2 0.005365 0.033300 0.892388 0.044173 0.024775
2 2 0.004279 0.026765 0.897454 0.050028 0.021474
2 2 0.003640 0.022887 0.894404 0.059499 0.019571
2 2 0.003389 0.021939 0.888808 0.068143 0.017721
2 2 0.003390 0.022015 0.861670 0.096307 0.016619
2 2 0.006886 0.035950 0.853339 0.078399 0.025426
2 2 0.015817 0.074491 0.840064 0.041120 0.028509
2 2 0.024244 0.122335 0.798434 0.021751 0.033236
2 2 0.016456 0.081806 0.858687 0.022073 0.020978
2 2 0.016343 0.080850 0.859353 0.021817 0.021637
2 1 0.017139 0.082149 0.851597 0.026613 0.022503
2 1 0.034652 0.192700 0.720656 0.012623 0.039368
2 2 0.023466 0.159940 0.762220 0.011258 0.043117
2 2 0.019362 0.153498 0.763397 0.012658 0.051085
2 2 0.009412 0.083319 0.846784 0.016950 0.043535
2 2 0.008999 0.076780 0.834299 0.026208 0.053714
2 2 0.009822 0.090157 0.802991 0.026725 0.070306
2 2 0.008953 0.097305 0.798954 0.021090 0.073697
2 2 0.010614 0.124058 0.755450 0.018743 0.091136
2 2 0.011900 0.122349 0.746640 0.028669 0.090442
2 2 0.015087 0.125700 0.758317 0.032735 0.068160
2 2 0.015053 0.122576 0.790951 0.022694 0.048726
2 3 0.015409 0.129578 0.792549 0.016528 0.045935
2 2 0.013999 0.101866 0.830280 0.019895 0.033960
2 2 0.019061 0.122538 0.803785 0.019940 0.034676
2 2 0.020658 0.131658 0.809054 0.011574 0.027056
2 1 0.028512 0.195708 0.734305 0.009164 0.032311
2 2 0.027819 0.246713 0.682038 0.006395 0.037035
2 2 0.020792 0.193399 0.744577 0.007727 0.033505
2 2 0.018370 0.144860 0.798515 0.010548 0.027707
2 2 0.024337 0.150562 0.775551 0.018213 0.031337
2 2 0.015498 0.096554 0.843692 0.019367 0.024888
2 2 0.013870 0.091679 0.846621 0.020604 0.027226
2 2 0.010308 0.070614 0.876941 0.019378 0.022759
2 2 0.006150 0.038814 0.914860 0.025631 0.014545
2 2 0.007691 0.045996 0.902870 0.027840 0.015603
2 2 0.015402 0.085887 0.855133 0.020272 0.023306
2 0 0.023451 0.118577 0.819878 0.014439 0.023655
2 0 0.035685 0.158303 0.764723 0.015950 0.025338
2 1 0.064399 0.219128 0.666148 0.020315 0.030011
2 2 0.130850 0.316236 0.485959 0.029867 0.037088
1 2 0.184804 0.434814 0.316674 0.017518 0.046191
1 2 0.170867 0.593217 0.180751 0.006786 0.048378
1 2 0.134849 0.569847 0.204908 0.011360 0.079036
1 2 0.077074 0.568705 0.223102 0.010072 0.121047
1 2 0.039836 0.411516 0.305342 0.015357 0.227949
2 2 0.030453 0.275118 0.458272 0.030195 0.205962
2 2 0.023544 0.211015 0.575899 0.029689 0.159852
2 2 0.021427 0.186005 0.612615 0.032339 0.147613
2 2 0.022798 0.174476 0.645739 0.036497 0.120491
2 2 0.026539 0.183724 0.664834 0.032262 0.092642
2 2 0.025478 0.187142 0.673293 0.026694 0.087393
2 3 0.021899 0.164613 0.714189 0.023994 0.075305
2 2 0.022386 0.170248 0.713006 0.024476 0.069883
2 2 0.018278 0.147300 0.734526 0.027336 0.072560
2 2 0.018770 0.150005 0.707571 0.033435 0.090219
2 2 0.028459 0.206773 0.663916 0.021161 0.079692
2 2 0.027969 0.218476 0.654252 0.017062 0.082241
2 0 0.024090 0.180006 0.688819 0.026829 0.080256
2 1 0.030148 0.185351 0.680696 0.034088 0.069716
2 2 0.021269 0.127926 0.746932 0.047829 0.056044
2 2 0.010371 0.067163 0.821101 0.058448 0.042916
2 2 0.006889 0.041932 0.865996 0.059815 0.025369
2 2 0.006724 0.044529 0.871894 0.047642 0.029211
2 2 0.006421 0.035876 0.891371 0.046816 0.019516
2 2 0.011547 0.059211 0.882242 0.026341 0.020658
2 2 0.022904 0.087960 0.851443 0.019298 0.018396
2 2 0.031584 0.113632 0.826319 0.013553 0.014912
2 2 0.027064 0.130798 0.812856 0.012580 0.016702
2 2 0.030721 0.199450 0.732691 0.009371 0.027767
2 1 0.030006 0.180864 0.741500 0.014892 0.032738
2 2 0.037806 0.213875 0.679914 0.018010 0.050395
2 2 0.029259 0.205941 0.661235 0.023469 0.080097
2 2 0.012684 0.099661 0.798814 0.030957 0.057884
2 2 0.009462 0.077488 0.804507 0.042085 0.066457
2 2 0.008421 0.063976 0.826047 0.046744 0.054812
2 2 0.012349 0.080929 0.816798 0.045191 0.044733
2 2 0.018983 0.129163 0.776485 0.027957 0.047412
2 2 0.020208 0.139849 0.783331 0.019052 0.037561
2 2 0.017215 0.124614 0.809180 0.016147 0.032845
2 2 0.015944 0.119701 0.818828 0.015121 0.030407
2 1 0.013207 0.084432 0.859587 0.019089 0.023684
2 2 0.013346 0.078353 0.874258 0.014778 0.019264
2 2 0.019090 0.103533 0.842088 0.013172 0.022118
2 2 0.021820 0.112884 0.823084 0.016873 0.025339
2 2 0.026645 0.154885 0.773492 0.013261 0.031717
2 2 0.023451 0.149633 0.768647 0.018630 0.039640
2 2 0.025558 0.162606 0.743882 0.020240 0.047715
2 2 0.024179 0.156307 0.752560 0.019292 0.047663
2 2 0.020213 0.121669 0.794506 0.024996 0.038616
2 2 0.024342 0.156444 0.742508 0.026582 0.050125
2 2 0.027038 0.165761 0.726543 0.030889 0.049768
2 2 0.053439 0.356866 0.494914 0.018903 0.075878
1 1 0.060580 0.496046 0.358148 0.007746 0.077481
2 2 0.050471 0.429406 0.437380 0.009431 0.073311
2 2 0.040393 0.322003 0.561996 0.014633 0.060975
2 2 0.035580 0.283767 0.605995 0.015245 0.059412
2 2 0.037300 0.276000 0.612912 0.013840 0.059948
2 2 0.043503 0.320412 0.532026 0.015048 0.089010
2 1 0.042549 0.275449 0.595553 0.017290 0.069159
2 0 0.044831 0.259787 0.608797 0.019777 0.066807
2 0 0.050137 0.229042 0.651603 0.023381 0.045837
1 0 0.263489 0.374078 0.308272 0.020325 0.033836
0 0 0.375907 0.346358 0.223575 0.012768 0.041392
0 0 0.612977 0.196620 0.155866 0.005439 0.029099
0 0 0.725840 0.105395 0.130293 0.008880 0.029591
0 0 0.799494 0.081553 0.093279 0.003655 0.022019
0 0 0.891690 0.047552 0.045180 0.000740 0.014838
0 0 0.948620 0.022886 0.016134 0.000116 0.012245
0 0 0.961443 0.014808 0.008203 0.000047 0.015499
0 0 0.934267 0.016406 0.007887 0.000099 0.041341
0 0 0.854785 0.022713 0.010580 0.000384 0.111538
0 0 0.562515 0.018170 0.005074 0.000424 0.413816
0 0 0.543472 0.028182 0.008379 0.000829 0.419138
4 0 0.372888 0.034249 0.008666 0.001323 0.582873
0 0 0.608866 0.121311 0.040907 0.002426 0.226490
1 0 0.098848 0.459359 0.071209 0.002971 0.367612
4 0 0.096602 0.343370 0.048651 0.001545 0.509833
4 0 0.088729 0.339260 0.050553 0.001448 0.520010
1 0 0.089820 0.437820 0.072134 0.002585 0.397641
1 0 0.103862 0.430416 0.069675 0.003091 0.392955
1 0 0.112084 0.416962 0.069807 0.003532 0.397615
4 0 0.125499 0.333271 0.054233 0.002892 0.484104
4 0 0.099299 0.193312 0.043942 0.001951 0.661496
4 0 0.108063 0.196056 0.071192 0.005026 0.619663
4 0 0.102180 0.102004 0.076098 0.009068 0.710651
4 0 0.127958 0.051521 0.026696 0.004290 0.789536
4 0 0.081017 0.021024 0.013891 0.001823 0.882246
4 0 0.086030 0.028522 0.021151 0.002895 0.861401
4 0 0.088893 0.029345 0.029742 0.005184 0.846835
4 0 0.111820 0.051949 0.033509 0.005021 0.797700
4 0 0.059024 0.022724 0.017760 0.001566 0.898927
4 0 0.055602 0.018020 0.011508 0.000899 0.913970
4 0 0.119271 0.106829 0.067675 0.009057 0.697168
4 0 0.208965 0.307371 0.115446 0.019683 0.348536
4 0 0.152270 0.220574 0.055974 0.005335 0.565847
4 0 0.210601 0.207570 0.036115 0.004634 0.541080
4 0 0.220845 0.197325 0.031275 0.003245 0.547310
1 0 0.264528 0.460380 0.106107 0.005291 0.163694
1 1 0.220440 0.515489 0.145089 0.008468 0.110513
1 0 0.198401 0.567206 0.109181 0.003851 0.121361
1 1 0.121755 0.687175 0.100017 0.002510 0.088542
1 1 0.101331 0.704733 0.126623 0.004030 0.063282
1 1 0.102929 0.684153 0.127295 0.005437 0.080186
1 1 0.054029 0.554183 0.188856 0.009287 0.193645
1 1 0.043664 0.429820 0.290940 0.016012 0.219565
1 1 0.057568 0.399617 0.232599 0.013317 0.296899
1 1 0.048078 0.368747 0.267159 0.013820 0.302196
1 1 0.037694 0.370761 0.337956 0.016432 0.237157
1 1 0.037027 0.426033 0.301941 0.012561 0.222438
1 1 0.033157 0.406972 0.313441 0.012179 0.234251
1 1 0.033977 0.399649 0.317455 0.013031 0.235888
1 2 0.048830 0.403931 0.287940 0.017985 0.241315
2 2 0.029694 0.336876 0.339792 0.012150 0.281488
2 2 0.026721 0.273771 0.406105 0.017750 0.275654
2 2 0.028486 0.273594 0.404462 0.019428 0.274030
2 2 0.030049 0.304655 0.382292 0.017600 0.265404
2 2 0.032954 0.320423 0.369252 0.018403 0.258968
2 2 0.031660 0.318416 0.371756 0.017593 0.260576
2 2 0.029466 0.318646 0.373591 0.015901 0.262395
2 2 0.025298 0.269813 0.442674 0.018688 0.243527
2 2 0.025882 0.251053 0.497602 0.018809 0.206654
2 2 0.025881 0.216284 0.595191 0.019470 0.143174
2 2 0.028882 0.237970 0.586261 0.015947 0.130940
2 2 0.022703 0.201843 0.648441 0.016815 0.110198
2 2 0.019046 0.169540 0.692884 0.017752 0.100779
2 2 0.014004 0.129254 0.763848 0.017664 0.075231
2 2 0.012199 0.114544 0.789396 0.018067 0.065794
2 2 0.009598 0.088501 0.814457 0.026461 0.060983
2 2 0.009157 0.082482 0.820752 0.029383 0.058226
2 2 0.010545 0.099699 0.804268 0.023506 0.061981
2 2 0.008069 0.067982 0.851508 0.028711 0.043730
2 2 0.005735 0.045643 0.890647 0.029339 0.028637
2 2 0.004069 0.030841 0.904042 0.037721 0.023326
2 2 0.003453 0.026003 0.924605 0.028914 0.017025
2 2 0.003813 0.028097 0.919238 0.031509 0.017343
2 3 0.004638 0.023035 0.823329 0.140957 0.008041
2 3 0.004131 0.021425 0.785077 0.182301 0.007067
2 3 0.006329 0.026481 0.763912 0.195546 0.007731
2 3 0.005814 0.022884 0.523541 0.441948 0.005813
2 3 0.006136 0.023586 0.534932 0.429530 0.005816
2 3 0.011821 0.034601 0.508426 0.434950 0.010202
3 3 0.023883 0.049395 0.441743 0.469879 0.015101
3 3 0.024957 0.051455 0.372625 0.531930 0.019033
3 3 0.036640 0.084776 0.424175 0.426742 0.027667
3 3 0.028108 0.059940 0.399433 0.492057 0.020462
3 3 0.026615 0.061760 0.405736 0.485297 0.020591
3 3 0.021599 0.049722 0.354298 0.554732 0.019649
3 3 0.019703 0.043257 0.339459 0.579947 0.017634
3 3 0.021331 0.045311 0.337133 0.577275 0.018950
3 3 0.030674 0.056066 0.360312 0.530469 0.022479
3 3 0.017049 0.039736 0.343424 0.584327 0.015465
3 3 0.011989 0.032266 0.351799 0.592714 0.011232
3 3 0.013018 0.033883 0.349984 0.591009 0.012105
3 3 0.026331 0.051236 0.336013 0.564058 0.022361
3 3 0.030689 0.055982 0.334458 0.553645 0.025226
3 3 0.022796 0.047100 0.335098 0.574879 0.020127
3 3 0.020362 0.044097 0.338509 0.578864 0.018168
3 3 0.037991 0.063150 0.316246 0.550669 0.031944
3 3 0.041405 0.066286 0.312406 0.545382 0.034522
3 3 0.058562 0.080365 0.301065 0.514314 0.045694
3 3 0.068472 0.087946 0.348943 0.454509 0.040130
2 1 0.129178 0.143468 0.388503 0.288244 0.050607
2 1 0.136560 0.137296 0.479399 0.216301 0.030443
2 2 0.206875 0.245670 0.375444 0.115927 0.056085
1 2 0.246691 0.384704 0.267434 0.036949 0.064222
1 1 0.205703 0.487951 0.218311 0.019782 0.068253
1 2 0.174426 0.410650 0.332557 0.022510 0.059856
2 2 0.093801 0.317735 0.469824 0.037147 0.081494
2 2 0.030379 0.133224 0.724775 0.058074 0.053548
2 2 0.030625 0.145087 0.730234 0.040123 0.053931
2 2 0.011581 0.061664 0.857291 0.044930 0.024534
2 2 0.018940 0.085572 0.835504 0.032911 0.027073
2 1 0.050831 0.177168 0.689381 0.038706 0.043914
2 1 0.055392 0.225571 0.654349 0.019701 0.044988
2 1 0.063158 0.253298 0.616235 0.019421 0.047888
2 2 0.064930 0.283468 0.582051 0.016989 0.052563
2 2 0.052355 0.338981 0.528837 0.011174 0.068652
2 2 0.033446 0.270947 0.609466 0.011567 0.074573
2 2 0.037246 0.274207 0.585984 0.022587 0.079975
2 2 0.011851 0.095045 0.818495 0.033509 0.041099
2 2 0.013143 0.119118 0.802551 0.020763 0.044425
2 2 0.013618 0.116343 0.801187 0.024981 0.043871
2 2 0.011950 0.087294 0.828227 0.036648 0.035882
2 2 0.010821 0.085330 0.835995 0.031608 0.036246
2 2 0.011143 0.085294 0.842904 0.028254 0.032404
2 1 0.037474 0.165431 0.700076 0.044124 0.052895
2 2 0.204492 0.297220 0.406574 0.042131 0.049583
1 2 0.296976 0.330469 0.272885 0.042085 0.057585
1 2 0.305439 0.348029 0.262558 0.031720 0.052254
1 2 0.243538 0.393379 0.270550 0.027387 0.065146
1 2 0.140563 0.404226 0.368350 0.016310 0.070551
1 2 0.081584 0.415172 0.350159 0.015605 0.137480
2 2 0.043546 0.340775 0.438629 0.017645 0.159405
2 2 0.012499 0.133705 0.709673 0.034917 0.109205
2 2 0.011895 0.110277 0.761904 0.045725 0.070199
2 2 0.013256 0.123097 0.788611 0.016850 0.058187
2 2 0.010898 0.087280 0.842891 0.021389 0.037543
2 2 0.013254 0.107459 0.812047 0.022863 0.044377
2 2 0.021880 0.195307 0.705580 0.017425 0.059809
2 2 0.020344 0.183279 0.710034 0.022177 0.064167
2 2 0.021606 0.205724 0.681501 0.020016 0.071153
2 2 0.019739 0.181087 0.700660 0.022923 0.075591
2 2 0.018524 0.190171 0.688331 0.018417 0.084557
2 2 0.018131 0.211181 0.633773 0.014410 0.122505
2 2 0.013996 0.166645 0.685205 0.017849 0.116305
2 2 0.009850 0.115408 0.748870 0.022730 0.103142
2 2 0.010386 0.099262 0.759971 0.035138 0.095243
2 2 0.009970 0.092577 0.784128 0.035215 0.078110
2 2 0.014188 0.125516 0.743708 0.034804 0.081784
2 2 0.038660 0.202849 0.666319 0.025412 0.066760
2 2 0.125307 0.282891 0.503930 0.034604 0.053268
2 2 0.203185 0.340699 0.381382 0.029591 0.045143
1 2 0.259545 0.384631 0.292908 0.022638 0.040278
1 1 0.246718 0.478959 0.229201 0.009158 0.035963
1 1 0.115660 0.513045 0.313625 0.004591 0.053079
2 2 0.071693 0.362166 0.506663 0.008237 0.051242
2 2 0.030788 0.165489 0.730537 0.029831 0.043356
2 2 0.007746 0.051476 0.834920 0.081261 0.024598
2 2 0.006298 0.035288 0.826506 0.111694 0.020214
2 2 0.008694 0.045441 0.772240 0.145140 0.028485
2 2 0.006996 0.042776 0.802849 0.115573 0.031807
2 2 0.011175 0.083430 0.793763 0.049309 0.062322
2 2 0.011999 0.110827 0.713311 0.044647 0.119216
2 4 0.027130 0.259735 0.415514 0.019541 0.278080
2 4 0.020704 0.203989 0.585363 0.021457 0.168487
2 4 0.075294 0.298402 0.364403 0.021230 0.240670
2 4 0.074465 0.320369 0.394440 0.016812 0.193915
1 4 0.314322 0.389751 0.146811 0.012689 0.136427
1 4 0.322383 0.384591 0.120161 0.008638 0.164227
0 0 0.409885 0.309497 0.091093 0.005136 0.184390
0 1 0.376663 0.319931 0.111652 0.009351 0.182403
