0 0 0.924436 0.022147 0.038344 0.008078 0.006995
0 0 0.944995 0.019752 0.024506 0.004307 0.006441
0 0 0.945867 0.022467 0.020139 0.003295 0.008232
0 0 0.933500 0.030030 0.020145 0.003337 0.012989
0 0 0.886696 0.052638 0.025908 0.004884 0.029874
0 0 0.780177 0.096335 0.041881 0.010118 0.071489
0 0 0.684968 0.133389 0.048835 0.013280 0.119528
0 0 0.649386 0.149765 0.034977 0.008588 0.157285
0 0 0.312709 0.280430 0.093546 0.013413 0.299902
1 0 0.125587 0.390561 0.229622 0.012740 0.241490
1 1 0.087200 0.372702 0.355860 0.012500 0.171738
2 1 0.067643 0.355127 0.438265 0.011381 0.127583
1 1 0.094617 0.381659 0.336874 0.013271 0.173579
2 1 0.088040 0.349240 0.358419 0.014876 0.189425
2 1 0.079285 0.306961 0.381576 0.016098 0.216080
2 1 0.067183 0.302858 0.438123 0.015153 0.176683
2 1 0.067240 0.296496 0.444422 0.016493 0.175349
4 1 0.080687 0.233704 0.239546 0.013835 0.432228
4 1 0.077361 0.170452 0.151378 0.012901 0.587908
4 1 0.097688 0.199034 0.179920 0.015169 0.508189
4 1 0.070306 0.212836 0.330562 0.016918 0.369378
4 4 0.114475 0.180512 0.206028 0.016021 0.482964
4 4 0.141858 0.135458 0.114428 0.011529 0.596727
4 4 0.315995 0.148157 0.082038 0.007716 0.446094
0 4 0.579567 0.144017 0.068498 0.012315 0.195603
0 1 0.561451 0.143650 0.098060 0.021541 0.175298
0 1 0.456334 0.155872 0.128902 0.027295 0.231596
0 0 0.491039 0.152999 0.119814 0.026389 0.209759
0 0 0.489479 0.157191 0.138711 0.032665 0.181954
0 0 0.430288 0.182057 0.229554 0.040542 0.117559
2 0 0.266789 0.205019 0.387804 0.047680 0.092708
2 0 0.113091 0.173220 0.560436 0.063446 0.089807
2 0 0.135030 0.169275 0.391196 0.059590 0.244908
4 0 0.107458 0.141232 0.290132 0.039332 0.421847
4 0 0.133414 0.130306 0.258835 0.041644 0.435802
4 0 0.098820 0.141358 0.305327 0.038142 0.416353
4 0 0.089950 0.135461 0.290263 0.043073 0.441251
4 1 0.091207 0.154251 0.255538 0.032911 0.466092
4 2 0.094593 0.170893 0.272294 0.037197 0.425023
2 2 0.062898 0.177994 0.531133 0.085782 0.142193
2 2 0.016379 0.066107 0.711223 0.191585 0.014706
2 2 0.008838 0.037520 0.668148 0.280145 0.005349
2 2 0.006655 0.025227 0.583387 0.380557 0.004174
2 2 0.006835 0.026461 0.596971 0.365480 0.004252
2 2 0.006303 0.025343 0.605964 0.358553 0.003836
2 2 0.006097 0.020422 0.510550 0.458898 0.004032
2 2 0.005690 0.018508 0.487159 0.484841 0.003802
2 2 0.006329 0.020167 0.490349 0.478862 0.004292
2 3 0.006731 0.022210 0.515471 0.451084 0.004504
3 3 0.006159 0.016134 0.393121 0.580006 0.004579
3 3 0.005106 0.010482 0.272965 0.707210 0.004237
3 3 0.006461 0.012409 0.271144 0.704387 0.005598
3 3 0.005359 0.007183 0.153032 0.828918 0.005507
3 3 0.005995 0.007512 0.144797 0.835295 0.006401
3 3 0.003995 0.005051 0.125099 0.861677 0.004177
3 3 0.003232 0.004105 0.115724 0.873598 0.003342
3 3 0.003650 0.004623 0.121025 0.866904 0.003798
3 3 0.003723 0.004714 0.121907 0.865778 0.003878
3 3 0.003971 0.005021 0.124824 0.862032 0.004150
3 3 0.003262 0.004142 0.116120 0.873101 0.003375
3 3 0.001056 0.001374 0.075835 0.920702 0.001032
3 3 0.001086 0.001412 0.076647 0.919793 0.001063
3 3 0.001099 0.001428 0.076992 0.919406 0.001076
3 3 0.001141 0.001482 0.078119 0.918138 0.001120
3 3 0.001088 0.001414 0.076693 0.919741 0.001065
3 3 0.001087 0.001413 0.076666 0.919771 0.001064
3 3 0.000924 0.001206 0.072029 0.924944 0.000897
3 3 0.000984 0.001281 0.073776 0.923001 0.000958
3 3 0.001094 0.001422 0.076857 0.919557 0.001071
3 3 0.001059 0.001378 0.075920 0.920607 0.001036
3 3 0.001190 0.001545 0.079398 0.916696 0.001170
3 3 0.001526 0.001970 0.087311 0.907673 0.001520
3 3 0.001432 0.001850 0.085207 0.910090 0.001421
3 3 0.001934 0.002483 0.095507 0.898127 0.001948
3 3 0.002493 0.003184 0.105081 0.886698 0.002544
3 3 0.002161 0.002769 0.099596 0.893285 0.002190
3 3 0.002126 0.002724 0.098978 0.894020 0.002152
3 3 0.001348 0.001744 0.083267 0.912308 0.001334
3 3 0.001255 0.001627 0.081026 0.914854 0.001237
3 3 0.001274 0.001650 0.081479 0.914340 0.001256
3 3 0.001092 0.001420 0.076811 0.919608 0.001069
3 3 0.000872 0.001139 0.070421 0.926725 0.000844
3 3 0.001066 0.001387 0.076103 0.920402 0.001042
3 3 0.000991 0.001291 0.074002 0.922749 0.000966
3 3 0.001151 0.001495 0.078381 0.917843 0.001130
3 3 0.001532 0.001977 0.087435 0.907530 0.001525
3 3 0.001605 0.002069 0.088990 0.905734 0.001602
3 3 0.001594 0.002055 0.088756 0.906005 0.001590
3 3 0.001422 0.001839 0.084995 0.910333 0.001411
3 3 0.001269 0.001644 0.081367 0.914468 0.001252
3 3 0.001625 0.002094 0.089410 0.905248 0.001623
3 3 0.001449 0.001872 0.085600 0.909639 0.001439
3 3 0.001321 0.001710 0.082621 0.913043 0.001305
3 3 0.001135 0.001474 0.077959 0.918319 0.001113
3 3 0.001116 0.001450 0.077450 0.918891 0.001094
3 3 0.000901 0.001176 0.071321 0.925728 0.000874
3 3 0.001063 0.001383 0.076031 0.920482 0.001040
3 3 0.001017 0.001324 0.074725 0.921943 0.000992
3 3 0.001196 0.001552 0.079545 0.916530 0.001176
3 3 0.001158 0.001503 0.078551 0.917651 0.001137
3 3 0.001391 0.001799 0.084275 0.911157 0.001378
3 3 0.001995 0.002560 0.096632 0.896801 0.002013
3 3 0.004288 0.005152 0.127770 0.858607 0.004183
3 3 0.006622 0.006747 0.147256 0.834123 0.005251
3 3 0.011182 0.009648 0.174350 0.797567 0.007253
3 3 0.014762 0.011273 0.189583 0.776193 0.008190
3 3 0.027837 0.017044 0.228300 0.715029 0.011790
3 3 0.040930 0.021825 0.253092 0.669509 0.014644
3 3 0.077682 0.040236 0.367511 0.495109 0.019463
2 3 0.155921 0.066676 0.468889 0.286781 0.021732
2 0 0.345955 0.098979 0.429221 0.103482 0.022363
0 0 0.626134 0.096465 0.208242 0.041510 0.027648
0 0 0.614704 0.103882 0.208721 0.041682 0.031011
0 1 0.763272 0.078285 0.093968 0.026199 0.038276
0 1 0.820690 0.073997 0.048210 0.011961 0.045142
0 4 0.829292 0.078296 0.031616 0.006666 0.054130
0 4 0.844805 0.074212 0.023639 0.004425 0.052919
0 4 0.798567 0.094845 0.022394 0.004226 0.079968
0 4 0.618764 0.138474 0.051462 0.008758 0.182542
0 4 0.536179 0.152186 0.063726 0.010401 0.237508
0 4 0.379200 0.167836 0.083521 0.012724 0.356719
0 4 0.475451 0.165019 0.062144 0.010268 0.287119
0 4 0.578925 0.151570 0.052378 0.009683 0.207443
0 4 0.673853 0.132626 0.043654 0.009221 0.140645
0 4 0.460236 0.164004 0.123857 0.026508 0.225395
0 4 0.439268 0.159665 0.120822 0.023980 0.256265
0 4 0.462775 0.162767 0.109704 0.023885 0.240869
0 4 0.457000 0.169437 0.092739 0.019808 0.261016
0 4 0.390074 0.179078 0.101478 0.022326 0.307044
4 4 0.285005 0.178586 0.097520 0.017364 0.421525
4 4 0.228298 0.220090 0.157382 0.020986 0.373245
0 4 0.294372 0.257971 0.164441 0.023290 0.259926
0 4 0.273989 0.250979 0.187699 0.023878 0.263455
0 4 0.374613 0.202088 0.133959 0.018984 0.270356
0 4 0.470100 0.176918 0.107854 0.018454 0.226675
0 4 0.540489 0.153033 0.081650 0.016515 0.208314
0 4 0.559778 0.154956 0.073114 0.016181 0.195971
0 4 0.512069 0.154981 0.081113 0.014530 0.237307
0 4 0.543383 0.151656 0.068994 0.012110 0.223858
0 4 0.518588 0.154689 0.079979 0.014579 0.232165
0 4 0.478253 0.170968 0.090178 0.021629 0.238972
0 4 0.460406 0.164419 0.078627 0.013642 0.282905
0 4 0.459647 0.165888 0.073700 0.012707 0.288058
4 4 0.334717 0.177214 0.080351 0.013387 0.394331
4 4 0.230701 0.247126 0.139772 0.020626 0.361775
1 4 0.232602 0.350980 0.175614 0.023320 0.217485
1 4 0.171235 0.426676 0.242339 0.019348 0.140400
1 4 0.226278 0.394491 0.176475 0.016098 0.186659
1 4 0.159044 0.409107 0.304566 0.015105 0.112178
2 4 0.141331 0.367017 0.374389 0.015456 0.101808
2 4 0.160088 0.353351 0.381178 0.015574 0.089808
1 4 0.186964 0.351869 0.338083 0.016066 0.107018
1 4 0.323974 0.328036 0.188750 0.015515 0.143725
0 4 0.375989 0.255173 0.165024 0.017529 0.186283
0 4 0.300119 0.242445 0.229200 0.021174 0.207061
0 4 0.339101 0.169017 0.172254 0.027356 0.292272
0 4 0.356129 0.172112 0.156001 0.033164 0.282594
4 4 0.239685 0.171338 0.151078 0.027631 0.410267
4 4 0.175140 0.162921 0.126025 0.020625 0.515290
4 4 0.086866 0.136954 0.125533 0.018592 0.632055
4 4 0.067689 0.147915 0.238799 0.028228 0.517368
2 4 0.070547 0.189733 0.367822 0.036548 0.335351
2 4 0.049038 0.170933 0.562990 0.049123 0.167915
2 1 0.036020 0.129449 0.658634 0.080518 0.095379
2 1 0.023478 0.110122 0.744628 0.061960 0.059812
2 1 0.017227 0.099273 0.791902 0.045154 0.046443
2 1 0.018931 0.117404 0.775019 0.030457 0.058189
2 1 0.017574 0.116764 0.790925 0.029231 0.045505
2 1 0.018280 0.115272 0.788118 0.034165 0.044165
2 1 0.016107 0.097240 0.806140 0.049804 0.030708
2 2 0.014891 0.100299 0.815404 0.035541 0.033866
2 2 0.012434 0.080414 0.831689 0.050815 0.024648
2 2 0.009356 0.060535 0.844009 0.071122 0.014978
2 2 0.007930 0.044042 0.800094 0.139234 0.008701
2 2 0.005996 0.035212 0.797939 0.155265 0.005589
2 2 0.010194 0.052977 0.791981 0.132460 0.012388
2 2 0.013204 0.071436 0.806509 0.087694 0.021157
2 2 0.020356 0.084410 0.749701 0.114137 0.031397
2 4 0.036718 0.098727 0.733152 0.096875 0.034529
2 4 0.047279 0.137201 0.671414 0.074601 0.069505
2 4 0.025321 0.110830 0.717551 0.059037 0.087262
2 4 0.031969 0.133685 0.662363 0.046709 0.125274
2 4 0.044988 0.173596 0.541734 0.031483 0.208200
2 4 0.058989 0.196054 0.366533 0.020351 0.358074
4 4 0.064208 0.164871 0.230470 0.017274 0.523177
4 4 0.093458 0.127151 0.124188 0.014057 0.641146
4 4 0.154315 0.137110 0.146458 0.016249 0.545869
4 4 0.121990 0.128672 0.133888 0.013526 0.601924
4 4 0.110903 0.128473 0.121779 0.012541 0.626304
4 4 0.082646 0.123479 0.115193 0.012784 0.665898
4 0 0.091605 0.148025 0.155577 0.030931 0.573862
4 0 0.105540 0.198943 0.239281 0.043831 0.412406
2 0 0.068552 0.184830 0.404545 0.044122 0.297950
2 1 0.050259 0.150877 0.502451 0.053040 0.243373
2 1 0.023441 0.082894 0.700916 0.125910 0.066839
2 1 0.016912 0.062731 0.718334 0.166107 0.035916
2 1 0.015708 0.057252 0.715158 0.174520 0.037361
2 1 0.012886 0.053652 0.751253 0.154975 0.027235
2 1 0.013437 0.058583 0.768090 0.127329 0.032561
2 1 0.009073 0.045759 0.790321 0.140657 0.014190
2 1 0.007163 0.040866 0.811832 0.130734 0.009406
2 2 0.006609 0.043619 0.842534 0.099404 0.007834
2 2 0.009793 0.066704 0.847994 0.060635 0.014875
2 2 0.011758 0.068491 0.820558 0.081994 0.017199
2 2 0.036963 0.101282 0.751284 0.077952 0.032518
2 2 0.116027 0.113830 0.579506 0.129247 0.061390
0 2 0.347212 0.147303 0.308228 0.081830 0.115427
0 2 0.480724 0.140375 0.173134 0.050737 0.155030
0 2 0.550536 0.143526 0.103787 0.022292 0.179860
0 0 0.519561 0.153718 0.092464 0.018637 0.215620
0 0 0.435199 0.175038 0.086940 0.018367 0.284456
4 0 0.333799 0.187487 0.095564 0.020950 0.362199
4 1 0.268104 0.212635 0.100229 0.020527 0.398505
4 1 0.168658 0.192315 0.120745 0.017459 0.500823
4 1 0.103184 0.165823 0.153262 0.018898 0.558833
4 1 0.153104 0.186527 0.238348 0.028897 0.393123
4 1 0.269144 0.189582 0.215871 0.028363 0.297041
4 0 0.311776 0.164040 0.132552 0.021827 0.369806
4 0 0.247226 0.169820 0.128225 0.022246 0.432483
4 0 0.096957 0.169439 0.191774 0.027524 0.514305
4 1 0.113252 0.253096 0.272132 0.036529 0.324992
2 1 0.088083 0.238922 0.344988 0.033159 0.294848
2 1 0.078449 0.215190 0.361364 0.034295 0.310702
2 1 0.070392 0.197878 0.425532 0.044759 0.261439
2 1 0.037446 0.132707 0.659377 0.090008 0.080462
2 1 0.027065 0.104281 0.707420 0.125122 0.036112
2 1 0.024208 0.104032 0.735039 0.105015 0.031707
2 2 0.018249 0.084791 0.762954 0.110965 0.023041
2 2 0.009443 0.055303 0.818182 0.106374 0.010698
2 2 0.008805 0.054583 0.828464 0.098705 0.009443
2 2 0.008217 0.054736 0.839151 0.090070 0.007826
2 2 0.016732 0.071437 0.815625 0.083650 0.012555
2 2 0.034846 0.096842 0.779893 0.058807 0.029612
2 2 0.061600 0.117472 0.671696 0.058320 0.090911
2 2 0.127125 0.133680 0.428143 0.062402 0.248649
4 4 0.178056 0.155028 0.200089 0.038455 0.428372
4 4 0.147939 0.165179 0.125519 0.023145 0.538219
4 4 0.127225 0.212572 0.187148 0.040145 0.432909
4 4 0.099772 0.219766 0.300774 0.044396 0.335292
2 4 0.085163 0.255680 0.453467 0.049205 0.156485
4 2 0.118167 0.271801 0.247778 0.028835 0.333419
1 2 0.214161 0.313945 0.196059 0.021076 0.254759
4 2 0.299082 0.239174 0.117687 0.017241 0.326815
4 2 0.175375 0.270607 0.189351 0.018257 0.346410
4 2 0.103081 0.203189 0.196815 0.023491 0.473424
4 2 0.101220 0.151678 0.142603 0.017840 0.586659
4 2 0.247930 0.161242 0.126878 0.018495 0.445455
4 2 0.192050 0.154922 0.160974 0.025114 0.466939
4 4 0.109742 0.144225 0.160041 0.026378 0.559613
4 4 0.088227 0.140399 0.244830 0.077375 0.449170
4 4 0.102222 0.147008 0.272174 0.134215 0.344381
4 4 0.155211 0.189025 0.203049 0.126358 0.326357
2 4 0.120541 0.150725 0.270295 0.223363 0.235077
2 4 0.030802 0.062658 0.486258 0.365518 0.054764
2 4 0.015052 0.039244 0.518372 0.411054 0.016277
3 4 0.009864 0.026063 0.468868 0.485984 0.009222
3 2 0.008941 0.023527 0.465449 0.492553 0.009530
3 2 0.008332 0.021850 0.453472 0.507706 0.008641
3 2 0.008072 0.021566 0.447887 0.515285 0.007191
3 2 0.007721 0.018926 0.399623 0.566815 0.006915
3 2 0.007118 0.017282 0.378513 0.591335 0.005752
3 2 0.006702 0.018377 0.424467 0.545560 0.004893
3 2 0.006424 0.017651 0.420306 0.550943 0.004676
3 2 0.004219 0.010328 0.321192 0.661075 0.003185
3 2 0.004128 0.011028 0.355501 0.626359 0.002984
3 2 0.005034 0.015120 0.432788 0.543587 0.003472
2 2 0.004579 0.017531 0.541396 0.433691 0.002803
2 2 0.003727 0.015711 0.563588 0.414814 0.002159
2 2 0.004168 0.018152 0.594653 0.380635 0.002392
2 2 0.005739 0.025483 0.643138 0.322319 0.003322
2 2 0.006601 0.032090 0.699259 0.258352 0.003698
2 2 0.007875 0.040768 0.744206 0.202465 0.004687
2 2 0.006992 0.039208 0.764247 0.185586 0.003967
2 2 0.005425 0.032883 0.770337 0.188594 0.002761
2 2 0.005942 0.033445 0.749400 0.208111 0.003102
2 2 0.004912 0.023423 0.659156 0.309780 0.002729
2 2 0.004385 0.015798 0.504977 0.472083 0.002756
2 3 0.004939 0.016844 0.492740 0.482272 0.003204
3 3 0.004789 0.014989 0.446478 0.530514 0.003230
3 3 0.005050 0.015329 0.438315 0.537842 0.003465
3 3 0.006374 0.016765 0.399019 0.573106 0.004737
3 3 0.007316 0.020392 0.442830 0.524139 0.005323
3 3 0.006081 0.016607 0.410829 0.562054 0.004429
3 3 0.004544 0.013457 0.413510 0.565350 0.003139
3 3 0.003899 0.009736 0.320811 0.662649 0.002905
3 3 0.003968 0.009296 0.297393 0.686290 0.003052
3 3 0.003180 0.005604 0.185973 0.802455 0.002789
3 3 0.002896 0.004494 0.149209 0.840706 0.002696
3 3 0.002049 0.002816 0.108412 0.884724 0.001999
3 3 0.002902 0.004072 0.128693 0.861491 0.002841
3 3 0.002840 0.004169 0.136372 0.853903 0.002717
3 3 0.003365 0.004982 0.147679 0.840746 0.003227
3 3 0.003187 0.004195 0.121434 0.867949 0.003235
3 3 0.003259 0.004139 0.116082 0.873149 0.003372
3 3 0.002425 0.003099 0.103990 0.888016 0.002471
3 3 0.002602 0.003321 0.106778 0.884638 0.002662
3 3 0.002014 0.002584 0.096990 0.896378 0.002033
3 3 0.001764 0.002270 0.092250 0.901947 0.001769
3 3 0.002237 0.002863 0.100891 0.891739 0.002270
3 3 0.002083 0.002670 0.098220 0.894921 0.002106
3 3 0.001457 0.001883 0.085782 0.909431 0.001447
3 3 0.000867 0.001133 0.070276 0.926885 0.000839
3 3 0.000798 0.001044 0.068050 0.929339 0.000769
3 3 0.000891 0.001163 0.071018 0.926064 0.000863
3 3 0.001168 0.001516 0.078826 0.917342 0.001148
3 3 0.001180 0.001532 0.079138 0.916990 0.001160
3 3 0.001044 0.001359 0.075498 0.921079 0.001020
3 3 0.000963 0.001256 0.073191 0.923652 0.000937
3 3 0.001242 0.001610 0.080700 0.915224 0.001224
3 3 0.001470 0.001899 0.086068 0.909102 0.001461
3 3 0.001257 0.001630 0.081081 0.914792 0.001240
3 3 0.000984 0.001281 0.073780 0.922997 0.000958
3 3 0.001295 0.001677 0.081994 0.913756 0.001278
3 3 0.001202 0.001559 0.079685 0.916372 0.001182
3 3 0.001145 0.001487 0.078220 0.918025 0.001124
3 3 0.000860 0.001123 0.070037 0.927149 0.000831
3 3 0.000854 0.001116 0.069867 0.927336 0.000826
3 3 0.001028 0.001338 0.075036 0.921596 0.001003
3 3 0.000834 0.001090 0.069223 0.928047 0.000805
3 3 0.000897 0.001170 0.071188 0.925876 0.000869
3 3 0.000787 0.001030 0.067687 0.929738 0.000758
3 3 0.000763 0.000999 0.066872 0.930632 0.000734
3 3 0.000635 0.000834 0.062258 0.935668 0.000605
3 3 0.000574 0.000756 0.059871 0.938255 0.000544
3 3 0.000483 0.000639 0.055966 0.942458 0.000454
3 3 0.000527 0.000696 0.057923 0.940355 0.000498
3 3 0.000496 0.000656 0.056566 0.941814 0.000467
3 3 0.000686 0.000901 0.064179 0.933578 0.000656
3 3 0.000702 0.000921 0.064741 0.932964 0.000672
3 3 0.000755 0.000989 0.066595 0.930936 0.000725
3 3 0.000694 0.000911 0.064461 0.933270 0.000664
3 3 0.001004 0.001307 0.074355 0.922356 0.000978
3 3 0.000947 0.001235 0.072708 0.924190 0.000920
3 3 0.001094 0.001422 0.076855 0.919559 0.001071
3 3 0.001074 0.001396 0.076314 0.920166 0.001050
3 3 0.001209 0.001568 0.079858 0.916176 0.001189
3 3 0.001082 0.001407 0.076547 0.919904 0.001059
3 3 0.001026 0.001335 0.074986 0.921651 0.001001
3 3 0.000903 0.001179 0.071385 0.925658 0.000876
3 3 0.000728 0.000954 0.065667 0.931953 0.000698
3 3 0.000779 0.001019 0.067409 0.930043 0.000750
3 3 0.000799 0.001046 0.068094 0.929291 0.000770
3 3 0.001014 0.001320 0.074642 0.922036 0.000989
3 3 0.001430 0.001849 0.085175 0.910126 0.001419
3 3 0.001648 0.002124 0.089896 0.904685 0.001647
3 3 0.001837 0.002362 0.093678 0.900276 0.001846
3 3 0.002346 0.003000 0.102706 0.889562 0.002386
3 3 0.002613 0.003334 0.106944 0.884435 0.002673
3 3 0.002302 0.002945 0.101989 0.890423 0.002340
3 3 0.002004 0.002572 0.096807 0.896594 0.002023
3 3 0.001823 0.002345 0.093410 0.900591 0.001832
3 3 0.001963 0.002520 0.096056 0.897481 0.001979
3 3 0.001902 0.002443 0.094906 0.898835 0.001914
3 3 0.002358 0.003015 0.102906 0.889322 0.002399
3 3 0.001939 0.002491 0.095615 0.898001 0.001954
3 3 0.001610 0.002075 0.089091 0.905618 0.001607
3 3 0.002049 0.002628 0.097615 0.895638 0.002070
3 3 0.001645 0.002120 0.089828 0.904764 0.001644
3 3 0.001314 0.001701 0.082447 0.913240 0.001298
3 3 0.001164 0.001510 0.078704 0.917479 0.001143
3 3 0.003014 0.003834 0.112769 0.877279 0.003105
3 3 0.008456 0.010515 0.163304 0.808530 0.009195
3 3 0.019450 0.019386 0.211318 0.733435 0.016410
3 3 0.025422 0.030555 0.269608 0.651547 0.022869
3 3 0.025441 0.030827 0.231051 0.683271 0.029411
3 3 0.022242 0.027040 0.222470 0.702736 0.025512
3 3 0.011776 0.014533 0.182580 0.778077 0.013034
3 3 0.008365 0.010405 0.162698 0.809441 0.009091
3 3 0.004698 0.005919 0.132689 0.851740 0.004953
3 2 0.007060 0.008815 0.153391 0.823131 0.007603
3 2 0.008328 0.013044 0.225053 0.745506 0.008068
3 2 0.008200 0.015334 0.283925 0.685267 0.007274
3 2 0.008755 0.020831 0.399070 0.563502 0.007842
2 2 0.015947 0.038983 0.500837 0.424508 0.019724
2 2 0.024603 0.062605 0.569978 0.303988 0.038826
2 2 0.030219 0.074288 0.574260 0.258318 0.062915
2 1 0.029387 0.073433 0.584453 0.241819 0.070908
2 1 0.030210 0.077240 0.592571 0.229047 0.070932
2 1 0.036837 0.091418 0.578116 0.207777 0.085852
2 1 0.040337 0.099513 0.569875 0.219398 0.070877
2 1 0.039978 0.094167 0.546261 0.264742 0.054851
2 1 0.034838 0.075459 0.508623 0.332503 0.048577
2 1 0.029247 0.060174 0.469805 0.403741 0.037033
3 1 0.020887 0.040321 0.391501 0.527758 0.019534
2 1 0.020453 0.046857 0.469532 0.444831 0.018327
2 4 0.026798 0.070319 0.574719 0.295230 0.032933
2 4 0.030512 0.079748 0.593894 0.240837 0.055009
2 4 0.032602 0.078448 0.570795 0.235400 0.082755
2 4 0.029260 0.062690 0.524108 0.304808 0.079135
2 4 0.028654 0.065920 0.556878 0.258664 0.089884
2 4 0.043043 0.100818 0.531016 0.145612 0.179512
2 4 0.051131 0.120527 0.475294 0.096621 0.256428
2 4 0.056150 0.133687 0.431063 0.072025 0.307075
2 4 0.048378 0.143049 0.520019 0.060811 0.227743
2 4 0.046728 0.159943 0.544238 0.044909 0.204181
2 4 0.035789 0.144843 0.637960 0.044982 0.136426
2 4 0.050515 0.187753 0.529044 0.033752 0.198936
2 4 0.047369 0.158277 0.575406 0.059204 0.159743
2 4 0.039518 0.124801 0.629520 0.104464 0.101697
2 4 0.030996 0.095529 0.650633 0.161704 0.061138
2 4 0.026817 0.079857 0.641277 0.203889 0.048160
2 4 0.020282 0.062687 0.641785 0.245125 0.030121
2 1 0.015957 0.047214 0.597352 0.319418 0.020058
2 1 0.008492 0.026541 0.548512 0.407634 0.008821
2 1 0.006862 0.022211 0.538601 0.425530 0.006796
2 1 0.008375 0.031061 0.653893 0.295474 0.011196
2 1 0.010745 0.038687 0.678588 0.253199 0.018780
2 1 0.011028 0.043171 0.718198 0.207330 0.020273
2 1 0.010659 0.041940 0.708380 0.222769 0.016251
2 1 0.013852 0.055099 0.716156 0.197580 0.017313
2 1 0.020926 0.079986 0.706479 0.169599 0.023010
2 0 0.028456 0.122055 0.721644 0.090383 0.037461
2 0 0.047371 0.142296 0.593316 0.097007 0.120010
2 1 0.041453 0.114958 0.593043 0.125846 0.124700
2 1 0.051706 0.100971 0.423558 0.135352 0.288412
4 1 0.059858 0.112975 0.242569 0.045162 0.539437
4 1 0.070307 0.126287 0.175159 0.028199 0.600048
4 1 0.067193 0.157205 0.219352 0.020332 0.535918
4 1 0.049683 0.107203 0.160208 0.014954 0.667952
2 1 0.075580 0.208981 0.357944 0.032648 0.324848
4 4 0.025613 0.063838 0.091459 0.004322 0.814768
4 4 0.034981 0.080029 0.128988 0.009166 0.746836
4 4 0.037648 0.084800 0.165654 0.014320 0.697578
4 4 0.030022 0.072784 0.142572 0.009298 0.745324
4 4 0.023264 0.060754 0.113619 0.005405 0.796959
4 4 0.023685 0.062001 0.131334 0.006748 0.776231
4 4 0.024447 0.063664 0.146098 0.008094 0.757697
4 4 0.029316 0.071571 0.139177 0.008793 0.751143
4 4 0.042978 0.092022 0.146233 0.013245 0.705521
4 4 0.060513 0.114993 0.170121 0.023106 0.631266
4 4 0.081866 0.138526 0.170913 0.031856 0.576838
4 4 0.057371 0.122895 0.270678 0.036961 0.512096
4 4 0.041582 0.088847 0.313180 0.051577 0.504813
4 4 0.036177 0.081550 0.300992 0.039454 0.541828
4 4 0.036117 0.082075 0.257035 0.028639 0.596134
4 4 0.024762 0.064146 0.143442 0.007964 0.759685
4 4 0.024393 0.061753 0.090295 0.004077 0.819481
4 4 0.039258 0.074175 0.080935 0.003818 0.801814
4 4 0.042061 0.085147 0.087242 0.005648 0.779902
4 4 0.035263 0.079470 0.104347 0.006813 0.774107
4 4 0.035240 0.080043 0.118527 0.008164 0.758027
4 4 0.043862 0.092433 0.122149 0.010345 0.731211
4 4 0.064180 0.117455 0.113151 0.013180 0.692036
4 4 0.071889 0.145281 0.157681 0.017298 0.607850
4 4 0.054810 0.158590 0.303537 0.019785 0.463278
4 4 0.055468 0.130716 0.224168 0.017536 0.572112
4 4 0.052730 0.122556 0.199663 0.017596 0.607455
4 4 0.067628 0.147181 0.187533 0.018908 0.578750
4 4 0.072521 0.126980 0.115718 0.015350 0.669431
4 4 0.082493 0.137260 0.110386 0.016309 0.653552
4 4 0.045472 0.094946 0.130931 0.011830 0.716822
4 4 0.036315 0.082213 0.135509 0.010179 0.735783
4 4 0.056164 0.110184 0.159502 0.019106 0.655045
4 4 0.058729 0.124146 0.198210 0.022392 0.596523
4 4 0.074135 0.163535 0.301312 0.042752 0.418265
2 4 0.068191 0.168361 0.430367 0.068136 0.264945
2 4 0.036841 0.107525 0.625076 0.169678 0.060880
2 4 0.026877 0.074797 0.605026 0.256650 0.036651
2 4 0.017121 0.050672 0.598257 0.313960 0.019990
2 4 0.014230 0.047110 0.634829 0.287691 0.016141
2 2 0.009917 0.037338 0.662564 0.279378 0.010803
2 2 0.008945 0.040261 0.735218 0.205396 0.010180
2 2 0.010391 0.048531 0.758400 0.170463 0.012216
2 2 0.013386 0.056526 0.731622 0.183294 0.015172
2 2 0.020121 0.078414 0.723345 0.147259 0.030861
2 2 0.029229 0.097525 0.674387 0.130391 0.068468
2 2 0.036397 0.114731 0.626183 0.096612 0.126076
2 2 0.039704 0.108930 0.551596 0.094591 0.205179
2 2 0.047149 0.110730 0.442593 0.083431 0.316096
4 2 0.067816 0.133289 0.279787 0.052063 0.467045
4 2 0.097061 0.164002 0.211111 0.046441 0.481386
4 2 0.102992 0.155109 0.228696 0.077421 0.435782
2 2 0.083962 0.141559 0.390464 0.202034 0.181981
2 2 0.038434 0.097128 0.577798 0.223841 0.062798
2 2 0.023759 0.077018 0.666243 0.195622 0.037358
2 2 0.018059 0.069595 0.720832 0.163541 0.027973
2 2 0.013263 0.064284 0.784446 0.116859 0.021149
2 2 0.015586 0.084807 0.800444 0.065208 0.033955
2 2 0.027595 0.140253 0.702061 0.033451 0.096639
2 2 0.037422 0.180651 0.594852 0.022133 0.164942
4 2 0.035814 0.073477 0.050272 0.002326 0.838111
4 4 0.028048 0.064594 0.048457 0.001977 0.856925
4 4 0.109648 0.188032 0.147304 0.024421 0.530595
2 4 0.110497 0.250413 0.341651 0.056096 0.241343
2 4 0.053404 0.168498 0.601637 0.110240 0.066221
2 4 0.036374 0.115582 0.639995 0.170280 0.037769
2 4 0.021688 0.071213 0.635718 0.254219 0.017162
2 4 0.010325 0.037992 0.618541 0.326418 0.006724
2 4 0.007241 0.028374 0.609653 0.350239 0.004493
2 4 0.004959 0.020483 0.589970 0.381644 0.002943
2 4 0.004539 0.017757 0.551251 0.423704 0.002749
2 4 0.004067 0.015979 0.539172 0.438338 0.002445
2 2 0.003835 0.014557 0.513929 0.465344 0.002336
2 2 0.003481 0.013242 0.502325 0.478844 0.002108
2 2 0.004198 0.015310 0.505469 0.472405 0.002618
2 2 0.004316 0.016097 0.520421 0.456499 0.002667
2 2 0.005604 0.019796 0.526573 0.444428 0.003599
2 2 0.005919 0.023798 0.611478 0.354566 0.004239
2 2 0.006204 0.027039 0.666839 0.294926 0.004991
2 2 0.007105 0.032137 0.708813 0.245202 0.006743
2 2 0.008673 0.039506 0.725707 0.218110 0.008005
2 2 0.009885 0.043735 0.725256 0.211594 0.009530
2 2 0.009414 0.047450 0.774133 0.159180 0.009822
2 2 0.008150 0.041447 0.775095 0.166009 0.009298
2 2 0.008843 0.046067 0.797561 0.134202 0.013326
2 2 0.009044 0.040501 0.751532 0.184569 0.014355
2 2 0.011671 0.047787 0.745223 0.169414 0.025905
2 2 0.016895 0.059512 0.705123 0.177630 0.040840
2 2 0.027309 0.104783 0.695883 0.079942 0.092083
2 2 0.032529 0.119399 0.662863 0.072972 0.112237
2 2 0.054720 0.181398 0.491262 0.038694 0.233926
2 2 0.058212 0.180017 0.407258 0.030285 0.324229
4 4 0.057337 0.160399 0.327312 0.025580 0.429372
4 4 0.066996 0.169935 0.304145 0.029289 0.429635
4 4 0.057598 0.157950 0.356973 0.031813 0.395667
2 4 0.059218 0.166466 0.466851 0.055127 0.252337
2 4 0.064433 0.189112 0.444402 0.043556 0.258497
2 4 0.069023 0.198150 0.448218 0.047889 0.236721
2 4 0.061152 0.186027 0.499597 0.053297 0.199927
2 4 0.049575 0.148254 0.576089 0.086636 0.139447
2 4 0.037408 0.111330 0.625198 0.127798 0.098266
2 4 0.031012 0.095135 0.647479 0.135732 0.090642
2 4 0.033747 0.109843 0.640331 0.094762 0.121316
2 4 0.046482 0.126204 0.489272 0.066662 0.271380
2 4 0.050403 0.141409 0.508122 0.067788 0.232278
2 4 0.051794 0.131969 0.466518 0.072293 0.277426
2 4 0.057995 0.155078 0.404677 0.044098 0.338152
4 4 0.055531 0.147934 0.366758 0.036105 0.393672
4 4 0.047097 0.137585 0.366977 0.027960 0.420381
4 4 0.052591 0.142971 0.321777 0.026594 0.456068
2 4 0.047688 0.161687 0.460299 0.030009 0.300316
2 4 0.041324 0.176542 0.543987 0.023999 0.214147
2 4 0.043293 0.192510 0.587881 0.027836 0.148479
2 4 0.036754 0.159926 0.670300 0.048580 0.084440
2 4 0.043247 0.144255 0.629047 0.088824 0.094627
2 4 0.041535 0.131710 0.630344 0.109536 0.086874
2 4 0.024989 0.074028 0.647496 0.191344 0.062142
2 4 0.026265 0.064980 0.585793 0.237585 0.085377
2 4 0.032458 0.054683 0.459814 0.309242 0.143803
2 4 0.050769 0.080594 0.432496 0.148452 0.287688
2 4 0.081002 0.190623 0.384095 0.060428 0.283852
2 4 0.089298 0.196126 0.352309 0.061285 0.300981
2 4 0.074965 0.185897 0.480657 0.097194 0.161286
2 4 0.042333 0.115300 0.592036 0.200219 0.050111
2 4 0.035448 0.105774 0.619647 0.204456 0.034674
2 4 0.015467 0.061841 0.702846 0.206685 0.013161
2 4 0.013436 0.065388 0.776847 0.128273 0.016056
2 4 0.008934 0.053895 0.829579 0.095456 0.012137
2 1 0.006258 0.039228 0.825281 0.122527 0.006706
2 1 0.005050 0.034250 0.831350 0.124865 0.004485
2 1 0.005959 0.039823 0.825939 0.123860 0.004420
2 2 0.007084 0.046207 0.825908 0.115367 0.005433
2 2 0.008964 0.056676 0.824168 0.102854 0.007337
2 2 0.006128 0.037622 0.801726 0.150030 0.004495
2 2 0.004751 0.025148 0.711748 0.255524 0.002830
2 2 0.004553 0.023656 0.704068 0.264799 0.002924
2 2 0.004806 0.023458 0.673810 0.295062 0.002864
2 2 0.005427 0.026260 0.687988 0.276828 0.003496
2 2 0.005196 0.026756 0.711533 0.253238 0.003277
2 2 0.003800 0.020048 0.677184 0.296978 0.001989
2 2 0.003819 0.022313 0.729268 0.242531 0.002068
2 2 0.004209 0.026561 0.775163 0.191613 0.002454
2 2 0.003672 0.023581 0.769313 0.201361 0.002074
2 2 0.003242 0.019932 0.734363 0.240759 0.001704
2 2 0.002833 0.017287 0.710720 0.267794 0.001367
2 2 0.003073 0.017879 0.698164 0.279362 0.001522
2 2 0.003159 0.018876 0.713417 0.263002 0.001548
2 2 0.003259 0.017873 0.677486 0.299720 0.001662
2 2 0.002433 0.012271 0.599035 0.384993 0.001269
2 2 0.003289 0.013628 0.538284 0.442891 0.001908
2 2 0.004491 0.017418 0.545457 0.429903 0.002730
2 2 0.005760 0.018660 0.486713 0.485009 0.003858
3 2 0.004896 0.016048 0.471933 0.503889 0.003234
3 2 0.004918 0.015299 0.446827 0.529624 0.003332
2 2 0.004188 0.015096 0.499292 0.478800 0.002625
2 2 0.003984 0.014673 0.503643 0.475235 0.002466
3 2 0.004228 0.013787 0.450695 0.528510 0.002780
3 2 0.004272 0.011818 0.374777 0.606092 0.003041
3 2 0.003774 0.009991 0.341503 0.642004 0.002728
3 2 0.003506 0.009148 0.327279 0.657523 0.002545
3 2 0.003248 0.009137 0.350463 0.634888 0.002265
3 3 0.002914 0.007628 0.308773 0.678591 0.002094
3 3 0.003035 0.006958 0.263224 0.724452 0.002331
3 3 0.003301 0.006462 0.218691 0.768794 0.002753
3 3 0.003263 0.005662 0.183719 0.804469 0.002887
3 3 0.003159 0.004576 0.139506 0.849704 0.003055
3 3 0.003192 0.004055 0.115191 0.874264 0.003299
3 3 0.002481 0.003169 0.104890 0.886928 0.002531
3 3 0.002692 0.003433 0.108138 0.882978 0.002758
3 3 0.003561 0.004513 0.119932 0.868293 0.003701
3 3 0.003040 0.003867 0.113136 0.876823 0.003134
3 3 0.002871 0.003656 0.110753 0.879770 0.002951
3 3 0.002302 0.002946 0.101991 0.890421 0.002340
3 3 0.001850 0.002378 0.093927 0.899985 0.001860
3 3 0.001955 0.002510 0.095901 0.897664 0.001971
3 3 0.001595 0.002057 0.088790 0.905966 0.001592
3 3 0.001543 0.001991 0.087670 0.907259 0.001537
3 3 0.001540 0.001987 0.087603 0.907337 0.001534
3 3 0.001593 0.002054 0.088744 0.906020 0.001589
3 3 0.001533 0.001979 0.087461 0.907500 0.001527
3 3 0.000839 0.001096 0.069374 0.927881 0.000810
3 3 0.000819 0.001071 0.068738 0.928582 0.000790
3 3 0.001037 0.001349 0.075291 0.921310 0.001012
3 3 0.001113 0.001446 0.077366 0.918985 0.001090
3 3 0.000981 0.001278 0.073700 0.923086 0.000955
3 3 0.000936 0.001220 0.072367 0.924569 0.000909
3 3 0.000961 0.001253 0.073120 0.923731 0.000935
3 3 0.000723 0.000948 0.065502 0.932133 0.000694
3 3 0.000777 0.001017 0.067353 0.930104 0.000748
3 3 0.000697 0.000915 0.064580 0.933140 0.000667
3 3 0.000629 0.000827 0.062050 0.935894 0.000599
3 3 0.000629 0.000827 0.062045 0.935899 0.000599
3 3 0.000695 0.000912 0.064488 0.933241 0.000665
3 3 0.000909 0.001186 0.071567 0.925456 0.000882
3 3 0.000725 0.000950 0.065550 0.932081 0.000695
3 3 0.000799 0.001046 0.068093 0.929292 0.000770
3 3 0.000953 0.001243 0.072899 0.923978 0.000927
3 3 0.001270 0.001646 0.081397 0.914434 0.001253
3 3 0.002052 0.002632 0.097667 0.895576 0.002073
3 3 0.002331 0.002981 0.102462 0.889856 0.002370
3 3 0.002278 0.002915 0.101584 0.890909 0.002314
3 3 0.002510 0.003205 0.105338 0.886386 0.002562
3 3 0.002518 0.003216 0.105477 0.886217 0.002571
3 3 0.002840 0.003617 0.110308 0.880317 0.002917
3 3 0.002876 0.003662 0.110830 0.879675 0.002957
3 3 0.002614 0.003335 0.106956 0.884420 0.002674
3 3 0.002033 0.002608 0.097333 0.895972 0.002054
3 3 0.001546 0.001995 0.087741 0.907177 0.001540
3 3 0.001495 0.001930 0.086623 0.908465 0.001487
3 3 0.001293 0.001675 0.081948 0.913808 0.001276
3 3 0.001352 0.001750 0.083371 0.912188 0.001338
3 3 0.001412 0.001825 0.084749 0.910614 0.001400
3 3 0.001756 0.002259 0.092081 0.902143 0.001760
3 2 0.002682 0.003420 0.107986 0.883164 0.002747
3 2 0.003314 0.004207 0.116799 0.872249 0.003431
3 2 0.003943 0.006372 0.178336 0.807704 0.003644
3 2 0.004830 0.008027 0.200348 0.782356 0.004439
3 2 0.008564 0.015690 0.280484 0.687573 0.007689
2 2 0.020777 0.047150 0.462266 0.452238 0.017568
2 2 0.018567 0.058455 0.680403 0.233188 0.009387
2 2 0.012941 0.058116 0.751808 0.169616 0.007520
2 2 0.015603 0.070887 0.752678 0.145202 0.015630
2 2 0.020789 0.077306 0.698270 0.180430 0.023204
2 4 0.029155 0.097659 0.671600 0.158766 0.042819
2 4 0.045370 0.126192 0.597796 0.153846 0.076795
2 4 0.034528 0.086592 0.583866 0.212697 0.082316
2 4 0.042860 0.104442 0.560810 0.169202 0.122687
2 4 0.043243 0.125012 0.579850 0.095564 0.156331
2 4 0.033213 0.137873 0.686065 0.061110 0.081740
2 4 0.029978 0.127849 0.708824 0.068024 0.065324
2 4 0.042105 0.126182 0.561874 0.073670 0.196169
4 4 0.046296 0.093804 0.335967 0.069043 0.454891
4 4 0.045351 0.091849 0.344109 0.074096 0.444595
4 4 0.039019 0.085034 0.312927 0.049912 0.513108
4 4 0.037945 0.085194 0.231773 0.026066 0.619022
4 4 0.031402 0.074724 0.133948 0.008819 0.751106
4 4 0.031890 0.074510 0.106774 0.006455 0.780371
4 4 0.046245 0.095441 0.117374 0.010241 0.730700
4 4 0.055444 0.109292 0.146726 0.016468 0.672070
4 4 0.052290 0.104041 0.136169 0.014260 0.693239
4 4 0.030640 0.073815 0.173196 0.013434 0.708916
4 4 0.030251 0.073017 0.163793 0.012246 0.720694
4 4 0.029306 0.071623 0.151429 0.010199 0.737443
4 4 0.029317 0.070516 0.107110 0.006036 0.787022
4 4 0.020289 0.054735 0.092413 0.003619 0.828944
4 4 0.016551 0.046399 0.062298 0.001798 0.872955
4 4 0.022194 0.057150 0.073564 0.002851 0.844241
4 4 0.024524 0.060207 0.074056 0.003008 0.838205
4 4 0.021335 0.054165 0.062765 0.002144 0.859591
4 4 0.017122 0.046293 0.054873 0.001503 0.880209
4 4 0.015755 0.044946 0.063207 0.001762 0.874330
4 4 0.020883 0.055019 0.076047 0.002837 0.845214
4 4 0.031166 0.072364 0.086200 0.004695 0.805575
4 4 0.044453 0.092993 0.116412 0.009766 0.736376
4 4 0.041817 0.088108 0.092011 0.006625 0.771439
4 4 0.054438 0.107221 0.152227 0.017531 0.668582
4 4 0.061218 0.115627 0.158908 0.020991 0.643256
4 4 0.052825 0.104774 0.137830 0.014660 0.689911
4 4 0.036461 0.082472 0.137010 0.010382 0.733675
4 4 0.029836 0.071312 0.106576 0.006083 0.786193
4 4 0.027965 0.069095 0.128513 0.007522 0.766905
4 4 0.037920 0.085319 0.167714 0.014575 0.694473
4 4 0.032332 0.076837 0.164986 0.012395 0.713450
4 4 0.029997 0.072613 0.137485 0.008808 0.751097
4 4 0.033728 0.078484 0.140454 0.010059 0.737274
4 4 0.037541 0.084443 0.151669 0.012391 0.713956
4 4 0.034269 0.079812 0.162710 0.012710 0.710498
4 4 0.036463 0.082467 0.136712 0.010349 0.734009
4 4 0.033754 0.078136 0.127508 0.008738 0.751864
4 4 0.032637 0.075264 0.098497 0.005877 0.787725
4 4 0.025798 0.064307 0.094995 0.004583 0.810317
4 4 0.024912 0.063544 0.112951 0.005674 0.792919
4 4 0.025310 0.064019 0.107600 0.005368 0.797702
4 4 0.038765 0.084494 0.103434 0.007306 0.766000
4 4 0.050947 0.102508 0.141872 0.014800 0.689872
4 4 0.065005 0.158265 0.237725 0.020983 0.518023
4 4 0.058934 0.150772 0.272805 0.023312 0.494176
2 4 0.050622 0.170040 0.404491 0.023590 0.351257
4 4 0.048678 0.132434 0.300152 0.023327 0.495408
4 4 0.045651 0.119384 0.306140 0.026847 0.501977
4 4 0.040335 0.089039 0.244404 0.029115 0.597106
4 4 0.041875 0.094150 0.233260 0.025142 0.605572
4 4 0.047681 0.099185 0.192757 0.022407 0.637970
4 4 0.050265 0.116767 0.249192 0.025679 0.558096
4 4 0.051990 0.125237 0.250825 0.023560 0.548387
4 4 0.048110 0.114463 0.237289 0.022148 0.577990
4 4 0.043280 0.095347 0.185392 0.018060 0.657921
4 4 0.044839 0.095400 0.195030 0.021547 0.643184
4 4 0.058061 0.122367 0.202002 0.023303 0.594267
4 4 0.067847 0.135085 0.207532 0.028442 0.561094
4 4 0.067844 0.123151 0.152544 0.021816 0.634646
4 4 0.057582 0.111401 0.166280 0.021225 0.643511
4 4 0.061817 0.140660 0.267337 0.030790 0.499396
4 4 0.064512 0.155543 0.336578 0.040428 0.402940
4 4 0.076556 0.172915 0.301432 0.039726 0.409371
4 4 0.071531 0.177572 0.344593 0.039664 0.366640
4 4 0.047048 0.130004 0.332153 0.026888 0.463907
2 4 0.041934 0.145409 0.411874 0.022095 0.378687
2 4 0.044227 0.184650 0.541559 0.025656 0.203908
2 4 0.044434 0.204966 0.546838 0.020701 0.183062
2 4 0.069863 0.224854 0.371406 0.023483 0.310394
2 4 0.049585 0.211712 0.557823 0.027892 0.152988
2 4 0.052469 0.216371 0.527824 0.026426 0.176910
2 4 0.049874 0.203896 0.537895 0.027798 0.180537
2 4 0.045266 0.194208 0.558035 0.026345 0.176145
2 4 0.041113 0.167323 0.547337 0.027534 0.216694
2 1 0.038051 0.158547 0.572901 0.028753 0.201748
2 1 0.040776 0.160039 0.556048 0.031504 0.211632
2 1 0.047480 0.185498 0.508895 0.026347 0.231779
2 1 0.050796 0.191888 0.476280 0.024883 0.256153
2 1 0.042061 0.184954 0.553268 0.023515 0.196203
2 1 0.035593 0.174515 0.624044 0.024404 0.141443
2 1 0.025805 0.130706 0.725279 0.040282 0.077928
2 1 0.024295 0.128441 0.746723 0.043747 0.056795
2 1 0.021738 0.127512 0.765577 0.037037 0.048136
2 1 0.015256 0.095025 0.812308 0.046347 0.031064
2 1 0.012358 0.067943 0.812674 0.085429 0.021596
2 1 0.010671 0.056033 0.804967 0.110632 0.017697
2 1 0.010607 0.057361 0.810674 0.104311 0.017047
2 1 0.007407 0.044080 0.822882 0.116164 0.009467
2 1 0.006545 0.037637 0.804635 0.143755 0.007428
2 2 0.005570 0.028837 0.732333 0.229064 0.004196
2 2 0.005601 0.032317 0.783950 0.173299 0.004832
2 2 0.005159 0.031449 0.798347 0.160579 0.004466
2 2 0.003608 0.021548 0.769106 0.202368 0.003369
2 2 0.003727 0.021875 0.767020 0.203765 0.003613
2 2 0.004380 0.025199 0.778107 0.187603 0.004711
2 2 0.006501 0.035229 0.796819 0.151988 0.009463
2 2 0.009294 0.052959 0.826541 0.093220 0.017987
2 2 0.015674 0.085161 0.799675 0.063820 0.035670
2 2 0.020312 0.104968 0.770061 0.056002 0.048656
2 2 0.026772 0.120659 0.725680 0.062088 0.064800
2 2 0.035225 0.119499 0.663387 0.132708 0.049180
2 2 0.065400 0.180669 0.555138 0.136487 0.062306
2 2 0.087450 0.277317 0.497546 0.066464 0.071224
2 0 0.038197 0.159389 0.682641 0.077153 0.042620
2 0 0.012749 0.080903 0.826903 0.061973 0.017472
2 1 0.009790 0.060950 0.829804 0.088507 0.010949
2 1 0.011664 0.066603 0.805055 0.106238 0.010440
2 1 0.014867 0.070061 0.756831 0.145385 0.012857
2 1 0.012045 0.060924 0.782638 0.131408 0.012985
2 2 0.007738 0.040719 0.783113 0.159783 0.008647
2 2 0.005340 0.029473 0.772150 0.187723 0.005314
2 2 0.004626 0.026440 0.775588 0.188708 0.004638
2 2 0.004538 0.027407 0.800607 0.162363 0.005085
2 2 0.004390 0.026783 0.806835 0.156576 0.005415
2 2 0.003818 0.026508 0.838172 0.126939 0.004562
2 2 0.004346 0.028433 0.820451 0.142286 0.004485
2 2 0.004594 0.030301 0.826119 0.134203 0.004783
2 2 0.006034 0.038780 0.831339 0.117279 0.006568
2 2 0.006581 0.045311 0.851081 0.089242 0.007785
2 2 0.006355 0.042442 0.843280 0.100678 0.007245
2 2 0.005005 0.034837 0.836735 0.119117 0.004306
2 2 0.005083 0.035065 0.835857 0.119524 0.004471
2 2 0.005015 0.036153 0.846930 0.107443 0.004459
2 2 0.004990 0.039415 0.873449 0.076394 0.005751
2 2 0.004544 0.033835 0.857418 0.099458 0.004746
2 2 0.003995 0.029867 0.852609 0.109551 0.003978
2 2 0.004144 0.030319 0.846606 0.115000 0.003931
2 2 0.004164 0.031252 0.852509 0.108198 0.003876
2 2 0.003485 0.024692 0.806269 0.163458 0.002096
2 2 0.003331 0.022821 0.786416 0.185571 0.001862
2 2 0.003448 0.023360 0.781531 0.189836 0.001824
2 2 0.003236 0.019991 0.730522 0.244686 0.001565
2 2 0.002923 0.016858 0.688336 0.290434 0.001449
2 2 0.002524 0.013335 0.627437 0.355413 0.001291
2 2 0.002529 0.012670 0.600730 0.382746 0.001326
2 2 0.002469 0.012037 0.583521 0.400664 0.001309
2 2 0.002467 0.012490 0.602874 0.380885 0.001285
2 2 0.002051 0.010452 0.581479 0.404964 0.001055
2 2 0.002150 0.010549 0.568182 0.417990 0.001129
2 2 0.002341 0.010340 0.525607 0.460416 0.001295
2 2 0.003803 0.014448 0.513232 0.466202 0.002315
2 2 0.004785 0.016625 0.498055 0.477464 0.003072
3 2 0.004224 0.014004 0.458733 0.520284 0.002755
3 2 0.005100 0.015972 0.454625 0.520853 0.003450
2 2 0.009421 0.031372 0.560572 0.392246 0.006389
2 2 0.008229 0.033422 0.645222 0.307761 0.005365
2 3 0.007371 0.037504 0.730238 0.220654 0.004233
2 3 0.005518 0.032393 0.763063 0.196029 0.002997
2 3 0.005896 0.034150 0.762730 0.194015 0.003208
2 3 0.006830 0.035741 0.737356 0.216073 0.004000
2 3 0.007326 0.033249 0.679397 0.275771 0.004257
2 3 0.003947 0.018930 0.635861 0.339100 0.002162
2 3 0.003858 0.019275 0.653728 0.321048 0.002091
2 3 0.004341 0.023511 0.718583 0.250783 0.002781
2 3 0.004766 0.021631 0.633136 0.337717 0.002749
2 3 0.003231 0.014793 0.587052 0.393136 0.001788
2 3 0.004069 0.016196 0.545848 0.431455 0.002431
2 3 0.004712 0.020169 0.601460 0.370916 0.002743
2 3 0.005120 0.019276 0.547235 0.425191 0.003177
2 3 0.005316 0.021987 0.599272 0.370260 0.003165
2 3 0.008636 0.026301 0.506237 0.452750 0.006077
2 3 0.010300 0.035739 0.590503 0.356569 0.006888
2 3 0.015447 0.043659 0.571097 0.359793 0.010004
2 2 0.014411 0.053752 0.654719 0.267608 0.009509
