3 0 0.003486 0.004490 0.061649 0.925445 0.004929
3 0 0.003636 0.004661 0.063642 0.923050 0.005010
3 0 0.015096 0.014836 0.129245 0.824623 0.016200
3 0 0.124155 0.077063 0.308182 0.445131 0.045469
0 0 0.418983 0.158888 0.265496 0.100350 0.056283
0 0 0.500573 0.169600 0.224095 0.058925 0.046807
0 0 0.516906 0.184534 0.198308 0.035037 0.065215
0 0 0.354417 0.240408 0.163161 0.014458 0.227556
4 1 0.178946 0.231500 0.105649 0.004976 0.478930
4 1 0.126223 0.208853 0.086544 0.003305 0.575076
4 1 0.128610 0.206274 0.089854 0.003770 0.571492
4 1 0.101399 0.180299 0.084507 0.004041 0.629754
4 1 0.116654 0.186183 0.097645 0.005647 0.593871
4 1 0.099937 0.160944 0.100522 0.008550 0.630046
4 1 0.178477 0.201029 0.124976 0.010175 0.485342
4 1 0.292105 0.237244 0.141548 0.011448 0.317656
0 4 0.426984 0.230520 0.150713 0.015377 0.176406
0 4 0.345461 0.199606 0.176708 0.029658 0.248567
0 4 0.372228 0.183308 0.201635 0.048261 0.194569
0 0 0.260043 0.155475 0.242831 0.092765 0.248886
2 0 0.255387 0.147166 0.264051 0.121520 0.211876
2 0 0.136720 0.122216 0.414192 0.175215 0.151657
0 0 0.357458 0.159755 0.293911 0.098925 0.089951
0 0 0.360835 0.209248 0.264304 0.035583 0.130030
0 0 0.544201 0.213003 0.164972 0.014723 0.063101
2 0 0.276157 0.267915 0.338034 0.014220 0.103674
2 0 0.164512 0.265746 0.490205 0.009693 0.069844
2 0 0.067827 0.225633 0.651675 0.005472 0.049394
2 0 0.041717 0.168169 0.756723 0.005409 0.027982
2 0 0.035496 0.118015 0.815871 0.010706 0.019913
2 1 0.027784 0.092809 0.850869 0.014821 0.013718
2 1 0.017869 0.068912 0.877082 0.024878 0.011259
2 1 0.012139 0.052119 0.883247 0.042172 0.010323
2 1 0.007135 0.036682 0.882959 0.064935 0.008290
2 2 0.003988 0.026386 0.892346 0.071583 0.005696
2 2 0.003191 0.024650 0.912349 0.054496 0.005313
2 2 0.003054 0.023625 0.909072 0.059499 0.004750
2 2 0.001668 0.016766 0.913452 0.064822 0.003292
2 2 0.001310 0.014432 0.908726 0.072504 0.003029
2 2 0.001616 0.016482 0.913904 0.064781 0.003217
2 2 0.001922 0.017780 0.907099 0.069980 0.003218
2 2 0.001724 0.016260 0.899574 0.079815 0.002628
2 2 0.002793 0.021435 0.900029 0.072530 0.003214
2 2 0.001186 0.013993 0.923171 0.059608 0.002042
2 2 0.001154 0.014562 0.937894 0.044246 0.002143
2 2 0.000826 0.012840 0.951866 0.032464 0.002004
2 2 0.000700 0.011595 0.948884 0.036591 0.002230
2 2 0.000531 0.010461 0.959804 0.027296 0.001909
2 2 0.000265 0.007092 0.961799 0.029444 0.001400
2 2 0.000296 0.007701 0.965357 0.025294 0.001351
2 2 0.000319 0.007803 0.961193 0.029380 0.001305
2 2 0.001303 0.016483 0.946982 0.032498 0.002734
2 2 0.003032 0.025104 0.925952 0.041100 0.004813
2 2 0.004008 0.030733 0.931240 0.029004 0.005015
2 2 0.003023 0.026440 0.937127 0.029028 0.004381
2 2 0.002790 0.025820 0.940753 0.026129 0.004508
2 2 0.002087 0.021779 0.941898 0.029690 0.004546
2 2 0.001795 0.020371 0.943706 0.028753 0.005375
2 2 0.000910 0.014032 0.953428 0.028514 0.003116
2 2 0.000343 0.008474 0.965902 0.023616 0.001666
2 2 0.000937 0.012866 0.930075 0.052910 0.003212
2 2 0.001066 0.012699 0.901228 0.081786 0.003221
2 2 0.002241 0.019206 0.898241 0.075821 0.004491
2 2 0.005098 0.030442 0.891150 0.066904 0.006406
2 2 0.005574 0.034238 0.908939 0.044701 0.006548
2 2 0.005279 0.031510 0.893032 0.062806 0.007372
2 2 0.004527 0.029861 0.902573 0.055210 0.007828
2 2 0.002540 0.022173 0.920120 0.050181 0.004985
2 2 0.003262 0.027472 0.932817 0.030874 0.005574
2 2 0.005655 0.037013 0.921910 0.028965 0.006457
2 2 0.006001 0.037662 0.918966 0.031154 0.006216
2 2 0.005335 0.034175 0.916776 0.038150 0.005564
2 2 0.008512 0.045311 0.908422 0.030676 0.007079
2 2 0.012558 0.056519 0.896159 0.026816 0.007948
2 2 0.026530 0.084065 0.852387 0.024434 0.012584
2 0 0.026153 0.084077 0.854263 0.023217 0.012289
2 2 0.015979 0.067097 0.888928 0.019445 0.008551
2 2 0.008440 0.050317 0.919314 0.015002 0.006928
2 2 0.007127 0.050763 0.927691 0.007797 0.006622
2 2 0.006443 0.049777 0.931099 0.006228 0.006454
2 2 0.009732 0.060118 0.914743 0.007484 0.007923
2 2 0.008590 0.052422 0.918816 0.012407 0.007766
2 2 0.013319 0.063290 0.896953 0.016306 0.010133
2 0 0.012763 0.060964 0.898070 0.018145 0.010058
2 0 0.023686 0.081238 0.857261 0.022240 0.015575
2 0 0.033873 0.091297 0.817721 0.033847 0.023262
2 0 0.100289 0.169934 0.648986 0.025153 0.055639
2 0 0.113615 0.173093 0.612616 0.034334 0.066341
2 1 0.210554 0.240201 0.423475 0.019915 0.105855
2 1 0.167527 0.252516 0.449671 0.014645 0.115641
2 0 0.148448 0.271196 0.438220 0.010507 0.131630
2 1 0.100430 0.246033 0.521009 0.010154 0.122374
2 1 0.102359 0.268256 0.486539 0.007742 0.135104
2 1 0.111755 0.286190 0.436685 0.006803 0.158567
2 1 0.149566 0.307027 0.425496 0.006171 0.111741
2 0 0.155676 0.243856 0.509167 0.013394 0.077907
2 0 0.162615 0.202749 0.554457 0.025108 0.055071
2 0 0.227786 0.235631 0.441062 0.019656 0.075866
0 0 0.331801 0.287969 0.288707 0.009527 0.081996
0 0 0.309668 0.293797 0.297035 0.009189 0.090311
0 0 0.507203 0.255982 0.171134 0.007715 0.057966
0 0 0.576310 0.226031 0.139270 0.008373 0.050016
0 0 0.586928 0.259896 0.095904 0.003160 0.054112
0 0 0.397487 0.334220 0.196040 0.003553 0.068700
0 0 0.430479 0.322170 0.165649 0.003657 0.078046
0 0 0.412880 0.314851 0.175197 0.004622 0.092450
1 0 0.293838 0.365873 0.200394 0.003087 0.136809
1 0 0.304788 0.363714 0.175141 0.002862 0.153496
1 0 0.276888 0.336726 0.200411 0.004492 0.181483
0 0 0.345472 0.309875 0.135512 0.004396 0.204745
1 0 0.262248 0.321817 0.176799 0.004643 0.234495
1 0 0.201793 0.327869 0.218188 0.004515 0.247635
1 1 0.179355 0.310093 0.224094 0.005181 0.281278
4 1 0.163046 0.295403 0.175365 0.004124 0.362062
4 1 0.151089 0.301957 0.180639 0.003648 0.362667
4 1 0.073077 0.276101 0.277974 0.003554 0.369293
4 4 0.052538 0.230936 0.334009 0.005222 0.377295
4 4 0.037534 0.171700 0.308785 0.009652 0.472330
4 4 0.040656 0.154697 0.213436 0.011239 0.579972
4 4 0.048343 0.123259 0.088821 0.010491 0.729085
4 4 0.127648 0.182629 0.103042 0.006806 0.579874
4 4 0.251533 0.235756 0.132416 0.009411 0.370884
0 4 0.417786 0.244305 0.141950 0.011692 0.184268
0 4 0.570316 0.224164 0.118430 0.008967 0.078125
0 4 0.578692 0.227025 0.113139 0.007766 0.073377
0 0 0.546013 0.236809 0.118449 0.008026 0.090703
0 0 0.485952 0.253532 0.160112 0.009381 0.091022
0 0 0.425453 0.269569 0.168099 0.009103 0.127775
1 0 0.275196 0.302752 0.182280 0.006268 0.233504
4 0 0.224142 0.314054 0.142044 0.003414 0.316345
4 0 0.120600 0.321411 0.207312 0.002693 0.347984
4 0 0.092887 0.315363 0.246349 0.002602 0.342798
4 0 0.076312 0.291257 0.307823 0.003468 0.321140
4 0 0.077997 0.272675 0.308261 0.004519 0.336547
2 0 0.079323 0.270893 0.322737 0.004945 0.322103
2 0 0.074351 0.263321 0.362997 0.005597 0.293735
2 0 0.053814 0.232504 0.449675 0.006634 0.257373
2 1 0.053560 0.227861 0.440253 0.007018 0.271308
2 1 0.056725 0.227567 0.429213 0.007484 0.279011
2 1 0.058582 0.234793 0.410874 0.006807 0.288943
2 1 0.050704 0.216993 0.450738 0.007854 0.273711
2 1 0.045018 0.197658 0.482199 0.009567 0.265558
2 1 0.043954 0.194389 0.488577 0.009870 0.263210
2 1 0.047715 0.208616 0.440059 0.008502 0.295108
2 1 0.049484 0.212971 0.413985 0.008025 0.315535
2 1 0.044933 0.203921 0.427588 0.008595 0.314963
2 1 0.040346 0.192563 0.400491 0.009104 0.357496
4 1 0.042629 0.207978 0.369051 0.006899 0.373443
4 1 0.046527 0.224360 0.332496 0.005485 0.391133
4 1 0.048395 0.237824 0.342646 0.004685 0.366449
4 1 0.037304 0.218415 0.357641 0.004759 0.381880
2 1 0.034146 0.223331 0.467556 0.004295 0.270671
2 1 0.036333 0.234155 0.499535 0.003994 0.225983
2 1 0.040381 0.233459 0.531746 0.004582 0.189831
2 1 0.041008 0.223642 0.531563 0.005497 0.198290
2 1 0.043281 0.213675 0.545655 0.006903 0.190486
2 1 0.039084 0.194835 0.580872 0.008241 0.176969
2 2 0.043040 0.196008 0.625454 0.008230 0.127268
2 2 0.062029 0.230519 0.578397 0.007308 0.121747
2 2 0.090338 0.291068 0.534560 0.004005 0.080029
2 0 0.160264 0.323755 0.455015 0.003919 0.057046
2 0 0.157266 0.290282 0.502151 0.005219 0.045082
2 0 0.112007 0.209531 0.636458 0.009764 0.032240
2 0 0.124829 0.196250 0.620691 0.016848 0.041382
2 0 0.211436 0.210325 0.527320 0.018914 0.032005
0 0 0.400473 0.263172 0.257211 0.011527 0.067616
0 0 0.420728 0.261211 0.211393 0.011673 0.094995
0 0 0.310171 0.251967 0.297797 0.018303 0.121762
2 0 0.299731 0.222430 0.373945 0.026458 0.077436
0 0 0.352831 0.244857 0.277576 0.019066 0.105669
0 0 0.344594 0.259580 0.302021 0.014428 0.079377
2 0 0.184447 0.278558 0.409717 0.010779 0.116499
2 1 0.067221 0.198472 0.642630 0.011184 0.080493
2 1 0.048679 0.186319 0.693783 0.008015 0.063205
2 0 0.054059 0.156670 0.733975 0.012699 0.042597
2 0 0.088245 0.192725 0.658117 0.012743 0.048170
2 0 0.063891 0.136048 0.754813 0.018241 0.027007
2 1 0.082983 0.164491 0.712395 0.013555 0.026576
2 1 0.040437 0.119499 0.807248 0.012449 0.020366
2 1 0.035265 0.129505 0.800130 0.009454 0.025646
2 0 0.185451 0.227981 0.439082 0.023261 0.124224
2 0 0.231751 0.267350 0.358008 0.014443 0.128448
2 0 0.273195 0.259889 0.330136 0.016470 0.120310
2 0 0.144962 0.210168 0.542977 0.023776 0.078117
2 0 0.142177 0.170470 0.597104 0.041672 0.048577
2 1 0.252411 0.212672 0.439014 0.032305 0.063597
0 2 0.512374 0.218502 0.171004 0.016252 0.081869
0 0 0.519934 0.240261 0.124382 0.008823 0.106600
0 0 0.504744 0.235394 0.132049 0.010705 0.117108
0 0 0.467401 0.241267 0.136678 0.011048 0.143607
0 0 0.407025 0.245360 0.142154 0.011584 0.193877
0 0 0.473177 0.255697 0.125617 0.007917 0.137592
0 0 0.481781 0.258969 0.121567 0.007104 0.130579
0 0 0.505599 0.245830 0.124594 0.008445 0.115532
2 0 0.272930 0.281210 0.360611 0.010552 0.074697
2 0 0.283746 0.283598 0.376897 0.008311 0.047449
2 0 0.233865 0.242841 0.413738 0.019186 0.090370
2 1 0.268402 0.231028 0.383786 0.024175 0.092609
2 2 0.321871 0.216448 0.360367 0.029115 0.072198
0 2 0.459277 0.215835 0.228330 0.022106 0.074453
0 2 0.592429 0.202012 0.125061 0.012709 0.067789
0 0 0.591333 0.219280 0.113394 0.008374 0.067619
0 0 0.641488 0.208490 0.097845 0.006293 0.045885
0 0 0.649510 0.205679 0.095761 0.006107 0.042944
0 2 0.535779 0.228438 0.127696 0.010468 0.097618
0 2 0.472268 0.239988 0.136582 0.011160 0.140002
0 0 0.398592 0.224020 0.161023 0.018545 0.197821
0 0 0.325298 0.218435 0.160497 0.019120 0.276649
0 0 0.367832 0.238858 0.148052 0.013327 0.231931
0 0 0.345377 0.233389 0.151167 0.014543 0.255524
4 0 0.246466 0.231878 0.224328 0.019255 0.278073
2 0 0.076664 0.220990 0.457382 0.012282 0.232683
2 2 0.039066 0.172940 0.716168 0.007752 0.064074
2 2 0.014223 0.103033 0.857904 0.004674 0.020166
2 2 0.005080 0.045645 0.936243 0.006030 0.007002
2 2 0.004061 0.039158 0.944121 0.006390 0.006270
2 2 0.002765 0.033391 0.955112 0.004458 0.004274
2 2 0.003038 0.035093 0.953127 0.004428 0.004314
2 2 0.001675 0.026238 0.965055 0.003698 0.003334
2 2 0.001385 0.023880 0.968122 0.003520 0.003093
2 2 0.001020 0.020035 0.971975 0.003938 0.003032
2 2 0.001122 0.020455 0.970130 0.004924 0.003369
2 2 0.000518 0.012648 0.976910 0.007606 0.002319
2 2 0.000392 0.010677 0.978364 0.008588 0.001980
2 2 0.000306 0.009443 0.980330 0.008061 0.001859
2 2 0.000404 0.011330 0.979578 0.006514 0.002174
2 2 0.000426 0.011332 0.977888 0.008016 0.002338
2 2 0.000259 0.008611 0.981373 0.008060 0.001697
2 2 0.000202 0.007376 0.981610 0.009302 0.001510
2 2 0.000206 0.007494 0.981990 0.008877 0.001433
2 2 0.000273 0.008742 0.980692 0.008687 0.001606
2 2 0.000367 0.010173 0.978164 0.009345 0.001951
2 2 0.000282 0.008363 0.976479 0.013237 0.001638
2 2 0.000209 0.006912 0.976096 0.015451 0.001333
2 2 0.000358 0.008972 0.968970 0.019712 0.001989
2 2 0.000482 0.010420 0.965084 0.021568 0.002446
2 2 0.000707 0.012478 0.957173 0.026372 0.003270
2 2 0.002101 0.021388 0.936175 0.035074 0.005262
2 2 0.007453 0.041762 0.907663 0.034738 0.008384
2 2 0.018979 0.066616 0.866834 0.036867 0.010704
2 0 0.353441 0.198965 0.360350 0.037273 0.049971
2 0 0.121514 0.150325 0.644895 0.048819 0.034446
2 0 0.243582 0.190729 0.485673 0.039856 0.040160
0 0 0.642765 0.173889 0.135078 0.014835 0.033434
0 0 0.648976 0.171479 0.119892 0.015704 0.043949
0 0 0.562039 0.207761 0.170365 0.013799 0.046035
2 2 0.328438 0.242229 0.353280 0.017239 0.058814
2 2 0.256211 0.247176 0.428091 0.014767 0.053755
2 0 0.199558 0.238462 0.501990 0.013489 0.046501
2 0 0.046883 0.119717 0.794513 0.016207 0.022679
2 0 0.014534 0.068895 0.889169 0.013220 0.014182
2 2 0.002463 0.028757 0.955228 0.008588 0.004964
2 2 0.001914 0.023933 0.958934 0.011462 0.003757
2 2 0.002107 0.025202 0.957673 0.011290 0.003727
2 2 0.002577 0.027714 0.953176 0.012358 0.004174
2 2 0.003044 0.030947 0.950132 0.010934 0.004943
2 2 0.002238 0.025750 0.955666 0.012304 0.004042
2 2 0.001597 0.020611 0.958176 0.016203 0.003413
2 2 0.001317 0.017842 0.956405 0.021230 0.003205
2 2 0.003200 0.027762 0.937484 0.026523 0.005031
2 2 0.011867 0.053791 0.893546 0.031622 0.009173
2 2 0.026499 0.077524 0.842477 0.040797 0.012702
2 2 0.103337 0.146157 0.687337 0.038566 0.024603
2 2 0.167364 0.170666 0.585510 0.043675 0.032785
0 0 0.465057 0.203584 0.249327 0.025891 0.056140
0 0 0.636194 0.184118 0.117640 0.013010 0.049037
0 0 0.689749 0.159440 0.106544 0.013266 0.031000
0 2 0.699438 0.158334 0.101889 0.011953 0.028386
0 2 0.686551 0.159773 0.108072 0.013717 0.031887
0 2 0.718996 0.155633 0.092379 0.009540 0.023452
0 0 0.751727 0.149567 0.076258 0.006195 0.016253
0 0 0.810206 0.132895 0.047829 0.002242 0.006828
0 0 0.829559 0.125377 0.038930 0.001445 0.004689
0 0 0.818029 0.130026 0.044153 0.001888 0.005903
0 0 0.775631 0.145677 0.063020 0.003924 0.011747
0 0 0.790912 0.147086 0.050952 0.002186 0.008864
0 0 0.735156 0.166201 0.074757 0.004798 0.019088
0 1 0.439809 0.251505 0.237774 0.011873 0.059039
2 2 0.198932 0.255734 0.430384 0.015002 0.099947
2 2 0.195146 0.232876 0.492990 0.016924 0.062063
2 2 0.209086 0.212912 0.495771 0.024020 0.058211
2 0 0.142881 0.182612 0.609626 0.024356 0.040525
2 0 0.074873 0.130732 0.730189 0.034583 0.029623
2 2 0.065569 0.115509 0.734006 0.052579 0.032338
2 2 0.073564 0.150201 0.691565 0.028446 0.056224
2 2 0.073152 0.170983 0.672471 0.018109 0.065286
2 2 0.030886 0.120043 0.759166 0.019317 0.070588
2 2 0.028211 0.109870 0.735984 0.026988 0.098948
2 4 0.039311 0.128343 0.596714 0.033132 0.202501
2 4 0.055462 0.152932 0.411707 0.027400 0.352499
4 4 0.047790 0.142849 0.256164 0.028251 0.524947
4 4 0.049892 0.122592 0.092268 0.012275 0.722973
4 4 0.039043 0.116024 0.064973 0.005627 0.774333
4 4 0.036279 0.115180 0.058900 0.004222 0.785419
4 4 0.038089 0.115975 0.062418 0.004963 0.778554
4 4 0.038534 0.116343 0.062921 0.005038 0.777165
4 4 0.044064 0.119470 0.071306 0.006855 0.758306
4 4 0.046804 0.123216 0.070400 0.005947 0.753634
4 4 0.056127 0.130255 0.076859 0.006510 0.730248
4 4 0.078524 0.149302 0.078114 0.004303 0.689757
4 4 0.065155 0.137275 0.080037 0.006190 0.711344
4 4 0.041225 0.119836 0.063223 0.004641 0.771074
4 4 0.035155 0.111709 0.062506 0.005634 0.784996
4 4 0.025042 0.098850 0.054263 0.005338 0.816508
4 4 0.039158 0.110599 0.077023 0.011238 0.761981
4 4 0.051952 0.123050 0.082975 0.009990 0.732034
4 4 0.069946 0.137581 0.087868 0.008203 0.696402
4 4 0.072568 0.146158 0.075151 0.004106 0.702018
4 4 0.068531 0.156639 0.102572 0.004928 0.667331
4 4 0.051939 0.172839 0.210364 0.007293 0.557566
4 4 0.054129 0.172697 0.230959 0.008827 0.533388
4 4 0.059660 0.183590 0.238313 0.008655 0.509782
4 4 0.033731 0.165716 0.244457 0.006998 0.549099
4 4 0.039958 0.198540 0.330029 0.006331 0.425141
2 4 0.036264 0.185341 0.406366 0.008560 0.363468
2 4 0.039332 0.183522 0.416891 0.010148 0.350107
2 4 0.027798 0.155014 0.446071 0.013774 0.357342
2 2 0.026822 0.151594 0.439476 0.014289 0.367820
2 2 0.023240 0.134853 0.561040 0.017223 0.263644
2 2 0.021346 0.128059 0.584111 0.017650 0.248834
2 2 0.022385 0.127432 0.603373 0.017302 0.229509
2 2 0.032987 0.170611 0.524955 0.010756 0.260691
2 2 0.038883 0.196200 0.465176 0.007981 0.291760
2 2 0.043761 0.217066 0.445530 0.006442 0.287201
2 2 0.053066 0.227004 0.400665 0.006624 0.312641
2 2 0.078810 0.261389 0.340429 0.005852 0.313521
1 2 0.154562 0.299849 0.242287 0.005516 0.297786
1 2 0.214691 0.309733 0.204356 0.005504 0.265716
4 0 0.255833 0.256591 0.122237 0.006374 0.358964
4 0 0.218856 0.228768 0.183009 0.014272 0.355095
4 0 0.216879 0.193590 0.150536 0.018684 0.420311
0 0 0.354955 0.211073 0.168298 0.023551 0.242123
0 0 0.400921 0.222665 0.158852 0.018673 0.198889
4 0 0.234064 0.199889 0.152715 0.018555 0.394777
4 1 0.183725 0.191800 0.134872 0.013713 0.475890
4 0 0.303015 0.227081 0.150856 0.014850 0.304199
4 0 0.238199 0.240652 0.216573 0.015895 0.288680
2 1 0.152625 0.252457 0.322427 0.013307 0.259184
2 1 0.069877 0.202819 0.582671 0.013586 0.131046
2 1 0.087888 0.207399 0.619644 0.012557 0.072512
2 1 0.014936 0.077366 0.857817 0.016997 0.032884
2 1 0.006610 0.044720 0.910889 0.019013 0.018767
2 2 0.004146 0.036452 0.934596 0.012984 0.011822
2 2 0.003064 0.032383 0.946779 0.009364 0.008410
2 2 0.002050 0.026882 0.956869 0.007634 0.006566
2 2 0.001323 0.022264 0.966648 0.005327 0.004438
2 2 0.000655 0.015265 0.975086 0.005451 0.003542
2 2 0.000522 0.013296 0.977055 0.006021 0.003106
2 2 0.000705 0.015346 0.973355 0.006881 0.003714
2 2 0.000501 0.012697 0.976892 0.006998 0.002912
2 2 0.000600 0.014167 0.975952 0.006314 0.002968
2 2 0.000700 0.015330 0.974606 0.006385 0.002980
2 2 0.000653 0.014899 0.976096 0.005812 0.002540
2 2 0.000709 0.015909 0.975731 0.005020 0.002633
2 2 0.000635 0.014540 0.976331 0.006113 0.002380
2 2 0.000337 0.009624 0.978704 0.009663 0.001672
2 2 0.000386 0.009792 0.973746 0.014193 0.001882
2 2 0.000482 0.010586 0.967514 0.019147 0.002272
2 2 0.000584 0.011662 0.965043 0.020187 0.002524
2 2 0.000594 0.011378 0.959408 0.025751 0.002869
2 2 0.000986 0.009698 0.756453 0.230800 0.002064
2 2 0.001340 0.010707 0.693672 0.291651 0.002630
2 2 0.001466 0.009319 0.532535 0.454093 0.002587
2 2 0.001714 0.009767 0.500766 0.484805 0.002948
3 2 0.001662 0.009336 0.479665 0.506517 0.002821
2 2 0.002531 0.012410 0.522839 0.458098 0.004123
3 2 0.002236 0.010906 0.475653 0.507604 0.003602
3 3 0.001612 0.008333 0.407414 0.579896 0.002745
3 3 0.002301 0.009307 0.355146 0.629642 0.003605
3 3 0.002156 0.008511 0.324234 0.661748 0.003350
3 3 0.002550 0.007790 0.238163 0.747865 0.003632
3 3 0.004319 0.009224 0.194052 0.786973 0.005433
3 3 0.003433 0.007284 0.160061 0.824983 0.004238
3 3 0.003005 0.005393 0.106782 0.881352 0.003469
3 3 0.002760 0.004517 0.084395 0.905240 0.003087
3 3 0.002880 0.003998 0.064737 0.925300 0.003085
3 3 0.003268 0.004432 0.068973 0.919872 0.003456
3 3 0.003812 0.005014 0.073908 0.913230 0.004035
3 3 0.004134 0.005354 0.076835 0.909324 0.004353
3 3 0.002406 0.003458 0.059483 0.932058 0.002594
3 3 0.002733 0.003822 0.062554 0.927901 0.002991
3 3 0.004269 0.005470 0.076735 0.908883 0.004643
3 3 0.003286 0.004415 0.067084 0.921516 0.003699
3 3 0.003019 0.004121 0.064345 0.925093 0.003422
3 3 0.002576 0.003607 0.058608 0.932157 0.003051
3 3 0.002581 0.003618 0.058993 0.931789 0.003020
3 3 0.001729 0.002609 0.048299 0.945271 0.002093
3 3 0.002390 0.003379 0.055605 0.935688 0.002938
3 3 0.002701 0.003735 0.059202 0.931086 0.003275
3 3 0.002747 0.003783 0.059447 0.930668 0.003355
3 3 0.003284 0.004383 0.065415 0.923028 0.003891
3 3 0.004173 0.005353 0.075007 0.910808 0.004659
3 3 0.003276 0.004453 0.069775 0.919105 0.003391
3 3 0.004739 0.007204 0.116144 0.866928 0.004985
3 3 0.004800 0.010551 0.224850 0.754026 0.005773
3 3 0.002354 0.008339 0.292657 0.693329 0.003321
2 3 0.002087 0.011819 0.561654 0.420617 0.003823
2 2 0.001605 0.012886 0.755801 0.226087 0.003621
2 2 0.001417 0.013804 0.857234 0.123743 0.003803
2 2 0.001871 0.016180 0.862367 0.114834 0.004748
2 2 0.003296 0.021205 0.835150 0.133116 0.007233
2 2 0.008693 0.036674 0.833713 0.111176 0.009744
2 0 0.020104 0.058368 0.816680 0.092725 0.012123
2 0 0.028987 0.071824 0.801630 0.082538 0.015021
2 2 0.031215 0.066796 0.744712 0.139530 0.017748
2 2 0.016760 0.049538 0.791562 0.130325 0.011815
2 2 0.012468 0.044947 0.833888 0.099561 0.009138
2 2 0.006094 0.035830 0.901552 0.047639 0.008885
2 2 0.004590 0.033012 0.919291 0.033247 0.009860
2 2 0.001149 0.017256 0.959211 0.017979 0.004405
2 2 0.004723 0.035682 0.930929 0.021061 0.007605
2 2 0.012676 0.058523 0.895957 0.023075 0.009769
2 2 0.025696 0.081195 0.850703 0.028324 0.014083
2 2 0.018919 0.070353 0.871597 0.026650 0.012480
2 2 0.010953 0.052614 0.895431 0.029533 0.011469
2 2 0.007545 0.040613 0.896253 0.044873 0.010717
2 2 0.007422 0.040088 0.896055 0.045940 0.010496
2 2 0.003228 0.026449 0.924275 0.039291 0.006756
2 2 0.001368 0.017831 0.950578 0.025943 0.004279
2 2 0.001483 0.018394 0.946993 0.028395 0.004735
2 2 0.036554 0.131181 0.430550 0.042736 0.358979
4 2 0.046256 0.134335 0.272061 0.041024 0.506325
4 2 0.047403 0.128470 0.189447 0.034259 0.600421
4 2 0.049402 0.115311 0.094367 0.018405 0.722516
4 4 0.041753 0.111955 0.081544 0.012906 0.751842
4 4 0.049309 0.120077 0.083232 0.010936 0.736447
4 4 0.060331 0.130758 0.084390 0.008598 0.715923
4 4 0.071853 0.138227 0.089775 0.008625 0.691520
4 4 0.096825 0.164241 0.107513 0.009142 0.622280
4 4 0.067861 0.169447 0.141229 0.008173 0.613289
4 4 0.065184 0.196270 0.212508 0.008069 0.517969
4 4 0.120420 0.270481 0.286163 0.007272 0.315664
2 4 0.156317 0.258403 0.381027 0.013596 0.190657
2 4 0.224660 0.255674 0.408749 0.015769 0.095148
0 4 0.488562 0.262085 0.186573 0.007625 0.055156
0 4 0.382598 0.248533 0.291274 0.014959 0.062637
0 0 0.348389 0.225537 0.314812 0.026547 0.084715
2 0 0.308674 0.205180 0.366459 0.040610 0.079077
0 0 0.373299 0.206436 0.306324 0.037170 0.076770
0 0 0.399590 0.233344 0.261646 0.020163 0.085257
0 0 0.536183 0.241667 0.118371 0.007685 0.096094
0 0 0.527160 0.239964 0.157565 0.009433 0.065878
2 0 0.159670 0.290866 0.438449 0.007887 0.103127
2 0 0.172494 0.265634 0.468623 0.010903 0.082346
2 0 0.250687 0.256184 0.398117 0.015329 0.079683
0 2 0.446616 0.226190 0.261491 0.016932 0.048771
2 2 0.301326 0.220185 0.379633 0.026717 0.072139
2 2 0.215947 0.208449 0.473811 0.029934 0.071860
2 2 0.179575 0.202656 0.513033 0.031291 0.073445
2 0 0.289182 0.259290 0.316434 0.016542 0.118553
0 0 0.356458 0.244398 0.305625 0.017825 0.075694
2 0 0.225766 0.269209 0.356571 0.014009 0.134445
2 0 0.159152 0.243950 0.357530 0.016676 0.222692
2 0 0.117729 0.229318 0.425239 0.016768 0.210947
2 0 0.117094 0.204411 0.368343 0.025390 0.284762
4 0 0.219368 0.231015 0.261873 0.020853 0.266890
0 0 0.400123 0.225876 0.163079 0.018235 0.192686
0 0 0.281030 0.257509 0.188855 0.012054 0.260551
2 0 0.124265 0.253900 0.310431 0.010198 0.301207
2 2 0.079151 0.217714 0.538397 0.012882 0.151856
2 2 0.053109 0.174073 0.694273 0.011627 0.066917
2 2 0.043734 0.149389 0.760596 0.010094 0.036187
2 2 0.018382 0.104678 0.849138 0.006604 0.021199
2 2 0.006057 0.046994 0.929858 0.008356 0.008734
2 2 0.004795 0.043060 0.939641 0.006153 0.006352
2 2 0.006164 0.057329 0.925045 0.004130 0.007332
2 2 0.006528 0.056280 0.925871 0.004495 0.006825
2 2 0.008248 0.066123 0.913060 0.004392 0.008177
2 2 0.010303 0.079103 0.898330 0.003622 0.008641
2 2 0.007535 0.066026 0.917457 0.003052 0.005930
2 2 0.005387 0.051089 0.936497 0.003053 0.003974
2 2 0.004520 0.045087 0.944117 0.002998 0.003278
2 2 0.003320 0.038096 0.952107 0.003199 0.003278
2 2 0.002268 0.030645 0.959673 0.003813 0.003601
2 2 0.001353 0.023086 0.967612 0.004281 0.003668
2 2 0.001088 0.020377 0.970005 0.004691 0.003839
2 2 0.001107 0.020319 0.969133 0.005213 0.004228
2 2 0.001498 0.023532 0.964287 0.005800 0.004885
2 2 0.001206 0.020743 0.966790 0.006377 0.004884
2 2 0.001443 0.022965 0.964489 0.006057 0.005046
2 2 0.000340 0.009630 0.978019 0.010196 0.001816
2 2 0.000303 0.009029 0.978818 0.010209 0.001641
2 2 0.000498 0.012186 0.976804 0.008366 0.002145
2 2 0.000595 0.013101 0.973988 0.009878 0.002438
2 2 0.000760 0.014778 0.970521 0.010951 0.002990
2 2 0.000920 0.016469 0.968824 0.010541 0.003246
2 2 0.001169 0.018202 0.963252 0.013234 0.004143
2 2 0.001199 0.017733 0.959371 0.017341 0.004356
2 2 0.001771 0.021778 0.952022 0.018408 0.006021
2 2 0.001100 0.016472 0.957882 0.020518 0.004028
2 2 0.001572 0.020428 0.955792 0.017562 0.004645
2 2 0.000964 0.015489 0.961171 0.018889 0.003488
2 2 0.000837 0.014272 0.962025 0.019606 0.003260
2 2 0.000604 0.011495 0.959658 0.025433 0.002810
2 2 0.000604 0.011136 0.954107 0.031225 0.002928
2 2 0.000410 0.009075 0.957946 0.030153 0.002416
2 2 0.000418 0.008734 0.949736 0.039042 0.002070
2 2 0.000407 0.008597 0.949857 0.039130 0.002008
2 2 0.000360 0.008174 0.953990 0.035585 0.001891
2 2 0.000573 0.010986 0.957505 0.028200 0.002737
2 2 0.000599 0.011216 0.957221 0.028357 0.002607
2 2 0.000972 0.014140 0.946995 0.034455 0.003437
2 2 0.001146 0.015121 0.940449 0.039456 0.003828
2 2 0.001366 0.016294 0.932411 0.045350 0.004579
2 2 0.001163 0.014606 0.926656 0.052895 0.004680
2 2 0.001706 0.016429 0.892795 0.083885 0.005186
2 2 0.001959 0.017098 0.876917 0.098730 0.005296
2 2 0.002799 0.020524 0.863787 0.105574 0.007316
2 2 0.002292 0.019161 0.883648 0.088079 0.006820
2 2 0.001580 0.015364 0.885396 0.093249 0.004412
2 2 0.001614 0.015745 0.889579 0.088358 0.004704
2 2 0.001480 0.015208 0.895740 0.083073 0.004499
2 2 0.001081 0.013136 0.909568 0.072641 0.003575
2 2 0.001071 0.013270 0.914327 0.067598 0.003735
2 2 0.001039 0.013005 0.913802 0.068575 0.003579
2 2 0.000956 0.012545 0.917789 0.065310 0.003401
2 2 0.001521 0.015475 0.896086 0.082254 0.004664
2 2 0.002253 0.018746 0.879651 0.092921 0.006428
2 2 0.002448 0.020063 0.890177 0.081203 0.006109
2 2 0.002260 0.020333 0.911900 0.059803 0.005705
2 2 0.002036 0.018527 0.900072 0.073700 0.005665
2 2 0.001569 0.015594 0.892187 0.085988 0.004662
2 2 0.001719 0.016219 0.886650 0.090478 0.004935
2 2 0.001341 0.014811 0.906374 0.073001 0.004473
2 2 0.000849 0.011897 0.922906 0.061197 0.003150
2 2 0.000671 0.010732 0.932904 0.052963 0.002731
2 2 0.000588 0.010134 0.937908 0.048845 0.002524
2 2 0.000471 0.009297 0.947747 0.040180 0.002304
2 2 0.000518 0.009933 0.949259 0.037619 0.002671
2 2 0.000631 0.011111 0.949579 0.035899 0.002780
2 2 0.000604 0.011435 0.959478 0.025844 0.002639
2 2 0.000826 0.013920 0.959516 0.022312 0.003426
2 2 0.001015 0.014808 0.948909 0.031100 0.004168
2 2 0.002439 0.023742 0.937281 0.030547 0.005991
2 2 0.005859 0.037929 0.918304 0.029497 0.008410
2 2 0.018766 0.072805 0.874920 0.020817 0.012692
2 2 0.012173 0.056405 0.898157 0.024871 0.008393
2 2 0.007437 0.044136 0.921070 0.021990 0.005367
2 2 0.008033 0.045364 0.915496 0.024705 0.006402
2 2 0.013720 0.062172 0.895401 0.019731 0.008976
2 2 0.000750 0.013077 0.959963 0.023255 0.002955
2 2 0.000754 0.013008 0.958588 0.024627 0.003024
2 2 0.000701 0.012249 0.956410 0.027825 0.002814
2 2 0.000768 0.012628 0.951554 0.031846 0.003204
2 2 0.001861 0.020330 0.937011 0.034213 0.006585
2 2 0.002315 0.022383 0.925687 0.040563 0.009052
2 2 0.003393 0.025909 0.897663 0.059183 0.013852
2 2 0.010089 0.043365 0.831691 0.082860 0.031995
2 2 0.029163 0.090713 0.698980 0.061310 0.119834
2 2 0.038096 0.121632 0.567036 0.042989 0.230248
2 4 0.042680 0.135965 0.390524 0.042140 0.388691
4 4 0.049100 0.143179 0.273886 0.030778 0.503056
4 4 0.058347 0.152978 0.264448 0.024222 0.500004
4 4 0.063226 0.165137 0.310163 0.018889 0.442584
2 4 0.063322 0.175481 0.393767 0.019290 0.348140
2 4 0.054150 0.186609 0.421973 0.013671 0.323597
4 4 0.051562 0.171270 0.334283 0.013582 0.429302
2 4 0.053060 0.158240 0.400274 0.021690 0.366737
4 4 0.074543 0.156809 0.365508 0.031695 0.371445
4 4 0.092996 0.163006 0.267370 0.026027 0.450602
4 4 0.081894 0.166730 0.176878 0.011700 0.562799
4 4 0.090256 0.187021 0.189095 0.010196 0.523432
4 4 0.106658 0.232237 0.258445 0.009479 0.393181
2 4 0.141036 0.272833 0.297952 0.008713 0.279466
2 4 0.139715 0.273195 0.339308 0.009500 0.238281
2 4 0.102423 0.261775 0.328886 0.007743 0.299173
2 4 0.092512 0.244979 0.376629 0.009676 0.276204
4 4 0.060094 0.166342 0.304562 0.016932 0.452070
4 4 0.069173 0.149661 0.202959 0.023677 0.554531
4 4 0.057416 0.123387 0.094552 0.014818 0.709827
4 4 0.050575 0.120640 0.085055 0.011518 0.732212
4 4 0.054107 0.125523 0.082490 0.009182 0.728697
4 4 0.056775 0.132041 0.074571 0.005658 0.730954
4 4 0.056580 0.133439 0.071430 0.004773 0.733779
4 4 0.066805 0.141269 0.075077 0.004600 0.712250
4 4 0.074392 0.146154 0.077952 0.004602 0.696899
4 4 0.104158 0.169618 0.091892 0.005571 0.628761
4 4 0.109762 0.166104 0.106463 0.009541 0.608130
4 4 0.098487 0.189542 0.138576 0.008081 0.565313
4 4 0.105655 0.256764 0.296312 0.007773 0.333496
2 1 0.087635 0.268684 0.385559 0.006602 0.251520
2 1 0.094525 0.283986 0.341036 0.005412 0.275041
2 2 0.086607 0.273561 0.354260 0.005763 0.279809
2 2 0.071873 0.243458 0.416588 0.007782 0.260300
2 2 0.066947 0.222735 0.439419 0.010034 0.260865
2 2 0.072648 0.228882 0.348733 0.008932 0.340804
4 2 0.067380 0.213024 0.327019 0.010562 0.382015
4 0 0.112368 0.253540 0.257936 0.007484 0.368671
4 0 0.120244 0.247733 0.294173 0.010156 0.327695
4 0 0.166548 0.259041 0.252621 0.010534 0.311255
2 0 0.144550 0.213349 0.318257 0.022198 0.301646
4 0 0.195606 0.214656 0.220083 0.019936 0.349719
4 2 0.123577 0.200303 0.312213 0.022646 0.341261
4 2 0.171756 0.264835 0.267034 0.010644 0.285731
4 2 0.111459 0.248934 0.300987 0.009366 0.329254
4 2 0.145080 0.280036 0.244702 0.006675 0.323507
4 0 0.180139 0.251868 0.149161 0.006364 0.412468
4 0 0.159336 0.256970 0.253575 0.010394 0.319724
0 0 0.338343 0.253059 0.145445 0.010310 0.252844
0 0 0.412177 0.252023 0.137138 0.010028 0.188635
2 0 0.054820 0.206081 0.376962 0.009119 0.353018
4 0 0.069733 0.213422 0.272460 0.007799 0.436586
4 0 0.078648 0.186859 0.154229 0.006302 0.573962
4 0 0.118797 0.174400 0.112055 0.008201 0.586546
4 0 0.105769 0.156674 0.118994 0.010848 0.607715
4 0 0.152137 0.171928 0.129913 0.014686 0.531336
4 0 0.155291 0.174662 0.130007 0.014341 0.525699
4 1 0.190579 0.208200 0.126525 0.009973 0.464724
4 1 0.097949 0.209420 0.321780 0.015409 0.355443
2 0 0.073436 0.191763 0.440521 0.018705 0.275575
2 0 0.048897 0.158741 0.671438 0.017786 0.103138
2 0 0.053436 0.180804 0.626087 0.014172 0.125501
2 1 0.045844 0.175286 0.675626 0.011199 0.092044
2 1 0.061979 0.176123 0.663754 0.015301 0.082843
2 1 0.069783 0.169492 0.667140 0.018959 0.074626
2 1 0.073498 0.181570 0.615156 0.019522 0.110253
2 1 0.074230 0.191673 0.596085 0.017141 0.120871
2 0 0.108860 0.240310 0.464625 0.013072 0.173133
2 1 0.242862 0.290172 0.327402 0.010432 0.129132
0 1 0.383418 0.283583 0.199018 0.008893 0.125088
0 1 0.320676 0.307692 0.242267 0.007443 0.121921
0 0 0.326143 0.288785 0.270375 0.009917 0.104781
2 0 0.302023 0.282813 0.308719 0.011059 0.095385
2 0 0.256604 0.279861 0.351164 0.011737 0.100634
2 4 0.207700 0.262292 0.401304 0.014528 0.114176
2 4 0.097312 0.216168 0.430853 0.017025 0.238641
2 2 0.043327 0.160514 0.516989 0.018620 0.260550
2 2 0.028158 0.125112 0.649239 0.022773 0.174719
2 2 0.024476 0.113514 0.713898 0.022677 0.125435
2 2 0.024765 0.105969 0.711809 0.028690 0.128767
2 2 0.049438 0.156112 0.639863 0.021249 0.133338
2 2 0.093848 0.189880 0.582572 0.022351 0.111349
2 2 0.140745 0.214706 0.512396 0.022179 0.109974
2 2 0.149028 0.216604 0.473785 0.024451 0.136132
2 2 0.153997 0.212593 0.429522 0.029264 0.174624
2 2 0.237682 0.228283 0.320015 0.026932 0.187088
0 2 0.506378 0.209557 0.152626 0.018917 0.112522
0 0 0.593202 0.188283 0.134171 0.017521 0.066824
0 0 0.499534 0.214031 0.148484 0.017499 0.120452
0 0 0.437386 0.228220 0.208906 0.019588 0.105899
0 0 0.532706 0.199719 0.166282 0.021571 0.079721
0 0 0.571611 0.196036 0.137560 0.017246 0.077547
0 0 0.547980 0.211422 0.135537 0.014267 0.090794
0 0 0.380478 0.260754 0.132950 0.008524 0.217294
4 0 0.283482 0.277561 0.114369 0.004783 0.319804
4 0 0.181061 0.277123 0.178998 0.005942 0.356875
4 1 0.117763 0.249759 0.308277 0.010102 0.314098
2 1 0.110796 0.266166 0.463030 0.008884 0.151124
2 1 0.067057 0.219843 0.600770 0.008878 0.103451
2 2 0.025218 0.132531 0.784902 0.008582 0.048766
2 2 0.009812 0.061290 0.896098 0.013302 0.019498
2 2 0.003379 0.031968 0.937736 0.015384 0.011533
2 2 0.001734 0.021736 0.949881 0.018575 0.008074
2 2 0.001671 0.021137 0.950990 0.019108 0.007094
2 2 0.001976 0.022965 0.946832 0.020181 0.008046
2 2 0.001238 0.017582 0.953304 0.021970 0.005905
2 2 0.001814 0.022561 0.951056 0.016828 0.007741
2 2 0.001535 0.020999 0.955745 0.014830 0.006891
2 2 0.003072 0.031775 0.944211 0.011130 0.009812
2 2 0.002785 0.030551 0.947746 0.010078 0.008840
1 2 0.249913 0.294192 0.288932 0.009764 0.157198
0 0 0.359578 0.281055 0.173437 0.008554 0.177376
0 0 0.478716 0.284217 0.105985 0.004123 0.126960
0 2 0.399423 0.308677 0.163778 0.005166 0.122956
1 2 0.244282 0.318382 0.294955 0.006919 0.135461
2 2 0.128982 0.245253 0.415626 0.014254 0.195885
2 0 0.174378 0.260886 0.402394 0.014054 0.148288
2 0 0.190893 0.244080 0.368604 0.019195 0.177228
1 0 0.249704 0.278968 0.267160 0.011627 0.192542
2 1 0.278490 0.260870 0.347642 0.015590 0.097408
0 1 0.385883 0.243681 0.290575 0.016189 0.063672
0 1 0.429610 0.242248 0.247558 0.014917 0.065667
0 1 0.349523 0.267192 0.277658 0.013132 0.092494
2 0 0.306604 0.259925 0.325300 0.015533 0.092638
2 0 0.172313 0.235733 0.449770 0.019557 0.122626
2 0 0.097340 0.213460 0.538598 0.016749 0.133853
2 2 0.053010 0.170345 0.658689 0.015611 0.102346
2 2 0.017155 0.087267 0.843402 0.015399 0.036778
2 2 0.007716 0.049750 0.914635 0.013946 0.013953
2 2 0.003089 0.031992 0.946142 0.010438 0.008339
2 2 0.001669 0.023667 0.961509 0.008214 0.004940
2 2 0.001110 0.020086 0.969938 0.005407 0.003459
2 2 0.001126 0.020479 0.969756 0.005040 0.003599
2 2 0.001122 0.020281 0.969614 0.005341 0.003642
2 2 0.001388 0.022218 0.965416 0.006443 0.004535
2 2 0.000840 0.016166 0.970463 0.008929 0.003601
2 2 0.000749 0.014779 0.969917 0.010926 0.003629
2 2 0.000524 0.011600 0.969728 0.015111 0.003037
2 2 0.000433 0.009991 0.966994 0.020022 0.002559
2 2 0.000563 0.010889 0.956185 0.029156 0.003208
2 2 0.000518 0.010052 0.951209 0.035430 0.002792
2 2 0.000545 0.010283 0.949756 0.036534 0.002882
2 2 0.000410 0.008791 0.952827 0.035809 0.002163
2 2 0.000572 0.010964 0.954888 0.030086 0.003490
2 2 0.000730 0.013509 0.962126 0.019116 0.004519
2 2 0.001097 0.017930 0.962828 0.012598 0.005548
2 2 0.000788 0.015692 0.970183 0.009078 0.004259
2 2 0.000701 0.015072 0.973016 0.007583 0.003628
2 2 0.000447 0.011332 0.975583 0.009899 0.002739
2 2 0.000576 0.013039 0.973737 0.009633 0.003014
2 2 0.000503 0.012158 0.975731 0.009125 0.002484
2 2 0.000473 0.011877 0.976974 0.008384 0.002293
2 2 0.000303 0.009090 0.978614 0.010108 0.001886
2 2 0.000414 0.010926 0.977352 0.009115 0.002192
2 2 0.000429 0.011301 0.977825 0.008249 0.002195
2 2 0.000983 0.018531 0.970859 0.006111 0.003517
2 2 0.001087 0.019254 0.968912 0.006898 0.003849
2 2 0.000728 0.014878 0.972347 0.009025 0.003022
2 2 0.001010 0.017937 0.968453 0.008657 0.003943
2 2 0.000734 0.014839 0.971336 0.009723 0.003368
2 2 0.000736 0.015049 0.972186 0.008822 0.003207
2 2 0.000700 0.014474 0.972508 0.009385 0.002934
2 2 0.000673 0.013382 0.969327 0.013739 0.002879
2 2 0.000545 0.011644 0.968611 0.016441 0.002759
2 2 0.000612 0.012128 0.965871 0.018669 0.002719
2 2 0.000814 0.013988 0.962307 0.019899 0.002992
2 2 0.000982 0.015242 0.958310 0.022109 0.003357
2 2 0.001406 0.018544 0.953401 0.022246 0.004404
2 2 0.001255 0.016844 0.950028 0.027745 0.004128
2 2 0.001101 0.016111 0.955829 0.023264 0.003696
2 2 0.002479 0.017208 0.801576 0.173508 0.005229
2 2 0.002414 0.015727 0.744319 0.232889 0.004650
2 2 0.002528 0.014491 0.654902 0.323683 0.004396
3 2 0.002772 0.012393 0.483891 0.496613 0.004331
3 2 0.003760 0.012241 0.360443 0.618166 0.005391
3 2 0.003945 0.009096 0.206532 0.775341 0.005087
3 3 0.004377 0.007697 0.139913 0.842986 0.005026
3 3 0.004361 0.006489 0.103149 0.881206 0.004795
3 3 0.005188 0.006424 0.085197 0.897751 0.005440
3 3 0.004448 0.005707 0.079834 0.905235 0.004777
3 3 0.005703 0.007087 0.092204 0.888883 0.006122
3 3 0.005579 0.007849 0.113107 0.867212 0.006253
3 3 0.004061 0.005913 0.093160 0.892343 0.004522
3 3 0.004474 0.006884 0.111667 0.871956 0.005018
3 3 0.002975 0.004942 0.091349 0.897255 0.003479
3 3 0.002754 0.004344 0.078185 0.911569 0.003148
3 3 0.002051 0.003061 0.055038 0.937476 0.002374
3 3 0.001331 0.002110 0.042506 0.952416 0.001636
3 3 0.000760 0.001325 0.031278 0.965611 0.001026
3 3 0.001454 0.002257 0.043671 0.950781 0.001837
3 3 0.001253 0.002001 0.040678 0.954476 0.001591
3 3 0.001820 0.002713 0.048940 0.944275 0.002252
3 3 0.001370 0.002146 0.042075 0.952641 0.001767
3 3 0.001239 0.001970 0.039500 0.955640 0.001652
3 3 0.001218 0.001941 0.039072 0.956135 0.001634
3 3 0.001422 0.002192 0.041461 0.952971 0.001955
3 3 0.001416 0.002180 0.041128 0.953306 0.001971
3 3 0.000779 0.001337 0.030296 0.966438 0.001150
3 3 0.000682 0.001193 0.027902 0.969175 0.001047
3 3 0.000824 0.001385 0.030026 0.966460 0.001305
3 3 0.001168 0.001834 0.035205 0.959932 0.001861
3 3 0.000808 0.001351 0.028787 0.967685 0.001368
3 3 0.000793 0.001323 0.027903 0.968576 0.001405
3 3 0.000700 0.001190 0.025889 0.970940 0.001281
3 3 0.000630 0.001095 0.024752 0.972379 0.001144
3 3 0.000570 0.001008 0.023512 0.973869 0.001042
3 3 0.000540 0.000969 0.023308 0.974227 0.000956
3 3 0.000307 0.000615 0.017859 0.980673 0.000547
3 3 0.000227 0.000480 0.015430 0.983458 0.000406
3 3 0.000399 0.000763 0.020601 0.977555 0.000681
3 3 0.000282 0.000577 0.017493 0.981164 0.000483
3 3 0.000329 0.000658 0.019341 0.979139 0.000533
3 3 0.000449 0.000847 0.022467 0.975516 0.000720
3 3 0.000749 0.001284 0.028877 0.967916 0.001173
3 3 0.000666 0.001164 0.026990 0.970109 0.001070
3 3 0.000991 0.001609 0.032886 0.962964 0.001551
3 3 0.001024 0.001651 0.033278 0.962432 0.001615
3 3 0.000953 0.001565 0.032726 0.963302 0.001454
3 3 0.001153 0.001828 0.035937 0.959343 0.001740
3 3 0.001550 0.002327 0.041701 0.952139 0.002283
3 3 0.001881 0.002733 0.046418 0.946297 0.002671
3 3 0.002322 0.003256 0.052137 0.939114 0.003171
3 3 0.001935 0.002808 0.047707 0.944881 0.002670
3 3 0.001760 0.002596 0.045373 0.947812 0.002460
3 3 0.001477 0.002242 0.040968 0.953156 0.002158
3 3 0.002283 0.003199 0.050988 0.940321 0.003210
3 3 0.001521 0.002286 0.040879 0.953021 0.002293
3 3 0.001592 0.002371 0.041751 0.951887 0.002399
3 3 0.000649 0.001137 0.026469 0.970689 0.001057
3 3 0.000910 0.001504 0.031664 0.964500 0.001422
3 3 0.000602 0.001053 0.024050 0.973183 0.001110
3 3 0.000716 0.001223 0.026986 0.969842 0.001233
3 3 0.000683 0.001175 0.026313 0.970647 0.001182
3 3 0.000993 0.001598 0.031900 0.963852 0.001657
3 3 0.001588 0.002358 0.041151 0.952443 0.002459
3 3 0.002107 0.003010 0.049816 0.942186 0.002881
3 3 0.004583 0.005767 0.078107 0.906410 0.005132
3 3 0.007172 0.010600 0.151971 0.822195 0.008061
3 3 0.008071 0.017114 0.310071 0.654095 0.010649
3 3 0.014443 0.029293 0.441962 0.495032 0.019270
2 3 0.026746 0.052351 0.617592 0.265721 0.037591
2 3 0.015736 0.045193 0.730081 0.180726 0.028263
2 3 0.011498 0.042905 0.800895 0.117773 0.026928
2 3 0.019534 0.060052 0.808773 0.083498 0.028143
2 3 0.036982 0.089117 0.794792 0.051574 0.027535
2 2 0.052931 0.114393 0.769513 0.031047 0.032117
2 2 0.048890 0.121286 0.766338 0.023852 0.039633
2 2 0.030153 0.094298 0.814566 0.025559 0.035424
2 2 0.028714 0.102457 0.773255 0.028831 0.066743
2 2 0.039404 0.139453 0.662828 0.022952 0.135363
2 2 0.046543 0.152287 0.595129 0.023483 0.182558
2 2 0.031214 0.120983 0.592048 0.033377 0.222379
2 2 0.037059 0.137956 0.473568 0.030513 0.320905
4 2 0.054853 0.149128 0.340081 0.031596 0.424342
4 4 0.062689 0.151451 0.274995 0.028726 0.482138
4 4 0.077326 0.151542 0.219027 0.027319 0.524786
4 4 0.109994 0.152227 0.206714 0.037427 0.493638
4 4 0.116084 0.148031 0.132123 0.021366 0.582396
4 4 0.079586 0.143036 0.092103 0.008296 0.676980
4 4 0.072055 0.138254 0.090059 0.008703 0.690929
4 4 0.076657 0.136384 0.101747 0.013233 0.671979
4 4 0.074630 0.133957 0.103753 0.014924 0.672736
4 4 0.063667 0.127073 0.099180 0.015548 0.694532
4 4 0.034619 0.106767 0.071449 0.009956 0.777210
4 4 0.040512 0.113067 0.075454 0.009806 0.761162
4 4 0.053535 0.123440 0.085765 0.010954 0.726306
