0 0 0.917089 0.064147 0.006485 0.000475 0.011804
0 0 0.915322 0.064978 0.005924 0.000399 0.013378
0 0 0.870869 0.089980 0.008872 0.000410 0.029869
0 0 0.757790 0.138798 0.017173 0.000558 0.085681
0 0 0.783620 0.133282 0.019337 0.000969 0.062793
0 0 0.879301 0.086623 0.009675 0.000563 0.023837
0 0 0.826218 0.115939 0.017926 0.001316 0.038601
0 0 0.876489 0.089477 0.014169 0.001648 0.018217
0 0 0.743430 0.152208 0.027673 0.001761 0.074929
0 0 0.515601 0.209761 0.047950 0.002046 0.224641
4 0 0.338543 0.220257 0.062782 0.002335 0.376083
0 0 0.361504 0.227812 0.071743 0.003433 0.335508
0 0 0.556137 0.213069 0.061699 0.004692 0.164403
0 0 0.548589 0.213455 0.059935 0.004185 0.173836
0 0 0.417882 0.235004 0.084259 0.006143 0.256712
0 0 0.359197 0.236966 0.090425 0.006125 0.307286
0 0 0.567582 0.214159 0.072479 0.007817 0.137963
0 0 0.673153 0.182818 0.059143 0.008853 0.076033
0 0 0.722398 0.163301 0.052126 0.009606 0.052569
0 0 0.670347 0.182480 0.067195 0.013190 0.066788
0 0 0.558530 0.217583 0.086220 0.012461 0.125207
0 0 0.659081 0.186882 0.051626 0.005234 0.097177
0 0 0.654442 0.186793 0.046930 0.003860 0.107975
0 0 0.743086 0.155613 0.043166 0.006522 0.051613
0 0 0.680966 0.178513 0.064874 0.013000 0.062646
0 0 0.657754 0.187966 0.055664 0.006473 0.092143
0 0 0.638843 0.192759 0.052828 0.004862 0.110708
0 0 0.767744 0.142248 0.024463 0.001574 0.063970
0 0 0.732196 0.155279 0.027095 0.001510 0.083921
0 0 0.750539 0.142939 0.019016 0.000686 0.086820
0 0 0.780753 0.131875 0.016875 0.000654 0.069843
0 0 0.780467 0.131920 0.016836 0.000648 0.070129
0 0 0.822333 0.117331 0.017375 0.001140 0.041821
0 0 0.843227 0.105031 0.012317 0.000587 0.038838
0 0 0.678203 0.164997 0.023815 0.000745 0.132240
0 0 0.569189 0.178483 0.023397 0.000441 0.228490
0 0 0.613929 0.177640 0.025894 0.000661 0.181876
0 0 0.563009 0.192188 0.033313 0.000992 0.210498
0 0 0.459453 0.207343 0.042394 0.001250 0.289559
0 0 0.496433 0.204232 0.040352 0.001247 0.257736
0 0 0.575808 0.202351 0.046847 0.002480 0.172514
0 0 0.632924 0.195325 0.056812 0.005760 0.109178
0 0 0.674365 0.184153 0.074771 0.012907 0.053803
0 0 0.767926 0.144217 0.040278 0.007103 0.040476
0 0 0.726406 0.162473 0.040556 0.004503 0.066063
0 0 0.725282 0.162978 0.047237 0.007152 0.057351
0 0 0.734460 0.156833 0.053029 0.011879 0.043800
0 0 0.630108 0.192545 0.089019 0.023240 0.065088
0 0 0.634579 0.195431 0.072635 0.012405 0.084951
0 0 0.505403 0.229592 0.099429 0.014229 0.151346
0 0 0.517234 0.225214 0.081114 0.008300 0.168139
0 0 0.503205 0.228965 0.089147 0.010164 0.168520
0 0 0.451620 0.232832 0.082527 0.006568 0.226454
0 0 0.538508 0.218838 0.069919 0.006068 0.166667
0 0 0.492804 0.200217 0.036442 0.000962 0.269575
0 0 0.605680 0.177906 0.025364 0.000606 0.190444
0 0 0.419869 0.182651 0.024346 0.000304 0.372829
0 0 0.446859 0.187519 0.026788 0.000406 0.338427
0 0 0.442759 0.183024 0.024180 0.000317 0.349719
0 0 0.537499 0.182347 0.024601 0.000435 0.255119
0 0 0.730066 0.156947 0.028682 0.001733 0.082572
0 0 0.697244 0.168130 0.031846 0.001790 0.100989
0 0 0.774573 0.142012 0.033278 0.004175 0.045962
0 0 0.829558 0.112052 0.030690 0.007937 0.019762
0 0 0.806611 0.124177 0.035304 0.008350 0.025558
0 0 0.755124 0.148361 0.047170 0.010325 0.039020
0 0 0.760989 0.148056 0.037418 0.005104 0.048433
0 0 0.791597 0.133883 0.027069 0.002757 0.044693
0 0 0.837190 0.111258 0.019805 0.002102 0.029646
0 0 0.892211 0.079938 0.010095 0.000861 0.016895
0 0 0.902843 0.073504 0.009427 0.000939 0.013287
0 0 0.886080 0.083772 0.012983 0.001593 0.015572
0 0 0.876976 0.089191 0.013582 0.001462 0.018788
0 0 0.789934 0.134723 0.027730 0.002902 0.044712
0 0 0.744146 0.154365 0.033221 0.002969 0.065299
0 0 0.723485 0.163699 0.041576 0.004718 0.066523
0 0 0.782371 0.138400 0.030262 0.003722 0.045245
0 0 0.693854 0.172458 0.037714 0.002967 0.093007
0 0 0.670461 0.178262 0.037220 0.002324 0.111733
0 0 0.712712 0.163475 0.031098 0.001881 0.090834
0 0 0.828393 0.115249 0.018645 0.001524 0.036189
0 0 0.853545 0.102429 0.016821 0.001724 0.025481
0 0 0.871791 0.092164 0.013855 0.001413 0.020777
0 0 0.898484 0.075507 0.012856 0.002552 0.010601
0 0 0.863381 0.096393 0.019281 0.003277 0.017667
0 0 0.782438 0.138403 0.031797 0.004007 0.043355
0 0 0.735825 0.157768 0.034617 0.003089 0.068700
0 0 0.771057 0.142842 0.028736 0.002576 0.054789
0 0 0.730309 0.160464 0.037369 0.003665 0.068192
0 0 0.664332 0.183272 0.044481 0.003553 0.104362
0 0 0.485780 0.219626 0.059258 0.003135 0.232201
4 0 0.243182 0.218920 0.083015 0.003719 0.451165
4 0 0.197663 0.203879 0.076424 0.002804 0.519229
4 0 0.271354 0.224740 0.083984 0.004061 0.415861
0 0 0.395525 0.239591 0.096005 0.008048 0.260831
0 0 0.454518 0.234113 0.087037 0.007672 0.216660
0 0 0.477377 0.247647 0.127825 0.013020 0.134131
0 0 0.596575 0.206342 0.065720 0.006973 0.124391
0 0 0.615052 0.201798 0.067381 0.008455 0.107314
0 0 0.734626 0.158266 0.049246 0.009148 0.048714
0 0 0.674343 0.181964 0.062330 0.010618 0.070745
0 0 0.580804 0.207964 0.059612 0.004840 0.146780
4 0 0.345034 0.213342 0.053238 0.001596 0.386790
4 0 0.243201 0.182855 0.037741 0.000589 0.535615
4 1 0.306069 0.181152 0.028968 0.000358 0.483453
4 1 0.185356 0.146597 0.021745 0.000159 0.646143
4 1 0.095396 0.123375 0.026841 0.000254 0.754134
4 1 0.053342 0.099090 0.026445 0.000304 0.820819
4 1 0.026346 0.075428 0.026727 0.000382 0.871118
4 1 0.028062 0.078700 0.028506 0.000427 0.864304
4 1 0.022393 0.071549 0.028015 0.000429 0.877614
4 4 0.021601 0.068075 0.024438 0.000349 0.885537
4 4 0.020498 0.065284 0.022287 0.000341 0.891589
4 4 0.016619 0.054791 0.015797 0.000208 0.912585
4 4 0.020654 0.058692 0.014577 0.000186 0.905891
4 4 0.015149 0.048636 0.011416 0.000150 0.924649
4 4 0.017447 0.048833 0.009514 0.000092 0.924114
4 4 0.022494 0.056376 0.011048 0.000113 0.909969
4 4 0.019798 0.056967 0.014151 0.000152 0.908932
4 4 0.017189 0.060291 0.021612 0.000334 0.900575
4 4 0.016432 0.058271 0.020424 0.000298 0.904575
4 4 0.022991 0.063925 0.017380 0.000208 0.895496
4 4 0.021091 0.057277 0.013206 0.000126 0.908300
4 4 0.021699 0.059670 0.014543 0.000167 0.903921
4 4 0.010312 0.043950 0.014245 0.000209 0.931284
4 4 0.010253 0.044093 0.014447 0.000229 0.930978
4 4 0.009334 0.041176 0.012993 0.000186 0.936310
4 4 0.010407 0.044419 0.014551 0.000225 0.930398
4 4 0.014251 0.053302 0.017858 0.000286 0.914303
4 4 0.014930 0.055944 0.020077 0.000325 0.908724
4 4 0.015847 0.057188 0.020255 0.000278 0.906432
4 4 0.017271 0.059448 0.020923 0.000244 0.902114
4 4 0.024513 0.074616 0.029134 0.000384 0.871353
4 4 0.036833 0.098944 0.045786 0.000913 0.817523
4 4 0.046885 0.118771 0.063594 0.002078 0.768672
4 4 0.054801 0.134017 0.080233 0.003932 0.727016
4 4 0.059369 0.141994 0.089685 0.005258 0.703695
4 4 0.055564 0.169878 0.164865 0.009186 0.600507
4 4 0.051820 0.185219 0.244204 0.013545 0.505211
4 4 0.042233 0.188625 0.352444 0.017176 0.399523
4 4 0.055199 0.198157 0.328182 0.019577 0.398886
4 4 0.070326 0.200863 0.253679 0.012935 0.462197
4 4 0.074753 0.191185 0.193916 0.009880 0.530266
4 2 0.058915 0.202026 0.326140 0.014243 0.398676
2 2 0.047380 0.192661 0.474918 0.021087 0.263953
2 2 0.028759 0.146199 0.677187 0.029319 0.118536
2 2 0.013960 0.088847 0.820559 0.037063 0.039572
2 2 0.006986 0.053620 0.883557 0.040831 0.015005
2 2 0.001640 0.022539 0.938352 0.033629 0.003840
2 2 0.001333 0.020004 0.951443 0.024070 0.003150
2 2 0.001591 0.024175 0.949532 0.020112 0.004589
2 2 0.003690 0.045486 0.918065 0.018599 0.014161
2 2 0.005656 0.059888 0.891347 0.020518 0.022591
2 2 0.013911 0.103994 0.795031 0.027517 0.059547
2 2 0.019559 0.129385 0.730330 0.026301 0.094425
2 2 0.020097 0.139009 0.701111 0.021312 0.118471
2 2 0.022013 0.145906 0.679181 0.021315 0.131586
2 2 0.019148 0.131654 0.723604 0.023234 0.102360
2 2 0.020418 0.137377 0.706306 0.022430 0.113469
2 2 0.016655 0.120307 0.755069 0.023789 0.084179
2 2 0.006753 0.067257 0.876688 0.021610 0.027692
2 2 0.002626 0.036022 0.935827 0.016105 0.009420
2 2 0.001238 0.019597 0.960473 0.015627 0.003064
2 2 0.001404 0.020482 0.957161 0.017770 0.003182
2 2 0.001066 0.015608 0.962074 0.019385 0.001867
2 2 0.001430 0.019126 0.955592 0.021214 0.002638
2 2 0.000832 0.011820 0.963879 0.022407 0.001062
2 2 0.000554 0.008784 0.968687 0.021338 0.000636
2 2 0.000467 0.007191 0.960766 0.031146 0.000430
2 2 0.001024 0.012079 0.954725 0.031178 0.000994
2 2 0.001269 0.013509 0.947584 0.036470 0.001168
2 2 0.001886 0.017422 0.937335 0.041586 0.001770
2 2 0.002478 0.019118 0.915604 0.060857 0.001944
2 2 0.004297 0.026147 0.893435 0.072980 0.003141
2 3 0.006337 0.031831 0.864732 0.092888 0.004212
2 3 0.006880 0.032799 0.854380 0.101567 0.004374
2 3 0.005313 0.026937 0.836939 0.127620 0.003190
2 3 0.006565 0.030246 0.823521 0.135852 0.003816
2 3 0.005581 0.027264 0.834577 0.129385 0.003194
2 3 0.007623 0.033966 0.837814 0.116018 0.004578
2 3 0.004588 0.021296 0.739102 0.232829 0.002185
2 3 0.004383 0.022457 0.799624 0.171160 0.002377
2 3 0.003239 0.017783 0.789861 0.187516 0.001601
2 3 0.004041 0.020308 0.765328 0.208299 0.002024
2 3 0.003483 0.018249 0.748415 0.228121 0.001732
2 3 0.006476 0.026631 0.690850 0.272693 0.003350
2 3 0.004361 0.019877 0.669149 0.304513 0.002100
2 3 0.007632 0.026208 0.567712 0.394922 0.003527
2 3 0.008654 0.025837 0.491402 0.470493 0.003614
3 3 0.009333 0.022312 0.328784 0.636069 0.003502
3 3 0.012457 0.026810 0.318910 0.637012 0.004813
3 3 0.009428 0.018924 0.223708 0.744627 0.003312
3 3 0.007976 0.018558 0.276257 0.694354 0.002856
3 3 0.007438 0.018623 0.326522 0.644863 0.002554
3 3 0.005461 0.015453 0.340285 0.636951 0.001850
3 3 0.005841 0.015789 0.313665 0.662674 0.002030
3 3 0.004678 0.013098 0.282401 0.698220 0.001603
3 3 0.005611 0.015198 0.290922 0.686233 0.002036
3 3 0.003126 0.008555 0.188657 0.798635 0.001027
3 3 0.006056 0.013475 0.193841 0.784517 0.002111
3 3 0.003868 0.008541 0.138160 0.848226 0.001206
3 3 0.004726 0.010244 0.152090 0.831395 0.001545
3 3 0.005763 0.012216 0.160031 0.819948 0.002041
3 3 0.007702 0.014721 0.147203 0.827395 0.002979
3 3 0.010271 0.018636 0.159512 0.807372 0.004210
3 3 0.013084 0.023101 0.195715 0.762974 0.005126
3 3 0.016160 0.028942 0.255269 0.693466 0.006163
3 3 0.018797 0.032194 0.271297 0.670791 0.006922
3 3 0.012267 0.022774 0.248431 0.712469 0.004059
3 3 0.007145 0.014710 0.203821 0.772065 0.002258
3 3 0.005478 0.011507 0.178675 0.802725 0.001615
3 3 0.004348 0.008894 0.131896 0.853566 0.001297
3 3 0.005681 0.010935 0.132153 0.849370 0.001861
3 3 0.004216 0.008277 0.100636 0.885435 0.001435
3 3 0.004265 0.008477 0.096154 0.889517 0.001588
3 3 0.002896 0.006059 0.072740 0.917179 0.001125
3 3 0.004791 0.009601 0.095262 0.888288 0.002058
3 3 0.004580 0.009147 0.095696 0.888718 0.001858
3 3 0.007019 0.013264 0.128300 0.848652 0.002765
3 3 0.007034 0.012970 0.140786 0.836841 0.002369
3 3 0.009636 0.017737 0.177391 0.791769 0.003468
3 3 0.009470 0.017229 0.173235 0.796737 0.003328
3 3 0.012749 0.022308 0.188393 0.771608 0.004942
3 3 0.015910 0.027246 0.212842 0.737627 0.006374
3 3 0.008792 0.016273 0.144352 0.826967 0.003616
3 3 0.008220 0.015379 0.137042 0.835923 0.003436
3 3 0.005916 0.011343 0.117678 0.862822 0.002240
3 3 0.006507 0.012199 0.130458 0.848543 0.002294
3 3 0.005471 0.010432 0.118457 0.863759 0.001881
3 3 0.005780 0.011035 0.119074 0.862020 0.002091
3 3 0.003979 0.007955 0.092786 0.893821 0.001458
3 3 0.006274 0.012189 0.113047 0.865780 0.002711
3 3 0.009356 0.017925 0.128002 0.839665 0.005053
3 3 0.012743 0.023427 0.143272 0.813280 0.007277
3 3 0.014471 0.027604 0.161911 0.786523 0.009490
3 3 0.023887 0.042550 0.224333 0.693963 0.015267
3 3 0.023588 0.039769 0.237152 0.687585 0.011907
3 3 0.022129 0.040820 0.323842 0.603508 0.009702
2 3 0.015947 0.039618 0.488146 0.448889 0.007400
2 3 0.010051 0.033434 0.627685 0.323829 0.005001
2 2 0.008568 0.043227 0.840002 0.100248 0.007954
2 2 0.008926 0.041708 0.847794 0.094621 0.006951
2 2 0.010100 0.042348 0.817550 0.123054 0.006948
2 2 0.010676 0.044579 0.817789 0.119303 0.007653
2 2 0.023143 0.065240 0.729755 0.167924 0.013937
2 2 0.042400 0.092499 0.644837 0.194444 0.025821
2 2 0.059913 0.112547 0.594553 0.197045 0.035942
2 2 0.046174 0.097292 0.634461 0.194127 0.027947
2 2 0.019523 0.059002 0.751035 0.158794 0.011647
2 2 0.016645 0.054979 0.774040 0.143905 0.010432
2 2 0.016493 0.054656 0.773248 0.145254 0.010349
2 2 0.017003 0.056500 0.762201 0.153049 0.011247
2 2 0.012557 0.049219 0.808016 0.121201 0.009007
2 2 0.010471 0.040392 0.786909 0.155971 0.006257
2 2 0.013861 0.042302 0.689893 0.247203 0.006741
2 2 0.013189 0.036332 0.602041 0.343046 0.005393
2 2 0.012438 0.033113 0.544662 0.404910 0.004877
3 2 0.013270 0.032888 0.471975 0.476556 0.005311
3 2 0.011535 0.026142 0.342762 0.615148 0.004413
3 2 0.009847 0.023304 0.328732 0.634329 0.003788
3 2 0.006712 0.019170 0.380744 0.590839 0.002535
2 2 0.003535 0.015979 0.603503 0.375465 0.001518
2 2 0.003927 0.021527 0.810894 0.161396 0.002256
2 2 0.002593 0.017106 0.856193 0.122574 0.001534
2 2 0.001942 0.016978 0.927393 0.052038 0.001649
2 2 0.001745 0.016636 0.939824 0.040148 0.001647
2 2 0.000768 0.010688 0.960539 0.027136 0.000868
2 2 0.000843 0.011757 0.962287 0.024071 0.001041
2 2 0.000816 0.011652 0.959406 0.027078 0.001048
2 2 0.001135 0.013806 0.948088 0.035635 0.001336
2 2 0.001338 0.014601 0.936186 0.046463 0.001412
2 2 0.002264 0.020066 0.922265 0.053079 0.002326
2 2 0.001522 0.014999 0.927981 0.054091 0.001406
2 2 0.006332 0.037878 0.883412 0.065900 0.006478
2 2 0.004582 0.028216 0.893791 0.069740 0.003672
2 2 0.008482 0.043543 0.859839 0.080217 0.007919
2 2 0.004658 0.027426 0.888755 0.075768 0.003394
2 2 0.007887 0.036684 0.850276 0.099774 0.005379
2 2 0.007122 0.033306 0.852826 0.102289 0.004457
2 2 0.016170 0.055241 0.781104 0.136821 0.010664
2 2 0.002537 0.018107 0.885579 0.092042 0.001735
2 2 0.002874 0.020694 0.892241 0.081948 0.002243
2 2 0.002125 0.017149 0.897624 0.081434 0.001668
2 2 0.003907 0.027273 0.903016 0.062108 0.003695
2 2 0.002338 0.020273 0.921581 0.053468 0.002340
2 2 0.001582 0.016466 0.936566 0.043660 0.001726
2 2 0.000750 0.010313 0.951291 0.036827 0.000818
2 2 0.001624 0.017804 0.944342 0.034179 0.002052
2 2 0.001250 0.015282 0.952864 0.028987 0.001616
2 2 0.001485 0.018152 0.952825 0.025283 0.002256
2 2 0.000853 0.011332 0.959295 0.027576 0.000944
2 2 0.000892 0.011385 0.955102 0.031686 0.000935
2 2 0.001021 0.011352 0.937898 0.048857 0.000873
2 2 0.002234 0.017853 0.901295 0.076835 0.001783
2 2 0.002201 0.016201 0.865931 0.114199 0.001467
2 2 0.003765 0.023103 0.858259 0.112257 0.002617
2 2 0.004180 0.021591 0.790018 0.181967 0.002244
2 2 0.010479 0.039077 0.777941 0.166697 0.005805
2 2 0.011735 0.039293 0.738007 0.205187 0.005779
2 2 0.020851 0.061122 0.740377 0.165237 0.012413
0 2 0.643599 0.192785 0.062604 0.011534 0.089477
0 0 0.709743 0.169172 0.043918 0.006563 0.070604
0 0 0.720788 0.162499 0.052797 0.014385 0.049530
0 0 0.610299 0.200857 0.087759 0.019376 0.081708
0 0 0.460658 0.234913 0.136945 0.031674 0.135810
0 0 0.357304 0.243871 0.111562 0.010616 0.276647
4 0 0.166369 0.199499 0.087069 0.003631 0.543432
4 0 0.224518 0.182366 0.040745 0.000688 0.551683
4 0 0.202422 0.171192 0.035396 0.000517 0.590472
4 0 0.330110 0.187482 0.031040 0.000476 0.450892
4 0 0.319715 0.178509 0.025731 0.000344 0.475700
4 0 0.061596 0.110722 0.031867 0.000542 0.795272
4 0 0.025260 0.080424 0.035128 0.000872 0.858316
4 1 0.033594 0.096604 0.046334 0.001317 0.822151
4 1 0.031685 0.091024 0.041040 0.000880 0.835371
4 1 0.024543 0.075845 0.030485 0.000478 0.868649
4 1 0.031716 0.088825 0.038206 0.000616 0.840636
4 0 0.058630 0.130430 0.067483 0.001821 0.741635
4 0 0.085797 0.154129 0.074802 0.002321 0.682952
4 0 0.078376 0.150727 0.078178 0.002558 0.690162
4 0 0.068249 0.130763 0.054331 0.001117 0.745541
4 1 0.073399 0.146250 0.076260 0.002410 0.701681
4 1 0.071084 0.151048 0.091751 0.003687 0.682429
4 1 0.082173 0.167637 0.115394 0.006368 0.628428
4 1 0.066571 0.164516 0.129117 0.009253 0.630543
4 1 0.063992 0.169245 0.145868 0.010023 0.610872
4 1 0.055170 0.184070 0.224146 0.013553 0.523061
4 1 0.049413 0.188197 0.277646 0.015196 0.469547
2 1 0.050000 0.197286 0.392257 0.020812 0.339645
4 1 0.068419 0.204556 0.289800 0.015264 0.421962
4 1 0.060388 0.202818 0.323898 0.014727 0.398169
4 1 0.071508 0.176827 0.151689 0.006759 0.593217
4 1 0.071414 0.182404 0.169030 0.007664 0.569487
4 2 0.091282 0.165602 0.092305 0.003791 0.647021
4 2 0.097796 0.169627 0.092175 0.003801 0.636601
4 2 0.058808 0.138572 0.083598 0.003819 0.715203
4 2 0.050239 0.130772 0.080527 0.005346 0.733116
4 2 0.053748 0.136858 0.087461 0.006452 0.715481
4 2 0.051524 0.177667 0.208646 0.013181 0.548981
4 2 0.046760 0.187611 0.283192 0.009941 0.472496
2 2 0.027200 0.160546 0.613387 0.017696 0.181171
2 2 0.029044 0.153728 0.654667 0.027491 0.135070
2 2 0.032373 0.150809 0.663294 0.037783 0.115741
2 2 0.058517 0.200335 0.453712 0.029254 0.258182
2 2 0.069850 0.209674 0.366064 0.025186 0.329226
4 2 0.101121 0.216821 0.235811 0.017137 0.429110
4 2 0.177881 0.236264 0.184615 0.018870 0.382370
4 2 0.202130 0.232881 0.150389 0.014895 0.399705
4 2 0.264836 0.240431 0.128411 0.011746 0.354576
4 2 0.136191 0.212498 0.148164 0.009883 0.493264
4 2 0.145051 0.213905 0.146899 0.011281 0.482865
4 2 0.080117 0.170786 0.124573 0.006614 0.617909
4 2 0.089759 0.174729 0.121095 0.007201 0.607216
4 2 0.072025 0.166348 0.123699 0.005456 0.632471
4 2 0.076870 0.160943 0.106699 0.005346 0.650142
4 2 0.060154 0.140428 0.085434 0.003948 0.710036
4 2 0.059724 0.142318 0.089845 0.005201 0.702913
4 2 0.051375 0.127914 0.073534 0.003156 0.744022
4 2 0.069639 0.165698 0.126468 0.007212 0.630983
4 2 0.065841 0.187833 0.201826 0.008857 0.535643
2 2 0.049849 0.192931 0.497536 0.028990 0.230694
2 2 0.070810 0.210047 0.360477 0.025012 0.333654
4 2 0.081085 0.181413 0.150633 0.008365 0.578504
4 2 0.074677 0.170401 0.130080 0.006133 0.618709
4 2 0.074029 0.156822 0.101211 0.004643 0.663296
4 1 0.086220 0.172732 0.122646 0.007398 0.611004
4 1 0.071373 0.149733 0.087841 0.003334 0.687719
4 1 0.041371 0.105735 0.050204 0.000977 0.801713
4 1 0.028476 0.080566 0.031758 0.000355 0.858845
4 1 0.049130 0.118865 0.061118 0.001461 0.769426
4 1 0.043178 0.108731 0.052504 0.001058 0.794529
4 1 0.044449 0.116332 0.062661 0.002307 0.774251
4 4 0.014871 0.056800 0.021019 0.000413 0.906897
4 4 0.022128 0.067594 0.022057 0.000416 0.887805
4 4 0.024030 0.067835 0.020049 0.000298 0.887788
4 4 0.028578 0.073457 0.021207 0.000269 0.876489
4 4 0.024805 0.064830 0.016390 0.000180 0.893796
4 4 0.021025 0.066369 0.022921 0.000342 0.889343
4 4 0.022713 0.065710 0.019613 0.000259 0.891705
4 4 0.029305 0.080630 0.028622 0.000525 0.860918
4 4 0.015213 0.056022 0.019372 0.000341 0.909053
4 4 0.009636 0.042676 0.013943 0.000237 0.933508
4 4 0.009028 0.040922 0.013154 0.000222 0.936674
4 4 0.009652 0.044771 0.015893 0.000448 0.929237
4 4 0.006932 0.036191 0.011842 0.000322 0.944712
4 4 0.006479 0.034973 0.011441 0.000342 0.946764
4 4 0.005634 0.031244 0.009502 0.000220 0.953399
4 4 0.007372 0.035819 0.010494 0.000234 0.946081
4 4 0.010785 0.044100 0.012653 0.000304 0.932158
4 4 0.009127 0.040214 0.011581 0.000274 0.938804
4 4 0.009072 0.039909 0.011435 0.000253 0.939330
4 4 0.009472 0.042668 0.013781 0.000329 0.933751
4 4 0.009531 0.043058 0.014429 0.000291 0.932692
4 4 0.010081 0.043427 0.014061 0.000212 0.932219
4 4 0.014335 0.049091 0.013424 0.000133 0.923017
4 4 0.019161 0.056969 0.015230 0.000139 0.908501
4 4 0.022065 0.066476 0.021752 0.000269 0.889438
4 4 0.020734 0.067935 0.025541 0.000419 0.885371
4 4 0.015667 0.057066 0.020337 0.000294 0.906635
4 4 0.019566 0.061193 0.018885 0.000242 0.900113
4 4 0.023982 0.066674 0.019342 0.000221 0.889781
4 4 0.037607 0.085389 0.024982 0.000320 0.851702
4 4 0.029911 0.084007 0.033342 0.000538 0.852203
4 2 0.031627 0.091337 0.041519 0.000937 0.834579
4 2 0.037858 0.104931 0.053133 0.001740 0.802338
4 2 0.039141 0.108505 0.056984 0.002201 0.793169
4 2 0.054104 0.134940 0.083011 0.004862 0.723083
4 2 0.049368 0.125544 0.071961 0.003235 0.749891
4 2 0.058361 0.139112 0.085262 0.004322 0.712944
4 2 0.061056 0.148208 0.099168 0.005018 0.686550
4 2 0.059791 0.184502 0.205535 0.008617 0.541554
4 2 0.048963 0.192737 0.312439 0.012343 0.433518
2 2 0.039461 0.188812 0.438713 0.016521 0.316493
2 2 0.038905 0.187121 0.425786 0.021286 0.326903
2 2 0.032565 0.178725 0.488337 0.022774 0.277598
2 2 0.034502 0.179857 0.512787 0.022852 0.250002
2 2 0.045727 0.194409 0.406034 0.017975 0.335855
2 2 0.049845 0.197249 0.369840 0.016142 0.366924
4 2 0.051170 0.197201 0.354155 0.017484 0.379990
2 0 0.057305 0.202546 0.405769 0.024454 0.309927
0 0 0.372407 0.242708 0.106352 0.009805 0.268728
4 0 0.163858 0.199461 0.088856 0.003796 0.544029
4 0 0.057737 0.133394 0.073717 0.002813 0.732340
4 1 0.044401 0.118610 0.066555 0.003123 0.767312
4 1 0.034871 0.104081 0.055875 0.002937 0.802237
4 1 0.037221 0.107652 0.058257 0.002905 0.793964
4 1 0.045737 0.124630 0.075543 0.005314 0.748775
4 1 0.043088 0.119587 0.070198 0.004499 0.762627
4 1 0.052783 0.139044 0.093887 0.009777 0.704509
4 2 0.055462 0.152861 0.121224 0.015454 0.654999
4 2 0.052775 0.164017 0.156125 0.014027 0.613057
4 2 0.055983 0.162126 0.141822 0.010436 0.629634
4 2 0.046308 0.189175 0.313513 0.017994 0.433010
2 2 0.037943 0.185898 0.437069 0.022397 0.316694
2 2 0.023023 0.137734 0.700133 0.029398 0.109713
2 2 0.028606 0.151165 0.663002 0.028136 0.129090
2 2 0.030605 0.157961 0.638354 0.025691 0.147388
2 2 0.035050 0.172649 0.573828 0.020687 0.197786
2 2 0.018517 0.114227 0.767181 0.029989 0.070086
2 2 0.016892 0.111225 0.775988 0.027427 0.068469
2 2 0.012113 0.087755 0.828379 0.030574 0.041179
2 2 0.024330 0.138220 0.701663 0.028147 0.107640
2 2 0.016136 0.107840 0.774017 0.036486 0.065522
2 2 0.015586 0.096081 0.805185 0.036965 0.046183
2 2 0.009927 0.069747 0.857023 0.038963 0.024340
2 2 0.012492 0.077137 0.836286 0.046144 0.027941
2 2 0.017054 0.098004 0.796567 0.042583 0.045792
2 2 0.009209 0.062575 0.865700 0.043423 0.019092
2 2 0.012828 0.085800 0.826769 0.038012 0.036592
2 2 0.009081 0.068751 0.863006 0.034511 0.024652
2 2 0.012035 0.086531 0.829191 0.033403 0.038839
2 2 0.004786 0.045390 0.909710 0.028091 0.012023
2 2 0.004223 0.041797 0.916576 0.026963 0.010441
2 2 0.003025 0.033974 0.930541 0.025004 0.007456
2 2 0.005609 0.051369 0.897651 0.030173 0.015198
2 2 0.010322 0.072484 0.849024 0.041622 0.026548
2 2 0.021378 0.108479 0.766594 0.050645 0.052904
2 2 0.037444 0.129125 0.687370 0.080735 0.065327
2 2 0.165088 0.233984 0.351567 0.069231 0.180130
2 2 0.202355 0.247013 0.273502 0.049191 0.227939
4 2 0.193601 0.234792 0.180322 0.024504 0.366782
2 2 0.096649 0.218945 0.348379 0.039883 0.296144
2 2 0.088162 0.195521 0.465774 0.079370 0.171172
2 2 0.045961 0.149787 0.637719 0.075150 0.091383
2 2 0.026273 0.130402 0.718602 0.044469 0.080253
2 2 0.023429 0.130481 0.723814 0.036267 0.086010
2 2 0.002338 0.029763 0.934085 0.027544 0.006271
2 2 0.002397 0.028687 0.932216 0.031079 0.005621
2 2 0.003231 0.034059 0.920993 0.034395 0.007323
2 2 0.002326 0.027193 0.929331 0.036130 0.005020
2 2 0.002150 0.025907 0.933952 0.033364 0.004626
2 2 0.001297 0.017765 0.943605 0.034942 0.002390
2 2 0.001131 0.015909 0.951482 0.029544 0.001933
2 2 0.000953 0.012977 0.949181 0.035611 0.001278
2 2 0.001414 0.015540 0.941211 0.040248 0.001588
2 2 0.001257 0.013331 0.941494 0.042771 0.001148
2 2 0.002577 0.021778 0.928127 0.044907 0.002611
2 2 0.002597 0.021901 0.927877 0.044987 0.002637
2 2 0.003100 0.024846 0.921805 0.046962 0.003288
2 2 0.002502 0.020009 0.913799 0.061506 0.002184
2 2 0.062855 0.175496 0.558066 0.067982 0.135602
2 2 0.059678 0.187747 0.527453 0.052913 0.172209
2 2 0.074128 0.209961 0.405802 0.037241 0.272867
2 2 0.066524 0.202249 0.460080 0.042196 0.228951
2 2 0.067838 0.199369 0.470093 0.042711 0.219988
2 2 0.054364 0.187576 0.527247 0.039012 0.191801
2 2 0.030266 0.128599 0.712019 0.057142 0.071974
2 2 0.016505 0.082303 0.808938 0.063676 0.028577
2 2 0.011450 0.063638 0.846837 0.060340 0.017734
2 2 0.012227 0.077200 0.837824 0.044413 0.028336
2 2 0.005472 0.049869 0.901494 0.028955 0.014210
2 2 0.004468 0.047554 0.910850 0.022968 0.014161
2 2 0.002956 0.035160 0.930581 0.023025 0.008278
2 2 0.005517 0.055377 0.895291 0.025106 0.018709
2 2 0.006166 0.060666 0.883532 0.027212 0.022424
2 2 0.005874 0.058831 0.887502 0.026530 0.021263
2 2 0.006268 0.060837 0.883490 0.027070 0.022335
2 2 0.005060 0.052617 0.901398 0.023731 0.017193
2 2 0.004954 0.050258 0.905479 0.023931 0.015379
2 2 0.002313 0.028689 0.942400 0.020971 0.005626
2 2 0.001985 0.025312 0.947335 0.020907 0.004461
2 2 0.001127 0.016625 0.961417 0.018708 0.002124
2 2 0.001441 0.019238 0.955416 0.021240 0.002666
2 2 0.001046 0.014441 0.960914 0.022052 0.001547
2 2 0.001497 0.018703 0.953287 0.024089 0.002424
2 2 0.001685 0.019985 0.949878 0.025774 0.002679
2 2 0.005529 0.040340 0.899763 0.046199 0.008168
2 2 0.008062 0.047466 0.875995 0.058722 0.009755
2 2 0.014693 0.068034 0.824185 0.075098 0.017990
2 2 0.011956 0.061499 0.841107 0.069544 0.015895
2 2 0.016236 0.074256 0.810309 0.077110 0.022089
2 2 0.034341 0.100676 0.735271 0.101147 0.028564
2 2 0.050054 0.124093 0.687713 0.100000 0.038141
2 2 0.034750 0.124296 0.714605 0.072726 0.053623
2 2 0.020051 0.104801 0.775443 0.050194 0.049511
2 2 0.033673 0.152159 0.658460 0.040036 0.115671
2 2 0.040139 0.158701 0.633660 0.048079 0.119421
2 2 0.049891 0.186157 0.533845 0.035140 0.194967
2 2 0.013768 0.076358 0.828529 0.055530 0.025814
2 2 0.008515 0.062583 0.870969 0.037975 0.019958
2 2 0.004014 0.036646 0.919025 0.032664 0.007651
2 2 0.006260 0.050188 0.894146 0.036039 0.013367
2 2 0.008280 0.061589 0.873208 0.037479 0.019444
2 2 0.027155 0.141498 0.692038 0.030578 0.108732
2 2 0.054108 0.194905 0.474068 0.025932 0.250986
4 2 0.071338 0.153082 0.096643 0.004161 0.674775
4 2 0.051516 0.120476 0.059973 0.001398 0.766636
4 2 0.059001 0.131044 0.068106 0.001859 0.739989
4 2 0.054270 0.127348 0.068995 0.001916 0.747471
4 2 0.075600 0.169114 0.125848 0.006044 0.623393
4 2 0.083407 0.204474 0.236787 0.017194 0.458137
2 2 0.046931 0.194459 0.419549 0.021836 0.317224
2 2 0.014129 0.084011 0.820585 0.047486 0.033790
2 2 0.003916 0.034091 0.916512 0.039002 0.006479
2 2 0.002823 0.027529 0.926755 0.038339 0.004554
2 2 0.003730 0.033087 0.921374 0.035670 0.006138
2 2 0.005149 0.040536 0.905185 0.040525 0.008604
2 2 0.005043 0.039903 0.906271 0.040421 0.008361
2 2 0.006821 0.051929 0.888518 0.038824 0.013909
2 2 0.005928 0.047443 0.897710 0.037003 0.011917
2 2 0.007625 0.067688 0.872121 0.026372 0.026194
2 2 0.003634 0.040224 0.923299 0.022515 0.010328
2 2 0.004832 0.047750 0.908166 0.025605 0.013647
2 2 0.001647 0.021318 0.946944 0.026845 0.003246
2 2 0.001234 0.017398 0.952751 0.026321 0.002297
2 2 0.001027 0.015267 0.955627 0.026241 0.001837
2 2 0.001467 0.019435 0.950093 0.026264 0.002741
2 2 0.001060 0.014178 0.946865 0.036391 0.001506
2 2 0.002164 0.023299 0.938626 0.032459 0.003452
2 2 0.001456 0.016915 0.948558 0.031154 0.001918
2 2 0.001610 0.018991 0.950485 0.026500 0.002414
2 2 0.001672 0.019360 0.949298 0.027189 0.002480
2 2 0.001566 0.018752 0.951193 0.026112 0.002377
2 2 0.000801 0.011607 0.961401 0.025144 0.001046
2 2 0.000724 0.010969 0.961744 0.025597 0.000966
2 2 0.000981 0.013665 0.960317 0.023636 0.001401
2 2 0.000885 0.012799 0.958639 0.026406 0.001272
2 2 0.000810 0.011782 0.957084 0.029234 0.001091
2 2 0.000946 0.012664 0.957977 0.027230 0.001182
2 2 0.000667 0.009842 0.959395 0.029324 0.000772
2 2 0.003386 0.029239 0.923577 0.039069 0.004729
2 2 0.004329 0.031105 0.907549 0.052188 0.004828
2 2 0.005138 0.033960 0.897267 0.058140 0.005495
2 2 0.005464 0.034322 0.891733 0.063018 0.005463
2 2 0.008385 0.047999 0.868722 0.064729 0.010166
2 2 0.004540 0.033557 0.907775 0.048429 0.005699
2 2 0.006009 0.041186 0.893653 0.050924 0.008228
2 2 0.003783 0.030117 0.916905 0.044405 0.004791
2 2 0.004488 0.037103 0.912434 0.038565 0.007410
2 2 0.005018 0.041059 0.907159 0.037742 0.009023
2 2 0.004563 0.036479 0.910837 0.041092 0.007030
2 2 0.006158 0.035749 0.881721 0.070685 0.005687
2 2 0.014908 0.053110 0.791312 0.130652 0.010017
2 2 0.020004 0.059039 0.745327 0.164059 0.011571
2 2 0.019235 0.059622 0.756504 0.152642 0.011997
2 2 0.025126 0.068519 0.697688 0.192909 0.015758
2 2 0.018116 0.052948 0.687078 0.231674 0.010183
2 2 0.011056 0.034638 0.616558 0.332509 0.005238
2 2 0.008077 0.031000 0.723407 0.233429 0.004088
2 2 0.004026 0.019656 0.724685 0.249656 0.001976
2 2 0.004060 0.019537 0.719886 0.254569 0.001948
2 2 0.006433 0.026653 0.747820 0.216001 0.003092
2 2 0.004686 0.020876 0.747863 0.224560 0.002015
2 2 0.003869 0.019909 0.808735 0.165629 0.001858
2 2 0.003061 0.019988 0.885493 0.089480 0.001978
2 2 0.004135 0.026531 0.894904 0.071085 0.003346
2 2 0.003275 0.025687 0.917822 0.049737 0.003479
2 2 0.005921 0.041467 0.895182 0.048992 0.008439
2 2 0.008312 0.053918 0.863009 0.060762 0.013999
2 2 0.029763 0.147608 0.643084 0.049721 0.129824
4 2 0.050544 0.179912 0.230750 0.023190 0.515604
4 4 0.044775 0.126896 0.081714 0.008442 0.738172
4 4 0.020932 0.079004 0.039513 0.002926 0.857625
4 4 0.011691 0.054069 0.022673 0.001344 0.910224
4 4 0.007642 0.040132 0.014442 0.000614 0.937170
4 4 0.008744 0.042801 0.015315 0.000520 0.932620
4 4 0.007203 0.035571 0.010918 0.000190 0.946118
4 4 0.009754 0.043066 0.014145 0.000244 0.932791
4 4 0.010108 0.042370 0.013106 0.000149 0.934266
4 4 0.038146 0.088350 0.027462 0.000430 0.845613
4 4 0.025335 0.061333 0.011781 0.000237 0.901314
4 4 0.016381 0.047200 0.008567 0.000155 0.927696
4 4 0.009016 0.032500 0.005373 0.000077 0.953033
4 4 0.012551 0.042255 0.008450 0.000172 0.936571
4 4 0.006696 0.031908 0.007819 0.000167 0.953410
4 4 0.017382 0.054210 0.013085 0.000316 0.915008
4 4 0.016439 0.054196 0.014956 0.000252 0.914156
4 4 0.021484 0.059082 0.014798 0.000120 0.904516
4 4 0.013517 0.048709 0.014918 0.000106 0.922750
4 4 0.024431 0.072717 0.027164 0.000275 0.875413
4 4 0.027001 0.077461 0.029758 0.000308 0.865472
4 4 0.031079 0.087259 0.036953 0.000559 0.844149
4 4 0.031521 0.095152 0.046928 0.001736 0.824663
4 4 0.015837 0.061873 0.025266 0.000825 0.896198
4 4 0.017703 0.065670 0.027071 0.000797 0.888759
4 4 0.017375 0.063429 0.024958 0.000569 0.893669
4 4 0.016379 0.055459 0.017066 0.000217 0.910878
4 4 0.029344 0.070518 0.017649 0.000177 0.882311
4 4 0.090900 0.117041 0.022782 0.000247 0.769029
4 4 0.129823 0.141902 0.029539 0.000368 0.698368
4 4 0.072124 0.105185 0.021597 0.000183 0.800911
4 4 0.055250 0.088927 0.016849 0.000121 0.838853
4 4 0.064245 0.094006 0.016596 0.000121 0.825032
4 4 0.109510 0.126456 0.023290 0.000291 0.740452
4 4 0.074697 0.102902 0.018105 0.000197 0.804100
4 4 0.024689 0.058927 0.010861 0.000159 0.905363
4 4 0.006296 0.026945 0.004849 0.000048 0.961861
4 4 0.005068 0.024483 0.004676 0.000055 0.965718
4 4 0.011099 0.034482 0.004975 0.000054 0.949391
4 4 0.014194 0.040141 0.005781 0.000093 0.939791
4 4 0.013843 0.036055 0.003987 0.000058 0.946058
4 4 0.006849 0.027302 0.004125 0.000078 0.961646
4 4 0.004261 0.021522 0.003518 0.000073 0.970627
4 4 0.002283 0.015975 0.003158 0.000052 0.978532
4 4 0.002454 0.017424 0.003925 0.000067 0.976131
4 4 0.003079 0.019523 0.004335 0.000057 0.973006
4 4 0.005114 0.023855 0.004249 0.000041 0.966740
4 4 0.009921 0.033439 0.005385 0.000051 0.951203
4 4 0.007854 0.030109 0.005230 0.000050 0.956757
4 4 0.011465 0.041649 0.009361 0.000175 0.937349
4 4 0.008164 0.036591 0.009500 0.000240 0.945505
4 4 0.007291 0.034271 0.008951 0.000203 0.949284
4 4 0.014196 0.045181 0.009148 0.000162 0.931314
4 4 0.011718 0.041467 0.009007 0.000148 0.937659
4 4 0.016543 0.051386 0.011521 0.000265 0.920286
4 4 0.006867 0.033976 0.009259 0.000275 0.949623
4 4 0.006180 0.032025 0.008761 0.000252 0.952782
4 4 0.006997 0.033468 0.008516 0.000238 0.950782
4 4 0.010205 0.040422 0.009658 0.000262 0.939453
4 4 0.017434 0.051451 0.010870 0.000204 0.920041
4 4 0.011400 0.044486 0.012517 0.000201 0.931396
4 4 0.013898 0.051924 0.017037 0.000236 0.916904
4 4 0.019864 0.065422 0.024049 0.000325 0.890340
4 4 0.023928 0.073638 0.028668 0.000385 0.873382
4 4 0.060945 0.111492 0.034041 0.000495 0.793027
4 4 0.077358 0.125378 0.037969 0.000582 0.758713
4 4 0.038651 0.090300 0.030304 0.000372 0.840373
4 4 0.035078 0.080355 0.022763 0.000203 0.861601
4 4 0.048329 0.087350 0.019373 0.000144 0.844804
4 4 0.060955 0.098125 0.021301 0.000172 0.819446
4 4 0.027265 0.088744 0.043609 0.001963 0.838419
4 4 0.027353 0.086718 0.040657 0.001374 0.843899
4 4 0.048778 0.126305 0.074157 0.003911 0.746849
4 4 0.065839 0.148257 0.093713 0.004650 0.687541
4 4 0.067501 0.147605 0.090228 0.003542 0.691124
4 4 0.075536 0.148443 0.077624 0.002513 0.695884
4 4 0.072008 0.143988 0.073649 0.002225 0.708130
4 4 0.045135 0.112009 0.055143 0.001163 0.786549
4 4 0.046080 0.113653 0.056546 0.001230 0.782491
4 4 0.058349 0.133828 0.075395 0.002342 0.730086
4 4 0.047594 0.117315 0.060435 0.001536 0.773121
4 4 0.061727 0.146683 0.096221 0.006572 0.688798
4 4 0.049218 0.132622 0.085984 0.007944 0.724233
4 1 0.051975 0.144069 0.104889 0.009013 0.690053
4 1 0.052290 0.165068 0.158875 0.010871 0.612895
4 1 0.048773 0.178884 0.227389 0.015601 0.529353
4 2 0.050236 0.176575 0.209972 0.014756 0.548460
4 2 0.050090 0.183762 0.249144 0.018025 0.498979
4 2 0.052154 0.179136 0.214285 0.015128 0.539297
4 2 0.047040 0.187188 0.286829 0.015487 0.463455
2 2 0.038334 0.187162 0.417553 0.017543 0.339409
2 2 0.026949 0.168315 0.562541 0.018021 0.224174
2 2 0.018812 0.133712 0.714650 0.020189 0.112638
2 2 0.013350 0.106514 0.790408 0.021240 0.068487
2 2 0.008004 0.068235 0.869564 0.028191 0.026006
2 2 0.011089 0.082464 0.838329 0.032373 0.035745
2 2 0.010942 0.078836 0.843270 0.035047 0.031906
2 2 0.017056 0.104534 0.787562 0.035600 0.055248
2 2 0.019560 0.114254 0.764786 0.034833 0.066566
2 2 0.028328 0.136987 0.702294 0.040006 0.092385
2 2 0.045985 0.173425 0.585281 0.042630 0.152680
2 2 0.067517 0.193515 0.498983 0.053886 0.186098
4 2 0.111260 0.213078 0.226984 0.026435 0.422243
4 2 0.100373 0.189087 0.149160 0.012168 0.549211
4 2 0.087852 0.174736 0.125611 0.007850 0.603950
4 2 0.081005 0.184934 0.161136 0.009046 0.563879
4 2 0.092166 0.181550 0.137722 0.009484 0.579078
4 2 0.091670 0.182336 0.140269 0.009592 0.576133
4 2 0.095357 0.197017 0.180040 0.014005 0.513580
4 2 0.058380 0.197166 0.286711 0.014401 0.443342
2 2 0.035816 0.183918 0.490827 0.016188 0.273251
2 2 0.016746 0.126501 0.736058 0.018623 0.102073
2 2 0.012795 0.108239 0.786182 0.018472 0.074311
2 2 0.009124 0.081185 0.847398 0.023802 0.038492
2 2 0.014835 0.110048 0.781097 0.025226 0.068793
2 2 0.021963 0.139140 0.701449 0.024592 0.112857
2 2 0.033770 0.175632 0.564055 0.020532 0.206010
2 2 0.047388 0.193613 0.481158 0.023510 0.254331
4 2 0.068664 0.208383 0.337816 0.020462 0.364674
4 2 0.089002 0.204298 0.221456 0.016385 0.468859
4 2 0.097201 0.203301 0.201669 0.016941 0.480888
4 2 0.070836 0.203449 0.269832 0.014663 0.441220
4 2 0.056618 0.201418 0.342773 0.015141 0.384051
2 2 0.040918 0.189522 0.462148 0.018880 0.288532
2 2 0.034749 0.182888 0.496161 0.014629 0.271573
2 2 0.032095 0.178591 0.523048 0.014098 0.252168
2 2 0.033894 0.182573 0.490067 0.012814 0.280652
2 2 0.033159 0.180741 0.508217 0.013701 0.264182
4 2 0.046322 0.194333 0.354424 0.010705 0.394217
4 2 0.054168 0.197827 0.316881 0.012153 0.418971
4 1 0.068942 0.149682 0.092623 0.003766 0.684986
4 1 0.074144 0.175465 0.143865 0.006777 0.599749
4 1 0.067219 0.178082 0.162940 0.006598 0.585161
4 1 0.069497 0.202005 0.264485 0.013510 0.450502
2 1 0.032741 0.180842 0.457597 0.016945 0.311874
2 2 0.029776 0.173564 0.536267 0.019615 0.240778
2 2 0.022073 0.146810 0.660110 0.023603 0.147404
2 2 0.023423 0.151746 0.648845 0.020059 0.155925
2 2 0.018213 0.127853 0.731127 0.021498 0.101310
2 2 0.013634 0.103009 0.797948 0.024077 0.061331
2 2 0.013212 0.097590 0.809429 0.026411 0.053358
2 2 0.017455 0.114514 0.767946 0.028571 0.071514
2 2 0.029831 0.162892 0.618723 0.022397 0.166157
2 2 0.034549 0.178082 0.549579 0.019425 0.218365
2 2 0.038023 0.184070 0.518727 0.019167 0.240013
2 2 0.037018 0.183194 0.519889 0.018298 0.241600
2 2 0.036571 0.182558 0.522820 0.018198 0.239853
2 2 0.028480 0.167574 0.589249 0.017014 0.197684
2 2 0.024587 0.152576 0.650633 0.018552 0.153653
2 2 0.017111 0.120982 0.752121 0.021898 0.087888
2 2 0.014591 0.108798 0.784087 0.023264 0.069261
2 2 0.012440 0.100171 0.805519 0.022771 0.059099
2 2 0.007365 0.070162 0.869736 0.023258 0.029480
2 2 0.009264 0.082481 0.845053 0.023061 0.040141
2 2 0.007661 0.071165 0.867552 0.023740 0.029882
2 2 0.008343 0.073853 0.861214 0.025100 0.031491
2 2 0.007117 0.065957 0.876692 0.024770 0.025464
2 2 0.011573 0.095420 0.816578 0.022654 0.053776
2 2 0.009196 0.076746 0.853668 0.027538 0.032853
2 2 0.008094 0.070701 0.866253 0.026542 0.028410
2 2 0.006508 0.060400 0.886080 0.025767 0.021245
2 2 0.006094 0.058051 0.890899 0.025070 0.019887
2 2 0.004813 0.050104 0.906662 0.022899 0.015521
2 2 0.002204 0.027927 0.944078 0.020388 0.005403
2 2 0.001447 0.020655 0.956297 0.018408 0.003193
2 2 0.001073 0.015903 0.962213 0.018860 0.001951
2 2 0.000808 0.013534 0.968098 0.016030 0.001530
2 2 0.000842 0.013758 0.967169 0.016675 0.001556
2 2 0.000456 0.008713 0.975428 0.014704 0.000698
2 2 0.000370 0.007574 0.976184 0.015315 0.000557
2 2 0.000559 0.009849 0.971288 0.017456 0.000848
2 2 0.000544 0.009163 0.969485 0.020090 0.000719
2 2 0.000498 0.008332 0.968349 0.022225 0.000596
2 2 0.000520 0.008400 0.964606 0.025877 0.000596
2 2 0.000674 0.009814 0.963081 0.025676 0.000754
2 2 0.000687 0.009510 0.956459 0.032650 0.000695
2 2 0.001228 0.013550 0.940122 0.043879 0.001221
2 2 0.001136 0.012140 0.927304 0.058434 0.000986
2 2 0.001515 0.013868 0.911051 0.072388 0.001178
2 2 0.002967 0.020583 0.890621 0.083661 0.002168
2 2 0.003180 0.020611 0.878642 0.095456 0.002111
2 2 0.003630 0.021734 0.856727 0.115620 0.002288
2 2 0.002988 0.017886 0.831987 0.145520 0.001619
2 2 0.002516 0.016634 0.844063 0.135308 0.001480
2 2 0.002375 0.015288 0.790752 0.190257 0.001329
2 2 0.007730 0.028348 0.648185 0.311992 0.003744
2 0 0.018339 0.049958 0.664113 0.258608 0.008982
2 0 0.052671 0.089098 0.603921 0.234544 0.019765
2 0 0.059793 0.100747 0.601360 0.213600 0.024500
2 0 0.123321 0.135451 0.470471 0.233737 0.037021
0 0 0.891640 0.080446 0.011120 0.001222 0.015571
0 0 0.858153 0.099667 0.019213 0.002871 0.020096
0 0 0.675422 0.181176 0.063988 0.011719 0.067696
0 0 0.551607 0.219178 0.092557 0.014920 0.121739
0 0 0.349824 0.242129 0.106084 0.009049 0.292914
4 0 0.219207 0.213325 0.082869 0.003534 0.481065
4 0 0.151252 0.189048 0.078064 0.002745 0.578891
4 0 0.145193 0.180731 0.068046 0.001979 0.604051
4 0 0.191287 0.193730 0.063574 0.001802 0.549607
4 0 0.121694 0.147641 0.038187 0.000545 0.691932
4 0 0.053426 0.103032 0.030107 0.000453 0.812982
4 0 0.036689 0.085643 0.025410 0.000443 0.851815
4 0 0.040212 0.087816 0.023930 0.000462 0.847580
4 0 0.048186 0.101166 0.030306 0.000946 0.819395
4 0 0.026102 0.073031 0.022788 0.000463 0.877616
4 0 0.017774 0.059697 0.019821 0.000281 0.902426
4 0 0.025616 0.066500 0.017770 0.000150 0.889965
4 0 0.051714 0.099401 0.028565 0.000295 0.820025
4 0 0.121392 0.146454 0.037319 0.000495 0.694341
4 0 0.169172 0.166699 0.040019 0.000607 0.623504
4 0 0.227410 0.182224 0.040075 0.000659 0.549633
4 1 0.162853 0.152963 0.030026 0.000316 0.653841
4 1 0.298512 0.196162 0.041182 0.000792 0.463352
4 1 0.348060 0.212313 0.051757 0.001502 0.386368
0 1 0.375150 0.212967 0.050296 0.001498 0.360089
4 1 0.185689 0.184418 0.053582 0.001204 0.575107
4 1 0.208864 0.197973 0.062639 0.001790 0.528734
4 1 0.126229 0.173020 0.068853 0.001988 0.629909
4 1 0.176902 0.192459 0.068313 0.002085 0.560241
4 1 0.229106 0.223444 0.098864 0.005537 0.443048
4 1 0.288933 0.225197 0.079764 0.003723 0.402383
4 1 0.291549 0.229741 0.087824 0.004750 0.386135
4 1 0.295651 0.220809 0.070794 0.002828 0.409918
0 1 0.406954 0.227218 0.068163 0.003440 0.294225
4 1 0.282824 0.217898 0.069209 0.002604 0.427466
4 1 0.217633 0.220266 0.097944 0.005286 0.458872
