4 0 0.353389 0.155534 0.085127 0.030006 0.375945
0 0 0.333618 0.184845 0.114996 0.034211 0.332330
4 0 0.234377 0.217199 0.166212 0.041357 0.340855
4 1 0.148516 0.190857 0.124150 0.026453 0.510024
4 1 0.119445 0.167148 0.107901 0.024913 0.580593
4 1 0.142589 0.137947 0.072203 0.019286 0.627975
4 1 0.296256 0.159699 0.085690 0.026964 0.431390
0 1 0.429626 0.140449 0.057354 0.017307 0.355265
0 4 0.406311 0.149513 0.051000 0.011055 0.382121
0 4 0.410766 0.137700 0.036621 0.006588 0.408324
4 4 0.336899 0.143182 0.043036 0.008139 0.468744
4 4 0.413282 0.119208 0.035015 0.008993 0.423502
4 4 0.361875 0.115883 0.031618 0.007454 0.483170
4 4 0.395840 0.115282 0.031335 0.007588 0.449954
4 4 0.322631 0.117281 0.032966 0.007633 0.519490
4 1 0.298497 0.125376 0.040733 0.010007 0.525386
0 1 0.439302 0.151034 0.050489 0.010546 0.348629
0 1 0.431138 0.142187 0.037793 0.006492 0.382390
4 1 0.262930 0.111071 0.029295 0.006183 0.590521
4 1 0.245008 0.115330 0.033358 0.007275 0.599029
4 1 0.257549 0.104786 0.024946 0.004948 0.607771
4 1 0.264538 0.123568 0.040004 0.009484 0.562406
4 1 0.297656 0.158183 0.047934 0.007497 0.488730
4 1 0.279346 0.202331 0.070635 0.008654 0.439034
0 1 0.385273 0.204840 0.073206 0.009740 0.326941
0 1 0.396335 0.190283 0.070633 0.011253 0.331495
0 1 0.394107 0.186996 0.070494 0.011800 0.336602
4 1 0.297091 0.185325 0.089930 0.019579 0.408075
4 2 0.262703 0.142894 0.063166 0.017872 0.513365
4 2 0.232684 0.150961 0.071634 0.019232 0.525488
4 2 0.179538 0.172266 0.091154 0.019899 0.537141
4 2 0.204721 0.245951 0.130742 0.016594 0.401993
1 2 0.196578 0.330380 0.222988 0.018589 0.231465
1 2 0.202328 0.339368 0.264283 0.022200 0.171821
2 2 0.217115 0.306548 0.310986 0.038082 0.127270
2 2 0.265474 0.272235 0.290031 0.050439 0.121821
2 2 0.230070 0.256236 0.296715 0.064407 0.152571
2 1 0.205903 0.259662 0.276991 0.057009 0.200435
1 1 0.212493 0.281560 0.264224 0.041800 0.199924
0 1 0.279752 0.272735 0.197605 0.029675 0.220233
1 1 0.285472 0.315697 0.256099 0.025842 0.116890
1 1 0.262861 0.323434 0.244885 0.023269 0.145550
1 1 0.167218 0.324906 0.253471 0.023360 0.231046
1 2 0.207416 0.320360 0.255247 0.025919 0.191057
1 2 0.182390 0.338085 0.303878 0.026612 0.149035
1 2 0.171844 0.321429 0.296889 0.030780 0.179058
2 2 0.122977 0.310588 0.326946 0.035722 0.203767
2 2 0.094762 0.310052 0.310456 0.029798 0.254933
1 2 0.096881 0.343658 0.310260 0.021403 0.227799
1 2 0.094274 0.346056 0.306444 0.020247 0.232979
2 2 0.064973 0.346910 0.369880 0.021568 0.196670
2 2 0.059595 0.333371 0.374950 0.024054 0.208030
2 2 0.058066 0.336491 0.390130 0.024059 0.191253
2 2 0.050971 0.319990 0.470426 0.026884 0.131730
2 3 0.028647 0.252897 0.617049 0.026723 0.074685
2 3 0.025050 0.218257 0.669361 0.028397 0.058934
2 3 0.021936 0.191097 0.724624 0.025623 0.036720
2 3 0.026654 0.195417 0.707184 0.030352 0.040393
2 3 0.026777 0.180589 0.721286 0.032861 0.038487
2 3 0.029808 0.165926 0.721262 0.040742 0.042263
2 3 0.033728 0.107274 0.707163 0.115640 0.036195
2 3 0.042187 0.095395 0.651482 0.173897 0.037038
2 3 0.047920 0.087545 0.615908 0.214412 0.034215
2 3 0.050556 0.071479 0.550259 0.298750 0.028956
2 3 0.053775 0.060336 0.482740 0.375463 0.027686
2 3 0.045283 0.046507 0.450158 0.437186 0.020866
3 3 0.038176 0.032685 0.379827 0.534908 0.014405
3 3 0.038186 0.026156 0.307159 0.616268 0.012231
3 3 0.034353 0.025947 0.333542 0.594394 0.011765
3 3 0.024909 0.015291 0.256244 0.696183 0.007373
3 3 0.029768 0.016072 0.228195 0.718143 0.007822
3 3 0.024235 0.012583 0.207981 0.749397 0.005804
3 3 0.023390 0.012527 0.214406 0.743904 0.005773
3 3 0.022345 0.012168 0.216616 0.743298 0.005573
3 3 0.023916 0.013502 0.229828 0.726426 0.006327
3 3 0.028720 0.016238 0.239418 0.707699 0.007925
3 3 0.036355 0.021567 0.265280 0.665571 0.011227
3 3 0.042101 0.027268 0.300043 0.615569 0.015020
3 3 0.030433 0.029143 0.422955 0.500838 0.016631
2 3 0.021056 0.029009 0.538934 0.396088 0.014913
2 3 0.017849 0.031010 0.613316 0.323281 0.014544
2 3 0.022349 0.040995 0.638739 0.277594 0.020323
2 3 0.029014 0.048880 0.616150 0.280345 0.025611
2 3 0.018499 0.039267 0.674185 0.251968 0.016082
2 3 0.016789 0.037767 0.684176 0.248134 0.013134
2 3 0.026546 0.032761 0.502415 0.422946 0.015332
2 3 0.034242 0.036626 0.458773 0.453218 0.017141
3 3 0.042223 0.031086 0.338691 0.572048 0.015952
3 3 0.037471 0.023931 0.289843 0.635973 0.012781
3 3 0.036412 0.017919 0.212589 0.724152 0.008928
3 3 0.040019 0.017119 0.182156 0.752261 0.008445
3 3 0.029550 0.010634 0.135756 0.819318 0.004743
3 3 0.031970 0.011726 0.141888 0.809077 0.005338
3 3 0.031928 0.011245 0.134398 0.817352 0.005077
3 3 0.030733 0.011834 0.149877 0.802162 0.005394
3 3 0.037002 0.014480 0.159773 0.781854 0.006891
3 3 0.040653 0.016389 0.169494 0.765452 0.008011
3 3 0.038661 0.015326 0.164064 0.774566 0.007384
3 3 0.040790 0.017818 0.187768 0.744757 0.008867
3 3 0.035626 0.016977 0.203417 0.735622 0.008358
3 3 0.037149 0.016481 0.187708 0.750601 0.008061
3 3 0.042083 0.017329 0.175433 0.756581 0.008573
3 3 0.045811 0.017777 0.165576 0.761988 0.008849
3 3 0.045722 0.017462 0.162160 0.765995 0.008660
3 3 0.053026 0.019917 0.163671 0.753213 0.010172
3 3 0.046385 0.016694 0.150631 0.778085 0.008204
3 3 0.044815 0.015956 0.147414 0.784051 0.007765
3 3 0.046264 0.016637 0.150385 0.778543 0.008170
3 3 0.041720 0.014527 0.140911 0.795913 0.006930
3 3 0.046853 0.016916 0.151580 0.776313 0.008337
3 3 0.043214 0.015212 0.144078 0.790167 0.007328
3 3 0.055118 0.020847 0.166955 0.746322 0.010758
3 3 0.045700 0.016371 0.149235 0.780683 0.008011
3 3 0.049152 0.018017 0.156171 0.767658 0.009002
3 3 0.037236 0.012522 0.131076 0.813376 0.005789
3 3 0.039118 0.013354 0.135266 0.806003 0.006258
3 3 0.038524 0.013090 0.133954 0.808323 0.006108
3 3 0.034380 0.011287 0.124532 0.824695 0.005106
3 3 0.030346 0.009600 0.114874 0.840980 0.004200
3 3 0.025745 0.007763 0.103181 0.860058 0.003253
3 3 0.055107 0.016025 0.139222 0.781698 0.007947
3 3 0.070698 0.019669 0.149004 0.750341 0.010289
3 3 0.058984 0.017117 0.142881 0.772393 0.008625
3 3 0.090208 0.027255 0.172405 0.694777 0.015355
3 3 0.157756 0.047001 0.201994 0.562373 0.030877
3 3 0.306708 0.090915 0.209032 0.316724 0.076621
0 3 0.319273 0.110137 0.215397 0.255770 0.099424
2 3 0.223906 0.174784 0.331333 0.169101 0.100875
2 3 0.158781 0.191583 0.399780 0.138901 0.110955
4 2 0.183437 0.222454 0.237389 0.067908 0.288812
4 2 0.116605 0.192692 0.211822 0.059698 0.419183
4 2 0.089281 0.161275 0.148932 0.046289 0.554223
4 2 0.102082 0.153798 0.128922 0.042109 0.573088
4 2 0.092203 0.182061 0.157951 0.038195 0.529590
4 2 0.064434 0.140763 0.104412 0.025101 0.665291
4 2 0.045404 0.119930 0.081901 0.017763 0.735002
4 2 0.070252 0.160713 0.120436 0.025252 0.623347
4 2 0.183323 0.192925 0.144255 0.039405 0.440092
0 2 0.357713 0.185201 0.115466 0.034555 0.307065
0 2 0.418133 0.162192 0.084527 0.026576 0.308572
0 2 0.439515 0.157009 0.067667 0.018051 0.317759
0 2 0.476964 0.124475 0.042947 0.012778 0.342836
0 1 0.422398 0.124440 0.040369 0.011064 0.401728
4 1 0.335907 0.121923 0.036921 0.009024 0.496226
4 1 0.112900 0.090844 0.024248 0.004224 0.767785
4 1 0.050643 0.070703 0.019706 0.002983 0.855965
4 1 0.026727 0.058204 0.017576 0.002454 0.895038
4 1 0.037042 0.072285 0.025497 0.004120 0.861056
4 1 0.037528 0.062112 0.016816 0.002364 0.881180
4 1 0.046914 0.077011 0.026056 0.004312 0.845707
4 1 0.049610 0.081053 0.028928 0.004982 0.835426
4 1 0.065813 0.102238 0.044034 0.008546 0.779369
4 1 0.103022 0.154497 0.068320 0.010073 0.664088
4 1 0.127335 0.114750 0.039552 0.007503 0.710861
4 1 0.114329 0.107114 0.038181 0.007812 0.732565
4 1 0.114075 0.132905 0.053383 0.009306 0.690331
4 1 0.096554 0.109468 0.041731 0.008094 0.744152
4 1 0.065637 0.099498 0.042303 0.008377 0.784184
4 1 0.062091 0.097254 0.041715 0.008310 0.790630
4 2 0.064695 0.094273 0.037246 0.007152 0.796633
4 2 0.055779 0.097976 0.045589 0.009292 0.791365
4 2 0.065432 0.131247 0.078497 0.016161 0.708662
4 2 0.058855 0.119310 0.070238 0.015189 0.736409
4 2 0.070140 0.170094 0.126880 0.024135 0.608752
4 2 0.049339 0.124138 0.101729 0.027337 0.697456
4 2 0.048563 0.128667 0.120762 0.030793 0.671215
4 2 0.063604 0.145871 0.159414 0.044848 0.586264
4 2 0.126799 0.152183 0.107595 0.033369 0.580053
4 4 0.227170 0.156350 0.089865 0.028548 0.498068
0 4 0.425364 0.137303 0.056551 0.017889 0.362893
0 4 0.488714 0.133540 0.056653 0.019282 0.301812
0 4 0.602987 0.104227 0.030682 0.009257 0.252846
0 4 0.632419 0.091303 0.021506 0.005845 0.248928
0 4 0.497926 0.093199 0.017901 0.003874 0.387100
4 4 0.417287 0.104973 0.023897 0.005331 0.448512
4 4 0.318492 0.097395 0.019319 0.003673 0.561120
4 4 0.237602 0.096666 0.020405 0.003712 0.641615
4 4 0.420084 0.084021 0.012666 0.002255 0.480973
4 4 0.366702 0.080115 0.011060 0.001798 0.540324
0 4 0.502756 0.079480 0.011398 0.002107 0.404260
4 4 0.105940 0.168448 0.068643 0.008112 0.648856
4 1 0.092081 0.113397 0.039472 0.006240 0.748810
4 1 0.075770 0.120939 0.047004 0.006866 0.749420
4 1 0.065816 0.128801 0.049933 0.006014 0.749435
4 1 0.059923 0.143600 0.062679 0.007040 0.726759
4 1 0.061828 0.191780 0.094571 0.008138 0.643683
4 1 0.061052 0.234245 0.130554 0.009338 0.564811
4 1 0.061817 0.287294 0.172608 0.009429 0.468851
4 1 0.054885 0.338145 0.237227 0.010103 0.359640
1 1 0.058574 0.343938 0.261071 0.011973 0.324445
4 1 0.056606 0.295693 0.243892 0.016609 0.387200
4 1 0.061679 0.263538 0.263061 0.027954 0.383768
4 1 0.078093 0.189953 0.140863 0.023835 0.567256
4 1 0.116040 0.172846 0.108578 0.022577 0.579960
4 1 0.137794 0.137424 0.069266 0.017369 0.638146
4 1 0.186226 0.132236 0.055611 0.013971 0.611955
4 1 0.243197 0.185854 0.071861 0.010900 0.488188
4 1 0.212851 0.229121 0.088970 0.008970 0.460088
4 1 0.201632 0.246411 0.084960 0.006339 0.460659
4 1 0.175072 0.252219 0.092976 0.006740 0.472993
4 1 0.112732 0.265354 0.124908 0.008695 0.488311
4 1 0.090785 0.243143 0.132832 0.011292 0.521947
4 1 0.078494 0.259639 0.166877 0.013904 0.481086
4 1 0.074128 0.253197 0.152994 0.011972 0.507708
4 1 0.070785 0.256155 0.154915 0.011530 0.506614
4 1 0.050137 0.259372 0.171339 0.010968 0.508184
4 1 0.059135 0.294838 0.183261 0.009609 0.453157
4 2 0.083510 0.338491 0.197761 0.009108 0.371130
4 2 0.099889 0.306700 0.179177 0.011297 0.402936
4 2 0.086333 0.248530 0.167359 0.016923 0.480855
4 2 0.108982 0.263510 0.179282 0.018931 0.429295
4 2 0.144433 0.277104 0.167469 0.016487 0.394507
4 2 0.140589 0.264440 0.148475 0.014532 0.431964
4 2 0.122199 0.201392 0.116890 0.017738 0.541781
4 2 0.145795 0.195046 0.113611 0.020262 0.525286
4 2 0.229081 0.219230 0.108300 0.016328 0.427061
4 2 0.287928 0.187703 0.071766 0.011306 0.441296
4 2 0.281280 0.186855 0.078509 0.013896 0.439460
4 2 0.182858 0.160760 0.076372 0.016433 0.563576
4 2 0.191245 0.240278 0.149094 0.022789 0.396592
4 2 0.186978 0.188151 0.090614 0.015589 0.518668
4 2 0.163804 0.287026 0.172814 0.016796 0.359559
4 2 0.153474 0.268594 0.140883 0.012984 0.424065
1 2 0.105632 0.327962 0.249258 0.018073 0.299076
4 2 0.094893 0.229128 0.153067 0.018831 0.504081
4 2 0.143394 0.167370 0.084073 0.015849 0.589314
4 2 0.201107 0.126840 0.047439 0.011365 0.613249
4 1 0.167882 0.115250 0.038683 0.008349 0.669836
4 1 0.190956 0.110376 0.032254 0.006647 0.659767
4 1 0.235983 0.105554 0.026185 0.005195 0.627083
4 1 0.288346 0.114421 0.031220 0.006885 0.559129
4 1 0.282229 0.113470 0.030612 0.006669 0.567021
0 1 0.382599 0.187773 0.068635 0.010959 0.350034
4 2 0.279788 0.226505 0.088857 0.010338 0.394511
4 2 0.155989 0.268093 0.148484 0.014732 0.412702
4 2 0.150831 0.289960 0.159355 0.013218 0.386637
1 2 0.166454 0.353036 0.257307 0.017957 0.205247
1 1 0.222549 0.342553 0.218129 0.016124 0.200645
1 1 0.298187 0.321775 0.192517 0.016102 0.171419
1 1 0.301607 0.329155 0.194709 0.015034 0.159496
1 1 0.076564 0.317909 0.276799 0.020212 0.308516
1 1 0.111114 0.329741 0.285623 0.023041 0.250480
1 1 0.097262 0.351596 0.345435 0.022885 0.182822
1 1 0.104029 0.345555 0.283870 0.018904 0.247642
1 2 0.088849 0.326713 0.324540 0.026021 0.233877
2 2 0.070714 0.335573 0.376765 0.025836 0.191111
1 2 0.074894 0.333961 0.332544 0.022965 0.235637
1 2 0.101410 0.327361 0.273086 0.020937 0.277206
1 2 0.093869 0.323963 0.312660 0.025996 0.243512
1 2 0.088970 0.343410 0.304148 0.019960 0.243512
1 2 0.085002 0.341788 0.316397 0.021061 0.235752
1 2 0.075556 0.370924 0.368943 0.018133 0.166443
2 2 0.055050 0.361615 0.434376 0.017854 0.131104
2 2 0.035943 0.321546 0.520351 0.015791 0.106369
2 2 0.015521 0.219018 0.687893 0.016012 0.061557
2 2 0.010963 0.173764 0.767261 0.013924 0.034087
2 2 0.011012 0.161845 0.775206 0.016158 0.035779
2 2 0.006384 0.105126 0.858356 0.013129 0.017005
2 2 0.007407 0.105838 0.852241 0.015456 0.019058
2 2 0.014219 0.152773 0.785161 0.020634 0.027214
2 2 0.022199 0.205802 0.707979 0.024334 0.039686
2 2 0.023916 0.208916 0.702505 0.024845 0.039818
2 2 0.023542 0.205733 0.698120 0.025005 0.047600
2 2 0.024538 0.214231 0.683754 0.026491 0.050986
2 2 0.037816 0.283529 0.592816 0.022322 0.063517
2 2 0.032350 0.273712 0.619301 0.019667 0.054969
2 2 0.015274 0.188408 0.740304 0.018244 0.037769
2 2 0.008769 0.133373 0.815794 0.015604 0.026459
2 2 0.013609 0.159906 0.772211 0.020322 0.033953
2 2 0.010012 0.118263 0.832161 0.018926 0.020638
2 2 0.009755 0.106342 0.838073 0.023762 0.022068
2 2 0.009512 0.092240 0.851023 0.028337 0.018888
2 2 0.012838 0.102526 0.829885 0.034822 0.019929
2 2 0.015239 0.125160 0.807742 0.029660 0.022198
2 2 0.027326 0.180298 0.711028 0.035408 0.045939
2 2 0.049222 0.211218 0.637852 0.049548 0.052160
2 2 0.054927 0.234028 0.600348 0.046678 0.064019
2 2 0.138322 0.309511 0.415236 0.043842 0.093088
2 2 0.125224 0.298405 0.456165 0.048292 0.071913
1 2 0.226828 0.302107 0.300680 0.038573 0.131813
0 2 0.390293 0.222911 0.144982 0.030728 0.211086
0 2 0.499967 0.181485 0.090915 0.021017 0.206615
0 2 0.500285 0.139226 0.062387 0.020960 0.277143
0 2 0.470515 0.127465 0.046165 0.014059 0.341796
0 2 0.434067 0.123194 0.039460 0.010841 0.392437
0 2 0.435284 0.116489 0.033078 0.008487 0.406662
0 2 0.454569 0.106626 0.025623 0.006074 0.407108
0 1 0.441007 0.116013 0.032807 0.008437 0.401736
4 1 0.337179 0.131253 0.046418 0.012413 0.472737
4 1 0.345118 0.142564 0.047810 0.010569 0.453939
4 1 0.212380 0.228572 0.131090 0.021095 0.406863
4 1 0.233452 0.274107 0.161761 0.019467 0.311214
4 1 0.192739 0.280360 0.178391 0.020652 0.327857
4 1 0.161269 0.266815 0.145281 0.014514 0.412120
4 1 0.081318 0.215552 0.136681 0.015934 0.550515
4 1 0.061669 0.163274 0.087741 0.010834 0.676483
4 1 0.049223 0.165176 0.105625 0.013673 0.666303
4 1 0.044714 0.146467 0.089823 0.012417 0.706579
4 1 0.035872 0.135719 0.090938 0.013533 0.723938
4 1 0.036252 0.125425 0.079795 0.012601 0.745927
0 1 0.329359 0.295900 0.104208 0.006516 0.264017
1 1 0.246468 0.307293 0.133928 0.009331 0.302981
4 1 0.211711 0.273204 0.114862 0.009243 0.390980
4 1 0.093874 0.236964 0.119537 0.009853 0.539773
4 1 0.070023 0.203701 0.111528 0.010813 0.603935
4 1 0.064816 0.158672 0.083478 0.010848 0.682186
4 1 0.069684 0.143515 0.073866 0.011429 0.701506
4 1 0.064002 0.172059 0.109650 0.015872 0.638418
4 1 0.069031 0.199931 0.133043 0.016747 0.581248
4 1 0.072921 0.242456 0.173577 0.017668 0.493378
4 1 0.098440 0.239748 0.140270 0.013958 0.507585
4 1 0.106248 0.278015 0.172495 0.014635 0.428607
4 1 0.127984 0.291856 0.176678 0.014732 0.388750
1 1 0.105079 0.331650 0.269808 0.020004 0.273460
1 4 0.104331 0.335982 0.252614 0.017002 0.290071
1 4 0.085792 0.328763 0.246523 0.015671 0.323251
4 4 0.098156 0.287257 0.176396 0.013243 0.424948
4 4 0.092507 0.271820 0.195978 0.018807 0.420888
4 4 0.087144 0.186185 0.120709 0.019294 0.586668
4 4 0.047810 0.112562 0.075872 0.018433 0.745324
4 4 0.045730 0.110624 0.074183 0.017805 0.751658
4 4 0.042149 0.102155 0.061803 0.013766 0.780126
4 4 0.061480 0.098224 0.043172 0.008698 0.788426
4 4 0.109142 0.124500 0.060902 0.014719 0.690737
4 4 0.103545 0.102458 0.035577 0.007022 0.751398
4 4 0.187035 0.113579 0.035328 0.007499 0.656559
4 4 0.206400 0.147145 0.052349 0.009513 0.584593
4 4 0.178645 0.223409 0.108469 0.013777 0.475701
4 4 0.134379 0.267409 0.144447 0.012920 0.440845
1 1 0.146885 0.357184 0.264486 0.017342 0.214103
4 1 0.096529 0.316811 0.240553 0.018011 0.328095
4 2 0.099646 0.306840 0.223025 0.017541 0.352949
4 1 0.079348 0.255465 0.211233 0.024027 0.429927
4 1 0.067966 0.238020 0.220357 0.029249 0.444408
4 1 0.089721 0.214827 0.176157 0.029554 0.489741
4 1 0.071488 0.171101 0.134325 0.027248 0.595839
4 1 0.065121 0.141411 0.103493 0.024471 0.665503
4 1 0.064340 0.166143 0.132099 0.026602 0.610816
4 1 0.076957 0.211032 0.163290 0.024046 0.524675
4 1 0.093032 0.212144 0.132968 0.017126 0.544730
4 1 0.050702 0.179464 0.136362 0.018055 0.615417
4 1 0.050766 0.129769 0.084625 0.016619 0.718221
4 1 0.056311 0.108291 0.060555 0.013697 0.761146
4 1 0.078071 0.149533 0.078321 0.012576 0.681499
4 1 0.065174 0.151761 0.079387 0.011006 0.692672
4 1 0.058305 0.150506 0.076033 0.009450 0.705706
4 1 0.100693 0.217509 0.113876 0.011881 0.556041
4 1 0.118643 0.242408 0.115705 0.009914 0.513331
4 1 0.091030 0.262243 0.144388 0.010846 0.491493
4 1 0.075938 0.222680 0.130090 0.012430 0.558863
4 1 0.067309 0.159001 0.096345 0.015335 0.662011
4 1 0.063254 0.124051 0.070832 0.014602 0.727261
4 1 0.048836 0.105622 0.061792 0.013920 0.769829
4 1 0.033802 0.091081 0.051409 0.010539 0.813169
4 1 0.061393 0.114296 0.067220 0.015927 0.741164
4 1 0.129333 0.131017 0.064708 0.016340 0.658602
4 1 0.243308 0.138102 0.057703 0.015472 0.545415
4 2 0.292453 0.178230 0.085160 0.019350 0.424808
0 2 0.355005 0.180088 0.089581 0.022006 0.353319
4 2 0.343277 0.168946 0.078617 0.019809 0.389351
4 2 0.099517 0.122444 0.061125 0.014642 0.702272
4 2 0.094241 0.121793 0.062140 0.014891 0.706935
4 2 0.121480 0.119082 0.050195 0.011425 0.697818
4 2 0.166792 0.113012 0.036664 0.007754 0.675779
4 2 0.235611 0.113788 0.032488 0.006963 0.611149
4 2 0.301413 0.121723 0.037188 0.008848 0.530828
4 2 0.114777 0.105656 0.036642 0.007390 0.735535
4 2 0.145617 0.121840 0.048797 0.011246 0.672500
4 2 0.121551 0.194991 0.105339 0.015397 0.562722
4 2 0.115251 0.179881 0.093592 0.014394 0.596882
4 2 0.064285 0.121907 0.072378 0.016287 0.725143
4 2 0.106457 0.209431 0.149951 0.025092 0.509067
4 2 0.134083 0.227286 0.132995 0.017501 0.488135
4 2 0.179470 0.281596 0.159532 0.015762 0.363641
4 2 0.143507 0.267348 0.163630 0.017459 0.408057
1 2 0.142986 0.308919 0.230967 0.022063 0.295065
1 2 0.154818 0.314368 0.251427 0.025037 0.254349
1 2 0.181398 0.325432 0.286614 0.028412 0.178144
1 2 0.188950 0.288983 0.247234 0.033985 0.240848
4 2 0.126371 0.252917 0.275397 0.047641 0.297673
4 2 0.188364 0.220709 0.206486 0.050510 0.333932
0 2 0.253540 0.242734 0.244552 0.051667 0.207506
0 2 0.319098 0.218709 0.178362 0.048593 0.235238
0 2 0.293899 0.244571 0.235871 0.047812 0.177847
0 2 0.370343 0.220702 0.183899 0.048179 0.176878
2 2 0.244440 0.206704 0.333102 0.111362 0.104392
0 2 0.380024 0.198779 0.210282 0.073755 0.137160
0 2 0.402902 0.206081 0.187565 0.056436 0.147016
0 1 0.461609 0.200814 0.135766 0.034501 0.167309
0 1 0.500764 0.211824 0.114594 0.020075 0.152743
0 1 0.398524 0.232288 0.141684 0.025725 0.201779
0 1 0.400677 0.224204 0.149646 0.031634 0.193839
0 1 0.352330 0.261399 0.160460 0.022964 0.202847
1 1 0.208353 0.373384 0.301991 0.017367 0.098905
1 1 0.180192 0.393738 0.308939 0.014548 0.102584
2 1 0.096424 0.393522 0.400293 0.016040 0.093721
2 1 0.092662 0.384519 0.425680 0.017445 0.079694
2 2 0.067525 0.379561 0.488863 0.014914 0.049136
2 2 0.044943 0.349972 0.543594 0.016718 0.044774
2 2 0.011746 0.187303 0.768450 0.012475 0.020026
2 2 0.007451 0.140014 0.826624 0.010601 0.015310
2 2 0.005652 0.110194 0.861904 0.009987 0.012264
2 2 0.006028 0.117582 0.850235 0.010695 0.015460
2 2 0.004425 0.097209 0.876479 0.009294 0.012593
2 2 0.005045 0.107529 0.864528 0.009558 0.013341
2 2 0.006051 0.123251 0.842928 0.010581 0.017189
2 2 0.006191 0.123894 0.843154 0.010522 0.016238
2 2 0.006527 0.117689 0.847587 0.011719 0.016478
2 2 0.004358 0.082205 0.892451 0.010861 0.010125
2 2 0.003498 0.063267 0.912169 0.013155 0.007911
2 2 0.002450 0.042075 0.933023 0.017152 0.005300
2 2 0.002163 0.032180 0.937538 0.023947 0.004172
2 3 0.001487 0.020231 0.942304 0.033431 0.002548
2 3 0.001926 0.021080 0.928813 0.045355 0.002826
2 3 0.001724 0.012176 0.882179 0.102027 0.001895
2 3 0.001952 0.011053 0.845419 0.139685 0.001891
2 3 0.001882 0.008285 0.781799 0.206497 0.001538
2 3 0.001934 0.009793 0.820470 0.166033 0.001769
2 3 0.003467 0.014051 0.790320 0.189118 0.003044
2 3 0.006774 0.024115 0.782930 0.179930 0.006251
0 3 0.421837 0.273891 0.160103 0.017414 0.126755
0 3 0.377302 0.289863 0.189803 0.020251 0.122781
1 3 0.229210 0.333342 0.315973 0.027443 0.094032
2 3 0.120493 0.344640 0.392542 0.029003 0.113322
2 1 0.102476 0.345005 0.362994 0.026362 0.163163
2 1 0.042229 0.259986 0.549793 0.038088 0.109904
2 1 0.028551 0.214268 0.626493 0.035921 0.094767
2 1 0.019772 0.172347 0.707710 0.031972 0.068198
2 1 0.014193 0.144190 0.764191 0.026890 0.050537
2 2 0.011498 0.125299 0.808346 0.023496 0.031360
2 2 0.010429 0.127820 0.811395 0.019938 0.030417
2 2 0.009171 0.102469 0.847757 0.022466 0.018137
2 2 0.009698 0.110568 0.836639 0.021966 0.021129
2 2 0.007427 0.071398 0.875382 0.032631 0.013162
2 2 0.006954 0.044727 0.871738 0.067818 0.008764
2 2 0.004362 0.027731 0.878713 0.083861 0.005333
2 3 0.004687 0.022989 0.841081 0.126399 0.004844
2 3 0.004216 0.019434 0.828122 0.143933 0.004294
2 3 0.005075 0.020338 0.799494 0.170688 0.004404
2 3 0.004725 0.019481 0.802942 0.168842 0.004009
2 3 0.004933 0.022230 0.823282 0.145134 0.004422
2 3 0.006979 0.032034 0.832941 0.120856 0.007190
2 3 0.006176 0.033726 0.857232 0.096248 0.006618
2 3 0.006204 0.028150 0.829014 0.130709 0.005923
2 3 0.005367 0.020317 0.785424 0.184632 0.004260
2 3 0.007555 0.018954 0.681151 0.287340 0.005001
2 3 0.009377 0.017745 0.591382 0.376392 0.005104
2 3 0.010641 0.017137 0.543542 0.422862 0.005818
3 3 0.007373 0.010391 0.464752 0.514022 0.003462
3 3 0.007683 0.008257 0.366945 0.614066 0.003049
3 3 0.007114 0.008036 0.379705 0.602236 0.002909
3 3 0.007521 0.006254 0.280691 0.703035 0.002499
3 3 0.009225 0.006609 0.246630 0.734872 0.002664
3 3 0.007857 0.004331 0.170246 0.815971 0.001595
3 3 0.008485 0.003909 0.136978 0.849216 0.001412
3 3 0.008482 0.003869 0.135117 0.851138 0.001395
3 3 0.010717 0.004722 0.137287 0.845501 0.001774
3 3 0.013303 0.005347 0.128460 0.850827 0.002063
3 3 0.012801 0.006007 0.156434 0.822388 0.002370
3 3 0.012171 0.005769 0.156442 0.823361 0.002257
3 3 0.015269 0.011669 0.296552 0.671334 0.005176
3 3 0.016656 0.011396 0.267115 0.699670 0.005163
3 3 0.019267 0.011131 0.225239 0.739360 0.005003
3 3 0.020634 0.009414 0.169947 0.795923 0.004081
3 3 0.023379 0.009655 0.153837 0.808918 0.004211
3 3 0.025617 0.009561 0.137615 0.823040 0.004167
3 3 0.019820 0.008375 0.152195 0.816065 0.003544
3 3 0.014663 0.005334 0.115120 0.862822 0.002061
3 3 0.018631 0.006229 0.109283 0.863369 0.002489
3 3 0.023739 0.007838 0.114424 0.850714 0.003284
3 3 0.017628 0.005160 0.089581 0.885641 0.001990
3 3 0.017929 0.004992 0.083916 0.891247 0.001915
3 3 0.019215 0.005330 0.085042 0.888341 0.002072
3 3 0.022454 0.006509 0.094294 0.874111 0.002633
3 3 0.024577 0.007312 0.100082 0.865001 0.003027
3 3 0.024447 0.007316 0.100753 0.864456 0.003029
3 3 0.025658 0.008005 0.108047 0.854916 0.003374
3 3 0.031450 0.010930 0.131560 0.821154 0.004906
3 3 0.029829 0.009389 0.113598 0.843095 0.004089
3 3 0.026531 0.008070 0.105235 0.856755 0.003408
3 3 0.012932 0.003213 0.065232 0.917491 0.001131
3 3 0.011308 0.002708 0.059585 0.925475 0.000923
3 3 0.010286 0.002401 0.055883 0.930631 0.000799
3 3 0.009287 0.002109 0.052144 0.935776 0.000685
3 3 0.008414 0.001860 0.048762 0.940374 0.000590
3 3 0.008967 0.002017 0.050915 0.937452 0.000649
3 3 0.010637 0.002506 0.057170 0.928847 0.000841
3 3 0.010764 0.002544 0.057628 0.928208 0.000856
3 3 0.012756 0.003157 0.064632 0.918346 0.001108
3 3 0.015848 0.004165 0.074781 0.903664 0.001542
3 3 0.018032 0.004913 0.081518 0.893659 0.001879
3 3 0.021260 0.006068 0.090947 0.879305 0.002420
3 3 0.020963 0.005959 0.090102 0.880608 0.002368
3 3 0.019933 0.005586 0.087142 0.885147 0.002192
3 3 0.019066 0.005277 0.084602 0.889008 0.002047
3 3 0.018908 0.005221 0.084137 0.889713 0.002021
3 3 0.015535 0.004060 0.073787 0.905121 0.001496
3 3 0.010024 0.002324 0.054917 0.931967 0.000768
3 3 0.008769 0.001960 0.050150 0.938493 0.000628
3 3 0.009823 0.002264 0.054165 0.933002 0.000745
3 3 0.010176 0.002368 0.055479 0.931190 0.000786
3 3 0.009477 0.002164 0.052865 0.934788 0.000706
3 3 0.010025 0.002324 0.054920 0.931962 0.000769
3 3 0.011720 0.002835 0.061044 0.923427 0.000974
3 3 0.013577 0.003419 0.067406 0.914380 0.001218
3 3 0.018533 0.005088 0.083022 0.891397 0.001960
3 3 0.018194 0.004969 0.082005 0.892927 0.001905
3 3 0.016689 0.004450 0.077414 0.899777 0.001669
3 3 0.013451 0.003378 0.066983 0.914987 0.001201
3 3 0.013617 0.003432 0.067538 0.914190 0.001224
3 3 0.015354 0.004000 0.073211 0.905966 0.001470
3 3 0.015706 0.004117 0.074331 0.904324 0.001521
3 3 0.015117 0.003921 0.072452 0.907074 0.001435
3 3 0.013546 0.003409 0.067302 0.914530 0.001214
3 3 0.014090 0.003585 0.069108 0.911928 0.001289
3 3 0.014408 0.003688 0.070150 0.910421 0.001334
3 3 0.016231 0.004294 0.075985 0.901891 0.001600
3 3 0.014704 0.003785 0.071117 0.909018 0.001376
3 3 0.012983 0.003229 0.065406 0.917243 0.001138
3 3 0.014552 0.003735 0.070621 0.909738 0.001354
3 3 0.010964 0.002604 0.058352 0.927200 0.000880
3 3 0.014247 0.003635 0.069623 0.911184 0.001311
3 3 0.012031 0.002931 0.062132 0.921892 0.001014
3 3 0.017076 0.004582 0.078609 0.898004 0.001729
3 3 0.015545 0.004064 0.073821 0.905072 0.001498
3 3 0.018183 0.004966 0.081974 0.892973 0.001904
3 3 0.014984 0.003877 0.072022 0.907701 0.001416
3 3 0.015243 0.003963 0.072855 0.906485 0.001453
3 3 0.011365 0.002726 0.059787 0.925192 0.000930
3 3 0.011518 0.002772 0.060328 0.924433 0.000949
3 3 0.009057 0.002043 0.051265 0.936976 0.000659
3 3 0.007447 0.001593 0.044870 0.945600 0.000490
3 3 0.007647 0.001648 0.045689 0.944506 0.000510
3 3 0.010425 0.002442 0.056393 0.929924 0.000815
3 3 0.011652 0.002814 0.060802 0.923767 0.000965
3 3 0.012662 0.003128 0.064311 0.918803 0.001096
3 3 0.012858 0.003190 0.064981 0.917850 0.001121
3 3 0.010501 0.002465 0.056671 0.929539 0.000824
3 3 0.014249 0.003636 0.069630 0.911173 0.001311
3 3 0.013189 0.003295 0.066103 0.916247 0.001166
0 3 0.395610 0.202794 0.209564 0.066639 0.125394
0 3 0.442909 0.239127 0.146061 0.023114 0.148788
4 2 0.247011 0.237965 0.153318 0.027377 0.334329
4 2 0.158057 0.148926 0.088194 0.025960 0.578863
4 2 0.089418 0.142704 0.106925 0.031641 0.629313
4 2 0.088577 0.144109 0.100344 0.026572 0.640398
4 2 0.097334 0.160544 0.111260 0.026279 0.604582
4 2 0.103383 0.154530 0.102967 0.025581 0.613540
4 2 0.158704 0.146879 0.080891 0.022285 0.591241
4 2 0.189929 0.179660 0.092851 0.018949 0.518611
4 2 0.174163 0.216947 0.117258 0.017588 0.474045
4 2 0.158255 0.274481 0.174465 0.019333 0.373465
4 2 0.214619 0.287664 0.183269 0.020853 0.293595
0 4 0.361209 0.264780 0.127111 0.014071 0.232828
0 4 0.488603 0.231067 0.091664 0.010030 0.178635
0 4 0.513931 0.225725 0.091276 0.010253 0.158816
0 4 0.517799 0.214918 0.085218 0.010471 0.171594
0 4 0.429316 0.218416 0.085342 0.011062 0.255865
0 1 0.331895 0.252575 0.106263 0.011335 0.297932
1 1 0.287098 0.308255 0.143886 0.010978 0.249783
1 1 0.227925 0.331526 0.175377 0.012234 0.252939
1 1 0.246624 0.322492 0.147671 0.009727 0.273486
4 1 0.225969 0.295799 0.129371 0.009548 0.339313
4 1 0.235563 0.302592 0.138050 0.010316 0.313479
4 1 0.194848 0.294535 0.165510 0.015287 0.329820
4 1 0.285622 0.262474 0.111995 0.010964 0.328945
4 1 0.223197 0.229161 0.098790 0.011568 0.437284
4 1 0.135647 0.164106 0.068063 0.010016 0.622168
4 1 0.076840 0.106681 0.047607 0.010131 0.758743
4 1 0.080818 0.120304 0.065794 0.015861 0.717223
4 4 0.120394 0.135597 0.075025 0.019893 0.649091
4 4 0.128892 0.123105 0.053645 0.012608 0.681749
4 4 0.122555 0.117680 0.048241 0.010832 0.700693
4 4 0.132671 0.116259 0.044613 0.009828 0.696629
4 4 0.160647 0.118169 0.042481 0.009429 0.669274
4 4 0.159239 0.113296 0.037751 0.008016 0.681698
4 4 0.137391 0.102996 0.030975 0.006011 0.722627
4 4 0.082890 0.086441 0.025219 0.004320 0.801130
4 4 0.069315 0.082191 0.024441 0.004078 0.819975
4 4 0.037749 0.070044 0.023130 0.003621 0.865456
4 4 0.032995 0.068896 0.024119 0.003795 0.870195
4 4 0.026758 0.063831 0.022485 0.003410 0.883516
4 4 0.044324 0.089839 0.041359 0.008001 0.816477
4 4 0.047287 0.097484 0.049996 0.010398 0.794835
4 4 0.062725 0.100251 0.045184 0.009269 0.782572
4 4 0.058566 0.151192 0.095968 0.015927 0.678347
4 4 0.061048 0.107095 0.050423 0.009775 0.771658
4 4 0.087487 0.125105 0.054662 0.009779 0.722967
4 4 0.123904 0.143082 0.056146 0.008958 0.667909
4 4 0.142641 0.119869 0.046993 0.010651 0.679845
4 4 0.139546 0.110029 0.037063 0.007682 0.705679
4 4 0.117956 0.124625 0.058443 0.014033 0.684943
4 4 0.106340 0.100976 0.033636 0.006527 0.752522
4 4 0.117304 0.114545 0.045665 0.009997 0.712488
4 4 0.123385 0.102834 0.032631 0.006368 0.734782
4 4 0.091159 0.089983 0.026645 0.004693 0.787520
4 4 0.094930 0.093387 0.028844 0.005242 0.777597
4 4 0.100949 0.094716 0.028965 0.005304 0.770066
4 4 0.124955 0.084939 0.019101 0.003099 0.767906
4 4 0.170943 0.104490 0.028992 0.005657 0.689918
4 4 0.262435 0.177604 0.097201 0.025121 0.437639
4 4 0.312371 0.217241 0.099120 0.015352 0.355915
0 4 0.415385 0.223602 0.097700 0.013767 0.249546
0 4 0.508006 0.224851 0.097458 0.011958 0.157726
0 4 0.513120 0.218438 0.086506 0.010313 0.171623
0 4 0.564322 0.184234 0.065500 0.009229 0.176714
0 4 0.539968 0.160109 0.057907 0.011407 0.230609
0 4 0.424885 0.128142 0.044525 0.012729 0.389719
0 4 0.529103 0.107593 0.028863 0.007743 0.326699
0 4 0.590532 0.099770 0.025653 0.007071 0.276974
0 4 0.601609 0.098796 0.025542 0.007131 0.266921
0 4 0.677282 0.084598 0.021633 0.006772 0.209715
0 4 0.749963 0.076660 0.029605 0.014385 0.129386
0 0 0.805807 0.059723 0.021310 0.011438 0.101723
0 0 0.825697 0.053474 0.016888 0.008682 0.095258
0 0 0.810312 0.055419 0.029483 0.024465 0.080321
0 0 0.780611 0.064539 0.031069 0.021351 0.102429
0 0 0.760175 0.054191 0.009756 0.003113 0.172766
0 0 0.621469 0.057400 0.006120 0.001135 0.313876
0 0 0.477030 0.057579 0.004618 0.000611 0.460161
4 0 0.417202 0.053261 0.003674 0.000428 0.525435
4 0 0.344924 0.060741 0.005266 0.000655 0.588414
4 0 0.354180 0.055516 0.004130 0.000477 0.585696
4 0 0.272037 0.056734 0.004633 0.000524 0.666072
0 0 0.503453 0.064032 0.006270 0.000942 0.425302
4 0 0.372183 0.071620 0.008140 0.001197 0.546860
4 1 0.161890 0.070806 0.010265 0.001393 0.755646
4 1 0.282934 0.079250 0.011214 0.001718 0.624884
4 4 0.329756 0.096789 0.018888 0.003594 0.550973
0 4 0.572579 0.077631 0.011622 0.002324 0.335844
0 4 0.682036 0.066509 0.010185 0.002363 0.238907
0 4 0.819305 0.046618 0.009194 0.003442 0.121441
0 4 0.885870 0.034699 0.010101 0.006370 0.062960
0 4 0.894568 0.031974 0.008921 0.005684 0.058853
0 4 0.854058 0.044637 0.014492 0.008640 0.078173
0 4 0.794231 0.063073 0.018609 0.007977 0.116109
0 4 0.675353 0.080232 0.016273 0.004219 0.223923
4 4 0.392499 0.106526 0.024740 0.005468 0.470767
4 4 0.213370 0.095822 0.020710 0.003716 0.666382
4 4 0.122878 0.092544 0.024378 0.004294 0.755907
4 4 0.088917 0.086342 0.024131 0.004098 0.796511
4 4 0.067789 0.086269 0.028290 0.004955 0.812697
4 4 0.078972 0.092967 0.031729 0.005860 0.790472
4 4 0.066672 0.101481 0.041034 0.007466 0.783347
4 4 0.069583 0.104317 0.038306 0.006064 0.781730
4 2 0.076580 0.089670 0.029239 0.005234 0.799276
4 2 0.061841 0.082510 0.026479 0.004500 0.824671
4 2 0.069886 0.088345 0.029652 0.005292 0.806824
4 2 0.059437 0.087355 0.031750 0.005726 0.815732
4 2 0.063879 0.084901 0.028073 0.004880 0.818266
4 2 0.052695 0.077667 0.024789 0.004068 0.840780
4 2 0.056489 0.077684 0.023755 0.003862 0.838210
4 2 0.069528 0.088767 0.030139 0.005407 0.806159
4 2 0.097412 0.100728 0.035110 0.006855 0.759895
4 2 0.087868 0.096214 0.032779 0.006184 0.776955
4 2 0.095267 0.084522 0.021881 0.003617 0.794714
4 2 0.093889 0.095326 0.030734 0.005705 0.774347
4 2 0.095143 0.089246 0.025416 0.004422 0.785774
4 2 0.096341 0.091906 0.027363 0.004890 0.779500
4 4 0.068485 0.085557 0.027481 0.004769 0.813707
4 4 0.179611 0.137423 0.049623 0.009446 0.623898
4 4 0.259046 0.141791 0.043944 0.007907 0.547312
4 4 0.232451 0.173976 0.059902 0.008534 0.525137
4 4 0.190130 0.202183 0.071748 0.007529 0.528410
4 4 0.159219 0.221862 0.077749 0.006248 0.534921
4 4 0.187522 0.200460 0.068797 0.006962 0.536259
4 4 0.196992 0.124430 0.036917 0.006624 0.635037
4 1 0.285082 0.161065 0.052558 0.008646 0.492649
4 1 0.260641 0.136285 0.041498 0.007772 0.553804
4 1 0.204668 0.116369 0.031608 0.005685 0.641669
4 1 0.204537 0.131248 0.038121 0.006272 0.619821
4 1 0.224548 0.167475 0.050538 0.006331 0.551108
4 1 0.188662 0.200815 0.072294 0.007782 0.530447
4 1 0.174569 0.200467 0.078971 0.009169 0.536824
4 1 0.164038 0.175442 0.072637 0.010754 0.577128
4 1 0.242990 0.203579 0.084274 0.011956 0.457200
4 1 0.275585 0.261869 0.113459 0.011255 0.337832
4 1 0.348063 0.204142 0.067173 0.008019 0.372603
0 1 0.326641 0.250757 0.093339 0.008758 0.320506
4 1 0.261740 0.282916 0.132468 0.012083 0.310794
1 1 0.218670 0.307351 0.192555 0.018616 0.262808
2 1 0.124090 0.322090 0.326045 0.031646 0.196129
2 1 0.072397 0.305874 0.437954 0.040793 0.142982
2 1 0.070226 0.297061 0.400244 0.041340 0.191128
2 1 0.045219 0.257823 0.567398 0.036274 0.093286
2 1 0.036526 0.236195 0.652983 0.025419 0.048876
2 2 0.029668 0.232389 0.661537 0.021853 0.054554
2 2 0.019879 0.196549 0.707882 0.021068 0.054621
2 2 0.021823 0.197570 0.709867 0.022083 0.048657
2 2 0.056062 0.254496 0.584630 0.029635 0.075177
2 2 0.067877 0.257325 0.580666 0.031426 0.062706
2 2 0.058544 0.260705 0.584590 0.029696 0.066465
2 2 0.042305 0.257426 0.615516 0.024705 0.060048
2 2 0.024064 0.218094 0.685573 0.021179 0.051089
2 2 0.017529 0.187558 0.742637 0.018884 0.033392
2 2 0.017489 0.183787 0.749131 0.019899 0.029695
2 2 0.007467 0.124466 0.834168 0.013394 0.020504
2 2 0.004517 0.092387 0.878041 0.010517 0.014539
2 2 0.003863 0.075555 0.895961 0.011534 0.013086
2 2 0.002616 0.048394 0.927157 0.014185 0.007649
2 2 0.005442 0.087723 0.875574 0.014245 0.017016
2 2 0.011522 0.136986 0.791150 0.021795 0.038547
2 2 0.022923 0.203712 0.670406 0.026406 0.076553
2 2 0.017552 0.200275 0.679035 0.023918 0.079220
2 2 0.016309 0.210755 0.671752 0.021812 0.079373
2 2 0.011629 0.184742 0.722892 0.018246 0.062491
2 2 0.031182 0.294956 0.547137 0.021102 0.105623
2 2 0.054887 0.331567 0.449637 0.025985 0.137924
2 2 0.034384 0.274881 0.521157 0.026903 0.142675
2 2 0.020180 0.211275 0.624922 0.029354 0.114269
2 2 0.018004 0.209165 0.638604 0.026604 0.107623
2 2 0.022948 0.236607 0.578676 0.025866 0.135903
2 2 0.023338 0.260966 0.562278 0.021694 0.131725
2 2 0.016871 0.234652 0.623268 0.020459 0.104749
2 2 0.013336 0.207437 0.657089 0.020503 0.101635
2 2 0.010997 0.184023 0.706245 0.018762 0.079974
2 2 0.009589 0.168299 0.742002 0.017215 0.062895
2 2 0.009741 0.161235 0.742986 0.018706 0.067331
2 2 0.009300 0.143580 0.761680 0.020270 0.065170
2 2 0.013163 0.166048 0.704435 0.025541 0.090812
2 2 0.008280 0.103754 0.828305 0.024882 0.034779
2 2 0.007100 0.056714 0.878964 0.045326 0.011896
2 2 0.005587 0.043833 0.891352 0.050335 0.008894
2 2 0.006934 0.045357 0.873390 0.065063 0.009256
2 2 0.006561 0.045989 0.879420 0.059047 0.008982
2 2 0.014751 0.075843 0.821064 0.069789 0.018553
2 2 0.015777 0.076689 0.813533 0.075063 0.018937
2 2 0.015038 0.076598 0.819249 0.069614 0.019501
2 2 0.020048 0.116684 0.790205 0.047453 0.025610
2 2 0.018514 0.129763 0.787903 0.037006 0.026814
2 2 0.019167 0.167611 0.749619 0.026607 0.036997
2 2 0.021022 0.176376 0.732161 0.028322 0.042119
2 2 0.007147 0.079443 0.869859 0.026588 0.016964
2 2 0.008192 0.101307 0.842411 0.022394 0.025696
2 2 0.008506 0.097466 0.845055 0.025447 0.023525
2 2 0.009089 0.089884 0.849697 0.031178 0.020153
2 2 0.008518 0.075555 0.856990 0.040089 0.018849
2 2 0.009679 0.067539 0.848051 0.056953 0.017778
2 2 0.007332 0.043299 0.863253 0.077441 0.008675
2 2 0.007772 0.043059 0.856192 0.083816 0.009161
2 2 0.004170 0.028368 0.885269 0.077247 0.004945
2 2 0.003498 0.030382 0.907890 0.053331 0.004899
2 2 0.004550 0.038769 0.901053 0.049029 0.006598
2 2 0.004724 0.040047 0.900115 0.047753 0.007360
2 2 0.005714 0.047891 0.892863 0.043859 0.009673
2 3 0.006110 0.062215 0.890797 0.030011 0.010868
2 3 0.005979 0.058411 0.891396 0.033650 0.010564
2 3 0.019483 0.134978 0.784145 0.034229 0.027165
2 3 0.030421 0.161533 0.730335 0.044838 0.032873
2 3 0.034081 0.163085 0.717244 0.051199 0.034392
2 3 0.030547 0.149269 0.735712 0.052870 0.031603
2 2 0.017010 0.098870 0.811078 0.056759 0.016283
2 2 0.024365 0.131644 0.768630 0.053033 0.022328
2 2 0.024497 0.158459 0.755702 0.036995 0.024347
2 2 0.027504 0.168597 0.738465 0.037451 0.027982
2 2 0.021094 0.132804 0.779572 0.040104 0.026425
2 2 0.031531 0.177997 0.715649 0.037816 0.037007
2 2 0.036092 0.187135 0.696156 0.040853 0.039764
2 2 0.071314 0.266713 0.557473 0.044479 0.060021
2 2 0.041043 0.237842 0.644452 0.034764 0.041899
2 2 0.073053 0.334723 0.503908 0.027206 0.061111
2 2 0.065761 0.317117 0.508244 0.033610 0.075267
2 2 0.050300 0.282353 0.541371 0.035049 0.090927
2 2 0.038221 0.241979 0.623468 0.033899 0.062433
2 2 0.030162 0.213196 0.683972 0.030750 0.041920
2 2 0.019423 0.174233 0.746464 0.025211 0.034669
2 2 0.024026 0.192669 0.685745 0.032673 0.064887
2 2 0.024881 0.210838 0.658162 0.031486 0.074634
2 2 0.022100 0.201806 0.692359 0.027631 0.056104
2 2 0.011858 0.147175 0.771571 0.022051 0.047345
2 2 0.013446 0.154471 0.739322 0.025889 0.066873
2 2 0.013652 0.152918 0.742540 0.026261 0.064629
2 2 0.014463 0.164640 0.727167 0.025772 0.067957
2 2 0.011162 0.133543 0.786227 0.023085 0.045984
2 2 0.015701 0.160320 0.749471 0.025758 0.048750
2 2 0.019522 0.199504 0.700458 0.025110 0.055406
2 2 0.056817 0.274853 0.549313 0.031369 0.087648
2 0 0.084353 0.264975 0.553061 0.037825 0.059786
2 1 0.197246 0.318294 0.359260 0.036480 0.088721
1 1 0.280881 0.328275 0.265907 0.023143 0.101794
4 1 0.183404 0.284272 0.167190 0.017014 0.348120
1 1 0.238066 0.311237 0.205347 0.020387 0.224964
1 1 0.169508 0.290615 0.246821 0.032215 0.260841
4 1 0.108196 0.278938 0.280022 0.037418 0.295426
4 1 0.112957 0.209908 0.183083 0.039234 0.454818
4 1 0.122566 0.193708 0.130999 0.025506 0.527220
4 1 0.165500 0.187671 0.099265 0.018023 0.529541
4 1 0.167108 0.166018 0.066048 0.010240 0.590586
4 1 0.204911 0.155607 0.053689 0.008568 0.577225
4 1 0.234114 0.192958 0.068470 0.008606 0.495853
4 1 0.314126 0.121624 0.029671 0.005333 0.529245
4 1 0.343877 0.095424 0.018062 0.003422 0.539216
4 1 0.329095 0.090768 0.015784 0.002819 0.561534
4 1 0.266930 0.088901 0.015601 0.002644 0.625923
4 1 0.200606 0.097472 0.022257 0.004054 0.675611
4 1 0.219841 0.080677 0.012777 0.001951 0.684754
4 1 0.163006 0.083683 0.016049 0.002534 0.734728
4 1 0.145285 0.076879 0.013494 0.001980 0.762361
4 1 0.112516 0.092089 0.025222 0.004452 0.765720
4 1 0.106384 0.102823 0.035391 0.006993 0.748410
4 1 0.180828 0.124432 0.046849 0.010976 0.636916
4 1 0.182139 0.145227 0.060971 0.013089 0.598573
4 1 0.149675 0.175265 0.088283 0.015919 0.570858
4 1 0.085388 0.285305 0.223120 0.020101 0.386086
4 1 0.080577 0.305016 0.250169 0.019711 0.344526
4 1 0.060056 0.290831 0.304897 0.027451 0.316766
2 1 0.042411 0.252632 0.366173 0.033509 0.305274
4 1 0.048188 0.225595 0.331767 0.046548 0.347902
4 1 0.068988 0.148532 0.120980 0.031393 0.630107
4 1 0.048117 0.109734 0.069930 0.016480 0.755739
4 1 0.046721 0.114653 0.081579 0.020343 0.736703
4 1 0.040597 0.094053 0.049880 0.010248 0.805222
4 1 0.038377 0.080674 0.033898 0.005909 0.841142
4 1 0.037429 0.078090 0.031270 0.005422 0.847790
4 1 0.024864 0.063542 0.023302 0.003560 0.884732
4 1 0.028689 0.075226 0.033568 0.005860 0.856656
