0 0 0.501764 0.126435 0.015041 0.004273 0.352487
4 0 0.319953 0.105921 0.012670 0.004203 0.557253
4 0 0.243076 0.124099 0.024631 0.008769 0.599426
4 0 0.051842 0.124571 0.052487 0.006386 0.764714
4 0 0.035106 0.135528 0.069312 0.004840 0.755215
4 1 0.030227 0.108789 0.044878 0.003208 0.812898
4 1 0.038922 0.146477 0.080595 0.005985 0.728021
4 1 0.047664 0.142994 0.073935 0.007393 0.728014
4 1 0.057014 0.189664 0.138458 0.013509 0.601355
4 1 0.147350 0.194581 0.097830 0.020854 0.539385
4 1 0.292421 0.197678 0.077756 0.025192 0.406953
0 1 0.349654 0.212098 0.105066 0.041585 0.291597
0 1 0.324778 0.195112 0.146585 0.104046 0.229479
3 1 0.181593 0.131683 0.203596 0.337470 0.145659
3 2 0.092942 0.077027 0.197800 0.556319 0.075912
3 2 0.081974 0.067878 0.190152 0.595847 0.064148
3 2 0.154618 0.115754 0.224785 0.406734 0.098109
3 2 0.151708 0.120805 0.234222 0.389215 0.104050
0 2 0.280919 0.195150 0.182095 0.133931 0.207906
4 2 0.206395 0.218785 0.158674 0.056449 0.359696
4 2 0.162161 0.259158 0.221864 0.039742 0.317074
4 2 0.160416 0.274189 0.216129 0.028654 0.320612
2 4 0.145995 0.301547 0.316179 0.029817 0.206461
2 4 0.119534 0.282025 0.378720 0.035596 0.184125
2 4 0.070058 0.236568 0.386646 0.039671 0.267057
2 4 0.051555 0.180556 0.573786 0.064447 0.129655
2 4 0.088175 0.179071 0.459807 0.132081 0.140865
2 1 0.110217 0.187858 0.387790 0.142379 0.171755
2 1 0.106191 0.141803 0.375297 0.256545 0.120165
2 1 0.087586 0.108815 0.377092 0.348710 0.077797
3 1 0.063642 0.060689 0.242920 0.592048 0.040700
3 1 0.103879 0.088310 0.220633 0.508075 0.079103
3 1 0.083700 0.070201 0.201907 0.584921 0.059271
3 1 0.065402 0.065281 0.259651 0.559766 0.049900
3 1 0.053040 0.058209 0.291439 0.557796 0.039516
3 1 0.077086 0.083369 0.314595 0.459173 0.065776
3 1 0.202706 0.163549 0.207890 0.218689 0.207166
4 4 0.161757 0.203546 0.188839 0.082629 0.363228
4 4 0.108047 0.215853 0.231969 0.060092 0.384040
4 4 0.078650 0.204081 0.161981 0.023092 0.532196
4 4 0.066340 0.147108 0.072985 0.010650 0.702917
4 4 0.063172 0.164588 0.094995 0.011722 0.665522
4 4 0.067247 0.225818 0.184132 0.015438 0.507364
4 4 0.069854 0.250649 0.216891 0.014500 0.448106
4 4 0.089275 0.265546 0.235941 0.018816 0.390421
2 4 0.064162 0.249441 0.389932 0.027667 0.268798
2 4 0.038359 0.186499 0.571753 0.038919 0.164469
2 4 0.043977 0.138822 0.667239 0.071051 0.078912
2 2 0.050495 0.145874 0.655120 0.066481 0.082031
2 2 0.060828 0.177358 0.562649 0.059056 0.140110
2 2 0.042896 0.157930 0.607697 0.055186 0.136291
2 2 0.026780 0.117351 0.729790 0.052651 0.073428
2 2 0.023601 0.112480 0.749242 0.049073 0.065604
2 2 0.027781 0.153833 0.663236 0.036372 0.118779
2 2 0.017362 0.132922 0.745737 0.028698 0.075281
2 2 0.013026 0.127648 0.768491 0.021532 0.069303
2 2 0.009470 0.096344 0.830217 0.021774 0.042196
2 2 0.007796 0.085609 0.851064 0.019748 0.035783
2 2 0.009165 0.084782 0.845953 0.024243 0.035857
2 2 0.007837 0.069190 0.870252 0.025243 0.027478
2 2 0.001274 0.006784 0.848123 0.142402 0.001417
2 2 0.001854 0.008050 0.773534 0.214726 0.001836
2 2 0.001911 0.007624 0.715282 0.273425 0.001757
2 2 0.003109 0.010674 0.685428 0.298009 0.002779
2 2 0.005592 0.016088 0.650812 0.322650 0.004858
2 2 0.007099 0.018730 0.624055 0.344094 0.006021
2 2 0.006773 0.017560 0.601106 0.368958 0.005602
2 2 0.007149 0.016056 0.493772 0.477702 0.005321
3 2 0.008663 0.018303 0.480101 0.486550 0.006383
3 2 0.007572 0.015135 0.414168 0.557904 0.005221
3 2 0.007611 0.014755 0.392867 0.579629 0.005138
3 2 0.005962 0.010547 0.296035 0.683830 0.003625
3 3 0.006411 0.009468 0.211778 0.768830 0.003512
3 3 0.010783 0.011708 0.141909 0.830300 0.005300
3 3 0.009336 0.008672 0.092968 0.884925 0.004099
3 3 0.007514 0.006651 0.074223 0.908501 0.003111
3 3 0.015046 0.012425 0.090468 0.875034 0.007027
3 3 0.018181 0.014984 0.098416 0.859304 0.009114
3 3 0.011221 0.009249 0.077562 0.897066 0.004902
3 3 0.010515 0.008626 0.073509 0.902649 0.004701
3 3 0.013071 0.010729 0.082202 0.887820 0.006177
3 3 0.013614 0.011196 0.084576 0.884211 0.006403
3 3 0.020667 0.016931 0.102050 0.849040 0.011312
3 3 0.016121 0.013221 0.090841 0.871673 0.008144
3 3 0.017407 0.014297 0.094934 0.864487 0.008875
3 3 0.025714 0.021089 0.113753 0.824577 0.014867
3 3 0.019751 0.016172 0.099604 0.853753 0.010721
3 3 0.019885 0.016259 0.099345 0.853569 0.010942
3 3 0.013545 0.011113 0.083504 0.885347 0.006491
3 3 0.012520 0.010269 0.080182 0.891143 0.005885
3 3 0.010416 0.008564 0.073907 0.902561 0.004553
3 3 0.005252 0.004300 0.051071 0.937399 0.001978
3 3 0.005180 0.004239 0.050661 0.937973 0.001947
3 3 0.005179 0.004239 0.050656 0.937979 0.001947
3 3 0.005612 0.004599 0.053071 0.934583 0.002135
3 3 0.008891 0.007315 0.068368 0.911722 0.003704
3 3 0.011006 0.009043 0.075765 0.899273 0.004913
3 3 0.016277 0.013320 0.090428 0.871575 0.008399
3 3 0.014436 0.011816 0.085310 0.881252 0.007186
3 3 0.016733 0.013747 0.093213 0.867889 0.008419
3 3 0.032448 0.026749 0.129414 0.792120 0.019269
3 3 0.036445 0.030113 0.137645 0.773791 0.022005
3 3 0.028825 0.024073 0.129531 0.802776 0.014795
3 3 0.052000 0.043502 0.168538 0.704248 0.031712
3 3 0.072380 0.061088 0.197748 0.622763 0.046022
3 3 0.117638 0.103213 0.244021 0.452363 0.082766
2 3 0.155632 0.163466 0.271708 0.248550 0.160644
3 3 0.044592 0.058234 0.386019 0.479631 0.031524
3 3 0.045915 0.061984 0.392320 0.465858 0.033923
3 3 0.045931 0.061393 0.399170 0.460123 0.033383
3 3 0.042257 0.052288 0.344862 0.532190 0.028403
3 3 0.009534 0.016323 0.343520 0.624486 0.006137
3 3 0.006068 0.010356 0.277925 0.702037 0.003614
3 3 0.003886 0.006657 0.225759 0.761537 0.002162
3 3 0.005058 0.007328 0.180526 0.804447 0.002641
3 3 0.006324 0.007758 0.140954 0.841876 0.003088
3 3 0.007880 0.009751 0.160854 0.817518 0.003997
3 3 0.004583 0.007048 0.195148 0.790777 0.002445
3 3 0.003980 0.006467 0.204397 0.783005 0.002150
3 3 0.004780 0.007081 0.184012 0.801619 0.002508
3 3 0.010201 0.010705 0.127934 0.846286 0.004873
3 3 0.004253 0.005782 0.143814 0.844070 0.002082
3 3 0.004295 0.006006 0.153740 0.833818 0.002141
3 3 0.005442 0.007728 0.179468 0.804526 0.002838
3 3 0.005479 0.007907 0.186442 0.797283 0.002888
3 3 0.005303 0.008001 0.201639 0.782198 0.002859
3 3 0.006916 0.009923 0.206922 0.772474 0.003765
3 3 0.010201 0.013890 0.224286 0.745912 0.005711
3 3 0.019208 0.026065 0.298521 0.644295 0.011912
3 3 0.020736 0.028572 0.317784 0.619741 0.013168
3 3 0.025415 0.036217 0.367588 0.553634 0.017147
3 3 0.025038 0.035406 0.360363 0.562440 0.016753
3 3 0.029033 0.040738 0.376159 0.534203 0.019867
3 3 0.028953 0.040328 0.370878 0.540145 0.019696
3 3 0.029512 0.042636 0.398289 0.508865 0.020697
2 3 0.023772 0.039558 0.467436 0.451457 0.017776
2 3 0.018588 0.033025 0.477451 0.457021 0.013916
2 3 0.013432 0.026725 0.510416 0.439130 0.010297
2 3 0.005241 0.013826 0.567032 0.409731 0.004170
2 3 0.003459 0.011435 0.674753 0.307294 0.003060
2 3 0.003363 0.011748 0.713319 0.268460 0.003110
2 3 0.003476 0.011765 0.694532 0.287082 0.003145
2 3 0.003245 0.010525 0.647015 0.336432 0.002783
2 3 0.004220 0.011993 0.587467 0.392904 0.003416
2 3 0.005457 0.014338 0.571375 0.404466 0.004364
3 3 0.008740 0.017941 0.459190 0.507818 0.006311
3 3 0.012709 0.019785 0.324937 0.634516 0.008054
3 3 0.021090 0.029800 0.335689 0.599752 0.013668
3 3 0.017505 0.025425 0.326909 0.618975 0.011186
3 3 0.018317 0.030676 0.430784 0.507155 0.013069
3 3 0.016897 0.026515 0.372140 0.573123 0.011325
3 3 0.019579 0.030555 0.390779 0.545656 0.013431
3 3 0.024340 0.033558 0.340054 0.586133 0.015915
3 3 0.042535 0.054005 0.361877 0.512417 0.029167
3 3 0.036560 0.048794 0.374581 0.514836 0.025229
3 3 0.034653 0.047465 0.384567 0.509198 0.024117
2 2 0.040443 0.060366 0.464750 0.403380 0.031061
2 2 0.034087 0.054366 0.489392 0.395555 0.026600
2 2 0.029192 0.064287 0.644267 0.232327 0.029927
2 2 0.021322 0.054172 0.710867 0.190525 0.023114
2 2 0.013717 0.039355 0.769621 0.162466 0.014842
2 2 0.008252 0.026987 0.800089 0.155748 0.008924
2 2 0.007173 0.023123 0.774737 0.187599 0.007368
2 2 0.013392 0.034670 0.712425 0.226575 0.012939
2 2 0.034243 0.064307 0.606151 0.264458 0.030841
2 0 0.068407 0.094749 0.545109 0.248783 0.042951
2 0 0.136950 0.123966 0.413344 0.273696 0.052045
0 0 0.444668 0.185901 0.173889 0.120022 0.075520
0 0 0.675520 0.168277 0.058093 0.019577 0.078533
0 0 0.781769 0.131553 0.028454 0.006941 0.051282
0 0 0.847423 0.100726 0.014457 0.002751 0.034642
0 0 0.859919 0.096849 0.015207 0.002839 0.025186
0 0 0.906998 0.068028 0.005968 0.000823 0.018183
0 0 0.919889 0.056560 0.003192 0.000372 0.019987
0 0 0.933802 0.048356 0.002292 0.000237 0.015313
0 0 0.915169 0.057773 0.003106 0.000365 0.023587
0 0 0.922728 0.057246 0.003786 0.000452 0.015787
0 1 0.883721 0.078595 0.007166 0.001093 0.029425
0 1 0.853444 0.097344 0.013159 0.002428 0.033624
0 0 0.826552 0.099805 0.010400 0.001918 0.061325
0 0 0.603252 0.174262 0.035004 0.007630 0.179852
0 0 0.446313 0.203423 0.048518 0.009072 0.292674
0 0 0.491445 0.182166 0.039731 0.009505 0.277152
0 0 0.537224 0.153409 0.026583 0.007735 0.275048
0 0 0.512658 0.166271 0.032580 0.008912 0.279579
0 0 0.400414 0.196137 0.052037 0.012363 0.339050
4 0 0.233175 0.246175 0.106428 0.015239 0.398983
4 1 0.127288 0.252300 0.152509 0.014915 0.452988
2 1 0.041565 0.259325 0.350476 0.014655 0.333979
2 1 0.030444 0.243512 0.454499 0.017919 0.253627
2 1 0.019311 0.172850 0.680375 0.023466 0.103998
2 1 0.016132 0.115636 0.779368 0.033073 0.055790
2 2 0.019767 0.118413 0.761972 0.041180 0.058668
2 2 0.028030 0.142234 0.702747 0.050038 0.076952
2 2 0.032135 0.129006 0.688059 0.081532 0.069268
2 2 0.032388 0.096171 0.668047 0.154663 0.048731
2 2 0.030110 0.081254 0.674911 0.174345 0.039380
2 2 0.029116 0.097299 0.713285 0.112032 0.048269
2 2 0.023675 0.104688 0.759393 0.061007 0.051237
2 2 0.016815 0.071924 0.810417 0.069792 0.031052
2 2 0.007989 0.028300 0.837556 0.116818 0.009337
2 2 0.005286 0.022189 0.877516 0.088352 0.006657
2 2 0.004822 0.022004 0.892514 0.074140 0.006520
2 2 0.003863 0.018567 0.904229 0.068142 0.005200
2 2 0.003537 0.017028 0.899928 0.074856 0.004650
2 2 0.002844 0.014240 0.899100 0.080139 0.003677
2 2 0.003004 0.014849 0.898340 0.079920 0.003887
2 2 0.005420 0.023246 0.886451 0.077837 0.007047
2 2 0.005965 0.028147 0.892976 0.063966 0.008946
2 2 0.006343 0.030081 0.890998 0.062828 0.009750
2 2 0.007799 0.029476 0.856302 0.096677 0.009747
2 2 0.009314 0.031491 0.828227 0.120178 0.010791
2 2 0.013274 0.054823 0.833611 0.076539 0.021752
2 2 0.018334 0.079509 0.800495 0.066225 0.035438
2 2 0.020662 0.079602 0.782883 0.080850 0.036003
2 2 0.022815 0.065928 0.739612 0.142423 0.029222
2 2 0.023232 0.063386 0.734722 0.150706 0.027953
2 2 0.023908 0.059497 0.717772 0.172724 0.026099
2 2 0.022241 0.050625 0.687860 0.217721 0.021552
2 2 0.008499 0.024692 0.728554 0.230043 0.008212
2 2 0.005215 0.016247 0.701590 0.272152 0.004795
2 2 0.005080 0.018019 0.789334 0.182297 0.005270
2 2 0.007724 0.026255 0.814248 0.143222 0.008551
2 2 0.006879 0.024711 0.831313 0.129264 0.007834
2 2 0.005043 0.019031 0.824907 0.145447 0.005572
2 2 0.003315 0.013937 0.835546 0.143522 0.003679
2 2 0.003014 0.012968 0.836927 0.143746 0.003344
2 2 0.003737 0.014244 0.792666 0.185492 0.003861
2 2 0.002978 0.010729 0.715768 0.267770 0.002756
2 2 0.003966 0.012432 0.656997 0.323158 0.003447
2 2 0.005387 0.014753 0.603337 0.372075 0.004448
2 2 0.005791 0.015923 0.620307 0.353107 0.004872
2 2 0.007542 0.017961 0.551242 0.417312 0.005944
2 2 0.007509 0.017435 0.529732 0.439532 0.005793
2 2 0.010237 0.023156 0.565238 0.393133 0.008236
2 2 0.009977 0.024150 0.615383 0.342034 0.008456
2 2 0.005649 0.016093 0.644653 0.328729 0.004876
2 2 0.002654 0.008775 0.624139 0.362216 0.002217
2 2 0.002315 0.007926 0.626611 0.361212 0.001936
2 2 0.002142 0.007542 0.634953 0.353558 0.001805
2 2 0.005466 0.015352 0.626998 0.347558 0.004626
2 2 0.008035 0.020066 0.601918 0.363305 0.006676
2 2 0.009938 0.025081 0.647949 0.308299 0.008733
2 2 0.012555 0.029161 0.622025 0.325459 0.010801
2 2 0.019265 0.042201 0.643680 0.277492 0.017362
2 2 0.011865 0.028657 0.643197 0.305846 0.010434
2 2 0.010201 0.026125 0.663692 0.290843 0.009139
2 2 0.014051 0.034294 0.677425 0.261248 0.012982
2 2 0.008385 0.022689 0.673558 0.287818 0.007551
2 2 0.005972 0.018621 0.724894 0.244840 0.005673
2 2 0.004654 0.015551 0.735199 0.240145 0.004452
2 2 0.004412 0.015213 0.749313 0.226766 0.004296
2 2 0.003895 0.012850 0.694855 0.284869 0.003532
2 2 0.003128 0.010159 0.641186 0.342864 0.002664
2 2 0.001577 0.005918 0.628089 0.363099 0.001316
2 2 0.003129 0.010206 0.644765 0.339225 0.002675
2 2 0.005366 0.015246 0.632981 0.341838 0.004569
2 2 0.006695 0.016662 0.565194 0.406110 0.005339
2 2 0.005795 0.014042 0.516004 0.459765 0.004394
3 2 0.004834 0.011464 0.465131 0.515090 0.003482
2 2 0.006551 0.015169 0.502195 0.471175 0.004909
2 2 0.003661 0.009657 0.498395 0.485573 0.002714
2 2 0.005702 0.014521 0.553840 0.421453 0.004484
2 2 0.003893 0.011537 0.606921 0.374438 0.003210
2 2 0.004078 0.012457 0.641058 0.338921 0.003486
2 2 0.004218 0.013848 0.705171 0.272885 0.003878
2 2 0.008911 0.025343 0.720480 0.236734 0.008532
2 2 0.009099 0.027061 0.754035 0.200653 0.009152
2 2 0.015316 0.041484 0.756402 0.170763 0.016035
2 2 0.013926 0.042664 0.796254 0.130890 0.016266
2 2 0.006095 0.020856 0.790921 0.175745 0.006384
2 2 0.004610 0.016987 0.800124 0.173428 0.004852
2 2 0.009430 0.029096 0.781398 0.170138 0.009939
2 2 0.016153 0.040506 0.714723 0.212760 0.015859
2 2 0.023515 0.052017 0.675273 0.226716 0.022480
2 2 0.049685 0.082992 0.557677 0.265323 0.044323
2 2 0.102215 0.130691 0.444104 0.235095 0.087895
0 2 0.250264 0.196939 0.212725 0.111358 0.228715
0 2 0.467414 0.179973 0.055046 0.022394 0.275174
0 2 0.445754 0.214325 0.069673 0.016940 0.253307
0 2 0.386551 0.240799 0.082062 0.013630 0.276958
0 2 0.344671 0.258975 0.120080 0.021433 0.254840
0 2 0.494165 0.216031 0.082366 0.022799 0.184639
0 0 0.437470 0.237877 0.100877 0.022982 0.200793
0 0 0.485248 0.212004 0.072150 0.019011 0.211587
0 0 0.592709 0.165920 0.038599 0.012669 0.190103
0 0 0.585512 0.167452 0.039889 0.013291 0.193856
0 0 0.579276 0.182829 0.047743 0.013317 0.176835
1 1 0.199056 0.324042 0.245092 0.018931 0.212879
2 1 0.094290 0.315102 0.400073 0.018935 0.171600
2 0 0.026974 0.165674 0.728822 0.021818 0.056712
2 0 0.013558 0.100448 0.820218 0.026423 0.039353
2 0 0.016319 0.098295 0.799332 0.040528 0.045525
2 0 0.022347 0.105788 0.765268 0.055025 0.051571
2 0 0.034526 0.136589 0.694880 0.063003 0.071002
2 0 0.073255 0.236212 0.534752 0.041383 0.114397
1 0 0.165485 0.301765 0.258917 0.025513 0.248320
4 0 0.242444 0.275156 0.150134 0.020307 0.311959
0 0 0.371316 0.248966 0.087739 0.013296 0.278683
0 0 0.328658 0.285792 0.126605 0.014273 0.244672
2 0 0.045049 0.152273 0.721095 0.036105 0.045478
2 0 0.044988 0.140667 0.731924 0.040547 0.041874
2 1 0.031392 0.128124 0.774617 0.030018 0.035850
2 0 0.023110 0.110811 0.797315 0.032529 0.036235
2 0 0.028340 0.131322 0.770694 0.029173 0.040471
2 0 0.033040 0.131027 0.733541 0.048245 0.054146
2 0 0.041553 0.154721 0.678474 0.054286 0.070967
2 1 0.039307 0.145159 0.654431 0.078661 0.082442
2 1 0.039947 0.153706 0.647038 0.070477 0.088831
2 1 0.038661 0.186654 0.630100 0.043248 0.101336
2 1 0.039751 0.186394 0.604256 0.048816 0.120783
2 1 0.036496 0.141665 0.663535 0.079084 0.079220
2 1 0.034788 0.114665 0.678539 0.111445 0.060564
2 1 0.027634 0.107706 0.725626 0.084830 0.054205
2 1 0.024896 0.111900 0.744655 0.062514 0.056034
2 1 0.017716 0.079400 0.799065 0.068549 0.035270
2 1 0.015799 0.071077 0.819697 0.063040 0.030386
2 2 0.013060 0.049862 0.826104 0.091587 0.019388
2 2 0.011588 0.043700 0.836514 0.091882 0.016316
2 2 0.009186 0.036314 0.857231 0.084545 0.012724
2 2 0.008403 0.036746 0.874535 0.067548 0.012768
2 2 0.007493 0.032219 0.875456 0.074054 0.010777
2 2 0.006832 0.033336 0.891335 0.057384 0.011115
2 2 0.006086 0.030749 0.899306 0.053891 0.009967
2 2 0.006090 0.026777 0.885930 0.072756 0.008446
2 2 0.004485 0.019196 0.873410 0.097396 0.005512
2 2 0.003798 0.016241 0.858675 0.116832 0.004454
2 2 0.003772 0.016400 0.865640 0.109691 0.004497
2 2 0.006150 0.023477 0.850037 0.113075 0.007261
2 2 0.009370 0.031333 0.823541 0.125013 0.010743
2 2 0.012107 0.040038 0.813235 0.119807 0.014813
2 2 0.023926 0.082841 0.786656 0.073582 0.032995
2 2 0.034615 0.132609 0.736273 0.045629 0.050875
2 2 0.043888 0.169899 0.673974 0.042482 0.069757
2 2 0.034007 0.160328 0.689491 0.041527 0.074647
2 2 0.031492 0.139188 0.719255 0.046740 0.063325
2 2 0.017457 0.095478 0.799066 0.044492 0.043506
2 2 0.014345 0.079477 0.825304 0.046365 0.034509
2 2 0.011336 0.049325 0.842968 0.077542 0.018829
2 2 0.005647 0.021675 0.845145 0.120982 0.006552
2 2 0.002674 0.012104 0.850038 0.132148 0.003036
2 2 0.002167 0.010078 0.839628 0.145730 0.002396
2 2 0.002890 0.011475 0.781668 0.201048 0.002919
2 2 0.005232 0.016558 0.714087 0.259236 0.004886
2 2 0.007890 0.020201 0.618878 0.346360 0.006671
2 2 0.004871 0.013526 0.595786 0.381833 0.003984
2 2 0.004056 0.011619 0.586501 0.394546 0.003278
2 2 0.005015 0.013660 0.585227 0.392037 0.004061
2 2 0.006631 0.016235 0.549874 0.422054 0.005207
2 2 0.003617 0.009861 0.523129 0.460648 0.002745
2 2 0.002862 0.008496 0.548396 0.438026 0.002220
2 2 0.001711 0.005756 0.551843 0.439364 0.001326
2 2 0.001800 0.006238 0.587211 0.403308 0.001444
2 2 0.001806 0.006568 0.628672 0.361445 0.001509
2 2 0.001517 0.005987 0.662646 0.328538 0.001312
2 2 0.001362 0.005480 0.657811 0.334175 0.001171
2 2 0.001356 0.005265 0.626781 0.365468 0.001129
2 2 0.001682 0.006397 0.651911 0.338570 0.001440
2 2 0.002958 0.009772 0.644560 0.340184 0.002527
2 2 0.005509 0.015375 0.623298 0.351173 0.004645
3 2 0.004799 0.007917 0.231537 0.753053 0.002694
3 2 0.004949 0.007004 0.169768 0.815740 0.002539
3 2 0.005280 0.006281 0.119819 0.866155 0.002466
3 2 0.006252 0.005941 0.079022 0.906160 0.002626
3 2 0.008022 0.006743 0.068314 0.913666 0.003255
3 2 0.008473 0.006984 0.067279 0.913838 0.003426
3 2 0.011838 0.009735 0.078861 0.894209 0.005356
3 2 0.010865 0.008931 0.075378 0.900006 0.004820
3 3 0.011552 0.009529 0.078931 0.894931 0.005058
3 3 0.014163 0.011732 0.088960 0.878808 0.006337
3 3 0.013277 0.011017 0.086802 0.883157 0.005748
3 3 0.013098 0.010866 0.086144 0.884233 0.005658
3 3 0.012070 0.010001 0.082269 0.890511 0.005149
3 3 0.009389 0.007751 0.071344 0.907659 0.003856
3 3 0.007197 0.005919 0.061266 0.922777 0.002840
3 3 0.006017 0.004935 0.055252 0.931484 0.002312
3 3 0.004442 0.003627 0.046330 0.943969 0.001632
3 3 0.004057 0.003309 0.043950 0.947212 0.001471
3 3 0.003317 0.002698 0.039072 0.953746 0.001168
3 3 0.002118 0.001711 0.030024 0.965449 0.000699
3 3 0.001646 0.001325 0.025877 0.970628 0.000524
3 3 0.002458 0.001990 0.032773 0.961950 0.000829
3 3 0.005236 0.004286 0.050980 0.937527 0.001971
3 3 0.004756 0.003887 0.048207 0.941385 0.001765
3 3 0.006683 0.005489 0.058703 0.926516 0.002608
3 3 0.005042 0.004125 0.049875 0.939070 0.001888
3 3 0.007057 0.005799 0.060485 0.923874 0.002785
3 3 0.009063 0.007456 0.069068 0.910622 0.003792
3 3 0.010328 0.008494 0.073674 0.903010 0.004494
3 3 0.008146 0.006696 0.065141 0.916679 0.003338
3 3 0.008960 0.007363 0.068325 0.911579 0.003774
3 3 0.008922 0.007314 0.067437 0.912493 0.003835
3 3 0.008357 0.006871 0.066081 0.915250 0.003440
3 3 0.007230 0.005946 0.061427 0.922541 0.002855
3 3 0.004711 0.003851 0.047946 0.941745 0.001746
3 3 0.006013 0.004931 0.055229 0.931517 0.002310
3 3 0.012166 0.010055 0.081709 0.890758 0.005313
3 3 0.018557 0.015461 0.104100 0.853343 0.008539
3 3 0.024462 0.025238 0.190775 0.746292 0.013232
3 3 0.020321 0.033536 0.436579 0.494933 0.014632
2 2 0.016486 0.036323 0.625029 0.307764 0.014398
2 2 0.022129 0.085688 0.775042 0.077435 0.039706
2 2 0.020213 0.105308 0.775771 0.047983 0.050724
2 2 0.013045 0.084472 0.828583 0.037027 0.036873
2 2 0.011906 0.085226 0.832996 0.032909 0.036962
2 2 0.015980 0.138831 0.731840 0.022938 0.090412
2 2 0.017928 0.165780 0.670309 0.019694 0.126289
2 2 0.026484 0.224469 0.419594 0.013346 0.316107
4 4 0.036648 0.219937 0.231622 0.011039 0.500754
4 4 0.041179 0.207821 0.185698 0.010815 0.554487
4 4 0.033196 0.192206 0.156690 0.007282 0.610626
4 4 0.025800 0.171833 0.124873 0.004577 0.672919
4 4 0.026041 0.190761 0.161144 0.005445 0.616609
4 4 0.030133 0.204468 0.188236 0.007302 0.569862
4 4 0.032587 0.227691 0.258710 0.010368 0.470643
4 4 0.029225 0.234834 0.300544 0.010314 0.425083
4 4 0.028910 0.236202 0.309719 0.010471 0.414698
4 4 0.025277 0.224318 0.260204 0.007501 0.482701
4 4 0.028399 0.233488 0.295209 0.009767 0.433136
4 4 0.031074 0.221363 0.237216 0.009063 0.501284
4 4 0.021207 0.026265 0.002972 0.000606 0.948950
4 4 0.020116 0.037339 0.005888 0.000763 0.935894
4 4 0.020861 0.053713 0.011805 0.001084 0.912537
4 4 0.026541 0.070690 0.019328 0.001828 0.881613
4 4 0.034376 0.081916 0.024716 0.002829 0.856162
4 4 0.038221 0.091102 0.030022 0.003544 0.837111
4 4 0.032630 0.080415 0.024042 0.002617 0.860297
4 4 0.033056 0.087550 0.028425 0.002877 0.848092
4 4 0.034513 0.105686 0.041305 0.003637 0.814859
4 4 0.041884 0.110760 0.044001 0.004791 0.798564
4 4 0.049696 0.103074 0.036919 0.005458 0.804853
4 4 0.062647 0.119784 0.048626 0.008423 0.760522
4 4 0.131252 0.150188 0.051375 0.010996 0.656189
4 4 0.141368 0.217273 0.108377 0.015261 0.517721
4 0 0.184822 0.255619 0.139628 0.018493 0.401438
2 1 0.206950 0.284599 0.334975 0.034475 0.139001
0 1 0.350699 0.266871 0.241699 0.039254 0.101477
2 1 0.201819 0.253176 0.413110 0.047089 0.084806
0 1 0.410905 0.245590 0.150095 0.041103 0.152307
0 1 0.374620 0.257713 0.183811 0.039829 0.144027
0 0 0.310772 0.286040 0.188818 0.029646 0.184724
0 0 0.290691 0.284049 0.168369 0.024788 0.232104
4 1 0.173796 0.271995 0.190204 0.025220 0.338785
4 1 0.065780 0.250953 0.290043 0.024056 0.369167
4 1 0.065887 0.242159 0.299901 0.030328 0.361725
4 4 0.069462 0.235812 0.264956 0.029226 0.400545
2 4 0.075148 0.243038 0.323239 0.040502 0.318073
4 4 0.070660 0.231995 0.246870 0.028004 0.422472
4 4 0.065194 0.222535 0.213616 0.022126 0.476529
4 4 0.065792 0.228739 0.234860 0.024272 0.446338
4 4 0.074397 0.216696 0.193980 0.024514 0.490413
4 4 0.090414 0.199181 0.150124 0.026465 0.533816
4 4 0.099604 0.225816 0.247681 0.041860 0.385038
4 4 0.145299 0.265921 0.252318 0.032761 0.303699
2 0 0.200008 0.295643 0.296508 0.028596 0.179245
1 1 0.239313 0.317475 0.267115 0.022157 0.153941
1 1 0.237917 0.326437 0.219101 0.017110 0.199436
1 1 0.165015 0.345631 0.259360 0.012392 0.217602
1 1 0.142437 0.346182 0.285079 0.012249 0.214053
1 1 0.159524 0.346459 0.262204 0.012047 0.219766
1 1 0.230532 0.338906 0.199456 0.011649 0.219457
1 1 0.268249 0.330601 0.200190 0.014506 0.186454
1 0 0.236785 0.325756 0.213791 0.016597 0.207070
1 1 0.203889 0.309795 0.273314 0.026154 0.186848
2 1 0.115521 0.238621 0.520086 0.039737 0.086034
2 1 0.145064 0.265940 0.429711 0.040226 0.119059
2 1 0.137176 0.289460 0.397644 0.034336 0.141384
2 1 0.063849 0.226324 0.567301 0.038303 0.104223
2 1 0.061870 0.223846 0.557937 0.041825 0.114521
2 1 0.058685 0.231605 0.550679 0.036017 0.123014
2 1 0.041249 0.216791 0.621350 0.026637 0.093974
2 1 0.039922 0.198498 0.656364 0.027366 0.077850
2 1 0.034520 0.164221 0.713670 0.029655 0.057934
2 1 0.031004 0.156343 0.732427 0.027330 0.052896
2 1 0.038070 0.183192 0.685840 0.027707 0.065192
2 1 0.058651 0.231817 0.576006 0.029366 0.104160
2 1 0.050641 0.222965 0.556333 0.032826 0.137235
2 1 0.052838 0.229373 0.487391 0.036396 0.194001
2 1 0.048058 0.240316 0.393738 0.027468 0.290420
4 1 0.054442 0.239183 0.288491 0.022690 0.395194
2 1 0.216900 0.260959 0.274505 0.051424 0.196212
2 1 0.205053 0.271694 0.329912 0.045689 0.147652
2 0 0.157121 0.274024 0.441997 0.034109 0.092750
2 0 0.114339 0.271125 0.513721 0.025486 0.075328
2 0 0.031365 0.150899 0.754488 0.022427 0.040820
2 0 0.033357 0.146446 0.753725 0.025837 0.040636
2 0 0.013357 0.084985 0.851430 0.024341 0.025887
2 0 0.010309 0.066038 0.877181 0.026286 0.020186
2 1 0.012056 0.072838 0.866466 0.026699 0.021941
2 1 0.009575 0.054750 0.890502 0.029324 0.015849
2 1 0.008892 0.051393 0.896375 0.028759 0.014582
2 1 0.014121 0.053666 0.871700 0.045122 0.015390
2 1 0.012826 0.050279 0.873451 0.048062 0.015382
2 1 0.013221 0.049575 0.856827 0.063428 0.016950
2 1 0.010695 0.038251 0.846591 0.090698 0.013765
2 1 0.015320 0.045524 0.824728 0.098427 0.016002
2 1 0.040577 0.085704 0.769944 0.077575 0.026200
2 1 0.038337 0.075664 0.770061 0.093359 0.022580
2 1 0.021124 0.053279 0.798855 0.108933 0.017809
2 1 0.023562 0.059221 0.799148 0.098114 0.019955
2 0 0.039054 0.098415 0.770436 0.061665 0.030430
2 1 0.033632 0.106913 0.790591 0.040096 0.028767
2 1 0.040957 0.126296 0.761434 0.037822 0.033491
2 1 0.026252 0.094675 0.815123 0.037895 0.026054
2 1 0.020149 0.079504 0.841332 0.036977 0.022037
2 2 0.027326 0.091627 0.811792 0.043141 0.026114
2 2 0.039443 0.100143 0.782739 0.051029 0.026646
2 2 0.030889 0.079724 0.796678 0.068416 0.024292
2 2 0.023811 0.070271 0.812091 0.070839 0.022988
2 2 0.018506 0.057697 0.837125 0.068506 0.018166
2 2 0.025548 0.069066 0.823178 0.062666 0.019542
2 2 0.029912 0.083003 0.816179 0.049143 0.021763
2 2 0.019492 0.063112 0.846352 0.052502 0.018543
2 2 0.010671 0.036588 0.856951 0.083891 0.011900
2 2 0.006711 0.025308 0.851625 0.108348 0.008009
2 2 0.006848 0.024535 0.829607 0.131242 0.007767
2 2 0.007798 0.026335 0.811788 0.145484 0.008595
2 2 0.003716 0.014929 0.823875 0.153431 0.004049
2 2 0.003578 0.014791 0.835237 0.142414 0.003980
2 2 0.004301 0.017341 0.842539 0.130928 0.004891
2 2 0.004414 0.017740 0.843552 0.129258 0.005037
2 2 0.004967 0.019255 0.837461 0.132691 0.005626
2 2 0.003570 0.014333 0.818446 0.159803 0.003847
2 2 0.003657 0.013949 0.790018 0.188616 0.003761
2 2 0.003197 0.012384 0.780327 0.200863 0.003229
2 2 0.003464 0.012677 0.753212 0.227274 0.003373
2 2 0.002653 0.009869 0.719876 0.265138 0.002464
2 2 0.004358 0.013674 0.675213 0.302883 0.003872
2 2 0.005093 0.015112 0.658788 0.316553 0.004455
2 2 0.007238 0.019188 0.631496 0.335887 0.006191
2 2 0.006062 0.016779 0.634201 0.337778 0.005180
2 2 0.007947 0.020462 0.624753 0.340076 0.006763
2 2 0.006426 0.018205 0.663609 0.306081 0.005679
2 2 0.005927 0.016856 0.652090 0.319964 0.005162
2 2 0.003677 0.012074 0.680604 0.300367 0.003277
2 2 0.003744 0.011669 0.641431 0.339959 0.003198
2 2 0.003302 0.010268 0.615232 0.368457 0.002740
2 2 0.003133 0.009467 0.580921 0.403967 0.002511
2 2 0.002351 0.007563 0.577244 0.410970 0.001872
2 2 0.003709 0.010939 0.593523 0.388813 0.003016
2 2 0.009394 0.021616 0.563556 0.397904 0.007530
2 2 0.008343 0.018745 0.522469 0.444040 0.006403
2 2 0.011864 0.025430 0.548062 0.405228 0.009416
2 2 0.035354 0.058875 0.525545 0.351391 0.028835
2 2 0.084961 0.108368 0.524077 0.233334 0.049261
2 2 0.114937 0.121046 0.468323 0.243721 0.051973
2 2 0.215479 0.172326 0.381179 0.162854 0.068162
0 2 0.474576 0.211352 0.149953 0.062796 0.101324
0 2 0.384163 0.269269 0.172970 0.033404 0.140195
0 2 0.281827 0.277106 0.170621 0.028320 0.242127
2 0 0.115616 0.278934 0.288510 0.030349 0.286591
4 0 0.060618 0.245520 0.322201 0.025313 0.346348
2 0 0.032288 0.207672 0.582798 0.024873 0.152369
2 0 0.024005 0.172095 0.654521 0.028122 0.121256
2 0 0.013074 0.103462 0.806511 0.029431 0.047522
2 2 0.012556 0.102810 0.808651 0.027949 0.048034
2 2 0.008280 0.077080 0.859170 0.023905 0.031565
2 2 0.005402 0.060511 0.892837 0.018700 0.022549
2 2 0.005976 0.057977 0.892334 0.022138 0.021576
2 2 0.006929 0.058853 0.885934 0.026021 0.022263
2 2 0.007441 0.048775 0.891284 0.034706 0.017794
2 2 0.006125 0.042143 0.904958 0.032149 0.014625
2 2 0.007905 0.041881 0.890360 0.044994 0.014859
2 2 0.008642 0.031082 0.849473 0.100301 0.010503
2 2 0.007893 0.026200 0.803646 0.153692 0.008569
2 2 0.007735 0.026411 0.816780 0.140466 0.008608
2 2 0.006963 0.024565 0.823343 0.137327 0.007802
2 2 0.006995 0.028309 0.870482 0.085044 0.009169
2 2 0.006469 0.032859 0.893504 0.056302 0.010866
2 2 0.005534 0.030425 0.906551 0.047739 0.009751
2 2 0.005499 0.025847 0.889545 0.071095 0.008014
2 2 0.004699 0.021390 0.897794 0.069834 0.006283
2 2 0.004190 0.018833 0.887163 0.084473 0.005341
2 2 0.003618 0.016575 0.883918 0.091367 0.004522
2 2 0.002095 0.010415 0.870111 0.114911 0.002468
2 2 0.001517 0.007898 0.857441 0.131421 0.001724
2 2 0.000693 0.004121 0.830586 0.163860 0.000740
2 2 0.000534 0.002990 0.745728 0.250243 0.000504
2 2 0.000665 0.003343 0.702197 0.293199 0.000597
2 2 0.000846 0.003866 0.670240 0.324313 0.000734
2 2 0.000933 0.004221 0.680944 0.313082 0.000820
2 2 0.001330 0.005346 0.652285 0.339903 0.001136
2 2 0.001763 0.006499 0.634993 0.355262 0.001484
2 2 0.002404 0.008079 0.618516 0.369007 0.001994
2 2 0.001919 0.006812 0.620300 0.369377 0.001591
2 2 0.002279 0.007481 0.588211 0.400196 0.001833
2 2 0.002263 0.007293 0.571170 0.417484 0.001790
2 2 0.001849 0.006691 0.628921 0.360992 0.001547
2 2 0.001368 0.005435 0.647971 0.344063 0.001164
2 2 0.001850 0.006805 0.642647 0.347128 0.001570
2 2 0.001917 0.006497 0.580554 0.409503 0.001529
2 2 0.002592 0.008108 0.572742 0.414501 0.002057
2 2 0.002081 0.007428 0.640679 0.348047 0.001764
2 2 0.001727 0.006388 0.633737 0.356697 0.001451
2 2 0.001712 0.006462 0.649448 0.340917 0.001461
2 2 0.001869 0.006560 0.605394 0.384651 0.001527
2 2 0.001460 0.005334 0.589835 0.402198 0.001173
2 3 0.001366 0.004709 0.527440 0.465452 0.001033
3 3 0.001865 0.005723 0.492644 0.498400 0.001367
3 3 0.001675 0.004998 0.449781 0.542367 0.001179
2 3 0.002387 0.007081 0.512324 0.476421 0.001787
2 3 0.002420 0.007212 0.518748 0.469798 0.001823
2 3 0.005370 0.015246 0.632496 0.342318 0.004570
2 3 0.009579 0.026571 0.713366 0.241373 0.009112
2 3 0.015691 0.050966 0.781659 0.131232 0.020452
2 3 0.016319 0.056959 0.789063 0.114227 0.023433
2 3 0.017340 0.091170 0.802406 0.047384 0.041700
2 3 0.014498 0.097595 0.807733 0.035574 0.044600
2 3 0.014450 0.099196 0.806070 0.034779 0.045505
2 2 0.012941 0.092526 0.820180 0.033081 0.041273
2 2 0.014310 0.097113 0.805810 0.038501 0.044266
2 2 0.015083 0.114369 0.782087 0.029913 0.058549
2 2 0.021151 0.156378 0.686116 0.027151 0.109205
2 2 0.017816 0.155822 0.700387 0.022764 0.103211
2 2 0.020827 0.167310 0.670018 0.024547 0.117298
2 2 0.022983 0.177221 0.646049 0.025327 0.128420
2 2 0.021967 0.151771 0.702892 0.031898 0.091471
2 2 0.016388 0.132356 0.754624 0.028150 0.068481
2 2 0.013056 0.097200 0.814220 0.031590 0.043934
2 2 0.011148 0.074501 0.845348 0.037917 0.031086
2 2 0.008416 0.060359 0.873873 0.033990 0.023363
2 2 0.008276 0.043742 0.872611 0.059623 0.015747
2 2 0.005858 0.024025 0.864463 0.098244 0.007411
2 2 0.004462 0.018681 0.863757 0.107758 0.005342
2 2 0.004726 0.020590 0.883841 0.084828 0.006015
2 2 0.005754 0.023666 0.875401 0.087926 0.007252
2 2 0.003879 0.016816 0.866852 0.107808 0.004645
2 2 0.001908 0.008841 0.820775 0.166442 0.002034
2 2 0.001997 0.009411 0.836763 0.149636 0.002192
2 2 0.002569 0.011419 0.835503 0.147679 0.002830
2 2 0.005419 0.021726 0.861133 0.105199 0.006524
2 2 0.006424 0.022672 0.815153 0.148704 0.007047
2 2 0.011904 0.042102 0.815389 0.114898 0.015706
2 2 0.015630 0.078183 0.816545 0.055520 0.034122
2 2 0.036642 0.175304 0.677907 0.035226 0.074921
2 2 0.127082 0.261273 0.480149 0.038131 0.093365
0 2 0.319216 0.271474 0.200435 0.041775 0.167100
0 0 0.425399 0.231483 0.125532 0.040045 0.177541
0 0 0.566837 0.187781 0.067891 0.025912 0.151579
0 0 0.661209 0.153598 0.030844 0.008943 0.145407
0 0 0.623697 0.126921 0.014405 0.003606 0.231372
0 0 0.539670 0.133425 0.017391 0.004945 0.304569
4 0 0.144449 0.071172 0.009676 0.004084 0.770619
4 1 0.069500 0.058694 0.011442 0.004843 0.855521
4 4 0.041092 0.077801 0.021634 0.003327 0.856145
4 4 0.033035 0.081082 0.024387 0.002675 0.858821
4 4 0.066775 0.073726 0.018018 0.005660 0.835822
4 0 0.094466 0.073794 0.017256 0.008688 0.805795
4 0 0.127757 0.082027 0.017625 0.009154 0.763437
4 0 0.200757 0.113741 0.027513 0.013515 0.644473
4 1 0.277184 0.130798 0.029246 0.012828 0.549944
0 1 0.388207 0.188739 0.055275 0.016939 0.350841
0 2 0.359492 0.204858 0.063282 0.015306 0.357062
4 4 0.151600 0.183238 0.080930 0.017731 0.566501
4 4 0.059056 0.161416 0.093749 0.011132 0.674646
4 4 0.055535 0.119807 0.049513 0.007281 0.767864
4 4 0.053134 0.101819 0.035631 0.005841 0.803574
4 4 0.050714 0.061558 0.013176 0.003457 0.871094
4 4 0.054838 0.056609 0.011048 0.003526 0.873979
4 4 0.075518 0.059166 0.011489 0.005397 0.848431
4 4 0.056084 0.112421 0.043310 0.006891 0.781294
4 4 0.048244 0.143346 0.074189 0.007522 0.726699
4 4 0.047341 0.114416 0.046121 0.005730 0.786392
4 4 0.050297 0.107886 0.040459 0.005797 0.795560
4 4 0.057650 0.097606 0.032291 0.006178 0.806276
4 4 0.059817 0.090910 0.027815 0.006028 0.815429
4 4 0.069018 0.105482 0.036864 0.008305 0.780331
4 4 0.071057 0.074293 0.018133 0.006148 0.830369
4 4 0.065044 0.054915 0.010146 0.004216 0.865680
4 4 0.086465 0.076581 0.018770 0.008050 0.810134
4 4 0.079956 0.078654 0.019990 0.007490 0.813908
4 4 0.092228 0.107628 0.037080 0.012153 0.750911
4 4 0.063043 0.111901 0.042166 0.007901 0.774989
4 4 0.052928 0.125907 0.055365 0.007251 0.758549
4 4 0.048643 0.120713 0.051345 0.006262 0.773036
4 4 0.081703 0.117129 0.037011 0.006851 0.757306
4 4 0.142630 0.118124 0.025885 0.005940 0.707421
4 4 0.155990 0.136364 0.034893 0.007872 0.664881
4 0 0.124368 0.148667 0.050347 0.010081 0.666538
4 0 0.062590 0.159684 0.081097 0.008809 0.687819
4 0 0.074970 0.169243 0.079369 0.008485 0.667932
4 0 0.104411 0.168402 0.068039 0.009680 0.649468
4 0 0.085226 0.146648 0.056441 0.008146 0.703540
4 0 0.118863 0.199188 0.091089 0.011520 0.579340
4 0 0.065042 0.255439 0.215728 0.011752 0.452040
4 1 0.047895 0.221131 0.191351 0.011027 0.528597
4 1 0.046889 0.168369 0.106975 0.008927 0.668840
4 1 0.048353 0.129407 0.059511 0.006707 0.756022
4 2 0.062464 0.120157 0.048964 0.008421 0.759994
4 2 0.062213 0.071258 0.017019 0.005036 0.844474
4 2 0.069866 0.054686 0.009960 0.004581 0.860907
4 2 0.061689 0.042269 0.006158 0.003158 0.886726
4 4 0.053971 0.036499 0.004739 0.002378 0.902412
4 4 0.052248 0.035224 0.004449 0.002221 0.905858
4 4 0.066835 0.053262 0.009522 0.004242 0.866139
4 4 0.047659 0.066947 0.015690 0.003460 0.866244
4 4 0.041761 0.099306 0.035208 0.004278 0.819448
4 4 0.038936 0.101423 0.037190 0.004022 0.818430
4 4 0.045020 0.094093 0.031174 0.004436 0.825278
4 4 0.071172 0.120774 0.044926 0.008054 0.755075
4 0 0.064035 0.146162 0.068019 0.008623 0.713161
4 0 0.070461 0.125542 0.043390 0.006068 0.754539
4 1 0.097093 0.136434 0.042953 0.006703 0.716816
4 1 0.074957 0.137436 0.050590 0.006689 0.730328
4 1 0.087520 0.130035 0.041963 0.006662 0.733820
4 2 0.054668 0.133683 0.060699 0.007435 0.743516
4 2 0.040757 0.112525 0.045670 0.004715 0.796333
4 2 0.067813 0.122732 0.041367 0.005566 0.762523
4 0 0.097680 0.172769 0.067178 0.007523 0.654851
4 0 0.114548 0.229950 0.118571 0.010838 0.526094
4 0 0.132172 0.172012 0.059017 0.008609 0.628190
4 1 0.144413 0.194755 0.072460 0.009420 0.578952
4 1 0.085477 0.218075 0.122730 0.009798 0.563919
4 1 0.037958 0.193712 0.155980 0.008622 0.603729
4 1 0.038401 0.185824 0.140130 0.008158 0.627486
4 1 0.042557 0.142672 0.074946 0.006444 0.733382
4 1 0.042367 0.103407 0.038142 0.004530 0.811554
4 1 0.049541 0.117494 0.048386 0.006219 0.778359
4 1 0.043742 0.160989 0.097594 0.007738 0.689937
4 1 0.043931 0.158668 0.094363 0.007631 0.695407
2 1 0.015898 0.177204 0.671062 0.016855 0.118981
2 1 0.015790 0.176533 0.671318 0.016699 0.119660
2 1 0.017351 0.192499 0.628316 0.015749 0.146086
2 2 0.023336 0.235517 0.495409 0.014358 0.231381
2 2 0.026260 0.243324 0.404179 0.012436 0.313800
4 2 0.047605 0.250624 0.273372 0.013319 0.415081
4 2 0.106107 0.263853 0.172610 0.012444 0.444986
4 2 0.220649 0.241065 0.085220 0.009155 0.443912
0 2 0.397625 0.194407 0.038820 0.006065 0.363082
0 2 0.424945 0.186143 0.034878 0.005879 0.348155
0 2 0.493607 0.177093 0.029926 0.005268 0.294106
0 2 0.381903 0.230667 0.053260 0.005790 0.328380
4 0 0.289376 0.284465 0.092295 0.006513 0.327352
1 0 0.225670 0.341899 0.157504 0.006843 0.268084
1 0 0.145996 0.366697 0.261218 0.007944 0.218144
1 2 0.099000 0.347565 0.325534 0.009552 0.218350
2 2 0.059837 0.310523 0.382982 0.011235 0.235423
2 2 0.033890 0.260447 0.438737 0.014449 0.252477
2 2 0.030225 0.244583 0.429040 0.016284 0.279868
2 2 0.026240 0.231233 0.516631 0.018182 0.207714
2 2 0.022373 0.213534 0.578205 0.018379 0.167510
2 2 0.027846 0.218914 0.540189 0.021532 0.191519
2 2 0.041412 0.204370 0.571969 0.035972 0.146278
2 2 0.079458 0.225289 0.543488 0.046566 0.105198
2 2 0.196382 0.285213 0.329479 0.044323 0.144603
1 2 0.275718 0.285575 0.244595 0.040931 0.153181
0 0 0.303907 0.284794 0.228914 0.033219 0.149166
0 0 0.407009 0.291897 0.145665 0.016035 0.139395
1 0 0.282397 0.342720 0.252351 0.015075 0.107458
2 0 0.089150 0.270123 0.546551 0.018043 0.076132
2 2 0.026138 0.136575 0.784270 0.019301 0.033717
2 2 0.018525 0.097073 0.832913 0.025008 0.026482
2 2 0.013791 0.066298 0.869701 0.031799 0.018411
2 2 0.012376 0.059172 0.873013 0.037305 0.018133
2 2 0.010262 0.047415 0.880723 0.045734 0.015866
2 2 0.012772 0.050766 0.870835 0.049488 0.016139
2 2 0.008412 0.038590 0.883595 0.055866 0.013537
2 2 0.008438 0.035353 0.875758 0.068262 0.012189
2 2 0.006846 0.026284 0.860452 0.098034 0.008383
2 2 0.006521 0.024238 0.842866 0.118778 0.007597
2 2 0.007208 0.025785 0.833499 0.125231 0.008277
2 2 0.006085 0.021949 0.821136 0.144096 0.006734
2 2 0.004550 0.016522 0.789139 0.185087 0.004702
2 2 0.003699 0.013695 0.771773 0.207132 0.003701
2 2 0.004199 0.013971 0.714737 0.263188 0.003905
2 2 0.005660 0.016911 0.683217 0.289111 0.005102
2 3 0.005449 0.015114 0.616081 0.358796 0.004559
2 3 0.005534 0.013341 0.503218 0.473765 0.004142
3 3 0.006504 0.013849 0.435114 0.539964 0.004568
3 3 0.011618 0.019780 0.370033 0.590856 0.007712
3 3 0.014296 0.020971 0.305081 0.650771 0.008880
3 3 0.013282 0.018075 0.253999 0.706887 0.007756
3 3 0.011557 0.014321 0.195510 0.772392 0.006221
3 3 0.012640 0.013861 0.157238 0.809860 0.006402
3 3 0.009603 0.009983 0.121420 0.854472 0.004521
3 3 0.008418 0.008765 0.113767 0.865159 0.003891
3 3 0.004359 0.004655 0.084851 0.904275 0.001860
3 3 0.005648 0.005340 0.073978 0.912702 0.002332
3 3 0.004541 0.004084 0.058594 0.931015 0.001767
3 3 0.005322 0.004503 0.055516 0.932615 0.002046
3 3 0.006427 0.005276 0.057395 0.928408 0.002494
3 3 0.006002 0.004922 0.055171 0.931599 0.002305
3 3 0.004718 0.003856 0.047983 0.941694 0.001749
3 3 0.004169 0.003401 0.044650 0.946263 0.001518
3 3 0.004401 0.003593 0.046081 0.944310 0.001615
3 3 0.002738 0.002221 0.034918 0.959186 0.000938
3 3 0.002046 0.001653 0.029423 0.966206 0.000672
3 3 0.002376 0.001923 0.032126 0.962778 0.000797
3 3 0.003907 0.003185 0.042994 0.948505 0.001409
3 3 0.004699 0.003840 0.047870 0.941850 0.001741
3 3 0.004763 0.003893 0.048249 0.941327 0.001768
3 3 0.004298 0.003508 0.045452 0.945170 0.001572
3 3 0.004838 0.003956 0.048692 0.940713 0.001800
3 3 0.004513 0.003687 0.046764 0.943374 0.001662
3 3 0.003586 0.002919 0.040891 0.951327 0.001277
3 3 0.002897 0.002351 0.036089 0.957664 0.001000
3 3 0.003527 0.002871 0.040499 0.951850 0.001253
3 3 0.003184 0.002588 0.038148 0.954965 0.001115
3 3 0.004854 0.003969 0.048782 0.940588 0.001807
3 3 0.005347 0.004378 0.051601 0.936654 0.002019
3 3 0.003327 0.002706 0.039139 0.953657 0.001172
3 3 0.005024 0.004110 0.049769 0.939217 0.001880
3 3 0.005064 0.004143 0.050000 0.938896 0.001897
3 3 0.005696 0.004668 0.053527 0.933939 0.002171
3 3 0.007239 0.005953 0.061471 0.922477 0.002859
3 3 0.005709 0.004679 0.053597 0.933839 0.002177
3 3 0.006326 0.005192 0.056875 0.929157 0.002449
3 3 0.007995 0.006585 0.065079 0.917136 0.003205
3 3 0.007979 0.006571 0.065003 0.917249 0.003198
3 3 0.006449 0.005295 0.057510 0.928242 0.002504
3 3 0.006727 0.005526 0.058927 0.926192 0.002628
3 3 0.005952 0.004881 0.054906 0.931978 0.002283
3 3 0.007743 0.006374 0.063891 0.918904 0.003089
3 3 0.006671 0.005480 0.058646 0.926600 0.002603
3 3 0.005609 0.004596 0.053052 0.934610 0.002133
3 3 0.005194 0.004251 0.050740 0.937862 0.001953
