0 0 0.764934 0.082122 0.102015 0.005915 0.045014
0 0 0.785919 0.086160 0.063499 0.004531 0.059891
0 0 0.764532 0.112834 0.060109 0.004031 0.058493
0 0 0.699644 0.146962 0.073052 0.006049 0.074293
0 0 0.390798 0.233440 0.139653 0.015153 0.220955
4 0 0.048985 0.203329 0.180069 0.025497 0.542121
4 0 0.011257 0.149828 0.195954 0.009667 0.633293
4 0 0.010792 0.170048 0.244068 0.013193 0.561899
4 1 0.007682 0.191330 0.341930 0.018102 0.440955
4 1 0.006895 0.194521 0.368592 0.019223 0.410768
4 1 0.008962 0.189911 0.316219 0.017805 0.467102
4 1 0.010130 0.191557 0.304671 0.018513 0.475130
4 1 0.011313 0.191427 0.290552 0.018700 0.488008
4 1 0.012342 0.199688 0.300636 0.021612 0.465723
4 1 0.011596 0.190069 0.284193 0.018351 0.495791
4 1 0.011120 0.171763 0.245027 0.013631 0.558460
4 1 0.011680 0.143489 0.180312 0.008812 0.655707
4 1 0.013514 0.130432 0.146433 0.007401 0.702221
4 1 0.014732 0.120932 0.125774 0.006461 0.732101
4 4 0.016846 0.100502 0.089636 0.004640 0.788376
4 4 0.018282 0.085890 0.068226 0.003528 0.824074
4 4 0.020908 0.096639 0.077483 0.004612 0.800359
4 4 0.022673 0.128572 0.116462 0.008360 0.723932
4 4 0.016587 0.179230 0.222804 0.016554 0.564824
4 4 0.009933 0.204409 0.343035 0.023118 0.419504
2 4 0.010014 0.226162 0.483986 0.018147 0.261691
2 4 0.010585 0.179198 0.654027 0.016654 0.139536
2 1 0.011087 0.148057 0.731486 0.016499 0.092872
2 1 0.010123 0.106946 0.792904 0.019724 0.070302
2 1 0.009242 0.066862 0.860002 0.026076 0.037818
2 1 0.007959 0.035558 0.896432 0.041942 0.018109
2 1 0.009203 0.028094 0.893081 0.056854 0.012769
2 1 0.010010 0.018274 0.883628 0.081284 0.006804
2 2 0.010344 0.015312 0.879144 0.089975 0.005225
2 2 0.010310 0.013074 0.879620 0.092912 0.004084
2 2 0.007311 0.008269 0.896301 0.085765 0.002353
2 2 0.005579 0.007112 0.915001 0.070346 0.001963
2 2 0.004819 0.006011 0.918248 0.069288 0.001634
2 2 0.005073 0.006338 0.934714 0.052411 0.001463
2 2 0.006424 0.007156 0.936918 0.048059 0.001442
2 2 0.007016 0.007537 0.933950 0.050002 0.001496
2 2 0.006292 0.006128 0.927424 0.058887 0.001269
2 2 0.005713 0.005003 0.907862 0.080302 0.001120
2 2 0.006627 0.005934 0.902478 0.083613 0.001346
2 2 0.007232 0.005718 0.885161 0.100570 0.001320
2 2 0.010019 0.006420 0.854062 0.128062 0.001437
2 2 0.012671 0.005997 0.787000 0.192976 0.001356
2 2 0.016499 0.007370 0.749407 0.224963 0.001760
2 2 0.017123 0.007854 0.739427 0.233648 0.001948
2 2 0.018228 0.008508 0.744268 0.226920 0.002076
2 2 0.020673 0.009964 0.754522 0.212472 0.002368
2 2 0.019295 0.010085 0.770051 0.198097 0.002472
2 2 0.016818 0.009121 0.751581 0.220043 0.002437
2 2 0.012933 0.006416 0.736306 0.242629 0.001717
2 2 0.011563 0.004949 0.712336 0.269836 0.001316
2 3 0.012275 0.005085 0.725051 0.256339 0.001251
2 3 0.015374 0.006830 0.735102 0.241015 0.001678
2 3 0.015992 0.007364 0.719072 0.255671 0.001901
2 3 0.013195 0.006416 0.613977 0.364170 0.002242
2 3 0.011105 0.005302 0.572462 0.409047 0.002085
3 3 0.009021 0.004742 0.446004 0.537833 0.002399
3 3 0.008931 0.004808 0.430100 0.553699 0.002463
3 3 0.012575 0.007318 0.467638 0.508945 0.003524
3 3 0.012371 0.007166 0.472524 0.504713 0.003226
3 3 0.010705 0.006146 0.437759 0.542354 0.003036
2 3 0.011270 0.006088 0.491335 0.488581 0.002727
3 3 0.011145 0.006059 0.475870 0.503917 0.003009
2 3 0.013332 0.007029 0.550001 0.426677 0.002961
2 3 0.016592 0.009431 0.562134 0.408096 0.003747
2 3 0.016526 0.009215 0.575675 0.395039 0.003545
2 3 0.014492 0.008226 0.527331 0.446533 0.003418
3 3 0.010633 0.006150 0.423160 0.556667 0.003390
3 3 0.009456 0.005802 0.356005 0.624889 0.003849
3 3 0.009798 0.006428 0.328663 0.650626 0.004484
3 3 0.008628 0.005916 0.285911 0.695212 0.004334
3 3 0.006944 0.004639 0.260070 0.724801 0.003546
3 3 0.005273 0.003623 0.206890 0.781033 0.003181
3 3 0.004644 0.003175 0.190600 0.798607 0.002974
3 3 0.005191 0.003450 0.212149 0.775997 0.003213
3 3 0.005058 0.003410 0.201758 0.786394 0.003380
3 3 0.004185 0.002839 0.176069 0.813893 0.003013
3 3 0.003096 0.002119 0.142674 0.849690 0.002421
3 3 0.001979 0.001360 0.105445 0.889502 0.001714
3 3 0.001415 0.001008 0.078337 0.917771 0.001468
3 3 0.001679 0.001249 0.083489 0.911922 0.001660
3 3 0.001789 0.001446 0.076574 0.918274 0.001917
3 3 0.002592 0.002205 0.093082 0.899677 0.002445
3 3 0.001404 0.001171 0.061573 0.934178 0.001674
3 3 0.001235 0.000978 0.060963 0.935375 0.001450
3 3 0.001233 0.000941 0.063891 0.932482 0.001453
3 3 0.001926 0.001477 0.088194 0.906569 0.001835
3 3 0.001771 0.001396 0.080283 0.914814 0.001736
3 3 0.002097 0.001662 0.090935 0.903465 0.001841
3 3 0.002566 0.002017 0.105103 0.888155 0.002159
3 3 0.004652 0.003690 0.156678 0.831803 0.003177
3 3 0.004695 0.003828 0.148137 0.839733 0.003607
3 3 0.004845 0.004250 0.134085 0.852640 0.004180
3 3 0.001785 0.001559 0.067232 0.927261 0.002163
3 3 0.001318 0.001162 0.054893 0.941036 0.001591
3 3 0.000891 0.000750 0.045765 0.951533 0.001061
3 3 0.000642 0.000533 0.037908 0.960159 0.000758
3 3 0.000418 0.000329 0.031112 0.967656 0.000485
3 3 0.000390 0.000304 0.030148 0.968705 0.000452
3 3 0.000385 0.000292 0.031090 0.967789 0.000444
3 3 0.000449 0.000338 0.034465 0.964231 0.000518
3 3 0.000728 0.000552 0.046349 0.951523 0.000849
3 3 0.001121 0.000868 0.058970 0.937719 0.001322
3 3 0.001747 0.001422 0.073020 0.921749 0.002061
3 3 0.002083 0.001678 0.084376 0.909616 0.002248
3 3 0.001718 0.001367 0.074606 0.920306 0.002002
3 3 0.001562 0.001237 0.070477 0.924880 0.001844
3 3 0.001642 0.001324 0.070902 0.924172 0.001961
3 3 0.001417 0.001154 0.063817 0.931921 0.001691
3 3 0.001286 0.001043 0.060432 0.935708 0.001531
3 3 0.001052 0.000870 0.051970 0.944857 0.001252
3 3 0.000969 0.000808 0.048844 0.948226 0.001153
3 3 0.000856 0.000723 0.044407 0.952995 0.001019
3 3 0.000874 0.000755 0.043662 0.953666 0.001044
3 3 0.000843 0.000735 0.042188 0.955226 0.001008
3 3 0.000768 0.000649 0.041507 0.956163 0.000913
3 3 0.002049 0.001743 0.077220 0.916693 0.002295
3 3 0.001841 0.001630 0.067271 0.927023 0.002237
3 3 0.001576 0.001351 0.063740 0.931433 0.001900
3 3 0.001688 0.001497 0.063587 0.931180 0.002048
3 3 0.001489 0.001342 0.057600 0.937760 0.001808
3 3 0.001096 0.000989 0.047542 0.949049 0.001324
3 3 0.000718 0.000638 0.037175 0.960610 0.000859
3 3 0.000615 0.000546 0.033776 0.964330 0.000733
3 3 0.000622 0.000544 0.034719 0.963374 0.000740
3 3 0.000813 0.000730 0.039662 0.957819 0.000976
3 3 0.000798 0.000681 0.041927 0.955646 0.000949
3 3 0.000843 0.000708 0.044352 0.953094 0.001002
3 3 0.001046 0.000881 0.050561 0.946265 0.001248
3 3 0.001160 0.000979 0.053780 0.942693 0.001388
3 3 0.001130 0.000948 0.053336 0.943237 0.001349
3 3 0.001330 0.001123 0.058507 0.937445 0.001595
3 3 0.001618 0.001397 0.064148 0.930884 0.001953
3 3 0.001652 0.001406 0.066319 0.928632 0.001991
3 3 0.003421 0.002755 0.107401 0.883395 0.003028
3 3 0.002296 0.001942 0.085889 0.907590 0.002283
3 3 0.003681 0.003093 0.123557 0.866875 0.002793
3 3 0.003438 0.002914 0.113379 0.877270 0.002998
3 3 0.003979 0.003025 0.149423 0.840782 0.002791
3 3 0.006210 0.004681 0.204570 0.780876 0.003664
3 3 0.007638 0.005340 0.269835 0.713875 0.003313
3 3 0.008094 0.005545 0.285634 0.697238 0.003489
3 3 0.010070 0.006309 0.374099 0.606132 0.003389
3 3 0.012840 0.007963 0.438480 0.536923 0.003794
3 3 0.011898 0.006997 0.448717 0.528980 0.003409
3 3 0.013100 0.007976 0.451695 0.523386 0.003842
3 3 0.009395 0.005551 0.383599 0.598257 0.003197
3 2 0.013416 0.008242 0.445670 0.528403 0.004270
2 2 0.018892 0.012099 0.503315 0.459819 0.005874
2 2 0.027512 0.017945 0.596158 0.351325 0.007060
2 2 0.039178 0.027132 0.648310 0.276030 0.009351
2 4 0.026397 0.034073 0.778697 0.147473 0.013361
2 4 0.016874 0.035533 0.813109 0.116469 0.018016
2 4 0.013659 0.031668 0.835512 0.103815 0.015347
2 4 0.008952 0.022103 0.850201 0.106548 0.012195
2 4 0.008363 0.015676 0.841063 0.127218 0.007681
2 4 0.007831 0.012164 0.821902 0.151968 0.006134
2 2 0.008231 0.010652 0.813991 0.161897 0.005229
2 2 0.008561 0.009785 0.812117 0.165002 0.004536
2 2 0.010913 0.012545 0.833237 0.138053 0.005252
2 2 0.012137 0.014072 0.808550 0.158806 0.006436
2 2 0.011399 0.013546 0.778772 0.189163 0.007120
2 2 0.011962 0.016044 0.796698 0.166776 0.008520
2 2 0.012872 0.017877 0.806740 0.153502 0.009009
2 2 0.017358 0.023856 0.820055 0.128395 0.010336
2 2 0.018396 0.026830 0.836132 0.108078 0.010564
2 2 0.022961 0.028451 0.831327 0.107684 0.009578
2 2 0.017163 0.022204 0.878180 0.076250 0.006204
2 2 0.017962 0.025292 0.893115 0.057692 0.005939
2 2 0.015230 0.022511 0.915785 0.042204 0.004270
2 2 0.012249 0.019526 0.923067 0.041158 0.004001
2 2 0.010150 0.013023 0.918211 0.055851 0.002766
2 2 0.009746 0.012012 0.924081 0.051801 0.002360
2 2 0.007396 0.008629 0.930660 0.051712 0.001602
2 2 0.007269 0.009329 0.935563 0.046174 0.001666
2 2 0.007759 0.008770 0.925194 0.056631 0.001645
2 2 0.019112 0.008585 0.785277 0.185211 0.001815
2 2 0.026043 0.012598 0.814664 0.144450 0.002245
2 2 0.027194 0.014188 0.775803 0.179884 0.002931
2 2 0.027606 0.015368 0.730527 0.222703 0.003797
2 2 0.023110 0.013488 0.636752 0.322042 0.004609
2 2 0.021656 0.012778 0.610671 0.350295 0.004599
2 2 0.031052 0.019291 0.673753 0.269994 0.005909
2 2 0.033311 0.020205 0.707822 0.232935 0.005726
2 2 0.032151 0.019848 0.681893 0.259864 0.006245
2 2 0.029152 0.019090 0.710718 0.235077 0.005963
2 2 0.027723 0.019952 0.739944 0.206240 0.006141
2 2 0.024992 0.021884 0.782839 0.163628 0.006657
2 2 0.028944 0.035425 0.834454 0.091769 0.009408
2 2 0.026599 0.033583 0.859946 0.071866 0.008006
2 2 0.026445 0.028601 0.863372 0.075390 0.006192
2 2 0.036181 0.038590 0.844041 0.073102 0.008087
2 2 0.048664 0.046420 0.785996 0.107657 0.011262
2 2 0.058123 0.069901 0.743626 0.108185 0.020165
2 2 0.061212 0.115369 0.670187 0.103876 0.049356
2 2 0.100712 0.185658 0.523409 0.081587 0.108634
2 2 0.124113 0.227479 0.371672 0.064315 0.212421
4 2 0.103249 0.241112 0.288564 0.045388 0.321687
2 2 0.081452 0.246427 0.360603 0.054503 0.257015
2 1 0.051915 0.220586 0.424969 0.058506 0.244024
2 1 0.048036 0.243906 0.498181 0.050101 0.159777
2 1 0.041610 0.228954 0.583790 0.040433 0.105213
2 1 0.032189 0.140256 0.753623 0.029850 0.044082
2 1 0.026446 0.070804 0.860358 0.026547 0.015846
2 2 0.041493 0.054766 0.858548 0.036616 0.008576
2 2 0.072869 0.060542 0.793471 0.063884 0.009234
2 2 0.061650 0.040537 0.783684 0.106764 0.007365
2 2 0.062845 0.045841 0.719954 0.159922 0.011438
2 1 0.068281 0.055448 0.663373 0.196586 0.016313
2 1 0.062047 0.056494 0.670017 0.194018 0.017424
2 1 0.066547 0.070658 0.707751 0.137631 0.017414
2 1 0.039271 0.053125 0.786827 0.106796 0.013981
2 2 0.015451 0.018110 0.865524 0.096218 0.004697
2 2 0.006527 0.007089 0.905440 0.079180 0.001765
2 2 0.005502 0.005206 0.886039 0.101881 0.001372
2 2 0.005433 0.004648 0.887122 0.101649 0.001148
2 2 0.006791 0.005338 0.885584 0.101102 0.001185
2 2 0.006147 0.004237 0.873848 0.114800 0.000968
2 2 0.006510 0.004346 0.865690 0.122433 0.001021
2 2 0.007748 0.004847 0.842047 0.144181 0.001177
2 2 0.011702 0.006754 0.825784 0.154225 0.001536
2 2 0.025943 0.013045 0.785014 0.173278 0.002720
2 2 0.042231 0.024318 0.799095 0.129678 0.004678
2 2 0.061758 0.044980 0.706873 0.173305 0.013083
2 2 0.072378 0.115142 0.608894 0.128959 0.074627
2 1 0.062613 0.139175 0.374313 0.118870 0.305029
4 1 0.077332 0.141389 0.172471 0.039198 0.569609
4 1 0.069030 0.124438 0.113844 0.020007 0.672680
4 0 0.053346 0.105563 0.108583 0.014956 0.717552
4 0 0.058549 0.114548 0.122971 0.018736 0.685196
4 1 0.054494 0.135122 0.188904 0.032063 0.589417
4 1 0.070672 0.171746 0.300409 0.045843 0.411330
2 1 0.063773 0.217200 0.431834 0.039319 0.247873
2 1 0.052998 0.208854 0.577631 0.042000 0.118517
2 1 0.041892 0.218157 0.622296 0.035054 0.082600
2 1 0.056486 0.267805 0.576830 0.028806 0.070073
2 1 0.187383 0.161909 0.560027 0.060057 0.030625
2 1 0.202782 0.157486 0.528527 0.074689 0.036516
2 1 0.157231 0.144975 0.586730 0.081514 0.029550
2 1 0.119393 0.134348 0.616178 0.101275 0.028806
2 1 0.085129 0.112863 0.700775 0.077933 0.023301
2 1 0.232321 0.153473 0.534855 0.051757 0.027595
2 1 0.195834 0.111818 0.628150 0.047270 0.016928
2 1 0.209613 0.094609 0.624267 0.052336 0.019174
2 1 0.274167 0.112422 0.543070 0.045040 0.025301
0 1 0.511496 0.132661 0.291118 0.021971 0.042754
0 1 0.677404 0.113394 0.154613 0.009562 0.045027
0 0 0.698514 0.108029 0.135416 0.008890 0.049152
0 0 0.608322 0.130615 0.186032 0.016084 0.058947
0 0 0.586217 0.151506 0.185167 0.016440 0.060669
0 0 0.609783 0.169433 0.124722 0.011286 0.084776
0 0 0.619485 0.176788 0.124826 0.009362 0.069539
0 0 0.400669 0.255143 0.172903 0.015637 0.155649
2 0 0.092234 0.261021 0.341259 0.037761 0.267725
4 0 0.028464 0.174429 0.247471 0.029694 0.519942
4 1 0.030774 0.204960 0.237812 0.031948 0.494506
4 1 0.033378 0.228325 0.249202 0.039018 0.450077
4 1 0.015459 0.209644 0.296879 0.026019 0.451999
4 1 0.012920 0.203525 0.327295 0.026231 0.430030
2 1 0.012269 0.179665 0.399229 0.034693 0.374144
4 1 0.016803 0.177667 0.243831 0.018998 0.542701
4 1 0.024020 0.174662 0.209557 0.020251 0.571510
4 1 0.032236 0.164563 0.196137 0.023021 0.584043
4 1 0.037568 0.158853 0.173193 0.021825 0.608560
4 1 0.051895 0.154514 0.168300 0.027348 0.597943
4 1 0.067578 0.157213 0.171942 0.035720 0.567547
4 0 0.087304 0.146499 0.085039 0.018055 0.663103
4 0 0.106836 0.139810 0.087550 0.022140 0.643664
4 0 0.131501 0.160021 0.124118 0.023714 0.560646
4 0 0.169611 0.116373 0.074851 0.022184 0.616982
4 0 0.328079 0.130779 0.081634 0.021663 0.437845
0 0 0.485725 0.132552 0.101350 0.022270 0.258103
0 0 0.623559 0.112931 0.072349 0.013585 0.177577
0 0 0.658088 0.116358 0.110544 0.014756 0.100254
0 0 0.519167 0.169505 0.207357 0.022353 0.081617
2 0 0.300924 0.244752 0.351140 0.028213 0.074972
2 1 0.127480 0.316715 0.451613 0.026213 0.077979
2 1 0.056639 0.310347 0.500130 0.022305 0.110578
2 1 0.021907 0.255963 0.556068 0.021258 0.144804
2 1 0.009515 0.177659 0.549481 0.024593 0.238752
2 1 0.006885 0.148430 0.527788 0.027322 0.289576
2 1 0.006644 0.141305 0.572152 0.025603 0.254295
2 1 0.007615 0.169379 0.413495 0.024429 0.385082
4 1 0.011418 0.197586 0.332225 0.023999 0.434772
4 4 0.019267 0.216448 0.285760 0.029753 0.448771
4 4 0.027955 0.249845 0.322834 0.041060 0.358306
2 4 0.043281 0.274851 0.334529 0.042831 0.304509
2 4 0.081697 0.267247 0.403495 0.050244 0.197317
2 0 0.135281 0.239031 0.309273 0.051602 0.264814
4 0 0.181492 0.214669 0.263400 0.048749 0.291690
4 0 0.129062 0.197081 0.302220 0.050661 0.320976
4 0 0.080651 0.160350 0.338075 0.059007 0.361917
4 0 0.060003 0.121133 0.263636 0.056613 0.498616
4 0 0.054599 0.118572 0.189931 0.035142 0.601755
4 0 0.040882 0.125040 0.120429 0.013843 0.699805
4 1 0.023627 0.100832 0.078791 0.005211 0.791540
4 1 0.045197 0.239073 0.251442 0.029323 0.434965
4 4 0.023863 0.207374 0.243527 0.026905 0.498331
2 4 0.025505 0.235236 0.373651 0.034584 0.331024
2 4 0.022485 0.206833 0.404438 0.043553 0.322690
2 4 0.020795 0.154028 0.660665 0.042421 0.122090
2 4 0.024564 0.157027 0.606572 0.056972 0.154865
2 4 0.023951 0.098809 0.762723 0.053772 0.060745
2 4 0.033619 0.109033 0.705275 0.079852 0.072220
2 4 0.031605 0.087812 0.732195 0.088691 0.059696
2 4 0.034937 0.068923 0.682590 0.160194 0.053356
2 4 0.053197 0.073384 0.656171 0.177759 0.039489
2 4 0.114625 0.127970 0.581277 0.119258 0.056870
2 4 0.076060 0.166897 0.586666 0.071590 0.098786
2 4 0.054218 0.205091 0.617177 0.040708 0.082806
2 1 0.050175 0.233159 0.587550 0.035238 0.093877
2 1 0.064452 0.238566 0.563474 0.036394 0.097114
2 1 0.045926 0.243476 0.534118 0.034537 0.141943
2 1 0.043880 0.249944 0.410303 0.039011 0.256862
2 1 0.026425 0.181791 0.391593 0.049174 0.351018
2 1 0.043297 0.162941 0.388642 0.060124 0.344996
2 1 0.045600 0.183935 0.367975 0.049360 0.353130
4 1 0.045527 0.190343 0.354885 0.044057 0.365188
4 1 0.027109 0.161258 0.333469 0.039855 0.438309
4 1 0.039205 0.178705 0.350220 0.042714 0.389156
4 1 0.039832 0.182688 0.290295 0.040110 0.447076
4 1 0.031271 0.159247 0.316501 0.046692 0.446289
4 1 0.042686 0.146937 0.307564 0.056918 0.445895
4 1 0.065182 0.126374 0.288071 0.071805 0.448568
4 1 0.062382 0.131579 0.247575 0.053715 0.504749
4 1 0.081200 0.155492 0.234562 0.047930 0.480816
2 1 0.116757 0.152525 0.371740 0.085081 0.273896
2 1 0.174872 0.141041 0.520517 0.087163 0.076407
2 1 0.193503 0.170382 0.450325 0.074565 0.111225
2 1 0.184274 0.158899 0.525706 0.066922 0.064199
2 1 0.229876 0.120669 0.544940 0.069900 0.034616
2 1 0.292562 0.127927 0.523998 0.034047 0.021467
0 1 0.423323 0.168581 0.362153 0.019438 0.026505
2 0 0.342869 0.209461 0.393023 0.026024 0.028623
0 0 0.374666 0.238716 0.316991 0.027269 0.042357
0 0 0.459174 0.248222 0.214003 0.020361 0.058240
0 0 0.546927 0.223805 0.154678 0.013323 0.061267
0 0 0.656696 0.175823 0.106408 0.007117 0.053955
0 0 0.653011 0.136096 0.157929 0.009395 0.043569
0 0 0.653404 0.105115 0.200199 0.009450 0.031833
0 0 0.726419 0.091453 0.137274 0.007020 0.037834
0 0 0.855913 0.059866 0.041620 0.001986 0.040616
0 0 0.891809 0.043617 0.025769 0.001139 0.037667
0 0 0.936870 0.025027 0.011811 0.000418 0.025875
0 0 0.919060 0.031199 0.016952 0.000670 0.032119
0 0 0.862931 0.049532 0.034382 0.002088 0.051067
0 0 0.776408 0.085481 0.069131 0.005330 0.063649
0 0 0.758429 0.105389 0.060804 0.004990 0.070387
0 0 0.743501 0.122024 0.053517 0.004635 0.076323
0 1 0.484891 0.211551 0.117296 0.013214 0.173047
4 4 0.085718 0.113391 0.058850 0.010928 0.731114
4 4 0.037064 0.088222 0.056179 0.005405 0.813130
4 4 0.025512 0.067764 0.051128 0.004786 0.850811
4 4 0.024865 0.063442 0.047743 0.004498 0.859452
4 4 0.030192 0.065647 0.048791 0.005903 0.849468
4 4 0.033017 0.076586 0.072051 0.010412 0.807935
0 4 0.394795 0.204187 0.173466 0.034181 0.193370
4 4 0.248607 0.116203 0.132533 0.084833 0.417824
4 4 0.138644 0.105825 0.190874 0.124777 0.439880
4 4 0.134883 0.090302 0.231243 0.187207 0.356365
4 4 0.114032 0.088806 0.247190 0.171658 0.378314
4 4 0.105849 0.088912 0.196504 0.098023 0.510712
4 4 0.109678 0.093765 0.131645 0.054369 0.610544
4 4 0.054602 0.081113 0.088291 0.017907 0.758086
4 4 0.042564 0.086912 0.074485 0.011031 0.785007
4 4 0.025551 0.062732 0.042019 0.003274 0.866423
4 4 0.024913 0.058199 0.037994 0.002867 0.876027
4 4 0.029201 0.050894 0.030662 0.002799 0.886445
4 4 0.035242 0.067377 0.046779 0.006131 0.844471
4 4 0.042314 0.068032 0.045381 0.007240 0.837033
4 4 0.042367 0.064699 0.041512 0.006369 0.845052
4 4 0.041294 0.077962 0.054385 0.008245 0.818113
4 4 0.035781 0.088124 0.066116 0.008490 0.801489
4 4 0.028613 0.102087 0.087658 0.008766 0.772876
4 4 0.036396 0.092398 0.069600 0.007537 0.794069
4 4 0.047149 0.108167 0.091975 0.012578 0.740131
4 4 0.036576 0.116720 0.108044 0.011711 0.726949
4 4 0.032684 0.126619 0.106274 0.009980 0.724443
4 4 0.038204 0.135502 0.102744 0.011047 0.712503
4 4 0.057905 0.128218 0.080136 0.011461 0.722280
4 4 0.098359 0.143518 0.095620 0.022987 0.639517
4 4 0.067472 0.134247 0.136171 0.024995 0.637115
4 4 0.050434 0.145194 0.156730 0.023840 0.623801
4 4 0.065819 0.147411 0.143454 0.026851 0.616466
4 4 0.088675 0.169391 0.156856 0.038658 0.546420
4 4 0.090948 0.236267 0.210995 0.043532 0.418258
4 4 0.035985 0.193749 0.219265 0.031486 0.519515
4 4 0.023398 0.163969 0.348327 0.043812 0.420494
2 4 0.014604 0.162588 0.430879 0.045404 0.346525
2 4 0.013200 0.161505 0.435305 0.042406 0.347584
2 4 0.010069 0.140583 0.510748 0.047142 0.291458
2 4 0.013167 0.162401 0.459918 0.048747 0.315767
4 4 0.014693 0.190581 0.338519 0.030000 0.426207
4 4 0.012019 0.167702 0.364988 0.030617 0.424674
2 4 0.010482 0.150706 0.438732 0.039344 0.360736
2 4 0.009042 0.124228 0.544763 0.057396 0.264571
2 4 0.008471 0.119358 0.555628 0.052364 0.264179
2 4 0.008685 0.127189 0.598229 0.038297 0.227600
2 1 0.007855 0.111110 0.696813 0.029968 0.154255
2 1 0.006395 0.068376 0.834403 0.026818 0.064009
2 1 0.006700 0.069042 0.834970 0.026640 0.062647
2 1 0.007375 0.079454 0.817553 0.025902 0.069717
2 1 0.008206 0.102652 0.774075 0.021985 0.093081
2 1 0.008330 0.104822 0.775400 0.020952 0.090496
2 1 0.008367 0.113312 0.764981 0.019150 0.094189
2 1 0.007781 0.089416 0.816146 0.019883 0.066775
2 1 0.009691 0.069862 0.842694 0.031256 0.046497
2 1 0.015664 0.081847 0.831155 0.030223 0.041110
2 1 0.013058 0.073099 0.838466 0.031583 0.043794
2 1 0.014475 0.105803 0.763636 0.035354 0.080732
2 0 0.016438 0.110033 0.713353 0.051556 0.108620
2 1 0.019177 0.087743 0.724398 0.071938 0.096744
2 1 0.025031 0.124813 0.489101 0.066669 0.294386
4 1 0.031370 0.160507 0.348421 0.049871 0.409831
4 1 0.029861 0.162346 0.252781 0.031086 0.523926
4 1 0.061204 0.136399 0.107100 0.017155 0.678141
2 1 0.008895 0.046355 0.867388 0.045854 0.031508
2 1 0.007908 0.032859 0.888749 0.050647 0.019836
2 1 0.005930 0.017269 0.904434 0.063370 0.008996
2 1 0.004129 0.009699 0.913650 0.067964 0.004559
2 1 0.003797 0.007674 0.904141 0.080798 0.003590
2 1 0.003951 0.008246 0.915386 0.068740 0.003677
2 1 0.004127 0.008476 0.917064 0.066693 0.003640
2 2 0.003802 0.007632 0.926123 0.059427 0.003016
2 2 0.003542 0.006852 0.927831 0.059158 0.002616
2 2 0.003831 0.008558 0.938336 0.046105 0.003170
2 2 0.003957 0.010434 0.945749 0.036029 0.003832
2 2 0.004267 0.012046 0.946821 0.032574 0.004292
2 2 0.003775 0.008590 0.938551 0.045889 0.003195
2 2 0.003995 0.008528 0.927047 0.057014 0.003415
2 2 0.004663 0.009803 0.914508 0.066930 0.004097
2 2 0.004795 0.010569 0.915383 0.064729 0.004523
2 2 0.005099 0.010201 0.910985 0.069547 0.004168
2 2 0.004405 0.007675 0.899511 0.085230 0.003179
2 2 0.004520 0.007670 0.904935 0.079931 0.002944
2 2 0.005793 0.010783 0.922691 0.057153 0.003580
2 2 0.006487 0.011537 0.922922 0.055512 0.003541
2 2 0.005588 0.010044 0.929137 0.052144 0.003087
2 2 0.004933 0.008393 0.929930 0.054232 0.002512
2 2 0.004045 0.006240 0.923949 0.063835 0.001931
2 2 0.003770 0.005898 0.929574 0.058958 0.001800
2 2 0.004273 0.006485 0.914171 0.072811 0.002260
2 2 0.004036 0.004722 0.890247 0.099358 0.001637
2 2 0.004512 0.005079 0.872650 0.115841 0.001919
2 2 0.004866 0.004785 0.842880 0.145605 0.001864
2 2 0.004823 0.004726 0.832335 0.156201 0.001915
2 2 0.004938 0.005294 0.849548 0.138134 0.002086
2 2 0.005986 0.005847 0.847806 0.138200 0.002161
2 2 0.008799 0.006073 0.841940 0.141459 0.001729
2 2 0.018263 0.008980 0.817757 0.153009 0.001990
2 2 0.021176 0.010124 0.828426 0.138213 0.002060
2 2 0.027666 0.015521 0.847408 0.106526 0.002879
2 2 0.021878 0.015978 0.859048 0.099725 0.003371
2 2 0.019781 0.019833 0.872290 0.083517 0.004578
2 2 0.013861 0.013704 0.870416 0.098564 0.003455
2 2 0.010389 0.011029 0.880245 0.095452 0.002885
2 2 0.006431 0.005718 0.848607 0.137458 0.001786
2 2 0.006172 0.004943 0.830200 0.157065 0.001620
2 2 0.006704 0.004619 0.791363 0.195726 0.001588
2 2 0.007140 0.004328 0.717060 0.269749 0.001722
2 2 0.007843 0.004620 0.679898 0.305666 0.001973
2 2 0.010801 0.005981 0.615173 0.365313 0.002732
2 2 0.012073 0.006694 0.641759 0.336654 0.002819
2 2 0.013694 0.008458 0.696986 0.277573 0.003289
2 2 0.012251 0.007540 0.706319 0.271054 0.002836
2 2 0.011545 0.006636 0.654043 0.325039 0.002738
2 2 0.012194 0.006450 0.634883 0.343819 0.002654
2 2 0.016275 0.008784 0.581560 0.389630 0.003751
2 2 0.021937 0.012568 0.630700 0.330251 0.004543
2 2 0.019311 0.010931 0.599041 0.366340 0.004377
2 2 0.019576 0.011196 0.593827 0.370814 0.004587
2 2 0.016582 0.009313 0.553386 0.416354 0.004365
2 2 0.020203 0.014451 0.672438 0.287078 0.005829
2 2 0.018375 0.019227 0.803689 0.152409 0.006300
2 2 0.016331 0.013646 0.758666 0.206591 0.004766
2 2 0.010098 0.006496 0.661817 0.318646 0.002944
2 2 0.007204 0.005272 0.765302 0.220179 0.002042
2 2 0.008346 0.005177 0.707680 0.276746 0.002052
2 2 0.012767 0.006752 0.693849 0.284301 0.002331
2 2 0.020508 0.009889 0.746622 0.220456 0.002524
2 2 0.027610 0.014602 0.759436 0.194833 0.003518
2 2 0.026846 0.014487 0.738942 0.216023 0.003703
2 2 0.030459 0.017930 0.713128 0.233734 0.004748
2 2 0.054476 0.037925 0.775189 0.125583 0.006826
2 2 0.056348 0.075488 0.810089 0.046284 0.011790
2 2 0.049632 0.109892 0.798579 0.026054 0.015844
2 2 0.040534 0.115941 0.795394 0.026268 0.021863
2 2 0.035321 0.112198 0.810727 0.021657 0.020097
2 2 0.028449 0.095976 0.841456 0.017736 0.016382
2 2 0.023138 0.079535 0.865506 0.017128 0.014693
2 2 0.033219 0.101741 0.817834 0.025674 0.021532
2 2 0.042537 0.108607 0.789923 0.034685 0.024248
2 2 0.036360 0.096553 0.804080 0.037419 0.025588
2 2 0.025234 0.076373 0.857414 0.024063 0.016916
2 1 0.022112 0.067812 0.869802 0.024967 0.015308
2 1 0.026747 0.097199 0.830012 0.023053 0.022990
2 1 0.029108 0.129719 0.793962 0.019059 0.028151
2 1 0.028328 0.117026 0.804800 0.021917 0.027929
2 2 0.026421 0.097486 0.830861 0.022421 0.022811
2 2 0.032781 0.136918 0.781941 0.020058 0.028302
2 2 0.045725 0.213981 0.681349 0.019109 0.039835
2 2 0.060386 0.263781 0.602619 0.022876 0.050337
2 2 0.075881 0.221077 0.644050 0.026323 0.032669
2 2 0.109425 0.212303 0.616377 0.034480 0.027415
2 2 0.146114 0.223698 0.562114 0.034912 0.033161
2 2 0.220221 0.238225 0.460762 0.034459 0.046333
0 2 0.350955 0.251524 0.301372 0.027464 0.068684
2 0 0.297335 0.261965 0.315764 0.027467 0.097469
2 0 0.191958 0.278176 0.375373 0.030836 0.123657
2 0 0.101105 0.309846 0.405529 0.033332 0.150189
2 1 0.046625 0.263970 0.508694 0.045132 0.135579
2 1 0.050956 0.266161 0.497230 0.049355 0.136299
2 1 0.057766 0.232184 0.492773 0.075391 0.141886
2 1 0.062965 0.157355 0.576017 0.110395 0.093267
2 1 0.073677 0.116542 0.662044 0.104168 0.043569
2 1 0.068762 0.085575 0.748040 0.076881 0.020741
2 1 0.088947 0.084045 0.747168 0.065896 0.013944
2 1 0.285440 0.166486 0.483087 0.037818 0.027170
0 1 0.416462 0.198817 0.317077 0.025719 0.041925
0 0 0.372102 0.231311 0.325950 0.027995 0.042643
2 0 0.207465 0.284875 0.414221 0.032065 0.061374
2 0 0.166084 0.330696 0.387362 0.030634 0.085225
2 1 0.167631 0.329973 0.362915 0.034138 0.105344
1 1 0.239010 0.306560 0.256902 0.033922 0.163606
2 0 0.095242 0.320326 0.391336 0.028293 0.164803
4 0 0.051508 0.241306 0.250399 0.025767 0.431020
4 1 0.027646 0.167978 0.256183 0.030124 0.518069
4 1 0.031339 0.157397 0.312221 0.045419 0.453624
4 1 0.036422 0.177527 0.296429 0.049954 0.439668
4 0 0.039098 0.204371 0.279240 0.046003 0.431288
2 0 0.028223 0.209583 0.560618 0.044460 0.157115
2 0 0.041224 0.231356 0.569515 0.040716 0.117189
2 0 0.105383 0.279889 0.508965 0.036064 0.069700
2 0 0.154894 0.317167 0.435319 0.030051 0.062568
2 1 0.147292 0.327867 0.439604 0.024998 0.060239
2 1 0.101673 0.294360 0.514209 0.026058 0.063700
2 0 0.012660 0.099919 0.834214 0.015278 0.037929
2 0 0.012462 0.146233 0.759635 0.014027 0.067643
2 0 0.011890 0.174550 0.693888 0.015076 0.104595
2 0 0.009220 0.156376 0.696390 0.015822 0.122191
2 1 0.008084 0.164149 0.667925 0.014691 0.145150
2 1 0.009497 0.215741 0.547146 0.015496 0.212120
2 1 0.009819 0.227183 0.457048 0.018958 0.286993
2 1 0.014147 0.242159 0.432241 0.025712 0.285741
2 1 0.022619 0.266063 0.428956 0.033235 0.249127
2 1 0.031563 0.276656 0.400015 0.036991 0.254775
2 1 0.031121 0.272669 0.450185 0.034615 0.211409
2 1 0.025716 0.223972 0.475509 0.043932 0.230871
2 1 0.021223 0.198248 0.554013 0.041152 0.185365
2 1 0.025922 0.221351 0.506237 0.045603 0.200886
4 1 0.015901 0.189912 0.373268 0.038737 0.382182
4 1 0.015452 0.177977 0.271608 0.020932 0.514032
4 4 0.017015 0.148493 0.173661 0.012772 0.648059
4 4 0.017148 0.117185 0.128244 0.009513 0.727910
4 4 0.017096 0.105584 0.109500 0.007721 0.760099
4 4 0.016509 0.100108 0.102358 0.006881 0.774145
4 4 0.014526 0.081410 0.073812 0.003669 0.826583
4 4 0.015416 0.117044 0.120093 0.006570 0.740877
4 4 0.014362 0.126312 0.135937 0.007028 0.716361
4 4 0.013521 0.120916 0.130132 0.006300 0.729131
4 4 0.011419 0.118049 0.134149 0.005707 0.730675
4 4 0.012152 0.128525 0.149339 0.006961 0.703023
4 4 0.013187 0.148443 0.181120 0.009830 0.647420
4 4 0.013692 0.152773 0.186676 0.010618 0.636242
4 4 0.014418 0.137623 0.155143 0.008474 0.684342
4 4 0.015371 0.121537 0.124618 0.006611 0.731863
4 4 0.015773 0.097060 0.087257 0.004252 0.795658
4 4 0.028094 0.116876 0.096840 0.008565 0.749625
4 4 0.043674 0.114687 0.093839 0.011763 0.736037
4 4 0.072551 0.107172 0.107567 0.022349 0.690360
4 4 0.089878 0.105080 0.097802 0.022051 0.685189
4 4 0.121147 0.118723 0.178884 0.071961 0.509286
4 4 0.134073 0.113634 0.127421 0.041609 0.583262
2 4 0.275720 0.137661 0.371938 0.098147 0.116534
2 4 0.202084 0.162375 0.410220 0.079616 0.145705
2 4 0.062006 0.131254 0.387107 0.088619 0.331014
2 4 0.033370 0.132970 0.453438 0.064439 0.315783
4 4 0.035144 0.136876 0.379023 0.060804 0.388153
4 4 0.038941 0.139094 0.239290 0.034008 0.548667
2 4 0.038725 0.176395 0.514476 0.050754 0.219649
4 4 0.023735 0.155804 0.350787 0.043960 0.425714
2 4 0.025589 0.125254 0.474229 0.091362 0.283566
2 4 0.067223 0.160030 0.370534 0.097214 0.304999
4 4 0.101477 0.187678 0.282947 0.074833 0.353066
2 4 0.055095 0.186623 0.368556 0.066705 0.323021
2 4 0.042746 0.196400 0.509764 0.052186 0.198903
2 4 0.039571 0.193462 0.592063 0.052269 0.122635
2 4 0.073679 0.197917 0.622322 0.046343 0.059739
2 4 0.075955 0.191554 0.641383 0.040049 0.051060
2 4 0.051565 0.164529 0.570826 0.058654 0.154426
2 4 0.028556 0.099237 0.745611 0.065642 0.060954
2 4 0.036594 0.131273 0.405016 0.066260 0.360856
4 4 0.057484 0.118867 0.192272 0.033230 0.598147
4 4 0.057565 0.102655 0.086316 0.011842 0.741623
4 4 0.045943 0.116667 0.090357 0.010658 0.736375
4 4 0.028011 0.130073 0.125611 0.010851 0.705455
2 4 0.038608 0.124922 0.544502 0.101280 0.190687
4 4 0.039249 0.145031 0.327778 0.059010 0.428932
4 1 0.052012 0.149469 0.258490 0.050882 0.489148
4 1 0.070914 0.143200 0.185078 0.040120 0.560688
2 1 0.139854 0.145431 0.419005 0.104850 0.190860
2 1 0.092908 0.154640 0.545854 0.085762 0.120835
2 1 0.115694 0.164849 0.597839 0.066989 0.054628
2 1 0.125018 0.207545 0.560844 0.049965 0.056628
2 1 0.263221 0.247785 0.422038 0.030699 0.036258
2 1 0.330455 0.284099 0.330992 0.022937 0.031517
2 1 0.218217 0.168320 0.547054 0.042293 0.024116
2 1 0.098228 0.095278 0.724347 0.066563 0.015585
2 1 0.158979 0.108059 0.628566 0.080197 0.024200
2 1 0.153783 0.143682 0.568916 0.094188 0.039431
2 1 0.148723 0.191180 0.518805 0.084175 0.057117
2 1 0.104969 0.166725 0.579555 0.097596 0.051154
2 1 0.083741 0.130677 0.650707 0.097097 0.037779
2 1 0.038032 0.097477 0.782031 0.052727 0.029733
2 1 0.016485 0.050715 0.885041 0.033339 0.014421
2 1 0.014697 0.032203 0.906906 0.038475 0.007719
2 1 0.027752 0.043215 0.883237 0.037323 0.008473
2 1 0.020809 0.039110 0.903748 0.027986 0.008346
2 1 0.017490 0.047156 0.898862 0.024434 0.012058
2 2 0.022819 0.045945 0.885423 0.034907 0.010906
2 2 0.053585 0.062495 0.821843 0.051083 0.010994
2 2 0.074613 0.083729 0.777985 0.051317 0.012355
2 2 0.098182 0.130400 0.699233 0.050927 0.021258
2 0 0.091953 0.149347 0.657682 0.065720 0.035298
2 1 0.128471 0.194268 0.559230 0.066921 0.051110
0 1 0.356678 0.282710 0.279917 0.027114 0.053581
1 1 0.304050 0.305529 0.274225 0.027383 0.088813
2 1 0.219664 0.257198 0.426258 0.038661 0.058219
2 1 0.240680 0.237219 0.421177 0.039062 0.061861
0 1 0.392376 0.206605 0.298488 0.032430 0.070102
0 1 0.389923 0.202721 0.306742 0.028433 0.072181
0 1 0.474386 0.205019 0.245734 0.017019 0.057841
0 1 0.404209 0.228985 0.276066 0.018702 0.072038
2 1 0.350642 0.210617 0.360945 0.025104 0.052692
2 1 0.221349 0.216598 0.479726 0.034709 0.047618
2 1 0.068510 0.151159 0.701735 0.045986 0.032610
2 1 0.058179 0.131706 0.745812 0.038332 0.025972
2 1 0.065669 0.135137 0.737107 0.038358 0.023729
2 1 0.054555 0.126878 0.757148 0.036453 0.024966
2 1 0.042816 0.105330 0.789093 0.037868 0.024892
2 1 0.029555 0.085885 0.831104 0.031188 0.022268
2 1 0.021406 0.067104 0.872526 0.023188 0.015776
2 1 0.020572 0.056344 0.889310 0.022349 0.011426
2 1 0.017439 0.027480 0.921059 0.029553 0.004469
2 2 0.026487 0.029021 0.909401 0.031429 0.003661
2 2 0.073350 0.045100 0.838301 0.039641 0.003608
2 2 0.080511 0.051677 0.827624 0.036442 0.003746
2 2 0.096363 0.068789 0.792535 0.037308 0.005006
2 1 0.107606 0.072647 0.773826 0.039806 0.006115
2 1 0.182891 0.105997 0.662522 0.037029 0.011561
2 1 0.151946 0.130883 0.669220 0.034964 0.012987
2 1 0.119068 0.220635 0.617195 0.022700 0.020402
2 1 0.080069 0.176666 0.698923 0.024680 0.019661
2 1 0.065299 0.168558 0.722808 0.022524 0.020810
2 1 0.047714 0.142709 0.764266 0.022797 0.022514
2 1 0.020669 0.074845 0.860473 0.023854 0.020159
2 1 0.065907 0.137391 0.747552 0.029972 0.019177
2 1 0.048444 0.151452 0.754189 0.022132 0.023782
2 1 0.039403 0.150913 0.749366 0.025807 0.034511
2 1 0.012545 0.037451 0.872073 0.060919 0.017011
2 1 0.012326 0.031297 0.863819 0.076938 0.015620
2 1 0.008859 0.016816 0.895091 0.072786 0.006448
2 1 0.009833 0.013436 0.876274 0.095757 0.004700
2 1 0.011342 0.013203 0.868994 0.102251 0.004211
2 1 0.016276 0.015848 0.864642 0.098971 0.004263
2 1 0.012768 0.012071 0.859295 0.112554 0.003312
2 1 0.009744 0.010771 0.875157 0.101119 0.003209
2 1 0.006593 0.007572 0.902706 0.081096 0.002034
2 1 0.006275 0.008006 0.916961 0.066791 0.001967
2 1 0.006437 0.007909 0.918695 0.065171 0.001787
2 2 0.005927 0.006168 0.907838 0.078581 0.001485
2 2 0.010601 0.007806 0.871405 0.108477 0.001711
2 2 0.011522 0.009105 0.886817 0.090650 0.001906
2 2 0.012123 0.010203 0.875813 0.099505 0.002356
2 2 0.009021 0.008346 0.894877 0.085809 0.001948
2 2 0.009789 0.008985 0.885903 0.093135 0.002187
2 2 0.009051 0.009331 0.911553 0.068002 0.002062
2 2 0.009629 0.010471 0.909023 0.068448 0.002430
2 2 0.008137 0.008407 0.914965 0.066572 0.001919
2 2 0.006543 0.006620 0.905663 0.079511 0.001664
2 2 0.005396 0.006020 0.922362 0.064759 0.001462
2 2 0.005941 0.006245 0.917725 0.068626 0.001463
2 2 0.005993 0.005207 0.904591 0.083016 0.001193
2 2 0.007395 0.005478 0.883995 0.101885 0.001246
2 2 0.008887 0.005773 0.869101 0.114955 0.001284
2 2 0.009518 0.005257 0.820371 0.163570 0.001284
2 2 0.008609 0.004803 0.799185 0.186103 0.001300
2 2 0.009381 0.005224 0.754390 0.229431 0.001574
2 2 0.011661 0.005432 0.704522 0.276776 0.001609
2 2 0.012964 0.005724 0.680567 0.298998 0.001747
2 2 0.012314 0.005408 0.666201 0.314327 0.001749
2 2 0.013535 0.006194 0.662657 0.315585 0.002028
2 2 0.012193 0.005444 0.650940 0.329605 0.001818
2 2 0.014015 0.006386 0.677212 0.300379 0.002008
2 2 0.011977 0.005429 0.629267 0.351351 0.001976
2 2 0.013537 0.006260 0.652307 0.325754 0.002142
2 2 0.012692 0.005863 0.637408 0.342027 0.002011
2 2 0.013828 0.006783 0.617011 0.359937 0.002441
2 3 0.011765 0.006016 0.535156 0.444431 0.002633
3 3 0.008168 0.004367 0.409752 0.575333 0.002380
3 3 0.006943 0.003750 0.366288 0.620814 0.002205
3 3 0.006447 0.003773 0.308614 0.678661 0.002505
3 3 0.005200 0.003156 0.252964 0.736294 0.002386
3 3 0.004280 0.002658 0.214880 0.775994 0.002187
3 3 0.003824 0.002303 0.207114 0.784733 0.002026
3 3 0.003748 0.002214 0.208246 0.783754 0.002038
3 3 0.003854 0.002191 0.226440 0.765609 0.001907
3 3 0.005107 0.002967 0.262619 0.726925 0.002382
3 3 0.005141 0.002928 0.273935 0.715760 0.002236
3 3 0.005114 0.002816 0.287885 0.702091 0.002094
3 3 0.005030 0.002770 0.285247 0.704896 0.002057
3 3 0.005466 0.003044 0.295252 0.694018 0.002220
3 3 0.004452 0.002502 0.255288 0.735776 0.001981
3 3 0.004218 0.002431 0.237054 0.754305 0.001992
3 3 0.003583 0.002175 0.194335 0.797875 0.002033
3 3 0.002555 0.001604 0.145426 0.848638 0.001777
3 3 0.002139 0.001583 0.099277 0.895034 0.001967
3 3 0.001518 0.001188 0.070437 0.925079 0.001778
3 3 0.001621 0.001332 0.068569 0.926536 0.001942
3 3 0.002072 0.001728 0.078303 0.915399 0.002499
3 3 0.002250 0.001813 0.087225 0.906139 0.002573
3 3 0.001919 0.001486 0.083503 0.910933 0.002158
3 3 0.001241 0.000914 0.067201 0.929191 0.001454
3 3 0.001418 0.001062 0.072907 0.923075 0.001538
3 3 0.001110 0.000846 0.059910 0.936830 0.001305
3 3 0.001010 0.000780 0.055491 0.941529 0.001189
3 3 0.000742 0.000564 0.046817 0.951010 0.000866
3 3 0.000846 0.000650 0.050066 0.947446 0.000992
3 3 0.000808 0.000646 0.046097 0.951496 0.000953
3 3 0.000951 0.000793 0.048241 0.948885 0.001131
3 3 0.000871 0.000744 0.044256 0.953090 0.001039
3 3 0.000911 0.000774 0.045796 0.951433 0.001086
3 3 0.000940 0.000758 0.050086 0.947105 0.001112
3 3 0.001183 0.000962 0.057267 0.939181 0.001407
3 3 0.001401 0.001127 0.064431 0.931373 0.001668
3 3 0.001256 0.000972 0.063440 0.932848 0.001484
3 3 0.001272 0.000972 0.064962 0.931295 0.001500
3 3 0.001181 0.000877 0.064458 0.932099 0.001385
3 3 0.001194 0.000890 0.064549 0.931965 0.001401
3 3 0.001157 0.000847 0.064870 0.931772 0.001353
3 3 0.001362 0.001014 0.070137 0.925886 0.001601
3 3 0.001251 0.000925 0.067173 0.929184 0.001467
3 3 0.001331 0.001044 0.064527 0.931520 0.001577
3 3 0.001338 0.001051 0.064664 0.931361 0.001586
3 3 0.001543 0.001258 0.067215 0.928141 0.001844
3 3 0.001471 0.001173 0.067274 0.928331 0.001751
3 3 0.001706 0.001414 0.069995 0.924837 0.002048
3 3 0.001378 0.001102 0.064273 0.931608 0.001639
3 3 0.001170 0.000933 0.058311 0.938198 0.001387
3 3 0.001082 0.000861 0.055734 0.941042 0.001281
3 3 0.001170 0.000941 0.057578 0.938922 0.001389
3 3 0.001247 0.001022 0.058471 0.937775 0.001486
3 3 0.001558 0.001304 0.065340 0.929927 0.001871
3 3 0.001513 0.001244 0.065685 0.929747 0.001811
3 3 0.001750 0.001425 0.073819 0.921026 0.001980
3 3 0.001650 0.001325 0.072344 0.922804 0.001877
3 3 0.001473 0.001175 0.067227 0.928370 0.001754
3 3 0.001404 0.001137 0.063928 0.931857 0.001674
3 3 0.001362 0.001122 0.061404 0.934484 0.001628
3 3 0.001290 0.001113 0.055819 0.940227 0.001551
3 3 0.001061 0.000921 0.048979 0.947765 0.001273
3 3 0.001367 0.001239 0.054147 0.941590 0.001658
3 3 0.001101 0.000937 0.051489 0.945155 0.001317
3 3 0.001594 0.001400 0.062166 0.932911 0.001929
3 3 0.001335 0.001099 0.060681 0.935291 0.001594
3 3 0.001492 0.001250 0.063492 0.931977 0.001790
3 3 0.001303 0.001034 0.062755 0.933360 0.001547
3 3 0.001573 0.001294 0.067275 0.927974 0.001884
3 3 0.001508 0.001199 0.068635 0.926880 0.001778
3 3 0.001745 0.001392 0.076039 0.918887 0.001938
3 3 0.001575 0.001245 0.071613 0.923759 0.001808
3 3 0.001720 0.001374 0.074544 0.920382 0.001980
3 3 0.001163 0.000903 0.060187 0.936373 0.001373
3 3 0.001390 0.001116 0.064250 0.931590 0.001654
3 3 0.001052 0.000822 0.056053 0.940831 0.001241
3 3 0.000915 0.000724 0.050503 0.946780 0.001079
3 3 0.000886 0.000702 0.049362 0.948005 0.001044
3 3 0.001148 0.000928 0.056580 0.939979 0.001364
3 3 0.001089 0.000881 0.054673 0.942065 0.001292
3 3 0.001895 0.001572 0.078024 0.916610 0.001898
3 3 0.003196 0.002513 0.122297 0.869494 0.002500
3 3 0.009595 0.007225 0.272100 0.706258 0.004822
2 3 0.036725 0.029145 0.548541 0.374781 0.010808
2 3 0.054133 0.045152 0.610298 0.276375 0.014042
2 3 0.077968 0.065796 0.674890 0.165704 0.015643
2 3 0.078485 0.060208 0.733856 0.116080 0.011370
2 3 0.110171 0.102454 0.707053 0.065939 0.014383
2 2 0.051861 0.052229 0.788155 0.093305 0.014450
2 2 0.049134 0.066247 0.713052 0.128329 0.043239
2 2 0.083002 0.094047 0.566071 0.167209 0.089671
2 2 0.038405 0.061237 0.431813 0.336781 0.131764
4 2 0.077507 0.120137 0.295017 0.152235 0.355104
2 4 0.055142 0.092129 0.353653 0.209828 0.289247
4 4 0.089098 0.118865 0.212959 0.080313 0.498765
4 4 0.085403 0.125019 0.288362 0.110244 0.390972
2 4 0.085109 0.159433 0.345907 0.102475 0.307075
4 4 0.081335 0.177688 0.332480 0.071044 0.337452
4 4 0.080941 0.153649 0.156699 0.036814 0.571897
4 4 0.102479 0.164027 0.288330 0.070085 0.375078
2 4 0.192212 0.193093 0.281475 0.067895 0.265325
4 4 0.072154 0.098211 0.309829 0.119655 0.400151
4 4 0.065939 0.107583 0.242233 0.063363 0.520882
4 4 0.077262 0.098870 0.108197 0.023088 0.692582
4 4 0.076604 0.108464 0.176490 0.046839 0.591603
4 4 0.107543 0.115830 0.155856 0.056935 0.563836
4 4 0.106933 0.132607 0.234245 0.094473 0.431742
4 4 0.068995 0.109697 0.221945 0.057987 0.541376
4 4 0.070559 0.107812 0.263244 0.072942 0.485442
4 4 0.078455 0.099974 0.226831 0.072390 0.522350
4 4 0.107142 0.100324 0.204110 0.081147 0.507276
4 4 0.131926 0.098663 0.170470 0.092753 0.506187
4 4 0.167131 0.093008 0.084857 0.050767 0.604238
