0 0 0.662208 0.097298 0.025494 0.006655 0.208345
0 0 0.667477 0.099517 0.027661 0.008118 0.197226
0 0 0.678812 0.098801 0.028143 0.009038 0.185206
0 0 0.676053 0.102342 0.030670 0.009545 0.181389
0 0 0.643432 0.103336 0.028237 0.006123 0.218872
0 0 0.476467 0.129638 0.039333 0.004666 0.349895
4 0 0.378815 0.114274 0.027347 0.001623 0.477941
4 0 0.364760 0.129002 0.036996 0.002741 0.466501
4 0 0.307855 0.110066 0.025390 0.001092 0.555596
4 0 0.323153 0.096922 0.018684 0.000697 0.560543
4 0 0.325696 0.076194 0.010680 0.000273 0.587157
0 0 0.597767 0.062007 0.007347 0.000474 0.332405
0 0 0.646435 0.073713 0.011924 0.001398 0.266531
0 0 0.744849 0.065874 0.011330 0.001961 0.175986
0 0 0.702617 0.084803 0.019325 0.004154 0.189101
0 0 0.723946 0.088904 0.023951 0.007284 0.155914
0 0 0.780610 0.078939 0.023411 0.012938 0.104102
0 0 0.780571 0.079210 0.023790 0.013579 0.102850
0 0 0.818840 0.068339 0.021856 0.020921 0.070044
0 0 0.843227 0.060063 0.017355 0.016103 0.063253
0 0 0.796490 0.074957 0.022813 0.015446 0.090295
0 0 0.718279 0.096422 0.030635 0.012582 0.142082
0 0 0.613846 0.113928 0.034606 0.007694 0.229926
0 0 0.586174 0.105816 0.026461 0.003632 0.277918
0 0 0.463191 0.101868 0.021132 0.001391 0.412418
4 0 0.387364 0.102665 0.021000 0.000972 0.488000
4 0 0.319357 0.087417 0.014597 0.000403 0.578226
4 0 0.268486 0.089967 0.016278 0.000453 0.624815
4 0 0.324981 0.109739 0.024960 0.001089 0.539230
4 0 0.282114 0.104995 0.023128 0.000881 0.588882
0 0 0.639457 0.096068 0.022455 0.003038 0.238982
0 0 0.456528 0.123855 0.033977 0.002822 0.382818
0 0 0.590906 0.104682 0.025628 0.003017 0.275767
0 0 0.675817 0.096816 0.025584 0.005705 0.196078
0 0 0.659466 0.104190 0.030298 0.007737 0.198310
0 0 0.651212 0.100885 0.027107 0.006317 0.214479
0 0 0.620758 0.091733 0.019520 0.002668 0.265321
0 0 0.653163 0.096911 0.024883 0.006835 0.218208
0 0 0.629791 0.090815 0.019775 0.003795 0.255824
0 0 0.460913 0.106868 0.024497 0.002797 0.404925
4 0 0.359174 0.128101 0.037352 0.003952 0.471421
4 0 0.304900 0.137652 0.045109 0.004282 0.508057
4 0 0.344801 0.138163 0.045083 0.004949 0.467003
4 0 0.256402 0.131524 0.041538 0.003049 0.567487
4 0 0.284449 0.141279 0.048754 0.004656 0.520862
4 0 0.199403 0.127896 0.041460 0.002272 0.628970
4 0 0.230161 0.134388 0.044740 0.002875 0.587837
4 0 0.321888 0.145979 0.051540 0.004987 0.475607
4 0 0.405150 0.135397 0.042619 0.004736 0.412098
0 0 0.474900 0.126652 0.037369 0.004892 0.356187
0 0 0.493128 0.121676 0.034077 0.004243 0.346877
0 0 0.453431 0.123116 0.033895 0.003390 0.386168
4 0 0.401056 0.128636 0.036862 0.003052 0.430395
4 0 0.396532 0.140439 0.045818 0.004040 0.413170
4 0 0.288980 0.123728 0.034196 0.001843 0.551254
4 0 0.395088 0.120235 0.030381 0.001742 0.452554
4 4 0.219103 0.138044 0.040856 0.001524 0.600473
4 4 0.114416 0.187002 0.081774 0.002123 0.614684
4 4 0.085417 0.204358 0.105769 0.002482 0.601974
4 4 0.054113 0.218693 0.146293 0.003364 0.577537
4 4 0.008423 0.224640 0.334725 0.005029 0.427182
4 4 0.008379 0.231506 0.351397 0.004939 0.403778
4 4 0.008287 0.228720 0.344865 0.004898 0.413231
4 4 0.008349 0.236525 0.364074 0.004876 0.386176
4 4 0.008216 0.234138 0.358451 0.004802 0.394392
4 4 0.008247 0.238641 0.369852 0.004787 0.378472
4 4 0.008171 0.218193 0.320491 0.004902 0.448244
4 4 0.008579 0.221751 0.327548 0.005166 0.436955
4 4 0.008528 0.207677 0.296323 0.005253 0.482218
4 4 0.008831 0.212763 0.306649 0.005431 0.466327
4 4 0.008563 0.190908 0.261587 0.005434 0.533507
4 4 0.009132 0.199978 0.278779 0.005779 0.506332
4 4 0.008649 0.195665 0.265251 0.005024 0.525411
4 4 0.008253 0.200672 0.282152 0.005111 0.503812
4 4 0.008366 0.212036 0.306198 0.005096 0.468304
4 4 0.009058 0.235728 0.359922 0.005386 0.389906
2 4 0.009981 0.242379 0.374464 0.005983 0.367192
2 4 0.010453 0.242444 0.373400 0.006323 0.367380
4 4 0.011367 0.238962 0.362293 0.007035 0.380343
4 1 0.011466 0.231451 0.343620 0.007200 0.406262
4 4 0.013485 0.231949 0.341073 0.008741 0.404753
4 4 0.012587 0.226550 0.329987 0.008120 0.422756
4 4 0.011233 0.200046 0.275079 0.007408 0.506233
4 4 0.008414 0.180546 0.240215 0.005291 0.565533
4 4 0.009282 0.179350 0.230670 0.005415 0.575282
4 4 0.010278 0.218314 0.315709 0.006455 0.449244
2 4 0.011850 0.256529 0.408890 0.007170 0.315561
2 1 0.020008 0.293337 0.415056 0.006670 0.264929
2 1 0.042115 0.325874 0.380872 0.007113 0.244026
2 1 0.081454 0.355860 0.357265 0.007264 0.198157
2 1 0.107344 0.371769 0.391510 0.008257 0.121121
2 1 0.136695 0.368272 0.408713 0.010043 0.076277
2 1 0.166584 0.367594 0.381854 0.009891 0.074078
1 0 0.200843 0.374091 0.333970 0.007362 0.083733
1 1 0.238807 0.368052 0.289991 0.006429 0.096722
1 0 0.231064 0.366847 0.299510 0.007094 0.095485
1 1 0.211016 0.358597 0.326503 0.010097 0.093787
1 1 0.216259 0.356603 0.320575 0.010223 0.096340
1 1 0.238693 0.355829 0.293895 0.008711 0.102872
1 1 0.235448 0.360760 0.296279 0.007943 0.099570
1 1 0.189483 0.370589 0.349948 0.008516 0.081464
2 1 0.165112 0.369909 0.382962 0.009375 0.072643
2 2 0.173394 0.351837 0.377655 0.014181 0.082933
2 2 0.144681 0.337756 0.424654 0.020647 0.072262
2 2 0.124518 0.315571 0.469973 0.034401 0.055537
2 4 0.104118 0.259322 0.534111 0.057703 0.044745
2 4 0.083445 0.203439 0.596624 0.083016 0.033476
2 4 0.114699 0.220549 0.533236 0.091625 0.039891
2 2 0.136133 0.242952 0.492431 0.084667 0.043817
2 4 0.085130 0.201484 0.587307 0.093157 0.032921
2 4 0.102060 0.238027 0.555180 0.068771 0.035962
2 4 0.138241 0.254904 0.499427 0.068070 0.039358
2 0 0.170265 0.254875 0.456745 0.073336 0.044779
2 1 0.247141 0.276007 0.350177 0.058768 0.067907
2 1 0.284405 0.277094 0.295738 0.051875 0.090888
0 2 0.300900 0.276173 0.266770 0.049582 0.106575
1 2 0.279005 0.290671 0.279374 0.037899 0.113051
2 2 0.230742 0.308459 0.323832 0.033058 0.103908
2 2 0.203586 0.313377 0.348616 0.031761 0.102660
2 2 0.220416 0.307071 0.349282 0.041276 0.081955
2 2 0.014948 0.077975 0.827392 0.061393 0.018292
2 2 0.015303 0.072200 0.820252 0.072290 0.019955
2 2 0.012888 0.053719 0.821094 0.092341 0.019958
2 2 0.011276 0.042023 0.813172 0.113422 0.020107
2 2 0.011974 0.036607 0.776145 0.153911 0.021363
2 2 0.010649 0.027147 0.734714 0.208369 0.019121
2 2 0.008649 0.017242 0.656277 0.301872 0.015959
2 2 0.005676 0.010790 0.631937 0.339845 0.011752
2 2 0.004447 0.008283 0.615080 0.363299 0.008891
2 2 0.003577 0.006382 0.587132 0.396253 0.006656
2 2 0.003857 0.005967 0.522965 0.461515 0.005696
3 3 0.004111 0.005248 0.434458 0.551738 0.004445
3 3 0.004056 0.004092 0.329408 0.659451 0.002993
3 3 0.003406 0.002855 0.251711 0.740171 0.001858
3 3 0.002636 0.001909 0.196685 0.797637 0.001133
3 3 0.002784 0.001807 0.168191 0.826217 0.001002
3 3 0.002752 0.001783 0.167350 0.827128 0.000987
3 3 0.003337 0.002319 0.191615 0.801385 0.001344
3 3 0.002751 0.001887 0.182512 0.811766 0.001083
3 3 0.003071 0.001923 0.161603 0.832359 0.001044
3 3 0.002926 0.001619 0.132247 0.862395 0.000814
3 3 0.003230 0.001692 0.123090 0.871166 0.000822
3 3 0.002935 0.001420 0.106666 0.888323 0.000657
3 3 0.003296 0.001466 0.094853 0.899740 0.000644
3 3 0.003185 0.001296 0.081366 0.913615 0.000539
3 3 0.003714 0.001544 0.086546 0.907544 0.000651
3 3 0.003736 0.001455 0.077724 0.916496 0.000589
3 3 0.004080 0.001552 0.075794 0.917954 0.000619
3 3 0.002972 0.001057 0.064190 0.931377 0.000404
3 3 0.002595 0.000910 0.061179 0.934972 0.000344
3 3 0.002125 0.000718 0.055530 0.941362 0.000265
3 3 0.002294 0.000789 0.058003 0.938619 0.000295
3 3 0.002338 0.000818 0.059936 0.936599 0.000309
3 3 0.002480 0.000958 0.071532 0.924644 0.000385
3 3 0.002282 0.000984 0.084650 0.911662 0.000423
3 3 0.002253 0.000991 0.087334 0.908990 0.000431
3 3 0.002613 0.001187 0.094442 0.901230 0.000528
3 3 0.002314 0.000939 0.076709 0.919649 0.000389
3 3 0.002209 0.000944 0.082938 0.913507 0.000403
3 3 0.001885 0.000753 0.072128 0.924926 0.000308
3 3 0.002134 0.000824 0.069557 0.927155 0.000330
3 3 0.002254 0.000799 0.060895 0.935747 0.000304
3 3 0.003412 0.001297 0.073469 0.921305 0.000517
3 3 0.003347 0.001287 0.074655 0.920195 0.000516
3 3 0.004253 0.001791 0.090388 0.902806 0.000762
3 3 0.003419 0.001399 0.083102 0.911496 0.000584
3 3 0.003843 0.001527 0.080740 0.913264 0.000626
3 3 0.003363 0.001342 0.079538 0.915205 0.000551
3 3 0.003635 0.001509 0.086036 0.908184 0.000636
3 3 0.003412 0.001390 0.082448 0.912172 0.000578
3 3 0.003554 0.001518 0.089772 0.904506 0.000650
3 3 0.004396 0.001938 0.097989 0.894829 0.000848
3 3 0.005011 0.002388 0.113541 0.877962 0.001098
3 3 0.004941 0.002415 0.117983 0.873534 0.001128
3 3 0.004011 0.002023 0.119988 0.873016 0.000962
3 3 0.003751 0.001825 0.112027 0.881549 0.000848
3 3 0.004255 0.001936 0.102592 0.890353 0.000864
3 3 0.003969 0.001665 0.088779 0.904881 0.000706
3 3 0.003774 0.001540 0.084098 0.909947 0.000642
3 3 0.003333 0.001383 0.084664 0.910039 0.000582
3 3 0.003385 0.001179 0.063331 0.931661 0.000445
3 3 0.003444 0.001141 0.058421 0.936575 0.000418
3 3 0.003089 0.001060 0.060802 0.934653 0.000396
3 3 0.003138 0.001145 0.067690 0.927581 0.000445
3 3 0.003444 0.001402 0.082535 0.912035 0.000583
3 3 0.003009 0.001256 0.084035 0.911170 0.000530
3 3 0.003228 0.001498 0.101253 0.893345 0.000675
3 3 0.003690 0.001654 0.097786 0.896141 0.000730
3 3 0.003719 0.001590 0.090608 0.903402 0.000682
3 3 0.004105 0.001748 0.091489 0.901910 0.000748
3 3 0.004067 0.001708 0.089321 0.904178 0.000725
3 3 0.003063 0.001368 0.094265 0.900701 0.000602
3 3 0.002764 0.001152 0.082706 0.912892 0.000486
3 3 0.003227 0.001279 0.078069 0.916903 0.000523
3 3 0.002660 0.000937 0.061986 0.934061 0.000356
3 3 0.002551 0.000864 0.057534 0.938731 0.000320
3 3 0.002265 0.000733 0.052196 0.944542 0.000264
3 3 0.002273 0.000695 0.047362 0.949429 0.000241
3 3 0.002722 0.000800 0.045703 0.950503 0.000272
3 3 0.002364 0.000746 0.050355 0.946271 0.000264
3 3 0.002504 0.000815 0.053570 0.942817 0.000294
3 3 0.002855 0.001020 0.064208 0.931527 0.000391
3 3 0.004050 0.001642 0.084231 0.909395 0.000682
3 3 0.007052 0.003863 0.149251 0.837894 0.001941
3 3 0.013021 0.008763 0.221038 0.752153 0.005025
3 2 0.016307 0.015418 0.353352 0.603981 0.010942
2 2 0.020886 0.034623 0.581548 0.344259 0.018684
2 2 0.019365 0.063125 0.765335 0.129868 0.022307
2 2 0.020960 0.097770 0.790196 0.067457 0.023617
2 2 0.023270 0.115200 0.778927 0.058839 0.023764
2 2 0.022095 0.098643 0.782681 0.071521 0.025059
2 2 0.017145 0.072247 0.802967 0.084649 0.022992
2 2 0.016838 0.068107 0.800665 0.090925 0.023464
2 2 0.019069 0.072963 0.785602 0.096322 0.026043
2 2 0.025696 0.087576 0.747130 0.106676 0.032922
2 2 0.023446 0.075783 0.749082 0.119066 0.032622
2 2 0.022971 0.083600 0.764535 0.099206 0.029688
2 0 0.023539 0.091494 0.767843 0.088467 0.028657
2 1 0.026411 0.090091 0.745638 0.107879 0.029981
2 0 0.023233 0.086975 0.767622 0.097821 0.024349
2 0 0.079733 0.180785 0.607044 0.085465 0.046972
2 0 0.096732 0.194557 0.570563 0.085705 0.052442
2 0 0.126866 0.221232 0.518196 0.079955 0.053752
2 1 0.138583 0.242011 0.488152 0.074398 0.056857
2 1 0.142818 0.303503 0.436126 0.045847 0.071707
2 2 0.103518 0.313895 0.466403 0.031925 0.084258
2 2 0.090692 0.320799 0.460561 0.025921 0.102027
2 2 0.073643 0.305043 0.502070 0.032087 0.087157
2 2 0.052476 0.275214 0.582689 0.038312 0.051309
2 2 0.041768 0.202122 0.671536 0.048942 0.035632
2 2 0.025020 0.103022 0.764795 0.078852 0.028311
2 2 0.025456 0.110197 0.764832 0.072015 0.027500
2 2 0.024883 0.102440 0.765429 0.079011 0.028237
2 2 0.022106 0.084609 0.773235 0.093280 0.026770
2 2 0.022993 0.087219 0.769059 0.094270 0.026459
2 2 0.034640 0.138258 0.720650 0.075259 0.031193
2 2 0.032440 0.141804 0.730338 0.064783 0.030635
2 2 0.047738 0.206359 0.660853 0.048954 0.036096
2 2 0.048864 0.205825 0.657523 0.050578 0.037210
2 2 0.055494 0.238887 0.629013 0.038920 0.037686
2 2 0.103620 0.314805 0.494846 0.029489 0.057241
2 2 0.102217 0.316076 0.501499 0.028768 0.051441
2 2 0.143424 0.340291 0.433588 0.020408 0.062289
2 2 0.164093 0.348434 0.404603 0.017349 0.065520
2 1 0.170865 0.347486 0.399123 0.018078 0.064449
2 1 0.181098 0.341983 0.390174 0.020736 0.066009
2 2 0.184312 0.336210 0.390976 0.024212 0.064290
2 2 0.182982 0.335012 0.396750 0.025604 0.059653
2 2 0.206524 0.342502 0.369238 0.020832 0.060904
2 2 0.210434 0.341229 0.363869 0.021017 0.063450
2 2 0.187769 0.338065 0.391913 0.023975 0.058278
2 2 0.221977 0.344581 0.351572 0.018848 0.063022
1 2 0.275082 0.334205 0.294662 0.017154 0.078897
1 2 0.256797 0.328031 0.315004 0.022739 0.077429
2 2 0.239057 0.326896 0.335751 0.026297 0.071999
2 0 0.221491 0.336453 0.351225 0.022361 0.068470
2 1 0.147298 0.337482 0.439087 0.023241 0.052892
2 1 0.120751 0.342268 0.467649 0.017940 0.051393
2 1 0.127036 0.344235 0.457352 0.017685 0.053693
2 1 0.082049 0.318662 0.535659 0.021221 0.042410
2 1 0.075968 0.290115 0.566754 0.028033 0.039130
2 1 0.087797 0.289623 0.546461 0.033957 0.042162
2 1 0.109377 0.293858 0.511100 0.040131 0.045533
2 2 0.132831 0.293191 0.475191 0.047899 0.050888
2 2 0.114992 0.284554 0.506531 0.047557 0.046367
2 2 0.090885 0.270305 0.550283 0.047253 0.041274
2 2 0.109550 0.322396 0.497694 0.027194 0.043166
2 2 0.093853 0.324883 0.520552 0.021736 0.038976
2 2 0.095553 0.336156 0.510934 0.016755 0.040602
2 2 0.071293 0.304184 0.565828 0.020949 0.037747
2 2 0.069773 0.288434 0.580500 0.022031 0.039263
2 2 0.068406 0.275243 0.590823 0.025510 0.040018
2 2 0.079721 0.272132 0.574835 0.030314 0.042999
2 2 0.069724 0.226724 0.621376 0.041961 0.040214
2 2 0.141002 0.312069 0.461894 0.033143 0.051892
2 2 0.177697 0.328090 0.406458 0.030475 0.057280
2 2 0.231174 0.332397 0.350104 0.025447 0.060878
2 2 0.227555 0.329850 0.354623 0.027417 0.060555
1 2 0.267263 0.327174 0.316332 0.024583 0.064648
1 2 0.294116 0.328259 0.291100 0.020201 0.066325
1 2 0.242868 0.342252 0.335409 0.019084 0.060386
2 2 0.214599 0.345097 0.364983 0.019930 0.055392
2 2 0.206407 0.346948 0.373111 0.019427 0.054107
2 2 0.230929 0.347239 0.347831 0.018018 0.055983
1 2 0.258271 0.340012 0.324962 0.019412 0.057342
2 2 0.191475 0.331707 0.398922 0.029361 0.048535
2 2 0.145433 0.322428 0.453446 0.033886 0.044807
2 2 0.144821 0.323066 0.454419 0.033364 0.044330
2 2 0.181861 0.341195 0.404271 0.023217 0.049457
2 2 0.188256 0.342081 0.394746 0.022421 0.052495
2 2 0.188680 0.332024 0.395434 0.028133 0.055729
2 2 0.153930 0.319434 0.440085 0.036697 0.049854
2 2 0.189850 0.330915 0.396191 0.029158 0.053886
2 0 0.221780 0.339952 0.360147 0.022305 0.055816
1 1 0.238874 0.340339 0.331161 0.018760 0.070867
1 1 0.215091 0.348918 0.334676 0.013961 0.087353
1 1 0.219935 0.340253 0.319657 0.014650 0.105506
1 0 0.217323 0.341500 0.316145 0.014044 0.110987
2 0 0.171739 0.346786 0.347632 0.014566 0.119276
1 0 0.157165 0.335885 0.294444 0.011752 0.200754
4 0 0.015656 0.213313 0.244895 0.005217 0.520919
4 0 0.022634 0.249665 0.292806 0.006734 0.428161
4 0 0.035591 0.280483 0.301320 0.006875 0.375731
2 0 0.056800 0.319337 0.334522 0.008041 0.281300
2 1 0.088153 0.349003 0.386965 0.010992 0.164888
2 1 0.149292 0.352592 0.371259 0.013664 0.113192
1 1 0.251017 0.351793 0.280777 0.008567 0.107846
1 1 0.319290 0.339877 0.233267 0.007452 0.100115
0 1 0.396105 0.319165 0.186478 0.006081 0.092172
0 1 0.445707 0.299308 0.161527 0.005952 0.087506
0 1 0.376831 0.320928 0.220248 0.010914 0.071079
1 1 0.317968 0.331862 0.262246 0.013991 0.073934
1 1 0.296878 0.332903 0.275815 0.015243 0.079162
1 1 0.299468 0.331603 0.264718 0.013588 0.090623
1 0 0.275107 0.340588 0.278620 0.012122 0.093563
1 1 0.247895 0.346808 0.288775 0.010429 0.106093
1 1 0.223678 0.354174 0.312174 0.010265 0.099709
1 1 0.250076 0.363271 0.280614 0.006697 0.099342
1 1 0.296493 0.355640 0.248409 0.006201 0.093258
1 1 0.299363 0.350354 0.259967 0.008411 0.081906
0 1 0.347667 0.333570 0.235937 0.009901 0.072925
0 1 0.380867 0.316674 0.215667 0.011220 0.075572
0 1 0.441408 0.284623 0.173379 0.011501 0.089088
0 0 0.526797 0.230916 0.120399 0.012208 0.109681
0 0 0.551285 0.194670 0.090568 0.011348 0.152129
0 0 0.522249 0.175252 0.074721 0.009565 0.218213
0 0 0.433729 0.164046 0.062295 0.005961 0.333969
4 0 0.280001 0.192985 0.083990 0.005611 0.437413
4 0 0.209786 0.272100 0.152501 0.005767 0.359846
1 0 0.131595 0.349891 0.264395 0.005404 0.248715
1 0 0.200110 0.347869 0.225697 0.004745 0.221579
1 0 0.257097 0.342432 0.234983 0.006710 0.158778
1 0 0.296870 0.309579 0.194572 0.007671 0.191308
1 0 0.188887 0.306552 0.221384 0.009893 0.273284
1 4 0.121106 0.318226 0.272608 0.010314 0.277747
4 4 0.062316 0.285206 0.274610 0.009461 0.368407
4 4 0.043861 0.255272 0.236882 0.006715 0.457270
4 4 0.021147 0.192610 0.178994 0.004264 0.602984
4 4 0.010263 0.135150 0.128302 0.003029 0.723255
4 4 0.009957 0.138105 0.133182 0.002982 0.715773
4 4 0.010454 0.117052 0.100936 0.002634 0.768924
4 4 0.010237 0.112960 0.099120 0.002910 0.774773
4 4 0.009918 0.103372 0.088037 0.002818 0.795856
4 4 0.011784 0.158985 0.169275 0.004500 0.655456
4 4 0.010973 0.157236 0.170083 0.004410 0.657299
4 4 0.010606 0.181941 0.229166 0.005890 0.572397
4 4 0.009147 0.181251 0.241680 0.005983 0.561938
4 4 0.008814 0.177888 0.231603 0.005355 0.576340
4 4 0.009330 0.206243 0.291452 0.005866 0.487108
4 4 0.009151 0.205922 0.291157 0.005734 0.488037
4 4 0.008929 0.191189 0.261410 0.005711 0.532761
4 4 0.009095 0.175764 0.231434 0.006002 0.577704
4 4 0.011125 0.161096 0.182990 0.005256 0.639534
4 4 0.011629 0.112623 0.095921 0.003111 0.776716
4 4 0.012879 0.110687 0.090934 0.003192 0.782308
4 4 0.018144 0.119958 0.090908 0.003303 0.767686
4 4 0.023012 0.135031 0.099451 0.003422 0.739084
4 4 0.027440 0.151392 0.107394 0.003125 0.710650
4 4 0.025833 0.166497 0.128759 0.003489 0.675422
4 4 0.021283 0.183614 0.161062 0.003719 0.630322
4 4 0.010687 0.223245 0.298066 0.004821 0.463182
4 4 0.011302 0.227052 0.293216 0.004439 0.463991
4 4 0.012059 0.230412 0.306070 0.005234 0.446226
2 4 0.016299 0.268481 0.371305 0.006211 0.337704
4 4 0.033131 0.298092 0.328303 0.005725 0.334750
2 4 0.053456 0.333356 0.337513 0.005764 0.269910
1 4 0.054733 0.322911 0.302130 0.005072 0.315154
2 0 0.044954 0.312047 0.323808 0.006173 0.313018
4 0 0.050421 0.306634 0.307451 0.006746 0.328748
2 0 0.043307 0.320304 0.384536 0.008507 0.243347
4 4 0.037047 0.291477 0.302422 0.005782 0.363272
4 4 0.020805 0.244512 0.269352 0.004963 0.460368
4 1 0.014023 0.199225 0.215848 0.004070 0.566835
4 4 0.018609 0.227699 0.246258 0.004619 0.502816
4 4 0.028281 0.281400 0.309539 0.005380 0.375399
4 4 0.024872 0.280146 0.324702 0.005470 0.364811
4 0 0.020946 0.269148 0.326793 0.005637 0.377477
4 0 0.021752 0.271075 0.328447 0.005791 0.372935
2 4 0.023440 0.301727 0.397610 0.006090 0.271133
2 4 0.023385 0.300694 0.395214 0.006096 0.274611
2 1 0.024477 0.290342 0.361676 0.006155 0.317349
2 4 0.023070 0.282689 0.348601 0.005938 0.339702
2 4 0.024141 0.302679 0.395827 0.006131 0.271222
2 1 0.030494 0.314633 0.389978 0.006261 0.258634
2 1 0.033106 0.324695 0.434821 0.007566 0.199813
2 1 0.066648 0.343607 0.368779 0.008039 0.212927
1 1 0.135883 0.351756 0.309858 0.008794 0.193708
1 0 0.160703 0.324332 0.272189 0.011919 0.230857
1 0 0.126174 0.308848 0.276934 0.013769 0.274276
1 0 0.117562 0.302167 0.268868 0.013284 0.298118
4 1 0.083767 0.301742 0.294364 0.012312 0.307814
4 1 0.057215 0.298684 0.295950 0.008255 0.339895
4 1 0.057846 0.296430 0.249943 0.004760 0.391020
4 0 0.053395 0.286181 0.234984 0.004216 0.421223
4 0 0.057200 0.295440 0.248407 0.004679 0.394275
4 1 0.095328 0.312751 0.237017 0.005315 0.349589
1 1 0.171042 0.324417 0.224407 0.006559 0.273574
0 0 0.397641 0.281840 0.151851 0.005995 0.162673
0 0 0.515934 0.223122 0.096774 0.005571 0.158599
0 0 0.631004 0.155052 0.059180 0.008496 0.146268
0 0 0.590077 0.151168 0.070153 0.020544 0.168058
0 0 0.579927 0.140200 0.062960 0.023864 0.193049
0 0 0.579586 0.139950 0.064816 0.029584 0.186064
0 0 0.546449 0.128323 0.042985 0.009817 0.272426
0 0 0.666277 0.101079 0.028652 0.008099 0.195892
0 0 0.690363 0.104469 0.036175 0.017940 0.151053
0 0 0.675354 0.105099 0.033586 0.012249 0.173711
0 0 0.594080 0.125213 0.044505 0.013279 0.222923
0 0 0.622552 0.111144 0.033237 0.008195 0.224872
0 0 0.743505 0.090661 0.029418 0.015495 0.120921
0 0 0.755871 0.094532 0.032398 0.015533 0.101666
0 0 0.646861 0.148696 0.061377 0.013653 0.129413
0 0 0.617127 0.154641 0.057688 0.007477 0.163068
0 0 0.520322 0.204722 0.088391 0.006648 0.179916
0 0 0.588006 0.171112 0.056935 0.003326 0.180621
0 0 0.574157 0.214271 0.080090 0.003466 0.128016
0 0 0.463001 0.259706 0.111987 0.003290 0.162016
0 0 0.456115 0.243824 0.111885 0.004957 0.183218
0 0 0.441070 0.208890 0.087702 0.005326 0.257012
0 0 0.373576 0.224926 0.101326 0.005746 0.294425
4 0 0.244505 0.194963 0.075697 0.003000 0.481835
4 0 0.278643 0.249447 0.104323 0.002817 0.364771
1 0 0.235785 0.320500 0.164661 0.002985 0.276069
1 0 0.245146 0.312459 0.159004 0.003183 0.280208
1 1 0.232397 0.332527 0.190195 0.003928 0.240953
1 1 0.226827 0.343367 0.211437 0.004500 0.213869
1 1 0.271676 0.341542 0.205422 0.004534 0.176826
1 1 0.303075 0.330226 0.192848 0.004729 0.169121
1 1 0.254133 0.361624 0.272592 0.006420 0.105231
1 1 0.186195 0.374157 0.348653 0.007868 0.083127
1 1 0.209063 0.367947 0.322649 0.008053 0.092288
1 1 0.188787 0.368029 0.318655 0.008026 0.116503
1 0 0.141766 0.369571 0.345567 0.008262 0.134834
1 0 0.116971 0.351187 0.322526 0.008710 0.200606
2 1 0.077501 0.341151 0.365668 0.009813 0.205866
1 1 0.088553 0.355531 0.353123 0.007754 0.195039
1 1 0.114115 0.359849 0.306626 0.006189 0.213220
2 1 0.100364 0.360837 0.375877 0.009145 0.153778
2 1 0.110501 0.364951 0.399536 0.009999 0.115013
2 1 0.150731 0.366834 0.390230 0.010340 0.081865
2 1 0.166479 0.359869 0.384815 0.011919 0.076917
2 1 0.147836 0.349570 0.414797 0.015463 0.072335
2 1 0.179795 0.344515 0.370592 0.016477 0.088621
2 1 0.188214 0.347736 0.358611 0.014795 0.090644
1 2 0.202782 0.355496 0.337758 0.011445 0.092519
1 2 0.223315 0.350251 0.313583 0.011306 0.101545
1 2 0.242558 0.340415 0.292836 0.012180 0.112012
1 2 0.248254 0.346392 0.285167 0.010029 0.110158
1 2 0.262893 0.346915 0.268677 0.008550 0.112965
1 2 0.304538 0.322757 0.216204 0.007954 0.148547
4 0 0.170364 0.283251 0.188799 0.008273 0.349313
4 1 0.096990 0.285812 0.231579 0.008800 0.376820
2 1 0.054321 0.307940 0.325348 0.008772 0.303621
2 1 0.024037 0.292577 0.427860 0.009513 0.246013
2 2 0.019944 0.287392 0.465743 0.010310 0.216611
2 2 0.013587 0.247393 0.379582 0.008590 0.350847
4 2 0.011589 0.199793 0.274003 0.007694 0.506921
4 2 0.013783 0.220487 0.362652 0.010284 0.392794
2 2 0.018057 0.197023 0.468079 0.020900 0.295941
2 2 0.020637 0.197895 0.487301 0.025014 0.269154
2 2 0.021694 0.176693 0.483967 0.032071 0.285575
2 2 0.022767 0.234274 0.462084 0.020434 0.260441
2 2 0.030267 0.247950 0.363852 0.022383 0.335548
2 2 0.029295 0.269773 0.427243 0.020663 0.253027
2 2 0.026445 0.279438 0.464983 0.017893 0.211241
2 2 0.019611 0.285083 0.498739 0.012298 0.184269
2 2 0.016875 0.286286 0.511525 0.010243 0.175070
2 2 0.016982 0.287730 0.520619 0.010265 0.164404
2 2 0.020540 0.289078 0.465149 0.010291 0.214942
2 2 0.023393 0.292661 0.507842 0.013361 0.162743
2 2 0.023103 0.292016 0.555351 0.014454 0.115076
2 2 0.028719 0.299391 0.524563 0.015271 0.132055
2 2 0.038999 0.316957 0.478961 0.013254 0.151829
2 2 0.059378 0.343689 0.460053 0.011126 0.125754
2 2 0.087654 0.357672 0.455896 0.011103 0.087674
2 2 0.112615 0.347940 0.470244 0.014327 0.054874
2 2 0.097588 0.338485 0.499148 0.015864 0.048915
2 1 0.140032 0.357436 0.423845 0.012726 0.065960
2 2 0.170979 0.345171 0.391030 0.017894 0.074927
1 2 0.256251 0.323766 0.305606 0.022369 0.092008
2 2 0.011076 0.102078 0.852383 0.024372 0.010090
2 2 0.011862 0.101841 0.848072 0.027175 0.011050
2 2 0.010081 0.080719 0.866206 0.032246 0.010747
2 2 0.015884 0.123951 0.816886 0.029498 0.013781
2 1 0.019504 0.163820 0.774102 0.024960 0.017614
2 2 0.025449 0.206933 0.719455 0.024346 0.023818
2 2 0.018993 0.179419 0.765701 0.020119 0.015768
2 2 0.018626 0.164746 0.781263 0.021956 0.013409
2 2 0.016235 0.137590 0.808040 0.025110 0.013025
2 2 0.015457 0.133222 0.814010 0.024763 0.012549
2 2 0.012207 0.116673 0.838717 0.022118 0.010285
2 2 0.011068 0.108888 0.848849 0.021623 0.009571
2 2 0.007092 0.075366 0.889108 0.021261 0.007173
2 2 0.006888 0.072754 0.891606 0.021652 0.007099
2 2 0.007418 0.081319 0.884230 0.019869 0.007164
2 2 0.007353 0.079715 0.885420 0.020318 0.007194
2 2 0.007051 0.077564 0.888426 0.020001 0.006958
2 2 0.007916 0.081186 0.881056 0.022034 0.007808
2 2 0.009037 0.088091 0.870854 0.023317 0.008702
2 2 0.015154 0.125026 0.819898 0.027044 0.012878
2 2 0.017636 0.141941 0.797434 0.027436 0.015553
2 2 0.049693 0.272133 0.607894 0.031630 0.038650
2 1 0.088897 0.310425 0.505116 0.030540 0.065022
2 1 0.113903 0.310752 0.478683 0.030932 0.065730
2 0 0.108982 0.285092 0.502118 0.036009 0.067799
2 1 0.076887 0.250498 0.585859 0.034782 0.051974
2 1 0.042360 0.246488 0.636224 0.026683 0.048245
2 2 0.021227 0.230440 0.671113 0.019151 0.058069
2 2 0.026334 0.283728 0.604156 0.017048 0.068734
2 2 0.005642 0.090205 0.860885 0.016348 0.026920
2 2 0.005849 0.091819 0.850296 0.017521 0.034515
2 2 0.004565 0.062541 0.881805 0.022952 0.028138
2 2 0.005396 0.062760 0.874905 0.028156 0.028784
2 2 0.006840 0.077564 0.861124 0.026653 0.027819
2 2 0.007039 0.075670 0.865243 0.027849 0.024199
2 2 0.006364 0.060048 0.880439 0.033794 0.019355
2 2 0.007411 0.060456 0.871912 0.040407 0.019815
2 2 0.007132 0.042657 0.873564 0.061750 0.014896
2 2 0.009514 0.053619 0.857049 0.063004 0.016815
2 2 0.011091 0.056444 0.847576 0.068919 0.015970
2 2 0.006669 0.035051 0.873760 0.072664 0.011856
2 2 0.005083 0.025405 0.876043 0.082871 0.010598
2 2 0.004812 0.023655 0.875186 0.085940 0.010407
2 2 0.004974 0.025239 0.878225 0.081201 0.010361
2 2 0.005373 0.028088 0.879642 0.076316 0.010580
2 2 0.005728 0.028840 0.873998 0.080208 0.011226
2 2 0.004911 0.025186 0.879588 0.080423 0.009892
2 2 0.006174 0.032946 0.877683 0.072132 0.011064
2 2 0.005157 0.028704 0.886826 0.069555 0.009757
2 2 0.005829 0.028292 0.869158 0.085920 0.010801
2 2 0.006865 0.034603 0.868667 0.078122 0.011744
2 1 0.010335 0.053156 0.852544 0.069077 0.014887
2 1 0.009947 0.056286 0.860743 0.059111 0.013913
2 2 0.008388 0.041665 0.859811 0.076895 0.013241
2 2 0.008454 0.046486 0.867742 0.064283 0.013034
2 2 0.009177 0.054558 0.868044 0.055372 0.012849
2 2 0.011048 0.072519 0.858599 0.044692 0.013142
2 2 0.011844 0.076411 0.852700 0.045241 0.013805
2 2 0.007974 0.054344 0.881673 0.045249 0.010760
2 2 0.007139 0.044320 0.883339 0.054323 0.010879
2 2 0.007617 0.033170 0.847925 0.099409 0.011879
2 2 0.010340 0.040441 0.823017 0.111467 0.014735
2 2 0.008910 0.025590 0.765130 0.186519 0.013852
2 2 0.010362 0.028764 0.755211 0.189793 0.015869
2 2 0.010836 0.030808 0.760349 0.181818 0.016188
2 2 0.011130 0.037216 0.794752 0.140326 0.016576
2 2 0.012216 0.045715 0.810136 0.114745 0.017189
2 3 0.014364 0.059786 0.814874 0.092558 0.018419
2 2 0.016243 0.074183 0.813653 0.075830 0.020092
2 2 0.016091 0.080762 0.819326 0.064267 0.019555
2 2 0.015453 0.084774 0.826061 0.055802 0.017911
2 2 0.014598 0.084154 0.832464 0.052030 0.016754
2 2 0.013975 0.083469 0.837100 0.049510 0.015946
2 2 0.013562 0.077195 0.838702 0.054251 0.016289
2 2 0.011406 0.062576 0.850384 0.060330 0.015304
2 2 0.009725 0.053526 0.860460 0.062254 0.014035
2 2 0.008845 0.049436 0.866573 0.061953 0.013193
2 2 0.007954 0.042386 0.868169 0.068583 0.012909
2 2 0.008773 0.046436 0.863163 0.067955 0.013673
2 2 0.008072 0.043178 0.867823 0.067951 0.012976
2 2 0.006122 0.034848 0.883586 0.064767 0.010677
2 2 0.004908 0.027002 0.887034 0.071356 0.009701
2 2 0.005201 0.028794 0.886139 0.069896 0.009969
2 2 0.005507 0.027692 0.874842 0.081041 0.010919
2 2 0.006234 0.029531 0.864841 0.087080 0.012314
2 2 0.005678 0.019441 0.811804 0.151448 0.011629
2 2 0.005656 0.017861 0.792981 0.172022 0.011480
2 2 0.007027 0.020846 0.776065 0.183355 0.012707
2 2 0.007859 0.020284 0.737472 0.220953 0.013431
2 2 0.008924 0.020063 0.694470 0.262271 0.014271
2 2 0.007503 0.014662 0.643652 0.321623 0.012561
2 2 0.007134 0.014482 0.656587 0.309790 0.012006
2 3 0.007138 0.014007 0.644598 0.322059 0.012199
2 2 0.007767 0.015659 0.654678 0.309451 0.012445
2 2 0.007076 0.013309 0.627115 0.340964 0.011536
2 2 0.007845 0.016916 0.678269 0.284587 0.012383
2 2 0.007211 0.015217 0.670172 0.295517 0.011882
2 2 0.006971 0.016890 0.715610 0.249321 0.011208
2 2 0.007357 0.016766 0.695022 0.269683 0.011172
2 2 0.007220 0.015804 0.679655 0.286867 0.010454
2 2 0.006239 0.013360 0.669028 0.302154 0.009218
2 2 0.007609 0.016942 0.686705 0.277657 0.011087
2 2 0.007481 0.014817 0.645296 0.321253 0.011153
2 2 0.006759 0.013490 0.647099 0.322039 0.010613
2 3 0.006618 0.011161 0.579890 0.392362 0.009970
2 2 0.006866 0.010899 0.554953 0.417465 0.009816
2 2 0.006476 0.009532 0.520316 0.454823 0.008854
3 2 0.007836 0.010125 0.466641 0.506716 0.008682
3 3 0.006074 0.007939 0.461994 0.517150 0.006843
3 0 0.006466 0.008737 0.480083 0.497020 0.007693
2 2 0.006876 0.010834 0.554166 0.417618 0.010506
2 2 0.007130 0.013077 0.618366 0.349513 0.011913
2 2 0.008017 0.020661 0.738791 0.217548 0.014984
2 2 0.007560 0.027626 0.821632 0.128407 0.014774
2 2 0.005904 0.030023 0.874248 0.078461 0.011363
2 2 0.006622 0.040351 0.885509 0.056924 0.010594
2 2 0.005972 0.041053 0.896420 0.047399 0.009157
2 2 0.004463 0.033483 0.911483 0.043246 0.007325
2 1 0.005348 0.037607 0.901937 0.046625 0.008482
2 2 0.004859 0.030192 0.897638 0.058482 0.008828
2 2 0.015955 0.093781 0.823958 0.049039 0.017267
2 2 0.015073 0.101645 0.829097 0.039105 0.015081
2 2 0.009325 0.065970 0.872445 0.040903 0.011358
2 2 0.009030 0.062789 0.874394 0.042472 0.011316
2 2 0.005389 0.040886 0.904803 0.040880 0.008042
2 2 0.003132 0.030647 0.932012 0.029271 0.004938
2 2 0.003480 0.033901 0.928448 0.028922 0.005248
2 2 0.003769 0.036232 0.925309 0.029153 0.005537
2 2 0.004018 0.035167 0.920786 0.033872 0.006157
2 2 0.004506 0.038685 0.915919 0.034242 0.006648
2 2 0.004135 0.028201 0.908591 0.051530 0.007543
2 2 0.003733 0.023447 0.905036 0.060205 0.007579
2 2 0.006442 0.039179 0.886500 0.057426 0.010453
2 2 0.009207 0.053125 0.866299 0.058206 0.013163
2 2 0.008694 0.043551 0.859029 0.074561 0.014166
2 2 0.008161 0.036189 0.848610 0.092878 0.014162
2 2 0.009458 0.047247 0.854859 0.073587 0.014850
2 2 0.011237 0.057096 0.846720 0.068872 0.016074
2 2 0.011235 0.051935 0.839240 0.081518 0.016073
2 2 0.010082 0.040803 0.828830 0.105740 0.014545
2 2 0.010493 0.040226 0.819642 0.114309 0.015329
2 2 0.008260 0.033795 0.837055 0.107705 0.013185
2 2 0.008206 0.034870 0.842485 0.101743 0.012695
2 2 0.006874 0.025441 0.824250 0.131709 0.011725
2 2 0.005832 0.016562 0.763790 0.203086 0.010729
2 2 0.005363 0.013892 0.736469 0.233993 0.010283
2 2 0.005595 0.015528 0.756912 0.211626 0.010338
2 2 0.005310 0.013266 0.724334 0.247163 0.009927
2 2 0.005028 0.011901 0.705154 0.268565 0.009352
2 2 0.005284 0.012147 0.696496 0.276181 0.009891
2 2 0.005996 0.017144 0.765853 0.200018 0.010989
2 2 0.007231 0.020623 0.765286 0.194282 0.012579
2 2 0.008005 0.020793 0.738257 0.220101 0.012844
2 2 0.009720 0.024371 0.726609 0.225350 0.013950
2 2 0.011247 0.030155 0.743320 0.200472 0.014805
2 2 0.010922 0.029453 0.745425 0.199480 0.014720
2 3 0.009825 0.022255 0.694604 0.259759 0.013557
2 2 0.010310 0.020507 0.649451 0.306407 0.013325
2 2 0.009974 0.017985 0.612259 0.347143 0.012639
2 2 0.009223 0.016448 0.608340 0.353426 0.012563
2 2 0.009095 0.017078 0.628817 0.332010 0.012999
2 2 0.008229 0.015470 0.628556 0.335303 0.012443
2 2 0.008104 0.018246 0.692652 0.268628 0.012371
2 2 0.008547 0.020888 0.719873 0.237422 0.013269
2 0 0.008806 0.027744 0.787474 0.162051 0.013924
2 0 0.007020 0.031930 0.856424 0.091916 0.012710
2 0 0.020735 0.104739 0.793415 0.058999 0.022112
2 1 0.032231 0.155073 0.728861 0.054930 0.028904
2 1 0.029454 0.215419 0.676542 0.030901 0.047684
2 1 0.024706 0.291777 0.549109 0.015701 0.118706
2 1 0.016068 0.289593 0.538101 0.009518 0.146720
2 1 0.011850 0.283082 0.508834 0.006757 0.189477
2 1 0.012537 0.284039 0.498073 0.006843 0.198508
2 2 0.013258 0.287328 0.529867 0.007622 0.161925
2 2 0.015554 0.291553 0.573028 0.008972 0.110893
2 0 0.021003 0.290936 0.595690 0.012600 0.079771
2 0 0.039899 0.308500 0.572233 0.016093 0.063274
2 1 0.048634 0.304668 0.569069 0.020668 0.056961
2 1 0.051763 0.309316 0.549786 0.020964 0.068171
2 1 0.042792 0.299954 0.532687 0.023208 0.101359
2 1 0.010920 0.218175 0.718964 0.008918 0.043023
2 1 0.008736 0.153124 0.802912 0.011254 0.023973
2 1 0.008965 0.133984 0.828005 0.013273 0.015772
2 1 0.009107 0.118405 0.842224 0.016221 0.014043
2 1 0.013436 0.142509 0.807440 0.019919 0.016695
2 2 0.014113 0.130410 0.817384 0.023723 0.014369
2 2 0.015296 0.132449 0.813669 0.025107 0.013479
2 2 0.015851 0.148532 0.802802 0.020957 0.011858
2 2 0.014011 0.147182 0.810976 0.017656 0.010175
2 2 0.013543 0.150889 0.810056 0.015977 0.009534
2 2 0.012997 0.139798 0.820230 0.017348 0.009627
2 2 0.009540 0.106279 0.858162 0.017980 0.008038
2 2 0.008336 0.089166 0.874602 0.020139 0.007757
2 2 0.007716 0.085600 0.880199 0.019243 0.007242
2 2 0.006401 0.075448 0.893796 0.018090 0.006265
2 2 0.010862 0.115728 0.845756 0.018764 0.008890
2 2 0.012975 0.126701 0.829079 0.020830 0.010414
2 2 0.021572 0.156083 0.775072 0.030327 0.016947
2 2 0.025407 0.157709 0.758359 0.037815 0.020710
2 1 0.037693 0.197554 0.675771 0.046094 0.042888
2 0 0.076027 0.312405 0.501754 0.027778 0.082037
2 0 0.095840 0.322382 0.359813 0.017250 0.204714
1 0 0.111986 0.326544 0.323687 0.013823 0.223960
4 0 0.120488 0.269057 0.196064 0.008886 0.405507
1 0 0.137164 0.337718 0.333813 0.014355 0.176950
2 0 0.101989 0.338458 0.453831 0.018588 0.087133
2 0 0.099769 0.342679 0.445776 0.016733 0.095042
2 0 0.044716 0.310413 0.492889 0.018515 0.133468
2 1 0.025821 0.306495 0.493592 0.010558 0.163534
2 4 0.021255 0.300967 0.437002 0.007064 0.233711
2 4 0.014724 0.272804 0.423121 0.007336 0.282016
2 4 0.011302 0.245231 0.378664 0.006912 0.357891
4 4 0.008952 0.223804 0.331336 0.005419 0.430489
4 4 0.007850 0.220112 0.325807 0.004656 0.441576
4 4 0.007685 0.230850 0.351972 0.004457 0.405036
4 4 0.008343 0.226819 0.340127 0.004953 0.419758
4 4 0.008852 0.226884 0.338857 0.005318 0.420088
4 4 0.009475 0.222071 0.326021 0.005817 0.436617
4 4 0.009426 0.232304 0.350414 0.005682 0.402174
4 4 0.009651 0.220973 0.323093 0.005959 0.440325
4 4 0.009741 0.218951 0.318304 0.006046 0.446957
4 4 0.009999 0.204638 0.286719 0.006392 0.492252
4 4 0.010608 0.238926 0.363952 0.006476 0.380038
4 4 0.010023 0.214874 0.308614 0.006300 0.460189
4 4 0.011072 0.218791 0.315181 0.007053 0.447902
4 4 0.012128 0.211401 0.297228 0.007966 0.471278
4 4 0.012526 0.234064 0.347833 0.007972 0.397605
2 4 0.010653 0.219690 0.401528 0.008101 0.360027
2 4 0.010842 0.234930 0.408762 0.007477 0.337990
4 4 0.009498 0.217186 0.314891 0.005883 0.452542
4 4 0.009110 0.200625 0.280160 0.005755 0.504351
4 4 0.009825 0.200549 0.278576 0.006303 0.504747
4 4 0.010304 0.205031 0.286961 0.006622 0.491083
4 4 0.009479 0.181079 0.240781 0.006247 0.562413
4 4 0.009327 0.182174 0.243124 0.006115 0.559259
4 4 0.009799 0.170906 0.204819 0.004856 0.609620
4 4 0.009918 0.182178 0.225180 0.004944 0.577780
4 4 0.010235 0.181177 0.219120 0.004799 0.584669
4 4 0.009490 0.194215 0.253784 0.005068 0.537443
4 4 0.009096 0.197460 0.272166 0.005653 0.515625
4 4 0.010327 0.167491 0.175231 0.003141 0.643810
4 4 0.011291 0.188488 0.207153 0.003500 0.589568
4 4 0.011267 0.161494 0.160883 0.003120 0.663236
4 4 0.013262 0.154485 0.150225 0.003879 0.678149
4 4 0.013772 0.171310 0.188988 0.005697 0.620234
4 4 0.013695 0.204272 0.265888 0.007652 0.508493
4 4 0.012193 0.158691 0.180175 0.006165 0.642776
4 4 0.013327 0.128134 0.129716 0.006347 0.722477
4 4 0.011517 0.083562 0.065366 0.003399 0.836156
4 4 0.017087 0.130121 0.117884 0.005606 0.729302
4 4 0.013049 0.206316 0.285170 0.008772 0.486693
4 4 0.013668 0.220341 0.314227 0.009058 0.442707
4 4 0.011801 0.186250 0.227346 0.005806 0.568797
4 4 0.014526 0.189013 0.198093 0.004158 0.594210
4 4 0.012021 0.220759 0.286173 0.005254 0.475793
4 4 0.010431 0.230934 0.344618 0.006433 0.407584
2 4 0.010349 0.251843 0.399290 0.006145 0.332373
2 4 0.008808 0.250485 0.400199 0.005074 0.335433
2 4 0.008725 0.262233 0.438149 0.004919 0.285975
2 4 0.006289 0.223636 0.524071 0.004794 0.241210
2 4 0.005360 0.199047 0.597000 0.005074 0.193518
2 4 0.005153 0.189414 0.640090 0.005337 0.160005
2 4 0.005141 0.185769 0.645515 0.005515 0.158060
2 4 0.004222 0.165747 0.692593 0.005271 0.132168
2 4 0.005258 0.204372 0.599417 0.004725 0.186228
2 4 0.005901 0.220672 0.556365 0.004648 0.212415
2 4 0.005921 0.220937 0.544891 0.004620 0.223631
2 4 0.006280 0.224935 0.560174 0.004864 0.203747
2 4 0.005509 0.201365 0.606106 0.005158 0.181861
2 4 0.004699 0.167673 0.659936 0.005944 0.161747
2 1 0.004629 0.166938 0.667371 0.005876 0.155187
2 1 0.004408 0.157698 0.696441 0.006089 0.135365
2 1 0.004960 0.161816 0.672447 0.006775 0.154002
2 1 0.005770 0.161775 0.660763 0.008189 0.163503
2 1 0.006127 0.174977 0.608292 0.007590 0.203015
2 1 0.006999 0.197591 0.505132 0.006687 0.283592
2 1 0.007699 0.211182 0.419167 0.005948 0.356004
4 1 0.009227 0.235947 0.359998 0.005505 0.389323
4 1 0.008984 0.238423 0.366996 0.005308 0.380289
2 1 0.010839 0.244732 0.378459 0.006579 0.359391
2 0 0.013478 0.251246 0.390225 0.008449 0.336602
2 1 0.014942 0.243625 0.367398 0.009691 0.364345
2 1 0.016825 0.255910 0.397448 0.010934 0.318883
2 1 0.017041 0.264928 0.469469 0.011583 0.236979
2 1 0.011182 0.200644 0.679800 0.012168 0.096206
2 1 0.011648 0.218959 0.704607 0.010031 0.054755
2 2 0.009954 0.188505 0.753272 0.010132 0.038138
2 2 0.006255 0.134005 0.821704 0.009699 0.028337
2 2 0.005437 0.093922 0.871532 0.012991 0.016119
2 2 0.005400 0.075397 0.890793 0.016986 0.011424
2 2 0.006363 0.073119 0.888035 0.021601 0.010882
2 2 0.008011 0.087109 0.872425 0.021602 0.010853
2 2 0.007728 0.082714 0.880376 0.020997 0.008184
2 2 0.005641 0.058731 0.905874 0.023291 0.006463
2 2 0.003169 0.035146 0.933683 0.023487 0.004516
2 2 0.002311 0.028431 0.944952 0.020794 0.003512
2 2 0.002692 0.034163 0.940283 0.019136 0.003726
2 2 0.001964 0.023427 0.948733 0.022587 0.003289
2 2 0.001470 0.016939 0.953501 0.025210 0.002880
2 2 0.001522 0.018152 0.953869 0.023600 0.002858
2 2 0.001229 0.010970 0.944497 0.040143 0.003161
2 2 0.001074 0.008827 0.939928 0.047056 0.003115
2 2 0.001433 0.011786 0.938153 0.044969 0.003658
2 2 0.001273 0.009178 0.928742 0.057034 0.003773
2 2 0.001423 0.007627 0.895294 0.090686 0.004971
2 2 0.001034 0.004321 0.847670 0.142865 0.004111
2 2 0.001197 0.005176 0.856302 0.132924 0.004401
2 2 0.001169 0.004813 0.845482 0.144173 0.004363
2 2 0.001245 0.003918 0.775110 0.215400 0.004326
2 2 0.001273 0.003144 0.691199 0.300394 0.003989
2 2 0.001599 0.003308 0.622010 0.369321 0.003762
2 2 0.001668 0.003038 0.563745 0.428359 0.003190
3 2 0.001834 0.002807 0.484002 0.508709 0.002647
3 2 0.002214 0.002935 0.424318 0.568000 0.002533
3 3 0.002849 0.003289 0.372564 0.618688 0.002610
3 3 0.003042 0.003337 0.353032 0.638024 0.002566
3 3 0.004398 0.004672 0.354459 0.632942 0.003530
3 3 0.003393 0.003547 0.336995 0.653416 0.002649
3 3 0.003438 0.003644 0.343311 0.646863 0.002744
3 3 0.003595 0.003715 0.334467 0.655468 0.002755
3 3 0.003783 0.003839 0.329018 0.660543 0.002816
3 3 0.002687 0.002609 0.297624 0.695223 0.001858
3 3 0.002788 0.002586 0.281441 0.711395 0.001790
3 3 0.002387 0.002203 0.273685 0.720208 0.001518
3 3 0.002471 0.002327 0.282696 0.710881 0.001625
3 3 0.003027 0.002618 0.258588 0.734032 0.001735
3 3 0.003402 0.002971 0.266362 0.725281 0.001984
3 3 0.003758 0.004049 0.354113 0.634998 0.003083
3 2 0.005329 0.007061 0.463035 0.518442 0.006133
2 2 0.006456 0.010281 0.556872 0.416358 0.010032
2 2 0.007037 0.013137 0.629179 0.336941 0.013706
2 2 0.004973 0.017719 0.821853 0.144111 0.011344
2 2 0.003221 0.018372 0.898572 0.072338 0.007496
2 2 0.002911 0.016461 0.898664 0.075124 0.006839
2 2 0.003640 0.019386 0.888860 0.080379 0.007735
2 2 0.005325 0.024367 0.863099 0.097468 0.009740
