0 0 0.953318 0.029644 0.003295 0.001060 0.012683
0 0 0.924848 0.040955 0.004733 0.001533 0.027931
0 0 0.856165 0.068898 0.018258 0.006073 0.050606
0 0 0.887398 0.057366 0.010735 0.003317 0.041184
0 0 0.874068 0.062722 0.014380 0.004646 0.044184
0 0 0.870115 0.064769 0.018297 0.006215 0.040604
0 0 0.828301 0.077963 0.031565 0.011564 0.050607
0 0 0.815339 0.081528 0.036175 0.013510 0.053448
0 0 0.813605 0.081725 0.038946 0.014804 0.050920
0 0 0.812135 0.082595 0.032666 0.011840 0.060764
0 0 0.814360 0.081967 0.031484 0.011335 0.060854
0 0 0.753098 0.097176 0.041948 0.015310 0.092468
0 0 0.689396 0.119742 0.068030 0.019564 0.103269
2 0 0.263870 0.215126 0.346591 0.031253 0.143160
2 1 0.154628 0.219029 0.446847 0.027719 0.151777
2 2 0.024472 0.113676 0.796875 0.020058 0.044919
2 2 0.016968 0.066090 0.875458 0.025962 0.015521
2 2 0.012464 0.050036 0.906103 0.023011 0.008385
2 2 0.012643 0.045438 0.908914 0.026001 0.007004
2 2 0.012154 0.041248 0.913248 0.027563 0.005788
2 2 0.010198 0.035659 0.923020 0.026850 0.004273
2 2 0.011047 0.038194 0.918771 0.027064 0.004925
2 2 0.010192 0.034931 0.922913 0.027837 0.004126
2 2 0.011737 0.037945 0.915100 0.030250 0.004969
2 2 0.014447 0.042209 0.901893 0.035072 0.006379
2 2 0.012340 0.035799 0.910847 0.036428 0.004585
2 2 0.012701 0.034487 0.907671 0.040789 0.004352
2 2 0.019704 0.044729 0.875647 0.052055 0.007865
2 2 0.043951 0.069167 0.808594 0.062310 0.015979
2 2 0.071829 0.078720 0.735496 0.091841 0.022114
2 1 0.170147 0.113590 0.573054 0.101069 0.042140
2 0 0.239502 0.121398 0.489990 0.103338 0.045772
0 0 0.553616 0.139598 0.195477 0.045976 0.065334
0 0 0.657149 0.127844 0.119850 0.029486 0.065671
0 0 0.528386 0.139627 0.196536 0.054118 0.081332
2 1 0.206957 0.122741 0.526615 0.096426 0.047261
2 2 0.136008 0.121768 0.618865 0.075807 0.047552
2 2 0.108312 0.157192 0.614350 0.043211 0.076935
2 4 0.046058 0.157389 0.691317 0.023268 0.081968
2 4 0.021717 0.110736 0.797040 0.022350 0.048156
2 4 0.018562 0.139700 0.747682 0.015110 0.078946
2 4 0.021562 0.181431 0.614464 0.014417 0.168126
2 4 0.033185 0.222279 0.373512 0.012489 0.358536
4 4 0.039028 0.215513 0.223186 0.009896 0.512377
4 4 0.039466 0.204326 0.169525 0.008342 0.578342
4 4 0.039716 0.206141 0.163515 0.007776 0.582852
4 4 0.047178 0.211932 0.146181 0.007033 0.587676
4 4 0.044482 0.208424 0.157204 0.007805 0.582086
4 4 0.060620 0.216702 0.131483 0.006886 0.584309
4 4 0.063252 0.215297 0.135690 0.007583 0.578178
4 4 0.079756 0.220764 0.115934 0.006672 0.576874
4 4 0.117141 0.226198 0.094514 0.005990 0.556156
4 4 0.110568 0.223644 0.097378 0.006245 0.562165
4 4 0.162375 0.222496 0.076575 0.005607 0.532947
4 4 0.185612 0.225881 0.055905 0.003544 0.529058
4 4 0.200669 0.222991 0.055265 0.003762 0.517313
4 4 0.135045 0.231813 0.064638 0.003421 0.565082
4 4 0.090994 0.234142 0.073821 0.003121 0.597921
4 4 0.084261 0.231240 0.083757 0.003720 0.597021
4 4 0.075532 0.228691 0.092950 0.004156 0.598671
4 4 0.150491 0.228508 0.066471 0.003987 0.550543
4 4 0.112008 0.225873 0.090470 0.005478 0.566170
4 4 0.180631 0.221400 0.069952 0.005251 0.522765
4 4 0.165523 0.221202 0.078390 0.005975 0.528909
4 4 0.121685 0.226363 0.085179 0.005250 0.561524
4 4 0.111520 0.227279 0.086679 0.005027 0.569495
4 4 0.171528 0.220086 0.078200 0.006163 0.524024
4 4 0.244868 0.199420 0.088533 0.011621 0.455558
4 4 0.246853 0.202819 0.079005 0.009381 0.461942
4 4 0.222751 0.203808 0.091034 0.010970 0.471437
4 4 0.189694 0.208378 0.098831 0.010795 0.492302
4 4 0.233081 0.200282 0.093578 0.012224 0.460836
4 4 0.226950 0.200731 0.096179 0.012509 0.463632
4 4 0.182957 0.207836 0.104110 0.011522 0.493576
4 4 0.093477 0.237118 0.153390 0.008767 0.507249
4 4 0.097129 0.247878 0.147861 0.007436 0.499696
4 4 0.086379 0.244067 0.160550 0.008044 0.500960
4 4 0.085175 0.240567 0.177004 0.009443 0.487811
4 4 0.072012 0.248146 0.227114 0.010179 0.442549
4 4 0.044072 0.248932 0.281574 0.008731 0.416691
4 4 0.039503 0.241512 0.317325 0.009800 0.391860
4 4 0.047854 0.248887 0.324218 0.010372 0.368670
2 4 0.039730 0.249266 0.378457 0.009761 0.322786
2 4 0.027525 0.235719 0.469741 0.009126 0.257888
2 4 0.018699 0.206819 0.577350 0.009106 0.188026
2 4 0.014388 0.186175 0.651868 0.008358 0.139211
2 4 0.016157 0.195000 0.644577 0.007842 0.136425
2 2 0.016466 0.179029 0.684402 0.008825 0.111279
2 2 0.012114 0.151473 0.757159 0.007593 0.071661
2 2 0.013102 0.142613 0.770468 0.008835 0.064982
2 2 0.013407 0.125232 0.804371 0.009630 0.047360
2 2 0.022410 0.143545 0.770748 0.010969 0.052328
2 2 0.028886 0.158406 0.750405 0.010057 0.052247
2 2 0.028859 0.152319 0.762034 0.010095 0.046694
2 2 0.032294 0.148508 0.762226 0.011580 0.045392
2 2 0.031384 0.127336 0.786416 0.015395 0.039469
2 2 0.026228 0.103738 0.817068 0.020134 0.032832
2 2 0.018419 0.064166 0.874448 0.028222 0.014744
2 2 0.017465 0.049716 0.888305 0.035532 0.008981
2 2 0.014453 0.036412 0.898510 0.045638 0.004987
2 2 0.016083 0.034217 0.884723 0.060289 0.004689
2 2 0.013289 0.026794 0.889019 0.067965 0.002933
2 2 0.014888 0.027937 0.878326 0.075566 0.003283
2 2 0.011907 0.021375 0.872251 0.092368 0.002099
2 2 0.008483 0.016261 0.878064 0.095913 0.001278
2 3 0.006399 0.013187 0.880354 0.099167 0.000893
2 3 0.006514 0.013913 0.887347 0.091265 0.000961
2 3 0.008765 0.016282 0.864157 0.109414 0.001382
2 3 0.009766 0.015812 0.831230 0.141737 0.001454
2 3 0.009764 0.016178 0.843639 0.128984 0.001435
2 3 0.010472 0.016244 0.826085 0.145670 0.001529
2 3 0.014135 0.019988 0.812274 0.151318 0.002286
2 3 0.016192 0.022184 0.808131 0.150717 0.002776
2 3 0.014612 0.021641 0.829877 0.131393 0.002477
2 3 0.012169 0.019185 0.836250 0.130401 0.001995
2 3 0.011728 0.016490 0.790919 0.179097 0.001767
2 3 0.010860 0.014270 0.749853 0.223468 0.001548
2 3 0.015686 0.017390 0.701604 0.262829 0.002490
2 3 0.014849 0.016128 0.683980 0.282757 0.002286
2 3 0.016578 0.016861 0.669333 0.294698 0.002531
2 3 0.025384 0.018716 0.546414 0.405378 0.004108
2 3 0.026503 0.017425 0.480281 0.471418 0.004373
3 3 0.023058 0.015174 0.462313 0.495841 0.003614
3 3 0.020173 0.013238 0.443979 0.519615 0.002995
2 3 0.022892 0.015879 0.493174 0.464476 0.003579
3 3 0.021636 0.014753 0.472269 0.487988 0.003353
2 3 0.020651 0.016466 0.565042 0.394711 0.003130
2 3 0.019003 0.016190 0.596062 0.365952 0.002793
2 3 0.020718 0.017523 0.602090 0.356506 0.003162
2 3 0.020578 0.016301 0.559036 0.400954 0.003131
2 3 0.022089 0.016398 0.511940 0.445887 0.003686
3 3 0.020501 0.013652 0.408442 0.553616 0.003788
3 3 0.020862 0.013403 0.377086 0.584493 0.004156
3 3 0.017157 0.009960 0.291335 0.678087 0.003461
3 3 0.019002 0.011551 0.322327 0.643128 0.003992
3 3 0.015412 0.010354 0.354700 0.616650 0.002885
3 3 0.014636 0.010757 0.412562 0.559563 0.002481
3 3 0.015128 0.011180 0.436955 0.534337 0.002400
3 3 0.022301 0.015512 0.458409 0.499792 0.003987
2 3 0.021295 0.015881 0.505750 0.453510 0.003565
2 3 0.024788 0.018413 0.530514 0.422012 0.004274
2 3 0.024335 0.017602 0.519177 0.434854 0.004032
2 3 0.024174 0.017461 0.517437 0.436934 0.003995
2 3 0.022710 0.017348 0.534132 0.421988 0.003822
2 3 0.023027 0.017461 0.519706 0.435715 0.004091
2 3 0.021414 0.015885 0.482685 0.476093 0.003923
3 3 0.017859 0.013363 0.456672 0.508956 0.003150
3 3 0.017637 0.012712 0.427766 0.538713 0.003172
3 3 0.019850 0.013832 0.419377 0.543134 0.003807
3 3 0.019829 0.012453 0.370501 0.593558 0.003660
3 3 0.018884 0.012504 0.404016 0.561354 0.003242
3 3 0.016603 0.011810 0.443130 0.525922 0.002535
3 3 0.015124 0.010620 0.420980 0.551021 0.002255
3 3 0.018321 0.011978 0.398599 0.568070 0.003031
3 3 0.019619 0.012565 0.381074 0.583164 0.003579
3 3 0.017005 0.010869 0.353294 0.615739 0.003093
3 3 0.013841 0.009021 0.329061 0.645609 0.002469
3 3 0.013898 0.008183 0.269372 0.705830 0.002717
3 3 0.017928 0.009444 0.251163 0.717680 0.003785
3 3 0.018785 0.009624 0.255633 0.712216 0.003741
3 3 0.024853 0.012552 0.279464 0.677773 0.005357
3 3 0.024349 0.012304 0.278957 0.679221 0.005169
3 3 0.023540 0.011328 0.256633 0.703582 0.004918
3 3 0.026102 0.012478 0.267262 0.688641 0.005518
3 3 0.028479 0.014575 0.311158 0.639801 0.005987
3 3 0.030410 0.015852 0.330065 0.617252 0.006420
3 3 0.026668 0.013837 0.313536 0.640576 0.005382
3 3 0.023891 0.013610 0.352978 0.605053 0.004468
3 3 0.022344 0.013508 0.372033 0.587961 0.004154
3 3 0.021414 0.014014 0.408888 0.551751 0.003933
3 3 0.020077 0.013439 0.421372 0.541644 0.003468
3 3 0.023700 0.015099 0.408232 0.548482 0.004485
3 3 0.025240 0.014929 0.369822 0.584971 0.005038
3 3 0.024157 0.012681 0.298086 0.660072 0.005004
3 3 0.028628 0.014496 0.291941 0.658343 0.006592
3 3 0.024020 0.012768 0.298758 0.659359 0.005094
3 3 0.023937 0.012249 0.282458 0.676301 0.005055
3 3 0.024257 0.012389 0.282275 0.675911 0.005168
3 3 0.023616 0.012006 0.272922 0.686317 0.005139
3 3 0.018452 0.009935 0.273137 0.694807 0.003669
3 3 0.013828 0.009332 0.355057 0.619432 0.002351
3 3 0.017374 0.010572 0.327780 0.641022 0.003252
3 3 0.017046 0.010479 0.334072 0.635296 0.003108
3 3 0.018294 0.011036 0.339140 0.628223 0.003307
3 3 0.016407 0.010169 0.342484 0.628127 0.002813
3 3 0.021221 0.012907 0.372608 0.589461 0.003803
3 3 0.031299 0.019440 0.443634 0.499503 0.006123
2 3 0.044121 0.027993 0.513544 0.405152 0.009190
2 3 0.052124 0.037670 0.619958 0.279149 0.011099
2 3 0.147711 0.078913 0.552246 0.191577 0.029552
2 3 0.307196 0.129770 0.411954 0.097011 0.054069
0 2 0.459852 0.165035 0.243457 0.042140 0.089516
0 1 0.588089 0.159119 0.120063 0.020128 0.112601
0 2 0.554184 0.164081 0.134613 0.023120 0.124002
0 2 0.666974 0.125823 0.073210 0.020114 0.113879
0 2 0.696538 0.110541 0.076398 0.028429 0.088094
0 0 0.648630 0.123494 0.115021 0.035423 0.077432
0 0 0.653401 0.113349 0.098625 0.042133 0.092492
0 0 0.554777 0.123215 0.145307 0.065968 0.110733
0 0 0.442373 0.127617 0.202947 0.097699 0.129364
0 1 0.335830 0.181775 0.195031 0.042520 0.244844
2 2 0.144224 0.200300 0.426746 0.038514 0.190216
2 2 0.050623 0.114618 0.726097 0.050159 0.058503
2 2 0.034774 0.065987 0.815517 0.064698 0.019023
2 2 0.040187 0.092039 0.783621 0.049328 0.034824
2 2 0.065850 0.187353 0.593110 0.024922 0.128766
2 2 0.024521 0.161378 0.695025 0.015733 0.103343
2 2 0.026510 0.184327 0.631345 0.014505 0.143312
2 2 0.035080 0.216606 0.527362 0.013520 0.207432
2 2 0.044759 0.241212 0.411205 0.012116 0.290707
2 2 0.041082 0.250082 0.375417 0.009861 0.323558
4 2 0.048074 0.251814 0.344325 0.010370 0.345418
2 2 0.052715 0.243265 0.358289 0.012680 0.333050
4 2 0.053723 0.245933 0.341160 0.012084 0.347100
4 2 0.050817 0.253307 0.339707 0.010491 0.345679
2 2 0.033607 0.236183 0.463558 0.010526 0.256127
2 2 0.032823 0.236031 0.476613 0.010253 0.244280
2 2 0.047774 0.256636 0.371430 0.009993 0.314167
4 2 0.076202 0.239612 0.220586 0.011481 0.452120
4 4 0.116083 0.219522 0.166713 0.014271 0.483410
4 4 0.099105 0.210290 0.140638 0.011812 0.538156
4 4 0.138111 0.215754 0.107126 0.009212 0.529796
4 4 0.177289 0.208523 0.105546 0.011456 0.497185
0 0 0.395013 0.175853 0.093408 0.020066 0.315660
0 0 0.524924 0.154313 0.118400 0.035030 0.167333
0 0 0.567631 0.150589 0.116766 0.033573 0.131441
0 0 0.542304 0.153264 0.175089 0.043614 0.085729
0 0 0.772040 0.089791 0.067332 0.026876 0.043961
0 0 0.727162 0.102234 0.099335 0.032554 0.038715
0 0 0.577511 0.141177 0.196139 0.039314 0.045859
0 0 0.684165 0.129973 0.117131 0.022354 0.046378
0 0 0.652368 0.132179 0.165940 0.021514 0.027999
0 0 0.890076 0.057720 0.018846 0.006697 0.026662
0 0 0.845137 0.071331 0.036107 0.014088 0.033337
0 0 0.825857 0.078729 0.030458 0.011023 0.053933
0 1 0.761647 0.090657 0.023298 0.007503 0.116895
0 1 0.654605 0.108231 0.025166 0.007127 0.204871
0 2 0.393475 0.174625 0.059861 0.010141 0.361898
4 2 0.156906 0.264632 0.198096 0.011091 0.369275
2 2 0.077083 0.284020 0.394726 0.009273 0.234898
2 2 0.043324 0.206110 0.592108 0.014941 0.143517
2 2 0.078266 0.255781 0.438119 0.013411 0.214423
2 2 0.116502 0.284746 0.305415 0.010667 0.282669
1 2 0.113386 0.302255 0.274295 0.007974 0.302089
1 2 0.097670 0.315116 0.272294 0.006311 0.308609
1 2 0.098372 0.317663 0.288332 0.006358 0.289275
2 2 0.107485 0.299248 0.336563 0.008806 0.247898
2 2 0.085963 0.284362 0.423548 0.009382 0.196746
2 2 0.050947 0.240686 0.557702 0.010029 0.140637
2 2 0.025005 0.171995 0.721023 0.009577 0.072401
2 2 0.030468 0.179817 0.701897 0.010438 0.077380
2 2 0.023148 0.174352 0.722905 0.008480 0.071115
2 2 0.020687 0.176473 0.716393 0.008154 0.078293
2 2 0.025650 0.175619 0.711399 0.009785 0.077547
2 2 0.067607 0.220090 0.592154 0.013319 0.106831
2 2 0.099413 0.218588 0.539232 0.019269 0.123498
2 2 0.157565 0.240245 0.380335 0.021636 0.200218
4 2 0.247957 0.229486 0.249400 0.023215 0.249942
4 2 0.227445 0.248273 0.243065 0.017667 0.263551
4 0 0.257185 0.264109 0.180975 0.011168 0.286563
2 0 0.100848 0.265213 0.385580 0.013626 0.234732
2 1 0.063626 0.225555 0.534183 0.015786 0.160850
2 2 0.030346 0.196974 0.635594 0.011868 0.125218
2 2 0.019748 0.128996 0.782743 0.014051 0.054462
2 2 0.014068 0.085052 0.861502 0.015086 0.024293
2 2 0.013423 0.083008 0.866114 0.014570 0.022885
2 2 0.013506 0.077975 0.873062 0.015355 0.020102
2 2 0.014567 0.085944 0.858966 0.015539 0.024983
2 2 0.013785 0.090111 0.854299 0.014350 0.027455
2 2 0.013756 0.092087 0.851219 0.014160 0.028777
2 2 0.012864 0.083241 0.867079 0.013941 0.022875
2 2 0.015124 0.082682 0.862364 0.016648 0.023183
2 2 0.016071 0.076958 0.866703 0.019799 0.020468
2 2 0.021358 0.085953 0.840531 0.024984 0.027173
2 2 0.021258 0.090939 0.833894 0.023488 0.030421
2 2 0.026855 0.116898 0.792113 0.019949 0.044185
2 2 0.031362 0.116039 0.785502 0.023655 0.043442
2 2 0.064310 0.119121 0.736279 0.039570 0.040720
2 2 0.094235 0.118926 0.696996 0.050784 0.039059
2 2 0.155972 0.152423 0.582868 0.047755 0.060982
2 2 0.172066 0.154182 0.562011 0.049814 0.061928
2 2 0.269143 0.168413 0.423922 0.053646 0.084876
2 2 0.287826 0.205730 0.322873 0.033853 0.149719
0 2 0.272429 0.244835 0.237062 0.017546 0.228128
2 2 0.143010 0.273733 0.384977 0.013029 0.185251
2 2 0.112428 0.299641 0.374233 0.008798 0.204901
2 2 0.069200 0.254974 0.551192 0.008867 0.115767
2 2 0.038971 0.214517 0.649983 0.008231 0.088298
2 2 0.023008 0.128225 0.793418 0.012694 0.042655
2 2 0.017288 0.090793 0.848294 0.016661 0.026965
2 2 0.015695 0.077330 0.868438 0.018232 0.020305
2 2 0.014755 0.073031 0.876551 0.017817 0.017846
2 2 0.014545 0.062908 0.887929 0.021227 0.013391
2 2 0.013797 0.052198 0.900678 0.024111 0.009217
2 2 0.015575 0.059535 0.887923 0.024719 0.012247
2 2 0.015299 0.055109 0.893106 0.026002 0.010484
2 2 0.013513 0.045150 0.905711 0.028590 0.007036
2 2 0.015073 0.044140 0.899134 0.034674 0.006979
2 2 0.016846 0.048224 0.891095 0.035412 0.008423
2 2 0.017374 0.049204 0.888614 0.035993 0.008815
2 2 0.047290 0.129233 0.749327 0.025723 0.048427
2 2 0.088119 0.137793 0.676634 0.041255 0.056199
2 2 0.174616 0.162437 0.529027 0.051390 0.082529
2 3 0.256714 0.207601 0.357113 0.033941 0.144632
0 2 0.307692 0.240325 0.235217 0.017422 0.199344
1 2 0.217648 0.274724 0.250346 0.012484 0.244798
2 2 0.085722 0.255114 0.453596 0.013691 0.191876
2 2 0.087849 0.269116 0.434262 0.011607 0.197166
2 1 0.163800 0.262720 0.355658 0.015864 0.201959
0 2 0.368369 0.186582 0.298444 0.037043 0.109562
0 2 0.385239 0.144229 0.334976 0.071744 0.063813
0 2 0.530096 0.125190 0.205179 0.072112 0.067423
0 2 0.718685 0.100343 0.082153 0.035040 0.063778
0 0 0.766402 0.092909 0.056405 0.022516 0.061768
0 0 0.770240 0.093253 0.046048 0.017454 0.073005
0 0 0.641402 0.118410 0.075698 0.029812 0.134679
0 0 0.317215 0.197091 0.218669 0.036740 0.230284
2 0 0.081044 0.217552 0.489329 0.022460 0.189615
2 2 0.075002 0.191613 0.600316 0.022714 0.110355
2 2 0.037040 0.135069 0.746165 0.022697 0.059028
2 2 0.028356 0.131626 0.741638 0.024042 0.074339
2 2 0.038634 0.180545 0.585063 0.023296 0.172462
4 1 0.067410 0.205610 0.331828 0.024683 0.370468
4 1 0.105676 0.207428 0.146083 0.013520 0.527292
4 1 0.131241 0.217038 0.100772 0.008207 0.542743
4 1 0.164923 0.216015 0.078267 0.006750 0.534044
4 1 0.267050 0.204893 0.057552 0.005897 0.464609
4 1 0.337375 0.194168 0.043524 0.004624 0.420309
0 0 0.432365 0.166881 0.031411 0.004661 0.364682
0 0 0.416604 0.168103 0.033749 0.005304 0.376240
0 0 0.471416 0.159730 0.028653 0.004273 0.335928
4 1 0.354184 0.188339 0.037185 0.004180 0.416112
4 4 0.207844 0.214586 0.051894 0.004247 0.521429
4 4 0.153572 0.214472 0.053045 0.004152 0.574759
4 4 0.128635 0.218334 0.066733 0.004788 0.581509
4 4 0.111068 0.219725 0.081258 0.005532 0.582417
4 4 0.097842 0.226261 0.094464 0.005301 0.576131
4 4 0.143795 0.224083 0.081500 0.005621 0.545001
4 4 0.189850 0.219597 0.069665 0.005485 0.515402
4 4 0.179595 0.222072 0.068758 0.005053 0.524522
4 4 0.218218 0.218707 0.056352 0.004271 0.502452
4 4 0.167432 0.223908 0.070276 0.004909 0.533475
4 4 0.199305 0.219973 0.063569 0.004855 0.512298
4 4 0.206657 0.217368 0.066110 0.005435 0.504430
4 4 0.144758 0.224040 0.077478 0.005302 0.548422
4 4 0.091884 0.223751 0.093515 0.005346 0.585505
4 4 0.088500 0.224224 0.096478 0.005357 0.585440
4 4 0.079538 0.221963 0.112369 0.006260 0.579871
4 4 0.084986 0.221358 0.112798 0.006658 0.574199
4 4 0.066748 0.213145 0.141951 0.008669 0.569487
4 4 0.065923 0.213317 0.141545 0.008534 0.570680
4 4 0.051196 0.218690 0.172755 0.008516 0.548843
4 4 0.062198 0.216602 0.131692 0.007048 0.582461
4 4 0.063451 0.216651 0.131428 0.007130 0.581340
4 4 0.103655 0.227854 0.087918 0.004850 0.575723
4 4 0.127724 0.225495 0.085002 0.005462 0.556317
4 4 0.151218 0.222409 0.061651 0.004177 0.560545
4 4 0.174569 0.213854 0.056836 0.004793 0.549948
4 4 0.214395 0.205975 0.044743 0.004305 0.530582
4 4 0.308932 0.196701 0.040722 0.004265 0.449381
2 2 0.008938 0.127804 0.799007 0.007678 0.056573
2 2 0.009468 0.107663 0.835425 0.008956 0.038487
2 2 0.010506 0.100893 0.844506 0.010296 0.033798
2 2 0.012758 0.100379 0.839914 0.012550 0.034399
2 2 0.018563 0.125098 0.779726 0.016157 0.060456
2 2 0.020188 0.137969 0.747542 0.016551 0.077751
2 2 0.020433 0.155621 0.706609 0.015000 0.102336
2 2 0.018835 0.148219 0.726290 0.014755 0.091902
2 2 0.024808 0.174607 0.658866 0.014818 0.126901
2 2 0.028733 0.204768 0.582495 0.012548 0.171456
2 2 0.029957 0.204297 0.575937 0.013288 0.176521
2 2 0.019335 0.173310 0.678609 0.011617 0.117130
2 2 0.012891 0.130000 0.783835 0.010978 0.062296
2 2 0.011499 0.115341 0.816556 0.010450 0.046154
2 2 0.010000 0.100325 0.846709 0.009827 0.033139
2 2 0.010214 0.095168 0.855061 0.010226 0.029331
2 2 0.010024 0.081573 0.876332 0.010958 0.021113
2 2 0.009206 0.075282 0.887473 0.010470 0.017569
2 2 0.009447 0.064699 0.901215 0.011784 0.012855
2 2 0.009687 0.065076 0.900397 0.011838 0.013002
2 2 0.010183 0.066906 0.896748 0.012282 0.013881
2 2 0.018289 0.086062 0.853339 0.018278 0.024032
2 2 0.039732 0.108353 0.791731 0.026733 0.033451
2 2 0.046559 0.113290 0.770515 0.031457 0.038179
2 2 0.071618 0.161238 0.679103 0.024088 0.063953
2 2 0.121902 0.214213 0.548132 0.019157 0.096597
2 2 0.196897 0.250895 0.405724 0.016094 0.130389
2 2 0.131576 0.251117 0.464111 0.015005 0.138191
2 2 0.069285 0.241213 0.549136 0.011567 0.128799
2 2 0.024407 0.177269 0.709897 0.009304 0.079122
2 2 0.011544 0.112377 0.832394 0.008536 0.035149
2 2 0.012370 0.096388 0.855046 0.010215 0.025981
2 2 0.010443 0.075077 0.884794 0.011904 0.017782
2 2 0.009908 0.060835 0.904274 0.013455 0.011528
2 2 0.010442 0.053660 0.910406 0.016363 0.009129
2 2 0.009654 0.050445 0.915956 0.015955 0.007989
2 2 0.011496 0.053486 0.906789 0.018921 0.009308
2 2 0.011261 0.055390 0.905669 0.017767 0.009913
2 2 0.010823 0.051528 0.910802 0.018290 0.008557
2 2 0.010381 0.048675 0.914947 0.018397 0.007600
2 2 0.012162 0.046562 0.910340 0.023697 0.007239
2 2 0.012339 0.047035 0.909556 0.023682 0.007388
2 2 0.013606 0.049925 0.902573 0.025409 0.008487
2 2 0.013057 0.044837 0.908623 0.026657 0.006827
2 2 0.012308 0.039837 0.912413 0.029962 0.005480
2 2 0.009694 0.032299 0.924951 0.029497 0.003559
2 2 0.010766 0.035446 0.919814 0.029668 0.004306
2 2 0.008885 0.031111 0.929430 0.027326 0.003248
2 2 0.010059 0.033181 0.923118 0.029872 0.003769
2 2 0.011110 0.034554 0.917470 0.032697 0.004170
2 2 0.013472 0.037903 0.905477 0.037948 0.005199
2 2 0.011713 0.034272 0.913665 0.036162 0.004188
2 2 0.016012 0.043066 0.894122 0.039960 0.006840
2 2 0.018434 0.046056 0.883001 0.044456 0.008053
2 2 0.018952 0.046095 0.880411 0.046395 0.008148
2 2 0.015140 0.038651 0.896356 0.044254 0.005599
2 2 0.013941 0.037981 0.902832 0.039965 0.005280
2 2 0.012035 0.034982 0.912168 0.036441 0.004374
2 2 0.011043 0.031381 0.915611 0.038421 0.003544
2 2 0.010520 0.028300 0.915636 0.042607 0.002937
2 2 0.013473 0.018328 0.781398 0.184589 0.002214
2 2 0.022202 0.025934 0.747649 0.199722 0.004493
2 2 0.021351 0.023071 0.716889 0.234759 0.003930
2 2 0.016602 0.019353 0.739433 0.221928 0.002684
2 2 0.020318 0.023951 0.761876 0.190211 0.003644
2 3 0.024237 0.029527 0.788734 0.152731 0.004771
2 3 0.029807 0.033582 0.764425 0.165748 0.006438
2 3 0.024168 0.031346 0.795243 0.143883 0.005360
2 3 0.019126 0.027136 0.814196 0.135568 0.003974
2 3 0.012116 0.021828 0.870815 0.093032 0.002208
2 3 0.018989 0.026921 0.819988 0.130318 0.003784
2 3 0.015547 0.021399 0.806026 0.154393 0.002635
2 3 0.015484 0.018886 0.756222 0.206959 0.002449
2 3 0.010198 0.013525 0.769066 0.205925 0.001286
2 3 0.012438 0.014287 0.717551 0.254094 0.001629
2 3 0.011736 0.013180 0.693873 0.279696 0.001515
2 3 0.013637 0.014249 0.657913 0.312253 0.001947
2 3 0.011818 0.012698 0.650776 0.323077 0.001630
2 3 0.015133 0.016704 0.685529 0.280176 0.002458
2 3 0.012386 0.014864 0.707264 0.263592 0.001894
2 3 0.014690 0.017299 0.711283 0.254262 0.002466
2 3 0.011854 0.015214 0.739008 0.232115 0.001809
2 3 0.013587 0.014484 0.648895 0.320921 0.002114
2 3 0.017982 0.015576 0.550179 0.413104 0.003158
3 3 0.014290 0.011212 0.457641 0.514566 0.002291
3 3 0.014356 0.010472 0.408523 0.564263 0.002386
3 3 0.013340 0.009505 0.381002 0.593938 0.002215
3 3 0.016890 0.010842 0.358173 0.611085 0.003010
3 3 0.016664 0.009491 0.294351 0.676445 0.003049
3 3 0.023361 0.012853 0.313720 0.645227 0.004838
3 3 0.016184 0.009748 0.328970 0.642366 0.002732
3 3 0.025595 0.013314 0.301981 0.653762 0.005348
3 3 0.021195 0.010461 0.252747 0.711208 0.004389
3 3 0.022415 0.010282 0.225362 0.737023 0.004918
3 3 0.021167 0.009932 0.232716 0.731771 0.004414
3 3 0.022823 0.010071 0.220531 0.741802 0.004773
3 3 0.018374 0.008007 0.195560 0.774376 0.003683
3 3 0.019874 0.008586 0.183495 0.783366 0.004679
3 3 0.014042 0.005899 0.152480 0.824620 0.002960
3 3 0.014905 0.006292 0.156991 0.818594 0.003218
3 3 0.017703 0.007581 0.167976 0.802530 0.004209
3 3 0.016992 0.007262 0.156020 0.815366 0.004360
3 3 0.014357 0.006048 0.147839 0.828476 0.003280
3 3 0.016471 0.007013 0.160955 0.811706 0.003855
3 3 0.017255 0.007379 0.161548 0.809567 0.004251
3 3 0.016722 0.007142 0.150281 0.821370 0.004485
3 3 0.013444 0.005653 0.125947 0.851234 0.003721
3 3 0.011704 0.004873 0.112739 0.867393 0.003291
3 3 0.011640 0.004846 0.111756 0.868458 0.003300
3 3 0.009929 0.004084 0.101421 0.881844 0.002722
3 3 0.011421 0.004752 0.106409 0.873983 0.003435
3 3 0.013157 0.005524 0.122995 0.854633 0.003691
3 3 0.012768 0.005340 0.128472 0.850215 0.003205
3 3 0.014241 0.005994 0.148749 0.827828 0.003188
3 3 0.018647 0.008014 0.177433 0.791606 0.004301
3 3 0.018026 0.007726 0.173632 0.796477 0.004139
3 3 0.018084 0.007754 0.173198 0.796777 0.004187
3 3 0.018329 0.007866 0.176059 0.793552 0.004195
3 3 0.014713 0.006677 0.174382 0.801034 0.003194
3 3 0.010593 0.005049 0.163770 0.818489 0.002099
2 3 0.187400 0.069574 0.377422 0.321652 0.043954
2 3 0.310554 0.101889 0.353256 0.177186 0.057115
0 3 0.481536 0.111787 0.221817 0.114443 0.070417
0 3 0.572682 0.119778 0.156938 0.067198 0.083404
0 0 0.606203 0.123876 0.115936 0.045377 0.108607
0 0 0.590819 0.138036 0.094455 0.027095 0.149596
0 0 0.558595 0.142536 0.091644 0.025796 0.181428
0 0 0.540105 0.154634 0.106213 0.023904 0.175144
0 1 0.527356 0.156324 0.099023 0.022799 0.194498
0 2 0.492769 0.162585 0.140393 0.031730 0.172523
0 2 0.491628 0.163078 0.141900 0.032116 0.171278
0 2 0.414274 0.195895 0.189204 0.026227 0.174400
2 2 0.250318 0.226036 0.314936 0.026763 0.181947
4 1 0.272718 0.214116 0.182861 0.023239 0.307066
4 1 0.112256 0.213556 0.284222 0.026567 0.363400
4 1 0.083430 0.207716 0.320519 0.027470 0.360865
2 2 0.054533 0.197785 0.461514 0.027913 0.258256
4 2 0.062008 0.205112 0.246773 0.018262 0.467845
4 4 0.072831 0.204785 0.166396 0.012924 0.543063
4 4 0.103111 0.221163 0.101871 0.006710 0.567145
4 4 0.231302 0.209259 0.066714 0.006639 0.486086
4 4 0.104344 0.215424 0.123560 0.009497 0.547175
4 4 0.090995 0.219608 0.116202 0.007474 0.565721
4 4 0.083762 0.221394 0.113023 0.006605 0.575216
4 4 0.100298 0.225086 0.097040 0.005703 0.571873
4 4 0.110168 0.227672 0.086080 0.004908 0.571171
4 4 0.181983 0.221871 0.068020 0.005018 0.523109
4 4 0.137677 0.221875 0.090449 0.006595 0.543404
4 4 0.153186 0.218582 0.091767 0.007506 0.528958
4 4 0.178575 0.215649 0.080310 0.007126 0.518340
4 4 0.204245 0.203957 0.066350 0.007625 0.517823
4 4 0.205191 0.192784 0.059813 0.008921 0.533292
4 4 0.158980 0.197746 0.070247 0.009208 0.563819
4 4 0.185354 0.197155 0.060547 0.008010 0.548934
4 4 0.159586 0.208456 0.075257 0.007676 0.549025
4 4 0.172232 0.200825 0.064808 0.007850 0.554286
4 4 0.156535 0.206463 0.075642 0.008071 0.553290
4 4 0.134891 0.208921 0.066232 0.006082 0.583875
4 4 0.116817 0.206107 0.071403 0.006707 0.598965
4 4 0.136371 0.197845 0.054378 0.006202 0.605204
4 4 0.194766 0.187223 0.044159 0.006861 0.566991
4 4 0.162892 0.193610 0.052555 0.007064 0.583879
4 4 0.210349 0.198339 0.058727 0.007541 0.525045
4 4 0.162124 0.222403 0.076951 0.005651 0.532871
4 4 0.184811 0.220215 0.070792 0.005499 0.518684
4 4 0.149836 0.221967 0.084297 0.006235 0.537665
4 4 0.084479 0.216047 0.128859 0.008633 0.561982
4 4 0.055395 0.223146 0.189762 0.009573 0.522123
4 4 0.037830 0.225677 0.280814 0.010655 0.445025
4 4 0.029515 0.213834 0.286554 0.010599 0.459499
4 4 0.024642 0.209246 0.298635 0.010200 0.457277
4 4 0.027193 0.218685 0.345420 0.010783 0.397920
2 4 0.024054 0.220447 0.462878 0.010478 0.282143
2 4 0.017021 0.199754 0.552287 0.010238 0.220701
2 4 0.019389 0.209816 0.522674 0.010001 0.238119
2 4 0.018786 0.209076 0.520381 0.009917 0.241841
2 4 0.023702 0.224275 0.450103 0.009795 0.292124
2 4 0.020701 0.214012 0.465011 0.010321 0.289955
2 4 0.023609 0.215853 0.460418 0.011111 0.289009
2 4 0.016012 0.193803 0.583732 0.010114 0.196339
2 4 0.012518 0.149451 0.740965 0.009777 0.087288
2 4 0.013670 0.134464 0.773544 0.011231 0.067092
2 4 0.013438 0.116758 0.808902 0.012164 0.048737
2 2 0.015848 0.113262 0.809566 0.014605 0.046720
2 2 0.019599 0.128518 0.777976 0.015194 0.058712
2 2 0.018347 0.113318 0.803498 0.016898 0.047939
2 2 0.032420 0.128002 0.763745 0.021408 0.054425
2 2 0.098968 0.163694 0.631019 0.032161 0.074157
2 2 0.201663 0.167404 0.519976 0.043570 0.067386
2 2 0.232945 0.153211 0.500148 0.056904 0.056792
0 2 0.480987 0.155870 0.273470 0.039214 0.050460
0 2 0.697945 0.111921 0.111142 0.031621 0.047371
0 0 0.870179 0.064619 0.024073 0.008767 0.032362
0 0 0.870714 0.064251 0.025038 0.009226 0.030772
0 0 0.865472 0.066411 0.023160 0.008279 0.036679
0 0 0.839911 0.073750 0.020280 0.006772 0.059287
0 0 0.811196 0.080028 0.019586 0.006305 0.082885
0 0 0.796596 0.085412 0.026100 0.008837 0.083055
0 0 0.728170 0.102300 0.044314 0.016101 0.109115
0 0 0.682957 0.111321 0.069758 0.027550 0.108413
0 0 0.624559 0.128674 0.111005 0.035129 0.100633
0 0 0.704510 0.113985 0.066893 0.020998 0.093614
0 0 0.749187 0.098151 0.044298 0.016334 0.092030
0 0 0.694774 0.107175 0.081158 0.033731 0.083162
0 0 0.725174 0.102464 0.065380 0.026174 0.080809
0 0 0.714727 0.104994 0.046768 0.017064 0.116447
0 0 0.624611 0.113101 0.033813 0.010684 0.217791
0 0 0.471778 0.152931 0.050329 0.010864 0.314098
4 1 0.202795 0.236884 0.142958 0.012083 0.405280
4 2 0.143416 0.250706 0.196494 0.012677 0.396708
4 2 0.134357 0.272955 0.231893 0.010888 0.349907
4 2 0.125870 0.271301 0.233639 0.010864 0.358326
4 2 0.124723 0.267625 0.212655 0.010344 0.384653
4 2 0.091777 0.271981 0.258518 0.009940 0.367785
4 2 0.067013 0.263542 0.294877 0.010097 0.364471
2 2 0.043655 0.254990 0.404923 0.009778 0.286654
2 2 0.037020 0.248737 0.456423 0.009388 0.248432
2 2 0.017900 0.167497 0.706921 0.010331 0.097350
2 2 0.011916 0.114435 0.817011 0.010915 0.045723
2 2 0.011970 0.096536 0.848226 0.012016 0.031251
2 2 0.012139 0.089523 0.859116 0.012673 0.026549
2 2 0.010380 0.087770 0.866059 0.010937 0.024854
2 2 0.010704 0.095343 0.853234 0.010809 0.029910
2 2 0.010465 0.094165 0.855728 0.010634 0.029008
2 2 0.010835 0.106438 0.834149 0.010321 0.038257
2 2 0.011048 0.115053 0.818052 0.010086 0.045761
2 2 0.011076 0.114503 0.819003 0.010138 0.045280
2 2 0.010813 0.112764 0.822869 0.009981 0.043572
2 2 0.010321 0.114134 0.821607 0.009461 0.044478
2 2 0.010009 0.102386 0.843203 0.009729 0.034674
2 2 0.011003 0.101980 0.841442 0.010725 0.034849
2 2 0.011711 0.094957 0.851435 0.011857 0.030040
2 2 0.015674 0.104018 0.830371 0.014080 0.035857
2 2 0.013774 0.090513 0.853686 0.014306 0.027720
2 2 0.014269 0.090261 0.852927 0.014842 0.027702
2 2 0.014658 0.090897 0.853436 0.014317 0.026693
2 2 0.021434 0.115092 0.812953 0.013963 0.036558
2 2 0.014678 0.091562 0.853897 0.013732 0.026131
2 2 0.013641 0.095031 0.850977 0.012454 0.027896
2 2 0.012248 0.076746 0.878108 0.013824 0.019075
2 2 0.072113 0.177182 0.652868 0.020957 0.076881
2 2 0.188908 0.213356 0.449426 0.027753 0.120556
2 2 0.292690 0.198372 0.346223 0.035983 0.126731
0 2 0.366097 0.171760 0.307224 0.049906 0.105013
0 2 0.365618 0.161340 0.304491 0.061869 0.106683
0 2 0.516934 0.164361 0.172138 0.031856 0.114711
0 2 0.548005 0.174582 0.089544 0.013019 0.174850
0 0 0.440134 0.223823 0.125585 0.011008 0.199450
2 0 0.060784 0.259441 0.487699 0.010233 0.181843
2 0 0.037919 0.244290 0.573008 0.007536 0.137247
2 1 0.024411 0.198877 0.657081 0.008772 0.110859
2 2 0.051144 0.202499 0.622978 0.014479 0.108900
2 2 0.088898 0.169922 0.632498 0.029470 0.079212
2 2 0.149519 0.130063 0.604639 0.067202 0.048576
2 2 0.232236 0.136935 0.508799 0.073804 0.048225
0 2 0.563832 0.132263 0.173817 0.052945 0.077143
0 0 0.689574 0.106444 0.089809 0.038353 0.075820
0 0 0.767752 0.091523 0.060474 0.024686 0.055565
0 0 0.771036 0.090232 0.061266 0.025210 0.052256
0 0 0.779403 0.090286 0.050119 0.019618 0.060574
0 0 0.763594 0.090768 0.067296 0.028282 0.050060
0 0 0.836530 0.074141 0.032187 0.013118 0.044024
0 0 0.801408 0.080429 0.047333 0.023254 0.047576
0 0 0.821624 0.079637 0.035796 0.013438 0.049504
0 0 0.816062 0.080941 0.038986 0.014871 0.049140
0 0 0.799688 0.084674 0.046887 0.018446 0.050305
0 0 0.771189 0.092718 0.049265 0.019028 0.067799
0 0 0.791873 0.087909 0.034934 0.012607 0.072676
0 0 0.815893 0.078863 0.019142 0.006157 0.079945
0 0 0.801599 0.080337 0.016913 0.005237 0.095914
0 0 0.846822 0.069892 0.014682 0.004599 0.064005
0 0 0.825188 0.078769 0.026964 0.009463 0.059616
0 0 0.786119 0.088798 0.047203 0.018306 0.059575
0 0 0.760988 0.090079 0.064690 0.030174 0.054069
0 0 0.842521 0.073389 0.030771 0.011508 0.041810
0 0 0.861135 0.067277 0.028136 0.010515 0.032937
0 0 0.867904 0.065438 0.024222 0.008799 0.033637
0 0 0.869924 0.064815 0.023305 0.008410 0.033547
0 0 0.880178 0.060841 0.014168 0.004606 0.040206
0 0 0.887788 0.057545 0.011344 0.003551 0.039772
0 0 0.875090 0.060201 0.010022 0.002996 0.051692
0 0 0.839903 0.072526 0.016780 0.005370 0.065421
0 0 0.784268 0.088108 0.026729 0.009007 0.091888
0 0 0.793601 0.080784 0.017156 0.005779 0.102680
0 0 0.745032 0.087543 0.020530 0.008365 0.138530
0 0 0.774614 0.075093 0.013295 0.006435 0.130563
0 0 0.709850 0.082423 0.016660 0.009684 0.181384
0 0 0.800952 0.070268 0.011474 0.005340 0.111965
0 0 0.796160 0.077593 0.017678 0.007715 0.100854
0 0 0.837259 0.068452 0.013701 0.005537 0.075052
0 0 0.804876 0.072853 0.012975 0.005330 0.103966
0 0 0.786870 0.074127 0.012261 0.005152 0.121591
0 0 0.825570 0.069825 0.009828 0.002825 0.091952
0 0 0.848057 0.069428 0.014353 0.004481 0.063681
0 0 0.852101 0.070569 0.020985 0.007172 0.049172
0 0 0.879843 0.061382 0.016262 0.005458 0.037055
0 0 0.884027 0.059045 0.015920 0.005943 0.035065
0 0 0.888589 0.056236 0.018906 0.008426 0.027843
0 0 0.882094 0.059122 0.018097 0.007482 0.033204
0 0 0.863240 0.064650 0.018852 0.008028 0.045230
0 0 0.843230 0.073537 0.027597 0.009967 0.045669
0 0 0.818226 0.079749 0.031459 0.012404 0.058161
0 0 0.831474 0.071921 0.028435 0.015269 0.052901
0 0 0.835019 0.068047 0.026088 0.017304 0.053542
0 0 0.887185 0.051350 0.013583 0.010083 0.037799
0 0 0.884326 0.051767 0.011342 0.007918 0.044648
0 0 0.854495 0.058164 0.012201 0.008882 0.066258
0 0 0.822148 0.072482 0.020994 0.011190 0.073186
0 0 0.844183 0.068333 0.016660 0.007182 0.063642
0 0 0.817224 0.077907 0.023370 0.009387 0.072112
0 0 0.748018 0.091684 0.035037 0.017187 0.108074
0 0 0.729232 0.093749 0.039898 0.022214 0.114907
0 0 0.669975 0.093067 0.029180 0.022372 0.185406
0 0 0.632864 0.094895 0.018447 0.011779 0.242014
0 0 0.651598 0.091283 0.015157 0.009077 0.232884
0 0 0.693909 0.084627 0.012211 0.006550 0.202703
0 0 0.740021 0.075847 0.010605 0.005451 0.168076
0 0 0.764975 0.070047 0.010286 0.005952 0.148741
0 0 0.782404 0.071575 0.011896 0.006267 0.127858
0 0 0.765244 0.067268 0.009138 0.005765 0.152585
0 0 0.620428 0.100483 0.014194 0.006710 0.258184
0 0 0.491178 0.125441 0.021394 0.008981 0.353005
0 0 0.577018 0.108890 0.016046 0.007341 0.290705
0 0 0.575696 0.111842 0.017653 0.007399 0.287410
0 0 0.560061 0.110855 0.015250 0.006989 0.306845
4 0 0.398963 0.141729 0.020876 0.006946 0.431487
0 0 0.506903 0.129581 0.016707 0.004945 0.341863
0 0 0.667971 0.102523 0.012500 0.003277 0.213728
0 0 0.682699 0.101545 0.012967 0.003101 0.199688
0 0 0.649972 0.110308 0.017668 0.004292 0.217760
0 0 0.687924 0.099273 0.018390 0.005290 0.189123
0 0 0.713280 0.099448 0.027321 0.008858 0.151093
0 0 0.657114 0.115411 0.080898 0.032708 0.113869
0 0 0.602886 0.132021 0.101482 0.036011 0.127600
0 0 0.753928 0.098311 0.038954 0.013420 0.095386
0 0 0.817278 0.080888 0.027441 0.009586 0.064808
0 0 0.833985 0.076130 0.024580 0.008524 0.056782
0 0 0.823818 0.079113 0.026767 0.009362 0.060940
0 0 0.678127 0.107412 0.030279 0.009738 0.174444
0 0 0.440895 0.149699 0.043372 0.011942 0.354092
4 0 0.215892 0.186508 0.053124 0.009041 0.535435
4 0 0.208319 0.189614 0.046747 0.007003 0.548316
4 1 0.144210 0.199155 0.056164 0.006417 0.594054
4 1 0.101192 0.207354 0.076192 0.006521 0.608740
4 1 0.067163 0.212168 0.086455 0.005145 0.629068
4 1 0.063849 0.220954 0.106125 0.005138 0.603933
4 1 0.106941 0.223075 0.100417 0.006440 0.563127
4 1 0.093385 0.220289 0.113404 0.007279 0.565643
4 1 0.072903 0.215198 0.134444 0.008335 0.569120
4 1 0.058908 0.214877 0.208531 0.012640 0.505045
4 1 0.056222 0.227287 0.293407 0.014542 0.408542
4 1 0.073932 0.212766 0.191235 0.013843 0.508224
4 1 0.048923 0.205719 0.206942 0.012455 0.525961
4 1 0.048895 0.204416 0.170920 0.009975 0.565794
4 1 0.081916 0.206283 0.233292 0.020477 0.458032
4 0 0.133933 0.206726 0.197275 0.022715 0.439352
4 0 0.188774 0.206130 0.152859 0.019886 0.432352
4 0 0.302945 0.194748 0.064120 0.008160 0.430027
4 0 0.345182 0.186503 0.057020 0.007870 0.403425
0 1 0.427894 0.170808 0.045131 0.007011 0.349157
2 2 0.028268 0.238950 0.493492 0.008625 0.230665
2 2 0.025043 0.226383 0.526487 0.009125 0.212962
2 2 0.013433 0.175861 0.663873 0.009327 0.137506
2 2 0.014396 0.158334 0.712559 0.010808 0.103904
2 2 0.013508 0.150910 0.734459 0.010481 0.090643
2 2 0.013218 0.164953 0.697905 0.009643 0.114281
2 2 0.014009 0.180431 0.646226 0.009514 0.149820
2 2 0.021589 0.204363 0.551378 0.011299 0.211370
2 2 0.026541 0.218405 0.490823 0.011431 0.252800
2 2 0.031219 0.225424 0.455649 0.011818 0.275890
2 2 0.028913 0.227124 0.459320 0.010866 0.273777
2 2 0.037621 0.244380 0.444904 0.010203 0.262892
4 2 0.066444 0.275081 0.323738 0.009186 0.325551
4 2 0.076501 0.276183 0.293335 0.009314 0.344668
2 2 0.049018 0.255111 0.372487 0.010397 0.312987
2 2 0.050289 0.254293 0.396620 0.010849 0.287949
2 2 0.057585 0.276885 0.376493 0.008644 0.280393
2 2 0.056667 0.285080 0.388127 0.007689 0.262436
2 2 0.060925 0.284345 0.361230 0.008052 0.285447
2 2 0.057798 0.262211 0.421064 0.010571 0.248355
2 2 0.036814 0.232291 0.537940 0.010447 0.182508
2 2 0.039080 0.232955 0.542827 0.010557 0.174581
2 2 0.034167 0.226273 0.547402 0.010734 0.181425
2 2 0.013996 0.163557 0.717981 0.008893 0.095571
2 2 0.015539 0.182952 0.684166 0.007762 0.109581
2 2 0.012135 0.134740 0.785211 0.008905 0.059009
2 2 0.012126 0.129891 0.797787 0.008658 0.051539
2 2 0.010863 0.117306 0.820008 0.008821 0.043003
2 2 0.010254 0.100781 0.845315 0.010054 0.033596
2 2 0.011203 0.095111 0.852754 0.011231 0.029701
2 2 0.015107 0.122335 0.809543 0.010271 0.042745
2 2 0.015643 0.124492 0.804487 0.010553 0.044825
2 2 0.018545 0.131460 0.791901 0.010934 0.047160
2 2 0.067463 0.199843 0.623431 0.016113 0.093149
2 2 0.140707 0.214793 0.511264 0.022817 0.110418
2 2 0.311608 0.192082 0.373164 0.034579 0.088568
0 0 0.550204 0.169613 0.169472 0.023072 0.087639
0 0 0.683431 0.132303 0.084196 0.016970 0.083101
0 0 0.768340 0.093671 0.031084 0.010135 0.096770
0 0 0.746961 0.096381 0.031586 0.010758 0.114315
0 1 0.654968 0.109479 0.029258 0.008809 0.197487
0 1 0.425188 0.170122 0.043462 0.006654 0.354573
4 1 0.177755 0.216488 0.084333 0.007390 0.514034
4 1 0.104825 0.218880 0.113348 0.008028 0.554919
4 2 0.060314 0.210854 0.149974 0.008952 0.569907
4 2 0.032274 0.221900 0.287055 0.010136 0.448635
2 2 0.025126 0.224766 0.436091 0.010170 0.303848
2 2 0.014376 0.177371 0.655383 0.009902 0.142967
2 2 0.014397 0.161357 0.704273 0.010664 0.109309
2 2 0.015893 0.155028 0.716931 0.012098 0.100051
2 2 0.021356 0.155224 0.704448 0.015779 0.103193
2 0 0.042879 0.157325 0.669571 0.026242 0.103984
2 0 0.108151 0.169012 0.567899 0.045892 0.109047
2 1 0.260706 0.216851 0.291411 0.032189 0.198843
0 1 0.303896 0.226513 0.197422 0.021254 0.250915
0 1 0.510693 0.172475 0.099099 0.018047 0.199686
0 1 0.613931 0.125851 0.049418 0.014857 0.195943
0 1 0.619456 0.118643 0.027134 0.006779 0.227987
4 1 0.367055 0.187477 0.041480 0.004745 0.399243
4 2 0.141630 0.278624 0.159768 0.006964 0.413014
2 2 0.010374 0.070365 0.891572 0.012208 0.015481
2 2 0.010046 0.077126 0.882803 0.011296 0.018729
2 2 0.012417 0.096601 0.851145 0.011262 0.028575
2 2 0.010068 0.087287 0.868699 0.010275 0.023671
2 2 0.011900 0.092714 0.860390 0.010408 0.024588
2 2 0.012866 0.088945 0.863924 0.011512 0.022753
2 2 0.013990 0.092217 0.859067 0.011441 0.023285
2 2 0.010589 0.074624 0.885090 0.012108 0.017590
2 2 0.012667 0.082598 0.871606 0.012560 0.020570
2 2 0.026271 0.108886 0.813028 0.017881 0.033934
2 2 0.073014 0.169464 0.664323 0.022279 0.070921
2 2 0.105792 0.159665 0.629183 0.036445 0.068915
2 2 0.172269 0.189238 0.493638 0.039340 0.105515
2 2 0.156743 0.215102 0.451409 0.029715 0.147032
4 2 0.250758 0.242106 0.216632 0.017773 0.272732
4 1 0.154851 0.252485 0.253227 0.016175 0.323263
4 1 0.154741 0.233248 0.162707 0.013364 0.435940
4 1 0.071554 0.224178 0.149002 0.008339 0.546927
4 1 0.045657 0.212591 0.143732 0.006631 0.591389
4 2 0.036367 0.227697 0.200506 0.006926 0.528504
4 2 0.114740 0.244521 0.193289 0.012016 0.435435
4 2 0.202548 0.226498 0.166149 0.016704 0.388102
4 2 0.372758 0.176496 0.065014 0.011214 0.374518
0 2 0.497613 0.154522 0.031466 0.004982 0.311417
0 2 0.402763 0.183335 0.049176 0.006448 0.358278
4 2 0.214185 0.287527 0.162218 0.007327 0.328743
2 2 0.101477 0.296384 0.381073 0.008871 0.212196
2 2 0.075179 0.272059 0.464003 0.009823 0.178936
2 2 0.023596 0.213295 0.640069 0.007090 0.115951
2 2 0.012847 0.123856 0.806276 0.009603 0.047418
2 2 0.009610 0.082738 0.875587 0.010428 0.021637
2 2 0.009259 0.074425 0.888566 0.010590 0.017160
2 2 0.012265 0.079796 0.873626 0.013575 0.020739
2 2 0.026190 0.109596 0.808537 0.018972 0.036704
2 2 0.079581 0.199614 0.604815 0.018698 0.097291
2 2 0.174099 0.258402 0.339229 0.017026 0.211244
