4 0 0.151348 0.201018 0.088327 0.002463 0.556844
4 0 0.247259 0.194588 0.076555 0.003628 0.477970
4 0 0.285598 0.201657 0.101865 0.007862 0.403019
4 0 0.332422 0.187903 0.111318 0.011665 0.356693
0 0 0.476465 0.137032 0.135430 0.047160 0.203913
0 0 0.465964 0.138553 0.113247 0.022719 0.259518
0 0 0.420818 0.157982 0.125698 0.023196 0.272305
0 0 0.379719 0.179579 0.159182 0.036616 0.244905
0 0 0.371311 0.183562 0.165087 0.039131 0.240909
0 0 0.347865 0.195348 0.173194 0.040089 0.243503
0 0 0.395457 0.171980 0.150087 0.033385 0.249092
0 0 0.345787 0.196693 0.162958 0.033028 0.261535
4 0 0.240127 0.257323 0.173941 0.024148 0.304461
4 0 0.193154 0.280773 0.150029 0.013256 0.362789
4 0 0.171235 0.281853 0.147580 0.010690 0.388641
4 0 0.139256 0.228627 0.180111 0.009189 0.442816
2 0 0.042316 0.147879 0.420586 0.013295 0.375925
2 0 0.008342 0.071350 0.581872 0.005678 0.332759
2 0 0.002734 0.042638 0.662844 0.003021 0.288763
2 0 0.002844 0.045304 0.634223 0.002625 0.315004
2 0 0.002844 0.045304 0.634223 0.002625 0.315005
2 0 0.002844 0.045304 0.634222 0.002625 0.315005
2 0 0.002844 0.045304 0.634223 0.002625 0.315005
2 0 0.002844 0.045304 0.634222 0.002625 0.315005
2 0 0.002844 0.045304 0.634222 0.002625 0.315005
2 0 0.002844 0.045304 0.634222 0.002625 0.315005
2 0 0.002844 0.045304 0.634222 0.002625 0.315005
2 0 0.002844 0.045304 0.634223 0.002625 0.315005
2 0 0.002844 0.045304 0.634222 0.002625 0.315005
2 0 0.002844 0.045304 0.634223 0.002625 0.315004
2 0 0.002844 0.045304 0.634222 0.002625 0.315005
2 0 0.002844 0.045304 0.634222 0.002625 0.315005
2 0 0.002844 0.045304 0.634222 0.002625 0.315005
2 0 0.002844 0.045304 0.634222 0.002625 0.315005
2 0 0.002844 0.045304 0.634223 0.002625 0.315004
2 0 0.002844 0.045304 0.634223 0.002625 0.315005
2 0 0.002844 0.045304 0.634223 0.002625 0.315004
2 0 0.002844 0.045304 0.634223 0.002625 0.315004
2 0 0.002844 0.045304 0.634223 0.002625 0.315004
2 0 0.002844 0.045304 0.634222 0.002625 0.315005
2 0 0.002844 0.045304 0.634223 0.002625 0.315004
2 0 0.002844 0.045304 0.634224 0.002625 0.315003
2 0 0.003148 0.049442 0.704037 0.005143 0.238230
2 0 0.008725 0.086940 0.603143 0.008024 0.293168
2 0 0.037866 0.184844 0.454447 0.020493 0.302350
1 0 0.150602 0.328086 0.203574 0.024470 0.293268
1 0 0.156764 0.322698 0.217301 0.030619 0.272619
1 0 0.217714 0.271137 0.225213 0.047125 0.238811
0 0 0.319279 0.209399 0.191780 0.050038 0.229503
0 0 0.425784 0.147717 0.180572 0.088465 0.157461
0 0 0.391264 0.157176 0.210249 0.100676 0.140635
0 0 0.375423 0.169006 0.212956 0.086232 0.156383
0 0 0.283386 0.227076 0.211835 0.054872 0.222831
1 0 0.181943 0.289125 0.258357 0.062936 0.207639
1 0 0.150102 0.325110 0.244770 0.042296 0.237721
1 0 0.107361 0.369505 0.290216 0.033020 0.199897
1 0 0.092130 0.384240 0.314667 0.030339 0.178624
1 0 0.123420 0.353531 0.265294 0.035295 0.222459
1 0 0.175116 0.296986 0.255438 0.057852 0.214608
0 0 0.272520 0.226911 0.230337 0.070519 0.199714
4 0 0.197283 0.248253 0.141318 0.010119 0.403026
4 0 0.149792 0.236757 0.167069 0.009024 0.437359
4 0 0.203321 0.271621 0.144888 0.012722 0.367449
4 0 0.172421 0.303176 0.169211 0.016395 0.338797
1 0 0.187303 0.296965 0.197434 0.026888 0.291411
1 0 0.211465 0.278791 0.204696 0.033672 0.271376
4 0 0.254015 0.249418 0.180541 0.028589 0.287437
4 0 0.249063 0.249747 0.163468 0.021252 0.316469
0 0 0.337235 0.199984 0.152314 0.026201 0.284266
0 0 0.472149 0.138033 0.121150 0.028970 0.239699
0 0 0.571535 0.100948 0.096074 0.031539 0.199903
0 0 0.617242 0.084864 0.092312 0.048302 0.157281
0 0 0.634147 0.075935 0.090775 0.069057 0.130087
0 0 0.624284 0.078112 0.094562 0.074098 0.128944
0 0 0.570143 0.097344 0.113421 0.070243 0.148850
0 0 0.463807 0.134030 0.156596 0.082407 0.163159
0 0 0.414831 0.158464 0.172101 0.064070 0.190534
0 0 0.395833 0.171495 0.160413 0.040891 0.231368
0 0 0.489581 0.127939 0.105765 0.020783 0.255932
0 0 0.483487 0.124758 0.090891 0.013924 0.286940
4 0 0.375205 0.148469 0.076354 0.005985 0.393987
4 0 0.308018 0.161570 0.067685 0.003579 0.459148
4 0 0.186622 0.171407 0.062345 0.001586 0.578040
4 0 0.202963 0.232998 0.092126 0.004466 0.467447
4 0 0.212672 0.267559 0.149314 0.014298 0.356156
4 0 0.154103 0.318888 0.171936 0.015652 0.339421
4 0 0.122723 0.322474 0.127035 0.006290 0.421478
4 0 0.114091 0.315805 0.110430 0.004333 0.455340
4 0 0.132055 0.288531 0.099882 0.003812 0.475721
4 0 0.146057 0.274326 0.096975 0.003836 0.478806
4 0 0.216465 0.268687 0.158858 0.017034 0.338956
1 0 0.187845 0.296650 0.199372 0.027733 0.288400
1 0 0.130550 0.336926 0.224083 0.026971 0.281469
1 0 0.101069 0.369256 0.216304 0.020666 0.292705
1 1 0.064142 0.348481 0.247332 0.014788 0.325257
4 1 0.046544 0.323834 0.276258 0.012286 0.341077
4 1 0.037903 0.286710 0.291259 0.009412 0.374715
4 1 0.030007 0.223232 0.304272 0.006093 0.436396
4 2 0.025668 0.181108 0.307268 0.004389 0.481567
4 2 0.017779 0.145961 0.393469 0.005008 0.437783
4 2 0.012904 0.121960 0.423345 0.004083 0.437708
4 2 0.011446 0.105818 0.438571 0.003686 0.440479
2 2 0.007908 0.092165 0.529790 0.004566 0.365572
2 2 0.006569 0.081751 0.583105 0.005223 0.323352
2 2 0.006530 0.078246 0.585044 0.005099 0.325081
2 2 0.005348 0.064901 0.694394 0.008953 0.226403
2 2 0.005373 0.067780 0.692936 0.009204 0.224708
2 2 0.004938 0.057955 0.728895 0.010616 0.197596
2 2 0.005472 0.058585 0.723417 0.011066 0.201461
2 2 0.006251 0.058141 0.728387 0.013006 0.194216
2 2 0.006323 0.061252 0.731968 0.014351 0.186107
2 2 0.006132 0.058187 0.750988 0.016625 0.168068
2 2 0.005984 0.057435 0.765537 0.019484 0.151560
2 2 0.007147 0.061696 0.749805 0.020259 0.161094
2 2 0.007575 0.060054 0.756582 0.022965 0.152824
2 2 0.008764 0.063700 0.752499 0.027349 0.147687
2 2 0.009958 0.058269 0.765592 0.037982 0.128199
2 2 0.010656 0.054168 0.772473 0.049179 0.113525
2 2 0.011713 0.044362 0.775909 0.083294 0.084723
2 3 0.011281 0.043283 0.778581 0.083835 0.083020
2 3 0.022490 0.036760 0.530792 0.372355 0.037603
2 3 0.022919 0.032752 0.479788 0.433283 0.031258
3 3 0.021264 0.027564 0.416904 0.510236 0.024032
3 3 0.019695 0.023705 0.358235 0.581463 0.016901
3 3 0.016126 0.019737 0.339729 0.611324 0.013084
3 3 0.014762 0.018385 0.340943 0.613293 0.012616
3 3 0.014804 0.019491 0.373484 0.577650 0.014572
3 3 0.015070 0.019766 0.366997 0.584593 0.013574
3 3 0.015682 0.021754 0.395357 0.552783 0.014424
3 3 0.016157 0.021978 0.389052 0.558259 0.014554
3 3 0.016205 0.022468 0.399057 0.547312 0.014958
3 3 0.015559 0.019306 0.330763 0.623394 0.010978
3 3 0.014112 0.017554 0.322471 0.635797 0.010066
3 3 0.008761 0.010646 0.256935 0.718367 0.005290
3 3 0.008982 0.010617 0.253711 0.720996 0.005694
3 3 0.008380 0.009221 0.218743 0.759035 0.004620
3 3 0.010791 0.011423 0.228766 0.743051 0.005969
3 3 0.008867 0.009689 0.217049 0.759873 0.004523
3 3 0.014130 0.015246 0.263385 0.698656 0.008582
3 3 0.013285 0.013297 0.226502 0.740000 0.006917
3 3 0.012042 0.011088 0.184652 0.787319 0.004899
3 3 0.010780 0.009187 0.153625 0.822655 0.003753
3 3 0.012883 0.010157 0.148469 0.824013 0.004478
3 3 0.010117 0.008151 0.138788 0.839455 0.003489
3 3 0.008557 0.007214 0.137474 0.843846 0.002909
3 3 0.005640 0.005368 0.135761 0.851373 0.001857
3 3 0.005201 0.005464 0.152547 0.834960 0.001827
3 3 0.005409 0.005533 0.146553 0.840742 0.001764
3 3 0.006512 0.006600 0.154565 0.830262 0.002062
3 3 0.004768 0.005351 0.156791 0.831564 0.001526
3 3 0.004944 0.005309 0.146887 0.841398 0.001463
3 3 0.004214 0.004762 0.151480 0.838170 0.001375
3 3 0.004630 0.005343 0.164791 0.823612 0.001624
3 3 0.002499 0.003052 0.135382 0.858272 0.000795
3 3 0.003191 0.003783 0.145545 0.846412 0.001070
3 3 0.004000 0.004592 0.156940 0.832981 0.001487
3 3 0.006418 0.007045 0.181689 0.802270 0.002578
3 3 0.009007 0.009808 0.211631 0.765415 0.004139
3 3 0.009106 0.009711 0.198079 0.779574 0.003530
3 3 0.010050 0.010387 0.195537 0.780278 0.003748
3 3 0.016747 0.016876 0.221810 0.737801 0.006765
3 3 0.017492 0.016732 0.210551 0.748319 0.006907
3 3 0.014514 0.013080 0.183771 0.783697 0.004938
3 3 0.008523 0.007816 0.147851 0.833283 0.002527
3 3 0.005283 0.005003 0.120868 0.867561 0.001286
3 3 0.004772 0.004715 0.125949 0.863293 0.001271
3 3 0.005389 0.005481 0.141754 0.845769 0.001607
3 3 0.004893 0.004955 0.133778 0.854985 0.001389
3 3 0.004602 0.004898 0.139738 0.849448 0.001314
3 3 0.005416 0.006120 0.168319 0.818333 0.001812
3 3 0.007067 0.007775 0.178546 0.804327 0.002285
3 3 0.007250 0.007966 0.176026 0.806604 0.002154
3 3 0.007367 0.008256 0.181180 0.801031 0.002165
3 3 0.008456 0.008595 0.165763 0.814840 0.002346
3 3 0.011232 0.010236 0.160327 0.815090 0.003115
3 3 0.015886 0.013352 0.166291 0.799896 0.004575
3 3 0.012087 0.010010 0.140870 0.834054 0.002980
3 3 0.007441 0.006692 0.126178 0.858036 0.001653
3 3 0.008055 0.006979 0.126457 0.856581 0.001928
3 3 0.009444 0.007495 0.120527 0.860220 0.002314
3 3 0.005468 0.005904 0.152873 0.834180 0.001575
3 3 0.006601 0.006576 0.145237 0.839813 0.001773
3 3 0.003566 0.003696 0.113778 0.878161 0.000799
3 3 0.005068 0.004992 0.126157 0.862521 0.001263
3 3 0.006306 0.005731 0.125519 0.860783 0.001661
3 3 0.007202 0.006350 0.127213 0.857331 0.001904
3 3 0.006370 0.005598 0.119298 0.867112 0.001622
3 3 0.005635 0.004762 0.105111 0.883176 0.001317
3 3 0.005260 0.004345 0.099883 0.889246 0.001266
3 3 0.009603 0.007453 0.124441 0.855624 0.002878
3 3 0.009937 0.007595 0.122006 0.857619 0.002843
3 3 0.007005 0.005512 0.106198 0.879535 0.001751
3 3 0.009801 0.007837 0.120611 0.859552 0.002200
3 3 0.017597 0.016595 0.194301 0.766986 0.004521
3 3 0.038611 0.043871 0.318411 0.588443 0.010665
2 3 0.054933 0.080884 0.459735 0.385338 0.019109
2 3 0.075748 0.121459 0.507583 0.265009 0.030200
2 1 0.100890 0.206296 0.494325 0.135860 0.062628
2 2 0.128285 0.306234 0.371540 0.068330 0.125612
1 2 0.130581 0.346474 0.265053 0.035683 0.222210
4 1 0.150960 0.317965 0.162024 0.013207 0.355844
4 1 0.134637 0.334118 0.166200 0.012993 0.352052
1 1 0.108893 0.368672 0.194023 0.017127 0.311285
1 1 0.115465 0.363669 0.217513 0.024632 0.278721
1 1 0.118226 0.360634 0.219787 0.025798 0.275555
1 0 0.085981 0.395586 0.188171 0.013760 0.316502
1 0 0.121219 0.356345 0.200727 0.020155 0.301555
1 1 0.114991 0.360915 0.189143 0.016516 0.318436
1 0 0.111654 0.369686 0.245961 0.027510 0.245189
1 0 0.118757 0.360049 0.220219 0.026026 0.274949
1 1 0.103319 0.366980 0.318566 0.036344 0.174792
1 0 0.107090 0.375481 0.236455 0.024635 0.256339
1 0 0.126261 0.347619 0.279377 0.039423 0.207320
1 0 0.172865 0.308931 0.206757 0.028645 0.282803
0 0 0.295522 0.224172 0.172053 0.030301 0.277953
0 0 0.525109 0.117328 0.099611 0.026417 0.231536
0 0 0.540939 0.111385 0.093153 0.025553 0.228969
0 0 0.508070 0.119945 0.086006 0.017989 0.267990
0 0 0.536673 0.100941 0.064738 0.010578 0.287071
0 0 0.561601 0.100269 0.071830 0.017346 0.248954
0 0 0.584576 0.077198 0.106398 0.128724 0.103103
0 0 0.541565 0.104790 0.124845 0.083121 0.145679
0 0 0.437729 0.154456 0.131735 0.026717 0.249363
1 0 0.243717 0.263575 0.213250 0.026097 0.253361
4 1 0.312678 0.208912 0.139622 0.018651 0.320137
0 0 0.315209 0.212499 0.161871 0.027976 0.282445
4 0 0.227087 0.266795 0.180958 0.025371 0.299790
1 0 0.163749 0.316459 0.202501 0.025754 0.291536
1 0 0.142416 0.333876 0.237473 0.037429 0.248806
1 0 0.166227 0.313719 0.231197 0.042123 0.246734
0 0 0.281645 0.217873 0.221530 0.099135 0.179817
3 0 0.312749 0.105656 0.176304 0.335460 0.069832
3 0 0.172050 0.048394 0.112058 0.645496 0.022002
3 0 0.071925 0.018826 0.056858 0.846397 0.005994
3 0 0.038538 0.010210 0.035972 0.912697 0.002584
3 0 0.104678 0.025888 0.071385 0.788409 0.009640
3 1 0.300528 0.069218 0.134664 0.451434 0.044156
0 1 0.345836 0.124759 0.181106 0.255354 0.092945
0 0 0.298109 0.226077 0.185727 0.059878 0.230209
4 0 0.282139 0.223942 0.129442 0.015542 0.348935
0 1 0.564460 0.100850 0.114012 0.062621 0.158056
0 0 0.621813 0.083847 0.088865 0.042743 0.162732
0 0 0.699735 0.054659 0.068959 0.072815 0.103832
0 0 0.746387 0.037554 0.052186 0.089139 0.074733
0 0 0.504689 0.019840 0.043850 0.409314 0.022307
0 0 0.620740 0.021344 0.042425 0.285838 0.029653
0 0 0.542738 0.024079 0.049818 0.355054 0.028311
0 1 0.528852 0.028448 0.057451 0.353330 0.031919
3 0 0.429432 0.024353 0.054437 0.468733 0.023045
3 0 0.292658 0.016027 0.042006 0.637100 0.012208
3 0 0.067158 0.005109 0.019146 0.906577 0.002010
3 0 0.068499 0.009459 0.032114 0.886595 0.003334
3 0 0.079467 0.010830 0.035494 0.870167 0.004041
3 0 0.185676 0.016728 0.046586 0.741573 0.009437
3 0 0.316056 0.031197 0.071462 0.558783 0.022501
3 0 0.359968 0.060055 0.115884 0.419618 0.044475
0 0 0.394573 0.090960 0.150922 0.290405 0.073141
0 0 0.485963 0.091315 0.135010 0.194044 0.093669
3 1 0.287716 0.067217 0.132988 0.470488 0.041591
3 0 0.285084 0.062565 0.126201 0.487498 0.038652
0 0 0.320383 0.119329 0.192406 0.286324 0.081559
0 0 0.261819 0.162300 0.249474 0.232478 0.093929
2 0 0.237250 0.157230 0.291882 0.243270 0.070368
0 0 0.383767 0.125361 0.200958 0.195883 0.094032
0 0 0.545806 0.093318 0.123434 0.118893 0.118550
0 0 0.598105 0.078178 0.103456 0.108993 0.111268
0 0 0.523530 0.079184 0.119585 0.190329 0.087372
3 0 0.274108 0.060159 0.123436 0.506046 0.036252
3 0 0.097513 0.013244 0.041196 0.842707 0.005340
3 0 0.046717 0.004782 0.018684 0.928256 0.001560
3 0 0.050569 0.005995 0.022460 0.919023 0.001953
3 0 0.036618 0.005998 0.023084 0.932662 0.001638
3 0 0.094210 0.016429 0.049484 0.833634 0.006242
3 0 0.108690 0.016128 0.048036 0.820474 0.006672
3 0 0.162375 0.016316 0.046396 0.766390 0.008523
3 0 0.202155 0.022820 0.059564 0.702608 0.012853
3 0 0.286300 0.055464 0.114958 0.508546 0.034732
0 0 0.457773 0.073755 0.123589 0.276792 0.068091
0 0 0.696915 0.046177 0.065832 0.112336 0.078740
0 0 0.740790 0.045313 0.055951 0.059384 0.098562
0 0 0.585421 0.096398 0.078666 0.026610 0.212906
0 1 0.383016 0.171835 0.115973 0.017341 0.311835
0 0 0.405444 0.134270 0.069327 0.005663 0.385295
0 0 0.540312 0.111528 0.118006 0.050653 0.179500
0 0 0.451381 0.099096 0.148989 0.206616 0.093918
0 0 0.572067 0.085420 0.113185 0.114664 0.114664
0 0 0.637347 0.056204 0.082597 0.142664 0.081187
0 0 0.692208 0.038469 0.059901 0.147252 0.062171
3 0 0.392632 0.029753 0.065512 0.486664 0.025440
0 0 0.584843 0.057124 0.090532 0.196724 0.070777
0 0 0.533021 0.085941 0.122871 0.158220 0.099947
0 0 0.579273 0.097174 0.105353 0.055895 0.162305
0 0 0.456608 0.145323 0.117942 0.028106 0.252021
4 0 0.284395 0.186396 0.083227 0.005027 0.440955
4 0 0.179748 0.222154 0.082142 0.002972 0.512983
4 0 0.166698 0.268352 0.105392 0.005101 0.454458
4 0 0.118308 0.283618 0.093309 0.002929 0.501836
4 0 0.142400 0.293425 0.113020 0.005310 0.445846
4 0 0.175426 0.279647 0.126464 0.008074 0.410389
4 0 0.190568 0.265428 0.120697 0.007754 0.415553
2 0 0.198157 0.198690 0.352528 0.169928 0.080697
2 0 0.204208 0.228904 0.354158 0.108172 0.104557
0 0 0.294198 0.205316 0.260366 0.091665 0.148455
0 0 0.431695 0.144013 0.180311 0.092779 0.151202
0 0 0.442591 0.121691 0.165159 0.148914 0.121645
0 0 0.468612 0.138845 0.143375 0.058995 0.190173
0 0 0.463165 0.139971 0.147132 0.066002 0.183730
0 0 0.362874 0.188398 0.172934 0.052604 0.223190
0 0 0.392600 0.153985 0.187638 0.115417 0.150360
0 0 0.365560 0.185105 0.141182 0.024885 0.283268
4 0 0.317525 0.205775 0.137122 0.018192 0.321386
4 0 0.250755 0.187169 0.115367 0.007241 0.439469
4 0 0.254530 0.214113 0.137088 0.012049 0.382220
0 1 0.302859 0.218463 0.158106 0.024765 0.295807
0 0 0.391957 0.172754 0.168823 0.054747 0.211719
0 0 0.364767 0.186841 0.172494 0.046766 0.229132
0 0 0.335932 0.199626 0.190184 0.056009 0.218250
0 0 0.340105 0.181038 0.207141 0.108722 0.162994
0 0 0.356811 0.152739 0.201231 0.161805 0.127414
0 1 0.334098 0.123372 0.193294 0.260990 0.088246
3 0 0.244824 0.087926 0.167561 0.451844 0.047846
3 0 0.224377 0.111515 0.193734 0.412949 0.057425
3 0 0.135369 0.067087 0.148186 0.623936 0.025422
3 0 0.183012 0.077321 0.159427 0.545388 0.034853
3 1 0.280853 0.104068 0.179707 0.372399 0.062973
3 1 0.245490 0.132535 0.210533 0.337453 0.073990
0 1 0.353065 0.134228 0.192638 0.215965 0.104104
0 1 0.354578 0.129024 0.193227 0.223992 0.099180
0 1 0.421831 0.123076 0.171934 0.168143 0.115016
3 1 0.275937 0.087409 0.176757 0.412702 0.047196
3 1 0.354079 0.075066 0.137847 0.378963 0.054045
3 1 0.166103 0.038065 0.097457 0.681826 0.016548
3 1 0.265645 0.045945 0.100628 0.559918 0.027863
3 0 0.175378 0.037924 0.091919 0.676735 0.018043
3 0 0.057972 0.017180 0.053712 0.866204 0.004933
3 1 0.155151 0.045957 0.108964 0.670181 0.019747
3 1 0.322263 0.101989 0.174044 0.332916 0.068787
0 1 0.306799 0.149219 0.220144 0.220222 0.103616
0 1 0.365034 0.179469 0.190182 0.078416 0.186900
1 1 0.186578 0.297729 0.201603 0.028469 0.285621
4 1 0.153513 0.313708 0.157046 0.012350 0.363383
4 1 0.116335 0.265118 0.138048 0.005272 0.475227
4 1 0.035993 0.170985 0.197486 0.002193 0.593343
4 1 0.023691 0.128276 0.268280 0.002298 0.577455
4 1 0.018619 0.108784 0.296995 0.002101 0.573501
4 1 0.015694 0.113925 0.353310 0.002818 0.514252
4 1 0.016503 0.121096 0.418114 0.004784 0.439503
4 1 0.009908 0.117792 0.380370 0.002410 0.489520
2 1 0.005886 0.099981 0.460831 0.002427 0.430874
2 1 0.005806 0.096135 0.457578 0.002287 0.438194
2 1 0.006637 0.106304 0.468960 0.002942 0.415157
2 1 0.018411 0.165837 0.411457 0.006621 0.397674
4 0 0.075669 0.265166 0.252726 0.011669 0.394771
1 0 0.170345 0.310996 0.212613 0.030736 0.275310
0 0 0.260255 0.243870 0.208289 0.045593 0.241993
0 0 0.339268 0.200074 0.172095 0.037596 0.250968
0 1 0.453179 0.144223 0.152606 0.057821 0.192170
0 1 0.526193 0.112480 0.130262 0.073373 0.157693
0 1 0.428762 0.137858 0.174126 0.116102 0.143154
0 1 0.288330 0.217973 0.223197 0.074166 0.196335
2 1 0.014912 0.154890 0.540639 0.013965 0.275593
2 1 0.012163 0.137464 0.573346 0.013298 0.263729
2 2 0.011440 0.130115 0.569847 0.011457 0.277141
2 2 0.011028 0.122531 0.541567 0.008321 0.316553
2 2 0.009373 0.110498 0.564651 0.007846 0.307632
2 2 0.009261 0.108562 0.533054 0.006055 0.343067
2 2 0.008238 0.103873 0.532497 0.005286 0.350106
2 2 0.007130 0.101958 0.540984 0.004923 0.345005
2 2 0.007024 0.096285 0.577865 0.006052 0.312774
2 2 0.007386 0.091734 0.605766 0.007476 0.287638
2 2 0.008061 0.088191 0.609068 0.007966 0.286714
2 2 0.008926 0.091394 0.604959 0.008661 0.286060
2 2 0.008584 0.090570 0.615906 0.009075 0.275864
2 2 0.007552 0.089393 0.656392 0.011381 0.235282
2 2 0.008662 0.105095 0.629271 0.011870 0.245102
2 2 0.008457 0.111419 0.624237 0.011857 0.244029
2 2 0.009232 0.116043 0.616215 0.012469 0.246041
2 2 0.008590 0.104847 0.642758 0.013311 0.230493
2 2 0.009867 0.104455 0.643692 0.015137 0.226849
2 2 0.009043 0.091761 0.669643 0.015598 0.213955
2 2 0.010376 0.093401 0.667140 0.017621 0.211462
2 2 0.009076 0.087983 0.684920 0.017518 0.200503
2 2 0.008685 0.088273 0.685356 0.016956 0.200730
2 2 0.007217 0.078534 0.709941 0.016396 0.187912
2 2 0.006308 0.069093 0.734514 0.016738 0.173348
2 2 0.006469 0.069718 0.733178 0.017030 0.173606
2 2 0.006156 0.065486 0.744589 0.017480 0.166289
2 2 0.005745 0.061394 0.755511 0.017562 0.159788
2 2 0.005775 0.056527 0.769940 0.019692 0.148066
2 -1 0.006687 0.053835 0.778431 0.024856 0.136191
2 2 0.007075 0.051797 0.783812 0.027853 0.129463
2 2 0.006202 0.048817 0.792181 0.025790 0.127010
2 2 0.005465 0.046230 0.799480 0.023864 0.124960
2 2 0.006050 0.049490 0.790340 0.024635 0.129485
2 2 0.006781 0.054857 0.775659 0.024660 0.138042
2 2 0.007961 0.057253 0.769200 0.028092 0.137495
2 2 0.009882 0.069798 0.737102 0.027870 0.155348
2 2 0.011143 0.090275 0.686798 0.022591 0.189192
2 2 0.013791 0.095981 0.674985 0.026574 0.188670
2 2 0.014173 0.084542 0.702011 0.033694 0.165580
2 2 0.015896 0.067676 0.732441 0.063403 0.120584
2 2 0.016665 0.071687 0.724223 0.060951 0.126474
2 2 0.016956 0.063414 0.733069 0.077638 0.108922
2 2 0.015430 0.057689 0.745078 0.080365 0.101439
2 2 0.014256 0.043571 0.750618 0.116977 0.074578
2 2 0.014342 0.039463 0.739461 0.141694 0.065041
2 2 0.013216 0.034029 0.729893 0.167969 0.054894
2 2 0.015371 0.036405 0.704482 0.189129 0.054613
2 2 0.013876 0.029169 0.645935 0.271988 0.039032
2 2 0.014991 0.029891 0.624998 0.291929 0.038192
2 2 0.013445 0.026364 0.606202 0.320933 0.033056
2 2 0.013642 0.026761 0.607820 0.318194 0.033582
2 2 0.014577 0.027883 0.600146 0.323135 0.034259
2 2 0.016446 0.028909 0.564488 0.357160 0.032995
2 2 0.020626 0.035944 0.570952 0.332399 0.040079
2 3 0.029557 0.059384 0.604506 0.240393 0.066160
2 3 0.036195 0.074346 0.600290 0.207470 0.081699
2 3 0.035556 0.063770 0.586889 0.245206 0.068579
2 3 0.026072 0.047096 0.601961 0.279641 0.045230
2 3 0.024051 0.043683 0.594890 0.298361 0.039015
3 3 0.019924 0.025727 0.341887 0.602926 0.009536
3 3 0.025554 0.034087 0.376923 0.551632 0.011804
2 3 0.025811 0.043215 0.481302 0.436057 0.013614
2 3 0.024340 0.053179 0.593987 0.314263 0.014231
2 3 0.037001 0.086087 0.652173 0.196761 0.027978
2 3 0.056164 0.174056 0.611153 0.090994 0.067633
2 2 0.087693 0.313243 0.428050 0.052151 0.118864
1 2 0.118990 0.342434 0.326821 0.046761 0.164995
2 2 0.122582 0.330330 0.343095 0.053623 0.150369
1 2 0.124955 0.343287 0.302420 0.044037 0.185302
1 1 0.139925 0.339912 0.234869 0.030088 0.255206
4 1 0.154244 0.320826 0.179054 0.017447 0.328430
4 1 0.117614 0.312432 0.199179 0.014460 0.356315
4 1 0.103557 0.205922 0.278966 0.015354 0.396201
2 1 0.060701 0.144166 0.414316 0.017822 0.362994
2 1 0.080303 0.149835 0.402937 0.023293 0.343631
2 1 0.137186 0.187297 0.336684 0.035503 0.303330
4 1 0.142294 0.203801 0.287518 0.025357 0.341030
4 1 0.135790 0.195417 0.309160 0.027776 0.331858
2 1 0.126468 0.207528 0.409134 0.084698 0.172172
2 1 0.161171 0.218689 0.335756 0.097348 0.187037
2 1 0.085225 0.195896 0.433239 0.070943 0.214696
2 1 0.048036 0.144217 0.469919 0.021944 0.315884
2 1 0.040759 0.127327 0.498892 0.020463 0.312559
2 1 0.035858 0.134290 0.574224 0.040317 0.215312
2 2 0.045737 0.174700 0.519649 0.043490 0.216425
2 2 0.087848 0.287931 0.356270 0.038889 0.229062
1 2 0.146404 0.329429 0.240020 0.039609 0.244537
2 2 0.134295 0.317112 0.337290 0.060075 0.151228
2 1 0.112850 0.316395 0.392218 0.062525 0.116012
2 2 0.097718 0.312070 0.432704 0.063332 0.094175
2 2 0.094461 0.324537 0.423656 0.056819 0.100527
2 2 0.109513 0.315546 0.401244 0.062866 0.110831
2 2 0.170311 0.281557 0.324689 0.074427 0.149016
2 1 0.185419 0.227931 0.373595 0.115265 0.097789
2 1 0.126019 0.220946 0.459707 0.133972 0.059356
2 1 0.137228 0.250538 0.428354 0.102428 0.081452
2 1 0.108042 0.300747 0.424198 0.070953 0.096061
2 2 0.133212 0.306874 0.318652 0.046410 0.194852
2 2 0.114893 0.281717 0.365811 0.058092 0.179486
2 2 0.035054 0.203028 0.460909 0.023175 0.277835
2 2 0.027074 0.176044 0.512207 0.022949 0.261726
2 2 0.008565 0.090929 0.680214 0.016397 0.203895
2 2 0.007352 0.079335 0.708438 0.016588 0.188287
2 2 0.007860 0.083192 0.699218 0.016801 0.192929
2 2 0.009164 0.089981 0.684276 0.018032 0.198547
2 2 0.009066 0.084508 0.698504 0.019452 0.188470
2 2 0.009367 0.079554 0.711949 0.021972 0.177158
2 2 0.006887 0.063904 0.750676 0.020595 0.157938
2 2 0.007079 0.065544 0.746395 0.020563 0.160419
2 2 0.008052 0.072474 0.728893 0.020896 0.169685
2 2 0.009711 0.082543 0.710948 0.022209 0.174589
2 1 0.017818 0.115692 0.631993 0.027352 0.207144
2 1 0.025090 0.137206 0.587916 0.031454 0.218333
2 1 0.046304 0.185790 0.493042 0.038756 0.236108
2 0 0.079062 0.297773 0.350713 0.032804 0.239648
1 0 0.100660 0.369712 0.321518 0.035574 0.172536
1 0 0.116874 0.352065 0.307906 0.041053 0.182100
1 0 0.177084 0.301200 0.280420 0.044312 0.196984
1 0 0.201125 0.275726 0.267603 0.060745 0.194801
0 0 0.344127 0.090439 0.157516 0.343833 0.064084
3 0 0.300139 0.079473 0.149116 0.420906 0.050365
0 0 0.369317 0.106810 0.169640 0.272108 0.082125
0 1 0.360919 0.176099 0.191545 0.101666 0.169770
4 1 0.262582 0.227463 0.125232 0.011529 0.373194
4 1 0.101976 0.195805 0.180061 0.005450 0.516708
4 4 0.026115 0.139197 0.235437 0.002021 0.597231
4 4 0.015530 0.131683 0.229278 0.001215 0.622294
4 4 0.012289 0.148762 0.336596 0.002523 0.499829
4 4 0.016752 0.198020 0.328854 0.003974 0.452400
4 4 0.016181 0.202046 0.375664 0.005634 0.400475
2 4 0.012796 0.170243 0.410397 0.004996 0.401568
4 4 0.009046 0.122007 0.413388 0.002877 0.452682
4 4 0.008418 0.099917 0.395585 0.002091 0.493988
4 4 0.008474 0.087425 0.410925 0.002129 0.491047
4 4 0.008140 0.061194 0.250762 0.000561 0.679343
4 4 0.006503 0.044952 0.164915 0.000191 0.783438
4 4 0.007675 0.037003 0.080398 0.000063 0.874861
4 4 0.010277 0.046061 0.076539 0.000081 0.867042
4 4 0.013461 0.053152 0.052054 0.000059 0.881274
4 4 0.018884 0.078989 0.049456 0.000087 0.852585
4 4 0.028380 0.113154 0.054534 0.000168 0.803764
4 4 0.031666 0.180407 0.160317 0.001403 0.626206
4 4 0.033967 0.186008 0.208291 0.002481 0.569253
4 4 0.025724 0.162547 0.281427 0.003267 0.527035
4 4 0.015236 0.124770 0.280041 0.001731 0.578223
4 4 0.013597 0.114005 0.297634 0.001696 0.573067
4 4 0.009985 0.101701 0.259556 0.000930 0.627828
4 4 0.008775 0.082582 0.194229 0.000432 0.713981
4 4 0.006898 0.055563 0.133732 0.000156 0.803652
4 4 0.005665 0.043784 0.113984 0.000093 0.836473
4 4 0.006183 0.034415 0.080988 0.000053 0.878362
4 4 0.010408 0.036459 0.075198 0.000072 0.877864
4 4 0.014877 0.039990 0.064978 0.000079 0.880076
4 4 0.037646 0.069361 0.064603 0.000210 0.828180
4 4 0.055373 0.069132 0.047604 0.000184 0.827707
4 4 0.046864 0.069973 0.066216 0.000262 0.816684
4 4 0.036446 0.053083 0.065743 0.000185 0.844543
4 4 0.026869 0.040977 0.068605 0.000137 0.863412
4 4 0.014128 0.029368 0.080296 0.000091 0.876117
4 4 0.010665 0.027325 0.075097 0.000064 0.886849
4 4 0.009105 0.024628 0.049703 0.000030 0.916534
4 4 0.005317 0.012889 0.017361 0.000003 0.964429
4 4 0.005829 0.013044 0.023263 0.000005 0.957858
4 4 0.005405 0.012793 0.030716 0.000008 0.951079
4 4 0.005990 0.016931 0.049504 0.000018 0.927556
4 4 0.007508 0.019680 0.035619 0.000014 0.937179
4 4 0.013026 0.033097 0.031181 0.000022 0.922674
4 4 0.016506 0.060259 0.048778 0.000067 0.874390
4 4 0.026283 0.173348 0.155150 0.001101 0.644117
4 0 0.037849 0.316515 0.267444 0.008851 0.369341
1 1 0.073056 0.409950 0.174710 0.010364 0.331920
1 1 0.064206 0.431056 0.189458 0.009604 0.305677
1 1 0.052345 0.462297 0.254637 0.010748 0.219973
1 1 0.049778 0.464279 0.281132 0.011626 0.193185
1 1 0.052351 0.451043 0.313601 0.014595 0.168409
1 1 0.061139 0.426707 0.336579 0.019847 0.155726
1 1 0.062784 0.419218 0.348094 0.021745 0.148159
1 1 0.063191 0.422312 0.338539 0.020894 0.155064
1 1 0.067128 0.420627 0.324169 0.020978 0.167098
2 1 0.026475 0.197686 0.500520 0.020000 0.255319
2 1 0.025094 0.190890 0.499745 0.019206 0.265065
2 2 0.020194 0.158688 0.551204 0.019891 0.250022
2 2 0.018685 0.148165 0.562114 0.019728 0.251308
2 2 0.016505 0.138869 0.579566 0.018893 0.246166
2 2 0.017341 0.149716 0.556907 0.017739 0.258298
2 2 0.018309 0.149093 0.559646 0.019061 0.253891
2 2 0.022707 0.166598 0.527843 0.020473 0.262379
2 2 0.031468 0.206996 0.471629 0.021538 0.268370
2 2 0.036863 0.242680 0.484003 0.024506 0.211948
2 2 0.038776 0.267999 0.504003 0.026691 0.162531
2 2 0.036577 0.274329 0.537014 0.028228 0.123851
2 2 0.031910 0.260381 0.584828 0.030008 0.092873
2 2 0.025524 0.227695 0.645722 0.031550 0.069509
2 2 0.025529 0.227234 0.651011 0.032656 0.063571
2 2 0.019993 0.204305 0.692836 0.030825 0.052041
2 2 0.020398 0.208121 0.688425 0.030779 0.052277
2 2 0.019766 0.206809 0.694372 0.030839 0.048215
2 2 0.022128 0.223627 0.671811 0.031015 0.051420
2 2 0.024876 0.245337 0.645515 0.030981 0.053290
2 2 0.028327 0.267896 0.617073 0.031312 0.055393
2 2 0.028421 0.271460 0.615590 0.031348 0.053182
2 2 0.034363 0.289653 0.581640 0.033121 0.061223
2 2 0.034276 0.275287 0.590951 0.034454 0.065032
2 2 0.035015 0.261664 0.590327 0.034970 0.078024
2 1 0.044727 0.277610 0.546475 0.038222 0.092966
2 1 0.044890 0.283978 0.552172 0.039743 0.079216
2 1 0.056160 0.350062 0.479091 0.036983 0.077704
2 1 0.048381 0.364275 0.484045 0.031434 0.071865
2 1 0.038285 0.381547 0.488854 0.024165 0.067150
2 1 0.027361 0.373752 0.529201 0.020136 0.049549
2 2 0.027049 0.357968 0.548667 0.022055 0.044260
2 2 0.026883 0.330974 0.579354 0.025993 0.036796
2 2 0.025879 0.318473 0.594454 0.026969 0.034225
2 2 0.019866 0.274575 0.650926 0.026541 0.028093
2 2 0.018274 0.265963 0.663078 0.025640 0.027046
2 2 0.019556 0.273834 0.651041 0.025734 0.029835
2 2 0.021827 0.298764 0.621298 0.024971 0.033140
2 2 0.019045 0.268892 0.656666 0.025630 0.029768
2 2 0.016931 0.232540 0.696060 0.027870 0.026599
2 2 0.015480 0.213675 0.717581 0.028573 0.024691
2 2 0.016178 0.231535 0.698665 0.026623 0.027000
2 2 0.018196 0.248037 0.676288 0.026632 0.030848
2 2 0.014930 0.218409 0.713206 0.026069 0.027387
2 2 0.012789 0.196648 0.740081 0.025675 0.024807
2 2 0.010850 0.169135 0.771913 0.026365 0.021737
2 2 0.009285 0.137283 0.805800 0.028789 0.018843
2 2 0.007570 0.103271 0.841622 0.032551 0.014986
2 2 0.007561 0.094310 0.848046 0.035786 0.014296
2 2 0.006188 0.070669 0.871681 0.040601 0.010861
2 2 0.008034 0.087660 0.849498 0.041388 0.013419
2 2 0.009998 0.102271 0.828911 0.043026 0.015794
2 2 0.015588 0.142212 0.774896 0.044828 0.022476
2 2 0.017351 0.147319 0.764680 0.048272 0.022379
2 2 0.016698 0.144733 0.768977 0.047345 0.022247
2 2 0.014391 0.135837 0.784791 0.044217 0.020763
2 2 0.010774 0.111437 0.819016 0.042683 0.016090
2 2 0.009043 0.091519 0.841005 0.044206 0.014227
2 2 0.006266 0.060874 0.875170 0.047052 0.010639
2 2 0.006603 0.054705 0.873847 0.053830 0.011015
2 2 0.025139 0.048172 0.637009 0.229306 0.060373
2 2 0.022073 0.044403 0.652615 0.222957 0.057952
2 2 0.016728 0.033845 0.637330 0.270612 0.041485
2 2 0.016407 0.032231 0.619306 0.294552 0.037505
2 2 0.019982 0.037032 0.609684 0.288655 0.044647
2 2 0.021160 0.036902 0.581073 0.319755 0.041109
2 2 0.020683 0.034690 0.548774 0.363079 0.032774
2 2 0.017720 0.029525 0.520525 0.407602 0.024627
3 2 0.012066 0.020839 0.474355 0.479250 0.013490
3 3 0.014241 0.023400 0.470728 0.475954 0.015677
2 3 0.017620 0.027319 0.469254 0.466518 0.019289
2 3 0.014559 0.024742 0.498739 0.443762 0.018198
2 3 0.018465 0.030439 0.514126 0.413172 0.023799
2 3 0.018979 0.030468 0.500122 0.427573 0.022859
2 3 0.026208 0.037508 0.475209 0.432857 0.028217
3 3 0.035442 0.044488 0.432596 0.452333 0.035142
3 3 0.042540 0.049656 0.405876 0.465782 0.036145
3 3 0.035448 0.039628 0.374069 0.525387 0.025468
3 3 0.030704 0.034239 0.350738 0.564858 0.019461
3 3 0.025819 0.028632 0.329937 0.599761 0.015851
3 3 0.024914 0.026313 0.304771 0.629675 0.014326
3 3 0.020432 0.023044 0.319204 0.623720 0.013600
3 3 0.019430 0.022995 0.348744 0.592534 0.016297
3 3 0.017177 0.021746 0.380787 0.561838 0.018452
3 3 0.018370 0.022960 0.381095 0.558281 0.019293
3 3 0.019767 0.026352 0.423352 0.507092 0.023437
3 3 0.016796 0.020179 0.350466 0.596232 0.016327
3 3 0.018146 0.022750 0.381455 0.558484 0.019164
3 3 0.022345 0.028021 0.403786 0.522106 0.023742
3 3 0.019394 0.024180 0.385592 0.550530 0.020304
3 3 0.015021 0.018022 0.320941 0.634509 0.011507
3 3 0.008715 0.011021 0.270545 0.704334 0.005385
3 3 0.008909 0.010927 0.258578 0.716439 0.005149
3 3 0.010086 0.012139 0.265417 0.706400 0.005958
3 3 0.009864 0.012085 0.274288 0.697451 0.006312
3 3 0.009562 0.011839 0.283190 0.688469 0.006940
3 3 0.009026 0.010043 0.241250 0.733437 0.006244
3 3 0.010511 0.011535 0.257032 0.712832 0.008090
3 3 0.013150 0.014958 0.297933 0.662507 0.011452
3 3 0.013528 0.016422 0.332905 0.623809 0.013336
3 3 0.014606 0.017880 0.345353 0.607502 0.014658
3 3 0.015585 0.018811 0.344947 0.605403 0.015253
3 3 0.013886 0.015343 0.289639 0.669669 0.011462
3 3 0.012234 0.012923 0.254138 0.711964 0.008740
3 3 0.015734 0.016689 0.282801 0.672719 0.012057
3 3 0.012916 0.013919 0.268691 0.694732 0.009742
3 3 0.009622 0.010274 0.230043 0.743915 0.006146
3 3 0.009115 0.008952 0.192708 0.784473 0.004752
3 3 0.007802 0.007386 0.166214 0.815117 0.003480
3 3 0.010067 0.009415 0.181553 0.794362 0.004603
3 3 0.013237 0.011949 0.194120 0.774408 0.006287
3 3 0.013836 0.012972 0.210787 0.755344 0.007061
3 3 0.011395 0.010371 0.183523 0.789521 0.005191
3 3 0.012665 0.011311 0.186441 0.783804 0.005779
3 3 0.015651 0.012538 0.171267 0.794026 0.006518
3 3 0.016948 0.013506 0.174960 0.787570 0.007017
3 3 0.016451 0.013610 0.181027 0.782182 0.006731
3 3 0.014667 0.012887 0.188944 0.777309 0.006193
3 3 0.010755 0.010326 0.190923 0.783232 0.004764
3 3 0.012569 0.011991 0.208587 0.760375 0.006477
3 3 0.022261 0.030226 0.405109 0.519069 0.023336
3 3 0.019294 0.026045 0.399494 0.537154 0.018014
3 3 0.017668 0.021777 0.345021 0.602440 0.013094
3 3 0.015745 0.019574 0.335435 0.617718 0.011528
3 3 0.008896 0.010373 0.239080 0.736837 0.004814
3 3 0.013970 0.015409 0.277968 0.682971 0.009682
3 3 0.017252 0.017416 0.269219 0.684045 0.012067
3 3 0.018869 0.020506 0.311827 0.633588 0.015210
3 3 0.008136 0.009753 0.247700 0.729374 0.005037
3 3 0.007564 0.009358 0.246826 0.731857 0.004395
3 3 0.007654 0.009082 0.224373 0.755220 0.003672
3 3 0.016191 0.018464 0.272123 0.686145 0.007077
3 3 0.018944 0.022697 0.285182 0.666817 0.006361
3 3 0.030429 0.045437 0.434210 0.476738 0.013186
2 1 0.036455 0.064500 0.518063 0.365320 0.015662
2 1 0.052041 0.113692 0.612750 0.193334 0.028183
2 1 0.047032 0.184878 0.643694 0.083718 0.040678
2 2 0.046070 0.268183 0.586225 0.052487 0.047036
2 2 0.050953 0.321486 0.526094 0.042349 0.059118
2 2 0.050600 0.386242 0.447817 0.027484 0.087857
2 2 0.045689 0.386785 0.460975 0.025920 0.080631
2 2 0.045107 0.394188 0.452096 0.024377 0.084233
2 2 0.041731 0.390839 0.466613 0.023893 0.076924
2 2 0.037524 0.383973 0.487813 0.023464 0.067226
2 2 0.035301 0.376818 0.503221 0.023645 0.061015
2 2 0.041847 0.363910 0.501728 0.028828 0.063687
2 2 0.044059 0.338563 0.514764 0.032354 0.070259
2 2 0.044844 0.366606 0.488162 0.029121 0.071266
2 2 0.040715 0.359160 0.508038 0.028694 0.063392
2 2 0.040994 0.357258 0.512185 0.029740 0.059823
2 2 0.039965 0.363238 0.507552 0.028108 0.061137
2 2 0.037341 0.379383 0.494288 0.024128 0.064860
2 2 0.039272 0.379115 0.489278 0.024972 0.067362
2 2 0.039589 0.369487 0.500753 0.026791 0.063380
2 2 0.033156 0.360273 0.529336 0.025224 0.052011
2 2 0.030547 0.352335 0.545650 0.025013 0.046454
2 2 0.025842 0.296376 0.606365 0.027221 0.044196
2 2 0.029586 0.282060 0.602081 0.030622 0.055651
2 2 0.029105 0.231369 0.635541 0.035433 0.068552
2 2 0.028196 0.177285 0.647708 0.038489 0.108323
2 2 0.018250 0.108375 0.679348 0.034236 0.159791
2 2 0.010992 0.089397 0.688818 0.022541 0.188252
2 2 0.007520 0.087848 0.684105 0.014581 0.205945
2 2 0.006763 0.093966 0.638812 0.009317 0.251143
2 2 0.006173 0.101079 0.615263 0.007614 0.269871
2 2 0.007243 0.123847 0.571300 0.007482 0.290127
2 2 0.007174 0.127427 0.550628 0.006511 0.308260
2 2 0.007917 0.130101 0.528071 0.006078 0.327833
2 2 0.009064 0.142373 0.518828 0.006943 0.322791
2 2 0.020132 0.213484 0.430438 0.011204 0.324741
2 2 0.031389 0.272837 0.342317 0.011518 0.341938
4 2 0.039147 0.315861 0.283122 0.010583 0.351287
4 2 0.049581 0.335686 0.261145 0.012049 0.341539
1 2 0.062972 0.359750 0.232874 0.013209 0.331194
1 2 0.081930 0.380496 0.207514 0.015095 0.314964
1 2 0.076402 0.354517 0.239354 0.017216 0.312512
4 2 0.042389 0.290558 0.323021 0.014394 0.329638
2 2 0.026562 0.264088 0.350417 0.010065 0.348868
4 2 0.046733 0.313107 0.291635 0.013479 0.335046
1 2 0.077774 0.370697 0.219498 0.015423 0.316608
1 2 0.049618 0.447487 0.339148 0.015550 0.148197
1 2 0.069014 0.428695 0.278908 0.017235 0.206147
1 2 0.084849 0.405935 0.256289 0.020005 0.232921
1 2 0.095868 0.385135 0.199697 0.017221 0.302080
1 2 0.059152 0.337862 0.260722 0.014643 0.327621
4 2 0.028264 0.276246 0.332696 0.009801 0.352992
2 2 0.020688 0.244003 0.374295 0.008755 0.352259
2 2 0.018764 0.225366 0.404263 0.009177 0.342431
2 4 0.014972 0.174756 0.456497 0.008243 0.345532
4 4 0.012007 0.120250 0.361458 0.002502 0.503783
4 4 0.008910 0.084952 0.250226 0.000713 0.655199
4 4 0.007845 0.072489 0.211240 0.000430 0.707995
4 4 0.010565 0.098124 0.251641 0.000894 0.638777
4 4 0.019397 0.165305 0.245667 0.001971 0.567661
4 4 0.037759 0.332105 0.228767 0.006550 0.394819
1 4 0.066931 0.416568 0.167060 0.008825 0.340616
1 1 0.072273 0.421060 0.203066 0.012102 0.291499
1 1 0.056509 0.449969 0.285859 0.013909 0.193753
1 1 0.049045 0.448547 0.339374 0.015351 0.147684
1 1 0.044927 0.441321 0.374013 0.016414 0.123325
1 1 0.038243 0.431868 0.416113 0.016710 0.097065
1 1 0.036035 0.434165 0.420184 0.015908 0.093708
1 1 0.037624 0.431366 0.419097 0.016639 0.095274
2 1 0.035942 0.418961 0.443895 0.017842 0.083361
2 1 0.033958 0.400477 0.476172 0.019645 0.069747
2 1 0.031866 0.379763 0.509125 0.021616 0.057630
2 2 0.030140 0.371828 0.523719 0.021875 0.052438
2 2 0.043963 0.373011 0.484419 0.027939 0.070668
2 2 0.060914 0.345123 0.476820 0.040864 0.076278
2 0 0.060512 0.301766 0.527578 0.054912 0.055232
2 0 0.075153 0.329917 0.461815 0.050408 0.082707
2 1 0.092305 0.359343 0.373376 0.041429 0.133548
1 1 0.102813 0.379039 0.271599 0.028144 0.218405
1 1 0.101297 0.379201 0.204939 0.019127 0.295436
2 2 0.049088 0.288978 0.327913 0.017396 0.316625
2 2 0.014966 0.174479 0.422956 0.006392 0.381207
2 2 0.011177 0.131096 0.463984 0.005110 0.388633
2 2 0.007314 0.098655 0.586394 0.006811 0.300825
2 2 0.006939 0.087060 0.615669 0.007335 0.282997
2 2 0.007835 0.092685 0.619218 0.008822 0.271441
2 2 0.008968 0.106969 0.598805 0.009594 0.275665
2 2 0.010420 0.122928 0.597661 0.012560 0.256432
2 2 0.016459 0.156015 0.541561 0.015550 0.270415
2 2 0.029739 0.211182 0.447843 0.018459 0.292776
2 2 0.045809 0.279523 0.382813 0.020268 0.271586
2 2 0.058769 0.344414 0.369928 0.023280 0.203608
1 2 0.064415 0.386950 0.372708 0.025522 0.150406
1 2 0.064406 0.401176 0.380757 0.026487 0.127174
1 1 0.063407 0.404517 0.377647 0.025556 0.128873
1 1 0.065089 0.407383 0.365721 0.024880 0.136927
1 2 0.061876 0.411897 0.368130 0.023613 0.134485
1 2 0.058466 0.412881 0.378619 0.023175 0.126859
1 2 0.056686 0.408163 0.393740 0.024056 0.117356
2 2 0.053414 0.402409 0.414347 0.024782 0.105048
2 2 0.045392 0.398144 0.445467 0.023748 0.087249
2 2 0.040003 0.386387 0.477614 0.024030 0.071966
2 2 0.035934 0.366436 0.514405 0.025629 0.057596
2 1 0.030634 0.338407 0.561203 0.027377 0.042379
2 1 0.018289 0.252383 0.674060 0.026913 0.028355
2 1 0.017654 0.221069 0.703061 0.030334 0.027883
2 2 0.041091 0.375159 0.489423 0.026403 0.067925
2 2 0.054025 0.380249 0.446917 0.029712 0.089097
2 2 0.066498 0.369269 0.428946 0.035430 0.099857
2 2 0.075338 0.373175 0.397833 0.035561 0.118094
1 2 0.094564 0.376247 0.327826 0.033688 0.167674
1 2 0.115943 0.358602 0.288580 0.036554 0.200321
1 1 0.115522 0.353282 0.309699 0.040747 0.180750
1 1 0.104112 0.354030 0.348257 0.043069 0.150532
2 1 0.081174 0.366591 0.392449 0.038285 0.121502
2 2 0.038273 0.298107 0.549449 0.031609 0.082561
2 2 0.028437 0.276581 0.607277 0.029756 0.057949
2 2 0.020573 0.253716 0.659631 0.027351 0.038729
2 2 0.023527 0.273780 0.637053 0.029094 0.036547
2 2 0.034887 0.338521 0.549947 0.030073 0.046571
2 2 0.042116 0.362276 0.503057 0.029267 0.063283
2 2 0.046678 0.374730 0.474788 0.028605 0.075200
2 2 0.056154 0.371966 0.437135 0.029484 0.105260
2 1 0.065297 0.329324 0.425454 0.034205 0.145721
2 1 0.098631 0.326371 0.338993 0.039332 0.196673
2 1 0.082419 0.319694 0.326061 0.029944 0.241883
1 1 0.068699 0.348686 0.339224 0.024479 0.218913
2 1 0.066284 0.367586 0.381322 0.027796 0.157011
1 1 0.089406 0.376790 0.345959 0.034267 0.153578
2 2 0.082540 0.334618 0.438108 0.050410 0.094324
2 2 0.071033 0.337278 0.462221 0.046579 0.082889
2 2 0.057771 0.367423 0.455057 0.033812 0.085937
2 2 0.066635 0.336754 0.473472 0.045391 0.077749
2 1 0.106893 0.311045 0.413467 0.065109 0.103486
2 1 0.119224 0.272462 0.432821 0.090378 0.085116
2 1 0.134547 0.265608 0.409817 0.097166 0.092861
2 2 0.140730 0.282840 0.377571 0.084046 0.114814
2 2 0.142311 0.279550 0.378541 0.086471 0.113127
1 2 0.160857 0.304804 0.285929 0.060048 0.188363
1 2 0.182601 0.294166 0.245558 0.052347 0.225329
1 1 0.152412 0.321263 0.262158 0.046132 0.218035
2 1 0.141087 0.321032 0.325538 0.048602 0.163742
