0 0 0.384067 0.340350 0.203669 0.012424 0.059491
0 0 0.451092 0.297567 0.178415 0.015898 0.057028
0 0 0.517572 0.255592 0.149792 0.018181 0.058863
0 0 0.415241 0.305654 0.190834 0.019435 0.068835
0 0 0.423328 0.306438 0.189444 0.017986 0.062804
1 0 0.314556 0.353264 0.234435 0.019399 0.078346
0 0 0.436793 0.293728 0.182302 0.020122 0.067055
0 0 0.429344 0.293362 0.184924 0.021984 0.070386
0 0 0.483923 0.280274 0.163127 0.015228 0.057448
1 0 0.331238 0.356267 0.222114 0.014404 0.075977
1 0 0.157019 0.435148 0.307084 0.011784 0.088965
1 0 0.091759 0.443887 0.347375 0.012133 0.104847
1 0 0.086371 0.450497 0.350283 0.010731 0.102119
1 0 0.079935 0.450742 0.354971 0.010625 0.103727
1 1 0.046172 0.457533 0.379991 0.007809 0.108494
1 1 0.040854 0.445113 0.357288 0.006755 0.149990
1 1 0.039793 0.423379 0.326575 0.006332 0.203921
1 1 0.040265 0.398672 0.304365 0.006937 0.249761
1 1 0.038453 0.357623 0.256944 0.005901 0.341080
4 1 0.038237 0.315073 0.205201 0.004208 0.437281
4 1 0.040432 0.296208 0.187879 0.004175 0.471306
4 4 0.040964 0.257915 0.153076 0.003451 0.544594
4 4 0.039522 0.254918 0.149625 0.003170 0.552765
4 4 0.036061 0.242006 0.136937 0.002489 0.582507
4 4 0.033820 0.269022 0.157662 0.002529 0.536967
4 4 0.035483 0.253340 0.145714 0.002556 0.562907
4 4 0.034455 0.256374 0.147512 0.002454 0.559205
4 4 0.034692 0.215897 0.116295 0.002036 0.631080
4 4 0.034220 0.230502 0.126915 0.002129 0.606235
4 4 0.035358 0.229939 0.127136 0.002259 0.605309
4 4 0.037132 0.241771 0.137392 0.002629 0.581077
4 4 0.037802 0.244624 0.140081 0.002760 0.574733
4 4 0.035611 0.268816 0.158826 0.002790 0.533957
4 4 0.035350 0.304635 0.191680 0.003370 0.464965
4 4 0.035018 0.324093 0.211488 0.003746 0.425655
4 4 0.034097 0.341580 0.230210 0.004020 0.390093
4 4 0.033206 0.337158 0.223891 0.003687 0.402058
1 4 0.041324 0.353162 0.254829 0.006614 0.344071
1 4 0.051696 0.370998 0.291072 0.011558 0.274677
1 0 0.067007 0.419372 0.345359 0.014046 0.154216
1 0 0.059107 0.448455 0.371818 0.010365 0.110256
1 1 0.044428 0.454475 0.384281 0.008274 0.108543
1 1 0.041916 0.459023 0.385969 0.007391 0.105702
1 2 0.053921 0.463453 0.373801 0.007602 0.101223
1 2 0.044781 0.459663 0.383014 0.007542 0.105000
1 2 0.031787 0.446919 0.399032 0.007928 0.114335
2 2 0.030161 0.422074 0.432317 0.009130 0.106319
2 2 0.027777 0.385100 0.482551 0.010511 0.094061
2 2 0.026584 0.339324 0.537275 0.012820 0.083997
2 2 0.020709 0.274373 0.622404 0.016212 0.066303
2 2 0.016590 0.232654 0.679092 0.016259 0.055405
2 2 0.014096 0.195260 0.727208 0.018178 0.045258
2 2 0.013757 0.165539 0.759558 0.021225 0.039920
2 2 0.013165 0.138780 0.788408 0.028668 0.030979
2 2 0.013430 0.151469 0.775318 0.025125 0.034657
2 2 0.016717 0.190043 0.724443 0.019052 0.049745
2 2 0.023490 0.227701 0.661756 0.018441 0.068613
2 2 0.026585 0.242539 0.637643 0.020515 0.072718
2 2 0.022397 0.238974 0.651745 0.021837 0.065046
2 2 0.021360 0.278537 0.617039 0.012825 0.070239
2 2 0.025973 0.133339 0.706931 0.104238 0.029519
2 2 0.027805 0.095760 0.637827 0.220176 0.018432
2 2 0.035561 0.109549 0.576587 0.256235 0.022068
3 2 0.029289 0.061022 0.436187 0.463329 0.010172
3 2 0.030326 0.054017 0.352200 0.554794 0.008663
3 2 0.026808 0.030431 0.195467 0.742493 0.004800
3 2 0.020610 0.019646 0.151673 0.805159 0.002912
3 2 0.020200 0.018782 0.128054 0.830359 0.002606
3 2 0.023539 0.021799 0.135665 0.815700 0.003297
3 2 0.020032 0.018630 0.127649 0.831116 0.002573
3 2 0.027490 0.027543 0.156812 0.783761 0.004394
3 2 0.029835 0.029860 0.161635 0.773677 0.004993
3 3 0.028768 0.026846 0.148071 0.791787 0.004528
3 3 0.032827 0.035225 0.180052 0.745843 0.006053
3 3 0.049098 0.067599 0.262063 0.607557 0.013683
3 3 0.050367 0.070578 0.268163 0.596432 0.014460
3 3 0.059652 0.075383 0.255789 0.591356 0.017821
3 3 0.045100 0.042326 0.176032 0.727288 0.009254
3 3 0.048881 0.048177 0.190120 0.701962 0.010859
3 3 0.045515 0.041404 0.171074 0.732793 0.009214
3 3 0.048012 0.043610 0.174031 0.724319 0.010028
3 3 0.041520 0.037868 0.165987 0.746656 0.007970
3 3 0.039177 0.035788 0.162779 0.754982 0.007274
3 3 0.026379 0.024356 0.141513 0.803821 0.003930
3 3 0.017253 0.016108 0.120523 0.844068 0.002048
3 3 0.015276 0.014306 0.114937 0.853779 0.001701
3 3 0.016173 0.015124 0.117531 0.849316 0.001855
3 3 0.016539 0.015458 0.118561 0.847522 0.001920
3 3 0.013567 0.012744 0.109687 0.862582 0.001420
3 3 0.015275 0.014305 0.114935 0.853784 0.001701
3 3 0.017260 0.016114 0.120543 0.844034 0.002049
3 3 0.018715 0.017436 0.124368 0.837162 0.002319
3 3 0.015306 0.014333 0.115025 0.853630 0.001706
3 3 0.009333 0.008849 0.094393 0.886620 0.000805
3 3 0.007813 0.007441 0.087788 0.896343 0.000616
3 3 0.008269 0.007864 0.089850 0.893346 0.000671
3 3 0.008094 0.007701 0.089067 0.894489 0.000649
3 3 0.007762 0.007393 0.087552 0.896684 0.000610
3 3 0.006712 0.006416 0.082470 0.903911 0.000490
3 3 0.008338 0.007928 0.090156 0.892898 0.000679
3 3 0.009116 0.008649 0.093497 0.887961 0.000777
3 3 0.008402 0.007987 0.090437 0.892488 0.000687
3 3 0.006545 0.006260 0.081613 0.905111 0.000471
3 3 0.006583 0.006296 0.081812 0.904833 0.000476
3 3 0.007142 0.006817 0.084607 0.900896 0.000538
3 3 0.008401 0.007986 0.090434 0.892491 0.000687
3 3 0.008656 0.008223 0.091547 0.890855 0.000719
3 3 0.010604 0.010023 0.099400 0.878996 0.000977
3 3 0.012825 0.012064 0.107263 0.866546 0.001303
3 3 0.014945 0.014004 0.113952 0.855455 0.001645
3 3 0.019101 0.017786 0.125345 0.835377 0.002392
3 3 0.018041 0.016823 0.122622 0.840321 0.002192
3 3 0.019447 0.018100 0.126210 0.833784 0.002459
3 3 0.014568 0.013659 0.112814 0.857377 0.001582
3 3 0.018288 0.017048 0.123268 0.839156 0.002238
3 3 0.015309 0.014336 0.115033 0.853616 0.001706
3 3 0.021970 0.020383 0.132197 0.822484 0.002965
3 3 0.019211 0.017886 0.125622 0.834868 0.002414
3 3 0.021821 0.020249 0.131859 0.823138 0.002934
3 3 0.018126 0.016901 0.122845 0.839919 0.002208
3 3 0.026431 0.024403 0.141616 0.803608 0.003942
3 3 0.036472 0.033383 0.158849 0.764792 0.006503
3 3 0.032566 0.029900 0.152687 0.779399 0.005449
3 3 0.041563 0.035662 0.164629 0.751457 0.006688
3 3 0.050519 0.039527 0.173468 0.729411 0.007074
3 3 0.116773 0.074330 0.213138 0.579442 0.016317
3 3 0.201747 0.114420 0.224590 0.426877 0.032366
3 3 0.245196 0.117909 0.223675 0.384210 0.029011
0 3 0.335518 0.142149 0.208320 0.274492 0.039521
0 3 0.462596 0.162527 0.181617 0.150534 0.042726
0 3 0.345531 0.216029 0.256958 0.129776 0.051706
0 0 0.327784 0.238248 0.272953 0.106258 0.054757
2 0 0.259386 0.259686 0.306199 0.108625 0.066104
2 1 0.261811 0.249620 0.296190 0.123344 0.069035
2 1 0.181069 0.189105 0.330854 0.232585 0.066387
3 1 0.068811 0.072069 0.335694 0.496712 0.026713
3 1 0.060755 0.074101 0.380597 0.459403 0.025144
3 0 0.110212 0.114709 0.340445 0.398226 0.036408
2 0 0.155695 0.208821 0.382397 0.181790 0.071297
2 0 0.055492 0.146582 0.655037 0.103500 0.039389
2 0 0.047067 0.135034 0.676553 0.106359 0.034987
2 0 0.034165 0.094383 0.732355 0.118062 0.021034
2 0 0.042218 0.111468 0.715209 0.105995 0.025110
2 0 0.045484 0.131609 0.708492 0.081574 0.032841
2 0 0.041371 0.118673 0.734276 0.078097 0.027583
2 0 0.065014 0.143185 0.638876 0.117436 0.035489
2 0 0.123306 0.209489 0.539019 0.076388 0.051797
2 2 0.184920 0.290751 0.382830 0.061754 0.079745
2 2 0.236842 0.297943 0.329269 0.051255 0.084692
1 2 0.279863 0.311739 0.251310 0.049348 0.107740
2 2 0.204783 0.243832 0.415330 0.073297 0.062759
2 0 0.177423 0.274410 0.438196 0.048015 0.061956
2 0 0.145015 0.312080 0.452937 0.025178 0.064790
2 0 0.080913 0.328913 0.504332 0.019418 0.066425
2 0 0.142348 0.361142 0.402545 0.014122 0.079843
2 0 0.125264 0.311431 0.470701 0.016753 0.075852
2 0 0.106775 0.212725 0.607548 0.018095 0.054857
2 0 0.109110 0.151617 0.688850 0.014979 0.035444
2 0 0.111739 0.171979 0.654685 0.018018 0.043580
2 0 0.195374 0.250225 0.470260 0.022275 0.061866
2 0 0.215471 0.318119 0.362826 0.023263 0.080321
2 1 0.148078 0.366237 0.398257 0.014128 0.073300
2 1 0.079419 0.370773 0.465543 0.013567 0.070697
2 2 0.047469 0.334612 0.544857 0.013260 0.059803
2 2 0.039782 0.337298 0.530297 0.019381 0.073242
2 2 0.033391 0.295884 0.564684 0.020959 0.085082
2 2 0.043081 0.261689 0.578332 0.028808 0.088090
2 2 0.046645 0.239883 0.602352 0.033939 0.077180
2 2 0.045083 0.297238 0.540146 0.028323 0.089210
1 2 0.043302 0.424793 0.392771 0.013101 0.126033
1 2 0.039474 0.439377 0.391378 0.010261 0.119511
1 2 0.041029 0.441865 0.389476 0.010010 0.117620
2 2 0.038134 0.407953 0.431207 0.015862 0.106844
1 2 0.047937 0.409385 0.393496 0.018602 0.130581
2 2 0.047958 0.343614 0.481290 0.017731 0.109407
2 2 0.053179 0.289600 0.553089 0.017216 0.086917
2 2 0.069750 0.254005 0.589628 0.018618 0.067999
2 2 0.092632 0.270337 0.534478 0.024295 0.078258
2 2 0.123089 0.329361 0.411508 0.036618 0.099423
1 2 0.135482 0.396218 0.322882 0.025930 0.119488
2 2 0.059385 0.184328 0.678117 0.020085 0.058084
2 2 0.065009 0.253383 0.587421 0.020910 0.073277
2 2 0.068035 0.390435 0.432508 0.011985 0.097036
1 2 0.070850 0.452582 0.361636 0.010082 0.104851
1 0 0.094064 0.456386 0.343792 0.009589 0.096169
1 0 0.146502 0.431389 0.313885 0.013336 0.094888
1 0 0.131546 0.424195 0.323573 0.016144 0.104542
1 0 0.109397 0.403643 0.363932 0.017106 0.105921
1 1 0.121738 0.434770 0.328606 0.013688 0.101197
1 1 0.130023 0.438467 0.322952 0.012439 0.096119
1 1 0.166696 0.428162 0.302495 0.012844 0.089803
1 0 0.158753 0.429850 0.306868 0.012961 0.091569
1 0 0.112049 0.451541 0.332388 0.010220 0.093801
1 0 0.082928 0.459928 0.351166 0.008967 0.097012
1 0 0.077693 0.467316 0.353565 0.007740 0.093685
1 1 0.092128 0.456409 0.345158 0.009596 0.096708
1 1 0.092867 0.451375 0.345508 0.010552 0.099698
1 2 0.105571 0.451134 0.336794 0.010445 0.096056
1 2 0.101158 0.456241 0.338875 0.009540 0.094186
1 0 0.103260 0.445931 0.339184 0.011569 0.100055
1 0 0.175518 0.415183 0.299066 0.015744 0.094489
1 1 0.254976 0.388336 0.260131 0.015550 0.081007
1 1 0.250725 0.390761 0.262009 0.015305 0.081200
0 1 0.382882 0.332126 0.213370 0.012883 0.058738
0 0 0.333997 0.293568 0.295942 0.017311 0.059182
0 0 0.467390 0.276872 0.166952 0.016866 0.071920
0 0 0.560118 0.220401 0.124290 0.019840 0.075352
0 0 0.475408 0.282782 0.163006 0.014856 0.063947
0 0 0.364927 0.345111 0.212043 0.013902 0.064017
1 1 0.358179 0.366058 0.211574 0.008834 0.055355
0 1 0.619771 0.214117 0.111002 0.011081 0.044029
0 1 0.367045 0.327361 0.208111 0.019109 0.078374
1 0 0.230466 0.405606 0.270597 0.013195 0.080135
1 0 0.129160 0.451553 0.321253 0.009674 0.088360
1 0 0.112553 0.453985 0.331597 0.009735 0.092130
1 0 0.225543 0.399474 0.273945 0.015547 0.085491
1 0 0.280863 0.379181 0.248276 0.015110 0.076570
1 1 0.181441 0.391935 0.313950 0.018344 0.094330
1 1 0.231047 0.368548 0.252507 0.020227 0.127671
1 1 0.292673 0.320963 0.217875 0.028351 0.140137
0 1 0.358756 0.288983 0.181776 0.025507 0.144978
0 1 0.501152 0.195721 0.104877 0.021605 0.176645
0 0 0.480808 0.214203 0.112185 0.017261 0.175543
0 0 0.649295 0.138261 0.067065 0.017677 0.127702
0 0 0.538016 0.163617 0.080110 0.017043 0.201214
0 0 0.464685 0.208756 0.111589 0.019821 0.195149
0 0 0.413779 0.205081 0.115351 0.025600 0.240189
0 0 0.491374 0.202185 0.115068 0.027619 0.163755
0 0 0.401170 0.293316 0.187128 0.024950 0.093436
0 0 0.433089 0.287014 0.178322 0.022067 0.079509
0 0 0.461639 0.251358 0.153444 0.026855 0.106704
0 0 0.533757 0.213270 0.121768 0.024277 0.106928
0 0 0.476827 0.238228 0.137781 0.023124 0.124041
0 0 0.398111 0.284829 0.171668 0.021286 0.124106
0 0 0.368741 0.273561 0.176917 0.031917 0.148864
0 0 0.404307 0.261669 0.183662 0.043263 0.107099
0 0 0.473461 0.242583 0.162079 0.040209 0.081668
0 0 0.562485 0.214031 0.122056 0.022078 0.079350
0 0 0.484363 0.254226 0.150325 0.021756 0.089331
0 0 0.406602 0.304193 0.188176 0.019651 0.081378
0 0 0.599319 0.121685 0.058493 0.020636 0.199868
0 0 0.519741 0.198160 0.107063 0.021788 0.153247
0 0 0.378167 0.259267 0.165155 0.032788 0.164622
0 0 0.337410 0.282572 0.189894 0.035522 0.154602
1 0 0.287743 0.329539 0.239603 0.034937 0.108177
1 0 0.289891 0.317291 0.228656 0.037119 0.127043
0 0 0.331441 0.303571 0.205718 0.031808 0.127462
1 0 0.298966 0.308030 0.214850 0.034777 0.143377
0 0 0.333600 0.302460 0.218659 0.037318 0.107962
0 0 0.400988 0.253015 0.226904 0.042609 0.076484
0 0 0.514887 0.220232 0.172560 0.033877 0.058443
0 0 0.623455 0.192611 0.110083 0.021731 0.052120
0 0 0.680599 0.161614 0.083586 0.016338 0.057863
0 0 0.708682 0.141878 0.070088 0.015163 0.064189
0 0 0.646795 0.186505 0.102015 0.017388 0.047297
0 0 0.661576 0.189767 0.101835 0.013455 0.033368
0 0 0.625924 0.207642 0.111418 0.013358 0.041657
0 0 0.585409 0.224765 0.122090 0.014268 0.053468
0 0 0.562340 0.232674 0.131391 0.016939 0.056656
0 0 0.510371 0.269714 0.149880 0.012858 0.057176
0 0 0.429244 0.299069 0.177507 0.016503 0.077677
0 0 0.389383 0.304131 0.184357 0.018857 0.103272
0 0 0.471980 0.238333 0.134218 0.020632 0.134839
0 0 0.455547 0.223808 0.125225 0.022432 0.172989
0 0 0.500033 0.187116 0.101773 0.024609 0.186469
0 0 0.518992 0.169402 0.087844 0.021870 0.201892
0 0 0.473828 0.189300 0.106832 0.029105 0.200936
0 0 0.461459 0.238651 0.139907 0.024960 0.135023
0 0 0.530776 0.223336 0.122538 0.018765 0.104585
0 0 0.494660 0.241805 0.133150 0.017526 0.112859
0 0 0.467752 0.254378 0.144585 0.019066 0.114219
0 0 0.459151 0.243784 0.134535 0.018303 0.144228
0 0 0.404041 0.277702 0.167365 0.022333 0.128559
1 0 0.268905 0.362548 0.246953 0.020869 0.100725
1 1 0.311742 0.340150 0.210041 0.016505 0.121561
1 1 0.243871 0.374608 0.246716 0.016577 0.118228
0 1 0.425322 0.285229 0.161929 0.015779 0.111740
0 0 0.424903 0.264481 0.149863 0.018340 0.142413
2 0 0.168644 0.277992 0.402350 0.022090 0.128925
2 0 0.202654 0.265365 0.306445 0.026938 0.198599
0 0 0.426913 0.180326 0.093805 0.020202 0.278755
0 0 0.561761 0.120772 0.055990 0.017503 0.243974
0 0 0.586088 0.094742 0.037827 0.009994 0.271349
0 0 0.391198 0.152019 0.079959 0.024115 0.352709
0 4 0.350540 0.177012 0.098015 0.025596 0.348836
4 4 0.200581 0.241730 0.148753 0.021329 0.387607
4 4 0.196598 0.194348 0.112404 0.018818 0.477832
4 4 0.087968 0.131504 0.070751 0.007962 0.701815
4 4 0.061035 0.140702 0.072517 0.004115 0.721632
4 4 0.047669 0.169790 0.088824 0.002974 0.690743
4 4 0.046510 0.163283 0.084109 0.002750 0.703349
4 4 0.047014 0.147402 0.073868 0.002595 0.729121
4 4 0.055544 0.174570 0.094376 0.004076 0.671434
4 4 0.047227 0.166631 0.086555 0.002877 0.696709
4 4 0.053041 0.124188 0.060571 0.002891 0.759310
4 4 0.055112 0.133554 0.066782 0.003265 0.741287
4 4 0.061610 0.123001 0.061261 0.003816 0.750312
4 4 0.046196 0.192545 0.104289 0.003130 0.653840
4 4 0.047231 0.261003 0.159593 0.004633 0.527540
4 4 0.040776 0.209194 0.114274 0.002677 0.633080
1 4 0.038353 0.359491 0.259441 0.005971 0.336744
1 4 0.036664 0.384971 0.297789 0.007157 0.273419
1 4 0.034069 0.405001 0.336085 0.008341 0.216503
1 4 0.033514 0.410985 0.353408 0.009292 0.192801
1 4 0.032416 0.417421 0.379029 0.010868 0.160266
1 4 0.049960 0.422280 0.372963 0.014085 0.140712
1 4 0.095144 0.406777 0.387042 0.013242 0.097796
2 4 0.142211 0.374442 0.397327 0.011278 0.074742
1 4 0.160179 0.389099 0.357445 0.012736 0.080542
1 4 0.196231 0.421540 0.286762 0.012215 0.083253
1 4 0.161498 0.430950 0.305104 0.012504 0.089944
1 0 0.185292 0.440505 0.289286 0.008853 0.076064
1 0 0.234672 0.418072 0.266028 0.009711 0.071516
1 1 0.355494 0.360055 0.214236 0.010705 0.059509
1 1 0.261311 0.382027 0.257591 0.016832 0.082239
1 1 0.177704 0.416639 0.308514 0.012503 0.084641
1 1 0.129919 0.388251 0.382870 0.013202 0.085758
1 1 0.133809 0.408421 0.354992 0.013031 0.089747
1 0 0.173056 0.408480 0.300925 0.018095 0.099444
1 0 0.174651 0.418983 0.299154 0.014704 0.092508
1 1 0.133333 0.420192 0.322772 0.017258 0.106444
1 1 0.123412 0.427089 0.328310 0.015689 0.105501
1 1 0.142917 0.370578 0.364867 0.021379 0.100260
1 1 0.151139 0.393106 0.338826 0.018383 0.098546
1 1 0.108861 0.424276 0.350138 0.014147 0.102578
1 1 0.077495 0.432667 0.374119 0.011639 0.104080
1 4 0.063068 0.440248 0.387632 0.009154 0.099898
1 4 0.055353 0.459641 0.373271 0.008245 0.103489
1 4 0.038985 0.457587 0.392296 0.006935 0.104197
1 4 0.034345 0.448349 0.395847 0.008083 0.113377
2 4 0.027129 0.391631 0.473454 0.007527 0.100259
2 4 0.023041 0.354193 0.525199 0.006972 0.090596
2 4 0.021783 0.348956 0.535840 0.006406 0.087015
2 2 0.019193 0.337062 0.557862 0.005443 0.080440
2 2 0.018825 0.344681 0.551250 0.005076 0.080168
2 2 0.019541 0.351920 0.542435 0.005063 0.081040
2 2 0.024722 0.391465 0.491906 0.005242 0.086665
2 2 0.022241 0.367634 0.517589 0.005722 0.086814
2 2 0.022297 0.353937 0.525667 0.006940 0.091160
2 2 0.017638 0.280949 0.621682 0.009680 0.070051
2 2 0.015451 0.235279 0.681663 0.012345 0.055263
2 2 0.017541 0.230039 0.683483 0.013616 0.055322
2 2 0.015981 0.204490 0.713029 0.016089 0.050411
2 2 0.013833 0.156992 0.767863 0.022132 0.039180
2 2 0.014998 0.148486 0.771548 0.026897 0.038072
2 2 0.012932 0.135978 0.792693 0.025798 0.032599
2 2 0.017554 0.179521 0.730245 0.027959 0.044720
2 2 0.029191 0.244985 0.626736 0.023964 0.075124
2 2 0.034722 0.272189 0.594240 0.021979 0.076870
2 2 0.039180 0.339436 0.502219 0.018074 0.101091
1 2 0.043128 0.407864 0.406806 0.014750 0.127452
2 2 0.039657 0.362178 0.453552 0.024358 0.120255
2 2 0.042764 0.346109 0.468236 0.032167 0.110724
2 2 0.046468 0.341521 0.462988 0.036518 0.112505
2 2 0.037699 0.314637 0.515197 0.023447 0.109021
2 2 0.040090 0.304265 0.523038 0.023150 0.109456
2 2 0.047256 0.289687 0.517822 0.028504 0.116730
2 2 0.041887 0.233348 0.587360 0.044751 0.092653
2 2 0.034626 0.241315 0.599066 0.030947 0.094046
2 2 0.038586 0.309645 0.500854 0.022650 0.128264
0 2 0.340020 0.233707 0.203373 0.101201 0.121700
0 2 0.400833 0.249295 0.173452 0.050457 0.125963
1 2 0.260362 0.321588 0.277871 0.049348 0.090831
2 2 0.163151 0.343315 0.358560 0.049932 0.085042
2 2 0.094864 0.385090 0.408431 0.023031 0.088584
2 2 0.091369 0.378957 0.435012 0.022108 0.072555
2 2 0.065903 0.377248 0.447816 0.018070 0.090961
2 2 0.051717 0.366811 0.453621 0.019403 0.108448
2 2 0.034783 0.278447 0.585095 0.022717 0.078958
2 2 0.030151 0.291411 0.574286 0.020180 0.083971
2 2 0.024648 0.268172 0.622667 0.016788 0.067726
2 2 0.029237 0.325343 0.536376 0.015855 0.093188
2 2 0.042307 0.320936 0.521354 0.025968 0.089436
2 2 0.053307 0.315362 0.505036 0.029472 0.096823
2 2 0.111290 0.332770 0.443351 0.025889 0.086701
2 2 0.135850 0.362535 0.391674 0.018259 0.091682
1 2 0.166096 0.388954 0.323419 0.020649 0.100882
1 0 0.175605 0.401642 0.299844 0.020253 0.102655
1 0 0.148760 0.428260 0.312936 0.014016 0.096028
1 0 0.110503 0.456908 0.332389 0.009243 0.090957
1 0 0.068827 0.471945 0.359426 0.006944 0.092858
2 1 0.039722 0.361192 0.511586 0.014265 0.073236
2 1 0.024579 0.303397 0.574847 0.015622 0.081556
2 2 0.016736 0.158403 0.754477 0.028280 0.042104
2 2 0.011401 0.079212 0.845780 0.044261 0.019345
2 2 0.010959 0.054419 0.850309 0.071127 0.013186
2 2 0.011336 0.062360 0.856222 0.053161 0.016921
2 2 0.010855 0.056394 0.850208 0.069271 0.013272
2 2 0.009782 0.058502 0.859071 0.059748 0.012897
2 2 0.009891 0.053315 0.840458 0.086274 0.010062
2 2 0.011052 0.072466 0.835183 0.067487 0.013812
2 2 0.014628 0.124237 0.792282 0.041186 0.027667
2 2 0.015677 0.138046 0.777521 0.035207 0.033550
2 2 0.014242 0.100194 0.808170 0.055586 0.021808
2 2 0.016228 0.103714 0.787698 0.070651 0.021709
2 2 0.019134 0.134395 0.757300 0.059041 0.030130
2 2 0.024981 0.173409 0.699952 0.061028 0.040630
2 2 0.032844 0.179485 0.653523 0.091314 0.042835
2 2 0.033554 0.147562 0.635343 0.153122 0.030419
2 2 0.051392 0.162886 0.535386 0.210381 0.039956
2 2 0.057363 0.153763 0.490257 0.260393 0.038224
3 3 0.054112 0.105163 0.393620 0.423770 0.023334
3 3 0.052150 0.082679 0.310914 0.537026 0.017231
3 3 0.047586 0.061440 0.244759 0.633796 0.012419
3 3 0.048212 0.079267 0.304793 0.552593 0.015136
3 2 0.051202 0.078539 0.291627 0.562738 0.015895
3 2 0.037308 0.061913 0.313715 0.576461 0.010604
3 2 0.023266 0.031112 0.249108 0.691925 0.004590
3 2 0.025119 0.045652 0.380865 0.541283 0.007080
3 2 0.023413 0.048737 0.456622 0.463527 0.007701
2 2 0.025302 0.052605 0.459093 0.454335 0.008665
3 2 0.021009 0.034347 0.386569 0.552540 0.005535
3 2 0.023468 0.030495 0.332821 0.607569 0.005648
3 2 0.021781 0.031293 0.396696 0.544325 0.005905
3 2 0.022392 0.037144 0.425634 0.508220 0.006610
2 2 0.028460 0.058136 0.479692 0.422913 0.010798
2 2 0.038766 0.080393 0.464254 0.399927 0.016660
2 2 0.072529 0.142488 0.486707 0.260985 0.037292
2 2 0.081816 0.141995 0.504467 0.236056 0.035666
2 2 0.059168 0.135461 0.589016 0.185437 0.030918
2 2 0.045235 0.372346 0.432810 0.031131 0.118478
2 2 0.039597 0.345789 0.478769 0.030116 0.105729
2 2 0.030263 0.321172 0.534358 0.024325 0.089882
2 2 0.026145 0.288432 0.584013 0.023980 0.077430
2 2 0.027582 0.276130 0.593618 0.028387 0.074283
2 2 0.026585 0.243525 0.632761 0.039725 0.057404
2 2 0.027603 0.266267 0.606635 0.036584 0.062911
2 2 0.028316 0.260721 0.609741 0.042024 0.059198
2 2 0.028021 0.220624 0.641236 0.067171 0.042948
2 2 0.028154 0.226170 0.634285 0.069204 0.042187
2 2 0.033124 0.246639 0.598674 0.071744 0.049819
2 2 0.034145 0.183222 0.613908 0.135086 0.033639
2 2 0.035903 0.134834 0.585004 0.219134 0.025124
2 2 0.041439 0.103969 0.480207 0.354286 0.020100
2 2 0.050542 0.120661 0.467681 0.334234 0.026882
2 2 0.078442 0.190704 0.487769 0.194000 0.049086
2 2 0.142576 0.270127 0.405242 0.104045 0.078010
2 2 0.141676 0.288612 0.419871 0.065348 0.084492
2 2 0.101678 0.295499 0.467548 0.051877 0.083398
2 2 0.058327 0.259979 0.575095 0.048515 0.058085
2 2 0.031718 0.200421 0.689935 0.041114 0.036811
2 0 0.049006 0.324542 0.535172 0.017126 0.074155
2 0 0.079729 0.362641 0.438196 0.017307 0.102128
2 0 0.064626 0.308138 0.515376 0.018541 0.093320
2 0 0.055454 0.233482 0.610481 0.024727 0.075856
2 4 0.069405 0.246562 0.584264 0.023871 0.075897
2 4 0.091862 0.366782 0.417077 0.019270 0.105009
1 4 0.090121 0.444676 0.348428 0.011960 0.104816
1 1 0.068826 0.457163 0.362479 0.009203 0.102329
1 1 0.056776 0.454228 0.372965 0.009199 0.106832
1 4 0.045261 0.435759 0.388824 0.011619 0.118537
2 4 0.036324 0.395217 0.427419 0.019816 0.121223
2 4 0.034043 0.323600 0.520760 0.028430 0.093167
2 4 0.029844 0.275634 0.586532 0.031140 0.076851
2 4 0.045719 0.354837 0.441387 0.024433 0.133623
2 4 0.050366 0.294326 0.516424 0.026403 0.112480
2 4 0.060824 0.251859 0.563042 0.029228 0.095047
2 4 0.063726 0.239570 0.582523 0.031174 0.083007
2 0 0.083472 0.361390 0.433374 0.018356 0.103407
1 0 0.059557 0.437906 0.394814 0.008802 0.098921
1 0 0.050318 0.464330 0.376871 0.007276 0.101204
1 4 0.044334 0.450233 0.385042 0.008935 0.111455
1 4 0.034484 0.422099 0.398133 0.012923 0.132361
1 4 0.036785 0.412064 0.392018 0.015342 0.143792
2 4 0.044531 0.366040 0.417787 0.021940 0.149701
2 4 0.042552 0.269748 0.551932 0.050703 0.085065
2 2 0.041843 0.272959 0.550503 0.046754 0.087941
2 2 0.039941 0.291706 0.536466 0.039225 0.092662
2 2 0.033825 0.293374 0.553059 0.031096 0.088646
2 2 0.035452 0.274326 0.570255 0.040160 0.079807
2 2 0.040568 0.334639 0.483403 0.028940 0.112450
2 2 0.044125 0.343483 0.458551 0.023431 0.130410
2 0 0.047639 0.349742 0.464102 0.019447 0.119070
2 0 0.047565 0.345122 0.471140 0.019281 0.116892
1 1 0.067195 0.378658 0.345474 0.019311 0.189362
1 1 0.102125 0.378470 0.291071 0.019082 0.209253
4 1 0.142929 0.304968 0.209192 0.020944 0.321967
4 0 0.126041 0.293708 0.200650 0.019256 0.360345
4 0 0.088689 0.314641 0.238267 0.021107 0.337296
1 2 0.059715 0.358029 0.290236 0.016516 0.275504
2 2 0.028681 0.338770 0.503637 0.015137 0.113775
2 2 0.042144 0.339622 0.448898 0.021139 0.148198
2 2 0.041125 0.260700 0.566167 0.026216 0.105792
2 2 0.047778 0.220269 0.628899 0.023493 0.079561
2 2 0.078623 0.231056 0.591956 0.024199 0.074166
2 2 0.131907 0.257915 0.516533 0.022797 0.070849
1 2 0.212171 0.318911 0.311950 0.028446 0.128522
0 2 0.359776 0.281304 0.172530 0.023982 0.162408
0 2 0.444075 0.237849 0.135536 0.022362 0.160178
0 0 0.501799 0.235629 0.128191 0.017251 0.117130
0 0 0.666883 0.158706 0.077108 0.013790 0.083514
0 0 0.650608 0.166921 0.082038 0.014082 0.086350
0 0 0.565653 0.180111 0.097025 0.023331 0.133880
0 0 0.550412 0.194271 0.110741 0.027483 0.117093
0 0 0.432571 0.287249 0.185819 0.025511 0.068851
1 0 0.287284 0.386614 0.244001 0.012045 0.070056
1 0 0.172857 0.439132 0.296959 0.009917 0.081135
1 0 0.097521 0.453905 0.341822 0.010023 0.096729
1 1 0.053683 0.352173 0.252348 0.008390 0.333407
4 1 0.040391 0.290615 0.182381 0.004030 0.482583
4 4 0.039384 0.242233 0.139076 0.002949 0.576358
4 4 0.040979 0.163445 0.082600 0.002168 0.710807
4 4 0.040083 0.094946 0.041620 0.001457 0.821895
4 4 0.046068 0.062003 0.025272 0.001514 0.865142
4 4 0.049237 0.046186 0.017902 0.001496 0.885179
4 4 0.059766 0.050120 0.020323 0.002227 0.867564
4 4 0.054892 0.052213 0.021078 0.001936 0.869881
4 4 0.053896 0.055668 0.022707 0.001927 0.865802
4 4 0.044758 0.052805 0.020738 0.001332 0.880367
4 4 0.049128 0.070975 0.030049 0.001823 0.848026
4 4 0.050129 0.093707 0.042323 0.002192 0.811649
4 4 0.054798 0.111558 0.053232 0.002871 0.777541
4 4 0.045431 0.079177 0.033934 0.001666 0.839792
4 4 0.046576 0.076626 0.032726 0.001716 0.842356
4 4 0.050720 0.050381 0.019958 0.001644 0.877297
4 4 0.057906 0.055112 0.022675 0.002193 0.862114
4 4 0.059954 0.060525 0.025523 0.002446 0.851551
4 4 0.056892 0.062749 0.026451 0.002256 0.851651
4 4 0.053673 0.048038 0.019006 0.001788 0.877495
4 4 0.063523 0.058789 0.024859 0.002690 0.850139
4 4 0.059266 0.075054 0.033078 0.002664 0.829939
4 4 0.063078 0.097080 0.045789 0.003447 0.790606
4 4 0.059743 0.134842 0.068465 0.003832 0.733118
4 4 0.053357 0.133258 0.066260 0.003066 0.744058
4 4 0.050456 0.121977 0.058769 0.002601 0.766196
4 4 0.053521 0.133223 0.066270 0.003083 0.743903
4 4 0.052800 0.170946 0.091073 0.003633 0.681548
4 4 0.046194 0.188442 0.101348 0.003068 0.660948
4 4 0.050246 0.179446 0.096288 0.003446 0.670573
4 4 0.053524 0.133527 0.066462 0.003089 0.743398
4 4 0.046647 0.116844 0.055035 0.002184 0.779290
4 4 0.047814 0.118510 0.056226 0.002308 0.775142
4 4 0.044931 0.150984 0.075645 0.002425 0.726014
4 4 0.038809 0.107927 0.048526 0.001477 0.803261
4 4 0.041363 0.092097 0.040274 0.001518 0.824748
4 4 0.045046 0.089114 0.039164 0.001747 0.824930
4 4 0.045192 0.111286 0.051549 0.001997 0.789976
4 4 0.040796 0.182910 0.095572 0.002361 0.678361
4 4 0.037154 0.251245 0.145077 0.002761 0.563763
4 4 0.034977 0.262335 0.152840 0.002604 0.547244
1 4 0.122954 0.345489 0.241257 0.016764 0.273536
4 4 0.104627 0.309118 0.230935 0.023612 0.331709
4 2 0.101677 0.265983 0.199515 0.024895 0.407930
4 2 0.072289 0.278065 0.259324 0.017086 0.373237
1 2 0.059684 0.337324 0.271987 0.014112 0.316893
1 2 0.059920 0.344528 0.254517 0.011241 0.329793
1 2 0.056994 0.409091 0.315603 0.009721 0.208592
1 2 0.028379 0.425034 0.397697 0.010170 0.138719
1 2 0.026121 0.428853 0.403107 0.009259 0.132660
1 2 0.030420 0.421715 0.395338 0.011243 0.141284
1 2 0.031484 0.420127 0.398448 0.012299 0.137641
1 2 0.034529 0.415319 0.391118 0.013561 0.145473
1 2 0.037901 0.408312 0.389190 0.015569 0.149028
1 2 0.035865 0.413485 0.396634 0.015295 0.138721
1 2 0.035028 0.414731 0.397615 0.014786 0.137839
1 2 0.044248 0.416444 0.387606 0.016156 0.135545
1 2 0.058132 0.410988 0.374546 0.019729 0.136605
2 2 0.046773 0.383985 0.435283 0.015355 0.118605
2 3 0.035839 0.382079 0.449369 0.013486 0.119227
2 3 0.027712 0.346376 0.496373 0.013728 0.115811
2 3 0.031217 0.347693 0.488767 0.017187 0.115136
2 2 0.034429 0.346170 0.499067 0.016124 0.104209
2 2 0.041444 0.362782 0.455946 0.017464 0.122364
2 2 0.030320 0.315821 0.539720 0.013346 0.100793
2 2 0.029025 0.364435 0.483155 0.011637 0.111748
1 2 0.030358 0.425149 0.413356 0.009849 0.121288
1 2 0.026552 0.438214 0.406817 0.008300 0.120117
1 2 0.025601 0.429738 0.402277 0.008874 0.133511
1 2 0.029534 0.413000 0.389601 0.009529 0.158336
2 2 0.029743 0.305002 0.492685 0.011512 0.161058
2 2 0.026069 0.206774 0.637631 0.016284 0.113242
2 2 0.025812 0.170285 0.687780 0.020642 0.095481
2 2 0.024873 0.137207 0.727804 0.023001 0.087116
2 2 0.024520 0.136080 0.732651 0.023634 0.083114
2 2 0.023892 0.137485 0.739454 0.025933 0.073236
2 2 0.029898 0.173989 0.671140 0.024939 0.100034
2 2 0.029507 0.202542 0.643724 0.022653 0.101574
2 2 0.027727 0.234528 0.621206 0.020361 0.096178
2 2 0.031055 0.248864 0.595888 0.023066 0.101127
2 2 0.027965 0.170937 0.697790 0.047593 0.055715
2 2 0.030033 0.140404 0.703231 0.085549 0.040782
2 2 0.031672 0.121943 0.698045 0.112317 0.036024
2 2 0.036631 0.093497 0.618652 0.225615 0.025605
3 2 0.029369 0.042891 0.455848 0.461566 0.010326
3 2 0.029025 0.032630 0.295810 0.635621 0.006913
3 2 0.024360 0.024044 0.230286 0.716716 0.004593
3 2 0.027745 0.026606 0.197490 0.743139 0.005020
3 2 0.039155 0.038082 0.212959 0.701344 0.008459
3 2 0.031200 0.029199 0.173791 0.760311 0.005499
3 2 0.031148 0.028743 0.155025 0.779917 0.005166
3 2 0.023854 0.022112 0.137760 0.812891 0.003383
3 2 0.025756 0.023797 0.140275 0.806384 0.003788
3 2 0.027481 0.025346 0.143650 0.799336 0.004187
3 3 0.023076 0.021382 0.134661 0.817683 0.003198
3 3 0.015573 0.014577 0.115806 0.852293 0.001751
3 3 0.010347 0.009786 0.098420 0.880506 0.000941
3 3 0.011520 0.010866 0.102767 0.873739 0.001108
3 3 0.012213 0.011502 0.105195 0.869880 0.001210
3 3 0.018813 0.017525 0.124618 0.836707 0.002338
3 3 0.018555 0.017291 0.123958 0.837908 0.002289
3 3 0.006187 0.005926 0.079736 0.907719 0.000433
3 3 0.006575 0.006288 0.081768 0.904894 0.000475
3 3 0.006240 0.005976 0.080019 0.907327 0.000439
3 3 0.006429 0.006152 0.081015 0.905944 0.000459
3 3 0.006733 0.006435 0.082574 0.903766 0.000492
3 3 0.007606 0.007249 0.086829 0.897725 0.000591
3 3 0.004874 0.004696 0.072201 0.917928 0.000303
3 3 0.004191 0.004052 0.067774 0.923742 0.000241
3 3 0.004950 0.004767 0.072667 0.917307 0.000310
3 3 0.004979 0.004794 0.072845 0.917070 0.000313
3 3 0.006660 0.006368 0.082206 0.904282 0.000484
3 3 0.007037 0.006719 0.084093 0.901626 0.000526
3 3 0.009452 0.008959 0.094882 0.885886 0.000821
3 3 0.009472 0.008977 0.094960 0.885767 0.000823
3 3 0.011878 0.011195 0.104032 0.871736 0.001160
3 3 0.013431 0.012620 0.109250 0.863301 0.001398
3 3 0.014084 0.013217 0.111321 0.859876 0.001503
3 3 0.010513 0.009938 0.099053 0.879532 0.000964
3 3 0.011477 0.010826 0.102611 0.873984 0.001101
3 3 0.011465 0.010815 0.102569 0.874050 0.001100
3 3 0.012155 0.011450 0.104996 0.870197 0.001202
3 3 0.009702 0.009191 0.095892 0.884360 0.000854
3 3 0.006478 0.006198 0.081270 0.905589 0.000464
3 3 0.005991 0.005743 0.078682 0.909171 0.000413
3 3 0.005297 0.005093 0.074754 0.914513 0.000343
3 3 0.004118 0.003984 0.067278 0.924385 0.000235
3 3 0.004054 0.003923 0.066836 0.924956 0.000230
3 3 0.003839 0.003720 0.065318 0.926912 0.000212
3 3 0.004736 0.004566 0.071342 0.919066 0.000290
3 3 0.006965 0.006652 0.083737 0.902129 0.000518
3 3 0.009060 0.008597 0.093262 0.888311 0.000770
3 3 0.009746 0.009231 0.096066 0.884097 0.000860
3 3 0.006815 0.006512 0.082989 0.903183 0.000501
3 3 0.008412 0.007997 0.090482 0.892421 0.000688
3 3 0.006757 0.006459 0.082699 0.903590 0.000495
3 3 0.007570 0.007215 0.086658 0.897970 0.000587
3 3 0.008145 0.007749 0.089296 0.894154 0.000656
3 3 0.007929 0.007549 0.088321 0.895571 0.000630
3 3 0.007665 0.007303 0.087102 0.897332 0.000598
3 3 0.006740 0.006442 0.082612 0.903712 0.000493
3 3 0.007108 0.006785 0.084444 0.901129 0.000534
3 3 0.007502 0.007151 0.086335 0.898433 0.000579
3 3 0.006683 0.006389 0.082323 0.904118 0.000487
3 3 0.004925 0.004743 0.072514 0.917511 0.000307
3 3 0.005760 0.005527 0.077406 0.910919 0.000389
3 3 0.006882 0.006574 0.083324 0.902712 0.000509
3 3 0.007897 0.007519 0.088174 0.895785 0.000626
3 3 0.008017 0.007630 0.088720 0.894993 0.000640
3 3 0.010851 0.010250 0.100325 0.877562 0.001012
3 3 0.011614 0.010953 0.103102 0.873210 0.001121
3 3 0.007735 0.007368 0.087427 0.896864 0.000606
3 3 0.004966 0.004782 0.072767 0.917174 0.000311
3 3 0.003271 0.003182 0.061056 0.932324 0.000167
3 3 0.003403 0.003307 0.062081 0.931033 0.000177
3 3 0.004252 0.004110 0.068190 0.923201 0.000247
3 3 0.003826 0.003708 0.065226 0.927030 0.000211
3 3 0.006420 0.006144 0.080968 0.906009 0.000458
3 3 0.009218 0.008743 0.093921 0.887327 0.000790
3 3 0.013075 0.012293 0.108092 0.865198 0.001342
3 3 0.027514 0.025376 0.143714 0.799201 0.004195
3 3 0.034557 0.031677 0.155904 0.771885 0.005977
3 3 0.059370 0.068660 0.235597 0.619771 0.016602
3 2 0.094321 0.144077 0.343635 0.365127 0.052841
2 2 0.111538 0.192418 0.380042 0.208021 0.107982
2 2 0.116506 0.223594 0.353808 0.094414 0.211678
4 2 0.086034 0.232110 0.281509 0.024980 0.375367
4 2 0.074153 0.228253 0.319238 0.021787 0.356569
4 2 0.063687 0.247556 0.314054 0.016218 0.358485
4 2 0.063379 0.296574 0.274706 0.014690 0.350651
1 2 0.052531 0.328919 0.294761 0.012071 0.311718
4 2 0.044553 0.317114 0.309563 0.009178 0.319591
2 2 0.042279 0.287820 0.378916 0.010840 0.280144
2 2 0.037955 0.256349 0.416743 0.009755 0.279198
4 2 0.048355 0.265325 0.286118 0.008681 0.391521
4 2 0.058216 0.246391 0.204750 0.008351 0.482292
4 2 0.059198 0.254162 0.174139 0.007506 0.504994
4 2 0.047605 0.222451 0.177095 0.004961 0.547888
4 4 0.046842 0.233731 0.162852 0.004534 0.552042
4 4 0.046936 0.227782 0.131346 0.003842 0.590093
4 4 0.053603 0.200876 0.113069 0.004338 0.628115
4 4 0.053853 0.228510 0.135036 0.005038 0.577563
4 4 0.039841 0.249918 0.145640 0.003137 0.561464
4 4 0.037847 0.258377 0.152901 0.002991 0.547885
4 4 0.039500 0.271278 0.163784 0.003456 0.521983
4 4 0.039954 0.265697 0.159164 0.003428 0.531758
4 4 0.053922 0.280993 0.182647 0.006779 0.475659
4 4 0.048853 0.233784 0.282178 0.008310 0.426876
4 4 0.051539 0.231172 0.274134 0.008851 0.434304
4 4 0.055317 0.218953 0.319895 0.012070 0.393764
4 4 0.052360 0.221958 0.341681 0.011970 0.372030
2 4 0.052632 0.231217 0.377535 0.014408 0.324208
2 4 0.049071 0.233033 0.431045 0.016301 0.270550
2 4 0.056679 0.257517 0.342809 0.015003 0.327992
2 4 0.052932 0.287133 0.382922 0.017294 0.259719
2 4 0.045745 0.316783 0.409414 0.016646 0.211412
2 2 0.036969 0.321176 0.454503 0.014819 0.172533
2 2 0.032171 0.357824 0.455241 0.013887 0.140877
2 2 0.024291 0.363303 0.487886 0.010929 0.113591
2 2 0.027395 0.396409 0.441042 0.011428 0.123727
2 2 0.018136 0.229112 0.671471 0.016823 0.064458
2 2 0.017342 0.165111 0.744279 0.023729 0.049539
2 2 0.011758 0.093214 0.840069 0.025574 0.029385
2 2 0.015934 0.112009 0.803536 0.026110 0.042411
2 2 0.021686 0.131572 0.768939 0.028015 0.049789
2 2 0.038181 0.211748 0.666864 0.017927 0.065279
2 2 0.044301 0.265191 0.596785 0.015036 0.078687
2 2 0.037161 0.331873 0.525751 0.011509 0.093707
2 2 0.033812 0.382193 0.473588 0.009239 0.101168
2 2 0.029658 0.419893 0.428885 0.008629 0.112935
2 2 0.021135 0.334943 0.542128 0.010527 0.091268
2 2 0.016481 0.199135 0.713743 0.021353 0.049288
2 2 0.013388 0.126202 0.800365 0.026553 0.033492
2 2 0.011404 0.091613 0.841282 0.030897 0.024805
2 2 0.010572 0.077819 0.855740 0.035285 0.020583
2 2 0.008868 0.053815 0.876302 0.047677 0.013339
2 2 0.008785 0.050277 0.872396 0.056910 0.011632
2 2 0.010788 0.069620 0.853198 0.049774 0.016620
2 2 0.011733 0.071139 0.843755 0.056438 0.016935
2 2 0.014712 0.081805 0.817090 0.066236 0.020157
2 2 0.014909 0.087439 0.813725 0.062613 0.021315
2 2 0.041594 0.361536 0.456390 0.030412 0.110068
2 2 0.047888 0.380336 0.403320 0.026777 0.141679
2 2 0.045313 0.332128 0.444810 0.024293 0.153457
2 2 0.042020 0.309229 0.463566 0.019612 0.165572
2 2 0.033644 0.261707 0.568504 0.024202 0.111942
2 2 0.029485 0.286191 0.532399 0.013957 0.137967
2 2 0.023661 0.263789 0.584906 0.012194 0.115449
2 2 0.026594 0.270532 0.566881 0.013787 0.122206
2 2 0.033137 0.292687 0.526849 0.017987 0.129339
2 2 0.035565 0.251187 0.587689 0.033019 0.092539
2 2 0.044400 0.213079 0.599784 0.064906 0.077831
2 2 0.046429 0.175180 0.619638 0.094585 0.064168
2 2 0.045280 0.162937 0.629195 0.104251 0.058338
2 2 0.052046 0.151687 0.594306 0.148364 0.053596
2 2 0.052100 0.105483 0.533095 0.275932 0.033390
2 2 0.038645 0.066382 0.510189 0.366616 0.018168
2 2 0.046038 0.121842 0.580350 0.217043 0.034727
2 2 0.047670 0.115073 0.556671 0.247983 0.032603
2 2 0.055140 0.149556 0.552420 0.196568 0.046315
2 2 0.067106 0.204329 0.514771 0.139712 0.074082
2 2 0.113084 0.280696 0.469835 0.037124 0.099261
2 2 0.101591 0.300019 0.480002 0.025179 0.093210
2 2 0.092669 0.329887 0.456046 0.022057 0.099340
2 0 0.088262 0.381027 0.402665 0.018740 0.109305
1 0 0.086047 0.418329 0.377157 0.013576 0.104891
2 0 0.076142 0.371163 0.462170 0.016293 0.074231
2 2 0.058238 0.333145 0.507157 0.026271 0.075189
2 2 0.047039 0.259156 0.542953 0.081347 0.069504
2 2 0.035939 0.116405 0.616503 0.204322 0.026831
2 2 0.031875 0.095834 0.629746 0.220679 0.021865
2 2 0.027542 0.088455 0.673047 0.190471 0.020485
2 2 0.021011 0.061369 0.676059 0.228927 0.012635
2 2 0.030745 0.123852 0.715417 0.088888 0.041098
2 2 0.044034 0.148592 0.706905 0.041230 0.059239
2 2 0.042285 0.161223 0.686016 0.046346 0.064130
2 2 0.032586 0.144512 0.700273 0.071298 0.051331
2 2 0.036685 0.182530 0.653970 0.062901 0.063915
2 2 0.039651 0.206355 0.617809 0.074293 0.061892
2 2 0.051975 0.324873 0.464865 0.044255 0.114032
2 2 0.078514 0.335766 0.381707 0.064946 0.139068
2 2 0.083815 0.279037 0.435630 0.097555 0.103962
2 2 0.126319 0.273244 0.428594 0.078564 0.093279
2 0 0.112395 0.303275 0.430788 0.052241 0.101302
2 0 0.103574 0.327105 0.436077 0.037329 0.095914
2 2 0.078601 0.363403 0.429366 0.027357 0.101274
1 2 0.095648 0.416670 0.368735 0.018621 0.100326
1 4 0.063847 0.418730 0.402918 0.016325 0.098180
1 4 0.047011 0.412218 0.401690 0.017322 0.121759
2 4 0.032663 0.393771 0.435502 0.016272 0.121793
2 4 0.030426 0.375321 0.465382 0.016578 0.112293
2 4 0.027328 0.322756 0.536987 0.018825 0.094105
2 2 0.026564 0.295202 0.574846 0.023375 0.080013
2 2 0.027076 0.241892 0.632359 0.037198 0.061476
2 2 0.026856 0.190442 0.679894 0.055713 0.047095
2 2 0.029394 0.173192 0.680990 0.072180 0.044244
2 2 0.036433 0.166819 0.651588 0.098903 0.046257
2 2 0.051515 0.210691 0.596891 0.070528 0.070375
2 2 0.064799 0.239555 0.563969 0.044228 0.087449
2 2 0.071814 0.269302 0.532409 0.029095 0.097380
2 4 0.069564 0.326163 0.464428 0.025802 0.114043
2 4 0.024545 0.183926 0.698067 0.042605 0.050857
2 4 0.026337 0.149267 0.717988 0.064057 0.042350
2 4 0.019690 0.067558 0.751637 0.144507 0.016608
2 4 0.017536 0.048101 0.731337 0.191450 0.011577
2 4 0.018000 0.058768 0.765469 0.142799 0.014964
2 2 0.029080 0.105299 0.722886 0.109615 0.033120
2 2 0.039032 0.147190 0.678594 0.070647 0.064537
2 2 0.042322 0.180401 0.673379 0.037856 0.066042
2 2 0.043764 0.241572 0.620283 0.021852 0.072530
2 2 0.043123 0.346753 0.506491 0.011057 0.092577
2 2 0.037443 0.388815 0.473795 0.007742 0.092205
1 2 0.039463 0.436457 0.421002 0.006660 0.096418
2 2 0.037255 0.422716 0.439523 0.007812 0.092694
2 2 0.021170 0.321624 0.560129 0.011400 0.085677
2 2 0.020686 0.240494 0.654153 0.022368 0.062299
2 2 0.020646 0.183342 0.714114 0.034737 0.047161
2 2 0.019914 0.152356 0.743401 0.047784 0.036546
2 2 0.018471 0.136037 0.764870 0.046642 0.033981
2 2 0.016844 0.113764 0.788288 0.053437 0.027667
2 2 0.016728 0.120268 0.784300 0.050037 0.028667
2 2 0.022451 0.171104 0.718263 0.042044 0.046138
2 2 0.019932 0.181523 0.718694 0.030780 0.049071
2 2 0.025293 0.196381 0.685100 0.030811 0.062416
2 2 0.040565 0.255858 0.605519 0.016285 0.081773
2 2 0.064230 0.337187 0.485040 0.016378 0.097166
2 2 0.064789 0.380863 0.434456 0.014655 0.105237
1 2 0.064786 0.433994 0.368582 0.013793 0.118845
1 2 0.044267 0.435663 0.386810 0.011600 0.121660
1 2 0.043941 0.424351 0.387802 0.014078 0.129829
1 2 0.043274 0.413541 0.379853 0.015384 0.147947
2 2 0.067157 0.370682 0.402927 0.025946 0.133288
2 2 0.099433 0.348204 0.412558 0.028902 0.110904
2 2 0.067606 0.287542 0.518308 0.025990 0.100555
2 0 0.077404 0.354764 0.429235 0.023127 0.115470
1 0 0.072911 0.407191 0.382480 0.017487 0.119932
1 0 0.056281 0.448331 0.374270 0.010217 0.110901
