0 0 0.498653 0.115132 0.051477 0.061061 0.273678
0 0 0.460822 0.130415 0.063915 0.066367 0.278482
0 0 0.442333 0.144089 0.074367 0.075289 0.263921
0 0 0.461964 0.126927 0.061091 0.063198 0.286820
0 0 0.439254 0.122390 0.057906 0.054047 0.326403
4 0 0.315767 0.132797 0.072204 0.040246 0.438987
4 0 0.198606 0.170005 0.124572 0.039193 0.467624
4 0 0.164441 0.174116 0.138316 0.035184 0.487943
4 0 0.109156 0.197349 0.197155 0.033336 0.463004
4 0 0.164167 0.183728 0.151009 0.038715 0.462380
0 0 0.437258 0.131534 0.065399 0.061227 0.304582
0 0 0.478123 0.128892 0.061126 0.069751 0.262109
0 0 0.470050 0.136973 0.066614 0.076454 0.249909
0 0 0.482866 0.131314 0.061952 0.074052 0.249817
0 0 0.543238 0.105937 0.043136 0.063103 0.244587
0 0 0.564060 0.099570 0.038617 0.061606 0.236146
0 0 0.647117 0.087214 0.028324 0.074123 0.163222
0 0 0.615161 0.103918 0.036679 0.092091 0.152151
0 0 0.604665 0.112932 0.040586 0.111479 0.130339
0 0 0.601036 0.113854 0.041322 0.110253 0.133534
0 0 0.618804 0.103575 0.036222 0.094189 0.147209
0 0 0.594733 0.104334 0.038559 0.080056 0.182318
0 4 0.477198 0.109893 0.048063 0.051603 0.313244
4 4 0.148646 0.145700 0.107985 0.024424 0.573245
4 4 0.077350 0.139006 0.128124 0.014905 0.640615
4 4 0.068461 0.151737 0.154203 0.015875 0.609724
4 4 0.082490 0.172119 0.175512 0.021811 0.548069
4 0 0.093972 0.187333 0.191548 0.027461 0.499687
4 1 0.075012 0.183215 0.201448 0.023063 0.517262
4 4 0.097182 0.175967 0.170846 0.025039 0.530966
4 0 0.114301 0.182545 0.170552 0.029640 0.502961
4 4 0.102465 0.189371 0.188665 0.029569 0.489930
4 2 0.084526 0.198248 0.218969 0.028760 0.469498
4 2 0.064138 0.207450 0.263197 0.027169 0.438047
4 2 0.051711 0.224081 0.341101 0.034084 0.349023
2 2 0.055330 0.225671 0.341080 0.037845 0.340074
2 2 0.055194 0.216843 0.366043 0.044864 0.317057
2 2 0.052745 0.200596 0.388641 0.056936 0.301082
2 2 0.049975 0.182098 0.429856 0.074139 0.263932
2 2 0.051605 0.169583 0.447644 0.093924 0.237244
2 2 0.044865 0.145166 0.498432 0.120078 0.191460
2 2 0.042018 0.131200 0.504546 0.144044 0.178191
2 2 0.042845 0.136186 0.476280 0.139829 0.204859
2 2 0.039230 0.114625 0.485693 0.187092 0.173359
2 2 0.036232 0.105920 0.485958 0.206093 0.165798
2 0 0.037939 0.107039 0.471564 0.211631 0.171826
2 1 0.040940 0.124968 0.473666 0.164554 0.195872
2 2 0.045655 0.156718 0.457339 0.101016 0.239272
2 2 0.050599 0.180778 0.434780 0.072398 0.261446
2 2 0.052384 0.189091 0.440571 0.068321 0.249633
2 2 0.054980 0.197673 0.429313 0.062251 0.255783
2 2 0.060631 0.196356 0.404948 0.070734 0.267331
2 2 0.062547 0.192986 0.390831 0.077197 0.276439
2 2 0.050663 0.144061 0.486242 0.135563 0.183471
2 2 0.044234 0.115817 0.517233 0.184516 0.138200
2 2 0.040384 0.075683 0.441007 0.346049 0.096877
3 2 0.034883 0.053034 0.334136 0.497845 0.080102
3 2 0.027602 0.040215 0.280511 0.590463 0.061208
3 2 0.024776 0.037582 0.282098 0.596078 0.059467
3 3 0.025670 0.042174 0.312096 0.547728 0.072332
3 3 0.024697 0.036511 0.334614 0.557325 0.046854
3 3 0.028040 0.038593 0.296086 0.582477 0.054805
3 3 0.028383 0.037709 0.277294 0.601518 0.055096
3 3 0.028978 0.042860 0.341433 0.527823 0.058907
3 3 0.024987 0.036060 0.346822 0.550615 0.041515
2 3 0.040085 0.063550 0.429734 0.397718 0.068913
2 3 0.047791 0.084054 0.473078 0.308445 0.086632
2 1 0.075397 0.130975 0.472384 0.200659 0.120585
2 2 0.118564 0.184246 0.431226 0.126782 0.139182
2 2 0.123430 0.204817 0.424469 0.094760 0.152524
2 1 0.135461 0.199231 0.422274 0.105807 0.137227
2 1 0.200443 0.213158 0.282448 0.099272 0.204680
0 0 0.309795 0.199387 0.140381 0.089272 0.261165
4 1 0.207460 0.216755 0.184231 0.067589 0.323964
4 2 0.140542 0.225478 0.225129 0.053320 0.355530
4 2 0.083206 0.222286 0.267404 0.036718 0.390387
4 1 0.050272 0.213115 0.303984 0.025679 0.406949
4 1 0.043615 0.218689 0.337250 0.025818 0.374628
4 2 0.046337 0.224840 0.348247 0.029396 0.351180
4 2 0.059118 0.233869 0.335604 0.035537 0.335872
2 2 0.063904 0.233098 0.355282 0.040202 0.307515
2 2 0.060199 0.198694 0.518118 0.057553 0.165436
2 0 0.048356 0.178274 0.586972 0.055625 0.130774
2 1 0.039340 0.169963 0.616960 0.049012 0.124726
2 1 0.044646 0.182662 0.577590 0.049867 0.145235
2 2 0.052542 0.225239 0.390944 0.037273 0.294001
4 1 0.040186 0.171370 0.333795 0.052993 0.401656
4 2 0.026770 0.136322 0.357602 0.074846 0.404459
4 2 0.025909 0.129933 0.366038 0.092549 0.385571
4 2 0.029541 0.139093 0.354177 0.080998 0.396191
4 2 0.030837 0.127986 0.340664 0.105921 0.394593
4 2 0.031369 0.128357 0.353792 0.125593 0.360888
2 2 0.033478 0.112559 0.366687 0.186600 0.300675
2 2 0.032102 0.107578 0.432864 0.197113 0.230342
2 2 0.031581 0.100492 0.440895 0.220319 0.206713
2 2 0.028469 0.076028 0.431706 0.316268 0.147528
2 2 0.025321 0.063523 0.422199 0.368872 0.120084
3 2 0.021875 0.051219 0.400888 0.430437 0.095582
3 2 0.019288 0.040775 0.353387 0.506594 0.079957
3 2 0.015513 0.031825 0.320299 0.566792 0.065571
3 3 0.010086 0.021633 0.287496 0.634052 0.046733
3 3 0.008628 0.019589 0.282671 0.643713 0.045400
3 3 0.008824 0.019262 0.257613 0.666847 0.047454
3 3 0.008355 0.018517 0.239462 0.683311 0.050355
3 3 0.006801 0.014222 0.188553 0.749469 0.040955
3 3 0.007104 0.014067 0.170478 0.766386 0.041966
3 3 0.012207 0.022913 0.226479 0.681316 0.057086
3 2 0.024236 0.039434 0.316812 0.554683 0.064835
2 2 0.026647 0.052377 0.494353 0.374467 0.052156
2 2 0.031231 0.070613 0.599590 0.245035 0.053531
2 2 0.043722 0.091859 0.601492 0.200666 0.062261
2 2 0.058862 0.119280 0.593189 0.154813 0.073857
2 2 0.090066 0.198323 0.432806 0.091986 0.186819
2 0 0.102300 0.199731 0.319238 0.090324 0.288406
4 1 0.074033 0.216799 0.324073 0.044677 0.340418
4 2 0.089175 0.223834 0.307172 0.044357 0.335462
4 2 0.082310 0.226031 0.312008 0.042354 0.337297
4 2 0.069822 0.222543 0.287117 0.033523 0.386995
4 2 0.057506 0.226954 0.321459 0.032165 0.361916
4 2 0.063772 0.225620 0.305018 0.033212 0.372379
4 1 0.065365 0.209128 0.264820 0.027938 0.432750
4 2 0.082049 0.203193 0.230777 0.029733 0.454247
4 2 0.092375 0.188932 0.195504 0.027613 0.495576
4 0 0.148560 0.180381 0.151899 0.034749 0.484413
4 1 0.281880 0.149121 0.089941 0.043201 0.435858
0 0 0.448217 0.108138 0.047445 0.045310 0.350890
4 0 0.291900 0.134370 0.075362 0.037771 0.460595
4 0 0.249834 0.155022 0.099458 0.040973 0.454714
4 1 0.200817 0.171085 0.125378 0.040002 0.462717
4 1 0.133863 0.185219 0.164709 0.033861 0.482349
4 1 0.093873 0.199322 0.212221 0.030948 0.463636
4 1 0.095467 0.218178 0.245539 0.038024 0.402792
4 2 0.078130 0.226470 0.283164 0.037190 0.375046
4 2 0.087822 0.220391 0.258000 0.037079 0.396708
4 2 0.102061 0.214524 0.232561 0.038098 0.412756
4 2 0.120096 0.202507 0.198567 0.037387 0.441443
4 0 0.080666 0.187762 0.203865 0.025177 0.502530
4 1 0.080140 0.192298 0.212547 0.026254 0.488761
4 2 0.074860 0.185310 0.205382 0.023528 0.510920
4 1 0.082823 0.165054 0.163843 0.020362 0.567918
4 4 0.045290 0.127630 0.170206 0.019531 0.637343
4 0 0.044729 0.121027 0.168224 0.022405 0.643615
4 1 0.042842 0.113941 0.162823 0.023250 0.657144
4 4 0.044923 0.128322 0.183488 0.024294 0.618973
4 4 0.049873 0.140373 0.201546 0.029004 0.579204
4 4 0.059915 0.150216 0.209272 0.036151 0.544446
4 4 0.048861 0.162169 0.243856 0.031187 0.513927
4 4 0.044928 0.186269 0.256019 0.018767 0.494016
4 2 0.039849 0.175729 0.241546 0.015237 0.527638
4 2 0.042897 0.171694 0.225814 0.015147 0.544447
4 0 0.036399 0.173873 0.246168 0.014282 0.529277
4 1 0.045729 0.167099 0.210681 0.014914 0.561577
4 4 0.053499 0.171228 0.205991 0.016923 0.552359
4 1 0.065668 0.158250 0.167540 0.016584 0.591958
4 1 0.075791 0.150298 0.146055 0.016600 0.611257
4 0 0.068148 0.154485 0.158941 0.016293 0.602132
4 0 0.069418 0.167430 0.179449 0.018809 0.564893
4 0 0.140897 0.171625 0.142892 0.030653 0.513934
4 0 0.286794 0.153487 0.093710 0.046213 0.419796
0 1 0.513869 0.106899 0.044714 0.056614 0.277904
0 1 0.554257 0.107560 0.043100 0.068453 0.226629
0 2 0.476395 0.130290 0.062104 0.070769 0.260442
4 2 0.235248 0.182792 0.132552 0.052202 0.397206
4 2 0.112854 0.204559 0.206670 0.036638 0.439280
4 2 0.080100 0.226745 0.281001 0.037812 0.374342
4 2 0.082665 0.234978 0.295743 0.042395 0.344219
4 1 0.078711 0.235301 0.302275 0.041472 0.342240
4 0 0.119722 0.225953 0.239533 0.047815 0.366976
4 0 0.235793 0.213126 0.172076 0.074277 0.304729
4 1 0.239824 0.207880 0.171337 0.073314 0.307645
4 1 0.204260 0.214501 0.181770 0.064777 0.334692
4 1 0.255177 0.188866 0.136493 0.060721 0.358744
4 1 0.246911 0.194486 0.144852 0.062484 0.351267
4 4 0.163380 0.216630 0.199174 0.054346 0.366470
4 4 0.080617 0.211118 0.247817 0.031970 0.428478
4 4 0.078060 0.192027 0.214226 0.025788 0.489899
4 2 0.067833 0.181482 0.206265 0.021408 0.523013
4 2 0.066558 0.190261 0.224518 0.023164 0.495499
4 2 0.062218 0.203958 0.258859 0.025766 0.449199
4 2 0.054965 0.217833 0.304530 0.028258 0.394413
2 2 0.045011 0.192175 0.482497 0.053258 0.227059
2 2 0.051051 0.223247 0.366110 0.036762 0.322829
2 2 0.040419 0.222035 0.389511 0.028635 0.319400
2 2 0.034227 0.218626 0.373427 0.023590 0.350130
2 2 0.031969 0.217243 0.380120 0.022637 0.348031
2 1 0.032826 0.218302 0.379169 0.023168 0.346535
2 1 0.037391 0.222095 0.370068 0.025484 0.344962
2 1 0.049546 0.229685 0.349386 0.031278 0.340105
2 2 0.061288 0.227262 0.341662 0.041592 0.328196
2 2 0.047929 0.187390 0.464126 0.063195 0.237360
2 2 0.051569 0.199368 0.443470 0.056142 0.249451
2 2 0.049638 0.216520 0.399092 0.040540 0.294209
4 2 0.043569 0.215474 0.328661 0.024805 0.387491
4 2 0.049734 0.213679 0.306726 0.025721 0.404140
4 2 0.061663 0.217636 0.315669 0.031954 0.373078
4 1 0.074817 0.200719 0.234364 0.027510 0.462590
4 1 0.094083 0.179318 0.178319 0.025375 0.522906
4 0 0.104291 0.173369 0.162404 0.025507 0.534429
4 0 0.138853 0.189558 0.168788 0.036281 0.466520
4 1 0.081645 0.197439 0.220423 0.027956 0.472536
4 2 0.071222 0.201692 0.240859 0.027041 0.459185
4 2 0.050754 0.206848 0.287648 0.024026 0.430724
4 2 0.054653 0.224908 0.329915 0.033129 0.357395
2 2 0.046856 0.216872 0.366972 0.036977 0.332324
2 2 0.049301 0.188635 0.450116 0.064402 0.247547
2 2 0.043254 0.151266 0.538889 0.097164 0.169426
2 2 0.044456 0.133329 0.539212 0.134214 0.148790
2 2 0.043646 0.123463 0.527646 0.159653 0.145592
2 2 0.046810 0.124897 0.502141 0.170376 0.155777
2 2 0.041149 0.121456 0.537741 0.156317 0.143337
2 2 0.047698 0.157311 0.511965 0.099553 0.183473
2 2 0.042982 0.191476 0.495517 0.050474 0.219550
2 0 0.036358 0.215294 0.399165 0.028334 0.320848
4 1 0.032379 0.210504 0.357138 0.020766 0.379213
4 2 0.039195 0.203590 0.324713 0.023974 0.408528
4 2 0.042027 0.190426 0.277056 0.020052 0.470440
4 2 0.046166 0.174310 0.230317 0.017574 0.531633
4 0 0.051316 0.157177 0.182470 0.014289 0.594748
4 0 0.057255 0.154553 0.170186 0.014767 0.603238
4 0 0.066476 0.147320 0.148840 0.014898 0.622466
4 0 0.131486 0.141826 0.108262 0.021527 0.596898
4 0 0.180948 0.122578 0.076727 0.021846 0.597901
4 0 0.192454 0.124756 0.077155 0.023484 0.582151
4 0 0.177232 0.137296 0.092301 0.025386 0.567785
4 0 0.153076 0.151992 0.114221 0.026639 0.554073
4 0 0.137962 0.157734 0.125824 0.026255 0.552226
4 0 0.104183 0.158008 0.140070 0.021845 0.575894
4 0 0.098343 0.160276 0.146437 0.021554 0.573391
4 1 0.097489 0.167582 0.157761 0.023074 0.554094
4 1 0.088709 0.156625 0.146806 0.019483 0.588378
4 1 0.074122 0.148236 0.144126 0.016032 0.617484
4 2 0.074162 0.153940 0.152976 0.017021 0.601901
4 1 0.071484 0.154264 0.155680 0.016714 0.601858
4 4 0.062468 0.160620 0.174925 0.016520 0.585466
4 1 0.052312 0.165378 0.196483 0.015734 0.570092
4 1 0.058227 0.175479 0.207318 0.018510 0.540466
4 2 0.051037 0.171497 0.210386 0.016549 0.550532
4 0 0.047813 0.174339 0.221727 0.016472 0.539649
4 0 0.068204 0.161208 0.170050 0.017473 0.583065
4 0 0.115668 0.177785 0.162681 0.028494 0.515372
0 0 0.664625 0.092678 0.028442 0.109788 0.104467
0 0 0.488338 0.149562 0.070550 0.106043 0.185506
0 0 0.569212 0.117733 0.046332 0.092208 0.174514
0 0 0.461112 0.155687 0.078006 0.100201 0.204994
0 0 0.509965 0.140376 0.063156 0.101333 0.185170
0 0 0.574812 0.123241 0.047600 0.112938 0.141409
0 0 0.509582 0.124605 0.055514 0.075035 0.235265
0 0 0.559467 0.092145 0.035355 0.052499 0.260534
4 0 0.346545 0.133392 0.070775 0.045063 0.404226
0 0 0.406639 0.116333 0.054534 0.044244 0.378250
4 0 0.189714 0.144743 0.097921 0.028995 0.538628
4 0 0.173981 0.147079 0.103556 0.027809 0.547574
4 1 0.155149 0.163124 0.127191 0.030153 0.524383
4 1 0.150580 0.189523 0.163856 0.038460 0.457582
4 1 0.086326 0.210893 0.240890 0.033167 0.428724
4 1 0.071759 0.220849 0.280256 0.033355 0.393781
4 1 0.060923 0.223261 0.304979 0.031601 0.379236
4 1 0.054157 0.225929 0.326806 0.030929 0.362180
4 2 0.060605 0.234412 0.333611 0.036178 0.335194
4 2 0.067145 0.236519 0.325233 0.038940 0.332162
4 1 0.076345 0.238815 0.314363 0.042681 0.327795
4 2 0.086804 0.240662 0.303049 0.046751 0.322734
4 2 0.086729 0.240651 0.303127 0.046723 0.322771
2 2 0.082393 0.238217 0.326727 0.047489 0.305174
2 2 0.064663 0.229079 0.386646 0.044036 0.275576
2 2 0.060125 0.220630 0.432668 0.046086 0.240490
2 2 0.049464 0.205322 0.499015 0.044970 0.201230
2 2 0.058748 0.208496 0.485188 0.051454 0.196115
2 2 0.056151 0.196898 0.526660 0.054832 0.165459
2 2 0.052140 0.181720 0.573649 0.058125 0.134365
2 2 0.052189 0.164946 0.575051 0.078181 0.129632
2 2 0.036554 0.122960 0.645976 0.101552 0.092958
2 2 0.032912 0.107646 0.638634 0.130073 0.090735
2 2 0.034154 0.103834 0.627894 0.146105 0.088013
2 2 0.034560 0.100698 0.628692 0.153506 0.082544
2 2 0.039863 0.107628 0.630383 0.143742 0.078384
2 2 0.033539 0.093991 0.672734 0.140430 0.059306
2 2 0.028534 0.089597 0.701755 0.125522 0.054592
2 2 0.023745 0.085035 0.722101 0.115698 0.053421
2 2 0.029224 0.088395 0.647148 0.163844 0.071389
2 2 0.031976 0.080719 0.555693 0.246208 0.085405
2 2 0.029406 0.064631 0.427255 0.375022 0.103687
3 2 0.013606 0.032816 0.374934 0.515944 0.062700
3 2 0.013408 0.031907 0.351333 0.536553 0.066798
3 2 0.012177 0.026630 0.320921 0.585289 0.054983
3 2 0.013732 0.020539 0.206386 0.720306 0.039037
3 1 0.019137 0.024712 0.185433 0.735922 0.034797
3 2 0.015779 0.015685 0.101808 0.847771 0.018958
3 2 0.011482 0.010230 0.075676 0.891389 0.011222
3 2 0.008814 0.006474 0.039932 0.936045 0.008735
3 2 0.005628 0.003724 0.022358 0.962671 0.005619
3 0 0.009330 0.003987 0.012529 0.966888 0.007266
3 0 0.035045 0.015794 0.037927 0.892537 0.018696
3 0 0.032010 0.025951 0.126094 0.799518 0.016427
3 1 0.091560 0.093871 0.379184 0.393382 0.042003
2 2 0.149881 0.150780 0.392971 0.230314 0.076054
0 1 0.304252 0.198232 0.186961 0.115913 0.194642
4 2 0.304146 0.183060 0.123249 0.069977 0.319569
4 4 0.107335 0.189498 0.198408 0.038399 0.466360
4 2 0.054676 0.156035 0.215347 0.029057 0.544885
4 2 0.069395 0.214599 0.270269 0.030585 0.415151
4 2 0.059668 0.218433 0.295995 0.029582 0.396321
4 2 0.073194 0.221715 0.279966 0.034033 0.391092
4 2 0.064514 0.225183 0.302557 0.033226 0.374521
4 1 0.079630 0.223284 0.274167 0.036239 0.386681
4 1 0.097928 0.218475 0.243729 0.038737 0.401132
4 1 0.128032 0.212834 0.210836 0.043443 0.404855
4 0 0.196281 0.201649 0.165638 0.054008 0.382423
4 0 0.324976 0.169477 0.106376 0.064582 0.334589
0 0 0.475566 0.130538 0.062336 0.070788 0.260772
0 0 0.549657 0.119691 0.049144 0.084736 0.196771
0 0 0.618984 0.098887 0.034545 0.082643 0.164941
0 0 0.571368 0.122167 0.047745 0.105352 0.153369
0 0 0.542888 0.125998 0.052650 0.092813 0.185651
0 0 0.391490 0.177972 0.103933 0.098583 0.228021
0 0 0.295432 0.206096 0.202956 0.141727 0.153789
0 0 0.270641 0.179116 0.176046 0.240437 0.133761
3 1 0.165085 0.114273 0.149583 0.393875 0.177185
3 1 0.075605 0.060827 0.142260 0.602098 0.119210
3 0 0.106252 0.078573 0.169841 0.539602 0.105732
3 0 0.081634 0.085398 0.312114 0.455423 0.065430
2 0 0.116913 0.122648 0.375901 0.309790 0.074749
2 0 0.141158 0.171998 0.382797 0.170630 0.133416
2 0 0.107474 0.224685 0.374936 0.074324 0.218580
2 0 0.079832 0.234628 0.354848 0.049691 0.281001
2 0 0.067542 0.228755 0.378694 0.046311 0.278697
2 0 0.052340 0.192793 0.379819 0.064395 0.310651
2 0 0.058282 0.130144 0.413569 0.199417 0.198589
3 0 0.041715 0.064714 0.339426 0.447632 0.106513
3 0 0.023087 0.031055 0.234144 0.660302 0.051412
3 0 0.008299 0.011856 0.173237 0.788470 0.018137
3 0 0.005323 0.007606 0.127712 0.848057 0.011302
3 0 0.003055 0.004367 0.093693 0.893111 0.005773
3 2 0.002574 0.003478 0.065751 0.924217 0.003979
3 1 0.003060 0.004130 0.085013 0.903675 0.004122
3 2 0.010390 0.013090 0.180092 0.786474 0.009953
3 0 0.025211 0.031664 0.387813 0.535114 0.020198
2 0 0.069330 0.097448 0.553440 0.228724 0.051057
2 1 0.080561 0.205993 0.477249 0.069830 0.166367
4 1 0.074868 0.235177 0.308062 0.040358 0.341535
4 0 0.080741 0.222032 0.270028 0.036008 0.391192
4 1 0.103643 0.204983 0.214138 0.034845 0.442392
4 1 0.103553 0.206169 0.216287 0.035251 0.438741
4 2 0.094121 0.198156 0.209955 0.030635 0.467132
4 0 0.121716 0.194429 0.184701 0.034778 0.464377
4 1 0.134789 0.185192 0.164255 0.034015 0.481748
4 1 0.133632 0.186509 0.166689 0.034257 0.478913
4 1 0.111675 0.199826 0.199555 0.034684 0.454259
4 1 0.119044 0.207790 0.207986 0.039229 0.425951
4 1 0.137419 0.194233 0.176347 0.037742 0.454259
4 1 0.148723 0.181343 0.153155 0.035113 0.481667
4 2 0.131795 0.183106 0.162587 0.032801 0.489711
4 2 0.111915 0.201490 0.202159 0.035321 0.449115
4 2 0.102285 0.208099 0.220723 0.035680 0.433213
4 2 0.077118 0.222653 0.276279 0.035363 0.388586
4 2 0.073477 0.237175 0.315208 0.041002 0.333138
4 2 0.086687 0.240645 0.303170 0.046707 0.322791
2 2 0.087836 0.239373 0.317784 0.049289 0.305718
2 2 0.075005 0.229705 0.385699 0.050716 0.258874
2 0 0.072052 0.223303 0.419160 0.053177 0.232307
4 0 0.093731 0.232246 0.275774 0.044033 0.354216
4 1 0.082371 0.237858 0.302782 0.043853 0.333136
4 1 0.079764 0.239500 0.310555 0.044031 0.326150
4 1 0.072343 0.237903 0.318974 0.041073 0.329707
4 2 0.074815 0.238481 0.316106 0.042069 0.328529
4 2 0.060112 0.234235 0.334267 0.035966 0.335419
4 2 0.057337 0.229190 0.327571 0.033028 0.352874
4 2 0.058850 0.224011 0.311127 0.031368 0.374643
4 1 0.058218 0.211935 0.283732 0.027167 0.418948
4 1 0.068077 0.208911 0.260133 0.028474 0.434405
4 1 0.073071 0.202508 0.240070 0.027658 0.456692
4 1 0.078733 0.213500 0.254929 0.032358 0.420479
4 2 0.053440 0.214392 0.299610 0.026805 0.405752
4 2 0.050759 0.223991 0.330511 0.029365 0.365373
2 1 0.052407 0.227532 0.345259 0.034554 0.340248
2 2 0.056187 0.211715 0.379449 0.050305 0.302345
2 2 0.056662 0.196163 0.417857 0.066164 0.263154
2 2 0.063555 0.215178 0.375359 0.054151 0.291756
2 2 0.056350 0.198277 0.425620 0.063264 0.256490
2 2 0.050731 0.176205 0.478911 0.079698 0.214456
2 2 0.048828 0.174086 0.487371 0.079005 0.210711
2 2 0.050926 0.175286 0.496502 0.079022 0.198266
2 2 0.057816 0.188614 0.485296 0.071298 0.196975
2 2 0.068657 0.208437 0.456959 0.062021 0.203925
2 2 0.056295 0.200899 0.472508 0.057645 0.212653
2 2 0.043516 0.203458 0.477197 0.040205 0.235624
2 1 0.044206 0.208194 0.423238 0.034818 0.289545
4 0 0.042620 0.210146 0.317440 0.023054 0.406741
4 2 0.047103 0.206380 0.295345 0.023080 0.428093
4 2 0.055167 0.203611 0.270798 0.024147 0.446277
4 2 0.057717 0.210387 0.300356 0.033613 0.397927
4 1 0.045956 0.212592 0.343072 0.033709 0.364672
2 2 0.035875 0.200740 0.373859 0.035539 0.353987
2 2 0.038227 0.208810 0.369287 0.033129 0.350547
2 2 0.039988 0.214123 0.365022 0.031529 0.349338
4 1 0.040111 0.207325 0.325542 0.023630 0.403391
4 1 0.035341 0.187774 0.318426 0.024833 0.433626
4 1 0.036252 0.179891 0.303211 0.025720 0.454926
4 2 0.038741 0.182296 0.311035 0.030363 0.437565
4 2 0.043574 0.184112 0.282105 0.025920 0.464289
4 2 0.045154 0.183913 0.274856 0.025415 0.470662
4 2 0.040009 0.179090 0.296110 0.028988 0.455804
4 1 0.038124 0.194651 0.329831 0.028416 0.408979
4 1 0.050443 0.212890 0.303007 0.025653 0.408007
4 1 0.051965 0.202530 0.274888 0.023172 0.447445
4 1 0.058448 0.187641 0.230961 0.021021 0.501929
4 2 0.059382 0.177839 0.220494 0.022560 0.519725
4 2 0.047343 0.186368 0.261316 0.022188 0.482785
4 1 0.055488 0.177247 0.236723 0.025655 0.504886
4 1 0.046418 0.156604 0.225241 0.024552 0.547185
4 2 0.043692 0.148847 0.229185 0.028145 0.550131
4 2 0.041250 0.159011 0.260010 0.030455 0.509274
4 2 0.041471 0.177668 0.278043 0.025633 0.477185
4 2 0.042166 0.191422 0.277717 0.019955 0.468741
4 1 0.050299 0.194275 0.259700 0.020860 0.474866
4 0 0.053961 0.200516 0.266236 0.023099 0.456189
4 0 0.059123 0.203895 0.264028 0.025081 0.447873
4 1 0.056113 0.189017 0.237560 0.020870 0.496440
4 1 0.069091 0.171532 0.186918 0.019557 0.552903
4 0 0.065543 0.167534 0.183681 0.018223 0.565019
4 1 0.053503 0.216925 0.305650 0.027615 0.396307
4 0 0.048521 0.218044 0.335395 0.031371 0.366670
2 0 0.050032 0.222516 0.348978 0.035684 0.342790
2 0 0.052936 0.231315 0.344300 0.032814 0.338635
4 1 0.051340 0.219280 0.316785 0.027866 0.384729
4 2 0.042213 0.210586 0.319863 0.023080 0.404258
4 2 0.048506 0.210913 0.302951 0.024632 0.412998
4 2 0.069151 0.224995 0.293819 0.034312 0.377723
4 1 0.080698 0.214767 0.255050 0.033254 0.416231
4 0 0.083998 0.205517 0.233085 0.030869 0.446531
4 0 0.077124 0.194081 0.219040 0.026149 0.483605
4 1 0.077900 0.200026 0.229382 0.027942 0.464750
4 1 0.100310 0.193362 0.196810 0.030362 0.479156
4 1 0.101516 0.170915 0.160348 0.024470 0.542751
4 1 0.096214 0.158495 0.145054 0.020880 0.579358
4 1 0.115461 0.147710 0.121130 0.020998 0.594701
4 1 0.128471 0.161281 0.133824 0.025917 0.550508
4 0 0.133643 0.170291 0.143870 0.029150 0.523045
4 1 0.140425 0.177818 0.151484 0.032531 0.497742
4 1 0.133115 0.186463 0.166860 0.034150 0.479412
4 0 0.115629 0.207637 0.209990 0.038417 0.428326
4 0 0.123741 0.206461 0.202829 0.039720 0.427250
4 1 0.090971 0.204996 0.225073 0.032176 0.446784
4 1 0.101001 0.200011 0.207576 0.032599 0.458813
4 1 0.091989 0.204687 0.223550 0.032288 0.447487
4 1 0.075438 0.208540 0.249090 0.029981 0.436951
4 2 0.058044 0.210438 0.280643 0.026681 0.424194
4 1 0.060829 0.217855 0.292356 0.029664 0.399295
4 1 0.067611 0.231445 0.311781 0.036647 0.352516
4 0 0.059384 0.233638 0.334377 0.035499 0.337103
4 0 0.071640 0.232349 0.306758 0.038121 0.351132
4 1 0.082130 0.220363 0.264750 0.035685 0.397072
4 1 0.087190 0.201979 0.223179 0.030422 0.457231
4 1 0.098712 0.187794 0.188752 0.028437 0.496305
4 0 0.097579 0.161226 0.148260 0.021656 0.571279
4 0 0.089549 0.143870 0.127892 0.017162 0.621527
4 0 0.131667 0.128781 0.093027 0.018689 0.627837
4 0 0.148883 0.130474 0.090752 0.020736 0.609155
4 0 0.121125 0.127821 0.094838 0.017482 0.638735
4 0 0.165992 0.121664 0.078223 0.020276 0.613844
4 0 0.230262 0.110161 0.059713 0.022728 0.577136
4 0 0.380913 0.096474 0.041356 0.030731 0.450527
4 1 0.271236 0.111255 0.057378 0.026566 0.533564
4 0 0.269475 0.108548 0.055339 0.025506 0.541131
4 1 0.345704 0.114411 0.055543 0.035297 0.449046
4 1 0.211504 0.152738 0.102685 0.034485 0.498588
4 1 0.183778 0.164514 0.121388 0.034778 0.495542
4 1 0.135234 0.179245 0.155584 0.032135 0.497803
4 0 0.126042 0.175090 0.153733 0.029378 0.515756
4 0 0.132775 0.185203 0.165179 0.033664 0.483180
4 1 0.131541 0.193192 0.177611 0.036221 0.461436
4 1 0.152192 0.193916 0.169502 0.040522 0.443868
4 0 0.224482 0.180532 0.131840 0.048725 0.414421
4 1 0.198139 0.186442 0.144905 0.046365 0.424149
4 1 0.223920 0.178218 0.129186 0.047432 0.421244
4 1 0.153723 0.172452 0.139521 0.032906 0.501397
4 1 0.117547 0.150266 0.123628 0.021819 0.586740
4 1 0.101029 0.140446 0.117638 0.017844 0.623044
4 1 0.085170 0.131461 0.113152 0.014548 0.655668
4 1 0.077626 0.127779 0.112139 0.013195 0.669262
4 1 0.086896 0.190803 0.203393 0.027119 0.491789
4 0 0.091552 0.181613 0.183936 0.025531 0.517367
4 1 0.077312 0.186257 0.204528 0.024196 0.507707
4 1 0.080776 0.191622 0.210675 0.026195 0.490733
4 1 0.065670 0.209520 0.265177 0.028124 0.431510
4 2 0.070501 0.220127 0.280629 0.032783 0.395960
4 2 0.099153 0.226371 0.257957 0.042565 0.373954
4 2 0.092366 0.212603 0.237929 0.035136 0.421967
4 2 0.088467 0.182506 0.187854 0.025231 0.515942
4 0 0.088804 0.171817 0.170144 0.022730 0.546505
4 0 0.092369 0.162758 0.153679 0.021258 0.569937
4 1 0.104692 0.154358 0.134722 0.021111 0.585116
4 1 0.112009 0.143210 0.116683 0.019635 0.608463
4 1 0.112436 0.146490 0.120749 0.020376 0.599949
4 0 0.092364 0.166581 0.159492 0.022092 0.559471
4 1 0.075665 0.209944 0.251638 0.030479 0.432273
4 1 0.070342 0.223045 0.287401 0.033844 0.385368
4 1 0.079919 0.226837 0.281452 0.037805 0.373987
4 1 0.063517 0.225204 0.304514 0.032985 0.373780
4 1 0.063083 0.235263 0.330365 0.037235 0.334054
4 0 0.125884 0.242546 0.269050 0.060920 0.301601
4 0 0.128227 0.242630 0.265501 0.061372 0.302271
4 0 0.158899 0.219734 0.206113 0.054997 0.360257
4 0 0.145700 0.224183 0.220030 0.054001 0.356085
4 0 0.153094 0.216117 0.202921 0.051309 0.376560
4 0 0.244971 0.188674 0.137960 0.058011 0.370384
4 0 0.238521 0.163877 0.110411 0.043172 0.444019
4 0 0.236765 0.163389 0.110146 0.042653 0.447047
4 0 0.241261 0.167086 0.113507 0.045166 0.432981
4 0 0.264393 0.168468 0.111748 0.050190 0.405201
4 0 0.344064 0.132043 0.069665 0.043932 0.410296
0 0 0.470189 0.089644 0.034908 0.036486 0.368772
4 0 0.337138 0.099524 0.045010 0.028060 0.490268
4 0 0.359533 0.103043 0.046605 0.031614 0.459204
4 0 0.332843 0.100857 0.046132 0.028210 0.491957
4 0 0.326308 0.112980 0.055410 0.032540 0.472763
4 0 0.352265 0.118144 0.058103 0.037860 0.433628
0 0 0.438727 0.114923 0.052529 0.048438 0.345383
0 0 0.537443 0.107460 0.044324 0.063202 0.247571
0 0 0.494855 0.129332 0.059548 0.075794 0.240472
0 0 0.435711 0.148557 0.077990 0.078146 0.259596
0 0 0.383771 0.160670 0.092453 0.073745 0.289363
4 0 0.289757 0.183770 0.125668 0.066313 0.334492
4 0 0.284523 0.184378 0.127008 0.065316 0.338775
4 0 0.286909 0.184468 0.126820 0.066059 0.335744
0 0 0.367582 0.161165 0.094935 0.069350 0.306968
4 0 0.184383 0.202162 0.169881 0.051413 0.392161
4 0 0.171009 0.219775 0.201042 0.058489 0.349686
4 0 0.108169 0.226463 0.276301 0.048947 0.340119
2 0 0.108598 0.220157 0.393305 0.074134 0.203807
2 0 0.104337 0.221562 0.402041 0.074394 0.197665
2 0 0.118221 0.155609 0.451493 0.171253 0.103425
2 0 0.106960 0.114786 0.375615 0.325963 0.076677
3 0 0.032858 0.039298 0.383237 0.522046 0.022561
3 0 0.023691 0.029274 0.364673 0.565198 0.017164
3 0 0.010613 0.013993 0.265109 0.700684 0.009601
3 0 0.004183 0.005730 0.125862 0.858849 0.005376
3 0 0.004089 0.005415 0.066522 0.916197 0.007778
3 0 0.002357 0.002369 0.026762 0.963858 0.004655
3 0 0.000902 0.001141 0.022098 0.973714 0.002144
3 0 0.210918 0.070516 0.059931 0.569865 0.088770
3 0 0.056431 0.011261 0.010981 0.908281 0.013046
3 0 0.086181 0.033992 0.053072 0.794939 0.031816
3 0 0.209528 0.110859 0.149000 0.459408 0.071204
0 0 0.350559 0.195001 0.154081 0.137166 0.163193
0 0 0.384285 0.167432 0.097631 0.081175 0.269476
4 0 0.260047 0.158777 0.102038 0.044369 0.434769
4 0 0.227163 0.129310 0.077034 0.028291 0.538201
4 0 0.221338 0.101787 0.053556 0.019741 0.603579
4 0 0.208370 0.107305 0.059355 0.020218 0.604752
4 0 0.245337 0.104555 0.053884 0.022299 0.573926
4 0 0.170279 0.115417 0.071408 0.019183 0.623714
4 0 0.189787 0.111030 0.064679 0.019712 0.614793
4 0 0.139809 0.121143 0.082722 0.017847 0.638479
4 0 0.124504 0.120453 0.085581 0.016364 0.653097
4 0 0.104520 0.124634 0.096350 0.015317 0.659179
4 0 0.118366 0.123990 0.091224 0.016485 0.649936
4 1 0.379635 0.117018 0.056043 0.040811 0.406494
0 1 0.486002 0.115605 0.052009 0.058412 0.287972
0 0 0.486263 0.120077 0.055340 0.062820 0.275500
0 0 0.478087 0.123372 0.057999 0.063970 0.276571
0 0 0.461140 0.131317 0.064410 0.067366 0.275767
4 4 0.273523 0.194167 0.140246 0.070064 0.322000
4 4 0.236805 0.194068 0.146176 0.059499 0.363452
4 4 0.136640 0.178689 0.173942 0.048737 0.461992
4 4 0.156106 0.170221 0.159707 0.056776 0.457190
4 4 0.249837 0.186868 0.141231 0.068251 0.353813
4 4 0.198687 0.195720 0.156907 0.051237 0.397449
4 4 0.148440 0.180184 0.154199 0.036679 0.480497
4 4 0.124858 0.156326 0.132989 0.027003 0.558824
4 4 0.098036 0.134162 0.110738 0.016358 0.640707
4 4 0.061582 0.113578 0.102031 0.009732 0.713077
4 4 0.057804 0.106863 0.095129 0.008623 0.731580
4 4 0.069440 0.116907 0.101896 0.010878 0.700879
4 4 0.078842 0.126901 0.110282 0.013188 0.670788
4 4 0.076235 0.128670 0.114151 0.013184 0.667760
4 4 0.084684 0.130456 0.112046 0.014336 0.658478
4 4 0.078825 0.129710 0.114127 0.013610 0.663727
4 4 0.074657 0.127947 0.114060 0.012914 0.670423
4 4 0.056830 0.116594 0.111451 0.010179 0.704947
4 4 0.049870 0.112211 0.114616 0.010115 0.713188
4 4 0.057475 0.121726 0.121637 0.011826 0.687337
4 0 0.060202 0.136263 0.136766 0.012487 0.654282
4 4 0.068047 0.135496 0.129293 0.013295 0.653868
4 4 0.058699 0.134689 0.135615 0.012094 0.658904
4 4 0.060032 0.131958 0.130191 0.011884 0.665935
4 4 0.054116 0.147293 0.161173 0.013249 0.624169
4 4 0.052091 0.133850 0.140668 0.011195 0.662195
4 4 0.050681 0.116831 0.119651 0.010333 0.702504
4 4 0.038293 0.104025 0.117600 0.008968 0.731114
4 2 0.039470 0.123562 0.154316 0.012285 0.670367
4 4 0.043724 0.151423 0.183101 0.012324 0.609428
4 4 0.040752 0.161481 0.208695 0.013230 0.575842
4 4 0.052188 0.173058 0.211626 0.017020 0.546107
4 4 0.057545 0.188540 0.234222 0.021044 0.498649
4 2 0.073695 0.210785 0.255984 0.030312 0.429223
4 2 0.062071 0.223059 0.302208 0.031808 0.380853
4 2 0.064716 0.222064 0.294851 0.032089 0.386279
4 1 0.057084 0.217174 0.298821 0.028720 0.398202
4 2 0.055491 0.206150 0.285512 0.028085 0.424763
4 2 0.043922 0.217637 0.333397 0.025557 0.379487
4 1 0.047024 0.219941 0.330207 0.027046 0.375782
4 1 0.042584 0.188638 0.328053 0.038700 0.402023
4 1 0.037827 0.149505 0.331343 0.077537 0.403789
4 2 0.032476 0.137883 0.326704 0.074772 0.428165
4 2 0.033604 0.146043 0.324697 0.062534 0.433121
4 2 0.041326 0.165482 0.304606 0.045896 0.442690
4 2 0.046749 0.183339 0.295730 0.035531 0.438651
4 2 0.057324 0.201666 0.278036 0.029531 0.433443
4 2 0.067098 0.211652 0.267496 0.029104 0.424650
4 1 0.075020 0.218669 0.270686 0.033332 0.402294
4 2 0.102913 0.214895 0.232511 0.038446 0.411234
4 2 0.102952 0.212503 0.228101 0.037501 0.418943
4 2 0.152763 0.214168 0.199950 0.050153 0.382966
4 2 0.122169 0.214282 0.216992 0.042711 0.403845
4 0 0.106071 0.200356 0.204351 0.033736 0.455486
4 0 0.100381 0.191484 0.193629 0.029812 0.484695
4 1 0.093672 0.168468 0.161530 0.022710 0.553620
4 1 0.074704 0.151564 0.148831 0.016677 0.608224
4 1 0.047488 0.131871 0.142462 0.010394 0.667785
4 4 0.049406 0.140241 0.154543 0.011666 0.644143
4 1 0.059822 0.154965 0.168013 0.015201 0.601999
4 1 0.069550 0.163675 0.172914 0.018123 0.575738
4 2 0.078958 0.152267 0.146771 0.017361 0.604643
4 4 0.089179 0.135214 0.117024 0.015971 0.642612
4 4 0.050417 0.111294 0.106814 0.008425 0.723050
4 4 0.045625 0.102880 0.098301 0.007143 0.746051
4 4 0.045647 0.099795 0.093765 0.006857 0.753935
4 4 0.049263 0.109644 0.105308 0.008144 0.727641
4 4 0.069743 0.130845 0.121253 0.012811 0.665348
4 4 0.070007 0.146867 0.145186 0.015280 0.622659
4 4 0.099391 0.158517 0.143313 0.021314 0.577465
4 4 0.074760 0.163895 0.168515 0.018941 0.573890
4 4 0.066505 0.170613 0.188073 0.018960 0.555850
4 4 0.075738 0.159920 0.161226 0.018327 0.584789
4 4 0.080815 0.150289 0.142488 0.017247 0.609161
4 0 0.148365 0.147334 0.109977 0.024814 0.569509
4 0 0.165264 0.161128 0.121918 0.030958 0.520732
4 1 0.175139 0.167098 0.126589 0.034389 0.496785
4 0 0.206924 0.168944 0.121604 0.040130 0.462398
4 1 0.213091 0.161828 0.113111 0.039106 0.472865
4 1 0.199900 0.149735 0.103368 0.033969 0.513028
4 1 0.150138 0.139865 0.107089 0.028241 0.574667
4 2 0.086675 0.147001 0.153556 0.027530 0.585238
4 2 0.074728 0.175266 0.213128 0.032807 0.504072
4 4 0.065572 0.194272 0.246085 0.028613 0.465458
4 4 0.055428 0.204105 0.271397 0.024334 0.444735
4 4 0.054810 0.212648 0.292397 0.026595 0.413549
2 2 0.036843 0.221229 0.369754 0.025058 0.347117
2 2 0.044671 0.226818 0.356624 0.028940 0.342948
4 2 0.058432 0.228077 0.322206 0.032848 0.358438
4 2 0.066690 0.227026 0.302888 0.034512 0.368883
4 2 0.056570 0.222974 0.318634 0.032226 0.369596
4 2 0.043762 0.212619 0.352150 0.033736 0.357733
2 2 0.043683 0.215095 0.359385 0.034700 0.347138
2 2 0.047852 0.209892 0.378243 0.043165 0.320848
2 2 0.054530 0.210520 0.359469 0.048968 0.326514
2 2 0.052397 0.188153 0.403898 0.070329 0.285224
2 2 0.052948 0.171136 0.421884 0.095075 0.258957
2 2 0.050780 0.158936 0.429156 0.112666 0.248461
3 2 0.013816 0.027724 0.313636 0.590256 0.054568
3 2 0.014573 0.031922 0.361447 0.534559 0.057500
3 2 0.016738 0.037819 0.374178 0.500668 0.070598
3 2 0.019438 0.044144 0.399965 0.459556 0.076897
3 2 0.020962 0.046254 0.388044 0.461194 0.083546
3 2 0.021205 0.045540 0.375735 0.473316 0.084204
3 2 0.021242 0.045401 0.362670 0.481795 0.088891
3 3 0.015069 0.031777 0.334851 0.555717 0.062586
3 3 0.011866 0.023564 0.283327 0.630457 0.050786
3 3 0.010906 0.021553 0.270975 0.649059 0.047507
3 3 0.007806 0.013940 0.190987 0.754685 0.032581
3 3 0.008618 0.013096 0.150305 0.796705 0.031276
3 3 0.006886 0.010077 0.116109 0.843068 0.023859
3 3 0.011502 0.016227 0.152331 0.786004 0.033936
3 3 0.031894 0.041820 0.264380 0.596433 0.065473
2 3 0.055821 0.101439 0.473756 0.262698 0.106285
2 3 0.090865 0.209162 0.430490 0.078820 0.190663
2 0 0.067844 0.233345 0.354147 0.042303 0.302362
4 1 0.115080 0.224400 0.240171 0.045767 0.374581
4 1 0.285634 0.185560 0.128253 0.066567 0.333986
0 0 0.390924 0.151438 0.084417 0.067081 0.306139
4 0 0.345668 0.152434 0.087859 0.056805 0.357233
4 0 0.336085 0.148761 0.085074 0.052398 0.377682
4 0 0.278013 0.157250 0.098380 0.046670 0.419688
0 0 0.377698 0.141249 0.075865 0.055635 0.349553
4 0 0.289582 0.151350 0.091349 0.045569 0.422151
0 0 0.360526 0.145651 0.080204 0.055165 0.358453
4 0 0.329518 0.158327 0.094688 0.057388 0.360079
4 0 0.310148 0.170508 0.108791 0.061557 0.348997
4 0 0.298479 0.183347 0.124186 0.068508 0.325480
4 0 0.308108 0.184831 0.124495 0.072779 0.309787
0 0 0.416725 0.161498 0.088919 0.086885 0.245972
0 0 0.502591 0.141201 0.064578 0.098122 0.193508
0 0 0.535827 0.128587 0.054598 0.093680 0.187309
0 0 0.562278 0.122605 0.049021 0.098613 0.167483
0 0 0.460704 0.152700 0.076536 0.094696 0.215365
0 0 0.321275 0.191311 0.130842 0.084579 0.271994
0 0 0.263499 0.215194 0.170079 0.088318 0.262910
2 1 0.219826 0.223608 0.245612 0.104154 0.206801
4 1 0.252991 0.219732 0.178528 0.089122 0.259627
4 1 0.197513 0.234890 0.216502 0.081472 0.269623
4 1 0.150105 0.237340 0.241129 0.064767 0.306658
4 1 0.177339 0.236160 0.226046 0.074070 0.286386
4 1 0.202734 0.221710 0.193152 0.070161 0.312242
0 1 0.379249 0.164911 0.098093 0.076917 0.280830
0 0 0.374629 0.166911 0.100377 0.077466 0.280618
0 0 0.346307 0.179228 0.115317 0.080692 0.278457
2 0 0.219106 0.218225 0.265036 0.112002 0.185630
0 1 0.240011 0.217167 0.227817 0.104909 0.210097
4 1 0.249887 0.220969 0.181019 0.089236 0.258888
4 0 0.175711 0.226755 0.210519 0.065038 0.321977
4 0 0.184456 0.210582 0.182034 0.056344 0.366584
4 0 0.106780 0.184729 0.178378 0.028984 0.501130
4 1 0.108312 0.180451 0.170800 0.028035 0.512402
4 1 0.133407 0.178112 0.154767 0.031476 0.502239
4 1 0.142156 0.193836 0.173603 0.038514 0.451891
4 1 0.150191 0.197570 0.175648 0.041640 0.434952
0 1 0.473726 0.140076 0.067872 0.081820 0.236506
0 1 0.574693 0.123020 0.047556 0.111941 0.142790
0 1 0.474571 0.164705 0.078693 0.139801 0.142230
0 0 0.442127 0.162937 0.112917 0.163277 0.118743
0 1 0.592078 0.116262 0.047709 0.158290 0.085660
0 0 0.528969 0.137586 0.067940 0.175452 0.090053
0 0 0.460065 0.156728 0.100342 0.191492 0.091373
0 4 0.410561 0.174549 0.127237 0.159527 0.128127
0 4 0.341697 0.191282 0.170304 0.139338 0.157379
0 4 0.382885 0.183580 0.137834 0.140034 0.155667
0 4 0.330626 0.190089 0.181350 0.133603 0.164333
0 4 0.344366 0.177888 0.113949 0.078456 0.285340
0 4 0.355321 0.173928 0.151550 0.102174 0.217026
0 0 0.537760 0.132747 0.066388 0.127069 0.136036
0 0 0.532272 0.133048 0.071317 0.173193 0.090170
0 1 0.536370 0.131713 0.065427 0.188917 0.077572
0 0 0.636005 0.099932 0.030147 0.175900 0.058016
0 4 0.601397 0.107611 0.038293 0.197980 0.054719
0 1 0.689897 0.066383 0.014306 0.203730 0.025684
0 1 0.711520 0.068173 0.015349 0.168915 0.036043
0 1 0.698581 0.065802 0.014179 0.193981 0.027456
0 0 0.703307 0.066976 0.014708 0.184457 0.030553
0 1 0.678535 0.074842 0.017626 0.196590 0.032407
0 1 0.675076 0.082665 0.021221 0.176865 0.044173
0 1 0.654434 0.095570 0.027842 0.158066 0.064087
0 0 0.517175 0.144077 0.071488 0.147423 0.119836
0 1 0.492650 0.152138 0.073586 0.121569 0.160057
0 1 0.388506 0.171257 0.100430 0.087672 0.252136
0 1 0.347066 0.185394 0.133799 0.096505 0.237237
4 0 0.227532 0.212458 0.220140 0.087777 0.252094
2 0 0.215049 0.206026 0.283108 0.107291 0.188525
2 1 0.159698 0.201995 0.374686 0.104990 0.158632
2 1 0.197926 0.181765 0.368608 0.145228 0.106473
2 0 0.166758 0.169176 0.429684 0.152340 0.082043
2 0 0.179956 0.213430 0.331739 0.112272 0.162602
4 1 0.163116 0.238060 0.257268 0.076889 0.264668
4 1 0.133077 0.219234 0.218677 0.047801 0.381211
4 4 0.221589 0.176480 0.127571 0.046123 0.428237
4 0 0.111667 0.130917 0.101483 0.017155 0.638779
4 0 0.096918 0.113749 0.086010 0.012846 0.690478
4 1 0.065215 0.111759 0.097336 0.009844 0.715846
4 0 0.061625 0.137024 0.136725 0.012762 0.651864
4 0 0.050615 0.159938 0.188641 0.014601 0.586205
4 0 0.062628 0.181466 0.212777 0.020479 0.522649
4 0 0.065258 0.199517 0.244810 0.025215 0.465200
4 0 0.069518 0.210964 0.262314 0.029433 0.427772
4 0 0.194048 0.212827 0.182299 0.060490 0.350336
0 0 0.301855 0.198631 0.142418 0.085173 0.271922
0 0 0.346728 0.179044 0.115082 0.080646 0.278500
0 0 0.379504 0.164801 0.097968 0.076886 0.280840
0 0 0.338914 0.182455 0.119499 0.081490 0.277643
0 0 0.383739 0.161342 0.094279 0.074623 0.286017
0 0 0.456779 0.130968 0.064451 0.065789 0.282013
4 0 0.275695 0.149493 0.090928 0.042417 0.441467
4 0 0.282972 0.151061 0.091716 0.044335 0.429916
4 0 0.288613 0.148962 0.089135 0.044190 0.429101
4 0 0.329526 0.142333 0.079656 0.047350 0.401135
4 0 0.328169 0.141791 0.079263 0.046817 0.403960
4 0 0.323023 0.143468 0.081143 0.046899 0.405467
4 0 0.324905 0.150919 0.087908 0.051603 0.384665
4 0 0.329786 0.158112 0.094183 0.057276 0.360643
0 0 0.346796 0.157441 0.092575 0.060715 0.342473
4 0 0.328088 0.161076 0.097522 0.059004 0.354310
0 0 0.463419 0.120883 0.056370 0.057973 0.301354
0 0 0.457643 0.133900 0.065913 0.068968 0.273575
0 0 0.448697 0.140975 0.071649 0.073891 0.264789
0 0 0.385001 0.163113 0.095770 0.076941 0.279175
0 0 0.338883 0.182468 0.119516 0.081493 0.277639
0 0 0.301854 0.198631 0.142419 0.085173 0.271922
0 0 0.298785 0.199967 0.144475 0.085452 0.271321
0 0 0.269380 0.211432 0.163756 0.086289 0.269143
4 0 0.121147 0.237239 0.260081 0.055020 0.326513
4 0 0.112463 0.236439 0.265719 0.051820 0.333559
4 0 0.096652 0.231504 0.284451 0.053066 0.334327
4 0 0.076844 0.222760 0.313087 0.055263 0.332045
2 0 0.071898 0.228272 0.339046 0.048729 0.312055
2 0 0.067340 0.220655 0.393662 0.052656 0.265687
2 0 0.060562 0.221977 0.379470 0.046031 0.291960
2 0 0.051163 0.184229 0.514695 0.065410 0.184503
2 1 0.055921 0.153934 0.559425 0.103241 0.127479
2 1 0.092166 0.152457 0.473595 0.161863 0.119918
2 1 0.167740 0.196111 0.348115 0.135525 0.152509
2 1 0.133781 0.199871 0.402345 0.113053 0.150949
2 1 0.144589 0.184066 0.396985 0.141759 0.132601
2 1 0.074264 0.127764 0.506682 0.191603 0.099686
2 1 0.065049 0.094996 0.462011 0.295427 0.082517
2 1 0.082860 0.137480 0.467358 0.192140 0.120162
2 1 0.079215 0.160379 0.538563 0.115690 0.106153
2 1 0.056250 0.153866 0.624603 0.078963 0.086318
2 1 0.060227 0.151439 0.628429 0.082381 0.077524
2 1 0.053423 0.152122 0.638637 0.073935 0.081883
2 0 0.089123 0.214751 0.440914 0.070188 0.185025
4 0 0.113178 0.231218 0.254707 0.048905 0.351993
4 0 0.144269 0.212871 0.201961 0.047360 0.393539
4 1 0.187570 0.194445 0.158254 0.048092 0.411638
4 1 0.207902 0.179924 0.134488 0.045171 0.432515
4 0 0.284024 0.150044 0.090622 0.043997 0.431313
4 1 0.189028 0.134976 0.087832 0.025997 0.562167
4 1 0.156523 0.120248 0.078463 0.019116 0.625650
