0 0 0.962215 0.024714 0.009284 0.000337 0.003451
0 0 0.989195 0.007031 0.002223 0.000075 0.001477
0 0 0.982703 0.010177 0.003818 0.000194 0.003108
0 0 0.971486 0.016294 0.006786 0.000405 0.005029
0 0 0.981987 0.010830 0.004013 0.000192 0.002979
0 0 0.990020 0.005700 0.001996 0.000101 0.002183
0 0 0.994390 0.003224 0.001017 0.000046 0.001323
0 0 0.997030 0.001679 0.000477 0.000020 0.000795
0 0 0.996482 0.002220 0.000602 0.000019 0.000678
0 0 0.992030 0.005442 0.001551 0.000041 0.000936
0 0 0.990481 0.006569 0.001895 0.000049 0.001006
0 0 0.988795 0.007705 0.002221 0.000057 0.001222
0 0 0.977389 0.014019 0.003369 0.000088 0.005135
0 0 0.950420 0.027299 0.007390 0.000265 0.014627
0 0 0.956397 0.024191 0.010077 0.000629 0.008706
0 0 0.953333 0.027365 0.012019 0.000695 0.006588
0 0 0.955900 0.025387 0.011248 0.000690 0.006776
0 0 0.962329 0.021948 0.009389 0.000544 0.005790
0 0 0.968691 0.018778 0.007599 0.000390 0.004541
0 0 0.971312 0.017874 0.006863 0.000303 0.003647
0 0 0.970973 0.018360 0.006942 0.000289 0.003436
0 0 0.970172 0.018688 0.007172 0.000311 0.003658
0 0 0.966638 0.021302 0.008122 0.000328 0.003611
0 0 0.973538 0.016623 0.006251 0.000265 0.003323
0 0 0.976729 0.014332 0.005400 0.000244 0.003295
0 0 0.983009 0.010504 0.003757 0.000162 0.002568
0 0 0.987018 0.007862 0.002746 0.000122 0.002251
0 0 0.989041 0.006418 0.002241 0.000108 0.002192
0 0 0.991737 0.005035 0.001624 0.000066 0.001537
0 0 0.993120 0.004152 0.001309 0.000053 0.001366
0 0 0.995223 0.002911 0.000855 0.000032 0.000979
0 0 0.994602 0.003197 0.000980 0.000040 0.001180
0 0 0.993385 0.004039 0.001253 0.000049 0.001274
0 0 0.987239 0.007958 0.002698 0.000109 0.001996
0 0 0.981585 0.010751 0.004100 0.000216 0.003347
0 0 0.973806 0.015189 0.006165 0.000347 0.004492
0 0 0.985769 0.008575 0.003054 0.000140 0.002463
0 0 0.991805 0.005264 0.001615 0.000055 0.001261
0 0 0.983710 0.009812 0.003572 0.000167 0.002738
0 0 0.973586 0.016016 0.006249 0.000303 0.003846
0 0 0.973879 0.015923 0.006169 0.000294 0.003736
0 0 0.982931 0.010762 0.003776 0.000151 0.002380
0 0 0.986583 0.008252 0.002858 0.000122 0.002185
0 0 0.992193 0.005092 0.001526 0.000049 0.001139
0 0 0.971410 0.016623 0.006825 0.000386 0.004755
0 0 0.976600 0.013435 0.005400 0.000309 0.004256
0 0 0.967388 0.017861 0.007859 0.000540 0.006352
0 0 0.976929 0.013180 0.005307 0.000308 0.004277
0 0 0.963183 0.020998 0.009121 0.000565 0.006134
0 0 0.980496 0.011934 0.004405 0.000200 0.002965
0 0 0.975585 0.014518 0.005700 0.000293 0.003903
0 0 0.976659 0.014056 0.005416 0.000266 0.003603
0 0 0.981110 0.011563 0.004245 0.000192 0.002890
0 0 0.963833 0.020954 0.008953 0.000526 0.005733
0 0 0.964279 0.020705 0.008826 0.000517 0.005672
0 0 0.965525 0.019992 0.008472 0.000494 0.005517
0 0 0.965032 0.020804 0.008628 0.000461 0.005075
0 0 0.968157 0.019856 0.007734 0.000344 0.003910
0 0 0.971114 0.018108 0.006913 0.000298 0.003567
0 0 0.971643 0.017997 0.006756 0.000277 0.003328
0 0 0.988081 0.007427 0.002493 0.000100 0.001900
0 0 0.977288 0.013767 0.005250 0.000251 0.003444
0 0 0.984791 0.009460 0.003306 0.000137 0.002306
0 0 0.977064 0.013350 0.005288 0.000289 0.004009
0 0 0.944592 0.030517 0.014552 0.001052 0.009286
0 0 0.952702 0.027407 0.012199 0.000737 0.006956
0 0 0.934095 0.038338 0.017859 0.001093 0.008614
0 0 0.936071 0.036793 0.017243 0.001094 0.008798
0 0 0.951022 0.030346 0.012653 0.000594 0.005385
0 0 0.955143 0.027486 0.011466 0.000560 0.005345
0 0 0.960078 0.024790 0.010020 0.000460 0.004652
0 0 0.957796 0.025091 0.010711 0.000585 0.005818
0 0 0.958363 0.025025 0.010544 0.000552 0.005516
0 0 0.962412 0.022477 0.009376 0.000496 0.005239
0 0 0.962586 0.023776 0.009264 0.000384 0.003990
0 0 0.962470 0.024171 0.009263 0.000361 0.003735
0 0 0.959790 0.026089 0.009990 0.000378 0.003753
0 0 0.951502 0.030997 0.012414 0.000507 0.004580
0 0 0.919760 0.047648 0.022337 0.001278 0.008977
0 0 0.895493 0.062776 0.030100 0.001653 0.009977
0 0 0.895097 0.063248 0.030204 0.001632 0.009819
0 0 0.883632 0.076002 0.032706 0.001169 0.006491
0 1 0.882864 0.082583 0.028782 0.000640 0.005131
0 1 0.831938 0.113672 0.021008 0.000300 0.033083
0 0 0.599353 0.201637 0.031082 0.000482 0.167446
0 1 0.412602 0.222999 0.040005 0.000974 0.323419
0 4 0.420912 0.223384 0.036885 0.000779 0.318040
0 4 0.466521 0.155076 0.020602 0.000375 0.357427
4 4 0.363357 0.115301 0.015264 0.000356 0.505722
4 4 0.295108 0.087981 0.011726 0.000331 0.604853
4 4 0.216642 0.099535 0.014059 0.000426 0.669337
4 4 0.166235 0.070635 0.009090 0.000285 0.753756
4 4 0.084508 0.047085 0.005446 0.000175 0.862786
4 4 0.071886 0.043180 0.004477 0.000125 0.880331
4 4 0.086268 0.058804 0.007123 0.000224 0.847582
4 4 0.105599 0.078463 0.011107 0.000392 0.804438
4 4 0.079724 0.094215 0.015745 0.000670 0.809647
4 4 0.111544 0.082356 0.011177 0.000360 0.794563
4 4 0.093496 0.089337 0.016775 0.000884 0.799509
4 4 0.128999 0.093618 0.014551 0.000547 0.762285
4 4 0.135746 0.096030 0.013412 0.000418 0.754395
4 4 0.131630 0.095811 0.012883 0.000378 0.759299
4 4 0.119667 0.068650 0.009671 0.000360 0.801651
4 4 0.119880 0.062202 0.009227 0.000391 0.808300
4 4 0.145238 0.127684 0.025764 0.001264 0.700051
4 4 0.164774 0.155786 0.025026 0.000758 0.653656
4 4 0.112354 0.149807 0.028624 0.001193 0.708022
4 4 0.089824 0.137215 0.025162 0.001031 0.746767
4 4 0.105005 0.151711 0.027875 0.001085 0.714325
4 4 0.147441 0.202424 0.042120 0.001684 0.606330
4 4 0.133826 0.172442 0.032147 0.001186 0.660399
4 4 0.183423 0.221405 0.037427 0.000998 0.556746
4 4 0.141793 0.213763 0.038740 0.001204 0.604501
4 4 0.126941 0.234952 0.045661 0.001508 0.590939
4 4 0.129188 0.279603 0.068134 0.002879 0.520196
4 4 0.134239 0.209286 0.050189 0.002485 0.603802
4 4 0.135383 0.156599 0.034694 0.001782 0.671541
4 4 0.178244 0.142849 0.025639 0.000969 0.652299
4 4 0.176708 0.126695 0.019615 0.000621 0.676360
4 4 0.201708 0.096757 0.014010 0.000451 0.687073
4 4 0.108012 0.038065 0.004190 0.000137 0.849597
4 4 0.157640 0.048774 0.004800 0.000115 0.788671
4 4 0.108889 0.038771 0.003704 0.000095 0.848541
4 4 0.120667 0.058817 0.006401 0.000168 0.813947
4 4 0.098697 0.071122 0.008827 0.000264 0.821091
4 4 0.143692 0.196943 0.036762 0.001256 0.621348
4 4 0.115702 0.177387 0.031237 0.001040 0.674634
4 4 0.110967 0.234606 0.055321 0.002507 0.596599
4 4 0.086633 0.191669 0.044680 0.002255 0.674763
4 4 0.078690 0.183891 0.064687 0.002897 0.669834
4 4 0.079381 0.194326 0.075043 0.002867 0.648383
4 4 0.083995 0.238625 0.139215 0.003318 0.534848
4 4 0.080271 0.237279 0.166089 0.003449 0.512911
4 4 0.066873 0.239273 0.321607 0.003526 0.368722
2 4 0.045448 0.190054 0.494568 0.003107 0.266822
2 0 0.031451 0.143444 0.616216 0.002816 0.206073
2 1 0.029772 0.138343 0.644289 0.002797 0.184800
2 2 0.025873 0.127809 0.704709 0.002545 0.139064
2 2 0.024981 0.124641 0.720574 0.002548 0.127256
2 2 0.021293 0.110935 0.752651 0.002264 0.112856
2 2 0.018966 0.102251 0.779809 0.002098 0.096876
2 1 0.016454 0.090583 0.807084 0.002030 0.083848
2 1 0.017826 0.094312 0.788744 0.002260 0.096858
2 1 0.014915 0.081219 0.813650 0.002075 0.088141
2 1 0.013844 0.075979 0.829649 0.002088 0.078440
2 1 0.013353 0.073647 0.836720 0.002084 0.074196
2 1 0.010042 0.060015 0.877069 0.001677 0.051197
2 1 0.009515 0.057863 0.885798 0.001618 0.045206
2 2 0.008609 0.054135 0.896620 0.001467 0.039169
2 2 0.006947 0.045193 0.917698 0.001372 0.028790
2 2 0.006027 0.039471 0.929143 0.001382 0.023977
2 2 0.005063 0.033872 0.938847 0.001292 0.020925
2 2 0.003891 0.027834 0.952570 0.001058 0.014646
2 2 0.004099 0.029642 0.951121 0.001031 0.014107
2 2 0.004521 0.031828 0.946152 0.001115 0.016384
2 2 0.004921 0.033553 0.941043 0.001223 0.019259
2 2 0.005035 0.033788 0.939543 0.001286 0.020348
2 2 0.006410 0.040765 0.927038 0.001557 0.024229
2 2 0.005570 0.037740 0.937765 0.001303 0.017623
2 2 0.007158 0.046969 0.923766 0.001457 0.020649
2 2 0.007435 0.047913 0.927359 0.001691 0.015601
2 2 0.007857 0.050427 0.925508 0.001763 0.014446
2 2 0.007194 0.045922 0.929799 0.001757 0.015328
2 2 0.005559 0.037030 0.940691 0.002519 0.014201
2 2 0.003547 0.027025 0.954264 0.005418 0.009746
2 2 0.003613 0.027081 0.950071 0.009441 0.009794
2 2 0.002925 0.023239 0.948800 0.016921 0.008116
2 3 0.003891 0.027538 0.930041 0.028022 0.010508
2 3 0.006518 0.037755 0.884088 0.055454 0.016185
2 3 0.007193 0.039050 0.821431 0.115440 0.016885
2 3 0.007406 0.039366 0.781209 0.155593 0.016426
2 3 0.009119 0.044389 0.753072 0.173548 0.019871
2 3 0.008088 0.040398 0.697579 0.237459 0.016476
2 3 0.010144 0.045153 0.629560 0.295385 0.019758
2 3 0.009420 0.041447 0.552834 0.379065 0.017234
2 3 0.010918 0.043174 0.470917 0.455983 0.019008
3 3 0.010419 0.038335 0.358513 0.575974 0.016758
3 3 0.008202 0.030766 0.290556 0.658040 0.012436
3 3 0.006922 0.025404 0.225960 0.731813 0.009901
3 3 0.007172 0.024599 0.192787 0.765476 0.009966
3 3 0.006343 0.020016 0.132380 0.833047 0.008213
3 3 0.005102 0.017342 0.129608 0.841413 0.006535
3 3 0.005656 0.018318 0.126041 0.842751 0.007234
3 3 0.005725 0.018490 0.126670 0.841782 0.007333
3 3 0.005209 0.017199 0.121887 0.849097 0.006608
3 3 0.004343 0.014958 0.113105 0.862186 0.005409
3 3 0.005154 0.017059 0.121357 0.849899 0.006531
3 3 0.004567 0.015549 0.115485 0.858681 0.005717
3 3 0.006428 0.020202 0.132731 0.832308 0.008331
3 3 0.006392 0.020115 0.132432 0.832780 0.008279
3 3 0.005915 0.018958 0.128356 0.839169 0.007601
3 3 0.004525 0.015438 0.115044 0.859333 0.005659
3 3 0.005434 0.017766 0.124010 0.845867 0.006923
3 3 0.004300 0.014845 0.112644 0.862861 0.005350
3 3 0.004453 0.015250 0.114288 0.860448 0.005561
3 3 0.004561 0.015531 0.115416 0.858784 0.005708
3 3 0.004058 0.014199 0.109973 0.866750 0.005020
3 3 0.003579 0.012890 0.104361 0.874798 0.004372
3 3 0.003837 0.013598 0.107435 0.870410 0.004720
3 3 0.004570 0.015556 0.115514 0.858638 0.005721
3 3 0.004508 0.015393 0.114862 0.859602 0.005636
3 3 0.005583 0.018137 0.125379 0.843769 0.007132
3 3 0.004200 0.014580 0.111555 0.864451 0.005214
3 3 0.004408 0.015130 0.113804 0.861160 0.005498
3 3 0.005157 0.017066 0.121386 0.849856 0.006535
3 3 0.006624 0.020670 0.134340 0.829754 0.008611
3 3 0.006198 0.019646 0.130794 0.835361 0.008002
3 3 0.004800 0.016152 0.117866 0.855144 0.006038
3 3 0.004678 0.015837 0.116630 0.856984 0.005870
3 3 0.004415 0.015148 0.113875 0.861055 0.005507
3 3 0.005562 0.018084 0.125186 0.844066 0.007102
3 3 0.005095 0.016908 0.120785 0.850765 0.006448
3 3 0.005766 0.018590 0.127032 0.841222 0.007390
3 3 0.006391 0.020111 0.132419 0.832802 0.008277
3 3 0.006964 0.021474 0.137053 0.825409 0.009099
3 3 0.011988 0.028014 0.155413 0.790522 0.014064
3 3 0.023781 0.040906 0.184896 0.724635 0.025781
3 2 0.073503 0.101198 0.314958 0.460995 0.049347
2 3 0.073117 0.150981 0.493891 0.238158 0.043854
2 3 0.074852 0.197451 0.593144 0.097379 0.037174
2 2 0.033982 0.141014 0.767096 0.031723 0.026186
2 2 0.027304 0.123039 0.811768 0.013721 0.024168
2 2 0.021993 0.102362 0.837956 0.013375 0.024313
2 2 0.025578 0.106680 0.818055 0.016854 0.032832
2 2 0.023006 0.100267 0.822334 0.026191 0.028202
2 2 0.022760 0.098302 0.820621 0.029389 0.028928
2 2 0.021888 0.095531 0.821808 0.032731 0.028043
2 2 0.014955 0.073881 0.856548 0.033076 0.021540
2 2 0.013975 0.071691 0.858239 0.037020 0.019075
2 2 0.007934 0.045982 0.900888 0.028927 0.016269
2 2 0.006697 0.040215 0.912383 0.025095 0.015610
2 2 0.006987 0.041004 0.911281 0.023957 0.016772
2 2 0.007150 0.042278 0.898879 0.036346 0.015347
2 3 0.010083 0.053028 0.870333 0.046954 0.019602
2 2 0.012572 0.059172 0.836860 0.066238 0.025157
2 2 0.012739 0.059017 0.829751 0.072446 0.026047
2 2 0.014727 0.062313 0.802272 0.088212 0.032477
2 3 0.014233 0.058433 0.757463 0.137151 0.032718
2 2 0.011510 0.051044 0.740934 0.171266 0.025247
2 3 0.013054 0.055126 0.739330 0.163534 0.028956
2 3 0.010820 0.053405 0.834505 0.079413 0.021857
2 2 0.008523 0.045792 0.850853 0.076909 0.017923
2 2 0.008407 0.045796 0.847975 0.080864 0.016958
2 2 0.008619 0.043684 0.827635 0.099171 0.020891
2 2 0.006656 0.037396 0.846823 0.092883 0.016243
2 2 0.007500 0.040133 0.830143 0.104264 0.017960
2 3 0.009028 0.044815 0.812332 0.112430 0.021395
2 2 0.007154 0.039021 0.835113 0.101510 0.017202
2 2 0.007584 0.040554 0.860772 0.071630 0.019459
2 2 0.009013 0.045373 0.875475 0.045872 0.024267
2 2 0.007966 0.041778 0.870191 0.058874 0.021191
2 2 0.006700 0.037622 0.867355 0.071156 0.017168
2 2 0.007603 0.040610 0.858165 0.074240 0.019382
2 2 0.007264 0.039499 0.858121 0.076724 0.018392
2 2 0.006768 0.037747 0.840549 0.098594 0.016342
2 2 0.006811 0.037867 0.836034 0.102972 0.016316
2 2 0.006682 0.037265 0.814961 0.125679 0.015412
2 2 0.008192 0.042249 0.815695 0.114556 0.019308
2 3 0.010707 0.049260 0.770581 0.145216 0.024236
2 3 0.014758 0.059591 0.748542 0.143464 0.033645
2 3 0.022562 0.084601 0.750379 0.103340 0.039118
2 3 0.032398 0.121824 0.761338 0.047603 0.036836
2 3 0.031787 0.129665 0.770018 0.040314 0.028217
2 0 0.037594 0.150204 0.741987 0.043169 0.027046
2 2 0.039088 0.160248 0.739084 0.037203 0.024377
2 2 0.045019 0.184157 0.727428 0.019384 0.024013
2 2 0.034693 0.144325 0.774196 0.019704 0.027083
2 2 0.014064 0.069215 0.867694 0.025824 0.023202
2 2 0.008107 0.045000 0.888203 0.040613 0.018077
2 2 0.007000 0.040128 0.894083 0.041756 0.017034
2 2 0.008745 0.046972 0.882885 0.041732 0.019665
2 2 0.015212 0.071235 0.854658 0.032847 0.026048
2 3 0.013317 0.068018 0.861982 0.036822 0.019862
2 2 0.008639 0.052258 0.892325 0.033666 0.013112
2 2 0.006800 0.044743 0.904805 0.032966 0.010686
2 2 0.006445 0.045452 0.919439 0.019696 0.008969
2 3 0.005981 0.040743 0.925023 0.017578 0.010673
2 2 0.006127 0.035946 0.905132 0.035902 0.016894
2 3 0.004453 0.029325 0.895895 0.058621 0.011706
2 2 0.005553 0.033524 0.861651 0.085568 0.013704
2 3 0.009432 0.046090 0.819082 0.102641 0.022754
2 3 0.009862 0.046942 0.779030 0.141770 0.022396
2 2 0.011439 0.051073 0.754890 0.157072 0.025526
2 3 0.011639 0.052069 0.771688 0.138359 0.026245
2 2 0.019385 0.079932 0.771622 0.098732 0.030329
2 0 0.023027 0.094291 0.777800 0.074649 0.030234
2 2 0.023331 0.103119 0.791582 0.058288 0.023681
2 2 0.021498 0.097229 0.791285 0.067867 0.022120
2 2 0.016996 0.083902 0.811354 0.069754 0.017994
2 2 0.015636 0.078034 0.816377 0.072033 0.017920
2 2 0.017712 0.084368 0.822998 0.053838 0.021084
2 2 0.010524 0.053547 0.846114 0.069491 0.020325
2 2 0.007084 0.038758 0.831205 0.106063 0.016890
2 2 0.006850 0.037952 0.829049 0.109936 0.016213
2 2 0.005346 0.032450 0.812893 0.137245 0.012066
2 2 0.006105 0.035375 0.832049 0.112110 0.014361
2 2 0.005242 0.032173 0.828169 0.122326 0.012089
2 2 0.004907 0.030743 0.808930 0.144475 0.010945
2 2 0.005579 0.033322 0.813294 0.135163 0.012641
2 2 0.005868 0.034363 0.811352 0.135105 0.013312
2 2 0.012270 0.050514 0.617176 0.296086 0.023953
2 3 0.016751 0.059264 0.552885 0.339352 0.031748
3 2 0.011006 0.042601 0.444997 0.482564 0.018832
2 3 0.013346 0.049524 0.489209 0.424135 0.023785
3 3 0.013313 0.046620 0.408065 0.509582 0.022420
3 3 0.012853 0.044966 0.390858 0.529974 0.021349
2 3 0.014372 0.051511 0.479038 0.429541 0.025538
2 3 0.017173 0.059616 0.536125 0.354901 0.032185
2 0 0.021423 0.074582 0.622663 0.243789 0.037544
2 3 0.023721 0.088934 0.704078 0.149192 0.034075
2 2 0.018165 0.077313 0.790746 0.084847 0.028929
2 2 0.013511 0.062786 0.822454 0.076467 0.024783
2 2 0.013633 0.062446 0.813250 0.085246 0.025425
2 2 0.016646 0.070312 0.763744 0.120877 0.028421
2 3 0.024416 0.092720 0.749774 0.096681 0.036409
2 3 0.023871 0.091504 0.755027 0.093697 0.035901
2 3 0.023851 0.093535 0.753219 0.096595 0.032799
2 2 0.020879 0.083530 0.746964 0.117529 0.031099
2 2 0.015503 0.070278 0.775518 0.115696 0.023004
2 2 0.018408 0.077709 0.752241 0.124840 0.026803
2 3 0.027440 0.104191 0.763702 0.067801 0.036866
2 3 0.034815 0.121441 0.729320 0.071207 0.043217
2 0 0.027234 0.112582 0.782031 0.049576 0.028577
2 2 0.042867 0.157904 0.724889 0.040433 0.033907
2 2 0.042589 0.173142 0.733007 0.026527 0.024735
2 2 0.029892 0.137375 0.788778 0.023986 0.019969
2 2 0.022965 0.104441 0.821809 0.026760 0.024026
2 2 0.010288 0.053084 0.858624 0.057845 0.020159
2 2 0.007756 0.043081 0.843803 0.089361 0.016000
2 2 0.007807 0.041951 0.850346 0.081504 0.018392
2 2 0.007539 0.040684 0.860775 0.072167 0.018836
2 2 0.008589 0.043636 0.880759 0.042809 0.024207
2 2 0.011533 0.055422 0.881694 0.023238 0.028112
2 2 0.013373 0.061981 0.872355 0.022164 0.030127
2 2 0.010400 0.057426 0.901234 0.012026 0.018914
2 2 0.017620 0.079889 0.864224 0.005903 0.032363
2 2 0.014519 0.075039 0.883814 0.003846 0.022783
2 2 0.014660 0.078712 0.880651 0.003317 0.022660
2 2 0.011756 0.069390 0.896759 0.002336 0.019759
2 1 0.011069 0.069690 0.897969 0.001812 0.019458
2 1 0.013571 0.085719 0.873290 0.001679 0.025741
2 1 0.024666 0.141573 0.789862 0.002147 0.041753
2 0 0.022172 0.131680 0.812733 0.002043 0.031372
2 1 0.028671 0.148827 0.766031 0.002956 0.053515
2 0 0.046254 0.195209 0.649246 0.005072 0.104220
2 4 0.064077 0.233548 0.545106 0.007157 0.150111
2 4 0.084373 0.273879 0.429688 0.008433 0.203627
4 4 0.107354 0.299271 0.235345 0.007252 0.350777
4 4 0.130199 0.320493 0.137423 0.006562 0.405322
4 4 0.102859 0.232594 0.058348 0.002942 0.603256
4 4 0.122238 0.294987 0.078017 0.003623 0.501135
4 4 0.104781 0.311885 0.202365 0.004687 0.376282
2 0 0.083365 0.312105 0.407041 0.004640 0.192849
2 0 0.066218 0.272341 0.511893 0.004255 0.145294
2 0 0.039710 0.194354 0.669404 0.002959 0.093573
2 0 0.029187 0.144839 0.711626 0.002723 0.111624
2 1 0.024798 0.125640 0.744759 0.002622 0.102180
2 1 0.025369 0.124015 0.745810 0.003030 0.101776
2 1 0.028865 0.143644 0.728384 0.002858 0.096249
2 1 0.035476 0.179173 0.691526 0.002680 0.091144
2 2 0.002964 0.022270 0.961113 0.001139 0.012514
2 2 0.003290 0.023258 0.957290 0.001073 0.015088
2 2 0.003299 0.023685 0.957700 0.001026 0.014290
2 2 0.003823 0.025694 0.952317 0.001296 0.016870
2 2 0.004437 0.029950 0.948678 0.001326 0.015609
2 2 0.005119 0.034311 0.944125 0.001402 0.015044
2 2 0.005959 0.039991 0.938584 0.001448 0.014018
2 2 0.005612 0.037977 0.941032 0.001393 0.013986
2 2 0.004989 0.036137 0.946137 0.001105 0.011632
2 2 0.004968 0.035857 0.946263 0.001115 0.011797
2 2 0.004286 0.033673 0.951844 0.000834 0.009363
2 2 0.004648 0.035669 0.948957 0.000913 0.009813
2 2 0.004785 0.034727 0.947632 0.001088 0.011768
2 2 0.005529 0.036293 0.940981 0.001665 0.015532
2 2 0.004475 0.031087 0.947937 0.003572 0.012929
2 2 0.005293 0.034058 0.938059 0.007564 0.015026
2 2 0.005721 0.036282 0.929325 0.014190 0.014482
2 2 0.006807 0.041023 0.921171 0.014826 0.016174
2 2 0.006514 0.039807 0.922687 0.015396 0.015596
2 2 0.005179 0.033814 0.934351 0.012986 0.013671
2 2 0.005094 0.034328 0.939399 0.008432 0.012747
2 2 0.004741 0.032653 0.942753 0.007626 0.012227
2 2 0.005164 0.035773 0.943013 0.003793 0.012256
2 2 0.005512 0.035692 0.939162 0.004558 0.015076
2 2 0.002862 0.023959 0.961387 0.004125 0.007668
2 2 0.003747 0.029453 0.953134 0.005134 0.008531
2 2 0.004088 0.031265 0.950063 0.005523 0.009061
2 2 0.004170 0.031378 0.945931 0.009409 0.009112
2 2 0.003947 0.030881 0.951478 0.005202 0.008492
2 2 0.006182 0.041380 0.936250 0.003061 0.013128
2 0 0.006909 0.045953 0.932063 0.001539 0.013536
2 1 0.006662 0.048018 0.933722 0.001198 0.010399
2 2 0.007423 0.051998 0.928309 0.001338 0.010932
2 2 0.007502 0.053829 0.927419 0.001248 0.010002
2 2 0.009583 0.064511 0.913181 0.001594 0.011131
2 2 0.011071 0.065653 0.904697 0.002408 0.016171
2 2 0.003914 0.029658 0.952243 0.004466 0.009719
2 2 0.003206 0.024810 0.957394 0.004923 0.009667
2 2 0.003417 0.025430 0.955856 0.004288 0.011010
2 2 0.005459 0.033275 0.938690 0.003040 0.019536
2 2 0.003779 0.025174 0.951524 0.003260 0.016264
2 2 0.004315 0.027329 0.946461 0.003386 0.018509
2 2 0.003605 0.024548 0.952949 0.003787 0.015111
2 2 0.006141 0.035936 0.932925 0.003770 0.021229
2 2 0.005577 0.035085 0.938327 0.004225 0.016786
2 2 0.006100 0.037930 0.934294 0.005043 0.016634
2 2 0.003750 0.027605 0.949271 0.009018 0.010357
2 2 0.004974 0.032080 0.929796 0.019164 0.013987
2 3 0.007046 0.039156 0.898347 0.036021 0.019431
2 2 0.010077 0.048997 0.857803 0.057825 0.025298
2 2 0.012120 0.057250 0.838946 0.066444 0.025239
2 2 0.012615 0.060151 0.814807 0.089933 0.022494
2 2 0.014427 0.065533 0.815345 0.078743 0.025952
2 2 0.013244 0.063441 0.840533 0.059311 0.023471
2 2 0.010755 0.055002 0.876908 0.035374 0.021961
2 2 0.010775 0.055556 0.884592 0.027062 0.022015
2 2 0.007349 0.041595 0.906293 0.026203 0.018561
2 2 0.006384 0.038312 0.906934 0.032923 0.015448
2 3 0.006296 0.037062 0.897635 0.042910 0.016098
2 3 0.008559 0.044565 0.852144 0.074529 0.020203
2 2 0.004837 0.028469 0.628841 0.328796 0.009057
2 2 0.005761 0.031542 0.615733 0.336198 0.010766
2 3 0.007306 0.034776 0.523548 0.421436 0.012934
3 3 0.007821 0.034821 0.460654 0.483390 0.013313
3 3 0.008258 0.033136 0.357796 0.587666 0.013144
3 3 0.008453 0.034917 0.400775 0.541986 0.013870
3 3 0.009828 0.039585 0.441083 0.492822 0.016682
3 3 0.011714 0.044806 0.461253 0.461895 0.020331
3 3 0.011283 0.043024 0.437413 0.489049 0.019230
3 3 0.011527 0.043852 0.445215 0.479635 0.019771
2 3 0.012438 0.046614 0.464444 0.454802 0.021702
2 3 0.014026 0.050081 0.460085 0.451249 0.024559
3 3 0.011498 0.042176 0.397208 0.530036 0.019082
3 3 0.010194 0.038319 0.373054 0.561888 0.016545
3 3 0.009688 0.036332 0.349747 0.588796 0.015437
3 3 0.012324 0.042553 0.358177 0.566978 0.019968
3 3 0.011127 0.037530 0.297842 0.636326 0.017176
3 3 0.010323 0.034473 0.266055 0.673648 0.015501
3 3 0.009095 0.030374 0.231390 0.715936 0.013205
3 3 0.008913 0.030441 0.241683 0.705919 0.013044
3 3 0.007441 0.026146 0.215398 0.740441 0.010573
3 3 0.007139 0.025059 0.205183 0.752583 0.010036
3 3 0.007953 0.026366 0.195510 0.759049 0.011122
3 3 0.008819 0.027720 0.187413 0.763764 0.012284
3 3 0.009900 0.029088 0.174717 0.772621 0.013674
3 3 0.010434 0.031273 0.196123 0.747420 0.014751
3 3 0.011870 0.034637 0.208926 0.727494 0.017073
3 3 0.012287 0.035498 0.210767 0.723720 0.017728
3 3 0.013405 0.037418 0.209762 0.720023 0.019392
3 3 0.009860 0.031025 0.212436 0.732555 0.014123
3 3 0.010605 0.034828 0.261001 0.677690 0.015876
3 3 0.011096 0.038888 0.332757 0.599688 0.017571
2 3 0.013388 0.048620 0.459193 0.455433 0.023366
2 3 0.012596 0.048513 0.513355 0.402775 0.022761
2 3 0.012066 0.050386 0.633888 0.279801 0.023859
2 3 0.009949 0.042981 0.556996 0.371763 0.018311
2 3 0.011339 0.047494 0.591623 0.327967 0.021578
2 3 0.013872 0.050026 0.468427 0.443260 0.024415
3 3 0.016916 0.053528 0.394804 0.506170 0.028582
3 3 0.013561 0.040796 0.264686 0.660382 0.020575
3 3 0.012900 0.040612 0.286337 0.640285 0.019866
3 3 0.007418 0.026902 0.235418 0.719536 0.010725
3 3 0.011377 0.040131 0.348909 0.581337 0.018246
3 3 0.012602 0.041417 0.316910 0.609231 0.019840
3 3 0.009974 0.032521 0.238775 0.704104 0.014626
3 3 0.006693 0.021843 0.154712 0.807834 0.008918
3 3 0.006662 0.021432 0.147663 0.815441 0.008803
3 3 0.005660 0.018329 0.126082 0.842688 0.007241
3 3 0.005461 0.017833 0.124261 0.845483 0.006961
3 3 0.005353 0.017562 0.123253 0.847022 0.006809
3 3 0.005389 0.017652 0.123588 0.846512 0.006859
3 3 0.006347 0.020007 0.132055 0.833376 0.008215
3 3 0.005786 0.018641 0.127215 0.840939 0.007419
3 3 0.005202 0.017182 0.121824 0.849194 0.006598
3 3 0.004488 0.015341 0.114653 0.859910 0.005608
3 3 0.005105 0.016935 0.120888 0.850609 0.006463
3 3 0.004721 0.015948 0.117066 0.856336 0.005929
3 3 0.005062 0.016825 0.120467 0.851244 0.006402
3 3 0.004713 0.015929 0.116992 0.856446 0.005919
3 3 0.005452 0.017810 0.124173 0.845617 0.006948
3 3 0.002903 0.010966 0.095556 0.887102 0.003473
3 3 0.003743 0.013341 0.106327 0.871998 0.004592
3 3 0.003448 0.012524 0.102741 0.877091 0.004196
3 3 0.003157 0.011701 0.099008 0.882324 0.003809
3 3 0.008059 0.024000 0.145213 0.812038 0.010690
3 3 0.021769 0.051346 0.218650 0.675767 0.032468
2 3 0.037091 0.098250 0.490964 0.332332 0.041363
2 3 0.048167 0.131583 0.616795 0.167266 0.036188
2 0 0.056614 0.154422 0.646414 0.110838 0.031713
2 0 0.084332 0.214470 0.605412 0.062947 0.032838
2 2 0.110909 0.279698 0.534894 0.037626 0.036873
2 2 0.086496 0.214638 0.519009 0.114796 0.065062
2 3 0.016725 0.061816 0.639457 0.247883 0.034118
2 3 0.019310 0.069977 0.707773 0.161223 0.041717
2 3 0.021552 0.080693 0.772785 0.082502 0.042468
2 2 0.029631 0.105499 0.793587 0.017868 0.053415
2 2 0.036119 0.140397 0.750607 0.008790 0.064086
2 4 0.034741 0.152021 0.741313 0.005405 0.066519
2 4 0.045356 0.200985 0.696998 0.005375 0.051287
2 4 0.062170 0.254485 0.615210 0.006440 0.061695
2 4 0.087334 0.319162 0.502819 0.007923 0.082761
2 4 0.101658 0.351861 0.443822 0.008498 0.094160
1 4 0.173827 0.355518 0.208070 0.010108 0.252476
1 4 0.191655 0.316398 0.172014 0.008843 0.311090
4 4 0.251390 0.291221 0.110196 0.008143 0.339051
4 4 0.228921 0.248019 0.069695 0.003774 0.449591
4 4 0.172681 0.158553 0.040634 0.002586 0.625546
4 4 0.138854 0.104547 0.023709 0.001559 0.731330
4 4 0.123246 0.075994 0.013095 0.000645 0.787020
4 4 0.144137 0.133926 0.028711 0.001516 0.691710
4 4 0.105622 0.196298 0.073343 0.004168 0.620569
4 4 0.099877 0.249080 0.120958 0.004880 0.525204
4 4 0.104013 0.248593 0.087095 0.004013 0.556287
4 4 0.102692 0.260445 0.111919 0.004237 0.520707
4 4 0.117871 0.287795 0.095454 0.004288 0.494592
4 4 0.112947 0.256586 0.081701 0.004647 0.544119
4 4 0.114974 0.252964 0.071779 0.004155 0.556129
4 4 0.102234 0.184075 0.041311 0.002001 0.670379
4 4 0.116043 0.185605 0.034863 0.001256 0.662233
4 4 0.107165 0.150191 0.027152 0.001034 0.714457
4 4 0.198316 0.217074 0.037139 0.001014 0.546456
4 0 0.216164 0.229269 0.039402 0.001037 0.514128
4 4 0.206425 0.271792 0.046155 0.001071 0.474557
4 4 0.155149 0.291148 0.063086 0.002121 0.488495
4 4 0.141635 0.347834 0.096862 0.004233 0.409436
4 4 0.129928 0.349130 0.150211 0.005278 0.365453
2 4 0.082061 0.294135 0.382300 0.004868 0.236636
2 4 0.051857 0.218699 0.535671 0.003641 0.190132
2 4 0.041548 0.177956 0.589395 0.003672 0.187429
2 4 0.043107 0.178059 0.575525 0.004081 0.199228
2 4 0.040044 0.170551 0.605794 0.003881 0.179730
2 4 0.033111 0.149965 0.667272 0.003457 0.146195
2 4 0.035024 0.158750 0.686012 0.003791 0.116423
2 4 0.040397 0.165455 0.603547 0.004463 0.186137
2 4 0.050758 0.173406 0.468880 0.006337 0.300618
4 4 0.056287 0.173167 0.354197 0.006629 0.409720
4 4 0.076448 0.190676 0.157756 0.006078 0.569043
4 4 0.102563 0.187612 0.073589 0.004438 0.631798
4 4 0.118963 0.179976 0.046872 0.002908 0.651281
4 4 0.079068 0.073578 0.011086 0.000448 0.835821
2 4 0.050651 0.187703 0.424449 0.004056 0.333141
2 4 0.049678 0.186920 0.435688 0.003948 0.323767
2 4 0.045238 0.176803 0.461650 0.003601 0.312708
2 4 0.043690 0.181209 0.509584 0.003304 0.262213
2 4 0.055058 0.205782 0.414503 0.003917 0.320740
2 4 0.059173 0.227750 0.446787 0.004031 0.262259
2 4 0.064944 0.243488 0.413946 0.004133 0.273489
2 4 0.061183 0.237742 0.441144 0.003878 0.256053
2 4 0.064119 0.235420 0.376809 0.003890 0.319763
2 4 0.055652 0.224034 0.473045 0.003632 0.243637
2 4 0.052081 0.204539 0.458650 0.003690 0.281040
2 4 0.047795 0.203327 0.542335 0.003462 0.203081
2 4 0.058035 0.231390 0.460840 0.003682 0.246053
2 4 0.051351 0.221516 0.529523 0.003273 0.194336
2 4 0.047397 0.209716 0.548923 0.003055 0.190910
2 0 0.048220 0.214839 0.569495 0.003220 0.164226
2 0 0.055475 0.236844 0.534349 0.003602 0.169729
2 0 0.058441 0.257120 0.541002 0.003438 0.139999
2 0 0.073299 0.295831 0.445223 0.003794 0.181853
2 0 0.067992 0.269001 0.455903 0.004038 0.203066
2 0 0.070884 0.264553 0.416646 0.004424 0.243493
2 1 0.078796 0.281360 0.359523 0.004423 0.275898
2 1 0.080809 0.287845 0.348108 0.004320 0.278918
2 1 0.073635 0.269555 0.357470 0.003882 0.295458
2 1 0.079747 0.288655 0.352494 0.004121 0.274983
2 0 0.093645 0.333444 0.341305 0.004568 0.227038
1 1 0.124008 0.404919 0.270771 0.005420 0.194882
1 1 0.152437 0.452445 0.207783 0.006215 0.181120
1 0 0.201819 0.437993 0.152627 0.006060 0.201501
1 0 0.224149 0.384945 0.125126 0.005733 0.260047
1 0 0.240985 0.404677 0.138977 0.006274 0.209087
1 0 0.240427 0.420438 0.145781 0.006294 0.187060
1 0 0.277313 0.347768 0.099286 0.003938 0.271694
4 0 0.298247 0.264341 0.077568 0.004039 0.355806
4 0 0.284981 0.233041 0.062022 0.003087 0.416870
4 0 0.303738 0.212183 0.052647 0.002465 0.428966
4 0 0.309741 0.179888 0.037923 0.001515 0.470932
4 0 0.333749 0.104533 0.017796 0.000671 0.543251
4 0 0.340462 0.052459 0.005558 0.000135 0.601387
0 0 0.623413 0.064254 0.006868 0.000121 0.305344
0 0 0.778463 0.088867 0.012280 0.000201 0.120190
0 0 0.890265 0.054365 0.009042 0.000170 0.046158
0 0 0.918085 0.047939 0.013056 0.000424 0.020497
0 0 0.913133 0.048775 0.021478 0.001353 0.015260
0 0 0.949549 0.027702 0.013048 0.000942 0.008758
0 0 0.967628 0.018583 0.007867 0.000470 0.005452
0 0 0.974395 0.015178 0.006021 0.000315 0.004091
0 0 0.969629 0.017895 0.007330 0.000399 0.004746
0 0 0.936818 0.028076 0.008995 0.000524 0.025587
0 0 0.862202 0.058091 0.017844 0.000995 0.060868
0 0 0.746992 0.075167 0.016410 0.000683 0.160749
0 0 0.778883 0.103012 0.027425 0.001097 0.089583
0 0 0.724140 0.136928 0.041015 0.001806 0.096111
0 0 0.733962 0.150410 0.052633 0.002395 0.060601
0 0 0.830997 0.097240 0.029847 0.001136 0.040781
0 0 0.848964 0.084906 0.039407 0.002550 0.024173
0 0 0.911640 0.052923 0.023348 0.001245 0.010843
0 0 0.951991 0.027326 0.012391 0.000795 0.007497
0 0 0.945332 0.031232 0.014397 0.000925 0.008114
0 0 0.967762 0.019063 0.007854 0.000425 0.004895
0 0 0.534445 0.213111 0.031669 0.000501 0.220275
0 0 0.494533 0.246008 0.035403 0.000501 0.223555
0 1 0.432125 0.232086 0.030315 0.000422 0.305052
4 1 0.311271 0.245742 0.040708 0.000900 0.401379
1 0 0.233802 0.370721 0.089468 0.002721 0.303289
1 1 0.172218 0.424042 0.127944 0.005009 0.270787
1 1 0.136540 0.438516 0.270121 0.006261 0.148563
2 1 0.098260 0.337687 0.351383 0.005572 0.207098
2 1 0.095692 0.297520 0.301420 0.006330 0.299037
4 1 0.086468 0.262867 0.313258 0.006900 0.330508
4 2 0.091150 0.272559 0.310458 0.007417 0.318416
4 1 0.123742 0.330968 0.198367 0.007313 0.339610
1 1 0.133304 0.359532 0.194529 0.007208 0.305427
1 1 0.151946 0.394525 0.140502 0.006011 0.307017
1 1 0.159914 0.413755 0.131713 0.005821 0.288796
1 1 0.146328 0.434119 0.208848 0.006035 0.204670
1 1 0.108633 0.415270 0.364403 0.004594 0.107100
2 1 0.061677 0.307591 0.576625 0.002931 0.051177
2 1 0.043120 0.235702 0.679501 0.002463 0.039214
2 2 0.032228 0.185707 0.745391 0.002179 0.034495
2 2 0.030765 0.167001 0.754722 0.002586 0.044925
2 2 0.026939 0.140657 0.778452 0.002944 0.051008
2 2 0.030135 0.148387 0.746867 0.003316 0.071296
2 2 0.041293 0.179449 0.661779 0.004446 0.113033
2 1 0.054626 0.224616 0.581730 0.004820 0.134208
2 1 0.066938 0.266273 0.516821 0.004900 0.145068
2 1 0.061937 0.277970 0.552304 0.003534 0.104255
2 1 0.041076 0.216127 0.676725 0.002504 0.063569
2 1 0.016937 0.104385 0.840224 0.001686 0.036768
2 2 0.011372 0.074070 0.886151 0.001454 0.026953
2 2 0.009349 0.059252 0.902356 0.001586 0.027456
2 2 0.007011 0.045268 0.923677 0.001512 0.022531
2 2 0.005912 0.038032 0.935738 0.001581 0.018737
2 2 0.005092 0.035697 0.944832 0.001218 0.013161
2 2 0.006596 0.046531 0.929373 0.001158 0.016343
2 2 0.007985 0.055759 0.913912 0.001147 0.021197
2 1 0.010148 0.067639 0.895233 0.001335 0.025644
2 1 0.010739 0.071436 0.892313 0.001374 0.024137
2 1 0.013508 0.083564 0.869739 0.001724 0.031466
2 1 0.013827 0.085742 0.866689 0.001701 0.032042
2 2 0.023029 0.126551 0.788132 0.002291 0.059996
2 2 0.033530 0.162196 0.718800 0.003352 0.082123
2 2 0.033688 0.151714 0.728020 0.004483 0.082095
2 0 0.037864 0.152906 0.685593 0.005980 0.117658
2 1 0.036028 0.138059 0.659175 0.006452 0.160285
2 2 0.041415 0.165037 0.675050 0.006361 0.112137
2 2 0.052582 0.202789 0.602500 0.006349 0.135780
2 2 0.041589 0.188103 0.697685 0.004572 0.068052
2 2 0.034968 0.163012 0.728858 0.004125 0.069037
2 2 0.019922 0.111424 0.830247 0.002504 0.035904
2 2 0.011835 0.070548 0.895303 0.002239 0.020074
2 2 0.007487 0.047612 0.927854 0.001793 0.015253
2 2 0.005430 0.037762 0.942625 0.001273 0.012909
2 2 0.004550 0.031887 0.948800 0.001193 0.013570
2 2 0.004189 0.030736 0.952064 0.001019 0.011992
2 2 0.004144 0.030689 0.952515 0.000988 0.011664
2 2 0.004693 0.034984 0.948517 0.000998 0.010808
2 2 0.006444 0.042865 0.935099 0.001511 0.014080
2 2 0.006356 0.044753 0.935998 0.001270 0.011622
2 2 0.006938 0.049018 0.931449 0.001273 0.011321
2 2 0.007142 0.044499 0.928428 0.001847 0.018084
2 2 0.008262 0.051489 0.920543 0.001882 0.017824
2 2 0.012248 0.073415 0.890449 0.002150 0.021738
2 1 0.015637 0.084200 0.872772 0.003233 0.024158
2 1 0.028605 0.125605 0.792502 0.006027 0.047261
2 1 0.040113 0.152506 0.725996 0.009133 0.072253
2 2 0.049388 0.183239 0.685251 0.009770 0.072352
2 0 0.029259 0.130468 0.800876 0.006291 0.033105
2 0 0.022172 0.118957 0.839333 0.003701 0.015836
2 1 0.025576 0.135646 0.816957 0.003728 0.018093
2 2 0.015973 0.095928 0.870601 0.002382 0.015115
2 2 0.012125 0.069183 0.898252 0.002756 0.017685
2 2 0.005539 0.038799 0.941501 0.002247 0.011914
2 2 0.004481 0.031877 0.948946 0.002511 0.012184
2 2 0.004450 0.031321 0.949393 0.001782 0.013054
2 2 0.005693 0.036297 0.939273 0.001669 0.017069
2 2 0.005452 0.035157 0.941069 0.001597 0.016724
2 2 0.005695 0.036878 0.939651 0.001594 0.016181
2 2 0.005840 0.038701 0.939189 0.001496 0.014774
2 2 0.005762 0.038300 0.939755 0.001478 0.014705
2 2 0.005201 0.036269 0.944246 0.001250 0.013033
2 2 0.004142 0.031248 0.952585 0.001447 0.010577
2 2 0.003134 0.025871 0.960843 0.001832 0.008319
2 2 0.002740 0.023516 0.964454 0.001620 0.007671
2 2 0.002559 0.023442 0.966415 0.001278 0.006306
2 2 0.003875 0.031112 0.955082 0.001148 0.008783
2 2 0.003821 0.032127 0.955444 0.001185 0.007423
2 2 0.004417 0.036628 0.950367 0.001269 0.007319
2 2 0.005756 0.044677 0.939940 0.001245 0.008382
2 2 0.007487 0.052053 0.927911 0.001371 0.011178
2 2 0.007159 0.048526 0.930261 0.001770 0.012284
2 2 0.008813 0.055127 0.918923 0.002406 0.014731
2 2 0.006080 0.039411 0.936130 0.003724 0.014655
2 2 0.003680 0.027545 0.954164 0.004109 0.010502
2 2 0.002571 0.021996 0.963083 0.005104 0.007246
2 2 0.003436 0.027468 0.956107 0.004617 0.008372
2 2 0.003095 0.024668 0.955780 0.008035 0.008422
2 2 0.002528 0.021370 0.958817 0.010101 0.007185
2 2 0.002720 0.022387 0.958553 0.008510 0.007830
2 2 0.003090 0.025008 0.957452 0.006321 0.008130
2 2 0.003556 0.028026 0.952150 0.007959 0.008309
2 3 0.006476 0.041577 0.928902 0.009388 0.013657
2 2 0.009179 0.050245 0.899220 0.021916 0.019441
2 3 0.011131 0.054941 0.876629 0.032392 0.024907
2 3 0.016270 0.070063 0.829116 0.052506 0.032045
2 3 0.012113 0.054380 0.811655 0.093538 0.028315
2 3 0.012198 0.052922 0.741584 0.166375 0.026920
2 3 0.012512 0.052069 0.657204 0.252892 0.025323
2 3 0.015934 0.059998 0.639511 0.252191 0.032366
2 3 0.015476 0.057972 0.604577 0.291570 0.030405
2 3 0.012234 0.047316 0.502422 0.416128 0.021900
3 3 0.008706 0.034979 0.381187 0.561015 0.014114
3 3 0.008759 0.033935 0.344180 0.599283 0.013844
3 3 0.008606 0.031839 0.294218 0.652227 0.013110
3 3 0.011677 0.040194 0.333971 0.595610 0.018549
3 3 0.013324 0.042504 0.308730 0.614541 0.020901
3 3 0.013161 0.041366 0.291380 0.633727 0.020366
3 3 0.016461 0.048778 0.314231 0.594338 0.026192
3 3 0.013495 0.040926 0.269574 0.655452 0.020552
3 3 0.013447 0.039919 0.252142 0.674304 0.020188
3 3 0.009542 0.033465 0.281786 0.660749 0.014458
3 3 0.007583 0.025642 0.196603 0.759575 0.010597
3 3 0.007116 0.022525 0.151352 0.809540 0.009466
3 3 0.006820 0.021135 0.135916 0.827236 0.008892
3 3 0.008971 0.026038 0.151431 0.801525 0.012035
3 3 0.007137 0.021881 0.138401 0.823232 0.009349
3 3 0.007385 0.022458 0.140295 0.820153 0.009709
3 3 0.004868 0.016329 0.118556 0.854114 0.006133
3 3 0.005420 0.017730 0.123877 0.846070 0.006903
3 3 0.005462 0.017835 0.124266 0.845475 0.006962
3 3 0.006737 0.020939 0.135252 0.828299 0.008773
3 3 0.005627 0.018246 0.125779 0.843154 0.007194
3 3 0.006787 0.021056 0.135648 0.827666 0.008844
3 3 0.006957 0.021458 0.136999 0.825497 0.009089
3 3 0.009597 0.027402 0.155431 0.794605 0.012965
3 3 0.016329 0.040856 0.189256 0.730199 0.023360
3 3 0.010678 0.029708 0.161916 0.783108 0.014590
3 3 0.010437 0.029198 0.160510 0.785631 0.014225
3 3 0.007811 0.024476 0.162669 0.794487 0.010558
3 3 0.018168 0.053034 0.335770 0.563500 0.029528
2 3 0.056238 0.145501 0.594093 0.156625 0.047543
2 3 0.080647 0.197754 0.631891 0.046863 0.042845
2 0 0.040081 0.150263 0.761512 0.022908 0.025236
2 1 0.019712 0.107837 0.847361 0.010754 0.014336
2 2 0.011697 0.074190 0.899431 0.002461 0.012220
2 2 0.012373 0.075821 0.895938 0.002231 0.013637
2 2 0.011317 0.062414 0.900944 0.002940 0.022385
2 1 0.010999 0.057978 0.898424 0.003252 0.029347
2 1 0.014604 0.077487 0.864786 0.002957 0.040166
2 1 0.021741 0.109833 0.802433 0.003164 0.062829
2 1 0.033673 0.163896 0.714897 0.003236 0.084298
2 4 0.038690 0.184475 0.676895 0.003272 0.096668
2 4 0.046671 0.206581 0.600966 0.003605 0.142177
2 4 0.045293 0.199823 0.602058 0.003596 0.149230
2 4 0.049772 0.212960 0.574665 0.003854 0.158748
2 4 0.044080 0.206231 0.648543 0.003429 0.097717
2 0 0.058802 0.245999 0.528811 0.003933 0.162455
2 0 0.050465 0.213376 0.548724 0.003714 0.183721
4 4 0.074329 0.249473 0.326998 0.004757 0.344443
4 4 0.097573 0.260494 0.235953 0.008197 0.397783
4 4 0.108436 0.254388 0.178645 0.009900 0.448631
4 4 0.142520 0.316537 0.168668 0.011175 0.361100
4 4 0.175453 0.282220 0.065278 0.002459 0.474590
4 4 0.180610 0.283738 0.064309 0.002329 0.469013
4 4 0.144930 0.224056 0.050719 0.002186 0.578109
4 4 0.134138 0.191706 0.044442 0.002194 0.627519
4 4 0.126950 0.295743 0.097908 0.005405 0.473994
4 4 0.109376 0.158778 0.041850 0.002743 0.687252
4 4 0.094978 0.082713 0.019339 0.001512 0.801458
4 4 0.078475 0.041047 0.006359 0.000352 0.873767
4 4 0.069982 0.042780 0.006672 0.000366 0.880200
4 4 0.076113 0.038632 0.005242 0.000240 0.879773
4 0 0.223367 0.109340 0.021977 0.001125 0.644191
4 0 0.239554 0.069724 0.008422 0.000233 0.682067
0 4 0.413502 0.150684 0.022074 0.000503 0.413237
4 4 0.338763 0.243955 0.039434 0.000822 0.377027
1 4 0.307613 0.337124 0.061987 0.001251 0.292025
1 4 0.323457 0.425025 0.075093 0.001053 0.175372
1 4 0.204026 0.519658 0.142825 0.003314 0.130177
1 4 0.162950 0.474832 0.129923 0.003852 0.228443
4 4 0.093505 0.128292 0.025089 0.001181 0.751934
4 4 0.106973 0.072114 0.010393 0.000393 0.810126
4 4 0.106576 0.033686 0.003964 0.000152 0.855622
4 4 0.155499 0.030219 0.003424 0.000129 0.810729
4 4 0.220288 0.035344 0.004951 0.000241 0.739176
4 4 0.254952 0.028132 0.003324 0.000134 0.713459
4 4 0.275307 0.033384 0.004116 0.000163 0.687030
4 4 0.274693 0.040726 0.004276 0.000119 0.680187
4 4 0.221516 0.057163 0.006759 0.000200 0.714363
4 4 0.247308 0.131018 0.017201 0.000397 0.604076
4 4 0.174351 0.243180 0.045004 0.001315 0.536149
4 4 0.114799 0.270746 0.071120 0.003482 0.539854
4 4 0.088374 0.261922 0.198294 0.004342 0.447069
4 4 0.077375 0.264976 0.316770 0.004308 0.336572
2 4 0.074823 0.255865 0.333811 0.004575 0.330926
2 4 0.076496 0.261391 0.333316 0.004622 0.324174
4 4 0.073250 0.246130 0.326696 0.004704 0.349219
4 4 0.062784 0.210811 0.324006 0.004411 0.397988
4 4 0.058949 0.188525 0.283329 0.004389 0.464807
4 4 0.055528 0.171480 0.247202 0.004175 0.521614
4 4 0.056104 0.175920 0.271246 0.004419 0.492312
4 4 0.055329 0.178474 0.276220 0.004043 0.485934
4 4 0.058182 0.183881 0.273879 0.004386 0.479672
4 4 0.070479 0.218281 0.265838 0.004846 0.440556
4 4 0.066429 0.215289 0.293233 0.004525 0.420524
2 0 0.059528 0.206836 0.384861 0.004775 0.343999
2 0 0.061636 0.215969 0.409552 0.005108 0.307735
2 1 0.059738 0.212136 0.432248 0.005185 0.290693
2 1 0.055802 0.210649 0.493215 0.004912 0.235423
2 1 0.039660 0.166979 0.590138 0.003839 0.199383
2 1 0.035078 0.152986 0.603274 0.003336 0.205325
2 2 0.027035 0.123818 0.667764 0.003049 0.178334
2 2 0.027278 0.121313 0.648268 0.003223 0.199918
2 2 0.026623 0.118886 0.657544 0.003232 0.193715
2 2 0.027068 0.123300 0.659497 0.003037 0.187097
2 1 0.029170 0.132999 0.643765 0.002971 0.191095
