0 0 0.793873 0.067018 0.009425 0.002979 0.126704
0 0 0.572373 0.110729 0.021378 0.004418 0.291102
0 0 0.473842 0.153878 0.041121 0.007126 0.324034
0 0 0.504725 0.170808 0.059003 0.013109 0.252355
0 0 0.489890 0.202815 0.067432 0.010539 0.229325
0 0 0.516643 0.215065 0.074173 0.011391 0.182728
0 0 0.534587 0.192236 0.043292 0.004535 0.225351
0 0 0.691424 0.125198 0.020119 0.002911 0.160348
0 0 0.752567 0.066505 0.006627 0.001287 0.173015
0 0 0.831608 0.060389 0.006376 0.001529 0.100098
0 0 0.897830 0.031727 0.002143 0.000653 0.067647
0 0 0.704317 0.034711 0.001014 0.000081 0.259877
4 0 0.136024 0.026504 0.000608 0.000010 0.836854
4 0 0.149678 0.025379 0.000514 0.000008 0.824421
4 0 0.209611 0.033841 0.000912 0.000021 0.755614
4 0 0.093622 0.030109 0.001066 0.000017 0.875186
4 0 0.225650 0.042063 0.001561 0.000046 0.730680
4 0 0.206327 0.046658 0.002142 0.000067 0.744806
4 0 0.179756 0.036705 0.001221 0.000029 0.782289
4 0 0.147531 0.039163 0.001613 0.000038 0.811654
4 0 0.156223 0.039616 0.001610 0.000039 0.802512
4 0 0.075728 0.022533 0.000573 0.000007 0.901159
4 0 0.064136 0.025298 0.000864 0.000011 0.909691
4 0 0.117515 0.032394 0.001121 0.000021 0.848949
4 0 0.152564 0.036433 0.001309 0.000029 0.809665
0 0 0.566040 0.050482 0.002249 0.000169 0.381060
0 0 0.517240 0.056797 0.002977 0.000222 0.422764
0 0 0.591210 0.060501 0.003797 0.000377 0.344116
0 0 0.529028 0.065196 0.004376 0.000393 0.401007
0 0 0.518458 0.076167 0.006679 0.000697 0.398000
0 0 0.630488 0.073763 0.007053 0.001020 0.287676
0 0 0.680665 0.082888 0.011230 0.002376 0.222841
0 0 0.811558 0.067024 0.010765 0.004079 0.106574
0 0 0.830461 0.068407 0.014415 0.007594 0.079123
0 0 0.784892 0.080260 0.017029 0.007331 0.110489
0 0 0.781696 0.086222 0.022985 0.012101 0.096996
0 0 0.798056 0.079621 0.018990 0.009640 0.093694
0 0 0.800988 0.080069 0.020415 0.011210 0.087318
0 0 0.776686 0.087195 0.022811 0.011539 0.101769
0 0 0.690620 0.117782 0.049515 0.029530 0.112553
0 0 0.683039 0.120058 0.051918 0.031108 0.113876
0 0 0.628906 0.151593 0.066632 0.027444 0.125426
0 0 0.560348 0.196579 0.084794 0.021110 0.137170
0 0 0.319054 0.301908 0.208776 0.024749 0.145514
0 0 0.499625 0.230243 0.096444 0.016652 0.157036
0 0 0.451046 0.223029 0.104834 0.021023 0.200068
0 0 0.597461 0.147325 0.049879 0.015087 0.190248
0 0 0.623138 0.141869 0.050203 0.017420 0.167369
0 0 0.682829 0.101217 0.021085 0.006143 0.188725
0 0 0.626000 0.100133 0.017457 0.003838 0.252571
0 0 0.601620 0.078112 0.007906 0.001106 0.311257
0 0 0.591831 0.085711 0.010183 0.001554 0.310721
0 0 0.569499 0.090986 0.011723 0.001793 0.325999
0 0 0.539590 0.087699 0.010149 0.001341 0.361221
0 0 0.550371 0.080731 0.008107 0.000998 0.359793
0 0 0.498652 0.084869 0.008919 0.001004 0.406556
0 0 0.479179 0.081823 0.007957 0.000813 0.430229
0 0 0.457629 0.079856 0.007370 0.000692 0.454452
0 0 0.467662 0.073694 0.005922 0.000520 0.452202
0 0 0.520455 0.066797 0.004648 0.000419 0.407682
0 0 0.535838 0.073292 0.006087 0.000638 0.384146
0 0 0.570857 0.073472 0.006361 0.000744 0.348566
0 0 0.501313 0.074509 0.006206 0.000602 0.417369
0 0 0.534117 0.063871 0.004153 0.000369 0.397491
0 0 0.528313 0.063862 0.004132 0.000362 0.403332
0 0 0.598840 0.053664 0.002757 0.000245 0.344495
4 0 0.217273 0.047729 0.002219 0.000073 0.732706
4 0 0.218565 0.080153 0.008852 0.000501 0.691929
4 0 0.206654 0.097084 0.015352 0.001052 0.679858
4 1 0.118108 0.129555 0.045887 0.003616 0.702833
4 1 0.077730 0.180330 0.086497 0.004056 0.651388
4 1 0.046139 0.283613 0.240897 0.006874 0.422477
2 2 0.035791 0.312016 0.439724 0.010306 0.202163
2 2 0.008886 0.134291 0.823172 0.007892 0.025758
2 2 0.005174 0.093445 0.882630 0.005408 0.013343
2 1 0.002936 0.067013 0.918425 0.003307 0.008318
2 2 0.008218 0.103732 0.861746 0.008695 0.017609
2 2 0.005088 0.073348 0.904421 0.005941 0.011202
2 2 0.015451 0.104946 0.838723 0.017730 0.023151
2 2 0.018439 0.106820 0.827978 0.021462 0.025301
2 2 0.026419 0.122649 0.788286 0.030065 0.032581
2 2 0.017587 0.117930 0.818522 0.019402 0.026560
2 0 0.017895 0.123069 0.812084 0.019381 0.027571
2 1 0.008946 0.086877 0.877697 0.010437 0.016043
2 2 0.005905 0.068641 0.905374 0.008486 0.011594
2 2 0.002104 0.032124 0.953834 0.007194 0.004743
2 2 0.001291 0.018436 0.967998 0.009475 0.002799
2 2 0.001044 0.014918 0.972423 0.009371 0.002244
2 2 0.001377 0.019307 0.967683 0.008706 0.002927
2 2 0.002551 0.033571 0.951436 0.007241 0.005201
2 2 0.006106 0.052857 0.920338 0.010791 0.009908
2 2 0.012784 0.077848 0.875558 0.016472 0.017338
2 2 0.035234 0.118590 0.767965 0.042110 0.036102
2 2 0.065102 0.153560 0.666118 0.059971 0.055250
2 2 0.284971 0.204025 0.307870 0.084504 0.118629
0 2 0.492267 0.178571 0.143548 0.054879 0.130735
0 2 0.581843 0.150414 0.096382 0.046660 0.124700
0 2 0.606803 0.144980 0.090333 0.037717 0.120167
0 0 0.750019 0.098527 0.032442 0.018582 0.100430
0 0 0.679980 0.120931 0.052402 0.031118 0.115569
0 1 0.545052 0.179898 0.099792 0.039305 0.135953
1 2 0.244546 0.268833 0.199791 0.031388 0.255443
2 2 0.083620 0.304103 0.362312 0.026664 0.223300
2 2 0.034715 0.286877 0.483772 0.017067 0.177569
2 2 0.011414 0.174182 0.759354 0.008207 0.046844
2 2 0.006239 0.068657 0.894574 0.017773 0.012757
2 2 0.002509 0.030225 0.944573 0.017436 0.005258
2 2 0.002445 0.021479 0.936287 0.035404 0.004385
2 2 0.001522 0.011281 0.930207 0.054506 0.002484
2 2 0.001865 0.009242 0.865172 0.121211 0.002510
2 3 0.002910 0.009103 0.737936 0.246917 0.003133
2 2 0.005409 0.010861 0.569087 0.409933 0.004710
2 2 0.008726 0.015068 0.528512 0.440646 0.007047
3 2 0.013714 0.017779 0.412053 0.546785 0.009668
3 2 0.016655 0.018550 0.349110 0.604740 0.010945
3 2 0.021373 0.021530 0.303344 0.640246 0.013508
3 2 0.016860 0.013870 0.217993 0.741581 0.009695
3 2 0.017785 0.013757 0.199435 0.759080 0.009943
3 2 0.020709 0.014492 0.183708 0.770130 0.010961
3 2 0.015704 0.010246 0.156293 0.809715 0.008043
3 3 0.006432 0.003821 0.094671 0.891847 0.003230
3 2 0.006349 0.003562 0.083615 0.903360 0.003114
3 2 0.009202 0.004881 0.085102 0.896440 0.004375
3 2 0.011250 0.006018 0.093093 0.884295 0.005345
3 2 0.010055 0.005206 0.083563 0.896452 0.004724
3 2 0.011954 0.006010 0.083619 0.892889 0.005528
3 2 0.013887 0.006649 0.079646 0.893546 0.006272
3 2 0.015511 0.007530 0.085279 0.884650 0.007030
3 2 0.015275 0.007401 0.084477 0.885927 0.006919
3 2 0.014031 0.006726 0.080155 0.892750 0.006339
3 2 0.012453 0.005882 0.074437 0.901622 0.005606
3 2 0.013746 0.006572 0.079143 0.894333 0.006206
3 2 0.010125 0.004662 0.065419 0.915265 0.004529
3 2 0.009289 0.004231 0.061975 0.920361 0.004144
3 2 0.008667 0.003915 0.059335 0.924224 0.003859
3 2 0.009056 0.004113 0.060996 0.921799 0.004037
3 2 0.008403 0.003781 0.058190 0.925888 0.003738
3 2 0.009386 0.004281 0.062383 0.919760 0.004189
3 2 0.008629 0.003896 0.059173 0.924461 0.003841
3 2 0.013219 0.006290 0.077249 0.897281 0.005961
3 2 0.011091 0.005164 0.069253 0.909518 0.004975
3 2 0.012243 0.005770 0.073652 0.902827 0.005508
3 3 0.011587 0.005424 0.071170 0.906615 0.005204
3 2 0.010383 0.004795 0.066458 0.913715 0.004648
3 2 0.010487 0.004849 0.066871 0.913098 0.004696
3 2 0.008875 0.004021 0.060226 0.922924 0.003954
3 2 0.006925 0.003044 0.051508 0.935459 0.003063
3 2 0.007915 0.003536 0.056038 0.928997 0.003514
3 3 0.005831 0.002511 0.046191 0.942901 0.002566
3 2 0.005486 0.002345 0.044437 0.945323 0.002409
3 2 0.006281 0.002729 0.048422 0.939798 0.002770
3 3 0.007059 0.003110 0.052136 0.934571 0.003124
3 3 0.008700 0.003932 0.059477 0.924018 0.003874
3 2 0.011864 0.005570 0.072226 0.905007 0.005333
3 2 0.009471 0.004361 0.063844 0.918082 0.004243
3 2 0.008552 0.003857 0.058838 0.924948 0.003806
3 3 0.009935 0.004563 0.064645 0.916416 0.004441
3 3 0.008741 0.003952 0.059652 0.923762 0.003893
3 2 0.007888 0.003523 0.055919 0.929168 0.003502
3 2 0.006677 0.002922 0.050330 0.937121 0.002950
3 2 0.006741 0.002954 0.050639 0.936687 0.002979
3 2 0.007042 0.003102 0.052056 0.934683 0.003116
3 2 0.008883 0.004025 0.060261 0.922874 0.003958
3 2 0.011861 0.005568 0.072215 0.905024 0.005331
3 2 0.016884 0.008284 0.089844 0.877316 0.007672
3 2 0.017967 0.008886 0.093334 0.871634 0.008180
3 2 0.015015 0.007259 0.083587 0.887341 0.006798
3 2 0.015775 0.007674 0.086169 0.883229 0.007153
3 2 0.013506 0.006444 0.078285 0.895670 0.006095
3 2 0.013283 0.006324 0.077480 0.896922 0.005991
3 2 0.010829 0.005027 0.068227 0.911063 0.004854
3 2 0.009946 0.004569 0.064692 0.916346 0.004447
3 2 0.009054 0.004112 0.060987 0.921811 0.004036
3 2 0.011825 0.005549 0.072079 0.905231 0.005315
3 2 0.010683 0.004951 0.067652 0.911926 0.004787
3 2 0.011174 0.005207 0.069577 0.909028 0.005013
3 2 0.009513 0.004347 0.062912 0.918981 0.004247
3 2 0.012359 0.005832 0.074088 0.902159 0.005562
3 2 0.010106 0.004652 0.065341 0.915382 0.004520
3 2 0.010742 0.004982 0.067884 0.911579 0.004814
2 2 0.129856 0.181367 0.477384 0.120518 0.090877
2 2 0.215575 0.216890 0.290234 0.093536 0.183766
2 2 0.162062 0.280811 0.287156 0.040996 0.228976
2 0 0.106352 0.326803 0.327042 0.022167 0.217636
2 0 0.040412 0.279947 0.505761 0.022842 0.151038
2 1 0.025147 0.259839 0.564104 0.013336 0.137573
2 1 0.019706 0.252830 0.519591 0.008364 0.199508
2 1 0.010176 0.161231 0.751261 0.006153 0.071179
2 2 0.006828 0.107098 0.844437 0.006616 0.035020
2 2 0.007545 0.111936 0.838129 0.006928 0.035461
2 2 0.011722 0.168976 0.734967 0.007075 0.077261
2 2 0.022416 0.247621 0.470552 0.008919 0.250493
2 2 0.023381 0.257105 0.378150 0.007982 0.333382
4 2 0.031118 0.253444 0.233144 0.005684 0.476611
4 4 0.027346 0.255952 0.225474 0.004398 0.486830
4 4 0.030512 0.233730 0.162885 0.003009 0.569864
4 4 0.028665 0.235760 0.164525 0.002796 0.568254
4 4 0.033971 0.238229 0.153047 0.002771 0.571982
4 4 0.030650 0.268250 0.207794 0.003595 0.489711
4 4 0.033269 0.267722 0.202170 0.003722 0.493116
4 4 0.034688 0.278327 0.217763 0.004145 0.465077
4 4 0.033485 0.284743 0.233248 0.004370 0.444153
4 4 0.031445 0.292021 0.261846 0.004677 0.410011
4 4 0.026338 0.287024 0.331779 0.004959 0.349900
4 4 0.033145 0.270724 0.255473 0.005323 0.435335
4 4 0.030391 0.262512 0.254238 0.005526 0.447333
4 4 0.031181 0.246820 0.214227 0.005048 0.502724
4 4 0.028196 0.252669 0.239809 0.005473 0.473852
4 4 0.028005 0.240436 0.209258 0.004561 0.517740
4 4 0.029274 0.253326 0.230625 0.005173 0.481602
4 4 0.033307 0.229786 0.169754 0.003864 0.563289
4 4 0.033926 0.262841 0.225414 0.005201 0.472619
4 4 0.027682 0.279225 0.285458 0.005633 0.402001
4 4 0.030657 0.281111 0.270958 0.005759 0.411515
4 4 0.030865 0.295561 0.280663 0.005469 0.387441
2 4 0.024674 0.302006 0.401671 0.006218 0.265432
2 4 0.023627 0.302961 0.429084 0.005638 0.238689
2 4 0.015028 0.249178 0.599117 0.006123 0.130555
2 2 0.010025 0.196432 0.719610 0.005840 0.068093
2 2 0.009205 0.177241 0.757789 0.006051 0.049714
2 2 0.006184 0.133794 0.831494 0.005116 0.023412
2 2 0.004163 0.100848 0.878099 0.004071 0.012818
2 2 0.003331 0.093682 0.888651 0.003268 0.011069
2 2 0.002645 0.080120 0.905532 0.002702 0.009000
2 2 0.001879 0.062536 0.926984 0.002049 0.006553
2 2 0.001828 0.057098 0.932921 0.002070 0.006082
2 2 0.001945 0.055722 0.933944 0.002247 0.006142
2 2 0.001627 0.049849 0.941326 0.001928 0.005271
2 2 0.002835 0.060247 0.925969 0.003336 0.007614
2 2 0.012996 0.097016 0.858823 0.011597 0.019568
2 2 0.040598 0.134791 0.748755 0.035480 0.040376
2 2 0.087162 0.188304 0.582543 0.069621 0.072371
2 2 0.163280 0.212474 0.434516 0.088721 0.101008
0 2 0.493700 0.162960 0.127111 0.083962 0.132267
0 2 0.670196 0.123820 0.056102 0.033876 0.116006
0 2 0.715078 0.110156 0.042102 0.024717 0.107947
0 2 0.551693 0.182996 0.095273 0.033871 0.136168
1 2 0.234150 0.347601 0.253031 0.022455 0.142764
1 2 0.101841 0.383177 0.341516 0.013861 0.159605
2 2 0.059339 0.347740 0.434525 0.013904 0.144492
0 2 0.404099 0.236851 0.121746 0.022889 0.214415
0 2 0.337956 0.278420 0.151259 0.019959 0.212405
1 0 0.187549 0.337876 0.169046 0.008209 0.297320
1 1 0.186670 0.332426 0.159413 0.007492 0.313999
0 1 0.408584 0.266827 0.118304 0.014966 0.191319
0 2 0.563178 0.182068 0.089577 0.026743 0.138433
0 2 0.603967 0.152359 0.085127 0.034491 0.124057
0 2 0.627719 0.136094 0.072447 0.042235 0.121505
0 2 0.664820 0.125360 0.057895 0.035069 0.116857
0 2 0.672580 0.123131 0.055315 0.033353 0.115621
0 2 0.695680 0.116239 0.047938 0.028500 0.111643
0 2 0.528562 0.190355 0.105523 0.037182 0.138378
1 0 0.297502 0.298474 0.223380 0.033945 0.146699
2 1 0.114368 0.361341 0.381769 0.023131 0.119391
2 1 0.057254 0.339658 0.430330 0.016161 0.156597
2 1 0.019055 0.220224 0.692239 0.012027 0.056456
2 1 0.006896 0.118121 0.850507 0.006709 0.017766
2 2 0.004405 0.090018 0.888861 0.004581 0.012135
2 2 0.001787 0.051897 0.938566 0.002108 0.005641
2 2 0.001589 0.045947 0.945584 0.001947 0.004933
2 2 0.004733 0.066693 0.913193 0.005317 0.010064
2 2 0.017405 0.104327 0.842498 0.013029 0.022742
2 2 0.077544 0.182413 0.635917 0.041337 0.062790
2 2 0.115300 0.202965 0.529586 0.068753 0.083397
0 2 0.352721 0.204765 0.212193 0.095040 0.135281
0 2 0.547652 0.153555 0.102810 0.066218 0.129765
0 2 0.587657 0.145097 0.086246 0.054467 0.126533
0 2 0.663260 0.125802 0.058420 0.035419 0.117099
0 2 0.637792 0.132777 0.067274 0.041379 0.120778
0 2 0.500616 0.161886 0.123870 0.081562 0.132064
0 2 0.318669 0.227807 0.230221 0.084726 0.138577
1 2 0.254629 0.284232 0.264099 0.042098 0.154941
2 2 0.061788 0.274262 0.524393 0.018123 0.121433
2 2 0.053676 0.286750 0.460633 0.012172 0.186769
2 2 0.012615 0.119265 0.827856 0.012390 0.027875
2 2 0.008373 0.095918 0.869767 0.009239 0.016703
2 2 0.004384 0.080886 0.898696 0.004789 0.011245
2 2 0.016497 0.132145 0.815036 0.010327 0.025995
2 2 0.021092 0.116560 0.820570 0.015134 0.026644
2 2 0.077825 0.179385 0.629988 0.049096 0.063705
2 2 0.130691 0.214887 0.495641 0.068082 0.090700
0 2 0.435506 0.185879 0.158334 0.083751 0.136530
0 2 0.700497 0.114753 0.046458 0.027535 0.110756
0 2 0.734823 0.103689 0.036506 0.021143 0.103839
0 2 0.562600 0.168862 0.093735 0.041680 0.133122
1 2 0.216931 0.321771 0.288167 0.035057 0.138073
2 2 0.113231 0.353067 0.393546 0.026063 0.114092
2 2 0.042987 0.298814 0.558834 0.019041 0.080323
2 2 0.022051 0.211099 0.709188 0.014886 0.042776
2 2 0.006518 0.118828 0.850968 0.006274 0.017413
2 2 0.003097 0.075145 0.909213 0.003334 0.009211
2 2 0.002311 0.066525 0.921168 0.002525 0.007471
2 2 0.001761 0.058156 0.932053 0.001968 0.006063
2 2 0.001371 0.049077 0.943107 0.001597 0.004848
2 2 0.001162 0.042896 0.950420 0.001404 0.004118
2 2 0.000868 0.032082 0.962749 0.001286 0.003015
2 2 0.000982 0.031605 0.962489 0.001729 0.003194
2 2 0.001204 0.032521 0.960190 0.002479 0.003606
2 2 0.001055 0.024323 0.968087 0.003623 0.002912
2 2 0.001164 0.022699 0.968040 0.005138 0.002960
0 2 0.548075 0.153472 0.102629 0.066087 0.129737
0 2 0.727453 0.106135 0.038554 0.022444 0.105414
0 2 0.806265 0.078061 0.019317 0.010554 0.085804
0 2 0.803768 0.079013 0.019833 0.010862 0.086524
0 0 0.782485 0.089079 0.023842 0.011954 0.092640
0 0 0.424038 0.249915 0.131920 0.024014 0.170114
2 0 0.131929 0.358833 0.363687 0.024785 0.120767
2 0 0.070794 0.336751 0.478420 0.021842 0.092193
2 1 0.020630 0.229267 0.696655 0.010697 0.042752
2 1 0.009930 0.155307 0.802362 0.007728 0.024674
2 1 0.004050 0.088101 0.892110 0.004205 0.011534
2 2 0.001407 0.047018 0.945138 0.001677 0.004759
2 2 0.002094 0.049759 0.939708 0.002575 0.005864
2 2 0.009186 0.084571 0.883451 0.007657 0.015135
2 2 0.065223 0.172155 0.671589 0.035302 0.055730
2 2 0.184432 0.227779 0.396642 0.081198 0.109948
0 2 0.324379 0.234264 0.225166 0.075811 0.140380
0 2 0.285269 0.262702 0.250015 0.060969 0.141044
2 0 0.160821 0.300658 0.370029 0.046720 0.121772
2 1 0.058587 0.287335 0.545627 0.025017 0.083434
2 2 0.021804 0.242330 0.646365 0.011253 0.078248
2 2 0.007339 0.145845 0.809964 0.005629 0.031224
2 2 0.004065 0.084136 0.896297 0.004314 0.011188
2 2 0.001729 0.040288 0.949396 0.003674 0.004913
2 2 0.001347 0.029429 0.961271 0.004281 0.003672
2 2 0.000996 0.021319 0.970606 0.004426 0.002653
2 2 0.000826 0.016001 0.975652 0.005445 0.002076
2 2 0.000547 0.009382 0.981162 0.007626 0.001283
2 2 0.000472 0.008955 0.983164 0.006249 0.001161
2 2 0.000643 0.010238 0.978680 0.008976 0.001463
2 2 0.000573 0.011434 0.981226 0.005318 0.001448
2 2 0.001544 0.021688 0.966168 0.007358 0.003243
2 2 0.003696 0.045391 0.937357 0.006377 0.007179
2 2 0.005364 0.060801 0.916795 0.006962 0.010078
2 1 0.004410 0.059583 0.920320 0.006419 0.009268
2 1 0.004674 0.061807 0.916656 0.007071 0.009793
2 2 0.003718 0.068192 0.914482 0.004295 0.009312
2 1 0.003912 0.070449 0.911421 0.004485 0.009734
2 2 0.003275 0.064055 0.920396 0.003825 0.008448
2 2 0.001114 0.032387 0.961451 0.001678 0.003370
2 2 0.002525 0.044371 0.943874 0.003359 0.005870
2 2 0.010427 0.078313 0.884507 0.011162 0.015591
2 2 0.055310 0.151777 0.698269 0.044683 0.049961
2 2 0.148818 0.213447 0.458211 0.082422 0.097101
0 2 0.503327 0.175807 0.122098 0.062953 0.135814
0 2 0.677586 0.121670 0.053677 0.032269 0.114797
0 1 0.754328 0.097034 0.031329 0.017886 0.099423
0 1 0.756291 0.096870 0.030683 0.017110 0.099046
0 1 0.436870 0.256384 0.134728 0.023598 0.148420
1 2 0.245855 0.343582 0.231191 0.020156 0.159216
1 2 0.125737 0.373660 0.319786 0.016299 0.164518
2 2 0.058534 0.350344 0.382008 0.012990 0.196124
2 2 0.025859 0.250835 0.638789 0.012565 0.071952
2 2 0.022369 0.230157 0.666933 0.010413 0.070128
2 1 0.014377 0.169912 0.768761 0.010231 0.036719
2 2 0.010123 0.152826 0.800508 0.008818 0.027725
2 2 0.015137 0.199450 0.727187 0.009075 0.049151
2 2 0.016077 0.221192 0.681896 0.008711 0.072124
2 2 0.030601 0.287425 0.498625 0.011111 0.172239
2 2 0.028935 0.277113 0.507752 0.011437 0.174764
2 2 0.108530 0.229220 0.523009 0.052591 0.086650
2 2 0.215959 0.255823 0.339203 0.065080 0.123935
0 2 0.297032 0.255111 0.242304 0.064343 0.141210
0 2 0.310595 0.290802 0.216029 0.035427 0.147147
1 1 0.207783 0.331757 0.291748 0.031454 0.137258
1 1 0.145808 0.366446 0.339973 0.022391 0.125382
2 1 0.104858 0.356953 0.406294 0.022228 0.109667
2 1 0.029808 0.229612 0.681975 0.011075 0.047530
2 1 0.011598 0.138878 0.815432 0.009717 0.024375
2 2 0.004847 0.083364 0.894506 0.005296 0.011987
2 2 0.014374 0.122735 0.828870 0.010345 0.023675
2 2 0.057764 0.198645 0.665441 0.021960 0.056190
2 2 0.268834 0.261705 0.293938 0.045791 0.129732
0 2 0.448451 0.215752 0.144873 0.047330 0.143594
0 2 0.617074 0.152969 0.070244 0.030027 0.129686
0 0 0.510750 0.216297 0.105527 0.024955 0.142470
0 0 0.626495 0.172041 0.059382 0.014371 0.127711
0 1 0.433021 0.189706 0.056143 0.007549 0.313581
4 1 0.430751 0.101915 0.014550 0.001719 0.451065
4 1 0.357482 0.129181 0.027817 0.003530 0.481990
0 0 0.476058 0.091875 0.011014 0.001285 0.419768
4 0 0.297658 0.080997 0.008074 0.000540 0.612731
4 0 0.282714 0.051421 0.002421 0.000097 0.663347
4 1 0.193334 0.034412 0.000992 0.000023 0.771239
4 1 0.321906 0.046282 0.001755 0.000068 0.629989
4 0 0.176943 0.048664 0.002588 0.000080 0.771725
4 0 0.102642 0.038110 0.001865 0.000039 0.857344
4 0 0.094876 0.028786 0.000940 0.000015 0.875384
4 0 0.158784 0.039844 0.001620 0.000040 0.799712
4 0 0.195715 0.055172 0.003427 0.000125 0.745560
4 0 0.121491 0.043526 0.002386 0.000059 0.832537
4 0 0.091951 0.034685 0.001561 0.000029 0.871774
4 0 0.109370 0.030191 0.000974 0.000017 0.859449
4 0 0.099907 0.033844 0.001389 0.000026 0.864833
4 0 0.102169 0.037555 0.001800 0.000037 0.858439
4 0 0.108287 0.041209 0.002216 0.000051 0.848237
4 0 0.135626 0.043984 0.002298 0.000060 0.818032
4 0 0.265906 0.049510 0.002240 0.000084 0.682260
4 0 0.277210 0.058571 0.003449 0.000157 0.660613
4 0 0.412567 0.067591 0.004639 0.000324 0.514879
0 0 0.476806 0.073259 0.005847 0.000522 0.443567
0 0 0.496944 0.052908 0.002429 0.000159 0.447559
0 0 0.595791 0.045809 0.001786 0.000132 0.356483
0 0 0.736207 0.040288 0.001654 0.000181 0.221670
0 1 0.842921 0.034832 0.001742 0.000318 0.120187
0 1 0.883893 0.032039 0.001890 0.000477 0.081700
0 0 0.885363 0.042626 0.004788 0.001994 0.065229
0 1 0.770555 0.098855 0.017516 0.004223 0.108852
0 1 0.619022 0.185183 0.040473 0.004626 0.150696
0 1 0.351741 0.321203 0.136006 0.010299 0.180751
1 1 0.189152 0.377349 0.268489 0.016182 0.148828
1 2 0.142552 0.381005 0.318275 0.017030 0.141138
2 2 0.030269 0.276633 0.622483 0.013464 0.057151
2 2 0.017013 0.214822 0.720784 0.009504 0.037876
2 2 0.006350 0.131652 0.838839 0.005033 0.018126
2 2 0.001941 0.070042 0.918811 0.002020 0.007186
2 2 0.000898 0.044264 0.950037 0.001031 0.003770
2 2 0.001835 0.049311 0.941240 0.002137 0.005477
2 2 0.002460 0.048043 0.940219 0.003146 0.006132
2 2 0.013375 0.101419 0.852247 0.012369 0.020591
2 2 0.005515 0.082254 0.893983 0.005807 0.012441
2 2 0.006397 0.104262 0.867207 0.006409 0.015724
2 2 0.010430 0.132218 0.827497 0.007769 0.022086
2 2 0.025510 0.177685 0.747879 0.011531 0.037394
2 2 0.086171 0.219772 0.601428 0.023600 0.069028
2 2 0.172271 0.255068 0.426215 0.041021 0.105424
2 2 0.215816 0.262540 0.332614 0.062936 0.126095
0 2 0.282247 0.268638 0.230320 0.048171 0.170625
0 2 0.533938 0.182848 0.064684 0.013782 0.204747
0 0 0.749664 0.085033 0.016345 0.005648 0.143310
0 1 0.715284 0.084659 0.013559 0.003608 0.182891
4 1 0.378548 0.100304 0.013894 0.001417 0.505837
4 1 0.261875 0.098356 0.014394 0.001117 0.624258
4 0 0.294772 0.120282 0.024472 0.002606 0.557869
4 1 0.222050 0.172455 0.054438 0.004791 0.546266
4 1 0.167099 0.259097 0.122188 0.007539 0.444076
1 1 0.080058 0.329191 0.281824 0.011595 0.297331
2 1 0.045109 0.330321 0.408432 0.012705 0.203434
2 1 0.029394 0.295696 0.508202 0.010689 0.156018
2 2 0.010074 0.182550 0.756803 0.007098 0.043475
2 2 0.005096 0.127383 0.844368 0.004366 0.018787
2 2 0.004290 0.112043 0.865689 0.004007 0.013971
2 2 0.002013 0.078042 0.910079 0.002002 0.007864
2 2 0.003486 0.084111 0.898406 0.003551 0.010446
2 2 0.022599 0.142843 0.790924 0.012683 0.030950
2 2 0.073061 0.192793 0.637890 0.033718 0.062539
2 2 0.176466 0.238300 0.406655 0.069144 0.109435
0 2 0.327630 0.229043 0.224047 0.079762 0.139518
0 0 0.546652 0.174580 0.100370 0.043515 0.134883
0 1 0.562361 0.178721 0.090998 0.033016 0.134903
0 1 0.623537 0.163687 0.064783 0.020427 0.127567
0 2 0.653719 0.156468 0.051029 0.013564 0.125221
0 2 0.500522 0.128428 0.030124 0.005954 0.334972
0 0 0.542656 0.114574 0.022632 0.004415 0.315724
0 0 0.572156 0.113330 0.023014 0.004940 0.286560
0 0 0.678132 0.109180 0.028317 0.009983 0.174388
0 1 0.662548 0.102705 0.021160 0.005866 0.207721
0 1 0.477614 0.116970 0.022361 0.003630 0.379424
4 1 0.219655 0.108115 0.020146 0.001608 0.650476
4 1 0.169648 0.195939 0.075503 0.005467 0.553443
4 1 0.087891 0.243403 0.120540 0.004321 0.543846
4 1 0.040910 0.301989 0.278295 0.006927 0.371879
4 4 0.036963 0.296369 0.282097 0.006741 0.377830
4 4 0.040802 0.285794 0.245419 0.006100 0.421884
4 4 0.053546 0.239803 0.151055 0.004434 0.551162
4 4 0.064673 0.134662 0.050247 0.002038 0.748379
4 4 0.039171 0.057802 0.010613 0.000286 0.892128
4 4 0.024061 0.037880 0.004878 0.000081 0.933101
4 4 0.015987 0.024844 0.002158 0.000022 0.956988
4 4 0.017410 0.022361 0.001544 0.000015 0.958670
4 4 0.011776 0.014204 0.000626 0.000004 0.973390
4 4 0.013743 0.014143 0.000555 0.000003 0.971555
4 4 0.015503 0.016043 0.000706 0.000005 0.967743
4 4 0.016996 0.017843 0.000873 0.000007 0.964281
4 4 0.013004 0.014198 0.000583 0.000003 0.972212
4 4 0.014490 0.015908 0.000725 0.000005 0.968872
4 4 0.007481 0.011198 0.000467 0.000002 0.980852
4 4 0.007394 0.012553 0.000634 0.000003 0.979416
4 4 0.008371 0.014131 0.000789 0.000004 0.976704
4 4 0.006470 0.011509 0.000557 0.000003 0.981462
4 4 0.006578 0.011097 0.000501 0.000002 0.981822
4 4 0.005839 0.011890 0.000653 0.000003 0.981615
4 4 0.007366 0.015144 0.001035 0.000006 0.976449
4 4 0.006820 0.015167 0.001098 0.000006 0.976908
4 4 0.006650 0.015346 0.001153 0.000007 0.976844
4 4 0.008814 0.016006 0.001051 0.000007 0.974122
4 4 0.007737 0.016190 0.001188 0.000008 0.974876
4 4 0.012633 0.021078 0.001663 0.000014 0.964613
4 4 0.013448 0.017847 0.001031 0.000008 0.967666
4 4 0.013919 0.018536 0.001110 0.000009 0.966427
4 4 0.017875 0.021654 0.001394 0.000013 0.959064
4 4 0.021335 0.026647 0.002113 0.000024 0.949881
4 4 0.032900 0.038419 0.004066 0.000071 0.924544
4 4 0.032186 0.040962 0.004887 0.000090 0.921875
4 0 0.033018 0.039280 0.004299 0.000077 0.923326
4 4 0.038114 0.043490 0.005089 0.000102 0.913206
4 4 0.037313 0.054272 0.009281 0.000233 0.898902
4 4 0.019920 0.038015 0.005627 0.000091 0.936347
4 4 0.017560 0.031090 0.003630 0.000047 0.947673
4 4 0.012783 0.024267 0.002381 0.000024 0.960547
4 4 0.008905 0.016628 0.001152 0.000008 0.973308
4 4 0.009212 0.015449 0.000929 0.000006 0.974404
4 4 0.010067 0.015021 0.000810 0.000005 0.974097
4 4 0.009961 0.015111 0.000829 0.000005 0.974094
4 4 0.008526 0.013166 0.000648 0.000003 0.977656
4 4 0.005826 0.010900 0.000522 0.000002 0.982749
4 4 0.008440 0.012153 0.000530 0.000003 0.978874
4 4 0.013577 0.018335 0.001099 0.000008 0.966980
4 4 0.010739 0.021291 0.001917 0.000016 0.966037
4 4 0.008938 0.017858 0.001383 0.000010 0.971811
4 4 0.009641 0.019055 0.001551 0.000012 0.969741
4 4 0.012295 0.021154 0.001711 0.000015 0.964825
4 4 0.012245 0.024025 0.002391 0.000023 0.961315
4 4 0.010715 0.022249 0.002153 0.000019 0.964864
4 4 0.009541 0.021571 0.002158 0.000018 0.966711
4 4 0.010339 0.020957 0.001890 0.000016 0.966798
4 4 0.013498 0.024476 0.002342 0.000024 0.959661
4 4 0.011600 0.017717 0.001124 0.000008 0.969550
4 4 0.011976 0.015311 0.000752 0.000005 0.971956
4 4 0.014893 0.016271 0.000754 0.000005 0.968077
4 4 0.010394 0.014541 0.000728 0.000004 0.974333
4 4 0.010830 0.013261 0.000556 0.000003 0.975350
4 4 0.009453 0.012356 0.000510 0.000003 0.977679
4 4 0.012841 0.013149 0.000482 0.000003 0.973526
4 4 0.014590 0.015814 0.000711 0.000005 0.968881
4 4 0.016266 0.020365 0.001270 0.000011 0.962088
4 4 0.014925 0.025118 0.002332 0.000024 0.957600
4 4 0.013498 0.021653 0.001701 0.000015 0.963133
4 4 0.012052 0.019303 0.001367 0.000011 0.967268
4 4 0.021345 0.027088 0.002204 0.000026 0.949337
4 4 0.027250 0.039957 0.005143 0.000091 0.927559
4 4 0.030688 0.040233 0.004819 0.000087 0.924173
4 4 0.027013 0.047758 0.008286 0.000175 0.916767
4 4 0.015549 0.028495 0.003150 0.000037 0.952769
4 4 0.013713 0.024313 0.002276 0.000023 0.959676
4 4 0.013712 0.025799 0.002657 0.000028 0.957804
4 4 0.011230 0.023740 0.002466 0.000024 0.962540
4 4 0.008817 0.019159 0.001677 0.000013 0.970334
4 4 0.010227 0.020337 0.001761 0.000014 0.967660
4 4 0.013376 0.025919 0.002737 0.000029 0.957938
4 4 0.032653 0.152653 0.074263 0.001680 0.738751
4 4 0.032585 0.169083 0.089071 0.001941 0.707319
4 4 0.040976 0.230458 0.150035 0.003612 0.574919
4 4 0.031103 0.266702 0.251270 0.005368 0.445557
4 4 0.031038 0.284355 0.329136 0.006566 0.348904
4 4 0.053392 0.306173 0.271959 0.007458 0.361018
4 4 0.062216 0.323103 0.281529 0.008287 0.324866
4 4 0.080967 0.312010 0.209457 0.007003 0.390563
4 4 0.091424 0.276017 0.151979 0.005425 0.475155
4 4 0.094522 0.227518 0.100188 0.003658 0.574114
4 0 0.114276 0.221559 0.090821 0.003856 0.569488
4 1 0.138600 0.230013 0.090602 0.004253 0.536532
4 1 0.074531 0.190624 0.075174 0.002335 0.657336
4 1 0.056075 0.131696 0.047069 0.001573 0.763588
4 1 0.053563 0.105761 0.034781 0.001339 0.804557
4 1 0.056424 0.112821 0.038276 0.001492 0.790988
4 1 0.052779 0.191231 0.100370 0.003155 0.652465
4 1 0.046051 0.241780 0.153420 0.003782 0.554968
4 1 0.043468 0.241338 0.148103 0.003270 0.563822
4 1 0.044427 0.258107 0.168340 0.003736 0.525391
4 1 0.044970 0.312169 0.253312 0.005616 0.383934
2 2 0.028651 0.326038 0.445934 0.006614 0.192763
2 2 0.015106 0.274332 0.598789 0.005259 0.106514
2 2 0.011723 0.244467 0.666332 0.004788 0.072690
2 2 0.012479 0.244559 0.667132 0.004914 0.070916
2 2 0.006568 0.170187 0.785311 0.004108 0.033825
2 2 0.003842 0.109685 0.868917 0.003480 0.014077
2 2 0.003985 0.105796 0.872750 0.003709 0.013760
2 2 0.004703 0.112598 0.863678 0.004439 0.014582
2 2 0.007965 0.131049 0.835392 0.005947 0.019647
2 2 0.014895 0.170673 0.776413 0.007406 0.030613
2 2 0.015292 0.176801 0.764373 0.007905 0.035629
2 2 0.012657 0.170437 0.777697 0.006774 0.032435
2 2 0.010643 0.172925 0.774141 0.006004 0.036287
2 2 0.007976 0.164379 0.787870 0.004481 0.035294
2 2 0.006300 0.144985 0.815703 0.004593 0.028418
2 2 0.005747 0.150894 0.799773 0.003714 0.039872
2 2 0.004300 0.114707 0.852921 0.003239 0.024834
2 2 0.003378 0.093516 0.883235 0.002845 0.017026
2 2 0.003950 0.102459 0.869643 0.003177 0.020771
2 2 0.004074 0.084462 0.889640 0.004906 0.016918
2 2 0.004094 0.074500 0.899585 0.006375 0.015447
2 2 0.003496 0.059784 0.917150 0.007569 0.012001
2 2 0.002741 0.047611 0.932958 0.007832 0.008857
2 2 0.002681 0.045717 0.935076 0.008265 0.008260
2 2 0.002666 0.045210 0.935314 0.008741 0.008068
2 2 0.001880 0.036119 0.950183 0.006851 0.004967
2 2 0.001838 0.035967 0.951669 0.005702 0.004824
2 2 0.001543 0.037126 0.953816 0.003124 0.004392
2 2 0.002067 0.044552 0.944554 0.003300 0.005526
2 2 0.003182 0.054773 0.929769 0.004659 0.007616
2 2 0.004427 0.062509 0.917122 0.006342 0.009601
2 1 0.007396 0.082768 0.886941 0.008599 0.014296
2 1 0.008125 0.091027 0.875934 0.009042 0.015872
2 1 0.029388 0.151464 0.764866 0.017754 0.036528
2 1 0.029327 0.145057 0.769105 0.020464 0.036047
2 2 0.034703 0.162545 0.730604 0.028763 0.043385
2 2 0.016192 0.122369 0.817781 0.017361 0.026297
2 2 0.015003 0.114956 0.829267 0.016417 0.024357
2 2 0.005543 0.078436 0.897499 0.006349 0.012172
2 2 0.001551 0.045332 0.945927 0.002264 0.004926
2 2 0.002204 0.053227 0.934534 0.003560 0.006475
2 2 0.001808 0.036919 0.951191 0.005234 0.004848
2 2 0.002074 0.031756 0.952012 0.009346 0.004813
2 2 0.001964 0.026566 0.955294 0.011914 0.004262
2 2 0.002036 0.022034 0.954116 0.017891 0.003923
2 2 0.001648 0.018244 0.959725 0.017194 0.003189
2 2 0.001547 0.018048 0.962579 0.014773 0.003053
2 2 0.001123 0.017382 0.970661 0.008301 0.002533
2 2 0.001138 0.018523 0.969762 0.007926 0.002652
2 2 0.000797 0.014698 0.975565 0.006960 0.001980
2 2 0.001158 0.019161 0.968797 0.008144 0.002740
2 1 0.001161 0.019551 0.969180 0.007353 0.002754
2 2 0.001995 0.023567 0.955963 0.014472 0.004004
2 2 0.001905 0.022290 0.956504 0.015483 0.003817
2 2 0.002398 0.021587 0.944613 0.027151 0.004251
2 2 0.002747 0.022809 0.938156 0.031598 0.004691
2 2 0.005075 0.033351 0.907546 0.046224 0.007805
2 2 0.007130 0.039408 0.879929 0.063380 0.010152
2 2 0.007905 0.034638 0.843141 0.104211 0.010106
2 2 0.009906 0.045043 0.844531 0.087644 0.012876
2 2 0.011290 0.046733 0.823470 0.104438 0.014070
2 2 0.010378 0.044940 0.827406 0.103965 0.013311
2 2 0.009392 0.047101 0.850587 0.079973 0.012948
2 2 0.008503 0.046507 0.862415 0.070321 0.012254
2 2 0.008600 0.048202 0.868170 0.062570 0.012458
2 2 0.008210 0.041539 0.858032 0.080880 0.011338
2 2 0.007029 0.029961 0.830553 0.123511 0.008947
2 2 0.006868 0.022247 0.752134 0.211083 0.007668
2 2 0.008552 0.023902 0.706945 0.251724 0.008878
2 2 0.009937 0.022498 0.624022 0.334221 0.009322
2 2 0.010341 0.026218 0.691887 0.261418 0.010136
2 2 0.010997 0.028088 0.712846 0.237361 0.010708
2 2 0.009849 0.031327 0.788632 0.159588 0.010604
2 2 0.009064 0.032760 0.810572 0.137133 0.010471
2 2 0.008900 0.036992 0.830687 0.112318 0.011103
2 2 0.009820 0.049227 0.851433 0.076039 0.013482
2 2 0.009958 0.060731 0.868214 0.045983 0.015113
2 2 0.008568 0.057726 0.884067 0.035765 0.013874
2 2 0.005870 0.045412 0.907381 0.031519 0.009818
2 2 0.004467 0.036138 0.920064 0.031696 0.007635
2 2 0.006162 0.042132 0.899826 0.042143 0.009737
2 2 0.005637 0.043669 0.912465 0.028896 0.009333
2 2 0.006378 0.040235 0.896124 0.047619 0.009644
2 2 0.004183 0.028250 0.916050 0.045026 0.006492
2 2 0.003299 0.019345 0.907221 0.065365 0.004770
2 2 0.003543 0.022727 0.917291 0.051104 0.005335
2 2 0.004525 0.028498 0.909915 0.050286 0.006777
2 2 0.004284 0.029197 0.918425 0.041455 0.006639
2 2 0.003727 0.021433 0.905017 0.064495 0.005329
2 2 0.004922 0.023740 0.873823 0.091002 0.006513
2 2 0.004947 0.021408 0.849101 0.118301 0.006242
2 2 0.007997 0.027023 0.777204 0.178719 0.009056
2 2 0.007649 0.023614 0.742603 0.217815 0.008319
2 2 0.007876 0.019873 0.664064 0.300412 0.007776
2 2 0.008141 0.018675 0.628897 0.336632 0.007655
2 2 0.009797 0.021897 0.627727 0.331493 0.009086
2 2 0.010288 0.018687 0.521469 0.440870 0.008686
2 2 0.012129 0.021562 0.517428 0.438736 0.010145
3 2 0.013035 0.019423 0.428416 0.529063 0.010062
3 2 0.015020 0.016585 0.292598 0.665681 0.010116
3 2 0.015733 0.017257 0.285723 0.670681 0.010605
3 2 0.016399 0.019045 0.304461 0.648696 0.011399
3 2 0.011786 0.011826 0.243592 0.725197 0.007599
3 2 0.011829 0.011055 0.227076 0.742709 0.007332
3 2 0.014883 0.013242 0.232551 0.730397 0.008927
3 2 0.011247 0.009484 0.213586 0.759155 0.006528
3 2 0.010729 0.008532 0.186769 0.787877 0.006092
3 2 0.013154 0.010250 0.195876 0.773371 0.007349
3 2 0.011255 0.007607 0.149897 0.825349 0.005892
3 2 0.013869 0.009423 0.162459 0.807006 0.007242
3 2 0.013356 0.008969 0.156784 0.813945 0.006947
3 2 0.009776 0.006960 0.158449 0.819570 0.005245
3 2 0.011455 0.007813 0.153402 0.821312 0.006018
3 2 0.016259 0.011437 0.170669 0.792955 0.008681
3 2 0.012735 0.007142 0.107269 0.866700 0.006154
3 2 0.016653 0.008757 0.103182 0.863618 0.007790
3 2 0.022498 0.011453 0.107010 0.848723 0.010316
3 2 0.019376 0.009987 0.104337 0.857341 0.008959
3 2 0.024588 0.012943 0.118001 0.833058 0.011409
3 2 0.024728 0.017161 0.175325 0.769612 0.013174
3 2 0.018252 0.013797 0.185214 0.772572 0.010166
3 2 0.018912 0.017610 0.240102 0.711637 0.011739
3 2 0.016643 0.013245 0.190748 0.769814 0.009550
3 2 0.017533 0.013864 0.199616 0.759032 0.009954
3 2 0.021383 0.015439 0.186587 0.765032 0.011559
3 2 0.030460 0.028403 0.292582 0.630068 0.018486
2 2 0.024332 0.034486 0.517554 0.406088 0.017539
2 2 0.020762 0.049746 0.757586 0.153215 0.018691
2 2 0.027999 0.098234 0.793085 0.050898 0.029784
2 0 0.025360 0.111460 0.796131 0.036471 0.030578
2 1 0.060719 0.175958 0.654418 0.050218 0.058688
2 2 0.153878 0.223900 0.480018 0.048702 0.093502
0 2 0.422335 0.207153 0.179107 0.055508 0.135896
0 2 0.493055 0.187368 0.125776 0.055356 0.138444
0 2 0.561052 0.160154 0.089450 0.043940 0.145404
0 2 0.534517 0.162614 0.108216 0.062286 0.132368
0 2 0.538761 0.177649 0.103679 0.044163 0.135748
0 2 0.334206 0.268471 0.207114 0.043660 0.146549
1 2 0.250584 0.308113 0.271071 0.031055 0.139177
2 2 0.110575 0.328034 0.345408 0.017082 0.198901
2 2 0.062825 0.334166 0.386121 0.011102 0.205785
2 2 0.028847 0.262616 0.585804 0.010928 0.111805
2 2 0.036673 0.270390 0.570180 0.011228 0.111529
2 2 0.014975 0.193677 0.724657 0.008482 0.058209
2 2 0.011176 0.200820 0.717427 0.005826 0.064750
2 2 0.006521 0.158149 0.784377 0.004072 0.046882
2 2 0.006098 0.149528 0.800257 0.004011 0.040107
2 2 0.006321 0.148435 0.802357 0.004270 0.038617
2 2 0.008909 0.187946 0.727625 0.005003 0.070517
2 2 0.007252 0.184478 0.720792 0.003601 0.083877
2 2 0.010350 0.216370 0.639783 0.004607 0.128891
2 2 0.012918 0.231723 0.594573 0.005566 0.155220
2 2 0.014399 0.234408 0.584871 0.006299 0.160023
2 2 0.013553 0.231180 0.648754 0.005737 0.100776
1 2 0.115127 0.339963 0.330779 0.015065 0.199066
2 2 0.181498 0.317289 0.336810 0.027361 0.137042
1 2 0.218989 0.313862 0.238149 0.025950 0.203050
1 2 0.200487 0.307159 0.262120 0.031413 0.198821
2 2 0.165147 0.305837 0.307712 0.037056 0.184247
2 2 0.021434 0.265569 0.470946 0.008359 0.233693
2 2 0.026643 0.279185 0.427652 0.008883 0.257637
4 2 0.050747 0.304054 0.305931 0.010393 0.328875
4 2 0.095415 0.301249 0.212646 0.009676 0.381014
4 2 0.135030 0.292193 0.165304 0.008584 0.398889
4 2 0.180090 0.306804 0.166899 0.010280 0.335926
1 2 0.159686 0.323016 0.206349 0.012677 0.298273
1 2 0.118882 0.336136 0.317279 0.021344 0.206360
2 2 0.080485 0.306471 0.492247 0.026519 0.094278
2 2 0.082247 0.326653 0.482595 0.017672 0.090833
2 2 0.094305 0.295855 0.498052 0.021980 0.089808
2 2 0.153809 0.274013 0.439841 0.029735 0.102603
0 2 0.298150 0.262831 0.212335 0.037360 0.189323
0 2 0.397150 0.215521 0.119691 0.028874 0.238764
0 2 0.487781 0.157929 0.055222 0.013767 0.285301
0 0 0.582794 0.120093 0.028539 0.007123 0.261452
0 0 0.541684 0.120600 0.026613 0.005635 0.305469
4 0 0.235806 0.105580 0.018281 0.001465 0.638868
4 1 0.133584 0.080805 0.011732 0.000567 0.773311
4 1 0.103103 0.077133 0.012095 0.000522 0.807147
4 1 0.107608 0.141280 0.033852 0.001200 0.716061
4 1 0.120304 0.146176 0.034810 0.001320 0.697390
4 1 0.172223 0.195673 0.056099 0.002703 0.573302
4 1 0.198085 0.144112 0.028177 0.001423 0.628204
4 1 0.188369 0.183987 0.046637 0.002273 0.578734
4 1 0.110268 0.115225 0.025863 0.001149 0.747494
4 1 0.084984 0.087000 0.017099 0.000695 0.810223
4 0 0.071882 0.061264 0.008216 0.000259 0.858379
4 0 0.083212 0.066790 0.009408 0.000333 0.840257
4 0 0.090214 0.078329 0.013641 0.000577 0.817239
4 1 0.126430 0.109027 0.020176 0.000854 0.743514
4 1 0.097143 0.161314 0.049531 0.001850 0.690162
4 1 0.074791 0.203442 0.091165 0.003100 0.627502
4 1 0.080098 0.194106 0.079275 0.002736 0.643784
4 1 0.070977 0.227736 0.111101 0.003390 0.586797
4 1 0.090507 0.224128 0.098566 0.003499 0.583300
4 1 0.117726 0.245443 0.099251 0.003654 0.533926
4 0 0.144181 0.254509 0.095037 0.003696 0.502577
4 1 0.158747 0.314925 0.139140 0.005411 0.381776
4 1 0.192702 0.309708 0.129668 0.005905 0.362018
1 1 0.202516 0.349558 0.187972 0.010173 0.249780
1 1 0.151021 0.373604 0.297796 0.016838 0.160741
2 1 0.099623 0.372705 0.397967 0.019609 0.110096
2 2 0.050072 0.325882 0.522400 0.017527 0.084119
2 2 0.015502 0.215497 0.722254 0.009636 0.037111
2 2 0.006309 0.134068 0.835239 0.005701 0.018683
2 2 0.002534 0.073096 0.913390 0.002685 0.008294
2 2 0.001339 0.049892 0.942374 0.001542 0.004853
2 2 0.001099 0.043548 0.949984 0.001308 0.004062
2 2 0.001321 0.047885 0.944556 0.001547 0.004691
2 2 0.001292 0.045694 0.946975 0.001540 0.004499
2 2 0.001661 0.054572 0.936213 0.001895 0.005660
2 2 0.001983 0.063916 0.925137 0.002158 0.006807
2 2 0.002264 0.069983 0.917674 0.002409 0.007670
2 2 0.003158 0.085957 0.895851 0.003016 0.012018
2 4 0.005495 0.128062 0.831207 0.003987 0.031250
2 4 0.006744 0.145646 0.798278 0.004408 0.044924
2 4 0.011993 0.195029 0.692191 0.006499 0.094288
2 4 0.020749 0.250441 0.488754 0.008359 0.231696
4 4 0.025821 0.257091 0.347938 0.008589 0.360561
4 4 0.111985 0.201121 0.066097 0.002309 0.618487
4 4 0.126738 0.144323 0.039572 0.001990 0.687378
4 0 0.147420 0.102916 0.021522 0.001405 0.726737
4 0 0.096501 0.082121 0.014940 0.000680 0.805758
4 4 0.027623 0.040257 0.005195 0.000093 0.926832
4 4 0.013431 0.029444 0.003810 0.000046 0.953269
4 4 0.008860 0.018890 0.001611 0.000012 0.970627
4 4 0.009100 0.017097 0.001219 0.000008 0.972576
4 4 0.008065 0.013777 0.000758 0.000004 0.977395
4 4 0.010675 0.016132 0.000935 0.000006 0.972252
4 4 0.009896 0.014258 0.000716 0.000004 0.975126
4 4 0.011566 0.015115 0.000745 0.000005 0.972569
4 4 0.009641 0.013523 0.000636 0.000003 0.976197
4 4 0.023041 0.019599 0.000898 0.000008 0.956454
4 4 0.031873 0.024464 0.001276 0.000014 0.942373
4 4 0.038470 0.032206 0.002297 0.000034 0.926993
4 4 0.038678 0.029827 0.001872 0.000026 0.929597
4 4 0.035728 0.038898 0.003967 0.000071 0.921336
4 0 0.065457 0.055955 0.006867 0.000194 0.871528
4 1 0.096217 0.073848 0.011231 0.000456 0.818248
4 4 0.150612 0.093468 0.016295 0.000958 0.738667
4 4 0.026931 0.042947 0.006272 0.000119 0.923732
4 4 0.016784 0.036990 0.005914 0.000091 0.940220
4 4 0.012966 0.028527 0.003596 0.000042 0.954869
4 4 0.016694 0.034714 0.005024 0.000073 0.943496
4 4 0.011242 0.023723 0.002460 0.000024 0.962551
4 4 0.016897 0.029432 0.003231 0.000040 0.950399
4 4 0.016781 0.031761 0.003964 0.000053 0.947441
4 4 0.015591 0.029297 0.003381 0.000041 0.951691
4 4 0.018273 0.030153 0.003257 0.000042 0.948276
4 4 0.018958 0.025800 0.002111 0.000023 0.953108
4 4 0.030700 0.029305 0.002098 0.000028 0.937869
4 4 0.022149 0.032364 0.003421 0.000048 0.942018
4 4 0.023156 0.033189 0.003542 0.000051 0.940062
4 4 0.018326 0.028263 0.002744 0.000033 0.950634
4 4 0.019997 0.029017 0.002763 0.000034 0.948189
