0 0 0.661420 0.108879 0.085114 0.029900 0.114687
0 0 0.741484 0.086765 0.055081 0.015842 0.100827
0 0 0.636530 0.120952 0.081506 0.022675 0.138337
0 0 0.496196 0.162871 0.112813 0.026185 0.201935
0 0 0.431457 0.189219 0.122388 0.024895 0.232042
0 0 0.576081 0.144162 0.081807 0.016597 0.181353
0 0 0.594047 0.146569 0.080885 0.018763 0.159736
0 0 0.641666 0.130427 0.076823 0.022762 0.128321
0 0 0.644537 0.124222 0.091019 0.041449 0.098773
0 0 0.670726 0.102463 0.090405 0.053963 0.082444
0 0 0.605974 0.116466 0.113396 0.074673 0.089492
0 0 0.678295 0.097995 0.089324 0.054454 0.079931
0 0 0.702819 0.096208 0.079177 0.040106 0.081689
0 0 0.722012 0.089308 0.073729 0.038030 0.076922
0 0 0.710141 0.100107 0.072669 0.030981 0.086102
0 0 0.707343 0.105821 0.064617 0.019674 0.102546
0 0 0.650111 0.117053 0.083303 0.026081 0.123451
0 0 0.718532 0.090174 0.063435 0.018777 0.109082
0 0 0.607839 0.110581 0.075402 0.013643 0.192536
0 0 0.409483 0.173654 0.116729 0.018672 0.281462
0 0 0.452331 0.163805 0.094699 0.013188 0.275976
0 0 0.356921 0.209135 0.122859 0.019150 0.291935
0 0 0.445890 0.185261 0.111235 0.020855 0.236759
0 0 0.391350 0.202882 0.117681 0.018028 0.270058
0 0 0.362146 0.179581 0.119824 0.014584 0.323865
4 0 0.346818 0.154612 0.091776 0.006592 0.400202
0 0 0.558215 0.110670 0.055236 0.004186 0.271693
0 0 0.665373 0.110861 0.046283 0.005179 0.172304
0 0 0.783435 0.088447 0.030698 0.004891 0.092530
0 0 0.608676 0.141328 0.060432 0.008057 0.181507
0 0 0.585261 0.153270 0.064308 0.008677 0.188484
0 0 0.512234 0.194337 0.089387 0.015948 0.188095
0 0 0.465601 0.209396 0.102286 0.018476 0.204241
0 0 0.430596 0.205251 0.108243 0.016944 0.238966
0 0 0.498774 0.187422 0.112441 0.026031 0.175331
0 0 0.642789 0.126334 0.069140 0.012984 0.148753
0 0 0.617547 0.123776 0.081192 0.016239 0.161245
0 0 0.525821 0.148759 0.104315 0.021719 0.199385
0 0 0.519618 0.166390 0.090230 0.016304 0.207459
0 0 0.456434 0.184049 0.081203 0.009516 0.268798
0 0 0.494932 0.181049 0.098808 0.020418 0.204793
0 0 0.568035 0.146468 0.093582 0.023460 0.168455
0 0 0.634292 0.121254 0.098246 0.050575 0.095633
0 0 0.611431 0.141520 0.097080 0.035966 0.114002
0 0 0.544817 0.161424 0.121041 0.048454 0.124264
0 0 0.443380 0.179231 0.171524 0.080261 0.125605
0 0 0.487961 0.137039 0.161207 0.111748 0.102046
0 0 0.640875 0.111092 0.101716 0.055302 0.091015
0 0 0.702277 0.092764 0.081825 0.043277 0.079857
0 0 0.758868 0.075498 0.063909 0.034325 0.067401
0 0 0.657412 0.102862 0.096648 0.057688 0.085391
0 0 0.662685 0.110832 0.089697 0.046781 0.090006
0 0 0.748760 0.083838 0.059507 0.023662 0.084233
0 0 0.727592 0.094263 0.060226 0.020095 0.097825
0 0 0.716329 0.091559 0.072634 0.034972 0.084505
0 0 0.709526 0.096296 0.075643 0.036463 0.082071
0 4 0.680874 0.117580 0.075131 0.025390 0.101024
0 4 0.625044 0.156216 0.073112 0.017018 0.128610
0 4 0.683019 0.143590 0.045413 0.007710 0.120268
0 4 0.680324 0.158281 0.031029 0.003657 0.126709
4 4 0.266958 0.127564 0.039181 0.000884 0.565413
4 4 0.331446 0.149937 0.044661 0.001449 0.472508
4 4 0.340593 0.165375 0.049656 0.001922 0.442454
0 4 0.453857 0.166732 0.042962 0.002117 0.334332
0 4 0.537232 0.201361 0.046035 0.004208 0.211163
0 4 0.501422 0.234614 0.050522 0.005090 0.208352
0 4 0.320432 0.300456 0.078811 0.007490 0.292811
4 4 0.313490 0.279768 0.071937 0.005497 0.329308
4 4 0.238204 0.266064 0.084303 0.005527 0.405903
4 4 0.202327 0.245149 0.072103 0.003342 0.477078
4 4 0.192547 0.285485 0.073070 0.003729 0.445169
4 4 0.236404 0.322772 0.059242 0.003194 0.378388
4 4 0.237030 0.283308 0.048175 0.001873 0.429614
4 4 0.319186 0.248868 0.046726 0.002087 0.383133
0 4 0.494430 0.180588 0.028505 0.001173 0.295304
0 4 0.499337 0.147780 0.033434 0.001418 0.318031
0 4 0.446867 0.157367 0.035460 0.001364 0.358942
0 4 0.418304 0.171996 0.039419 0.001604 0.368677
4 4 0.275001 0.144481 0.029434 0.000549 0.550535
4 4 0.235188 0.159253 0.033947 0.000674 0.570938
4 4 0.130149 0.156681 0.031776 0.000443 0.680951
4 4 0.164696 0.168807 0.028308 0.000405 0.637784
4 4 0.160157 0.211142 0.040151 0.000857 0.587693
4 4 0.175699 0.268594 0.047473 0.001433 0.506801
4 4 0.278311 0.216110 0.034736 0.000929 0.469914
4 4 0.331219 0.227699 0.038652 0.001396 0.401034
0 4 0.500874 0.187661 0.031236 0.001489 0.278740
0 4 0.579876 0.160843 0.029619 0.001703 0.227959
0 4 0.715830 0.112923 0.027182 0.002466 0.141600
0 4 0.644141 0.141868 0.047716 0.006066 0.160209
0 4 0.682751 0.118532 0.042241 0.005120 0.151356
0 4 0.622991 0.142892 0.059982 0.008867 0.165268
0 4 0.527903 0.159260 0.086867 0.012961 0.213009
0 4 0.350696 0.213728 0.111023 0.012805 0.311748
4 4 0.173969 0.245337 0.185721 0.012807 0.382166
4 4 0.163914 0.289339 0.164019 0.010437 0.372291
2 4 0.055774 0.254407 0.382013 0.012108 0.295698
2 4 0.060855 0.267083 0.366775 0.012262 0.293024
2 4 0.037269 0.207671 0.503675 0.011562 0.239824
2 2 0.033384 0.193304 0.499170 0.010942 0.263199
2 2 0.013047 0.108441 0.740829 0.009295 0.128388
2 2 0.007840 0.075436 0.829615 0.008503 0.078606
2 2 0.002946 0.038075 0.931893 0.005573 0.021513
2 2 0.002304 0.031545 0.947171 0.005092 0.013887
2 2 0.002108 0.028658 0.953820 0.005265 0.010149
2 2 0.001641 0.022215 0.965974 0.005534 0.004636
2 2 0.001272 0.018322 0.972403 0.004962 0.003040
2 2 0.001170 0.016502 0.974947 0.005273 0.002107
2 2 0.001052 0.014838 0.977122 0.005315 0.001673
2 2 0.001318 0.017031 0.973424 0.006370 0.001856
2 2 0.001209 0.015659 0.975150 0.006378 0.001604
2 2 0.000999 0.012627 0.978478 0.006807 0.001089
2 2 0.000913 0.010245 0.979211 0.008786 0.000845
2 2 0.001069 0.011356 0.976782 0.009808 0.000985
2 2 0.001324 0.010951 0.970273 0.016421 0.001030
2 2 0.001718 0.013448 0.965236 0.018226 0.001372
2 3 0.001888 0.012252 0.957772 0.026784 0.001304
2 3 0.001378 0.008802 0.960904 0.028060 0.000856
2 3 0.001445 0.009835 0.963206 0.024549 0.000964
2 3 0.001463 0.009609 0.961569 0.026410 0.000948
2 3 0.001852 0.008691 0.936537 0.051973 0.000948
2 3 0.002158 0.008914 0.921243 0.066655 0.001030
2 3 0.002272 0.008490 0.907276 0.080955 0.001007
2 3 0.002630 0.009480 0.900397 0.086314 0.001179
2 3 0.002520 0.008720 0.894141 0.093543 0.001076
2 3 0.002385 0.009085 0.909622 0.077818 0.001091
2 3 0.002429 0.009169 0.908138 0.079157 0.001108
2 3 0.002389 0.008436 0.897973 0.090179 0.001023
2 3 0.002052 0.007431 0.903297 0.086361 0.000859
2 3 0.001574 0.005468 0.897940 0.094430 0.000588
2 3 0.001653 0.005370 0.885352 0.107034 0.000591
2 3 0.001870 0.006412 0.894710 0.096281 0.000726
2 3 0.002325 0.007783 0.889023 0.099927 0.000942
2 3 0.002843 0.009454 0.886071 0.100418 0.001215
2 3 0.003776 0.012217 0.877735 0.104560 0.001713
2 3 0.005255 0.016882 0.870935 0.104316 0.002612
2 3 0.006810 0.022215 0.867454 0.099815 0.003705
2 3 0.005864 0.018909 0.869250 0.102957 0.003020
2 3 0.006630 0.021693 0.868704 0.099386 0.003588
2 3 0.005796 0.020026 0.880819 0.090199 0.003160
2 3 0.005772 0.018067 0.864271 0.109007 0.002884
2 3 0.004009 0.013437 0.883133 0.097512 0.001909
2 3 0.004493 0.013940 0.867239 0.112260 0.002068
2 3 0.004663 0.013130 0.845970 0.134240 0.001997
2 3 0.005571 0.014854 0.830184 0.146989 0.002401
2 3 0.006192 0.014996 0.802828 0.173443 0.002541
2 3 0.007776 0.015102 0.726350 0.247913 0.002858
2 3 0.009824 0.020639 0.749877 0.215542 0.004118
2 3 0.015472 0.029742 0.706474 0.241382 0.006930
2 3 0.019567 0.039427 0.712333 0.218896 0.009777
2 3 0.026391 0.053958 0.698705 0.206287 0.014659
2 2 0.025142 0.065228 0.757210 0.135633 0.016787
2 2 0.035987 0.114841 0.732770 0.083779 0.032624
2 2 0.052707 0.174661 0.635853 0.058906 0.077873
2 2 0.072113 0.239407 0.487204 0.037467 0.163810
2 2 0.076015 0.260456 0.379957 0.024759 0.258813
2 2 0.056368 0.240678 0.440913 0.017757 0.244284
2 2 0.066263 0.270978 0.452881 0.018458 0.191421
2 2 0.048912 0.234998 0.558059 0.016816 0.141215
2 2 0.045848 0.228762 0.562740 0.015755 0.146894
2 2 0.025038 0.150869 0.725036 0.016060 0.082996
2 2 0.018567 0.126334 0.771075 0.013759 0.070264
2 2 0.016953 0.119501 0.783800 0.013145 0.066602
2 2 0.017139 0.123829 0.764985 0.012056 0.081991
2 2 0.019476 0.135155 0.745440 0.012396 0.087533
2 2 0.020131 0.139348 0.758698 0.012080 0.069744
2 2 0.013038 0.100300 0.839892 0.011482 0.035288
2 2 0.013610 0.104323 0.835290 0.011242 0.035536
2 2 0.009035 0.075322 0.885638 0.010741 0.019264
2 2 0.007083 0.062011 0.904864 0.010550 0.015493
2 2 0.003937 0.038325 0.938267 0.010282 0.009190
2 2 0.002132 0.024650 0.961239 0.007726 0.004253
2 2 0.001903 0.022742 0.964458 0.007270 0.003626
2 2 0.002601 0.028058 0.955234 0.008829 0.005279
2 2 0.003170 0.032054 0.948090 0.009970 0.006717
2 2 0.003054 0.031090 0.949760 0.009871 0.006226
2 2 0.002767 0.028384 0.954186 0.009851 0.004813
2 2 0.002287 0.024753 0.960378 0.008938 0.003643
2 2 0.002565 0.027651 0.955877 0.008869 0.005037
2 2 0.003439 0.034988 0.942968 0.009686 0.008919
2 2 0.011029 0.081365 0.875750 0.013799 0.018057
2 2 0.006537 0.055726 0.915626 0.011519 0.010593
2 2 0.005392 0.046854 0.929674 0.011470 0.006610
2 2 0.004232 0.038669 0.942527 0.010004 0.004568
2 2 0.003106 0.028787 0.955926 0.008997 0.003185
2 2 0.001521 0.016951 0.972686 0.007237 0.001604
2 2 0.001387 0.016194 0.974057 0.006872 0.001491
2 2 0.001498 0.017081 0.972496 0.007313 0.001613
2 2 0.001330 0.016225 0.974060 0.006904 0.001481
2 2 0.001512 0.017853 0.971210 0.007723 0.001702
2 2 0.002190 0.022534 0.962736 0.010119 0.002421
2 2 0.002798 0.026282 0.955764 0.012099 0.003057
2 2 0.004586 0.035769 0.937432 0.017321 0.004892
2 2 0.007653 0.050276 0.909305 0.023648 0.009118
2 2 0.018311 0.095601 0.832768 0.030377 0.022942
2 2 0.027838 0.139338 0.762890 0.026557 0.043377
2 2 0.041976 0.194865 0.659978 0.023809 0.079372
2 1 0.030799 0.167813 0.714811 0.018613 0.067964
2 1 0.021797 0.140305 0.759287 0.014402 0.064209
2 2 0.011674 0.093057 0.847205 0.011160 0.036904
2 2 0.006141 0.057957 0.907476 0.009375 0.019051
2 2 0.002649 0.030608 0.951080 0.007480 0.008183
2 2 0.002010 0.025030 0.961043 0.006543 0.005375
2 2 0.001464 0.019401 0.970337 0.005812 0.002987
2 2 0.001514 0.020324 0.968976 0.005716 0.003470
2 2 0.001445 0.020200 0.969350 0.005227 0.003778
2 2 0.001657 0.021962 0.966327 0.005812 0.004243
2 2 0.001906 0.023274 0.963805 0.006911 0.004103
2 2 0.001745 0.021313 0.966798 0.006990 0.003154
2 2 0.001884 0.022285 0.965049 0.007457 0.003325
2 2 0.004192 0.037321 0.939020 0.012613 0.006853
2 2 0.010698 0.060748 0.893308 0.022635 0.012610
2 0 0.025471 0.089549 0.823450 0.039628 0.021903
2 0 0.028781 0.101978 0.794771 0.049507 0.024962
2 0 0.027611 0.111306 0.782176 0.051769 0.027138
2 1 0.031132 0.125893 0.763992 0.047285 0.031698
2 1 0.055330 0.193879 0.642537 0.046478 0.061775
2 2 0.055505 0.214163 0.615102 0.033377 0.081854
2 2 0.053905 0.227378 0.595704 0.025012 0.098001
2 2 0.021510 0.126823 0.788070 0.019154 0.044442
2 1 0.028396 0.148248 0.738673 0.023178 0.061505
2 1 0.060611 0.207306 0.599491 0.028044 0.104549
2 1 0.123503 0.249274 0.440086 0.029372 0.157766
2 1 0.203200 0.291704 0.306717 0.030527 0.167853
1 1 0.201031 0.311288 0.257885 0.027624 0.202172
1 1 0.217058 0.350139 0.164882 0.020687 0.247235
1 1 0.195841 0.342988 0.142814 0.016565 0.301791
1 1 0.143937 0.378192 0.235095 0.019504 0.223271
2 1 0.080470 0.309792 0.444214 0.018557 0.146967
2 2 0.040884 0.220465 0.626776 0.014268 0.097608
2 2 0.023292 0.159263 0.718797 0.011069 0.087579
2 2 0.013352 0.109625 0.814907 0.009386 0.052731
2 2 0.004992 0.051146 0.916540 0.008250 0.019071
2 2 0.002553 0.029959 0.952261 0.007255 0.007971
2 2 0.002406 0.029180 0.953675 0.006767 0.007972
2 2 0.001884 0.025777 0.960507 0.005190 0.006642
2 2 0.001097 0.017360 0.974200 0.004058 0.003284
2 2 0.001021 0.015549 0.976919 0.004174 0.002338
2 2 0.001218 0.017110 0.974128 0.005128 0.002415
2 0 0.001777 0.022562 0.965169 0.006366 0.004127
0 0 0.441701 0.184794 0.223696 0.037164 0.112645
0 1 0.617600 0.145605 0.105814 0.020316 0.110666
0 0 0.688932 0.126026 0.060150 0.013932 0.110960
0 1 0.619165 0.162323 0.070958 0.015712 0.131843
0 0 0.554776 0.196222 0.081923 0.017846 0.149233
0 1 0.519009 0.230089 0.073220 0.013107 0.164575
0 1 0.430131 0.285075 0.083808 0.014478 0.186508
0 0 0.391102 0.332883 0.065236 0.008359 0.202420
1 1 0.242290 0.443550 0.077551 0.009402 0.227207
1 1 0.184988 0.460134 0.163667 0.011450 0.179760
1 1 0.136605 0.424927 0.288366 0.014283 0.135820
2 1 0.086325 0.339620 0.469781 0.016426 0.087849
2 2 0.040957 0.210809 0.688849 0.016498 0.042886
2 2 0.025852 0.151187 0.779478 0.015936 0.027546
2 2 0.014249 0.095210 0.859862 0.015134 0.015545
2 2 0.011204 0.072055 0.892341 0.013613 0.010787
2 2 0.010401 0.066799 0.900134 0.012894 0.009771
2 2 0.009697 0.065032 0.903162 0.012752 0.009357
2 2 0.007120 0.051598 0.923029 0.011376 0.006878
2 2 0.007655 0.057658 0.915497 0.011441 0.007749
2 2 0.007623 0.055222 0.918841 0.010944 0.007370
2 2 0.006507 0.050765 0.925473 0.010706 0.006550
2 2 0.006302 0.050913 0.924144 0.011960 0.006680
2 2 0.007077 0.055241 0.916209 0.013841 0.007632
2 2 0.007481 0.056404 0.912612 0.015142 0.008362
2 2 0.010838 0.074103 0.884061 0.017287 0.013710
2 2 0.007362 0.057145 0.910291 0.014461 0.010741
2 2 0.005098 0.047085 0.927594 0.010381 0.009841
2 2 0.004774 0.047822 0.927399 0.008508 0.011499
2 2 0.005912 0.056504 0.914690 0.008838 0.014056
2 2 0.006226 0.059462 0.908733 0.008768 0.016811
2 2 0.006433 0.059801 0.909080 0.009253 0.015433
2 2 0.004186 0.042519 0.934635 0.008693 0.009966
2 2 0.004986 0.048032 0.927696 0.009207 0.010079
2 1 0.006021 0.056468 0.915379 0.009176 0.012956
2 2 0.005416 0.053062 0.919875 0.008560 0.013087
2 2 0.003772 0.040992 0.937431 0.007502 0.010304
2 2 0.002883 0.032666 0.949982 0.007373 0.007097
2 2 0.002156 0.026143 0.959163 0.006883 0.005654
2 2 0.001719 0.021809 0.966345 0.006408 0.003719
2 2 0.001633 0.021543 0.966979 0.005886 0.003959
2 2 0.001781 0.021755 0.966137 0.006976 0.003351
2 2 0.001657 0.020229 0.968371 0.007050 0.002693
2 2 0.001565 0.018646 0.970282 0.007523 0.001984
2 2 0.001337 0.013287 0.972959 0.011180 0.001237
2 2 0.001427 0.014327 0.971983 0.010904 0.001358
2 0 0.002633 0.023729 0.957662 0.013257 0.002719
2 0 0.004605 0.032735 0.937198 0.020952 0.004510
2 0 0.007645 0.045314 0.912122 0.027571 0.007348
2 1 0.010417 0.055701 0.888260 0.035544 0.010077
2 0 0.012557 0.066272 0.872750 0.035688 0.012733
2 1 0.036925 0.133292 0.727655 0.060367 0.041761
2 1 0.070617 0.224681 0.570317 0.048900 0.085485
2 2 0.085520 0.267918 0.504021 0.039554 0.102986
2 2 0.046978 0.211429 0.651467 0.023429 0.066698
2 2 0.029873 0.168568 0.726132 0.016862 0.058565
2 2 0.017937 0.126371 0.808239 0.011931 0.035522
2 2 0.015575 0.116069 0.818263 0.011193 0.038900
2 2 0.007461 0.067196 0.896079 0.009578 0.019686
2 2 0.004356 0.043714 0.931097 0.009039 0.011793
2 2 0.002643 0.026897 0.956341 0.010111 0.004008
2 2 0.002246 0.022897 0.962069 0.010308 0.002480
2 2 0.001847 0.020246 0.966912 0.008936 0.002059
2 2 0.001290 0.013302 0.973833 0.010354 0.001222
2 2 0.001751 0.013673 0.964879 0.018295 0.001403
2 2 0.002463 0.018009 0.956829 0.020645 0.002054
2 2 0.002418 0.018865 0.958553 0.018034 0.002129
2 2 0.002344 0.016765 0.957331 0.021672 0.001888
2 2 0.002636 0.018926 0.954868 0.021364 0.002206
2 2 0.003050 0.020826 0.950041 0.023539 0.002545
2 2 0.002764 0.018504 0.951873 0.024659 0.002199
2 2 0.004199 0.025370 0.937204 0.029784 0.003444
2 2 0.003845 0.022721 0.939075 0.031350 0.003009
2 2 0.004040 0.023956 0.937750 0.031034 0.003219
2 2 0.005192 0.034460 0.931289 0.024108 0.004950
2 2 0.005704 0.042304 0.926001 0.018775 0.007215
2 0 0.005349 0.040734 0.929215 0.017841 0.006861
2 0 0.004772 0.037861 0.934772 0.016522 0.006073
2 2 0.003669 0.032874 0.945147 0.012961 0.005349
2 2 0.002727 0.026876 0.955860 0.010845 0.003691
2 2 0.003671 0.033177 0.944831 0.012702 0.005619
2 2 0.005252 0.040023 0.930344 0.017870 0.006511
2 2 0.008914 0.057243 0.902652 0.021977 0.009214
2 2 0.016414 0.092217 0.849439 0.024962 0.016968
2 0 0.039307 0.176620 0.716624 0.027568 0.039882
2 1 0.060094 0.238523 0.613631 0.027408 0.060344
2 2 0.075131 0.286886 0.539064 0.023409 0.075510
2 0 0.052831 0.239510 0.633675 0.019745 0.054239
2 1 0.021462 0.133949 0.807077 0.014691 0.022822
2 2 0.016431 0.111769 0.840915 0.013247 0.017638
2 2 0.009241 0.072860 0.896277 0.011565 0.010056
2 2 0.006354 0.048988 0.926388 0.011825 0.006446
2 2 0.002867 0.025814 0.958028 0.010367 0.002924
2 2 0.001728 0.018884 0.969295 0.008223 0.001870
2 2 0.001801 0.018275 0.970233 0.007875 0.001816
2 2 0.002196 0.019942 0.967314 0.008460 0.002087
2 2 0.001789 0.018015 0.970675 0.007738 0.001783
2 2 0.001603 0.017821 0.971174 0.007681 0.001720
2 2 0.002538 0.022916 0.961747 0.010250 0.002549
2 2 0.004292 0.034300 0.941682 0.015218 0.004508
2 2 0.007073 0.050854 0.916497 0.018070 0.007506
2 1 0.012902 0.080354 0.872579 0.020642 0.013523
2 0 0.030031 0.137170 0.769905 0.032574 0.030320
2 0 0.066747 0.229470 0.598225 0.040187 0.065371
2 0 0.094500 0.280930 0.491697 0.041735 0.091137
2 1 0.114862 0.318595 0.418277 0.038045 0.110221
2 1 0.106635 0.311126 0.442996 0.036225 0.103018
1 1 0.131645 0.384157 0.333512 0.021986 0.128699
2 1 0.109331 0.363348 0.395804 0.020094 0.111423
2 2 0.069670 0.307513 0.533753 0.015000 0.074064
2 2 0.021844 0.148070 0.781547 0.011516 0.037022
2 2 0.013812 0.104006 0.848300 0.011175 0.022707
2 2 0.007261 0.062417 0.908937 0.010456 0.010929
2 2 0.005290 0.047629 0.930821 0.010199 0.006060
2 2 0.002282 0.025476 0.962049 0.007627 0.002566
2 2 0.001690 0.020206 0.969923 0.006314 0.001867
2 1 0.002132 0.022652 0.965415 0.007535 0.002267
2 2 0.002199 0.023274 0.962859 0.009223 0.002445
2 2 0.002521 0.024618 0.958879 0.011214 0.002768
2 2 0.003491 0.030689 0.948562 0.013471 0.003786
2 2 0.004712 0.045998 0.928860 0.009299 0.011131
2 1 0.003058 0.032979 0.948538 0.008339 0.007085
2 2 0.001594 0.020692 0.968213 0.006136 0.003366
2 2 0.001583 0.021306 0.967441 0.005641 0.004028
2 2 0.001222 0.018046 0.972933 0.004702 0.003097
2 2 0.001296 0.018283 0.972360 0.005193 0.002868
2 2 0.001271 0.017624 0.973224 0.005419 0.002461
2 2 0.001742 0.020711 0.967393 0.007452 0.002702
2 2 0.002300 0.024171 0.960813 0.009565 0.003151
2 2 0.002898 0.027295 0.954398 0.011959 0.003450
2 2 0.002769 0.026109 0.956089 0.012007 0.003027
2 2 0.003203 0.027811 0.951436 0.014162 0.003387
2 2 0.004261 0.033802 0.940619 0.016803 0.004515
2 2 0.004390 0.034813 0.939322 0.016782 0.004693
2 2 0.003343 0.027463 0.949921 0.015872 0.003401
2 2 0.002522 0.020856 0.958321 0.015927 0.002374
2 2 0.002454 0.016873 0.955268 0.023473 0.001932
2 2 0.002152 0.014247 0.956479 0.025549 0.001574
2 2 0.002281 0.013140 0.949111 0.033973 0.001494
2 3 0.002249 0.012524 0.947378 0.036427 0.001422
2 2 0.002008 0.011659 0.951467 0.033590 0.001276
2 2 0.002825 0.013812 0.934657 0.047007 0.001698
2 2 0.003233 0.013827 0.920044 0.061105 0.001792
2 2 0.003693 0.014936 0.911498 0.067848 0.002026
2 2 0.006524 0.031608 0.911317 0.045560 0.004991
2 2 0.009033 0.045166 0.896421 0.041522 0.007857
2 2 0.011758 0.059199 0.878116 0.039751 0.011177
2 2 0.020873 0.092153 0.819662 0.046592 0.020721
2 2 0.040380 0.163315 0.717757 0.038387 0.040161
2 2 0.059167 0.223239 0.625408 0.033408 0.058778
2 2 0.095506 0.307105 0.473242 0.030506 0.093641
1 2 0.149805 0.392867 0.289049 0.023915 0.144364
1 0 0.161577 0.415263 0.247439 0.019767 0.155955
1 0 0.206577 0.423226 0.167823 0.017205 0.185170
1 0 0.285308 0.369139 0.142230 0.017151 0.186172
1 0 0.343928 0.353556 0.084391 0.012057 0.206069
1 0 0.254247 0.402037 0.129342 0.015826 0.198549
1 1 0.170156 0.409563 0.235489 0.022255 0.162537
1 1 0.135936 0.358779 0.343647 0.031320 0.130317
1 1 0.133865 0.354035 0.351228 0.032331 0.128541
2 1 0.090356 0.324696 0.418912 0.019883 0.146154
2 2 0.034123 0.194988 0.668207 0.014212 0.088469
2 2 0.018126 0.128997 0.777913 0.011983 0.062981
2 2 0.015975 0.114910 0.815049 0.012445 0.041621
2 2 0.014121 0.104246 0.839932 0.012138 0.029563
2 2 0.005443 0.050869 0.924427 0.009528 0.009733
2 2 0.003184 0.032396 0.950505 0.009204 0.004711
2 2 0.002756 0.027631 0.956440 0.009963 0.003210
2 2 0.004128 0.039328 0.942170 0.009624 0.004751
2 2 0.002819 0.029551 0.956025 0.008457 0.003147
2 2 0.002728 0.027922 0.956786 0.009364 0.003200
2 2 0.002558 0.025957 0.958816 0.009839 0.002831
2 2 0.003733 0.035165 0.946559 0.010432 0.004111
2 2 0.002930 0.029470 0.954861 0.009491 0.003248
2 2 0.002408 0.025835 0.960608 0.008459 0.002690
2 2 0.002027 0.022688 0.965004 0.008006 0.002274
2 2 0.003587 0.035598 0.945648 0.009510 0.005657
2 1 0.006273 0.052300 0.917936 0.012775 0.010716
2 1 0.008780 0.066226 0.895339 0.014739 0.014915
2 0 0.030183 0.143869 0.756974 0.025178 0.043796
1 0 0.120839 0.383733 0.321750 0.017260 0.156418
2 0 0.080360 0.323079 0.450200 0.016093 0.130268
2 0 0.071113 0.300219 0.463971 0.015796 0.148901
2 0 0.084603 0.335516 0.409542 0.014676 0.155664
2 0 0.089257 0.352860 0.410393 0.014017 0.133473
2 0 0.072197 0.318488 0.488929 0.013800 0.106585
2 0 0.041709 0.232359 0.609174 0.012305 0.104453
2 0 0.045304 0.231543 0.612983 0.015386 0.094785
2 1 0.052535 0.243792 0.592960 0.018290 0.092423
2 1 0.097428 0.333018 0.448259 0.023021 0.098273
2 1 0.090381 0.317146 0.478537 0.023936 0.090000
1 1 0.124027 0.372255 0.359266 0.022921 0.121531
1 1 0.144892 0.398804 0.294232 0.021287 0.140784
1 1 0.148992 0.404195 0.274617 0.020133 0.152062
1 1 0.176821 0.384290 0.222670 0.017961 0.198258
1 1 0.161669 0.345336 0.196705 0.016490 0.279801
1 1 0.125762 0.335285 0.189309 0.014543 0.335102
4 1 0.121729 0.288553 0.122584 0.008617 0.458517
4 1 0.118770 0.269272 0.120646 0.007797 0.483516
4 4 0.148523 0.241658 0.097053 0.005090 0.507675
4 4 0.185089 0.235170 0.067927 0.002733 0.509081
4 4 0.173147 0.237874 0.079326 0.003618 0.506034
4 4 0.134055 0.243460 0.077046 0.003047 0.542391
4 4 0.142366 0.206059 0.067313 0.002182 0.582080
4 4 0.124719 0.247043 0.086990 0.003803 0.537443
4 4 0.104387 0.245961 0.104536 0.005136 0.539980
4 4 0.139695 0.304126 0.123947 0.009923 0.422309
4 4 0.188222 0.273992 0.099327 0.006714 0.431744
4 4 0.230078 0.268833 0.082627 0.005197 0.413265
0 4 0.313845 0.289692 0.079670 0.007125 0.309668
0 4 0.368684 0.285918 0.077417 0.008446 0.259536
0 4 0.467611 0.230605 0.049558 0.003988 0.248237
4 4 0.347353 0.214248 0.046601 0.002033 0.389765
4 0 0.246424 0.235663 0.048926 0.001731 0.467256
4 0 0.146279 0.263495 0.058346 0.001924 0.529957
4 1 0.173946 0.334219 0.079554 0.004808 0.407474
4 1 0.258225 0.265609 0.071629 0.004222 0.400316
0 0 0.420264 0.221704 0.070234 0.006424 0.281374
0 0 0.408635 0.231654 0.088694 0.010743 0.260273
0 0 0.479834 0.214561 0.086457 0.013587 0.205562
0 0 0.628087 0.161895 0.056662 0.009461 0.143895
0 0 0.825355 0.075874 0.020647 0.002957 0.075168
0 0 0.777741 0.099537 0.026906 0.003916 0.091900
0 0 0.813470 0.085770 0.017411 0.002003 0.081346
0 0 0.746211 0.116287 0.030352 0.004354 0.102797
0 0 0.773806 0.095604 0.034228 0.006182 0.090180
0 0 0.836504 0.070315 0.019362 0.002782 0.071037
0 0 0.821508 0.078439 0.020339 0.002812 0.076902
0 0 0.760964 0.109559 0.027410 0.003785 0.098282
0 0 0.754841 0.106527 0.029235 0.003920 0.105477
0 0 0.663969 0.124532 0.052610 0.007666 0.151223
0 1 0.469486 0.174678 0.098744 0.014011 0.243082
0 1 0.370323 0.199071 0.098288 0.009882 0.322436
0 1 0.385223 0.185261 0.087873 0.007733 0.333910
4 1 0.263604 0.167302 0.082140 0.004203 0.482751
4 1 0.228930 0.195705 0.103269 0.006610 0.465486
4 1 0.204318 0.242761 0.086338 0.004824 0.461760
4 1 0.142238 0.345973 0.107487 0.008354 0.395949
1 0 0.188909 0.404211 0.090934 0.008707 0.307239
1 0 0.242490 0.436737 0.083485 0.011013 0.226275
0 0 0.560433 0.227457 0.044766 0.005486 0.161858
1 0 0.343992 0.373267 0.061869 0.007070 0.213802
1 0 0.273468 0.430148 0.063253 0.006747 0.226385
1 0 0.259726 0.450170 0.055014 0.005114 0.229975
1 0 0.266272 0.436964 0.062588 0.006559 0.227617
1 0 0.210865 0.462105 0.114988 0.009820 0.202222
1 0 0.179904 0.461103 0.172164 0.011311 0.175518
1 0 0.173606 0.463870 0.181309 0.010815 0.170400
1 0 0.221192 0.458626 0.099981 0.009413 0.210787
1 0 0.221827 0.448571 0.108207 0.011419 0.209976
1 0 0.256143 0.417244 0.106302 0.012334 0.207977
1 0 0.256759 0.402855 0.131841 0.014411 0.194134
1 0 0.302655 0.361709 0.123261 0.017417 0.194959
0 0 0.397477 0.312502 0.081170 0.012878 0.195972
0 0 0.511677 0.234493 0.059000 0.007645 0.187185
0 0 0.479241 0.226025 0.061031 0.006456 0.227248
0 0 0.463067 0.234330 0.064647 0.007034 0.230922
0 0 0.408363 0.264963 0.072168 0.007935 0.246571
0 0 0.421397 0.316050 0.058566 0.007127 0.196860
1 0 0.297112 0.414057 0.059370 0.006161 0.223300
1 0 0.268715 0.437321 0.057573 0.005550 0.230840
1 0 0.274287 0.424811 0.067931 0.007725 0.225246
1 0 0.253098 0.420393 0.090570 0.013042 0.222897
1 0 0.332183 0.367136 0.077847 0.010785 0.212050
1 0 0.350702 0.354789 0.075316 0.010384 0.208809
0 0 0.455791 0.283560 0.065515 0.009348 0.185786
0 0 0.571522 0.206926 0.058521 0.009434 0.153596
0 0 0.507957 0.234453 0.076929 0.014139 0.166522
0 0 0.449851 0.276856 0.077085 0.012705 0.183502
0 0 0.351146 0.329600 0.112973 0.016777 0.189504
1 0 0.254446 0.373153 0.163778 0.022801 0.185822
1 1 0.194282 0.416790 0.184369 0.021460 0.183099
1 1 0.198008 0.441175 0.157050 0.014960 0.188806
1 1 0.158084 0.444491 0.228603 0.013319 0.155503
1 1 0.165150 0.461123 0.199783 0.011018 0.162927
1 1 0.156686 0.446649 0.229321 0.012847 0.154497
1 0 0.160524 0.395775 0.283821 0.018828 0.141053
1 1 0.235099 0.362764 0.228166 0.019625 0.154346
1 0 0.256345 0.371176 0.170480 0.021498 0.180501
1 0 0.195943 0.415211 0.182603 0.021944 0.184300
1 1 0.188836 0.417283 0.193985 0.021236 0.178660
1 1 0.158883 0.406116 0.260267 0.021790 0.152944
1 1 0.162069 0.415525 0.230840 0.018325 0.173241
1 1 0.114663 0.374388 0.254189 0.012519 0.244240
2 2 0.069263 0.301494 0.374754 0.011622 0.242866
2 1 0.036309 0.217267 0.569210 0.010424 0.166789
2 2 0.036018 0.215453 0.596631 0.010901 0.140998
2 2 0.049028 0.242721 0.585048 0.015551 0.107652
2 1 0.071063 0.283268 0.511050 0.020914 0.113705
2 0 0.095513 0.323467 0.413122 0.022838 0.145060
2 1 0.095663 0.325387 0.414585 0.022522 0.141843
2 1 0.095905 0.327893 0.370799 0.019726 0.185676
1 1 0.118871 0.345176 0.209707 0.014211 0.312036
4 0 0.121175 0.323498 0.166560 0.013699 0.375068
1 1 0.145647 0.355791 0.154970 0.014424 0.329168
1 1 0.132894 0.361861 0.205323 0.015637 0.284286
2 1 0.084578 0.290322 0.469168 0.027673 0.128259
2 1 0.117126 0.348432 0.392789 0.027485 0.114168
2 2 0.088145 0.322975 0.479329 0.021088 0.088463
2 2 0.082169 0.324464 0.492153 0.017727 0.083487
2 2 0.011567 0.082419 0.879439 0.014163 0.012412
2 2 0.007472 0.060969 0.911786 0.011633 0.008140
2 2 0.007428 0.062248 0.911498 0.010693 0.008133
2 2 0.005787 0.048441 0.930071 0.009718 0.005982
2 2 0.004463 0.035960 0.946736 0.008648 0.004193
2 2 0.005441 0.038144 0.942923 0.008842 0.004650
2 2 0.004890 0.033593 0.948846 0.008646 0.004025
2 2 0.003920 0.029449 0.954884 0.008374 0.003374
2 2 0.004443 0.033088 0.949955 0.008631 0.003883
2 2 0.005859 0.042272 0.937561 0.009086 0.005222
2 2 0.005071 0.041787 0.939631 0.008573 0.004937
2 2 0.005337 0.048205 0.931491 0.009191 0.005775
2 2 0.005004 0.044396 0.936296 0.009043 0.005262
2 2 0.006291 0.052025 0.925147 0.009990 0.006547
2 2 0.006168 0.050522 0.926315 0.010571 0.006424
2 2 0.003187 0.030540 0.952405 0.010380 0.003487
2 2 0.002715 0.026897 0.957053 0.010339 0.002995
2 2 0.003541 0.032798 0.950181 0.009725 0.003755
2 2 0.004088 0.037685 0.943812 0.009990 0.004426
2 2 0.003044 0.028464 0.953377 0.011786 0.003329
2 2 0.002813 0.026370 0.955598 0.012146 0.003073
2 2 0.003242 0.028815 0.950962 0.013465 0.003517
2 2 0.004342 0.036477 0.940482 0.014008 0.004692
2 2 0.004885 0.039829 0.935473 0.014550 0.005264
2 2 0.005501 0.042627 0.929837 0.016149 0.005886
2 2 0.006546 0.047856 0.920810 0.017831 0.006957
2 2 0.006815 0.048198 0.918360 0.019426 0.007202
2 2 0.007766 0.053981 0.910855 0.019190 0.008208
2 2 0.006747 0.048741 0.919114 0.018239 0.007159
2 2 0.006805 0.049454 0.918701 0.017810 0.007230
2 2 0.005019 0.038594 0.933755 0.017291 0.005341
2 2 0.004077 0.033965 0.942718 0.014848 0.004392
2 2 0.003205 0.024974 0.950967 0.017789 0.003066
2 2 0.002854 0.018699 0.950458 0.025741 0.002247
2 2 0.002930 0.017555 0.946429 0.030944 0.002142
2 2 0.003341 0.018946 0.940886 0.034412 0.002415
2 2 0.003636 0.020610 0.938776 0.034285 0.002694
2 2 0.003478 0.018341 0.935939 0.039862 0.002381
2 2 0.007122 0.035663 0.909171 0.042277 0.005767
2 2 0.006860 0.029224 0.900205 0.058969 0.004742
2 3 0.005525 0.023370 0.906848 0.060701 0.003556
2 3 0.004905 0.017428 0.888833 0.086225 0.002609
2 3 0.004310 0.014476 0.882353 0.096761 0.002100
2 3 0.005072 0.017677 0.885194 0.089378 0.002678
2 3 0.007527 0.023752 0.858932 0.105691 0.004099
2 3 0.004357 0.013685 0.870067 0.109882 0.002009
2 3 0.003356 0.011133 0.883762 0.100246 0.001503
2 3 0.004051 0.012334 0.864948 0.116887 0.001780
2 3 0.003560 0.009351 0.831810 0.153951 0.001328
2 3 0.003524 0.009820 0.846846 0.138432 0.001378
2 3 0.003221 0.007551 0.799589 0.188577 0.001062
2 3 0.002400 0.005268 0.778919 0.212724 0.000689
2 3 0.002529 0.005092 0.747329 0.244361 0.000689
2 3 0.004524 0.008229 0.705264 0.280634 0.001349
2 3 0.005066 0.009466 0.715648 0.268227 0.001593
2 3 0.005635 0.012540 0.778276 0.201452 0.002099
2 3 0.006707 0.016196 0.800657 0.173629 0.002811
2 3 0.006005 0.014794 0.808100 0.168624 0.002477
2 3 0.005343 0.013706 0.820920 0.157828 0.002202
2 3 0.005658 0.016174 0.846224 0.129345 0.002599
2 3 0.003337 0.006439 0.730348 0.258924 0.000953
2 3 0.005180 0.009319 0.700014 0.283894 0.001593
2 3 0.005556 0.008634 0.634987 0.349257 0.001566
2 3 0.005594 0.008215 0.608182 0.376492 0.001517
2 3 0.005178 0.007988 0.631823 0.353590 0.001422
2 3 0.005278 0.007989 0.622822 0.362472 0.001438
2 3 0.004274 0.006480 0.623998 0.364151 0.001096
2 3 0.004763 0.007424 0.636888 0.349639 0.001286
2 3 0.004394 0.006626 0.621425 0.366423 0.001132
2 3 0.005077 0.007964 0.639691 0.345865 0.001403
2 3 0.005425 0.009025 0.666048 0.317907 0.001595
2 3 0.006361 0.011305 0.693483 0.286792 0.002059
2 3 0.005431 0.009768 0.699573 0.283534 0.001693
2 3 0.006621 0.013006 0.732692 0.245339 0.002342
2 3 0.004845 0.009885 0.749721 0.233938 0.001611
2 3 0.004518 0.009917 0.775940 0.208065 0.001560
2 3 0.003561 0.006826 0.727472 0.261110 0.001031
2 3 0.004397 0.008856 0.745599 0.239741 0.001406
2 3 0.005161 0.008833 0.678839 0.305639 0.001527
2 3 0.006818 0.011534 0.671964 0.307513 0.002170
2 3 0.004982 0.007180 0.599373 0.387175 0.001290
2 3 0.005332 0.008537 0.648926 0.335688 0.001517
2 3 0.004941 0.007490 0.623674 0.362572 0.001322
2 3 0.006057 0.010141 0.668273 0.313682 0.001848
2 3 0.005459 0.010541 0.728030 0.254169 0.001800
2 3 0.005621 0.013618 0.804359 0.174160 0.002242
2 3 0.005305 0.012713 0.801960 0.177962 0.002062
2 3 0.005713 0.012256 0.765931 0.214026 0.002074
2 3 0.007210 0.014238 0.733594 0.242332 0.002625
2 3 0.006924 0.012549 0.700770 0.277426 0.002331
2 3 0.008354 0.015705 0.712914 0.259969 0.003058
2 3 0.008947 0.016104 0.694743 0.276974 0.003232
2 3 0.006943 0.011191 0.650453 0.329269 0.002144
2 3 0.005372 0.009943 0.711436 0.271543 0.001706
2 3 0.005172 0.011091 0.766813 0.215100 0.001823
2 3 0.004063 0.009901 0.809705 0.174849 0.001481
2 3 0.007285 0.015559 0.761147 0.213177 0.002831
2 3 0.006575 0.012877 0.731659 0.246575 0.002315
2 3 0.006517 0.012563 0.725744 0.252915 0.002261
2 3 0.005442 0.009745 0.697795 0.285326 0.001692
2 3 0.004979 0.008097 0.656212 0.329308 0.001404
2 3 0.005000 0.009597 0.726350 0.257453 0.001599
2 3 0.005623 0.011607 0.752610 0.228188 0.001971
2 3 0.003069 0.006215 0.749244 0.240585 0.000888
2 3 0.002554 0.005088 0.743228 0.248438 0.000692
2 3 0.002791 0.005039 0.703331 0.288120 0.000719
2 3 0.003161 0.005772 0.707908 0.282307 0.000852
2 3 0.003084 0.005655 0.709710 0.280724 0.000827
2 3 0.002847 0.004569 0.650749 0.341159 0.000676
2 3 0.002677 0.004005 0.617286 0.375438 0.000594
2 3 0.003793 0.005962 0.641137 0.348144 0.000964
2 3 0.004123 0.006210 0.620881 0.367745 0.001042
2 3 0.003901 0.005644 0.601462 0.388050 0.000943
2 3 0.005204 0.008764 0.671722 0.312784 0.001525
2 0 0.007922 0.014874 0.713183 0.261170 0.002852
2 0 0.012973 0.036421 0.816613 0.126464 0.007529
2 0 0.016939 0.056010 0.824991 0.089732 0.012329
2 1 0.020886 0.086253 0.817710 0.055240 0.019911
2 2 0.059634 0.207072 0.630903 0.044104 0.058287
2 1 0.118304 0.331045 0.402233 0.034512 0.113906
2 2 0.031534 0.178471 0.726439 0.015617 0.047938
2 2 0.029132 0.166973 0.742287 0.016081 0.045527
2 2 0.040541 0.201032 0.675660 0.019502 0.063266
2 2 0.030399 0.161271 0.741800 0.020214 0.046317
2 2 0.031767 0.165632 0.737761 0.020506 0.044334
2 2 0.029002 0.151788 0.759402 0.021744 0.038063
2 2 0.036227 0.178936 0.710411 0.022017 0.052408
2 0 0.044119 0.212925 0.631598 0.019579 0.091778
2 0 0.069670 0.294282 0.402693 0.013924 0.219430
2 1 0.063442 0.269439 0.347101 0.012398 0.307619
4 1 0.067317 0.267283 0.295009 0.012106 0.358285
4 4 0.068741 0.242974 0.153903 0.007325 0.527057
4 4 0.057187 0.221374 0.087942 0.002808 0.630690
4 4 0.049517 0.208609 0.071364 0.001739 0.668771
4 4 0.072080 0.206357 0.078471 0.002312 0.640780
4 4 0.091472 0.195875 0.086961 0.002983 0.622708
4 0 0.090182 0.232399 0.110488 0.005274 0.561658
4 4 0.059507 0.213848 0.125843 0.005793 0.595009
4 1 0.064465 0.225411 0.123023 0.005816 0.581286
4 1 0.051698 0.196202 0.125079 0.005276 0.621745
4 4 0.065319 0.231323 0.103712 0.004162 0.595485
4 4 0.035920 0.161450 0.098843 0.002758 0.701029
4 4 0.032793 0.150736 0.104177 0.002929 0.709365
4 4 0.040187 0.129722 0.096271 0.002496 0.731325
4 4 0.053283 0.116387 0.068626 0.001333 0.760370
4 4 0.045067 0.088129 0.052931 0.000725 0.813148
4 4 0.031275 0.069770 0.041050 0.000393 0.857512
4 4 0.049070 0.059486 0.041105 0.000422 0.849917
4 4 0.078790 0.074776 0.044399 0.000577 0.801458
4 4 0.083309 0.083983 0.049534 0.000740 0.782434
4 4 0.109343 0.085397 0.042923 0.000616 0.761721
4 4 0.117566 0.082055 0.049122 0.000808 0.750448
4 4 0.147015 0.094297 0.053833 0.001083 0.703773
4 4 0.132650 0.102159 0.057600 0.001210 0.706381
4 4 0.179978 0.158971 0.056012 0.001514 0.603524
4 4 0.140498 0.164122 0.051425 0.001161 0.642793
4 4 0.189201 0.164672 0.037633 0.000734 0.607760
4 4 0.194388 0.172126 0.041312 0.000907 0.591268
4 4 0.106455 0.156724 0.048232 0.000909 0.687680
4 4 0.095676 0.140336 0.048606 0.000857 0.714525
4 4 0.093487 0.149708 0.052884 0.001022 0.702899
4 4 0.108805 0.168655 0.059501 0.001410 0.661628
4 4 0.077421 0.217322 0.078433 0.002420 0.624404
4 4 0.059188 0.227488 0.084493 0.002654 0.626177
4 4 0.048436 0.195076 0.077644 0.001980 0.676864
4 4 0.062788 0.200063 0.076921 0.002106 0.658123
4 4 0.063058 0.213653 0.095350 0.003334 0.624604
4 4 0.070160 0.190386 0.086186 0.002663 0.650605
4 4 0.072167 0.168097 0.078033 0.002096 0.679608
4 4 0.088734 0.180181 0.056847 0.001238 0.673000
4 4 0.108738 0.127672 0.034511 0.000453 0.728627
4 4 0.103525 0.195352 0.051624 0.001120 0.648379
4 4 0.062036 0.222334 0.067058 0.001685 0.646886
4 4 0.059527 0.237236 0.064614 0.001602 0.637021
4 4 0.060510 0.241732 0.060587 0.001434 0.635737
4 4 0.043871 0.197561 0.060580 0.001198 0.696789
4 4 0.040468 0.189039 0.057080 0.001029 0.712384
4 4 0.047131 0.199292 0.078825 0.002045 0.672707
4 4 0.063509 0.235174 0.090097 0.003133 0.608087
4 0 0.094499 0.291999 0.097937 0.004858 0.510707
1 1 0.225843 0.428606 0.085934 0.010276 0.249341
1 1 0.157072 0.374219 0.096227 0.007665 0.364817
4 1 0.125508 0.349845 0.128559 0.008069 0.388019
4 1 0.099692 0.331892 0.200116 0.009692 0.358608
4 1 0.119690 0.348933 0.159909 0.009702 0.361766
4 1 0.136912 0.341520 0.115911 0.009511 0.396147
1 1 0.155106 0.370790 0.130630 0.011666 0.331808
1 1 0.167878 0.380758 0.101232 0.009190 0.340942
1 1 0.178883 0.402275 0.083513 0.006848 0.328480
1 1 0.293704 0.392831 0.059619 0.005473 0.248373
1 1 0.330715 0.367732 0.051750 0.004335 0.245468
0 1 0.366640 0.361780 0.046536 0.004076 0.220968
1 1 0.269985 0.360588 0.067625 0.005533 0.296268
1 1 0.324358 0.336361 0.057048 0.004458 0.277775
0 0 0.344351 0.290801 0.057066 0.004015 0.303767
1 1 0.306841 0.329956 0.067789 0.005769 0.289645
4 1 0.231978 0.317166 0.079216 0.005614 0.366026
4 4 0.108043 0.305391 0.121248 0.007989 0.457329
4 4 0.078531 0.282617 0.240691 0.011487 0.386675
4 1 0.061716 0.259048 0.317962 0.011806 0.349468
4 1 0.054814 0.234779 0.263998 0.009448 0.436961
4 1 0.033652 0.189405 0.366074 0.008228 0.402643
4 1 0.023582 0.154533 0.351870 0.006020 0.463995
4 1 0.021666 0.149101 0.398961 0.006372 0.423900
4 1 0.025044 0.165690 0.396068 0.006519 0.406679
2 1 0.023283 0.159799 0.413180 0.006399 0.397338
2 1 0.023879 0.161016 0.457865 0.007570 0.349670
2 1 0.023352 0.161104 0.524519 0.008347 0.282679
2 1 0.027384 0.179790 0.556081 0.009329 0.227416
2 4 0.038969 0.201859 0.417410 0.011518 0.330245
2 4 0.064819 0.215100 0.415875 0.016163 0.288042
4 4 0.100902 0.272693 0.246841 0.014076 0.365488
1 0 0.146442 0.358023 0.148195 0.013478 0.333863
1 1 0.181230 0.389804 0.103492 0.010621 0.314853
1 1 0.231861 0.430764 0.086205 0.010821 0.240350
1 4 0.242749 0.439235 0.080767 0.010341 0.226908
1 4 0.243236 0.445107 0.074471 0.008867 0.228320
1 4 0.188753 0.458454 0.158305 0.011687 0.182800
1 4 0.168008 0.448716 0.205835 0.013178 0.164262
1 4 0.130826 0.408169 0.314909 0.016354 0.129742
2 4 0.099068 0.358321 0.425268 0.017605 0.099737
2 4 0.076652 0.315495 0.512607 0.016938 0.078309
2 4 0.071801 0.307195 0.531095 0.016177 0.073733
2 4 0.097236 0.362396 0.425809 0.016138 0.098421
1 4 0.118939 0.405237 0.341904 0.014427 0.119493
1 1 0.118839 0.406945 0.340578 0.014119 0.119519
1 1 0.115451 0.401054 0.352875 0.014362 0.116258
2 1 0.094375 0.365298 0.429534 0.014647 0.096146
2 2 0.072953 0.321664 0.515962 0.013982 0.075439
2 2 0.040475 0.220943 0.682322 0.013519 0.042741
2 2 0.017664 0.123564 0.828191 0.011474 0.019106
2 2 0.008341 0.069999 0.902516 0.009980 0.009164
2 2 0.009459 0.072933 0.895073 0.012281 0.010254
2 2 0.029301 0.125820 0.798135 0.021515 0.025229
2 0 0.057685 0.168788 0.693849 0.035184 0.044494
2 1 0.134031 0.266193 0.464564 0.040195 0.095017
2 1 0.119417 0.318796 0.407143 0.040727 0.113917
1 1 0.177387 0.393007 0.234327 0.028374 0.166905
1 1 0.156734 0.372176 0.274971 0.030666 0.165453
1 1 0.115478 0.341170 0.330903 0.024152 0.188297
2 1 0.012270 0.109248 0.697556 0.007444 0.173483
2 1 0.023762 0.166020 0.556489 0.008420 0.245309
2 1 0.029325 0.177343 0.412691 0.008296 0.372344
4 1 0.041152 0.195958 0.295505 0.009441 0.457943
4 1 0.043491 0.203451 0.336192 0.011404 0.405461
4 1 0.072306 0.260120 0.187693 0.008750 0.471131
4 1 0.073950 0.262155 0.157281 0.007093 0.499521
4 1 0.078317 0.260579 0.113415 0.005339 0.542350
4 0 0.048488 0.204627 0.115360 0.003458 0.628067
4 1 0.071054 0.222142 0.105972 0.003910 0.596922
4 1 0.063357 0.264906 0.240125 0.008120 0.423492
4 1 0.086017 0.312264 0.225569 0.009531 0.366620
4 1 0.079756 0.273691 0.228007 0.009641 0.408904
4 1 0.073238 0.261531 0.234050 0.011675 0.419506
4 1 0.095104 0.233288 0.165785 0.009419 0.496404
4 1 0.078026 0.221109 0.126996 0.006530 0.567339
4 1 0.077123 0.239397 0.137140 0.008023 0.538318
4 1 0.061875 0.220622 0.120719 0.005460 0.591324
4 1 0.054452 0.207677 0.108535 0.004104 0.625233
4 1 0.065648 0.238303 0.094123 0.003479 0.598447
4 1 0.079135 0.256343 0.117674 0.006102 0.540746
4 1 0.084885 0.284419 0.201738 0.010876 0.418082
4 1 0.061185 0.244657 0.336331 0.015028 0.342798
2 1 0.055123 0.222306 0.380920 0.016138 0.325513
2 1 0.050006 0.203999 0.371188 0.015833 0.358974
4 1 0.059279 0.199452 0.219046 0.010077 0.512146
4 1 0.044244 0.200846 0.287396 0.010144 0.457370
4 4 0.042105 0.196054 0.244723 0.007779 0.509340
4 4 0.043453 0.188186 0.158637 0.005338 0.604386
4 4 0.061730 0.238136 0.149853 0.005689 0.544591
4 4 0.068082 0.264679 0.163018 0.005808 0.498413
4 4 0.065558 0.270710 0.197368 0.006337 0.460027
4 4 0.072272 0.286460 0.191030 0.006473 0.443764
4 4 0.074480 0.306746 0.233161 0.007266 0.378347
4 4 0.074718 0.314095 0.244358 0.007192 0.359637
4 1 0.063275 0.289657 0.284669 0.007489 0.354910
