0 0 0.635400 0.242248 0.058316 0.000012 0.064024
0 0 0.539924 0.218345 0.092397 0.000187 0.149147
1 1 0.021788 0.586148 0.319398 0.000016 0.072650
1 1 0.017348 0.550710 0.316420 0.000012 0.115510
1 2 0.028858 0.513193 0.331963 0.000011 0.125976
1 2 0.041179 0.534829 0.280835 0.000026 0.143131
2 2 0.005023 0.462324 0.475600 0.000019 0.057034
2 2 0.018979 0.206021 0.431974 0.000047 0.342978
2 2 0.033416 0.369985 0.419445 0.000263 0.176890
2 2 0.008213 0.250788 0.666577 0.000158 0.074264
2 2 0.003815 0.214053 0.770208 0.000245 0.011679
2 2 0.011697 0.287058 0.660158 0.000101 0.040986
2 2 0.001673 0.225550 0.766034 0.000018 0.006725
2 2 0.000264 0.062526 0.934102 0.000137 0.002971
2 2 0.000669 0.057265 0.940243 0.000786 0.001036
2 2 0.000645 0.058312 0.938869 0.000908 0.001267
2 2 0.000623 0.068452 0.927643 0.001348 0.001932
2 2 0.002116 0.057204 0.934205 0.004582 0.001893
2 2 0.004653 0.087364 0.902597 0.002241 0.003144
2 2 0.002003 0.088850 0.904967 0.002929 0.001251
2 2 0.000547 0.046835 0.945684 0.005981 0.000953
2 2 0.000655 0.054984 0.941329 0.002237 0.000795
2 2 0.001503 0.022598 0.930542 0.044909 0.000447
2 2 0.001264 0.017921 0.929110 0.051344 0.000361
2 2 0.021017 0.042726 0.670156 0.262855 0.003246
2 2 0.003137 0.011718 0.557751 0.426679 0.000714
2 2 0.013332 0.043672 0.733974 0.207351 0.001672
2 2 0.006851 0.018199 0.691790 0.282241 0.000918
3 3 0.000582 0.002151 0.275929 0.721149 0.000188
3 3 0.003317 0.006928 0.288105 0.700861 0.000790
2 3 0.006615 0.026787 0.526962 0.438043 0.001592
2 3 0.010295 0.022199 0.545845 0.418203 0.003458
3 3 0.000189 0.001792 0.308959 0.688962 0.000098
3 3 0.000197 0.001158 0.262000 0.736514 0.000131
3 3 0.000696 0.002267 0.225385 0.771392 0.000260
3 3 0.002629 0.005211 0.344097 0.647433 0.000631
3 3 0.002969 0.004237 0.149039 0.842938 0.000817
3 3 0.005405 0.007301 0.205523 0.780526 0.001245
3 3 0.000173 0.000617 0.124896 0.874229 0.000084
3 3 0.000290 0.001189 0.180354 0.818052 0.000115
3 3 0.003807 0.007993 0.312588 0.673887 0.001726
3 3 0.001153 0.003344 0.201111 0.793880 0.000511
3 3 0.000855 0.001474 0.088433 0.908902 0.000336
3 3 0.000924 0.001314 0.095007 0.902385 0.000369
3 3 0.002113 0.003002 0.108794 0.885083 0.001008
3 3 0.003520 0.003230 0.093999 0.897994 0.001257
3 3 0.000738 0.002169 0.191953 0.804892 0.000248
3 3 0.000787 0.001665 0.138952 0.858205 0.000391
3 3 0.000548 0.000811 0.055271 0.943109 0.000261
3 3 0.000191 0.000448 0.066280 0.932978 0.000103
3 3 0.000561 0.000895 0.055033 0.943011 0.000500
3 3 0.001384 0.001579 0.061667 0.934853 0.000517
3 3 0.000243 0.000339 0.042913 0.956364 0.000141
3 3 0.000526 0.000511 0.031436 0.967255 0.000272
3 3 0.003249 0.003163 0.085054 0.907380 0.001153
3 3 0.001225 0.001973 0.086348 0.910024 0.000430
3 3 0.002163 0.002250 0.101399 0.893319 0.000869
3 3 0.000635 0.001004 0.071366 0.926610 0.000386
3 3 0.003934 0.004335 0.104499 0.885925 0.001308
3 3 0.005944 0.005597 0.140422 0.846422 0.001615
3 2 0.033083 0.026199 0.188984 0.724931 0.026803
0 2 0.540057 0.139907 0.223019 0.070805 0.026212
2 2 0.054731 0.209953 0.698704 0.023312 0.013300
2 2 0.072422 0.274877 0.631130 0.009553 0.012019
2 2 0.032456 0.298956 0.653141 0.001764 0.013684
2 2 0.060148 0.390574 0.531257 0.000904 0.017116
2 2 0.025461 0.418661 0.537998 0.000050 0.017829
2 2 0.016534 0.449915 0.520454 0.000013 0.013083
1 2 0.159013 0.410011 0.405564 0.000036 0.025376
1 2 0.030117 0.571871 0.376152 0.000027 0.021834
2 2 0.019580 0.330466 0.642707 0.001109 0.006138
2 2 0.057197 0.384227 0.547624 0.000147 0.010805
2 2 0.013011 0.358256 0.624079 0.000056 0.004599
2 2 0.006276 0.224342 0.764173 0.000186 0.005022
2 2 0.002999 0.130323 0.864075 0.001687 0.000916
2 2 0.004997 0.123697 0.868253 0.002006 0.001048
2 2 0.005306 0.163510 0.826166 0.001363 0.003655
2 2 0.016318 0.212493 0.767120 0.001749 0.002320
2 2 0.014661 0.187391 0.793814 0.002441 0.001694
2 2 0.008287 0.161510 0.824663 0.003539 0.002001
2 2 0.026795 0.110735 0.821183 0.039642 0.001645
2 2 0.033876 0.148038 0.792919 0.023741 0.001425
2 2 0.016692 0.063653 0.831846 0.086658 0.001150
2 2 0.020429 0.085520 0.799389 0.093343 0.001320
2 2 0.087462 0.163109 0.720691 0.024815 0.003923
2 2 0.042329 0.100827 0.754767 0.098026 0.004052
2 2 0.021051 0.126435 0.765711 0.083366 0.003438
2 2 0.014947 0.064292 0.730861 0.188602 0.001299
2 2 0.011592 0.044696 0.713901 0.228653 0.001158
2 2 0.011091 0.050148 0.698377 0.239291 0.001094
2 2 0.004166 0.021397 0.627182 0.346674 0.000581
2 2 0.007327 0.033892 0.722676 0.235304 0.000800
2 2 0.011959 0.032930 0.545192 0.408393 0.001525
2 2 0.016382 0.038561 0.539164 0.403909 0.001985
3 2 0.001777 0.008459 0.489636 0.499773 0.000355
2 2 0.001652 0.008901 0.539359 0.449771 0.000317
2 2 0.004107 0.019164 0.608887 0.367244 0.000598
3 2 0.004335 0.014928 0.440955 0.539030 0.000752
3 2 0.029333 0.031774 0.427708 0.507271 0.003914
3 2 0.005485 0.012585 0.244040 0.736803 0.001087
3 2 0.002875 0.006907 0.229998 0.759541 0.000679
3 2 0.008625 0.014641 0.209593 0.765495 0.001646
2 2 0.268281 0.200505 0.462754 0.014540 0.053920
2 2 0.111657 0.367574 0.412679 0.015198 0.092892
2 2 0.026566 0.311194 0.640208 0.000895 0.021137
2 2 0.031052 0.354667 0.584967 0.000188 0.029126
2 2 0.004968 0.295810 0.679652 0.000008 0.019562
2 2 0.007450 0.259298 0.704960 0.000018 0.028275
2 2 0.002663 0.175804 0.811636 0.000555 0.009342
2 2 0.025067 0.258792 0.702957 0.000229 0.012955
2 2 0.001682 0.194908 0.789168 0.000013 0.014229
2 2 0.000880 0.147488 0.838307 0.000043 0.013283
2 2 0.000396 0.125779 0.867869 0.000040 0.005916
2 2 0.001797 0.135474 0.854706 0.000053 0.007970
2 2 0.000325 0.046478 0.951344 0.001248 0.000604
2 2 0.000079 0.026831 0.971874 0.000727 0.000488
2 2 0.000085 0.033542 0.963889 0.001985 0.000499
2 2 0.000031 0.011978 0.985157 0.002642 0.000192
2 2 0.000279 0.026853 0.960439 0.011824 0.000606
2 2 0.000456 0.017143 0.950715 0.031348 0.000338
2 2 0.017711 0.098596 0.867740 0.012023 0.003929
2 2 0.005880 0.114552 0.852386 0.020261 0.006922
2 2 0.001429 0.044965 0.926099 0.025242 0.002265
2 3 0.003604 0.050706 0.887642 0.056186 0.001862
2 3 0.002225 0.037966 0.900129 0.058639 0.001040
2 3 0.003421 0.049497 0.887038 0.058728 0.001316
2 3 0.000420 0.006583 0.712623 0.280115 0.000259
2 3 0.002605 0.013370 0.697050 0.286585 0.000390
2 3 0.004744 0.017525 0.593038 0.383981 0.000712
2 3 0.002031 0.010781 0.557233 0.429392 0.000562
2 3 0.005431 0.031102 0.803528 0.158932 0.001007
2 3 0.004865 0.033660 0.707945 0.250598 0.002932
2 3 0.006092 0.029681 0.588493 0.373406 0.002328
2 3 0.003754 0.019736 0.529770 0.444960 0.001780
3 3 0.007059 0.006936 0.179227 0.805129 0.001649
3 3 0.006041 0.012939 0.406848 0.573080 0.001092
2 3 0.005313 0.015828 0.556310 0.421711 0.000837
2 3 0.002952 0.011736 0.624869 0.359957 0.000486
3 3 0.008640 0.016127 0.384832 0.588923 0.001478
3 3 0.005023 0.006689 0.279539 0.707447 0.001302
3 3 0.001357 0.003456 0.215389 0.779407 0.000391
3 3 0.000616 0.000987 0.090483 0.907629 0.000284
3 3 0.004361 0.005398 0.166914 0.822006 0.001322
3 3 0.004483 0.006395 0.182078 0.805959 0.001084
3 3 0.001723 0.002090 0.078084 0.917351 0.000752
3 3 0.000871 0.000984 0.045777 0.951922 0.000446
3 3 0.011525 0.009163 0.124160 0.851315 0.003838
3 3 0.022295 0.014478 0.138524 0.817214 0.007489
2 3 0.035254 0.044832 0.459944 0.445818 0.014153
2 2 0.061713 0.086066 0.558561 0.286726 0.006934
1 2 0.296271 0.428813 0.249838 0.000609 0.024469
1 2 0.229039 0.483131 0.248295 0.000485 0.039050
1 1 0.100246 0.560041 0.305904 0.000034 0.033775
1 1 0.062821 0.580306 0.325323 0.000012 0.031537
1 1 0.034339 0.483572 0.449645 0.000030 0.032414
2 1 0.012327 0.458504 0.496773 0.000051 0.032345
2 2 0.000718 0.172496 0.820452 0.000040 0.006294
2 2 0.001279 0.139426 0.846978 0.000076 0.012241
2 2 0.155977 0.379044 0.395400 0.002800 0.066778
1 2 0.075040 0.511545 0.378294 0.000117 0.035003
1 2 0.362017 0.373029 0.175671 0.000035 0.089248
1 1 0.245885 0.549944 0.147931 0.000022 0.056219
1 1 0.018143 0.551087 0.419281 0.000026 0.011463
1 1 0.031707 0.517192 0.433495 0.000016 0.017590
2 1 0.022308 0.462525 0.502611 0.000024 0.012532
2 2 0.026674 0.454364 0.506417 0.000034 0.012511
1 2 0.011342 0.601431 0.365657 0.000002 0.021568
2 2 0.000979 0.279826 0.686221 0.000008 0.032966
2 2 0.001812 0.312223 0.632737 0.000003 0.053225
2 2 0.005285 0.377085 0.563589 0.000004 0.054037
1 2 0.036040 0.618072 0.270937 0.000009 0.074942
2 2 0.006091 0.398677 0.430620 0.000008 0.164604
4 4 0.098405 0.337324 0.154762 0.000144 0.409365
1 4 0.034543 0.417449 0.197740 0.000368 0.349899
4 4 0.000628 0.267626 0.177560 0.000001 0.554185
4 4 0.002667 0.189644 0.121138 0.000077 0.686473
4 4 0.002108 0.116519 0.042356 0.000001 0.839017
4 4 0.003751 0.090093 0.021437 0.000000 0.884719
4 4 0.002044 0.132077 0.060042 0.000004 0.805833
4 4 0.001688 0.204885 0.089648 0.000004 0.703775
4 4 0.001090 0.368067 0.178758 0.000000 0.452084
4 4 0.001776 0.241073 0.167845 0.000011 0.589295
4 4 0.001214 0.124556 0.056436 0.000010 0.817784
4 4 0.005509 0.166207 0.058324 0.000003 0.769958
4 4 0.005496 0.192414 0.073796 0.000070 0.728224
4 4 0.003949 0.083505 0.052993 0.000105 0.859447
4 4 0.010192 0.028734 0.007415 0.000001 0.953658
4 4 0.005261 0.030592 0.009048 0.000004 0.955094
4 4 0.000901 0.178466 0.117016 0.000003 0.703613
4 4 0.001506 0.244551 0.123082 0.000009 0.630852
4 4 0.003954 0.074948 0.015532 0.000004 0.905561
4 4 0.006494 0.014299 0.002090 0.000000 0.977118
4 4 0.029824 0.028487 0.005753 0.000002 0.935935
4 4 0.039563 0.027421 0.005755 0.000013 0.927248
4 4 0.013692 0.026156 0.003587 0.000000 0.956566
4 4 0.009832 0.034010 0.005602 0.000000 0.950555
4 4 0.002418 0.255227 0.156013 0.000002 0.586340
4 4 0.011284 0.300553 0.119675 0.000001 0.568487
4 4 0.008117 0.068742 0.018038 0.000001 0.905102
4 4 0.007450 0.099777 0.028639 0.000020 0.864114
4 4 0.005846 0.101185 0.064022 0.000402 0.828545
4 4 0.002475 0.041739 0.023956 0.000204 0.931626
4 4 0.138855 0.109693 0.033308 0.000002 0.718143
4 4 0.053952 0.331322 0.127302 0.000080 0.487345
4 4 0.004591 0.113201 0.050341 0.000004 0.831863
4 4 0.001973 0.102219 0.045983 0.000003 0.849823
4 4 0.004512 0.219509 0.257519 0.002110 0.516350
4 4 0.015406 0.359149 0.245158 0.000368 0.379918
4 4 0.002992 0.085845 0.046816 0.000190 0.864157
4 4 0.003223 0.079836 0.038344 0.000014 0.878582
4 4 0.003186 0.042931 0.010031 0.000001 0.943851
4 4 0.007689 0.068348 0.014654 0.000001 0.909308
4 4 0.026989 0.011774 0.001297 0.000000 0.959941
4 4 0.032854 0.018587 0.002121 0.000000 0.946438
4 4 0.009774 0.013052 0.002006 0.000000 0.975167
4 4 0.004950 0.009473 0.001386 0.000000 0.984191
4 4 0.017093 0.023672 0.004967 0.000001 0.954267
4 4 0.021811 0.031486 0.007518 0.000003 0.939182
4 4 0.010974 0.016857 0.003255 0.000003 0.968912
4 4 0.139007 0.034204 0.005499 0.000000 0.821289
4 4 0.002265 0.025719 0.009443 0.000009 0.962565
4 4 0.012049 0.081532 0.021206 0.000004 0.885209
4 4 0.141969 0.030325 0.004450 0.000000 0.823255
4 4 0.038403 0.030224 0.007004 0.000027 0.924343
4 4 0.015756 0.025203 0.005500 0.000001 0.953540
4 4 0.046100 0.030766 0.005584 0.000000 0.917549
4 4 0.003676 0.168035 0.087151 0.000010 0.741128
4 4 0.004898 0.119191 0.068614 0.000096 0.807200
4 4 0.014163 0.018536 0.003057 0.000000 0.964244
4 4 0.006944 0.023446 0.006779 0.000021 0.962810
4 4 0.179119 0.140348 0.047625 0.000039 0.632869
4 1 0.018633 0.172724 0.089623 0.000349 0.718672
4 1 0.000879 0.207199 0.149613 0.000002 0.642308
4 1 0.000378 0.230264 0.173880 0.000001 0.595477
4 2 0.001117 0.215320 0.172697 0.000010 0.610857
4 2 0.000984 0.243906 0.186117 0.000003 0.568990
2 2 0.000206 0.149214 0.670137 0.000103 0.180341
2 2 0.000205 0.167950 0.658288 0.000035 0.173522
2 2 0.000178 0.117304 0.706970 0.000064 0.175483
2 2 0.000084 0.099509 0.740547 0.000059 0.159802
2 2 0.000751 0.103415 0.625967 0.000081 0.269786
2 2 0.000042 0.020006 0.942624 0.000199 0.037128
2 2 0.018792 0.335044 0.599292 0.000124 0.046749
2 2 0.017101 0.456611 0.475411 0.000244 0.050633
2 2 0.000143 0.073043 0.922488 0.000035 0.004290
2 2 0.000059 0.053564 0.937579 0.000046 0.008751
2 2 0.000208 0.087462 0.904158 0.000128 0.008044
2 2 0.001994 0.265728 0.719955 0.000017 0.012307
2 2 0.000946 0.218875 0.713603 0.000107 0.066469
2 2 0.001903 0.249668 0.682869 0.000008 0.065552
2 2 0.000682 0.202162 0.784872 0.000048 0.012236
2 2 0.000898 0.155155 0.820457 0.000011 0.023479
2 2 0.000033 0.031900 0.966777 0.000303 0.000986
2 2 0.000031 0.046191 0.951856 0.000261 0.001662
2 2 0.000139 0.101303 0.890177 0.000263 0.008118
2 2 0.000309 0.091034 0.885649 0.000221 0.022788
2 2 0.002213 0.267427 0.662023 0.000030 0.068308
2 2 0.000580 0.130845 0.836065 0.000099 0.032411
2 2 0.000006 0.010292 0.988748 0.000881 0.000073
2 2 0.000006 0.008196 0.990578 0.001157 0.000064
2 2 0.000034 0.019121 0.976823 0.002034 0.001989
2 2 0.000048 0.036497 0.960208 0.001205 0.002043
2 2 0.000548 0.053981 0.941689 0.001196 0.002587
2 2 0.000253 0.041785 0.954082 0.002919 0.000962
2 2 0.000247 0.036527 0.961366 0.000941 0.000919
2 2 0.000028 0.026659 0.971475 0.001104 0.000734
2 2 0.000015 0.006518 0.990201 0.003207 0.000059
2 2 0.000007 0.002694 0.992597 0.004683 0.000020
2 2 0.000056 0.021735 0.975250 0.002430 0.000530
2 2 0.000065 0.019355 0.976832 0.003152 0.000597
2 2 0.000057 0.014863 0.980974 0.003807 0.000299
2 2 0.000188 0.044080 0.950472 0.002887 0.002374
2 2 0.002541 0.034288 0.857613 0.101585 0.003973
2 2 0.004136 0.046914 0.889073 0.055378 0.004498
2 2 0.000921 0.022971 0.849018 0.124704 0.002385
2 2 0.001847 0.029747 0.916612 0.050771 0.001024
2 2 0.001970 0.007273 0.555898 0.434140 0.000719
2 3 0.008270 0.024719 0.510837 0.448327 0.007847
2 3 0.000773 0.010847 0.795262 0.192748 0.000370
2 3 0.000939 0.016857 0.729360 0.250854 0.001990
3 3 0.002211 0.011885 0.352602 0.631557 0.001745
3 3 0.002001 0.009600 0.385485 0.599165 0.003750
3 3 0.009035 0.013125 0.348425 0.626635 0.002780
3 3 0.002667 0.007854 0.355211 0.632104 0.002164
3 3 0.002120 0.003314 0.140437 0.853500 0.000629
3 3 0.000599 0.001256 0.119006 0.878819 0.000320
3 3 0.006078 0.021894 0.264875 0.696521 0.010631
3 3 0.004701 0.019212 0.209358 0.757687 0.009042
3 3 0.001666 0.004693 0.108703 0.883503 0.001435
3 3 0.009115 0.009772 0.139630 0.838860 0.002623
3 3 0.001509 0.001774 0.044629 0.951204 0.000885
3 3 0.004445 0.003317 0.051494 0.938863 0.001881
3 3 0.000418 0.000684 0.015593 0.982568 0.000738
3 3 0.001730 0.002123 0.027649 0.966231 0.002268
3 3 0.009871 0.009182 0.035592 0.929170 0.016185
3 3 0.018815 0.009026 0.031089 0.927679 0.013391
3 3 0.002345 0.002772 0.031168 0.961555 0.002160
3 3 0.003003 0.005772 0.065560 0.918783 0.006883
3 3 0.000274 0.000496 0.018570 0.980184 0.000477
3 3 0.001074 0.001391 0.015648 0.980203 0.001684
3 3 0.006461 0.004212 0.036961 0.948279 0.004087
3 3 0.005363 0.005766 0.029647 0.950097 0.009128
3 3 0.001748 0.002514 0.025108 0.967545 0.003085
3 3 0.001667 0.001973 0.023147 0.970928 0.002285
3 3 0.011079 0.012073 0.101295 0.862768 0.012785
3 3 0.006651 0.011915 0.048545 0.907341 0.025548
3 3 0.011150 0.009641 0.066408 0.899800 0.013000
3 3 0.010935 0.008523 0.051432 0.918790 0.010320
3 3 0.000288 0.000891 0.040298 0.957610 0.000913
3 3 0.001462 0.001305 0.025904 0.970214 0.001116
3 3 0.000281 0.000772 0.022592 0.975451 0.000904
3 3 0.000419 0.000930 0.031712 0.966004 0.000935
3 3 0.002957 0.004363 0.042088 0.945267 0.005325
3 3 0.003733 0.005386 0.037868 0.944112 0.008901
3 3 0.000131 0.000201 0.015202 0.984313 0.000153
3 3 0.000575 0.000615 0.029301 0.969071 0.000438
3 3 0.004252 0.006685 0.066127 0.913890 0.009045
3 3 0.001443 0.002863 0.038820 0.953237 0.003636
3 3 0.008069 0.004369 0.032837 0.950593 0.004131
3 3 0.001189 0.001245 0.023169 0.973237 0.001161
3 3 0.000353 0.000780 0.029295 0.968803 0.000769
3 3 0.001455 0.002247 0.041362 0.952656 0.002280
3 3 0.009146 0.012922 0.070391 0.885209 0.022332
3 3 0.006475 0.010458 0.086884 0.882104 0.014079
3 3 0.000229 0.000535 0.023525 0.975184 0.000528
3 3 0.001541 0.001964 0.061491 0.933457 0.001546
3 3 0.001793 0.003150 0.030135 0.960682 0.004240
3 3 0.004500 0.004916 0.043749 0.941000 0.005835
3 3 0.000308 0.000296 0.004085 0.994968 0.000344
3 3 0.000316 0.000242 0.006595 0.992643 0.000205
3 3 0.006965 0.006004 0.050677 0.929770 0.006585
3 3 0.001706 0.001947 0.018333 0.975711 0.002304
3 3 0.072975 0.022479 0.113699 0.773343 0.017503
2 0 0.226756 0.136609 0.453258 0.166201 0.017176
2 0 0.249449 0.283727 0.384304 0.024804 0.057716
1 0 0.224241 0.333261 0.331229 0.013540 0.097729
2 0 0.228491 0.360083 0.367670 0.013484 0.030273
2 0 0.097883 0.386555 0.472500 0.000554 0.042508
2 0 0.036911 0.256720 0.622173 0.009718 0.074478
2 1 0.040138 0.347827 0.541982 0.000088 0.069964
2 1 0.014240 0.286763 0.606994 0.000296 0.091707
2 0 0.071911 0.330038 0.480954 0.005180 0.111917
2 0 0.326102 0.234489 0.385182 0.011001 0.043227
0 0 0.627725 0.232307 0.112897 0.001204 0.025867
2 1 0.002554 0.434459 0.532723 0.000022 0.030242
2 1 0.003147 0.304198 0.662377 0.000022 0.030257
2 2 0.000042 0.070118 0.928411 0.000063 0.001365
2 2 0.000136 0.095817 0.902083 0.000040 0.001924
2 2 0.000217 0.115305 0.879962 0.000256 0.004260
2 2 0.000259 0.139124 0.854185 0.000038 0.006394
2 2 0.000945 0.228624 0.764092 0.000084 0.006256
2 2 0.000288 0.101009 0.893146 0.000376 0.005181
2 2 0.000042 0.063566 0.933666 0.000362 0.002364
2 2 0.000277 0.092704 0.904379 0.000262 0.002377
2 2 0.000109 0.069617 0.928241 0.000133 0.001899
2 2 0.000060 0.072827 0.922771 0.000143 0.004199
2 2 0.000332 0.056916 0.938375 0.001160 0.003217
2 2 0.000258 0.091207 0.906014 0.001234 0.001287
2 2 0.001951 0.327629 0.539517 0.000012 0.130891
2 2 0.000173 0.069056 0.802278 0.000025 0.128468
2 2 0.000012 0.022827 0.917905 0.002055 0.057201
2 2 0.000029 0.042555 0.916204 0.000651 0.040560
2 2 0.013974 0.316883 0.609263 0.003190 0.056689
1 2 0.253140 0.386495 0.261050 0.001254 0.098061
1 2 0.159245 0.590707 0.226057 0.000060 0.023930
1 2 0.044979 0.482677 0.436875 0.000066 0.035404
2 2 0.001181 0.264489 0.726118 0.000054 0.008158
2 2 0.001543 0.301316 0.683288 0.000013 0.013841
2 2 0.000288 0.164898 0.822986 0.000030 0.011797
2 2 0.000251 0.120308 0.866035 0.000028 0.013379
2 2 0.000035 0.056799 0.937506 0.000045 0.005615
2 2 0.000001 0.006336 0.991570 0.000610 0.001482
2 2 0.000011 0.012991 0.973773 0.000534 0.012690
2 2 0.000009 0.012490 0.979612 0.001321 0.006568
2 2 0.000888 0.238331 0.536262 0.000083 0.224436
2 2 0.000723 0.158581 0.547668 0.000053 0.292975
2 2 0.000044 0.041073 0.935271 0.000599 0.023013
2 2 0.000082 0.053606 0.912932 0.000062 0.033318
2 2 0.000010 0.026132 0.952325 0.000577 0.020957
2 2 0.000037 0.056162 0.923168 0.000624 0.020009
2 2 0.000143 0.071744 0.869399 0.000396 0.058317
2 2 0.000141 0.055912 0.894048 0.000450 0.049449
2 2 0.000011 0.021320 0.956169 0.000359 0.022140
2 2 0.000371 0.095559 0.765576 0.000180 0.138314
2 2 0.000043 0.051497 0.926305 0.000802 0.021353
2 2 0.000017 0.018586 0.968826 0.000717 0.011853
2 2 0.000016 0.028169 0.964842 0.000677 0.006296
2 2 0.000049 0.027848 0.956114 0.001084 0.014905
2 2 0.000100 0.058946 0.861456 0.000507 0.078991
2 2 0.000235 0.108235 0.800960 0.000157 0.090414
2 2 0.000010 0.010942 0.986421 0.001426 0.001201
2 2 0.000050 0.023859 0.965017 0.002310 0.008763
2 2 0.000022 0.016298 0.973611 0.001909 0.008160
2 2 0.000021 0.041528 0.950603 0.000367 0.007481
2 2 0.000085 0.027034 0.941001 0.001619 0.030262
2 2 0.000109 0.055051 0.923010 0.001302 0.020528
2 2 0.000001 0.002687 0.996112 0.000815 0.000385
2 2 0.000014 0.015717 0.981041 0.001249 0.001979
2 2 0.000169 0.037519 0.924634 0.000785 0.036893
2 2 0.000061 0.036732 0.952689 0.001577 0.008941
2 2 0.000010 0.014705 0.980899 0.001063 0.003323
2 2 0.000023 0.022658 0.961985 0.000736 0.014598
2 2 0.000003 0.006465 0.991645 0.000970 0.000917
2 2 0.000007 0.006109 0.990910 0.001507 0.001467
2 2 0.000002 0.005714 0.992611 0.001032 0.000641
2 2 0.000028 0.030913 0.965090 0.000823 0.003145
2 2 0.000001 0.002083 0.996064 0.001759 0.000093
2 2 0.000000 0.001405 0.997497 0.001047 0.000050
2 2 0.000085 0.068667 0.908500 0.000224 0.022524
2 2 0.000025 0.026681 0.960088 0.001164 0.012042
2 2 0.000008 0.012992 0.978171 0.001134 0.007695
2 2 0.000168 0.049354 0.906487 0.002804 0.041187
2 2 0.000002 0.005061 0.993440 0.001019 0.000478
2 2 0.000065 0.015967 0.976164 0.004462 0.003341
2 2 0.000005 0.007253 0.989347 0.001537 0.001858
2 2 0.000039 0.035562 0.955338 0.000698 0.008364
2 2 0.000239 0.030786 0.956807 0.005782 0.006385
2 2 0.000433 0.044252 0.933629 0.006110 0.015576
2 2 0.000139 0.086694 0.904475 0.000998 0.007693
2 2 0.000021 0.048400 0.947099 0.000385 0.004094
2 2 0.000203 0.067743 0.920802 0.000529 0.010723
2 2 0.000128 0.060056 0.925968 0.001546 0.012302
2 2 0.093836 0.149382 0.705434 0.022123 0.029225
1 0 0.334428 0.357720 0.275777 0.013546 0.018530
2 1 0.233480 0.374794 0.377446 0.000589 0.013692
1 1 0.168787 0.472891 0.344769 0.000204 0.013349
2 2 0.208222 0.382315 0.393996 0.000184 0.015283
1 2 0.189854 0.492356 0.308007 0.000202 0.009580
1 2 0.083374 0.510498 0.397275 0.000074 0.008780
1 2 0.077848 0.491762 0.415971 0.000075 0.014344
2 2 0.118499 0.394442 0.473287 0.001507 0.012264
2 2 0.127974 0.423425 0.436344 0.000313 0.011944
2 2 0.004452 0.345809 0.644036 0.000017 0.005686
2 2 0.015231 0.373342 0.595778 0.000007 0.015643
1 1 0.168401 0.505313 0.305010 0.000935 0.020342
1 1 0.177671 0.583230 0.222743 0.000010 0.016345
1 1 0.074498 0.499987 0.422176 0.000048 0.003292
1 1 0.029767 0.511389 0.446629 0.000005 0.012210
2 1 0.011323 0.392472 0.588077 0.000005 0.008123
2 2 0.020218 0.314751 0.657776 0.000007 0.007248
2 2 0.010070 0.343774 0.640899 0.000008 0.005249
2 2 0.006205 0.226168 0.760445 0.000011 0.007171
2 2 0.004575 0.243963 0.743255 0.000009 0.008198
2 2 0.001903 0.158737 0.833220 0.000018 0.006121
1 2 0.012091 0.447565 0.403953 0.000000 0.136390
1 2 0.010282 0.469747 0.372225 0.000000 0.147746
2 4 0.005165 0.375755 0.439500 0.000000 0.179580
2 4 0.007076 0.200752 0.416167 0.000005 0.376000
4 4 0.131817 0.175585 0.218433 0.000272 0.473893
4 4 0.029206 0.128311 0.244439 0.000112 0.597932
2 4 0.036144 0.258487 0.381684 0.000065 0.323619
1 4 0.115476 0.469338 0.222642 0.000016 0.192529
1 4 0.061312 0.371393 0.223908 0.000003 0.343383
4 4 0.012150 0.113273 0.209210 0.000018 0.665348
4 4 0.125504 0.115519 0.062231 0.000127 0.696619
4 4 0.125077 0.146954 0.062567 0.000039 0.665363
4 4 0.157074 0.306359 0.094055 0.000002 0.442510
4 4 0.065911 0.121556 0.090935 0.000045 0.721553
4 4 0.252350 0.136166 0.027290 0.000008 0.584186
0 4 0.459404 0.094422 0.017340 0.000000 0.428833
1 4 0.058038 0.394047 0.170825 0.000004 0.377086
1 4 0.133282 0.403849 0.105107 0.000003 0.357758
4 4 0.431519 0.075706 0.021383 0.000004 0.471388
0 4 0.455375 0.070722 0.018943 0.000003 0.454958
4 4 0.240754 0.068489 0.017510 0.000002 0.673245
4 4 0.404744 0.056141 0.009290 0.000000 0.529825
4 4 0.084814 0.216201 0.096958 0.000043 0.601984
4 4 0.063000 0.276715 0.176827 0.000278 0.483180
4 4 0.001167 0.124696 0.063459 0.000001 0.810678
4 4 0.000443 0.100387 0.074661 0.000001 0.824508
4 4 0.021057 0.014524 0.001619 0.000000 0.962801
4 4 0.006179 0.008307 0.001030 0.000000 0.984484
4 4 0.040950 0.028296 0.004884 0.000000 0.925870
4 4 0.017750 0.016441 0.002583 0.000000 0.963226
4 4 0.004439 0.022908 0.003694 0.000000 0.968959
4 4 0.006154 0.016587 0.002202 0.000000 0.975057
4 4 0.000638 0.131908 0.077352 0.000001 0.790101
4 4 0.000762 0.237360 0.191437 0.000001 0.570440
4 4 0.003249 0.109466 0.377901 0.000056 0.509329
1 4 0.012753 0.537427 0.231733 0.000009 0.218079
4 4 0.000788 0.171762 0.090004 0.000001 0.737444
4 4 0.000789 0.247396 0.106618 0.000000 0.645197
2 4 0.001800 0.081319 0.831311 0.003560 0.082011
1 0 0.142448 0.550925 0.255215 0.000188 0.051224
1 4 0.017528 0.598515 0.328553 0.000000 0.055403
2 4 0.003565 0.438249 0.471538 0.000000 0.086648
2 4 0.002133 0.368165 0.468774 0.000000 0.160928
1 4 0.004657 0.420120 0.366641 0.000000 0.208583
1 4 0.003721 0.391715 0.340994 0.000000 0.263570
2 4 0.001022 0.319295 0.451654 0.000000 0.228028
2 4 0.005709 0.352208 0.526767 0.000001 0.115314
2 4 0.007221 0.416971 0.427983 0.000001 0.147824
4 4 0.071555 0.110274 0.083145 0.000147 0.734879
4 4 0.064239 0.144244 0.094065 0.000027 0.697425
1 4 0.007279 0.469710 0.312752 0.000000 0.210260
1 4 0.007934 0.556904 0.255548 0.000000 0.179614
2 4 0.005953 0.434518 0.493888 0.000003 0.065640
2 4 0.001109 0.380515 0.461453 0.000000 0.156923
1 4 0.012689 0.467590 0.118479 0.000000 0.401242
1 4 0.008773 0.415196 0.166643 0.000000 0.409387
1 4 0.020507 0.398269 0.262157 0.000001 0.319066
4 4 0.005252 0.177236 0.257173 0.000005 0.560334
4 4 0.018552 0.106019 0.044356 0.000035 0.831038
4 4 0.066338 0.325819 0.093172 0.000003 0.514668
1 4 0.038801 0.650778 0.135782 0.000000 0.174639
1 4 0.007597 0.501351 0.251206 0.000001 0.239846
2 4 0.004300 0.332514 0.552299 0.000002 0.110885
2 4 0.005971 0.431670 0.455329 0.000002 0.107027
2 1 0.001012 0.163616 0.723576 0.000013 0.111783
2 2 0.004016 0.356533 0.503051 0.000002 0.136398
1 2 0.002574 0.348358 0.324436 0.000001 0.324632
1 2 0.007509 0.529461 0.249332 0.000001 0.213698
2 2 0.003904 0.360715 0.445609 0.000002 0.189771
2 2 0.006118 0.387349 0.409318 0.000001 0.197214
1 2 0.005994 0.419259 0.325209 0.000001 0.249537
4 2 0.007455 0.318407 0.320082 0.000003 0.354052
2 2 0.007741 0.261363 0.489652 0.000004 0.241240
2 2 0.004501 0.378200 0.439611 0.000004 0.177685
2 2 0.004476 0.365750 0.459372 0.000004 0.170398
2 2 0.005077 0.299078 0.465934 0.000003 0.229908
1 2 0.006296 0.362215 0.327592 0.000005 0.303891
2 2 0.007107 0.307277 0.454958 0.000010 0.230648
2 2 0.000913 0.160648 0.673895 0.000053 0.164492
2 2 0.003132 0.281091 0.453562 0.000010 0.262205
2 2 0.002214 0.131017 0.618009 0.000041 0.248719
2 2 0.001978 0.248814 0.606171 0.000017 0.143020
2 2 0.002272 0.229760 0.715021 0.000193 0.052754
2 2 0.011672 0.175148 0.746029 0.000308 0.066844
2 2 0.005238 0.302167 0.444216 0.000008 0.248372
1 2 0.007329 0.389795 0.295661 0.000005 0.307210
2 2 0.004450 0.284145 0.532266 0.000021 0.179118
2 2 0.010625 0.209942 0.568191 0.000029 0.211213
2 2 0.001158 0.185405 0.711163 0.000023 0.102250
2 2 0.003031 0.235127 0.620789 0.000044 0.141009
2 2 0.003567 0.351546 0.581734 0.000008 0.063145
2 2 0.001285 0.210113 0.676238 0.000014 0.112350
2 2 0.002354 0.292744 0.565735 0.000003 0.139164
2 2 0.007182 0.332529 0.567395 0.000009 0.092885
2 2 0.004283 0.310962 0.607331 0.000006 0.077419
2 2 0.002070 0.301252 0.624883 0.000016 0.071780
2 2 0.003211 0.197944 0.642093 0.000022 0.156729
2 2 0.001472 0.221092 0.722661 0.000015 0.054759
2 2 0.003000 0.266776 0.625429 0.000006 0.104789
2 2 0.004137 0.324077 0.564551 0.000025 0.107210
2 2 0.011712 0.248074 0.679283 0.000357 0.060574
2 2 0.016242 0.179504 0.734178 0.001022 0.069053
2 2 0.011455 0.284133 0.618184 0.000097 0.086131
2 2 0.011337 0.240144 0.663204 0.000246 0.085069
2 2 0.004506 0.095993 0.875160 0.011127 0.013214
2 2 0.011659 0.124696 0.846349 0.004926 0.012369
2 2 0.015623 0.229132 0.678389 0.000942 0.075915
2 2 0.019985 0.203246 0.665242 0.000580 0.110946
2 2 0.004976 0.104699 0.845644 0.025786 0.018895
2 2 0.004773 0.090701 0.869210 0.018059 0.017256
2 2 0.017570 0.120145 0.830660 0.016171 0.015454
2 2 0.001747 0.040412 0.847064 0.073461 0.037316
2 2 0.006382 0.092577 0.851555 0.028469 0.021017
2 2 0.020061 0.169046 0.732020 0.022929 0.055943
2 2 0.006137 0.132059 0.829298 0.007160 0.025346
2 2 0.001985 0.074074 0.897050 0.012879 0.014012
2 2 0.004462 0.072362 0.857075 0.049584 0.016517
2 2 0.017321 0.124190 0.815309 0.020001 0.023179
2 2 0.004716 0.373613 0.618431 0.000010 0.003230
2 2 0.002268 0.173988 0.821112 0.000027 0.002605
1 0 0.206982 0.424714 0.341020 0.012753 0.014532
2 1 0.030878 0.294773 0.606152 0.001084 0.067113
2 1 0.001173 0.294804 0.691124 0.000069 0.012830
2 2 0.001073 0.247929 0.745432 0.000143 0.005423
2 2 0.000087 0.091044 0.900907 0.000069 0.007892
2 2 0.000732 0.231110 0.760942 0.000029 0.007187
2 2 0.000075 0.073111 0.921543 0.000032 0.005239
2 2 0.000044 0.061399 0.935771 0.000254 0.002533
2 2 0.000118 0.111625 0.869177 0.000558 0.018522
2 2 0.000151 0.115068 0.877204 0.000148 0.007429
2 2 0.000051 0.050467 0.946492 0.000249 0.002741
2 2 0.000116 0.089046 0.901137 0.000501 0.009200
2 2 0.000486 0.193480 0.771204 0.000123 0.034707
2 2 0.003641 0.353581 0.589254 0.000020 0.053504
2 2 0.000020 0.038066 0.958990 0.000568 0.002357
2 2 0.000993 0.202404 0.794808 0.000108 0.001687
2 2 0.000161 0.131876 0.864799 0.000206 0.002958
2 2 0.000209 0.090592 0.905162 0.000292 0.003744
2 2 0.000700 0.231910 0.759178 0.000037 0.008175
2 2 0.000242 0.135852 0.857734 0.000297 0.005875
2 2 0.000120 0.086601 0.911720 0.000204 0.001356
2 2 0.000664 0.132117 0.864277 0.000193 0.002749
2 2 0.000173 0.126639 0.863903 0.000081 0.009204
2 2 0.001413 0.301094 0.686495 0.000072 0.010926
2 2 0.000920 0.192127 0.797284 0.000058 0.009610
2 2 0.000956 0.240455 0.747978 0.000060 0.010551
2 2 0.000052 0.049885 0.949182 0.000209 0.000671
2 2 0.000013 0.025535 0.973373 0.000629 0.000449
2 2 0.000142 0.101646 0.882564 0.000182 0.015466
2 2 0.000029 0.042775 0.951975 0.000301 0.004921
2 2 0.001390 0.251706 0.715711 0.000022 0.031171
2 2 0.000057 0.048439 0.942442 0.000395 0.008666
2 2 0.000028 0.029905 0.963078 0.000175 0.006815
2 2 0.000048 0.057350 0.932268 0.000269 0.010066
2 2 0.000021 0.026706 0.969355 0.000931 0.002987
2 2 0.000012 0.018986 0.977420 0.000921 0.002661
2 2 0.000056 0.039640 0.955443 0.000327 0.004535
2 2 0.000111 0.089047 0.894988 0.000828 0.015025
2 2 0.000046 0.060647 0.933924 0.000128 0.005255
2 2 0.000029 0.037007 0.957705 0.000817 0.004442
2 2 0.000010 0.026525 0.970914 0.000183 0.002367
2 2 0.000121 0.062447 0.930619 0.000627 0.006187
2 2 0.000078 0.061852 0.927277 0.000380 0.010413
2 2 0.000039 0.053880 0.936599 0.000217 0.009265
2 2 0.000031 0.031576 0.960633 0.000514 0.007247
2 2 0.000102 0.069175 0.913271 0.000388 0.017064
2 2 0.000402 0.117575 0.870565 0.000502 0.010955
2 2 0.000010 0.018610 0.979093 0.000733 0.001553
2 2 0.000004 0.016396 0.982399 0.000394 0.000807
2 2 0.000007 0.012191 0.984138 0.000832 0.002832
2 2 0.000003 0.007456 0.990953 0.000820 0.000767
2 2 0.000028 0.029697 0.967751 0.000991 0.001533
2 2 0.000047 0.044004 0.950786 0.000973 0.004190
2 2 0.000014 0.023669 0.972534 0.000801 0.002981
2 2 0.000012 0.024517 0.973508 0.000638 0.001325
2 2 0.000059 0.045905 0.942803 0.001162 0.010071
2 2 0.000153 0.073476 0.921945 0.000653 0.003773
2 2 0.000000 0.002281 0.997008 0.000537 0.000174
1 1 0.290670 0.393655 0.291925 0.016417 0.007333
2 2 0.214583 0.257259 0.522075 0.000807 0.005276
0 0 0.649544 0.199230 0.126354 0.006755 0.018117
0 0 0.602927 0.279111 0.106389 0.000490 0.011083
2 0 0.196240 0.320400 0.424790 0.012786 0.045784
1 0 0.238257 0.458704 0.290143 0.001547 0.011349
1 0 0.062897 0.620360 0.303518 0.000010 0.013215
1 1 0.045406 0.650395 0.292215 0.000006 0.011979
1 1 0.037868 0.500549 0.449854 0.000034 0.011695
1 1 0.036343 0.610351 0.347040 0.000013 0.006254
1 1 0.032086 0.717691 0.234684 0.000000 0.015539
1 2 0.023782 0.632862 0.327770 0.000001 0.015585
2 2 0.020728 0.419328 0.552930 0.000031 0.006983
1 2 0.024907 0.567733 0.401506 0.000004 0.005850
2 2 0.017336 0.484334 0.490745 0.000008 0.007576
1 2 0.021718 0.599415 0.372160 0.000002 0.006706
1 2 0.030162 0.600103 0.360898 0.000001 0.008836
1 2 0.028247 0.535982 0.429866 0.000004 0.005902
1 2 0.040686 0.614702 0.331992 0.000002 0.012619
1 2 0.029178 0.569524 0.391190 0.000002 0.010108
1 2 0.036322 0.708914 0.246757 0.000000 0.008007
1 2 0.036139 0.548079 0.396772 0.000001 0.019008
1 2 0.029610 0.666535 0.299418 0.000001 0.004436
1 2 0.022627 0.519710 0.445566 0.000001 0.012096
1 2 0.047784 0.517376 0.429281 0.000002 0.005558
1 2 0.029455 0.537191 0.427246 0.000002 0.006106
0 0 0.648442 0.156273 0.175550 0.001460 0.018275
0 0 0.511250 0.276116 0.191185 0.008049 0.013400
1 1 0.070607 0.772202 0.148519 0.000000 0.008673
1 1 0.048899 0.677324 0.249969 0.000000 0.023809
1 2 0.086074 0.765252 0.145218 0.000000 0.003456
1 2 0.072242 0.551595 0.358940 0.000000 0.017222
2 2 0.009633 0.293119 0.689761 0.000002 0.007486
1 2 0.020644 0.528071 0.440439 0.000000 0.010846
2 2 0.018660 0.458261 0.510326 0.000001 0.012752
1 2 0.063406 0.534292 0.391984 0.000000 0.010317
1 2 0.030583 0.650276 0.298155 0.000000 0.020986
1 2 0.010196 0.475100 0.473460 0.000000 0.041244
1 2 0.020448 0.617934 0.339890 0.000000 0.021729
1 2 0.078604 0.631104 0.279390 0.000000 0.010903
1 2 0.057667 0.638755 0.288862 0.000000 0.014715
1 2 0.013574 0.500460 0.460497 0.000000 0.025469
1 2 0.032037 0.672811 0.239870 0.000000 0.055283
2 2 0.043268 0.445533 0.474559 0.000000 0.036640
1 1 0.063408 0.524797 0.383449 0.001597 0.026748
2 1 0.000751 0.100133 0.886138 0.001018 0.011960
2 2 0.001918 0.268030 0.641553 0.000007 0.088492
2 2 0.000046 0.048700 0.857176 0.000681 0.093397
4 2 0.000287 0.227919 0.337289 0.000005 0.434500
4 2 0.000581 0.237723 0.324424 0.000059 0.437213
1 2 0.027632 0.587367 0.139191 0.000000 0.245810
1 4 0.003260 0.408479 0.354305 0.000035 0.233921
4 4 0.003227 0.128444 0.045657 0.000001 0.822671
4 4 0.002601 0.069415 0.026212 0.000010 0.901762
4 4 0.031166 0.077725 0.051694 0.000104 0.839310
4 4 0.223648 0.244107 0.103292 0.000046 0.428907
0 4 0.573239 0.216383 0.191250 0.003775 0.015353
0 4 0.627387 0.231853 0.123402 0.002841 0.014517
1 4 0.223691 0.634689 0.118290 0.000002 0.023326
1 4 0.161586 0.658689 0.147586 0.000002 0.032138
1 4 0.054888 0.719128 0.208146 0.000000 0.017838
1 4 0.071215 0.763825 0.145974 0.000000 0.018986
1 4 0.025924 0.627417 0.329748 0.000000 0.016911
1 4 0.037162 0.766786 0.185878 0.000000 0.010174
1 4 0.021263 0.638997 0.279193 0.000000 0.060548
4 4 0.003025 0.150215 0.268787 0.000001 0.577971
4 4 0.002264 0.178902 0.290548 0.000000 0.528286
4 4 0.005213 0.059779 0.120881 0.000000 0.814126
2 4 0.113264 0.364833 0.436438 0.001159 0.084306
1 1 0.176601 0.507486 0.279404 0.000010 0.036498
1 1 0.036474 0.606056 0.256997 0.000000 0.100473
1 1 0.019609 0.530857 0.328458 0.000000 0.121076
4 4 0.011565 0.127107 0.193274 0.000005 0.668049
4 4 0.003262 0.210760 0.373600 0.000000 0.412378
4 4 0.081079 0.198848 0.181290 0.000871 0.537913
4 4 0.072490 0.160861 0.178345 0.000007 0.588296
4 4 0.001813 0.210181 0.335857 0.000000 0.452149
4 4 0.009672 0.103499 0.116056 0.000003 0.770771
4 4 0.046325 0.107648 0.220513 0.000034 0.625480
4 4 0.133062 0.192763 0.204347 0.000189 0.469639
4 4 0.168375 0.151519 0.107010 0.000121 0.572974
4 4 0.107825 0.148831 0.183990 0.000048 0.559306
4 4 0.030574 0.145531 0.219234 0.000011 0.604650
4 4 0.046158 0.148564 0.234917 0.000022 0.570339
4 4 0.019878 0.081815 0.224413 0.000007 0.673887
4 4 0.003664 0.159989 0.155163 0.000000 0.681184
4 4 0.072388 0.238200 0.262976 0.000987 0.425449
0 4 0.392889 0.251546 0.285577 0.003315 0.066673
2 4 0.003265 0.131819 0.523578 0.000001 0.341337
1 4 0.008919 0.383365 0.349503 0.000000 0.258213
4 4 0.004074 0.176178 0.231129 0.000000 0.588618
2 4 0.010660 0.326555 0.352317 0.000000 0.310469
2 4 0.005795 0.238173 0.387574 0.000000 0.368457
4 4 0.010323 0.212878 0.190745 0.000000 0.586054
4 4 0.002219 0.136806 0.242106 0.000000 0.618869
4 4 0.003947 0.177679 0.261496 0.000000 0.556877
4 4 0.005843 0.146934 0.265824 0.000402 0.580997
4 4 0.006188 0.133348 0.366702 0.000004 0.493758
4 4 0.011914 0.073252 0.130684 0.000003 0.784147
4 4 0.033919 0.114587 0.195506 0.000040 0.655948
4 4 0.002200 0.099752 0.294240 0.000001 0.603807
2 4 0.003313 0.366405 0.423907 0.000000 0.206375
4 4 0.002040 0.121978 0.302077 0.000000 0.573904
2 4 0.004121 0.359879 0.417890 0.000000 0.218110
4 4 0.001857 0.133011 0.258811 0.000000 0.606321
1 4 0.004217 0.411661 0.397384 0.000000 0.186738
0 1 0.472150 0.316925 0.154719 0.000684 0.055521
1 1 0.206735 0.460489 0.292081 0.001028 0.039666
1 1 0.165522 0.600093 0.127317 0.000002 0.107066
1 1 0.154730 0.632562 0.120987 0.000001 0.091720
1 1 0.117899 0.470685 0.323343 0.000982 0.087090
1 1 0.283040 0.438951 0.171712 0.000087 0.106209
1 1 0.174272 0.422024 0.149299 0.000017 0.254387
1 1 0.125682 0.647495 0.133012 0.000001 0.093809
1 1 0.188721 0.553943 0.144689 0.000066 0.112582
1 1 0.240147 0.513080 0.156743 0.000008 0.090022
1 1 0.016756 0.602839 0.301430 0.000000 0.078975
1 1 0.011923 0.637241 0.282315 0.000000 0.068520
1 1 0.011129 0.614677 0.198472 0.000000 0.175722
1 1 0.009201 0.667955 0.135929 0.000000 0.186914
1 1 0.006339 0.478583 0.298088 0.000000 0.216990
1 1 0.006712 0.660383 0.246380 0.000000 0.086526
1 1 0.003982 0.579333 0.274953 0.000000 0.141732
1 1 0.004681 0.508776 0.288140 0.000000 0.198403
1 1 0.013531 0.507206 0.349859 0.000000 0.129403
2 1 0.003404 0.367665 0.464230 0.000000 0.164702
2 1 0.034050 0.343792 0.460235 0.000014 0.161909
1 1 0.171937 0.416922 0.213616 0.000169 0.197356
1 1 0.005314 0.456919 0.406563 0.000000 0.131204
2 1 0.003736 0.318521 0.446087 0.000000 0.231656
2 1 0.005869 0.366099 0.455185 0.000000 0.172847
2 1 0.002899 0.297434 0.520706 0.000000 0.178962
2 2 0.003280 0.232306 0.655929 0.000000 0.108485
2 2 0.003008 0.266607 0.616193 0.000000 0.114192
2 2 0.000336 0.076523 0.902871 0.000002 0.020267
2 2 0.000985 0.117587 0.849821 0.000002 0.031605
2 2 0.000964 0.165206 0.793216 0.000001 0.040612
2 2 0.001092 0.114142 0.827848 0.000003 0.056915
2 2 0.001294 0.157947 0.753883 0.000001 0.086876
2 2 0.001093 0.105496 0.806665 0.000002 0.086743
2 2 0.001083 0.166620 0.748577 0.000001 0.083718
2 2 0.000768 0.112959 0.811426 0.000002 0.074845
2 2 0.000586 0.104574 0.705164 0.000001 0.189675
2 2 0.002055 0.213716 0.576338 0.000000 0.207891
2 2 0.001224 0.163108 0.641348 0.000001 0.194319
2 2 0.002604 0.205928 0.561075 0.000001 0.230392
2 2 0.000348 0.054582 0.892915 0.000022 0.052133
2 2 0.000404 0.086132 0.871641 0.000004 0.041820
2 2 0.000342 0.064527 0.863841 0.000009 0.071281
2 2 0.001906 0.164287 0.683850 0.000002 0.149956
2 2 0.001278 0.133012 0.538666 0.000002 0.327041
2 2 0.001476 0.107412 0.626244 0.000007 0.264860
2 2 0.001362 0.121851 0.777303 0.000007 0.099477
2 2 0.001310 0.146372 0.688426 0.000005 0.163888
2 2 0.000256 0.021544 0.962042 0.000425 0.015733
2 2 0.000225 0.049742 0.915060 0.000028 0.034945
2 2 0.000151 0.037333 0.944816 0.000133 0.017568
2 2 0.000047 0.013048 0.982798 0.000142 0.003964
2 2 0.000169 0.030813 0.955315 0.000440 0.013263
2 2 0.000301 0.036669 0.938472 0.000334 0.024224
2 2 0.000293 0.024709 0.971553 0.001384 0.002061
2 2 0.000022 0.007469 0.987844 0.004171 0.000494
2 2 0.001926 0.053699 0.921848 0.010287 0.012241
2 2 0.018275 0.083416 0.889599 0.004302 0.004409
0 0 0.625385 0.258091 0.104672 0.000704 0.011148
1 1 0.044746 0.457842 0.429284 0.003224 0.064904
2 2 0.000053 0.081909 0.912870 0.000186 0.004983
2 2 0.000107 0.148253 0.846774 0.000026 0.004840
2 2 0.000133 0.134559 0.856407 0.000138 0.008764
2 2 0.000086 0.085514 0.906731 0.000091 0.007578
2 2 0.000242 0.173006 0.814506 0.000055 0.012191
2 2 0.000539 0.277948 0.706269 0.000031 0.015214
1 2 0.119470 0.676273 0.172242 0.000007 0.032008
2 2 0.002937 0.278492 0.573431 0.000905 0.144234
2 2 0.002048 0.429381 0.435230 0.000022 0.133318
2 2 0.001097 0.239573 0.655445 0.000061 0.103824
2 2 0.000104 0.115857 0.864848 0.000121 0.019071
2 2 0.000012 0.028583 0.965198 0.000555 0.005653
0 2 0.367505 0.281450 0.294795 0.002740 0.053510
0 0 0.757555 0.146471 0.067384 0.000822 0.027768
0 0 0.683965 0.189055 0.077847 0.000316 0.048817
0 0 0.552944 0.368215 0.056692 0.000002 0.022147
0 0 0.631532 0.310419 0.053495 0.000001 0.004554
1 0 0.453610 0.491041 0.047691 0.000000 0.007658
1 0 0.245947 0.659290 0.090562 0.000000 0.004201
1 0 0.251797 0.624071 0.118946 0.000000 0.005186
1 0 0.219197 0.732465 0.041712 0.000000 0.006626
1 1 0.077768 0.792496 0.114306 0.000000 0.015430
1 1 0.061116 0.774774 0.138330 0.000000 0.025780
1 1 0.116099 0.791049 0.080006 0.000000 0.012846
1 1 0.128396 0.772155 0.080636 0.000000 0.018813
1 1 0.182273 0.727681 0.075703 0.000000 0.014344
1 1 0.082820 0.726293 0.175705 0.000000 0.015181
1 1 0.049760 0.806326 0.129764 0.000000 0.014150
