0 0 0.987764 0.004789 0.000940 0.000005 0.006502
0 0 0.987481 0.004904 0.000971 0.000005 0.006639
0 0 0.986175 0.005434 0.001118 0.000007 0.007266
0 0 0.987121 0.005050 0.001011 0.000006 0.006813
0 0 0.976758 0.009269 0.002338 0.000027 0.011608
0 0 0.988393 0.004534 0.000871 0.000004 0.006198
0 0 0.989567 0.004058 0.000748 0.000003 0.005623
0 0 0.995382 0.001632 0.000212 0.000000 0.002774
0 0 0.968099 0.015721 0.003629 0.000027 0.012524
0 0 0.985724 0.005617 0.001171 0.000008 0.007480
0 0 0.983332 0.006590 0.001460 0.000012 0.008607
0 0 0.968050 0.012813 0.003660 0.000062 0.015415
0 0 0.962148 0.015207 0.004641 0.000097 0.017907
0 0 0.971215 0.011059 0.008561 0.000119 0.009046
0 0 0.988155 0.004630 0.000897 0.000005 0.006313
0 0 0.987205 0.005016 0.001002 0.000006 0.006772
0 0 0.972676 0.006678 0.001400 0.000002 0.019244
0 0 0.973323 0.007095 0.001536 0.000003 0.018044
0 0 0.973194 0.009257 0.002286 0.000015 0.015248
0 0 0.965175 0.009164 0.002183 0.000006 0.023471
0 0 0.978136 0.006526 0.001387 0.000004 0.013948
0 0 0.963877 0.010767 0.002288 0.000003 0.023066
0 0 0.973602 0.008242 0.001923 0.000008 0.016225
0 0 0.990047 0.003854 0.000696 0.000003 0.005399
0 0 0.982181 0.005730 0.001171 0.000004 0.010914
0 0 0.980715 0.004817 0.000896 0.000001 0.013570
0 0 0.990018 0.003659 0.000644 0.000002 0.005677
0 0 0.978432 0.006742 0.001459 0.000005 0.013363
0 0 0.989645 0.004027 0.000740 0.000003 0.005585
0 0 0.980293 0.007829 0.001851 0.000018 0.010010
0 0 0.983141 0.006668 0.001483 0.000012 0.008696
0 0 0.990874 0.003531 0.000617 0.000002 0.004976
0 0 0.986113 0.005529 0.001279 0.000008 0.007071
0 0 0.991246 0.003381 0.000582 0.000002 0.004790
0 0 0.984889 0.005957 0.001270 0.000009 0.007876
0 0 0.983932 0.006346 0.001385 0.000010 0.008326
0 0 0.985355 0.005767 0.001214 0.000008 0.007655
0 0 0.974948 0.010007 0.002599 0.000033 0.012413
0 0 0.974779 0.010075 0.002624 0.000034 0.012488
0 0 0.976114 0.009532 0.002430 0.000029 0.011895
0 0 0.966936 0.013350 0.004346 0.000077 0.015290
0 0 0.974490 0.010293 0.003091 0.000041 0.012085
0 0 0.968173 0.012315 0.003445 0.000048 0.016019
0 0 0.944314 0.020606 0.006496 0.000084 0.028500
0 0 0.954899 0.018134 0.005928 0.000152 0.020887
0 0 0.969768 0.012115 0.003386 0.000054 0.014677
0 0 0.939657 0.023615 0.008531 0.000265 0.027933
0 0 0.964379 0.014303 0.004263 0.000083 0.016972
0 0 0.921263 0.025087 0.009035 0.000130 0.044486
0 0 0.891299 0.036545 0.012557 0.000094 0.059505
0 0 0.974129 0.010340 0.002719 0.000036 0.012775
0 0 0.961771 0.015005 0.004540 0.000084 0.018601
0 0 0.981824 0.007205 0.001651 0.000014 0.009306
0 0 0.987071 0.004415 0.000825 0.000003 0.007687
0 0 0.935977 0.018237 0.005716 0.000039 0.040031
0 0 0.966354 0.011789 0.003198 0.000029 0.018630
0 0 0.976515 0.009368 0.002372 0.000028 0.011716
0 0 0.961336 0.014583 0.004338 0.000066 0.019677
0 0 0.962546 0.011884 0.003170 0.000021 0.022379
0 0 0.962798 0.014944 0.004530 0.000092 0.017636
0 0 0.974473 0.010200 0.002669 0.000035 0.012623
0 0 0.975905 0.009805 0.003614 0.000045 0.010631
0 0 0.912371 0.025482 0.008711 0.000116 0.053320
0 0 0.978592 0.008227 0.001973 0.000017 0.011191
0 0 0.966033 0.012334 0.003421 0.000037 0.018174
0 0 0.967515 0.011057 0.002916 0.000022 0.018490
0 0 0.915166 0.025423 0.009036 0.000098 0.050277
0 0 0.926812 0.022103 0.007522 0.000077 0.043486
0 0 0.963280 0.014749 0.004448 0.000089 0.017434
0 0 0.942159 0.021100 0.007215 0.000144 0.029382
0 0 0.966533 0.013429 0.003906 0.000070 0.016062
0 0 0.944255 0.022424 0.007114 0.000114 0.026093
0 0 0.831497 0.079736 0.027361 0.000252 0.061153
0 0 0.935459 0.030123 0.009705 0.000206 0.024508
0 0 0.974952 0.012042 0.002599 0.000016 0.010391
0 0 0.984406 0.008266 0.001094 0.000001 0.006233
0 0 0.992423 0.003243 0.000480 0.000001 0.003854
0 0 0.991689 0.003528 0.000547 0.000001 0.004235
0 0 0.993267 0.002570 0.000399 0.000001 0.003764
0 0 0.992149 0.003017 0.000497 0.000002 0.004334
0 0 0.978823 0.008428 0.002050 0.000021 0.010678
0 0 0.986088 0.005681 0.002680 0.000017 0.005532
0 0 0.982311 0.007006 0.001588 0.000013 0.009081
0 0 0.983326 0.006593 0.001460 0.000012 0.008609
0 0 0.961340 0.015058 0.004556 0.000082 0.018964
0 0 0.939868 0.025778 0.008598 0.000199 0.025558
0 0 0.965559 0.013283 0.003824 0.000057 0.017277
0 0 0.974370 0.010242 0.002684 0.000035 0.012669
0 0 0.931879 0.031502 0.009566 0.000125 0.026928
0 0 0.976530 0.009362 0.002370 0.000028 0.011709
1 0 0.207205 0.343592 0.190878 0.000897 0.257427
0 1 0.377940 0.320731 0.155344 0.001532 0.144454
1 1 0.210324 0.515554 0.219390 0.001543 0.053190
1 2 0.261609 0.511787 0.177804 0.001109 0.047690
1 2 0.065763 0.409673 0.408728 0.004318 0.111518
1 2 0.085339 0.433381 0.297629 0.003592 0.180058
2 2 0.018539 0.181227 0.567804 0.044209 0.188221
2 2 0.011999 0.181362 0.602782 0.041453 0.162404
2 2 0.005910 0.066660 0.681757 0.117375 0.128298
2 2 0.002492 0.025138 0.702587 0.170983 0.098799
2 2 0.000244 0.005676 0.881636 0.111117 0.001327
2 2 0.000028 0.002109 0.913682 0.082343 0.001837
2 2 0.000007 0.000282 0.821074 0.178596 0.000041
2 2 0.000041 0.001042 0.831536 0.166878 0.000503
2 2 0.000068 0.001772 0.806937 0.189451 0.001771
2 2 0.000026 0.000873 0.802216 0.195806 0.001079
2 2 0.000012 0.000402 0.721474 0.277987 0.000125
2 2 0.000049 0.001236 0.728992 0.268776 0.000947
2 2 0.000019 0.000279 0.633468 0.366218 0.000016
2 2 0.000013 0.000386 0.796826 0.202699 0.000077
2 2 0.000060 0.001010 0.794159 0.204644 0.000127
2 2 0.000036 0.000948 0.839578 0.159059 0.000379
2 2 0.000014 0.000301 0.761461 0.238195 0.000028
2 2 0.000049 0.000697 0.729916 0.269267 0.000071
2 2 0.000008 0.000159 0.636102 0.363723 0.000009
2 2 0.000031 0.000466 0.645458 0.354003 0.000043
3 2 0.000080 0.000345 0.369783 0.629718 0.000074
3 2 0.000016 0.000148 0.370491 0.629314 0.000031
3 2 0.000049 0.000343 0.384710 0.614776 0.000122
3 3 0.000025 0.000139 0.356080 0.643733 0.000022
3 3 0.000043 0.000188 0.307127 0.692638 0.000004
3 3 0.000024 0.000109 0.221352 0.778511 0.000004
3 3 0.000023 0.000252 0.338034 0.661576 0.000114
3 3 0.000025 0.000106 0.203040 0.796818 0.000011
3 3 0.000011 0.000031 0.113789 0.886168 0.000001
3 3 0.000053 0.000196 0.232434 0.767305 0.000012
3 3 0.000004 0.000036 0.258909 0.741050 0.000001
3 3 0.000005 0.000039 0.256878 0.743075 0.000003
3 3 0.000110 0.000473 0.225498 0.773786 0.000133
3 3 0.000099 0.000513 0.294914 0.704305 0.000169
3 3 0.000014 0.000046 0.060402 0.939533 0.000004
3 3 0.000010 0.000029 0.061231 0.938728 0.000002
3 3 0.000231 0.000579 0.162340 0.836733 0.000116
3 2 0.014253 0.039453 0.422836 0.519849 0.003608
3 2 0.000667 0.003931 0.455379 0.539852 0.000171
2 2 0.000238 0.002022 0.748135 0.249507 0.000099
2 2 0.000228 0.003893 0.872698 0.122057 0.001123
2 2 0.000064 0.001903 0.767257 0.229798 0.000978
2 2 0.000017 0.000145 0.603514 0.396324 0.000001
2 2 0.000055 0.000463 0.631846 0.367625 0.000012
3 2 0.000113 0.000454 0.391598 0.607724 0.000111
3 2 0.000075 0.000250 0.284393 0.715265 0.000017
3 2 0.000102 0.000379 0.186627 0.812805 0.000087
3 3 0.000069 0.000550 0.320323 0.678787 0.000271
3 3 0.000031 0.000100 0.175479 0.824384 0.000006
3 3 0.000056 0.000379 0.369233 0.630196 0.000136
3 3 0.000074 0.000371 0.235739 0.763709 0.000106
3 3 0.000021 0.000123 0.132708 0.867121 0.000027
3 3 0.000003 0.000007 0.013853 0.986136 0.000000
3 3 0.000018 0.000061 0.039261 0.960651 0.000008
3 3 0.000020 0.000096 0.052895 0.946970 0.000019
3 3 0.000005 0.000011 0.017689 0.982294 0.000001
3 3 0.000053 0.000360 0.145185 0.854260 0.000142
3 3 0.000016 0.000055 0.025335 0.974587 0.000008
3 3 0.000018 0.000038 0.013978 0.985963 0.000003
3 3 0.000030 0.000058 0.021644 0.978263 0.000005
3 3 0.000038 0.000083 0.049420 0.950452 0.000008
3 3 0.000048 0.000094 0.042930 0.956919 0.000009
3 3 0.000010 0.000025 0.009735 0.990227 0.000002
3 3 0.000008 0.000016 0.018000 0.981975 0.000001
3 3 0.000008 0.000022 0.015596 0.984372 0.000002
3 3 0.000005 0.000012 0.009482 0.990501 0.000001
3 3 0.000011 0.000023 0.015108 0.984856 0.000002
3 3 0.000009 0.000022 0.016416 0.983552 0.000001
3 3 0.000005 0.000011 0.013715 0.986269 0.000001
3 3 0.000001 0.000004 0.007917 0.992077 0.000000
3 3 0.000001 0.000002 0.008220 0.991777 0.000000
3 3 0.000003 0.000007 0.013183 0.986806 0.000000
3 3 0.000002 0.000006 0.006335 0.993656 0.000000
3 3 0.000001 0.000002 0.003865 0.996132 0.000000
3 3 0.000005 0.000015 0.005970 0.994008 0.000001
3 3 0.000002 0.000006 0.003670 0.996322 0.000000
3 3 0.000003 0.000008 0.009179 0.990809 0.000000
3 3 0.000003 0.000007 0.010074 0.989916 0.000000
3 3 0.000004 0.000012 0.005382 0.994601 0.000001
3 3 0.000001 0.000005 0.004113 0.995881 0.000000
3 3 0.000002 0.000007 0.005765 0.994225 0.000000
3 3 0.000004 0.000012 0.004636 0.995347 0.000001
3 3 0.000005 0.000013 0.006446 0.993536 0.000001
3 3 0.000004 0.000011 0.011622 0.988363 0.000001
3 3 0.000002 0.000007 0.007774 0.992217 0.000000
3 3 0.000002 0.000007 0.007841 0.992150 0.000000
3 3 0.000021 0.000076 0.012674 0.987215 0.000014
3 3 0.000016 0.000042 0.011956 0.987981 0.000005
3 3 0.000009 0.000037 0.013822 0.986126 0.000005
3 3 0.000021 0.000125 0.024547 0.975268 0.000039
3 3 0.000002 0.000030 0.014960 0.984998 0.000010
3 3 0.000008 0.000031 0.007260 0.992696 0.000005
3 2 0.000704 0.000943 0.052157 0.946029 0.000167
3 2 0.000377 0.000689 0.046335 0.952497 0.000102
3 2 0.000007 0.000045 0.244688 0.755259 0.000001
3 2 0.000027 0.000284 0.375242 0.624426 0.000021
3 2 0.000039 0.000158 0.250021 0.749756 0.000026
3 2 0.000061 0.000194 0.142716 0.857015 0.000015
3 2 0.000037 0.000350 0.164695 0.834737 0.000180
3 3 0.000112 0.000260 0.051181 0.948405 0.000042
3 3 0.000086 0.001063 0.327385 0.670445 0.001022
3 3 0.000107 0.000669 0.246771 0.752154 0.000299
3 3 0.000067 0.000298 0.083937 0.915615 0.000082
3 3 0.000131 0.000453 0.106693 0.892607 0.000116
3 3 0.000107 0.000521 0.317272 0.682016 0.000083
3 3 0.000134 0.000785 0.398563 0.600321 0.000197
2 2 0.000176 0.002170 0.660617 0.336474 0.000563
2 2 0.000297 0.003354 0.604354 0.390619 0.001376
2 2 0.000441 0.011279 0.793472 0.183488 0.011320
2 2 0.000325 0.007690 0.903261 0.084577 0.004146
2 2 0.000695 0.050630 0.783362 0.041103 0.124210
2 2 0.000593 0.039224 0.724097 0.011979 0.224107
2 2 0.001615 0.030261 0.819959 0.087660 0.060506
2 2 0.000327 0.013607 0.874220 0.086602 0.025245
4 2 0.010326 0.083478 0.373311 0.004159 0.528726
2 2 0.001475 0.061991 0.658429 0.032520 0.245584
2 2 0.002596 0.082684 0.593445 0.019027 0.302248
2 2 0.003870 0.076195 0.501110 0.015016 0.403808
4 2 0.005711 0.055948 0.337955 0.013787 0.586599
2 2 0.004093 0.053490 0.660957 0.059893 0.221567
2 2 0.001893 0.030903 0.830910 0.105450 0.030843
2 2 0.027267 0.218991 0.705140 0.016845 0.031757
2 2 0.000989 0.013762 0.853636 0.127667 0.003946
2 2 0.005314 0.030575 0.858731 0.102072 0.003309
0 2 0.436611 0.292968 0.194304 0.011822 0.064295
2 2 0.042451 0.184002 0.626811 0.100728 0.046009
2 2 0.000420 0.007820 0.904821 0.085805 0.001135
2 2 0.002137 0.016029 0.884486 0.097009 0.000338
2 2 0.009123 0.028511 0.834498 0.125323 0.002545
2 2 0.007013 0.047926 0.800206 0.142360 0.002495
2 2 0.000180 0.002055 0.872743 0.124870 0.000151
2 2 0.000177 0.001926 0.762265 0.235188 0.000444
2 2 0.000310 0.003949 0.645961 0.344908 0.004873
2 2 0.000151 0.002806 0.688947 0.302963 0.005133
2 2 0.000027 0.000493 0.758628 0.240807 0.000046
2 2 0.000051 0.000642 0.800233 0.199043 0.000031
2 2 0.000011 0.000156 0.617388 0.382440 0.000004
2 2 0.000015 0.000159 0.502965 0.496855 0.000007
2 2 0.000039 0.000684 0.692544 0.306113 0.000620
2 2 0.000074 0.000532 0.588326 0.411036 0.000032
2 2 0.000124 0.000799 0.538218 0.460787 0.000072
3 2 0.000040 0.000222 0.414683 0.585050 0.000005
3 3 0.000143 0.000356 0.281333 0.718157 0.000010
3 3 0.000034 0.000103 0.275906 0.723955 0.000002
3 3 0.000141 0.000479 0.217927 0.781366 0.000087
3 3 0.000056 0.000178 0.215076 0.784665 0.000025
3 3 0.000053 0.000135 0.135106 0.864701 0.000005
3 3 0.000049 0.000182 0.128520 0.871224 0.000025
3 3 0.000073 0.000167 0.145029 0.854724 0.000006
3 3 0.000058 0.000175 0.142984 0.856772 0.000011
3 3 0.000009 0.000019 0.020214 0.979756 0.000001
3 3 0.000016 0.000030 0.028643 0.971309 0.000002
3 3 0.000082 0.000214 0.083745 0.915927 0.000032
3 3 0.000055 0.000162 0.067223 0.932534 0.000025
3 3 0.000016 0.000054 0.100437 0.899491 0.000001
3 3 0.000004 0.000016 0.099349 0.900631 0.000000
3 3 0.000139 0.000401 0.121328 0.878050 0.000081
3 3 0.000098 0.000149 0.049252 0.950487 0.000013
3 3 0.000022 0.000045 0.017780 0.982150 0.000004
3 3 0.000026 0.000054 0.014985 0.984929 0.000005
3 3 0.000014 0.000030 0.014895 0.985059 0.000002
3 3 0.000010 0.000021 0.016779 0.983189 0.000001
3 3 0.000079 0.000145 0.020766 0.978992 0.000018
3 3 0.000060 0.000123 0.013445 0.986356 0.000017
3 2 0.002750 0.002846 0.081634 0.912126 0.000643
0 2 0.348892 0.072199 0.307376 0.240117 0.031417
2 2 0.187363 0.104693 0.565134 0.124652 0.018158
2 2 0.126417 0.158192 0.550431 0.145701 0.019259
2 2 0.000580 0.004040 0.591089 0.403722 0.000568
2 2 0.000119 0.003021 0.771190 0.221727 0.003943
2 2 0.000076 0.001222 0.810025 0.188592 0.000085
2 2 0.000192 0.001296 0.797979 0.200480 0.000053
2 2 0.000048 0.000437 0.590966 0.408525 0.000024
2 2 0.000023 0.000258 0.603917 0.395777 0.000024
2 2 0.000015 0.000191 0.562232 0.437557 0.000005
3 2 0.000011 0.000110 0.436677 0.563199 0.000002
2 2 0.000116 0.000565 0.514328 0.484902 0.000088
3 2 0.000085 0.000895 0.492748 0.505847 0.000425
2 2 0.000008 0.000087 0.503306 0.496597 0.000002
3 2 0.000002 0.000017 0.251492 0.748489 0.000000
3 2 0.000006 0.000032 0.213280 0.786682 0.000000
3 2 0.000005 0.000023 0.164590 0.835382 0.000000
3 2 0.000037 0.000109 0.171774 0.828074 0.000005
3 2 0.000087 0.000185 0.156296 0.843425 0.000007
3 2 0.000068 0.000202 0.221017 0.778694 0.000020
3 2 0.000204 0.000565 0.228180 0.770935 0.000117
3 2 0.000028 0.000099 0.175676 0.824193 0.000003
3 3 0.000012 0.000051 0.185955 0.813980 0.000002
3 3 0.000032 0.000054 0.040963 0.958948 0.000004
3 3 0.000008 0.000017 0.016626 0.983349 0.000001
3 3 0.000008 0.000022 0.055935 0.944034 0.000001
3 3 0.000016 0.000040 0.030868 0.969074 0.000002
3 3 0.000015 0.000047 0.094316 0.905620 0.000001
3 3 0.000010 0.000041 0.138956 0.860991 0.000001
3 3 0.000092 0.000170 0.040491 0.959227 0.000020
3 3 0.000086 0.000151 0.026364 0.973382 0.000017
3 3 0.000042 0.000106 0.039122 0.960717 0.000013
3 3 0.000044 0.000082 0.024416 0.975450 0.000008
3 3 0.000068 0.000126 0.021430 0.978360 0.000015
3 3 0.000042 0.000081 0.042742 0.957127 0.000007
3 2 0.002333 0.002465 0.149547 0.845291 0.000365
3 2 0.001621 0.004119 0.152113 0.841759 0.000389
3 2 0.001197 0.003440 0.456267 0.538384 0.000712
3 2 0.000925 0.002366 0.439983 0.556394 0.000332
3 2 0.000240 0.000953 0.405728 0.593057 0.000021
3 2 0.000646 0.001743 0.348174 0.649366 0.000071
2 2 0.000017 0.000176 0.627277 0.372529 0.000001
2 2 0.000011 0.000125 0.567675 0.432188 0.000001
2 2 0.000114 0.000781 0.652060 0.347038 0.000007
2 2 0.000077 0.000617 0.729509 0.269790 0.000006
3 2 0.002054 0.007913 0.452160 0.537151 0.000722
2 2 0.000166 0.000989 0.580627 0.418177 0.000041
2 2 0.000121 0.001126 0.591226 0.407459 0.000067
3 2 0.000044 0.000251 0.460678 0.539020 0.000007
2 2 0.000058 0.000715 0.538872 0.460129 0.000226
2 2 0.000200 0.001505 0.579092 0.419059 0.000144
2 2 0.000012 0.000119 0.612931 0.386936 0.000000
2 2 0.000022 0.000234 0.616065 0.383673 0.000007
2 2 0.000035 0.000370 0.538221 0.461343 0.000031
2 2 0.000013 0.000121 0.518827 0.481038 0.000001
3 2 0.000156 0.000846 0.458639 0.540268 0.000091
3 2 0.000216 0.001424 0.417800 0.579990 0.000571
2 2 0.000050 0.000371 0.623614 0.375954 0.000011
3 2 0.000014 0.000100 0.459975 0.539911 0.000001
3 2 0.000031 0.000162 0.324498 0.675306 0.000003
3 2 0.000035 0.000188 0.302937 0.696838 0.000002
3 2 0.000088 0.000288 0.305960 0.693654 0.000010
3 2 0.000162 0.000742 0.258546 0.740505 0.000045
3 2 0.000086 0.000399 0.381797 0.617705 0.000013
3 2 0.000045 0.000177 0.242230 0.757544 0.000003
3 2 0.000068 0.000285 0.213938 0.785645 0.000063
3 2 0.000188 0.000497 0.231637 0.767585 0.000093
3 2 0.000041 0.000107 0.119948 0.879900 0.000003
3 2 0.000060 0.000139 0.083311 0.916484 0.000006
3 2 0.000024 0.000114 0.355942 0.643918 0.000002
3 2 0.000009 0.000064 0.225185 0.774741 0.000001
3 2 0.000143 0.000315 0.185549 0.813950 0.000043
3 2 0.000100 0.000171 0.074289 0.925429 0.000012
3 2 0.000043 0.000076 0.043604 0.956270 0.000006
3 2 0.000075 0.000158 0.058215 0.941534 0.000019
3 2 0.000070 0.000172 0.087254 0.912486 0.000018
3 2 0.000171 0.000341 0.075837 0.923625 0.000025
2 2 0.344328 0.111826 0.436945 0.076911 0.029990
3 2 0.009946 0.024172 0.309136 0.649006 0.007740
2 2 0.000155 0.001450 0.501618 0.496714 0.000064
2 2 0.000030 0.000415 0.737903 0.261640 0.000012
2 2 0.000176 0.001364 0.507321 0.490972 0.000167
2 2 0.000106 0.001051 0.585803 0.412903 0.000137
2 2 0.000392 0.002159 0.582629 0.414783 0.000037
2 2 0.000065 0.000618 0.679183 0.320120 0.000014
2 2 0.000007 0.000077 0.638393 0.361524 0.000000
2 2 0.000007 0.000130 0.785640 0.214220 0.000003
2 2 0.000003 0.000051 0.605619 0.394326 0.000000
2 2 0.000006 0.000128 0.669626 0.330240 0.000000
3 2 0.000135 0.000533 0.405786 0.593536 0.000010
3 2 0.000022 0.000107 0.427902 0.571968 0.000001
3 2 0.000148 0.000848 0.421894 0.577016 0.000093
3 2 0.000050 0.000372 0.451548 0.548010 0.000020
3 2 0.000133 0.000709 0.449817 0.549315 0.000026
2 2 0.000174 0.000893 0.573879 0.425017 0.000038
3 2 0.000279 0.001045 0.206698 0.791607 0.000371
3 2 0.000219 0.000660 0.229712 0.769253 0.000156
3 2 0.000038 0.000106 0.102764 0.897089 0.000003
3 2 0.000117 0.000224 0.137100 0.862546 0.000012
3 2 0.000116 0.000181 0.063457 0.936229 0.000017
3 3 0.000030 0.000123 0.103885 0.895942 0.000021
3 3 0.000036 0.000101 0.090090 0.909769 0.000003
3 3 0.000008 0.000027 0.065523 0.934441 0.000001
3 3 0.000039 0.000075 0.061540 0.938342 0.000004
3 3 0.000066 0.000116 0.049302 0.950508 0.000009
3 3 0.000094 0.000322 0.113176 0.886337 0.000070
3 3 0.000070 0.000116 0.037492 0.962312 0.000010
3 3 0.000016 0.000033 0.020586 0.979362 0.000002
3 3 0.000034 0.000072 0.055218 0.944672 0.000004
3 3 0.000104 0.000198 0.041307 0.958373 0.000018
3 3 0.000021 0.000059 0.076781 0.923134 0.000006
3 3 0.000080 0.000141 0.026397 0.973366 0.000016
3 3 0.000066 0.000118 0.025593 0.974212 0.000012
3 3 0.000023 0.000062 0.052045 0.947868 0.000003
3 3 0.000025 0.000063 0.071220 0.928689 0.000002
3 3 0.000387 0.000634 0.071123 0.927756 0.000101
3 3 0.000291 0.000443 0.073712 0.925495 0.000059
3 3 0.000623 0.002046 0.205235 0.791564 0.000532
2 3 0.001446 0.002634 0.507102 0.488232 0.000586
4 4 0.018164 0.065336 0.268421 0.025138 0.622940
4 4 0.009189 0.045796 0.194882 0.007816 0.742317
4 4 0.021135 0.097091 0.269938 0.009721 0.602114
4 4 0.164288 0.142119 0.239488 0.002378 0.451728
4 4 0.101187 0.091087 0.188854 0.010698 0.608175
4 4 0.159999 0.131747 0.260106 0.012576 0.435571
4 4 0.016278 0.081533 0.390634 0.020973 0.490582
4 4 0.067287 0.170240 0.356868 0.007333 0.398271
4 4 0.010921 0.156441 0.150575 0.000953 0.681109
4 4 0.004161 0.093467 0.212568 0.001985 0.687819
4 4 0.005390 0.065099 0.143850 0.001201 0.784460
4 4 0.004869 0.077141 0.192977 0.002727 0.722286
4 4 0.012292 0.069882 0.130425 0.002975 0.784426
4 4 0.013972 0.042254 0.076256 0.001166 0.866353
4 4 0.035689 0.026789 0.015745 0.000108 0.921669
4 4 0.015595 0.019280 0.010856 0.000197 0.954072
2 4 0.002222 0.124838 0.580021 0.016154 0.276765
2 4 0.002140 0.090415 0.517818 0.008131 0.381495
4 4 0.009672 0.161041 0.350301 0.006897 0.472090
4 4 0.014366 0.110201 0.183757 0.002240 0.689436
4 4 0.013331 0.019852 0.023008 0.000014 0.943795
4 4 0.012385 0.034511 0.034506 0.000930 0.917668
4 4 0.008921 0.135668 0.358024 0.006156 0.491231
4 4 0.008012 0.116345 0.220976 0.001340 0.653326
4 4 0.015399 0.120527 0.145143 0.000842 0.718089
4 4 0.010832 0.124531 0.138044 0.000723 0.725869
4 4 0.008791 0.014071 0.009061 0.000056 0.968021
4 4 0.018794 0.018827 0.009493 0.000123 0.952762
4 4 0.011517 0.053741 0.165502 0.003869 0.765372
4 4 0.013311 0.070515 0.285103 0.012642 0.618429
4 4 0.047454 0.126072 0.080999 0.000541 0.744934
4 4 0.020657 0.095908 0.092529 0.000697 0.790208
4 4 0.009492 0.073888 0.103181 0.000842 0.812597
4 4 0.011415 0.099970 0.238390 0.006275 0.643949
2 4 0.002581 0.079368 0.599480 0.012551 0.306019
2 4 0.000805 0.072969 0.656492 0.021536 0.248199
4 4 0.008287 0.052442 0.110694 0.001770 0.826806
4 4 0.005060 0.019363 0.021432 0.000109 0.954036
4 4 0.012240 0.045282 0.105233 0.000718 0.836527
4 4 0.009200 0.111805 0.296928 0.007240 0.574826
4 4 0.021385 0.164525 0.353398 0.005985 0.454707
2 4 0.026371 0.149951 0.414509 0.008097 0.401072
4 4 0.006258 0.078055 0.253309 0.008629 0.653748
4 4 0.016832 0.056331 0.063215 0.000096 0.863525
4 4 0.035779 0.046947 0.043146 0.000442 0.873686
4 4 0.017277 0.075659 0.109021 0.003551 0.794491
4 4 0.039920 0.039573 0.035869 0.000163 0.884475
4 4 0.039339 0.062781 0.074272 0.002497 0.821112
4 4 0.041479 0.126920 0.256941 0.006323 0.568337
4 4 0.011976 0.124081 0.264646 0.006164 0.593134
4 4 0.004080 0.083075 0.319876 0.005810 0.587159
4 4 0.008501 0.139004 0.223002 0.002287 0.627205
4 4 0.009904 0.135192 0.357907 0.002766 0.494230
4 4 0.005417 0.138236 0.387594 0.002521 0.466232
2 4 0.025268 0.157652 0.510275 0.015662 0.291144
2 4 0.003824 0.086653 0.710868 0.076405 0.122251
2 4 0.001389 0.075636 0.574432 0.020100 0.328442
2 4 0.001208 0.070386 0.630923 0.004921 0.292563
2 4 0.002914 0.088534 0.520987 0.012937 0.374627
2 4 0.003313 0.104692 0.596136 0.016237 0.279622
4 4 0.005026 0.070384 0.411916 0.008417 0.504257
4 4 0.018255 0.098303 0.201823 0.001396 0.680225
2 4 0.005707 0.180474 0.605010 0.012760 0.196049
2 4 0.004540 0.078674 0.756176 0.049277 0.111333
2 4 0.002912 0.089961 0.505862 0.008159 0.393105
2 4 0.008462 0.095445 0.498272 0.015955 0.381867
4 4 0.010147 0.082637 0.211978 0.003578 0.691660
4 4 0.030083 0.111408 0.173208 0.004967 0.680334
2 4 0.002861 0.103762 0.713841 0.011733 0.167803
2 4 0.001388 0.107104 0.563018 0.006846 0.321644
4 4 0.009252 0.158340 0.371375 0.000656 0.460377
2 2 0.001565 0.067704 0.790633 0.026250 0.113848
2 2 0.000392 0.061013 0.808278 0.012325 0.117993
2 2 0.000720 0.053889 0.854219 0.017970 0.073202
2 2 0.000259 0.019534 0.880265 0.036042 0.063900
2 2 0.003205 0.027621 0.885834 0.039339 0.044001
2 2 0.003260 0.113955 0.846021 0.003447 0.033317
2 2 0.000334 0.024165 0.938607 0.013632 0.023262
2 2 0.000043 0.001772 0.961193 0.036789 0.000202
2 2 0.000120 0.004045 0.939386 0.055469 0.000981
2 2 0.000171 0.005397 0.877735 0.106478 0.010219
2 2 0.000197 0.008927 0.943021 0.031866 0.015988
2 2 0.000285 0.005340 0.870569 0.120504 0.003302
2 2 0.000158 0.002464 0.878666 0.118483 0.000230
2 2 0.000096 0.005149 0.961830 0.031254 0.001671
2 2 0.000152 0.007072 0.928447 0.049596 0.014733
2 2 0.000016 0.000762 0.872358 0.126829 0.000035
2 2 0.000239 0.002384 0.809554 0.187613 0.000211
2 2 0.000025 0.000306 0.845025 0.154642 0.000002
2 2 0.000052 0.001820 0.929582 0.068359 0.000187
2 2 0.000027 0.001287 0.934898 0.063522 0.000267
2 2 0.000103 0.002794 0.907611 0.088977 0.000515
2 2 0.000105 0.001480 0.806951 0.191292 0.000172
2 2 0.000046 0.000941 0.890150 0.108775 0.000088
2 2 0.000082 0.001882 0.909446 0.088400 0.000190
2 2 0.000039 0.001107 0.939830 0.058860 0.000164
2 2 0.000078 0.000574 0.798946 0.200396 0.000006
2 2 0.000021 0.000256 0.768617 0.231104 0.000002
2 2 0.000052 0.000631 0.765807 0.233499 0.000011
2 2 0.000008 0.000155 0.936440 0.063396 0.000000
2 2 0.000048 0.001902 0.919923 0.076965 0.001163
2 2 0.000282 0.004743 0.909060 0.084443 0.001472
2 2 0.000013 0.000217 0.790415 0.209347 0.000007
2 2 0.000468 0.002584 0.798465 0.198284 0.000199
2 2 0.000431 0.003062 0.780068 0.216141 0.000299
2 2 0.000057 0.000578 0.714242 0.285103 0.000019
2 2 0.000180 0.001950 0.813463 0.184195 0.000213
2 2 0.000323 0.002952 0.782495 0.213285 0.000944
2 2 0.000206 0.001516 0.619118 0.379075 0.000084
2 2 0.000241 0.001617 0.712267 0.285726 0.000150
2 2 0.000053 0.000962 0.731564 0.267171 0.000251
2 2 0.000406 0.002595 0.782288 0.214414 0.000297
2 2 0.138755 0.055899 0.646973 0.148910 0.009464
2 2 0.028968 0.057160 0.573888 0.334992 0.004994
2 2 0.005003 0.047481 0.856449 0.089308 0.001758
2 2 0.000712 0.008287 0.882617 0.107540 0.000844
2 2 0.000305 0.002571 0.792141 0.204845 0.000139
2 2 0.000092 0.001322 0.776406 0.222066 0.000113
2 2 0.000148 0.002227 0.840436 0.156724 0.000465
2 2 0.000107 0.001769 0.891845 0.106129 0.000151
2 2 0.000064 0.000830 0.862453 0.136645 0.000008
2 2 0.000023 0.000768 0.923292 0.075879 0.000038
2 2 0.000172 0.002128 0.794705 0.202780 0.000215
2 2 0.000114 0.001038 0.697387 0.301381 0.000080
2 2 0.000032 0.000375 0.796889 0.202697 0.000007
2 2 0.000171 0.001569 0.696370 0.301853 0.000038
2 2 0.000066 0.000919 0.739218 0.259581 0.000216
2 2 0.000072 0.000472 0.699926 0.299518 0.000012
2 2 0.000130 0.001539 0.760894 0.237290 0.000147
2 2 0.000207 0.001317 0.643883 0.354531 0.000062
3 2 0.000102 0.000644 0.493037 0.506173 0.000044
3 2 0.000129 0.000575 0.386480 0.612801 0.000016
2 2 0.000343 0.001874 0.609098 0.388627 0.000058
2 2 0.000166 0.001233 0.693376 0.305190 0.000035
2 2 0.000072 0.000534 0.645499 0.353889 0.000007
2 2 0.000051 0.000362 0.664676 0.334908 0.000002
2 2 0.000315 0.002162 0.530653 0.465200 0.001670
2 2 0.000343 0.001860 0.595461 0.401833 0.000504
2 2 0.000314 0.001529 0.500714 0.497300 0.000143
3 2 0.000186 0.000693 0.364467 0.634633 0.000021
3 2 0.000061 0.000274 0.276847 0.722813 0.000005
2 2 0.000329 0.001228 0.523807 0.474611 0.000025
2 2 0.000010 0.000153 0.662428 0.337409 0.000000
2 2 0.000002 0.000032 0.551732 0.448234 0.000000
2 2 0.000167 0.001329 0.727220 0.271195 0.000090
2 2 0.000262 0.002417 0.704098 0.292953 0.000269
3 2 0.000163 0.000452 0.261236 0.738135 0.000014
3 2 0.000273 0.000851 0.397122 0.601641 0.000113
3 2 0.000120 0.000582 0.399469 0.599819 0.000009
3 2 0.000071 0.000400 0.410334 0.589184 0.000011
2 2 0.000814 0.004282 0.547325 0.446851 0.000729
2 2 0.000683 0.002453 0.538893 0.457815 0.000156
3 2 0.000468 0.001586 0.202198 0.795363 0.000385
3 2 0.000306 0.000902 0.314729 0.683922 0.000139
3 2 0.000898 0.001581 0.190325 0.806928 0.000268
3 2 0.000532 0.000662 0.079289 0.919431 0.000087
3 2 0.001043 0.001990 0.135106 0.861303 0.000558
3 2 0.002025 0.002463 0.154912 0.840071 0.000529
3 3 0.001004 0.002454 0.135024 0.860584 0.000934
3 3 0.001056 0.003335 0.104354 0.889360 0.001896
3 3 0.000061 0.000100 0.038330 0.961501 0.000008
3 3 0.000205 0.000338 0.068049 0.931377 0.000031
3 3 0.000140 0.000214 0.043228 0.956395 0.000023
3 3 0.000173 0.000273 0.035468 0.964050 0.000035
3 3 0.000213 0.000309 0.050693 0.948749 0.000036
3 3 0.000048 0.000084 0.029573 0.970288 0.000007
3 3 0.000061 0.000109 0.026600 0.973219 0.000011
3 3 0.000164 0.000261 0.035362 0.964180 0.000033
3 3 0.000104 0.000212 0.033356 0.966298 0.000031
3 3 0.000079 0.000134 0.031146 0.968627 0.000014
3 3 0.000270 0.000512 0.012738 0.986357 0.000124
3 3 0.000181 0.000324 0.018946 0.980492 0.000056
3 3 0.000533 0.001017 0.032599 0.965574 0.000277
3 3 0.000127 0.000252 0.012892 0.986682 0.000046
3 3 0.000093 0.000205 0.008179 0.991481 0.000042
3 3 0.000262 0.000429 0.026206 0.973030 0.000073
3 3 0.000116 0.000220 0.016428 0.983201 0.000035
3 3 0.000159 0.000379 0.020684 0.978689 0.000089
3 3 0.000073 0.000162 0.008800 0.990936 0.000029
3 3 0.000108 0.000185 0.027299 0.972386 0.000023
3 3 0.000235 0.000372 0.031910 0.967427 0.000056
3 3 0.000055 0.000098 0.027197 0.972640 0.000009
3 3 0.000150 0.000275 0.051805 0.947745 0.000025
3 3 0.000179 0.000315 0.028843 0.970619 0.000044
3 3 0.000089 0.000156 0.025294 0.974443 0.000018
3 3 0.000149 0.000235 0.036870 0.962718 0.000028
3 3 0.000035 0.000068 0.020739 0.979153 0.000006
3 3 0.000156 0.000267 0.024956 0.974583 0.000039
3 3 0.000106 0.000163 0.046254 0.953462 0.000015
3 3 0.000057 0.000128 0.048958 0.950841 0.000015
3 3 0.000380 0.000662 0.056787 0.942046 0.000124
3 3 0.000131 0.000246 0.027153 0.972434 0.000037
3 3 0.000117 0.000215 0.018875 0.980761 0.000032
3 3 0.000123 0.000209 0.027191 0.972451 0.000027
3 3 0.000095 0.000221 0.021312 0.978332 0.000040
3 3 0.000159 0.000283 0.020519 0.978994 0.000045
3 3 0.000111 0.000202 0.020608 0.979050 0.000028
3 3 0.000277 0.000428 0.034649 0.964580 0.000066
3 3 0.000071 0.000146 0.013202 0.986559 0.000021
3 3 0.000194 0.000354 0.017162 0.982224 0.000066
3 3 0.000451 0.000721 0.025578 0.973099 0.000151
3 3 0.000105 0.000181 0.027382 0.972310 0.000022
3 3 0.000887 0.002146 0.023409 0.972500 0.001058
3 3 0.000629 0.001056 0.018238 0.979784 0.000293
3 3 0.000390 0.000993 0.116574 0.881772 0.000271
3 3 0.000596 0.001398 0.155793 0.841820 0.000393
3 3 0.000651 0.001374 0.131414 0.866202 0.000359
3 3 0.000269 0.001655 0.172166 0.824774 0.001136
3 3 0.000233 0.000351 0.040391 0.958978 0.000047
3 3 0.000155 0.000258 0.028545 0.971005 0.000035
3 3 0.000953 0.001935 0.097433 0.899082 0.000598
3 3 0.001529 0.002596 0.087611 0.907467 0.000796
3 3 0.000294 0.000863 0.040983 0.957557 0.000303
3 3 0.000530 0.002441 0.147360 0.848083 0.001585
3 3 0.000949 0.001116 0.070784 0.926964 0.000187
3 3 0.000603 0.000888 0.057408 0.940939 0.000163
3 3 0.000343 0.000558 0.052968 0.946038 0.000092
3 3 0.000163 0.000274 0.026896 0.972628 0.000039
3 3 0.000915 0.000931 0.089783 0.908239 0.000132
3 3 0.000279 0.000407 0.045752 0.953508 0.000055
3 3 0.000132 0.000482 0.027914 0.971301 0.000171
3 3 0.000547 0.000821 0.032806 0.965661 0.000165
3 3 0.000558 0.001320 0.081040 0.916676 0.000407
3 3 0.000539 0.000751 0.046832 0.951752 0.000127
3 3 0.000438 0.000589 0.058707 0.940184 0.000083
3 2 0.000208 0.000302 0.057408 0.942049 0.000032
3 2 0.000284 0.000982 0.198450 0.799965 0.000319
3 2 0.000691 0.001661 0.115162 0.881946 0.000540
3 2 0.000962 0.002322 0.146415 0.849459 0.000843
3 2 0.000487 0.001878 0.202723 0.794024 0.000887
3 2 0.000813 0.001644 0.141351 0.855865 0.000327
3 2 0.000384 0.000822 0.104632 0.894029 0.000132
3 2 0.000199 0.000491 0.148220 0.851032 0.000057
3 2 0.000174 0.000495 0.189435 0.809830 0.000066
3 2 0.001859 0.002369 0.156683 0.838804 0.000285
3 2 0.000361 0.000904 0.100025 0.898508 0.000201
2 2 0.032279 0.033462 0.522025 0.389682 0.022552
2 2 0.188497 0.078425 0.466332 0.246375 0.020371
2 2 0.005980 0.016368 0.745214 0.231126 0.001312
2 2 0.001230 0.008231 0.721879 0.268091 0.000569
2 2 0.000174 0.001528 0.854770 0.143506 0.000023
2 2 0.000025 0.000491 0.890668 0.108813 0.000003
2 2 0.000019 0.000345 0.808492 0.191138 0.000005
2 2 0.000007 0.000263 0.905771 0.093955 0.000004
2 2 0.000074 0.000842 0.837378 0.161698 0.000008
2 2 0.000047 0.000758 0.847270 0.151913 0.000012
2 2 0.000136 0.001511 0.865670 0.132649 0.000034
2 2 0.000053 0.001278 0.911303 0.087314 0.000053
2 2 0.000054 0.001144 0.927728 0.071042 0.000032
2 2 0.000153 0.001792 0.907768 0.090268 0.000018
2 2 0.000017 0.000454 0.879885 0.119629 0.000014
2 2 0.000024 0.000379 0.849614 0.149981 0.000001
2 2 0.002653 0.022465 0.945336 0.025488 0.004057
2 2 0.000454 0.007522 0.772160 0.217220 0.002644
2 2 0.004070 0.046646 0.844631 0.031541 0.073112
2 4 0.003188 0.069286 0.791774 0.034725 0.101028
4 4 0.009673 0.056164 0.247449 0.011717 0.674997
4 4 0.012105 0.053739 0.082430 0.001127 0.850598
2 4 0.308149 0.305259 0.310861 0.009637 0.066094
2 4 0.024448 0.090153 0.711613 0.117281 0.056504
4 4 0.029328 0.073613 0.124907 0.003341 0.768810
4 4 0.033538 0.093909 0.156342 0.005023 0.711188
4 4 0.042503 0.040035 0.048575 0.002239 0.866648
4 4 0.071711 0.037985 0.021899 0.000174 0.868231
4 4 0.012008 0.018724 0.012564 0.000146 0.956558
4 4 0.019153 0.019431 0.011192 0.000082 0.950143
4 4 0.012017 0.105229 0.132147 0.001996 0.748611
4 4 0.006713 0.029018 0.038887 0.000020 0.925362
4 4 0.041702 0.035055 0.027022 0.000129 0.896092
4 4 0.023505 0.029132 0.021584 0.000270 0.925509
4 4 0.011939 0.066896 0.108849 0.001293 0.811024
4 4 0.018384 0.108499 0.318371 0.003235 0.551512
4 4 0.004596 0.083335 0.258958 0.003793 0.649319
4 4 0.013533 0.130000 0.267365 0.001766 0.587336
4 4 0.027642 0.063638 0.094725 0.003616 0.810379
4 4 0.067610 0.076158 0.123993 0.005945 0.726293
4 4 0.017727 0.084261 0.256825 0.002496 0.638691
2 4 0.005756 0.102580 0.475124 0.015671 0.400869
4 4 0.013953 0.041118 0.118965 0.003548 0.822416
4 4 0.010235 0.029360 0.036808 0.000462 0.923135
4 4 0.013685 0.139370 0.267756 0.004723 0.574466
4 4 0.004763 0.097215 0.270607 0.001142 0.626273
4 4 0.014906 0.071529 0.146664 0.001521 0.765380
4 4 0.030993 0.112145 0.150620 0.001337 0.704905
2 4 0.141971 0.261281 0.488938 0.018529 0.089281
0 1 0.381431 0.360962 0.172353 0.004184 0.081071
2 1 0.003115 0.094820 0.770872 0.028739 0.102453
2 1 0.000900 0.044316 0.796637 0.044670 0.113478
2 2 0.000183 0.018465 0.936487 0.021329 0.023537
2 2 0.000321 0.017276 0.963147 0.010977 0.008279
2 2 0.000133 0.026619 0.934855 0.008574 0.029819
2 2 0.000174 0.028084 0.945438 0.008285 0.018019
2 2 0.000852 0.041633 0.864333 0.054830 0.038352
2 2 0.000151 0.020514 0.917115 0.029881 0.032338
2 2 0.000156 0.022218 0.948232 0.016676 0.012717
2 2 0.000082 0.021086 0.951390 0.015554 0.011888
2 2 0.000121 0.004391 0.979022 0.014726 0.001740
2 2 0.000146 0.009404 0.962781 0.020725 0.006943
2 2 0.000158 0.008578 0.906801 0.078812 0.005650
2 2 0.000326 0.014156 0.834964 0.137989 0.012565
2 2 0.000201 0.030317 0.872291 0.019389 0.077802
2 2 0.000190 0.027528 0.849738 0.025405 0.097138
4 2 0.014140 0.104374 0.354630 0.004116 0.522740
2 2 0.012640 0.076065 0.545604 0.024118 0.341572
2 2 0.054061 0.183814 0.466735 0.003533 0.291856
2 2 0.005675 0.054721 0.650280 0.062484 0.226841
2 2 0.000243 0.014547 0.957750 0.016424 0.011036
2 2 0.000176 0.023029 0.932264 0.018456 0.026075
4 2 0.008147 0.063312 0.343375 0.017381 0.567784
4 4 0.039582 0.051586 0.071022 0.000573 0.837237
4 4 0.009758 0.139568 0.394444 0.003960 0.452270
2 4 0.008533 0.111459 0.542099 0.014273 0.323636
2 4 0.009331 0.146960 0.478343 0.007345 0.358020
2 4 0.015573 0.114147 0.561265 0.002166 0.306849
4 4 0.015764 0.067045 0.105086 0.000840 0.811266
4 4 0.024884 0.082893 0.129130 0.001589 0.761503
2 4 0.001072 0.074801 0.827109 0.017403 0.079615
2 2 0.000546 0.055938 0.853339 0.028246 0.061931
4 2 0.008503 0.083324 0.400939 0.020073 0.487160
4 2 0.029438 0.106059 0.337191 0.007934 0.519377
2 2 0.002074 0.041293 0.802886 0.082044 0.071704
2 2 0.005419 0.057500 0.820230 0.041373 0.075478
2 2 0.000752 0.063469 0.736810 0.016960 0.182009
2 2 0.001159 0.063165 0.684742 0.029204 0.221730
4 2 0.009930 0.114144 0.414174 0.003803 0.457950
2 2 0.002191 0.078855 0.619001 0.018447 0.281507
2 2 0.015468 0.104794 0.514132 0.007545 0.358061
2 2 0.002274 0.056492 0.763984 0.024255 0.152996
2 2 0.002491 0.080120 0.683951 0.003113 0.230324
2 2 0.000678 0.062592 0.733934 0.001401 0.201394
2 2 0.001177 0.020349 0.954982 0.019993 0.003500
2 2 0.000156 0.013514 0.961062 0.017272 0.007995
2 2 0.000030 0.002215 0.986081 0.011559 0.000115
2 2 0.001727 0.031655 0.942177 0.000587 0.023854
2 2 0.000673 0.004850 0.853372 0.140719 0.000385
2 2 0.000343 0.002961 0.914625 0.081944 0.000128
2 2 0.000332 0.011616 0.959121 0.021959 0.006973
2 2 0.000253 0.014991 0.971099 0.001437 0.012220
2 2 0.000130 0.006237 0.950183 0.038395 0.005055
2 2 0.000065 0.005692 0.942320 0.039853 0.012069
2 2 0.000052 0.002973 0.957012 0.038639 0.001325
2 2 0.000032 0.002484 0.949414 0.047598 0.000472
2 2 0.000359 0.006057 0.883989 0.108125 0.001471
2 2 0.000085 0.007108 0.954373 0.027644 0.010790
2 2 0.000172 0.002794 0.927514 0.068694 0.000825
2 2 0.000289 0.006136 0.895412 0.094342 0.003821
2 2 0.000151 0.002372 0.931898 0.065371 0.000209
2 2 0.000141 0.002861 0.901991 0.094517 0.000489
2 2 0.000041 0.004188 0.964222 0.027670 0.003879
2 2 0.000145 0.003494 0.912256 0.082547 0.001559
2 2 0.001492 0.013620 0.926700 0.050976 0.007211
2 2 0.000173 0.004132 0.943388 0.050240 0.002066
2 2 0.000062 0.002736 0.938288 0.057905 0.001009
2 2 0.000038 0.000959 0.952589 0.046380 0.000034
2 2 0.000245 0.004985 0.940734 0.053619 0.000418
2 2 0.000017 0.000319 0.948317 0.051346 0.000002
2 2 0.000659 0.009091 0.941907 0.039045 0.009297
2 2 0.000105 0.002462 0.886246 0.110056 0.001132
2 2 0.000167 0.005511 0.938877 0.053243 0.002201
2 2 0.000390 0.005323 0.903290 0.089726 0.001272
2 2 0.000379 0.005289 0.921129 0.070009 0.003194
2 2 0.000085 0.001268 0.807084 0.191484 0.000079
2 2 0.000020 0.000831 0.942118 0.056970 0.000060
2 2 0.000020 0.000677 0.933811 0.065456 0.000035
2 2 0.000071 0.002856 0.919845 0.076602 0.000626
2 2 0.000027 0.001856 0.977770 0.020251 0.000097
2 2 0.000176 0.002986 0.829625 0.165950 0.001264
2 2 0.000102 0.001227 0.792067 0.206485 0.000119
2 2 0.000241 0.004733 0.921590 0.072668 0.000769
2 2 0.000438 0.008831 0.923651 0.060370 0.006708
2 2 0.000075 0.001278 0.956717 0.041916 0.000014
2 2 0.000084 0.001114 0.947233 0.051560 0.000009
2 2 0.000023 0.000474 0.879336 0.120161 0.000006
2 2 0.000042 0.000771 0.840067 0.159102 0.000018
2 2 0.000185 0.002088 0.816141 0.181501 0.000085
2 2 0.000031 0.000846 0.840990 0.157985 0.000149
2 2 0.000156 0.001944 0.900708 0.097134 0.000057
2 2 0.000117 0.001052 0.827475 0.171335 0.000021
2 2 0.000213 0.002165 0.874916 0.122338 0.000368
2 2 0.000141 0.001603 0.861445 0.136720 0.000091
0 1 0.849184 0.087495 0.028234 0.000448 0.034639
0 1 0.501555 0.272069 0.203326 0.001247 0.021803
2 2 0.124583 0.256737 0.590217 0.014950 0.013513
2 2 0.172118 0.375039 0.424425 0.007050 0.021368
0 0 0.948428 0.022689 0.007155 0.000151 0.021577
0 0 0.966648 0.013501 0.003890 0.000068 0.015894
0 0 0.893253 0.071817 0.015505 0.000059 0.019366
0 0 0.934560 0.040747 0.008736 0.000038 0.015919
0 0 0.542631 0.286415 0.088900 0.000244 0.081810
0 0 0.573750 0.243840 0.097422 0.000575 0.084412
1 0 0.356646 0.489578 0.108328 0.000076 0.045373
0 0 0.530472 0.271934 0.084221 0.000129 0.113244
0 0 0.637406 0.247797 0.068025 0.000263 0.046510
0 0 0.702377 0.220781 0.049696 0.000156 0.026989
0 0 0.854401 0.089421 0.019131 0.000025 0.037022
1 1 0.356931 0.431514 0.149485 0.000853 0.061218
1 1 0.137945 0.461817 0.187333 0.000112 0.212792
1 1 0.056822 0.390378 0.298179 0.002544 0.252078
2 2 0.039659 0.415781 0.419101 0.001305 0.124154
1 2 0.047912 0.395347 0.360050 0.002175 0.194515
1 2 0.175228 0.395330 0.331335 0.000828 0.097279
2 2 0.076811 0.382782 0.394255 0.001183 0.144970
1 2 0.187221 0.396953 0.379170 0.005927 0.030729
1 1 0.385715 0.387924 0.152845 0.001515 0.072001
4 1 0.194919 0.292964 0.182187 0.001973 0.327957
4 1 0.144058 0.290298 0.197993 0.001462 0.366188
2 1 0.010158 0.192753 0.673519 0.033955 0.089615
2 1 0.005035 0.070504 0.765333 0.062809 0.096319
2 2 0.000285 0.017148 0.916158 0.046051 0.020359
2 2 0.000080 0.014162 0.963223 0.009812 0.012723
2 2 0.000074 0.004480 0.957787 0.035762 0.001898
2 2 0.000072 0.002926 0.975777 0.020613 0.000612
2 2 0.000004 0.003555 0.990712 0.004290 0.001438
2 2 0.000031 0.002367 0.988441 0.009008 0.000153
2 2 0.000008 0.001045 0.970526 0.028336 0.000086
2 2 0.000025 0.002536 0.981192 0.015639 0.000608
2 2 0.000154 0.006684 0.975479 0.016324 0.001358
2 2 0.000051 0.010088 0.973835 0.010734 0.005293
2 2 0.000004 0.001922 0.991665 0.006243 0.000166
2 2 0.000007 0.000821 0.989542 0.009598 0.000032
2 2 0.000357 0.007404 0.853312 0.132532 0.006396
2 2 0.000509 0.015207 0.841650 0.117832 0.024802
2 2 0.001056 0.073181 0.665572 0.010840 0.249351
2 2 0.002104 0.077844 0.681151 0.035763 0.203138
2 2 0.000725 0.032558 0.863928 0.069917 0.032872
2 2 0.000641 0.018267 0.901769 0.067510 0.011813
4 2 0.008502 0.103492 0.232363 0.002033 0.653609
4 2 0.018007 0.106543 0.299643 0.010183 0.565625
4 2 0.023114 0.152512 0.189789 0.003497 0.631087
4 2 0.066771 0.111500 0.107770 0.000362 0.713597
0 0 0.927999 0.018025 0.005552 0.000025 0.048399
0 0 0.981827 0.006092 0.001280 0.000005 0.010795
