0 0 0.952823 0.023276 0.010512 0.007161 0.006227
0 0 0.956383 0.020300 0.009796 0.008397 0.005125
0 0 0.929940 0.033515 0.017710 0.011648 0.007187
0 0 0.984761 0.010003 0.003138 0.000397 0.001701
0 0 0.960891 0.027780 0.008566 0.000183 0.002580
0 0 0.959749 0.025570 0.009711 0.001139 0.003831
0 0 0.981100 0.006765 0.002712 0.006381 0.003042
0 0 0.986969 0.006622 0.002244 0.001827 0.002339
0 0 0.962901 0.024911 0.009796 0.000420 0.001972
0 0 0.955757 0.028330 0.011779 0.001035 0.003099
0 0 0.791763 0.118346 0.072193 0.007166 0.010533
0 0 0.859329 0.089375 0.040217 0.001986 0.009093
0 0 0.911632 0.062845 0.018884 0.000256 0.006383
0 0 0.905744 0.043255 0.023655 0.017307 0.010039
0 0 0.853612 0.081706 0.040638 0.009012 0.015032
0 0 0.919692 0.050800 0.016661 0.001497 0.011351
0 0 0.845585 0.092048 0.051968 0.003447 0.006952
0 0 0.874024 0.063240 0.044424 0.011872 0.006441
0 0 0.932450 0.041730 0.018811 0.002046 0.004963
0 0 0.895250 0.057777 0.032343 0.007281 0.007349
0 0 0.909853 0.034882 0.021040 0.026027 0.008197
0 0 0.941221 0.034916 0.016357 0.002842 0.004665
0 0 0.973261 0.015964 0.004423 0.000921 0.005430
0 0 0.948848 0.031261 0.009578 0.001403 0.008910
0 0 0.380048 0.080642 0.204829 0.318187 0.016294
0 0 0.529083 0.140085 0.255574 0.065165 0.010092
0 0 0.913063 0.046245 0.020609 0.008130 0.011952
0 0 0.960076 0.016210 0.006753 0.009979 0.006981
0 0 0.957306 0.022217 0.008515 0.004656 0.007305
0 0 0.978716 0.008252 0.003050 0.005801 0.004180
0 0 0.968713 0.012399 0.004574 0.007599 0.006715
0 0 0.921966 0.026370 0.012502 0.026580 0.012582
0 0 0.738688 0.109853 0.097412 0.035665 0.018382
0 0 0.699771 0.121785 0.117491 0.043861 0.017091
2 0 0.195741 0.299688 0.440543 0.036537 0.027491
0 0 0.375801 0.128353 0.271581 0.200536 0.023729
0 0 0.940773 0.019806 0.009251 0.021021 0.009148
0 0 0.933899 0.026280 0.012237 0.017259 0.010324
0 0 0.970845 0.013376 0.005389 0.005621 0.004770
0 0 0.982142 0.009948 0.002758 0.001075 0.004077
0 0 0.987613 0.005563 0.001482 0.001668 0.003674
0 0 0.983287 0.011074 0.002456 0.000182 0.003000
0 0 0.913677 0.045735 0.023564 0.008668 0.008355
0 0 0.820650 0.089148 0.049187 0.021177 0.019838
0 0 0.352422 0.331351 0.283090 0.010650 0.022486
0 0 0.497657 0.191404 0.266348 0.031170 0.013421
0 0 0.728679 0.135389 0.111949 0.013750 0.010233
0 0 0.594409 0.184856 0.192871 0.015639 0.012225
2 0 0.335713 0.146840 0.365692 0.138960 0.012795
2 0 0.295581 0.218330 0.432205 0.041063 0.012822
0 0 0.656824 0.193594 0.121750 0.009823 0.018009
0 0 0.766826 0.138358 0.080207 0.004273 0.010336
0 0 0.869194 0.065094 0.039263 0.016097 0.010352
0 0 0.806118 0.105034 0.058820 0.013229 0.016800
0 0 0.954876 0.022222 0.010452 0.007089 0.005361
0 0 0.961426 0.019205 0.008662 0.005890 0.004818
0 0 0.972357 0.014666 0.005139 0.002798 0.005040
0 0 0.958115 0.025505 0.008870 0.001627 0.005882
0 0 0.874004 0.070192 0.038690 0.007794 0.009319
0 0 0.922754 0.034960 0.018573 0.015208 0.008504
0 0 0.785311 0.134275 0.063477 0.002941 0.013996
0 0 0.795320 0.120704 0.060948 0.006429 0.016600
0 0 0.903179 0.051022 0.027803 0.009648 0.008349
0 0 0.880353 0.065706 0.036133 0.008490 0.009318
0 0 0.973543 0.015701 0.006357 0.001672 0.002726
0 0 0.953795 0.024073 0.012036 0.005767 0.004330
0 0 0.905383 0.056626 0.030018 0.002933 0.005040
0 0 0.955023 0.025971 0.010591 0.002962 0.005453
0 0 0.951837 0.024283 0.010552 0.006544 0.006784
0 0 0.972573 0.016318 0.005939 0.001571 0.003599
0 0 0.919247 0.056156 0.019032 0.000370 0.005196
0 0 0.937130 0.031668 0.017446 0.008570 0.005185
0 0 0.906827 0.059904 0.027274 0.001196 0.004799
0 0 0.943743 0.035017 0.015847 0.001629 0.003765
0 0 0.881036 0.083588 0.029175 0.000299 0.005903
0 0 0.970252 0.018508 0.007265 0.001189 0.002787
0 0 0.945182 0.040346 0.011889 0.000081 0.002501
0 0 0.938251 0.047778 0.010984 0.000026 0.002960
0 1 0.901292 0.074599 0.018573 0.000061 0.005474
0 1 0.896188 0.079575 0.019036 0.000041 0.005160
0 1 0.892135 0.085701 0.017902 0.000014 0.004248
0 0 0.968600 0.022405 0.007018 0.000144 0.001834
0 0 0.964876 0.027291 0.005991 0.000020 0.001823
0 0 0.944388 0.034896 0.015436 0.001488 0.003792
0 0 0.833417 0.104389 0.058581 0.000609 0.003004
0 0 0.773246 0.148409 0.073531 0.000394 0.004420
0 0 0.861881 0.078906 0.055573 0.001492 0.002148
0 0 0.833422 0.103560 0.061229 0.000239 0.001550
0 0 0.785289 0.132557 0.069585 0.002652 0.009916
0 0 0.875099 0.068262 0.043901 0.007021 0.005717
0 0 0.975329 0.016298 0.005026 0.000473 0.002874
0 0 0.907929 0.053043 0.023682 0.005102 0.010244
0 0 0.443177 0.190028 0.296900 0.053676 0.016219
0 0 0.749373 0.137309 0.096834 0.007861 0.008624
0 0 0.911157 0.063674 0.019977 0.000198 0.004994
0 0 0.815134 0.140452 0.037071 0.000053 0.007290
0 0 0.837714 0.115053 0.038623 0.000287 0.008323
0 0 0.912838 0.065366 0.017188 0.000069 0.004539
0 1 0.681036 0.248046 0.058659 0.000032 0.012226
0 1 0.767620 0.182894 0.039736 0.000023 0.009726
0 1 0.784000 0.142819 0.062831 0.000932 0.009419
0 0 0.766747 0.129814 0.089534 0.006248 0.007657
0 0 0.933408 0.042870 0.020232 0.000807 0.002683
0 0 0.939936 0.040348 0.017084 0.000382 0.002251
0 0 0.930288 0.047357 0.019065 0.000379 0.002911
0 0 0.920509 0.044343 0.026684 0.004644 0.003820
0 0 0.953261 0.030902 0.012451 0.000634 0.002751
0 0 0.915033 0.054125 0.026869 0.000924 0.003050
0 0 0.803378 0.117406 0.075020 0.001034 0.003162
0 0 0.699199 0.179621 0.115043 0.001191 0.004946
0 0 0.961542 0.025112 0.009360 0.000776 0.003210
0 0 0.934408 0.035447 0.019688 0.005934 0.004524
0 0 0.992376 0.004471 0.000755 0.000109 0.002289
0 0 0.984377 0.011446 0.001227 0.000005 0.002945
0 0 0.977165 0.018348 0.001645 0.000001 0.002841
0 0 0.982456 0.009649 0.001577 0.000186 0.006132
0 0 0.970879 0.022050 0.003655 0.000021 0.003395
0 0 0.935651 0.050504 0.006704 0.000009 0.007133
0 1 0.639702 0.285448 0.044868 0.000018 0.029964
0 1 0.552288 0.351678 0.062908 0.000028 0.033098
1 1 0.336807 0.518463 0.092035 0.000027 0.052668
0 1 0.690043 0.229391 0.045823 0.000106 0.034637
1 1 0.296642 0.519214 0.100976 0.000088 0.083081
1 1 0.179756 0.557322 0.165139 0.000290 0.097494
1 1 0.032822 0.543603 0.267912 0.000037 0.155627
1 2 0.013595 0.503284 0.305006 0.000005 0.178111
2 2 0.000371 0.182118 0.792338 0.000003 0.025169
2 2 0.000270 0.130061 0.812541 0.000001 0.057128
2 2 0.000094 0.100932 0.881951 0.000001 0.017021
2 2 0.000053 0.057539 0.919883 0.000006 0.022519
2 2 0.000066 0.078178 0.858723 0.000000 0.063033
2 2 0.000050 0.051552 0.938466 0.000016 0.009916
2 2 0.000025 0.042649 0.950523 0.000003 0.006800
2 2 0.000028 0.035331 0.950463 0.000002 0.014177
2 2 0.000014 0.022095 0.973090 0.000001 0.004800
2 2 0.000006 0.013712 0.984698 0.000006 0.001578
2 2 0.000024 0.039551 0.955991 0.000002 0.004432
2 2 0.000009 0.026176 0.968839 0.000000 0.004975
2 2 0.000013 0.021872 0.975729 0.000020 0.002365
2 2 0.000035 0.025642 0.968789 0.000048 0.005486
2 2 0.000010 0.013743 0.982628 0.000002 0.003617
2 2 0.000014 0.018134 0.980845 0.000101 0.000906
2 2 0.000031 0.018008 0.979434 0.001108 0.001419
2 2 0.000016 0.014585 0.982581 0.000675 0.002142
2 3 0.000119 0.022645 0.956699 0.018604 0.001933
2 3 0.000111 0.011937 0.953378 0.033787 0.000787
2 3 0.000177 0.009140 0.910414 0.079858 0.000411
2 3 0.000207 0.007058 0.780528 0.211537 0.000672
2 3 0.000139 0.004780 0.686820 0.307923 0.000339
2 3 0.000175 0.004177 0.748273 0.247194 0.000182
2 3 0.000230 0.003904 0.511482 0.483873 0.000511
2 3 0.000364 0.008200 0.701512 0.289076 0.000848
2 3 0.000146 0.005820 0.753556 0.239911 0.000567
2 3 0.000051 0.002708 0.743734 0.253224 0.000283
2 3 0.000256 0.005611 0.608001 0.385212 0.000920
2 3 0.000296 0.005352 0.537748 0.455700 0.000904
2 3 0.000073 0.002226 0.533055 0.464305 0.000341
2 3 0.000140 0.004554 0.661585 0.333193 0.000528
2 3 0.000018 0.000969 0.508814 0.490131 0.000068
3 3 0.000019 0.000696 0.365979 0.633251 0.000056
3 3 0.000138 0.002699 0.400891 0.595837 0.000434
2 3 0.000023 0.000987 0.532230 0.466715 0.000045
3 3 0.000067 0.001975 0.443859 0.553778 0.000321
3 3 0.000032 0.001052 0.452011 0.546800 0.000105
3 3 0.000399 0.004720 0.331707 0.660885 0.002290
3 3 0.000655 0.006788 0.434534 0.555471 0.002552
3 3 0.000103 0.001737 0.282746 0.714650 0.000764
3 3 0.000064 0.001551 0.430030 0.568169 0.000185
2 3 0.000116 0.003981 0.557569 0.437462 0.000871
2 3 0.000182 0.004188 0.528816 0.465697 0.001118
2 3 0.000070 0.002090 0.520594 0.476815 0.000431
3 3 0.000248 0.003955 0.410304 0.584010 0.001483
3 3 0.000060 0.001307 0.311868 0.686522 0.000243
3 3 0.000050 0.001331 0.370030 0.628407 0.000182
3 3 0.000021 0.000600 0.254939 0.744305 0.000135
3 3 0.000049 0.001032 0.300246 0.698496 0.000177
3 3 0.000040 0.000706 0.247645 0.751523 0.000087
3 3 0.000079 0.001263 0.291292 0.707178 0.000188
3 3 0.000495 0.002683 0.177949 0.818007 0.000866
3 3 0.000887 0.006466 0.286193 0.703745 0.002709
3 3 0.000152 0.001734 0.270260 0.727420 0.000434
3 3 0.000210 0.002013 0.229524 0.767442 0.000811
3 3 0.000560 0.006511 0.347325 0.641749 0.003855
3 3 0.000114 0.002184 0.326091 0.671001 0.000609
3 3 0.000103 0.001524 0.253687 0.744217 0.000470
3 3 0.000108 0.001515 0.242448 0.755438 0.000491
3 3 0.000153 0.002788 0.412442 0.584326 0.000291
3 3 0.000374 0.003528 0.252385 0.742359 0.001354
3 3 0.000187 0.001610 0.235112 0.762729 0.000361
3 3 0.000146 0.001495 0.202599 0.795381 0.000378
3 3 0.000053 0.000980 0.254524 0.744248 0.000195
3 3 0.000062 0.001299 0.299899 0.698442 0.000297
3 3 0.000095 0.002107 0.360044 0.637173 0.000581
3 3 0.000070 0.001745 0.324994 0.672368 0.000823
3 3 0.000086 0.002289 0.387476 0.609352 0.000798
3 3 0.000314 0.003310 0.241499 0.752917 0.001959
3 3 0.000179 0.003357 0.404847 0.590303 0.001313
3 3 0.000062 0.001279 0.319658 0.678559 0.000442
3 3 0.000287 0.001481 0.116892 0.880167 0.001173
3 3 0.000164 0.001697 0.228459 0.768825 0.000854
3 3 0.000048 0.000777 0.233845 0.765209 0.000121
3 3 0.000105 0.000504 0.070839 0.928250 0.000302
3 3 0.000014 0.000157 0.073892 0.925883 0.000054
3 3 0.000026 0.000443 0.162146 0.837286 0.000098
3 3 0.019060 0.026860 0.459812 0.486735 0.007533
2 2 0.012268 0.071869 0.626847 0.282450 0.006566
2 3 0.013625 0.236194 0.681599 0.035381 0.033200
2 3 0.014623 0.257636 0.672524 0.025745 0.029472
2 2 0.008201 0.132943 0.786983 0.062714 0.009158
2 2 0.006967 0.157633 0.801930 0.024888 0.008582
2 2 0.008896 0.245443 0.734728 0.001372 0.009562
2 2 0.006966 0.177592 0.804119 0.004077 0.007244
2 2 0.012053 0.221887 0.757904 0.001853 0.006303
2 2 0.008592 0.132763 0.846548 0.007877 0.004221
2 2 0.003956 0.195619 0.796003 0.000233 0.004188
2 2 0.004835 0.166058 0.824312 0.000984 0.003811
2 2 0.002279 0.153904 0.834320 0.000096 0.009400
2 2 0.001121 0.123789 0.871235 0.000280 0.003574
2 2 0.004199 0.151941 0.838770 0.001549 0.003541
2 2 0.003322 0.130267 0.861728 0.001133 0.003550
2 2 0.000499 0.062454 0.932997 0.002218 0.001833
2 2 0.000613 0.084986 0.912639 0.000255 0.001506
2 2 0.000205 0.036092 0.962799 0.000126 0.000779
2 2 0.000141 0.035758 0.963317 0.000235 0.000550
2 2 0.000074 0.035513 0.962921 0.000072 0.001420
2 2 0.000111 0.047879 0.950576 0.000045 0.001388
2 2 0.000079 0.042562 0.953116 0.000015 0.004228
2 2 0.000104 0.050721 0.946691 0.000124 0.002360
2 2 0.000109 0.033723 0.964196 0.001245 0.000727
2 2 0.002266 0.050184 0.899489 0.045929 0.002132
2 2 0.000466 0.067815 0.928569 0.001448 0.001703
2 2 0.000390 0.065301 0.930838 0.000298 0.003173
2 2 0.000036 0.017351 0.981791 0.000516 0.000306
2 2 0.000165 0.040314 0.958519 0.000425 0.000578
2 2 0.000150 0.019934 0.973914 0.005856 0.000146
2 2 0.000416 0.020249 0.948911 0.030154 0.000271
2 3 0.000210 0.048517 0.945510 0.002002 0.003761
2 3 0.000141 0.044277 0.952060 0.000998 0.002523
2 3 0.000826 0.044741 0.941453 0.012259 0.000722
2 3 0.000567 0.019555 0.949277 0.030258 0.000343
2 3 0.000469 0.036026 0.948523 0.013907 0.001075
2 3 0.001421 0.048670 0.899258 0.049005 0.001646
2 3 0.000194 0.017279 0.959577 0.022712 0.000238
2 3 0.000410 0.019570 0.928852 0.050791 0.000377
2 3 0.004693 0.060358 0.766615 0.162806 0.005529
2 2 0.002607 0.063662 0.842153 0.083691 0.007887
2 2 0.000041 0.009588 0.988787 0.000309 0.001275
2 2 0.001228 0.055895 0.909811 0.025973 0.007093
2 2 0.000226 0.014684 0.968278 0.016290 0.000521
2 2 0.000725 0.046825 0.942749 0.008204 0.001497
2 2 0.003390 0.079402 0.910122 0.004160 0.002926
2 2 0.003703 0.067353 0.915797 0.010693 0.002455
2 2 0.000054 0.012917 0.984995 0.001400 0.000634
2 2 0.000010 0.008318 0.990829 0.000623 0.000220
2 2 0.000039 0.032343 0.966601 0.000115 0.000902
2 2 0.000107 0.033893 0.962130 0.000667 0.003203
2 2 0.000104 0.046658 0.945420 0.000020 0.007797
2 2 0.000670 0.103985 0.867300 0.000022 0.028023
2 2 0.000066 0.035427 0.961567 0.000294 0.002647
2 2 0.000066 0.026178 0.969871 0.001856 0.002029
2 2 0.000297 0.028421 0.956687 0.013506 0.001089
2 2 0.000113 0.027908 0.964902 0.004457 0.002620
2 2 0.000190 0.035444 0.954130 0.006587 0.003649
2 3 0.000720 0.060918 0.921377 0.010777 0.006208
2 3 0.001504 0.016664 0.628642 0.351526 0.001663
2 3 0.000509 0.011147 0.834568 0.153339 0.000438
2 3 0.000312 0.010464 0.790933 0.197150 0.001140
2 3 0.000767 0.019523 0.722124 0.253998 0.003588
2 3 0.000284 0.005778 0.608180 0.385154 0.000603
2 3 0.000196 0.007052 0.730547 0.261565 0.000640
3 3 0.000714 0.007607 0.449990 0.539833 0.001857
3 3 0.000656 0.008073 0.439780 0.549647 0.001844
2 3 0.003713 0.029961 0.610575 0.352084 0.003667
2 3 0.001285 0.023542 0.889759 0.084975 0.000439
2 2 0.012088 0.165133 0.798364 0.002070 0.022346
2 2 0.005265 0.150511 0.784513 0.022157 0.037555
2 2 0.000305 0.049169 0.942695 0.004537 0.003294
2 2 0.000954 0.029453 0.961979 0.002268 0.005346
2 2 0.002513 0.066735 0.916712 0.008644 0.005395
2 2 0.000938 0.057229 0.931394 0.007585 0.002854
2 2 0.000475 0.022777 0.973291 0.001727 0.001730
2 2 0.000536 0.072111 0.922906 0.002009 0.002439
2 2 0.000091 0.020730 0.977736 0.001112 0.000331
2 2 0.000075 0.018616 0.979803 0.000900 0.000605
2 2 0.000829 0.028067 0.966033 0.002348 0.002723
2 2 0.000553 0.088660 0.907172 0.000393 0.003222
2 2 0.000256 0.023428 0.970769 0.005067 0.000480
2 2 0.000086 0.015467 0.983206 0.000748 0.000492
2 2 0.000154 0.044940 0.951415 0.000102 0.003389
2 2 0.000020 0.021359 0.974299 0.000033 0.004289
2 2 0.000289 0.047940 0.946255 0.002272 0.003244
2 2 0.000404 0.063245 0.931091 0.002549 0.002710
2 2 0.000104 0.025167 0.973620 0.000269 0.000840
2 2 0.000003 0.006151 0.993127 0.000534 0.000185
2 2 0.000181 0.036360 0.959185 0.000095 0.004179
2 2 0.000316 0.046789 0.946994 0.001530 0.004371
2 2 0.000204 0.039470 0.956793 0.001600 0.001933
2 2 0.000211 0.039384 0.957753 0.001339 0.001314
1 1 0.240121 0.387478 0.334576 0.010348 0.027477
2 2 0.043832 0.318338 0.601463 0.004516 0.031851
2 2 0.001037 0.093507 0.900891 0.001263 0.003302
2 2 0.000392 0.062633 0.934000 0.000207 0.002767
2 2 0.001781 0.131423 0.850888 0.000244 0.015664
2 2 0.001951 0.131372 0.849366 0.001628 0.015683
2 2 0.000032 0.036650 0.957555 0.000013 0.005751
2 2 0.000005 0.015824 0.979562 0.000005 0.004604
2 2 0.000437 0.098066 0.792392 0.000060 0.109046
2 2 0.000320 0.100505 0.811108 0.000189 0.087878
2 4 0.000166 0.056701 0.544312 0.000009 0.398811
4 4 0.001943 0.148427 0.310958 0.000089 0.538583
4 4 0.006239 0.009874 0.000933 0.000000 0.982953
4 4 0.007385 0.013005 0.001222 0.000000 0.978388
4 4 0.003668 0.105363 0.026157 0.000000 0.864812
4 4 0.004976 0.085105 0.029145 0.000001 0.880773
4 4 0.030892 0.110062 0.031864 0.000045 0.827138
4 4 0.073000 0.169889 0.038185 0.000045 0.718881
4 4 0.004930 0.097697 0.029127 0.000000 0.868245
4 4 0.005388 0.100613 0.030634 0.000000 0.863365
4 4 0.005482 0.026817 0.002716 0.000000 0.964985
4 4 0.003468 0.002740 0.000206 0.000000 0.993586
4 4 0.003604 0.128798 0.052612 0.000000 0.814985
4 4 0.004197 0.111651 0.041274 0.000000 0.842877
4 4 0.016029 0.007518 0.000355 0.000000 0.976098
4 4 0.024911 0.013125 0.000857 0.000000 0.961107
4 4 0.015455 0.032419 0.003263 0.000000 0.948863
4 4 0.004418 0.010940 0.001451 0.000000 0.983190
4 4 0.112271 0.059921 0.005439 0.000004 0.822364
4 4 0.063817 0.014910 0.000719 0.000000 0.920554
4 4 0.026340 0.011153 0.000671 0.000000 0.961835
4 4 0.033982 0.017545 0.001254 0.000000 0.947218
4 4 0.012178 0.007655 0.000464 0.000000 0.979703
4 4 0.016230 0.026125 0.001969 0.000000 0.955676
4 4 0.154434 0.008078 0.000359 0.000000 0.837128
4 4 0.315766 0.026980 0.001881 0.000002 0.655370
4 4 0.055919 0.041295 0.003288 0.000000 0.899498
4 4 0.031713 0.010971 0.000575 0.000000 0.956741
0 1 0.738205 0.165796 0.033455 0.000525 0.062019
1 1 0.399255 0.479927 0.055308 0.000006 0.065504
1 1 0.353029 0.356293 0.016536 0.000000 0.274142
4 1 0.198112 0.370864 0.037593 0.000000 0.393430
4 1 0.010446 0.250477 0.084157 0.000000 0.654920
4 1 0.011073 0.211847 0.093361 0.000005 0.683713
4 2 0.003034 0.280853 0.313088 0.000004 0.403022
4 2 0.001548 0.209757 0.358909 0.000007 0.429779
2 2 0.000582 0.180298 0.747823 0.000031 0.071266
2 2 0.000105 0.087468 0.856571 0.000002 0.055855
2 2 0.000011 0.037945 0.936663 0.000000 0.025380
2 2 0.000019 0.051542 0.882055 0.000000 0.066384
2 2 0.000015 0.047144 0.926090 0.000000 0.026752
2 2 0.000009 0.032636 0.933841 0.000000 0.033515
2 2 0.000004 0.015450 0.971407 0.000001 0.013138
2 2 0.000029 0.030918 0.959733 0.000014 0.009306
2 2 0.000006 0.025260 0.970279 0.000001 0.004454
2 2 0.000002 0.010965 0.980436 0.000001 0.008596
2 2 0.000001 0.008184 0.987206 0.000000 0.004609
2 2 0.000001 0.006691 0.988926 0.000000 0.004382
2 2 0.000016 0.027571 0.960085 0.000001 0.012327
2 2 0.000030 0.032481 0.937278 0.000001 0.030211
2 2 0.000044 0.030601 0.959268 0.000011 0.010077
2 2 0.000042 0.041383 0.944560 0.000001 0.014014
2 2 0.000006 0.018329 0.973942 0.000002 0.007720
2 2 0.000007 0.023372 0.973396 0.000002 0.003223
2 2 0.000011 0.014752 0.966745 0.000001 0.018491
2 2 0.000019 0.021790 0.969222 0.000014 0.008955
2 2 0.000008 0.023283 0.965281 0.000000 0.011429
2 2 0.000003 0.013314 0.970106 0.000001 0.016576
2 2 0.000045 0.057446 0.910630 0.000001 0.031878
2 2 0.000016 0.033046 0.957133 0.000004 0.009801
2 2 0.000023 0.020864 0.968297 0.000002 0.010814
2 2 0.000047 0.032784 0.965804 0.000146 0.001219
2 2 0.000006 0.011045 0.986449 0.000002 0.002497
2 2 0.000002 0.008986 0.990288 0.000002 0.000723
2 2 0.000012 0.024302 0.968247 0.000002 0.007436
2 2 0.000005 0.017611 0.978861 0.000001 0.003522
2 2 0.000030 0.020119 0.975171 0.000068 0.004612
2 2 0.000013 0.014986 0.981469 0.000028 0.003504
2 2 0.001442 0.080715 0.896680 0.006715 0.014448
2 2 0.018078 0.113663 0.855249 0.003884 0.009126
1 1 0.212745 0.520380 0.202362 0.001053 0.063460
1 1 0.078738 0.448253 0.255042 0.000214 0.217752
1 1 0.034110 0.457725 0.404764 0.000111 0.103291
2 1 0.016480 0.322847 0.556544 0.000520 0.103609
2 1 0.000623 0.104655 0.872084 0.000019 0.022619
2 1 0.000478 0.078192 0.913097 0.000666 0.007567
2 1 0.003155 0.147033 0.836003 0.002790 0.011020
2 1 0.003977 0.178812 0.752752 0.000095 0.064363
2 1 0.001968 0.168394 0.803388 0.000239 0.026011
2 2 0.001438 0.138189 0.830369 0.000459 0.029545
2 2 0.000251 0.091998 0.881075 0.000019 0.026657
2 2 0.000150 0.085381 0.892677 0.000010 0.021783
2 2 0.000156 0.092187 0.864974 0.000003 0.042680
2 2 0.000551 0.103437 0.855673 0.000191 0.040148
2 2 0.000348 0.074008 0.910290 0.000625 0.014729
2 2 0.000740 0.092873 0.882012 0.001381 0.022993
2 2 0.000089 0.048915 0.941867 0.000174 0.008955
2 2 0.000391 0.068829 0.913698 0.002071 0.015010
2 2 0.000236 0.053882 0.918380 0.002237 0.025264
2 2 0.000543 0.063183 0.890710 0.008032 0.037532
2 2 0.001090 0.070251 0.874240 0.032653 0.021766
2 2 0.000791 0.052557 0.851450 0.060621 0.034581
2 2 0.000375 0.034706 0.870834 0.066146 0.027939
2 2 0.001267 0.069894 0.821907 0.051353 0.055580
2 2 0.002592 0.043761 0.646366 0.288352 0.018930
2 2 0.001852 0.038428 0.671426 0.266634 0.021660
2 3 0.001493 0.049114 0.629358 0.234480 0.085555
2 3 0.004295 0.040614 0.468321 0.450112 0.036658
3 3 0.001299 0.011273 0.339972 0.641550 0.005906
2 3 0.001224 0.023236 0.525106 0.431184 0.019249
2 3 0.001509 0.031430 0.609742 0.329922 0.027397
3 3 0.001385 0.019853 0.465628 0.494712 0.018422
3 3 0.001633 0.009125 0.219881 0.763406 0.005954
3 3 0.001686 0.010379 0.270824 0.711931 0.005179
3 3 0.002756 0.010327 0.214112 0.766741 0.006063
3 3 0.001428 0.009232 0.234478 0.747627 0.007234
3 3 0.001043 0.009615 0.301988 0.675014 0.012340
3 3 0.001414 0.020310 0.431600 0.521986 0.024691
3 3 0.001846 0.006328 0.155701 0.831664 0.004461
3 3 0.002503 0.007382 0.162927 0.824072 0.003116
3 3 0.001330 0.005771 0.193481 0.796206 0.003212
3 3 0.001151 0.006679 0.203956 0.784713 0.003500
3 3 0.001279 0.005822 0.162208 0.826483 0.004207
3 3 0.002792 0.005954 0.132078 0.855837 0.003339
3 3 0.002560 0.015147 0.273687 0.693394 0.015212
3 3 0.008201 0.019194 0.213963 0.744273 0.014368
3 3 0.001733 0.018237 0.350752 0.610678 0.018600
3 3 0.004186 0.028765 0.405131 0.521920 0.039998
3 3 0.002108 0.007721 0.165625 0.819217 0.005329
3 3 0.001060 0.008987 0.255184 0.727594 0.007176
3 3 0.001519 0.004241 0.120625 0.871226 0.002389
3 3 0.000984 0.003626 0.128407 0.865107 0.001876
3 3 0.001668 0.009770 0.240195 0.741303 0.007063
3 3 0.001982 0.006233 0.140425 0.847745 0.003615
3 3 0.003957 0.023468 0.325195 0.617851 0.029529
3 3 0.001794 0.010076 0.233693 0.743966 0.010471
3 3 0.003092 0.011295 0.202726 0.775522 0.007364
3 3 0.002193 0.014345 0.264351 0.705222 0.013889
3 3 0.001779 0.004784 0.124399 0.866333 0.002706
3 3 0.001709 0.006001 0.155106 0.832881 0.004303
3 3 0.001667 0.005983 0.154232 0.834576 0.003542
3 3 0.001368 0.005292 0.149301 0.840739 0.003300
3 3 0.002284 0.003746 0.104762 0.888212 0.000997
3 3 0.002281 0.004007 0.108961 0.883739 0.001011
3 3 0.002078 0.004253 0.107241 0.884357 0.002072
3 3 0.004944 0.006217 0.115140 0.870681 0.003019
3 3 0.000843 0.001563 0.066319 0.930716 0.000558
3 3 0.001487 0.001708 0.066759 0.929415 0.000631
3 3 0.002724 0.023602 0.418027 0.541388 0.014258
2 3 0.001297 0.024281 0.565909 0.394256 0.014257
3 3 0.002023 0.015423 0.369694 0.608930 0.003930
3 3 0.001171 0.009436 0.320142 0.665794 0.003457
3 3 0.002260 0.012971 0.281385 0.698304 0.005080
3 3 0.002358 0.013655 0.324152 0.656138 0.003696
3 3 0.001223 0.015910 0.431320 0.545784 0.005763
3 3 0.001413 0.008477 0.248983 0.738707 0.002420
2 3 0.029753 0.098107 0.519383 0.300447 0.052310
0 1 0.466305 0.181875 0.150582 0.153980 0.047258
2 1 0.021927 0.261162 0.598169 0.023775 0.094967
2 2 0.017201 0.273738 0.636167 0.015452 0.057444
2 2 0.002114 0.073325 0.919459 0.000696 0.004406
2 2 0.001254 0.048041 0.934518 0.015157 0.001031
2 2 0.000343 0.019914 0.978446 0.000492 0.000805
2 2 0.002308 0.076592 0.912384 0.005105 0.003611
2 2 0.111327 0.318143 0.484755 0.049801 0.035975
2 2 0.018180 0.163195 0.791548 0.010409 0.016668
2 2 0.000005 0.011569 0.984125 0.000003 0.004299
2 2 0.000002 0.010216 0.987337 0.000002 0.002441
2 2 0.001445 0.087467 0.885559 0.000407 0.025122
2 2 0.000353 0.075271 0.909005 0.000121 0.015250
2 2 0.000008 0.017853 0.979406 0.000028 0.002705
2 2 0.000005 0.016837 0.979168 0.000001 0.003989
2 2 0.000016 0.021397 0.972453 0.000008 0.006126
2 2 0.000044 0.031317 0.958206 0.000024 0.010410
2 2 0.000023 0.038652 0.953225 0.000007 0.008092
2 2 0.000016 0.024531 0.961499 0.000003 0.013950
2 2 0.000008 0.014131 0.981040 0.000010 0.004810
2 2 0.000166 0.047799 0.942156 0.000445 0.009434
2 2 0.001844 0.081975 0.890097 0.001504 0.024581
2 2 0.000054 0.045056 0.936002 0.000001 0.018888
2 2 0.000127 0.067510 0.914746 0.000011 0.017606
2 2 0.000008 0.023888 0.966962 0.000001 0.009141
2 2 0.000024 0.024686 0.966449 0.000026 0.008815
2 2 0.000067 0.032453 0.961022 0.000473 0.005985
2 2 0.000007 0.011304 0.987645 0.000253 0.000790
2 2 0.000005 0.008698 0.989446 0.000065 0.001787
2 2 0.000057 0.027443 0.966665 0.000196 0.005639
2 2 0.000109 0.038483 0.956452 0.000454 0.004502
2 2 0.000502 0.070740 0.912407 0.000410 0.015941
2 2 0.000268 0.067393 0.922075 0.000135 0.010129
2 2 0.000092 0.090202 0.835417 0.000001 0.074289
2 2 0.001041 0.152384 0.795713 0.000317 0.050546
2 2 0.000173 0.100641 0.827809 0.000035 0.071342
2 2 0.000084 0.071917 0.786887 0.000001 0.141111
2 2 0.000025 0.048662 0.765229 0.000001 0.186084
2 2 0.000389 0.142289 0.623553 0.000003 0.233766
2 2 0.000245 0.066004 0.582116 0.000026 0.351608
4 2 0.000565 0.139020 0.408612 0.000004 0.451799
4 2 0.004183 0.049553 0.011308 0.000000 0.934955
4 2 0.001240 0.034133 0.011325 0.000000 0.953303
4 2 0.037107 0.292474 0.247961 0.002858 0.419600
1 1 0.303192 0.322574 0.155336 0.004943 0.213955
1 2 0.088935 0.621023 0.210602 0.000049 0.079391
1 1 0.196781 0.454499 0.196036 0.002150 0.150534
2 2 0.000169 0.077727 0.913122 0.000015 0.008966
2 2 0.000032 0.039142 0.954185 0.000002 0.006639
2 2 0.000119 0.066052 0.905897 0.000001 0.027930
2 2 0.000169 0.096872 0.892738 0.000003 0.010217
2 2 0.000421 0.095503 0.893464 0.000015 0.010598
2 2 0.000541 0.093131 0.883948 0.000010 0.022370
2 2 0.000149 0.070573 0.917544 0.000003 0.011731
2 2 0.000057 0.054536 0.927298 0.000000 0.018109
2 2 0.000100 0.054452 0.930154 0.000002 0.015292
2 2 0.000049 0.042961 0.951223 0.000004 0.005764
2 2 0.000125 0.075787 0.909613 0.000007 0.014467
2 2 0.000150 0.070849 0.894671 0.000001 0.034329
2 2 0.000022 0.040326 0.924053 0.000000 0.035600
2 2 0.000030 0.059488 0.890484 0.000000 0.049998
2 2 0.000041 0.028422 0.959270 0.000034 0.012232
2 2 0.000086 0.050868 0.931576 0.000009 0.017462
2 2 0.000192 0.066748 0.884377 0.000002 0.048681
2 2 0.001096 0.115629 0.862710 0.000423 0.020142
2 2 0.000140 0.041872 0.952358 0.000060 0.005569
2 2 0.000122 0.044955 0.953760 0.000098 0.001065
2 2 0.000012 0.023188 0.971965 0.000003 0.004832
2 2 0.000018 0.022752 0.970143 0.000003 0.007084
2 2 0.000060 0.057840 0.929293 0.000005 0.012802
2 2 0.000043 0.051827 0.934261 0.000002 0.013867
2 2 0.000042 0.029623 0.963795 0.000011 0.006529
2 2 0.000096 0.050042 0.941464 0.000013 0.008384
2 2 0.000106 0.048798 0.944315 0.000139 0.006643
2 2 0.000579 0.103215 0.877018 0.000249 0.018939
2 2 0.001216 0.145372 0.837177 0.000157 0.016079
2 2 0.000133 0.064029 0.902343 0.000002 0.033493
2 2 0.000419 0.072192 0.918499 0.000034 0.008857
2 2 0.012855 0.121825 0.858965 0.001981 0.004375
2 1 0.160038 0.359410 0.410914 0.013417 0.056221
2 2 0.133908 0.337631 0.484865 0.005932 0.037663
0 0 0.797546 0.162874 0.020002 0.000006 0.019571
0 0 0.694952 0.234894 0.037944 0.000033 0.032177
0 1 0.651828 0.281161 0.029342 0.000004 0.037664
0 0 0.831614 0.116098 0.022939 0.000214 0.029135
0 0 0.610848 0.311840 0.026575 0.000002 0.050735
1 1 0.287938 0.544383 0.098886 0.000041 0.068751
0 1 0.471546 0.401125 0.079569 0.000067 0.047693
0 0 0.665110 0.257161 0.044164 0.000040 0.033526
1 0 0.374995 0.481129 0.081124 0.000034 0.062718
1 1 0.177348 0.581526 0.149711 0.000087 0.091328
1 1 0.253492 0.565872 0.115920 0.000058 0.064658
0 0 0.475342 0.375993 0.065511 0.000095 0.083059
1 0 0.446768 0.458664 0.044915 0.000002 0.049651
1 0 0.407498 0.468978 0.066987 0.000014 0.056523
1 0 0.116924 0.624209 0.153811 0.000012 0.105044
1 1 0.075915 0.546047 0.170930 0.000024 0.207084
2 1 0.000853 0.137393 0.846955 0.000011 0.014787
2 2 0.000228 0.085714 0.893949 0.000002 0.020107
2 2 0.000532 0.100764 0.889912 0.000039 0.008752
2 2 0.000321 0.085211 0.897462 0.000001 0.017005
2 2 0.000012 0.022042 0.969708 0.000000 0.008238
2 2 0.000046 0.051175 0.937462 0.000000 0.011317
2 2 0.000119 0.064034 0.900587 0.000001 0.035260
2 2 0.000034 0.042011 0.950579 0.000001 0.007375
2 2 0.000003 0.013117 0.982335 0.000000 0.004545
2 2 0.000007 0.023314 0.970232 0.000000 0.006448
2 2 0.000038 0.054954 0.917578 0.000000 0.027431
2 2 0.000026 0.048251 0.930128 0.000000 0.021594
2 2 0.000022 0.041573 0.933427 0.000000 0.024978
2 2 0.000026 0.039861 0.944999 0.000001 0.015114
2 2 0.000052 0.035130 0.960224 0.000007 0.004586
2 2 0.000012 0.018022 0.975746 0.000002 0.006219
2 2 0.000021 0.021022 0.974888 0.000002 0.004067
2 2 0.000006 0.009638 0.989814 0.000037 0.000506
2 2 0.000062 0.057888 0.914759 0.000001 0.027291
2 2 0.000015 0.033506 0.953501 0.000001 0.012978
2 2 0.000014 0.020208 0.977345 0.000066 0.002367
2 2 0.000011 0.021949 0.971150 0.000001 0.006889
2 2 0.000004 0.010406 0.986849 0.000014 0.002727
2 2 0.000013 0.018325 0.976745 0.000007 0.004909
2 2 0.000033 0.040864 0.940394 0.000001 0.018708
2 2 0.000021 0.032707 0.957662 0.000006 0.009605
2 2 0.000018 0.019638 0.974670 0.000008 0.005666
2 2 0.000088 0.023348 0.972452 0.000208 0.003904
2 2 0.000009 0.023776 0.969859 0.000000 0.006356
2 2 0.000012 0.016973 0.980340 0.000025 0.002649
2 2 0.000014 0.022675 0.961515 0.000004 0.015791
2 2 0.000053 0.035953 0.939631 0.000005 0.024358
2 2 0.000045 0.031668 0.963785 0.000174 0.004328
2 2 0.000018 0.023598 0.969756 0.000033 0.006594
2 2 0.000085 0.041744 0.949978 0.000231 0.007962
2 2 0.000017 0.020086 0.973466 0.000036 0.006395
2 2 0.000012 0.016511 0.981377 0.000076 0.002024
2 2 0.000005 0.011364 0.986815 0.000075 0.001741
2 2 0.012216 0.062865 0.827835 0.082551 0.014533
2 2 0.002332 0.108234 0.884675 0.000403 0.004356
2 2 0.000132 0.025538 0.970319 0.000111 0.003901
2 2 0.000040 0.019436 0.976277 0.000075 0.004171
2 2 0.000017 0.020877 0.973605 0.000005 0.005496
2 2 0.000071 0.044274 0.950919 0.000014 0.004721
2 2 0.000026 0.019481 0.978051 0.000072 0.002369
2 2 0.000249 0.035800 0.959606 0.000600 0.003745
2 2 0.000013 0.018329 0.980183 0.000120 0.001355
2 2 0.000002 0.007140 0.992005 0.000016 0.000838
2 2 0.000066 0.032698 0.958463 0.000008 0.008764
2 2 0.000027 0.019542 0.977392 0.000265 0.002773
2 2 0.000071 0.046134 0.945187 0.000043 0.008566
2 2 0.000082 0.047710 0.941249 0.000043 0.010916
2 2 0.000001 0.000902 0.991469 0.007610 0.000017
2 2 0.000027 0.004913 0.984639 0.010259 0.000162
2 2 0.000003 0.006831 0.991783 0.000169 0.001214
2 2 0.000009 0.011056 0.986533 0.000478 0.001925
2 2 0.000003 0.005931 0.993419 0.000336 0.000311
2 2 0.000006 0.006883 0.992022 0.000152 0.000936
2 2 0.000015 0.011242 0.983211 0.002742 0.002789
2 2 0.000030 0.011065 0.982539 0.004861 0.001505
2 2 0.000014 0.013430 0.982967 0.000675 0.002914
2 2 0.000057 0.011231 0.980236 0.005909 0.002567
2 3 0.000131 0.025194 0.953363 0.016625 0.004688
2 3 0.000054 0.009782 0.971788 0.017130 0.001245
2 3 0.000006 0.009581 0.989082 0.000251 0.001080
2 3 0.000072 0.004996 0.938851 0.055542 0.000539
2 3 0.000009 0.010658 0.986821 0.000838 0.001674
2 3 0.000003 0.007107 0.991372 0.000314 0.001204
2 3 0.000033 0.008213 0.974588 0.015863 0.001303
2 3 0.000196 0.011143 0.916063 0.071689 0.000909
2 3 0.000021 0.013626 0.980513 0.002554 0.003286
2 3 0.000012 0.009914 0.985514 0.001738 0.002822
2 3 0.000116 0.013578 0.963620 0.021127 0.001559
2 3 0.000781 0.021703 0.775557 0.196588 0.005370
2 3 0.000402 0.014469 0.826553 0.156677 0.001899
2 3 0.000878 0.013904 0.636215 0.342851 0.006152
2 3 0.000044 0.022906 0.974622 0.001095 0.001333
2 2 0.000008 0.008847 0.988749 0.000470 0.001925
2 2 0.000010 0.005471 0.993363 0.000910 0.000246
2 2 0.001188 0.025015 0.919171 0.052941 0.001684
2 2 0.000041 0.014275 0.983224 0.000464 0.001996
2 2 0.000023 0.015842 0.981002 0.000178 0.002955
2 2 0.000522 0.071598 0.919850 0.002278 0.005752
2 2 0.000133 0.053251 0.939437 0.000023 0.007155
2 2 0.000072 0.019608 0.979377 0.000529 0.000414
2 2 0.000625 0.034220 0.962910 0.000401 0.001844
2 2 0.000003 0.009212 0.990082 0.000001 0.000701
2 2 0.000007 0.014303 0.984379 0.000001 0.001310
2 2 0.000985 0.072885 0.919625 0.000412 0.006093
2 2 0.000307 0.060906 0.931188 0.000215 0.007383
2 2 0.001211 0.042513 0.953534 0.000447 0.002295
2 2 0.013980 0.091484 0.886059 0.007026 0.001452
2 2 0.005188 0.245720 0.695481 0.002305 0.051306
2 2 0.000868 0.088426 0.823356 0.000038 0.087312
2 2 0.000121 0.065127 0.899114 0.000004 0.035634
2 2 0.000033 0.050202 0.931407 0.000001 0.018357
2 2 0.000119 0.081429 0.761751 0.000004 0.156697
2 4 0.000261 0.088357 0.634628 0.000072 0.276682
4 4 0.007592 0.076489 0.012674 0.000000 0.903246
4 4 0.005273 0.036551 0.007457 0.000000 0.950719
4 4 0.005948 0.017477 0.001810 0.000000 0.974765
4 4 0.004989 0.006825 0.000531 0.000000 0.987656
4 4 0.009085 0.010306 0.001129 0.000000 0.979481
4 4 0.007431 0.011732 0.001393 0.000000 0.979444
4 4 0.007695 0.024276 0.003479 0.000000 0.964549
4 4 0.007705 0.045747 0.009868 0.000000 0.936680
4 4 0.005054 0.024808 0.003226 0.000000 0.966912
4 4 0.002938 0.033854 0.006682 0.000000 0.956527
4 4 0.019778 0.008858 0.000714 0.000001 0.970649
4 4 0.024261 0.008263 0.000647 0.000001 0.966828
4 4 0.006244 0.031372 0.006268 0.000000 0.956116
4 4 0.012327 0.034073 0.007900 0.000008 0.945693
4 4 0.013103 0.028454 0.003510 0.000000 0.954932
4 4 0.007636 0.035677 0.007360 0.000001 0.949326
4 4 0.023725 0.013948 0.000591 0.000000 0.961736
4 4 0.009961 0.016113 0.001567 0.000000 0.972358
4 4 0.081305 0.008706 0.000511 0.000001 0.909477
4 4 0.051764 0.007141 0.000335 0.000000 0.940760
4 4 0.028321 0.017735 0.000913 0.000000 0.953031
4 4 0.012817 0.007418 0.000765 0.000001 0.978999
4 4 0.041450 0.005255 0.000229 0.000000 0.953066
4 4 0.028561 0.007219 0.000457 0.000001 0.963762
4 4 0.067817 0.035338 0.002030 0.000000 0.894816
4 4 0.057291 0.012893 0.000664 0.000000 0.929151
4 4 0.034129 0.006570 0.000288 0.000000 0.959013
4 4 0.020163 0.015884 0.001799 0.000002 0.962152
4 4 0.016283 0.018785 0.001540 0.000000 0.963392
4 4 0.020624 0.029129 0.002747 0.000000 0.947501
4 4 0.009243 0.021204 0.001897 0.000000 0.967657
4 4 0.005905 0.035389 0.007025 0.000000 0.951681
4 4 0.005991 0.175626 0.086013 0.000002 0.732367
4 4 0.005837 0.138744 0.061389 0.000002 0.794027
4 4 0.003384 0.098622 0.046569 0.000001 0.851424
4 4 0.004860 0.126300 0.056994 0.000001 0.811845
4 4 0.013235 0.021657 0.002431 0.000000 0.962677
4 4 0.029214 0.096331 0.010598 0.000000 0.863857
4 4 0.005113 0.032426 0.004469 0.000000 0.957993
4 4 0.006667 0.039150 0.004126 0.000000 0.950056
4 4 0.008243 0.055399 0.008535 0.000000 0.927823
4 4 0.002481 0.058308 0.019580 0.000000 0.919630
4 4 0.005999 0.127982 0.050022 0.000001 0.815996
4 4 0.004667 0.106595 0.033331 0.000000 0.855407
4 4 0.002288 0.095555 0.061369 0.000001 0.840787
4 4 0.006270 0.103715 0.030568 0.000000 0.859447
4 4 0.006485 0.145875 0.043420 0.000000 0.804220
4 4 0.004718 0.103929 0.035400 0.000000 0.855953
4 4 0.002220 0.130780 0.170959 0.000025 0.696017
4 4 0.003270 0.148799 0.115675 0.000004 0.732253
4 4 0.000862 0.122501 0.324810 0.000030 0.551797
4 4 0.002398 0.154697 0.318859 0.000135 0.523911
1 0 0.191271 0.491597 0.109881 0.000067 0.207183
1 1 0.091043 0.474034 0.149875 0.000075 0.284973
4 1 0.000924 0.189610 0.367486 0.000001 0.441979
2 2 0.000697 0.142834 0.500386 0.000024 0.356059
2 2 0.000173 0.116598 0.684596 0.000001 0.198631
2 2 0.000371 0.134857 0.742651 0.000051 0.122070
2 2 0.000009 0.030762 0.948237 0.000001 0.020991
2 2 0.000013 0.037218 0.950012 0.000002 0.012755
2 2 0.000051 0.052501 0.907814 0.000017 0.039617
2 2 0.000069 0.079850 0.882235 0.000006 0.037839
2 2 0.000026 0.038259 0.942639 0.000008 0.019068
2 2 0.000003 0.023038 0.961706 0.000000 0.015254
2 2 0.000012 0.028704 0.947730 0.000001 0.023553
2 2 0.000045 0.050868 0.925823 0.000030 0.023235
2 2 0.000012 0.038450 0.941704 0.000000 0.019834
2 2 0.000002 0.022953 0.963232 0.000000 0.013812
2 2 0.000002 0.010934 0.982520 0.000000 0.006543
2 2 0.000001 0.007386 0.989029 0.000000 0.003585
2 2 0.000001 0.007298 0.991441 0.000003 0.001257
2 2 0.000014 0.025044 0.962789 0.000000 0.012154
2 2 0.000007 0.015235 0.972421 0.000002 0.012335
2 2 0.000002 0.013906 0.976452 0.000000 0.009640
2 2 0.000001 0.007147 0.988567 0.000000 0.004286
2 2 0.000000 0.007639 0.989398 0.000000 0.002962
2 2 0.000000 0.001223 0.998544 0.000002 0.000232
2 2 0.000000 0.004307 0.993212 0.000000 0.002481
2 2 0.000012 0.025619 0.962847 0.000004 0.011518
2 2 0.000004 0.021894 0.961494 0.000000 0.016607
2 2 0.000003 0.010654 0.982321 0.000005 0.007017
2 2 0.000008 0.017390 0.974957 0.000006 0.007639
2 2 0.000000 0.002301 0.997298 0.000000 0.000400
2 2 0.000000 0.005545 0.989587 0.000000 0.004868
2 2 0.000001 0.008106 0.989423 0.000000 0.002470
2 2 0.000002 0.008531 0.982698 0.000001 0.008769
2 2 0.000000 0.003356 0.995704 0.000020 0.000921
2 2 0.000003 0.009172 0.986814 0.000010 0.004002
2 2 0.000006 0.014773 0.976134 0.000009 0.009079
2 2 0.000004 0.013079 0.980945 0.000003 0.005970
2 2 0.000001 0.006418 0.992172 0.000010 0.001399
2 2 0.000004 0.007516 0.990842 0.000032 0.001607
2 2 0.000001 0.004528 0.994111 0.000056 0.001305
2 2 0.000016 0.004309 0.992019 0.001170 0.002487
2 2 0.000001 0.005804 0.992626 0.000017 0.001552
2 2 0.000001 0.005001 0.991213 0.000092 0.003692
2 2 0.000002 0.005508 0.992813 0.000394 0.001282
2 2 0.000002 0.004079 0.994172 0.000472 0.001275
2 3 0.000012 0.006016 0.983668 0.007867 0.002436
2 3 0.000034 0.006477 0.984029 0.007491 0.001969
2 3 0.000014 0.012877 0.983723 0.000635 0.002751
2 3 0.000008 0.008138 0.987207 0.002190 0.002457
2 3 0.000098 0.007397 0.933430 0.058405 0.000671
2 3 0.000020 0.003429 0.954221 0.041943 0.000387
2 3 0.000033 0.006975 0.972720 0.017768 0.002504
2 3 0.000013 0.003356 0.963886 0.031101 0.001644
2 3 0.000031 0.005666 0.941906 0.051431 0.000966
2 3 0.000035 0.004348 0.923982 0.070704 0.000931
2 3 0.000167 0.014013 0.879968 0.094066 0.011786
2 3 0.000226 0.012103 0.812406 0.167561 0.007705
2 3 0.000046 0.003803 0.817599 0.177158 0.001394
2 3 0.000037 0.004188 0.886630 0.108066 0.001079
2 3 0.000044 0.004400 0.838042 0.156867 0.000647
2 3 0.000054 0.002910 0.708681 0.287618 0.000736
3 3 0.000128 0.002822 0.466976 0.529411 0.000662
2 3 0.000066 0.003474 0.729968 0.265525 0.000968
2 3 0.000039 0.002530 0.754668 0.242361 0.000402
2 3 0.000030 0.002595 0.813431 0.183699 0.000245
2 3 0.002001 0.039569 0.761227 0.174834 0.022370
2 3 0.000208 0.012903 0.942185 0.043842 0.000862
2 3 0.000004 0.009769 0.987966 0.000025 0.002237
2 3 0.000004 0.010643 0.987355 0.000026 0.001971
2 3 0.000044 0.004553 0.990034 0.004492 0.000877
2 3 0.000041 0.006267 0.967301 0.025566 0.000825
2 3 0.000058 0.004839 0.918187 0.075805 0.001111
2 3 0.000036 0.009083 0.964573 0.024594 0.001715
2 3 0.000541 0.008846 0.613715 0.376030 0.000868
2 3 0.000424 0.010351 0.729671 0.258469 0.001085
2 3 0.000021 0.001382 0.837285 0.161205 0.000107
2 3 0.000060 0.002242 0.593352 0.403955 0.000391
2 3 0.000073 0.009606 0.941196 0.047348 0.001778
2 3 0.000017 0.006544 0.985157 0.007574 0.000709
2 3 0.000065 0.002122 0.768740 0.228909 0.000165
2 3 0.000040 0.002038 0.797380 0.200436 0.000106
2 3 0.000478 0.010358 0.647535 0.338471 0.003158
2 3 0.000210 0.007350 0.813988 0.177719 0.000732
2 3 0.001376 0.015159 0.517281 0.462933 0.003251
2 3 0.000437 0.007333 0.628085 0.362722 0.001423
3 3 0.000297 0.003877 0.401642 0.593678 0.000505
3 3 0.000544 0.006970 0.414967 0.575868 0.001651
2 3 0.000242 0.004394 0.540406 0.454439 0.000519
3 3 0.000714 0.006662 0.379742 0.610879 0.002004
2 2 0.011797 0.121536 0.741599 0.086827 0.038241
2 2 0.092600 0.231014 0.629691 0.026513 0.020183
2 2 0.016288 0.396100 0.530423 0.001683 0.055507
2 2 0.002422 0.194753 0.747751 0.000052 0.055022
2 2 0.000293 0.079125 0.855234 0.000005 0.065344
2 2 0.000340 0.114066 0.835766 0.000004 0.049824
2 2 0.001382 0.200733 0.733283 0.000002 0.064599
2 2 0.002776 0.239827 0.708785 0.000008 0.048605
2 2 0.000026 0.029560 0.966983 0.000001 0.003431
2 2 0.000020 0.023799 0.974599 0.000003 0.001579
2 2 0.000025 0.021648 0.976256 0.000003 0.002068
2 2 0.000007 0.014672 0.984315 0.000003 0.001003
2 2 0.000526 0.093694 0.897426 0.000007 0.008348
2 2 0.000150 0.046499 0.948959 0.000065 0.004327
2 2 0.000410 0.091345 0.882116 0.000006 0.026124
2 2 0.001018 0.129216 0.854056 0.000104 0.015605
2 2 0.000052 0.041684 0.949931 0.000000 0.008332
2 2 0.000062 0.033634 0.959660 0.000002 0.006642
2 2 0.000275 0.028153 0.969888 0.000184 0.001501
2 2 0.000051 0.028526 0.969642 0.000005 0.001776
2 2 0.000078 0.060804 0.925721 0.000002 0.013395
2 2 0.000071 0.056468 0.924641 0.000001 0.018819
2 2 0.000208 0.079656 0.906401 0.000001 0.013734
2 2 0.001461 0.154473 0.832871 0.000163 0.011031
