0 0 0.619202 0.175349 0.015584 0.000000 0.189865
0 0 0.895872 0.037888 0.010611 0.000203 0.055426
0 0 0.966068 0.007373 0.000863 0.000000 0.025695
0 0 0.976191 0.007025 0.000833 0.000001 0.015951
0 0 0.980723 0.011855 0.002077 0.000066 0.005280
0 0 0.969859 0.009039 0.001211 0.000002 0.019889
0 0 0.813778 0.125002 0.022348 0.000036 0.038837
0 0 0.829329 0.078289 0.024237 0.000506 0.067639
0 0 0.902292 0.055682 0.008344 0.000008 0.033674
0 0 0.958951 0.026250 0.003824 0.000015 0.010960
0 0 0.902545 0.072928 0.007822 0.000002 0.016702
0 1 0.823337 0.131589 0.015437 0.000003 0.029634
0 1 0.906282 0.060113 0.005784 0.000001 0.027820
0 1 0.897826 0.048110 0.005685 0.000001 0.048379
0 1 0.554756 0.306179 0.053337 0.000014 0.085714
0 1 0.878929 0.074049 0.013975 0.000045 0.033002
1 1 0.387784 0.410735 0.112699 0.000218 0.088565
1 1 0.239223 0.642953 0.077262 0.000002 0.040560
1 1 0.175678 0.695001 0.082781 0.000001 0.046539
1 1 0.102943 0.673658 0.151783 0.000018 0.071599
1 1 0.045777 0.636497 0.213275 0.000050 0.104402
1 1 0.043484 0.627279 0.265498 0.000401 0.063338
1 1 0.048339 0.537453 0.315951 0.007908 0.090349
1 1 0.033564 0.542815 0.304791 0.002046 0.116783
1 2 0.033418 0.553953 0.297895 0.001230 0.113503
1 2 0.018580 0.477498 0.367378 0.016679 0.119864
1 2 0.024548 0.563205 0.267435 0.000654 0.144159
1 2 0.034377 0.498467 0.235649 0.000614 0.230892
2 2 0.004923 0.165510 0.797346 0.001523 0.030698
2 2 0.009860 0.236185 0.703051 0.001850 0.049055
2 2 0.007988 0.121673 0.804395 0.007180 0.058764
2 2 0.010013 0.144770 0.771282 0.001154 0.072781
2 2 0.001477 0.062993 0.920627 0.003932 0.010971
2 2 0.000810 0.025599 0.940769 0.009461 0.023362
2 2 0.012873 0.346045 0.570326 0.001195 0.069560
2 2 0.003486 0.086882 0.822839 0.003525 0.083269
2 2 0.001088 0.028824 0.903135 0.019768 0.047186
2 2 0.002397 0.074128 0.831589 0.018143 0.073742
2 2 0.001698 0.047052 0.885404 0.001198 0.064648
2 2 0.001675 0.031957 0.913642 0.018640 0.034086
2 2 0.001078 0.036439 0.938688 0.007672 0.016123
2 3 0.000961 0.019949 0.902442 0.032128 0.044518
2 3 0.000196 0.007073 0.916928 0.069322 0.006481
2 3 0.000200 0.009909 0.907028 0.078229 0.004634
2 3 0.000061 0.001797 0.699688 0.297624 0.000830
2 3 0.000075 0.005345 0.891683 0.101470 0.001428
2 3 0.000017 0.002173 0.910463 0.086397 0.000948
2 3 0.000017 0.000780 0.511142 0.487948 0.000113
2 3 0.000072 0.003477 0.754095 0.240703 0.001654
3 3 0.000044 0.001210 0.458611 0.539737 0.000398
3 3 0.000001 0.000186 0.376835 0.622912 0.000066
3 3 0.000003 0.000080 0.105210 0.894692 0.000015
3 3 0.000011 0.000077 0.096735 0.903165 0.000012
3 3 0.000007 0.000393 0.211146 0.788212 0.000241
3 3 0.000007 0.000136 0.063540 0.936130 0.000187
3 3 0.000009 0.000111 0.064317 0.935523 0.000039
3 3 0.000000 0.000013 0.180064 0.819922 0.000002
3 3 0.000001 0.000033 0.139386 0.860577 0.000003
3 3 0.000001 0.000012 0.100895 0.899093 0.000000
3 3 0.000000 0.000003 0.047131 0.952865 0.000000
3 3 0.000000 0.000006 0.137429 0.862565 0.000000
3 3 0.000000 0.000000 0.013637 0.986363 0.000000
3 3 0.000000 0.000002 0.164859 0.835138 0.000000
3 3 0.000000 0.000001 0.028411 0.971588 0.000000
3 3 0.000000 0.000008 0.079514 0.920478 0.000001
3 3 0.000000 0.000000 0.021867 0.978133 0.000000
3 3 0.000424 0.002076 0.171535 0.823393 0.002572
2 2 0.046858 0.238563 0.576023 0.025979 0.112577
2 2 0.000001 0.000429 0.768810 0.230729 0.000031
2 3 0.000001 0.000134 0.673335 0.326522 0.000008
3 3 0.000016 0.000846 0.367438 0.631159 0.000541
3 3 0.000047 0.000376 0.110634 0.888790 0.000153
3 3 0.000004 0.000072 0.152994 0.846924 0.000005
3 3 0.000000 0.000006 0.126701 0.873292 0.000000
3 3 0.000000 0.000014 0.157352 0.842632 0.000001
3 3 0.000001 0.000031 0.114863 0.885101 0.000005
3 3 0.000000 0.000000 0.010300 0.989699 0.000000
3 3 0.000001 0.000006 0.026591 0.973402 0.000000
3 3 0.000000 0.000002 0.025152 0.974846 0.000000
3 3 0.000001 0.000012 0.071021 0.928965 0.000000
3 3 0.000000 0.000004 0.026391 0.973604 0.000001
3 3 0.000000 0.000004 0.039519 0.960476 0.000000
3 3 0.000000 0.000000 0.010012 0.989988 0.000000
3 3 0.000000 0.000000 0.014694 0.985306 0.000000
3 3 0.000000 0.000001 0.010202 0.989797 0.000000
3 3 0.000000 0.000001 0.021150 0.978849 0.000000
3 3 0.000000 0.000002 0.020878 0.979120 0.000000
3 3 0.000000 0.000002 0.026528 0.973470 0.000000
3 3 0.000000 0.000002 0.026911 0.973087 0.000000
3 3 0.000000 0.000001 0.036093 0.963906 0.000000
3 3 0.000000 0.000001 0.008899 0.991100 0.000000
3 3 0.000000 0.000002 0.026083 0.973915 0.000000
3 3 0.000000 0.000001 0.010258 0.989740 0.000000
3 3 0.000000 0.000001 0.005447 0.994553 0.000000
3 3 0.000000 0.000004 0.047813 0.952182 0.000000
3 3 0.000000 0.000001 0.014432 0.985566 0.000000
3 3 0.000000 0.000001 0.010366 0.989633 0.000000
3 3 0.000000 0.000003 0.046567 0.953430 0.000000
3 3 0.000000 0.000001 0.024232 0.975767 0.000000
3 3 0.000000 0.000002 0.025343 0.974655 0.000000
3 3 0.000000 0.000000 0.009177 0.990823 0.000000
3 3 0.000000 0.000003 0.068960 0.931037 0.000000
3 3 0.000000 0.000001 0.014914 0.985085 0.000000
3 3 0.000000 0.000001 0.013383 0.986617 0.000000
3 3 0.000000 0.000001 0.016220 0.983779 0.000000
3 3 0.000000 0.000002 0.008730 0.991268 0.000000
3 3 0.000000 0.000001 0.019826 0.980173 0.000000
3 3 0.000000 0.000004 0.025497 0.974499 0.000000
2 3 0.071729 0.055973 0.575171 0.279520 0.017606
3 3 0.002205 0.027677 0.322145 0.619690 0.028283
3 3 0.000068 0.001466 0.235336 0.762424 0.000706
3 3 0.000029 0.002720 0.404326 0.592236 0.000689
2 3 0.000105 0.005001 0.710319 0.283978 0.000598
2 3 0.000054 0.003020 0.559939 0.436388 0.000600
3 3 0.000001 0.000214 0.460950 0.538820 0.000014
3 3 0.000002 0.000086 0.237603 0.762306 0.000004
3 3 0.000136 0.001068 0.343747 0.654967 0.000082
3 3 0.000046 0.000754 0.257802 0.741286 0.000112
3 3 0.000211 0.001700 0.227310 0.770564 0.000215
3 3 0.000008 0.000286 0.117621 0.881980 0.000105
3 3 0.000004 0.000064 0.061162 0.938763 0.000008
3 3 0.000000 0.000010 0.039085 0.960903 0.000001
3 3 0.000002 0.000089 0.063864 0.936030 0.000015
3 3 0.000001 0.000016 0.032583 0.967398 0.000002
3 3 0.000005 0.000107 0.159300 0.840584 0.000004
3 3 0.000001 0.000008 0.029794 0.970197 0.000000
3 3 0.000001 0.000022 0.035258 0.964716 0.000003
3 3 0.000000 0.000100 0.157661 0.842224 0.000014
3 3 0.000000 0.000009 0.070169 0.929821 0.000000
3 3 0.000003 0.000040 0.042169 0.957784 0.000005
3 3 0.000000 0.000002 0.017256 0.982742 0.000000
3 3 0.000005 0.000039 0.042777 0.957176 0.000003
3 3 0.000000 0.000001 0.009908 0.990090 0.000000
3 3 0.000000 0.000003 0.015396 0.984600 0.000000
3 3 0.000000 0.000001 0.018751 0.981247 0.000000
3 3 0.000007 0.000059 0.147146 0.852788 0.000001
3 3 0.000000 0.000004 0.013691 0.986304 0.000000
3 3 0.000000 0.000002 0.009992 0.990005 0.000000
3 3 0.000000 0.000002 0.010239 0.989759 0.000000
3 3 0.000000 0.000012 0.048521 0.951466 0.000001
3 3 0.000001 0.000008 0.029153 0.970838 0.000000
3 3 0.000000 0.000001 0.007894 0.992105 0.000000
3 3 0.000002 0.000015 0.060545 0.939437 0.000000
3 3 0.000001 0.000005 0.014681 0.985313 0.000000
3 3 0.000000 0.000002 0.014407 0.985591 0.000000
3 3 0.000000 0.000007 0.034838 0.965155 0.000000
3 3 0.000001 0.000003 0.017832 0.982165 0.000000
3 3 0.000000 0.000010 0.046682 0.953307 0.000001
3 3 0.000000 0.000003 0.011844 0.988152 0.000000
3 3 0.000002 0.000016 0.032212 0.967768 0.000002
3 3 0.000001 0.000027 0.032374 0.967594 0.000003
3 3 0.000001 0.000014 0.012310 0.987671 0.000004
3 3 0.000000 0.000001 0.018153 0.981846 0.000000
3 3 0.000000 0.000004 0.035008 0.964988 0.000000
3 3 0.000000 0.000002 0.015819 0.984179 0.000000
3 3 0.000000 0.000002 0.007413 0.992585 0.000000
3 3 0.000000 0.000014 0.127433 0.872551 0.000002
3 3 0.000001 0.000006 0.016150 0.983843 0.000001
3 3 0.000000 0.000001 0.006462 0.993537 0.000000
3 3 0.000002 0.000006 0.014993 0.984999 0.000000
3 3 0.000000 0.000002 0.011941 0.988057 0.000000
3 3 0.000000 0.000005 0.034396 0.965599 0.000000
3 3 0.000001 0.000003 0.015174 0.984822 0.000000
3 3 0.000003 0.000013 0.039827 0.960156 0.000001
3 3 0.000000 0.000001 0.007946 0.992054 0.000000
3 3 0.000000 0.000001 0.006083 0.993916 0.000000
3 3 0.000000 0.000001 0.010806 0.989192 0.000000
3 3 0.000000 0.000001 0.010106 0.989893 0.000000
2 2 0.023706 0.101318 0.620031 0.224897 0.030049
2 2 0.000762 0.030690 0.500825 0.428921 0.038803
2 2 0.000214 0.027329 0.938724 0.021707 0.012026
2 2 0.000209 0.023026 0.949351 0.019499 0.007914
2 2 0.000061 0.020521 0.953452 0.006026 0.019941
2 2 0.000332 0.043256 0.925290 0.013084 0.018038
2 2 0.001200 0.142591 0.740219 0.005113 0.110877
2 2 0.001335 0.148779 0.768528 0.001613 0.079745
2 2 0.001790 0.225850 0.491506 0.000090 0.280765
2 2 0.001767 0.193418 0.507626 0.000211 0.296979
4 2 0.001803 0.082949 0.360901 0.003004 0.551343
2 2 0.002637 0.198514 0.454735 0.000617 0.343497
2 2 0.001891 0.206996 0.433711 0.000138 0.357264
4 2 0.001883 0.275311 0.323169 0.000014 0.399623
2 2 0.001047 0.247581 0.473468 0.000420 0.277484
2 2 0.001142 0.217802 0.525395 0.000540 0.255121
4 2 0.006861 0.269084 0.296985 0.000187 0.426883
2 2 0.018746 0.297027 0.350271 0.000238 0.333717
2 2 0.001437 0.241812 0.466143 0.000074 0.290534
2 2 0.001487 0.219096 0.560266 0.000111 0.219040
4 2 0.003019 0.259751 0.248588 0.000043 0.488599
4 2 0.001464 0.178729 0.285851 0.000109 0.533847
2 2 0.001948 0.321135 0.380736 0.000224 0.295957
2 2 0.001467 0.201377 0.452233 0.000082 0.344841
4 2 0.005373 0.294939 0.238361 0.000011 0.461316
4 2 0.001696 0.213064 0.351618 0.000107 0.433514
2 2 0.004209 0.223164 0.388679 0.000281 0.383668
4 2 0.002835 0.198683 0.361664 0.000451 0.436368
2 2 0.002335 0.244501 0.409101 0.000137 0.343926
2 2 0.002827 0.207256 0.480719 0.000434 0.308764
4 2 0.004451 0.239092 0.279925 0.000096 0.476436
4 2 0.019491 0.158990 0.208717 0.000692 0.612109
4 2 0.004114 0.300353 0.240135 0.000062 0.455336
2 2 0.080518 0.179320 0.380163 0.001757 0.358243
2 2 0.020184 0.416982 0.468683 0.000437 0.093714
2 2 0.000557 0.092600 0.791384 0.000500 0.114958
2 2 0.000494 0.068270 0.887856 0.002605 0.040774
2 2 0.000834 0.116503 0.851513 0.002145 0.029005
2 2 0.000024 0.010369 0.987190 0.000934 0.001483
2 2 0.000075 0.016368 0.977161 0.002678 0.003719
2 2 0.003671 0.117996 0.798602 0.004115 0.075616
2 2 0.057322 0.287557 0.573652 0.021465 0.060004
2 2 0.001063 0.067397 0.918629 0.000630 0.012280
2 2 0.001318 0.075316 0.910681 0.002106 0.010579
2 2 0.015087 0.202509 0.696977 0.010871 0.074556
2 2 0.005543 0.212667 0.729925 0.007004 0.044860
2 2 0.000145 0.011812 0.985824 0.000547 0.001672
2 2 0.000124 0.018490 0.976745 0.002678 0.001963
2 2 0.000087 0.013306 0.984312 0.000945 0.001350
2 2 0.000422 0.022013 0.974923 0.001707 0.000933
2 2 0.000013 0.002367 0.986314 0.011086 0.000220
2 2 0.000037 0.005655 0.979121 0.015005 0.000183
2 2 0.000321 0.030394 0.949733 0.013866 0.005686
2 2 0.000451 0.018252 0.952353 0.025812 0.003133
2 2 0.000029 0.008241 0.989667 0.001211 0.000852
2 2 0.000044 0.012663 0.973443 0.012904 0.000946
2 2 0.000075 0.009909 0.974132 0.013146 0.002737
2 2 0.000601 0.019490 0.955814 0.021902 0.002193
2 2 0.000531 0.025334 0.952547 0.017577 0.004011
2 2 0.000597 0.035722 0.932271 0.027416 0.003995
2 2 0.000112 0.008956 0.953931 0.033039 0.003962
2 2 0.001480 0.017290 0.952553 0.026982 0.001695
2 2 0.000058 0.008723 0.964537 0.025904 0.000779
2 2 0.000083 0.011414 0.946772 0.040167 0.001563
2 2 0.000622 0.025321 0.874215 0.093960 0.005882
2 2 0.000325 0.014293 0.935255 0.042616 0.007511
2 2 0.000205 0.010586 0.806226 0.180785 0.002198
2 2 0.000199 0.012161 0.799406 0.184959 0.003275
2 2 0.000013 0.002394 0.933758 0.063700 0.000136
2 2 0.000027 0.002630 0.810801 0.186122 0.000421
2 2 0.007169 0.042792 0.821921 0.092262 0.035857
2 1 0.073726 0.186895 0.627019 0.035849 0.076512
2 2 0.006031 0.159857 0.763606 0.025675 0.044831
2 2 0.000675 0.057569 0.866945 0.019418 0.055393
2 2 0.000008 0.001174 0.915685 0.082211 0.000922
2 2 0.000009 0.001656 0.978487 0.018630 0.001217
2 2 0.000091 0.011138 0.953638 0.020407 0.014727
2 2 0.000059 0.013568 0.969947 0.009000 0.007426
2 2 0.000100 0.011681 0.954030 0.025378 0.008811
2 2 0.000082 0.010338 0.918351 0.065586 0.005642
2 2 0.000115 0.006242 0.749700 0.240047 0.003895
2 2 0.000082 0.002889 0.751316 0.243273 0.002440
2 2 0.000068 0.010435 0.895545 0.086618 0.007334
2 2 0.000045 0.003814 0.832098 0.157517 0.006524
2 2 0.000008 0.001544 0.962718 0.034627 0.001102
2 2 0.000055 0.002315 0.645651 0.349542 0.002437
2 2 0.000033 0.001069 0.551176 0.447332 0.000390
2 2 0.000028 0.003165 0.816974 0.179060 0.000773
2 2 0.000027 0.002568 0.824026 0.171680 0.001699
2 2 0.000025 0.001743 0.877908 0.119218 0.001106
2 2 0.001130 0.023819 0.781575 0.163568 0.029909
3 2 0.000653 0.005796 0.325283 0.661772 0.006496
3 3 0.000065 0.001008 0.379550 0.618824 0.000554
2 3 0.000051 0.002000 0.540917 0.456254 0.000778
2 3 0.000008 0.000854 0.514158 0.484385 0.000594
2 3 0.000025 0.001677 0.735935 0.261763 0.000600
3 3 0.000225 0.001388 0.140916 0.856374 0.001097
3 3 0.000019 0.000358 0.093085 0.905582 0.000956
3 3 0.000080 0.000590 0.188076 0.811066 0.000189
3 3 0.000041 0.001618 0.424839 0.572177 0.001326
3 3 0.000018 0.000193 0.051215 0.948455 0.000119
3 3 0.000013 0.000512 0.212176 0.786707 0.000592
3 3 0.000068 0.003640 0.283028 0.707524 0.005740
3 3 0.000103 0.002189 0.266365 0.728730 0.002614
3 3 0.000061 0.001196 0.183775 0.813081 0.001886
3 3 0.000310 0.004227 0.255229 0.733090 0.007145
3 3 0.000196 0.002047 0.154537 0.840283 0.002938
3 3 0.000480 0.003284 0.102903 0.884821 0.008511
3 3 0.000005 0.000094 0.026971 0.972844 0.000086
3 3 0.000119 0.000454 0.030770 0.968445 0.000212
3 3 0.000001 0.000013 0.055113 0.944872 0.000001
3 3 0.000000 0.000003 0.023795 0.976201 0.000001
3 3 0.000004 0.000162 0.058473 0.941168 0.000192
3 3 0.000110 0.000334 0.050529 0.948944 0.000083
3 3 0.000004 0.000010 0.034501 0.965485 0.000000
3 3 0.000000 0.000011 0.035477 0.964507 0.000005
3 3 0.000002 0.000017 0.028236 0.971743 0.000002
3 3 0.000002 0.000120 0.051507 0.948268 0.000102
3 3 0.000005 0.000133 0.130914 0.868917 0.000031
3 3 0.000015 0.000142 0.039866 0.959908 0.000068
3 3 0.000020 0.000188 0.041097 0.958607 0.000087
3 3 0.000006 0.000086 0.028953 0.970907 0.000048
3 3 0.000001 0.000024 0.020995 0.978966 0.000013
3 3 0.000000 0.000027 0.042417 0.957542 0.000013
3 3 0.000006 0.000056 0.025793 0.974124 0.000021
3 3 0.000045 0.000219 0.037615 0.962045 0.000077
3 3 0.000000 0.000007 0.026141 0.973851 0.000001
3 3 0.000000 0.000001 0.008923 0.991075 0.000000
3 3 0.000003 0.000023 0.024674 0.975297 0.000003
3 3 0.000006 0.000051 0.021371 0.978556 0.000015
3 3 0.000001 0.000008 0.024027 0.975964 0.000001
3 3 0.000000 0.000033 0.047494 0.952460 0.000013
3 3 0.000001 0.000012 0.007262 0.992721 0.000003
3 3 0.000006 0.000203 0.038174 0.961489 0.000129
3 3 0.000003 0.000027 0.013043 0.986919 0.000008
3 3 0.000004 0.000068 0.040859 0.959055 0.000014
3 3 0.000035 0.000255 0.046120 0.953467 0.000123
3 3 0.000039 0.000146 0.034697 0.965085 0.000033
3 3 0.000089 0.000742 0.065916 0.932875 0.000378
3 3 0.000025 0.000094 0.033659 0.966206 0.000017
3 3 0.000010 0.000042 0.019837 0.980104 0.000007
3 3 0.000003 0.000022 0.028813 0.971159 0.000003
3 3 0.000012 0.000076 0.051524 0.948378 0.000011
3 3 0.000000 0.000007 0.012425 0.987565 0.000003
3 3 0.000136 0.000506 0.034518 0.964607 0.000233
3 3 0.007784 0.009237 0.210748 0.768775 0.003455
2 2 0.147296 0.192991 0.566741 0.051486 0.041485
2 2 0.019257 0.334843 0.524305 0.026163 0.095432
2 2 0.000020 0.002483 0.841819 0.155485 0.000192
2 2 0.000010 0.002767 0.956752 0.040028 0.000442
2 2 0.000000 0.000093 0.758206 0.241694 0.000006
2 2 0.000007 0.000924 0.866719 0.132318 0.000032
2 2 0.000035 0.005002 0.943483 0.049853 0.001627
2 2 0.000146 0.006977 0.898026 0.094515 0.000335
2 2 0.001905 0.047993 0.869155 0.034202 0.046746
2 4 0.001271 0.203606 0.642828 0.000858 0.151438
2 4 0.005184 0.207592 0.663818 0.000849 0.122558
2 4 0.002530 0.259494 0.575330 0.000125 0.162520
4 4 0.009202 0.266208 0.322837 0.000358 0.401395
4 4 0.011480 0.297875 0.325477 0.000206 0.364962
4 4 0.001929 0.096455 0.355058 0.001667 0.544891
2 4 0.005574 0.309093 0.422538 0.000134 0.262662
4 4 0.002198 0.145890 0.242528 0.000365 0.609018
4 4 0.006513 0.091964 0.291648 0.000930 0.608945
4 4 0.002290 0.186772 0.354480 0.000168 0.456289
4 4 0.002781 0.265759 0.269059 0.000292 0.462108
4 4 0.018882 0.137769 0.087625 0.000365 0.755359
4 4 0.029354 0.202611 0.157657 0.000055 0.610323
4 4 0.155119 0.290974 0.163964 0.000960 0.388983
4 4 0.011725 0.219578 0.058809 0.000003 0.709884
4 4 0.002370 0.184287 0.096906 0.000035 0.716402
4 4 0.007252 0.103726 0.084495 0.000655 0.803872
4 4 0.006350 0.200179 0.333579 0.000461 0.459430
2 4 0.003947 0.242815 0.390109 0.000027 0.363101
4 4 0.002526 0.252589 0.310151 0.000011 0.434722
4 4 0.003059 0.182263 0.284697 0.000554 0.529427
4 4 0.006440 0.109047 0.080404 0.000243 0.803866
4 4 0.004921 0.018108 0.028680 0.000822 0.947469
4 4 0.006007 0.273581 0.209843 0.000035 0.510535
4 4 0.006209 0.264320 0.200299 0.000059 0.529113
2 4 0.005065 0.281608 0.393309 0.000164 0.319853
2 4 0.008031 0.296279 0.362563 0.000043 0.333085
4 1 0.014471 0.241608 0.323095 0.000440 0.420385
1 1 0.011426 0.422790 0.268818 0.000010 0.296957
4 1 0.004505 0.305315 0.294083 0.000051 0.396046
4 1 0.003472 0.310335 0.336120 0.000041 0.350031
1 1 0.007973 0.392093 0.381181 0.000049 0.218703
4 1 0.002586 0.234065 0.378701 0.000051 0.384597
4 1 0.003532 0.143549 0.213624 0.000065 0.639231
2 1 0.014267 0.280559 0.357701 0.000277 0.347197
4 1 0.165510 0.271808 0.155220 0.001031 0.406430
4 1 0.007993 0.291720 0.080160 0.000002 0.620125
2 1 0.009238 0.341743 0.364644 0.000257 0.284117
4 2 0.004393 0.280702 0.283110 0.000115 0.431679
2 2 0.005363 0.280271 0.375204 0.000101 0.339061
4 2 0.010476 0.322246 0.305004 0.000003 0.362271
2 2 0.003647 0.242379 0.649242 0.001104 0.103627
2 2 0.009726 0.205006 0.638426 0.001858 0.144984
2 2 0.000377 0.126113 0.789898 0.003243 0.080369
2 2 0.000240 0.047170 0.913971 0.005033 0.033586
2 2 0.000476 0.058499 0.833648 0.000034 0.107343
2 2 0.012015 0.130677 0.765004 0.006516 0.085788
2 2 0.000428 0.083051 0.882302 0.002865 0.031354
2 2 0.000111 0.021722 0.947311 0.001367 0.029489
2 2 0.000057 0.010134 0.977263 0.001132 0.011414
2 2 0.000103 0.020364 0.976066 0.000349 0.003118
2 2 0.000340 0.040902 0.929881 0.001137 0.027740
2 2 0.000519 0.065090 0.893835 0.007410 0.033147
2 2 0.000375 0.030307 0.933283 0.004385 0.031651
2 2 0.001107 0.115568 0.846558 0.000924 0.035843
2 2 0.000214 0.025053 0.962011 0.002980 0.009741
2 2 0.000164 0.029519 0.954943 0.002335 0.013040
2 2 0.001640 0.115471 0.841968 0.001049 0.039871
2 2 0.011819 0.084716 0.816950 0.003671 0.082843
1 1 0.082595 0.411283 0.408353 0.009274 0.088496
1 1 0.107356 0.386531 0.358239 0.004017 0.143857
2 2 0.003110 0.118690 0.833662 0.009837 0.034701
2 2 0.003548 0.188594 0.776149 0.003809 0.027901
2 2 0.000121 0.012804 0.964748 0.001916 0.020410
2 2 0.000140 0.026989 0.960007 0.000393 0.012472
2 2 0.000124 0.030813 0.960672 0.001499 0.006892
2 2 0.000055 0.014448 0.979618 0.001541 0.004338
2 2 0.000576 0.037745 0.932649 0.001765 0.027266
2 2 0.003345 0.036483 0.925475 0.003616 0.031082
0 0 0.859852 0.069619 0.026948 0.004123 0.039457
0 0 0.698411 0.178304 0.042593 0.000111 0.080581
1 1 0.054045 0.667862 0.225038 0.000154 0.052902
1 1 0.113315 0.608351 0.237476 0.001532 0.039326
1 1 0.033275 0.654477 0.278046 0.000630 0.033572
1 1 0.022669 0.576222 0.339911 0.000256 0.060943
2 1 0.018588 0.441794 0.467515 0.005269 0.066834
2 2 0.008700 0.268751 0.673985 0.001377 0.047188
2 1 0.199611 0.298745 0.355867 0.007700 0.138077
0 1 0.423762 0.402315 0.130492 0.001853 0.041578
1 1 0.320025 0.407851 0.146213 0.000655 0.125255
1 1 0.079462 0.636006 0.210330 0.000149 0.074054
1 1 0.091242 0.590769 0.230071 0.000415 0.087503
1 1 0.022767 0.611767 0.292129 0.000386 0.072951
1 1 0.027851 0.571205 0.304615 0.001130 0.095199
1 2 0.008503 0.399683 0.376801 0.000887 0.214126
2 2 0.001001 0.104644 0.848982 0.002994 0.042379
2 2 0.002100 0.220093 0.744960 0.000764 0.032083
2 2 0.001470 0.089284 0.873856 0.002075 0.033315
2 2 0.016262 0.240534 0.682024 0.009106 0.052075
2 2 0.001236 0.087938 0.896859 0.000670 0.013298
2 2 0.000421 0.056232 0.925508 0.003142 0.014698
2 2 0.000051 0.015054 0.982544 0.001689 0.000662
2 2 0.000064 0.013103 0.984209 0.001607 0.001017
2 2 0.001185 0.120224 0.858493 0.001664 0.018433
2 2 0.000557 0.108946 0.873646 0.000016 0.016836
2 2 0.000162 0.021950 0.975232 0.001210 0.001446
2 2 0.000266 0.038753 0.951134 0.003727 0.006120
2 2 0.001138 0.081794 0.901091 0.001463 0.014514
2 2 0.000828 0.063781 0.907218 0.020243 0.007930
2 2 0.001607 0.111018 0.858829 0.012179 0.016367
2 2 0.000828 0.055879 0.906851 0.030056 0.006385
2 2 0.000774 0.076220 0.892063 0.023706 0.007236
2 2 0.000511 0.063169 0.875994 0.049770 0.010556
2 2 0.000113 0.013573 0.976421 0.007747 0.002145
2 2 0.000165 0.023716 0.968231 0.004984 0.002904
2 2 0.000300 0.018928 0.969711 0.010491 0.000569
2 2 0.000376 0.040536 0.932887 0.022695 0.003506
2 2 0.000714 0.043690 0.924510 0.027863 0.003223
2 2 0.000153 0.015105 0.967323 0.015291 0.002129
2 2 0.000117 0.015960 0.962657 0.020312 0.000954
2 2 0.000159 0.019995 0.944375 0.032953 0.002518
2 2 0.000421 0.028887 0.920206 0.047175 0.003311
2 2 0.000383 0.037364 0.930678 0.028015 0.003560
2 2 0.000193 0.019483 0.928977 0.048655 0.002692
2 2 0.000185 0.028944 0.952876 0.015902 0.002094
2 2 0.000386 0.022656 0.904698 0.069447 0.002812
2 2 0.000424 0.034553 0.895327 0.065282 0.004415
2 2 0.000236 0.038262 0.945569 0.013506 0.002428
2 2 0.001416 0.032345 0.941491 0.022957 0.001791
2 2 0.000302 0.034418 0.940949 0.013429 0.010902
2 2 0.000425 0.030033 0.915673 0.048284 0.005586
2 2 0.000209 0.033844 0.946798 0.016722 0.002427
2 2 0.000532 0.034760 0.898629 0.061139 0.004939
2 2 0.000804 0.027085 0.917770 0.050379 0.003962
2 2 0.000527 0.038086 0.918954 0.033224 0.009209
2 2 0.000028 0.006904 0.914413 0.077917 0.000738
2 2 0.000078 0.003050 0.938520 0.058306 0.000046
2 2 0.000712 0.023476 0.896194 0.076777 0.002841
2 2 0.000364 0.029311 0.889026 0.077363 0.003936
2 2 0.000195 0.018597 0.897693 0.077715 0.005800
2 2 0.000418 0.038105 0.839955 0.116131 0.005391
2 2 0.000783 0.011318 0.840310 0.145864 0.001725
2 2 0.000486 0.043919 0.836952 0.108645 0.009998
2 2 0.002019 0.009771 0.677051 0.309973 0.001185
2 0 0.101403 0.150688 0.662893 0.066588 0.018428
2 1 0.001340 0.120819 0.853078 0.014529 0.010234
2 2 0.000195 0.010633 0.969090 0.014905 0.005177
2 2 0.000329 0.023026 0.965121 0.004021 0.007503
2 2 0.000575 0.045032 0.883079 0.065458 0.005857
2 2 0.000416 0.057800 0.934664 0.004163 0.002956
2 2 0.000347 0.020692 0.938447 0.037881 0.002632
2 2 0.000395 0.024856 0.930052 0.041979 0.002718
2 2 0.000328 0.062471 0.924337 0.007242 0.005622
2 2 0.000034 0.005349 0.947048 0.047145 0.000423
2 2 0.000060 0.012816 0.960186 0.026084 0.000854
2 2 0.006160 0.084940 0.862926 0.011909 0.034065
0 0 0.448606 0.105643 0.310035 0.117542 0.018174
0 0 0.746511 0.071652 0.028310 0.000781 0.152746
0 0 0.989844 0.004724 0.000498 0.000001 0.004934
0 0 0.991253 0.005078 0.000581 0.000004 0.003085
0 0 0.984851 0.007237 0.000938 0.000004 0.006970
0 0 0.986623 0.008252 0.001213 0.000022 0.003890
0 0 0.955580 0.016624 0.003082 0.000019 0.024695
0 0 0.988486 0.006729 0.000882 0.000009 0.003894
0 0 0.984261 0.007393 0.000964 0.000004 0.007377
0 0 0.936208 0.029417 0.007507 0.000227 0.026640
0 0 0.931236 0.033104 0.009057 0.000404 0.026199
0 0 0.836625 0.071089 0.028935 0.003432 0.059919
0 0 0.895127 0.052576 0.017534 0.001582 0.033180
1 0 0.428531 0.446253 0.051024 0.000001 0.074191
1 1 0.093124 0.677900 0.079834 0.000000 0.149143
1 1 0.132347 0.593695 0.107602 0.000002 0.166354
1 1 0.276711 0.397635 0.126996 0.000139 0.198519
1 1 0.099834 0.721702 0.159574 0.000080 0.018810
1 1 0.066954 0.755965 0.145080 0.000010 0.031991
1 1 0.118035 0.719888 0.122804 0.000007 0.039266
1 1 0.060177 0.792829 0.104475 0.000000 0.042519
1 1 0.032899 0.740018 0.197316 0.000035 0.029732
1 1 0.032253 0.622540 0.236410 0.000066 0.108730
2 2 0.012539 0.435760 0.495351 0.003351 0.052998
2 2 0.007107 0.404154 0.508774 0.000265 0.079700
2 2 0.013193 0.407280 0.473338 0.001967 0.104222
2 2 0.005748 0.226351 0.721181 0.000792 0.045928
2 2 0.000268 0.041331 0.939319 0.003067 0.016016
2 2 0.000250 0.055506 0.939455 0.000608 0.004180
2 2 0.000626 0.077377 0.912774 0.001266 0.007957
2 2 0.000401 0.047731 0.943774 0.001703 0.006391
2 2 0.000090 0.023112 0.974346 0.001223 0.001229
2 2 0.000032 0.011788 0.986214 0.000125 0.001842
2 2 0.000666 0.055127 0.936164 0.001976 0.006067
2 2 0.000281 0.040558 0.954560 0.000466 0.004135
2 2 0.000005 0.005164 0.994440 0.000210 0.000181
2 2 0.000012 0.003559 0.994814 0.001573 0.000042
2 2 0.000051 0.011553 0.985036 0.002706 0.000654
2 2 0.000087 0.015341 0.981871 0.001864 0.000836
2 2 0.000123 0.022685 0.973052 0.001825 0.002315
2 2 0.000183 0.049269 0.947456 0.001238 0.001854
2 2 0.000012 0.007215 0.990316 0.002025 0.000432
2 2 0.000027 0.004907 0.992067 0.002921 0.000078
2 2 0.000082 0.006701 0.991687 0.001301 0.000228
2 2 0.000002 0.003085 0.994158 0.002699 0.000056
2 2 0.000040 0.003775 0.990808 0.005346 0.000031
2 2 0.000002 0.002013 0.997209 0.000718 0.000059
2 2 0.000103 0.019863 0.976905 0.001747 0.001382
2 2 0.000060 0.008705 0.985973 0.004403 0.000860
2 2 0.000008 0.003231 0.995298 0.001385 0.000078
2 2 0.000018 0.005244 0.993720 0.000882 0.000137
2 2 0.000006 0.004310 0.993840 0.001693 0.000151
2 2 0.000008 0.003038 0.995088 0.001704 0.000162
2 2 0.053589 0.126208 0.729678 0.009613 0.080911
1 1 0.202818 0.462415 0.288864 0.005539 0.040364
2 2 0.002092 0.209634 0.774689 0.002415 0.011170
2 2 0.000634 0.039939 0.950787 0.001847 0.006793
2 2 0.001439 0.045801 0.930276 0.006967 0.015517
2 2 0.002488 0.057476 0.915349 0.002595 0.022092
2 2 0.002510 0.240494 0.743340 0.001645 0.012011
2 2 0.001686 0.071542 0.910241 0.002941 0.013590
2 2 0.000026 0.012819 0.985875 0.000578 0.000701
2 2 0.000011 0.005586 0.992201 0.001490 0.000712
2 2 0.000006 0.004982 0.992846 0.000898 0.001268
2 2 0.000015 0.004162 0.992722 0.002196 0.000905
2 2 0.001504 0.107526 0.875615 0.000523 0.014833
2 2 0.000370 0.034020 0.936236 0.000176 0.029198
2 2 0.000008 0.005040 0.991049 0.003398 0.000505
2 2 0.000045 0.013439 0.984195 0.000102 0.002220
2 2 0.000101 0.007219 0.989148 0.001746 0.001786
2 2 0.000035 0.006196 0.977599 0.015352 0.000817
2 2 0.000036 0.009214 0.985911 0.003920 0.000920
2 2 0.000040 0.007297 0.989908 0.001878 0.000877
2 2 0.000016 0.004956 0.992505 0.002015 0.000509
2 2 0.000005 0.003082 0.995730 0.001011 0.000173
2 2 0.000083 0.020444 0.976195 0.000505 0.002773
2 2 0.000055 0.006398 0.989178 0.003277 0.001092
2 2 0.000046 0.005151 0.990286 0.003105 0.001411
2 2 0.000045 0.021364 0.975970 0.000834 0.001787
2 2 0.000154 0.014938 0.978946 0.003719 0.002244
2 2 0.000304 0.020792 0.966919 0.004211 0.007774
2 2 0.000067 0.009346 0.980063 0.008338 0.002186
2 2 0.000165 0.012925 0.980311 0.004714 0.001885
2 2 0.000105 0.017980 0.978417 0.000964 0.002534
2 2 0.000100 0.014754 0.982213 0.001288 0.001644
2 2 0.000029 0.006366 0.987283 0.005288 0.001033
2 2 0.000007 0.002639 0.977735 0.019280 0.000338
2 2 0.000004 0.001940 0.992274 0.005657 0.000125
2 2 0.000013 0.003282 0.987469 0.009004 0.000233
2 2 0.000053 0.011382 0.979760 0.005818 0.002987
2 2 0.000248 0.011628 0.972339 0.014219 0.001565
2 2 0.000069 0.009919 0.951078 0.037078 0.001856
2 2 0.000105 0.006486 0.857481 0.135013 0.000914
2 2 0.000057 0.010191 0.850020 0.136972 0.002761
2 2 0.000029 0.005896 0.972875 0.020402 0.000799
2 3 0.000002 0.000975 0.890309 0.108651 0.000063
2 3 0.000003 0.001202 0.947891 0.050803 0.000101
2 3 0.000111 0.011987 0.923442 0.062171 0.002289
2 3 0.000108 0.003669 0.551848 0.443032 0.001343
2 3 0.000061 0.005548 0.769489 0.223154 0.001747
2 3 0.000384 0.005961 0.615102 0.377521 0.001032
2 3 0.000081 0.003180 0.510829 0.484504 0.001407
2 3 0.000131 0.004695 0.610591 0.381745 0.002838
2 3 0.000197 0.007583 0.547475 0.442060 0.002685
2 3 0.000640 0.019592 0.496211 0.476369 0.007188
2 3 0.000032 0.002891 0.670232 0.326163 0.000681
3 3 0.000315 0.005866 0.461383 0.530160 0.002275
2 3 0.000038 0.003209 0.599584 0.396311 0.000857
2 3 0.000066 0.001949 0.644164 0.353584 0.000238
3 3 0.000019 0.000889 0.408464 0.590481 0.000147
3 3 0.000005 0.000165 0.254552 0.745251 0.000027
3 3 0.000237 0.002539 0.411061 0.585577 0.000585
3 3 0.000139 0.004970 0.427953 0.565070 0.001867
3 3 0.000076 0.002733 0.456857 0.538482 0.001852
3 3 0.000024 0.001006 0.225534 0.772992 0.000444
3 3 0.000848 0.003736 0.151495 0.842014 0.001907
3 3 0.000269 0.004486 0.156316 0.835487 0.003442
2 3 0.000466 0.007470 0.525114 0.465315 0.001634
3 3 0.000901 0.011167 0.441469 0.542471 0.003992
3 3 0.000057 0.001439 0.179832 0.817741 0.000931
3 3 0.000131 0.002340 0.262964 0.733439 0.001126
3 3 0.000049 0.001341 0.195967 0.801950 0.000694
3 3 0.000417 0.012050 0.483000 0.499887 0.004646
3 3 0.000054 0.000390 0.106164 0.893242 0.000150
3 3 0.000094 0.002561 0.388455 0.608224 0.000666
3 3 0.000716 0.005193 0.449986 0.543262 0.000843
3 3 0.000106 0.001311 0.107167 0.890269 0.001147
3 3 0.000446 0.002124 0.157417 0.839090 0.000924
3 3 0.000144 0.003413 0.248919 0.745394 0.002130
3 3 0.000219 0.001331 0.178576 0.819383 0.000491
3 3 0.000132 0.003326 0.229977 0.764749 0.001817
2 3 0.001994 0.014799 0.544951 0.434578 0.003679
2 2 0.018585 0.070102 0.821909 0.084968 0.004436
2 2 0.163580 0.354040 0.385319 0.019354 0.077707
1 2 0.022353 0.464452 0.331493 0.004232 0.177471
2 2 0.000533 0.045037 0.934296 0.004805 0.015330
2 2 0.000503 0.057118 0.918790 0.006500 0.017089
2 4 0.012880 0.197674 0.402271 0.000503 0.386673
4 4 0.002475 0.276158 0.340102 0.000097 0.381168
4 4 0.005075 0.303650 0.332255 0.000335 0.358686
4 4 0.052472 0.219496 0.342870 0.000650 0.384512
4 4 0.007419 0.193093 0.061616 0.000001 0.737871
4 4 0.124402 0.331369 0.166784 0.000382 0.377063
4 4 0.003581 0.285546 0.235966 0.000001 0.474905
4 4 0.005454 0.161202 0.305941 0.000552 0.526852
4 4 0.007458 0.277198 0.184190 0.000009 0.531145
4 4 0.016003 0.245588 0.057823 0.000002 0.680584
4 4 0.026760 0.080879 0.036763 0.000170 0.855429
4 4 0.027182 0.280411 0.101401 0.000115 0.590890
4 4 0.041427 0.020294 0.009603 0.000286 0.928390
4 4 0.056111 0.072388 0.025046 0.000014 0.846441
4 4 0.004472 0.237024 0.357893 0.000209 0.400402
1 4 0.016576 0.433258 0.243013 0.000001 0.307152
4 4 0.003284 0.094391 0.250854 0.000236 0.651235
4 4 0.001508 0.134965 0.244938 0.000137 0.618451
4 4 0.028133 0.193947 0.193314 0.000022 0.584584
4 4 0.059912 0.359412 0.149591 0.000013 0.431073
4 4 0.003466 0.245552 0.262909 0.000023 0.488050
4 4 0.008272 0.250925 0.246296 0.000104 0.494403
4 4 0.017898 0.051572 0.034843 0.000050 0.895638
4 4 0.034758 0.401615 0.086563 0.000000 0.477063
4 4 0.030256 0.013391 0.005675 0.000090 0.950588
4 4 0.050685 0.020697 0.009428 0.000142 0.919048
4 4 0.018863 0.394753 0.124872 0.000005 0.461507
4 4 0.011771 0.226377 0.216978 0.000048 0.544825
4 4 0.036293 0.181891 0.120054 0.000356 0.661406
4 4 0.031859 0.273016 0.084028 0.000015 0.611081
4 4 0.011938 0.119886 0.036024 0.000034 0.832119
4 4 0.026461 0.029345 0.020251 0.000456 0.923486
4 4 0.054343 0.046381 0.056830 0.001234 0.841212
4 4 0.010800 0.183736 0.065239 0.000010 0.740214
4 4 0.015884 0.114628 0.132013 0.000641 0.736834
1 4 0.115095 0.297099 0.293368 0.001665 0.292773
4 4 0.028747 0.337855 0.125982 0.000000 0.507416
4 4 0.010486 0.292741 0.168271 0.000015 0.528487
4 4 0.023832 0.109669 0.041037 0.000004 0.825458
4 4 0.027117 0.062383 0.033657 0.000121 0.876721
4 4 0.018373 0.101700 0.054189 0.000036 0.825702
4 4 0.035752 0.202505 0.075281 0.000103 0.686359
4 4 0.047348 0.229673 0.165999 0.000546 0.556435
4 4 0.015525 0.278326 0.143385 0.000015 0.562749
4 4 0.058269 0.042837 0.017508 0.000061 0.881327
4 4 0.033303 0.116197 0.029316 0.000001 0.821183
4 4 0.047471 0.021451 0.010079 0.000228 0.920771
4 4 0.032781 0.026691 0.011118 0.000117 0.929293
4 4 0.045838 0.224405 0.084185 0.000082 0.645489
4 4 0.045819 0.191587 0.067463 0.000039 0.695093
4 4 0.029329 0.010423 0.003984 0.000024 0.956240
4 4 0.025681 0.010895 0.004382 0.000053 0.958989
4 4 0.036220 0.310516 0.123388 0.000004 0.529871
4 4 0.008017 0.169707 0.189617 0.000258 0.632401
4 4 0.108847 0.293855 0.079654 0.000002 0.517641
4 1 0.043779 0.288940 0.141836 0.000002 0.525444
4 4 0.006933 0.351641 0.243701 0.000003 0.397723
1 4 0.006851 0.349815 0.314288 0.000229 0.328816
4 4 0.009610 0.076875 0.086697 0.000697 0.826121
4 4 0.022178 0.068317 0.043738 0.000042 0.865725
4 4 0.023343 0.200659 0.120844 0.000028 0.655127
4 4 0.009398 0.215545 0.106999 0.000005 0.668053
4 4 0.012170 0.117939 0.062600 0.000015 0.807276
4 4 0.010446 0.194122 0.059898 0.000015 0.735519
4 4 0.021490 0.377142 0.195596 0.000062 0.405709
4 4 0.004943 0.207480 0.222873 0.000057 0.564648
4 4 0.016878 0.313679 0.187469 0.000003 0.481971
4 4 0.005154 0.266029 0.256463 0.000012 0.472341
4 4 0.049450 0.240676 0.234489 0.000093 0.475291
4 4 0.004426 0.249046 0.199879 0.000028 0.546621
4 4 0.003554 0.180510 0.303636 0.000292 0.512008
4 4 0.004298 0.220731 0.295028 0.000027 0.479915
4 4 0.016615 0.215187 0.063637 0.000024 0.704538
2 1 0.222189 0.256898 0.316466 0.003841 0.200606
4 1 0.002998 0.219877 0.322268 0.000044 0.454812
2 1 0.003067 0.234740 0.465307 0.000152 0.296734
4 1 0.016689 0.293135 0.304295 0.000144 0.385737
4 4 0.003594 0.264609 0.356708 0.000084 0.375006
4 4 0.007333 0.280843 0.271093 0.000048 0.440682
4 4 0.002693 0.118856 0.194912 0.000107 0.683432
4 4 0.011927 0.248215 0.177822 0.000048 0.561988
4 4 0.011667 0.104772 0.124136 0.000165 0.759260
4 4 0.003719 0.258086 0.362961 0.000081 0.375154
2 4 0.008227 0.194289 0.445593 0.000150 0.351742
2 4 0.001046 0.152662 0.448346 0.000051 0.397896
2 4 0.001368 0.162233 0.472800 0.000053 0.363546
4 4 0.004771 0.203288 0.255628 0.000365 0.535949
4 4 0.010379 0.334300 0.268063 0.000012 0.387246
4 4 0.001859 0.168255 0.409245 0.000078 0.420564
2 4 0.001207 0.175404 0.416210 0.000097 0.407082
4 4 0.004103 0.206443 0.263134 0.000010 0.526309
4 4 0.004520 0.264643 0.203668 0.000004 0.527165
4 4 0.003772 0.233509 0.331792 0.000023 0.430904
4 4 0.003343 0.175209 0.291967 0.000014 0.529468
4 4 0.008124 0.171226 0.319622 0.000167 0.500860
4 4 0.004889 0.220773 0.343082 0.000132 0.431125
4 4 0.009832 0.308702 0.271549 0.000016 0.409902
4 4 0.002887 0.195717 0.329765 0.000021 0.471610
4 4 0.004967 0.244687 0.241656 0.000003 0.508687
4 4 0.003861 0.173545 0.295425 0.000238 0.526932
4 4 0.028260 0.017215 0.008283 0.000514 0.945728
4 4 0.010711 0.042596 0.011080 0.000004 0.935609
4 4 0.008866 0.057384 0.061706 0.000460 0.871584
4 4 0.010355 0.107555 0.131065 0.000307 0.750718
4 4 0.019684 0.009347 0.003743 0.000064 0.967163
4 4 0.017466 0.012644 0.003586 0.000002 0.966302
4 4 0.279875 0.133708 0.122055 0.001359 0.463003
4 4 0.099876 0.195176 0.068965 0.000013 0.635970
4 4 0.009163 0.281823 0.280014 0.000007 0.428993
4 4 0.009277 0.270437 0.339203 0.000006 0.381076
4 4 0.015551 0.139201 0.056175 0.000018 0.789055
4 4 0.022071 0.257016 0.089336 0.000050 0.631527
4 4 0.008066 0.196904 0.084434 0.000003 0.710593
4 4 0.010914 0.356000 0.103475 0.000005 0.529606
4 4 0.006804 0.189880 0.282159 0.001155 0.520002
4 4 0.022457 0.356749 0.261108 0.000004 0.359681
2 4 0.002871 0.233467 0.470636 0.000196 0.292830
2 4 0.003873 0.216307 0.513396 0.000369 0.266054
2 4 0.001879 0.220590 0.426500 0.000183 0.350848
2 4 0.002995 0.270078 0.415878 0.000197 0.310852
2 4 0.001560 0.226711 0.458347 0.000240 0.313142
4 4 0.003376 0.333754 0.278434 0.000020 0.384417
2 2 0.003113 0.227300 0.612397 0.000910 0.156281
2 2 0.001112 0.179643 0.559157 0.000671 0.259417
2 2 0.001999 0.210580 0.422276 0.000497 0.364647
2 2 0.011025 0.148807 0.543923 0.001284 0.294961
2 2 0.000850 0.164717 0.435101 0.000463 0.398869
2 2 0.004556 0.121186 0.455644 0.006783 0.411830
2 2 0.001702 0.108505 0.728414 0.008713 0.152667
2 2 0.001331 0.098640 0.715868 0.003098 0.181064
2 2 0.000219 0.033599 0.935331 0.000891 0.029959
2 2 0.000135 0.025341 0.944665 0.003888 0.025971
2 2 0.001840 0.223166 0.635607 0.000330 0.139056
2 2 0.000394 0.072052 0.811517 0.003201 0.112836
2 2 0.001194 0.177176 0.756562 0.001845 0.063223
2 2 0.000326 0.034373 0.922319 0.002265 0.040717
2 2 0.000107 0.019589 0.942775 0.001469 0.036061
2 2 0.000130 0.027013 0.939393 0.005357 0.028106
2 2 0.000105 0.029552 0.925943 0.002567 0.041833
2 2 0.000271 0.068052 0.876579 0.010799 0.044299
2 2 0.000108 0.022494 0.963191 0.001280 0.012927
2 2 0.000086 0.026813 0.931394 0.001575 0.040133
2 2 0.000710 0.062657 0.891491 0.000204 0.044939
2 2 0.000293 0.039941 0.915991 0.001938 0.041837
2 2 0.000009 0.009241 0.981871 0.000647 0.008232
2 2 0.000009 0.003133 0.988327 0.001571 0.006959
2 2 0.000103 0.011647 0.959657 0.001367 0.027226
2 2 0.000397 0.034520 0.938999 0.011248 0.014836
2 2 0.000004 0.001679 0.994217 0.002367 0.001732
2 2 0.000008 0.008970 0.987819 0.001172 0.002031
2 2 0.000071 0.027622 0.950549 0.001629 0.020129
2 2 0.000043 0.011368 0.983237 0.001531 0.003820
2 1 0.284069 0.096799 0.487026 0.075291 0.056815
1 2 0.059775 0.487074 0.199985 0.000078 0.253088
2 2 0.006222 0.270758 0.645238 0.001112 0.076671
2 2 0.048992 0.114470 0.726942 0.009946 0.099651
2 2 0.004198 0.269598 0.703871 0.001102 0.021230
2 2 0.000694 0.035502 0.912464 0.000026 0.051315
2 2 0.000085 0.022825 0.963458 0.000384 0.013247
2 2 0.000229 0.045158 0.945774 0.000131 0.008708
2 2 0.000054 0.017975 0.976143 0.000909 0.004919
2 2 0.000187 0.028874 0.964357 0.001845 0.004737
2 2 0.000111 0.018693 0.977087 0.000991 0.003118
2 2 0.000065 0.009841 0.986520 0.001642 0.001932
2 2 0.000183 0.031220 0.957619 0.000160 0.010818
2 2 0.000139 0.015420 0.979915 0.002637 0.001890
2 2 0.000310 0.042061 0.943323 0.000013 0.014293
2 2 0.000236 0.028444 0.962438 0.001387 0.007495
2 2 0.000226 0.012415 0.963546 0.012368 0.011445
2 2 0.000250 0.018564 0.970782 0.000797 0.009609
2 2 0.000958 0.080937 0.904928 0.003431 0.009745
2 2 0.000746 0.025947 0.969115 0.001887 0.002305
2 2 0.000090 0.008083 0.966241 0.021332 0.004253
2 2 0.000058 0.014335 0.982004 0.001998 0.001605
2 2 0.000110 0.010199 0.956206 0.032497 0.000987
2 2 0.000094 0.007079 0.982429 0.009434 0.000964
2 2 0.000042 0.011238 0.976206 0.008507 0.004007
2 2 0.000249 0.011210 0.959738 0.026973 0.001830
2 2 0.000745 0.017197 0.963271 0.015418 0.003369
2 2 0.000306 0.016641 0.966279 0.009059 0.007714
2 2 0.000271 0.019097 0.961136 0.014976 0.004520
2 2 0.000137 0.014035 0.968702 0.005819 0.011307
2 2 0.000024 0.002847 0.975062 0.020392 0.001676
2 2 0.000023 0.004886 0.984445 0.008401 0.002244
2 2 0.000035 0.005589 0.969295 0.024521 0.000560
2 2 0.000056 0.009028 0.980453 0.009955 0.000508
2 2 0.000046 0.006718 0.967696 0.023948 0.001591
2 2 0.000084 0.007346 0.946424 0.044426 0.001719
2 2 0.000045 0.004227 0.898395 0.094878 0.002455
2 2 0.000104 0.008744 0.781101 0.207417 0.002634
2 2 0.000112 0.010809 0.969155 0.017727 0.002198
2 2 0.000356 0.015506 0.871877 0.107398 0.004863
2 2 0.000006 0.002006 0.942094 0.055750 0.000144
2 2 0.000035 0.003030 0.870594 0.125849 0.000492
2 2 0.000070 0.012584 0.920419 0.065683 0.001244
2 2 0.000014 0.003253 0.941879 0.054436 0.000418
2 2 0.000087 0.005676 0.944520 0.047596 0.002120
2 2 0.000179 0.005140 0.801949 0.188440 0.004292
2 2 0.000079 0.001950 0.842261 0.155558 0.000153
2 2 0.000010 0.001711 0.864723 0.133350 0.000206
2 2 0.000097 0.005498 0.781287 0.210465 0.002653
2 3 0.000129 0.004688 0.719632 0.271943 0.003608
3 3 0.000099 0.002371 0.400010 0.596417 0.001103
2 3 0.000406 0.011427 0.663527 0.316238 0.008402
2 3 0.000178 0.019993 0.939297 0.037994 0.002538
2 2 0.000177 0.005499 0.948153 0.042916 0.003255
2 2 0.000007 0.002099 0.948645 0.048865 0.000385
2 2 0.000014 0.001956 0.916954 0.080107 0.000970
2 2 0.000057 0.003173 0.656181 0.339633 0.000956
2 2 0.000100 0.006535 0.934132 0.056058 0.003174
