0 0 0.990147 0.006122 0.002352 0.000095 0.001284
0 0 0.989362 0.005305 0.001849 0.000022 0.003461
0 0 0.995124 0.001942 0.001113 0.000029 0.001793
0 0 0.994751 0.002467 0.001284 0.000038 0.001460
0 0 0.936468 0.042684 0.013279 0.000218 0.007351
0 0 0.943322 0.034722 0.012802 0.000173 0.008980
0 0 0.964142 0.020800 0.006235 0.000149 0.008673
0 0 0.965399 0.019456 0.005895 0.000153 0.009097
0 0 0.950127 0.032878 0.011241 0.000225 0.005529
0 0 0.925388 0.050448 0.018888 0.000186 0.005090
0 0 0.959436 0.026583 0.009912 0.000130 0.003939
0 0 0.964550 0.022287 0.007974 0.000178 0.005010
0 0 0.913235 0.063944 0.015652 0.000045 0.007125
0 0 0.943981 0.032431 0.014143 0.000354 0.009091
0 0 0.990045 0.005608 0.003264 0.000182 0.000901
0 0 0.973462 0.014496 0.006548 0.000312 0.005183
0 0 0.987187 0.005416 0.002755 0.000086 0.004556
0 0 0.982590 0.006421 0.002761 0.000053 0.008175
0 0 0.990308 0.006017 0.002354 0.000073 0.001248
0 0 0.987206 0.006931 0.002747 0.000067 0.003048
0 0 0.992066 0.004493 0.001921 0.000046 0.001474
0 0 0.991631 0.003692 0.001968 0.000078 0.002631
0 0 0.988554 0.005283 0.002354 0.000065 0.003744
0 0 0.991446 0.003808 0.002046 0.000088 0.002612
0 0 0.992462 0.003491 0.001575 0.000033 0.002440
0 0 0.958296 0.014548 0.006263 0.000225 0.020668
0 0 0.986440 0.004677 0.002121 0.000035 0.006727
0 0 0.992656 0.002997 0.001448 0.000028 0.002871
0 0 0.976942 0.007395 0.003693 0.000113 0.011857
0 0 0.983753 0.008477 0.003466 0.000090 0.004214
0 0 0.906306 0.039480 0.014869 0.000293 0.039052
0 0 0.955812 0.023136 0.008766 0.000249 0.012037
0 0 0.992594 0.003255 0.001561 0.000035 0.002554
0 0 0.991831 0.004551 0.001787 0.000040 0.001791
0 0 0.986591 0.006379 0.003540 0.000323 0.003166
0 0 0.990964 0.002910 0.001877 0.000077 0.004172
0 0 0.996890 0.001378 0.000779 0.000018 0.000936
0 0 0.997303 0.001223 0.000665 0.000012 0.000798
0 0 0.997033 0.001319 0.000704 0.000012 0.000932
0 0 0.996500 0.001599 0.000812 0.000014 0.001074
0 0 0.995532 0.001840 0.001190 0.000052 0.001386
0 0 0.996091 0.001773 0.001065 0.000041 0.001031
0 0 0.995860 0.002043 0.001154 0.000048 0.000895
0 0 0.996638 0.001617 0.000988 0.000045 0.000712
0 0 0.993887 0.003081 0.001880 0.000180 0.000973
0 0 0.994439 0.003069 0.001427 0.000049 0.001017
0 0 0.993223 0.003590 0.001644 0.000052 0.001491
0 0 0.995638 0.001850 0.001010 0.000023 0.001479
0 0 0.992686 0.003320 0.001734 0.000061 0.002200
0 0 0.994771 0.002635 0.001275 0.000034 0.001285
0 0 0.996119 0.002134 0.001147 0.000059 0.000540
0 0 0.994343 0.003174 0.001501 0.000061 0.000921
0 0 0.985543 0.006061 0.002824 0.000087 0.005485
0 0 0.992113 0.003550 0.001700 0.000043 0.002594
0 0 0.990993 0.003158 0.001295 0.000011 0.004543
0 0 0.991802 0.003131 0.001365 0.000016 0.003687
0 0 0.994542 0.002995 0.001496 0.000070 0.000897
0 0 0.995639 0.001879 0.001241 0.000067 0.001174
0 0 0.990484 0.003778 0.001652 0.000024 0.004062
0 0 0.996485 0.001727 0.000976 0.000035 0.000777
0 0 0.994888 0.002412 0.001162 0.000024 0.001514
0 0 0.996365 0.001856 0.000918 0.000021 0.000839
0 0 0.994532 0.002132 0.001029 0.000014 0.002293
0 0 0.987390 0.004311 0.001769 0.000019 0.006511
0 0 0.995729 0.001935 0.001052 0.000028 0.001256
0 0 0.994066 0.002679 0.001357 0.000035 0.001864
0 0 0.993785 0.002956 0.001473 0.000043 0.001743
0 0 0.992874 0.003754 0.001671 0.000047 0.001653
0 0 0.996083 0.002022 0.001086 0.000041 0.000769
0 0 0.995918 0.002094 0.001113 0.000040 0.000835
0 0 0.989992 0.003804 0.001890 0.000044 0.004270
0 0 0.990226 0.004598 0.002241 0.000084 0.002852
0 0 0.993802 0.002770 0.001293 0.000024 0.002112
0 0 0.995775 0.002085 0.000983 0.000018 0.001138
0 0 0.995188 0.002326 0.001159 0.000029 0.001299
0 0 0.994941 0.002302 0.001267 0.000041 0.001450
0 0 0.996829 0.001609 0.000887 0.000029 0.000646
0 0 0.995040 0.002656 0.001307 0.000034 0.000963
0 0 0.991641 0.003010 0.001465 0.000024 0.003860
0 0 0.976844 0.007586 0.002441 0.000015 0.013114
0 0 0.994486 0.003518 0.001459 0.000066 0.000471
0 0 0.997046 0.001588 0.000811 0.000023 0.000533
0 0 0.979854 0.013720 0.003871 0.000078 0.002478
0 0 0.982770 0.011871 0.003360 0.000055 0.001944
0 0 0.975632 0.017770 0.004409 0.000021 0.002168
0 0 0.991680 0.005186 0.002305 0.000079 0.000751
0 0 0.988068 0.005042 0.001780 0.000016 0.005094
0 0 0.987161 0.005611 0.002121 0.000029 0.005079
0 0 0.984006 0.004898 0.001910 0.000016 0.009170
0 0 0.977514 0.007263 0.003214 0.000065 0.011945
0 0 0.988370 0.003975 0.001790 0.000025 0.005840
0 0 0.984326 0.004250 0.002018 0.000028 0.009378
0 0 0.979811 0.005852 0.002296 0.000021 0.012021
0 0 0.988849 0.004126 0.001726 0.000021 0.005279
0 0 0.984585 0.006632 0.002179 0.000019 0.006586
0 0 0.964586 0.009265 0.003156 0.000023 0.022971
0 0 0.994095 0.002916 0.001151 0.000014 0.001824
0 0 0.988843 0.004702 0.001690 0.000015 0.004749
0 0 0.993151 0.002940 0.001397 0.000027 0.002486
0 0 0.988135 0.004046 0.001851 0.000028 0.005940
0 0 0.989191 0.004143 0.001724 0.000022 0.004921
0 0 0.973724 0.007112 0.002535 0.000018 0.016611
0 0 0.984410 0.005675 0.002149 0.000022 0.007743
0 0 0.987236 0.006888 0.001783 0.000008 0.004085
0 0 0.976945 0.005620 0.002046 0.000011 0.015378
0 0 0.989196 0.003143 0.001298 0.000009 0.006353
0 0 0.963508 0.006030 0.001890 0.000005 0.028568
0 0 0.978589 0.006273 0.001780 0.000005 0.013353
0 0 0.976866 0.008315 0.001819 0.000003 0.012996
0 0 0.978222 0.007718 0.002181 0.000009 0.011870
0 0 0.981500 0.006142 0.001917 0.000009 0.010432
0 0 0.992148 0.004020 0.001480 0.000018 0.002334
0 0 0.965447 0.018707 0.003753 0.000006 0.012088
0 0 0.987864 0.007001 0.002582 0.000023 0.002531
0 0 0.976449 0.007492 0.002468 0.000016 0.013574
0 0 0.981521 0.006567 0.002368 0.000022 0.009522
0 0 0.962670 0.026137 0.006512 0.000009 0.004672
0 0 0.941490 0.044848 0.009269 0.000012 0.004381
0 0 0.962422 0.028472 0.006348 0.000011 0.002746
0 0 0.980255 0.014244 0.004163 0.000019 0.001320
0 0 0.916793 0.064743 0.012882 0.000010 0.005572
0 0 0.831769 0.133749 0.023850 0.000009 0.010623
0 1 0.669667 0.264315 0.026997 0.000002 0.039019
0 1 0.697593 0.218163 0.044887 0.000091 0.039265
0 1 0.540776 0.211430 0.049425 0.000303 0.198067
0 1 0.387102 0.311902 0.059619 0.000166 0.241210
1 2 0.158019 0.387962 0.382838 0.009603 0.061577
1 2 0.308919 0.334249 0.287675 0.001123 0.068035
1 2 0.029047 0.469013 0.465539 0.002570 0.033830
2 2 0.016830 0.152527 0.765319 0.021407 0.043916
2 2 0.051502 0.290664 0.590833 0.009080 0.057921
2 2 0.032967 0.176802 0.705006 0.038127 0.047097
2 2 0.009089 0.065092 0.909158 0.004281 0.012380
2 2 0.008213 0.098600 0.878990 0.011204 0.002993
2 2 0.001120 0.019349 0.960838 0.018438 0.000256
2 2 0.009884 0.038063 0.947833 0.002954 0.001268
2 2 0.000373 0.004037 0.957090 0.038476 0.000024
2 2 0.000038 0.000240 0.895661 0.104061 0.000001
2 2 0.000126 0.015033 0.982068 0.002376 0.000397
2 2 0.000047 0.001854 0.994441 0.003570 0.000089
2 2 0.000128 0.001648 0.983935 0.014268 0.000021
2 2 0.000245 0.002213 0.963070 0.034438 0.000033
2 2 0.000182 0.002754 0.979337 0.017586 0.000142
2 2 0.000965 0.005194 0.969915 0.023242 0.000684
2 2 0.000021 0.000483 0.985214 0.014274 0.000008
2 2 0.000004 0.000221 0.983916 0.015855 0.000004
2 2 0.000001 0.000065 0.872118 0.127816 0.000000
2 2 0.000008 0.000250 0.908645 0.091097 0.000001
2 2 0.000000 0.000026 0.796966 0.203008 0.000000
2 2 0.000000 0.000011 0.727495 0.272494 0.000000
2 3 0.000000 0.000023 0.887196 0.112780 0.000000
2 3 0.000000 0.000013 0.744305 0.255682 0.000000
2 3 0.000000 0.000010 0.660626 0.339364 0.000000
3 3 0.000000 0.000004 0.232745 0.767251 0.000000
3 3 0.000000 0.000010 0.159792 0.840198 0.000000
3 3 0.000000 0.000004 0.337914 0.662083 0.000000
3 3 0.000000 0.000005 0.253394 0.746601 0.000000
3 3 0.000000 0.000006 0.307447 0.692547 0.000000
3 3 0.000000 0.000002 0.132412 0.867586 0.000000
3 3 0.000000 0.000004 0.267776 0.732219 0.000000
3 3 0.000000 0.000001 0.052137 0.947862 0.000000
3 3 0.000000 0.000000 0.028383 0.971617 0.000000
3 3 0.000000 0.000010 0.030745 0.969245 0.000000
3 3 0.000000 0.000005 0.038409 0.961586 0.000000
3 3 0.000000 0.000000 0.075176 0.924824 0.000000
3 3 0.000000 0.000001 0.060509 0.939490 0.000000
3 3 0.000000 0.000002 0.055810 0.944187 0.000000
3 3 0.000000 0.000002 0.021771 0.978227 0.000000
3 3 0.000000 0.000001 0.075027 0.924972 0.000000
3 3 0.000000 0.000003 0.095118 0.904879 0.000000
3 3 0.000000 0.000001 0.059673 0.940326 0.000000
3 3 0.000000 0.000001 0.030063 0.969937 0.000000
3 3 0.000000 0.000003 0.018233 0.981764 0.000000
3 3 0.000000 0.000001 0.031149 0.968850 0.000000
3 3 0.000000 0.000003 0.022971 0.977026 0.000000
3 3 0.000000 0.000005 0.073059 0.926936 0.000000
3 3 0.000000 0.000002 0.043924 0.956074 0.000000
3 3 0.000000 0.000001 0.023512 0.976487 0.000000
3 3 0.000000 0.000001 0.029047 0.970952 0.000000
3 3 0.000000 0.000002 0.043502 0.956496 0.000000
3 3 0.000000 0.000000 0.010452 0.989548 0.000000
3 3 0.000000 0.000000 0.007209 0.992791 0.000000
3 3 0.000000 0.000000 0.012715 0.987284 0.000000
3 3 0.000000 0.000000 0.010545 0.989454 0.000000
3 3 0.000000 0.000000 0.025141 0.974859 0.000000
3 3 0.000000 0.000001 0.033127 0.966872 0.000000
3 3 0.000000 0.000000 0.021739 0.978261 0.000000
3 3 0.000000 0.000000 0.017639 0.982360 0.000000
3 3 0.000000 0.000000 0.008335 0.991665 0.000000
3 3 0.000000 0.000000 0.012281 0.987719 0.000000
3 3 0.000000 0.000001 0.015837 0.984163 0.000000
3 3 0.000000 0.000002 0.052596 0.947401 0.000000
3 3 0.000000 0.000001 0.016547 0.983452 0.000000
3 3 0.000000 0.000000 0.016563 0.983436 0.000000
3 3 0.000001 0.000006 0.039063 0.960931 0.000000
3 3 0.000001 0.000006 0.010762 0.989232 0.000000
3 3 0.000000 0.000000 0.009469 0.990531 0.000000
3 3 0.000000 0.000000 0.014370 0.985630 0.000000
3 3 0.000000 0.000000 0.013800 0.986199 0.000000
3 3 0.000000 0.000000 0.012775 0.987225 0.000000
3 3 0.000000 0.000000 0.006861 0.993138 0.000000
3 3 0.000000 0.000000 0.006996 0.993004 0.000000
3 3 0.000000 0.000001 0.010223 0.989776 0.000000
3 3 0.000000 0.000000 0.008108 0.991892 0.000000
3 3 0.000000 0.000000 0.007442 0.992558 0.000000
3 3 0.000000 0.000000 0.006363 0.993637 0.000000
3 3 0.000000 0.000002 0.014245 0.985752 0.000000
3 3 0.028983 0.012225 0.200519 0.757297 0.000977
3 3 0.000001 0.000020 0.124232 0.875747 0.000000
3 3 0.000000 0.000010 0.226952 0.773038 0.000000
3 3 0.000039 0.000206 0.446950 0.552804 0.000001
2 2 0.000030 0.000485 0.722163 0.277320 0.000002
2 2 0.000002 0.000074 0.681710 0.318214 0.000000
2 2 0.000023 0.000325 0.673636 0.326015 0.000001
2 2 0.004841 0.016185 0.948140 0.030659 0.000174
2 2 0.004894 0.013293 0.943268 0.038403 0.000141
2 2 0.008661 0.019731 0.858094 0.113103 0.000411
2 2 0.000227 0.003606 0.910142 0.085997 0.000029
2 2 0.410313 0.112728 0.448909 0.020814 0.007235
0 0 0.873974 0.091749 0.030187 0.000023 0.004066
0 0 0.758058 0.184005 0.042847 0.000039 0.015051
0 2 0.656189 0.199368 0.082017 0.000146 0.062280
0 2 0.626070 0.226696 0.134302 0.000223 0.012709
1 2 0.386043 0.433760 0.149147 0.000163 0.030887
0 2 0.632793 0.258832 0.086232 0.000147 0.021996
0 2 0.814283 0.140383 0.036190 0.000028 0.009116
2 2 0.141903 0.382553 0.452017 0.001555 0.021973
2 2 0.140468 0.318598 0.520456 0.003185 0.017293
0 0 0.965155 0.023924 0.008670 0.000069 0.002182
0 0 0.953391 0.034984 0.008977 0.000013 0.002635
0 0 0.925728 0.054873 0.014083 0.000024 0.005292
0 0 0.887260 0.081985 0.021904 0.000073 0.008778
0 0 0.671268 0.255580 0.051949 0.000029 0.021174
0 2 0.635678 0.262901 0.078857 0.000136 0.022428
0 2 0.681048 0.212448 0.087545 0.000334 0.018625
0 2 0.714117 0.221426 0.047235 0.000027 0.017195
0 2 0.431796 0.377193 0.160920 0.000349 0.029741
0 2 0.486923 0.324814 0.166276 0.000318 0.021668
2 2 0.076601 0.211533 0.699588 0.004537 0.007741
2 2 0.028319 0.102758 0.860704 0.005916 0.002304
2 2 0.004231 0.049404 0.940331 0.005178 0.000856
2 2 0.012587 0.121004 0.861596 0.002261 0.002552
2 2 0.009225 0.105761 0.879938 0.002924 0.002152
2 2 0.002517 0.021730 0.959580 0.015795 0.000378
2 2 0.003683 0.028817 0.957753 0.009404 0.000342
2 2 0.002127 0.036216 0.956697 0.004437 0.000523
2 2 0.020514 0.117768 0.848407 0.009742 0.003568
2 2 0.042585 0.100745 0.840929 0.011882 0.003859
2 2 0.005668 0.118017 0.868094 0.002052 0.006168
2 2 0.010890 0.115258 0.867114 0.001837 0.004901
2 2 0.018710 0.119150 0.853806 0.004989 0.003344
2 2 0.011904 0.106087 0.873705 0.004923 0.003382
0 2 0.854382 0.087291 0.046690 0.000479 0.011158
0 0 0.978455 0.014653 0.005474 0.000056 0.001362
0 0 0.985389 0.006526 0.002163 0.000020 0.005902
0 0 0.991322 0.004505 0.001649 0.000023 0.002501
0 0 0.981065 0.012971 0.004241 0.000047 0.001675
0 0 0.957064 0.032307 0.007004 0.000015 0.003610
1 1 0.442170 0.451234 0.064048 0.000010 0.042538
0 2 0.553571 0.331883 0.084125 0.000088 0.030333
0 2 0.728236 0.165683 0.084197 0.000267 0.021618
0 2 0.568954 0.312275 0.094327 0.000099 0.024344
2 2 0.103114 0.411602 0.454641 0.002204 0.028439
1 2 0.135718 0.411240 0.401102 0.000594 0.051346
2 2 0.016372 0.238181 0.734104 0.001152 0.010190
2 2 0.020638 0.190954 0.773823 0.004134 0.010450
2 2 0.026448 0.189269 0.771582 0.001409 0.011293
2 2 0.004262 0.089508 0.899311 0.001216 0.005703
2 2 0.000203 0.017660 0.980674 0.000909 0.000555
2 2 0.000382 0.023478 0.964648 0.000161 0.011330
0 2 0.647019 0.121531 0.212490 0.004760 0.014200
0 1 0.801088 0.152484 0.037039 0.000020 0.009369
1 1 0.173596 0.417540 0.388827 0.000544 0.019493
2 2 0.140916 0.335245 0.504697 0.002094 0.017047
2 2 0.017286 0.084230 0.887671 0.008456 0.002357
2 2 0.021218 0.110664 0.861433 0.004132 0.002552
2 2 0.001872 0.027545 0.958360 0.011820 0.000403
2 2 0.015973 0.057340 0.915173 0.010448 0.001067
2 2 0.000444 0.011755 0.986219 0.001528 0.000054
2 2 0.000491 0.022304 0.975132 0.001711 0.000362
2 2 0.068040 0.180470 0.745914 0.001416 0.004159
2 2 0.004441 0.040394 0.943327 0.011002 0.000837
2 2 0.004832 0.033400 0.956416 0.004643 0.000709
2 2 0.008106 0.034389 0.943188 0.013716 0.000601
2 2 0.001740 0.022647 0.972081 0.003347 0.000184
2 2 0.000162 0.006262 0.990417 0.003134 0.000026
2 2 0.000134 0.001936 0.980779 0.017145 0.000006
2 2 0.006609 0.019127 0.957965 0.016118 0.000181
0 1 0.727326 0.215054 0.036672 0.000017 0.020930
1 1 0.320617 0.473187 0.156001 0.000309 0.049887
2 2 0.010009 0.120861 0.857727 0.006686 0.004718
2 2 0.016365 0.141656 0.836824 0.001306 0.003848
2 2 0.000517 0.015692 0.981837 0.001366 0.000588
2 2 0.000809 0.027686 0.965390 0.004042 0.002073
2 2 0.000145 0.008793 0.989974 0.001038 0.000051
2 2 0.000107 0.005979 0.991816 0.001970 0.000127
2 2 0.000054 0.001744 0.996963 0.001072 0.000167
2 2 0.000035 0.005809 0.993415 0.000587 0.000154
2 2 0.000027 0.002265 0.994514 0.003182 0.000013
2 2 0.000213 0.005449 0.989324 0.004904 0.000111
2 2 0.000025 0.001005 0.988762 0.010201 0.000007
2 2 0.001035 0.007791 0.983020 0.008087 0.000068
0 2 0.675528 0.241449 0.063519 0.000078 0.019426
2 2 0.260249 0.348173 0.364506 0.002561 0.024511
2 2 0.157745 0.211230 0.614092 0.007341 0.009591
0 1 0.572532 0.218619 0.192124 0.001964 0.014760
2 2 0.017037 0.233913 0.737339 0.002636 0.009075
2 2 0.010743 0.073850 0.898075 0.014755 0.002577
2 2 0.001243 0.019911 0.965991 0.012543 0.000314
2 2 0.093296 0.096876 0.787858 0.019275 0.002694
0 2 0.909921 0.065777 0.017035 0.000019 0.007247
0 0 0.886203 0.070510 0.035528 0.000535 0.007225
0 0 0.980862 0.006625 0.002568 0.000031 0.009914
0 0 0.971092 0.016956 0.005583 0.000066 0.006303
0 0 0.943172 0.032099 0.009424 0.000021 0.015285
0 0 0.952154 0.033531 0.009374 0.000023 0.004918
0 0 0.982782 0.009931 0.003121 0.000023 0.004143
0 0 0.926447 0.057182 0.009622 0.000009 0.006740
1 1 0.265991 0.508189 0.137021 0.000059 0.088740
1 2 0.219648 0.437601 0.246461 0.000205 0.096085
2 2 0.090275 0.382588 0.510686 0.000801 0.015650
2 2 0.031098 0.260346 0.680187 0.002637 0.025732
2 2 0.011503 0.097151 0.880186 0.003276 0.007882
2 2 0.004814 0.090835 0.889247 0.003888 0.011216
2 2 0.000490 0.033142 0.959921 0.002020 0.004427
2 2 0.021838 0.178896 0.789829 0.000759 0.008678
2 2 0.000188 0.004609 0.983717 0.011310 0.000176
2 2 0.001643 0.018749 0.969454 0.009728 0.000425
2 2 0.000547 0.014157 0.980611 0.002969 0.001715
2 2 0.000614 0.013817 0.980236 0.004761 0.000573
2 2 0.001137 0.014539 0.969672 0.014370 0.000283
2 2 0.000211 0.009161 0.978212 0.012341 0.000076
2 2 0.000686 0.010250 0.980456 0.008538 0.000070
2 2 0.000808 0.013536 0.977100 0.008437 0.000120
2 2 0.012139 0.095451 0.877779 0.002238 0.012393
2 2 0.002434 0.059789 0.925574 0.001979 0.010224
2 2 0.000304 0.013700 0.984108 0.001239 0.000649
2 2 0.000963 0.044428 0.950888 0.003087 0.000633
2 2 0.000045 0.001545 0.993250 0.005154 0.000005
2 2 0.000005 0.001012 0.990018 0.008962 0.000002
2 2 0.000019 0.001860 0.992019 0.006096 0.000006
2 2 0.000001 0.000270 0.998157 0.001571 0.000001
2 2 0.002134 0.008380 0.908760 0.080616 0.000110
0 2 0.426969 0.253505 0.305867 0.001827 0.011833
2 2 0.000617 0.039988 0.947635 0.000944 0.010816
2 2 0.000032 0.003583 0.984565 0.008238 0.003582
2 2 0.000336 0.010468 0.987427 0.001182 0.000587
2 2 0.000004 0.001044 0.996183 0.002630 0.000139
2 2 0.000001 0.000418 0.997472 0.002095 0.000014
2 2 0.000013 0.002512 0.996128 0.001209 0.000138
2 2 0.000003 0.001016 0.997037 0.001917 0.000026
2 2 0.000002 0.000387 0.995634 0.003944 0.000032
2 2 0.000020 0.001075 0.992654 0.006248 0.000003
2 2 0.000000 0.000110 0.987345 0.012545 0.000000
2 2 0.000341 0.020375 0.976365 0.001531 0.001388
2 2 0.000059 0.020646 0.976912 0.000404 0.001978
2 2 0.000000 0.000114 0.997814 0.002070 0.000002
2 2 0.000012 0.003113 0.991683 0.004878 0.000314
2 2 0.000742 0.019232 0.974076 0.003911 0.002038
2 2 0.000341 0.014844 0.981075 0.002584 0.001155
2 2 0.001591 0.051668 0.929526 0.001116 0.016098
2 2 0.000533 0.031265 0.954087 0.004288 0.009827
2 2 0.005281 0.205945 0.719852 0.002219 0.066703
2 4 0.008054 0.206881 0.653118 0.000394 0.131553
2 4 0.018365 0.196527 0.412560 0.013493 0.359054
1 4 0.062594 0.352036 0.324274 0.000261 0.260835
2 4 0.002276 0.224022 0.653826 0.001519 0.118356
2 4 0.002261 0.107555 0.814418 0.002436 0.073329
2 4 0.010706 0.214269 0.478232 0.002454 0.294339
1 4 0.019217 0.400223 0.365150 0.000113 0.215297
4 4 0.044542 0.309640 0.192651 0.000072 0.453095
4 4 0.056425 0.287371 0.296233 0.000636 0.359335
2 4 0.017130 0.264785 0.362258 0.000314 0.355512
2 4 0.011501 0.271313 0.390925 0.000652 0.325609
4 4 0.012977 0.145647 0.144773 0.003565 0.693038
4 4 0.045277 0.144029 0.078152 0.004797 0.727745
4 4 0.032227 0.165142 0.120342 0.009060 0.673229
4 4 0.028001 0.169895 0.167132 0.010881 0.624091
1 4 0.130664 0.473634 0.143053 0.000217 0.252432
4 4 0.082504 0.324856 0.120749 0.000005 0.471887
2 4 0.012284 0.279898 0.406754 0.000019 0.301046
2 4 0.003072 0.090867 0.675006 0.004170 0.226886
1 4 0.018119 0.340119 0.309463 0.000184 0.332115
4 4 0.029420 0.349978 0.189672 0.000025 0.430906
4 4 0.038073 0.074959 0.032126 0.003873 0.850969
4 4 0.027919 0.060138 0.025979 0.002218 0.883746
4 4 0.112534 0.292933 0.047124 0.000000 0.547408
4 4 0.009513 0.173310 0.142293 0.000639 0.674244
1 4 0.172475 0.375855 0.104323 0.000328 0.347019
0 4 0.459596 0.309058 0.042651 0.000010 0.188686
2 4 0.000744 0.084174 0.507458 0.000942 0.406682
4 4 0.017063 0.387071 0.156153 0.000005 0.439709
4 4 0.008897 0.099223 0.057591 0.000350 0.833938
4 4 0.021238 0.209485 0.093320 0.000094 0.675864
4 4 0.044706 0.379837 0.141155 0.000061 0.434241
4 4 0.065194 0.352501 0.108996 0.000010 0.473299
2 4 0.003166 0.201077 0.511105 0.000199 0.284454
2 2 0.003344 0.136082 0.566686 0.000618 0.293269
4 2 0.026237 0.296230 0.202770 0.000891 0.473872
1 2 0.152453 0.447174 0.079371 0.000001 0.321001
2 2 0.027041 0.373896 0.385653 0.000900 0.212511
1 2 0.105877 0.530770 0.204685 0.000058 0.158610
2 4 0.002132 0.195627 0.460058 0.000103 0.342080
4 4 0.009770 0.238592 0.271212 0.000148 0.480278
2 4 0.008719 0.232582 0.503318 0.001761 0.253621
1 4 0.032663 0.419397 0.278972 0.000016 0.268953
4 4 0.014479 0.312699 0.209091 0.001029 0.462702
4 4 0.018366 0.325627 0.267511 0.001486 0.387009
4 4 0.027584 0.239172 0.125763 0.001092 0.606390
4 4 0.036586 0.333878 0.137831 0.000118 0.491587
1 2 0.043180 0.520992 0.269048 0.000080 0.166700
2 2 0.005225 0.235271 0.531852 0.001354 0.226299
2 2 0.003356 0.231324 0.647778 0.001163 0.116379
2 2 0.004604 0.248135 0.635194 0.000516 0.111552
2 2 0.014781 0.344874 0.454535 0.016928 0.168882
2 2 0.016007 0.257442 0.664784 0.003915 0.057852
2 2 0.011737 0.189682 0.722727 0.004041 0.071813
2 2 0.006275 0.253674 0.660674 0.002247 0.077131
2 2 0.001516 0.038489 0.952836 0.001614 0.005545
2 2 0.000298 0.008812 0.985192 0.004308 0.001390
2 2 0.000000 0.000113 0.996201 0.003685 0.000000
2 2 0.000037 0.001343 0.993054 0.005545 0.000020
2 2 0.017779 0.111740 0.830815 0.027669 0.011998
2 2 0.011833 0.102784 0.836137 0.025406 0.023840
2 2 0.000410 0.040775 0.942238 0.001032 0.015544
2 2 0.000184 0.009321 0.985146 0.003126 0.002223
2 2 0.001045 0.005723 0.926492 0.066185 0.000555
2 2 0.001185 0.014944 0.952383 0.030273 0.001214
2 2 0.000666 0.004112 0.910966 0.084219 0.000037
2 2 0.000010 0.000242 0.937643 0.062101 0.000004
2 2 0.000039 0.002787 0.980858 0.015950 0.000366
2 2 0.006769 0.035682 0.945251 0.004976 0.007321
2 2 0.002829 0.060222 0.928487 0.005213 0.003249
2 2 0.000260 0.007638 0.980247 0.010582 0.001273
2 2 0.000002 0.001074 0.991590 0.007229 0.000106
2 2 0.000020 0.001035 0.996615 0.002241 0.000089
2 2 0.000055 0.001119 0.935246 0.063536 0.000044
2 2 0.000481 0.002070 0.952407 0.044977 0.000064
2 2 0.000022 0.001504 0.976127 0.022334 0.000012
2 2 0.000285 0.002877 0.949163 0.047642 0.000033
2 2 0.000000 0.000030 0.887904 0.112066 0.000000
2 2 0.000031 0.000631 0.916877 0.082460 0.000002
2 2 0.000131 0.002379 0.765683 0.231776 0.000032
2 2 0.002888 0.010971 0.875946 0.110017 0.000177
2 2 0.000003 0.000157 0.790331 0.209508 0.000000
2 2 0.000405 0.002077 0.697034 0.300463 0.000020
2 3 0.000075 0.001400 0.640729 0.357735 0.000061
2 3 0.000040 0.000454 0.636294 0.363209 0.000004
3 3 0.005809 0.007759 0.417575 0.568581 0.000277
3 3 0.000078 0.000585 0.496407 0.502925 0.000004
3 3 0.000047 0.000816 0.494902 0.504225 0.000009
2 3 0.000005 0.000140 0.578154 0.421701 0.000001
3 3 0.000014 0.000109 0.198865 0.801011 0.000001
3 3 0.000003 0.000056 0.146926 0.853015 0.000000
3 3 0.000015 0.000231 0.163615 0.836134 0.000004
3 3 0.000164 0.000736 0.239860 0.759226 0.000014
3 3 0.000562 0.001723 0.171765 0.825874 0.000077
3 3 0.000680 0.001449 0.122506 0.875280 0.000085
3 3 0.002604 0.002502 0.106617 0.888080 0.000196
3 3 0.001481 0.001274 0.057595 0.939527 0.000122
3 3 0.015181 0.018617 0.277055 0.687359 0.001788
3 3 0.000263 0.000760 0.146711 0.852239 0.000028
3 3 0.000002 0.000023 0.038185 0.961789 0.000000
3 3 0.000001 0.000016 0.019349 0.980634 0.000000
3 3 0.000231 0.000331 0.051710 0.947712 0.000016
3 3 0.003029 0.002818 0.096117 0.897783 0.000252
3 3 0.001611 0.001413 0.080568 0.916303 0.000105
3 3 0.019556 0.010000 0.153696 0.815747 0.001001
3 3 0.000000 0.000011 0.093801 0.906188 0.000000
2 3 0.000001 0.000177 0.522236 0.477585 0.000001
2 3 0.000001 0.000057 0.644263 0.355678 0.000000
2 3 0.000003 0.000096 0.533434 0.466466 0.000000
2 3 0.000005 0.000212 0.514850 0.484932 0.000001
2 3 0.000005 0.000217 0.617712 0.382064 0.000003
3 3 0.000268 0.001553 0.445822 0.552289 0.000068
3 3 0.000007 0.000108 0.156157 0.843726 0.000002
3 3 0.000003 0.000060 0.235938 0.763999 0.000000
3 3 0.000000 0.000023 0.339654 0.660323 0.000000
3 3 0.000000 0.000003 0.037720 0.962277 0.000000
3 3 0.000000 0.000013 0.171980 0.828007 0.000000
3 3 0.000609 0.000975 0.170813 0.827524 0.000079
3 3 0.000080 0.000203 0.072228 0.927479 0.000011
3 3 0.000000 0.000003 0.020861 0.979136 0.000000
3 3 0.000001 0.000007 0.029769 0.970223 0.000000
3 3 0.000001 0.000017 0.026007 0.973975 0.000000
3 3 0.000002 0.000024 0.056521 0.943453 0.000000
3 3 0.000000 0.000004 0.018587 0.981409 0.000000
3 3 0.000000 0.000001 0.022013 0.977986 0.000000
3 3 0.000000 0.000001 0.019284 0.980715 0.000000
3 3 0.000000 0.000001 0.033075 0.966923 0.000000
3 3 0.000001 0.000015 0.066835 0.933149 0.000000
3 3 0.000000 0.000004 0.040193 0.959803 0.000000
3 3 0.000000 0.000002 0.028356 0.971643 0.000000
3 3 0.000000 0.000002 0.024405 0.975593 0.000000
3 3 0.000000 0.000001 0.011566 0.988433 0.000000
3 3 0.000000 0.000010 0.033109 0.966880 0.000000
3 3 0.000001 0.000012 0.035587 0.964400 0.000000
3 3 0.000001 0.000012 0.022179 0.977808 0.000000
3 3 0.000000 0.000003 0.028647 0.971350 0.000000
3 3 0.000000 0.000005 0.019706 0.980289 0.000000
3 3 0.000000 0.000002 0.019730 0.980268 0.000000
3 3 0.000000 0.000001 0.023775 0.976224 0.000000
3 3 0.000002 0.000015 0.017031 0.982952 0.000000
3 3 0.000001 0.000006 0.021290 0.978703 0.000000
3 3 0.000001 0.000011 0.032241 0.967747 0.000000
3 3 0.000000 0.000002 0.013248 0.986750 0.000000
3 3 0.000000 0.000000 0.004943 0.995057 0.000000
3 3 0.000000 0.000001 0.022750 0.977250 0.000000
3 3 0.000002 0.000017 0.036956 0.963025 0.000000
3 3 0.000001 0.000011 0.024765 0.975223 0.000000
3 3 0.000000 0.000007 0.024352 0.975641 0.000000
3 3 0.000000 0.000003 0.017799 0.982198 0.000000
3 3 0.000018 0.000042 0.010899 0.989038 0.000003
3 2 0.022291 0.009597 0.119427 0.847663 0.001022
3 2 0.000000 0.000002 0.031441 0.968557 0.000000
3 2 0.000283 0.001610 0.317874 0.680203 0.000030
2 2 0.000004 0.000253 0.732759 0.266983 0.000001
2 2 0.000022 0.000829 0.850700 0.148445 0.000004
2 2 0.000062 0.000590 0.643130 0.356215 0.000003
2 2 0.001153 0.022617 0.937152 0.038703 0.000375
2 2 0.000067 0.002110 0.983270 0.014545 0.000008
2 2 0.000003 0.000133 0.928511 0.071353 0.000000
2 2 0.000009 0.006602 0.989545 0.002704 0.001140
2 2 0.000036 0.002371 0.990039 0.006878 0.000675
2 2 0.000015 0.001593 0.983539 0.014749 0.000105
2 2 0.000011 0.001756 0.982111 0.016070 0.000052
2 2 0.000002 0.000314 0.964785 0.034891 0.000008
2 2 0.000001 0.000184 0.967482 0.032332 0.000001
2 2 0.000004 0.000360 0.955731 0.043901 0.000004
2 2 0.000008 0.000260 0.852177 0.147554 0.000001
2 2 0.000000 0.000068 0.846651 0.153280 0.000000
2 2 0.000000 0.000055 0.780741 0.219203 0.000000
2 2 0.001261 0.006286 0.812533 0.179750 0.000169
2 2 0.012283 0.031524 0.859524 0.095852 0.000816
2 2 0.000299 0.006280 0.973277 0.020098 0.000046
2 2 0.000037 0.001805 0.972405 0.025735 0.000018
2 2 0.000007 0.000879 0.991829 0.007262 0.000023
2 2 0.000092 0.002096 0.969785 0.028008 0.000019
2 2 0.000282 0.004952 0.959763 0.034950 0.000053
2 2 0.000118 0.004422 0.972988 0.022433 0.000038
2 2 0.000001 0.000123 0.996816 0.003059 0.000001
2 2 0.000000 0.000088 0.992192 0.007717 0.000003
2 2 0.000001 0.000166 0.994337 0.005492 0.000004
2 2 0.000000 0.000136 0.985161 0.014697 0.000006
2 2 0.000000 0.000200 0.984676 0.015122 0.000001
2 2 0.000000 0.000059 0.905574 0.094367 0.000000
2 2 0.000000 0.000062 0.873573 0.126364 0.000000
2 2 0.000000 0.000015 0.961993 0.037991 0.000000
2 2 0.000002 0.000289 0.992669 0.007038 0.000003
2 2 0.000000 0.000021 0.970939 0.029041 0.000000
2 2 0.000002 0.000196 0.968974 0.030826 0.000002
2 2 0.000006 0.000600 0.979774 0.019556 0.000064
2 2 0.000000 0.000069 0.961625 0.038306 0.000000
2 2 0.000000 0.000019 0.947023 0.052957 0.000000
2 2 0.000000 0.000074 0.955409 0.044516 0.000000
2 2 0.000000 0.000071 0.971483 0.028445 0.000000
2 2 0.000000 0.000081 0.942834 0.057085 0.000001
2 2 0.000000 0.000045 0.960728 0.039227 0.000000
2 2 0.000003 0.000883 0.993628 0.005113 0.000373
2 2 0.000000 0.000152 0.990396 0.009441 0.000012
2 2 0.000018 0.001142 0.983521 0.015261 0.000057
2 2 0.000017 0.001402 0.984373 0.014092 0.000116
2 2 0.000014 0.000344 0.905612 0.094025 0.000005
2 2 0.000002 0.000642 0.964214 0.035093 0.000050
2 2 0.000000 0.000035 0.885532 0.114433 0.000000
2 2 0.000002 0.000199 0.945820 0.053979 0.000001
2 2 0.000001 0.000221 0.979472 0.020303 0.000002
2 2 0.000005 0.000430 0.889679 0.109879 0.000007
2 2 0.000033 0.000507 0.742231 0.257225 0.000003
2 2 0.000038 0.001498 0.904872 0.093559 0.000033
2 2 0.000001 0.000063 0.891620 0.108316 0.000000
2 2 0.000000 0.000023 0.845605 0.154372 0.000000
2 2 0.000005 0.000358 0.950417 0.049211 0.000008
2 2 0.000109 0.002344 0.940608 0.056742 0.000196
2 2 0.000001 0.000242 0.906134 0.093621 0.000001
2 2 0.000000 0.000045 0.778923 0.221032 0.000001
2 2 0.000006 0.000328 0.944263 0.055398 0.000006
2 2 0.000000 0.000053 0.695840 0.304107 0.000000
2 2 0.000001 0.000132 0.595465 0.404401 0.000001
2 2 0.000000 0.000008 0.663399 0.336593 0.000000
2 2 0.000001 0.000072 0.641818 0.358109 0.000000
2 2 0.000000 0.000026 0.684270 0.315704 0.000000
3 2 0.000000 0.000014 0.347195 0.652791 0.000000
3 2 0.000019 0.000248 0.475718 0.524014 0.000001
2 2 0.000148 0.001208 0.578150 0.420481 0.000013
2 2 0.093609 0.103379 0.676165 0.121229 0.005618
2 2 0.000004 0.000230 0.886878 0.112889 0.000000
2 2 0.000849 0.006099 0.921478 0.071510 0.000063
2 2 0.000000 0.000075 0.968449 0.031476 0.000000
2 2 0.000011 0.000358 0.955154 0.044476 0.000001
2 2 0.000280 0.014283 0.966578 0.017000 0.001858
2 2 0.000464 0.018084 0.975298 0.004476 0.001677
2 2 0.001947 0.105001 0.816091 0.005452 0.071509
2 2 0.006411 0.186683 0.738684 0.001394 0.066829
2 2 0.002727 0.079035 0.885195 0.002841 0.030202
2 2 0.008670 0.072200 0.879690 0.013477 0.025963
2 2 0.016065 0.171992 0.598496 0.009719 0.203727
2 4 0.012818 0.158543 0.489678 0.027696 0.311265
2 4 0.004158 0.147800 0.537697 0.013772 0.296572
2 4 0.003700 0.203829 0.615760 0.000276 0.176435
2 1 0.028839 0.143504 0.777507 0.002199 0.047951
2 1 0.006275 0.219046 0.749549 0.003524 0.021605
2 2 0.002178 0.207494 0.574726 0.002662 0.212941
2 4 0.001531 0.164669 0.596656 0.002906 0.234238
4 4 0.006676 0.215746 0.363972 0.004541 0.409066
2 4 0.009557 0.265184 0.485297 0.001055 0.238907
2 4 0.001567 0.157477 0.779461 0.000854 0.060642
2 2 0.001824 0.122622 0.812972 0.001400 0.061183
2 2 0.000029 0.006062 0.988337 0.005099 0.000473
2 2 0.000062 0.002740 0.991971 0.004713 0.000514
2 2 0.000014 0.010870 0.979748 0.006252 0.003115
2 2 0.000068 0.005879 0.989949 0.003405 0.000699
2 2 0.000001 0.000185 0.959795 0.040014 0.000005
2 2 0.000048 0.003530 0.991770 0.004524 0.000129
2 2 0.000323 0.009864 0.983337 0.006247 0.000228
2 2 0.000430 0.016234 0.980756 0.001799 0.000780
2 2 0.000011 0.004696 0.994156 0.000782 0.000355
2 2 0.000012 0.003088 0.995605 0.000456 0.000840
2 2 0.000005 0.000867 0.995226 0.003892 0.000010
2 2 0.000013 0.001009 0.993919 0.004986 0.000072
2 2 0.000642 0.007058 0.983980 0.004975 0.003344
2 1 0.215455 0.261444 0.494118 0.012176 0.016807
2 2 0.050996 0.292140 0.641618 0.002709 0.012538
2 2 0.025077 0.103795 0.855473 0.009751 0.005905
2 2 0.000012 0.004873 0.994405 0.000568 0.000142
2 2 0.000024 0.003098 0.996514 0.000172 0.000192
2 2 0.000025 0.003365 0.994926 0.001388 0.000296
2 2 0.000024 0.001672 0.996520 0.001745 0.000038
2 2 0.000004 0.001449 0.997677 0.000599 0.000271
2 2 0.000029 0.006725 0.991091 0.000443 0.001712
2 2 0.000001 0.003710 0.994697 0.000065 0.001527
2 2 0.000001 0.001590 0.997875 0.000308 0.000226
2 2 0.000005 0.000658 0.998214 0.001064 0.000059
2 2 0.000003 0.001744 0.997364 0.000728 0.000160
2 2 0.000082 0.002354 0.995904 0.001615 0.000045
2 2 0.000002 0.000352 0.981728 0.017914 0.000004
2 2 0.000031 0.001374 0.993463 0.005064 0.000069
2 2 0.000002 0.000403 0.991757 0.007818 0.000019
2 2 0.000025 0.002298 0.996402 0.001135 0.000140
2 2 0.000004 0.000618 0.991772 0.007502 0.000104
2 2 0.000005 0.000570 0.990844 0.008543 0.000038
2 2 0.000014 0.001693 0.994049 0.004072 0.000171
2 2 0.000002 0.000320 0.995211 0.004462 0.000005
2 2 0.000000 0.000068 0.993180 0.006752 0.000000
2 2 0.000005 0.000577 0.993499 0.005904 0.000015
2 2 0.000004 0.000918 0.996369 0.002615 0.000093
2 2 0.000003 0.000136 0.912002 0.087859 0.000000
2 2 0.000000 0.000074 0.941515 0.058410 0.000001
2 2 0.000008 0.000540 0.992972 0.006472 0.000008
2 2 0.000000 0.000073 0.992469 0.007457 0.000000
2 2 0.000007 0.000398 0.966349 0.033245 0.000001
2 2 0.000010 0.000498 0.976983 0.022507 0.000001
2 2 0.000001 0.000138 0.976089 0.023770 0.000002
2 2 0.000015 0.000752 0.983424 0.015803 0.000005
2 2 0.000003 0.000449 0.983675 0.015864 0.000010
2 2 0.000007 0.001053 0.991449 0.007484 0.000007
2 2 0.000003 0.000306 0.987605 0.012068 0.000018
2 2 0.000000 0.000098 0.972165 0.027732 0.000004
2 2 0.000001 0.000102 0.930696 0.069201 0.000000
2 2 0.000000 0.000040 0.841465 0.158495 0.000000
2 2 0.000000 0.000059 0.938281 0.061659 0.000000
2 2 0.000000 0.000051 0.950936 0.049012 0.000000
2 2 0.000000 0.000054 0.942346 0.057599 0.000000
2 2 0.000000 0.000070 0.904798 0.095131 0.000000
2 2 0.000017 0.000472 0.867344 0.132165 0.000003
2 2 0.000041 0.001188 0.895429 0.103287 0.000056
2 2 0.000000 0.000058 0.950068 0.049874 0.000000
2 2 0.000001 0.000071 0.860819 0.139108 0.000000
3 3 0.000000 0.000015 0.435469 0.564517 0.000000
2 3 0.000000 0.000016 0.553816 0.446168 0.000000
2 3 0.000000 0.000045 0.778487 0.221468 0.000000
2 3 0.000001 0.000077 0.692294 0.307628 0.000000
2 3 0.000003 0.000204 0.804867 0.194922 0.000004
2 3 0.000003 0.000105 0.893907 0.105984 0.000001
2 3 0.000000 0.000009 0.545775 0.454216 0.000000
2 3 0.000000 0.000016 0.551365 0.448619 0.000000
2 3 0.000008 0.000380 0.685496 0.314088 0.000028
2 3 0.000008 0.000156 0.703138 0.296694 0.000004
3 3 0.000000 0.000010 0.330344 0.669645 0.000000
3 3 0.000000 0.000016 0.306089 0.693894 0.000000
3 3 0.000001 0.000104 0.419167 0.580727 0.000001
3 3 0.000000 0.000025 0.255610 0.744365 0.000000
3 3 0.000064 0.000350 0.177528 0.822043 0.000014
3 3 0.000002 0.000037 0.107969 0.891991 0.000000
3 2 0.013251 0.008119 0.202211 0.775901 0.000518
2 2 0.009588 0.013669 0.554996 0.421291 0.000456
2 2 0.111021 0.256541 0.614765 0.005702 0.011970
2 2 0.012724 0.069585 0.879501 0.035570 0.002620
2 2 0.000147 0.003649 0.978755 0.017431 0.000018
2 2 0.000020 0.000249 0.912132 0.087599 0.000001
2 2 0.000221 0.002546 0.962145 0.035075 0.000013
2 2 0.000141 0.003417 0.981624 0.014801 0.000017
2 2 0.000000 0.000111 0.997837 0.002051 0.000000
2 2 0.000015 0.000927 0.995345 0.003659 0.000053
2 2 0.000011 0.002627 0.993446 0.003779 0.000136
2 2 0.000007 0.000391 0.995134 0.004412 0.000056
2 2 0.001303 0.014992 0.975759 0.002327 0.005619
2 2 0.000651 0.017760 0.972997 0.005295 0.003296
2 2 0.000036 0.001068 0.967231 0.031660 0.000005
2 2 0.000028 0.001064 0.962784 0.036114 0.000010
2 2 0.007886 0.018898 0.948542 0.020783 0.003890
2 1 0.105677 0.332993 0.539790 0.003411 0.018129
2 2 0.000773 0.020823 0.973604 0.004594 0.000207
2 2 0.011908 0.029689 0.925056 0.032840 0.000506
2 2 0.002530 0.021644 0.957617 0.017919 0.000290
2 2 0.000047 0.002322 0.989778 0.007835 0.000018
2 2 0.000013 0.002271 0.996678 0.000800 0.000238
2 2 0.000002 0.001302 0.997826 0.000785 0.000085
2 2 0.000044 0.002718 0.991852 0.005088 0.000298
2 2 0.000149 0.008826 0.987584 0.001689 0.001752
2 2 0.000011 0.002242 0.995776 0.001524 0.000447
2 2 0.000027 0.002481 0.994430 0.002861 0.000202
2 2 0.005186 0.013918 0.877445 0.103195 0.000256
0 0 0.747063 0.132481 0.110551 0.001352 0.008554
2 1 0.279399 0.315198 0.391447 0.001236 0.012720
2 2 0.041234 0.044989 0.766666 0.145260 0.001850
1 2 0.245751 0.414348 0.315459 0.000554 0.023888
2 2 0.056072 0.178543 0.731259 0.019499 0.014627
2 2 0.003244 0.018678 0.955584 0.022272 0.000222
2 2 0.023345 0.031598 0.871725 0.072590 0.000741
2 2 0.001440 0.020912 0.968599 0.008634 0.000415
2 2 0.088711 0.237796 0.659279 0.004140 0.010073
2 2 0.000170 0.014664 0.982027 0.002642 0.000497
2 2 0.000033 0.002545 0.995620 0.001698 0.000103
2 2 0.000004 0.001301 0.996906 0.001750 0.000039
2 2 0.000014 0.001127 0.996166 0.002658 0.000035
2 2 0.000001 0.000265 0.986570 0.013163 0.000001
2 2 0.000025 0.000687 0.991967 0.007317 0.000005
2 2 0.000026 0.001668 0.996410 0.001492 0.000404
2 2 0.000004 0.002210 0.996779 0.000854 0.000153
2 2 0.000001 0.000511 0.998852 0.000629 0.000008
2 2 0.000003 0.000642 0.997626 0.001668 0.000061
2 2 0.210144 0.151687 0.613517 0.015259 0.009393
2 2 0.103736 0.124061 0.755249 0.012983 0.003971
0 2 0.511596 0.160045 0.295448 0.014025 0.018886
0 2 0.543902 0.314889 0.113034 0.000312 0.027864
2 2 0.254065 0.272483 0.444570 0.008541 0.020341
2 2 0.073856 0.227424 0.676086 0.010253 0.012381
2 2 0.028441 0.097049 0.835126 0.020122 0.019261
1 1 0.311745 0.384620 0.282232 0.000465 0.020938
2 2 0.019207 0.226676 0.743808 0.002463 0.007846
2 2 0.007155 0.078154 0.887901 0.003109 0.023681
2 2 0.000108 0.004064 0.978428 0.017040 0.000360
2 2 0.001462 0.024108 0.968800 0.004960 0.000670
2 2 0.000100 0.003123 0.986332 0.010379 0.000067
2 2 0.000385 0.040225 0.956270 0.002217 0.000904
2 2 0.000007 0.000169 0.946290 0.053533 0.000000
2 2 0.000062 0.001762 0.984780 0.013359 0.000037
2 2 0.001990 0.117314 0.781196 0.003640 0.095861
2 2 0.001194 0.149298 0.785767 0.001002 0.062739
2 4 0.004077 0.210959 0.551498 0.001559 0.231907
2 4 0.004640 0.263982 0.514490 0.000163 0.216724
2 4 0.009264 0.282021 0.375715 0.000950 0.332050
2 4 0.005983 0.232336 0.451217 0.000352 0.310112
2 4 0.003254 0.139451 0.425995 0.006094 0.425207
4 4 0.007865 0.232491 0.297671 0.002451 0.459523
4 4 0.009184 0.135759 0.167110 0.003303 0.684645
4 4 0.013842 0.133346 0.143960 0.003701 0.705151
4 4 0.028798 0.051159 0.021281 0.002293 0.896469
4 4 0.029695 0.091946 0.042833 0.002623 0.832904
4 4 0.022380 0.088697 0.057697 0.003885 0.827341
4 4 0.188428 0.248404 0.049886 0.000027 0.513256
4 4 0.023740 0.132337 0.048491 0.000040 0.795392
4 4 0.018018 0.142816 0.067880 0.000227 0.771058
4 4 0.023132 0.036797 0.013871 0.000715 0.925485
4 4 0.021473 0.039363 0.016326 0.001357 0.921481
1 4 0.161879 0.506528 0.206759 0.000218 0.124617
0 1 0.555736 0.286126 0.065149 0.000035 0.092954
4 1 0.064308 0.299269 0.078917 0.000006 0.557500
4 4 0.007400 0.121670 0.121445 0.000410 0.749076
2 4 0.016614 0.346383 0.372687 0.000516 0.263799
4 4 0.014789 0.250713 0.352761 0.002193 0.379544
2 4 0.006241 0.224941 0.526439 0.000821 0.241558
2 4 0.008117 0.288356 0.399029 0.002250 0.302248
1 1 0.102699 0.439756 0.367454 0.001245 0.088846
1 1 0.109531 0.527810 0.267912 0.000161 0.094586
4 4 0.006419 0.234961 0.329858 0.000535 0.428227
2 4 0.003650 0.223462 0.444399 0.002025 0.326464
4 4 0.012514 0.134290 0.078275 0.000664 0.774257
4 4 0.012530 0.146452 0.130394 0.001761 0.708864
4 4 0.026090 0.081401 0.041275 0.002680 0.848554
4 4 0.028607 0.129518 0.065128 0.002644 0.774103
1 4 0.037021 0.358368 0.260642 0.000124 0.343845
1 4 0.034136 0.375702 0.332880 0.000068 0.257214
4 4 0.032747 0.187071 0.079014 0.000302 0.700865
4 4 0.019938 0.156398 0.102002 0.000618 0.721043
1 4 0.281223 0.392669 0.080988 0.000075 0.245044
0 4 0.419837 0.278720 0.038712 0.000008 0.262722
4 4 0.020091 0.244838 0.248917 0.003809 0.482346
2 4 0.030986 0.303668 0.448221 0.000492 0.216633
2 2 0.003260 0.212931 0.590188 0.001477 0.192145
2 2 0.003523 0.179882 0.630066 0.002352 0.184178
2 2 0.017685 0.288326 0.436143 0.000295 0.257550
1 2 0.077018 0.467177 0.223864 0.000088 0.231853
2 2 0.003319 0.228339 0.549019 0.000527 0.218796
2 2 0.004316 0.226734 0.458113 0.003502 0.307335
4 2 0.003776 0.179773 0.266550 0.000565 0.549336
4 2 0.012485 0.310770 0.146971 0.000007 0.529767
4 4 0.023278 0.073774 0.034248 0.001676 0.867023
4 4 0.027829 0.096425 0.041257 0.000743 0.833746
4 4 0.013104 0.220668 0.224180 0.001970 0.540079
4 4 0.018853 0.207619 0.158177 0.000084 0.615267
4 4 0.010669 0.306728 0.326598 0.000019 0.355986
4 4 0.005412 0.216849 0.364613 0.000867 0.412259
4 4 0.012193 0.109052 0.075238 0.001127 0.802389
4 4 0.012551 0.168314 0.140839 0.000854 0.677442
4 4 0.012984 0.173703 0.092086 0.000160 0.721067
4 4 0.012314 0.171256 0.114855 0.000908 0.700667
4 4 0.003260 0.088854 0.156944 0.001193 0.749749
4 4 0.003678 0.099317 0.110214 0.000145 0.786646
4 4 0.004684 0.195290 0.304052 0.001118 0.494855
2 4 0.004164 0.203755 0.432762 0.003617 0.355702
2 4 0.002438 0.162358 0.517240 0.004571 0.313394
2 4 0.002277 0.164899 0.556648 0.001674 0.274503
4 4 0.018351 0.185069 0.279824 0.007495 0.509261
1 1 0.200070 0.403955 0.071911 0.000004 0.324061
