0 0 0.874229 0.071091 0.024188 0.000626 0.029866
0 0 0.607447 0.241634 0.067665 0.001382 0.081872
0 0 0.619111 0.216327 0.114595 0.006789 0.043177
0 0 0.613927 0.220707 0.119510 0.006827 0.039029
0 0 0.538514 0.303874 0.104741 0.002183 0.050688
0 0 0.671546 0.198144 0.061776 0.001510 0.067025
0 0 0.784549 0.111785 0.054958 0.003792 0.044916
0 0 0.917753 0.038417 0.023873 0.002350 0.017607
0 0 0.722412 0.169624 0.038584 0.000486 0.068894
0 0 0.752689 0.129790 0.076086 0.006142 0.035292
0 0 0.756933 0.123422 0.068784 0.006098 0.044762
0 0 0.943595 0.023850 0.022076 0.003475 0.007004
0 0 0.766849 0.143067 0.029433 0.000284 0.060367
0 0 0.854883 0.074918 0.020663 0.000470 0.049066
0 0 0.859339 0.072271 0.015786 0.000221 0.052384
0 0 0.845852 0.083834 0.016439 0.000168 0.053707
0 0 0.824702 0.081644 0.027835 0.001254 0.064564
0 0 0.894251 0.050731 0.026314 0.002027 0.026676
0 0 0.652245 0.239400 0.051997 0.000424 0.055935
0 0 0.622222 0.264313 0.062658 0.000554 0.050254
0 0 0.651022 0.216303 0.074833 0.001949 0.055892
0 0 0.593345 0.273995 0.063655 0.000679 0.068325
0 0 0.891021 0.047131 0.011759 0.000271 0.049818
0 0 0.896124 0.051453 0.023829 0.001411 0.027184
0 0 0.951549 0.016448 0.002609 0.000023 0.029371
0 0 0.955566 0.014958 0.002245 0.000018 0.027214
0 0 0.792359 0.124698 0.028809 0.000357 0.053776
0 0 0.630651 0.238912 0.057304 0.000732 0.072401
0 0 0.845729 0.066333 0.016593 0.000429 0.070915
0 0 0.813415 0.092361 0.022405 0.000457 0.071363
0 0 0.736869 0.144262 0.072400 0.004406 0.042064
0 0 0.523949 0.289660 0.123173 0.004887 0.058330
0 0 0.707983 0.190052 0.043751 0.000466 0.057748
0 0 0.736690 0.162512 0.051671 0.001105 0.048021
0 0 0.632438 0.225162 0.085775 0.002692 0.053933
0 0 0.556761 0.275359 0.104362 0.003270 0.060247
0 0 0.873337 0.065009 0.012952 0.000145 0.048557
0 0 0.765278 0.127950 0.041679 0.001333 0.063761
0 0 0.850802 0.079768 0.015787 0.000169 0.053474
0 0 0.698117 0.202217 0.040530 0.000306 0.058830
0 0 0.681609 0.200621 0.046610 0.000583 0.070577
0 0 0.835388 0.085071 0.022769 0.000504 0.056267
0 0 0.918614 0.033285 0.012308 0.000658 0.035135
0 0 0.917793 0.033261 0.013059 0.000805 0.035081
0 0 0.859308 0.061605 0.043206 0.006665 0.029216
0 0 0.911431 0.040091 0.027900 0.003444 0.017134
0 0 0.922296 0.039920 0.012390 0.000303 0.025091
0 0 0.936800 0.031085 0.017472 0.001219 0.013424
0 0 0.912983 0.042421 0.011186 0.000225 0.033185
0 0 0.926440 0.037497 0.011425 0.000270 0.024368
0 0 0.949198 0.022474 0.011176 0.000809 0.016343
0 0 0.964996 0.014755 0.011275 0.001524 0.007450
0 0 0.930048 0.032852 0.015592 0.000990 0.020519
0 0 0.849145 0.083002 0.016333 0.000163 0.051357
0 0 0.708768 0.189309 0.039550 0.000355 0.062018
0 0 0.817160 0.111078 0.024816 0.000269 0.046678
0 0 0.706785 0.201974 0.039546 0.000253 0.051442
0 0 0.657411 0.228234 0.060537 0.000779 0.053039
0 0 0.814533 0.098575 0.042774 0.002202 0.041916
0 0 0.835383 0.084276 0.048695 0.003869 0.027778
0 0 0.866118 0.065246 0.019775 0.000597 0.048264
0 0 0.922739 0.041448 0.018915 0.000798 0.016100
0 0 0.939401 0.015352 0.033452 0.007234 0.004561
0 0 0.928702 0.030079 0.025360 0.004027 0.011834
0 0 0.940103 0.020391 0.024255 0.001782 0.013469
0 0 0.866505 0.052293 0.060544 0.006603 0.014055
0 0 0.923242 0.034267 0.024843 0.002599 0.015049
0 0 0.910395 0.033617 0.030511 0.006658 0.018819
0 0 0.840703 0.066984 0.054101 0.008005 0.030206
0 0 0.821967 0.083767 0.063050 0.008165 0.023051
0 0 0.887158 0.042720 0.045015 0.010490 0.014617
0 0 0.871048 0.045548 0.049864 0.016776 0.016764
0 0 0.899708 0.056299 0.020448 0.000566 0.022979
0 0 0.795742 0.122857 0.024328 0.000220 0.056853
0 0 0.936669 0.028775 0.016155 0.001413 0.016989
0 0 0.880764 0.061137 0.029488 0.001744 0.026867
0 0 0.886926 0.049532 0.014672 0.000485 0.048385
0 0 0.926595 0.029102 0.005161 0.000056 0.039086
0 0 0.933674 0.030119 0.009150 0.000260 0.026797
0 0 0.949618 0.021736 0.011354 0.000941 0.016350
0 0 0.916082 0.037583 0.020766 0.001973 0.023596
0 0 0.954126 0.019272 0.013726 0.001856 0.011020
0 0 0.932856 0.026242 0.021970 0.004577 0.014355
0 0 0.940303 0.024708 0.017087 0.002468 0.015436
0 0 0.920946 0.031718 0.005806 0.000068 0.041462
0 0 0.928605 0.026469 0.006026 0.000124 0.038775
0 0 0.926367 0.028053 0.005244 0.000067 0.040268
0 0 0.953428 0.019232 0.003875 0.000047 0.023418
0 0 0.954706 0.015556 0.002331 0.000018 0.027388
0 0 0.862377 0.080110 0.013520 0.000084 0.043909
1 0 0.313744 0.506196 0.125764 0.001085 0.053210
1 0 0.267387 0.524312 0.149199 0.001922 0.057180
1 0 0.362077 0.450442 0.121399 0.001523 0.064558
0 0 0.520127 0.333373 0.079093 0.000807 0.066600
0 0 0.894999 0.046634 0.010291 0.000173 0.047904
0 1 0.757767 0.166537 0.028161 0.000130 0.047405
0 1 0.465103 0.406693 0.079057 0.000363 0.048785
0 1 0.458997 0.400115 0.084302 0.000500 0.056086
0 1 0.515181 0.299411 0.144052 0.005181 0.036176
0 0 0.816920 0.093353 0.062939 0.005552 0.021236
0 0 0.790387 0.117748 0.026653 0.000377 0.064835
0 0 0.749793 0.157978 0.029193 0.000169 0.062866
1 1 0.343925 0.499134 0.108777 0.000619 0.047544
1 1 0.398513 0.440939 0.102946 0.000819 0.056783
0 0 0.714118 0.187080 0.036869 0.000262 0.061670
0 0 0.627380 0.275448 0.048344 0.000199 0.048629
0 0 0.653332 0.246006 0.045394 0.000228 0.055039
0 0 0.874732 0.065337 0.012050 0.000110 0.047771
1 0 0.423275 0.442127 0.077772 0.000199 0.056627
1 0 0.349627 0.506859 0.099141 0.000377 0.043995
0 0 0.949948 0.023678 0.015024 0.001286 0.010064
0 0 0.933548 0.027738 0.011805 0.000767 0.026141
0 0 0.956863 0.017979 0.005555 0.000167 0.019435
0 0 0.956387 0.018007 0.005338 0.000150 0.020117
0 0 0.927321 0.031779 0.012351 0.000634 0.027915
0 0 0.945967 0.022514 0.007960 0.000338 0.023221
0 0 0.911425 0.041608 0.007454 0.000069 0.039444
0 0 0.896790 0.057280 0.008849 0.000046 0.037034
0 0 0.890281 0.056143 0.032139 0.002282 0.019154
0 0 0.903548 0.039085 0.036450 0.007540 0.013376
0 0 0.834881 0.075653 0.059905 0.008559 0.021001
0 0 0.937442 0.022560 0.024585 0.000842 0.014570
0 0 0.954269 0.019020 0.018350 0.000619 0.007743
0 0 0.879483 0.058351 0.040574 0.003693 0.017899
0 0 0.921015 0.031991 0.031652 0.006191 0.009151
0 0 0.864651 0.076183 0.034424 0.001391 0.023351
0 0 0.632733 0.262294 0.060906 0.000458 0.043608
0 0 0.618774 0.246154 0.084935 0.001849 0.048288
1 0 0.355814 0.480551 0.110686 0.000783 0.052166
0 0 0.452966 0.401986 0.097129 0.000737 0.047182
1 0 0.268331 0.599446 0.086978 0.000074 0.045171
1 0 0.279713 0.570218 0.098047 0.000165 0.051857
1 0 0.211319 0.617829 0.125388 0.000360 0.045105
1 0 0.237984 0.609949 0.106360 0.000177 0.045531
1 0 0.176372 0.625875 0.140884 0.000416 0.056452
1 0 0.203393 0.597516 0.141156 0.000492 0.057443
1 0 0.103908 0.593809 0.241646 0.000513 0.060124
1 0 0.100837 0.579444 0.251516 0.000475 0.067729
1 0 0.079406 0.546886 0.314541 0.000354 0.058812
1 0 0.079051 0.567253 0.308556 0.000549 0.044591
1 0 0.111204 0.665689 0.166587 0.000061 0.056460
1 0 0.112214 0.659168 0.167264 0.000052 0.061302
1 0 0.076415 0.573048 0.291489 0.000260 0.058788
1 1 0.070639 0.587859 0.286523 0.000211 0.054767
1 1 0.070602 0.506076 0.386876 0.000878 0.035568
1 1 0.073553 0.537647 0.351264 0.000547 0.036989
1 1 0.051939 0.552929 0.348298 0.000805 0.046028
1 1 0.060788 0.568199 0.321254 0.000480 0.049279
1 1 0.136213 0.578900 0.188777 0.000457 0.095653
1 1 0.176420 0.542038 0.185945 0.000596 0.095001
1 1 0.069987 0.525271 0.293257 0.000673 0.110813
1 1 0.077695 0.493097 0.341109 0.001526 0.086573
1 1 0.076517 0.598227 0.244685 0.000102 0.080470
1 1 0.070601 0.539934 0.315889 0.000294 0.073282
1 1 0.064324 0.532013 0.305450 0.001319 0.096894
1 1 0.062117 0.492618 0.322845 0.001534 0.120886
1 1 0.086186 0.546064 0.212780 0.000177 0.154793
1 1 0.119117 0.509909 0.243378 0.000645 0.126952
1 1 0.126009 0.574450 0.219789 0.000183 0.079569
1 1 0.132920 0.588632 0.206318 0.000194 0.071937
1 1 0.143779 0.552144 0.225057 0.000164 0.078856
1 1 0.167432 0.588495 0.185828 0.000212 0.058034
1 1 0.129953 0.545340 0.260524 0.000960 0.063223
1 1 0.095877 0.469087 0.314654 0.000449 0.119933
1 1 0.064942 0.504869 0.332553 0.000834 0.096801
1 1 0.055580 0.513388 0.347302 0.000573 0.083156
1 1 0.045087 0.508795 0.384141 0.001912 0.060065
1 1 0.047079 0.446965 0.426289 0.001658 0.078009
1 1 0.036708 0.471317 0.396889 0.003475 0.091611
2 1 0.029319 0.411622 0.436199 0.003731 0.119130
1 1 0.061083 0.471834 0.341453 0.004764 0.120867
1 1 0.069031 0.550040 0.279809 0.002753 0.098367
1 2 0.035480 0.481897 0.339218 0.000768 0.142636
1 2 0.025217 0.440774 0.423036 0.000564 0.110410
2 2 0.037388 0.379361 0.505990 0.002501 0.074760
2 2 0.050248 0.385533 0.475072 0.002999 0.086148
1 1 0.062823 0.570600 0.314116 0.000111 0.052350
1 1 0.051112 0.612466 0.300917 0.000053 0.035451
2 1 0.019769 0.449646 0.468416 0.000152 0.062017
1 1 0.031898 0.481078 0.422093 0.000178 0.064753
2 1 0.009683 0.367813 0.594671 0.000233 0.027600
2 1 0.006094 0.322471 0.626804 0.000044 0.044587
2 1 0.022869 0.308104 0.622212 0.000078 0.046737
2 1 0.022172 0.450147 0.494683 0.000280 0.032718
2 1 0.007767 0.340979 0.629243 0.000140 0.021871
2 1 0.012350 0.280261 0.678828 0.000042 0.028518
1 1 0.064309 0.544915 0.361829 0.000378 0.028570
1 1 0.054402 0.595904 0.318873 0.000097 0.030723
1 1 0.060544 0.506128 0.387093 0.000516 0.045719
1 1 0.052561 0.480887 0.438405 0.000600 0.027547
1 1 0.058870 0.554228 0.369064 0.000513 0.017325
2 1 0.037969 0.295121 0.644517 0.000093 0.022300
2 2 0.001213 0.209257 0.758646 0.000052 0.030832
2 2 0.000750 0.122041 0.848026 0.000046 0.029137
2 2 0.006538 0.141439 0.821877 0.002594 0.027553
2 2 0.001948 0.156179 0.811825 0.001085 0.028962
2 2 0.002116 0.063112 0.926869 0.001075 0.006828
2 2 0.000138 0.017024 0.977958 0.000659 0.004221
2 2 0.002580 0.066611 0.921273 0.002084 0.007452
2 2 0.007380 0.083639 0.887489 0.007028 0.014464
2 2 0.000187 0.021523 0.952259 0.019932 0.006099
2 2 0.000247 0.020137 0.950833 0.022609 0.006175
2 2 0.000077 0.014448 0.959724 0.014699 0.011052
2 3 0.000372 0.025388 0.928106 0.036556 0.009578
2 3 0.001771 0.052111 0.723217 0.186782 0.036120
2 3 0.001802 0.046257 0.694408 0.232497 0.025038
2 3 0.000409 0.016291 0.789226 0.185909 0.008165
2 3 0.000948 0.023380 0.754796 0.208043 0.012834
3 3 0.001639 0.009279 0.299685 0.685264 0.004133
3 3 0.002606 0.011376 0.257487 0.722237 0.006293
3 3 0.002841 0.012454 0.359476 0.619756 0.005472
3 3 0.002290 0.005192 0.162185 0.829502 0.000831
2 3 0.006950 0.065141 0.494081 0.375879 0.057950
3 3 0.005045 0.034224 0.418793 0.497694 0.044245
3 3 0.003621 0.010462 0.231147 0.743385 0.011385
3 3 0.006127 0.015038 0.161482 0.805518 0.011835
3 3 0.005605 0.010751 0.145918 0.830147 0.007578
3 3 0.002038 0.004903 0.149873 0.839855 0.003330
3 3 0.007372 0.008853 0.078746 0.901018 0.004011
3 3 0.008658 0.009282 0.064839 0.913203 0.004018
3 3 0.003089 0.004913 0.081841 0.907725 0.002432
3 3 0.006309 0.009130 0.087347 0.891904 0.005309
3 3 0.007230 0.009281 0.066225 0.912023 0.005241
3 3 0.007440 0.007557 0.053911 0.928129 0.002964
3 3 0.004175 0.007678 0.124727 0.858557 0.004863
3 3 0.005850 0.007401 0.067475 0.915702 0.003573
3 3 0.009253 0.008825 0.050348 0.928026 0.003548
3 3 0.008789 0.007142 0.040587 0.941244 0.002238
3 3 0.012196 0.011453 0.057857 0.913674 0.004820
3 3 0.008159 0.006709 0.039425 0.943607 0.002101
3 3 0.007200 0.005333 0.032462 0.953616 0.001389
3 3 0.004199 0.003006 0.022783 0.969359 0.000654
3 3 0.010821 0.008950 0.046676 0.930522 0.003031
3 3 0.004605 0.003315 0.024207 0.967130 0.000743
3 3 0.007139 0.005285 0.032280 0.953924 0.001372
3 3 0.007579 0.006031 0.036368 0.948255 0.001768
3 3 0.006930 0.005120 0.031658 0.954975 0.001316
3 3 0.008297 0.007291 0.043009 0.938874 0.002528
3 3 0.006751 0.004979 0.031120 0.955881 0.001269
3 3 0.007126 0.005274 0.032241 0.953990 0.001369
3 3 0.008227 0.006727 0.039352 0.943601 0.002093
3 3 0.009087 0.008129 0.046519 0.933314 0.002951
3 3 0.009074 0.007453 0.041857 0.939225 0.002392
3 3 0.007312 0.005421 0.032789 0.953059 0.001419
3 3 0.007704 0.005731 0.033929 0.951109 0.001527
3 3 0.006840 0.005050 0.031389 0.955428 0.001293
3 3 0.008026 0.005986 0.034849 0.949520 0.001617
3 3 0.010002 0.007566 0.040221 0.940008 0.002203
3 3 0.014360 0.013008 0.059507 0.908526 0.004598
3 3 0.013642 0.010532 0.049175 0.923240 0.003412
3 3 0.017276 0.034722 0.128316 0.811801 0.007885
3 3 0.014119 0.027722 0.112831 0.839355 0.005973
3 3 0.015514 0.016159 0.067755 0.896344 0.004228
3 3 0.021150 0.024852 0.089247 0.858087 0.006664
3 3 0.010366 0.007861 0.041169 0.938287 0.002317
3 3 0.012859 0.012985 0.059199 0.911725 0.003233
3 3 0.006136 0.004499 0.029234 0.959020 0.001110
3 3 0.007296 0.005409 0.032743 0.953138 0.001415
3 3 0.019257 0.054062 0.167129 0.752922 0.006630
3 3 0.027794 0.036895 0.201633 0.726085 0.007594
2 2 0.004959 0.138933 0.705154 0.114438 0.036516
2 2 0.005693 0.109396 0.732368 0.117242 0.035301
2 2 0.003841 0.058085 0.785913 0.142984 0.009177
2 2 0.004755 0.068787 0.816591 0.095910 0.013957
2 2 0.005637 0.059669 0.819045 0.111071 0.004578
2 2 0.001942 0.044921 0.853218 0.095268 0.004652
2 2 0.023842 0.102241 0.779552 0.090627 0.003738
2 2 0.037967 0.109454 0.795578 0.053722 0.003279
2 2 0.005780 0.173473 0.747625 0.022854 0.050268
2 2 0.002982 0.085981 0.855410 0.019529 0.036098
2 2 0.002007 0.061478 0.875641 0.037783 0.023091
2 2 0.001142 0.082733 0.844117 0.040008 0.032000
2 2 0.000344 0.033460 0.920740 0.032200 0.013256
2 2 0.000642 0.069559 0.878212 0.031177 0.020410
2 2 0.000900 0.029612 0.752551 0.203266 0.013671
2 2 0.002744 0.044266 0.696421 0.238553 0.018017
2 2 0.150404 0.252542 0.496728 0.068342 0.031984
2 2 0.120580 0.227123 0.577276 0.035077 0.039943
2 2 0.008172 0.138104 0.791357 0.027821 0.034546
2 2 0.010549 0.159116 0.762536 0.011005 0.056795
2 2 0.001042 0.090193 0.877563 0.006164 0.025038
2 2 0.001051 0.102204 0.864167 0.003962 0.028616
2 2 0.007341 0.085833 0.879769 0.014612 0.012445
2 2 0.011795 0.107850 0.863455 0.007588 0.009312
2 2 0.003315 0.117751 0.837694 0.010534 0.030707
2 2 0.002990 0.117265 0.836216 0.006810 0.036720
2 2 0.005558 0.082544 0.862691 0.032507 0.016701
2 2 0.008032 0.085506 0.871358 0.018896 0.016209
2 2 0.000156 0.047075 0.930273 0.006807 0.015689
2 2 0.000102 0.051510 0.927703 0.003091 0.017594
2 2 0.000132 0.009863 0.967535 0.019697 0.002773
2 2 0.001994 0.044398 0.912758 0.028485 0.012364
2 2 0.000084 0.035624 0.936383 0.007271 0.020638
2 2 0.000132 0.041758 0.930587 0.011654 0.015870
2 2 0.001945 0.058874 0.914681 0.001176 0.023325
2 2 0.011356 0.215106 0.733246 0.002952 0.037340
2 2 0.000113 0.037198 0.941211 0.007343 0.014135
2 2 0.000188 0.027757 0.953333 0.010510 0.008212
2 2 0.002897 0.106773 0.818659 0.027923 0.043748
2 2 0.000444 0.073492 0.883518 0.009197 0.033349
2 2 0.000090 0.030119 0.956485 0.004676 0.008630
2 2 0.000016 0.010875 0.981654 0.003194 0.004262
2 2 0.001385 0.059349 0.905674 0.019427 0.014165
2 2 0.008827 0.072452 0.888106 0.017102 0.013513
2 2 0.000911 0.068090 0.912148 0.001843 0.017008
2 2 0.000408 0.058276 0.923925 0.000874 0.016518
2 2 0.015553 0.059560 0.912737 0.005867 0.006283
2 2 0.051263 0.236927 0.687533 0.012492 0.011785
1 2 0.088998 0.397395 0.388772 0.002377 0.122459
1 2 0.094694 0.535270 0.294876 0.002959 0.072202
2 2 0.001225 0.166848 0.797673 0.005731 0.028523
2 2 0.000153 0.062970 0.920338 0.000337 0.016202
2 2 0.000607 0.049064 0.942401 0.000903 0.007025
2 2 0.001289 0.031034 0.961692 0.000645 0.005340
2 2 0.001239 0.092602 0.876656 0.002593 0.026911
2 2 0.000480 0.061414 0.912022 0.001241 0.024843
2 2 0.000473 0.041050 0.943255 0.001773 0.013449
2 2 0.002681 0.083452 0.883040 0.003986 0.026841
2 2 0.000266 0.067014 0.910591 0.005790 0.016339
2 2 0.000207 0.028329 0.957561 0.001561 0.012342
2 2 0.002065 0.068754 0.895903 0.016268 0.017010
2 2 0.000213 0.018404 0.966244 0.006962 0.008177
2 2 0.000145 0.030382 0.928785 0.020960 0.019728
2 2 0.000144 0.039676 0.918172 0.012071 0.029938
2 2 0.000169 0.019271 0.897820 0.075426 0.007313
2 2 0.000110 0.013144 0.899682 0.080516 0.006548
2 2 0.009390 0.070156 0.851009 0.047199 0.022246
2 2 0.008801 0.072388 0.854035 0.048750 0.016026
2 2 0.000875 0.062024 0.903906 0.002988 0.030207
2 2 0.000585 0.054749 0.917998 0.003713 0.022954
2 2 0.000030 0.015494 0.964894 0.011617 0.007966
2 2 0.000039 0.021672 0.957294 0.008921 0.012074
2 2 0.003880 0.043818 0.901274 0.041667 0.009361
2 2 0.008612 0.046570 0.899267 0.038419 0.007132
2 2 0.000216 0.026419 0.936589 0.031006 0.005770
2 2 0.000116 0.012091 0.973292 0.010138 0.004364
2 2 0.007243 0.249505 0.686304 0.000319 0.056629
2 2 0.004340 0.150581 0.815588 0.000422 0.029068
2 2 0.008662 0.139711 0.780661 0.005153 0.065813
2 2 0.005231 0.110869 0.841447 0.001943 0.040510
2 2 0.000430 0.029642 0.957515 0.007144 0.005269
2 2 0.005065 0.060178 0.913596 0.008247 0.012914
2 2 0.000759 0.080424 0.890299 0.000294 0.028224
2 2 0.000223 0.034657 0.951820 0.000249 0.013050
2 2 0.001532 0.053721 0.933419 0.002326 0.009002
2 2 0.000398 0.023986 0.972438 0.001429 0.001749
2 2 0.004344 0.063027 0.863226 0.054360 0.015044
2 2 0.001388 0.044682 0.922236 0.018816 0.012878
2 2 0.000309 0.069221 0.894949 0.011760 0.023761
2 2 0.000065 0.033386 0.944060 0.007725 0.014764
2 2 0.000038 0.010831 0.951025 0.032771 0.005334
2 2 0.000040 0.010859 0.949834 0.034214 0.005053
2 2 0.001755 0.071447 0.745836 0.149781 0.031181
2 3 0.000733 0.046442 0.821298 0.111697 0.019830
2 3 0.002014 0.045292 0.665153 0.260176 0.027365
2 3 0.002427 0.041482 0.610561 0.321529 0.024001
2 3 0.006226 0.053462 0.739603 0.182594 0.018115
2 3 0.003256 0.057644 0.716827 0.209260 0.013013
2 3 0.002021 0.041029 0.743835 0.189128 0.023986
2 3 0.003069 0.041556 0.780523 0.147231 0.027620
2 3 0.002995 0.058254 0.687551 0.197679 0.053521
2 3 0.002640 0.054770 0.696432 0.193889 0.052269
2 3 0.005348 0.038906 0.484222 0.436295 0.035229
3 3 0.005904 0.024398 0.257895 0.692048 0.019754
3 3 0.003635 0.013506 0.225285 0.748293 0.009281
3 3 0.005977 0.013390 0.136621 0.837183 0.006829
3 3 0.004440 0.009761 0.135559 0.844094 0.006146
3 3 0.007556 0.018465 0.177742 0.779908 0.016328
3 3 0.008008 0.010984 0.077970 0.896125 0.006913
3 3 0.006349 0.004665 0.029894 0.957927 0.001165
3 3 0.011354 0.008661 0.043673 0.933677 0.002634
3 3 0.009237 0.007529 0.047181 0.933800 0.002253
3 3 0.012095 0.009713 0.048067 0.926888 0.003237
3 3 0.007357 0.005457 0.032922 0.952833 0.001432
3 3 0.009159 0.007240 0.040248 0.941152 0.002201
3 3 0.010430 0.008019 0.041985 0.937150 0.002416
3 3 0.007738 0.005758 0.034028 0.950938 0.001537
3 3 0.008403 0.006286 0.035909 0.947676 0.001725
3 3 0.010932 0.009226 0.048057 0.928560 0.003226
3 3 0.008544 0.006399 0.036302 0.946989 0.001766
3 3 0.011070 0.013882 0.071122 0.901009 0.002916
3 3 0.017250 0.023992 0.099356 0.853884 0.005518
3 3 0.017120 0.026396 0.119962 0.831657 0.004865
3 3 0.011640 0.027299 0.132796 0.824560 0.003704
3 3 0.013683 0.022663 0.091660 0.868250 0.003744
3 3 0.014085 0.020328 0.083435 0.878318 0.003834
3 3 0.012612 0.017237 0.084584 0.882157 0.003409
3 3 0.015700 0.025058 0.106047 0.848241 0.004954
3 3 0.012354 0.011261 0.053166 0.920198 0.003021
3 3 0.009673 0.007943 0.042194 0.938070 0.002120
3 3 0.010638 0.011531 0.061544 0.913581 0.002706
3 3 0.009988 0.007556 0.040186 0.940072 0.002199
3 3 0.007922 0.009827 0.062483 0.917823 0.001945
3 3 0.006957 0.005180 0.032380 0.954143 0.001340
3 3 0.008341 0.006237 0.035736 0.947979 0.001707
3 3 0.007474 0.005549 0.033264 0.952250 0.001464
3 3 0.007637 0.005828 0.034783 0.950142 0.001609
3 3 0.005787 0.004227 0.028130 0.960834 0.001023
3 3 0.007099 0.005253 0.032163 0.954123 0.001362
3 3 0.007235 0.005361 0.032565 0.953441 0.001399
3 3 0.015223 0.011842 0.052787 0.916164 0.003984
3 3 0.010910 0.008301 0.042558 0.935742 0.002490
3 3 0.004616 0.003323 0.024245 0.967070 0.000746
3 3 0.004939 0.003572 0.025351 0.965318 0.000820
3 3 0.006240 0.004580 0.029556 0.958487 0.001137
3 3 0.005689 0.004151 0.027818 0.961343 0.000999
3 3 0.012696 0.011384 0.055360 0.917321 0.003240
3 3 0.008841 0.008573 0.055627 0.924709 0.002250
3 3 0.007903 0.006048 0.036057 0.948314 0.001679
3 3 0.007934 0.005913 0.034587 0.949974 0.001591
3 3 0.015824 0.024762 0.095170 0.859674 0.004571
3 3 0.013099 0.011500 0.053362 0.918771 0.003267
3 3 0.017664 0.013872 0.058043 0.905502 0.004918
3 3 0.016357 0.017343 0.070885 0.890849 0.004566
3 3 0.012313 0.009442 0.046026 0.929267 0.002952
3 3 0.011155 0.008499 0.043174 0.934603 0.002569
3 3 0.015870 0.013116 0.056844 0.909918 0.004252
3 3 0.011871 0.012283 0.058141 0.914786 0.002919
3 3 0.015238 0.012770 0.056143 0.911827 0.004022
3 3 0.014931 0.023052 0.093598 0.864113 0.004307
3 3 0.009831 0.007653 0.040766 0.939593 0.002157
3 3 0.008322 0.006221 0.035682 0.948074 0.001702
3 3 0.017340 0.018138 0.072522 0.887048 0.004952
3 3 0.013075 0.018007 0.076955 0.888533 0.003430
3 3 0.011023 0.008392 0.042844 0.935214 0.002526
3 3 0.015393 0.011979 0.053148 0.915433 0.004047
3 3 0.012471 0.009571 0.046408 0.928544 0.003006
3 3 0.009451 0.007124 0.038766 0.942625 0.002034
3 3 0.008177 0.006106 0.035274 0.948783 0.001660
3 3 0.008624 0.006462 0.036521 0.946605 0.001789
3 3 0.007568 0.005873 0.034770 0.950293 0.001496
3 3 0.005855 0.004280 0.028347 0.960479 0.001040
3 3 0.012459 0.009561 0.046378 0.928600 0.003002
3 3 0.013229 0.014543 0.064806 0.904011 0.003410
3 3 0.013383 0.014930 0.065739 0.902489 0.003459
3 3 0.014728 0.015378 0.065868 0.900096 0.003930
3 3 0.007655 0.006524 0.039625 0.944076 0.002120
3 3 0.004413 0.003168 0.023540 0.968178 0.000700
3 3 0.008131 0.006345 0.039551 0.944198 0.001775
3 3 0.010180 0.009955 0.050236 0.927309 0.002320
3 3 0.018694 0.027356 0.103010 0.844985 0.005954
3 3 0.015344 0.021170 0.085584 0.873547 0.004354
3 3 0.010147 0.007684 0.040600 0.939321 0.002248
3 3 0.009729 0.007347 0.039506 0.941298 0.002119
3 3 0.009144 0.006878 0.037943 0.944092 0.001942
3 3 0.010535 0.007997 0.041602 0.937496 0.002370
3 3 0.010467 0.007942 0.041428 0.937814 0.002349
3 3 0.008348 0.006242 0.035756 0.947944 0.001709
3 3 0.009094 0.006838 0.037807 0.944334 0.001927
3 3 0.009701 0.007325 0.039431 0.941433 0.002111
3 3 0.009414 0.007094 0.038667 0.942802 0.002023
3 3 0.010760 0.009229 0.046600 0.930938 0.002473
3 3 0.004453 0.010430 0.126915 0.856696 0.001507
2 2 0.018408 0.080000 0.538413 0.355774 0.007405
2 2 0.009711 0.107091 0.837185 0.031655 0.014357
2 2 0.003378 0.109829 0.815069 0.058187 0.013537
2 2 0.053456 0.212521 0.700252 0.004777 0.028994
2 2 0.022888 0.217224 0.735297 0.003203 0.021388
2 2 0.009642 0.203230 0.631703 0.011604 0.143821
2 2 0.003212 0.091837 0.829574 0.013100 0.062277
2 2 0.009978 0.197866 0.523520 0.019175 0.249460
4 2 0.002451 0.177122 0.300430 0.003421 0.516576
4 2 0.046520 0.271798 0.201327 0.003267 0.477087
4 2 0.028122 0.253665 0.179631 0.001972 0.536609
4 2 0.002949 0.099278 0.092808 0.002164 0.802801
4 2 0.010579 0.172384 0.161153 0.009658 0.646226
4 2 0.050374 0.096860 0.063593 0.002909 0.786264
4 4 0.025021 0.066970 0.038093 0.000586 0.869331
4 4 0.004785 0.035184 0.031483 0.001039 0.927509
4 4 0.014143 0.060523 0.043427 0.001166 0.880742
4 4 0.002205 0.202034 0.254410 0.002483 0.538868
4 4 0.004622 0.162587 0.232951 0.004904 0.594936
4 4 0.002595 0.163857 0.229590 0.002997 0.600962
4 4 0.004791 0.221990 0.202018 0.004432 0.566769
4 4 0.008738 0.152880 0.143897 0.007657 0.686828
4 4 0.014390 0.134076 0.103640 0.003487 0.744407
4 4 0.006799 0.050507 0.055026 0.005070 0.882599
4 4 0.001945 0.020535 0.022783 0.001047 0.953690
4 4 0.005060 0.089034 0.070428 0.001233 0.834245
4 4 0.005670 0.071221 0.063202 0.002022 0.857885
4 4 0.010829 0.172600 0.123318 0.001616 0.691637
4 4 0.011158 0.186486 0.131639 0.002454 0.668264
4 4 0.034991 0.266022 0.212359 0.005368 0.481259
4 4 0.008759 0.210853 0.224595 0.002002 0.553791
4 4 0.050173 0.208999 0.109172 0.001800 0.629856
4 4 0.005868 0.135506 0.116319 0.001010 0.741298
4 4 0.011749 0.189733 0.159708 0.001739 0.637070
4 4 0.018848 0.170216 0.113008 0.001508 0.696420
4 4 0.028065 0.181738 0.072134 0.000236 0.717827
4 4 0.019796 0.206390 0.100310 0.000590 0.672915
4 4 0.034087 0.305069 0.128315 0.000640 0.531888
4 4 0.034256 0.189346 0.103876 0.001562 0.670961
4 4 0.043248 0.304277 0.281859 0.002084 0.368531
2 4 0.042940 0.251410 0.381585 0.003837 0.320229
4 4 0.020893 0.217596 0.142468 0.001020 0.618022
4 4 0.039169 0.250570 0.136105 0.001302 0.572854
4 4 0.023794 0.246475 0.240942 0.001130 0.487659
4 1 0.045992 0.247770 0.301172 0.003069 0.401997
4 1 0.013691 0.253670 0.264991 0.003699 0.463949
4 1 0.011382 0.206065 0.221284 0.000671 0.560598
4 1 0.033464 0.290529 0.246573 0.002412 0.427023
4 1 0.017103 0.249204 0.266488 0.002489 0.464715
4 2 0.019213 0.294950 0.213447 0.002132 0.470258
4 2 0.016867 0.224935 0.296141 0.005496 0.456561
2 2 0.006326 0.200815 0.625890 0.004451 0.162519
2 2 0.008847 0.176416 0.694411 0.005179 0.115147
2 2 0.006844 0.091719 0.843668 0.008132 0.049637
2 2 0.002616 0.075005 0.872557 0.008672 0.041151
2 2 0.010181 0.174995 0.720742 0.005063 0.089019
2 2 0.004268 0.126663 0.790489 0.001237 0.077343
2 2 0.000805 0.066297 0.913247 0.002599 0.017052
2 2 0.001630 0.048915 0.934613 0.002185 0.012658
2 2 0.029664 0.256447 0.674694 0.002568 0.036627
2 2 0.017578 0.139706 0.821926 0.001599 0.019191
2 2 0.000912 0.073855 0.913706 0.000550 0.010976
2 2 0.006456 0.065777 0.916016 0.002257 0.009494
2 2 0.010179 0.124592 0.841834 0.000319 0.023077
2 2 0.030319 0.355168 0.564886 0.001044 0.048582
2 2 0.131928 0.406519 0.426292 0.005200 0.030061
1 2 0.081518 0.541128 0.348388 0.001696 0.027269
2 2 0.011581 0.333334 0.584937 0.003345 0.066804
2 2 0.013990 0.269049 0.643225 0.005075 0.068660
2 1 0.195626 0.332176 0.431021 0.003574 0.037603
1 1 0.119782 0.531683 0.324107 0.001583 0.022844
1 2 0.056450 0.489400 0.422628 0.001258 0.030264
2 2 0.033202 0.194874 0.737705 0.000803 0.033415
1 2 0.046640 0.582391 0.313895 0.000061 0.057013
1 2 0.044704 0.587932 0.317160 0.000097 0.050107
1 2 0.070394 0.535703 0.320500 0.001152 0.072251
1 2 0.054649 0.536483 0.354523 0.000337 0.054008
2 2 0.001399 0.093935 0.891241 0.000173 0.013253
2 2 0.001611 0.118971 0.854209 0.000182 0.025026
2 2 0.000028 0.018097 0.978944 0.000061 0.002870
2 2 0.000035 0.024853 0.968866 0.000081 0.006166
2 2 0.001003 0.131632 0.831689 0.001379 0.034297
2 2 0.000143 0.040255 0.940393 0.000130 0.019078
2 2 0.001271 0.080654 0.905210 0.000748 0.012117
2 2 0.002445 0.037957 0.950888 0.000539 0.008171
2 2 0.017173 0.281675 0.614804 0.000890 0.085458
2 2 0.028532 0.346113 0.470560 0.003201 0.151593
2 2 0.002958 0.076483 0.909426 0.003251 0.007882
2 2 0.000697 0.069728 0.915090 0.000385 0.014100
2 2 0.000704 0.068697 0.898743 0.001580 0.030276
2 2 0.001579 0.132396 0.823359 0.006406 0.036261
2 2 0.000876 0.053654 0.934526 0.000046 0.010898
2 1 0.014698 0.231306 0.742056 0.002070 0.009869
2 2 0.036336 0.276669 0.671346 0.002670 0.012979
2 1 0.054411 0.273076 0.657757 0.001527 0.013229
1 1 0.143279 0.485117 0.314673 0.001839 0.055092
1 1 0.068182 0.485753 0.422339 0.002591 0.021136
2 2 0.004415 0.200095 0.763364 0.001492 0.030635
2 2 0.004830 0.192719 0.773175 0.002142 0.027133
2 2 0.001693 0.060546 0.934954 0.000636 0.002171
2 2 0.002040 0.050088 0.945300 0.000502 0.002069
2 2 0.007488 0.334475 0.610286 0.000144 0.047607
2 2 0.005072 0.261135 0.689914 0.000054 0.043825
2 2 0.001442 0.063107 0.926887 0.000050 0.008514
2 2 0.003606 0.192830 0.790065 0.000524 0.012975
2 2 0.000102 0.014628 0.982605 0.000366 0.002299
2 2 0.000946 0.051026 0.942991 0.001360 0.003676
2 2 0.004274 0.045007 0.948096 0.001481 0.001141
2 2 0.022023 0.082810 0.887249 0.004482 0.003436
2 2 0.003561 0.266698 0.687784 0.000406 0.041550
2 2 0.001564 0.156895 0.802519 0.000103 0.038919
2 2 0.000507 0.064940 0.920541 0.000479 0.013533
2 2 0.000225 0.048772 0.941571 0.001071 0.008361
2 2 0.001033 0.064571 0.914953 0.000145 0.019297
2 2 0.001319 0.102851 0.875213 0.001168 0.019449
2 2 0.000112 0.031865 0.960535 0.000148 0.007341
2 2 0.000383 0.065705 0.917876 0.000146 0.015890
2 2 0.000064 0.035320 0.947159 0.000129 0.017328
2 2 0.000044 0.028619 0.959716 0.000061 0.011559
2 2 0.000271 0.076406 0.901076 0.000280 0.021967
2 2 0.000480 0.065320 0.917945 0.000228 0.016026
2 2 0.000024 0.023324 0.968975 0.000321 0.007356
2 2 0.000037 0.021798 0.972159 0.000345 0.005662
2 2 0.022531 0.148074 0.814567 0.001210 0.013617
2 0 0.308721 0.215805 0.453198 0.009021 0.013255
2 1 0.025029 0.355806 0.568804 0.000323 0.050039
1 1 0.033842 0.493661 0.432139 0.000322 0.040036
2 2 0.039575 0.209036 0.740533 0.003567 0.007289
2 0 0.132559 0.259955 0.588399 0.007408 0.011679
1 0 0.062538 0.527860 0.330055 0.000155 0.079392
1 1 0.037867 0.502512 0.420473 0.000142 0.039007
2 1 0.005789 0.152052 0.825932 0.001491 0.014735
2 2 0.002712 0.163456 0.806949 0.000297 0.026586
2 2 0.002487 0.119437 0.864338 0.000583 0.013155
2 2 0.000967 0.069364 0.917141 0.000152 0.012376
2 2 0.000808 0.083352 0.902115 0.002152 0.011573
2 2 0.000537 0.066117 0.922023 0.001146 0.010177
2 2 0.001650 0.113060 0.871794 0.000269 0.013227
2 2 0.003616 0.079490 0.908098 0.000353 0.008444
2 2 0.000358 0.102557 0.879949 0.000049 0.017087
2 2 0.000203 0.065339 0.924462 0.000091 0.009905
1 0 0.189816 0.473276 0.313954 0.004143 0.018812
2 0 0.142825 0.377775 0.456591 0.004606 0.018203
1 1 0.040771 0.519848 0.226439 0.000178 0.212764
1 1 0.033541 0.506526 0.247659 0.000119 0.212154
2 1 0.001231 0.183469 0.755156 0.001919 0.058225
2 2 0.000207 0.072676 0.900681 0.000270 0.026165
2 2 0.000074 0.080427 0.890763 0.000058 0.028679
2 2 0.000031 0.038422 0.948720 0.000013 0.012814
2 2 0.000444 0.079728 0.881818 0.013102 0.024908
2 2 0.000268 0.055747 0.917571 0.003897 0.022517
2 2 0.000113 0.044867 0.940708 0.002724 0.011588
2 2 0.000039 0.027961 0.963147 0.000229 0.008625
2 2 0.000188 0.055464 0.922186 0.001437 0.020725
2 2 0.000301 0.063169 0.920678 0.001231 0.014621
2 2 0.011148 0.213423 0.723504 0.000521 0.051404
2 2 0.002070 0.120282 0.852684 0.000151 0.024812
2 2 0.000347 0.031407 0.953572 0.003144 0.011530
2 2 0.001398 0.068355 0.903593 0.004667 0.021988
2 2 0.000161 0.041082 0.945322 0.000305 0.013130
2 2 0.000461 0.052703 0.930009 0.001022 0.015805
2 2 0.000200 0.042593 0.936801 0.009485 0.010920
2 2 0.000280 0.046112 0.937012 0.003883 0.012712
2 2 0.000534 0.104405 0.869785 0.000348 0.024929
2 2 0.000281 0.055290 0.923577 0.000064 0.020787
2 2 0.001984 0.077305 0.896036 0.002689 0.021985
2 2 0.006438 0.096773 0.864725 0.005675 0.026389
2 2 0.000377 0.029269 0.953945 0.012177 0.004233
2 2 0.000326 0.020948 0.968843 0.005694 0.004189
2 2 0.000042 0.027265 0.964502 0.003759 0.004432
2 2 0.000041 0.027842 0.963596 0.001820 0.006701
2 2 0.000246 0.060024 0.924849 0.004375 0.010505
2 2 0.000037 0.016725 0.977630 0.001230 0.004376
2 2 0.000643 0.031188 0.961398 0.002538 0.004232
2 1 0.004848 0.104533 0.870153 0.002033 0.018433
2 2 0.017519 0.177794 0.757834 0.001934 0.044919
2 2 0.035107 0.273704 0.627200 0.005057 0.058932
2 2 0.002895 0.121245 0.820557 0.002152 0.053150
2 2 0.001447 0.059256 0.910889 0.000825 0.027583
2 2 0.000665 0.031125 0.962968 0.002122 0.003121
2 2 0.007546 0.084306 0.888482 0.013618 0.006048
1 2 0.082313 0.451780 0.353130 0.000410 0.112367
2 2 0.045292 0.441741 0.454942 0.001000 0.057026
2 2 0.002705 0.080862 0.880941 0.014957 0.020534
2 2 0.003675 0.086482 0.870435 0.013639 0.025770
2 2 0.001244 0.042816 0.887162 0.035777 0.033001
2 2 0.000372 0.030299 0.941193 0.011042 0.017093
2 2 0.001925 0.061808 0.882120 0.014620 0.039527
2 2 0.007349 0.085483 0.827920 0.030524 0.048724
2 2 0.000096 0.029341 0.958496 0.004336 0.007732
2 2 0.000044 0.015106 0.975600 0.004697 0.004553
2 2 0.000182 0.051031 0.922881 0.007537 0.018369
2 2 0.000157 0.048326 0.923877 0.008567 0.019072
2 2 0.000869 0.052091 0.887585 0.040585 0.018870
2 2 0.000562 0.055793 0.882545 0.040429 0.020672
2 2 0.000502 0.044124 0.883946 0.056549 0.014879
2 2 0.000934 0.045569 0.833326 0.104039 0.016132
2 2 0.000363 0.029831 0.884117 0.075535 0.010154
2 2 0.000757 0.034368 0.882874 0.070488 0.011513
2 2 0.000406 0.024545 0.907887 0.059912 0.007250
2 2 0.000980 0.067809 0.842829 0.069756 0.018626
2 2 0.001741 0.042312 0.869710 0.073987 0.012250
2 2 0.000501 0.027366 0.894661 0.067173 0.010299
2 3 0.018733 0.089472 0.850213 0.039573 0.002010
2 2 0.022099 0.109793 0.847815 0.017432 0.002861
2 2 0.000630 0.052131 0.940040 0.001256 0.005943
2 2 0.001806 0.071866 0.916130 0.001675 0.008523
2 2 0.006617 0.207837 0.758584 0.001200 0.025762
2 2 0.005277 0.122429 0.847695 0.000914 0.023685
2 2 0.001647 0.107486 0.864872 0.000379 0.025616
2 2 0.000993 0.093682 0.883650 0.001158 0.020518
2 2 0.003217 0.114830 0.848499 0.008789 0.024664
2 2 0.002245 0.087929 0.882948 0.008000 0.018878
2 2 0.003440 0.088710 0.868568 0.020913 0.018369
2 2 0.002482 0.075408 0.891093 0.015745 0.015272
2 2 0.004261 0.073407 0.884349 0.024601 0.013383
2 2 0.009098 0.121126 0.821838 0.028241 0.019697
2 2 0.005991 0.129517 0.801042 0.038214 0.025237
2 3 0.006621 0.117788 0.826069 0.025221 0.024301
2 3 0.006358 0.078243 0.774349 0.127916 0.013134
2 3 0.008420 0.058956 0.774423 0.140104 0.018097
2 3 0.016847 0.102010 0.693827 0.178810 0.008505
2 3 0.017110 0.113153 0.703615 0.153091 0.013032
2 3 0.007170 0.049736 0.682736 0.246648 0.013711
2 3 0.008632 0.057308 0.685840 0.237975 0.010245
2 3 0.008706 0.056060 0.577714 0.350720 0.006801
2 3 0.013138 0.063166 0.493014 0.426409 0.004272
2 3 0.009221 0.101204 0.532717 0.323496 0.033362
2 3 0.006967 0.086439 0.548954 0.324519 0.033122
3 3 0.006044 0.040498 0.367883 0.578268 0.007307
3 3 0.005467 0.033113 0.429250 0.519693 0.012476
3 3 0.007948 0.020216 0.142607 0.823665 0.005563
3 3 0.006147 0.020608 0.236075 0.732176 0.004994
2 3 0.007517 0.043898 0.503051 0.442278 0.003256
2 3 0.008474 0.045812 0.541547 0.399989 0.004177
2 3 0.016419 0.063795 0.545406 0.367578 0.006802
2 3 0.020426 0.077601 0.474982 0.421444 0.005547
3 3 0.013223 0.065748 0.418698 0.496912 0.005418
3 3 0.015793 0.062891 0.311503 0.602613 0.007200
3 3 0.008289 0.024577 0.240152 0.723797 0.003185
3 3 0.005775 0.018379 0.177542 0.796258 0.002046
3 3 0.020962 0.040206 0.309459 0.625045 0.004327
3 3 0.027559 0.078772 0.418105 0.467735 0.007830
2 3 0.054974 0.289362 0.586784 0.059217 0.009662
0 0 0.467596 0.249259 0.233706 0.017529 0.031910
1 0 0.154412 0.450901 0.349308 0.009953 0.035427
2 1 0.068329 0.330908 0.572412 0.003822 0.024529
2 2 0.014509 0.151265 0.818364 0.007746 0.008115
2 2 0.021315 0.242961 0.715929 0.010335 0.009460
2 2 0.000250 0.036688 0.958777 0.001205 0.003079
2 2 0.000309 0.030036 0.964255 0.001952 0.003447
2 2 0.002329 0.051775 0.912263 0.025751 0.007882
2 2 0.001136 0.036324 0.926002 0.026172 0.010365
4 2 0.041247 0.314347 0.262564 0.007489 0.374353
4 2 0.011064 0.194058 0.222879 0.002906 0.569093
4 4 0.007032 0.138374 0.130411 0.005925 0.718257
4 4 0.024995 0.204524 0.152466 0.006704 0.611310
4 4 0.033207 0.134751 0.102386 0.006093 0.723563
4 4 0.038221 0.130565 0.089298 0.003796 0.738120
4 4 0.090238 0.295268 0.126152 0.001474 0.486869
4 4 0.060214 0.284085 0.137764 0.001972 0.515964
4 4 0.096713 0.336059 0.217791 0.005277 0.344160
1 4 0.285205 0.315338 0.147746 0.006819 0.244893
4 4 0.015996 0.233062 0.169818 0.001364 0.579759
4 4 0.002515 0.149146 0.253738 0.001696 0.592905
4 4 0.011484 0.136866 0.096026 0.000759 0.754865
4 4 0.030548 0.234476 0.121228 0.001303 0.612446
2 4 0.030632 0.295138 0.474076 0.012666 0.187488
2 4 0.039118 0.314858 0.475078 0.017903 0.153043
4 4 0.037474 0.301349 0.217111 0.003280 0.440785
4 4 0.013963 0.236263 0.307245 0.005441 0.437088
4 4 0.018631 0.225213 0.118882 0.000951 0.636323
4 4 0.006110 0.171507 0.122154 0.001498 0.698732
4 4 0.028488 0.276391 0.206603 0.001259 0.487258
4 4 0.021336 0.236898 0.167652 0.000209 0.573905
4 4 0.023442 0.216272 0.119766 0.001400 0.639119
4 4 0.007207 0.178995 0.099778 0.000488 0.713532
4 4 0.022335 0.104340 0.051806 0.000385 0.821134
4 4 0.027008 0.195958 0.102150 0.001027 0.673857
4 4 0.039869 0.235200 0.200578 0.007444 0.516909
4 4 0.040126 0.263306 0.179377 0.007725 0.509467
4 4 0.011226 0.105435 0.064977 0.000710 0.817652
4 4 0.005512 0.091704 0.061878 0.000589 0.840318
4 4 0.033636 0.184991 0.101898 0.001537 0.677938
4 4 0.012332 0.144761 0.094088 0.001340 0.747478
4 4 0.038996 0.085568 0.042051 0.000473 0.832912
4 4 0.012372 0.032889 0.018556 0.000184 0.935999
4 4 0.045687 0.112344 0.055285 0.000682 0.786002
4 4 0.108948 0.233015 0.114037 0.002705 0.541295
4 4 0.025322 0.035512 0.019069 0.000262 0.919835
4 4 0.065933 0.058671 0.030109 0.000653 0.844634
4 4 0.025126 0.117276 0.046457 0.000144 0.810997
4 4 0.063991 0.178332 0.070801 0.000442 0.686433
1 4 0.302041 0.368647 0.243409 0.003331 0.082572
1 4 0.141288 0.444126 0.296301 0.002927 0.115357
1 4 0.171465 0.314243 0.232317 0.013957 0.268018
4 4 0.134487 0.286763 0.201985 0.007487 0.369277
4 4 0.109143 0.330574 0.191764 0.002822 0.365698
4 4 0.045374 0.293275 0.148947 0.000687 0.511717
4 4 0.124381 0.249252 0.123702 0.003528 0.499137
4 4 0.225812 0.171621 0.077866 0.002547 0.522153
1 4 0.182809 0.339946 0.152059 0.002022 0.323163
1 4 0.161129 0.394593 0.137579 0.001267 0.305433
4 4 0.021162 0.042792 0.011171 0.000006 0.924869
4 4 0.024199 0.057259 0.013960 0.000006 0.904575
4 4 0.009522 0.143003 0.043200 0.000020 0.804255
4 4 0.008659 0.144896 0.043178 0.000018 0.803249
4 4 0.018953 0.257230 0.168423 0.000250 0.555143
4 4 0.028502 0.278838 0.253854 0.000874 0.437932
1 4 0.076469 0.440806 0.248359 0.003101 0.231265
1 4 0.106316 0.397126 0.176703 0.001975 0.317879
4 4 0.021635 0.176831 0.094363 0.000885 0.706285
4 4 0.060392 0.167592 0.070640 0.000545 0.700831
4 4 0.073492 0.371222 0.089173 0.000078 0.466035
4 4 0.050414 0.308733 0.078358 0.000062 0.562433
4 4 0.084741 0.307513 0.153968 0.003430 0.450347
4 4 0.056025 0.252225 0.116751 0.001269 0.573731
4 4 0.052268 0.203959 0.103843 0.001584 0.638345
4 4 0.064716 0.281866 0.130106 0.001594 0.521717
4 4 0.050378 0.377921 0.106546 0.000137 0.465018
4 4 0.037812 0.325575 0.091618 0.000087 0.544908
4 4 0.044125 0.265944 0.114083 0.000744 0.575105
4 4 0.074414 0.396366 0.129537 0.000443 0.399240
4 4 0.072067 0.363481 0.113672 0.000303 0.450476
4 4 0.088853 0.362066 0.107266 0.000270 0.441546
4 4 0.036770 0.182829 0.093881 0.001126 0.685394
4 4 0.047506 0.250763 0.130882 0.002086 0.568763
4 4 0.031856 0.312721 0.157711 0.000131 0.497581
4 4 0.010968 0.208474 0.101945 0.000061 0.678552
1 4 0.114535 0.467605 0.317936 0.003126 0.096797
2 1 0.221253 0.303279 0.362461 0.009676 0.103331
1 1 0.210797 0.387157 0.318919 0.030211 0.052916
1 1 0.234503 0.398778 0.280197 0.016397 0.070124
4 1 0.093975 0.240387 0.189461 0.002640 0.473537
4 1 0.076533 0.338725 0.237378 0.005093 0.342271
2 1 0.010826 0.215284 0.565701 0.000875 0.207314
2 1 0.020409 0.351465 0.473671 0.000475 0.153978
4 1 0.005767 0.170809 0.072582 0.000039 0.750803
4 2 0.001343 0.114361 0.091467 0.000143 0.792686
4 2 0.012652 0.237303 0.127822 0.000276 0.621947
4 2 0.003758 0.157732 0.161956 0.000198 0.676356
4 2 0.007550 0.157606 0.103613 0.001063 0.730168
4 2 0.008733 0.144062 0.134890 0.001429 0.710885
4 2 0.023501 0.276069 0.291661 0.004682 0.404089
1 2 0.068364 0.374937 0.278969 0.007682 0.270047
4 2 0.012960 0.219236 0.172358 0.000463 0.594983
4 2 0.006724 0.295378 0.248660 0.000822 0.448417
2 2 0.001587 0.166238 0.473888 0.006023 0.352264
2 2 0.001452 0.206510 0.441439 0.003552 0.347046
4 2 0.006259 0.244973 0.201545 0.000364 0.546860
4 2 0.005955 0.200532 0.149378 0.000436 0.643699
2 2 0.001603 0.110056 0.788778 0.013146 0.086416
2 2 0.000838 0.128851 0.675510 0.005740 0.189062
2 2 0.003903 0.140945 0.662093 0.001512 0.191547
2 2 0.001547 0.179939 0.586922 0.001095 0.230496
2 2 0.000747 0.146655 0.736353 0.000036 0.116209
2 2 0.000281 0.079960 0.752497 0.000010 0.167253
2 2 0.000513 0.115236 0.748147 0.000107 0.135997
2 2 0.000314 0.114860 0.689903 0.000140 0.194783
2 2 0.095382 0.352221 0.522470 0.002377 0.027550
2 2 0.022221 0.299219 0.654429 0.002234 0.021896
2 2 0.000664 0.056018 0.923205 0.001440 0.018672
2 2 0.001128 0.081596 0.899543 0.005696 0.012037
