0 0 0.842601 0.123935 0.032268 0.000230 0.000967
0 0 0.630922 0.313777 0.053147 0.000658 0.001496
0 0 0.965179 0.024502 0.009033 0.000883 0.000403
0 0 0.924228 0.048893 0.019120 0.006854 0.000905
0 0 0.959420 0.023681 0.010400 0.006356 0.000142
0 0 0.973786 0.018497 0.006744 0.000794 0.000179
0 0 0.961078 0.033328 0.004043 0.000001 0.001550
0 0 0.889927 0.095316 0.007233 0.000000 0.007525
1 0 0.429258 0.439738 0.069648 0.000001 0.061355
0 0 0.788054 0.188061 0.015692 0.000000 0.008192
0 0 0.574450 0.369137 0.021690 0.000000 0.034724
1 0 0.314986 0.475821 0.055666 0.000005 0.153522
1 0 0.431783 0.458905 0.045377 0.000000 0.063935
1 0 0.144067 0.670752 0.099925 0.000000 0.085256
1 0 0.058497 0.649298 0.236703 0.000006 0.055495
1 0 0.093005 0.611935 0.188440 0.001222 0.105399
1 1 0.061072 0.561269 0.125459 0.000022 0.252179
1 1 0.148992 0.565615 0.120505 0.000004 0.164884
1 1 0.025593 0.498189 0.284720 0.000011 0.191487
1 1 0.103286 0.654204 0.177771 0.000006 0.064733
1 1 0.039028 0.569024 0.179660 0.001625 0.210664
1 1 0.029012 0.572665 0.220957 0.001678 0.175689
2 2 0.015779 0.436108 0.436876 0.004840 0.106397
2 2 0.014842 0.379350 0.475126 0.012105 0.118577
2 2 0.000396 0.075991 0.906405 0.004438 0.012770
2 2 0.000224 0.057415 0.931271 0.005256 0.005834
2 2 0.000040 0.009617 0.982389 0.007218 0.000736
2 2 0.000002 0.002526 0.995276 0.000433 0.001763
2 2 0.000601 0.103195 0.860671 0.000596 0.034937
1 1 0.025423 0.486248 0.475266 0.002698 0.010365
1 0 0.170596 0.536637 0.277027 0.000030 0.015710
2 1 0.010660 0.471171 0.479041 0.001040 0.038088
1 1 0.084809 0.679295 0.155854 0.000004 0.080039
1 1 0.116729 0.652734 0.164199 0.000025 0.066312
2 2 0.017181 0.429624 0.439897 0.002407 0.110891
2 2 0.004807 0.355190 0.614535 0.000012 0.025456
2 2 0.001497 0.242311 0.750103 0.000115 0.005974
2 2 0.001618 0.158471 0.790022 0.007396 0.042493
2 2 0.000009 0.008426 0.989577 0.000350 0.001638
2 2 0.001242 0.047534 0.949641 0.001160 0.000423
1 1 0.049051 0.507376 0.417141 0.000010 0.026422
2 1 0.003873 0.404325 0.534805 0.000067 0.056929
2 1 0.000022 0.022042 0.975392 0.001179 0.001366
2 2 0.000055 0.020756 0.972209 0.005188 0.001793
2 2 0.011783 0.174230 0.794571 0.007353 0.012062
2 2 0.004668 0.153112 0.834064 0.002857 0.005298
2 2 0.000000 0.000898 0.988691 0.010339 0.000072
2 2 0.000000 0.000460 0.995743 0.003708 0.000089
2 2 0.000019 0.000915 0.992145 0.006546 0.000375
2 2 0.000013 0.000731 0.989271 0.009861 0.000124
2 2 0.000010 0.000252 0.985050 0.014627 0.000062
2 2 0.000019 0.000596 0.930299 0.068991 0.000096
2 2 0.001228 0.005756 0.977626 0.014453 0.000937
2 2 0.000177 0.009570 0.985573 0.004581 0.000099
2 2 0.000004 0.001602 0.988469 0.009884 0.000041
2 2 0.000002 0.000748 0.991560 0.007504 0.000187
2 2 0.000121 0.001749 0.901389 0.096381 0.000360
2 2 0.000004 0.000179 0.949784 0.049895 0.000137
2 2 0.000045 0.000994 0.837155 0.161464 0.000341
2 2 0.000004 0.000302 0.980934 0.018738 0.000022
2 2 0.000110 0.001084 0.680050 0.318729 0.000027
2 2 0.000063 0.000920 0.583019 0.415746 0.000253
2 2 0.000089 0.002341 0.869051 0.128305 0.000215
2 2 0.000003 0.000612 0.788237 0.211086 0.000062
2 2 0.000047 0.000771 0.557101 0.441996 0.000084
2 3 0.000003 0.000516 0.736297 0.263135 0.000049
3 3 0.000001 0.000115 0.227791 0.772090 0.000002
3 3 0.000002 0.000108 0.188378 0.811511 0.000000
3 3 0.000013 0.000409 0.253526 0.746042 0.000011
3 3 0.000002 0.000164 0.288158 0.711671 0.000005
3 3 0.000000 0.000026 0.099840 0.900134 0.000000
3 3 0.000000 0.000008 0.045037 0.954955 0.000000
3 3 0.000031 0.000683 0.204616 0.794649 0.000021
3 3 0.000047 0.001012 0.340731 0.658186 0.000024
3 3 0.000001 0.000056 0.130261 0.869683 0.000001
3 3 0.000000 0.000065 0.201739 0.798195 0.000001
3 3 0.000000 0.000006 0.006100 0.993893 0.000000
3 3 0.000000 0.000011 0.033001 0.966987 0.000000
3 3 0.000000 0.000012 0.018428 0.981560 0.000000
3 3 0.000000 0.000041 0.046072 0.953885 0.000002
3 3 0.000000 0.000013 0.043407 0.956580 0.000000
3 3 0.000000 0.000006 0.022636 0.977358 0.000000
3 3 0.000000 0.000017 0.036426 0.963556 0.000000
3 3 0.000000 0.000004 0.008152 0.991843 0.000000
3 3 0.000000 0.000002 0.012600 0.987398 0.000000
3 3 0.000000 0.000008 0.024274 0.975717 0.000000
3 3 0.000000 0.000006 0.016539 0.983455 0.000000
3 3 0.000000 0.000003 0.005344 0.994653 0.000000
3 3 0.000000 0.000007 0.032890 0.967103 0.000000
3 3 0.000000 0.000010 0.038253 0.961737 0.000000
3 3 0.000000 0.000004 0.019874 0.980121 0.000000
3 3 0.000000 0.000002 0.011863 0.988135 0.000000
3 3 0.000000 0.000008 0.011057 0.988935 0.000000
3 3 0.000000 0.000006 0.008872 0.991121 0.000001
3 3 0.000001 0.000031 0.015214 0.984753 0.000002
3 3 0.000001 0.000044 0.040620 0.959334 0.000002
3 3 0.000004 0.000131 0.038973 0.960881 0.000011
2 3 0.000012 0.001342 0.559986 0.438474 0.000186
2 3 0.001497 0.026363 0.814285 0.115763 0.042094
2 2 0.000073 0.026732 0.961066 0.008499 0.003629
2 2 0.000896 0.032095 0.938354 0.019274 0.009381
2 2 0.000188 0.021563 0.953832 0.020186 0.004231
2 2 0.000092 0.031553 0.954715 0.008860 0.004779
2 2 0.000504 0.051172 0.935357 0.004817 0.008150
2 2 0.003630 0.210402 0.526747 0.002364 0.256857
2 2 0.002439 0.269826 0.590443 0.000989 0.136303
2 2 0.002969 0.215117 0.627182 0.011814 0.142918
2 2 0.001106 0.220846 0.722866 0.002073 0.053110
2 2 0.001666 0.165377 0.650583 0.001947 0.180427
2 2 0.003376 0.251175 0.482218 0.009084 0.254147
2 2 0.002268 0.189135 0.566263 0.006815 0.235519
2 2 0.002277 0.296334 0.582909 0.000991 0.117489
1 1 0.178864 0.592455 0.180593 0.000001 0.048086
2 1 0.005494 0.334808 0.454660 0.000800 0.204239
2 2 0.000684 0.075879 0.905872 0.007039 0.010526
2 2 0.000043 0.026020 0.967607 0.001003 0.005328
2 2 0.000017 0.003453 0.989091 0.007253 0.000185
2 2 0.000007 0.001584 0.995538 0.002765 0.000106
2 2 0.000001 0.000983 0.998425 0.000532 0.000059
2 2 0.000007 0.002421 0.991655 0.005344 0.000574
2 2 0.000004 0.003612 0.992180 0.003743 0.000461
2 2 0.000008 0.002549 0.993652 0.003104 0.000686
2 2 0.000009 0.001321 0.996487 0.001717 0.000467
2 2 0.000006 0.002674 0.952143 0.044842 0.000335
2 2 0.000055 0.001394 0.965817 0.028513 0.004220
2 2 0.000002 0.001663 0.991534 0.006599 0.000202
2 2 0.000008 0.001837 0.988544 0.008161 0.001449
2 2 0.000004 0.002365 0.994875 0.001919 0.000838
2 2 0.000038 0.000844 0.989689 0.009272 0.000156
2 2 0.000003 0.002364 0.993137 0.003879 0.000618
2 2 0.000041 0.001663 0.973601 0.024351 0.000344
2 2 0.000018 0.001622 0.995720 0.002504 0.000136
2 2 0.000004 0.001830 0.983516 0.014182 0.000469
2 2 0.000004 0.000688 0.975363 0.022128 0.001817
2 2 0.000005 0.001377 0.987070 0.010819 0.000730
2 2 0.000004 0.000923 0.978058 0.018308 0.002706
2 2 0.000006 0.002832 0.972946 0.023173 0.001042
2 2 0.000189 0.002945 0.878309 0.116458 0.002099
2 2 0.000030 0.003006 0.973607 0.021058 0.002299
2 2 0.000052 0.000936 0.931383 0.066684 0.000945
2 2 0.000029 0.000808 0.761297 0.237634 0.000232
2 2 0.000001 0.000154 0.545017 0.454821 0.000008
2 2 0.000033 0.000740 0.803055 0.195923 0.000249
2 2 0.000003 0.000265 0.748845 0.250849 0.000038
2 2 0.000001 0.000216 0.722596 0.277137 0.000051
2 2 0.000063 0.001097 0.544890 0.453905 0.000046
2 2 0.000006 0.000581 0.649837 0.349432 0.000143
2 2 0.000047 0.000677 0.646137 0.353041 0.000098
2 2 0.000129 0.001305 0.762084 0.236021 0.000461
2 2 0.000012 0.000427 0.823156 0.176309 0.000096
3 3 0.000322 0.003396 0.358381 0.637554 0.000348
2 3 0.000001 0.000251 0.803269 0.196431 0.000048
3 3 0.000000 0.000069 0.169208 0.830719 0.000004
3 3 0.000044 0.000565 0.177546 0.821825 0.000020
2 3 0.000159 0.004943 0.566944 0.426746 0.001207
3 3 0.000062 0.001452 0.357592 0.640685 0.000209
3 3 0.000003 0.000173 0.091381 0.908432 0.000011
3 3 0.000013 0.000702 0.270741 0.728502 0.000042
3 3 0.000001 0.000108 0.078534 0.921336 0.000021
3 3 0.000002 0.000103 0.043878 0.956009 0.000008
3 3 0.000003 0.000215 0.172691 0.827074 0.000017
3 3 0.000004 0.000170 0.082853 0.916967 0.000006
3 3 0.000006 0.000167 0.064892 0.934930 0.000005
3 3 0.000001 0.000080 0.082181 0.917732 0.000006
3 3 0.000001 0.000053 0.025506 0.974438 0.000002
3 3 0.000001 0.000055 0.067014 0.932929 0.000002
3 3 0.000672 0.005010 0.185042 0.808859 0.000417
3 3 0.000250 0.002276 0.153489 0.843844 0.000141
3 3 0.000000 0.000020 0.046832 0.953146 0.000001
3 3 0.000000 0.000013 0.023524 0.976463 0.000001
3 3 0.000001 0.000062 0.058301 0.941634 0.000003
3 3 0.000002 0.000159 0.071902 0.927925 0.000012
3 3 0.000007 0.000127 0.031029 0.968834 0.000004
3 3 0.000001 0.000078 0.059265 0.940650 0.000006
3 3 0.000002 0.000192 0.089727 0.910066 0.000013
3 3 0.000005 0.000156 0.036352 0.963478 0.000008
3 3 0.000054 0.000419 0.033141 0.966370 0.000017
3 3 0.000236 0.003848 0.303940 0.691834 0.000143
3 3 0.000016 0.000383 0.086645 0.912947 0.000009
3 3 0.000003 0.000338 0.182605 0.817022 0.000032
3 3 0.000147 0.001311 0.079131 0.919349 0.000062
3 3 0.000014 0.000382 0.064306 0.935261 0.000037
3 3 0.000006 0.000224 0.073510 0.926245 0.000014
3 3 0.000010 0.000399 0.102542 0.897019 0.000030
3 3 0.000151 0.002177 0.137742 0.859851 0.000080
3 3 0.000006 0.000218 0.045107 0.954638 0.000031
3 3 0.000043 0.000405 0.041246 0.958291 0.000015
3 3 0.000060 0.000389 0.035897 0.963647 0.000007
3 3 0.000003 0.000318 0.125762 0.873884 0.000033
3 3 0.000050 0.000560 0.053857 0.945497 0.000036
3 3 0.001152 0.003397 0.059986 0.935164 0.000301
3 3 0.001686 0.021174 0.323554 0.651950 0.001637
3 3 0.000049 0.001821 0.157051 0.840965 0.000113
3 3 0.000033 0.000438 0.041709 0.957782 0.000038
3 3 0.000080 0.001364 0.113069 0.885378 0.000109
3 3 0.000088 0.002243 0.112297 0.885106 0.000265
3 3 0.000020 0.000213 0.029126 0.970635 0.000005
3 3 0.000022 0.000608 0.115876 0.883439 0.000055
3 3 0.000004 0.000101 0.022155 0.977732 0.000008
3 3 0.000005 0.000204 0.056964 0.942802 0.000026
3 3 0.000008 0.000311 0.093456 0.906195 0.000030
3 3 0.000025 0.000672 0.123642 0.875576 0.000084
2 3 0.000354 0.010719 0.760351 0.224096 0.004480
2 2 0.000297 0.018463 0.909979 0.067529 0.003731
2 2 0.000035 0.009343 0.972278 0.017194 0.001150
2 2 0.000020 0.006033 0.972517 0.019279 0.002150
2 2 0.000025 0.005087 0.981997 0.010745 0.002146
2 2 0.000008 0.005643 0.988964 0.004841 0.000544
2 2 0.000068 0.009102 0.982373 0.004221 0.004236
0 0 0.446711 0.231951 0.283605 0.037053 0.000680
1 0 0.106844 0.531076 0.353792 0.001391 0.006897
2 1 0.066761 0.413892 0.492799 0.003218 0.023329
1 1 0.140702 0.569761 0.271672 0.000658 0.017207
2 1 0.021442 0.456422 0.473260 0.000979 0.047897
0 0 0.795698 0.082834 0.103581 0.015322 0.002565
0 0 0.890657 0.057046 0.032545 0.018009 0.001743
0 0 0.929437 0.038830 0.024413 0.000625 0.006695
0 0 0.975487 0.015569 0.006313 0.000102 0.002529
0 0 0.970045 0.012619 0.002121 0.000005 0.015208
0 0 0.938432 0.022949 0.003815 0.000004 0.034800
0 0 0.979843 0.011364 0.004193 0.000022 0.004578
0 0 0.938867 0.030879 0.013268 0.000830 0.016155
0 0 0.890587 0.060032 0.038713 0.008684 0.001983
0 0 0.911064 0.052078 0.014677 0.021202 0.000979
0 0 0.958062 0.032232 0.007366 0.000026 0.002314
0 0 0.824438 0.152768 0.014533 0.000001 0.008259
0 0 0.773484 0.136438 0.005071 0.000000 0.085007
0 0 0.751515 0.134523 0.009716 0.000001 0.104246
0 0 0.783252 0.092594 0.046119 0.000858 0.077178
0 0 0.903006 0.056201 0.029444 0.000356 0.010992
0 0 0.994249 0.002954 0.000307 0.000000 0.002490
0 0 0.980490 0.011157 0.000836 0.000000 0.007516
0 0 0.942710 0.045798 0.003302 0.000000 0.008190
0 0 0.529353 0.324360 0.020069 0.000001 0.126218
0 0 0.858049 0.105855 0.016677 0.000003 0.019415
0 0 0.972503 0.022045 0.002490 0.000002 0.002961
0 0 0.759427 0.181671 0.038160 0.000042 0.020700
0 0 0.761766 0.201986 0.020786 0.000001 0.015461
0 0 0.983844 0.013114 0.001183 0.000000 0.001859
0 0 0.682375 0.242568 0.028693 0.000001 0.046363
1 0 0.336466 0.518921 0.080703 0.000007 0.063903
1 1 0.311451 0.535217 0.093131 0.000045 0.060156
1 1 0.128497 0.512133 0.141310 0.000003 0.218057
1 1 0.056706 0.668108 0.188446 0.000337 0.086404
1 1 0.100750 0.603297 0.214293 0.000044 0.081616
0 0 0.524865 0.267560 0.166899 0.000103 0.040573
0 0 0.946813 0.038771 0.006800 0.000003 0.007614
0 0 0.924729 0.052630 0.009520 0.000012 0.013109
0 0 0.791385 0.094388 0.059802 0.053734 0.000691
2 0 0.330383 0.200092 0.401781 0.061585 0.006159
0 0 0.763528 0.069677 0.031874 0.000569 0.134352
4 0 0.359682 0.113528 0.093426 0.000265 0.433100
0 0 0.732146 0.051465 0.018309 0.015186 0.182894
0 0 0.716555 0.079000 0.033596 0.003802 0.167047
0 0 0.768776 0.082422 0.048268 0.009559 0.090975
0 0 0.461892 0.177296 0.086629 0.007998 0.266184
0 0 0.879907 0.047435 0.018158 0.000297 0.054203
0 0 0.958349 0.037302 0.003589 0.000000 0.000760
0 0 0.792589 0.177336 0.012085 0.000000 0.017990
0 0 0.941116 0.050842 0.003995 0.000000 0.004048
0 0 0.714805 0.215201 0.029111 0.000001 0.040882
1 1 0.104297 0.602158 0.187276 0.001199 0.105070
1 1 0.254916 0.491085 0.076034 0.000013 0.177951
0 0 0.996062 0.003357 0.000327 0.000000 0.000254
0 0 0.966651 0.026110 0.006155 0.000009 0.001075
0 0 0.950770 0.030428 0.016332 0.001528 0.000942
0 0 0.923665 0.043489 0.025355 0.002024 0.005467
0 0 0.987821 0.008352 0.003002 0.000011 0.000814
0 0 0.870705 0.058340 0.045277 0.025227 0.000451
0 0 0.960621 0.024073 0.008952 0.006234 0.000121
0 0 0.994748 0.002160 0.000190 0.000000 0.002902
0 0 0.960247 0.026528 0.000787 0.000000 0.012438
0 0 0.972091 0.022110 0.005265 0.000018 0.000516
0 0 0.920115 0.069363 0.009751 0.000010 0.000761
0 0 0.979729 0.016923 0.003017 0.000003 0.000329
0 0 0.923547 0.059344 0.013417 0.000084 0.003608
0 0 0.949352 0.042661 0.004649 0.000001 0.003337
0 0 0.720771 0.242545 0.026460 0.000001 0.010222
0 0 0.530386 0.398936 0.039822 0.000000 0.030856
0 0 0.431176 0.322185 0.067388 0.000016 0.179236
1 1 0.235470 0.562711 0.129875 0.000010 0.071933
1 1 0.127544 0.510762 0.273500 0.000093 0.088101
1 0 0.304064 0.493195 0.141909 0.000028 0.060804
1 1 0.019451 0.514754 0.326129 0.000096 0.139569
1 1 0.018118 0.520175 0.394014 0.002093 0.065600
2 1 0.005919 0.341205 0.348917 0.004559 0.299400
2 1 0.003777 0.370342 0.482998 0.001161 0.141723
2 1 0.007920 0.436619 0.445428 0.000517 0.109515
2 1 0.000134 0.112253 0.845005 0.003661 0.038947
2 1 0.001536 0.173675 0.808574 0.001284 0.014931
2 1 0.005278 0.175636 0.772899 0.000627 0.045560
2 1 0.000629 0.190647 0.786622 0.000537 0.021564
2 1 0.007696 0.295015 0.660371 0.011142 0.025775
2 1 0.000640 0.149071 0.761632 0.009054 0.079603
1 0 0.371825 0.454418 0.163845 0.000043 0.009869
1 1 0.020910 0.562091 0.386419 0.000102 0.030478
2 1 0.029000 0.414635 0.440546 0.002378 0.113441
1 1 0.033414 0.462830 0.416353 0.000042 0.087362
1 1 0.299666 0.342056 0.332570 0.000170 0.025537
0 0 0.571966 0.355471 0.070312 0.000002 0.002249
1 0 0.354236 0.541167 0.088626 0.000000 0.015972
1 1 0.064531 0.605604 0.236652 0.000030 0.093183
0 0 0.680520 0.180066 0.098106 0.003688 0.037620
0 0 0.507610 0.261659 0.115340 0.021031 0.094360
0 0 0.586461 0.230129 0.064713 0.000191 0.118506
1 0 0.355274 0.485969 0.087889 0.000008 0.070859
2 1 0.006302 0.337391 0.490910 0.002813 0.162583
2 1 0.004457 0.272492 0.496939 0.008300 0.217813
2 1 0.000918 0.118438 0.848937 0.009576 0.022131
2 1 0.001002 0.141178 0.765798 0.022920 0.069102
2 1 0.000766 0.126953 0.860904 0.000441 0.010936
2 0 0.063370 0.286554 0.524890 0.009262 0.115924
2 1 0.004310 0.330172 0.461143 0.005484 0.198891
2 1 0.008196 0.332760 0.542035 0.008020 0.108989
2 0 0.058049 0.358467 0.545327 0.000031 0.038126
0 0 0.677143 0.248858 0.067677 0.000109 0.006213
1 1 0.006506 0.355476 0.354030 0.005833 0.278155
2 1 0.032666 0.346663 0.377876 0.009143 0.233652
1 1 0.016394 0.497415 0.278259 0.000023 0.207909
0 0 0.547139 0.370190 0.058995 0.000001 0.023675
2 1 0.006339 0.399992 0.445207 0.000103 0.148360
0 1 0.656235 0.278491 0.055665 0.000003 0.009605
1 1 0.020678 0.459755 0.458069 0.000175 0.061323
1 1 0.055900 0.517287 0.364896 0.000603 0.061314
0 1 0.526227 0.404211 0.059373 0.000000 0.010189
0 0 0.473308 0.365691 0.054964 0.000001 0.106036
1 0 0.299584 0.479300 0.208054 0.000038 0.013024
0 0 0.906793 0.078535 0.012716 0.000000 0.001957
2 1 0.024533 0.406858 0.539859 0.001418 0.027332
2 1 0.026481 0.396796 0.483796 0.010834 0.082092
2 1 0.000624 0.076698 0.885751 0.018284 0.018643
2 2 0.000460 0.080916 0.906933 0.003072 0.008619
2 2 0.000216 0.049825 0.934919 0.008009 0.007030
2 2 0.000014 0.017937 0.971693 0.004179 0.006178
2 2 0.000007 0.001315 0.974007 0.024567 0.000104
2 2 0.000002 0.000473 0.995602 0.003526 0.000398
2 2 0.000072 0.043626 0.939740 0.002312 0.014251
2 2 0.000229 0.092767 0.882684 0.006433 0.017888
2 2 0.001009 0.148923 0.725651 0.009657 0.114759
2 2 0.002842 0.273768 0.522301 0.005181 0.195907
2 4 0.004114 0.278362 0.525665 0.000592 0.191267
2 4 0.003054 0.132017 0.503680 0.007002 0.354248
4 4 0.008618 0.229906 0.191837 0.003043 0.566597
4 4 0.016742 0.165233 0.096441 0.001791 0.719793
4 4 0.047010 0.082838 0.039664 0.001741 0.828746
4 4 0.035949 0.071816 0.028169 0.000788 0.863278
4 4 0.028169 0.115709 0.096881 0.004882 0.754359
4 4 0.008392 0.114002 0.209087 0.009744 0.658775
4 4 0.032186 0.031282 0.009461 0.000226 0.926845
4 4 0.019425 0.127659 0.034074 0.000038 0.818804
4 4 0.005505 0.199730 0.280865 0.004574 0.509326
4 4 0.008939 0.289632 0.287537 0.000479 0.413413
4 4 0.190738 0.256878 0.157496 0.000263 0.394625
1 1 0.164401 0.444614 0.105979 0.000022 0.284984
2 1 0.013464 0.314619 0.456557 0.001039 0.214320
2 4 0.008236 0.284434 0.440301 0.014712 0.252315
4 4 0.002396 0.258086 0.347610 0.003635 0.388273
4 4 0.009270 0.286310 0.316701 0.001195 0.386524
4 4 0.012361 0.191127 0.077787 0.000681 0.718045
4 4 0.040219 0.060912 0.037178 0.002068 0.859623
4 4 0.024191 0.236443 0.212312 0.000973 0.526080
2 4 0.003493 0.193842 0.460552 0.004318 0.337795
4 4 0.007394 0.117135 0.153939 0.004068 0.717464
4 4 0.008017 0.115196 0.175964 0.006126 0.694697
4 4 0.018320 0.181690 0.136528 0.000467 0.662996
4 4 0.021127 0.295228 0.103719 0.000311 0.579615
2 4 0.003892 0.231176 0.521546 0.007482 0.235904
1 1 0.068123 0.430670 0.367434 0.000051 0.133722
2 1 0.001516 0.262393 0.436588 0.004493 0.295010
2 1 0.002037 0.215096 0.484962 0.001127 0.296778
4 1 0.008240 0.175341 0.119696 0.001412 0.695312
4 1 0.013740 0.143932 0.079755 0.001186 0.761387
4 1 0.014477 0.173782 0.051611 0.000239 0.759892
4 1 0.061012 0.126825 0.047527 0.000290 0.764346
4 1 0.017226 0.134755 0.041710 0.000365 0.805945
4 4 0.036891 0.038703 0.012832 0.000260 0.911314
1 4 0.111704 0.608818 0.179579 0.000122 0.099778
1 4 0.096606 0.627685 0.160921 0.000053 0.114735
4 4 0.010666 0.135499 0.069021 0.000743 0.784071
4 4 0.011418 0.192029 0.240198 0.000598 0.555757
4 4 0.015027 0.242970 0.108702 0.000082 0.633218
4 4 0.015448 0.117276 0.082687 0.000268 0.784321
4 4 0.015973 0.113903 0.053389 0.000779 0.815956
4 4 0.017410 0.164903 0.101979 0.002113 0.713594
4 4 0.033573 0.116808 0.051033 0.001343 0.797243
4 4 0.021855 0.155346 0.058485 0.000811 0.763502
4 4 0.013799 0.151109 0.137544 0.001319 0.696229
4 4 0.026888 0.206950 0.078597 0.000200 0.687366
4 4 0.044733 0.100724 0.037589 0.000450 0.816504
4 4 0.094906 0.083421 0.026344 0.001575 0.793754
4 4 0.036396 0.234285 0.093642 0.001883 0.633794
4 4 0.008022 0.092658 0.226005 0.000904 0.672410
4 4 0.029744 0.203754 0.111217 0.002479 0.652806
4 4 0.023811 0.124186 0.075485 0.002147 0.774370
4 4 0.027852 0.062824 0.049336 0.002635 0.857353
4 4 0.102439 0.104586 0.039184 0.000532 0.753259
4 4 0.018534 0.056301 0.044639 0.001713 0.878813
4 4 0.021298 0.061791 0.046123 0.001818 0.868970
4 4 0.012852 0.179132 0.079142 0.000803 0.728071
4 4 0.011930 0.149781 0.114126 0.002217 0.721946
4 4 0.026285 0.042778 0.012353 0.000210 0.918374
4 4 0.018494 0.180602 0.065652 0.000728 0.734525
4 4 0.018001 0.073897 0.055786 0.001820 0.850497
4 4 0.028187 0.064411 0.021338 0.000402 0.885663
4 4 0.037408 0.032680 0.010870 0.000330 0.918712
4 4 0.010562 0.087328 0.013072 0.000005 0.889034
4 4 0.009780 0.144364 0.082220 0.000928 0.762707
4 4 0.051468 0.060923 0.026876 0.000168 0.860565
4 4 0.032255 0.117190 0.102572 0.003217 0.744767
4 4 0.006075 0.254234 0.214232 0.002531 0.522929
4 4 0.010973 0.130966 0.061336 0.000615 0.796110
4 4 0.006046 0.252718 0.260406 0.002029 0.478801
4 4 0.005586 0.207067 0.167861 0.001722 0.617763
4 4 0.004921 0.244434 0.129469 0.000639 0.620537
1 4 0.147919 0.396023 0.105836 0.000036 0.350184
4 4 0.005581 0.160558 0.176514 0.002291 0.655056
4 4 0.004080 0.311626 0.327211 0.001033 0.356050
1 4 0.035442 0.477395 0.336183 0.001882 0.149098
2 4 0.001682 0.211406 0.688559 0.002010 0.096343
1 1 0.189686 0.383582 0.280060 0.003157 0.143515
2 1 0.005480 0.203830 0.515837 0.009008 0.265845
2 1 0.002045 0.254396 0.492175 0.003815 0.247569
2 1 0.003057 0.268469 0.598622 0.002964 0.126888
2 1 0.005107 0.222994 0.519284 0.007576 0.245039
2 1 0.002626 0.171148 0.747121 0.006073 0.073032
2 1 0.001134 0.157639 0.790798 0.002793 0.047635
2 1 0.002854 0.248749 0.616884 0.002001 0.129512
2 2 0.005170 0.253797 0.647592 0.002458 0.090983
2 2 0.000761 0.101700 0.878099 0.001164 0.018276
2 2 0.000024 0.020626 0.972234 0.003395 0.003721
2 2 0.001192 0.118119 0.832301 0.002687 0.045701
2 2 0.000119 0.045662 0.935949 0.001543 0.016726
2 2 0.000674 0.113265 0.829685 0.002090 0.054286
2 2 0.000087 0.024625 0.941543 0.001740 0.032006
2 2 0.000430 0.056879 0.911858 0.005514 0.025319
2 2 0.000021 0.035523 0.960740 0.000404 0.003313
2 2 0.000009 0.009574 0.984797 0.000370 0.005249
2 2 0.000032 0.013489 0.982836 0.002334 0.001309
2 2 0.000006 0.004803 0.991913 0.000311 0.002968
2 2 0.000050 0.012412 0.976097 0.008235 0.003206
2 2 0.000010 0.001400 0.991260 0.005937 0.001393
2 2 0.000135 0.005586 0.970961 0.019442 0.003876
2 2 0.000183 0.030728 0.932933 0.001978 0.034177
2 2 0.000028 0.028710 0.960963 0.000784 0.009515
2 2 0.000004 0.001203 0.985329 0.009919 0.003545
2 2 0.000001 0.000671 0.989695 0.009177 0.000456
2 2 0.000005 0.003080 0.983521 0.012010 0.001384
2 2 0.000018 0.005039 0.988534 0.001292 0.005117
2 2 0.053379 0.054528 0.742077 0.111587 0.038428
0 0 0.863302 0.071076 0.048979 0.016492 0.000152
0 0 0.938370 0.038298 0.011296 0.003194 0.008842
0 0 0.977152 0.020558 0.001831 0.000000 0.000459
0 0 0.943571 0.042378 0.007603 0.000014 0.006435
0 0 0.775630 0.180438 0.009922 0.000000 0.034010
0 0 0.976635 0.018175 0.001586 0.000000 0.003604
0 0 0.986243 0.011773 0.000899 0.000000 0.001085
4 0 0.237020 0.313473 0.039113 0.000002 0.410393
1 1 0.039254 0.498419 0.127503 0.000019 0.334805
2 1 0.009387 0.351865 0.512047 0.005748 0.120952
2 1 0.001140 0.291048 0.544179 0.002519 0.161114
2 1 0.003769 0.368130 0.437928 0.001603 0.188570
2 1 0.001865 0.338072 0.478001 0.001889 0.180172
2 2 0.000839 0.128538 0.801948 0.004858 0.063818
2 2 0.000514 0.116322 0.831724 0.011237 0.040203
2 2 0.000176 0.085816 0.872091 0.011313 0.030603
2 2 0.000096 0.063847 0.916586 0.004901 0.014570
2 2 0.000013 0.016072 0.978857 0.001668 0.003390
2 2 0.000009 0.010592 0.986158 0.001221 0.002019
2 2 0.000029 0.028749 0.950123 0.000303 0.020796
2 2 0.000066 0.037632 0.958454 0.001040 0.002808
2 2 0.000005 0.007243 0.986344 0.002737 0.003672
2 2 0.000017 0.011143 0.985200 0.001620 0.002019
2 2 0.000002 0.002922 0.994797 0.001634 0.000645
2 2 0.000002 0.001952 0.994315 0.003084 0.000647
2 2 0.000002 0.002934 0.993657 0.001681 0.001727
2 2 0.000003 0.002127 0.992131 0.004572 0.001167
2 2 0.000002 0.001927 0.993258 0.004344 0.000469
2 2 0.000001 0.001110 0.997018 0.001152 0.000719
2 2 0.000004 0.000983 0.992785 0.004236 0.001992
2 2 0.000001 0.001270 0.995920 0.001432 0.001377
2 2 0.000000 0.000939 0.990386 0.008310 0.000365
2 2 0.000006 0.001670 0.983032 0.012653 0.002639
2 2 0.000347 0.006399 0.792596 0.196383 0.004275
2 2 0.000002 0.003147 0.982124 0.014232 0.000495
2 2 0.000003 0.000374 0.994307 0.004673 0.000643
2 2 0.000007 0.000952 0.977351 0.020558 0.001132
2 2 0.000003 0.001201 0.996569 0.001316 0.000910
2 2 0.000002 0.001572 0.984738 0.012544 0.001143
2 2 0.000001 0.000413 0.983934 0.015365 0.000286
2 2 0.000004 0.000727 0.992577 0.005781 0.000911
2 2 0.000095 0.004511 0.902592 0.090316 0.002486
2 2 0.000065 0.009183 0.908697 0.080354 0.001701
2 2 0.000947 0.046164 0.923098 0.013756 0.016036
2 2 0.001260 0.066936 0.906976 0.014665 0.010163
2 2 0.000024 0.007753 0.964897 0.025260 0.002066
2 2 0.000260 0.006727 0.829942 0.162020 0.001051
2 2 0.001304 0.041127 0.896695 0.055865 0.005009
2 2 0.000382 0.017270 0.906202 0.068288 0.007859
2 2 0.001500 0.039478 0.898362 0.058784 0.001876
2 2 0.036631 0.093288 0.635671 0.231800 0.002609
2 2 0.003442 0.045782 0.855004 0.093640 0.002132
3 3 0.001687 0.020485 0.481661 0.491617 0.004549
2 3 0.003266 0.051078 0.809631 0.133399 0.002627
2 3 0.003537 0.049801 0.748620 0.194566 0.003476
2 3 0.000014 0.005755 0.953007 0.040414 0.000811
3 3 0.000145 0.003723 0.326461 0.669287 0.000384
2 3 0.003432 0.043576 0.737935 0.211409 0.003647
2 3 0.015678 0.076013 0.561293 0.341024 0.005992
2 3 0.000910 0.033328 0.746296 0.216913 0.002552
2 3 0.002377 0.041573 0.761566 0.191771 0.002714
2 3 0.007632 0.056745 0.795304 0.135795 0.004525
2 3 0.001916 0.072527 0.832303 0.088823 0.004431
2 3 0.003717 0.047397 0.672828 0.270820 0.005237
2 3 0.001652 0.034500 0.644114 0.314350 0.005384
3 3 0.001735 0.024309 0.374302 0.597541 0.002113
2 3 0.003095 0.039031 0.615026 0.339323 0.003525
3 3 0.000755 0.013721 0.374747 0.609539 0.001239
3 3 0.000423 0.008826 0.414501 0.575543 0.000707
3 3 0.000798 0.020681 0.444807 0.531881 0.001833
3 3 0.001144 0.014426 0.411404 0.571992 0.001034
3 3 0.000101 0.001098 0.135285 0.863476 0.000040
2 3 0.000192 0.009761 0.579741 0.409553 0.000753
2 3 0.002104 0.033161 0.627910 0.333750 0.003075
3 3 0.005189 0.021604 0.290098 0.681052 0.002058
3 3 0.000020 0.000595 0.103171 0.896160 0.000054
3 3 0.000181 0.001595 0.058179 0.939967 0.000077
3 3 0.000156 0.002239 0.109809 0.887506 0.000290
3 3 0.000088 0.003550 0.294442 0.701470 0.000450
3 3 0.000352 0.002673 0.187351 0.809471 0.000153
3 3 0.000037 0.000359 0.040057 0.959536 0.000011
3 3 0.000536 0.006832 0.235946 0.756275 0.000412
3 3 0.000093 0.004991 0.400284 0.594135 0.000498
3 3 0.000044 0.004344 0.495556 0.499564 0.000492
3 3 0.000714 0.003267 0.089427 0.906409 0.000183
3 3 0.000401 0.003386 0.106998 0.889009 0.000205
3 3 0.000119 0.002489 0.249435 0.747810 0.000147
3 3 0.000003 0.000121 0.033573 0.966296 0.000007
3 3 0.000001 0.000077 0.049316 0.950600 0.000006
3 3 0.000019 0.000346 0.041346 0.958265 0.000024
3 3 0.001423 0.010396 0.221177 0.766444 0.000560
3 3 0.000013 0.000238 0.033822 0.965916 0.000011
3 3 0.000041 0.001657 0.220967 0.777204 0.000131
3 3 0.000030 0.000523 0.074413 0.924993 0.000042
3 3 0.000059 0.002332 0.172093 0.825091 0.000425
3 3 0.000072 0.000776 0.051546 0.947528 0.000078
3 3 0.000047 0.002955 0.350192 0.646617 0.000190
3 3 0.000518 0.005016 0.222917 0.771336 0.000214
3 2 0.006188 0.011173 0.338596 0.643894 0.000148
2 2 0.000081 0.028776 0.929212 0.035077 0.006854
2 2 0.000995 0.043772 0.928702 0.021971 0.004560
2 2 0.000088 0.017236 0.941060 0.037834 0.003783
2 2 0.000266 0.034468 0.940079 0.021427 0.003760
2 2 0.002203 0.127035 0.846323 0.011374 0.013065
2 2 0.003885 0.107547 0.875920 0.006242 0.006405
2 2 0.023102 0.089795 0.807443 0.076206 0.003454
2 2 0.000905 0.058010 0.929719 0.009559 0.001808
2 2 0.002832 0.096531 0.823648 0.057638 0.019351
2 2 0.000378 0.059264 0.924258 0.010761 0.005339
2 2 0.001017 0.045469 0.918499 0.033192 0.001822
2 2 0.011172 0.057505 0.866498 0.059016 0.005809
2 2 0.000127 0.023165 0.953509 0.009859 0.013341
2 2 0.000168 0.019442 0.952525 0.024023 0.003843
2 2 0.001421 0.041987 0.947004 0.004853 0.004736
2 2 0.006541 0.134198 0.828733 0.024842 0.005685
2 2 0.002674 0.077918 0.903985 0.010024 0.005399
2 2 0.004006 0.101271 0.872412 0.013304 0.009007
2 2 0.000470 0.061895 0.919082 0.008040 0.010513
2 2 0.001962 0.106437 0.867414 0.005882 0.018306
2 2 0.003675 0.089541 0.892529 0.010164 0.004091
2 2 0.003633 0.072638 0.901494 0.018406 0.003829
2 2 0.001770 0.052643 0.929277 0.004719 0.011590
2 2 0.000831 0.070954 0.911550 0.005654 0.011012
2 2 0.001730 0.040726 0.904811 0.049977 0.002755
2 2 0.000111 0.002604 0.963214 0.033265 0.000806
2 2 0.002050 0.027098 0.942136 0.025297 0.003420
2 2 0.000514 0.026979 0.952077 0.018452 0.001978
2 2 0.000426 0.021189 0.959210 0.017563 0.001612
2 2 0.000381 0.020325 0.968166 0.009252 0.001875
2 2 0.029866 0.257050 0.701833 0.005081 0.006170
2 2 0.000198 0.085808 0.884302 0.006785 0.022907
2 2 0.000305 0.057159 0.930315 0.000775 0.011446
2 2 0.009036 0.136181 0.787493 0.015830 0.051459
1 4 0.021450 0.445455 0.419820 0.001959 0.111316
2 4 0.003295 0.210763 0.643841 0.001919 0.140182
2 4 0.009110 0.214309 0.729285 0.004440 0.042856
2 4 0.000873 0.151649 0.801541 0.002340 0.043596
1 4 0.056078 0.391299 0.177792 0.001193 0.373639
4 4 0.008401 0.147684 0.176733 0.004513 0.662669
2 4 0.001767 0.224976 0.624832 0.002081 0.146345
2 4 0.006752 0.313816 0.445621 0.008756 0.225055
2 4 0.000641 0.092009 0.845040 0.006254 0.056056
1 1 0.041066 0.573132 0.325214 0.000172 0.060416
1 1 0.025342 0.473967 0.436025 0.003964 0.060702
2 1 0.002870 0.276819 0.626388 0.002268 0.091655
2 2 0.000015 0.012373 0.976031 0.009294 0.002287
2 2 0.002215 0.039555 0.946335 0.010358 0.001538
4 4 0.015183 0.266675 0.204183 0.001928 0.512030
1 4 0.018753 0.390054 0.320626 0.001383 0.269185
1 4 0.004821 0.348916 0.325417 0.001623 0.319224
2 4 0.011691 0.291631 0.412738 0.000340 0.283600
2 4 0.002224 0.165851 0.663381 0.005945 0.162598
2 4 0.006403 0.362276 0.515655 0.003371 0.112296
4 4 0.169502 0.177151 0.033241 0.001041 0.619065
4 4 0.019314 0.082826 0.023645 0.000244 0.873971
4 4 0.048946 0.055481 0.024393 0.001125 0.870054
4 4 0.111181 0.387637 0.106236 0.000139 0.394807
4 4 0.023219 0.172166 0.112198 0.003220 0.689197
4 4 0.086753 0.309019 0.133990 0.000312 0.469927
4 4 0.035866 0.324336 0.152145 0.000020 0.487633
4 4 0.006576 0.290844 0.240959 0.000991 0.460630
1 4 0.064465 0.431499 0.146980 0.000717 0.356339
4 4 0.002964 0.221556 0.314848 0.000986 0.459646
4 4 0.024049 0.118251 0.054908 0.001142 0.801650
4 4 0.012547 0.166233 0.061575 0.000218 0.759428
1 4 0.085752 0.452876 0.342899 0.000599 0.117873
2 1 0.020355 0.369343 0.378985 0.004377 0.226939
2 2 0.000506 0.165017 0.777676 0.002021 0.054780
2 2 0.001658 0.214763 0.703197 0.002841 0.077541
2 2 0.000125 0.068798 0.894617 0.005083 0.031377
2 2 0.002452 0.111360 0.838658 0.007907 0.039623
2 2 0.000136 0.024133 0.966843 0.000348 0.008540
2 2 0.002657 0.093575 0.864981 0.001844 0.036942
2 2 0.000135 0.033087 0.950402 0.002479 0.013898
2 2 0.002623 0.056720 0.913021 0.007206 0.020431
2 2 0.000408 0.038358 0.950158 0.000767 0.010309
2 2 0.000036 0.018726 0.974017 0.005274 0.001947
2 2 0.001095 0.054600 0.899367 0.009481 0.035457
2 2 0.000016 0.013007 0.984248 0.000363 0.002366
2 2 0.000355 0.015044 0.977244 0.005731 0.001627
2 2 0.000012 0.005643 0.986355 0.007302 0.000688
2 2 0.000066 0.015708 0.977058 0.001847 0.005320
2 2 0.000005 0.008243 0.986060 0.004370 0.001322
2 2 0.000004 0.002592 0.996018 0.000545 0.000842
2 2 0.000026 0.006170 0.988120 0.000218 0.005465
2 2 0.000004 0.002416 0.992438 0.004898 0.000244
2 2 0.000005 0.002171 0.996652 0.000368 0.000805
2 2 0.000005 0.002957 0.994147 0.002185 0.000707
2 2 0.000011 0.004123 0.993480 0.000876 0.001510
2 2 0.000005 0.002400 0.996407 0.000786 0.000402
2 2 0.000012 0.004066 0.990176 0.004314 0.001432
2 2 0.000006 0.004164 0.990471 0.004626 0.000732
2 2 0.000003 0.003065 0.993218 0.001455 0.002258
2 2 0.000081 0.005621 0.974680 0.008001 0.011617
2 2 0.000056 0.013064 0.971169 0.009949 0.005761
2 2 0.000005 0.001480 0.996801 0.000911 0.000801
2 2 0.000002 0.003833 0.988309 0.007480 0.000376
2 2 0.000029 0.005121 0.989279 0.002094 0.003477
2 2 0.000003 0.003637 0.991371 0.002072 0.002917
2 2 0.000001 0.001138 0.984515 0.013964 0.000383
2 2 0.000011 0.000987 0.964398 0.034354 0.000251
2 2 0.000027 0.004901 0.989141 0.004794 0.001138
2 2 0.000001 0.000863 0.996506 0.002136 0.000495
2 2 0.000005 0.001346 0.959927 0.036673 0.002048
2 2 0.000011 0.002824 0.993672 0.002855 0.000637
2 2 0.000001 0.001195 0.993286 0.004276 0.001242
2 2 0.000005 0.000514 0.919227 0.079897 0.000357
2 2 0.000044 0.004626 0.970735 0.021871 0.002723
2 2 0.000546 0.017432 0.963125 0.017530 0.001367
2 2 0.000500 0.023449 0.967535 0.003420 0.005097
2 2 0.002348 0.051428 0.890683 0.035855 0.019686
2 2 0.000153 0.022204 0.941503 0.030631 0.005509
2 2 0.000628 0.012694 0.969447 0.014541 0.002691
2 2 0.000006 0.002693 0.971776 0.024632 0.000892
2 2 0.001734 0.022680 0.897288 0.075959 0.002340
2 2 0.000003 0.001451 0.942733 0.055302 0.000509
2 2 0.000006 0.001863 0.994351 0.002738 0.001041
2 2 0.000068 0.007004 0.987082 0.003505 0.002340
2 2 0.000009 0.003605 0.982117 0.011306 0.002963
2 2 0.000003 0.001618 0.992934 0.004614 0.000831
2 2 0.000006 0.001914 0.977648 0.019677 0.000755
2 2 0.000003 0.001913 0.993320 0.004049 0.000714
2 2 0.000160 0.002516 0.966671 0.030241 0.000412
2 2 0.000004 0.000623 0.976558 0.022696 0.000118
2 2 0.000169 0.003075 0.879874 0.116637 0.000245
2 2 0.000003 0.001486 0.992027 0.005156 0.001327
2 2 0.000004 0.000769 0.995247 0.003590 0.000391
2 2 0.000003 0.001221 0.993211 0.004500 0.001066
2 2 0.000021 0.001271 0.931847 0.066380 0.000482
2 2 0.000007 0.002991 0.988844 0.007557 0.000600
2 2 0.000027 0.004048 0.976277 0.014765 0.004883
2 2 0.000013 0.000806 0.959283 0.039737 0.000160
2 2 0.000041 0.001777 0.917947 0.079678 0.000556
2 2 0.000349 0.012572 0.933182 0.048270 0.005627
2 2 0.000027 0.002398 0.958032 0.038920 0.000623
2 2 0.000065 0.005087 0.986900 0.007571 0.000375
2 2 0.000001 0.000764 0.992185 0.006469 0.000581
2 2 0.000023 0.001199 0.979008 0.019105 0.000665
2 2 0.000004 0.001603 0.980194 0.017521 0.000678
2 2 0.000005 0.001248 0.991671 0.006593 0.000484
2 2 0.000158 0.004215 0.853597 0.141646 0.000383
2 2 0.000001 0.000444 0.965061 0.034413 0.000081
2 2 0.000077 0.000901 0.948414 0.049834 0.000774
2 2 0.000001 0.001129 0.987521 0.010861 0.000489
2 2 0.000100 0.007295 0.942958 0.048618 0.001030
2 2 0.000941 0.007648 0.788846 0.201077 0.001488
2 2 0.000373 0.006264 0.860648 0.132117 0.000597
2 2 0.000285 0.008830 0.847663 0.142535 0.000688
2 2 0.000025 0.002512 0.985276 0.010605 0.001581
2 2 0.000995 0.023611 0.909314 0.062933 0.003147
2 2 0.000174 0.005446 0.836269 0.156544 0.001567
2 2 0.000119 0.005238 0.773216 0.220977 0.000450
2 2 0.000050 0.001389 0.813737 0.183993 0.000831
3 2 0.000120 0.002514 0.428959 0.568154 0.000252
2 2 0.000012 0.001200 0.811295 0.187424 0.000069
2 2 0.000591 0.020250 0.839641 0.130899 0.008619
2 2 0.000088 0.011393 0.945054 0.038750 0.004715
2 2 0.000333 0.009778 0.710621 0.277853 0.001414
2 2 0.000064 0.004484 0.861680 0.133206 0.000566
2 2 0.000021 0.005494 0.962520 0.027103 0.004861
2 2 0.000124 0.004712 0.833954 0.160696 0.000514
2 2 0.000089 0.006222 0.973541 0.019513 0.000636
2 2 0.001747 0.010971 0.615987 0.370766 0.000529
2 2 0.000259 0.008887 0.891223 0.093109 0.006523
2 2 0.000380 0.010599 0.898907 0.084812 0.005302
2 2 0.000289 0.008638 0.845550 0.145038 0.000486
2 2 0.000034 0.008402 0.949178 0.039878 0.002508
2 2 0.000008 0.003770 0.971453 0.023392 0.001377
2 2 0.000088 0.008237 0.974378 0.010018 0.007279
2 2 0.000532 0.007193 0.918144 0.066059 0.008073
2 0 0.149677 0.214918 0.621979 0.013057 0.000369
1 0 0.072488 0.461745 0.451044 0.001659 0.013064
2 1 0.012885 0.294734 0.642507 0.013499 0.036375
0 0 0.849260 0.079065 0.070690 0.000044 0.000941
2 0 0.002412 0.187897 0.779211 0.002325 0.028155
2 0 0.191927 0.360218 0.422992 0.000433 0.024430
0 0 0.864507 0.101970 0.031649 0.000086 0.001788
1 1 0.014699 0.461558 0.395812 0.000903 0.127028
2 1 0.003807 0.326948 0.565155 0.000953 0.103137
2 1 0.000808 0.186752 0.768438 0.003377 0.040626
2 1 0.001536 0.147128 0.834788 0.001047 0.015500
2 1 0.175385 0.327615 0.377889 0.000398 0.118714
2 1 0.001029 0.172759 0.768463 0.006661 0.051088
2 2 0.000559 0.078027 0.909404 0.001978 0.010032
2 2 0.000630 0.112703 0.870433 0.001400 0.014835
2 2 0.002525 0.236153 0.481482 0.010915 0.268925
2 2 0.001234 0.201288 0.620292 0.004927 0.172258
2 2 0.006325 0.313648 0.424330 0.001493 0.254203
2 2 0.004856 0.254449 0.385096 0.001922 0.353677
4 4 0.003966 0.276935 0.329508 0.004588 0.385002
2 4 0.003213 0.239211 0.392393 0.001870 0.363312
4 4 0.009137 0.142175 0.172811 0.004438 0.671439
4 4 0.020036 0.071403 0.035994 0.000799 0.871769
4 4 0.258794 0.281404 0.072595 0.000076 0.387131
0 1 0.615975 0.229775 0.033664 0.000006 0.120580
2 4 0.001428 0.187180 0.678424 0.007291 0.125678
2 4 0.006947 0.202625 0.602598 0.007762 0.180068
4 4 0.040991 0.256882 0.168088 0.000249 0.533790
0 1 0.888738 0.075149 0.009733 0.000005 0.026375
2 1 0.005005 0.238917 0.394111 0.002236 0.359731
4 1 0.008296 0.111207 0.355756 0.000246 0.524495
4 4 0.025861 0.055779 0.025359 0.000674 0.892326
4 4 0.008740 0.107757 0.099305 0.001964 0.782233
4 4 0.016454 0.106560 0.085767 0.000582 0.790636
4 4 0.034851 0.055592 0.020036 0.000526 0.888996
0 4 0.728994 0.192702 0.024789 0.000025 0.053490
0 0 0.880391 0.089161 0.010480 0.000002 0.019966
4 1 0.012562 0.249798 0.282290 0.000705 0.454645
1 1 0.007877 0.373648 0.284380 0.000127 0.333968
2 1 0.003198 0.186697 0.734185 0.000512 0.075408
2 1 0.002275 0.236234 0.696375 0.000883 0.064233
4 1 0.098345 0.202172 0.136280 0.001866 0.561337
0 0 0.973703 0.022180 0.003081 0.000007 0.001029
0 0 0.951954 0.034826 0.001048 0.000000 0.012172
0 0 0.984933 0.007588 0.000875 0.000000 0.006604
0 0 0.970766 0.020636 0.001986 0.000000 0.006613
1 0 0.071570 0.462913 0.110932 0.000298 0.354286
0 0 0.937364 0.045480 0.006555 0.000005 0.010596
0 0 0.387783 0.266935 0.028383 0.000002 0.316897
0 0 0.885292 0.058340 0.008037 0.000001 0.048331
0 0 0.968144 0.018298 0.002357 0.000001 0.011201
0 0 0.980095 0.014870 0.000566 0.000000 0.004468
0 0 0.966683 0.021428 0.000882 0.000000 0.011007
0 0 0.952598 0.035691 0.004677 0.000001 0.007033
4 0 0.031747 0.235760 0.169876 0.001280 0.561336
0 0 0.995713 0.003382 0.000159 0.000000 0.000746
0 0 0.989813 0.008642 0.000357 0.000000 0.001189
0 0 0.995561 0.003896 0.000211 0.000000 0.000332
0 0 0.875876 0.077214 0.004114 0.000000 0.042796
0 0 0.653735 0.187038 0.033567 0.000006 0.125654
0 0 0.982295 0.014627 0.001240 0.000000 0.001838
0 0 0.991054 0.005655 0.000628 0.000000 0.002663
0 0 0.992134 0.006158 0.000587 0.000000 0.001120
0 0 0.977479 0.016832 0.005127 0.000130 0.000433
0 0 0.827096 0.038733 0.011293 0.009516 0.113363
0 0 0.695730 0.067474 0.035762 0.006746 0.194288
0 0 0.656365 0.150031 0.064977 0.006218 0.122409
4 0 0.308969 0.258926 0.078944 0.000099 0.353062
0 0 0.852679 0.029611 0.008396 0.000036 0.109278
0 0 0.805871 0.047192 0.024490 0.001115 0.121332
0 0 0.649451 0.135544 0.036290 0.001413 0.177302
0 0 0.929883 0.018808 0.003362 0.000002 0.047945
0 0 0.621064 0.041741 0.015426 0.000938 0.320832
0 0 0.722021 0.026321 0.009309 0.000412 0.241937
0 0 0.686797 0.019797 0.004821 0.000792 0.287792
0 0 0.855921 0.033739 0.014406 0.000551 0.095383
0 0 0.731764 0.040132 0.016279 0.001818 0.210006
0 0 0.719706 0.025509 0.007430 0.001033 0.246322
4 0 0.419707 0.025527 0.008407 0.002008 0.544350
0 0 0.816981 0.020582 0.005351 0.000558 0.156528
0 0 0.840779 0.023004 0.006541 0.000363 0.129313
0 0 0.947507 0.028796 0.006106 0.000021 0.017570
0 0 0.982488 0.015290 0.000686 0.000000 0.001536
0 0 0.980642 0.017185 0.001663 0.000000 0.000509
0 0 0.957476 0.032209 0.004702 0.000000 0.005614
0 0 0.874827 0.100555 0.014718 0.000003 0.009898
0 0 0.940584 0.050371 0.005750 0.000002 0.003293
0 0 0.876730 0.111447 0.008140 0.000000 0.003683
0 0 0.977243 0.020059 0.001791 0.000000 0.000907
0 0 0.991179 0.006304 0.001437 0.000001 0.001078
0 0 0.981649 0.012061 0.002537 0.000044 0.003710
0 0 0.956556 0.026762 0.003335 0.000005 0.013342
0 0 0.977816 0.017707 0.001391 0.000000 0.003085
0 0 0.984177 0.013934 0.001234 0.000000 0.000655
0 0 0.740643 0.194987 0.032430 0.000024 0.031917
0 0 0.720933 0.191051 0.024406 0.000002 0.063608
1 1 0.050287 0.395946 0.218075 0.001521 0.334170
