0 0 0.986547 0.009509 0.003134 0.000098 0.000712
0 0 0.982054 0.011755 0.004988 0.000170 0.001032
0 0 0.988090 0.008728 0.002260 0.000031 0.000891
0 0 0.980401 0.013154 0.005227 0.000249 0.000969
0 0 0.989492 0.007833 0.001531 0.000008 0.001135
0 0 0.989083 0.008067 0.002105 0.000031 0.000713
0 0 0.989816 0.007630 0.001507 0.000009 0.001038
0 0 0.990524 0.007119 0.001215 0.000004 0.001138
0 0 0.986380 0.009646 0.003116 0.000090 0.000768
0 0 0.989281 0.007952 0.001506 0.000007 0.001253
0 0 0.975739 0.015225 0.007143 0.000490 0.001403
0 0 0.986400 0.009454 0.003367 0.000108 0.000670
0 0 0.987516 0.009040 0.002563 0.000047 0.000835
0 0 0.984420 0.010677 0.003544 0.000049 0.001310
0 0 0.981532 0.012009 0.005239 0.000206 0.001015
0 0 0.985478 0.010153 0.003454 0.000116 0.000799
0 0 0.987117 0.009361 0.002389 0.000030 0.001103
0 0 0.979946 0.013441 0.004377 0.000071 0.002164
0 0 0.969497 0.017723 0.010049 0.000407 0.002325
0 0 0.989939 0.007472 0.001809 0.000015 0.000764
0 0 0.983880 0.011238 0.003636 0.000097 0.001148
0 0 0.988716 0.008309 0.002178 0.000032 0.000765
0 0 0.990361 0.007170 0.001950 0.000036 0.000483
0 0 0.990300 0.007265 0.001836 0.000026 0.000574
0 0 0.986921 0.009794 0.001695 0.000004 0.001585
0 0 0.988599 0.008410 0.002102 0.000026 0.000863
0 0 0.985424 0.009962 0.003808 0.000196 0.000610
0 0 0.987365 0.009079 0.002722 0.000058 0.000775
0 0 0.987803 0.008928 0.002225 0.000027 0.001017
0 0 0.988518 0.008459 0.002133 0.000027 0.000862
0 0 0.985957 0.010049 0.002196 0.000015 0.001782
0 0 0.988782 0.008312 0.001838 0.000015 0.001053
0 0 0.981950 0.012447 0.003942 0.000092 0.001569
0 0 0.991842 0.006286 0.001246 0.000008 0.000618
0 0 0.989832 0.007489 0.002138 0.000045 0.000495
0 0 0.991584 0.006433 0.001459 0.000015 0.000510
0 0 0.990248 0.007333 0.001731 0.000019 0.000669
0 0 0.991650 0.006408 0.001359 0.000011 0.000572
0 0 0.985390 0.010387 0.002282 0.000016 0.001926
0 0 0.982456 0.012070 0.002725 0.000019 0.002729
0 0 0.988145 0.008692 0.001775 0.000011 0.001378
0 0 0.987623 0.009009 0.001833 0.000011 0.001525
0 0 0.984494 0.010985 0.002913 0.000039 0.001570
0 0 0.985991 0.010065 0.002622 0.000034 0.001287
0 0 0.988370 0.008555 0.002162 0.000028 0.000885
0 0 0.980533 0.013230 0.004432 0.000118 0.001686
0 0 0.986490 0.009732 0.002663 0.000042 0.001073
0 0 0.988978 0.008179 0.001928 0.000020 0.000895
0 0 0.990047 0.007481 0.001473 0.000008 0.000991
0 0 0.986776 0.009564 0.002536 0.000036 0.001087
0 0 0.989313 0.007670 0.002525 0.000088 0.000404
0 0 0.991720 0.006104 0.001851 0.000044 0.000281
0 0 0.959774 0.024570 0.013369 0.000219 0.002069
0 0 0.976408 0.015378 0.006848 0.000122 0.001245
0 0 0.952594 0.035663 0.006481 0.000053 0.005209
0 0 0.966680 0.025277 0.004462 0.000010 0.003571
0 0 0.858761 0.111127 0.021856 0.000230 0.008026
0 0 0.954534 0.032960 0.008117 0.000054 0.004335
0 0 0.913000 0.066901 0.015035 0.000420 0.004644
0 0 0.979547 0.015089 0.003561 0.000022 0.001781
0 0 0.982454 0.012180 0.003659 0.000072 0.001635
0 0 0.992290 0.005981 0.001117 0.000006 0.000605
0 0 0.991681 0.006397 0.001221 0.000007 0.000695
0 0 0.978548 0.014450 0.004258 0.000071 0.002673
0 0 0.987191 0.009089 0.002992 0.000095 0.000633
0 0 0.978627 0.013303 0.006540 0.000707 0.000823
0 0 0.990131 0.007380 0.001864 0.000026 0.000600
0 0 0.989977 0.007371 0.002145 0.000049 0.000458
0 0 0.992999 0.005463 0.001144 0.000010 0.000385
0 0 0.992621 0.005733 0.001195 0.000010 0.000440
0 0 0.993151 0.005382 0.000992 0.000005 0.000469
0 0 0.991329 0.006633 0.001365 0.000010 0.000663
0 0 0.991112 0.006781 0.001340 0.000008 0.000759
0 0 0.990333 0.007291 0.001634 0.000015 0.000726
0 0 0.993076 0.005436 0.000978 0.000005 0.000505
0 0 0.993463 0.005164 0.000871 0.000003 0.000498
0 0 0.992187 0.005930 0.001537 0.000026 0.000320
0 0 0.989458 0.007785 0.002120 0.000037 0.000599
0 0 0.985670 0.010159 0.003139 0.000075 0.000957
0 0 0.985800 0.009692 0.003748 0.000205 0.000555
0 0 0.987922 0.008274 0.003246 0.000203 0.000355
0 0 0.990057 0.007311 0.002136 0.000050 0.000445
0 0 0.969497 0.019758 0.009507 0.000089 0.001148
0 0 0.980069 0.014189 0.004597 0.000019 0.001127
0 0 0.835354 0.114597 0.039460 0.000024 0.010566
0 0 0.846707 0.094366 0.048721 0.000031 0.010175
0 0 0.867267 0.086690 0.035140 0.000033 0.010869
0 0 0.893343 0.073260 0.028182 0.000067 0.005148
0 0 0.736656 0.183559 0.062912 0.000026 0.016847
0 0 0.669626 0.232468 0.084520 0.000186 0.013201
0 0 0.816284 0.122686 0.054693 0.001208 0.005129
0 0 0.921679 0.057646 0.015611 0.000011 0.005053
0 0 0.440240 0.436364 0.101515 0.000252 0.021630
0 0 0.665760 0.202796 0.113638 0.000327 0.017479
0 0 0.911482 0.066821 0.016534 0.000293 0.004870
0 0 0.905525 0.075647 0.014708 0.000134 0.003985
0 0 0.589951 0.347734 0.049743 0.000086 0.012486
0 0 0.565667 0.328212 0.078155 0.000125 0.027842
0 0 0.986319 0.010393 0.002318 0.000014 0.000957
0 0 0.975366 0.015957 0.006849 0.000681 0.001148
0 0 0.987570 0.008999 0.002585 0.000051 0.000796
0 0 0.988330 0.008592 0.002107 0.000024 0.000947
0 0 0.988139 0.008676 0.002325 0.000037 0.000823
0 0 0.985292 0.010375 0.003278 0.000084 0.000971
0 0 0.990566 0.007122 0.001662 0.000018 0.000633
0 0 0.986509 0.009657 0.002875 0.000062 0.000897
0 0 0.987297 0.009216 0.002511 0.000041 0.000936
0 0 0.985418 0.010348 0.003105 0.000066 0.001062
0 0 0.990980 0.006752 0.001812 0.000033 0.000423
0 0 0.986443 0.009505 0.003278 0.000120 0.000653
0 0 0.984491 0.010564 0.003341 0.000029 0.001575
0 0 0.975973 0.016764 0.005093 0.000031 0.002139
0 0 0.976053 0.014138 0.007799 0.001228 0.000781
0 0 0.991686 0.006321 0.001553 0.000021 0.000419
0 0 0.989946 0.007441 0.002056 0.000039 0.000518
0 0 0.984109 0.011073 0.003646 0.000104 0.001069
0 0 0.990278 0.007268 0.001789 0.000019 0.000645
0 0 0.988376 0.008561 0.002102 0.000024 0.000937
0 0 0.983089 0.011116 0.004708 0.000143 0.000945
0 0 0.981229 0.012696 0.004366 0.000099 0.001610
0 0 0.986941 0.009464 0.002478 0.000034 0.001082
0 0 0.986332 0.009800 0.002820 0.000053 0.000995
0 0 0.977081 0.014083 0.007106 0.000816 0.000913
0 0 0.992044 0.006052 0.001524 0.000023 0.000356
0 0 0.992837 0.005600 0.001068 0.000006 0.000490
0 0 0.991816 0.006299 0.001299 0.000010 0.000576
0 0 0.991482 0.006531 0.001305 0.000008 0.000673
0 0 0.988778 0.008305 0.001993 0.000022 0.000902
0 0 0.993745 0.004964 0.000864 0.000004 0.000423
0 0 0.992688 0.005705 0.001081 0.000006 0.000520
0 0 0.992729 0.005671 0.000947 0.000003 0.000650
0 0 0.992915 0.005547 0.000954 0.000004 0.000580
0 0 0.991713 0.006374 0.001200 0.000006 0.000707
0 0 0.991855 0.006252 0.001387 0.000013 0.000493
0 0 0.992654 0.005708 0.001197 0.000010 0.000430
0 0 0.993866 0.004878 0.000841 0.000004 0.000411
0 0 0.994148 0.004669 0.000843 0.000005 0.000336
0 0 0.994844 0.004173 0.000665 0.000002 0.000316
0 0 0.992422 0.005855 0.001292 0.000013 0.000419
0 0 0.991654 0.006393 0.001414 0.000013 0.000526
0 0 0.991783 0.006311 0.001362 0.000012 0.000532
0 0 0.992217 0.005978 0.001385 0.000016 0.000404
0 0 0.985594 0.009991 0.003693 0.000160 0.000562
0 0 0.989067 0.007801 0.002630 0.000099 0.000404
0 0 0.964748 0.025116 0.008409 0.000051 0.001676
0 0 0.935090 0.051491 0.010350 0.000028 0.003041
0 0 0.973605 0.018742 0.006252 0.000022 0.001378
0 0 0.969509 0.022529 0.006588 0.000025 0.001348
0 0 0.978321 0.016231 0.004506 0.000033 0.000909
0 0 0.960863 0.029168 0.008298 0.000095 0.001577
0 0 0.979414 0.015565 0.004076 0.000050 0.000895
0 0 0.939021 0.047707 0.008913 0.000006 0.004353
0 0 0.923539 0.061023 0.010065 0.000013 0.005361
0 0 0.921973 0.063953 0.009447 0.000011 0.004616
0 0 0.449809 0.366239 0.171105 0.000097 0.012749
2 1 0.311457 0.321758 0.339153 0.000112 0.027520
0 1 0.523860 0.375529 0.076778 0.000089 0.023743
0 1 0.631792 0.266590 0.076685 0.000057 0.024876
1 1 0.430229 0.457437 0.080575 0.000053 0.031706
0 1 0.509125 0.401752 0.067624 0.000165 0.021335
1 2 0.289342 0.558585 0.134266 0.000672 0.017135
1 2 0.222498 0.383292 0.338196 0.000889 0.055125
2 2 0.074674 0.271506 0.615591 0.004143 0.034086
2 2 0.112077 0.256095 0.599753 0.003899 0.028176
2 2 0.022359 0.096238 0.866757 0.000918 0.013728
2 2 0.028871 0.140426 0.818800 0.006145 0.005758
2 2 0.030315 0.188702 0.763351 0.008112 0.009520
2 2 0.011474 0.072927 0.898913 0.002005 0.014680
2 2 0.041366 0.106036 0.831455 0.016692 0.004450
2 2 0.014484 0.038245 0.910511 0.034077 0.002682
0 1 0.582182 0.270424 0.131019 0.000300 0.016075
0 1 0.572920 0.353436 0.063640 0.000169 0.009834
0 0 0.749281 0.174168 0.068953 0.001139 0.006459
0 0 0.611572 0.324597 0.056511 0.000258 0.007062
0 0 0.789918 0.144405 0.060534 0.000634 0.004510
0 0 0.777590 0.144195 0.073683 0.001118 0.003414
0 0 0.695831 0.246732 0.049828 0.000197 0.007411
0 1 0.485577 0.332549 0.168346 0.000434 0.013094
1 1 0.302324 0.455338 0.231636 0.004573 0.006130
0 1 0.570312 0.272153 0.148814 0.002762 0.005960
0 1 0.466064 0.330502 0.193461 0.001702 0.008271
0 1 0.395844 0.391660 0.198412 0.001930 0.012154
1 2 0.315149 0.383773 0.288837 0.004324 0.007917
1 2 0.257715 0.367163 0.352804 0.007216 0.015102
0 2 0.362604 0.323556 0.296337 0.006779 0.010723
0 2 0.361172 0.233925 0.357696 0.014045 0.033163
2 2 0.063720 0.131851 0.768307 0.031829 0.004294
2 2 0.097819 0.087239 0.693859 0.116914 0.004169
2 2 0.006077 0.041989 0.920913 0.030445 0.000576
2 2 0.005130 0.033893 0.919605 0.040160 0.001211
2 2 0.010628 0.040067 0.879199 0.069011 0.001095
2 2 0.012855 0.039774 0.905130 0.041378 0.000864
2 2 0.009303 0.014850 0.678610 0.296063 0.001174
2 2 0.057027 0.089232 0.789687 0.062989 0.001066
2 2 0.011023 0.013196 0.850810 0.124681 0.000289
2 2 0.011520 0.027268 0.803879 0.156555 0.000778
2 2 0.007025 0.019818 0.725775 0.246946 0.000436
2 2 0.004028 0.008074 0.670674 0.316928 0.000297
3 3 0.008291 0.006295 0.307159 0.678123 0.000132
3 3 0.004801 0.004343 0.306621 0.684002 0.000233
3 3 0.022480 0.009994 0.270519 0.696654 0.000353
3 3 0.017256 0.007902 0.193861 0.780373 0.000607
3 3 0.000750 0.000696 0.116292 0.882224 0.000038
3 3 0.000565 0.000690 0.072001 0.926699 0.000046
3 3 0.036450 0.018390 0.204605 0.735435 0.005120
0 2 0.691406 0.119951 0.069233 0.118736 0.000673
0 2 0.371310 0.189763 0.369199 0.050307 0.019421
0 0 0.485941 0.373000 0.124332 0.006579 0.010148
0 0 0.622643 0.257600 0.100829 0.001570 0.017358
0 0 0.871939 0.093390 0.028632 0.000211 0.005828
0 0 0.894495 0.071699 0.029997 0.000888 0.002921
0 0 0.959600 0.029181 0.008272 0.000062 0.002884
0 0 0.905657 0.068235 0.020498 0.000049 0.005561
0 0 0.928690 0.057547 0.007677 0.000001 0.006085
0 0 0.875325 0.091899 0.027325 0.000169 0.005283
0 0 0.798511 0.164035 0.030270 0.000039 0.007145
0 0 0.835693 0.131166 0.021232 0.000023 0.011885
0 0 0.919384 0.066556 0.009305 0.000002 0.004753
0 0 0.924135 0.053630 0.017977 0.000154 0.004105
0 0 0.919022 0.056365 0.019007 0.000315 0.005290
0 0 0.946854 0.038190 0.012393 0.000150 0.002413
0 0 0.946078 0.037107 0.013199 0.000814 0.002801
0 0 0.902262 0.077522 0.014174 0.000101 0.005941
0 1 0.852248 0.119229 0.020978 0.000105 0.007440
0 1 0.770200 0.180048 0.039726 0.000262 0.009766
0 1 0.658351 0.289359 0.044558 0.000126 0.007605
0 1 0.931597 0.049558 0.012519 0.000027 0.006299
0 1 0.787415 0.169286 0.033824 0.000118 0.009356
0 1 0.432352 0.407846 0.137411 0.000263 0.022128
1 1 0.374169 0.465639 0.135490 0.000695 0.024006
0 1 0.472984 0.313846 0.194205 0.000456 0.018509
0 1 0.561000 0.333955 0.092641 0.000147 0.012257
0 1 0.831146 0.137650 0.021820 0.000021 0.009363
0 1 0.846263 0.107789 0.036653 0.000129 0.009166
0 1 0.710935 0.233104 0.045470 0.000106 0.010385
0 1 0.835992 0.125394 0.028155 0.000014 0.010446
1 1 0.258710 0.569185 0.148625 0.000720 0.022760
0 1 0.488464 0.360415 0.113213 0.000035 0.037874
1 1 0.282975 0.380613 0.286223 0.000099 0.050090
1 1 0.300826 0.385569 0.254166 0.000131 0.059308
1 1 0.347695 0.361799 0.262018 0.000688 0.027800
1 1 0.228030 0.501592 0.243858 0.002051 0.024468
0 1 0.762422 0.180741 0.045837 0.000047 0.010952
1 1 0.312099 0.539920 0.131898 0.002414 0.013669
1 1 0.108648 0.515597 0.359183 0.000984 0.015587
2 1 0.072246 0.342387 0.531948 0.001833 0.051585
2 2 0.000810 0.050493 0.940127 0.007699 0.000870
2 2 0.001253 0.025212 0.965349 0.007135 0.001051
0 0 0.582647 0.295432 0.111856 0.000319 0.009745
0 0 0.888505 0.071290 0.036527 0.002775 0.000904
0 0 0.865439 0.086040 0.040649 0.002114 0.005758
0 0 0.768596 0.192117 0.032709 0.000071 0.006507
0 0 0.896385 0.080123 0.021439 0.000322 0.001731
0 0 0.927712 0.050037 0.019124 0.000073 0.003055
0 0 0.717581 0.192731 0.079230 0.000377 0.010081
0 0 0.507739 0.369029 0.115121 0.000851 0.007259
0 0 0.417322 0.366802 0.188379 0.000199 0.027298
0 1 0.361371 0.341880 0.262623 0.000587 0.033538
2 1 0.205854 0.371323 0.399951 0.000748 0.022123
2 1 0.101723 0.301932 0.573586 0.006630 0.016129
2 2 0.026750 0.061369 0.886066 0.022962 0.002853
2 2 0.072779 0.262454 0.647945 0.009845 0.006976
2 2 0.003758 0.028189 0.939011 0.028439 0.000603
2 2 0.003970 0.027813 0.918085 0.049876 0.000255
2 2 0.053326 0.293102 0.620036 0.027139 0.006397
2 2 0.031982 0.044146 0.902751 0.016912 0.004209
2 2 0.003225 0.011503 0.890757 0.094239 0.000277
2 2 0.002953 0.012417 0.868499 0.115698 0.000433
1 2 0.173406 0.458908 0.355904 0.006367 0.005415
2 2 0.048759 0.062643 0.817519 0.058193 0.012886
2 2 0.000823 0.008973 0.978837 0.010671 0.000696
2 2 0.001684 0.015403 0.958116 0.021817 0.002980
2 2 0.003848 0.007437 0.847294 0.141225 0.000197
2 2 0.002768 0.006666 0.841305 0.148840 0.000422
2 2 0.088854 0.062992 0.687037 0.148143 0.012974
2 2 0.168613 0.294642 0.496388 0.037699 0.002658
2 2 0.013147 0.030975 0.736250 0.218970 0.000658
2 2 0.013731 0.013740 0.540606 0.430616 0.001307
2 2 0.023737 0.017584 0.514831 0.443034 0.000814
2 2 0.030265 0.012749 0.596258 0.360252 0.000476
2 2 0.001128 0.003687 0.570324 0.424733 0.000128
2 2 0.004907 0.006308 0.640067 0.348599 0.000118
3 3 0.000677 0.001300 0.242240 0.755731 0.000051
3 3 0.001848 0.002662 0.422250 0.573200 0.000040
3 3 0.012991 0.007993 0.145385 0.832067 0.001564
3 3 0.015559 0.007083 0.106276 0.870424 0.000657
3 3 0.001488 0.001336 0.061348 0.935711 0.000117
3 3 0.001952 0.001589 0.069605 0.926716 0.000138
3 3 0.000583 0.000849 0.066280 0.932151 0.000137
3 3 0.000460 0.000927 0.032570 0.965841 0.000203
3 3 0.001942 0.001649 0.038094 0.958193 0.000121
3 3 0.003493 0.002799 0.034274 0.959193 0.000241
3 3 0.000264 0.000423 0.020070 0.979210 0.000033
3 3 0.000216 0.000533 0.013671 0.985494 0.000086
3 3 0.002861 0.002303 0.029771 0.964896 0.000169
3 3 0.000632 0.001725 0.010008 0.987068 0.000566
3 3 0.001015 0.002034 0.015756 0.980680 0.000515
3 3 0.001639 0.002349 0.015772 0.979877 0.000363
3 3 0.002068 0.002969 0.019824 0.974562 0.000577
3 3 0.004258 0.004748 0.018454 0.971780 0.000760
3 3 0.000342 0.000780 0.014618 0.984120 0.000139
3 3 0.000835 0.001357 0.015274 0.982345 0.000188
3 3 0.001166 0.002511 0.017223 0.978259 0.000841
3 3 0.004531 0.005919 0.013326 0.974982 0.001242
3 3 0.000434 0.000972 0.008521 0.989919 0.000154
3 3 0.000128 0.000335 0.011242 0.988253 0.000042
3 3 0.000236 0.000748 0.005925 0.992929 0.000161
3 3 0.000138 0.000406 0.008417 0.990977 0.000062
3 3 0.004189 0.004557 0.010304 0.980406 0.000544
3 3 0.000162 0.000699 0.006433 0.992453 0.000253
3 3 0.001435 0.002345 0.009456 0.986392 0.000372
3 3 0.000217 0.001171 0.002806 0.995197 0.000609
3 3 0.000135 0.000758 0.003160 0.995602 0.000345
3 3 0.000248 0.000471 0.012544 0.986693 0.000043
3 3 0.003031 0.003404 0.015306 0.977834 0.000424
3 3 0.001341 0.003241 0.007649 0.986655 0.001115
3 3 0.000562 0.001321 0.007391 0.990470 0.000256
3 3 0.000138 0.000464 0.008916 0.990383 0.000099
3 3 0.000733 0.002329 0.007360 0.988534 0.001044
3 3 0.002536 0.003335 0.011615 0.982031 0.000482
3 3 0.001626 0.003954 0.007621 0.985262 0.001537
3 3 0.002064 0.003671 0.011416 0.981914 0.000935
3 3 0.000760 0.001947 0.006050 0.990738 0.000506
3 3 0.001726 0.003147 0.008950 0.985479 0.000697
3 3 0.000422 0.001381 0.007019 0.990703 0.000475
3 3 0.000059 0.000402 0.005004 0.994322 0.000213
3 3 0.000384 0.001156 0.012045 0.986030 0.000385
3 3 0.000897 0.001985 0.009979 0.986647 0.000492
3 3 0.000469 0.001613 0.006593 0.990681 0.000645
3 3 0.000145 0.000768 0.006179 0.992495 0.000414
3 3 0.000092 0.000598 0.002889 0.996125 0.000296
3 3 0.000144 0.000722 0.005586 0.993220 0.000328
3 3 0.000088 0.000304 0.005858 0.993704 0.000046
3 3 0.000031 0.000188 0.004102 0.995629 0.000050
3 3 0.000480 0.001948 0.004230 0.992369 0.000973
3 3 0.001803 0.003078 0.008340 0.986194 0.000585
3 3 0.000409 0.001621 0.005189 0.992024 0.000758
3 3 0.000432 0.001497 0.006877 0.990602 0.000592
3 3 0.001081 0.003244 0.006622 0.987522 0.001531
3 3 0.000446 0.001644 0.008870 0.988201 0.000838
3 3 0.001466 0.002618 0.009489 0.985911 0.000516
3 3 0.000326 0.001263 0.007178 0.990675 0.000558
3 3 0.000792 0.001595 0.008834 0.988495 0.000283
3 3 0.001364 0.002426 0.009994 0.985753 0.000464
3 3 0.001776 0.003237 0.008732 0.985534 0.000721
3 3 0.000359 0.001550 0.006377 0.990832 0.000882
3 3 0.000259 0.001270 0.004209 0.993575 0.000686
3 3 0.000313 0.001155 0.004812 0.993337 0.000383
3 3 0.006335 0.007247 0.011853 0.973265 0.001301
3 3 0.000560 0.001885 0.010372 0.986238 0.000946
3 3 0.000375 0.001160 0.007876 0.990245 0.000343
3 3 0.000125 0.000707 0.005232 0.993555 0.000380
3 3 0.000232 0.001138 0.006436 0.991514 0.000681
3 3 0.000410 0.001611 0.008139 0.988962 0.000879
3 3 0.000056 0.000395 0.003432 0.995926 0.000191
3 3 0.000170 0.000732 0.005066 0.993784 0.000248
3 3 0.000663 0.002266 0.004691 0.991425 0.000954
3 3 0.000102 0.000659 0.005849 0.992945 0.000445
3 3 0.000590 0.001880 0.008659 0.988072 0.000800
3 3 0.000284 0.001078 0.008051 0.990149 0.000439
3 3 0.000354 0.001296 0.006025 0.991832 0.000493
3 3 0.000438 0.001836 0.004053 0.992750 0.000923
3 3 0.000279 0.001134 0.005659 0.992461 0.000466
3 3 0.000499 0.001662 0.009369 0.987737 0.000733
3 3 0.000356 0.001082 0.006681 0.991600 0.000280
3 3 0.000148 0.000616 0.004603 0.994460 0.000173
3 3 0.000097 0.000486 0.005073 0.994173 0.000171
3 3 0.001054 0.001835 0.012753 0.984041 0.000317
3 3 0.000344 0.000993 0.011938 0.986444 0.000280
3 3 0.000381 0.001097 0.006812 0.991446 0.000263
3 3 0.000039 0.000324 0.003950 0.995491 0.000196
3 3 0.000071 0.000358 0.004978 0.994487 0.000105
3 3 0.001086 0.002617 0.012577 0.982759 0.000961
3 3 0.004949 0.006656 0.019642 0.966922 0.001831
3 3 0.000789 0.002991 0.006880 0.987299 0.002041
3 3 0.000874 0.002928 0.007446 0.987103 0.001649
3 3 0.000423 0.001882 0.007190 0.989184 0.001321
3 3 0.000380 0.001669 0.010124 0.986604 0.001224
0 0 0.727605 0.141117 0.093978 0.034192 0.003107
0 0 0.434551 0.203285 0.307054 0.045794 0.009316
2 1 0.027646 0.020803 0.493654 0.454670 0.003227
2 1 0.093266 0.026880 0.462712 0.415181 0.001961
2 1 0.018964 0.008687 0.781659 0.190275 0.000415
2 2 0.006778 0.022275 0.779097 0.191432 0.000419
2 2 0.002115 0.012915 0.927998 0.055531 0.001440
2 2 0.001288 0.007197 0.927298 0.063293 0.000924
2 2 0.000794 0.021998 0.942258 0.020420 0.014530
2 2 0.003413 0.023922 0.949411 0.014421 0.008833
2 2 0.004902 0.212043 0.587994 0.006779 0.188282
2 2 0.011300 0.144166 0.749049 0.000366 0.095119
2 2 0.005613 0.116546 0.754659 0.001799 0.121384
2 2 0.000939 0.097206 0.740014 0.001153 0.160688
2 2 0.004443 0.033964 0.941685 0.011307 0.008602
2 2 0.005014 0.089938 0.860527 0.005802 0.038719
2 2 0.001382 0.141583 0.670181 0.008207 0.178647
2 2 0.023007 0.172697 0.652708 0.000517 0.151071
4 2 0.003030 0.155630 0.389816 0.000494 0.451030
4 2 0.005134 0.161661 0.416082 0.000040 0.417083
2 2 0.027738 0.126558 0.741519 0.007166 0.097019
2 2 0.015833 0.142678 0.719769 0.002589 0.119131
2 2 0.008749 0.220348 0.592887 0.000877 0.177140
2 2 0.004343 0.087941 0.789308 0.001089 0.117320
2 2 0.028620 0.203738 0.494323 0.000173 0.273147
2 2 0.002887 0.116155 0.597946 0.000343 0.282669
2 2 0.009286 0.143170 0.438658 0.000507 0.408378
2 2 0.004307 0.117549 0.496684 0.000125 0.381334
2 2 0.012486 0.166223 0.533813 0.000161 0.287317
2 2 0.002565 0.122424 0.548359 0.000199 0.326452
2 2 0.006350 0.140678 0.653458 0.000320 0.199194
2 2 0.006031 0.134069 0.691623 0.000305 0.167973
2 2 0.015007 0.079623 0.891496 0.001667 0.012207
2 2 0.007928 0.087827 0.875065 0.000696 0.028484
2 2 0.001860 0.040775 0.949929 0.000128 0.007307
2 2 0.000293 0.044093 0.946091 0.000681 0.008842
2 2 0.001243 0.023864 0.968853 0.001594 0.004446
2 2 0.002044 0.031248 0.961108 0.000855 0.004745
2 2 0.007840 0.027216 0.947324 0.014825 0.002794
2 2 0.004980 0.017267 0.964369 0.010419 0.002964
2 2 0.004843 0.025432 0.950301 0.007614 0.011810
2 2 0.007206 0.040310 0.934966 0.003601 0.013916
2 2 0.000434 0.005346 0.980328 0.013255 0.000637
2 2 0.000923 0.010784 0.979785 0.007020 0.001489
2 2 0.005585 0.023526 0.962099 0.005866 0.002923
2 2 0.002154 0.018915 0.971575 0.005160 0.002196
2 2 0.006315 0.016736 0.965727 0.009666 0.001556
2 2 0.008320 0.020034 0.941470 0.027967 0.002208
2 2 0.099800 0.030454 0.746508 0.121815 0.001422
2 2 0.024444 0.019068 0.740658 0.213358 0.002473
2 2 0.040277 0.028768 0.796530 0.130642 0.003783
2 2 0.020898 0.016982 0.830400 0.129279 0.002441
2 2 0.099683 0.052785 0.808968 0.029586 0.008978
2 2 0.040132 0.031822 0.767706 0.149807 0.010533
2 2 0.142744 0.034135 0.689871 0.126666 0.006584
2 2 0.015175 0.014733 0.613675 0.348282 0.008136
2 2 0.011128 0.012416 0.694776 0.278974 0.002706
2 2 0.014560 0.015243 0.672166 0.295369 0.002662
2 2 0.032551 0.039659 0.528264 0.357431 0.042095
2 2 0.050387 0.032387 0.686907 0.210818 0.019500
2 2 0.064772 0.035831 0.647451 0.239288 0.012658
2 2 0.016456 0.037651 0.716650 0.194064 0.035179
2 2 0.096040 0.026492 0.575105 0.290683 0.011680
0 0 0.783928 0.130378 0.070860 0.013649 0.001185
0 0 0.411123 0.377877 0.192567 0.014334 0.004099
2 2 0.320222 0.127234 0.509553 0.019958 0.023034
0 2 0.381194 0.151591 0.324127 0.138594 0.004493
0 2 0.486659 0.080613 0.368647 0.059813 0.004268
2 2 0.078351 0.114581 0.754320 0.051358 0.001390
2 2 0.082142 0.057445 0.765640 0.091617 0.003156
2 2 0.032270 0.026807 0.766854 0.172743 0.001325
2 2 0.062036 0.078750 0.783217 0.073997 0.002000
0 2 0.566500 0.115380 0.278380 0.033630 0.006110
2 2 0.351097 0.241381 0.378554 0.016657 0.012311
2 2 0.181060 0.366512 0.427493 0.020927 0.004008
2 2 0.074887 0.048824 0.762198 0.109137 0.004954
2 2 0.010544 0.011724 0.853997 0.123163 0.000572
2 2 0.013817 0.011046 0.635338 0.338924 0.000875
2 2 0.011193 0.016742 0.748570 0.222759 0.000737
2 2 0.005209 0.014833 0.817572 0.161558 0.000829
2 2 0.343244 0.081313 0.438273 0.129407 0.007763
2 2 0.240672 0.101006 0.468798 0.179689 0.009836
2 2 0.018173 0.014754 0.630943 0.333923 0.002207
2 2 0.242926 0.138063 0.425651 0.190611 0.002749
2 2 0.018388 0.027059 0.749248 0.204273 0.001032
2 2 0.019235 0.019862 0.807529 0.151828 0.001547
0 0 0.776280 0.156611 0.057933 0.000276 0.008899
0 0 0.650266 0.271655 0.065782 0.000556 0.011741
2 2 0.117499 0.181187 0.678951 0.008045 0.014318
2 2 0.069803 0.097079 0.808737 0.014828 0.009553
2 2 0.170838 0.105003 0.662016 0.058367 0.003776
2 2 0.071890 0.064416 0.766059 0.096172 0.001462
2 2 0.088065 0.184633 0.662434 0.062940 0.001928
2 2 0.052018 0.036095 0.815503 0.095550 0.000834
0 0 0.854572 0.080310 0.055541 0.003368 0.006208
0 0 0.865611 0.094840 0.032252 0.004478 0.002819
0 0 0.809271 0.147377 0.036873 0.001682 0.004798
0 0 0.937210 0.042404 0.017175 0.001155 0.002055
0 0 0.786820 0.171955 0.036586 0.000281 0.004358
0 0 0.796705 0.155712 0.041891 0.000474 0.005219
0 0 0.703061 0.216184 0.075925 0.001776 0.003055
0 0 0.690762 0.218650 0.085341 0.001396 0.003851
0 0 0.671870 0.261559 0.057789 0.000591 0.008191
0 0 0.705183 0.236052 0.052091 0.000633 0.006042
0 0 0.872659 0.101415 0.021483 0.000540 0.003903
0 0 0.965489 0.022535 0.009499 0.000940 0.001537
0 0 0.944921 0.035780 0.015470 0.000688 0.003141
0 0 0.852231 0.119032 0.022919 0.000380 0.005438
0 0 0.806295 0.150014 0.037712 0.001327 0.004653
0 0 0.777827 0.186564 0.030244 0.000218 0.005147
0 0 0.600736 0.335675 0.056650 0.000369 0.006570
0 0 0.623841 0.302877 0.064488 0.000512 0.008282
0 0 0.461205 0.459793 0.070622 0.000207 0.008173
0 0 0.542858 0.383994 0.061642 0.000217 0.011289
0 0 0.527384 0.398183 0.066132 0.000399 0.007903
0 0 0.645039 0.294373 0.051022 0.000219 0.009346
0 1 0.621471 0.318806 0.048500 0.000179 0.011044
1 1 0.455730 0.461022 0.068299 0.000236 0.014713
1 1 0.270960 0.585214 0.130321 0.001703 0.011802
1 1 0.324776 0.511070 0.150796 0.001883 0.011476
1 1 0.166891 0.481160 0.328091 0.007588 0.016270
1 1 0.170663 0.516400 0.297515 0.004916 0.010505
0 1 0.578284 0.323011 0.085911 0.000974 0.011820
1 1 0.380726 0.496188 0.108704 0.001514 0.012868
0 1 0.503694 0.400172 0.086267 0.000612 0.009255
1 1 0.438291 0.450452 0.100591 0.000716 0.009950
0 0 0.766734 0.177960 0.042826 0.000218 0.012263
0 0 0.590543 0.354644 0.046097 0.000119 0.008598
0 0 0.546595 0.375472 0.063977 0.000393 0.013563
0 1 0.527905 0.405132 0.056200 0.000263 0.010500
1 1 0.375984 0.519156 0.095483 0.000771 0.008606
1 1 0.449188 0.462279 0.077896 0.000556 0.010081
0 0 0.773069 0.172176 0.044338 0.000386 0.010031
0 0 0.875692 0.083689 0.032679 0.002629 0.005312
0 0 0.848965 0.104325 0.035385 0.005205 0.006120
0 0 0.919256 0.059766 0.016397 0.000391 0.004189
0 0 0.819144 0.147042 0.027650 0.000287 0.005878
0 0 0.462490 0.461498 0.067250 0.000415 0.008347
0 0 0.560445 0.360571 0.071212 0.000759 0.007013
0 0 0.630565 0.308505 0.054619 0.000299 0.006011
1 0 0.374145 0.486581 0.125043 0.001268 0.012963
0 0 0.717287 0.225093 0.049154 0.000202 0.008263
0 0 0.731236 0.211080 0.045470 0.000310 0.011905
0 0 0.665651 0.285787 0.040783 0.000065 0.007713
0 0 0.640086 0.285553 0.063626 0.000424 0.010310
0 0 0.551305 0.374617 0.063622 0.000238 0.010218
0 0 0.476265 0.437547 0.078502 0.000609 0.007077
0 1 0.694084 0.219866 0.077042 0.000370 0.008638
1 1 0.275997 0.542021 0.160316 0.002064 0.019602
1 1 0.351048 0.512386 0.117899 0.000758 0.017909
0 1 0.513490 0.373123 0.101627 0.000538 0.011223
0 1 0.504179 0.373005 0.110376 0.001944 0.010496
0 0 0.848075 0.100457 0.043499 0.001110 0.006860
0 0 0.825665 0.142180 0.025211 0.000057 0.006886
0 0 0.602627 0.299216 0.086449 0.000391 0.011317
0 0 0.522281 0.372705 0.093248 0.000511 0.011256
0 0 0.555018 0.363089 0.067562 0.000234 0.014097
0 0 0.690226 0.228461 0.066225 0.000696 0.014393
0 0 0.636863 0.283329 0.070026 0.000161 0.009621
0 0 0.779776 0.153702 0.044645 0.000060 0.021816
0 0 0.689430 0.193781 0.092290 0.000181 0.024319
1 0 0.400951 0.497208 0.086205 0.000411 0.015225
1 0 0.362240 0.481051 0.123838 0.000114 0.032757
1 0 0.210093 0.630753 0.123064 0.000358 0.035732
0 0 0.871953 0.090572 0.032207 0.000577 0.004691
0 0 0.720004 0.226562 0.045482 0.000646 0.007306
0 0 0.753268 0.203715 0.030924 0.000047 0.012046
0 0 0.805604 0.137714 0.043533 0.000874 0.012275
0 0 0.654314 0.263552 0.060247 0.000208 0.021678
0 0 0.709438 0.240221 0.034724 0.000017 0.015601
0 0 0.589938 0.246573 0.144535 0.002482 0.016473
0 0 0.741444 0.196251 0.050600 0.000161 0.011544
0 0 0.603369 0.305825 0.081757 0.000804 0.008245
0 0 0.793684 0.154524 0.046610 0.000750 0.004432
0 0 0.916717 0.058227 0.020612 0.000053 0.004391
0 0 0.816314 0.146487 0.032004 0.000186 0.005010
0 0 0.967171 0.024187 0.005930 0.000022 0.002690
0 0 0.961687 0.027705 0.007293 0.000051 0.003265
0 0 0.898183 0.079374 0.019015 0.000302 0.003126
0 0 0.913582 0.063399 0.019906 0.000166 0.002947
0 0 0.683904 0.227232 0.082408 0.002286 0.004170
0 0 0.965402 0.025882 0.008040 0.000045 0.000631
0 0 0.975987 0.017350 0.005796 0.000084 0.000783
0 0 0.972555 0.020460 0.006018 0.000077 0.000891
0 0 0.964034 0.027567 0.004445 0.000003 0.003951
0 0 0.940318 0.046963 0.008928 0.000031 0.003760
0 0 0.599046 0.339232 0.052648 0.000083 0.008990
0 0 0.754781 0.194763 0.035291 0.000021 0.015144
0 0 0.512481 0.372890 0.100129 0.000143 0.014356
1 0 0.392363 0.400609 0.186359 0.000281 0.020388
1 0 0.197140 0.498356 0.288127 0.001493 0.014884
1 0 0.279808 0.488468 0.219950 0.000363 0.011410
0 0 0.741381 0.197749 0.048651 0.000202 0.012016
0 0 0.652074 0.285240 0.054711 0.000275 0.007700
0 0 0.832828 0.117401 0.040834 0.000904 0.008033
0 0 0.643121 0.295428 0.049447 0.000279 0.011725
1 1 0.227159 0.576510 0.168884 0.000801 0.026647
1 1 0.186767 0.517454 0.250636 0.000698 0.044445
1 1 0.217249 0.520662 0.219108 0.001954 0.041026
1 1 0.201461 0.540434 0.228658 0.001537 0.027910
2 1 0.018840 0.136615 0.829336 0.013398 0.001811
2 2 0.005507 0.040657 0.934843 0.017065 0.001928
2 2 0.002886 0.019881 0.968127 0.008741 0.000365
2 2 0.001322 0.020030 0.956482 0.021524 0.000641
2 2 0.006977 0.015459 0.906175 0.071261 0.000127
2 2 0.002560 0.007455 0.941807 0.048081 0.000097
2 2 0.000516 0.009058 0.984704 0.005573 0.000149
2 2 0.000258 0.011330 0.970901 0.017329 0.000182
2 2 0.005926 0.016642 0.944964 0.031140 0.001328
2 2 0.036216 0.089656 0.852260 0.021228 0.000640
2 2 0.068915 0.070977 0.829416 0.028730 0.001962
2 2 0.012805 0.052919 0.866245 0.067382 0.000650
2 2 0.027727 0.038605 0.882094 0.050248 0.001325
2 2 0.044774 0.048976 0.878853 0.026725 0.000672
2 2 0.084644 0.048053 0.837443 0.028696 0.001164
2 2 0.022619 0.067314 0.876040 0.033636 0.000390
2 2 0.007211 0.016437 0.876214 0.099505 0.000634
2 2 0.004665 0.025664 0.937767 0.031660 0.000243
2 2 0.105721 0.151764 0.688136 0.052429 0.001951
2 2 0.030732 0.052140 0.893199 0.021773 0.002156
2 2 0.003092 0.010125 0.883390 0.102615 0.000777
2 2 0.063753 0.083970 0.783618 0.067802 0.000857
2 2 0.000301 0.003844 0.974083 0.021758 0.000014
2 2 0.000055 0.001084 0.980796 0.018051 0.000013
2 2 0.007380 0.012981 0.933059 0.046349 0.000230
2 2 0.006516 0.014212 0.819065 0.159931 0.000276
2 2 0.006334 0.012150 0.887192 0.094013 0.000310
2 2 0.011791 0.018849 0.809484 0.159342 0.000534
2 2 0.004559 0.008352 0.837453 0.149507 0.000129
2 2 0.003234 0.007219 0.828377 0.160942 0.000228
2 2 0.001703 0.004330 0.835108 0.158753 0.000106
2 2 0.004235 0.008727 0.785789 0.201106 0.000143
2 2 0.001749 0.006479 0.807281 0.184322 0.000169
2 2 0.002901 0.006688 0.883996 0.106300 0.000115
2 2 0.001027 0.003614 0.763182 0.232004 0.000173
2 2 0.005817 0.010706 0.660796 0.322446 0.000235
2 2 0.002774 0.004944 0.541738 0.450067 0.000476
2 3 0.035147 0.014896 0.665158 0.284458 0.000341
2 3 0.018294 0.009213 0.619809 0.352276 0.000408
3 3 0.017996 0.011134 0.439480 0.531027 0.000362
3 3 0.011816 0.006934 0.394662 0.586222 0.000366
3 3 0.015921 0.007967 0.468627 0.506913 0.000572
3 3 0.007989 0.003510 0.226894 0.761476 0.000131
3 3 0.003289 0.002956 0.212821 0.780621 0.000314
3 3 0.006795 0.004937 0.137758 0.849974 0.000537
3 3 0.008863 0.004536 0.202727 0.783627 0.000247
3 3 0.007520 0.005305 0.269786 0.717079 0.000310
3 3 0.004512 0.003850 0.169092 0.821858 0.000688
3 3 0.002682 0.002846 0.116931 0.877324 0.000216
3 3 0.001740 0.001405 0.093101 0.903625 0.000128
3 3 0.000439 0.000582 0.055070 0.943849 0.000060
3 3 0.006619 0.004351 0.070936 0.917623 0.000470
3 3 0.001102 0.000964 0.068060 0.929804 0.000070
3 3 0.000895 0.000915 0.055828 0.942285 0.000078
3 3 0.001174 0.001430 0.075746 0.921408 0.000242
3 3 0.003682 0.002744 0.076447 0.916835 0.000292
3 3 0.000625 0.001031 0.042922 0.955230 0.000191
3 3 0.000817 0.001374 0.030670 0.966870 0.000269
3 3 0.000297 0.000547 0.040411 0.958662 0.000083
3 3 0.000363 0.000669 0.047574 0.951271 0.000122
3 3 0.002558 0.003097 0.029936 0.963867 0.000543
3 3 0.001208 0.001768 0.036704 0.959981 0.000339
3 3 0.000336 0.000827 0.028902 0.969706 0.000228
3 3 0.004210 0.002556 0.031485 0.961624 0.000126
3 3 0.000456 0.000846 0.044949 0.953610 0.000138
3 3 0.000965 0.001292 0.041801 0.955754 0.000188
3 3 0.000958 0.001843 0.024066 0.972645 0.000487
3 3 0.002319 0.002639 0.024017 0.970677 0.000347
3 3 0.000455 0.000959 0.012093 0.986337 0.000155
3 3 0.000260 0.000658 0.016704 0.982244 0.000134
3 3 0.000207 0.000443 0.018485 0.980809 0.000056
3 3 0.000258 0.000627 0.013949 0.985058 0.000108
3 3 0.002300 0.002567 0.056258 0.938634 0.000241
3 3 0.003048 0.002815 0.098583 0.895251 0.000303
3 2 0.084922 0.029543 0.324837 0.557485 0.003214
3 2 0.298657 0.087718 0.198583 0.412894 0.002148
2 2 0.231912 0.216870 0.492671 0.057053 0.001494
2 2 0.096896 0.027965 0.581340 0.292364 0.001435
2 2 0.006796 0.015710 0.878345 0.098985 0.000164
2 2 0.004845 0.007574 0.874242 0.113209 0.000130
2 2 0.003784 0.010591 0.919701 0.065792 0.000131
2 2 0.002725 0.006358 0.899335 0.091500 0.000082
2 2 0.031373 0.022173 0.867887 0.078245 0.000321
2 2 0.006939 0.009385 0.820563 0.162578 0.000535
2 2 0.003619 0.015711 0.839557 0.140658 0.000455
2 2 0.006598 0.014256 0.836848 0.141857 0.000440
2 2 0.020293 0.020651 0.838557 0.119288 0.001211
2 2 0.048543 0.104440 0.751104 0.093756 0.002157
2 2 0.007364 0.089637 0.887614 0.014582 0.000803
2 2 0.004142 0.017956 0.961670 0.014229 0.002003
2 2 0.000740 0.029925 0.961338 0.002806 0.005191
2 2 0.002735 0.049500 0.933917 0.000908 0.012940
2 2 0.003557 0.065187 0.902432 0.000591 0.028233
2 2 0.002460 0.137437 0.804222 0.004782 0.051098
4 2 0.021226 0.240252 0.361853 0.000316 0.376353
4 4 0.035385 0.236999 0.243062 0.000903 0.483651
2 4 0.004218 0.184234 0.425660 0.000125 0.385763
2 4 0.001836 0.098018 0.475910 0.000035 0.424202
4 4 0.007067 0.062538 0.253921 0.000746 0.675728
4 4 0.013599 0.087485 0.177508 0.000259 0.721149
4 4 0.006541 0.067976 0.376244 0.000600 0.548638
4 4 0.005919 0.080965 0.229146 0.000268 0.683703
4 4 0.008930 0.071020 0.314834 0.001049 0.604167
1 4 0.250910 0.350032 0.114375 0.000036 0.284648
4 4 0.030774 0.207026 0.209247 0.000046 0.552908
4 4 0.016571 0.149381 0.211351 0.000033 0.622664
4 4 0.107667 0.263766 0.091980 0.000721 0.535866
4 4 0.077200 0.068841 0.099872 0.000450 0.753638
4 4 0.035118 0.078670 0.070964 0.000038 0.815210
4 4 0.041215 0.069691 0.057015 0.000080 0.832000
4 4 0.117823 0.273830 0.060758 0.000052 0.547537
4 4 0.093846 0.130945 0.122740 0.000217 0.652252
2 4 0.010506 0.237329 0.558947 0.000056 0.193162
2 4 0.009010 0.168084 0.635613 0.000044 0.187250
4 4 0.031034 0.038432 0.036951 0.000240 0.893343
4 4 0.040254 0.041809 0.021414 0.000032 0.896491
4 4 0.265153 0.055352 0.017598 0.000095 0.661802
4 4 0.144249 0.046436 0.029304 0.000147 0.779864
4 4 0.152224 0.046768 0.021163 0.000132 0.779714
4 4 0.222945 0.064944 0.045272 0.000486 0.666353
4 4 0.231391 0.058035 0.021003 0.000086 0.689485
4 4 0.118973 0.047034 0.040923 0.000294 0.792776
4 4 0.067674 0.039504 0.051573 0.000523 0.840726
4 4 0.104398 0.059976 0.119383 0.003053 0.713190
4 4 0.040038 0.072525 0.047921 0.000047 0.839470
4 4 0.084719 0.092970 0.090914 0.000125 0.731272
4 4 0.002998 0.123647 0.233018 0.000007 0.640330
4 4 0.003445 0.082441 0.273769 0.000059 0.640287
4 4 0.026747 0.051673 0.089264 0.000249 0.832068
4 4 0.037085 0.137376 0.090245 0.000020 0.735275
4 4 0.025644 0.060291 0.225569 0.001034 0.687462
4 4 0.034939 0.108097 0.233801 0.000335 0.622828
4 4 0.045424 0.133982 0.262646 0.000342 0.557606
4 4 0.059575 0.162339 0.208134 0.000072 0.569880
4 4 0.009148 0.130326 0.301163 0.000025 0.559339
4 4 0.002904 0.065076 0.401652 0.000152 0.530216
4 4 0.012763 0.125101 0.192717 0.000101 0.669318
4 4 0.009381 0.056433 0.140045 0.000130 0.794011
4 4 0.037652 0.152165 0.372956 0.000387 0.436839
1 4 0.084212 0.352599 0.322932 0.000015 0.240242
4 4 0.004284 0.063512 0.254450 0.000096 0.677657
4 4 0.005798 0.065353 0.147645 0.000066 0.781137
4 4 0.172654 0.044340 0.013237 0.000055 0.769714
4 4 0.178586 0.050549 0.029298 0.000144 0.741424
4 4 0.030808 0.064095 0.101646 0.000219 0.803232
4 4 0.227952 0.178440 0.070027 0.000393 0.523188
4 4 0.032148 0.108309 0.174533 0.000142 0.684867
4 4 0.042121 0.126444 0.200484 0.000157 0.630793
4 4 0.036446 0.305783 0.287832 0.000005 0.369935
4 4 0.018950 0.192543 0.363836 0.000057 0.424614
4 4 0.086434 0.140916 0.123713 0.000079 0.648857
4 4 0.024736 0.064212 0.074675 0.000189 0.836188
4 4 0.006036 0.073777 0.114721 0.000014 0.805453
4 4 0.033944 0.117198 0.049308 0.000006 0.799544
4 4 0.043895 0.164635 0.264438 0.000104 0.526928
4 4 0.123980 0.208436 0.177412 0.000070 0.490101
4 4 0.017072 0.084130 0.259782 0.000147 0.638869
4 4 0.006188 0.072343 0.239307 0.000159 0.682003
4 4 0.014682 0.106352 0.283735 0.000232 0.595000
4 4 0.022723 0.128256 0.157069 0.000042 0.691909
4 4 0.022018 0.178002 0.375750 0.000050 0.424181
4 4 0.018412 0.099118 0.271467 0.000373 0.610631
4 4 0.004089 0.110998 0.393126 0.000038 0.491749
4 4 0.010490 0.168557 0.326685 0.000024 0.494244
2 4 0.001539 0.084944 0.542559 0.000095 0.370862
2 4 0.004862 0.172344 0.458382 0.000014 0.364398
4 4 0.002870 0.118743 0.349066 0.000019 0.529301
4 4 0.007867 0.146103 0.362925 0.000019 0.483086
2 4 0.001836 0.100461 0.562245 0.000195 0.335263
2 4 0.031086 0.229307 0.445636 0.000089 0.293883
4 2 0.017775 0.189873 0.372177 0.000021 0.420155
4 2 0.004118 0.164165 0.288948 0.000022 0.542746
2 2 0.010406 0.178236 0.535110 0.000103 0.276145
2 2 0.002659 0.129671 0.592756 0.000204 0.274710
4 2 0.021417 0.133698 0.335148 0.000232 0.509505
4 2 0.047248 0.217798 0.267247 0.000082 0.467625
2 2 0.006332 0.123448 0.628862 0.000081 0.241278
2 2 0.020614 0.255538 0.421443 0.000467 0.301938
2 2 0.029400 0.318749 0.363963 0.000049 0.287839
2 2 0.001963 0.081042 0.657376 0.000268 0.259351
2 2 0.008738 0.132101 0.429787 0.000117 0.429257
2 2 0.005530 0.145680 0.526858 0.000090 0.321842
4 2 0.031575 0.126080 0.378271 0.000449 0.463625
4 2 0.043578 0.257546 0.270037 0.000353 0.428486
4 2 0.023025 0.200255 0.351546 0.000036 0.425138
2 2 0.014828 0.133396 0.508518 0.000346 0.342911
4 2 0.016958 0.197662 0.365536 0.000070 0.419774
4 2 0.031899 0.236544 0.357905 0.000048 0.373604
2 2 0.016070 0.203548 0.410744 0.000066 0.369573
2 2 0.005407 0.164761 0.456399 0.000128 0.373304
2 2 0.024351 0.163041 0.633631 0.001289 0.177688
2 2 0.097158 0.245863 0.480940 0.000287 0.175752
2 2 0.005120 0.100416 0.800029 0.000649 0.093786
2 2 0.002988 0.101771 0.840351 0.000124 0.054766
2 2 0.009606 0.064666 0.897112 0.000965 0.027652
2 2 0.002635 0.038484 0.943492 0.001269 0.014119
2 2 0.000087 0.003637 0.991518 0.004591 0.000167
2 2 0.000050 0.005540 0.991336 0.002195 0.000879
2 2 0.000064 0.007688 0.990814 0.000275 0.001158
2 2 0.000306 0.008309 0.989871 0.000663 0.000851
2 2 0.003002 0.037671 0.944021 0.003178 0.012128
2 2 0.006137 0.031187 0.937599 0.008319 0.016758
2 2 0.003729 0.007836 0.919637 0.068205 0.000594
2 2 0.001153 0.005249 0.953314 0.039714 0.000570
2 2 0.004241 0.012834 0.957212 0.024955 0.000758
2 2 0.000422 0.005448 0.955318 0.037723 0.001088
2 2 0.001259 0.009004 0.803844 0.184879 0.001014
2 2 0.007052 0.011662 0.874219 0.105954 0.001113
2 2 0.010845 0.018086 0.790908 0.174456 0.005705
0 2 0.527358 0.178539 0.273168 0.015138 0.005796
2 2 0.002972 0.029032 0.903125 0.063250 0.001622
2 2 0.010225 0.030954 0.933694 0.023389 0.001738
2 2 0.002140 0.004853 0.786403 0.206533 0.000071
2 2 0.004779 0.011693 0.917056 0.066390 0.000082
2 2 0.002201 0.004273 0.844218 0.149271 0.000037
2 2 0.001829 0.008853 0.818722 0.170468 0.000128
2 2 0.023176 0.024547 0.767192 0.183553 0.001532
2 2 0.027797 0.020252 0.798562 0.152821 0.000568
2 2 0.030596 0.025893 0.770764 0.171243 0.001504
2 2 0.046103 0.028663 0.818080 0.105722 0.001433
2 2 0.005587 0.016816 0.687556 0.288206 0.001836
2 2 0.013074 0.027092 0.774329 0.184435 0.001069
2 2 0.003345 0.005601 0.546797 0.444065 0.000192
3 2 0.005518 0.005768 0.441154 0.547334 0.000226
2 2 0.047295 0.036805 0.541463 0.371824 0.002613
2 2 0.022249 0.014409 0.518013 0.443772 0.001557
3 2 0.006378 0.008183 0.375676 0.609254 0.000509
2 2 0.006981 0.005182 0.504780 0.482741 0.000316
3 3 0.003160 0.003809 0.376121 0.616709 0.000200
3 3 0.001411 0.003158 0.355065 0.640191 0.000175
3 3 0.013912 0.013916 0.318837 0.651136 0.002198
3 3 0.008188 0.006008 0.246778 0.738282 0.000744
3 3 0.007191 0.008684 0.267241 0.715541 0.001343
3 3 0.012449 0.007573 0.407706 0.571577 0.000695
3 3 0.020692 0.010029 0.194479 0.773027 0.001773
3 3 0.013837 0.009092 0.106882 0.868356 0.001832
3 3 0.002837 0.002961 0.062622 0.931044 0.000536
3 3 0.008004 0.004992 0.096646 0.889741 0.000617
