0 0 0.985226 0.009176 0.003013 0.002095 0.000489
0 0 0.993960 0.003647 0.001930 0.000371 0.000092
0 0 0.985964 0.011643 0.001611 0.000017 0.000765
0 0 0.979125 0.016837 0.002768 0.000063 0.001207
0 0 0.990585 0.007758 0.001278 0.000042 0.000337
0 0 0.989352 0.008744 0.001458 0.000050 0.000395
0 0 0.996435 0.003093 0.000270 0.000000 0.000201
0 0 0.994048 0.004993 0.000703 0.000010 0.000246
0 0 0.971552 0.022985 0.003273 0.000031 0.002159
0 0 0.976830 0.018742 0.003147 0.000088 0.001194
0 0 0.979482 0.016039 0.003400 0.000376 0.000703
0 0 0.996122 0.003256 0.000468 0.000001 0.000153
0 0 0.992159 0.006576 0.000928 0.000013 0.000324
0 0 0.995557 0.003808 0.000446 0.000003 0.000186
0 0 0.992501 0.006334 0.000810 0.000007 0.000348
0 0 0.987849 0.008860 0.002717 0.000054 0.000520
0 0 0.994017 0.005087 0.000625 0.000004 0.000266
0 0 0.979092 0.016863 0.002972 0.000113 0.000961
0 0 0.934949 0.050566 0.008458 0.000149 0.005878
0 0 0.911993 0.066285 0.010602 0.000115 0.011005
0 0 0.815345 0.139705 0.027673 0.000217 0.017061
0 0 0.798721 0.145504 0.032957 0.000713 0.022106
0 0 0.964172 0.028420 0.005461 0.000175 0.001772
0 0 0.974055 0.020838 0.003665 0.000128 0.001313
0 0 0.682754 0.228972 0.066930 0.000972 0.020372
0 0 0.716617 0.196807 0.066151 0.000224 0.020200
0 1 0.510845 0.345344 0.096704 0.001218 0.045889
0 1 0.590517 0.295650 0.076784 0.000471 0.036578
1 1 0.294884 0.481234 0.139842 0.000598 0.083441
1 2 0.273159 0.501221 0.125765 0.000060 0.099795
1 2 0.277419 0.433580 0.160687 0.000889 0.127424
1 2 0.315857 0.473598 0.128152 0.000201 0.082193
1 2 0.385382 0.430473 0.104845 0.000188 0.079112
1 1 0.382660 0.430814 0.123960 0.000405 0.062161
1 2 0.199709 0.540015 0.184326 0.000090 0.075860
1 2 0.090131 0.566914 0.246407 0.000249 0.096298
1 2 0.077467 0.535994 0.248970 0.000404 0.137165
1 2 0.228155 0.483444 0.220465 0.000503 0.067433
1 2 0.137057 0.543703 0.263021 0.000630 0.055589
1 2 0.176377 0.513093 0.256995 0.000323 0.053212
1 2 0.282527 0.494161 0.154492 0.000152 0.068668
1 2 0.115643 0.489862 0.306888 0.001124 0.086484
2 2 0.025993 0.209927 0.748456 0.005584 0.010040
2 2 0.003466 0.078717 0.913687 0.000424 0.003706
2 2 0.010170 0.095044 0.891223 0.000689 0.002875
2 2 0.002731 0.059064 0.933892 0.002510 0.001804
2 2 0.004023 0.029102 0.944286 0.022088 0.000501
2 2 0.001678 0.017915 0.973324 0.006840 0.000244
2 2 0.003148 0.039357 0.946405 0.009984 0.001107
2 2 0.003737 0.021846 0.963237 0.010630 0.000549
2 2 0.003276 0.016137 0.946919 0.033469 0.000200
2 2 0.002377 0.012064 0.959568 0.025879 0.000112
2 2 0.003869 0.018910 0.953017 0.023988 0.000217
2 2 0.004318 0.018551 0.937133 0.039779 0.000219
2 2 0.003195 0.004015 0.882717 0.110058 0.000015
2 2 0.000567 0.003379 0.932712 0.063322 0.000021
2 2 0.001188 0.001193 0.879694 0.117924 0.000002
2 2 0.000885 0.002212 0.854318 0.142572 0.000013
2 2 0.001695 0.002243 0.798175 0.197880 0.000007
2 2 0.000324 0.000335 0.600819 0.398521 0.000001
2 2 0.000549 0.000777 0.686373 0.312298 0.000003
2 2 0.008810 0.003565 0.678918 0.308690 0.000017
2 2 0.002578 0.001775 0.528552 0.467070 0.000026
2 3 0.000935 0.001098 0.650674 0.347285 0.000007
2 3 0.001881 0.001918 0.532145 0.464022 0.000034
2 3 0.000398 0.000907 0.651935 0.346751 0.000009
3 3 0.001765 0.001261 0.414575 0.582378 0.000021
3 3 0.000411 0.000384 0.323672 0.675525 0.000008
3 3 0.000735 0.000414 0.177965 0.820864 0.000022
3 3 0.001041 0.000535 0.169518 0.828874 0.000033
3 3 0.000047 0.000070 0.278211 0.721672 0.000000
3 3 0.000097 0.000233 0.358175 0.641492 0.000004
3 3 0.002082 0.000600 0.092917 0.904336 0.000065
3 3 0.000598 0.000297 0.086570 0.912500 0.000035
3 3 0.001420 0.000619 0.148305 0.849624 0.000032
3 3 0.000347 0.000425 0.133337 0.865828 0.000061
3 3 0.000425 0.000352 0.134513 0.864686 0.000024
3 3 0.000256 0.000203 0.098705 0.900823 0.000013
3 3 0.000013 0.000032 0.135190 0.864765 0.000001
3 3 0.000036 0.000034 0.145299 0.854630 0.000000
3 3 0.002284 0.000492 0.051080 0.946060 0.000085
3 3 0.000637 0.000208 0.044237 0.954871 0.000048
3 3 0.000113 0.000142 0.096763 0.902970 0.000013
3 3 0.000079 0.000083 0.075253 0.924578 0.000007
3 3 0.000896 0.000120 0.041624 0.957354 0.000006
3 3 0.003394 0.000422 0.020442 0.975619 0.000124
3 3 0.007361 0.006726 0.340358 0.642344 0.003210
2 2 0.219764 0.149922 0.432163 0.187706 0.010445
2 2 0.014500 0.120432 0.767069 0.055943 0.042056
2 2 0.059743 0.183168 0.734616 0.013064 0.009409
2 2 0.088500 0.254986 0.589120 0.009738 0.057657
2 2 0.021048 0.175995 0.693461 0.016371 0.093126
2 2 0.059252 0.123850 0.798850 0.011147 0.006902
2 2 0.016964 0.133983 0.813065 0.021799 0.014190
0 0 0.866952 0.097553 0.018768 0.000489 0.016238
0 0 0.577276 0.303914 0.056974 0.000098 0.061738
0 0 0.517480 0.338219 0.107143 0.001443 0.035714
0 0 0.835858 0.123034 0.027976 0.000530 0.012601
0 1 0.764197 0.168227 0.056215 0.001322 0.010039
1 1 0.180961 0.449351 0.315795 0.005970 0.047923
2 2 0.043232 0.340640 0.536010 0.003451 0.076667
2 2 0.064054 0.303018 0.591726 0.001460 0.039743
1 2 0.126201 0.520143 0.277840 0.000179 0.075636
1 2 0.188460 0.525709 0.215072 0.000296 0.070463
2 2 0.020407 0.266690 0.663201 0.002890 0.046813
2 2 0.054089 0.362861 0.552194 0.002560 0.028297
2 2 0.041813 0.205644 0.734370 0.006868 0.011305
2 2 0.010371 0.086204 0.891582 0.006461 0.005382
1 2 0.114713 0.494498 0.232305 0.000755 0.157729
1 1 0.291582 0.484537 0.160561 0.000326 0.062995
0 1 0.565462 0.307395 0.091543 0.001636 0.033964
1 1 0.343167 0.454894 0.134249 0.000397 0.067293
1 2 0.167888 0.500593 0.267146 0.000561 0.063811
1 1 0.391832 0.425303 0.137156 0.000178 0.045531
2 2 0.072454 0.411372 0.478190 0.003004 0.034980
2 2 0.030359 0.277322 0.664679 0.002425 0.025214
2 2 0.014253 0.198655 0.766171 0.007050 0.013871
2 2 0.015569 0.143428 0.821842 0.004600 0.014561
2 2 0.013215 0.225423 0.736609 0.006678 0.018075
2 2 0.001812 0.103306 0.888556 0.000567 0.005758
2 2 0.009057 0.143476 0.833165 0.006873 0.007429
2 2 0.004166 0.088797 0.901664 0.002211 0.003161
2 2 0.000634 0.019444 0.971107 0.008372 0.000442
2 2 0.000634 0.012336 0.983344 0.003535 0.000151
2 2 0.002372 0.138378 0.842937 0.003643 0.012670
2 2 0.004659 0.115829 0.871083 0.002705 0.005723
2 2 0.008146 0.064083 0.921315 0.004597 0.001858
2 1 0.045855 0.146092 0.794205 0.009342 0.004505
1 1 0.148794 0.429533 0.385123 0.001398 0.035153
2 2 0.091961 0.401340 0.461982 0.002313 0.042405
2 2 0.065975 0.230259 0.683646 0.006505 0.013615
1 2 0.167307 0.425814 0.374930 0.002744 0.029206
2 2 0.149914 0.374989 0.446351 0.003696 0.025049
2 2 0.040186 0.258121 0.683618 0.001562 0.016513
2 2 0.043131 0.287421 0.646256 0.001296 0.021896
2 2 0.159787 0.335669 0.485962 0.000635 0.017947
1 2 0.138474 0.556325 0.229388 0.000089 0.075725
1 2 0.244689 0.443215 0.265582 0.000509 0.046004
2 2 0.074345 0.414820 0.479886 0.000378 0.030571
2 2 0.039087 0.303421 0.632543 0.001127 0.023822
2 2 0.005217 0.209793 0.768464 0.000249 0.016277
2 2 0.018499 0.243957 0.722399 0.001561 0.013585
2 2 0.000574 0.005360 0.986350 0.007683 0.000034
2 2 0.000063 0.011385 0.983689 0.004462 0.000401
2 2 0.000105 0.001484 0.964354 0.034050 0.000008
2 2 0.001438 0.010899 0.956462 0.031081 0.000120
2 2 0.001095 0.016725 0.960490 0.021390 0.000301
2 2 0.000352 0.026541 0.968793 0.003383 0.000931
2 2 0.000514 0.007209 0.980017 0.012189 0.000071
2 2 0.000031 0.004919 0.990474 0.004472 0.000103
2 2 0.000408 0.001411 0.951013 0.047164 0.000004
2 2 0.000008 0.000321 0.977293 0.022377 0.000001
2 2 0.000162 0.005184 0.977643 0.016943 0.000067
2 2 0.000247 0.001985 0.965106 0.032653 0.000009
2 2 0.002055 0.005317 0.954665 0.037938 0.000025
2 2 0.000361 0.003802 0.890749 0.105004 0.000085
2 2 0.000119 0.000482 0.912283 0.087115 0.000001
2 2 0.000221 0.001098 0.909179 0.089499 0.000004
2 2 0.000016 0.000344 0.875059 0.124577 0.000003
2 2 0.000073 0.001129 0.888272 0.110513 0.000013
2 2 0.000944 0.001366 0.881266 0.116420 0.000004
2 2 0.000208 0.001486 0.787651 0.210628 0.000027
2 3 0.000092 0.000479 0.802366 0.197061 0.000003
2 3 0.001779 0.002914 0.850476 0.144818 0.000013
2 3 0.000275 0.000346 0.538841 0.460537 0.000001
2 3 0.000212 0.000662 0.677687 0.321433 0.000005
3 3 0.001621 0.000930 0.257490 0.739904 0.000056
3 3 0.000712 0.000714 0.217876 0.780628 0.000071
3 3 0.000734 0.000189 0.134440 0.864635 0.000003
3 3 0.000150 0.000135 0.110442 0.889263 0.000010
3 3 0.001173 0.000474 0.125126 0.873197 0.000030
3 3 0.000840 0.000221 0.084661 0.914266 0.000012
3 3 0.003085 0.001288 0.141373 0.854030 0.000224
3 3 0.001730 0.001427 0.152350 0.844180 0.000314
3 3 0.000021 0.000067 0.059894 0.939998 0.000020
3 3 0.000118 0.000066 0.083428 0.916387 0.000002
3 3 0.000062 0.000054 0.044441 0.955434 0.000009
3 3 0.000595 0.000113 0.066810 0.932478 0.000004
3 3 0.001404 0.000158 0.027509 0.970911 0.000018
3 3 0.000116 0.000044 0.018737 0.981095 0.000009
3 3 0.000303 0.000069 0.020080 0.979539 0.000010
3 3 0.000074 0.000018 0.006531 0.993369 0.000008
3 3 0.000221 0.000046 0.020754 0.978975 0.000005
3 3 0.000278 0.000048 0.013652 0.986014 0.000008
3 3 0.000571 0.000104 0.024556 0.974756 0.000013
3 3 0.000222 0.000042 0.008807 0.990913 0.000017
3 3 0.002446 0.000234 0.012638 0.984597 0.000085
3 3 0.031101 0.003048 0.056772 0.907871 0.001207
2 3 0.029493 0.094779 0.753106 0.104960 0.017662
2 2 0.270309 0.149560 0.469113 0.106934 0.004085
1 2 0.238060 0.401455 0.324412 0.003665 0.032408
2 2 0.070219 0.269522 0.561860 0.013877 0.084522
2 2 0.021504 0.319452 0.588262 0.005992 0.064790
2 2 0.014421 0.142119 0.771720 0.012371 0.059368
2 2 0.006187 0.063202 0.890675 0.034661 0.005275
2 2 0.005546 0.040600 0.866689 0.083431 0.003734
2 2 0.000617 0.043648 0.929248 0.018759 0.007728
2 2 0.004563 0.049171 0.941114 0.003347 0.001804
2 2 0.000120 0.009100 0.972400 0.018059 0.000320
2 2 0.000052 0.004880 0.981538 0.013395 0.000135
2 2 0.001278 0.008242 0.970923 0.019490 0.000066
2 2 0.000165 0.014351 0.939195 0.044490 0.001798
2 2 0.001704 0.031715 0.928382 0.037049 0.001151
2 2 0.000067 0.001248 0.958292 0.040386 0.000007
2 2 0.000038 0.001337 0.970267 0.028343 0.000016
2 2 0.000029 0.001814 0.962339 0.035784 0.000034
2 2 0.000186 0.007126 0.866250 0.125702 0.000735
2 2 0.000571 0.004136 0.934137 0.061116 0.000040
2 2 0.000007 0.000197 0.851869 0.147925 0.000002
2 3 0.000104 0.001026 0.868416 0.130444 0.000010
2 3 0.000092 0.000409 0.748248 0.251248 0.000004
2 3 0.000748 0.002652 0.629975 0.366489 0.000136
2 3 0.000003 0.000059 0.842524 0.157414 0.000000
2 3 0.000004 0.000084 0.692810 0.307102 0.000001
2 3 0.000091 0.000352 0.623917 0.375637 0.000003
2 3 0.000023 0.000213 0.563310 0.436449 0.000004
3 3 0.000053 0.000133 0.426126 0.573687 0.000002
3 3 0.000223 0.000405 0.361369 0.637993 0.000010
3 3 0.000358 0.000611 0.198649 0.800286 0.000096
3 3 0.000497 0.000491 0.203460 0.795509 0.000043
3 3 0.000693 0.000533 0.219399 0.779342 0.000033
3 3 0.000622 0.000565 0.177496 0.821264 0.000053
3 3 0.000313 0.000151 0.071409 0.928113 0.000014
3 3 0.000518 0.000208 0.128819 0.870448 0.000006
3 3 0.000473 0.000457 0.112344 0.886613 0.000113
3 3 0.001259 0.000415 0.084845 0.913439 0.000042
3 3 0.000409 0.000207 0.049831 0.949499 0.000054
3 3 0.000907 0.000395 0.097433 0.901223 0.000041
3 3 0.020909 0.006356 0.212327 0.759580 0.000829
3 3 0.059015 0.019796 0.277290 0.642807 0.001091
2 2 0.010842 0.030486 0.611968 0.340415 0.006290
2 2 0.011602 0.039683 0.629934 0.313825 0.004955
2 2 0.000640 0.009104 0.886634 0.103216 0.000406
2 2 0.005787 0.014245 0.888879 0.090883 0.000204
2 2 0.000082 0.001073 0.890122 0.108712 0.000012
2 2 0.000119 0.000899 0.934004 0.064975 0.000003
2 2 0.000511 0.012744 0.977392 0.009141 0.000212
2 2 0.001533 0.050301 0.914147 0.029616 0.004403
2 2 0.000052 0.000368 0.840557 0.159021 0.000002
2 2 0.000019 0.000426 0.883039 0.116509 0.000007
2 2 0.000103 0.001193 0.947719 0.050979 0.000005
2 2 0.000035 0.001348 0.970382 0.028220 0.000015
2 2 0.000702 0.002528 0.879542 0.117206 0.000022
2 2 0.000041 0.000568 0.873652 0.125732 0.000007
2 2 0.000454 0.004973 0.962718 0.031812 0.000043
2 2 0.000020 0.000486 0.980913 0.018579 0.000002
2 2 0.000343 0.003171 0.956275 0.040190 0.000021
2 2 0.000666 0.002552 0.934876 0.061895 0.000011
2 2 0.000628 0.005262 0.929792 0.064113 0.000205
2 2 0.002247 0.008766 0.921574 0.067320 0.000094
2 2 0.000575 0.002177 0.923170 0.074070 0.000009
2 2 0.000667 0.004288 0.963656 0.031362 0.000026
2 2 0.001337 0.061486 0.858037 0.000455 0.078685
1 2 0.026154 0.479635 0.323781 0.000117 0.170314
4 2 0.012435 0.251750 0.336186 0.000112 0.399516
1 2 0.037263 0.458534 0.177518 0.000020 0.326665
4 2 0.027439 0.317338 0.143987 0.000010 0.511225
1 2 0.033598 0.497729 0.161189 0.000003 0.307480
4 2 0.097469 0.376467 0.029360 0.000000 0.496704
4 4 0.032049 0.117549 0.033685 0.000003 0.816715
4 4 0.023299 0.047663 0.023133 0.000116 0.905789
4 4 0.032207 0.052470 0.019210 0.000073 0.896041
4 4 0.011137 0.073607 0.066615 0.000090 0.848551
4 4 0.019325 0.200513 0.100822 0.000005 0.679335
1 4 0.090175 0.588070 0.147288 0.000006 0.174461
1 2 0.048668 0.488417 0.143308 0.000005 0.319602
2 2 0.002346 0.102216 0.806933 0.002913 0.085593
1 2 0.029425 0.448349 0.441180 0.000015 0.081032
4 2 0.010188 0.291280 0.180631 0.000001 0.517900
4 2 0.011683 0.259125 0.204448 0.000009 0.524736
4 4 0.012059 0.020768 0.012087 0.000070 0.955016
4 4 0.025115 0.046037 0.012678 0.000003 0.916166
4 4 0.016367 0.167574 0.144523 0.000138 0.671397
1 4 0.032098 0.453104 0.112469 0.000000 0.402328
1 4 0.026252 0.598082 0.210421 0.000004 0.165242
1 2 0.087425 0.604067 0.191003 0.000005 0.117500
2 2 0.024646 0.408889 0.512091 0.000083 0.054291
2 2 0.001593 0.138446 0.794021 0.000127 0.065813
2 2 0.000616 0.103674 0.878300 0.000065 0.017346
2 2 0.011629 0.166915 0.812794 0.000157 0.008506
2 2 0.000009 0.005287 0.993360 0.000958 0.000385
2 2 0.000045 0.011139 0.986652 0.001376 0.000788
2 2 0.000078 0.025175 0.972358 0.000178 0.002212
2 2 0.000107 0.027469 0.968958 0.000189 0.003277
2 2 0.000121 0.032352 0.965099 0.000369 0.002060
2 2 0.000868 0.020270 0.976508 0.001804 0.000550
2 2 0.000210 0.034888 0.959899 0.002095 0.002908
2 2 0.000307 0.045516 0.946729 0.000389 0.007059
2 2 0.000188 0.007653 0.986402 0.005646 0.000112
2 2 0.000046 0.007134 0.975012 0.016692 0.001115
2 2 0.000014 0.001888 0.984074 0.013983 0.000041
2 2 0.000008 0.001289 0.983698 0.014955 0.000049
2 2 0.000071 0.000993 0.906935 0.091982 0.000019
2 2 0.000003 0.000188 0.847840 0.151959 0.000010
2 2 0.000002 0.000184 0.984312 0.015500 0.000002
2 2 0.000028 0.000690 0.971578 0.027697 0.000008
2 2 0.000013 0.000657 0.930244 0.069066 0.000021
2 2 0.000035 0.001395 0.952920 0.045596 0.000054
2 2 0.000010 0.000277 0.839083 0.160625 0.000005
2 2 0.000910 0.010162 0.879220 0.109160 0.000547
2 2 0.000021 0.001072 0.924398 0.074465 0.000044
2 2 0.000095 0.001747 0.910343 0.087779 0.000036
2 2 0.000019 0.000293 0.907804 0.091882 0.000002
2 2 0.000021 0.000317 0.874042 0.125616 0.000004
2 2 0.000388 0.001705 0.716202 0.281632 0.000073
2 2 0.000126 0.000747 0.603662 0.395425 0.000040
2 2 0.000085 0.000569 0.767862 0.231476 0.000007
2 2 0.000014 0.000099 0.718347 0.281540 0.000000
3 2 0.002010 0.001309 0.456297 0.540367 0.000017
3 2 0.000788 0.001076 0.351148 0.646928 0.000059
3 2 0.000031 0.000153 0.376310 0.623502 0.000005
3 2 0.000290 0.000301 0.357832 0.641574 0.000003
3 3 0.002737 0.002001 0.346578 0.648612 0.000072
3 3 0.000286 0.000707 0.323869 0.675079 0.000059
3 3 0.000989 0.000346 0.157933 0.840723 0.000009
3 3 0.001062 0.000273 0.083084 0.915569 0.000013
3 3 0.000875 0.000121 0.037264 0.961729 0.000011
3 3 0.000294 0.000085 0.030163 0.969446 0.000012
3 3 0.000139 0.000104 0.041503 0.958233 0.000022
3 3 0.000200 0.000069 0.025417 0.974303 0.000011
3 3 0.001107 0.000302 0.023230 0.975239 0.000121
3 3 0.001576 0.000173 0.026909 0.971322 0.000019
3 3 0.000446 0.000131 0.040904 0.958503 0.000016
3 3 0.000347 0.000073 0.034974 0.964601 0.000006
3 3 0.000031 0.000015 0.019410 0.980542 0.000002
3 3 0.000118 0.000028 0.016240 0.983612 0.000003
3 3 0.000530 0.000085 0.014295 0.985077 0.000013
3 3 0.000062 0.000012 0.015150 0.984776 0.000001
3 3 0.000158 0.000069 0.028509 0.971254 0.000009
3 3 0.000106 0.000046 0.024582 0.975259 0.000007
3 3 0.000123 0.000069 0.017476 0.982299 0.000032
3 3 0.002672 0.000193 0.018856 0.978259 0.000021
3 3 0.003245 0.000311 0.015989 0.980375 0.000080
3 2 0.082694 0.009494 0.106624 0.800606 0.000581
2 2 0.006773 0.025610 0.770238 0.194781 0.002598
2 2 0.001076 0.004770 0.785116 0.208884 0.000154
2 2 0.000008 0.000331 0.921042 0.078614 0.000005
2 2 0.000008 0.000259 0.944866 0.054865 0.000002
2 2 0.000245 0.001297 0.765994 0.232420 0.000044
2 2 0.000076 0.000926 0.669000 0.329924 0.000073
3 2 0.000036 0.000298 0.483788 0.515861 0.000017
3 2 0.000243 0.000787 0.430696 0.568227 0.000048
3 3 0.000035 0.000099 0.371952 0.627913 0.000001
3 3 0.000015 0.000109 0.240313 0.759556 0.000006
3 3 0.000334 0.001014 0.431643 0.566958 0.000052
3 3 0.000536 0.001809 0.420216 0.577288 0.000150
3 3 0.000294 0.000147 0.115142 0.884413 0.000005
3 3 0.004504 0.000998 0.124358 0.870065 0.000074
3 3 0.000130 0.001179 0.225719 0.772343 0.000629
3 3 0.000015 0.000132 0.325080 0.674766 0.000007
3 3 0.000020 0.000212 0.487917 0.511844 0.000008
2 3 0.000052 0.000834 0.611787 0.387253 0.000073
3 3 0.000110 0.000277 0.321091 0.678515 0.000008
3 3 0.000332 0.000432 0.305800 0.693422 0.000014
3 3 0.000023 0.000182 0.344251 0.655530 0.000014
3 3 0.000374 0.000798 0.475035 0.523769 0.000024
3 3 0.000186 0.000480 0.390796 0.608506 0.000032
3 3 0.000339 0.000823 0.411151 0.587647 0.000040
3 3 0.000236 0.000370 0.134304 0.865012 0.000079
3 3 0.000318 0.000442 0.150695 0.848476 0.000069
3 3 0.000428 0.000382 0.158067 0.841094 0.000029
3 3 0.000051 0.000080 0.120588 0.879275 0.000007
3 3 0.000161 0.000046 0.020448 0.979338 0.000006
3 3 0.000113 0.000064 0.024429 0.975379 0.000015
3 3 0.000210 0.000040 0.012953 0.986789 0.000008
3 3 0.000437 0.000051 0.016477 0.983031 0.000005
3 3 0.000460 0.000143 0.045313 0.954067 0.000016
3 3 0.000117 0.000063 0.015491 0.984295 0.000033
3 3 0.000465 0.000040 0.008450 0.991038 0.000007
3 3 0.000181 0.000031 0.009578 0.990204 0.000006
3 3 0.000915 0.000113 0.013414 0.985535 0.000024
3 3 0.226318 0.010282 0.083008 0.678529 0.001864
3 3 0.013150 0.015413 0.390822 0.578483 0.002133
3 3 0.005067 0.010800 0.421228 0.561247 0.001658
2 3 0.010717 0.037155 0.790379 0.158959 0.002789
2 3 0.004921 0.012106 0.853370 0.129403 0.000200
2 3 0.005651 0.010544 0.811287 0.172256 0.000261
2 3 0.003908 0.016373 0.811189 0.167268 0.001262
2 3 0.000986 0.005511 0.957525 0.035941 0.000037
2 3 0.000029 0.000350 0.958452 0.041168 0.000001
2 3 0.000244 0.004296 0.961204 0.034200 0.000056
2 2 0.000744 0.004547 0.907824 0.086776 0.000110
2 2 0.000191 0.001988 0.902985 0.094823 0.000013
2 2 0.000140 0.000863 0.876136 0.122857 0.000003
2 2 0.000702 0.003920 0.807645 0.187642 0.000090
2 2 0.001798 0.010788 0.840423 0.146514 0.000477
2 2 0.000291 0.000789 0.572751 0.426156 0.000013
2 2 0.000219 0.000775 0.717533 0.281467 0.000006
2 2 0.001616 0.003503 0.523288 0.471331 0.000261
3 3 0.000604 0.003940 0.489606 0.504797 0.001053
2 3 0.001331 0.005327 0.800698 0.192435 0.000209
2 3 0.002724 0.005299 0.542113 0.449555 0.000309
3 3 0.000467 0.000835 0.457751 0.540930 0.000016
3 3 0.000211 0.000781 0.377774 0.621191 0.000043
3 3 0.001188 0.001594 0.274728 0.722319 0.000171
3 3 0.000931 0.001262 0.385698 0.612040 0.000068
3 3 0.000668 0.000701 0.236269 0.762319 0.000042
3 3 0.000548 0.000696 0.192446 0.806261 0.000049
3 3 0.000564 0.000416 0.135594 0.863408 0.000018
3 3 0.000278 0.000286 0.189494 0.809934 0.000008
3 2 0.028067 0.019983 0.323419 0.627065 0.001466
3 2 0.007524 0.007760 0.273359 0.709963 0.001394
2 2 0.001212 0.004244 0.763983 0.230481 0.000079
2 2 0.000647 0.003929 0.782458 0.212678 0.000289
2 2 0.000005 0.000120 0.856448 0.143426 0.000001
2 2 0.000138 0.002285 0.846721 0.150781 0.000075
2 3 0.000398 0.001806 0.759068 0.238694 0.000035
2 3 0.000072 0.000736 0.726269 0.272910 0.000014
2 3 0.000013 0.000135 0.656235 0.343614 0.000002
2 3 0.000089 0.000367 0.685279 0.314261 0.000004
2 3 0.000080 0.000573 0.558420 0.440900 0.000027
3 3 0.000085 0.000321 0.430730 0.568850 0.000014
3 3 0.000019 0.000311 0.449185 0.550450 0.000035
2 3 0.000033 0.000266 0.615140 0.384555 0.000006
3 3 0.000010 0.000068 0.375873 0.624048 0.000001
3 3 0.000567 0.001252 0.495335 0.502804 0.000042
3 3 0.000008 0.000051 0.295553 0.704387 0.000002
3 3 0.000024 0.000109 0.286591 0.713270 0.000006
3 3 0.000142 0.000362 0.283372 0.716093 0.000032
3 3 0.000484 0.000657 0.341567 0.657270 0.000022
3 3 0.000075 0.000264 0.108106 0.891474 0.000082
3 3 0.000324 0.000151 0.122970 0.876548 0.000007
3 3 0.000205 0.000344 0.223289 0.776136 0.000026
3 3 0.000129 0.000563 0.239892 0.759308 0.000107
3 3 0.000025 0.000105 0.212883 0.786979 0.000007
3 3 0.000031 0.000079 0.158296 0.841589 0.000005
3 3 0.000057 0.000077 0.130341 0.869521 0.000004
3 3 0.000032 0.000167 0.134350 0.865414 0.000037
3 3 0.001520 0.000767 0.228243 0.769436 0.000034
3 2 0.068846 0.018359 0.237807 0.674255 0.000734
0 2 0.491996 0.091481 0.332536 0.074362 0.009625
0 1 0.630985 0.184998 0.165303 0.010273 0.008440
2 2 0.001920 0.021946 0.892760 0.081451 0.001923
2 2 0.009353 0.019316 0.938549 0.032522 0.000260
2 2 0.000558 0.001837 0.914363 0.083235 0.000007
2 2 0.000307 0.002073 0.933154 0.064456 0.000011
2 2 0.005282 0.017679 0.911073 0.065708 0.000258
2 2 0.000328 0.007453 0.932414 0.059507 0.000298
2 2 0.041259 0.143134 0.557698 0.001853 0.256057
4 2 0.034738 0.306460 0.187001 0.000359 0.471442
4 2 0.014257 0.245429 0.154459 0.000004 0.585850
4 2 0.007519 0.116314 0.125539 0.000020 0.750608
4 2 0.013290 0.274637 0.241674 0.000040 0.470359
4 2 0.009878 0.098646 0.160176 0.000319 0.730980
4 4 0.018614 0.041402 0.019826 0.000043 0.920115
4 4 0.016222 0.060826 0.026409 0.000005 0.896539
4 4 0.067475 0.366495 0.067625 0.000002 0.498403
4 4 0.056521 0.286418 0.084788 0.000022 0.572252
4 4 0.008015 0.082337 0.068916 0.000008 0.840725
4 4 0.015134 0.169758 0.091563 0.000003 0.723542
4 4 0.008610 0.067258 0.053927 0.000012 0.870194
4 4 0.002659 0.067802 0.125924 0.000011 0.803605
4 4 0.011164 0.030711 0.034846 0.000598 0.922681
1 4 0.110777 0.412856 0.064810 0.000008 0.411549
4 4 0.023899 0.245918 0.150414 0.000054 0.579715
4 4 0.012361 0.229993 0.138821 0.000002 0.618823
1 4 0.025216 0.430525 0.179602 0.000004 0.364653
4 2 0.013620 0.212579 0.225686 0.000027 0.548088
4 2 0.013490 0.319535 0.243696 0.000014 0.423264
4 2 0.011580 0.334936 0.188292 0.000001 0.465192
4 2 0.002650 0.222702 0.308182 0.000000 0.466466
1 2 0.032127 0.502763 0.127984 0.000000 0.337126
4 2 0.027058 0.362173 0.184146 0.000024 0.426599
4 2 0.021402 0.291223 0.209296 0.000099 0.477981
1 2 0.010912 0.378235 0.252608 0.000002 0.358244
1 2 0.020079 0.446088 0.244573 0.000012 0.289248
4 2 0.047645 0.262366 0.236233 0.000572 0.453184
4 2 0.011065 0.191235 0.397009 0.000630 0.400061
4 2 0.014457 0.203067 0.367346 0.000138 0.414992
4 2 0.029412 0.156436 0.081096 0.000079 0.732977
4 2 0.026744 0.310961 0.129058 0.000004 0.533234
4 2 0.026767 0.279757 0.119411 0.000006 0.574059
4 2 0.006275 0.229997 0.259175 0.000006 0.504547
1 2 0.020830 0.540356 0.167532 0.000000 0.271282
4 2 0.013213 0.330349 0.299500 0.000058 0.356880
2 2 0.007950 0.289865 0.358417 0.000031 0.343736
1 2 0.007985 0.384238 0.326124 0.000003 0.281650
1 2 0.024223 0.509498 0.233991 0.000011 0.232276
2 2 0.028956 0.404355 0.478181 0.000424 0.088085
2 2 0.003729 0.149366 0.751343 0.001367 0.094195
2 2 0.000508 0.042452 0.936848 0.002635 0.017557
2 2 0.001116 0.052271 0.934420 0.000967 0.011227
2 2 0.001388 0.112219 0.843439 0.000970 0.041984
2 2 0.000764 0.106973 0.882844 0.000086 0.009332
2 2 0.000074 0.022964 0.975178 0.000552 0.001233
2 2 0.000060 0.016137 0.981543 0.001575 0.000685
2 2 0.000839 0.063837 0.931444 0.000508 0.003373
2 2 0.000733 0.090219 0.901836 0.000885 0.006327
2 2 0.000151 0.004452 0.992369 0.002991 0.000037
2 2 0.000036 0.002140 0.990427 0.007378 0.000020
2 2 0.000092 0.004494 0.984527 0.010807 0.000080
2 2 0.000069 0.002528 0.988151 0.009231 0.000021
2 2 0.000077 0.007112 0.989724 0.002955 0.000131
2 2 0.000083 0.007978 0.987853 0.003918 0.000167
2 2 0.000016 0.001018 0.982697 0.016259 0.000011
2 2 0.000056 0.002035 0.980775 0.017117 0.000018
2 2 0.000250 0.008459 0.984747 0.006421 0.000123
2 2 0.000096 0.004322 0.985831 0.009698 0.000054
2 2 0.000040 0.000833 0.974780 0.024344 0.000004
2 2 0.000345 0.002687 0.976902 0.020053 0.000013
2 2 0.000230 0.006989 0.979097 0.013545 0.000139
2 2 0.000207 0.005201 0.947709 0.046681 0.000202
2 2 0.000107 0.005439 0.989469 0.004913 0.000072
2 2 0.000119 0.001771 0.983888 0.014213 0.000009
2 2 0.000166 0.001276 0.945245 0.053306 0.000007
2 2 0.000091 0.001007 0.908995 0.089897 0.000010
2 2 0.000045 0.000497 0.883041 0.116415 0.000002
2 2 0.000022 0.000190 0.939236 0.060551 0.000000
2 2 0.000147 0.003013 0.829016 0.167656 0.000167
2 2 0.000171 0.001313 0.866260 0.132242 0.000013
2 2 0.031152 0.044773 0.866057 0.057338 0.000680
2 2 0.003333 0.024747 0.919424 0.051797 0.000699
2 2 0.005453 0.029493 0.945830 0.018792 0.000432
2 2 0.000324 0.008716 0.982278 0.008561 0.000121
2 2 0.000006 0.000085 0.954281 0.045628 0.000000
2 2 0.000001 0.000083 0.976667 0.023249 0.000000
2 2 0.000274 0.014977 0.952351 0.029779 0.002620
2 2 0.000118 0.007962 0.938588 0.051371 0.001962
2 2 0.000028 0.001329 0.988135 0.010498 0.000009
2 2 0.000011 0.000582 0.973751 0.025651 0.000005
2 2 0.000008 0.000081 0.948999 0.050912 0.000000
2 2 0.000007 0.000107 0.872338 0.127549 0.000000
2 2 0.000014 0.000637 0.956260 0.043083 0.000005
2 2 0.000086 0.000787 0.913482 0.085641 0.000004
2 2 0.000013 0.000079 0.876723 0.123185 0.000000
2 2 0.000259 0.000457 0.731350 0.267933 0.000001
2 2 0.000232 0.000570 0.692309 0.306885 0.000004
2 2 0.000118 0.000311 0.658951 0.340620 0.000001
3 2 0.000530 0.000477 0.275248 0.723735 0.000010
3 2 0.000060 0.000103 0.293941 0.705894 0.000001
2 3 0.004357 0.004838 0.616681 0.373992 0.000131
2 3 0.000193 0.001213 0.618204 0.380349 0.000041
3 3 0.000052 0.000040 0.322729 0.677179 0.000000
2 3 0.000116 0.000106 0.525492 0.474286 0.000000
3 3 0.001276 0.001207 0.364455 0.633027 0.000035
3 3 0.002796 0.003112 0.293273 0.700506 0.000312
3 3 0.000036 0.000064 0.287294 0.712606 0.000000
3 3 0.000071 0.000082 0.197598 0.802248 0.000001
3 3 0.000206 0.000095 0.046184 0.953506 0.000009
3 3 0.000152 0.000115 0.057605 0.942116 0.000012
3 3 0.000963 0.000187 0.093425 0.905420 0.000006
3 3 0.000459 0.000186 0.052126 0.947202 0.000027
3 3 0.000199 0.000035 0.012383 0.987379 0.000004
3 3 0.000162 0.000051 0.017261 0.982517 0.000010
3 3 0.000044 0.000031 0.032538 0.967385 0.000003
3 3 0.000573 0.000075 0.030303 0.969045 0.000005
3 3 0.000491 0.000154 0.034633 0.964697 0.000025
3 3 0.000244 0.000081 0.019573 0.980085 0.000018
3 3 0.000137 0.000032 0.019889 0.979940 0.000002
3 3 0.000307 0.000059 0.026737 0.972894 0.000004
3 3 0.000727 0.000151 0.022668 0.976428 0.000026
3 3 0.000292 0.000032 0.008570 0.991099 0.000007
3 3 0.000390 0.000048 0.011375 0.988180 0.000007
3 3 0.000121 0.000016 0.012692 0.987170 0.000001
3 3 0.000182 0.000035 0.012615 0.987165 0.000003
3 3 0.000062 0.000019 0.016451 0.983467 0.000001
3 3 0.002523 0.000478 0.055986 0.940988 0.000025
3 3 0.012554 0.002303 0.112012 0.872941 0.000190
2 2 0.017797 0.090327 0.844634 0.040977 0.006265
2 2 0.009905 0.063650 0.848767 0.071712 0.005965
2 2 0.003431 0.040423 0.947825 0.007058 0.001263
2 2 0.000429 0.012235 0.943506 0.042874 0.000957
2 2 0.001407 0.012772 0.937131 0.048491 0.000199
2 2 0.000024 0.003520 0.983642 0.012713 0.000102
2 2 0.000085 0.015161 0.981084 0.002460 0.001209
2 2 0.000104 0.016521 0.972019 0.008758 0.002598
2 2 0.000010 0.001031 0.963370 0.035547 0.000043
2 2 0.000024 0.000972 0.955198 0.043791 0.000015
2 2 0.000006 0.000932 0.979238 0.019796 0.000028
2 2 0.000029 0.002523 0.974887 0.022471 0.000090
2 2 0.000102 0.004259 0.962505 0.032997 0.000137
2 2 0.000031 0.000988 0.935000 0.063954 0.000027
2 2 0.000036 0.001222 0.948705 0.050018 0.000018
2 2 0.000070 0.001474 0.958500 0.039940 0.000016
2 2 0.000085 0.002291 0.961706 0.035891 0.000026
2 2 0.000062 0.000979 0.872409 0.126527 0.000023
2 2 0.000017 0.000468 0.875488 0.124021 0.000006
2 2 0.000005 0.000176 0.821091 0.178723 0.000004
2 2 0.000077 0.000558 0.780993 0.218364 0.000008
2 2 0.000047 0.000354 0.716572 0.283021 0.000006
2 2 0.000051 0.000406 0.727763 0.271776 0.000003
2 2 0.000010 0.000073 0.708683 0.291234 0.000000
2 2 0.001828 0.006832 0.590231 0.399816 0.001293
2 1 0.180198 0.061708 0.588726 0.167828 0.001541
0 1 0.847989 0.110027 0.032518 0.002470 0.006997
2 1 0.115483 0.218930 0.593265 0.026602 0.045720
2 2 0.045440 0.162308 0.768285 0.018381 0.005586
2 2 0.001202 0.016490 0.957953 0.024033 0.000322
2 2 0.016564 0.066188 0.888655 0.026833 0.001759
2 2 0.013425 0.058049 0.901725 0.024103 0.002697
2 2 0.000006 0.000070 0.967753 0.032171 0.000000
2 2 0.000042 0.000526 0.968732 0.030698 0.000001
2 2 0.000245 0.017177 0.976088 0.005982 0.000508
2 2 0.000226 0.015358 0.977521 0.006467 0.000428
2 2 0.000109 0.005892 0.992330 0.001601 0.000068
2 2 0.000020 0.004626 0.991550 0.003695 0.000108
2 2 0.000007 0.002730 0.995588 0.001612 0.000063
2 2 0.000064 0.006782 0.989502 0.003518 0.000134
2 2 0.000011 0.001669 0.996075 0.002228 0.000017
2 2 0.000005 0.003020 0.993802 0.002971 0.000202
2 2 0.000004 0.000238 0.958480 0.041276 0.000003
2 2 0.000011 0.000435 0.941971 0.057577 0.000006
2 2 0.000178 0.008016 0.949901 0.040752 0.001153
2 2 0.000022 0.003991 0.969640 0.025822 0.000525
2 2 0.000427 0.002344 0.968703 0.028517 0.000010
2 2 0.000014 0.001067 0.922523 0.076316 0.000080
2 2 0.000256 0.003265 0.972482 0.023973 0.000023
2 2 0.007857 0.040090 0.891655 0.059534 0.000864
2 2 0.035317 0.118205 0.827551 0.011616 0.007310
0 0 0.592869 0.239581 0.149810 0.004457 0.013281
2 1 0.148830 0.323439 0.513558 0.000697 0.013476
2 2 0.040033 0.212840 0.727886 0.008140 0.011101
2 2 0.004011 0.075260 0.917576 0.001103 0.002050
2 2 0.001712 0.057271 0.938736 0.000701 0.001581
2 2 0.005596 0.037429 0.951747 0.004670 0.000558
2 2 0.013123 0.130427 0.852168 0.000381 0.003902
2 2 0.001643 0.016593 0.968849 0.012694 0.000221
2 2 0.005256 0.006232 0.954489 0.034001 0.000021
2 2 0.052147 0.238063 0.699422 0.001446 0.008923
2 2 0.063092 0.165924 0.754334 0.010665 0.005985
2 2 0.000404 0.012614 0.983064 0.003722 0.000197
2 2 0.000349 0.007161 0.978566 0.013837 0.000086
2 2 0.000170 0.007700 0.989640 0.002389 0.000101
2 2 0.119802 0.122170 0.745449 0.010131 0.002448
0 0 0.968336 0.024797 0.002934 0.000008 0.003925
0 0 0.944551 0.043914 0.005784 0.000030 0.005721
0 0 0.769067 0.166451 0.022657 0.000088 0.041736
0 1 0.467014 0.372594 0.075300 0.000229 0.084863
0 1 0.810628 0.139703 0.019745 0.000092 0.029832
0 1 0.579991 0.301079 0.086302 0.000580 0.032049
0 0 0.971461 0.023200 0.003231 0.000029 0.002078
0 0 0.962063 0.030168 0.005362 0.000176 0.002231
1 1 0.271654 0.501343 0.161226 0.000105 0.065672
1 1 0.215290 0.536294 0.161835 0.000059 0.086522
0 0 0.975800 0.019623 0.003162 0.000069 0.001347
0 0 0.974315 0.020963 0.002855 0.000023 0.001844
0 0 0.915616 0.065145 0.012640 0.000449 0.006150
0 1 0.728879 0.198393 0.051614 0.000995 0.020118
1 1 0.128863 0.476530 0.340998 0.001563 0.052047
1 1 0.109437 0.521515 0.317912 0.000128 0.051009
2 2 0.019778 0.413493 0.518868 0.001607 0.046255
1 2 0.028664 0.512237 0.330329 0.001014 0.127757
4 2 0.013797 0.204129 0.127271 0.000004 0.654799
4 2 0.009745 0.188790 0.185041 0.000021 0.616403
4 2 0.011591 0.106903 0.096468 0.000059 0.784979
4 2 0.031418 0.155046 0.060791 0.000015 0.752730
4 2 0.024272 0.109503 0.029179 0.000000 0.837045
4 4 0.020668 0.025596 0.011430 0.000118 0.942187
4 4 0.046342 0.070848 0.018076 0.000022 0.864712
4 4 0.041458 0.049581 0.014527 0.000064 0.894370
4 4 0.045643 0.054139 0.014037 0.000038 0.886144
4 4 0.017182 0.020150 0.013378 0.001188 0.948103
4 4 0.052800 0.021657 0.007734 0.000040 0.917769
4 4 0.017100 0.013341 0.002953 0.000001 0.966604
4 4 0.019660 0.020321 0.008256 0.000075 0.951688
4 4 0.029851 0.032796 0.010527 0.000049 0.926776
4 4 0.027645 0.376392 0.118781 0.000001 0.477182
4 4 0.013513 0.362870 0.166191 0.000000 0.457425
4 4 0.072866 0.204352 0.031941 0.000001 0.690839
4 4 0.015097 0.062991 0.029858 0.000006 0.892048
4 4 0.019086 0.018743 0.006764 0.000033 0.955374
4 4 0.033758 0.035547 0.008942 0.000014 0.921739
4 4 0.050781 0.059321 0.013185 0.000019 0.876695
4 4 0.025780 0.030762 0.012342 0.000123 0.930993
4 4 0.032347 0.035799 0.010830 0.000041 0.920983
4 4 0.024758 0.031984 0.008321 0.000004 0.934932
4 4 0.026686 0.026455 0.007072 0.000012 0.939775
4 4 0.017412 0.013530 0.002712 0.000001 0.966345
4 4 0.060389 0.075497 0.016862 0.000031 0.847220
4 4 0.033284 0.039621 0.011498 0.000029 0.915569
4 4 0.016469 0.287106 0.166877 0.000005 0.529543
4 4 0.011470 0.160100 0.102033 0.000002 0.726395
4 4 0.010147 0.192055 0.163924 0.000009 0.633866
4 4 0.012061 0.219681 0.175600 0.000012 0.592646
4 4 0.016134 0.177643 0.080924 0.000001 0.725298
4 4 0.041493 0.112795 0.032744 0.000013 0.812954
4 4 0.011910 0.353987 0.196866 0.000001 0.437236
4 4 0.007627 0.123751 0.107132 0.000004 0.761486
4 4 0.018390 0.125822 0.057106 0.000004 0.798678
4 4 0.013625 0.198050 0.157540 0.000024 0.630761
4 4 0.007109 0.113334 0.111268 0.000008 0.768282
4 4 0.004800 0.058090 0.060329 0.000005 0.876776
4 4 0.011060 0.114293 0.114117 0.000087 0.760443
4 4 0.019639 0.166673 0.076152 0.000003 0.737533
4 4 0.017595 0.057364 0.019980 0.000002 0.905059
4 4 0.029741 0.037631 0.011842 0.000032 0.920755
4 4 0.023916 0.026483 0.009888 0.000068 0.939646
4 4 0.043286 0.049778 0.011954 0.000020 0.894962
4 4 0.024383 0.056209 0.020807 0.000016 0.898585
4 4 0.026288 0.028742 0.010321 0.000072 0.934577
4 4 0.020395 0.021212 0.008466 0.000073 0.949854
4 4 0.031263 0.033336 0.009385 0.000024 0.925991
4 4 0.033543 0.053293 0.013742 0.000007 0.899414
4 4 0.032166 0.043146 0.010038 0.000004 0.914645
4 4 0.032928 0.046236 0.011119 0.000005 0.909712
4 4 0.030583 0.134420 0.025029 0.000000 0.809968
4 4 0.024903 0.089145 0.015644 0.000000 0.870308
4 4 0.023231 0.073012 0.022381 0.000002 0.881374
4 4 0.036720 0.108236 0.022258 0.000001 0.832785
4 4 0.054346 0.078426 0.018996 0.000029 0.848203
1 4 0.016464 0.469901 0.197085 0.000001 0.316550
4 4 0.006789 0.250522 0.211316 0.000001 0.531372
2 2 0.003970 0.216238 0.566253 0.000055 0.213485
2 2 0.002078 0.123783 0.683346 0.000160 0.190634
1 2 0.008297 0.536580 0.321506 0.000001 0.133616
2 2 0.002921 0.244417 0.511575 0.000003 0.241084
2 2 0.002811 0.286540 0.569416 0.000007 0.141227
2 2 0.005556 0.324369 0.452149 0.000005 0.217921
2 2 0.001229 0.094084 0.802366 0.000414 0.101906
2 2 0.005570 0.294011 0.573425 0.000190 0.126804
2 2 0.002758 0.222233 0.569526 0.000017 0.205466
2 2 0.003994 0.287287 0.511316 0.000010 0.197393
2 2 0.001355 0.095411 0.816806 0.000915 0.085512
2 2 0.001802 0.231528 0.698833 0.000009 0.067828
2 2 0.000084 0.026905 0.964803 0.000164 0.008045
2 2 0.000361 0.073608 0.918953 0.000122 0.006956
2 2 0.002255 0.203175 0.754711 0.000038 0.039821
2 2 0.001347 0.103782 0.842357 0.001485 0.051029
2 2 0.000073 0.018027 0.978747 0.001255 0.001898
2 2 0.000066 0.012817 0.985808 0.000934 0.000375
2 2 0.001050 0.119492 0.835892 0.000049 0.043516
2 2 0.000201 0.041365 0.949511 0.000336 0.008586
2 2 0.000056 0.016887 0.979015 0.000332 0.003711
2 2 0.000088 0.023553 0.974345 0.000235 0.001780
2 2 0.000109 0.026553 0.963938 0.000217 0.009183
2 2 0.000231 0.053747 0.940891 0.000067 0.005065
2 2 0.000001 0.000238 0.992893 0.006865 0.000003
2 2 0.000001 0.000210 0.987405 0.012381 0.000003
2 2 0.000073 0.012405 0.985431 0.001607 0.000485
2 2 0.000009 0.004276 0.992446 0.002596 0.000673
2 2 0.000099 0.001417 0.986599 0.011878 0.000006
2 2 0.000005 0.000775 0.982430 0.016770 0.000020
2 2 0.000017 0.000574 0.975278 0.024127 0.000004
2 2 0.000015 0.000418 0.981660 0.017906 0.000001
2 2 0.000009 0.003106 0.992609 0.004058 0.000218
2 2 0.000034 0.003818 0.991704 0.004360 0.000084
2 2 0.000059 0.000263 0.965527 0.034151 0.000000
2 2 0.000016 0.000283 0.967097 0.032604 0.000001
2 2 0.000005 0.001204 0.996312 0.002459 0.000021
2 2 0.000032 0.004572 0.985620 0.009495 0.000280
2 2 0.000017 0.001286 0.991025 0.007655 0.000017
2 2 0.000002 0.000576 0.993896 0.005515 0.000011
2 2 0.000751 0.004429 0.980743 0.014054 0.000023
2 2 0.000001 0.000273 0.985413 0.014301 0.000011
2 2 0.000071 0.001755 0.977569 0.020590 0.000015
2 2 0.000023 0.000936 0.987393 0.011642 0.000005
2 2 0.000014 0.000796 0.970187 0.028990 0.000013
2 2 0.000048 0.001170 0.980031 0.018745 0.000006
2 2 0.000020 0.000148 0.759968 0.239863 0.000001
2 2 0.000088 0.000451 0.627679 0.371775 0.000008
2 2 0.000001 0.000065 0.944331 0.055603 0.000000
2 2 0.000026 0.000306 0.908490 0.091177 0.000002
2 2 0.000031 0.000637 0.916975 0.082347 0.000011
2 2 0.000099 0.000248 0.855561 0.144092 0.000000
2 2 0.000015 0.000126 0.659431 0.340425 0.000003
2 2 0.000081 0.000397 0.713766 0.285751 0.000005
2 2 0.000071 0.000165 0.542333 0.457430 0.000002
3 2 0.000030 0.000072 0.367032 0.632866 0.000001
2 2 0.000009 0.000051 0.538759 0.461181 0.000000
2 3 0.000004 0.000017 0.604811 0.395167 0.000000
2 3 0.000250 0.000776 0.611018 0.387936 0.000021
2 3 0.000071 0.000380 0.518647 0.480891 0.000011
2 3 0.000015 0.000087 0.761588 0.238310 0.000000
2 3 0.000037 0.000620 0.631738 0.367546 0.000059
3 3 0.000006 0.000029 0.413300 0.586665 0.000000
3 3 0.000011 0.000039 0.399490 0.600461 0.000000
3 3 0.000009 0.000035 0.330032 0.669923 0.000000
3 3 0.000004 0.000015 0.170495 0.829486 0.000000
3 3 0.000114 0.000124 0.141169 0.858584 0.000009
3 3 0.000332 0.000161 0.099178 0.900322 0.000007
3 3 0.000031 0.000048 0.134897 0.865023 0.000002
3 3 0.000240 0.000164 0.084821 0.914764 0.000011
3 3 0.000106 0.000112 0.130767 0.869009 0.000007
3 3 0.000128 0.000094 0.186825 0.812951 0.000001
3 3 0.000015 0.000010 0.062917 0.937057 0.000000
3 3 0.000043 0.000020 0.063926 0.936012 0.000000
3 3 0.000003 0.000005 0.039875 0.960116 0.000000
3 3 0.000237 0.000057 0.033054 0.966648 0.000003
3 3 0.000019 0.000008 0.033205 0.966769 0.000000
3 3 0.000101 0.000036 0.051064 0.948796 0.000002
3 3 0.000355 0.000230 0.066278 0.933089 0.000048
3 3 0.000260 0.000105 0.062368 0.937260 0.000007
3 3 0.000190 0.000078 0.048647 0.951080 0.000004
3 3 0.000163 0.000101 0.041793 0.957926 0.000017
3 3 0.000033 0.000021 0.018834 0.981109 0.000003
3 3 0.000012 0.000012 0.024476 0.975498 0.000001
3 3 0.000318 0.000135 0.061323 0.938213 0.000012
3 3 0.000024 0.000030 0.029486 0.970451 0.000008
3 3 0.000090 0.000016 0.008860 0.991031 0.000003
3 3 0.000021 0.000008 0.015713 0.984257 0.000001
3 3 0.000078 0.000013 0.009904 0.990005 0.000001
3 3 0.000094 0.000017 0.010915 0.988971 0.000002
3 3 0.000047 0.000016 0.007095 0.992837 0.000006
3 3 0.001130 0.000054 0.009307 0.989503 0.000006
3 3 0.000159 0.000028 0.024913 0.974899 0.000002
3 3 0.000175 0.000037 0.009736 0.990040 0.000011
3 3 0.000038 0.000026 0.053199 0.946736 0.000001
3 3 0.000111 0.000030 0.013184 0.986670 0.000005
3 3 0.000016 0.000008 0.013174 0.986800 0.000001
3 3 0.000029 0.000018 0.012509 0.987439 0.000006
3 3 0.002766 0.000541 0.064705 0.931907 0.000081
3 2 0.009572 0.002681 0.059681 0.927473 0.000592
2 2 0.041033 0.089893 0.660604 0.168336 0.040134
2 2 0.027562 0.106261 0.809462 0.048613 0.008102
2 2 0.012769 0.035251 0.916530 0.034086 0.001365
2 2 0.002997 0.014380 0.899240 0.081395 0.001989
2 2 0.000121 0.003113 0.945279 0.051392 0.000096
2 2 0.000183 0.003623 0.944825 0.051251 0.000118
2 2 0.000021 0.002040 0.960673 0.037123 0.000144
2 2 0.000219 0.002901 0.910331 0.086444 0.000106
2 2 0.000023 0.003418 0.976970 0.019366 0.000224
2 2 0.000081 0.004085 0.988414 0.007371 0.000050
2 2 0.000028 0.001378 0.919122 0.079311 0.000161
2 2 0.000132 0.001143 0.934443 0.064270 0.000013
2 2 0.000006 0.000568 0.983533 0.015884 0.000007
2 2 0.000005 0.002252 0.988745 0.008803 0.000196
