0 0 0.986695 0.004440 0.000695 0.000000 0.008170
0 0 0.856762 0.007099 0.005972 0.000013 0.130153
0 0 0.980959 0.006549 0.000559 0.000000 0.011933
0 0 0.989779 0.002910 0.000476 0.000000 0.006835
0 0 0.991282 0.002282 0.000570 0.000000 0.005864
0 0 0.996271 0.000824 0.000077 0.000000 0.002828
0 0 0.978284 0.009499 0.000914 0.000000 0.011303
0 0 0.986405 0.005696 0.000689 0.000000 0.007209
0 0 0.982156 0.008032 0.000631 0.000000 0.009180
0 0 0.988135 0.004421 0.000669 0.000000 0.006775
0 0 0.979182 0.008583 0.001684 0.000001 0.010550
0 0 0.981045 0.008086 0.001301 0.000000 0.009567
0 0 0.966797 0.015003 0.002038 0.000000 0.016162
0 0 0.979851 0.009033 0.001309 0.000000 0.009806
0 0 0.980741 0.008275 0.001013 0.000000 0.009972
0 0 0.976681 0.010708 0.001302 0.000000 0.011310
0 0 0.984041 0.005639 0.001017 0.000000 0.009304
0 0 0.984346 0.006003 0.000954 0.000000 0.008697
0 0 0.984369 0.006629 0.000893 0.000000 0.008109
0 0 0.976784 0.008616 0.001705 0.000001 0.012894
0 0 0.981783 0.007107 0.001065 0.000000 0.010044
0 0 0.977369 0.009103 0.002264 0.000002 0.011262
0 0 0.989103 0.003869 0.000562 0.000000 0.006466
0 0 0.961828 0.016572 0.004689 0.000010 0.016901
0 0 0.954987 0.020380 0.003021 0.000000 0.021612
0 0 0.949903 0.026211 0.004023 0.000001 0.019863
0 0 0.988834 0.004715 0.000438 0.000000 0.006014
0 0 0.988928 0.003988 0.000619 0.000000 0.006465
0 0 0.979838 0.006444 0.001325 0.000000 0.012392
0 0 0.990023 0.003328 0.000575 0.000000 0.006074
0 0 0.991472 0.002636 0.000371 0.000000 0.005522
0 0 0.983715 0.005032 0.000775 0.000000 0.010477
0 0 0.954831 0.011026 0.002492 0.000000 0.031650
0 0 0.977978 0.010640 0.001046 0.000000 0.010337
0 0 0.989898 0.003690 0.000462 0.000000 0.005950
0 0 0.990298 0.003341 0.000512 0.000000 0.005849
0 0 0.977913 0.008286 0.000972 0.000000 0.012829
0 0 0.980153 0.007148 0.000828 0.000000 0.011871
0 0 0.979302 0.008465 0.000844 0.000000 0.011389
0 0 0.987206 0.004692 0.000806 0.000000 0.007296
0 0 0.979323 0.009973 0.000696 0.000000 0.010008
0 1 0.928248 0.040951 0.003694 0.000000 0.027107
0 1 0.524426 0.319269 0.023502 0.000000 0.132802
0 1 0.540560 0.340944 0.036910 0.000002 0.081584
0 1 0.598474 0.275582 0.024601 0.000000 0.101343
0 1 0.619937 0.257401 0.024044 0.000000 0.098618
0 1 0.471982 0.345544 0.067071 0.000073 0.115330
0 1 0.515762 0.347704 0.034956 0.000001 0.101578
4 2 0.077307 0.334838 0.217792 0.003625 0.366438
4 2 0.109146 0.233470 0.140810 0.001093 0.515480
4 2 0.019390 0.052549 0.079079 0.001597 0.847385
4 2 0.014890 0.097100 0.403614 0.049218 0.435177
2 2 0.036565 0.263812 0.576682 0.000942 0.121999
0 1 0.579574 0.229130 0.089685 0.000105 0.101506
1 1 0.380744 0.444121 0.098424 0.000142 0.076569
0 1 0.697482 0.222391 0.017440 0.000000 0.062687
0 1 0.798322 0.133489 0.021296 0.000007 0.046886
0 1 0.742734 0.173079 0.030675 0.000016 0.053497
1 1 0.257389 0.481510 0.178094 0.000225 0.082782
1 1 0.176663 0.380007 0.274461 0.007883 0.160986
1 1 0.207520 0.487766 0.228909 0.001450 0.074356
2 2 0.032120 0.167025 0.462346 0.046916 0.291593
2 2 0.012026 0.094827 0.845014 0.031351 0.016782
2 2 0.007991 0.093903 0.882297 0.004367 0.011441
2 2 0.004246 0.082168 0.904937 0.002455 0.006194
2 2 0.000027 0.001464 0.911774 0.086327 0.000408
2 2 0.006015 0.056848 0.826745 0.012222 0.098170
2 1 0.142235 0.376768 0.450170 0.004205 0.026623
2 2 0.009226 0.085468 0.856717 0.008166 0.040423
2 2 0.063772 0.325959 0.574278 0.005676 0.030315
2 2 0.025042 0.167629 0.736613 0.014673 0.056043
2 2 0.029654 0.309084 0.538914 0.006609 0.115739
2 2 0.008297 0.036512 0.860340 0.017893 0.076959
0 0 0.402947 0.277180 0.284683 0.001031 0.034160
0 0 0.922421 0.045539 0.005657 0.000000 0.026382
0 0 0.900848 0.072393 0.004585 0.000000 0.022175
0 0 0.953528 0.028741 0.001817 0.000000 0.015915
0 0 0.969575 0.010456 0.003667 0.000011 0.016291
0 0 0.979844 0.009353 0.001043 0.000000 0.009760
0 0 0.973332 0.011991 0.001431 0.000000 0.013246
0 0 0.975049 0.012361 0.001545 0.000000 0.011044
0 0 0.961292 0.014298 0.006283 0.000066 0.018062
0 0 0.796386 0.095807 0.015816 0.000001 0.091990
0 0 0.948967 0.022170 0.007730 0.000039 0.021094
0 0 0.965815 0.019670 0.001465 0.000000 0.013051
0 0 0.965474 0.018847 0.002189 0.000000 0.013490
0 0 0.961228 0.020696 0.002053 0.000000 0.016024
0 0 0.972479 0.014627 0.001523 0.000000 0.011371
0 0 0.971549 0.013368 0.001428 0.000000 0.013655
0 0 0.982746 0.008077 0.000725 0.000000 0.008453
0 0 0.982420 0.008275 0.000848 0.000000 0.008457
0 0 0.973554 0.011291 0.002413 0.000002 0.012740
0 0 0.964886 0.016242 0.002027 0.000000 0.016844
0 0 0.931721 0.036954 0.003646 0.000000 0.027678
0 0 0.969026 0.014485 0.001825 0.000000 0.014664
0 0 0.961455 0.019355 0.003442 0.000001 0.015747
0 0 0.966368 0.014717 0.002306 0.000000 0.016609
0 0 0.984849 0.005856 0.001024 0.000000 0.008270
0 0 0.969535 0.015429 0.002151 0.000000 0.012885
0 0 0.965111 0.017739 0.002760 0.000001 0.014389
0 0 0.981058 0.008148 0.001275 0.000000 0.009518
0 0 0.983165 0.007069 0.001062 0.000000 0.008703
0 0 0.948517 0.026641 0.005397 0.000004 0.019442
0 0 0.961334 0.020558 0.002954 0.000001 0.015154
0 0 0.980242 0.006494 0.001419 0.000001 0.011845
0 0 0.986525 0.006545 0.000457 0.000000 0.006473
0 0 0.980963 0.009220 0.000953 0.000000 0.008864
0 0 0.978620 0.010220 0.000703 0.000000 0.010457
0 0 0.939864 0.030976 0.007177 0.000009 0.021975
0 0 0.935412 0.034222 0.007568 0.000008 0.022790
0 0 0.970469 0.016624 0.001444 0.000000 0.011464
0 0 0.962412 0.020294 0.002101 0.000000 0.015193
0 0 0.977168 0.010416 0.001072 0.000000 0.011344
0 0 0.983546 0.007518 0.000826 0.000000 0.008109
0 0 0.987790 0.004696 0.000665 0.000000 0.006848
0 0 0.978854 0.009181 0.001553 0.000000 0.010412
0 0 0.974427 0.012217 0.001140 0.000000 0.012216
0 0 0.978581 0.010138 0.001277 0.000000 0.010004
0 0 0.974844 0.011491 0.001570 0.000000 0.012095
0 0 0.964164 0.018553 0.002673 0.000000 0.014610
0 0 0.982309 0.004977 0.000687 0.000000 0.012027
0 0 0.950386 0.017837 0.005954 0.000011 0.025813
0 0 0.893252 0.058213 0.007899 0.000000 0.040635
0 0 0.961313 0.018300 0.004009 0.000003 0.016374
0 0 0.978329 0.010947 0.001090 0.000000 0.009634
0 0 0.967354 0.017523 0.001882 0.000000 0.013241
0 0 0.975317 0.011329 0.001268 0.000000 0.012086
0 0 0.983040 0.007684 0.000899 0.000000 0.008377
0 0 0.973270 0.011733 0.001164 0.000000 0.013833
0 0 0.989845 0.003532 0.000553 0.000000 0.006071
0 0 0.980828 0.008358 0.001267 0.000000 0.009547
0 0 0.988898 0.004330 0.000530 0.000000 0.006243
0 0 0.979142 0.010601 0.000942 0.000000 0.009315
0 0 0.990345 0.003562 0.000443 0.000000 0.005650
0 0 0.983639 0.007287 0.000872 0.000000 0.008202
0 0 0.979405 0.010438 0.000906 0.000000 0.009251
0 0 0.984240 0.006690 0.000720 0.000000 0.008349
0 0 0.977787 0.009926 0.000851 0.000000 0.011436
0 0 0.972668 0.013751 0.001772 0.000000 0.011808
0 0 0.986864 0.005808 0.000489 0.000000 0.006840
0 0 0.988683 0.004396 0.000404 0.000000 0.006518
0 0 0.988871 0.004417 0.000413 0.000000 0.006299
0 0 0.969636 0.016142 0.001664 0.000000 0.012557
0 0 0.980416 0.008281 0.001209 0.000000 0.010094
0 0 0.975746 0.012173 0.001361 0.000000 0.010720
0 0 0.971172 0.013703 0.001400 0.000000 0.013726
0 0 0.981493 0.008470 0.000684 0.000000 0.009353
0 0 0.972898 0.012245 0.002294 0.000001 0.012562
0 0 0.968795 0.013949 0.001890 0.000000 0.015366
0 0 0.965664 0.017509 0.002377 0.000000 0.014449
0 0 0.967649 0.017889 0.001785 0.000000 0.012677
0 0 0.957584 0.024264 0.001643 0.000000 0.016509
0 0 0.956902 0.022356 0.003882 0.000002 0.016858
0 0 0.980208 0.008469 0.001408 0.000000 0.009915
0 0 0.946755 0.035529 0.002267 0.000000 0.015449
0 0 0.971275 0.015125 0.001708 0.000000 0.011892
0 0 0.984856 0.006478 0.000479 0.000000 0.008187
0 0 0.942211 0.035055 0.002151 0.000000 0.020583
0 0 0.969464 0.016063 0.001618 0.000000 0.012855
0 0 0.929779 0.049534 0.002884 0.000000 0.017802
0 0 0.955914 0.023837 0.003598 0.000001 0.016650
0 0 0.955770 0.024208 0.003489 0.000001 0.016532
0 0 0.978112 0.010183 0.001408 0.000000 0.010296
0 0 0.965572 0.018623 0.002241 0.000000 0.013564
0 0 0.982437 0.007692 0.001050 0.000000 0.008821
0 0 0.973461 0.014140 0.001404 0.000000 0.010994
0 0 0.970589 0.013645 0.002520 0.000001 0.013246
0 0 0.945769 0.031987 0.003378 0.000000 0.018866
0 0 0.978468 0.008647 0.000834 0.000000 0.012051
0 0 0.987590 0.005011 0.000620 0.000000 0.006779
0 0 0.963955 0.019443 0.002472 0.000000 0.014130
0 0 0.960433 0.020307 0.002505 0.000000 0.016755
0 0 0.887499 0.074863 0.004483 0.000000 0.033155
0 0 0.970737 0.015123 0.001350 0.000000 0.012790
0 0 0.871781 0.088806 0.009446 0.000001 0.029967
0 0 0.967949 0.014402 0.002325 0.000000 0.015324
0 0 0.975950 0.012397 0.001277 0.000000 0.010375
0 0 0.977541 0.011392 0.000918 0.000000 0.010150
0 0 0.715211 0.185668 0.016152 0.000000 0.082969
0 0 0.956707 0.024070 0.003190 0.000000 0.016033
0 0 0.952820 0.027781 0.002196 0.000000 0.017203
0 0 0.858865 0.102544 0.004753 0.000000 0.033838
0 0 0.832815 0.125107 0.007443 0.000000 0.034636
0 0 0.726063 0.212988 0.012747 0.000000 0.048202
0 0 0.738153 0.199110 0.021094 0.000002 0.041641
0 1 0.545453 0.343668 0.041472 0.000005 0.069403
0 1 0.824161 0.134491 0.008087 0.000000 0.033261
0 1 0.521762 0.364850 0.057049 0.000035 0.056304
0 1 0.429382 0.419181 0.084062 0.000108 0.067268
0 1 0.566519 0.321214 0.030652 0.000001 0.081613
0 1 0.475713 0.392994 0.070138 0.000067 0.061088
0 1 0.425869 0.393972 0.046672 0.000001 0.133486
1 1 0.221262 0.496322 0.130414 0.000051 0.151952
1 1 0.267571 0.489801 0.132734 0.000165 0.109729
1 1 0.203646 0.502092 0.144418 0.000188 0.149656
1 1 0.221666 0.481469 0.102813 0.000009 0.194043
1 1 0.111184 0.498412 0.204336 0.003052 0.183015
1 2 0.064839 0.459094 0.204128 0.006786 0.265154
2 2 0.017429 0.063548 0.773538 0.031170 0.114314
2 2 0.054590 0.389114 0.471581 0.012785 0.071930
2 2 0.004360 0.163630 0.670840 0.000706 0.160464
1 2 0.129843 0.472180 0.313359 0.001108 0.083509
2 2 0.005863 0.126629 0.786472 0.040097 0.040940
2 2 0.004361 0.100302 0.848830 0.025337 0.021170
2 2 0.000031 0.000990 0.882382 0.116216 0.000380
2 2 0.000020 0.000749 0.898615 0.100457 0.000159
2 2 0.001339 0.018198 0.933913 0.033955 0.012594
2 2 0.007597 0.110583 0.860516 0.000099 0.021205
2 2 0.000207 0.002244 0.907386 0.089097 0.001067
2 2 0.002270 0.011169 0.943404 0.033622 0.009534
2 2 0.011941 0.089994 0.872643 0.019402 0.006021
2 2 0.000385 0.006723 0.953438 0.032437 0.007017
2 2 0.000642 0.000839 0.871084 0.126927 0.000508
2 2 0.003850 0.008623 0.953306 0.030884 0.003337
2 2 0.001254 0.030792 0.867220 0.085459 0.015274
2 2 0.000400 0.002192 0.830648 0.166453 0.000307
2 2 0.000489 0.000983 0.639552 0.358936 0.000040
2 2 0.000003 0.000089 0.625323 0.374570 0.000015
2 3 0.000243 0.002157 0.687964 0.309451 0.000186
2 3 0.000012 0.000365 0.539279 0.460320 0.000024
3 3 0.000119 0.000702 0.329442 0.669408 0.000329
3 3 0.000020 0.000083 0.140781 0.859100 0.000016
3 3 0.000016 0.000100 0.119842 0.880024 0.000018
3 3 0.000007 0.000039 0.064926 0.935023 0.000005
3 3 0.000108 0.000690 0.306401 0.692716 0.000085
3 3 0.000040 0.000196 0.099477 0.900263 0.000024
3 3 0.000310 0.000375 0.034731 0.964376 0.000208
3 3 0.000535 0.001616 0.173978 0.821976 0.001895
3 3 0.000011 0.000040 0.028898 0.971042 0.000008
3 3 0.000025 0.000068 0.046656 0.953231 0.000020
3 3 0.000481 0.000540 0.034243 0.964260 0.000476
3 3 0.001747 0.002962 0.130399 0.862259 0.002633
3 3 0.000035 0.000097 0.035781 0.964067 0.000020
3 3 0.000007 0.000036 0.022211 0.977737 0.000009
3 3 0.000342 0.000195 0.022936 0.976366 0.000161
3 3 0.000279 0.000289 0.021929 0.977113 0.000390
3 3 0.000048 0.000086 0.018775 0.980988 0.000103
3 3 0.000223 0.000213 0.027380 0.972074 0.000110
3 3 0.000023 0.000049 0.020056 0.979845 0.000027
3 3 0.000009 0.000016 0.013014 0.986957 0.000004
3 3 0.000196 0.000135 0.009500 0.990013 0.000155
3 3 0.000085 0.000090 0.011960 0.987734 0.000130
3 3 0.000490 0.000373 0.023949 0.974672 0.000517
3 3 0.000750 0.000549 0.021094 0.977033 0.000575
3 3 0.000321 0.000186 0.008669 0.990603 0.000220
3 3 0.000351 0.000276 0.017198 0.981763 0.000411
3 3 0.000289 0.000161 0.012241 0.987134 0.000174
3 3 0.000688 0.000456 0.013806 0.984542 0.000507
3 3 0.000201 0.000217 0.014951 0.984348 0.000283
3 3 0.000148 0.000127 0.011355 0.988211 0.000159
3 3 0.000075 0.000067 0.009223 0.990573 0.000062
3 3 0.000157 0.000099 0.027195 0.972499 0.000051
3 3 0.000045 0.000034 0.005460 0.994416 0.000045
3 3 0.000182 0.000086 0.008855 0.990803 0.000075
3 3 0.000012 0.000015 0.004810 0.995153 0.000009
3 3 0.000013 0.000026 0.009255 0.990692 0.000014
3 3 0.002814 0.001399 0.030189 0.963151 0.002447
3 3 0.000369 0.000182 0.003663 0.995188 0.000598
3 3 0.000240 0.000312 0.030400 0.968837 0.000211
3 3 0.000106 0.000123 0.015142 0.984551 0.000078
3 3 0.000534 0.000268 0.006223 0.992429 0.000547
3 3 0.000205 0.000087 0.004172 0.995132 0.000403
3 3 0.000059 0.000053 0.011199 0.988651 0.000038
3 3 0.000038 0.000042 0.010093 0.989793 0.000034
3 3 0.000027 0.000018 0.003678 0.996259 0.000018
3 3 0.000109 0.000124 0.011384 0.988165 0.000218
3 3 0.000068 0.000038 0.005782 0.994008 0.000104
3 3 0.000268 0.000130 0.006088 0.993337 0.000176
3 3 0.000341 0.000114 0.005350 0.993562 0.000634
3 3 0.000302 0.000087 0.002540 0.996853 0.000218
3 3 0.000296 0.000143 0.004895 0.994255 0.000411
3 3 0.000256 0.000096 0.004200 0.995293 0.000156
3 3 0.000207 0.000109 0.006337 0.993197 0.000150
3 3 0.000430 0.000221 0.009462 0.989626 0.000261
3 3 0.000156 0.000106 0.007409 0.992231 0.000098
3 3 0.000111 0.000070 0.006268 0.993463 0.000089
3 3 0.000345 0.000320 0.025127 0.973938 0.000269
3 3 0.000110 0.000055 0.007559 0.992231 0.000045
3 3 0.000073 0.000043 0.003992 0.995802 0.000090
3 3 0.000354 0.000265 0.009487 0.989559 0.000335
3 3 0.000551 0.000286 0.022064 0.976929 0.000170
3 3 0.000106 0.000139 0.011136 0.988407 0.000211
3 3 0.001167 0.000723 0.017882 0.978951 0.001277
3 3 0.000515 0.000162 0.004274 0.994708 0.000341
3 3 0.001121 0.000387 0.019041 0.978936 0.000514
3 3 0.000515 0.000272 0.009865 0.988998 0.000351
3 3 0.000843 0.000376 0.004170 0.993547 0.001064
0 2 0.455642 0.123020 0.146709 0.075224 0.199406
2 2 0.036972 0.148328 0.594995 0.187159 0.032547
2 2 0.029624 0.088512 0.678245 0.170232 0.033387
2 2 0.051952 0.344304 0.546698 0.012017 0.045030
2 2 0.041571 0.286199 0.631774 0.011876 0.028579
2 2 0.000245 0.002238 0.920873 0.076427 0.000217
2 2 0.000556 0.006177 0.944606 0.047793 0.000868
2 2 0.004421 0.070157 0.891631 0.005468 0.028323
2 2 0.010338 0.170506 0.772713 0.025702 0.020741
2 2 0.005049 0.085622 0.899251 0.004896 0.005183
2 2 0.001086 0.051971 0.934489 0.007053 0.005400
2 2 0.000462 0.006948 0.955651 0.035270 0.001668
2 2 0.001808 0.016030 0.961855 0.018580 0.001726
2 2 0.000018 0.000579 0.917032 0.082278 0.000093
2 2 0.000962 0.012868 0.883694 0.101250 0.001225
2 2 0.000919 0.018776 0.961097 0.010138 0.009070
2 2 0.000754 0.009722 0.975503 0.007414 0.006606
2 2 0.000029 0.000980 0.927388 0.070592 0.001011
2 2 0.000215 0.003659 0.987427 0.007524 0.001175
2 2 0.007120 0.045026 0.808390 0.019797 0.119667
2 2 0.001668 0.070232 0.748929 0.043695 0.135477
2 2 0.001028 0.081939 0.789828 0.003177 0.124028
2 2 0.001595 0.119797 0.822205 0.001415 0.054987
4 4 0.006234 0.252904 0.236797 0.000345 0.503720
4 4 0.015113 0.320350 0.223746 0.000143 0.440648
4 4 0.013189 0.323781 0.272266 0.000519 0.390245
4 4 0.019864 0.318322 0.268728 0.002293 0.390794
4 4 0.009458 0.267662 0.169313 0.000589 0.552978
4 4 0.023399 0.246676 0.140718 0.000642 0.588565
1 4 0.043996 0.407723 0.179150 0.004596 0.364535
4 4 0.035406 0.378545 0.151825 0.000201 0.434023
4 4 0.003618 0.172877 0.175763 0.001103 0.646639
4 4 0.018591 0.317009 0.151819 0.000033 0.512548
1 4 0.065600 0.459326 0.216152 0.000132 0.258791
1 4 0.052547 0.436534 0.190139 0.000141 0.320640
1 4 0.030614 0.402887 0.266356 0.000829 0.299315
1 4 0.031093 0.391186 0.226810 0.000512 0.350399
2 4 0.006884 0.266294 0.514911 0.001251 0.210660
2 4 0.002644 0.167343 0.728166 0.007768 0.094079
2 2 0.001057 0.033313 0.945424 0.005421 0.014784
2 2 0.000599 0.012424 0.966089 0.007755 0.013134
2 2 0.000326 0.060521 0.901691 0.000758 0.036705
2 2 0.007409 0.237496 0.650737 0.001826 0.102532
2 2 0.004005 0.163353 0.576041 0.001487 0.255114
4 4 0.005178 0.258244 0.313026 0.002414 0.421138
4 4 0.013850 0.313531 0.210803 0.000192 0.461624
1 4 0.043472 0.429166 0.218604 0.000095 0.308664
4 4 0.013825 0.334545 0.277709 0.001489 0.372432
4 4 0.007388 0.208115 0.365312 0.001156 0.418029
4 4 0.011436 0.204086 0.155962 0.001495 0.627021
1 4 0.070330 0.451595 0.165285 0.000148 0.312642
4 4 0.042290 0.209586 0.179171 0.006391 0.562562
4 4 0.017332 0.056820 0.037709 0.000131 0.888008
1 4 0.087672 0.489949 0.238045 0.000513 0.183821
1 4 0.067374 0.467259 0.223972 0.000109 0.241285
2 4 0.020838 0.346585 0.504161 0.008555 0.119860
2 4 0.001073 0.110581 0.819195 0.001019 0.068133
2 2 0.000710 0.058277 0.926994 0.001075 0.012944
2 2 0.000112 0.034662 0.942981 0.000762 0.021483
2 2 0.000249 0.023902 0.958012 0.015409 0.002428
2 2 0.000175 0.015386 0.968834 0.011844 0.003761
2 2 0.002028 0.012507 0.977198 0.002237 0.006030
2 2 0.000246 0.019743 0.969010 0.000611 0.010391
2 2 0.000377 0.013159 0.974819 0.006340 0.005305
2 2 0.000386 0.006565 0.920543 0.068355 0.004150
2 2 0.000235 0.004650 0.959256 0.025136 0.010723
2 2 0.000385 0.004142 0.975738 0.017246 0.002489
2 2 0.000238 0.004908 0.985194 0.006934 0.002726
2 2 0.003232 0.007767 0.984570 0.001835 0.002595
2 2 0.000212 0.006475 0.950707 0.040013 0.002593
2 2 0.000651 0.006734 0.955647 0.035923 0.001044
2 2 0.000520 0.011865 0.941737 0.029664 0.016214
2 2 0.006455 0.009801 0.971571 0.001596 0.010576
2 2 0.000273 0.001235 0.969228 0.028262 0.001002
2 2 0.000032 0.000696 0.940260 0.058729 0.000283
2 2 0.000193 0.000874 0.948367 0.049833 0.000733
2 2 0.000698 0.003927 0.960369 0.034557 0.000448
2 2 0.001935 0.007618 0.822393 0.167102 0.000952
2 2 0.001315 0.004545 0.975771 0.014294 0.004075
2 2 0.001070 0.005646 0.921178 0.067058 0.005049
2 2 0.001376 0.006472 0.920797 0.064555 0.006800
2 2 0.000233 0.003341 0.945610 0.050709 0.000107
2 2 0.000154 0.001351 0.781238 0.217165 0.000092
2 2 0.000804 0.005448 0.878792 0.111018 0.003938
2 2 0.000640 0.005243 0.798442 0.193329 0.002346
2 2 0.001545 0.004057 0.950884 0.040318 0.003197
2 2 0.000254 0.001295 0.750610 0.247447 0.000394
2 2 0.000409 0.002531 0.807917 0.188150 0.000993
2 2 0.002094 0.008779 0.596653 0.386145 0.006330
2 2 0.001157 0.004466 0.758241 0.235656 0.000481
2 2 0.000095 0.001141 0.523502 0.474834 0.000427
2 2 0.000744 0.002456 0.617670 0.378917 0.000213
3 2 0.000092 0.000795 0.486406 0.512475 0.000232
2 2 0.003668 0.011455 0.875504 0.101295 0.008079
2 2 0.004072 0.013836 0.596230 0.381826 0.004036
3 2 0.018686 0.014432 0.284965 0.669231 0.012685
0 2 0.567788 0.273018 0.069040 0.000078 0.090076
2 2 0.261796 0.294981 0.408502 0.003933 0.030788
2 2 0.002840 0.011515 0.950981 0.033359 0.001306
2 2 0.000629 0.004529 0.867709 0.126616 0.000516
2 2 0.000444 0.003822 0.910950 0.084671 0.000113
2 2 0.002326 0.004504 0.898870 0.093805 0.000494
2 2 0.000288 0.001437 0.684414 0.313562 0.000299
2 2 0.013346 0.019300 0.883243 0.082706 0.001405
2 2 0.001485 0.012878 0.811259 0.171958 0.002420
2 2 0.001520 0.004904 0.565177 0.427448 0.000951
3 2 0.001211 0.002630 0.276748 0.719014 0.000396
3 2 0.000976 0.003242 0.354957 0.640308 0.000517
3 3 0.001450 0.004529 0.419927 0.573166 0.000928
3 3 0.001939 0.004517 0.203684 0.786899 0.002961
3 3 0.002378 0.003789 0.239018 0.753276 0.001540
3 3 0.000318 0.000524 0.089244 0.909804 0.000109
3 3 0.000312 0.000491 0.101667 0.897304 0.000227
3 3 0.002626 0.001576 0.026906 0.965703 0.003188
3 3 0.002087 0.000752 0.019837 0.975890 0.001433
3 3 0.001073 0.001518 0.059361 0.937067 0.000980
3 3 0.000411 0.000286 0.027788 0.971389 0.000127
3 3 0.001440 0.000561 0.020101 0.977438 0.000461
3 3 0.002273 0.000872 0.028632 0.967242 0.000981
3 3 0.008063 0.003192 0.051419 0.932805 0.004521
3 3 0.004619 0.001243 0.023782 0.968793 0.001563
3 3 0.000765 0.000647 0.030922 0.967015 0.000651
3 3 0.000978 0.000691 0.035966 0.961934 0.000431
3 3 0.000419 0.000401 0.012329 0.986070 0.000781
3 3 0.000593 0.000394 0.016726 0.981811 0.000476
3 3 0.000296 0.000239 0.024036 0.975244 0.000184
3 3 0.000380 0.000254 0.019418 0.979802 0.000145
3 3 0.001274 0.000858 0.019810 0.974393 0.003664
3 3 0.000751 0.000222 0.006318 0.992345 0.000364
3 3 0.002402 0.000845 0.010573 0.984430 0.001750
3 3 0.001445 0.000757 0.014368 0.982057 0.001373
3 3 0.000825 0.000413 0.010631 0.987611 0.000520
3 3 0.000368 0.000216 0.006649 0.991941 0.000826
3 3 0.004204 0.001284 0.017269 0.975220 0.002023
3 3 0.001527 0.000495 0.008549 0.988207 0.001222
3 3 0.001034 0.000248 0.007198 0.991119 0.000403
3 3 0.001612 0.000929 0.016165 0.979973 0.001321
3 3 0.001439 0.000859 0.014723 0.981218 0.001761
3 3 0.001744 0.000384 0.009989 0.987314 0.000568
3 3 0.000522 0.000365 0.011821 0.986772 0.000520
3 3 0.000413 0.000323 0.019663 0.979102 0.000501
3 3 0.001603 0.000562 0.010810 0.984511 0.002515
3 3 0.001075 0.000457 0.005471 0.991661 0.001337
3 3 0.000556 0.000277 0.003738 0.994546 0.000884
3 3 0.000604 0.000383 0.005262 0.992349 0.001402
3 3 0.000419 0.000136 0.005555 0.993682 0.000207
3 3 0.002860 0.001284 0.027230 0.967363 0.001264
3 3 0.000989 0.000255 0.004382 0.993495 0.000880
3 3 0.007890 0.001848 0.025452 0.962733 0.002078
3 3 0.000592 0.000199 0.010029 0.988898 0.000282
3 3 0.004155 0.001884 0.027336 0.963835 0.002791
3 3 0.001116 0.000555 0.008932 0.988301 0.001096
3 3 0.000503 0.000124 0.004670 0.994476 0.000227
3 3 0.001335 0.000653 0.012709 0.984359 0.000944
3 3 0.002080 0.000813 0.015414 0.980511 0.001183
3 3 0.001432 0.000751 0.009055 0.987411 0.001351
3 3 0.004304 0.001080 0.016319 0.976864 0.001433
3 3 0.000907 0.000517 0.009115 0.988664 0.000797
3 3 0.000678 0.000265 0.008020 0.990511 0.000526
3 3 0.003120 0.001210 0.022615 0.971403 0.001651
3 3 0.000769 0.000261 0.009335 0.989275 0.000361
3 3 0.003959 0.001688 0.013913 0.977377 0.003063
3 3 0.000692 0.000275 0.004981 0.992399 0.001653
3 3 0.001211 0.000376 0.005544 0.992082 0.000787
3 3 0.001362 0.000450 0.006937 0.990409 0.000842
3 3 0.002118 0.001375 0.018039 0.974180 0.004288
3 3 0.002765 0.000704 0.017821 0.976295 0.002415
3 3 0.000369 0.000150 0.002895 0.996186 0.000400
3 3 0.001693 0.000629 0.009384 0.987183 0.001111
3 3 0.000936 0.000402 0.005441 0.992428 0.000794
3 3 0.003000 0.001259 0.020959 0.972609 0.002173
3 3 0.005795 0.002808 0.050262 0.938470 0.002665
3 3 0.001535 0.000944 0.020052 0.976201 0.001268
3 3 0.000620 0.000162 0.002706 0.995907 0.000606
3 3 0.000976 0.000332 0.006795 0.991188 0.000709
3 3 0.004230 0.001509 0.011649 0.979415 0.003197
3 3 0.000985 0.000298 0.004381 0.993627 0.000709
3 3 0.000845 0.000324 0.006757 0.991549 0.000524
3 3 0.002021 0.000753 0.011338 0.984621 0.001267
0 2 0.349825 0.149025 0.181373 0.150435 0.169341
2 2 0.137008 0.282003 0.430760 0.095509 0.054720
2 2 0.013597 0.126204 0.797971 0.028876 0.033352
2 2 0.009315 0.028738 0.692946 0.153471 0.115531
2 2 0.002660 0.019218 0.916068 0.020836 0.041218
2 2 0.001560 0.024143 0.906154 0.048001 0.020143
2 2 0.011941 0.059095 0.876177 0.027294 0.025493
2 2 0.010801 0.042552 0.845627 0.063541 0.037479
2 2 0.003007 0.008606 0.965664 0.020081 0.002641
2 2 0.000740 0.012161 0.946784 0.038359 0.001956
2 2 0.002188 0.004376 0.984415 0.004879 0.004142
2 2 0.000475 0.017299 0.967313 0.010431 0.004483
2 2 0.003469 0.008368 0.977138 0.004994 0.006031
2 2 0.003912 0.023180 0.964702 0.000340 0.007866
2 2 0.006440 0.039581 0.907394 0.017228 0.029356
2 2 0.003299 0.014001 0.944182 0.012869 0.025648
2 2 0.003615 0.075744 0.881414 0.000341 0.038886
2 2 0.006303 0.046679 0.900966 0.031129 0.014922
2 2 0.002426 0.006176 0.958000 0.031252 0.002147
2 2 0.003694 0.029600 0.941405 0.013619 0.011682
2 2 0.013273 0.029759 0.937448 0.012716 0.006804
2 2 0.003314 0.017994 0.948091 0.026186 0.004415
2 2 0.001166 0.006701 0.978249 0.011616 0.002267
2 2 0.001909 0.008481 0.815179 0.173577 0.000854
2 2 0.010130 0.040137 0.916508 0.016720 0.016504
2 2 0.028662 0.050278 0.903319 0.012282 0.005458
2 2 0.031029 0.065383 0.779730 0.108186 0.015672
2 2 0.023079 0.099075 0.822519 0.039636 0.015691
2 2 0.005217 0.015787 0.873826 0.100617 0.004554
2 2 0.012533 0.031804 0.898277 0.055388 0.001999
2 2 0.005459 0.025346 0.949408 0.017304 0.002484
2 2 0.000738 0.011292 0.949486 0.037473 0.001011
2 2 0.000156 0.008132 0.974695 0.016597 0.000421
2 2 0.005114 0.008747 0.970266 0.014245 0.001628
2 2 0.001448 0.016960 0.965199 0.006628 0.009765
2 2 0.000975 0.007490 0.966658 0.017067 0.007810
2 2 0.000224 0.004497 0.968971 0.025859 0.000449
2 2 0.000908 0.008309 0.972015 0.017703 0.001066
2 2 0.000172 0.003290 0.969333 0.026735 0.000470
2 2 0.000164 0.002957 0.981525 0.015155 0.000199
2 2 0.001442 0.006857 0.982391 0.004301 0.005008
2 2 0.000066 0.002465 0.977863 0.019318 0.000288
2 2 0.003174 0.005786 0.979035 0.010470 0.001536
2 2 0.000943 0.004171 0.884262 0.110393 0.000231
2 2 0.001440 0.007503 0.970971 0.019081 0.001006
2 2 0.000302 0.004332 0.951367 0.043740 0.000260
2 2 0.000219 0.003268 0.950569 0.045197 0.000746
2 2 0.001983 0.006778 0.971750 0.018540 0.000949
2 2 0.001777 0.004524 0.977496 0.015710 0.000493
2 2 0.000602 0.005610 0.942143 0.051129 0.000517
2 2 0.017766 0.020124 0.943842 0.015936 0.002333
2 2 0.001024 0.006056 0.956871 0.033893 0.002157
2 2 0.001294 0.003586 0.983901 0.010557 0.000662
2 2 0.003743 0.010019 0.893401 0.092262 0.000575
2 2 0.001058 0.026366 0.962934 0.006964 0.002677
2 2 0.000094 0.003121 0.946934 0.049578 0.000273
2 2 0.000460 0.004340 0.982844 0.010528 0.001827
2 2 0.000893 0.011817 0.939079 0.047768 0.000443
2 2 0.000718 0.008845 0.956179 0.033739 0.000519
2 2 0.002471 0.005905 0.808193 0.183161 0.000270
2 2 0.004059 0.014335 0.959135 0.020926 0.001544
2 2 0.001263 0.009102 0.964867 0.023313 0.001456
2 2 0.000211 0.006228 0.976003 0.016848 0.000710
2 2 0.000323 0.001912 0.940028 0.057482 0.000256
2 2 0.001107 0.011378 0.953861 0.029818 0.003836
2 2 0.006573 0.021195 0.964204 0.004595 0.003433
2 2 0.013537 0.024656 0.917118 0.041047 0.003642
2 2 0.064292 0.071636 0.831357 0.022482 0.010233
2 2 0.010629 0.046439 0.874429 0.065759 0.002744
2 2 0.002835 0.016090 0.927276 0.052019 0.001780
2 2 0.007371 0.017583 0.861177 0.111357 0.002513
2 2 0.003485 0.122473 0.848028 0.001247 0.024767
4 4 0.015991 0.328785 0.259287 0.000974 0.394962
1 4 0.043020 0.424035 0.295851 0.000401 0.236693
4 4 0.025611 0.350037 0.159750 0.000020 0.464583
1 4 0.078697 0.456461 0.156327 0.000029 0.308485
1 4 0.045709 0.437989 0.233582 0.001228 0.281493
1 4 0.037299 0.417123 0.312786 0.005637 0.227154
4 4 0.028205 0.369860 0.176220 0.001701 0.424014
1 4 0.098430 0.483126 0.173636 0.000251 0.244558
1 4 0.163027 0.501614 0.151738 0.000058 0.183564
1 4 0.083282 0.444361 0.130882 0.000005 0.341470
0 0 0.576152 0.291866 0.057227 0.000037 0.074717
1 1 0.315539 0.448735 0.072220 0.000003 0.163502
1 1 0.198654 0.506688 0.183692 0.000677 0.110289
1 2 0.102000 0.483299 0.168304 0.000036 0.246360
2 2 0.020584 0.298043 0.606247 0.001549 0.073577
2 2 0.007436 0.187841 0.760301 0.003798 0.040625
2 2 0.002154 0.143519 0.772925 0.009538 0.071864
2 4 0.002250 0.117357 0.766108 0.002051 0.112234
4 4 0.022979 0.282838 0.084740 0.000008 0.609435
4 4 0.011652 0.046346 0.055113 0.001297 0.885592
4 4 0.059699 0.372530 0.089436 0.000002 0.478333
4 4 0.028104 0.032331 0.021267 0.000003 0.918295
4 4 0.087682 0.009175 0.004111 0.000000 0.899032
4 4 0.155895 0.007026 0.002887 0.000000 0.834192
4 4 0.295621 0.006648 0.001967 0.000000 0.695764
4 4 0.367366 0.002972 0.001860 0.000000 0.627801
1 4 0.038474 0.396959 0.169838 0.000078 0.394652
4 4 0.036020 0.381925 0.154991 0.000026 0.427038
4 4 0.012572 0.228250 0.093290 0.000105 0.665783
4 4 0.020434 0.040290 0.043814 0.000739 0.894724
4 4 0.011417 0.281756 0.159762 0.000596 0.546469
4 4 0.024950 0.148691 0.102398 0.000311 0.723650
4 4 0.012962 0.290798 0.157201 0.000221 0.538817
4 4 0.019272 0.303790 0.153669 0.000156 0.523112
4 4 0.027248 0.080470 0.042958 0.000060 0.849264
4 4 0.041434 0.262252 0.061550 0.000003 0.634761
4 4 0.020397 0.089265 0.039132 0.000236 0.850971
4 4 0.009908 0.004928 0.005649 0.000005 0.979509
4 4 0.043595 0.042363 0.024568 0.000030 0.889444
4 4 0.065887 0.055442 0.024285 0.000035 0.854351
4 4 0.026392 0.325232 0.116453 0.000095 0.531829
1 4 0.088164 0.466896 0.157317 0.000181 0.287442
4 4 0.020557 0.146125 0.102358 0.001155 0.729805
4 4 0.048068 0.382717 0.118912 0.000002 0.450300
4 4 0.028598 0.122892 0.040663 0.000012 0.807835
4 4 0.030681 0.018495 0.029084 0.000579 0.921161
4 4 0.098969 0.004954 0.006554 0.000010 0.889513
4 4 0.209694 0.051972 0.010782 0.000001 0.727551
4 4 0.063579 0.275616 0.057472 0.000001 0.603332
4 4 0.033900 0.100130 0.051601 0.000028 0.814340
4 4 0.048120 0.376706 0.111838 0.000029 0.463307
4 4 0.054883 0.128171 0.051300 0.000027 0.765619
4 4 0.110497 0.028101 0.010913 0.000003 0.850487
4 4 0.104859 0.025747 0.008591 0.000001 0.860802
4 4 0.137165 0.043265 0.008615 0.000000 0.810955
4 4 0.125465 0.014379 0.008587 0.000003 0.851566
4 4 0.016160 0.321927 0.187977 0.000145 0.473791
4 4 0.030031 0.340562 0.121752 0.000006 0.507649
4 4 0.012938 0.264947 0.115945 0.000059 0.606110
4 4 0.014860 0.213312 0.142412 0.000425 0.628991
4 4 0.041881 0.224789 0.108493 0.000145 0.624693
4 4 0.008116 0.264659 0.184959 0.001412 0.540854
4 4 0.006488 0.224648 0.227718 0.000915 0.540232
4 4 0.006260 0.267915 0.288810 0.001182 0.435834
4 4 0.010249 0.062330 0.086193 0.000974 0.840253
4 4 0.025515 0.323388 0.118238 0.000008 0.532852
4 4 0.005799 0.255730 0.291891 0.000249 0.446332
4 4 0.009273 0.297059 0.282623 0.001156 0.409890
4 4 0.025912 0.378287 0.212691 0.000815 0.382296
4 4 0.017987 0.209791 0.219047 0.001530 0.551645
4 4 0.010974 0.241089 0.100722 0.000063 0.647152
4 4 0.018575 0.285587 0.113327 0.000079 0.582431
2 4 0.005216 0.257389 0.379930 0.007805 0.349661
2 4 0.008662 0.300293 0.363594 0.001169 0.326283
4 4 0.006003 0.254065 0.253168 0.000160 0.486604
4 4 0.011436 0.312629 0.292660 0.000711 0.382565
4 4 0.008745 0.276211 0.226214 0.000158 0.488671
4 4 0.012083 0.314409 0.230021 0.000908 0.442580
4 4 0.023475 0.067137 0.037526 0.000049 0.871813
4 4 0.036749 0.056794 0.026393 0.000013 0.880051
4 4 0.011626 0.299395 0.198131 0.000550 0.490297
4 4 0.012570 0.201308 0.205612 0.001014 0.579497
4 4 0.013607 0.142248 0.168360 0.000532 0.675252
4 4 0.004425 0.220855 0.198347 0.000724 0.575650
4 4 0.008605 0.276290 0.215371 0.000296 0.499437
4 4 0.006378 0.266462 0.280942 0.000713 0.445505
2 4 0.000868 0.133805 0.683684 0.004563 0.177080
2 2 0.001321 0.150741 0.658404 0.000350 0.189185
2 2 0.001981 0.192760 0.539323 0.004656 0.261280
2 2 0.002286 0.045477 0.847219 0.001971 0.103046
2 2 0.002500 0.130121 0.759734 0.001426 0.106219
2 2 0.009778 0.245844 0.658771 0.000829 0.084778
2 2 0.000198 0.053509 0.896946 0.000146 0.049201
2 2 0.000076 0.029254 0.951271 0.001073 0.018326
2 2 0.000218 0.011106 0.978621 0.000406 0.009649
2 2 0.000046 0.009077 0.987208 0.000668 0.003001
2 2 0.000138 0.032344 0.900463 0.000001 0.067054
2 2 0.000314 0.034098 0.948824 0.000424 0.016340
2 2 0.000700 0.009336 0.980339 0.000078 0.009548
2 2 0.000079 0.001447 0.991705 0.002079 0.004690
2 2 0.000362 0.007530 0.972264 0.000330 0.019514
2 2 0.000057 0.001680 0.989041 0.002830 0.006392
2 2 0.000641 0.010659 0.980790 0.002492 0.005417
2 2 0.000131 0.012802 0.976262 0.000108 0.010697
2 2 0.000035 0.004643 0.979248 0.013608 0.002465
2 2 0.000561 0.002837 0.988311 0.001051 0.007240
2 2 0.000227 0.008368 0.982989 0.004711 0.003706
2 2 0.000046 0.001561 0.983346 0.013590 0.001457
2 2 0.000276 0.002477 0.981835 0.009957 0.005456
2 2 0.000242 0.001928 0.985590 0.010218 0.002023
2 2 0.000078 0.002407 0.946748 0.047814 0.002953
2 2 0.000074 0.002599 0.993352 0.001286 0.002691
2 2 0.000024 0.002195 0.975802 0.021149 0.000831
2 2 0.000049 0.002043 0.978424 0.018671 0.000812
2 2 0.000072 0.000698 0.965868 0.032897 0.000465
2 2 0.000090 0.001084 0.932325 0.064843 0.001659
2 2 0.000054 0.001340 0.922371 0.075688 0.000547
2 2 0.001218 0.005631 0.950282 0.002100 0.040770
2 2 0.000418 0.001742 0.969401 0.027819 0.000620
2 2 0.000057 0.000530 0.907246 0.091678 0.000489
2 2 0.002883 0.013960 0.939431 0.013572 0.030154
2 2 0.039929 0.233780 0.692932 0.010164 0.023195
2 2 0.001517 0.041017 0.941040 0.000099 0.016327
2 2 0.000433 0.014611 0.973665 0.002656 0.008635
2 2 0.000004 0.001506 0.995108 0.002169 0.001213
2 2 0.002183 0.010938 0.981517 0.001251 0.004110
2 2 0.000024 0.011872 0.983691 0.000070 0.004344
2 2 0.000102 0.006303 0.985067 0.000292 0.008236
2 2 0.000972 0.008430 0.987996 0.001123 0.001478
2 2 0.000268 0.003978 0.962376 0.031228 0.002150
2 2 0.001973 0.016068 0.975510 0.001395 0.005054
2 2 0.001307 0.012744 0.969771 0.001506 0.014672
2 2 0.000028 0.002894 0.988947 0.006630 0.001501
2 2 0.000316 0.008139 0.980021 0.002063 0.009460
2 2 0.000054 0.007329 0.989303 0.001181 0.002133
2 2 0.000255 0.002555 0.987128 0.006282 0.003780
2 2 0.000038 0.004025 0.989061 0.006357 0.000518
2 2 0.000795 0.004800 0.988764 0.001342 0.004299
2 2 0.000884 0.004663 0.979704 0.007067 0.007682
2 2 0.001395 0.010873 0.979407 0.000136 0.008189
2 2 0.000143 0.006195 0.960625 0.031852 0.001185
2 2 0.000813 0.003945 0.946869 0.046650 0.001722
2 2 0.000791 0.003650 0.980959 0.014132 0.000468
2 2 0.000027 0.000823 0.876930 0.122101 0.000118
2 2 0.000246 0.001840 0.895993 0.101001 0.000921
2 2 0.000289 0.002379 0.885445 0.111741 0.000145
2 2 0.000678 0.010690 0.942709 0.041649 0.004274
2 2 0.001498 0.005116 0.830329 0.160761 0.002296
2 2 0.000145 0.003434 0.735688 0.253984 0.006750
2 2 0.000228 0.001365 0.539855 0.456629 0.001924
2 2 0.000787 0.006556 0.540292 0.450142 0.002224
2 3 0.000432 0.001989 0.729012 0.265614 0.002953
3 3 0.000030 0.000631 0.490520 0.508567 0.000253
3 3 0.000038 0.000426 0.301428 0.697978 0.000130
2 3 0.002601 0.012682 0.534231 0.429229 0.021257
2 3 0.004302 0.011253 0.550719 0.418678 0.015047
3 3 0.000651 0.001887 0.261679 0.734245 0.001539
3 3 0.002514 0.005814 0.277970 0.710242 0.003460
3 3 0.002898 0.013649 0.415544 0.549313 0.018597
3 3 0.004060 0.008912 0.302192 0.671274 0.013562
3 3 0.001443 0.003376 0.138955 0.850447 0.005779
3 3 0.005321 0.011376 0.351414 0.616963 0.014926
3 3 0.000835 0.003314 0.190879 0.795610 0.009363
3 3 0.001388 0.002415 0.116234 0.878177 0.001786
3 3 0.003048 0.009582 0.415425 0.554090 0.017855
3 3 0.002362 0.004494 0.158887 0.830978 0.003278
3 3 0.000798 0.003825 0.333090 0.655546 0.006740
3 3 0.000654 0.004280 0.287601 0.702776 0.004689
3 3 0.002819 0.005636 0.122749 0.862776 0.006020
3 3 0.000979 0.005365 0.200409 0.786369 0.006878
3 3 0.000745 0.002138 0.232250 0.763711 0.001157
3 3 0.000770 0.002235 0.112872 0.882586 0.001537
3 3 0.000940 0.001750 0.108132 0.886593 0.002585
2 3 0.002805 0.013931 0.609629 0.360432 0.013203
3 3 0.001986 0.002940 0.188381 0.803664 0.003029
2 3 0.002729 0.009727 0.677579 0.274700 0.035265
2 3 0.000833 0.003375 0.532266 0.462406 0.001120
2 3 0.000485 0.004111 0.616141 0.375036 0.004227
2 3 0.005897 0.017957 0.611644 0.360125 0.004377
2 2 0.006815 0.034467 0.849066 0.086969 0.022683
2 2 0.003910 0.039776 0.928661 0.024305 0.003348
2 2 0.004978 0.037360 0.918476 0.034655 0.004532
2 2 0.000102 0.001460 0.950251 0.047150 0.001037
2 2 0.000151 0.008312 0.958440 0.031469 0.001628
2 2 0.000127 0.004405 0.924527 0.070002 0.000938
2 2 0.000407 0.023453 0.891290 0.075993 0.008857
2 2 0.004354 0.129918 0.839380 0.002559 0.023789
2 2 0.003599 0.094597 0.802515 0.028462 0.070826
4 1 0.251065 0.211019 0.157418 0.000245 0.380253
1 2 0.059901 0.464265 0.249354 0.000271 0.226208
2 2 0.002420 0.194440 0.576767 0.001934 0.224439
2 2 0.003687 0.181168 0.677078 0.024090 0.113979
1 4 0.022510 0.372983 0.359435 0.000221 0.244851
2 4 0.017160 0.356561 0.373961 0.002137 0.250181
4 4 0.012410 0.299476 0.190460 0.001043 0.496611
1 4 0.038173 0.409570 0.200188 0.000907 0.351162
4 4 0.035242 0.336174 0.257861 0.001743 0.368981
4 4 0.022230 0.244408 0.214284 0.005888 0.513191
4 4 0.028268 0.374892 0.185188 0.000023 0.411629
4 4 0.005994 0.251447 0.263140 0.001223 0.478196
4 4 0.017441 0.314429 0.154035 0.000194 0.513901
1 4 0.092076 0.448025 0.124293 0.000008 0.335598
1 4 0.094959 0.475834 0.163189 0.000177 0.265840
4 4 0.048696 0.190851 0.108222 0.000250 0.651981
1 4 0.025101 0.393050 0.281217 0.000437 0.300195
1 4 0.018131 0.357849 0.272905 0.000437 0.350678
1 4 0.044095 0.431926 0.246005 0.000782 0.277192
1 4 0.019459 0.364782 0.257346 0.001714 0.356699
2 4 0.009705 0.294532 0.497651 0.004558 0.193554
2 4 0.005150 0.259202 0.392516 0.005938 0.337194
4 4 0.031723 0.364404 0.146307 0.000081 0.457485
4 4 0.015900 0.154863 0.136962 0.000201 0.692074
4 4 0.075383 0.287906 0.169202 0.001626 0.465883
1 4 0.051402 0.431906 0.184049 0.000466 0.332178
1 4 0.032454 0.399644 0.268177 0.000645 0.299081
1 4 0.029676 0.385847 0.199690 0.000020 0.384767
1 4 0.058255 0.420690 0.143868 0.000005 0.377182
1 4 0.069795 0.473721 0.240258 0.001625 0.214601
1 4 0.062421 0.450625 0.186065 0.000144 0.300745
4 4 0.027682 0.337392 0.126412 0.000030 0.508484
4 4 0.077256 0.236451 0.072951 0.000019 0.613323
1 4 0.161411 0.401164 0.081474 0.000013 0.355939
1 1 0.056925 0.450356 0.207899 0.000071 0.284749
4 2 0.014961 0.322110 0.198192 0.000216 0.464520
4 4 0.027664 0.360155 0.160210 0.000334 0.451637
4 4 0.041775 0.256498 0.158136 0.002093 0.541498
4 4 0.052143 0.171370 0.059909 0.000103 0.716475
4 4 0.042070 0.150163 0.078223 0.000822 0.728721
4 4 0.029421 0.231977 0.136694 0.000148 0.601760
4 4 0.015437 0.316265 0.178302 0.000224 0.489771
4 4 0.010482 0.242523 0.106908 0.000078 0.640010
4 4 0.038792 0.326859 0.127615 0.000082 0.506652
4 4 0.141756 0.061669 0.013344 0.000003 0.783228
4 4 0.263877 0.026468 0.008746 0.000001 0.700909
4 4 0.270216 0.182021 0.055755 0.000076 0.491933
4 4 0.050600 0.078518 0.039727 0.000045 0.831111
0 4 0.564745 0.157749 0.049412 0.000019 0.228075
4 4 0.068134 0.349405 0.065011 0.000002 0.517449
4 4 0.041692 0.062615 0.026804 0.000008 0.868881
4 4 0.088468 0.196162 0.055047 0.000078 0.660245
4 4 0.286697 0.023060 0.012863 0.000029 0.677351
4 4 0.203043 0.067320 0.010468 0.000000 0.719168
4 4 0.076479 0.022691 0.005248 0.000000 0.895582
4 4 0.169137 0.003609 0.004596 0.000020 0.822638
4 4 0.051143 0.006662 0.007690 0.000070 0.934435
4 4 0.058803 0.014055 0.006686 0.000003 0.920453
4 4 0.097268 0.020910 0.012883 0.000027 0.868911
4 4 0.096899 0.080755 0.015468 0.000000 0.806878
4 4 0.040552 0.035543 0.014110 0.000002 0.909794
4 4 0.145446 0.084353 0.014004 0.000000 0.756196
4 4 0.047703 0.372276 0.108055 0.000036 0.471929
4 4 0.041155 0.184777 0.083570 0.000072 0.690426
4 4 0.365833 0.159656 0.005784 0.000000 0.468727
4 4 0.047873 0.015351 0.014197 0.000113 0.922466
4 4 0.054571 0.058622 0.021450 0.000023 0.865334
4 4 0.061727 0.044894 0.025988 0.000263 0.867128
4 4 0.030877 0.013282 0.009850 0.000016 0.945975
4 4 0.129483 0.054906 0.016936 0.000006 0.798669
4 4 0.075126 0.047344 0.007273 0.000000 0.870256
4 4 0.307597 0.014189 0.009511 0.000011 0.668693
4 4 0.015352 0.093815 0.023248 0.000001 0.867585
4 4 0.046663 0.020088 0.012979 0.000001 0.920269
4 4 0.046291 0.070692 0.045146 0.000071 0.837800
4 4 0.038823 0.305986 0.068559 0.000003 0.586629
4 4 0.024826 0.255546 0.169506 0.000227 0.549895
4 4 0.025729 0.341470 0.141547 0.000019 0.491234
4 4 0.012400 0.287485 0.190820 0.000142 0.509153
4 4 0.021985 0.350036 0.182328 0.000083 0.445567
4 4 0.025148 0.177625 0.084749 0.000162 0.712316
4 4 0.012060 0.042767 0.036898 0.000164 0.908110
4 4 0.024535 0.367900 0.234385 0.000623 0.372558
1 1 0.056319 0.425099 0.155568 0.000008 0.363006
4 1 0.011215 0.252787 0.115234 0.000038 0.620725
4 4 0.012069 0.282108 0.151950 0.000218 0.553656
4 4 0.012964 0.299286 0.183818 0.000723 0.503209
1 4 0.041056 0.427929 0.232270 0.000376 0.298369
4 4 0.002781 0.213227 0.371472 0.000793 0.411727
2 4 0.005467 0.267497 0.386585 0.006897 0.333554
