0 0 0.932874 0.051742 0.012914 0.000280 0.002189
0 0 0.972239 0.019300 0.006054 0.000303 0.002104
0 0 0.981438 0.009255 0.005291 0.001328 0.002688
0 0 0.914206 0.031914 0.029341 0.019590 0.004949
0 0 0.990457 0.003628 0.002657 0.002083 0.001175
0 0 0.982645 0.009280 0.004751 0.000939 0.002384
0 0 0.992676 0.003663 0.001690 0.000361 0.001610
0 0 0.992313 0.003452 0.001890 0.000619 0.001725
0 0 0.980315 0.012048 0.004036 0.000224 0.003377
0 0 0.986487 0.007937 0.002756 0.000201 0.002618
0 0 0.996081 0.001675 0.000435 0.000024 0.001785
0 0 0.998123 0.000471 0.000272 0.000195 0.000939
0 0 0.968805 0.019052 0.006894 0.000368 0.004881
0 0 0.870248 0.096396 0.022609 0.000200 0.010547
0 0 0.956835 0.028085 0.009238 0.000338 0.005505
0 0 0.962021 0.025118 0.007869 0.000275 0.004717
0 0 0.661745 0.275231 0.036000 0.000035 0.026989
0 0 0.868131 0.095328 0.020088 0.000115 0.016339
0 0 0.910562 0.072217 0.006369 0.000005 0.010847
0 0 0.887866 0.087628 0.009018 0.000009 0.015479
0 0 0.767922 0.195467 0.019683 0.000013 0.016915
0 0 0.635133 0.296740 0.048522 0.000090 0.019516
0 0 0.544331 0.335791 0.093102 0.000534 0.026243
0 0 0.557163 0.329617 0.087487 0.000462 0.025271
0 0 0.489897 0.344892 0.143810 0.002474 0.018927
1 0 0.352644 0.505199 0.129251 0.000565 0.012340
0 0 0.639612 0.259129 0.078014 0.000676 0.022569
0 0 0.766657 0.175994 0.040174 0.000229 0.016946
0 0 0.912736 0.065325 0.012149 0.000068 0.009722
0 0 0.672374 0.277854 0.030636 0.000022 0.019114
1 0 0.420550 0.500663 0.057232 0.000029 0.021526
0 0 0.472719 0.450337 0.044991 0.000015 0.031937
1 0 0.330476 0.543602 0.087000 0.000072 0.038850
1 0 0.340788 0.497911 0.129010 0.000408 0.031883
1 0 0.322087 0.577557 0.063807 0.000020 0.036529
1 0 0.310812 0.601549 0.048523 0.000006 0.039110
1 0 0.339799 0.552256 0.087203 0.000088 0.020654
0 0 0.754765 0.137782 0.049087 0.000817 0.057548
0 0 0.667718 0.269072 0.045881 0.000104 0.017226
1 0 0.322455 0.604411 0.052329 0.000011 0.020794
1 0 0.321821 0.582144 0.061610 0.000018 0.034407
1 0 0.322231 0.578994 0.063237 0.000020 0.035519
1 0 0.326712 0.573024 0.068508 0.000028 0.031728
1 0 0.345293 0.521765 0.084250 0.000068 0.048623
0 0 0.768654 0.175034 0.039215 0.000213 0.016884
0 0 0.647134 0.259904 0.073049 0.000564 0.019349
1 1 0.272329 0.585178 0.095535 0.000027 0.046931
1 1 0.253748 0.582453 0.112434 0.000031 0.051334
1 1 0.145901 0.600759 0.067322 0.000013 0.186005
1 2 0.119534 0.584588 0.060788 0.000008 0.235081
1 2 0.045959 0.560840 0.215080 0.000952 0.177169
1 2 0.053480 0.538253 0.259295 0.000588 0.148383
1 2 0.075727 0.514903 0.297460 0.000005 0.111905
1 2 0.051971 0.583751 0.247640 0.000002 0.116636
2 2 0.011554 0.237775 0.716574 0.000007 0.034090
2 2 0.019774 0.200503 0.668569 0.000036 0.111119
2 2 0.014922 0.175890 0.715823 0.000030 0.093335
2 2 0.026111 0.194693 0.677270 0.000139 0.101787
2 2 0.023299 0.115096 0.813374 0.003272 0.044959
2 2 0.003417 0.081394 0.900657 0.001855 0.012676
2 2 0.003517 0.029658 0.952555 0.006644 0.007626
2 2 0.021020 0.103549 0.851806 0.005640 0.017986
2 2 0.010169 0.147740 0.767470 0.000021 0.074601
2 2 0.007104 0.104181 0.842071 0.000084 0.046560
2 2 0.001612 0.036094 0.946813 0.002395 0.013086
2 2 0.001244 0.018843 0.973945 0.001454 0.004513
2 2 0.000077 0.003736 0.995319 0.000249 0.000619
2 2 0.000147 0.003945 0.992775 0.002521 0.000611
2 2 0.000300 0.006059 0.988938 0.003665 0.001038
2 2 0.000548 0.008698 0.984109 0.005022 0.001623
2 2 0.000213 0.009306 0.950499 0.038431 0.001550
2 2 0.000145 0.007614 0.965131 0.025735 0.001375
2 2 0.000952 0.010222 0.874636 0.105839 0.008350
2 2 0.000889 0.026008 0.899696 0.067056 0.006351
2 2 0.000260 0.010067 0.863511 0.121217 0.004946
2 2 0.000242 0.008227 0.834461 0.156009 0.001061
3 3 0.000060 0.001327 0.329622 0.668796 0.000195
3 3 0.000031 0.001034 0.353738 0.645053 0.000143
3 3 0.000081 0.001135 0.311386 0.687253 0.000145
3 3 0.000058 0.001772 0.362503 0.635409 0.000258
3 3 0.000084 0.001743 0.355357 0.642544 0.000272
3 3 0.000112 0.004627 0.461174 0.533279 0.000807
3 3 0.000021 0.000937 0.250213 0.748418 0.000412
3 3 0.000003 0.000539 0.187818 0.811550 0.000089
3 3 0.000008 0.000436 0.203083 0.796341 0.000131
3 3 0.000011 0.000562 0.185096 0.814206 0.000126
3 3 0.000003 0.000145 0.097962 0.901877 0.000013
3 3 0.000002 0.000071 0.066094 0.933830 0.000004
3 3 0.000001 0.000095 0.057488 0.942402 0.000015
3 3 0.000007 0.000134 0.046104 0.953735 0.000020
3 3 0.000002 0.000051 0.025124 0.974816 0.000007
3 3 0.000004 0.000065 0.031658 0.968262 0.000011
3 3 0.000002 0.000084 0.065741 0.934164 0.000008
3 3 0.000002 0.000094 0.059803 0.940094 0.000006
3 3 0.000002 0.000087 0.048574 0.951327 0.000010
3 3 0.000001 0.000058 0.047817 0.952116 0.000007
3 3 0.000004 0.000121 0.044811 0.955038 0.000026
3 3 0.000004 0.000113 0.054620 0.945237 0.000027
3 3 0.000000 0.000016 0.028566 0.971416 0.000001
3 3 0.000000 0.000016 0.030888 0.969094 0.000001
3 3 0.000000 0.000025 0.031147 0.968825 0.000002
3 3 0.000001 0.000057 0.044298 0.955638 0.000006
3 3 0.000000 0.000014 0.020830 0.979154 0.000001
3 3 0.000000 0.000008 0.007883 0.992107 0.000001
3 3 0.000001 0.000022 0.013146 0.986827 0.000003
3 3 0.000000 0.000014 0.019074 0.980911 0.000001
3 3 0.000002 0.000053 0.023412 0.976527 0.000006
3 3 0.000002 0.000067 0.043651 0.956273 0.000007
3 3 0.000000 0.000009 0.008048 0.991941 0.000001
3 3 0.000000 0.000013 0.010349 0.989636 0.000002
3 3 0.000002 0.000054 0.023946 0.975990 0.000008
3 3 0.000000 0.000011 0.014446 0.985541 0.000001
3 3 0.000002 0.000039 0.019915 0.980040 0.000004
3 3 0.000001 0.000028 0.024386 0.975583 0.000002
3 3 0.000000 0.000008 0.010148 0.989843 0.000001
3 3 0.000000 0.000007 0.007956 0.992036 0.000001
3 3 0.000000 0.000014 0.014367 0.985617 0.000001
3 3 0.000001 0.000022 0.013792 0.986182 0.000003
3 3 0.000003 0.000033 0.009555 0.990401 0.000009
3 3 0.000002 0.000042 0.012973 0.986973 0.000010
3 3 0.000000 0.000012 0.011615 0.988371 0.000001
3 3 0.000000 0.000022 0.024570 0.975406 0.000002
3 3 0.000001 0.000025 0.014136 0.985835 0.000003
3 3 0.000001 0.000017 0.006772 0.993207 0.000003
3 3 0.000000 0.000007 0.010241 0.989751 0.000001
3 3 0.000000 0.000011 0.010546 0.989441 0.000002
3 3 0.000001 0.000013 0.006853 0.993131 0.000002
3 3 0.000001 0.000010 0.006452 0.993536 0.000001
3 3 0.000002 0.000028 0.012056 0.987909 0.000005
3 3 0.000000 0.000014 0.011103 0.988881 0.000002
3 3 0.000001 0.000022 0.019451 0.980524 0.000002
3 3 0.000001 0.000013 0.011895 0.988090 0.000001
3 3 0.000001 0.000011 0.005073 0.994913 0.000002
3 3 0.000001 0.000005 0.002470 0.997523 0.000001
3 3 0.000001 0.000013 0.009992 0.989993 0.000002
3 3 0.000001 0.000029 0.017083 0.982883 0.000003
3 3 0.000000 0.000008 0.005506 0.994485 0.000001
3 3 0.000000 0.000009 0.006172 0.993819 0.000001
3 3 0.000000 0.000008 0.005449 0.994542 0.000001
3 3 0.000000 0.000007 0.004417 0.995575 0.000001
3 3 0.000001 0.000018 0.007081 0.992895 0.000005
3 3 0.000001 0.000013 0.007064 0.992920 0.000002
3 3 0.000000 0.000011 0.007291 0.992697 0.000001
3 3 0.000000 0.000006 0.003622 0.996371 0.000001
3 3 0.000001 0.000009 0.004532 0.995456 0.000001
3 3 0.000001 0.000011 0.003821 0.996166 0.000002
3 3 0.000001 0.000010 0.003962 0.996025 0.000002
3 3 0.000001 0.000012 0.004602 0.995383 0.000002
3 3 0.000000 0.000007 0.004672 0.995321 0.000000
3 3 0.000000 0.000006 0.003152 0.996840 0.000001
3 3 0.000002 0.000025 0.005229 0.994737 0.000007
3 3 0.000001 0.000014 0.003607 0.996374 0.000004
3 3 0.000000 0.000009 0.005532 0.994458 0.000001
3 3 0.000001 0.000009 0.003885 0.996104 0.000001
3 3 0.000000 0.000007 0.007683 0.992309 0.000001
3 3 0.000000 0.000004 0.004974 0.995022 0.000000
3 3 0.000001 0.000012 0.003587 0.996399 0.000002
3 3 0.000001 0.000014 0.005255 0.994728 0.000002
3 3 0.000001 0.000008 0.001701 0.998289 0.000002
3 3 0.000001 0.000007 0.001136 0.998854 0.000002
3 3 0.000002 0.000022 0.005968 0.994003 0.000005
3 3 0.000001 0.000027 0.006909 0.993057 0.000006
3 3 0.000000 0.000005 0.001730 0.998264 0.000001
3 3 0.000002 0.000015 0.002134 0.997846 0.000003
3 3 0.000016 0.000076 0.004186 0.995686 0.000037
3 3 0.000058 0.000164 0.006126 0.993560 0.000092
3 3 0.000000 0.000005 0.001505 0.998489 0.000001
3 3 0.000001 0.000009 0.002183 0.997805 0.000002
3 3 0.000002 0.000017 0.003693 0.996285 0.000003
3 3 0.000001 0.000007 0.001911 0.998078 0.000002
3 3 0.000002 0.000025 0.004690 0.995278 0.000005
3 3 0.000003 0.000023 0.003362 0.996605 0.000007
3 3 0.000002 0.000016 0.003017 0.996960 0.000004
3 3 0.000001 0.000012 0.002297 0.997688 0.000002
3 3 0.000014 0.000060 0.003304 0.996600 0.000022
3 3 0.000013 0.000041 0.002097 0.997832 0.000016
3 3 0.000001 0.000013 0.004087 0.995899 0.000001
3 3 0.000001 0.000018 0.008733 0.991244 0.000003
3 3 0.000002 0.000015 0.002445 0.997535 0.000003
3 3 0.000004 0.000027 0.004602 0.995362 0.000005
3 3 0.000346 0.001130 0.018752 0.978494 0.001278
3 3 0.000687 0.008459 0.176925 0.806621 0.007308
1 2 0.020507 0.371464 0.241736 0.000718 0.365575
1 2 0.048100 0.485074 0.150390 0.000343 0.316093
4 1 0.198039 0.304372 0.134922 0.001771 0.360897
1 2 0.017234 0.396582 0.265404 0.001666 0.319114
1 2 0.016713 0.418523 0.379936 0.000822 0.184007
1 2 0.017937 0.430632 0.319967 0.001090 0.230375
4 2 0.007258 0.294112 0.166175 0.000025 0.532431
4 2 0.005253 0.289453 0.125441 0.000004 0.579848
1 2 0.013874 0.429170 0.263768 0.000209 0.292978
1 2 0.028086 0.450965 0.334875 0.000204 0.185869
1 2 0.020909 0.406534 0.251903 0.000001 0.320654
1 2 0.029590 0.444711 0.177821 0.000001 0.347876
4 2 0.009876 0.313622 0.210835 0.000009 0.465659
4 2 0.008365 0.320612 0.328124 0.000057 0.342841
4 2 0.003911 0.267474 0.251157 0.000073 0.477385
4 2 0.005265 0.270535 0.331528 0.000073 0.392599
2 2 0.005639 0.236739 0.470474 0.000659 0.286489
2 2 0.002509 0.195101 0.573026 0.000162 0.229203
2 2 0.011205 0.377129 0.433355 0.000313 0.177998
2 2 0.009017 0.264049 0.455761 0.000043 0.271129
1 2 0.040045 0.486250 0.320459 0.005277 0.147969
2 2 0.026171 0.376712 0.436618 0.002674 0.157825
2 2 0.006533 0.179077 0.753627 0.007719 0.053043
2 2 0.019006 0.218450 0.600194 0.001904 0.160446
2 2 0.010528 0.180424 0.744945 0.011088 0.053014
2 2 0.005997 0.178377 0.709349 0.008562 0.097715
2 2 0.009936 0.241427 0.663063 0.018389 0.067184
2 2 0.003963 0.172540 0.665495 0.004762 0.153239
2 2 0.013066 0.187477 0.677167 0.000294 0.121996
2 2 0.008085 0.102947 0.843078 0.000233 0.045657
0 0 0.757462 0.113369 0.052662 0.001457 0.075049
1 1 0.326911 0.559320 0.075650 0.000040 0.038079
2 1 0.016679 0.421137 0.460239 0.003474 0.098472
2 2 0.013460 0.321215 0.541690 0.003154 0.120481
1 1 0.054365 0.544532 0.291145 0.001085 0.108873
1 2 0.064454 0.502652 0.241422 0.000496 0.190976
2 2 0.004181 0.114230 0.793149 0.008776 0.079664
2 2 0.003004 0.149223 0.770114 0.027094 0.050566
1 1 0.199491 0.434320 0.213720 0.002008 0.150461
1 1 0.219882 0.553985 0.175422 0.000449 0.050262
2 2 0.014552 0.373822 0.504173 0.022764 0.084689
2 2 0.008270 0.242290 0.633407 0.013522 0.102511
2 2 0.002477 0.065488 0.894279 0.004393 0.033363
2 2 0.001341 0.043252 0.936289 0.000886 0.018231
2 2 0.004026 0.206005 0.706062 0.024429 0.059478
2 2 0.003103 0.146796 0.707129 0.004960 0.138013
2 2 0.002880 0.097892 0.833330 0.002270 0.063628
2 2 0.006077 0.099399 0.831590 0.008310 0.054624
2 2 0.003197 0.146664 0.760396 0.027856 0.061887
2 2 0.001316 0.094765 0.835802 0.020062 0.048055
2 2 0.000682 0.066893 0.832842 0.065803 0.033780
2 2 0.000223 0.032914 0.877001 0.065421 0.024441
2 2 0.025310 0.184040 0.681682 0.003239 0.105729
2 2 0.073849 0.316092 0.548315 0.004581 0.057164
2 2 0.001336 0.068342 0.898634 0.001098 0.030590
2 2 0.000614 0.038740 0.940191 0.001085 0.019370
2 2 0.002954 0.077387 0.886803 0.000009 0.032847
2 2 0.001658 0.057876 0.913375 0.000223 0.026868
2 2 0.001671 0.039472 0.942621 0.001433 0.014802
2 2 0.005085 0.086879 0.867713 0.000424 0.039899
2 2 0.001415 0.061684 0.888179 0.011365 0.037358
2 2 0.001325 0.070978 0.879264 0.002575 0.045858
2 2 0.000179 0.011575 0.950316 0.033815 0.004115
2 2 0.000039 0.006512 0.954147 0.036828 0.002474
2 2 0.008356 0.103405 0.836797 0.001808 0.049634
2 2 0.001789 0.087782 0.855456 0.000194 0.054779
2 2 0.000481 0.037260 0.939118 0.002810 0.020332
2 2 0.003160 0.076337 0.879832 0.001699 0.038973
2 2 0.000076 0.010738 0.915912 0.068341 0.004933
2 2 0.000109 0.012090 0.918674 0.063751 0.005376
2 2 0.000214 0.009162 0.972963 0.015163 0.002496
2 2 0.000778 0.016289 0.960551 0.017849 0.004533
2 2 0.036131 0.214776 0.707214 0.008609 0.033271
2 1 0.090015 0.339028 0.523045 0.008888 0.039024
2 2 0.012511 0.280581 0.647754 0.000137 0.059018
2 2 0.009564 0.214495 0.608797 0.000067 0.167076
2 2 0.003163 0.075515 0.894688 0.000015 0.026619
2 2 0.004519 0.065025 0.906565 0.000155 0.023736
2 2 0.009000 0.063115 0.904195 0.003109 0.020581
2 2 0.007086 0.101613 0.838466 0.001985 0.050850
1 1 0.183996 0.544949 0.113941 0.000065 0.157048
1 2 0.057967 0.497579 0.342887 0.000037 0.101529
2 2 0.004701 0.100650 0.844180 0.000108 0.050362
2 2 0.009015 0.133823 0.790058 0.000054 0.067050
2 2 0.019415 0.186038 0.772987 0.000475 0.021084
2 2 0.014695 0.089669 0.865387 0.002696 0.027554
2 2 0.003238 0.087640 0.893705 0.001696 0.013721
2 2 0.011008 0.092869 0.852364 0.004686 0.039073
2 2 0.012603 0.115229 0.851547 0.002848 0.017773
2 2 0.008668 0.107960 0.861841 0.007104 0.014426
2 2 0.047175 0.383820 0.505424 0.007484 0.056098
2 2 0.049310 0.414215 0.465247 0.002243 0.068984
2 2 0.006574 0.203581 0.732817 0.005701 0.051328
2 2 0.013759 0.156722 0.789247 0.005344 0.034928
2 2 0.005088 0.145201 0.807782 0.014363 0.027567
2 2 0.016941 0.107337 0.832131 0.001424 0.042167
2 2 0.006462 0.057380 0.916019 0.001453 0.018686
2 2 0.006140 0.094748 0.858837 0.000050 0.040224
2 2 0.007545 0.086387 0.870009 0.000616 0.035443
2 2 0.006285 0.054901 0.919553 0.001702 0.017559
2 2 0.002467 0.054056 0.903753 0.027601 0.012123
2 2 0.002897 0.068981 0.876639 0.028512 0.022971
2 2 0.003180 0.050986 0.928345 0.000165 0.017323
2 2 0.004863 0.043016 0.936821 0.002652 0.012648
2 2 0.003060 0.042351 0.913826 0.026617 0.014146
2 2 0.005277 0.067965 0.888447 0.025852 0.012459
2 2 0.000182 0.009314 0.923463 0.066274 0.000767
2 2 0.000214 0.010978 0.921607 0.065915 0.001286
2 2 0.078440 0.313023 0.520134 0.002809 0.085593
2 2 0.021446 0.208067 0.745044 0.005407 0.020035
2 2 0.015909 0.143225 0.773485 0.000198 0.067182
2 2 0.006312 0.149134 0.799557 0.000231 0.044766
2 2 0.000483 0.011976 0.971370 0.013119 0.003052
2 2 0.000055 0.012142 0.977138 0.006735 0.003931
2 2 0.001331 0.031097 0.952173 0.004395 0.011003
2 2 0.000202 0.021131 0.966296 0.002463 0.009909
2 2 0.000062 0.005209 0.992604 0.000888 0.001236
2 2 0.000019 0.002791 0.995076 0.001491 0.000622
2 2 0.000090 0.019858 0.941792 0.025544 0.012716
2 2 0.000256 0.032386 0.931215 0.015233 0.020911
2 2 0.000373 0.027549 0.928173 0.029407 0.014498
2 2 0.000033 0.011762 0.966378 0.014949 0.006879
2 2 0.001053 0.029907 0.910890 0.045740 0.012410
2 2 0.000456 0.022053 0.897743 0.069961 0.009788
2 2 0.002076 0.039844 0.937827 0.005386 0.014867
2 2 0.002803 0.067038 0.890594 0.025282 0.014283
2 2 0.000636 0.016891 0.953040 0.024216 0.005217
2 2 0.001561 0.022118 0.954393 0.015780 0.006148
2 2 0.000083 0.008154 0.958732 0.030185 0.002847
2 2 0.000087 0.007741 0.964776 0.024863 0.002533
2 2 0.003091 0.053658 0.913188 0.007626 0.022435
2 2 0.002417 0.032380 0.934632 0.020070 0.010502
2 2 0.000086 0.016333 0.948822 0.025557 0.009202
2 2 0.000049 0.011346 0.955435 0.027301 0.005869
2 2 0.000067 0.010316 0.839014 0.148180 0.002423
2 2 0.000314 0.014846 0.892757 0.086227 0.005857
2 2 0.000329 0.014647 0.946822 0.033107 0.005094
2 2 0.000191 0.008809 0.972425 0.016279 0.002297
2 2 0.000145 0.017215 0.947378 0.029477 0.005785
2 2 0.000198 0.011871 0.951417 0.032365 0.004149
2 2 0.003903 0.028451 0.947707 0.012861 0.007078
2 2 0.000423 0.013802 0.959793 0.021821 0.004161
2 2 0.000125 0.006127 0.983002 0.009299 0.001446
2 2 0.000107 0.007760 0.969570 0.020202 0.002361
2 2 0.000162 0.009855 0.981970 0.005070 0.002942
2 2 0.000065 0.004375 0.992864 0.001770 0.000926
2 2 0.000283 0.013114 0.953178 0.029041 0.004384
2 2 0.000083 0.009151 0.897084 0.092102 0.001580
2 2 0.000068 0.008753 0.907558 0.081694 0.001927
2 2 0.000197 0.009463 0.767763 0.220701 0.001877
2 3 0.000050 0.010127 0.882002 0.103203 0.004617
2 3 0.000041 0.008923 0.930118 0.056615 0.004303
2 3 0.000080 0.006412 0.884992 0.107714 0.000802
2 3 0.000056 0.009537 0.894108 0.093004 0.003294
2 3 0.000035 0.008051 0.786571 0.203848 0.001495
2 3 0.000136 0.012449 0.916458 0.066671 0.004285
2 3 0.001391 0.037179 0.871056 0.080153 0.010221
2 3 0.000613 0.034891 0.883320 0.076526 0.004650
2 3 0.001505 0.019575 0.959366 0.014537 0.005017
2 3 0.001874 0.025135 0.954105 0.011740 0.007145
2 3 0.000102 0.010408 0.981290 0.004493 0.003706
2 2 0.000313 0.009106 0.978348 0.010078 0.002154
2 2 0.000166 0.011058 0.952508 0.032386 0.003882
2 2 0.000072 0.008732 0.945893 0.041896 0.003408
2 2 0.000045 0.008192 0.908797 0.080343 0.002623
2 2 0.000022 0.007354 0.896054 0.092700 0.003870
2 3 0.000104 0.012891 0.900935 0.079871 0.006199
2 3 0.000033 0.011126 0.922743 0.059332 0.006767
2 3 0.000199 0.014684 0.972096 0.007455 0.005566
2 3 0.000308 0.022853 0.949928 0.016108 0.010804
2 3 0.000072 0.011098 0.835784 0.150031 0.003016
2 3 0.000035 0.012071 0.862515 0.118635 0.006744
2 3 0.000101 0.013314 0.849654 0.133832 0.003098
2 3 0.000072 0.011024 0.859445 0.126057 0.003402
2 3 0.000036 0.006844 0.944817 0.045509 0.002794
2 3 0.000077 0.009816 0.899548 0.088043 0.002517
2 3 0.000219 0.012365 0.950064 0.033133 0.004218
2 3 0.000198 0.010675 0.961193 0.024528 0.003407
2 3 0.000131 0.021745 0.932954 0.031756 0.013414
2 3 0.000410 0.030268 0.913421 0.039045 0.016857
2 3 0.187080 0.136486 0.624529 0.028425 0.023480
2 1 0.079700 0.360064 0.545900 0.002870 0.011466
2 2 0.002081 0.088900 0.881750 0.001385 0.025884
2 2 0.004127 0.098352 0.827593 0.009081 0.060847
2 2 0.000548 0.055779 0.904662 0.001015 0.037996
2 2 0.006872 0.166410 0.696117 0.001718 0.128883
2 2 0.000667 0.021711 0.960919 0.009136 0.007567
2 2 0.000710 0.050807 0.919131 0.000508 0.028844
2 2 0.000714 0.061679 0.902671 0.009266 0.025669
2 2 0.004248 0.104815 0.828241 0.001063 0.061634
2 2 0.000416 0.026337 0.954445 0.006723 0.012078
2 2 0.000484 0.028425 0.934669 0.022509 0.013912
4 4 0.004794 0.248680 0.065542 0.000022 0.680962
4 4 0.007159 0.186023 0.048105 0.000034 0.758679
4 4 0.037960 0.367542 0.074749 0.000006 0.519743
4 4 0.014862 0.315209 0.138279 0.000043 0.531608
4 4 0.016138 0.253146 0.019417 0.000001 0.711298
4 4 0.021071 0.162595 0.022486 0.000005 0.793843
4 4 0.012559 0.098185 0.012945 0.000003 0.876308
4 4 0.005409 0.208621 0.016267 0.000000 0.769702
4 4 0.006098 0.271967 0.088227 0.000013 0.633695
4 4 0.008051 0.286739 0.105039 0.000021 0.600150
4 4 0.016655 0.057367 0.015446 0.000041 0.910490
4 4 0.002205 0.167941 0.029376 0.000009 0.800469
4 4 0.238794 0.070224 0.018071 0.000074 0.672837
0 4 0.456524 0.089161 0.009303 0.000003 0.445010
4 4 0.047441 0.287440 0.011291 0.000000 0.653829
4 4 0.023998 0.112310 0.018489 0.000009 0.845194
4 4 0.021227 0.055928 0.010593 0.000011 0.912241
4 4 0.021564 0.071588 0.013201 0.000011 0.893636
4 4 0.063426 0.005288 0.001515 0.000025 0.929746
4 4 0.018173 0.006662 0.000861 0.000001 0.974303
4 4 0.045762 0.219510 0.015617 0.000000 0.719110
4 4 0.031798 0.282324 0.021934 0.000001 0.663943
0 0 0.934555 0.035137 0.022202 0.005017 0.003089
0 0 0.956706 0.023646 0.013655 0.002615 0.003378
1 0 0.321079 0.537803 0.083105 0.000053 0.057959
1 0 0.312331 0.555933 0.067215 0.000022 0.064499
1 0 0.229734 0.534886 0.127425 0.000239 0.107716
1 0 0.296310 0.566886 0.093031 0.000042 0.043730
1 1 0.104002 0.530739 0.037558 0.000000 0.327701
1 1 0.058657 0.507483 0.053224 0.000000 0.380635
1 1 0.239601 0.574821 0.045637 0.000002 0.139940
1 1 0.263458 0.544209 0.038671 0.000002 0.153659
1 1 0.113486 0.509019 0.055093 0.000007 0.322395
1 1 0.205535 0.420707 0.039093 0.000004 0.334662
1 1 0.296991 0.552940 0.057487 0.000011 0.092572
1 1 0.294279 0.566240 0.050992 0.000007 0.088482
0 0 0.703427 0.187942 0.034957 0.000086 0.073588
1 0 0.291590 0.635247 0.031371 0.000001 0.041791
1 0 0.265839 0.636171 0.022529 0.000000 0.075461
1 1 0.247208 0.617259 0.019172 0.000000 0.116361
4 1 0.115194 0.357046 0.012179 0.000000 0.515581
4 1 0.143962 0.395072 0.009886 0.000000 0.451080
4 2 0.035190 0.417701 0.080802 0.000003 0.466304
4 2 0.038041 0.408480 0.060908 0.000000 0.492571
4 2 0.021589 0.401600 0.110172 0.000003 0.466636
4 2 0.017990 0.398975 0.088356 0.000000 0.494679
4 2 0.030983 0.404585 0.068168 0.000001 0.496263
4 2 0.010227 0.302602 0.101419 0.000005 0.585747
4 2 0.001875 0.231853 0.303915 0.000386 0.461972
4 2 0.002150 0.233100 0.343863 0.000332 0.420556
2 2 0.002068 0.214793 0.459947 0.000273 0.322918
2 2 0.003046 0.201710 0.573095 0.000080 0.222068
2 2 0.001396 0.156997 0.647753 0.000946 0.192908
2 2 0.000984 0.168300 0.617512 0.000024 0.213180
2 2 0.001079 0.080152 0.867986 0.000033 0.050750
2 2 0.000595 0.083639 0.848702 0.000042 0.067023
2 2 0.000158 0.027484 0.957902 0.000052 0.014405
2 2 0.000233 0.062425 0.889112 0.000004 0.048226
2 2 0.000022 0.011471 0.982784 0.000025 0.005697
2 2 0.000693 0.027932 0.962476 0.000015 0.008883
2 2 0.000113 0.026726 0.959333 0.000005 0.013823
2 2 0.000737 0.037684 0.947122 0.000011 0.014446
2 2 0.000323 0.024382 0.967261 0.000001 0.008034
2 2 0.000375 0.014007 0.981984 0.000104 0.003531
2 2 0.000531 0.013656 0.980624 0.001782 0.003407
2 2 0.000304 0.026929 0.960620 0.000194 0.011953
2 2 0.000216 0.014240 0.981698 0.000006 0.003841
2 2 0.000130 0.013582 0.982434 0.000001 0.003853
2 2 0.000308 0.012409 0.980617 0.003160 0.003507
2 2 0.000063 0.005700 0.991339 0.001438 0.001459
2 2 0.000336 0.006989 0.986652 0.004728 0.001295
2 2 0.000520 0.010136 0.985657 0.001640 0.002048
2 2 0.000143 0.039058 0.934649 0.000016 0.026134
2 2 0.001200 0.085211 0.859544 0.000024 0.054022
2 2 0.000018 0.005895 0.983724 0.007912 0.002451
2 2 0.000083 0.010127 0.985402 0.000864 0.003524
2 2 0.000075 0.009741 0.986517 0.000380 0.003286
2 2 0.000007 0.005876 0.967064 0.023615 0.003438
2 2 0.000008 0.001828 0.991129 0.006620 0.000415
2 2 0.000016 0.002733 0.986643 0.009913 0.000695
2 2 0.000014 0.004051 0.965411 0.029031 0.001494
2 2 0.000048 0.006983 0.954577 0.035777 0.002614
2 2 0.000013 0.004683 0.943986 0.049302 0.002016
2 2 0.000052 0.006048 0.969503 0.022457 0.001940
2 2 0.000042 0.006372 0.958849 0.032420 0.002318
2 2 0.000067 0.007278 0.962488 0.027684 0.002483
2 2 0.000177 0.012372 0.942057 0.040717 0.004677
2 2 0.000139 0.013612 0.912370 0.067737 0.006143
2 2 0.000015 0.003997 0.832164 0.160459 0.003365
2 3 0.000022 0.008005 0.845320 0.139925 0.006728
2 3 0.000057 0.002971 0.777199 0.219384 0.000390
2 3 0.000045 0.003249 0.845411 0.150849 0.000446
2 3 0.000165 0.017107 0.878616 0.094380 0.009733
2 3 0.000187 0.009236 0.805136 0.181745 0.003696
2 3 0.000077 0.004608 0.550848 0.442835 0.001632
3 3 0.000064 0.003405 0.447234 0.548473 0.000825
3 3 0.000004 0.000632 0.283478 0.715804 0.000082
3 3 0.000004 0.000909 0.393806 0.605089 0.000192
3 3 0.000012 0.001469 0.330690 0.667502 0.000327
3 3 0.000011 0.001567 0.277604 0.720469 0.000349
3 3 0.000031 0.001533 0.277300 0.720551 0.000585
3 3 0.000021 0.001284 0.257618 0.740732 0.000346
3 3 0.000013 0.001730 0.269752 0.727949 0.000556
3 3 0.000012 0.001555 0.351201 0.646524 0.000708
3 3 0.000124 0.001944 0.218627 0.778660 0.000646
3 3 0.000088 0.000959 0.128679 0.870011 0.000264
2 3 0.000281 0.016344 0.690337 0.278483 0.014555
2 3 0.000262 0.010541 0.683155 0.297589 0.008452
3 3 0.000018 0.000649 0.134498 0.864635 0.000200
3 3 0.000275 0.003580 0.236868 0.758262 0.001015
3 3 0.000016 0.001555 0.317886 0.680281 0.000262
3 3 0.000033 0.002481 0.357630 0.639271 0.000586
3 3 0.000014 0.001106 0.283562 0.714628 0.000690
3 3 0.000058 0.002796 0.343364 0.652838 0.000944
3 3 0.000021 0.000361 0.084897 0.914624 0.000096
3 3 0.000020 0.000379 0.084083 0.915427 0.000091
3 3 0.000041 0.000298 0.043607 0.955965 0.000089
3 3 0.000021 0.000164 0.027712 0.972074 0.000029
2 3 0.000113 0.027361 0.882148 0.068525 0.021854
2 3 0.000022 0.014566 0.905593 0.067538 0.012282
2 3 0.000117 0.022357 0.904856 0.057542 0.015128
2 3 0.000099 0.022011 0.948936 0.014592 0.014362
2 2 0.000562 0.045980 0.909228 0.014170 0.030060
2 2 0.000176 0.039467 0.917341 0.012838 0.030178
2 2 0.000109 0.016662 0.964958 0.009809 0.008462
2 2 0.000086 0.020338 0.959456 0.007424 0.012697
2 2 0.001153 0.024029 0.965937 0.001789 0.007091
2 2 0.000295 0.014960 0.979841 0.000400 0.004504
2 2 0.000034 0.010477 0.979278 0.004891 0.005321
2 2 0.000128 0.020445 0.957885 0.010084 0.011458
2 2 0.000596 0.039719 0.935975 0.002547 0.021163
2 2 0.000242 0.030080 0.952383 0.000812 0.016482
2 2 0.000223 0.008601 0.976621 0.012364 0.002192
2 2 0.000152 0.009729 0.982212 0.004977 0.002930
2 2 0.000072 0.015010 0.970228 0.006780 0.007910
2 2 0.000035 0.011545 0.979810 0.002590 0.006019
2 2 0.002802 0.168385 0.662595 0.000317 0.165902
2 2 0.000515 0.102590 0.776369 0.001408 0.119119
2 2 0.009998 0.285808 0.390459 0.000023 0.313711
4 2 0.063343 0.244244 0.052754 0.000029 0.639630
1 1 0.059613 0.513308 0.250880 0.000563 0.175636
2 1 0.017553 0.373474 0.432294 0.000135 0.176545
4 2 0.013489 0.281951 0.048427 0.000004 0.656128
4 2 0.010715 0.263239 0.042898 0.000010 0.683138
4 4 0.011461 0.137505 0.024565 0.000012 0.826457
4 4 0.007988 0.215391 0.013040 0.000000 0.763581
4 4 0.008738 0.003901 0.000662 0.000002 0.986698
4 4 0.015489 0.005226 0.001030 0.000004 0.978252
4 4 0.023857 0.041509 0.009192 0.000017 0.925425
4 4 0.010973 0.013635 0.003857 0.000023 0.971512
4 4 0.017681 0.017017 0.005230 0.000040 0.960032
4 4 0.008311 0.039121 0.016703 0.000182 0.935683
4 4 0.013821 0.005906 0.001122 0.000003 0.979148
4 4 0.013761 0.005286 0.000958 0.000003 0.979992
4 4 0.017276 0.014850 0.004330 0.000031 0.963513
4 4 0.035135 0.033090 0.003825 0.000001 0.927948
4 4 0.031640 0.291283 0.028462 0.000002 0.648614
4 4 0.016676 0.232769 0.025369 0.000002 0.725184
4 4 0.088700 0.021764 0.003474 0.000004 0.886058
4 4 0.036011 0.033023 0.004832 0.000003 0.926132
4 4 0.012540 0.085056 0.006760 0.000000 0.895643
4 4 0.026779 0.027156 0.004149 0.000003 0.941913
4 4 0.006843 0.009338 0.001745 0.000003 0.982070
4 4 0.012587 0.009664 0.001649 0.000003 0.976097
4 4 0.037237 0.060713 0.008989 0.000005 0.893055
4 4 0.022011 0.088572 0.011884 0.000003 0.877531
4 4 0.004287 0.167280 0.038678 0.000029 0.789726
4 4 0.004394 0.229972 0.043700 0.000015 0.721920
4 4 0.005626 0.037740 0.003200 0.000000 0.953434
4 4 0.009181 0.028644 0.002636 0.000000 0.959539
4 4 0.163710 0.099200 0.015910 0.000015 0.721165
4 4 0.044387 0.021392 0.005497 0.000025 0.928698
4 4 0.025464 0.003064 0.001094 0.000031 0.970347
4 4 0.010238 0.003663 0.000850 0.000005 0.985244
4 4 0.018881 0.024346 0.006976 0.000035 0.949762
4 4 0.010912 0.007164 0.004599 0.000405 0.976920
4 4 0.036601 0.009682 0.002727 0.000023 0.950967
4 4 0.015001 0.011607 0.002005 0.000003 0.971383
4 4 0.017070 0.131653 0.018356 0.000005 0.832916
4 4 0.064900 0.049213 0.011924 0.000032 0.873931
4 4 0.029275 0.003184 0.000614 0.000003 0.966924
4 4 0.007316 0.002360 0.000680 0.000009 0.989634
4 4 0.040381 0.004838 0.002545 0.000199 0.952037
4 4 0.049159 0.006657 0.002459 0.000059 0.941667
4 4 0.086635 0.023172 0.008248 0.000105 0.881841
4 4 0.095507 0.038317 0.011002 0.000060 0.855114
4 4 0.008119 0.162573 0.006528 0.000000 0.822779
4 4 0.023933 0.034829 0.005631 0.000005 0.935603
4 4 0.042726 0.016455 0.004053 0.000018 0.936748
4 4 0.074766 0.081370 0.007046 0.000001 0.836817
4 4 0.036103 0.199794 0.042565 0.000040 0.721498
4 4 0.015269 0.147328 0.041385 0.000073 0.795945
4 4 0.016079 0.056692 0.009478 0.000006 0.917745
4 4 0.012007 0.085865 0.015724 0.000010 0.886394
4 4 0.050822 0.011553 0.002032 0.000004 0.935589
4 4 0.063150 0.009201 0.002142 0.000012 0.925494
4 4 0.189454 0.005487 0.001369 0.000015 0.803675
4 1 0.056864 0.025487 0.001334 0.000000 0.916314
4 2 0.032603 0.260753 0.072675 0.000048 0.633921
4 1 0.210291 0.195186 0.045873 0.000071 0.548579
4 2 0.028676 0.313280 0.050682 0.000004 0.607358
4 2 0.009254 0.292567 0.104653 0.000019 0.593507
4 2 0.005846 0.285506 0.161973 0.000024 0.546651
4 2 0.002953 0.260154 0.251623 0.000042 0.485229
4 2 0.004008 0.261707 0.150301 0.000119 0.583865
4 2 0.004563 0.277772 0.153959 0.000014 0.563692
4 4 0.016895 0.134979 0.018078 0.000004 0.830044
4 4 0.002602 0.219691 0.046379 0.000005 0.731323
4 4 0.021530 0.017316 0.009319 0.000356 0.951480
4 4 0.026175 0.014075 0.003846 0.000024 0.955881
4 4 0.068730 0.171441 0.032442 0.000029 0.727358
4 4 0.197504 0.053681 0.021418 0.000365 0.727032
4 4 0.015582 0.043540 0.003645 0.000000 0.937233
4 4 0.010435 0.025243 0.003208 0.000001 0.961112
4 4 0.005952 0.268378 0.075571 0.000007 0.650093
4 4 0.008146 0.278922 0.068338 0.000004 0.644590
4 4 0.003910 0.017910 0.002574 0.000002 0.975604
4 4 0.007974 0.016479 0.002154 0.000001 0.973392
4 4 0.005348 0.228419 0.052379 0.000012 0.713841
4 4 0.008001 0.248756 0.034364 0.000003 0.708877
4 4 0.002523 0.241387 0.103493 0.000028 0.652569
4 4 0.008365 0.265454 0.052505 0.000007 0.673669
4 4 0.016590 0.278912 0.026213 0.000000 0.678284
4 4 0.006558 0.274303 0.087685 0.000014 0.631441
4 4 0.005594 0.039604 0.007515 0.000007 0.947280
4 4 0.001629 0.165074 0.012820 0.000000 0.820476
4 4 0.004585 0.031094 0.003592 0.000001 0.960728
4 4 0.008329 0.003828 0.001027 0.000009 0.986807
4 4 0.215184 0.106118 0.017081 0.000014 0.661602
4 4 0.208646 0.049638 0.017394 0.000174 0.724148
4 4 0.017206 0.277479 0.032314 0.000001 0.673000
4 4 0.008394 0.277160 0.062526 0.000003 0.651917
4 4 0.017750 0.190300 0.032731 0.000012 0.759207
4 4 0.006872 0.263603 0.059665 0.000007 0.669854
4 2 0.001869 0.232769 0.107355 0.000024 0.657984
4 2 0.002842 0.250470 0.102402 0.000009 0.644277
4 2 0.005597 0.268376 0.098038 0.000031 0.627958
4 2 0.007256 0.282045 0.114989 0.000042 0.595667
4 4 0.048167 0.022248 0.002362 0.000001 0.927222
4 4 0.016079 0.019531 0.002625 0.000002 0.961764
4 4 0.014313 0.142526 0.014017 0.000001 0.829143
4 4 0.014896 0.049279 0.006974 0.000003 0.928848
4 4 0.004142 0.117411 0.015214 0.000003 0.863231
4 4 0.008077 0.153069 0.029822 0.000016 0.809016
4 4 0.006256 0.265815 0.062032 0.000003 0.665893
4 4 0.005326 0.259541 0.055326 0.000001 0.679806
4 4 0.008555 0.291879 0.129089 0.000043 0.570434
4 4 0.006115 0.285882 0.094455 0.000002 0.613547
4 2 0.002041 0.235817 0.302675 0.000298 0.459169
4 2 0.001908 0.229807 0.318533 0.000537 0.449216
4 2 0.004928 0.268840 0.103770 0.000016 0.622446
4 2 0.001435 0.229192 0.168610 0.000086 0.600677
4 2 0.001490 0.100429 0.041341 0.000180 0.856560
4 4 0.013998 0.023557 0.006710 0.000032 0.955703
4 4 0.009236 0.056655 0.009755 0.000006 0.924348
4 4 0.006808 0.021065 0.006290 0.000032 0.965804
4 4 0.065653 0.003339 0.000573 0.000002 0.930434
4 4 0.149266 0.005251 0.000693 0.000001 0.844788
4 4 0.061089 0.010452 0.002586 0.000016 0.925858
4 4 0.039146 0.014213 0.003008 0.000009 0.943624
4 4 0.110517 0.006564 0.002958 0.000171 0.879791
4 4 0.090725 0.005769 0.001397 0.000012 0.902097
4 4 0.092744 0.013460 0.005138 0.000135 0.888523
4 4 0.073749 0.046189 0.008922 0.000016 0.871124
4 4 0.006718 0.288384 0.173545 0.000048 0.531305
4 4 0.015487 0.326050 0.095360 0.000006 0.563098
4 4 0.002143 0.243578 0.209298 0.000135 0.544845
4 2 0.002263 0.244612 0.194925 0.000143 0.558058
4 2 0.002465 0.043114 0.006189 0.000002 0.948230
4 4 0.011611 0.008229 0.001284 0.000002 0.978874
4 4 0.058729 0.007842 0.001899 0.000013 0.931518
4 4 0.051576 0.008807 0.003456 0.000117 0.936044
4 4 0.014090 0.281416 0.044497 0.000003 0.659994
4 4 0.006091 0.264444 0.067056 0.000007 0.662403
4 4 0.003622 0.033417 0.004680 0.000002 0.958279
4 4 0.006614 0.022278 0.003840 0.000004 0.967265
4 4 0.037877 0.176713 0.042949 0.000066 0.742395
4 4 0.011419 0.282092 0.067612 0.000024 0.638853
4 2 0.028055 0.247604 0.187571 0.000290 0.536480
4 2 0.042507 0.347114 0.097914 0.000026 0.512439
4 2 0.002171 0.248834 0.220015 0.000050 0.528929
4 2 0.004627 0.269913 0.191165 0.000148 0.534147
4 2 0.004493 0.272916 0.181519 0.000058 0.541014
4 2 0.002069 0.250678 0.210651 0.000022 0.536580
4 2 0.003030 0.246539 0.346782 0.000170 0.403479
2 2 0.001415 0.210641 0.420338 0.000305 0.367302
4 2 0.002348 0.249983 0.181242 0.000049 0.566377
4 2 0.003879 0.265636 0.157956 0.000052 0.572478
4 2 0.004488 0.267722 0.306509 0.000080 0.421201
4 2 0.004308 0.271730 0.278032 0.000044 0.445886
4 2 0.008329 0.278356 0.338663 0.000288 0.374363
4 2 0.004590 0.276097 0.264332 0.000035 0.454947
4 2 0.007255 0.299031 0.162878 0.000009 0.530826
4 2 0.007493 0.302818 0.200075 0.000009 0.489604
4 2 0.002250 0.248294 0.292305 0.000044 0.457108
4 2 0.003492 0.242324 0.369691 0.000617 0.383876
4 2 0.001300 0.218825 0.329242 0.000341 0.450292
2 2 0.001740 0.218044 0.412413 0.000286 0.367517
2 2 0.002607 0.230746 0.409379 0.000262 0.357007
2 2 0.000584 0.157077 0.564630 0.001770 0.275939
2 2 0.000725 0.089992 0.831737 0.000240 0.077306
2 2 0.000443 0.092530 0.802444 0.001419 0.103164
2 2 0.000667 0.070271 0.889232 0.000001 0.039830
2 2 0.001500 0.099749 0.842145 0.000000 0.056606
2 2 0.000757 0.121576 0.749824 0.000079 0.127765
2 2 0.001787 0.156808 0.702885 0.000004 0.138516
2 2 0.000143 0.006151 0.992365 0.000162 0.001180
2 2 0.000521 0.025831 0.965474 0.000006 0.008167
2 2 0.000253 0.025166 0.964579 0.000010 0.009992
2 2 0.000165 0.017801 0.975156 0.000075 0.006804
2 2 0.000666 0.031403 0.955644 0.000163 0.012124
2 2 0.003227 0.041787 0.936732 0.004311 0.013943
2 2 0.000069 0.021733 0.964287 0.000406 0.013505
2 2 0.000303 0.025467 0.961116 0.001359 0.011755
2 2 0.000455 0.029171 0.959178 0.000027 0.011169
2 2 0.000197 0.016858 0.977821 0.000003 0.005120
2 2 0.000148 0.009995 0.984609 0.002254 0.002994
2 2 0.000107 0.005919 0.982505 0.010032 0.001437
2 2 0.000073 0.018940 0.966992 0.002701 0.011294
2 2 0.000079 0.008141 0.957335 0.031558 0.002887
2 2 0.000183 0.023141 0.963474 0.001488 0.011715
2 2 0.000255 0.030959 0.950911 0.000812 0.017062
2 2 0.000210 0.017009 0.944065 0.031163 0.007553
2 2 0.000328 0.022745 0.940334 0.025841 0.010752
2 2 0.000129 0.019425 0.953162 0.016579 0.010704
2 2 0.000152 0.024976 0.938555 0.020417 0.015901
2 2 0.000020 0.006462 0.858403 0.130915 0.004200
2 3 0.000061 0.007434 0.816768 0.169654 0.006082
2 3 0.000139 0.013910 0.910313 0.066132 0.009505
2 3 0.000357 0.026368 0.903170 0.051450 0.018655
2 3 0.000220 0.011161 0.751762 0.214955 0.021902
2 3 0.000592 0.022591 0.761499 0.202029 0.013288
2 3 0.000440 0.028306 0.829213 0.133152 0.008889
2 3 0.000887 0.012987 0.807123 0.151649 0.027354
2 3 0.000223 0.025098 0.840880 0.097797 0.036002
2 3 0.000536 0.014773 0.814036 0.146251 0.024404
3 3 0.000019 0.000592 0.156322 0.842910 0.000157
3 3 0.000021 0.000998 0.209222 0.789532 0.000227
2 3 0.000329 0.015002 0.604012 0.369005 0.011653
2 3 0.001204 0.019787 0.680192 0.269363 0.029455
3 3 0.000038 0.002647 0.400625 0.594082 0.002608
3 3 0.000264 0.006175 0.483652 0.507424 0.002486
3 3 0.000037 0.001118 0.170260 0.828318 0.000266
3 3 0.000052 0.002039 0.230017 0.767366 0.000527
2 3 0.000242 0.005894 0.505263 0.484266 0.004335
3 3 0.000145 0.004637 0.400003 0.592362 0.002854
3 3 0.000204 0.003893 0.290332 0.704285 0.001286
3 3 0.000068 0.002277 0.227753 0.769031 0.000872
3 3 0.000016 0.000352 0.120517 0.879048 0.000068
3 3 0.000011 0.000397 0.124684 0.874862 0.000046
3 3 0.000037 0.000881 0.150102 0.848716 0.000263
3 3 0.000012 0.000554 0.126537 0.872726 0.000171
3 3 0.000020 0.000821 0.126609 0.872298 0.000252
3 3 0.000078 0.002141 0.193325 0.803741 0.000716
3 3 0.000067 0.000972 0.127816 0.870900 0.000244
3 3 0.000071 0.000807 0.105948 0.892938 0.000237
3 3 0.000023 0.000227 0.040098 0.959614 0.000038
3 3 0.000029 0.000288 0.058631 0.940986 0.000066
3 3 0.000078 0.000588 0.061407 0.937818 0.000108
3 3 0.000016 0.000236 0.051567 0.948123 0.000058
3 3 0.000021 0.000271 0.064079 0.935563 0.000067
3 3 0.000035 0.000319 0.056579 0.943020 0.000046
3 3 0.000038 0.001404 0.158064 0.840024 0.000468
3 3 0.000015 0.000322 0.061791 0.937775 0.000096
3 3 0.000024 0.000384 0.059975 0.939549 0.000069
3 3 0.000116 0.001030 0.080754 0.917751 0.000350
3 3 0.000008 0.000171 0.049952 0.949847 0.000022
3 3 0.000001 0.000064 0.067603 0.932325 0.000007
3 3 0.000030 0.000584 0.089882 0.909348 0.000156
3 3 0.000212 0.002731 0.228398 0.767114 0.001545
3 3 0.000109 0.002010 0.184625 0.812093 0.001163
3 3 0.000050 0.000759 0.098068 0.900918 0.000205
3 3 0.000018 0.000231 0.046024 0.953666 0.000061
3 3 0.000022 0.000181 0.036545 0.963198 0.000054
3 3 0.000067 0.001070 0.107097 0.891524 0.000241
3 3 0.000006 0.000264 0.082801 0.916857 0.000072
3 3 0.000009 0.000086 0.016439 0.983441 0.000025
3 3 0.000025 0.000181 0.024752 0.974993 0.000049
3 3 0.000046 0.000290 0.045226 0.954325 0.000113
3 3 0.000819 0.003653 0.134994 0.859217 0.001316
3 3 0.000092 0.001238 0.118537 0.879839 0.000294
3 3 0.000044 0.001205 0.154441 0.843909 0.000402
3 3 0.000088 0.001022 0.126933 0.871139 0.000819
3 3 0.000142 0.002496 0.160488 0.836087 0.000786
3 3 0.000010 0.000317 0.123416 0.876198 0.000059
3 3 0.000040 0.000593 0.119828 0.879427 0.000112
3 3 0.000571 0.011240 0.362184 0.621384 0.004621
3 3 0.000056 0.001077 0.162267 0.836017 0.000583
3 3 0.000362 0.003017 0.174818 0.820491 0.001314
3 3 0.000278 0.003774 0.259343 0.734047 0.002558
1 1 0.224283 0.443702 0.263909 0.001518 0.066589
2 2 0.056309 0.342282 0.568203 0.000119 0.033087
2 2 0.020315 0.321317 0.512399 0.000925 0.145044
2 2 0.006115 0.223483 0.573895 0.000039 0.196468
2 2 0.036263 0.329427 0.379977 0.000005 0.254328
1 1 0.044971 0.501022 0.297854 0.000023 0.156130
1 2 0.023012 0.471695 0.364499 0.000002 0.140792
1 2 0.021353 0.432533 0.357073 0.000013 0.189028
2 2 0.002608 0.167380 0.653434 0.000841 0.175737
2 2 0.001040 0.093092 0.835401 0.000095 0.070372
4 2 0.004839 0.277085 0.144376 0.000019 0.573681
4 2 0.005946 0.273035 0.090322 0.000011 0.630686
4 2 0.002955 0.249705 0.254454 0.000388 0.492498
4 2 0.006948 0.284508 0.189475 0.000161 0.518907
4 1 0.019894 0.286898 0.033464 0.000001 0.659743
4 2 0.008209 0.298642 0.119323 0.000006 0.573820
4 2 0.002874 0.258707 0.186181 0.000039 0.552200
4 2 0.002869 0.250983 0.146195 0.000077 0.599877
4 2 0.003230 0.261308 0.136076 0.000016 0.599371
4 2 0.003420 0.257254 0.157104 0.000109 0.582113
4 4 0.003768 0.115247 0.023399 0.000014 0.857571
4 4 0.003857 0.125778 0.016285 0.000003 0.854077
4 4 0.006950 0.261750 0.051419 0.000003 0.679878
4 4 0.005792 0.263186 0.068170 0.000007 0.662846
4 4 0.002765 0.129179 0.020127 0.000005 0.847924
4 4 0.008790 0.051707 0.010147 0.000010 0.929346
4 4 0.020646 0.003309 0.000680 0.000004 0.975361
4 4 0.008641 0.004305 0.000628 0.000001 0.986424
4 4 0.009245 0.059436 0.008323 0.000003 0.922993
4 4 0.003913 0.159465 0.024079 0.000005 0.812538
4 4 0.005516 0.245728 0.077549 0.000047 0.671160
4 4 0.003894 0.255501 0.091796 0.000016 0.648793
1 4 0.055330 0.417695 0.128856 0.000097 0.398021
1 1 0.122907 0.456596 0.117584 0.000267 0.302647
1 1 0.042728 0.444509 0.153927 0.000015 0.358821
4 2 0.006991 0.306975 0.220671 0.000002 0.465360
4 2 0.001180 0.223054 0.228132 0.000165 0.547470
4 2 0.001433 0.229215 0.177137 0.000102 0.592114
4 2 0.001676 0.232779 0.135342 0.000044 0.630158
4 2 0.004163 0.268812 0.165308 0.000056 0.561662
4 2 0.004046 0.255290 0.080034 0.000008 0.660621
4 2 0.003378 0.250299 0.102026 0.000035 0.644262
4 2 0.002765 0.242716 0.108439 0.000058 0.646023
4 2 0.002626 0.246653 0.120524 0.000034 0.630164
4 2 0.004620 0.178115 0.033324 0.000013 0.783928
4 4 0.015277 0.048975 0.015501 0.000070 0.920177
4 4 0.018042 0.163031 0.013662 0.000001 0.805265
4 4 0.006879 0.200682 0.018432 0.000001 0.774006
4 4 0.005686 0.284218 0.144515 0.000016 0.565566
4 4 0.003723 0.264829 0.127519 0.000016 0.603913
4 4 0.001513 0.216912 0.335105 0.001436 0.445034
4 2 0.001559 0.216085 0.367321 0.000970 0.414066
