0 0 0.880085 0.059666 0.005137 0.000003 0.055109
0 0 0.996945 0.001521 0.000205 0.000000 0.001329
0 0 0.980303 0.012808 0.004477 0.000073 0.002339
0 0 0.985766 0.009376 0.003187 0.000042 0.001629
0 0 0.998466 0.000859 0.000186 0.000000 0.000489
0 0 0.998310 0.000947 0.000216 0.000001 0.000525
0 0 0.997918 0.001153 0.000426 0.000005 0.000498
0 0 0.990869 0.004317 0.001400 0.000020 0.003393
0 0 0.992632 0.004685 0.001673 0.000021 0.000989
0 0 0.985506 0.008709 0.003428 0.000080 0.002277
0 0 0.948325 0.032272 0.011984 0.000353 0.007066
0 0 0.990586 0.005384 0.002248 0.000057 0.001725
0 0 0.993311 0.003443 0.001040 0.000010 0.002196
0 0 0.988210 0.006503 0.001666 0.000012 0.003609
0 0 0.994130 0.002924 0.000657 0.000003 0.002285
0 0 0.973835 0.014538 0.002869 0.000012 0.008746
0 0 0.961887 0.015622 0.001996 0.000003 0.020492
0 0 0.968498 0.017831 0.001439 0.000000 0.012231
0 0 0.959514 0.021310 0.004291 0.000024 0.014861
0 0 0.920026 0.048511 0.006198 0.000010 0.025255
0 0 0.891583 0.066943 0.006819 0.000006 0.034649
0 0 0.905093 0.059213 0.006554 0.000007 0.029132
0 0 0.928668 0.022114 0.003921 0.000022 0.045275
0 0 0.933514 0.034532 0.004196 0.000006 0.027752
0 0 0.918458 0.015162 0.002887 0.000023 0.063470
0 0 0.896633 0.039251 0.005438 0.000016 0.058662
0 0 0.931740 0.037993 0.006796 0.000031 0.023439
0 0 0.937097 0.035765 0.006976 0.000040 0.020122
0 0 0.877795 0.055397 0.007593 0.000022 0.059194
0 0 0.596902 0.077450 0.017822 0.000519 0.307308
0 0 0.827294 0.071322 0.010150 0.000038 0.091195
0 0 0.578929 0.128677 0.025279 0.000433 0.266682
0 0 0.888548 0.054660 0.010316 0.000073 0.046403
0 0 0.834484 0.043850 0.012605 0.000453 0.108608
0 0 0.495209 0.144530 0.022524 0.000215 0.337522
0 0 0.785229 0.091192 0.013726 0.000067 0.109786
0 1 0.752529 0.098148 0.015292 0.000091 0.133940
0 1 0.673629 0.177580 0.023442 0.000085 0.125264
4 2 0.219224 0.167801 0.070269 0.012801 0.529904
4 2 0.173931 0.250463 0.086884 0.016443 0.472279
2 2 0.031755 0.286551 0.653516 0.001547 0.026632
2 2 0.009596 0.174857 0.793781 0.001288 0.020478
2 2 0.021964 0.195738 0.769952 0.001324 0.011023
2 2 0.019787 0.076100 0.841733 0.000949 0.061431
2 2 0.008779 0.152754 0.824474 0.000380 0.013613
2 2 0.017783 0.205289 0.761474 0.000920 0.014535
2 2 0.059697 0.063287 0.854438 0.004023 0.018555
2 2 0.075741 0.352973 0.545217 0.003591 0.022478
2 2 0.007815 0.164735 0.810168 0.001239 0.016043
2 2 0.003462 0.121968 0.843341 0.000241 0.030988
2 2 0.009285 0.151008 0.830365 0.000884 0.008458
2 2 0.008829 0.127096 0.856935 0.000727 0.006414
2 2 0.001260 0.024322 0.964120 0.009106 0.001191
2 2 0.000264 0.001350 0.991623 0.006327 0.000437
2 2 0.000332 0.005561 0.989562 0.001683 0.002862
2 2 0.000184 0.008558 0.986911 0.003099 0.001248
2 2 0.000120 0.000279 0.977430 0.022090 0.000082
2 2 0.000051 0.000307 0.968341 0.031144 0.000157
2 2 0.013688 0.142111 0.835619 0.003348 0.005233
2 2 0.009934 0.090299 0.886998 0.003377 0.009392
2 2 0.002948 0.006149 0.980962 0.005546 0.004395
2 1 0.016045 0.123428 0.853868 0.003266 0.003394
2 2 0.003876 0.110228 0.874868 0.000562 0.010465
2 2 0.006159 0.128896 0.851774 0.003441 0.009730
2 2 0.000243 0.005641 0.986148 0.007511 0.000457
2 2 0.000039 0.000674 0.995258 0.002972 0.001057
2 2 0.000059 0.001647 0.986886 0.010930 0.000478
2 2 0.000168 0.010281 0.981095 0.007902 0.000554
2 2 0.002157 0.043793 0.949208 0.003683 0.001160
2 2 0.000021 0.000057 0.992092 0.007722 0.000108
2 2 0.000017 0.000152 0.872483 0.127341 0.000006
2 2 0.000071 0.000181 0.967671 0.032057 0.000020
2 2 0.000012 0.000107 0.922519 0.077337 0.000024
2 2 0.000004 0.000031 0.841638 0.158325 0.000002
2 3 0.000003 0.000032 0.541545 0.458413 0.000008
2 3 0.000001 0.000030 0.556229 0.443733 0.000007
2 3 0.000005 0.000134 0.632758 0.367088 0.000014
2 3 0.000003 0.000066 0.572844 0.427056 0.000031
3 3 0.000002 0.000060 0.369834 0.630099 0.000006
3 3 0.000002 0.000023 0.404152 0.595820 0.000003
3 3 0.000002 0.000021 0.268183 0.731790 0.000003
3 3 0.000003 0.000026 0.219744 0.780225 0.000002
3 3 0.000001 0.000007 0.059249 0.940742 0.000001
3 3 0.000001 0.000014 0.085332 0.914651 0.000002
3 3 0.000001 0.000012 0.111244 0.888741 0.000001
3 3 0.000002 0.000026 0.185204 0.814759 0.000009
3 3 0.000014 0.000088 0.112496 0.887387 0.000015
3 3 0.000483 0.000624 0.127418 0.871392 0.000083
2 3 0.002000 0.057865 0.828331 0.105861 0.005944
2 3 0.000741 0.024264 0.918789 0.050709 0.005497
2 3 0.000031 0.001911 0.856453 0.141466 0.000140
2 3 0.000020 0.000147 0.963186 0.036625 0.000022
2 3 0.000262 0.003262 0.939913 0.056111 0.000451
2 3 0.000009 0.000126 0.885177 0.114611 0.000078
2 3 0.000002 0.000084 0.595849 0.404054 0.000011
2 3 0.000057 0.000505 0.792436 0.206885 0.000116
3 3 0.000004 0.000042 0.484273 0.515678 0.000003
3 3 0.000001 0.000009 0.378704 0.621285 0.000001
3 3 0.000000 0.000011 0.090300 0.909687 0.000001
3 3 0.000000 0.000006 0.099169 0.900824 0.000001
3 3 0.000001 0.000012 0.061184 0.938801 0.000002
3 3 0.000002 0.000036 0.102510 0.897448 0.000004
3 3 0.000001 0.000023 0.099735 0.900238 0.000002
3 3 0.000007 0.000063 0.162440 0.837469 0.000021
3 3 0.000000 0.000007 0.078231 0.921761 0.000001
3 3 0.000000 0.000006 0.044538 0.955455 0.000001
3 3 0.000000 0.000010 0.042683 0.957305 0.000001
3 3 0.000001 0.000005 0.043256 0.956737 0.000001
3 3 0.000381 0.002024 0.157595 0.839718 0.000283
3 3 0.000459 0.002987 0.249939 0.746171 0.000445
2 2 0.000194 0.000563 0.927641 0.071319 0.000284
2 2 0.000166 0.004725 0.843706 0.151047 0.000357
2 2 0.000011 0.000269 0.932905 0.066653 0.000163
2 2 0.000153 0.000311 0.973259 0.026124 0.000152
2 2 0.000501 0.028319 0.930486 0.036937 0.003756
2 2 0.000522 0.007273 0.969043 0.015366 0.007796
2 2 0.000090 0.001025 0.976775 0.021641 0.000468
2 2 0.000044 0.001627 0.967313 0.030848 0.000169
2 2 0.000146 0.009710 0.972332 0.017401 0.000410
2 2 0.000010 0.000793 0.963152 0.035799 0.000245
2 2 0.006902 0.003393 0.979611 0.003634 0.006460
2 2 0.007036 0.099102 0.877626 0.011691 0.004544
2 2 0.000156 0.013599 0.981617 0.003200 0.001428
2 2 0.000416 0.030935 0.960841 0.001704 0.006104
2 2 0.002830 0.012086 0.918644 0.058421 0.008019
2 2 0.046315 0.034140 0.894125 0.022168 0.003252
2 2 0.020629 0.203761 0.759417 0.004506 0.011687
2 2 0.006134 0.052491 0.908969 0.002010 0.030396
2 2 0.000161 0.008799 0.984892 0.001617 0.004531
2 2 0.000467 0.030232 0.954018 0.000908 0.014374
2 2 0.000149 0.015730 0.978603 0.002466 0.003052
2 2 0.000076 0.001920 0.987501 0.007009 0.003493
2 2 0.000048 0.005197 0.983677 0.010193 0.000886
2 2 0.000147 0.001181 0.979771 0.018696 0.000205
2 2 0.000181 0.001012 0.978453 0.019785 0.000569
2 2 0.000131 0.011588 0.952300 0.034793 0.001187
2 2 0.000538 0.000852 0.961696 0.036370 0.000543
2 2 0.001085 0.028748 0.944790 0.023946 0.001431
2 2 0.000334 0.007172 0.970363 0.017483 0.004647
2 2 0.000103 0.002600 0.969541 0.027478 0.000278
2 2 0.000770 0.001759 0.981897 0.010993 0.004582
2 2 0.000261 0.002354 0.977545 0.018983 0.000858
2 2 0.000378 0.009246 0.894404 0.094679 0.001293
2 2 0.000465 0.002542 0.917436 0.079236 0.000320
2 2 0.000057 0.001413 0.854489 0.143519 0.000522
2 2 0.000052 0.000373 0.934606 0.064946 0.000022
2 2 0.000063 0.001211 0.925026 0.073514 0.000186
2 2 0.000284 0.000599 0.933335 0.065730 0.000052
2 2 0.005480 0.107550 0.875292 0.004770 0.006909
2 2 0.002513 0.009877 0.927725 0.004319 0.055566
2 2 0.000243 0.006055 0.983926 0.008411 0.001366
2 2 0.000340 0.001154 0.982911 0.015245 0.000350
2 2 0.000761 0.014525 0.959079 0.024311 0.001325
2 2 0.000136 0.001053 0.899882 0.098722 0.000207
2 2 0.000074 0.002317 0.943562 0.051772 0.002275
2 2 0.000045 0.000537 0.973968 0.025354 0.000096
2 2 0.000044 0.001703 0.984118 0.013489 0.000646
2 2 0.000032 0.000731 0.970449 0.027947 0.000840
2 2 0.000108 0.000833 0.920780 0.077903 0.000376
2 2 0.000080 0.000651 0.940518 0.057956 0.000795
2 2 0.000029 0.000444 0.739440 0.259978 0.000108
2 2 0.000046 0.000341 0.827833 0.171605 0.000176
2 2 0.000015 0.000295 0.705279 0.294359 0.000053
2 2 0.000086 0.000556 0.871543 0.127099 0.000715
2 2 0.000121 0.001773 0.568413 0.429355 0.000338
2 2 0.000052 0.000413 0.661967 0.337462 0.000106
2 2 0.000025 0.000188 0.732060 0.267689 0.000038
2 3 0.000025 0.000486 0.602944 0.396478 0.000066
3 3 0.000000 0.000016 0.291275 0.708707 0.000001
3 3 0.000001 0.000031 0.194252 0.805713 0.000002
3 3 0.000044 0.000366 0.197421 0.802132 0.000038
3 3 0.000018 0.000128 0.199919 0.799899 0.000037
3 3 0.000032 0.000066 0.078565 0.921323 0.000014
3 3 0.000010 0.000096 0.068659 0.931217 0.000019
3 3 0.000007 0.000061 0.070194 0.929724 0.000014
3 3 0.000011 0.000069 0.049737 0.950170 0.000013
3 3 0.000000 0.000003 0.038577 0.961419 0.000000
3 3 0.000001 0.000008 0.027205 0.972786 0.000001
3 3 0.000002 0.000007 0.021689 0.978301 0.000001
3 3 0.000003 0.000032 0.036906 0.963052 0.000007
3 3 0.000005 0.000023 0.038374 0.961592 0.000005
3 3 0.000003 0.000019 0.043542 0.956432 0.000004
3 3 0.000001 0.000006 0.012820 0.987172 0.000002
3 3 0.000002 0.000013 0.010776 0.989204 0.000004
3 3 0.000006 0.000045 0.052657 0.947285 0.000008
3 3 0.000003 0.000042 0.046204 0.953742 0.000008
3 3 0.000001 0.000011 0.070755 0.929231 0.000002
3 3 0.000001 0.000018 0.063154 0.936825 0.000002
3 3 0.000001 0.000010 0.033599 0.966389 0.000001
3 3 0.000001 0.000005 0.034225 0.965769 0.000001
3 3 0.000014 0.000042 0.030563 0.969369 0.000012
3 3 0.000017 0.000046 0.024259 0.975665 0.000014
3 3 0.000002 0.000010 0.011084 0.988901 0.000003
3 3 0.000004 0.000037 0.021393 0.978556 0.000010
3 3 0.000002 0.000021 0.040949 0.959023 0.000004
3 3 0.000002 0.000023 0.037703 0.962266 0.000005
3 3 0.000002 0.000015 0.022126 0.977854 0.000003
3 3 0.000006 0.000020 0.022945 0.977022 0.000006
3 3 0.000000 0.000003 0.010541 0.989455 0.000001
3 3 0.000001 0.000005 0.011742 0.988250 0.000002
3 3 0.000002 0.000012 0.026050 0.973934 0.000003
3 3 0.000001 0.000006 0.025907 0.974085 0.000001
3 3 0.000000 0.000005 0.029555 0.970439 0.000001
3 3 0.000001 0.000010 0.040420 0.959568 0.000002
3 3 0.000004 0.000016 0.021726 0.978249 0.000005
3 3 0.000001 0.000009 0.012141 0.987847 0.000003
3 3 0.000002 0.000015 0.019720 0.980259 0.000004
3 3 0.000001 0.000012 0.019237 0.980748 0.000002
3 3 0.000002 0.000017 0.021370 0.978606 0.000005
3 3 0.000001 0.000008 0.018959 0.981030 0.000002
3 3 0.000006 0.000043 0.035172 0.964771 0.000007
3 3 0.000001 0.000010 0.026222 0.973764 0.000002
3 3 0.000002 0.000014 0.022473 0.977508 0.000003
3 3 0.000002 0.000010 0.019713 0.980273 0.000002
3 3 0.000000 0.000004 0.011911 0.988084 0.000001
3 3 0.000003 0.000016 0.012697 0.987278 0.000005
3 3 0.000001 0.000016 0.024281 0.975697 0.000004
3 3 0.000001 0.000010 0.024754 0.975233 0.000002
3 3 0.000002 0.000017 0.042489 0.957489 0.000003
3 3 0.000002 0.000012 0.020208 0.979775 0.000003
3 3 0.000002 0.000023 0.022927 0.977044 0.000005
3 3 0.000000 0.000006 0.033297 0.966695 0.000001
3 3 0.000008 0.000042 0.049698 0.950245 0.000008
3 3 0.000002 0.000008 0.018989 0.981000 0.000002
3 3 0.000001 0.000013 0.014955 0.985027 0.000003
3 3 0.000001 0.000011 0.012145 0.987840 0.000004
3 3 0.000002 0.000021 0.030723 0.969250 0.000004
3 3 0.000002 0.000025 0.050077 0.949892 0.000004
3 3 0.000002 0.000022 0.047071 0.952902 0.000004
3 3 0.000003 0.000025 0.080136 0.919832 0.000004
3 3 0.000001 0.000010 0.016450 0.983536 0.000002
3 3 0.000001 0.000008 0.017790 0.982201 0.000001
3 3 0.000001 0.000023 0.026358 0.973613 0.000005
3 3 0.000001 0.000010 0.020473 0.979514 0.000002
3 3 0.000000 0.000008 0.037083 0.962907 0.000001
3 3 0.000001 0.000013 0.044643 0.955341 0.000002
3 3 0.000001 0.000009 0.036340 0.963648 0.000001
3 3 0.000002 0.000010 0.042516 0.957470 0.000002
3 3 0.000003 0.000012 0.028309 0.971673 0.000003
3 3 0.000003 0.000039 0.031117 0.968833 0.000008
3 3 0.000000 0.000007 0.028272 0.971720 0.000001
3 3 0.000000 0.000004 0.029240 0.970755 0.000001
3 3 0.000002 0.000015 0.021600 0.978379 0.000004
3 3 0.000001 0.000010 0.015352 0.984634 0.000003
3 3 0.000001 0.000009 0.015363 0.984624 0.000002
3 3 0.000002 0.000009 0.013477 0.986510 0.000002
3 3 0.000001 0.000009 0.017599 0.982388 0.000002
3 3 0.000000 0.000006 0.020317 0.979677 0.000001
3 3 0.000001 0.000010 0.023245 0.976743 0.000002
3 3 0.000002 0.000012 0.024516 0.975468 0.000003
3 3 0.000006 0.000031 0.031044 0.968912 0.000008
3 3 0.000001 0.000011 0.018739 0.981247 0.000002
3 3 0.000651 0.002455 0.206601 0.790062 0.000232
3 3 0.000077 0.000889 0.352823 0.646145 0.000065
2 3 0.009096 0.075484 0.831456 0.075519 0.008445
2 3 0.011837 0.162860 0.790489 0.020973 0.013841
2 2 0.115255 0.312339 0.498726 0.027600 0.046079
0 2 0.700594 0.145899 0.106344 0.012940 0.034223
1 2 0.149182 0.420198 0.345752 0.014928 0.069941
0 1 0.420391 0.298368 0.234278 0.010542 0.036419
0 0 0.554288 0.320172 0.074255 0.001217 0.050067
0 0 0.561081 0.318862 0.066450 0.000423 0.053183
1 1 0.344144 0.483692 0.135591 0.000551 0.036023
0 0 0.538574 0.315697 0.117856 0.000920 0.026952
1 0 0.387623 0.441200 0.122345 0.001165 0.047668
1 1 0.363558 0.472169 0.122974 0.001114 0.040185
2 1 0.014627 0.177510 0.787904 0.008170 0.011789
2 2 0.006023 0.090281 0.891585 0.007515 0.004596
2 2 0.004029 0.015722 0.973978 0.003757 0.002514
2 2 0.002152 0.083161 0.901155 0.003117 0.010415
2 2 0.000176 0.006256 0.976635 0.012756 0.004177
2 2 0.000119 0.014675 0.980919 0.002015 0.002272
2 2 0.002484 0.082572 0.902828 0.000771 0.011344
2 2 0.001016 0.054421 0.930539 0.001305 0.012719
2 2 0.037373 0.225457 0.725602 0.003437 0.008131
2 2 0.012111 0.165525 0.808385 0.001037 0.012942
2 2 0.000101 0.003889 0.990736 0.003797 0.001478
2 2 0.000568 0.028097 0.952332 0.006101 0.012901
2 2 0.000509 0.015084 0.976186 0.001275 0.006946
2 2 0.000367 0.037165 0.951602 0.000471 0.010394
2 2 0.001568 0.052291 0.928491 0.000742 0.016907
2 2 0.002595 0.058524 0.900282 0.001344 0.037256
2 2 0.001480 0.070345 0.918428 0.000720 0.009027
2 2 0.000601 0.046401 0.939262 0.001355 0.012380
2 2 0.007147 0.148954 0.831595 0.000167 0.012137
2 2 0.002319 0.101265 0.879346 0.000097 0.016972
2 2 0.001711 0.076404 0.905871 0.000199 0.015815
2 2 0.000749 0.036074 0.959404 0.001679 0.002094
2 2 0.000803 0.057991 0.928885 0.000065 0.012256
2 2 0.001700 0.073955 0.912266 0.000059 0.012020
2 2 0.017174 0.170966 0.778299 0.000754 0.032807
2 2 0.001203 0.038071 0.950626 0.008210 0.001891
2 2 0.008289 0.189221 0.732292 0.001085 0.069113
2 2 0.044778 0.275745 0.422164 0.001486 0.255827
2 2 0.043215 0.311909 0.506322 0.007488 0.131068
4 4 0.089547 0.278036 0.248458 0.005861 0.378098
4 4 0.083777 0.260646 0.267867 0.000668 0.387041
2 4 0.069499 0.242895 0.370150 0.004446 0.313010
4 4 0.127610 0.191881 0.198958 0.001061 0.480490
1 4 0.047456 0.369715 0.328536 0.003108 0.251185
1 2 0.079093 0.479802 0.349688 0.000136 0.091281
1 2 0.181604 0.556226 0.165850 0.000085 0.096235
4 4 0.201065 0.141161 0.034769 0.000263 0.622742
4 4 0.067488 0.228920 0.053439 0.000873 0.649280
4 4 0.046308 0.371029 0.140674 0.000757 0.441231
4 4 0.061169 0.337810 0.063285 0.000353 0.537383
2 4 0.020435 0.345198 0.583248 0.000017 0.051101
2 4 0.007490 0.255253 0.681790 0.000006 0.055462
1 4 0.071634 0.492931 0.152442 0.000056 0.282937
1 4 0.030659 0.423923 0.332381 0.000262 0.212775
2 4 0.060915 0.283937 0.415600 0.004911 0.234637
2 2 0.021817 0.156890 0.772737 0.002283 0.046273
2 2 0.006303 0.146243 0.829816 0.000016 0.017621
2 2 0.008633 0.187753 0.787168 0.000169 0.016277
2 2 0.001365 0.016036 0.963704 0.000107 0.018787
2 2 0.000132 0.009199 0.987277 0.000467 0.002924
2 2 0.001126 0.035845 0.957475 0.000049 0.005505
2 2 0.001336 0.039701 0.932243 0.000136 0.026583
2 2 0.000390 0.007487 0.981826 0.000490 0.009807
2 2 0.000365 0.018039 0.977464 0.000556 0.003576
2 2 0.000272 0.010298 0.982220 0.001496 0.005713
2 2 0.002363 0.005830 0.979748 0.001051 0.011008
2 2 0.002409 0.008144 0.981420 0.006641 0.001387
2 2 0.002075 0.022406 0.968836 0.003692 0.002991
2 2 0.000335 0.017455 0.976627 0.000172 0.005411
2 2 0.000194 0.021622 0.971228 0.000236 0.006719
2 2 0.012481 0.008208 0.961653 0.003850 0.013808
2 1 0.041845 0.196070 0.748975 0.007636 0.005474
2 2 0.006432 0.098013 0.888541 0.003320 0.003695
2 2 0.019690 0.015335 0.958993 0.001906 0.004076
2 2 0.004326 0.018185 0.963867 0.001713 0.011909
2 2 0.003028 0.056182 0.938253 0.000531 0.002006
2 2 0.002267 0.051653 0.943815 0.000121 0.002144
2 2 0.000412 0.004791 0.991367 0.001175 0.002254
2 2 0.018241 0.010971 0.960242 0.000873 0.009673
2 2 0.002723 0.023705 0.968040 0.003136 0.002397
2 2 0.000102 0.000649 0.987777 0.011415 0.000057
2 2 0.000342 0.001401 0.993656 0.004413 0.000187
2 2 0.000262 0.006559 0.928002 0.064796 0.000380
2 2 0.000095 0.000190 0.971430 0.028272 0.000012
2 2 0.000578 0.010385 0.983434 0.004919 0.000684
2 2 0.000302 0.000506 0.987432 0.011608 0.000151
2 2 0.068520 0.020872 0.894421 0.001102 0.015085
2 2 0.007295 0.103787 0.880547 0.002970 0.005402
2 2 0.144239 0.031137 0.802314 0.000954 0.021357
2 1 0.055116 0.296564 0.628300 0.005100 0.014920
2 1 0.018684 0.120631 0.857302 0.001040 0.002342
2 2 0.003034 0.078060 0.909116 0.000781 0.009009
2 2 0.010151 0.106355 0.879206 0.001717 0.002572
2 2 0.003745 0.052263 0.932495 0.003484 0.008013
2 2 0.000183 0.000931 0.993580 0.005106 0.000200
2 2 0.000076 0.004540 0.987611 0.007113 0.000660
2 2 0.000347 0.001267 0.982719 0.015610 0.000058
2 2 0.008511 0.010928 0.971947 0.006514 0.002100
2 2 0.002776 0.007950 0.972267 0.001713 0.015294
2 2 0.003119 0.062037 0.929818 0.003051 0.001975
2 2 0.000029 0.000227 0.996729 0.002860 0.000154
2 2 0.000364 0.002228 0.987097 0.009791 0.000521
2 2 0.000123 0.000681 0.954223 0.044876 0.000098
2 2 0.000159 0.000323 0.968680 0.030779 0.000060
2 2 0.000295 0.003321 0.991181 0.002660 0.002542
2 2 0.000845 0.008829 0.980847 0.004294 0.005183
2 2 0.000528 0.002443 0.990141 0.006401 0.000488
2 2 0.000114 0.000249 0.990512 0.008836 0.000289
2 2 0.000390 0.026519 0.957423 0.012431 0.003237
2 2 0.000107 0.002468 0.987066 0.009448 0.000911
2 2 0.000116 0.004733 0.990767 0.002706 0.001678
2 2 0.000318 0.003291 0.992332 0.001045 0.003014
2 2 0.000179 0.001479 0.978046 0.020079 0.000217
2 2 0.000254 0.001375 0.973606 0.024293 0.000473
2 2 0.000211 0.001389 0.986362 0.011731 0.000308
2 2 0.000600 0.001605 0.983756 0.012471 0.001568
2 2 0.000067 0.001212 0.976375 0.022129 0.000217
2 2 0.000051 0.000618 0.986599 0.012307 0.000425
2 2 0.000044 0.000127 0.959852 0.039949 0.000028
2 2 0.000004 0.000119 0.893103 0.106768 0.000006
2 2 0.000015 0.001124 0.938223 0.060469 0.000169
2 2 0.000087 0.000352 0.987216 0.012180 0.000165
2 2 0.000025 0.000678 0.961264 0.037926 0.000107
2 2 0.000225 0.002423 0.897005 0.098442 0.001905
2 2 0.000052 0.000966 0.975262 0.023360 0.000360
2 2 0.000022 0.000445 0.961474 0.038021 0.000037
2 2 0.000042 0.000493 0.935039 0.064250 0.000176
2 2 0.000014 0.000311 0.883511 0.116073 0.000091
2 2 0.000255 0.001959 0.888001 0.109245 0.000540
2 2 0.000645 0.002717 0.916997 0.079185 0.000456
2 2 0.000053 0.000467 0.890696 0.108575 0.000209
2 2 0.000052 0.000698 0.863588 0.135534 0.000128
2 2 0.000210 0.001728 0.934225 0.062024 0.001814
2 2 0.000037 0.000940 0.917780 0.080862 0.000382
2 2 0.000025 0.000471 0.796840 0.202598 0.000066
2 2 0.000018 0.000119 0.785166 0.214674 0.000023
2 2 0.000012 0.000252 0.857784 0.141885 0.000067
2 2 0.000051 0.000210 0.909683 0.089998 0.000059
2 2 0.000131 0.001374 0.897022 0.101396 0.000076
2 2 0.000348 0.002083 0.889685 0.107472 0.000412
2 3 0.000039 0.000724 0.550557 0.448616 0.000065
2 3 0.000064 0.000233 0.772665 0.227000 0.000039
2 3 0.000038 0.000168 0.681352 0.318425 0.000017
2 3 0.000040 0.000539 0.762062 0.237298 0.000060
2 3 0.000053 0.000342 0.919835 0.079672 0.000099
2 3 0.000013 0.000535 0.830351 0.169010 0.000091
2 3 0.000039 0.000371 0.644592 0.354957 0.000041
2 3 0.000018 0.000151 0.684660 0.315141 0.000030
2 3 0.000030 0.000189 0.633311 0.366462 0.000008
2 3 0.000016 0.000496 0.667188 0.332253 0.000047
2 3 0.000038 0.000391 0.632772 0.366735 0.000064
2 3 0.000034 0.000779 0.582637 0.416510 0.000040
2 3 0.000806 0.002326 0.910443 0.083925 0.002499
2 3 0.000336 0.002350 0.858782 0.137871 0.000661
2 3 0.000015 0.000235 0.637694 0.362049 0.000008
2 3 0.000087 0.000658 0.787966 0.211030 0.000259
2 3 0.002047 0.009099 0.590793 0.397382 0.000681
2 3 0.003226 0.049203 0.752779 0.190910 0.003882
2 3 0.005661 0.004742 0.981953 0.006034 0.001610
2 2 0.001062 0.028543 0.962430 0.007004 0.000961
2 2 0.000006 0.000322 0.949096 0.050556 0.000020
2 2 0.000165 0.000769 0.992720 0.006008 0.000338
2 2 0.276215 0.173687 0.498379 0.029743 0.021977
0 1 0.425711 0.339089 0.150906 0.018336 0.065958
2 2 0.021916 0.232742 0.729546 0.001008 0.014789
2 2 0.014449 0.177686 0.796142 0.000196 0.011528
2 2 0.010478 0.058101 0.916511 0.000082 0.014828
2 2 0.006774 0.119634 0.864743 0.000895 0.007953
2 2 0.000656 0.004519 0.976410 0.017862 0.000554
2 2 0.001512 0.033105 0.956221 0.007954 0.001209
2 2 0.000129 0.011321 0.987036 0.000721 0.000793
2 2 0.000025 0.003595 0.993150 0.002672 0.000557
2 2 0.037833 0.165937 0.782100 0.003709 0.010421
2 2 0.016247 0.036090 0.936522 0.001638 0.009503
2 2 0.007320 0.005639 0.969160 0.005751 0.012130
2 2 0.003292 0.057297 0.923489 0.013887 0.002036
2 2 0.000204 0.000272 0.981380 0.018108 0.000036
2 2 0.000071 0.004803 0.986820 0.008143 0.000163
2 2 0.000882 0.008806 0.975038 0.010576 0.004699
2 2 0.000340 0.009368 0.971232 0.018184 0.000876
2 2 0.000179 0.000900 0.980804 0.017896 0.000221
2 2 0.000027 0.000397 0.980810 0.018742 0.000023
2 2 0.000197 0.004896 0.991258 0.001541 0.002108
2 2 0.000135 0.011291 0.984969 0.002668 0.000936
2 2 0.000063 0.000656 0.991145 0.007870 0.000267
2 2 0.000143 0.002034 0.992580 0.004971 0.000272
2 2 0.003468 0.005138 0.979569 0.010183 0.001642
2 2 0.002100 0.045213 0.943656 0.007367 0.001664
2 2 0.000469 0.019226 0.977738 0.001644 0.000923
2 2 0.002533 0.005442 0.987926 0.001090 0.003009
2 2 0.000477 0.001328 0.972836 0.025291 0.000068
2 2 0.002219 0.003060 0.978764 0.015688 0.000270
2 2 0.000130 0.002413 0.994139 0.002698 0.000619
2 2 0.000080 0.004742 0.990273 0.004249 0.000658
2 2 0.000062 0.000580 0.988586 0.010660 0.000112
2 2 0.000016 0.000319 0.992146 0.007423 0.000096
2 2 0.000051 0.000517 0.982453 0.016868 0.000111
2 2 0.000188 0.001044 0.994045 0.004398 0.000326
2 2 0.000748 0.001150 0.991913 0.004995 0.001194
2 2 0.000342 0.004438 0.989450 0.003780 0.001990
2 2 0.000118 0.000836 0.990938 0.007870 0.000239
2 2 0.000187 0.001478 0.994324 0.003192 0.000819
2 2 0.001740 0.005924 0.870262 0.121692 0.000382
2 2 0.002689 0.004519 0.959269 0.032776 0.000747
2 2 0.000179 0.000281 0.990766 0.008605 0.000169
2 2 0.000006 0.000194 0.948306 0.051446 0.000049
2 2 0.000068 0.001092 0.990030 0.008666 0.000145
2 2 0.000038 0.001918 0.987366 0.010098 0.000580
2 2 0.001563 0.011895 0.980463 0.002465 0.003614
2 2 0.000501 0.009422 0.982868 0.004609 0.002600
2 2 0.002922 0.015987 0.972371 0.002607 0.006112
2 2 0.000508 0.001583 0.978409 0.019376 0.000124
2 2 0.001333 0.003934 0.983020 0.007120 0.004594
2 2 0.000489 0.004787 0.973364 0.019247 0.002112
2 2 0.000275 0.002061 0.955125 0.042030 0.000508
2 2 0.001287 0.002199 0.981688 0.014111 0.000715
2 2 0.000327 0.001720 0.955928 0.041606 0.000420
2 2 0.000173 0.001653 0.938269 0.059130 0.000775
2 2 0.000262 0.000901 0.972786 0.024561 0.001491
2 2 0.000599 0.001133 0.987128 0.006417 0.004723
2 2 0.000152 0.001122 0.950998 0.047455 0.000273
2 2 0.000041 0.000441 0.888238 0.111238 0.000042
2 2 0.002649 0.012119 0.718452 0.265878 0.000902
2 2 0.001599 0.002205 0.949056 0.046549 0.000591
2 2 0.007770 0.005921 0.955190 0.019425 0.011695
2 1 0.050129 0.131946 0.783058 0.022811 0.012057
2 2 0.003854 0.062187 0.919679 0.012143 0.002138
2 2 0.007067 0.100431 0.884844 0.002684 0.004975
2 2 0.028154 0.034558 0.917847 0.006971 0.012470
2 2 0.029302 0.136229 0.829960 0.002511 0.001997
2 2 0.001087 0.018442 0.966095 0.014138 0.000237
2 2 0.000484 0.001834 0.964100 0.033514 0.000069
2 2 0.000165 0.002647 0.995664 0.001152 0.000372
2 2 0.000223 0.001743 0.994739 0.001381 0.001914
2 2 0.011820 0.120881 0.858860 0.003516 0.004923
2 2 0.008794 0.086606 0.899664 0.002806 0.002131
1 2 0.115159 0.451520 0.395813 0.003265 0.034243
2 2 0.011424 0.123220 0.849473 0.000613 0.015271
2 2 0.019044 0.147915 0.822264 0.006006 0.004770
2 2 0.021121 0.015886 0.947130 0.008747 0.007116
2 2 0.000173 0.010137 0.987227 0.002078 0.000386
2 2 0.000081 0.006732 0.987035 0.003090 0.003062
2 2 0.025131 0.014956 0.945394 0.000734 0.013784
2 2 0.004885 0.094245 0.895897 0.001136 0.003838
2 2 0.000040 0.001305 0.988989 0.009447 0.000219
2 2 0.000010 0.000143 0.993148 0.006662 0.000038
2 2 0.001726 0.005780 0.984148 0.005888 0.002458
2 2 0.007290 0.009553 0.975174 0.002093 0.005890
2 2 0.001641 0.039488 0.953120 0.004303 0.001448
2 2 0.017590 0.019493 0.952223 0.000850 0.009844
2 2 0.008588 0.149421 0.834339 0.000057 0.007594
2 2 0.004681 0.093729 0.897780 0.000512 0.003298
2 2 0.005759 0.019470 0.964284 0.005194 0.005293
2 2 0.012958 0.026869 0.949158 0.006796 0.004219
0 1 0.489051 0.399694 0.093691 0.000354 0.017211
0 1 0.533763 0.382175 0.059821 0.000066 0.024175
2 2 0.020511 0.184169 0.785926 0.002266 0.007127
2 2 0.012738 0.047229 0.924206 0.001686 0.014142
2 2 0.001882 0.045758 0.948798 0.001492 0.002071
2 2 0.009753 0.068596 0.916389 0.000517 0.004744
2 2 0.001420 0.063379 0.926533 0.000151 0.008518
2 2 0.001216 0.067963 0.918636 0.000077 0.012107
2 2 0.000152 0.007108 0.990910 0.000884 0.000946
2 2 0.000150 0.009988 0.988846 0.000510 0.000507
2 2 0.000291 0.007163 0.989718 0.002561 0.000267
2 2 0.000077 0.002092 0.981558 0.016003 0.000270
2 2 0.000123 0.000974 0.992829 0.005345 0.000729
2 2 0.000059 0.007078 0.990596 0.001137 0.001130
2 2 0.000025 0.000158 0.990464 0.009305 0.000049
2 2 0.000068 0.001817 0.980478 0.017173 0.000464
2 2 0.016182 0.034931 0.934792 0.003546 0.010549
2 2 0.006011 0.107381 0.877918 0.003099 0.005591
2 2 0.000018 0.000615 0.988756 0.010433 0.000178
2 2 0.000044 0.000728 0.995485 0.003513 0.000230
2 2 0.009837 0.020508 0.956043 0.006792 0.006820
2 2 0.044095 0.252867 0.686790 0.005109 0.011140
2 2 0.001385 0.038166 0.957832 0.001079 0.001539
2 2 0.000321 0.008464 0.989139 0.001437 0.000639
2 2 0.016580 0.220652 0.741346 0.001144 0.020278
2 2 0.004403 0.078702 0.898683 0.000319 0.017893
2 2 0.000257 0.010255 0.981383 0.004600 0.003505
2 2 0.001523 0.003495 0.989566 0.004900 0.000516
2 2 0.031243 0.227841 0.712600 0.014605 0.013710
2 2 0.017303 0.011672 0.944142 0.022914 0.003969
2 2 0.000269 0.003986 0.990412 0.005041 0.000292
2 2 0.001328 0.002973 0.991746 0.002812 0.001142
2 2 0.047565 0.012889 0.920222 0.010289 0.009035
0 0 0.382055 0.289794 0.270755 0.026170 0.031225
0 0 0.891438 0.079381 0.013720 0.000050 0.015411
0 0 0.962023 0.021702 0.006426 0.000104 0.009746
0 0 0.914133 0.049047 0.019943 0.001048 0.015829
0 0 0.945862 0.044196 0.005549 0.000005 0.004388
0 0 0.875345 0.098053 0.011686 0.000013 0.014903
0 0 0.879527 0.098050 0.010654 0.000008 0.011761
0 0 0.817739 0.133360 0.019203 0.000051 0.029647
0 0 0.852303 0.097091 0.018724 0.000126 0.031755
0 0 0.801474 0.101343 0.049586 0.006792 0.040805
0 0 0.802800 0.157909 0.020321 0.000033 0.018937
0 0 0.624247 0.280273 0.032299 0.000062 0.063120
0 0 0.728118 0.191431 0.022012 0.000039 0.058400
0 0 0.506367 0.391612 0.041098 0.000044 0.060878
1 0 0.394330 0.455099 0.068447 0.000268 0.081856
0 0 0.856895 0.103035 0.006980 0.000002 0.033089
0 0 0.786344 0.148678 0.012766 0.000008 0.052204
0 0 0.783033 0.137777 0.016457 0.000032 0.062700
0 0 0.915348 0.046141 0.006033 0.000012 0.032467
0 0 0.630209 0.305052 0.020239 0.000006 0.044494
0 0 0.447541 0.413903 0.042721 0.000076 0.095759
0 0 0.919434 0.032234 0.005848 0.000035 0.042449
0 0 0.896813 0.072732 0.006279 0.000003 0.024172
0 1 0.530760 0.290514 0.029946 0.000058 0.148722
0 1 0.728992 0.167460 0.018663 0.000034 0.084851
1 1 0.380091 0.461994 0.067549 0.000180 0.090187
1 1 0.348124 0.486344 0.084828 0.000162 0.080541
1 1 0.066005 0.523953 0.318900 0.000055 0.091088
1 2 0.070865 0.519679 0.310590 0.000181 0.098684
1 2 0.028593 0.450757 0.414178 0.000065 0.106407
2 2 0.013056 0.362571 0.509218 0.000050 0.115105
2 2 0.002855 0.134197 0.836356 0.000304 0.026288
2 2 0.003062 0.143857 0.826849 0.000631 0.025601
2 2 0.000759 0.047731 0.939788 0.000238 0.011484
2 2 0.000277 0.012842 0.977685 0.000804 0.008392
2 2 0.000505 0.036881 0.957321 0.000286 0.005008
2 2 0.001128 0.067081 0.914156 0.000064 0.017571
2 2 0.000321 0.027589 0.965483 0.000453 0.006153
2 2 0.000337 0.018211 0.978123 0.000461 0.002868
2 2 0.000623 0.049994 0.937457 0.000128 0.011799
2 2 0.000248 0.028169 0.963560 0.000105 0.007918
2 2 0.000061 0.005070 0.992379 0.001608 0.000882
2 2 0.000091 0.004909 0.991619 0.002514 0.000867
2 2 0.000154 0.006416 0.991218 0.001386 0.000827
2 2 0.000307 0.007781 0.985337 0.001016 0.005559
2 2 0.000144 0.011289 0.985969 0.000745 0.001853
2 2 0.000693 0.019786 0.963429 0.000962 0.015130
2 2 0.000535 0.022531 0.974300 0.001409 0.001225
2 2 0.000947 0.001250 0.995139 0.001273 0.001392
2 2 0.000010 0.000231 0.993963 0.005727 0.000069
2 2 0.000404 0.000730 0.993450 0.003286 0.002130
2 2 0.000053 0.000921 0.996582 0.001880 0.000564
2 2 0.000076 0.000487 0.996707 0.001615 0.001116
2 2 0.000112 0.016917 0.975238 0.000994 0.006739
2 2 0.000194 0.005794 0.992453 0.000853 0.000706
2 2 0.000044 0.000409 0.989292 0.010177 0.000078
2 2 0.000471 0.001617 0.991767 0.003773 0.002371
2 2 0.000014 0.000157 0.991725 0.008036 0.000068
2 2 0.000027 0.000821 0.988848 0.009892 0.000412
2 2 0.000053 0.002126 0.995173 0.002474 0.000175
2 2 0.000010 0.000243 0.996624 0.003039 0.000083
2 2 0.000013 0.000131 0.985873 0.013922 0.000061
2 2 0.000022 0.000175 0.988356 0.011252 0.000195
2 2 0.000003 0.000043 0.943675 0.056261 0.000018
2 2 0.000018 0.000081 0.943752 0.056145 0.000004
2 2 0.000007 0.000044 0.980932 0.019011 0.000007
2 2 0.000016 0.000175 0.962362 0.037317 0.000130
2 2 0.000010 0.000129 0.989377 0.010335 0.000149
2 2 0.000005 0.000195 0.957112 0.042595 0.000092
2 2 0.000001 0.000023 0.973262 0.026704 0.000011
2 2 0.000002 0.000022 0.979397 0.020573 0.000006
2 2 0.000035 0.000130 0.976068 0.023720 0.000047
2 2 0.000008 0.000129 0.884809 0.115037 0.000018
2 2 0.000002 0.000024 0.926640 0.073331 0.000002
2 2 0.000005 0.000064 0.956487 0.043438 0.000007
2 2 0.000032 0.000149 0.954769 0.044899 0.000151
2 2 0.000046 0.000256 0.961991 0.037084 0.000623
2 2 0.000003 0.000176 0.839145 0.160610 0.000065
2 2 0.000002 0.000036 0.888519 0.111432 0.000011
2 2 0.000029 0.000130 0.823608 0.176208 0.000025
2 2 0.000002 0.000037 0.616783 0.383173 0.000005
2 2 0.000003 0.000050 0.839933 0.159991 0.000022
2 2 0.000001 0.000017 0.685609 0.314371 0.000002
2 3 0.000021 0.000270 0.795970 0.203697 0.000042
2 3 0.000229 0.000984 0.906026 0.091946 0.000815
2 3 0.000008 0.000056 0.785288 0.214638 0.000011
2 3 0.000025 0.000063 0.954716 0.045162 0.000033
2 3 0.000002 0.000042 0.620552 0.379402 0.000002
2 3 0.000011 0.000110 0.558008 0.441851 0.000019
2 3 0.000008 0.000053 0.655266 0.344669 0.000004
2 3 0.000001 0.000041 0.633138 0.366813 0.000008
3 3 0.000002 0.000044 0.371300 0.628651 0.000004
3 3 0.000001 0.000036 0.493589 0.506367 0.000008
3 3 0.000000 0.000003 0.480494 0.519502 0.000000
2 3 0.000001 0.000020 0.545532 0.454445 0.000002
2 3 0.000103 0.000695 0.516246 0.482894 0.000062
3 3 0.000111 0.000198 0.448799 0.550875 0.000018
2 3 0.000010 0.000132 0.648764 0.351062 0.000032
2 3 0.000019 0.000209 0.673339 0.326407 0.000026
2 3 0.000004 0.000081 0.518556 0.481349 0.000010
2 3 0.000008 0.000062 0.568649 0.431278 0.000003
3 3 0.000001 0.000051 0.494631 0.505315 0.000003
2 3 0.000001 0.000027 0.633084 0.366881 0.000008
3 3 0.000001 0.000018 0.413038 0.586941 0.000002
3 3 0.000006 0.000064 0.417221 0.582706 0.000003
3 3 0.000018 0.000206 0.350671 0.649092 0.000014
2 3 0.000042 0.000172 0.591680 0.408088 0.000018
3 3 0.000005 0.000027 0.350311 0.649653 0.000004
3 3 0.000002 0.000057 0.313152 0.686786 0.000003
2 3 0.000022 0.000153 0.623612 0.376195 0.000018
3 3 0.000020 0.000265 0.450827 0.548861 0.000028
3 3 0.000025 0.000432 0.421080 0.578377 0.000086
3 3 0.000005 0.000030 0.448859 0.551103 0.000004
2 3 0.000002 0.000050 0.654074 0.345866 0.000008
2 3 0.000004 0.000040 0.691737 0.308184 0.000035
3 3 0.000001 0.000039 0.396245 0.603699 0.000017
3 3 0.000001 0.000035 0.265079 0.734883 0.000003
3 3 0.000003 0.000092 0.461145 0.538743 0.000018
3 3 0.000003 0.000028 0.453740 0.546226 0.000003
3 3 0.000006 0.000122 0.223094 0.776765 0.000014
3 3 0.000001 0.000029 0.130850 0.869118 0.000002
2 3 0.000006 0.000132 0.511319 0.488525 0.000017
3 3 0.000003 0.000024 0.438331 0.561638 0.000004
3 3 0.000001 0.000018 0.401533 0.598446 0.000002
2 3 0.000006 0.000100 0.591514 0.408367 0.000013
3 3 0.000016 0.000108 0.249188 0.750679 0.000009
3 3 0.000039 0.000145 0.259572 0.740229 0.000015
3 3 0.000004 0.000048 0.408298 0.591643 0.000007
3 3 0.000031 0.000312 0.323203 0.676414 0.000040
3 3 0.000001 0.000038 0.306584 0.693374 0.000003
3 3 0.000002 0.000053 0.480858 0.519077 0.000010
3 3 0.000139 0.001124 0.408730 0.589889 0.000119
3 3 0.000034 0.000298 0.271351 0.728283 0.000033
3 3 0.000029 0.000231 0.252947 0.746765 0.000028
3 3 0.000040 0.000241 0.344823 0.654859 0.000037
3 3 0.000015 0.000088 0.395951 0.603942 0.000004
3 3 0.000013 0.000099 0.321803 0.678081 0.000004
3 3 0.000031 0.000154 0.314002 0.685804 0.000010
3 3 0.000027 0.000120 0.316352 0.683489 0.000011
3 3 0.000120 0.000106 0.262784 0.736974 0.000016
3 3 0.000466 0.003667 0.384127 0.611358 0.000382
2 3 0.005927 0.019090 0.906840 0.065623 0.002521
2 3 0.009284 0.041352 0.923751 0.024398 0.001216
2 2 0.001077 0.032519 0.964122 0.001342 0.000941
2 2 0.000819 0.015632 0.976087 0.000760 0.006700
2 2 0.000771 0.007525 0.985948 0.003553 0.002204
2 2 0.001255 0.038829 0.953305 0.004011 0.002600
2 2 0.000047 0.004085 0.994452 0.001155 0.000261
2 2 0.000239 0.002733 0.994060 0.001864 0.001104
2 2 0.009140 0.265074 0.644131 0.000001 0.081654
2 2 0.018005 0.321433 0.622593 0.000004 0.037964
2 2 0.005165 0.183247 0.713495 0.004551 0.093541
2 2 0.076699 0.331921 0.372737 0.000743 0.217899
2 2 0.029204 0.373655 0.560934 0.000083 0.036124
2 2 0.007895 0.212710 0.725421 0.000448 0.053526
4 2 0.118055 0.200734 0.068530 0.000938 0.611742
4 2 0.165956 0.242402 0.071917 0.000961 0.518764
4 4 0.189801 0.189899 0.042500 0.001468 0.576332
4 4 0.289531 0.165030 0.033568 0.001028 0.510843
4 4 0.071531 0.026342 0.005238 0.000295 0.896594
4 4 0.222029 0.015580 0.002861 0.000079 0.759450
0 4 0.625796 0.024867 0.004646 0.000072 0.344619
4 4 0.337244 0.029283 0.007432 0.000458 0.625583
4 4 0.254005 0.023750 0.003637 0.000054 0.718554
4 4 0.060981 0.030403 0.005812 0.000307 0.902497
0 4 0.591576 0.030952 0.005575 0.000081 0.371816
4 4 0.064520 0.030236 0.007234 0.000754 0.897256
4 4 0.237481 0.028853 0.004019 0.000045 0.729602
4 4 0.283496 0.032258 0.005276 0.000090 0.678879
4 4 0.148788 0.052983 0.011471 0.000624 0.786134
4 4 0.301735 0.072550 0.011055 0.000144 0.614516
4 4 0.158873 0.018662 0.007933 0.003482 0.811050
4 4 0.253790 0.049426 0.015272 0.001984 0.679528
4 4 0.108767 0.065580 0.016609 0.001664 0.807381
4 4 0.359357 0.048021 0.009971 0.000314 0.582337
0 4 0.748753 0.077421 0.022156 0.000917 0.150752
0 4 0.519876 0.186532 0.029627 0.000271 0.263693
1 4 0.161314 0.460644 0.073093 0.000177 0.304772
1 4 0.152040 0.431784 0.072641 0.001350 0.342185
4 4 0.127179 0.038217 0.007335 0.000294 0.826974
4 4 0.317904 0.054144 0.008283 0.000107 0.619562
4 4 0.030513 0.016665 0.002213 0.000049 0.950560
4 4 0.371226 0.007375 0.001260 0.000014 0.620124
4 4 0.482139 0.017883 0.002389 0.000016 0.497573
4 4 0.373194 0.020315 0.003349 0.000051 0.603091
4 4 0.291223 0.044350 0.005764 0.000047 0.658616
4 4 0.324985 0.047205 0.005729 0.000036 0.622045
4 4 0.393285 0.037377 0.004570 0.000026 0.564742
4 4 0.255329 0.015333 0.003056 0.000103 0.726180
4 4 0.203320 0.048467 0.008584 0.000219 0.739410
4 4 0.187814 0.078913 0.013141 0.000282 0.719850
4 4 0.080592 0.131350 0.022791 0.000768 0.764498
4 4 0.156453 0.076045 0.014796 0.000372 0.752335
0 4 0.449756 0.317618 0.068686 0.001355 0.162586
4 1 0.357210 0.206031 0.066015 0.006899 0.363846
4 1 0.031907 0.388420 0.158925 0.000307 0.420440
1 2 0.019840 0.377457 0.233404 0.000372 0.368927
4 2 0.039821 0.075610 0.014480 0.000888 0.869202
4 4 0.290827 0.115418 0.016608 0.000075 0.577071
4 4 0.096048 0.203147 0.030475 0.000586 0.669743
4 4 0.034134 0.070662 0.035060 0.000406 0.859738
4 4 0.186607 0.024582 0.003332 0.000039 0.785440
4 4 0.190080 0.054662 0.005760 0.000030 0.749468
4 4 0.044279 0.147793 0.035576 0.000784 0.771568
4 4 0.050267 0.173472 0.038293 0.001136 0.736832
4 4 0.069819 0.027882 0.004862 0.000183 0.897254
4 4 0.205649 0.044689 0.006732 0.000103 0.742827
4 4 0.249133 0.042309 0.005813 0.000061 0.702684
4 4 0.061813 0.052146 0.007319 0.000146 0.878577
4 4 0.102899 0.049264 0.003893 0.000011 0.843933
4 4 0.143538 0.025689 0.002680 0.000004 0.828089
4 4 0.109981 0.119247 0.018774 0.000416 0.751583
4 4 0.024357 0.063204 0.021482 0.000911 0.890047
4 4 0.383737 0.033723 0.004318 0.000029 0.578193
4 4 0.465526 0.023240 0.003038 0.000020 0.508176
4 4 0.187385 0.077754 0.021822 0.000276 0.712763
4 4 0.045280 0.178219 0.049634 0.008794 0.718073
1 2 0.013701 0.371314 0.322294 0.000208 0.292483
4 2 0.018934 0.368663 0.208259 0.000171 0.403974
1 2 0.125860 0.422276 0.153201 0.000497 0.298166
1 2 0.082322 0.501301 0.237860 0.003175 0.175342
1 2 0.019012 0.422780 0.349771 0.000045 0.208392
1 2 0.030019 0.466594 0.265275 0.000016 0.238096
1 2 0.018661 0.384852 0.316704 0.000367 0.279417
2 2 0.013186 0.329434 0.525571 0.000614 0.131194
2 2 0.004244 0.250553 0.485651 0.002884 0.256668
2 2 0.006132 0.278334 0.471366 0.000151 0.244018
2 2 0.017012 0.362414 0.512563 0.000944 0.107068
2 2 0.004997 0.210201 0.721235 0.002187 0.061380
2 2 0.004119 0.220304 0.660468 0.001572 0.113537
2 2 0.005610 0.245626 0.659445 0.000530 0.088788
2 2 0.009237 0.353513 0.363699 0.000034 0.273517
2 2 0.005776 0.307946 0.394310 0.000019 0.291950
4 2 0.028129 0.219352 0.068892 0.000275 0.683352
4 2 0.017500 0.316723 0.170938 0.001821 0.493018
2 2 0.005285 0.261280 0.502871 0.001938 0.228626
2 2 0.012406 0.358797 0.380959 0.000485 0.247354
1 2 0.014078 0.371166 0.263972 0.000058 0.350725
1 2 0.027325 0.419140 0.221224 0.000116 0.332195
2 2 0.005507 0.165836 0.800807 0.004295 0.023556
2 2 0.003095 0.163000 0.770559 0.001112 0.062234
2 2 0.003222 0.139259 0.834487 0.000022 0.023010
1 2 0.142806 0.479623 0.345841 0.000010 0.031719
2 2 0.028876 0.271049 0.682589 0.000968 0.016519
2 2 0.005888 0.079601 0.889225 0.000086 0.025201
2 2 0.000509 0.034387 0.958755 0.000157 0.006192
2 2 0.000561 0.005918 0.990269 0.000720 0.002531
2 2 0.000117 0.008253 0.989011 0.000069 0.002550
2 2 0.001462 0.010074 0.974467 0.000225 0.013772
2 2 0.000595 0.017033 0.972676 0.000172 0.009525
2 2 0.000769 0.040262 0.944203 0.000036 0.014729
2 2 0.001187 0.064538 0.909802 0.000029 0.024444
2 2 0.000469 0.030553 0.963949 0.000083 0.004946
2 2 0.002411 0.002906 0.991785 0.000414 0.002484
2 2 0.000261 0.013014 0.977851 0.000152 0.008722
2 2 0.000455 0.005008 0.990916 0.001985 0.001636
2 2 0.000377 0.007543 0.987406 0.000798 0.003876
2 2 0.000806 0.002726 0.994283 0.001111 0.001073
2 2 0.000214 0.001442 0.993826 0.003743 0.000774
2 2 0.000533 0.001680 0.995036 0.000658 0.002093
2 2 0.000280 0.003588 0.991376 0.000446 0.004310
2 2 0.000659 0.003983 0.992362 0.000980 0.002016
2 2 0.000733 0.012159 0.977386 0.000467 0.009254
2 2 0.000116 0.000262 0.994825 0.004743 0.000054
2 2 0.000128 0.007728 0.990217 0.000764 0.001163
2 2 0.000150 0.009919 0.986269 0.000441 0.003222
2 2 0.000432 0.009889 0.982327 0.000244 0.007107
2 2 0.000542 0.004487 0.978356 0.001186 0.015428
2 2 0.000969 0.005352 0.992372 0.000446 0.000861
2 2 0.001066 0.003001 0.982458 0.000457 0.013018
2 2 0.000115 0.006022 0.989141 0.000221 0.004500
2 2 0.000091 0.001969 0.995780 0.000904 0.001256
2 2 0.000078 0.003057 0.993861 0.001982 0.001022
