1 0 0.290891 0.390063 0.091324 0.000767 0.226955
1 0 0.196413 0.572300 0.114145 0.000244 0.116899
0 0 0.730952 0.118782 0.042399 0.001913 0.105953
0 0 0.663730 0.144750 0.031549 0.000201 0.159770
4 0 0.041015 0.216205 0.060719 0.000007 0.682054
4 1 0.059140 0.201260 0.067822 0.000696 0.671082
1 0 0.246244 0.548074 0.128714 0.001318 0.075649
1 0 0.301869 0.521985 0.114052 0.000782 0.061312
4 0 0.022462 0.207854 0.076064 0.000003 0.693618
4 0 0.027319 0.228194 0.066303 0.000001 0.678184
4 1 0.012070 0.183882 0.084866 0.000001 0.719181
4 1 0.006582 0.160608 0.089531 0.000000 0.743279
4 1 0.002924 0.152101 0.119519 0.000000 0.725455
4 1 0.003368 0.111342 0.086456 0.000001 0.798833
4 1 0.009399 0.250273 0.178625 0.000008 0.561695
4 1 0.005615 0.251205 0.212358 0.000002 0.530820
4 1 0.009127 0.228409 0.143954 0.000002 0.618508
4 1 0.013849 0.220686 0.125289 0.000012 0.640164
4 1 0.004685 0.128398 0.096813 0.000002 0.770102
4 1 0.003005 0.093578 0.069027 0.000000 0.834389
4 1 0.002708 0.124663 0.093899 0.000000 0.778730
4 1 0.002206 0.118028 0.109468 0.000000 0.770299
4 1 0.001845 0.147769 0.165642 0.000000 0.684744
4 1 0.004024 0.163439 0.149357 0.000003 0.683177
4 1 0.003847 0.177363 0.170905 0.000003 0.647883
4 1 0.004912 0.164156 0.159107 0.000018 0.671806
2 1 0.015963 0.297767 0.475530 0.032419 0.178320
2 2 0.011093 0.216698 0.624985 0.049466 0.097759
1 2 0.028192 0.423339 0.389286 0.009189 0.149994
2 2 0.004715 0.262507 0.636375 0.001436 0.094968
2 2 0.000526 0.046450 0.946748 0.002378 0.003898
2 2 0.000209 0.025566 0.965721 0.000095 0.008408
2 2 0.000131 0.021020 0.968382 0.005755 0.004711
2 2 0.000106 0.025910 0.964390 0.003748 0.005846
2 2 0.000095 0.016938 0.963383 0.017827 0.001757
2 2 0.000150 0.023657 0.958405 0.015447 0.002341
2 2 0.000830 0.036386 0.786476 0.166683 0.009624
2 2 0.000766 0.037542 0.890228 0.051417 0.020047
2 2 0.000014 0.003710 0.921552 0.074404 0.000319
2 2 0.001444 0.015823 0.845685 0.135717 0.001330
2 2 0.000083 0.005781 0.890278 0.103478 0.000380
2 3 0.005756 0.037357 0.777361 0.177394 0.002132
2 3 0.000224 0.011699 0.681926 0.302844 0.003307
3 3 0.004108 0.013689 0.354587 0.625440 0.002177
3 3 0.000550 0.002070 0.195020 0.802068 0.000292
3 3 0.001478 0.003443 0.149166 0.845054 0.000859
3 3 0.000250 0.001785 0.184276 0.813258 0.000431
3 3 0.000717 0.001747 0.114187 0.882968 0.000381
3 3 0.000189 0.000320 0.034467 0.964915 0.000109
3 3 0.000107 0.000353 0.045919 0.953495 0.000125
3 3 0.000049 0.000042 0.011717 0.988183 0.000009
3 3 0.000290 0.000245 0.027512 0.971889 0.000064
3 3 0.000585 0.000211 0.011511 0.987620 0.000074
3 3 0.001418 0.001103 0.046027 0.951153 0.000299
3 3 0.000065 0.000046 0.009190 0.990685 0.000013
3 3 0.000055 0.000032 0.006717 0.993188 0.000009
3 3 0.000072 0.000048 0.008278 0.991586 0.000015
3 3 0.000028 0.000018 0.005131 0.994817 0.000005
3 3 0.000080 0.000033 0.005593 0.994285 0.000010
3 3 0.000371 0.000085 0.007037 0.992483 0.000025
3 3 0.000098 0.000041 0.006180 0.993669 0.000012
3 3 0.000103 0.000052 0.008548 0.991283 0.000014
3 3 0.000239 0.000085 0.007882 0.991768 0.000027
3 3 0.001077 0.000166 0.007821 0.990881 0.000054
3 3 0.000235 0.000033 0.003873 0.995850 0.000009
3 3 0.000130 0.000051 0.007460 0.992344 0.000015
3 3 0.000082 0.000033 0.006393 0.993483 0.000009
3 3 0.000160 0.000049 0.005992 0.993783 0.000015
3 3 0.000336 0.000082 0.006845 0.992711 0.000026
3 3 0.000370 0.000087 0.006923 0.992592 0.000027
3 3 0.000157 0.000060 0.007199 0.992566 0.000018
3 3 0.001171 0.000164 0.007532 0.991080 0.000053
3 3 0.000146 0.000066 0.007696 0.992072 0.000021
3 3 0.000260 0.000074 0.006940 0.992703 0.000023
3 3 0.000433 0.000098 0.007165 0.992274 0.000031
3 3 0.001095 0.000305 0.012995 0.985508 0.000097
3 3 0.000615 0.000095 0.006241 0.993019 0.000030
3 3 0.000428 0.000131 0.010025 0.989376 0.000041
3 3 0.000129 0.000026 0.004002 0.995835 0.000007
3 3 0.000378 0.000085 0.006730 0.992782 0.000026
3 3 0.000125 0.000048 0.006405 0.993407 0.000015
3 3 0.000032 0.000010 0.003273 0.996683 0.000002
3 3 0.000111 0.000026 0.004567 0.995289 0.000006
3 3 0.000026 0.000011 0.004023 0.995937 0.000003
3 3 0.000038 0.000031 0.006855 0.993067 0.000009
3 3 0.000186 0.000052 0.005934 0.993812 0.000016
3 3 0.000083 0.000034 0.005836 0.994037 0.000010
3 3 0.000082 0.000018 0.003593 0.996302 0.000005
3 3 0.000071 0.000022 0.004291 0.995610 0.000006
3 3 0.000209 0.000049 0.005549 0.994179 0.000014
3 3 0.000140 0.000048 0.006178 0.993620 0.000014
3 3 0.000022 0.000010 0.003646 0.996318 0.000003
3 3 0.000075 0.000030 0.005334 0.994552 0.000009
3 3 0.000103 0.000028 0.004544 0.995318 0.000008
3 3 0.000917 0.000162 0.008673 0.990200 0.000047
3 3 0.000177 0.000035 0.004468 0.995311 0.000010
3 3 0.000049 0.000012 0.003654 0.996282 0.000002
3 3 0.000044 0.000012 0.003626 0.996315 0.000003
3 3 0.000025 0.000006 0.002418 0.997549 0.000002
3 3 0.000046 0.000017 0.004026 0.995906 0.000004
3 3 0.000054 0.000022 0.004809 0.995109 0.000006
3 3 0.000399 0.000072 0.005842 0.993666 0.000022
3 3 0.000145 0.000032 0.004468 0.995347 0.000009
3 3 0.000151 0.000030 0.004250 0.995561 0.000008
3 3 0.000055 0.000023 0.004793 0.995123 0.000006
3 3 0.000237 0.000069 0.006774 0.992899 0.000021
3 3 0.000037 0.000011 0.003266 0.996683 0.000003
3 3 0.000126 0.000025 0.003869 0.995973 0.000007
3 3 0.000017 0.000008 0.003219 0.996754 0.000002
3 3 0.000109 0.000025 0.004307 0.995553 0.000006
3 3 0.000153 0.000026 0.003823 0.995990 0.000007
3 3 0.000082 0.000019 0.003614 0.996280 0.000005
3 3 0.000068 0.000018 0.003737 0.996173 0.000005
3 3 0.000044 0.000009 0.002729 0.997216 0.000002
3 3 0.000070 0.000018 0.003695 0.996213 0.000005
3 3 0.000117 0.000019 0.003230 0.996630 0.000005
3 3 0.000040 0.000009 0.002772 0.997177 0.000002
3 3 0.000075 0.000013 0.002935 0.996973 0.000003
3 3 0.000019 0.000006 0.002511 0.997462 0.000001
3 3 0.000038 0.000013 0.003638 0.996307 0.000003
3 3 0.000032 0.000008 0.002640 0.997319 0.000002
3 3 0.000035 0.000010 0.003001 0.996952 0.000003
3 3 0.000010 0.000007 0.003394 0.996588 0.000002
3 3 0.000033 0.000011 0.003333 0.996621 0.000003
3 3 0.000022 0.000005 0.002035 0.997937 0.000001
3 3 0.000041 0.000014 0.003630 0.996311 0.000004
3 3 0.000023 0.000007 0.002836 0.997132 0.000002
3 3 0.000023 0.000007 0.002821 0.997146 0.000002
3 3 0.000054 0.000011 0.002858 0.997074 0.000003
3 3 0.000032 0.000008 0.002658 0.997300 0.000002
3 3 0.000010 0.000003 0.002001 0.997985 0.000001
3 3 0.000023 0.000007 0.002602 0.997366 0.000002
3 3 0.000028 0.000005 0.002090 0.997875 0.000001
3 3 0.000150 0.000026 0.003762 0.996055 0.000007
3 3 0.000005 0.000002 0.001946 0.998047 0.000001
3 3 0.000018 0.000005 0.002096 0.997880 0.000001
3 3 0.000003 0.000001 0.001364 0.998631 0.000000
3 3 0.000013 0.000006 0.002706 0.997274 0.000001
3 3 0.000038 0.000006 0.001949 0.998005 0.000001
3 3 0.000021 0.000005 0.002307 0.997666 0.000001
3 3 0.000020 0.000004 0.001971 0.998004 0.000001
3 3 0.000025 0.000007 0.002582 0.997385 0.000002
3 3 0.000002 0.000001 0.001593 0.998404 0.000000
3 3 0.000019 0.000006 0.002532 0.997442 0.000001
3 3 0.000009 0.000003 0.002041 0.997947 0.000001
3 3 0.000032 0.000006 0.002252 0.997707 0.000002
3 3 0.000026 0.000009 0.003286 0.996677 0.000002
3 3 0.000029 0.000007 0.002477 0.997486 0.000002
3 3 0.000024 0.000005 0.002059 0.997911 0.000001
3 3 0.000024 0.000005 0.002113 0.997857 0.000001
3 3 0.000014 0.000004 0.001935 0.998046 0.000001
3 3 0.000014 0.000004 0.002027 0.997955 0.000001
3 3 0.000019 0.000004 0.001978 0.997997 0.000001
3 3 0.000028 0.000007 0.002545 0.997418 0.000002
3 3 0.000015 0.000004 0.002080 0.997900 0.000001
3 3 0.000018 0.000007 0.003088 0.996885 0.000002
3 3 0.000015 0.000004 0.001917 0.998063 0.000001
3 3 0.000010 0.000005 0.002996 0.996988 0.000001
3 3 0.000006 0.000002 0.001825 0.998166 0.000001
3 3 0.000033 0.000009 0.003242 0.996713 0.000002
3 3 0.000005 0.000003 0.002100 0.997892 0.000001
3 3 0.000007 0.000003 0.001938 0.998052 0.000001
3 3 0.000016 0.000004 0.001993 0.997986 0.000001
3 3 0.000806 0.000162 0.010035 0.988958 0.000039
3 3 0.006849 0.001024 0.030507 0.961498 0.000123
3 3 0.023251 0.015826 0.230889 0.729034 0.001000
2 2 0.014126 0.080686 0.517876 0.373566 0.013745
2 2 0.029019 0.168235 0.607856 0.166753 0.028137
2 2 0.021398 0.097352 0.491627 0.362071 0.027553
2 2 0.020008 0.138603 0.591038 0.224952 0.025400
2 2 0.054357 0.281217 0.541752 0.070913 0.051761
2 1 0.021733 0.329870 0.536237 0.040413 0.071746
1 1 0.021591 0.373006 0.339763 0.007449 0.258192
1 1 0.018807 0.355142 0.343903 0.006998 0.275149
2 1 0.020639 0.317913 0.378808 0.027705 0.254935
2 1 0.018050 0.331667 0.425564 0.017533 0.207187
2 1 0.006060 0.260798 0.550153 0.004551 0.178438
2 1 0.005736 0.167496 0.614573 0.060379 0.151815
4 1 0.013316 0.347229 0.289227 0.000135 0.350093
1 1 0.025420 0.393187 0.287137 0.001381 0.292875
1 1 0.019330 0.428956 0.316463 0.000222 0.235029
1 1 0.024073 0.430685 0.307969 0.000629 0.236644
1 1 0.064195 0.391226 0.159684 0.000786 0.384109
1 1 0.069763 0.486739 0.191047 0.000486 0.251966
1 1 0.167848 0.446440 0.158083 0.004454 0.223176
1 1 0.212508 0.404643 0.153860 0.003895 0.225094
0 1 0.495143 0.366836 0.118242 0.002770 0.017009
0 1 0.695838 0.182132 0.095840 0.014505 0.011685
0 0 0.585631 0.166045 0.081161 0.015913 0.151250
1 0 0.205585 0.444499 0.077727 0.000073 0.272115
4 0 0.358445 0.192914 0.075925 0.001214 0.371503
0 0 0.749920 0.103961 0.041587 0.002967 0.101566
0 0 0.581149 0.162416 0.037783 0.000351 0.218301
0 0 0.943179 0.017216 0.006434 0.000237 0.032935
0 0 0.978791 0.013209 0.006133 0.000293 0.001573
0 0 0.976924 0.014616 0.006702 0.000301 0.001459
0 0 0.974553 0.010847 0.005096 0.000366 0.009139
0 0 0.971645 0.013688 0.007626 0.001039 0.006002
0 0 0.641586 0.155983 0.062937 0.005232 0.134262
0 0 0.786952 0.077641 0.037144 0.005382 0.092881
4 0 0.390566 0.144062 0.038631 0.000825 0.425916
4 0 0.195986 0.173400 0.064719 0.007072 0.558823
1 0 0.078039 0.429320 0.247642 0.004733 0.240266
1 0 0.049861 0.485129 0.204975 0.000124 0.259911
1 0 0.295905 0.468895 0.141757 0.004121 0.089321
0 0 0.360944 0.352768 0.150993 0.018798 0.116497
0 0 0.579805 0.263139 0.071825 0.001100 0.084131
0 0 0.852497 0.068652 0.033245 0.004179 0.041427
1 0 0.181579 0.563369 0.159667 0.004058 0.091327
1 0 0.149129 0.508403 0.193534 0.008138 0.140796
1 0 0.153087 0.568303 0.176571 0.006961 0.095077
0 0 0.347323 0.340213 0.154230 0.023411 0.134823
0 0 0.567552 0.193897 0.096002 0.019337 0.123212
1 0 0.346364 0.399812 0.114661 0.002779 0.136385
0 0 0.872144 0.062753 0.028656 0.002670 0.033777
0 0 0.838521 0.072733 0.032730 0.003200 0.052816
0 0 0.595490 0.246421 0.109012 0.010726 0.038351
0 0 0.720661 0.164450 0.072522 0.006491 0.035876
1 0 0.071894 0.529428 0.186223 0.000145 0.212310
1 0 0.083906 0.430203 0.143867 0.000371 0.341653
1 0 0.080455 0.591657 0.177831 0.000046 0.150012
1 0 0.130256 0.577185 0.174681 0.001517 0.116361
1 0 0.139938 0.623933 0.182162 0.002424 0.051543
1 0 0.095405 0.660369 0.181767 0.000072 0.062387
0 0 0.704162 0.152847 0.061853 0.004522 0.076617
0 0 0.497054 0.347427 0.097954 0.001665 0.055900
1 0 0.077656 0.625783 0.236420 0.000222 0.059919
1 0 0.078358 0.686282 0.185661 0.000018 0.049682
1 0 0.111976 0.637062 0.192771 0.000706 0.057485
1 0 0.082482 0.680137 0.195725 0.000058 0.041598
1 1 0.139708 0.625539 0.191542 0.005238 0.037974
1 1 0.071265 0.691165 0.218828 0.000125 0.018618
1 1 0.060646 0.601189 0.260478 0.000661 0.077025
1 1 0.040923 0.651369 0.278994 0.000082 0.028633
1 0 0.357364 0.481617 0.126536 0.001581 0.032902
1 0 0.379319 0.418573 0.158050 0.009013 0.035046
1 0 0.288412 0.519852 0.098228 0.000403 0.093105
0 0 0.530571 0.299257 0.084785 0.001562 0.083825
0 0 0.625979 0.276532 0.067233 0.000502 0.029754
1 0 0.415462 0.463214 0.081482 0.000188 0.039654
1 0 0.070910 0.709990 0.186152 0.000008 0.032939
1 1 0.116338 0.655025 0.180149 0.000335 0.048153
1 1 0.214447 0.617127 0.120009 0.000526 0.047891
0 0 0.479489 0.324758 0.145128 0.015650 0.034975
0 0 0.768057 0.142911 0.050230 0.001703 0.037099
1 0 0.272276 0.599971 0.079522 0.000044 0.048187
1 0 0.077450 0.654691 0.175296 0.000010 0.092553
1 1 0.084061 0.624869 0.179179 0.000038 0.111853
0 1 0.451891 0.435814 0.057383 0.000041 0.054871
0 0 0.716702 0.128625 0.045676 0.002038 0.106959
0 0 0.803283 0.112980 0.052621 0.005292 0.025824
0 0 0.655073 0.268968 0.055807 0.000194 0.019958
0 0 0.588917 0.281313 0.093566 0.002719 0.033485
0 0 0.777958 0.138441 0.052086 0.002228 0.029287
1 0 0.305114 0.421103 0.111101 0.002030 0.160653
0 0 0.555352 0.228767 0.092832 0.008085 0.114964
0 0 0.930119 0.036456 0.018487 0.002102 0.012836
0 0 0.779612 0.126271 0.042240 0.001228 0.050648
0 0 0.476498 0.266791 0.125697 0.021289 0.109724
1 0 0.257959 0.360495 0.129799 0.002941 0.248805
1 0 0.125031 0.477466 0.149278 0.001949 0.246276
1 0 0.058231 0.546880 0.254492 0.000332 0.140065
1 0 0.050811 0.522976 0.310704 0.002248 0.113262
1 0 0.053181 0.573306 0.311974 0.001335 0.060204
0 0 0.420933 0.347322 0.083162 0.000572 0.148011
1 0 0.154871 0.522764 0.124116 0.000323 0.197928
1 0 0.114519 0.682991 0.166861 0.000093 0.035536
1 0 0.100874 0.689022 0.172059 0.000047 0.037998
1 0 0.085135 0.672207 0.207925 0.000195 0.034539
1 0 0.123685 0.632410 0.200903 0.003263 0.039738
1 0 0.095400 0.677189 0.194137 0.000179 0.033095
1 0 0.115869 0.623242 0.206612 0.000594 0.053682
1 1 0.085976 0.699600 0.181958 0.000028 0.032438
1 1 0.111857 0.699845 0.163197 0.000060 0.025042
1 1 0.081836 0.663734 0.207216 0.000133 0.047081
1 1 0.073854 0.646802 0.234201 0.000400 0.044743
1 1 0.043067 0.616654 0.316555 0.000417 0.023307
1 1 0.018043 0.543396 0.413564 0.000019 0.024978
2 1 0.013514 0.386609 0.580784 0.001355 0.017738
2 1 0.016923 0.432615 0.535244 0.000889 0.014329
1 1 0.121600 0.681092 0.165192 0.000140 0.031975
1 2 0.131849 0.652397 0.176382 0.000773 0.038599
1 2 0.172215 0.619267 0.157617 0.002277 0.048625
1 2 0.154716 0.655153 0.134863 0.000081 0.055187
1 2 0.172194 0.671652 0.137003 0.000349 0.018803
1 2 0.273044 0.550174 0.145706 0.000999 0.030077
0 0 0.753449 0.157857 0.054527 0.001687 0.032480
0 0 0.634958 0.215016 0.066342 0.001639 0.082046
0 0 0.470733 0.395401 0.075188 0.000251 0.058427
0 0 0.420662 0.389094 0.090812 0.000822 0.098610
1 0 0.163128 0.631259 0.146944 0.000479 0.058189
1 0 0.128718 0.650735 0.142767 0.000037 0.077743
1 0 0.096808 0.663845 0.197975 0.000086 0.041285
1 0 0.327573 0.434133 0.195068 0.009115 0.034111
1 0 0.316614 0.483701 0.134631 0.002527 0.062527
0 0 0.533327 0.257731 0.107652 0.010252 0.091038
0 0 0.602994 0.270559 0.069890 0.000773 0.055784
0 0 0.854902 0.083544 0.034001 0.001878 0.025675
4 0 0.178229 0.267515 0.056214 0.000559 0.497483
1 0 0.099589 0.421884 0.094462 0.000015 0.384051
1 1 0.073507 0.623685 0.185445 0.000023 0.117341
0 0 0.392428 0.290653 0.138878 0.028082 0.149960
0 0 0.477063 0.347711 0.095413 0.001567 0.078246
0 0 0.616614 0.188830 0.066679 0.003174 0.124703
0 0 0.819802 0.095691 0.037408 0.001994 0.045106
0 0 0.887007 0.058379 0.017017 0.000243 0.037353
0 0 0.433033 0.339199 0.092219 0.001667 0.133881
0 0 0.727101 0.109942 0.051405 0.007187 0.104365
0 0 0.660126 0.224168 0.080731 0.003119 0.031855
0 0 0.430573 0.390711 0.137260 0.005602 0.035854
0 0 0.798099 0.110395 0.060162 0.011145 0.020199
1 0 0.274193 0.598864 0.104925 0.000068 0.021951
1 0 0.184476 0.486400 0.263963 0.011778 0.053383
1 0 0.118857 0.655188 0.199684 0.001840 0.024431
1 0 0.342240 0.432855 0.158928 0.009152 0.056824
1 0 0.165839 0.622318 0.164012 0.002728 0.045104
1 1 0.148263 0.638017 0.180618 0.003824 0.029278
1 1 0.142511 0.619182 0.190996 0.006277 0.041034
1 2 0.099958 0.611063 0.226949 0.003684 0.058346
1 2 0.065360 0.622043 0.218411 0.000079 0.094106
0 0 0.546207 0.329340 0.100088 0.001881 0.022484
0 0 0.610427 0.294380 0.074757 0.000622 0.019815
0 0 0.742684 0.186032 0.053595 0.000684 0.017006
0 0 0.876345 0.075157 0.028768 0.001136 0.018594
0 0 0.773269 0.088147 0.022545 0.000248 0.115791
0 0 0.538410 0.176824 0.040201 0.000356 0.244210
1 1 0.159057 0.547324 0.158732 0.003914 0.130972
1 1 0.108697 0.621713 0.181487 0.000300 0.087803
1 1 0.062082 0.573137 0.264189 0.001470 0.099123
1 1 0.088572 0.521802 0.221448 0.005668 0.162509
0 0 0.488912 0.296056 0.084127 0.001751 0.129153
0 0 0.608763 0.192282 0.058188 0.001486 0.139280
0 0 0.677249 0.142483 0.048454 0.001913 0.129901
0 0 0.509858 0.323263 0.063268 0.000260 0.103352
0 0 0.716886 0.180003 0.077876 0.005702 0.019532
0 0 0.838928 0.090070 0.048875 0.008068 0.014059
0 0 0.848400 0.079888 0.042276 0.006866 0.022570
0 0 0.463602 0.402446 0.101800 0.000995 0.031157
1 0 0.079101 0.640913 0.212718 0.000175 0.067092
1 0 0.070639 0.649647 0.215794 0.000084 0.063836
1 1 0.130634 0.692047 0.141948 0.000023 0.035349
1 1 0.268083 0.542929 0.163107 0.003578 0.022303
1 0 0.306952 0.566643 0.106671 0.000308 0.019426
0 0 0.748513 0.159500 0.073601 0.006296 0.012090
0 0 0.577443 0.289651 0.101393 0.003543 0.027970
1 0 0.229116 0.631267 0.107097 0.000240 0.032280
1 0 0.191698 0.603204 0.139268 0.001375 0.064455
1 0 0.123769 0.650207 0.124123 0.000005 0.101896
1 1 0.035243 0.566003 0.297981 0.000172 0.100601
1 1 0.051962 0.549713 0.276303 0.001203 0.120819
4 1 0.030554 0.339501 0.112666 0.000001 0.517279
4 1 0.018019 0.308335 0.149841 0.000003 0.523802
4 1 0.081209 0.346582 0.081367 0.000013 0.490829
4 1 0.093593 0.334048 0.101717 0.000631 0.470011
0 0 0.657988 0.265483 0.067177 0.000455 0.008897
0 0 0.876648 0.074415 0.033587 0.002458 0.012892
0 0 0.939950 0.037688 0.016902 0.000923 0.004538
0 0 0.915067 0.054351 0.022009 0.000893 0.007680
0 0 0.723884 0.133260 0.052552 0.003489 0.086815
0 0 0.601702 0.265406 0.081957 0.001870 0.049064
0 0 0.634115 0.261697 0.082158 0.001652 0.020378
0 0 0.660867 0.230571 0.087222 0.003672 0.017667
0 0 0.659747 0.201722 0.101218 0.014649 0.022665
0 0 0.539666 0.256150 0.156628 0.016333 0.031222
0 0 0.906108 0.061296 0.024810 0.000988 0.006799
0 0 0.715484 0.217106 0.055626 0.000405 0.011378
0 0 0.890092 0.071342 0.022022 0.000339 0.016204
0 0 0.844472 0.102202 0.032572 0.000619 0.020135
0 0 0.776904 0.143805 0.051736 0.001789 0.025766
0 0 0.830402 0.122334 0.036024 0.000437 0.010804
0 0 0.847848 0.096090 0.027332 0.000344 0.028386
0 0 0.799355 0.135243 0.032132 0.000202 0.033068
0 0 0.678268 0.175363 0.045601 0.000557 0.100211
0 0 0.712692 0.169091 0.043789 0.000486 0.073941
0 0 0.471150 0.307936 0.143417 0.010386 0.067111
0 0 0.674083 0.203481 0.087298 0.006809 0.028330
1 0 0.273853 0.513526 0.135196 0.002171 0.075254
0 0 0.539950 0.270071 0.101855 0.006169 0.081955
0 0 0.727261 0.178889 0.052702 0.000886 0.040263
0 0 0.534870 0.342271 0.080501 0.000589 0.041769
0 0 0.755614 0.135532 0.034010 0.000323 0.074521
0 0 0.808804 0.103400 0.028745 0.000388 0.058663
0 0 0.721951 0.177980 0.056396 0.001304 0.042368
0 0 0.648025 0.270824 0.055764 0.000198 0.025190
0 0 0.468277 0.328695 0.046049 0.000052 0.156927
0 0 0.697641 0.192126 0.059521 0.001308 0.049405
0 0 0.577971 0.265874 0.098062 0.004857 0.053235
0 0 0.675646 0.202696 0.071377 0.002697 0.047584
0 0 0.882110 0.058685 0.013738 0.000081 0.045384
0 0 0.663081 0.199308 0.022708 0.000009 0.114893
0 0 0.702889 0.217539 0.020878 0.000003 0.058690
0 0 0.844681 0.078030 0.030807 0.001681 0.044801
0 0 0.762245 0.111800 0.036040 0.001008 0.088907
0 0 0.462544 0.383516 0.038731 0.000010 0.115199
1 0 0.100444 0.621280 0.149767 0.000016 0.128493
1 0 0.097002 0.602783 0.141613 0.000009 0.158593
1 1 0.112040 0.641744 0.143203 0.000015 0.102998
1 1 0.133980 0.633317 0.137447 0.000040 0.095215
1 0 0.264701 0.602896 0.107641 0.000234 0.024528
1 0 0.155243 0.713358 0.106523 0.000004 0.024873
0 0 0.555177 0.323896 0.047340 0.000052 0.073535
0 0 0.692310 0.203333 0.058156 0.000901 0.045299
0 0 0.949769 0.025246 0.009911 0.000386 0.014688
0 0 0.925469 0.051338 0.011413 0.000040 0.011740
0 0 0.822218 0.108211 0.022418 0.000084 0.047069
0 0 0.786565 0.147625 0.035578 0.000235 0.029997
0 0 0.868984 0.071484 0.038706 0.006253 0.014573
0 0 0.676484 0.226229 0.069290 0.001298 0.026698
0 0 0.708272 0.205240 0.043139 0.000180 0.043169
0 0 0.636370 0.257905 0.059383 0.000383 0.045960
0 0 0.772474 0.163175 0.028720 0.000053 0.035578
0 0 0.680784 0.222401 0.053354 0.000394 0.043067
1 0 0.082198 0.668262 0.158053 0.000004 0.091484
1 1 0.147015 0.626066 0.131125 0.000052 0.095743
1 1 0.137968 0.614710 0.132174 0.000042 0.115106
0 0 0.407974 0.324983 0.114521 0.005954 0.146568
0 0 0.843797 0.093176 0.028643 0.000519 0.033865
0 0 0.820964 0.101063 0.037225 0.001504 0.039243
0 0 0.717139 0.184627 0.052938 0.000814 0.044481
0 0 0.945449 0.022893 0.008868 0.000355 0.022435
0 0 0.958077 0.021371 0.010279 0.000849 0.009424
0 0 0.886384 0.079659 0.018420 0.000084 0.015453
0 0 0.801785 0.133471 0.047508 0.001404 0.015832
0 0 0.806470 0.136237 0.041917 0.000660 0.014716
0 0 0.871323 0.073163 0.031349 0.002062 0.022103
0 0 0.875365 0.085252 0.023458 0.000224 0.015701
0 0 0.618182 0.271470 0.056046 0.000238 0.054065
0 0 0.757276 0.149303 0.042959 0.000670 0.049793
0 0 0.774061 0.054460 0.016013 0.000328 0.155137
0 0 0.787703 0.035308 0.012864 0.000641 0.163485
0 0 0.709731 0.145299 0.067246 0.008435 0.069289
0 0 0.668994 0.226464 0.065046 0.001006 0.038491
0 0 0.857782 0.080699 0.031593 0.001510 0.028416
0 0 0.860497 0.074574 0.029678 0.001567 0.033684
0 0 0.790356 0.065344 0.018282 0.000292 0.125726
0 0 0.488104 0.206118 0.026736 0.000024 0.279020
4 0 0.257303 0.279197 0.061871 0.000550 0.401078
4 0 0.099307 0.344144 0.073369 0.000017 0.483163
4 1 0.044047 0.294687 0.072391 0.000001 0.588874
4 0 0.294910 0.103642 0.035295 0.002311 0.563842
0 0 0.970792 0.013600 0.004063 0.000046 0.011499
0 0 0.873939 0.031378 0.007539 0.000055 0.087088
0 0 0.809782 0.045710 0.013427 0.000259 0.130821
0 0 0.623216 0.132394 0.011663 0.000002 0.232725
1 0 0.351658 0.446178 0.076184 0.000205 0.125775
0 0 0.845511 0.052062 0.017965 0.000621 0.083842
4 0 0.218117 0.213237 0.084767 0.011464 0.472414
1 0 0.111073 0.483521 0.094100 0.000004 0.311302
1 0 0.034825 0.426983 0.163516 0.000005 0.374671
4 0 0.026751 0.362227 0.138129 0.000002 0.472892
1 0 0.016309 0.428310 0.257903 0.000007 0.297472
1 0 0.015736 0.419816 0.255226 0.000006 0.309215
4 1 0.012219 0.229923 0.098827 0.000000 0.659031
4 1 0.010602 0.222736 0.090572 0.000000 0.676090
4 1 0.038608 0.286343 0.097903 0.000013 0.577134
4 1 0.022829 0.289258 0.094499 0.000000 0.593413
4 1 0.020644 0.215475 0.088009 0.000005 0.675867
4 1 0.014198 0.205878 0.091419 0.000001 0.688504
4 1 0.025033 0.134860 0.030285 0.000000 0.809822
4 1 0.056363 0.190105 0.042663 0.000008 0.710860
4 4 0.248862 0.117098 0.018551 0.000052 0.615437
4 4 0.210552 0.195077 0.023796 0.000019 0.570557
4 4 0.419294 0.058921 0.010643 0.000042 0.511099
4 4 0.425926 0.069734 0.016594 0.000208 0.487537
4 4 0.062743 0.318530 0.112646 0.000283 0.505798
4 4 0.048390 0.328454 0.112777 0.000034 0.510345
4 4 0.142759 0.108615 0.031464 0.001321 0.715841
4 4 0.059444 0.250858 0.070339 0.000040 0.619319
4 2 0.019796 0.052815 0.010228 0.000000 0.917160
4 2 0.039229 0.083886 0.015139 0.000002 0.861744
4 2 0.048776 0.180977 0.043899 0.000009 0.726339
4 0 0.052544 0.161976 0.032607 0.000003 0.752869
4 0 0.021704 0.193416 0.066046 0.000001 0.718831
4 0 0.007302 0.130057 0.048633 0.000000 0.814008
4 1 0.002950 0.156978 0.156302 0.000001 0.683769
4 1 0.005226 0.190767 0.168419 0.000005 0.635582
4 1 0.018016 0.268316 0.105489 0.000001 0.608179
4 1 0.026579 0.281531 0.113799 0.000008 0.578084
4 1 0.012165 0.260614 0.153081 0.000004 0.574137
4 1 0.014131 0.271200 0.169920 0.000019 0.544731
1 1 0.080083 0.436603 0.108619 0.000010 0.374685
4 0 0.197862 0.208036 0.074940 0.006970 0.512191
4 0 0.229530 0.168164 0.013732 0.000002 0.588571
0 0 0.562514 0.081572 0.019832 0.000237 0.335846
0 0 0.652991 0.150421 0.038410 0.000478 0.157700
0 0 0.483396 0.296436 0.046547 0.000085 0.173537
4 1 0.010847 0.236213 0.139965 0.000003 0.612971
4 1 0.017653 0.235358 0.135393 0.000052 0.611544
4 1 0.012704 0.318987 0.222321 0.000017 0.445970
4 1 0.018454 0.331137 0.212534 0.000066 0.437808
1 1 0.020955 0.478176 0.329673 0.000147 0.171048
2 1 0.003923 0.267550 0.630638 0.000064 0.097825
2 1 0.001189 0.161300 0.826136 0.000019 0.011356
2 2 0.032075 0.398661 0.543419 0.000664 0.025181
2 2 0.001618 0.097566 0.896206 0.000228 0.004382
2 2 0.001531 0.112951 0.868357 0.000018 0.017142
2 2 0.001590 0.050637 0.946377 0.000146 0.001249
2 2 0.001916 0.098606 0.896827 0.000031 0.002619
2 2 0.000155 0.034657 0.962660 0.001385 0.001143
2 2 0.000084 0.035796 0.962517 0.000061 0.001542
2 2 0.000341 0.022873 0.976151 0.000100 0.000535
2 2 0.000613 0.029631 0.968918 0.000512 0.000325
2 2 0.000095 0.038450 0.960685 0.000178 0.000593
2 2 0.000456 0.047593 0.950843 0.000367 0.000741
2 2 0.000334 0.026724 0.970758 0.001802 0.000381
2 2 0.000806 0.037213 0.954468 0.006840 0.000673
2 2 0.005091 0.128551 0.861629 0.001594 0.003135
2 2 0.062262 0.344722 0.521596 0.048671 0.022749
2 2 0.000519 0.101070 0.896954 0.000123 0.001334
2 2 0.001586 0.068696 0.924401 0.002420 0.002897
2 2 0.006074 0.047588 0.944789 0.000590 0.000958
2 2 0.000666 0.085133 0.913644 0.000023 0.000534
2 2 0.000313 0.033180 0.966045 0.000034 0.000427
2 2 0.001761 0.031641 0.963219 0.003151 0.000228
2 2 0.000281 0.025054 0.973998 0.000547 0.000120
2 2 0.000455 0.015913 0.981605 0.001961 0.000065
2 2 0.000967 0.023848 0.974191 0.000476 0.000517
2 2 0.000387 0.046636 0.951687 0.000659 0.000631
2 2 0.007259 0.048839 0.922224 0.021147 0.000531
2 2 0.002814 0.034526 0.959928 0.002412 0.000321
2 2 0.000000 0.000570 0.999028 0.000400 0.000001
2 2 0.000116 0.001752 0.941108 0.057014 0.000010
2 2 0.000878 0.014448 0.949411 0.035097 0.000166
2 2 0.000915 0.015363 0.939279 0.044207 0.000237
2 2 0.000644 0.041752 0.952466 0.004126 0.001012
2 2 0.000204 0.011487 0.978967 0.009189 0.000154
2 2 0.000510 0.007792 0.930751 0.060863 0.000084
2 2 0.001040 0.010615 0.851961 0.136202 0.000181
2 2 0.000062 0.001286 0.819046 0.179592 0.000014
2 3 0.001640 0.008359 0.694714 0.295100 0.000187
2 3 0.000859 0.024525 0.927402 0.046445 0.000769
2 3 0.000425 0.005385 0.775020 0.219021 0.000148
2 3 0.000099 0.006596 0.980835 0.012392 0.000078
2 3 0.000364 0.007352 0.895644 0.096535 0.000105
2 3 0.002260 0.011241 0.569083 0.416673 0.000743
2 3 0.000315 0.012481 0.884433 0.102348 0.000423
2 3 0.000272 0.003066 0.800187 0.196432 0.000043
2 3 0.004842 0.013246 0.582904 0.398650 0.000358
2 3 0.000249 0.003333 0.944478 0.051926 0.000015
2 2 0.002506 0.011863 0.906724 0.078809 0.000097
3 3 0.011796 0.018010 0.411313 0.557954 0.000926
2 3 0.000043 0.005142 0.941447 0.053202 0.000165
2 3 0.000086 0.004505 0.942488 0.052847 0.000075
2 3 0.000041 0.001312 0.850583 0.148046 0.000019
2 3 0.001322 0.019979 0.941190 0.037177 0.000332
2 2 0.001167 0.010451 0.792933 0.195288 0.000162
2 2 0.000039 0.000886 0.687633 0.311428 0.000014
2 2 0.000140 0.006523 0.958379 0.034887 0.000070
2 2 0.008033 0.037177 0.915116 0.039460 0.000214
2 2 0.005662 0.057914 0.919942 0.016057 0.000424
2 0 0.138853 0.287586 0.462575 0.085428 0.025558
2 0 0.084706 0.312642 0.552540 0.019472 0.030639
2 1 0.008018 0.060123 0.697614 0.229062 0.005183
2 2 0.004435 0.025952 0.914629 0.053549 0.001436
2 2 0.001623 0.061448 0.934183 0.002157 0.000588
2 2 0.001431 0.033153 0.948075 0.016694 0.000647
2 2 0.005131 0.113550 0.874705 0.003063 0.003551
2 2 0.006776 0.146128 0.841494 0.002490 0.003111
2 2 0.001106 0.039591 0.943380 0.014740 0.001184
2 2 0.002858 0.053173 0.904136 0.037546 0.002288
2 2 0.002443 0.031849 0.925057 0.039884 0.000767
2 2 0.000438 0.017753 0.974058 0.007485 0.000266
2 2 0.002563 0.078078 0.901633 0.015222 0.002505
2 2 0.000671 0.057859 0.937612 0.002582 0.001276
2 2 0.004140 0.050038 0.875954 0.068157 0.001711
2 2 0.001893 0.045861 0.921048 0.029629 0.001568
2 2 0.000326 0.009001 0.895178 0.095282 0.000214
2 2 0.003711 0.028882 0.775666 0.190564 0.001178
2 2 0.205164 0.108047 0.429571 0.249940 0.007279
2 2 0.037687 0.114259 0.723459 0.120466 0.004129
2 2 0.009034 0.115471 0.687698 0.165472 0.022326
2 2 0.009637 0.115152 0.677140 0.175192 0.022879
2 2 0.000771 0.030954 0.943816 0.023533 0.000925
2 2 0.001466 0.038587 0.909158 0.048654 0.002135
2 2 0.000244 0.037124 0.950687 0.009021 0.002924
2 2 0.000536 0.024266 0.905318 0.067899 0.001980
2 2 0.003334 0.153496 0.815267 0.015328 0.012574
2 2 0.003779 0.104994 0.858534 0.025315 0.007379
2 2 0.168569 0.183265 0.465618 0.132354 0.050194
2 2 0.011313 0.152515 0.801345 0.027430 0.007397
2 2 0.001232 0.022489 0.852941 0.122158 0.001181
2 2 0.000114 0.010409 0.966588 0.022607 0.000282
2 2 0.002158 0.047413 0.901997 0.046347 0.002084
2 2 0.000357 0.035031 0.960368 0.000723 0.003520
2 2 0.003216 0.091058 0.895098 0.008173 0.002456
2 2 0.002280 0.059039 0.913345 0.023095 0.002241
2 2 0.000578 0.018243 0.949048 0.031459 0.000673
2 2 0.001247 0.024990 0.932395 0.040670 0.000699
2 2 0.000143 0.018611 0.893328 0.085327 0.002591
2 2 0.000600 0.016003 0.719465 0.261567 0.002364
2 2 0.004556 0.052395 0.689578 0.243807 0.009664
2 2 0.002025 0.038349 0.777128 0.177181 0.005317
2 2 0.001863 0.012364 0.561566 0.423034 0.001172
2 2 0.001772 0.063093 0.899117 0.031652 0.004365
2 2 0.007708 0.072976 0.831592 0.084584 0.003140
2 2 0.007153 0.071235 0.833085 0.085111 0.003417
2 2 0.000128 0.025193 0.972890 0.001218 0.000571
2 2 0.001143 0.049996 0.939175 0.008441 0.001245
2 2 0.004791 0.061317 0.919307 0.014053 0.000531
2 2 0.000802 0.028340 0.966235 0.004376 0.000248
2 2 0.001654 0.105894 0.885693 0.004100 0.002659
2 2 0.010523 0.085433 0.843007 0.058622 0.002416
2 2 0.004471 0.051342 0.892960 0.050137 0.001090
2 2 0.008460 0.141048 0.824592 0.021316 0.004584
2 2 0.004296 0.083997 0.871332 0.037547 0.002828
2 2 0.002531 0.052188 0.870469 0.072027 0.002785
2 2 0.000847 0.025278 0.913356 0.059669 0.000850
2 2 0.002339 0.035061 0.826096 0.135078 0.001425
2 2 0.003216 0.018501 0.818897 0.158980 0.000407
2 2 0.007878 0.051104 0.836331 0.103459 0.001229
2 2 0.000827 0.012647 0.760545 0.225457 0.000525
2 2 0.001595 0.008709 0.567354 0.421978 0.000364
3 2 0.003547 0.017379 0.479945 0.498068 0.001061
2 2 0.004967 0.040677 0.750794 0.201700 0.001862
2 3 0.001149 0.018978 0.892556 0.086749 0.000568
2 3 0.003943 0.053995 0.798554 0.140988 0.002519
3 3 0.007258 0.011026 0.412949 0.568332 0.000435
2 3 0.000577 0.011300 0.790161 0.197633 0.000329
2 3 0.002555 0.011912 0.763265 0.222027 0.000240
2 3 0.003287 0.035384 0.850607 0.109957 0.000764
2 3 0.006479 0.051009 0.862790 0.078887 0.000835
2 3 0.000998 0.019187 0.956389 0.023217 0.000209
2 3 0.001139 0.031893 0.916035 0.050076 0.000857
2 3 0.007251 0.030364 0.620076 0.340571 0.001737
2 3 0.001100 0.015695 0.802942 0.179778 0.000485
2 3 0.005575 0.028752 0.652573 0.311815 0.001284
2 3 0.000756 0.014553 0.768623 0.215159 0.000909
3 3 0.002157 0.010100 0.410386 0.576628 0.000730
3 3 0.000269 0.002690 0.494462 0.502484 0.000096
2 3 0.000906 0.005873 0.595709 0.397288 0.000224
3 3 0.007281 0.009881 0.358219 0.624159 0.000460
3 3 0.028464 0.024845 0.366994 0.578202 0.001496
2 0 0.268535 0.324128 0.348736 0.039599 0.019002
1 0 0.335253 0.403766 0.241562 0.010776 0.008643
1 0 0.179724 0.583446 0.203291 0.005627 0.027912
1 0 0.046307 0.493111 0.418198 0.006222 0.036162
2 0 0.016134 0.276763 0.647336 0.034693 0.025074
2 1 0.015429 0.207480 0.707084 0.050312 0.019695
2 1 0.000342 0.023094 0.965326 0.010793 0.000445
2 1 0.000753 0.018188 0.916171 0.064379 0.000510
2 2 0.001034 0.037888 0.957663 0.003047 0.000368
2 2 0.002448 0.029814 0.958034 0.009453 0.000251
2 2 0.017034 0.043850 0.928101 0.010689 0.000325
2 2 0.002191 0.025634 0.969493 0.002451 0.000232
2 2 0.000047 0.005725 0.985252 0.008891 0.000085
2 2 0.000879 0.020503 0.935027 0.043132 0.000459
2 2 0.001091 0.030510 0.928558 0.039089 0.000752
2 2 0.002955 0.022749 0.844460 0.129291 0.000545
2 2 0.002352 0.024617 0.855376 0.117064 0.000592
2 2 0.000487 0.008217 0.910662 0.080513 0.000121
2 2 0.003036 0.021148 0.818870 0.156453 0.000493
2 2 0.002041 0.044267 0.936347 0.016562 0.000783
2 2 0.001399 0.055375 0.915118 0.025361 0.002746
2 2 0.002214 0.070893 0.895548 0.027653 0.003692
2 2 0.001137 0.043011 0.906566 0.047150 0.002136
2 2 0.001696 0.026553 0.887408 0.083236 0.001106
2 2 0.000837 0.019762 0.926387 0.052592 0.000422
2 2 0.001308 0.014761 0.876113 0.107447 0.000371
2 2 0.000519 0.009573 0.709167 0.280071 0.000670
2 2 0.000168 0.006816 0.785719 0.206907 0.000389
2 2 0.002282 0.021884 0.843512 0.131624 0.000699
2 2 0.000892 0.010580 0.787412 0.200728 0.000387
2 2 0.004257 0.025232 0.773038 0.196676 0.000796
2 2 0.001137 0.014098 0.884855 0.099583 0.000327
2 2 0.000531 0.004592 0.525384 0.469288 0.000204
3 2 0.000361 0.001850 0.383620 0.614109 0.000060
3 3 0.001452 0.010194 0.423395 0.563053 0.001905
3 3 0.000793 0.006708 0.365499 0.626031 0.000969
3 3 0.000833 0.004361 0.369985 0.624541 0.000280
3 3 0.000377 0.002367 0.305312 0.691747 0.000197
3 3 0.000782 0.003967 0.432225 0.562892 0.000134
2 3 0.000910 0.008754 0.600863 0.389058 0.000415
2 3 0.000217 0.002616 0.609096 0.387982 0.000089
2 3 0.000981 0.008713 0.499558 0.490341 0.000408
2 3 0.000407 0.004221 0.524893 0.470248 0.000231
2 3 0.002287 0.014050 0.545242 0.437382 0.001039
3 3 0.002337 0.014071 0.469236 0.513304 0.001052
3 3 0.000988 0.005212 0.306084 0.687119 0.000597
3 3 0.001339 0.006335 0.331023 0.660387 0.000916
3 3 0.000248 0.001996 0.319445 0.678123 0.000188
3 3 0.001545 0.003914 0.350329 0.644068 0.000145
3 3 0.000275 0.001709 0.374449 0.623509 0.000057
3 3 0.001650 0.004729 0.363897 0.629524 0.000200
3 3 0.000301 0.001831 0.235024 0.762731 0.000113
3 3 0.000015 0.000168 0.137864 0.861934 0.000018
3 3 0.000058 0.000320 0.096885 0.902697 0.000041
3 3 0.000154 0.000493 0.113797 0.885505 0.000051
3 3 0.000042 0.000140 0.080148 0.919660 0.000010
3 3 0.000064 0.000161 0.048902 0.950850 0.000022
3 3 0.000073 0.000203 0.057277 0.942422 0.000026
3 3 0.000072 0.000035 0.006443 0.993441 0.000009
3 3 0.000096 0.000074 0.012471 0.987343 0.000016
3 3 0.000137 0.000112 0.016717 0.983012 0.000022
3 3 0.000304 0.000368 0.046092 0.953182 0.000053
3 3 0.000176 0.000147 0.023344 0.976304 0.000029
3 3 0.000117 0.000110 0.021669 0.978087 0.000017
3 3 0.000038 0.000097 0.033054 0.966792 0.000018
3 3 0.000188 0.000136 0.019295 0.980352 0.000029
3 3 0.000105 0.000057 0.012629 0.987202 0.000007
3 3 0.000114 0.000069 0.017046 0.982763 0.000007
3 3 0.000055 0.000060 0.017312 0.982564 0.000010
3 3 0.000309 0.000124 0.012046 0.987495 0.000027
3 3 0.000107 0.000051 0.007449 0.992378 0.000015
3 3 0.000161 0.000079 0.010481 0.989259 0.000021
3 3 0.000157 0.000095 0.012526 0.987201 0.000021
3 3 0.000663 0.000167 0.010388 0.988738 0.000045
3 3 0.000054 0.000041 0.008833 0.991060 0.000012
3 3 0.000062 0.000026 0.005856 0.994050 0.000006
3 3 0.000040 0.000043 0.014160 0.985749 0.000008
3 3 0.000129 0.000034 0.005337 0.994491 0.000009
3 3 0.000078 0.000030 0.005636 0.994247 0.000009
3 3 0.000044 0.000034 0.007640 0.992273 0.000009
3 3 0.000065 0.000033 0.006987 0.992906 0.000009
3 3 0.000094 0.000041 0.007818 0.992037 0.000009
3 3 0.000038 0.000026 0.007078 0.992852 0.000006
3 3 0.000046 0.000018 0.004298 0.995633 0.000005
3 3 0.000021 0.000012 0.004051 0.995913 0.000003
3 3 0.000035 0.000013 0.004670 0.995279 0.000003
3 3 0.000045 0.000019 0.004528 0.995404 0.000005
3 3 0.000089 0.000033 0.005585 0.994284 0.000009
3 3 0.000032 0.000014 0.004082 0.995868 0.000004
3 3 0.000026 0.000023 0.007425 0.992521 0.000005
3 3 0.000115 0.000039 0.006220 0.993617 0.000009
3 3 0.000010 0.000003 0.002014 0.997973 0.000001
3 3 0.000064 0.000019 0.004563 0.995350 0.000004
3 3 0.000023 0.000011 0.004656 0.995308 0.000003
3 3 0.000034 0.000019 0.005358 0.994584 0.000005
3 3 0.000078 0.000024 0.004497 0.995394 0.000007
3 3 0.000012 0.000007 0.004009 0.995970 0.000002
3 3 0.000034 0.000015 0.004842 0.995105 0.000003
3 3 0.000060 0.000009 0.002271 0.997659 0.000002
3 3 0.000051 0.000018 0.004994 0.994933 0.000004
3 3 0.000040 0.000016 0.004160 0.995780 0.000004
3 3 0.000050 0.000009 0.002665 0.997273 0.000002
3 3 0.000012 0.000006 0.003100 0.996879 0.000002
3 3 0.000030 0.000014 0.004200 0.995751 0.000004
3 3 0.000185 0.000044 0.005566 0.994194 0.000011
3 3 0.000266 0.000107 0.010561 0.989040 0.000026
3 3 0.000083 0.000021 0.003908 0.995984 0.000006
3 3 0.000039 0.000012 0.003465 0.996480 0.000003
3 3 0.000022 0.000009 0.003865 0.996102 0.000002
3 3 0.000007 0.000004 0.002608 0.997381 0.000001
3 3 0.000005 0.000002 0.001502 0.998491 0.000000
3 3 0.000009 0.000004 0.002652 0.997334 0.000001
3 3 0.000034 0.000014 0.005370 0.994580 0.000002
3 3 0.000009 0.000009 0.006829 0.993152 0.000001
3 3 0.000029 0.000012 0.003895 0.996061 0.000003
3 3 0.000014 0.000008 0.003890 0.996086 0.000002
3 3 0.000011 0.000005 0.002653 0.997330 0.000001
3 3 0.000023 0.000010 0.004133 0.995831 0.000002
3 3 0.000058 0.000015 0.003413 0.996510 0.000004
3 3 0.000028 0.000008 0.002794 0.997167 0.000002
3 3 0.000005 0.000004 0.003093 0.996897 0.000001
3 3 0.000009 0.000006 0.003312 0.996672 0.000001
3 3 0.000022 0.000005 0.002084 0.997888 0.000001
3 3 0.000029 0.000007 0.002343 0.997620 0.000002
3 3 0.000976 0.000809 0.051498 0.946561 0.000155
3 3 0.006272 0.006098 0.189626 0.797394 0.000610
1 2 0.042356 0.409526 0.323081 0.014458 0.210578
2 2 0.016236 0.283277 0.507730 0.042986 0.149771
2 2 0.023914 0.346002 0.351006 0.020174 0.258906
2 2 0.018056 0.311280 0.402140 0.024551 0.243973
2 2 0.012920 0.348288 0.377672 0.002477 0.258644
2 2 0.013660 0.379478 0.394893 0.001870 0.210099
1 2 0.019573 0.374707 0.271928 0.000267 0.333525
1 2 0.017377 0.376030 0.302331 0.000403 0.303859
4 2 0.017921 0.206624 0.102052 0.000018 0.673385
4 4 0.028342 0.063061 0.020128 0.000492 0.887977
4 4 0.339132 0.039372 0.012578 0.000589 0.608329
4 4 0.247358 0.116929 0.017000 0.000033 0.618680
1 4 0.396125 0.399414 0.138434 0.005090 0.060938
1 4 0.241338 0.505897 0.201261 0.010754 0.040750
4 4 0.004282 0.055443 0.025698 0.000000 0.914576
4 4 0.003491 0.023709 0.009890 0.000001 0.962910
4 4 0.066365 0.108241 0.026791 0.000720 0.797882
4 4 0.051759 0.346705 0.133052 0.000146 0.468338
4 4 0.087117 0.173302 0.042437 0.000057 0.697088
4 4 0.271366 0.112957 0.040420 0.003353 0.571905
4 4 0.004695 0.082871 0.047767 0.000001 0.864666
4 4 0.005889 0.062272 0.030542 0.000002 0.901294
4 4 0.074219 0.028250 0.007908 0.000333 0.889289
4 4 0.049357 0.051059 0.006850 0.000004 0.892731
4 4 0.246464 0.133095 0.044205 0.002769 0.573467
4 4 0.156659 0.171929 0.054775 0.003316 0.613320
4 4 0.023377 0.087181 0.027239 0.000027 0.862175
4 4 0.037705 0.134983 0.046235 0.000243 0.780835
4 4 0.047964 0.102710 0.027601 0.000270 0.821456
4 4 0.215896 0.126051 0.043880 0.003501 0.610672
4 4 0.060517 0.043712 0.011153 0.000341 0.884277
4 4 0.057183 0.037745 0.006997 0.000056 0.898018
4 4 0.092645 0.220346 0.066928 0.002675 0.617406
4 4 0.107073 0.218057 0.079034 0.001885 0.593952
4 4 0.244763 0.071379 0.018670 0.000429 0.664759
4 4 0.423937 0.026622 0.006464 0.000086 0.542891
4 4 0.035078 0.017958 0.004205 0.000100 0.942659
4 4 0.045390 0.028730 0.006970 0.000183 0.918727
0 4 0.742361 0.104549 0.041214 0.002813 0.109062
0 4 0.305253 0.200866 0.263683 0.069419 0.160778
2 4 0.095778 0.234454 0.325376 0.056053 0.288339
1 4 0.039209 0.404678 0.332587 0.004789 0.218736
4 4 0.199414 0.114209 0.025142 0.000301 0.660934
0 4 0.436920 0.132361 0.055931 0.007609 0.367179
0 4 0.568425 0.182757 0.088021 0.016262 0.144535
0 4 0.408079 0.175559 0.072097 0.008802 0.335463
1 4 0.161293 0.475380 0.177807 0.002592 0.182928
1 4 0.068985 0.370917 0.196266 0.002242 0.361590
4 4 0.058935 0.032379 0.005291 0.000025 0.903370
4 4 0.055527 0.020346 0.004610 0.000085 0.919431
4 4 0.267176 0.038493 0.009317 0.000148 0.684866
4 4 0.291917 0.040299 0.011061 0.000289 0.656434
4 4 0.017803 0.016798 0.003269 0.000042 0.962088
4 4 0.027394 0.022053 0.003264 0.000011 0.947279
4 4 0.049350 0.023096 0.005395 0.000117 0.922042
4 4 0.059897 0.042213 0.007525 0.000051 0.890314
4 4 0.025258 0.027804 0.005850 0.000098 0.940989
4 4 0.020448 0.022243 0.004814 0.000093 0.952402
