0 0 0.733050 0.133962 0.039884 0.003866 0.089237
0 0 0.746020 0.127390 0.033493 0.001856 0.091241
1 0 0.358541 0.383776 0.135283 0.004854 0.117546
1 1 0.179141 0.511037 0.184767 0.000855 0.124200
1 1 0.194745 0.367166 0.151183 0.003619 0.283287
1 1 0.137539 0.406788 0.173392 0.002444 0.279837
1 1 0.082627 0.410591 0.157979 0.000410 0.348393
1 1 0.041914 0.396339 0.167572 0.000138 0.394037
4 4 0.052362 0.336235 0.137533 0.000215 0.473657
4 4 0.047805 0.382088 0.170449 0.000389 0.399268
4 4 0.057330 0.299836 0.106690 0.000079 0.536065
4 4 0.065424 0.304617 0.103033 0.000064 0.526862
1 4 0.310304 0.342377 0.110792 0.001099 0.235428
1 4 0.214211 0.457149 0.160420 0.001454 0.166766
1 4 0.140813 0.380977 0.137757 0.000409 0.340045
4 1 0.230214 0.308345 0.111566 0.001787 0.348088
1 1 0.044092 0.427454 0.136557 0.000017 0.391880
1 1 0.079865 0.405950 0.115367 0.000018 0.398801
1 1 0.177643 0.485900 0.153536 0.000244 0.182677
1 1 0.249196 0.389341 0.112641 0.000238 0.248584
1 1 0.025179 0.492807 0.109940 0.000000 0.372074
1 1 0.018844 0.495375 0.118209 0.000000 0.367572
1 1 0.108097 0.480624 0.215575 0.002359 0.193345
1 1 0.157881 0.417575 0.150270 0.000421 0.273854
1 1 0.135686 0.587206 0.194669 0.000066 0.082373
1 1 0.161495 0.543797 0.170428 0.000093 0.124187
1 1 0.170886 0.554037 0.202809 0.000384 0.071883
1 1 0.102633 0.593637 0.232230 0.000249 0.071250
1 2 0.177118 0.534057 0.163100 0.000086 0.125639
1 2 0.101107 0.565762 0.205060 0.000206 0.127865
1 2 0.162002 0.519635 0.150053 0.000052 0.168258
1 2 0.118574 0.544723 0.178793 0.000115 0.157796
1 2 0.091790 0.516322 0.256647 0.004362 0.130879
1 2 0.118570 0.472804 0.247860 0.015211 0.145555
1 2 0.072394 0.458076 0.305794 0.005943 0.157793
1 2 0.055084 0.524120 0.287213 0.006662 0.126921
1 2 0.165990 0.471108 0.226860 0.010456 0.125585
1 1 0.140185 0.490323 0.232004 0.006665 0.130824
1 1 0.042211 0.471034 0.284432 0.007435 0.194888
1 1 0.060105 0.430437 0.241583 0.007168 0.260708
1 1 0.034847 0.476709 0.344339 0.011484 0.132620
2 1 0.019720 0.320887 0.561259 0.023480 0.074655
1 1 0.038711 0.438325 0.273455 0.006097 0.243413
1 2 0.038891 0.461005 0.270990 0.003964 0.225150
1 2 0.060905 0.469969 0.257656 0.006246 0.205224
1 2 0.071262 0.436450 0.274191 0.007564 0.210533
2 2 0.026718 0.398505 0.480145 0.003796 0.090836
1 2 0.016634 0.465923 0.446707 0.002719 0.068017
2 2 0.004780 0.259718 0.702317 0.001062 0.032123
2 2 0.003949 0.283642 0.686134 0.000702 0.025574
2 2 0.002701 0.092964 0.869829 0.022353 0.012153
2 2 0.001052 0.057378 0.923692 0.012507 0.005370
2 2 0.000896 0.095059 0.894726 0.002473 0.006845
2 2 0.001981 0.135759 0.846303 0.003854 0.012103
2 3 0.001101 0.041077 0.883040 0.067765 0.007018
2 3 0.002152 0.065007 0.814644 0.101883 0.016314
2 3 0.000410 0.022125 0.948048 0.027488 0.001929
2 3 0.001924 0.060541 0.868678 0.058370 0.010487
2 3 0.001781 0.074100 0.895177 0.020036 0.008906
2 3 0.004200 0.138615 0.825341 0.014349 0.017495
2 3 0.001433 0.043150 0.798589 0.145660 0.011168
2 3 0.001411 0.040813 0.766263 0.179752 0.011761
2 3 0.001950 0.039587 0.544737 0.393947 0.019779
2 3 0.002661 0.058489 0.643121 0.270590 0.025138
2 3 0.000640 0.019885 0.583215 0.387690 0.008571
2 3 0.001264 0.026539 0.496157 0.462505 0.013536
3 3 0.000792 0.017011 0.415383 0.557311 0.009502
3 3 0.001022 0.016542 0.361226 0.611760 0.009449
3 3 0.001502 0.014922 0.293142 0.683563 0.006872
3 3 0.000905 0.010233 0.218762 0.763647 0.006453
3 3 0.000413 0.005966 0.275347 0.716174 0.002099
3 3 0.000887 0.006685 0.169823 0.819571 0.003034
3 3 0.000877 0.004828 0.142189 0.850616 0.001489
3 3 0.000878 0.003790 0.138446 0.856007 0.000878
3 3 0.002000 0.004953 0.083710 0.907799 0.001538
3 3 0.000611 0.002174 0.068232 0.928270 0.000713
3 3 0.001075 0.003614 0.068931 0.924713 0.001666
3 3 0.001751 0.011934 0.179955 0.799315 0.007045
3 3 0.000540 0.005194 0.176217 0.815647 0.002403
3 3 0.000801 0.011084 0.380062 0.604277 0.003777
3 3 0.000668 0.007656 0.238320 0.749849 0.003508
3 3 0.000485 0.008125 0.317225 0.670683 0.003482
2 3 0.000433 0.012885 0.642902 0.340248 0.003532
2 3 0.000824 0.015804 0.583386 0.395730 0.004256
3 3 0.000551 0.006063 0.208684 0.782019 0.002683
3 3 0.000694 0.012616 0.330500 0.648522 0.007668
3 3 0.000450 0.002778 0.130061 0.865927 0.000784
3 3 0.000679 0.003609 0.137173 0.857545 0.000995
3 3 0.001263 0.008706 0.175327 0.810400 0.004304
3 3 0.000940 0.006489 0.127031 0.861807 0.003732
3 3 0.000716 0.001570 0.074219 0.923270 0.000226
3 3 0.000869 0.001902 0.085475 0.911469 0.000285
3 3 0.000640 0.001847 0.052799 0.944062 0.000651
3 3 0.000926 0.002963 0.086853 0.908494 0.000764
3 3 0.001547 0.001381 0.038605 0.958282 0.000185
3 3 0.000624 0.000530 0.023216 0.975563 0.000067
3 3 0.001309 0.001458 0.032822 0.964114 0.000297
3 3 0.001440 0.002059 0.046740 0.949312 0.000450
3 3 0.000852 0.002431 0.059204 0.936615 0.000897
3 3 0.000817 0.001988 0.050957 0.945590 0.000648
3 3 0.001739 0.002920 0.047990 0.946465 0.000886
3 3 0.000578 0.001447 0.039055 0.958377 0.000544
3 3 0.001012 0.000777 0.024967 0.973142 0.000102
3 3 0.001266 0.000857 0.023865 0.973901 0.000111
3 3 0.001564 0.001345 0.022942 0.973854 0.000296
3 3 0.001388 0.001229 0.026552 0.970604 0.000227
3 3 0.000958 0.000927 0.018379 0.979503 0.000234
3 3 0.000683 0.000373 0.012282 0.986613 0.000049
3 3 0.001163 0.000558 0.014493 0.983718 0.000068
3 3 0.001892 0.001166 0.020687 0.976064 0.000190
3 3 0.001890 0.001440 0.025235 0.971170 0.000264
3 3 0.001464 0.001492 0.023911 0.972739 0.000394
3 3 0.001386 0.000430 0.011133 0.987012 0.000039
3 3 0.001276 0.000354 0.008946 0.989392 0.000032
3 3 0.000990 0.000470 0.009531 0.988930 0.000079
3 3 0.000762 0.000493 0.013289 0.985373 0.000082
3 3 0.000713 0.000412 0.016598 0.982233 0.000044
3 3 0.000801 0.000456 0.015623 0.983066 0.000054
3 3 0.000945 0.000629 0.014147 0.984163 0.000116
3 3 0.000992 0.000541 0.012621 0.985761 0.000085
3 3 0.000577 0.000423 0.016315 0.982626 0.000059
3 3 0.001105 0.000755 0.020478 0.977554 0.000108
3 3 0.001684 0.000953 0.017271 0.979939 0.000154
3 3 0.000646 0.000449 0.015048 0.983790 0.000067
3 3 0.000950 0.000417 0.013307 0.985283 0.000043
3 3 0.001468 0.000713 0.017803 0.979935 0.000081
3 3 0.001883 0.004417 0.094151 0.898405 0.001144
3 3 0.003409 0.007680 0.092001 0.894238 0.002673
3 3 0.007739 0.037658 0.384640 0.559950 0.010014
2 2 0.012673 0.123569 0.589960 0.229143 0.044655
2 2 0.025540 0.381079 0.480241 0.018654 0.094487
2 2 0.011117 0.183292 0.720434 0.048900 0.036257
2 2 0.004479 0.123850 0.793638 0.050421 0.027611
2 2 0.007312 0.165439 0.745875 0.044181 0.037194
2 2 0.010331 0.219786 0.723517 0.007799 0.038567
2 2 0.008316 0.239617 0.708442 0.008893 0.034732
2 2 0.004498 0.147561 0.827317 0.008058 0.012566
2 2 0.008673 0.147385 0.822814 0.007819 0.013309
2 2 0.003335 0.128579 0.842101 0.011277 0.014707
2 2 0.007542 0.228409 0.725757 0.008770 0.029522
1 2 0.228581 0.461815 0.201756 0.011987 0.095860
0 2 0.636849 0.226028 0.080130 0.018192 0.038802
0 1 0.788733 0.098712 0.019326 0.000283 0.092947
0 1 0.476731 0.277862 0.071150 0.000479 0.173778
1 1 0.018396 0.608854 0.229069 0.000008 0.143673
1 1 0.058757 0.597669 0.188624 0.000012 0.154938
1 1 0.158044 0.552472 0.178606 0.000111 0.110767
1 1 0.160342 0.505295 0.165686 0.000283 0.168394
1 1 0.031509 0.626890 0.284230 0.000086 0.057285
1 1 0.046327 0.611175 0.288103 0.000325 0.054070
1 1 0.075047 0.623976 0.243039 0.000082 0.057856
1 1 0.123762 0.593684 0.219373 0.000155 0.063026
1 1 0.101812 0.586032 0.236956 0.000410 0.074790
1 1 0.111375 0.560189 0.229445 0.000913 0.098078
1 1 0.050616 0.605618 0.242101 0.000103 0.101561
1 1 0.042113 0.621414 0.252285 0.000063 0.084125
1 1 0.024246 0.511922 0.415383 0.001686 0.046763
2 1 0.018619 0.334363 0.610895 0.000525 0.035598
1 1 0.020131 0.492441 0.461433 0.000678 0.025316
2 2 0.016989 0.306229 0.655974 0.001295 0.019514
1 2 0.167542 0.551758 0.220639 0.000917 0.059144
1 2 0.204460 0.510629 0.205581 0.002554 0.076777
1 2 0.105173 0.578288 0.260877 0.001269 0.054393
1 2 0.106516 0.590051 0.247747 0.000501 0.055185
1 2 0.084280 0.525482 0.324794 0.007242 0.058202
1 2 0.174356 0.526110 0.219246 0.002655 0.077633
1 2 0.303341 0.460825 0.177803 0.002980 0.055051
0 2 0.416434 0.384241 0.125980 0.001555 0.071789
0 4 0.758749 0.138021 0.032638 0.000953 0.069639
0 4 0.763464 0.138620 0.035559 0.002282 0.060076
0 4 0.889144 0.056248 0.009659 0.000109 0.044839
0 4 0.924738 0.045752 0.008424 0.000190 0.020896
1 4 0.218321 0.492895 0.200892 0.004173 0.083719
0 4 0.460113 0.341816 0.113777 0.003583 0.080710
0 4 0.781361 0.101914 0.018365 0.000096 0.098264
0 4 0.468682 0.335364 0.080133 0.000084 0.115738
1 4 0.114049 0.641837 0.180212 0.000003 0.063899
1 4 0.099482 0.643894 0.194633 0.000006 0.061986
1 4 0.122057 0.563304 0.222713 0.000639 0.091287
0 4 0.414551 0.366799 0.116909 0.001785 0.099956
1 4 0.078485 0.656959 0.175594 0.000001 0.088961
1 1 0.066270 0.674293 0.195293 0.000001 0.064143
4 1 0.040207 0.395805 0.154456 0.000071 0.409461
1 1 0.042906 0.409110 0.141486 0.000031 0.406468
1 1 0.012963 0.580606 0.228527 0.000006 0.177898
1 1 0.011735 0.556367 0.270281 0.000032 0.161585
1 1 0.016399 0.521015 0.242963 0.000043 0.219580
1 1 0.012121 0.495386 0.248133 0.000030 0.244330
1 1 0.022945 0.490979 0.163044 0.000004 0.323028
1 1 0.020702 0.537421 0.239607 0.000062 0.202208
1 1 0.034383 0.631125 0.260540 0.000041 0.073911
1 1 0.059610 0.638310 0.234799 0.000027 0.067254
1 1 0.060098 0.597115 0.230279 0.000076 0.112432
1 1 0.018271 0.578609 0.310131 0.000431 0.092558
1 1 0.334283 0.418850 0.145115 0.002366 0.099385
1 1 0.194951 0.516908 0.203340 0.001821 0.082979
0 1 0.404394 0.388312 0.117905 0.000683 0.088706
1 1 0.169095 0.529825 0.180078 0.000301 0.120702
1 1 0.070074 0.594775 0.257331 0.000437 0.077383
1 1 0.035013 0.616984 0.290017 0.000180 0.057806
1 1 0.086191 0.599367 0.247712 0.000310 0.066420
1 1 0.120662 0.581202 0.222333 0.000300 0.075503
1 1 0.049522 0.587264 0.233668 0.000134 0.129412
1 1 0.068015 0.588584 0.218728 0.000105 0.124567
1 1 0.022671 0.603100 0.251194 0.000039 0.122996
1 1 0.018076 0.633302 0.223250 0.000003 0.125370
1 1 0.033419 0.625273 0.246265 0.000029 0.095015
1 2 0.035206 0.600493 0.242163 0.000067 0.122071
2 2 0.007337 0.160867 0.818423 0.003691 0.009682
2 2 0.006057 0.235358 0.739044 0.003168 0.016373
2 2 0.003958 0.203038 0.782869 0.000229 0.009906
2 2 0.010444 0.360184 0.611390 0.000510 0.017472
1 2 0.031504 0.639457 0.279896 0.000043 0.049100
1 2 0.099736 0.631001 0.211489 0.000021 0.057753
1 2 0.022658 0.605105 0.305250 0.000216 0.066771
1 2 0.075775 0.542648 0.296618 0.000164 0.084794
1 2 0.152341 0.573239 0.200865 0.000161 0.073394
1 2 0.312695 0.460702 0.139773 0.000248 0.086581
0 2 0.380907 0.360214 0.118016 0.002129 0.138734
1 2 0.082140 0.511843 0.237371 0.002164 0.166482
1 2 0.131424 0.570194 0.229979 0.000657 0.067746
1 2 0.224916 0.500543 0.181573 0.001069 0.091898
1 2 0.104685 0.631631 0.191817 0.000009 0.071858
1 2 0.170371 0.600860 0.176555 0.000013 0.052201
1 2 0.051483 0.620345 0.277919 0.000187 0.050067
1 2 0.246197 0.507259 0.178311 0.000580 0.067654
1 2 0.185136 0.520306 0.218101 0.003128 0.073328
0 1 0.495298 0.290529 0.102536 0.008626 0.103011
1 1 0.091510 0.626751 0.224582 0.000042 0.057115
1 1 0.269031 0.481255 0.147747 0.000228 0.101739
1 1 0.068504 0.558646 0.197780 0.000098 0.174973
1 1 0.019872 0.588722 0.221944 0.000013 0.169449
1 1 0.012141 0.559018 0.352532 0.000791 0.075517
2 2 0.010075 0.379078 0.570007 0.000483 0.040358
2 2 0.002858 0.063579 0.929592 0.000506 0.003465
2 2 0.001072 0.133362 0.855074 0.001347 0.009145
1 2 0.312520 0.470218 0.184739 0.001880 0.030643
1 1 0.201289 0.536649 0.222371 0.001367 0.038324
1 1 0.028516 0.620660 0.238411 0.000019 0.112395
1 1 0.008101 0.604246 0.303587 0.000029 0.084036
1 1 0.008883 0.567052 0.362686 0.000395 0.060984
1 1 0.018154 0.520304 0.400201 0.000860 0.060481
1 1 0.009315 0.601837 0.295872 0.000034 0.092942
1 1 0.011616 0.596201 0.294236 0.000063 0.097884
2 2 0.007347 0.385270 0.579175 0.000963 0.027245
2 2 0.005239 0.169524 0.817498 0.000694 0.007044
2 2 0.007774 0.176211 0.804241 0.000747 0.011027
2 2 0.020073 0.304241 0.638627 0.009397 0.027661
1 2 0.020031 0.578762 0.294554 0.000357 0.106297
1 2 0.025695 0.585781 0.308283 0.000657 0.079584
2 2 0.005657 0.379635 0.576835 0.000999 0.036874
2 2 0.003555 0.268035 0.702580 0.001304 0.024526
2 2 0.002293 0.311799 0.663671 0.000406 0.021831
2 2 0.004581 0.093493 0.897989 0.001058 0.002879
2 2 0.001531 0.062005 0.935100 0.000128 0.001237
2 2 0.001359 0.063537 0.934159 0.000073 0.000872
2 2 0.000620 0.050993 0.937808 0.006621 0.003958
2 2 0.001173 0.050451 0.931715 0.013260 0.003400
2 2 0.001082 0.026805 0.962931 0.008777 0.000404
2 2 0.000937 0.054535 0.936961 0.005186 0.002381
2 2 0.001920 0.165362 0.820352 0.001621 0.010745
2 2 0.002126 0.099990 0.891455 0.002999 0.003430
2 2 0.000763 0.026049 0.959256 0.013125 0.000806
2 2 0.000664 0.058404 0.935089 0.003094 0.002750
2 2 0.001243 0.037929 0.959311 0.001102 0.000414
2 2 0.001163 0.055811 0.935636 0.005353 0.002038
2 2 0.000212 0.022452 0.973457 0.003216 0.000664
2 2 0.000418 0.029595 0.962640 0.006155 0.001191
2 2 0.000261 0.053769 0.941953 0.001217 0.002800
2 2 0.000858 0.021827 0.971582 0.005417 0.000315
2 2 0.002821 0.064506 0.930024 0.001006 0.001643
2 2 0.002488 0.101186 0.886370 0.005147 0.004809
2 2 0.008254 0.178051 0.765076 0.021753 0.026866
2 2 0.002271 0.055442 0.896328 0.040182 0.005777
2 2 0.000846 0.105087 0.885266 0.001698 0.007104
2 2 0.002849 0.122237 0.851801 0.009817 0.013297
2 2 0.017229 0.219233 0.730073 0.012496 0.020969
2 2 0.027315 0.376840 0.550083 0.007775 0.037987
2 2 0.023645 0.346196 0.591384 0.007665 0.031109
2 2 0.007472 0.172539 0.802435 0.007546 0.010007
2 2 0.025863 0.382028 0.497156 0.014529 0.080424
2 2 0.020145 0.337701 0.596334 0.008416 0.037403
1 2 0.248772 0.504146 0.174867 0.000544 0.071671
1 2 0.321879 0.430546 0.148811 0.001916 0.096848
0 2 0.792693 0.119093 0.028308 0.001294 0.058613
1 2 0.361776 0.396806 0.140751 0.004182 0.096485
1 2 0.183727 0.508585 0.207557 0.003227 0.096904
1 1 0.282461 0.422283 0.170705 0.009120 0.115431
1 1 0.340605 0.404319 0.119917 0.000522 0.134636
1 1 0.178655 0.528264 0.201189 0.001051 0.090841
1 1 0.022212 0.580042 0.238890 0.000040 0.158816
1 1 0.022998 0.545528 0.276764 0.000349 0.154361
1 1 0.017677 0.501277 0.303634 0.000658 0.176755
1 1 0.024456 0.530807 0.241028 0.000118 0.203591
1 1 0.010545 0.555246 0.328143 0.000208 0.105858
1 1 0.017967 0.563527 0.280279 0.000162 0.138065
1 1 0.014789 0.468509 0.314063 0.000825 0.201814
1 1 0.026181 0.536189 0.264792 0.000357 0.172481
1 1 0.020765 0.575424 0.268530 0.000145 0.135137
1 1 0.026079 0.572070 0.240807 0.000095 0.160949
1 1 0.167439 0.557563 0.211352 0.000485 0.063161
1 1 0.148944 0.529840 0.216841 0.002049 0.102326
1 1 0.321425 0.450715 0.138813 0.000348 0.088699
1 1 0.149943 0.570345 0.190279 0.000106 0.089326
1 1 0.014723 0.580281 0.115585 0.000000 0.289411
1 1 0.031783 0.450353 0.085496 0.000000 0.432367
1 1 0.013455 0.579176 0.224649 0.000006 0.182715
1 1 0.009868 0.555064 0.255811 0.000011 0.179246
1 1 0.009190 0.491172 0.225446 0.000006 0.274187
1 1 0.008296 0.443821 0.245498 0.000019 0.302366
1 1 0.025655 0.433484 0.204212 0.000115 0.336533
1 1 0.022757 0.452815 0.219529 0.000113 0.304785
1 1 0.007756 0.520838 0.280927 0.000020 0.190458
1 1 0.015420 0.582845 0.200013 0.000003 0.201719
4 4 0.013909 0.341408 0.192353 0.000073 0.452258
4 4 0.019397 0.275464 0.159259 0.000218 0.545661
1 4 0.150701 0.505452 0.146133 0.000059 0.197655
1 4 0.280789 0.402584 0.121266 0.000527 0.194833
1 4 0.029134 0.401817 0.232800 0.001020 0.335229
1 4 0.017223 0.422187 0.298287 0.001573 0.260730
4 4 0.034851 0.323430 0.183131 0.001117 0.457471
4 4 0.030654 0.267064 0.157342 0.000993 0.543948
4 4 0.045126 0.256422 0.135354 0.001186 0.561913
4 4 0.059866 0.166864 0.079051 0.001112 0.693107
1 4 0.028873 0.409533 0.225615 0.000639 0.335341
1 4 0.025151 0.392857 0.212441 0.000334 0.369217
4 4 0.080143 0.233019 0.104967 0.001677 0.580195
1 4 0.025804 0.377314 0.221664 0.000735 0.374485
4 4 0.115600 0.268024 0.116508 0.002656 0.497212
1 1 0.229728 0.465221 0.145001 0.000369 0.159681
1 1 0.014924 0.587136 0.298448 0.000165 0.099326
1 2 0.013379 0.597633 0.294467 0.000079 0.094441
1 1 0.172276 0.514429 0.190159 0.000918 0.122219
1 1 0.187744 0.433836 0.175469 0.002942 0.200009
1 1 0.018838 0.407902 0.311709 0.004135 0.257416
4 1 0.042003 0.353209 0.207812 0.003012 0.393963
1 1 0.015190 0.420360 0.268606 0.000400 0.295444
1 1 0.016875 0.474877 0.321169 0.001433 0.185645
1 1 0.028005 0.461747 0.351424 0.012710 0.146115
1 1 0.043653 0.400096 0.304135 0.016756 0.235360
1 1 0.032524 0.483805 0.214199 0.000165 0.269307
1 1 0.026182 0.548931 0.239110 0.000111 0.185667
1 1 0.018880 0.532137 0.266828 0.000148 0.182007
1 1 0.015360 0.498665 0.271016 0.000137 0.214821
1 1 0.014097 0.414190 0.385202 0.013241 0.173270
2 1 0.014301 0.353582 0.460063 0.018194 0.153859
1 1 0.027561 0.625369 0.303385 0.000110 0.043575
1 1 0.091344 0.561679 0.274859 0.000128 0.071990
1 1 0.023831 0.590210 0.258580 0.000091 0.127289
1 1 0.036083 0.468998 0.183637 0.000062 0.311220
1 1 0.035785 0.526721 0.200495 0.000066 0.236933
1 1 0.015764 0.540430 0.279539 0.000128 0.164139
1 1 0.022745 0.480925 0.299897 0.001599 0.194834
1 1 0.030386 0.447625 0.293432 0.005030 0.223527
1 1 0.186811 0.520351 0.233280 0.002351 0.057207
1 1 0.173927 0.546215 0.202624 0.000531 0.076704
1 1 0.098181 0.538630 0.245963 0.002203 0.115023
1 2 0.100747 0.501257 0.234312 0.003188 0.160496
1 2 0.037729 0.541383 0.285064 0.001792 0.134032
1 2 0.027907 0.514866 0.306643 0.002623 0.147961
1 2 0.032615 0.582273 0.264716 0.000280 0.120116
1 2 0.021054 0.568115 0.306251 0.000689 0.103892
1 2 0.037310 0.521541 0.265567 0.000931 0.174651
1 2 0.030754 0.568611 0.294830 0.001202 0.104603
1 2 0.140710 0.482512 0.277098 0.008132 0.091548
1 2 0.109289 0.538904 0.270085 0.009024 0.072698
1 2 0.222805 0.391792 0.132490 0.001142 0.251771
1 2 0.095932 0.545426 0.229077 0.001316 0.128250
1 2 0.063415 0.588097 0.229400 0.000160 0.118927
1 2 0.091011 0.587383 0.219951 0.000172 0.101484
1 2 0.054509 0.591691 0.252167 0.000292 0.101340
1 2 0.051238 0.597690 0.252607 0.000216 0.098250
1 2 0.061707 0.587884 0.289372 0.001314 0.059723
1 2 0.035487 0.575365 0.310506 0.001839 0.076802
1 2 0.041473 0.439018 0.297648 0.007672 0.214189
1 2 0.032417 0.517837 0.293881 0.002566 0.153299
1 2 0.144949 0.531406 0.189312 0.000444 0.133889
1 2 0.034630 0.582002 0.305507 0.001184 0.076677
2 2 0.026573 0.385481 0.542470 0.006915 0.038561
2 2 0.018905 0.259406 0.697622 0.003839 0.020229
1 2 0.154891 0.460381 0.201691 0.007201 0.175837
1 2 0.031279 0.462105 0.325149 0.013922 0.167545
1 2 0.068401 0.452800 0.333089 0.016496 0.129215
1 2 0.129950 0.369008 0.358331 0.025559 0.117151
1 2 0.138499 0.515258 0.253902 0.013917 0.078425
2 2 0.079998 0.412539 0.423065 0.023078 0.061320
1 2 0.361316 0.416029 0.128866 0.000621 0.093167
1 2 0.148429 0.572754 0.235109 0.000614 0.043093
0 1 0.430233 0.372161 0.138348 0.006295 0.052963
0 1 0.751521 0.156589 0.039457 0.001081 0.051352
0 1 0.722390 0.169177 0.049412 0.005783 0.053237
1 1 0.196222 0.511307 0.204834 0.002475 0.085162
1 1 0.027427 0.526656 0.367682 0.002821 0.075415
1 1 0.041991 0.492169 0.412997 0.004575 0.048267
1 1 0.100405 0.595605 0.264387 0.000580 0.039023
1 1 0.057397 0.604561 0.299746 0.000658 0.037637
2 1 0.007206 0.175256 0.808880 0.000672 0.007986
2 2 0.000914 0.140375 0.853863 0.000292 0.004556
2 2 0.001015 0.064669 0.930755 0.000838 0.002723
2 2 0.000964 0.046587 0.945487 0.005450 0.001513
2 2 0.001530 0.063225 0.932992 0.000241 0.002013
2 2 0.000845 0.064502 0.932976 0.000208 0.001468
2 2 0.000508 0.044869 0.951288 0.002108 0.001227
2 2 0.000755 0.043267 0.949551 0.004942 0.001485
2 2 0.000441 0.031611 0.964842 0.002499 0.000606
2 2 0.000291 0.029737 0.964752 0.003970 0.001250
2 2 0.000274 0.045206 0.950140 0.001957 0.002423
2 2 0.001099 0.051586 0.936639 0.008155 0.002520
2 2 0.000372 0.008644 0.957189 0.033610 0.000185
2 2 0.000507 0.024690 0.956071 0.017299 0.001433
2 2 0.000549 0.031508 0.926918 0.036869 0.004157
2 2 0.001692 0.033946 0.853785 0.106453 0.004124
2 3 0.000871 0.022285 0.797721 0.175203 0.003920
2 3 0.000244 0.016752 0.912743 0.067662 0.002598
3 3 0.000825 0.006499 0.385204 0.606653 0.000819
2 3 0.001606 0.018840 0.542107 0.433633 0.003814
2 3 0.000757 0.037959 0.935405 0.022079 0.003800
2 3 0.000857 0.032410 0.940391 0.024026 0.002315
3 3 0.002262 0.007314 0.371660 0.618093 0.000671
3 3 0.049258 0.036821 0.423984 0.488711 0.001226
2 3 0.027464 0.241426 0.667845 0.034893 0.028372
2 3 0.027035 0.185298 0.606315 0.139070 0.042283
0 3 0.460356 0.352592 0.130351 0.007136 0.049564
1 3 0.182596 0.535055 0.222290 0.001909 0.058149
1 1 0.083495 0.526116 0.298856 0.007032 0.084501
1 1 0.084534 0.553509 0.305803 0.004740 0.051414
2 1 0.026836 0.391193 0.446944 0.021608 0.113418
2 1 0.009594 0.215627 0.695619 0.031099 0.048061
2 1 0.000515 0.030928 0.953037 0.013378 0.002142
2 2 0.000620 0.073427 0.920003 0.001984 0.003967
2 2 0.000679 0.022073 0.961738 0.014869 0.000641
2 2 0.000995 0.037665 0.946661 0.012968 0.001711
2 2 0.001706 0.076083 0.890881 0.021348 0.009981
2 2 0.001534 0.054714 0.897764 0.038478 0.007510
2 2 0.000411 0.032394 0.954492 0.010204 0.002498
2 2 0.000740 0.039543 0.942099 0.014527 0.003091
2 3 0.000888 0.032412 0.946255 0.018684 0.001761
2 3 0.000821 0.036675 0.946565 0.013835 0.002104
2 3 0.000253 0.010609 0.848550 0.139222 0.001367
2 3 0.000683 0.015637 0.798575 0.183178 0.001928
2 3 0.002780 0.074676 0.835261 0.072124 0.015159
2 3 0.000960 0.020161 0.883028 0.094315 0.001536
2 3 0.000639 0.025659 0.860930 0.108286 0.004486
2 3 0.000812 0.012462 0.738904 0.246626 0.001195
2 3 0.000981 0.021953 0.583978 0.385767 0.007320
2 3 0.000989 0.011665 0.511586 0.473834 0.001926
3 3 0.000761 0.006295 0.298709 0.692924 0.001311
3 3 0.002266 0.018113 0.409517 0.565903 0.004201
3 3 0.000951 0.012496 0.334422 0.646951 0.005180
3 3 0.001303 0.016741 0.417663 0.558977 0.005317
3 3 0.000769 0.007253 0.271451 0.718381 0.002146
3 3 0.000561 0.003216 0.323441 0.672505 0.000277
3 3 0.000399 0.008216 0.472166 0.517150 0.002069
2 3 0.000674 0.012835 0.631920 0.352471 0.002100
3 3 0.000471 0.001925 0.269036 0.728471 0.000098
3 3 0.000468 0.001056 0.156469 0.841961 0.000046
3 3 0.001943 0.006585 0.168549 0.821705 0.001219
3 3 0.000655 0.002135 0.130363 0.866587 0.000260
3 3 0.001109 0.006415 0.211236 0.779742 0.001499
3 3 0.000991 0.004943 0.166246 0.826701 0.001120
3 3 0.001375 0.010097 0.371600 0.615245 0.001682
3 3 0.001068 0.004758 0.193189 0.800140 0.000845
3 3 0.000812 0.002566 0.138760 0.857512 0.000350
3 3 0.000706 0.002159 0.164922 0.832034 0.000179
3 3 0.002139 0.005049 0.145320 0.846784 0.000709
3 3 0.001829 0.002732 0.062511 0.932430 0.000499
3 3 0.000509 0.000707 0.048229 0.950489 0.000066
3 3 0.000684 0.000874 0.043332 0.955007 0.000102
3 3 0.001081 0.001332 0.056346 0.941097 0.000143
3 3 0.001148 0.000770 0.030177 0.967834 0.000071
3 3 0.001215 0.001127 0.040863 0.956668 0.000126
3 3 0.001228 0.000929 0.031068 0.966669 0.000106
3 3 0.000889 0.000631 0.021836 0.976567 0.000077
3 3 0.001158 0.000930 0.024162 0.973603 0.000147
3 3 0.000367 0.000191 0.018929 0.980504 0.000010
3 3 0.001150 0.000594 0.019280 0.978917 0.000060
3 3 0.000564 0.000192 0.011769 0.987463 0.000011
3 3 0.000738 0.000195 0.010438 0.988620 0.000010
3 3 0.000471 0.000275 0.014789 0.984440 0.000027
3 3 0.000487 0.000332 0.019188 0.979961 0.000032
3 3 0.000398 0.000392 0.020965 0.978192 0.000054
3 3 0.000737 0.000704 0.023793 0.974651 0.000115
3 3 0.001650 0.001633 0.027310 0.969024 0.000384
3 3 0.001751 0.001284 0.022207 0.974515 0.000243
3 3 0.001745 0.000580 0.015107 0.982519 0.000048
3 3 0.001090 0.000606 0.026545 0.971713 0.000046
3 3 0.000117 0.000073 0.009639 0.990166 0.000005
3 3 0.000341 0.000107 0.009472 0.990074 0.000005
3 3 0.000474 0.000201 0.009308 0.989997 0.000019
3 3 0.000578 0.000161 0.008216 0.991034 0.000010
3 3 0.000387 0.000225 0.014983 0.984386 0.000019
3 3 0.000571 0.000326 0.012760 0.986304 0.000040
3 3 0.000349 0.000110 0.008468 0.991066 0.000006
3 3 0.000694 0.000231 0.009597 0.989459 0.000018
3 3 0.001067 0.000394 0.012600 0.985903 0.000035
3 3 0.000784 0.000352 0.012309 0.986518 0.000037
3 3 0.001589 0.000358 0.011165 0.986866 0.000021
3 3 0.000895 0.000253 0.010281 0.988554 0.000017
3 3 0.000974 0.000262 0.008551 0.990193 0.000020
3 3 0.000534 0.000133 0.006898 0.992426 0.000008
3 3 0.000635 0.000140 0.007956 0.991261 0.000007
3 3 0.000170 0.000048 0.006305 0.993474 0.000002
3 3 0.000704 0.000475 0.014287 0.984459 0.000075
3 3 0.000940 0.000402 0.010176 0.988430 0.000052
3 3 0.000145 0.000036 0.006532 0.993286 0.000001
3 3 0.000277 0.000078 0.007097 0.992544 0.000004
3 3 0.000423 0.000157 0.009810 0.989599 0.000011
3 3 0.000303 0.000131 0.008193 0.991361 0.000012
3 3 0.000789 0.000249 0.010502 0.988442 0.000018
3 3 0.000601 0.000247 0.008519 0.990604 0.000028
3 3 0.000236 0.000066 0.008338 0.991357 0.000002
3 3 0.000271 0.000079 0.006723 0.992923 0.000004
3 3 0.000811 0.000305 0.008914 0.989935 0.000034
3 3 0.000657 0.000234 0.008136 0.990950 0.000024
3 3 0.000579 0.000264 0.010216 0.988912 0.000029
3 3 0.000246 0.000113 0.007373 0.992258 0.000011
3 3 0.000399 0.000146 0.007629 0.991813 0.000012
3 3 0.000458 0.000141 0.006969 0.992421 0.000011
3 3 0.000622 0.000201 0.007450 0.991708 0.000019
3 3 0.000521 0.000138 0.006499 0.992833 0.000010
3 3 0.001063 0.000338 0.010177 0.988392 0.000030
3 3 0.000235 0.000094 0.006809 0.992855 0.000008
3 3 0.001404 0.000605 0.010742 0.987154 0.000095
3 3 0.001121 0.000565 0.013725 0.984512 0.000077
3 3 0.000984 0.000431 0.011339 0.987191 0.000054
3 3 0.001118 0.000482 0.011445 0.986894 0.000062
3 3 0.000636 0.000150 0.008966 0.990241 0.000007
3 3 0.000412 0.000109 0.008066 0.991407 0.000005
3 3 0.000926 0.000353 0.011921 0.986767 0.000032
3 3 0.000534 0.000143 0.007203 0.992110 0.000009
3 3 0.001712 0.000516 0.012116 0.985609 0.000046
3 3 0.001569 0.000360 0.008633 0.989410 0.000028
3 3 0.000609 0.000112 0.007691 0.991585 0.000004
3 3 0.001019 0.000185 0.007113 0.991673 0.000010
3 3 0.000563 0.000215 0.007857 0.991342 0.000023
3 3 0.000638 0.000267 0.009202 0.989863 0.000030
3 3 0.001010 0.000456 0.013023 0.985459 0.000052
3 3 0.000578 0.000274 0.008870 0.990242 0.000037
3 3 0.000521 0.000189 0.010409 0.988867 0.000013
3 3 0.000474 0.000138 0.007313 0.992065 0.000010
3 3 0.001997 0.001241 0.019410 0.977126 0.000226
3 3 0.009688 0.003444 0.025003 0.961372 0.000493
2 2 0.017190 0.103286 0.545073 0.305974 0.028477
2 2 0.011539 0.118952 0.508988 0.298992 0.061529
1 2 0.018813 0.399005 0.376889 0.024625 0.180667
1 2 0.015741 0.392431 0.392127 0.013676 0.186024
2 2 0.018899 0.370887 0.465452 0.013751 0.131011
1 2 0.025049 0.418478 0.383086 0.016384 0.157003
1 2 0.089831 0.456654 0.210131 0.002137 0.241248
1 2 0.181355 0.413152 0.179064 0.006238 0.220191
1 2 0.032948 0.573986 0.267067 0.000422 0.125578
1 2 0.026293 0.480356 0.295627 0.002170 0.195554
1 2 0.170084 0.401488 0.158559 0.002198 0.267671
1 4 0.102333 0.454918 0.185821 0.001169 0.255759
1 4 0.088190 0.572646 0.270956 0.002074 0.066133
1 4 0.268634 0.480194 0.175946 0.001516 0.073710
1 4 0.335356 0.366146 0.129437 0.004077 0.164985
1 4 0.244561 0.440882 0.177059 0.006768 0.130729
1 1 0.020194 0.564261 0.308449 0.000697 0.106400
1 1 0.027320 0.545670 0.301756 0.001369 0.123885
1 1 0.025176 0.564018 0.277943 0.000419 0.132445
1 1 0.021687 0.495632 0.297832 0.001070 0.183779
1 1 0.032518 0.571954 0.316340 0.002125 0.077063
1 1 0.070383 0.432959 0.396203 0.007115 0.093339
1 1 0.033107 0.561537 0.243461 0.000245 0.161649
1 1 0.022369 0.481414 0.294786 0.001261 0.200170
1 1 0.039051 0.439712 0.297809 0.015193 0.208236
1 1 0.119425 0.422956 0.295817 0.021615 0.140187
1 1 0.030490 0.450730 0.206716 0.000161 0.311902
4 1 0.031171 0.376400 0.200776 0.000532 0.391121
4 4 0.047388 0.209656 0.097050 0.000433 0.645472
4 4 0.038959 0.233492 0.110464 0.000290 0.616795
4 4 0.040864 0.315672 0.188934 0.002935 0.451595
4 4 0.091614 0.321948 0.151083 0.003018 0.432337
0 4 0.419936 0.324018 0.121428 0.011277 0.123341
1 4 0.136891 0.437561 0.222595 0.015524 0.187428
4 4 0.040295 0.171913 0.089367 0.000753 0.697672
4 4 0.129765 0.070365 0.028517 0.001446 0.769907
4 4 0.054808 0.184542 0.094713 0.001672 0.664264
4 4 0.036661 0.241493 0.137540 0.001231 0.583075
1 4 0.015361 0.389013 0.262408 0.000597 0.332620
1 4 0.010810 0.389908 0.291538 0.000568 0.307176
1 4 0.027838 0.435013 0.268617 0.001927 0.266606
1 4 0.033477 0.390780 0.256021 0.004775 0.314947
1 4 0.052562 0.490151 0.193166 0.000190 0.263931
1 4 0.067176 0.529294 0.184290 0.000113 0.219127
4 4 0.071779 0.324795 0.155056 0.002198 0.446172
1 4 0.024824 0.409827 0.259514 0.001514 0.304321
1 4 0.013066 0.501453 0.268569 0.000075 0.216838
1 4 0.014430 0.482539 0.287746 0.000258 0.215028
1 4 0.087278 0.449872 0.205805 0.001713 0.255332
1 4 0.046443 0.558682 0.263498 0.000898 0.130479
1 4 0.122611 0.465054 0.212252 0.005289 0.194795
1 4 0.274235 0.402241 0.165122 0.008565 0.149837
0 4 0.413447 0.367969 0.129985 0.005318 0.083282
1 4 0.104046 0.478765 0.217567 0.002951 0.196672
4 4 0.073033 0.182963 0.081902 0.001219 0.660882
4 4 0.062485 0.237841 0.110625 0.001037 0.588012
1 4 0.015911 0.529574 0.250513 0.000048 0.203954
1 4 0.012788 0.504247 0.277397 0.000094 0.205474
2 4 0.038334 0.327007 0.513297 0.015516 0.105845
1 4 0.031433 0.479526 0.343480 0.008848 0.136712
2 4 0.063708 0.428028 0.431907 0.005168 0.071189
1 4 0.105155 0.559447 0.264185 0.003245 0.067968
1 4 0.030121 0.564660 0.313618 0.002329 0.089272
1 4 0.056068 0.526595 0.298462 0.001387 0.117488
1 4 0.037368 0.593333 0.273973 0.000331 0.094994
1 4 0.106748 0.587576 0.235723 0.000374 0.069579
1 4 0.112693 0.410586 0.207340 0.007786 0.261595
1 4 0.060271 0.486369 0.258386 0.005082 0.189893
1 4 0.293964 0.377046 0.128364 0.002110 0.198516
0 4 0.534943 0.221767 0.071860 0.007255 0.164176
0 4 0.985224 0.009683 0.001238 0.000011 0.003844
0 0 0.996936 0.002172 0.000202 0.000001 0.000689
0 0 0.884635 0.074168 0.016983 0.001025 0.023190
0 0 0.898620 0.069152 0.018956 0.004131 0.009142
0 0 0.999150 0.000695 0.000060 0.000000 0.000095
0 0 0.999666 0.000274 0.000018 0.000000 0.000041
0 0 0.990188 0.005728 0.000582 0.000002 0.003500
0 0 0.964439 0.021347 0.003133 0.000032 0.011049
0 0 0.929330 0.029562 0.003853 0.000013 0.037242
0 0 0.985191 0.006999 0.000719 0.000002 0.007090
0 0 0.922145 0.038190 0.006771 0.000097 0.032796
0 0 0.787800 0.080829 0.015354 0.000167 0.115850
0 0 0.519783 0.173803 0.051217 0.002537 0.252659
4 0 0.145180 0.338898 0.163823 0.008788 0.343311
1 1 0.040839 0.416599 0.200784 0.000543 0.341234
4 1 0.077316 0.351002 0.129013 0.000200 0.442470
0 4 0.542511 0.211926 0.055393 0.001027 0.189143
0 4 0.879165 0.054304 0.008678 0.000062 0.057791
0 4 0.996463 0.002668 0.000285 0.000002 0.000581
0 4 0.995623 0.003464 0.000444 0.000010 0.000459
0 4 0.996004 0.002635 0.000250 0.000001 0.001110
0 4 0.988697 0.007413 0.000883 0.000006 0.003002
0 4 0.930351 0.028408 0.006205 0.000202 0.034833
0 4 0.866396 0.063971 0.013700 0.000368 0.055565
1 4 0.117955 0.469413 0.110294 0.000005 0.302333
4 4 0.062410 0.300463 0.087218 0.000015 0.549895
4 4 0.023063 0.149332 0.045925 0.000002 0.781678
4 4 0.028143 0.326734 0.081658 0.000000 0.563465
1 4 0.011165 0.456782 0.154964 0.000001 0.377089
1 4 0.015451 0.428376 0.131232 0.000001 0.424941
1 4 0.010713 0.440937 0.145548 0.000000 0.402801
1 4 0.007976 0.407846 0.183552 0.000002 0.400624
4 4 0.006131 0.326246 0.196127 0.000011 0.471484
4 2 0.006028 0.340462 0.196466 0.000008 0.457035
4 2 0.022088 0.301791 0.169636 0.000258 0.506228
4 2 0.034980 0.300946 0.146345 0.000280 0.517449
1 2 0.016550 0.407739 0.226495 0.000130 0.349086
4 2 0.025696 0.353225 0.186973 0.000261 0.433845
4 2 0.045417 0.325845 0.125138 0.000079 0.503522
1 2 0.028522 0.426394 0.168968 0.000032 0.376084
4 2 0.011577 0.317985 0.217316 0.000230 0.452892
4 2 0.013190 0.327598 0.265141 0.001654 0.392418
4 2 0.020312 0.250301 0.118957 0.000044 0.610385
4 2 0.023714 0.205438 0.084971 0.000021 0.685856
1 2 0.009170 0.418982 0.183798 0.000003 0.388046
4 2 0.012601 0.402629 0.115809 0.000000 0.468961
4 2 0.013314 0.326818 0.221288 0.000326 0.438254
4 4 0.013246 0.335398 0.239795 0.000543 0.411018
1 4 0.033932 0.528591 0.267535 0.000969 0.168973
1 4 0.028902 0.470654 0.253403 0.000700 0.246340
4 4 0.059217 0.366196 0.188373 0.002631 0.383583
4 4 0.057028 0.363824 0.198087 0.003918 0.377144
4 4 0.025945 0.371265 0.166215 0.000062 0.436513
1 4 0.019635 0.444227 0.170243 0.000008 0.365886
1 4 0.131160 0.573774 0.222577 0.000420 0.072069
1 1 0.139834 0.541313 0.211915 0.000998 0.105940
1 1 0.018962 0.456190 0.251352 0.000225 0.273271
1 1 0.016218 0.457270 0.273558 0.000316 0.252637
1 1 0.073210 0.410086 0.180650 0.001090 0.334964
4 1 0.058027 0.364929 0.167296 0.000806 0.408942
1 1 0.014812 0.588413 0.275706 0.000063 0.121005
1 1 0.027854 0.586776 0.251419 0.000103 0.133848
1 1 0.021197 0.567869 0.196470 0.000007 0.214458
1 1 0.018404 0.540462 0.233388 0.000032 0.207714
1 1 0.015583 0.536911 0.317338 0.000517 0.129652
1 1 0.019543 0.491668 0.340659 0.003579 0.144551
1 1 0.109319 0.524442 0.256213 0.005765 0.104261
1 1 0.346589 0.415373 0.151533 0.004052 0.082453
1 1 0.116675 0.578859 0.248048 0.000839 0.055579
1 1 0.014366 0.580311 0.341755 0.000607 0.062962
1 1 0.018654 0.555618 0.334664 0.001576 0.089488
1 1 0.012019 0.525733 0.368139 0.001575 0.092534
1 1 0.014267 0.476132 0.375991 0.005150 0.128459
1 1 0.014021 0.459633 0.412629 0.004998 0.108719
2 2 0.010467 0.265366 0.665278 0.011225 0.047664
2 2 0.019282 0.409851 0.455494 0.011501 0.103871
2 2 0.000314 0.035996 0.961806 0.000526 0.001359
2 2 0.000907 0.109063 0.882071 0.001479 0.006480
2 2 0.005232 0.151462 0.831488 0.001336 0.010482
2 2 0.006444 0.215357 0.763893 0.002622 0.011685
1 2 0.189795 0.418989 0.283990 0.038974 0.068253
2 2 0.037079 0.318958 0.601193 0.005290 0.037480
2 2 0.001797 0.145220 0.846969 0.000460 0.005554
2 2 0.003603 0.114931 0.878377 0.000064 0.003025
2 2 0.001072 0.040509 0.955206 0.002080 0.001134
2 2 0.000996 0.053610 0.940689 0.001993 0.002712
2 2 0.000410 0.098625 0.895843 0.000503 0.004620
2 2 0.000533 0.049818 0.946880 0.000052 0.002717
2 2 0.000614 0.075749 0.920060 0.001061 0.002516
2 2 0.000735 0.038282 0.954947 0.004406 0.001629
2 2 0.005893 0.138650 0.838386 0.009199 0.007873
2 2 0.003060 0.105347 0.887125 0.000549 0.003918
2 2 0.001355 0.112237 0.874331 0.002374 0.009703
2 2 0.006391 0.269042 0.689378 0.004034 0.031155
2 2 0.003378 0.068488 0.919647 0.003331 0.005156
2 2 0.000858 0.095491 0.895167 0.002121 0.006362
2 2 0.000884 0.116952 0.871592 0.000322 0.010250
2 2 0.001304 0.161412 0.824403 0.001200 0.011681
2 2 0.000696 0.030379 0.959862 0.007577 0.001486
2 2 0.000938 0.075092 0.912898 0.005042 0.006031
2 2 0.000199 0.033102 0.962540 0.002259 0.001900
2 2 0.000512 0.032927 0.961137 0.003685 0.001739
2 2 0.000413 0.054062 0.940073 0.002402 0.003050
2 2 0.001331 0.088003 0.898802 0.005215 0.006650
2 2 0.000468 0.068994 0.924513 0.001807 0.004219
2 2 0.000896 0.047856 0.946388 0.001310 0.003551
2 2 0.000866 0.033979 0.920659 0.039439 0.005058
2 2 0.000400 0.022852 0.947402 0.027427 0.001919
2 2 0.004072 0.124169 0.824276 0.027254 0.020229
2 2 0.001664 0.067852 0.913549 0.009489 0.007446
2 2 0.000381 0.018244 0.886697 0.092074 0.002605
2 2 0.001293 0.037982 0.888537 0.067418 0.004769
2 2 0.001158 0.052404 0.902838 0.035914 0.007686
2 2 0.000604 0.041842 0.930712 0.021670 0.005172
2 2 0.000712 0.016542 0.737049 0.242052 0.003644
2 2 0.001074 0.029863 0.757738 0.203384 0.007942
2 2 0.002271 0.030829 0.687406 0.274125 0.005369
2 2 0.001254 0.014164 0.710009 0.273403 0.001170
2 2 0.004281 0.071981 0.837246 0.076250 0.010242
2 2 0.002166 0.061183 0.861069 0.065346 0.010236
2 2 0.000767 0.027930 0.903383 0.063010 0.004911
2 2 0.000612 0.028497 0.874116 0.091238 0.005537
2 2 0.001003 0.041385 0.859993 0.088740 0.008878
2 2 0.000430 0.018268 0.900016 0.078192 0.003093
2 2 0.001012 0.044631 0.872988 0.070092 0.011276
2 2 0.003249 0.092288 0.802120 0.079187 0.023156
2 2 0.000799 0.016009 0.695811 0.284642 0.002739
2 2 0.001250 0.027435 0.781401 0.185208 0.004705
2 2 0.000817 0.030600 0.814107 0.146920 0.007556
2 2 0.001097 0.032191 0.730221 0.226490 0.010001
2 2 0.001024 0.013022 0.575501 0.408650 0.001803
2 2 0.001306 0.019019 0.638683 0.337755 0.003238
2 2 0.003350 0.036046 0.646434 0.307686 0.006483
2 3 0.005675 0.036697 0.711645 0.242666 0.003318
2 3 0.002990 0.064979 0.678324 0.228504 0.025203
2 3 0.001408 0.051174 0.768477 0.161615 0.017326
2 3 0.000799 0.021539 0.939294 0.037002 0.001366
2 3 0.002583 0.027770 0.857100 0.107629 0.004918
2 3 0.036304 0.223773 0.665521 0.051161 0.023241
2 2 0.016523 0.189588 0.676711 0.075457 0.041722
2 2 0.002262 0.063060 0.814047 0.105385 0.015246
2 2 0.004424 0.112979 0.775133 0.077564 0.029901
2 2 0.003115 0.107939 0.860074 0.016072 0.012800
2 2 0.002559 0.119165 0.861302 0.006898 0.010076
2 2 0.013281 0.100080 0.833698 0.046069 0.006873
2 2 0.006128 0.145158 0.815228 0.017575 0.015912
2 2 0.014921 0.387364 0.517561 0.007159 0.072996
2 2 0.013162 0.338089 0.568994 0.011046 0.068709
2 2 0.005659 0.242740 0.714240 0.005722 0.031639
2 2 0.004423 0.192560 0.774484 0.006293 0.022240
2 2 0.007317 0.106863 0.870047 0.010848 0.004924
2 2 0.008203 0.159470 0.802615 0.015867 0.013846
2 2 0.001692 0.083845 0.910120 0.001597 0.002745
2 2 0.003396 0.153880 0.826613 0.004705 0.011405
2 2 0.000744 0.046792 0.941902 0.005939 0.004624
2 2 0.000533 0.067439 0.924996 0.002531 0.004501
2 2 0.000562 0.059804 0.931790 0.003662 0.004183
2 2 0.000307 0.028263 0.969617 0.001032 0.000781
2 2 0.000370 0.028177 0.946003 0.021383 0.004067
2 2 0.000837 0.043104 0.931372 0.019560 0.005127
2 2 0.003554 0.047508 0.941529 0.004920 0.002489
2 2 0.001110 0.081952 0.911718 0.002186 0.003034
2 2 0.002545 0.094381 0.897840 0.001397 0.003837
2 2 0.000741 0.069105 0.927386 0.000406 0.002362
2 2 0.038574 0.230305 0.653985 0.024034 0.053101
1 0 0.055915 0.539048 0.335084 0.004820 0.065133
1 1 0.197660 0.519669 0.207434 0.000837 0.074401
1 1 0.035504 0.598005 0.321193 0.000814 0.044484
1 1 0.057173 0.565239 0.256980 0.000776 0.119832
1 1 0.221945 0.471184 0.159303 0.000854 0.146715
1 1 0.105214 0.484835 0.307033 0.009710 0.093208
1 1 0.052757 0.531815 0.308900 0.007530 0.098997
2 1 0.032133 0.428005 0.463434 0.009206 0.067223
1 1 0.052825 0.471864 0.375536 0.012897 0.086878
1 1 0.045278 0.560737 0.284972 0.002073 0.106941
1 1 0.064367 0.473739 0.208472 0.000823 0.252598
1 1 0.014391 0.455626 0.280326 0.000289 0.249367
1 1 0.011805 0.452743 0.327180 0.000803 0.207469
1 1 0.011270 0.603882 0.237974 0.000005 0.146870
1 1 0.018310 0.599813 0.210281 0.000004 0.171592
1 1 0.156604 0.448611 0.206470 0.006782 0.181533
1 1 0.201675 0.416698 0.177138 0.005484 0.199005
1 1 0.066443 0.565725 0.211025 0.000153 0.156654
1 1 0.081785 0.450325 0.172996 0.000415 0.294478
1 1 0.045877 0.478301 0.264226 0.004073 0.207523
1 1 0.026823 0.494926 0.289769 0.001559 0.186924
1 1 0.160932 0.518744 0.187391 0.000697 0.132237
1 1 0.072271 0.570011 0.260559 0.001364 0.095795
4 1 0.043766 0.300837 0.184067 0.000510 0.470820
1 1 0.015241 0.417704 0.272611 0.000489 0.293955
1 1 0.008719 0.373386 0.309572 0.000752 0.307570
1 1 0.008830 0.399683 0.296111 0.000301 0.295075
1 1 0.019742 0.435485 0.400620 0.004779 0.139374
2 1 0.016654 0.378779 0.507428 0.005639 0.091500
1 1 0.021832 0.532896 0.203163 0.000015 0.242093
1 1 0.011506 0.536009 0.231248 0.000008 0.221231
2 1 0.012288 0.331214 0.499411 0.028291 0.128797
2 1 0.010031 0.343599 0.509618 0.018002 0.118750
4 1 0.011673 0.327040 0.282170 0.002100 0.377017
4 1 0.010737 0.313690 0.274092 0.001756 0.399726
4 1 0.132385 0.260839 0.107032 0.001687 0.498056
1 1 0.064721 0.392389 0.170545 0.000790 0.371555
4 1 0.007041 0.307848 0.331643 0.003643 0.349826
4 1 0.008598 0.310499 0.315457 0.003775 0.361671
