0 0 0.998768 0.000418 0.000400 0.000015 0.000399
0 0 0.998467 0.000661 0.000273 0.000000 0.000599
0 0 0.996631 0.001406 0.000529 0.000000 0.001434
0 0 0.993404 0.001793 0.000294 0.000000 0.004509
0 0 0.949892 0.029640 0.004673 0.000002 0.015792
0 0 0.930346 0.040660 0.008598 0.000002 0.020394
0 0 0.989157 0.002366 0.000349 0.000000 0.008127
0 0 0.995430 0.001457 0.000237 0.000001 0.002875
0 0 0.996413 0.000758 0.000463 0.000000 0.002367
0 0 0.996780 0.000911 0.000239 0.000000 0.002071
0 0 0.998074 0.000566 0.000178 0.000000 0.001182
0 0 0.999648 0.000139 0.000132 0.000000 0.000080
0 0 0.997589 0.001035 0.000651 0.000000 0.000725
0 0 0.997746 0.000810 0.000862 0.000002 0.000580
0 0 0.998055 0.000538 0.000631 0.000047 0.000730
0 0 0.995115 0.001192 0.000572 0.000081 0.003041
0 0 0.998377 0.000711 0.000456 0.000002 0.000454
0 0 0.998833 0.000496 0.000247 0.000000 0.000424
0 0 0.999231 0.000271 0.000158 0.000000 0.000340
0 0 0.998804 0.000550 0.000247 0.000000 0.000399
0 0 0.998688 0.000514 0.000215 0.000000 0.000583
0 0 0.998958 0.000398 0.000179 0.000000 0.000465
0 0 0.999330 0.000196 0.000091 0.000000 0.000382
0 0 0.999229 0.000326 0.000167 0.000000 0.000278
0 0 0.997388 0.000834 0.000713 0.000002 0.001062
0 0 0.998180 0.000664 0.000314 0.000001 0.000842
0 0 0.996978 0.000874 0.000217 0.000000 0.001932
0 0 0.998551 0.000388 0.000204 0.000000 0.000857
0 0 0.998543 0.000471 0.000443 0.000001 0.000542
0 0 0.998374 0.000534 0.000233 0.000000 0.000859
0 0 0.996631 0.000972 0.000458 0.000000 0.001940
0 0 0.996887 0.000583 0.000317 0.000000 0.002214
0 0 0.998939 0.000326 0.000307 0.000001 0.000426
0 0 0.997446 0.000733 0.000627 0.000006 0.001188
0 0 0.998827 0.000402 0.000194 0.000000 0.000577
0 0 0.998874 0.000378 0.000214 0.000000 0.000533
0 0 0.999355 0.000259 0.000177 0.000000 0.000210
0 0 0.998771 0.000459 0.000405 0.000002 0.000364
0 0 0.998768 0.000515 0.000365 0.000000 0.000351
0 0 0.999033 0.000354 0.000186 0.000000 0.000426
0 0 0.998932 0.000395 0.000324 0.000002 0.000347
0 0 0.997655 0.000519 0.000687 0.000022 0.001116
0 0 0.998352 0.000427 0.000661 0.000020 0.000540
0 0 0.997381 0.000812 0.000564 0.000001 0.001242
0 0 0.999111 0.000383 0.000229 0.000000 0.000276
0 0 0.998594 0.000562 0.000478 0.000001 0.000364
0 0 0.998872 0.000590 0.000322 0.000000 0.000216
0 0 0.999292 0.000306 0.000284 0.000001 0.000118
0 0 0.997800 0.001062 0.000762 0.000002 0.000375
0 0 0.997743 0.001156 0.000841 0.000001 0.000259
0 0 0.998825 0.000320 0.000282 0.000001 0.000572
0 0 0.998670 0.000311 0.000108 0.000000 0.000911
0 0 0.999039 0.000374 0.000173 0.000000 0.000413
0 0 0.999362 0.000212 0.000134 0.000000 0.000292
0 0 0.999062 0.000298 0.000261 0.000000 0.000379
0 0 0.998892 0.000316 0.000219 0.000000 0.000573
0 0 0.997967 0.000403 0.000142 0.000000 0.001487
0 0 0.997261 0.000862 0.000245 0.000000 0.001632
0 0 0.997563 0.000916 0.000290 0.000000 0.001231
0 0 0.998486 0.000587 0.000306 0.000000 0.000621
0 0 0.998426 0.000585 0.000204 0.000000 0.000785
0 0 0.999397 0.000220 0.000156 0.000000 0.000226
0 0 0.998778 0.000280 0.000102 0.000000 0.000840
0 0 0.998961 0.000359 0.000142 0.000000 0.000537
0 0 0.998321 0.000479 0.000196 0.000000 0.001003
0 0 0.999059 0.000358 0.000225 0.000000 0.000359
0 0 0.998707 0.000604 0.000476 0.000004 0.000208
0 0 0.998522 0.000673 0.000234 0.000000 0.000571
0 0 0.989449 0.004951 0.000939 0.000000 0.004662
0 0 0.985183 0.005341 0.000699 0.000000 0.008777
0 0 0.990346 0.004780 0.000935 0.000000 0.003939
0 0 0.989422 0.003626 0.000789 0.000000 0.006163
0 0 0.978518 0.007514 0.001569 0.000000 0.012399
0 0 0.973125 0.006811 0.001123 0.000000 0.018941
0 0 0.992223 0.002455 0.000433 0.000000 0.004889
0 0 0.989191 0.002790 0.000352 0.000000 0.007667
0 0 0.606274 0.245438 0.046530 0.000313 0.101445
0 0 0.551584 0.250566 0.057415 0.000554 0.139880
0 0 0.849482 0.072023 0.019033 0.000022 0.059440
0 0 0.963438 0.013962 0.005719 0.000006 0.016876
0 0 0.998237 0.000750 0.000322 0.000000 0.000690
0 0 0.997923 0.000823 0.000388 0.000000 0.000866
4 1 0.348999 0.130322 0.022117 0.000355 0.498207
4 1 0.057578 0.079595 0.010139 0.000027 0.852660
4 0 0.298064 0.078488 0.011560 0.000010 0.611877
0 1 0.612585 0.030418 0.004250 0.000056 0.352691
4 4 0.110429 0.091534 0.013876 0.000008 0.784153
4 4 0.338672 0.120116 0.011735 0.000048 0.529429
4 4 0.216960 0.195328 0.037592 0.000127 0.549992
4 4 0.250478 0.198347 0.067801 0.000753 0.482621
4 4 0.146506 0.039166 0.004718 0.000016 0.809595
4 4 0.204205 0.026131 0.004164 0.000030 0.765469
4 4 0.103033 0.034510 0.003540 0.000007 0.858911
4 4 0.083891 0.023863 0.003849 0.000018 0.888379
4 4 0.080683 0.033860 0.002749 0.000003 0.882706
4 4 0.135072 0.109447 0.011434 0.000031 0.744016
4 4 0.079272 0.054792 0.005029 0.000007 0.860900
4 4 0.059832 0.050792 0.004288 0.000004 0.885083
4 4 0.049830 0.044001 0.003329 0.000002 0.902837
4 4 0.094101 0.068019 0.009206 0.000021 0.828653
0 4 0.631733 0.037929 0.011774 0.001131 0.317433
4 4 0.414106 0.021599 0.007016 0.000436 0.556843
4 4 0.147671 0.028091 0.006388 0.000092 0.817758
4 4 0.115104 0.060084 0.010354 0.000076 0.814382
4 4 0.032378 0.041798 0.003289 0.000002 0.922532
4 4 0.045126 0.031899 0.004854 0.000016 0.918106
4 4 0.098220 0.117747 0.022710 0.000033 0.761290
4 4 0.169484 0.075881 0.019946 0.000509 0.734180
4 4 0.065064 0.081104 0.011591 0.000043 0.842197
4 4 0.050371 0.073437 0.009290 0.000023 0.866879
4 4 0.086548 0.061155 0.005589 0.000008 0.846701
4 4 0.148990 0.036247 0.005128 0.000025 0.809610
4 4 0.036075 0.142559 0.016270 0.000001 0.805095
4 4 0.032182 0.139225 0.015929 0.000024 0.812641
4 4 0.054681 0.096471 0.014104 0.000001 0.834744
4 4 0.165534 0.061806 0.008053 0.000037 0.764570
4 4 0.330481 0.047640 0.011219 0.000307 0.610354
4 4 0.319497 0.057705 0.008485 0.000076 0.614237
4 4 0.339684 0.027385 0.006830 0.000201 0.625900
4 4 0.246240 0.036544 0.008504 0.000179 0.708533
4 4 0.135059 0.025406 0.004643 0.000038 0.834855
4 4 0.174071 0.016375 0.003984 0.000069 0.805500
4 4 0.056094 0.040194 0.004873 0.000010 0.898829
4 4 0.030253 0.050835 0.005407 0.000007 0.913498
4 4 0.215632 0.029469 0.004662 0.000035 0.750202
4 4 0.203344 0.024470 0.004329 0.000040 0.767817
4 4 0.209047 0.052675 0.010970 0.000170 0.727138
4 4 0.142125 0.026103 0.005905 0.000082 0.825785
4 4 0.024600 0.268381 0.030586 0.000000 0.676433
4 4 0.016851 0.166391 0.021351 0.000000 0.795407
4 4 0.022347 0.099548 0.008012 0.000002 0.870091
4 4 0.068376 0.099725 0.010225 0.000018 0.821656
4 4 0.063187 0.053696 0.006131 0.000012 0.876973
4 4 0.055133 0.044812 0.006337 0.000015 0.893703
4 4 0.012501 0.144214 0.013015 0.000000 0.830270
4 0 0.014207 0.157444 0.012092 0.000000 0.816257
4 1 0.070237 0.307795 0.038744 0.000156 0.583068
4 2 0.029181 0.169323 0.025546 0.000001 0.775948
4 2 0.010022 0.260020 0.172896 0.000057 0.557005
4 2 0.012218 0.271493 0.156960 0.000199 0.559130
4 2 0.010956 0.354831 0.228394 0.000007 0.405812
4 1 0.024776 0.346909 0.104986 0.000001 0.523327
4 1 0.025619 0.375704 0.121209 0.000010 0.477459
4 1 0.013205 0.275809 0.151323 0.000031 0.559632
1 1 0.035312 0.402729 0.369458 0.000178 0.192323
2 1 0.007515 0.286703 0.550412 0.000033 0.155337
2 1 0.002970 0.194182 0.627894 0.000227 0.174727
2 1 0.008382 0.249068 0.582857 0.000513 0.159181
2 2 0.008252 0.250960 0.634031 0.000126 0.106630
2 2 0.003625 0.169724 0.750662 0.000257 0.075732
2 2 0.007258 0.234454 0.608292 0.000553 0.149442
2 2 0.006627 0.199210 0.716067 0.000461 0.077635
2 2 0.007076 0.263572 0.459426 0.000291 0.269635
2 2 0.007690 0.259113 0.428589 0.000615 0.303992
2 2 0.001267 0.108238 0.868218 0.000009 0.022268
2 2 0.001450 0.112165 0.866398 0.000007 0.019981
2 2 0.000897 0.066275 0.902293 0.000684 0.029851
2 2 0.000755 0.080524 0.883607 0.000173 0.034941
2 2 0.000756 0.063339 0.909377 0.001519 0.025009
2 2 0.000440 0.041462 0.935165 0.002159 0.020773
2 2 0.001032 0.048509 0.930712 0.011309 0.008439
2 2 0.003058 0.029188 0.935807 0.029477 0.002469
2 2 0.003160 0.051634 0.861891 0.032254 0.051062
2 2 0.002494 0.037667 0.860699 0.025825 0.073316
2 2 0.000704 0.027533 0.910620 0.050026 0.011117
2 2 0.004767 0.045628 0.808496 0.130152 0.010957
2 2 0.011828 0.041092 0.757740 0.163989 0.025350
2 3 0.015226 0.068132 0.755088 0.140098 0.021456
2 3 0.005800 0.034156 0.725290 0.223962 0.010792
2 3 0.031295 0.029763 0.592021 0.338467 0.008454
2 3 0.005664 0.043065 0.690335 0.239173 0.021764
2 3 0.030629 0.043345 0.527570 0.375608 0.022848
3 3 0.031268 0.013413 0.253341 0.689212 0.012766
3 3 0.041536 0.009285 0.150828 0.794483 0.003868
3 3 0.023454 0.016044 0.277453 0.673090 0.009959
3 3 0.033249 0.018472 0.264428 0.679493 0.004358
3 3 0.050551 0.015220 0.218056 0.712168 0.004005
3 3 0.066926 0.015779 0.238462 0.666564 0.012269
3 3 0.061099 0.011464 0.110390 0.813993 0.003053
3 3 0.076995 0.019572 0.208464 0.690522 0.004448
3 3 0.038322 0.008035 0.136905 0.814442 0.002297
3 3 0.069113 0.012201 0.138305 0.775637 0.004745
3 3 0.031731 0.003925 0.055420 0.906788 0.002135
3 3 0.044003 0.006315 0.090222 0.856939 0.002522
3 3 0.050220 0.012400 0.158190 0.776953 0.002237
3 3 0.053189 0.014434 0.186195 0.737849 0.008332
3 3 0.053122 0.014489 0.159414 0.767701 0.005274
3 3 0.070392 0.008124 0.112888 0.804662 0.003934
3 3 0.043302 0.006703 0.071514 0.876800 0.001681
3 3 0.032270 0.005817 0.083119 0.873004 0.005789
3 3 0.045002 0.008201 0.097991 0.845370 0.003436
3 3 0.056047 0.013076 0.131258 0.795405 0.004214
3 3 0.033269 0.003889 0.057355 0.904494 0.000992
3 3 0.027507 0.003770 0.045363 0.922473 0.000887
3 3 0.019857 0.003718 0.061569 0.914121 0.000734
3 3 0.026189 0.001983 0.037325 0.933854 0.000650
3 3 0.044818 0.002299 0.032104 0.919594 0.001185
3 3 0.019996 0.002925 0.056882 0.918177 0.002019
3 3 0.038060 0.002857 0.035178 0.922615 0.001290
3 3 0.024465 0.004200 0.047496 0.922282 0.001557
3 3 0.042462 0.004215 0.048759 0.903338 0.001225
3 3 0.021493 0.001626 0.024898 0.951425 0.000556
3 3 0.038961 0.004303 0.059668 0.894540 0.002528
3 3 0.029913 0.004416 0.073977 0.889277 0.002416
3 3 0.028148 0.001344 0.018234 0.951772 0.000501
3 3 0.012209 0.001507 0.023280 0.962353 0.000652
3 3 0.038288 0.007425 0.115863 0.834297 0.004126
3 3 0.024696 0.003123 0.037248 0.933455 0.001479
3 3 0.051088 0.001637 0.016784 0.929825 0.000665
3 3 0.042000 0.002333 0.025095 0.929433 0.001140
3 3 0.041520 0.005116 0.052955 0.898669 0.001740
3 3 0.011417 0.002692 0.042308 0.942498 0.001085
3 3 0.021939 0.001051 0.016831 0.959383 0.000797
3 3 0.041874 0.002402 0.031958 0.922133 0.001633
3 3 0.071448 0.004500 0.040640 0.881604 0.001808
3 3 0.005738 0.000452 0.012224 0.981458 0.000128
3 3 0.147649 0.034456 0.201439 0.608331 0.008125
3 2 0.255424 0.040605 0.108218 0.594043 0.001709
2 3 0.077850 0.082440 0.526677 0.296915 0.016117
2 3 0.036873 0.057004 0.715652 0.167594 0.022876
2 2 0.013376 0.079629 0.766606 0.083925 0.056465
2 2 0.013461 0.103065 0.764183 0.050108 0.069184
2 2 0.031381 0.048235 0.641214 0.177676 0.101494
2 2 0.043515 0.060640 0.627563 0.157639 0.110643
2 2 0.042824 0.161553 0.682105 0.102041 0.011477
2 2 0.033234 0.105949 0.696796 0.157850 0.006170
2 2 0.025171 0.141402 0.706617 0.047876 0.078934
2 2 0.003509 0.058272 0.846637 0.039967 0.051615
2 2 0.016444 0.036698 0.766583 0.158521 0.021754
2 2 0.029015 0.084037 0.749219 0.128321 0.009408
2 2 0.006708 0.066624 0.816726 0.096647 0.013295
2 2 0.008086 0.051119 0.819577 0.087326 0.033893
2 2 0.018894 0.027316 0.681837 0.258850 0.013103
2 3 0.021666 0.067050 0.605515 0.299407 0.006362
2 2 0.005399 0.066106 0.769942 0.145839 0.012714
2 2 0.005731 0.051608 0.839921 0.087833 0.014907
2 2 0.012223 0.039472 0.847156 0.087316 0.013834
2 3 0.013083 0.036003 0.742409 0.187281 0.021223
2 2 0.041554 0.038366 0.578967 0.319426 0.021686
2 3 0.022117 0.051461 0.649382 0.261112 0.015928
2 3 0.048883 0.050050 0.606694 0.282234 0.012138
2 2 0.055296 0.064620 0.637385 0.219812 0.022886
2 2 0.111692 0.073083 0.512451 0.291969 0.010805
2 2 0.036026 0.132375 0.659130 0.159636 0.012833
2 2 0.012334 0.084157 0.786281 0.108855 0.008374
2 2 0.015366 0.043791 0.762496 0.160421 0.017927
2 3 0.007569 0.090372 0.827792 0.064271 0.009996
2 2 0.012834 0.063259 0.810029 0.108315 0.005563
2 2 0.040111 0.141696 0.649641 0.163137 0.005416
2 2 0.006484 0.073655 0.827476 0.084965 0.007421
2 2 0.003529 0.080739 0.874110 0.032245 0.009378
2 2 0.001855 0.060694 0.911650 0.017771 0.008031
2 2 0.018672 0.062427 0.738245 0.112324 0.068332
2 2 0.009463 0.064618 0.820467 0.074950 0.030502
2 2 0.010139 0.057967 0.831762 0.082551 0.017580
2 2 0.012757 0.055422 0.761422 0.147022 0.023377
2 2 0.012570 0.041636 0.799305 0.126485 0.020004
2 2 0.009957 0.078817 0.832252 0.063914 0.015060
2 3 0.020834 0.091531 0.691736 0.158141 0.037758
2 3 0.007422 0.053660 0.749466 0.153966 0.035485
2 3 0.031215 0.029568 0.486226 0.434350 0.018641
2 3 0.055861 0.046348 0.540712 0.344624 0.012455
2 3 0.035887 0.060175 0.687073 0.191897 0.024967
2 0 0.056848 0.039584 0.535717 0.350658 0.017192
2 2 0.268782 0.168756 0.311161 0.249230 0.002070
2 2 0.152007 0.109805 0.533238 0.195495 0.009455
2 2 0.010985 0.061353 0.798287 0.100972 0.028404
2 2 0.012263 0.046529 0.779852 0.117890 0.043466
2 2 0.001638 0.036079 0.889984 0.058189 0.014110
2 2 0.004530 0.058447 0.873131 0.052969 0.010924
2 2 0.001320 0.026697 0.880154 0.070980 0.020849
2 2 0.006007 0.033265 0.890615 0.056172 0.013942
2 3 0.014366 0.036731 0.751410 0.177370 0.020124
2 2 0.043184 0.058005 0.589221 0.301360 0.008230
2 2 0.017162 0.075209 0.776876 0.116520 0.014232
2 2 0.004379 0.046408 0.788167 0.145021 0.016025
2 3 0.001943 0.041697 0.882224 0.068422 0.005713
2 2 0.005477 0.042211 0.823609 0.118354 0.010349
2 3 0.014723 0.058364 0.736972 0.158095 0.031845
2 2 0.014544 0.044126 0.773524 0.134334 0.033472
2 3 0.019035 0.033473 0.683171 0.249914 0.014408
2 3 0.021023 0.034232 0.667982 0.261613 0.015150
2 2 0.028905 0.042227 0.575691 0.336527 0.016650
2 3 0.058302 0.043185 0.568871 0.311441 0.018201
2 2 0.025167 0.042222 0.686735 0.229104 0.016772
3 0 0.077986 0.055181 0.393656 0.465866 0.007310
2 2 0.096263 0.255632 0.560543 0.076381 0.011180
2 2 0.005260 0.112910 0.785627 0.066098 0.030105
2 2 0.006741 0.053413 0.811268 0.094043 0.034535
2 2 0.006507 0.092173 0.815034 0.052456 0.033830
2 2 0.009779 0.100068 0.774678 0.098262 0.017213
2 2 0.015509 0.075899 0.817870 0.065815 0.024908
2 2 0.008731 0.046712 0.817294 0.119214 0.008049
2 2 0.005177 0.026154 0.719995 0.240520 0.008154
2 2 0.018773 0.049864 0.739408 0.177409 0.014545
2 2 0.023719 0.066983 0.743988 0.149531 0.015779
2 2 0.007952 0.043782 0.746629 0.181483 0.020155
2 2 0.020463 0.061094 0.776612 0.130786 0.011046
2 2 0.022644 0.044210 0.696958 0.173786 0.062403
2 2 0.008462 0.050104 0.737930 0.181898 0.021606
2 2 0.012954 0.055793 0.713325 0.166245 0.051683
2 3 0.021828 0.053107 0.722100 0.140634 0.062332
2 2 0.056403 0.083465 0.606852 0.224726 0.028555
2 3 0.009958 0.055203 0.708924 0.165405 0.060511
2 3 0.059219 0.045549 0.479855 0.396678 0.018700
3 3 0.063025 0.039922 0.435040 0.448720 0.013293
2 3 0.019880 0.035061 0.511784 0.427422 0.005853
2 3 0.013163 0.043487 0.544650 0.392416 0.006283
2 0 0.019243 0.063691 0.600803 0.307763 0.008500
3 3 0.123348 0.094829 0.368996 0.406347 0.006480
2 2 0.013671 0.075694 0.750084 0.148672 0.011879
2 2 0.009572 0.063209 0.828735 0.089107 0.009377
2 2 0.013562 0.046334 0.773343 0.157051 0.009711
2 2 0.018285 0.035380 0.771067 0.169579 0.005689
2 3 0.016338 0.099556 0.774943 0.082889 0.026274
2 3 0.008318 0.057219 0.803073 0.114071 0.017319
2 3 0.040829 0.065030 0.673822 0.211024 0.009296
2 2 0.025100 0.046059 0.675266 0.240470 0.013105
2 2 0.007983 0.079974 0.801888 0.078494 0.031662
2 2 0.019488 0.062003 0.811364 0.061206 0.045940
2 3 0.014258 0.050042 0.723429 0.203256 0.009014
2 3 0.043406 0.033372 0.552683 0.362569 0.007969
2 0 0.035866 0.072974 0.692214 0.191327 0.007619
2 2 0.307175 0.167789 0.335335 0.186213 0.003489
2 2 0.009677 0.111577 0.840138 0.034009 0.004599
2 2 0.003502 0.042405 0.857195 0.090732 0.006166
2 2 0.004613 0.035072 0.867359 0.089661 0.003295
2 2 0.004089 0.049923 0.883954 0.060394 0.001640
2 2 0.002689 0.049008 0.829056 0.111261 0.007985
2 2 0.008886 0.097778 0.824876 0.065096 0.003365
2 2 0.005588 0.077040 0.856059 0.058453 0.002859
2 2 0.006106 0.088335 0.831751 0.067835 0.005973
2 2 0.005392 0.094523 0.867119 0.024696 0.008270
2 2 0.005907 0.080315 0.891840 0.013313 0.008626
2 2 0.000770 0.049144 0.917091 0.015240 0.017756
2 2 0.004588 0.077948 0.878407 0.031276 0.007781
2 2 0.032079 0.230314 0.696076 0.003092 0.038439
2 2 0.035907 0.283654 0.632955 0.000785 0.046699
2 2 0.014041 0.260288 0.687936 0.000103 0.037632
2 1 0.005757 0.182392 0.771632 0.000132 0.040088
2 1 0.071902 0.375398 0.409764 0.002924 0.140013
2 1 0.032988 0.317852 0.535883 0.001052 0.112223
1 0 0.164889 0.504317 0.270673 0.000763 0.059358
1 1 0.316682 0.385698 0.238266 0.001994 0.057360
4 0 0.123904 0.134866 0.030845 0.000452 0.709933
4 4 0.121616 0.186495 0.044027 0.000893 0.646969
4 4 0.173157 0.081827 0.014465 0.000147 0.730404
4 4 0.187999 0.094563 0.024463 0.000664 0.692312
4 4 0.128518 0.079629 0.019369 0.000101 0.772383
4 4 0.061963 0.058813 0.009454 0.000043 0.869726
4 4 0.087239 0.296858 0.059630 0.000107 0.556166
4 4 0.059537 0.285292 0.073724 0.000003 0.581444
0 0 0.585835 0.174629 0.038400 0.001838 0.199298
0 0 0.853551 0.075024 0.014476 0.000231 0.056718
0 0 0.359117 0.290773 0.047551 0.000125 0.302433
1 0 0.216955 0.441115 0.078450 0.000007 0.263473
1 1 0.073497 0.573774 0.187986 0.000024 0.164718
1 1 0.017790 0.390700 0.304871 0.000022 0.286617
2 1 0.006846 0.216907 0.571217 0.000386 0.204644
2 1 0.003583 0.156355 0.734981 0.000084 0.104997
2 2 0.003037 0.103778 0.848658 0.006930 0.037597
2 2 0.002209 0.096042 0.865714 0.002847 0.033188
2 2 0.001074 0.068174 0.909718 0.001278 0.019757
2 2 0.000565 0.056150 0.929273 0.000203 0.013809
2 2 0.000685 0.023250 0.938115 0.015184 0.022766
2 2 0.001289 0.051910 0.912581 0.024534 0.009686
2 2 0.001053 0.070494 0.905965 0.001042 0.021446
2 2 0.001281 0.059872 0.925396 0.003079 0.010371
2 2 0.001234 0.068122 0.905792 0.003401 0.021450
2 2 0.001326 0.060580 0.915237 0.005424 0.017433
2 2 0.001379 0.087089 0.882271 0.000673 0.028588
2 2 0.001500 0.090670 0.868199 0.001751 0.037879
2 2 0.000757 0.039227 0.937864 0.006717 0.015435
2 2 0.001001 0.058619 0.919539 0.003775 0.017066
2 2 0.000930 0.045303 0.917472 0.007421 0.028873
2 2 0.001182 0.047292 0.919331 0.004026 0.028169
2 2 0.000922 0.048678 0.920513 0.013649 0.016238
2 2 0.002053 0.045127 0.893582 0.021029 0.038208
2 2 0.002377 0.040332 0.925368 0.023693 0.008231
2 2 0.001534 0.034144 0.912030 0.044202 0.008091
2 2 0.022161 0.062431 0.780316 0.123243 0.011850
2 2 0.007604 0.093922 0.847044 0.047774 0.003655
2 2 0.001376 0.052790 0.907278 0.021601 0.016955
2 2 0.000730 0.044006 0.922432 0.012093 0.020739
2 2 0.001738 0.043995 0.901188 0.034641 0.018438
2 2 0.000732 0.028389 0.904133 0.053530 0.013216
2 2 0.002494 0.030693 0.891365 0.070396 0.005052
2 2 0.001827 0.032741 0.887897 0.073463 0.004071
2 2 0.003354 0.042743 0.868114 0.080918 0.004871
2 2 0.002562 0.060475 0.909858 0.022298 0.004808
2 0 0.003012 0.092686 0.860906 0.017593 0.025802
2 1 0.018897 0.161829 0.812787 0.002594 0.003893
2 2 0.017080 0.203160 0.730935 0.019028 0.029797
2 2 0.005761 0.072621 0.877078 0.011758 0.032783
2 2 0.001507 0.029246 0.915626 0.044095 0.009527
2 2 0.002157 0.034365 0.910039 0.047887 0.005553
2 2 0.000502 0.028909 0.926564 0.039242 0.004783
2 2 0.002688 0.032502 0.916990 0.044414 0.003406
2 2 0.005610 0.077274 0.893904 0.015461 0.007750
2 2 0.001951 0.062636 0.900250 0.026418 0.008745
2 2 0.001259 0.067050 0.901963 0.006378 0.023350
2 2 0.000372 0.037514 0.947775 0.001333 0.013006
2 2 0.000562 0.033329 0.938866 0.015316 0.011927
2 2 0.001579 0.033576 0.923676 0.030187 0.010983
2 2 0.000563 0.036222 0.933762 0.020612 0.008841
2 2 0.001975 0.047573 0.902396 0.033474 0.014582
2 2 0.001962 0.032374 0.911511 0.046644 0.007509
2 2 0.007646 0.044884 0.871342 0.064680 0.011448
2 3 0.006667 0.025198 0.837122 0.126687 0.004326
2 2 0.015941 0.054881 0.790970 0.131344 0.006864
2 2 0.002901 0.033703 0.853698 0.094673 0.015026
2 2 0.007392 0.028817 0.811006 0.134025 0.018760
2 2 0.001190 0.045752 0.883262 0.045956 0.023841
2 2 0.004719 0.056627 0.855203 0.069942 0.013509
2 2 0.019550 0.043570 0.775936 0.131750 0.029193
2 2 0.016516 0.064303 0.768007 0.131245 0.019929
2 2 0.027328 0.044228 0.753127 0.162910 0.012407
2 2 0.023983 0.062120 0.779444 0.120995 0.013457
2 3 0.028089 0.039861 0.774213 0.151839 0.005999
2 3 0.010578 0.025748 0.622748 0.336466 0.004461
2 2 0.010476 0.035000 0.712340 0.231233 0.010950
2 2 0.014176 0.052620 0.791898 0.131930 0.009375
2 3 0.018577 0.082000 0.726907 0.115445 0.057071
2 3 0.015800 0.058169 0.727902 0.144438 0.053692
2 3 0.028684 0.056801 0.607823 0.291569 0.015122
2 3 0.049474 0.046959 0.594560 0.294156 0.014851
2 3 0.044528 0.075741 0.654887 0.197173 0.027671
2 3 0.043065 0.073631 0.655491 0.209814 0.017999
2 3 0.024308 0.028180 0.489985 0.450898 0.006630
2 3 0.066124 0.041942 0.486603 0.393853 0.011478
2 3 0.028615 0.060906 0.631281 0.268589 0.010608
3 3 0.025191 0.021246 0.435948 0.514345 0.003270
2 3 0.068297 0.040216 0.501999 0.378216 0.011271
2 3 0.019681 0.032741 0.498191 0.430483 0.018904
3 3 0.039142 0.019249 0.281981 0.651948 0.007680
2 3 0.044850 0.031416 0.491287 0.424386 0.008061
3 3 0.061857 0.021984 0.349547 0.561782 0.004830
3 3 0.079478 0.029484 0.250478 0.635380 0.005179
3 3 0.091368 0.041237 0.377088 0.484268 0.006039
3 3 0.056434 0.013946 0.198845 0.725912 0.004862
3 3 0.018935 0.019752 0.285346 0.670377 0.005590
2 3 0.051314 0.065829 0.564377 0.305045 0.013436
3 3 0.044346 0.014726 0.173788 0.762415 0.004726
3 3 0.073829 0.021391 0.248094 0.646937 0.009750
3 3 0.053495 0.012118 0.124729 0.807223 0.002436
3 3 0.044135 0.011792 0.132346 0.810291 0.001435
3 3 0.051807 0.008662 0.093512 0.844298 0.001721
3 3 0.027477 0.029347 0.442713 0.496625 0.003838
2 3 0.033988 0.038258 0.470451 0.443528 0.013774
3 3 0.043076 0.033891 0.431765 0.484633 0.006635
3 3 0.083979 0.033176 0.273085 0.601822 0.007938
2 3 0.039224 0.039345 0.459039 0.449683 0.012709
2 3 0.015715 0.050899 0.633358 0.291107 0.008922
2 3 0.023127 0.034784 0.760627 0.163481 0.017980
2 3 0.014042 0.076910 0.805110 0.081350 0.022588
2 3 0.012273 0.035138 0.765826 0.158704 0.028059
2 3 0.030629 0.031556 0.479827 0.449898 0.008090
3 3 0.054232 0.034731 0.421806 0.482439 0.006792
2 3 0.039149 0.047307 0.598241 0.302690 0.012614
2 3 0.038115 0.057030 0.491454 0.404513 0.008887
3 3 0.020321 0.024606 0.447562 0.492602 0.014910
3 3 0.042501 0.022365 0.326009 0.601789 0.007337
3 3 0.048291 0.034856 0.317908 0.588487 0.010458
3 3 0.050378 0.023055 0.249595 0.667323 0.009649
3 3 0.050393 0.015484 0.128048 0.799172 0.006903
3 3 0.044563 0.010347 0.118648 0.823280 0.003162
3 3 0.091943 0.021440 0.184963 0.696846 0.004808
3 3 0.049269 0.012023 0.132334 0.802279 0.004095
3 3 0.013494 0.005517 0.117186 0.863035 0.000769
3 3 0.015063 0.007316 0.145812 0.831032 0.000777
3 3 0.060745 0.013030 0.163563 0.758271 0.004391
3 3 0.057744 0.011435 0.117434 0.808610 0.004777
3 3 0.042782 0.013557 0.178718 0.761831 0.003112
3 3 0.017107 0.005235 0.093098 0.883730 0.000830
3 3 0.027597 0.005844 0.085530 0.880063 0.000966
3 3 0.028905 0.009671 0.100576 0.858556 0.002292
3 3 0.021481 0.005461 0.089698 0.882204 0.001157
3 3 0.021838 0.005064 0.092821 0.879429 0.000848
3 3 0.035799 0.005243 0.064995 0.891930 0.002033
3 3 0.078808 0.004767 0.049213 0.865798 0.001413
3 3 0.053044 0.010883 0.112063 0.820655 0.003355
3 3 0.045691 0.006435 0.069631 0.875165 0.003078
3 3 0.090027 0.007254 0.077509 0.823232 0.001978
3 3 0.014270 0.005462 0.092082 0.886467 0.001719
3 3 0.025008 0.004607 0.066257 0.902502 0.001627
3 3 0.039295 0.012700 0.186851 0.757137 0.004017
3 3 0.014672 0.001762 0.031799 0.951533 0.000234
3 3 0.034395 0.006110 0.064336 0.892942 0.002217
3 0 0.060428 0.015114 0.154875 0.763420 0.006164
3 0 0.085532 0.026842 0.112627 0.773640 0.001359
2 2 0.232877 0.236087 0.396880 0.123625 0.010531
2 2 0.048181 0.134351 0.635868 0.108908 0.072692
2 3 0.017349 0.045411 0.697784 0.235287 0.004169
2 3 0.023503 0.046184 0.624782 0.298915 0.006616
2 3 0.007576 0.079523 0.797080 0.113510 0.002311
2 2 0.006772 0.084557 0.784884 0.119070 0.004716
2 2 0.010781 0.093187 0.784649 0.093030 0.018353
2 4 0.029158 0.109778 0.795646 0.043840 0.021579
2 4 0.064587 0.244235 0.484152 0.017185 0.189841
2 4 0.032073 0.159091 0.632811 0.002756 0.173269
4 4 0.246494 0.133741 0.035506 0.001309 0.582950
4 4 0.090323 0.137642 0.075789 0.000338 0.695908
4 4 0.340439 0.184156 0.046414 0.002123 0.426868
0 4 0.429976 0.141709 0.028131 0.000812 0.399373
4 4 0.324004 0.170410 0.028229 0.000046 0.477311
4 4 0.380621 0.112245 0.029199 0.001215 0.476720
4 4 0.199192 0.018815 0.004577 0.000087 0.777330
4 4 0.242768 0.018067 0.003819 0.000058 0.735288
4 4 0.155809 0.064472 0.018266 0.000517 0.760935
4 4 0.136680 0.042724 0.017513 0.000702 0.802381
4 4 0.233372 0.050291 0.045966 0.005261 0.665110
0 4 0.488302 0.047210 0.010978 0.000207 0.453303
4 4 0.135878 0.196804 0.030245 0.000235 0.636838
4 4 0.129538 0.176827 0.030661 0.000123 0.662851
4 4 0.339841 0.055224 0.008588 0.000066 0.596281
4 4 0.294789 0.088606 0.014977 0.000192 0.601436
4 4 0.198305 0.098415 0.022999 0.000509 0.679773
4 4 0.173130 0.180063 0.046866 0.001446 0.598496
4 4 0.208491 0.051168 0.008483 0.000076 0.731782
4 4 0.176035 0.031121 0.010882 0.000063 0.781899
4 4 0.198090 0.058674 0.009124 0.000070 0.734042
4 0 0.270408 0.067425 0.008857 0.000056 0.653255
0 4 0.568904 0.110563 0.011343 0.000052 0.309138
0 4 0.566142 0.091073 0.011918 0.000091 0.330776
4 4 0.023389 0.065068 0.003827 0.000001 0.907715
4 4 0.040200 0.112813 0.011911 0.000018 0.835058
4 4 0.033303 0.218691 0.076649 0.000010 0.671347
4 4 0.024992 0.158869 0.029963 0.000011 0.786164
4 4 0.191690 0.055846 0.010132 0.000109 0.742224
4 4 0.240904 0.253207 0.032277 0.000248 0.473364
4 4 0.037139 0.127044 0.047184 0.000693 0.787940
4 4 0.054447 0.080858 0.017101 0.000146 0.847448
4 4 0.239337 0.139042 0.037899 0.000201 0.583521
4 4 0.397641 0.074786 0.013192 0.000227 0.514155
4 4 0.080539 0.038553 0.005550 0.000021 0.875337
4 4 0.052071 0.036223 0.004813 0.000012 0.906881
4 4 0.100704 0.046185 0.006560 0.000027 0.846524
4 4 0.149158 0.089912 0.011650 0.000053 0.749227
4 4 0.253018 0.051079 0.007983 0.000070 0.687850
4 4 0.243675 0.098222 0.019504 0.000331 0.638268
4 4 0.046251 0.028367 0.001573 0.000000 0.923809
4 4 0.086344 0.053999 0.004568 0.000005 0.855083
4 4 0.066903 0.130985 0.010091 0.000010 0.792011
4 4 0.053096 0.055651 0.005280 0.000006 0.885966
4 4 0.021394 0.046236 0.003348 0.000001 0.929021
4 4 0.094623 0.136144 0.010768 0.000013 0.758453
4 4 0.146599 0.161584 0.019842 0.000021 0.671954
4 4 0.181871 0.122391 0.013097 0.000045 0.682596
4 4 0.295188 0.101281 0.009381 0.000029 0.594120
4 4 0.242950 0.104409 0.010955 0.000007 0.641679
4 4 0.180345 0.172157 0.025828 0.000214 0.621457
4 4 0.175959 0.088559 0.008484 0.000020 0.726978
4 4 0.036503 0.209401 0.019102 0.000007 0.734986
4 4 0.019040 0.078828 0.006905 0.000001 0.895227
4 4 0.052747 0.113284 0.011348 0.000018 0.822604
4 0 0.059182 0.169784 0.012626 0.000002 0.758406
0 0 0.963145 0.023921 0.004320 0.000009 0.008604
0 0 0.975544 0.014435 0.002763 0.000006 0.007250
0 0 0.799736 0.096369 0.016454 0.000015 0.087425
0 0 0.640837 0.175456 0.033517 0.000422 0.149768
1 0 0.179569 0.394983 0.044459 0.000011 0.380978
4 1 0.108792 0.418023 0.049891 0.000020 0.423275
4 1 0.028293 0.290321 0.153430 0.000989 0.526968
4 1 0.042929 0.241043 0.060528 0.000060 0.655440
1 1 0.090783 0.507757 0.047821 0.000044 0.353596
4 0 0.086546 0.179380 0.018452 0.000035 0.715588
0 1 0.509200 0.187175 0.020227 0.000002 0.283396
4 1 0.190278 0.333127 0.030891 0.000037 0.445667
1 0 0.263744 0.456523 0.040755 0.000040 0.238938
0 0 0.641536 0.101155 0.012557 0.000023 0.244730
0 0 0.974817 0.017723 0.003414 0.000011 0.004034
0 0 0.963670 0.023550 0.005733 0.000017 0.007031
0 0 0.953179 0.023490 0.003815 0.000005 0.019511
0 0 0.973167 0.018930 0.003486 0.000005 0.004411
0 0 0.986448 0.007347 0.001186 0.000003 0.005015
0 0 0.989913 0.004318 0.003344 0.000007 0.002418
0 0 0.980425 0.013194 0.003038 0.000012 0.003331
0 0 0.968214 0.020496 0.003793 0.000009 0.007488
0 0 0.993738 0.003152 0.000822 0.000005 0.002283
0 0 0.990153 0.004557 0.002511 0.000011 0.002768
0 0 0.995814 0.002249 0.000767 0.000001 0.001169
0 0 0.995469 0.002598 0.000903 0.000001 0.001029
0 0 0.996671 0.001057 0.000183 0.000000 0.002089
0 0 0.997872 0.000477 0.000239 0.000000 0.001411
0 0 0.995088 0.001239 0.000298 0.000002 0.003373
0 0 0.998139 0.000387 0.000541 0.000014 0.000918
0 0 0.995789 0.000763 0.000672 0.000037 0.002739
0 0 0.994578 0.001426 0.000865 0.000009 0.003122
0 0 0.980730 0.007504 0.002409 0.000147 0.009210
0 0 0.976766 0.010516 0.002109 0.000085 0.010524
0 0 0.990020 0.004939 0.001291 0.000004 0.003746
0 0 0.991765 0.004104 0.001450 0.000004 0.002676
0 0 0.980082 0.006024 0.001735 0.000034 0.012125
0 0 0.975434 0.008389 0.001506 0.000025 0.014646
0 0 0.997522 0.001315 0.000253 0.000008 0.000902
0 0 0.998361 0.000668 0.000751 0.000030 0.000190
0 0 0.999091 0.000423 0.000169 0.000000 0.000318
0 0 0.999302 0.000294 0.000209 0.000001 0.000195
0 0 0.997722 0.000779 0.000387 0.000003 0.001109
0 0 0.997388 0.001186 0.000605 0.000001 0.000819
0 0 0.994986 0.002234 0.000771 0.000002 0.002007
0 0 0.997696 0.000895 0.000589 0.000026 0.000795
4 1 0.331802 0.170094 0.024704 0.000284 0.473116
1 1 0.094426 0.447888 0.062012 0.000456 0.395218
1 0 0.087723 0.442928 0.065216 0.000148 0.403985
1 1 0.142071 0.470300 0.045959 0.000191 0.341478
4 1 0.062843 0.382274 0.085362 0.000111 0.469409
1 1 0.111814 0.578852 0.150332 0.000144 0.158858
1 1 0.064345 0.451286 0.224448 0.000584 0.259337
1 1 0.033559 0.382089 0.253306 0.000748 0.330298
2 2 0.011759 0.288410 0.517202 0.000348 0.182281
2 1 0.007508 0.220481 0.653453 0.000775 0.117783
4 1 0.073086 0.362603 0.107927 0.000128 0.456257
1 1 0.081473 0.485400 0.127874 0.000254 0.304999
1 1 0.072783 0.485404 0.198978 0.000366 0.242469
1 1 0.037883 0.403174 0.162506 0.000093 0.396344
1 1 0.064607 0.508495 0.215423 0.000097 0.211379
1 1 0.041173 0.459894 0.150521 0.000023 0.348389
1 1 0.070619 0.491905 0.251674 0.000253 0.185549
1 2 0.034212 0.445037 0.388448 0.000054 0.132249
2 2 0.013147 0.253265 0.680814 0.000507 0.052268
2 2 0.006670 0.179282 0.737319 0.002437 0.074292
2 2 0.014535 0.264283 0.634268 0.001110 0.085804
2 2 0.021193 0.349940 0.513987 0.000245 0.114635
1 1 0.242485 0.384310 0.112259 0.000017 0.260930
1 1 0.123882 0.403552 0.084112 0.000127 0.388327
4 1 0.014096 0.258433 0.266537 0.000097 0.460838
1 1 0.025057 0.388422 0.261971 0.000123 0.324427
2 1 0.009465 0.215059 0.728626 0.000727 0.046122
2 2 0.007773 0.181703 0.732516 0.003098 0.074910
2 2 0.002017 0.101906 0.868280 0.000395 0.027402
2 2 0.001063 0.076881 0.894358 0.000841 0.026857
2 2 0.002676 0.106735 0.846946 0.000253 0.043390
2 2 0.002816 0.146573 0.807571 0.000074 0.042966
2 2 0.002738 0.144639 0.819578 0.000028 0.033018
2 2 0.001872 0.110646 0.856633 0.000144 0.030705
2 1 0.024712 0.331418 0.562482 0.000052 0.081336
2 1 0.013054 0.323104 0.489742 0.000071 0.174028
4 1 0.046332 0.265458 0.330557 0.000240 0.357413
1 1 0.027410 0.408143 0.366446 0.000103 0.197897
2 2 0.006110 0.240474 0.650513 0.000053 0.102849
2 2 0.022546 0.342690 0.548707 0.000260 0.085797
2 2 0.029442 0.280743 0.482122 0.001116 0.206577
1 0 0.221963 0.358255 0.247917 0.001416 0.170449
4 1 0.149618 0.238529 0.031661 0.000024 0.580169
1 2 0.062892 0.479959 0.136634 0.000126 0.320390
2 2 0.004241 0.163145 0.766858 0.000535 0.065221
2 2 0.006683 0.199201 0.712172 0.000599 0.081344
2 2 0.012022 0.275152 0.606687 0.000214 0.105925
2 2 0.007628 0.232642 0.696251 0.000059 0.063419
2 2 0.000621 0.035020 0.948149 0.010865 0.005345
2 2 0.001156 0.057537 0.909529 0.013055 0.018723
2 2 0.000551 0.054147 0.928019 0.000626 0.016658
2 2 0.004548 0.107893 0.863814 0.007941 0.015804
2 2 0.005426 0.190756 0.718522 0.000470 0.084826
2 2 0.016801 0.266115 0.615392 0.003659 0.098033
2 2 0.001585 0.081579 0.863250 0.000304 0.053282
2 2 0.010564 0.221624 0.711692 0.000784 0.055336
2 2 0.002204 0.065022 0.915343 0.011527 0.005903
2 2 0.000778 0.042424 0.927734 0.019952 0.009112
2 2 0.001093 0.074268 0.912794 0.000107 0.011739
2 2 0.000471 0.043771 0.945313 0.000593 0.009852
2 2 0.001122 0.079553 0.890464 0.000811 0.028050
2 1 0.001392 0.089748 0.878652 0.000544 0.029665
2 1 0.002160 0.104382 0.872343 0.000377 0.020739
2 1 0.002960 0.104076 0.873677 0.000872 0.018415
2 2 0.017253 0.306715 0.529245 0.001150 0.145638
2 0 0.035385 0.387070 0.447809 0.000846 0.128891
0 0 0.473685 0.328205 0.116324 0.000752 0.081034
0 1 0.687242 0.242982 0.041860 0.000051 0.027865
1 2 0.078794 0.471245 0.350808 0.001084 0.098068
2 2 0.018693 0.282208 0.554313 0.006848 0.137938
2 2 0.000999 0.032611 0.933697 0.025953 0.006740
2 2 0.002905 0.026021 0.887857 0.079874 0.003343
2 2 0.003594 0.081532 0.891789 0.014640 0.008445
2 2 0.000917 0.039521 0.946653 0.009487 0.003421
2 2 0.000657 0.041543 0.945239 0.001753 0.010808
2 2 0.001617 0.081431 0.882666 0.004195 0.030090
2 2 0.001310 0.077970 0.896161 0.001069 0.023489
2 2 0.001408 0.082846 0.889966 0.000842 0.024939
2 2 0.001843 0.032427 0.923561 0.008292 0.033876
2 2 0.001421 0.069616 0.902191 0.006844 0.019929
2 2 0.001045 0.052744 0.930677 0.006373 0.009162
2 2 0.001164 0.047147 0.937490 0.005592 0.008607
2 2 0.000993 0.032696 0.958415 0.006457 0.001440
2 2 0.001582 0.052808 0.928225 0.012352 0.005034
2 2 0.000375 0.040454 0.947815 0.000777 0.010581
2 2 0.001007 0.063588 0.913749 0.002233 0.019423
2 2 0.003327 0.049120 0.931303 0.014112 0.002138
2 2 0.000915 0.031268 0.949426 0.011093 0.007297
2 2 0.003500 0.048152 0.901973 0.042505 0.003870
2 2 0.001094 0.024599 0.943395 0.027428 0.003484
2 2 0.003576 0.090686 0.886403 0.004723 0.014612
2 2 0.007021 0.054840 0.903173 0.024019 0.010947
2 2 0.003086 0.094426 0.848250 0.020221 0.034018
2 2 0.007627 0.053396 0.827302 0.042468 0.069208
2 2 0.003104 0.026622 0.903319 0.062820 0.004135
2 2 0.002561 0.019128 0.923025 0.046808 0.008478
2 2 0.003551 0.028139 0.836537 0.120666 0.011107
2 2 0.002764 0.022349 0.881487 0.081502 0.011897
2 2 0.009778 0.038956 0.818372 0.095052 0.037842
2 3 0.004038 0.049485 0.845300 0.065095 0.036082
2 2 0.036228 0.063320 0.740294 0.151176 0.008981
2 3 0.015881 0.044622 0.784132 0.137988 0.017377
2 3 0.013048 0.037195 0.803879 0.126928 0.018951
2 3 0.019494 0.051985 0.702920 0.204579 0.021022
2 3 0.016346 0.034036 0.668241 0.274440 0.006937
2 3 0.027576 0.035588 0.504379 0.423865 0.008592
2 3 0.026711 0.035185 0.571500 0.359660 0.006943
2 3 0.006849 0.030604 0.626315 0.315143 0.021089
3 3 0.025928 0.021130 0.371127 0.560910 0.020904
3 3 0.042829 0.027238 0.357639 0.552325 0.019968
3 3 0.038696 0.019386 0.251333 0.688153 0.002432
3 3 0.021636 0.017824 0.400273 0.556756 0.003511
3 3 0.021708 0.042256 0.432687 0.496096 0.007254
3 3 0.061623 0.021476 0.238573 0.674690 0.003639
3 3 0.064244 0.021209 0.244791 0.659435 0.010321
3 3 0.031824 0.020107 0.309753 0.621673 0.016643
3 3 0.011559 0.009188 0.174045 0.804130 0.001077
3 3 0.007014 0.007375 0.145042 0.839734 0.000836
3 3 0.016668 0.022547 0.436896 0.515403 0.008485
3 3 0.021506 0.015045 0.316454 0.636710 0.010284
3 3 0.049192 0.029435 0.312398 0.588964 0.020011
3 3 0.068942 0.008850 0.136909 0.775875 0.009424
3 3 0.014161 0.030540 0.411536 0.536644 0.007120
3 3 0.072825 0.007965 0.101403 0.814069 0.003737
3 3 0.024649 0.015267 0.240600 0.716584 0.002899
3 3 0.028929 0.024352 0.279378 0.660658 0.006683
3 3 0.015018 0.006925 0.126103 0.850533 0.001421
3 3 0.098270 0.022459 0.241006 0.633259 0.005006
3 3 0.032791 0.004069 0.057674 0.903923 0.001543
3 3 0.029749 0.003051 0.050690 0.915492 0.001018
3 3 0.023932 0.007475 0.117343 0.845047 0.006203
3 3 0.040234 0.010631 0.163009 0.782730 0.003396
3 3 0.023981 0.009386 0.133726 0.827102 0.005805
3 3 0.050432 0.007530 0.111064 0.828385 0.002589
3 3 0.058802 0.004444 0.045531 0.890488 0.000734
3 3 0.017728 0.006939 0.102500 0.869051 0.003781
3 3 0.063091 0.008738 0.088864 0.836747 0.002560
3 3 0.045178 0.013815 0.152300 0.781016 0.007691
3 3 0.036501 0.010543 0.152964 0.796647 0.003345
3 3 0.033303 0.006102 0.056586 0.902741 0.001269
2 0 0.036154 0.103034 0.678540 0.112686 0.069586
2 1 0.175720 0.309579 0.446289 0.048435 0.019977
2 2 0.016739 0.145234 0.722516 0.009501 0.106011
2 2 0.018864 0.115632 0.794297 0.023212 0.047996
2 2 0.017472 0.127791 0.801131 0.040164 0.013443
2 1 0.006681 0.111239 0.848979 0.017927 0.015174
2 1 0.052831 0.281516 0.531701 0.001197 0.132755
2 1 0.056426 0.259154 0.401307 0.012227 0.270887
1 1 0.240197 0.364158 0.222352 0.001139 0.172154
4 4 0.104840 0.188887 0.186546 0.006302 0.513426
2 4 0.056118 0.315827 0.519467 0.000273 0.108316
2 4 0.047315 0.279432 0.547246 0.000872 0.125134
4 4 0.081147 0.194435 0.195534 0.000552 0.528332
4 4 0.177875 0.142608 0.072772 0.000810 0.605935
4 0 0.191203 0.192728 0.241376 0.011946 0.362747
0 0 0.403849 0.274736 0.088206 0.003156 0.230053
4 4 0.282670 0.078426 0.008645 0.000020 0.630240
4 4 0.186712 0.183976 0.024068 0.000003 0.605241
4 4 0.250415 0.023676 0.003800 0.000031 0.722077
4 4 0.186169 0.028066 0.006091 0.000089 0.779585
0 4 0.794315 0.058790 0.011515 0.000037 0.135343
0 4 0.871461 0.048026 0.006080 0.000057 0.074376
4 4 0.159153 0.089710 0.007660 0.000013 0.743464
4 4 0.139825 0.068624 0.007671 0.000023 0.783857
4 4 0.138925 0.061265 0.008554 0.000042 0.791214
4 4 0.053455 0.042073 0.003999 0.000005 0.900469
4 4 0.269057 0.024481 0.005457 0.000104 0.700902
4 4 0.257059 0.023120 0.003299 0.000021 0.716501
4 4 0.133366 0.059871 0.007985 0.000034 0.798744
4 4 0.109764 0.081528 0.013303 0.000088 0.795317
0 0 0.704641 0.084992 0.032153 0.001356 0.176859
0 0 0.882249 0.062516 0.007079 0.000049 0.048107
4 4 0.374394 0.064838 0.005984 0.000020 0.554764
4 4 0.201957 0.058491 0.009447 0.000080 0.730025
4 4 0.115337 0.114412 0.020281 0.000178 0.749791
4 4 0.102002 0.204515 0.032150 0.000230 0.661103
4 4 0.030068 0.180292 0.028741 0.000008 0.760891
4 4 0.036836 0.157986 0.022357 0.000011 0.782810
4 4 0.060732 0.076634 0.008227 0.000015 0.854392
4 4 0.054891 0.075052 0.008015 0.000014 0.862028
4 4 0.161598 0.027598 0.004663 0.000035 0.806107
4 4 0.188724 0.023308 0.004001 0.000033 0.783934
4 4 0.157015 0.040642 0.004116 0.000009 0.798218
4 4 0.354618 0.068747 0.005311 0.000011 0.571312
4 4 0.164444 0.012758 0.002506 0.000024 0.820268
4 4 0.156719 0.041071 0.003606 0.000006 0.798598
4 4 0.155022 0.005491 0.001499 0.000028 0.837960
4 4 0.190043 0.014717 0.002635 0.000023 0.792582
4 4 0.078473 0.013182 0.002745 0.000021 0.905579
4 4 0.141972 0.031114 0.005795 0.000052 0.821068
4 4 0.048403 0.170009 0.024769 0.000098 0.756721
4 4 0.053528 0.113588 0.013630 0.000033 0.819221
0 4 0.460326 0.086812 0.005935 0.000013 0.446915
0 4 0.506512 0.068612 0.005721 0.000020 0.419135
4 4 0.037515 0.143555 0.021695 0.000021 0.797214
4 4 0.047887 0.109185 0.016877 0.000035 0.826016
4 4 0.102253 0.102599 0.012504 0.000041 0.782602
4 4 0.036730 0.051783 0.006561 0.000013 0.904913
4 4 0.026400 0.105520 0.012139 0.000019 0.855923
4 4 0.026090 0.070799 0.005862 0.000004 0.897245
4 4 0.072558 0.079032 0.012306 0.000059 0.836045
4 4 0.050034 0.052966 0.011245 0.000063 0.885692
4 4 0.144905 0.042328 0.006514 0.000039 0.806214
4 0 0.179618 0.102421 0.011179 0.000038 0.706744
0 0 0.928414 0.033974 0.002472 0.000020 0.035121
0 1 0.892758 0.033092 0.003743 0.000084 0.070323
4 1 0.028941 0.264101 0.024827 0.000003 0.682128
4 1 0.029764 0.191377 0.022231 0.000005 0.756623
4 1 0.014589 0.214212 0.143093 0.000376 0.627730
4 2 0.008692 0.146714 0.283290 0.000524 0.560781
4 2 0.017501 0.185255 0.304991 0.000839 0.491415
4 2 0.008789 0.177514 0.253486 0.000491 0.559721
4 2 0.016392 0.283683 0.146505 0.000049 0.553371
4 1 0.016722 0.329272 0.177809 0.000044 0.476154
