0 0 0.970330 0.014871 0.002102 0.000004 0.012693
0 0 0.982017 0.010820 0.001567 0.000006 0.005590
0 0 0.981945 0.006440 0.000716 0.000000 0.010899
0 0 0.992920 0.003610 0.000402 0.000000 0.003067
0 0 0.993838 0.003517 0.000412 0.000001 0.002233
0 0 0.974694 0.013941 0.002031 0.000007 0.009327
0 0 0.972218 0.013504 0.001864 0.000003 0.012411
0 0 0.958716 0.019444 0.002828 0.000006 0.019006
0 0 0.965579 0.004528 0.000389 0.000000 0.029504
0 0 0.978259 0.007844 0.000905 0.000000 0.012991
0 0 0.997039 0.001009 0.000081 0.000000 0.001872
0 0 0.996030 0.001272 0.000104 0.000000 0.002594
0 0 0.963646 0.020617 0.003264 0.000017 0.012456
0 0 0.906917 0.061300 0.011896 0.000019 0.019868
0 0 0.971937 0.007894 0.000861 0.000000 0.019308
0 0 0.976132 0.008058 0.000919 0.000000 0.014890
0 0 0.987732 0.004856 0.000525 0.000000 0.006886
0 0 0.982039 0.005600 0.000589 0.000000 0.011772
0 0 0.956639 0.021434 0.003238 0.000010 0.018679
0 0 0.982523 0.009898 0.001372 0.000004 0.006203
0 0 0.993814 0.002561 0.000252 0.000000 0.003372
0 0 0.994869 0.003353 0.000412 0.000001 0.001365
0 4 0.887243 0.027229 0.003554 0.000001 0.081973
0 4 0.718137 0.149509 0.032532 0.000122 0.099699
0 4 0.488664 0.237307 0.057131 0.000295 0.216604
0 4 0.384612 0.355056 0.098191 0.000171 0.161970
1 4 0.144837 0.529712 0.205360 0.002675 0.117416
1 0 0.145505 0.528610 0.212014 0.006794 0.107077
0 1 0.940596 0.032774 0.005553 0.000031 0.021046
0 4 0.720170 0.185233 0.047373 0.000458 0.046765
0 0 0.548791 0.268696 0.073426 0.001445 0.107644
0 4 0.464868 0.297670 0.081106 0.000953 0.155402
1 2 0.261458 0.406450 0.128137 0.002073 0.201882
1 2 0.129276 0.526746 0.205792 0.003433 0.134753
1 2 0.053855 0.555901 0.249400 0.003686 0.137158
1 2 0.058127 0.515672 0.202586 0.000499 0.223116
2 2 0.002175 0.368546 0.614475 0.000615 0.014188
2 2 0.002345 0.322645 0.658918 0.000201 0.015892
1 2 0.024976 0.498659 0.435820 0.000978 0.039568
1 2 0.021139 0.490653 0.447711 0.002785 0.037712
2 2 0.003500 0.478905 0.485666 0.000074 0.031855
2 2 0.004015 0.464749 0.500832 0.000180 0.030224
1 2 0.056415 0.557338 0.256555 0.007588 0.122105
1 2 0.057931 0.411778 0.381981 0.012024 0.136287
1 2 0.024756 0.483984 0.434073 0.008453 0.048734
2 0 0.021918 0.404760 0.527300 0.011250 0.034772
2 1 0.229595 0.242243 0.364711 0.043108 0.120342
0 2 0.439477 0.346740 0.107162 0.004252 0.102369
1 2 0.020031 0.585285 0.332384 0.003036 0.059264
2 2 0.013638 0.457834 0.474734 0.003464 0.050330
1 2 0.049922 0.587846 0.301040 0.006207 0.054985
1 2 0.037383 0.591098 0.316896 0.004761 0.049862
2 2 0.016868 0.274313 0.639791 0.032318 0.036710
1 2 0.034444 0.471116 0.412221 0.014819 0.067400
1 2 0.033151 0.579057 0.302373 0.006491 0.078928
1 2 0.040972 0.552467 0.306277 0.009967 0.090318
2 2 0.019425 0.347099 0.543099 0.032072 0.058305
2 2 0.022668 0.412566 0.487582 0.016597 0.060587
2 2 0.025476 0.420335 0.465090 0.020367 0.068732
2 3 0.021743 0.336588 0.549168 0.035483 0.057018
2 3 0.010067 0.083986 0.615423 0.276205 0.014320
2 3 0.008655 0.075784 0.593651 0.307349 0.014561
2 3 0.017370 0.270427 0.574422 0.075211 0.062571
2 3 0.021097 0.353417 0.500557 0.050604 0.074325
2 3 0.006085 0.081072 0.746751 0.155612 0.010481
2 3 0.003306 0.050064 0.702589 0.235869 0.008173
2 3 0.013205 0.214172 0.591114 0.126661 0.054848
2 1 0.013119 0.160837 0.657134 0.136913 0.031998
2 2 0.067266 0.252439 0.499849 0.136124 0.044323
1 2 0.093530 0.431819 0.348199 0.028386 0.098066
1 1 0.088967 0.498050 0.326099 0.019875 0.067009
2 1 0.167479 0.297840 0.422660 0.044573 0.067448
1 0 0.265263 0.469154 0.184061 0.021272 0.060249
0 1 0.698125 0.190069 0.052473 0.006154 0.053179
1 2 0.161495 0.542918 0.239652 0.011369 0.044567
1 2 0.122263 0.462925 0.355600 0.020671 0.038541
1 1 0.159799 0.447767 0.322749 0.025392 0.044293
1 1 0.282402 0.450278 0.177073 0.011317 0.078930
1 2 0.152307 0.518227 0.200744 0.004931 0.123792
1 2 0.154990 0.512607 0.194884 0.003971 0.133548
1 2 0.065313 0.566599 0.319181 0.007112 0.041795
1 2 0.055170 0.591941 0.307314 0.005125 0.040450
1 0 0.158227 0.406887 0.363974 0.034088 0.036824
0 1 0.335717 0.289983 0.276651 0.069757 0.027891
1 1 0.079905 0.575435 0.266373 0.006144 0.072143
1 2 0.017526 0.472137 0.437748 0.002038 0.070551
1 1 0.054478 0.443529 0.376412 0.012021 0.113560
2 2 0.047655 0.379845 0.459388 0.022768 0.090343
2 2 0.013341 0.325051 0.575734 0.000890 0.084984
2 2 0.020737 0.348536 0.536809 0.003445 0.090473
1 2 0.007049 0.584904 0.359720 0.000105 0.048222
1 2 0.009029 0.526821 0.417852 0.000578 0.045720
2 2 0.033229 0.329320 0.486770 0.014167 0.136515
1 2 0.037716 0.472708 0.382741 0.010855 0.095980
2 2 0.010065 0.441913 0.496695 0.001132 0.050194
2 2 0.008738 0.474680 0.475679 0.001369 0.039533
2 2 0.013556 0.318016 0.604396 0.021016 0.043016
2 2 0.013899 0.304433 0.616846 0.022601 0.042221
2 2 0.014184 0.386238 0.528098 0.007801 0.063679
1 2 0.028895 0.545847 0.315519 0.010741 0.098998
2 3 0.014716 0.374051 0.551090 0.014113 0.046030
1 3 0.019201 0.551885 0.368957 0.004481 0.055476
2 3 0.007562 0.279329 0.661593 0.012267 0.039249
2 3 0.015632 0.382941 0.521548 0.016817 0.063061
2 3 0.014737 0.290931 0.585060 0.053577 0.055695
1 3 0.025862 0.440720 0.410181 0.033767 0.089470
2 3 0.008168 0.161466 0.651617 0.140161 0.038588
2 2 0.018555 0.285012 0.528279 0.095912 0.072242
1 2 0.159390 0.373197 0.354377 0.053344 0.059692
1 2 0.124725 0.528121 0.261921 0.016791 0.068443
2 2 0.073704 0.247416 0.551951 0.097248 0.029681
2 2 0.072320 0.234961 0.577537 0.089648 0.025534
1 2 0.080966 0.425037 0.393294 0.016100 0.084603
2 0 0.078666 0.341519 0.486373 0.016423 0.077019
0 1 0.566077 0.266966 0.080298 0.013667 0.072992
1 2 0.275283 0.473758 0.189273 0.016117 0.045569
1 2 0.155213 0.548927 0.246581 0.009956 0.039322
1 2 0.145062 0.505282 0.290490 0.015957 0.043209
1 2 0.170922 0.495652 0.268926 0.018144 0.046356
1 2 0.121453 0.493742 0.307245 0.020553 0.057007
1 1 0.160765 0.489821 0.303271 0.014736 0.031408
2 2 0.141013 0.369824 0.434188 0.016600 0.038375
1 2 0.326157 0.423481 0.187250 0.010388 0.052724
1 0 0.261651 0.485260 0.198692 0.014740 0.039657
0 1 0.581845 0.251877 0.110135 0.004358 0.051785
0 0 0.537629 0.312506 0.100303 0.004892 0.044669
0 0 0.437006 0.353726 0.106855 0.001451 0.100963
0 0 0.698278 0.177926 0.042996 0.000526 0.080274
0 1 0.918629 0.050279 0.009856 0.000178 0.021058
0 1 0.630320 0.260458 0.077490 0.000768 0.030965
0 1 0.410543 0.402697 0.136939 0.001679 0.048143
1 1 0.318075 0.462909 0.180151 0.005119 0.033745
1 2 0.295702 0.446549 0.216225 0.015223 0.026301
2 2 0.181355 0.326055 0.416324 0.051261 0.025005
1 2 0.096175 0.563136 0.322025 0.003677 0.014987
2 2 0.052747 0.438912 0.490895 0.006042 0.011404
0 0 0.512048 0.320360 0.095366 0.001151 0.071075
0 1 0.757595 0.131457 0.029595 0.000708 0.080644
1 2 0.071286 0.569128 0.229745 0.000228 0.129614
1 1 0.021641 0.577569 0.271455 0.000097 0.129238
1 4 0.206582 0.467553 0.161788 0.002504 0.161573
1 0 0.104790 0.485636 0.270407 0.004215 0.134952
1 1 0.291525 0.352036 0.098598 0.000391 0.257450
0 4 0.381938 0.274704 0.067668 0.000142 0.275548
2 4 0.051741 0.343722 0.432182 0.006364 0.165991
2 4 0.031931 0.395268 0.437538 0.002297 0.132966
1 4 0.193541 0.365850 0.109974 0.001115 0.329520
1 4 0.101558 0.521750 0.219410 0.001711 0.155570
1 2 0.092810 0.406769 0.381979 0.001429 0.117014
2 2 0.041908 0.439240 0.444647 0.002446 0.071758
1 0 0.086574 0.534607 0.316949 0.009130 0.052741
1 1 0.304645 0.409972 0.208975 0.003333 0.073075
1 4 0.106499 0.562076 0.199595 0.000021 0.131808
1 1 0.046357 0.564998 0.272413 0.000486 0.115746
0 1 0.424549 0.318274 0.084764 0.000221 0.172192
1 0 0.302884 0.413165 0.127507 0.000678 0.155766
0 0 0.881777 0.065073 0.012601 0.000135 0.040413
0 0 0.971538 0.011736 0.001505 0.000002 0.015219
0 0 0.911206 0.042254 0.006904 0.000010 0.039626
0 1 0.658568 0.222525 0.056760 0.000172 0.061975
0 1 0.465572 0.354817 0.105222 0.000312 0.074078
0 2 0.534456 0.298411 0.090027 0.004506 0.072600
1 2 0.085706 0.588591 0.295436 0.003390 0.026878
1 2 0.134697 0.557110 0.276664 0.001152 0.030377
1 2 0.053678 0.573884 0.340033 0.004429 0.027975
1 2 0.039276 0.508310 0.433253 0.001575 0.017586
1 1 0.366065 0.417804 0.142253 0.003075 0.070803
0 0 0.448407 0.368414 0.114701 0.000793 0.067684
0 0 0.966820 0.022128 0.003894 0.000055 0.007103
0 1 0.942296 0.039503 0.007881 0.000170 0.010149
0 1 0.393537 0.271072 0.060638 0.000005 0.274749
1 1 0.254102 0.373606 0.099005 0.000020 0.273267
1 1 0.319040 0.439544 0.147975 0.001746 0.091694
1 4 0.203795 0.502692 0.182613 0.001739 0.109160
1 4 0.196902 0.519946 0.199380 0.002597 0.081175
1 4 0.296425 0.459166 0.165878 0.004799 0.073733
1 2 0.073620 0.559363 0.321406 0.001925 0.043685
1 2 0.056744 0.565677 0.342324 0.005183 0.030072
2 2 0.001967 0.336302 0.629160 0.000017 0.032555
1 2 0.005330 0.558744 0.422182 0.000482 0.013263
1 2 0.011320 0.516062 0.443737 0.002240 0.026641
1 2 0.038160 0.573147 0.354041 0.001966 0.032686
1 2 0.038573 0.599014 0.330242 0.002072 0.030100
1 2 0.019052 0.590086 0.362620 0.001827 0.026416
2 2 0.001774 0.313123 0.673790 0.000376 0.010937
2 1 0.001737 0.337558 0.647063 0.000386 0.013256
1 1 0.199740 0.508374 0.200751 0.009853 0.081282
1 1 0.361357 0.365708 0.109302 0.001653 0.161980
1 2 0.019672 0.590446 0.358122 0.002075 0.029684
2 2 0.015464 0.460299 0.495415 0.004139 0.024683
1 2 0.012405 0.582614 0.376670 0.001438 0.026873
1 2 0.012011 0.487219 0.475724 0.001983 0.023063
1 2 0.019840 0.542922 0.408969 0.002576 0.025693
2 2 0.026457 0.467352 0.473652 0.006185 0.026355
1 2 0.068837 0.544965 0.323460 0.009490 0.053247
1 1 0.076209 0.581683 0.277589 0.006028 0.058491
1 1 0.320042 0.337608 0.216011 0.006824 0.119516
0 0 0.444259 0.327447 0.093122 0.000955 0.134217
0 0 0.932290 0.046256 0.009645 0.000357 0.011452
0 1 0.724848 0.189842 0.051083 0.000705 0.033522
1 2 0.119610 0.550470 0.237852 0.009777 0.082292
1 2 0.090482 0.540630 0.315166 0.010491 0.043232
1 2 0.074757 0.505496 0.362879 0.008880 0.047988
1 2 0.095709 0.563401 0.257809 0.011807 0.071274
1 2 0.012470 0.582710 0.376631 0.001438 0.026752
1 2 0.033096 0.593595 0.328813 0.003730 0.040765
1 2 0.033199 0.583731 0.346130 0.003486 0.033453
1 2 0.039988 0.498837 0.433443 0.005560 0.022172
1 2 0.038310 0.547015 0.371803 0.005617 0.037255
1 2 0.044687 0.589885 0.308031 0.005511 0.051887
1 2 0.104819 0.560404 0.253991 0.012153 0.068632
2 2 0.099833 0.379133 0.465944 0.021284 0.033806
2 0 0.175564 0.341025 0.402247 0.016650 0.064514
1 1 0.274947 0.478469 0.186413 0.009099 0.051072
1 2 0.048494 0.549961 0.231586 0.000510 0.169449
1 2 0.026461 0.466567 0.395147 0.001528 0.110297
1 2 0.140500 0.449683 0.233249 0.002640 0.173928
1 0 0.190583 0.358227 0.277546 0.007172 0.166472
0 0 0.996314 0.001274 0.000113 0.000000 0.002299
0 0 0.999268 0.000495 0.000045 0.000000 0.000192
0 0 0.994312 0.002708 0.000281 0.000000 0.002699
0 0 0.926794 0.015692 0.001834 0.000001 0.055679
1 0 0.371916 0.390220 0.119053 0.000731 0.118081
1 0 0.334168 0.386278 0.114473 0.000548 0.164534
0 0 0.455111 0.332549 0.093166 0.000349 0.118824
1 0 0.300918 0.421138 0.119662 0.000029 0.158252
1 0 0.151463 0.479681 0.144290 0.000008 0.224557
1 0 0.179796 0.503842 0.164956 0.000068 0.151338
1 1 0.157506 0.512466 0.186091 0.001048 0.142889
1 1 0.100845 0.501653 0.183860 0.000754 0.212889
0 1 0.392138 0.335675 0.094218 0.000719 0.177250
1 2 0.172938 0.515485 0.197771 0.004428 0.109378
1 1 0.119201 0.548795 0.228854 0.005203 0.097948
1 4 0.302038 0.387303 0.120095 0.002718 0.187847
1 1 0.222189 0.370133 0.299763 0.007922 0.099994
1 1 0.361638 0.409909 0.140702 0.007326 0.080425
1 2 0.298131 0.420226 0.133296 0.001196 0.147151
1 0 0.337299 0.416754 0.134495 0.001525 0.109928
0 0 0.809266 0.130344 0.032351 0.000636 0.027403
0 0 0.980359 0.013733 0.002294 0.000031 0.003583
0 0 0.995778 0.002768 0.000329 0.000001 0.001124
0 0 0.988707 0.005926 0.000728 0.000001 0.004638
0 0 0.797549 0.127772 0.029643 0.000373 0.044664
0 0 0.481832 0.357434 0.124727 0.004969 0.031038
0 0 0.805328 0.127011 0.030078 0.000435 0.037149
0 0 0.964450 0.021693 0.003594 0.000028 0.010235
0 0 0.971287 0.015067 0.002183 0.000006 0.011456
0 0 0.765803 0.152761 0.037708 0.000603 0.043125
0 0 0.980705 0.009435 0.001226 0.000002 0.008632
0 0 0.986083 0.005128 0.000552 0.000000 0.008237
0 0 0.960747 0.013259 0.001652 0.000001 0.024341
0 0 0.982171 0.010974 0.001612 0.000007 0.005236
0 1 0.418656 0.387984 0.115789 0.000129 0.077442
1 1 0.367501 0.424808 0.135331 0.000259 0.072101
1 1 0.373639 0.410289 0.126139 0.000234 0.089700
1 1 0.340019 0.441145 0.148153 0.000777 0.069906
1 1 0.308840 0.400504 0.122719 0.000968 0.166971
1 1 0.207073 0.509531 0.189571 0.002100 0.091725
1 2 0.141927 0.541119 0.227067 0.008925 0.080962
1 2 0.155627 0.546628 0.224628 0.003513 0.069604
2 1 0.128140 0.388192 0.417670 0.007845 0.058153
1 2 0.155531 0.516091 0.269014 0.008363 0.051002
1 2 0.024155 0.542196 0.420169 0.001605 0.011875
1 2 0.015349 0.512446 0.459097 0.001416 0.011691
1 2 0.167468 0.525147 0.274271 0.008771 0.024343
2 2 0.097912 0.406847 0.462366 0.015902 0.016973
1 2 0.150014 0.551101 0.248114 0.010016 0.040754
1 2 0.101384 0.454385 0.390034 0.019346 0.034851
1 2 0.014243 0.580578 0.391586 0.000852 0.012741
2 2 0.004215 0.391615 0.593270 0.001126 0.009774
1 2 0.031792 0.529332 0.413788 0.003631 0.021458
1 2 0.049819 0.595554 0.323399 0.003514 0.027714
1 2 0.028069 0.592784 0.335533 0.003331 0.040283
1 2 0.030912 0.592626 0.329402 0.003757 0.043304
1 2 0.034740 0.557454 0.352630 0.005955 0.049221
1 2 0.040101 0.549421 0.366730 0.005760 0.037988
1 2 0.061640 0.571957 0.274504 0.009958 0.081940
2 2 0.052167 0.294928 0.573251 0.033540 0.046114
1 2 0.016648 0.584724 0.347460 0.002800 0.048369
1 2 0.008530 0.514834 0.437927 0.001149 0.037560
1 2 0.009330 0.576686 0.377976 0.001482 0.034526
1 2 0.013119 0.585041 0.351587 0.001259 0.048993
2 2 0.020848 0.434147 0.476211 0.012424 0.056370
1 2 0.021575 0.468999 0.440082 0.009976 0.059369
1 2 0.045963 0.551113 0.309198 0.010365 0.083361
2 2 0.049801 0.394775 0.472919 0.029541 0.052964
2 1 0.048508 0.383366 0.500704 0.026458 0.040964
2 2 0.064015 0.420442 0.429212 0.029172 0.057159
1 2 0.103011 0.454392 0.343945 0.019843 0.078809
1 2 0.144603 0.535148 0.225513 0.013016 0.081721
2 2 0.040322 0.357256 0.556375 0.020254 0.025793
2 0 0.086835 0.393880 0.452005 0.026223 0.041056
0 0 0.660777 0.223164 0.065640 0.007645 0.042775
0 0 0.569247 0.292869 0.091783 0.003796 0.042305
1 1 0.209832 0.505987 0.191230 0.003794 0.089157
1 2 0.162384 0.526393 0.207161 0.004722 0.099340
2 1 0.057447 0.424784 0.440265 0.008853 0.068651
1 2 0.060098 0.573790 0.277159 0.009538 0.079415
1 4 0.113550 0.528411 0.213715 0.006513 0.137811
2 2 0.113111 0.318944 0.325898 0.002741 0.239305
1 2 0.146874 0.548918 0.219477 0.001789 0.082942
1 2 0.087811 0.524735 0.310184 0.003160 0.074110
1 2 0.051911 0.604126 0.294122 0.000635 0.049206
1 2 0.027306 0.497928 0.425428 0.002597 0.046741
1 1 0.032676 0.526988 0.391421 0.002465 0.046449
1 1 0.073676 0.558096 0.328684 0.003414 0.036130
2 1 0.030893 0.456801 0.485252 0.001670 0.025384
2 0 0.020140 0.371164 0.577548 0.004035 0.027112
0 0 0.843070 0.079862 0.015328 0.000074 0.061666
0 0 0.617957 0.249857 0.068063 0.000587 0.063536
0 0 0.503325 0.328993 0.098448 0.000885 0.068349
0 0 0.929450 0.025958 0.003728 0.000006 0.040859
0 0 0.888649 0.049955 0.008252 0.000010 0.053134
0 0 0.617208 0.246467 0.063169 0.000119 0.073036
0 0 0.982011 0.011450 0.001727 0.000010 0.004803
0 0 0.964910 0.018600 0.002810 0.000010 0.013670
0 0 0.480412 0.354210 0.107267 0.000313 0.057798
0 1 0.455518 0.371605 0.113409 0.000234 0.059234
1 1 0.349476 0.431810 0.136978 0.000238 0.081499
1 0 0.329599 0.447526 0.148183 0.000440 0.074251
0 0 0.617402 0.234764 0.063334 0.001834 0.082666
0 0 0.449567 0.362719 0.108718 0.000401 0.078596
0 0 0.587473 0.253656 0.064335 0.000131 0.094404
0 0 0.674351 0.210330 0.055402 0.000829 0.059088
1 0 0.405892 0.410872 0.127649 0.000085 0.055501
0 0 0.486349 0.354282 0.108637 0.000314 0.050418
1 0 0.380655 0.417967 0.145529 0.002849 0.053000
1 0 0.285464 0.475662 0.192297 0.011185 0.035392
1 0 0.384463 0.421442 0.150025 0.002511 0.041558
1 0 0.265470 0.489273 0.203887 0.010697 0.030674
1 0 0.153962 0.485350 0.337318 0.004582 0.018789
2 0 0.047039 0.430360 0.502999 0.002839 0.016763
1 0 0.129371 0.580122 0.261597 0.000791 0.028119
1 2 0.114842 0.570789 0.275909 0.000322 0.038138
2 1 0.097253 0.410669 0.443485 0.004152 0.044442
1 2 0.180940 0.529276 0.227254 0.013387 0.049142
1 0 0.257507 0.483955 0.196083 0.016490 0.045965
0 0 0.456395 0.332513 0.134135 0.003545 0.073412
0 1 0.485414 0.334733 0.091419 0.000060 0.088375
1 1 0.239638 0.505001 0.184503 0.000900 0.069957
1 0 0.389111 0.401504 0.128231 0.000908 0.080246
0 1 0.678124 0.178265 0.041245 0.000226 0.102140
1 1 0.212792 0.499758 0.163496 0.000081 0.123873
1 2 0.206731 0.516708 0.188503 0.000753 0.087305
1 0 0.353867 0.418078 0.134974 0.000993 0.092087
0 1 0.583632 0.243648 0.063731 0.000903 0.108085
1 1 0.278612 0.489663 0.168352 0.000189 0.063184
1 1 0.193111 0.528565 0.207337 0.002475 0.068512
1 1 0.142657 0.560096 0.246408 0.004660 0.046179
1 1 0.305112 0.467978 0.165762 0.001075 0.060073
1 1 0.363408 0.407867 0.133871 0.002569 0.092285
1 2 0.197908 0.518448 0.210831 0.009239 0.063573
1 2 0.131527 0.562297 0.260346 0.008500 0.037329
1 2 0.096204 0.544839 0.306188 0.004209 0.048561
1 2 0.023034 0.594107 0.349586 0.001858 0.031414
1 2 0.075169 0.596435 0.293416 0.001654 0.033325
1 2 0.037121 0.486013 0.455668 0.001996 0.019202
1 2 0.031359 0.595457 0.345206 0.002452 0.025525
1 2 0.053983 0.594680 0.317902 0.003898 0.029537
1 0 0.028957 0.516058 0.427124 0.004114 0.023747
0 0 0.785701 0.113626 0.023496 0.000105 0.077072
0 1 0.625004 0.250282 0.070914 0.001259 0.052540
1 1 0.381752 0.423889 0.149392 0.001842 0.043124
0 1 0.413893 0.397699 0.134988 0.002277 0.051143
1 2 0.052224 0.595167 0.329822 0.002773 0.020013
1 2 0.074278 0.590131 0.311253 0.003583 0.020755
1 2 0.121882 0.569494 0.259854 0.005343 0.043427
1 2 0.124058 0.570216 0.252401 0.003278 0.050048
1 1 0.264845 0.473055 0.175996 0.007701 0.078403
0 1 0.526061 0.308282 0.091635 0.001817 0.072204
1 1 0.289138 0.472259 0.180235 0.006552 0.051815
1 1 0.140681 0.557047 0.234869 0.003315 0.064089
1 2 0.072961 0.546183 0.328848 0.004108 0.047900
2 2 0.019908 0.439373 0.484170 0.000267 0.056283
1 1 0.169788 0.513767 0.200554 0.007503 0.108388
1 2 0.194154 0.491188 0.181322 0.005332 0.128004
1 2 0.012817 0.537591 0.420586 0.001673 0.027334
1 2 0.029865 0.593551 0.334462 0.003355 0.038767
1 2 0.008181 0.518298 0.449974 0.001453 0.022095
1 2 0.008242 0.574169 0.384503 0.001284 0.031801
1 2 0.023068 0.562604 0.379126 0.003103 0.032099
1 2 0.035178 0.595753 0.335541 0.003049 0.030479
1 2 0.049910 0.548760 0.368511 0.005165 0.027654
1 2 0.062216 0.589712 0.300370 0.005710 0.041991
1 2 0.020306 0.588688 0.344438 0.002909 0.043659
1 2 0.052906 0.594734 0.317964 0.003946 0.030450
1 1 0.174274 0.487716 0.243181 0.011440 0.083389
1 0 0.200892 0.514906 0.208164 0.009901 0.066137
0 2 0.432854 0.315699 0.090056 0.002374 0.159018
1 2 0.180882 0.515529 0.201648 0.006718 0.095223
2 2 0.003653 0.360352 0.598066 0.000099 0.037830
2 1 0.004117 0.453924 0.517532 0.000575 0.023852
1 2 0.034140 0.475871 0.452882 0.000434 0.036673
1 2 0.025826 0.598172 0.314104 0.000631 0.061267
1 2 0.061806 0.466818 0.427080 0.012668 0.031628
2 1 0.040297 0.395678 0.520985 0.005819 0.037221
1 1 0.307470 0.345378 0.098155 0.000893 0.248104
0 1 0.349542 0.300707 0.076350 0.000126 0.273275
1 2 0.052098 0.517216 0.323449 0.000952 0.106285
1 2 0.025257 0.464816 0.449754 0.001532 0.058642
1 2 0.035888 0.551249 0.274521 0.000829 0.137512
1 2 0.109855 0.539666 0.214334 0.002138 0.134007
1 1 0.028900 0.496051 0.453331 0.003778 0.017940
1 1 0.064279 0.512238 0.393059 0.001431 0.028993
1 1 0.204377 0.511265 0.191716 0.002389 0.090253
1 1 0.207786 0.506342 0.195564 0.006314 0.083994
1 2 0.090206 0.546474 0.219368 0.001282 0.142670
1 2 0.017716 0.577695 0.341623 0.001713 0.061253
1 1 0.185596 0.496663 0.179577 0.002261 0.135903
0 1 0.369181 0.363321 0.108935 0.001929 0.156633
2 2 0.088976 0.369855 0.402492 0.013030 0.125647
2 2 0.078138 0.379076 0.465247 0.007466 0.070074
1 2 0.032651 0.586846 0.290255 0.001173 0.089075
1 2 0.067269 0.605921 0.284837 0.000358 0.041615
1 1 0.247352 0.493084 0.184028 0.003186 0.072351
1 0 0.379619 0.394781 0.117333 0.000204 0.108062
0 0 0.511930 0.283040 0.076756 0.000941 0.127332
0 1 0.449013 0.344115 0.102467 0.001336 0.103069
1 1 0.282156 0.434207 0.142667 0.002003 0.138966
1 0 0.221357 0.489177 0.176901 0.002889 0.109675
1 1 0.317478 0.405713 0.121947 0.000372 0.154489
1 0 0.321108 0.399663 0.117543 0.000238 0.161448
1 0 0.349876 0.435310 0.149595 0.001627 0.063592
1 0 0.181161 0.539244 0.221689 0.003490 0.054416
1 1 0.046036 0.578576 0.318489 0.000253 0.056646
2 2 0.026073 0.421823 0.498394 0.000108 0.053603
1 2 0.020776 0.493558 0.383497 0.000109 0.102060
1 2 0.030587 0.601271 0.271147 0.000032 0.096962
1 1 0.212413 0.502691 0.182372 0.001536 0.100989
1 0 0.259937 0.472139 0.152191 0.000164 0.115569
1 0 0.217823 0.500286 0.162633 0.000062 0.119196
1 1 0.304876 0.439232 0.130791 0.000051 0.125051
1 1 0.071762 0.589259 0.265398 0.001079 0.072501
1 1 0.127092 0.567092 0.217044 0.000167 0.088605
1 1 0.097038 0.573533 0.228697 0.000265 0.100467
1 1 0.161242 0.545497 0.187662 0.000032 0.105566
0 1 0.413907 0.385217 0.118711 0.000509 0.081657
1 0 0.305331 0.463435 0.146941 0.000074 0.084219
1 1 0.300041 0.450753 0.148430 0.000642 0.100134
1 1 0.224155 0.499626 0.174544 0.000543 0.101132
1 0 0.066132 0.588072 0.276550 0.002520 0.066725
1 0 0.196168 0.531646 0.211129 0.002255 0.058802
1 1 0.155151 0.559204 0.217887 0.000365 0.067393
1 1 0.064536 0.592987 0.289050 0.002718 0.050710
1 1 0.202347 0.503824 0.187440 0.003177 0.103211
1 1 0.239283 0.437357 0.147500 0.004540 0.171321
1 2 0.063107 0.611536 0.281769 0.000134 0.043454
1 1 0.073351 0.591181 0.290783 0.000717 0.043968
1 1 0.123327 0.552228 0.265845 0.004324 0.054276
1 0 0.127487 0.468330 0.341825 0.001552 0.060807
1 0 0.291404 0.454030 0.141127 0.000101 0.113339
1 1 0.188694 0.520964 0.190102 0.000722 0.099518
1 1 0.250068 0.490509 0.170303 0.000541 0.088579
1 1 0.384506 0.405636 0.121796 0.000117 0.087944
1 0 0.224285 0.464992 0.156047 0.001089 0.153588
1 0 0.309951 0.434714 0.138105 0.000492 0.116737
0 0 0.573459 0.272135 0.074444 0.000540 0.079421
0 0 0.967919 0.018561 0.002909 0.000015 0.010596
0 0 0.994215 0.003993 0.000524 0.000002 0.001265
0 0 0.988538 0.005451 0.000635 0.000000 0.005376
0 0 0.978927 0.006543 0.000706 0.000000 0.013823
0 0 0.989912 0.003422 0.000337 0.000000 0.006330
0 1 0.531877 0.266161 0.062995 0.000018 0.138949
0 0 0.405120 0.355204 0.093597 0.000026 0.146053
1 1 0.368346 0.423127 0.130605 0.000114 0.077807
1 1 0.204047 0.517999 0.189965 0.000829 0.087161
1 1 0.190188 0.523799 0.189490 0.000460 0.096064
1 1 0.214838 0.510599 0.173218 0.000125 0.101219
0 0 0.592213 0.170815 0.033474 0.000005 0.203493
0 0 0.690659 0.111868 0.020187 0.000010 0.177277
0 1 0.433358 0.313839 0.078838 0.000034 0.173932
0 1 0.390343 0.332491 0.082222 0.000011 0.194933
1 0 0.296543 0.445639 0.133614 0.000049 0.124155
0 1 0.418805 0.320670 0.088099 0.000598 0.171828
1 1 0.275664 0.408212 0.111038 0.000013 0.205072
1 1 0.272258 0.445046 0.134952 0.000091 0.147653
0 1 0.512248 0.081342 0.013102 0.000009 0.393299
4 1 0.290403 0.203966 0.043239 0.000011 0.462381
0 1 0.435111 0.354150 0.105391 0.000923 0.104425
1 1 0.277854 0.442546 0.137133 0.000204 0.142262
1 1 0.264204 0.445414 0.132012 0.000044 0.158327
1 0 0.380759 0.383555 0.114384 0.000452 0.120851
1 1 0.290876 0.425269 0.136207 0.001330 0.146318
1 1 0.218259 0.481748 0.160001 0.000339 0.139653
1 1 0.070097 0.584427 0.231457 0.000052 0.113967
1 2 0.105840 0.504849 0.300597 0.000382 0.088332
1 2 0.038264 0.577868 0.241339 0.000038 0.142491
1 2 0.041905 0.529989 0.195809 0.000009 0.232288
1 2 0.009728 0.516950 0.337678 0.000006 0.135638
2 0 0.005978 0.405875 0.495480 0.000012 0.092655
0 0 0.408749 0.314589 0.078402 0.000030 0.198230
0 1 0.466810 0.333260 0.092100 0.000164 0.107666
4 1 0.203433 0.345318 0.088000 0.000008 0.363241
4 1 0.305268 0.237269 0.052784 0.000015 0.404664
1 0 0.269389 0.433592 0.127927 0.000065 0.169027
0 1 0.446167 0.347929 0.103390 0.001034 0.101480
1 1 0.151016 0.459188 0.133390 0.000005 0.256400
1 1 0.095036 0.433707 0.121304 0.000001 0.349953
4 1 0.049422 0.354161 0.097185 0.000000 0.499232
1 1 0.110235 0.504914 0.168823 0.000042 0.215986
1 0 0.246734 0.337910 0.084618 0.000010 0.330728
4 0 0.268542 0.246693 0.055741 0.000012 0.429011
0 0 0.890864 0.051276 0.008969 0.000049 0.048843
0 0 0.966998 0.009032 0.001003 0.000000 0.022966
0 0 0.592721 0.071821 0.010858 0.000002 0.324598
4 0 0.433759 0.067012 0.009176 0.000000 0.490054
4 0 0.367326 0.084461 0.012401 0.000000 0.535812
0 0 0.554224 0.074993 0.011320 0.000002 0.359461
0 0 0.839248 0.024197 0.002821 0.000000 0.133734
0 0 0.849736 0.018373 0.001962 0.000000 0.129929
0 0 0.665256 0.076415 0.011375 0.000001 0.246953
0 0 0.745528 0.050034 0.006809 0.000000 0.197628
0 0 0.767532 0.034646 0.004334 0.000000 0.193487
0 0 0.805979 0.035014 0.004557 0.000001 0.154449
0 0 0.990785 0.004252 0.000472 0.000000 0.004492
0 0 0.977063 0.005664 0.000568 0.000000 0.016705
0 0 0.922013 0.026525 0.003753 0.000005 0.047704
0 0 0.955115 0.013746 0.001682 0.000001 0.029456
0 0 0.911232 0.022732 0.002930 0.000001 0.063105
0 0 0.876497 0.047049 0.007549 0.000014 0.068891
0 0 0.584955 0.209315 0.047580 0.000078 0.158073
0 0 0.629015 0.153195 0.030004 0.000012 0.187774
0 0 0.782717 0.063951 0.009793 0.000002 0.143537
0 0 0.812959 0.057212 0.008771 0.000003 0.121055
0 0 0.972140 0.013002 0.001762 0.000003 0.013093
0 0 0.949352 0.024860 0.003774 0.000006 0.022008
4 0 0.340884 0.128939 0.021737 0.000000 0.508440
0 0 0.446345 0.132206 0.023209 0.000002 0.398238
0 0 0.560830 0.207305 0.046022 0.000052 0.185791
0 0 0.581585 0.227755 0.050861 0.000013 0.139787
0 0 0.486048 0.288068 0.066501 0.000004 0.159379
0 0 0.420585 0.297814 0.067941 0.000003 0.213658
0 0 0.654750 0.206256 0.050653 0.000291 0.088050
0 0 0.651472 0.191550 0.041912 0.000021 0.115046
0 0 0.592937 0.214160 0.047000 0.000014 0.145889
0 0 0.548286 0.232889 0.049811 0.000003 0.169011
0 0 0.602907 0.238186 0.058704 0.000110 0.100094
0 0 0.559560 0.266973 0.063016 0.000009 0.110442
0 0 0.618503 0.207057 0.048122 0.000109 0.126208
0 0 0.559207 0.261859 0.066935 0.000198 0.111801
0 0 0.399197 0.222766 0.046136 0.000003 0.331897
0 0 0.551524 0.137893 0.026354 0.000027 0.284202
0 0 0.513278 0.235530 0.049878 0.000003 0.201311
0 0 0.624698 0.184611 0.041108 0.000115 0.149468
0 0 0.748849 0.080090 0.012815 0.000002 0.158245
0 0 0.724764 0.090411 0.014950 0.000002 0.169872
0 0 0.988115 0.003086 0.000281 0.000000 0.008518
0 0 0.994541 0.002229 0.000214 0.000000 0.003016
0 0 0.838040 0.024614 0.002962 0.000001 0.134384
0 0 0.685869 0.046292 0.006245 0.000001 0.261593
0 0 0.904090 0.014865 0.001627 0.000000 0.079418
0 0 0.915058 0.008701 0.000807 0.000000 0.075434
4 0 0.388860 0.176432 0.034812 0.000007 0.399888
4 0 0.410315 0.132462 0.021414 0.000000 0.435808
0 0 0.482948 0.214670 0.045995 0.000017 0.256371
0 0 0.386117 0.192980 0.038054 0.000003 0.382846
0 0 0.616885 0.092166 0.014562 0.000001 0.276386
0 1 0.529082 0.127582 0.023137 0.000009 0.320189
0 1 0.487995 0.113731 0.019169 0.000002 0.379102
0 0 0.703432 0.039071 0.005107 0.000002 0.252388
0 0 0.952034 0.031588 0.005899 0.000106 0.010373
0 0 0.988882 0.007720 0.001149 0.000008 0.002240
0 4 0.841947 0.045597 0.006847 0.000007 0.105603
0 4 0.608986 0.209760 0.046952 0.000029 0.134273
0 4 0.794288 0.105237 0.021999 0.000323 0.078153
0 4 0.569918 0.253783 0.064964 0.000289 0.111046
0 4 0.896154 0.028397 0.003883 0.000003 0.071562
0 4 0.898519 0.040032 0.006348 0.000016 0.055086
0 4 0.446261 0.338207 0.090596 0.000065 0.124872
0 4 0.422715 0.357183 0.088686 0.000002 0.131414
0 4 0.789434 0.063768 0.010472 0.000022 0.136304
0 4 0.517744 0.117071 0.020625 0.000008 0.344552
1 4 0.238184 0.397478 0.118497 0.000413 0.245427
1 4 0.206239 0.456022 0.149682 0.000772 0.187284
4 4 0.308357 0.299367 0.074549 0.000059 0.317668
1 4 0.182248 0.425843 0.122666 0.000023 0.269219
1 4 0.203835 0.479598 0.157291 0.000253 0.159023
1 4 0.262792 0.406056 0.125754 0.001171 0.204227
1 4 0.174315 0.437432 0.136747 0.000228 0.251278
1 4 0.234144 0.439528 0.131151 0.000073 0.195105
0 4 0.432910 0.234234 0.055857 0.000308 0.276690
0 4 0.397703 0.294907 0.077185 0.000457 0.229747
0 0 0.366084 0.357238 0.103184 0.000783 0.172711
0 4 0.741856 0.108199 0.021439 0.000167 0.128339
4 4 0.144103 0.139620 0.033542 0.000033 0.682701
4 4 0.231631 0.109192 0.025367 0.000094 0.633716
1 4 0.298428 0.315370 0.084479 0.000382 0.301341
1 4 0.122932 0.505558 0.183476 0.000862 0.187173
4 4 0.243114 0.322859 0.087900 0.000327 0.345800
4 4 0.254260 0.190271 0.054742 0.001798 0.498929
1 2 0.037653 0.604762 0.273686 0.000061 0.083838
2 4 0.013637 0.411491 0.506525 0.000036 0.068311
1 4 0.372929 0.392970 0.123611 0.001574 0.108915
1 4 0.240240 0.503780 0.192784 0.002879 0.060318
1 4 0.045977 0.536356 0.393929 0.001896 0.021842
1 2 0.046645 0.472989 0.446939 0.002906 0.030521
2 2 0.103380 0.378845 0.447224 0.020040 0.050511
2 2 0.114619 0.367410 0.427834 0.014667 0.075470
1 1 0.161067 0.504651 0.200979 0.004584 0.128719
1 2 0.108127 0.555197 0.239863 0.007330 0.089483
1 2 0.033686 0.474078 0.453896 0.003219 0.035121
1 1 0.073031 0.584741 0.271410 0.002944 0.067874
1 1 0.070338 0.447493 0.433851 0.016154 0.032165
1 1 0.182899 0.510309 0.253972 0.013938 0.038882
1 2 0.055989 0.598452 0.293706 0.001492 0.050361
1 2 0.050086 0.602587 0.278172 0.000275 0.068880
1 2 0.069352 0.580723 0.282943 0.008123 0.058858
1 2 0.037138 0.595707 0.331970 0.003276 0.031909
1 2 0.050887 0.514748 0.392318 0.008107 0.033941
1 2 0.099256 0.482338 0.361862 0.015041 0.041503
1 1 0.204828 0.479191 0.173675 0.005651 0.136655
1 2 0.170279 0.525303 0.210669 0.007265 0.086485
1 2 0.113418 0.556904 0.240783 0.006818 0.082078
1 2 0.071535 0.584176 0.284703 0.006314 0.053273
2 2 0.009886 0.398430 0.579774 0.000482 0.011428
2 0 0.010380 0.457741 0.512529 0.002248 0.017102
0 0 0.770662 0.097273 0.018866 0.000136 0.113063
0 1 0.669802 0.144441 0.030154 0.000132 0.155470
1 1 0.277552 0.395009 0.120444 0.001138 0.205857
1 1 0.208184 0.481203 0.165325 0.001037 0.144250
1 4 0.347423 0.399621 0.126541 0.001997 0.124418
0 1 0.390891 0.377848 0.114456 0.000884 0.115921
0 1 0.400271 0.352962 0.103956 0.001322 0.141488
1 2 0.162835 0.537499 0.208295 0.001574 0.089798
1 4 0.188358 0.522287 0.198809 0.002097 0.088449
1 4 0.332158 0.421374 0.137631 0.001805 0.107032
0 4 0.595596 0.159025 0.033444 0.000138 0.211796
0 4 0.582347 0.192828 0.043267 0.000154 0.181404
0 4 0.462926 0.165035 0.034482 0.000125 0.337432
1 4 0.204961 0.441598 0.135415 0.000143 0.217883
0 4 0.342958 0.331607 0.083874 0.000028 0.241533
1 4 0.247462 0.437782 0.135251 0.000260 0.179245
0 4 0.375172 0.358949 0.098694 0.000125 0.167060
0 4 0.394204 0.319429 0.084925 0.000246 0.201197
1 4 0.183546 0.521849 0.206104 0.005553 0.082948
1 4 0.182156 0.524041 0.193276 0.000849 0.099677
0 0 0.557950 0.270335 0.074435 0.001283 0.095997
0 0 0.688967 0.190685 0.048074 0.000847 0.071427
0 1 0.911248 0.041975 0.007079 0.000033 0.039665
0 0 0.558662 0.300741 0.085287 0.000197 0.055112
0 1 0.696500 0.118082 0.028000 0.000638 0.156780
0 1 0.437669 0.224393 0.069748 0.006723 0.261467
1 1 0.244855 0.476194 0.155002 0.000207 0.123742
1 2 0.124118 0.559875 0.224690 0.000994 0.090322
1 2 0.047056 0.605379 0.323024 0.000682 0.023858
2 4 0.042960 0.425253 0.488543 0.000210 0.043034
1 4 0.279194 0.394566 0.122847 0.002323 0.201070
1 4 0.171683 0.521922 0.206546 0.006550 0.093299
1 2 0.006037 0.535690 0.441733 0.000159 0.016381
1 2 0.002674 0.544798 0.441048 0.000108 0.011372
1 2 0.099135 0.579718 0.284485 0.005972 0.030689
1 2 0.155428 0.554700 0.236072 0.003306 0.050493
2 2 0.022769 0.471369 0.488050 0.003212 0.014599
2 2 0.002990 0.341210 0.643404 0.001462 0.010934
2 2 0.024598 0.463141 0.483850 0.005403 0.023008
2 2 0.015753 0.416390 0.549795 0.003713 0.014349
1 2 0.018987 0.584545 0.337990 0.003385 0.055092
1 2 0.017296 0.584295 0.343533 0.003037 0.051839
1 2 0.020285 0.526716 0.397877 0.005288 0.049834
1 2 0.040890 0.493641 0.398865 0.011970 0.054634
2 2 0.048318 0.376374 0.488276 0.033862 0.053171
2 2 0.038583 0.361780 0.512925 0.033317 0.053395
1 2 0.029434 0.591628 0.329231 0.003822 0.045885
1 2 0.021025 0.579530 0.345975 0.003546 0.049924
2 2 0.039110 0.366027 0.546956 0.019766 0.028141
2 2 0.028896 0.356378 0.559147 0.020718 0.034860
2 2 0.022791 0.382336 0.501616 0.027286 0.065971
1 3 0.038444 0.509038 0.352335 0.013565 0.086618
2 3 0.023194 0.308488 0.575689 0.041291 0.051338
2 3 0.025995 0.355886 0.555107 0.021973 0.041038
1 3 0.030160 0.459381 0.439824 0.013325 0.057309
1 3 0.020558 0.470746 0.441867 0.009287 0.057542
2 3 0.003843 0.099300 0.763114 0.114777 0.018966
2 3 0.006642 0.160154 0.735468 0.069895 0.027841
2 3 0.004772 0.085510 0.678081 0.211795 0.019843
2 3 0.013909 0.138951 0.662815 0.158582 0.025742
2 3 0.015377 0.299445 0.573661 0.053467 0.058050
2 0 0.011282 0.224192 0.625509 0.090542 0.048474
0 1 0.570272 0.279579 0.084327 0.005329 0.060492
0 1 0.653639 0.216816 0.056094 0.000631 0.072821
0 0 0.426960 0.383860 0.122156 0.000896 0.066128
0 0 0.655856 0.222551 0.064911 0.008601 0.048081
0 0 0.914144 0.033216 0.004873 0.000003 0.047765
0 0 0.919273 0.033885 0.005205 0.000008 0.041629
0 0 0.859593 0.039905 0.005875 0.000007 0.094620
0 0 0.737510 0.087737 0.015259 0.000017 0.159477
0 0 0.746027 0.135448 0.029084 0.000134 0.089307
0 0 0.606016 0.253359 0.071678 0.002264 0.066682
0 0 0.933985 0.016079 0.001934 0.000001 0.048002
0 0 0.793898 0.102893 0.019814 0.000025 0.083370
0 0 0.630867 0.241621 0.067062 0.001296 0.059154
0 0 0.668877 0.186102 0.042823 0.000121 0.102077
0 0 0.556150 0.261366 0.066812 0.000221 0.115452
0 0 0.647220 0.164498 0.032868 0.000008 0.155406
0 0 0.986853 0.005499 0.000618 0.000000 0.007029
0 0 0.974652 0.013935 0.002028 0.000007 0.009379
0 0 0.924554 0.040241 0.007031 0.000049 0.028125
0 0 0.926793 0.024377 0.003316 0.000002 0.045512
0 1 0.606004 0.259397 0.070251 0.000326 0.064023
0 1 0.832358 0.099345 0.020101 0.000032 0.048163
0 1 0.458973 0.087118 0.012595 0.000000 0.441314
0 1 0.571654 0.115794 0.019069 0.000001 0.293483
4 1 0.346053 0.123951 0.020484 0.000000 0.509512
4 1 0.391553 0.160452 0.029963 0.000002 0.418029
0 1 0.913964 0.028595 0.004081 0.000005 0.053355
0 0 0.922751 0.021229 0.002744 0.000002 0.053274
0 0 0.752264 0.049471 0.006912 0.000001 0.191352
0 0 0.629750 0.079369 0.011737 0.000000 0.279143
0 1 0.548688 0.118878 0.021883 0.000031 0.310519
0 1 0.483140 0.186889 0.037766 0.000010 0.292195
4 0 0.373408 0.141030 0.022954 0.000000 0.462608
0 0 0.521944 0.130865 0.023824 0.000008 0.323359
4 0 0.306230 0.142163 0.024485 0.000000 0.527122
4 1 0.338081 0.122529 0.019763 0.000000 0.519626
1 1 0.290084 0.362032 0.099697 0.000142 0.248046
4 1 0.225726 0.293217 0.068571 0.000004 0.412482
0 1 0.535257 0.183436 0.036038 0.000004 0.245265
0 1 0.586978 0.191975 0.041755 0.000051 0.179241
0 1 0.767194 0.080994 0.014095 0.000023 0.137694
0 1 0.616117 0.168961 0.034323 0.000016 0.180584
0 0 0.817918 0.051161 0.007515 0.000002 0.123405
0 1 0.838340 0.048555 0.007283 0.000004 0.105819
4 0 0.417940 0.114065 0.019038 0.000001 0.448956
0 0 0.610680 0.067488 0.011633 0.000020 0.310179
0 4 0.877913 0.045515 0.007294 0.000018 0.069259
0 4 0.716927 0.104362 0.019225 0.000030 0.159457
0 4 0.633441 0.216650 0.056035 0.001319 0.092554
0 4 0.784521 0.099291 0.019356 0.000085 0.096747
0 4 0.861485 0.029743 0.003926 0.000002 0.104844
0 4 0.873376 0.026149 0.003343 0.000001 0.097130
0 0 0.758547 0.059969 0.009391 0.000012 0.172081
0 0 0.764163 0.060283 0.009342 0.000007 0.166204
0 1 0.771740 0.040572 0.005547 0.000003 0.182138
0 0 0.733154 0.051610 0.007373 0.000002 0.207860
0 4 0.906965 0.012298 0.001266 0.000000 0.079470
0 1 0.901130 0.015608 0.001827 0.000000 0.081435
0 1 0.497625 0.238512 0.056085 0.000112 0.207666
0 1 0.658019 0.153396 0.032101 0.000083 0.156401
0 0 0.891288 0.057349 0.010661 0.000091 0.040612
0 1 0.857802 0.089257 0.019939 0.000724 0.032278
0 1 0.639248 0.055991 0.007688 0.000001 0.297072
0 1 0.722816 0.051206 0.007158 0.000001 0.218818
0 0 0.808590 0.095436 0.019009 0.000125 0.076839
0 1 0.788499 0.066808 0.011172 0.000026 0.133495
0 1 0.724364 0.058591 0.008900 0.000008 0.208137
4 1 0.379028 0.072935 0.010394 0.000000 0.537643
0 0 0.528233 0.052850 0.007172 0.000001 0.411745
0 0 0.729103 0.031820 0.003914 0.000001 0.235163
4 1 0.224514 0.166894 0.030804 0.000000 0.577788
4 1 0.229493 0.133652 0.025106 0.000003 0.611746
4 0 0.228307 0.157071 0.028515 0.000000 0.586107
0 0 0.449744 0.217136 0.047150 0.000026 0.285944
0 1 0.664406 0.057919 0.008353 0.000002 0.269320
4 1 0.382037 0.103933 0.016208 0.000000 0.497822
0 4 0.692922 0.057539 0.008588 0.000007 0.240944
4 0 0.335102 0.073851 0.010670 0.000000 0.580377
0 0 0.762070 0.030005 0.003671 0.000001 0.204252
0 1 0.691740 0.041759 0.005563 0.000002 0.260936
0 0 0.522456 0.107407 0.017475 0.000001 0.352661
0 0 0.550849 0.143661 0.026720 0.000007 0.278764
0 0 0.569272 0.182105 0.037433 0.000016 0.211175
0 0 0.576696 0.135316 0.024016 0.000002 0.263970
0 0 0.673394 0.037378 0.004672 0.000001 0.284555
0 0 0.745618 0.025576 0.002925 0.000000 0.225880
0 0 0.917413 0.026928 0.003784 0.000004 0.051871
0 0 0.952861 0.009603 0.001018 0.000000 0.036518
0 0 0.655925 0.080706 0.012789 0.000003 0.250576
0 0 0.533861 0.108193 0.018370 0.000004 0.339573
0 0 0.620864 0.078602 0.012308 0.000003 0.288223
0 0 0.609696 0.079508 0.012123 0.000001 0.298672
0 0 0.657756 0.064154 0.009060 0.000000 0.269030
0 0 0.540116 0.070072 0.009545 0.000000 0.380266
0 0 0.785592 0.052022 0.007555 0.000002 0.154828
0 0 0.811491 0.042745 0.005913 0.000001 0.139849
0 0 0.705846 0.083145 0.013371 0.000003 0.197635
0 0 0.725890 0.056560 0.007786 0.000000 0.209764
0 0 0.622864 0.142088 0.025798 0.000002 0.209248
0 0 0.613629 0.132219 0.023137 0.000001 0.231014
0 0 0.701750 0.089953 0.014720 0.000002 0.193576
0 0 0.719321 0.062305 0.009055 0.000001 0.209318
0 0 0.849915 0.033105 0.004326 0.000001 0.112653
0 0 0.851223 0.044585 0.006431 0.000001 0.097760
0 0 0.723987 0.056436 0.008124 0.000002 0.211451
0 0 0.873663 0.019223 0.002203 0.000000 0.104911
0 0 0.615299 0.144007 0.027332 0.000009 0.213353
0 0 0.635141 0.114136 0.019474 0.000002 0.231248
0 0 0.584881 0.075197 0.011329 0.000001 0.328592
4 0 0.352660 0.086510 0.012503 0.000000 0.548327
0 0 0.505253 0.151507 0.026368 0.000000 0.316872
0 0 0.615959 0.129163 0.023312 0.000005 0.231562
0 0 0.553370 0.170217 0.031152 0.000001 0.245260
0 0 0.584253 0.135138 0.023830 0.000002 0.256778
0 0 0.606925 0.204080 0.043156 0.000006 0.145832
0 0 0.644639 0.187670 0.038462 0.000003 0.129225
0 0 0.588920 0.259763 0.063701 0.000024 0.087593
0 0 0.594740 0.210902 0.043644 0.000002 0.150711
0 1 0.366906 0.309261 0.074674 0.000015 0.249144
4 1 0.328538 0.224048 0.041861 0.000000 0.405553
4 1 0.359422 0.188753 0.031847 0.000000 0.419978
4 1 0.355232 0.204497 0.037134 0.000000 0.403137
0 1 0.470789 0.346913 0.098642 0.000134 0.083521
0 1 0.541437 0.282687 0.072184 0.000065 0.103627
4 1 0.177782 0.353045 0.080869 0.000000 0.388303
4 1 0.134297 0.264878 0.056082 0.000000 0.544744
1 1 0.272530 0.343388 0.076436 0.000000 0.307646
4 1 0.254893 0.295212 0.060021 0.000000 0.389874
0 1 0.409611 0.244273 0.049771 0.000001 0.296345
0 1 0.471960 0.213795 0.041985 0.000001 0.272259
0 0 0.586805 0.216090 0.047158 0.000011 0.149936
0 0 0.666090 0.153574 0.031984 0.000060 0.148291
0 0 0.529295 0.103877 0.017454 0.000004 0.349371
0 1 0.496396 0.144732 0.025591 0.000001 0.333280
4 1 0.290735 0.191315 0.035843 0.000000 0.482107
4 0 0.249381 0.147432 0.024468 0.000000 0.578719
0 1 0.696957 0.069212 0.010406 0.000002 0.223424
0 1 0.627527 0.109273 0.017730 0.000001 0.245470
