0 0 0.919584 0.043164 0.014068 0.000435 0.022748
0 0 0.899202 0.057474 0.016574 0.000156 0.026594
0 0 0.688997 0.184884 0.057430 0.000187 0.068503
0 0 0.783294 0.122105 0.029515 0.000029 0.065056
0 0 0.882927 0.046733 0.015482 0.000413 0.054445
0 0 0.919956 0.034287 0.011057 0.000344 0.034356
0 0 0.982568 0.008479 0.001197 0.000001 0.007755
0 0 0.970869 0.016177 0.001891 0.000000 0.011063
0 0 0.861370 0.047792 0.014282 0.000179 0.076378
0 0 0.970452 0.012084 0.002188 0.000004 0.015272
0 0 0.981383 0.006277 0.000882 0.000001 0.011458
0 0 0.948290 0.014387 0.002832 0.000007 0.034485
0 0 0.979076 0.012129 0.001638 0.000000 0.007156
0 0 0.955071 0.022041 0.003795 0.000003 0.019091
0 0 0.988955 0.005601 0.000738 0.000000 0.004706
0 0 0.985092 0.007025 0.000849 0.000000 0.007033
0 0 0.856183 0.064383 0.013883 0.000013 0.065537
0 0 0.772847 0.113663 0.019143 0.000002 0.094346
4 0 0.410685 0.134714 0.015781 0.000000 0.438819
4 0 0.135805 0.174247 0.018575 0.000000 0.671374
4 0 0.003999 0.078630 0.015671 0.000000 0.901700
4 0 0.005207 0.097938 0.014750 0.000000 0.882105
4 0 0.004875 0.181661 0.093857 0.000028 0.719578
4 0 0.006185 0.211536 0.104504 0.000027 0.677748
4 1 0.001492 0.195126 0.255551 0.000154 0.547677
4 1 0.003434 0.239339 0.094950 0.000002 0.662274
4 1 0.038399 0.122432 0.029364 0.000001 0.809804
4 1 0.021437 0.105547 0.033149 0.000003 0.839863
4 1 0.017637 0.168378 0.054425 0.000003 0.759557
4 1 0.013584 0.119071 0.037525 0.000002 0.829818
4 0 0.021826 0.194941 0.051823 0.000001 0.731408
4 0 0.019759 0.116780 0.033299 0.000001 0.830160
4 1 0.015346 0.086999 0.034378 0.000012 0.863265
4 1 0.015145 0.149332 0.070643 0.000055 0.764827
1 0 0.232990 0.341705 0.151797 0.000945 0.272563
4 0 0.108215 0.243508 0.074087 0.000018 0.574172
4 1 0.038852 0.180869 0.081220 0.000119 0.698940
4 0 0.075463 0.301777 0.161668 0.001098 0.459995
4 0 0.034822 0.264842 0.087282 0.000009 0.613045
4 0 0.015592 0.158805 0.051679 0.000003 0.773921
4 0 0.013062 0.220567 0.063687 0.000001 0.702683
4 1 0.011470 0.234334 0.076637 0.000002 0.677558
1 1 0.033715 0.468601 0.220969 0.000191 0.276524
1 1 0.013683 0.374311 0.260089 0.001364 0.350554
1 1 0.113688 0.445139 0.360059 0.024734 0.056379
2 0 0.109103 0.207789 0.618568 0.033358 0.031182
0 0 0.886234 0.077568 0.018905 0.000047 0.017246
0 0 0.717559 0.168653 0.058680 0.000545 0.054564
0 0 0.780736 0.084103 0.037811 0.003831 0.093518
0 0 0.954499 0.023811 0.005937 0.000054 0.015699
0 0 0.899039 0.026397 0.004386 0.000002 0.070176
0 0 0.697336 0.101247 0.017599 0.000002 0.183815
0 0 0.870640 0.063354 0.011107 0.000003 0.054896
0 0 0.922846 0.037766 0.009702 0.000069 0.029618
0 0 0.899677 0.049531 0.010394 0.000012 0.040385
0 0 0.932519 0.037227 0.007438 0.000010 0.022806
0 0 0.945472 0.027608 0.004187 0.000001 0.022732
0 0 0.921773 0.034294 0.007844 0.000027 0.036062
0 0 0.579310 0.193703 0.077104 0.001270 0.148612
1 0 0.281536 0.350591 0.152012 0.000961 0.214900
1 1 0.080369 0.434040 0.287888 0.007326 0.190378
1 1 0.178811 0.380769 0.212280 0.004458 0.223683
0 0 0.965317 0.015801 0.003154 0.000009 0.015719
0 0 0.969315 0.014605 0.003100 0.000015 0.012965
0 0 0.946656 0.019789 0.003961 0.000009 0.029586
0 0 0.963568 0.014674 0.002534 0.000003 0.019222
0 0 0.982691 0.008547 0.001355 0.000002 0.007405
0 0 0.974419 0.010823 0.001946 0.000004 0.012808
0 0 0.945127 0.026718 0.007206 0.000095 0.020854
0 0 0.957764 0.022796 0.005931 0.000076 0.013433
0 0 0.970684 0.014867 0.003014 0.000011 0.011424
0 0 0.982242 0.011583 0.002509 0.000020 0.003646
0 0 0.917727 0.042513 0.017196 0.002167 0.020397
0 0 0.825311 0.072240 0.038455 0.015292 0.048704
0 0 0.483210 0.098276 0.202980 0.192685 0.022849
0 0 0.486839 0.107546 0.166862 0.210379 0.028374
0 0 0.777068 0.083957 0.060514 0.038672 0.039789
0 0 0.843621 0.068845 0.040500 0.014924 0.032110
0 0 0.842354 0.068664 0.031965 0.005631 0.051386
0 0 0.856884 0.065059 0.029483 0.004739 0.043835
0 0 0.926107 0.025838 0.005600 0.000016 0.042439
0 0 0.933776 0.025576 0.003571 0.000001 0.037077
0 0 0.440147 0.287764 0.102751 0.000324 0.169015
0 0 0.760813 0.127046 0.033113 0.000064 0.078965
0 0 0.905565 0.043352 0.014915 0.000589 0.035580
0 0 0.931158 0.033589 0.009448 0.000133 0.025672
0 0 0.958516 0.023275 0.005387 0.000033 0.012789
0 0 0.968823 0.015535 0.002514 0.000002 0.013127
0 0 0.876141 0.045981 0.011675 0.000055 0.066147
0 0 0.890773 0.033437 0.008371 0.000045 0.067374
0 0 0.857371 0.058660 0.015879 0.000094 0.067995
0 1 0.420428 0.275366 0.100473 0.000383 0.203350
2 1 0.030894 0.232200 0.657531 0.041538 0.037836
2 1 0.037256 0.282713 0.577042 0.053802 0.049186
2 2 0.009313 0.252610 0.625315 0.024841 0.087921
2 2 0.007698 0.248652 0.632734 0.025185 0.085731
2 2 0.006508 0.173198 0.709513 0.054177 0.056604
2 2 0.002208 0.094505 0.829384 0.036011 0.037893
2 2 0.013351 0.141111 0.702317 0.075229 0.067992
2 2 0.007522 0.100159 0.742089 0.119484 0.030746
2 2 0.023791 0.337231 0.593528 0.013825 0.031625
2 2 0.018777 0.281511 0.669567 0.008791 0.021354
2 2 0.013100 0.229156 0.718769 0.016132 0.022844
2 2 0.007760 0.130297 0.813654 0.034086 0.014203
2 3 0.044410 0.339741 0.523817 0.047826 0.044205
2 3 0.034632 0.159838 0.700320 0.077384 0.027825
2 3 0.030657 0.187675 0.704130 0.045124 0.032415
2 3 0.028134 0.352742 0.532428 0.026546 0.060149
2 3 0.002881 0.093504 0.859737 0.028987 0.014891
2 3 0.002895 0.114150 0.848580 0.016962 0.017412
2 2 0.005043 0.145196 0.804097 0.022703 0.022960
2 2 0.004332 0.105822 0.856339 0.023081 0.010426
2 2 0.005372 0.092966 0.858899 0.034142 0.008621
2 2 0.002743 0.061047 0.878912 0.049882 0.007416
2 3 0.001113 0.032659 0.825832 0.132185 0.008212
2 3 0.000797 0.036128 0.877792 0.074676 0.010607
2 3 0.004860 0.037258 0.584574 0.363393 0.009914
2 3 0.004801 0.051043 0.715573 0.220048 0.008536
2 3 0.158313 0.143731 0.592353 0.090543 0.015061
2 3 0.077978 0.260763 0.537445 0.077025 0.046789
0 3 0.947712 0.034153 0.010081 0.000243 0.007812
0 0 0.954656 0.030590 0.007985 0.000098 0.006671
0 0 0.647004 0.185881 0.066072 0.000571 0.100473
0 0 0.594188 0.182154 0.045285 0.000026 0.178347
0 1 0.465442 0.288096 0.111686 0.000617 0.134158
0 0 0.766579 0.108286 0.046156 0.002951 0.076027
0 0 0.946946 0.032057 0.007506 0.000034 0.013457
0 0 0.941104 0.037376 0.008311 0.000022 0.013187
0 0 0.973685 0.015683 0.003286 0.000015 0.007331
0 0 0.964009 0.021787 0.005366 0.000054 0.008784
0 0 0.964936 0.009829 0.001512 0.000001 0.023722
0 0 0.951028 0.015824 0.001300 0.000000 0.031848
4 0 0.043358 0.334518 0.082157 0.000001 0.539966
4 1 0.047612 0.324829 0.089783 0.000003 0.537773
1 1 0.008827 0.474226 0.336747 0.000993 0.179207
2 1 0.012498 0.309007 0.522601 0.001075 0.154819
0 0 0.500099 0.189737 0.031530 0.000001 0.278633
0 0 0.412989 0.173061 0.035423 0.000003 0.378523
0 0 0.837313 0.053252 0.007859 0.000001 0.101576
0 0 0.926648 0.017731 0.002994 0.000002 0.052625
0 0 0.877445 0.026904 0.004462 0.000002 0.091188
0 0 0.737347 0.061148 0.010827 0.000002 0.190676
1 1 0.088287 0.456679 0.282472 0.004006 0.168555
1 0 0.323303 0.352012 0.145037 0.000816 0.178831
0 0 0.930028 0.027838 0.007191 0.000063 0.034881
0 0 0.975198 0.011547 0.001690 0.000001 0.011564
0 0 0.532925 0.097025 0.020146 0.000004 0.349899
0 0 0.888146 0.025948 0.003417 0.000000 0.082489
0 1 0.497534 0.200318 0.038796 0.000002 0.263350
0 0 0.726675 0.095267 0.024279 0.000040 0.153740
0 0 0.852114 0.071661 0.011486 0.000001 0.064738
0 0 0.856340 0.067447 0.013946 0.000010 0.062257
0 0 0.801560 0.084468 0.035609 0.002469 0.075894
0 0 0.813061 0.080454 0.033274 0.002270 0.070940
0 0 0.891438 0.042705 0.007658 0.000003 0.058196
0 0 0.834721 0.071618 0.014153 0.000006 0.079502
1 0 0.107119 0.440482 0.173445 0.000127 0.278827
1 0 0.111963 0.416486 0.192402 0.000484 0.278666
0 0 0.850860 0.070584 0.017543 0.000034 0.060979
0 0 0.958929 0.015107 0.002249 0.000001 0.023714
0 1 0.532669 0.287674 0.068418 0.000015 0.111224
0 0 0.879685 0.077757 0.015511 0.000009 0.027037
1 1 0.303640 0.434805 0.140945 0.000102 0.120508
1 1 0.196614 0.514934 0.170952 0.000072 0.117428
0 0 0.690581 0.180956 0.043077 0.000018 0.085368
0 0 0.938300 0.031431 0.004677 0.000001 0.025591
0 0 0.815542 0.116493 0.015835 0.000000 0.052131
0 0 0.941252 0.031962 0.004644 0.000001 0.022142
0 0 0.984349 0.008224 0.001447 0.000004 0.005977
0 0 0.962160 0.016306 0.003169 0.000007 0.018358
0 0 0.550129 0.307265 0.054366 0.000001 0.088238
0 0 0.602570 0.267032 0.056485 0.000007 0.073906
0 0 0.941057 0.025153 0.005070 0.000008 0.028712
0 0 0.972268 0.011703 0.001832 0.000001 0.014196
0 0 0.909328 0.031191 0.007187 0.000026 0.052270
0 0 0.976205 0.011263 0.001497 0.000000 0.011034
0 0 0.942525 0.036549 0.007064 0.000008 0.013854
0 0 0.868368 0.077768 0.017298 0.000019 0.036547
0 0 0.951535 0.023260 0.003322 0.000001 0.021882
0 0 0.827966 0.064122 0.007818 0.000000 0.100094
0 0 0.952044 0.019993 0.003910 0.000008 0.024045
0 0 0.955162 0.019273 0.003647 0.000006 0.021912
0 0 0.681524 0.115578 0.016851 0.000000 0.186047
0 0 0.632457 0.153014 0.034621 0.000013 0.179895
0 0 0.924185 0.033719 0.007840 0.000028 0.034228
0 0 0.929927 0.026442 0.005309 0.000009 0.038313
0 0 0.963050 0.016925 0.003230 0.000006 0.016788
0 0 0.946290 0.021329 0.004400 0.000012 0.027970
0 0 0.835218 0.095496 0.017819 0.000005 0.051463
0 0 0.880880 0.067001 0.017974 0.000075 0.034070
0 0 0.851685 0.083218 0.019289 0.000024 0.045783
0 0 0.718528 0.181625 0.036027 0.000005 0.063814
0 0 0.416728 0.395101 0.085412 0.000005 0.102753
0 0 0.665102 0.181795 0.050897 0.000083 0.102123
0 0 0.976206 0.012407 0.002267 0.000005 0.009115
0 0 0.985943 0.006351 0.000980 0.000001 0.006725
0 0 0.980793 0.007981 0.001454 0.000004 0.009768
0 0 0.977673 0.007535 0.000999 0.000000 0.013792
0 0 0.732447 0.103520 0.022729 0.000012 0.141291
0 0 0.743557 0.092786 0.014728 0.000001 0.148928
0 0 0.505948 0.279866 0.061265 0.000008 0.152914
1 0 0.190363 0.445184 0.147283 0.000059 0.217111
1 1 0.081213 0.450847 0.281649 0.004481 0.181810
1 1 0.044001 0.455869 0.302239 0.003378 0.194513
1 1 0.119951 0.487563 0.282533 0.003706 0.106246
0 0 0.434806 0.280715 0.208746 0.002948 0.072786
0 0 0.957429 0.022077 0.003644 0.000002 0.016848
0 1 0.420268 0.339071 0.076475 0.000007 0.164180
0 0 0.968735 0.016275 0.003508 0.000018 0.011464
0 0 0.962624 0.019747 0.004880 0.000050 0.012699
0 0 0.884298 0.047086 0.013577 0.000143 0.054896
0 0 0.962218 0.020186 0.004961 0.000048 0.012587
0 0 0.991758 0.005052 0.000799 0.000002 0.002389
0 0 0.967377 0.010857 0.001934 0.000003 0.019829
0 0 0.980104 0.012120 0.001271 0.000000 0.006505
0 0 0.974035 0.015625 0.002612 0.000003 0.007725
0 0 0.816872 0.100280 0.018545 0.000004 0.064299
0 0 0.619500 0.172695 0.028558 0.000001 0.179246
0 0 0.947351 0.022873 0.004830 0.000014 0.024932
0 0 0.919090 0.031603 0.007279 0.000027 0.042001
1 0 0.220225 0.485864 0.172355 0.000150 0.121407
0 0 0.374137 0.370831 0.130929 0.000298 0.123805
1 1 0.130437 0.408084 0.170794 0.000300 0.290385
1 1 0.170937 0.387952 0.169744 0.000612 0.270754
0 0 0.385177 0.336264 0.156348 0.002482 0.119729
0 0 0.799252 0.120721 0.040815 0.000569 0.038643
1 1 0.210119 0.474081 0.176062 0.000199 0.139539
1 1 0.185815 0.461024 0.197978 0.000582 0.154601
4 1 0.004389 0.242759 0.087564 0.000001 0.665287
4 1 0.001612 0.166279 0.103502 0.000032 0.728574
4 1 0.003405 0.133063 0.060248 0.000006 0.803277
4 0 0.005539 0.130595 0.041692 0.000001 0.822173
4 1 0.002864 0.124747 0.054589 0.000004 0.817797
4 1 0.002886 0.136644 0.051575 0.000001 0.808894
4 1 0.016468 0.049596 0.015125 0.000002 0.918809
4 4 0.012055 0.036729 0.010490 0.000001 0.940725
4 4 0.006639 0.046139 0.012562 0.000000 0.934660
4 4 0.004887 0.046887 0.015650 0.000001 0.932576
4 4 0.006686 0.037832 0.011938 0.000001 0.943544
4 4 0.006953 0.064983 0.021698 0.000001 0.906366
4 4 0.036555 0.068310 0.031727 0.000131 0.863277
4 4 0.024057 0.118695 0.048350 0.000028 0.808869
4 4 0.008829 0.157223 0.078734 0.000045 0.755169
4 4 0.008303 0.216162 0.117284 0.000083 0.658168
1 1 0.045645 0.394011 0.328416 0.004335 0.227594
2 1 0.042002 0.401918 0.461378 0.010312 0.084390
2 1 0.024883 0.439083 0.487506 0.007376 0.041151
2 1 0.025836 0.415114 0.519739 0.008188 0.031123
4 1 0.005351 0.317510 0.260588 0.001549 0.415002
4 1 0.005711 0.325770 0.268348 0.000746 0.399425
2 1 0.000835 0.197436 0.611192 0.007254 0.183284
2 2 0.002029 0.392701 0.403511 0.003526 0.198233
2 2 0.000465 0.072849 0.863917 0.003127 0.059642
2 2 0.001684 0.267897 0.538632 0.003855 0.187932
2 2 0.002589 0.217995 0.593765 0.005087 0.180564
2 2 0.005383 0.366080 0.441197 0.002448 0.184892
2 2 0.000674 0.107572 0.825495 0.010691 0.055568
2 2 0.001301 0.129723 0.803776 0.007142 0.058058
2 2 0.000450 0.075915 0.875212 0.006609 0.041814
2 2 0.000430 0.174470 0.741777 0.006716 0.076607
2 2 0.000267 0.104477 0.867712 0.003013 0.024530
2 2 0.000253 0.044968 0.922284 0.002747 0.029747
2 2 0.000358 0.054294 0.926893 0.007977 0.010478
2 3 0.000646 0.101076 0.880814 0.001996 0.015469
2 3 0.004740 0.111179 0.754676 0.090918 0.038487
2 3 0.022928 0.168078 0.737307 0.034654 0.037033
0 0 0.974107 0.017885 0.004454 0.000066 0.003488
0 0 0.930376 0.045272 0.012769 0.000164 0.011418
0 0 0.761938 0.135712 0.032860 0.000033 0.069457
0 1 0.391884 0.360392 0.091858 0.000018 0.155849
1 1 0.233718 0.478672 0.167844 0.000157 0.119609
1 1 0.087933 0.434038 0.311244 0.009102 0.157683
2 1 0.024045 0.421778 0.498126 0.000262 0.055788
1 1 0.038701 0.521678 0.320596 0.001168 0.117857
1 1 0.087981 0.415065 0.245079 0.002814 0.249061
1 1 0.292068 0.379031 0.146390 0.000409 0.182102
1 1 0.176078 0.449367 0.250749 0.004162 0.119644
0 1 0.436761 0.245260 0.257814 0.004571 0.055594
2 0 0.061441 0.275151 0.572645 0.042131 0.048633
2 1 0.044101 0.355749 0.520561 0.046837 0.032751
2 1 0.015711 0.328731 0.627057 0.008209 0.020291
2 1 0.021570 0.426716 0.526312 0.005004 0.020398
1 1 0.032096 0.477306 0.387742 0.004836 0.098019
2 2 0.021201 0.307586 0.526327 0.003992 0.140894
2 2 0.002299 0.136910 0.788913 0.025401 0.046477
2 2 0.000473 0.042451 0.908064 0.036226 0.012785
2 2 0.012203 0.356480 0.511362 0.002617 0.117337
2 2 0.006005 0.257147 0.647977 0.002502 0.086369
2 2 0.027843 0.231784 0.647507 0.064071 0.028795
2 2 0.047240 0.162501 0.708984 0.053029 0.028246
2 2 0.161777 0.323563 0.438918 0.008060 0.067681
1 2 0.078155 0.469776 0.313134 0.007134 0.131801
2 2 0.006692 0.220285 0.675871 0.011805 0.085347
2 2 0.002143 0.188971 0.714884 0.018145 0.075857
2 3 0.000147 0.042620 0.926164 0.016946 0.014122
2 3 0.000071 0.017711 0.953454 0.023841 0.004924
2 3 0.000096 0.019999 0.964383 0.011721 0.003801
2 3 0.000449 0.038947 0.923700 0.028322 0.008582
2 3 0.000401 0.018239 0.775058 0.198101 0.008202
2 3 0.000260 0.013060 0.787666 0.193603 0.005411
2 3 0.000129 0.010767 0.777463 0.206270 0.005370
2 3 0.000086 0.008507 0.846154 0.141926 0.003327
3 3 0.000216 0.003762 0.414387 0.579695 0.001941
3 3 0.000171 0.003616 0.358643 0.635251 0.002318
3 3 0.000329 0.005372 0.328450 0.662041 0.003807
3 3 0.000078 0.001515 0.303433 0.694113 0.000862
3 3 0.000112 0.001614 0.139713 0.856902 0.001660
3 3 0.000072 0.001190 0.178570 0.819208 0.000960
3 3 0.000100 0.001537 0.153638 0.843253 0.001473
3 3 0.000138 0.001991 0.147634 0.848164 0.002073
3 3 0.000392 0.005876 0.196794 0.790304 0.006633
3 3 0.000135 0.001920 0.140071 0.855814 0.002060
3 3 0.000113 0.001950 0.192756 0.803455 0.001727
3 3 0.000105 0.001890 0.213938 0.782527 0.001541
3 3 0.000185 0.002660 0.090107 0.902527 0.004521
3 3 0.000262 0.002761 0.064133 0.927344 0.005501
3 3 0.000118 0.001342 0.079912 0.916749 0.001879
3 3 0.000043 0.000582 0.072327 0.926304 0.000744
3 3 0.000215 0.002573 0.136045 0.858296 0.002871
3 3 0.000205 0.002819 0.129060 0.864349 0.003567
3 3 0.000062 0.001154 0.074225 0.922566 0.001993
3 3 0.000178 0.002451 0.064330 0.927806 0.005234
3 3 0.000150 0.001634 0.077664 0.918120 0.002432
3 3 0.000034 0.000481 0.048043 0.950629 0.000813
3 3 0.000112 0.001278 0.073599 0.923125 0.001886
3 3 0.000042 0.000577 0.058434 0.940074 0.000873
3 3 0.000072 0.000884 0.026432 0.969921 0.002691
3 3 0.000127 0.001481 0.045271 0.949743 0.003378
3 3 0.003502 0.006093 0.053450 0.935201 0.001754
3 3 0.003530 0.007705 0.023884 0.958202 0.006680
3 3 0.007255 0.017195 0.086734 0.881306 0.007512
3 3 0.012505 0.021964 0.206720 0.755302 0.003509
2 3 0.250686 0.191155 0.426333 0.090566 0.041260
1 3 0.069832 0.381883 0.351773 0.084864 0.111648
2 3 0.004973 0.093662 0.654038 0.193487 0.053840
2 3 0.005629 0.111577 0.674150 0.116840 0.091804
2 3 0.002985 0.046727 0.805220 0.109104 0.035963
2 3 0.002354 0.053838 0.834701 0.070914 0.038192
2 2 0.000813 0.033083 0.716656 0.230165 0.019283
2 3 0.000544 0.017926 0.780098 0.188550 0.012881
2 3 0.002477 0.134852 0.734935 0.032719 0.095017
2 3 0.001321 0.097306 0.799562 0.038374 0.063437
2 3 0.001203 0.152831 0.734062 0.014745 0.097159
2 3 0.000317 0.052419 0.872380 0.024585 0.050300
2 3 0.004023 0.280084 0.365161 0.000778 0.349954
2 3 0.001938 0.251153 0.439953 0.002551 0.304405
4 2 0.002612 0.215553 0.358573 0.003731 0.419531
2 2 0.000897 0.137746 0.460511 0.002702 0.398144
2 2 0.003333 0.228499 0.391022 0.004249 0.372898
4 2 0.011949 0.276807 0.193250 0.001064 0.516931
4 2 0.001255 0.281065 0.353104 0.006777 0.357799
2 2 0.001149 0.243589 0.441829 0.004437 0.308996
2 2 0.000805 0.108723 0.709737 0.023179 0.157556
4 2 0.003341 0.320309 0.329697 0.002253 0.344401
2 2 0.005672 0.259380 0.400894 0.006795 0.327258
2 2 0.015642 0.314881 0.446975 0.008454 0.214047
4 2 0.000952 0.101818 0.364200 0.003166 0.529864
4 2 0.001119 0.168685 0.331525 0.006029 0.492644
4 2 0.153980 0.265337 0.249481 0.007148 0.324054
1 2 0.079426 0.422016 0.281795 0.006052 0.210711
0 2 0.453784 0.226686 0.282061 0.004962 0.032508
0 2 0.633649 0.222732 0.101984 0.001440 0.040195
0 0 0.963815 0.021327 0.005506 0.000075 0.009277
0 0 0.910423 0.047240 0.015079 0.000304 0.026953
1 0 0.102716 0.413595 0.373888 0.024897 0.084904
1 0 0.068174 0.450534 0.382272 0.028235 0.070785
2 1 0.034874 0.333706 0.575127 0.027033 0.029260
2 1 0.032496 0.351188 0.571610 0.018175 0.026531
1 1 0.078146 0.449363 0.333751 0.016907 0.121834
0 1 0.335692 0.240501 0.269464 0.015532 0.138811
1 1 0.074836 0.468002 0.334850 0.013035 0.109277
1 1 0.070751 0.445845 0.341813 0.020918 0.120673
2 1 0.036432 0.373883 0.465285 0.043312 0.081088
2 1 0.066747 0.405200 0.433367 0.011307 0.083379
1 1 0.185507 0.359826 0.185632 0.002381 0.266654
1 1 0.292059 0.316762 0.155085 0.002869 0.233225
4 1 0.003564 0.179119 0.150070 0.000950 0.666297
4 1 0.003049 0.143743 0.125609 0.000770 0.726829
0 0 0.855589 0.053143 0.015174 0.000132 0.075962
0 1 0.665486 0.060406 0.019076 0.000186 0.254846
4 1 0.003978 0.209623 0.297611 0.004892 0.483897
4 1 0.003828 0.200783 0.372763 0.002247 0.420380
0 1 0.617038 0.157848 0.058859 0.000792 0.165463
0 1 0.506023 0.215899 0.075788 0.000312 0.201979
1 1 0.056328 0.344554 0.254374 0.004823 0.339922
4 1 0.022005 0.317789 0.267422 0.010185 0.382600
2 1 0.025024 0.280961 0.392617 0.008719 0.292680
4 1 0.022676 0.278050 0.220422 0.006373 0.472479
1 1 0.075887 0.372920 0.218854 0.002191 0.330149
1 1 0.198796 0.405996 0.188516 0.001120 0.205572
4 0 0.232650 0.177456 0.059716 0.000092 0.530085
4 1 0.065825 0.246571 0.112489 0.000227 0.574887
4 1 0.005928 0.257450 0.209679 0.001535 0.525408
4 1 0.008321 0.238291 0.171576 0.000840 0.580972
4 1 0.002663 0.202932 0.394766 0.003065 0.396574
2 1 0.003105 0.176035 0.417769 0.010334 0.392756
0 0 0.776077 0.054441 0.016312 0.000153 0.153017
0 0 0.516622 0.136087 0.047385 0.000301 0.299606
0 0 0.910664 0.058338 0.018871 0.000400 0.011727
0 0 0.970397 0.018540 0.004938 0.000099 0.006026
0 0 0.961411 0.019372 0.004349 0.000024 0.014843
0 0 0.939529 0.029147 0.008008 0.000109 0.023206
0 0 0.933633 0.021030 0.004458 0.000013 0.040867
0 0 0.815588 0.045277 0.012918 0.000108 0.126109
0 0 0.942467 0.021483 0.004483 0.000012 0.031554
0 0 0.945897 0.026531 0.005771 0.000019 0.021781
1 0 0.275411 0.299695 0.124829 0.000632 0.299432
0 0 0.563393 0.132297 0.057089 0.002079 0.245142
0 0 0.729255 0.124050 0.041312 0.000369 0.105014
0 0 0.433884 0.318033 0.094372 0.000071 0.153641
1 0 0.183206 0.392041 0.183377 0.001060 0.240316
1 0 0.201340 0.396556 0.204511 0.002905 0.194688
4 0 0.013580 0.321734 0.177350 0.000191 0.487146
4 1 0.011352 0.290170 0.197907 0.000837 0.499734
4 1 0.005884 0.182117 0.120089 0.000255 0.691655
4 1 0.001424 0.165568 0.131805 0.000200 0.701003
4 1 0.000496 0.216388 0.263295 0.000262 0.519560
4 1 0.000459 0.167746 0.362539 0.000292 0.468963
4 1 0.003284 0.302901 0.228658 0.000420 0.464737
4 1 0.002115 0.223267 0.299774 0.001721 0.473123
2 1 0.000917 0.168370 0.420221 0.002062 0.408430
2 1 0.000856 0.179439 0.471327 0.002286 0.346093
2 1 0.000605 0.079487 0.748523 0.024477 0.146908
2 1 0.000451 0.099336 0.746739 0.008257 0.145217
2 2 0.000920 0.080202 0.627026 0.006578 0.285274
2 2 0.000747 0.101673 0.648681 0.005503 0.243396
2 2 0.000369 0.037605 0.862467 0.000557 0.099001
2 2 0.000333 0.107496 0.747833 0.007732 0.136606
2 2 0.006850 0.127156 0.798077 0.009935 0.057982
2 2 0.072527 0.239974 0.597317 0.001611 0.088571
2 0 0.235536 0.290444 0.393454 0.019374 0.061193
1 0 0.074372 0.464531 0.346179 0.017556 0.097361
1 0 0.167582 0.371420 0.353437 0.015240 0.092321
1 0 0.307202 0.307890 0.276542 0.005323 0.103043
1 0 0.210029 0.465090 0.221531 0.001411 0.101939
0 0 0.517361 0.264626 0.117139 0.002402 0.098472
0 0 0.736725 0.108416 0.045498 0.002386 0.106974
0 0 0.331013 0.276158 0.158164 0.009738 0.224928
4 0 0.006852 0.338717 0.282675 0.002488 0.369267
2 0 0.008836 0.322944 0.355382 0.007554 0.305284
2 1 0.014278 0.361828 0.460332 0.003996 0.159566
2 1 0.012722 0.389111 0.452117 0.001850 0.144201
1 1 0.141047 0.397791 0.395389 0.008898 0.056876
2 0 0.152903 0.358897 0.451674 0.004265 0.032262
1 0 0.108444 0.334972 0.284078 0.020056 0.252450
1 1 0.075651 0.364674 0.299328 0.035002 0.225345
1 1 0.030239 0.396881 0.349635 0.023229 0.200016
1 1 0.028814 0.429984 0.348322 0.011353 0.181528
2 1 0.038797 0.401093 0.509979 0.013456 0.036675
2 1 0.030663 0.371372 0.550222 0.004308 0.043435
1 1 0.093592 0.457865 0.319828 0.012128 0.116586
0 1 0.347311 0.235969 0.295064 0.026772 0.094884
0 1 0.465374 0.276040 0.115881 0.001191 0.141515
0 0 0.858106 0.066705 0.023922 0.000830 0.050436
2 0 0.041573 0.304650 0.536423 0.007740 0.109614
1 1 0.038484 0.449366 0.353293 0.010568 0.148288
0 1 0.462373 0.319359 0.127936 0.000962 0.089370
0 0 0.666252 0.202741 0.067099 0.000372 0.063535
0 0 0.903220 0.073926 0.018120 0.000051 0.004682
0 0 0.974686 0.018714 0.005065 0.000141 0.001394
0 0 0.871191 0.101878 0.016798 0.000002 0.010130
0 1 0.875023 0.104304 0.014904 0.000001 0.005768
0 1 0.927480 0.059880 0.009762 0.000002 0.002876
0 1 0.928708 0.059324 0.008292 0.000001 0.003675
0 1 0.863741 0.112295 0.015469 0.000000 0.008494
0 1 0.886537 0.093191 0.013555 0.000001 0.006716
0 2 0.830142 0.137177 0.022317 0.000001 0.010363
0 2 0.825232 0.143076 0.022581 0.000001 0.009111
0 2 0.863329 0.111056 0.017751 0.000001 0.007862
0 2 0.897828 0.082824 0.013715 0.000002 0.005631
0 2 0.880841 0.095486 0.016946 0.000003 0.006724
0 2 0.854765 0.116321 0.021343 0.000004 0.007566
0 2 0.811999 0.148693 0.027202 0.000004 0.012103
0 2 0.853578 0.116146 0.020996 0.000004 0.009276
0 2 0.840842 0.129485 0.022919 0.000003 0.006751
0 2 0.859551 0.109594 0.023877 0.000017 0.006961
0 2 0.819651 0.142148 0.028176 0.000007 0.010019
0 2 0.803790 0.154317 0.030183 0.000006 0.011704
0 2 0.744956 0.193907 0.052558 0.000081 0.008497
0 2 0.744698 0.190542 0.054392 0.000125 0.010243
0 3 0.743232 0.193697 0.054676 0.000114 0.008281
0 3 0.809813 0.142962 0.039385 0.000107 0.007733
0 3 0.634280 0.139111 0.214334 0.007721 0.004555
0 3 0.609993 0.138443 0.236091 0.009743 0.005730
0 3 0.362435 0.295347 0.318716 0.005970 0.017532
2 3 0.196543 0.296492 0.493709 0.002708 0.010548
0 3 0.364889 0.262852 0.332855 0.020547 0.018856
2 0 0.114800 0.433872 0.434106 0.001439 0.015784
2 0 0.058173 0.413273 0.477092 0.013819 0.037643
2 1 0.050799 0.431215 0.442076 0.025202 0.050708
2 1 0.011196 0.123057 0.828952 0.030461 0.006335
2 1 0.013297 0.135892 0.815293 0.029403 0.006115
2 2 0.009731 0.194759 0.782156 0.003291 0.010063
2 2 0.016395 0.242798 0.726728 0.005653 0.008426
2 2 0.020672 0.166101 0.760623 0.041595 0.011008
2 2 0.006683 0.099785 0.868604 0.020877 0.004051
2 2 0.020734 0.151053 0.777370 0.043022 0.007822
2 2 0.013254 0.102034 0.842794 0.038245 0.003673
2 3 0.058672 0.204056 0.677405 0.050865 0.009003
2 3 0.083694 0.261231 0.620602 0.026604 0.007869
2 3 0.080597 0.301656 0.570892 0.031248 0.015606
2 3 0.079734 0.118985 0.738585 0.053402 0.009294
2 3 0.113776 0.150110 0.642864 0.086860 0.006390
2 3 0.103325 0.182098 0.659484 0.047831 0.007262
0 3 0.406829 0.170788 0.362500 0.050370 0.009513
0 3 0.651581 0.181044 0.145684 0.003700 0.017991
0 2 0.867191 0.104851 0.023736 0.000024 0.004199
0 2 0.863392 0.105546 0.026051 0.000049 0.004963
0 1 0.842477 0.093485 0.059652 0.000028 0.004358
0 1 0.794510 0.113762 0.085827 0.000701 0.005200
0 1 0.811328 0.157749 0.019024 0.000000 0.011899
0 1 0.777074 0.187150 0.021830 0.000000 0.013946
0 1 0.936226 0.051653 0.008356 0.000002 0.003763
0 1 0.879268 0.099543 0.016620 0.000002 0.004567
0 1 0.879414 0.101135 0.012639 0.000000 0.006811
0 1 0.871258 0.108525 0.014098 0.000000 0.006119
0 1 0.909038 0.075866 0.010291 0.000000 0.004805
0 1 0.919621 0.066418 0.009806 0.000001 0.004154
0 1 0.863705 0.112564 0.015557 0.000000 0.008173
0 1 0.883739 0.096507 0.013396 0.000000 0.006358
0 1 0.886617 0.095303 0.011522 0.000000 0.006559
0 1 0.931583 0.056476 0.008444 0.000001 0.003497
0 1 0.879347 0.099635 0.015265 0.000001 0.005752
0 1 0.877032 0.101801 0.015159 0.000001 0.006007
0 1 0.920850 0.066227 0.008089 0.000000 0.004835
0 1 0.917888 0.067770 0.009225 0.000000 0.005117
0 1 0.875225 0.102668 0.014923 0.000001 0.007183
0 1 0.926916 0.058833 0.009539 0.000002 0.004710
0 1 0.936809 0.052542 0.007357 0.000001 0.003292
0 1 0.945689 0.044340 0.006914 0.000001 0.003055
0 1 0.892004 0.090205 0.013002 0.000001 0.004788
0 1 0.905899 0.077984 0.010729 0.000000 0.005388
0 1 0.889642 0.091234 0.013181 0.000001 0.005942
0 1 0.886537 0.094035 0.013761 0.000001 0.005666
0 1 0.495231 0.132610 0.360782 0.006399 0.004978
0 1 0.564786 0.196712 0.225548 0.005066 0.007888
2 1 0.005668 0.192357 0.438393 0.004628 0.358953
2 1 0.005066 0.238342 0.424935 0.025948 0.305709
2 1 0.001240 0.174163 0.724445 0.010176 0.089976
2 1 0.001953 0.237652 0.618999 0.015510 0.125886
4 1 0.003375 0.234913 0.360501 0.009275 0.391936
2 1 0.003634 0.225566 0.458024 0.004319 0.308457
2 1 0.006509 0.250444 0.463385 0.011054 0.268608
2 1 0.003212 0.232278 0.544495 0.009573 0.210442
2 1 0.023274 0.403770 0.435988 0.003568 0.133400
2 1 0.007446 0.253070 0.453885 0.016938 0.268661
2 1 0.001176 0.118855 0.769928 0.045828 0.064213
2 2 0.000731 0.092917 0.827364 0.035833 0.043156
2 2 0.000117 0.069982 0.884048 0.011751 0.034102
2 2 0.000122 0.059332 0.905782 0.011845 0.022920
2 2 0.000177 0.085473 0.869715 0.002749 0.041886
2 2 0.000199 0.095779 0.854553 0.002965 0.046504
2 2 0.000301 0.114348 0.824738 0.010797 0.049816
2 2 0.000210 0.042834 0.903508 0.030228 0.023220
2 2 0.000163 0.035296 0.929577 0.023502 0.011462
2 2 0.000341 0.051294 0.905100 0.026046 0.017219
2 2 0.000037 0.002738 0.858999 0.137559 0.000667
2 2 0.000251 0.016827 0.867238 0.109687 0.005997
2 2 0.000491 0.024788 0.764939 0.196262 0.013520
2 2 0.000595 0.031221 0.802542 0.150749 0.014893
2 2 0.000711 0.018920 0.667972 0.302901 0.009496
2 3 0.000249 0.007057 0.632620 0.357009 0.003065
3 3 0.000092 0.001591 0.363883 0.633702 0.000732
3 3 0.000063 0.001435 0.324044 0.673656 0.000802
3 3 0.000058 0.001152 0.276691 0.721431 0.000668
3 3 0.000037 0.000796 0.306571 0.692207 0.000389
3 3 0.000058 0.001035 0.182201 0.815893 0.000813
3 3 0.000038 0.000784 0.206258 0.792381 0.000539
3 3 0.000032 0.000600 0.162630 0.836286 0.000453
3 3 0.000026 0.000404 0.073902 0.925188 0.000481
3 3 0.000096 0.001640 0.135584 0.860826 0.001853
3 3 0.000043 0.000855 0.112321 0.885784 0.000998
3 3 0.000060 0.000770 0.067544 0.930529 0.001097
3 3 0.000081 0.001206 0.125467 0.871982 0.001264
3 3 0.000052 0.000741 0.102695 0.895733 0.000779
3 3 0.000072 0.000905 0.058986 0.938560 0.001477
3 3 0.000075 0.000930 0.089942 0.907956 0.001098
3 3 0.000064 0.000803 0.045536 0.952025 0.001571
3 3 0.000154 0.001977 0.097823 0.897284 0.002762
3 3 0.000068 0.000853 0.125004 0.873319 0.000757
3 3 0.000027 0.000417 0.049158 0.949713 0.000684
3 3 0.000023 0.000342 0.037517 0.961466 0.000653
3 3 0.000078 0.001186 0.090478 0.906635 0.001622
3 3 0.000247 0.003096 0.084599 0.906585 0.005473
3 3 0.000034 0.000475 0.024138 0.973994 0.001358
3 3 0.000078 0.001090 0.072815 0.924343 0.001674
3 3 0.000052 0.000676 0.054502 0.943661 0.001110
3 3 0.000052 0.000785 0.087100 0.911079 0.000985
3 3 0.000029 0.000426 0.085970 0.913131 0.000445
3 3 0.000026 0.000387 0.048606 0.950359 0.000622
3 3 0.000027 0.000452 0.078670 0.920307 0.000544
3 3 0.000050 0.000675 0.040462 0.957395 0.001418
3 3 0.000034 0.000475 0.041929 0.956670 0.000892
3 3 0.000042 0.000566 0.042403 0.955898 0.001091
3 3 0.000156 0.001873 0.059597 0.934652 0.003721
3 3 0.000063 0.000785 0.054136 0.943719 0.001296
3 3 0.000106 0.001067 0.055319 0.942007 0.001501
3 3 0.000061 0.000820 0.052016 0.945629 0.001473
3 3 0.000034 0.000481 0.039053 0.959478 0.000954
3 3 0.000079 0.000841 0.049953 0.947892 0.001236
3 3 0.000038 0.000530 0.068904 0.929839 0.000690
3 3 0.000067 0.000982 0.091828 0.905886 0.001238
3 3 0.000085 0.001009 0.037140 0.959348 0.002418
3 3 0.000360 0.003857 0.053756 0.932242 0.009785
3 3 0.000073 0.001083 0.047515 0.948938 0.002391
3 3 0.000088 0.001022 0.026003 0.969665 0.003223
3 3 0.000307 0.001981 0.049766 0.945725 0.002221
3 3 0.000128 0.000776 0.026813 0.971482 0.000801
3 3 0.000040 0.000544 0.041400 0.956957 0.001059
3 3 0.000065 0.000806 0.031419 0.965630 0.002079
3 3 0.000055 0.000704 0.037540 0.960145 0.001556
3 3 0.000518 0.004984 0.071457 0.912637 0.010404
3 3 0.044606 0.036271 0.208099 0.707815 0.003209
3 3 0.029101 0.046710 0.136042 0.772741 0.015406
3 3 0.081219 0.129728 0.318442 0.407373 0.063238
3 3 0.071866 0.120564 0.341747 0.421207 0.044615
2 3 0.035121 0.167131 0.672275 0.084494 0.040977
2 3 0.032511 0.217418 0.587792 0.081719 0.080559
4 3 0.012264 0.283352 0.283701 0.004221 0.416463
2 3 0.008796 0.249578 0.407370 0.009024 0.325232
4 2 0.004168 0.255596 0.256587 0.005475 0.478174
4 2 0.004134 0.215687 0.205746 0.001722 0.572711
2 2 0.001376 0.084232 0.682965 0.045280 0.186147
2 2 0.002878 0.156863 0.623085 0.021980 0.195195
2 2 0.041321 0.210785 0.610733 0.033056 0.104107
2 2 0.049741 0.191101 0.606237 0.045779 0.107141
2 2 0.009215 0.236156 0.513981 0.008222 0.232426
2 2 0.003698 0.180853 0.511445 0.005987 0.298017
4 2 0.012192 0.237783 0.202338 0.005243 0.542444
4 2 0.014315 0.163161 0.159844 0.002442 0.660237
4 2 0.025587 0.129283 0.087306 0.001815 0.756009
4 2 0.035006 0.108339 0.062193 0.000709 0.793754
4 2 0.001547 0.076006 0.111237 0.002079 0.809131
4 2 0.002474 0.073988 0.236189 0.002033 0.685316
4 2 0.004078 0.061735 0.057505 0.002330 0.874352
4 2 0.006702 0.036610 0.028770 0.001055 0.926862
2 2 0.001364 0.152109 0.473032 0.009376 0.364120
4 2 0.001691 0.146726 0.371673 0.006661 0.473249
4 2 0.298851 0.179789 0.093137 0.003877 0.424346
0 2 0.701392 0.121930 0.048538 0.001565 0.126575
2 2 0.045040 0.311898 0.490612 0.067880 0.084570
2 2 0.158859 0.223567 0.408430 0.061870 0.147275
4 2 0.014734 0.162336 0.309062 0.010766 0.503100
4 1 0.009993 0.186788 0.193757 0.019488 0.589974
4 1 0.085077 0.211215 0.312293 0.012495 0.378919
4 1 0.019418 0.265551 0.197280 0.003186 0.514565
4 1 0.001530 0.183847 0.385862 0.007026 0.421735
4 1 0.001387 0.213411 0.239133 0.001573 0.544496
4 1 0.002198 0.063275 0.056992 0.000831 0.876705
4 1 0.004370 0.080806 0.110531 0.003104 0.801190
4 1 0.010025 0.126885 0.145232 0.005475 0.712383
4 1 0.016676 0.152378 0.107848 0.001593 0.721505
4 1 0.011732 0.082802 0.046890 0.000160 0.858416
4 1 0.004109 0.078896 0.053057 0.000174 0.863764
4 1 0.001262 0.105828 0.109579 0.001356 0.781974
4 1 0.001837 0.135209 0.138948 0.001232 0.722774
4 1 0.002176 0.190817 0.290444 0.004616 0.511948
4 2 0.003386 0.204368 0.282215 0.002082 0.507950
4 2 0.002568 0.113784 0.149958 0.002696 0.730994
4 2 0.002153 0.140420 0.155098 0.003947 0.698382
4 2 0.001039 0.109618 0.316358 0.005708 0.567277
4 2 0.001514 0.160683 0.263075 0.003433 0.571295
4 2 0.007931 0.319602 0.297748 0.005308 0.369411
2 2 0.004825 0.213691 0.435664 0.012891 0.332929
4 2 0.003950 0.123618 0.340078 0.012620 0.519733
4 2 0.004369 0.136992 0.329182 0.007078 0.522379
2 2 0.011189 0.194772 0.482203 0.016625 0.295209
2 2 0.022002 0.291817 0.433022 0.008646 0.244514
4 2 0.013073 0.125700 0.191810 0.003799 0.665618
4 2 0.009964 0.169792 0.129731 0.001589 0.688924
4 2 0.001083 0.203249 0.178551 0.000329 0.616787
4 2 0.000924 0.138292 0.168531 0.000528 0.691724
1 2 0.216314 0.256935 0.256588 0.019307 0.250857
2 1 0.099447 0.285802 0.390271 0.016586 0.207894
4 1 0.011141 0.266872 0.207068 0.002281 0.512636
4 1 0.005322 0.252975 0.225218 0.002763 0.513722
1 1 0.100993 0.351162 0.226938 0.005527 0.315380
1 1 0.166577 0.395903 0.275983 0.002809 0.158729
1 1 0.124243 0.395398 0.227684 0.003550 0.249126
0 0 0.342290 0.205767 0.321485 0.025762 0.104695
1 0 0.307883 0.380072 0.228079 0.006942 0.077024
0 0 0.416123 0.132354 0.408248 0.023634 0.019640
4 0 0.315494 0.189014 0.116012 0.004845 0.374634
4 0 0.160242 0.188714 0.095618 0.001595 0.553831
4 1 0.002394 0.241938 0.344051 0.003196 0.408420
2 1 0.001659 0.219113 0.388055 0.003902 0.387271
4 1 0.005615 0.291623 0.240740 0.001668 0.460354
4 1 0.005474 0.295009 0.298307 0.001517 0.399692
1 1 0.048481 0.358216 0.267022 0.010058 0.316223
1 1 0.126017 0.308672 0.286958 0.006589 0.271764
0 1 0.588031 0.172869 0.062616 0.000572 0.175912
0 0 0.753947 0.083424 0.030397 0.000754 0.131478
0 0 0.768518 0.052420 0.016022 0.000171 0.162869
0 0 0.928592 0.018642 0.003746 0.000008 0.049013
4 0 0.373935 0.054538 0.018721 0.000177 0.552629
4 0 0.099530 0.087321 0.032730 0.000072 0.780346
2 0 0.001808 0.163358 0.682240 0.019143 0.133450
2 1 0.001207 0.159354 0.710651 0.021730 0.107059
2 1 0.000684 0.234221 0.611321 0.004038 0.149737
2 1 0.001495 0.224530 0.612169 0.008291 0.153514
1 1 0.109172 0.438290 0.340352 0.037639 0.074546
0 0 0.367834 0.193981 0.329173 0.031717 0.077295
0 0 0.893563 0.046833 0.012279 0.000076 0.047248
0 0 0.893136 0.031495 0.006519 0.000011 0.068839
0 0 0.621375 0.066822 0.020879 0.000164 0.290760
4 0 0.343559 0.129046 0.044767 0.000176 0.482453
2 0 0.001579 0.211940 0.474696 0.003274 0.308510
2 1 0.000997 0.201851 0.540386 0.009963 0.246804
4 1 0.037378 0.325751 0.264073 0.013715 0.359083
2 1 0.089489 0.228965 0.536014 0.013629 0.131903
1 1 0.030655 0.364881 0.259150 0.003745 0.341568
1 1 0.107776 0.443091 0.249878 0.001645 0.197609
4 0 0.020379 0.276503 0.253081 0.003299 0.446738
1 1 0.036742 0.382970 0.265875 0.003985 0.310428
4 1 0.060306 0.276443 0.231387 0.006213 0.425651
1 1 0.076968 0.365596 0.222256 0.003221 0.331958
1 1 0.157655 0.421571 0.270380 0.011128 0.139266
0 1 0.321710 0.315701 0.249108 0.007188 0.106293
2 1 0.013036 0.342457 0.436902 0.005136 0.202468
2 1 0.006534 0.243947 0.389043 0.016014 0.344462
2 1 0.008534 0.232744 0.405616 0.015077 0.338030
2 1 0.005746 0.290399 0.354042 0.012059 0.337754
4 1 0.005903 0.283910 0.324476 0.003051 0.382660
4 1 0.006460 0.284460 0.297942 0.006687 0.404451
2 1 0.005921 0.301286 0.381202 0.011725 0.299867
2 1 0.004140 0.205151 0.548644 0.013494 0.228571
4 1 0.007610 0.232990 0.362499 0.011613 0.385289
4 1 0.007106 0.204032 0.335999 0.003634 0.449229
2 1 0.001447 0.185280 0.606846 0.011258 0.195169
2 1 0.003078 0.238801 0.511349 0.021207 0.225566
2 1 0.002238 0.258186 0.446371 0.007829 0.285376
2 2 0.002827 0.250247 0.479579 0.011119 0.256228
2 2 0.005439 0.198817 0.538253 0.006941 0.250550
2 2 0.003838 0.219492 0.524670 0.022784 0.229216
2 2 0.000856 0.159284 0.715335 0.021945 0.102580
2 2 0.001280 0.143647 0.713402 0.047557 0.094115
2 2 0.013301 0.284145 0.566744 0.052662 0.083148
2 2 0.038964 0.222418 0.644280 0.025492 0.068846
1 2 0.031877 0.440232 0.418510 0.007827 0.101555
2 2 0.036788 0.291492 0.580409 0.009857 0.081453
2 2 0.023592 0.150097 0.753112 0.035631 0.037567
2 2 0.012741 0.199327 0.650439 0.074723 0.062770
2 2 0.000750 0.161628 0.753882 0.012476 0.071264
2 2 0.000617 0.099994 0.810616 0.034781 0.053992
2 2 0.000601 0.307053 0.566562 0.002088 0.123695
2 2 0.000518 0.241827 0.668387 0.001532 0.087735
2 2 0.000392 0.126124 0.782537 0.014551 0.076395
2 2 0.000170 0.112825 0.830597 0.001265 0.055143
2 2 0.000191 0.047217 0.904985 0.028073 0.019534
2 2 0.000166 0.044025 0.928674 0.006716 0.020418
2 2 0.000248 0.055923 0.902556 0.009186 0.032087
2 2 0.000177 0.064723 0.902320 0.000862 0.031919
2 2 0.004068 0.145333 0.763757 0.034227 0.052615
2 2 0.001971 0.106887 0.839698 0.019015 0.032429
2 2 0.004445 0.235793 0.588333 0.006406 0.165022
2 2 0.009194 0.245288 0.587907 0.006874 0.150738
2 2 0.001964 0.190887 0.679048 0.027233 0.100868
2 2 0.001639 0.099683 0.807985 0.013799 0.076894
2 2 0.001540 0.182408 0.736701 0.003490 0.075860
2 2 0.001376 0.140539 0.800651 0.010595 0.046840
2 2 0.000337 0.049902 0.919205 0.017149 0.013407
2 2 0.000243 0.055300 0.917202 0.011919 0.015335
2 2 0.000148 0.083386 0.897289 0.001458 0.017718
2 2 0.000070 0.037897 0.946281 0.003231 0.012520
2 2 0.000094 0.043677 0.933066 0.009713 0.013449
2 3 0.000165 0.032097 0.938979 0.014477 0.014282
2 3 0.000040 0.014748 0.965880 0.014664 0.004668
2 3 0.000539 0.101312 0.852896 0.012125 0.033127
2 3 0.000247 0.099200 0.862049 0.006407 0.032097
2 3 0.000214 0.110231 0.848371 0.004915 0.036269
2 3 0.001518 0.103824 0.795988 0.051014 0.047655
2 3 0.001323 0.129906 0.793253 0.024065 0.051453
2 3 0.000726 0.029550 0.858009 0.101805 0.009910
2 3 0.002906 0.042633 0.794868 0.150920 0.008673
2 3 0.012791 0.171250 0.727753 0.025791 0.062415
2 3 0.009272 0.219552 0.624478 0.024529 0.122169
2 3 0.005640 0.269928 0.505892 0.004340 0.214201
2 3 0.003820 0.206405 0.622345 0.006139 0.161291
2 3 0.001973 0.096826 0.767702 0.031151 0.102348
2 3 0.001762 0.112565 0.741505 0.035814 0.108354
2 3 0.000164 0.066124 0.859606 0.026557 0.047549
2 3 0.000183 0.081090 0.859810 0.017577 0.041340
2 3 0.000031 0.022821 0.949578 0.006544 0.021026
2 3 0.000444 0.127845 0.755926 0.027606 0.088179
2 3 0.000228 0.028197 0.868395 0.085365 0.017815
2 3 0.000398 0.056660 0.836506 0.073368 0.033067
2 3 0.000627 0.028657 0.819047 0.139684 0.011985
2 3 0.001497 0.051480 0.763618 0.157904 0.025501
2 3 0.000317 0.076631 0.874889 0.018014 0.030149
2 3 0.000126 0.034543 0.908494 0.040709 0.016128
2 3 0.000534 0.039956 0.913774 0.018558 0.027178
2 3 0.000270 0.050583 0.886512 0.035572 0.027063
2 3 0.000252 0.032464 0.894573 0.046264 0.026447
2 3 0.000497 0.052650 0.849662 0.065053 0.032138
2 3 0.000411 0.034871 0.843756 0.102206 0.018756
2 3 0.000119 0.009045 0.801743 0.185253 0.003840
2 3 0.000289 0.031933 0.847796 0.103402 0.016581
2 3 0.000265 0.035348 0.895550 0.054396 0.014441
2 3 0.000486 0.069888 0.826941 0.062060 0.040625
2 3 0.000220 0.041223 0.864729 0.070442 0.023386
2 3 0.000541 0.041100 0.754731 0.175895 0.027733
2 3 0.002088 0.067422 0.740644 0.138174 0.051672
2 3 0.000225 0.019855 0.893587 0.079373 0.006959
2 3 0.000974 0.046881 0.843181 0.090516 0.018448
2 3 0.000987 0.022612 0.799432 0.170870 0.006098
2 3 0.001330 0.026725 0.769360 0.193552 0.009033
2 3 0.000503 0.014869 0.819662 0.161805 0.003161
2 3 0.000524 0.019040 0.829328 0.144614 0.006493
2 3 0.000356 0.023115 0.885901 0.082929 0.007699
2 3 0.000287 0.027128 0.907099 0.056464 0.009023
2 3 0.001474 0.038015 0.801697 0.144605 0.014209
2 3 0.000316 0.013073 0.803888 0.177975 0.004748
2 3 0.000155 0.009699 0.863578 0.123528 0.003040
2 3 0.000185 0.011966 0.809323 0.173552 0.004974
2 3 0.000504 0.010334 0.524206 0.459229 0.005728
3 3 0.000064 0.001624 0.322941 0.674381 0.000990
