0 0 0.994163 0.003959 0.000717 0.000018 0.001142
0 0 0.998521 0.001177 0.000132 0.000001 0.000169
0 0 0.983052 0.009484 0.001989 0.000052 0.005422
0 0 0.979966 0.011344 0.002897 0.000187 0.005606
0 0 0.987901 0.007449 0.001667 0.000077 0.002905
0 0 0.973413 0.016673 0.003895 0.000191 0.005826
0 0 0.995367 0.003229 0.000546 0.000012 0.000846
0 0 0.996075 0.002787 0.000449 0.000008 0.000681
0 0 0.993407 0.003818 0.000552 0.000003 0.002219
0 0 0.963554 0.022393 0.005536 0.000315 0.008203
0 0 0.977454 0.014385 0.003230 0.000142 0.004788
0 0 0.969989 0.012442 0.002561 0.000036 0.014972
0 0 0.965956 0.017683 0.005311 0.000562 0.010488
0 0 0.966375 0.012906 0.002588 0.000029 0.018102
0 0 0.965685 0.013930 0.003001 0.000049 0.017335
0 0 0.986448 0.006096 0.000920 0.000004 0.006532
0 0 0.940708 0.019836 0.004618 0.000079 0.034758
0 0 0.973174 0.010875 0.002062 0.000020 0.013869
0 0 0.960859 0.018402 0.005105 0.000306 0.015327
0 0 0.954575 0.018050 0.004395 0.000115 0.022866
0 0 0.981151 0.009569 0.001904 0.000033 0.007343
0 0 0.950954 0.010268 0.001403 0.000002 0.037373
0 0 0.906109 0.009096 0.000912 0.000000 0.083884
0 0 0.993674 0.003247 0.000392 0.000001 0.002687
0 0 0.997082 0.001982 0.000244 0.000001 0.000691
0 0 0.997742 0.001696 0.000232 0.000003 0.000327
0 0 0.996941 0.002133 0.000285 0.000002 0.000638
0 0 0.996599 0.002048 0.000224 0.000000 0.001128
0 0 0.978585 0.007459 0.001079 0.000003 0.012874
0 0 0.978427 0.007583 0.001111 0.000003 0.012875
0 0 0.969217 0.016287 0.004755 0.000465 0.009277
0 0 0.982612 0.007803 0.001331 0.000010 0.008243
0 0 0.992675 0.004830 0.000935 0.000029 0.001532
0 0 0.967922 0.018986 0.004880 0.000318 0.007894
0 0 0.996613 0.002522 0.000364 0.000005 0.000496
0 0 0.994677 0.003625 0.000628 0.000013 0.001057
0 0 0.986069 0.009112 0.001889 0.000068 0.002862
0 0 0.938450 0.050815 0.006756 0.000053 0.003925
0 0 0.975364 0.017180 0.003346 0.000094 0.004016
0 0 0.982485 0.012560 0.002251 0.000050 0.002653
0 0 0.923505 0.063410 0.008418 0.000064 0.004603
0 0 0.974519 0.018529 0.003325 0.000072 0.003556
0 0 0.932210 0.048331 0.009781 0.000280 0.009398
0 0 0.949963 0.032546 0.007593 0.000349 0.009549
0 0 0.961193 0.029162 0.005075 0.000093 0.004477
0 0 0.985895 0.008770 0.001804 0.000055 0.003476
0 0 0.976842 0.013092 0.003257 0.000178 0.006631
0 0 0.895466 0.064144 0.015230 0.000538 0.024622
0 0 0.977819 0.012425 0.003306 0.000249 0.006201
0 0 0.962110 0.023971 0.005700 0.000286 0.007933
0 0 0.936974 0.026406 0.008200 0.000638 0.027783
0 0 0.940202 0.027768 0.009773 0.001614 0.020643
0 0 0.950148 0.028849 0.007932 0.000611 0.012460
0 0 0.952421 0.022033 0.006688 0.000571 0.018287
0 0 0.857989 0.089579 0.023991 0.001528 0.026914
0 0 0.923392 0.031539 0.009459 0.000583 0.035026
0 0 0.948526 0.025153 0.008332 0.001153 0.016836
0 0 0.950012 0.034888 0.007190 0.000224 0.007685
0 0 0.975762 0.014376 0.003595 0.000221 0.006046
0 0 0.976974 0.012817 0.003447 0.000267 0.006495
0 0 0.984417 0.009238 0.002223 0.000126 0.003996
0 0 0.949429 0.024805 0.008174 0.001115 0.016477
0 0 0.984852 0.009307 0.002131 0.000104 0.003606
0 0 0.988519 0.007122 0.001570 0.000070 0.002719
0 0 0.974169 0.015243 0.004421 0.000307 0.005859
0 0 0.959038 0.023438 0.006422 0.000499 0.010602
0 0 0.936045 0.026031 0.007854 0.000515 0.029554
0 0 0.967192 0.018671 0.005049 0.000385 0.008703
0 0 0.730706 0.166033 0.048870 0.003882 0.050509
0 1 0.604573 0.272348 0.069120 0.003273 0.050685
1 1 0.144866 0.596613 0.163480 0.000128 0.094913
1 1 0.135724 0.611626 0.170407 0.003266 0.078977
2 2 0.003672 0.239280 0.742103 0.003389 0.011556
2 2 0.000064 0.055671 0.931825 0.000021 0.012419
2 2 0.000117 0.027651 0.971027 0.000149 0.001056
2 1 0.000559 0.155574 0.828071 0.000344 0.015451
2 2 0.000002 0.014370 0.984283 0.000070 0.001275
2 2 0.000002 0.001209 0.997521 0.001257 0.000012
2 2 0.000032 0.010364 0.983637 0.005783 0.000184
2 2 0.000002 0.007450 0.991745 0.000188 0.000614
2 2 0.007152 0.157711 0.809733 0.018538 0.006867
2 2 0.001882 0.137294 0.846549 0.000217 0.014059
1 0 0.274523 0.372745 0.248374 0.026395 0.077964
1 1 0.074427 0.592002 0.299225 0.000456 0.033890
2 2 0.000004 0.011818 0.987854 0.000130 0.000193
2 2 0.000000 0.001444 0.998357 0.000190 0.000009
2 2 0.000021 0.012657 0.985958 0.001137 0.000227
2 2 0.000007 0.012404 0.987222 0.000043 0.000324
2 2 0.000001 0.005950 0.993590 0.000349 0.000110
2 2 0.000007 0.002381 0.919692 0.077906 0.000014
2 2 0.000031 0.037087 0.959075 0.002896 0.000911
2 2 0.000046 0.016990 0.969092 0.013598 0.000273
0 2 0.450811 0.306071 0.171680 0.021242 0.050197
2 2 0.079943 0.355897 0.546934 0.003213 0.014012
2 2 0.282520 0.295735 0.348495 0.032558 0.040692
2 2 0.046094 0.243215 0.665558 0.000399 0.044734
1 2 0.266389 0.331721 0.260536 0.003440 0.137913
2 2 0.273285 0.252945 0.362436 0.011253 0.100081
0 0 0.846521 0.102147 0.027223 0.001367 0.022742
0 0 0.629500 0.279743 0.056982 0.001373 0.032401
1 1 0.019473 0.491561 0.339552 0.000580 0.148834
2 2 0.005948 0.209783 0.770484 0.000622 0.013163
2 2 0.000006 0.007002 0.992171 0.000404 0.000416
2 2 0.000069 0.028821 0.965878 0.001726 0.003506
2 2 0.000001 0.002118 0.994568 0.003260 0.000053
2 2 0.000001 0.003254 0.994237 0.002358 0.000150
2 2 0.000000 0.001004 0.962280 0.036702 0.000013
2 2 0.000001 0.002583 0.993224 0.004099 0.000093
2 2 0.000000 0.000415 0.879536 0.120040 0.000009
2 2 0.000001 0.002320 0.940757 0.056865 0.000057
2 3 0.000000 0.000210 0.755620 0.244168 0.000002
2 2 0.000000 0.000208 0.882928 0.116861 0.000002
2 2 0.000046 0.018836 0.684124 0.294513 0.002481
2 2 0.000003 0.001990 0.688007 0.309901 0.000099
2 2 0.000003 0.003475 0.608110 0.388193 0.000219
2 2 0.000001 0.001937 0.672260 0.325717 0.000085
3 2 0.000001 0.000807 0.475251 0.523907 0.000035
3 2 0.000002 0.001874 0.396270 0.601795 0.000060
2 2 0.000001 0.001776 0.533380 0.464754 0.000089
3 2 0.000011 0.007644 0.473603 0.518347 0.000396
2 3 0.000127 0.036630 0.659932 0.299418 0.003893
3 2 0.000031 0.009241 0.348146 0.641622 0.000959
2 2 0.000004 0.003557 0.558729 0.437483 0.000227
2 2 0.000002 0.002188 0.542302 0.455376 0.000132
2 2 0.000006 0.002226 0.638525 0.359111 0.000133
2 2 0.000076 0.029723 0.584653 0.382970 0.002577
3 2 0.000030 0.008792 0.281232 0.709147 0.000798
3 2 0.000005 0.000926 0.207671 0.791352 0.000046
2 2 0.000000 0.000976 0.548556 0.450428 0.000039
2 2 0.000000 0.000764 0.517398 0.481810 0.000028
3 2 0.000207 0.020786 0.262028 0.714082 0.002896
2 2 0.000001 0.001093 0.532505 0.466363 0.000038
2 2 0.000001 0.001184 0.500701 0.498071 0.000044
3 2 0.000051 0.011931 0.316413 0.670670 0.000935
3 2 0.000036 0.006360 0.299389 0.693679 0.000536
2 2 0.000004 0.002812 0.548193 0.448823 0.000169
3 2 0.000001 0.000859 0.475004 0.524110 0.000026
3 2 0.000000 0.000223 0.491870 0.507900 0.000006
3 2 0.000017 0.004257 0.270526 0.724865 0.000335
3 2 0.000014 0.006680 0.439786 0.553192 0.000328
3 2 0.000159 0.014255 0.215979 0.768012 0.001595
3 2 0.000003 0.002125 0.457865 0.539850 0.000157
3 3 0.000002 0.000867 0.177537 0.821530 0.000064
3 2 0.000006 0.002760 0.307258 0.689811 0.000165
3 2 0.000110 0.017343 0.321046 0.659731 0.001771
3 2 0.000051 0.013736 0.282408 0.702872 0.000932
2 2 0.000001 0.001629 0.610073 0.388246 0.000052
3 2 0.000005 0.002286 0.398509 0.599003 0.000197
3 3 0.000018 0.006932 0.346106 0.646527 0.000418
3 2 0.000002 0.000959 0.205197 0.793771 0.000070
2 2 0.000003 0.003343 0.631697 0.364741 0.000216
3 3 0.000003 0.001332 0.218973 0.779629 0.000063
2 3 0.000069 0.037882 0.703958 0.255443 0.002648
3 2 0.000018 0.004090 0.241507 0.753986 0.000399
2 2 0.000050 0.022397 0.525934 0.449796 0.001822
3 2 0.000011 0.004115 0.352036 0.643435 0.000402
3 3 0.000021 0.009036 0.471825 0.518238 0.000879
3 3 0.000011 0.001734 0.086720 0.911362 0.000173
3 2 0.000011 0.003190 0.271625 0.724867 0.000307
2 2 0.000001 0.001494 0.598711 0.399676 0.000118
3 2 0.000028 0.003698 0.126213 0.869697 0.000363
3 2 0.000007 0.001862 0.215920 0.782078 0.000134
2 2 0.000017 0.006115 0.518036 0.475089 0.000742
3 2 0.000239 0.040594 0.405743 0.548772 0.004654
3 2 0.000019 0.005287 0.282350 0.712002 0.000342
3 2 0.000022 0.004518 0.264501 0.730325 0.000634
3 2 0.000004 0.002600 0.257249 0.739981 0.000166
3 2 0.000044 0.005296 0.161718 0.832355 0.000587
3 2 0.000046 0.012585 0.336258 0.650035 0.001077
3 2 0.000037 0.005811 0.173143 0.820234 0.000774
3 2 0.000001 0.000866 0.253186 0.745907 0.000040
3 2 0.000049 0.005525 0.148119 0.845674 0.000633
3 2 0.000174 0.028531 0.396513 0.571534 0.003248
2 2 0.000002 0.002388 0.604343 0.393150 0.000117
3 2 0.000007 0.002688 0.249524 0.747576 0.000206
3 2 0.000007 0.002477 0.275667 0.721698 0.000151
3 2 0.000021 0.004753 0.194523 0.800382 0.000321
3 2 0.000011 0.002489 0.199200 0.798114 0.000185
3 2 0.000030 0.006862 0.209444 0.783170 0.000494
2 2 0.000005 0.003512 0.648569 0.347594 0.000321
3 2 0.000010 0.005504 0.441502 0.552720 0.000264
2 2 0.000070 0.017247 0.573051 0.407416 0.002216
3 2 0.009318 0.116794 0.351956 0.487135 0.034796
2 0 0.035942 0.356546 0.563114 0.018319 0.026079
1 0 0.356637 0.482307 0.112502 0.002501 0.046052
0 1 0.396667 0.379379 0.119663 0.010344 0.093946
1 1 0.027768 0.561217 0.323850 0.001828 0.085336
1 1 0.017144 0.452999 0.216728 0.000059 0.313070
2 2 0.000197 0.056575 0.931650 0.002145 0.009433
2 2 0.000129 0.037616 0.949702 0.001517 0.011036
2 2 0.000047 0.019507 0.974714 0.000057 0.005676
2 2 0.000136 0.037842 0.957106 0.000664 0.004252
2 2 0.001067 0.122400 0.846458 0.000737 0.029338
2 2 0.000542 0.150765 0.745364 0.000208 0.103121
4 4 0.012669 0.318557 0.135670 0.000005 0.533098
4 4 0.019356 0.358055 0.120407 0.000008 0.502174
4 4 0.019741 0.319692 0.085854 0.000002 0.574711
4 4 0.018825 0.265423 0.058280 0.000001 0.657470
4 4 0.013107 0.325278 0.086132 0.000002 0.575481
4 4 0.016677 0.287781 0.095635 0.000005 0.599901
4 4 0.018737 0.304345 0.075729 0.000005 0.601184
4 4 0.005979 0.209151 0.055990 0.000000 0.728879
4 4 0.020438 0.231943 0.047428 0.000001 0.700191
4 4 0.023981 0.340400 0.080535 0.000002 0.555082
4 4 0.029620 0.297610 0.044627 0.000000 0.628144
4 4 0.053334 0.361886 0.056273 0.000001 0.528506
4 4 0.017727 0.351490 0.067418 0.000006 0.563359
4 4 0.024615 0.263526 0.057850 0.000004 0.654006
4 4 0.017817 0.227578 0.041854 0.000004 0.712747
4 4 0.026113 0.285669 0.062123 0.000002 0.626093
4 4 0.026963 0.357963 0.103278 0.000004 0.511792
4 4 0.019055 0.236805 0.063284 0.000002 0.680854
4 4 0.016245 0.269461 0.081470 0.000003 0.632821
1 4 0.022953 0.433020 0.160693 0.000011 0.383323
4 4 0.012820 0.367232 0.171747 0.000002 0.448198
1 4 0.010465 0.445495 0.229650 0.000011 0.314379
2 4 0.004576 0.392648 0.393225 0.000025 0.209525
2 4 0.002069 0.187031 0.766248 0.000011 0.044642
2 2 0.001569 0.153066 0.822290 0.000086 0.022989
2 2 0.001345 0.116545 0.859295 0.000007 0.022809
2 2 0.000112 0.027929 0.968148 0.000007 0.003804
2 2 0.000255 0.038579 0.956442 0.000011 0.004713
2 2 0.000164 0.034672 0.963045 0.000051 0.002068
2 2 0.000049 0.011988 0.987642 0.000135 0.000185
2 2 0.000569 0.065044 0.929507 0.000017 0.004862
2 2 0.000807 0.055768 0.941106 0.000698 0.001621
2 2 0.000238 0.040710 0.956501 0.000596 0.001954
2 2 0.000080 0.027194 0.971626 0.000114 0.000986
2 2 0.019215 0.245865 0.728831 0.000800 0.005288
1 2 0.354161 0.391568 0.190630 0.012877 0.050764
0 2 0.912289 0.059249 0.013593 0.000561 0.014307
0 2 0.916592 0.056582 0.012828 0.000513 0.013485
0 2 0.519781 0.292991 0.120422 0.011063 0.055743
1 2 0.146231 0.542069 0.218638 0.000589 0.092474
1 2 0.032397 0.516992 0.359992 0.000150 0.090469
1 2 0.164813 0.519686 0.109376 0.000331 0.205794
2 2 0.008536 0.214300 0.754849 0.000199 0.022117
2 2 0.012261 0.256225 0.700254 0.000135 0.031124
2 2 0.008612 0.208327 0.738222 0.000061 0.044779
1 2 0.156677 0.414429 0.365109 0.007443 0.056341
2 2 0.015011 0.109907 0.864035 0.000881 0.010166
0 2 0.494158 0.271274 0.144104 0.022911 0.067552
0 0 0.576383 0.303817 0.064107 0.001327 0.054365
1 1 0.336190 0.531314 0.079553 0.000327 0.052616
2 1 0.034921 0.405924 0.514688 0.001184 0.043284
2 2 0.009235 0.254865 0.716641 0.000094 0.019165
1 2 0.245275 0.437930 0.278393 0.002451 0.035952
1 2 0.105868 0.615089 0.214673 0.000154 0.064216
0 2 0.457153 0.368710 0.128425 0.004505 0.041207
0 2 0.439353 0.401818 0.132992 0.000944 0.024893
1 2 0.415099 0.430696 0.113437 0.002298 0.038470
0 2 0.656190 0.219556 0.070893 0.005072 0.048288
0 0 0.568669 0.303329 0.074479 0.003138 0.050385
0 1 0.477426 0.410569 0.062447 0.000347 0.049210
1 1 0.058106 0.493424 0.181587 0.000066 0.266817
2 1 0.011007 0.239557 0.738580 0.003317 0.007539
2 1 0.000956 0.178956 0.808259 0.000207 0.011622
2 2 0.000262 0.032684 0.966355 0.000012 0.000686
2 2 0.000026 0.009782 0.989970 0.000088 0.000134
2 2 0.000015 0.012899 0.986769 0.000024 0.000293
2 2 0.000009 0.016786 0.982667 0.000023 0.000515
2 2 0.000040 0.023844 0.975411 0.000162 0.000543
2 2 0.002279 0.093247 0.902174 0.000071 0.002228
1 2 0.228021 0.396173 0.287880 0.029907 0.058020
0 2 0.623427 0.305045 0.049695 0.000597 0.021236
0 2 0.866845 0.087912 0.021753 0.001088 0.022401
0 2 0.650538 0.257381 0.063786 0.001771 0.026524
0 2 0.808803 0.116314 0.033761 0.002676 0.038446
0 2 0.794690 0.128551 0.036014 0.002533 0.038212
0 2 0.703919 0.211334 0.048334 0.001723 0.034691
1 2 0.033356 0.439671 0.316588 0.000686 0.209700
2 2 0.003605 0.098260 0.887003 0.000278 0.010855
2 2 0.000797 0.025169 0.971189 0.000899 0.001946
2 2 0.051382 0.255471 0.621293 0.035047 0.036807
2 2 0.000043 0.035527 0.961657 0.000006 0.002767
2 2 0.000159 0.009681 0.989318 0.000360 0.000483
2 2 0.000017 0.014829 0.983451 0.000735 0.000969
2 2 0.000042 0.017739 0.981045 0.000366 0.000808
2 2 0.016165 0.168585 0.805583 0.000292 0.009376
0 2 0.600925 0.224617 0.103301 0.013407 0.057750
0 2 0.840740 0.107519 0.025983 0.001184 0.024574
0 2 0.813160 0.120537 0.031944 0.001908 0.032451
1 2 0.282803 0.532418 0.123587 0.003914 0.057279
1 2 0.256759 0.561460 0.115555 0.002001 0.064225
2 2 0.021040 0.325952 0.610112 0.000526 0.042370
2 2 0.004446 0.189234 0.800967 0.000362 0.004991
2 2 0.000046 0.040355 0.958028 0.000056 0.001516
2 2 0.000090 0.026493 0.972666 0.000159 0.000591
2 2 0.000423 0.026579 0.972242 0.000052 0.000705
2 2 0.000483 0.086285 0.910224 0.000005 0.003002
2 2 0.000005 0.008234 0.991319 0.000206 0.000236
2 2 0.000018 0.013795 0.985743 0.000104 0.000341
2 2 0.000182 0.031446 0.967753 0.000023 0.000596
2 2 0.000096 0.017229 0.981665 0.000611 0.000398
2 2 0.000148 0.029703 0.968360 0.000017 0.001772
2 2 0.000213 0.026330 0.972765 0.000061 0.000630
2 2 0.000031 0.012284 0.986980 0.000380 0.000324
2 2 0.000010 0.017018 0.981181 0.001351 0.000440
2 2 0.000115 0.010439 0.985925 0.003399 0.000121
2 2 0.000065 0.018866 0.979082 0.001311 0.000676
2 2 0.020390 0.141736 0.835088 0.001049 0.001738
0 2 0.677336 0.199197 0.064302 0.005369 0.053797
0 2 0.901465 0.063605 0.015914 0.000851 0.018165
0 2 0.932071 0.046908 0.010117 0.000353 0.010551
0 0 0.891577 0.086955 0.013362 0.000155 0.007951
0 0 0.916397 0.059958 0.012188 0.000346 0.011111
1 0 0.290039 0.546501 0.114128 0.002610 0.046722
1 0 0.283860 0.601456 0.098342 0.000335 0.016008
1 1 0.148240 0.654791 0.146041 0.000219 0.050709
1 1 0.133024 0.623107 0.207943 0.000990 0.034936
2 1 0.007406 0.393489 0.546857 0.000054 0.052194
2 2 0.003483 0.144575 0.849251 0.000095 0.002595
2 2 0.000235 0.105269 0.888878 0.000031 0.005587
2 2 0.000303 0.064804 0.931067 0.000005 0.003821
2 2 0.000023 0.016152 0.983187 0.000217 0.000421
2 2 0.000004 0.008737 0.991115 0.000052 0.000092
0 2 0.395417 0.283306 0.284741 0.012958 0.023578
0 2 0.833897 0.112583 0.027110 0.001216 0.025194
1 0 0.268789 0.523118 0.140774 0.003201 0.064119
1 1 0.131881 0.575668 0.088368 0.000178 0.203905
2 2 0.001545 0.174260 0.790348 0.000238 0.033609
2 2 0.000215 0.046527 0.944128 0.000013 0.009117
2 2 0.000133 0.025196 0.971165 0.000005 0.003501
2 2 0.001311 0.047751 0.947714 0.000320 0.002903
2 2 0.000018 0.015218 0.983182 0.000065 0.001518
2 2 0.000002 0.000427 0.993451 0.006115 0.000004
2 2 0.000169 0.047050 0.946043 0.001097 0.005641
2 2 0.000033 0.016753 0.980887 0.000262 0.002065
2 2 0.000048 0.006381 0.989814 0.003378 0.000378
2 2 0.000045 0.006622 0.991707 0.001108 0.000518
2 2 0.000010 0.009391 0.989065 0.000562 0.000972
2 2 0.000022 0.008294 0.990663 0.000226 0.000794
2 2 0.000033 0.005259 0.969013 0.025397 0.000298
2 2 0.000118 0.023369 0.973153 0.001377 0.001983
1 1 0.118588 0.584445 0.228702 0.006031 0.062234
2 1 0.036953 0.361543 0.573941 0.002051 0.025511
2 2 0.000084 0.014806 0.982551 0.001996 0.000562
2 1 0.000182 0.022277 0.975598 0.001026 0.000917
2 2 0.000651 0.062888 0.934915 0.000030 0.001516
2 2 0.000582 0.054219 0.944184 0.000140 0.000874
2 2 0.002485 0.135471 0.856428 0.000025 0.005590
2 2 0.084555 0.202589 0.664126 0.036309 0.012422
0 2 0.897487 0.070160 0.015923 0.000625 0.015805
0 2 0.661343 0.243393 0.055537 0.001930 0.037797
0 2 0.515606 0.297144 0.105520 0.009827 0.071902
0 2 0.551829 0.318349 0.060511 0.000690 0.068621
0 1 0.554536 0.333933 0.064741 0.001052 0.045738
1 1 0.251211 0.534695 0.082591 0.000255 0.131248
2 1 0.005220 0.370691 0.582438 0.000030 0.041622
2 2 0.004220 0.128828 0.861977 0.000431 0.004544
2 2 0.000087 0.036331 0.962195 0.000174 0.001212
2 2 0.000267 0.023000 0.975915 0.000389 0.000428
2 2 0.018945 0.139791 0.833144 0.001345 0.006775
1 2 0.031353 0.482871 0.451611 0.000067 0.034097
2 1 0.004416 0.302618 0.618272 0.000021 0.074673
2 2 0.003530 0.106205 0.886996 0.000595 0.002673
1 2 0.041771 0.463701 0.333135 0.000029 0.161364
2 2 0.028934 0.408517 0.477861 0.000028 0.084660
2 2 0.003654 0.156205 0.811502 0.000176 0.028463
2 2 0.001822 0.057142 0.936197 0.000584 0.004254
2 2 0.000194 0.029879 0.966913 0.000019 0.002995
2 2 0.000070 0.015641 0.983498 0.000033 0.000759
2 2 0.000430 0.027957 0.969403 0.000279 0.001930
2 2 0.000714 0.117763 0.871378 0.000204 0.009942
0 1 0.756181 0.180555 0.037231 0.000985 0.025049
0 1 0.719964 0.209823 0.042506 0.001046 0.026661
1 1 0.220775 0.615478 0.127491 0.001557 0.034698
1 1 0.140699 0.666792 0.165777 0.000634 0.026097
2 1 0.000829 0.128341 0.868732 0.000206 0.001891
2 2 0.000301 0.035315 0.963837 0.000095 0.000454
2 2 0.001244 0.105617 0.890627 0.000670 0.001842
2 2 0.001243 0.054177 0.943518 0.000016 0.001045
2 2 0.000275 0.078386 0.919766 0.000002 0.001571
2 2 0.000909 0.125303 0.871730 0.000215 0.001842
0 2 0.523634 0.318346 0.117438 0.004438 0.036144
0 0 0.860376 0.102248 0.020673 0.000548 0.016155
0 0 0.474872 0.389188 0.086519 0.002584 0.046838
0 1 0.463792 0.455292 0.058392 0.000257 0.022267
1 1 0.329756 0.566632 0.071066 0.000067 0.032479
1 1 0.305881 0.554404 0.090907 0.000024 0.048785
0 0 0.721228 0.228806 0.034568 0.000342 0.015055
0 0 0.901022 0.034895 0.011361 0.000816 0.051907
0 0 0.948896 0.038949 0.006595 0.000111 0.005448
0 1 0.702966 0.246446 0.018176 0.000005 0.032408
0 1 0.703618 0.205076 0.025327 0.000035 0.065944
0 0 0.928177 0.029616 0.009715 0.000927 0.031565
0 0 0.968330 0.023593 0.004077 0.000077 0.003924
0 0 0.974907 0.014499 0.003759 0.000258 0.006577
0 0 0.975843 0.012110 0.002276 0.000028 0.009742
0 0 0.987560 0.007039 0.001372 0.000028 0.004001
0 0 0.990905 0.006349 0.001135 0.000027 0.001584
0 0 0.989186 0.007862 0.001316 0.000025 0.001611
0 0 0.995377 0.003223 0.000545 0.000011 0.000843
0 0 0.988464 0.007627 0.001529 0.000050 0.002329
0 0 0.995803 0.003028 0.000476 0.000008 0.000685
0 0 0.996803 0.002321 0.000352 0.000005 0.000520
0 0 0.975260 0.016137 0.003530 0.000142 0.004930
0 0 0.947205 0.028719 0.008538 0.000837 0.014702
0 0 0.993201 0.004526 0.000857 0.000025 0.001391
0 0 0.994524 0.003832 0.000653 0.000014 0.000977
0 0 0.993665 0.004328 0.000780 0.000019 0.001208
0 0 0.989547 0.007671 0.001255 0.000022 0.001505
0 0 0.962908 0.026238 0.005139 0.000141 0.005574
0 0 0.976433 0.017497 0.002977 0.000055 0.003038
1 1 0.373497 0.493823 0.091950 0.001444 0.039286
1 1 0.405152 0.467769 0.073170 0.000180 0.053729
0 0 0.792827 0.169941 0.025178 0.000243 0.011810
1 1 0.330675 0.534461 0.049713 0.000006 0.085145
1 1 0.078633 0.619406 0.219661 0.000169 0.082131
1 1 0.075038 0.599012 0.251438 0.000960 0.073552
1 1 0.030935 0.502302 0.418896 0.000098 0.047769
1 2 0.022022 0.493224 0.445261 0.000303 0.039190
2 2 0.000101 0.064951 0.932389 0.000020 0.002539
2 2 0.000104 0.042456 0.956836 0.000031 0.000573
2 2 0.000053 0.033617 0.965444 0.000018 0.000868
2 2 0.000174 0.029232 0.969897 0.000022 0.000676
2 2 0.108193 0.284353 0.600514 0.001575 0.005366
1 2 0.416357 0.438630 0.121615 0.000656 0.022743
2 2 0.014302 0.239436 0.736828 0.000061 0.009374
1 2 0.215153 0.447583 0.294929 0.005904 0.036431
2 2 0.000038 0.007781 0.992063 0.000079 0.000039
2 2 0.000162 0.073489 0.918271 0.000013 0.008065
2 2 0.004829 0.094627 0.895074 0.000956 0.004514
2 2 0.000320 0.053581 0.941448 0.000002 0.004650
1 2 0.241215 0.434166 0.239944 0.017753 0.066922
2 2 0.019995 0.118715 0.852491 0.000007 0.008792
2 2 0.000097 0.030964 0.963345 0.000015 0.005579
2 2 0.000261 0.043872 0.950547 0.000252 0.005068
2 2 0.228638 0.329297 0.397264 0.000699 0.044101
0 0 0.729300 0.167237 0.056570 0.004614 0.042279
0 1 0.691265 0.216532 0.051371 0.002018 0.038814
1 1 0.337700 0.486551 0.053700 0.000041 0.122008
0 1 0.567589 0.361229 0.052421 0.000431 0.018329
0 0 0.918478 0.059586 0.011591 0.000288 0.010057
0 1 0.625703 0.281806 0.055076 0.001032 0.036384
1 1 0.383458 0.454589 0.050356 0.000019 0.111578
1 1 0.090756 0.544087 0.154265 0.000074 0.210818
1 1 0.106454 0.523327 0.153569 0.000159 0.216490
1 1 0.008265 0.446313 0.368301 0.000396 0.176724
2 2 0.000934 0.124125 0.863276 0.000113 0.011553
2 2 0.000416 0.050715 0.945382 0.000055 0.003432
2 2 0.000095 0.038045 0.960056 0.000009 0.001794
2 2 0.001332 0.076167 0.916867 0.000063 0.005571
2 2 0.000902 0.079624 0.915821 0.000007 0.003646
2 2 0.000073 0.024119 0.974466 0.000040 0.001301
2 2 0.000043 0.020691 0.975440 0.000002 0.003824
2 2 0.159240 0.209861 0.604644 0.020767 0.005488
0 2 0.768424 0.147716 0.040672 0.002670 0.040518
0 0 0.687799 0.235416 0.047355 0.001124 0.028307
0 1 0.720649 0.252786 0.020059 0.000020 0.006486
1 1 0.145250 0.573228 0.253196 0.000237 0.028089
1 2 0.104882 0.522059 0.353339 0.000223 0.019498
0 2 0.594214 0.299972 0.065182 0.001895 0.038737
0 0 0.784890 0.126276 0.039035 0.003690 0.046109
0 0 0.948814 0.030056 0.004821 0.000030 0.016279
0 0 0.879442 0.094568 0.015732 0.000231 0.010028
1 1 0.192865 0.624585 0.129563 0.002617 0.050370
1 1 0.310630 0.437602 0.056035 0.000058 0.195675
1 1 0.039510 0.430352 0.110438 0.000014 0.419687
1 1 0.048151 0.444709 0.171405 0.000032 0.335704
1 1 0.063974 0.463796 0.131449 0.000040 0.340741
4 1 0.029591 0.367828 0.077193 0.000001 0.525387
4 4 0.045683 0.243202 0.039352 0.000002 0.671762
4 4 0.026775 0.214687 0.044552 0.000000 0.713986
4 4 0.038571 0.280869 0.040156 0.000002 0.640403
4 4 0.035985 0.171891 0.033783 0.000042 0.758298
4 4 0.089191 0.071361 0.017599 0.000051 0.821798
4 4 0.151064 0.042372 0.016583 0.000354 0.789627
4 4 0.140219 0.111904 0.015262 0.000003 0.732613
4 4 0.157929 0.042060 0.016064 0.000312 0.783635
4 4 0.148224 0.167106 0.056952 0.001261 0.626457
4 4 0.249917 0.056533 0.018511 0.000249 0.674791
4 4 0.140545 0.128935 0.026847 0.000057 0.703617
4 4 0.057742 0.205669 0.026435 0.000000 0.710154
4 4 0.118258 0.079025 0.018983 0.000056 0.783678
4 4 0.109162 0.058872 0.018981 0.000177 0.812808
4 4 0.027244 0.093327 0.026806 0.000003 0.852620
4 4 0.039059 0.252570 0.038894 0.000005 0.669472
4 4 0.074042 0.252357 0.037959 0.000001 0.635641
4 4 0.109538 0.050067 0.025700 0.001753 0.812941
4 4 0.174158 0.168244 0.017286 0.000002 0.640310
4 4 0.086717 0.028912 0.008589 0.000006 0.875775
4 4 0.131988 0.039559 0.011958 0.000076 0.816419
4 4 0.118286 0.120856 0.018147 0.000008 0.742702
4 4 0.070367 0.085541 0.018388 0.000029 0.825674
4 4 0.078546 0.245606 0.042006 0.000009 0.633833
4 4 0.099604 0.030451 0.010976 0.000124 0.858845
4 4 0.233816 0.135331 0.023128 0.000026 0.607699
4 4 0.174463 0.148541 0.030061 0.000065 0.646870
4 4 0.128202 0.095411 0.037176 0.001053 0.738158
0 4 0.620041 0.104506 0.012996 0.000007 0.262451
4 4 0.273471 0.165962 0.012000 0.000000 0.548567
4 4 0.063614 0.259738 0.037790 0.000000 0.638858
4 4 0.156220 0.155888 0.020610 0.000007 0.667275
0 0 0.665883 0.116382 0.035504 0.001296 0.180935
4 4 0.203322 0.147308 0.009812 0.000000 0.639559
4 4 0.148033 0.131618 0.015263 0.000002 0.705084
4 4 0.137736 0.183736 0.015415 0.000001 0.663113
4 4 0.109466 0.140372 0.013808 0.000001 0.736353
4 4 0.074545 0.151298 0.015898 0.000001 0.758258
4 4 0.137059 0.168381 0.033798 0.000069 0.660694
4 4 0.075366 0.128546 0.055906 0.002528 0.737654
4 4 0.071889 0.122914 0.016327 0.000001 0.788868
4 4 0.063676 0.026992 0.007631 0.000003 0.901698
4 4 0.097593 0.051361 0.016156 0.000123 0.834767
4 4 0.044378 0.180183 0.026084 0.000000 0.749355
4 4 0.025574 0.190832 0.038536 0.000001 0.745057
4 4 0.038519 0.033539 0.014755 0.000072 0.913115
4 4 0.189249 0.033742 0.010055 0.000064 0.766891
4 4 0.221144 0.048867 0.012836 0.000058 0.717096
4 4 0.075648 0.144042 0.020128 0.000006 0.760176
4 4 0.186316 0.046742 0.013021 0.000070 0.753851
4 4 0.304602 0.076841 0.019443 0.000106 0.599008
4 4 0.256960 0.058355 0.018284 0.000208 0.666192
4 4 0.148930 0.052000 0.016832 0.000168 0.782069
4 4 0.137559 0.353084 0.064276 0.000143 0.444937
4 4 0.111370 0.221056 0.018683 0.000001 0.648890
4 4 0.129577 0.104709 0.023513 0.000061 0.742140
4 4 0.137587 0.062481 0.010576 0.000006 0.789350
4 4 0.178150 0.044087 0.016640 0.000327 0.760796
4 4 0.300304 0.046039 0.013973 0.000135 0.639550
4 4 0.247188 0.054502 0.008584 0.000004 0.689722
4 4 0.026415 0.162742 0.022170 0.000000 0.788674
4 4 0.073956 0.208376 0.035044 0.000030 0.682594
4 4 0.369171 0.048691 0.015351 0.000202 0.566585
4 4 0.453217 0.048361 0.014429 0.000172 0.483821
4 4 0.187174 0.036944 0.011878 0.000109 0.763896
4 4 0.071185 0.166201 0.014939 0.000000 0.747675
4 4 0.060511 0.198302 0.024491 0.000001 0.716695
4 4 0.055984 0.106425 0.019497 0.000016 0.818078
4 4 0.044607 0.188833 0.026687 0.000001 0.739872
4 4 0.022817 0.167739 0.030645 0.000000 0.778799
4 4 0.073358 0.085377 0.035692 0.001098 0.804475
4 4 0.067695 0.047799 0.025077 0.001595 0.857834
4 4 0.176059 0.093735 0.017070 0.000019 0.713118
4 4 0.305815 0.152633 0.029819 0.000074 0.511659
4 4 0.052752 0.143114 0.025575 0.000003 0.778556
4 4 0.049155 0.128014 0.020582 0.000003 0.802246
4 4 0.023441 0.185756 0.038666 0.000002 0.752134
4 4 0.019996 0.161495 0.041469 0.000000 0.777040
4 4 0.018586 0.156160 0.036822 0.000000 0.788432
4 4 0.038316 0.104867 0.035986 0.000029 0.820801
4 4 0.046794 0.115132 0.020211 0.000013 0.817849
4 4 0.034565 0.180175 0.028315 0.000000 0.756945
4 4 0.005349 0.195978 0.081096 0.000001 0.717576
4 4 0.008240 0.191110 0.074472 0.000001 0.726177
4 4 0.019397 0.204197 0.046593 0.000001 0.729812
4 4 0.018267 0.219534 0.067882 0.000000 0.694317
4 4 0.012553 0.207166 0.056392 0.000000 0.723889
4 4 0.023279 0.223268 0.064225 0.000000 0.689227
0 0 0.674595 0.233087 0.053377 0.001886 0.037055
0 1 0.547608 0.289868 0.016004 0.000000 0.146519
4 1 0.059773 0.353396 0.057962 0.000002 0.528867
4 1 0.033673 0.285177 0.057640 0.000001 0.623510
4 1 0.081919 0.388313 0.054771 0.000004 0.474993
4 1 0.059510 0.291304 0.046060 0.000002 0.603123
4 1 0.029109 0.282430 0.060549 0.000001 0.627910
4 1 0.048759 0.286286 0.073025 0.000008 0.591922
1 1 0.013481 0.454050 0.362358 0.000048 0.170063
1 1 0.015350 0.384838 0.238190 0.000041 0.361582
2 1 0.000855 0.174475 0.748545 0.000054 0.076072
2 2 0.001031 0.050615 0.940426 0.000229 0.007700
2 2 0.003766 0.332494 0.538611 0.000001 0.125127
2 2 0.012847 0.351100 0.517222 0.000001 0.118830
2 2 0.000137 0.027317 0.968593 0.000027 0.003926
2 2 0.000252 0.048411 0.941214 0.000002 0.010121
2 2 0.000025 0.020006 0.976621 0.000057 0.003291
2 2 0.000017 0.017085 0.980390 0.000006 0.002502
2 2 0.000049 0.012741 0.986089 0.000074 0.001047
2 2 0.000078 0.022776 0.975105 0.000010 0.002031
2 2 0.000076 0.029925 0.965863 0.000154 0.003982
2 2 0.000157 0.018245 0.980745 0.000120 0.000732
1 2 0.076629 0.530262 0.317311 0.001074 0.074723
2 2 0.002232 0.133140 0.820204 0.000001 0.044423
2 2 0.000218 0.008461 0.990703 0.000212 0.000406
2 2 0.000162 0.034401 0.948047 0.000082 0.017307
2 2 0.000004 0.004270 0.992966 0.000176 0.002584
2 2 0.000028 0.005934 0.991361 0.000707 0.001969
2 2 0.000005 0.008706 0.985750 0.000985 0.004554
2 2 0.000008 0.007092 0.990404 0.000028 0.002469
2 2 0.000010 0.010588 0.987613 0.000037 0.001751
2 2 0.000006 0.008301 0.988055 0.000208 0.003429
2 2 0.000045 0.035898 0.953887 0.000561 0.009610
2 2 0.000025 0.012609 0.983382 0.000116 0.003869
2 2 0.000004 0.002960 0.992407 0.003694 0.000935
2 2 0.000002 0.006180 0.991529 0.000547 0.001742
2 2 0.000008 0.009804 0.980190 0.005228 0.004770
2 2 0.000023 0.009000 0.986472 0.003769 0.000736
2 2 0.017956 0.208993 0.750738 0.001029 0.021284
2 2 0.018007 0.231247 0.641736 0.000040 0.108969
2 2 0.078882 0.407198 0.471806 0.000440 0.041674
2 2 0.005853 0.087379 0.902178 0.000417 0.004174
1 1 0.136280 0.402024 0.275242 0.002804 0.183649
2 1 0.078871 0.353977 0.541995 0.000128 0.025029
0 1 0.513946 0.292864 0.124386 0.012106 0.056698
2 1 0.024539 0.312857 0.630533 0.000176 0.031896
2 2 0.000041 0.025306 0.969941 0.000032 0.004680
2 2 0.002344 0.052593 0.937298 0.002136 0.005628
2 2 0.000377 0.060276 0.932885 0.000014 0.006447
2 2 0.000063 0.033526 0.962880 0.000004 0.003526
2 2 0.000341 0.053417 0.943194 0.000373 0.002674
2 2 0.002846 0.091794 0.897790 0.000152 0.007417
2 2 0.000043 0.020027 0.978801 0.000341 0.000787
2 2 0.000020 0.006320 0.991076 0.002443 0.000142
2 2 0.000011 0.010566 0.988240 0.000298 0.000884
2 2 0.000050 0.020131 0.977143 0.001494 0.001182
2 2 0.000022 0.013600 0.983638 0.001257 0.001483
2 2 0.000008 0.005576 0.991966 0.002131 0.000320
2 2 0.000142 0.041002 0.945878 0.009501 0.003476
2 2 0.000005 0.005808 0.993160 0.000815 0.000211
2 2 0.000007 0.002705 0.958887 0.038348 0.000053
2 2 0.000008 0.008633 0.989678 0.001327 0.000354
2 1 0.003437 0.177642 0.792708 0.010293 0.015919
2 2 0.000026 0.020883 0.977621 0.000009 0.001461
2 2 0.000009 0.014353 0.982328 0.002485 0.000825
2 2 0.000034 0.010519 0.982424 0.006540 0.000484
2 2 0.000010 0.008544 0.982597 0.008045 0.000803
2 2 0.000011 0.009804 0.976763 0.013245 0.000177
2 2 0.000006 0.010997 0.988053 0.000517 0.000427
2 2 0.000133 0.021714 0.965270 0.012096 0.000788
2 2 0.000005 0.004375 0.891278 0.104185 0.000157
2 2 0.000015 0.010005 0.950315 0.039233 0.000432
2 2 0.000025 0.016034 0.939678 0.043446 0.000817
2 2 0.000004 0.007716 0.979804 0.011891 0.000585
2 2 0.000012 0.014058 0.981649 0.002790 0.001491
2 2 0.000029 0.011036 0.962783 0.025291 0.000861
2 2 0.000047 0.047614 0.933629 0.011662 0.007048
2 2 0.000029 0.009482 0.934866 0.055048 0.000574
2 2 0.000004 0.007146 0.988618 0.003365 0.000867
2 2 0.000051 0.034146 0.939820 0.023502 0.002481
2 2 0.000000 0.000853 0.872459 0.126657 0.000030
2 2 0.000004 0.005604 0.794945 0.199134 0.000312
2 2 0.000006 0.013699 0.978848 0.006314 0.001133
2 2 0.000129 0.044148 0.866869 0.082896 0.005958
2 2 0.000150 0.021370 0.938359 0.039131 0.000990
2 2 0.000022 0.027037 0.963104 0.003772 0.006065
2 2 0.000035 0.013075 0.821100 0.164490 0.001300
2 2 0.000416 0.090038 0.842270 0.046571 0.020706
2 2 0.000153 0.071042 0.909123 0.002563 0.017118
2 2 0.001569 0.127458 0.844361 0.008701 0.017910
2 2 0.000037 0.035232 0.950782 0.009485 0.004464
2 2 0.000008 0.007570 0.987504 0.004037 0.000881
2 2 0.000008 0.006965 0.985874 0.006806 0.000347
2 2 0.000036 0.015278 0.953917 0.030042 0.000727
2 2 0.000027 0.019188 0.976057 0.003525 0.001203
2 2 0.000058 0.021108 0.959491 0.017524 0.001819
2 2 0.000004 0.003656 0.989009 0.007229 0.000101
2 2 0.000023 0.018064 0.959220 0.021545 0.001148
2 2 0.000016 0.004903 0.937842 0.057057 0.000182
2 2 0.000019 0.019257 0.941264 0.037578 0.001882
2 2 0.000005 0.006981 0.975104 0.017586 0.000324
2 2 0.000026 0.017879 0.911569 0.068977 0.001550
2 2 0.000006 0.008269 0.963443 0.027886 0.000396
2 2 0.000011 0.015116 0.921231 0.062579 0.001064
2 2 0.000004 0.007230 0.952172 0.040240 0.000354
2 2 0.000008 0.007123 0.787617 0.205019 0.000234
2 2 0.000001 0.001741 0.942137 0.056093 0.000028
2 2 0.000001 0.003772 0.855925 0.140154 0.000148
2 2 0.000016 0.024985 0.897800 0.075961 0.001239
2 2 0.000001 0.002105 0.879014 0.118823 0.000056
2 2 0.000002 0.006076 0.811969 0.181787 0.000168
2 2 0.000001 0.001159 0.868361 0.130466 0.000013
2 2 0.000003 0.004648 0.957348 0.037905 0.000097
2 2 0.000055 0.019841 0.806552 0.171929 0.001623
2 2 0.000025 0.012215 0.580549 0.406452 0.000759
2 2 0.000069 0.050970 0.893395 0.052133 0.003433
2 2 0.000008 0.010648 0.737777 0.251097 0.000470
2 2 0.000015 0.016045 0.780004 0.203260 0.000676
2 2 0.000003 0.003217 0.892029 0.104705 0.000045
2 2 0.000023 0.010285 0.678399 0.310724 0.000569
2 2 0.000016 0.012801 0.680211 0.306301 0.000671
2 2 0.000004 0.004484 0.707316 0.288081 0.000115
2 2 0.000001 0.001540 0.749422 0.249019 0.000018
2 2 0.000082 0.042273 0.789864 0.165569 0.002213
2 2 0.000008 0.006878 0.648184 0.344453 0.000476
2 2 0.000043 0.028742 0.877302 0.090400 0.003512
2 2 0.000019 0.010140 0.658729 0.329901 0.001211
3 2 0.000006 0.003530 0.472810 0.523351 0.000303
2 2 0.000024 0.017764 0.743913 0.236796 0.001503
3 2 0.000007 0.002949 0.215715 0.781163 0.000165
2 2 0.000029 0.013621 0.709137 0.275874 0.001339
2 2 0.000021 0.012016 0.594261 0.393047 0.000655
2 2 0.000014 0.007698 0.715305 0.276677 0.000306
2 2 0.000221 0.044282 0.733254 0.218976 0.003268
3 2 0.000014 0.005573 0.409398 0.584641 0.000374
2 2 0.000013 0.008739 0.582541 0.408201 0.000506
3 2 0.000005 0.002991 0.463082 0.533782 0.000140
2 2 0.000018 0.012544 0.698232 0.288637 0.000569
2 2 0.000005 0.005286 0.655801 0.338684 0.000224
3 2 0.000053 0.011107 0.362607 0.625655 0.000577
1 0 0.183503 0.521997 0.234230 0.015131 0.045138
1 1 0.315873 0.492030 0.110991 0.000285 0.080820
1 2 0.261192 0.579595 0.099948 0.000855 0.058410
1 2 0.333719 0.361413 0.247787 0.014554 0.042527
0 2 0.741139 0.161927 0.053304 0.004060 0.039570
0 2 0.549974 0.274292 0.110007 0.002847 0.062879
0 2 0.482831 0.292496 0.132940 0.017731 0.074001
1 2 0.074127 0.471547 0.169070 0.000050 0.285206
2 2 0.000083 0.050459 0.939657 0.000238 0.009563
2 2 0.000331 0.054161 0.929703 0.000625 0.015180
1 2 0.147804 0.399914 0.324702 0.060140 0.067440
1 2 0.018334 0.405491 0.297761 0.000006 0.278408
2 2 0.000431 0.166449 0.759722 0.000010 0.073387
2 2 0.000122 0.055824 0.923192 0.000051 0.020810
1 2 0.078196 0.486908 0.327202 0.001663 0.106030
2 2 0.000540 0.073248 0.901969 0.000021 0.024222
2 2 0.000166 0.059784 0.904031 0.000029 0.035990
2 2 0.000094 0.067117 0.905696 0.000039 0.027053
2 2 0.000299 0.080550 0.869259 0.000041 0.049850
2 2 0.000204 0.142073 0.778019 0.000004 0.079699
2 2 0.000250 0.093693 0.841974 0.000002 0.064082
2 2 0.001938 0.230816 0.551337 0.000011 0.215898
4 2 0.004515 0.290014 0.183619 0.000013 0.521839
2 2 0.000779 0.130812 0.795199 0.000005 0.073205
1 2 0.259546 0.518624 0.111998 0.000029 0.109803
0 2 0.727691 0.181115 0.047226 0.002563 0.041405
0 2 0.576162 0.287559 0.075740 0.003984 0.056555
1 2 0.318551 0.479800 0.056268 0.000049 0.145332
2 2 0.001426 0.154181 0.814842 0.000177 0.029374
2 2 0.001358 0.129936 0.843839 0.000038 0.024829
2 2 0.002697 0.237586 0.718836 0.000018 0.040864
2 2 0.000727 0.128881 0.837557 0.000005 0.032830
2 2 0.001699 0.089886 0.894573 0.001300 0.012542
2 2 0.000285 0.152414 0.748376 0.000031 0.098894
4 2 0.012551 0.281861 0.099831 0.000014 0.605743
4 2 0.009179 0.303694 0.122880 0.000008 0.564240
1 2 0.190769 0.400674 0.036385 0.000002 0.372170
1 2 0.239999 0.414331 0.086468 0.000023 0.259179
0 2 0.487329 0.338439 0.096010 0.006162 0.072060
1 2 0.283838 0.523170 0.051569 0.000019 0.141404
1 2 0.044277 0.504248 0.256912 0.000045 0.194518
1 2 0.073052 0.501251 0.215125 0.000120 0.210451
2 2 0.011192 0.435012 0.504598 0.000140 0.049058
2 2 0.004420 0.201904 0.780515 0.000299 0.012861
0 2 0.691902 0.212748 0.052341 0.002330 0.040679
0 0 0.821711 0.124335 0.035817 0.001350 0.016787
0 0 0.966074 0.020844 0.005121 0.000288 0.007673
0 0 0.782442 0.162756 0.022269 0.000080 0.032452
4 1 0.194838 0.369682 0.032761 0.000003 0.402716
1 1 0.201893 0.429377 0.029536 0.000001 0.339193
0 1 0.521506 0.336231 0.023207 0.000002 0.119053
0 1 0.801062 0.145375 0.019395 0.000058 0.034110
1 1 0.288370 0.534778 0.088418 0.000006 0.088429
1 1 0.149835 0.562682 0.085540 0.000029 0.201914
1 1 0.112634 0.569747 0.113473 0.000021 0.204124
1 1 0.172007 0.580343 0.112587 0.000021 0.135042
0 1 0.566697 0.324792 0.041547 0.000033 0.066931
0 0 0.858813 0.082915 0.024338 0.002033 0.031901
0 0 0.953901 0.036712 0.003458 0.000004 0.005925
0 0 0.754827 0.180586 0.018560 0.000016 0.046011
4 1 0.080611 0.336560 0.057208 0.000007 0.525615
4 1 0.055461 0.321546 0.053931 0.000001 0.569061
4 1 0.040280 0.340175 0.092415 0.000015 0.527115
4 1 0.062666 0.387254 0.078880 0.000023 0.471176
4 1 0.032981 0.375678 0.131653 0.000010 0.459678
4 1 0.036314 0.388245 0.109978 0.000011 0.465451
4 1 0.208804 0.349568 0.038644 0.000011 0.402972
0 0 0.433614 0.420410 0.099521 0.002300 0.044154
0 1 0.511746 0.362463 0.079526 0.002311 0.043954
1 1 0.376846 0.497079 0.067292 0.000204 0.058580
1 1 0.110687 0.635357 0.137892 0.000021 0.116043
1 1 0.130256 0.602824 0.154566 0.000307 0.112046
2 1 0.001507 0.167639 0.815614 0.000022 0.015218
2 2 0.001627 0.125861 0.868127 0.000094 0.004291
2 2 0.000908 0.136026 0.852778 0.000102 0.010186
2 2 0.000415 0.049356 0.949086 0.000012 0.001131
2 2 0.000071 0.019257 0.979954 0.000206 0.000513
2 2 0.000322 0.072414 0.917531 0.000083 0.009649
2 2 0.000179 0.058710 0.936870 0.000003 0.004237
2 2 0.000067 0.018937 0.980251 0.000035 0.000710
2 2 0.000105 0.035748 0.958042 0.000012 0.006092
2 2 0.000322 0.040028 0.956783 0.000019 0.002848
2 2 0.000119 0.038151 0.952118 0.000002 0.009610
2 2 0.000053 0.023278 0.971538 0.000017 0.005115
2 2 0.000046 0.013830 0.977841 0.000041 0.008241
2 4 0.000349 0.148378 0.669796 0.000028 0.181449
4 4 0.004980 0.214052 0.360756 0.000020 0.420192
4 4 0.005800 0.231044 0.246436 0.000052 0.516668
4 4 0.036860 0.158421 0.038487 0.000024 0.766208
4 4 0.047364 0.218847 0.042355 0.000015 0.691419
4 4 0.023501 0.253687 0.075422 0.000008 0.647382
4 4 0.019875 0.247706 0.088457 0.000006 0.643955
0 0 0.750265 0.150828 0.038738 0.001495 0.058673
0 0 0.705454 0.255738 0.029572 0.000127 0.009109
4 4 0.150836 0.377055 0.044042 0.000001 0.428066
4 4 0.165109 0.224418 0.020934 0.000002 0.589538
4 4 0.210123 0.066949 0.014027 0.000026 0.708876
4 4 0.148354 0.100923 0.017136 0.000013 0.733573
4 4 0.127347 0.164225 0.032609 0.000061 0.675759
4 4 0.142655 0.178807 0.021963 0.000005 0.656570
4 4 0.250000 0.046131 0.015832 0.000240 0.687797
4 4 0.156832 0.026655 0.007126 0.000024 0.809363
4 4 0.144449 0.043270 0.017547 0.000435 0.794299
4 4 0.185273 0.035232 0.010955 0.000085 0.768455
4 4 0.206569 0.092922 0.023379 0.000113 0.677018
4 4 0.153637 0.042475 0.016539 0.000347 0.787001
4 4 0.297529 0.055370 0.019910 0.000438 0.626752
4 4 0.357437 0.161467 0.018502 0.000005 0.462589
0 0 0.737859 0.140348 0.048326 0.006047 0.067420
0 1 0.507624 0.114028 0.017890 0.000021 0.360437
4 4 0.076692 0.136869 0.027275 0.000040 0.759123
4 4 0.087983 0.166154 0.044142 0.000268 0.701453
4 4 0.041880 0.166551 0.018349 0.000001 0.773220
4 4 0.058028 0.077687 0.018185 0.000038 0.846062
4 4 0.098447 0.103447 0.025048 0.000082 0.772975
4 4 0.076450 0.203555 0.021860 0.000003 0.698132
4 4 0.037363 0.168350 0.022542 0.000000 0.771745
4 4 0.075582 0.105693 0.037819 0.000651 0.780256
4 4 0.166250 0.036319 0.012089 0.000123 0.785220
4 4 0.150995 0.227430 0.018620 0.000001 0.602954
4 4 0.088127 0.148648 0.026656 0.000027 0.736542
4 4 0.033752 0.166854 0.032661 0.000006 0.766727
4 4 0.042076 0.144537 0.026769 0.000001 0.786617
4 4 0.049345 0.209479 0.032618 0.000002 0.708556
4 4 0.175627 0.107393 0.023945 0.000068 0.692967
4 4 0.236012 0.273456 0.029607 0.000007 0.460918
