0 4 0.643298 0.053459 0.002403 0.000010 0.300830
4 4 0.273418 0.329769 0.007761 0.000094 0.388959
1 4 0.258472 0.551280 0.010138 0.000012 0.180098
4 4 0.289149 0.270073 0.021919 0.000001 0.418858
0 4 0.377185 0.313199 0.029698 0.000292 0.279626
0 4 0.449088 0.386465 0.028703 0.000631 0.135112
1 4 0.282249 0.587678 0.011079 0.000007 0.118988
1 4 0.240328 0.622792 0.017110 0.000039 0.119730
1 4 0.067822 0.739315 0.016143 0.000000 0.176720
1 4 0.175978 0.708585 0.008907 0.000000 0.106531
1 4 0.186506 0.589983 0.022691 0.000003 0.200816
1 4 0.077568 0.742876 0.027598 0.000004 0.151954
1 4 0.139601 0.798273 0.030859 0.000004 0.031263
1 4 0.108383 0.775799 0.063567 0.000037 0.052214
1 4 0.260373 0.604449 0.096490 0.000297 0.038391
1 4 0.192018 0.608357 0.152473 0.001302 0.045850
1 4 0.402749 0.538602 0.037059 0.000005 0.021584
1 4 0.109982 0.731411 0.095070 0.001139 0.062398
0 0 0.876227 0.092511 0.005200 0.000026 0.026035
0 1 0.614224 0.338597 0.011865 0.000015 0.035300
1 1 0.150572 0.731017 0.059353 0.000125 0.058932
1 1 0.279642 0.655074 0.031515 0.000027 0.033742
1 1 0.190338 0.603835 0.163043 0.001375 0.041410
1 1 0.243760 0.561576 0.154726 0.001047 0.038890
2 2 0.090615 0.385273 0.515699 0.001819 0.006594
2 2 0.050408 0.351198 0.584189 0.000658 0.013548
2 2 0.045124 0.218297 0.724143 0.009108 0.003328
2 2 0.037893 0.174855 0.777608 0.007412 0.002232
2 2 0.104607 0.203955 0.685764 0.002798 0.002875
2 2 0.071587 0.279422 0.641531 0.003358 0.004102
2 2 0.011693 0.108009 0.863645 0.015717 0.000937
2 2 0.012818 0.090515 0.873156 0.022658 0.000853
2 2 0.033786 0.169429 0.785180 0.009261 0.002343
2 2 0.012230 0.121234 0.858138 0.005340 0.003058
2 2 0.004460 0.036198 0.907724 0.051351 0.000267
2 2 0.004372 0.033219 0.924176 0.038020 0.000214
2 2 0.006701 0.078345 0.881920 0.032361 0.000673
2 2 0.010352 0.058257 0.870692 0.059935 0.000764
2 3 0.002187 0.027769 0.823444 0.146311 0.000288
2 2 0.006570 0.047592 0.852720 0.092558 0.000561
2 3 0.003355 0.018848 0.732246 0.245303 0.000248
2 3 0.003552 0.016362 0.602535 0.377275 0.000276
2 3 0.002780 0.015620 0.519561 0.461701 0.000338
3 3 0.002295 0.012382 0.487497 0.497542 0.000283
2 3 0.003417 0.015651 0.549010 0.431592 0.000330
2 3 0.001542 0.014729 0.543718 0.439755 0.000255
2 3 0.003745 0.016143 0.529041 0.450687 0.000385
3 3 0.001700 0.007860 0.450449 0.539846 0.000145
3 3 0.002335 0.007329 0.295457 0.694627 0.000252
3 3 0.002572 0.015190 0.391308 0.590454 0.000476
3 3 0.001166 0.004599 0.219188 0.774833 0.000214
3 3 0.001511 0.003530 0.189242 0.805573 0.000144
3 3 0.000891 0.003861 0.130220 0.864818 0.000210
3 3 0.001166 0.006301 0.219042 0.773241 0.000250
3 3 0.000409 0.001591 0.097950 0.899981 0.000070
3 3 0.000398 0.001550 0.100108 0.897875 0.000069
3 3 0.000358 0.002247 0.105644 0.891651 0.000100
3 3 0.000565 0.001971 0.139278 0.858116 0.000070
3 3 0.000501 0.001954 0.094225 0.903218 0.000101
3 3 0.000855 0.002729 0.127172 0.869056 0.000189
3 3 0.002266 0.005795 0.163474 0.828105 0.000360
3 3 0.000462 0.002750 0.115750 0.880910 0.000129
3 3 0.001283 0.004377 0.133181 0.860894 0.000266
3 3 0.001060 0.004118 0.093502 0.900990 0.000330
3 3 0.003406 0.010081 0.222567 0.763370 0.000576
3 3 0.001622 0.008667 0.200994 0.788266 0.000451
3 3 0.000959 0.006189 0.176007 0.816560 0.000285
3 3 0.000850 0.005848 0.228500 0.764610 0.000192
3 3 0.000557 0.003877 0.153433 0.841971 0.000162
3 3 0.000758 0.003806 0.150364 0.844903 0.000169
3 3 0.001023 0.005435 0.114902 0.878263 0.000378
3 3 0.000807 0.002662 0.128306 0.868097 0.000127
3 3 0.000074 0.000525 0.053305 0.946077 0.000019
3 3 0.000154 0.000964 0.084364 0.914482 0.000036
3 3 0.000652 0.003434 0.149039 0.846728 0.000147
3 3 0.000421 0.001874 0.110838 0.886793 0.000075
3 3 0.000381 0.002129 0.164780 0.832650 0.000060
3 3 0.000361 0.002220 0.138040 0.859308 0.000071
3 3 0.000684 0.003376 0.097953 0.897768 0.000219
3 3 0.000486 0.001853 0.117334 0.880253 0.000073
3 3 0.000408 0.002006 0.077817 0.919648 0.000122
3 3 0.000171 0.000893 0.078448 0.920419 0.000069
3 3 0.000603 0.003113 0.137359 0.858708 0.000216
3 3 0.000386 0.001504 0.078265 0.919744 0.000101
3 3 0.001412 0.005691 0.173493 0.819105 0.000299
3 3 0.000561 0.005653 0.161097 0.832455 0.000234
2 3 0.005490 0.055627 0.524322 0.412426 0.002135
2 2 0.007378 0.063096 0.667694 0.260052 0.001780
2 3 0.009405 0.111809 0.771730 0.104461 0.002595
2 3 0.008221 0.090476 0.783924 0.115452 0.001927
2 3 0.009807 0.091928 0.794722 0.101622 0.001921
2 3 0.013610 0.125651 0.779799 0.077999 0.002941
2 2 0.022720 0.182619 0.763825 0.027185 0.003652
2 2 0.031627 0.232686 0.691510 0.034687 0.009490
2 2 0.011495 0.142924 0.800510 0.042627 0.002445
2 2 0.029766 0.189327 0.745854 0.030871 0.004182
2 2 0.018170 0.194085 0.742928 0.040520 0.004297
2 2 0.040438 0.197642 0.734401 0.023105 0.004413
2 2 0.049866 0.192762 0.732551 0.020557 0.004264
2 2 0.013840 0.168826 0.789394 0.025351 0.002589
2 2 0.029901 0.159074 0.754866 0.051757 0.004402
2 2 0.032222 0.175260 0.765332 0.023670 0.003516
2 2 0.060720 0.234783 0.685384 0.013285 0.005828
2 2 0.084562 0.273047 0.626754 0.008679 0.006958
2 2 0.075081 0.333845 0.573321 0.008326 0.009427
2 2 0.079265 0.213707 0.682947 0.017574 0.006506
2 2 0.037981 0.242288 0.685085 0.028031 0.006616
2 2 0.030121 0.192236 0.758047 0.015888 0.003708
2 2 0.037950 0.221239 0.724947 0.011944 0.003920
2 2 0.034136 0.231039 0.721731 0.009553 0.003541
2 2 0.049896 0.160320 0.777815 0.009533 0.002436
2 2 0.022292 0.167761 0.791146 0.016184 0.002618
2 2 0.061025 0.276262 0.654657 0.003899 0.004157
2 2 0.071336 0.341991 0.581329 0.001135 0.004210
2 2 0.030974 0.168778 0.782346 0.015200 0.002702
2 2 0.032622 0.120161 0.816254 0.028673 0.002289
2 2 0.015602 0.145046 0.822569 0.015027 0.001757
2 2 0.030085 0.170023 0.788303 0.009488 0.002100
2 2 0.069090 0.257479 0.662695 0.005986 0.004749
2 2 0.053384 0.307306 0.626531 0.006668 0.006112
2 2 0.054745 0.205228 0.724413 0.011362 0.004251
2 2 0.033525 0.185406 0.760005 0.017542 0.003523
2 2 0.054994 0.227661 0.712113 0.002654 0.002578
2 2 0.037699 0.256233 0.699194 0.003721 0.003153
2 2 0.072281 0.263336 0.651879 0.007041 0.005463
2 2 0.042840 0.307765 0.642157 0.002967 0.004270
2 2 0.139937 0.329291 0.511286 0.007161 0.012324
2 2 0.188310 0.339131 0.458890 0.002844 0.010825
1 2 0.166509 0.443227 0.382495 0.000381 0.007387
1 2 0.110303 0.466665 0.412260 0.001078 0.009693
2 2 0.077515 0.284606 0.620187 0.009984 0.007707
2 2 0.116227 0.192829 0.677611 0.008523 0.004810
2 2 0.046535 0.298289 0.644988 0.004879 0.005308
2 2 0.047891 0.352606 0.585277 0.006420 0.007805
2 2 0.060843 0.281777 0.644153 0.007021 0.006205
2 2 0.089931 0.308170 0.586446 0.007333 0.008119
1 2 0.180530 0.536894 0.266103 0.000584 0.015890
1 2 0.238036 0.569392 0.172343 0.000225 0.020004
1 2 0.331889 0.603572 0.047088 0.000012 0.017440
1 2 0.247532 0.664595 0.062732 0.000044 0.025096
1 2 0.416207 0.510857 0.064333 0.000004 0.008598
1 2 0.285722 0.599728 0.102125 0.000016 0.012408
1 2 0.157924 0.610073 0.219761 0.000126 0.012117
1 2 0.165645 0.545018 0.271116 0.000567 0.017653
1 2 0.288869 0.563118 0.136615 0.000032 0.011366
1 2 0.255825 0.531425 0.193197 0.000273 0.019280
1 2 0.094297 0.535772 0.353692 0.001300 0.014940
1 2 0.218770 0.554309 0.215412 0.000089 0.011421
1 2 0.170496 0.429039 0.392460 0.000369 0.007636
2 2 0.060143 0.285931 0.641970 0.006220 0.005736
2 2 0.088233 0.316240 0.588532 0.002122 0.004874
2 2 0.065945 0.341952 0.585741 0.001598 0.004765
1 2 0.317136 0.574655 0.100927 0.000006 0.007276
1 2 0.123201 0.651307 0.210946 0.000206 0.014340
1 2 0.176951 0.631510 0.178178 0.000081 0.013280
1 2 0.256240 0.505875 0.228461 0.000088 0.009336
1 2 0.266561 0.593050 0.129772 0.000024 0.010594
1 2 0.140851 0.588372 0.250573 0.000669 0.019536
1 2 0.143934 0.489940 0.356073 0.000473 0.009581
1 2 0.107925 0.496821 0.389894 0.000220 0.005140
1 2 0.117474 0.555131 0.319790 0.000167 0.007439
2 2 0.079126 0.448002 0.465481 0.000762 0.006628
2 2 0.223143 0.371959 0.396855 0.000583 0.007460
2 2 0.064217 0.303714 0.620029 0.005822 0.006218
2 2 0.036853 0.258094 0.702476 0.000863 0.001713
2 2 0.026494 0.206411 0.762376 0.003011 0.001709
2 2 0.047335 0.289193 0.657771 0.002472 0.003229
2 2 0.032937 0.251894 0.709966 0.002657 0.002547
2 2 0.049066 0.289217 0.657971 0.001166 0.002581
2 2 0.073365 0.295741 0.627221 0.001029 0.002643
2 2 0.114004 0.342719 0.535050 0.001973 0.006254
2 2 0.078439 0.270921 0.638005 0.006598 0.006037
2 2 0.060408 0.252807 0.675397 0.006585 0.004802
2 2 0.094777 0.446483 0.453412 0.000435 0.004894
2 2 0.016320 0.148846 0.825147 0.008245 0.001442
2 2 0.025338 0.170807 0.788855 0.012649 0.002350
2 2 0.035536 0.234729 0.723279 0.003656 0.002800
2 2 0.041118 0.177012 0.765839 0.010118 0.005913
2 2 0.026186 0.122798 0.844862 0.005072 0.001081
2 2 0.019575 0.140383 0.834106 0.004394 0.001542
2 2 0.019299 0.122683 0.847900 0.009028 0.001089
2 2 0.018105 0.059093 0.896355 0.025688 0.000758
2 2 0.025924 0.156887 0.813125 0.002002 0.002061
2 2 0.018954 0.133378 0.841870 0.004869 0.000929
2 2 0.034730 0.238590 0.720175 0.003866 0.002639
2 2 0.065633 0.309044 0.619840 0.001742 0.003741
2 2 0.090171 0.333263 0.568920 0.002178 0.005469
2 2 0.065774 0.427700 0.498367 0.001571 0.006588
2 2 0.054408 0.343512 0.593290 0.002847 0.005943
2 2 0.041920 0.243642 0.709645 0.002404 0.002389
1 2 0.343587 0.506339 0.133393 0.000056 0.016625
1 2 0.155564 0.549529 0.271842 0.001535 0.021530
1 4 0.433566 0.452478 0.078223 0.000154 0.035580
1 4 0.415431 0.486257 0.071409 0.000088 0.026814
1 4 0.344663 0.539676 0.099729 0.000041 0.015892
1 4 0.189974 0.607676 0.155444 0.001297 0.045610
1 4 0.144413 0.676704 0.154515 0.000260 0.024107
1 4 0.138746 0.691852 0.145583 0.000220 0.023600
1 4 0.379783 0.490774 0.096532 0.000244 0.032666
1 4 0.200874 0.652753 0.109566 0.000332 0.036475
0 4 0.440478 0.427743 0.091657 0.000435 0.039687
0 4 0.610755 0.267625 0.084834 0.000693 0.036093
0 0 0.820410 0.152967 0.006024 0.000006 0.020593
1 4 0.402545 0.516957 0.025055 0.000077 0.055367
1 4 0.197781 0.712049 0.035630 0.000110 0.054429
1 4 0.281570 0.641861 0.028747 0.000001 0.047821
0 4 0.495042 0.469947 0.022253 0.000002 0.012755
1 4 0.225350 0.670156 0.054079 0.000189 0.050225
1 4 0.255128 0.642329 0.077347 0.000067 0.025130
1 4 0.266618 0.600170 0.086770 0.000382 0.046059
1 4 0.430336 0.473248 0.066602 0.000104 0.029710
1 4 0.218456 0.621006 0.120243 0.000500 0.039794
1 4 0.231566 0.691024 0.064390 0.000009 0.013010
1 1 0.174248 0.703324 0.099683 0.000086 0.022659
0 0 0.857947 0.111139 0.011716 0.000033 0.019165
1 1 0.435388 0.501491 0.031938 0.000030 0.031153
1 1 0.150024 0.680920 0.141773 0.000283 0.027000
1 1 0.228061 0.659600 0.092577 0.000052 0.019710
1 1 0.430307 0.456008 0.077304 0.000231 0.036150
0 0 0.924026 0.057776 0.008898 0.000016 0.009284
1 1 0.287654 0.581082 0.109405 0.000097 0.021763
1 1 0.299460 0.592722 0.087112 0.000054 0.020651
1 1 0.119060 0.497085 0.366100 0.001881 0.015874
1 1 0.201208 0.483347 0.294333 0.001231 0.019881
1 1 0.222021 0.582362 0.178906 0.000139 0.016572
1 1 0.250231 0.561898 0.175189 0.000070 0.012612
1 1 0.243913 0.619955 0.118571 0.000064 0.017496
1 1 0.368436 0.514559 0.100938 0.000045 0.016022
0 0 0.684453 0.255814 0.035145 0.000065 0.024523
1 1 0.233271 0.659730 0.075660 0.000108 0.031231
1 1 0.084893 0.481271 0.426085 0.000602 0.007150
2 1 0.053172 0.367626 0.567014 0.004557 0.007631
2 4 0.073390 0.454623 0.464937 0.000701 0.006349
2 2 0.102578 0.411741 0.480979 0.000370 0.004332
2 2 0.077452 0.324534 0.592170 0.001636 0.004208
2 2 0.079617 0.294695 0.621368 0.001242 0.003077
2 2 0.038420 0.217166 0.735216 0.006333 0.002865
2 2 0.041941 0.294471 0.658282 0.002170 0.003136
2 2 0.073668 0.206921 0.714250 0.002830 0.002331
2 2 0.034496 0.204780 0.748561 0.009095 0.003068
2 2 0.033224 0.300896 0.660309 0.002252 0.003319
2 2 0.075529 0.340683 0.578076 0.001714 0.003999
2 2 0.075967 0.234751 0.683464 0.003026 0.002792
2 2 0.120276 0.352175 0.520519 0.001203 0.005827
2 2 0.020489 0.129029 0.835294 0.013671 0.001516
2 2 0.030062 0.245797 0.714272 0.006440 0.003429
2 2 0.072607 0.195160 0.727155 0.002843 0.002235
2 2 0.032435 0.212148 0.745752 0.006888 0.002777
2 2 0.049390 0.245891 0.691452 0.009089 0.004178
2 2 0.055241 0.206733 0.719334 0.014451 0.004241
2 2 0.023621 0.119408 0.839782 0.015796 0.001394
2 2 0.017070 0.116092 0.835611 0.029534 0.001693
2 2 0.062236 0.174938 0.746459 0.012969 0.003398
2 2 0.061362 0.331754 0.601890 0.001338 0.003656
2 2 0.026893 0.091439 0.812771 0.067215 0.001681
2 2 0.005770 0.056496 0.845335 0.091681 0.000719
2 2 0.030076 0.236621 0.717930 0.011311 0.004062
2 2 0.107202 0.255716 0.628110 0.004031 0.004941
2 2 0.290671 0.323515 0.374507 0.001353 0.009954
2 2 0.120038 0.289314 0.576795 0.006090 0.007763
2 2 0.044045 0.170330 0.776412 0.007062 0.002150
2 2 0.016122 0.118315 0.851363 0.012976 0.001224
2 2 0.018995 0.167679 0.795969 0.014984 0.002373
2 2 0.034963 0.233543 0.722246 0.006165 0.003084
2 2 0.049659 0.175374 0.763095 0.009088 0.002783
2 2 0.048239 0.206275 0.734224 0.008029 0.003233
2 2 0.093437 0.283156 0.611996 0.005215 0.006196
2 2 0.038070 0.191015 0.757649 0.010229 0.003037
2 2 0.100252 0.323080 0.567622 0.002803 0.006243
1 2 0.135786 0.434817 0.418629 0.000976 0.009791
1 2 0.431940 0.479210 0.074287 0.000022 0.014541
1 2 0.315850 0.523670 0.128815 0.000354 0.031310
1 1 0.262998 0.570263 0.150740 0.000087 0.015912
1 1 0.210732 0.514201 0.252352 0.000921 0.021794
1 2 0.112954 0.562890 0.316904 0.000120 0.007132
2 2 0.090034 0.365687 0.532662 0.003129 0.008488
2 2 0.053674 0.249324 0.690738 0.003224 0.003040
2 2 0.041713 0.213897 0.737952 0.003801 0.002638
2 2 0.118418 0.323216 0.550274 0.002031 0.006061
2 2 0.299230 0.311480 0.376825 0.001503 0.010963
2 2 0.072442 0.246646 0.670067 0.006374 0.004471
2 2 0.150732 0.266092 0.571907 0.004280 0.006988
0 1 0.577042 0.348824 0.052965 0.000051 0.021118
0 0 0.903577 0.068770 0.016432 0.000046 0.011175
0 1 0.857333 0.110623 0.009347 0.000034 0.022663
1 1 0.436157 0.462956 0.049370 0.000240 0.051277
1 1 0.207417 0.651407 0.110169 0.000220 0.030787
1 1 0.180194 0.673514 0.126672 0.000097 0.019524
1 1 0.299375 0.475538 0.192642 0.001071 0.031374
1 1 0.266910 0.565714 0.132245 0.000449 0.034682
1 1 0.279495 0.572853 0.128264 0.000100 0.019288
1 1 0.201989 0.590063 0.176193 0.000703 0.031052
1 1 0.087414 0.462055 0.435234 0.002682 0.012615
1 1 0.148131 0.511880 0.316289 0.002277 0.021424
2 2 0.079447 0.426178 0.481921 0.002888 0.009567
1 2 0.118756 0.454230 0.414353 0.001383 0.011278
1 2 0.114738 0.638671 0.230866 0.000285 0.015440
1 2 0.172217 0.615503 0.197460 0.000155 0.014666
1 2 0.135108 0.586244 0.262198 0.000478 0.015971
2 2 0.103601 0.429939 0.442095 0.000500 0.023866
2 2 0.049940 0.250166 0.685608 0.009631 0.004655
2 2 0.096178 0.297153 0.599672 0.002212 0.004786
2 2 0.022091 0.230436 0.742920 0.002726 0.001826
2 2 0.036861 0.274358 0.683707 0.001765 0.003309
2 2 0.102828 0.418529 0.473013 0.000419 0.005211
2 2 0.083371 0.435365 0.473084 0.001248 0.006932
2 2 0.042459 0.288038 0.664345 0.001999 0.003159
2 2 0.073868 0.234000 0.674293 0.012195 0.005645
2 2 0.028729 0.135669 0.821828 0.012087 0.001687
2 2 0.039733 0.188730 0.762079 0.006819 0.002639
2 2 0.071612 0.330104 0.592200 0.001616 0.004468
1 2 0.158292 0.469001 0.365154 0.000305 0.007248
1 2 0.203119 0.419318 0.371086 0.000246 0.006231
2 2 0.110298 0.400529 0.482420 0.000786 0.005967
1 2 0.153887 0.434348 0.400342 0.001024 0.010400
1 2 0.178023 0.452442 0.358007 0.000697 0.010832
0 2 0.641071 0.181062 0.068094 0.000301 0.109472
0 0 0.957717 0.023758 0.006509 0.000049 0.011968
0 0 0.938406 0.028628 0.003105 0.000003 0.029858
0 0 0.971711 0.010750 0.001620 0.000030 0.015889
0 0 0.947183 0.023417 0.004794 0.000071 0.024535
0 0 0.972577 0.006073 0.000309 0.000004 0.021038
0 0 0.974689 0.011247 0.001318 0.000054 0.012693
0 0 0.968498 0.012866 0.001132 0.000066 0.017438
0 0 0.956911 0.023431 0.003680 0.000037 0.015940
0 0 0.875545 0.082284 0.008642 0.000134 0.033394
0 0 0.866653 0.105218 0.013379 0.000025 0.014725
0 0 0.620676 0.300462 0.037198 0.000186 0.041478
1 4 0.448186 0.458615 0.020928 0.000044 0.072227
1 4 0.361340 0.537293 0.017524 0.000026 0.083817
1 4 0.157580 0.608524 0.023020 0.000073 0.210802
1 4 0.337165 0.400499 0.028598 0.000136 0.233602
0 4 0.396702 0.395977 0.011692 0.000009 0.195620
4 4 0.253055 0.282709 0.019320 0.000011 0.444904
4 4 0.188618 0.302446 0.005973 0.000001 0.502962
1 4 0.136230 0.437481 0.004920 0.000002 0.421366
4 4 0.201496 0.034548 0.004559 0.000116 0.759280
4 4 0.222745 0.032769 0.003494 0.000093 0.740899
4 4 0.237250 0.031569 0.004083 0.000069 0.727029
4 4 0.347117 0.037773 0.003433 0.000119 0.611559
4 4 0.410559 0.028725 0.003013 0.000035 0.557669
4 4 0.274223 0.021740 0.001526 0.000018 0.702492
4 4 0.183240 0.027333 0.001979 0.000066 0.787382
4 4 0.371807 0.047182 0.003125 0.000059 0.577825
4 4 0.349786 0.029254 0.002518 0.000044 0.618398
4 4 0.414095 0.032728 0.002751 0.000063 0.550363
4 4 0.290145 0.200679 0.014948 0.000543 0.493684
4 4 0.362553 0.094923 0.008059 0.000012 0.534452
0 4 0.590190 0.067802 0.001614 0.000030 0.340364
4 4 0.248497 0.015612 0.000972 0.000006 0.734913
4 4 0.196612 0.025189 0.001305 0.000013 0.776880
4 4 0.235386 0.083747 0.005166 0.000043 0.675657
0 4 0.501991 0.116690 0.012475 0.000195 0.368649
4 4 0.300308 0.035975 0.004611 0.000094 0.659012
0 4 0.562630 0.074619 0.006328 0.000198 0.356225
4 4 0.186205 0.036510 0.006751 0.000137 0.770397
0 4 0.566830 0.022334 0.003105 0.000011 0.407720
0 4 0.618777 0.073184 0.004138 0.000484 0.303417
4 4 0.337893 0.029879 0.004798 0.000038 0.627393
4 4 0.262722 0.034744 0.004187 0.000095 0.698253
4 4 0.345443 0.032479 0.002811 0.000067 0.619199
4 4 0.225402 0.031316 0.003693 0.000073 0.739515
4 4 0.265084 0.014687 0.000688 0.000002 0.719538
4 4 0.303965 0.010324 0.000571 0.000001 0.685139
1 4 0.227699 0.628213 0.028815 0.000016 0.115258
1 4 0.289739 0.389041 0.037170 0.000236 0.283815
4 4 0.223483 0.190925 0.002920 0.000006 0.582667
4 4 0.313022 0.068822 0.005525 0.000004 0.612628
0 4 0.547349 0.059930 0.012569 0.000506 0.379647
4 4 0.431861 0.067303 0.014473 0.000777 0.485586
4 4 0.388632 0.048389 0.005591 0.000077 0.557311
4 4 0.410753 0.058260 0.005765 0.000191 0.525030
0 4 0.544674 0.006852 0.000366 0.000000 0.448107
4 4 0.314418 0.015589 0.000465 0.000006 0.669521
0 4 0.724543 0.025709 0.001591 0.000039 0.248118
4 4 0.256574 0.030293 0.001613 0.000064 0.711456
1 4 0.107067 0.669024 0.049311 0.000171 0.174427
1 4 0.125984 0.628025 0.032331 0.000015 0.213644
1 4 0.328691 0.505988 0.014304 0.000010 0.151007
1 4 0.370684 0.423421 0.015689 0.000067 0.190139
1 4 0.158087 0.648566 0.007610 0.000001 0.185736
1 4 0.115124 0.593828 0.012291 0.000002 0.278754
1 4 0.216445 0.602588 0.039382 0.000122 0.141463
1 4 0.203328 0.607722 0.037148 0.000259 0.151543
1 4 0.097282 0.657365 0.064639 0.000130 0.180585
1 4 0.162550 0.710618 0.050465 0.000047 0.076320
1 1 0.230945 0.619965 0.018994 0.000014 0.130082
1 4 0.326295 0.359294 0.029409 0.000008 0.284994
1 4 0.114353 0.704930 0.052865 0.000047 0.127805
1 4 0.110432 0.776157 0.030068 0.000025 0.083317
1 4 0.075923 0.622958 0.025659 0.000003 0.275458
1 4 0.037670 0.674678 0.036547 0.000005 0.251099
1 4 0.068101 0.631443 0.049548 0.000037 0.250872
1 4 0.098210 0.670592 0.045601 0.000197 0.185400
1 4 0.056859 0.672241 0.122277 0.000427 0.148196
1 4 0.130600 0.741398 0.056324 0.000031 0.071646
1 4 0.209749 0.681492 0.032588 0.000131 0.076040
1 4 0.181270 0.499008 0.073986 0.000082 0.245655
4 4 0.111196 0.402961 0.009862 0.000009 0.475972
4 4 0.165833 0.139521 0.007523 0.000004 0.687119
1 4 0.203786 0.665859 0.038963 0.000489 0.090902
1 4 0.106753 0.638678 0.050040 0.000168 0.204361
1 4 0.076853 0.715075 0.059138 0.000049 0.148886
1 4 0.058902 0.737417 0.050106 0.000003 0.153572
1 4 0.140214 0.669209 0.039577 0.000359 0.150641
1 4 0.301970 0.643434 0.017971 0.000003 0.036622
1 4 0.163147 0.663458 0.084087 0.000473 0.088835
1 4 0.149477 0.699568 0.086492 0.000892 0.063571
0 0 0.709183 0.236151 0.020789 0.000068 0.033810
0 4 0.477462 0.436897 0.023291 0.000116 0.062234
1 4 0.157070 0.713553 0.078554 0.000404 0.050419
1 4 0.209482 0.690497 0.059701 0.000130 0.040190
1 4 0.130288 0.674483 0.156737 0.001127 0.037365
1 4 0.169518 0.672948 0.133902 0.000173 0.023459
1 4 0.136776 0.654642 0.164879 0.001390 0.042313
1 4 0.271250 0.586443 0.105164 0.000333 0.036811
1 4 0.287925 0.580016 0.068435 0.000553 0.063070
0 4 0.568158 0.310588 0.060271 0.000192 0.060791
1 1 0.197414 0.577726 0.205341 0.000393 0.019126
1 1 0.087694 0.610505 0.267993 0.000370 0.033438
1 1 0.065172 0.584242 0.334619 0.000452 0.015514
1 2 0.105821 0.483334 0.392702 0.000988 0.017155
1 2 0.147387 0.420239 0.416852 0.002756 0.012766
2 4 0.163590 0.324870 0.496878 0.004538 0.010124
1 4 0.365720 0.381948 0.138954 0.000187 0.113192
0 0 0.617526 0.327001 0.033315 0.000029 0.022129
1 1 0.127709 0.431366 0.429517 0.001548 0.009860
2 2 0.103405 0.401466 0.476502 0.006161 0.012466
0 2 0.443751 0.399993 0.095144 0.000303 0.060810
0 1 0.488916 0.262740 0.085724 0.000655 0.161965
2 2 0.051091 0.278196 0.662526 0.004164 0.004024
2 2 0.040753 0.301376 0.649273 0.002741 0.005857
2 2 0.040961 0.284359 0.659053 0.000206 0.015421
2 2 0.017190 0.237372 0.739115 0.000902 0.005421
2 2 0.045798 0.192076 0.745414 0.013136 0.003577
2 2 0.125346 0.290585 0.573666 0.004444 0.005959
2 2 0.024004 0.113348 0.845273 0.004618 0.012757
2 2 0.018143 0.152868 0.808045 0.018807 0.002137
2 1 0.183678 0.270477 0.530508 0.005726 0.009611
2 2 0.121320 0.370911 0.494764 0.001032 0.011974
2 2 0.006762 0.134134 0.854078 0.002810 0.002215
2 2 0.010822 0.129313 0.852081 0.004850 0.002934
2 2 0.017091 0.130740 0.841078 0.009989 0.001102
2 2 0.008199 0.129629 0.836743 0.024135 0.001294
2 2 0.007100 0.086815 0.872551 0.032108 0.001425
2 2 0.010588 0.074541 0.881244 0.032831 0.000796
2 2 0.026912 0.205850 0.744434 0.019316 0.003488
2 2 0.043324 0.241028 0.697097 0.013749 0.004802
2 2 0.040342 0.295921 0.655583 0.003221 0.004933
2 2 0.030477 0.203994 0.746682 0.015112 0.003734
2 2 0.034737 0.208966 0.751626 0.002813 0.001859
2 2 0.013540 0.180210 0.802378 0.001611 0.002261
2 2 0.017059 0.146441 0.818993 0.014770 0.002737
2 2 0.050518 0.162716 0.764452 0.017704 0.004611
2 2 0.039911 0.243125 0.682049 0.012898 0.022017
2 2 0.085532 0.293631 0.595785 0.013641 0.011410
2 2 0.040522 0.185120 0.744228 0.025295 0.004835
2 2 0.027505 0.224369 0.719885 0.023393 0.004847
2 2 0.011271 0.154901 0.819220 0.013162 0.001446
2 2 0.018658 0.158981 0.813080 0.008010 0.001271
2 2 0.012928 0.098728 0.864547 0.022798 0.000998
2 2 0.013354 0.132243 0.834846 0.018200 0.001356
2 2 0.031828 0.150693 0.771591 0.042261 0.003629
2 2 0.075270 0.244409 0.660727 0.013178 0.006416
2 2 0.085919 0.332665 0.563652 0.007849 0.009915
2 2 0.100120 0.328886 0.557908 0.004868 0.008219
2 2 0.051323 0.242891 0.698881 0.003731 0.003173
2 2 0.034500 0.225140 0.717327 0.018439 0.004595
2 2 0.012551 0.091426 0.858035 0.036749 0.001239
2 2 0.008416 0.121946 0.837964 0.030188 0.001485
2 2 0.015833 0.094951 0.852674 0.035251 0.001291
2 2 0.007157 0.090361 0.866697 0.034898 0.000887
2 2 0.007647 0.134365 0.825397 0.030264 0.002327
2 2 0.017989 0.175947 0.790402 0.012789 0.002874
2 2 0.012872 0.126697 0.838371 0.020580 0.001479
2 2 0.005755 0.086211 0.890586 0.016637 0.000810
2 2 0.009728 0.085913 0.845034 0.058056 0.001270
2 2 0.013233 0.076638 0.840011 0.068904 0.001214
2 2 0.008832 0.091447 0.880766 0.018241 0.000715
2 2 0.007584 0.079243 0.892797 0.019753 0.000623
2 2 0.007785 0.052898 0.846483 0.092134 0.000700
2 2 0.007523 0.053349 0.834919 0.103485 0.000724
2 2 0.001651 0.022069 0.811606 0.164431 0.000243
2 2 0.012211 0.052348 0.824311 0.110323 0.000809
2 2 0.009612 0.070651 0.785351 0.133025 0.001360
2 2 0.006605 0.056092 0.822342 0.114168 0.000793
2 2 0.008447 0.068619 0.782646 0.139132 0.001156
2 2 0.010961 0.049229 0.800772 0.138096 0.000942
2 2 0.012792 0.073753 0.814555 0.097520 0.001380
2 2 0.004991 0.059455 0.804679 0.129893 0.000983
2 3 0.003319 0.039401 0.736229 0.220386 0.000665
2 3 0.005688 0.060385 0.814070 0.118927 0.000929
2 2 0.015069 0.144917 0.799305 0.038250 0.002459
2 2 0.033292 0.178098 0.763760 0.021153 0.003697
2 2 0.014242 0.122042 0.815884 0.045750 0.002082
2 2 0.021045 0.109488 0.821166 0.046282 0.002020
2 2 0.014949 0.143594 0.804577 0.034493 0.002388
2 2 0.023088 0.173777 0.780932 0.019444 0.002759
2 2 0.016900 0.148129 0.806692 0.025574 0.002705
2 2 0.013547 0.162530 0.790085 0.030561 0.003278
2 2 0.011606 0.087099 0.787776 0.111729 0.001790
2 2 0.008942 0.065177 0.799916 0.124724 0.001241
2 2 0.024929 0.254484 0.690055 0.024616 0.005916
2 2 0.021808 0.269611 0.675920 0.026256 0.006405
2 2 0.006099 0.056326 0.894548 0.042537 0.000489
2 2 0.004684 0.057463 0.884942 0.052369 0.000542
2 2 0.008651 0.113185 0.851278 0.025613 0.001274
2 2 0.016756 0.155381 0.803839 0.021875 0.002148
2 2 0.006498 0.086355 0.850697 0.055322 0.001129
2 2 0.012502 0.064867 0.844712 0.076966 0.000953
2 2 0.007778 0.117126 0.796168 0.076758 0.002170
2 2 0.016854 0.122389 0.833643 0.025500 0.001615
2 2 0.017746 0.106075 0.837762 0.037069 0.001347
2 2 0.004433 0.075008 0.871212 0.048577 0.000770
2 2 0.021097 0.092551 0.824664 0.059993 0.001695
2 2 0.015640 0.136359 0.797057 0.048469 0.002474
2 2 0.007390 0.093336 0.877970 0.020431 0.000873
2 2 0.004332 0.102543 0.885030 0.006236 0.001858
2 2 0.002504 0.036629 0.820278 0.140173 0.000417
2 2 0.010334 0.052779 0.852452 0.083625 0.000809
2 2 0.005344 0.069788 0.890111 0.034159 0.000598
2 2 0.003873 0.052312 0.876371 0.066904 0.000541
2 3 0.006817 0.025240 0.600274 0.367037 0.000632
2 3 0.006066 0.028805 0.586051 0.378305 0.000773
2 2 0.013659 0.153424 0.814733 0.016307 0.001877
2 2 0.014802 0.133761 0.800787 0.047977 0.002674
2 2 0.018142 0.162414 0.756906 0.058643 0.003895
2 2 0.027762 0.188042 0.748308 0.031488 0.004400
2 2 0.017083 0.157927 0.779695 0.042213 0.003083
2 2 0.010581 0.131265 0.822806 0.033578 0.001769
2 2 0.016478 0.129837 0.824970 0.026941 0.001775
2 2 0.014370 0.143837 0.827350 0.013176 0.001266
2 2 0.047140 0.321723 0.621551 0.004246 0.005340
2 2 0.057303 0.317478 0.613819 0.005539 0.005861
2 2 0.017332 0.147367 0.822256 0.011385 0.001659
2 2 0.026466 0.151310 0.798899 0.020931 0.002394
2 2 0.008693 0.077123 0.900319 0.013300 0.000566
2 2 0.022625 0.077600 0.866023 0.032665 0.001087
2 2 0.040711 0.254831 0.692396 0.007110 0.004952
2 2 0.041603 0.294462 0.651908 0.006918 0.005109
2 2 0.013406 0.110872 0.857021 0.017528 0.001173
2 2 0.026255 0.145311 0.812302 0.014175 0.001957
2 2 0.049794 0.432375 0.501251 0.005844 0.010736
2 1 0.078998 0.439627 0.473915 0.000752 0.006708
2 2 0.111939 0.342719 0.538034 0.001341 0.005967
2 2 0.035820 0.341748 0.609682 0.006490 0.006260
2 2 0.033867 0.275957 0.680765 0.002906 0.006506
1 1 0.150781 0.510523 0.330683 0.000176 0.007837
1 1 0.163266 0.684857 0.116485 0.000180 0.035211
1 4 0.202187 0.660013 0.104147 0.000063 0.033590
1 4 0.268454 0.579962 0.116422 0.000359 0.034802
1 4 0.200001 0.549905 0.202103 0.002977 0.045014
1 4 0.124441 0.554938 0.306675 0.000574 0.013372
1 1 0.122638 0.646655 0.212086 0.000337 0.018285
1 1 0.054732 0.499432 0.440651 0.000295 0.004889
2 2 0.046626 0.431181 0.510395 0.000059 0.011739
1 4 0.105806 0.502733 0.374614 0.002026 0.014821
1 4 0.083269 0.510549 0.387826 0.002725 0.015631
1 4 0.135007 0.703745 0.135965 0.000140 0.025143
1 4 0.152993 0.708248 0.122878 0.000043 0.015839
1 1 0.195011 0.720184 0.074325 0.000003 0.010476
1 1 0.082826 0.731743 0.164281 0.000057 0.021093
1 1 0.084818 0.754717 0.143253 0.000002 0.017210
1 1 0.106797 0.813429 0.069027 0.000001 0.010746
1 4 0.378206 0.566459 0.030877 0.000013 0.024444
1 4 0.186247 0.633632 0.084443 0.000234 0.095445
2 2 0.070593 0.340641 0.572896 0.002965 0.012905
1 4 0.058618 0.472651 0.459742 0.000856 0.008133
2 2 0.033248 0.326418 0.632908 0.002470 0.004956
2 2 0.043311 0.329281 0.622131 0.001838 0.003440
1 2 0.074443 0.520968 0.400129 0.000129 0.004330
2 2 0.043821 0.412949 0.537268 0.000252 0.005710
2 2 0.066721 0.331617 0.595136 0.000418 0.006108
2 2 0.076372 0.456365 0.460872 0.000582 0.005809
2 2 0.027906 0.268655 0.695698 0.004184 0.003557
2 2 0.071711 0.349811 0.574030 0.001007 0.003441
2 2 0.042452 0.462605 0.490562 0.000375 0.004005
2 2 0.091274 0.395172 0.508033 0.000189 0.005332
1 2 0.078869 0.475513 0.436133 0.001013 0.008472
2 2 0.102406 0.362560 0.525055 0.001560 0.008419
2 2 0.070125 0.302501 0.624012 0.000689 0.002674
2 2 0.009976 0.096730 0.889712 0.001876 0.001706
1 2 0.072761 0.645862 0.271556 0.000007 0.009814
1 2 0.050910 0.504713 0.430827 0.000145 0.013406
2 2 0.042839 0.376598 0.577088 0.000241 0.003234
2 2 0.053315 0.403763 0.539340 0.000219 0.003363
2 2 0.014484 0.229226 0.748033 0.004436 0.003821
2 2 0.049958 0.334212 0.611482 0.000960 0.003388
1 2 0.064505 0.566788 0.359241 0.000423 0.009043
2 2 0.041219 0.355345 0.598316 0.001343 0.003777
1 2 0.073528 0.564225 0.349840 0.000143 0.012264
0 0 0.465627 0.387834 0.128316 0.000138 0.018085
1 1 0.126679 0.602292 0.258163 0.000236 0.012629
1 2 0.111964 0.508547 0.359077 0.000326 0.020086
2 1 0.028370 0.307871 0.657030 0.002865 0.003864
2 2 0.013968 0.246578 0.727171 0.002234 0.010049
2 2 0.039015 0.338000 0.604457 0.000481 0.018047
2 2 0.029990 0.380150 0.566051 0.000619 0.023191
1 2 0.023278 0.547110 0.409511 0.000024 0.020076
1 2 0.086592 0.501541 0.393432 0.000052 0.018384
1 1 0.144468 0.701443 0.131691 0.000074 0.022324
1 2 0.074847 0.596194 0.292971 0.000307 0.035681
1 2 0.100972 0.749999 0.128739 0.000006 0.020284
1 2 0.073230 0.656998 0.196117 0.000043 0.073612
1 2 0.072066 0.760700 0.143947 0.000049 0.023238
1 2 0.049182 0.712697 0.195383 0.000115 0.042624
2 2 0.054345 0.394877 0.542950 0.001553 0.006275
1 2 0.075680 0.537404 0.377288 0.000673 0.008954
1 2 0.095079 0.482556 0.411737 0.001078 0.009550
1 2 0.042808 0.483578 0.465101 0.000975 0.007537
2 2 0.016354 0.178488 0.791370 0.011542 0.002246
2 2 0.053835 0.311109 0.629650 0.001730 0.003676
1 2 0.072216 0.555124 0.367345 0.000104 0.005211
2 2 0.049753 0.424914 0.511806 0.000553 0.012975
1 2 0.135390 0.579224 0.246749 0.001169 0.037468
1 1 0.360582 0.499219 0.110946 0.000233 0.029020
1 1 0.048312 0.504639 0.434402 0.002086 0.010561
1 2 0.076844 0.518352 0.396822 0.000492 0.007490
2 2 0.027601 0.246297 0.721516 0.002412 0.002174
2 2 0.036017 0.290693 0.670752 0.000644 0.001894
1 2 0.112276 0.527500 0.348547 0.000324 0.011352
1 2 0.213615 0.587750 0.175488 0.000291 0.022856
1 2 0.096371 0.660029 0.231181 0.000175 0.012244
1 2 0.079584 0.528664 0.377657 0.001359 0.012735
1 2 0.083499 0.571035 0.336442 0.000082 0.008941
1 2 0.055419 0.494537 0.441854 0.000877 0.007314
1 2 0.079837 0.488028 0.419043 0.001895 0.011197
1 2 0.051303 0.556745 0.377887 0.001436 0.012628
1 2 0.067424 0.603850 0.320877 0.000042 0.007807
1 2 0.088623 0.673929 0.224719 0.000169 0.012560
2 2 0.097563 0.384930 0.498147 0.004920 0.014440
1 4 0.104696 0.456718 0.424719 0.001685 0.012182
1 4 0.330309 0.600543 0.040748 0.000007 0.028393
1 4 0.239367 0.690486 0.050189 0.000017 0.019941
1 4 0.205665 0.666038 0.102537 0.000121 0.025640
1 4 0.129791 0.662260 0.170837 0.000918 0.036194
1 4 0.304655 0.580118 0.085637 0.000127 0.029462
1 4 0.169725 0.723835 0.083059 0.000065 0.023316
1 4 0.269597 0.648538 0.040298 0.000069 0.041498
0 4 0.542708 0.418521 0.020106 0.000005 0.018659
1 4 0.309536 0.639134 0.026075 0.000010 0.025246
1 4 0.306950 0.616234 0.045102 0.000045 0.031669
1 4 0.324323 0.562798 0.062834 0.000268 0.049777
1 4 0.236331 0.652706 0.073879 0.000157 0.036927
1 4 0.155490 0.762033 0.068904 0.000013 0.013560
1 4 0.090494 0.782330 0.108831 0.000020 0.018325
1 4 0.227235 0.656873 0.086282 0.000121 0.029489
1 4 0.283878 0.606833 0.085742 0.000071 0.023476
1 4 0.068499 0.683222 0.234354 0.000248 0.013677
1 4 0.070854 0.732278 0.181368 0.000171 0.015329
1 4 0.112812 0.748055 0.106444 0.000271 0.032417
1 4 0.199393 0.683574 0.093661 0.000080 0.023291
1 4 0.059010 0.806735 0.091028 0.000019 0.043208
1 4 0.068714 0.786863 0.102319 0.000007 0.042097
1 4 0.074050 0.680530 0.125535 0.000027 0.119859
1 4 0.091120 0.718565 0.111060 0.000267 0.078987
1 4 0.056404 0.765811 0.072660 0.000011 0.105114
1 4 0.038657 0.733355 0.063717 0.000001 0.164269
1 4 0.141847 0.611682 0.066021 0.000150 0.180300
1 4 0.108003 0.704445 0.049122 0.000004 0.138425
0 4 0.519234 0.059579 0.007368 0.000590 0.413229
0 4 0.693062 0.037577 0.004979 0.000120 0.264263
4 4 0.224437 0.042794 0.010255 0.000189 0.722325
0 4 0.432198 0.117153 0.018097 0.000956 0.431596
4 4 0.265567 0.245715 0.017375 0.000591 0.470753
4 4 0.383888 0.123568 0.019504 0.000197 0.472844
1 4 0.277420 0.523392 0.039608 0.000195 0.159385
1 4 0.182941 0.575663 0.072914 0.000415 0.168068
0 4 0.588501 0.225769 0.042193 0.000886 0.142650
0 4 0.539525 0.204843 0.034824 0.000855 0.219952
4 4 0.297919 0.334554 0.014962 0.000062 0.352503
4 4 0.075437 0.156582 0.028459 0.000033 0.739490
4 4 0.156613 0.020724 0.001194 0.000029 0.821438
4 4 0.202374 0.025813 0.002222 0.000044 0.769548
4 4 0.315932 0.051815 0.011674 0.000308 0.620271
0 4 0.634762 0.040588 0.008114 0.000120 0.316416
0 4 0.646500 0.157840 0.016537 0.000662 0.178461
0 4 0.515025 0.120569 0.023077 0.000257 0.341072
4 4 0.235473 0.038958 0.004919 0.000162 0.720488
4 4 0.310468 0.043251 0.006535 0.000178 0.639567
4 4 0.335278 0.031348 0.004611 0.000048 0.628716
4 4 0.350294 0.046792 0.005095 0.000256 0.597562
4 4 0.386818 0.049416 0.004231 0.000333 0.559201
0 4 0.696066 0.039159 0.003439 0.000169 0.261166
4 4 0.217655 0.027397 0.001576 0.000033 0.753338
4 4 0.380460 0.032471 0.001941 0.000074 0.585054
0 4 0.659842 0.024301 0.002077 0.000023 0.313758
0 4 0.546368 0.056119 0.003588 0.000616 0.393309
0 4 0.607711 0.046281 0.003379 0.000117 0.342512
4 4 0.341475 0.162263 0.011117 0.000168 0.484976
4 4 0.259251 0.032523 0.002726 0.000086 0.705414
0 4 0.548022 0.033832 0.004133 0.000062 0.413951
0 4 0.559081 0.025292 0.002425 0.000022 0.413181
4 4 0.148168 0.029264 0.002830 0.000094 0.819643
4 4 0.226366 0.027156 0.002168 0.000049 0.744261
0 4 0.535141 0.058454 0.002611 0.000093 0.403701
0 4 0.485636 0.441988 0.010883 0.000016 0.061476
1 4 0.078052 0.526333 0.032909 0.000074 0.362632
4 4 0.249270 0.364142 0.017719 0.000329 0.368540
4 4 0.368220 0.247665 0.011778 0.000291 0.372047
0 4 0.588180 0.029739 0.004165 0.000036 0.377879
4 4 0.460130 0.060163 0.005628 0.000677 0.473402
1 4 0.253503 0.582019 0.010052 0.000009 0.154417
1 4 0.172412 0.523228 0.013525 0.000026 0.290809
0 4 0.564320 0.400251 0.007244 0.000003 0.028182
1 4 0.391318 0.536930 0.020488 0.000031 0.051233
1 4 0.034886 0.554184 0.369100 0.001379 0.040451
1 4 0.087206 0.636197 0.240353 0.003117 0.033127
1 4 0.123036 0.776845 0.060845 0.000028 0.039246
1 4 0.087026 0.805076 0.069427 0.000011 0.038459
1 4 0.174592 0.690296 0.102088 0.000224 0.032800
1 4 0.138287 0.741455 0.091308 0.000139 0.028811
1 4 0.161377 0.696120 0.097013 0.000455 0.045035
1 4 0.248649 0.672942 0.053788 0.000032 0.024590
1 4 0.176565 0.704554 0.087078 0.000150 0.031653
1 4 0.188908 0.623040 0.135179 0.001248 0.051625
1 4 0.360535 0.505591 0.104717 0.000204 0.028952
1 4 0.335347 0.541884 0.094774 0.000142 0.027852
1 4 0.147015 0.647741 0.178556 0.000441 0.026246
1 4 0.120313 0.625185 0.220528 0.001580 0.032395
1 4 0.233211 0.594205 0.103668 0.001473 0.067443
0 0 0.678234 0.246697 0.049049 0.000119 0.025902
1 4 0.270370 0.653549 0.033878 0.000008 0.042195
1 4 0.102274 0.735392 0.078085 0.000077 0.084172
1 4 0.218566 0.630964 0.099297 0.000389 0.050783
1 4 0.169757 0.671148 0.122403 0.000080 0.036612
1 4 0.162064 0.672778 0.116991 0.000774 0.047393
1 4 0.171608 0.639260 0.157127 0.000057 0.031949
1 4 0.395667 0.443572 0.073016 0.001854 0.085890
0 4 0.724638 0.194602 0.022630 0.000253 0.057877
0 0 0.714354 0.235720 0.011447 0.000030 0.038448
1 4 0.287132 0.508847 0.088602 0.001643 0.113776
4 4 0.277002 0.317169 0.086085 0.001353 0.318391
0 4 0.621719 0.320173 0.023394 0.000048 0.034666
1 4 0.265392 0.560941 0.120800 0.001060 0.051807
1 4 0.284827 0.594016 0.060927 0.000384 0.059846
0 4 0.670625 0.113503 0.024395 0.001361 0.190115
0 4 0.796034 0.090870 0.015961 0.000926 0.096208
0 4 0.548483 0.361256 0.058932 0.000146 0.031182
1 4 0.198357 0.636220 0.107621 0.000985 0.056817
1 4 0.236405 0.656873 0.071960 0.000127 0.034635
1 4 0.214141 0.552625 0.105587 0.000406 0.127241
1 4 0.191917 0.483001 0.299465 0.002161 0.023456
1 4 0.172055 0.466813 0.335744 0.003338 0.022050
1 4 0.115098 0.538272 0.315123 0.000776 0.030731
1 2 0.096273 0.634060 0.245785 0.000170 0.023712
1 4 0.114436 0.558290 0.289729 0.001169 0.036375
1 2 0.151284 0.563642 0.256864 0.001923 0.026287
2 2 0.048907 0.340804 0.603797 0.001948 0.004544
2 2 0.087076 0.385141 0.501812 0.001432 0.024539
2 2 0.076365 0.381814 0.518889 0.001031 0.021901
2 1 0.107483 0.428170 0.446056 0.004198 0.014093
2 2 0.039838 0.340098 0.610711 0.001191 0.008162
2 2 0.071296 0.274223 0.647225 0.003049 0.004206
2 2 0.015080 0.101657 0.875417 0.006939 0.000908
2 2 0.027758 0.127571 0.841303 0.001125 0.002243
2 2 0.003761 0.087485 0.906729 0.000128 0.001897
2 2 0.008988 0.123962 0.863685 0.001852 0.001513
2 2 0.012450 0.157930 0.814941 0.006439 0.008239
2 1 0.046068 0.259443 0.677213 0.010725 0.006550
2 2 0.018055 0.175253 0.802160 0.002435 0.002097
2 2 0.005872 0.098484 0.892705 0.001773 0.001166
2 2 0.008536 0.152462 0.822182 0.015470 0.001350
2 2 0.013942 0.167138 0.809571 0.005790 0.003559
2 2 0.007810 0.054943 0.918678 0.017954 0.000615
2 2 0.006394 0.056808 0.913497 0.022816 0.000485
2 2 0.004452 0.049488 0.934193 0.011348 0.000520
2 2 0.013487 0.117741 0.855497 0.012494 0.000782
2 1 0.012752 0.134170 0.821099 0.030106 0.001873
2 2 0.018184 0.133165 0.834749 0.007235 0.006667
2 2 0.009739 0.076555 0.888186 0.024889 0.000631
2 2 0.015923 0.103826 0.850316 0.028802 0.001134
2 2 0.010571 0.119212 0.861688 0.006810 0.001720
2 2 0.001625 0.058050 0.935592 0.002978 0.001755
2 2 0.006854 0.094356 0.869190 0.026369 0.003231
2 2 0.015259 0.171116 0.784740 0.026400 0.002484
2 2 0.002154 0.029352 0.883879 0.084311 0.000303
2 3 0.001198 0.023391 0.883355 0.091862 0.000194
2 2 0.004488 0.070115 0.885424 0.039081 0.000892
2 2 0.003989 0.062566 0.894895 0.037794 0.000757
2 2 0.019749 0.154849 0.805705 0.015441 0.004256
2 1 0.030513 0.195119 0.724667 0.043422 0.006279
2 2 0.004422 0.051175 0.883300 0.058591 0.002511
2 2 0.005710 0.090908 0.847990 0.053246 0.002146
2 2 0.011379 0.110221 0.868037 0.009397 0.000967
2 2 0.008931 0.114487 0.869202 0.005948 0.001432
2 2 0.006972 0.038230 0.822043 0.132332 0.000424
2 3 0.003925 0.020750 0.785566 0.189503 0.000255
2 2 0.004634 0.086474 0.871672 0.036254 0.000966
2 3 0.022253 0.120449 0.833705 0.017718 0.005874
2 3 0.022709 0.139652 0.814370 0.021430 0.001839
2 2 0.004241 0.102527 0.871499 0.020519 0.001214
2 2 0.006343 0.103777 0.883542 0.005269 0.001069
2 2 0.011675 0.144710 0.830023 0.012219 0.001373
2 2 0.006635 0.078718 0.870493 0.043288 0.000866
2 2 0.012491 0.061511 0.881398 0.043846 0.000754
2 2 0.020097 0.189254 0.773690 0.014381 0.002577
2 2 0.015149 0.165558 0.799600 0.017391 0.002301
2 2 0.008762 0.147236 0.829937 0.012702 0.001362
2 2 0.022111 0.136324 0.830810 0.009404 0.001352
2 3 0.006247 0.051383 0.847040 0.094625 0.000705
2 2 0.003740 0.059642 0.906013 0.030214 0.000391
2 3 0.008319 0.063784 0.837918 0.089111 0.000868
2 2 0.006107 0.072658 0.848015 0.072256 0.000964
2 2 0.006762 0.087551 0.867891 0.036822 0.000974
2 2 0.013893 0.081677 0.878311 0.025303 0.000817
2 2 0.006070 0.085659 0.873597 0.032950 0.001723
2 2 0.003689 0.077757 0.877104 0.040766 0.000683
2 2 0.004081 0.046096 0.876953 0.072390 0.000481
2 2 0.003034 0.050770 0.879632 0.066029 0.000534
2 2 0.005891 0.046691 0.874392 0.072303 0.000723
2 2 0.007818 0.078158 0.824494 0.088249 0.001281
2 2 0.008217 0.083899 0.872751 0.034207 0.000926
2 2 0.007207 0.073521 0.853148 0.065154 0.000969
2 3 0.003029 0.025637 0.828453 0.142616 0.000265
2 2 0.001695 0.020072 0.749023 0.229002 0.000208
