0 0 0.996662 0.002461 0.000457 0.000003 0.000417
0 0 0.996906 0.002287 0.000423 0.000002 0.000380
0 0 0.997286 0.001925 0.000366 0.000002 0.000422
0 0 0.997785 0.001658 0.000303 0.000001 0.000253
0 0 0.997200 0.001965 0.000376 0.000002 0.000457
0 0 0.997536 0.001837 0.000337 0.000002 0.000288
0 0 0.995753 0.002906 0.000567 0.000004 0.000769
0 0 0.995918 0.002986 0.000559 0.000004 0.000533
0 0 0.982403 0.010918 0.002277 0.000037 0.004365
0 0 0.967544 0.016808 0.003749 0.000081 0.011817
0 0 0.765632 0.137079 0.055290 0.009614 0.032385
0 1 0.520505 0.330488 0.080437 0.000352 0.068218
1 1 0.055908 0.645469 0.181779 0.000310 0.116534
1 1 0.091757 0.573146 0.158960 0.000867 0.175271
1 1 0.020533 0.560557 0.177204 0.000411 0.241295
1 1 0.036077 0.542921 0.155939 0.003220 0.261842
1 1 0.041549 0.612125 0.185230 0.000174 0.160922
1 1 0.035363 0.629060 0.192020 0.000120 0.143437
1 1 0.091259 0.585366 0.162097 0.000703 0.160575
1 1 0.047214 0.646679 0.183501 0.000353 0.122253
1 1 0.029033 0.548965 0.185649 0.003256 0.233096
4 1 0.037227 0.364684 0.120453 0.003217 0.474419
1 1 0.020853 0.601043 0.191874 0.000147 0.186083
1 1 0.023354 0.585440 0.183762 0.000272 0.207172
1 1 0.005142 0.600333 0.213491 0.000042 0.180992
1 1 0.004977 0.538771 0.259022 0.000425 0.196804
1 1 0.042034 0.591195 0.172669 0.000723 0.193379
1 1 0.042224 0.599418 0.177700 0.000401 0.180257
1 1 0.023456 0.568588 0.187335 0.000095 0.220527
1 1 0.004130 0.567118 0.258958 0.000265 0.169529
1 1 0.029176 0.560228 0.175942 0.000301 0.234353
1 1 0.024170 0.432816 0.196875 0.001197 0.344942
1 1 0.025084 0.478992 0.159871 0.000224 0.335829
1 1 0.025413 0.442712 0.150215 0.000216 0.381444
2 1 0.078737 0.382125 0.414347 0.008767 0.116024
1 1 0.062521 0.459142 0.359136 0.003802 0.115399
1 1 0.015933 0.583774 0.237320 0.000488 0.162484
1 1 0.019755 0.631628 0.199159 0.000419 0.149039
2 1 0.014461 0.424156 0.486450 0.002705 0.072227
2 1 0.016218 0.286332 0.635241 0.007018 0.055191
2 2 0.002273 0.119000 0.852970 0.003373 0.022385
2 2 0.001247 0.085452 0.893555 0.004100 0.015645
2 2 0.001390 0.055985 0.855161 0.072701 0.014764
2 2 0.000696 0.031740 0.883891 0.078651 0.005021
2 2 0.001894 0.084007 0.884979 0.010901 0.018219
2 2 0.001583 0.045738 0.921098 0.015575 0.016007
2 2 0.006898 0.112190 0.608457 0.228096 0.044358
2 3 0.010737 0.094783 0.604369 0.243021 0.047090
2 3 0.000913 0.039056 0.887626 0.067872 0.004533
2 3 0.000493 0.013083 0.805563 0.179173 0.001688
3 3 0.000447 0.015437 0.420306 0.560399 0.003411
2 3 0.001480 0.039592 0.536703 0.413892 0.008333
3 3 0.000641 0.011410 0.382262 0.605093 0.000595
3 3 0.000199 0.004634 0.393163 0.600986 0.001017
3 3 0.001349 0.018085 0.366810 0.612213 0.001542
3 3 0.000262 0.006085 0.320661 0.670929 0.002063
3 3 0.000303 0.011125 0.271426 0.715956 0.001190
3 3 0.000319 0.007745 0.280557 0.704990 0.006389
3 3 0.000460 0.006202 0.350324 0.642480 0.000533
2 3 0.000555 0.006168 0.570822 0.421904 0.000551
3 3 0.000246 0.007364 0.160143 0.830806 0.001441
3 3 0.000253 0.006717 0.232652 0.759327 0.001051
3 3 0.000091 0.003440 0.159081 0.836558 0.000830
3 3 0.000051 0.001939 0.071151 0.926728 0.000131
3 3 0.000080 0.003511 0.137831 0.858266 0.000313
3 3 0.000097 0.003694 0.140123 0.855273 0.000812
3 3 0.000417 0.008075 0.101710 0.888605 0.001193
3 3 0.000098 0.004186 0.174598 0.820521 0.000597
3 3 0.000112 0.003932 0.163277 0.831444 0.001236
3 3 0.000033 0.001619 0.143325 0.854717 0.000306
3 3 0.000610 0.006717 0.093122 0.893196 0.006356
3 3 0.000771 0.011660 0.120381 0.864223 0.002965
3 3 0.000105 0.002297 0.077302 0.919092 0.001204
3 3 0.000178 0.003342 0.061079 0.934733 0.000667
3 3 0.000214 0.003916 0.063779 0.931086 0.001004
3 3 0.000064 0.001540 0.066411 0.931483 0.000502
3 3 0.000033 0.001035 0.093638 0.904866 0.000428
3 3 0.000078 0.002376 0.070452 0.926915 0.000179
3 3 0.000025 0.001025 0.072786 0.926058 0.000106
3 3 0.000097 0.001565 0.054627 0.943172 0.000540
3 3 0.000181 0.002139 0.032488 0.964402 0.000789
3 3 0.000150 0.002932 0.063682 0.932234 0.001003
3 3 0.000012 0.000483 0.073111 0.926279 0.000115
3 3 0.000051 0.001475 0.064299 0.933865 0.000309
3 3 0.000223 0.005777 0.116318 0.876449 0.001233
3 3 0.000124 0.002164 0.072543 0.923873 0.001296
3 3 0.000022 0.000557 0.031516 0.967858 0.000047
3 3 0.000357 0.004169 0.040328 0.955047 0.000099
3 3 0.011468 0.026031 0.208368 0.753030 0.001102
3 3 0.003668 0.039847 0.286264 0.668290 0.001932
3 3 0.007641 0.127183 0.353153 0.502034 0.009988
3 3 0.011016 0.159740 0.394412 0.415932 0.018900
3 3 0.145081 0.127389 0.338148 0.370001 0.019382
2 3 0.066046 0.232652 0.479158 0.181381 0.040763
2 3 0.006834 0.149413 0.597172 0.232728 0.013852
2 3 0.003423 0.100442 0.621699 0.263045 0.011390
2 3 0.006528 0.146892 0.749267 0.085144 0.012169
2 3 0.007816 0.142235 0.688939 0.147169 0.013841
2 3 0.009174 0.161822 0.706488 0.099562 0.022955
2 3 0.006856 0.123464 0.752373 0.107283 0.010023
2 3 0.012187 0.140688 0.467453 0.365391 0.014281
2 3 0.018719 0.318125 0.438491 0.188718 0.035947
2 2 0.002769 0.046394 0.803772 0.144106 0.002959
2 2 0.001992 0.053447 0.821236 0.117744 0.005581
2 2 0.011606 0.249130 0.649942 0.064334 0.024989
2 2 0.010656 0.124996 0.802270 0.038366 0.023712
2 2 0.004985 0.136991 0.765736 0.078655 0.013633
2 2 0.006519 0.136437 0.723194 0.121379 0.012471
2 2 0.044233 0.138810 0.515752 0.288065 0.013140
2 2 0.029168 0.258252 0.510931 0.174813 0.026835
2 2 0.003708 0.071855 0.885111 0.033498 0.005829
2 2 0.001787 0.069740 0.881441 0.042212 0.004819
2 2 0.000890 0.021272 0.875489 0.101267 0.001082
2 2 0.001706 0.099862 0.818988 0.071045 0.008399
2 2 0.001031 0.037364 0.888500 0.068362 0.004744
2 2 0.001374 0.056339 0.878188 0.059799 0.004301
2 2 0.006949 0.108072 0.751078 0.123177 0.010724
2 2 0.001445 0.052659 0.888494 0.046978 0.010425
2 2 0.007719 0.149261 0.562014 0.258118 0.022889
2 2 0.010777 0.083125 0.620357 0.272909 0.012831
2 2 0.007748 0.148757 0.509352 0.314918 0.019226
2 2 0.006510 0.151091 0.589622 0.216012 0.036764
2 2 0.003854 0.030843 0.854947 0.106931 0.003424
2 2 0.003458 0.034974 0.856517 0.101764 0.003287
2 2 0.005695 0.053180 0.723297 0.213328 0.004500
2 3 0.015032 0.106593 0.673700 0.191419 0.013257
2 3 0.002151 0.039189 0.617663 0.338895 0.002102
2 3 0.001281 0.017056 0.592042 0.388636 0.000985
2 3 0.006030 0.048685 0.603667 0.339347 0.002272
2 3 0.005638 0.040378 0.559044 0.392223 0.002717
2 3 0.001211 0.025073 0.541763 0.430700 0.001253
2 3 0.000338 0.015094 0.592089 0.389227 0.003252
2 3 0.003510 0.043209 0.568137 0.382807 0.002336
3 3 0.004401 0.040011 0.471841 0.481616 0.002131
3 3 0.000260 0.006967 0.267469 0.725096 0.000209
3 3 0.000296 0.007652 0.262077 0.729752 0.000223
3 3 0.000643 0.017606 0.392215 0.588729 0.000807
3 3 0.001273 0.020710 0.355478 0.620306 0.002233
3 3 0.000777 0.026602 0.291684 0.679461 0.001476
3 3 0.000732 0.025683 0.401265 0.570292 0.002028
3 3 0.000476 0.010612 0.278976 0.708987 0.000949
3 3 0.000551 0.014453 0.302698 0.681588 0.000710
3 3 0.017474 0.049336 0.374146 0.556340 0.002704
2 3 0.008080 0.128478 0.549479 0.304692 0.009270
2 3 0.004308 0.028971 0.599318 0.366194 0.001210
2 3 0.007065 0.107420 0.720053 0.157537 0.007924
2 3 0.001694 0.036034 0.782725 0.177454 0.002093
2 3 0.002141 0.029994 0.809888 0.156734 0.001243
2 3 0.013255 0.079594 0.651912 0.249938 0.005300
2 3 0.009761 0.053461 0.639548 0.288943 0.008286
2 3 0.002675 0.022702 0.829740 0.144177 0.000706
2 3 0.001181 0.018887 0.902422 0.077075 0.000435
2 3 0.001934 0.052009 0.763996 0.176255 0.005805
2 3 0.004345 0.127179 0.740677 0.105689 0.022110
2 3 0.000806 0.008172 0.808796 0.181197 0.001030
2 3 0.001765 0.072590 0.788781 0.131834 0.005030
2 3 0.002148 0.093439 0.696993 0.194302 0.013117
2 3 0.003020 0.046076 0.633016 0.308024 0.009864
3 3 0.025822 0.093863 0.409825 0.440931 0.029559
3 3 0.137598 0.179488 0.321759 0.341198 0.019956
2 3 0.009024 0.121787 0.633474 0.228425 0.007291
2 3 0.001164 0.024115 0.586337 0.385556 0.002828
2 3 0.007124 0.039254 0.858637 0.082863 0.012122
2 3 0.013585 0.128133 0.746072 0.095456 0.016754
2 3 0.009295 0.097683 0.815278 0.061754 0.015990
2 2 0.013401 0.197155 0.719734 0.039446 0.030265
2 2 0.009633 0.189327 0.731361 0.023499 0.046179
2 4 0.021998 0.362805 0.528980 0.017941 0.068277
1 4 0.026552 0.479004 0.271619 0.000600 0.222225
1 4 0.024150 0.559500 0.218645 0.000431 0.197274
1 4 0.096913 0.451931 0.130842 0.001639 0.318676
1 4 0.083550 0.535405 0.156260 0.000538 0.224246
4 4 0.110720 0.351050 0.123534 0.002281 0.412415
1 4 0.085257 0.444177 0.130577 0.001531 0.338457
1 4 0.061877 0.504251 0.177848 0.001278 0.254746
1 4 0.101347 0.458223 0.135861 0.000735 0.303834
1 4 0.065777 0.500657 0.247486 0.001905 0.184176
1 4 0.068147 0.491100 0.206207 0.001539 0.233005
4 4 0.067041 0.368124 0.111716 0.002215 0.450904
4 4 0.125155 0.343696 0.100220 0.002733 0.428196
4 4 0.295161 0.134025 0.038216 0.005798 0.526801
4 4 0.197966 0.228370 0.064805 0.006514 0.502345
1 4 0.150212 0.419411 0.118787 0.001692 0.309898
1 4 0.093282 0.588062 0.166727 0.000319 0.151610
1 4 0.104800 0.502928 0.148515 0.000401 0.243356
1 4 0.091231 0.609250 0.166399 0.000575 0.132545
1 4 0.078849 0.504996 0.142503 0.002393 0.271259
1 4 0.107051 0.492912 0.138229 0.001788 0.260020
1 4 0.023842 0.517660 0.306949 0.000221 0.151327
1 4 0.019047 0.486172 0.330980 0.000279 0.163523
1 4 0.017992 0.458808 0.324922 0.001175 0.197104
1 4 0.021331 0.546431 0.253895 0.000670 0.177672
1 4 0.013353 0.527104 0.345854 0.001898 0.111792
2 4 0.008332 0.400514 0.446121 0.005410 0.139623
2 4 0.004397 0.266614 0.689937 0.000565 0.038487
2 4 0.002664 0.105397 0.859542 0.001265 0.031133
2 2 0.009009 0.307673 0.601774 0.014524 0.067020
2 2 0.007845 0.293940 0.626871 0.005928 0.065417
2 2 0.003566 0.087286 0.888865 0.002285 0.017997
2 2 0.010534 0.345028 0.604198 0.000917 0.039323
2 2 0.005351 0.058429 0.923559 0.008612 0.004050
2 2 0.009439 0.164641 0.811834 0.004521 0.009565
0 2 0.986671 0.009621 0.002041 0.000052 0.001615
0 0 0.992047 0.005657 0.001090 0.000012 0.001194
0 0 0.985571 0.009978 0.001973 0.000031 0.002447
0 0 0.994368 0.004067 0.000772 0.000007 0.000787
0 0 0.988683 0.006590 0.001396 0.000016 0.003316
0 0 0.985753 0.007355 0.001620 0.000019 0.005252
0 0 0.991596 0.005963 0.001152 0.000013 0.001276
0 0 0.991573 0.005978 0.001155 0.000013 0.001280
0 0 0.987368 0.007586 0.001593 0.000020 0.003433
0 0 0.988873 0.006398 0.001361 0.000015 0.003353
0 0 0.963796 0.012921 0.003121 0.000054 0.020108
0 0 0.978692 0.009846 0.002242 0.000033 0.009187
0 0 0.967061 0.011192 0.002722 0.000042 0.018983
0 0 0.958948 0.015186 0.003653 0.000071 0.022141
0 0 0.983319 0.006030 0.001435 0.000014 0.009202
0 0 0.968540 0.010454 0.002550 0.000038 0.018418
0 0 0.956283 0.030544 0.006405 0.000058 0.006711
0 0 0.961039 0.025496 0.005261 0.000160 0.008043
1 0 0.118310 0.586872 0.170062 0.003594 0.121161
1 0 0.057009 0.542010 0.275794 0.008090 0.117097
1 1 0.014327 0.634630 0.258376 0.001941 0.090726
2 1 0.009042 0.439452 0.458043 0.010077 0.083386
2 1 0.011157 0.302681 0.641059 0.004589 0.040514
2 1 0.005597 0.181492 0.774107 0.003193 0.035611
2 2 0.002396 0.117670 0.858092 0.004890 0.016952
2 2 0.002626 0.158185 0.816848 0.001903 0.020438
2 2 0.002945 0.094154 0.873841 0.019939 0.009121
2 2 0.004286 0.165354 0.798303 0.017188 0.014869
2 2 0.001830 0.081038 0.893218 0.014880 0.009034
2 2 0.002381 0.129437 0.837999 0.008395 0.021789
2 2 0.005181 0.099315 0.867169 0.020484 0.007852
2 2 0.006274 0.102378 0.847536 0.033851 0.009962
2 2 0.006156 0.292700 0.633469 0.012642 0.055033
2 2 0.011542 0.325316 0.594847 0.019237 0.049058
2 2 0.002542 0.049159 0.929179 0.012610 0.006510
2 2 0.002178 0.088177 0.875461 0.025598 0.008585
2 2 0.000423 0.021171 0.921255 0.055194 0.001957
2 2 0.001211 0.040717 0.920685 0.034110 0.003277
2 2 0.000960 0.027865 0.931751 0.037933 0.001492
2 2 0.000839 0.041465 0.924962 0.030523 0.002211
2 2 0.005241 0.081150 0.822261 0.085325 0.006023
2 2 0.001770 0.021158 0.915082 0.059649 0.002342
2 2 0.005158 0.089460 0.816371 0.082444 0.006568
2 2 0.002732 0.093377 0.848191 0.048066 0.007633
2 2 0.001569 0.025892 0.784938 0.185263 0.002338
2 2 0.004431 0.129931 0.727206 0.127777 0.010656
2 3 0.000310 0.008871 0.767716 0.222640 0.000463
2 3 0.003650 0.063943 0.744314 0.184370 0.003723
2 3 0.000538 0.029339 0.808865 0.159349 0.001909
2 3 0.005205 0.053206 0.718413 0.220930 0.002247
2 3 0.005407 0.043715 0.687147 0.259312 0.004419
2 3 0.010285 0.074215 0.559043 0.347270 0.009187
3 3 0.000812 0.011235 0.418968 0.568538 0.000447
2 3 0.000330 0.006774 0.504269 0.488361 0.000265
3 3 0.000560 0.013199 0.347557 0.637988 0.000696
3 3 0.000791 0.022541 0.364054 0.607434 0.005180
3 3 0.000721 0.017401 0.297028 0.677755 0.007096
3 3 0.001128 0.026744 0.284916 0.682489 0.004724
3 3 0.001971 0.029338 0.458618 0.507573 0.002501
3 3 0.000431 0.012216 0.422754 0.563534 0.001064
3 3 0.002629 0.017861 0.242221 0.731147 0.006142
3 3 0.004710 0.032185 0.278191 0.677721 0.007194
3 3 0.000319 0.009564 0.225224 0.763440 0.001452
3 3 0.000296 0.008528 0.242559 0.748161 0.000457
3 3 0.000109 0.004908 0.193636 0.800793 0.000554
3 3 0.000432 0.008198 0.155592 0.834898 0.000880
3 3 0.000167 0.004291 0.192241 0.803159 0.000141
3 3 0.000558 0.009819 0.236213 0.752573 0.000836
3 3 0.000241 0.004278 0.152416 0.842975 0.000089
3 3 0.000206 0.003094 0.126906 0.869732 0.000062
3 3 0.000169 0.005846 0.180855 0.812867 0.000262
3 3 0.000296 0.006364 0.201756 0.791397 0.000186
3 3 0.001425 0.014964 0.165512 0.815299 0.002800
3 3 0.000716 0.011869 0.145978 0.840448 0.000989
3 3 0.001117 0.010973 0.111525 0.875920 0.000466
3 3 0.000425 0.006927 0.136919 0.855219 0.000510
3 3 0.000878 0.011839 0.218294 0.768643 0.000346
3 3 0.001482 0.010609 0.111279 0.876195 0.000435
3 3 0.003378 0.026518 0.271207 0.697911 0.000986
3 3 0.004082 0.025494 0.287676 0.679509 0.003239
3 3 0.000921 0.009345 0.233534 0.755797 0.000404
3 3 0.004862 0.024017 0.306505 0.663673 0.000943
3 3 0.004172 0.026628 0.302870 0.664608 0.001722
3 3 0.003802 0.028645 0.361367 0.604299 0.001887
3 3 0.000798 0.008892 0.141565 0.848282 0.000463
3 3 0.000885 0.008654 0.152345 0.837507 0.000609
3 3 0.000211 0.005987 0.130151 0.863242 0.000409
3 3 0.000796 0.007114 0.132997 0.858769 0.000323
3 3 0.000234 0.004560 0.154343 0.840486 0.000378
3 3 0.000112 0.002882 0.103773 0.893112 0.000121
3 3 0.000380 0.002854 0.037125 0.959505 0.000136
3 3 0.000143 0.002118 0.032596 0.965037 0.000107
3 3 0.001810 0.016326 0.078542 0.901716 0.001606
3 3 0.000725 0.006362 0.075723 0.916835 0.000355
3 3 0.000375 0.006820 0.083763 0.907751 0.001291
3 3 0.000285 0.004059 0.038156 0.957159 0.000341
3 3 0.000057 0.001646 0.046635 0.951537 0.000125
3 3 0.000083 0.002379 0.077993 0.919421 0.000124
3 3 0.000109 0.002181 0.049054 0.948298 0.000358
3 3 0.000114 0.003147 0.062160 0.934355 0.000225
3 3 0.000249 0.003536 0.068120 0.927118 0.000977
3 3 0.000184 0.002949 0.043919 0.952607 0.000340
3 3 0.000015 0.000581 0.041344 0.958047 0.000013
3 3 0.000004 0.000269 0.050502 0.949218 0.000006
3 3 0.000116 0.002527 0.058290 0.938705 0.000363
3 3 0.000033 0.001491 0.059755 0.938656 0.000065
3 3 0.000130 0.002489 0.105101 0.892226 0.000053
3 3 0.000019 0.001087 0.105340 0.893527 0.000027
3 3 0.000120 0.002422 0.040193 0.957055 0.000211
3 3 0.000255 0.003984 0.040456 0.955052 0.000252
3 3 0.001142 0.008209 0.060101 0.926377 0.004171
3 3 0.000781 0.002549 0.017718 0.977910 0.001042
3 3 0.003823 0.009273 0.053685 0.930862 0.002357
3 3 0.090140 0.089041 0.225371 0.589521 0.005927
2 3 0.012459 0.216268 0.393209 0.356974 0.021090
2 3 0.007710 0.098426 0.448993 0.430417 0.014454
2 2 0.004339 0.032826 0.770563 0.190390 0.001882
2 2 0.002659 0.043070 0.790621 0.159693 0.003957
2 2 0.008173 0.147670 0.697945 0.134342 0.011869
2 2 0.002876 0.026031 0.878344 0.087491 0.005258
2 2 0.000065 0.001267 0.790861 0.207792 0.000015
2 2 0.000022 0.000683 0.754355 0.244934 0.000006
2 2 0.005627 0.148973 0.678047 0.153545 0.013807
2 2 0.004611 0.079938 0.786661 0.124248 0.004541
2 2 0.000830 0.018415 0.953650 0.024080 0.003025
2 2 0.005288 0.187682 0.780465 0.012517 0.014048
2 2 0.004138 0.124162 0.827811 0.010696 0.033193
2 2 0.018149 0.311370 0.634350 0.005457 0.030675
1 4 0.031427 0.489260 0.254342 0.005411 0.219560
1 4 0.037100 0.397857 0.272761 0.003269 0.289013
1 4 0.068660 0.402079 0.221468 0.002238 0.305556
1 4 0.062342 0.562439 0.162791 0.000770 0.211658
1 4 0.043995 0.411395 0.210501 0.003959 0.330150
1 4 0.049356 0.469672 0.141363 0.001506 0.338103
1 4 0.099472 0.550372 0.164728 0.004063 0.181365
1 4 0.049070 0.489789 0.235356 0.002804 0.222981
4 4 0.186834 0.151197 0.043845 0.008802 0.609322
4 4 0.150214 0.099023 0.030021 0.007274 0.713468
1 4 0.034871 0.480835 0.153471 0.000460 0.330363
1 4 0.031749 0.526910 0.168338 0.000278 0.272725
1 4 0.043283 0.580040 0.179836 0.000161 0.196681
1 4 0.051069 0.502805 0.151305 0.000947 0.293874
1 4 0.129965 0.507085 0.144339 0.004352 0.214260
1 4 0.161396 0.395556 0.117612 0.004427 0.321009
1 4 0.103044 0.586900 0.163771 0.002010 0.144275
1 4 0.099487 0.596041 0.166905 0.001572 0.135996
1 4 0.060064 0.489684 0.150053 0.000531 0.299668
1 4 0.051846 0.505015 0.158436 0.000292 0.284413
1 4 0.062663 0.630736 0.175975 0.000476 0.130149
1 4 0.034680 0.614551 0.209745 0.003521 0.137503
1 4 0.052365 0.520662 0.289465 0.001492 0.136015
1 4 0.063015 0.578505 0.217697 0.001709 0.139074
1 4 0.022879 0.490887 0.330152 0.002084 0.153999
1 4 0.013490 0.477088 0.330477 0.000442 0.178502
2 4 0.017722 0.402900 0.470031 0.003235 0.106113
2 4 0.012320 0.401326 0.431862 0.003768 0.150723
2 4 0.007067 0.288132 0.608323 0.002347 0.094131
2 4 0.006215 0.325559 0.587497 0.002101 0.078628
2 4 0.004693 0.300763 0.607027 0.005120 0.082397
2 4 0.003102 0.256893 0.638552 0.004457 0.096996
2 4 0.007432 0.191852 0.742659 0.009080 0.048976
2 4 0.004536 0.225761 0.682008 0.004862 0.082832
2 4 0.003219 0.114727 0.872377 0.003269 0.006409
2 2 0.002757 0.070190 0.912676 0.002318 0.012059
2 2 0.005463 0.133836 0.843822 0.005212 0.011666
2 2 0.002554 0.143688 0.834664 0.003709 0.015385
2 2 0.011735 0.186203 0.774991 0.013889 0.013181
2 2 0.005727 0.110967 0.859988 0.008247 0.015072
2 2 0.002576 0.115614 0.862312 0.000265 0.019232
2 2 0.001597 0.079084 0.903631 0.000179 0.015509
2 2 0.007080 0.337122 0.602566 0.003392 0.049839
2 2 0.006211 0.091712 0.859897 0.010043 0.032136
2 2 0.004557 0.098859 0.871774 0.001729 0.023081
2 2 0.010089 0.296937 0.651377 0.004616 0.036981
2 2 0.002807 0.185556 0.794574 0.003882 0.013181
2 2 0.001343 0.033118 0.945634 0.012330 0.007574
2 2 0.006065 0.073667 0.898540 0.004050 0.017677
2 2 0.023194 0.179057 0.776279 0.006370 0.015100
1 2 0.318735 0.354837 0.225260 0.024621 0.076546
1 2 0.112038 0.526664 0.267236 0.014851 0.079210
2 2 0.009446 0.171215 0.784023 0.010551 0.024765
2 2 0.016863 0.290572 0.649365 0.005383 0.037818
2 2 0.003370 0.098103 0.886780 0.008338 0.003409
2 2 0.001298 0.038046 0.949359 0.007736 0.003561
2 2 0.001479 0.061116 0.914337 0.005881 0.017188
2 2 0.002790 0.132354 0.847349 0.005218 0.012289
2 2 0.000807 0.027211 0.963982 0.001943 0.006057
2 2 0.003218 0.087103 0.897008 0.003007 0.009664
2 2 0.008636 0.349709 0.590687 0.002193 0.048775
2 2 0.024875 0.387437 0.541107 0.007436 0.039144
2 2 0.015861 0.199511 0.753666 0.017830 0.013131
2 2 0.004506 0.116583 0.860910 0.006240 0.011762
2 2 0.003510 0.073308 0.898757 0.005543 0.018882
2 2 0.005591 0.089350 0.889640 0.003927 0.011492
2 2 0.001256 0.069596 0.902662 0.019411 0.007075
2 2 0.002729 0.102631 0.857853 0.023685 0.013102
2 2 0.002906 0.142933 0.767104 0.071563 0.015494
2 2 0.003175 0.114441 0.821601 0.047664 0.013118
2 2 0.002886 0.069412 0.883967 0.035391 0.008343
2 2 0.002264 0.095744 0.854298 0.030196 0.017498
2 2 0.007560 0.277035 0.641607 0.037729 0.036069
2 2 0.004478 0.118651 0.775837 0.066937 0.034097
2 2 0.007099 0.125760 0.824751 0.030767 0.011623
2 2 0.007794 0.209581 0.735184 0.024278 0.023162
2 0 0.026734 0.243261 0.568902 0.131360 0.029744
2 2 0.035095 0.398056 0.468319 0.060024 0.038506
2 2 0.010105 0.145074 0.798044 0.037441 0.009336
2 2 0.003917 0.144125 0.825097 0.016126 0.010735
2 2 0.003515 0.107820 0.862009 0.019402 0.007253
2 2 0.003442 0.090221 0.888573 0.011713 0.006051
2 2 0.001733 0.152264 0.825843 0.007187 0.012973
2 2 0.001595 0.067848 0.915133 0.012048 0.003377
2 2 0.000758 0.021764 0.914811 0.061837 0.000829
2 2 0.001822 0.078511 0.890086 0.025065 0.004516
2 2 0.001313 0.050500 0.925967 0.015943 0.006277
2 2 0.002929 0.071120 0.896624 0.025699 0.003628
2 2 0.011488 0.076547 0.847889 0.060284 0.003792
2 2 0.036775 0.215724 0.640519 0.090509 0.016473
2 2 0.054413 0.346680 0.521625 0.042784 0.034498
2 2 0.029859 0.380449 0.515877 0.030646 0.043169
2 2 0.007235 0.243111 0.723529 0.009679 0.016446
2 2 0.008341 0.057160 0.911237 0.018783 0.004479
2 2 0.017412 0.320208 0.613634 0.017331 0.031415
2 2 0.011283 0.279835 0.653081 0.022017 0.033785
2 2 0.000449 0.019525 0.969741 0.009946 0.000339
2 2 0.000365 0.016572 0.967119 0.015702 0.000242
2 2 0.020153 0.419021 0.474938 0.038380 0.047508
2 2 0.022708 0.407805 0.485447 0.035397 0.048642
1 2 0.287704 0.471620 0.188504 0.018779 0.033394
0 2 0.902509 0.060896 0.022758 0.005664 0.008173
0 0 0.985729 0.008375 0.001776 0.000024 0.004096
0 0 0.986264 0.008011 0.001701 0.000022 0.004001
0 0 0.988240 0.006163 0.001348 0.000014 0.004235
0 0 0.986727 0.006693 0.001482 0.000017 0.005081
0 0 0.991496 0.004993 0.001050 0.000010 0.002451
0 0 0.961323 0.018162 0.004162 0.000095 0.016259
0 0 0.822299 0.122441 0.027698 0.000202 0.027360
0 0 0.947719 0.029694 0.006497 0.000216 0.015874
0 0 0.712693 0.185133 0.042759 0.000883 0.058531
0 0 0.709243 0.173234 0.039817 0.002511 0.075196
1 0 0.013585 0.675291 0.204956 0.000172 0.105997
1 1 0.017770 0.540982 0.351581 0.005909 0.083758
2 2 0.003438 0.184609 0.774243 0.010686 0.027023
2 2 0.002355 0.140008 0.816662 0.006041 0.034933
2 2 0.004788 0.222040 0.752992 0.000711 0.019470
2 2 0.003834 0.103607 0.877215 0.008578 0.006767
2 2 0.012657 0.273553 0.673631 0.015690 0.024470
2 2 0.005989 0.156178 0.800859 0.020042 0.016932
2 2 0.000440 0.077004 0.915863 0.001351 0.005342
2 2 0.000489 0.058273 0.936499 0.000255 0.004484
2 2 0.000375 0.035743 0.959092 0.001005 0.003785
2 2 0.000473 0.049520 0.941621 0.005364 0.003022
2 2 0.001469 0.046383 0.940707 0.009917 0.001524
2 2 0.000221 0.006169 0.977481 0.016042 0.000088
2 2 0.070884 0.401654 0.459642 0.022471 0.045350
1 2 0.083245 0.447090 0.395693 0.025332 0.048641
2 2 0.002508 0.143202 0.837154 0.007318 0.009818
2 2 0.001307 0.055626 0.934059 0.004524 0.004484
2 2 0.000596 0.039386 0.952657 0.005027 0.002334
2 2 0.001834 0.047036 0.936393 0.013439 0.001298
2 2 0.000957 0.042281 0.949820 0.004885 0.002056
2 2 0.002906 0.115201 0.873400 0.002924 0.005569
2 2 0.011772 0.165707 0.798399 0.014342 0.009780
2 2 0.028537 0.140014 0.796041 0.026571 0.008837
2 2 0.019680 0.258880 0.693778 0.009163 0.018498
2 2 0.016405 0.336580 0.618396 0.003404 0.025215
2 2 0.005232 0.137556 0.840674 0.007243 0.009294
2 2 0.001673 0.148429 0.835005 0.004014 0.010879
2 2 0.032999 0.065066 0.854584 0.039764 0.007587
2 2 0.177824 0.274336 0.459730 0.067011 0.021099
0 0 0.971213 0.018664 0.003850 0.000093 0.006180
0 0 0.988160 0.007660 0.001561 0.000020 0.002599
0 0 0.983610 0.007586 0.001720 0.000021 0.007063
0 0 0.982795 0.008614 0.001918 0.000026 0.006647
0 0 0.956892 0.018205 0.004275 0.000096 0.020531
0 0 0.966918 0.012983 0.003079 0.000054 0.016966
1 0 0.122463 0.594643 0.173201 0.002581 0.107111
1 0 0.039841 0.601427 0.225846 0.002214 0.130672
1 4 0.013388 0.554949 0.299980 0.004007 0.127676
1 4 0.009782 0.461206 0.379485 0.002595 0.146932
1 4 0.016119 0.496307 0.378779 0.000502 0.108293
1 4 0.020428 0.577204 0.290086 0.000575 0.111708
1 4 0.021142 0.586099 0.277617 0.001015 0.114128
1 4 0.016800 0.528326 0.339875 0.001758 0.113241
1 4 0.043868 0.489669 0.141414 0.004188 0.320861
4 4 0.093467 0.250315 0.076161 0.003556 0.576502
1 4 0.166367 0.449276 0.123472 0.001900 0.258985
4 4 0.187669 0.225565 0.066180 0.003220 0.517365
1 4 0.099139 0.580877 0.164971 0.002069 0.152944
1 4 0.108313 0.498221 0.140780 0.001613 0.251072
1 4 0.178120 0.408648 0.173157 0.004786 0.235289
1 4 0.158417 0.557097 0.149576 0.001233 0.133677
4 4 0.350005 0.152625 0.041783 0.007965 0.447622
4 4 0.329917 0.106463 0.030660 0.004604 0.528356
0 4 0.499960 0.170555 0.044563 0.004491 0.280432
0 4 0.442436 0.307862 0.077842 0.002072 0.169788
4 4 0.210247 0.091509 0.027579 0.004999 0.665667
4 4 0.346458 0.190214 0.050907 0.009393 0.403027
4 4 0.320508 0.151393 0.042760 0.004838 0.480501
4 4 0.258285 0.249080 0.069023 0.005056 0.418555
1 4 0.143675 0.602784 0.162023 0.000185 0.091332
1 4 0.133166 0.608275 0.169875 0.000401 0.088283
4 4 0.346553 0.125246 0.035218 0.005800 0.487184
4 4 0.302845 0.090445 0.026710 0.003749 0.576251
4 4 0.198013 0.246067 0.071109 0.003466 0.481345
4 4 0.157791 0.334310 0.098246 0.001530 0.408122
0 4 0.491375 0.087583 0.024715 0.002465 0.393862
0 4 0.502081 0.129006 0.035610 0.002063 0.331240
4 4 0.397691 0.092086 0.026514 0.003149 0.480559
0 4 0.503623 0.077988 0.022229 0.001997 0.394162
1 4 0.136209 0.458680 0.127730 0.001992 0.275389
4 4 0.123456 0.359450 0.103104 0.003658 0.410332
1 4 0.217426 0.365856 0.099856 0.003221 0.313641
4 4 0.282459 0.270450 0.075265 0.002747 0.369080
4 4 0.229867 0.167958 0.049470 0.003281 0.549425
4 4 0.202749 0.239724 0.070380 0.002333 0.484813
1 4 0.132569 0.386655 0.113136 0.001414 0.366227
1 4 0.189692 0.388590 0.111746 0.000914 0.309059
1 4 0.103095 0.510417 0.149039 0.000502 0.236947
1 4 0.103947 0.577826 0.161521 0.000445 0.156261
4 4 0.316594 0.202987 0.056526 0.004049 0.419844
4 4 0.269495 0.102908 0.030190 0.005058 0.592349
1 4 0.104129 0.551441 0.262844 0.008722 0.072863
1 4 0.137403 0.525795 0.269016 0.008029 0.059757
4 4 0.111158 0.234991 0.073362 0.001587 0.578902
1 4 0.161698 0.409443 0.122743 0.000355 0.305761
1 4 0.221041 0.400643 0.107847 0.002749 0.267720
4 4 0.284310 0.229230 0.065238 0.002414 0.418807
1 4 0.161191 0.450246 0.127491 0.000926 0.260145
1 4 0.097198 0.611211 0.166652 0.000469 0.124470
1 4 0.122738 0.604192 0.185568 0.004041 0.083462
1 4 0.098161 0.618762 0.175425 0.000742 0.106910
1 4 0.094933 0.629996 0.174093 0.000220 0.100759
1 4 0.074913 0.648953 0.180914 0.000163 0.095057
1 4 0.065001 0.525405 0.263103 0.000835 0.145656
1 4 0.041433 0.627084 0.219557 0.000351 0.111575
1 4 0.028482 0.497771 0.349823 0.000835 0.123089
1 4 0.015236 0.536745 0.327496 0.001016 0.119506
1 4 0.219783 0.550880 0.163618 0.002031 0.063688
1 4 0.208193 0.539675 0.142118 0.000582 0.109432
1 4 0.072727 0.623205 0.176141 0.000816 0.127111
1 4 0.059615 0.615716 0.209492 0.000897 0.114280
1 4 0.031286 0.642762 0.230698 0.000156 0.095098
1 4 0.041822 0.592426 0.253832 0.000421 0.111499
1 4 0.021015 0.595619 0.284047 0.000339 0.098980
1 4 0.026916 0.477276 0.404269 0.003164 0.088374
1 4 0.346599 0.462507 0.135355 0.002754 0.052784
1 4 0.280961 0.499154 0.141177 0.002313 0.076394
1 4 0.012587 0.553808 0.327004 0.000663 0.105938
2 4 0.012641 0.436176 0.473847 0.000850 0.076487
2 4 0.006265 0.324881 0.618512 0.002966 0.047377
1 4 0.008208 0.480231 0.428993 0.001157 0.081410
2 4 0.007528 0.184091 0.783542 0.005539 0.019299
2 2 0.006326 0.137766 0.826122 0.017246 0.012540
2 2 0.002980 0.297739 0.669244 0.000472 0.029565
2 2 0.001052 0.067731 0.904866 0.001157 0.025194
2 2 0.001693 0.102474 0.877105 0.000796 0.017932
2 2 0.001875 0.058196 0.933412 0.002070 0.004447
2 2 0.003961 0.171396 0.759859 0.000655 0.064130
2 2 0.005369 0.348910 0.601942 0.000190 0.043589
2 2 0.002385 0.095351 0.892566 0.004822 0.004876
2 2 0.002816 0.083412 0.906374 0.001952 0.005447
2 2 0.064337 0.434327 0.444354 0.011215 0.045767
2 2 0.077831 0.374928 0.496766 0.008095 0.042380
2 2 0.013192 0.315812 0.617863 0.001262 0.051870
2 2 0.011938 0.337291 0.604059 0.002272 0.044440
1 2 0.300476 0.469017 0.170336 0.016541 0.043631
0 2 0.669933 0.135175 0.120299 0.046538 0.028055
0 2 0.639607 0.196694 0.046800 0.002840 0.114058
0 2 0.390326 0.360878 0.088206 0.004118 0.156472
1 2 0.016231 0.483254 0.428235 0.005055 0.067226
2 2 0.010949 0.406157 0.534059 0.002570 0.046265
1 2 0.020098 0.494438 0.432885 0.002182 0.050396
2 2 0.005758 0.088180 0.870383 0.010888 0.024792
2 2 0.000635 0.030234 0.962748 0.000479 0.005904
2 2 0.001665 0.057490 0.938369 0.000280 0.002196
2 2 0.001769 0.072406 0.912220 0.005348 0.008256
2 2 0.001833 0.093034 0.894171 0.004393 0.006569
2 2 0.001356 0.066115 0.923612 0.005173 0.003744
2 2 0.000937 0.059370 0.932074 0.004894 0.002724
2 2 0.000257 0.023027 0.960277 0.012146 0.004292
2 2 0.000785 0.119030 0.866382 0.005429 0.008374
2 2 0.000712 0.029559 0.956350 0.011900 0.001479
2 2 0.000856 0.027024 0.950213 0.021121 0.000785
2 2 0.001137 0.048471 0.876889 0.070586 0.002917
2 2 0.002551 0.055687 0.864305 0.074318 0.003140
2 2 0.000310 0.015972 0.951946 0.031245 0.000526
2 2 0.000850 0.043119 0.917277 0.037021 0.001733
2 2 0.001888 0.065805 0.878322 0.047317 0.006669
2 2 0.002346 0.074547 0.834141 0.081079 0.007887
2 2 0.002743 0.057936 0.890567 0.045644 0.003110
2 2 0.002845 0.109544 0.850269 0.027469 0.009872
2 2 0.000945 0.029056 0.794545 0.173911 0.001542
2 3 0.002423 0.068227 0.842495 0.082655 0.004201
2 3 0.004736 0.113741 0.722845 0.148518 0.010160
2 3 0.001976 0.061004 0.807851 0.123297 0.005872
2 3 0.000611 0.027369 0.776986 0.193298 0.001735
2 3 0.001023 0.038211 0.813724 0.140380 0.006661
2 3 0.003794 0.105031 0.620715 0.258904 0.011556
2 3 0.003741 0.053203 0.629801 0.309831 0.003423
2 3 0.007380 0.038462 0.868422 0.085222 0.000514
2 3 0.001206 0.018288 0.900491 0.079596 0.000419
2 3 0.001406 0.033184 0.861863 0.101567 0.001979
2 3 0.000745 0.026828 0.908588 0.060306 0.003533
2 3 0.000412 0.015468 0.636392 0.346838 0.000890
2 3 0.000407 0.013172 0.608026 0.377848 0.000549
2 3 0.003237 0.050725 0.632429 0.310428 0.003180
2 3 0.001951 0.037990 0.616452 0.341160 0.002448
2 3 0.000662 0.013367 0.704110 0.281055 0.000804
2 3 0.000749 0.016936 0.686902 0.294440 0.000973
2 3 0.000330 0.012448 0.574224 0.412222 0.000777
2 3 0.000589 0.017825 0.583209 0.397600 0.000778
2 3 0.001565 0.036570 0.659840 0.300096 0.001930
2 3 0.000895 0.010124 0.576667 0.411922 0.000392
3 3 0.000636 0.017894 0.399329 0.581186 0.000955
3 3 0.000357 0.016153 0.438789 0.543656 0.001045
3 3 0.000397 0.009200 0.343283 0.646292 0.000827
3 3 0.000620 0.008657 0.415618 0.574740 0.000365
3 3 0.000554 0.010894 0.299362 0.688682 0.000507
3 3 0.000701 0.015605 0.327228 0.655623 0.000843
3 3 0.000158 0.003986 0.351150 0.644597 0.000109
3 3 0.000079 0.002483 0.375828 0.621560 0.000050
3 3 0.000776 0.010576 0.251322 0.736883 0.000443
3 3 0.000793 0.013503 0.256633 0.728615 0.000457
3 3 0.000675 0.009002 0.273795 0.716217 0.000312
3 3 0.000783 0.011806 0.274458 0.712360 0.000594
3 3 0.000318 0.005679 0.286296 0.707505 0.000202
3 3 0.000105 0.002435 0.305865 0.691548 0.000046
3 3 0.000198 0.004932 0.295727 0.698950 0.000193
3 3 0.000378 0.008340 0.280788 0.710151 0.000342
3 3 0.000589 0.017163 0.303111 0.678437 0.000700
3 3 0.001586 0.024920 0.416785 0.555590 0.001119
3 3 0.000169 0.006857 0.490217 0.502210 0.000547
3 3 0.000826 0.018198 0.406596 0.573007 0.001374
3 3 0.002408 0.027052 0.411615 0.557437 0.001488
3 3 0.001700 0.021949 0.402750 0.572816 0.000785
3 3 0.000329 0.009124 0.339003 0.651308 0.000237
3 3 0.000453 0.007298 0.244213 0.747732 0.000304
3 3 0.000130 0.004922 0.255615 0.739121 0.000213
3 3 0.000077 0.003067 0.254639 0.742157 0.000060
3 3 0.001501 0.010666 0.267593 0.719819 0.000421
3 3 0.000498 0.004597 0.234106 0.760653 0.000146
3 3 0.000162 0.003363 0.266804 0.729589 0.000081
3 3 0.000033 0.001982 0.286761 0.711184 0.000040
3 3 0.001057 0.009943 0.158114 0.830559 0.000328
3 3 0.000686 0.008046 0.149764 0.840828 0.000676
3 3 0.000530 0.008675 0.168055 0.822448 0.000291
3 3 0.000419 0.007564 0.153687 0.837990 0.000340
3 3 0.000175 0.004819 0.135853 0.859001 0.000153
3 3 0.000233 0.005913 0.139457 0.854126 0.000272
3 3 0.000147 0.003197 0.123120 0.873448 0.000088
3 3 0.000204 0.004346 0.117565 0.877747 0.000138
3 3 0.005779 0.027579 0.154210 0.810156 0.002275
3 3 0.021323 0.055937 0.224483 0.695714 0.002542
2 3 0.096674 0.358682 0.359513 0.121698 0.063432
2 3 0.108602 0.359491 0.359523 0.118231 0.054153
2 2 0.004422 0.108114 0.794296 0.080543 0.012624
2 2 0.007169 0.108897 0.778538 0.093771 0.011625
2 2 0.006588 0.088640 0.788102 0.087411 0.029260
2 2 0.015243 0.290720 0.583099 0.077526 0.033413
2 2 0.000544 0.012579 0.977721 0.007072 0.002083
2 2 0.000258 0.009797 0.968397 0.020927 0.000621
2 2 0.000852 0.049439 0.927572 0.015986 0.006152
2 2 0.000473 0.019987 0.965498 0.008307 0.005735
2 2 0.006343 0.179479 0.770549 0.025909 0.017720
2 2 0.002196 0.074885 0.890881 0.013443 0.018595
2 2 0.000446 0.008420 0.964586 0.024414 0.002135
2 2 0.000614 0.040562 0.944077 0.011619 0.003129
2 2 0.005060 0.293176 0.631477 0.012994 0.057293
2 2 0.001986 0.209060 0.721825 0.010709 0.056419
1 2 0.021319 0.445551 0.357514 0.001508 0.174108
1 2 0.031008 0.526824 0.251865 0.001646 0.188658
1 4 0.075848 0.454366 0.138714 0.000614 0.330458
1 4 0.095766 0.478267 0.136173 0.001859 0.287935
4 4 0.243863 0.154896 0.043519 0.010679 0.547043
4 4 0.315071 0.189759 0.051849 0.007645 0.435675
1 4 0.105489 0.478557 0.135315 0.001818 0.278822
4 4 0.122320 0.333048 0.096056 0.004199 0.444377
4 4 0.223780 0.247985 0.069324 0.005936 0.452975
4 4 0.143329 0.090397 0.027726 0.006473 0.732075
1 4 0.044354 0.591128 0.189601 0.001955 0.172962
1 4 0.070383 0.514222 0.174665 0.001401 0.239330
4 4 0.094828 0.333544 0.096350 0.006254 0.469024
4 4 0.137623 0.162706 0.048658 0.006330 0.644683
4 4 0.294558 0.177504 0.049090 0.007837 0.471012
4 4 0.272237 0.200681 0.057057 0.003801 0.466224
1 4 0.160868 0.517752 0.143596 0.000672 0.177112
1 4 0.167996 0.512054 0.141193 0.000566 0.178191
1 4 0.047440 0.626649 0.176727 0.000718 0.148466
1 4 0.081733 0.601595 0.165763 0.001046 0.149863
1 4 0.130071 0.545850 0.213389 0.000501 0.110189
1 4 0.328005 0.462827 0.125103 0.001548 0.082517
1 4 0.046237 0.517069 0.162355 0.000289 0.274050
4 4 0.053007 0.376098 0.171213 0.000546 0.399135
1 4 0.025683 0.486206 0.330957 0.000240 0.156914
1 4 0.020656 0.562031 0.295242 0.000146 0.121925
1 4 0.071026 0.599069 0.256147 0.002091 0.071667
1 4 0.074661 0.643391 0.191361 0.000806 0.089781
1 4 0.283383 0.491168 0.128870 0.000752 0.095828
0 4 0.797643 0.124003 0.029614 0.004866 0.043874
0 4 0.775401 0.140329 0.031822 0.001194 0.051253
1 4 0.243426 0.489394 0.127866 0.002115 0.137198
1 4 0.027460 0.652726 0.204762 0.001795 0.113256
1 4 0.031309 0.461099 0.408981 0.008697 0.089915
1 4 0.019674 0.497525 0.371480 0.002815 0.108506
2 4 0.020229 0.341357 0.509200 0.007066 0.122147
2 4 0.003029 0.214189 0.720159 0.001878 0.060745
2 4 0.004158 0.154003 0.795825 0.013616 0.032397
2 4 0.011454 0.221112 0.697352 0.001801 0.068281
1 4 0.023419 0.468019 0.439722 0.000405 0.068435
0 4 0.420658 0.393419 0.102988 0.001746 0.081189
1 4 0.236193 0.533335 0.156784 0.002916 0.070771
1 4 0.099443 0.604402 0.166294 0.000749 0.129112
1 4 0.081758 0.590945 0.229255 0.009426 0.088615
1 4 0.032221 0.593313 0.214894 0.002439 0.157133
1 4 0.024272 0.621325 0.185443 0.000515 0.168445
1 4 0.063819 0.563355 0.301563 0.007574 0.063689
1 4 0.106340 0.539457 0.274310 0.012026 0.067867
1 4 0.287050 0.507386 0.136480 0.000375 0.068709
1 4 0.155471 0.595495 0.178786 0.001561 0.068687
1 4 0.096654 0.631143 0.198351 0.002450 0.071402
1 4 0.123338 0.612553 0.195281 0.004086 0.064742
1 0 0.095029 0.567683 0.277762 0.001913 0.057613
1 0 0.072572 0.620734 0.253769 0.001717 0.051208
1 4 0.030282 0.598748 0.278925 0.005573 0.086472
1 4 0.042440 0.537697 0.327606 0.002906 0.089350
2 4 0.014785 0.350728 0.580798 0.009307 0.044382
2 4 0.021176 0.441361 0.479771 0.003450 0.054242
1 4 0.024352 0.499547 0.425413 0.000122 0.050565
2 4 0.007332 0.188778 0.774761 0.001163 0.027965
2 2 0.002387 0.122030 0.846655 0.000178 0.028750
2 2 0.002066 0.073479 0.899642 0.000229 0.024585
2 2 0.003551 0.093565 0.891054 0.000258 0.011573
2 2 0.002679 0.062093 0.927566 0.000382 0.007281
2 2 0.002259 0.070359 0.917525 0.006961 0.002896
2 2 0.001178 0.055079 0.932768 0.003260 0.007715
2 2 0.001941 0.040177 0.953484 0.001056 0.003342
2 2 0.002290 0.127331 0.863742 0.000853 0.005785
2 2 0.003400 0.090716 0.875706 0.008501 0.021678
2 2 0.015146 0.330719 0.610693 0.012201 0.031241
2 2 0.003283 0.103289 0.878420 0.010068 0.004940
2 2 0.001029 0.035157 0.946221 0.016226 0.001367
2 2 0.006386 0.103007 0.883890 0.002203 0.004513
2 2 0.006425 0.094800 0.885665 0.002240 0.010870
2 2 0.001197 0.038658 0.949175 0.005929 0.005040
2 2 0.001955 0.074556 0.914043 0.002614 0.006832
2 2 0.003788 0.151795 0.828051 0.004488 0.011877
2 2 0.002694 0.110146 0.868763 0.006059 0.012338
2 2 0.138885 0.369081 0.459074 0.004718 0.028242
2 2 0.070270 0.394526 0.495417 0.012190 0.027596
1 2 0.027261 0.508420 0.382465 0.015848 0.066006
1 2 0.064071 0.565638 0.304254 0.010131 0.055906
2 2 0.034885 0.268122 0.651901 0.019060 0.026032
2 2 0.021663 0.208123 0.741605 0.014353 0.014256
2 2 0.048369 0.421702 0.488079 0.013777 0.028072
2 2 0.026044 0.178144 0.768031 0.014905 0.012876
2 2 0.015039 0.285819 0.648489 0.010132 0.040520
2 2 0.009591 0.183812 0.764306 0.004185 0.038106
2 2 0.005044 0.152700 0.831492 0.002730 0.008034
2 2 0.003087 0.042157 0.945428 0.006153 0.003175
2 2 0.002858 0.102704 0.870495 0.004026 0.019918
2 2 0.008981 0.221549 0.747938 0.003865 0.017668
2 2 0.000886 0.011025 0.984421 0.001169 0.002499
2 2 0.001894 0.041324 0.952829 0.001318 0.002634
2 2 0.000279 0.009975 0.985286 0.002305 0.002155
2 2 0.000170 0.011104 0.985908 0.001625 0.001194
2 2 0.001319 0.043399 0.944036 0.002644 0.008602
2 2 0.001007 0.059063 0.930453 0.002707 0.006770
2 2 0.001163 0.048144 0.943311 0.001975 0.005407
2 2 0.000752 0.026367 0.966619 0.001407 0.004855
2 2 0.002099 0.047181 0.919901 0.024801 0.006018
2 2 0.000862 0.035608 0.941967 0.012422 0.009142
2 2 0.004977 0.085263 0.867594 0.006087 0.036079
2 2 0.006323 0.109865 0.847202 0.001612 0.034997
2 2 0.001874 0.079673 0.888646 0.022670 0.007136
2 2 0.001967 0.018693 0.935692 0.039918 0.003730
2 2 0.100085 0.196241 0.632684 0.051956 0.019034
0 2 0.464613 0.166219 0.266186 0.082293 0.020690
0 0 0.975892 0.013725 0.002964 0.000056 0.007363
0 0 0.985189 0.008295 0.001787 0.000024 0.004706
1 0 0.071283 0.629400 0.214341 0.000903 0.084073
1 1 0.023479 0.535418 0.347169 0.001406 0.092528
2 1 0.012371 0.290867 0.648436 0.016034 0.032293
2 1 0.008798 0.150255 0.788923 0.022696 0.029328
2 1 0.009580 0.292133 0.626384 0.026198 0.045704
2 1 0.004189 0.243065 0.684429 0.030267 0.038050
2 2 0.001755 0.063206 0.923167 0.008960 0.002912
2 2 0.001376 0.065143 0.921236 0.008793 0.003452
2 2 0.001369 0.143790 0.828637 0.011212 0.014993
2 2 0.001190 0.053908 0.928985 0.008608 0.007310
2 2 0.054286 0.357382 0.534150 0.008342 0.045840
1 2 0.117982 0.469535 0.344940 0.004962 0.062581
1 2 0.030422 0.479082 0.428479 0.007140 0.054876
1 2 0.035799 0.523290 0.373125 0.008840 0.058946
1 2 0.298527 0.435202 0.109932 0.002857 0.153483
0 2 0.900662 0.054576 0.012189 0.000639 0.031933
1 0 0.358812 0.413444 0.105982 0.002675 0.119088
1 0 0.149374 0.568110 0.171556 0.009318 0.101642
1 0 0.105163 0.597302 0.171469 0.002342 0.123724
1 4 0.052353 0.627097 0.176112 0.000653 0.143785
2 4 0.009584 0.407831 0.509964 0.007493 0.065128
2 4 0.010226 0.283949 0.654246 0.014042 0.037538
2 4 0.001540 0.059894 0.925636 0.005060 0.007870
2 4 0.003574 0.271653 0.694453 0.000395 0.029926
2 2 0.004019 0.132142 0.850851 0.005942 0.007047
2 2 0.004173 0.168903 0.809715 0.004415 0.012794
1 2 0.163233 0.508743 0.238690 0.009852 0.079482
1 2 0.113700 0.566944 0.249460 0.010138 0.059758
2 2 0.003889 0.207264 0.766557 0.007020 0.015272
2 2 0.001926 0.065329 0.917688 0.006463 0.008594
2 2 0.006275 0.178989 0.803527 0.001644 0.009565
2 2 0.002996 0.086341 0.899502 0.002985 0.008176
0 2 0.706123 0.195733 0.050698 0.004826 0.042620
0 0 0.592087 0.270969 0.064582 0.000675 0.071688
