0 0 0.940614 0.018778 0.000472 0.000000 0.040136
0 0 0.941627 0.020203 0.000915 0.000002 0.037254
0 0 0.958825 0.028963 0.002625 0.000003 0.009584
0 0 0.984700 0.005423 0.000071 0.000000 0.009806
0 0 0.961954 0.009991 0.001385 0.000008 0.026662
0 0 0.951939 0.014477 0.000560 0.000001 0.033023
4 0 0.320314 0.103854 0.016940 0.000161 0.558731
4 0 0.160358 0.051664 0.009018 0.000020 0.778940
0 0 0.767037 0.043793 0.004972 0.000043 0.184155
0 0 0.562019 0.163359 0.015495 0.000191 0.258937
0 0 0.897618 0.028214 0.003153 0.000023 0.070993
0 0 0.984176 0.004746 0.003887 0.000068 0.007123
0 0 0.806804 0.058482 0.007193 0.000039 0.127482
0 0 0.590355 0.235800 0.031647 0.000410 0.141788
1 0 0.318638 0.359534 0.106738 0.003457 0.211633
1 0 0.238058 0.483301 0.112033 0.001002 0.165607
1 0 0.134897 0.459866 0.176231 0.002526 0.226479
1 0 0.131930 0.544499 0.194137 0.002721 0.126713
1 0 0.286212 0.464038 0.121427 0.001224 0.127098
1 0 0.268198 0.456983 0.128575 0.001601 0.144644
0 0 0.887621 0.043620 0.008740 0.000067 0.059953
0 0 0.910877 0.043272 0.004026 0.000016 0.041809
4 0 0.108007 0.092050 0.025121 0.000012 0.774809
4 0 0.071045 0.128357 0.024649 0.000017 0.775932
1 0 0.191993 0.486131 0.163973 0.001596 0.156308
1 0 0.146165 0.551006 0.189212 0.001850 0.111766
1 1 0.077938 0.474206 0.173590 0.001088 0.273178
1 1 0.215455 0.404637 0.145115 0.003473 0.231320
4 1 0.021998 0.247103 0.171290 0.000176 0.559433
1 1 0.122217 0.400240 0.154483 0.000252 0.322808
1 1 0.143009 0.405816 0.156431 0.000332 0.294412
4 1 0.149319 0.353361 0.107847 0.000251 0.389221
1 1 0.087854 0.475901 0.154005 0.000328 0.281912
1 1 0.095112 0.471461 0.140676 0.000462 0.292290
1 1 0.080900 0.574660 0.185701 0.001300 0.157440
1 1 0.111010 0.540839 0.182910 0.004566 0.160675
1 1 0.127360 0.539416 0.182115 0.004412 0.146696
1 1 0.139535 0.540077 0.164844 0.005196 0.150349
1 1 0.066594 0.492506 0.237397 0.008320 0.195183
1 1 0.029342 0.437507 0.325732 0.004963 0.202457
1 1 0.031004 0.394237 0.339236 0.016716 0.218807
2 1 0.028920 0.332119 0.536257 0.010463 0.092241
1 1 0.064702 0.483198 0.241449 0.010125 0.200526
1 1 0.037713 0.386341 0.306672 0.001728 0.267547
2 2 0.074693 0.251787 0.634416 0.015721 0.023383
2 2 0.028518 0.179556 0.767262 0.008342 0.016322
2 2 0.065521 0.205749 0.710754 0.007471 0.010506
2 2 0.055357 0.224538 0.699043 0.006215 0.014847
2 2 0.013234 0.168035 0.795255 0.003260 0.020216
2 2 0.038021 0.218754 0.718083 0.005884 0.019258
2 2 0.010353 0.098761 0.828011 0.047558 0.015318
2 2 0.010617 0.097302 0.877251 0.007493 0.007337
2 2 0.002455 0.068507 0.854154 0.053587 0.021297
2 2 0.014991 0.131003 0.785239 0.047359 0.021408
2 2 0.005143 0.037980 0.649782 0.301655 0.005441
2 2 0.004545 0.035328 0.760805 0.195418 0.003903
2 2 0.002576 0.021122 0.531383 0.441941 0.002979
2 2 0.000629 0.006500 0.504673 0.487550 0.000649
2 2 0.003177 0.036361 0.562972 0.389105 0.008386
2 2 0.001437 0.020933 0.572800 0.400681 0.004149
2 2 0.000930 0.013831 0.691362 0.291396 0.002482
2 2 0.001117 0.020391 0.670977 0.303539 0.003976
3 2 0.000209 0.003358 0.295855 0.700101 0.000478
3 2 0.000199 0.003200 0.321581 0.674613 0.000406
3 2 0.000692 0.008347 0.320326 0.668256 0.002379
3 2 0.000374 0.006963 0.399570 0.591329 0.001764
3 2 0.000336 0.007846 0.370590 0.619180 0.002048
3 2 0.000322 0.008342 0.329434 0.659131 0.002771
3 2 0.000162 0.001309 0.132481 0.865860 0.000188
3 2 0.000266 0.002672 0.189091 0.807625 0.000345
3 2 0.000288 0.006547 0.402555 0.589240 0.001370
3 2 0.000270 0.005159 0.369151 0.624536 0.000884
3 2 0.000497 0.005681 0.156066 0.836238 0.001517
3 2 0.000241 0.004086 0.170308 0.824208 0.001157
3 3 0.000139 0.001487 0.112005 0.886143 0.000226
3 3 0.000064 0.000714 0.077151 0.921972 0.000099
3 3 0.000947 0.007914 0.218884 0.770731 0.001523
3 3 0.000099 0.001952 0.103271 0.894059 0.000618
3 3 0.000031 0.000762 0.080481 0.918526 0.000201
3 3 0.000069 0.000960 0.105007 0.893701 0.000264
3 3 0.000214 0.002351 0.122731 0.874256 0.000448
3 3 0.000162 0.002830 0.126092 0.870057 0.000858
3 3 0.000130 0.000726 0.101020 0.898079 0.000046
3 3 0.000057 0.000834 0.089495 0.909475 0.000139
3 3 0.000042 0.000699 0.071168 0.927950 0.000142
3 3 0.000089 0.000843 0.087112 0.911855 0.000102
3 3 0.000141 0.001719 0.093277 0.904488 0.000375
3 3 0.000070 0.000928 0.084476 0.914365 0.000161
3 3 0.000166 0.001626 0.105502 0.892448 0.000258
3 3 0.000059 0.000432 0.091742 0.907706 0.000061
3 3 0.000052 0.000686 0.081499 0.917662 0.000101
3 3 0.000028 0.000423 0.068887 0.930602 0.000060
3 3 0.000081 0.001525 0.082507 0.915397 0.000490
3 3 0.000133 0.001662 0.121807 0.876112 0.000286
3 3 0.000032 0.000600 0.130323 0.868974 0.000071
3 3 0.000054 0.000816 0.114011 0.885009 0.000111
3 3 0.000058 0.001301 0.067957 0.930163 0.000520
3 3 0.000102 0.001988 0.100874 0.896390 0.000645
3 3 0.000027 0.000362 0.048599 0.950925 0.000087
3 3 0.000081 0.001115 0.094240 0.904361 0.000202
3 3 0.000037 0.000635 0.071155 0.928048 0.000126
3 3 0.000046 0.000622 0.067645 0.931542 0.000146
3 3 0.001366 0.002626 0.039942 0.948882 0.007185
3 3 0.000329 0.002211 0.059874 0.937084 0.000502
2 3 0.015894 0.196516 0.452043 0.229491 0.106057
2 2 0.010887 0.165985 0.438827 0.281491 0.102810
2 0 0.200795 0.169639 0.273092 0.162853 0.193620
4 0 0.261383 0.095432 0.119196 0.096089 0.427900
0 0 0.543786 0.076033 0.015851 0.001080 0.363250
4 0 0.429148 0.055683 0.011485 0.001124 0.502560
0 0 0.908495 0.012041 0.000527 0.000002 0.078935
0 0 0.915748 0.018175 0.000971 0.000002 0.065104
4 0 0.259228 0.072226 0.018036 0.000753 0.649757
4 1 0.225341 0.213728 0.031082 0.000573 0.529276
4 1 0.057286 0.245992 0.072085 0.001753 0.622884
4 1 0.104298 0.141326 0.044300 0.000594 0.709482
0 0 0.961931 0.009208 0.000685 0.000002 0.028174
0 0 0.953520 0.011932 0.001244 0.000006 0.033299
0 0 0.938688 0.011644 0.001161 0.000007 0.048500
0 0 0.984174 0.004041 0.000438 0.000001 0.011346
0 0 0.868452 0.020271 0.000710 0.000001 0.110566
0 0 0.837113 0.021202 0.001038 0.000005 0.140642
0 0 0.955964 0.009333 0.000341 0.000000 0.034362
0 0 0.964208 0.008439 0.000602 0.000002 0.026751
0 0 0.985122 0.004266 0.000056 0.000000 0.010557
0 0 0.956995 0.006617 0.000162 0.000000 0.036225
0 0 0.962412 0.014226 0.000418 0.000000 0.022945
0 0 0.962936 0.013833 0.000402 0.000000 0.022829
0 0 0.773703 0.025979 0.001643 0.000007 0.198669
0 0 0.796229 0.011597 0.000402 0.000002 0.191770
4 0 0.151063 0.013664 0.001283 0.000000 0.833991
4 0 0.238945 0.026293 0.002165 0.000001 0.732596
4 0 0.119637 0.029667 0.003916 0.000001 0.846779
4 0 0.242438 0.063421 0.006778 0.000001 0.687362
1 1 0.044482 0.432414 0.247389 0.000431 0.275284
4 1 0.011676 0.298765 0.326281 0.001532 0.361746
2 1 0.014264 0.367152 0.428062 0.003252 0.187270
2 1 0.013404 0.282535 0.555626 0.006144 0.142292
2 2 0.011072 0.170811 0.702620 0.013639 0.101858
2 2 0.016081 0.375151 0.414785 0.003787 0.190196
2 2 0.014366 0.316011 0.451220 0.000878 0.217525
2 2 0.012641 0.164289 0.604310 0.001697 0.217064
2 2 0.004628 0.083273 0.808823 0.081180 0.022096
2 2 0.002166 0.066904 0.829808 0.076515 0.024608
2 2 0.010706 0.126902 0.802754 0.024732 0.034907
2 2 0.010263 0.136383 0.809198 0.019095 0.025061
2 2 0.005218 0.059761 0.833879 0.082784 0.018357
2 2 0.018438 0.134145 0.788571 0.040865 0.017981
2 2 0.075590 0.333176 0.511225 0.008376 0.071632
2 2 0.067138 0.401057 0.452616 0.003920 0.075269
2 2 0.026338 0.130010 0.765037 0.063890 0.014725
2 2 0.019588 0.134989 0.793990 0.034597 0.016836
2 2 0.002079 0.039169 0.880338 0.068925 0.009490
2 2 0.019506 0.121837 0.787461 0.055514 0.015682
2 2 0.004368 0.052528 0.729403 0.201129 0.012572
2 2 0.008334 0.093351 0.707695 0.167513 0.023107
2 2 0.008468 0.111247 0.773169 0.080504 0.026613
2 2 0.009648 0.093505 0.819711 0.063398 0.013738
2 2 0.004540 0.075869 0.687890 0.205723 0.025977
2 2 0.005683 0.073636 0.751750 0.152623 0.016308
2 2 0.006027 0.085526 0.649028 0.229670 0.029749
2 2 0.006854 0.088061 0.775657 0.110316 0.019112
3 2 0.000516 0.006308 0.176443 0.814984 0.001750
3 2 0.001103 0.010921 0.347485 0.638612 0.001879
2 2 0.006068 0.078665 0.664166 0.226230 0.024871
2 2 0.005343 0.068969 0.731914 0.175988 0.017786
2 2 0.008035 0.135140 0.786109 0.033153 0.037563
2 2 0.001121 0.054741 0.852854 0.066795 0.024490
2 2 0.003919 0.079678 0.803922 0.088778 0.023704
2 2 0.007193 0.104466 0.781007 0.080807 0.026527
2 2 0.009333 0.097252 0.816114 0.051865 0.025436
2 2 0.004402 0.077437 0.794327 0.102674 0.021161
2 2 0.004804 0.047840 0.716705 0.222393 0.008258
2 2 0.003207 0.033497 0.645489 0.312157 0.005649
2 2 0.025841 0.093692 0.760089 0.112254 0.008123
2 2 0.011851 0.065469 0.725444 0.189112 0.008124
2 2 0.015306 0.136496 0.550577 0.252289 0.045332
2 0 0.016467 0.062592 0.606162 0.301726 0.013052
2 0 0.075450 0.360875 0.450443 0.032897 0.080335
1 1 0.027076 0.361285 0.352438 0.036382 0.222819
2 1 0.004886 0.036105 0.585297 0.367944 0.005769
2 2 0.020180 0.094823 0.677445 0.194282 0.013270
2 2 0.033138 0.151686 0.682257 0.110368 0.022552
2 2 0.008780 0.072678 0.771115 0.136422 0.011005
2 2 0.107294 0.214958 0.550030 0.105691 0.022027
2 2 0.032122 0.116134 0.635084 0.202466 0.014194
2 2 0.007821 0.075610 0.693188 0.207387 0.015993
2 2 0.015784 0.112090 0.671502 0.178435 0.022189
2 2 0.003549 0.022335 0.505288 0.466075 0.002752
3 0 0.004176 0.023692 0.364590 0.603697 0.003844
2 0 0.062495 0.169843 0.605361 0.135456 0.026845
2 1 0.047525 0.248297 0.522807 0.118211 0.063160
2 1 0.014998 0.247968 0.513422 0.076312 0.147299
2 2 0.014829 0.148505 0.693312 0.092973 0.050382
2 2 0.030206 0.192580 0.698227 0.044630 0.034357
2 2 0.024858 0.156877 0.736852 0.056528 0.024885
2 2 0.016758 0.220275 0.730852 0.002170 0.029945
2 2 0.006957 0.146298 0.823375 0.002046 0.021324
2 2 0.002740 0.061045 0.787331 0.129236 0.019648
2 2 0.008263 0.102891 0.755757 0.105500 0.027589
2 2 0.010270 0.111835 0.808635 0.047818 0.021441
2 2 0.008923 0.111524 0.791964 0.062679 0.024910
2 2 0.004308 0.049978 0.766097 0.170976 0.008641
2 2 0.017069 0.108624 0.584751 0.261626 0.027930
2 2 0.006738 0.060962 0.509939 0.403945 0.018416
2 2 0.009597 0.067938 0.625781 0.283803 0.012880
2 2 0.019711 0.101518 0.574932 0.283907 0.019933
2 2 0.010811 0.068878 0.557677 0.348190 0.014443
3 2 0.005662 0.032080 0.424938 0.532073 0.005247
3 2 0.005656 0.038701 0.344107 0.600989 0.010547
2 2 0.003129 0.018648 0.614714 0.361933 0.001576
2 2 0.005268 0.026048 0.536688 0.429247 0.002749
2 2 0.013678 0.112738 0.570658 0.269286 0.033639
2 2 0.009850 0.106801 0.615940 0.234195 0.033214
3 2 0.004154 0.028231 0.463816 0.499026 0.004773
2 2 0.001209 0.019371 0.501202 0.473474 0.004744
3 2 0.001363 0.015679 0.277158 0.701032 0.004768
3 2 0.001463 0.015514 0.319548 0.659658 0.003817
3 2 0.003615 0.042497 0.423223 0.516870 0.013795
3 2 0.001174 0.022205 0.325922 0.640772 0.009928
3 2 0.000529 0.004057 0.183867 0.809704 0.001842
3 2 0.006902 0.033941 0.318087 0.634540 0.006530
3 2 0.011761 0.088850 0.430622 0.440362 0.028405
2 2 0.010919 0.086596 0.456039 0.419964 0.026481
2 2 0.058815 0.292899 0.477366 0.099105 0.071816
2 0 0.063141 0.303398 0.443143 0.108639 0.081680
0 0 0.903118 0.028897 0.027426 0.001654 0.038905
0 0 0.950998 0.015843 0.005140 0.000076 0.027944
0 0 0.799814 0.027207 0.002270 0.000027 0.170683
0 0 0.797452 0.039209 0.003541 0.000041 0.159757
0 0 0.917436 0.021644 0.003907 0.000050 0.056964
0 0 0.892518 0.035319 0.012335 0.000327 0.059501
0 0 0.758075 0.047815 0.065694 0.013436 0.114980
0 0 0.913021 0.024932 0.007696 0.000166 0.054185
0 0 0.513149 0.050156 0.007262 0.000368 0.429064
0 0 0.652653 0.043107 0.003595 0.000057 0.300589
0 0 0.753794 0.034237 0.003388 0.000057 0.208524
0 0 0.900054 0.012523 0.000678 0.000003 0.086742
0 0 0.969702 0.005403 0.000496 0.000002 0.024397
0 0 0.751013 0.027068 0.002491 0.000041 0.219387
0 0 0.650286 0.058390 0.006292 0.000077 0.284955
0 0 0.720915 0.043894 0.002989 0.000009 0.232195
4 0 0.314348 0.071531 0.011089 0.000026 0.603007
4 0 0.093124 0.022576 0.002291 0.000001 0.882009
0 0 0.708311 0.020844 0.001237 0.000003 0.269606
0 0 0.698341 0.054733 0.005519 0.000094 0.241313
4 0 0.363221 0.055126 0.007444 0.000388 0.573821
4 0 0.332372 0.035735 0.004072 0.000026 0.627795
0 0 0.636589 0.039709 0.003743 0.000003 0.319956
0 0 0.574903 0.032305 0.001786 0.000003 0.391002
4 0 0.148272 0.020259 0.001990 0.000000 0.829479
4 0 0.311468 0.044801 0.003801 0.000000 0.639929
0 0 0.722306 0.049476 0.003041 0.000005 0.225172
0 0 0.717557 0.042501 0.002549 0.000002 0.237390
0 0 0.565103 0.046845 0.004078 0.000004 0.383970
0 0 0.506775 0.033520 0.002651 0.000001 0.457054
0 0 0.546057 0.096065 0.009314 0.000022 0.348542
0 0 0.559094 0.083754 0.007509 0.000020 0.349624
0 0 0.475364 0.082601 0.007446 0.000013 0.434575
0 0 0.593247 0.074149 0.009134 0.000054 0.323415
0 0 0.903357 0.022998 0.001493 0.000007 0.072146
0 0 0.888149 0.018055 0.001184 0.000007 0.092605
0 0 0.926456 0.013905 0.000868 0.000003 0.058768
0 0 0.949408 0.011636 0.001203 0.000006 0.037748
0 0 0.975350 0.005147 0.000109 0.000000 0.019394
0 0 0.970398 0.005606 0.000114 0.000000 0.023882
0 0 0.610131 0.039626 0.003027 0.000014 0.347202
4 0 0.332060 0.026122 0.003374 0.000016 0.638427
4 0 0.304495 0.024718 0.002676 0.000003 0.668109
4 0 0.387522 0.051225 0.003706 0.000002 0.557545
4 0 0.440032 0.035277 0.002524 0.000001 0.522166
4 0 0.408908 0.024760 0.001851 0.000002 0.564479
4 0 0.137443 0.042424 0.006589 0.000003 0.813540
4 0 0.296296 0.055155 0.005880 0.000002 0.642666
0 0 0.458232 0.113338 0.014640 0.000163 0.413627
4 0 0.336398 0.180369 0.042496 0.001238 0.439499
0 0 0.666751 0.124020 0.019687 0.000465 0.189077
0 0 0.794996 0.087562 0.009897 0.000100 0.107445
0 0 0.967052 0.013585 0.002856 0.000016 0.016491
0 0 0.974448 0.006691 0.000397 0.000001 0.018463
0 0 0.626778 0.109756 0.009835 0.000084 0.253546
0 0 0.736591 0.079126 0.008130 0.000097 0.176057
4 0 0.270384 0.035546 0.003284 0.000000 0.690786
4 1 0.139822 0.015554 0.001570 0.000000 0.843054
4 1 0.017046 0.080951 0.056065 0.000032 0.845907
4 1 0.007855 0.085577 0.080231 0.000098 0.826239
1 1 0.044956 0.505846 0.242503 0.000487 0.206208
1 1 0.073929 0.387179 0.192257 0.000282 0.346353
1 1 0.168921 0.396518 0.137271 0.001057 0.296233
0 1 0.360757 0.346718 0.080137 0.000982 0.211407
1 1 0.088245 0.485821 0.177793 0.000925 0.247216
1 1 0.069975 0.416316 0.178039 0.000377 0.335294
4 1 0.023867 0.201475 0.136328 0.000316 0.638014
4 1 0.006674 0.100750 0.106021 0.000192 0.786363
1 1 0.061853 0.398742 0.195592 0.001345 0.342469
1 1 0.104355 0.511181 0.199566 0.006039 0.178859
1 1 0.117158 0.553619 0.176002 0.003169 0.150052
4 1 0.046229 0.342758 0.229993 0.000831 0.380190
4 1 0.010922 0.109739 0.093757 0.000061 0.785521
4 1 0.020828 0.169341 0.136834 0.000188 0.672808
4 1 0.010446 0.131284 0.095811 0.000317 0.762143
4 1 0.009635 0.097822 0.082381 0.000580 0.809582
4 1 0.011266 0.128192 0.103372 0.000034 0.757136
4 1 0.018413 0.163423 0.101998 0.000025 0.716141
4 1 0.022125 0.245804 0.188404 0.002796 0.540871
4 1 0.056953 0.366543 0.187159 0.002498 0.386847
4 1 0.010237 0.084032 0.070108 0.000090 0.835534
4 1 0.046825 0.224330 0.126435 0.000818 0.601591
4 1 0.007070 0.148691 0.160040 0.000430 0.683769
4 4 0.004539 0.097766 0.135441 0.000260 0.761994
4 4 0.025692 0.155149 0.082036 0.000310 0.736814
4 4 0.011117 0.119066 0.098660 0.000204 0.770952
4 4 0.035851 0.235934 0.155482 0.000385 0.572348
4 4 0.014172 0.165306 0.121486 0.000303 0.698734
1 4 0.177622 0.424784 0.163210 0.003547 0.230836
1 4 0.073786 0.423900 0.193406 0.008126 0.300781
1 4 0.073656 0.496173 0.272933 0.004526 0.152712
2 4 0.034308 0.376925 0.427958 0.010414 0.150395
1 4 0.037487 0.398395 0.392090 0.014399 0.157630
2 4 0.034817 0.357375 0.453072 0.023236 0.131500
2 4 0.028734 0.252226 0.614880 0.037296 0.066864
2 4 0.052429 0.280409 0.586525 0.029782 0.050855
2 4 0.039819 0.309917 0.577383 0.010303 0.062579
2 4 0.031986 0.267729 0.590666 0.033558 0.076061
1 4 0.078370 0.554558 0.277207 0.000288 0.089577
2 4 0.029661 0.384875 0.394737 0.000390 0.190337
2 2 0.066964 0.416084 0.435346 0.003267 0.078339
2 2 0.072695 0.369765 0.495447 0.006151 0.055943
2 2 0.079237 0.328844 0.535533 0.011978 0.044409
2 2 0.011154 0.189393 0.745301 0.010152 0.044000
2 2 0.067422 0.274336 0.618798 0.011092 0.028351
2 2 0.048765 0.252642 0.659001 0.010743 0.028849
2 2 0.044756 0.206386 0.698770 0.026849 0.023238
2 2 0.015236 0.152135 0.743074 0.056708 0.032848
2 2 0.026639 0.208043 0.667811 0.052429 0.045077
2 2 0.004544 0.084159 0.866415 0.028622 0.016260
2 2 0.007475 0.097878 0.847305 0.031411 0.015931
2 2 0.002121 0.055537 0.857338 0.061110 0.023894
2 2 0.011387 0.092520 0.831097 0.052785 0.012211
2 2 0.003195 0.071480 0.860173 0.046805 0.018348
2 2 0.007352 0.110705 0.789486 0.063437 0.029019
2 2 0.001325 0.035498 0.840471 0.105051 0.017656
2 2 0.003458 0.053711 0.871222 0.062773 0.008836
2 2 0.010785 0.099620 0.737600 0.129545 0.022449
2 2 0.001979 0.031186 0.713178 0.247330 0.006326
2 2 0.000672 0.017963 0.737748 0.239243 0.004374
2 2 0.004735 0.071878 0.667307 0.231627 0.024454
2 2 0.003013 0.057729 0.740009 0.181020 0.018229
2 2 0.001218 0.035317 0.776475 0.176126 0.010863
2 2 0.013037 0.131229 0.778493 0.051893 0.025348
2 2 0.004322 0.038234 0.774562 0.178095 0.004788
2 2 0.001490 0.024903 0.743204 0.226041 0.004362
2 2 0.002885 0.054796 0.722496 0.203093 0.016729
2 2 0.002655 0.043638 0.785934 0.158654 0.009119
2 2 0.003096 0.036976 0.598145 0.353216 0.008567
2 2 0.001068 0.023238 0.671610 0.298446 0.005638
2 2 0.003579 0.049752 0.633097 0.300379 0.013192
2 2 0.002530 0.045125 0.564566 0.370714 0.017065
3 2 0.000875 0.008501 0.464613 0.525104 0.000908
3 2 0.001471 0.014237 0.462914 0.519277 0.002101
3 2 0.000362 0.006854 0.381611 0.609826 0.001348
3 2 0.000424 0.008075 0.346901 0.642658 0.001942
3 2 0.001837 0.015181 0.454293 0.526594 0.002095
3 2 0.000767 0.008435 0.340536 0.648891 0.001371
3 2 0.001386 0.012208 0.355048 0.629353 0.002005
3 2 0.000948 0.010072 0.287723 0.699154 0.002102
3 2 0.000489 0.006354 0.400857 0.591463 0.000837
3 3 0.000600 0.007003 0.326454 0.664835 0.001108
3 3 0.000381 0.004956 0.242985 0.750760 0.000918
3 3 0.000231 0.002594 0.289447 0.707450 0.000278
3 3 0.000176 0.002139 0.252445 0.745027 0.000213
3 3 0.000131 0.001740 0.116776 0.881018 0.000335
3 3 0.000673 0.010346 0.242333 0.743283 0.003364
3 3 0.000997 0.010223 0.267863 0.718711 0.002206
3 3 0.000340 0.004600 0.210738 0.783361 0.000961
3 3 0.000218 0.002294 0.132721 0.864380 0.000388
3 3 0.000158 0.003137 0.137597 0.858066 0.001043
3 3 0.000211 0.003311 0.109001 0.886314 0.001162
3 3 0.000731 0.006595 0.155099 0.835921 0.001655
3 3 0.000219 0.003607 0.115104 0.879747 0.001323
3 3 0.000110 0.001502 0.084062 0.913963 0.000363
3 3 0.000154 0.002650 0.081030 0.915034 0.001133
3 3 0.000402 0.005630 0.142428 0.849563 0.001977
3 3 0.000147 0.001946 0.118238 0.879272 0.000397
3 3 0.000084 0.001667 0.094200 0.903526 0.000523
3 3 0.000232 0.002774 0.121928 0.874432 0.000634
3 3 0.000120 0.000990 0.078701 0.920059 0.000131
3 3 0.000059 0.000632 0.102693 0.896556 0.000061
3 3 0.000041 0.000344 0.052959 0.946622 0.000033
3 3 0.000094 0.000968 0.070944 0.927829 0.000165
3 3 0.000103 0.001339 0.080384 0.917871 0.000302
3 3 0.000085 0.000827 0.046310 0.952600 0.000179
3 3 0.000041 0.000619 0.080037 0.919206 0.000096
3 3 0.000037 0.000532 0.084748 0.914613 0.000069
3 3 0.000041 0.000650 0.053452 0.945701 0.000157
3 3 0.000067 0.000881 0.066838 0.932032 0.000182
3 3 0.000106 0.001872 0.075142 0.922171 0.000708
3 3 0.000089 0.001853 0.078153 0.919136 0.000769
3 3 0.000058 0.000919 0.085083 0.913759 0.000183
3 3 0.000205 0.001927 0.105784 0.891756 0.000328
3 3 0.000120 0.001461 0.055641 0.942322 0.000456
3 3 0.000048 0.000717 0.063659 0.935427 0.000149
3 3 0.000073 0.001343 0.101950 0.896312 0.000322
3 3 0.000161 0.002094 0.139249 0.858116 0.000380
3 3 0.000053 0.000554 0.072833 0.926494 0.000066
3 3 0.000007 0.000130 0.031016 0.968827 0.000021
3 3 0.000169 0.003102 0.076734 0.918398 0.001596
3 3 0.000346 0.004421 0.076360 0.916693 0.002179
3 3 0.000153 0.002195 0.092530 0.904480 0.000643
3 3 0.000034 0.000598 0.060933 0.938303 0.000132
3 3 0.000014 0.000365 0.036234 0.963253 0.000135
3 3 0.000311 0.001926 0.065736 0.931668 0.000360
2 3 0.006339 0.121041 0.485622 0.307311 0.079687
2 2 0.008462 0.103478 0.450735 0.384323 0.053001
2 2 0.004381 0.063123 0.606173 0.303632 0.022692
2 2 0.004791 0.070994 0.738076 0.165762 0.020377
2 2 0.002417 0.099811 0.764841 0.072091 0.060840
2 2 0.001445 0.062126 0.829103 0.081095 0.026231
2 2 0.002588 0.054309 0.691956 0.231151 0.019997
2 2 0.001369 0.037194 0.660819 0.286057 0.014560
2 2 0.001307 0.022720 0.486884 0.482321 0.006768
2 2 0.002110 0.030237 0.529967 0.429351 0.008335
2 2 0.003592 0.042291 0.568623 0.374314 0.011180
2 2 0.002013 0.032150 0.554755 0.401585 0.009498
2 2 0.006141 0.088716 0.596839 0.272414 0.035889
2 2 0.002457 0.064460 0.640669 0.259764 0.032651
2 2 0.001548 0.032821 0.677158 0.279005 0.009468
2 2 0.004154 0.056871 0.661893 0.261519 0.015564
2 2 0.001189 0.023756 0.548082 0.419882 0.007090
3 2 0.003051 0.040304 0.444393 0.497705 0.014547
2 2 0.007002 0.113664 0.558748 0.263848 0.056737
2 2 0.002187 0.058713 0.634089 0.277316 0.027695
3 2 0.002901 0.025674 0.285574 0.677685 0.008166
2 2 0.013628 0.075258 0.491386 0.403716 0.016012
1 2 0.040544 0.392126 0.354989 0.030557 0.181783
1 0 0.042594 0.382369 0.313957 0.052228 0.208852
0 0 0.787410 0.057404 0.043328 0.004489 0.107370
0 0 0.743887 0.100653 0.025229 0.000672 0.129560
0 0 0.828425 0.052308 0.052395 0.004760 0.062112
0 0 0.866696 0.033736 0.045091 0.004945 0.049533
0 0 0.888551 0.022973 0.017258 0.001383 0.069836
0 0 0.836536 0.050300 0.049472 0.004095 0.059598
0 0 0.641379 0.068053 0.057350 0.011798 0.221421
0 0 0.684351 0.066843 0.044207 0.006037 0.198562
0 0 0.480272 0.151783 0.057000 0.005386 0.305558
0 0 0.628792 0.094620 0.113620 0.024218 0.138750
0 0 0.919956 0.018527 0.006530 0.000173 0.054813
0 0 0.917780 0.025432 0.015477 0.000581 0.040729
0 0 0.859922 0.032818 0.001876 0.000007 0.105377
0 0 0.776440 0.029919 0.001944 0.000010 0.191686
0 0 0.933880 0.024562 0.004833 0.000046 0.036679
0 0 0.944479 0.013769 0.000793 0.000002 0.040957
0 0 0.906142 0.020725 0.004263 0.000073 0.068797
0 0 0.934993 0.017942 0.001944 0.000011 0.045110
0 0 0.898559 0.019519 0.001095 0.000004 0.080822
0 0 0.948797 0.015477 0.002559 0.000018 0.033149
0 0 0.558479 0.042916 0.007093 0.000027 0.391485
0 0 0.529208 0.098345 0.006298 0.000011 0.366138
0 0 0.605235 0.052652 0.005192 0.000017 0.336904
0 0 0.504500 0.058301 0.005430 0.000035 0.431735
4 0 0.441892 0.067175 0.007996 0.000044 0.482894
0 0 0.609777 0.085701 0.012914 0.000416 0.291192
0 0 0.756477 0.022695 0.001145 0.000003 0.219680
0 0 0.675848 0.035506 0.002708 0.000037 0.285901
4 0 0.363469 0.103997 0.014237 0.000025 0.518272
4 0 0.338152 0.072899 0.010540 0.000023 0.578385
0 0 0.793953 0.042991 0.003059 0.000016 0.159980
0 0 0.822649 0.027935 0.001993 0.000014 0.147408
0 0 0.923049 0.014189 0.000552 0.000001 0.062208
0 0 0.881370 0.017918 0.000526 0.000000 0.100186
4 0 0.070433 0.010330 0.001305 0.000001 0.917931
4 0 0.388019 0.030258 0.001898 0.000000 0.579824
4 0 0.039432 0.023633 0.006577 0.000009 0.930350
4 0 0.157233 0.076952 0.013482 0.000012 0.752321
1 1 0.035503 0.354636 0.269862 0.003569 0.336429
1 1 0.036153 0.393730 0.275121 0.002844 0.292152
1 1 0.048945 0.402396 0.191291 0.001190 0.356178
4 1 0.011761 0.199476 0.207985 0.001303 0.579475
4 1 0.022009 0.213921 0.153940 0.000427 0.609704
4 1 0.002383 0.073679 0.126761 0.001013 0.796164
4 1 0.028863 0.326485 0.226418 0.003604 0.414629
4 1 0.019612 0.169529 0.143084 0.001431 0.666344
4 1 0.050243 0.352018 0.161780 0.002320 0.433639
4 1 0.012535 0.158967 0.123531 0.000602 0.704365
4 1 0.010926 0.250134 0.246485 0.001214 0.491241
4 1 0.034138 0.280094 0.187420 0.000438 0.497909
4 1 0.126962 0.352478 0.111448 0.002189 0.406923
4 4 0.180616 0.296245 0.097498 0.002233 0.423407
4 4 0.027537 0.036652 0.013803 0.000058 0.921950
4 4 0.027371 0.049000 0.018089 0.000153 0.905388
4 4 0.008612 0.064636 0.046210 0.000226 0.880316
4 4 0.007083 0.024947 0.023085 0.000092 0.944793
4 4 0.026941 0.169083 0.114935 0.000350 0.688692
4 4 0.021291 0.233528 0.142285 0.000443 0.602453
4 4 0.003000 0.051213 0.067613 0.000245 0.877929
4 4 0.041682 0.221191 0.101494 0.000605 0.635027
4 4 0.013724 0.196810 0.186314 0.000589 0.602563
4 4 0.019608 0.252449 0.187341 0.000342 0.540260
4 4 0.003704 0.102221 0.160296 0.000192 0.733586
4 4 0.014454 0.208641 0.171861 0.000470 0.604575
4 4 0.003175 0.071597 0.096847 0.000151 0.828230
4 4 0.004683 0.099186 0.115881 0.000208 0.780042
4 4 0.001542 0.166361 0.354193 0.004727 0.473178
4 4 0.007633 0.186459 0.244698 0.001306 0.559904
4 4 0.009923 0.245942 0.275326 0.003339 0.465469
4 4 0.012198 0.190660 0.274224 0.004272 0.518646
4 4 0.001503 0.116682 0.304623 0.000930 0.576262
4 4 0.013769 0.275956 0.266545 0.000901 0.442828
1 4 0.018217 0.385832 0.361817 0.000580 0.233554
1 4 0.035018 0.489269 0.319496 0.001156 0.155061
1 4 0.031585 0.433603 0.330403 0.005911 0.198498
1 4 0.070207 0.495463 0.265910 0.005157 0.163262
4 4 0.007485 0.247243 0.323255 0.003017 0.419001
2 4 0.003552 0.153802 0.528585 0.010809 0.303252
2 4 0.002862 0.125906 0.699679 0.047099 0.124453
2 4 0.018440 0.297269 0.533444 0.020243 0.130604
4 4 0.047316 0.195269 0.096529 0.000413 0.660473
4 4 0.011274 0.189299 0.156067 0.000867 0.642492
1 4 0.032996 0.413763 0.324678 0.002588 0.225974
2 4 0.011922 0.344104 0.406347 0.007154 0.230474
0 0 0.358128 0.239782 0.056800 0.001435 0.343855
0 0 0.600056 0.100963 0.010811 0.000070 0.288101
1 0 0.284404 0.393705 0.100449 0.005346 0.216096
1 0 0.227228 0.444399 0.128532 0.006557 0.193284
1 0 0.105528 0.483269 0.207417 0.001212 0.202575
1 0 0.145738 0.480956 0.173428 0.001996 0.197882
0 0 0.661958 0.102618 0.014024 0.000310 0.221090
0 0 0.903537 0.025032 0.005051 0.000077 0.066304
0 0 0.728434 0.050314 0.005351 0.000085 0.215816
4 1 0.441066 0.040693 0.003277 0.000028 0.514937
4 1 0.050645 0.334651 0.151528 0.000451 0.462725
4 1 0.006861 0.139442 0.148782 0.000144 0.704771
2 1 0.001765 0.163486 0.616896 0.010123 0.207730
2 1 0.000792 0.130256 0.657985 0.012524 0.198444
4 0 0.221289 0.059149 0.007206 0.000007 0.712348
4 0 0.132702 0.058823 0.005679 0.000003 0.802792
0 0 0.914128 0.036167 0.024100 0.000674 0.024931
0 0 0.896437 0.027810 0.001589 0.000006 0.074159
1 1 0.148792 0.528935 0.173444 0.006074 0.142756
1 1 0.137139 0.541782 0.165531 0.004945 0.150603
4 1 0.026139 0.334410 0.233634 0.000611 0.405205
4 1 0.005080 0.203072 0.291265 0.000966 0.499617
2 1 0.002030 0.105578 0.735723 0.010336 0.146332
2 2 0.005127 0.182318 0.698373 0.013467 0.100715
2 2 0.002988 0.070492 0.796050 0.025549 0.104921
2 2 0.002802 0.100697 0.722390 0.006176 0.167934
2 2 0.000730 0.021983 0.875795 0.086694 0.014798
2 2 0.000468 0.027899 0.856667 0.095270 0.019697
2 2 0.000851 0.037586 0.866006 0.009947 0.085610
2 2 0.003791 0.134405 0.735750 0.003414 0.122639
2 2 0.004785 0.064064 0.770882 0.017426 0.142843
2 2 0.003948 0.078344 0.766989 0.012664 0.138056
2 2 0.001863 0.039327 0.877080 0.046844 0.034887
2 2 0.001509 0.041716 0.855160 0.063147 0.038469
2 2 0.004034 0.055068 0.803556 0.005411 0.131932
2 2 0.002079 0.088361 0.782488 0.002305 0.124767
2 2 0.002349 0.063497 0.879858 0.038667 0.015628
2 2 0.005053 0.121767 0.820474 0.019116 0.033590
2 2 0.000826 0.035773 0.875405 0.050734 0.037263
2 2 0.003391 0.107208 0.829427 0.024288 0.035686
2 2 0.003131 0.103383 0.800612 0.008861 0.084013
2 2 0.002928 0.054668 0.822030 0.009991 0.110383
2 2 0.001259 0.031136 0.884558 0.065512 0.017535
2 2 0.001126 0.034380 0.854682 0.089165 0.020647
2 2 0.000728 0.038760 0.839496 0.091682 0.029334
2 2 0.003945 0.104930 0.838029 0.024365 0.028731
2 2 0.000921 0.050244 0.861851 0.065213 0.021770
2 2 0.000849 0.035093 0.902925 0.039777 0.021356
2 2 0.000852 0.044625 0.814162 0.119439 0.020921
2 2 0.001477 0.040048 0.832971 0.097276 0.028228
2 2 0.001342 0.041953 0.765159 0.177309 0.014237
2 2 0.003216 0.074113 0.706270 0.185590 0.030811
2 2 0.001441 0.050347 0.789529 0.131732 0.026951
2 2 0.000348 0.023784 0.746791 0.213990 0.015086
2 2 0.001219 0.052075 0.820486 0.098018 0.028203
2 2 0.005004 0.094035 0.796349 0.078275 0.026337
2 2 0.001112 0.067959 0.853678 0.045451 0.031800
2 2 0.007861 0.163405 0.767495 0.018144 0.043095
2 2 0.001301 0.044748 0.668199 0.264410 0.021343
2 2 0.004664 0.084708 0.773060 0.112155 0.025413
2 2 0.004435 0.030311 0.677276 0.284613 0.003364
2 2 0.000963 0.016745 0.629517 0.349740 0.003036
2 2 0.011498 0.102467 0.536151 0.316596 0.033289
2 2 0.032129 0.138252 0.590333 0.215610 0.023676
2 2 0.030507 0.224662 0.643402 0.050660 0.050770
2 2 0.023003 0.199772 0.643168 0.078427 0.055630
2 2 0.012370 0.193175 0.690229 0.035963 0.068264
2 2 0.008014 0.134964 0.751167 0.061362 0.044493
2 2 0.010169 0.191582 0.709773 0.023948 0.064528
2 2 0.002879 0.103523 0.800887 0.048237 0.044473
2 2 0.001103 0.047996 0.855915 0.063573 0.031413
2 2 0.001477 0.052787 0.865753 0.051918 0.028066
2 2 0.001204 0.029774 0.846704 0.110549 0.011769
2 2 0.000386 0.030070 0.855928 0.098878 0.014738
2 2 0.004732 0.133867 0.826327 0.004272 0.030801
2 2 0.000546 0.052599 0.881913 0.034049 0.030893
2 2 0.001093 0.039523 0.814224 0.130299 0.014862
2 2 0.005003 0.104780 0.800962 0.056601 0.032654
2 2 0.000750 0.015950 0.669753 0.302055 0.011492
2 2 0.006239 0.095954 0.606539 0.250991 0.040277
2 2 0.000989 0.042102 0.670908 0.261320 0.024681
2 2 0.001687 0.047957 0.744136 0.187650 0.018570
2 2 0.000714 0.043410 0.702888 0.221866 0.031123
2 2 0.001443 0.043100 0.849358 0.094040 0.012058
2 2 0.000919 0.040665 0.766839 0.172360 0.019218
2 2 0.002060 0.064284 0.755025 0.149078 0.029553
2 2 0.001660 0.056916 0.805968 0.113999 0.021457
2 2 0.001824 0.073455 0.820601 0.069225 0.034896
2 2 0.001740 0.054386 0.819517 0.101484 0.022873
2 2 0.001221 0.048204 0.785120 0.139604 0.025851
2 2 0.000594 0.026022 0.699388 0.262953 0.011044
2 2 0.001202 0.038838 0.714100 0.230664 0.015195
2 2 0.000524 0.017061 0.664715 0.312893 0.004807
2 2 0.000855 0.023305 0.696626 0.272783 0.006431
0 2 0.535670 0.087252 0.015242 0.000782 0.361054
0 0 0.827216 0.037626 0.017971 0.001254 0.115934
0 0 0.684954 0.064202 0.022398 0.001887 0.226559
0 0 0.560976 0.145571 0.018583 0.000401 0.274470
2 1 0.006193 0.261166 0.396065 0.004877 0.331700
2 1 0.006566 0.297371 0.400051 0.011036 0.284976
2 1 0.005268 0.213375 0.584500 0.029529 0.167328
2 1 0.002058 0.107400 0.776478 0.051691 0.062374
2 1 0.000491 0.035973 0.903017 0.033000 0.027519
2 2 0.000415 0.038283 0.895603 0.038597 0.027103
2 2 0.000506 0.036449 0.914515 0.031280 0.017250
2 2 0.000537 0.033625 0.865298 0.086329 0.014211
2 2 0.000436 0.030061 0.909677 0.048569 0.011258
2 2 0.000193 0.020977 0.894619 0.074260 0.009951
2 2 0.002297 0.053108 0.788412 0.139762 0.016421
2 2 0.001433 0.027313 0.820492 0.146121 0.004642
2 2 0.000893 0.052816 0.876621 0.034064 0.035606
2 2 0.000503 0.035419 0.877187 0.067958 0.018933
4 2 0.036777 0.126036 0.375976 0.054950 0.406261
4 2 0.227554 0.288052 0.167920 0.012036 0.304437
1 2 0.021098 0.382215 0.353681 0.011206 0.231800
1 2 0.027682 0.407553 0.347414 0.009894 0.207457
2 2 0.010990 0.255717 0.630210 0.006682 0.096401
2 2 0.002047 0.073296 0.853624 0.020607 0.050426
2 2 0.001384 0.068813 0.862916 0.021125 0.045762
2 2 0.000979 0.069586 0.865482 0.020882 0.043070
2 2 0.000443 0.028905 0.861369 0.097422 0.011861
2 2 0.000646 0.046183 0.840445 0.085580 0.027146
2 2 0.000540 0.032032 0.765409 0.185616 0.016403
2 2 0.002267 0.074328 0.785406 0.104931 0.033069
2 2 0.000409 0.033394 0.794910 0.150095 0.021192
2 2 0.000841 0.033826 0.810640 0.142652 0.012040
2 2 0.000783 0.038969 0.792220 0.150532 0.017496
2 2 0.000471 0.034791 0.736920 0.205181 0.022638
2 2 0.003704 0.066508 0.791659 0.107397 0.030732
2 1 0.004908 0.096547 0.755532 0.069825 0.073188
0 2 0.390832 0.221865 0.177273 0.028423 0.181607
1 1 0.113269 0.489414 0.191527 0.018742 0.187048
2 1 0.010850 0.125290 0.635926 0.184105 0.043829
2 1 0.007111 0.121805 0.601868 0.203561 0.065656
2 2 0.014394 0.357021 0.495867 0.001186 0.131533
2 2 0.009374 0.324153 0.511259 0.001139 0.154075
2 2 0.003351 0.068629 0.756028 0.148171 0.023821
2 2 0.001120 0.025415 0.748969 0.218815 0.005680
2 2 0.010377 0.178839 0.680715 0.055769 0.074300
2 2 0.003100 0.111868 0.751508 0.070750 0.062774
2 2 0.005640 0.086523 0.891731 0.006592 0.009514
2 2 0.004798 0.094212 0.863381 0.017900 0.019709
2 2 0.007213 0.141972 0.757179 0.043838 0.049798
2 2 0.003959 0.097928 0.821537 0.045364 0.031212
2 2 0.002589 0.070971 0.713010 0.178391 0.035040
2 2 0.006888 0.104314 0.749736 0.107891 0.031171
2 2 0.001616 0.064413 0.797199 0.106392 0.030379
2 2 0.006343 0.120996 0.730408 0.094690 0.047562
2 2 0.007536 0.108273 0.770728 0.083472 0.029992
2 2 0.001513 0.046122 0.856769 0.082694 0.012902
2 2 0.010425 0.106383 0.744836 0.115287 0.023070
2 2 0.002716 0.083796 0.705950 0.158161 0.049377
2 2 0.008782 0.104862 0.787157 0.077038 0.022160
2 2 0.002798 0.081413 0.690603 0.181128 0.044058
2 2 0.006336 0.089721 0.778651 0.102533 0.022759
2 2 0.000646 0.031455 0.579478 0.367290 0.021131
2 2 0.008022 0.128788 0.680208 0.129034 0.053948
2 2 0.005490 0.092164 0.726196 0.145352 0.030798
2 2 0.001763 0.053170 0.690844 0.230120 0.024103
2 2 0.008969 0.108188 0.718611 0.134927 0.029304
2 2 0.010939 0.126190 0.569390 0.240884 0.052597
2 2 0.004593 0.094133 0.669043 0.192531 0.039701
2 2 0.017688 0.139231 0.622746 0.183918 0.036417
2 2 0.031771 0.153971 0.660089 0.129081 0.025087
2 2 0.019605 0.189997 0.588794 0.136752 0.064853
2 2 0.008524 0.162406 0.579014 0.153866 0.096191
2 2 0.001993 0.056076 0.674400 0.240005 0.027526
2 2 0.000871 0.031762 0.680020 0.273593 0.013754
2 2 0.001771 0.053304 0.779329 0.145216 0.020381
2 2 0.002380 0.063572 0.807398 0.105792 0.020858
2 2 0.001248 0.049880 0.816631 0.111155 0.021086
2 2 0.001277 0.045710 0.832541 0.104658 0.015814
2 2 0.004402 0.088316 0.726943 0.148426 0.031913
2 2 0.001128 0.051717 0.747740 0.172685 0.026730
2 2 0.001397 0.037349 0.542651 0.400878 0.017727
2 2 0.002047 0.051065 0.701527 0.226218 0.019142
2 2 0.021025 0.244213 0.570734 0.075182 0.088847
2 0 0.104987 0.240740 0.498482 0.071723 0.084068
0 0 0.775312 0.077641 0.093283 0.007721 0.046044
0 0 0.916906 0.023312 0.020871 0.001193 0.037719
0 1 0.496439 0.056070 0.012802 0.000290 0.434398
4 1 0.262881 0.197787 0.019363 0.000051 0.519918
2 1 0.019344 0.377344 0.408929 0.005369 0.189014
2 1 0.005539 0.255471 0.541276 0.008307 0.189407
2 1 0.003091 0.163657 0.680082 0.023066 0.130104
2 2 0.001770 0.089978 0.822513 0.039040 0.046699
2 2 0.004196 0.088167 0.861076 0.026360 0.020201
2 2 0.001477 0.078991 0.830608 0.044587 0.044337
2 2 0.001028 0.045449 0.782789 0.149203 0.021530
2 2 0.004673 0.094759 0.763087 0.101352 0.036128
2 2 0.004366 0.154124 0.807834 0.001201 0.032475
2 2 0.002857 0.101199 0.854864 0.003546 0.037535
2 2 0.002203 0.054312 0.838660 0.089598 0.015227
2 2 0.000550 0.031352 0.757605 0.194375 0.016119
2 2 0.000733 0.042421 0.802950 0.130869 0.023026
2 2 0.001263 0.059927 0.691159 0.204862 0.042791
2 2 0.002700 0.102296 0.852453 0.010506 0.032045
2 2 0.000701 0.028585 0.919679 0.023529 0.027506
2 2 0.002375 0.107614 0.704294 0.103940 0.081777
2 2 0.002281 0.074132 0.851194 0.047680 0.024712
2 2 0.003069 0.073388 0.720305 0.176512 0.026726
2 0 0.120474 0.242590 0.536038 0.044703 0.056195
0 0 0.379388 0.295365 0.035328 0.000000 0.289919
0 0 0.442256 0.367931 0.038938 0.000001 0.150874
0 0 0.865311 0.065206 0.031270 0.000606 0.037606
0 0 0.912585 0.046908 0.002411 0.000003 0.038093
0 0 0.904854 0.017948 0.004680 0.000116 0.072402
0 0 0.791152 0.028036 0.001705 0.000012 0.179094
4 0 0.471437 0.018607 0.002416 0.000054 0.507486
4 0 0.474827 0.029568 0.001794 0.000010 0.493800
4 0 0.016129 0.020987 0.011353 0.000012 0.951519
4 1 0.034910 0.124457 0.039191 0.000008 0.801435
4 1 0.002914 0.123012 0.249093 0.000414 0.624567
4 1 0.002872 0.117814 0.292108 0.001231 0.585976
4 1 0.006783 0.140333 0.169871 0.000103 0.682909
4 1 0.006874 0.159544 0.189414 0.000100 0.644069
4 1 0.009170 0.215520 0.296968 0.001135 0.477207
4 1 0.019140 0.289679 0.258655 0.000602 0.431924
4 1 0.007325 0.064908 0.064554 0.000325 0.862888
4 1 0.021641 0.134000 0.089634 0.000234 0.754491
4 1 0.003885 0.105535 0.135081 0.001039 0.754460
4 1 0.022515 0.162210 0.119988 0.001190 0.694097
4 1 0.096524 0.289470 0.066156 0.000501 0.547349
4 1 0.097894 0.075563 0.030246 0.000192 0.796105
4 4 0.087963 0.106272 0.033236 0.001010 0.771518
4 4 0.064270 0.156548 0.048517 0.000643 0.730021
4 4 0.008675 0.010070 0.005553 0.000014 0.975688
4 4 0.005413 0.014620 0.006773 0.000011 0.973183
4 4 0.019341 0.074653 0.048990 0.001305 0.855711
4 4 0.011731 0.036184 0.023868 0.000310 0.927908
4 4 0.015460 0.085658 0.060232 0.000411 0.838239
4 4 0.005919 0.033536 0.033446 0.000181 0.926920
4 4 0.108400 0.133920 0.052613 0.000259 0.704809
4 4 0.117369 0.244983 0.064510 0.000408 0.572731
4 4 0.035334 0.028225 0.007186 0.000029 0.929227
4 4 0.068161 0.023687 0.005769 0.000022 0.902362
4 4 0.018384 0.072430 0.040197 0.000222 0.868768
4 4 0.003761 0.033611 0.034419 0.000493 0.927716
4 4 0.024266 0.049476 0.018113 0.000420 0.907725
4 4 0.010454 0.017411 0.009447 0.000188 0.962500
4 4 0.009602 0.027072 0.016127 0.000156 0.947043
4 4 0.017621 0.030228 0.012204 0.000078 0.939869
4 4 0.010706 0.033845 0.022756 0.000026 0.932666
4 4 0.022034 0.094204 0.053577 0.000139 0.830046
4 4 0.013501 0.131824 0.168202 0.001974 0.684500
4 4 0.003430 0.119951 0.259341 0.002930 0.614349
4 4 0.012074 0.133445 0.127172 0.000651 0.726658
4 4 0.001956 0.084362 0.132616 0.001119 0.779948
1 4 0.028424 0.401507 0.222423 0.000103 0.347543
4 4 0.004217 0.129649 0.201230 0.000115 0.664789
4 4 0.025555 0.052266 0.028207 0.000237 0.893736
4 4 0.016857 0.103804 0.050630 0.001990 0.826719
4 4 0.009830 0.013801 0.007560 0.000053 0.968755
4 4 0.005270 0.017038 0.009792 0.000081 0.967818
4 4 0.022532 0.135080 0.079800 0.000015 0.762573
4 4 0.010549 0.113096 0.092813 0.000045 0.783497
4 4 0.004939 0.025544 0.030348 0.000026 0.939143
4 4 0.011296 0.098372 0.051013 0.000019 0.839300
1 4 0.061117 0.463143 0.218080 0.001338 0.256322
1 4 0.035922 0.360623 0.244091 0.001894 0.357470
4 4 0.025195 0.254032 0.206883 0.000624 0.513266
4 4 0.013618 0.249834 0.247037 0.001027 0.488484
4 4 0.015368 0.166181 0.149595 0.000798 0.668058
4 4 0.059146 0.355953 0.196394 0.001157 0.387349
4 4 0.007756 0.138290 0.171866 0.000802 0.681286
4 4 0.007590 0.246020 0.266711 0.003322 0.476356
4 4 0.053952 0.330851 0.223457 0.002709 0.389031
4 4 0.003288 0.115358 0.320737 0.004968 0.555649
4 4 0.002599 0.140882 0.279978 0.002466 0.574075
4 4 0.006946 0.173564 0.261143 0.001487 0.556861
4 4 0.004009 0.203881 0.359803 0.002590 0.429717
4 4 0.006794 0.258434 0.356236 0.001606 0.376929
4 4 0.004354 0.147444 0.265896 0.000773 0.581532
4 4 0.002190 0.094073 0.234325 0.001273 0.668139
4 4 0.092075 0.287571 0.150732 0.001734 0.467888
1 0 0.249480 0.484768 0.122781 0.004744 0.138227
4 0 0.103449 0.235752 0.079844 0.000664 0.580291
4 0 0.016306 0.118194 0.071475 0.000115 0.793910
4 1 0.019487 0.268940 0.250792 0.000269 0.460513
4 1 0.017248 0.279887 0.239714 0.000123 0.463027
2 1 0.001736 0.173653 0.565368 0.024157 0.235085
2 1 0.003513 0.229228 0.533093 0.009133 0.225033
4 1 0.014308 0.278341 0.269675 0.002274 0.435402
1 1 0.014700 0.331843 0.321614 0.005324 0.326518
4 1 0.004684 0.173330 0.396753 0.008763 0.416469
2 1 0.002649 0.227583 0.418092 0.012111 0.339565
2 1 0.000582 0.051667 0.576183 0.289053 0.082515
2 1 0.017006 0.227801 0.459723 0.047901 0.247568
4 1 0.188341 0.232811 0.075449 0.000426 0.502974
4 1 0.037872 0.156680 0.083233 0.000109 0.722105
2 1 0.016722 0.347692 0.366501 0.018021 0.251064
2 1 0.002565 0.170751 0.594266 0.050182 0.182236
2 2 0.000949 0.063424 0.870088 0.029316 0.036222
2 2 0.000280 0.026963 0.859629 0.057181 0.055946
2 2 0.000372 0.018943 0.928810 0.042780 0.009095
2 2 0.000518 0.020222 0.917997 0.039656 0.021608
