3 3 0.000320 0.000414 0.023377 0.975401 0.000488
3 3 0.000024 0.000103 0.026734 0.973059 0.000079
3 3 0.001018 0.001516 0.038774 0.957117 0.001575
3 3 0.000011 0.000077 0.036504 0.963361 0.000047
3 3 0.000000 0.000025 0.074362 0.925604 0.000009
3 3 0.000003 0.000059 0.053191 0.946716 0.000031
3 3 0.000016 0.000038 0.011953 0.987946 0.000047
3 3 0.000088 0.000154 0.020037 0.979557 0.000163
3 3 0.000001 0.000010 0.019251 0.980733 0.000006
3 3 0.000040 0.000120 0.023463 0.976270 0.000106
3 3 0.000006 0.000034 0.018072 0.981860 0.000029
3 3 0.000001 0.000016 0.022359 0.977612 0.000011
3 3 0.000011 0.000055 0.023194 0.976695 0.000044
3 3 0.000152 0.000326 0.028001 0.971209 0.000312
3 3 0.000018 0.000056 0.016130 0.983738 0.000058
3 3 0.000012 0.000096 0.041007 0.958824 0.000061
3 3 0.000001 0.000013 0.030234 0.969744 0.000008
3 3 0.000003 0.000027 0.020331 0.979616 0.000023
3 3 0.000010 0.000060 0.024787 0.975098 0.000045
3 3 0.000001 0.000016 0.024551 0.975422 0.000010
3 3 0.000088 0.000198 0.018349 0.981116 0.000249
3 3 0.000006 0.000044 0.027178 0.972739 0.000033
3 3 0.000008 0.000049 0.023993 0.975909 0.000041
3 3 0.000001 0.000014 0.026587 0.973390 0.000009
3 3 0.000006 0.000022 0.011821 0.988129 0.000023
3 3 0.000130 0.000189 0.016022 0.983399 0.000259
3 3 0.000075 0.000130 0.013802 0.985805 0.000188
3 3 0.000001 0.000007 0.012128 0.987858 0.000006
3 3 0.000111 0.000150 0.013467 0.986043 0.000228
3 3 0.000071 0.000116 0.012817 0.986820 0.000175
3 3 0.000018 0.000096 0.035719 0.964112 0.000055
3 3 0.000024 0.000147 0.040476 0.959250 0.000103
3 3 0.000003 0.000038 0.035186 0.964752 0.000021
3 3 0.000006 0.000047 0.024554 0.975355 0.000038
3 3 0.000037 0.000124 0.022875 0.976851 0.000113
3 3 0.000003 0.000034 0.029845 0.970093 0.000025
3 3 0.000110 0.000175 0.015854 0.983622 0.000240
3 3 0.000023 0.000052 0.011517 0.988337 0.000071
3 3 0.000021 0.000049 0.011560 0.988305 0.000066
3 3 0.000022 0.000078 0.017106 0.982710 0.000084
3 3 0.000004 0.000017 0.012223 0.987739 0.000017
3 3 0.000069 0.000143 0.016217 0.983386 0.000185
3 3 0.000002 0.000029 0.027885 0.972064 0.000020
3 3 0.000002 0.000020 0.025214 0.974752 0.000013
3 3 0.000001 0.000012 0.025414 0.974566 0.000007
3 3 0.000013 0.000096 0.033580 0.966245 0.000066
3 3 0.000010 0.000021 0.008757 0.991184 0.000028
3 3 0.000013 0.000031 0.010086 0.989829 0.000042
3 3 0.000008 0.000027 0.010190 0.989740 0.000035
3 3 0.000001 0.000007 0.012045 0.987940 0.000007
3 3 0.000046 0.000233 0.034636 0.964879 0.000206
3 3 0.000004 0.000047 0.033738 0.966177 0.000035
3 3 0.000005 0.000051 0.037567 0.962348 0.000029
3 3 0.000013 0.000118 0.044887 0.954913 0.000069
3 3 0.000002 0.000018 0.019075 0.980892 0.000013
3 3 0.000001 0.000013 0.019580 0.980397 0.000009
3 3 0.000002 0.000024 0.025732 0.974222 0.000020
3 3 0.000062 0.000374 0.044587 0.954657 0.000320
3 3 0.000005 0.000343 0.184002 0.815557 0.000093
3 3 0.000247 0.003796 0.241874 0.753068 0.001015
2 3 0.005426 0.051977 0.527821 0.403543 0.011234
2 3 0.006600 0.094912 0.561109 0.312060 0.025319
2 0 0.074937 0.134603 0.619057 0.160970 0.010433
2 0 0.215070 0.137864 0.480511 0.149308 0.017247
2 0 0.097679 0.283887 0.553937 0.037695 0.026802
2 2 0.055804 0.325829 0.530386 0.040520 0.047462
2 1 0.048823 0.384369 0.425836 0.035013 0.105960
1 2 0.053395 0.423454 0.356258 0.026193 0.140701
1 1 0.053754 0.424012 0.370000 0.023380 0.128854
2 1 0.033978 0.349681 0.488262 0.031552 0.096527
2 1 0.028763 0.279042 0.612226 0.032735 0.047235
2 1 0.041964 0.320938 0.563605 0.025526 0.047967
2 2 0.033473 0.371576 0.510074 0.010513 0.074363
2 2 0.035441 0.390373 0.491446 0.007659 0.075082
2 2 0.044500 0.382170 0.489325 0.013975 0.070030
2 1 0.045258 0.387813 0.455741 0.020984 0.090202
2 2 0.011858 0.217899 0.731276 0.009149 0.029818
2 2 0.019024 0.287659 0.635732 0.009521 0.048064
2 2 0.017589 0.253020 0.680154 0.012371 0.036866
2 2 0.010473 0.173881 0.791324 0.008437 0.015885
2 2 0.011552 0.210538 0.745855 0.007171 0.024885
2 2 0.016524 0.249843 0.686400 0.011126 0.036106
2 1 0.007654 0.133738 0.834004 0.013093 0.011511
2 2 0.011542 0.127434 0.813710 0.037381 0.009934
2 2 0.006985 0.144190 0.820432 0.012666 0.015727
2 2 0.001938 0.068297 0.904922 0.017716 0.007127
2 2 0.016868 0.252425 0.684885 0.010316 0.035507
2 2 0.028149 0.313080 0.610773 0.007903 0.040096
2 1 0.045815 0.323606 0.593528 0.008551 0.028500
2 1 0.056968 0.359445 0.520014 0.017378 0.046196
2 2 0.030467 0.344838 0.577081 0.004682 0.042932
2 2 0.025179 0.306687 0.630607 0.004418 0.033110
1 1 0.072738 0.473822 0.331668 0.010747 0.111025
2 2 0.026731 0.339467 0.554333 0.011491 0.067978
2 2 0.030249 0.390921 0.496869 0.005313 0.076648
1 1 0.051194 0.473481 0.364530 0.004779 0.106015
1 2 0.053278 0.478858 0.371282 0.003610 0.092972
2 2 0.050249 0.437880 0.443137 0.003984 0.064749
2 2 0.003288 0.129836 0.843271 0.005454 0.018151
2 2 0.027943 0.350296 0.554472 0.007235 0.060054
1 1 0.098938 0.451958 0.387042 0.008192 0.053870
1 1 0.102387 0.423769 0.416423 0.011861 0.045560
1 1 0.098387 0.493973 0.345109 0.003579 0.058951
1 1 0.149217 0.486688 0.307715 0.005871 0.050509
1 2 0.049223 0.477625 0.378282 0.003024 0.091847
1 2 0.044012 0.471820 0.379195 0.003245 0.101727
1 2 0.054993 0.442928 0.392330 0.010409 0.099340
2 2 0.012962 0.260593 0.689658 0.003320 0.033468
2 2 0.020283 0.293040 0.651365 0.003423 0.031890
2 1 0.047200 0.374397 0.526794 0.007024 0.044585
1 1 0.098529 0.483159 0.321712 0.009923 0.086676
1 1 0.086836 0.478464 0.323491 0.011310 0.099899
1 1 0.085356 0.495077 0.361524 0.002337 0.055705
2 1 0.052738 0.378453 0.534832 0.003292 0.030685
0 0 0.905953 0.046253 0.020666 0.001991 0.025138
0 0 0.749333 0.168678 0.059215 0.001005 0.021770
0 0 0.504108 0.340568 0.114152 0.002690 0.038482
0 0 0.867053 0.067134 0.037981 0.006002 0.021830
0 0 0.589236 0.224463 0.068846 0.001117 0.116338
0 0 0.590890 0.195121 0.090159 0.010986 0.112844
0 0 0.600437 0.254762 0.089789 0.003555 0.051458
0 0 0.650022 0.219311 0.094594 0.004626 0.031448
0 0 0.912424 0.038785 0.023580 0.005886 0.019326
0 0 0.851766 0.075965 0.035508 0.004468 0.032293
0 0 0.810644 0.108557 0.052559 0.003795 0.024443
0 0 0.789634 0.109934 0.054390 0.008963 0.037078
0 0 0.908906 0.031522 0.014365 0.001230 0.043977
0 0 0.899309 0.041879 0.019972 0.003789 0.035051
0 0 0.837471 0.063659 0.031739 0.009955 0.057175
0 0 0.827219 0.068970 0.040289 0.012589 0.050933
0 0 0.731147 0.103212 0.053199 0.011173 0.101270
0 0 0.717796 0.131573 0.067629 0.011930 0.071072
0 0 0.732293 0.104597 0.039927 0.001752 0.121431
0 0 0.604112 0.137828 0.034094 0.000409 0.223558
0 0 0.615958 0.180175 0.063428 0.002711 0.137728
0 0 0.745131 0.114161 0.032054 0.000414 0.108239
1 0 0.311231 0.404169 0.077207 0.000252 0.207141
1 0 0.294169 0.421699 0.112838 0.001250 0.170045
0 0 0.549111 0.152324 0.059551 0.009972 0.229042
0 0 0.713563 0.040961 0.017311 0.002274 0.225891
0 0 0.690907 0.111228 0.034667 0.002162 0.161036
0 0 0.695602 0.149519 0.051003 0.001848 0.102027
0 0 0.399472 0.167852 0.051478 0.003903 0.377294
0 0 0.524454 0.093199 0.033668 0.002798 0.345881
0 0 0.489654 0.165016 0.046841 0.001183 0.297306
0 0 0.465970 0.279960 0.047980 0.000129 0.205962
1 0 0.253439 0.402777 0.119426 0.001658 0.222699
1 0 0.306191 0.351520 0.106223 0.002681 0.233385
0 0 0.748787 0.104984 0.028958 0.001122 0.116149
0 0 0.692400 0.130832 0.051068 0.002749 0.122952
0 0 0.532124 0.083129 0.051695 0.023023 0.310029
0 0 0.512937 0.173398 0.060731 0.006612 0.246322
1 0 0.232368 0.454013 0.133569 0.001148 0.178902
1 0 0.225314 0.500082 0.121239 0.000369 0.152996
0 0 0.614045 0.263002 0.091732 0.001345 0.029875
0 0 0.774894 0.130701 0.053137 0.003491 0.037778
0 0 0.616660 0.178947 0.065492 0.002768 0.136133
0 0 0.454866 0.356033 0.081140 0.000639 0.107322
0 0 0.728693 0.158919 0.065073 0.002403 0.044913
0 0 0.533491 0.316813 0.095946 0.001287 0.052464
0 0 0.644720 0.234931 0.079584 0.001561 0.039203
0 0 0.584785 0.260589 0.091190 0.003261 0.060176
0 0 0.516264 0.345966 0.103664 0.000912 0.033194
0 0 0.527376 0.329189 0.099532 0.001002 0.042900
0 0 0.750013 0.170320 0.056844 0.000651 0.022172
0 0 0.866027 0.081192 0.033437 0.001274 0.018071
0 0 0.645551 0.248293 0.079741 0.000891 0.025524
0 0 0.550811 0.333893 0.089596 0.000434 0.025265
0 0 0.849296 0.070252 0.033327 0.005955 0.041171
0 0 0.952855 0.018313 0.010581 0.002570 0.015681
0 0 0.910067 0.028310 0.013898 0.003252 0.044473
0 0 0.785451 0.050495 0.031143 0.011895 0.121015
0 0 0.449203 0.119675 0.023575 0.000173 0.407373
0 0 0.533947 0.041337 0.013706 0.000645 0.410365
4 0 0.255160 0.125990 0.055581 0.006157 0.557111
4 0 0.109235 0.097586 0.025633 0.000445 0.767101
0 0 0.859571 0.046168 0.019089 0.001793 0.073380
0 0 0.816181 0.057572 0.023621 0.002086 0.100541
0 0 0.571105 0.227433 0.076133 0.001097 0.124231
0 0 0.548308 0.246211 0.076509 0.001101 0.127871
0 0 0.437849 0.271186 0.100574 0.002671 0.187721
0 0 0.445476 0.279710 0.060083 0.000621 0.214111
0 0 0.499994 0.314088 0.079681 0.000900 0.105336
0 0 0.570572 0.221475 0.084798 0.003346 0.119809
0 0 0.389274 0.271641 0.083063 0.002214 0.253808
1 0 0.211957 0.389445 0.092873 0.001247 0.304477
0 0 0.565365 0.288876 0.088883 0.002074 0.054802
0 0 0.717998 0.143908 0.072846 0.007021 0.058227
0 0 0.923365 0.031626 0.020658 0.008084 0.016266
0 0 0.650023 0.206597 0.093103 0.006458 0.043818
0 0 0.600276 0.261844 0.109295 0.004338 0.024247
0 0 0.903746 0.050094 0.028375 0.002934 0.014851
0 0 0.439263 0.305881 0.156679 0.016376 0.081801
1 0 0.362123 0.402539 0.157418 0.005330 0.072590
0 0 0.803526 0.073127 0.029621 0.001726 0.091999
0 0 0.651658 0.138299 0.058497 0.006819 0.144728
0 0 0.511614 0.230572 0.097574 0.010621 0.149619
0 0 0.629597 0.159759 0.085862 0.014887 0.109895
0 0 0.859363 0.066592 0.029202 0.001751 0.043092
0 0 0.795671 0.083792 0.031441 0.001742 0.087355
4 0 0.177384 0.291662 0.111010 0.003943 0.416001
1 0 0.179309 0.370066 0.137631 0.005958 0.307035
0 0 0.624148 0.251595 0.086764 0.001490 0.036003
0 0 0.589221 0.273383 0.107418 0.003150 0.026828
0 0 0.773388 0.141883 0.041519 0.000690 0.042519
0 0 0.810422 0.112989 0.054261 0.001801 0.020527
0 0 0.691550 0.185735 0.073203 0.004200 0.045312
0 0 0.784599 0.107480 0.055336 0.008070 0.044513
0 0 0.727972 0.168029 0.071344 0.003969 0.028685
0 0 0.713379 0.168782 0.079246 0.004748 0.033845
0 0 0.589172 0.256487 0.096766 0.002838 0.054736
0 0 0.528434 0.309077 0.128773 0.003936 0.029780
1 0 0.269857 0.479387 0.167242 0.002594 0.080920
0 0 0.403928 0.369081 0.134151 0.002944 0.089896
0 0 0.470110 0.349098 0.095662 0.000852 0.084277
0 0 0.426915 0.338773 0.130137 0.005285 0.098890
0 0 0.914406 0.041553 0.013181 0.000193 0.030666
0 0 0.870750 0.071517 0.018739 0.000193 0.038801
0 0 0.506282 0.045340 0.026989 0.009568 0.411821
0 0 0.531107 0.054032 0.023164 0.003252 0.388445
0 0 0.749324 0.118798 0.059099 0.015485 0.057294
0 0 0.664048 0.185980 0.082928 0.010509 0.056536
0 0 0.425021 0.171270 0.083947 0.014026 0.305736
4 0 0.227467 0.144079 0.095445 0.041419 0.491590
4 0 0.028179 0.073573 0.033252 0.000285 0.864710
4 0 0.027079 0.088763 0.028051 0.000088 0.856019
4 0 0.421303 0.039589 0.024731 0.005851 0.508527
0 0 0.483989 0.057973 0.018123 0.001659 0.438256
0 0 0.453178 0.321419 0.103865 0.004243 0.117295
0 0 0.429984 0.348471 0.128384 0.004665 0.088495
0 0 0.369796 0.281617 0.106278 0.006913 0.235396
0 0 0.539154 0.112030 0.052247 0.005228 0.291341
0 0 0.709969 0.173710 0.059709 0.002485 0.054126
0 0 0.907408 0.030308 0.019647 0.013753 0.028884
4 0 0.114888 0.147863 0.079240 0.012816 0.645193
4 0 0.100515 0.084224 0.060936 0.014981 0.739343
4 0 0.098673 0.273641 0.065321 0.001173 0.561193
4 0 0.170380 0.102198 0.025205 0.000196 0.702022
0 0 0.777343 0.040427 0.012498 0.000455 0.169277
0 0 0.613739 0.047041 0.018898 0.001220 0.319101
0 0 0.876651 0.035613 0.017005 0.005593 0.065138
0 0 0.566675 0.081684 0.038739 0.006872 0.306031
0 0 0.488896 0.019686 0.009384 0.002105 0.479929
0 0 0.670286 0.022480 0.011058 0.002097 0.294079
0 0 0.603588 0.098249 0.037302 0.004023 0.256837
0 0 0.543084 0.106456 0.053078 0.006626 0.290756
4 0 0.234237 0.045003 0.026751 0.009828 0.684182
4 0 0.162602 0.100553 0.040694 0.004697 0.691454
0 0 0.336861 0.243721 0.094188 0.004433 0.320796
4 0 0.240617 0.220618 0.074889 0.004616 0.459261
4 0 0.108205 0.132991 0.039989 0.001079 0.717736
4 0 0.130200 0.235447 0.064843 0.001064 0.568446
4 0 0.087588 0.319425 0.137270 0.012564 0.443154
4 0 0.153163 0.235033 0.100218 0.009909 0.501676
4 0 0.195310 0.278656 0.115854 0.009696 0.400484
4 0 0.328631 0.164584 0.083640 0.007991 0.415154
4 0 0.162965 0.328928 0.107750 0.006776 0.393581
4 0 0.166586 0.243477 0.096936 0.004563 0.488439
0 0 0.674715 0.101397 0.048575 0.010390 0.164923
0 0 0.456351 0.170037 0.092905 0.029146 0.251562
0 0 0.474735 0.140979 0.076690 0.043785 0.263810
0 0 0.837883 0.035616 0.021816 0.008304 0.096381
0 0 0.937721 0.019797 0.012217 0.006654 0.023611
0 0 0.966054 0.014492 0.008635 0.001721 0.009098
0 0 0.992084 0.002614 0.002057 0.000790 0.002455
0 0 0.977585 0.008429 0.004867 0.000958 0.008161
0 0 0.876877 0.061467 0.026412 0.001607 0.033638
0 0 0.898777 0.052745 0.023698 0.001645 0.023135
0 0 0.515727 0.315387 0.119834 0.001206 0.047847
1 0 0.409662 0.424219 0.129732 0.000660 0.035727
0 0 0.687478 0.223934 0.062713 0.000442 0.025434
0 0 0.792720 0.141808 0.038250 0.000170 0.027051
0 0 0.968978 0.011740 0.008636 0.002690 0.007956
0 0 0.959492 0.010431 0.008771 0.008494 0.012812
0 0 0.863171 0.060329 0.040725 0.016778 0.018996
0 0 0.856758 0.070883 0.037865 0.007317 0.027178
0 0 0.949234 0.019807 0.012393 0.004270 0.014296
0 0 0.916318 0.040743 0.017775 0.001522 0.023643
4 0 0.350288 0.189918 0.050582 0.001575 0.407636
0 0 0.648037 0.057466 0.034625 0.004806 0.255067
4 0 0.379189 0.122006 0.047574 0.005178 0.446053
0 0 0.619650 0.052437 0.028955 0.005126 0.293831
0 0 0.547904 0.126464 0.039536 0.002374 0.283722
0 0 0.813364 0.047952 0.021014 0.001540 0.116130
0 0 0.509966 0.176609 0.076517 0.013226 0.223682
0 0 0.647814 0.132128 0.055696 0.005723 0.158640
0 0 0.974925 0.006068 0.003032 0.000692 0.015284
0 0 0.990458 0.002264 0.001034 0.000097 0.006148
0 0 0.972107 0.011840 0.004484 0.000088 0.011480
0 0 0.957539 0.017946 0.007077 0.000391 0.017048
0 0 0.986741 0.002421 0.001287 0.000347 0.009204
0 0 0.991317 0.000966 0.000732 0.000936 0.006048
0 0 0.980468 0.007256 0.004322 0.000899 0.007055
0 0 0.988196 0.004362 0.002724 0.000515 0.004203
0 0 0.989162 0.003885 0.001957 0.000173 0.004823
0 0 0.981396 0.005962 0.003934 0.001447 0.007260
0 0 0.787503 0.091480 0.031509 0.001317 0.088191
0 0 0.714188 0.102378 0.048245 0.010787 0.124402
1 0 0.239473 0.362566 0.132157 0.004213 0.261592
0 0 0.415683 0.190764 0.068624 0.001914 0.323015
0 0 0.580374 0.219311 0.051191 0.000751 0.148373
0 0 0.712290 0.110162 0.047161 0.002613 0.127774
0 0 0.372215 0.180494 0.098887 0.020010 0.328394
1 0 0.222472 0.322185 0.145272 0.018432 0.291640
0 0 0.340566 0.302784 0.194438 0.042448 0.119764
0 0 0.322763 0.306861 0.179832 0.065878 0.124665
4 0 0.261012 0.212862 0.104309 0.025928 0.395890
4 0 0.244104 0.259528 0.136965 0.025892 0.333511
1 0 0.189207 0.441216 0.184461 0.008929 0.176186
1 0 0.146509 0.467022 0.174761 0.003821 0.207886
0 0 0.753578 0.127382 0.073035 0.012734 0.033270
0 0 0.624605 0.237240 0.099788 0.005329 0.033037
0 0 0.443643 0.209161 0.102841 0.019324 0.225032
0 0 0.394179 0.244829 0.109295 0.013472 0.238226
4 0 0.202048 0.279720 0.070274 0.001911 0.446047
4 0 0.189618 0.230221 0.086145 0.003287 0.490729
4 0 0.093523 0.095302 0.029131 0.000589 0.781455
4 0 0.113422 0.156952 0.039936 0.000340 0.689350
0 0 0.663894 0.045242 0.022416 0.006454 0.261994
0 0 0.832133 0.021024 0.013414 0.018811 0.114618
0 0 0.427080 0.125228 0.071638 0.017518 0.358536
0 0 0.446854 0.077518 0.150372 0.188492 0.136765
0 0 0.730798 0.037455 0.071009 0.143037 0.017701
0 0 0.621613 0.093766 0.142672 0.111680 0.030269
0 0 0.439424 0.141672 0.086211 0.041558 0.291135
0 0 0.577666 0.177571 0.074470 0.013309 0.156985
4 0 0.370692 0.105470 0.054083 0.006072 0.463684
4 0 0.292344 0.217154 0.078971 0.010546 0.400984
0 0 0.545094 0.122994 0.075381 0.035127 0.221403
0 0 0.717152 0.085103 0.047313 0.018379 0.132053
0 0 0.793841 0.078587 0.055249 0.021754 0.050569
0 0 0.485807 0.266374 0.095346 0.010798 0.141675
4 0 0.424381 0.083385 0.040364 0.008248 0.443622
0 0 0.533639 0.119287 0.045306 0.003902 0.297867
0 0 0.654341 0.120289 0.073877 0.020133 0.131360
0 0 0.336741 0.275066 0.139753 0.027827 0.220613
0 0 0.813389 0.096460 0.041930 0.003409 0.044811
0 0 0.862225 0.054336 0.026982 0.007798 0.048658
0 0 0.516681 0.041931 0.049678 0.187443 0.204267
0 0 0.650965 0.054719 0.039713 0.038188 0.216416
4 0 0.232901 0.074690 0.043076 0.006809 0.642523
4 0 0.160198 0.119540 0.042905 0.002930 0.674427
4 0 0.335578 0.085408 0.019980 0.000176 0.558857
4 0 0.436487 0.074817 0.011726 0.000060 0.476909
0 0 0.802086 0.063601 0.018405 0.000738 0.115170
0 0 0.762120 0.094550 0.036117 0.002966 0.104247
0 0 0.456039 0.067241 0.049942 0.042442 0.384335
4 0 0.285992 0.103003 0.040574 0.005845 0.564586
0 0 0.464614 0.335193 0.078500 0.001112 0.120581
0 0 0.468930 0.296730 0.085629 0.001347 0.147364
0 0 0.465318 0.261538 0.120786 0.015728 0.136629
1 0 0.305049 0.318936 0.136081 0.009186 0.230748
1 0 0.332332 0.367312 0.102652 0.001641 0.196063
0 0 0.470276 0.250961 0.085129 0.001820 0.191813
0 0 0.459653 0.152598 0.058189 0.001845 0.327716
0 0 0.353933 0.262538 0.056815 0.000364 0.326350
0 0 0.921387 0.039690 0.021541 0.002960 0.014422
0 0 0.955194 0.016448 0.010629 0.004296 0.013433
0 0 0.990495 0.002892 0.001511 0.000183 0.004920
0 0 0.988635 0.003086 0.001932 0.000596 0.005751
0 0 0.991072 0.002057 0.001465 0.000770 0.004635
0 0 0.987702 0.002644 0.001177 0.000125 0.008352
0 0 0.960660 0.013074 0.007213 0.002035 0.017017
0 0 0.928769 0.027108 0.008931 0.000389 0.034802
0 0 0.435567 0.325027 0.102657 0.002071 0.134678
1 0 0.298911 0.457168 0.182424 0.005036 0.056461
0 0 0.852680 0.052310 0.025724 0.007944 0.061341
0 0 0.514825 0.199865 0.040453 0.000365 0.244491
0 0 0.459067 0.129840 0.051898 0.005775 0.353420
0 0 0.603392 0.105944 0.048422 0.003262 0.238980
0 0 0.540995 0.026196 0.009890 0.001475 0.421444
0 0 0.635907 0.016445 0.005930 0.000895 0.340823
0 0 0.899358 0.025722 0.013655 0.004746 0.056519
0 0 0.970706 0.009920 0.005017 0.000801 0.013556
0 0 0.923228 0.032457 0.014702 0.001928 0.027685
0 0 0.835185 0.049663 0.032701 0.034529 0.047922
0 0 0.791206 0.094420 0.048690 0.008536 0.057148
0 0 0.930233 0.020014 0.021865 0.012432 0.015456
0 0 0.456515 0.232552 0.092850 0.009038 0.209044
0 0 0.534437 0.122574 0.120074 0.056246 0.166669
0 0 0.741374 0.059297 0.029403 0.005316 0.164610
0 0 0.881989 0.029015 0.017641 0.005592 0.065764
0 0 0.669318 0.026524 0.021764 0.021192 0.261202
0 0 0.488628 0.067660 0.026020 0.002697 0.414995
0 0 0.557146 0.157219 0.095452 0.012510 0.177673
0 0 0.494231 0.231493 0.105034 0.008185 0.161057
0 0 0.725874 0.071232 0.053651 0.040986 0.108257
0 0 0.427953 0.314836 0.098160 0.001955 0.157097
0 0 0.550321 0.221712 0.102569 0.012218 0.113179
0 0 0.611466 0.232772 0.080456 0.002393 0.072914
0 0 0.906551 0.045082 0.021293 0.002584 0.024489
0 0 0.953644 0.020756 0.013324 0.003169 0.009108
4 0 0.232878 0.042173 0.030964 0.013635 0.680351
4 0 0.263222 0.062264 0.034065 0.003441 0.637008
4 0 0.318177 0.040350 0.015806 0.000653 0.625014
0 0 0.470067 0.040597 0.024509 0.005722 0.459106
0 0 0.466715 0.131354 0.095168 0.036986 0.269777
0 0 0.733787 0.092865 0.034099 0.003094 0.136155
0 0 0.510149 0.356334 0.104293 0.000253 0.028972
0 0 0.436731 0.427743 0.096060 0.000097 0.039369
0 0 0.926477 0.031987 0.014447 0.001718 0.025371
0 0 0.878055 0.065094 0.027379 0.001754 0.027719
0 0 0.886181 0.057065 0.026631 0.003088 0.027036
0 0 0.917209 0.033708 0.024657 0.006485 0.017941
0 0 0.740933 0.173682 0.049199 0.000553 0.035634
0 0 0.848169 0.083156 0.030806 0.001104 0.036765
0 0 0.550247 0.305081 0.109374 0.002873 0.032425
0 0 0.669412 0.217741 0.070673 0.001564 0.040610
0 0 0.854085 0.092345 0.030093 0.000418 0.023059
0 0 0.874985 0.084529 0.021795 0.000104 0.018587
0 0 0.669338 0.224310 0.051892 0.000228 0.054232
0 0 0.826425 0.112090 0.026820 0.000158 0.034507
0 0 0.906227 0.056007 0.020806 0.000525 0.016434
0 0 0.962640 0.012808 0.008395 0.003723 0.012434
1 0 0.183204 0.489281 0.180004 0.001576 0.145934
1 1 0.045431 0.483069 0.408635 0.000948 0.061917
1 1 0.029402 0.455663 0.274683 0.001158 0.239094
1 1 0.038928 0.487207 0.300433 0.000996 0.172436
1 1 0.033197 0.440056 0.353311 0.007767 0.165670
1 1 0.021767 0.425895 0.376374 0.004129 0.171835
4 1 0.013917 0.292715 0.098207 0.000139 0.595021
4 1 0.021552 0.314836 0.093259 0.000166 0.570187
1 1 0.031865 0.403576 0.209901 0.003690 0.350968
1 1 0.031801 0.421097 0.218649 0.002157 0.326296
4 1 0.004597 0.118126 0.040584 0.000012 0.836682
4 1 0.009438 0.116432 0.032150 0.000015 0.841964
4 4 0.025750 0.152622 0.039478 0.000076 0.782073
4 4 0.024163 0.064002 0.021517 0.000064 0.890254
1 4 0.134361 0.395395 0.124652 0.003500 0.342091
1 4 0.065745 0.449286 0.144812 0.000432 0.339726
4 4 0.031294 0.162671 0.076685 0.001090 0.728259
4 4 0.062510 0.080336 0.055510 0.005395 0.796249
4 4 0.114332 0.178308 0.070848 0.003362 0.633151
4 4 0.100112 0.260770 0.102600 0.007842 0.528676
4 4 0.097689 0.129145 0.059982 0.004555 0.708629
4 4 0.025817 0.146592 0.055227 0.000299 0.772066
4 4 0.010941 0.035269 0.011627 0.000010 0.942154
4 4 0.013580 0.020803 0.005918 0.000004 0.959694
4 4 0.065449 0.013471 0.004854 0.000074 0.916152
4 4 0.076792 0.012681 0.004375 0.000076 0.906076
4 4 0.043183 0.051751 0.014038 0.000055 0.890972
4 4 0.028829 0.019988 0.010022 0.000106 0.941056
4 4 0.082025 0.059729 0.025274 0.000926 0.832046
4 4 0.119598 0.060201 0.022823 0.001156 0.796223
4 4 0.021826 0.048017 0.011009 0.000010 0.919139
4 4 0.011794 0.028755 0.011421 0.000017 0.948013
4 4 0.084098 0.055946 0.020610 0.000535 0.838811
4 4 0.058883 0.112008 0.054625 0.001987 0.772497
