1 0 0.116217 0.553606 0.193114 0.000206 0.136858
1 1 0.050603 0.674999 0.181896 0.000000 0.092502
4 1 0.161005 0.264160 0.073642 0.000072 0.501122
4 4 0.246653 0.068399 0.014161 0.000013 0.670773
1 4 0.152143 0.426359 0.105670 0.000018 0.315810
4 4 0.076699 0.331767 0.070149 0.000002 0.521382
4 4 0.040777 0.204840 0.038484 0.000001 0.715898
1 4 0.038866 0.445047 0.081923 0.000000 0.434164
4 4 0.049418 0.120554 0.028380 0.000007 0.801640
4 4 0.044686 0.155268 0.032862 0.000002 0.767182
4 4 0.073851 0.186011 0.039435 0.000003 0.700700
4 4 0.092689 0.101512 0.024942 0.000019 0.780838
4 4 0.056243 0.098201 0.015468 0.000000 0.830088
4 4 0.050630 0.096346 0.013604 0.000000 0.839420
4 4 0.069927 0.252535 0.068078 0.000020 0.609439
4 4 0.058922 0.228767 0.044558 0.000001 0.667752
4 4 0.070442 0.177731 0.031967 0.000001 0.719859
4 4 0.068673 0.173607 0.027224 0.000000 0.730496
4 4 0.108719 0.194652 0.057070 0.000080 0.639479
4 4 0.168160 0.135560 0.036126 0.000070 0.660084
4 4 0.309194 0.051585 0.006551 0.000000 0.632670
4 4 0.191774 0.083329 0.011214 0.000000 0.713683
4 4 0.067944 0.162905 0.038311 0.000008 0.730832
4 4 0.141530 0.125856 0.036208 0.000109 0.696298
1 4 0.150510 0.396120 0.072133 0.000001 0.381235
1 1 0.127659 0.478324 0.065185 0.000000 0.328832
1 1 0.093588 0.484249 0.122573 0.000011 0.299579
1 1 0.097597 0.454190 0.112012 0.000010 0.336191
1 1 0.154630 0.458241 0.112210 0.000016 0.274903
1 1 0.088345 0.443762 0.132503 0.000044 0.335345
1 1 0.072630 0.487081 0.128669 0.000012 0.311608
1 1 0.093541 0.491189 0.116931 0.000007 0.298333
4 4 0.110168 0.068455 0.011162 0.000001 0.810214
4 4 0.195031 0.066299 0.011079 0.000002 0.727589
0 4 0.530470 0.133945 0.035294 0.000204 0.300088
1 4 0.281530 0.347337 0.090333 0.000062 0.280739
1 4 0.067004 0.471793 0.147252 0.000045 0.313907
1 1 0.083658 0.534973 0.172935 0.000074 0.208360
1 1 0.118994 0.388301 0.358783 0.001168 0.132754
1 1 0.139387 0.520940 0.275705 0.001251 0.062718
1 1 0.166152 0.369123 0.151604 0.001675 0.311446
4 1 0.156281 0.219624 0.098703 0.004353 0.521038
1 1 0.176738 0.390938 0.166642 0.002264 0.263417
1 2 0.188370 0.367352 0.163592 0.003742 0.276944
1 2 0.200284 0.339161 0.150987 0.004877 0.304691
0 0 0.572979 0.124695 0.043670 0.000986 0.257669
0 0 0.764099 0.082365 0.018966 0.000111 0.134459
1 1 0.292595 0.366626 0.134808 0.001275 0.204696
1 1 0.119812 0.407922 0.187210 0.002674 0.282382
1 2 0.081051 0.384380 0.195780 0.001762 0.337028
2 2 0.022141 0.164929 0.641115 0.004903 0.166912
2 2 0.029954 0.231452 0.695622 0.007078 0.035894
2 2 0.023583 0.297904 0.562543 0.005493 0.110478
2 2 0.020005 0.220058 0.591420 0.002647 0.165870
2 2 0.006327 0.133354 0.841101 0.000023 0.019195
2 2 0.013047 0.141039 0.827071 0.000032 0.018811
2 2 0.000581 0.028562 0.970662 0.000134 0.000061
2 2 0.002469 0.043112 0.954258 0.000041 0.000121
2 2 0.039010 0.061738 0.857500 0.001235 0.040517
2 2 0.004820 0.085569 0.895462 0.012616 0.001532
2 2 0.018605 0.100884 0.861735 0.000031 0.018745
2 2 0.019403 0.143978 0.822796 0.000041 0.013782
2 2 0.008607 0.083675 0.906242 0.000327 0.001149
2 2 0.004421 0.072876 0.919152 0.000033 0.003518
2 2 0.000608 0.048686 0.948595 0.000080 0.002031
2 2 0.000167 0.027789 0.970749 0.000007 0.001287
2 2 0.002710 0.016671 0.980010 0.000410 0.000200
2 2 0.000913 0.012521 0.984876 0.001631 0.000060
2 2 0.052659 0.105929 0.834046 0.004454 0.002912
2 2 0.035576 0.065017 0.885930 0.005438 0.008038
2 2 0.012713 0.060319 0.922021 0.004267 0.000680
2 2 0.007908 0.044186 0.941204 0.006323 0.000379
2 2 0.003649 0.030860 0.965092 0.000099 0.000300
2 2 0.000194 0.020279 0.979251 0.000041 0.000235
2 2 0.010345 0.029254 0.957608 0.002666 0.000127
2 2 0.000108 0.010340 0.983973 0.005262 0.000318
2 2 0.003400 0.032392 0.951792 0.012274 0.000142
2 2 0.002831 0.025058 0.964448 0.007568 0.000095
2 2 0.009675 0.038539 0.948202 0.003143 0.000441
2 2 0.009687 0.028476 0.955880 0.005848 0.000110
2 2 0.020328 0.078564 0.890620 0.010212 0.000276
2 2 0.018294 0.039376 0.938984 0.002434 0.000913
2 2 0.007632 0.028638 0.946659 0.017016 0.000054
2 2 0.014024 0.037094 0.943317 0.005216 0.000349
2 2 0.002569 0.010309 0.967712 0.019393 0.000017
2 2 0.001100 0.005840 0.966582 0.026461 0.000018
2 2 0.124690 0.081707 0.789443 0.003436 0.000723
2 2 0.037021 0.069817 0.885356 0.007692 0.000113
2 2 0.024868 0.083710 0.882379 0.005511 0.003532
2 2 0.010515 0.061905 0.918627 0.002069 0.006884
2 2 0.002300 0.032771 0.961739 0.003158 0.000032
2 2 0.006224 0.030437 0.961720 0.001485 0.000135
2 2 0.001953 0.020254 0.976298 0.001429 0.000067
2 2 0.008940 0.037624 0.951340 0.001977 0.000119
2 2 0.000288 0.015512 0.983788 0.000084 0.000328
2 2 0.000578 0.022896 0.976052 0.000228 0.000245
2 2 0.000985 0.006219 0.975270 0.017512 0.000013
2 2 0.001318 0.010651 0.972057 0.015940 0.000034
2 2 0.000576 0.002895 0.982686 0.013842 0.000002
2 3 0.001234 0.002684 0.935049 0.061028 0.000005
2 3 0.000202 0.002994 0.985070 0.011726 0.000009
2 3 0.000249 0.003217 0.981194 0.015328 0.000012
2 3 0.000170 0.005426 0.982521 0.011835 0.000048
2 3 0.000354 0.008269 0.982000 0.009341 0.000037
2 3 0.000853 0.006055 0.890463 0.102558 0.000071
2 3 0.004571 0.014748 0.854878 0.125565 0.000238
2 3 0.000206 0.000832 0.618424 0.380522 0.000016
2 3 0.001613 0.002166 0.570469 0.425731 0.000021
2 3 0.010975 0.010007 0.661679 0.317231 0.000108
2 3 0.005913 0.008092 0.575128 0.410706 0.000160
2 3 0.009522 0.018711 0.886836 0.084827 0.000104
2 3 0.015617 0.016529 0.873894 0.093901 0.000059
0 2 0.468611 0.050182 0.440829 0.017237 0.023141
0 1 0.462923 0.106018 0.364325 0.057282 0.009452
0 1 0.803178 0.075111 0.018469 0.000218 0.103023
0 1 0.432573 0.226298 0.072616 0.000886 0.267627
2 1 0.023736 0.173436 0.776309 0.006442 0.020077
2 2 0.009252 0.077170 0.765184 0.002985 0.145408
2 2 0.037830 0.087641 0.871408 0.000208 0.002913
2 2 0.027468 0.100253 0.870670 0.000269 0.001340
2 2 0.000283 0.022837 0.976421 0.000122 0.000337
2 2 0.000414 0.026577 0.972292 0.000017 0.000700
2 2 0.002755 0.047295 0.942921 0.000116 0.006913
2 2 0.001057 0.021870 0.975551 0.001285 0.000236
2 2 0.012802 0.045033 0.935178 0.005927 0.001061
2 2 0.007590 0.031702 0.943053 0.017472 0.000183
2 2 0.000511 0.011444 0.984499 0.003530 0.000016
2 2 0.000304 0.009507 0.988337 0.001815 0.000038
2 2 0.014493 0.069952 0.913725 0.000026 0.001804
2 2 0.000306 0.013347 0.986090 0.000028 0.000228
2 2 0.000926 0.036416 0.959095 0.000656 0.002907
2 2 0.007415 0.041474 0.944664 0.000681 0.005765
2 2 0.001167 0.005986 0.971350 0.021484 0.000013
2 2 0.000762 0.005287 0.956101 0.037824 0.000026
2 2 0.000113 0.003130 0.987560 0.009182 0.000015
2 3 0.000426 0.003452 0.973837 0.022273 0.000012
2 3 0.003083 0.014344 0.916050 0.066392 0.000131
2 3 0.002493 0.012807 0.912834 0.071705 0.000160
2 2 0.000512 0.011712 0.978620 0.009084 0.000071
2 2 0.001477 0.018531 0.973744 0.005915 0.000334
2 2 0.006100 0.022947 0.933995 0.036069 0.000889
2 2 0.022511 0.046061 0.864542 0.066468 0.000418
2 2 0.005271 0.017935 0.947199 0.029538 0.000057
2 2 0.002473 0.010371 0.913647 0.073440 0.000070
2 2 0.003785 0.009326 0.947018 0.039848 0.000023
2 2 0.006592 0.021903 0.946604 0.024846 0.000056
2 2 0.005823 0.044389 0.945831 0.000917 0.003039
2 2 0.002736 0.037101 0.954927 0.001676 0.003561
2 2 0.001368 0.017037 0.965145 0.016323 0.000128
2 2 0.001064 0.010749 0.974216 0.013546 0.000425
2 2 0.000518 0.006688 0.979352 0.013416 0.000027
2 2 0.000048 0.000828 0.974761 0.024358 0.000005
2 2 0.000982 0.008680 0.949563 0.040689 0.000086
2 2 0.002376 0.009357 0.951839 0.036390 0.000038
2 3 0.000023 0.000171 0.921229 0.078576 0.000000
2 3 0.000034 0.000240 0.917317 0.082409 0.000001
3 3 0.002295 0.002637 0.416548 0.578454 0.000067
2 3 0.001374 0.002722 0.670359 0.325513 0.000032
2 3 0.017460 0.022971 0.924208 0.035292 0.000068
2 3 0.003322 0.010961 0.938512 0.047148 0.000057
2 3 0.004244 0.023804 0.937304 0.034430 0.000218
2 2 0.021145 0.030747 0.921685 0.025698 0.000726
2 2 0.002396 0.011143 0.967010 0.019428 0.000023
2 2 0.000477 0.003472 0.976320 0.019722 0.000009
2 2 0.005258 0.015506 0.929459 0.049597 0.000179
2 2 0.001812 0.011629 0.970515 0.016016 0.000029
2 2 0.000095 0.005218 0.985436 0.009196 0.000055
2 2 0.000348 0.007033 0.984475 0.008120 0.000025
2 2 0.003748 0.013953 0.952473 0.029781 0.000046
2 2 0.003978 0.010115 0.938228 0.047647 0.000031
2 2 0.155028 0.114064 0.704920 0.018009 0.007979
2 2 0.162262 0.206451 0.604297 0.022885 0.004105
2 2 0.063444 0.088918 0.821936 0.021881 0.003821
2 2 0.086164 0.055692 0.828697 0.017068 0.012379
2 2 0.138407 0.087426 0.769705 0.002061 0.002401
2 2 0.066365 0.115478 0.814349 0.001430 0.002379
1 2 0.194024 0.436862 0.252128 0.005965 0.111021
1 2 0.190804 0.353475 0.313319 0.009855 0.132547
2 2 0.034298 0.128786 0.830505 0.003887 0.002524
2 2 0.098858 0.072288 0.807364 0.000445 0.021045
2 2 0.006441 0.050535 0.940630 0.000998 0.001395
2 2 0.020819 0.110419 0.857093 0.000200 0.011468
2 2 0.011878 0.045581 0.941782 0.000356 0.000404
2 2 0.046777 0.069841 0.881163 0.000065 0.002153
2 2 0.000399 0.026613 0.972118 0.000028 0.000842
2 2 0.007227 0.032697 0.959657 0.000054 0.000365
2 2 0.013440 0.081762 0.904073 0.000112 0.000614
2 2 0.012962 0.056565 0.929158 0.000081 0.001233
2 2 0.001449 0.023358 0.974963 0.000068 0.000161
2 2 0.006475 0.046216 0.946412 0.000015 0.000882
2 2 0.000335 0.014457 0.984934 0.000188 0.000085
2 2 0.000567 0.024377 0.973751 0.000024 0.001281
2 2 0.000583 0.008909 0.977904 0.012514 0.000090
2 2 0.003019 0.028581 0.964052 0.004160 0.000187
2 2 0.000492 0.007923 0.979973 0.011575 0.000037
2 2 0.000503 0.003320 0.970640 0.025526 0.000011
2 2 0.014882 0.018815 0.946025 0.020246 0.000032
2 2 0.028809 0.058796 0.892533 0.019774 0.000087
2 2 0.030197 0.098707 0.860043 0.008711 0.002343
2 2 0.069239 0.092590 0.819058 0.002309 0.016805
2 2 0.011244 0.058144 0.930098 0.000218 0.000296
2 2 0.040641 0.074532 0.883906 0.000126 0.000794
2 2 0.002128 0.023262 0.970306 0.004283 0.000021
2 2 0.065273 0.053485 0.880568 0.000427 0.000247
2 2 0.016309 0.056899 0.925402 0.000470 0.000920
2 2 0.026101 0.081173 0.891304 0.000694 0.000728
2 2 0.034657 0.096550 0.866584 0.001180 0.001028
2 2 0.006578 0.055181 0.936046 0.001869 0.000326
2 2 0.000289 0.009099 0.990299 0.000266 0.000047
2 2 0.001400 0.012854 0.983591 0.002137 0.000017
2 2 0.000497 0.014671 0.984150 0.000632 0.000050
2 2 0.000230 0.007144 0.992405 0.000156 0.000065
2 4 0.084721 0.104933 0.560028 0.016952 0.233366
2 4 0.120750 0.109731 0.556783 0.020358 0.192378
2 4 0.012845 0.073829 0.909846 0.000293 0.003188
2 2 0.016252 0.087447 0.887350 0.000057 0.008893
2 2 0.080625 0.073251 0.844470 0.000549 0.001105
2 2 0.003222 0.037479 0.951824 0.007215 0.000259
2 2 0.146006 0.097890 0.750963 0.003681 0.001460
2 2 0.041337 0.101121 0.848988 0.006479 0.002076
2 2 0.236348 0.091941 0.646140 0.002209 0.023361
2 2 0.274170 0.208072 0.479219 0.020618 0.017921
1 2 0.127294 0.493163 0.231774 0.002924 0.144845
4 2 0.071838 0.333064 0.247004 0.004498 0.343596
2 2 0.080919 0.410608 0.460970 0.009684 0.037819
2 2 0.074405 0.277272 0.582018 0.005427 0.060878
2 2 0.106516 0.233007 0.629232 0.001086 0.030159
2 2 0.143346 0.292995 0.547258 0.006057 0.010344
2 2 0.115824 0.256146 0.546141 0.004641 0.077247
2 2 0.083307 0.365792 0.504000 0.005016 0.041886
2 2 0.048219 0.338332 0.572053 0.015247 0.026149
2 2 0.054965 0.286393 0.585795 0.011065 0.061782
2 2 0.022660 0.076474 0.894615 0.000941 0.005309
2 2 0.012767 0.103055 0.880544 0.001508 0.002125
2 2 0.031112 0.135198 0.818433 0.000441 0.014816
2 2 0.133014 0.134913 0.708794 0.000201 0.023079
2 2 0.018612 0.214463 0.763031 0.000259 0.003634
2 2 0.009869 0.108196 0.833852 0.000005 0.048078
2 2 0.020872 0.096162 0.879131 0.000675 0.003161
2 2 0.052295 0.121612 0.820275 0.000112 0.005706
2 2 0.017799 0.060311 0.919608 0.000187 0.002095
2 2 0.083111 0.099339 0.815201 0.000612 0.001738
2 2 0.054612 0.107009 0.830649 0.000420 0.007310
2 2 0.065023 0.157752 0.771881 0.000231 0.005113
2 2 0.013840 0.092940 0.892283 0.000364 0.000573
2 2 0.020446 0.150532 0.827982 0.000379 0.000661
2 2 0.108433 0.127840 0.751631 0.000784 0.011312
2 2 0.015358 0.189386 0.786600 0.005493 0.003163
1 2 0.193340 0.414658 0.314557 0.001691 0.075754
1 2 0.163649 0.455998 0.291489 0.004237 0.084627
2 2 0.032109 0.196641 0.761538 0.002724 0.006989
2 2 0.106645 0.191998 0.687899 0.001278 0.012180
2 2 0.060651 0.097129 0.836412 0.003995 0.001813
2 2 0.036280 0.086101 0.870822 0.001776 0.005021
2 2 0.054254 0.196268 0.715430 0.000206 0.033842
2 2 0.025657 0.356487 0.600788 0.004541 0.012527
2 2 0.069785 0.273834 0.617420 0.005877 0.033084
2 2 0.026024 0.163444 0.775852 0.001432 0.033248
0 2 0.369915 0.363095 0.125894 0.000938 0.140158
0 4 0.767261 0.096142 0.024140 0.000225 0.112232
0 4 0.912406 0.036759 0.007303 0.000048 0.043484
0 4 0.807188 0.082093 0.017333 0.000056 0.093331
0 0 0.981852 0.004068 0.000332 0.000000 0.013748
0 0 0.990215 0.002134 0.000151 0.000000 0.007500
0 0 0.970068 0.004345 0.000337 0.000000 0.025250
0 0 0.977589 0.003551 0.000246 0.000000 0.018614
0 0 0.937723 0.010472 0.001079 0.000000 0.050725
0 0 0.815723 0.011298 0.000965 0.000000 0.172014
0 1 0.411786 0.305341 0.092275 0.000373 0.190224
0 1 0.514341 0.183226 0.054388 0.000515 0.247531
0 4 0.385593 0.237942 0.061398 0.000100 0.314968
0 4 0.405515 0.263595 0.049114 0.000007 0.281769
1 4 0.268591 0.405984 0.131637 0.000348 0.193440
1 4 0.123264 0.380590 0.116582 0.000089 0.379475
1 4 0.024223 0.576241 0.211018 0.000046 0.188472
1 1 0.030378 0.562304 0.220673 0.000107 0.186539
4 1 0.043370 0.342962 0.122801 0.000124 0.490743
1 1 0.060363 0.413750 0.143824 0.000111 0.381952
4 1 0.017443 0.398550 0.182294 0.000375 0.401338
1 1 0.032306 0.411643 0.160334 0.000165 0.395552
1 1 0.051964 0.437113 0.218083 0.001985 0.290855
4 1 0.054991 0.300265 0.142889 0.000468 0.501387
1 1 0.068232 0.503221 0.243493 0.001701 0.183355
1 1 0.051867 0.479333 0.239562 0.001748 0.227491
2 2 0.013134 0.161857 0.621274 0.000457 0.203277
2 2 0.025350 0.382273 0.510460 0.004258 0.077659
1 2 0.115041 0.502182 0.184827 0.000334 0.197616
1 2 0.138238 0.457261 0.183715 0.000947 0.219838
1 2 0.073098 0.407749 0.167985 0.000597 0.350571
1 2 0.075040 0.433457 0.158818 0.000216 0.332469
4 2 0.095457 0.339855 0.158733 0.003075 0.402879
1 2 0.123147 0.411739 0.204241 0.006048 0.254825
2 2 0.060582 0.295950 0.333443 0.004138 0.305888
1 2 0.065181 0.487138 0.239334 0.001897 0.206450
2 2 0.019055 0.183405 0.736382 0.001144 0.060014
2 2 0.026010 0.227495 0.702732 0.009019 0.034745
2 2 0.079328 0.360489 0.379874 0.003446 0.176863
1 2 0.078324 0.427739 0.346817 0.001796 0.145323
2 2 0.043898 0.265096 0.631948 0.017362 0.041696
2 2 0.030401 0.173172 0.733449 0.005295 0.057683
2 2 0.063557 0.125040 0.774345 0.000723 0.036336
2 2 0.020617 0.099443 0.832187 0.001485 0.046268
2 2 0.012300 0.122264 0.859329 0.000237 0.005870
2 2 0.079175 0.120497 0.787636 0.000348 0.012345
2 2 0.040790 0.176524 0.756373 0.000792 0.025521
2 2 0.040215 0.179478 0.761334 0.002808 0.016165
2 2 0.011282 0.170253 0.811910 0.000146 0.006409
2 2 0.017758 0.125570 0.845418 0.000069 0.011185
2 2 0.011047 0.149364 0.834031 0.000397 0.005162
2 2 0.066982 0.170956 0.700318 0.000017 0.061726
2 2 0.001767 0.044606 0.953073 0.000273 0.000281
2 2 0.005744 0.067914 0.924819 0.000086 0.001437
2 2 0.003890 0.107459 0.879984 0.000003 0.008664
2 2 0.001641 0.066782 0.928703 0.000003 0.002872
2 2 0.000544 0.021667 0.977473 0.000186 0.000131
2 2 0.004293 0.093729 0.898881 0.000008 0.003089
2 2 0.001249 0.026560 0.971276 0.000747 0.000169
2 2 0.000119 0.008658 0.989174 0.002025 0.000024
2 2 0.000043 0.020081 0.977487 0.000106 0.002285
2 2 0.000709 0.032628 0.964188 0.000170 0.002305
2 2 0.000141 0.003473 0.990839 0.005540 0.000007
2 2 0.000690 0.007294 0.985922 0.006087 0.000007
2 2 0.000336 0.006881 0.980550 0.012188 0.000046
2 2 0.001563 0.011659 0.971615 0.015131 0.000032
2 2 0.007470 0.027603 0.952262 0.011641 0.001025
2 2 0.001617 0.025331 0.958673 0.013354 0.001025
2 2 0.001803 0.014288 0.973800 0.010084 0.000025
2 2 0.006444 0.036272 0.948153 0.009080 0.000051
2 2 0.213922 0.167393 0.591027 0.008979 0.018679
2 2 0.081112 0.340593 0.554079 0.008106 0.016110
2 2 0.000611 0.019370 0.979490 0.000310 0.000220
2 2 0.000195 0.019838 0.979110 0.000142 0.000714
2 2 0.011485 0.073093 0.909304 0.000272 0.005847
2 2 0.005759 0.041656 0.950391 0.001536 0.000658
2 2 0.007514 0.075681 0.915633 0.000181 0.000991
2 2 0.001319 0.021385 0.976772 0.000255 0.000269
2 2 0.000110 0.010138 0.988318 0.000187 0.001247
2 2 0.000070 0.009177 0.988927 0.001661 0.000165
2 2 0.000396 0.012291 0.973133 0.014023 0.000157
2 2 0.000077 0.008674 0.977955 0.012891 0.000402
2 2 0.000062 0.002619 0.989897 0.007409 0.000013
2 2 0.000132 0.004555 0.987022 0.008262 0.000029
2 2 0.000029 0.001650 0.988101 0.010211 0.000009
2 2 0.000094 0.003429 0.988741 0.007716 0.000019
2 2 0.003742 0.028890 0.956384 0.010517 0.000467
2 2 0.000541 0.015514 0.971061 0.012641 0.000243
2 2 0.039954 0.065146 0.816719 0.077452 0.000729
2 2 0.033410 0.054392 0.855057 0.056695 0.000446
2 2 0.000278 0.008292 0.983005 0.008369 0.000056
2 2 0.000429 0.009315 0.982728 0.007487 0.000041
2 2 0.000383 0.005315 0.983714 0.010573 0.000015
2 2 0.005364 0.023567 0.956765 0.014266 0.000039
2 2 0.155702 0.132894 0.702822 0.004092 0.004490
2 2 0.051703 0.123340 0.810446 0.011224 0.003286
2 2 0.223041 0.221664 0.521966 0.011420 0.021909
0 0 0.613102 0.189912 0.176491 0.011668 0.008827
1 1 0.081687 0.502883 0.304258 0.003709 0.107462
1 1 0.088716 0.471013 0.303268 0.002055 0.134949
2 2 0.013393 0.107760 0.870115 0.004065 0.004668
2 2 0.005548 0.075683 0.908571 0.007500 0.002698
2 2 0.004991 0.030507 0.963538 0.000058 0.000905
2 2 0.000136 0.016950 0.982358 0.000263 0.000294
2 2 0.000004 0.000776 0.998052 0.001167 0.000001
2 2 0.000005 0.001924 0.997992 0.000064 0.000016
2 2 0.001319 0.013080 0.985225 0.000260 0.000115
2 2 0.002450 0.034326 0.961761 0.001030 0.000434
2 2 0.000589 0.023682 0.973605 0.002079 0.000045
2 2 0.000188 0.009414 0.990216 0.000044 0.000138
2 2 0.000002 0.000091 0.994272 0.005635 0.000000
2 2 0.000001 0.000112 0.988038 0.011848 0.000001
2 3 0.000004 0.000085 0.751712 0.248198 0.000002
2 3 0.000001 0.000060 0.900272 0.099666 0.000001
2 3 0.000017 0.000400 0.815162 0.184409 0.000012
2 3 0.000025 0.000925 0.698367 0.300594 0.000089
3 3 0.000205 0.001858 0.309338 0.688058 0.000542
3 3 0.000055 0.000933 0.330857 0.667854 0.000301
3 3 0.000006 0.000007 0.036345 0.963642 0.000000
3 3 0.000005 0.000014 0.073178 0.926802 0.000001
3 3 0.000008 0.000012 0.043670 0.956310 0.000001
3 3 0.000010 0.000014 0.047229 0.952747 0.000001
3 3 0.000006 0.000011 0.047734 0.952248 0.000001
3 3 0.000016 0.000030 0.031101 0.968849 0.000003
3 3 0.000030 0.000051 0.030352 0.969562 0.000006
3 3 0.000059 0.000051 0.026028 0.973858 0.000003
3 3 0.000003 0.000024 0.069311 0.930655 0.000006
3 3 0.000030 0.000145 0.064237 0.935549 0.000038
3 3 0.000004 0.000005 0.029435 0.970556 0.000000
3 3 0.000022 0.000018 0.026113 0.973846 0.000001
3 3 0.000009 0.000025 0.020207 0.979755 0.000004
3 3 0.000039 0.000046 0.024575 0.975336 0.000004
3 3 0.000010 0.000016 0.027741 0.972232 0.000001
3 3 0.000022 0.000059 0.037117 0.962792 0.000009
3 3 0.000068 0.000084 0.019003 0.980837 0.000009
3 3 0.000096 0.000079 0.017661 0.982159 0.000006
3 3 0.000007 0.000017 0.021489 0.978484 0.000002
3 3 0.000044 0.000105 0.036717 0.963116 0.000017
3 3 0.000009 0.000023 0.016828 0.983137 0.000003
3 3 0.000009 0.000018 0.018472 0.981500 0.000002
3 3 0.000004 0.000007 0.013828 0.986160 0.000001
3 3 0.000037 0.000026 0.023270 0.976666 0.000001
3 3 0.000001 0.000002 0.014579 0.985419 0.000000
3 3 0.000005 0.000006 0.014810 0.985180 0.000000
3 3 0.000007 0.000024 0.023343 0.976622 0.000004
3 3 0.000009 0.000017 0.018556 0.981416 0.000002
3 3 0.000013 0.000023 0.013766 0.986195 0.000003
3 3 0.000017 0.000022 0.011194 0.988765 0.000002
3 3 0.000010 0.000026 0.012484 0.987476 0.000004
3 3 0.000071 0.000111 0.016995 0.982808 0.000015
3 3 0.000014 0.000037 0.009775 0.990167 0.000007
3 3 0.000009 0.000021 0.010220 0.989747 0.000003
3 3 0.000056 0.000067 0.015507 0.984362 0.000007
3 3 0.000062 0.000108 0.011538 0.988275 0.000017
3 3 0.000139 0.000186 0.017894 0.981756 0.000025
3 3 0.000071 0.000076 0.024101 0.975745 0.000007
3 3 0.000013 0.000026 0.014543 0.985415 0.000003
3 3 0.000017 0.000024 0.015746 0.984211 0.000002
3 3 0.000018 0.000019 0.010197 0.989764 0.000001
3 3 0.000046 0.000062 0.009426 0.990458 0.000008
3 3 0.000094 0.000070 0.007100 0.992730 0.000006
3 3 0.000117 0.000128 0.007440 0.992300 0.000016
3 3 0.000009 0.000019 0.017276 0.982694 0.000002
3 3 0.000002 0.000004 0.014464 0.985529 0.000000
3 3 0.000021 0.000021 0.021745 0.978212 0.000001
3 3 0.000019 0.000028 0.015063 0.984887 0.000003
3 3 0.000168 0.000152 0.015063 0.984601 0.000015
3 3 0.000030 0.000031 0.012946 0.986992 0.000002
3 3 0.000001 0.000003 0.015594 0.984401 0.000000
3 3 0.000003 0.000008 0.015216 0.984773 0.000001
3 3 0.000053 0.000090 0.005467 0.994373 0.000016
3 3 0.000078 0.000130 0.011225 0.988545 0.000021
3 3 0.018971 0.005668 0.025983 0.948940 0.000437
3 1 0.129783 0.027464 0.104232 0.736882 0.001639
3 1 0.150492 0.138592 0.223984 0.341314 0.145617
2 1 0.098385 0.136805 0.307131 0.182503 0.275176
2 1 0.033802 0.191962 0.638786 0.086325 0.049124
2 1 0.009375 0.102203 0.736365 0.057125 0.094933
2 2 0.002148 0.009723 0.907377 0.080632 0.000119
2 2 0.005026 0.014849 0.938648 0.041415 0.000061
2 2 0.007514 0.016782 0.912177 0.063428 0.000098
2 2 0.002318 0.009456 0.927192 0.060969 0.000065
2 2 0.000176 0.006915 0.987806 0.005026 0.000077
2 2 0.003047 0.020821 0.972551 0.002628 0.000953
2 2 0.004059 0.025339 0.956695 0.013705 0.000201
2 2 0.012674 0.056183 0.926417 0.003796 0.000931
2 2 0.001364 0.009882 0.985815 0.002935 0.000004
2 2 0.001059 0.012724 0.982043 0.004156 0.000017
2 2 0.000428 0.007002 0.990009 0.002523 0.000038
2 2 0.000310 0.007256 0.987166 0.005251 0.000016
2 2 0.000451 0.013649 0.980367 0.005413 0.000120
2 2 0.000792 0.020898 0.974084 0.004064 0.000162
2 2 0.003183 0.024692 0.969488 0.002477 0.000160
2 2 0.001443 0.014328 0.981245 0.002895 0.000088
2 2 0.001838 0.015359 0.982558 0.000154 0.000091
2 2 0.000387 0.010269 0.985791 0.003535 0.000017
2 2 0.000068 0.003058 0.995472 0.001398 0.000005
2 2 0.000110 0.001625 0.991746 0.006518 0.000001
2 2 0.000297 0.006545 0.992056 0.001097 0.000005
2 2 0.000010 0.000633 0.998860 0.000496 0.000001
2 2 0.000890 0.002414 0.951324 0.045367 0.000005
2 2 0.003297 0.010861 0.968539 0.017292 0.000012
2 2 0.000688 0.011532 0.985371 0.002350 0.000059
2 2 0.000610 0.011005 0.987387 0.000920 0.000078
2 2 0.000024 0.004972 0.988451 0.006421 0.000132
2 2 0.000215 0.007983 0.982665 0.009056 0.000080
2 2 0.007395 0.021339 0.957587 0.013500 0.000179
2 2 0.002104 0.015768 0.949147 0.032812 0.000168
2 2 0.000584 0.005018 0.963192 0.031169 0.000037
2 2 0.001056 0.008222 0.951573 0.039056 0.000093
2 2 0.018146 0.019591 0.862102 0.100063 0.000098
2 2 0.004655 0.009821 0.861047 0.124399 0.000078
2 2 0.001130 0.002347 0.916867 0.079652 0.000005
2 2 0.000598 0.001580 0.944712 0.053107 0.000003
2 2 0.000376 0.001174 0.952840 0.045607 0.000002
2 3 0.000770 0.002042 0.960763 0.036423 0.000003
2 3 0.000887 0.014096 0.981422 0.003015 0.000579
2 3 0.003074 0.022962 0.954865 0.018799 0.000299
2 3 0.001229 0.006337 0.977066 0.015360 0.000008
2 2 0.007962 0.017583 0.955208 0.019231 0.000015
2 2 0.002651 0.003425 0.945844 0.048077 0.000003
2 2 0.002287 0.002679 0.936528 0.058504 0.000003
2 2 0.000010 0.000168 0.990361 0.009461 0.000000
2 2 0.000016 0.000620 0.992801 0.006561 0.000001
2 2 0.000196 0.001003 0.971394 0.027405 0.000002
2 2 0.000502 0.001451 0.921166 0.076879 0.000003
2 2 0.003640 0.003891 0.947439 0.045028 0.000003
2 2 0.001663 0.002114 0.912628 0.083591 0.000003
2 2 0.007135 0.042286 0.940323 0.010077 0.000179
2 2 0.050548 0.068008 0.876942 0.004296 0.000207
2 2 0.001454 0.012452 0.982867 0.003183 0.000043
2 2 0.006510 0.026417 0.962607 0.004354 0.000111
2 2 0.000273 0.011997 0.985369 0.002295 0.000066
2 2 0.000213 0.007284 0.991945 0.000325 0.000233
2 2 0.001705 0.004454 0.974938 0.018900 0.000003
2 2 0.005169 0.010504 0.978468 0.005844 0.000016
2 2 0.000222 0.003157 0.991447 0.005171 0.000002
2 2 0.000199 0.000728 0.987943 0.011129 0.000000
2 2 0.005420 0.071078 0.921666 0.000478 0.001358
2 2 0.005497 0.058651 0.929657 0.000036 0.006159
2 2 0.000916 0.009489 0.988774 0.000747 0.000075
2 2 0.001072 0.014221 0.979355 0.005314 0.000039
2 2 0.001065 0.018098 0.980292 0.000267 0.000278
2 2 0.000080 0.012063 0.987391 0.000343 0.000124
2 2 0.022036 0.031659 0.920786 0.025488 0.000031
2 2 0.027294 0.046889 0.923084 0.002553 0.000179
2 2 0.000323 0.006328 0.990497 0.002845 0.000007
2 2 0.000314 0.006359 0.989235 0.004084 0.000008
2 2 0.000171 0.013494 0.983920 0.002267 0.000148
2 2 0.000271 0.017074 0.981740 0.000620 0.000295
2 2 0.000851 0.018455 0.980185 0.000382 0.000127
2 2 0.000324 0.006858 0.987160 0.005643 0.000015
2 2 0.000569 0.011513 0.985271 0.002639 0.000009
2 2 0.001807 0.016163 0.981921 0.000082 0.000027
2 2 0.000094 0.003988 0.992748 0.003163 0.000008
2 2 0.000280 0.001911 0.989538 0.008270 0.000001
2 2 0.000556 0.014262 0.985028 0.000096 0.000058
2 2 0.001888 0.024743 0.972603 0.000071 0.000695
2 2 0.001610 0.012248 0.983451 0.002669 0.000023
2 2 0.000285 0.010258 0.989022 0.000427 0.000007
2 2 0.000028 0.001751 0.996797 0.001423 0.000001
2 2 0.000025 0.000826 0.994930 0.004218 0.000001
2 2 0.000097 0.003603 0.993890 0.002407 0.000004
2 2 0.000121 0.003711 0.992161 0.004001 0.000006
2 2 0.004159 0.013548 0.975765 0.006515 0.000014
2 2 0.002369 0.022546 0.970886 0.004158 0.000041
2 2 0.000165 0.015509 0.983569 0.000740 0.000017
2 2 0.000612 0.013683 0.985498 0.000145 0.000063
2 2 0.000082 0.003802 0.995909 0.000202 0.000005
2 2 0.000026 0.002952 0.996520 0.000499 0.000003
2 2 0.009653 0.024070 0.962055 0.004163 0.000059
2 2 0.000954 0.014563 0.969772 0.014596 0.000114
2 2 0.022675 0.107144 0.845881 0.021439 0.002860
2 2 0.048886 0.091501 0.846504 0.002900 0.010209
2 2 0.001388 0.030628 0.967441 0.000041 0.000503
2 2 0.000540 0.027413 0.971665 0.000057 0.000325
2 2 0.030682 0.120241 0.842791 0.000366 0.005919
2 2 0.010439 0.057591 0.926829 0.004147 0.000994
2 2 0.000950 0.024261 0.974578 0.000027 0.000184
2 2 0.004121 0.037672 0.957783 0.000142 0.000282
2 2 0.003689 0.057888 0.937728 0.000239 0.000456
2 2 0.017028 0.097380 0.884553 0.000132 0.000907
2 2 0.074930 0.158770 0.752560 0.000023 0.013718
2 2 0.016615 0.282552 0.694359 0.001810 0.004664
2 2 0.055736 0.192206 0.727204 0.008072 0.016782
2 2 0.033788 0.270249 0.667384 0.006778 0.021801
2 2 0.002748 0.093947 0.898410 0.003588 0.001308
2 2 0.051981 0.157967 0.772504 0.000188 0.017361
4 2 0.186109 0.276971 0.233423 0.006184 0.297313
0 4 0.362801 0.288097 0.138609 0.019888 0.190605
0 4 0.761325 0.074416 0.018377 0.000246 0.145636
0 4 0.856853 0.071042 0.015779 0.000094 0.056232
1 4 0.057778 0.530630 0.307528 0.006156 0.097908
1 4 0.043251 0.491952 0.367035 0.003586 0.094175
1 1 0.051763 0.519351 0.262089 0.001734 0.165063
1 1 0.032105 0.474562 0.336879 0.001597 0.154857
1 1 0.052786 0.530452 0.277627 0.002376 0.136758
1 2 0.048198 0.420053 0.289548 0.000794 0.241407
1 2 0.032097 0.415941 0.263717 0.010594 0.277651
4 2 0.065257 0.340841 0.190901 0.008623 0.394378
1 2 0.052876 0.532039 0.280717 0.002542 0.131827
1 2 0.061950 0.475803 0.244012 0.002792 0.215443
1 2 0.045443 0.502310 0.358285 0.006024 0.087938
2 2 0.033890 0.373298 0.458236 0.003360 0.131216
2 2 0.026309 0.365840 0.421071 0.000773 0.186006
1 2 0.040010 0.490756 0.235299 0.000940 0.232995
1 2 0.041272 0.495441 0.234940 0.000868 0.227479
1 2 0.044550 0.427157 0.231820 0.001398 0.295076
4 2 0.032331 0.349494 0.169127 0.001249 0.447800
4 2 0.037856 0.269832 0.146632 0.000272 0.545408
4 2 0.022557 0.344273 0.218870 0.001366 0.412934
1 2 0.041993 0.460873 0.208564 0.000666 0.287905
1 2 0.021939 0.479535 0.233711 0.000425 0.264390
1 2 0.034132 0.468996 0.257275 0.000097 0.239501
1 2 0.056577 0.459760 0.287244 0.005624 0.190795
1 2 0.061941 0.498460 0.271770 0.004374 0.163455
4 1 0.069734 0.341173 0.173079 0.003933 0.412081
4 1 0.050548 0.331135 0.160744 0.002053 0.455520
1 1 0.087905 0.377400 0.174533 0.002312 0.357849
4 4 0.089411 0.345128 0.146189 0.001183 0.418089
4 4 0.044413 0.232109 0.101393 0.000963 0.621122
4 4 0.158982 0.273726 0.113976 0.002352 0.450964
0 0 0.517222 0.271651 0.097309 0.001977 0.111841
1 1 0.128336 0.506925 0.244973 0.003853 0.115913
1 1 0.043760 0.455224 0.189555 0.000347 0.311114
1 1 0.039708 0.490235 0.213604 0.000060 0.256393
1 1 0.045642 0.410889 0.214912 0.000031 0.328525
1 1 0.046459 0.446451 0.198802 0.000082 0.308206
1 1 0.047240 0.424375 0.187045 0.000659 0.340682
1 1 0.053914 0.433515 0.170804 0.000278 0.341489
4 1 0.046220 0.329527 0.135071 0.000440 0.488742
4 4 0.035891 0.337081 0.168488 0.001882 0.456657
1 4 0.044259 0.477953 0.311604 0.002625 0.163559
1 4 0.041032 0.493099 0.272367 0.003170 0.190333
4 4 0.028439 0.385449 0.158687 0.000251 0.427174
4 2 0.048188 0.341421 0.142316 0.000514 0.467561
4 2 0.046526 0.360918 0.148897 0.000433 0.443226
1 2 0.032547 0.398453 0.231423 0.000951 0.336626
4 2 0.051759 0.270402 0.118784 0.001053 0.558002
4 2 0.056358 0.282321 0.124458 0.001121 0.535742
1 2 0.057069 0.435083 0.216596 0.002273 0.288979
1 1 0.083089 0.399742 0.176405 0.001385 0.339378
0 1 0.599110 0.086790 0.021455 0.000203 0.292442
0 4 0.724628 0.060038 0.013024 0.000089 0.202221
4 4 0.125547 0.361460 0.137439 0.000698 0.374856
4 4 0.146712 0.294820 0.115601 0.001316 0.441551
4 4 0.081595 0.313227 0.111135 0.000270 0.493772
1 4 0.133272 0.412144 0.119472 0.000067 0.335044
4 4 0.181798 0.333889 0.140761 0.002689 0.340863
4 4 0.370189 0.185068 0.059479 0.000747 0.384518
0 4 0.557634 0.105568 0.024774 0.000098 0.311925
0 4 0.459228 0.171576 0.050438 0.000493 0.318266
1 4 0.292415 0.328079 0.140056 0.005226 0.234223
1 4 0.182291 0.374310 0.177066 0.007163 0.259171
1 4 0.068929 0.373738 0.185098 0.003197 0.369038
1 4 0.061976 0.432138 0.213708 0.002418 0.289760
4 4 0.212230 0.312419 0.124496 0.002218 0.348637
0 4 0.476364 0.201126 0.059724 0.000454 0.262332
0 4 0.659514 0.082100 0.021892 0.000468 0.236025
0 4 0.800177 0.049052 0.009889 0.000054 0.140829
0 4 0.705048 0.039411 0.006458 0.000009 0.249075
0 4 0.516014 0.064382 0.011015 0.000008 0.408582
4 4 0.267468 0.172408 0.047086 0.000134 0.512904
1 4 0.121180 0.394591 0.102718 0.000023 0.381489
0 0 0.965245 0.013662 0.001958 0.000004 0.019131
0 1 0.952256 0.019788 0.003142 0.000009 0.024806
4 1 0.140111 0.342241 0.073359 0.000005 0.444284
1 1 0.125831 0.423097 0.088315 0.000003 0.362754
1 1 0.051777 0.508236 0.169864 0.000056 0.270066
1 1 0.047749 0.428743 0.140946 0.000053 0.382509
4 1 0.038549 0.404064 0.106241 0.000007 0.451140
4 1 0.051585 0.377081 0.112599 0.000028 0.458707
1 1 0.082247 0.401418 0.193914 0.002934 0.319486
1 1 0.080413 0.377801 0.175730 0.001925 0.364131
1 1 0.048771 0.448350 0.231804 0.002440 0.268634
1 4 0.034752 0.478291 0.272971 0.003655 0.210331
1 4 0.109060 0.377960 0.192158 0.006475 0.314346
1 4 0.092988 0.416447 0.227861 0.010190 0.252515
4 4 0.144042 0.293672 0.121200 0.001956 0.439129
4 4 0.169521 0.311629 0.110177 0.000583 0.408090
4 4 0.133099 0.302896 0.110016 0.000526 0.453463
4 4 0.111846 0.265958 0.090485 0.000247 0.531464
0 4 0.374720 0.270087 0.076606 0.000229 0.278358
4 4 0.420330 0.115257 0.025902 0.000048 0.438463
0 4 0.477330 0.154595 0.035259 0.000058 0.332759
0 4 0.407035 0.233809 0.060349 0.000114 0.298693
0 4 0.428393 0.208310 0.054446 0.000144 0.308707
0 4 0.506582 0.157001 0.033445 0.000033 0.302940
0 4 0.796225 0.074639 0.019689 0.000459 0.108989
0 4 0.615455 0.133424 0.045382 0.002651 0.203089
4 4 0.280770 0.166660 0.045454 0.000145 0.506971
0 4 0.506678 0.114767 0.028960 0.000165 0.349430
0 4 0.471407 0.276568 0.065497 0.000055 0.186473
0 4 0.379668 0.370254 0.082473 0.000023 0.167582
1 1 0.115825 0.430928 0.121744 0.000039 0.331463
1 1 0.073599 0.485194 0.143781 0.000032 0.297394
1 1 0.057987 0.409663 0.146588 0.000138 0.385624
1 4 0.045166 0.387326 0.198131 0.002493 0.366884
4 4 0.108923 0.113764 0.033162 0.000099 0.744052
4 4 0.059390 0.222786 0.067271 0.000058 0.650495
1 4 0.063102 0.556052 0.216941 0.000249 0.163655
1 4 0.062162 0.523617 0.220707 0.000481 0.193032
1 4 0.067835 0.409777 0.192599 0.001882 0.327906
1 4 0.078722 0.407370 0.187501 0.001813 0.324594
1 4 0.089461 0.421420 0.204759 0.003440 0.280919
1 4 0.119966 0.418140 0.186086 0.002185 0.273623
1 4 0.181290 0.432475 0.161101 0.000781 0.224353
4 4 0.309057 0.234979 0.088132 0.002212 0.365620
4 4 0.245294 0.301936 0.093017 0.000261 0.359493
0 4 0.330973 0.308711 0.104308 0.000823 0.255185
0 4 0.679771 0.081488 0.019997 0.000208 0.218535
4 4 0.351568 0.201910 0.055030 0.000188 0.391304
4 4 0.175265 0.129684 0.040867 0.000347 0.653838
4 4 0.053226 0.226892 0.088016 0.000460 0.631407
1 4 0.048473 0.387910 0.184575 0.001432 0.377610
4 4 0.089182 0.262924 0.113741 0.001534 0.532619
4 4 0.071014 0.226018 0.130885 0.017817 0.554265
4 4 0.048137 0.358166 0.182356 0.003114 0.408228
1 4 0.070902 0.391430 0.183648 0.002111 0.351909
4 4 0.054967 0.375017 0.173327 0.001401 0.395287
1 4 0.084239 0.388522 0.175585 0.001951 0.349702
4 4 0.110139 0.347416 0.154670 0.002171 0.385604
0 4 0.794978 0.095559 0.019336 0.000037 0.090090
0 0 0.920891 0.039257 0.007197 0.000024 0.032632
1 1 0.213504 0.405389 0.110401 0.000063 0.270643
4 1 0.081425 0.296428 0.078307 0.000020 0.543820
4 1 0.090190 0.364601 0.167341 0.002208 0.375659
1 1 0.113947 0.381752 0.125785 0.000156 0.378359
1 1 0.029021 0.460859 0.160100 0.000013 0.350007
1 1 0.038185 0.467503 0.148555 0.000029 0.345728
1 1 0.146513 0.426999 0.225272 0.011730 0.189486
1 1 0.179133 0.423472 0.201013 0.005382 0.191001
4 1 0.058480 0.313135 0.148336 0.001997 0.478051
4 1 0.047726 0.347414 0.180748 0.003629 0.420483
4 1 0.025848 0.284613 0.141453 0.001496 0.546589
4 1 0.025397 0.239352 0.121467 0.001986 0.611797
4 1 0.230492 0.231067 0.092549 0.003120 0.442772
4 1 0.232542 0.190224 0.079642 0.005721 0.491872
1 1 0.022985 0.419518 0.272566 0.008965 0.275965
2 1 0.013009 0.304089 0.383547 0.006782 0.292572
2 2 0.009162 0.206049 0.486251 0.000294 0.298244
2 2 0.031314 0.352666 0.362404 0.000837 0.252778
1 2 0.030282 0.397206 0.313021 0.007922 0.251570
1 2 0.037272 0.413049 0.262642 0.007808 0.279230
1 2 0.066987 0.473117 0.245679 0.003676 0.210541
1 2 0.038534 0.456369 0.248698 0.003031 0.253369
1 2 0.045023 0.406519 0.229724 0.005464 0.313271
1 2 0.039261 0.420281 0.260864 0.010072 0.269522
2 2 0.010150 0.229218 0.695621 0.003168 0.061843
2 2 0.019103 0.196738 0.670068 0.005628 0.108463
1 2 0.045034 0.465154 0.281322 0.008823 0.199667
2 2 0.030925 0.283112 0.348271 0.014513 0.323179
2 2 0.021210 0.187587 0.532006 0.005191 0.254006
2 2 0.030676 0.273693 0.371775 0.006145 0.317711
1 2 0.054216 0.455165 0.226438 0.001901 0.262279
1 2 0.030339 0.509191 0.233075 0.000464 0.226931
2 2 0.025174 0.231376 0.566035 0.001120 0.176295
2 2 0.013895 0.224317 0.721951 0.004050 0.035787
2 2 0.026954 0.260324 0.464043 0.006180 0.242499
2 2 0.033960 0.188065 0.543060 0.008707 0.226208
1 2 0.172696 0.493545 0.186356 0.000677 0.146726
1 2 0.112363 0.525398 0.263193 0.004118 0.094929
1 2 0.308068 0.446482 0.149178 0.000499 0.095774
0 2 0.630704 0.210480 0.063124 0.000605 0.095087
1 2 0.056044 0.536292 0.336133 0.011141 0.060390
1 2 0.238522 0.366955 0.309107 0.015075 0.070341
1 2 0.072663 0.457134 0.224547 0.002526 0.243130
1 2 0.143320 0.463462 0.205163 0.002182 0.185873
1 2 0.026123 0.399596 0.299334 0.004943 0.270004
1 2 0.039503 0.477249 0.260453 0.002856 0.219939
2 2 0.001712 0.132850 0.831232 0.001454 0.032753
2 2 0.001553 0.075609 0.900675 0.002482 0.019681
2 2 0.012042 0.110734 0.726802 0.000813 0.149608
2 2 0.016233 0.269435 0.602358 0.000749 0.111225
2 2 0.000176 0.045111 0.938760 0.000001 0.015951
2 2 0.000215 0.054005 0.939103 0.000005 0.006672
2 2 0.001114 0.089184 0.906450 0.000234 0.003019
2 2 0.000969 0.027285 0.969166 0.000011 0.002569
2 2 0.001041 0.050098 0.942133 0.000013 0.006715
2 2 0.016526 0.200548 0.737025 0.000328 0.045572
2 2 0.000024 0.014095 0.985521 0.000015 0.000344
2 2 0.000072 0.014174 0.984748 0.000003 0.001004
2 2 0.000031 0.010613 0.988552 0.000000 0.000804
2 2 0.000017 0.009334 0.990495 0.000033 0.000122
2 2 0.000024 0.001976 0.997893 0.000096 0.000011
2 2 0.000001 0.001138 0.998680 0.000177 0.000004
2 2 0.000000 0.000134 0.999076 0.000790 0.000001
2 2 0.000000 0.000376 0.999216 0.000405 0.000003
2 2 0.000003 0.000888 0.998754 0.000350 0.000005
2 2 0.000000 0.000336 0.998836 0.000827 0.000001
2 2 0.000002 0.000380 0.997608 0.002009 0.000001
2 2 0.000000 0.000034 0.997442 0.002523 0.000000
2 2 0.000008 0.001356 0.994856 0.003765 0.000015
2 2 0.000011 0.000807 0.995337 0.003843 0.000002
2 2 0.000001 0.000057 0.964014 0.035928 0.000000
2 2 0.000001 0.000162 0.958759 0.041072 0.000006
2 2 0.000024 0.000947 0.973384 0.025632 0.000013
2 3 0.000013 0.000814 0.977992 0.021172 0.000009
2 3 0.000015 0.000118 0.735856 0.264010 0.000002
2 3 0.000013 0.000102 0.790087 0.209798 0.000001
2 3 0.000005 0.000164 0.844630 0.155197 0.000003
2 3 0.000041 0.000429 0.790947 0.208572 0.000011
2 3 0.000008 0.000225 0.519354 0.480362 0.000052
3 3 0.000010 0.000357 0.459002 0.540507 0.000124
3 3 0.000002 0.000013 0.202196 0.797788 0.000001
3 3 0.000001 0.000008 0.239883 0.760108 0.000000
3 3 0.000140 0.002224 0.372837 0.623854 0.000945
3 3 0.000023 0.000746 0.382500 0.616387 0.000344
3 3 0.000013 0.000135 0.241420 0.758407 0.000025
3 3 0.000075 0.000276 0.161641 0.837973 0.000036
3 3 0.000002 0.000014 0.139412 0.860570 0.000001
3 3 0.000007 0.000031 0.204091 0.795871 0.000002
3 3 0.000064 0.000263 0.142861 0.856764 0.000049
3 3 0.000003 0.000019 0.095840 0.904133 0.000003
3 3 0.000005 0.000015 0.062009 0.937968 0.000002
3 3 0.000008 0.000018 0.048057 0.951916 0.000002
3 3 0.000005 0.000026 0.048323 0.951640 0.000006
3 3 0.000015 0.000049 0.037550 0.962378 0.000008
3 3 0.000004 0.000008 0.047883 0.952105 0.000001
3 3 0.000037 0.000078 0.049610 0.950266 0.000010
3 3 0.000029 0.000052 0.035407 0.964506 0.000006
3 3 0.000014 0.000040 0.045089 0.954851 0.000006
3 3 0.000052 0.000128 0.049164 0.950636 0.000021
3 3 0.000049 0.000064 0.042350 0.957532 0.000006
3 3 0.000008 0.000009 0.033879 0.966104 0.000000
3 3 0.000018 0.000035 0.032707 0.967236 0.000004
3 3 0.000010 0.000030 0.034542 0.965414 0.000004
3 3 0.000002 0.000012 0.054095 0.945888 0.000002
3 3 0.000014 0.000028 0.017233 0.982722 0.000003
3 3 0.000004 0.000010 0.018756 0.981230 0.000001
3 3 0.000013 0.000029 0.053991 0.945964 0.000003
3 3 0.000013 0.000024 0.029418 0.970541 0.000002
3 3 0.000020 0.000022 0.015087 0.984869 0.000002
3 3 0.000002 0.000003 0.024381 0.975614 0.000000
3 3 0.000010 0.000023 0.019291 0.980673 0.000003
3 3 0.000019 0.000026 0.020180 0.979772 0.000002
3 3 0.000005 0.000016 0.027429 0.972548 0.000002
3 3 0.000022 0.000028 0.026096 0.973852 0.000002
3 3 0.000012 0.000015 0.014829 0.985143 0.000001
3 3 0.000025 0.000031 0.021784 0.978158 0.000003
3 3 0.000002 0.000008 0.030665 0.969324 0.000001
3 3 0.000005 0.000014 0.036864 0.963116 0.000002
3 3 0.000117 0.000270 0.023316 0.976242 0.000056
3 3 0.000136 0.000173 0.020198 0.979472 0.000021
3 3 0.000037 0.000056 0.015266 0.984635 0.000007
3 3 0.000040 0.000056 0.020226 0.979672 0.000006
3 3 0.000025 0.000040 0.015205 0.984726 0.000005
3 3 0.000016 0.000031 0.012101 0.987849 0.000004
3 3 0.000052 0.000038 0.015962 0.983946 0.000002
3 3 0.000027 0.000026 0.019948 0.979998 0.000002
3 3 0.000023 0.000038 0.020251 0.979684 0.000004
3 3 0.000020 0.000032 0.021499 0.978446 0.000003
3 3 0.000149 0.000226 0.019267 0.980323 0.000034
3 3 0.000057 0.000096 0.024718 0.975116 0.000013
3 3 0.000040 0.000100 0.014015 0.985824 0.000020
3 3 0.000014 0.000034 0.013715 0.986232 0.000005
3 3 0.003495 0.002127 0.108500 0.885707 0.000172
3 3 0.006332 0.003963 0.117321 0.872084 0.000300
