0 0 0.828149 0.091367 0.018280 0.000382 0.061822
0 0 0.888830 0.056735 0.008804 0.000059 0.045572
1 0 0.130146 0.502123 0.041890 0.000027 0.325814
1 1 0.069483 0.635809 0.092113 0.000162 0.202433
1 1 0.006997 0.458998 0.129463 0.000045 0.404497
1 1 0.017615 0.458350 0.093594 0.000104 0.430337
4 1 0.021853 0.386847 0.154393 0.000033 0.436874
1 1 0.028782 0.461664 0.137924 0.000032 0.371598
4 1 0.013011 0.360408 0.123582 0.000025 0.502974
1 1 0.009531 0.502559 0.150097 0.000101 0.337712
4 1 0.018012 0.390678 0.107377 0.000033 0.483900
4 1 0.008776 0.420451 0.144417 0.000059 0.426297
4 1 0.057473 0.339874 0.077352 0.000024 0.525277
4 1 0.012912 0.415823 0.125860 0.000086 0.445319
4 4 0.087567 0.057956 0.013148 0.000042 0.841287
4 4 0.060643 0.059995 0.016683 0.000069 0.862610
4 4 0.039485 0.310234 0.107717 0.000107 0.542457
4 4 0.029160 0.186923 0.070161 0.000043 0.713712
1 4 0.063071 0.548471 0.140043 0.000444 0.247972
1 4 0.035032 0.516345 0.157182 0.000117 0.291324
4 1 0.040253 0.394671 0.110174 0.000121 0.454781
1 1 0.016317 0.434531 0.156136 0.000033 0.392984
4 1 0.049442 0.363248 0.098039 0.000339 0.488932
4 1 0.043103 0.377878 0.118491 0.000529 0.459998
4 1 0.010088 0.400688 0.169698 0.000045 0.419481
1 1 0.014432 0.507678 0.163862 0.000241 0.313786
1 1 0.014662 0.484646 0.160741 0.000082 0.339869
1 1 0.010609 0.488545 0.206120 0.000372 0.294354
1 1 0.020387 0.456710 0.198177 0.000078 0.324647
1 1 0.031864 0.513722 0.189533 0.000644 0.264237
1 1 0.021539 0.489161 0.231955 0.001965 0.255381
1 1 0.024634 0.534755 0.228551 0.001015 0.211046
1 2 0.039605 0.450139 0.354932 0.013838 0.141487
1 2 0.027654 0.440354 0.334001 0.010039 0.187952
2 2 0.017424 0.110530 0.595825 0.266981 0.009239
2 2 0.015608 0.078512 0.476352 0.422418 0.007110
2 2 0.003774 0.038419 0.561339 0.394893 0.001574
3 2 0.006701 0.037025 0.372890 0.581494 0.001890
2 2 0.019875 0.079987 0.454738 0.440883 0.004516
3 3 0.025523 0.076930 0.392074 0.501267 0.004206
3 3 0.011137 0.030170 0.172925 0.783254 0.002514
3 3 0.012734 0.030276 0.154996 0.799297 0.002696
3 3 0.003037 0.010850 0.084974 0.899821 0.001318
3 3 0.001943 0.007528 0.070856 0.918784 0.000889
3 3 0.005495 0.022057 0.088707 0.877170 0.006571
3 3 0.004782 0.020165 0.087540 0.881707 0.005806
3 3 0.001066 0.005505 0.046790 0.945357 0.001282
3 3 0.001246 0.006359 0.048020 0.942709 0.001666
3 3 0.000466 0.003118 0.033556 0.961992 0.000868
3 3 0.000298 0.002116 0.027857 0.969181 0.000548
3 3 0.000993 0.005085 0.047087 0.945783 0.001052
3 3 0.001133 0.005580 0.050016 0.942158 0.001113
3 3 0.000522 0.003743 0.038222 0.956415 0.001098
3 3 0.000422 0.003057 0.034352 0.961309 0.000859
3 3 0.000863 0.004934 0.040297 0.952438 0.001468
3 3 0.000726 0.004386 0.038660 0.954937 0.001291
3 3 0.002494 0.012291 0.061677 0.919165 0.004373
3 3 0.002259 0.010127 0.059184 0.925638 0.002792
3 3 0.000294 0.001956 0.030484 0.966903 0.000363
3 3 0.000747 0.005436 0.047135 0.944947 0.001734
3 3 0.001225 0.006520 0.045359 0.944852 0.002044
3 3 0.001756 0.010614 0.062336 0.921498 0.003795
3 3 0.000305 0.002245 0.029225 0.967633 0.000592
3 3 0.000353 0.002698 0.032854 0.963349 0.000745
3 3 0.000682 0.004491 0.040660 0.952817 0.001349
3 3 0.001780 0.012603 0.073165 0.907627 0.004824
3 3 0.000472 0.003403 0.036363 0.958783 0.000978
3 3 0.000537 0.003405 0.034386 0.960716 0.000956
3 3 0.000330 0.002358 0.029648 0.967038 0.000625
3 3 0.000417 0.002767 0.031312 0.964755 0.000749
3 3 0.000133 0.001113 0.021017 0.977479 0.000258
3 3 0.000142 0.001176 0.021533 0.976873 0.000276
3 3 0.000525 0.003346 0.034142 0.961050 0.000937
3 3 0.000380 0.002816 0.033194 0.962829 0.000781
3 3 0.000208 0.001590 0.024581 0.973229 0.000392
3 3 0.000183 0.001437 0.023514 0.974517 0.000348
3 3 0.000639 0.004223 0.039377 0.954508 0.001252
3 3 0.000811 0.004699 0.039400 0.953697 0.001393
3 3 0.000413 0.003486 0.039499 0.955564 0.001037
3 3 0.000219 0.001659 0.025043 0.972666 0.000412
3 3 0.000841 0.006229 0.051140 0.939735 0.002055
3 3 0.000461 0.003000 0.032434 0.963282 0.000823
3 3 0.000414 0.003032 0.034368 0.961333 0.000853
3 3 0.000257 0.001883 0.026466 0.970918 0.000477
3 3 0.000249 0.002153 0.030644 0.966374 0.000579
3 3 0.000157 0.001273 0.022295 0.975972 0.000302
3 3 0.000276 0.001991 0.027125 0.970098 0.000510
3 3 0.000185 0.001614 0.026269 0.971523 0.000409
3 3 0.000250 0.001947 0.027712 0.969588 0.000503
3 3 0.000934 0.005568 0.043753 0.948023 0.001722
3 3 0.000346 0.002387 0.029357 0.967281 0.000630
3 3 0.000215 0.001636 0.024889 0.972854 0.000405
3 3 0.000396 0.002644 0.030968 0.965296 0.000695
3 3 0.000678 0.004078 0.037056 0.957009 0.001179
3 3 0.000752 0.004396 0.038717 0.954885 0.001251
3 3 0.001273 0.006451 0.048518 0.942081 0.001676
3 3 0.000283 0.002035 0.027382 0.969777 0.000523
3 3 0.000428 0.002827 0.031607 0.964370 0.000768
3 3 0.000396 0.002655 0.030755 0.965480 0.000714
3 3 0.000621 0.003760 0.036449 0.958149 0.001022
3 3 0.000252 0.001710 0.029287 0.968455 0.000296
3 3 0.000281 0.001845 0.030820 0.966745 0.000309
3 3 0.000283 0.002031 0.027359 0.969806 0.000522
3 3 0.000237 0.001766 0.025734 0.971820 0.000443
3 3 0.000260 0.001888 0.026863 0.970525 0.000463
3 3 0.000213 0.001623 0.024802 0.972960 0.000401
3 3 0.000311 0.002190 0.028278 0.968651 0.000570
3 3 0.000301 0.002178 0.028529 0.968423 0.000569
3 3 0.000131 0.001101 0.020918 0.977595 0.000255
3 3 0.000204 0.001567 0.024425 0.973418 0.000385
3 3 0.000235 0.001754 0.025656 0.971916 0.000439
3 3 0.000467 0.003074 0.033054 0.962554 0.000850
3 3 0.000330 0.002298 0.028877 0.967891 0.000603
3 3 0.000947 0.005315 0.041548 0.950582 0.001609
3 3 0.000127 0.001060 0.021046 0.977536 0.000230
3 3 0.000113 0.000980 0.019872 0.978812 0.000223
3 3 0.000196 0.001516 0.024067 0.973851 0.000371
3 3 0.000159 0.001285 0.022384 0.975867 0.000305
3 3 0.000333 0.002313 0.028960 0.967786 0.000608
3 3 0.000236 0.001757 0.025677 0.971891 0.000440
3 3 0.000111 0.000965 0.019735 0.978971 0.000219
3 3 0.000097 0.000864 0.018804 0.980042 0.000192
3 3 0.001267 0.007841 0.053545 0.934714 0.002633
3 3 0.001192 0.006383 0.044947 0.945485 0.001994
3 3 0.000146 0.001198 0.021705 0.976670 0.000281
3 3 0.000173 0.001373 0.023043 0.975081 0.000330
3 3 0.000374 0.002536 0.030146 0.966268 0.000677
3 3 0.000413 0.002748 0.031217 0.964879 0.000743
3 3 0.000105 0.000923 0.019358 0.979406 0.000208
3 3 0.000095 0.000852 0.018682 0.980182 0.000189
3 3 0.000683 0.004100 0.037142 0.956888 0.001187
3 3 0.000449 0.002937 0.032135 0.963676 0.000803
3 3 0.000384 0.002592 0.030436 0.965894 0.000694
3 3 0.000187 0.001459 0.023669 0.974331 0.000354
3 3 0.000166 0.001330 0.022724 0.975462 0.000318
3 3 0.000055 0.000554 0.015452 0.983824 0.000114
3 3 0.000119 0.001018 0.020207 0.978424 0.000233
3 3 0.000201 0.001547 0.024284 0.973589 0.000380
3 3 0.000459 0.002989 0.032383 0.963348 0.000820
3 3 0.000296 0.002108 0.027808 0.969243 0.000545
3 3 0.000134 0.001123 0.021095 0.977387 0.000261
3 3 0.000121 0.001033 0.020340 0.978269 0.000237
3 3 0.000239 0.001778 0.025812 0.971724 0.000447
3 3 0.000166 0.001327 0.022705 0.975485 0.000317
3 3 0.000295 0.002133 0.028169 0.968848 0.000554
3 3 0.000197 0.001523 0.024117 0.973791 0.000373
3 3 0.000239 0.001779 0.025820 0.971714 0.000447
3 3 0.000321 0.002247 0.028597 0.968248 0.000587
3 3 0.000256 0.001877 0.026431 0.970960 0.000476
3 3 0.000239 0.001776 0.025802 0.971736 0.000446
3 3 0.000473 0.003499 0.037366 0.957645 0.001017
3 3 0.000281 0.002163 0.029182 0.967803 0.000570
3 3 0.000490 0.003148 0.033120 0.962371 0.000871
3 3 0.000258 0.001892 0.026521 0.970848 0.000480
3 3 0.007359 0.021901 0.106694 0.860669 0.003376
3 3 0.024747 0.051010 0.170915 0.747336 0.005992
3 3 0.008441 0.021189 0.132545 0.836081 0.001744
3 3 0.028160 0.050680 0.232528 0.685815 0.002817
2 2 0.070220 0.187420 0.402758 0.319515 0.020088
2 1 0.063584 0.186663 0.478068 0.257182 0.014502
1 1 0.153625 0.398755 0.378522 0.034074 0.035023
2 1 0.134196 0.351417 0.443560 0.046897 0.023930
2 1 0.020721 0.215746 0.612375 0.119201 0.031956
2 2 0.021148 0.155157 0.713791 0.080661 0.029241
2 2 0.043956 0.398988 0.409080 0.036532 0.111443
2 2 0.030271 0.263620 0.586141 0.025740 0.094227
2 2 0.006348 0.122533 0.726162 0.130868 0.014089
2 2 0.003311 0.140503 0.729476 0.082127 0.044582
2 2 0.026906 0.266778 0.580463 0.039982 0.085872
2 2 0.014510 0.249805 0.568129 0.088145 0.079412
2 2 0.006212 0.266733 0.550572 0.026035 0.150448
2 2 0.003693 0.255201 0.535493 0.024099 0.181514
2 2 0.005515 0.319848 0.432141 0.010634 0.231862
1 2 0.036245 0.396323 0.275798 0.002093 0.289540
1 2 0.085635 0.560108 0.273989 0.002288 0.077980
1 2 0.095874 0.555793 0.250307 0.003260 0.094766
2 2 0.058051 0.380144 0.502225 0.021121 0.038459
2 2 0.088158 0.405426 0.458686 0.016403 0.031326
1 2 0.103360 0.575668 0.260485 0.001431 0.059057
1 2 0.194592 0.571606 0.190432 0.001049 0.042322
0 2 0.647423 0.249803 0.061259 0.000130 0.041385
1 2 0.236153 0.590495 0.132624 0.000138 0.040591
1 2 0.178520 0.585078 0.193724 0.000801 0.041877
1 2 0.189153 0.589190 0.187820 0.000511 0.033326
1 2 0.273651 0.563911 0.128029 0.000359 0.034051
0 1 0.517642 0.365522 0.078395 0.000197 0.038245
1 1 0.225551 0.550875 0.179323 0.001470 0.042781
1 1 0.259581 0.526803 0.155741 0.002633 0.055242
1 1 0.178299 0.533492 0.247922 0.002504 0.037782
1 1 0.173643 0.531227 0.248960 0.003111 0.043059
1 1 0.163547 0.488657 0.302702 0.006948 0.038145
1 1 0.157561 0.516493 0.290245 0.002256 0.033444
1 1 0.104664 0.426194 0.421058 0.014711 0.033373
2 1 0.086694 0.408701 0.450225 0.018345 0.036034
2 1 0.031267 0.220739 0.671927 0.062081 0.013986
2 2 0.035273 0.179315 0.641993 0.133519 0.009899
2 2 0.016221 0.187439 0.715026 0.066318 0.014996
2 2 0.020994 0.206878 0.689015 0.066174 0.016939
2 2 0.020365 0.183334 0.678744 0.102445 0.015111
2 2 0.034433 0.228182 0.597347 0.116349 0.023688
2 2 0.032650 0.216092 0.588628 0.139124 0.023507
2 2 0.023750 0.167579 0.643518 0.147850 0.017302
2 2 0.034810 0.211114 0.586614 0.146585 0.020877
2 2 0.024396 0.170140 0.631351 0.156065 0.018049
2 2 0.020737 0.157169 0.611184 0.195280 0.015630
2 2 0.030667 0.153121 0.591883 0.210469 0.013860
2 2 0.011877 0.074790 0.600735 0.309398 0.003200
2 2 0.022013 0.124893 0.542794 0.299977 0.010324
2 2 0.034889 0.133739 0.579749 0.245234 0.006389
2 2 0.014835 0.098273 0.552446 0.327150 0.007296
2 2 0.024929 0.141234 0.500315 0.317509 0.016012
3 2 0.028152 0.123868 0.416165 0.417170 0.014645
3 2 0.029130 0.113074 0.378043 0.462205 0.017549
2 2 0.014352 0.109047 0.443050 0.406405 0.027146
3 2 0.017888 0.073562 0.335972 0.565129 0.007450
3 3 0.021855 0.085464 0.398590 0.487383 0.006707
2 3 0.027173 0.133199 0.479280 0.346696 0.013653
3 3 0.062634 0.116038 0.287910 0.518582 0.014836
1 3 0.326517 0.440010 0.190869 0.008852 0.033752
1 2 0.296247 0.462986 0.201045 0.006156 0.033567
0 2 0.861038 0.091496 0.022715 0.000522 0.024229
0 0 0.889317 0.057656 0.025038 0.002919 0.025070
1 0 0.145616 0.559964 0.231737 0.002374 0.060308
1 0 0.159777 0.543637 0.211902 0.004393 0.080291
1 1 0.122036 0.443274 0.388419 0.012424 0.033847
1 1 0.151575 0.490901 0.306048 0.007621 0.043855
1 1 0.203290 0.562653 0.191229 0.001227 0.041601
1 1 0.246330 0.532778 0.161506 0.000986 0.058400
1 0 0.333515 0.515181 0.117379 0.000795 0.033130
0 0 0.669309 0.226329 0.073135 0.000862 0.030365
1 0 0.095752 0.432668 0.414659 0.015365 0.041555
2 1 0.092041 0.416402 0.448345 0.013427 0.029786
2 1 0.054231 0.407983 0.502657 0.007060 0.028069
2 1 0.057032 0.412843 0.491902 0.007495 0.030727
2 1 0.056609 0.399281 0.501541 0.010622 0.031948
2 2 0.072730 0.416533 0.469644 0.010110 0.030984
2 2 0.056742 0.340542 0.538168 0.033426 0.031121
2 2 0.058082 0.345739 0.543754 0.024891 0.027534
2 2 0.051978 0.398564 0.499668 0.011737 0.038052
2 2 0.045878 0.365581 0.533437 0.018383 0.036721
2 2 0.017819 0.186191 0.720702 0.062492 0.012796
2 2 0.018106 0.168981 0.672665 0.125020 0.015229
2 2 0.028383 0.260005 0.654932 0.036283 0.020396
2 2 0.018120 0.173817 0.679403 0.113103 0.015556
2 2 0.019264 0.153820 0.668550 0.146886 0.011480
2 2 0.024846 0.166715 0.662126 0.135263 0.011051
2 2 0.037361 0.260726 0.633139 0.049159 0.019615
2 2 0.035468 0.238496 0.630100 0.076343 0.019593
2 2 0.028315 0.180106 0.632849 0.144808 0.013922
2 2 0.024429 0.164091 0.694018 0.108731 0.008732
3 2 0.013539 0.062936 0.386294 0.532652 0.004579
2 2 0.014310 0.089822 0.542675 0.347080 0.006113
2 2 0.044663 0.187800 0.594834 0.161212 0.011491
2 2 0.074430 0.254282 0.523821 0.127586 0.019880
0 2 0.557253 0.304413 0.106159 0.002629 0.029545
1 2 0.380163 0.449572 0.138227 0.002906 0.029133
1 2 0.157257 0.510127 0.263886 0.007257 0.061473
1 2 0.099539 0.481641 0.332753 0.012637 0.073429
2 2 0.043996 0.323464 0.566219 0.034408 0.031913
2 2 0.025707 0.273727 0.631953 0.038896 0.029717
2 2 0.050877 0.383842 0.468761 0.031210 0.065310
2 2 0.039958 0.330851 0.573566 0.024283 0.031341
2 2 0.038782 0.325843 0.529081 0.052889 0.053406
2 2 0.029279 0.341944 0.550695 0.025217 0.052864
2 2 0.032591 0.235329 0.591057 0.113016 0.028008
2 2 0.026008 0.223797 0.614765 0.108703 0.026728
2 2 0.009555 0.082691 0.615289 0.285556 0.006910
2 2 0.015144 0.144847 0.628607 0.195861 0.015542
2 2 0.026909 0.228401 0.560772 0.145685 0.038233
2 2 0.038998 0.161161 0.514291 0.255760 0.029789
0 2 0.957741 0.027237 0.008681 0.000293 0.006048
0 0 0.967131 0.017816 0.007214 0.000266 0.007573
1 0 0.328529 0.479730 0.085428 0.003433 0.102881
0 0 0.854733 0.049101 0.029605 0.005353 0.061209
0 0 0.732816 0.149653 0.053373 0.001000 0.063158
1 1 0.204183 0.564409 0.166990 0.001737 0.062682
1 1 0.009816 0.372742 0.281257 0.006079 0.330106
1 2 0.013442 0.392982 0.277845 0.006963 0.308768
1 2 0.010837 0.402156 0.274667 0.003878 0.308463
2 2 0.000843 0.248990 0.480814 0.000976 0.268377
4 2 0.006698 0.328656 0.306761 0.004289 0.353596
4 4 0.033284 0.216686 0.197422 0.001288 0.551319
4 4 0.011875 0.108899 0.088391 0.001154 0.789681
4 4 0.029136 0.064445 0.066944 0.000698 0.838776
4 4 0.041070 0.135895 0.107360 0.000871 0.714803
4 4 0.064891 0.170863 0.098074 0.001051 0.665120
4 4 0.009727 0.105731 0.209878 0.000832 0.673831
4 4 0.022002 0.270409 0.246301 0.001979 0.459309
1 4 0.019997 0.378252 0.327820 0.004090 0.269843
2 4 0.007793 0.355076 0.442029 0.007380 0.187722
1 4 0.250330 0.354400 0.183053 0.002916 0.209301
1 1 0.107297 0.547623 0.239279 0.004373 0.101428
1 1 0.003031 0.357890 0.324844 0.000588 0.313647
1 1 0.002893 0.373043 0.305461 0.000690 0.317913
2 1 0.001737 0.297014 0.442342 0.002208 0.256699
2 1 0.002342 0.310761 0.402535 0.002656 0.281706
1 1 0.007199 0.355016 0.340956 0.006259 0.290569
1 1 0.003230 0.370689 0.365711 0.001045 0.259325
2 1 0.003858 0.363212 0.382792 0.001746 0.248392
1 1 0.016739 0.417992 0.318863 0.006986 0.239420
1 0 0.354296 0.382191 0.198594 0.013595 0.051324
1 0 0.232137 0.524470 0.203433 0.002375 0.037585
0 0 0.952266 0.032430 0.009858 0.000377 0.005069
0 0 0.942064 0.023139 0.012217 0.000882 0.021697
0 0 0.445030 0.415528 0.105056 0.000605 0.033782
1 0 0.324492 0.533139 0.107882 0.000502 0.033984
1 0 0.257803 0.590872 0.089540 0.000306 0.061479
1 0 0.341519 0.535336 0.069609 0.000333 0.053203
1 0 0.263768 0.565196 0.119811 0.000692 0.050533
1 0 0.250258 0.584449 0.118969 0.000421 0.045902
1 0 0.299262 0.557523 0.095919 0.000424 0.046872
1 0 0.370996 0.492809 0.094904 0.000960 0.040330
1 0 0.301172 0.558012 0.085490 0.000406 0.054921
1 0 0.287279 0.555567 0.100765 0.000642 0.055748
1 0 0.325214 0.512856 0.111445 0.001387 0.049098
1 0 0.295226 0.541636 0.111956 0.000889 0.050293
1 0 0.318490 0.486072 0.139565 0.003979 0.051893
0 0 0.423729 0.392010 0.126825 0.006635 0.050801
0 0 0.740493 0.172724 0.054111 0.005198 0.027475
0 0 0.905003 0.052720 0.021397 0.002044 0.018836
0 0 0.891688 0.059025 0.024476 0.002692 0.022119
0 0 0.806275 0.100717 0.043968 0.008877 0.040163
1 0 0.097287 0.463511 0.382181 0.010093 0.046928
2 0 0.055492 0.439337 0.464575 0.005373 0.035224
2 1 0.049333 0.311236 0.606135 0.017745 0.015550
2 1 0.046380 0.312158 0.593072 0.026333 0.022058
2 1 0.050197 0.354120 0.547681 0.019041 0.028962
2 1 0.039856 0.302985 0.598750 0.032609 0.025799
2 1 0.041204 0.238821 0.646726 0.059399 0.013850
2 2 0.030188 0.222926 0.650478 0.078691 0.017718
2 2 0.076026 0.380578 0.482117 0.026127 0.035152
2 2 0.094633 0.375871 0.463765 0.033265 0.032465
2 2 0.062859 0.305666 0.549282 0.056747 0.025447
2 2 0.078737 0.321465 0.513800 0.058858 0.027140
2 2 0.068989 0.225534 0.512103 0.175553 0.017821
2 2 0.099097 0.338236 0.433158 0.087972 0.041538
3 2 0.035510 0.103805 0.307581 0.540393 0.012710
2 2 0.030712 0.138900 0.484915 0.332144 0.013328
2 3 0.028917 0.148007 0.458625 0.345009 0.019442
2 3 0.025317 0.108553 0.491876 0.366716 0.007539
2 3 0.031173 0.150168 0.546237 0.260230 0.012193
2 3 0.025253 0.121043 0.602261 0.245337 0.006106
3 3 0.021302 0.065575 0.331221 0.577517 0.004386
3 3 0.014076 0.045503 0.223867 0.711966 0.004589
3 3 0.016512 0.036942 0.175067 0.768376 0.003103
3 3 0.005546 0.018116 0.093651 0.879568 0.003120
3 3 0.010040 0.030565 0.174295 0.782201 0.002898
3 3 0.016082 0.051464 0.296730 0.632324 0.003400
3 3 0.011148 0.024956 0.163298 0.799103 0.001495
3 3 0.007070 0.021728 0.138015 0.831051 0.002136
3 3 0.014064 0.039262 0.137222 0.802391 0.007062
3 3 0.012791 0.035230 0.121463 0.823570 0.006946
3 3 0.001888 0.008224 0.060776 0.927488 0.001624
3 3 0.001341 0.006575 0.050882 0.939654 0.001548
3 3 0.001649 0.007370 0.058258 0.931310 0.001412
3 3 0.001127 0.006424 0.051161 0.939595 0.001693
3 3 0.000984 0.006177 0.047619 0.943269 0.001951
3 3 0.000541 0.003407 0.034280 0.960816 0.000956
3 3 0.000324 0.002263 0.028692 0.968129 0.000592
3 3 0.000412 0.002739 0.031176 0.964933 0.000740
3 3 0.001643 0.009452 0.057336 0.928305 0.003263
3 3 0.000779 0.005141 0.043801 0.948688 0.001591
3 3 0.000103 0.000910 0.019238 0.979544 0.000204
3 3 0.000094 0.000841 0.018580 0.980299 0.000186
3 3 0.000259 0.001892 0.026523 0.970847 0.000480
3 3 0.000154 0.001250 0.022119 0.976181 0.000296
3 3 0.000369 0.002513 0.030023 0.966425 0.000669
3 3 0.000444 0.002911 0.032011 0.963839 0.000795
3 3 0.000197 0.001575 0.024934 0.972903 0.000391
3 3 0.000413 0.002762 0.031393 0.964683 0.000749
3 3 0.000193 0.001500 0.023956 0.973985 0.000366
3 3 0.000551 0.003454 0.034484 0.960539 0.000971
3 3 0.000271 0.001963 0.026953 0.970312 0.000501
3 3 0.000460 0.002996 0.032430 0.963292 0.000822
3 3 0.000382 0.002581 0.030377 0.965970 0.000691
3 3 0.000063 0.000612 0.016149 0.983048 0.000128
3 3 0.000215 0.001631 0.024857 0.972893 0.000404
3 3 0.000195 0.001509 0.024020 0.973908 0.000369
3 3 0.000952 0.006068 0.047222 0.943822 0.001936
3 3 0.000239 0.001776 0.025801 0.971738 0.000446
3 3 0.000231 0.001727 0.025487 0.972124 0.000432
3 3 0.000491 0.003540 0.037178 0.957765 0.001027
3 3 0.000220 0.001665 0.025078 0.972623 0.000414
3 3 0.000273 0.002104 0.028759 0.968312 0.000552
3 3 0.000231 0.001732 0.025518 0.972086 0.000433
3 3 0.000327 0.002279 0.028773 0.968024 0.000597
3 3 0.000191 0.001489 0.023881 0.974075 0.000363
3 3 0.000079 0.000739 0.017546 0.981476 0.000160
3 3 0.000272 0.002064 0.028264 0.968862 0.000537
3 3 0.000202 0.001552 0.024319 0.973546 0.000381
3 3 0.000172 0.001370 0.023025 0.975103 0.000329
3 3 0.000177 0.001399 0.023235 0.974852 0.000337
3 3 0.000325 0.002422 0.030612 0.965991 0.000651
3 3 0.000393 0.002641 0.030684 0.965572 0.000710
3 3 0.000181 0.001422 0.023402 0.974651 0.000344
3 3 0.000480 0.003095 0.032878 0.962692 0.000854
3 3 0.000759 0.004874 0.042042 0.950841 0.001484
3 3 0.000663 0.004022 0.036922 0.957232 0.001162
3 3 0.001150 0.006485 0.046384 0.943929 0.002052
3 3 0.000505 0.003507 0.036379 0.958601 0.001008
3 3 0.000036 0.000395 0.013303 0.986190 0.000077
3 3 0.000081 0.000746 0.017625 0.981386 0.000162
3 3 0.000217 0.001644 0.024943 0.972788 0.000408
3 3 0.000205 0.001573 0.024460 0.973375 0.000387
3 3 0.000058 0.000576 0.015716 0.983531 0.000120
3 3 0.000222 0.001678 0.025163 0.972520 0.000417
3 3 0.000445 0.002915 0.032032 0.963812 0.000796
3 3 0.000536 0.003378 0.034153 0.960987 0.000946
3 3 0.000207 0.001657 0.025647 0.972073 0.000416
3 3 0.000170 0.001355 0.022914 0.975235 0.000325
3 3 0.000302 0.002139 0.027986 0.969019 0.000554
3 3 0.000277 0.001999 0.027170 0.970041 0.000512
3 3 0.000102 0.000898 0.019124 0.979675 0.000201
3 3 0.000120 0.001029 0.020305 0.978309 0.000236
3 3 0.000061 0.000599 0.015999 0.983215 0.000125
3 3 0.000116 0.001002 0.020063 0.978590 0.000228
3 3 0.000075 0.000704 0.017181 0.981888 0.000151
3 3 0.000097 0.000866 0.018821 0.980023 0.000193
3 3 0.000165 0.001326 0.022696 0.975496 0.000317
3 3 0.000064 0.000622 0.016269 0.982913 0.000131
3 3 0.000134 0.001121 0.021083 0.977402 0.000260
3 3 0.000163 0.001311 0.022582 0.975631 0.000313
3 3 0.000104 0.000912 0.019257 0.979522 0.000205
3 3 0.000205 0.001572 0.024457 0.973380 0.000387
3 3 0.000159 0.001287 0.022402 0.975845 0.000306
3 3 0.000123 0.001021 0.021111 0.977536 0.000209
3 3 0.048755 0.170478 0.321581 0.422056 0.037130
3 0 0.052775 0.107868 0.335297 0.496387 0.007673
2 0 0.072104 0.370423 0.465672 0.043660 0.048141
2 0 0.032239 0.235710 0.612652 0.094631 0.024768
2 0 0.032969 0.358164 0.431493 0.053765 0.123608
2 2 0.017437 0.301809 0.527676 0.054578 0.098500
1 2 0.014815 0.374834 0.346691 0.015666 0.247994
4 2 0.029364 0.248296 0.295248 0.007592 0.419500
2 2 0.012003 0.342709 0.430540 0.021344 0.193405
2 2 0.021300 0.391741 0.407441 0.017141 0.162377
2 2 0.007339 0.319017 0.405675 0.017328 0.250640
2 2 0.005375 0.291120 0.457404 0.020475 0.225626
2 2 0.005448 0.329621 0.369588 0.007677 0.287666
2 4 0.003039 0.161044 0.530756 0.014557 0.290604
2 4 0.004810 0.280827 0.409862 0.008796 0.295705
2 4 0.003164 0.278573 0.482439 0.011292 0.224532
2 4 0.003292 0.267583 0.509948 0.015423 0.203755
2 4 0.003042 0.247094 0.547004 0.021851 0.181009
4 4 0.007298 0.113336 0.363842 0.013207 0.502317
4 4 0.005532 0.114676 0.429032 0.019831 0.430930
2 4 0.009113 0.261368 0.473585 0.078784 0.177149
2 4 0.003451 0.244385 0.562472 0.025815 0.163878
4 4 0.008829 0.033290 0.100464 0.002365 0.855051
4 4 0.012972 0.043751 0.049588 0.000678 0.893012
4 4 0.013553 0.193507 0.269176 0.007337 0.516427
4 4 0.003300 0.183529 0.319239 0.001650 0.492282
2 4 0.004622 0.128217 0.476092 0.016429 0.374640
2 4 0.009421 0.328325 0.377022 0.020883 0.264349
2 4 0.005675 0.190734 0.499473 0.033717 0.270401
2 4 0.005880 0.205983 0.393320 0.009253 0.385564
4 4 0.036376 0.291086 0.253893 0.004238 0.414407
1 4 0.024737 0.403405 0.304359 0.003507 0.263992
2 4 0.000828 0.160797 0.621271 0.003988 0.213115
1 4 0.011948 0.357307 0.349163 0.015462 0.266120
2 4 0.008844 0.244384 0.433724 0.033884 0.279164
2 4 0.002138 0.175952 0.601590 0.017689 0.202631
2 4 0.011036 0.249909 0.568898 0.077413 0.092744
2 4 0.013161 0.343952 0.474856 0.019687 0.148343
2 2 0.121165 0.347311 0.421650 0.028307 0.081566
2 1 0.049458 0.332776 0.558320 0.029001 0.030444
2 1 0.006493 0.352421 0.451510 0.005632 0.183944
1 2 0.012168 0.401387 0.358216 0.005920 0.222310
1 2 0.019577 0.442677 0.365379 0.005269 0.167097
2 2 0.015042 0.398671 0.412626 0.008283 0.165379
2 2 0.052257 0.392029 0.494446 0.016937 0.044331
2 0 0.079707 0.421528 0.437523 0.017006 0.044235
0 0 0.604547 0.255694 0.111560 0.004276 0.023923
0 0 0.558056 0.301913 0.112632 0.002016 0.025383
1 0 0.198062 0.570552 0.166565 0.000865 0.063957
1 0 0.180720 0.607816 0.165148 0.000481 0.045835
1 0 0.106676 0.584760 0.228621 0.001588 0.078354
1 0 0.194913 0.559949 0.188344 0.001868 0.054926
1 0 0.233832 0.443810 0.267804 0.015940 0.038615
1 0 0.214206 0.549960 0.197801 0.001355 0.036678
2 0 0.025237 0.341566 0.547045 0.023643 0.062509
2 0 0.040473 0.405351 0.462514 0.017709 0.073953
2 0 0.060989 0.387810 0.505139 0.014403 0.031659
2 0 0.029883 0.306363 0.596889 0.031144 0.035720
2 0 0.015419 0.147020 0.735919 0.093334 0.008308
2 0 0.031626 0.211946 0.659766 0.082164 0.014499
2 1 0.027225 0.270308 0.654385 0.027256 0.020827
2 1 0.019780 0.236606 0.687899 0.035446 0.020269
2 2 0.025725 0.213449 0.701026 0.047386 0.012414
2 2 0.028139 0.254818 0.648543 0.045756 0.022744
2 2 0.024305 0.197741 0.702595 0.063416 0.011942
2 2 0.023536 0.229786 0.692587 0.038393 0.015698
2 2 0.034885 0.259268 0.642202 0.044699 0.018947
2 2 0.029291 0.255875 0.667852 0.030389 0.016593
2 2 0.026041 0.197999 0.697030 0.067284 0.011646
2 2 0.021092 0.188150 0.677289 0.097551 0.015918
2 2 0.021717 0.201355 0.665358 0.092227 0.019343
2 2 0.031685 0.238156 0.645857 0.064819 0.019483
2 2 0.016098 0.127027 0.635359 0.211661 0.009854
2 2 0.014464 0.146335 0.690736 0.136399 0.012066
2 2 0.015472 0.087692 0.550497 0.341332 0.005007
2 2 0.007141 0.071053 0.641581 0.276283 0.003941
2 2 0.042858 0.227104 0.600925 0.110956 0.018156
2 2 0.024923 0.158405 0.651118 0.155244 0.010310
2 2 0.020890 0.112590 0.572818 0.286681 0.007021
2 2 0.018228 0.107765 0.538257 0.327299 0.008451
2 2 0.023016 0.119183 0.640348 0.212131 0.005323
2 2 0.031166 0.136239 0.600300 0.225390 0.006906
2 2 0.014185 0.122381 0.656118 0.198200 0.009116
2 2 0.017875 0.158097 0.723513 0.091334 0.009180
2 2 0.013993 0.086198 0.543154 0.351165 0.005489
2 2 0.019906 0.100413 0.559826 0.314319 0.005537
2 2 0.015281 0.102237 0.598267 0.277687 0.006527
2 3 0.015357 0.087608 0.508929 0.381961 0.006145
2 2 0.243000 0.309835 0.355746 0.065066 0.026354
2 0 0.172386 0.326242 0.399342 0.076450 0.025581
2 0 0.071688 0.335796 0.521258 0.042877 0.028381
2 0 0.071240 0.353493 0.503125 0.035912 0.036230
2 0 0.058476 0.426585 0.429350 0.017971 0.067618
2 0 0.048061 0.398655 0.493802 0.014014 0.045468
2 1 0.087668 0.412035 0.421063 0.027772 0.051462
2 1 0.072579 0.419521 0.436917 0.019437 0.051546
2 1 0.019795 0.204203 0.682402 0.074575 0.019025
2 1 0.038481 0.279636 0.595093 0.058512 0.028278
2 1 0.088447 0.397941 0.433750 0.032651 0.047211
2 1 0.090432 0.416259 0.422313 0.024112 0.046883
2 1 0.041395 0.216917 0.590279 0.132982 0.018427
2 1 0.041222 0.261080 0.613033 0.063697 0.020968
2 1 0.062182 0.359991 0.496936 0.038365 0.042527
2 1 0.052855 0.341233 0.528890 0.038814 0.038208
1 2 0.116907 0.491460 0.308573 0.011426 0.071634
1 2 0.089524 0.477982 0.352279 0.011502 0.068714
1 2 0.135389 0.471776 0.298300 0.019453 0.075083
1 2 0.128359 0.459232 0.329393 0.020311 0.062705
2 2 0.041474 0.270497 0.581050 0.077903 0.029076
2 2 0.031214 0.241832 0.642744 0.064008 0.020202
2 2 0.051602 0.297172 0.553748 0.066232 0.031246
2 2 0.056004 0.300960 0.533377 0.075377 0.034282
1 2 0.108974 0.448402 0.359295 0.021749 0.061580
1 2 0.085261 0.427796 0.408646 0.022148 0.056148
2 2 0.093807 0.350097 0.451735 0.064846 0.039515
2 2 0.084274 0.294291 0.520122 0.079320 0.021993
2 2 0.079446 0.334796 0.487071 0.063341 0.035346
2 2 0.062574 0.321644 0.543230 0.045076 0.027476
2 2 0.042605 0.244619 0.569953 0.116773 0.026050
2 2 0.040961 0.242874 0.577263 0.113247 0.025655
2 2 0.113937 0.334107 0.443432 0.077052 0.031472
2 0 0.178329 0.303062 0.395532 0.103001 0.020076
2 0 0.094620 0.288523 0.518911 0.079603 0.018343
2 0 0.089193 0.345995 0.461921 0.064539 0.038352
2 0 0.061641 0.363833 0.512985 0.026680 0.034861
2 1 0.080789 0.400217 0.461627 0.020245 0.037123
2 1 0.093341 0.421205 0.450891 0.009251 0.025311
2 1 0.122010 0.408144 0.421658 0.019369 0.028819
2 1 0.069770 0.276442 0.589790 0.050285 0.013713
2 1 0.072971 0.344665 0.519434 0.034975 0.027956
1 1 0.134086 0.467710 0.334520 0.013656 0.050028
2 0 0.173349 0.332408 0.416320 0.044881 0.033042
0 0 0.420582 0.412027 0.134488 0.004982 0.027922
0 0 0.838478 0.113375 0.034717 0.002365 0.011064
2 0 0.034148 0.258734 0.577295 0.095211 0.034611
2 0 0.038256 0.271181 0.587124 0.072741 0.030698
2 0 0.018223 0.229725 0.632957 0.084010 0.035085
2 0 0.014097 0.219607 0.638433 0.086915 0.040947
2 2 0.013509 0.289622 0.613914 0.025414 0.057541
2 2 0.009148 0.269356 0.621012 0.028253 0.072231
2 2 0.002471 0.304125 0.475941 0.003531 0.213932
2 2 0.006136 0.341763 0.468314 0.006601 0.177185
2 2 0.001509 0.299957 0.437287 0.001594 0.259653
2 2 0.003507 0.312785 0.405123 0.005471 0.273113
2 2 0.002501 0.288308 0.466965 0.005571 0.236655
2 2 0.002072 0.278605 0.503968 0.004678 0.210677
1 2 0.015862 0.418815 0.328661 0.006346 0.230316
1 2 0.072017 0.461145 0.262581 0.000654 0.203602
1 2 0.004202 0.407660 0.391577 0.000722 0.195838
1 2 0.006390 0.370466 0.353717 0.003673 0.265754
2 4 0.009448 0.308530 0.447509 0.014266 0.220247
2 4 0.012034 0.226240 0.430495 0.014230 0.317001
4 4 0.022125 0.075939 0.102360 0.001524 0.798052
4 4 0.017771 0.096373 0.098731 0.000342 0.786783
4 4 0.022234 0.182184 0.164158 0.002102 0.629322
4 4 0.027156 0.192906 0.158310 0.002187 0.619441
1 4 0.026681 0.495828 0.295880 0.002931 0.178681
4 4 0.108198 0.322676 0.190762 0.001338 0.377026
4 4 0.001724 0.319739 0.336601 0.000199 0.341736
4 4 0.006175 0.230192 0.362143 0.002497 0.398993
4 4 0.009164 0.040892 0.066153 0.000707 0.883084
4 4 0.018269 0.037252 0.049354 0.000375 0.894750
1 4 0.275239 0.384944 0.188817 0.004306 0.146694
1 4 0.303836 0.352536 0.185826 0.005269 0.152533
4 4 0.007224 0.335736 0.289514 0.000385 0.367142
1 4 0.010416 0.402734 0.283387 0.001841 0.301622
4 4 0.025607 0.156356 0.172227 0.000738 0.645072
4 4 0.007507 0.244976 0.298628 0.002381 0.446507
2 1 0.039069 0.360524 0.534145 0.020706 0.045556
2 1 0.023096 0.403692 0.476725 0.008834 0.087653
1 0 0.207477 0.424318 0.330382 0.013842 0.023980
0 0 0.401136 0.376159 0.173838 0.019349 0.029518
2 0 0.014234 0.307880 0.624476 0.010931 0.042479
2 1 0.024468 0.350367 0.492127 0.033046 0.099993
0 1 0.350946 0.298036 0.156930 0.002567 0.191521
0 1 0.424659 0.282680 0.107953 0.005697 0.179012
1 1 0.007083 0.450740 0.342290 0.000756 0.199131
1 1 0.006588 0.403546 0.309780 0.001732 0.278354
2 1 0.004031 0.341410 0.476160 0.002949 0.175449
2 2 0.006383 0.377514 0.399095 0.003182 0.213826
2 2 0.006748 0.328689 0.567366 0.005328 0.091869
2 2 0.022766 0.390011 0.475659 0.013610 0.097954
2 2 0.014402 0.318175 0.553952 0.024577 0.088893
2 2 0.016590 0.336832 0.586282 0.009913 0.050382
2 2 0.008933 0.214230 0.706499 0.037083 0.033255
2 2 0.003887 0.112749 0.831471 0.043745 0.008147
2 2 0.012491 0.172393 0.694420 0.100557 0.020139
2 2 0.009485 0.140817 0.756306 0.082554 0.010837
2 2 0.015369 0.144200 0.744160 0.088799 0.007473
2 2 0.019784 0.156781 0.706512 0.107824 0.009100
2 2 0.011245 0.256613 0.675350 0.019862 0.036930
2 2 0.011902 0.265015 0.694105 0.007690 0.021288
1 0 0.207021 0.405234 0.335227 0.019727 0.032792
1 0 0.240242 0.435437 0.285022 0.012101 0.027197
0 0 0.524500 0.305393 0.095463 0.000371 0.074273
1 0 0.329511 0.446349 0.158089 0.001241 0.064810
1 0 0.220729 0.493191 0.227581 0.001455 0.057045
1 0 0.145228 0.552875 0.234935 0.002962 0.064000
1 0 0.036681 0.527592 0.327500 0.001938 0.106289
1 0 0.035643 0.519960 0.330968 0.002242 0.111188
2 1 0.051333 0.431866 0.433745 0.014156 0.068900
2 1 0.024643 0.352176 0.574655 0.009444 0.039082
2 1 0.026912 0.316886 0.596760 0.022290 0.037152
2 2 0.018625 0.251020 0.668183 0.034875 0.027297
2 2 0.034887 0.322299 0.588365 0.023140 0.031309
2 2 0.020198 0.301539 0.627021 0.016833 0.034409
2 2 0.027107 0.400890 0.504520 0.007658 0.059824
2 2 0.017232 0.328019 0.568407 0.018525 0.067816
2 2 0.060297 0.278872 0.578118 0.063207 0.019506
2 0 0.212465 0.266674 0.392417 0.085845 0.042599
0 0 0.686591 0.225052 0.070471 0.004928 0.012957
0 0 0.693779 0.214722 0.069620 0.004922 0.016957
1 0 0.319655 0.441138 0.199800 0.008261 0.031145
0 0 0.537699 0.222316 0.171709 0.030677 0.037599
1 0 0.152367 0.548737 0.224481 0.003576 0.070838
1 0 0.084714 0.546256 0.288201 0.003008 0.077821
1 0 0.072744 0.508916 0.282938 0.008046 0.127357
1 0 0.107969 0.438951 0.247823 0.003375 0.201882
0 0 0.449078 0.377077 0.136462 0.006955 0.030428
1 0 0.277702 0.517117 0.169910 0.001710 0.033561
0 0 0.835639 0.084941 0.032016 0.000505 0.046899
0 0 0.424443 0.407244 0.089138 0.001337 0.077839
1 0 0.212469 0.378853 0.210376 0.008684 0.189617
1 0 0.145217 0.550359 0.210799 0.004050 0.089576
1 0 0.028533 0.485806 0.327907 0.003872 0.153882
1 0 0.015166 0.476024 0.365693 0.001537 0.141581
1 1 0.002274 0.348943 0.337087 0.000853 0.310842
4 1 0.002676 0.336078 0.312728 0.001410 0.347109
4 4 0.007914 0.163744 0.159176 0.000183 0.668984
4 4 0.010322 0.105283 0.097383 0.000258 0.786755
4 4 0.010583 0.038726 0.042385 0.000242 0.908064
4 4 0.005674 0.060015 0.062451 0.000271 0.871588
4 4 0.035971 0.074724 0.058378 0.000755 0.830172
4 4 0.029234 0.043792 0.037717 0.000842 0.888416
4 4 0.084186 0.225517 0.114260 0.001283 0.574754
4 4 0.055567 0.319790 0.129929 0.000878 0.493837
4 4 0.060143 0.024662 0.014575 0.000338 0.900282
4 4 0.063895 0.015479 0.011534 0.000237 0.908855
4 4 0.076840 0.088540 0.054117 0.000200 0.780302
4 4 0.115799 0.069771 0.049165 0.000376 0.764889
4 4 0.070965 0.053727 0.043955 0.000269 0.831084
4 4 0.069817 0.093165 0.053358 0.000613 0.783047
4 4 0.028236 0.025885 0.018071 0.000310 0.927499
4 4 0.102957 0.015261 0.011444 0.000144 0.870193
4 4 0.267081 0.035792 0.023456 0.001720 0.671950
4 4 0.425185 0.031895 0.018183 0.001466 0.523272
4 4 0.115737 0.139311 0.088414 0.001300 0.655239
4 4 0.139852 0.119284 0.087109 0.000980 0.652775
4 4 0.073097 0.016255 0.014592 0.000184 0.895872
4 4 0.028816 0.029532 0.015872 0.000439 0.925341
4 4 0.087717 0.046237 0.029501 0.000223 0.836322
4 4 0.049961 0.035763 0.027236 0.000411 0.886629
4 4 0.025738 0.019302 0.016771 0.000205 0.937983
4 4 0.017562 0.036189 0.024962 0.000311 0.920976
4 4 0.084655 0.016959 0.013706 0.000315 0.884365
4 4 0.066484 0.013228 0.009550 0.001021 0.909716
4 4 0.167065 0.027443 0.014970 0.000608 0.789914
4 4 0.212701 0.026133 0.014965 0.000488 0.745712
4 4 0.020530 0.041306 0.029980 0.000474 0.907710
4 4 0.085014 0.033046 0.023900 0.000268 0.857771
4 4 0.130207 0.021086 0.015208 0.000340 0.833158
4 4 0.042058 0.021272 0.019974 0.000450 0.916246
4 0 0.257481 0.216805 0.112263 0.000483 0.412968
4 0 0.166199 0.250215 0.130784 0.002108 0.450695
4 4 0.070512 0.306612 0.166911 0.000387 0.455577
1 4 0.040737 0.436383 0.168254 0.001996 0.352630
1 4 0.026845 0.435633 0.193718 0.000196 0.343607
1 4 0.029178 0.459445 0.187408 0.000482 0.323487
4 4 0.047643 0.021932 0.016694 0.000476 0.913255
4 4 0.042597 0.023471 0.017234 0.000365 0.916333
4 4 0.027463 0.074856 0.045133 0.000419 0.852130
4 4 0.042202 0.103402 0.062872 0.001640 0.789884
4 4 0.174963 0.034674 0.024474 0.000667 0.765222
4 4 0.109078 0.044274 0.023498 0.000309 0.822840
4 4 0.041236 0.078484 0.058865 0.000606 0.820809
4 4 0.032820 0.102592 0.070429 0.000832 0.793328
4 4 0.056310 0.205608 0.096498 0.002179 0.639405
4 4 0.024082 0.075159 0.056922 0.000276 0.843561
1 4 0.105834 0.398626 0.169619 0.002426 0.323494
4 4 0.155868 0.300871 0.131402 0.004039 0.407819
4 4 0.018673 0.071682 0.047692 0.000271 0.861682
4 4 0.022981 0.171607 0.073213 0.000480 0.731718
4 4 0.025909 0.053968 0.033251 0.000360 0.886513
4 4 0.039548 0.039922 0.033382 0.000222 0.886926
4 4 0.051539 0.065043 0.043208 0.000430 0.839780
4 4 0.015839 0.088539 0.064914 0.000921 0.829788
4 4 0.085248 0.074552 0.050787 0.002590 0.786822
4 4 0.039932 0.058624 0.038275 0.000543 0.862625
4 4 0.027789 0.175934 0.117807 0.003523 0.674946
4 4 0.155786 0.140001 0.116809 0.003819 0.583586
4 1 0.045009 0.260859 0.226937 0.000676 0.466519
1 1 0.030676 0.519712 0.259616 0.001807 0.188190
1 1 0.013497 0.465920 0.331870 0.001746 0.186968
1 1 0.013442 0.502866 0.326082 0.000759 0.156851
1 1 0.007612 0.413022 0.254743 0.000180 0.324442
1 1 0.018057 0.413925 0.208471 0.000167 0.359379
1 1 0.004716 0.494332 0.313855 0.000138 0.186959
1 1 0.008576 0.486279 0.282816 0.000404 0.221924
1 1 0.010671 0.498063 0.305167 0.000577 0.185521
1 1 0.010241 0.498264 0.302791 0.000252 0.188451
1 1 0.009062 0.481141 0.321183 0.000348 0.188267
1 1 0.024487 0.456799 0.276003 0.001183 0.241528
1 1 0.008354 0.430632 0.390084 0.001485 0.169444
1 1 0.011044 0.433658 0.365069 0.002421 0.187808
1 1 0.006582 0.452235 0.294349 0.000607 0.246227
1 1 0.008873 0.452914 0.290874 0.001033 0.246306
1 1 0.018230 0.478889 0.290737 0.002210 0.209933
1 1 0.009321 0.461113 0.323103 0.001001 0.205463
1 1 0.031528 0.515478 0.247775 0.002392 0.202827
1 1 0.023070 0.529920 0.285171 0.001105 0.160734
2 1 0.008067 0.394596 0.423611 0.003002 0.170725
1 1 0.017346 0.436749 0.346466 0.005044 0.194395
1 1 0.031808 0.465298 0.336129 0.007083 0.159682
1 1 0.032871 0.422127 0.406714 0.015465 0.122823
0 0 0.399883 0.349424 0.188526 0.005128 0.057038
1 0 0.169416 0.560087 0.215461 0.002002 0.053033
1 0 0.149479 0.530044 0.242144 0.005571 0.072761
1 0 0.150823 0.548970 0.239350 0.002915 0.057941
1 0 0.068389 0.518131 0.291686 0.005915 0.115878
1 0 0.043153 0.477731 0.354252 0.007323 0.117541
2 0 0.034106 0.409925 0.485597 0.009380 0.060992
2 0 0.038036 0.380627 0.519780 0.014287 0.047271
2 1 0.023485 0.302752 0.621301 0.019970 0.032492
2 0 0.042006 0.303734 0.584493 0.040151 0.029617
1 0 0.050343 0.477174 0.375013 0.007259 0.090212
2 0 0.042944 0.428485 0.455793 0.009941 0.062837
2 1 0.017677 0.351106 0.537511 0.014953 0.078753
2 2 0.025481 0.367422 0.553570 0.009135 0.044392
2 2 0.018682 0.316816 0.577022 0.025713 0.061767
2 2 0.026506 0.350442 0.544132 0.020703 0.058217
2 2 0.007272 0.115832 0.768523 0.100398 0.007976
2 2 0.009957 0.108607 0.723710 0.151173 0.006554
2 2 0.021871 0.245043 0.661675 0.047174 0.024238
2 2 0.010188 0.197956 0.756861 0.019058 0.015938
2 2 0.007153 0.132579 0.785592 0.065305 0.009371
2 2 0.012546 0.166876 0.691389 0.110632 0.018557
2 2 0.022635 0.315602 0.601613 0.020070 0.040080
2 2 0.011816 0.293162 0.606944 0.021486 0.066591
2 2 0.004064 0.056326 0.802918 0.132742 0.003949
2 2 0.008613 0.127163 0.693096 0.157103 0.014026
2 2 0.007843 0.103326 0.756721 0.126071 0.006040
2 2 0.008379 0.097610 0.704133 0.183411 0.006468
2 2 0.006369 0.070542 0.628380 0.290064 0.004645
2 2 0.010452 0.122505 0.695411 0.161416 0.010216
2 3 0.009964 0.090301 0.583886 0.308232 0.007618
2 3 0.007689 0.083736 0.588065 0.312720 0.007790
2 3 0.011041 0.073615 0.515056 0.395358 0.004930
2 3 0.014903 0.069691 0.456712 0.454745 0.003949
2 3 0.006510 0.052314 0.475056 0.462576 0.003544
3 3 0.009789 0.053110 0.396772 0.536773 0.003555
3 3 0.006613 0.034471 0.319986 0.636848 0.002082
3 3 0.010581 0.061377 0.409583 0.513582 0.004876
3 3 0.018628 0.078010 0.333008 0.561525 0.008830
3 3 0.012885 0.067151 0.333174 0.578685 0.008105
3 3 0.005765 0.029416 0.194830 0.766188 0.003801
3 3 0.005421 0.026588 0.166574 0.797504 0.003913
3 3 0.009231 0.054114 0.252520 0.674065 0.010071
3 3 0.006927 0.051749 0.283035 0.648920 0.009370
3 3 0.005254 0.029390 0.169861 0.790167 0.005328
3 3 0.003560 0.013924 0.096319 0.884182 0.002015
3 3 0.010560 0.041110 0.182194 0.759448 0.006687
3 3 0.008619 0.042916 0.253336 0.690090 0.005039
3 3 0.021048 0.088093 0.299655 0.577438 0.013767
3 3 0.014201 0.061533 0.241460 0.672500 0.010305
3 3 0.012266 0.079955 0.339294 0.551652 0.016833
3 3 0.010881 0.060631 0.207287 0.703883 0.017318
3 3 0.003540 0.017781 0.109679 0.865451 0.003549
3 3 0.001501 0.008147 0.055449 0.932550 0.002353
3 3 0.001228 0.007277 0.050460 0.938651 0.002384
3 3 0.001162 0.007966 0.056465 0.931672 0.002735
3 3 0.002508 0.013112 0.065495 0.914100 0.004785
3 3 0.002441 0.013481 0.068076 0.911001 0.005001
3 3 0.001314 0.008596 0.057626 0.929488 0.002976
3 3 0.000903 0.005764 0.045956 0.945558 0.001819
3 3 0.000796 0.004455 0.041210 0.952442 0.001098
3 3 0.001754 0.008584 0.055442 0.931837 0.002384
3 3 0.001249 0.006278 0.049006 0.941933 0.001535
3 3 0.002064 0.011078 0.063099 0.920136 0.003622
3 3 0.002424 0.010395 0.062993 0.921669 0.002519
3 3 0.002171 0.010079 0.056406 0.928213 0.003130
3 3 0.001093 0.006955 0.050791 0.938875 0.002286
3 3 0.000784 0.005881 0.049863 0.941552 0.001920
3 3 0.000815 0.005532 0.046146 0.945758 0.001749
3 3 0.000312 0.002243 0.028894 0.967962 0.000589
3 3 0.000757 0.004898 0.042311 0.950540 0.001495
3 3 0.000541 0.003976 0.039943 0.954354 0.001187
3 3 0.001355 0.009656 0.063683 0.921821 0.003486
3 3 0.001266 0.008121 0.055431 0.932415 0.002766
3 3 0.001814 0.010671 0.061789 0.921925 0.003801
3 3 0.002220 0.012892 0.067948 0.912161 0.004780
