0 0 0.989994 0.006553 0.000915 0.000004 0.002535
0 0 0.985270 0.007663 0.001057 0.000001 0.006010
0 0 0.939389 0.026775 0.006447 0.000048 0.027341
0 0 0.966731 0.019115 0.004943 0.000074 0.009138
0 0 0.822724 0.037383 0.006572 0.000022 0.133299
0 0 0.739126 0.045238 0.010090 0.000017 0.205530
0 0 0.546914 0.058221 0.015833 0.000036 0.378995
0 0 0.508933 0.060579 0.015992 0.000058 0.414438
0 0 0.955251 0.025609 0.009513 0.000255 0.009374
0 0 0.965634 0.018899 0.004479 0.000049 0.010940
0 0 0.976871 0.012133 0.002163 0.000005 0.008828
0 0 0.974281 0.012354 0.001880 0.000004 0.011481
0 0 0.979133 0.009534 0.001665 0.000000 0.009667
0 0 0.989118 0.006773 0.001015 0.000002 0.003092
0 0 0.983905 0.008867 0.001246 0.000003 0.005978
0 0 0.986792 0.008872 0.001403 0.000012 0.002921
0 0 0.950712 0.027383 0.007622 0.000355 0.013928
0 0 0.967801 0.020330 0.005861 0.000527 0.005480
0 0 0.822378 0.052347 0.014690 0.000153 0.110432
0 0 0.698391 0.051195 0.011187 0.000044 0.239184
0 0 0.955734 0.020486 0.004152 0.000024 0.019604
0 0 0.944867 0.025181 0.006089 0.000043 0.023820
4 0 0.331893 0.074443 0.022284 0.000534 0.570846
4 0 0.311032 0.050573 0.011942 0.000037 0.626416
0 0 0.838354 0.056676 0.017691 0.000454 0.086824
0 0 0.811332 0.063782 0.023236 0.000496 0.101154
4 0 0.372150 0.039821 0.005208 0.000023 0.582797
4 0 0.289229 0.042144 0.007905 0.000020 0.660703
4 0 0.070051 0.035748 0.004293 0.000013 0.889896
4 0 0.090467 0.022879 0.003203 0.000003 0.883448
0 0 0.741268 0.048668 0.008446 0.000094 0.201523
0 0 0.524701 0.074712 0.023465 0.000249 0.376874
0 0 0.853987 0.036099 0.005705 0.000009 0.104200
0 0 0.917209 0.022535 0.003970 0.000003 0.056282
0 0 0.932350 0.022196 0.003323 0.000012 0.042119
0 0 0.711031 0.061969 0.018283 0.000118 0.208599
0 0 0.514388 0.048808 0.010886 0.000013 0.425905
4 0 0.275222 0.043936 0.010124 0.000016 0.670702
0 0 0.957491 0.024916 0.007506 0.000390 0.009697
0 0 0.942879 0.023532 0.002880 0.000003 0.030707
0 0 0.870679 0.028132 0.003642 0.000008 0.097538
0 0 0.959528 0.013767 0.001559 0.000002 0.025144
0 0 0.937007 0.030455 0.009036 0.000123 0.023379
0 0 0.957533 0.022974 0.006057 0.000099 0.013337
0 0 0.981090 0.010039 0.001257 0.000003 0.007610
0 0 0.974675 0.010307 0.001050 0.000001 0.013966
0 0 0.967472 0.019808 0.003004 0.000003 0.009713
0 0 0.973572 0.015131 0.003785 0.000019 0.007493
0 0 0.718061 0.054440 0.014317 0.000050 0.213133
0 0 0.704657 0.061050 0.019418 0.000072 0.214802
0 0 0.963507 0.019919 0.004703 0.000062 0.011809
0 0 0.974577 0.015331 0.003226 0.000060 0.006807
0 0 0.910065 0.042594 0.014953 0.000523 0.031866
0 0 0.886099 0.046097 0.016538 0.000207 0.051059
0 0 0.718524 0.143712 0.056965 0.001338 0.079461
0 0 0.613414 0.169109 0.048431 0.000421 0.168624
4 4 0.172605 0.156649 0.015512 0.000014 0.655219
4 4 0.121040 0.190237 0.021686 0.000008 0.667029
4 4 0.180481 0.179333 0.018056 0.000043 0.622087
4 4 0.146339 0.164699 0.019910 0.000023 0.669029
4 4 0.026168 0.017620 0.002363 0.000001 0.953848
4 4 0.073366 0.032215 0.004052 0.000039 0.890327
4 4 0.179968 0.088379 0.008596 0.000042 0.723014
4 4 0.132859 0.039780 0.007358 0.000018 0.819985
4 4 0.100575 0.047004 0.011911 0.000010 0.840501
4 4 0.123258 0.033221 0.005895 0.000027 0.837599
4 4 0.342370 0.101712 0.027171 0.000117 0.528629
4 4 0.146911 0.128534 0.024711 0.000082 0.699762
4 4 0.134500 0.275194 0.027377 0.000018 0.562911
4 4 0.193139 0.226139 0.031881 0.000007 0.548835
4 4 0.186869 0.172269 0.016126 0.000026 0.624709
4 4 0.193809 0.110756 0.013105 0.000032 0.682298
4 4 0.110776 0.038688 0.009807 0.000025 0.840704
4 4 0.108470 0.049469 0.005887 0.000003 0.836171
4 4 0.118511 0.207980 0.024828 0.000005 0.648676
4 4 0.102862 0.106770 0.011684 0.000002 0.778682
4 4 0.100664 0.044721 0.006204 0.000010 0.848401
4 4 0.152099 0.026591 0.004292 0.000005 0.817014
4 4 0.153185 0.069530 0.009383 0.000014 0.767888
4 4 0.178193 0.069575 0.014772 0.000016 0.737444
4 4 0.101357 0.113615 0.006790 0.000002 0.778236
4 4 0.068953 0.146948 0.008077 0.000002 0.776021
4 4 0.062001 0.033435 0.006923 0.000004 0.897638
4 4 0.094228 0.073162 0.009518 0.000023 0.823069
4 4 0.033802 0.066808 0.004843 0.000000 0.894547
4 4 0.065164 0.058930 0.005460 0.000000 0.870445
4 4 0.131643 0.048034 0.009307 0.000061 0.810954
4 4 0.250833 0.137293 0.024341 0.000173 0.587360
4 4 0.161170 0.163465 0.044756 0.000109 0.630499
4 4 0.238394 0.122143 0.047110 0.000250 0.592103
4 4 0.217326 0.051842 0.010610 0.000155 0.720067
4 4 0.178342 0.058378 0.029128 0.000146 0.734006
4 4 0.129659 0.154186 0.018361 0.000015 0.697779
4 4 0.048397 0.070878 0.014649 0.000002 0.866074
1 4 0.072363 0.454744 0.169219 0.003317 0.300357
4 4 0.077158 0.376434 0.125568 0.000214 0.420626
4 4 0.070701 0.369413 0.078563 0.000669 0.480653
4 4 0.056722 0.287219 0.071994 0.000093 0.583973
2 4 0.011897 0.212924 0.539145 0.007218 0.228816
2 2 0.005940 0.162636 0.629763 0.004995 0.196667
2 2 0.017580 0.346991 0.436494 0.001739 0.197196
2 2 0.011072 0.252862 0.512173 0.001799 0.222093
2 2 0.000279 0.019708 0.976003 0.002434 0.001577
2 2 0.001739 0.039824 0.952549 0.002830 0.003059
2 2 0.001763 0.033786 0.958839 0.001884 0.003728
2 2 0.002596 0.046625 0.944715 0.001391 0.004673
2 2 0.002978 0.038701 0.938769 0.004272 0.015280
2 2 0.004105 0.055899 0.909920 0.007396 0.022681
2 2 0.001344 0.026223 0.964504 0.004528 0.003402
2 2 0.002377 0.039106 0.950324 0.005384 0.002809
2 2 0.003867 0.029814 0.953581 0.007539 0.005199
2 2 0.001245 0.021261 0.963824 0.009153 0.004517
2 2 0.001549 0.004146 0.834126 0.159725 0.000453
2 2 0.000505 0.002875 0.786619 0.209657 0.000344
2 2 0.003332 0.014694 0.844147 0.134718 0.003109
2 2 0.001584 0.007585 0.881979 0.106258 0.002593
2 3 0.001095 0.003028 0.614660 0.380627 0.000590
2 3 0.001883 0.007701 0.609513 0.379411 0.001493
2 3 0.002717 0.004997 0.670851 0.320919 0.000517
2 3 0.004517 0.006950 0.668027 0.319837 0.000670
2 3 0.004779 0.008193 0.745960 0.240042 0.001026
2 3 0.004419 0.009013 0.703231 0.282175 0.001161
2 3 0.001110 0.009448 0.629036 0.355874 0.004531
3 3 0.003964 0.012669 0.487494 0.488572 0.007301
2 3 0.001411 0.008115 0.644258 0.344096 0.002120
2 3 0.001340 0.007366 0.797979 0.191536 0.001779
2 3 0.002441 0.006986 0.603322 0.385676 0.001576
2 3 0.007634 0.011306 0.599394 0.378527 0.003140
3 3 0.003668 0.005784 0.350555 0.638528 0.001466
3 3 0.000979 0.003240 0.370165 0.624517 0.001099
3 3 0.001543 0.003264 0.484001 0.510476 0.000716
3 3 0.006532 0.005944 0.379651 0.607238 0.000635
3 3 0.000657 0.000944 0.171359 0.826773 0.000267
3 3 0.000640 0.000700 0.165147 0.833399 0.000114
3 3 0.002294 0.005599 0.387859 0.602745 0.001504
3 3 0.000462 0.003483 0.353139 0.641477 0.001440
3 3 0.000768 0.003130 0.259615 0.734508 0.001978
3 3 0.001220 0.006108 0.340635 0.642140 0.009897
2 3 0.005556 0.020205 0.575793 0.389892 0.008554
2 3 0.000430 0.003915 0.678444 0.315526 0.001685
3 3 0.000505 0.000726 0.175541 0.823116 0.000112
3 3 0.000210 0.000235 0.077532 0.921986 0.000037
3 3 0.004662 0.004996 0.423614 0.565874 0.000854
3 3 0.006671 0.005759 0.236169 0.749959 0.001443
3 3 0.000059 0.001208 0.240626 0.756101 0.002007
3 3 0.000249 0.002838 0.117456 0.874387 0.005070
3 3 0.000320 0.002376 0.265687 0.730563 0.001054
3 3 0.000684 0.002628 0.200807 0.794629 0.001251
3 3 0.001643 0.009317 0.287606 0.689059 0.012375
3 3 0.001728 0.009254 0.236176 0.742198 0.010643
3 3 0.023536 0.052445 0.376526 0.517992 0.029501
2 2 0.028650 0.088830 0.497599 0.335064 0.049856
2 2 0.010743 0.219910 0.550700 0.015397 0.203249
4 2 0.013894 0.142448 0.361576 0.004992 0.477089
2 2 0.025259 0.276683 0.352399 0.009515 0.336143
4 2 0.032922 0.243956 0.353035 0.004268 0.365821
2 2 0.028117 0.335968 0.374894 0.003641 0.257380
2 2 0.018893 0.326986 0.455878 0.004235 0.194008
2 2 0.013029 0.226168 0.585332 0.001194 0.174278
2 2 0.020758 0.325870 0.479161 0.002019 0.172192
2 2 0.010169 0.198330 0.667404 0.002442 0.121655
2 2 0.030547 0.287672 0.524795 0.005632 0.151354
2 2 0.012707 0.246204 0.640881 0.001480 0.098728
2 2 0.007415 0.205258 0.680602 0.001913 0.104811
2 2 0.001811 0.119198 0.836822 0.001296 0.040873
2 2 0.017907 0.262804 0.606420 0.004508 0.108361
2 2 0.004686 0.088776 0.876989 0.004296 0.025252
2 2 0.003862 0.061420 0.910499 0.005014 0.019205
2 2 0.009353 0.136947 0.798065 0.003498 0.052137
2 2 0.001194 0.051846 0.918941 0.001767 0.026252
2 2 0.010879 0.131471 0.805414 0.004088 0.048149
2 2 0.007521 0.141885 0.778885 0.002605 0.069105
2 2 0.009354 0.063354 0.878657 0.007785 0.040850
2 2 0.015347 0.132683 0.788528 0.016263 0.047179
2 2 0.021783 0.238871 0.634863 0.005699 0.098784
2 2 0.012107 0.193102 0.680336 0.003991 0.110464
2 2 0.003937 0.047978 0.924860 0.004330 0.018895
2 2 0.005242 0.067958 0.894149 0.006823 0.025828
2 2 0.003289 0.106620 0.806153 0.012825 0.071113
2 2 0.002925 0.138173 0.779026 0.013710 0.066166
2 2 0.035461 0.244548 0.444048 0.010823 0.265121
2 2 0.017928 0.211631 0.529774 0.003391 0.237276
2 2 0.010251 0.110759 0.804232 0.002326 0.072432
2 2 0.049974 0.287102 0.567907 0.010758 0.084260
2 2 0.006088 0.109427 0.863241 0.003809 0.017434
2 2 0.003320 0.059688 0.920478 0.001879 0.014636
2 2 0.000442 0.024358 0.962845 0.006148 0.006207
2 2 0.002516 0.065120 0.913233 0.006079 0.013052
2 2 0.001355 0.058604 0.928160 0.005287 0.006594
2 2 0.002066 0.047583 0.936355 0.004354 0.009641
2 2 0.002579 0.049110 0.915418 0.010961 0.021931
2 2 0.001784 0.044670 0.915051 0.012067 0.026429
2 2 0.004402 0.041130 0.910072 0.035556 0.008840
2 2 0.003527 0.049738 0.915919 0.019126 0.011689
2 2 0.002532 0.090485 0.872499 0.005808 0.028677
2 2 0.005438 0.131918 0.816366 0.008032 0.038246
2 2 0.075518 0.241968 0.521303 0.024581 0.136630
2 1 0.078331 0.228162 0.520085 0.020183 0.153239
1 1 0.067812 0.348900 0.298886 0.007028 0.277375
2 2 0.027194 0.253766 0.391788 0.002504 0.324747
2 2 0.024359 0.176572 0.721898 0.005624 0.071547
2 2 0.004057 0.075894 0.872116 0.003321 0.044611
2 2 0.005811 0.079016 0.883616 0.003861 0.027696
2 2 0.003079 0.058257 0.915677 0.003866 0.019120
2 2 0.003424 0.046890 0.937684 0.002654 0.009348
2 2 0.004433 0.047304 0.940916 0.001559 0.005788
2 2 0.000786 0.027079 0.965858 0.002150 0.004127
2 2 0.003630 0.049970 0.931875 0.003623 0.010902
2 2 0.001916 0.077538 0.861930 0.004776 0.053840
2 2 0.006032 0.084645 0.869292 0.004692 0.035340
2 2 0.004675 0.060822 0.900506 0.004374 0.029623
2 2 0.001860 0.050845 0.926159 0.005577 0.015560
2 0 0.046516 0.115753 0.755762 0.056656 0.025313
2 0 0.068808 0.155704 0.678019 0.074839 0.022631
2 0 0.170953 0.275655 0.350889 0.007247 0.195256
2 1 0.077396 0.325350 0.425487 0.011277 0.160490
2 1 0.010652 0.205135 0.735522 0.004757 0.043935
2 2 0.001427 0.075607 0.895876 0.001635 0.025455
2 2 0.049507 0.307242 0.360592 0.001344 0.281316
1 2 0.115217 0.393813 0.185132 0.001555 0.304284
1 1 0.114287 0.385646 0.217672 0.001855 0.280540
1 1 0.096854 0.386650 0.228621 0.005594 0.282280
4 1 0.265515 0.190237 0.083031 0.000404 0.460812
0 1 0.311212 0.305773 0.102674 0.000826 0.279515
4 1 0.065799 0.385227 0.155120 0.000378 0.393476
1 1 0.084289 0.423898 0.159830 0.001866 0.330117
4 1 0.065130 0.402919 0.078052 0.000287 0.453611
1 1 0.099323 0.464713 0.073823 0.000434 0.361707
2 1 0.007096 0.207088 0.735872 0.002135 0.047809
2 2 0.001071 0.081491 0.875776 0.001067 0.040596
2 2 0.000214 0.047412 0.941001 0.000750 0.010623
2 2 0.000747 0.067944 0.914848 0.001944 0.014518
2 2 0.003935 0.049622 0.944271 0.000370 0.001802
2 2 0.001497 0.046244 0.948075 0.000421 0.003764
2 2 0.000657 0.035100 0.955898 0.000910 0.007435
2 2 0.001427 0.055063 0.931726 0.001409 0.010374
2 2 0.000873 0.030983 0.953262 0.006045 0.008838
2 2 0.002642 0.045714 0.933511 0.008721 0.009412
2 2 0.009895 0.091330 0.854085 0.001021 0.043670
2 0 0.066760 0.360744 0.512887 0.009037 0.050572
2 0 0.101843 0.233796 0.564022 0.012055 0.088284
2 1 0.094567 0.221682 0.496980 0.023345 0.163427
4 0 0.180924 0.228190 0.172185 0.002420 0.416281
1 1 0.242741 0.315385 0.133028 0.002118 0.306728
0 0 0.639583 0.139057 0.086203 0.003147 0.132011
0 1 0.563120 0.109204 0.058879 0.001025 0.267772
4 1 0.330876 0.104992 0.105517 0.002162 0.456452
4 0 0.334160 0.173351 0.078195 0.002158 0.412137
4 1 0.112778 0.404420 0.064984 0.000029 0.417789
1 1 0.125806 0.463141 0.059319 0.000043 0.351690
4 1 0.089365 0.368012 0.062526 0.000098 0.479998
1 1 0.107848 0.551201 0.088747 0.001221 0.250982
1 2 0.059144 0.561987 0.072436 0.000057 0.306376
1 2 0.075316 0.615395 0.072734 0.000577 0.235978
2 2 0.002781 0.087087 0.891518 0.001264 0.017351
2 2 0.006933 0.111633 0.862018 0.002229 0.017187
2 2 0.005909 0.117366 0.868091 0.000481 0.008153
2 2 0.008018 0.133798 0.850716 0.000501 0.006966
2 2 0.002533 0.137429 0.849014 0.000861 0.010163
2 2 0.000545 0.048745 0.947543 0.000249 0.002918
2 2 0.006353 0.144633 0.829250 0.001310 0.018454
2 2 0.001212 0.059221 0.931792 0.001132 0.006643
2 2 0.011001 0.119774 0.851026 0.001267 0.016931
2 2 0.009561 0.148107 0.827221 0.001903 0.013208
2 2 0.002931 0.087453 0.877645 0.005114 0.026857
2 2 0.002605 0.094690 0.874415 0.004810 0.023479
2 2 0.000663 0.045620 0.948828 0.000813 0.004076
2 2 0.002328 0.047788 0.946683 0.000738 0.002463
2 2 0.010335 0.124051 0.829344 0.002924 0.033346
2 2 0.009957 0.086438 0.887889 0.001559 0.014157
2 2 0.006217 0.122014 0.838299 0.002116 0.031354
2 2 0.002990 0.130019 0.829315 0.001694 0.035982
2 2 0.004596 0.099593 0.861687 0.001606 0.032518
2 2 0.027615 0.200786 0.712127 0.005299 0.054173
2 1 0.018417 0.229709 0.702497 0.004435 0.044942
2 2 0.005947 0.103503 0.842260 0.001213 0.047076
2 2 0.001103 0.028563 0.960041 0.004359 0.005934
2 2 0.004640 0.035062 0.950335 0.005465 0.004498
2 2 0.002085 0.036000 0.952393 0.003926 0.005596
2 2 0.003774 0.040473 0.946544 0.003099 0.006110
2 2 0.009978 0.080204 0.879138 0.007204 0.023476
2 2 0.006371 0.066791 0.892024 0.006994 0.027820
2 2 0.001771 0.040318 0.948292 0.004135 0.005485
2 2 0.002765 0.043208 0.944039 0.004114 0.005874
2 2 0.001620 0.022880 0.953556 0.014852 0.007092
2 2 0.002738 0.031944 0.900973 0.057874 0.006469
2 0 0.040624 0.174018 0.722010 0.038577 0.024772
2 0 0.069030 0.289867 0.570263 0.051416 0.019424
1 0 0.096899 0.405645 0.393057 0.021468 0.082931
2 1 0.056883 0.312346 0.504525 0.010102 0.116143
1 0 0.250218 0.428384 0.167645 0.003561 0.150193
1 1 0.169421 0.583346 0.158927 0.004226 0.084081
1 1 0.011333 0.533365 0.428883 0.000141 0.026279
2 2 0.010603 0.439100 0.525094 0.000036 0.025167
2 2 0.000516 0.050334 0.945882 0.000997 0.002271
2 2 0.001742 0.097749 0.896353 0.000288 0.003868
2 2 0.004989 0.223172 0.759716 0.000171 0.011953
2 2 0.001007 0.118955 0.877047 0.000101 0.002890
2 2 0.000160 0.045647 0.946489 0.001123 0.006581
2 2 0.000815 0.075465 0.915915 0.001848 0.005957
2 2 0.000459 0.054259 0.935523 0.001752 0.008007
2 2 0.001003 0.076811 0.914280 0.001801 0.006105
2 2 0.002530 0.162408 0.806397 0.002307 0.026357
2 2 0.001738 0.090507 0.883406 0.002937 0.021412
2 2 0.001156 0.042737 0.946128 0.005692 0.004288
2 2 0.003711 0.062602 0.919935 0.004349 0.009403
2 2 0.003791 0.046559 0.940435 0.005750 0.003465
2 2 0.001716 0.043606 0.943254 0.005830 0.005593
2 2 0.001920 0.031398 0.956378 0.006395 0.003909
2 2 0.001975 0.028571 0.958667 0.008644 0.002143
2 2 0.008573 0.083348 0.853829 0.016921 0.037330
2 2 0.005367 0.086759 0.877497 0.008643 0.021733
2 2 0.003283 0.070405 0.892167 0.015598 0.018546
2 2 0.004406 0.086136 0.861212 0.011764 0.036482
2 2 0.004587 0.113771 0.823783 0.008378 0.049480
2 2 0.010540 0.146572 0.817193 0.005689 0.020006
2 0 0.037953 0.422945 0.492288 0.006236 0.040578
2 0 0.024340 0.269118 0.676793 0.003861 0.025888
2 2 0.001277 0.059485 0.937018 0.000381 0.001838
2 2 0.007121 0.168424 0.819319 0.000278 0.004859
2 2 0.009441 0.137053 0.842730 0.000948 0.009827
2 2 0.001016 0.055394 0.938584 0.001206 0.003799
2 2 0.003035 0.223781 0.748471 0.000770 0.023943
2 2 0.020540 0.450251 0.486253 0.002453 0.040502
1 0 0.124190 0.495330 0.327387 0.020824 0.032269
1 1 0.067852 0.542995 0.348751 0.010092 0.030310
1 2 0.050624 0.557896 0.320171 0.001323 0.069986
1 0 0.064088 0.625090 0.237250 0.001785 0.071786
1 1 0.018037 0.510677 0.404845 0.000569 0.065872
1 2 0.027281 0.511548 0.387664 0.000629 0.072878
2 2 0.000220 0.092976 0.902537 0.000723 0.003544
2 2 0.000314 0.077869 0.916283 0.001125 0.004408
2 2 0.001766 0.196335 0.790564 0.001345 0.009990
2 2 0.000958 0.079273 0.912536 0.001265 0.005968
2 2 0.000480 0.099562 0.892937 0.001886 0.005135
2 2 0.000496 0.100076 0.893986 0.000935 0.004507
2 2 0.001359 0.068477 0.926434 0.001035 0.002695
2 2 0.000742 0.080454 0.914958 0.001370 0.002476
2 2 0.000876 0.102661 0.881876 0.003341 0.011246
2 2 0.002862 0.175449 0.790712 0.003182 0.027795
2 2 0.006856 0.210969 0.741451 0.002319 0.038405
2 1 0.027561 0.406886 0.520404 0.004078 0.041072
2 0 0.061246 0.409777 0.454221 0.007824 0.066932
1 0 0.119850 0.485770 0.334442 0.003995 0.055943
1 0 0.153078 0.607893 0.156907 0.004588 0.077534
1 1 0.110963 0.595853 0.207933 0.000869 0.084382
1 1 0.029655 0.611846 0.320584 0.000539 0.037376
1 1 0.035332 0.526897 0.382842 0.000279 0.054651
1 1 0.013829 0.564235 0.396087 0.000307 0.025543
2 2 0.004436 0.357351 0.619359 0.000043 0.018812
2 2 0.000623 0.164310 0.831174 0.000076 0.003817
2 2 0.000319 0.087812 0.908097 0.000072 0.003700
2 2 0.008017 0.377770 0.584508 0.000098 0.029608
2 2 0.008609 0.370122 0.584807 0.000089 0.036373
2 2 0.000724 0.030763 0.967832 0.000295 0.000386
2 2 0.000219 0.039941 0.958843 0.000232 0.000764
2 1 0.000687 0.110715 0.881603 0.000435 0.006559
2 2 0.000812 0.107759 0.886055 0.000553 0.004821
2 2 0.000257 0.046007 0.951696 0.000543 0.001497
2 2 0.000773 0.084301 0.911154 0.000814 0.002958
2 2 0.001673 0.101766 0.884414 0.000653 0.011494
2 1 0.013646 0.445110 0.510559 0.000727 0.029957
2 2 0.003017 0.092877 0.896625 0.000337 0.007144
2 2 0.000666 0.055669 0.940671 0.000670 0.002324
2 2 0.000547 0.073716 0.919966 0.001036 0.004735
2 2 0.001627 0.111256 0.877401 0.001675 0.008041
2 2 0.001353 0.093411 0.893917 0.001120 0.010199
2 2 0.000895 0.091007 0.899801 0.001155 0.007141
2 2 0.003292 0.093746 0.895070 0.001618 0.006273
2 2 0.005210 0.181878 0.796968 0.001219 0.014726
2 2 0.000559 0.036029 0.956152 0.004656 0.002603
2 2 0.000390 0.031213 0.959960 0.005440 0.002997
2 2 0.004519 0.098008 0.879056 0.003796 0.014622
2 2 0.001481 0.050013 0.937548 0.005324 0.005635
2 2 0.003423 0.098384 0.878201 0.003984 0.016009
2 2 0.003426 0.110801 0.864220 0.004806 0.016747
2 2 0.004033 0.089204 0.885582 0.007026 0.014156
2 2 0.003324 0.082390 0.887458 0.009951 0.016876
2 2 0.006544 0.028733 0.917960 0.043787 0.002976
2 3 0.014140 0.030182 0.873208 0.080244 0.002226
2 2 0.010559 0.108777 0.852998 0.010838 0.016827
2 2 0.005128 0.074632 0.884726 0.020205 0.015310
2 2 0.004371 0.074531 0.903390 0.006819 0.010889
2 2 0.001573 0.040329 0.938192 0.013908 0.005999
2 2 0.005729 0.028323 0.881094 0.080183 0.004670
2 2 0.014398 0.052579 0.755991 0.166598 0.010435
2 2 0.020121 0.225030 0.679042 0.019272 0.056535
2 2 0.016526 0.261773 0.652399 0.011574 0.057727
2 2 0.021098 0.406976 0.511778 0.004961 0.055186
2 2 0.021273 0.344401 0.563187 0.003059 0.068081
1 2 0.036542 0.533195 0.372602 0.000486 0.057175
1 2 0.055580 0.546016 0.355537 0.005643 0.037224
1 0 0.109774 0.708379 0.144898 0.001175 0.035774
1 0 0.116956 0.667392 0.177637 0.002192 0.035823
1 0 0.092569 0.658966 0.217188 0.006104 0.025174
1 0 0.213117 0.534836 0.214116 0.005235 0.032697
0 0 0.529719 0.301556 0.099657 0.001927 0.067141
1 1 0.198294 0.528546 0.159787 0.000372 0.113002
1 1 0.041455 0.473105 0.156617 0.000091 0.328733
1 1 0.067932 0.497771 0.112403 0.001212 0.320682
1 1 0.059595 0.513697 0.195145 0.000663 0.230900
1 2 0.041228 0.440173 0.342786 0.000290 0.175523
2 2 0.006003 0.114389 0.841297 0.002658 0.035653
2 2 0.002785 0.093319 0.868144 0.004597 0.031155
2 2 0.005425 0.119581 0.856323 0.000364 0.018307
2 2 0.010678 0.255532 0.693581 0.000373 0.039836
2 2 0.001548 0.057622 0.934408 0.002456 0.003966
2 2 0.000313 0.037118 0.954217 0.003681 0.004672
2 2 0.008562 0.122572 0.839541 0.002715 0.026610
2 2 0.003309 0.094425 0.883115 0.002573 0.016578
2 2 0.000937 0.024171 0.965413 0.007936 0.001543
2 2 0.002987 0.036504 0.953053 0.004790 0.002666
2 2 0.001402 0.075491 0.890523 0.005045 0.027539
2 2 0.002654 0.103548 0.849921 0.007928 0.035949
2 2 0.007239 0.173785 0.778682 0.001148 0.039147
2 2 0.008032 0.148058 0.790608 0.000990 0.052312
2 2 0.027018 0.199324 0.482590 0.000869 0.290199
1 1 0.129223 0.389156 0.254845 0.002799 0.223976
0 1 0.495495 0.296936 0.088359 0.001271 0.117939
0 0 0.635506 0.203489 0.095931 0.001362 0.063712
1 0 0.134710 0.592884 0.117971 0.000177 0.154258
1 0 0.116612 0.532513 0.121118 0.000124 0.229633
1 0 0.095130 0.507503 0.148704 0.001568 0.247096
1 0 0.078141 0.482303 0.190880 0.001538 0.247139
1 0 0.106144 0.356444 0.322047 0.002950 0.212415
1 0 0.204506 0.437168 0.162149 0.000888 0.195288
1 0 0.059530 0.497856 0.141291 0.000466 0.300858
1 0 0.047446 0.462446 0.171235 0.001113 0.317760
1 1 0.040569 0.481062 0.203464 0.002562 0.272344
1 1 0.062148 0.535877 0.185128 0.002499 0.214347
1 1 0.076573 0.506029 0.191679 0.002152 0.223567
1 1 0.069760 0.521506 0.182566 0.000577 0.225592
1 1 0.067311 0.533000 0.088026 0.000185 0.311478
1 1 0.099689 0.549383 0.100063 0.000766 0.250099
4 1 0.065649 0.254125 0.049600 0.000103 0.630523
4 1 0.064195 0.329032 0.083278 0.000290 0.523205
4 1 0.158783 0.248615 0.057488 0.001083 0.534030
4 1 0.108370 0.328974 0.109905 0.000916 0.451836
4 1 0.036892 0.071986 0.011493 0.000013 0.879616
4 4 0.065375 0.036716 0.008035 0.000016 0.889859
4 4 0.129057 0.395162 0.033777 0.000070 0.441935
4 4 0.170851 0.367975 0.030028 0.000074 0.431073
4 4 0.109552 0.182572 0.023194 0.000047 0.684636
4 4 0.072400 0.172040 0.027790 0.000136 0.727634
4 4 0.242976 0.096045 0.039891 0.000486 0.620602
4 4 0.187096 0.068746 0.032517 0.001574 0.710066
4 4 0.065099 0.063970 0.010587 0.000018 0.860327
4 4 0.071169 0.100324 0.017502 0.000027 0.810978
4 4 0.174566 0.129003 0.082505 0.001148 0.612778
4 4 0.227774 0.104266 0.039247 0.000418 0.628296
4 4 0.083835 0.112872 0.013266 0.000055 0.789972
4 4 0.092771 0.153373 0.019298 0.000125 0.734433
4 4 0.177818 0.299524 0.050067 0.000193 0.472397
4 0 0.269056 0.338844 0.046380 0.000127 0.345593
4 0 0.088773 0.337849 0.025221 0.000006 0.548152
4 1 0.078057 0.360775 0.038973 0.000097 0.522098
4 1 0.088362 0.334099 0.047350 0.000073 0.530115
4 0 0.133483 0.296500 0.046117 0.000071 0.523829
0 0 0.551054 0.117008 0.033129 0.000814 0.297996
0 0 0.485734 0.126141 0.024019 0.000030 0.364076
0 0 0.484658 0.273967 0.052906 0.000134 0.188336
0 0 0.500916 0.194028 0.081111 0.001101 0.222844
0 0 0.657314 0.184975 0.040548 0.000472 0.116690
0 0 0.689137 0.157475 0.034867 0.000168 0.118352
1 0 0.307006 0.467097 0.023586 0.000032 0.202278
1 0 0.315595 0.498041 0.027667 0.000009 0.158687
0 0 0.704588 0.183380 0.059817 0.001724 0.050491
0 0 0.630639 0.266516 0.062376 0.004496 0.035973
1 0 0.225684 0.468192 0.163257 0.001147 0.141720
1 0 0.291274 0.465378 0.135509 0.001476 0.106363
0 0 0.778680 0.079591 0.025950 0.001114 0.114664
0 1 0.652079 0.078942 0.022273 0.001066 0.245641
4 1 0.195613 0.189503 0.033836 0.000549 0.580500
4 1 0.157440 0.183964 0.021785 0.000035 0.636776
4 1 0.201818 0.294643 0.030636 0.000011 0.472891
1 1 0.169562 0.395340 0.047735 0.000063 0.387300
1 1 0.177125 0.453209 0.036787 0.000039 0.332840
1 1 0.179453 0.461545 0.036563 0.000116 0.322322
0 0 0.591473 0.245497 0.100962 0.006786 0.055282
1 0 0.401681 0.417154 0.122062 0.002245 0.056858
0 0 0.850003 0.081275 0.023066 0.000619 0.045037
0 0 0.814209 0.126062 0.013331 0.000126 0.046272
0 0 0.665351 0.123866 0.018212 0.000120 0.192452
0 0 0.644381 0.178438 0.020252 0.000115 0.156814
0 0 0.377319 0.285427 0.039874 0.000029 0.297351
4 0 0.298137 0.286472 0.035408 0.000008 0.379975
1 0 0.126838 0.592533 0.133000 0.000557 0.147071
1 0 0.101037 0.597988 0.117321 0.000036 0.183618
1 0 0.142876 0.556469 0.117292 0.000105 0.183258
1 0 0.140036 0.522467 0.111037 0.000055 0.226405
1 0 0.112760 0.594630 0.109707 0.000092 0.182810
1 0 0.135100 0.571994 0.106424 0.000060 0.186422
1 0 0.218183 0.459780 0.146825 0.001063 0.174148
4 0 0.294770 0.223214 0.162656 0.003219 0.316141
1 0 0.181064 0.381840 0.082022 0.000102 0.354972
1 0 0.158888 0.481709 0.108107 0.000435 0.250862
0 0 0.574737 0.261485 0.099108 0.004209 0.060462
0 0 0.512997 0.370144 0.058804 0.008360 0.049695
0 0 0.614230 0.205125 0.020413 0.000096 0.160136
0 0 0.517068 0.237160 0.024209 0.000042 0.221522
1 0 0.079195 0.709122 0.103048 0.000084 0.108551
1 0 0.093047 0.735361 0.106415 0.000173 0.065003
1 0 0.119523 0.747362 0.064543 0.000009 0.068562
1 0 0.132966 0.723210 0.059820 0.000019 0.083984
1 0 0.114502 0.661766 0.126642 0.000187 0.096904
1 0 0.116623 0.534250 0.166538 0.000158 0.182431
1 0 0.134867 0.630819 0.107607 0.000153 0.126553
1 0 0.120704 0.647940 0.123626 0.000225 0.107504
1 0 0.212366 0.541575 0.137938 0.000419 0.107701
1 0 0.302306 0.387136 0.157449 0.003350 0.149758
1 0 0.148315 0.453884 0.154230 0.001517 0.242054
1 1 0.110794 0.535584 0.162356 0.000432 0.190834
1 1 0.108129 0.606012 0.136497 0.000872 0.148490
1 1 0.086485 0.563172 0.139970 0.000106 0.210268
1 1 0.058106 0.610678 0.179570 0.000061 0.151585
1 1 0.059299 0.584593 0.187746 0.000115 0.168248
1 0 0.282904 0.373985 0.113648 0.000896 0.228567
0 1 0.382290 0.296756 0.085451 0.000922 0.234581
1 0 0.218707 0.467562 0.168809 0.003126 0.141798
1 0 0.123500 0.615593 0.205719 0.002681 0.052507
1 1 0.041339 0.592733 0.182189 0.000277 0.183461
1 1 0.040290 0.656476 0.183747 0.000967 0.118521
1 1 0.024622 0.623994 0.214452 0.000190 0.136742
1 1 0.026816 0.607263 0.183616 0.000102 0.182204
1 2 0.018941 0.467426 0.391145 0.000078 0.122410
1 1 0.020472 0.570553 0.306608 0.000236 0.102131
2 2 0.001580 0.143546 0.847866 0.000211 0.006798
2 2 0.008904 0.284539 0.690692 0.000191 0.015674
1 1 0.163435 0.558265 0.235603 0.009131 0.033567
1 0 0.349486 0.401884 0.159758 0.004472 0.084401
1 1 0.144214 0.536323 0.144970 0.000299 0.174195
1 1 0.119073 0.539364 0.122600 0.000664 0.218299
1 1 0.275502 0.466358 0.141399 0.002972 0.113769
0 0 0.402747 0.345228 0.141114 0.003041 0.107870
1 1 0.045672 0.686127 0.182290 0.000026 0.085885
1 1 0.046291 0.691815 0.182544 0.000053 0.079297
1 1 0.030433 0.562903 0.322540 0.000573 0.083552
1 1 0.031138 0.576328 0.321853 0.000558 0.070123
2 2 0.001480 0.141949 0.849569 0.000305 0.006696
2 2 0.003933 0.323608 0.653271 0.000096 0.019093
1 2 0.021593 0.514364 0.401570 0.000537 0.061936
2 2 0.017016 0.447257 0.489407 0.000284 0.046036
2 2 0.006448 0.387188 0.579240 0.000107 0.027017
2 2 0.002115 0.134513 0.855379 0.000234 0.007759
2 2 0.000747 0.163726 0.828608 0.000395 0.006524
2 2 0.000917 0.139150 0.855116 0.000215 0.004602
2 2 0.000436 0.041355 0.955234 0.001101 0.001874
2 2 0.001134 0.066340 0.928611 0.001496 0.002419
2 2 0.000748 0.129535 0.864166 0.000979 0.004573
2 2 0.000281 0.063661 0.933899 0.000628 0.001531
2 2 0.000479 0.076140 0.918474 0.000886 0.004020
2 2 0.001381 0.084931 0.907672 0.002079 0.003937
2 2 0.001902 0.177681 0.802422 0.000810 0.017185
2 2 0.001046 0.122551 0.867928 0.000706 0.007769
2 2 0.000217 0.037324 0.957358 0.003072 0.002029
2 2 0.000474 0.040468 0.952541 0.004141 0.002376
2 2 0.001580 0.088316 0.905616 0.001075 0.003412
2 2 0.001220 0.077778 0.916273 0.001319 0.003411
2 2 0.003829 0.168435 0.814601 0.000938 0.012197
2 2 0.000681 0.073503 0.921990 0.001095 0.002731
2 2 0.005842 0.184961 0.784474 0.002998 0.021725
2 2 0.001550 0.091479 0.897000 0.002380 0.007591
2 2 0.003045 0.173211 0.797317 0.002187 0.024240
2 2 0.002523 0.110753 0.871627 0.002462 0.012634
2 2 0.000945 0.044932 0.948871 0.003276 0.001976
2 2 0.001449 0.061149 0.930988 0.003646 0.002768
2 2 0.001753 0.048714 0.933138 0.009727 0.006667
2 2 0.002448 0.064163 0.905655 0.017762 0.009972
2 2 0.003732 0.126649 0.852241 0.004529 0.012849
2 2 0.004253 0.126816 0.839025 0.007110 0.022797
2 2 0.001498 0.050878 0.934376 0.006386 0.006863
2 2 0.001728 0.057803 0.923511 0.009842 0.007116
2 2 0.001872 0.035569 0.949473 0.010145 0.002940
2 2 0.002887 0.066617 0.903842 0.021427 0.005227
2 2 0.002953 0.047401 0.909813 0.028887 0.010946
2 2 0.002681 0.057558 0.896311 0.036527 0.006924
2 2 0.004518 0.081559 0.779383 0.112258 0.022282
2 2 0.004207 0.120925 0.774240 0.046328 0.054300
2 2 0.001790 0.081089 0.860392 0.034567 0.022162
2 2 0.001144 0.057492 0.883669 0.044841 0.012855
2 3 0.003327 0.054193 0.710850 0.215659 0.015971
2 3 0.002962 0.036928 0.794452 0.154331 0.011327
2 3 0.006321 0.025976 0.801990 0.161341 0.004372
3 3 0.000411 0.004156 0.482547 0.511734 0.001153
2 3 0.005042 0.143345 0.707515 0.097009 0.047089
2 3 0.002279 0.088874 0.765504 0.107528 0.035815
2 3 0.004740 0.050830 0.646625 0.282900 0.014905
2 3 0.002711 0.043969 0.738492 0.205283 0.009545
2 3 0.000011 0.001910 0.591028 0.405479 0.001572
3 3 0.000101 0.005528 0.490051 0.500897 0.003422
2 3 0.002378 0.043206 0.569041 0.366593 0.018783
2 3 0.002127 0.022381 0.630133 0.337690 0.007670
2 3 0.000560 0.016300 0.616291 0.361388 0.005461
3 3 0.000999 0.015898 0.393319 0.582684 0.007101
2 3 0.002915 0.041365 0.650407 0.290009 0.015303
2 3 0.004300 0.042198 0.768438 0.176166 0.008897
2 3 0.002449 0.044726 0.578098 0.352716 0.022010
2 3 0.001357 0.038651 0.733958 0.211378 0.014657
2 3 0.002629 0.023389 0.705987 0.262667 0.005328
2 3 0.002284 0.023291 0.576890 0.389494 0.008041
2 3 0.001526 0.040971 0.531417 0.405485 0.020602
2 3 0.002897 0.065307 0.606977 0.291977 0.032842
2 3 0.000254 0.002482 0.551845 0.444831 0.000588
2 3 0.001186 0.006714 0.518902 0.472002 0.001195
2 3 0.001875 0.025059 0.757551 0.207084 0.008431
2 3 0.001200 0.016803 0.743156 0.232881 0.005960
3 3 0.000148 0.005526 0.377036 0.613377 0.003913
3 3 0.000004 0.000899 0.397279 0.600941 0.000877
3 3 0.000697 0.008984 0.382673 0.601357 0.006290
2 3 0.000919 0.009399 0.614760 0.370650 0.004271
2 3 0.001066 0.011100 0.656168 0.328568 0.003098
2 3 0.003726 0.022830 0.561755 0.405167 0.006522
2 3 0.000326 0.009379 0.643299 0.341756 0.005240
2 3 0.000873 0.016916 0.583890 0.390864 0.007458
3 3 0.001510 0.015460 0.260951 0.711848 0.010232
3 3 0.000441 0.008553 0.433684 0.549229 0.008092
2 3 0.000706 0.018990 0.599562 0.371273 0.009468
2 3 0.001005 0.030242 0.526784 0.423380 0.018589
2 3 0.002374 0.039755 0.606407 0.334221 0.017243
2 3 0.001543 0.033231 0.747100 0.191815 0.026312
2 3 0.000658 0.014828 0.682151 0.293209 0.009154
2 3 0.000629 0.012753 0.584539 0.395096 0.006983
3 3 0.001122 0.025237 0.375520 0.578572 0.019549
3 3 0.000782 0.011656 0.482876 0.498492 0.006193
2 3 0.000985 0.018172 0.616745 0.355388 0.008710
2 3 0.000222 0.008578 0.699883 0.286218 0.005098
3 3 0.000252 0.005291 0.418101 0.573516 0.002841
3 3 0.002299 0.015616 0.388179 0.585354 0.008552
3 3 0.001008 0.012805 0.387100 0.592106 0.006982
3 3 0.000154 0.004315 0.301868 0.691039 0.002625
3 3 0.000092 0.004538 0.269432 0.721561 0.004377
2 3 0.003008 0.036039 0.535293 0.411103 0.014557
2 3 0.002543 0.030049 0.658109 0.298608 0.010691
2 3 0.000685 0.015934 0.650139 0.325931 0.007311
2 3 0.000446 0.012839 0.784648 0.199213 0.002854
2 3 0.000910 0.016464 0.707747 0.270803 0.004076
2 3 0.000978 0.017173 0.664573 0.309903 0.007374
2 3 0.001509 0.015982 0.588757 0.387462 0.006289
3 3 0.000226 0.003587 0.396635 0.598333 0.001219
2 3 0.000739 0.004563 0.551291 0.442352 0.001055
3 3 0.002461 0.037796 0.333183 0.600219 0.026341
3 3 0.000563 0.014729 0.359829 0.610943 0.013936
2 3 0.000562 0.005653 0.513498 0.478776 0.001511
2 3 0.000315 0.005689 0.709801 0.281378 0.002817
3 3 0.000070 0.005734 0.384607 0.604945 0.004644
3 3 0.000765 0.015945 0.278718 0.691692 0.012882
2 3 0.000363 0.031869 0.672779 0.281015 0.013974
2 3 0.002179 0.074775 0.625059 0.257614 0.040373
2 3 0.001586 0.039192 0.674049 0.271037 0.014136
2 3 0.001728 0.042864 0.579510 0.357159 0.018738
2 3 0.002617 0.049101 0.484424 0.430831 0.033027
2 3 0.002232 0.056044 0.542780 0.374318 0.024626
2 3 0.003740 0.042394 0.582517 0.355320 0.016029
2 3 0.004277 0.078781 0.624784 0.265566 0.026591
1 0 0.138115 0.481421 0.295904 0.009012 0.075548
2 0 0.057361 0.395883 0.436686 0.007848 0.102222
1 0 0.102460 0.409995 0.356162 0.005022 0.126361
1 1 0.079897 0.453620 0.357239 0.007662 0.101582
1 2 0.060699 0.670930 0.179593 0.000421 0.088357
1 1 0.057882 0.662636 0.202715 0.000495 0.076273
1 2 0.018058 0.614702 0.282044 0.000204 0.084992
1 2 0.023706 0.633227 0.259217 0.000398 0.083452
1 2 0.011178 0.492145 0.453454 0.000716 0.042508
2 2 0.010529 0.405471 0.545953 0.000147 0.037901
1 2 0.017069 0.563870 0.288377 0.000092 0.130592
1 2 0.019210 0.590454 0.272848 0.000174 0.117314
1 2 0.054996 0.578040 0.257999 0.000654 0.108311
1 0 0.052524 0.603281 0.262333 0.000420 0.081442
1 0 0.054267 0.647972 0.198549 0.000609 0.098603
1 1 0.057135 0.609926 0.233835 0.000313 0.098792
1 1 0.104072 0.510738 0.139789 0.000680 0.244721
1 4 0.088015 0.447533 0.137483 0.000350 0.326619
1 4 0.038632 0.543637 0.055048 0.000005 0.362678
1 4 0.063830 0.601959 0.046553 0.000015 0.287644
4 4 0.098982 0.076380 0.023860 0.000142 0.800636
4 4 0.033922 0.104383 0.019548 0.000030 0.842117
1 0 0.149098 0.434361 0.049713 0.000173 0.366655
4 4 0.194431 0.326402 0.052139 0.000351 0.426676
4 1 0.122432 0.326239 0.090565 0.000386 0.460378
4 1 0.085992 0.367425 0.100534 0.000086 0.445964
4 4 0.103156 0.129453 0.033251 0.000120 0.734020
4 4 0.209070 0.154024 0.032415 0.000348 0.604143
1 4 0.135176 0.399607 0.085537 0.000083 0.379598
4 4 0.107132 0.286112 0.073340 0.000215 0.533201
4 4 0.095164 0.316872 0.026368 0.000001 0.561595
4 4 0.109009 0.202040 0.014087 0.000010 0.674853
4 4 0.069113 0.125746 0.020106 0.000009 0.785025
4 4 0.069161 0.074777 0.009162 0.000008 0.846893
4 4 0.119434 0.345457 0.043271 0.000111 0.491728
4 4 0.116770 0.284756 0.028434 0.000007 0.570033
4 4 0.104223 0.049100 0.040306 0.000260 0.806110
4 4 0.262814 0.199020 0.041149 0.000362 0.496654
4 4 0.336865 0.062996 0.014313 0.000287 0.585540
4 4 0.312223 0.076104 0.014949 0.000041 0.596683
4 4 0.187480 0.197673 0.024725 0.000278 0.589843
4 4 0.237645 0.231929 0.024483 0.000263 0.505680
4 4 0.221458 0.187766 0.017814 0.000013 0.572948
4 4 0.201596 0.110189 0.014147 0.000007 0.674061
4 4 0.142230 0.039584 0.004967 0.000013 0.813205
4 4 0.114443 0.066145 0.005125 0.000004 0.814282
1 4 0.106537 0.549532 0.057530 0.000017 0.286383
1 4 0.117999 0.421635 0.044896 0.000016 0.415455
1 4 0.174701 0.444482 0.044667 0.000152 0.335997
4 4 0.125170 0.171011 0.019255 0.000003 0.684561
0 4 0.524502 0.104655 0.025774 0.000720 0.344349
0 4 0.452808 0.163984 0.028759 0.000480 0.353968
4 4 0.112014 0.162530 0.010153 0.000012 0.715291
4 4 0.077795 0.090539 0.007993 0.000003 0.823671
4 4 0.221256 0.186132 0.035788 0.000192 0.556632
4 4 0.198348 0.303348 0.036576 0.000280 0.461448
1 4 0.191117 0.412125 0.044534 0.000011 0.352213
4 4 0.132017 0.354613 0.040630 0.000051 0.472688
1 4 0.090445 0.600277 0.096204 0.000192 0.212882
1 4 0.101646 0.602466 0.107927 0.000725 0.187237
1 4 0.057305 0.628645 0.097442 0.000058 0.216551
1 4 0.052574 0.581203 0.109451 0.000045 0.256727
1 4 0.166943 0.465809 0.068299 0.000125 0.298824
1 4 0.162254 0.563361 0.093491 0.000257 0.180637
1 4 0.374552 0.432384 0.089761 0.000648 0.102655
0 0 0.683182 0.150805 0.053694 0.000556 0.111764
4 1 0.120790 0.355222 0.127563 0.000620 0.395806
1 1 0.122929 0.464322 0.110918 0.000540 0.301291
4 1 0.087589 0.369666 0.029517 0.000071 0.513156
4 1 0.075937 0.382753 0.035602 0.000007 0.505702
1 1 0.088681 0.522892 0.066610 0.000728 0.321088
1 1 0.073363 0.590471 0.061553 0.000080 0.274533
1 1 0.050846 0.491367 0.143073 0.000544 0.314170
1 1 0.064737 0.512298 0.135283 0.002611 0.285071
1 1 0.047755 0.545067 0.077329 0.000385 0.329465
1 1 0.061478 0.563848 0.077902 0.000182 0.296589
4 1 0.095398 0.293689 0.066340 0.000101 0.544472
4 1 0.126778 0.382094 0.103720 0.000642 0.386766
1 1 0.114547 0.456365 0.062364 0.001136 0.365588
4 1 0.107224 0.365891 0.059214 0.000096 0.467575
4 0 0.249062 0.222660 0.063548 0.000388 0.464342
4 1 0.185209 0.216318 0.048840 0.000100 0.549533
4 1 0.056008 0.156949 0.017090 0.000018 0.769935
4 4 0.067389 0.227673 0.024518 0.000153 0.680268
4 4 0.065605 0.167151 0.054042 0.000141 0.713062
4 1 0.065838 0.151860 0.069733 0.000300 0.712268
1 1 0.073785 0.490442 0.099864 0.000877 0.335033
4 1 0.045198 0.311285 0.075286 0.000211 0.568020
4 1 0.062181 0.432768 0.034193 0.000062 0.470796
4 1 0.040467 0.355451 0.036152 0.000010 0.567921
4 1 0.043186 0.440919 0.049544 0.000490 0.465860
4 1 0.038771 0.321591 0.049610 0.000633 0.589395
4 1 0.033519 0.412384 0.058233 0.000257 0.495607
1 1 0.054008 0.491814 0.060492 0.000378 0.393307
1 1 0.061988 0.467931 0.051066 0.000105 0.418910
1 4 0.078832 0.521066 0.047670 0.000150 0.352283
4 4 0.053501 0.421423 0.062331 0.000095 0.462650
4 4 0.066015 0.420670 0.064741 0.000025 0.448549
0 0 0.496026 0.220595 0.176633 0.007920 0.098827
1 1 0.197426 0.511646 0.232870 0.019100 0.038959
1 1 0.068540 0.647154 0.094243 0.000011 0.190053
1 4 0.084438 0.631013 0.087587 0.000024 0.196938
1 4 0.125285 0.655597 0.093254 0.000111 0.125753
1 4 0.121501 0.648755 0.094490 0.000069 0.135186
1 4 0.023803 0.626539 0.261552 0.000076 0.088030
1 4 0.025047 0.640228 0.267280 0.000130 0.067315
1 4 0.039791 0.701382 0.158543 0.000034 0.100251
1 4 0.036992 0.718832 0.154000 0.000012 0.090163
1 4 0.033959 0.673853 0.219845 0.000346 0.071997
1 4 0.045949 0.663616 0.212180 0.000402 0.077853
1 4 0.084183 0.635171 0.150096 0.002035 0.128515
1 1 0.081764 0.577353 0.147071 0.000155 0.193658
1 1 0.040133 0.668630 0.205040 0.000154 0.086043
1 1 0.029053 0.630024 0.228199 0.000090 0.112634
2 2 0.004733 0.441124 0.511103 0.000085 0.042955
2 2 0.003249 0.376404 0.591608 0.000110 0.028629
2 2 0.001094 0.087689 0.907837 0.000335 0.003045
2 2 0.000283 0.051430 0.946646 0.000431 0.001209
2 2 0.031050 0.320863 0.605116 0.000066 0.042905
1 2 0.064988 0.601089 0.291698 0.002420 0.039805
0 0 0.479475 0.265975 0.102976 0.001352 0.150221
1 1 0.279164 0.451085 0.130989 0.001758 0.137004
1 1 0.026558 0.532012 0.324619 0.001283 0.115527
2 1 0.006151 0.261266 0.589001 0.000532 0.143050
1 1 0.024927 0.445087 0.325010 0.000338 0.204638
1 1 0.026797 0.413991 0.358768 0.000921 0.199524
2 1 0.003918 0.308318 0.590142 0.000222 0.097400
2 1 0.007237 0.378644 0.488784 0.000386 0.124949
1 1 0.021672 0.436618 0.382628 0.000432 0.158650
1 1 0.015777 0.439563 0.393534 0.000642 0.150483
1 1 0.043450 0.498872 0.266529 0.000662 0.190488
1 1 0.047083 0.580100 0.164459 0.001285 0.207073
4 1 0.070290 0.427795 0.056694 0.000087 0.445134
4 1 0.073290 0.384072 0.053457 0.000130 0.489050
4 0 0.197916 0.163063 0.047106 0.000235 0.591680
4 1 0.047475 0.099835 0.046361 0.000604 0.805725
4 1 0.070238 0.433828 0.060075 0.000156 0.435704
1 1 0.111158 0.464367 0.067597 0.000642 0.356237
4 1 0.093962 0.269982 0.032446 0.000799 0.602811
4 1 0.041692 0.242911 0.025709 0.000010 0.689677
4 1 0.147680 0.262585 0.060005 0.000624 0.529105
4 1 0.155560 0.308382 0.090721 0.000969 0.444369
4 1 0.068369 0.077695 0.030080 0.000930 0.822925
4 1 0.014834 0.045209 0.062535 0.000167 0.877255
4 1 0.079449 0.222749 0.022488 0.000048 0.675266
4 1 0.098458 0.311719 0.036172 0.000111 0.553540
4 1 0.035912 0.273322 0.050914 0.000025 0.639827
4 1 0.054482 0.246437 0.030535 0.000068 0.668478
4 1 0.033713 0.071681 0.009626 0.000011 0.884968
4 1 0.052058 0.075646 0.012188 0.000019 0.860089
4 1 0.128990 0.131775 0.055318 0.000384 0.683533
4 1 0.179984 0.190842 0.036129 0.001696 0.591348
4 1 0.255958 0.298635 0.045327 0.002214 0.397866
4 4 0.261680 0.264238 0.052369 0.002539 0.419174
1 4 0.094451 0.446011 0.055348 0.001937 0.402253
1 4 0.102989 0.433293 0.054385 0.001599 0.407734
4 4 0.071919 0.339258 0.019925 0.000031 0.568867
4 4 0.076604 0.237569 0.015070 0.000006 0.670751
4 4 0.116709 0.357132 0.022730 0.000032 0.503397
4 4 0.092727 0.342513 0.026427 0.000011 0.538322
4 4 0.066937 0.395392 0.054212 0.000658 0.482801
1 1 0.104202 0.499680 0.052975 0.001700 0.341443
