0 0 0.762046 0.080553 0.018655 0.001347 0.137399
0 0 0.776322 0.091586 0.017553 0.000677 0.113862
1 0 0.109752 0.443917 0.153661 0.000668 0.292003
1 0 0.126943 0.393548 0.124518 0.001180 0.353812
4 0 0.074726 0.154261 0.033126 0.000050 0.737836
4 0 0.103238 0.191044 0.042629 0.000225 0.662865
1 0 0.070117 0.427193 0.229919 0.007740 0.265030
1 0 0.079559 0.421864 0.210044 0.007711 0.280823
1 0 0.200658 0.388474 0.094887 0.001381 0.314601
0 0 0.626913 0.186101 0.052186 0.002717 0.132082
4 0 0.288240 0.205930 0.075522 0.004267 0.426042
0 0 0.786568 0.095492 0.028253 0.003638 0.086049
1 0 0.157934 0.436343 0.134879 0.002393 0.268452
1 0 0.127701 0.486460 0.162742 0.000800 0.222297
4 0 0.136285 0.338126 0.092167 0.000728 0.432693
1 0 0.261036 0.369201 0.080552 0.000930 0.288281
0 0 0.906893 0.037619 0.010745 0.000790 0.043953
0 0 0.913397 0.037231 0.010188 0.000689 0.038495
0 0 0.930224 0.037698 0.018578 0.000958 0.012542
0 0 0.838877 0.087102 0.030479 0.001654 0.041888
0 0 0.752933 0.116798 0.036094 0.004438 0.089737
0 0 0.451584 0.260743 0.092223 0.007079 0.188372
0 0 0.742792 0.107223 0.027764 0.003137 0.119084
0 0 0.788911 0.092783 0.028479 0.004371 0.085456
0 0 0.930656 0.035102 0.019006 0.001856 0.013380
0 0 0.910879 0.043652 0.024476 0.003531 0.017462
0 0 0.491631 0.272690 0.096365 0.013435 0.125879
0 0 0.595220 0.171842 0.058859 0.008165 0.165914
0 0 0.827206 0.076977 0.025254 0.003819 0.066744
0 0 0.725682 0.132987 0.033459 0.000896 0.106976
0 0 0.701775 0.072833 0.018693 0.007472 0.199227
0 0 0.477014 0.080791 0.026584 0.004651 0.410960
0 0 0.706374 0.071029 0.024110 0.008921 0.189566
0 0 0.805886 0.074192 0.024450 0.007614 0.087857
0 0 0.674812 0.186363 0.052518 0.001897 0.084410
0 0 0.910420 0.042717 0.018226 0.002360 0.026276
0 0 0.895845 0.054462 0.026948 0.002353 0.020391
0 0 0.896830 0.052041 0.031177 0.003713 0.016239
0 0 0.935981 0.030424 0.018296 0.002887 0.012412
0 0 0.921463 0.033425 0.021617 0.007239 0.016255
0 0 0.681471 0.190242 0.063637 0.002183 0.062466
0 0 0.787091 0.123363 0.049188 0.002098 0.038259
0 0 0.878626 0.054664 0.024553 0.005037 0.037120
0 0 0.892386 0.053519 0.022687 0.002470 0.028938
0 0 0.498280 0.231277 0.089318 0.009336 0.171788
0 0 0.771699 0.112965 0.045366 0.007221 0.062749
0 0 0.429948 0.236906 0.075054 0.015979 0.242113
0 0 0.869270 0.067249 0.030663 0.003235 0.029584
0 0 0.898532 0.048066 0.016773 0.001569 0.035061
0 0 0.751474 0.130661 0.042930 0.003329 0.071607
0 0 0.917244 0.034714 0.017139 0.005267 0.025636
0 0 0.872372 0.066817 0.026834 0.002059 0.031917
0 0 0.838188 0.083035 0.049235 0.006139 0.023403
0 0 0.680349 0.153222 0.062744 0.015223 0.088462
1 1 0.016298 0.443754 0.376756 0.000069 0.163123
2 1 0.004101 0.281380 0.389300 0.000020 0.325199
4 4 0.005978 0.015080 0.003609 0.000002 0.975331
4 4 0.002778 0.008956 0.002320 0.000001 0.985945
4 4 0.003401 0.012996 0.003924 0.000002 0.979677
4 4 0.008043 0.013364 0.002442 0.000001 0.976149
4 4 0.004896 0.040503 0.022866 0.000069 0.931666
4 4 0.002165 0.011484 0.004163 0.000002 0.982187
4 4 0.018685 0.052858 0.016135 0.000099 0.912223
4 4 0.060311 0.084660 0.031029 0.000811 0.823188
4 4 0.004423 0.055019 0.041641 0.000205 0.898713
4 4 0.013054 0.095525 0.056855 0.000895 0.833672
4 4 0.046403 0.162972 0.060000 0.000885 0.729740
4 4 0.044478 0.219598 0.100778 0.001768 0.633378
1 4 0.145753 0.425875 0.150750 0.005097 0.272525
1 4 0.061505 0.426482 0.271090 0.012903 0.228020
4 4 0.001189 0.007709 0.002995 0.000001 0.988107
4 4 0.001933 0.006912 0.001842 0.000000 0.989312
4 4 0.002525 0.017055 0.007475 0.000005 0.972941
4 4 0.008815 0.060802 0.025951 0.000014 0.904418
4 4 0.005009 0.057050 0.041134 0.000220 0.896588
4 4 0.017904 0.137946 0.077314 0.000486 0.766350
1 4 0.323035 0.357109 0.137568 0.014968 0.167320
1 4 0.053620 0.397464 0.234040 0.005189 0.309687
4 4 0.002035 0.020206 0.011578 0.000010 0.966172
4 4 0.010751 0.043559 0.012446 0.000003 0.933240
4 4 0.002135 0.021160 0.012186 0.000011 0.964507
4 4 0.001712 0.015854 0.008425 0.000005 0.974005
4 4 0.006075 0.064693 0.045608 0.000313 0.883312
4 4 0.013137 0.089406 0.044857 0.000174 0.852426
4 4 0.021244 0.240836 0.191548 0.004855 0.541517
4 4 0.049855 0.234931 0.095721 0.000637 0.618857
0 4 0.669226 0.162334 0.079317 0.020090 0.069033
0 4 0.790013 0.101652 0.053581 0.012140 0.042613
4 4 0.023731 0.152913 0.091219 0.004077 0.728060
4 4 0.129638 0.309588 0.120149 0.004581 0.436044
4 4 0.002579 0.109733 0.199133 0.003781 0.684774
4 4 0.002626 0.110494 0.199390 0.003850 0.683640
4 4 0.003451 0.041358 0.029358 0.000086 0.925747
4 4 0.004017 0.056940 0.046919 0.000240 0.891883
4 4 0.016412 0.266204 0.274935 0.011223 0.431226
4 4 0.010784 0.236590 0.283171 0.006962 0.462493
4 4 0.008128 0.225162 0.273225 0.001517 0.491967
4 4 0.006430 0.240934 0.351982 0.001992 0.398662
4 4 0.002904 0.017159 0.007012 0.000005 0.972920
4 4 0.002163 0.004803 0.000913 0.000000 0.992121
4 4 0.003292 0.014642 0.004927 0.000003 0.977136
4 4 0.008265 0.095485 0.075187 0.001103 0.819960
4 4 0.005250 0.052291 0.034295 0.000159 0.908004
4 4 0.010838 0.148037 0.139700 0.005434 0.695991
4 4 0.003104 0.185049 0.344695 0.001039 0.466112
2 4 0.002855 0.182044 0.409275 0.001490 0.404336
2 4 0.004984 0.199145 0.487163 0.008617 0.300091
2 4 0.009735 0.257554 0.467338 0.011026 0.254347
2 4 0.011267 0.266627 0.452766 0.012896 0.256443
2 4 0.004889 0.173078 0.485056 0.022346 0.314631
2 4 0.000957 0.100447 0.784363 0.008787 0.105445
2 4 0.004805 0.181780 0.634982 0.023480 0.154953
2 4 0.000813 0.060033 0.819498 0.087873 0.031784
2 4 0.000390 0.046173 0.870021 0.052449 0.030966
2 4 0.001982 0.118599 0.766516 0.027392 0.085511
2 2 0.000736 0.075809 0.847450 0.020675 0.055331
2 2 0.005109 0.152545 0.656531 0.083259 0.102556
2 2 0.002667 0.125297 0.726279 0.047935 0.097822
3 2 0.000865 0.035075 0.468710 0.472151 0.023198
2 2 0.000924 0.034319 0.504264 0.437141 0.023352
2 3 0.001940 0.044266 0.462918 0.454437 0.036439
3 3 0.001165 0.022976 0.440591 0.513676 0.021593
3 3 0.001805 0.025499 0.324986 0.630586 0.017125
3 3 0.000663 0.004279 0.154332 0.837990 0.002735
3 3 0.001048 0.007125 0.212299 0.773938 0.005591
3 3 0.001425 0.010635 0.220912 0.759578 0.007450
3 3 0.000610 0.010561 0.311707 0.669373 0.007748
3 3 0.001383 0.014361 0.252586 0.722352 0.009318
3 3 0.000384 0.000992 0.066494 0.931530 0.000599
3 3 0.000660 0.000922 0.043500 0.954434 0.000484
3 3 0.000107 0.000121 0.017974 0.981747 0.000052
3 3 0.000078 0.000133 0.030108 0.969603 0.000078
3 3 0.000083 0.000217 0.036718 0.962873 0.000110
3 3 0.000209 0.000297 0.027777 0.971582 0.000136
3 3 0.000717 0.000934 0.049133 0.948639 0.000576
3 3 0.000459 0.000510 0.032975 0.965788 0.000267
3 3 0.011327 0.018796 0.170213 0.793958 0.005706
3 3 0.001233 0.004434 0.152251 0.838440 0.003642
3 3 0.000090 0.000335 0.054863 0.944520 0.000192
3 3 0.000157 0.000562 0.065782 0.933156 0.000342
3 3 0.000213 0.000703 0.060324 0.938383 0.000377
3 3 0.000437 0.000673 0.041350 0.957188 0.000352
3 3 0.000085 0.000087 0.016423 0.983366 0.000039
3 3 0.000125 0.000096 0.013448 0.986291 0.000039
3 3 0.000057 0.000189 0.041363 0.958289 0.000102
3 3 0.000138 0.000222 0.026607 0.972933 0.000100
3 3 0.000067 0.000040 0.009421 0.990455 0.000017
3 3 0.000086 0.000074 0.013899 0.985909 0.000032
3 3 0.000066 0.000051 0.011678 0.988183 0.000022
3 3 0.000036 0.000028 0.008958 0.990967 0.000011
3 3 0.000038 0.000035 0.010591 0.989321 0.000014
3 3 0.000032 0.000045 0.015757 0.984146 0.000020
3 3 0.000075 0.000028 0.006149 0.993737 0.000010
3 3 0.000066 0.000048 0.009458 0.990410 0.000017
3 3 0.000063 0.000019 0.004901 0.995010 0.000007
3 3 0.000048 0.000025 0.007490 0.992427 0.000010
3 3 0.000133 0.000066 0.009171 0.990605 0.000025
3 3 0.000106 0.000090 0.014163 0.985603 0.000038
3 3 0.000018 0.000017 0.008774 0.991183 0.000007
3 3 0.000076 0.000041 0.008426 0.991442 0.000016
3 3 0.000029 0.000013 0.005204 0.994749 0.000005
3 3 0.000025 0.000011 0.004683 0.995277 0.000004
3 3 0.000021 0.000010 0.004628 0.995337 0.000003
3 3 0.000031 0.000022 0.008173 0.991765 0.000009
3 3 0.000054 0.000071 0.017057 0.982787 0.000031
3 3 0.000026 0.000023 0.009126 0.990816 0.000009
3 3 0.000034 0.000013 0.004591 0.995358 0.000004
3 3 0.000050 0.000037 0.010820 0.989077 0.000016
3 3 0.000160 0.000070 0.009005 0.990738 0.000027
3 3 0.000045 0.000017 0.005329 0.994603 0.000006
3 3 0.000179 0.000063 0.007949 0.991785 0.000025
3 3 0.000179 0.000069 0.008528 0.991198 0.000027
3 3 0.000056 0.000032 0.007905 0.991995 0.000012
3 3 0.000035 0.000019 0.006314 0.993625 0.000007
3 3 0.000064 0.000026 0.006024 0.993876 0.000009
3 3 0.000087 0.000031 0.006257 0.993613 0.000012
3 3 0.000021 0.000013 0.006452 0.993509 0.000005
3 3 0.000014 0.000009 0.006399 0.993573 0.000004
3 3 0.000009 0.000004 0.003193 0.996792 0.000001
3 3 0.000006 0.000004 0.004310 0.995680 0.000001
3 3 0.000033 0.000017 0.005662 0.994282 0.000006
3 3 0.000026 0.000012 0.004719 0.995239 0.000004
3 3 0.000041 0.000015 0.004734 0.995205 0.000005
3 3 0.000065 0.000027 0.006233 0.993665 0.000010
3 3 0.000026 0.000031 0.012426 0.987503 0.000013
3 3 0.000034 0.000021 0.007080 0.992856 0.000008
3 3 0.000029 0.000018 0.006348 0.993598 0.000006
3 3 0.000026 0.000015 0.006304 0.993650 0.000006
3 3 0.000032 0.000020 0.007139 0.992802 0.000008
3 3 0.000037 0.000021 0.006309 0.993626 0.000007
3 3 0.000043 0.000016 0.004954 0.994981 0.000006
3 3 0.000010 0.000005 0.003811 0.996173 0.000002
3 3 0.000018 0.000007 0.003870 0.996102 0.000002
3 3 0.000017 0.000014 0.007607 0.992357 0.000005
3 3 0.000016 0.000016 0.010660 0.989300 0.000008
3 3 0.000024 0.000008 0.003816 0.996149 0.000003
3 3 0.000034 0.000013 0.004594 0.995355 0.000004
3 3 0.000025 0.000010 0.004565 0.995396 0.000004
3 3 0.000039 0.000017 0.005755 0.994182 0.000006
3 3 0.000028 0.000014 0.005970 0.993983 0.000005
3 3 0.000017 0.000006 0.003476 0.996499 0.000002
3 3 0.000031 0.000013 0.004752 0.995201 0.000004
3 3 0.000023 0.000011 0.005371 0.994590 0.000004
3 3 0.000046 0.000017 0.005096 0.994835 0.000006
3 3 0.000027 0.000015 0.006200 0.993752 0.000006
3 3 0.000016 0.000006 0.003586 0.996390 0.000002
3 3 0.000034 0.000019 0.006132 0.993808 0.000007
3 3 0.000032 0.000028 0.009092 0.990839 0.000010
3 3 0.000029 0.000012 0.004698 0.995257 0.000004
3 3 0.000023 0.000012 0.004992 0.994969 0.000004
3 3 0.000026 0.000016 0.006026 0.993926 0.000005
3 3 0.000010 0.000004 0.003030 0.996955 0.000001
3 3 0.000025 0.000009 0.004015 0.995948 0.000003
3 3 0.000029 0.000015 0.005775 0.994176 0.000005
3 3 0.000293 0.000082 0.008097 0.991494 0.000034
3 3 0.000137 0.000039 0.006212 0.993596 0.000015
3 3 0.000008 0.000003 0.003161 0.996826 0.000001
3 3 0.000113 0.000043 0.007127 0.992702 0.000016
3 3 0.000012 0.000004 0.002679 0.997304 0.000001
3 3 0.000018 0.000009 0.004711 0.995258 0.000003
3 3 0.000010 0.000005 0.003450 0.996533 0.000002
3 3 0.000025 0.000018 0.008150 0.991799 0.000008
3 3 0.000024 0.000008 0.003595 0.996371 0.000003
3 3 0.000062 0.000018 0.004648 0.995266 0.000006
3 3 0.000019 0.000009 0.004603 0.995365 0.000003
3 3 0.000017 0.000009 0.004901 0.995070 0.000003
3 3 0.000025 0.000008 0.003673 0.996291 0.000003
3 3 0.000028 0.000012 0.004647 0.995308 0.000004
3 3 0.000035 0.000011 0.003924 0.996026 0.000004
3 3 0.000038 0.000012 0.004221 0.995725 0.000004
3 3 0.000025 0.000013 0.005198 0.994760 0.000004
3 3 0.000060 0.000026 0.006260 0.993644 0.000009
3 3 0.000147 0.000052 0.007482 0.992298 0.000020
3 3 0.000289 0.000103 0.009623 0.989943 0.000042
3 3 0.002771 0.004944 0.069579 0.920412 0.002294
3 3 0.002132 0.004718 0.085655 0.904981 0.002514
3 3 0.000293 0.000729 0.076773 0.921963 0.000242
3 3 0.000192 0.000826 0.107883 0.890703 0.000395
3 3 0.010337 0.103139 0.377517 0.426546 0.082460
2 3 0.002994 0.049880 0.532030 0.382683 0.032413
3 3 0.003272 0.035485 0.456717 0.482022 0.022505
2 1 0.002330 0.033575 0.515797 0.428206 0.020092
2 1 0.021600 0.300533 0.475463 0.044916 0.157488
2 1 0.019278 0.295963 0.444885 0.032399 0.207474
2 1 0.030578 0.339921 0.440793 0.044639 0.144069
2 1 0.008406 0.213731 0.588796 0.039160 0.149907
4 1 0.013392 0.270131 0.312160 0.007466 0.396851
2 1 0.014161 0.325243 0.360859 0.003330 0.296408
4 1 0.009737 0.231875 0.287909 0.005984 0.464495
4 1 0.003495 0.201044 0.361894 0.000993 0.432574
2 1 0.005586 0.204876 0.406494 0.006352 0.376692
4 1 0.004962 0.182948 0.376262 0.007722 0.428106
2 4 0.012235 0.304479 0.563129 0.005014 0.115143
2 4 0.013547 0.315768 0.391012 0.004493 0.275180
4 4 0.004878 0.137131 0.200496 0.006581 0.650914
4 4 0.004071 0.087417 0.099392 0.001130 0.807991
4 4 0.001352 0.018241 0.012421 0.000008 0.967977
4 4 0.003175 0.031243 0.018905 0.000035 0.946643
4 4 0.012974 0.166477 0.132290 0.001227 0.687032
4 4 0.018931 0.196303 0.142181 0.002187 0.640398
4 4 0.001928 0.085302 0.192591 0.002255 0.717924
4 4 0.003069 0.124346 0.272678 0.008422 0.591485
4 4 0.002534 0.109000 0.198883 0.003716 0.685867
4 4 0.000945 0.081084 0.279887 0.003216 0.634867
4 4 0.004145 0.193547 0.325078 0.001707 0.475523
4 4 0.001969 0.129058 0.326411 0.002474 0.540089
2 4 0.006617 0.217687 0.532299 0.014079 0.229318
2 4 0.011376 0.249421 0.462583 0.023074 0.253546
2 4 0.013151 0.334711 0.461967 0.003694 0.186477
2 4 0.017117 0.334025 0.443344 0.008508 0.197007
2 4 0.004658 0.195616 0.732237 0.009780 0.057709
2 4 0.017639 0.292521 0.548823 0.033789 0.107228
2 4 0.001965 0.069175 0.877392 0.046142 0.005327
2 4 0.002235 0.052519 0.881439 0.059694 0.004113
2 2 0.000392 0.068921 0.908222 0.002551 0.019913
2 2 0.000673 0.097494 0.872051 0.001639 0.028143
2 2 0.000398 0.020147 0.903887 0.072892 0.002676
2 2 0.000743 0.035002 0.895198 0.064373 0.004683
2 2 0.049461 0.215143 0.651895 0.066796 0.016705
2 2 0.051570 0.264560 0.586017 0.071005 0.026848
2 2 0.010449 0.136374 0.722247 0.111386 0.019544
2 2 0.000939 0.043633 0.895894 0.051001 0.008534
2 2 0.001053 0.114489 0.850945 0.002498 0.031016
2 2 0.003607 0.186723 0.750993 0.005675 0.053001
2 2 0.001438 0.094095 0.851511 0.026713 0.026243
2 2 0.001855 0.086972 0.862741 0.029602 0.018829
2 2 0.005521 0.089117 0.744139 0.139603 0.021620
2 2 0.006303 0.115903 0.718904 0.129547 0.029342
2 2 0.000089 0.004406 0.812748 0.182288 0.000469
2 2 0.000122 0.003278 0.853666 0.142529 0.000405
2 3 0.001826 0.029479 0.673085 0.285973 0.009637
2 3 0.000609 0.035835 0.825116 0.122841 0.015600
2 3 0.000307 0.004986 0.701608 0.292112 0.000987
2 3 0.000654 0.008678 0.514019 0.474378 0.002271
2 3 0.000482 0.006228 0.532322 0.458906 0.002062
2 3 0.000663 0.007208 0.547588 0.441496 0.003045
3 3 0.003245 0.005455 0.141851 0.848052 0.001396
3 3 0.000811 0.003711 0.214179 0.779778 0.001520
2 3 0.003985 0.034490 0.688885 0.260969 0.011672
2 3 0.003472 0.045954 0.773719 0.165835 0.011020
3 3 0.008687 0.040694 0.436335 0.507263 0.007021
2 3 0.002862 0.019928 0.584948 0.385715 0.006547
2 3 0.018450 0.119472 0.704611 0.146147 0.011320
2 3 0.008785 0.102888 0.671172 0.197969 0.019186
2 3 0.001450 0.024619 0.652962 0.310869 0.010100
2 3 0.000709 0.015824 0.691400 0.287490 0.004577
2 3 0.000708 0.053682 0.818388 0.101295 0.025927
2 3 0.003656 0.103444 0.746008 0.118121 0.028770
2 3 0.000300 0.007126 0.760770 0.229481 0.002323
2 3 0.000604 0.014255 0.694790 0.286059 0.004292
2 3 0.000273 0.005988 0.656760 0.334905 0.002075
2 3 0.000321 0.006673 0.513528 0.476939 0.002539
2 3 0.001852 0.022916 0.492474 0.468549 0.014210
3 3 0.001727 0.017375 0.454463 0.518327 0.008108
3 3 0.000390 0.003306 0.422138 0.573194 0.000973
2 3 0.000139 0.002092 0.571821 0.425393 0.000555
3 3 0.000056 0.001000 0.362773 0.635902 0.000269
3 3 0.000100 0.001125 0.332851 0.665591 0.000332
3 3 0.000431 0.004441 0.387435 0.606490 0.001202
3 3 0.000609 0.006338 0.457214 0.533962 0.001877
3 3 0.000129 0.000952 0.193199 0.805333 0.000388
3 3 0.000184 0.001308 0.193239 0.804781 0.000489
3 3 0.000097 0.000525 0.145848 0.853321 0.000209
3 3 0.000098 0.000559 0.140274 0.858884 0.000184
3 3 0.000071 0.000440 0.131552 0.867718 0.000219
3 3 0.000130 0.000763 0.166253 0.832602 0.000251
3 3 0.000221 0.001796 0.253566 0.743810 0.000607
3 3 0.000195 0.001651 0.256168 0.741466 0.000520
3 3 0.000313 0.001222 0.158243 0.839909 0.000313
3 3 0.000445 0.001989 0.210960 0.785966 0.000640
3 3 0.000058 0.000374 0.096867 0.902490 0.000213
3 3 0.000020 0.000112 0.086653 0.913175 0.000041
3 3 0.000105 0.000744 0.173315 0.825553 0.000282
3 3 0.000106 0.000540 0.120131 0.879018 0.000205
3 3 0.000072 0.000366 0.111100 0.888348 0.000113
3 3 0.000089 0.000361 0.100798 0.898631 0.000121
3 3 0.000079 0.000274 0.064182 0.935336 0.000129
3 3 0.000168 0.000450 0.059244 0.939933 0.000205
3 3 0.051474 0.027030 0.271028 0.645694 0.004774
2 3 0.114677 0.121805 0.626668 0.129147 0.007703
3 3 0.001846 0.005933 0.111811 0.877865 0.002546
3 3 0.001308 0.007014 0.184368 0.802227 0.005083
3 3 0.002056 0.012919 0.297650 0.681401 0.005974
3 3 0.000735 0.007896 0.354756 0.631618 0.004996
2 3 0.000446 0.008568 0.597241 0.391124 0.002622
2 3 0.000401 0.007364 0.550941 0.439351 0.001943
2 3 0.007435 0.020441 0.511510 0.458499 0.002115
2 3 0.062587 0.141421 0.692503 0.094639 0.008850
2 3 0.008866 0.133617 0.473517 0.315571 0.068429
2 3 0.009634 0.142577 0.522399 0.266236 0.059154
3 3 0.001589 0.016656 0.364632 0.607202 0.009920
3 3 0.000782 0.008622 0.410641 0.576373 0.003582
2 3 0.005526 0.050756 0.628926 0.300388 0.014403
2 3 0.002449 0.047693 0.687536 0.249408 0.012915
2 3 0.002488 0.097987 0.794149 0.074401 0.030975
2 3 0.021851 0.232227 0.542238 0.109037 0.094648
3 3 0.000125 0.001723 0.450513 0.547403 0.000237
2 3 0.000082 0.001400 0.514755 0.483573 0.000190
2 3 0.000644 0.041756 0.749271 0.193966 0.014364
2 3 0.003755 0.054766 0.630113 0.297824 0.013543
2 3 0.002722 0.080079 0.805666 0.097748 0.013785
2 3 0.013193 0.172988 0.646063 0.137896 0.029859
1 3 0.067741 0.459155 0.359921 0.026927 0.086257
2 3 0.098700 0.325131 0.464786 0.065844 0.045540
2 3 0.016941 0.230665 0.542677 0.125712 0.084005
2 3 0.010078 0.197879 0.615643 0.094463 0.081938
2 3 0.001196 0.046643 0.750472 0.187204 0.014486
2 3 0.000751 0.040384 0.666901 0.277331 0.014634
2 3 0.001722 0.027092 0.739008 0.229382 0.002796
2 3 0.000493 0.020160 0.808989 0.168389 0.001969
2 3 0.000686 0.028475 0.678021 0.284222 0.008596
2 3 0.002897 0.027740 0.598425 0.364635 0.006303
2 3 0.002586 0.056482 0.617718 0.305492 0.017723
2 3 0.002021 0.047686 0.665053 0.269728 0.015512
2 3 0.000836 0.014376 0.526186 0.454541 0.004061
2 3 0.002344 0.036128 0.524776 0.423119 0.013634
2 3 0.001828 0.014402 0.500953 0.478423 0.004394
2 3 0.000957 0.020068 0.608657 0.363534 0.006784
3 3 0.000598 0.003376 0.280437 0.714755 0.000834
2 3 0.000033 0.001589 0.634445 0.363615 0.000318
2 3 0.002459 0.057218 0.551952 0.367301 0.021070
2 3 0.000532 0.015155 0.512051 0.466577 0.005685
3 3 0.000709 0.006809 0.319502 0.670675 0.002305
3 3 0.000483 0.008161 0.436440 0.550604 0.004311
2 3 0.000277 0.003787 0.504537 0.490151 0.001248
2 3 0.000463 0.006409 0.521767 0.469206 0.002155
3 3 0.000440 0.002971 0.322398 0.673533 0.000658
3 3 0.000440 0.004448 0.372469 0.621444 0.001200
3 3 0.000074 0.000663 0.254606 0.744534 0.000123
3 3 0.000027 0.000491 0.343926 0.655450 0.000106
3 3 0.000284 0.002442 0.329643 0.667026 0.000604
3 3 0.000283 0.001947 0.297180 0.700094 0.000495
3 3 0.000075 0.000413 0.109363 0.889995 0.000154
3 3 0.000058 0.000299 0.110308 0.889260 0.000075
3 3 0.000036 0.000091 0.050378 0.949467 0.000028
3 3 0.000047 0.000125 0.043401 0.956383 0.000044
3 3 0.000049 0.000100 0.034926 0.964894 0.000032
3 3 0.000258 0.000254 0.026783 0.972621 0.000083
3 3 0.000026 0.000212 0.100625 0.899048 0.000089
3 3 0.000020 0.000145 0.078921 0.920861 0.000053
3 3 0.001978 0.002872 0.063627 0.929959 0.001564
3 3 0.004866 0.008972 0.085057 0.896829 0.004276
3 3 0.007023 0.063759 0.449624 0.464976 0.014618
3 3 0.011284 0.054401 0.341188 0.578511 0.014616
2 3 0.055223 0.300564 0.508273 0.061156 0.074784
2 3 0.033916 0.369763 0.495177 0.031040 0.070104
2 3 0.013847 0.219410 0.473865 0.101213 0.191665
2 3 0.018417 0.279602 0.501801 0.050404 0.149775
2 3 0.024985 0.233109 0.619646 0.083215 0.039044
2 0 0.018265 0.283117 0.580215 0.044399 0.074003
1 0 0.213915 0.507466 0.238663 0.003504 0.036453
1 0 0.098152 0.604990 0.268429 0.001809 0.026619
1 0 0.298971 0.383518 0.145463 0.027714 0.144333
0 0 0.801116 0.092376 0.046300 0.012790 0.047419
0 0 0.697127 0.076868 0.028807 0.019982 0.177215
0 0 0.624796 0.059055 0.022136 0.008990 0.285024
4 0 0.350456 0.134916 0.056681 0.007574 0.450374
4 1 0.038053 0.200855 0.111905 0.010268 0.638919
4 1 0.004334 0.135613 0.324655 0.015598 0.519800
4 4 0.012709 0.105146 0.081712 0.001613 0.798820
4 4 0.011690 0.152558 0.195379 0.009874 0.630499
4 4 0.015884 0.205084 0.239808 0.027877 0.511346
4 4 0.006950 0.196671 0.271326 0.005124 0.519930
4 4 0.011319 0.214785 0.233712 0.005191 0.534993
4 4 0.019237 0.214829 0.173752 0.002929 0.589254
4 4 0.104988 0.350854 0.133102 0.003655 0.407401
4 4 0.013311 0.155595 0.125208 0.002492 0.703393
4 4 0.026575 0.186966 0.100211 0.000795 0.685453
4 4 0.018941 0.102526 0.051332 0.000985 0.826216
4 4 0.015398 0.167953 0.141304 0.007641 0.667704
4 4 0.108649 0.136710 0.027212 0.000533 0.726896
4 4 0.011246 0.034783 0.010563 0.000030 0.943378
4 4 0.003355 0.021444 0.009474 0.000010 0.965718
4 4 0.003233 0.019497 0.008206 0.000007 0.969056
4 4 0.025403 0.131466 0.066743 0.002188 0.774200
4 4 0.004026 0.033790 0.018762 0.000041 0.943382
4 4 0.001464 0.015454 0.008861 0.000005 0.974216
4 4 0.003289 0.028834 0.016082 0.000026 0.951769
4 4 0.011818 0.114036 0.101290 0.002362 0.770495
4 4 0.010336 0.101030 0.072452 0.001224 0.814958
4 4 0.004776 0.023371 0.008881 0.000011 0.962961
4 4 0.007680 0.038602 0.015980 0.000049 0.937689
4 4 0.002971 0.045406 0.037899 0.000126 0.913599
4 4 0.004787 0.059706 0.050038 0.000292 0.885177
4 4 0.007743 0.061351 0.035822 0.000234 0.894850
4 4 0.001308 0.032034 0.044500 0.000075 0.922082
4 4 0.001556 0.030476 0.035560 0.000057 0.932351
4 4 0.012480 0.081321 0.043965 0.000512 0.861721
4 4 0.005437 0.054570 0.036184 0.000182 0.903628
4 4 0.002003 0.018398 0.009927 0.000007 0.969665
4 4 0.007092 0.093286 0.079254 0.001089 0.819280
4 4 0.016924 0.145876 0.103187 0.003988 0.730025
4 4 0.005333 0.070870 0.065898 0.000536 0.857363
4 4 0.006657 0.122565 0.134370 0.003275 0.733133
4 4 0.001866 0.030850 0.025570 0.000041 0.941673
4 4 0.001370 0.026786 0.024115 0.000029 0.947700
4 4 0.013715 0.085947 0.045761 0.000599 0.853978
4 4 0.011314 0.066782 0.032996 0.000268 0.888640
4 4 0.097731 0.340487 0.136766 0.007489 0.417527
1 4 0.120833 0.441941 0.179822 0.009690 0.247713
4 4 0.016908 0.220643 0.208814 0.013341 0.540293
4 4 0.009129 0.175035 0.212083 0.013399 0.590354
4 4 0.008265 0.175180 0.263005 0.019582 0.533968
4 4 0.010086 0.184031 0.232421 0.017994 0.555468
2 4 0.018542 0.288865 0.382539 0.024392 0.285662
2 4 0.004400 0.185180 0.625779 0.015300 0.169340
2 4 0.004991 0.155994 0.600200 0.069287 0.169528
2 4 0.032431 0.337691 0.424738 0.035287 0.169852
2 4 0.022407 0.317292 0.407620 0.025870 0.226812
2 4 0.027162 0.346761 0.402009 0.023362 0.200707
2 4 0.041283 0.336176 0.349741 0.074731 0.198068
1 4 0.056560 0.359758 0.322959 0.054812 0.205911
4 4 0.022868 0.282863 0.285599 0.024806 0.383863
4 4 0.032768 0.316228 0.253610 0.024884 0.372510
1 4 0.096049 0.401198 0.197770 0.033798 0.271184
4 4 0.080046 0.311003 0.188683 0.012743 0.407524
4 4 0.114581 0.323362 0.113341 0.005787 0.442929
4 4 0.055546 0.234968 0.106799 0.005053 0.597634
2 1 0.003689 0.169493 0.542590 0.013028 0.271200
2 1 0.002516 0.132354 0.608131 0.026572 0.230426
2 1 0.003704 0.131334 0.653259 0.088221 0.123482
2 1 0.005130 0.149370 0.596630 0.094456 0.154414
2 1 0.005550 0.187716 0.638509 0.013666 0.154558
2 1 0.014491 0.285657 0.469182 0.018898 0.211772
1 1 0.031798 0.379223 0.281969 0.003028 0.303982
1 0 0.029163 0.374449 0.288044 0.002687 0.305657
0 0 0.522025 0.230205 0.083366 0.014638 0.149765
0 0 0.641352 0.175781 0.080330 0.020679 0.081858
1 0 0.271200 0.396382 0.141154 0.014285 0.176979
1 1 0.073917 0.374008 0.195838 0.016145 0.340092
4 1 0.017981 0.061387 0.021466 0.000167 0.898999
4 1 0.051424 0.170397 0.069098 0.004509 0.704571
4 1 0.024990 0.202775 0.147802 0.013556 0.610877
4 1 0.030604 0.232682 0.149841 0.005739 0.581133
4 1 0.009807 0.085703 0.065413 0.000833 0.838244
4 1 0.009484 0.155887 0.166911 0.007436 0.660282
4 1 0.013054 0.271641 0.307316 0.006236 0.401753
4 1 0.010793 0.276623 0.336924 0.003729 0.371931
1 1 0.130246 0.481380 0.195076 0.010212 0.183087
0 1 0.416974 0.338578 0.124697 0.011184 0.108567
1 1 0.194946 0.505780 0.164830 0.009972 0.124472
1 1 0.127047 0.520279 0.222652 0.011753 0.118270
1 1 0.085071 0.387361 0.170769 0.004379 0.352421
4 1 0.045383 0.329064 0.209257 0.011379 0.404917
1 0 0.135494 0.515720 0.250675 0.016214 0.081898
0 0 0.556953 0.246377 0.103657 0.011688 0.081326
0 0 0.906352 0.057887 0.024130 0.000254 0.011378
0 0 0.909385 0.057221 0.021438 0.000164 0.011792
0 0 0.880649 0.063618 0.037980 0.002703 0.015049
0 0 0.747719 0.147598 0.077052 0.002723 0.024908
0 0 0.955068 0.022097 0.013928 0.001416 0.007491
0 0 0.768353 0.123092 0.055620 0.006233 0.046701
4 0 0.038964 0.193004 0.102537 0.008512 0.656983
4 0 0.053741 0.192772 0.084062 0.007364 0.662061
4 0 0.184949 0.239376 0.112309 0.005247 0.458119
0 0 0.594987 0.197035 0.077741 0.019341 0.110896
2 0 0.077355 0.359736 0.450607 0.063097 0.049206
1 0 0.174550 0.350521 0.330521 0.059425 0.084982
1 1 0.028045 0.391005 0.336152 0.006462 0.238336
1 1 0.027281 0.396005 0.323697 0.002675 0.250342
2 1 0.057031 0.426413 0.427339 0.033608 0.055608
1 1 0.069510 0.448588 0.392549 0.021314 0.068039
1 1 0.224230 0.492845 0.140465 0.005945 0.136516
1 1 0.322178 0.440733 0.116469 0.002556 0.118064
4 1 0.055928 0.337273 0.191356 0.010649 0.404795
4 1 0.044518 0.258987 0.128507 0.001824 0.566163
4 0 0.210728 0.224152 0.058755 0.013973 0.492392
0 0 0.727410 0.079605 0.027815 0.008032 0.157138
0 0 0.582932 0.176822 0.064027 0.014662 0.161557
0 0 0.427457 0.175674 0.048935 0.004076 0.343858
4 0 0.195655 0.285867 0.123670 0.005195 0.389613
4 0 0.067118 0.327582 0.172186 0.017619 0.415495
4 0 0.224212 0.304471 0.140321 0.015673 0.315323
0 0 0.576883 0.206013 0.079097 0.013096 0.124912
4 0 0.267557 0.235297 0.079382 0.012324 0.405440
0 0 0.614268 0.129215 0.052811 0.013951 0.189755
0 0 0.861889 0.074520 0.027744 0.001558 0.034289
0 0 0.806479 0.103352 0.029234 0.001183 0.059751
0 0 0.848805 0.063221 0.027283 0.004346 0.056343
0 0 0.908205 0.046741 0.018901 0.001477 0.024676
0 0 0.964000 0.015439 0.010556 0.002612 0.007394
0 0 0.939458 0.027436 0.013651 0.002477 0.016979
0 0 0.774512 0.123606 0.054163 0.004463 0.043257
0 0 0.764331 0.125595 0.064998 0.007392 0.037684
0 0 0.840405 0.078584 0.057216 0.007591 0.016204
0 0 0.697878 0.152521 0.094974 0.016991 0.037636
0 0 0.904405 0.052425 0.035776 0.000873 0.006521
0 0 0.891076 0.056039 0.038839 0.003014 0.011032
0 0 0.859215 0.070536 0.037162 0.005493 0.027595
0 0 0.841030 0.081606 0.030370 0.002664 0.044330
0 0 0.853811 0.068317 0.038205 0.009367 0.030300
0 0 0.847406 0.076587 0.050742 0.006632 0.018632
0 0 0.847417 0.074661 0.043180 0.007917 0.026825
0 0 0.816587 0.086245 0.050090 0.012958 0.034120
0 0 0.848626 0.079757 0.049674 0.004231 0.017712
0 0 0.862827 0.075841 0.041482 0.002250 0.017600
0 0 0.831465 0.082345 0.050793 0.009500 0.025897
0 0 0.766913 0.123388 0.070587 0.007945 0.031166
0 0 0.900062 0.050989 0.035963 0.002864 0.010122
0 0 0.871776 0.068448 0.036919 0.002961 0.019897
0 0 0.589235 0.152391 0.061874 0.050239 0.146261
0 0 0.444468 0.141518 0.116934 0.022681 0.274398
0 0 0.867729 0.075310 0.034529 0.001412 0.021019
0 0 0.937778 0.029781 0.023783 0.002448 0.006209
0 0 0.907954 0.046628 0.023709 0.002570 0.019138
0 0 0.909626 0.041963 0.016773 0.002237 0.029401
0 0 0.613846 0.149968 0.048983 0.008233 0.178970
0 0 0.817155 0.070964 0.023089 0.006325 0.082467
4 0 0.053031 0.307727 0.164627 0.005924 0.468691
4 1 0.014161 0.204882 0.214741 0.020317 0.545899
4 1 0.005306 0.152608 0.223203 0.006526 0.612358
4 1 0.001236 0.103078 0.344382 0.002935 0.548369
4 1 0.005938 0.100905 0.094334 0.000648 0.798175
4 1 0.011297 0.088855 0.046206 0.000097 0.853544
4 4 0.007351 0.020735 0.005545 0.000006 0.966363
4 4 0.003132 0.035656 0.024020 0.000054 0.937137
4 4 0.004541 0.019662 0.006773 0.000007 0.969018
4 4 0.004170 0.029247 0.014268 0.000025 0.952290
4 4 0.008055 0.015165 0.003040 0.000002 0.973738
4 4 0.006947 0.012508 0.002378 0.000001 0.978166
4 4 0.011302 0.035307 0.010810 0.000031 0.942550
4 4 0.014276 0.053785 0.019588 0.000117 0.912233
4 4 0.002637 0.007636 0.001814 0.000000 0.987913
4 4 0.003412 0.005999 0.001019 0.000000 0.989570
4 4 0.006878 0.027312 0.009337 0.000016 0.956457
4 4 0.003289 0.015611 0.005512 0.000004 0.975584
4 4 0.003800 0.037185 0.022979 0.000058 0.935979
4 4 0.003904 0.026769 0.012724 0.000019 0.956584
4 4 0.006159 0.020363 0.005983 0.000006 0.967488
4 4 0.005321 0.015700 0.004155 0.000003 0.974821
4 4 0.043730 0.077491 0.018862 0.000269 0.859648
4 4 0.007186 0.042410 0.019619 0.000069 0.930716
4 4 0.001693 0.008247 0.002716 0.000001 0.987343
4 4 0.001368 0.007664 0.002721 0.000000 0.988246
4 4 0.002763 0.026789 0.015727 0.000022 0.954700
4 4 0.002968 0.011330 0.003357 0.000001 0.982344
4 4 0.001955 0.007984 0.002352 0.000000 0.987708
4 4 0.006122 0.016429 0.004130 0.000003 0.973315
4 4 0.006554 0.019630 0.005404 0.000006 0.968407
4 4 0.010822 0.024520 0.005873 0.000010 0.958776
4 4 0.007124 0.025218 0.007952 0.000012 0.959694
4 4 0.006835 0.029852 0.010946 0.000022 0.952345
4 4 0.003330 0.023792 0.011410 0.000014 0.961455
4 4 0.006263 0.069978 0.051412 0.000407 0.871940
4 4 0.002254 0.040050 0.035990 0.000092 0.921613
4 4 0.006314 0.076682 0.060131 0.000562 0.856311
4 4 0.017814 0.264607 0.264398 0.013702 0.439480
4 4 0.007582 0.218977 0.325782 0.005706 0.441953
4 4 0.017493 0.222124 0.217095 0.024158 0.519130
4 4 0.007119 0.165400 0.252179 0.015395 0.559907
4 4 0.006048 0.187486 0.395159 0.014808 0.396498
2 4 0.012042 0.265298 0.375892 0.010350 0.336418
4 4 0.002966 0.158934 0.295128 0.001634 0.541338
4 2 0.003860 0.174993 0.295301 0.001918 0.523927
4 2 0.010741 0.203964 0.238599 0.011585 0.535111
4 2 0.012097 0.194910 0.180750 0.002028 0.610215
2 2 0.018322 0.333003 0.336076 0.005499 0.307100
1 2 0.021999 0.371143 0.334200 0.002747 0.269910
4 2 0.006457 0.130463 0.153372 0.004342 0.705367
4 2 0.001749 0.059945 0.094290 0.000484 0.843532
4 2 0.005829 0.111077 0.122209 0.002367 0.758517
4 2 0.004578 0.055533 0.041443 0.000208 0.898238
1 2 0.052960 0.365835 0.212671 0.006315 0.362219
4 2 0.043109 0.337090 0.207264 0.004628 0.407909
4 2 0.011539 0.126147 0.100645 0.002714 0.758954
4 2 0.010108 0.088432 0.057905 0.000744 0.842812
4 2 0.158469 0.178043 0.067566 0.010091 0.585831
0 2 0.694665 0.128604 0.057820 0.010726 0.108186
4 2 0.042176 0.203946 0.108026 0.010457 0.635394
4 2 0.014212 0.142554 0.110263 0.003979 0.728992
4 2 0.008805 0.172835 0.211953 0.012929 0.593478
4 2 0.002525 0.120544 0.373745 0.014977 0.488209
2 2 0.005255 0.141770 0.556027 0.124607 0.172342
2 2 0.006488 0.180802 0.533672 0.049794 0.229244
2 2 0.003294 0.137139 0.586853 0.046098 0.226615
2 2 0.010097 0.179057 0.440503 0.128485 0.241858
2 2 0.000919 0.086328 0.770590 0.023066 0.119097
2 2 0.001251 0.100897 0.744131 0.021463 0.132258
2 2 0.001627 0.112075 0.704934 0.024067 0.157297
2 2 0.000879 0.090643 0.715719 0.014459 0.178301
2 2 0.001589 0.099105 0.760763 0.046400 0.092143
2 3 0.001128 0.077762 0.780146 0.069725 0.071240
2 3 0.000794 0.059152 0.790876 0.103907 0.045270
2 3 0.000686 0.067521 0.848837 0.033796 0.049160
2 3 0.000109 0.038649 0.908464 0.003513 0.049265
2 3 0.000806 0.082486 0.811383 0.018899 0.086426
2 3 0.000717 0.055493 0.771135 0.118914 0.053740
2 3 0.001254 0.066066 0.679143 0.185354 0.068183
2 3 0.000139 0.014771 0.825352 0.151852 0.007886
2 3 0.000089 0.015316 0.752203 0.218727 0.013665
2 3 0.000127 0.012109 0.782164 0.200505 0.005095
2 3 0.000408 0.029520 0.614843 0.330641 0.024588
2 3 0.001405 0.064378 0.618924 0.243519 0.071774
2 3 0.000395 0.036980 0.724013 0.189661 0.048951
2 3 0.000181 0.010299 0.713739 0.268130 0.007651
2 3 0.000184 0.022726 0.715570 0.235690 0.025831
2 3 0.000108 0.008320 0.650960 0.336302 0.004310
2 3 0.000148 0.007138 0.696345 0.293107 0.003262
3 3 0.000117 0.004663 0.387929 0.603380 0.003911
3 3 0.000195 0.004022 0.334259 0.658046 0.003478
2 3 0.000567 0.022852 0.535438 0.419507 0.021636
3 3 0.000885 0.016883 0.392116 0.577207 0.012910
3 3 0.000098 0.002207 0.264427 0.731735 0.001532
3 3 0.000077 0.001289 0.267764 0.729961 0.000908
3 3 0.000194 0.001456 0.148386 0.848815 0.001149
3 3 0.000108 0.001124 0.170848 0.826950 0.000970
3 3 0.000117 0.000760 0.109778 0.888789 0.000556
3 3 0.000198 0.001133 0.112423 0.885445 0.000800
3 3 0.000300 0.001355 0.100322 0.897129 0.000894
3 3 0.000342 0.001325 0.086469 0.911060 0.000803
3 3 0.001396 0.004547 0.125004 0.865943 0.003109
3 3 0.001645 0.006271 0.154594 0.832876 0.004614
3 3 0.000221 0.000384 0.037759 0.961432 0.000204
3 3 0.000200 0.000540 0.051387 0.947582 0.000291
3 3 0.000139 0.000259 0.035860 0.963600 0.000142
3 3 0.000168 0.000256 0.032971 0.966462 0.000143
3 3 0.000155 0.000541 0.062276 0.936711 0.000318
3 3 0.000163 0.000374 0.042735 0.956528 0.000200
3 3 0.000155 0.000195 0.026297 0.973251 0.000102
3 3 0.000255 0.000195 0.019416 0.980040 0.000094
3 3 0.000208 0.000236 0.025986 0.973450 0.000121
3 3 0.000273 0.000543 0.046229 0.952652 0.000302
3 3 0.000047 0.000074 0.019924 0.979919 0.000035
3 3 0.000124 0.000181 0.025496 0.974112 0.000087
3 3 0.000066 0.000129 0.032878 0.966849 0.000078
3 3 0.000072 0.000097 0.022027 0.977753 0.000051
3 3 0.000159 0.000229 0.028677 0.970818 0.000117
3 3 0.000160 0.000272 0.035148 0.964268 0.000151
3 3 0.000068 0.000059 0.012064 0.987785 0.000024
3 3 0.000161 0.000118 0.014360 0.985311 0.000049
3 3 0.000186 0.000205 0.021581 0.977937 0.000091
3 3 0.000149 0.000094 0.012458 0.987260 0.000039
3 3 0.000045 0.000040 0.010277 0.989623 0.000015
3 3 0.000047 0.000031 0.009197 0.990712 0.000013
3 3 0.000040 0.000040 0.012530 0.987373 0.000017
3 3 0.000076 0.000057 0.010248 0.989599 0.000021
3 3 0.000017 0.000056 0.027789 0.972110 0.000029
3 3 0.000130 0.000143 0.019161 0.980504 0.000063
3 3 0.000221 0.000140 0.016427 0.983143 0.000069
3 3 0.000831 0.000405 0.017731 0.980856 0.000176
3 3 0.000054 0.000041 0.011145 0.988742 0.000018
3 3 0.000056 0.000023 0.005843 0.994071 0.000008
3 3 0.000288 0.000174 0.015401 0.984060 0.000076
3 3 0.000172 0.000223 0.027312 0.972178 0.000115
3 3 0.000206 0.000147 0.016676 0.982903 0.000068
3 3 0.000381 0.000332 0.023468 0.975663 0.000156
3 3 0.000127 0.000057 0.008381 0.991414 0.000022
3 3 0.000043 0.000027 0.008079 0.991840 0.000011
3 3 0.000040 0.000024 0.007422 0.992505 0.000009
3 3 0.000099 0.000047 0.008072 0.991764 0.000018
3 3 0.000109 0.000108 0.016634 0.983102 0.000047
3 3 0.000072 0.000063 0.013256 0.986583 0.000027
3 3 0.000103 0.000065 0.010328 0.989479 0.000025
3 3 0.000112 0.000057 0.008938 0.990871 0.000022
3 3 0.000052 0.000027 0.007168 0.992743 0.000010
3 3 0.000186 0.000197 0.022892 0.976628 0.000096
3 3 0.000110 0.000054 0.008520 0.991296 0.000020
3 3 0.000077 0.000061 0.012164 0.987673 0.000025
3 3 0.000045 0.000018 0.005280 0.994650 0.000006
3 3 0.000056 0.000038 0.010407 0.989482 0.000017
3 3 0.000071 0.000041 0.008121 0.991752 0.000015
3 3 0.000041 0.000030 0.009596 0.990320 0.000013
3 3 0.000025 0.000016 0.007310 0.992643 0.000007
3 3 0.000083 0.000045 0.008360 0.991495 0.000017
3 3 0.000087 0.000051 0.009019 0.990824 0.000019
3 3 0.000047 0.000028 0.007694 0.992221 0.000011
3 3 0.000050 0.000044 0.010942 0.988947 0.000017
3 3 0.000030 0.000028 0.010209 0.989722 0.000011
3 3 0.000434 0.000122 0.009366 0.990026 0.000051
3 3 0.000173 0.000042 0.006052 0.993717 0.000017
3 3 0.000052 0.000033 0.008248 0.991654 0.000012
3 3 0.000066 0.000046 0.009120 0.990752 0.000016
3 3 0.000056 0.000043 0.010926 0.988957 0.000018
3 3 0.000034 0.000043 0.013809 0.986096 0.000018
3 3 0.000083 0.000045 0.008282 0.991573 0.000017
3 3 0.000076 0.000052 0.011012 0.988837 0.000022
3 3 0.000015 0.000007 0.003885 0.996091 0.000002
3 3 0.000036 0.000018 0.005650 0.994290 0.000006
3 3 0.000451 0.000104 0.008257 0.991143 0.000044
3 3 0.000460 0.000144 0.010366 0.988969 0.000061
3 3 0.000095 0.000046 0.007988 0.991854 0.000017
3 3 0.000115 0.000061 0.009124 0.990677 0.000023
3 3 0.000073 0.000041 0.008891 0.990977 0.000016
3 3 0.000068 0.000037 0.008092 0.991789 0.000014
3 3 0.000053 0.000035 0.008513 0.991385 0.000013
3 3 0.000093 0.000069 0.011881 0.987930 0.000028
3 3 0.000427 0.000590 0.036140 0.962549 0.000293
3 3 0.000469 0.000735 0.040509 0.957924 0.000363
3 3 0.000098 0.000661 0.152483 0.846528 0.000230
3 3 0.000173 0.000642 0.158098 0.840896 0.000192
3 3 0.000634 0.001787 0.313626 0.683792 0.000161
2 3 0.008194 0.012165 0.490044 0.488780 0.000817
2 1 0.063692 0.214302 0.455571 0.195933 0.070502
2 1 0.020234 0.227976 0.514146 0.122159 0.115485
2 1 0.022926 0.391989 0.467366 0.005957 0.111761
2 1 0.017294 0.354389 0.473747 0.005953 0.148616
4 1 0.016002 0.280355 0.294265 0.008663 0.400714
2 1 0.001963 0.123385 0.478776 0.011026 0.384851
2 1 0.007489 0.198500 0.423753 0.024545 0.345713
4 1 0.004138 0.143084 0.378873 0.024971 0.448933
4 1 0.005175 0.140667 0.202423 0.007098 0.644638
4 1 0.004570 0.136238 0.206452 0.006703 0.646038
4 1 0.006090 0.160035 0.297752 0.019427 0.516696
4 1 0.012593 0.202185 0.261043 0.028647 0.495531
2 1 0.002818 0.156796 0.428690 0.004940 0.406755
4 1 0.003043 0.148483 0.341781 0.004779 0.501914
2 1 0.009729 0.297257 0.377599 0.002081 0.313334
2 1 0.005042 0.209993 0.402153 0.003577 0.379235
4 1 0.010000 0.100706 0.073517 0.001228 0.814548
4 1 0.006719 0.130996 0.150717 0.004309 0.707259
4 1 0.004281 0.089392 0.111256 0.001377 0.793694
4 1 0.004554 0.116804 0.156747 0.003398 0.718497
2 1 0.003515 0.171562 0.473365 0.007254 0.344304
2 1 0.002822 0.162308 0.507401 0.006103 0.321365
2 1 0.005783 0.165812 0.401398 0.032093 0.394914
2 1 0.005274 0.169766 0.413574 0.021701 0.389684
2 1 0.002260 0.175144 0.517624 0.001665 0.303307
2 1 0.008876 0.231660 0.419415 0.013682 0.326367
2 1 0.007259 0.208307 0.428461 0.016042 0.339931
2 1 0.002046 0.138065 0.592128 0.009367 0.258394
2 1 0.000867 0.107928 0.802811 0.003416 0.084978
2 1 0.006606 0.262009 0.582508 0.003662 0.145214
2 1 0.004236 0.181319 0.485631 0.009812 0.319003
2 1 0.002194 0.146715 0.595612 0.007689 0.247790
2 1 0.004660 0.257241 0.609536 0.001299 0.127264
2 1 0.000849 0.117159 0.800110 0.001661 0.080221
1 1 0.036219 0.386911 0.290083 0.007491 0.279295
1 1 0.029953 0.357043 0.293611 0.002953 0.316440
1 1 0.185978 0.514973 0.173821 0.010087 0.115141
0 0 0.576219 0.246658 0.084259 0.004891 0.087973
0 0 0.768807 0.135298 0.072778 0.002210 0.020907
0 0 0.916146 0.041437 0.030058 0.003079 0.009280
0 0 0.836445 0.079641 0.075696 0.002558 0.005661
0 0 0.890152 0.048076 0.053478 0.004010 0.004283
1 0 0.030978 0.338150 0.316888 0.017303 0.296681
2 1 0.004984 0.168021 0.457971 0.025479 0.343545
2 1 0.003163 0.149678 0.425706 0.010168 0.411285
4 1 0.005209 0.188955 0.395872 0.008398 0.401566
4 1 0.001521 0.104042 0.389542 0.008440 0.496455
4 1 0.004702 0.143364 0.256221 0.010815 0.584897
4 1 0.016212 0.209621 0.203065 0.017579 0.553523
4 1 0.011760 0.168219 0.179274 0.008817 0.631930
4 1 0.003874 0.024035 0.010591 0.000013 0.961486
4 4 0.008713 0.029042 0.009002 0.000018 0.953226
4 4 0.005838 0.031340 0.013117 0.000027 0.949677
4 4 0.005548 0.025668 0.009548 0.000014 0.959222
4 4 0.002469 0.012536 0.004478 0.000002 0.980516
4 4 0.007445 0.028689 0.009695 0.000019 0.954153
4 4 0.033381 0.099054 0.032086 0.000321 0.835157
4 4 0.273606 0.243659 0.052520 0.001839 0.428376
4 4 0.054898 0.195592 0.085196 0.007767 0.656547
4 4 0.003107 0.040942 0.042752 0.000128 0.913071
2 4 0.010058 0.187968 0.385359 0.071554 0.345061
2 4 0.017167 0.263407 0.463535 0.027369 0.228522
4 4 0.005146 0.147976 0.283740 0.014384 0.548755
4 4 0.004869 0.118759 0.211682 0.005704 0.658986
