0 0 0.427536 0.282805 0.022226 0.000003 0.267430
4 0 0.381857 0.144510 0.046213 0.000027 0.427393
4 0 0.403025 0.043174 0.009706 0.000000 0.544095
0 0 0.871674 0.044313 0.024754 0.000044 0.059214
0 0 0.982332 0.009840 0.006163 0.000040 0.001625
0 0 0.980910 0.010694 0.006484 0.000038 0.001874
0 0 0.921414 0.053899 0.020559 0.000696 0.003431
0 0 0.937776 0.037205 0.020773 0.000697 0.003550
0 0 0.839019 0.106439 0.035772 0.000376 0.018395
0 0 0.862536 0.097988 0.029826 0.000550 0.009100
0 0 0.978543 0.010816 0.009216 0.000265 0.001161
0 0 0.974825 0.015151 0.008652 0.000207 0.001165
0 0 0.937434 0.037745 0.021078 0.001228 0.002515
0 0 0.859549 0.098077 0.035984 0.000933 0.005457
4 1 0.145385 0.327892 0.063114 0.000058 0.463552
4 1 0.040828 0.163397 0.064007 0.000100 0.731668
4 1 0.108502 0.299400 0.042561 0.000080 0.549457
4 1 0.028483 0.330592 0.060522 0.000118 0.580286
4 1 0.095320 0.297439 0.079427 0.000328 0.527487
4 1 0.141281 0.090454 0.019667 0.000005 0.748593
4 1 0.270427 0.140289 0.028760 0.000008 0.560516
4 1 0.183735 0.128723 0.020506 0.000004 0.667032
4 1 0.022698 0.289036 0.041512 0.000039 0.646716
4 1 0.016114 0.273868 0.044920 0.000062 0.665036
4 1 0.085677 0.176392 0.046338 0.000075 0.691519
0 1 0.494414 0.266167 0.010796 0.000000 0.228622
4 1 0.083667 0.255211 0.052300 0.000127 0.608695
4 1 0.021816 0.172902 0.077758 0.000353 0.727170
4 4 0.083909 0.062439 0.013894 0.000003 0.839755
4 4 0.031727 0.107073 0.052095 0.000848 0.808257
4 4 0.170861 0.077640 0.005891 0.000000 0.745607
4 4 0.058657 0.027547 0.014669 0.000005 0.899122
4 4 0.127462 0.036896 0.030866 0.000037 0.804738
4 4 0.079250 0.023291 0.009497 0.000001 0.887962
4 4 0.080568 0.051264 0.033620 0.000023 0.834526
4 4 0.115883 0.098046 0.039113 0.000054 0.746904
1 4 0.170938 0.413833 0.057564 0.000032 0.357633
4 4 0.068051 0.261440 0.098723 0.000086 0.571700
4 4 0.076806 0.148328 0.022837 0.000011 0.752018
4 4 0.065287 0.279759 0.016232 0.000005 0.638717
4 4 0.004605 0.363628 0.049412 0.000045 0.582310
4 4 0.006961 0.101786 0.016074 0.000181 0.874998
4 4 0.019365 0.261720 0.209561 0.000579 0.508776
1 4 0.072597 0.440936 0.166573 0.001536 0.318358
4 4 0.136064 0.230583 0.060517 0.000218 0.572618
4 4 0.032101 0.090732 0.084101 0.000194 0.792871
1 4 0.274230 0.394948 0.016295 0.000002 0.314525
4 4 0.066445 0.225902 0.046194 0.000034 0.661425
0 4 0.339432 0.320710 0.036036 0.000005 0.303816
4 4 0.207713 0.189387 0.033548 0.000003 0.569349
4 4 0.051148 0.249001 0.099097 0.000130 0.600624
4 4 0.229102 0.285489 0.046872 0.000006 0.438531
1 4 0.054249 0.452236 0.050035 0.000283 0.443196
4 4 0.008129 0.253904 0.119173 0.000466 0.618328
4 4 0.028041 0.259162 0.049267 0.000070 0.663459
4 4 0.012892 0.106900 0.045522 0.000234 0.834453
4 4 0.013502 0.081166 0.043183 0.000192 0.861957
4 4 0.063222 0.060682 0.018586 0.000003 0.857506
4 4 0.071421 0.393612 0.084907 0.000262 0.449797
4 4 0.049059 0.348548 0.177712 0.001027 0.423654
4 4 0.038735 0.178752 0.045379 0.000137 0.736996
4 4 0.018569 0.206539 0.059434 0.000124 0.715333
4 4 0.029283 0.136503 0.013657 0.000007 0.820551
4 4 0.062799 0.214355 0.010640 0.000003 0.712204
1 4 0.173607 0.359611 0.155458 0.000708 0.310616
1 4 0.254271 0.337150 0.222186 0.003296 0.183097
4 4 0.106846 0.201788 0.030708 0.000034 0.660624
4 4 0.020768 0.271369 0.067817 0.000693 0.639352
2 4 0.017550 0.288694 0.537089 0.001381 0.155286
2 4 0.010006 0.318214 0.592874 0.005147 0.073759
4 4 0.090077 0.273621 0.186901 0.000377 0.449024
1 4 0.219256 0.484442 0.125263 0.000784 0.170255
1 4 0.132130 0.502676 0.238441 0.002378 0.124375
1 4 0.127261 0.326886 0.284721 0.002672 0.258461
1 4 0.053409 0.431622 0.385911 0.001744 0.127314
2 4 0.019502 0.222621 0.442911 0.005015 0.309950
2 4 0.003693 0.171668 0.732229 0.016242 0.076168
2 4 0.020470 0.228095 0.670951 0.002228 0.078257
2 4 0.002296 0.139607 0.780173 0.004104 0.073820
2 4 0.011802 0.195530 0.731091 0.008591 0.052986
2 4 0.030035 0.262473 0.623087 0.013865 0.070538
2 2 0.067158 0.232333 0.628293 0.011331 0.060885
2 2 0.055542 0.228797 0.562088 0.024612 0.128961
2 2 0.079023 0.372818 0.472504 0.007942 0.067713
2 2 0.056945 0.268027 0.614555 0.009201 0.051272
2 2 0.038432 0.288978 0.582873 0.003023 0.086694
2 2 0.028436 0.273223 0.621516 0.004996 0.071829
2 2 0.022856 0.192620 0.723956 0.012268 0.048301
2 2 0.006260 0.220631 0.698289 0.008591 0.066229
2 2 0.007893 0.134839 0.792900 0.005683 0.058685
2 2 0.002986 0.107693 0.831725 0.011490 0.046106
2 2 0.016823 0.168774 0.753003 0.008764 0.052635
2 2 0.024345 0.221749 0.696913 0.009114 0.047880
2 2 0.022418 0.228110 0.688374 0.021196 0.039901
2 2 0.002106 0.085054 0.883634 0.008247 0.020959
2 2 0.001778 0.048624 0.927235 0.007170 0.015192
2 2 0.000515 0.013066 0.942266 0.037594 0.006559
2 2 0.000819 0.013210 0.933739 0.049704 0.002527
2 2 0.001027 0.023518 0.945078 0.020982 0.009395
2 2 0.000369 0.018101 0.953065 0.020128 0.008337
2 2 0.001931 0.041866 0.892090 0.032117 0.031995
2 2 0.003608 0.067867 0.870758 0.037397 0.020369
2 2 0.000527 0.034214 0.941790 0.009895 0.013575
2 2 0.000851 0.033408 0.942666 0.010492 0.012583
2 2 0.000235 0.006224 0.782386 0.209409 0.001747
2 2 0.000339 0.007908 0.798068 0.192689 0.000995
2 2 0.000093 0.003864 0.612922 0.382757 0.000364
2 2 0.000078 0.004158 0.686061 0.309083 0.000620
2 2 0.000093 0.004182 0.501190 0.493401 0.001134
2 2 0.000288 0.005899 0.656347 0.336640 0.000826
3 2 0.000446 0.007338 0.480003 0.510407 0.001806
3 2 0.000166 0.006733 0.397440 0.591516 0.004145
3 2 0.000634 0.010082 0.327861 0.656377 0.005046
3 2 0.000656 0.009515 0.463757 0.522401 0.003670
3 2 0.000262 0.007024 0.400683 0.590043 0.001988
2 2 0.003319 0.022122 0.789474 0.180704 0.004381
2 2 0.025041 0.128794 0.775469 0.039046 0.031650
2 2 0.037951 0.210001 0.722416 0.009778 0.019854
2 2 0.001617 0.109235 0.857944 0.006067 0.025137
2 2 0.000965 0.046817 0.935330 0.005735 0.011153
2 2 0.003973 0.082650 0.875713 0.014068 0.023596
2 2 0.006938 0.107291 0.839664 0.011308 0.034798
2 2 0.002080 0.029414 0.927907 0.031819 0.008780
2 2 0.002400 0.047558 0.894327 0.044523 0.011192
2 2 0.003019 0.038074 0.915285 0.035921 0.007700
2 2 0.001207 0.034329 0.882655 0.069733 0.012075
2 2 0.000131 0.006043 0.861944 0.130529 0.001354
2 2 0.000079 0.004663 0.736358 0.257711 0.001188
2 2 0.000230 0.006447 0.513612 0.477910 0.001801
3 2 0.000124 0.003686 0.335047 0.660117 0.001026
2 2 0.001176 0.010560 0.574914 0.410712 0.002638
3 2 0.000411 0.007075 0.456053 0.533385 0.003076
2 2 0.000164 0.006931 0.512541 0.478614 0.001750
2 2 0.000394 0.008624 0.723045 0.265961 0.001976
3 2 0.000178 0.004841 0.416068 0.576969 0.001944
3 2 0.000143 0.005041 0.410801 0.582446 0.001569
2 2 0.001015 0.010592 0.497568 0.488063 0.002761
3 2 0.000119 0.004885 0.346773 0.645407 0.002816
3 2 0.000322 0.004727 0.284124 0.708958 0.001869
3 2 0.000354 0.005578 0.317805 0.674235 0.002028
3 2 0.000143 0.002910 0.275925 0.720490 0.000532
3 2 0.000097 0.002846 0.269900 0.726384 0.000772
3 2 0.000957 0.011229 0.286988 0.692938 0.007889
3 2 0.001045 0.011535 0.293806 0.687691 0.005924
3 2 0.000206 0.002068 0.175732 0.821805 0.000189
3 2 0.000049 0.001349 0.151576 0.846800 0.000226
3 2 0.000181 0.002533 0.200929 0.795937 0.000420
3 2 0.000086 0.001399 0.108989 0.889158 0.000368
3 2 0.000372 0.003967 0.178101 0.816412 0.001148
3 3 0.000878 0.005410 0.154777 0.837101 0.001833
3 3 0.000161 0.002911 0.133045 0.862344 0.001538
2 2 0.007392 0.011779 0.524259 0.455453 0.001118
0 2 0.460494 0.227176 0.159836 0.002282 0.150212
0 1 0.638966 0.193069 0.100343 0.000895 0.066726
2 1 0.090623 0.385257 0.430168 0.004251 0.089702
2 1 0.031921 0.378426 0.429831 0.006034 0.153789
2 1 0.026473 0.231649 0.707690 0.004728 0.029460
2 1 0.007815 0.230774 0.712702 0.006252 0.042458
2 1 0.013935 0.198683 0.720956 0.006069 0.060357
2 1 0.049543 0.256204 0.667462 0.004202 0.022590
2 1 0.010652 0.250655 0.678882 0.004196 0.055615
2 1 0.005643 0.112786 0.835159 0.004127 0.042287
2 1 0.002638 0.112318 0.859015 0.010025 0.016004
2 1 0.002075 0.064332 0.912083 0.006208 0.015301
2 1 0.013565 0.223810 0.656627 0.002737 0.103260
2 1 0.044857 0.306811 0.544655 0.001667 0.102009
1 1 0.049120 0.453234 0.406954 0.000686 0.090007
2 1 0.009315 0.335519 0.528530 0.003431 0.123204
2 1 0.005203 0.127108 0.842943 0.006650 0.018096
2 1 0.003351 0.140346 0.820120 0.005464 0.030719
2 1 0.005835 0.115541 0.813686 0.006694 0.058245
2 1 0.002297 0.120660 0.852892 0.002643 0.021508
1 1 0.075397 0.387194 0.264242 0.001351 0.271816
1 1 0.060001 0.454711 0.277118 0.004345 0.203825
2 1 0.025323 0.261325 0.650451 0.004156 0.058745
2 1 0.023237 0.308726 0.586862 0.002718 0.078457
1 1 0.181501 0.407724 0.249965 0.000666 0.160145
1 1 0.109782 0.482698 0.289510 0.001856 0.116153
2 1 0.009995 0.172244 0.779737 0.007173 0.030851
2 1 0.012310 0.153544 0.785317 0.006157 0.042672
2 1 0.016506 0.339489 0.486916 0.003624 0.153465
1 1 0.045353 0.442463 0.381465 0.001311 0.129408
0 0 0.476207 0.256679 0.121003 0.000793 0.145317
0 0 0.850145 0.109914 0.022551 0.000067 0.017323
1 0 0.276953 0.412973 0.256927 0.004174 0.048973
0 0 0.660748 0.215226 0.096499 0.000703 0.026824
0 0 0.818696 0.126920 0.039904 0.000220 0.014260
0 0 0.862660 0.083205 0.045714 0.003544 0.004878
0 0 0.909475 0.066530 0.012834 0.000023 0.011139
0 0 0.909239 0.069572 0.011424 0.000019 0.009747
0 0 0.909874 0.067680 0.014948 0.000071 0.007427
0 0 0.877869 0.090730 0.022443 0.000221 0.008737
0 0 0.920706 0.060700 0.012493 0.000053 0.006048
0 0 0.951971 0.030296 0.014126 0.000202 0.003406
0 0 0.954698 0.024237 0.016306 0.000214 0.004545
0 0 0.957117 0.023728 0.015539 0.000149 0.003467
0 0 0.987894 0.008046 0.002998 0.000007 0.001055
0 0 0.969424 0.008707 0.014797 0.000202 0.006870
0 0 0.947994 0.032405 0.015972 0.000319 0.003310
0 0 0.953454 0.029616 0.014417 0.000477 0.002036
0 0 0.976963 0.014007 0.007736 0.000145 0.001148
0 0 0.969747 0.019541 0.008874 0.000122 0.001716
0 0 0.877294 0.091612 0.024501 0.000521 0.006071
0 0 0.662556 0.269948 0.054587 0.001783 0.011127
0 0 0.873125 0.086874 0.028105 0.000388 0.011509
0 0 0.919173 0.049555 0.026131 0.001102 0.004038
0 0 0.988589 0.004779 0.005715 0.000094 0.000823
0 0 0.935042 0.051171 0.010960 0.000117 0.002709
0 0 0.852486 0.112828 0.024343 0.000234 0.010108
0 0 0.923595 0.055399 0.013083 0.000042 0.007882
0 0 0.965408 0.022750 0.010237 0.000300 0.001304
0 0 0.975085 0.014597 0.008777 0.000169 0.001372
0 0 0.987597 0.006598 0.004735 0.000034 0.001037
0 0 0.993314 0.003465 0.002319 0.000004 0.000898
0 0 0.985970 0.007206 0.005463 0.000038 0.001323
0 0 0.988466 0.005844 0.004438 0.000021 0.001231
0 0 0.978442 0.010944 0.009318 0.000594 0.000702
0 0 0.956305 0.026100 0.015044 0.001469 0.001083
0 0 0.970126 0.018506 0.009059 0.000088 0.002220
0 0 0.974185 0.011660 0.011609 0.000195 0.002350
0 0 0.983424 0.006481 0.008730 0.000858 0.000507
0 0 0.964239 0.025167 0.009217 0.000267 0.001110
0 0 0.756592 0.191787 0.040611 0.000747 0.010263
0 0 0.729008 0.167384 0.026482 0.000013 0.077113
4 0 0.182865 0.227586 0.024405 0.000008 0.565135
4 0 0.341445 0.204709 0.014826 0.000001 0.439018
4 1 0.177745 0.163884 0.012013 0.000001 0.646356
4 1 0.213269 0.172766 0.012291 0.000001 0.601673
4 1 0.019806 0.243527 0.041064 0.000745 0.694858
4 1 0.012275 0.406229 0.069720 0.000216 0.511559
4 1 0.327173 0.283046 0.012593 0.000001 0.377188
4 1 0.107045 0.245547 0.039025 0.000025 0.608358
4 1 0.093286 0.140115 0.005652 0.000000 0.760946
4 1 0.067966 0.132059 0.028608 0.000045 0.771323
4 1 0.053745 0.177025 0.090612 0.000505 0.678113
1 1 0.158714 0.463113 0.035285 0.000037 0.342852
0 1 0.555820 0.156938 0.007679 0.000000 0.279562
4 1 0.255716 0.126925 0.013188 0.000001 0.604170
4 1 0.067112 0.173497 0.039799 0.000050 0.719541
4 1 0.077756 0.399970 0.047480 0.000191 0.474603
4 1 0.252733 0.238027 0.014698 0.000001 0.494541
4 1 0.037494 0.136566 0.089775 0.000300 0.735866
4 1 0.336108 0.186150 0.026765 0.000004 0.450972
4 1 0.190618 0.205193 0.017381 0.000001 0.586807
1 1 0.018939 0.536900 0.082022 0.000106 0.362032
1 1 0.034203 0.519248 0.083476 0.000148 0.362925
4 1 0.063897 0.283880 0.008419 0.000001 0.643803
4 1 0.044694 0.205846 0.007429 0.000001 0.742029
4 1 0.058693 0.239944 0.023135 0.000034 0.678195
4 1 0.022984 0.363211 0.051195 0.000141 0.562468
4 1 0.047095 0.363893 0.075873 0.000219 0.512919
1 1 0.148782 0.402334 0.051559 0.000091 0.397233
4 1 0.143425 0.179797 0.034217 0.000031 0.642530
4 1 0.370885 0.208543 0.014146 0.000001 0.406425
1 1 0.042078 0.490315 0.117192 0.001028 0.349386
1 1 0.150367 0.645694 0.052280 0.000076 0.151583
1 1 0.025277 0.540184 0.063236 0.000090 0.371212
1 1 0.007732 0.529172 0.074334 0.000020 0.388742
1 1 0.029470 0.640810 0.045202 0.000015 0.284502
1 1 0.030521 0.532685 0.051621 0.000021 0.385152
4 1 0.222200 0.338496 0.047425 0.000011 0.391868
0 1 0.627555 0.233592 0.022877 0.000005 0.115971
1 1 0.061248 0.490897 0.079303 0.000182 0.368369
1 1 0.015583 0.462807 0.130567 0.000621 0.390421
1 1 0.024712 0.412660 0.177938 0.003449 0.381240
1 1 0.139637 0.467765 0.037104 0.000062 0.355432
1 1 0.103975 0.470746 0.023075 0.000006 0.402199
1 1 0.074227 0.481494 0.032861 0.000101 0.411318
1 1 0.129620 0.517238 0.161639 0.000642 0.190862
1 1 0.042269 0.512951 0.297745 0.003355 0.143680
1 1 0.073065 0.353130 0.333970 0.003837 0.235999
0 1 0.420616 0.374533 0.129939 0.000518 0.074394
1 1 0.161909 0.409660 0.372952 0.013715 0.041765
0 0 0.709710 0.156159 0.120679 0.004578 0.008874
0 0 0.815108 0.136620 0.025958 0.000088 0.022226
0 1 0.627817 0.263074 0.055504 0.000352 0.053254
1 1 0.296053 0.476204 0.171741 0.005599 0.050404
0 1 0.499359 0.310795 0.087157 0.000279 0.102411
0 0 0.969988 0.017613 0.010563 0.000251 0.001585
0 0 0.943141 0.038898 0.012714 0.000073 0.005174
0 0 0.959078 0.021167 0.015640 0.000266 0.003848
0 0 0.909535 0.064530 0.020477 0.000373 0.005085
0 0 0.968935 0.021172 0.007352 0.000036 0.002504
0 0 0.967011 0.020384 0.009774 0.000082 0.002749
0 0 0.961064 0.017552 0.017578 0.000537 0.003268
0 0 0.939315 0.048096 0.007993 0.000018 0.004579
0 0 0.976116 0.011453 0.010849 0.000554 0.001027
0 0 0.948540 0.024386 0.022676 0.002755 0.001643
0 0 0.965947 0.017057 0.013772 0.000235 0.002990
0 0 0.954793 0.019722 0.020947 0.001148 0.003389
0 0 0.979078 0.012110 0.007628 0.000169 0.001014
0 0 0.974209 0.018981 0.005520 0.000040 0.001251
0 0 0.976335 0.014806 0.006278 0.000021 0.002560
0 0 0.983160 0.010818 0.005117 0.000058 0.000846
0 0 0.982712 0.010041 0.006447 0.000247 0.000552
0 0 0.968051 0.022552 0.007926 0.000119 0.001352
0 0 0.883101 0.090617 0.021876 0.000781 0.003626
0 0 0.890483 0.082278 0.021088 0.000334 0.005817
0 0 0.904893 0.070849 0.019405 0.000377 0.004476
0 0 0.936906 0.037731 0.021311 0.000922 0.003129
0 0 0.959483 0.026629 0.011997 0.000426 0.001464
0 0 0.917982 0.060549 0.018280 0.000820 0.002370
0 0 0.825495 0.137881 0.030463 0.001923 0.004237
0 0 0.900217 0.070573 0.024502 0.000580 0.004128
0 0 0.930632 0.049599 0.012813 0.000048 0.006908
0 0 0.901589 0.073042 0.020753 0.000548 0.004067
0 0 0.914623 0.065621 0.014740 0.000129 0.004887
0 0 0.696423 0.254148 0.038711 0.001397 0.009321
0 0 0.824964 0.135796 0.014667 0.000011 0.024562
0 0 0.777934 0.182611 0.014521 0.000010 0.024923
0 0 0.841739 0.115560 0.017580 0.000019 0.025102
0 0 0.591520 0.270196 0.028054 0.000014 0.110216
0 0 0.585925 0.309191 0.059492 0.000317 0.045075
0 0 0.843913 0.116962 0.027035 0.000213 0.011876
0 0 0.884626 0.071024 0.035965 0.001409 0.006975
0 0 0.928728 0.050549 0.016874 0.000334 0.003515
0 0 0.895787 0.081263 0.018273 0.000319 0.004359
0 0 0.912373 0.070147 0.011382 0.000038 0.006059
0 0 0.771572 0.186917 0.026987 0.000201 0.014324
0 0 0.752610 0.205687 0.029932 0.000413 0.011359
0 0 0.763183 0.167105 0.047188 0.000597 0.021927
0 0 0.741376 0.206039 0.037169 0.000578 0.014838
0 0 0.963459 0.024243 0.010483 0.000242 0.001574
0 0 0.958495 0.027588 0.012116 0.000583 0.001218
0 0 0.866555 0.103295 0.025383 0.001592 0.003175
0 0 0.846563 0.109843 0.034904 0.001297 0.007392
0 0 0.666688 0.257385 0.056200 0.000797 0.018930
0 1 0.629329 0.244895 0.063633 0.000281 0.061862
1 1 0.230151 0.527114 0.074084 0.000129 0.168522
1 1 0.131387 0.509693 0.089684 0.000314 0.268923
2 1 0.037014 0.367402 0.494252 0.004213 0.097119
1 1 0.045863 0.458463 0.398356 0.002740 0.094577
1 1 0.043572 0.571915 0.197181 0.001087 0.186245
1 1 0.048399 0.564513 0.187917 0.001220 0.197951
0 1 0.576920 0.250772 0.099242 0.000414 0.072652
1 1 0.127583 0.479181 0.167812 0.001219 0.224205
2 1 0.013782 0.322262 0.582553 0.002287 0.079117
2 1 0.047709 0.409931 0.474811 0.000858 0.066690
2 1 0.006902 0.183294 0.773290 0.004120 0.032393
2 1 0.040349 0.204602 0.718730 0.005606 0.030713
2 1 0.006588 0.161169 0.814768 0.006189 0.011285
2 1 0.002520 0.113130 0.865570 0.003129 0.015650
2 1 0.003757 0.146679 0.827784 0.003233 0.018547
2 1 0.002925 0.094648 0.877402 0.005292 0.019732
2 1 0.000547 0.040218 0.939355 0.010084 0.009796
2 1 0.001074 0.055335 0.914061 0.015817 0.013714
2 1 0.023197 0.216271 0.728666 0.014735 0.017131
2 1 0.073032 0.382561 0.518366 0.006147 0.019894
0 1 0.681797 0.227000 0.061981 0.000660 0.028562
1 1 0.180532 0.597885 0.121518 0.000659 0.099406
2 1 0.004044 0.206835 0.760346 0.004289 0.024487
2 1 0.002664 0.180832 0.783487 0.003908 0.029108
2 1 0.001809 0.066448 0.898061 0.007660 0.026021
2 1 0.003749 0.184236 0.791394 0.003319 0.017302
2 1 0.000161 0.047449 0.940883 0.003278 0.008229
2 1 0.000351 0.066607 0.924792 0.001649 0.006601
2 1 0.001569 0.085214 0.905189 0.002524 0.005504
2 1 0.000374 0.035729 0.943021 0.007788 0.013088
2 1 0.000274 0.020762 0.960462 0.011616 0.006886
2 1 0.000358 0.032028 0.952277 0.009224 0.006113
2 1 0.025756 0.290727 0.657844 0.014069 0.011605
2 1 0.009988 0.094098 0.832209 0.040043 0.023662
2 1 0.000130 0.020378 0.967529 0.007161 0.004803
2 1 0.000119 0.036522 0.946975 0.008931 0.007454
2 1 0.000974 0.041136 0.925209 0.020251 0.012429
2 1 0.000728 0.041665 0.940253 0.006868 0.010486
2 1 0.004392 0.119363 0.829032 0.004566 0.042647
2 1 0.007512 0.232578 0.737541 0.001387 0.020982
0 1 0.659856 0.249415 0.070107 0.001094 0.019529
1 1 0.295722 0.492841 0.154582 0.003799 0.053057
2 1 0.016689 0.270080 0.690804 0.008202 0.014224
2 1 0.023610 0.210665 0.744163 0.004759 0.016802
2 1 0.025690 0.258058 0.687329 0.005742 0.023180
2 1 0.012536 0.276590 0.686982 0.007886 0.016007
2 1 0.015977 0.276641 0.676730 0.005901 0.024751
2 1 0.024364 0.285547 0.662559 0.007607 0.019923
1 1 0.093509 0.555999 0.281078 0.002442 0.066971
1 1 0.264512 0.382376 0.309226 0.002604 0.041282
2 1 0.016244 0.281067 0.581752 0.005203 0.115735
1 1 0.058530 0.435102 0.418258 0.001805 0.086305
2 1 0.059185 0.385961 0.487024 0.003573 0.064258
2 1 0.075107 0.409683 0.459578 0.001667 0.053965
1 1 0.063186 0.497189 0.344651 0.001852 0.093122
1 1 0.143598 0.409780 0.323004 0.000662 0.122957
1 1 0.095623 0.473432 0.344431 0.002706 0.083808
1 1 0.106184 0.451922 0.286904 0.001077 0.153914
0 1 0.524135 0.328661 0.042810 0.000019 0.104375
1 1 0.147969 0.421752 0.155261 0.000417 0.274602
0 1 0.855841 0.072265 0.051612 0.001836 0.018446
0 0 0.929874 0.048875 0.014555 0.000079 0.006617
0 0 0.946047 0.037600 0.013846 0.000384 0.002123
0 0 0.947841 0.030808 0.018262 0.001288 0.001801
0 0 0.987979 0.007119 0.003060 0.000003 0.001839
0 0 0.983904 0.008784 0.004472 0.000006 0.002833
0 0 0.989181 0.007228 0.002766 0.000008 0.000817
0 0 0.984719 0.006860 0.007446 0.000318 0.000657
0 0 0.985138 0.008491 0.005681 0.000190 0.000499
0 0 0.977885 0.013636 0.007310 0.000143 0.001026
0 0 0.984106 0.009519 0.005678 0.000383 0.000315
0 0 0.984534 0.009811 0.005043 0.000134 0.000478
0 0 0.915857 0.055480 0.023993 0.001119 0.003550
0 0 0.949772 0.029756 0.016995 0.000456 0.003021
0 0 0.799024 0.130890 0.057639 0.007785 0.004662
0 0 0.776015 0.164395 0.049925 0.001078 0.008587
0 0 0.416936 0.297983 0.014593 0.000001 0.270488
4 1 0.336576 0.235505 0.012206 0.000001 0.415713
1 1 0.160634 0.431843 0.038445 0.000062 0.369017
4 1 0.106882 0.214243 0.077009 0.000047 0.601819
4 1 0.138929 0.336036 0.007788 0.000000 0.517247
4 1 0.067650 0.154950 0.013486 0.000005 0.763909
1 1 0.150203 0.455693 0.014943 0.000004 0.379158
1 1 0.170292 0.429501 0.025131 0.000015 0.375060
4 1 0.036287 0.382625 0.014370 0.000019 0.566699
4 1 0.016523 0.174063 0.009887 0.000014 0.799513
4 4 0.017180 0.173670 0.063165 0.000339 0.745647
4 4 0.071870 0.182584 0.036780 0.000100 0.708666
4 4 0.094262 0.039036 0.019820 0.000007 0.846875
4 4 0.106810 0.178121 0.012742 0.000002 0.702325
4 4 0.146086 0.107101 0.035139 0.000028 0.711645
4 4 0.107052 0.242059 0.025836 0.000008 0.625045
4 4 0.083228 0.066341 0.022245 0.000014 0.828172
4 4 0.142861 0.087964 0.022100 0.000007 0.747068
4 4 0.060536 0.406595 0.056076 0.000696 0.476097
4 4 0.061136 0.411570 0.036310 0.000021 0.490964
4 4 0.037086 0.294868 0.068752 0.000551 0.598742
1 4 0.125013 0.545184 0.031616 0.000058 0.298129
1 4 0.105436 0.520258 0.025233 0.000033 0.349040
4 4 0.061317 0.446908 0.043475 0.000242 0.448059
4 4 0.110057 0.080438 0.006531 0.000000 0.802973
4 4 0.072929 0.026208 0.015966 0.000005 0.884891
4 4 0.282853 0.230662 0.051168 0.000056 0.435261
4 4 0.263291 0.107174 0.014479 0.000001 0.615056
4 4 0.030857 0.083381 0.027383 0.000059 0.858320
4 4 0.015232 0.034883 0.023901 0.000031 0.925953
4 4 0.063217 0.015777 0.006411 0.000000 0.914595
4 4 0.066121 0.044133 0.007152 0.000001 0.882594
4 4 0.134141 0.064153 0.015889 0.000002 0.785814
4 4 0.138362 0.041870 0.008933 0.000000 0.810834
1 4 0.297217 0.456783 0.019825 0.000004 0.226171
1 4 0.239244 0.621373 0.018620 0.000008 0.120755
1 4 0.159749 0.573423 0.039962 0.000103 0.226763
4 4 0.245985 0.334439 0.029632 0.000014 0.389930
1 4 0.106756 0.500223 0.057658 0.000432 0.334930
1 4 0.220373 0.399865 0.053972 0.000056 0.325734
4 4 0.121460 0.303598 0.075003 0.000276 0.499663
1 4 0.357072 0.474363 0.020608 0.000003 0.147954
4 4 0.150649 0.313883 0.010256 0.000001 0.525211
4 4 0.112185 0.294238 0.017257 0.000006 0.576314
1 4 0.132235 0.614205 0.096187 0.000389 0.156984
1 4 0.029619 0.478527 0.173233 0.001825 0.316797
1 4 0.062342 0.537516 0.239404 0.002796 0.157943
1 4 0.096055 0.510022 0.102774 0.001258 0.289892
4 4 0.059798 0.195128 0.016326 0.000010 0.728738
4 4 0.028565 0.107290 0.025715 0.000108 0.838323
1 4 0.069051 0.457384 0.052494 0.000379 0.420692
1 4 0.111747 0.541904 0.032965 0.000076 0.313308
4 4 0.032868 0.078385 0.041094 0.000102 0.847550
4 4 0.099435 0.027744 0.017085 0.000004 0.855732
4 4 0.063929 0.041841 0.011504 0.000002 0.882723
4 4 0.056359 0.012921 0.007862 0.000001 0.922858
0 4 0.454867 0.184406 0.071011 0.000200 0.289517
4 4 0.289894 0.323874 0.035448 0.000020 0.350763
1 4 0.125856 0.551570 0.037104 0.000098 0.285372
1 4 0.166347 0.509615 0.053741 0.000090 0.270207
1 4 0.099741 0.627456 0.125758 0.000353 0.146692
1 4 0.112429 0.623070 0.118954 0.000480 0.145067
1 4 0.145668 0.578127 0.166686 0.000904 0.108616
1 4 0.170760 0.589924 0.085914 0.000442 0.152960
2 4 0.007573 0.342933 0.596715 0.003784 0.048995
2 4 0.003513 0.278969 0.670691 0.003213 0.043614
2 4 0.014592 0.344650 0.583962 0.002135 0.054662
2 4 0.014975 0.376771 0.523059 0.003070 0.082125
1 4 0.014290 0.519717 0.348558 0.001096 0.116339
1 4 0.044237 0.541360 0.316043 0.000241 0.098119
1 4 0.335492 0.445064 0.139853 0.000388 0.079203
1 4 0.162469 0.551086 0.177810 0.002257 0.106379
1 4 0.158251 0.554257 0.119846 0.000694 0.166951
1 4 0.189969 0.383293 0.098464 0.000736 0.327538
1 4 0.097000 0.590074 0.232969 0.001363 0.078594
1 4 0.034553 0.491020 0.351204 0.001395 0.121828
0 4 0.708216 0.130085 0.081074 0.000787 0.079839
0 4 0.937278 0.040141 0.013398 0.000036 0.009147
0 4 0.949784 0.039924 0.004534 0.000002 0.005756
0 4 0.930236 0.036464 0.011231 0.000005 0.022064
0 4 0.965334 0.022178 0.006525 0.000006 0.005956
0 4 0.963516 0.025148 0.004831 0.000002 0.006503
0 4 0.817266 0.111261 0.019251 0.000013 0.052209
0 4 0.602993 0.233139 0.021807 0.000004 0.142058
0 4 0.521595 0.258538 0.015502 0.000001 0.204363
1 4 0.065476 0.396281 0.160968 0.001269 0.376005
1 4 0.108073 0.532434 0.093116 0.000146 0.266231
4 4 0.024537 0.386078 0.166963 0.000423 0.421999
1 4 0.034460 0.559931 0.161470 0.000739 0.243400
1 4 0.111835 0.532613 0.097478 0.000024 0.258051
1 4 0.065638 0.527800 0.109782 0.000576 0.296205
1 4 0.085775 0.585184 0.147076 0.000988 0.180978
1 1 0.079386 0.431091 0.300238 0.001009 0.188276
1 1 0.126480 0.315134 0.308441 0.001872 0.248073
2 1 0.039139 0.435636 0.480783 0.004626 0.039816
2 2 0.015866 0.176740 0.701741 0.032549 0.073104
1 2 0.028330 0.485867 0.211043 0.000931 0.273830
1 2 0.064589 0.573579 0.187701 0.001360 0.172772
2 2 0.016212 0.309965 0.569605 0.006132 0.098087
1 1 0.049317 0.481366 0.394181 0.001493 0.073642
1 1 0.045792 0.525061 0.368703 0.002071 0.058373
2 1 0.015622 0.349842 0.540219 0.002469 0.091849
2 1 0.010858 0.291849 0.671212 0.001122 0.024959
2 1 0.005626 0.234731 0.722487 0.005255 0.031900
2 1 0.001022 0.112938 0.851074 0.003757 0.031209
2 2 0.002633 0.140559 0.811071 0.003492 0.042245
2 2 0.002463 0.172014 0.791140 0.004333 0.030050
2 2 0.001669 0.155876 0.812818 0.003692 0.025945
2 2 0.001581 0.140201 0.815289 0.003326 0.039603
2 2 0.003141 0.119180 0.848573 0.001780 0.027326
1 2 0.074036 0.434010 0.285995 0.004364 0.201596
1 2 0.367309 0.367778 0.219827 0.001862 0.043224
1 2 0.152432 0.594958 0.087773 0.000394 0.164443
1 2 0.201424 0.452953 0.104363 0.000127 0.241134
1 2 0.100153 0.412412 0.334123 0.002388 0.150925
1 1 0.136369 0.386788 0.380394 0.005747 0.090702
1 1 0.144145 0.531819 0.137074 0.000131 0.186831
1 1 0.080276 0.527940 0.187421 0.000716 0.203646
0 0 0.801061 0.145012 0.021356 0.000033 0.032537
1 1 0.268773 0.513416 0.086804 0.000344 0.130663
1 1 0.265157 0.492138 0.075211 0.000034 0.167460
1 1 0.207531 0.537388 0.087221 0.000215 0.167646
1 1 0.035941 0.442904 0.414330 0.002105 0.104720
1 1 0.028715 0.494427 0.406181 0.002346 0.068331
2 1 0.009659 0.376863 0.499804 0.002405 0.111268
1 1 0.031558 0.471275 0.415114 0.002059 0.079995
1 1 0.067257 0.524169 0.336716 0.001690 0.070169
1 1 0.134976 0.421039 0.389582 0.002523 0.051880
1 1 0.186386 0.551086 0.148420 0.000723 0.113385
1 1 0.258913 0.445213 0.174952 0.000445 0.120478
1 1 0.206071 0.628922 0.073668 0.000157 0.091182
1 1 0.104278 0.531417 0.109593 0.001238 0.253474
1 1 0.117457 0.570146 0.220644 0.001394 0.090359
1 0 0.234042 0.502086 0.189009 0.000982 0.073881
1 1 0.322785 0.437933 0.052341 0.000094 0.186847
1 1 0.251693 0.448468 0.043309 0.000058 0.256473
1 1 0.164430 0.550427 0.175243 0.001187 0.108712
1 1 0.117355 0.572628 0.167835 0.001517 0.140665
1 1 0.204430 0.500127 0.204054 0.001249 0.090139
0 0 0.665340 0.238275 0.070096 0.000344 0.025945
1 1 0.240226 0.440584 0.051954 0.000109 0.267127
1 1 0.220056 0.579688 0.040044 0.000083 0.160128
0 1 0.730466 0.198887 0.020784 0.000013 0.049849
0 0 0.871144 0.100796 0.011236 0.000008 0.016816
0 0 0.836729 0.118240 0.018159 0.000016 0.026857
0 0 0.798299 0.136121 0.037664 0.000202 0.027714
0 0 0.921761 0.058383 0.013947 0.000082 0.005828
0 0 0.943366 0.040752 0.011533 0.000070 0.004279
0 0 0.972270 0.019767 0.003479 0.000001 0.004483
0 0 0.975359 0.010680 0.008891 0.000036 0.005034
0 0 0.961911 0.021445 0.013384 0.000203 0.003057
0 0 0.973666 0.016568 0.008044 0.000096 0.001625
0 0 0.978760 0.011602 0.008494 0.000378 0.000766
0 0 0.987477 0.006030 0.005792 0.000222 0.000480
0 0 0.988364 0.004510 0.006198 0.000646 0.000282
0 0 0.981045 0.012301 0.005933 0.000201 0.000520
0 0 0.988643 0.006785 0.004055 0.000074 0.000442
0 0 0.984193 0.007910 0.007007 0.000309 0.000581
0 0 0.981851 0.008193 0.008554 0.000973 0.000428
0 0 0.983823 0.008248 0.006748 0.000917 0.000263
0 0 0.976790 0.015170 0.006365 0.000043 0.001633
0 0 0.981392 0.010802 0.006533 0.000078 0.001195
0 0 0.962424 0.029260 0.005530 0.000011 0.002775
0 0 0.987371 0.007006 0.004515 0.000027 0.001080
0 0 0.995722 0.002598 0.000902 0.000000 0.000777
0 0 0.992539 0.004089 0.001700 0.000001 0.001672
0 0 0.994928 0.002629 0.001719 0.000002 0.000721
0 0 0.989299 0.006723 0.001778 0.000000 0.002199
0 0 0.969340 0.024553 0.002202 0.000000 0.003904
0 0 0.990155 0.006064 0.002517 0.000003 0.001262
0 0 0.969586 0.024123 0.004419 0.000010 0.001863
0 0 0.979168 0.013694 0.005147 0.000016 0.001975
0 0 0.963985 0.021675 0.010454 0.000062 0.003823
0 0 0.870463 0.081642 0.007861 0.000001 0.040033
0 0 0.988234 0.004956 0.005583 0.000055 0.001172
0 0 0.979496 0.012825 0.004088 0.000003 0.003588
0 0 0.983940 0.009399 0.004942 0.000018 0.001702
0 0 0.970692 0.022592 0.005554 0.000048 0.001115
0 0 0.907788 0.068313 0.020044 0.000732 0.003123
0 0 0.950921 0.035282 0.010937 0.000116 0.002744
0 0 0.885013 0.091937 0.018573 0.000368 0.004109
0 0 0.875014 0.101962 0.016156 0.000107 0.006761
0 0 0.792201 0.145372 0.048161 0.000162 0.014103
0 0 0.805156 0.123346 0.054515 0.000120 0.016864
0 0 0.847060 0.103855 0.038101 0.000115 0.010869
0 0 0.886853 0.049341 0.056335 0.004127 0.003345
0 0 0.973827 0.016653 0.007048 0.000033 0.002440
0 0 0.951923 0.035569 0.010227 0.000135 0.002147
0 0 0.967809 0.015545 0.011285 0.000061 0.005300
0 0 0.977939 0.011104 0.009229 0.000168 0.001560
0 0 0.990308 0.004569 0.004444 0.000080 0.000599
0 0 0.985648 0.009349 0.003993 0.000020 0.000990
0 0 0.920148 0.055627 0.018575 0.000245 0.005405
0 1 0.692216 0.192752 0.041214 0.000074 0.073744
4 1 0.081115 0.321025 0.028149 0.000003 0.569708
4 1 0.149661 0.354940 0.019234 0.000006 0.476158
4 1 0.264361 0.279822 0.011245 0.000001 0.444571
4 1 0.213268 0.215500 0.022538 0.000002 0.548692
0 1 0.409230 0.245618 0.025351 0.000002 0.319799
1 1 0.156838 0.436802 0.055787 0.000093 0.350479
4 4 0.107771 0.096361 0.023829 0.000012 0.772026
4 4 0.034167 0.033507 0.031253 0.000128 0.900944
4 4 0.029279 0.015715 0.031315 0.000311 0.923380
4 4 0.134032 0.047076 0.013501 0.000001 0.805389
4 4 0.028054 0.017695 0.010439 0.000005 0.943808
4 4 0.163517 0.037330 0.006741 0.000000 0.792413
4 4 0.086508 0.047244 0.012522 0.000002 0.853725
4 4 0.047906 0.018870 0.010854 0.000003 0.922367
4 4 0.119516 0.014622 0.008867 0.000000 0.856995
4 4 0.150147 0.032448 0.011542 0.000001 0.805862
4 4 0.086636 0.041290 0.007489 0.000000 0.864586
4 4 0.050746 0.017642 0.013262 0.000005 0.918346
4 4 0.116170 0.381936 0.043733 0.000125 0.458036
4 4 0.045468 0.247437 0.074832 0.000614 0.631649
4 4 0.017430 0.046422 0.003430 0.000000 0.932718
4 4 0.018625 0.079625 0.014454 0.000032 0.887265
4 4 0.091416 0.020161 0.006634 0.000000 0.881788
4 4 0.155310 0.036469 0.004782 0.000000 0.803439
0 4 0.526924 0.308120 0.017619 0.000003 0.147334
4 4 0.096969 0.136703 0.051468 0.000048 0.714813
4 4 0.251164 0.290294 0.019927 0.000001 0.438614
4 4 0.046580 0.223682 0.038892 0.000040 0.690806
4 4 0.025557 0.357095 0.054148 0.000476 0.562725
4 4 0.029938 0.407666 0.052446 0.000052 0.509897
4 4 0.050716 0.032462 0.015952 0.000009 0.900861
4 4 0.084542 0.030678 0.007327 0.000000 0.877452
4 4 0.046189 0.269866 0.110459 0.007170 0.566316
4 4 0.027740 0.161737 0.057237 0.000172 0.753113
4 4 0.008298 0.007970 0.012412 0.000048 0.971272
4 4 0.042164 0.028612 0.011571 0.000004 0.917649
4 4 0.029212 0.080519 0.051194 0.000298 0.838777
4 4 0.104020 0.255466 0.040299 0.000022 0.600192
4 4 0.030128 0.139460 0.051099 0.000233 0.779080
4 4 0.047416 0.315516 0.098667 0.001464 0.536937
4 4 0.062873 0.017233 0.012568 0.000003 0.907324
4 4 0.144036 0.109410 0.009579 0.000001 0.736975
1 4 0.087787 0.537312 0.082959 0.000121 0.291822
4 4 0.018918 0.387079 0.131209 0.000705 0.462089
4 4 0.053805 0.100444 0.023171 0.000031 0.822549
4 4 0.055149 0.107840 0.024308 0.000035 0.812668
4 4 0.067286 0.194425 0.026817 0.000042 0.711430
4 4 0.023073 0.236660 0.046421 0.000028 0.693819
4 4 0.129329 0.320511 0.070315 0.000155 0.479691
4 4 0.073487 0.350950 0.059590 0.000225 0.515748
4 4 0.044297 0.014184 0.005467 0.000000 0.936052
4 4 0.047343 0.015577 0.005993 0.000000 0.931086
4 4 0.030241 0.159008 0.033662 0.000225 0.776864
4 4 0.025374 0.183478 0.021695 0.000005 0.769447
4 4 0.033152 0.419656 0.076837 0.000683 0.469672
4 4 0.016001 0.108976 0.096913 0.000375 0.777735
4 4 0.156467 0.338012 0.048291 0.000038 0.457192
4 4 0.050116 0.307162 0.110343 0.000304 0.532074
4 1 0.023969 0.373882 0.074940 0.000024 0.527185
1 1 0.072113 0.499121 0.039466 0.000127 0.389174
1 1 0.017479 0.464623 0.151461 0.000832 0.365605
1 1 0.077684 0.540715 0.059606 0.000013 0.321984
1 1 0.012867 0.423497 0.251456 0.000924 0.311256
1 1 0.025825 0.472052 0.155893 0.001388 0.344842
4 1 0.040760 0.045375 0.017960 0.000012 0.895893
1 1 0.137766 0.501554 0.026505 0.000027 0.334148
4 1 0.022938 0.410731 0.093354 0.000088 0.472889
1 1 0.067457 0.565665 0.034053 0.000042 0.332783
1 1 0.096976 0.420113 0.074274 0.000095 0.408542
1 1 0.042182 0.483270 0.095026 0.000397 0.379124
1 1 0.152633 0.556039 0.113587 0.000111 0.177629
1 1 0.020642 0.430046 0.287993 0.005175 0.256144
2 1 0.002365 0.191574 0.754980 0.002775 0.048306
2 1 0.017980 0.439863 0.507812 0.000761 0.033584
2 1 0.015517 0.346904 0.573490 0.001664 0.062427
2 1 0.001593 0.116881 0.804168 0.002971 0.074387
2 1 0.017417 0.388686 0.506736 0.001828 0.085333
2 2 0.007517 0.283306 0.643890 0.001992 0.063295
0 2 0.546265 0.221319 0.067102 0.000379 0.164935
1 2 0.260188 0.356711 0.113888 0.000424 0.268789
1 2 0.096723 0.511467 0.077403 0.000695 0.313712
4 2 0.034442 0.390705 0.135496 0.003611 0.435746
1 2 0.076569 0.392135 0.251452 0.001898 0.277946
1 2 0.259048 0.586325 0.059783 0.000077 0.094767
1 2 0.086201 0.395008 0.274692 0.000870 0.243229
1 1 0.116478 0.464467 0.178620 0.000340 0.240095
1 1 0.089734 0.603736 0.046605 0.000076 0.259849
1 1 0.158757 0.549622 0.024257 0.000002 0.267362
1 1 0.080882 0.630127 0.117309 0.000160 0.171523
1 1 0.070886 0.562450 0.101792 0.000477 0.264395
0 0 0.721523 0.195486 0.032012 0.000041 0.050938
0 0 0.736111 0.158199 0.042151 0.000206 0.063332
4 1 0.171794 0.307433 0.039854 0.000049 0.480869
4 1 0.132650 0.416836 0.031490 0.000037 0.418986
2 1 0.005303 0.327541 0.623572 0.001230 0.042353
2 1 0.005749 0.291167 0.645162 0.001444 0.056478
2 2 0.010608 0.386571 0.569045 0.001909 0.031866
2 2 0.005043 0.296373 0.640421 0.003187 0.054976
2 2 0.002667 0.075000 0.907194 0.004346 0.010793
2 2 0.001382 0.048845 0.934287 0.004889 0.010597
1 2 0.013757 0.385731 0.380392 0.001482 0.218639
1 2 0.030992 0.504528 0.322194 0.002966 0.139321
2 2 0.003253 0.216621 0.720056 0.005484 0.054587
2 2 0.001741 0.162400 0.804006 0.003277 0.028576
2 2 0.000741 0.134043 0.851084 0.000828 0.013304
2 2 0.000191 0.069845 0.909583 0.002768 0.017613
2 2 0.000104 0.037780 0.949903 0.003003 0.009210
2 2 0.000136 0.047153 0.926509 0.006358 0.019844
2 2 0.000021 0.005590 0.969142 0.023691 0.001556
2 2 0.000038 0.009071 0.968499 0.018382 0.004010
2 2 0.000046 0.007643 0.925013 0.063544 0.003754
2 2 0.000127 0.009146 0.910167 0.076883 0.003676
2 2 0.000101 0.005415 0.929096 0.063974 0.001415
2 2 0.000088 0.006232 0.906079 0.085900 0.001701
2 2 0.000148 0.007359 0.889965 0.100535 0.001993
2 2 0.000165 0.006923 0.639603 0.350020 0.003288
2 2 0.000203 0.006154 0.745472 0.246381 0.001790
2 2 0.000353 0.008674 0.617006 0.370969 0.002997
3 2 0.000040 0.001249 0.244835 0.753667 0.000209
3 2 0.000201 0.004010 0.452123 0.543150 0.000516
3 2 0.000234 0.003952 0.281590 0.712885 0.001339
3 2 0.000502 0.007147 0.378898 0.610194 0.003259
3 2 0.000634 0.007404 0.425442 0.563434 0.003086
2 2 0.000802 0.010785 0.558136 0.425508 0.004769
3 2 0.001400 0.011922 0.461030 0.521216 0.004432
2 2 0.007168 0.021547 0.741151 0.228342 0.001792
0 0 0.508478 0.278311 0.190546 0.005868 0.016796
1 1 0.176548 0.511680 0.255565 0.005705 0.050501
1 1 0.117666 0.514383 0.249962 0.000474 0.117515
1 1 0.183825 0.538231 0.196535 0.000433 0.080976
1 1 0.114129 0.656740 0.145044 0.000353 0.083733
1 1 0.085756 0.560647 0.184464 0.001885 0.167248
1 1 0.100039 0.498573 0.211623 0.000617 0.189148
1 1 0.209624 0.533106 0.134168 0.000161 0.122941
1 1 0.061096 0.610346 0.244762 0.000231 0.083565
1 1 0.034101 0.561184 0.266698 0.001337 0.136681
2 1 0.017535 0.420051 0.520737 0.001202 0.040475
2 1 0.007254 0.291659 0.666614 0.003051 0.031422
1 1 0.048614 0.605562 0.140887 0.000470 0.204466
1 1 0.053104 0.645358 0.134292 0.000287 0.166959
1 1 0.109787 0.650233 0.055431 0.000044 0.184505
1 1 0.067926 0.515382 0.064823 0.000329 0.351540
1 1 0.036842 0.538775 0.271057 0.001993 0.151333
1 1 0.065434 0.538540 0.263009 0.000465 0.132553
1 1 0.098922 0.328177 0.320552 0.000501 0.251848
1 1 0.215353 0.554462 0.107945 0.000060 0.122181
1 1 0.317239 0.431168 0.046664 0.000023 0.204906
1 1 0.174523 0.509285 0.053043 0.000028 0.263122
1 1 0.319452 0.489427 0.015662 0.000002 0.175457
1 1 0.327163 0.489467 0.024282 0.000010 0.159079
1 1 0.155206 0.554952 0.054422 0.000034 0.235387
1 1 0.064582 0.573397 0.085857 0.000311 0.275854
1 1 0.132314 0.588271 0.056455 0.000177 0.222783
1 1 0.164831 0.609906 0.032799 0.000021 0.192444
1 1 0.109327 0.602128 0.066905 0.000200 0.221440
1 1 0.117508 0.572729 0.078885 0.000416 0.230462
1 1 0.138905 0.619004 0.051384 0.000102 0.190605
1 1 0.061393 0.518938 0.158439 0.000260 0.260971
0 1 0.414973 0.279391 0.044570 0.000009 0.261056
0 1 0.463679 0.359060 0.015905 0.000001 0.161355
1 1 0.064957 0.598400 0.098901 0.000330 0.237411
1 1 0.094680 0.624938 0.083400 0.000225 0.196758
1 1 0.026565 0.580772 0.247106 0.000778 0.144780
1 1 0.020155 0.554443 0.294361 0.000937 0.130104
2 1 0.018126 0.441237 0.509081 0.001070 0.030486
2 1 0.012557 0.381630 0.555038 0.003564 0.047211
2 1 0.011235 0.311002 0.650735 0.002582 0.024446
2 1 0.008893 0.286143 0.652428 0.002509 0.050027
1 2 0.031999 0.463236 0.457966 0.001137 0.045662
1 2 0.032198 0.477884 0.425816 0.003015 0.061086
1 2 0.120053 0.479510 0.270185 0.000164 0.130089
1 2 0.087150 0.491779 0.292251 0.001071 0.127748
2 2 0.028284 0.369926 0.553332 0.001309 0.047150
2 2 0.028042 0.437266 0.489829 0.003322 0.041541
2 2 0.006786 0.249811 0.711655 0.002972 0.028776
2 2 0.006576 0.189622 0.763430 0.001287 0.039085
2 2 0.002743 0.151597 0.824144 0.002007 0.019509
2 2 0.003128 0.121465 0.848150 0.002317 0.024940
2 2 0.019096 0.367397 0.570613 0.001248 0.041646
2 2 0.011612 0.370146 0.578469 0.003055 0.036717
2 2 0.008193 0.212348 0.756272 0.002350 0.020837
2 2 0.004787 0.184768 0.784143 0.002104 0.024199
1 2 0.039361 0.478436 0.295214 0.003865 0.183124
1 2 0.142671 0.614725 0.181577 0.000457 0.060569
1 2 0.245313 0.551460 0.078954 0.000061 0.124212
1 2 0.080870 0.591150 0.145666 0.000870 0.181444
1 2 0.128892 0.702397 0.085563 0.000082 0.083066
1 2 0.032177 0.548520 0.204177 0.000280 0.214846
1 2 0.110997 0.566664 0.113367 0.000164 0.208809
1 2 0.096811 0.598064 0.088759 0.000233 0.216133
1 2 0.236479 0.491884 0.035657 0.000007 0.235974
4 1 0.188633 0.349007 0.051202 0.000023 0.411135
1 1 0.118763 0.465289 0.054210 0.000020 0.361719
1 0 0.222042 0.542758 0.023113 0.000010 0.212077
4 0 0.204796 0.294560 0.085583 0.000107 0.414954
0 0 0.849982 0.106981 0.026290 0.000145 0.016602
0 0 0.917576 0.061321 0.016828 0.000277 0.003998
0 0 0.932871 0.046146 0.016922 0.000315 0.003746
0 0 0.567042 0.216187 0.013785 0.000000 0.202986
4 0 0.325382 0.188819 0.031032 0.000001 0.454765
0 0 0.412293 0.183928 0.014487 0.000000 0.389292
0 0 0.480926 0.214577 0.015291 0.000001 0.289205
0 0 0.585272 0.165514 0.020891 0.000001 0.228322
0 0 0.520347 0.289563 0.015575 0.000001 0.174513
4 0 0.055873 0.350791 0.043320 0.000062 0.549954
1 1 0.079683 0.491921 0.044097 0.000086 0.384213
1 1 0.028277 0.520298 0.135033 0.000501 0.315890
1 1 0.013832 0.456386 0.145933 0.000502 0.383347
4 1 0.008407 0.165692 0.064118 0.000610 0.761173
4 1 0.069730 0.209006 0.013106 0.000002 0.708156
4 1 0.325792 0.275045 0.022814 0.000001 0.376348
4 1 0.189085 0.282424 0.021929 0.000002 0.506561
4 4 0.019222 0.105814 0.041243 0.000042 0.833680
4 4 0.119702 0.183913 0.013322 0.000002 0.683061
4 4 0.044456 0.058988 0.020791 0.000026 0.875739
4 4 0.077417 0.038304 0.019704 0.000009 0.864565
0 4 0.427856 0.181549 0.046990 0.000047 0.343559
4 4 0.067035 0.072110 0.021345 0.000014 0.839496
