2 2 0.001136 0.100545 0.866677 0.006445 0.025196
2 2 0.003547 0.133559 0.839603 0.005064 0.018226
1 4 0.270905 0.368175 0.053904 0.000158 0.306858
4 4 0.187779 0.366134 0.058242 0.000102 0.387744
4 4 0.157916 0.241727 0.031972 0.000020 0.568365
4 4 0.286045 0.131225 0.019902 0.000012 0.562815
1 4 0.327835 0.348073 0.021201 0.000001 0.302890
4 4 0.267438 0.307328 0.025901 0.000008 0.399325
0 4 0.468157 0.172850 0.013145 0.000002 0.345846
0 4 0.467997 0.118762 0.010219 0.000002 0.403020
0 4 0.664847 0.191743 0.018489 0.000008 0.124913
0 4 0.490437 0.347420 0.023811 0.000005 0.138328
4 4 0.171596 0.302926 0.045412 0.000054 0.480012
4 4 0.127147 0.285618 0.050513 0.000033 0.536689
4 4 0.183464 0.248873 0.023135 0.000002 0.544526
1 4 0.199508 0.394810 0.044125 0.000005 0.361552
4 4 0.249042 0.282223 0.022219 0.000003 0.446513
4 4 0.221209 0.259163 0.025403 0.000013 0.494212
4 4 0.330178 0.315409 0.019826 0.000003 0.334585
4 4 0.367452 0.212424 0.010864 0.000000 0.409259
4 4 0.348837 0.211534 0.007728 0.000000 0.431901
4 4 0.370467 0.159539 0.009630 0.000001 0.460364
0 4 0.695850 0.091619 0.005050 0.000000 0.207480
0 4 0.544778 0.162085 0.006843 0.000000 0.286294
1 4 0.314542 0.491616 0.047746 0.000046 0.146050
1 4 0.278638 0.525473 0.065436 0.000171 0.130282
0 4 0.747720 0.179352 0.032391 0.000156 0.040381
0 4 0.881489 0.083336 0.013320 0.000029 0.021826
1 4 0.107357 0.575327 0.171562 0.000360 0.145394
1 4 0.110603 0.593507 0.190914 0.001289 0.103687
1 4 0.119394 0.594834 0.165270 0.000455 0.120047
1 4 0.146978 0.587253 0.125562 0.000148 0.140060
2 2 0.007307 0.263183 0.693951 0.006624 0.028936
2 2 0.002380 0.121907 0.853880 0.002601 0.019231
2 2 0.000407 0.056341 0.926510 0.011057 0.005686
2 2 0.000665 0.054281 0.935326 0.006702 0.003026
2 2 0.000046 0.006975 0.968090 0.024722 0.000167
2 2 0.000087 0.005619 0.974562 0.019592 0.000140
2 2 0.000513 0.018666 0.870367 0.108151 0.002302
2 2 0.000282 0.014338 0.873980 0.109277 0.002124
2 3 0.000066 0.001262 0.584597 0.414011 0.000064
2 3 0.000070 0.002493 0.681020 0.316354 0.000063
3 3 0.000318 0.005780 0.367131 0.625752 0.001020
3 3 0.000084 0.002467 0.275102 0.722019 0.000328
3 3 0.000037 0.001738 0.366745 0.631310 0.000171
3 3 0.000003 0.000420 0.433482 0.566075 0.000020
3 3 0.000222 0.012291 0.412293 0.572659 0.002535
3 3 0.000046 0.003854 0.440838 0.554678 0.000584
2 3 0.000014 0.002308 0.585043 0.412350 0.000285
3 3 0.000013 0.000757 0.440508 0.558656 0.000067
3 3 0.000086 0.002713 0.280831 0.715956 0.000414
3 3 0.000002 0.000056 0.132274 0.867663 0.000005
3 3 0.000033 0.001807 0.205469 0.792337 0.000355
3 3 0.000024 0.000392 0.162668 0.836849 0.000067
3 3 0.000003 0.000193 0.234808 0.764986 0.000009
3 3 0.000002 0.000138 0.202165 0.797686 0.000009
3 3 0.000221 0.005216 0.360242 0.633514 0.000806
3 3 0.000008 0.001496 0.344429 0.653924 0.000143
3 3 0.000002 0.000070 0.078072 0.921851 0.000006
3 3 0.000092 0.001937 0.145267 0.852363 0.000341
3 3 0.000071 0.000514 0.090049 0.909286 0.000080
3 3 0.000098 0.000891 0.117468 0.881361 0.000182
3 3 0.000003 0.000091 0.124828 0.875072 0.000006
3 3 0.000005 0.000169 0.091116 0.908693 0.000018
3 3 0.000040 0.001044 0.129214 0.869534 0.000166
3 3 0.000007 0.000802 0.199810 0.799246 0.000135
3 3 0.000333 0.001941 0.072529 0.924356 0.000841
3 3 0.000054 0.001184 0.096813 0.901611 0.000339
3 3 0.000074 0.000836 0.065660 0.933114 0.000316
3 3 0.000072 0.000952 0.098727 0.900059 0.000191
3 3 0.000153 0.004182 0.202511 0.792032 0.001123
3 3 0.000052 0.000885 0.195889 0.803020 0.000154
3 3 0.000003 0.000102 0.046611 0.953258 0.000026
3 3 0.000022 0.000358 0.060179 0.939338 0.000104
3 3 0.000077 0.001216 0.097437 0.900958 0.000312
3 3 0.000112 0.001040 0.072509 0.925988 0.000352
3 3 0.000060 0.001280 0.102281 0.896036 0.000343
3 3 0.000009 0.000286 0.067650 0.931983 0.000072
3 3 0.000002 0.000245 0.065395 0.934260 0.000098
3 3 0.000037 0.000714 0.050588 0.948188 0.000473
3 3 0.000045 0.000403 0.061003 0.938450 0.000100
3 3 0.000006 0.000187 0.074704 0.925074 0.000029
3 3 0.000003 0.000113 0.064317 0.935549 0.000018
3 3 0.000022 0.000644 0.080793 0.918349 0.000191
3 3 0.000266 0.001813 0.065894 0.931077 0.000950
3 3 0.000433 0.001845 0.076429 0.920664 0.000630
3 3 0.000232 0.002731 0.108061 0.887897 0.001080
3 3 0.000035 0.000971 0.102514 0.896243 0.000237
3 3 0.000151 0.001460 0.084872 0.913053 0.000464
3 3 0.000111 0.000772 0.077380 0.921507 0.000230
3 3 0.000004 0.000094 0.039881 0.959994 0.000027
3 3 0.000069 0.000836 0.062342 0.936396 0.000356
3 3 0.000079 0.001613 0.079167 0.918335 0.000806
3 3 0.003505 0.014621 0.135625 0.834357 0.011892
3 3 0.000004 0.000133 0.053262 0.946568 0.000032
3 3 0.000109 0.000359 0.038031 0.961361 0.000140
3 3 0.000124 0.001363 0.074404 0.923554 0.000555
3 3 0.000388 0.004300 0.113660 0.879997 0.001655
3 0 0.402655 0.017162 0.049423 0.501281 0.029480
0 1 0.684890 0.038326 0.087302 0.135045 0.054437
0 2 0.970175 0.014890 0.006494 0.000218 0.008224
0 0 0.990652 0.005139 0.001501 0.000006 0.002701
0 0 0.996963 0.002024 0.000424 0.000001 0.000588
0 0 0.853644 0.102826 0.013868 0.000018 0.029644
0 0 0.494508 0.300937 0.159895 0.002394 0.042267
1 0 0.226221 0.457878 0.244537 0.022064 0.049300
1 0 0.230627 0.367227 0.352357 0.014700 0.035089
1 1 0.130387 0.541951 0.242818 0.025229 0.059615
1 1 0.099375 0.491453 0.347028 0.007612 0.054531
1 1 0.129743 0.457649 0.355558 0.010427 0.046624
2 1 0.026891 0.431834 0.491494 0.005673 0.044109
2 1 0.032236 0.322638 0.611914 0.005143 0.028068
2 1 0.098201 0.404400 0.450473 0.007823 0.039103
1 2 0.123188 0.480116 0.337322 0.008521 0.050853
2 2 0.004463 0.197123 0.774894 0.005077 0.018443
2 2 0.002040 0.108992 0.871845 0.004704 0.012419
2 2 0.004715 0.093441 0.890263 0.006855 0.004726
2 2 0.019535 0.165908 0.799442 0.003669 0.011446
2 2 0.168212 0.360984 0.428683 0.007156 0.034965
1 2 0.125464 0.414905 0.408180 0.009857 0.041594
2 1 0.013338 0.099328 0.868260 0.014264 0.004810
2 2 0.003155 0.059438 0.918680 0.016517 0.002210
2 2 0.002277 0.050070 0.939841 0.005762 0.002051
2 2 0.002476 0.038417 0.947318 0.010472 0.001317
2 2 0.001995 0.042238 0.935001 0.019444 0.001322
2 2 0.000393 0.024286 0.971200 0.003366 0.000755
2 2 0.000601 0.050662 0.939926 0.006226 0.002585
2 2 0.001816 0.029435 0.955570 0.012297 0.000882
2 2 0.005776 0.059722 0.926431 0.005539 0.002532
2 2 0.005146 0.072881 0.898229 0.020848 0.002895
2 2 0.025624 0.113557 0.847312 0.007346 0.006161
2 1 0.015521 0.133829 0.836200 0.006823 0.007627
2 2 0.089847 0.152602 0.741835 0.005227 0.010489
2 2 0.159722 0.280722 0.527849 0.002195 0.029511
2 2 0.013832 0.121960 0.852557 0.004046 0.007604
2 2 0.005073 0.038333 0.946860 0.008287 0.001447
2 2 0.001648 0.044305 0.939973 0.012583 0.001491
2 2 0.001035 0.090838 0.900544 0.002800 0.004784
2 2 0.014633 0.080587 0.872431 0.028942 0.003407
2 2 0.016930 0.123251 0.819659 0.034241 0.005918
2 2 0.174786 0.279340 0.500102 0.023912 0.021860
2 2 0.099505 0.351598 0.508334 0.007277 0.033285
2 2 0.004785 0.056008 0.906511 0.030789 0.001906
2 2 0.002959 0.023630 0.927422 0.045435 0.000554
2 2 0.001867 0.023392 0.941318 0.032869 0.000555
2 2 0.004396 0.092394 0.871287 0.028198 0.003725
2 2 0.002473 0.069381 0.908205 0.017304 0.002638
2 2 0.002539 0.033757 0.933242 0.029524 0.000937
2 2 0.007316 0.063153 0.824452 0.103165 0.001915
2 2 0.006127 0.046195 0.884719 0.061609 0.001350
2 2 0.042882 0.161711 0.758476 0.028022 0.008909
2 2 0.045835 0.163191 0.726389 0.055989 0.008596
2 2 0.190270 0.373327 0.384823 0.017160 0.034419
1 2 0.174432 0.469751 0.295014 0.006971 0.053832
2 2 0.072614 0.245608 0.648570 0.014981 0.018227
2 2 0.164356 0.214803 0.590507 0.014525 0.015809
1 2 0.304979 0.409273 0.205548 0.036962 0.043238
0 2 0.716827 0.164240 0.094351 0.003688 0.020895
0 1 0.588335 0.292445 0.063097 0.000769 0.055353
1 1 0.355440 0.468308 0.075783 0.000458 0.100011
1 1 0.189501 0.558724 0.158517 0.002509 0.090750
1 1 0.249890 0.487179 0.190162 0.010783 0.061986
1 1 0.268589 0.400373 0.254486 0.037760 0.038792
0 0 0.359666 0.355070 0.219500 0.029391 0.036373
0 1 0.481161 0.351961 0.110317 0.006183 0.050377
1 1 0.335603 0.458140 0.133290 0.007152 0.065815
1 1 0.238636 0.531883 0.133871 0.001479 0.094131
1 1 0.262278 0.520468 0.132798 0.005038 0.079418
0 1 0.473790 0.352831 0.117503 0.006704 0.049173
0 1 0.442424 0.375979 0.121398 0.008031 0.052168
0 1 0.408498 0.403493 0.123535 0.007098 0.057376
1 1 0.373013 0.421094 0.138487 0.010899 0.056506
1 0 0.330658 0.373430 0.226703 0.030876 0.038333
0 1 0.530188 0.286079 0.135480 0.014743 0.033511
1 1 0.373487 0.437468 0.117558 0.004441 0.067046
1 1 0.252689 0.531525 0.127756 0.003971 0.084059
1 1 0.376967 0.434785 0.117229 0.004458 0.066561
0 1 0.514333 0.335693 0.094477 0.003407 0.052091
0 1 0.419615 0.401274 0.114070 0.004921 0.060119
1 1 0.229690 0.534329 0.151925 0.009130 0.074926
2 2 0.053326 0.177744 0.737591 0.020153 0.011187
2 2 0.051903 0.173442 0.754958 0.007278 0.012419
0 2 0.758957 0.161654 0.052507 0.002122 0.024760
0 1 0.456520 0.380212 0.099400 0.002988 0.060880
1 1 0.363910 0.453170 0.103691 0.002210 0.077018
0 1 0.417478 0.413890 0.095601 0.001939 0.071092
0 1 0.440238 0.382631 0.115970 0.003156 0.058005
1 1 0.387286 0.425128 0.118741 0.005052 0.063794
1 1 0.257928 0.531356 0.120030 0.002942 0.087744
1 1 0.367111 0.430538 0.133848 0.008676 0.059828
0 2 0.500947 0.334996 0.110184 0.007140 0.046733
1 2 0.221838 0.528076 0.166346 0.014731 0.069009
2 2 0.014369 0.154796 0.800704 0.021579 0.008552
2 2 0.003948 0.011443 0.953866 0.030509 0.000234
2 2 0.079270 0.178023 0.721203 0.008188 0.013316
2 2 0.064505 0.320130 0.579167 0.004539 0.031659
1 2 0.386205 0.422571 0.123492 0.006205 0.061527
0 1 0.439039 0.393347 0.101407 0.002974 0.063233
2 2 0.014836 0.334941 0.613185 0.006687 0.030352
2 2 0.020764 0.145856 0.810207 0.014577 0.008595
0 2 0.653092 0.227015 0.082717 0.006138 0.031038
0 0 0.880337 0.080924 0.022164 0.000150 0.016424
0 0 0.806333 0.115336 0.004668 0.000000 0.073663
0 1 0.457170 0.349520 0.016650 0.000001 0.176659
1 1 0.323252 0.468179 0.130501 0.003084 0.074984
1 1 0.217064 0.499704 0.206464 0.004788 0.071979
0 1 0.509016 0.351508 0.070614 0.000747 0.068115
0 1 0.744616 0.177517 0.045219 0.000744 0.031904
1 1 0.167994 0.552487 0.189046 0.001273 0.089200
1 2 0.103689 0.582247 0.214948 0.000706 0.098410
2 2 0.002561 0.019878 0.933062 0.044059 0.000439
2 2 0.000191 0.003070 0.963085 0.033621 0.000032
2 2 0.000045 0.002118 0.994035 0.003775 0.000026
2 2 0.000058 0.002887 0.989285 0.007732 0.000037
2 2 0.000006 0.003105 0.994926 0.001900 0.000064
2 2 0.000072 0.027354 0.970033 0.001319 0.001222
2 2 0.000938 0.011488 0.980230 0.007076 0.000268
2 2 0.002730 0.023297 0.964496 0.008774 0.000704
1 4 0.065781 0.542279 0.298800 0.000493 0.092648
1 4 0.104024 0.445340 0.236178 0.000205 0.214252
4 4 0.233365 0.233333 0.019222 0.000006 0.514074
4 4 0.200487 0.151077 0.012494 0.000003 0.635939
1 4 0.334480 0.420247 0.033333 0.000013 0.211926
0 4 0.489112 0.220917 0.023710 0.000007 0.266254
0 4 0.549033 0.174304 0.028518 0.000070 0.248076
0 4 0.717850 0.098699 0.010203 0.000003 0.173244
0 4 0.532041 0.121047 0.008401 0.000001 0.338510
0 4 0.534246 0.144428 0.014638 0.000006 0.306682
0 4 0.619905 0.035951 0.002448 0.000000 0.341696
0 4 0.827141 0.025895 0.000924 0.000000 0.146039
0 4 0.505247 0.123774 0.009672 0.000001 0.361305
0 4 0.469109 0.283686 0.008118 0.000000 0.239088
1 4 0.328562 0.477206 0.042058 0.000028 0.152146
1 4 0.313211 0.492953 0.048318 0.000049 0.145469
1 4 0.256866 0.543369 0.078773 0.000378 0.120614
1 4 0.197862 0.576787 0.118279 0.001361 0.105710
1 4 0.094123 0.493085 0.343211 0.000944 0.068636
1 4 0.078449 0.570646 0.261763 0.001480 0.087662
1 4 0.038947 0.508553 0.377297 0.000795 0.074408
1 4 0.034058 0.502239 0.384827 0.000474 0.078402
2 4 0.010682 0.373535 0.561815 0.000269 0.053699
2 2 0.025156 0.363151 0.570487 0.001478 0.039728
2 2 0.001627 0.206470 0.758243 0.000009 0.033651
2 2 0.001091 0.156596 0.816039 0.000010 0.026263
2 2 0.000056 0.002415 0.990479 0.007022 0.000028
2 2 0.000010 0.003131 0.996252 0.000554 0.000053
2 2 0.000008 0.004108 0.994686 0.001133 0.000066
2 2 0.000003 0.005982 0.993772 0.000093 0.000151
1 0 0.314991 0.466266 0.145014 0.007102 0.066627
0 0 0.711823 0.178579 0.080882 0.003944 0.024772
1 1 0.409090 0.409255 0.115279 0.004889 0.061486
1 1 0.349476 0.449938 0.128801 0.005079 0.066707
1 1 0.403917 0.407352 0.124334 0.004375 0.060021
0 1 0.498037 0.352027 0.089523 0.002285 0.058127
0 1 0.862951 0.094865 0.010275 0.000006 0.031903
0 0 0.808919 0.131404 0.012284 0.000004 0.047389
0 1 0.495327 0.362279 0.069957 0.000653 0.071783
0 1 0.478837 0.369842 0.082939 0.001042 0.067341
1 1 0.335769 0.476091 0.086733 0.000339 0.101068
1 1 0.274650 0.500884 0.143697 0.004726 0.076042
1 1 0.115439 0.579974 0.208866 0.001731 0.093990
1 1 0.067281 0.547712 0.297811 0.000657 0.086539
2 2 0.015177 0.316440 0.633772 0.001884 0.032727
2 1 0.049488 0.358917 0.549405 0.003112 0.039078
2 1 0.141662 0.354659 0.457356 0.001620 0.044704
2 1 0.091287 0.347273 0.518913 0.001516 0.041012
1 2 0.146068 0.536784 0.236153 0.004409 0.076586
0 2 0.377608 0.374808 0.192940 0.003374 0.051269
2 2 0.004449 0.108849 0.875606 0.004872 0.006224
2 2 0.004204 0.032284 0.951837 0.010583 0.001092
2 2 0.000689 0.027427 0.970020 0.000632 0.001232
2 2 0.000475 0.072391 0.921964 0.000300 0.004871
2 2 0.001539 0.047043 0.947944 0.001014 0.002460
2 2 0.002157 0.081047 0.910461 0.000515 0.005820
2 2 0.000455 0.086431 0.905880 0.000127 0.007108
2 2 0.001837 0.052708 0.941595 0.000905 0.002955
2 2 0.007688 0.112294 0.865362 0.008499 0.006158
2 1 0.034325 0.196136 0.750742 0.004151 0.014646
2 2 0.000958 0.056338 0.937670 0.002449 0.002585
2 2 0.001769 0.025361 0.963485 0.008618 0.000768
2 2 0.000132 0.014052 0.982001 0.003479 0.000337
2 2 0.000441 0.007723 0.986024 0.005655 0.000156
2 2 0.000826 0.040517 0.949682 0.007608 0.001366
2 2 0.000870 0.020743 0.967917 0.009924 0.000545
2 2 0.002227 0.016737 0.959655 0.020990 0.000391
2 2 0.002003 0.055182 0.932546 0.008090 0.002178
2 2 0.029885 0.045543 0.882724 0.040231 0.001617
2 1 0.009884 0.052647 0.881992 0.053774 0.001703
2 1 0.005383 0.023501 0.947539 0.022932 0.000645
2 2 0.008075 0.009528 0.919696 0.062527 0.000174
2 2 0.003356 0.056550 0.934933 0.002517 0.002643
2 2 0.000521 0.044924 0.951115 0.001440 0.002001
2 2 0.000038 0.015347 0.983860 0.000197 0.000558
2 2 0.000020 0.002088 0.995710 0.002155 0.000026
2 2 0.000325 0.030963 0.966361 0.001116 0.001235
2 2 0.004414 0.042095 0.945638 0.006151 0.001702
2 2 0.000672 0.006423 0.979479 0.013316 0.000110
2 2 0.002170 0.082133 0.898708 0.013591 0.003399
2 2 0.001601 0.010897 0.927395 0.059923 0.000183
2 2 0.005183 0.013774 0.919464 0.061307 0.000273
2 2 0.001369 0.009165 0.888093 0.101240 0.000133
2 2 0.000866 0.005221 0.824721 0.169135 0.000057
2 2 0.000207 0.002324 0.948985 0.048462 0.000021
2 2 0.000209 0.002118 0.930404 0.067251 0.000018
2 2 0.001234 0.014489 0.863171 0.120871 0.000235
2 2 0.001576 0.006434 0.860802 0.131106 0.000082
2 2 0.000957 0.013069 0.881357 0.104413 0.000205
2 2 0.000941 0.006776 0.847294 0.144898 0.000091
2 2 0.001044 0.014220 0.854942 0.129336 0.000457
2 2 0.001202 0.022142 0.913347 0.062858 0.000450
2 2 0.000641 0.006732 0.807592 0.184924 0.000111
2 2 0.008159 0.039238 0.809337 0.142280 0.000986
2 2 0.000253 0.008930 0.925807 0.064889 0.000121
2 2 0.000512 0.004820 0.869005 0.125611 0.000052
2 2 0.004129 0.046899 0.857943 0.089768 0.001260
2 2 0.002765 0.016108 0.862370 0.118469 0.000288
2 2 0.002081 0.025056 0.867167 0.105184 0.000511
2 2 0.002175 0.028063 0.851103 0.118073 0.000586
2 2 0.000340 0.005313 0.596495 0.397621 0.000230
2 3 0.000633 0.005799 0.570795 0.422604 0.000169
2 2 0.001697 0.007731 0.743629 0.246788 0.000154
2 2 0.002800 0.029232 0.733522 0.233412 0.001034
2 2 0.000198 0.003347 0.792184 0.204228 0.000043
2 2 0.000881 0.015561 0.751531 0.231455 0.000572
2 3 0.001761 0.017659 0.666309 0.313348 0.000924
2 2 0.001220 0.028425 0.749980 0.219198 0.001176
2 3 0.000380 0.003207 0.611772 0.384597 0.000043
2 2 0.001348 0.003781 0.719213 0.275596 0.000062
2 3 0.006344 0.027762 0.628113 0.336201 0.001580
2 3 0.001038 0.009938 0.819171 0.169641 0.000212
2 2 0.005706 0.037084 0.858370 0.097444 0.001395
2 2 0.004412 0.033224 0.868443 0.093084 0.000837
2 2 0.009238 0.062953 0.881532 0.044063 0.002214
2 2 0.018190 0.074084 0.861176 0.043641 0.002908
1 0 0.218762 0.422472 0.294276 0.016529 0.047961
2 1 0.096792 0.376025 0.476171 0.017649 0.033362
1 2 0.189445 0.377806 0.377174 0.021197 0.034377
0 1 0.536947 0.254007 0.174574 0.004813 0.029659
0 1 0.605902 0.260240 0.092189 0.004299 0.037370
1 1 0.387912 0.417161 0.128424 0.007773 0.058729
0 1 0.574551 0.290699 0.087065 0.003596 0.044090
1 1 0.275509 0.511047 0.130201 0.004791 0.078451
2 1 0.068416 0.359257 0.531106 0.004618 0.036603
2 1 0.075280 0.343444 0.538360 0.011663 0.031254
0 1 0.465121 0.378873 0.088883 0.001775 0.065349
1 1 0.216594 0.569239 0.109986 0.001655 0.102525
1 1 0.260660 0.534103 0.108894 0.001823 0.094520
1 1 0.193800 0.578085 0.132075 0.003875 0.092166
0 1 0.527226 0.335056 0.076516 0.001261 0.059941
0 0 0.687395 0.221864 0.045454 0.000390 0.044896
0 1 0.606689 0.269059 0.020318 0.000005 0.103930
0 1 0.607848 0.260419 0.016026 0.000002 0.115705
0 1 0.955478 0.028905 0.002247 0.000000 0.013370
0 0 0.934015 0.042583 0.003001 0.000000 0.020401
0 0 0.971134 0.019362 0.002087 0.000001 0.007417
0 0 0.978326 0.014027 0.001194 0.000000 0.006453
0 0 0.763602 0.167956 0.029774 0.000129 0.038539
0 0 0.801584 0.140466 0.020241 0.000038 0.037671
0 0 0.806749 0.136647 0.025938 0.000132 0.030534
0 0 0.849007 0.106475 0.015871 0.000029 0.028617
0 0 0.942217 0.040215 0.006898 0.000014 0.010656
0 0 0.986390 0.009119 0.001138 0.000000 0.003352
0 0 0.998979 0.000610 0.000051 0.000000 0.000360
0 0 0.990669 0.006302 0.001432 0.000004 0.001593
0 0 0.945784 0.037258 0.009000 0.000065 0.007892
0 0 0.971610 0.019555 0.003398 0.000006 0.005432
0 0 0.898715 0.070272 0.016405 0.000135 0.014474
0 0 0.864995 0.093599 0.022938 0.000254 0.018215
0 0 0.860931 0.097691 0.019615 0.000106 0.021656
0 0 0.519993 0.341275 0.075291 0.001105 0.062336
1 1 0.284302 0.506004 0.126513 0.004276 0.078906
1 1 0.182486 0.565412 0.163722 0.011710 0.076670
1 1 0.114058 0.508369 0.306696 0.008887 0.061990
1 1 0.058002 0.478681 0.401351 0.011388 0.050578
2 1 0.018155 0.225601 0.729531 0.010334 0.016378
2 2 0.017246 0.290219 0.659839 0.008730 0.023965
2 2 0.000426 0.007808 0.977469 0.014162 0.000135
2 2 0.000969 0.004204 0.978708 0.016056 0.000063
2 2 0.000368 0.071808 0.922108 0.000110 0.005606
2 2 0.001230 0.010347 0.983713 0.004452 0.000258
2 2 0.001352 0.085123 0.906919 0.000425 0.006182
2 2 0.002387 0.046691 0.946298 0.002453 0.002171
2 2 0.004451 0.104644 0.882122 0.001762 0.007022
2 2 0.003760 0.073444 0.916931 0.001311 0.004553
2 2 0.014263 0.183022 0.783745 0.005468 0.013504
2 1 0.028008 0.237157 0.710144 0.003533 0.021159
2 2 0.003347 0.023517 0.967547 0.004780 0.000809
2 2 0.000604 0.005196 0.973075 0.021050 0.000076
2 1 0.015845 0.226162 0.734723 0.002567 0.020703
2 1 0.059682 0.205946 0.711346 0.000654 0.022372
1 1 0.217491 0.521305 0.180546 0.008469 0.072189
0 1 0.435323 0.369766 0.135455 0.010470 0.048986
1 1 0.133985 0.592578 0.144770 0.000288 0.128379
1 1 0.101304 0.593943 0.179488 0.000293 0.124972
2 2 0.000000 0.000158 0.980978 0.018853 0.000010
2 2 0.000000 0.000405 0.992830 0.006749 0.000016
2 2 0.000000 0.001077 0.998647 0.000218 0.000058
2 2 0.000063 0.012723 0.986578 0.000170 0.000466
2 2 0.000021 0.004395 0.995392 0.000068 0.000125
2 2 0.000029 0.008963 0.990562 0.000167 0.000278
2 2 0.000036 0.009438 0.989851 0.000417 0.000259
2 2 0.000043 0.017002 0.982119 0.000183 0.000653
2 2 0.003094 0.034910 0.956608 0.003997 0.001392
2 2 0.001007 0.074065 0.919620 0.000739 0.004570
2 2 0.000040 0.004276 0.994742 0.000860 0.000082
2 2 0.000034 0.005825 0.993609 0.000394 0.000138
2 2 0.000090 0.004924 0.987899 0.007013 0.000074
2 2 0.000109 0.005523 0.989477 0.004798 0.000093
2 2 0.004035 0.058999 0.920376 0.014303 0.002287
2 2 0.003814 0.057608 0.920746 0.015659 0.002173
2 2 0.000149 0.008595 0.976586 0.014529 0.000140
2 2 0.000033 0.001740 0.976328 0.021884 0.000014
2 2 0.001086 0.018199 0.942289 0.038052 0.000374
2 2 0.001250 0.016894 0.932895 0.048610 0.000351
2 2 0.004655 0.032322 0.939087 0.022968 0.000969
2 2 0.006965 0.094827 0.875552 0.018359 0.004296
2 2 0.000790 0.019106 0.952566 0.027126 0.000411
2 2 0.000668 0.024641 0.951481 0.022627 0.000583
2 2 0.000897 0.010773 0.931581 0.056575 0.000174
2 2 0.004204 0.028293 0.905816 0.060998 0.000689
2 2 0.001063 0.034324 0.925964 0.037790 0.000858
2 2 0.003788 0.043474 0.890347 0.061190 0.001200
2 2 0.001872 0.028650 0.916435 0.052359 0.000684
2 2 0.000767 0.004463 0.860415 0.134307 0.000048
2 2 0.000974 0.024427 0.870498 0.103289 0.000813
2 2 0.000511 0.005328 0.865601 0.128500 0.000061
2 2 0.001066 0.007731 0.726120 0.264948 0.000135
2 3 0.001224 0.006381 0.772279 0.220041 0.000075
2 3 0.001057 0.023225 0.902666 0.072589 0.000464
2 3 0.000075 0.005955 0.879869 0.113948 0.000153
2 3 0.001391 0.028861 0.822092 0.146685 0.000971
2 3 0.000358 0.006835 0.671086 0.321453 0.000268
2 3 0.000034 0.001306 0.624262 0.374373 0.000025
2 3 0.000534 0.013837 0.714311 0.270881 0.000437
2 3 0.000014 0.001036 0.514306 0.484618 0.000025
3 3 0.000058 0.002048 0.465780 0.532031 0.000084
2 3 0.002121 0.009948 0.673790 0.313854 0.000287
2 2 0.002368 0.012232 0.756680 0.228389 0.000331
2 2 0.009434 0.116828 0.837014 0.031401 0.005323
2 2 0.004811 0.073854 0.897273 0.021138 0.002924
2 2 0.006385 0.073403 0.889930 0.027440 0.002842
2 2 0.014042 0.062161 0.872475 0.049107 0.002215
2 2 0.014945 0.180972 0.766659 0.027220 0.010205
2 2 0.010555 0.094068 0.864099 0.027157 0.004121
2 2 0.013569 0.092781 0.854991 0.034690 0.003970
2 2 0.035346 0.072947 0.846580 0.042093 0.003034
2 1 0.047002 0.246060 0.664219 0.025467 0.017252
2 1 0.050013 0.291993 0.612049 0.023364 0.022582
2 2 0.017963 0.143116 0.813464 0.017327 0.008130
2 2 0.033099 0.106015 0.839842 0.015550 0.005494
2 2 0.005007 0.073567 0.911650 0.006191 0.003586
2 2 0.004844 0.050985 0.937746 0.004057 0.002368
1 1 0.275748 0.399418 0.253154 0.031566 0.040114
1 1 0.304421 0.447029 0.169956 0.025225 0.053369
1 1 0.190910 0.535044 0.184698 0.024389 0.064959
1 1 0.316324 0.472355 0.136198 0.007309 0.067813
2 1 0.025371 0.361726 0.565192 0.000380 0.047332
2 2 0.057200 0.352485 0.547802 0.000981 0.041532
2 2 0.001311 0.049487 0.945645 0.000914 0.002643
2 2 0.000748 0.014829 0.980324 0.003690 0.000410
2 2 0.000103 0.012583 0.986516 0.000383 0.000416
2 2 0.000202 0.011180 0.986891 0.001427 0.000300
2 2 0.001015 0.036191 0.960297 0.000702 0.001795
2 2 0.001234 0.037104 0.956889 0.003328 0.001445
2 2 0.000609 0.064060 0.930205 0.000091 0.005035
2 2 0.001626 0.164917 0.816775 0.000272 0.016410
2 2 0.000128 0.006915 0.990629 0.002185 0.000144
2 2 0.000254 0.009560 0.985181 0.004803 0.000203
2 2 0.000992 0.012435 0.962366 0.023962 0.000243
2 2 0.001795 0.027502 0.948414 0.021555 0.000734
2 2 0.004381 0.029804 0.933195 0.031798 0.000821
2 2 0.002424 0.021852 0.945632 0.029564 0.000528
2 2 0.003302 0.062638 0.918300 0.013295 0.002465
2 2 0.001999 0.020303 0.959738 0.017445 0.000515
2 2 0.001300 0.119124 0.870311 0.001362 0.007903
2 2 0.002609 0.080242 0.909749 0.003108 0.004292
2 2 0.002724 0.012082 0.926625 0.058348 0.000220
2 2 0.004896 0.042491 0.914689 0.036634 0.001290
2 2 0.002419 0.031417 0.938441 0.026861 0.000863
2 2 0.005683 0.029499 0.924402 0.039619 0.000798
2 2 0.000502 0.007934 0.939567 0.051885 0.000113
2 2 0.001372 0.019450 0.942470 0.036290 0.000419
2 2 0.001777 0.017859 0.935493 0.044501 0.000370
2 2 0.003938 0.015353 0.918135 0.062268 0.000307
2 2 0.004862 0.089430 0.885586 0.016179 0.003943
2 2 0.008842 0.053899 0.894568 0.040872 0.001819
2 2 0.008559 0.048406 0.906850 0.034568 0.001618
2 2 0.005758 0.043651 0.915937 0.033278 0.001376
2 2 0.013247 0.088752 0.860169 0.034086 0.003745
2 2 0.013796 0.060368 0.875237 0.048468 0.002132
2 2 0.007618 0.032625 0.898672 0.060212 0.000873
2 2 0.008483 0.069467 0.874083 0.045475 0.002491
2 2 0.007050 0.057253 0.877343 0.056517 0.001837
2 2 0.002856 0.014622 0.906145 0.076105 0.000272
2 2 0.005876 0.045605 0.904516 0.042599 0.001403
2 2 0.006771 0.035294 0.910962 0.045972 0.001001
2 2 0.000860 0.008561 0.910406 0.080052 0.000122
2 2 0.001364 0.011781 0.914787 0.071873 0.000195
2 2 0.006024 0.030436 0.920550 0.042163 0.000827
2 2 0.004633 0.054909 0.913264 0.025281 0.001913
2 2 0.000708 0.009238 0.910562 0.079359 0.000133
2 2 0.003623 0.030923 0.887814 0.076902 0.000738
2 2 0.004280 0.033780 0.895618 0.065462 0.000861
2 2 0.001850 0.027193 0.900213 0.070144 0.000599
2 2 0.005807 0.019688 0.869113 0.104987 0.000405
2 2 0.006738 0.084937 0.860197 0.044931 0.003198
2 2 0.003418 0.058340 0.874371 0.062121 0.001750
2 2 0.003285 0.031006 0.852299 0.112715 0.000694
2 2 0.001222 0.013650 0.907808 0.077088 0.000232
2 2 0.000647 0.008092 0.864953 0.126205 0.000103
2 2 0.006230 0.026614 0.890650 0.075871 0.000634
2 2 0.007511 0.043395 0.872024 0.075846 0.001224
2 2 0.016042 0.070187 0.839826 0.071466 0.002480
2 2 0.008768 0.030274 0.849119 0.111108 0.000730
2 2 0.006762 0.020683 0.818428 0.153712 0.000415
2 2 0.008739 0.041294 0.814216 0.134682 0.001069
2 2 0.006468 0.033993 0.811469 0.147271 0.000798
2 2 0.011874 0.090087 0.793573 0.101267 0.003199
2 2 0.008684 0.042629 0.822347 0.125215 0.001125
2 2 0.004636 0.024277 0.873750 0.096807 0.000529
2 2 0.002739 0.009489 0.853817 0.133814 0.000142
2 2 0.006167 0.049845 0.868803 0.073734 0.001452
2 2 0.005623 0.068930 0.869605 0.053518 0.002324
2 2 0.005007 0.051568 0.887152 0.054708 0.001564
2 2 0.002421 0.015999 0.837118 0.144187 0.000275
2 2 0.006277 0.022184 0.828250 0.142833 0.000456
2 2 0.007864 0.056981 0.886789 0.046467 0.001899
2 2 0.006466 0.068117 0.870486 0.052610 0.002320
2 2 0.009298 0.053744 0.880779 0.054440 0.001738
2 2 0.007855 0.063212 0.845391 0.081546 0.001996
2 2 0.009191 0.024028 0.862577 0.103658 0.000547
2 2 0.010923 0.046355 0.863137 0.078215 0.001371
2 3 0.011059 0.086760 0.816645 0.082418 0.003118
2 2 0.014938 0.055608 0.844422 0.083262 0.001771
2 1 0.028246 0.056394 0.813018 0.100490 0.001852
2 2 0.024629 0.104083 0.798691 0.068225 0.004372
1 0 0.321979 0.340857 0.279448 0.019472 0.038245
1 1 0.134060 0.531786 0.260228 0.009407 0.064520
2 1 0.028928 0.242370 0.691223 0.020599 0.016880
2 2 0.023566 0.122109 0.834029 0.013267 0.007030
2 2 0.016647 0.250525 0.707669 0.004447 0.020713
2 2 0.024660 0.259284 0.689758 0.004727 0.021571
1 4 0.101426 0.525074 0.305089 0.003140 0.065271
1 4 0.156159 0.482515 0.296552 0.002514 0.062259
1 4 0.078647 0.564791 0.268290 0.000885 0.087387
1 4 0.104788 0.552398 0.256959 0.000989 0.084865
4 4 0.177471 0.186451 0.018555 0.000010 0.617513
4 4 0.291320 0.153982 0.013915 0.000004 0.540779
0 4 0.817278 0.039462 0.007849 0.000016 0.135396
4 4 0.370226 0.193183 0.019084 0.000008 0.417498
1 4 0.245112 0.540323 0.076676 0.000187 0.137701
4 4 0.164982 0.320776 0.062707 0.000093 0.451442
4 4 0.211280 0.080904 0.006401 0.000001 0.701415
4 4 0.165225 0.103420 0.009718 0.000003 0.721634
0 4 0.705937 0.038644 0.004094 0.000001 0.251324
4 4 0.417435 0.150985 0.012495 0.000002 0.419083
4 4 0.207311 0.087899 0.002637 0.000000 0.702154
4 4 0.186407 0.114272 0.005707 0.000000 0.693614
0 4 0.730433 0.028545 0.001654 0.000000 0.239367
0 4 0.604649 0.046759 0.002683 0.000000 0.345909
4 4 0.409521 0.150118 0.020977 0.000026 0.419358
4 4 0.228110 0.264902 0.026247 0.000016 0.480724
1 4 0.316369 0.489772 0.046969 0.000043 0.146846
1 4 0.337952 0.467241 0.038579 0.000020 0.156209
1 4 0.044129 0.556584 0.216946 0.000004 0.182336
1 4 0.045827 0.561935 0.217317 0.000008 0.174913
1 4 0.304017 0.502026 0.052438 0.000068 0.141451
1 4 0.223644 0.515122 0.096561 0.000102 0.164571
1 4 0.182149 0.473161 0.064016 0.000009 0.280665
1 4 0.186944 0.514937 0.090566 0.000135 0.207418
4 4 0.198518 0.207697 0.018179 0.000004 0.575602
4 4 0.240129 0.254380 0.019571 0.000003 0.485918
4 4 0.343574 0.235824 0.015294 0.000002 0.405306
4 4 0.354170 0.267951 0.012459 0.000000 0.365419
4 4 0.270331 0.344996 0.035881 0.000031 0.348761
1 4 0.287834 0.388304 0.038192 0.000030 0.285640
0 4 0.540212 0.326415 0.053765 0.000130 0.079478
1 4 0.243363 0.551310 0.084826 0.000421 0.120081
1 4 0.260574 0.501407 0.047758 0.000006 0.190255
1 4 0.205532 0.536163 0.067306 0.000011 0.190988
1 4 0.297381 0.442873 0.048464 0.000063 0.211219
1 4 0.294157 0.511430 0.057191 0.000098 0.137125
1 4 0.325192 0.340122 0.031348 0.000017 0.303321
1 4 0.316630 0.349935 0.026323 0.000007 0.307105
0 4 0.379385 0.320450 0.017416 0.000001 0.282749
1 4 0.318310 0.408804 0.034905 0.000017 0.237963
4 4 0.325695 0.310230 0.019652 0.000003 0.344420
4 4 0.334578 0.260574 0.013026 0.000001 0.391820
0 4 0.883302 0.044689 0.002074 0.000000 0.069935
0 4 0.817127 0.044850 0.002036 0.000000 0.135988
4 4 0.411723 0.088656 0.011263 0.000007 0.488350
4 4 0.163410 0.149518 0.012995 0.000004 0.674073
0 4 0.886881 0.022013 0.001562 0.000000 0.089545
0 4 0.770179 0.057105 0.004068 0.000000 0.168649
0 4 0.616213 0.222431 0.062472 0.001424 0.097461
0 4 0.745768 0.106118 0.017793 0.000008 0.130312
1 4 0.264701 0.480930 0.057977 0.000072 0.196320
1 4 0.350440 0.366122 0.061251 0.000011 0.222176
1 4 0.198963 0.396261 0.046716 0.000008 0.358052
4 4 0.143614 0.395297 0.054105 0.000003 0.406981
1 4 0.294093 0.409087 0.039875 0.000030 0.256915
4 4 0.214882 0.295610 0.029058 0.000006 0.460443
0 4 0.504610 0.118736 0.003702 0.000000 0.372952
0 4 0.754782 0.132839 0.003630 0.000000 0.108748
0 4 0.697068 0.117522 0.002597 0.000000 0.182813
0 4 0.538407 0.172850 0.003729 0.000000 0.285014
1 4 0.369323 0.432365 0.028645 0.000006 0.169661
1 4 0.345595 0.458958 0.035929 0.000015 0.159503
4 4 0.253306 0.303682 0.029280 0.000018 0.413714
4 4 0.249758 0.296047 0.028449 0.000017 0.425729
4 4 0.336136 0.257788 0.013865 0.000001 0.392211
0 4 0.662444 0.085337 0.004732 0.000000 0.247487
0 4 0.877685 0.054158 0.002820 0.000000 0.065337
0 4 0.617451 0.230747 0.008780 0.000000 0.143020
0 4 0.500988 0.197557 0.007522 0.000000 0.293932
4 4 0.307971 0.243567 0.013075 0.000001 0.435386
0 4 0.631991 0.095880 0.009245 0.000002 0.262882
0 4 0.717242 0.100351 0.008985 0.000002 0.173420
0 4 0.754364 0.156201 0.008247 0.000000 0.081187
0 4 0.399941 0.396394 0.021067 0.000002 0.182596
0 4 0.343238 0.318012 0.018773 0.000002 0.319974
4 4 0.216488 0.257565 0.022941 0.000004 0.503003
4 4 0.213076 0.171792 0.015500 0.000005 0.599626
4 4 0.218334 0.205071 0.020493 0.000011 0.556091
1 4 0.140338 0.479348 0.118385 0.000399 0.261530
1 4 0.124498 0.544250 0.143860 0.000297 0.187095
1 4 0.074011 0.580428 0.244577 0.001067 0.099918
1 4 0.137451 0.593358 0.153263 0.000675 0.115253
1 4 0.132581 0.556762 0.115555 0.000042 0.195060
1 4 0.130499 0.501521 0.143496 0.000300 0.224185
4 4 0.200052 0.180105 0.014092 0.000003 0.605748
4 4 0.243788 0.176077 0.009619 0.000001 0.570516
1 4 0.076368 0.582588 0.198174 0.000106 0.142763
1 4 0.099719 0.547392 0.143154 0.000046 0.209689
1 4 0.049283 0.562055 0.190346 0.000003 0.198312
1 4 0.080958 0.585945 0.169998 0.000030 0.163070
1 4 0.312166 0.501085 0.069169 0.000250 0.117330
1 4 0.411798 0.413580 0.046785 0.000066 0.127771
1 4 0.121768 0.594592 0.160609 0.000391 0.122640
1 4 0.111748 0.592816 0.154004 0.000122 0.141311
1 4 0.197455 0.560402 0.085238 0.000054 0.156851
1 4 0.153882 0.570451 0.096587 0.000019 0.179062
1 4 0.112615 0.593185 0.185235 0.000851 0.108113
1 4 0.086791 0.587090 0.224374 0.001256 0.100488
1 4 0.102709 0.594125 0.182243 0.000391 0.120532
1 4 0.078473 0.586728 0.218788 0.000400 0.115612
1 4 0.316527 0.489512 0.107804 0.002162 0.083995
1 4 0.186724 0.579639 0.139666 0.005063 0.088908
1 1 0.287298 0.493115 0.125399 0.000865 0.093322
1 1 0.227391 0.563408 0.100689 0.001111 0.107401
1 1 0.045400 0.562212 0.238289 0.000021 0.154078
1 1 0.060373 0.569238 0.270780 0.000862 0.098747
0 1 0.649908 0.250124 0.045885 0.000279 0.053804
0 1 0.565939 0.311901 0.053681 0.000295 0.068185
1 1 0.272538 0.530714 0.068953 0.000214 0.127581
1 1 0.250593 0.548077 0.083042 0.000475 0.117814
0 0 0.721174 0.173269 0.007987 0.000000 0.097570
1 1 0.348676 0.455577 0.034905 0.000013 0.160829
0 1 0.453660 0.329938 0.011641 0.000000 0.204761
0 0 0.575432 0.262625 0.010930 0.000000 0.151013
0 1 0.428174 0.361909 0.015580 0.000001 0.194337
0 1 0.401141 0.394951 0.020807 0.000002 0.183099
0 1 0.438835 0.348621 0.013825 0.000000 0.198718
0 1 0.412406 0.381305 0.018484 0.000001 0.187803
0 1 0.434360 0.354215 0.014542 0.000000 0.196883
0 1 0.394423 0.390666 0.021161 0.000002 0.193749
0 0 0.465996 0.314232 0.010031 0.000000 0.209741
0 0 0.454862 0.328414 0.011476 0.000000 0.205248
1 1 0.293192 0.512590 0.058325 0.000106 0.135786
1 1 0.299511 0.506368 0.054565 0.000080 0.139476
1 1 0.335192 0.470195 0.039576 0.000022 0.155016
1 1 0.359707 0.443292 0.031434 0.000009 0.165558
0 1 0.420338 0.388646 0.022849 0.000003 0.168163
0 1 0.426691 0.363747 0.015836 0.000001 0.193725
0 1 0.494545 0.277435 0.006942 0.000000 0.221078
0 0 0.469897 0.318086 0.011012 0.000000 0.201005
1 0 0.307339 0.498780 0.050916 0.000060 0.142905
0 0 0.710350 0.194402 0.013695 0.000002 0.081552
1 1 0.245901 0.551452 0.086369 0.000563 0.115715
1 1 0.244972 0.552105 0.087041 0.000583 0.115300
1 0 0.305692 0.500395 0.051666 0.000064 0.142184
1 0 0.314089 0.492071 0.047940 0.000047 0.145852
1 0 0.213335 0.570811 0.112937 0.001868 0.101049
1 1 0.225563 0.564459 0.102213 0.001188 0.106577
1 1 0.185771 0.581508 0.130448 0.002085 0.100188
1 1 0.191500 0.578667 0.134493 0.004224 0.091116
1 1 0.178054 0.580681 0.149297 0.007009 0.084959
0 1 0.414214 0.387569 0.135954 0.010690 0.051573
1 1 0.054415 0.550453 0.313203 0.003561 0.078369
1 1 0.038430 0.524115 0.358248 0.002127 0.077080
1 1 0.088824 0.573548 0.252761 0.009417 0.075450
1 1 0.071925 0.567600 0.276165 0.005161 0.079148
1 1 0.096752 0.581611 0.233878 0.006172 0.081588
1 1 0.066597 0.557650 0.294917 0.007933 0.072902
2 1 0.006896 0.346766 0.592709 0.000232 0.053397
2 2 0.009542 0.358534 0.584905 0.000830 0.046189
1 2 0.078554 0.563097 0.275384 0.012433 0.070532
1 1 0.172599 0.561134 0.177619 0.004999 0.083649
1 1 0.109066 0.593276 0.193031 0.001306 0.103321
1 1 0.053523 0.558703 0.294329 0.001138 0.092306
1 1 0.119922 0.580453 0.211319 0.012706 0.075600
1 1 0.140276 0.568559 0.194914 0.028777 0.067474
0 1 0.414953 0.396446 0.125283 0.007994 0.055324
0 0 0.898836 0.067153 0.022416 0.000679 0.010916
1 0 0.418206 0.420281 0.052658 0.000112 0.108743
1 1 0.232345 0.560435 0.096662 0.000926 0.109632
1 1 0.098148 0.578879 0.236557 0.008708 0.077707
1 1 0.125129 0.578905 0.208103 0.010557 0.077305
1 1 0.195435 0.528261 0.194958 0.006949 0.074397
1 1 0.145316 0.582167 0.182712 0.011810 0.077995
1 1 0.116219 0.582361 0.213376 0.010181 0.077862
1 1 0.129202 0.558193 0.226722 0.016074 0.069809
1 1 0.111687 0.584250 0.215614 0.007659 0.080790
1 1 0.122383 0.587493 0.199703 0.006278 0.084143
2 1 0.016680 0.326110 0.619984 0.002598 0.034628
2 1 0.024711 0.330928 0.606817 0.004368 0.033175
2 2 0.005220 0.305393 0.643870 0.000109 0.045408
2 2 0.009200 0.368542 0.568287 0.000393 0.053579
2 1 0.033987 0.429324 0.482913 0.003522 0.050254
2 2 0.032422 0.327755 0.601673 0.006358 0.031792
1 2 0.058002 0.462225 0.417818 0.004888 0.057066
1 1 0.044150 0.532683 0.344118 0.002521 0.076527
2 2 0.003417 0.263464 0.693968 0.000058 0.039094
2 2 0.009185 0.277466 0.680705 0.000596 0.032047
2 2 0.009858 0.251057 0.712415 0.001521 0.025149
2 2 0.020929 0.258851 0.693038 0.003722 0.023461
1 2 0.143081 0.569906 0.198548 0.015524 0.072941
1 0 0.168184 0.530981 0.206076 0.001044 0.093714
2 2 0.000707 0.136334 0.841793 0.000002 0.021164
2 2 0.000288 0.088465 0.901298 0.000007 0.009941
2 2 0.000022 0.003252 0.996438 0.000219 0.000069
2 2 0.000010 0.007299 0.992185 0.000174 0.000332
2 2 0.000010 0.006556 0.992775 0.000095 0.000565
2 2 0.000000 0.002038 0.997181 0.000151 0.000630
2 2 0.000057 0.034789 0.962037 0.000019 0.003098
2 2 0.000005 0.006309 0.993042 0.000036 0.000609
2 2 0.000066 0.014394 0.984829 0.000167 0.000545
2 2 0.000227 0.013456 0.985654 0.000038 0.000625
2 2 0.000008 0.015394 0.982528 0.000001 0.002070
2 2 0.000017 0.023656 0.974339 0.000001 0.001986
2 2 0.000383 0.044305 0.952256 0.000483 0.002573
2 2 0.000107 0.020212 0.977830 0.000548 0.001302
2 2 0.000009 0.013190 0.985442 0.000018 0.001340
2 2 0.000013 0.012150 0.987068 0.000038 0.000730
2 2 0.000059 0.030196 0.966770 0.000195 0.002780
2 2 0.000015 0.005320 0.993907 0.000485 0.000273
2 2 0.000047 0.006073 0.992799 0.000882 0.000199
2 2 0.000048 0.005051 0.992804 0.002007 0.000089
2 2 0.000094 0.010326 0.988272 0.001039 0.000269
2 2 0.000076 0.008447 0.990619 0.000635 0.000223
2 2 0.000014 0.000838 0.976505 0.022621 0.000021
2 2 0.000003 0.001126 0.984594 0.014242 0.000035
2 2 0.000000 0.000294 0.996101 0.003595 0.000010
2 2 0.000009 0.005450 0.992941 0.001223 0.000377
2 2 0.000000 0.000264 0.963484 0.036231 0.000021
2 2 0.000104 0.001633 0.955537 0.042689 0.000037
2 2 0.000016 0.001220 0.981778 0.016925 0.000060
2 2 0.000015 0.002906 0.973294 0.023652 0.000132
2 2 0.000172 0.039142 0.952289 0.004095 0.004302
2 2 0.000008 0.006792 0.988015 0.004296 0.000889
2 2 0.000200 0.005571 0.927079 0.066920 0.000230
2 2 0.000001 0.000128 0.748907 0.250961 0.000004
2 2 0.000092 0.001676 0.850912 0.147251 0.000069
2 2 0.000034 0.003272 0.829585 0.166853 0.000257
2 2 0.000056 0.000924 0.798977 0.199996 0.000047
2 3 0.000008 0.001094 0.635220 0.363572 0.000107
2 3 0.000034 0.004713 0.797980 0.196553 0.000719
2 3 0.000031 0.005128 0.818069 0.175863 0.000909
3 3 0.000013 0.001967 0.472225 0.525409 0.000386
3 3 0.000005 0.000429 0.469602 0.529909 0.000056
2 3 0.000011 0.001177 0.656960 0.341696 0.000156
2 3 0.000007 0.000638 0.628485 0.370834 0.000036
2 3 0.000403 0.020880 0.744362 0.229321 0.005034
2 3 0.000007 0.001480 0.681490 0.316889 0.000134
3 3 0.000018 0.000482 0.366758 0.632721 0.000021
2 3 0.000007 0.000400 0.518233 0.481330 0.000030
3 3 0.000364 0.003832 0.473861 0.521447 0.000497
3 3 0.000094 0.002090 0.345056 0.652568 0.000193
2 3 0.000017 0.001866 0.628747 0.369205 0.000165
2 3 0.000001 0.000269 0.590502 0.409218 0.000010
3 3 0.000013 0.000507 0.304217 0.695226 0.000038
3 3 0.000026 0.000894 0.454247 0.544765 0.000067
3 3 0.000017 0.000516 0.324354 0.675083 0.000030
3 3 0.000003 0.000410 0.335424 0.664140 0.000023
3 3 0.000029 0.001746 0.448652 0.549465 0.000108
2 3 0.000031 0.002302 0.520026 0.477406 0.000235
3 3 0.000110 0.000863 0.173021 0.825876 0.000130
3 3 0.000116 0.004367 0.427770 0.567134 0.000612
3 3 0.000003 0.000640 0.258434 0.740833 0.000090
3 3 0.000001 0.000068 0.219212 0.780715 0.000005
2 3 0.000451 0.008634 0.605021 0.384566 0.001328
2 3 0.000064 0.002496 0.645400 0.351853 0.000187
3 3 0.000006 0.000575 0.437526 0.561866 0.000027
3 3 0.000001 0.000157 0.317648 0.682185 0.000008
3 3 0.000017 0.000883 0.454326 0.544697 0.000077
3 3 0.000014 0.000657 0.398468 0.600797 0.000064
3 3 0.000160 0.002137 0.318028 0.679306 0.000369
3 3 0.000131 0.002009 0.212354 0.785244 0.000261
3 3 0.000026 0.000637 0.298027 0.701250 0.000061
3 3 0.000138 0.003750 0.384289 0.611252 0.000570
3 3 0.000009 0.000471 0.344236 0.655260 0.000024
3 3 0.000012 0.000638 0.470841 0.528475 0.000033
3 3 0.000003 0.000206 0.200785 0.798994 0.000011
3 3 0.000017 0.000595 0.200003 0.799325 0.000060
3 3 0.000021 0.000636 0.226781 0.772497 0.000066
3 3 0.000019 0.000737 0.361000 0.638201 0.000043
3 3 0.000000 0.000028 0.160501 0.839468 0.000003
3 3 0.000035 0.000987 0.315204 0.683698 0.000077
3 3 0.000012 0.000734 0.346487 0.652698 0.000069
3 3 0.000012 0.000668 0.431016 0.568271 0.000033
3 3 0.000002 0.000125 0.198971 0.800895 0.000007
3 3 0.000010 0.000657 0.300494 0.698803 0.000036
3 3 0.000021 0.001130 0.299539 0.699134 0.000175
3 3 0.000002 0.000187 0.322073 0.677728 0.000011
3 3 0.000031 0.000742 0.223389 0.775775 0.000063
3 3 0.000038 0.001580 0.212080 0.785909 0.000393
