0 0 0.745155 0.119438 0.025837 0.001252 0.108318
0 0 0.621267 0.165681 0.038181 0.001237 0.173634
0 0 0.852635 0.080533 0.016288 0.001174 0.049371
0 0 0.484136 0.347199 0.095403 0.003904 0.069358
1 0 0.026857 0.528022 0.164706 0.000003 0.280413
1 1 0.022112 0.476726 0.141147 0.000001 0.360014
1 1 0.098859 0.449147 0.167356 0.000157 0.284480
1 1 0.063574 0.488907 0.242313 0.000158 0.205047
4 1 0.053201 0.375998 0.135157 0.000662 0.434982
4 1 0.047246 0.243566 0.081643 0.000287 0.627258
4 1 0.077829 0.162698 0.048867 0.000358 0.710249
4 1 0.082796 0.241935 0.076833 0.000568 0.597868
1 1 0.073153 0.485436 0.370835 0.000216 0.070360
1 1 0.102860 0.472555 0.366260 0.000526 0.057798
1 2 0.208668 0.481662 0.267313 0.001263 0.041095
1 2 0.186649 0.457380 0.327453 0.002464 0.026055
1 2 0.143420 0.462521 0.364871 0.004691 0.024497
2 2 0.249142 0.356251 0.361607 0.006909 0.026092
0 2 0.388428 0.278647 0.072423 0.001037 0.259466
1 2 0.240939 0.367711 0.107131 0.001088 0.283131
1 2 0.101235 0.529092 0.169219 0.000260 0.200194
1 2 0.197221 0.451192 0.123840 0.000145 0.227602
1 4 0.177004 0.360976 0.247262 0.000299 0.214458
1 4 0.169820 0.528395 0.180539 0.000897 0.120349
1 4 0.065242 0.493036 0.357155 0.000636 0.083930
2 4 0.032278 0.372151 0.523329 0.000104 0.072138
1 4 0.044030 0.485746 0.300381 0.000017 0.169826
1 1 0.043423 0.474658 0.301501 0.000016 0.180402
2 1 0.071276 0.402234 0.487196 0.001072 0.038221
2 1 0.097665 0.416863 0.451569 0.010922 0.022981
2 1 0.079472 0.405366 0.442354 0.000322 0.072486
1 1 0.090500 0.472780 0.378724 0.000442 0.057554
2 1 0.094777 0.373092 0.463936 0.000228 0.067968
1 1 0.190342 0.449664 0.319664 0.002568 0.037763
1 1 0.107229 0.460439 0.352041 0.000107 0.080185
1 1 0.108488 0.459718 0.362333 0.001191 0.068269
0 1 0.538947 0.246989 0.059953 0.000981 0.153130
0 4 0.599272 0.134869 0.028305 0.000279 0.237274
1 4 0.064946 0.548624 0.183091 0.000142 0.203197
1 4 0.047486 0.468297 0.263188 0.000075 0.220954
1 4 0.130330 0.507443 0.299112 0.000904 0.062211
1 4 0.145131 0.439541 0.306424 0.000710 0.108193
1 4 0.019375 0.471812 0.408964 0.000496 0.099353
1 4 0.025114 0.451111 0.434401 0.000452 0.088922
1 4 0.017584 0.479255 0.407237 0.000262 0.095663
1 4 0.007285 0.463623 0.443153 0.000117 0.085821
2 4 0.002955 0.338807 0.616474 0.000155 0.041609
2 4 0.005910 0.346431 0.605883 0.000366 0.041410
2 2 0.016533 0.300113 0.610642 0.000155 0.072558
2 2 0.015475 0.327453 0.567079 0.000053 0.089940
2 2 0.001390 0.300779 0.668251 0.000239 0.029341
2 2 0.003547 0.321235 0.632383 0.000228 0.042606
2 2 0.011172 0.136640 0.819652 0.000463 0.032072
2 2 0.006654 0.252272 0.727610 0.001458 0.012006
2 2 0.003744 0.162341 0.811032 0.005589 0.017293
2 2 0.003608 0.068680 0.904626 0.002088 0.020998
2 2 0.001960 0.058686 0.930702 0.001668 0.006984
2 2 0.004466 0.068557 0.917356 0.002009 0.007612
2 2 0.001239 0.016009 0.967330 0.013952 0.001470
2 2 0.000963 0.011052 0.976299 0.011048 0.000637
2 2 0.000016 0.000316 0.947107 0.052555 0.000006
2 2 0.000014 0.000687 0.952815 0.046478 0.000006
2 2 0.000067 0.000866 0.809316 0.189633 0.000118
2 2 0.000539 0.010552 0.838700 0.149842 0.000368
2 2 0.000121 0.004086 0.720428 0.274903 0.000461
2 2 0.000073 0.001473 0.777843 0.220475 0.000137
2 2 0.000226 0.001943 0.700228 0.297549 0.000055
2 2 0.000046 0.000870 0.552651 0.446414 0.000020
2 2 0.001350 0.010693 0.738111 0.248733 0.001113
2 2 0.003715 0.046540 0.702064 0.245191 0.002490
2 2 0.000551 0.017632 0.736701 0.242655 0.002462
2 2 0.000133 0.001619 0.614424 0.383659 0.000164
3 3 0.000754 0.002729 0.481596 0.514739 0.000182
3 3 0.000251 0.002049 0.285944 0.711608 0.000149
3 3 0.000067 0.002291 0.388052 0.609456 0.000134
3 3 0.000064 0.001591 0.286196 0.712030 0.000118
3 3 0.000031 0.000271 0.046350 0.953306 0.000043
3 3 0.000003 0.000080 0.087809 0.912099 0.000008
3 3 0.000001 0.000021 0.077134 0.922844 0.000001
3 3 0.000004 0.000063 0.052437 0.947491 0.000005
3 3 0.000005 0.000052 0.032249 0.967687 0.000006
3 3 0.000001 0.000020 0.026739 0.973238 0.000002
3 3 0.000003 0.000042 0.043484 0.956468 0.000003
3 3 0.000000 0.000001 0.036510 0.963489 0.000000
3 3 0.000014 0.000088 0.017418 0.982458 0.000022
3 3 0.000011 0.000070 0.016534 0.983368 0.000017
3 3 0.000001 0.000010 0.019110 0.980878 0.000001
3 3 0.000001 0.000027 0.046535 0.953435 0.000002
3 3 0.000001 0.000013 0.015601 0.984384 0.000002
3 3 0.000011 0.000078 0.018876 0.981019 0.000017
3 3 0.000000 0.000003 0.007398 0.992598 0.000000
3 3 0.000000 0.000001 0.007555 0.992443 0.000000
3 3 0.000000 0.000003 0.011493 0.988504 0.000000
3 3 0.000000 0.000004 0.013098 0.986898 0.000000
3 3 0.000001 0.000006 0.008229 0.991764 0.000001
3 3 0.000004 0.000031 0.008729 0.991227 0.000009
3 3 0.000000 0.000006 0.021267 0.978725 0.000000
3 3 0.000001 0.000008 0.021371 0.978620 0.000001
3 3 0.000005 0.000043 0.018683 0.981261 0.000008
3 3 0.000001 0.000010 0.017645 0.982343 0.000001
3 3 0.000151 0.000676 0.032768 0.966187 0.000218
3 3 0.000097 0.000602 0.034680 0.964454 0.000166
2 3 0.036200 0.132896 0.689423 0.128813 0.012668
2 3 0.004811 0.040356 0.530420 0.411843 0.012571
3 3 0.000896 0.003987 0.488671 0.506106 0.000340
2 3 0.009658 0.023315 0.574616 0.390113 0.002299
2 3 0.006258 0.085723 0.683699 0.209819 0.014500
2 3 0.003558 0.036582 0.731109 0.225549 0.003202
2 3 0.003432 0.022012 0.800178 0.173155 0.001223
2 3 0.003514 0.032196 0.795945 0.166776 0.001570
3 3 0.000122 0.002857 0.374366 0.622532 0.000124
3 3 0.000101 0.002388 0.341701 0.655703 0.000107
2 3 0.001878 0.032598 0.683846 0.280117 0.001561
2 3 0.000839 0.021104 0.771726 0.205678 0.000654
3 3 0.000017 0.000463 0.245704 0.753801 0.000016
3 3 0.000077 0.001367 0.217955 0.780518 0.000084
2 3 0.001600 0.019799 0.587718 0.389735 0.001149
2 3 0.001450 0.014344 0.573761 0.409581 0.000864
3 3 0.000006 0.000222 0.201190 0.798575 0.000007
3 3 0.000013 0.000299 0.146215 0.853457 0.000015
3 3 0.000087 0.001028 0.129665 0.869122 0.000098
3 3 0.000372 0.002121 0.194370 0.802909 0.000228
3 3 0.000509 0.005889 0.247712 0.745319 0.000570
2 3 0.001299 0.011021 0.562604 0.424410 0.000665
2 3 0.004940 0.056974 0.860875 0.075280 0.001932
2 3 0.002414 0.017659 0.918232 0.061247 0.000448
2 3 0.000522 0.013981 0.675113 0.309900 0.000483
3 3 0.000177 0.004573 0.495557 0.499524 0.000169
3 3 0.000123 0.003808 0.470747 0.525191 0.000131
3 3 0.000606 0.011025 0.425849 0.561834 0.000686
2 3 0.001455 0.025344 0.704422 0.267707 0.001073
2 3 0.000460 0.005030 0.594385 0.399919 0.000206
2 3 0.018959 0.122374 0.735892 0.114978 0.007797
2 3 0.012416 0.083958 0.762744 0.135717 0.005165
2 3 0.046394 0.233663 0.675813 0.025663 0.018467
2 3 0.042761 0.313424 0.619430 0.013049 0.011336
2 3 0.005491 0.088304 0.818867 0.077355 0.009982
2 3 0.006615 0.055463 0.875545 0.059172 0.003205
2 3 0.002418 0.042825 0.826710 0.125946 0.002101
2 3 0.002501 0.035194 0.836374 0.123712 0.002219
2 3 0.002763 0.034948 0.887457 0.069205 0.005627
2 3 0.002100 0.060752 0.854764 0.075499 0.006885
2 3 0.002230 0.026429 0.918847 0.050873 0.001621
2 3 0.003086 0.070781 0.871432 0.052228 0.002474
2 3 0.000260 0.004898 0.672157 0.322536 0.000148
2 3 0.000057 0.002823 0.629003 0.368064 0.000054
2 3 0.004523 0.064213 0.790027 0.131570 0.009668
2 3 0.008358 0.078077 0.674305 0.233727 0.005533
2 3 0.004851 0.041368 0.819601 0.132369 0.001810
2 3 0.003471 0.020454 0.757700 0.217347 0.001028
2 3 0.009699 0.095229 0.843502 0.048163 0.003407
2 3 0.006825 0.032477 0.873112 0.086283 0.001303
2 3 0.054281 0.198619 0.698944 0.031581 0.016576
2 3 0.063723 0.412672 0.495045 0.010331 0.018230
1 3 0.081983 0.456867 0.440851 0.003839 0.016460
1 3 0.107560 0.518964 0.346573 0.003518 0.023384
2 2 0.020890 0.397299 0.555858 0.003569 0.022385
2 2 0.032593 0.399256 0.544187 0.003323 0.020641
2 2 0.004839 0.131967 0.850505 0.008862 0.003828
2 2 0.002593 0.056027 0.928228 0.011527 0.001625
2 2 0.002449 0.068331 0.904676 0.023137 0.001407
2 2 0.004494 0.055652 0.927602 0.011134 0.001119
2 2 0.005410 0.108241 0.875609 0.007301 0.003438
2 2 0.003814 0.045775 0.945534 0.003543 0.001333
2 2 0.041089 0.147391 0.758817 0.043967 0.008736
0 0 0.488723 0.221346 0.251352 0.009515 0.029064
1 0 0.253242 0.545854 0.163402 0.001164 0.036338
1 0 0.412114 0.415348 0.116349 0.002442 0.053747
0 0 0.993247 0.003351 0.000352 0.000004 0.003046
0 0 0.996238 0.001607 0.000150 0.000002 0.002003
0 0 0.983966 0.004879 0.000539 0.000005 0.010610
0 0 0.993429 0.002687 0.000275 0.000004 0.003605
0 0 0.983151 0.008002 0.001037 0.000040 0.007771
0 0 0.950760 0.031714 0.004903 0.000066 0.012557
1 0 0.375439 0.461074 0.125332 0.000854 0.037300
0 0 0.573245 0.303158 0.075468 0.001317 0.046812
1 0 0.224325 0.574312 0.171354 0.000690 0.029320
1 1 0.324317 0.491435 0.136856 0.000760 0.046631
1 1 0.152746 0.553416 0.271185 0.001101 0.021553
0 0 0.461158 0.310848 0.165535 0.009243 0.053215
0 0 0.474843 0.384373 0.099209 0.000928 0.040647
1 0 0.279919 0.541681 0.151046 0.000419 0.026935
1 0 0.030036 0.498028 0.446672 0.000040 0.025224
2 0 0.024916 0.467839 0.477054 0.000016 0.030176
1 0 0.163687 0.594541 0.199481 0.002296 0.039995
0 0 0.399972 0.375655 0.140016 0.003495 0.080862
4 0 0.289917 0.173920 0.045405 0.000349 0.490409
1 1 0.120886 0.434711 0.150551 0.002951 0.290901
1 1 0.073370 0.590929 0.207154 0.000169 0.128378
1 1 0.065843 0.589512 0.214338 0.000195 0.130112
1 1 0.025514 0.507771 0.372176 0.000136 0.094403
1 1 0.019025 0.532910 0.353497 0.000097 0.094470
2 2 0.016604 0.374729 0.576327 0.004045 0.028295
2 2 0.012747 0.331922 0.614980 0.002601 0.037749
2 2 0.002536 0.151863 0.808501 0.003489 0.033611
2 2 0.004556 0.104819 0.854863 0.006558 0.029204
2 2 0.013970 0.296568 0.645986 0.001051 0.042426
2 2 0.012364 0.323971 0.630390 0.001230 0.032046
2 2 0.002246 0.180597 0.792812 0.005734 0.018611
2 2 0.001035 0.097675 0.861250 0.009746 0.030294
2 2 0.003574 0.148231 0.828769 0.004010 0.015416
2 2 0.001123 0.084210 0.891709 0.002542 0.020416
2 2 0.004489 0.117909 0.850475 0.003502 0.023624
2 2 0.005415 0.143064 0.822374 0.005475 0.023672
2 2 0.001878 0.042703 0.948057 0.004352 0.003010
2 2 0.003484 0.059524 0.928956 0.001570 0.006466
2 2 0.000810 0.067277 0.919986 0.000411 0.011515
2 2 0.000553 0.047552 0.944057 0.000879 0.006958
2 2 0.001728 0.058520 0.926911 0.003301 0.009541
2 2 0.001505 0.054235 0.933335 0.005319 0.005605
2 2 0.002493 0.060739 0.911411 0.012261 0.013096
2 2 0.005794 0.057572 0.910016 0.017949 0.008669
2 2 0.012066 0.125351 0.847134 0.001279 0.014170
2 2 0.009653 0.151105 0.821303 0.001026 0.016914
2 2 0.005178 0.196780 0.772876 0.005635 0.019530
2 2 0.008800 0.265965 0.708947 0.003258 0.013031
2 2 0.005912 0.119174 0.858013 0.013720 0.003181
2 2 0.001541 0.034162 0.952706 0.009667 0.001923
2 2 0.008295 0.095239 0.885286 0.005606 0.005573
2 2 0.006693 0.053905 0.921604 0.012555 0.005243
2 2 0.003388 0.079122 0.903240 0.009176 0.005073
2 2 0.005351 0.071638 0.908429 0.006348 0.008233
2 2 0.002196 0.085859 0.903865 0.003602 0.004478
2 2 0.001417 0.095637 0.888575 0.005980 0.008390
2 2 0.001727 0.021683 0.933719 0.041421 0.001450
2 2 0.002354 0.029682 0.888222 0.078639 0.001103
2 2 0.000935 0.024323 0.924714 0.049143 0.000884
2 2 0.000961 0.040999 0.890552 0.065053 0.002435
2 2 0.006361 0.036291 0.853657 0.102124 0.001567
2 2 0.005658 0.038666 0.875000 0.078535 0.002141
2 2 0.019859 0.246679 0.721937 0.005120 0.006404
2 2 0.019496 0.173809 0.789467 0.012789 0.004439
2 2 0.004579 0.064384 0.876745 0.045579 0.008714
2 2 0.004230 0.055856 0.885709 0.049495 0.004710
2 2 0.002507 0.051239 0.934352 0.010299 0.001604
2 2 0.003623 0.058195 0.928509 0.008081 0.001592
2 2 0.001621 0.025047 0.928985 0.043183 0.001165
2 2 0.002712 0.061575 0.866850 0.067002 0.001860
2 2 0.000776 0.032153 0.858942 0.105498 0.002630
2 2 0.001138 0.052566 0.898317 0.039760 0.008218
2 2 0.001738 0.018823 0.837683 0.141126 0.000630
2 2 0.003047 0.022355 0.891905 0.081610 0.001083
2 2 0.004047 0.065242 0.869552 0.053576 0.007583
2 2 0.006426 0.071879 0.867977 0.049950 0.003767
2 2 0.009311 0.188372 0.747910 0.024500 0.029907
2 2 0.011462 0.228544 0.714114 0.021638 0.024243
2 2 0.002710 0.050778 0.810543 0.133706 0.002264
2 2 0.000551 0.018061 0.888611 0.092120 0.000656
2 2 0.001538 0.036075 0.925717 0.027105 0.009564
2 2 0.002319 0.054175 0.928234 0.011376 0.003896
2 2 0.002472 0.047369 0.933805 0.004799 0.011556
2 2 0.002866 0.112515 0.859395 0.011546 0.013677
2 2 0.003959 0.041289 0.901311 0.051609 0.001832
2 2 0.006096 0.044481 0.903963 0.040977 0.004482
2 2 0.002320 0.056078 0.909606 0.017414 0.014582
2 2 0.003047 0.064176 0.886813 0.040632 0.005332
2 2 0.034208 0.294081 0.651218 0.003281 0.017211
2 2 0.024264 0.325501 0.630048 0.006843 0.013345
2 2 0.003276 0.066095 0.900510 0.024570 0.005550
2 2 0.002203 0.053229 0.923846 0.012813 0.007909
2 2 0.003464 0.086269 0.886353 0.012535 0.011378
2 2 0.004392 0.086142 0.888443 0.008176 0.012848
2 2 0.001462 0.033011 0.922601 0.039559 0.003367
2 2 0.004639 0.050436 0.893213 0.049902 0.001810
2 2 0.002028 0.050601 0.921849 0.017280 0.008243
2 2 0.003717 0.070663 0.896213 0.020868 0.008539
2 2 0.006512 0.239651 0.737156 0.002000 0.014681
2 2 0.006573 0.194793 0.770978 0.006041 0.021616
2 2 0.103546 0.365675 0.490913 0.003694 0.036172
1 2 0.087043 0.480077 0.409039 0.002190 0.021652
2 2 0.020915 0.364654 0.583621 0.001573 0.029238
2 2 0.031767 0.407024 0.532063 0.002590 0.026556
2 2 0.003158 0.161368 0.815079 0.009396 0.011000
2 2 0.002283 0.077520 0.903832 0.003101 0.013264
2 2 0.069597 0.360262 0.530574 0.004342 0.035224
1 2 0.268557 0.397182 0.292320 0.006074 0.035867
1 2 0.081566 0.506861 0.330360 0.000665 0.080548
1 2 0.056157 0.521282 0.323714 0.000180 0.098668
1 2 0.318445 0.399767 0.248710 0.002968 0.030110
1 2 0.131223 0.597617 0.240238 0.001823 0.029098
1 2 0.033808 0.505581 0.419560 0.000296 0.040755
1 2 0.036537 0.523133 0.381427 0.000342 0.058561
1 2 0.342862 0.415590 0.168145 0.006252 0.067151
0 0 0.599467 0.269784 0.068525 0.002768 0.059455
1 0 0.386105 0.449794 0.117830 0.000480 0.045791
1 0 0.413397 0.441761 0.113621 0.000437 0.030785
1 0 0.084149 0.479803 0.343867 0.000020 0.092162
1 0 0.069871 0.550604 0.292716 0.000047 0.086761
1 1 0.048248 0.508041 0.416859 0.000083 0.026769
1 1 0.060755 0.540345 0.360880 0.000035 0.037985
1 0 0.106674 0.498479 0.369134 0.000120 0.025593
1 0 0.116668 0.477872 0.382537 0.000210 0.022713
1 0 0.101351 0.484591 0.384156 0.000108 0.029794
1 0 0.152806 0.589262 0.231103 0.000218 0.026611
1 0 0.093921 0.479000 0.354886 0.000057 0.072136
1 0 0.126799 0.474571 0.320430 0.000135 0.078066
1 0 0.191583 0.497329 0.249266 0.000210 0.061611
1 0 0.154285 0.521212 0.279253 0.000097 0.045154
1 0 0.065263 0.516359 0.378609 0.000025 0.039744
1 0 0.071374 0.500812 0.381255 0.000013 0.046546
1 0 0.082325 0.491316 0.398114 0.000023 0.028222
1 0 0.078035 0.520329 0.381656 0.000018 0.019962
1 1 0.040787 0.517566 0.425632 0.000179 0.015836
1 0 0.083076 0.488379 0.376572 0.000185 0.051788
1 0 0.194256 0.522925 0.254381 0.000202 0.028236
1 0 0.122578 0.535992 0.320934 0.000958 0.019538
1 0 0.055011 0.488972 0.437219 0.000012 0.018786
2 1 0.045946 0.420546 0.506966 0.000012 0.026530
2 1 0.030333 0.442936 0.508086 0.000416 0.018230
2 1 0.029629 0.382068 0.558559 0.000062 0.029683
1 1 0.043150 0.489415 0.433652 0.000328 0.033454
1 1 0.050346 0.476516 0.430568 0.000484 0.042085
2 1 0.038765 0.459658 0.476137 0.001954 0.023486
2 1 0.057667 0.410193 0.509582 0.002829 0.019729
2 1 0.011165 0.355470 0.614748 0.000580 0.018038
2 1 0.008576 0.339246 0.636457 0.001578 0.014143
2 1 0.009670 0.298163 0.679962 0.002610 0.009595
2 2 0.011720 0.247054 0.728732 0.001654 0.010840
2 2 0.004756 0.284788 0.692698 0.000653 0.017105
2 2 0.009917 0.344981 0.617950 0.000640 0.026513
2 2 0.002320 0.147351 0.841606 0.003008 0.005715
2 2 0.004385 0.101809 0.883452 0.002071 0.008283
2 2 0.001995 0.163017 0.827405 0.000194 0.007389
2 2 0.004582 0.227745 0.759625 0.000104 0.007944
2 2 0.002535 0.106092 0.885887 0.001357 0.004128
2 2 0.003378 0.128339 0.859157 0.003555 0.005572
2 2 0.001957 0.060948 0.934390 0.001259 0.001446
2 2 0.002310 0.053273 0.942088 0.001427 0.000903
2 2 0.005329 0.087572 0.899517 0.006215 0.001366
2 2 0.004155 0.061242 0.923904 0.009852 0.000847
2 2 0.018681 0.253116 0.724360 0.000862 0.002981
2 2 0.012230 0.204803 0.778279 0.000918 0.003770
2 2 0.013979 0.252082 0.728180 0.000741 0.005017
2 2 0.017805 0.265079 0.708230 0.000318 0.008570
1 2 0.053435 0.462980 0.452398 0.001073 0.030115
2 2 0.045633 0.433941 0.486578 0.000338 0.033510
2 2 0.002204 0.092181 0.884091 0.016307 0.005217
2 2 0.002656 0.099349 0.872207 0.010499 0.015289
2 2 0.000334 0.051712 0.942307 0.001066 0.004581
2 2 0.000515 0.090491 0.901405 0.000806 0.006783
2 2 0.004649 0.097091 0.871877 0.021506 0.004877
2 2 0.003610 0.060570 0.915775 0.011693 0.008351
2 2 0.001327 0.053220 0.926761 0.015757 0.002934
2 2 0.001157 0.021249 0.963967 0.012904 0.000724
2 2 0.003352 0.075258 0.884017 0.032137 0.005237
2 2 0.001993 0.032746 0.924537 0.037265 0.003459
2 2 0.000583 0.028927 0.891870 0.074181 0.004440
2 2 0.000659 0.030302 0.870437 0.096214 0.002388
2 2 0.001340 0.029609 0.872041 0.095427 0.001583
2 2 0.000747 0.014363 0.842079 0.142152 0.000658
2 2 0.002770 0.073778 0.872690 0.040971 0.009791
2 2 0.001419 0.031670 0.919925 0.040385 0.006601
2 2 0.000068 0.003077 0.754566 0.242229 0.000060
2 2 0.000984 0.016455 0.849414 0.131854 0.001293
2 2 0.002218 0.029635 0.829938 0.135731 0.002478
2 2 0.003987 0.052623 0.807094 0.134130 0.002166
2 2 0.001765 0.020432 0.748218 0.228084 0.001501
2 2 0.002139 0.021457 0.790257 0.185108 0.001040
2 2 0.004042 0.039369 0.771377 0.183356 0.001856
2 2 0.002899 0.023913 0.662884 0.307535 0.002770
2 2 0.002864 0.036743 0.696911 0.260201 0.003279
2 2 0.002372 0.026939 0.690676 0.277019 0.002993
3 2 0.000230 0.005058 0.338558 0.655820 0.000334
2 2 0.000009 0.000837 0.528395 0.470732 0.000027
3 2 0.000017 0.000717 0.374799 0.624450 0.000017
3 2 0.000015 0.000810 0.418135 0.581023 0.000017
3 2 0.000041 0.001154 0.278059 0.720699 0.000047
3 2 0.000011 0.000503 0.340767 0.658708 0.000011
3 3 0.000088 0.001305 0.155561 0.842935 0.000111
3 3 0.000039 0.000743 0.184982 0.814194 0.000042
3 3 0.000036 0.000562 0.152992 0.846373 0.000037
3 3 0.000034 0.000421 0.133967 0.865549 0.000030
3 3 0.000000 0.000007 0.032921 0.967071 0.000000
3 3 0.000001 0.000037 0.076074 0.923886 0.000001
3 3 0.000004 0.000112 0.114399 0.885481 0.000005
3 3 0.000014 0.000239 0.085308 0.914421 0.000018
3 3 0.000001 0.000035 0.081492 0.918471 0.000001
3 3 0.000015 0.000378 0.167122 0.832468 0.000017
3 3 0.000003 0.000031 0.023652 0.976311 0.000004
3 3 0.000001 0.000014 0.044028 0.955956 0.000001
3 3 0.000061 0.000295 0.018916 0.980619 0.000110
3 3 0.000072 0.000415 0.028793 0.970600 0.000119
3 3 0.000001 0.000011 0.021193 0.978794 0.000001
3 3 0.000001 0.000021 0.025920 0.974057 0.000002
3 3 0.000002 0.000027 0.045154 0.954817 0.000002
3 3 0.000015 0.000185 0.059423 0.940358 0.000019
3 3 0.000015 0.000089 0.012986 0.986882 0.000028
3 3 0.000002 0.000014 0.011594 0.988387 0.000002
3 3 0.000009 0.000075 0.022712 0.977190 0.000013
3 3 0.000005 0.000038 0.017164 0.982786 0.000007
3 3 0.000059 0.000282 0.013490 0.986033 0.000137
3 3 0.000022 0.000123 0.012269 0.987538 0.000047
3 3 0.000002 0.000013 0.008629 0.991354 0.000003
3 3 0.000001 0.000007 0.008600 0.991392 0.000001
3 3 0.000000 0.000001 0.007605 0.992394 0.000000
3 3 0.000000 0.000001 0.006477 0.993522 0.000000
3 3 0.001328 0.006539 0.092776 0.897470 0.001886
3 3 0.001798 0.013648 0.190662 0.791426 0.002465
2 3 0.045235 0.221132 0.676466 0.041541 0.015626
2 3 0.024288 0.285057 0.649781 0.019257 0.021616
2 2 0.024415 0.399042 0.512493 0.009741 0.054308
2 2 0.012480 0.348408 0.577018 0.007811 0.054283
2 2 0.016099 0.353845 0.597445 0.000789 0.031822
2 2 0.012300 0.357720 0.601618 0.000496 0.027866
2 2 0.025440 0.448890 0.465815 0.000598 0.059257
1 2 0.023638 0.486399 0.433258 0.000692 0.056013
4 2 0.020048 0.335257 0.130163 0.000188 0.514344
4 2 0.008012 0.359537 0.160315 0.000143 0.471993
4 4 0.022723 0.306110 0.114946 0.000174 0.556048
4 4 0.013746 0.364797 0.146997 0.000103 0.474356
1 4 0.021807 0.496474 0.284446 0.000046 0.197227
1 4 0.050669 0.538491 0.230450 0.000146 0.180243
1 4 0.018261 0.433328 0.166787 0.000035 0.381589
1 4 0.029404 0.431022 0.179279 0.000100 0.360195
4 4 0.025951 0.321374 0.136867 0.000902 0.514906
4 4 0.026318 0.263952 0.110227 0.000458 0.599045
1 4 0.032172 0.477199 0.211652 0.000030 0.278947
1 4 0.029720 0.483464 0.186197 0.000031 0.300588
4 4 0.028518 0.297825 0.116076 0.000740 0.556840
4 4 0.022760 0.230669 0.122718 0.000355 0.623498
4 4 0.073065 0.053553 0.014637 0.000043 0.858702
4 4 0.045197 0.044478 0.011622 0.000039 0.898664
4 4 0.014360 0.242867 0.091540 0.000074 0.651159
4 4 0.012311 0.237442 0.097512 0.000247 0.652487
4 4 0.024376 0.400564 0.130292 0.000008 0.444759
4 4 0.012504 0.346099 0.121205 0.000006 0.520186
4 4 0.048436 0.085692 0.023978 0.000079 0.841815
4 4 0.056118 0.053003 0.017329 0.000106 0.873443
4 4 0.025476 0.266221 0.099526 0.000297 0.608479
4 4 0.031068 0.300148 0.102490 0.000076 0.566218
4 4 0.017758 0.206461 0.071067 0.000034 0.704680
4 4 0.019691 0.281844 0.101823 0.000064 0.596578
4 4 0.048917 0.184832 0.054413 0.000047 0.711792
4 4 0.048306 0.241141 0.079347 0.000220 0.630986
1 0 0.326386 0.365509 0.125302 0.000276 0.182527
1 1 0.267562 0.533558 0.146177 0.000264 0.052440
1 1 0.132056 0.603198 0.233708 0.000315 0.030723
1 1 0.150141 0.560934 0.228904 0.000113 0.059908
1 1 0.100225 0.510381 0.346969 0.000164 0.042261
1 1 0.161422 0.529172 0.256221 0.000260 0.052925
0 0 0.434391 0.342433 0.091790 0.001770 0.129615
1 0 0.184768 0.580277 0.189811 0.002138 0.043006
1 1 0.101771 0.604234 0.183551 0.000077 0.110367
1 1 0.106674 0.568137 0.173529 0.000111 0.151548
1 1 0.129069 0.584088 0.201160 0.001865 0.083817
1 4 0.176675 0.478648 0.217732 0.001779 0.125167
1 4 0.120942 0.522174 0.273446 0.001758 0.081679
1 4 0.108508 0.474367 0.305348 0.001556 0.110222
1 4 0.069297 0.519882 0.323647 0.000055 0.087120
1 4 0.072312 0.559045 0.294933 0.000088 0.073622
1 4 0.082538 0.572269 0.251415 0.001928 0.091850
1 4 0.063154 0.491284 0.304320 0.000754 0.140488
2 4 0.081337 0.411859 0.446231 0.000085 0.060487
1 4 0.184551 0.551382 0.226419 0.000215 0.037433
1 0 0.046469 0.505275 0.417027 0.000031 0.031198
1 1 0.026579 0.493573 0.448378 0.000030 0.031440
1 1 0.092525 0.560727 0.327678 0.000120 0.018951
1 1 0.070481 0.517030 0.388459 0.000039 0.023992
1 1 0.047547 0.523071 0.397394 0.000031 0.031957
1 1 0.052399 0.562877 0.365136 0.000025 0.019563
1 1 0.089635 0.556088 0.323515 0.000298 0.030464
1 1 0.181949 0.472369 0.288879 0.000225 0.056577
1 0 0.124040 0.673651 0.185507 0.000019 0.016784
1 1 0.103929 0.580095 0.304382 0.000080 0.011514
1 1 0.043239 0.498998 0.435299 0.000188 0.022276
1 1 0.039164 0.498575 0.435858 0.000037 0.026365
1 1 0.043503 0.525399 0.409044 0.000189 0.021865
1 1 0.036793 0.504908 0.428458 0.000245 0.029596
1 1 0.048075 0.464032 0.461272 0.000221 0.026401
1 1 0.080378 0.530691 0.361332 0.000305 0.027294
1 1 0.116772 0.510325 0.351972 0.001578 0.019353
1 1 0.145588 0.546975 0.272065 0.000348 0.035024
1 1 0.060434 0.559411 0.337255 0.000016 0.042883
1 1 0.066689 0.607857 0.286989 0.000030 0.038435
1 1 0.071671 0.533150 0.335606 0.001202 0.058370
1 1 0.095176 0.506333 0.332091 0.003086 0.063315
1 1 0.062101 0.519587 0.365746 0.000538 0.052028
1 1 0.059865 0.535032 0.368817 0.000387 0.035899
1 1 0.074165 0.479768 0.302910 0.000310 0.142846
1 1 0.055139 0.530413 0.290669 0.000130 0.123649
1 1 0.087444 0.522997 0.310118 0.000065 0.079376
1 1 0.086937 0.590445 0.259281 0.000154 0.063182
0 0 0.527705 0.290379 0.142427 0.002684 0.036805
1 0 0.428240 0.430419 0.109806 0.000438 0.031097
1 0 0.156328 0.533463 0.282666 0.000103 0.027439
1 0 0.113789 0.596555 0.275056 0.000386 0.014214
1 0 0.037118 0.480267 0.469694 0.000059 0.012862
2 0 0.041447 0.449347 0.495047 0.000154 0.014005
2 1 0.014980 0.233417 0.743033 0.000267 0.008303
2 1 0.010988 0.306872 0.669133 0.000187 0.012820
2 1 0.012809 0.225878 0.757313 0.001448 0.002552
2 1 0.009154 0.133350 0.854163 0.001748 0.001585
2 1 0.013992 0.205307 0.778390 0.000438 0.001873
2 1 0.009748 0.157173 0.830879 0.000247 0.001953
2 1 0.007943 0.088275 0.901440 0.000294 0.002048
2 1 0.010240 0.113838 0.873586 0.000375 0.001962
2 1 0.007523 0.150200 0.841119 0.000073 0.001085
2 1 0.009512 0.159912 0.828692 0.000037 0.001848
2 1 0.020940 0.150843 0.826639 0.000497 0.001081
2 1 0.019385 0.131650 0.847731 0.000209 0.001024
1 0 0.104819 0.481005 0.398879 0.001411 0.013886
2 1 0.046688 0.313434 0.633726 0.000599 0.005553
2 1 0.020176 0.131913 0.846261 0.000658 0.000992
2 1 0.015005 0.210431 0.771063 0.000075 0.003426
2 1 0.007253 0.091618 0.900772 0.000056 0.000300
2 2 0.014573 0.127192 0.857645 0.000127 0.000464
2 2 0.018196 0.199645 0.780853 0.000242 0.001064
2 2 0.013337 0.154617 0.831160 0.000151 0.000736
2 2 0.010382 0.159531 0.828899 0.000382 0.000806
2 2 0.014389 0.126325 0.858373 0.000290 0.000623
2 2 0.010005 0.154445 0.834226 0.000412 0.000911
2 2 0.008015 0.183112 0.806922 0.000434 0.001516
2 2 0.109843 0.364488 0.516141 0.001184 0.008343
1 2 0.130302 0.500714 0.356430 0.000569 0.011985
2 2 0.013701 0.183990 0.798669 0.001764 0.001876
2 2 0.013212 0.080277 0.899132 0.005774 0.001604
2 2 0.005221 0.131368 0.860931 0.000403 0.002077
2 2 0.005546 0.179758 0.812212 0.000712 0.001772
2 2 0.003465 0.068746 0.925073 0.001662 0.001053
2 2 0.003873 0.070609 0.923176 0.001735 0.000606
2 2 0.006562 0.084949 0.890808 0.015877 0.001805
2 2 0.005594 0.119102 0.866683 0.006121 0.002499
2 2 0.003310 0.043868 0.945843 0.005857 0.001122
2 2 0.003819 0.086915 0.897124 0.010903 0.001238
2 2 0.003762 0.086002 0.907057 0.002513 0.000666
2 2 0.004435 0.086391 0.907057 0.001544 0.000573
2 2 0.006391 0.091583 0.892173 0.008474 0.001380
2 2 0.006754 0.091335 0.891013 0.009410 0.001488
2 2 0.003422 0.073075 0.913157 0.009418 0.000929
2 2 0.006479 0.065337 0.917331 0.009787 0.001065
2 2 0.006552 0.088087 0.895332 0.008686 0.001343
2 2 0.004478 0.059529 0.927764 0.007463 0.000766
2 2 0.002249 0.043489 0.942102 0.011610 0.000549
2 2 0.003414 0.035464 0.954229 0.006496 0.000396
2 2 0.002967 0.050260 0.934314 0.011773 0.000686
2 2 0.002487 0.026632 0.964730 0.005894 0.000257
2 2 0.003224 0.051417 0.895937 0.048174 0.001249
2 2 0.002649 0.047033 0.923964 0.025507 0.000847
2 2 0.003691 0.061379 0.879418 0.053895 0.001617
2 2 0.004906 0.090474 0.859547 0.042662 0.002411
2 2 0.003604 0.058642 0.932543 0.004184 0.001027
2 2 0.005217 0.063951 0.920625 0.009290 0.000917
2 2 0.005071 0.062353 0.912304 0.018957 0.001315
2 2 0.002442 0.066885 0.893800 0.035551 0.001323
2 2 0.003295 0.051507 0.921624 0.022624 0.000950
2 2 0.006365 0.090085 0.886499 0.015304 0.001748
2 2 0.005576 0.047747 0.842611 0.102133 0.001933
2 2 0.003094 0.046893 0.832019 0.116326 0.001668
0 2 0.687482 0.169518 0.107607 0.003726 0.031666
1 2 0.193163 0.554560 0.213151 0.002396 0.036730
1 0 0.102014 0.463407 0.404414 0.001934 0.028230
1 0 0.100769 0.542468 0.329005 0.003004 0.024754
2 0 0.022718 0.367436 0.590937 0.000721 0.018188
2 0 0.030652 0.315268 0.631682 0.001031 0.021367
2 0 0.030531 0.369330 0.592385 0.000487 0.007267
2 2 0.029436 0.356286 0.601116 0.000326 0.012836
2 2 0.018544 0.288863 0.668773 0.000535 0.023284
2 2 0.013805 0.263628 0.693592 0.000934 0.028040
2 2 0.004981 0.082106 0.899750 0.001531 0.011633
2 2 0.004154 0.100362 0.876583 0.002254 0.016648
2 2 0.004901 0.169171 0.800200 0.000342 0.025385
2 2 0.002631 0.103551 0.875145 0.000555 0.018118
2 2 0.003800 0.069162 0.921847 0.000189 0.005001
2 2 0.003410 0.081935 0.907665 0.000307 0.006682
2 2 0.001990 0.023250 0.959525 0.010348 0.004887
2 2 0.002709 0.051002 0.928209 0.013137 0.004943
2 2 0.013606 0.232645 0.745767 0.000939 0.007043
2 2 0.015126 0.255618 0.719808 0.001455 0.007992
2 2 0.003726 0.088567 0.901695 0.002302 0.003710
2 2 0.001785 0.045664 0.946502 0.002034 0.004015
2 2 0.002716 0.085564 0.894794 0.000916 0.016011
2 2 0.004356 0.082503 0.900356 0.002615 0.010170
2 2 0.001757 0.053037 0.939142 0.001227 0.004836
2 2 0.002341 0.051608 0.938549 0.001955 0.005547
2 2 0.002743 0.056414 0.928818 0.009308 0.002718
2 2 0.001484 0.047122 0.941558 0.005801 0.004036
2 2 0.002626 0.034584 0.937562 0.023258 0.001970
2 2 0.002721 0.047420 0.937142 0.009504 0.003213
2 2 0.000885 0.033618 0.868718 0.092424 0.004355
2 2 0.002475 0.060256 0.847818 0.081388 0.008063
2 2 0.001597 0.030581 0.940561 0.024170 0.003091
2 2 0.002422 0.078344 0.885036 0.028647 0.005551
2 2 0.000514 0.017616 0.686250 0.293585 0.002036
2 2 0.000349 0.017484 0.785628 0.193725 0.002814
2 2 0.000539 0.020173 0.918441 0.058017 0.002830
2 2 0.000791 0.035025 0.908570 0.053271 0.002343
2 2 0.000909 0.015687 0.840212 0.141429 0.001763
2 2 0.001306 0.030608 0.775705 0.189056 0.003325
2 2 0.000601 0.020827 0.835325 0.142134 0.001113
2 2 0.000770 0.018046 0.897487 0.082789 0.000908
2 2 0.000409 0.012152 0.942834 0.044090 0.000515
2 2 0.000912 0.021108 0.899735 0.077649 0.000596
2 2 0.001965 0.053452 0.898959 0.032434 0.013191
2 2 0.001188 0.044378 0.909222 0.030938 0.014274
2 2 0.000743 0.025737 0.874187 0.095971 0.003363
2 2 0.000803 0.019694 0.888962 0.088325 0.002215
2 2 0.001040 0.042003 0.834630 0.116974 0.005353
2 3 0.001690 0.025424 0.784857 0.184535 0.003494
2 3 0.000807 0.016144 0.741531 0.239900 0.001618
2 3 0.000520 0.014090 0.798704 0.184778 0.001906
2 3 0.000748 0.010745 0.936531 0.050119 0.001857
2 3 0.000503 0.015646 0.918902 0.063264 0.001685
2 3 0.000170 0.005511 0.759754 0.233918 0.000647
2 3 0.000499 0.016659 0.665163 0.317081 0.000598
2 3 0.000805 0.058409 0.848802 0.083045 0.008939
2 3 0.000159 0.011050 0.851571 0.135624 0.001596
2 3 0.021118 0.099674 0.830856 0.041925 0.006427
2 3 0.026432 0.221309 0.725698 0.018924 0.007637
2 3 0.049879 0.414897 0.488357 0.001725 0.045143
2 2 0.047636 0.433016 0.475184 0.002473 0.041691
2 2 0.008271 0.170787 0.793811 0.008558 0.018573
2 2 0.003939 0.107621 0.872062 0.003961 0.012418
2 2 0.021945 0.387919 0.572461 0.000406 0.017269
2 2 0.028202 0.383556 0.556991 0.000325 0.030925
2 2 0.009338 0.253426 0.710770 0.000097 0.026369
2 2 0.009209 0.291169 0.679196 0.000070 0.020356
2 2 0.020744 0.406204 0.538314 0.000029 0.034709
2 2 0.018950 0.388098 0.544096 0.000033 0.048823
2 2 0.014118 0.294486 0.673802 0.000711 0.016883
2 2 0.018408 0.303806 0.663251 0.001206 0.013329
2 2 0.006161 0.116575 0.860740 0.003992 0.012533
2 2 0.004872 0.133086 0.845768 0.002586 0.013689
2 2 0.002759 0.099743 0.891992 0.001718 0.003789
2 2 0.004869 0.104113 0.879743 0.001329 0.009946
2 2 0.004213 0.068015 0.915622 0.000751 0.011400
2 2 0.002422 0.070402 0.920473 0.001415 0.005289
2 2 0.001731 0.033938 0.928593 0.034746 0.000991
2 2 0.001036 0.035923 0.944097 0.014903 0.004041
2 2 0.001939 0.065271 0.900831 0.016513 0.015445
2 2 0.004482 0.118163 0.845775 0.022497 0.009084
2 2 0.004848 0.103149 0.861552 0.023662 0.006790
2 2 0.002589 0.044950 0.935943 0.011849 0.004668
2 2 0.010881 0.135697 0.839867 0.005849 0.007706
2 2 0.007377 0.162965 0.814684 0.003775 0.011199
2 2 0.016437 0.355458 0.593569 0.002031 0.032505
2 2 0.010372 0.353799 0.603078 0.002784 0.029966
1 2 0.188317 0.420771 0.356878 0.004681 0.029353
1 0 0.329188 0.420851 0.215399 0.002302 0.032259
0 0 0.486509 0.248146 0.058504 0.000406 0.206435
0 0 0.767795 0.126308 0.025553 0.000346 0.079998
1 0 0.077765 0.480458 0.335904 0.000040 0.105833
1 0 0.056519 0.533558 0.314214 0.000217 0.095492
1 0 0.036427 0.487076 0.196901 0.000066 0.279530
1 1 0.029886 0.425735 0.179375 0.000041 0.364962
4 4 0.043350 0.082763 0.027202 0.000195 0.846489
4 4 0.049555 0.061755 0.018149 0.000045 0.870496
1 4 0.197831 0.376781 0.126674 0.002344 0.296370
0 0 0.515089 0.206956 0.073358 0.002762 0.201834
1 0 0.364905 0.409933 0.118194 0.002946 0.104021
1 0 0.221778 0.488771 0.170093 0.001256 0.118102
1 1 0.086377 0.450737 0.182361 0.000916 0.279610
1 1 0.082824 0.406898 0.162578 0.000357 0.347342
4 2 0.053848 0.169005 0.057555 0.000647 0.718946
4 4 0.049391 0.067866 0.023977 0.000104 0.858663
4 4 0.170064 0.175040 0.048157 0.000621 0.606119
4 4 0.104927 0.129083 0.045388 0.000433 0.720170
4 4 0.088106 0.324609 0.104760 0.000522 0.482002
4 4 0.084957 0.205232 0.061358 0.000269 0.648184
4 4 0.172296 0.201247 0.053249 0.000233 0.572974
4 4 0.105710 0.267337 0.082111 0.000518 0.544324
4 4 0.211495 0.128151 0.032931 0.000115 0.627308
4 4 0.106853 0.296956 0.089310 0.000291 0.506589
4 4 0.105889 0.157302 0.044948 0.000325 0.691535
4 4 0.123234 0.074372 0.020641 0.000070 0.781683
4 4 0.075196 0.130939 0.034664 0.000045 0.759156
4 4 0.065962 0.190037 0.055165 0.000083 0.688753
1 4 0.092403 0.460185 0.149422 0.000343 0.297648
1 4 0.039973 0.384236 0.234974 0.000129 0.340688
4 4 0.161221 0.031007 0.009709 0.000075 0.797988
4 4 0.144254 0.028398 0.011512 0.000196 0.815640
4 4 0.215351 0.011493 0.005458 0.000088 0.767610
4 4 0.267805 0.022009 0.006819 0.000050 0.703317
4 4 0.027939 0.246594 0.087345 0.000164 0.637958
4 4 0.038769 0.183318 0.055859 0.000045 0.722009
4 4 0.185531 0.117730 0.043539 0.001184 0.652016
4 4 0.150532 0.078533 0.029029 0.000830 0.741077
0 4 0.470492 0.384646 0.093702 0.000298 0.050863
1 4 0.297670 0.539692 0.140719 0.000142 0.021777
1 0 0.040442 0.567879 0.305251 0.000000 0.086428
1 0 0.030558 0.514170 0.357983 0.000000 0.097290
1 0 0.097446 0.562023 0.191684 0.000703 0.148144
1 0 0.278459 0.383663 0.099021 0.000176 0.238681
1 0 0.026862 0.492841 0.220810 0.000000 0.259487
1 0 0.037491 0.517146 0.162991 0.000001 0.282371
1 0 0.042179 0.500599 0.343402 0.000078 0.113741
1 1 0.042290 0.450234 0.364814 0.000126 0.142536
1 1 0.052089 0.415013 0.178748 0.000095 0.354056
1 1 0.080291 0.473132 0.165438 0.000870 0.280269
4 2 0.052855 0.146985 0.044929 0.000190 0.755042
4 2 0.068695 0.089483 0.023687 0.000073 0.818063
4 2 0.086259 0.329566 0.101053 0.000179 0.482943
4 2 0.080261 0.353488 0.115966 0.000455 0.449830
4 4 0.142391 0.089523 0.028585 0.000478 0.739023
4 4 0.115695 0.114399 0.030820 0.000301 0.738785
4 4 0.062089 0.329369 0.108279 0.000250 0.500013
4 4 0.075475 0.174646 0.050270 0.000126 0.699483
4 4 0.084566 0.336906 0.122095 0.000172 0.456261
1 4 0.071093 0.477585 0.150613 0.000083 0.300627
1 4 0.027357 0.463140 0.291697 0.000034 0.217772
1 4 0.029429 0.484215 0.216300 0.000019 0.270038
1 0 0.201796 0.454875 0.192866 0.000328 0.150134
1 0 0.063201 0.479811 0.352411 0.000057 0.104520
1 1 0.021297 0.518799 0.202561 0.000001 0.257341
1 1 0.020992 0.586835 0.206839 0.000012 0.185322
1 1 0.027429 0.576398 0.193950 0.000011 0.202213
1 2 0.041471 0.545443 0.192658 0.000019 0.220409
1 2 0.187631 0.453248 0.293916 0.001313 0.063892
1 2 0.213624 0.586683 0.172877 0.000451 0.026366
1 0 0.037760 0.525870 0.366665 0.000021 0.069685
1 0 0.043557 0.449942 0.409361 0.000025 0.097115
1 0 0.044381 0.596683 0.238866 0.000039 0.120031
1 1 0.057560 0.547941 0.237546 0.000007 0.156945
1 1 0.074716 0.577410 0.207900 0.000020 0.139954
1 1 0.058983 0.605902 0.186303 0.000018 0.148794
1 1 0.055934 0.539375 0.306773 0.000231 0.097687
1 1 0.069281 0.572984 0.250918 0.000243 0.106575
1 1 0.075134 0.541709 0.222103 0.000029 0.161025
1 1 0.042116 0.486588 0.340525 0.000032 0.130739
1 1 0.023850 0.423082 0.359432 0.000081 0.193555
1 1 0.029376 0.524422 0.279722 0.000362 0.166118
1 1 0.013841 0.546816 0.211350 0.000022 0.227972
1 1 0.020991 0.551852 0.212637 0.000071 0.214449
1 1 0.008935 0.540774 0.258593 0.000038 0.191661
1 2 0.017312 0.577925 0.222626 0.000036 0.182101
2 2 0.004368 0.417742 0.493053 0.000308 0.084529
2 2 0.006022 0.452218 0.459231 0.001244 0.081285
1 2 0.010722 0.520435 0.285906 0.000008 0.182929
1 2 0.012003 0.472999 0.347559 0.000035 0.167403
1 2 0.081051 0.513867 0.324122 0.000635 0.080325
1 2 0.218927 0.459486 0.217120 0.000633 0.103834
1 2 0.126461 0.625755 0.227258 0.000068 0.020458
1 2 0.117178 0.601883 0.257861 0.000023 0.023055
1 0 0.090603 0.563769 0.330787 0.000052 0.014790
1 0 0.094868 0.615586 0.261000 0.000012 0.028534
1 0 0.063057 0.562299 0.349247 0.000055 0.025343
1 2 0.055593 0.564052 0.345733 0.000016 0.034605
1 2 0.027373 0.531797 0.373644 0.000187 0.066999
1 2 0.018340 0.464989 0.444349 0.000115 0.072207
1 2 0.024096 0.513138 0.395127 0.000238 0.067402
1 2 0.030308 0.457624 0.420647 0.000526 0.090895
2 2 0.001792 0.431223 0.511427 0.000191 0.055367
1 2 0.002165 0.497521 0.455343 0.000153 0.044819
1 2 0.002872 0.552813 0.349787 0.000155 0.094372
1 2 0.003915 0.497378 0.406794 0.000345 0.091567
2 2 0.009334 0.071419 0.910072 0.001413 0.007762
1 2 0.266701 0.437463 0.264908 0.002588 0.028340
1 0 0.122687 0.622959 0.235630 0.000118 0.018606
1 0 0.115804 0.598789 0.265696 0.000329 0.019382
2 0 0.012429 0.285385 0.697222 0.000074 0.004889
2 0 0.011652 0.206565 0.776093 0.000019 0.005670
2 2 0.005878 0.207618 0.781665 0.000174 0.004665
2 2 0.011974 0.175534 0.807005 0.000290 0.005196
2 2 0.011188 0.177192 0.807754 0.000636 0.003231
2 2 0.010359 0.232935 0.752851 0.001045 0.002810
2 2 0.006434 0.070562 0.912880 0.007687 0.002437
2 2 0.017764 0.099587 0.874778 0.005634 0.002238
2 2 0.008036 0.100416 0.888248 0.002346 0.000955
2 2 0.003445 0.090385 0.904152 0.001503 0.000515
2 2 0.004998 0.050907 0.930284 0.012984 0.000828
2 2 0.005761 0.072255 0.910824 0.010057 0.001103
2 2 0.000750 0.011792 0.885557 0.101647 0.000253
2 2 0.003512 0.050306 0.899657 0.045309 0.001215
2 2 0.002096 0.023972 0.922197 0.051200 0.000535
2 2 0.000268 0.003879 0.927106 0.068697 0.000050
2 2 0.000628 0.013195 0.864567 0.121321 0.000289
2 2 0.000116 0.001622 0.898569 0.099673 0.000020
2 3 0.000063 0.001735 0.563973 0.434187 0.000041
2 3 0.000075 0.001043 0.626379 0.372478 0.000025
2 3 0.000140 0.002497 0.530324 0.466957 0.000082
2 3 0.000026 0.000724 0.548911 0.450326 0.000013
3 3 0.000002 0.000162 0.431190 0.568644 0.000002
3 3 0.000006 0.000244 0.351694 0.648051 0.000005
3 3 0.000806 0.007060 0.227398 0.763886 0.000850
3 3 0.000111 0.001636 0.312821 0.685354 0.000079
3 3 0.000017 0.000298 0.102118 0.897546 0.000021
3 3 0.000022 0.000305 0.090475 0.909173 0.000025
3 3 0.000003 0.000058 0.063188 0.936748 0.000003
3 3 0.000012 0.000152 0.061127 0.938695 0.000014
3 3 0.000088 0.000551 0.075588 0.923691 0.000082
3 3 0.000013 0.000121 0.066186 0.933670 0.000011
3 3 0.000003 0.000048 0.049195 0.950749 0.000004
3 3 0.000001 0.000023 0.034655 0.965319 0.000002
3 3 0.000057 0.000293 0.028386 0.971186 0.000077
3 3 0.000052 0.000310 0.028436 0.971121 0.000081
3 3 0.000008 0.000144 0.088194 0.911645 0.000009
3 3 0.000065 0.000526 0.065870 0.933463 0.000077
3 3 0.000018 0.000140 0.036827 0.962993 0.000021
3 3 0.000014 0.000125 0.038160 0.961684 0.000017
3 3 0.000002 0.000029 0.027184 0.972781 0.000003
3 3 0.000004 0.000039 0.025787 0.974165 0.000005
3 3 0.000032 0.000268 0.051348 0.948314 0.000038
3 3 0.000031 0.000250 0.044651 0.955029 0.000039
3 3 0.000000 0.000009 0.040821 0.959170 0.000000
3 3 0.000003 0.000048 0.041565 0.958379 0.000004
3 3 0.000003 0.000026 0.014079 0.985887 0.000005
3 3 0.000010 0.000070 0.020912 0.978994 0.000014
3 3 0.000011 0.000081 0.026111 0.973782 0.000014
3 3 0.000074 0.000338 0.040558 0.958955 0.000075
3 3 0.000071 0.000337 0.022737 0.976742 0.000114
3 3 0.000118 0.000517 0.020561 0.978581 0.000223
3 3 0.000002 0.000016 0.015758 0.984222 0.000002
3 3 0.000000 0.000009 0.029094 0.970896 0.000001
3 3 0.000006 0.000043 0.017002 0.982941 0.000008
3 3 0.000035 0.000182 0.012989 0.986716 0.000077
3 3 0.000036 0.000199 0.021967 0.977743 0.000056
3 3 0.000031 0.000167 0.020943 0.978814 0.000046
3 3 0.000011 0.000069 0.014797 0.985104 0.000018
3 3 0.000030 0.000163 0.016980 0.982774 0.000053
3 3 0.000032 0.000189 0.027657 0.972079 0.000043
3 3 0.000124 0.000622 0.052419 0.946703 0.000133
3 3 0.000031 0.000149 0.027445 0.972341 0.000034
3 3 0.000016 0.000094 0.018002 0.981865 0.000024
3 3 0.000007 0.000048 0.014121 0.985812 0.000011
3 3 0.000058 0.000289 0.022134 0.977425 0.000094
3 3 0.000368 0.001304 0.031444 0.966304 0.000579
3 3 0.000239 0.000939 0.021226 0.977100 0.000496
