0 0 0.925079 0.016157 0.049005 0.008193 0.001567
0 0 0.882184 0.029418 0.072342 0.012638 0.003418
0 0 0.806532 0.048422 0.116039 0.024309 0.004699
0 0 0.858642 0.033869 0.087281 0.016861 0.003347
0 0 0.790618 0.051858 0.123700 0.027902 0.005921
0 0 0.405626 0.245240 0.222243 0.047443 0.079448
4 0 0.024867 0.040483 0.006773 0.000014 0.927862
4 0 0.062118 0.082228 0.006833 0.000002 0.848819
1 1 0.052517 0.531610 0.071681 0.000000 0.344192
1 1 0.057548 0.497313 0.067144 0.000000 0.377994
4 1 0.128661 0.360092 0.026156 0.000000 0.485090
4 1 0.060647 0.349763 0.061092 0.000001 0.528498
1 1 0.111179 0.427164 0.054968 0.000001 0.406689
4 1 0.036473 0.283749 0.070446 0.000001 0.609331
4 1 0.099955 0.242842 0.041455 0.000012 0.615737
4 1 0.128939 0.277120 0.043698 0.000015 0.550228
4 1 0.096902 0.337461 0.140432 0.001216 0.423989
4 1 0.059354 0.260721 0.093036 0.000192 0.586698
4 1 0.050898 0.099974 0.010265 0.000001 0.838862
4 4 0.022999 0.043639 0.009961 0.000040 0.923361
4 4 0.021440 0.032904 0.014845 0.003561 0.927249
4 4 0.159968 0.160129 0.033627 0.001408 0.644868
4 4 0.035589 0.111413 0.052391 0.000450 0.800158
4 4 0.082706 0.218505 0.051314 0.000060 0.647415
1 4 0.056844 0.575792 0.225313 0.000027 0.142024
1 4 0.042424 0.442863 0.287611 0.000458 0.226643
1 4 0.093121 0.639281 0.165703 0.000007 0.101887
1 1 0.067428 0.596828 0.203265 0.000034 0.132445
4 1 0.082325 0.384022 0.097276 0.000013 0.436364
1 1 0.138493 0.568132 0.080236 0.000001 0.213139
1 1 0.049370 0.549306 0.337912 0.001326 0.062087
1 1 0.050063 0.528808 0.348783 0.000941 0.071406
2 1 0.014316 0.214613 0.677372 0.076765 0.016934
2 2 0.012075 0.202671 0.738625 0.031978 0.014651
2 2 0.002183 0.144824 0.751901 0.092875 0.008217
2 2 0.000847 0.068235 0.909448 0.019127 0.002343
2 2 0.000394 0.026519 0.953237 0.019407 0.000443
2 2 0.000233 0.038823 0.945959 0.014299 0.000686
2 2 0.000123 0.010670 0.963282 0.025850 0.000075
2 2 0.000068 0.008201 0.977670 0.014014 0.000046
2 2 0.000124 0.013135 0.934913 0.051735 0.000093
2 2 0.000480 0.014000 0.925546 0.059818 0.000157
2 2 0.000247 0.011784 0.908029 0.079846 0.000094
2 2 0.000316 0.020289 0.903839 0.075326 0.000229
2 2 0.002049 0.020329 0.691087 0.286130 0.000405
2 2 0.001230 0.016016 0.757142 0.225376 0.000237
2 2 0.000798 0.011540 0.680303 0.307119 0.000240
2 2 0.001209 0.010129 0.634645 0.353753 0.000264
2 2 0.010644 0.071619 0.674392 0.239889 0.003457
2 2 0.004611 0.071876 0.682543 0.237943 0.003027
2 2 0.001876 0.018329 0.767256 0.212207 0.000333
2 2 0.001218 0.019862 0.681337 0.297254 0.000330
2 2 0.002377 0.014030 0.740866 0.242483 0.000244
2 2 0.002868 0.020708 0.659907 0.316047 0.000470
3 2 0.000867 0.003336 0.238189 0.757563 0.000045
3 3 0.001178 0.004344 0.348147 0.646269 0.000062
3 3 0.003094 0.003873 0.177080 0.815816 0.000136
3 3 0.002752 0.012393 0.319684 0.664533 0.000637
3 3 0.003631 0.013572 0.338949 0.642836 0.001012
3 3 0.001775 0.014917 0.263880 0.715617 0.003811
3 3 0.002282 0.004438 0.257324 0.735817 0.000139
3 3 0.000861 0.006433 0.337283 0.655035 0.000388
3 3 0.001207 0.002506 0.205779 0.790421 0.000088
3 3 0.000902 0.003620 0.285031 0.710305 0.000142
3 3 0.000882 0.002257 0.149601 0.847144 0.000115
3 3 0.000721 0.000816 0.070337 0.928078 0.000048
3 3 0.001615 0.003979 0.125376 0.868162 0.000868
3 3 0.001753 0.004876 0.083751 0.908958 0.000661
3 3 0.003503 0.006660 0.185728 0.803731 0.000377
3 3 0.005083 0.007254 0.202927 0.784405 0.000330
3 3 0.000722 0.004039 0.193492 0.801396 0.000352
3 3 0.001223 0.002705 0.146413 0.849396 0.000263
3 3 0.001377 0.000776 0.070288 0.927549 0.000010
3 3 0.000238 0.001075 0.104613 0.893971 0.000104
3 3 0.000391 0.000805 0.051061 0.947639 0.000103
3 3 0.000234 0.001061 0.057620 0.940601 0.000483
3 3 0.000230 0.000498 0.042175 0.957009 0.000089
3 3 0.000581 0.001261 0.061724 0.936302 0.000132
3 3 0.000343 0.000630 0.046307 0.952547 0.000173
3 3 0.000306 0.000314 0.031079 0.968262 0.000039
3 3 0.000350 0.000428 0.028681 0.970420 0.000120
3 3 0.000792 0.001514 0.069408 0.928019 0.000267
3 3 0.000426 0.000457 0.027601 0.971400 0.000115
3 3 0.000338 0.000366 0.023789 0.975374 0.000133
3 3 0.000184 0.000288 0.027452 0.972025 0.000049
3 3 0.000155 0.000345 0.040492 0.958968 0.000040
3 3 0.000422 0.000468 0.025993 0.972854 0.000263
3 3 0.000168 0.000318 0.022920 0.976378 0.000216
3 3 0.000145 0.000385 0.035471 0.963889 0.000111
3 3 0.000124 0.000189 0.018617 0.981012 0.000059
3 3 0.000189 0.000205 0.018264 0.981280 0.000063
3 3 0.000136 0.000152 0.015024 0.984637 0.000050
3 3 0.000153 0.000212 0.016240 0.983250 0.000144
3 3 0.000333 0.000304 0.021633 0.977575 0.000155
3 3 0.000228 0.000198 0.019481 0.980043 0.000050
3 3 0.000154 0.000153 0.016666 0.982999 0.000028
3 3 0.000130 0.000240 0.016932 0.982584 0.000115
3 3 0.000140 0.000219 0.015895 0.983565 0.000181
3 3 0.000148 0.000185 0.016194 0.983405 0.000067
3 3 0.000093 0.000063 0.010191 0.989629 0.000024
3 3 0.000128 0.000219 0.017701 0.981857 0.000095
3 3 0.000151 0.000156 0.015152 0.984475 0.000065
3 3 0.000080 0.000150 0.013222 0.986479 0.000069
3 3 0.000129 0.000257 0.024233 0.975314 0.000066
3 3 0.000066 0.000096 0.011077 0.988724 0.000038
3 3 0.000159 0.000184 0.016472 0.983124 0.000061
3 3 0.000245 0.000311 0.019264 0.979813 0.000367
3 3 0.000367 0.000526 0.025806 0.972911 0.000391
3 3 0.000150 0.000158 0.014752 0.984847 0.000093
3 3 0.000062 0.000109 0.010684 0.989043 0.000102
3 3 0.000162 0.000232 0.017373 0.982118 0.000115
3 3 0.000165 0.000226 0.017131 0.982358 0.000121
3 3 0.000117 0.000127 0.013733 0.985982 0.000041
3 3 0.000088 0.000085 0.011229 0.988565 0.000032
3 3 0.000211 0.000252 0.019922 0.979470 0.000146
3 3 0.000127 0.000139 0.013700 0.985955 0.000080
3 3 0.000108 0.000249 0.015959 0.983470 0.000215
3 3 0.000131 0.000275 0.020807 0.978589 0.000198
3 3 0.000060 0.000092 0.012115 0.987703 0.000029
3 3 0.000082 0.000110 0.018122 0.981672 0.000013
3 3 0.000109 0.000167 0.014450 0.985195 0.000079
3 3 0.000187 0.000253 0.022004 0.977453 0.000103
3 3 0.000090 0.000110 0.012039 0.987706 0.000055
3 3 0.000074 0.000081 0.011080 0.988745 0.000020
3 3 0.000108 0.000119 0.014688 0.985052 0.000033
3 3 0.000160 0.000257 0.017813 0.981628 0.000141
3 3 0.000142 0.000192 0.015382 0.984147 0.000138
3 3 0.000083 0.000105 0.011626 0.988131 0.000055
3 3 0.000109 0.000289 0.016172 0.983062 0.000368
3 3 0.000249 0.000233 0.018059 0.981279 0.000181
3 3 0.000097 0.000080 0.011105 0.988687 0.000032
3 3 0.000070 0.000188 0.018526 0.981122 0.000094
3 3 0.000121 0.000143 0.014772 0.984930 0.000035
3 3 0.000064 0.000059 0.009703 0.990161 0.000013
3 3 0.000118 0.000235 0.019662 0.979882 0.000102
3 3 0.000093 0.000130 0.015077 0.984636 0.000063
3 3 0.000122 0.000178 0.015515 0.984126 0.000060
3 3 0.000118 0.000198 0.014978 0.984553 0.000153
3 3 0.000050 0.000076 0.009885 0.989954 0.000036
3 3 0.000252 0.000143 0.018482 0.981111 0.000011
3 3 0.000347 0.000336 0.022818 0.976352 0.000148
3 3 0.000290 0.000584 0.027815 0.971147 0.000164
3 3 0.001760 0.002580 0.097438 0.898166 0.000056
3 3 0.001507 0.001414 0.075450 0.921585 0.000043
3 3 0.001444 0.001311 0.072165 0.925033 0.000047
3 3 0.001418 0.005979 0.131252 0.861178 0.000173
3 3 0.015732 0.018583 0.201820 0.762968 0.000897
3 3 0.004484 0.024609 0.245730 0.717117 0.008059
3 3 0.004801 0.037854 0.383881 0.571827 0.001637
3 3 0.005564 0.026137 0.468791 0.498563 0.000944
2 3 0.005131 0.054943 0.533069 0.403908 0.002950
2 2 0.006073 0.039441 0.561456 0.391544 0.001486
2 2 0.000820 0.024073 0.680765 0.292487 0.001855
2 2 0.001188 0.022033 0.742513 0.233535 0.000731
2 2 0.037376 0.232742 0.325166 0.083895 0.320821
4 4 0.029309 0.246788 0.244464 0.077873 0.401566
2 4 0.021783 0.322253 0.540220 0.071463 0.044281
2 4 0.019187 0.315613 0.433625 0.155982 0.075594
2 4 0.026191 0.396712 0.455751 0.043067 0.078279
2 4 0.019780 0.380086 0.491272 0.041329 0.067533
2 4 0.010355 0.230832 0.626787 0.102264 0.029762
2 2 0.016525 0.278751 0.559040 0.095111 0.050572
2 2 0.008219 0.182461 0.579533 0.197637 0.032151
2 2 0.002182 0.069476 0.747644 0.166381 0.014317
2 2 0.006210 0.146464 0.821002 0.012250 0.014074
2 2 0.011123 0.315947 0.625331 0.008470 0.039129
2 2 0.000893 0.081012 0.892941 0.020508 0.004646
2 2 0.001086 0.119104 0.856286 0.018761 0.004763
2 2 0.001140 0.058278 0.933782 0.004623 0.002177
2 2 0.005082 0.213649 0.760361 0.009826 0.011082
2 2 0.016658 0.126647 0.632321 0.216955 0.007419
2 2 0.013358 0.233230 0.473496 0.260856 0.019061
2 2 0.002678 0.127853 0.852265 0.011008 0.006196
2 2 0.003780 0.098536 0.885986 0.007982 0.003716
2 2 0.000202 0.029894 0.959066 0.010370 0.000468
2 2 0.000161 0.016415 0.971833 0.011415 0.000176
2 2 0.000048 0.016784 0.974599 0.008442 0.000128
2 2 0.000164 0.023961 0.958773 0.016810 0.000292
2 2 0.000098 0.021703 0.962597 0.015387 0.000215
2 2 0.000175 0.026338 0.949408 0.023755 0.000324
2 2 0.002208 0.047822 0.774625 0.173881 0.001463
2 2 0.001481 0.053755 0.678171 0.265055 0.001537
2 2 0.002471 0.036011 0.766300 0.194224 0.000992
2 2 0.003000 0.035088 0.755811 0.205081 0.001019
2 2 0.001773 0.045225 0.802103 0.149641 0.001258
2 2 0.002348 0.082454 0.659457 0.252308 0.003433
2 2 0.058288 0.251161 0.458030 0.214798 0.017723
2 2 0.031026 0.173370 0.474184 0.295724 0.025697
2 2 0.016580 0.362573 0.533860 0.057750 0.029237
2 2 0.009558 0.269511 0.636358 0.063420 0.021153
2 2 0.004848 0.171030 0.716727 0.096312 0.011083
2 2 0.008546 0.232348 0.693071 0.051616 0.014419
2 2 0.012664 0.330473 0.554262 0.075690 0.026910
2 2 0.007553 0.220009 0.705221 0.054447 0.012770
2 2 0.000893 0.058620 0.863332 0.075589 0.001566
2 2 0.001504 0.054699 0.861787 0.080340 0.001669
2 2 0.005963 0.174868 0.770922 0.037217 0.011031
2 2 0.009661 0.192305 0.718828 0.067605 0.011601
1 2 0.059206 0.498452 0.340296 0.043261 0.058785
1 2 0.060943 0.467370 0.341259 0.069563 0.060865
1 2 0.067651 0.510473 0.327856 0.026540 0.067480
1 2 0.066539 0.520450 0.325505 0.022089 0.065417
1 2 0.070511 0.492567 0.322901 0.045654 0.068367
1 1 0.076258 0.478155 0.320759 0.048165 0.076663
1 1 0.107016 0.544250 0.251634 0.009308 0.087792
1 1 0.106739 0.547909 0.248957 0.015526 0.080870
1 1 0.042422 0.484882 0.397003 0.022443 0.053250
1 1 0.032721 0.463913 0.438602 0.016342 0.048422
2 2 0.001318 0.168471 0.798710 0.023775 0.007726
2 2 0.000551 0.055828 0.924855 0.017291 0.001475
2 2 0.015254 0.211143 0.526490 0.230988 0.016126
2 2 0.017187 0.304097 0.474898 0.180608 0.023209
1 1 0.045238 0.494884 0.390166 0.008403 0.061310
1 1 0.048269 0.461318 0.375825 0.059299 0.055289
2 1 0.011222 0.325848 0.557144 0.082087 0.023700
2 1 0.010807 0.240759 0.678972 0.050749 0.018714
2 2 0.000717 0.043774 0.914756 0.039730 0.001022
2 2 0.000688 0.041253 0.935780 0.021265 0.001013
2 2 0.000168 0.025578 0.969541 0.004310 0.000403
2 2 0.000149 0.054162 0.933856 0.010818 0.001015
2 2 0.000588 0.027467 0.947198 0.024231 0.000516
2 2 0.000418 0.025103 0.955066 0.018995 0.000418
2 2 0.000130 0.009924 0.976292 0.013577 0.000076
2 2 0.000353 0.048078 0.903147 0.047516 0.000906
2 2 0.002585 0.138723 0.689518 0.161233 0.007941
2 2 0.001440 0.048248 0.899068 0.049798 0.001446
2 2 0.099609 0.285413 0.546364 0.042613 0.026001
1 2 0.075270 0.488350 0.297494 0.074894 0.063992
1 2 0.258336 0.413337 0.118126 0.010644 0.199557
1 1 0.220645 0.413082 0.092276 0.004199 0.269798
1 1 0.171655 0.534067 0.178586 0.020520 0.095172
0 1 0.678754 0.133578 0.144431 0.021518 0.021719
1 0 0.110593 0.553471 0.241509 0.010021 0.084406
1 0 0.098141 0.536670 0.267608 0.015858 0.081724
1 1 0.067904 0.518671 0.328980 0.009078 0.075367
1 1 0.081080 0.512064 0.309919 0.008665 0.088272
1 1 0.034144 0.473800 0.430693 0.010125 0.051238
1 1 0.031162 0.470574 0.441246 0.007794 0.049224
1 1 0.061094 0.481264 0.331404 0.067554 0.058684
1 1 0.074228 0.543165 0.299604 0.017268 0.065735
1 1 0.040254 0.463690 0.387593 0.062677 0.045785
1 1 0.034209 0.419372 0.409110 0.093650 0.043659
1 1 0.066931 0.454316 0.370807 0.057044 0.050902
1 1 0.063821 0.518629 0.319149 0.041498 0.056903
1 1 0.079199 0.478776 0.290334 0.085033 0.066659
1 1 0.100541 0.413192 0.318274 0.102551 0.065441
2 1 0.013597 0.363334 0.535625 0.061895 0.025549
2 1 0.021994 0.388708 0.483733 0.069479 0.036085
2 1 0.019147 0.399584 0.522478 0.021724 0.037067
2 1 0.014682 0.389413 0.545281 0.021008 0.029617
0 1 0.627709 0.214896 0.105561 0.008034 0.043801
0 0 0.839652 0.055934 0.079893 0.011388 0.013133
1 0 0.276809 0.485666 0.109902 0.005723 0.121900
1 0 0.175491 0.531746 0.177052 0.009081 0.106630
0 0 0.732435 0.071599 0.152971 0.035182 0.007813
0 0 0.808812 0.057568 0.106678 0.019144 0.007798
1 0 0.288746 0.416576 0.200040 0.021124 0.073515
1 0 0.142115 0.507125 0.189611 0.005521 0.155628
0 0 0.381221 0.352567 0.086391 0.005262 0.174560
4 1 0.203087 0.337993 0.094182 0.009365 0.355373
1 1 0.074137 0.471776 0.230309 0.001155 0.222623
1 1 0.087902 0.447015 0.210500 0.004131 0.250453
1 1 0.079150 0.552766 0.252569 0.000590 0.114924
1 1 0.109363 0.602823 0.195078 0.000169 0.092568
1 1 0.159621 0.546368 0.164760 0.000708 0.128543
1 1 0.082287 0.470318 0.247755 0.002865 0.196776
1 1 0.083794 0.530995 0.291810 0.012813 0.080588
1 1 0.105097 0.529792 0.251586 0.009135 0.104390
1 1 0.250537 0.409953 0.115554 0.005170 0.218786
1 1 0.176984 0.531997 0.173677 0.005160 0.112182
0 0 0.371125 0.266859 0.269266 0.059064 0.033686
2 0 0.173215 0.297545 0.355144 0.136871 0.037225
4 0 0.290375 0.242670 0.041704 0.001949 0.423302
0 0 0.761647 0.108048 0.048244 0.002968 0.079093
0 0 0.773523 0.123103 0.072779 0.005064 0.025531
0 0 0.842698 0.060244 0.071579 0.008684 0.016796
0 0 0.560346 0.124789 0.235958 0.065458 0.013450
0 0 0.449436 0.252531 0.225835 0.039014 0.033184
0 0 0.428292 0.259793 0.226896 0.041825 0.043194
1 0 0.157846 0.481394 0.184612 0.027503 0.148645
1 1 0.100491 0.441947 0.128294 0.000062 0.329206
1 1 0.163815 0.507685 0.106523 0.000055 0.221922
1 1 0.102733 0.540001 0.141266 0.000020 0.215980
1 1 0.067666 0.428706 0.201621 0.000264 0.301743
4 1 0.182364 0.318908 0.050064 0.000037 0.448627
4 1 0.106880 0.201812 0.039595 0.000062 0.651651
4 1 0.131902 0.220821 0.042152 0.000094 0.605031
4 1 0.041972 0.079885 0.024248 0.000276 0.853618
4 4 0.124396 0.223792 0.141229 0.043750 0.466833
1 4 0.234765 0.504629 0.135527 0.010891 0.114187
1 4 0.084317 0.497365 0.302554 0.036737 0.079026
1 4 0.058114 0.486242 0.354503 0.037951 0.063190
0 0 0.718011 0.124616 0.091576 0.009990 0.055807
4 0 0.152857 0.337449 0.110112 0.014799 0.384783
4 0 0.200381 0.163926 0.034164 0.002293 0.599236
4 0 0.303251 0.191793 0.026449 0.000902 0.477606
1 0 0.120690 0.576064 0.207700 0.001248 0.094298
1 0 0.131748 0.541573 0.208641 0.004734 0.113303
1 0 0.138473 0.569405 0.135105 0.000022 0.156995
1 1 0.111851 0.539038 0.154485 0.000064 0.194562
0 1 0.528584 0.245821 0.074786 0.004628 0.146181
4 4 0.140256 0.242184 0.075863 0.009966 0.531731
1 4 0.218432 0.528087 0.129686 0.001057 0.122737
1 4 0.203630 0.535476 0.136755 0.000730 0.123410
1 4 0.180885 0.523395 0.172035 0.006755 0.116931
1 4 0.073018 0.379322 0.221731 0.003774 0.322155
1 4 0.060139 0.511259 0.346365 0.015819 0.066418
1 4 0.067782 0.478834 0.348063 0.026837 0.078485
1 4 0.036317 0.562018 0.348028 0.000223 0.053414
1 4 0.043237 0.521122 0.368351 0.000808 0.066483
1 4 0.074767 0.494700 0.303878 0.015389 0.111266
1 4 0.081436 0.513830 0.303977 0.023757 0.077000
1 4 0.051708 0.487937 0.371663 0.028809 0.059884
2 4 0.032879 0.422082 0.456317 0.031398 0.057325
1 1 0.089979 0.506049 0.274544 0.058920 0.070509
1 1 0.140306 0.440915 0.296693 0.050395 0.071691
1 1 0.068038 0.500680 0.337471 0.019041 0.074771
1 1 0.032595 0.405095 0.336928 0.004561 0.220822
1 1 0.099440 0.473732 0.195514 0.006074 0.225241
1 1 0.070250 0.485141 0.282123 0.004549 0.157937
1 1 0.159028 0.438193 0.149876 0.006761 0.246141
4 1 0.101518 0.300800 0.116014 0.004185 0.477483
1 1 0.148519 0.413173 0.194616 0.015319 0.228372
1 1 0.224253 0.428038 0.201911 0.008941 0.136858
1 1 0.176519 0.548005 0.111145 0.000088 0.164242
1 1 0.112198 0.453935 0.144622 0.000214 0.289031
1 1 0.278019 0.395414 0.147921 0.011510 0.167135
4 1 0.197654 0.329282 0.099943 0.011201 0.361919
1 1 0.250318 0.396546 0.226338 0.034601 0.092197
1 1 0.344142 0.347083 0.219858 0.026545 0.062373
1 1 0.297310 0.446327 0.103103 0.006496 0.146764
1 1 0.138768 0.378434 0.143454 0.023772 0.315572
1 1 0.100685 0.535130 0.258500 0.030330 0.075355
1 1 0.104575 0.515692 0.279527 0.026238 0.073968
2 1 0.016639 0.345495 0.527079 0.077867 0.032920
2 1 0.025366 0.384123 0.501200 0.050431 0.038881
0 1 0.504736 0.291996 0.147872 0.013258 0.042139
0 0 0.619423 0.149761 0.180578 0.031314 0.018924
1 0 0.242704 0.525079 0.121397 0.007849 0.102971
1 0 0.250268 0.511343 0.119725 0.005366 0.113298
0 0 0.498010 0.278831 0.163498 0.003163 0.056498
1 0 0.295827 0.501736 0.089634 0.002249 0.110554
0 0 0.737469 0.101745 0.120192 0.017821 0.022773
0 0 0.949042 0.009518 0.033606 0.006112 0.001721
0 0 0.991500 0.001175 0.006327 0.000791 0.000208
0 0 0.972582 0.007664 0.017437 0.001509 0.000808
0 0 0.986660 0.002580 0.009094 0.001006 0.000661
0 0 0.945716 0.010934 0.035228 0.006174 0.001948
0 0 0.697393 0.106206 0.151823 0.028185 0.016392
0 0 0.594335 0.209082 0.147714 0.016468 0.032401
4 0 0.074092 0.087895 0.027294 0.003972 0.806747
4 0 0.081734 0.119779 0.028991 0.000679 0.768817
4 0 0.034828 0.056342 0.020360 0.000993 0.887477
4 1 0.059093 0.084459 0.026161 0.001792 0.828494
4 4 0.024210 0.021463 0.005112 0.000615 0.948600
4 4 0.021397 0.023591 0.012246 0.004122 0.938644
4 4 0.024279 0.022198 0.005545 0.000714 0.947265
4 4 0.065135 0.048050 0.008678 0.000601 0.877537
4 4 0.079937 0.065395 0.013890 0.001161 0.839617
4 4 0.024152 0.020962 0.009719 0.002615 0.942551
0 4 0.850547 0.069116 0.034637 0.001878 0.043821
4 4 0.210909 0.088015 0.073273 0.021483 0.606320
4 4 0.080715 0.037200 0.013109 0.001729 0.867248
4 4 0.073718 0.050387 0.013463 0.001437 0.860996
4 4 0.065987 0.062324 0.016513 0.001943 0.853232
4 4 0.402743 0.090733 0.043597 0.004839 0.458089
4 4 0.078860 0.071453 0.017781 0.001856 0.830050
4 4 0.151989 0.041212 0.035185 0.010413 0.761200
4 4 0.058115 0.091598 0.063620 0.010549 0.776118
4 4 0.094667 0.147306 0.045893 0.002389 0.709745
4 4 0.039146 0.055415 0.021501 0.004641 0.879295
4 4 0.099212 0.066277 0.028656 0.005157 0.800698
4 4 0.062385 0.058644 0.015418 0.001813 0.861740
4 4 0.064135 0.053799 0.011543 0.000946 0.869577
4 4 0.026164 0.043531 0.021632 0.007304 0.901369
4 4 0.108541 0.104826 0.024630 0.002257 0.759747
4 4 0.115390 0.088971 0.017300 0.001192 0.777146
4 4 0.051724 0.043973 0.021709 0.005507 0.877087
4 4 0.029373 0.069185 0.031215 0.001117 0.869110
4 4 0.047767 0.082123 0.027017 0.000815 0.842278
4 4 0.066139 0.188035 0.073933 0.001125 0.670768
4 4 0.029319 0.057813 0.028140 0.002884 0.881845
1 4 0.121992 0.487199 0.182318 0.001600 0.206891
4 4 0.058143 0.248765 0.112075 0.000851 0.580166
4 4 0.092724 0.335942 0.113428 0.000378 0.457527
4 4 0.035373 0.154727 0.076671 0.000382 0.732847
4 4 0.374894 0.077986 0.033546 0.003270 0.510303
4 4 0.197563 0.077011 0.040561 0.006977 0.677888
4 4 0.012496 0.093772 0.068779 0.000205 0.824749
4 4 0.109653 0.314915 0.073934 0.000067 0.501432
4 4 0.043707 0.128350 0.053980 0.000367 0.773596
4 4 0.049385 0.182759 0.057410 0.000090 0.710355
4 4 0.048767 0.219667 0.101219 0.000253 0.630094
4 4 0.024581 0.196148 0.144024 0.001515 0.633733
4 4 0.024917 0.302734 0.168371 0.000023 0.503955
1 4 0.104530 0.471030 0.137874 0.000092 0.286473
1 4 0.088934 0.468066 0.234289 0.012531 0.196181
4 4 0.034942 0.303032 0.246392 0.006940 0.408694
4 4 0.049721 0.367782 0.180195 0.000259 0.402042
4 4 0.036283 0.329228 0.184086 0.000162 0.450241
1 4 0.031892 0.445294 0.414048 0.002860 0.105906
1 4 0.036653 0.448805 0.399159 0.005657 0.109726
1 1 0.022678 0.491141 0.374967 0.000156 0.111058
2 1 0.014202 0.397264 0.477417 0.000832 0.110284
2 1 0.034402 0.395260 0.397501 0.023377 0.149461
2 1 0.031082 0.396576 0.466247 0.019719 0.086376
1 1 0.118329 0.541436 0.170658 0.000336 0.169242
1 1 0.092742 0.503295 0.161411 0.000074 0.242477
1 1 0.049559 0.531280 0.323423 0.000821 0.094917
1 1 0.048768 0.492507 0.351778 0.002539 0.104407
2 1 0.032144 0.346589 0.423835 0.046193 0.151240
1 1 0.065801 0.490311 0.328548 0.007642 0.107699
1 1 0.051658 0.440826 0.307628 0.017531 0.182356
1 1 0.056345 0.427012 0.295395 0.012108 0.209140
0 0 0.342711 0.284936 0.171574 0.005174 0.195604
4 1 0.101196 0.367907 0.144032 0.009715 0.377150
1 1 0.057248 0.460406 0.323440 0.042469 0.116437
1 1 0.072362 0.515439 0.322560 0.012688 0.076951
1 1 0.117451 0.530772 0.232765 0.041261 0.077751
1 1 0.234984 0.377654 0.281602 0.047603 0.058158
1 1 0.117150 0.532509 0.244260 0.009476 0.096606
1 1 0.084971 0.523459 0.254307 0.003246 0.134017
1 1 0.047217 0.451666 0.351052 0.010134 0.139930
1 1 0.050136 0.455220 0.368293 0.018015 0.108337
2 1 0.021418 0.280021 0.514954 0.129447 0.054161
2 1 0.022616 0.259510 0.599865 0.065607 0.052402
2 1 0.000599 0.095827 0.885547 0.013926 0.004102
2 2 0.000113 0.034211 0.961952 0.001936 0.001788
2 2 0.000434 0.047662 0.944281 0.003263 0.004361
2 2 0.000853 0.060110 0.932808 0.004186 0.002043
2 2 0.000095 0.026571 0.966714 0.003777 0.002843
2 2 0.000581 0.122479 0.863044 0.008504 0.005392
2 2 0.000112 0.054019 0.943754 0.000211 0.001904
2 2 0.000072 0.059178 0.938311 0.000743 0.001696
2 2 0.000311 0.029921 0.964813 0.003427 0.001527
2 2 0.000338 0.049854 0.945802 0.001910 0.002096
2 2 0.001327 0.169565 0.819350 0.000566 0.009193
2 2 0.000749 0.092014 0.902985 0.000792 0.003460
2 2 0.021867 0.383586 0.558532 0.010876 0.025139
2 2 0.001266 0.036258 0.943811 0.010213 0.008452
2 2 0.001027 0.063568 0.926725 0.005227 0.003453
2 2 0.001013 0.061101 0.912868 0.022219 0.002798
2 2 0.000139 0.041067 0.956968 0.000747 0.001079
2 2 0.000074 0.041682 0.955503 0.001288 0.001452
2 2 0.000009 0.016495 0.982738 0.000239 0.000518
2 2 0.000015 0.019435 0.979753 0.000472 0.000325
2 2 0.000197 0.022750 0.963601 0.013154 0.000298
2 2 0.000199 0.035496 0.938233 0.025507 0.000565
2 2 0.000072 0.022891 0.969146 0.007652 0.000239
2 2 0.000055 0.020386 0.972117 0.007259 0.000183
2 2 0.002567 0.090531 0.846792 0.055089 0.005020
2 2 0.002539 0.078054 0.863509 0.045057 0.010841
2 2 0.001170 0.048053 0.875279 0.071020 0.004479
2 2 0.003152 0.078230 0.885429 0.029896 0.003293
2 2 0.018625 0.142530 0.631232 0.199330 0.008282
2 2 0.012196 0.130812 0.697588 0.152270 0.007134
2 2 0.008022 0.035580 0.823770 0.131548 0.001080
2 2 0.009248 0.100057 0.813837 0.071613 0.005245
2 2 0.003203 0.074502 0.818219 0.100725 0.003350
2 2 0.003355 0.086491 0.846580 0.059327 0.004248
2 2 0.004927 0.142331 0.677025 0.166302 0.009415
2 2 0.004654 0.077984 0.808293 0.104729 0.004340
2 2 0.009390 0.097834 0.747627 0.140223 0.004926
2 2 0.002161 0.048935 0.837460 0.107416 0.004027
2 2 0.006771 0.087676 0.715705 0.184453 0.005395
2 2 0.004215 0.033273 0.833595 0.127842 0.001075
2 2 0.005848 0.046287 0.580736 0.363129 0.004000
2 2 0.007569 0.042495 0.717528 0.230720 0.001688
2 2 0.003123 0.064311 0.793666 0.136072 0.002827
2 2 0.007956 0.096395 0.770144 0.120900 0.004606
3 2 0.004857 0.023957 0.458869 0.509928 0.002389
2 2 0.008626 0.057501 0.559936 0.371332 0.002604
2 2 0.042763 0.219133 0.599098 0.125540 0.013466
2 2 0.007156 0.112592 0.692957 0.159861 0.027434
2 2 0.002376 0.037523 0.880542 0.078191 0.001368
2 2 0.002246 0.050313 0.845981 0.098993 0.002467
2 2 0.002876 0.097238 0.761114 0.126475 0.012297
2 2 0.004705 0.077765 0.874168 0.038924 0.004438
2 2 0.002592 0.031588 0.570308 0.393750 0.001762
2 2 0.005259 0.038896 0.677104 0.277227 0.001514
2 2 0.001754 0.055150 0.785539 0.152548 0.005009
2 2 0.003186 0.065343 0.811429 0.117336 0.002706
2 2 0.002148 0.041260 0.728001 0.227429 0.001161
2 2 0.003271 0.022782 0.832125 0.141262 0.000560
2 2 0.003386 0.040801 0.643947 0.310505 0.001362
2 2 0.003469 0.023455 0.706655 0.265697 0.000725
3 2 0.003867 0.030735 0.431491 0.523229 0.010678
2 2 0.015615 0.114725 0.502369 0.360292 0.006998
2 2 0.094728 0.269592 0.542379 0.075616 0.017685
1 2 0.041368 0.378753 0.352171 0.189480 0.038228
2 2 0.023847 0.263031 0.601139 0.094544 0.017439
2 2 0.020195 0.259799 0.443399 0.253852 0.022754
1 2 0.100496 0.536053 0.252898 0.039634 0.070920
1 2 0.152648 0.515714 0.258376 0.018619 0.054643
2 2 0.022056 0.433091 0.493129 0.012286 0.039438
2 2 0.013989 0.394619 0.552027 0.008336 0.031028
2 2 0.008713 0.266951 0.609274 0.095907 0.019154
2 2 0.009135 0.273714 0.570000 0.129463 0.017687
1 1 0.065532 0.520897 0.317366 0.037553 0.058652
1 1 0.126355 0.591025 0.203501 0.008466 0.070651
2 1 0.021382 0.412079 0.501667 0.027149 0.037724
2 1 0.005786 0.222983 0.735983 0.020935 0.014313
2 2 0.003520 0.191875 0.792753 0.001649 0.010202
2 2 0.010806 0.378112 0.579295 0.002786 0.029001
1 2 0.053328 0.481381 0.358174 0.050406 0.056711
1 2 0.060581 0.506734 0.336558 0.036612 0.059515
1 2 0.058022 0.475335 0.348457 0.057560 0.060627
1 2 0.065467 0.496705 0.306371 0.076483 0.054975
1 2 0.098760 0.495091 0.319402 0.025196 0.061552
1 2 0.088080 0.534503 0.267798 0.045334 0.064284
1 2 0.248118 0.389921 0.272526 0.049905 0.039530
1 0 0.301629 0.409997 0.214235 0.026820 0.047321
2 0 0.307323 0.313645 0.329198 0.017772 0.032062
1 0 0.119418 0.542486 0.225708 0.037079 0.075309
1 1 0.050524 0.495180 0.311114 0.002531 0.140651
1 1 0.042242 0.459677 0.336684 0.001307 0.160089
1 1 0.035722 0.460896 0.426803 0.027136 0.049444
1 1 0.039249 0.478229 0.410970 0.019063 0.052489
1 1 0.132407 0.410536 0.376429 0.035298 0.045331
1 1 0.091777 0.542044 0.253854 0.050913 0.061411
1 1 0.034672 0.478009 0.422692 0.017069 0.047557
1 1 0.049137 0.478315 0.383779 0.028676 0.060094
1 1 0.157472 0.553788 0.183195 0.020987 0.084558
1 0 0.338371 0.391158 0.189943 0.021792 0.058736
1 0 0.109375 0.588353 0.219036 0.002438 0.080798
1 0 0.139886 0.566893 0.194456 0.002985 0.095780
1 1 0.135989 0.561430 0.201679 0.002986 0.097917
1 1 0.152871 0.586233 0.167548 0.001598 0.091750
1 0 0.225526 0.416099 0.279638 0.009763 0.068974
1 0 0.127415 0.516216 0.214857 0.013445 0.128067
1 1 0.094798 0.541122 0.268359 0.003660 0.092060
1 1 0.078115 0.527526 0.305530 0.010319 0.078511
1 1 0.233478 0.486066 0.142634 0.009345 0.128477
1 0 0.211836 0.528188 0.144997 0.008811 0.106168
1 0 0.195544 0.534055 0.156908 0.014733 0.098760
0 0 0.396177 0.386581 0.140793 0.010949 0.065501
1 0 0.330785 0.433607 0.147763 0.007954 0.079891
1 0 0.196328 0.537281 0.154988 0.010204 0.101199
1 1 0.151552 0.533831 0.197768 0.026723 0.090126
1 1 0.160304 0.497257 0.206197 0.019106 0.117135
1 0 0.340026 0.408765 0.162387 0.015537 0.073286
0 0 0.362471 0.358103 0.204083 0.026056 0.049288
1 0 0.181823 0.580493 0.133652 0.000344 0.103689
1 0 0.129328 0.539828 0.221384 0.003642 0.105817
1 1 0.043607 0.496732 0.342199 0.001184 0.116278
1 1 0.070900 0.602469 0.213724 0.000026 0.112881
1 1 0.139007 0.474489 0.073651 0.000003 0.312849
1 1 0.131198 0.488711 0.089314 0.000005 0.290772
1 1 0.075535 0.515583 0.229614 0.000322 0.178946
1 1 0.136601 0.524303 0.158504 0.000281 0.180311
1 1 0.097314 0.489084 0.206014 0.001421 0.206166
1 1 0.063072 0.443019 0.252106 0.001463 0.240341
1 1 0.092588 0.537108 0.275524 0.015818 0.078962
1 1 0.052258 0.461616 0.382099 0.039235 0.064793
2 1 0.025132 0.460587 0.464262 0.002482 0.047537
2 1 0.017798 0.379544 0.544955 0.018992 0.038711
4 4 0.062646 0.210527 0.061764 0.000049 0.665014
4 4 0.031919 0.192399 0.094026 0.000210 0.681446
4 4 0.148388 0.228885 0.051932 0.000574 0.570221
4 4 0.131706 0.153447 0.032653 0.000553 0.681641
4 4 0.069278 0.066794 0.018281 0.002230 0.843416
4 4 0.053915 0.063126 0.021592 0.003778 0.857589
4 4 0.044417 0.114562 0.028292 0.000037 0.812691
4 4 0.062974 0.138890 0.031219 0.000050 0.766867
4 4 0.045596 0.120545 0.042317 0.000212 0.791330
4 4 0.069036 0.152237 0.032787 0.000053 0.745887
4 4 0.095774 0.094985 0.010630 0.000026 0.798585
4 4 0.024734 0.055763 0.022802 0.000482 0.896219
4 4 0.026228 0.035114 0.013436 0.001964 0.923258
4 4 0.134490 0.084236 0.011883 0.000509 0.768882
4 4 0.039315 0.089466 0.020450 0.000035 0.850734
4 4 0.028494 0.086138 0.028213 0.000066 0.857090
4 4 0.015533 0.014022 0.003422 0.000458 0.966565
4 4 0.075797 0.060616 0.012424 0.000998 0.850165
1 4 0.288268 0.384639 0.194979 0.028094 0.104019
0 4 0.361794 0.285192 0.250321 0.052529 0.050163
1 4 0.101773 0.532805 0.263807 0.004865 0.096750
1 4 0.086007 0.415065 0.231449 0.011388 0.256091
4 4 0.104963 0.195247 0.072169 0.010882 0.616739
4 4 0.212066 0.226917 0.100949 0.016261 0.443807
1 4 0.093612 0.430959 0.171950 0.000265 0.303214
4 4 0.102580 0.361558 0.108076 0.000318 0.427467
4 4 0.228380 0.295012 0.049696 0.000332 0.426580
4 4 0.063473 0.132916 0.057760 0.004355 0.741497
4 4 0.268752 0.284007 0.048770 0.001696 0.396775
4 4 0.217851 0.199410 0.041299 0.002709 0.538730
4 4 0.200819 0.291880 0.082330 0.005578 0.419393
1 4 0.264045 0.477447 0.116169 0.002216 0.140124
1 4 0.108115 0.397691 0.198964 0.004843 0.290387
1 4 0.148525 0.473399 0.155285 0.001402 0.221388
1 4 0.066246 0.524542 0.326109 0.003518 0.079586
1 4 0.059348 0.518672 0.342376 0.002966 0.076639
1 4 0.215774 0.345124 0.111818 0.012773 0.314511
1 4 0.281433 0.361188 0.079313 0.005084 0.272981
4 4 0.140368 0.353864 0.110071 0.003730 0.391967
4 4 0.106708 0.269371 0.097618 0.003752 0.522552
4 4 0.117129 0.149659 0.049175 0.006440 0.677598
4 4 0.179268 0.346599 0.077600 0.000570 0.395963
1 4 0.123914 0.471295 0.157057 0.000703 0.247030
1 4 0.160435 0.513912 0.160421 0.000871 0.164361
1 4 0.083698 0.492031 0.300341 0.047475 0.076455
1 4 0.051438 0.414343 0.400131 0.032105 0.101983
4 1 0.129993 0.327383 0.079024 0.000207 0.463393
4 1 0.128621 0.314846 0.076032 0.000275 0.480226
4 1 0.053043 0.288722 0.139184 0.000494 0.518556
4 1 0.118697 0.331282 0.100408 0.000166 0.449446
1 1 0.085478 0.482769 0.253027 0.007644 0.171083
1 1 0.047428 0.452992 0.324740 0.005046 0.169794
2 1 0.179669 0.326904 0.336268 0.112998 0.044161
1 1 0.196532 0.414400 0.277535 0.041601 0.069932
1 1 0.127590 0.558951 0.215921 0.005963 0.091575
1 1 0.112740 0.568201 0.227655 0.003450 0.087954
1 1 0.071452 0.531544 0.314285 0.010037 0.072681
1 1 0.048877 0.502745 0.376770 0.006043 0.065565
2 1 0.095126 0.293116 0.353588 0.193812 0.064358
2 1 0.114901 0.314189 0.373497 0.165049 0.032365
2 1 0.024860 0.440597 0.480512 0.009886 0.044145
2 1 0.031680 0.447729 0.448827 0.023783 0.047980
2 1 0.036962 0.411504 0.415010 0.086290 0.050234
2 1 0.047704 0.319784 0.559657 0.045004 0.027851
1 1 0.047733 0.475459 0.367343 0.034903 0.074563
2 1 0.031931 0.406661 0.451092 0.061000 0.049315
2 1 0.025208 0.286330 0.579071 0.081361 0.028031
2 2 0.061396 0.236096 0.630929 0.049345 0.022235
2 2 0.030516 0.426641 0.457309 0.006920 0.078613
1 2 0.038327 0.443719 0.433459 0.027193 0.057303
1 2 0.203286 0.401635 0.279383 0.060576 0.055120
0 0 0.362400 0.268898 0.272876 0.061326 0.034501
1 1 0.120500 0.532319 0.239566 0.011304 0.096310
1 1 0.120077 0.553625 0.228980 0.011083 0.086234
1 1 0.197120 0.499736 0.114931 0.000275 0.187938
1 1 0.140303 0.533504 0.151589 0.000223 0.174381
1 1 0.289335 0.324615 0.307807 0.028926 0.049317
1 1 0.157361 0.536323 0.194035 0.012190 0.100091
0 1 0.333810 0.262192 0.299937 0.076081 0.027981
1 1 0.126909 0.448639 0.294313 0.073869 0.056270
1 1 0.079074 0.504257 0.297929 0.050484 0.068256
1 1 0.106522 0.377321 0.372489 0.057032 0.086635
1 1 0.056038 0.477834 0.340145 0.071115 0.054868
2 1 0.051292 0.406811 0.438967 0.058807 0.044123
1 1 0.041703 0.465078 0.410278 0.026975 0.055965
1 1 0.034562 0.453298 0.444439 0.011585 0.056116
2 1 0.030377 0.441605 0.450838 0.032021 0.045159
2 1 0.028130 0.441134 0.467414 0.016956 0.046366
2 1 0.028137 0.324116 0.578732 0.036637 0.032378
2 1 0.032562 0.437243 0.449102 0.031665 0.049428
2 1 0.015969 0.310528 0.613549 0.030861 0.029095
2 1 0.021986 0.400184 0.490790 0.050326 0.036714
2 2 0.024627 0.264273 0.620198 0.068426 0.022477
2 2 0.025001 0.305349 0.619213 0.033176 0.017261
2 2 0.051835 0.355451 0.528627 0.022528 0.041559
2 2 0.030437 0.433681 0.467678 0.023104 0.045100
2 1 0.062212 0.269731 0.561797 0.085159 0.021101
2 1 0.026305 0.353465 0.536596 0.049408 0.034226
2 1 0.030298 0.448718 0.454906 0.018637 0.047441
2 1 0.022289 0.378383 0.500522 0.058576 0.040230
2 1 0.039257 0.387055 0.507736 0.021018 0.044935
2 1 0.020078 0.286250 0.548607 0.025477 0.119588
1 1 0.034928 0.542177 0.359202 0.000152 0.063542
1 1 0.038232 0.513490 0.386740 0.001015 0.060524
2 1 0.073396 0.262915 0.483501 0.156394 0.023795
2 1 0.097741 0.275534 0.474414 0.128753 0.023559
0 1 0.343113 0.291466 0.287203 0.043363 0.034855
1 1 0.115989 0.515376 0.240543 0.046608 0.081484
2 1 0.022207 0.341786 0.529247 0.015703 0.091057
1 1 0.055900 0.496321 0.364393 0.016569 0.066818
2 1 0.030561 0.397692 0.488352 0.031143 0.052252
2 1 0.028229 0.425490 0.459971 0.043371 0.042938
2 1 0.051666 0.257880 0.552506 0.116666 0.021282
2 1 0.030060 0.319457 0.467197 0.152982 0.030304
2 1 0.003916 0.128667 0.539171 0.319759 0.008487
2 1 0.009222 0.108504 0.726956 0.139273 0.016045
2 1 0.013709 0.292243 0.554144 0.115064 0.024841
2 1 0.012439 0.249381 0.588407 0.128691 0.021082
2 2 0.001968 0.073389 0.833583 0.088244 0.002816
2 2 0.002877 0.087321 0.762967 0.142822 0.004013
2 2 0.001863 0.057722 0.714775 0.223807 0.001833
2 2 0.004242 0.081160 0.847630 0.062777 0.004191
2 2 0.018754 0.151234 0.688808 0.131451 0.009753
2 2 0.018990 0.136411 0.688952 0.140328 0.015319
2 2 0.002771 0.112133 0.752556 0.127166 0.005374
2 2 0.003132 0.046577 0.920256 0.028482 0.001553
2 2 0.000023 0.008281 0.981839 0.009823 0.000035
2 2 0.000105 0.008785 0.974823 0.016230 0.000058
2 2 0.000076 0.016907 0.961072 0.021719 0.000225
2 2 0.000294 0.010252 0.948959 0.040407 0.000089
2 2 0.000324 0.017182 0.946262 0.036033 0.000199
2 2 0.000311 0.012934 0.943513 0.043115 0.000126
2 2 0.000293 0.023219 0.913845 0.062364 0.000279
2 2 0.000221 0.010343 0.937960 0.051395 0.000079
2 2 0.000405 0.007047 0.751841 0.240658 0.000049
2 2 0.000300 0.015213 0.870703 0.113643 0.000141
3 2 0.005442 0.015506 0.487058 0.491566 0.000428
2 2 0.002968 0.017846 0.613088 0.365707 0.000391
2 2 0.003189 0.018604 0.629693 0.347329 0.001186
2 2 0.006979 0.030590 0.596133 0.365136 0.001162
3 2 0.002505 0.011768 0.449171 0.536183 0.000374
2 2 0.003459 0.012455 0.527423 0.456214 0.000449
3 2 0.003334 0.008415 0.376024 0.612057 0.000169
3 2 0.000898 0.006755 0.367053 0.624637 0.000657
3 2 0.002919 0.011870 0.439033 0.545880 0.000298
3 2 0.002724 0.014869 0.432322 0.549747 0.000338
3 3 0.001425 0.002075 0.111108 0.885277 0.000116
3 3 0.000863 0.002710 0.130523 0.865490 0.000415
3 3 0.000303 0.001447 0.112867 0.885145 0.000237
3 3 0.000894 0.001611 0.153936 0.843543 0.000016
3 3 0.001504 0.004564 0.168068 0.825154 0.000710
3 3 0.001687 0.003912 0.180278 0.813974 0.000149
3 3 0.000551 0.001419 0.081920 0.915895 0.000216
3 3 0.001008 0.001168 0.081786 0.916000 0.000039
3 3 0.000549 0.002193 0.104210 0.892354 0.000694
3 3 0.000888 0.005420 0.130814 0.862233 0.000645
3 3 0.000471 0.001525 0.084394 0.913293 0.000317
3 3 0.000366 0.001089 0.080891 0.917409 0.000245
3 3 0.000265 0.000745 0.050652 0.948182 0.000156
3 3 0.000789 0.001008 0.061135 0.937009 0.000059
3 3 0.000423 0.000973 0.044057 0.954183 0.000364
3 3 0.000422 0.000790 0.050462 0.948097 0.000228
3 3 0.000701 0.000716 0.047243 0.951300 0.000040
3 3 0.000364 0.000542 0.047026 0.951997 0.000071
3 3 0.000236 0.000792 0.032045 0.966205 0.000723
3 3 0.000275 0.000820 0.049373 0.949309 0.000224
3 3 0.000240 0.000495 0.025639 0.973264 0.000362
3 3 0.000270 0.000625 0.034166 0.964717 0.000222
3 3 0.000434 0.000766 0.040223 0.958365 0.000212
3 3 0.000329 0.000506 0.026997 0.972020 0.000147
3 3 0.000204 0.000355 0.027753 0.971600 0.000088
3 3 0.000239 0.000486 0.027016 0.972123 0.000137
3 3 0.000134 0.000323 0.036163 0.963307 0.000072
3 3 0.000232 0.000515 0.024828 0.974217 0.000209
3 3 0.000076 0.000177 0.015298 0.984346 0.000103
3 3 0.000104 0.000125 0.013816 0.985928 0.000027
3 3 0.000379 0.000808 0.036312 0.962362 0.000139
3 3 0.000219 0.000379 0.021309 0.977853 0.000239
3 3 0.000204 0.000335 0.022179 0.977193 0.000089
3 3 0.000182 0.000297 0.026931 0.972543 0.000048
3 3 0.000117 0.000291 0.022534 0.976933 0.000126
3 3 0.000233 0.000366 0.023168 0.976123 0.000109
3 3 0.000130 0.000099 0.013347 0.986404 0.000020
3 3 0.000090 0.000321 0.021094 0.978293 0.000202
3 3 0.000437 0.000434 0.025591 0.973306 0.000232
3 3 0.000223 0.000321 0.019896 0.979321 0.000239
3 3 0.000225 0.000247 0.018608 0.980779 0.000140
3 3 0.000260 0.000371 0.022059 0.977107 0.000203
3 3 0.000119 0.000204 0.014312 0.985047 0.000318
3 3 0.000184 0.000316 0.017980 0.981025 0.000496
3 3 0.000148 0.000392 0.018926 0.980009 0.000524
3 3 0.000127 0.000282 0.016621 0.982647 0.000323
3 3 0.000208 0.000406 0.020932 0.978075 0.000379
3 3 0.000133 0.000181 0.014974 0.984588 0.000124
3 3 0.000239 0.000292 0.019822 0.979470 0.000177
3 3 0.000109 0.000221 0.014868 0.984554 0.000248
3 3 0.000190 0.000396 0.033355 0.965960 0.000099
3 3 0.000051 0.000295 0.026077 0.973397 0.000180
3 3 0.000064 0.000083 0.010357 0.989461 0.000036
3 3 0.000049 0.000142 0.013318 0.986404 0.000087
3 3 0.000110 0.000136 0.013582 0.986113 0.000060
3 3 0.000115 0.000107 0.012715 0.987023 0.000041
3 3 0.000103 0.000213 0.015693 0.983836 0.000154
3 3 0.000059 0.000115 0.012446 0.987322 0.000057
3 3 0.000036 0.000133 0.010631 0.989051 0.000149
3 3 0.000148 0.000221 0.016365 0.983119 0.000148
3 3 0.000163 0.000252 0.016542 0.982715 0.000327
3 3 0.000269 0.000374 0.021327 0.977684 0.000345
3 3 0.000121 0.000195 0.015476 0.984107 0.000100
3 3 0.000052 0.000149 0.013750 0.985965 0.000083
3 3 0.000265 0.000273 0.019563 0.979716 0.000183
3 3 0.000180 0.000341 0.019756 0.979498 0.000225
3 3 0.000055 0.000111 0.010732 0.989022 0.000080
3 3 0.000100 0.000112 0.012303 0.987427 0.000058
3 3 0.000077 0.000173 0.012375 0.987075 0.000300
3 3 0.000133 0.000200 0.015147 0.984339 0.000181
3 3 0.000154 0.000224 0.017314 0.982221 0.000088
3 3 0.000169 0.000342 0.019851 0.979447 0.000191
3 3 0.000058 0.000100 0.010589 0.989192 0.000061
3 3 0.000035 0.000090 0.009063 0.990737 0.000075
3 3 0.000085 0.000100 0.011370 0.988386 0.000059
3 3 0.000096 0.000125 0.012527 0.987178 0.000075
3 3 0.000070 0.000145 0.017459 0.982289 0.000037
3 3 0.000054 0.000124 0.014820 0.984964 0.000038
3 3 0.000076 0.000110 0.011695 0.988066 0.000053
3 3 0.000112 0.000173 0.014567 0.985054 0.000094
3 3 0.000102 0.000230 0.014051 0.985085 0.000532
3 3 0.000199 0.000314 0.018497 0.980581 0.000408
3 3 0.000176 0.000148 0.016847 0.982810 0.000019
3 3 0.000195 0.000269 0.019454 0.979989 0.000093
3 3 0.000591 0.000766 0.061417 0.937200 0.000026
3 3 0.001109 0.001289 0.080922 0.916652 0.000028
3 3 0.002158 0.011719 0.449818 0.535657 0.000647
3 3 0.009160 0.015306 0.487513 0.487547 0.000474
2 3 0.024120 0.307333 0.554936 0.048267 0.065343
1 2 0.031210 0.418398 0.404552 0.036223 0.109617
2 2 0.019964 0.254717 0.640033 0.066377 0.018910
2 2 0.020232 0.297713 0.527502 0.118348 0.036204
1 2 0.127923 0.371032 0.338634 0.099075 0.063336
4 2 0.017650 0.159453 0.180685 0.069627 0.572584
4 4 0.019511 0.132465 0.115539 0.014380 0.718106
4 4 0.018591 0.137360 0.130072 0.018344 0.695633
1 4 0.107163 0.367037 0.165728 0.037213 0.322859
4 4 0.011463 0.061584 0.065738 0.078767 0.782448
4 4 0.032370 0.133810 0.093850 0.052184 0.687786
1 4 0.158552 0.427981 0.206830 0.040096 0.166540
4 4 0.063232 0.314211 0.225498 0.029020 0.368040
4 4 0.045696 0.296829 0.220503 0.020644 0.416328
4 4 0.028436 0.053658 0.026984 0.009259 0.881664
4 4 0.008450 0.022856 0.018444 0.015057 0.935193
4 4 0.190212 0.161814 0.121264 0.035515 0.491195
4 4 0.059690 0.166806 0.088485 0.029213 0.655806
4 4 0.085291 0.215175 0.079185 0.005644 0.614705
4 4 0.041803 0.113995 0.060585 0.009974 0.773644
4 4 0.095070 0.113442 0.042004 0.007090 0.742394
4 4 0.008225 0.025225 0.020787 0.017790 0.927973
1 4 0.277997 0.393463 0.222535 0.035083 0.070922
4 4 0.039852 0.158582 0.108271 0.055337 0.637957
4 4 0.025134 0.028444 0.009894 0.002009 0.934519
4 4 0.016368 0.013186 0.009005 0.004045 0.957396
