0 0 0.866491 0.069527 0.009674 0.000019 0.054289
0 0 0.869531 0.043550 0.010854 0.000058 0.076008
0 0 0.894943 0.011308 0.002149 0.000003 0.091597
0 0 0.966812 0.001613 0.000710 0.000003 0.030862
0 0 0.968015 0.007612 0.001468 0.000003 0.022902
0 0 0.976545 0.004630 0.000890 0.000001 0.017934
0 0 0.706780 0.213093 0.025909 0.000071 0.054147
0 0 0.610515 0.311656 0.038274 0.000154 0.039401
0 0 0.658918 0.281076 0.021698 0.000027 0.038280
0 0 0.504516 0.402894 0.036486 0.000073 0.056031
0 0 0.670930 0.265344 0.025150 0.000050 0.038526
0 0 0.669334 0.242642 0.034284 0.000146 0.053594
0 0 0.897777 0.040750 0.004575 0.000004 0.056894
0 0 0.890983 0.027071 0.006863 0.000029 0.075054
0 0 0.892032 0.024514 0.003794 0.000005 0.079656
0 0 0.700601 0.215533 0.020294 0.000029 0.063544
1 0 0.186406 0.554313 0.079335 0.000053 0.179893
1 1 0.262379 0.392914 0.078087 0.000040 0.266580
0 1 0.690168 0.171715 0.028106 0.000104 0.109907
0 1 0.764439 0.167004 0.017538 0.000030 0.050989
0 1 0.795327 0.147122 0.015204 0.000025 0.042322
0 1 0.537215 0.376234 0.030949 0.000047 0.055554
0 1 0.431949 0.423071 0.058440 0.000281 0.086258
0 1 0.486440 0.397753 0.047392 0.000168 0.068247
1 1 0.097721 0.549374 0.180340 0.000085 0.172480
1 1 0.054042 0.627395 0.201132 0.000275 0.117156
1 1 0.042939 0.590520 0.262585 0.001430 0.102526
1 1 0.031790 0.485631 0.325034 0.003008 0.154537
2 1 0.007780 0.326543 0.580116 0.008190 0.077371
2 1 0.003756 0.165952 0.785627 0.018852 0.025812
2 1 0.039254 0.302788 0.603619 0.030054 0.024284
2 1 0.011183 0.151736 0.784401 0.040025 0.012656
2 2 0.001103 0.042261 0.910955 0.035727 0.009954
2 2 0.000949 0.041060 0.915290 0.040511 0.002190
2 2 0.001480 0.051483 0.877311 0.065607 0.004119
2 2 0.000130 0.016731 0.932237 0.045751 0.005151
2 2 0.000570 0.004012 0.765722 0.227303 0.002394
2 2 0.001273 0.004284 0.616748 0.375832 0.001863
2 2 0.011800 0.054750 0.726932 0.193816 0.012702
2 2 0.007023 0.025479 0.743934 0.218788 0.004775
2 2 0.000428 0.001596 0.558193 0.439058 0.000726
2 2 0.002527 0.010085 0.707997 0.277829 0.001562
3 2 0.001964 0.004983 0.491050 0.499007 0.002996
3 2 0.001254 0.007228 0.358515 0.630142 0.002860
3 2 0.001470 0.002974 0.211444 0.782366 0.001746
3 3 0.001123 0.003389 0.176461 0.817572 0.001455
3 3 0.000774 0.001663 0.106957 0.889872 0.000733
3 3 0.000695 0.001024 0.074251 0.923524 0.000506
3 3 0.000558 0.001972 0.130238 0.866559 0.000674
3 3 0.000385 0.000718 0.054391 0.944233 0.000274
3 3 0.001294 0.000743 0.014068 0.983471 0.000424
3 3 0.001285 0.001215 0.017945 0.979007 0.000548
3 3 0.000238 0.000341 0.021165 0.978141 0.000115
3 3 0.000101 0.000211 0.019903 0.979730 0.000054
3 3 0.000090 0.000113 0.008416 0.991351 0.000031
3 3 0.000067 0.000049 0.003724 0.996147 0.000015
3 3 0.000167 0.000122 0.004054 0.995619 0.000039
3 3 0.000130 0.000092 0.003380 0.996370 0.000028
3 3 0.000917 0.000658 0.012511 0.985601 0.000313
3 3 0.000371 0.000238 0.006603 0.992692 0.000097
3 3 0.000194 0.000096 0.003702 0.995970 0.000038
3 3 0.000392 0.000243 0.006611 0.992652 0.000102
3 3 0.000178 0.000123 0.004121 0.995537 0.000041
3 3 0.000389 0.000246 0.006643 0.992620 0.000102
3 3 0.000110 0.000071 0.002893 0.996903 0.000022
3 3 0.000095 0.000049 0.002330 0.997510 0.000016
3 3 0.000116 0.000075 0.002994 0.996792 0.000023
3 3 0.000164 0.000102 0.003701 0.995997 0.000035
3 3 0.000094 0.000061 0.002617 0.997210 0.000018
3 3 0.000085 0.000045 0.002919 0.996935 0.000015
3 3 0.000132 0.000068 0.002914 0.996862 0.000024
3 3 0.000144 0.000079 0.003199 0.996550 0.000028
3 3 0.000207 0.000095 0.003725 0.995932 0.000040
3 3 0.000173 0.000098 0.003658 0.996036 0.000036
3 3 0.000168 0.000077 0.003234 0.996490 0.000031
3 3 0.000194 0.000073 0.003227 0.996473 0.000033
3 3 0.000124 0.000096 0.003424 0.996329 0.000028
3 3 0.000140 0.000080 0.003203 0.996549 0.000028
3 3 0.001654 0.001592 0.021398 0.974601 0.000755
3 3 0.001860 0.001467 0.020946 0.974944 0.000784
3 3 0.001621 0.001558 0.039055 0.956898 0.000869
3 3 0.000673 0.000669 0.015375 0.983011 0.000272
3 3 0.003966 0.004924 0.065856 0.922397 0.002858
3 3 0.001848 0.002959 0.067216 0.926553 0.001424
3 3 0.002749 0.004276 0.037907 0.953241 0.001826
3 3 0.004251 0.005800 0.057021 0.929859 0.003069
3 3 0.001659 0.004296 0.218751 0.773275 0.002018
3 3 0.003000 0.009982 0.446486 0.538068 0.002464
3 3 0.001980 0.005214 0.150349 0.840081 0.002377
3 3 0.003488 0.004347 0.045340 0.944573 0.002253
3 3 0.000592 0.001574 0.057609 0.939721 0.000505
3 3 0.000232 0.000835 0.087944 0.910749 0.000240
3 3 0.000762 0.001740 0.094146 0.902641 0.000712
3 3 0.000888 0.002050 0.099426 0.896782 0.000854
3 3 0.001539 0.004823 0.319207 0.672491 0.001940
3 3 0.001010 0.003527 0.256056 0.737838 0.001569
3 3 0.001445 0.005120 0.328424 0.662737 0.002274
3 3 0.003788 0.008734 0.322273 0.659387 0.005818
3 3 0.000180 0.001471 0.199194 0.798824 0.000330
3 3 0.000114 0.000726 0.178186 0.820797 0.000177
3 3 0.002580 0.004207 0.085797 0.905230 0.002186
3 3 0.004959 0.005679 0.134618 0.850424 0.004321
3 3 0.000699 0.001380 0.041939 0.955494 0.000489
3 3 0.001986 0.003324 0.101172 0.891758 0.001760
3 3 0.001920 0.002453 0.033297 0.961214 0.001115
3 3 0.002475 0.004712 0.091139 0.899407 0.002267
3 3 0.002821 0.004870 0.190747 0.798418 0.003144
3 3 0.002702 0.004751 0.077326 0.912923 0.002297
3 3 0.000255 0.001282 0.291763 0.706252 0.000448
3 3 0.000900 0.002864 0.429527 0.565657 0.001051
3 3 0.026045 0.034467 0.303944 0.626366 0.009179
3 3 0.099940 0.121644 0.341548 0.419232 0.017636
3 3 0.000604 0.001683 0.054943 0.942252 0.000518
3 3 0.000431 0.001677 0.105232 0.892159 0.000501
3 3 0.002313 0.005356 0.112014 0.877888 0.002429
3 3 0.004923 0.008231 0.184734 0.799095 0.003017
3 3 0.002726 0.005849 0.312682 0.674775 0.003967
3 3 0.006908 0.013204 0.440068 0.534834 0.004986
3 3 0.001753 0.007381 0.228227 0.760029 0.002611
3 3 0.001600 0.005514 0.326122 0.663979 0.002785
3 3 0.000598 0.002740 0.327999 0.667638 0.001025
3 3 0.000580 0.003548 0.285538 0.709192 0.001142
3 3 0.003012 0.008771 0.228381 0.755401 0.004434
3 3 0.006210 0.014972 0.132696 0.838457 0.007666
3 3 0.001697 0.006152 0.220410 0.769131 0.002610
3 3 0.005341 0.009560 0.419247 0.562489 0.003362
3 3 0.004865 0.014264 0.333227 0.637721 0.009923
3 3 0.002188 0.005290 0.328443 0.660711 0.003368
3 3 0.003108 0.011581 0.234668 0.745549 0.005094
3 3 0.003525 0.008982 0.271955 0.710250 0.005287
3 3 0.002855 0.008236 0.401507 0.584165 0.003238
3 3 0.000734 0.002883 0.202634 0.792667 0.001083
3 3 0.007549 0.012356 0.377228 0.596127 0.006741
3 3 0.017483 0.023817 0.466469 0.483666 0.008566
3 3 0.000263 0.001036 0.105166 0.893236 0.000299
3 3 0.001105 0.002701 0.120937 0.874091 0.001166
3 3 0.002490 0.002262 0.027243 0.966794 0.001211
3 3 0.003372 0.003253 0.034256 0.957303 0.001816
3 3 0.020244 0.013828 0.100183 0.851488 0.014258
3 3 0.043313 0.071367 0.336522 0.488222 0.060576
1 1 0.357728 0.358222 0.207278 0.023675 0.053098
0 1 0.551189 0.280971 0.118906 0.007457 0.041477
2 1 0.012564 0.077520 0.457946 0.378838 0.073132
2 1 0.010432 0.074944 0.452750 0.397049 0.064825
2 2 0.014016 0.112346 0.692772 0.154273 0.026592
2 2 0.010312 0.075416 0.735410 0.158939 0.019923
2 2 0.022785 0.344671 0.484584 0.024695 0.123265
2 2 0.014034 0.168360 0.702233 0.031435 0.083938
1 2 0.012770 0.451539 0.418097 0.001661 0.115933
2 2 0.019262 0.333504 0.376821 0.000204 0.270209
4 4 0.048743 0.335583 0.240565 0.000644 0.374465
1 4 0.031338 0.382219 0.236933 0.000805 0.348705
1 4 0.017540 0.336379 0.323488 0.000015 0.322577
2 4 0.003424 0.375797 0.448283 0.000247 0.172248
4 4 0.096660 0.104410 0.031537 0.000155 0.767238
4 4 0.119070 0.146012 0.034172 0.000162 0.700583
4 4 0.094643 0.335991 0.126028 0.000743 0.442595
4 4 0.130735 0.163724 0.089502 0.000529 0.615510
1 4 0.244461 0.498052 0.153834 0.000154 0.103500
1 4 0.048428 0.402139 0.312408 0.000120 0.236905
4 4 0.043110 0.342040 0.152950 0.000006 0.461894
4 4 0.031169 0.373967 0.173185 0.000002 0.421676
4 4 0.038917 0.310665 0.166133 0.000027 0.484258
1 4 0.037543 0.410432 0.179074 0.000169 0.372782
4 4 0.013424 0.313361 0.172744 0.000018 0.500453
4 4 0.017733 0.360567 0.175948 0.000020 0.445733
1 4 0.086576 0.503880 0.211615 0.000042 0.197886
1 4 0.058772 0.593840 0.205604 0.000081 0.141702
1 4 0.028768 0.482308 0.328274 0.000045 0.160605
1 4 0.015793 0.400129 0.388433 0.000180 0.195465
1 4 0.017481 0.437978 0.433027 0.000116 0.111398
2 4 0.010497 0.305475 0.615617 0.000995 0.067415
2 4 0.003938 0.250013 0.708032 0.002979 0.035038
2 4 0.002094 0.150592 0.813421 0.004778 0.029115
2 4 0.003964 0.126411 0.837327 0.020044 0.012255
2 2 0.001785 0.065383 0.889134 0.037387 0.006310
2 2 0.001643 0.054259 0.883260 0.056959 0.003880
2 2 0.001137 0.018652 0.953940 0.024740 0.001531
2 2 0.088305 0.351981 0.537244 0.006627 0.015844
1 2 0.151985 0.603019 0.213657 0.000686 0.030654
2 2 0.014491 0.417114 0.520214 0.000721 0.047460
2 2 0.010512 0.258866 0.691008 0.008569 0.031046
1 2 0.231606 0.485976 0.148374 0.002510 0.131535
1 2 0.182781 0.585966 0.129121 0.001295 0.100837
0 2 0.477763 0.236988 0.079224 0.001568 0.204457
0 2 0.710225 0.180943 0.036409 0.000269 0.072155
0 2 0.608180 0.090309 0.032769 0.000400 0.268341
0 2 0.476013 0.198784 0.072377 0.001464 0.251362
1 2 0.086850 0.588118 0.236229 0.002002 0.086801
1 2 0.045383 0.473936 0.381484 0.005240 0.093957
2 2 0.006854 0.043072 0.894141 0.054037 0.001896
2 2 0.003210 0.055185 0.911804 0.025547 0.004254
2 2 0.000738 0.027931 0.956443 0.013473 0.001414
2 2 0.003035 0.007340 0.975638 0.013430 0.000557
2 2 0.000083 0.012719 0.970324 0.014736 0.002138
2 2 0.000999 0.063692 0.921729 0.010718 0.002863
2 2 0.216523 0.315425 0.321520 0.023238 0.123295
2 2 0.066600 0.362366 0.442949 0.031332 0.096753
2 2 0.005572 0.054141 0.839960 0.091712 0.008615
2 2 0.005322 0.039215 0.839310 0.112177 0.003976
2 2 0.001018 0.005563 0.966275 0.026960 0.000183
2 2 0.000271 0.001547 0.962786 0.035367 0.000030
2 2 0.000259 0.002567 0.900205 0.096715 0.000254
2 2 0.000578 0.002215 0.886477 0.110508 0.000222
2 2 0.000167 0.004678 0.942033 0.052775 0.000347
2 2 0.000166 0.001635 0.947809 0.050163 0.000227
2 2 0.001173 0.004360 0.877538 0.115515 0.001414
2 2 0.001430 0.005383 0.904529 0.087906 0.000752
2 2 0.003044 0.007456 0.581333 0.404453 0.003715
3 2 0.012001 0.027367 0.352380 0.601288 0.006963
2 2 0.001027 0.002986 0.829768 0.164604 0.001616
2 3 0.002000 0.011205 0.858691 0.125869 0.002235
2 3 0.001595 0.005254 0.806817 0.185099 0.001235
2 3 0.001988 0.009585 0.824153 0.162843 0.001431
2 3 0.000405 0.001866 0.509629 0.487187 0.000913
3 3 0.000176 0.001034 0.376932 0.621499 0.000359
3 3 0.002508 0.006534 0.347525 0.639325 0.004107
3 3 0.003756 0.007436 0.084394 0.900915 0.003500
3 3 0.000234 0.001729 0.470392 0.527062 0.000583
2 3 0.001898 0.003755 0.637969 0.353545 0.002833
2 3 0.002592 0.010383 0.560395 0.423391 0.003239
3 3 0.001363 0.004835 0.476567 0.514591 0.002644
3 3 0.001552 0.006389 0.353722 0.635801 0.002536
3 3 0.000994 0.004662 0.315088 0.677730 0.001526
3 3 0.000252 0.000995 0.109349 0.889114 0.000290
3 3 0.000082 0.000349 0.102288 0.897191 0.000090
3 3 0.000797 0.001796 0.113834 0.882788 0.000785
3 3 0.001514 0.003500 0.194853 0.798285 0.001848
3 3 0.000501 0.000827 0.043504 0.954844 0.000323
3 3 0.002505 0.004611 0.112879 0.877591 0.002413
3 3 0.000381 0.001039 0.059862 0.938395 0.000324
3 3 0.000572 0.001954 0.110244 0.886580 0.000649
3 3 0.000263 0.000563 0.045546 0.953442 0.000185
3 3 0.000241 0.000387 0.024001 0.975245 0.000126
3 3 0.001244 0.002452 0.067804 0.927477 0.001023
3 3 0.000792 0.001219 0.034627 0.962885 0.000478
3 3 0.001009 0.001293 0.030875 0.966268 0.000556
3 3 0.000272 0.000596 0.027841 0.971123 0.000169
3 3 0.000323 0.000459 0.024660 0.974394 0.000164
3 3 0.000203 0.000346 0.012643 0.986718 0.000091
3 3 0.000347 0.000289 0.007056 0.992205 0.000103
3 3 0.000063 0.000102 0.005674 0.994140 0.000021
3 3 0.000232 0.000220 0.005759 0.993722 0.000067
3 3 0.000440 0.000288 0.007338 0.991812 0.000121
3 3 0.000273 0.000195 0.005567 0.993895 0.000070
3 3 0.000095 0.000080 0.002998 0.996806 0.000021
3 3 0.000177 0.000115 0.003990 0.995678 0.000040
3 3 0.000076 0.000052 0.002316 0.997543 0.000014
3 3 0.000061 0.000038 0.001926 0.997965 0.000011
3 3 0.000114 0.000059 0.002649 0.997157 0.000020
3 3 0.000244 0.000164 0.005022 0.994510 0.000060
3 3 0.000316 0.000179 0.005469 0.993962 0.000075
3 3 0.000837 0.000429 0.009959 0.988541 0.000234
3 3 0.000454 0.000311 0.007661 0.991445 0.000129
3 3 0.000124 0.000091 0.003340 0.996417 0.000027
3 3 0.000248 0.000177 0.005222 0.994290 0.000063
3 3 0.000136 0.000079 0.003154 0.996605 0.000027
3 3 0.000182 0.000106 0.003847 0.995825 0.000039
3 3 0.000118 0.000082 0.003151 0.996623 0.000025
3 3 0.000032 0.000019 0.001209 0.998736 0.000005
3 3 0.000113 0.000058 0.002624 0.997185 0.000020
3 3 0.000104 0.000053 0.002463 0.997362 0.000018
3 3 0.000123 0.000062 0.002742 0.997051 0.000022
3 3 0.000112 0.000075 0.002985 0.996805 0.000023
3 3 0.000101 0.000082 0.003061 0.996734 0.000022
3 3 0.000073 0.000034 0.001878 0.998003 0.000011
3 3 0.000266 0.000114 0.004247 0.995321 0.000052
3 3 0.000155 0.000089 0.003419 0.996305 0.000031
3 3 0.000297 0.000092 0.003891 0.995670 0.000050
3 3 0.000986 0.000583 0.011921 0.986201 0.000308
3 3 0.000410 0.000151 0.005242 0.994116 0.000081
3 3 0.000069 0.000061 0.002487 0.997368 0.000015
3 3 0.000173 0.000129 0.004198 0.995459 0.000041
3 3 0.000052 0.000031 0.001689 0.998220 0.000008
3 3 0.000108 0.000062 0.002686 0.997124 0.000020
3 3 0.000043 0.000031 0.001623 0.998297 0.000007
3 3 0.000137 0.000068 0.002937 0.996833 0.000025
3 3 0.000133 0.000101 0.003560 0.996175 0.000030
3 3 0.000048 0.000032 0.001679 0.998233 0.000008
3 3 0.000059 0.000023 0.001471 0.998439 0.000008
3 3 0.000166 0.000097 0.003616 0.996087 0.000034
3 3 0.000108 0.000053 0.002485 0.997336 0.000019
3 3 0.000067 0.000038 0.001958 0.997925 0.000011
3 3 0.000180 0.000065 0.003009 0.996717 0.000029
3 3 0.000132 0.000058 0.002692 0.997096 0.000022
3 3 0.000117 0.000073 0.002958 0.996829 0.000023
3 3 0.000282 0.000130 0.004583 0.994947 0.000058
3 3 0.000089 0.000050 0.002333 0.997513 0.000016
3 3 0.000029 0.000018 0.001160 0.998789 0.000004
3 3 0.000120 0.000071 0.002936 0.996850 0.000023
3 3 0.000094 0.000046 0.002269 0.997575 0.000016
3 3 0.000062 0.000029 0.001691 0.998209 0.000009
3 3 0.000144 0.000053 0.002613 0.997167 0.000023
3 3 0.000085 0.000048 0.002267 0.997586 0.000015
3 3 0.000079 0.000036 0.001954 0.997918 0.000012
3 3 0.000129 0.000044 0.002328 0.997480 0.000019
3 3 0.000052 0.000023 0.001455 0.998462 0.000007
3 3 0.000156 0.000108 0.003773 0.995928 0.000035
3 3 0.016192 0.004724 0.052481 0.920911 0.005693
3 3 0.174529 0.036523 0.173261 0.585262 0.030425
3 3 0.076838 0.061128 0.199120 0.644811 0.018103
3 3 0.048243 0.095958 0.248842 0.574669 0.032288
3 3 0.011629 0.014147 0.080575 0.890014 0.003636
3 3 0.024185 0.026243 0.119237 0.823430 0.006906
3 3 0.083078 0.076120 0.207746 0.625677 0.007379
3 3 0.045944 0.041266 0.154107 0.751869 0.006813
2 3 0.272433 0.198251 0.278068 0.238463 0.012785
3 3 0.206857 0.178953 0.288015 0.309980 0.016196
0 2 0.736014 0.189997 0.063477 0.002776 0.007737
0 2 0.788236 0.124802 0.069126 0.005579 0.012257
0 2 0.934893 0.057524 0.006328 0.000023 0.001232
0 2 0.959704 0.032171 0.006185 0.000044 0.001897
0 2 0.924461 0.065640 0.009281 0.000069 0.000549
0 2 0.908802 0.080266 0.010263 0.000070 0.000600
0 1 0.930128 0.059097 0.007817 0.000035 0.002922
0 1 0.930800 0.057571 0.008885 0.000054 0.002690
0 1 0.916287 0.070978 0.009792 0.000053 0.002890
0 1 0.904617 0.079088 0.012864 0.000099 0.003333
0 1 0.912795 0.077020 0.009339 0.000053 0.000792
0 1 0.922795 0.069218 0.006195 0.000016 0.001777
0 1 0.880540 0.100291 0.018104 0.000253 0.000811
0 1 0.781049 0.182362 0.032587 0.000488 0.003513
1 1 0.133557 0.542269 0.186269 0.002963 0.134942
1 1 0.090611 0.534723 0.223244 0.002498 0.148925
1 1 0.010939 0.411265 0.196720 0.000209 0.380867
4 1 0.004080 0.327999 0.226783 0.000191 0.440947
4 1 0.043344 0.195622 0.054928 0.000544 0.705561
4 1 0.069042 0.130287 0.046442 0.000591 0.753638
4 4 0.090421 0.010129 0.006344 0.000068 0.893038
4 4 0.146139 0.013851 0.006168 0.000033 0.833809
4 4 0.039725 0.023607 0.012546 0.000160 0.923962
4 4 0.025003 0.011771 0.004947 0.000026 0.958253
4 4 0.069918 0.063058 0.012677 0.000026 0.854321
4 4 0.053783 0.029844 0.014927 0.000062 0.901385
4 4 0.023537 0.176618 0.069550 0.000044 0.730251
4 4 0.047323 0.273379 0.064041 0.000116 0.615141
4 4 0.180913 0.022971 0.006976 0.000020 0.789120
4 4 0.074477 0.015225 0.006699 0.000039 0.903560
1 4 0.108379 0.440932 0.112720 0.000196 0.337772
4 4 0.065779 0.330737 0.154657 0.000354 0.448473
4 4 0.045689 0.363602 0.139793 0.000018 0.450898
4 4 0.044812 0.311171 0.092200 0.000003 0.551814
4 4 0.039380 0.342777 0.086684 0.000025 0.531134
4 4 0.042234 0.309615 0.096686 0.000045 0.551420
4 4 0.102777 0.320168 0.050929 0.000011 0.526116
4 4 0.114035 0.247640 0.071945 0.000072 0.566308
4 4 0.311914 0.058013 0.009587 0.000011 0.620476
4 4 0.162142 0.089035 0.015604 0.000027 0.733192
4 4 0.103194 0.377135 0.064172 0.000037 0.455462
4 4 0.123188 0.257673 0.057322 0.000037 0.561779
4 4 0.021019 0.275591 0.094905 0.000011 0.608474
4 4 0.015733 0.230939 0.121433 0.000010 0.631885
4 4 0.160507 0.020301 0.004944 0.000008 0.814240
4 4 0.133667 0.018477 0.006147 0.000020 0.841690
4 4 0.079731 0.049512 0.011040 0.000025 0.859692
4 4 0.094520 0.032289 0.005499 0.000005 0.867687
4 4 0.181905 0.381547 0.048876 0.000113 0.387559
4 4 0.142870 0.207124 0.040787 0.000045 0.609173
4 4 0.030346 0.348797 0.140946 0.000015 0.479896
4 4 0.021423 0.209106 0.115961 0.000007 0.653503
4 4 0.086048 0.286728 0.102292 0.000106 0.524825
4 4 0.050560 0.322587 0.130680 0.000120 0.496053
4 4 0.042045 0.359177 0.131290 0.000007 0.467480
4 1 0.056607 0.280238 0.134802 0.000051 0.528302
4 1 0.024451 0.322505 0.123144 0.000000 0.529899
4 1 0.026500 0.284344 0.114385 0.000000 0.574771
1 2 0.014127 0.390905 0.248135 0.000040 0.346793
4 2 0.021092 0.344561 0.188496 0.000005 0.445847
4 2 0.026108 0.316666 0.146566 0.000002 0.510658
4 2 0.021156 0.354802 0.150593 0.000003 0.473445
4 2 0.019579 0.270441 0.266425 0.000047 0.443508
4 2 0.013592 0.273152 0.231560 0.000038 0.481658
1 2 0.008757 0.362209 0.275698 0.000019 0.353317
4 2 0.022482 0.358937 0.226900 0.000012 0.391670
1 2 0.013398 0.427722 0.272633 0.000436 0.285810
1 2 0.021283 0.406132 0.278949 0.000317 0.293319
2 2 0.018292 0.281542 0.555895 0.003333 0.140938
2 2 0.012766 0.335615 0.494692 0.002540 0.154387
2 2 0.003811 0.356669 0.533070 0.001026 0.105424
2 2 0.006001 0.227736 0.655794 0.000725 0.109744
2 2 0.033508 0.322444 0.380886 0.000027 0.263134
2 2 0.019413 0.373506 0.445226 0.000300 0.161555
1 2 0.024249 0.372522 0.356720 0.000016 0.246493
2 2 0.015157 0.269926 0.392217 0.000186 0.322514
0 2 0.695241 0.133411 0.036136 0.000355 0.134856
0 1 0.796145 0.131787 0.020072 0.000072 0.051924
1 1 0.329952 0.418470 0.078660 0.000612 0.172307
1 1 0.313556 0.355749 0.099795 0.001649 0.229251
0 1 0.421166 0.374037 0.083664 0.001037 0.120096
1 1 0.288195 0.542247 0.099172 0.001238 0.069148
1 1 0.061095 0.557591 0.209009 0.000438 0.171867
1 1 0.024044 0.531820 0.299066 0.000887 0.144183
1 1 0.025629 0.467483 0.390452 0.001821 0.114615
2 1 0.018811 0.342678 0.549990 0.009729 0.078792
2 1 0.003844 0.223545 0.647821 0.017365 0.107425
2 1 0.004692 0.184150 0.712804 0.022481 0.075874
2 1 0.001639 0.076746 0.851406 0.051577 0.018632
2 1 0.000791 0.076478 0.855242 0.045645 0.021843
2 2 0.000109 0.007405 0.979965 0.005552 0.006969
2 2 0.000026 0.005044 0.974642 0.019351 0.000937
2 2 0.000171 0.004116 0.987270 0.008056 0.000387
2 2 0.000124 0.004923 0.982996 0.011279 0.000678
2 2 0.000054 0.008740 0.983293 0.005404 0.002510
2 2 0.000081 0.022033 0.960529 0.013197 0.004161
2 2 0.000515 0.011334 0.968593 0.016961 0.002597
2 2 0.000462 0.008551 0.974238 0.014973 0.001776
2 2 0.000121 0.011987 0.977611 0.008789 0.001493
2 2 0.000118 0.008707 0.979039 0.009451 0.002685
2 2 0.000617 0.018934 0.954044 0.022227 0.004177
2 2 0.000565 0.010319 0.964330 0.023102 0.001684
2 2 0.001528 0.010020 0.934884 0.052502 0.001066
2 2 0.002298 0.045592 0.881009 0.064548 0.006553
2 2 0.000821 0.016726 0.927613 0.049662 0.005179
2 2 0.000824 0.009820 0.914425 0.069356 0.005575
2 2 0.000152 0.004864 0.923568 0.064866 0.006550
2 2 0.000172 0.003189 0.935239 0.058823 0.002578
2 2 0.000607 0.018847 0.917084 0.056534 0.006928
2 2 0.000249 0.010302 0.955493 0.029182 0.004775
2 2 0.013743 0.028880 0.783159 0.167130 0.007087
2 2 0.034540 0.133074 0.589429 0.210059 0.032898
2 2 0.047385 0.148487 0.646181 0.141718 0.016229
2 2 0.006402 0.036049 0.855242 0.095399 0.006909
2 2 0.000309 0.002752 0.955933 0.040890 0.000115
2 2 0.001825 0.007499 0.940891 0.048864 0.000921
2 2 0.003662 0.013457 0.934614 0.046265 0.002003
2 2 0.004255 0.016456 0.919658 0.058780 0.000851
2 2 0.003249 0.014148 0.858830 0.122104 0.001668
2 2 0.001075 0.003551 0.857184 0.137760 0.000430
2 2 0.029445 0.069048 0.633702 0.240518 0.027286
2 2 0.015740 0.071567 0.541479 0.349752 0.021462
2 2 0.014530 0.072088 0.587371 0.310584 0.015427
2 2 0.008488 0.020108 0.638634 0.322709 0.010061
2 2 0.000634 0.017929 0.875804 0.102224 0.003408
2 2 0.000557 0.004748 0.897667 0.095766 0.001262
2 2 0.002015 0.026683 0.859251 0.100214 0.011837
2 2 0.002057 0.023538 0.858073 0.109536 0.006796
2 2 0.002062 0.008399 0.783805 0.203437 0.002297
2 2 0.001199 0.004078 0.839858 0.153507 0.001358
2 2 0.000626 0.004021 0.741747 0.252888 0.000718
2 2 0.002482 0.012728 0.775206 0.205748 0.003836
2 2 0.002419 0.008795 0.710382 0.276690 0.001714
2 2 0.000664 0.002009 0.798178 0.198557 0.000591
2 2 0.003190 0.019514 0.772366 0.190765 0.014164
2 2 0.006959 0.057282 0.764047 0.161042 0.010670
2 2 0.000503 0.004065 0.721461 0.273240 0.000731
2 2 0.004385 0.008731 0.874885 0.111282 0.000718
2 2 0.001931 0.005252 0.836502 0.155657 0.000659
2 2 0.005488 0.005919 0.865246 0.121972 0.001375
2 2 0.002466 0.011445 0.815329 0.167754 0.003006
2 2 0.000664 0.002561 0.741344 0.254362 0.001069
2 2 0.004528 0.012389 0.586036 0.391763 0.005284
2 2 0.001119 0.004333 0.607957 0.383741 0.002850
2 2 0.003863 0.012326 0.660053 0.310729 0.013028
2 2 0.001932 0.017722 0.693986 0.273356 0.013003
2 2 0.001992 0.008055 0.510818 0.476021 0.003114
3 3 0.002583 0.008017 0.483432 0.500622 0.005345
3 3 0.002013 0.005598 0.225338 0.764537 0.002513
3 3 0.002745 0.005300 0.311363 0.677207 0.003385
3 3 0.003055 0.008713 0.275794 0.707654 0.004783
3 3 0.004012 0.008298 0.102786 0.881094 0.003809
3 3 0.004520 0.003906 0.039327 0.949790 0.002457
3 3 0.010133 0.019730 0.101837 0.856466 0.011834
2 3 0.033580 0.130521 0.517485 0.294370 0.024044
3 3 0.004561 0.015763 0.359030 0.611186 0.009459
3 3 0.005655 0.014852 0.378297 0.592594 0.008603
3 3 0.001728 0.005163 0.262028 0.728463 0.002618
2 3 0.001129 0.009727 0.867209 0.117509 0.004426
2 3 0.002531 0.016685 0.814250 0.163859 0.002674
2 3 0.006380 0.024579 0.886311 0.077850 0.004880
2 3 0.004968 0.011928 0.787538 0.193280 0.002287
2 3 0.001224 0.004223 0.647361 0.346115 0.001077
2 3 0.000537 0.002457 0.697664 0.298751 0.000591
2 3 0.001318 0.002512 0.756365 0.238906 0.000898
2 3 0.002632 0.010965 0.834189 0.150976 0.001239
2 3 0.000747 0.001644 0.765657 0.231455 0.000497
2 3 0.001366 0.003821 0.688134 0.305639 0.001040
2 3 0.005261 0.014229 0.553143 0.423768 0.003598
2 3 0.001190 0.004125 0.571503 0.422023 0.001158
3 3 0.000705 0.003177 0.324266 0.670768 0.001085
3 3 0.000487 0.002607 0.310207 0.685768 0.000931
3 3 0.001043 0.003441 0.183911 0.810192 0.001414
3 3 0.002370 0.004926 0.414305 0.574576 0.003823
2 3 0.004074 0.012811 0.605403 0.372078 0.005634
2 3 0.001201 0.005983 0.543946 0.445781 0.003089
2 3 0.006334 0.018553 0.494619 0.473386 0.007108
3 3 0.004919 0.013683 0.323839 0.651927 0.005631
3 3 0.004609 0.013995 0.471168 0.500015 0.010213
3 3 0.003679 0.011755 0.485773 0.492237 0.006555
3 3 0.002963 0.009223 0.295265 0.687622 0.004927
2 3 0.004038 0.016682 0.507982 0.465578 0.005720
2 3 0.006735 0.017881 0.539915 0.425361 0.010108
2 3 0.003753 0.008426 0.569691 0.413424 0.004706
2 3 0.002676 0.007994 0.789850 0.197774 0.001706
2 3 0.002213 0.006442 0.773082 0.216594 0.001669
3 3 0.006719 0.010186 0.208201 0.767195 0.007699
3 3 0.002881 0.006144 0.140633 0.847168 0.003175
3 3 0.006208 0.016763 0.406178 0.563671 0.007180
3 3 0.008918 0.018113 0.434109 0.532029 0.006830
3 3 0.006785 0.013388 0.195211 0.779896 0.004719
3 3 0.009226 0.013796 0.157237 0.809889 0.009852
2 3 0.082561 0.121442 0.402499 0.323952 0.069546
2 3 0.047202 0.186036 0.386585 0.287424 0.092753
2 3 0.035337 0.147847 0.642859 0.118063 0.055894
2 3 0.031492 0.148092 0.651197 0.137822 0.031397
2 3 0.006597 0.015366 0.653187 0.319442 0.005407
2 3 0.002003 0.005969 0.597169 0.391985 0.002875
2 3 0.008457 0.022419 0.682158 0.280767 0.006200
2 3 0.027223 0.040542 0.746005 0.178816 0.007414
2 3 0.031763 0.204951 0.617878 0.089564 0.055844
2 3 0.012480 0.083353 0.618079 0.236232 0.049856
2 3 0.001642 0.005235 0.552544 0.436598 0.003981
2 3 0.001202 0.008137 0.573891 0.414249 0.002521
2 3 0.037604 0.120455 0.749413 0.074609 0.017919
1 3 0.149479 0.429272 0.339686 0.022096 0.059467
2 3 0.014953 0.212631 0.669132 0.051286 0.051998
2 3 0.016541 0.118499 0.750878 0.069598 0.044484
2 3 0.003941 0.005834 0.906621 0.083154 0.000449
2 3 0.001947 0.003502 0.904499 0.089871 0.000180
2 3 0.004683 0.025429 0.714794 0.249460 0.005633
2 3 0.001628 0.014663 0.728666 0.251582 0.003462
2 2 0.004710 0.074823 0.781889 0.124972 0.013607
2 2 0.014005 0.082388 0.767105 0.117547 0.018955
2 2 0.079146 0.399304 0.478710 0.011692 0.031147
2 2 0.072345 0.431329 0.442946 0.012512 0.040868
2 2 0.003457 0.038157 0.809301 0.146470 0.002616
2 2 0.004698 0.010968 0.760406 0.221545 0.002382
2 2 0.000231 0.004303 0.897475 0.097472 0.000519
2 2 0.000867 0.003629 0.937656 0.057675 0.000173
2 2 0.008020 0.009000 0.881480 0.101074 0.000425
2 2 0.005203 0.015087 0.799027 0.177944 0.002738
2 2 0.008442 0.034328 0.901070 0.053675 0.002485
2 2 0.003049 0.044980 0.896549 0.043904 0.011517
2 2 0.017564 0.116201 0.778579 0.080994 0.006662
2 2 0.001455 0.013479 0.887120 0.094635 0.003311
2 2 0.005424 0.014063 0.853234 0.123040 0.004239
2 2 0.005258 0.037359 0.861880 0.088370 0.007133
2 2 0.002180 0.006102 0.943801 0.047365 0.000552
2 2 0.001805 0.005610 0.949612 0.042157 0.000815
2 2 0.076622 0.172643 0.704933 0.038933 0.006869
2 2 0.242460 0.349981 0.370002 0.025980 0.011576
1 2 0.104069 0.457859 0.387335 0.009281 0.041456
2 2 0.024499 0.309737 0.604989 0.013941 0.046835
2 2 0.005307 0.020751 0.872909 0.098655 0.002379
2 2 0.003417 0.008604 0.799269 0.185681 0.003029
2 2 0.010136 0.022699 0.894471 0.071839 0.000856
2 2 0.004631 0.043415 0.874864 0.075463 0.001627
0 2 0.458991 0.400665 0.115143 0.001719 0.023481
1 2 0.466832 0.467092 0.051954 0.000309 0.013813
2 2 0.042557 0.200937 0.697135 0.051551 0.007820
2 2 0.051414 0.199437 0.677022 0.065070 0.007057
2 2 0.028213 0.107923 0.781566 0.080419 0.001879
2 2 0.018518 0.053043 0.815301 0.111781 0.001357
2 2 0.026511 0.153431 0.758396 0.056084 0.005578
2 2 0.041829 0.194524 0.708764 0.048516 0.006367
2 2 0.031947 0.157882 0.774349 0.031951 0.003871
0 2 0.634606 0.258971 0.095242 0.006968 0.004213
1 2 0.176775 0.586173 0.173703 0.001824 0.061524
1 2 0.215203 0.555078 0.171592 0.004574 0.053554
1 2 0.046169 0.553204 0.302033 0.001861 0.096733
1 2 0.022569 0.473091 0.341459 0.003052 0.159829
2 2 0.010754 0.130951 0.809052 0.028730 0.020513
2 2 0.014208 0.227439 0.662984 0.051475 0.043893
2 2 0.002134 0.073537 0.897722 0.022519 0.004088
2 2 0.003363 0.148455 0.835778 0.004234 0.008170
2 2 0.009262 0.368199 0.503048 0.000105 0.119386
1 2 0.014961 0.475126 0.439063 0.000139 0.070711
1 2 0.034995 0.445431 0.228841 0.000213 0.290520
1 2 0.030135 0.400759 0.235454 0.000064 0.333587
4 2 0.042723 0.381869 0.181499 0.000239 0.393669
4 4 0.023841 0.338269 0.259822 0.000239 0.377829
4 4 0.123588 0.238628 0.068119 0.000139 0.569526
4 4 0.114863 0.259545 0.058895 0.000173 0.566525
4 4 0.066391 0.193427 0.062575 0.000159 0.677448
4 4 0.064580 0.170805 0.063571 0.000124 0.700921
1 4 0.122246 0.423264 0.120907 0.000328 0.333255
1 4 0.110291 0.419505 0.105485 0.000380 0.364339
4 4 0.154600 0.125844 0.027630 0.000101 0.691825
4 4 0.109927 0.081232 0.022075 0.000104 0.786662
4 4 0.170510 0.054322 0.013483 0.000039 0.761646
4 4 0.083363 0.018320 0.008816 0.000071 0.889430
1 4 0.155846 0.378599 0.095778 0.000320 0.369457
4 4 0.210783 0.324230 0.065098 0.000253 0.399637
4 4 0.303987 0.056044 0.019012 0.000119 0.620839
4 4 0.249792 0.025538 0.008892 0.000014 0.715763
4 4 0.294990 0.068824 0.027026 0.000271 0.608890
0 4 0.402608 0.197655 0.040816 0.000189 0.358733
4 4 0.146356 0.040012 0.011506 0.000040 0.802085
4 4 0.209907 0.041907 0.016147 0.000114 0.731924
4 4 0.216930 0.204720 0.037093 0.000056 0.541202
4 4 0.218105 0.288241 0.039219 0.000073 0.454363
4 4 0.212742 0.019261 0.005411 0.000012 0.762575
4 4 0.146041 0.013891 0.004981 0.000016 0.835071
4 4 0.129367 0.010909 0.005383 0.000033 0.854308
4 4 0.196525 0.021408 0.007109 0.000024 0.774934
4 4 0.116236 0.024303 0.012402 0.000130 0.846930
4 4 0.146848 0.022899 0.011691 0.000116 0.818445
4 4 0.105027 0.194387 0.029563 0.000004 0.671020
4 4 0.082092 0.190381 0.051637 0.000054 0.675836
4 4 0.161489 0.227906 0.071535 0.000934 0.538136
4 4 0.099982 0.090741 0.077743 0.000769 0.730765
4 4 0.261258 0.125472 0.032678 0.000138 0.580454
4 4 0.283246 0.262177 0.057232 0.000356 0.396989
4 4 0.063534 0.058838 0.011276 0.000014 0.866339
4 4 0.134071 0.179801 0.024246 0.000035 0.661847
1 4 0.083643 0.492470 0.118507 0.000014 0.305366
1 4 0.162406 0.454475 0.121203 0.000048 0.261868
4 4 0.035084 0.261089 0.048432 0.000000 0.655395
4 4 0.036577 0.380841 0.054534 0.000000 0.528048
4 4 0.063203 0.380577 0.110257 0.000050 0.445913
4 4 0.102496 0.338049 0.064752 0.000003 0.494699
4 4 0.083407 0.311581 0.052172 0.000020 0.552820
4 4 0.062962 0.333861 0.048038 0.000021 0.555118
1 4 0.033462 0.420991 0.224203 0.000125 0.321219
1 4 0.149935 0.455197 0.125639 0.000011 0.269218
4 4 0.051425 0.340601 0.134563 0.000008 0.473403
1 4 0.029548 0.409464 0.184787 0.000022 0.376179
4 4 0.035926 0.320169 0.174706 0.000030 0.469169
4 4 0.027669 0.311962 0.164587 0.000033 0.495749
1 4 0.088990 0.433510 0.158035 0.000189 0.319275
4 4 0.181408 0.327240 0.126383 0.000091 0.364878
0 4 0.932752 0.013938 0.004857 0.000036 0.048416
0 4 0.973057 0.007795 0.003782 0.000047 0.015318
1 4 0.232926 0.423793 0.083086 0.000155 0.260040
1 4 0.118537 0.444284 0.116611 0.000369 0.320199
1 4 0.015276 0.438854 0.221343 0.000057 0.324469
1 4 0.022004 0.382459 0.317967 0.001590 0.275980
1 4 0.010438 0.459527 0.373259 0.001250 0.155527
1 4 0.009411 0.343050 0.335078 0.000672 0.311789
2 4 0.022214 0.205795 0.636990 0.004162 0.130839
1 4 0.033997 0.480753 0.304807 0.001682 0.178762
1 4 0.012629 0.456353 0.355696 0.001491 0.173831
1 4 0.025211 0.477077 0.335203 0.000909 0.161600
2 4 0.006751 0.387903 0.413685 0.002340 0.189322
2 4 0.002402 0.328225 0.566434 0.001522 0.101417
2 4 0.003243 0.244308 0.626033 0.006135 0.120281
2 4 0.000793 0.145856 0.775528 0.008373 0.069449
2 4 0.002236 0.206698 0.731438 0.000958 0.058670
2 4 0.011251 0.390258 0.521205 0.000443 0.076844
2 4 0.040448 0.340449 0.487755 0.013154 0.118194
1 4 0.237678 0.448572 0.130037 0.001929 0.181784
1 4 0.268636 0.526169 0.118102 0.000955 0.086138
1 4 0.264856 0.587510 0.096821 0.001143 0.049670
1 4 0.307588 0.539994 0.102599 0.001608 0.048211
0 4 0.443184 0.421064 0.083350 0.001163 0.051239
1 4 0.221680 0.528821 0.116555 0.000417 0.132527
1 1 0.053164 0.540658 0.173710 0.000729 0.231739
2 1 0.004587 0.175102 0.771835 0.014210 0.034266
2 1 0.006847 0.188002 0.764704 0.007044 0.033402
2 1 0.000210 0.098403 0.810303 0.022534 0.068549
2 1 0.000807 0.073305 0.827164 0.066410 0.032314
2 1 0.000510 0.059473 0.873011 0.049147 0.017860
2 1 0.000673 0.025728 0.929723 0.030458 0.013419
2 2 0.000571 0.008978 0.939295 0.042325 0.008832
2 2 0.000240 0.006237 0.927734 0.059089 0.006700
2 2 0.000211 0.004516 0.936046 0.056695 0.002532
2 2 0.000380 0.010383 0.938900 0.045416 0.004921
2 2 0.000127 0.003336 0.951276 0.044332 0.000930
2 2 0.000438 0.010448 0.931986 0.056145 0.000983
2 2 0.000176 0.000869 0.891950 0.106913 0.000094
2 2 0.000131 0.001586 0.850100 0.147741 0.000442
2 2 0.001190 0.020209 0.918644 0.057124 0.002833
2 2 0.000383 0.005345 0.948647 0.045267 0.000358
2 2 0.000207 0.012802 0.915359 0.058188 0.013444
2 2 0.000716 0.024799 0.907082 0.063899 0.003504
2 2 0.000318 0.000716 0.803077 0.195407 0.000483
2 2 0.000076 0.001189 0.831897 0.165747 0.001090
2 2 0.002595 0.028013 0.903640 0.059308 0.006444
2 2 0.000839 0.013427 0.917931 0.061779 0.006024
2 2 0.000153 0.000246 0.896051 0.103510 0.000039
2 2 0.000305 0.001725 0.889399 0.108448 0.000123
2 2 0.000553 0.003654 0.694920 0.298428 0.002445
2 2 0.000440 0.001854 0.532764 0.464052 0.000889
2 2 0.000659 0.010072 0.851905 0.129372 0.007992
2 2 0.002206 0.004939 0.796001 0.189830 0.007024
2 2 0.001288 0.003461 0.516960 0.475782 0.002508
2 2 0.004205 0.007714 0.668464 0.313343 0.006274
2 3 0.000693 0.001555 0.501329 0.495232 0.001191
3 3 0.000887 0.003668 0.493759 0.499725 0.001961
3 3 0.004006 0.004897 0.163817 0.823512 0.003767
3 3 0.005429 0.006224 0.186111 0.796959 0.005277
3 3 0.002115 0.004211 0.151478 0.839915 0.002281
3 3 0.001001 0.002204 0.075513 0.920406 0.000877
3 3 0.005111 0.007254 0.182958 0.799309 0.005369
3 3 0.004395 0.006195 0.156573 0.828498 0.004339
3 3 0.001029 0.001755 0.060636 0.935814 0.000766
3 3 0.002231 0.003288 0.160707 0.831596 0.002177
3 3 0.001084 0.001180 0.026588 0.970609 0.000539
3 3 0.002391 0.002139 0.026319 0.968009 0.001142
3 3 0.002164 0.002335 0.041447 0.952801 0.001254
3 3 0.002557 0.002430 0.033921 0.959747 0.001345
3 3 0.000798 0.000566 0.011340 0.987034 0.000262
3 3 0.001216 0.000847 0.014860 0.982643 0.000435
3 3 0.000680 0.000477 0.010141 0.988487 0.000214
3 3 0.001709 0.000979 0.016896 0.979821 0.000595
3 3 0.001304 0.001132 0.017369 0.979662 0.000533
3 3 0.000657 0.000619 0.011482 0.987001 0.000240
3 3 0.000283 0.000262 0.006497 0.992874 0.000085
3 3 0.000709 0.000694 0.012303 0.986026 0.000269
3 3 0.000374 0.000376 0.008153 0.990972 0.000125
3 3 0.000770 0.000481 0.010392 0.988123 0.000234
3 3 0.000470 0.000587 0.010571 0.988186 0.000185
3 3 0.000682 0.000482 0.010194 0.988426 0.000216
3 3 0.000540 0.000340 0.008235 0.990734 0.000152
3 3 0.000473 0.000347 0.008144 0.990896 0.000140
3 3 0.000672 0.000485 0.010203 0.988426 0.000214
3 3 0.000582 0.000412 0.009184 0.989645 0.000178
3 3 0.000678 0.000421 0.009518 0.989184 0.000200
3 3 0.000977 0.000557 0.011630 0.986538 0.000299
3 3 0.001401 0.000889 0.015586 0.981631 0.000493
3 3 0.001792 0.001241 0.019159 0.977110 0.000698
3 3 0.001851 0.001445 0.020774 0.975154 0.000775
3 3 0.008750 0.006467 0.056002 0.923673 0.005108
0 3 0.397458 0.246530 0.240445 0.081234 0.034332
2 3 0.119577 0.268592 0.466857 0.110732 0.034241
2 3 0.016798 0.056535 0.663779 0.249981 0.012908
2 3 0.019231 0.078337 0.692196 0.192979 0.017257
2 3 0.010798 0.034421 0.820837 0.125972 0.007971
2 3 0.007705 0.026567 0.847561 0.113447 0.004719
2 3 0.015812 0.061058 0.828958 0.086494 0.007679
2 3 0.004092 0.023944 0.891394 0.077783 0.002787
2 3 0.007528 0.069459 0.784420 0.123558 0.015036
2 3 0.002141 0.011835 0.876056 0.107449 0.002518
2 2 0.002102 0.019225 0.900023 0.076968 0.001681
2 2 0.004473 0.061293 0.833374 0.096213 0.004647
2 2 0.006809 0.022558 0.903844 0.066252 0.000537
2 2 0.011099 0.041023 0.894139 0.051385 0.002354
2 2 0.013190 0.129804 0.758693 0.080639 0.017674
2 2 0.032338 0.145437 0.737327 0.066917 0.017982
2 2 0.000837 0.021654 0.924288 0.051673 0.001548
2 2 0.001404 0.012838 0.921960 0.062699 0.001099
2 2 0.001961 0.006211 0.923660 0.067385 0.000782
2 2 0.002001 0.020380 0.921744 0.051044 0.004832
2 2 0.004738 0.047639 0.863752 0.076022 0.007849
2 2 0.002925 0.031926 0.891806 0.067032 0.006311
2 2 0.001179 0.030628 0.933617 0.028598 0.005977
2 2 0.001232 0.026125 0.924893 0.042345 0.005405
2 2 0.002128 0.016711 0.909143 0.070740 0.001277
2 2 0.001051 0.014043 0.937816 0.046054 0.001037
2 2 0.001894 0.012129 0.800480 0.182623 0.002874
2 2 0.003304 0.011732 0.823634 0.157236 0.004094
2 2 0.001228 0.007624 0.869395 0.120817 0.000936
2 2 0.013101 0.034236 0.803472 0.143381 0.005809
2 2 0.008504 0.026554 0.544918 0.411504 0.008519
2 2 0.004145 0.014630 0.612897 0.356521 0.011807
2 2 0.012382 0.118842 0.729106 0.120402 0.019268
2 2 0.016741 0.117623 0.752586 0.096652 0.016398
2 2 0.006992 0.023878 0.851069 0.115812 0.002248
2 2 0.007129 0.021894 0.829328 0.138918 0.002730
2 2 0.022638 0.039939 0.837627 0.085084 0.014712
2 2 0.005269 0.047778 0.829752 0.109112 0.008089
2 2 0.013120 0.021331 0.634150 0.323968 0.007432
3 2 0.002867 0.008618 0.421096 0.563685 0.003734
2 2 0.022147 0.052171 0.728196 0.174357 0.023129
2 2 0.017850 0.070422 0.732673 0.172266 0.006790
2 2 0.011538 0.035477 0.800415 0.150019 0.002550
2 2 0.042917 0.066289 0.673416 0.207766 0.009611
2 2 0.042125 0.154702 0.663014 0.114040 0.026118
2 2 0.019095 0.099001 0.720164 0.137134 0.024607
2 2 0.006789 0.012050 0.734497 0.244997 0.001666
2 2 0.008035 0.016128 0.617313 0.354456 0.004068
2 2 0.004100 0.017172 0.833509 0.142348 0.002872
2 2 0.003323 0.011132 0.714752 0.266851 0.003941
2 2 0.006009 0.021953 0.859537 0.110194 0.002307
2 2 0.000617 0.006450 0.848781 0.137762 0.006390
2 2 0.016698 0.028980 0.798533 0.152944 0.002845
2 2 0.018166 0.018718 0.814780 0.146256 0.002080
2 2 0.006025 0.011718 0.901199 0.080584 0.000474
2 2 0.003986 0.006738 0.869576 0.118850 0.000850
2 2 0.001371 0.022965 0.820056 0.144199 0.011408
2 2 0.003194 0.046197 0.805292 0.128426 0.016892
2 2 0.012828 0.128087 0.799212 0.032941 0.026932
2 2 0.013153 0.278938 0.637350 0.022028 0.048530
1 2 0.037553 0.504392 0.166060 0.000252 0.291744
1 2 0.037235 0.435871 0.169509 0.000044 0.357341
4 4 0.048144 0.367965 0.135095 0.000221 0.448575
4 4 0.051547 0.348031 0.128404 0.000115 0.471902
4 4 0.318971 0.063397 0.020173 0.000117 0.597342
4 4 0.226808 0.045496 0.015911 0.000094 0.711692
0 4 0.502481 0.109289 0.048637 0.001001 0.338592
0 4 0.556955 0.160151 0.067216 0.001769 0.213908
4 4 0.046163 0.038745 0.014460 0.000039 0.900592
4 4 0.089195 0.076078 0.011351 0.000011 0.823366
4 4 0.227351 0.041262 0.021899 0.000330 0.709158
4 4 0.278181 0.061808 0.028051 0.000371 0.631588
4 4 0.183366 0.023975 0.018417 0.000493 0.773749
4 4 0.205327 0.031695 0.022368 0.000573 0.740036
4 4 0.154312 0.018558 0.006428 0.000022 0.820680
4 4 0.136184 0.016610 0.010027 0.000125 0.837055
4 4 0.051995 0.012791 0.006249 0.000042 0.928923
4 4 0.100286 0.021944 0.009570 0.000066 0.868134
4 4 0.078264 0.149542 0.024921 0.000018 0.747255
4 4 0.101321 0.154172 0.020508 0.000009 0.723990
4 4 0.153216 0.034378 0.017278 0.000209 0.794919
4 4 0.147627 0.047219 0.019765 0.000186 0.785203
4 4 0.095260 0.018701 0.007449 0.000038 0.878553
4 4 0.279321 0.068424 0.017323 0.000060 0.634872
4 4 0.139347 0.044307 0.010223 0.000015 0.806108
4 4 0.031460 0.039608 0.016749 0.000027 0.912156
4 4 0.120696 0.215735 0.059034 0.000187 0.604348
4 4 0.148435 0.211187 0.047921 0.000127 0.592330
1 4 0.231616 0.414707 0.074301 0.000442 0.278934
1 4 0.148111 0.401599 0.121025 0.000933 0.328332
4 4 0.061742 0.300792 0.055909 0.000004 0.581554
4 4 0.031667 0.233621 0.070876 0.000003 0.663833
1 4 0.154395 0.436760 0.150780 0.001117 0.256949
1 4 0.177302 0.446947 0.116095 0.000446 0.259210
4 4 0.014675 0.260153 0.123011 0.000005 0.602157
4 4 0.014667 0.264387 0.120397 0.000006 0.600542
4 4 0.016844 0.264823 0.129196 0.000006 0.589132
4 4 0.011237 0.310187 0.153664 0.000008 0.524903
4 4 0.019123 0.278764 0.134867 0.000002 0.567243
4 4 0.023422 0.360807 0.119020 0.000003 0.496747
4 4 0.020206 0.236801 0.102330 0.000005 0.640657
4 4 0.052763 0.353262 0.136572 0.000019 0.457383
4 4 0.020626 0.276955 0.148736 0.000014 0.553669
4 4 0.012542 0.324681 0.206022 0.000106 0.456649
