0 0 0.927794 0.038068 0.010451 0.000564 0.023123
0 0 0.863860 0.085163 0.024164 0.000611 0.026202
0 0 0.958151 0.026077 0.006335 0.000045 0.009392
0 0 0.978724 0.010048 0.002445 0.000079 0.008705
0 0 0.973629 0.009414 0.002400 0.000277 0.014280
0 0 0.978621 0.007548 0.001881 0.000185 0.011764
0 0 0.985489 0.005070 0.001211 0.000086 0.008144
0 0 0.991567 0.003281 0.000733 0.000022 0.004397
0 0 0.978174 0.004769 0.001211 0.000433 0.015414
0 0 0.977148 0.005202 0.001326 0.000451 0.015873
0 0 0.980042 0.008201 0.002008 0.000109 0.009639
0 0 0.820074 0.075131 0.016681 0.000051 0.088063
0 0 0.754518 0.165368 0.044028 0.000192 0.035894
0 0 0.460782 0.342947 0.088591 0.000171 0.107509
1 0 0.270091 0.475553 0.129273 0.000255 0.124829
0 0 0.425908 0.406759 0.117949 0.000388 0.048996
0 0 0.934959 0.030678 0.008454 0.000750 0.025159
0 0 0.962780 0.016696 0.004346 0.000293 0.015885
0 0 0.972548 0.009512 0.002440 0.000321 0.015178
0 0 0.959315 0.006443 0.001757 0.002118 0.030367
0 0 0.976760 0.004207 0.001001 0.000200 0.017831
0 0 0.763503 0.074203 0.014888 0.000018 0.147388
0 0 0.849184 0.063622 0.016111 0.000349 0.070734
0 0 0.962820 0.020980 0.005283 0.000103 0.010813
0 1 0.984370 0.007993 0.001798 0.000018 0.005821
0 1 0.557812 0.177408 0.030404 0.000001 0.234374
0 1 0.386515 0.329198 0.072846 0.000029 0.211412
4 1 0.111908 0.379427 0.088968 0.000061 0.419637
1 0 0.079265 0.573963 0.109504 0.000001 0.237268
4 0 0.288547 0.240239 0.060813 0.000459 0.409941
0 0 0.970723 0.010599 0.002732 0.000331 0.015615
0 0 0.978809 0.007029 0.001756 0.000208 0.012197
0 0 0.977397 0.008450 0.002092 0.000158 0.011903
0 0 0.979489 0.007354 0.001823 0.000165 0.011170
0 0 0.941370 0.021544 0.004418 0.000013 0.032655
0 1 0.903978 0.034778 0.007414 0.000029 0.053802
1 1 0.279703 0.465162 0.105496 0.000020 0.149619
0 1 0.402712 0.397177 0.083458 0.000007 0.116647
1 1 0.144357 0.583289 0.148095 0.000053 0.124206
1 2 0.043114 0.494848 0.267248 0.000367 0.194423
1 2 0.064608 0.456160 0.292609 0.006519 0.180105
1 2 0.046738 0.445468 0.264862 0.003342 0.239590
1 2 0.090351 0.518374 0.178495 0.000983 0.211797
1 2 0.127551 0.505088 0.223217 0.000858 0.143286
1 2 0.059363 0.463821 0.356497 0.002397 0.117921
1 2 0.070260 0.494332 0.303084 0.001526 0.130797
1 2 0.069590 0.480334 0.308689 0.002706 0.138681
1 2 0.038909 0.439934 0.358211 0.000982 0.161964
2 2 0.034842 0.386645 0.539920 0.000351 0.038242
2 2 0.050675 0.365532 0.509755 0.012447 0.061590
2 2 0.004609 0.093552 0.889124 0.007512 0.005203
2 2 0.011859 0.184635 0.790080 0.001535 0.011891
2 2 0.005237 0.106414 0.869688 0.010240 0.008421
2 2 0.014538 0.178245 0.781651 0.011085 0.014480
1 0 0.152695 0.426123 0.327488 0.001408 0.092286
1 1 0.176881 0.464152 0.311731 0.003407 0.043830
1 2 0.048432 0.493042 0.302213 0.000553 0.155761
1 2 0.053292 0.375247 0.301156 0.003407 0.266897
2 2 0.028042 0.387167 0.539372 0.000233 0.045185
2 2 0.031857 0.357225 0.526654 0.002621 0.081643
2 2 0.028875 0.325573 0.589349 0.003600 0.052603
2 1 0.008218 0.190592 0.760529 0.005595 0.035065
1 2 0.056940 0.442602 0.387505 0.003969 0.108984
1 1 0.036654 0.427407 0.415455 0.001648 0.118836
0 2 0.546794 0.227431 0.082440 0.002198 0.141137
4 2 0.037174 0.355577 0.109547 0.002500 0.495201
2 2 0.010892 0.225195 0.665626 0.022487 0.075800
2 2 0.009388 0.276738 0.673024 0.000151 0.040700
2 2 0.040961 0.390230 0.462639 0.007043 0.099126
2 2 0.019701 0.380937 0.397871 0.001907 0.199583
2 2 0.020673 0.270943 0.660754 0.005981 0.041649
2 2 0.024608 0.305903 0.598425 0.008859 0.062205
2 2 0.024007 0.326195 0.574463 0.004424 0.070911
2 2 0.008409 0.199483 0.760965 0.002365 0.028778
2 2 0.031658 0.319936 0.497687 0.006361 0.144357
2 2 0.032294 0.408864 0.449335 0.001685 0.107822
2 1 0.009779 0.164816 0.812278 0.002139 0.010989
2 2 0.003416 0.095736 0.888232 0.005126 0.007490
2 2 0.017501 0.259616 0.691438 0.001955 0.029489
2 2 0.031287 0.342195 0.578118 0.002218 0.046182
2 2 0.009811 0.141785 0.837699 0.003583 0.007122
2 2 0.007960 0.118858 0.841763 0.022098 0.009321
2 2 0.007001 0.152553 0.807713 0.011312 0.021421
2 2 0.009535 0.157695 0.792705 0.010311 0.029754
2 2 0.019123 0.237188 0.715900 0.004554 0.023236
2 2 0.030308 0.207139 0.698325 0.031728 0.032499
2 2 0.011812 0.143925 0.767112 0.060836 0.016315
2 2 0.004906 0.106807 0.859546 0.017724 0.011017
2 2 0.000717 0.021257 0.666973 0.309073 0.001979
3 2 0.000598 0.005025 0.363164 0.630460 0.000753
2 2 0.007000 0.227084 0.679003 0.005427 0.081486
2 2 0.009341 0.201529 0.757652 0.002972 0.028507
2 2 0.001903 0.074849 0.906099 0.008750 0.008398
2 1 0.029550 0.136521 0.752733 0.056095 0.025101
2 2 0.015214 0.241893 0.677982 0.013620 0.051291
2 2 0.012049 0.194776 0.733048 0.023305 0.036822
2 2 0.005639 0.093602 0.816580 0.067137 0.017042
2 2 0.014459 0.158960 0.785045 0.028371 0.013166
2 2 0.010608 0.159540 0.750600 0.052789 0.026463
2 2 0.009028 0.120726 0.846089 0.016962 0.007196
2 1 0.008233 0.116053 0.816406 0.048062 0.011246
2 2 0.018006 0.143198 0.811661 0.013889 0.013247
2 2 0.011519 0.168256 0.785146 0.016844 0.018235
2 2 0.022123 0.187269 0.755059 0.018979 0.016570
2 2 0.003480 0.077100 0.908897 0.006820 0.003703
2 2 0.002308 0.030140 0.804606 0.159761 0.003185
2 2 0.003756 0.075093 0.804844 0.107108 0.009199
2 2 0.004193 0.086505 0.883989 0.019058 0.006256
2 2 0.004506 0.089241 0.870691 0.028076 0.007486
2 2 0.004208 0.074046 0.885390 0.031964 0.004392
2 2 0.003987 0.068289 0.742674 0.177030 0.008019
2 2 0.001890 0.041148 0.895039 0.059944 0.001980
2 2 0.002337 0.038641 0.830661 0.125233 0.003128
2 2 0.005484 0.082296 0.811077 0.093078 0.008065
2 2 0.007262 0.150617 0.769974 0.036192 0.035955
2 2 0.014949 0.175803 0.724583 0.035689 0.048976
2 2 0.005141 0.102463 0.833591 0.046230 0.012576
2 2 0.007126 0.120084 0.849788 0.013722 0.009280
2 2 0.006509 0.097078 0.875129 0.016039 0.005245
2 2 0.004965 0.104112 0.880301 0.004581 0.006041
1 2 0.091187 0.386695 0.378269 0.002452 0.141397
2 2 0.029381 0.408266 0.457527 0.001093 0.103733
2 2 0.004309 0.071062 0.902599 0.018902 0.003128
2 2 0.005751 0.097453 0.851993 0.036995 0.007807
2 2 0.001940 0.048472 0.926401 0.020812 0.002375
2 2 0.003730 0.061340 0.859712 0.071507 0.003711
2 2 0.013906 0.168298 0.791888 0.012748 0.013160
2 2 0.019924 0.199975 0.762032 0.006407 0.011661
2 2 0.005421 0.080818 0.898699 0.010579 0.004484
2 2 0.019205 0.193035 0.750012 0.021314 0.016434
2 2 0.028881 0.344827 0.593068 0.000546 0.032678
2 2 0.048827 0.261311 0.645265 0.006340 0.038258
2 2 0.022352 0.206093 0.752543 0.007248 0.011763
2 2 0.018915 0.223943 0.722753 0.009717 0.024672
2 2 0.012933 0.149109 0.818536 0.010540 0.008883
2 1 0.009696 0.167592 0.792919 0.010221 0.019572
2 2 0.024730 0.339332 0.570080 0.002487 0.063371
2 2 0.012454 0.197662 0.758723 0.001222 0.029939
2 2 0.017850 0.321474 0.598567 0.001253 0.060856
2 2 0.011170 0.244658 0.679295 0.004764 0.060113
1 2 0.080823 0.439080 0.402518 0.005938 0.071641
2 2 0.059476 0.434053 0.443512 0.001714 0.061245
2 2 0.025167 0.333621 0.584547 0.002201 0.054464
2 2 0.037019 0.325572 0.592885 0.005138 0.039386
2 2 0.022066 0.304396 0.635851 0.001347 0.036340
2 0 0.028583 0.301645 0.618423 0.007254 0.044095
0 1 0.888353 0.064249 0.018228 0.000804 0.028365
1 1 0.334170 0.352075 0.096064 0.000653 0.217037
1 1 0.117780 0.486517 0.207962 0.002525 0.185216
1 2 0.092392 0.423336 0.149969 0.003688 0.330616
1 0 0.041389 0.437243 0.221862 0.002113 0.297393
1 0 0.308443 0.425717 0.109059 0.000150 0.156630
0 0 0.924831 0.034399 0.009393 0.000737 0.030640
0 0 0.937161 0.020095 0.005675 0.002005 0.035063
0 1 0.490592 0.312692 0.068947 0.000020 0.127750
1 1 0.312319 0.456210 0.095274 0.000005 0.136192
1 0 0.125458 0.522819 0.135309 0.000123 0.216290
0 0 0.485618 0.348988 0.075813 0.000010 0.089570
1 1 0.366512 0.415863 0.106002 0.000111 0.111512
1 1 0.054114 0.516486 0.236077 0.000320 0.193003
2 1 0.058228 0.377343 0.489501 0.013095 0.061834
2 1 0.077817 0.405171 0.466236 0.005630 0.045147
1 1 0.177604 0.480715 0.288925 0.003603 0.049151
1 1 0.216021 0.447770 0.267407 0.002463 0.066339
2 1 0.048394 0.315127 0.617572 0.001689 0.017218
2 1 0.032286 0.252106 0.704426 0.001388 0.009794
1 1 0.133771 0.481416 0.342542 0.001302 0.040971
1 1 0.084036 0.445472 0.418316 0.002178 0.049998
1 2 0.067307 0.477073 0.395283 0.000520 0.059816
1 2 0.113323 0.498362 0.336396 0.000812 0.051107
2 1 0.028215 0.249862 0.698285 0.005899 0.017740
2 1 0.028546 0.198763 0.751242 0.010258 0.011190
1 0 0.102377 0.466369 0.389343 0.001087 0.040824
0 1 0.410514 0.354239 0.205668 0.002140 0.027438
1 0 0.198243 0.358278 0.298533 0.003288 0.141658
0 1 0.427016 0.395469 0.116664 0.000634 0.060216
1 1 0.132593 0.534398 0.234737 0.001047 0.097224
1 1 0.085936 0.491510 0.282084 0.003224 0.137246
1 1 0.174284 0.520402 0.212774 0.001265 0.091275
1 1 0.196810 0.548449 0.163783 0.000583 0.090373
1 1 0.142090 0.484479 0.323092 0.002039 0.048299
1 0 0.176866 0.449024 0.351011 0.001344 0.021755
0 0 0.972000 0.011534 0.002931 0.000216 0.013319
0 0 0.979117 0.004583 0.001158 0.000393 0.014748
0 0 0.994357 0.001840 0.000397 0.000014 0.003392
0 0 0.979936 0.005709 0.001426 0.000248 0.012680
0 0 0.944735 0.018964 0.005262 0.001345 0.029694
0 0 0.797654 0.086494 0.017111 0.000009 0.098731
0 0 0.972499 0.013871 0.003156 0.000027 0.010447
0 0 0.956990 0.016449 0.004409 0.000630 0.021521
0 0 0.857146 0.078058 0.023045 0.001813 0.039937
0 4 0.914019 0.055554 0.014262 0.000109 0.016056
0 4 0.832028 0.043739 0.007286 0.000001 0.116947
4 4 0.326309 0.173305 0.034397 0.000017 0.465973
4 4 0.168709 0.170014 0.033478 0.000013 0.627786
4 4 0.103915 0.095503 0.019308 0.000027 0.781247
4 4 0.302200 0.056943 0.011462 0.000054 0.629341
4 4 0.147694 0.113993 0.026097 0.000183 0.712033
4 4 0.091752 0.344827 0.090726 0.000377 0.472317
1 4 0.086736 0.439991 0.107463 0.000077 0.365732
4 4 0.034178 0.259239 0.072707 0.000882 0.632995
4 4 0.047394 0.292967 0.072136 0.000126 0.587377
4 4 0.034328 0.168240 0.029444 0.000001 0.767987
4 4 0.059911 0.017098 0.006076 0.000146 0.916770
4 4 0.255338 0.088375 0.018894 0.000094 0.637298
4 4 0.277880 0.105271 0.025659 0.000614 0.590576
0 4 0.788779 0.028458 0.006765 0.000529 0.175469
4 4 0.205816 0.067908 0.015136 0.000206 0.710933
4 4 0.104600 0.054692 0.019521 0.001101 0.820087
4 1 0.341071 0.025237 0.005050 0.000089 0.628553
0 4 0.719598 0.118811 0.024076 0.000014 0.137501
4 4 0.109780 0.014069 0.006891 0.000767 0.868493
4 4 0.227015 0.027725 0.007187 0.000546 0.737527
4 4 0.073324 0.076790 0.017569 0.000177 0.832141
4 4 0.144302 0.038597 0.009698 0.000248 0.807155
4 4 0.094646 0.258722 0.069697 0.000810 0.576125
1 4 0.028549 0.477778 0.107098 0.000010 0.386565
1 4 0.038550 0.475339 0.096099 0.000003 0.390010
4 4 0.044877 0.267159 0.057148 0.000016 0.630800
4 4 0.023307 0.362638 0.094575 0.000151 0.519329
1 4 0.061584 0.507845 0.136021 0.000188 0.294363
1 4 0.043072 0.446175 0.120613 0.000251 0.389889
1 4 0.044061 0.471916 0.122466 0.000121 0.361435
1 4 0.027273 0.446869 0.104383 0.000022 0.421453
1 2 0.023805 0.433588 0.399878 0.000326 0.142403
1 2 0.020919 0.433521 0.379041 0.000236 0.166283
1 1 0.033867 0.460058 0.425301 0.000155 0.080619
2 2 0.043734 0.428975 0.439290 0.001551 0.086449
2 2 0.029383 0.434951 0.438075 0.000344 0.097246
2 2 0.010590 0.348501 0.495586 0.000293 0.145031
1 2 0.094051 0.497480 0.302360 0.002304 0.103805
1 2 0.030920 0.484755 0.380567 0.000077 0.103681
2 2 0.018194 0.343136 0.601180 0.000130 0.037360
2 2 0.038105 0.405946 0.485539 0.001254 0.069156
2 2 0.042793 0.384516 0.532773 0.000740 0.039179
2 2 0.027010 0.362433 0.576248 0.000223 0.034085
2 2 0.002827 0.124386 0.863942 0.000142 0.008702
2 2 0.024622 0.218963 0.741177 0.003619 0.011620
2 2 0.032886 0.382429 0.519336 0.001410 0.063940
2 2 0.019170 0.285728 0.663817 0.000890 0.030395
2 1 0.028289 0.368581 0.549017 0.000711 0.053404
2 1 0.027412 0.353431 0.578005 0.000592 0.040561
2 2 0.021927 0.317479 0.591018 0.004015 0.065561
2 2 0.011055 0.213581 0.755161 0.001018 0.019185
2 2 0.036938 0.385696 0.521600 0.001271 0.054495
2 2 0.061509 0.409107 0.468502 0.004006 0.056876
2 2 0.011317 0.235685 0.729511 0.000573 0.022913
2 2 0.009571 0.172654 0.793008 0.005716 0.019051
2 1 0.011087 0.165396 0.805772 0.005085 0.012660
2 2 0.026263 0.295246 0.635610 0.004963 0.037918
2 2 0.008104 0.193326 0.764755 0.003721 0.030094
2 2 0.020416 0.263244 0.688934 0.002281 0.025125
2 2 0.010082 0.168494 0.809582 0.001488 0.010353
2 2 0.007980 0.146250 0.832410 0.003329 0.010031
2 2 0.009356 0.145515 0.825967 0.007995 0.011167
2 2 0.016931 0.241698 0.709173 0.004241 0.027957
2 1 0.049622 0.309978 0.598918 0.012899 0.028583
2 2 0.038369 0.357967 0.557234 0.002407 0.044023
2 2 0.047696 0.386836 0.518226 0.001950 0.045292
2 2 0.040480 0.352151 0.541583 0.007636 0.058150
2 2 0.040100 0.226726 0.706328 0.016077 0.010769
2 2 0.030753 0.243291 0.705962 0.005705 0.014290
2 2 0.048741 0.274921 0.651104 0.009661 0.015573
2 2 0.028488 0.270265 0.681189 0.002027 0.018032
2 2 0.010975 0.099780 0.840881 0.044339 0.004026
2 2 0.003045 0.058111 0.893242 0.042271 0.003331
2 2 0.014497 0.199264 0.761471 0.006357 0.018411
2 2 0.013449 0.182187 0.747870 0.030380 0.026115
2 2 0.012068 0.181230 0.774722 0.011323 0.020657
2 2 0.020926 0.158849 0.744029 0.048851 0.027345
2 2 0.030081 0.336083 0.593416 0.001559 0.038860
2 2 0.026605 0.297130 0.623093 0.007234 0.045938
2 2 0.002773 0.053320 0.856117 0.084224 0.003567
2 2 0.003399 0.064469 0.839082 0.087504 0.005545
2 0 0.048305 0.125594 0.762608 0.050295 0.013198
2 1 0.146305 0.188588 0.601929 0.041402 0.021776
2 1 0.053017 0.413706 0.449180 0.004579 0.079518
1 2 0.077624 0.425610 0.409269 0.008473 0.079024
2 0 0.152865 0.273179 0.512552 0.018457 0.042948
0 1 0.537625 0.238317 0.173148 0.007786 0.043124
1 2 0.107762 0.513434 0.272509 0.001779 0.104516
1 2 0.098937 0.498498 0.198242 0.003209 0.201115
1 1 0.100478 0.428302 0.364857 0.012683 0.093680
1 2 0.160114 0.495395 0.252046 0.000880 0.091564
1 1 0.099669 0.422820 0.394266 0.016361 0.066884
1 2 0.151071 0.464860 0.325700 0.005870 0.052499
2 1 0.086665 0.407383 0.453537 0.007333 0.045082
1 2 0.220871 0.414398 0.336918 0.004126 0.023687
2 1 0.053387 0.334307 0.563083 0.012619 0.036603
2 1 0.065907 0.297451 0.614360 0.008050 0.014232
1 2 0.125707 0.491625 0.333352 0.001168 0.048148
2 1 0.066098 0.413260 0.476318 0.001984 0.042340
2 1 0.025411 0.270896 0.680364 0.002291 0.021038
2 1 0.082565 0.352896 0.543680 0.003163 0.017696
1 1 0.237647 0.415273 0.302329 0.002526 0.042225
1 2 0.118493 0.515935 0.270533 0.001684 0.093355
2 1 0.049658 0.422706 0.450187 0.002260 0.075189
1 1 0.087551 0.535269 0.278855 0.000404 0.097920
1 2 0.093805 0.445704 0.398767 0.004356 0.057368
1 0 0.070960 0.479296 0.400409 0.000341 0.048994
1 1 0.267114 0.471826 0.216594 0.000961 0.043506
1 1 0.211623 0.509112 0.232716 0.001070 0.045479
1 1 0.150199 0.518792 0.238379 0.002148 0.090482
1 1 0.135027 0.535106 0.259389 0.000607 0.069871
1 1 0.113458 0.467567 0.362289 0.000944 0.055742
1 1 0.068250 0.475854 0.345000 0.002129 0.108767
2 1 0.110325 0.396981 0.457142 0.006671 0.028882
1 1 0.110767 0.461640 0.379032 0.002286 0.046275
2 1 0.085409 0.400297 0.475886 0.004246 0.034162
2 1 0.050274 0.360079 0.561388 0.001448 0.026811
1 2 0.181191 0.533267 0.215994 0.000873 0.068674
1 1 0.138261 0.504254 0.271469 0.002953 0.083063
1 1 0.097050 0.477323 0.342899 0.003238 0.079489
1 1 0.103060 0.521587 0.308099 0.000503 0.066752
1 1 0.143464 0.527829 0.248791 0.001123 0.078793
1 1 0.227252 0.383979 0.351013 0.001416 0.036341
1 1 0.178794 0.467157 0.292304 0.007547 0.054198
1 1 0.093303 0.470433 0.356851 0.003384 0.076030
1 1 0.108883 0.462249 0.373247 0.002974 0.052647
1 1 0.079781 0.473404 0.398491 0.000585 0.047740
2 1 0.090923 0.403021 0.459333 0.007091 0.039633
2 1 0.094144 0.416594 0.446815 0.004325 0.038122
2 2 0.049625 0.312592 0.589226 0.015978 0.032580
2 1 0.074037 0.396609 0.483667 0.004940 0.040747
2 0 0.087491 0.395196 0.484208 0.003640 0.029465
1 0 0.234601 0.417064 0.327039 0.002222 0.019074
1 1 0.255842 0.488427 0.166774 0.000782 0.088175
1 1 0.074749 0.487342 0.217306 0.002531 0.218072
1 1 0.141000 0.400356 0.313381 0.003895 0.141367
1 1 0.284495 0.443027 0.183600 0.003533 0.085345
1 0 0.151472 0.515318 0.273052 0.001132 0.059026
0 1 0.617282 0.249695 0.084152 0.002619 0.046251
1 1 0.110816 0.563692 0.201357 0.000275 0.123860
1 1 0.147461 0.514014 0.209230 0.003485 0.125810
1 1 0.076440 0.514873 0.328374 0.000397 0.079916
1 1 0.234526 0.493201 0.201401 0.001883 0.068990
1 1 0.099526 0.501725 0.324786 0.001166 0.072796
1 1 0.107201 0.462387 0.380398 0.002208 0.047807
1 1 0.155127 0.457330 0.340889 0.004713 0.041940
1 0 0.082057 0.459404 0.422340 0.000474 0.035726
0 0 0.556104 0.300117 0.096180 0.002366 0.045233
0 0 0.688388 0.219621 0.064966 0.000558 0.026467
0 0 0.687652 0.213686 0.064226 0.000922 0.033514
0 0 0.878825 0.076326 0.021317 0.000456 0.023076
0 0 0.837705 0.105189 0.030077 0.000596 0.026433
0 0 0.743113 0.167022 0.050482 0.001398 0.037985
0 0 0.974709 0.015446 0.003662 0.000028 0.006155
0 0 0.921757 0.031019 0.008521 0.001059 0.037643
0 1 0.445218 0.271641 0.063280 0.000082 0.219780
0 1 0.588286 0.218677 0.051090 0.000075 0.141872
1 1 0.230211 0.493693 0.143590 0.000673 0.131834
1 1 0.185096 0.529234 0.146791 0.000286 0.138594
1 1 0.104200 0.503654 0.224723 0.001160 0.166263
1 1 0.172129 0.500624 0.209172 0.001994 0.116080
2 2 0.041814 0.391421 0.517963 0.001137 0.047665
2 2 0.069354 0.420496 0.447529 0.004275 0.058347
2 2 0.039359 0.343044 0.571182 0.004281 0.042133
2 2 0.028553 0.261982 0.683481 0.002946 0.023038
2 2 0.017898 0.227299 0.742640 0.000723 0.011440
2 2 0.009808 0.138451 0.834304 0.004569 0.012868
2 2 0.055153 0.403129 0.498796 0.001413 0.041510
2 2 0.040681 0.336931 0.595733 0.001372 0.025284
2 2 0.011589 0.138435 0.826739 0.014633 0.008604
2 2 0.016702 0.213517 0.739613 0.008939 0.021229
2 2 0.021787 0.194545 0.759699 0.012308 0.011661
2 2 0.014690 0.188547 0.773835 0.007677 0.015251
2 2 0.011804 0.122316 0.847146 0.013621 0.005112
2 2 0.011117 0.147123 0.816919 0.014120 0.010720
2 2 0.004901 0.087369 0.858084 0.042212 0.007434
2 2 0.005458 0.095638 0.842187 0.047511 0.009206
2 2 0.003377 0.068433 0.893487 0.030339 0.004364
2 2 0.011257 0.098204 0.813309 0.068046 0.009184
2 2 0.024501 0.192454 0.683903 0.078986 0.020156
2 2 0.006404 0.069373 0.819467 0.094605 0.010151
2 3 0.007065 0.084847 0.757671 0.143347 0.007070
2 3 0.005849 0.039149 0.599135 0.348131 0.007736
2 3 0.009183 0.097415 0.743771 0.141818 0.007813
2 3 0.003528 0.053474 0.786821 0.151991 0.004186
2 3 0.006016 0.078775 0.744493 0.163440 0.007276
2 3 0.005804 0.078578 0.655817 0.249613 0.010189
2 3 0.001400 0.029562 0.611516 0.354593 0.002928
2 3 0.003730 0.024886 0.535507 0.431007 0.004869
3 3 0.001780 0.029159 0.428060 0.536946 0.004056
2 3 0.002059 0.036346 0.560803 0.396416 0.004375
3 3 0.000686 0.005618 0.256240 0.736339 0.001118
3 3 0.001384 0.007238 0.221234 0.768121 0.002022
3 3 0.000648 0.013767 0.340931 0.642054 0.002601
3 3 0.000517 0.010986 0.285702 0.700988 0.001806
3 3 0.000395 0.005985 0.261527 0.731154 0.000938
3 3 0.000790 0.003555 0.096263 0.897700 0.001693
3 3 0.000724 0.016836 0.366772 0.613005 0.002663
3 3 0.000665 0.002541 0.096127 0.899463 0.001205
3 3 0.000258 0.004688 0.333007 0.661512 0.000534
3 3 0.000609 0.010835 0.210538 0.775973 0.002045
3 3 0.000300 0.001902 0.060365 0.936304 0.001130
3 3 0.000205 0.000842 0.084167 0.914433 0.000352
3 3 0.000644 0.003295 0.140256 0.854519 0.001286
3 3 0.000385 0.001720 0.081846 0.915250 0.000799
3 3 0.000159 0.000578 0.031333 0.967474 0.000457
3 3 0.000289 0.003215 0.128771 0.866859 0.000865
3 3 0.000040 0.000155 0.024781 0.974913 0.000111
3 3 0.000032 0.000444 0.057987 0.941403 0.000134
3 3 0.000150 0.001196 0.075954 0.922258 0.000442
3 3 0.000105 0.001279 0.058008 0.940095 0.000512
3 3 0.000404 0.000606 0.028847 0.969420 0.000722
3 3 0.000255 0.001221 0.042037 0.955674 0.000813
3 3 0.000089 0.000832 0.087159 0.911672 0.000248
3 3 0.000155 0.000895 0.051710 0.946778 0.000463
3 3 0.000078 0.001141 0.088973 0.909513 0.000296
3 3 0.000020 0.000128 0.022836 0.976937 0.000078
3 3 0.000269 0.000531 0.021137 0.977371 0.000692
3 3 0.000081 0.000365 0.029292 0.970003 0.000259
3 3 0.000154 0.001005 0.049563 0.948760 0.000518
3 3 0.000251 0.000632 0.033655 0.964902 0.000560
3 3 0.000094 0.000816 0.045569 0.953139 0.000382
3 3 0.000038 0.000187 0.030406 0.969257 0.000111
3 3 0.000242 0.000588 0.032563 0.966075 0.000532
3 3 0.000105 0.000433 0.029094 0.970038 0.000329
3 3 0.000421 0.003634 0.095764 0.898843 0.001338
3 3 0.000379 0.001470 0.057319 0.939932 0.000900
3 3 0.002101 0.004060 0.070205 0.920292 0.003342
3 3 0.003259 0.003278 0.073610 0.916584 0.003269
3 3 0.000721 0.001028 0.042832 0.954340 0.001079
3 3 0.000444 0.000834 0.025108 0.972553 0.001062
3 3 0.000395 0.001048 0.030734 0.966764 0.001060
3 3 0.000273 0.001343 0.046367 0.951154 0.000863
3 3 0.000068 0.000286 0.026782 0.972650 0.000213
3 3 0.000144 0.001412 0.091082 0.906928 0.000434
3 3 0.000392 0.002169 0.109970 0.886675 0.000795
3 3 0.000616 0.001784 0.044274 0.951825 0.001501
3 3 0.000252 0.000668 0.028818 0.969614 0.000649
3 3 0.000168 0.000631 0.038016 0.960740 0.000445
3 3 0.000659 0.002125 0.047747 0.947796 0.001674
3 3 0.000573 0.005753 0.106705 0.884955 0.002014
3 3 0.000111 0.000644 0.033365 0.965458 0.000422
3 3 0.000033 0.000412 0.036945 0.962437 0.000173
3 3 0.000708 0.002531 0.061980 0.933101 0.001680
3 3 0.001821 0.003890 0.094927 0.896842 0.002520
3 3 0.000191 0.000789 0.049342 0.949211 0.000466
3 3 0.000070 0.000351 0.035615 0.963756 0.000207
3 3 0.000435 0.000602 0.021494 0.976568 0.000901
3 3 0.000645 0.001196 0.032462 0.964344 0.001353
3 3 0.000279 0.000505 0.022489 0.976085 0.000641
3 3 0.000218 0.000670 0.032038 0.966503 0.000571
3 3 0.000067 0.000237 0.022077 0.977412 0.000207
3 3 0.000036 0.000198 0.026853 0.972790 0.000123
3 3 0.000761 0.001664 0.037786 0.958075 0.001714
3 3 0.000162 0.001865 0.075375 0.921952 0.000646
3 3 0.000554 0.002546 0.082658 0.912832 0.001410
3 3 0.000720 0.001462 0.040534 0.955855 0.001429
3 3 0.000231 0.001957 0.059016 0.937894 0.000902
3 3 0.000245 0.000763 0.042727 0.955709 0.000555
3 3 0.000259 0.000674 0.042774 0.955781 0.000510
3 3 0.000050 0.000568 0.049551 0.949619 0.000213
3 3 0.000082 0.000511 0.042916 0.956227 0.000264
3 3 0.000200 0.000481 0.035731 0.963187 0.000402
3 3 0.000539 0.002432 0.064360 0.931261 0.001408
3 3 0.000143 0.000986 0.046635 0.951721 0.000515
3 3 0.000081 0.000514 0.045611 0.953537 0.000256
3 3 0.000842 0.001007 0.025315 0.971283 0.001553
3 3 0.001134 0.002246 0.055054 0.939595 0.001972
3 3 0.000711 0.002483 0.071930 0.923266 0.001610
3 3 0.000003 0.000022 0.013173 0.986788 0.000013
3 3 0.000032 0.000121 0.017794 0.981947 0.000106
3 3 0.000107 0.001316 0.056133 0.941935 0.000509
3 3 0.000029 0.000340 0.051682 0.947836 0.000113
3 3 0.000642 0.001102 0.032273 0.964696 0.001287
3 3 0.000221 0.000972 0.033519 0.964531 0.000757
3 3 0.000241 0.000404 0.021564 0.977269 0.000521
3 0 0.003033 0.000300 0.005939 0.988115 0.002612
3 0 0.249000 0.130141 0.137740 0.271161 0.211958
0 2 0.680291 0.164556 0.102116 0.006813 0.046224
4 2 0.067797 0.236761 0.215401 0.040986 0.439055
0 1 0.487814 0.263433 0.132030 0.015139 0.101583
1 1 0.187978 0.395959 0.120405 0.003038 0.292619
1 0 0.251022 0.433635 0.133288 0.002461 0.179594
0 0 0.352578 0.283912 0.087941 0.006725 0.268844
0 1 0.350803 0.268257 0.083289 0.007780 0.289871
1 1 0.052003 0.423474 0.134498 0.001734 0.388290
1 1 0.140223 0.511768 0.164208 0.003012 0.180790
1 1 0.149671 0.504003 0.157979 0.002277 0.186070
1 1 0.168581 0.540917 0.158948 0.000609 0.130946
1 1 0.152849 0.556830 0.162487 0.000492 0.127342
1 1 0.144217 0.561059 0.153687 0.000198 0.140839
1 1 0.148995 0.580336 0.159123 0.000158 0.111387
1 1 0.221642 0.571977 0.143570 0.000029 0.062782
1 1 0.189260 0.562965 0.158632 0.000226 0.088917
1 1 0.254257 0.503313 0.150006 0.000710 0.091714
1 1 0.249400 0.514231 0.183951 0.000932 0.051486
1 1 0.197951 0.556728 0.162064 0.000359 0.082898
1 2 0.158596 0.552609 0.187218 0.000582 0.100994
1 2 0.241953 0.521513 0.163856 0.001175 0.071503
1 2 0.140659 0.542346 0.224504 0.000757 0.091735
1 2 0.184995 0.531812 0.182308 0.000799 0.100086
1 2 0.289825 0.508506 0.156102 0.000583 0.044985
1 1 0.330703 0.430421 0.181649 0.002580 0.054648
1 1 0.201862 0.546501 0.150875 0.000199 0.100563
1 1 0.183909 0.453655 0.151149 0.000843 0.210444
0 1 0.494027 0.358519 0.107858 0.000641 0.038956
1 1 0.266043 0.498654 0.153151 0.001028 0.081125
1 1 0.236753 0.523639 0.164220 0.001167 0.074221
1 1 0.069254 0.493220 0.338914 0.000962 0.097649
1 1 0.127105 0.492626 0.289813 0.004185 0.086270
1 1 0.300746 0.459033 0.208831 0.001951 0.029439
1 1 0.298162 0.494013 0.158237 0.001248 0.048339
1 1 0.208148 0.532036 0.165865 0.001222 0.092728
1 1 0.163524 0.524408 0.222877 0.001763 0.087429
1 1 0.095338 0.536338 0.285023 0.000366 0.082936
1 1 0.096595 0.507333 0.287752 0.001767 0.106553
1 1 0.074068 0.457458 0.358818 0.005079 0.104577
2 1 0.052802 0.336631 0.552633 0.015130 0.042805
2 1 0.053758 0.336143 0.554919 0.015216 0.039965
1 1 0.152821 0.540852 0.235741 0.000580 0.070006
1 2 0.106608 0.481196 0.319332 0.004456 0.088408
1 1 0.050121 0.461579 0.374839 0.001317 0.112145
2 1 0.049680 0.397326 0.438238 0.011576 0.103180
1 1 0.097134 0.465357 0.353683 0.004938 0.078888
1 1 0.066113 0.462323 0.418120 0.000602 0.052841
1 1 0.124331 0.516247 0.214839 0.002685 0.141897
1 1 0.220139 0.546904 0.161471 0.000412 0.071074
1 1 0.182730 0.526934 0.218572 0.001205 0.070558
1 1 0.215749 0.557709 0.159484 0.000231 0.066827
1 1 0.196129 0.515788 0.240417 0.000855 0.046812
1 1 0.152748 0.503105 0.285823 0.001686 0.056639
1 1 0.329103 0.467727 0.140602 0.000280 0.062289
1 1 0.172994 0.533802 0.196030 0.001330 0.095844
1 1 0.205593 0.575014 0.162817 0.000075 0.056501
1 1 0.182117 0.522882 0.227921 0.001264 0.065816
1 1 0.072810 0.435921 0.430312 0.002841 0.058117
1 1 0.103030 0.449398 0.383855 0.005257 0.058460
1 1 0.103946 0.470104 0.369867 0.002085 0.053999
1 1 0.084522 0.464699 0.368527 0.003359 0.078893
1 1 0.264304 0.411358 0.148946 0.000628 0.174763
1 1 0.123190 0.535247 0.244392 0.000881 0.096289
1 1 0.239226 0.539904 0.147443 0.000136 0.073291
1 1 0.359070 0.423317 0.128551 0.000661 0.088401
2 1 0.127981 0.407747 0.433800 0.004853 0.025619
2 1 0.071795 0.396456 0.472952 0.006855 0.051942
1 1 0.292072 0.537393 0.141570 0.000035 0.028930
0 0 0.563437 0.319489 0.091540 0.000228 0.025306
0 1 0.781016 0.143998 0.042434 0.000892 0.031660
1 1 0.114848 0.600051 0.152806 0.000051 0.132244
1 2 0.083404 0.473624 0.198385 0.004956 0.239630
1 2 0.080221 0.538224 0.175217 0.000318 0.206021
2 2 0.050301 0.421868 0.459095 0.001827 0.066909
1 2 0.064937 0.470204 0.328679 0.003041 0.133138
1 4 0.031896 0.430611 0.321920 0.001678 0.213895
1 4 0.026340 0.439542 0.382952 0.000422 0.150743
4 4 0.091311 0.082507 0.018086 0.000098 0.807999
4 4 0.027541 0.168165 0.036256 0.000022 0.768015
4 4 0.131287 0.078350 0.015051 0.000016 0.775296
4 4 0.071551 0.056628 0.011482 0.000034 0.860305
4 4 0.286336 0.117260 0.026364 0.000163 0.569877
4 4 0.395733 0.014138 0.004956 0.001939 0.583233
4 4 0.263238 0.085554 0.016640 0.000023 0.634546
4 4 0.123897 0.034709 0.007488 0.000065 0.833842
4 4 0.080885 0.059902 0.013547 0.000187 0.845479
4 4 0.160808 0.029169 0.008909 0.000593 0.800521
4 4 0.154001 0.086862 0.015219 0.000004 0.743914
4 4 0.152368 0.052544 0.009967 0.000019 0.785103
4 4 0.171279 0.024815 0.004441 0.000014 0.799452
4 4 0.335040 0.034283 0.007099 0.000122 0.623456
0 4 0.565444 0.016177 0.003702 0.000822 0.413855
4 4 0.097658 0.046058 0.021491 0.002031 0.832763
4 4 0.349716 0.060290 0.014636 0.000920 0.574438
4 4 0.202327 0.014891 0.005754 0.000886 0.776142
4 4 0.434926 0.014794 0.005471 0.002978 0.541831
4 4 0.173997 0.087247 0.020789 0.000446 0.717521
4 4 0.112778 0.082672 0.018923 0.000209 0.785417
0 4 0.531090 0.021077 0.005601 0.002352 0.439879
4 4 0.086116 0.012172 0.004677 0.000212 0.896824
4 4 0.166887 0.033472 0.007127 0.000157 0.792357
4 4 0.317792 0.063300 0.018360 0.003618 0.596930
4 4 0.107630 0.397536 0.089039 0.000028 0.405767
4 4 0.123028 0.048026 0.009688 0.000047 0.819211
4 4 0.214568 0.046225 0.010880 0.000638 0.727689
4 4 0.024224 0.346575 0.064042 0.000001 0.565158
4 4 0.179458 0.087324 0.020824 0.000457 0.711937
4 4 0.134963 0.124453 0.028432 0.000159 0.711994
4 4 0.294974 0.032173 0.008632 0.001115 0.663106
4 4 0.263575 0.019835 0.003755 0.000043 0.712791
4 4 0.142183 0.010168 0.004265 0.000464 0.842920
4 4 0.389675 0.037320 0.008659 0.000652 0.563694
4 4 0.055396 0.299064 0.056485 0.000002 0.589053
4 4 0.060361 0.134673 0.028923 0.000039 0.776004
4 4 0.058511 0.237122 0.067389 0.001597 0.635382
4 2 0.068392 0.198971 0.044277 0.000050 0.688310
1 2 0.053956 0.437553 0.098019 0.000017 0.410455
1 2 0.077212 0.469033 0.114614 0.000064 0.339076
1 2 0.212714 0.428854 0.095447 0.000023 0.262962
1 2 0.111548 0.493346 0.117262 0.000042 0.277803
1 2 0.090842 0.539455 0.120587 0.000012 0.249103
1 2 0.054451 0.464027 0.115838 0.000059 0.365626
1 2 0.048370 0.515111 0.123931 0.000033 0.312556
1 2 0.030067 0.450641 0.169044 0.000171 0.350078
1 2 0.032148 0.436762 0.157019 0.000284 0.373787
1 2 0.027413 0.418285 0.352790 0.001521 0.199991
2 2 0.011131 0.299025 0.405466 0.006645 0.277733
1 2 0.068182 0.522471 0.288256 0.000425 0.120667
1 2 0.012726 0.421696 0.395011 0.000051 0.170517
2 2 0.004688 0.198578 0.735401 0.001633 0.059700
2 2 0.005680 0.289465 0.679971 0.000003 0.024881
2 2 0.002587 0.165570 0.788268 0.000458 0.043117
2 2 0.000829 0.081704 0.904343 0.000318 0.012807
2 2 0.004054 0.233553 0.702952 0.000119 0.059321
2 2 0.002844 0.200873 0.774401 0.000009 0.021872
2 2 0.003969 0.235250 0.717281 0.000028 0.043472
2 2 0.005224 0.304904 0.631338 0.000010 0.058524
2 2 0.003726 0.213417 0.737575 0.000109 0.045172
2 2 0.003169 0.267945 0.660221 0.000010 0.068655
2 2 0.007793 0.268674 0.623330 0.000794 0.099409
2 2 0.009710 0.370122 0.550920 0.000018 0.069230
2 2 0.010612 0.372586 0.557482 0.000016 0.059304
2 2 0.009408 0.358638 0.589989 0.000005 0.041960
2 2 0.002312 0.127619 0.850459 0.000519 0.019091
2 2 0.004343 0.236615 0.720997 0.000035 0.038010
2 2 0.017187 0.384143 0.526492 0.000073 0.072105
1 2 0.042361 0.489002 0.380156 0.000159 0.088323
2 2 0.072744 0.418604 0.460947 0.002703 0.045002
2 2 0.011429 0.353957 0.591021 0.000019 0.043574
1 2 0.111049 0.465285 0.337688 0.000318 0.085660
1 2 0.273636 0.487911 0.196356 0.001583 0.040514
1 2 0.164124 0.509658 0.267732 0.001473 0.057012
1 2 0.081335 0.512175 0.333808 0.000428 0.072254
1 0 0.248731 0.528879 0.163777 0.000563 0.058051
0 2 0.873613 0.082527 0.022851 0.000339 0.020670
1 0 0.250421 0.447149 0.130630 0.001050 0.170749
0 1 0.416692 0.310752 0.082642 0.000476 0.189437
1 1 0.171107 0.563252 0.161932 0.000337 0.103371
1 1 0.190421 0.543548 0.164973 0.000819 0.100239
1 1 0.109716 0.470030 0.215592 0.003580 0.201082
1 1 0.131839 0.584484 0.169603 0.000126 0.113947
1 1 0.161159 0.552171 0.163574 0.000619 0.122479
1 1 0.224656 0.484385 0.126646 0.000164 0.164150
1 1 0.166355 0.549387 0.171554 0.000705 0.111999
1 1 0.155813 0.572501 0.160578 0.000232 0.110876
1 2 0.238553 0.499270 0.158906 0.002077 0.101193
1 0 0.130164 0.551046 0.163557 0.000544 0.154689
1 1 0.214832 0.528319 0.165955 0.001356 0.089538
1 1 0.155371 0.550075 0.186726 0.000675 0.107153
1 1 0.093963 0.524735 0.203717 0.000689 0.176896
1 1 0.161626 0.584633 0.162489 0.000118 0.091134
1 1 0.178304 0.554434 0.183884 0.000444 0.082933
1 1 0.173973 0.537285 0.165882 0.001235 0.121625
1 1 0.089433 0.495107 0.337990 0.000234 0.077236
1 2 0.057997 0.471612 0.361638 0.001405 0.107348
1 1 0.077641 0.494905 0.249423 0.002387 0.175645
1 1 0.198414 0.510428 0.208024 0.001382 0.081752
1 0 0.153570 0.547349 0.218051 0.000560 0.080470
1 0 0.303571 0.413882 0.192128 0.002039 0.088381
0 1 0.444018 0.351501 0.104893 0.001373 0.098214
1 2 0.060800 0.533838 0.135664 0.000074 0.269624
4 2 0.065223 0.377103 0.123639 0.001257 0.432778
1 2 0.086852 0.456915 0.142296 0.002648 0.311290
1 2 0.080011 0.489534 0.304699 0.002525 0.123231
1 2 0.069858 0.485513 0.308972 0.002153 0.133504
2 2 0.057146 0.443394 0.471604 0.000110 0.027745
2 2 0.024608 0.422346 0.463567 0.000222 0.089257
1 2 0.073690 0.481530 0.393744 0.000391 0.050645
1 2 0.052701 0.469278 0.435143 0.000098 0.042780
2 2 0.039920 0.424757 0.447440 0.001288 0.086595
2 2 0.045893 0.420712 0.473065 0.000986 0.059345
2 2 0.054043 0.400850 0.513230 0.000585 0.031292
2 2 0.053411 0.449122 0.465874 0.000102 0.031492
2 2 0.030936 0.374241 0.556352 0.000349 0.038121
1 2 0.077380 0.467800 0.419874 0.000263 0.034683
1 1 0.051672 0.518886 0.396194 0.000009 0.033239
1 1 0.055252 0.470260 0.410207 0.000389 0.063891
1 1 0.080502 0.485593 0.401384 0.000130 0.032391
1 2 0.084695 0.446470 0.429963 0.001000 0.037873
1 2 0.131400 0.474283 0.353639 0.000463 0.040214
2 2 0.044767 0.427214 0.472197 0.000580 0.055242
1 2 0.091196 0.536516 0.286325 0.000192 0.085770
1 2 0.124573 0.554733 0.250646 0.000239 0.069810
2 2 0.083215 0.379258 0.500374 0.006381 0.030772
2 2 0.034726 0.357416 0.574194 0.000697 0.032968
2 2 0.050810 0.419382 0.505315 0.000115 0.024378
1 1 0.091002 0.436201 0.411049 0.005361 0.056388
1 1 0.065176 0.456597 0.438487 0.000312 0.039427
1 2 0.059626 0.484381 0.407406 0.000149 0.048438
1 2 0.054504 0.465644 0.437054 0.000147 0.042651
1 2 0.099968 0.464208 0.366318 0.003736 0.065770
1 2 0.134512 0.461486 0.363293 0.000862 0.039847
1 2 0.124782 0.485830 0.362416 0.000276 0.026697
1 2 0.097645 0.484193 0.373054 0.000621 0.044486
2 2 0.058004 0.446214 0.459405 0.000214 0.036162
2 2 0.051923 0.381499 0.543002 0.000392 0.023184
2 2 0.117269 0.424805 0.427302 0.002595 0.028029
1 1 0.048209 0.480187 0.429133 0.000054 0.042417
1 2 0.064656 0.493927 0.397767 0.000105 0.043544
1 2 0.088098 0.454742 0.398304 0.002473 0.056383
1 2 0.055501 0.470224 0.422937 0.000220 0.051118
1 0 0.136895 0.532798 0.261195 0.000300 0.068812
0 0 0.752228 0.169227 0.049661 0.000657 0.028226
0 1 0.396637 0.276477 0.083550 0.004466 0.238871
1 0 0.170773 0.531163 0.131210 0.000055 0.166799
0 1 0.928368 0.042318 0.011343 0.000279 0.017691
1 0 0.120973 0.405586 0.123089 0.002637 0.347715
0 1 0.933486 0.027511 0.007699 0.001220 0.030083
0 1 0.532747 0.230214 0.060327 0.000496 0.176215
1 1 0.289345 0.433777 0.138969 0.003766 0.134143
1 1 0.214513 0.536600 0.163242 0.000778 0.084868
0 1 0.558063 0.319034 0.082248 0.000073 0.040582
1 1 0.094895 0.540501 0.129768 0.000035 0.234802
1 1 0.096792 0.526746 0.152641 0.000611 0.223209
1 1 0.069335 0.435116 0.164078 0.006443 0.325029
1 1 0.126051 0.463965 0.150976 0.000510 0.258498
1 1 0.172784 0.571912 0.159105 0.000188 0.096011
1 1 0.141320 0.537569 0.212427 0.001108 0.107576
1 1 0.141270 0.548619 0.188961 0.000720 0.120430
1 1 0.159249 0.401948 0.124967 0.004046 0.309790
0 1 0.425842 0.327353 0.107280 0.007929 0.131597
1 1 0.102743 0.568294 0.152827 0.000151 0.175985
1 1 0.267714 0.460059 0.129976 0.000532 0.141719
1 1 0.278474 0.481229 0.135847 0.000382 0.104068
1 1 0.107704 0.567039 0.154250 0.000180 0.170827
1 4 0.241051 0.463950 0.206319 0.007001 0.081680
1 1 0.093235 0.510800 0.254080 0.001890 0.139995
1 1 0.230301 0.545575 0.160035 0.000344 0.063745
1 1 0.183943 0.522229 0.222436 0.001454 0.069937
1 1 0.205888 0.540415 0.162973 0.000701 0.090023
1 1 0.138524 0.532738 0.209289 0.001426 0.118022
1 1 0.176468 0.524361 0.149700 0.000468 0.149003
1 1 0.337304 0.404670 0.113349 0.000593 0.144084
1 1 0.213344 0.461479 0.273436 0.007093 0.044648
1 1 0.266267 0.408696 0.265641 0.008955 0.050440
1 1 0.368650 0.429604 0.130312 0.000989 0.070444
1 1 0.295485 0.473660 0.132731 0.000336 0.097789
1 1 0.138518 0.528284 0.178851 0.001697 0.152650
1 1 0.245929 0.454772 0.176043 0.001195 0.122061
1 1 0.086484 0.596977 0.145817 0.000029 0.170692
0 1 0.599906 0.261695 0.071001 0.000314 0.067083
1 1 0.049218 0.495712 0.334563 0.000386 0.120121
1 1 0.193202 0.526687 0.171444 0.001867 0.106800
1 0 0.070751 0.524220 0.282727 0.000451 0.121852
0 0 0.684247 0.220380 0.065787 0.000698 0.028889
0 1 0.574233 0.259289 0.066426 0.000191 0.099861
1 1 0.410657 0.437017 0.094547 0.000005 0.057774
1 1 0.209982 0.533338 0.154475 0.000436 0.101769
1 1 0.300080 0.464295 0.136809 0.000744 0.098073
1 1 0.271704 0.462519 0.138486 0.000658 0.126633
1 1 0.160517 0.591270 0.157421 0.000085 0.090706
1 1 0.147077 0.562079 0.161398 0.000378 0.129068
1 1 0.180125 0.571179 0.160520 0.000206 0.087969
0 1 0.467090 0.336738 0.094336 0.000570 0.101266
1 1 0.271723 0.487382 0.116318 0.000034 0.124543
1 1 0.290171 0.488607 0.126037 0.000089 0.095096
1 1 0.153519 0.578010 0.152270 0.000091 0.116110
1 1 0.258874 0.517086 0.146445 0.000271 0.077323
1 1 0.133948 0.508518 0.137222 0.000252 0.220060
1 1 0.174600 0.480151 0.220658 0.003343 0.121248
1 1 0.072078 0.582355 0.258557 0.000031 0.086979
1 2 0.086147 0.500682 0.336774 0.000862 0.075535
2 2 0.037398 0.421342 0.459068 0.000976 0.081216
2 2 0.039440 0.387315 0.516452 0.001599 0.055194
2 2 0.023322 0.389317 0.530178 0.000157 0.057025
1 2 0.055164 0.503072 0.380294 0.000108 0.061362
1 2 0.043383 0.477615 0.414059 0.000125 0.064818
2 2 0.050383 0.417289 0.482541 0.000937 0.048850
2 2 0.034613 0.447967 0.468976 0.000065 0.048379
1 2 0.146203 0.521867 0.249087 0.000140 0.082703
1 2 0.176542 0.541045 0.213185 0.000618 0.068611
1 2 0.110017 0.535574 0.297418 0.000242 0.056750
1 2 0.151359 0.578309 0.213095 0.000080 0.057157
2 2 0.035841 0.390315 0.542454 0.000185 0.031205
0 2 0.369525 0.342734 0.236584 0.004513 0.046645
2 1 0.147477 0.315803 0.437704 0.037783 0.061233
0 2 0.405950 0.199778 0.295028 0.046615 0.052628
0 2 0.725176 0.132242 0.072852 0.010548 0.059182
0 2 0.610976 0.186684 0.136149 0.012707 0.053484
0 1 0.887116 0.038568 0.016403 0.006992 0.050921
0 2 0.946028 0.025328 0.006838 0.000526 0.021280
0 2 0.851095 0.085471 0.026518 0.001432 0.035484
0 2 0.720960 0.176784 0.054591 0.002208 0.045457
0 1 0.475370 0.284139 0.174743 0.006131 0.059618
0 2 0.473065 0.348828 0.135230 0.002595 0.040283
0 2 0.318404 0.305549 0.259305 0.045935 0.070808
0 2 0.703102 0.147342 0.106346 0.005372 0.037839
0 2 0.827718 0.048701 0.095770 0.006631 0.021180
0 2 0.561140 0.178823 0.154157 0.034751 0.071129
0 2 0.904281 0.029345 0.029413 0.007379 0.029582
0 2 0.938283 0.026312 0.021925 0.000786 0.012693
0 2 0.860862 0.047942 0.064368 0.004817 0.022010
0 2 0.879509 0.043513 0.048290 0.004475 0.024214
0 2 0.693158 0.078012 0.191682 0.012367 0.024781
0 2 0.546209 0.159650 0.231465 0.021677 0.040999
2 2 0.228841 0.126138 0.395577 0.190185 0.059259
2 2 0.304974 0.281446 0.346543 0.007729 0.059308
3 2 0.261698 0.047754 0.275255 0.356680 0.058612
0 2 0.322760 0.303958 0.291042 0.026095 0.056146
1 2 0.227920 0.338029 0.297719 0.013399 0.122933
1 2 0.348870 0.349941 0.256957 0.004931 0.039301
2 2 0.017080 0.175882 0.777104 0.017177 0.012757
2 2 0.034670 0.120735 0.775285 0.054076 0.015233
1 2 0.251890 0.338912 0.301074 0.004602 0.103521
2 2 0.181579 0.291143 0.460161 0.004854 0.062263
1 2 0.112669 0.450670 0.318782 0.001746 0.116133
0 2 0.727595 0.149860 0.065679 0.005225 0.051641
0 2 0.786873 0.145617 0.043476 0.000451 0.023584
0 0 0.633521 0.230400 0.090565 0.002744 0.042771
0 0 0.888080 0.058377 0.019677 0.001464 0.032403
0 0 0.913099 0.039055 0.011182 0.001598 0.035065
0 0 0.780822 0.090376 0.058969 0.013216 0.056616
0 0 0.851487 0.066262 0.020209 0.004760 0.057282
0 1 0.977243 0.009481 0.002353 0.000137 0.010786
0 1 0.934926 0.020764 0.005888 0.002158 0.036264
0 1 0.642026 0.182345 0.064844 0.014646 0.096139
0 1 0.783746 0.115541 0.038365 0.004703 0.057644
0 1 0.587618 0.188131 0.120823 0.000884 0.102543
1 1 0.146056 0.474889 0.220390 0.008369 0.150296
0 1 0.424510 0.318533 0.111361 0.012171 0.133425
1 2 0.310014 0.450231 0.149219 0.004129 0.086406
1 1 0.183784 0.481076 0.231748 0.009095 0.094297
0 0 0.575699 0.288102 0.091421 0.002013 0.042766
0 1 0.678915 0.191309 0.061450 0.005172 0.063154
0 1 0.599676 0.195070 0.066302 0.021216 0.117735
