0 0 0.982551 0.004444 0.000627 0.000012 0.012366
0 0 0.980554 0.005424 0.000807 0.000023 0.013192
0 0 0.933811 0.013912 0.002185 0.000014 0.050078
0 0 0.972418 0.010753 0.001820 0.000035 0.014974
0 0 0.975197 0.008223 0.001291 0.000018 0.015270
0 0 0.939720 0.013196 0.002103 0.000022 0.044959
0 0 0.939959 0.026168 0.005020 0.000049 0.028804
0 0 0.642624 0.119829 0.025896 0.000012 0.211640
1 0 0.016631 0.520507 0.411698 0.000045 0.051120
2 1 0.021408 0.425003 0.507342 0.004955 0.041292
2 1 0.033260 0.367328 0.532382 0.021620 0.045411
2 1 0.021222 0.223642 0.704930 0.036196 0.014010
2 1 0.014905 0.239934 0.706012 0.021252 0.017897
2 2 0.005310 0.123384 0.845869 0.019732 0.005705
2 2 0.009102 0.190270 0.775542 0.014429 0.010657
2 2 0.002360 0.093261 0.854042 0.039216 0.011121
2 2 0.001110 0.036878 0.944556 0.016832 0.000625
2 2 0.000368 0.012184 0.960993 0.026359 0.000096
2 2 0.000067 0.002702 0.960495 0.036728 0.000008
2 2 0.000037 0.001169 0.869974 0.128815 0.000004
2 2 0.000076 0.002160 0.897541 0.100214 0.000010
2 2 0.000606 0.017833 0.966770 0.014700 0.000090
2 3 0.000129 0.002705 0.836878 0.160272 0.000017
2 3 0.000140 0.004690 0.959009 0.036142 0.000019
2 3 0.002484 0.021263 0.764002 0.211858 0.000393
2 3 0.000274 0.003778 0.511857 0.483988 0.000104
2 3 0.000595 0.008028 0.751062 0.240185 0.000129
2 3 0.000571 0.006956 0.697017 0.295348 0.000109
3 3 0.000394 0.004923 0.448269 0.546209 0.000205
2 3 0.003034 0.018242 0.540741 0.437376 0.000608
3 3 0.001949 0.014767 0.343470 0.638237 0.001577
3 3 0.001263 0.005616 0.152575 0.839963 0.000583
3 3 0.000298 0.001742 0.092023 0.905707 0.000230
3 3 0.000730 0.004833 0.139560 0.853976 0.000901
3 3 0.000490 0.002395 0.092206 0.904582 0.000327
3 3 0.000083 0.000578 0.063241 0.936029 0.000068
3 3 0.000421 0.002051 0.082392 0.914838 0.000299
3 3 0.000008 0.000074 0.034012 0.965900 0.000005
3 3 0.000045 0.000251 0.034690 0.964985 0.000029
3 3 0.000033 0.000193 0.027413 0.972334 0.000027
3 3 0.000110 0.000489 0.028938 0.970357 0.000105
3 3 0.000054 0.000288 0.020697 0.978875 0.000086
3 3 0.000003 0.000022 0.014560 0.985413 0.000002
3 3 0.000020 0.000117 0.019362 0.980482 0.000020
3 3 0.000011 0.000061 0.014313 0.985606 0.000009
3 3 0.000006 0.000043 0.019824 0.980123 0.000004
3 3 0.000120 0.000434 0.019818 0.979506 0.000123
3 3 0.000044 0.000164 0.012268 0.987479 0.000045
3 3 0.000009 0.000057 0.016708 0.983218 0.000007
3 3 0.000017 0.000080 0.012402 0.987485 0.000016
3 3 0.000013 0.000068 0.012795 0.987113 0.000012
3 3 0.000022 0.000114 0.016367 0.983477 0.000020
3 3 0.000034 0.000138 0.011820 0.987971 0.000037
3 3 0.000036 0.000164 0.019470 0.980302 0.000027
3 3 0.000056 0.000211 0.015345 0.984338 0.000050
3 3 0.000019 0.000068 0.006148 0.993739 0.000025
3 3 0.000001 0.000009 0.005912 0.994076 0.000001
3 3 0.000023 0.000100 0.011931 0.987924 0.000022
3 3 0.000002 0.000012 0.004936 0.995048 0.000002
3 3 0.000003 0.000021 0.008775 0.991198 0.000003
3 3 0.000076 0.000226 0.007981 0.991593 0.000124
3 3 0.000002 0.000014 0.005731 0.994249 0.000003
3 3 0.000025 0.000086 0.007208 0.992652 0.000029
3 3 0.000041 0.000125 0.007290 0.992493 0.000050
3 3 0.000013 0.000054 0.007337 0.992581 0.000015
3 3 0.000007 0.000033 0.006765 0.993186 0.000008
3 3 0.000007 0.000032 0.006213 0.993739 0.000008
3 3 0.000005 0.000020 0.003527 0.996441 0.000008
3 3 0.000017 0.000075 0.010381 0.989511 0.000017
3 3 0.000003 0.000016 0.006575 0.993404 0.000003
3 3 0.000001 0.000006 0.004773 0.995219 0.000001
3 3 0.000002 0.000012 0.006667 0.993317 0.000002
3 3 0.000002 0.000013 0.006366 0.993617 0.000002
3 3 0.000006 0.000025 0.004714 0.995247 0.000008
3 3 0.000033 0.000103 0.006841 0.992983 0.000041
3 3 0.000007 0.000028 0.004867 0.995090 0.000008
3 3 0.000004 0.000017 0.002614 0.997358 0.000008
3 3 0.000004 0.000017 0.003687 0.996286 0.000006
3 3 0.000003 0.000012 0.003455 0.996527 0.000004
3 3 0.000010 0.000043 0.006671 0.993264 0.000012
3 3 0.000030 0.000091 0.005495 0.994342 0.000043
3 3 0.000020 0.000066 0.005366 0.994521 0.000027
3 3 0.000008 0.000035 0.007101 0.992849 0.000008
3 3 0.000005 0.000021 0.004238 0.995730 0.000006
3 3 0.000001 0.000005 0.004851 0.995142 0.000001
3 3 0.000033 0.000103 0.006676 0.993146 0.000042
3 3 0.000002 0.000010 0.004296 0.995691 0.000002
3 3 0.000001 0.000008 0.005873 0.994117 0.000001
3 3 0.000062 0.000177 0.007705 0.991977 0.000079
3 3 0.000000 0.000002 0.003777 0.996221 0.000000
3 3 0.000002 0.000011 0.005790 0.994196 0.000002
3 3 0.000005 0.000023 0.005868 0.994099 0.000005
3 3 0.000002 0.000007 0.001929 0.998059 0.000003
3 3 0.000002 0.000010 0.002641 0.997343 0.000004
3 3 0.000001 0.000004 0.003886 0.996108 0.000001
3 3 0.000113 0.000422 0.025096 0.974287 0.000082
3 3 0.000739 0.002850 0.084474 0.911544 0.000393
3 3 0.000026 0.000216 0.060979 0.938766 0.000014
3 3 0.000167 0.001016 0.091584 0.907148 0.000085
3 3 0.004071 0.019722 0.370798 0.604158 0.001251
3 3 0.001330 0.006116 0.200717 0.791385 0.000452
3 3 0.000198 0.001035 0.076691 0.921974 0.000101
3 3 0.000043 0.000377 0.133522 0.866047 0.000012
3 3 0.000446 0.003590 0.432366 0.563522 0.000076
3 3 0.000024 0.000249 0.104032 0.895685 0.000010
3 3 0.001358 0.007606 0.217258 0.773026 0.000751
2 3 0.002717 0.019644 0.659121 0.318031 0.000487
2 3 0.001349 0.011381 0.580990 0.405953 0.000327
2 3 0.004628 0.050203 0.711644 0.229958 0.003566
2 3 0.011077 0.090803 0.615451 0.271824 0.010845
2 3 0.003037 0.052729 0.735925 0.201813 0.006496
2 3 0.008285 0.171673 0.768958 0.033596 0.017487
2 3 0.014398 0.338104 0.603461 0.007670 0.036367
2 3 0.004996 0.197831 0.716394 0.027125 0.053654
2 3 0.028251 0.278241 0.631483 0.036809 0.025215
2 3 0.018987 0.202005 0.637921 0.105116 0.035971
2 3 0.013037 0.264470 0.655802 0.023443 0.043249
2 2 0.005029 0.203546 0.720158 0.007091 0.064175
2 2 0.015848 0.394664 0.517718 0.006228 0.065542
2 2 0.007389 0.302602 0.609154 0.007977 0.072878
2 2 0.013382 0.333526 0.566263 0.012302 0.074526
2 2 0.022713 0.418718 0.500559 0.006879 0.051132
2 2 0.006633 0.128627 0.819528 0.036030 0.009182
2 2 0.013702 0.150652 0.783963 0.045018 0.006665
2 2 0.000084 0.005030 0.985114 0.009757 0.000015
2 2 0.000073 0.006164 0.989080 0.004664 0.000019
2 2 0.000186 0.005388 0.943258 0.051140 0.000029
2 2 0.003767 0.059895 0.913974 0.021735 0.000629
2 2 0.000489 0.016520 0.971885 0.011034 0.000072
2 2 0.003092 0.080575 0.910679 0.005045 0.000609
2 2 0.013421 0.250028 0.719283 0.007879 0.009389
2 2 0.010429 0.132418 0.821409 0.030592 0.005151
2 2 0.005911 0.104685 0.875445 0.012031 0.001928
2 2 0.002945 0.040684 0.910708 0.045184 0.000478
2 2 0.000991 0.035051 0.948731 0.014688 0.000539
2 2 0.018494 0.063247 0.911845 0.003924 0.002489
2 2 0.011078 0.262473 0.713873 0.004204 0.008373
2 2 0.017375 0.152880 0.792168 0.034245 0.003332
2 2 0.030681 0.146872 0.808316 0.002867 0.011264
2 2 0.011279 0.193131 0.775620 0.013097 0.006873
2 2 0.003354 0.021280 0.933681 0.041393 0.000292
2 2 0.023898 0.050511 0.918898 0.005117 0.001576
2 2 0.003937 0.057487 0.909823 0.028097 0.000656
2 2 0.005128 0.033617 0.949276 0.011423 0.000555
2 2 0.000179 0.010325 0.980923 0.008519 0.000054
2 2 0.002303 0.020297 0.958904 0.018299 0.000196
2 2 0.017646 0.146286 0.765495 0.064765 0.005808
2 2 0.001500 0.043018 0.908288 0.045401 0.001793
2 2 0.009756 0.098046 0.871812 0.015600 0.004785
2 2 0.002572 0.065755 0.901870 0.027634 0.002169
2 2 0.031499 0.320330 0.539844 0.048564 0.059764
2 2 0.023876 0.383652 0.520737 0.012765 0.058969
2 2 0.023705 0.354713 0.522354 0.009493 0.089735
1 2 0.063708 0.434527 0.379639 0.003040 0.119085
2 2 0.023488 0.418083 0.515449 0.005777 0.037202
2 2 0.005265 0.274778 0.677159 0.003766 0.039031
2 2 0.012855 0.156783 0.786390 0.031734 0.012239
2 2 0.023295 0.323657 0.608085 0.003449 0.041514
1 2 0.155003 0.418623 0.163422 0.000836 0.262116
1 2 0.084562 0.383985 0.179296 0.009150 0.343007
2 2 0.018017 0.451724 0.470185 0.003403 0.056672
2 2 0.023221 0.334443 0.574489 0.021431 0.046416
2 2 0.024796 0.255167 0.677644 0.010185 0.032208
2 2 0.040867 0.433510 0.452953 0.015112 0.057558
2 2 0.012532 0.380232 0.578048 0.002572 0.026616
2 2 0.007791 0.107617 0.867715 0.010587 0.006289
1 2 0.091074 0.500619 0.222015 0.001696 0.184596
1 2 0.085430 0.474490 0.210008 0.002515 0.227556
1 2 0.041996 0.506136 0.305838 0.005750 0.140279
1 2 0.051929 0.521424 0.262318 0.003851 0.160478
1 2 0.241517 0.331104 0.110347 0.000640 0.316392
1 2 0.224862 0.363729 0.129821 0.001139 0.280450
1 2 0.046943 0.560826 0.285713 0.001102 0.105416
1 2 0.038483 0.554241 0.312200 0.004022 0.091054
1 2 0.078310 0.434764 0.410156 0.010440 0.066329
1 2 0.045177 0.457425 0.437983 0.011588 0.047828
1 2 0.098823 0.395247 0.173027 0.001977 0.330926
1 2 0.192770 0.449223 0.187478 0.007140 0.163388
1 2 0.049689 0.523063 0.275997 0.009099 0.142152
1 2 0.128241 0.492593 0.214090 0.002934 0.162142
4 2 0.159517 0.277165 0.113311 0.001169 0.448838
4 2 0.124589 0.354880 0.149152 0.005892 0.365488
1 2 0.040661 0.529231 0.284544 0.006447 0.139117
1 2 0.071185 0.502380 0.323465 0.016829 0.086141
1 1 0.154957 0.446183 0.279571 0.001085 0.118204
1 1 0.102781 0.497199 0.220561 0.002547 0.176912
1 1 0.138496 0.408273 0.174503 0.001162 0.277565
1 1 0.134766 0.440889 0.174750 0.001198 0.248396
1 1 0.095939 0.500286 0.225111 0.002745 0.175919
1 1 0.101115 0.503973 0.223976 0.002142 0.168794
0 1 0.641149 0.090887 0.021956 0.000298 0.245710
0 0 0.968985 0.011566 0.002036 0.000095 0.017319
1 0 0.282351 0.429503 0.170850 0.004708 0.112587
1 0 0.219076 0.490808 0.187058 0.000250 0.102808
1 0 0.184352 0.445014 0.305314 0.009048 0.056272
1 0 0.268420 0.460862 0.173126 0.000437 0.097156
1 0 0.250242 0.481081 0.187316 0.000493 0.080867
1 0 0.262766 0.444638 0.173427 0.001944 0.117225
0 0 0.624223 0.177871 0.049898 0.000874 0.147133
0 0 0.603929 0.190449 0.054704 0.001094 0.149824
0 0 0.372425 0.352084 0.120796 0.001197 0.153498
1 0 0.321880 0.329594 0.108022 0.000691 0.239812
0 0 0.633539 0.151559 0.038641 0.000218 0.176044
0 0 0.533292 0.207957 0.064652 0.002705 0.191394
0 0 0.727412 0.096978 0.021967 0.000096 0.153547
0 0 0.973622 0.009907 0.001688 0.000060 0.014723
0 0 0.981599 0.005989 0.000952 0.000063 0.011397
0 0 0.969204 0.009502 0.001571 0.000058 0.019666
0 0 0.783763 0.086614 0.019423 0.000084 0.110115
0 0 0.497928 0.215666 0.064953 0.002298 0.219155
1 0 0.201958 0.457129 0.180167 0.001577 0.159168
1 0 0.328868 0.367851 0.122684 0.000394 0.180203
0 0 0.627195 0.153135 0.038906 0.000159 0.180605
0 0 0.455590 0.189102 0.056807 0.000259 0.298243
0 0 0.582700 0.204663 0.058897 0.000744 0.152997
1 0 0.271182 0.332374 0.120922 0.002916 0.272605
1 0 0.251808 0.431223 0.157686 0.000625 0.158658
0 0 0.365227 0.362042 0.121124 0.000477 0.151131
0 0 0.805436 0.078375 0.018128 0.000273 0.097788
0 0 0.764534 0.101700 0.024525 0.000248 0.108994
0 0 0.546069 0.203908 0.053393 0.000077 0.196554
1 0 0.317722 0.351203 0.109196 0.000099 0.221779
0 0 0.672643 0.160059 0.038414 0.000022 0.128862
0 0 0.565038 0.186289 0.050049 0.000277 0.198348
0 0 0.958779 0.012441 0.002046 0.000025 0.026710
0 0 0.981678 0.006623 0.001066 0.000047 0.010586
0 0 0.963201 0.013844 0.002572 0.000229 0.020153
0 0 0.978932 0.008659 0.001405 0.000017 0.010986
0 0 0.973236 0.008487 0.001303 0.000010 0.016964
0 0 0.978108 0.006755 0.001089 0.000061 0.013987
0 0 0.937777 0.023350 0.004175 0.000018 0.034680
0 0 0.861978 0.037841 0.007194 0.000014 0.092973
0 0 0.397690 0.349155 0.119397 0.001080 0.132678
1 0 0.099000 0.517211 0.218464 0.000421 0.164904
1 0 0.045479 0.446733 0.202240 0.001060 0.304488
4 0 0.024385 0.248025 0.113769 0.000172 0.613648
1 0 0.025258 0.439518 0.195832 0.000103 0.339289
4 0 0.010465 0.393254 0.175505 0.000010 0.420766
1 0 0.074610 0.495150 0.204002 0.000176 0.226063
1 1 0.027080 0.485433 0.239462 0.000677 0.247348
1 1 0.170440 0.444360 0.166450 0.000463 0.218286
4 1 0.028660 0.233237 0.099104 0.000118 0.638881
4 1 0.040852 0.202091 0.096067 0.000464 0.660527
4 1 0.017404 0.358321 0.199381 0.002195 0.422699
1 1 0.017311 0.427082 0.222441 0.000310 0.332857
1 1 0.006150 0.422484 0.237893 0.000336 0.333137
4 1 0.034322 0.367874 0.184726 0.000649 0.412429
1 1 0.038286 0.430903 0.181501 0.000125 0.349185
4 1 0.003791 0.205697 0.127849 0.000551 0.662112
4 1 0.049157 0.109350 0.046441 0.000139 0.794913
4 1 0.231835 0.130046 0.042041 0.000113 0.595965
4 1 0.306961 0.211213 0.057801 0.000115 0.423911
1 1 0.006279 0.518323 0.304424 0.000108 0.170867
1 1 0.055104 0.518937 0.232849 0.000326 0.192783
2 1 0.008839 0.396878 0.529870 0.002242 0.062172
2 1 0.005525 0.437527 0.466094 0.000601 0.090254
2 1 0.002061 0.237104 0.715360 0.001836 0.043639
2 1 0.001239 0.190117 0.768139 0.002261 0.038244
2 1 0.001004 0.056341 0.934802 0.006415 0.001438
2 1 0.000119 0.023567 0.970675 0.004606 0.001033
2 1 0.000143 0.014703 0.982289 0.002725 0.000140
2 2 0.000022 0.006939 0.992231 0.000769 0.000039
2 2 0.000012 0.004943 0.994510 0.000515 0.000021
2 2 0.000030 0.011407 0.987941 0.000521 0.000101
2 2 0.000010 0.002391 0.995988 0.001605 0.000005
2 2 0.000092 0.016464 0.982613 0.000563 0.000268
2 2 0.000115 0.014150 0.983003 0.002616 0.000117
2 2 0.000314 0.021513 0.975345 0.002595 0.000233
2 2 0.000395 0.013729 0.952592 0.033109 0.000175
2 2 0.000249 0.052210 0.946330 0.000446 0.000765
2 2 0.000084 0.004635 0.978900 0.016363 0.000019
2 2 0.000021 0.002191 0.989190 0.008592 0.000006
2 2 0.000545 0.008871 0.936095 0.054424 0.000065
2 2 0.000077 0.004994 0.984864 0.010049 0.000017
2 2 0.000091 0.004315 0.978851 0.016730 0.000012
2 2 0.000004 0.000398 0.974973 0.024625 0.000001
2 2 0.033200 0.159676 0.774669 0.025650 0.006807
2 2 0.016644 0.208251 0.750934 0.017535 0.006636
2 2 0.000854 0.037069 0.959177 0.002692 0.000208
2 2 0.000269 0.009009 0.970798 0.019887 0.000038
2 2 0.000800 0.063706 0.932146 0.002212 0.001136
2 2 0.003221 0.052084 0.934331 0.009594 0.000771
2 2 0.006055 0.053189 0.905744 0.033947 0.001065
2 2 0.001823 0.047388 0.920197 0.029326 0.001266
2 2 0.000938 0.032221 0.947022 0.019079 0.000740
2 2 0.002286 0.046974 0.920891 0.029036 0.000813
2 2 0.000260 0.004734 0.588722 0.406128 0.000156
2 2 0.001989 0.021626 0.844977 0.131100 0.000309
2 2 0.000363 0.005523 0.762337 0.231712 0.000065
2 2 0.000454 0.009108 0.930090 0.060268 0.000080
2 2 0.005425 0.028427 0.742769 0.220930 0.002449
2 2 0.002164 0.024038 0.731450 0.241463 0.000886
2 2 0.014004 0.081171 0.741948 0.160386 0.002491
2 2 0.005932 0.041360 0.814738 0.136829 0.001141
2 2 0.000377 0.007386 0.871850 0.120307 0.000080
2 2 0.001140 0.008837 0.780235 0.209656 0.000133
2 2 0.002601 0.021528 0.707326 0.267981 0.000563
2 2 0.002478 0.019734 0.697510 0.279830 0.000449
2 2 0.002629 0.018949 0.680162 0.297843 0.000417
2 2 0.000699 0.006865 0.628689 0.363623 0.000124
3 2 0.000214 0.002090 0.236583 0.760999 0.000115
3 2 0.001387 0.010161 0.377401 0.610437 0.000614
3 3 0.006456 0.044228 0.437918 0.504643 0.006755
3 3 0.003948 0.029799 0.449798 0.513047 0.003408
3 3 0.000979 0.004791 0.148531 0.845084 0.000615
3 3 0.005611 0.036072 0.336342 0.614358 0.007616
3 3 0.001432 0.007417 0.180941 0.809286 0.000925
3 3 0.000817 0.005195 0.237804 0.755812 0.000371
3 3 0.004160 0.025519 0.375354 0.588300 0.006668
3 3 0.000112 0.001024 0.148864 0.849935 0.000065
3 3 0.045018 0.082621 0.399142 0.455148 0.018070
2 3 0.210060 0.097758 0.380416 0.286643 0.025123
2 3 0.026326 0.182148 0.740011 0.046539 0.004975
2 3 0.003069 0.035692 0.720048 0.238248 0.002944
2 3 0.000707 0.013095 0.847800 0.138145 0.000253
2 3 0.000295 0.004896 0.811800 0.182966 0.000044
2 3 0.004031 0.054748 0.807494 0.130750 0.002977
2 3 0.003157 0.021083 0.513177 0.461512 0.001071
3 3 0.000255 0.005083 0.393811 0.600254 0.000597
3 3 0.000209 0.002060 0.206190 0.791390 0.000151
3 3 0.001425 0.011014 0.333968 0.652600 0.000994
2 3 0.010590 0.036820 0.578013 0.368857 0.005719
3 3 0.002876 0.019133 0.245006 0.728509 0.004475
3 3 0.000291 0.003082 0.242517 0.753859 0.000252
3 3 0.004181 0.035545 0.351244 0.599676 0.009355
3 3 0.000491 0.004178 0.186699 0.808079 0.000553
3 3 0.005129 0.023810 0.188797 0.775374 0.006891
3 3 0.001274 0.007974 0.205667 0.784000 0.001085
3 3 0.000350 0.002144 0.099037 0.898148 0.000321
3 3 0.000502 0.002749 0.099394 0.896918 0.000437
3 3 0.000059 0.000405 0.053088 0.946403 0.000045
3 3 0.000901 0.007108 0.182100 0.808430 0.001462
3 3 0.000255 0.001564 0.094122 0.903871 0.000188
3 3 0.000019 0.000182 0.048002 0.951779 0.000019
3 3 0.000994 0.004497 0.060506 0.931885 0.002118
3 3 0.002380 0.006984 0.052111 0.934947 0.003578
3 3 0.000136 0.000486 0.019468 0.979759 0.000151
3 3 0.000013 0.000063 0.011602 0.988310 0.000012
3 3 0.000056 0.000189 0.010937 0.988755 0.000062
3 3 0.000014 0.000073 0.012450 0.987449 0.000014
3 3 0.000170 0.000830 0.066688 0.932232 0.000080
3 3 0.000880 0.002991 0.070603 0.925024 0.000502
3 3 0.000618 0.004167 0.219245 0.775678 0.000293
3 3 0.001087 0.006144 0.264991 0.727435 0.000343
3 3 0.005749 0.036232 0.370675 0.581592 0.005753
3 3 0.003166 0.017242 0.263147 0.714153 0.002293
3 3 0.001049 0.004665 0.144443 0.849382 0.000461
3 3 0.000300 0.002303 0.195673 0.801579 0.000144
3 3 0.000508 0.003040 0.145371 0.850777 0.000304
3 3 0.000060 0.000483 0.079284 0.920134 0.000039
3 3 0.000793 0.002669 0.069912 0.926211 0.000415
3 3 0.000074 0.000509 0.051069 0.948272 0.000075
3 3 0.001086 0.008659 0.268556 0.720682 0.001017
3 3 0.005491 0.027248 0.298665 0.664846 0.003750
3 3 0.000750 0.003165 0.106474 0.889251 0.000359
3 3 0.002485 0.010786 0.137152 0.847131 0.002447
4 3 0.110089 0.085380 0.159894 0.183945 0.460692
3 3 0.064167 0.231441 0.156862 0.285649 0.261880
2 3 0.020703 0.115346 0.534680 0.314205 0.015066
3 3 0.002118 0.017501 0.292884 0.684100 0.003397
2 3 0.000177 0.002729 0.583778 0.413270 0.000046
2 3 0.001185 0.012223 0.767549 0.218865 0.000178
2 3 0.001378 0.014292 0.788139 0.195981 0.000210
2 3 0.000138 0.002124 0.666035 0.331683 0.000019
2 3 0.001337 0.016006 0.795686 0.186674 0.000297
2 3 0.003673 0.036856 0.922767 0.035977 0.000727
2 3 0.000939 0.014223 0.879176 0.105493 0.000169
2 3 0.000285 0.008064 0.919679 0.071888 0.000084
2 3 0.000174 0.005826 0.936496 0.057456 0.000048
2 3 0.000003 0.000403 0.862121 0.137468 0.000006
2 3 0.002199 0.025098 0.527642 0.440824 0.004236
2 3 0.012026 0.084827 0.661795 0.235240 0.006112
2 3 0.023573 0.138066 0.739868 0.094119 0.004374
2 3 0.011827 0.271937 0.706129 0.003321 0.006785
2 3 0.000048 0.003682 0.990824 0.005440 0.000006
2 3 0.000152 0.005405 0.967174 0.027248 0.000020
2 3 0.001237 0.025512 0.947049 0.026011 0.000191
2 3 0.000685 0.023568 0.968163 0.007481 0.000104
2 3 0.002295 0.039219 0.930472 0.027646 0.000369
2 3 0.004525 0.076529 0.902465 0.015633 0.000848
2 3 0.067250 0.364133 0.539182 0.000696 0.028739
2 3 0.027744 0.450015 0.502252 0.002721 0.017269
2 3 0.015040 0.294274 0.685139 0.001952 0.003595
2 3 0.006622 0.099389 0.874249 0.018254 0.001487
2 3 0.008850 0.175623 0.808114 0.005002 0.002410
2 3 0.008421 0.247825 0.737018 0.002024 0.004713
2 3 0.000240 0.017211 0.981061 0.001453 0.000035
2 3 0.000077 0.006320 0.990960 0.002634 0.000010
2 3 0.000296 0.021560 0.976977 0.001124 0.000044
2 3 0.000325 0.017534 0.979055 0.003038 0.000048
2 3 0.002219 0.022808 0.906933 0.067730 0.000309
2 3 0.005344 0.217918 0.774475 0.000616 0.001646
1 3 0.301584 0.398951 0.185389 0.002576 0.111500
1 3 0.042321 0.556397 0.305837 0.004472 0.090972
2 3 0.001909 0.108081 0.886993 0.001588 0.001429
2 3 0.004463 0.151209 0.840063 0.002345 0.001920
2 3 0.000330 0.011852 0.973946 0.013822 0.000051
2 3 0.000099 0.003928 0.968439 0.027521 0.000013
2 3 0.000145 0.006325 0.979522 0.013988 0.000020
2 3 0.000034 0.001961 0.978390 0.019612 0.000004
2 3 0.000018 0.001131 0.965121 0.033727 0.000003
2 3 0.000235 0.009845 0.979311 0.010576 0.000034
2 3 0.000013 0.000881 0.971955 0.027149 0.000001
2 3 0.000083 0.002562 0.923128 0.074216 0.000011
2 2 0.000012 0.000922 0.981759 0.017306 0.000001
2 2 0.000005 0.001074 0.992841 0.006077 0.000003
2 2 0.000521 0.011471 0.775223 0.212365 0.000420
2 2 0.002403 0.049782 0.941743 0.004520 0.001553
2 2 0.030744 0.437886 0.493607 0.006095 0.031668
1 2 0.177734 0.517943 0.235756 0.000269 0.068298
1 2 0.040926 0.472767 0.435333 0.007789 0.043185
2 2 0.051040 0.439326 0.477972 0.009591 0.022071
2 2 0.002817 0.095484 0.897089 0.003599 0.001011
2 2 0.009047 0.189740 0.792068 0.005513 0.003633
2 2 0.001463 0.067357 0.929756 0.001183 0.000240
2 2 0.001437 0.043044 0.949379 0.005910 0.000230
2 2 0.000662 0.039041 0.959107 0.001086 0.000103
2 2 0.000513 0.029160 0.968646 0.001604 0.000078
2 2 0.016824 0.124752 0.846423 0.009393 0.002608
2 2 0.014218 0.385255 0.594796 0.000683 0.005048
1 2 0.059565 0.554652 0.318711 0.006074 0.060998
1 2 0.078917 0.521245 0.264942 0.001480 0.133416
0 0 0.974970 0.009273 0.001617 0.000140 0.014000
0 0 0.976358 0.008202 0.001385 0.000105 0.013950
0 0 0.972681 0.008117 0.001330 0.000061 0.017810
0 0 0.507645 0.086238 0.024738 0.000708 0.380671
1 1 0.034205 0.480699 0.253521 0.008399 0.223176
1 1 0.052607 0.496762 0.267944 0.004775 0.177912
0 0 0.517043 0.227321 0.066241 0.000620 0.188775
0 0 0.462555 0.268741 0.085005 0.001559 0.182140
1 0 0.038221 0.407101 0.191493 0.003257 0.359927
4 1 0.053483 0.197957 0.076923 0.000149 0.671488
1 1 0.008578 0.455583 0.261233 0.000889 0.273718
1 1 0.093738 0.471726 0.204288 0.002045 0.228203
4 1 0.071083 0.324095 0.123515 0.000501 0.480806
4 1 0.059662 0.187060 0.090541 0.003408 0.659328
4 4 0.066360 0.139030 0.073358 0.007653 0.713598
4 4 0.048125 0.119766 0.062248 0.003489 0.766372
4 4 0.121814 0.016990 0.006466 0.000273 0.854457
4 4 0.453489 0.020534 0.005703 0.000172 0.520101
4 4 0.292756 0.121261 0.039619 0.000645 0.545719
4 4 0.209186 0.091780 0.038234 0.004125 0.656675
4 4 0.119972 0.080677 0.032428 0.000987 0.765935
4 4 0.019053 0.075122 0.045017 0.002423 0.858385
4 4 0.057491 0.061925 0.026662 0.000492 0.853430
4 4 0.027214 0.029613 0.012315 0.000073 0.930786
4 4 0.039706 0.018550 0.008327 0.000227 0.933191
4 4 0.033583 0.045285 0.020684 0.000314 0.900134
4 4 0.346123 0.065065 0.017789 0.000040 0.570983
4 4 0.297014 0.039675 0.012094 0.000234 0.650983
4 4 0.166493 0.032707 0.012519 0.000675 0.787605
4 4 0.140435 0.065433 0.022363 0.000233 0.771536
4 4 0.049547 0.022307 0.010136 0.000398 0.917611
4 4 0.046071 0.015447 0.006465 0.000133 0.931883
4 4 0.067512 0.012997 0.005686 0.000355 0.913450
4 4 0.024956 0.012307 0.005945 0.000185 0.956608
4 4 0.208385 0.225046 0.066062 0.000062 0.500446
4 4 0.115352 0.130495 0.052166 0.000554 0.701434
4 4 0.046273 0.006436 0.002678 0.000086 0.944527
4 4 0.150587 0.021050 0.006197 0.000035 0.822131
4 4 0.094849 0.267227 0.098225 0.000291 0.539409
4 4 0.038052 0.094662 0.050205 0.002508 0.814574
4 4 0.037170 0.009028 0.004046 0.000146 0.949611
4 4 0.062638 0.014666 0.006895 0.000673 0.915127
4 4 0.136808 0.263963 0.109185 0.001822 0.488222
4 4 0.116045 0.323875 0.134915 0.002593 0.422572
4 4 0.029750 0.370824 0.169170 0.001315 0.428941
4 4 0.025880 0.371475 0.172591 0.001266 0.428788
4 4 0.011578 0.234758 0.206660 0.001862 0.545142
1 4 0.048226 0.461747 0.234880 0.016015 0.239132
4 4 0.014898 0.310811 0.189548 0.006416 0.478326
1 4 0.082195 0.448100 0.195228 0.002696 0.271782
4 4 0.029017 0.014292 0.006732 0.000196 0.949763
4 4 0.189062 0.058849 0.022178 0.000981 0.728930
4 4 0.121620 0.018621 0.007175 0.000320 0.852264
4 4 0.080952 0.022431 0.009158 0.000311 0.887148
4 4 0.036279 0.040761 0.018063 0.000251 0.904647
4 4 0.185807 0.055130 0.017034 0.000130 0.741900
4 4 0.051676 0.266344 0.088542 0.000019 0.593419
4 4 0.084554 0.318879 0.110339 0.000100 0.486128
4 4 0.044294 0.035117 0.012925 0.000052 0.907612
4 4 0.082036 0.090545 0.037444 0.000734 0.789242
4 4 0.072959 0.068871 0.025523 0.000176 0.832471
4 4 0.060174 0.063236 0.030605 0.001699 0.844287
1 4 0.065512 0.454643 0.188248 0.000313 0.291284
1 4 0.053946 0.437282 0.199455 0.002767 0.306550
1 4 0.024906 0.424138 0.237111 0.000821 0.313025
1 4 0.034306 0.418980 0.331335 0.021038 0.194340
1 4 0.040490 0.444507 0.213174 0.003206 0.298622
1 4 0.028841 0.434928 0.368733 0.014986 0.152512
2 4 0.020466 0.311943 0.523966 0.038627 0.104998
2 4 0.004995 0.246289 0.632287 0.012544 0.103885
2 4 0.013393 0.229331 0.523355 0.102069 0.131852
1 4 0.031035 0.464221 0.342077 0.010908 0.151758
2 4 0.027469 0.376904 0.484938 0.021960 0.088728
2 4 0.020433 0.314353 0.545519 0.032183 0.087512
2 4 0.003468 0.390726 0.466347 0.000783 0.138675
2 2 0.032559 0.320877 0.503192 0.056128 0.087243
2 2 0.006867 0.195386 0.749104 0.021361 0.027282
2 2 0.001278 0.054659 0.899793 0.039380 0.004890
2 2 0.000247 0.039163 0.958225 0.001481 0.000884
2 2 0.000181 0.021161 0.974599 0.003726 0.000334
2 2 0.000237 0.022627 0.974806 0.002168 0.000162
2 2 0.000050 0.006152 0.990231 0.003520 0.000047
2 2 0.000040 0.002139 0.974244 0.023570 0.000008
2 2 0.000026 0.002505 0.990943 0.006515 0.000011
2 2 0.000012 0.004918 0.994310 0.000692 0.000068
2 2 0.000018 0.003529 0.984284 0.012113 0.000055
2 2 0.000012 0.001038 0.984258 0.014690 0.000003
2 2 0.000002 0.000363 0.992715 0.006920 0.000001
2 2 0.000022 0.002901 0.982868 0.014146 0.000064
2 2 0.000046 0.001920 0.908346 0.089660 0.000027
2 2 0.000117 0.002990 0.902019 0.094827 0.000047
2 3 0.000086 0.005616 0.964629 0.029608 0.000060
2 3 0.123236 0.239981 0.579336 0.043270 0.014177
2 3 0.019795 0.349072 0.601787 0.006878 0.022468
2 3 0.037203 0.372868 0.524823 0.022631 0.042475
2 3 0.027154 0.396702 0.546026 0.002770 0.027347
2 3 0.000331 0.058338 0.940125 0.000462 0.000744
2 3 0.000105 0.009001 0.981663 0.009144 0.000087
2 3 0.000043 0.002105 0.966742 0.031104 0.000006
2 3 0.000008 0.001190 0.993427 0.005373 0.000002
2 3 0.002654 0.034198 0.958193 0.004223 0.000732
2 3 0.000336 0.007007 0.913280 0.079329 0.000047
2 3 0.000936 0.015032 0.955758 0.027607 0.000666
2 3 0.001533 0.015096 0.946746 0.035777 0.000848
2 3 0.000569 0.010011 0.902173 0.087164 0.000082
2 3 0.001047 0.005569 0.929161 0.064160 0.000063
2 3 0.000145 0.003793 0.917742 0.078301 0.000019
2 3 0.000112 0.003507 0.941373 0.054993 0.000015
2 3 0.000604 0.006419 0.669758 0.323119 0.000100
2 3 0.000299 0.015574 0.887887 0.095111 0.001129
3 3 0.000630 0.006390 0.468317 0.524413 0.000250
2 3 0.001145 0.016469 0.862052 0.119411 0.000923
2 3 0.000176 0.005578 0.588592 0.404564 0.001089
3 3 0.000210 0.001869 0.277187 0.720673 0.000061
3 3 0.001515 0.007373 0.248551 0.741462 0.001098
2 3 0.002739 0.014750 0.586719 0.394123 0.001669
3 3 0.000113 0.001053 0.140208 0.858547 0.000078
3 3 0.000611 0.004476 0.292750 0.701938 0.000225
3 3 0.000594 0.002988 0.076588 0.919117 0.000714
3 3 0.000199 0.002189 0.179477 0.817889 0.000246
3 3 0.000548 0.005527 0.257272 0.735962 0.000691
3 3 0.000024 0.000214 0.073086 0.926664 0.000011
3 3 0.000048 0.000502 0.088450 0.910948 0.000052
3 3 0.000289 0.001742 0.151747 0.846122 0.000100
3 3 0.000122 0.000582 0.045337 0.953885 0.000075
3 3 0.000082 0.000413 0.035165 0.964277 0.000064
3 3 0.002774 0.008850 0.072559 0.912254 0.003562
3 3 0.000145 0.000594 0.034752 0.964407 0.000100
3 3 0.000128 0.000667 0.039788 0.959275 0.000142
3 3 0.000004 0.000034 0.020621 0.979338 0.000003
3 3 0.000031 0.000223 0.041375 0.958346 0.000025
3 3 0.000403 0.001452 0.036304 0.961406 0.000435
3 3 0.000033 0.000139 0.013090 0.986705 0.000033
3 3 0.000090 0.000257 0.010769 0.988789 0.000095
3 3 0.000131 0.000451 0.022106 0.977209 0.000103
3 3 0.000009 0.000050 0.012355 0.987578 0.000008
3 3 0.000004 0.000026 0.010706 0.989260 0.000004
3 3 0.000003 0.000021 0.011954 0.988019 0.000002
3 3 0.000066 0.000214 0.012682 0.986978 0.000060
3 3 0.000043 0.000138 0.008325 0.991444 0.000051
3 3 0.000119 0.000329 0.011760 0.987668 0.000123
3 3 0.000055 0.000185 0.011084 0.988616 0.000058
3 3 0.000003 0.000015 0.005968 0.994011 0.000003
3 3 0.000003 0.000015 0.006555 0.993425 0.000003
3 3 0.000005 0.000021 0.005083 0.994887 0.000005
3 3 0.000016 0.000056 0.005712 0.994197 0.000020
3 3 0.000067 0.000216 0.011678 0.987971 0.000068
3 3 0.000001 0.000007 0.006325 0.993666 0.000001
3 3 0.000003 0.000018 0.005794 0.994180 0.000004
3 3 0.000002 0.000008 0.003626 0.996362 0.000002
3 3 0.000007 0.000026 0.003849 0.996109 0.000010
3 3 0.000022 0.000077 0.007060 0.992816 0.000025
3 3 0.000002 0.000011 0.004705 0.995280 0.000002
3 3 0.000016 0.000058 0.006600 0.993308 0.000018
3 3 0.000006 0.000023 0.003711 0.996251 0.000009
3 3 0.000023 0.000073 0.004915 0.994954 0.000035
3 3 0.000004 0.000018 0.004794 0.995180 0.000004
3 3 0.000002 0.000013 0.006681 0.993303 0.000002
3 3 0.000020 0.000063 0.004540 0.995346 0.000031
3 3 0.000029 0.000095 0.006912 0.992929 0.000035
3 3 0.000036 0.000117 0.007948 0.991857 0.000041
3 3 0.000001 0.000007 0.004529 0.995462 0.000001
3 3 0.000010 0.000040 0.005526 0.994410 0.000013
3 3 0.000062 0.000170 0.006809 0.992873 0.000086
3 3 0.000012 0.000047 0.006413 0.993514 0.000014
3 3 0.000004 0.000016 0.003994 0.995982 0.000005
3 3 0.000002 0.000009 0.002975 0.997011 0.000003
3 3 0.000002 0.000010 0.003444 0.996542 0.000003
3 3 0.000009 0.000042 0.008264 0.991677 0.000009
3 3 0.000005 0.000021 0.005600 0.994369 0.000005
3 3 0.000002 0.000010 0.003720 0.996266 0.000002
3 3 0.000030 0.000106 0.008627 0.991204 0.000033
3 3 0.000018 0.000055 0.003334 0.996556 0.000036
3 3 0.000095 0.000236 0.006627 0.992897 0.000145
3 3 0.000006 0.000025 0.004626 0.995336 0.000008
3 3 0.000001 0.000004 0.002580 0.997414 0.000001
3 3 0.000015 0.000048 0.003766 0.996147 0.000025
3 3 0.000001 0.000003 0.002168 0.997827 0.000001
3 3 0.000001 0.000005 0.003935 0.996059 0.000001
3 3 0.000001 0.000008 0.006790 0.993200 0.000001
3 3 0.000063 0.000170 0.006472 0.993204 0.000091
3 3 0.000254 0.000542 0.008319 0.990496 0.000388
3 3 0.000032 0.000101 0.006760 0.993067 0.000040
3 3 0.000002 0.000010 0.005244 0.994742 0.000002
3 3 0.000001 0.000007 0.003410 0.996580 0.000002
3 3 0.000021 0.000074 0.006778 0.993101 0.000025
3 3 0.000014 0.000049 0.004817 0.995100 0.000020
3 3 0.000002 0.000010 0.002699 0.997285 0.000004
3 3 0.000000 0.000003 0.005670 0.994326 0.000000
3 3 0.000014 0.000060 0.008168 0.991742 0.000016
3 3 0.000000 0.000001 0.002830 0.997168 0.000000
3 3 0.000003 0.000012 0.003711 0.996271 0.000003
3 3 0.000040 0.000115 0.005394 0.994389 0.000062
3 3 0.000006 0.000023 0.002935 0.997025 0.000011
3 3 0.000014 0.000049 0.004463 0.995452 0.000022
3 3 0.000512 0.001168 0.018795 0.979041 0.000484
3 3 0.019655 0.034385 0.151023 0.786376 0.008561
2 3 0.059252 0.147462 0.451086 0.319210 0.022991
2 3 0.051178 0.219716 0.569191 0.143357 0.016558
2 3 0.062725 0.357257 0.514133 0.023729 0.042155
2 3 0.197539 0.306716 0.436129 0.013989 0.045626
2 3 0.020101 0.271912 0.487523 0.088295 0.132169
2 3 0.014871 0.360554 0.548172 0.008961 0.067442
2 3 0.023754 0.274519 0.456459 0.098823 0.146445
1 3 0.026890 0.414355 0.232806 0.012433 0.313516
2 2 0.018285 0.275427 0.330887 0.079201 0.296201
2 2 0.006567 0.308648 0.368817 0.009457 0.306511
2 2 0.002508 0.270895 0.388370 0.003317 0.334910
4 2 0.017089 0.313850 0.230748 0.026590 0.411724
4 2 0.009012 0.286143 0.188023 0.005490 0.511333
4 2 0.007340 0.339059 0.308827 0.005572 0.339202
1 2 0.004867 0.336313 0.321471 0.002858 0.334491
4 2 0.013953 0.329442 0.215530 0.013219 0.427856
1 2 0.171799 0.294734 0.254744 0.032911 0.245812
1 2 0.029132 0.457488 0.320074 0.005793 0.187513
1 2 0.020346 0.385284 0.382102 0.017776 0.194491
4 2 0.054221 0.313366 0.161720 0.008384 0.462310
4 2 0.006679 0.221138 0.167721 0.010856 0.593606
4 2 0.055395 0.361158 0.175699 0.001536 0.406212
4 2 0.066223 0.299864 0.153474 0.011924 0.468515
4 2 0.025097 0.248256 0.150750 0.010715 0.565182
4 2 0.067481 0.197700 0.086960 0.001687 0.646173
4 2 0.032717 0.140216 0.070167 0.001425 0.755475
4 2 0.079426 0.101249 0.048495 0.003184 0.767646
4 2 0.019390 0.301927 0.194288 0.016586 0.467808
1 2 0.027926 0.384141 0.217514 0.012072 0.358346
1 2 0.005907 0.379775 0.364705 0.002259 0.247353
2 2 0.003453 0.344366 0.384076 0.001758 0.266348
2 2 0.027660 0.325846 0.397979 0.065140 0.183376
2 2 0.017129 0.335210 0.435586 0.026750 0.185325
2 2 0.003983 0.154527 0.759762 0.035388 0.046340
2 2 0.005610 0.129269 0.814310 0.037121 0.013690
2 2 0.000351 0.019075 0.948728 0.031235 0.000610
2 2 0.000467 0.023481 0.935811 0.039300 0.000941
2 2 0.000262 0.010507 0.975542 0.013559 0.000130
2 2 0.000198 0.012834 0.984505 0.002360 0.000103
2 2 0.001053 0.041543 0.951239 0.002175 0.003990
2 2 0.039054 0.066924 0.883876 0.004416 0.005731
1 2 0.239554 0.503850 0.200789 0.000290 0.055517
1 2 0.115419 0.551911 0.230648 0.000153 0.101869
1 2 0.047869 0.414106 0.349898 0.010856 0.177271
2 2 0.025654 0.254578 0.514285 0.112962 0.092522
2 2 0.000106 0.003463 0.977311 0.019109 0.000011
2 2 0.000027 0.001814 0.983606 0.014549 0.000003
2 2 0.000228 0.015320 0.980335 0.003969 0.000147
2 2 0.000180 0.020281 0.978532 0.000743 0.000265
1 2 0.226817 0.343512 0.135295 0.001112 0.293264
1 2 0.192663 0.487500 0.198908 0.001375 0.119554
1 2 0.050135 0.484614 0.402417 0.010314 0.052520
2 2 0.032688 0.398242 0.537196 0.008542 0.023332
1 2 0.046533 0.490435 0.354516 0.011891 0.096625
1 2 0.037218 0.459527 0.333490 0.014489 0.155276
2 2 0.000935 0.033137 0.953810 0.011744 0.000374
2 2 0.000156 0.022242 0.975857 0.001410 0.000335
2 2 0.002542 0.009750 0.973420 0.014051 0.000237
2 2 0.000175 0.005092 0.936577 0.058126 0.000030
2 2 0.023544 0.087952 0.832114 0.024301 0.032090
1 2 0.266089 0.404380 0.292650 0.004025 0.032856
1 2 0.089653 0.545906 0.283518 0.001605 0.079319
1 2 0.015570 0.549780 0.295172 0.000142 0.139336
2 2 0.014498 0.355408 0.525910 0.011222 0.092962
2 2 0.013247 0.257994 0.660618 0.025720 0.042421
2 2 0.000400 0.016094 0.974590 0.008623 0.000293
2 2 0.000260 0.022288 0.975697 0.001120 0.000635
2 2 0.001016 0.055034 0.938157 0.004849 0.000944
2 2 0.001268 0.012305 0.982780 0.003356 0.000291
2 2 0.000699 0.029133 0.959180 0.006923 0.004066
2 2 0.037908 0.344539 0.598051 0.000759 0.018744
1 2 0.101335 0.516327 0.222112 0.000710 0.159517
0 2 0.763395 0.135866 0.036432 0.000361 0.063945
1 2 0.020780 0.562372 0.379418 0.000841 0.036588
1 2 0.024767 0.441969 0.422664 0.008848 0.101752
2 2 0.000630 0.057899 0.936307 0.003315 0.001850
2 2 0.002199 0.061830 0.923276 0.011730 0.000965
2 2 0.000139 0.007002 0.983350 0.009488 0.000021
2 2 0.000051 0.003516 0.989275 0.007151 0.000006
2 2 0.000037 0.003790 0.991793 0.004371 0.000009
2 2 0.000004 0.001153 0.995628 0.003211 0.000004
2 2 0.000135 0.007248 0.992171 0.000291 0.000155
2 2 0.000114 0.004693 0.968902 0.026272 0.000019
2 2 0.000933 0.017855 0.961602 0.019161 0.000449
2 2 0.000199 0.021941 0.975161 0.002471 0.000227
2 2 0.000039 0.002104 0.957092 0.040756 0.000010
2 2 0.000303 0.006080 0.957438 0.036147 0.000033
2 2 0.000237 0.004837 0.883167 0.111726 0.000032
2 2 0.000089 0.004314 0.957148 0.038418 0.000031
2 2 0.000343 0.008851 0.949063 0.041691 0.000052
2 2 0.000100 0.003311 0.939891 0.056683 0.000015
2 2 0.001135 0.036580 0.938815 0.022661 0.000809
2 2 0.000223 0.011573 0.961766 0.026258 0.000180
1 2 0.367304 0.397252 0.179826 0.000589 0.055029
0 2 0.387577 0.349268 0.221780 0.002850 0.038525
2 2 0.008829 0.348445 0.624669 0.001463 0.016594
2 2 0.001825 0.012897 0.884501 0.099432 0.001345
2 2 0.000141 0.003741 0.899970 0.096123 0.000025
2 2 0.000119 0.002545 0.990504 0.006806 0.000026
2 2 0.001185 0.005768 0.954786 0.038135 0.000126
2 2 0.000162 0.007535 0.976184 0.015917 0.000203
2 2 0.012842 0.047075 0.899246 0.030095 0.010742
0 2 0.442818 0.389407 0.144100 0.000168 0.023507
2 2 0.044123 0.403963 0.503969 0.003561 0.044384
2 2 0.024929 0.298771 0.612094 0.030425 0.033780
2 2 0.000121 0.003645 0.938413 0.057805 0.000016
2 2 0.000867 0.022728 0.956969 0.019165 0.000270
2 2 0.000206 0.010409 0.972762 0.016535 0.000089
2 2 0.000063 0.002578 0.946062 0.051285 0.000012
2 2 0.000334 0.010225 0.959272 0.030102 0.000066
2 2 0.000085 0.003741 0.968697 0.027436 0.000041
2 2 0.001270 0.026045 0.948946 0.022860 0.000878
2 2 0.000273 0.023137 0.966486 0.009525 0.000579
2 2 0.001198 0.022417 0.964699 0.010340 0.001346
2 2 0.000450 0.007650 0.852782 0.138946 0.000171
2 2 0.000843 0.009992 0.943331 0.045699 0.000136
2 2 0.000938 0.020324 0.851987 0.126073 0.000678
2 2 0.002246 0.021895 0.735746 0.238968 0.001146
2 2 0.000551 0.024580 0.854148 0.118053 0.002668
2 2 0.002394 0.026274 0.893712 0.076456 0.001165
2 2 0.000774 0.009697 0.605240 0.383935 0.000353
2 2 0.047232 0.062224 0.803257 0.081781 0.005505
2 2 0.060402 0.281773 0.583186 0.061175 0.013465
2 2 0.035059 0.363304 0.559338 0.016218 0.026082
2 2 0.015395 0.216243 0.724384 0.028663 0.015315
1 2 0.259392 0.364492 0.324920 0.009293 0.041902
2 2 0.080889 0.382180 0.382523 0.011288 0.143120
0 0 0.799243 0.104324 0.024808 0.000075 0.071550
1 0 0.276752 0.361321 0.117995 0.000237 0.243696
1 1 0.009022 0.530375 0.356023 0.000583 0.103997
2 1 0.028749 0.448522 0.455822 0.007612 0.059295
1 1 0.021651 0.513542 0.286570 0.003080 0.175158
4 1 0.006804 0.340129 0.261731 0.004660 0.386676
4 2 0.021464 0.081056 0.048328 0.002911 0.846241
4 2 0.023305 0.211036 0.125953 0.006713 0.632993
4 2 0.029833 0.200525 0.107426 0.003215 0.659001
4 2 0.036869 0.152824 0.074812 0.000940 0.734555
4 2 0.013980 0.167150 0.121765 0.018036 0.679069
4 4 0.035501 0.069843 0.035690 0.001303 0.857663
4 4 0.141839 0.071689 0.031671 0.003145 0.751656
4 4 0.062919 0.130447 0.052442 0.000449 0.753742
4 4 0.022436 0.292513 0.133142 0.000582 0.551327
4 4 0.016830 0.070813 0.042895 0.002141 0.867321
4 4 0.032527 0.029990 0.012243 0.000081 0.925160
4 4 0.013511 0.027327 0.014659 0.000282 0.944221
4 4 0.015463 0.045031 0.028530 0.002293 0.908682
4 4 0.015097 0.059480 0.035239 0.001315 0.888868
4 4 0.048558 0.063089 0.030435 0.001158 0.856760
4 4 0.308863 0.199858 0.066744 0.001423 0.423111
4 4 0.104870 0.144313 0.060390 0.001692 0.688735
4 4 0.036271 0.141501 0.071117 0.001769 0.749341
4 4 0.029245 0.011677 0.006202 0.000590 0.952286
4 4 0.033096 0.017795 0.007740 0.000122 0.941247
4 4 0.013496 0.042668 0.025848 0.001156 0.916833
4 4 0.043686 0.041568 0.017576 0.000215 0.896956
4 4 0.072386 0.045689 0.020970 0.001152 0.859803
4 4 0.025571 0.055176 0.028159 0.000670 0.890425
4 4 0.116643 0.043421 0.016475 0.000383 0.823079
0 4 0.547124 0.089192 0.027201 0.001675 0.334809
4 4 0.043135 0.013619 0.005452 0.000073 0.937721
4 4 0.040001 0.017948 0.009296 0.000925 0.931831
4 4 0.036374 0.239287 0.127656 0.004962 0.591722
4 4 0.030497 0.190404 0.101783 0.003115 0.674200
4 4 0.010942 0.028364 0.011946 0.000019 0.948729
4 4 0.032364 0.017938 0.008796 0.000384 0.940518
4 4 0.050218 0.026667 0.011759 0.000329 0.911027
4 4 0.371768 0.116187 0.040398 0.002656 0.468992
4 4 0.128184 0.253972 0.090089 0.000759 0.526997
4 4 0.119541 0.055385 0.020082 0.000213 0.804779
4 4 0.012037 0.039167 0.019397 0.000127 0.929272
4 4 0.070407 0.145192 0.064961 0.001683 0.717757
4 4 0.073060 0.208292 0.092654 0.002259 0.623734
4 4 0.119707 0.264886 0.130127 0.019205 0.466075
1 4 0.037657 0.402163 0.214192 0.011537 0.334452
1 4 0.037584 0.503533 0.257437 0.003236 0.198209
1 4 0.055730 0.460468 0.234985 0.020275 0.228542
1 4 0.033664 0.471734 0.239376 0.003896 0.251330
1 4 0.026636 0.431312 0.429542 0.009598 0.102912
2 4 0.006237 0.355622 0.456180 0.003647 0.178313
1 4 0.065785 0.450255 0.300285 0.032035 0.151640
1 4 0.041387 0.434904 0.337496 0.022388 0.163825
1 4 0.053288 0.420454 0.318885 0.036435 0.170937
1 2 0.027000 0.383820 0.379585 0.014707 0.194887
1 2 0.028691 0.519796 0.276072 0.002146 0.173295
1 2 0.049076 0.452412 0.302716 0.022011 0.173784
2 2 0.010673 0.409857 0.494686 0.003091 0.081694
2 2 0.017932 0.353113 0.518243 0.016285 0.094427
1 2 0.012144 0.443294 0.430607 0.002913 0.111042
2 2 0.013495 0.372593 0.541684 0.006421 0.065807
0 2 0.835620 0.080237 0.018818 0.000177 0.065148
0 2 0.849372 0.064274 0.013917 0.000078 0.072359
1 2 0.076364 0.542691 0.228344 0.000097 0.152505
1 2 0.028365 0.468945 0.249229 0.007074 0.246387
1 2 0.062634 0.471158 0.321345 0.023273 0.121590
1 2 0.033339 0.436053 0.303041 0.015675 0.211892
2 2 0.009831 0.312862 0.577688 0.011265 0.088354
2 2 0.015600 0.249474 0.607517 0.054594 0.072815
