4 1 0.016755 0.271191 0.109786 0.000000 0.602268
4 1 0.022965 0.378520 0.135693 0.000001 0.462821
1 1 0.324626 0.454407 0.153286 0.001141 0.066540
0 0 0.482966 0.370186 0.098395 0.002239 0.046214
1 0 0.079934 0.565906 0.194506 0.000924 0.158729
1 1 0.101882 0.562383 0.147917 0.000170 0.187649
4 1 0.012467 0.312380 0.134240 0.000000 0.540913
4 1 0.006809 0.219588 0.132111 0.000000 0.641493
4 1 0.001225 0.090314 0.281979 0.000000 0.626481
4 1 0.005289 0.258201 0.182961 0.000000 0.553548
4 1 0.020082 0.093586 0.035330 0.000001 0.851001
4 1 0.029847 0.350829 0.089384 0.000000 0.529941
4 1 0.005029 0.225755 0.212009 0.000003 0.557203
4 1 0.007239 0.279287 0.185169 0.000001 0.528303
4 1 0.013157 0.285554 0.142880 0.000002 0.558407
4 1 0.009038 0.150854 0.107136 0.000002 0.732971
4 1 0.005684 0.267973 0.261514 0.000002 0.464828
4 1 0.002734 0.135453 0.395953 0.000020 0.465840
4 1 0.003687 0.254571 0.277160 0.000001 0.464581
4 1 0.003441 0.196497 0.334109 0.000002 0.465951
4 1 0.002716 0.144538 0.335936 0.000024 0.516786
4 1 0.001340 0.151093 0.415140 0.000003 0.432424
2 1 0.002157 0.147947 0.434329 0.000007 0.415561
4 1 0.010780 0.363007 0.241664 0.000016 0.384532
4 1 0.004289 0.281339 0.265651 0.000007 0.448715
4 1 0.006166 0.264060 0.252952 0.000008 0.476814
2 1 0.002295 0.250711 0.423810 0.000035 0.323148
2 1 0.005117 0.320316 0.355378 0.000104 0.319086
1 1 0.027609 0.482893 0.283938 0.000757 0.204802
2 1 0.013954 0.407712 0.431384 0.002851 0.144098
1 1 0.037296 0.513114 0.312003 0.010087 0.127500
2 1 0.016750 0.396563 0.490378 0.007984 0.088325
2 1 0.011009 0.269374 0.642479 0.023117 0.054021
2 1 0.017058 0.344603 0.547360 0.023198 0.067781
2 1 0.031716 0.427952 0.465336 0.018364 0.056632
1 1 0.071454 0.452206 0.395573 0.002192 0.078575
1 2 0.273436 0.523179 0.130271 0.005632 0.067482
0 2 0.868665 0.093394 0.026829 0.000138 0.010975
0 2 0.480797 0.372733 0.097717 0.002220 0.046533
1 2 0.156155 0.578377 0.177289 0.019240 0.068939
2 2 0.014879 0.304228 0.616393 0.033201 0.031299
2 2 0.023442 0.229024 0.701247 0.019533 0.026753
2 2 0.005714 0.105216 0.809695 0.074771 0.004604
2 2 0.001101 0.019852 0.957137 0.021169 0.000740
1 2 0.392413 0.426238 0.125037 0.005823 0.050489
0 2 0.944818 0.032894 0.018964 0.000228 0.003096
0 2 0.585244 0.301371 0.073607 0.000880 0.038898
0 2 0.636736 0.264236 0.064286 0.000621 0.034122
0 2 0.500650 0.365019 0.084695 0.001154 0.048482
1 2 0.350597 0.472558 0.111491 0.002853 0.062501
1 2 0.098035 0.526713 0.296034 0.029730 0.049488
1 2 0.332699 0.347859 0.280090 0.004530 0.034822
0 2 0.484884 0.366296 0.101620 0.002783 0.044418
1 2 0.190467 0.581684 0.142998 0.009083 0.075767
1 2 0.056830 0.457640 0.423417 0.020217 0.041896
1 2 0.144000 0.411950 0.391193 0.008596 0.044261
1 2 0.070355 0.482508 0.331362 0.072336 0.043440
1 2 0.108933 0.433886 0.404823 0.012966 0.039391
1 2 0.287790 0.424490 0.240402 0.008095 0.039223
1 2 0.360377 0.468663 0.105238 0.002167 0.063556
1 2 0.114351 0.525382 0.296582 0.013637 0.050047
2 2 0.093911 0.348001 0.503262 0.027071 0.027754
0 2 0.508935 0.328260 0.123981 0.004046 0.034779
0 2 0.486752 0.350487 0.119795 0.004253 0.038712
0 2 0.739540 0.185695 0.051993 0.000532 0.022240
1 2 0.246788 0.553940 0.118623 0.003391 0.077258
1 2 0.272501 0.532578 0.118760 0.003473 0.072687
1 2 0.126967 0.576610 0.197679 0.024761 0.073982
2 2 0.020793 0.261373 0.614483 0.084744 0.018608
2 2 0.026557 0.243222 0.675094 0.035894 0.019234
2 2 0.044516 0.151306 0.776823 0.020263 0.007092
0 2 0.639819 0.175369 0.166357 0.000797 0.017658
0 2 0.594018 0.285069 0.085765 0.002088 0.033060
0 2 0.903428 0.062996 0.027153 0.000424 0.005998
0 2 0.929733 0.045371 0.020412 0.000269 0.004216
0 2 0.932019 0.047637 0.014971 0.000054 0.005319
0 0 0.982333 0.009492 0.007351 0.000163 0.000661
0 0 0.988739 0.006490 0.004244 0.000035 0.000491
0 0 0.997303 0.001315 0.001263 0.000010 0.000109
0 0 0.994691 0.002368 0.002653 0.000062 0.000226
0 0 0.979467 0.012050 0.007223 0.000076 0.001183
0 0 0.997933 0.000848 0.001137 0.000015 0.000067
0 0 0.980155 0.010031 0.007047 0.000098 0.002669
0 0 0.711231 0.178452 0.055220 0.000772 0.054325
4 1 0.018389 0.393877 0.187278 0.000006 0.400449
4 1 0.011382 0.361835 0.225996 0.000010 0.400776
4 1 0.004248 0.296751 0.324895 0.000032 0.374074
4 1 0.004198 0.295101 0.322455 0.000030 0.378217
4 1 0.003559 0.250249 0.234419 0.000001 0.511772
2 1 0.001633 0.145037 0.451075 0.000016 0.402240
4 1 0.003455 0.156756 0.248599 0.000001 0.591189
4 1 0.003506 0.169318 0.301245 0.000005 0.525927
4 1 0.005289 0.206911 0.335859 0.000004 0.451938
4 1 0.003157 0.201437 0.380172 0.000003 0.415231
4 1 0.003183 0.162787 0.277276 0.000004 0.556749
4 1 0.003357 0.113620 0.252401 0.000002 0.630619
4 4 0.001944 0.070692 0.102347 0.000001 0.825016
4 4 0.001575 0.074890 0.208729 0.000007 0.714799
4 4 0.001894 0.013649 0.009128 0.000000 0.975329
4 4 0.002045 0.010418 0.005818 0.000000 0.981719
4 4 0.001416 0.022014 0.045892 0.000002 0.930675
4 4 0.001644 0.018819 0.028465 0.000004 0.951067
4 4 0.002954 0.053135 0.060237 0.000003 0.883671
4 4 0.001549 0.037873 0.044613 0.000000 0.915965
4 4 0.002326 0.095629 0.134171 0.000001 0.767874
4 4 0.002913 0.118736 0.146893 0.000000 0.731458
4 4 0.020396 0.193635 0.124411 0.000074 0.661484
4 4 0.016695 0.158094 0.110516 0.000019 0.714675
4 4 0.012197 0.237806 0.107701 0.000000 0.642296
4 4 0.008220 0.169502 0.103066 0.000001 0.719211
4 4 0.002296 0.133988 0.326398 0.000011 0.537306
4 4 0.003260 0.139091 0.298092 0.000019 0.559537
2 4 0.001255 0.097727 0.451028 0.000011 0.449979
2 4 0.001960 0.121982 0.453998 0.000069 0.421990
4 4 0.006791 0.191640 0.176606 0.000022 0.624942
4 4 0.002387 0.110095 0.150063 0.000001 0.737454
4 4 0.007216 0.273143 0.313513 0.000117 0.406012
2 4 0.002338 0.169548 0.445997 0.000098 0.382019
4 4 0.001913 0.155599 0.415638 0.000088 0.426762
4 4 0.002245 0.188116 0.374038 0.000005 0.435596
4 4 0.001355 0.087914 0.392785 0.000026 0.517920
4 4 0.001953 0.098917 0.352828 0.000007 0.546295
4 4 0.001876 0.078635 0.401153 0.000064 0.518272
4 4 0.002925 0.122830 0.283017 0.000074 0.591154
4 4 0.005831 0.063541 0.050512 0.000004 0.880113
4 4 0.009818 0.156599 0.118383 0.000015 0.715186
1 4 0.052837 0.366121 0.268375 0.002099 0.310567
1 4 0.218700 0.433268 0.146150 0.000565 0.201318
0 4 0.873007 0.089983 0.026414 0.000142 0.010454
1 4 0.271781 0.549631 0.089767 0.000850 0.087972
2 4 0.005508 0.332268 0.387320 0.000292 0.274612
2 4 0.004114 0.301772 0.387429 0.000102 0.306582
2 2 0.002307 0.213498 0.415188 0.000010 0.368997
4 2 0.007887 0.333865 0.250339 0.000011 0.407898
4 2 0.008537 0.132272 0.110181 0.000004 0.749007
4 2 0.004702 0.080870 0.111864 0.000006 0.802558
4 2 0.001851 0.098490 0.432358 0.000062 0.467238
2 2 0.003749 0.197934 0.426653 0.000045 0.371619
2 2 0.004438 0.222863 0.493026 0.000299 0.279375
1 2 0.007057 0.341642 0.314544 0.000054 0.336703
2 2 0.008137 0.290142 0.399631 0.000784 0.301307
2 2 0.006913 0.285768 0.416630 0.000798 0.289892
1 2 0.008323 0.364577 0.363098 0.000216 0.263785
2 2 0.004613 0.307934 0.479583 0.000401 0.207468
2 2 0.003148 0.131764 0.719760 0.027325 0.118004
2 2 0.013228 0.349848 0.393164 0.004691 0.239069
2 2 0.003419 0.173431 0.675615 0.007405 0.140130
1 2 0.028503 0.488295 0.329427 0.006199 0.147575
2 2 0.015922 0.338553 0.467694 0.015760 0.162071
2 2 0.001919 0.088713 0.783141 0.049356 0.076871
2 2 0.001934 0.063325 0.684256 0.199323 0.051162
2 2 0.000264 0.011848 0.526464 0.448783 0.012641
2 2 0.000335 0.007034 0.612155 0.376982 0.003494
2 2 0.000349 0.007493 0.724779 0.261755 0.005624
2 2 0.000131 0.005849 0.778317 0.211510 0.004194
2 2 0.000768 0.015080 0.573177 0.400911 0.010065
3 2 0.000315 0.004482 0.487528 0.506335 0.001340
2 2 0.000207 0.003503 0.626589 0.368561 0.001140
3 2 0.000046 0.000647 0.375681 0.623428 0.000198
3 2 0.000035 0.000499 0.288672 0.710563 0.000231
3 2 0.000272 0.001153 0.206829 0.790722 0.001024
3 2 0.000046 0.000306 0.083586 0.915636 0.000426
3 2 0.000028 0.000072 0.031197 0.968649 0.000053
3 2 0.000126 0.000352 0.054630 0.944600 0.000292
3 2 0.000488 0.000786 0.031223 0.965811 0.001692
3 2 0.000026 0.000053 0.021544 0.978330 0.000047
3 2 0.000007 0.000018 0.014358 0.985598 0.000019
3 2 0.000007 0.000016 0.006075 0.993875 0.000027
3 2 0.000153 0.000135 0.013021 0.986529 0.000163
3 3 0.000194 0.000140 0.013291 0.986192 0.000183
3 3 0.000089 0.000061 0.006965 0.992788 0.000097
3 3 0.000018 0.000016 0.008115 0.991840 0.000012
3 3 0.000014 0.000012 0.002595 0.997332 0.000047
3 3 0.000049 0.000041 0.003662 0.996132 0.000117
3 3 0.000011 0.000006 0.000853 0.999099 0.000032
3 3 0.000018 0.000010 0.001624 0.998312 0.000037
3 3 0.000115 0.000043 0.002806 0.996797 0.000240
3 3 0.000145 0.000035 0.001650 0.997867 0.000304
3 3 0.000125 0.000069 0.006086 0.993593 0.000127
3 3 0.000023 0.000015 0.002801 0.997122 0.000039
3 3 0.000009 0.000004 0.001251 0.998725 0.000012
3 3 0.000011 0.000006 0.001689 0.998276 0.000018
3 3 0.000008 0.000004 0.001968 0.998012 0.000008
3 3 0.000014 0.000005 0.001068 0.998896 0.000017
3 3 0.000029 0.000011 0.001097 0.998800 0.000063
3 3 0.000036 0.000012 0.001024 0.998851 0.000078
3 3 0.000024 0.000006 0.001132 0.998818 0.000019
3 3 0.000008 0.000002 0.001257 0.998728 0.000005
3 3 0.000011 0.000004 0.000796 0.999173 0.000016
3 3 0.000023 0.000007 0.000990 0.998953 0.000026
3 3 0.000010 0.000003 0.000560 0.999412 0.000015
3 3 0.000012 0.000004 0.000864 0.999103 0.000017
3 3 0.000018 0.000006 0.000655 0.999267 0.000053
3 3 0.000042 0.000014 0.000979 0.998849 0.000115
3 3 0.000082 0.000014 0.000744 0.999041 0.000120
3 3 0.000055 0.000013 0.000783 0.999037 0.000112
3 3 0.000029 0.000007 0.000711 0.999211 0.000042
3 3 0.000047 0.000007 0.000546 0.999356 0.000044
3 3 0.000113 0.000029 0.001038 0.998547 0.000272
3 3 0.000150 0.000038 0.001939 0.997623 0.000250
3 3 0.000020 0.000009 0.003018 0.996938 0.000014
3 3 0.000017 0.000010 0.002500 0.997451 0.000022
3 3 0.000127 0.000042 0.002979 0.996717 0.000136
3 3 0.000043 0.000013 0.000997 0.998865 0.000083
3 3 0.000118 0.000028 0.001232 0.998416 0.000207
3 3 0.000011 0.000003 0.000308 0.999648 0.000030
3 3 0.000009 0.000002 0.000443 0.999534 0.000013
3 3 0.000011 0.000003 0.000712 0.999261 0.000012
3 3 0.000036 0.000012 0.001510 0.998409 0.000034
3 3 0.000030 0.000008 0.000681 0.999231 0.000049
3 3 0.000176 0.000030 0.001821 0.997801 0.000172
3 3 0.000115 0.000027 0.001171 0.998466 0.000221
3 3 0.000021 0.000005 0.000826 0.999129 0.000019
3 3 0.000015 0.000004 0.000659 0.999305 0.000017
3 3 0.000024 0.000005 0.000556 0.999386 0.000030
3 3 0.000014 0.000004 0.000443 0.999507 0.000033
3 3 0.000012 0.000006 0.001616 0.998349 0.000017
3 3 0.000017 0.000005 0.001414 0.998549 0.000015
3 3 0.000020 0.000006 0.000559 0.999363 0.000052
3 3 0.000048 0.000013 0.000858 0.998988 0.000093
3 3 0.000135 0.000040 0.002361 0.997234 0.000230
3 3 0.000110 0.000019 0.001154 0.998571 0.000145
3 3 0.000045 0.000012 0.001156 0.998725 0.000061
3 3 0.000036 0.000008 0.000720 0.999190 0.000047
3 3 0.000015 0.000005 0.001315 0.998652 0.000013
3 3 0.000028 0.000013 0.001844 0.998075 0.000040
3 3 0.000027 0.000005 0.000799 0.999145 0.000023
3 3 0.000034 0.000007 0.000696 0.999225 0.000038
3 3 0.000030 0.000014 0.001579 0.998329 0.000048
3 3 0.000102 0.000020 0.001323 0.998454 0.000100
3 3 0.000022 0.000008 0.001570 0.998380 0.000020
3 3 0.000036 0.000008 0.000868 0.999058 0.000030
3 3 0.000019 0.000003 0.000596 0.999368 0.000013
3 3 0.000037 0.000004 0.000434 0.999501 0.000024
3 3 0.000028 0.000008 0.000649 0.999249 0.000066
3 3 0.000106 0.000026 0.001290 0.998418 0.000160
3 3 0.000040 0.000007 0.000463 0.999423 0.000067
3 3 0.000040 0.000006 0.000427 0.999474 0.000054
3 3 0.000028 0.000005 0.000515 0.999427 0.000026
3 3 0.000282 0.000030 0.001463 0.998097 0.000128
3 3 0.000209 0.000063 0.004887 0.994702 0.000139
3 3 0.000259 0.000179 0.010000 0.989351 0.000211
3 3 0.001200 0.002560 0.173031 0.822625 0.000584
3 3 0.001051 0.002967 0.188809 0.806655 0.000518
3 3 0.002574 0.002890 0.131033 0.862368 0.001135
3 3 0.002094 0.002935 0.220862 0.773551 0.000558
2 3 0.006828 0.022586 0.587819 0.377809 0.004959
3 3 0.003701 0.006689 0.326457 0.660835 0.002318
2 3 0.000701 0.004039 0.546680 0.448090 0.000491
3 3 0.000342 0.001734 0.389329 0.608302 0.000292
3 3 0.004347 0.006973 0.359482 0.628090 0.001107
3 3 0.002817 0.006715 0.343287 0.646271 0.000910
3 3 0.001015 0.002702 0.331170 0.664622 0.000491
3 3 0.000803 0.001799 0.210479 0.786542 0.000377
3 3 0.001072 0.003962 0.281909 0.712477 0.000581
3 3 0.001401 0.003774 0.341122 0.653173 0.000530
3 3 0.010976 0.014396 0.330418 0.639974 0.004236
3 3 0.006397 0.007271 0.406219 0.578002 0.002110
0 3 0.678481 0.074169 0.177595 0.043699 0.026056
3 3 0.030737 0.047520 0.317186 0.585870 0.018687
0 3 0.554658 0.210340 0.215945 0.004225 0.014832
2 3 0.090855 0.347590 0.491245 0.042202 0.028108
2 3 0.031376 0.053919 0.579665 0.325187 0.009853
3 3 0.009572 0.022220 0.383524 0.580283 0.004401
2 3 0.002946 0.019558 0.558464 0.417128 0.001904
2 3 0.001174 0.006566 0.906211 0.085796 0.000254
1 2 0.287366 0.456836 0.201860 0.004254 0.049684
1 2 0.146730 0.494654 0.299061 0.014242 0.045313
2 2 0.004382 0.106849 0.750951 0.069128 0.068689
2 2 0.003357 0.076359 0.571781 0.270374 0.078129
2 2 0.003960 0.116454 0.582170 0.056206 0.241211
2 2 0.001673 0.086994 0.642202 0.025373 0.243757
2 2 0.000807 0.036064 0.641363 0.174042 0.147725
2 2 0.003504 0.130111 0.554927 0.026032 0.285425
2 2 0.001613 0.082413 0.619983 0.014673 0.281318
2 2 0.000954 0.040926 0.648469 0.098017 0.211635
2 2 0.004275 0.205371 0.483289 0.003055 0.304010
2 2 0.002160 0.106963 0.573947 0.015507 0.301422
2 2 0.001039 0.065516 0.717458 0.028719 0.187268
2 2 0.002442 0.108921 0.599302 0.023590 0.265744
2 2 0.002541 0.078358 0.517750 0.052020 0.349331
2 2 0.002143 0.070449 0.548463 0.012244 0.366701
2 2 0.003213 0.119255 0.604520 0.021065 0.251947
2 2 0.003883 0.134821 0.430906 0.006806 0.423584
2 2 0.001510 0.085355 0.588099 0.016295 0.308741
2 2 0.002362 0.105950 0.500067 0.011467 0.380154
2 2 0.001513 0.117312 0.523597 0.002201 0.355377
2 2 0.001121 0.096603 0.619129 0.001699 0.281448
2 2 0.001723 0.111970 0.453276 0.000681 0.432349
2 2 0.001278 0.102427 0.612527 0.003717 0.280051
4 2 0.002105 0.050802 0.208215 0.000053 0.738825
4 2 0.002644 0.067892 0.372521 0.001040 0.555903
2 2 0.003169 0.162866 0.467442 0.000262 0.366260
4 2 0.002956 0.128826 0.373786 0.001478 0.492955
2 1 0.002358 0.138014 0.520871 0.000210 0.338547
2 1 0.003351 0.177934 0.427811 0.000190 0.390714
2 1 0.002082 0.126430 0.525046 0.002409 0.344032
2 1 0.002890 0.152899 0.546369 0.004652 0.293190
2 1 0.017792 0.216392 0.488044 0.017639 0.260133
2 1 0.042504 0.213436 0.372663 0.009742 0.361655
2 1 0.017500 0.380072 0.522652 0.013110 0.066666
1 1 0.029534 0.449755 0.425350 0.019078 0.076283
2 1 0.009974 0.083361 0.625179 0.226883 0.054604
3 1 0.003401 0.026388 0.438112 0.519579 0.012519
2 1 0.013232 0.178976 0.650636 0.116441 0.040715
2 1 0.022427 0.286253 0.519153 0.128929 0.043238
2 2 0.010486 0.147176 0.679189 0.150752 0.012396
2 2 0.002876 0.034037 0.748154 0.209128 0.005805
2 2 0.011316 0.167729 0.780904 0.028021 0.012030
2 2 0.026363 0.327668 0.581477 0.036213 0.028280
2 2 0.028253 0.330498 0.594438 0.011358 0.035453
2 2 0.034598 0.379042 0.467262 0.088651 0.030447
2 2 0.013724 0.122589 0.744515 0.110918 0.008253
2 2 0.012445 0.175589 0.767830 0.032148 0.011987
2 2 0.038167 0.370591 0.521962 0.036588 0.032693
2 2 0.074485 0.351989 0.526285 0.016026 0.031215
1 2 0.098789 0.567228 0.241086 0.009390 0.083508
2 2 0.033606 0.396811 0.467209 0.065222 0.037151
2 2 0.003558 0.021888 0.883858 0.089808 0.000887
2 2 0.003284 0.028759 0.874315 0.092796 0.000846
2 2 0.005531 0.026723 0.904213 0.062740 0.000793
2 2 0.007740 0.036087 0.830444 0.124114 0.001615
2 2 0.028067 0.173102 0.776128 0.010730 0.011973
2 2 0.034812 0.366226 0.504575 0.068231 0.026156
2 2 0.017260 0.203074 0.737568 0.021205 0.020892
2 2 0.020275 0.324414 0.584000 0.042745 0.028566
2 2 0.022024 0.212503 0.710434 0.041844 0.013195
2 2 0.010464 0.100520 0.790431 0.088145 0.010440
2 2 0.003071 0.047979 0.902180 0.044839 0.001932
2 2 0.001533 0.017447 0.965657 0.014723 0.000641
2 2 0.001346 0.015795 0.968248 0.014005 0.000606
2 2 0.003378 0.032689 0.892592 0.069826 0.001516
2 2 0.113275 0.381332 0.456921 0.020395 0.028076
2 2 0.046539 0.316246 0.591131 0.022986 0.023099
2 2 0.013819 0.146697 0.807126 0.023792 0.008566
2 2 0.010619 0.166408 0.759607 0.053920 0.009445
2 2 0.003664 0.042367 0.879607 0.072767 0.001595
2 2 0.005502 0.019952 0.926689 0.046758 0.001099
2 2 0.002706 0.046844 0.934819 0.012875 0.002756
2 2 0.045815 0.277002 0.637269 0.017824 0.022090
2 2 0.014183 0.083785 0.839594 0.058926 0.003513
2 2 0.006346 0.038833 0.937219 0.016033 0.001570
2 2 0.004902 0.042518 0.942971 0.007736 0.001872
2 2 0.009171 0.095991 0.783148 0.107907 0.003783
2 2 0.018060 0.059045 0.876553 0.042571 0.003771
2 2 0.067801 0.209115 0.679965 0.031537 0.011581
0 2 0.425085 0.409304 0.106151 0.001581 0.057879
1 2 0.158014 0.578211 0.170070 0.024898 0.068807
2 2 0.016603 0.139729 0.722307 0.115307 0.006054
2 2 0.017160 0.127883 0.747979 0.100506 0.006471
1 2 0.082011 0.507782 0.325975 0.036831 0.047400
1 2 0.072419 0.478191 0.344101 0.065150 0.040138
2 2 0.031039 0.379379 0.486850 0.069109 0.033623
2 2 0.030125 0.368211 0.495387 0.075399 0.030878
1 2 0.158961 0.545484 0.220339 0.016916 0.058301
0 2 0.757820 0.162462 0.061812 0.001058 0.016849
1 2 0.070742 0.512757 0.312402 0.046809 0.057290
1 2 0.117653 0.559364 0.225380 0.035336 0.062268
1 2 0.266859 0.504700 0.160521 0.005357 0.062563
1 2 0.085993 0.521096 0.313834 0.026747 0.052331
2 2 0.031897 0.388657 0.499934 0.043439 0.036073
1 2 0.058973 0.457713 0.364689 0.078496 0.040129
1 2 0.239279 0.543146 0.140586 0.008223 0.068766
0 2 0.675467 0.202160 0.084684 0.002189 0.035500
0 2 0.966936 0.022321 0.008462 0.000029 0.002252
0 1 0.628920 0.265994 0.071405 0.001012 0.032669
2 1 0.035025 0.405488 0.457489 0.063073 0.038926
2 4 0.031270 0.394471 0.499706 0.035208 0.039345
4 4 0.021417 0.261811 0.330428 0.004179 0.382166
2 4 0.006892 0.185091 0.455682 0.005692 0.346642
2 4 0.001467 0.124709 0.561606 0.000627 0.311592
4 4 0.002772 0.187889 0.326779 0.000248 0.482311
2 4 0.004545 0.282015 0.380233 0.000241 0.332966
2 4 0.004741 0.256220 0.477873 0.000044 0.261123
4 4 0.003270 0.137190 0.371956 0.000969 0.486616
4 4 0.002003 0.125650 0.305986 0.000049 0.566312
2 4 0.003280 0.276986 0.379711 0.000033 0.339990
2 4 0.003414 0.240108 0.405828 0.000034 0.350616
4 4 0.002068 0.138772 0.402890 0.000049 0.456222
2 4 0.002616 0.168943 0.432895 0.000062 0.395484
4 4 0.058044 0.236807 0.169082 0.001281 0.534786
4 4 0.211360 0.265527 0.145681 0.002305 0.375127
4 4 0.011614 0.324117 0.254230 0.000082 0.409957
4 4 0.007542 0.211727 0.200972 0.000047 0.579713
4 4 0.001668 0.047680 0.093344 0.000007 0.857301
4 4 0.002019 0.044343 0.123353 0.000013 0.830271
4 4 0.001422 0.035183 0.180811 0.000282 0.782301
4 4 0.001700 0.031550 0.044978 0.000002 0.921771
4 4 0.035030 0.201328 0.087585 0.000021 0.676037
4 4 0.010153 0.075897 0.052884 0.000010 0.861056
4 4 0.003658 0.024117 0.022836 0.000004 0.949384
4 4 0.016866 0.113335 0.074246 0.000041 0.795512
4 4 0.003414 0.133957 0.219894 0.000025 0.642710
4 4 0.001692 0.056454 0.204693 0.000033 0.737128
4 4 0.006499 0.163635 0.297187 0.000131 0.532548
4 4 0.010792 0.258280 0.228005 0.000011 0.502912
4 4 0.003572 0.091600 0.126715 0.000004 0.778109
4 4 0.003098 0.102844 0.401939 0.000597 0.491523
4 4 0.001854 0.087573 0.342315 0.000069 0.568189
4 4 0.004538 0.133237 0.286039 0.000460 0.575726
4 4 0.010049 0.112797 0.080409 0.000010 0.796735
4 4 0.007903 0.080314 0.134387 0.000088 0.777308
4 4 0.002889 0.112361 0.160084 0.000032 0.724634
4 4 0.001860 0.128190 0.396538 0.000130 0.473282
2 4 0.000879 0.072944 0.564618 0.001163 0.360396
2 4 0.003479 0.206518 0.456632 0.000265 0.333105
4 4 0.001950 0.076237 0.302743 0.000512 0.618557
4 4 0.001910 0.055414 0.249107 0.001562 0.692007
2 4 0.001449 0.086332 0.533080 0.000667 0.378471
4 4 0.002170 0.162578 0.397436 0.000051 0.437765
2 4 0.002345 0.115854 0.548730 0.002165 0.330906
2 4 0.003364 0.223927 0.461579 0.000284 0.310847
2 4 0.002540 0.139011 0.457940 0.000369 0.400140
2 4 0.002141 0.148299 0.487330 0.000204 0.362025
2 4 0.001824 0.104684 0.599839 0.001344 0.292309
2 4 0.004374 0.178954 0.524940 0.006019 0.285713
2 4 0.001501 0.134632 0.549953 0.001072 0.312841
2 4 0.001931 0.130761 0.579312 0.000837 0.287160
2 2 0.004140 0.151201 0.565270 0.021205 0.258185
2 2 0.002286 0.127002 0.648375 0.009655 0.212682
2 2 0.003966 0.196400 0.543092 0.003960 0.252582
2 2 0.001619 0.097578 0.670050 0.013324 0.217429
4 2 0.099721 0.349750 0.117772 0.000269 0.432487
1 2 0.078931 0.389223 0.192128 0.004916 0.334801
1 2 0.017655 0.421276 0.394306 0.004345 0.162418
2 2 0.014314 0.313270 0.484322 0.015801 0.172293
2 2 0.042382 0.315319 0.438148 0.030473 0.173677
0 2 0.755076 0.168433 0.048729 0.000347 0.027416
1 2 0.179579 0.584738 0.137764 0.002968 0.094951
1 2 0.138135 0.575911 0.185505 0.030069 0.070380
1 2 0.041625 0.505674 0.338817 0.018804 0.095080
2 2 0.030249 0.429325 0.452192 0.029765 0.058468
2 2 0.011663 0.171383 0.717964 0.081845 0.017146
2 2 0.010565 0.105881 0.861478 0.012318 0.009758
2 2 0.003702 0.068888 0.912375 0.011078 0.003956
2 2 0.017659 0.202866 0.737892 0.027526 0.014056
2 2 0.008912 0.107412 0.872787 0.002717 0.008172
2 2 0.001284 0.053330 0.928190 0.014098 0.003099
2 2 0.002109 0.019712 0.957964 0.019121 0.001094
2 2 0.005863 0.077090 0.901123 0.011697 0.004227
2 2 0.028531 0.080826 0.883162 0.002704 0.004778
2 2 0.130570 0.344472 0.481396 0.019881 0.023681
2 2 0.040366 0.302381 0.550896 0.082449 0.023908
2 2 0.137458 0.349985 0.476156 0.008227 0.028173
1 2 0.116633 0.585144 0.188360 0.004366 0.105497
1 2 0.048588 0.504117 0.353908 0.011910 0.081477
2 2 0.001462 0.068244 0.825735 0.074758 0.029802
2 2 0.000459 0.034752 0.889001 0.057017 0.018772
2 2 0.013857 0.286664 0.585420 0.035071 0.078988
2 2 0.003284 0.139468 0.786651 0.004767 0.065831
2 2 0.000447 0.009028 0.857792 0.128902 0.003831
2 2 0.000253 0.009513 0.827697 0.159018 0.003520
2 2 0.000043 0.012356 0.982889 0.001829 0.002884
2 2 0.000029 0.010306 0.985653 0.002283 0.001729
2 2 0.000065 0.007593 0.978457 0.012901 0.000984
2 2 0.000194 0.007857 0.979013 0.011873 0.001063
2 2 0.273664 0.323213 0.371012 0.004190 0.027921
0 2 0.544160 0.326892 0.086850 0.001638 0.040460
2 2 0.042254 0.420773 0.467460 0.031406 0.038108
1 2 0.056030 0.449209 0.401587 0.055242 0.037932
2 2 0.013034 0.090947 0.795022 0.097572 0.003426
2 2 0.004368 0.037904 0.918141 0.038298 0.001288
1 2 0.288065 0.347069 0.328294 0.006674 0.029897
1 2 0.179762 0.413419 0.359984 0.014408 0.032426
1 2 0.093620 0.432701 0.422665 0.012968 0.038047
0 2 0.441499 0.362918 0.144531 0.001130 0.049922
0 2 0.703618 0.212650 0.057082 0.000593 0.026057
1 2 0.158044 0.578222 0.170045 0.024875 0.068814
1 2 0.058991 0.502917 0.323719 0.052456 0.061918
2 2 0.029354 0.415094 0.469085 0.034658 0.051809
2 2 0.103470 0.334119 0.526396 0.010999 0.025016
2 2 0.026748 0.152708 0.787029 0.025750 0.007764
2 2 0.001523 0.018067 0.975704 0.003961 0.000745
2 2 0.001624 0.011865 0.941197 0.044934 0.000381
2 2 0.002629 0.043453 0.933341 0.018756 0.001821
2 2 0.002729 0.019638 0.952488 0.024484 0.000661
2 2 0.001292 0.027821 0.957078 0.012662 0.001147
2 2 0.000509 0.008403 0.969035 0.021732 0.000321
2 2 0.000840 0.007143 0.841540 0.149894 0.000584
2 2 0.003234 0.025307 0.837262 0.132304 0.001892
2 2 0.004657 0.016496 0.840394 0.136947 0.001506
2 2 0.004440 0.024126 0.879894 0.090147 0.001393
2 2 0.002294 0.011330 0.753350 0.231980 0.001045
2 2 0.002556 0.009661 0.540632 0.446001 0.001150
0 2 0.671470 0.136108 0.169169 0.005868 0.017384
0 2 0.828079 0.120741 0.037120 0.000326 0.013734
1 2 0.269052 0.535719 0.118353 0.003401 0.073474
1 2 0.405263 0.434693 0.100016 0.001887 0.058142
0 2 0.815042 0.131089 0.038241 0.000302 0.015327
0 2 0.484124 0.345416 0.126988 0.006885 0.036586
0 0 0.966820 0.020087 0.011282 0.000154 0.001657
0 0 0.965700 0.021680 0.010607 0.000093 0.001920
0 0 0.996441 0.001620 0.001735 0.000024 0.000179
0 0 0.998937 0.000445 0.000579 0.000004 0.000034
0 0 0.904398 0.067037 0.020932 0.000104 0.007529
0 0 0.491366 0.367167 0.093038 0.001800 0.046629
1 1 0.385014 0.446161 0.108002 0.002644 0.058179
1 1 0.161172 0.579310 0.167397 0.022564 0.069557
1 1 0.253690 0.498107 0.179290 0.014490 0.054423
0 1 0.881361 0.079125 0.031172 0.000440 0.007902
0 1 0.786776 0.151404 0.043589 0.000387 0.017844
1 1 0.178085 0.582181 0.153119 0.013319 0.073295
0 0 0.951219 0.029146 0.015113 0.000212 0.004310
0 0 0.993365 0.003144 0.003235 0.000029 0.000227
0 0 0.993924 0.003349 0.002410 0.000014 0.000303
0 0 0.994438 0.003482 0.001715 0.000003 0.000363
1 0 0.255728 0.525644 0.120770 0.002140 0.095717
1 0 0.266935 0.545748 0.105184 0.001863 0.080271
1 0 0.061665 0.540565 0.288195 0.005170 0.104405
1 1 0.105503 0.581229 0.206940 0.012324 0.094004
1 1 0.032867 0.440731 0.303067 0.004824 0.218511
1 1 0.024967 0.474515 0.294075 0.000844 0.205599
4 1 0.002264 0.130320 0.380811 0.000020 0.486585
4 1 0.002599 0.179521 0.379454 0.000055 0.438371
4 1 0.002371 0.102208 0.349994 0.000096 0.545330
4 4 0.002357 0.086786 0.216605 0.000009 0.694243
4 4 0.002238 0.016695 0.015265 0.000001 0.965801
4 4 0.002186 0.015886 0.023613 0.000004 0.958311
4 4 0.002663 0.045110 0.047586 0.000001 0.904640
4 4 0.005801 0.099096 0.077511 0.000003 0.817590
4 4 0.002520 0.033902 0.033971 0.000001 0.929607
4 4 0.006340 0.079823 0.113721 0.000068 0.800048
4 4 0.002267 0.115242 0.404438 0.000042 0.478010
2 4 0.000829 0.075691 0.481331 0.000015 0.442134
4 4 0.002890 0.014275 0.013372 0.000002 0.969460
4 4 0.001510 0.014230 0.015411 0.000001 0.968848
4 4 0.005808 0.182759 0.170712 0.000013 0.640708
4 4 0.002423 0.095944 0.189684 0.000008 0.711941
4 4 0.001868 0.048530 0.103784 0.000019 0.845798
4 4 0.003218 0.090539 0.121428 0.000018 0.784797
4 4 0.005212 0.069679 0.053990 0.000002 0.871117
4 4 0.004435 0.090367 0.076133 0.000002 0.829063
4 4 0.002168 0.029434 0.045938 0.000004 0.922456
4 4 0.001493 0.028532 0.041530 0.000001 0.928443
4 4 0.002798 0.066819 0.076688 0.000003 0.853692
4 4 0.002618 0.064365 0.069774 0.000002 0.863241
4 4 0.004758 0.095109 0.135529 0.000163 0.764441
4 4 0.002740 0.057068 0.046991 0.000000 0.893201
4 4 0.005043 0.186991 0.247865 0.000194 0.559907
4 4 0.002551 0.129530 0.301822 0.000073 0.566024
2 4 0.000694 0.052095 0.645324 0.003305 0.298582
2 4 0.002138 0.180643 0.473803 0.000165 0.343252
4 4 0.004243 0.174224 0.153825 0.000002 0.667706
4 4 0.002238 0.114755 0.207708 0.000025 0.675273
4 4 0.001838 0.061580 0.075019 0.000000 0.861562
4 4 0.001826 0.065440 0.104887 0.000001 0.827846
2 4 0.001239 0.100365 0.541898 0.000714 0.355784
2 4 0.002888 0.173479 0.463255 0.000819 0.359559
2 4 0.004982 0.322785 0.393983 0.000253 0.277998
2 4 0.001815 0.164457 0.594232 0.000864 0.238632
2 4 0.003044 0.170355 0.519766 0.003146 0.303690
2 4 0.014305 0.354797 0.363361 0.002589 0.264948
2 4 0.011951 0.291888 0.476629 0.014366 0.205166
2 4 0.004320 0.204135 0.576745 0.004897 0.209901
2 4 0.001619 0.064529 0.729453 0.126349 0.078051
2 1 0.003661 0.112316 0.620430 0.082626 0.180967
2 1 0.002809 0.131937 0.675841 0.017186 0.172227
2 1 0.001486 0.084720 0.747494 0.026045 0.140254
2 1 0.003913 0.086371 0.584499 0.276851 0.048366
2 1 0.001225 0.040865 0.710710 0.224125 0.023075
2 1 0.001224 0.064172 0.840757 0.060574 0.033273
2 1 0.000170 0.013749 0.938257 0.031206 0.016617
2 1 0.000066 0.008138 0.851521 0.129805 0.010470
2 2 0.000098 0.008022 0.928974 0.057391 0.005515
2 2 0.000023 0.002877 0.960585 0.034244 0.002271
2 2 0.000051 0.003980 0.744539 0.247838 0.003592
2 2 0.074376 0.351462 0.529039 0.002097 0.043026
1 2 0.112771 0.531418 0.282059 0.005057 0.068695
0 2 0.868327 0.097026 0.021617 0.000045 0.012986
0 2 0.519179 0.350352 0.083402 0.001164 0.045904
1 2 0.104228 0.559957 0.244157 0.023189 0.068469
1 2 0.072865 0.499689 0.322114 0.056224 0.049109
2 2 0.039385 0.391400 0.492298 0.046850 0.030067
2 2 0.107700 0.398993 0.444397 0.014450 0.034460
2 2 0.036149 0.198420 0.705489 0.049386 0.010556
2 2 0.056126 0.234820 0.666495 0.027820 0.014739
2 2 0.011799 0.260728 0.665449 0.039325 0.022699
2 2 0.015981 0.131127 0.833498 0.011570 0.007824
2 2 0.002583 0.085044 0.887079 0.019587 0.005707
2 2 0.001154 0.070372 0.911531 0.012137 0.004807
2 2 0.002780 0.011884 0.881634 0.103397 0.000306
2 2 0.000910 0.002652 0.896128 0.100221 0.000089
2 2 0.001275 0.012223 0.901406 0.084228 0.000867
2 2 0.003585 0.023573 0.941248 0.029499 0.002096
2 2 0.000463 0.008161 0.972334 0.018827 0.000214
2 2 0.000618 0.014309 0.957087 0.027475 0.000511
2 2 0.000753 0.005227 0.927787 0.066079 0.000154
2 2 0.001203 0.010836 0.904050 0.083212 0.000699
2 2 0.003122 0.012066 0.679663 0.304215 0.000934
2 2 0.001622 0.010511 0.691153 0.295456 0.001258
2 2 0.006211 0.014010 0.894775 0.084100 0.000904
2 2 0.001087 0.002337 0.648260 0.348024 0.000292
3 2 0.000188 0.001199 0.358964 0.639504 0.000145
3 3 0.000090 0.000243 0.313840 0.685808 0.000019
3 3 0.000537 0.003297 0.456373 0.539496 0.000297
3 3 0.000904 0.004323 0.474929 0.519317 0.000527
3 3 0.000348 0.000879 0.211089 0.787514 0.000170
3 3 0.000916 0.002743 0.299314 0.696662 0.000366
3 3 0.000420 0.002306 0.274720 0.722236 0.000318
3 3 0.000063 0.000359 0.364821 0.634716 0.000042
3 3 0.000295 0.001491 0.317085 0.680826 0.000303
3 3 0.000447 0.002033 0.277595 0.719423 0.000502
3 3 0.000213 0.000557 0.242644 0.756502 0.000083
3 3 0.000274 0.000667 0.109523 0.889384 0.000152
3 3 0.000068 0.000107 0.041496 0.958302 0.000026
3 3 0.000136 0.000246 0.058491 0.941062 0.000066
3 3 0.000133 0.000186 0.026988 0.972594 0.000099
3 3 0.000117 0.000217 0.047761 0.951812 0.000093
3 3 0.000132 0.000107 0.019449 0.980265 0.000047
3 3 0.000068 0.000067 0.018924 0.980912 0.000029
3 3 0.000147 0.000184 0.023981 0.975594 0.000095
3 3 0.000126 0.000161 0.024553 0.975032 0.000128
3 3 0.000117 0.000106 0.012067 0.987625 0.000085
3 3 0.000024 0.000021 0.006903 0.993031 0.000021
3 3 0.000037 0.000034 0.014604 0.985309 0.000016
3 3 0.000015 0.000013 0.008012 0.991951 0.000009
3 3 0.000061 0.000040 0.007292 0.992568 0.000038
3 3 0.000103 0.000069 0.009899 0.989854 0.000074
3 3 0.000311 0.000098 0.005231 0.994166 0.000194
3 3 0.000075 0.000033 0.003543 0.996279 0.000070
3 3 0.000248 0.000050 0.001821 0.997596 0.000284
3 3 0.000164 0.000040 0.001647 0.997926 0.000223
3 3 0.000028 0.000019 0.004980 0.994951 0.000022
3 3 0.000020 0.000009 0.002945 0.997012 0.000013
3 3 0.000031 0.000019 0.007066 0.992869 0.000014
3 3 0.000008 0.000004 0.004005 0.995978 0.000004
3 3 0.003061 0.000557 0.005455 0.987333 0.003594
3 3 0.000476 0.000091 0.002255 0.996516 0.000662
3 3 0.000033 0.000014 0.001795 0.998120 0.000038
3 3 0.000045 0.000027 0.003341 0.996535 0.000052
3 3 0.000034 0.000010 0.001936 0.998002 0.000018
3 3 0.000033 0.000013 0.001568 0.998341 0.000044
3 3 0.000091 0.000038 0.003278 0.996496 0.000096
3 3 0.000054 0.000023 0.003090 0.996792 0.000040
3 3 0.000378 0.000064 0.001084 0.997362 0.001113
3 3 0.000266 0.000063 0.001417 0.997593 0.000662
3 3 0.000273 0.000079 0.003877 0.995538 0.000233
3 3 0.000057 0.000016 0.001560 0.998319 0.000047
3 3 0.019886 0.005068 0.028020 0.931643 0.015383
3 3 0.092516 0.010342 0.034520 0.814629 0.047993
3 3 0.045600 0.049053 0.412328 0.478484 0.014535
2 3 0.161279 0.236427 0.558730 0.025369 0.018196
2 3 0.027649 0.063683 0.607413 0.294077 0.007178
2 3 0.041413 0.087144 0.672325 0.191294 0.007824
2 3 0.055349 0.172476 0.738098 0.026228 0.007849
2 3 0.019849 0.057024 0.842827 0.077938 0.002362
2 3 0.037236 0.100193 0.784434 0.073138 0.004999
2 3 0.136432 0.196005 0.638013 0.020613 0.008938
2 3 0.030259 0.103219 0.778159 0.081531 0.006832
2 3 0.021439 0.146253 0.752834 0.073145 0.006329
2 3 0.010323 0.059892 0.863996 0.063414 0.002376
2 3 0.007920 0.051196 0.836820 0.101912 0.002152
2 3 0.229849 0.309500 0.428304 0.012388 0.019959
2 3 0.029574 0.104724 0.813754 0.040300 0.011648
2 3 0.002965 0.024653 0.861724 0.109489 0.001169
2 3 0.001415 0.010126 0.876453 0.111327 0.000678
2 2 0.000770 0.007539 0.889567 0.101022 0.001102
2 2 0.000481 0.005430 0.752286 0.241322 0.000482
2 2 0.000524 0.004186 0.858139 0.136907 0.000244
2 2 0.001344 0.010678 0.870454 0.117005 0.000518
2 2 0.001102 0.009936 0.922247 0.066094 0.000621
2 2 0.003167 0.038797 0.813242 0.142323 0.002471
2 2 0.026607 0.133040 0.798587 0.013627 0.028139
2 2 0.089596 0.423561 0.429462 0.024941 0.032440
3 2 0.000853 0.008749 0.301704 0.685864 0.002829
3 2 0.001009 0.013905 0.484681 0.497358 0.003047
2 2 0.000302 0.016642 0.681970 0.292928 0.008157
2 2 0.000030 0.003151 0.880169 0.113079 0.003572
2 2 0.001877 0.096910 0.634521 0.020453 0.246238
2 2 0.002005 0.108966 0.603207 0.012152 0.273670
4 2 0.006184 0.056240 0.055069 0.000030 0.882476
4 4 0.004505 0.028074 0.029724 0.000025 0.937673
2 4 0.001130 0.082459 0.520969 0.005412 0.390031
4 4 0.001480 0.092428 0.439718 0.001859 0.464515
4 4 0.011324 0.222254 0.251315 0.000723 0.514383
2 4 0.002911 0.138445 0.435651 0.000549 0.422444
4 4 0.002556 0.080757 0.392046 0.001356 0.523285
4 4 0.004060 0.140645 0.420839 0.001297 0.433159
4 4 0.003404 0.065349 0.200427 0.000342 0.730478
4 4 0.002540 0.068312 0.076538 0.000002 0.852607
4 4 0.002204 0.070650 0.217144 0.000181 0.709821
4 4 0.001606 0.077856 0.206880 0.000080 0.713577
4 4 0.001070 0.061551 0.314058 0.000033 0.623287
4 4 0.001621 0.087079 0.338307 0.000289 0.572704
4 4 0.002091 0.070938 0.267382 0.000817 0.658772
4 4 0.004171 0.146386 0.271991 0.000293 0.577158
4 4 0.003300 0.124921 0.311311 0.000252 0.560216
4 4 0.008635 0.268570 0.300423 0.000568 0.421803
4 4 0.002729 0.154886 0.331573 0.000223 0.510589
4 4 0.001406 0.079988 0.450470 0.000864 0.467272
4 4 0.001939 0.041808 0.085629 0.000031 0.870594
4 4 0.001850 0.032983 0.095898 0.000024 0.869246
2 4 0.001168 0.118679 0.548790 0.000189 0.331174
2 4 0.000967 0.074816 0.569483 0.000324 0.354410
4 4 0.000862 0.032425 0.136937 0.000025 0.829751
4 4 0.002497 0.125435 0.196141 0.000042 0.675885
2 4 0.001415 0.113521 0.479070 0.000228 0.405767
4 4 0.001610 0.151389 0.378917 0.000136 0.467947
4 4 0.003112 0.215387 0.364114 0.000387 0.417000
2 4 0.003905 0.194936 0.410499 0.001292 0.389367
2 4 0.001862 0.113104 0.655016 0.003521 0.226497
2 4 0.002356 0.100889 0.619824 0.030247 0.246684
0 4 0.599315 0.294777 0.065449 0.000526 0.039933
1 1 0.379827 0.439677 0.122067 0.004973 0.053456
2 1 0.016593 0.325395 0.584069 0.031112 0.042831
2 1 0.023693 0.377535 0.517798 0.035079 0.045894
2 1 0.018988 0.293688 0.571720 0.078997 0.036607
2 1 0.014384 0.272580 0.624897 0.055886 0.032253
2 1 0.014396 0.295599 0.625497 0.035441 0.029067
2 1 0.011566 0.187704 0.650293 0.126793 0.023644
2 1 0.004987 0.048336 0.873219 0.069317 0.004141
2 1 0.013764 0.260890 0.641557 0.060776 0.023013
2 1 0.003366 0.068028 0.815584 0.104682 0.008340
2 2 0.004917 0.051364 0.892193 0.045421 0.006106
2 2 0.015499 0.121840 0.804789 0.049631 0.008241
2 2 0.071816 0.411986 0.465708 0.008255 0.042235
2 2 0.003335 0.086717 0.730114 0.160977 0.018856
2 2 0.000262 0.028058 0.935395 0.026210 0.010075
2 2 0.000025 0.008775 0.985332 0.003514 0.002354
2 2 0.000108 0.017035 0.964717 0.014956 0.003184
2 2 0.004492 0.052360 0.833229 0.105002 0.004917
2 2 0.004507 0.085706 0.830252 0.073694 0.005840
2 2 0.002486 0.017852 0.933701 0.042578 0.003382
2 2 0.000511 0.009886 0.892541 0.094585 0.002479
2 2 0.000564 0.020505 0.866102 0.105682 0.007147
2 2 0.000067 0.004593 0.976974 0.016818 0.001548
2 2 0.000331 0.011149 0.911960 0.074925 0.001636
2 2 0.000091 0.013221 0.977416 0.007486 0.001786
2 2 0.000029 0.004707 0.977016 0.016564 0.001684
2 2 0.000121 0.016132 0.948111 0.031264 0.004372
2 2 0.000933 0.014546 0.918972 0.063206 0.002343
2 2 0.001511 0.033926 0.940553 0.018046 0.005964
2 2 0.180965 0.335616 0.448405 0.011728 0.023286
2 2 0.048981 0.206352 0.686944 0.044237 0.013486
2 2 0.010377 0.063867 0.837229 0.086548 0.001978
2 2 0.008553 0.019171 0.950838 0.020756 0.000682
2 2 0.014715 0.122579 0.714292 0.143642 0.004772
2 2 0.012426 0.102115 0.826239 0.054751 0.004470
2 2 0.005271 0.048678 0.920587 0.023542 0.001922
2 2 0.006524 0.039481 0.936605 0.015776 0.001614
0 0 0.973239 0.016385 0.008916 0.000089 0.001371
0 0 0.905846 0.065401 0.021468 0.000125 0.007159
1 0 0.188280 0.582529 0.143361 0.008295 0.077535
0 1 0.435443 0.406939 0.103451 0.002491 0.051676
2 1 0.047915 0.438017 0.438529 0.035871 0.039668
1 1 0.092353 0.517758 0.309194 0.033332 0.047363
0 1 0.787490 0.145755 0.050250 0.000842 0.015663
0 1 0.977837 0.013525 0.007449 0.000065 0.001123
1 1 0.044413 0.526734 0.252097 0.001242 0.175515
1 1 0.053354 0.536760 0.221100 0.000605 0.188181
2 1 0.008989 0.131690 0.747686 0.102751 0.008885
2 1 0.012355 0.092887 0.802839 0.080039 0.011879
2 1 0.004324 0.056456 0.708210 0.222841 0.008168
2 1 0.004792 0.058177 0.851115 0.080389 0.005527
2 1 0.001720 0.009616 0.783018 0.204985 0.000661
2 2 0.002485 0.010753 0.866810 0.118851 0.001100
2 2 0.246892 0.334236 0.381832 0.013899 0.023141
2 2 0.052778 0.322242 0.536496 0.069047 0.019437
2 2 0.017721 0.093144 0.772762 0.106036 0.010338
2 2 0.079832 0.212637 0.656941 0.040667 0.009923
2 2 0.004433 0.042573 0.778133 0.172039 0.002822
2 2 0.001917 0.011014 0.779712 0.206669 0.000689
2 2 0.023350 0.095463 0.738063 0.139612 0.003512
2 2 0.011296 0.069376 0.662064 0.253100 0.004164
2 2 0.006757 0.038984 0.905716 0.044436 0.004107
2 2 0.000663 0.015683 0.903256 0.078335 0.002063
2 2 0.001310 0.019213 0.786108 0.190453 0.002915
2 2 0.000603 0.010428 0.947549 0.040441 0.000979
2 2 0.121568 0.126802 0.683332 0.029940 0.038358
2 2 0.192707 0.224438 0.436220 0.070811 0.075824
2 2 0.006583 0.046856 0.665959 0.272345 0.008257
2 2 0.002302 0.014615 0.657054 0.318916 0.007112
2 2 0.000300 0.015893 0.867791 0.112137 0.003880
2 2 0.000397 0.013213 0.937893 0.044396 0.004101
2 2 0.000496 0.009217 0.865872 0.122980 0.001435
2 2 0.000579 0.004187 0.875657 0.119213 0.000364
2 2 0.001151 0.017489 0.871363 0.105242 0.004755
2 2 0.000361 0.006139 0.874132 0.117445 0.001923
2 2 0.033788 0.127657 0.764266 0.064439 0.009849
2 2 0.196585 0.302116 0.472331 0.010182 0.018786
2 3 0.002040 0.078305 0.791916 0.099721 0.028018
2 3 0.000571 0.033966 0.913351 0.037966 0.014146
2 3 0.000629 0.007578 0.769620 0.220875 0.001297
2 3 0.000282 0.004683 0.801548 0.192948 0.000538
2 3 0.000687 0.004850 0.879182 0.114991 0.000291
2 3 0.000532 0.004528 0.937621 0.057048 0.000271
2 3 0.037941 0.077000 0.865036 0.016980 0.003044
0 3 0.593319 0.231942 0.152939 0.001990 0.019809
2 3 0.020415 0.127165 0.632383 0.213573 0.006464
2 3 0.015921 0.113676 0.594699 0.269187 0.006516
2 3 0.013438 0.070801 0.663798 0.249465 0.002499
2 3 0.012045 0.032992 0.771432 0.181412 0.002119
2 3 0.000941 0.007123 0.918840 0.072791 0.000305
2 3 0.002083 0.017235 0.730331 0.249034 0.001316
2 3 0.000887 0.005777 0.607182 0.384947 0.001207
2 2 0.000336 0.002829 0.663164 0.333360 0.000310
2 2 0.001126 0.010197 0.890537 0.097089 0.001051
2 2 0.000927 0.014966 0.900130 0.083050 0.000927
2 2 0.000745 0.005945 0.934911 0.058247 0.000153
2 2 0.003331 0.022060 0.856075 0.117532 0.001002
2 2 0.001077 0.012693 0.751878 0.233084 0.001268
2 2 0.000729 0.006590 0.825951 0.165955 0.000775
2 2 0.000459 0.002540 0.653788 0.342968 0.000244
2 2 0.000645 0.003597 0.594369 0.401094 0.000296
2 2 0.001896 0.015583 0.694009 0.287556 0.000956
2 2 0.001006 0.005725 0.744229 0.248735 0.000305
2 2 0.001908 0.006801 0.819641 0.171335 0.000316
2 2 0.002036 0.010642 0.590139 0.396260 0.000923
2 2 0.001013 0.006367 0.519997 0.471837 0.000786
3 2 0.000867 0.003263 0.465093 0.530395 0.000382
3 2 0.000894 0.004155 0.284507 0.709827 0.000617
3 2 0.000378 0.001626 0.425389 0.572451 0.000156
2 2 0.003070 0.012000 0.634192 0.349013 0.001726
2 2 0.001466 0.005936 0.502692 0.489200 0.000705
3 2 0.001353 0.004146 0.405204 0.588821 0.000475
3 2 0.002218 0.003651 0.214884 0.778655 0.000592
