0 0 0.944908 0.044374 0.006888 0.000001 0.003829
0 0 0.953658 0.036387 0.006828 0.000002 0.003125
0 0 0.979949 0.008558 0.000479 0.000000 0.011013
0 0 0.995273 0.001488 0.000103 0.000000 0.003136
0 0 0.995533 0.000568 0.000026 0.000000 0.003873
0 0 0.991453 0.001081 0.000047 0.000000 0.007419
0 0 0.972522 0.010863 0.000512 0.000000 0.016102
0 0 0.991453 0.004737 0.000298 0.000000 0.003512
0 0 0.995260 0.002592 0.000225 0.000000 0.001923
0 0 0.995353 0.002794 0.000234 0.000000 0.001619
0 0 0.993981 0.001936 0.000139 0.000000 0.003943
0 0 0.977943 0.010115 0.000520 0.000000 0.011423
0 0 0.996572 0.001652 0.000119 0.000000 0.001657
0 0 0.996537 0.001668 0.000114 0.000000 0.001681
0 0 0.994861 0.001699 0.000107 0.000000 0.003333
0 0 0.990775 0.003234 0.000220 0.000000 0.005771
0 0 0.954369 0.030994 0.003852 0.000003 0.010782
0 0 0.978627 0.013128 0.001016 0.000000 0.007228
0 0 0.992795 0.003994 0.000468 0.000001 0.002742
0 0 0.991243 0.004951 0.000550 0.000001 0.003255
0 0 0.985413 0.009029 0.001002 0.000001 0.004556
0 0 0.987659 0.006951 0.000490 0.000000 0.004901
0 0 0.988841 0.007508 0.001755 0.000011 0.001885
0 0 0.990424 0.006425 0.001502 0.000010 0.001639
0 0 0.992981 0.004708 0.001366 0.000014 0.000930
0 0 0.991805 0.005465 0.001776 0.000022 0.000931
0 0 0.996638 0.001961 0.000376 0.000005 0.001021
0 0 0.994091 0.003450 0.000656 0.000008 0.001794
0 0 0.990392 0.006363 0.001050 0.000003 0.002192
0 0 0.989864 0.006731 0.001100 0.000003 0.002302
0 0 0.964306 0.025737 0.007145 0.000016 0.002795
0 0 0.973569 0.019237 0.005149 0.000009 0.002036
0 0 0.952572 0.034306 0.010050 0.000019 0.003054
0 0 0.968442 0.022236 0.007237 0.000024 0.002061
0 0 0.989475 0.006585 0.000840 0.000001 0.003099
0 0 0.982730 0.010859 0.002054 0.000005 0.004352
0 0 0.979652 0.015023 0.002806 0.000003 0.002517
0 0 0.980143 0.014755 0.002731 0.000002 0.002369
0 0 0.981225 0.013218 0.003434 0.000013 0.002110
0 0 0.990492 0.006509 0.001760 0.000012 0.001227
0 0 0.974572 0.017480 0.005645 0.000037 0.002265
0 0 0.974784 0.016887 0.006402 0.000063 0.001865
0 0 0.990967 0.006126 0.002371 0.000015 0.000522
0 0 0.976637 0.016334 0.005154 0.000023 0.001853
0 0 0.962184 0.026577 0.005522 0.000014 0.005703
0 0 0.984098 0.011748 0.001790 0.000001 0.002363
0 0 0.980896 0.013145 0.003649 0.000023 0.002287
0 0 0.983714 0.011123 0.003537 0.000028 0.001598
0 0 0.990810 0.006234 0.001650 0.000012 0.001294
0 0 0.991149 0.005931 0.001598 0.000015 0.001306
0 0 0.991668 0.005761 0.001240 0.000005 0.001327
0 0 0.993366 0.004524 0.001038 0.000005 0.001067
0 0 0.984305 0.010958 0.001915 0.000003 0.002819
0 0 0.976212 0.016915 0.002703 0.000003 0.004167
0 0 0.972250 0.019010 0.006290 0.000044 0.002406
0 0 0.968197 0.021993 0.007061 0.000041 0.002709
0 0 0.978225 0.015451 0.004196 0.000014 0.002113
0 0 0.977178 0.016124 0.004565 0.000017 0.002116
0 0 0.989116 0.007674 0.002090 0.000008 0.001112
0 0 0.984941 0.010794 0.002603 0.000007 0.001655
0 0 0.981315 0.012704 0.002183 0.000005 0.003793
0 0 0.986458 0.009285 0.001573 0.000003 0.002680
0 0 0.987128 0.006812 0.000961 0.000006 0.005093
0 0 0.984408 0.009636 0.001290 0.000003 0.004663
0 0 0.975920 0.015762 0.002999 0.000014 0.005304
0 0 0.975593 0.015994 0.003026 0.000014 0.005374
0 0 0.993941 0.004109 0.000996 0.000006 0.000948
0 0 0.981033 0.012842 0.003043 0.000018 0.003063
0 0 0.941449 0.042051 0.008817 0.000017 0.007666
0 0 0.965768 0.023028 0.005371 0.000015 0.005818
0 0 0.972593 0.020257 0.004650 0.000006 0.002493
0 0 0.977787 0.015990 0.004508 0.000011 0.001704
0 0 0.979008 0.014909 0.003645 0.000011 0.002426
0 0 0.988891 0.007706 0.001975 0.000010 0.001418
0 0 0.990433 0.005973 0.000686 0.000001 0.002907
0 0 0.992113 0.004889 0.000546 0.000001 0.002452
0 0 0.987737 0.007876 0.001079 0.000002 0.003305
0 0 0.981034 0.011957 0.001524 0.000002 0.005484
0 0 0.923850 0.056308 0.014864 0.000017 0.004961
0 0 0.895210 0.075749 0.023133 0.000038 0.005870
0 0 0.980727 0.012451 0.001892 0.000004 0.004926
0 0 0.991127 0.005577 0.000775 0.000002 0.002520
0 0 0.989892 0.006849 0.001871 0.000015 0.001373
0 0 0.982595 0.011885 0.003092 0.000020 0.002408
0 0 0.996570 0.002186 0.000543 0.000008 0.000694
0 0 0.994771 0.003540 0.000885 0.000006 0.000798
0 0 0.987216 0.008504 0.001548 0.000005 0.002727
0 0 0.988837 0.007587 0.001679 0.000008 0.001888
0 0 0.910195 0.063491 0.017145 0.000061 0.009108
0 0 0.950094 0.034973 0.011240 0.000045 0.003648
0 0 0.964849 0.024715 0.007174 0.000030 0.003233
0 0 0.927911 0.050753 0.014937 0.000059 0.006340
0 0 0.957592 0.029609 0.007747 0.000035 0.005018
0 0 0.968309 0.021892 0.006570 0.000040 0.003189
0 0 0.965974 0.024618 0.003990 0.000004 0.005414
0 0 0.968659 0.022400 0.003709 0.000004 0.005229
0 0 0.989833 0.005874 0.001080 0.000012 0.003200
0 0 0.994365 0.002828 0.000470 0.000008 0.002328
0 0 0.986483 0.009003 0.002184 0.000017 0.002313
0 0 0.985877 0.009542 0.001977 0.000009 0.002596
0 0 0.988675 0.007953 0.002060 0.000008 0.001305
0 0 0.986776 0.009041 0.002090 0.000011 0.002083
0 0 0.983095 0.010268 0.002135 0.000003 0.004499
0 0 0.950570 0.034847 0.007256 0.000018 0.007309
0 0 0.982527 0.011465 0.002153 0.000009 0.003846
0 0 0.992842 0.004587 0.000902 0.000006 0.001663
0 0 0.934745 0.044351 0.017140 0.000097 0.003668
0 0 0.936169 0.043796 0.016729 0.000070 0.003236
0 0 0.952226 0.033822 0.010880 0.000032 0.003040
0 0 0.905579 0.066758 0.021917 0.000062 0.005684
0 0 0.987127 0.007983 0.001264 0.000005 0.003622
0 0 0.987520 0.008023 0.001045 0.000001 0.003410
0 0 0.982286 0.012419 0.003437 0.000015 0.001842
0 0 0.977377 0.015969 0.004793 0.000018 0.001844
0 0 0.946181 0.037880 0.011891 0.000044 0.004003
0 0 0.970540 0.020890 0.006200 0.000021 0.002349
0 0 0.976549 0.015754 0.004601 0.000008 0.003089
0 0 0.953107 0.031994 0.010377 0.000081 0.004441
0 0 0.933184 0.049265 0.011481 0.000015 0.006055
0 0 0.930650 0.055011 0.007456 0.000001 0.006882
0 0 0.944822 0.039701 0.010622 0.000026 0.004830
0 0 0.958946 0.031968 0.004419 0.000001 0.004666
0 0 0.988473 0.006827 0.000782 0.000001 0.003917
0 0 0.987564 0.007552 0.000737 0.000000 0.004147
0 0 0.992087 0.004942 0.001164 0.000017 0.001790
0 0 0.993451 0.003995 0.000917 0.000015 0.001621
0 0 0.955809 0.030517 0.007714 0.000040 0.005921
0 0 0.933663 0.046576 0.012365 0.000051 0.007345
0 0 0.944867 0.040825 0.008727 0.000010 0.005572
0 0 0.936545 0.046537 0.009121 0.000011 0.007786
0 0 0.966175 0.023538 0.006222 0.000030 0.004034
0 0 0.921868 0.052345 0.017112 0.000191 0.008483
0 0 0.965674 0.023145 0.002913 0.000002 0.008265
0 0 0.956106 0.030088 0.003367 0.000001 0.010437
0 0 0.993097 0.003996 0.000450 0.000001 0.002457
0 0 0.981183 0.011922 0.001169 0.000001 0.005726
0 0 0.976723 0.016742 0.003126 0.000005 0.003404
0 0 0.972324 0.019920 0.003741 0.000005 0.004010
0 0 0.961183 0.027259 0.004662 0.000007 0.006890
0 0 0.966275 0.023090 0.003640 0.000006 0.006989
0 0 0.920216 0.060722 0.012516 0.000007 0.006540
0 0 0.881256 0.085962 0.021628 0.000045 0.011109
0 0 0.982947 0.012529 0.002112 0.000002 0.002410
0 0 0.978465 0.015713 0.002296 0.000001 0.003525
0 0 0.952338 0.036041 0.007343 0.000005 0.004273
0 0 0.931572 0.052006 0.008581 0.000004 0.007837
0 0 0.878843 0.092211 0.020543 0.000011 0.008392
0 0 0.917331 0.061191 0.015504 0.000018 0.005957
0 0 0.939178 0.047582 0.008921 0.000002 0.004318
0 0 0.955464 0.033491 0.008036 0.000006 0.003002
0 0 0.903626 0.072732 0.018651 0.000011 0.004981
0 0 0.900693 0.077234 0.017388 0.000004 0.004681
0 0 0.940214 0.045390 0.010224 0.000006 0.004165
0 0 0.883366 0.087188 0.021348 0.000019 0.008079
0 0 0.855637 0.106501 0.029670 0.000031 0.008160
0 0 0.873369 0.095510 0.024803 0.000014 0.006305
0 0 0.926659 0.055998 0.008244 0.000002 0.009097
0 0 0.945773 0.039747 0.008301 0.000011 0.006167
0 0 0.975391 0.016618 0.001966 0.000001 0.006024
0 0 0.987254 0.008660 0.001648 0.000004 0.002435
0 0 0.978733 0.015538 0.001406 0.000000 0.004324
0 0 0.970134 0.020695 0.002235 0.000001 0.006935
0 0 0.916307 0.071040 0.009071 0.000000 0.003583
0 0 0.936211 0.053549 0.006915 0.000000 0.003325
0 0 0.936341 0.055010 0.005933 0.000000 0.002716
0 0 0.949917 0.042252 0.005493 0.000000 0.002339
0 0 0.718316 0.238440 0.023030 0.000000 0.020214
1 1 0.434264 0.464335 0.057875 0.000002 0.043524
1 1 0.049075 0.598048 0.179837 0.000001 0.173039
1 2 0.044089 0.558967 0.165118 0.000001 0.231825
1 2 0.026543 0.434498 0.254172 0.000019 0.284769
1 1 0.022951 0.404851 0.183984 0.000001 0.388213
1 2 0.105450 0.528334 0.072667 0.000000 0.293549
1 2 0.087228 0.508227 0.140909 0.000030 0.263605
1 2 0.041971 0.462356 0.307349 0.000414 0.187909
1 2 0.052242 0.440180 0.215170 0.000040 0.292368
1 2 0.160004 0.509952 0.079860 0.000011 0.250172
1 1 0.265090 0.378839 0.035589 0.000000 0.320481
4 1 0.080675 0.412138 0.083818 0.000002 0.423367
4 1 0.051881 0.353918 0.084214 0.000001 0.509986
4 1 0.030333 0.318125 0.081874 0.000000 0.569669
4 1 0.036491 0.387353 0.119018 0.000001 0.457138
1 1 0.170151 0.569143 0.089438 0.000016 0.171251
1 1 0.225070 0.547223 0.069563 0.000019 0.158124
1 1 0.159291 0.566712 0.068499 0.000001 0.205497
4 1 0.083638 0.383338 0.088518 0.000009 0.444498
0 0 0.529289 0.352318 0.035791 0.000004 0.082598
0 0 0.673537 0.230461 0.038927 0.000017 0.057058
0 1 0.816783 0.143174 0.015672 0.000001 0.024369
0 1 0.494124 0.408829 0.053742 0.000004 0.043301
1 1 0.053237 0.551788 0.278953 0.000098 0.115924
1 2 0.037138 0.475736 0.393150 0.000665 0.093311
2 2 0.001453 0.166945 0.818395 0.000081 0.013126
2 2 0.001246 0.151092 0.842599 0.000477 0.004586
2 2 0.000195 0.053269 0.943698 0.001384 0.001454
2 2 0.005684 0.120147 0.869696 0.000106 0.004366
2 2 0.003546 0.029583 0.941805 0.024047 0.001019
2 2 0.004821 0.037242 0.933512 0.023054 0.001371
2 2 0.017886 0.035794 0.881212 0.064433 0.000676
2 2 0.041130 0.071543 0.859788 0.026082 0.001456
2 2 0.021906 0.038862 0.887123 0.051332 0.000777
2 2 0.048973 0.066021 0.799693 0.083057 0.002257
3 2 0.001280 0.002725 0.495397 0.500570 0.000027
2 2 0.006129 0.011738 0.776711 0.205243 0.000180
2 1 0.026915 0.010688 0.652331 0.309962 0.000103
2 2 0.099643 0.063763 0.679365 0.155803 0.001427
2 2 0.028362 0.193206 0.756172 0.014405 0.007855
2 1 0.035985 0.252499 0.691051 0.008168 0.012296
2 2 0.023189 0.146344 0.792609 0.032172 0.005686
2 2 0.007312 0.080594 0.855419 0.053373 0.003302
2 2 0.034421 0.143065 0.791035 0.024849 0.006630
2 2 0.045800 0.166187 0.767166 0.012483 0.008365
2 2 0.024088 0.062733 0.785728 0.123880 0.003571
2 2 0.035953 0.083439 0.810090 0.065902 0.004616
2 2 0.007840 0.009037 0.497336 0.485560 0.000227
2 2 0.037215 0.018590 0.546299 0.397321 0.000575
2 2 0.004646 0.005654 0.500115 0.489496 0.000089
3 2 0.001618 0.001106 0.381757 0.615513 0.000006
3 2 0.002914 0.002567 0.289461 0.705003 0.000055
3 3 0.004130 0.001803 0.227489 0.766548 0.000031
3 3 0.001298 0.000559 0.129772 0.868362 0.000009
3 3 0.001088 0.000372 0.120889 0.877646 0.000004
3 3 0.000849 0.000411 0.120569 0.878165 0.000006
3 3 0.000322 0.000306 0.130369 0.868999 0.000004
3 3 0.002513 0.002288 0.268528 0.726622 0.000048
3 3 0.002147 0.001674 0.249539 0.746614 0.000026
3 3 0.000482 0.000201 0.092775 0.906540 0.000002
3 3 0.000451 0.000264 0.114028 0.885253 0.000003
3 3 0.026976 0.008077 0.222208 0.742243 0.000496
3 3 0.006721 0.002999 0.169046 0.821094 0.000140
3 3 0.001233 0.000480 0.043662 0.954587 0.000037
3 3 0.000464 0.000225 0.047597 0.951707 0.000008
3 3 0.000165 0.000080 0.054067 0.945687 0.000001
3 3 0.000184 0.000076 0.048481 0.951258 0.000001
3 3 0.000507 0.000278 0.084067 0.915142 0.000005
3 3 0.000345 0.000209 0.056547 0.942893 0.000006
3 3 0.000466 0.000143 0.035435 0.963952 0.000005
3 3 0.000493 0.000142 0.044422 0.954940 0.000003
3 3 0.000976 0.000445 0.056690 0.941870 0.000019
3 3 0.000423 0.000215 0.039347 0.960006 0.000009
3 3 0.000736 0.000393 0.076960 0.921899 0.000011
3 3 0.000614 0.000225 0.054134 0.945020 0.000006
3 3 0.000395 0.000318 0.040924 0.958343 0.000020
3 3 0.000643 0.000513 0.049106 0.949703 0.000035
3 3 0.000502 0.000293 0.050405 0.948788 0.000012
3 3 0.000536 0.000163 0.036155 0.963141 0.000006
3 3 0.000378 0.000264 0.027513 0.971821 0.000024
3 3 0.000251 0.000114 0.022337 0.977292 0.000007
3 3 0.000571 0.000281 0.027370 0.971753 0.000024
3 3 0.001104 0.000259 0.031795 0.966829 0.000013
3 3 0.000461 0.000199 0.039636 0.959697 0.000008
3 3 0.000826 0.000313 0.051274 0.947575 0.000011
3 3 0.003134 0.001396 0.065426 0.929939 0.000106
3 3 0.000647 0.000754 0.101141 0.897428 0.000029
3 2 0.018832 0.029113 0.457943 0.491649 0.002463
2 2 0.112048 0.053196 0.499246 0.332105 0.003405
2 2 0.047619 0.053489 0.558733 0.336798 0.003361
2 1 0.033702 0.050042 0.678151 0.235570 0.002536
2 2 0.040192 0.103912 0.653998 0.191554 0.010344
2 2 0.041571 0.077511 0.664874 0.209441 0.006603
2 2 0.067146 0.040505 0.584335 0.306080 0.001934
2 2 0.023623 0.019881 0.577468 0.378413 0.000615
3 2 0.034809 0.008419 0.226930 0.729343 0.000499
3 2 0.014054 0.003364 0.147238 0.835173 0.000171
2 2 0.079698 0.083551 0.684910 0.148678 0.003163
2 2 0.057486 0.116289 0.716765 0.105564 0.003896
2 2 0.051031 0.213242 0.707084 0.023523 0.005121
2 2 0.025502 0.176918 0.773684 0.019170 0.004726
2 2 0.083602 0.227728 0.655023 0.022222 0.011425
2 2 0.063339 0.185259 0.711914 0.026883 0.012605
2 3 0.034654 0.101765 0.775244 0.082122 0.006215
2 3 0.047024 0.079305 0.687214 0.180108 0.006348
2 2 0.004120 0.007338 0.540688 0.447717 0.000138
3 2 0.006037 0.007101 0.416392 0.570321 0.000149
2 2 0.048133 0.043035 0.514596 0.390150 0.004085
2 2 0.022663 0.027985 0.486743 0.459872 0.002737
3 3 0.008631 0.006816 0.310556 0.673743 0.000253
3 2 0.011252 0.004932 0.165014 0.818459 0.000343
2 2 0.057972 0.028205 0.557600 0.355411 0.000813
2 2 0.030108 0.026806 0.668158 0.274143 0.000784
3 2 0.004111 0.005497 0.487296 0.503012 0.000085
3 2 0.003576 0.005887 0.348541 0.641830 0.000166
3 2 0.003788 0.005505 0.388272 0.602273 0.000161
3 2 0.002110 0.004601 0.395630 0.597559 0.000101
3 3 0.002381 0.002068 0.200504 0.794993 0.000054
3 3 0.001157 0.000783 0.162590 0.835458 0.000013
3 3 0.002773 0.002023 0.146633 0.848494 0.000077
3 3 0.001217 0.000708 0.097849 0.900205 0.000021
3 3 0.001954 0.001735 0.167919 0.828339 0.000052
3 2 0.002325 0.001678 0.155248 0.840698 0.000051
2 2 0.167563 0.243596 0.527052 0.050057 0.011733
2 2 0.032101 0.131854 0.759777 0.069851 0.006417
2 2 0.007180 0.033623 0.821575 0.136835 0.000787
2 2 0.016113 0.021236 0.614018 0.348100 0.000533
2 2 0.019612 0.051212 0.716428 0.210176 0.002572
2 2 0.035144 0.066706 0.647225 0.245943 0.004982
2 2 0.005212 0.007851 0.523079 0.463675 0.000183
2 2 0.001814 0.003377 0.517835 0.476938 0.000036
2 2 0.107374 0.066682 0.548439 0.272728 0.004778
2 1 0.149812 0.135398 0.591005 0.116727 0.007058
2 1 0.228867 0.356729 0.402725 0.001830 0.009848
2 2 0.152498 0.403520 0.432526 0.002149 0.009308
2 1 0.085193 0.238312 0.666064 0.006147 0.004284
2 2 0.122702 0.265475 0.603884 0.004162 0.003776
2 1 0.151054 0.363827 0.469973 0.002931 0.012215
2 1 0.138941 0.304360 0.538930 0.008485 0.009284
2 2 0.010693 0.143033 0.826145 0.016871 0.003258
2 2 0.006611 0.062016 0.922214 0.008476 0.000682
2 2 0.005141 0.105916 0.868084 0.018725 0.002133
2 2 0.004134 0.091498 0.892856 0.009803 0.001708
2 2 0.001842 0.027598 0.918135 0.052036 0.000388
2 2 0.006568 0.086751 0.879702 0.024557 0.002422
2 2 0.008628 0.086810 0.886513 0.016215 0.001834
2 2 0.002460 0.073309 0.904078 0.017729 0.002423
2 2 0.019382 0.189525 0.779380 0.000911 0.010802
2 2 0.004109 0.187824 0.783784 0.015711 0.008571
2 2 0.015823 0.096801 0.855009 0.029296 0.003071
2 1 0.010975 0.177576 0.802189 0.005043 0.004217
2 1 0.048584 0.296175 0.643206 0.003316 0.008719
2 1 0.026028 0.223374 0.741277 0.003719 0.005602
2 2 0.006098 0.128254 0.858624 0.004834 0.002189
2 2 0.005077 0.107441 0.874350 0.010849 0.002283
2 2 0.006023 0.082597 0.890430 0.018957 0.001992
2 2 0.006211 0.113898 0.860192 0.016652 0.003047
2 2 0.005521 0.093120 0.887475 0.012310 0.001574
2 2 0.002741 0.053345 0.920542 0.022595 0.000776
2 2 0.004376 0.060318 0.894926 0.038627 0.001754
2 2 0.019817 0.071249 0.846208 0.059863 0.002864
2 2 0.011819 0.059016 0.882208 0.041736 0.005220
2 2 0.012481 0.126326 0.818866 0.035794 0.006532
2 2 0.011570 0.093992 0.864130 0.026971 0.003336
2 0 0.025705 0.123632 0.820959 0.024903 0.004801
0 1 0.738599 0.176257 0.076521 0.000219 0.008404
1 2 0.253248 0.506056 0.222919 0.000329 0.017447
2 2 0.016502 0.124761 0.838659 0.016854 0.003223
2 2 0.014556 0.134988 0.836633 0.010471 0.003353
2 2 0.013687 0.100763 0.834245 0.047644 0.003661
2 2 0.012456 0.082797 0.871379 0.031536 0.001831
2 2 0.022521 0.137600 0.810477 0.024229 0.005174
2 1 0.016822 0.153039 0.810141 0.015063 0.004934
2 1 0.061990 0.288623 0.639811 0.002933 0.006643
2 2 0.036918 0.191964 0.764588 0.002806 0.003724
2 2 0.008901 0.126368 0.860244 0.002886 0.001600
2 2 0.006069 0.081932 0.907122 0.004016 0.000861
2 2 0.009485 0.094451 0.864182 0.028901 0.002982
2 2 0.012425 0.068015 0.901732 0.016406 0.001423
2 2 0.018166 0.052268 0.833890 0.094376 0.001301
2 2 0.026782 0.100314 0.831464 0.038298 0.003142
2 2 0.025863 0.189470 0.759671 0.015383 0.009614
2 2 0.032540 0.126489 0.812078 0.022897 0.005996
2 2 0.050051 0.131211 0.773153 0.038656 0.006929
2 2 0.021158 0.067289 0.825488 0.082873 0.003193
2 2 0.004350 0.008261 0.595496 0.391771 0.000122
2 2 0.006597 0.016745 0.681881 0.294356 0.000420
2 1 0.207829 0.232485 0.542737 0.011758 0.005191
2 1 0.226725 0.309776 0.451961 0.004199 0.007339
0 1 0.429190 0.343981 0.203452 0.003538 0.019839
0 1 0.527705 0.335660 0.123040 0.000111 0.013484
2 2 0.015926 0.272619 0.699958 0.003237 0.008259
2 2 0.020280 0.219080 0.749093 0.004706 0.006841
2 2 0.019941 0.126100 0.844110 0.007061 0.002789
2 2 0.013072 0.125980 0.839840 0.017376 0.003731
2 2 0.069215 0.180671 0.739903 0.004883 0.005328
2 2 0.049745 0.266362 0.663657 0.008365 0.011871
2 2 0.026519 0.149811 0.795024 0.022617 0.006029
2 2 0.026848 0.132416 0.821039 0.013822 0.005875
2 2 0.014134 0.119972 0.845701 0.016065 0.004128
2 2 0.015375 0.116692 0.854593 0.009468 0.003872
2 2 0.038508 0.270383 0.640054 0.027040 0.024015
2 2 0.087099 0.211928 0.672533 0.013477 0.014964
2 2 0.015568 0.090506 0.779394 0.109487 0.005044
2 2 0.029955 0.068804 0.809047 0.088744 0.003450
2 2 0.055614 0.141686 0.709692 0.081672 0.011337
2 2 0.069445 0.129258 0.678729 0.111963 0.010605
2 2 0.091159 0.120561 0.700129 0.081015 0.007135
2 2 0.097749 0.083014 0.688303 0.126863 0.004071
3 2 0.006811 0.007363 0.458189 0.527495 0.000141
2 2 0.019894 0.013065 0.491547 0.475208 0.000285
2 2 0.046769 0.066334 0.625838 0.255641 0.005418
2 2 0.060716 0.067160 0.644022 0.223645 0.004457
2 2 0.063593 0.086038 0.685569 0.159953 0.004848
2 2 0.089629 0.090492 0.707267 0.108321 0.004290
2 2 0.023107 0.078110 0.773632 0.121232 0.003919
2 2 0.063081 0.055758 0.598848 0.279262 0.003051
2 1 0.126942 0.170492 0.668207 0.030663 0.003696
2 1 0.123229 0.317719 0.549617 0.004269 0.005166
1 1 0.189745 0.451953 0.345983 0.000913 0.011406
1 2 0.149916 0.490894 0.346974 0.000450 0.011766
2 2 0.066764 0.252813 0.667060 0.004494 0.008869
1 2 0.100101 0.443280 0.441935 0.000906 0.013778
2 2 0.032528 0.172062 0.771110 0.018250 0.006049
2 2 0.032193 0.157947 0.795633 0.009650 0.004577
2 2 0.091086 0.313170 0.577016 0.003964 0.014764
2 2 0.055123 0.253905 0.671552 0.006407 0.013013
2 2 0.025963 0.084128 0.863183 0.024891 0.001834
2 2 0.017718 0.081158 0.884826 0.014641 0.001657
2 2 0.049906 0.187719 0.750310 0.005060 0.007005
2 2 0.031462 0.236279 0.708544 0.010593 0.013121
2 2 0.003126 0.045420 0.904514 0.046026 0.000915
2 2 0.004988 0.085157 0.870190 0.037349 0.002316
2 1 0.019433 0.116225 0.805040 0.054342 0.004959
2 1 0.047818 0.200670 0.724702 0.019575 0.007235
2 1 0.140634 0.360700 0.486887 0.002002 0.009778
1 2 0.217644 0.414139 0.353472 0.000942 0.013804
2 2 0.015020 0.209996 0.760606 0.009044 0.005333
2 2 0.015229 0.103065 0.863744 0.015353 0.002609
2 2 0.003955 0.060241 0.902927 0.031816 0.001060
2 2 0.005532 0.056932 0.918237 0.018447 0.000853
2 2 0.007698 0.072850 0.907405 0.010746 0.001302
2 2 0.007884 0.110165 0.869301 0.009926 0.002723
2 2 0.004324 0.034790 0.923539 0.036724 0.000622
2 2 0.006749 0.045202 0.920036 0.027064 0.000950
2 2 0.003152 0.052117 0.930051 0.013160 0.001520
2 2 0.009794 0.144491 0.823264 0.016228 0.006222
0 0 0.827407 0.106854 0.031829 0.000925 0.032984
0 0 0.986123 0.007288 0.001745 0.000014 0.004830
0 0 0.995723 0.000438 0.000017 0.000000 0.003822
0 0 0.995060 0.000588 0.000025 0.000000 0.004326
0 0 0.993927 0.002864 0.000258 0.000000 0.002951
0 0 0.995667 0.002181 0.000233 0.000000 0.001918
0 0 0.924750 0.058780 0.009294 0.000002 0.007174
0 0 0.933119 0.056732 0.005600 0.000000 0.004549
0 0 0.878861 0.106059 0.011466 0.000000 0.003614
0 0 0.777113 0.197056 0.018841 0.000000 0.006991
0 0 0.887674 0.093953 0.014096 0.000000 0.004277
0 0 0.805749 0.155943 0.030691 0.000003 0.007615
0 0 0.773924 0.190859 0.028548 0.000000 0.006670
0 0 0.803971 0.168765 0.021466 0.000000 0.005798
0 0 0.676236 0.274084 0.043113 0.000000 0.006567
0 0 0.466811 0.432362 0.092174 0.000002 0.008651
0 0 0.750663 0.212964 0.030658 0.000000 0.005716
0 0 0.784314 0.185828 0.024403 0.000000 0.005455
0 0 0.784629 0.185293 0.024855 0.000000 0.005223
0 0 0.731076 0.228978 0.033504 0.000000 0.006441
0 0 0.945225 0.044153 0.006352 0.000001 0.004269
0 0 0.953283 0.034787 0.007161 0.000007 0.004763
0 0 0.794166 0.172291 0.028695 0.000000 0.004848
0 0 0.779175 0.186994 0.028799 0.000000 0.005031
0 0 0.880754 0.102849 0.012839 0.000000 0.003558
0 0 0.871766 0.110642 0.014280 0.000000 0.003311
0 1 0.791284 0.176711 0.026613 0.000000 0.005392
0 1 0.721307 0.233152 0.038287 0.000001 0.007253
0 0 0.769346 0.196551 0.023623 0.000000 0.010480
0 1 0.811699 0.161188 0.019490 0.000000 0.007623
0 1 0.810489 0.167964 0.015704 0.000000 0.005843
0 1 0.771897 0.197865 0.022069 0.000000 0.008170
0 1 0.861042 0.122420 0.013026 0.000000 0.003513
0 0 0.813119 0.163709 0.018548 0.000000 0.004625
0 1 0.835728 0.140527 0.019347 0.000000 0.004398
0 1 0.777171 0.193582 0.023895 0.000000 0.005352
0 1 0.841441 0.142487 0.012354 0.000000 0.003718
0 1 0.849116 0.134806 0.012792 0.000000 0.003286
0 1 0.510869 0.407692 0.053407 0.000001 0.028031
0 1 0.588571 0.342479 0.040787 0.000001 0.028161
0 1 0.661512 0.296495 0.026762 0.000000 0.015230
0 1 0.680744 0.283526 0.023016 0.000000 0.012714
0 1 0.877505 0.103029 0.006730 0.000000 0.012736
0 0 0.710820 0.247675 0.018580 0.000000 0.022925
0 0 0.906638 0.079458 0.008928 0.000000 0.004976
0 1 0.830723 0.140782 0.020718 0.000001 0.007777
0 1 0.468889 0.466128 0.037902 0.000000 0.027080
1 1 0.427634 0.484185 0.051155 0.000001 0.037025
1 1 0.403053 0.490439 0.078871 0.000003 0.027633
1 1 0.376844 0.497917 0.098902 0.000010 0.026328
0 1 0.502333 0.428503 0.035268 0.000000 0.033896
0 1 0.622986 0.308540 0.026936 0.000000 0.041537
1 1 0.302571 0.510592 0.035903 0.000001 0.150933
0 1 0.450162 0.382084 0.027617 0.000000 0.140137
0 1 0.865228 0.114594 0.010876 0.000000 0.009302
0 1 0.921921 0.066654 0.006887 0.000000 0.004538
0 1 0.675027 0.202808 0.009951 0.000000 0.112213
0 1 0.558600 0.261663 0.015212 0.000001 0.164524
0 1 0.372244 0.330651 0.018119 0.000002 0.278984
0 1 0.470917 0.296102 0.020607 0.000002 0.212372
0 0 0.683661 0.243920 0.015879 0.000000 0.056541
0 1 0.756056 0.157929 0.009457 0.000000 0.076557
1 1 0.352823 0.357785 0.022021 0.000002 0.267368
0 1 0.416393 0.334346 0.019094 0.000002 0.230165
1 1 0.341070 0.346913 0.023238 0.000002 0.288777
1 1 0.283878 0.407071 0.028627 0.000001 0.280423
1 1 0.297352 0.437237 0.037305 0.000006 0.228100
1 1 0.300222 0.479472 0.036159 0.000002 0.184144
0 1 0.369058 0.345452 0.019355 0.000001 0.266135
1 1 0.326766 0.376666 0.025757 0.000003 0.270807
4 1 0.107029 0.411141 0.065353 0.000002 0.416475
4 0 0.091661 0.395754 0.070574 0.000002 0.442009
0 0 0.800821 0.166602 0.021858 0.000001 0.010718
0 1 0.907313 0.071982 0.010689 0.000002 0.010014
0 1 0.730613 0.227220 0.034011 0.000000 0.008155
0 1 0.736509 0.228949 0.026836 0.000000 0.007706
0 1 0.462122 0.449191 0.073897 0.000001 0.014789
1 1 0.416123 0.485852 0.078464 0.000002 0.019560
1 1 0.147656 0.688620 0.104914 0.000009 0.058800
1 1 0.143598 0.648632 0.133435 0.000080 0.074255
1 1 0.100558 0.589658 0.207320 0.000462 0.102002
1 1 0.126275 0.620619 0.149271 0.000087 0.103748
2 1 0.014462 0.393496 0.536337 0.000335 0.055371
2 2 0.001363 0.131653 0.829349 0.000487 0.037149
2 2 0.016318 0.377036 0.543052 0.000873 0.062722
1 1 0.043553 0.529688 0.334373 0.000158 0.092229
1 1 0.190197 0.632865 0.152662 0.000015 0.024261
1 2 0.032955 0.489981 0.454480 0.000238 0.022346
1 2 0.019986 0.534290 0.425718 0.000021 0.019985
2 2 0.007988 0.331973 0.620908 0.000013 0.039118
2 2 0.001005 0.068877 0.926906 0.000081 0.003132
2 2 0.001230 0.098741 0.897367 0.000144 0.002517
2 2 0.000106 0.064687 0.931337 0.000000 0.003869
2 2 0.000099 0.054778 0.940629 0.000003 0.004491
2 2 0.006654 0.171442 0.806492 0.001238 0.014174
2 2 0.001949 0.150076 0.826891 0.000499 0.020585
2 2 0.000251 0.074641 0.918428 0.000025 0.006656
2 2 0.000645 0.097280 0.881115 0.000010 0.020951
2 2 0.001564 0.084965 0.908381 0.000035 0.005055
2 2 0.000208 0.062527 0.926909 0.000024 0.010333
2 2 0.003237 0.088945 0.900739 0.003915 0.003165
2 2 0.004717 0.081692 0.908211 0.002308 0.003072
2 2 0.006662 0.147166 0.826249 0.003139 0.016785
2 2 0.008349 0.129567 0.849879 0.001439 0.010767
2 2 0.006134 0.071234 0.915113 0.003662 0.003856
2 2 0.001188 0.099971 0.890708 0.001615 0.006518
2 2 0.006928 0.091574 0.894644 0.003304 0.003550
2 2 0.018218 0.139062 0.834299 0.004116 0.004305
2 2 0.003618 0.057361 0.896289 0.037062 0.005671
2 2 0.004175 0.086487 0.882806 0.020514 0.006017
2 2 0.006309 0.113430 0.859759 0.007526 0.012977
2 2 0.005482 0.141017 0.827050 0.005066 0.021386
2 2 0.006349 0.081370 0.903066 0.003214 0.006000
2 2 0.003191 0.082011 0.906034 0.003900 0.004863
2 2 0.010062 0.034232 0.882207 0.072105 0.001395
2 2 0.002060 0.028311 0.941742 0.027081 0.000807
2 2 0.010970 0.061419 0.911427 0.014658 0.001526
2 1 0.007306 0.085351 0.894767 0.010564 0.002011
0 0 0.725147 0.199305 0.054301 0.000104 0.021143
0 1 0.860688 0.098215 0.031800 0.000070 0.009228
1 1 0.320067 0.533471 0.129445 0.000011 0.017007
1 2 0.318714 0.512287 0.153041 0.000031 0.015927
2 2 0.091613 0.416126 0.477953 0.000624 0.013683
2 2 0.078285 0.418467 0.490065 0.000748 0.012435
1 2 0.339667 0.408264 0.240666 0.000149 0.011255
2 2 0.231373 0.376334 0.380516 0.000396 0.011382
2 2 0.068022 0.358252 0.552577 0.002069 0.019079
2 2 0.054986 0.320305 0.602052 0.003609 0.019049
2 2 0.080677 0.198806 0.705290 0.008582 0.006644
2 2 0.053321 0.121165 0.800238 0.021009 0.004267
2 2 0.098569 0.381418 0.490922 0.001960 0.027131
2 2 0.107331 0.401565 0.457762 0.001858 0.031485
2 2 0.027510 0.151686 0.806039 0.009790 0.004976
2 2 0.030904 0.145660 0.803191 0.014609 0.005637
2 2 0.071701 0.332839 0.576439 0.003517 0.015504
2 2 0.073150 0.293686 0.612545 0.004287 0.016331
2 2 0.038761 0.157416 0.782072 0.016207 0.005544
2 2 0.039624 0.127012 0.801734 0.027378 0.004252
2 2 0.060129 0.180829 0.719093 0.028175 0.011775
2 2 0.036130 0.154092 0.765831 0.033566 0.010381
2 2 0.022355 0.061110 0.833389 0.080671 0.002475
2 3 0.018888 0.053132 0.852636 0.073797 0.001546
2 2 0.009287 0.013372 0.577109 0.399867 0.000364
2 2 0.017448 0.028511 0.776494 0.176762 0.000785
2 2 0.034722 0.089540 0.817710 0.054228 0.003800
2 2 0.010805 0.063500 0.812611 0.110360 0.002724
2 2 0.023114 0.118221 0.801978 0.048147 0.008541
2 2 0.016883 0.116327 0.797685 0.061459 0.007647
2 2 0.013344 0.043692 0.855599 0.085898 0.001468
2 2 0.021799 0.073066 0.817227 0.084435 0.003472
2 1 0.031133 0.096643 0.810299 0.058799 0.003125
2 1 0.123606 0.276868 0.583909 0.008067 0.007551
1 2 0.128875 0.448636 0.411622 0.000471 0.010397
2 1 0.093522 0.320709 0.575702 0.002141 0.007926
1 1 0.208421 0.468623 0.316501 0.000128 0.006328
2 2 0.092713 0.398837 0.502282 0.000561 0.005606
2 2 0.066858 0.325380 0.600607 0.001023 0.006133
2 2 0.068580 0.240308 0.685718 0.000959 0.004435
2 2 0.059749 0.308207 0.627302 0.000425 0.004317
2 2 0.044386 0.264592 0.686543 0.000287 0.004191
2 2 0.026124 0.178183 0.789593 0.003214 0.002886
2 2 0.027252 0.219211 0.748000 0.001697 0.003840
2 2 0.030478 0.361841 0.599606 0.000441 0.007635
2 2 0.038957 0.240053 0.714265 0.001556 0.005169
2 1 0.089041 0.418356 0.482912 0.000488 0.009203
1 2 0.293091 0.504110 0.193183 0.000042 0.009574
1 2 0.095096 0.452426 0.445574 0.000175 0.006729
1 1 0.338876 0.477560 0.177079 0.000016 0.006469
1 2 0.276190 0.530489 0.186756 0.000011 0.006555
1 2 0.145794 0.435718 0.411610 0.000145 0.006733
2 2 0.070052 0.263845 0.660281 0.000758 0.005064
2 2 0.031335 0.286815 0.674928 0.000576 0.006346
2 2 0.021325 0.137749 0.833273 0.004373 0.003280
2 2 0.015856 0.224662 0.750364 0.002680 0.006438
2 2 0.035000 0.429138 0.528479 0.000141 0.007242
2 2 0.096377 0.370307 0.523532 0.000244 0.009540
0 0 0.740022 0.216962 0.034310 0.000001 0.008706
0 0 0.849338 0.121112 0.021269 0.000002 0.008279
0 1 0.908466 0.068769 0.012373 0.000008 0.010385
0 1 0.816638 0.160387 0.011117 0.000000 0.011858
1 1 0.183305 0.635685 0.139863 0.000034 0.041114
1 1 0.097067 0.620963 0.222427 0.000231 0.059311
2 2 0.021445 0.416332 0.520437 0.001084 0.040701
2 2 0.012644 0.300615 0.637032 0.006785 0.042924
2 1 0.001350 0.118405 0.863759 0.003576 0.012910
2 1 0.010023 0.297649 0.667037 0.003301 0.021988
2 1 0.016216 0.425537 0.509579 0.000391 0.048277
2 2 0.017741 0.427117 0.502781 0.000129 0.052233
2 2 0.001394 0.168691 0.786799 0.000011 0.043106
2 2 0.002067 0.207327 0.749301 0.000032 0.041273
2 2 0.004749 0.207991 0.769399 0.000574 0.017287
2 2 0.038685 0.459123 0.470662 0.000331 0.031200
2 2 0.003530 0.212228 0.757377 0.000941 0.025924
2 2 0.000812 0.117065 0.855537 0.000111 0.026475
1 2 0.033411 0.472659 0.333743 0.000072 0.160115
1 2 0.042588 0.512420 0.301166 0.000085 0.143741
2 2 0.001641 0.175721 0.789904 0.000114 0.032621
2 2 0.007358 0.317543 0.597846 0.000106 0.077147
2 2 0.042695 0.373766 0.458752 0.002961 0.121827
1 1 0.261907 0.407881 0.094844 0.000211 0.235157
1 1 0.169935 0.595136 0.191435 0.000332 0.043162
1 1 0.188701 0.577266 0.194781 0.000306 0.038947
1 1 0.140749 0.643010 0.140519 0.000118 0.075604
1 1 0.169282 0.600906 0.117892 0.000036 0.111884
0 1 0.488604 0.391991 0.045133 0.000006 0.074266
1 1 0.418862 0.462045 0.045704 0.000002 0.073388
1 0 0.304904 0.529416 0.065765 0.000012 0.099903
1 4 0.259236 0.613771 0.062330 0.000001 0.064662
0 4 0.795548 0.111298 0.006071 0.000001 0.087083
0 0 0.795478 0.119548 0.007399 0.000001 0.077575
0 0 0.738754 0.137611 0.020938 0.000011 0.102687
0 4 0.721099 0.178791 0.014054 0.000002 0.086053
0 4 0.547309 0.218619 0.011105 0.000001 0.222966
0 4 0.722582 0.125219 0.007193 0.000001 0.145005
1 4 0.266933 0.450009 0.034439 0.000001 0.248618
1 4 0.338917 0.411859 0.022053 0.000000 0.227171
0 4 0.572662 0.292051 0.016402 0.000000 0.118884
0 4 0.672412 0.239397 0.012038 0.000000 0.076153
1 4 0.433762 0.467076 0.030974 0.000000 0.068188
0 4 0.472451 0.436982 0.028367 0.000000 0.062200
0 4 0.480528 0.302303 0.020432 0.000003 0.196734
0 4 0.459224 0.254045 0.016991 0.000008 0.269732
0 4 0.423281 0.297718 0.014404 0.000000 0.264596
0 4 0.419722 0.266527 0.011780 0.000001 0.301971
1 4 0.231486 0.534381 0.054729 0.000004 0.179399
1 4 0.272316 0.556889 0.043876 0.000001 0.126918
0 4 0.609620 0.297531 0.018066 0.000000 0.074782
0 4 0.529623 0.346001 0.021834 0.000000 0.102542
4 4 0.193188 0.219050 0.017774 0.000002 0.569987
4 4 0.249749 0.255144 0.018302 0.000002 0.476803
1 4 0.383318 0.450275 0.028025 0.000001 0.138382
1 4 0.340962 0.386601 0.028459 0.000006 0.243973
0 0 0.540628 0.336016 0.033570 0.000005 0.089781
1 4 0.221930 0.567450 0.077721 0.000034 0.132865
4 4 0.228352 0.346103 0.028748 0.000001 0.396796
1 4 0.266163 0.402958 0.034255 0.000003 0.296621
4 4 0.305480 0.277085 0.017505 0.000002 0.399928
4 1 0.314544 0.185058 0.018710 0.000003 0.481685
0 4 0.447522 0.423084 0.023856 0.000000 0.105538
0 4 0.421663 0.379830 0.022795 0.000001 0.175710
4 4 0.185636 0.290883 0.024430 0.000001 0.499050
1 4 0.295150 0.380100 0.029886 0.000004 0.294859
1 4 0.301811 0.368917 0.020975 0.000000 0.308296
4 4 0.107971 0.228848 0.026646 0.000001 0.636535
0 4 0.690716 0.232657 0.017945 0.000001 0.058682
0 4 0.600928 0.323023 0.020346 0.000000 0.055703
0 4 0.454278 0.335975 0.020352 0.000001 0.189394
0 4 0.411028 0.333868 0.020551 0.000003 0.234551
0 4 0.919958 0.061845 0.005089 0.000000 0.013108
0 4 0.903449 0.074728 0.005727 0.000000 0.016096
0 4 0.470394 0.348953 0.026646 0.000003 0.154003
1 4 0.306010 0.446362 0.039943 0.000011 0.207673
1 4 0.207121 0.517257 0.090514 0.000166 0.184942
1 0 0.212907 0.529179 0.085105 0.000097 0.172712
0 1 0.791092 0.159929 0.043030 0.000008 0.005941
0 1 0.786128 0.183039 0.025370 0.000000 0.005463
1 1 0.306017 0.569110 0.094419 0.000004 0.030451
1 1 0.411455 0.499694 0.064681 0.000001 0.024169
0 1 0.882271 0.102485 0.011742 0.000000 0.003501
0 1 0.785963 0.184938 0.022162 0.000000 0.006937
0 1 0.728978 0.233448 0.023470 0.000000 0.014105
0 1 0.864493 0.116228 0.011724 0.000000 0.007554
0 1 0.674428 0.271811 0.044282 0.000001 0.009478
0 1 0.565664 0.367749 0.051130 0.000001 0.015456
0 1 0.687114 0.269808 0.033320 0.000000 0.009757
0 0 0.544050 0.393066 0.047607 0.000000 0.015277
0 0 0.919496 0.067974 0.007694 0.000000 0.004836
0 1 0.899832 0.082430 0.011099 0.000000 0.006639
1 1 0.374404 0.529627 0.078502 0.000001 0.017466
1 1 0.324891 0.571028 0.088359 0.000001 0.015722
1 1 0.038649 0.610995 0.325711 0.000059 0.024586
1 1 0.032143 0.539347 0.399949 0.000213 0.028348
1 1 0.031874 0.489528 0.447980 0.001311 0.029307
1 1 0.050921 0.591986 0.323973 0.000327 0.032792
2 1 0.012573 0.425837 0.540729 0.000133 0.020728
2 2 0.006912 0.332784 0.644638 0.000151 0.015515
2 2 0.000038 0.027544 0.970672 0.000070 0.001676
2 2 0.000359 0.091647 0.902231 0.000013 0.005749
2 2 0.000306 0.094040 0.898253 0.000005 0.007396
2 2 0.000258 0.080720 0.910038 0.000007 0.008978
2 2 0.001434 0.130189 0.858393 0.000139 0.009846
2 2 0.000999 0.152813 0.821379 0.000004 0.024806
2 2 0.000594 0.071562 0.922676 0.000051 0.005117
2 2 0.000925 0.081268 0.912350 0.000167 0.005291
2 2 0.008634 0.322942 0.605656 0.000077 0.062691
2 1 0.006409 0.290628 0.668986 0.000112 0.033865
1 1 0.041397 0.511755 0.430379 0.000023 0.016446
2 1 0.011312 0.370706 0.596558 0.000195 0.021230
2 1 0.004705 0.305910 0.658469 0.000007 0.030909
2 1 0.004831 0.177947 0.802423 0.000033 0.014765
2 2 0.008302 0.352870 0.614150 0.000041 0.024638
2 2 0.004814 0.256710 0.715191 0.000119 0.023166
2 2 0.003483 0.212234 0.768594 0.000062 0.015626
2 2 0.010709 0.258236 0.715892 0.000447 0.014716
2 2 0.004817 0.109167 0.874597 0.007936 0.003484
2 2 0.002465 0.051037 0.932847 0.011662 0.001989
2 2 0.005281 0.126496 0.857279 0.001641 0.009302
2 2 0.007393 0.158310 0.821944 0.002904 0.009449
2 2 0.008669 0.144209 0.836293 0.004134 0.006695
2 2 0.005488 0.120418 0.862801 0.004738 0.006554
2 2 0.022645 0.195060 0.756232 0.015055 0.011008
2 2 0.006964 0.085710 0.891972 0.011147 0.004207
2 2 0.017495 0.120811 0.845787 0.010724 0.005182
2 2 0.046147 0.182899 0.756908 0.007885 0.006160
1 1 0.190687 0.448667 0.350802 0.000294 0.009550
1 2 0.189157 0.532074 0.269492 0.000086 0.009191
2 2 0.010431 0.302076 0.674327 0.000232 0.012935
2 2 0.003568 0.221963 0.760093 0.000059 0.014318
2 2 0.003033 0.133262 0.855066 0.001161 0.007478
2 2 0.002153 0.185157 0.800302 0.000151 0.012237
2 2 0.015072 0.164157 0.808993 0.005803 0.005974
2 2 0.009523 0.131604 0.850326 0.004931 0.003616
2 2 0.008804 0.194216 0.782656 0.006371 0.007953
2 2 0.018311 0.203362 0.767647 0.003361 0.007320
2 2 0.012114 0.046771 0.861413 0.078328 0.001374
2 1 0.053920 0.088660 0.769051 0.085276 0.003093
2 1 0.104224 0.406982 0.460623 0.003137 0.025033
1 1 0.050936 0.561293 0.347834 0.000683 0.039255
2 1 0.060525 0.436903 0.464460 0.001199 0.036913
1 1 0.362104 0.398255 0.194150 0.000743 0.044748
0 1 0.668674 0.267227 0.051681 0.000003 0.012415
0 1 0.523805 0.402262 0.057524 0.000001 0.016409
1 1 0.265141 0.552329 0.169174 0.000022 0.013334
1 1 0.269103 0.564353 0.153138 0.000011 0.013394
2 2 0.008800 0.363960 0.620220 0.000425 0.006595
2 2 0.003277 0.166456 0.824837 0.000382 0.005048
2 2 0.002701 0.119085 0.874613 0.001186 0.002416
2 2 0.006491 0.128943 0.861973 0.000140 0.002454
2 2 0.005811 0.179738 0.804593 0.004362 0.005496
2 2 0.003984 0.102592 0.887872 0.002009 0.003545
2 2 0.008289 0.128156 0.847253 0.011824 0.004477
2 2 0.010015 0.195682 0.777390 0.005498 0.011416
2 2 0.005610 0.072665 0.910151 0.010018 0.001557
2 2 0.009011 0.099495 0.863867 0.025159 0.002468
2 2 0.011018 0.071282 0.867985 0.047543 0.002171
2 2 0.016795 0.087219 0.859222 0.033607 0.003157
2 2 0.002139 0.011599 0.919039 0.067137 0.000086
2 2 0.004466 0.029105 0.891269 0.074702 0.000459
2 2 0.005948 0.011122 0.756071 0.226708 0.000150
2 2 0.002093 0.005036 0.546511 0.446286 0.000075
2 2 0.013998 0.051026 0.817387 0.115970 0.001620
2 2 0.007517 0.027931 0.717723 0.246013 0.000816
2 2 0.019584 0.038292 0.711037 0.229802 0.001285
2 2 0.031133 0.030808 0.710633 0.226672 0.000753
2 3 0.007534 0.010106 0.672974 0.309249 0.000136
2 2 0.003490 0.004077 0.551748 0.440650 0.000034
2 2 0.026097 0.023730 0.568894 0.380303 0.000976
2 2 0.014732 0.015360 0.485437 0.483853 0.000619
3 2 0.003643 0.004960 0.414728 0.576564 0.000105
3 2 0.001638 0.003715 0.302520 0.692019 0.000108
3 2 0.020420 0.009077 0.365914 0.604269 0.000319
3 2 0.005932 0.007435 0.422965 0.563472 0.000196
3 3 0.000754 0.001067 0.182806 0.815348 0.000025
3 3 0.000862 0.001716 0.176065 0.821293 0.000063
3 3 0.000689 0.000888 0.189612 0.808794 0.000016
3 2 0.000350 0.000396 0.113286 0.885960 0.000008
3 2 0.005626 0.009019 0.345685 0.639168 0.000503
3 2 0.005826 0.004956 0.206347 0.782568 0.000304
3 3 0.000904 0.000621 0.099802 0.898657 0.000018
3 3 0.000525 0.000349 0.073698 0.925418 0.000010
3 3 0.000512 0.001246 0.119407 0.878766 0.000069
3 3 0.000834 0.001028 0.128971 0.869131 0.000035
3 3 0.001317 0.000896 0.128241 0.869519 0.000028
3 3 0.003047 0.002375 0.150272 0.844190 0.000116
3 3 0.000169 0.000243 0.068239 0.931342 0.000008
3 3 0.000109 0.000181 0.044136 0.955565 0.000009
3 3 0.003195 0.001844 0.093621 0.901196 0.000144
3 3 0.003314 0.002323 0.103392 0.890776 0.000194
3 3 0.001619 0.001076 0.057413 0.939792 0.000101
3 3 0.000560 0.000304 0.050264 0.948859 0.000012
3 3 0.000461 0.000518 0.051055 0.947927 0.000038
3 3 0.000548 0.000555 0.052561 0.946296 0.000040
3 3 0.002598 0.002384 0.113630 0.881205 0.000183
3 3 0.000859 0.000596 0.059255 0.939256 0.000034
3 3 0.000378 0.000256 0.027579 0.971764 0.000022
3 3 0.000159 0.000195 0.026520 0.973107 0.000018
3 3 0.000464 0.000567 0.062541 0.936394 0.000035
3 3 0.000461 0.000495 0.071885 0.927137 0.000022
3 3 0.005665 0.003821 0.068482 0.920995 0.001038
3 3 0.001930 0.001808 0.049592 0.946278 0.000392
3 3 0.000619 0.000483 0.072475 0.926405 0.000019
3 3 0.000528 0.000365 0.059226 0.939867 0.000015
3 3 0.000170 0.000180 0.040118 0.959524 0.000009
3 3 0.000339 0.000153 0.046975 0.952529 0.000004
3 3 0.000369 0.000216 0.023442 0.975952 0.000020
3 3 0.000532 0.000514 0.036357 0.962540 0.000057
3 3 0.000146 0.000186 0.064152 0.935511 0.000005
3 3 0.000087 0.000083 0.035612 0.964216 0.000003
3 3 0.000825 0.000379 0.046332 0.952445 0.000019
3 2 0.002600 0.001140 0.079629 0.916569 0.000062
3 3 0.030692 0.020044 0.242910 0.703616 0.002738
3 2 0.026589 0.014112 0.150527 0.806375 0.002398
2 2 0.016958 0.033284 0.502506 0.444783 0.002469
2 2 0.012849 0.028918 0.550160 0.406268 0.001804
2 2 0.014735 0.029816 0.571854 0.381971 0.001624
2 2 0.019540 0.036483 0.501234 0.440126 0.002617
2 2 0.017438 0.051415 0.735878 0.192054 0.003215
2 3 0.007136 0.034315 0.647519 0.309054 0.001976
3 2 0.003112 0.006239 0.420499 0.570008 0.000142
3 2 0.006515 0.015362 0.462426 0.515035 0.000663
2 2 0.037407 0.072643 0.639566 0.244131 0.006254
2 3 0.029538 0.074564 0.695308 0.195399 0.005191
