0 0 0.971987 0.010692 0.004705 0.000245 0.012371
0 0 0.966827 0.012528 0.006835 0.000344 0.013467
0 0 0.898676 0.057496 0.015688 0.000586 0.027553
0 0 0.852225 0.089607 0.024595 0.000962 0.032612
0 0 0.629630 0.262830 0.068464 0.002197 0.036879
0 0 0.863029 0.087281 0.022545 0.000616 0.026530
0 0 0.975500 0.006386 0.001956 0.000116 0.016041
0 0 0.978370 0.004651 0.001471 0.000101 0.015407
0 0 0.870111 0.070018 0.022269 0.001137 0.036465
0 0 0.628293 0.218187 0.065215 0.002361 0.085945
1 0 0.203748 0.556836 0.157959 0.000804 0.080652
1 0 0.249657 0.426619 0.218544 0.001059 0.104121
1 0 0.300111 0.451828 0.154806 0.001883 0.091373
1 0 0.173608 0.556438 0.187747 0.001310 0.080897
1 1 0.120728 0.631797 0.189148 0.000054 0.058273
1 1 0.131555 0.665664 0.144218 0.000017 0.058545
1 1 0.066200 0.609060 0.256383 0.000028 0.068328
1 1 0.046012 0.608459 0.251588 0.000016 0.093925
1 1 0.080922 0.690108 0.097984 0.000006 0.130981
1 1 0.068476 0.655273 0.111014 0.000017 0.165220
1 1 0.131189 0.443545 0.090661 0.000034 0.334571
1 4 0.028503 0.546464 0.113062 0.000024 0.311947
1 4 0.025005 0.551827 0.102940 0.000009 0.320219
1 4 0.022265 0.535834 0.101392 0.000009 0.340500
1 4 0.044019 0.613741 0.111248 0.000016 0.230976
1 4 0.052734 0.635744 0.110289 0.000014 0.201218
1 4 0.022509 0.454996 0.133035 0.000234 0.389226
1 4 0.068259 0.621055 0.127643 0.000071 0.182972
1 4 0.028256 0.532160 0.118063 0.000040 0.321481
1 4 0.030518 0.533673 0.122595 0.000057 0.313157
1 4 0.020690 0.471705 0.119820 0.000074 0.387711
1 4 0.022515 0.466810 0.128114 0.000146 0.382415
1 4 0.029615 0.540977 0.117667 0.000037 0.311704
4 4 0.028366 0.382363 0.087303 0.000021 0.501947
1 4 0.039376 0.567853 0.254355 0.000070 0.138345
1 4 0.047473 0.592076 0.212208 0.000069 0.148174
1 4 0.074686 0.665173 0.108589 0.000015 0.151537
1 4 0.043956 0.590445 0.121121 0.000039 0.244438
1 4 0.106327 0.570559 0.181306 0.001782 0.140026
0 0 0.340773 0.317781 0.122135 0.001452 0.217859
1 0 0.097119 0.570808 0.276205 0.000201 0.055667
1 1 0.073227 0.556527 0.311043 0.000140 0.059062
2 1 0.036468 0.345673 0.588518 0.001424 0.027916
2 2 0.071486 0.416870 0.479578 0.002299 0.029767
1 2 0.070210 0.471840 0.422762 0.000447 0.034741
2 2 0.060666 0.420813 0.481753 0.001219 0.035548
2 2 0.041626 0.205206 0.734448 0.013480 0.005239
2 2 0.022825 0.166431 0.800483 0.006159 0.004102
2 2 0.005424 0.051476 0.909334 0.033270 0.000496
2 2 0.007064 0.059599 0.909794 0.023029 0.000513
2 2 0.001527 0.020819 0.935544 0.042006 0.000105
2 2 0.002641 0.030155 0.907010 0.060000 0.000193
2 2 0.000423 0.004590 0.931673 0.063300 0.000014
2 2 0.000452 0.008618 0.928432 0.062474 0.000024
2 2 0.002207 0.028978 0.892728 0.075808 0.000280
2 2 0.010727 0.080207 0.885021 0.023159 0.000885
2 2 0.024424 0.146681 0.781429 0.043993 0.003473
2 2 0.012158 0.096433 0.840151 0.049402 0.001856
2 2 0.005182 0.051201 0.898413 0.044626 0.000578
2 2 0.001068 0.011994 0.919855 0.066991 0.000092
2 2 0.000117 0.003383 0.960047 0.036448 0.000005
2 2 0.000048 0.001471 0.935260 0.063218 0.000003
2 2 0.003511 0.040701 0.809459 0.145681 0.000647
2 2 0.001274 0.011603 0.683884 0.302977 0.000263
2 2 0.000303 0.002598 0.654798 0.342269 0.000031
2 2 0.000828 0.014210 0.717267 0.267559 0.000135
3 2 0.000133 0.001396 0.363129 0.635318 0.000024
2 2 0.000066 0.002148 0.532898 0.464873 0.000015
3 2 0.000010 0.000144 0.141171 0.858672 0.000004
3 2 0.000026 0.000704 0.279306 0.719951 0.000013
3 2 0.000009 0.000183 0.174146 0.825658 0.000004
3 2 0.000003 0.000285 0.245095 0.754615 0.000002
3 3 0.000062 0.000479 0.097459 0.901971 0.000029
3 3 0.000149 0.001535 0.180485 0.817766 0.000066
3 3 0.000011 0.000104 0.058167 0.941710 0.000007
3 3 0.000031 0.000089 0.036486 0.963379 0.000015
3 3 0.000159 0.000744 0.090662 0.908364 0.000071
3 3 0.000006 0.000048 0.050949 0.948993 0.000003
3 3 0.000035 0.000223 0.072998 0.926726 0.000019
3 3 0.000001 0.000032 0.038068 0.961898 0.000001
3 3 0.000001 0.000016 0.030534 0.969448 0.000001
3 3 0.000003 0.000038 0.038719 0.961237 0.000003
3 3 0.000001 0.000019 0.042322 0.957658 0.000001
3 3 0.000000 0.000005 0.020892 0.979102 0.000000
3 3 0.000008 0.000031 0.015232 0.984723 0.000006
3 3 0.000038 0.000069 0.018534 0.981338 0.000021
3 3 0.000005 0.000037 0.021869 0.978085 0.000005
3 3 0.000007 0.000046 0.026275 0.973666 0.000006
3 3 0.000001 0.000012 0.012803 0.987184 0.000001
3 3 0.000001 0.000013 0.017500 0.982484 0.000001
3 3 0.000002 0.000006 0.006274 0.993716 0.000002
3 3 0.000003 0.000019 0.015800 0.984174 0.000003
3 3 0.000003 0.000015 0.010341 0.989637 0.000004
3 3 0.000002 0.000019 0.012303 0.987673 0.000003
3 3 0.000006 0.000015 0.011097 0.988877 0.000005
3 3 0.000007 0.000041 0.021200 0.978746 0.000006
3 3 0.000001 0.000012 0.014353 0.985632 0.000001
3 3 0.000000 0.000002 0.010106 0.989891 0.000000
3 3 0.000006 0.000011 0.007292 0.992685 0.000005
3 3 0.000002 0.000006 0.007281 0.992709 0.000002
3 3 0.000000 0.000005 0.011099 0.988895 0.000000
3 3 0.000000 0.000001 0.004818 0.995180 0.000000
3 3 0.000000 0.000008 0.013410 0.986581 0.000001
3 3 0.000000 0.000003 0.008058 0.991938 0.000000
3 3 0.000007 0.000010 0.004499 0.995479 0.000006
3 3 0.000012 0.000016 0.005602 0.994361 0.000010
3 3 0.000001 0.000006 0.009561 0.990431 0.000001
3 3 0.000001 0.000002 0.004227 0.995770 0.000001
3 3 0.000000 0.000001 0.005803 0.994195 0.000000
3 3 0.000001 0.000002 0.003530 0.996467 0.000001
3 3 0.000000 0.000001 0.009243 0.990756 0.000000
3 3 0.000000 0.000001 0.007422 0.992576 0.000000
3 3 0.000002 0.000010 0.006716 0.993268 0.000003
3 3 0.000001 0.000004 0.006788 0.993207 0.000001
3 3 0.000000 0.000003 0.010147 0.989849 0.000000
3 3 0.000001 0.000001 0.003226 0.996772 0.000001
3 3 0.000000 0.000002 0.006439 0.993559 0.000000
3 3 0.000000 0.000002 0.008889 0.991109 0.000000
3 3 0.000000 0.000001 0.003855 0.996142 0.000000
3 3 0.000000 0.000005 0.010694 0.989300 0.000000
3 3 0.000004 0.000010 0.008218 0.991764 0.000003
3 3 0.000003 0.000004 0.005114 0.994877 0.000002
3 3 0.000002 0.000005 0.006747 0.993244 0.000002
3 3 0.000001 0.000004 0.006018 0.993976 0.000001
3 3 0.000000 0.000001 0.004971 0.995028 0.000000
3 3 0.000001 0.000003 0.006075 0.993920 0.000001
3 3 0.000001 0.000003 0.006073 0.993923 0.000001
3 3 0.000000 0.000001 0.004173 0.995825 0.000000
3 3 0.000089 0.000079 0.020968 0.978825 0.000040
3 3 0.000006 0.000054 0.022475 0.977459 0.000006
3 3 0.016106 0.012038 0.272909 0.696210 0.002737
3 0 0.003415 0.002185 0.408522 0.585627 0.000250
2 0 0.212146 0.105104 0.442390 0.222130 0.018230
2 1 0.162689 0.085699 0.537421 0.202334 0.011857
3 1 0.012516 0.000832 0.222574 0.757859 0.006219
3 1 0.019800 0.007052 0.398503 0.554467 0.020178
3 1 0.313223 0.001783 0.086066 0.525068 0.073861
0 0 0.422051 0.001688 0.068408 0.352716 0.155137
3 0 0.137219 0.002825 0.115977 0.636996 0.106983
3 0 0.135084 0.008324 0.224858 0.535041 0.096693
3 0 0.018510 0.007999 0.451917 0.514845 0.006729
3 0 0.014250 0.005411 0.329354 0.647037 0.003948
2 0 0.023235 0.013633 0.535291 0.423673 0.004167
2 0 0.010406 0.026894 0.496040 0.463588 0.003072
3 0 0.004704 0.005576 0.303846 0.684924 0.000949
3 0 0.002551 0.003733 0.310096 0.682658 0.000962
3 0 0.001633 0.000774 0.265547 0.731899 0.000148
2 2 0.001526 0.006813 0.538735 0.452709 0.000216
2 2 0.044348 0.034671 0.461761 0.453664 0.005557
2 2 0.039448 0.099632 0.557022 0.299129 0.004769
2 2 0.051912 0.190998 0.639587 0.108081 0.009422
2 0 0.130763 0.101271 0.617020 0.140007 0.010939
3 0 0.048053 0.019893 0.296738 0.629096 0.006219
3 0 0.064245 0.009410 0.223285 0.697335 0.005726
2 0 0.021711 0.022021 0.727422 0.227746 0.001100
2 0 0.004379 0.025230 0.855461 0.114572 0.000358
2 0 0.289769 0.066595 0.491914 0.137064 0.014659
0 0 0.516029 0.017286 0.237137 0.211267 0.018280
0 0 0.939811 0.017365 0.015706 0.000356 0.026761
0 0 0.955418 0.013728 0.010420 0.000926 0.019508
2 0 0.066186 0.280499 0.606393 0.034293 0.012630
2 1 0.093543 0.348122 0.492833 0.041350 0.024152
2 1 0.038174 0.195254 0.729629 0.031507 0.005436
2 2 0.017611 0.123061 0.795761 0.060276 0.003290
2 2 0.005509 0.048890 0.915948 0.029315 0.000338
2 2 0.012625 0.083828 0.876880 0.025956 0.000711
1 2 0.145770 0.412575 0.385647 0.029245 0.026762
2 2 0.148002 0.218750 0.560935 0.054272 0.018041
1 2 0.065816 0.470454 0.380144 0.003257 0.080329
1 2 0.086527 0.462546 0.360852 0.010633 0.079442
2 2 0.030934 0.168953 0.774491 0.021826 0.003796
2 2 0.011331 0.105926 0.864621 0.015964 0.002159
2 2 0.005900 0.051355 0.923215 0.019178 0.000352
2 2 0.039585 0.181327 0.761098 0.015274 0.002717
1 2 0.156964 0.424320 0.361388 0.028740 0.028588
2 2 0.296678 0.232095 0.403525 0.026048 0.041654
1 2 0.122021 0.548499 0.246303 0.001848 0.081329
1 2 0.122687 0.509669 0.290470 0.005846 0.071328
1 2 0.071930 0.464279 0.368151 0.007063 0.088578
1 2 0.072302 0.481510 0.355810 0.003961 0.086417
2 2 0.013612 0.100758 0.873213 0.011223 0.001195
2 2 0.002011 0.044555 0.945037 0.007804 0.000593
2 2 0.000359 0.008460 0.971437 0.019719 0.000024
2 2 0.001156 0.015585 0.961294 0.021926 0.000040
0 0 0.652200 0.121690 0.195954 0.010790 0.019366
0 0 0.666900 0.156360 0.144233 0.005838 0.026669
2 0 0.094636 0.318463 0.569822 0.007930 0.009150
2 0 0.087089 0.306546 0.586366 0.010915 0.009085
2 1 0.028837 0.150661 0.786870 0.031293 0.002339
2 1 0.128147 0.345347 0.506073 0.012902 0.007531
0 1 0.741606 0.125159 0.096828 0.004992 0.031416
1 0 0.266668 0.479663 0.214799 0.009095 0.029775
1 0 0.234129 0.444717 0.257246 0.013606 0.050303
0 0 0.626145 0.243222 0.073144 0.004592 0.052898
1 0 0.173704 0.435313 0.349608 0.016347 0.025027
1 1 0.248324 0.484478 0.220739 0.008987 0.037472
1 1 0.166962 0.441892 0.360813 0.005924 0.024408
2 2 0.143007 0.397920 0.434838 0.007716 0.016519
1 2 0.300844 0.480084 0.190939 0.003674 0.024459
2 0 0.340854 0.264353 0.365628 0.009804 0.019362
1 0 0.252178 0.367445 0.355238 0.007556 0.017584
1 1 0.185270 0.425981 0.363291 0.007119 0.018339
2 1 0.201646 0.339081 0.422776 0.019405 0.017091
1 1 0.191335 0.432504 0.348461 0.010341 0.017359
0 0 0.969050 0.006942 0.002337 0.000217 0.021455
0 0 0.968433 0.006057 0.002139 0.000247 0.023123
0 0 0.960080 0.010863 0.003627 0.000329 0.025100
0 0 0.924248 0.035512 0.010560 0.000581 0.029099
1 0 0.225139 0.426088 0.256939 0.015877 0.075956
1 1 0.092173 0.441759 0.392236 0.012991 0.060841
1 1 0.103518 0.545063 0.263085 0.001779 0.086555
1 1 0.096032 0.518806 0.296555 0.003170 0.085437
0 0 0.449211 0.157054 0.330415 0.034887 0.028432
1 0 0.244124 0.466510 0.263009 0.005780 0.020577
1 0 0.154837 0.459325 0.360338 0.003018 0.022482
1 0 0.163474 0.407160 0.406754 0.008306 0.014305
0 0 0.894665 0.057542 0.016359 0.000739 0.030696
0 1 0.930662 0.029018 0.010414 0.000800 0.029106
0 1 0.969122 0.007789 0.002529 0.000199 0.020361
0 1 0.963080 0.009464 0.004131 0.000452 0.022873
0 1 0.948950 0.010753 0.004074 0.000661 0.035562
0 1 0.922088 0.021508 0.008196 0.001417 0.046791
0 0 0.900281 0.035401 0.012253 0.001183 0.050882
0 0 0.935232 0.019491 0.006934 0.000865 0.037478
0 0 0.936822 0.017372 0.013168 0.002947 0.029691
0 0 0.929328 0.015141 0.022549 0.004690 0.028292
0 0 0.911806 0.026238 0.027571 0.004029 0.030356
0 0 0.899110 0.025428 0.033322 0.003248 0.038892
0 0 0.452389 0.134103 0.319320 0.012479 0.081708
0 0 0.410327 0.212108 0.311014 0.005831 0.060719
0 0 0.682746 0.132859 0.150226 0.013154 0.021015
0 0 0.876796 0.043321 0.057955 0.004469 0.017460
0 0 0.955413 0.013387 0.011806 0.000922 0.018472
0 0 0.954628 0.016919 0.007680 0.000643 0.020130
0 0 0.949609 0.020750 0.006125 0.000319 0.023197
0 0 0.934066 0.029499 0.008779 0.000481 0.027175
0 0 0.972648 0.004504 0.001713 0.000191 0.020944
0 0 0.946346 0.015911 0.007904 0.001180 0.028659
0 0 0.958445 0.010503 0.004928 0.000717 0.025407
0 0 0.971237 0.006229 0.002239 0.000219 0.020075
0 0 0.984623 0.002477 0.001407 0.000130 0.011363
0 0 0.982719 0.003245 0.002092 0.000176 0.011768
0 0 0.942873 0.019170 0.009617 0.000732 0.027609
0 0 0.832054 0.053294 0.035663 0.003927 0.075063
0 0 0.837426 0.069486 0.041075 0.004108 0.047904
0 0 0.728936 0.072783 0.086886 0.012267 0.099130
0 0 0.933417 0.011782 0.004811 0.001027 0.048964
0 0 0.944988 0.013766 0.005047 0.000716 0.035484
0 0 0.818044 0.072469 0.025326 0.002154 0.082008
0 0 0.783134 0.106295 0.036810 0.003928 0.069834
0 0 0.626963 0.200803 0.101507 0.013356 0.057371
0 0 0.808503 0.061467 0.082558 0.009565 0.037906
0 0 0.897817 0.040573 0.014048 0.001585 0.045977
0 0 0.963852 0.014069 0.003995 0.000171 0.017913
0 0 0.950319 0.021599 0.018471 0.000572 0.009040
0 0 0.944375 0.026959 0.018873 0.000296 0.009497
0 0 0.883176 0.054467 0.050201 0.001378 0.010778
0 0 0.937172 0.031527 0.022302 0.000362 0.008636
0 0 0.552751 0.348477 0.082337 0.000493 0.015942
0 0 0.586685 0.230977 0.162032 0.002246 0.018061
0 0 0.545731 0.335649 0.098284 0.001161 0.019175
0 0 0.887596 0.060043 0.039007 0.000561 0.012793
0 0 0.889539 0.037476 0.054862 0.002582 0.015540
0 0 0.866819 0.056450 0.054414 0.003042 0.019275
0 0 0.925128 0.012686 0.005011 0.000753 0.056421
0 0 0.910473 0.019706 0.007688 0.001175 0.060958
0 0 0.890436 0.026815 0.009642 0.000778 0.072328
0 0 0.905529 0.015846 0.006252 0.000808 0.071565
0 0 0.840282 0.083201 0.036176 0.001699 0.038642
0 0 0.934419 0.029703 0.008767 0.000462 0.026649
0 0 0.915590 0.034181 0.016140 0.001121 0.032968
0 0 0.910577 0.043875 0.013085 0.000735 0.031729
0 0 0.603972 0.213975 0.117584 0.013350 0.051119
0 0 0.401002 0.229342 0.295115 0.036646 0.037895
1 1 0.118747 0.612020 0.191798 0.000202 0.077233
1 1 0.138330 0.593430 0.201522 0.000388 0.066330
1 1 0.220511 0.408118 0.113522 0.000648 0.257202
0 0 0.403326 0.249613 0.076715 0.000966 0.269381
0 0 0.696432 0.009941 0.008448 0.000631 0.284548
0 0 0.562750 0.100209 0.042255 0.004022 0.290765
4 0 0.381840 0.007452 0.004538 0.000418 0.605752
4 0 0.346573 0.016640 0.010425 0.000596 0.625766
4 0 0.326032 0.013812 0.006762 0.000286 0.653108
4 0 0.187855 0.017197 0.010341 0.001362 0.783245
4 4 0.019046 0.055462 0.022680 0.000078 0.902734
4 4 0.005687 0.125907 0.051548 0.000148 0.816710
4 4 0.007475 0.064408 0.029926 0.000171 0.898019
4 4 0.023062 0.057129 0.028993 0.000546 0.890270
4 4 0.005384 0.233305 0.093836 0.000362 0.667112
4 4 0.015762 0.207030 0.076218 0.000245 0.700745
1 4 0.024011 0.436362 0.146537 0.000716 0.392373
4 4 0.022318 0.381825 0.119308 0.000260 0.476288
4 4 0.017972 0.227282 0.067304 0.000050 0.687393
4 4 0.011337 0.299848 0.097165 0.000143 0.591507
4 4 0.016725 0.346013 0.119340 0.000408 0.517513
4 4 0.017974 0.175358 0.058409 0.000085 0.748174
1 4 0.035307 0.485339 0.154793 0.000798 0.323764
1 4 0.017714 0.434583 0.140361 0.000186 0.407156
1 4 0.028437 0.523026 0.122144 0.000059 0.326334
1 4 0.030255 0.446479 0.102878 0.000034 0.420353
1 4 0.028795 0.470591 0.281632 0.000944 0.218037
1 4 0.020409 0.455579 0.257149 0.000418 0.266445
1 4 0.045018 0.509085 0.333881 0.000512 0.111504
1 4 0.044320 0.581503 0.268924 0.000043 0.105210
1 4 0.051113 0.546719 0.293202 0.000241 0.108726
1 4 0.049699 0.508068 0.313859 0.001048 0.127325
1 4 0.039881 0.512899 0.349716 0.000199 0.097305
1 4 0.030253 0.479119 0.398108 0.000158 0.092362
2 4 0.036690 0.384182 0.529484 0.001868 0.047776
2 4 0.022120 0.314292 0.618599 0.003634 0.041355
1 4 0.183892 0.433929 0.347511 0.014097 0.020572
0 0 0.410277 0.261691 0.289826 0.014570 0.023636
0 0 0.533102 0.115078 0.046683 0.001075 0.304063
0 1 0.474517 0.210343 0.073120 0.002448 0.239572
1 1 0.081429 0.540035 0.331270 0.000175 0.047091
1 1 0.061728 0.517569 0.370436 0.000148 0.050119
2 1 0.107694 0.349307 0.505026 0.009503 0.028470
1 1 0.192083 0.392487 0.382900 0.005388 0.027142
2 0 0.308813 0.289582 0.353084 0.012641 0.035881
1 0 0.200904 0.525948 0.218340 0.004373 0.050435
0 1 0.397599 0.194551 0.313602 0.058335 0.035913
2 1 0.213712 0.311696 0.389850 0.038957 0.045786
1 1 0.116221 0.527678 0.298459 0.001861 0.055781
2 1 0.118771 0.377427 0.427167 0.005336 0.071300
0 1 0.508123 0.288551 0.115197 0.003323 0.084806
0 1 0.457421 0.300485 0.089238 0.001325 0.151532
2 4 0.140025 0.317685 0.488079 0.012065 0.042146
1 4 0.081221 0.455519 0.415538 0.004105 0.043618
2 4 0.047222 0.269682 0.660585 0.010960 0.011550
2 4 0.025060 0.162441 0.762978 0.043840 0.005681
2 4 0.013075 0.161725 0.817280 0.002583 0.005336
2 4 0.020510 0.182040 0.786591 0.005214 0.005645
2 4 0.015117 0.141666 0.839408 0.001578 0.002230
2 2 0.050136 0.247192 0.697231 0.001351 0.004090
2 2 0.010024 0.092502 0.894807 0.001806 0.000860
2 2 0.008821 0.107517 0.881771 0.000690 0.001202
2 2 0.006022 0.057610 0.933442 0.002594 0.000333
2 2 0.002508 0.035790 0.958695 0.002803 0.000203
2 2 0.013055 0.098761 0.885543 0.001839 0.000803
2 2 0.016183 0.118338 0.860617 0.003477 0.001385
2 2 0.001847 0.023559 0.954118 0.020365 0.000111
2 2 0.001210 0.017668 0.963382 0.017668 0.000072
2 2 0.001958 0.024772 0.960160 0.012989 0.000122
2 2 0.003199 0.033559 0.952040 0.011037 0.000165
2 2 0.005286 0.048088 0.935465 0.010848 0.000313
2 2 0.005349 0.048304 0.930252 0.015774 0.000321
2 2 0.007593 0.065082 0.872541 0.053983 0.000801
2 2 0.003053 0.034477 0.914037 0.048165 0.000269
2 2 0.025829 0.155122 0.761861 0.052834 0.004354
2 2 0.008940 0.109502 0.846955 0.030980 0.003624
2 2 0.004127 0.063462 0.906352 0.024716 0.001344
2 2 0.003897 0.061221 0.913978 0.019741 0.001163
2 2 0.004187 0.044904 0.827363 0.122905 0.000640
2 2 0.003599 0.036333 0.823184 0.135892 0.000992
2 2 0.019434 0.089285 0.700431 0.185797 0.005053
2 2 0.009321 0.045616 0.753704 0.188880 0.002479
2 2 0.064117 0.062574 0.529375 0.301817 0.042118
2 2 0.059919 0.080687 0.609361 0.176747 0.073286
2 2 0.004010 0.040745 0.780661 0.171602 0.002981
2 2 0.003391 0.020548 0.614187 0.360652 0.001222
3 2 0.155181 0.021060 0.232981 0.567963 0.022815
3 2 0.010345 0.001616 0.187922 0.797513 0.002604
3 2 0.010407 0.013066 0.310794 0.663815 0.001919
3 2 0.013073 0.009772 0.377653 0.598157 0.001345
2 2 0.169787 0.162661 0.560500 0.093447 0.013605
2 2 0.240060 0.254069 0.413828 0.073495 0.018548
2 2 0.041948 0.211795 0.632459 0.104307 0.009492
2 2 0.052812 0.246275 0.618501 0.070684 0.011728
2 2 0.012993 0.089190 0.841330 0.055408 0.001079
2 2 0.010768 0.079038 0.855259 0.054031 0.000904
2 2 0.024691 0.140703 0.808160 0.024098 0.002347
2 2 0.040863 0.203822 0.718230 0.031211 0.005874
2 2 0.048682 0.215246 0.709163 0.018324 0.008585
2 2 0.052076 0.270332 0.644228 0.021680 0.011685
2 2 0.007957 0.065904 0.864431 0.060942 0.000765
2 2 0.007203 0.062335 0.868459 0.061263 0.000740
2 2 0.096441 0.324610 0.493330 0.065003 0.020615
2 0 0.267173 0.186081 0.434266 0.081364 0.031116
0 0 0.531802 0.188645 0.222872 0.023579 0.033102
0 0 0.621014 0.166920 0.138538 0.030335 0.043193
1 0 0.081676 0.507729 0.334588 0.002297 0.073709
1 1 0.074529 0.475860 0.351398 0.006168 0.092045
2 1 0.022671 0.136858 0.794913 0.042778 0.002780
2 2 0.004575 0.052244 0.893665 0.048786 0.000731
2 2 0.000302 0.006736 0.949958 0.042986 0.000018
2 2 0.000088 0.003090 0.877426 0.119387 0.000009
2 2 0.000606 0.011417 0.909318 0.078604 0.000055
2 2 0.001582 0.022709 0.873885 0.101631 0.000193
2 2 0.000750 0.014383 0.845369 0.139362 0.000137
2 2 0.001883 0.024545 0.904869 0.068540 0.000163
2 2 0.003308 0.034591 0.915692 0.046198 0.000211
2 2 0.003925 0.039308 0.926743 0.029769 0.000255
2 2 0.002573 0.031730 0.868423 0.096953 0.000322
2 2 0.008819 0.073979 0.864610 0.051486 0.001106
2 2 0.002313 0.028374 0.858085 0.110992 0.000235
2 2 0.003053 0.035274 0.807476 0.153773 0.000425
2 2 0.006554 0.058431 0.819990 0.114241 0.000784
2 2 0.001211 0.019128 0.715569 0.263837 0.000255
2 2 0.001564 0.023667 0.787423 0.187018 0.000328
2 2 0.001517 0.024682 0.711529 0.261758 0.000514
2 2 0.000740 0.010882 0.677006 0.311254 0.000118
2 3 0.007719 0.022381 0.501666 0.467117 0.001116
2 3 0.000074 0.002781 0.765048 0.232085 0.000012
2 3 0.000037 0.001618 0.521948 0.476387 0.000010
2 3 0.003603 0.039161 0.887535 0.069325 0.000375
2 2 0.003450 0.039253 0.883916 0.072940 0.000441
2 2 0.000163 0.004956 0.697127 0.297714 0.000040
2 2 0.000174 0.004910 0.767693 0.227198 0.000025
2 2 0.000654 0.012065 0.822677 0.164526 0.000077
2 2 0.000446 0.009007 0.789317 0.201156 0.000075
2 2 0.000844 0.015056 0.661403 0.322483 0.000215
2 2 0.002605 0.032741 0.761064 0.203081 0.000510
2 2 0.000150 0.004572 0.733703 0.261546 0.000028
2 2 0.000418 0.008802 0.676836 0.313872 0.000072
2 2 0.000110 0.003719 0.793527 0.202627 0.000018
2 2 0.000129 0.004090 0.511002 0.484730 0.000049
2 2 0.004407 0.038713 0.675128 0.280957 0.000794
2 2 0.024013 0.081430 0.560300 0.330404 0.003853
2 2 0.004763 0.051700 0.510471 0.430222 0.002844
2 2 0.002084 0.034088 0.596441 0.365276 0.002111
2 2 0.010349 0.107103 0.803218 0.075353 0.003976
2 2 0.020667 0.139047 0.736570 0.098690 0.005025
2 2 0.006760 0.062590 0.786518 0.142941 0.001191
2 2 0.013862 0.100036 0.791192 0.092847 0.002063
2 2 0.006875 0.059293 0.854251 0.078916 0.000664
2 2 0.001171 0.019421 0.787842 0.191320 0.000246
2 2 0.003862 0.044172 0.863170 0.088123 0.000672
2 2 0.006684 0.061415 0.850620 0.080373 0.000907
2 2 0.002512 0.032401 0.825894 0.138748 0.000445
2 2 0.004200 0.046868 0.835760 0.112371 0.000801
2 2 0.005562 0.058886 0.704176 0.229426 0.001949
2 2 0.005123 0.054803 0.696025 0.242372 0.001676
2 2 0.000687 0.012522 0.582652 0.403964 0.000175
2 2 0.001064 0.017236 0.686633 0.294850 0.000217
2 2 0.000455 0.009929 0.619304 0.370174 0.000138
2 2 0.000985 0.016360 0.663491 0.318947 0.000217
3 2 0.004952 0.024153 0.453398 0.516514 0.000982
3 2 0.009176 0.019259 0.338490 0.631241 0.001835
3 2 0.001850 0.003047 0.197396 0.797402 0.000305
3 2 0.000198 0.003914 0.369573 0.626231 0.000084
2 2 0.232958 0.166533 0.403359 0.158161 0.038988
2 0 0.065455 0.240168 0.475133 0.162780 0.056464
3 0 0.002283 0.005421 0.249855 0.741863 0.000578
3 0 0.001240 0.004172 0.282989 0.711301 0.000298
2 0 0.024006 0.080869 0.662804 0.228442 0.003879
2 4 0.029911 0.107961 0.593701 0.263910 0.004517
0 4 0.681251 0.122276 0.118973 0.034446 0.043053
0 4 0.850065 0.039428 0.057895 0.021047 0.031565
2 1 0.153424 0.295931 0.334740 0.023552 0.192353
1 1 0.182996 0.397689 0.160955 0.013383 0.244977
2 4 0.035723 0.386130 0.499747 0.004991 0.073408
2 4 0.033567 0.348291 0.538770 0.013043 0.066329
2 4 0.018717 0.182504 0.736514 0.049117 0.013149
2 4 0.019673 0.174147 0.750746 0.045091 0.010342
2 4 0.003907 0.043442 0.848953 0.103086 0.000611
2 4 0.001826 0.025459 0.878185 0.094290 0.000240
1 4 0.266371 0.490045 0.171465 0.016727 0.055391
0 4 0.377329 0.294804 0.253375 0.016779 0.057713
0 0 0.533474 0.196284 0.164856 0.035684 0.069702
1 0 0.222356 0.462958 0.167143 0.012552 0.134991
2 0 0.042986 0.393375 0.435941 0.020560 0.107138
2 4 0.053052 0.404769 0.425242 0.022422 0.094515
2 4 0.031796 0.301877 0.590656 0.029155 0.046515
2 4 0.017831 0.235209 0.683147 0.028557 0.035255
2 4 0.002662 0.054767 0.853511 0.086821 0.002240
2 4 0.009651 0.095772 0.793964 0.097105 0.003507
2 2 0.005035 0.123700 0.813103 0.041194 0.016969
2 2 0.010341 0.193502 0.750118 0.019891 0.026148
2 2 0.008689 0.071312 0.880154 0.038965 0.000879
2 2 0.004326 0.045217 0.874707 0.075248 0.000503
2 2 0.076224 0.305123 0.558850 0.038871 0.020932
2 2 0.123789 0.386700 0.425488 0.038750 0.025274
0 0 0.491057 0.228887 0.146547 0.007655 0.125853
1 0 0.172521 0.526756 0.184349 0.013172 0.103202
1 1 0.093897 0.505026 0.254555 0.011333 0.135190
1 1 0.125988 0.437936 0.213552 0.004216 0.218308
2 1 0.102759 0.187585 0.532951 0.046151 0.130554
2 0 0.065614 0.275645 0.451068 0.133442 0.074231
2 0 0.003713 0.035136 0.896085 0.064033 0.001034
2 2 0.006930 0.065779 0.800912 0.125110 0.001269
2 2 0.003643 0.044327 0.884990 0.066444 0.000597
2 2 0.031359 0.171016 0.740614 0.052489 0.004522
2 2 0.046910 0.341775 0.563938 0.013185 0.034192
2 2 0.037979 0.308262 0.614797 0.011523 0.027438
2 2 0.000610 0.014782 0.955796 0.028725 0.000087
2 2 0.000191 0.005294 0.957476 0.037026 0.000014
2 2 0.195359 0.238075 0.485599 0.028258 0.052709
2 2 0.344742 0.126447 0.357810 0.141485 0.029516
0 2 0.508862 0.266536 0.126753 0.024237 0.073612
0 0 0.876446 0.033461 0.038283 0.005373 0.046438
0 0 0.912450 0.032184 0.015966 0.002420 0.036980
0 0 0.936063 0.018316 0.006824 0.000942 0.037856
0 0 0.958245 0.011128 0.003981 0.000413 0.026233
0 0 0.972744 0.004378 0.001569 0.000192 0.021117
0 0 0.868784 0.034323 0.052740 0.015827 0.028326
0 0 0.930807 0.022337 0.020293 0.003135 0.023427
0 0 0.588829 0.111467 0.159504 0.032741 0.107459
1 0 0.281550 0.318422 0.157197 0.015785 0.227044
1 1 0.094837 0.573278 0.219872 0.000891 0.111122
1 1 0.090803 0.588943 0.199745 0.000511 0.119998
4 4 0.013156 0.360749 0.121950 0.000332 0.503814
4 4 0.012751 0.365306 0.124427 0.000359 0.497157
4 4 0.009313 0.261565 0.113141 0.001124 0.614857
4 4 0.017377 0.101352 0.047206 0.000557 0.833508
4 4 0.013281 0.186057 0.080041 0.000684 0.719937
4 4 0.022244 0.072358 0.036172 0.000678 0.868548
4 4 0.011331 0.090466 0.042559 0.000402 0.855242
4 4 0.013379 0.218572 0.099609 0.001501 0.666938
4 4 0.058771 0.081613 0.043534 0.002442 0.813640
4 4 0.042753 0.097359 0.050271 0.002044 0.807573
4 4 0.016607 0.114047 0.054511 0.000816 0.814018
4 4 0.020359 0.079666 0.039370 0.000682 0.859924
4 4 0.045293 0.024991 0.013926 0.000506 0.915284
4 4 0.017862 0.118659 0.056902 0.000931 0.805645
4 4 0.009446 0.211451 0.094095 0.000956 0.684052
4 4 0.018151 0.091835 0.044674 0.000702 0.844638
4 4 0.021880 0.013591 0.007422 0.000118 0.956989
4 4 0.025374 0.028326 0.015029 0.000292 0.930979
4 4 0.011825 0.082344 0.039049 0.000379 0.866402
4 4 0.013247 0.197511 0.076195 0.000304 0.712743
4 4 0.026226 0.200763 0.096424 0.002896 0.673692
4 4 0.028788 0.105281 0.052469 0.001377 0.812084
4 4 0.005300 0.248613 0.103485 0.000543 0.642059
4 4 0.013998 0.109488 0.049222 0.000417 0.826875
4 4 0.034942 0.086520 0.044287 0.001404 0.832847
4 4 0.065477 0.043454 0.024153 0.001395 0.865521
4 4 0.017407 0.222728 0.103384 0.002098 0.654383
4 4 0.034125 0.385805 0.151253 0.002414 0.426403
4 4 0.018629 0.355054 0.162471 0.005268 0.458578
4 4 0.033497 0.261271 0.110808 0.001927 0.592498
4 4 0.013601 0.032951 0.016572 0.000167 0.936710
4 4 0.030688 0.086506 0.041676 0.000786 0.840344
4 4 0.024997 0.114661 0.048958 0.000400 0.810984
4 4 0.011936 0.330253 0.134018 0.001226 0.522568
4 4 0.014391 0.239225 0.109153 0.001876 0.635356
4 4 0.016677 0.345484 0.156958 0.004343 0.476538
1 4 0.044513 0.516015 0.198458 0.000991 0.240023
1 4 0.045541 0.497184 0.167989 0.001704 0.287582
1 4 0.039576 0.513536 0.289644 0.000527 0.156716
1 4 0.035390 0.495604 0.310710 0.000615 0.157681
1 4 0.103237 0.504162 0.272818 0.005643 0.114140
1 4 0.125447 0.524296 0.241801 0.008016 0.100439
1 2 0.077509 0.504169 0.288297 0.005673 0.124352
1 2 0.096534 0.520599 0.276082 0.004580 0.102205
1 2 0.098884 0.510638 0.221099 0.012872 0.156507
1 2 0.120110 0.338236 0.206880 0.001580 0.333195
4 2 0.258694 0.210027 0.197608 0.005401 0.328269
1 2 0.090058 0.476057 0.233908 0.007698 0.192280
1 2 0.068406 0.497092 0.351242 0.001704 0.081556
1 2 0.083819 0.496824 0.325282 0.004520 0.089555
1 2 0.065381 0.446662 0.405692 0.007622 0.074643
1 2 0.069406 0.435926 0.393787 0.014036 0.086846
2 2 0.027479 0.281580 0.585882 0.052868 0.052191
2 2 0.030699 0.299841 0.590002 0.033101 0.046357
2 2 0.025672 0.217047 0.611694 0.119148 0.026439
2 2 0.021361 0.250111 0.633348 0.055535 0.039645
2 2 0.045340 0.266092 0.518695 0.137361 0.032512
2 2 0.042158 0.327149 0.543798 0.038139 0.048757
2 3 0.058342 0.355460 0.481186 0.054344 0.050669
2 3 0.037786 0.336180 0.523307 0.027669 0.075058
2 3 0.058619 0.415180 0.492124 0.001938 0.032139
2 2 0.113614 0.428309 0.429608 0.003834 0.024636
2 2 0.035496 0.282813 0.664616 0.002843 0.014232
2 2 0.016680 0.214947 0.755405 0.001727 0.011241
2 2 0.045401 0.317930 0.584169 0.022228 0.030272
2 2 0.062948 0.331437 0.565755 0.016619 0.023241
2 2 0.030768 0.377825 0.503321 0.005775 0.082311
2 2 0.053356 0.410446 0.431908 0.017031 0.087260
2 2 0.010289 0.203026 0.733195 0.019231 0.034260
2 2 0.013375 0.212740 0.720116 0.023314 0.030455
2 2 0.000039 0.009139 0.987606 0.002873 0.000342
2 2 0.000019 0.004949 0.990336 0.004592 0.000104
2 2 0.000883 0.043216 0.942686 0.011344 0.001871
2 2 0.000101 0.006412 0.944389 0.048883 0.000214
2 2 0.000333 0.008062 0.968849 0.022526 0.000230
2 2 0.000256 0.005855 0.964997 0.028764 0.000129
2 2 0.000109 0.008365 0.948295 0.043077 0.000155
2 2 0.000200 0.008996 0.869589 0.121052 0.000164
2 2 0.001162 0.040007 0.919459 0.037784 0.001589
2 2 0.000863 0.032016 0.918206 0.047798 0.001117
2 2 0.000046 0.003433 0.741767 0.254694 0.000060
2 2 0.000143 0.003795 0.778553 0.217323 0.000185
2 2 0.001808 0.035817 0.479780 0.479255 0.003340
2 2 0.000307 0.016963 0.746641 0.234900 0.001189
2 2 0.000010 0.000464 0.505498 0.494024 0.000004
3 2 0.000005 0.000215 0.422230 0.577549 0.000001
2 2 0.000048 0.001950 0.693536 0.304404 0.000062
2 2 0.000020 0.001746 0.508613 0.489583 0.000038
2 2 0.000019 0.001558 0.630217 0.368153 0.000053
3 2 0.000020 0.000417 0.320006 0.679533 0.000023
3 2 0.000012 0.000108 0.079862 0.920010 0.000008
3 2 0.000044 0.000493 0.183396 0.816048 0.000019
3 2 0.000166 0.000731 0.068487 0.930364 0.000250
3 3 0.000020 0.000116 0.048239 0.951607 0.000017
3 3 0.000079 0.000103 0.034055 0.965729 0.000034
3 3 0.000051 0.000212 0.041888 0.957816 0.000033
3 3 0.000003 0.000025 0.022882 0.977088 0.000003
3 3 0.000022 0.000042 0.011994 0.987925 0.000017
3 3 0.000021 0.000099 0.060658 0.939210 0.000012
3 3 0.000002 0.000010 0.014338 0.985649 0.000002
3 3 0.000013 0.000021 0.008596 0.991359 0.000012
3 3 0.000003 0.000009 0.007546 0.992440 0.000003
3 3 0.000002 0.000036 0.043670 0.956290 0.000002
3 3 0.000018 0.000108 0.052526 0.947337 0.000012
3 3 0.000015 0.000250 0.067442 0.932278 0.000015
3 3 0.000012 0.000126 0.070546 0.929308 0.000009
3 3 0.000018 0.000130 0.034653 0.965182 0.000018
3 3 0.000039 0.000313 0.048338 0.951276 0.000034
3 3 0.000024 0.000109 0.034563 0.965287 0.000017
3 3 0.000003 0.000015 0.015261 0.984718 0.000003
3 3 0.000008 0.000044 0.020703 0.979237 0.000007
3 3 0.000011 0.000117 0.040223 0.959638 0.000011
3 3 0.000006 0.000021 0.014919 0.985048 0.000005
3 3 0.000047 0.000082 0.013152 0.986679 0.000040
3 3 0.000012 0.000054 0.015032 0.984888 0.000014
3 3 0.000048 0.000171 0.017709 0.982022 0.000050
3 3 0.000174 0.000108 0.009888 0.989714 0.000116
3 3 0.000104 0.000098 0.007919 0.991804 0.000075
3 3 0.000034 0.000055 0.014369 0.985520 0.000023
3 3 0.000018 0.000032 0.008834 0.991100 0.000016
3 3 0.000003 0.000022 0.016605 0.983368 0.000003
3 3 0.000001 0.000005 0.009534 0.990458 0.000001
3 3 0.000003 0.000007 0.006517 0.993469 0.000003
3 3 0.000001 0.000005 0.009381 0.990613 0.000001
3 3 0.000018 0.000034 0.009809 0.990122 0.000017
3 3 0.000006 0.000019 0.010765 0.989204 0.000006
3 3 0.000001 0.000006 0.006796 0.993196 0.000002
3 3 0.000001 0.000005 0.005988 0.994005 0.000001
3 3 0.000003 0.000013 0.007757 0.992224 0.000003
3 3 0.000007 0.000010 0.004973 0.995004 0.000006
3 3 0.000007 0.000014 0.005799 0.994173 0.000007
3 3 0.000003 0.000009 0.006577 0.993407 0.000003
3 3 0.000008 0.000021 0.008691 0.991270 0.000008
3 3 0.000015 0.000021 0.006865 0.993086 0.000013
3 3 0.000001 0.000004 0.008218 0.991776 0.000001
3 3 0.000004 0.000020 0.013245 0.986727 0.000004
3 3 0.000002 0.000005 0.005382 0.994609 0.000002
3 3 0.000007 0.000014 0.006056 0.993918 0.000006
3 3 0.000005 0.000021 0.009208 0.990762 0.000005
3 3 0.000003 0.000006 0.005499 0.994490 0.000003
3 3 0.000003 0.000004 0.004110 0.995881 0.000002
3 3 0.000000 0.000001 0.004050 0.995948 0.000000
3 3 0.000024 0.000010 0.003196 0.996756 0.000014
3 3 0.000019 0.000017 0.004820 0.995130 0.000014
3 3 0.000002 0.000006 0.006014 0.993975 0.000003
3 3 0.000001 0.000006 0.009616 0.990377 0.000001
3 3 0.000001 0.000002 0.002741 0.997255 0.000001
3 3 0.000004 0.000008 0.005587 0.994397 0.000004
3 3 0.000001 0.000005 0.007026 0.992968 0.000001
3 3 0.000003 0.000009 0.005409 0.994576 0.000003
3 3 0.000001 0.000006 0.007804 0.992188 0.000001
3 3 0.000002 0.000004 0.004749 0.995244 0.000002
3 3 0.000001 0.000003 0.003994 0.996001 0.000001
3 3 0.000011 0.000006 0.003734 0.996242 0.000007
3 3 0.000007 0.000011 0.007629 0.992347 0.000006
3 3 0.000002 0.000017 0.013832 0.986146 0.000003
3 3 0.000010 0.000011 0.007755 0.992219 0.000006
3 3 0.000077 0.000230 0.029038 0.970594 0.000060
3 3 0.000931 0.002664 0.163996 0.832042 0.000366
3 3 0.000905 0.004903 0.228424 0.765451 0.000317
3 3 0.000088 0.000797 0.145595 0.853468 0.000052
2 3 0.000072 0.002549 0.508744 0.488618 0.000018
2 2 0.010230 0.263140 0.530757 0.047733 0.148139
2 2 0.005041 0.177405 0.679327 0.060416 0.077811
2 2 0.001797 0.071379 0.685304 0.223276 0.018243
2 2 0.002515 0.111692 0.707032 0.137235 0.041525
2 2 0.016244 0.290823 0.486521 0.062766 0.143645
2 2 0.006249 0.220613 0.603201 0.043849 0.126088
1 2 0.018925 0.362689 0.291096 0.009993 0.317297
4 2 0.007661 0.302317 0.306331 0.005224 0.378467
2 2 0.013733 0.323653 0.389487 0.027052 0.246074
2 2 0.012928 0.295197 0.476732 0.036656 0.178486
2 2 0.019002 0.354173 0.462324 0.008166 0.156334
2 2 0.025332 0.356963 0.455507 0.022313 0.139885
1 2 0.020899 0.447326 0.287775 0.000616 0.243385
1 2 0.018056 0.363508 0.318685 0.008111 0.291640
4 2 0.009892 0.314457 0.192491 0.002865 0.480295
4 4 0.006319 0.239165 0.160087 0.001230 0.593199
1 4 0.041744 0.475493 0.217230 0.003386 0.262146
1 4 0.018181 0.360705 0.283666 0.009207 0.328241
2 4 0.012222 0.325609 0.356861 0.015897 0.289412
1 4 0.013463 0.339246 0.309465 0.006749 0.331076
2 4 0.013275 0.333581 0.333893 0.016477 0.302774
1 4 0.017802 0.363086 0.323987 0.013131 0.281994
4 4 0.011552 0.330517 0.285521 0.004800 0.367610
4 4 0.011055 0.326587 0.307026 0.004893 0.350439
2 4 0.007314 0.292456 0.386235 0.007067 0.306928
1 4 0.026220 0.371248 0.339154 0.025784 0.237595
2 4 0.011175 0.311531 0.411591 0.014297 0.251406
2 4 0.010591 0.299361 0.449207 0.017854 0.222987
2 4 0.016554 0.340185 0.443264 0.010825 0.189171
2 4 0.032475 0.410997 0.412382 0.005644 0.138503
2 4 0.007493 0.195274 0.687498 0.045466 0.064269
2 4 0.026670 0.353633 0.548097 0.005156 0.066444
2 4 0.010774 0.126611 0.835286 0.023058 0.004271
2 2 0.024592 0.254331 0.701400 0.003009 0.016667
2 2 0.021941 0.252028 0.700327 0.006772 0.018931
2 2 0.023101 0.237420 0.717407 0.008015 0.014057
2 2 0.001686 0.028068 0.968731 0.001408 0.000107
2 2 0.001440 0.022587 0.971798 0.004087 0.000089
2 2 0.000532 0.012737 0.977974 0.008705 0.000052
2 2 0.002122 0.028423 0.958512 0.010793 0.000151
2 2 0.002877 0.036411 0.942566 0.017867 0.000278
2 2 0.004051 0.054416 0.934929 0.006042 0.000563
2 2 0.248720 0.287511 0.395064 0.040394 0.028310
1 2 0.182401 0.432786 0.352019 0.012684 0.020109
2 2 0.033146 0.260169 0.641416 0.039916 0.025353
2 2 0.020882 0.244230 0.664624 0.036146 0.034119
2 2 0.005790 0.086296 0.897968 0.008011 0.001934
2 2 0.011676 0.131852 0.842420 0.010340 0.003712
2 2 0.008145 0.098220 0.880730 0.010790 0.002115
2 2 0.011972 0.095186 0.861311 0.029975 0.001556
2 2 0.004390 0.043360 0.898870 0.053022 0.000358
2 2 0.003903 0.038373 0.928234 0.029267 0.000223
2 2 0.007959 0.068503 0.883200 0.039436 0.000902
2 2 0.005259 0.054940 0.902285 0.036816 0.000701
2 2 0.001138 0.016399 0.921876 0.060523 0.000066
2 2 0.003695 0.039015 0.892501 0.064456 0.000333
2 2 0.019449 0.139357 0.791579 0.045714 0.003900
2 2 0.018315 0.129997 0.778256 0.069659 0.003773
2 2 0.048130 0.222277 0.696321 0.027008 0.006263
2 2 0.090139 0.321815 0.552409 0.022719 0.012918
1 2 0.057637 0.431224 0.387473 0.017308 0.106358
1 2 0.045496 0.422842 0.390946 0.012903 0.127813
2 2 0.000416 0.015754 0.836585 0.146859 0.000387
2 2 0.000769 0.019003 0.775578 0.204219 0.000432
2 2 0.000532 0.014564 0.959574 0.025171 0.000159
2 2 0.001736 0.031027 0.922249 0.044628 0.000360
2 2 0.000677 0.017868 0.930521 0.050724 0.000210
2 2 0.000317 0.014119 0.955950 0.029389 0.000224
2 2 0.002641 0.081114 0.895293 0.016007 0.004945
2 2 0.004539 0.094905 0.867995 0.026970 0.005591
2 2 0.006820 0.116336 0.797864 0.069300 0.009679
2 2 0.002248 0.067332 0.830535 0.093036 0.006849
2 2 0.002438 0.036496 0.855725 0.104710 0.000632
2 2 0.002046 0.030524 0.822828 0.144017 0.000585
2 2 0.001119 0.034395 0.902679 0.060673 0.001135
2 2 0.000725 0.021729 0.886075 0.091004 0.000467
2 2 0.001351 0.025244 0.878710 0.094365 0.000330
2 2 0.001834 0.031934 0.847839 0.117816 0.000577
2 2 0.001568 0.033368 0.749242 0.214482 0.001340
2 2 0.003434 0.066155 0.832844 0.094035 0.003531
2 2 0.105432 0.193831 0.600329 0.088684 0.011725
2 0 0.081315 0.249743 0.572054 0.084379 0.012508
2 0 0.057881 0.202673 0.661980 0.068703 0.008762
2 0 0.053262 0.255371 0.604317 0.073705 0.013344
2 2 0.003761 0.051772 0.766693 0.176153 0.001621
2 2 0.006655 0.061124 0.804064 0.127129 0.001029
2 2 0.003073 0.037117 0.813641 0.145612 0.000557
2 2 0.001066 0.017654 0.835425 0.145693 0.000162
2 2 0.001317 0.021017 0.874482 0.102970 0.000214
2 2 0.003969 0.039806 0.915543 0.040404 0.000278
2 2 0.006495 0.061374 0.816672 0.114363 0.001096
2 2 0.005803 0.056019 0.847822 0.089536 0.000820
2 2 0.015415 0.101394 0.687247 0.193721 0.002223
2 2 0.037267 0.085985 0.575562 0.296697 0.004489
2 2 0.002435 0.031178 0.809789 0.156190 0.000407
2 2 0.000144 0.006111 0.901112 0.092531 0.000102
2 2 0.000363 0.008998 0.748628 0.241911 0.000101
2 2 0.000585 0.011883 0.785046 0.202375 0.000112
2 2 0.037953 0.125344 0.546592 0.282008 0.008102
2 2 0.176812 0.077303 0.490838 0.243306 0.011741
0 0 0.856971 0.046932 0.045453 0.009163 0.041481
0 0 0.442256 0.258905 0.188009 0.052567 0.058262
2 2 0.049674 0.293253 0.561252 0.064406 0.031415
2 2 0.037993 0.281607 0.603802 0.044826 0.031773
2 4 0.108191 0.396051 0.472458 0.004700 0.018600
2 4 0.080977 0.304036 0.591385 0.012810 0.010792
2 4 0.047753 0.371734 0.526705 0.007967 0.045840
2 4 0.032746 0.332800 0.589190 0.005141 0.040123
2 4 0.015439 0.191249 0.768991 0.010965 0.013356
2 2 0.010618 0.127517 0.809262 0.045303 0.007300
2 2 0.007791 0.077291 0.816759 0.096079 0.002080
2 2 0.003035 0.038434 0.846021 0.111916 0.000594
2 2 0.003841 0.042480 0.909418 0.043823 0.000438
2 2 0.014727 0.099093 0.862957 0.021986 0.001237
1 2 0.248993 0.490761 0.185694 0.017754 0.056798
0 2 0.375275 0.370568 0.143310 0.008911 0.101936
1 2 0.091414 0.479547 0.342485 0.007518 0.079036
1 4 0.088099 0.505525 0.320213 0.003354 0.082809
2 4 0.034629 0.292685 0.628129 0.016581 0.027975
2 4 0.025560 0.236762 0.667105 0.045435 0.025138
2 4 0.009356 0.183684 0.770827 0.012645 0.023487
2 4 0.015624 0.244872 0.696101 0.010203 0.033200
2 4 0.009769 0.082446 0.810842 0.095115 0.001828
2 2 0.008294 0.072943 0.853782 0.063701 0.001279
2 2 0.000339 0.008510 0.947244 0.043869 0.000037
2 2 0.000603 0.011321 0.919877 0.068147 0.000051
2 2 0.002173 0.034867 0.933842 0.028737 0.000381
2 2 0.001936 0.028992 0.943091 0.025757 0.000224
2 2 0.056147 0.233951 0.684440 0.020115 0.005347
2 2 0.117740 0.368567 0.488064 0.010170 0.015459
2 2 0.095961 0.335217 0.535727 0.018816 0.014279
2 2 0.086249 0.326979 0.554199 0.018398 0.014175
2 2 0.017417 0.106389 0.866524 0.008620 0.001051
2 2 0.005200 0.049591 0.916882 0.027888 0.000439
2 2 0.009197 0.076965 0.894923 0.018009 0.000905
2 2 0.007908 0.065751 0.908283 0.017414 0.000645
2 2 0.004005 0.044314 0.877434 0.073662 0.000585
2 2 0.008062 0.082925 0.884586 0.022983 0.001443
2 2 0.004361 0.062464 0.912305 0.019807 0.001063
2 2 0.020506 0.127111 0.823799 0.026385 0.002199
2 2 0.009096 0.072512 0.886294 0.031278 0.000819
2 2 0.016978 0.112911 0.825792 0.042330 0.001988
2 2 0.063164 0.265432 0.627090 0.034525 0.009789
2 2 0.055224 0.239589 0.658047 0.039790 0.007349
1 2 0.069833 0.434921 0.433761 0.006716 0.054769
1 2 0.098135 0.503557 0.325516 0.003297 0.069495
1 2 0.036346 0.438736 0.389924 0.004606 0.130388
1 2 0.041479 0.436054 0.393604 0.005652 0.123211
2 2 0.013689 0.235472 0.664487 0.032980 0.053372
2 2 0.004368 0.146474 0.804496 0.017623 0.027040
1 2 0.100477 0.418551 0.376800 0.048451 0.055721
2 0 0.237255 0.295421 0.372787 0.039486 0.055050
1 0 0.206526 0.393519 0.218424 0.005038 0.176493
1 0 0.097235 0.490233 0.305450 0.012969 0.094114
