0 0 0.369744 0.234080 0.369476 0.016804 0.009896
2 0 0.369749 0.192903 0.403115 0.026356 0.007877
2 0 0.297510 0.216900 0.454865 0.024864 0.005862
2 0 0.315371 0.216439 0.439749 0.022460 0.005981
0 0 0.969919 0.009513 0.000838 0.000001 0.019729
0 0 0.972171 0.010605 0.001640 0.000003 0.015582
0 0 0.997435 0.001308 0.000634 0.000001 0.000622
0 0 0.995399 0.002277 0.001066 0.000002 0.001255
0 0 0.762297 0.075496 0.032240 0.000541 0.129425
0 0 0.624499 0.129124 0.057510 0.001479 0.187388
4 1 0.088397 0.327142 0.091391 0.000130 0.492940
4 1 0.085034 0.360138 0.112557 0.000220 0.442051
1 1 0.063051 0.428122 0.169222 0.002345 0.337260
1 1 0.106624 0.423445 0.122577 0.000430 0.346924
1 1 0.094424 0.489876 0.203627 0.003724 0.208348
1 1 0.078822 0.448458 0.195793 0.006228 0.270699
1 1 0.180499 0.355496 0.182219 0.002461 0.279324
1 1 0.241512 0.322091 0.173851 0.001951 0.260596
4 1 0.049053 0.181551 0.108154 0.000444 0.660798
4 1 0.036267 0.255754 0.167893 0.009677 0.530409
4 1 0.035194 0.049743 0.019217 0.000121 0.895726
4 4 0.034725 0.048736 0.016457 0.000041 0.900040
4 4 0.174827 0.121112 0.045378 0.000687 0.657996
4 4 0.272386 0.153319 0.034715 0.000387 0.539192
4 4 0.127512 0.211507 0.094429 0.001916 0.564636
4 1 0.190865 0.212058 0.110557 0.006900 0.479620
0 1 0.848382 0.053506 0.045604 0.002757 0.049751
0 0 0.959410 0.017286 0.010865 0.000179 0.012261
0 0 0.532123 0.137798 0.031856 0.000378 0.297845
4 0 0.298712 0.226333 0.078350 0.001801 0.394804
4 0 0.062485 0.259949 0.115070 0.004097 0.558399
4 0 0.065513 0.291558 0.139898 0.008246 0.494785
4 0 0.035622 0.377152 0.159835 0.015951 0.411440
1 0 0.035416 0.383101 0.190867 0.025772 0.364843
4 0 0.183850 0.197009 0.053390 0.000870 0.564881
0 0 0.337965 0.190422 0.138651 0.007840 0.325122
4 0 0.129557 0.223655 0.220571 0.017599 0.408618
4 1 0.060268 0.257550 0.219267 0.034153 0.428762
1 2 0.018660 0.428436 0.252780 0.040526 0.259597
1 2 0.025463 0.441758 0.294047 0.020640 0.218093
2 2 0.011239 0.265366 0.354391 0.061997 0.307008
2 2 0.012528 0.305464 0.342195 0.109605 0.230208
2 2 0.022695 0.152938 0.510388 0.170675 0.143305
2 2 0.023708 0.204301 0.520111 0.070494 0.181386
3 2 0.009739 0.060221 0.403740 0.414634 0.111666
3 2 0.008465 0.036738 0.323996 0.587856 0.042945
3 2 0.009839 0.037935 0.411094 0.485035 0.056097
3 2 0.010313 0.046362 0.319606 0.537314 0.086404
3 3 0.012919 0.040534 0.263714 0.557804 0.125028
3 3 0.007256 0.026676 0.188886 0.700701 0.076481
3 3 0.007709 0.022304 0.197602 0.730892 0.041493
3 3 0.005108 0.019042 0.182848 0.748171 0.044830
3 3 0.004205 0.009255 0.090994 0.861297 0.034250
3 3 0.002343 0.005701 0.068106 0.910877 0.012973
3 3 0.004069 0.005562 0.067630 0.909591 0.013148
3 3 0.000969 0.001911 0.037432 0.955373 0.004314
3 3 0.001385 0.002138 0.046460 0.945249 0.004767
3 3 0.002196 0.004014 0.051323 0.931415 0.011053
3 3 0.000285 0.000668 0.018288 0.979881 0.000878
3 3 0.000473 0.000934 0.019174 0.977755 0.001665
3 3 0.001146 0.001202 0.023101 0.972504 0.002046
3 3 0.000647 0.000663 0.016002 0.981492 0.001196
3 3 0.000166 0.000323 0.009198 0.989682 0.000632
3 3 0.000495 0.001438 0.025994 0.968008 0.004064
3 3 0.000568 0.000722 0.017216 0.980477 0.001017
3 3 0.002456 0.002929 0.038697 0.950591 0.005328
3 3 0.000257 0.000460 0.013909 0.984906 0.000468
3 3 0.000294 0.000433 0.015892 0.982910 0.000472
3 3 0.000614 0.000824 0.016439 0.980252 0.001871
3 3 0.001725 0.001799 0.027965 0.964742 0.003768
3 3 0.000377 0.000677 0.015738 0.982116 0.001093
3 3 0.000330 0.000622 0.014697 0.983368 0.000983
3 3 0.000242 0.000412 0.010803 0.987708 0.000834
3 3 0.000721 0.000974 0.019156 0.977288 0.001861
3 3 0.000381 0.000408 0.012073 0.986492 0.000646
3 3 0.000282 0.000327 0.010258 0.988556 0.000577
3 3 0.001973 0.002240 0.030356 0.959754 0.005678
3 3 0.000254 0.000323 0.009881 0.988943 0.000599
3 3 0.000369 0.000484 0.013303 0.985109 0.000735
3 3 0.000892 0.001149 0.024165 0.972417 0.001376
3 3 0.000348 0.000657 0.013832 0.983725 0.001438
3 3 0.000710 0.000990 0.018056 0.977819 0.002424
3 3 0.000152 0.000181 0.008238 0.991243 0.000186
3 3 0.000128 0.000122 0.006496 0.993114 0.000140
3 3 0.000213 0.000244 0.008665 0.990443 0.000434
3 3 0.000096 0.000167 0.006120 0.993265 0.000352
3 3 0.000147 0.000263 0.007730 0.991217 0.000643
3 3 0.000062 0.000109 0.004713 0.994885 0.000231
3 3 0.000353 0.000343 0.011408 0.987414 0.000482
3 3 0.000247 0.000248 0.009213 0.989905 0.000387
3 3 0.000170 0.000228 0.008761 0.990539 0.000301
3 3 0.000262 0.000462 0.011076 0.987081 0.001119
3 3 0.000131 0.000150 0.007097 0.992442 0.000180
3 3 0.000381 0.000318 0.012099 0.986868 0.000333
3 3 0.000484 0.000520 0.013903 0.984198 0.000895
3 3 0.000875 0.001098 0.020967 0.975040 0.002020
3 3 0.000121 0.000134 0.006492 0.993077 0.000175
3 3 0.000120 0.000170 0.007001 0.992449 0.000260
3 3 0.000337 0.000443 0.011793 0.986557 0.000870
3 3 0.000302 0.000458 0.011186 0.986931 0.001123
3 3 0.000499 0.000817 0.015149 0.981197 0.002339
3 3 0.000736 0.000935 0.017919 0.978239 0.002170
3 3 0.001304 0.000848 0.021681 0.975061 0.001107
3 3 0.009908 0.005222 0.064479 0.912922 0.007468
3 3 0.077854 0.030939 0.248760 0.613571 0.028876
3 3 0.045846 0.017907 0.158261 0.761213 0.016774
3 3 0.085446 0.038476 0.293008 0.524426 0.058645
3 3 0.046903 0.018642 0.166308 0.746883 0.021264
4 3 0.076463 0.105294 0.207479 0.206635 0.404129
4 3 0.141046 0.136248 0.246344 0.112061 0.364301
0 0 0.963588 0.014831 0.015069 0.000322 0.006190
0 0 0.991807 0.002469 0.005226 0.000043 0.000455
0 0 0.867655 0.054210 0.024760 0.000484 0.052891
0 1 0.518530 0.142684 0.032509 0.000268 0.306009
4 1 0.295273 0.134577 0.046638 0.000451 0.523062
4 4 0.344065 0.099127 0.021382 0.000310 0.535116
4 4 0.262035 0.179327 0.053540 0.003140 0.501959
4 4 0.344272 0.160425 0.059924 0.001826 0.433552
4 4 0.288925 0.224274 0.070840 0.001468 0.414493
4 4 0.277968 0.211070 0.048427 0.001191 0.461344
0 4 0.607134 0.096338 0.021925 0.000320 0.274284
0 4 0.469880 0.128910 0.028956 0.000338 0.371916
0 4 0.806813 0.070760 0.036420 0.001363 0.084643
0 4 0.823787 0.064986 0.033457 0.000939 0.076830
0 4 0.413631 0.117155 0.058608 0.006724 0.403881
4 4 0.338075 0.142585 0.085000 0.014092 0.420249
0 4 0.622007 0.098600 0.050910 0.001771 0.226713
0 4 0.636858 0.114018 0.053393 0.002789 0.192942
0 4 0.450121 0.089657 0.023819 0.000560 0.435844
0 4 0.461850 0.112256 0.031487 0.001369 0.393038
4 4 0.282132 0.125037 0.073743 0.002933 0.516156
4 4 0.351941 0.154070 0.064886 0.002631 0.426472
0 4 0.663911 0.091309 0.020959 0.000411 0.223410
0 4 0.668698 0.076139 0.020742 0.000556 0.233865
0 4 0.792278 0.068373 0.023436 0.000542 0.115371
0 4 0.878718 0.040803 0.013892 0.000236 0.066351
4 4 0.397944 0.143634 0.035947 0.001349 0.421127
0 4 0.392629 0.158583 0.055149 0.001818 0.391821
0 4 0.673068 0.086409 0.029706 0.000760 0.210057
0 4 0.578489 0.128465 0.046077 0.001902 0.245066
0 4 0.812597 0.071323 0.022482 0.000400 0.093197
0 4 0.896345 0.037991 0.011735 0.000157 0.053772
0 4 0.903903 0.040405 0.017760 0.000294 0.037638
0 4 0.747525 0.101562 0.037902 0.001008 0.112003
1 4 0.270223 0.304855 0.156535 0.009851 0.258536
0 4 0.366008 0.233544 0.129012 0.004832 0.266604
1 4 0.073894 0.445937 0.194839 0.004318 0.281014
1 4 0.048643 0.484404 0.225710 0.005527 0.235716
1 4 0.133908 0.447179 0.162462 0.003639 0.252812
4 4 0.110143 0.335281 0.154413 0.006859 0.393303
4 4 0.060566 0.283582 0.215720 0.003809 0.436323
4 4 0.102641 0.359202 0.130316 0.001732 0.406110
4 4 0.172458 0.258365 0.092492 0.002514 0.474171
4 4 0.171300 0.187904 0.093702 0.002829 0.544264
4 4 0.320971 0.227156 0.102451 0.006788 0.342635
0 4 0.411609 0.185584 0.116871 0.005896 0.280039
0 4 0.711422 0.064128 0.007420 0.000047 0.216983
0 4 0.505703 0.144128 0.029765 0.000288 0.320116
4 4 0.036876 0.163177 0.098570 0.000363 0.701014
4 4 0.019018 0.280202 0.125339 0.008963 0.566478
1 4 0.013024 0.354730 0.290039 0.032203 0.310003
1 4 0.015813 0.386109 0.318639 0.017625 0.261815
1 4 0.012948 0.421927 0.215419 0.012671 0.337034
1 1 0.013914 0.412082 0.241912 0.005519 0.326573
1 1 0.007495 0.556675 0.203997 0.013318 0.218515
1 1 0.010905 0.457943 0.227832 0.000443 0.302877
1 1 0.020603 0.489099 0.168121 0.000789 0.321388
1 1 0.015946 0.489740 0.209211 0.007037 0.278067
1 1 0.012827 0.492807 0.239668 0.000861 0.253836
1 1 0.017777 0.549715 0.207315 0.002760 0.222433
1 2 0.014202 0.426517 0.269203 0.028167 0.261909
1 2 0.012010 0.441969 0.245778 0.031566 0.268677
1 2 0.020252 0.496715 0.317784 0.010223 0.155026
2 2 0.011671 0.377422 0.392840 0.055282 0.162785
1 2 0.010607 0.410284 0.355334 0.009560 0.214215
1 2 0.021955 0.466894 0.312262 0.006803 0.192086
0 2 0.600962 0.147039 0.138297 0.011563 0.102138
0 2 0.730782 0.110946 0.073614 0.002102 0.082556
4 4 0.050506 0.150944 0.095179 0.000788 0.702582
4 4 0.021188 0.327849 0.143312 0.022192 0.485458
1 4 0.005879 0.363511 0.266781 0.038522 0.325307
1 4 0.012863 0.388619 0.330756 0.008879 0.258883
1 4 0.006369 0.394179 0.235165 0.059297 0.304991
4 4 0.015258 0.351607 0.229579 0.003455 0.400101
4 4 0.020582 0.314724 0.217122 0.009815 0.437756
4 4 0.064058 0.357953 0.192514 0.002766 0.382709
4 4 0.201863 0.246920 0.130776 0.004598 0.415842
4 4 0.071458 0.265529 0.227842 0.011012 0.424160
4 4 0.133945 0.139202 0.053170 0.007194 0.666490
4 4 0.232353 0.104092 0.045230 0.002038 0.616286
0 0 0.937207 0.022376 0.004024 0.000017 0.036376
0 0 0.807631 0.050678 0.007338 0.000026 0.134327
4 0 0.064628 0.211490 0.102556 0.001047 0.620279
4 1 0.026141 0.260970 0.165477 0.004821 0.542591
1 1 0.021381 0.465234 0.338108 0.015394 0.159882
1 1 0.022067 0.462518 0.295197 0.015113 0.205105
1 1 0.020609 0.395347 0.235945 0.017440 0.330658
1 1 0.015384 0.451001 0.259516 0.036497 0.237603
2 1 0.022804 0.204287 0.467537 0.034527 0.270846
2 1 0.020553 0.268751 0.378887 0.114509 0.217300
2 1 0.034385 0.310089 0.541331 0.011845 0.102350
2 2 0.026798 0.287851 0.568992 0.021937 0.094422
2 2 0.020649 0.099404 0.751167 0.112606 0.016173
2 2 0.024839 0.083858 0.722867 0.152875 0.015561
2 2 0.042792 0.189159 0.662070 0.061619 0.044360
2 2 0.066385 0.192714 0.666970 0.028641 0.045289
0 2 0.463845 0.187803 0.220399 0.018913 0.109040
0 2 0.755476 0.111279 0.061240 0.001960 0.070044
0 2 0.981124 0.008502 0.003519 0.000021 0.006833
0 0 0.956563 0.018004 0.006749 0.000063 0.018621
0 0 0.552618 0.136171 0.021348 0.000117 0.289746
4 0 0.337406 0.203273 0.048048 0.000470 0.410803
4 1 0.018077 0.249232 0.241178 0.045554 0.445958
4 1 0.016349 0.200464 0.236095 0.073645 0.473447
0 1 0.778184 0.100624 0.033617 0.000545 0.087031
0 1 0.762595 0.115010 0.038726 0.000624 0.083045
0 1 0.949790 0.020705 0.010957 0.000178 0.018370
0 0 0.968678 0.013497 0.006505 0.000067 0.011253
0 0 0.498700 0.110550 0.038436 0.001891 0.350424
4 0 0.180287 0.151122 0.063384 0.003316 0.601891
4 1 0.006092 0.305897 0.249610 0.023824 0.414578
4 1 0.005801 0.287691 0.318874 0.014234 0.373401
4 1 0.011256 0.371039 0.234772 0.005590 0.377342
4 1 0.007793 0.289074 0.308303 0.009989 0.384841
2 1 0.037562 0.269247 0.429111 0.048530 0.215549
2 1 0.018220 0.203315 0.469847 0.029097 0.279521
2 1 0.014242 0.111975 0.682010 0.163323 0.028450
2 2 0.028012 0.169576 0.691091 0.075975 0.035347
2 2 0.048576 0.225459 0.634355 0.025219 0.066391
2 2 0.051483 0.129977 0.717187 0.066713 0.034641
2 2 0.061238 0.089502 0.664432 0.164160 0.020669
2 2 0.056885 0.115941 0.705303 0.093917 0.027955
0 2 0.329505 0.238665 0.125211 0.010778 0.295841
4 2 0.326813 0.181310 0.053733 0.001056 0.437088
0 2 0.465049 0.131977 0.044344 0.000739 0.357891
4 4 0.302810 0.207697 0.055077 0.001229 0.433187
2 4 0.004702 0.292476 0.344065 0.019809 0.338948
1 4 0.005900 0.354517 0.255752 0.077236 0.306595
2 4 0.035877 0.214532 0.533406 0.110053 0.106132
2 4 0.030279 0.152316 0.575178 0.131664 0.110563
2 2 0.035358 0.165690 0.660268 0.081015 0.057669
2 2 0.030058 0.203262 0.651623 0.045639 0.069417
4 2 0.083908 0.323822 0.209631 0.013776 0.368863
4 2 0.058210 0.243914 0.172378 0.008160 0.517339
4 2 0.147854 0.185124 0.125563 0.034460 0.506999
4 2 0.264962 0.134277 0.090425 0.012550 0.497786
0 2 0.759295 0.101549 0.041575 0.001132 0.096448
0 2 0.893058 0.042427 0.023640 0.000640 0.040235
4 4 0.031450 0.160314 0.132432 0.001135 0.674669
4 4 0.013725 0.312789 0.220365 0.082775 0.370346
0 4 0.743727 0.100415 0.077817 0.004604 0.073438
0 4 0.843081 0.069030 0.038755 0.001129 0.048004
4 4 0.032079 0.195267 0.188288 0.003893 0.580474
4 4 0.017192 0.234706 0.178921 0.021998 0.547183
2 4 0.037374 0.146021 0.560280 0.165173 0.091152
2 4 0.051928 0.154217 0.570234 0.117783 0.105839
2 2 0.037354 0.096822 0.592819 0.212641 0.060365
2 2 0.029938 0.080718 0.524101 0.318845 0.046398
2 2 0.035656 0.147962 0.641550 0.119901 0.054932
2 2 0.042389 0.136497 0.658468 0.106426 0.056220
2 2 0.050400 0.179415 0.628729 0.069572 0.071884
2 2 0.035514 0.151856 0.613899 0.126744 0.071987
2 2 0.019261 0.120035 0.637164 0.163121 0.060419
2 2 0.012119 0.074333 0.569861 0.301125 0.042562
2 2 0.007573 0.058703 0.819338 0.107948 0.006439
2 2 0.009843 0.083397 0.805028 0.091758 0.009974
2 2 0.020304 0.089341 0.770973 0.080933 0.038449
2 2 0.012167 0.068966 0.727175 0.169811 0.021882
2 2 0.023780 0.127079 0.675783 0.137340 0.036017
2 2 0.009599 0.071155 0.697757 0.195398 0.026090
2 2 0.003986 0.068169 0.741400 0.177873 0.008571
2 2 0.004987 0.080603 0.779370 0.119949 0.015091
2 2 0.019743 0.122682 0.643315 0.156735 0.057525
2 2 0.016508 0.111632 0.700590 0.128640 0.042630
2 2 0.020706 0.058573 0.462924 0.397359 0.060438
2 2 0.026473 0.082698 0.529009 0.310609 0.051210
2 2 0.023323 0.084391 0.543519 0.275161 0.073606
2 3 0.015340 0.052677 0.460911 0.423692 0.047381
2 3 0.033404 0.082582 0.537321 0.288199 0.058494
2 3 0.035404 0.119279 0.545410 0.232105 0.067802
2 3 0.023771 0.049060 0.476842 0.423807 0.026520
2 3 0.031001 0.081855 0.481502 0.359059 0.046583
3 3 0.004241 0.009424 0.234741 0.749144 0.002449
3 3 0.006774 0.009227 0.214342 0.764819 0.004838
3 3 0.005983 0.014225 0.291621 0.684888 0.003282
3 3 0.003711 0.011439 0.242528 0.740350 0.001972
3 3 0.005933 0.012075 0.152314 0.820164 0.009513
3 3 0.005096 0.010146 0.156423 0.822406 0.005928
3 3 0.018307 0.034138 0.270092 0.645422 0.032041
3 3 0.020918 0.044612 0.323455 0.566092 0.044923
3 3 0.011284 0.033831 0.309401 0.621132 0.024352
3 3 0.013060 0.018366 0.269041 0.691491 0.008042
3 3 0.000948 0.001940 0.085488 0.911291 0.000333
3 3 0.000523 0.001955 0.086201 0.910929 0.000393
3 3 0.000755 0.001925 0.064392 0.932326 0.000602
3 3 0.000804 0.001663 0.063673 0.933414 0.000446
3 3 0.006831 0.019604 0.157544 0.793938 0.022084
3 3 0.005925 0.015613 0.164469 0.798302 0.015691
3 3 0.003012 0.006726 0.102809 0.880422 0.007032
3 3 0.001745 0.002688 0.057869 0.936235 0.001463
3 3 0.002934 0.005019 0.068320 0.919418 0.004308
3 3 0.000843 0.001484 0.029532 0.966585 0.001556
3 3 0.000603 0.001041 0.029369 0.968176 0.000811
3 3 0.000754 0.001174 0.024373 0.972376 0.001323
3 3 0.001085 0.001447 0.026974 0.968593 0.001901
3 3 0.000983 0.001451 0.028307 0.967707 0.001553
3 3 0.001557 0.002243 0.032630 0.959776 0.003795
3 3 0.002659 0.003137 0.040697 0.948120 0.005386
3 3 0.000836 0.001299 0.025472 0.969856 0.002537
3 3 0.001568 0.002197 0.034515 0.958871 0.002849
3 3 0.002876 0.004100 0.057168 0.932348 0.003508
3 3 0.006559 0.010099 0.091384 0.876854 0.015103
3 3 0.001867 0.002272 0.039196 0.954611 0.002054
3 3 0.000938 0.001031 0.026575 0.970742 0.000713
3 3 0.000571 0.000739 0.019623 0.978376 0.000691
3 3 0.004146 0.004720 0.055773 0.928995 0.006366
3 3 0.000490 0.000673 0.016727 0.981182 0.000928
3 3 0.000640 0.001136 0.021011 0.975255 0.001958
3 3 0.001349 0.001631 0.031198 0.964136 0.001686
3 3 0.000532 0.000626 0.017287 0.980935 0.000621
3 3 0.000554 0.000718 0.018084 0.979792 0.000853
3 3 0.000140 0.000179 0.008972 0.990580 0.000129
3 3 0.000148 0.000114 0.008431 0.991257 0.000050
3 3 0.000257 0.000340 0.012596 0.986524 0.000283
3 3 0.000535 0.000549 0.014809 0.983240 0.000867
3 3 0.000146 0.000232 0.009524 0.989889 0.000209
3 3 0.000108 0.000121 0.007512 0.992184 0.000076
3 3 0.000078 0.000080 0.005773 0.994014 0.000055
3 3 0.000637 0.000731 0.016758 0.980570 0.001304
3 3 0.000382 0.000440 0.012187 0.986193 0.000798
3 3 0.000610 0.000871 0.017882 0.979020 0.001617
3 3 0.000392 0.000562 0.014728 0.983507 0.000810
3 3 0.002031 0.002464 0.036254 0.955521 0.003729
3 3 0.000195 0.000295 0.009332 0.989667 0.000511
3 3 0.000197 0.000333 0.009205 0.989471 0.000795
3 3 0.000491 0.000967 0.016415 0.979434 0.002693
3 3 0.000804 0.000898 0.018376 0.978078 0.001844
3 3 0.000491 0.000610 0.015981 0.982097 0.000819
3 3 0.000223 0.000189 0.008812 0.990571 0.000206
3 3 0.000131 0.000157 0.007286 0.992244 0.000182
3 3 0.000293 0.000398 0.010666 0.987700 0.000943
3 3 0.000346 0.000457 0.011757 0.986446 0.000994
3 3 0.001019 0.001422 0.023703 0.970912 0.002943
3 3 0.000346 0.000557 0.013201 0.984830 0.001066
3 3 0.000607 0.000892 0.016794 0.979476 0.002230
3 3 0.000869 0.001280 0.020214 0.974035 0.003602
3 3 0.000425 0.000431 0.012587 0.985837 0.000721
3 3 0.000438 0.000388 0.012694 0.985957 0.000522
3 3 0.000287 0.000409 0.011173 0.987329 0.000802
3 3 0.000382 0.000362 0.011681 0.987015 0.000561
3 3 0.000210 0.000302 0.010482 0.988657 0.000350
3 3 0.000100 0.000204 0.008005 0.991460 0.000231
3 3 0.000153 0.000111 0.006782 0.992853 0.000102
3 3 0.000108 0.000076 0.006164 0.993606 0.000045
3 3 0.000406 0.000408 0.013117 0.985565 0.000503
3 3 0.002287 0.001721 0.031521 0.962007 0.002465
3 3 0.000747 0.000670 0.016869 0.980605 0.001109
3 3 0.002199 0.001420 0.029503 0.965030 0.001848
3 3 0.000478 0.000462 0.016027 0.982683 0.000350
3 3 0.000362 0.000269 0.012744 0.986458 0.000167
3 3 0.031130 0.021567 0.144317 0.777626 0.025359
3 3 0.010662 0.007245 0.072096 0.898742 0.011255
3 3 0.022233 0.016881 0.194290 0.756133 0.010462
3 3 0.021987 0.027275 0.238009 0.689328 0.023401
3 3 0.020276 0.064864 0.325770 0.461647 0.127444
2 3 0.033805 0.091543 0.383574 0.314683 0.176396
2 3 0.044619 0.109301 0.384488 0.279594 0.181998
2 3 0.050302 0.101310 0.329603 0.321626 0.197158
4 3 0.003852 0.121271 0.132662 0.122798 0.619416
4 2 0.002805 0.118371 0.198466 0.109084 0.571275
4 2 0.008309 0.114901 0.318602 0.183222 0.374967
2 2 0.012175 0.154388 0.330352 0.211122 0.291963
4 2 0.019572 0.187561 0.243996 0.102057 0.446813
4 2 0.011880 0.143496 0.238237 0.174756 0.431631
4 2 0.006638 0.264319 0.219581 0.077342 0.432120
4 2 0.007633 0.299900 0.205457 0.075198 0.411812
4 1 0.004568 0.151419 0.200946 0.063907 0.579159
4 1 0.005824 0.141395 0.159834 0.095934 0.597014
4 1 0.002418 0.169924 0.233940 0.071840 0.521878
4 1 0.003012 0.172015 0.221027 0.045498 0.558448
4 1 0.001729 0.092877 0.225850 0.035670 0.643874
4 1 0.003021 0.145913 0.212389 0.059388 0.579289
4 1 0.006258 0.138630 0.143036 0.023396 0.688680
4 1 0.009658 0.192275 0.135697 0.088087 0.574283
4 1 0.002536 0.065363 0.097787 0.014725 0.819588
4 4 0.001973 0.099657 0.176993 0.032380 0.688996
4 4 0.006188 0.161866 0.172414 0.065021 0.594510
4 4 0.005833 0.156817 0.187048 0.028017 0.622285
4 4 0.003861 0.205413 0.241592 0.025013 0.524121
4 4 0.003016 0.163930 0.227629 0.037328 0.568097
4 4 0.002117 0.094352 0.144863 0.005829 0.752839
4 4 0.004092 0.153531 0.146952 0.011826 0.683599
4 4 0.003378 0.346664 0.292183 0.002424 0.355352
4 4 0.002070 0.289873 0.319592 0.004170 0.384296
4 4 0.008462 0.260749 0.258486 0.011318 0.460985
4 4 0.007053 0.295261 0.249876 0.020930 0.426880
4 4 0.005203 0.284426 0.270980 0.005019 0.434372
4 4 0.005303 0.302284 0.287161 0.008153 0.397098
4 4 0.003334 0.175874 0.299582 0.021536 0.499675
4 4 0.006202 0.318148 0.252386 0.093160 0.330103
2 4 0.003313 0.281856 0.368423 0.008573 0.337836
2 4 0.004596 0.318219 0.380321 0.025997 0.270867
2 1 0.004611 0.316820 0.416820 0.004478 0.257271
2 1 0.004117 0.347486 0.391199 0.028819 0.228380
2 1 0.003023 0.258827 0.357635 0.052212 0.328303
2 1 0.003020 0.242869 0.351817 0.052314 0.349980
2 1 0.006559 0.328920 0.349897 0.000752 0.313872
2 1 0.004924 0.308079 0.366900 0.003878 0.316220
2 1 0.008733 0.244515 0.542392 0.031102 0.173258
2 1 0.009464 0.238372 0.556751 0.073479 0.121935
2 1 0.114916 0.237852 0.402526 0.038975 0.205732
2 0 0.193030 0.275725 0.297665 0.024266 0.209314
4 0 0.174076 0.252552 0.133500 0.019073 0.420799
4 1 0.365593 0.146254 0.087826 0.006472 0.393855
4 1 0.094506 0.255894 0.162903 0.012570 0.474127
4 1 0.045336 0.325219 0.204773 0.025446 0.399225
2 1 0.010287 0.398416 0.457231 0.012454 0.121613
2 1 0.011695 0.349605 0.558627 0.018739 0.061334
4 1 0.135412 0.235477 0.146158 0.004191 0.478762
0 1 0.274012 0.235364 0.206669 0.038168 0.245787
4 4 0.088869 0.095739 0.059725 0.003401 0.752266
4 4 0.086873 0.214493 0.101950 0.006209 0.590475
2 4 0.012672 0.350950 0.358207 0.062519 0.215652
2 4 0.015544 0.323083 0.423621 0.058042 0.179711
4 4 0.053584 0.110315 0.094032 0.001833 0.740235
4 4 0.035342 0.254637 0.169246 0.015438 0.525338
4 4 0.023475 0.239998 0.179470 0.043052 0.514005
4 4 0.022520 0.116661 0.107796 0.003377 0.749646
4 4 0.354627 0.142967 0.036904 0.001602 0.463900
0 4 0.518872 0.095918 0.044097 0.001328 0.339785
4 4 0.008955 0.103382 0.113356 0.000322 0.773985
4 4 0.006529 0.096723 0.143097 0.000446 0.753205
1 4 0.006828 0.388653 0.385047 0.012296 0.207176
1 4 0.008542 0.409524 0.346213 0.011195 0.224525
4 4 0.027023 0.245201 0.227772 0.034438 0.465566
4 4 0.053418 0.160412 0.208768 0.012586 0.564815
4 4 0.155738 0.172217 0.083539 0.002486 0.586020
4 4 0.104628 0.151877 0.081942 0.006826 0.654727
4 4 0.004180 0.076848 0.098238 0.000752 0.819982
4 4 0.008841 0.053187 0.054518 0.000817 0.882638
4 4 0.008590 0.096057 0.108402 0.014785 0.772165
4 4 0.013841 0.057155 0.064306 0.000595 0.864102
4 4 0.010078 0.214573 0.221534 0.000551 0.553264
4 4 0.010149 0.269758 0.274433 0.001968 0.443692
4 4 0.012240 0.247477 0.189079 0.065180 0.486023
4 4 0.030509 0.109872 0.111942 0.004119 0.743557
4 4 0.149070 0.091844 0.036841 0.000285 0.721960
4 4 0.129110 0.112104 0.045407 0.001134 0.712244
4 4 0.008162 0.294653 0.203499 0.013199 0.480487
4 4 0.007716 0.281484 0.220104 0.005878 0.484817
4 4 0.009470 0.064582 0.061207 0.004654 0.860087
4 4 0.010660 0.058220 0.048359 0.001335 0.881426
4 4 0.011907 0.052668 0.054333 0.000040 0.881052
4 4 0.006827 0.117828 0.095614 0.001372 0.778359
4 4 0.009062 0.248643 0.228483 0.003403 0.510409
4 4 0.010840 0.293881 0.241240 0.015196 0.438843
2 4 0.008775 0.324642 0.334079 0.046769 0.285734
1 4 0.006365 0.346850 0.301799 0.048282 0.296705
4 4 0.004375 0.238836 0.274461 0.058869 0.423460
4 4 0.006821 0.281290 0.250150 0.065078 0.396661
1 2 0.004093 0.421112 0.344954 0.008665 0.221176
1 2 0.004694 0.433005 0.338647 0.007319 0.216335
2 2 0.004992 0.276330 0.588764 0.037807 0.092107
2 2 0.002616 0.170952 0.718868 0.029245 0.078319
4 2 0.041269 0.212548 0.294355 0.025117 0.426710
4 2 0.047231 0.246743 0.233071 0.026833 0.446122
4 2 0.083020 0.136764 0.079377 0.003682 0.697158
4 2 0.180200 0.215197 0.167836 0.013979 0.422788
4 2 0.017639 0.095736 0.083811 0.004305 0.798509
4 2 0.017339 0.138090 0.145340 0.004055 0.695177
4 2 0.009731 0.202107 0.348358 0.050343 0.389461
2 2 0.012459 0.278804 0.319707 0.085709 0.303321
2 2 0.015038 0.287179 0.538885 0.046793 0.112105
2 2 0.012084 0.226614 0.564687 0.059334 0.137281
2 2 0.038312 0.327493 0.467547 0.021191 0.145457
2 2 0.063081 0.319268 0.354851 0.012115 0.250685
1 2 0.030294 0.448046 0.302068 0.004605 0.214987
4 2 0.025557 0.342020 0.260074 0.000891 0.371457
0 2 0.852068 0.053183 0.028095 0.000956 0.065699
0 2 0.956755 0.017638 0.005527 0.000041 0.020039
4 2 0.254467 0.102989 0.033215 0.000597 0.608732
4 4 0.112121 0.142132 0.059441 0.003602 0.682703
4 4 0.374580 0.094025 0.027237 0.000313 0.503844
0 4 0.453781 0.121814 0.026244 0.000603 0.397557
4 4 0.006736 0.250691 0.188396 0.000423 0.553754
4 4 0.006117 0.262478 0.233236 0.003461 0.494708
1 4 0.009816 0.393357 0.287014 0.001246 0.308568
1 4 0.007796 0.371937 0.336868 0.002989 0.280410
2 4 0.012541 0.318564 0.461286 0.067103 0.140506
2 4 0.010151 0.329206 0.432832 0.085082 0.142728
2 4 0.008901 0.295910 0.402440 0.095664 0.197086
2 4 0.013541 0.254613 0.439091 0.101404 0.191350
1 2 0.007284 0.397843 0.321401 0.050808 0.222664
1 2 0.009719 0.373949 0.335579 0.061602 0.219151
1 2 0.005516 0.417516 0.386019 0.032181 0.158768
2 2 0.004668 0.393331 0.437176 0.027015 0.137809
2 2 0.003037 0.380537 0.401678 0.035704 0.179044
2 2 0.004494 0.392497 0.395190 0.013395 0.194424
1 2 0.006834 0.449211 0.353528 0.013220 0.177207
2 2 0.007159 0.404861 0.410554 0.007417 0.170009
1 2 0.004575 0.442286 0.414729 0.009539 0.128872
2 2 0.001906 0.327839 0.551119 0.023589 0.095547
1 2 0.004532 0.345599 0.319533 0.010048 0.320288
1 2 0.007674 0.380193 0.336581 0.000962 0.274590
1 2 0.005973 0.477894 0.313263 0.004112 0.198759
1 2 0.004018 0.379461 0.366684 0.001157 0.248681
2 2 0.004762 0.256094 0.389248 0.003399 0.346496
2 2 0.004420 0.325149 0.366046 0.010292 0.294093
4 2 0.019239 0.333780 0.200156 0.004584 0.442241
4 2 0.008158 0.176408 0.229712 0.001249 0.584473
4 2 0.015184 0.264695 0.150879 0.003072 0.566169
4 2 0.009568 0.266811 0.152876 0.007423 0.563322
4 4 0.012845 0.293920 0.111909 0.001279 0.580047
4 4 0.014933 0.154696 0.093646 0.000209 0.736516
4 4 0.011194 0.280639 0.168635 0.000751 0.538781
4 4 0.036687 0.348041 0.090718 0.000049 0.524506
1 4 0.007192 0.400108 0.272588 0.000157 0.319955
1 4 0.008544 0.407710 0.288268 0.000689 0.294790
1 4 0.007165 0.361627 0.276274 0.000395 0.354538
4 4 0.005878 0.356808 0.257735 0.002966 0.376614
4 4 0.008649 0.257693 0.177976 0.008505 0.547176
4 4 0.005319 0.127609 0.177915 0.001602 0.687555
1 4 0.008029 0.507991 0.201454 0.017761 0.264765
4 4 0.007239 0.332706 0.234564 0.000084 0.425406
4 4 0.010927 0.329820 0.255313 0.001057 0.402883
1 4 0.015959 0.441796 0.212180 0.001229 0.328836
1 4 0.015524 0.415957 0.186222 0.017371 0.364926
4 4 0.009504 0.159399 0.166763 0.000561 0.663773
4 4 0.011267 0.265230 0.143816 0.003053 0.576635
4 4 0.009622 0.135197 0.133780 0.003761 0.717641
1 4 0.015136 0.379302 0.250814 0.003422 0.351325
4 4 0.008419 0.371221 0.240006 0.007262 0.373093
2 4 0.007516 0.407241 0.437416 0.013616 0.134210
2 4 0.006583 0.389962 0.438443 0.013961 0.151050
1 4 0.094557 0.331221 0.311656 0.073344 0.189223
2 4 0.187765 0.238704 0.354391 0.056633 0.162507
4 4 0.207002 0.149700 0.155710 0.033183 0.454405
4 4 0.252971 0.162198 0.143110 0.022594 0.419127
4 4 0.156277 0.109816 0.036421 0.000367 0.697118
4 4 0.139021 0.105308 0.034754 0.000788 0.720129
4 4 0.011505 0.345294 0.240905 0.005063 0.397234
4 4 0.011895 0.307510 0.246362 0.009114 0.425118
1 4 0.030794 0.396308 0.318770 0.041889 0.212239
2 4 0.049073 0.245107 0.440519 0.057411 0.207891
4 4 0.046817 0.121020 0.081958 0.004064 0.746141
4 4 0.044387 0.163845 0.102251 0.009039 0.680478
4 4 0.017933 0.282427 0.246974 0.015889 0.436776
4 4 0.015357 0.302814 0.265529 0.028404 0.387896
2 1 0.015404 0.328128 0.516620 0.031337 0.108511
2 1 0.014954 0.315910 0.522558 0.013995 0.132583
2 1 0.021787 0.224470 0.624676 0.030459 0.098608
2 2 0.012848 0.284288 0.558528 0.044099 0.100238
2 2 0.031123 0.328354 0.474240 0.027821 0.138461
2 2 0.027203 0.312874 0.510864 0.033024 0.116035
2 2 0.013183 0.174934 0.709352 0.057451 0.045080
2 2 0.019948 0.223501 0.682109 0.020787 0.053655
2 2 0.018886 0.251022 0.592291 0.045708 0.092093
2 2 0.020099 0.250870 0.615995 0.029722 0.083314
2 2 0.013190 0.133161 0.688435 0.134512 0.030703
2 2 0.007049 0.125058 0.641409 0.190084 0.036401
2 2 0.008936 0.101895 0.752870 0.103840 0.032460
2 2 0.009793 0.108626 0.640948 0.194768 0.045865
2 2 0.014315 0.157428 0.604301 0.114878 0.109078
2 2 0.023107 0.232933 0.581061 0.084799 0.078100
2 2 0.007988 0.134750 0.755442 0.056284 0.045536
2 2 0.004005 0.097177 0.645015 0.225851 0.027953
2 2 0.017718 0.125042 0.631345 0.177910 0.047985
2 2 0.009275 0.113666 0.598794 0.239436 0.038829
2 2 0.013026 0.099116 0.753672 0.083147 0.051038
2 2 0.021858 0.140291 0.704772 0.091168 0.041911
2 2 0.020559 0.111890 0.687040 0.143852 0.036658
2 2 0.013011 0.085081 0.572163 0.307409 0.022337
3 2 0.003055 0.016195 0.337197 0.639260 0.004293
3 2 0.005986 0.029154 0.384384 0.572888 0.007588
2 2 0.009677 0.097930 0.651404 0.209737 0.031251
2 2 0.008829 0.087645 0.549284 0.318017 0.036226
2 2 0.011788 0.062773 0.574539 0.312111 0.038789
2 2 0.018076 0.077141 0.576082 0.302426 0.026276
3 2 0.002679 0.015817 0.262404 0.715076 0.004024
3 2 0.004560 0.020977 0.376121 0.594235 0.004107
3 2 0.001941 0.008458 0.201040 0.787112 0.001450
3 3 0.002127 0.010104 0.210804 0.773603 0.003363
3 3 0.012025 0.046883 0.353813 0.559309 0.027969
3 3 0.013303 0.041999 0.389944 0.533943 0.020811
3 3 0.004339 0.010774 0.169600 0.810877 0.004411
3 3 0.002247 0.008015 0.141831 0.845329 0.002578
3 3 0.007158 0.021186 0.166226 0.777596 0.027833
3 3 0.001805 0.006017 0.096062 0.890578 0.005538
3 3 0.001793 0.003546 0.064086 0.927366 0.003209
3 3 0.007284 0.010958 0.112924 0.857038 0.011795
3 3 0.000790 0.001962 0.042925 0.952490 0.001833
3 3 0.000383 0.000778 0.028082 0.970293 0.000464
3 3 0.007990 0.030168 0.182010 0.729293 0.050539
3 3 0.006421 0.012027 0.106621 0.859167 0.015764
3 3 0.000736 0.000868 0.021295 0.976219 0.000883
3 3 0.000516 0.000674 0.017486 0.980580 0.000744
3 3 0.000435 0.000994 0.026113 0.971821 0.000637
3 3 0.000341 0.000874 0.023568 0.974593 0.000624
3 3 0.000310 0.000459 0.016660 0.982325 0.000247
3 3 0.000138 0.000238 0.011349 0.988125 0.000150
3 3 0.006010 0.004389 0.052817 0.929340 0.007444
3 3 0.004109 0.003039 0.047473 0.942095 0.003284
3 3 0.000536 0.000730 0.015970 0.981295 0.001470
3 3 0.000762 0.000961 0.019220 0.977239 0.001818
3 3 0.000327 0.000520 0.015910 0.982823 0.000421
3 3 0.000193 0.000268 0.010392 0.988893 0.000255
3 3 0.001600 0.002160 0.027890 0.962005 0.006345
3 3 0.000440 0.000705 0.014737 0.982471 0.001648
3 3 0.000410 0.000529 0.016541 0.982079 0.000440
3 3 0.000447 0.000489 0.015916 0.982744 0.000404
3 3 0.001277 0.001265 0.025491 0.970208 0.001760
3 3 0.000295 0.000333 0.012386 0.986689 0.000297
3 3 0.000117 0.000149 0.007317 0.992266 0.000150
3 3 0.000333 0.000541 0.013862 0.984427 0.000837
3 3 0.000915 0.001117 0.020165 0.975296 0.002507
3 3 0.000611 0.001265 0.022431 0.973636 0.002057
3 3 0.000215 0.000248 0.011678 0.987714 0.000145
3 3 0.000126 0.000119 0.008369 0.991333 0.000054
3 3 0.000582 0.001192 0.019526 0.975891 0.002809
3 3 0.000233 0.000348 0.009991 0.988754 0.000674
3 3 0.000533 0.000483 0.015467 0.983015 0.000502
3 3 0.001313 0.001147 0.025297 0.970891 0.001352
3 3 0.000319 0.000552 0.015052 0.983472 0.000605
3 3 0.000311 0.000423 0.014221 0.984697 0.000348
3 3 0.000369 0.000369 0.012417 0.986399 0.000446
3 3 0.001486 0.001579 0.029625 0.965409 0.001901
3 3 0.001093 0.001274 0.026064 0.970157 0.001412
3 3 0.001257 0.001479 0.026772 0.968280 0.002213
3 3 0.007743 0.006751 0.076551 0.900775 0.008181
3 3 0.012391 0.011593 0.096127 0.862334 0.017555
3 3 0.004988 0.007718 0.067077 0.900917 0.019299
3 3 0.005659 0.009175 0.077384 0.894089 0.013693
3 3 0.017375 0.060523 0.313034 0.514402 0.094666
3 2 0.022955 0.075001 0.329459 0.462289 0.110296
2 2 0.015377 0.077979 0.548825 0.331497 0.026322
2 2 0.027407 0.088117 0.595711 0.248595 0.040170
2 2 0.015253 0.233717 0.448251 0.161264 0.141515
2 2 0.017992 0.259756 0.474698 0.095818 0.151736
2 2 0.038788 0.198662 0.571493 0.094313 0.096744
2 2 0.075644 0.187760 0.538464 0.032755 0.165377
1 2 0.027311 0.417982 0.328078 0.022290 0.204338
2 2 0.024395 0.317997 0.335356 0.049426 0.272825
4 2 0.011538 0.287874 0.179638 0.064582 0.456368
4 4 0.010340 0.150816 0.195076 0.011350 0.632418
4 4 0.008048 0.242225 0.170963 0.062708 0.516057
4 4 0.004755 0.206136 0.193139 0.019767 0.576203
4 4 0.055999 0.164124 0.252717 0.076993 0.450166
2 4 0.134265 0.222185 0.326592 0.044771 0.272187
4 4 0.005197 0.150844 0.193112 0.002302 0.648545
4 4 0.006027 0.277414 0.257984 0.010221 0.448353
4 4 0.007754 0.081769 0.092020 0.007058 0.811400
4 4 0.003027 0.029873 0.052619 0.000834 0.913648
4 4 0.003313 0.157155 0.292443 0.000969 0.546120
4 4 0.005037 0.245602 0.242403 0.001958 0.504999
4 4 0.057223 0.123597 0.085335 0.002145 0.731700
4 4 0.014707 0.067610 0.079008 0.003906 0.834769
4 4 0.010110 0.067917 0.053572 0.000624 0.867776
4 4 0.007747 0.087399 0.072699 0.001868 0.830286
4 4 0.019415 0.075467 0.059951 0.003745 0.841422
4 4 0.024969 0.052366 0.038306 0.000600 0.883759
4 4 0.020583 0.046277 0.032009 0.001614 0.899516
4 4 0.049888 0.082646 0.049577 0.001224 0.816665
4 4 0.005974 0.060431 0.079163 0.000249 0.854183
4 4 0.017597 0.211155 0.121926 0.019500 0.629822
4 4 0.023237 0.046551 0.029407 0.000995 0.899811
4 4 0.008443 0.032732 0.030768 0.000161 0.927896
4 4 0.007877 0.088351 0.063522 0.000490 0.839759
4 4 0.010635 0.096483 0.059099 0.000281 0.833502
4 4 0.026701 0.180665 0.142169 0.001105 0.649360
4 4 0.012192 0.159775 0.138559 0.001854 0.687620
4 4 0.013133 0.047758 0.037776 0.001843 0.899490
4 4 0.005285 0.028596 0.033173 0.000180 0.932766
4 4 0.008707 0.025760 0.015442 0.000295 0.949796
4 4 0.005822 0.028705 0.025006 0.000080 0.940387
4 4 0.013444 0.122497 0.097239 0.000396 0.766423
4 4 0.012767 0.088462 0.129449 0.001121 0.768200
4 4 0.008430 0.095881 0.075488 0.001530 0.818671
4 4 0.003713 0.060173 0.069997 0.001234 0.864883
4 4 0.006299 0.066263 0.054755 0.000143 0.872540
4 4 0.005018 0.083101 0.081596 0.000189 0.830095
4 4 0.006622 0.054053 0.037411 0.001267 0.900647
4 4 0.003599 0.029747 0.034211 0.000547 0.931896
4 4 0.004783 0.060225 0.047045 0.000817 0.887129
4 4 0.006317 0.031519 0.023802 0.000053 0.938308
4 4 0.004633 0.069841 0.065278 0.000357 0.859891
4 4 0.004838 0.058753 0.060861 0.000117 0.875430
4 4 0.007630 0.063151 0.048761 0.000579 0.879880
4 4 0.024412 0.168227 0.098592 0.003809 0.704960
4 4 0.002311 0.104563 0.153600 0.001082 0.738444
4 4 0.003969 0.130400 0.148101 0.002454 0.715077
4 4 0.004809 0.033805 0.025352 0.000104 0.935930
4 4 0.005328 0.043388 0.033572 0.000059 0.917653
4 4 0.006487 0.070657 0.053309 0.000592 0.868955
4 4 0.006533 0.062258 0.058828 0.000224 0.872156
4 4 0.014968 0.178114 0.070700 0.001046 0.735172
4 4 0.017027 0.112480 0.046731 0.000131 0.823631
4 4 0.019489 0.425002 0.114535 0.001746 0.439228
4 4 0.015567 0.348706 0.099847 0.000587 0.535293
4 4 0.015285 0.238932 0.091986 0.000051 0.653746
4 4 0.016614 0.286383 0.113896 0.000070 0.583037
4 4 0.009755 0.169971 0.110392 0.000770 0.709113
4 4 0.015143 0.215608 0.109530 0.000082 0.659638
4 4 0.009212 0.109186 0.052772 0.000046 0.828784
4 4 0.009940 0.310485 0.072933 0.004447 0.602195
4 4 0.008520 0.238159 0.164486 0.000572 0.588263
4 4 0.006269 0.166325 0.134409 0.000263 0.692734
4 4 0.004725 0.055228 0.052567 0.000014 0.887466
4 4 0.014073 0.113548 0.053011 0.000070 0.819298
4 4 0.016979 0.303241 0.128371 0.000059 0.551350
1 4 0.044478 0.460814 0.097755 0.000245 0.396708
4 4 0.028814 0.251202 0.062512 0.001760 0.655711
4 4 0.019643 0.195049 0.076466 0.000358 0.708484
4 4 0.010956 0.273612 0.167165 0.000481 0.547787
4 4 0.015204 0.301327 0.151470 0.000215 0.531784
4 4 0.012784 0.289303 0.095997 0.000356 0.601559
4 4 0.015559 0.262921 0.116775 0.000178 0.604567
4 4 0.014032 0.296806 0.131123 0.000080 0.557960
4 4 0.025010 0.398512 0.102477 0.000204 0.473798
4 4 0.045058 0.382675 0.103861 0.002240 0.466165
4 4 0.023269 0.191457 0.087228 0.000276 0.697770
4 4 0.009047 0.039003 0.030679 0.000006 0.921266
4 4 0.011645 0.117350 0.067154 0.000194 0.803658
4 4 0.018063 0.395114 0.150495 0.000084 0.436244
1 4 0.024060 0.435173 0.128206 0.000840 0.411722
4 4 0.012191 0.412579 0.081728 0.002670 0.490833
4 4 0.027081 0.306002 0.062087 0.000046 0.604785
1 1 0.012430 0.481589 0.217150 0.000997 0.287833
1 1 0.008649 0.386655 0.227445 0.000227 0.377024
1 1 0.014937 0.415766 0.245765 0.003000 0.320532
1 1 0.015145 0.428268 0.216498 0.002723 0.337366
4 1 0.008487 0.338762 0.227181 0.000065 0.425505
1 1 0.013815 0.474437 0.185341 0.000202 0.326206
4 1 0.008216 0.354484 0.255347 0.002249 0.379704
4 1 0.002699 0.283074 0.335937 0.009924 0.368366
4 1 0.006426 0.257333 0.261704 0.000028 0.474509
4 1 0.009793 0.346747 0.251902 0.000044 0.391514
1 1 0.007769 0.427334 0.366589 0.008992 0.189317
2 1 0.004479 0.348240 0.391834 0.021940 0.233507
2 1 0.001898 0.270840 0.512325 0.000432 0.214504
2 1 0.004394 0.420001 0.423771 0.002815 0.149018
2 1 0.006309 0.360934 0.406443 0.019058 0.207257
2 2 0.007145 0.373306 0.404403 0.006790 0.208356
2 2 0.004537 0.355999 0.439454 0.002256 0.197755
2 2 0.003515 0.427930 0.442530 0.004754 0.121271
2 2 0.004856 0.325021 0.510172 0.010516 0.149435
1 2 0.003658 0.429013 0.365858 0.032599 0.168872
2 2 0.002056 0.280003 0.522099 0.003784 0.192057
2 2 0.003649 0.294558 0.477856 0.001975 0.221961
2 2 0.002041 0.168857 0.756620 0.014866 0.057615
2 2 0.002221 0.232287 0.693450 0.011233 0.060808
2 2 0.043483 0.248704 0.424874 0.050222 0.232717
2 2 0.086546 0.278577 0.356416 0.029307 0.249154
4 2 0.058734 0.299736 0.202699 0.003666 0.435166
4 2 0.033285 0.377898 0.175445 0.003118 0.410255
2 2 0.021096 0.388261 0.421649 0.035827 0.133167
2 0 0.040623 0.330037 0.423924 0.013563 0.191854
1 0 0.034470 0.603316 0.195309 0.000831 0.166074
1 1 0.008893 0.367287 0.337885 0.000288 0.285648
2 1 0.004961 0.347192 0.417510 0.011148 0.219189
1 1 0.005764 0.472384 0.329385 0.007437 0.185030
2 1 0.002649 0.292781 0.539746 0.016294 0.148530
2 2 0.005874 0.301756 0.519045 0.035392 0.137933
2 2 0.006635 0.345039 0.478830 0.004605 0.164891
2 2 0.002648 0.297524 0.561263 0.011952 0.126613
2 2 0.007663 0.233241 0.653671 0.028348 0.077076
2 2 0.006299 0.172215 0.706554 0.036841 0.078091
2 2 0.002386 0.136411 0.811673 0.017767 0.031764
2 2 0.001099 0.071107 0.876084 0.009685 0.042025
2 2 0.006753 0.177373 0.737516 0.034923 0.043436
2 2 0.006290 0.291746 0.577729 0.029627 0.094608
2 2 0.006751 0.111125 0.715990 0.108581 0.057553
2 2 0.013581 0.251337 0.570332 0.067683 0.097068
2 2 0.005642 0.182329 0.714099 0.032495 0.065434
2 2 0.005746 0.230999 0.620505 0.036074 0.106676
2 2 0.014428 0.212668 0.679813 0.032686 0.060405
2 2 0.008899 0.162083 0.721162 0.051109 0.056747
2 2 0.005798 0.232667 0.672490 0.024602 0.064443
2 2 0.011768 0.293692 0.581109 0.030952 0.082478
2 2 0.009625 0.184801 0.713147 0.032009 0.060417
2 2 0.006766 0.127521 0.711780 0.111077 0.042856
2 2 0.004791 0.118275 0.732329 0.110525 0.034081
2 2 0.007301 0.132691 0.710218 0.092244 0.057547
2 2 0.004699 0.149404 0.647139 0.138565 0.060193
2 2 0.004315 0.112180 0.664100 0.186246 0.033159
2 2 0.005269 0.098121 0.723980 0.147959 0.024670
2 2 0.007734 0.090994 0.774346 0.113851 0.013075
2 2 0.007031 0.086526 0.539436 0.333805 0.033202
2 2 0.003973 0.078191 0.544700 0.343689 0.029447
2 2 0.010059 0.203501 0.635145 0.054855 0.096441
2 2 0.009806 0.260610 0.608238 0.034319 0.087028
2 2 0.003823 0.042695 0.491641 0.454314 0.007528
2 2 0.003412 0.033057 0.567856 0.387193 0.008482
2 2 0.013986 0.190131 0.563724 0.143542 0.088617
2 2 0.011466 0.126961 0.658742 0.110526 0.092306
2 2 0.011629 0.216470 0.583297 0.085918 0.102686
2 2 0.006795 0.128448 0.570078 0.211424 0.083255
3 2 0.003049 0.024956 0.382820 0.583320 0.005854
2 2 0.003697 0.036050 0.486863 0.452935 0.020455
2 3 0.013060 0.191949 0.556097 0.166881 0.072014
2 3 0.013052 0.144841 0.652095 0.129579 0.060434
1 3 0.113315 0.367534 0.351136 0.012118 0.155898
2 3 0.047782 0.323054 0.452738 0.077599 0.098827
1 3 0.012647 0.424289 0.362388 0.053586 0.147090
2 3 0.015437 0.378977 0.430163 0.048250 0.127173
2 3 0.009324 0.156647 0.669138 0.119600 0.045292
2 3 0.008609 0.196097 0.617456 0.132154 0.045685
2 3 0.004573 0.134059 0.723372 0.103882 0.034114
2 3 0.005149 0.098909 0.748143 0.125896 0.021903
2 3 0.006113 0.107849 0.730401 0.130575 0.025062
2 3 0.005583 0.112679 0.691537 0.169037 0.021164
2 3 0.027429 0.193406 0.636045 0.071829 0.071291
2 3 0.012548 0.148006 0.658593 0.133287 0.047567
2 3 0.011361 0.063724 0.617160 0.279821 0.027934
2 3 0.012441 0.080609 0.525176 0.351777 0.029996
2 3 0.047876 0.242510 0.549698 0.065935 0.093982
2 2 0.106953 0.358745 0.416267 0.015492 0.102543
