2 0 0.325669 0.120985 0.520652 0.031506 0.001189
2 0 0.371352 0.135826 0.468855 0.022575 0.001392
0 0 0.921794 0.052286 0.009674 0.000093 0.016153
0 0 0.946270 0.037313 0.006557 0.000033 0.009828
0 0 0.991394 0.001662 0.000443 0.000002 0.006500
0 0 0.985465 0.002686 0.000742 0.000008 0.011100
0 0 0.952128 0.025519 0.005352 0.000062 0.016939
0 0 0.972409 0.009149 0.002243 0.000030 0.016169
0 0 0.824498 0.135507 0.022021 0.000223 0.017750
0 1 0.466290 0.406665 0.072185 0.004625 0.050235
2 1 0.041124 0.347711 0.558057 0.014154 0.038953
2 1 0.011813 0.234664 0.642569 0.045890 0.065064
2 1 0.022893 0.255535 0.668172 0.027129 0.026271
2 1 0.005731 0.131299 0.785708 0.055299 0.021963
2 1 0.008066 0.132727 0.753066 0.088417 0.017723
2 1 0.017275 0.230215 0.647883 0.060175 0.044452
2 1 0.012685 0.158237 0.727622 0.081587 0.019869
2 1 0.010551 0.115371 0.779930 0.084954 0.009194
2 2 0.009331 0.172891 0.758075 0.034261 0.025442
2 2 0.006481 0.119706 0.829234 0.031772 0.012807
0 2 0.435769 0.428369 0.084175 0.004128 0.047558
0 4 0.865706 0.079490 0.028226 0.000891 0.025687
0 4 0.972459 0.013300 0.002848 0.000021 0.011372
0 4 0.979697 0.009827 0.002072 0.000011 0.008393
0 4 0.918362 0.041936 0.009190 0.000226 0.030286
0 4 0.911425 0.053555 0.010748 0.000183 0.024090
0 4 0.769267 0.129495 0.027680 0.000748 0.072810
1 4 0.260668 0.498624 0.117552 0.010692 0.112465
1 4 0.028660 0.421104 0.416221 0.010575 0.123439
2 4 0.023465 0.389481 0.435206 0.009635 0.142213
2 4 0.022024 0.297238 0.516413 0.060186 0.104139
0 4 0.723124 0.163115 0.082122 0.002285 0.029354
0 4 0.927490 0.042437 0.008613 0.000127 0.021332
0 4 0.890598 0.079512 0.013740 0.000124 0.016026
0 4 0.825152 0.130037 0.022295 0.000307 0.022208
0 4 0.672948 0.222602 0.042665 0.001480 0.060304
0 4 0.679659 0.233865 0.042252 0.001625 0.042599
0 4 0.708048 0.217603 0.038115 0.001084 0.035149
0 0 0.789233 0.155692 0.027173 0.000516 0.027386
0 0 0.842569 0.090541 0.019274 0.000812 0.046805
0 0 0.852877 0.084358 0.017931 0.000697 0.044138
0 0 0.888724 0.060979 0.013120 0.000404 0.036773
1 0 0.355384 0.366262 0.095317 0.004918 0.178119
1 0 0.322801 0.367900 0.102497 0.003942 0.202860
1 0 0.349371 0.444937 0.113039 0.001996 0.090657
0 0 0.551911 0.288926 0.068494 0.002532 0.088137
0 0 0.837559 0.080975 0.018614 0.001192 0.061659
0 0 0.958238 0.019425 0.004311 0.000057 0.017968
0 0 0.687675 0.118286 0.028439 0.000430 0.165168
0 0 0.470059 0.135987 0.038951 0.004358 0.350646
0 0 0.413635 0.361897 0.074084 0.002300 0.148084
0 0 0.451508 0.312153 0.068300 0.004510 0.163529
0 0 0.374588 0.357745 0.094511 0.004389 0.168767
1 0 0.407057 0.408794 0.078961 0.004384 0.100804
0 0 0.324641 0.294126 0.072070 0.005290 0.303873
1 1 0.146782 0.436727 0.127126 0.004335 0.285029
1 4 0.077496 0.424313 0.249191 0.003917 0.245082
2 4 0.050048 0.308506 0.343461 0.003397 0.294587
0 4 0.452456 0.311983 0.068430 0.004388 0.162743
0 4 0.422755 0.387028 0.103209 0.006452 0.080555
0 4 0.647162 0.249072 0.046652 0.002034 0.055079
0 4 0.471604 0.370395 0.071641 0.008227 0.078134
4 4 0.230632 0.221899 0.066053 0.002469 0.478947
4 4 0.263162 0.300992 0.072532 0.001754 0.361560
1 4 0.118911 0.401979 0.227243 0.006727 0.245139
1 4 0.322186 0.362087 0.127685 0.001406 0.186636
0 4 0.410340 0.189853 0.048877 0.001255 0.349675
4 4 0.051627 0.366021 0.150712 0.010377 0.421263
1 4 0.050287 0.491195 0.321588 0.003386 0.133544
1 2 0.074332 0.476041 0.270912 0.002211 0.176504
1 2 0.040261 0.490658 0.365110 0.003124 0.100847
2 2 0.032788 0.403289 0.421908 0.006516 0.135499
1 2 0.038978 0.465320 0.355255 0.009137 0.131311
1 2 0.030928 0.434724 0.340409 0.015019 0.178920
2 2 0.010297 0.230120 0.624418 0.067801 0.067364
2 2 0.018933 0.333480 0.535034 0.024607 0.087946
2 2 0.012543 0.099524 0.763828 0.118955 0.005150
2 2 0.013347 0.140437 0.716093 0.118834 0.011290
2 2 0.011838 0.101362 0.624217 0.253370 0.009214
2 2 0.008834 0.056986 0.710042 0.221385 0.002753
2 2 0.003477 0.047464 0.840132 0.107148 0.001779
2 2 0.003321 0.048431 0.791421 0.154482 0.002346
2 2 0.019028 0.120305 0.762092 0.092926 0.005650
2 2 0.010317 0.058315 0.719902 0.209095 0.002372
2 2 0.014986 0.123865 0.785682 0.069097 0.006370
2 2 0.010308 0.094582 0.764747 0.123886 0.006477
2 2 0.000858 0.013875 0.743766 0.241096 0.000406
2 2 0.001073 0.014267 0.734578 0.249690 0.000392
2 2 0.003761 0.032514 0.741600 0.220992 0.001134
2 2 0.006989 0.055413 0.794633 0.140944 0.002021
2 2 0.006469 0.048111 0.776193 0.167529 0.001699
2 2 0.006845 0.051378 0.784291 0.155283 0.002204
2 2 0.001324 0.010947 0.514197 0.473165 0.000367
2 2 0.001415 0.015870 0.636068 0.346053 0.000594
2 2 0.001882 0.016313 0.630285 0.351000 0.000521
2 3 0.002026 0.015130 0.568613 0.413726 0.000504
3 3 0.001025 0.009088 0.438286 0.551249 0.000352
3 3 0.000392 0.004649 0.470507 0.524327 0.000125
3 3 0.000039 0.000886 0.469756 0.529307 0.000012
2 3 0.000503 0.004946 0.542200 0.452250 0.000102
3 3 0.001300 0.010358 0.445791 0.542148 0.000402
3 3 0.001582 0.013300 0.426199 0.558257 0.000661
3 3 0.000844 0.008559 0.413270 0.576934 0.000393
3 3 0.000495 0.005847 0.432945 0.560510 0.000203
3 3 0.000075 0.001727 0.317883 0.680256 0.000059
3 3 0.000087 0.001743 0.430359 0.567774 0.000037
3 3 0.000424 0.004412 0.360496 0.634516 0.000152
3 3 0.000028 0.000876 0.276147 0.722918 0.000030
3 3 0.000441 0.004286 0.319964 0.675147 0.000162
3 3 0.001260 0.009214 0.270890 0.717947 0.000689
3 3 0.000047 0.000990 0.224756 0.774173 0.000034
3 3 0.000035 0.000325 0.085006 0.914623 0.000011
2 3 0.101871 0.328027 0.372609 0.132907 0.064586
1 3 0.335805 0.398922 0.216471 0.017572 0.031231
1 3 0.286596 0.484839 0.180021 0.006376 0.042168
1 3 0.067515 0.432237 0.276003 0.066466 0.157779
2 3 0.003223 0.035827 0.530379 0.427189 0.003381
2 3 0.005416 0.039264 0.695576 0.258012 0.001732
2 2 0.007792 0.063078 0.701346 0.223484 0.004299
2 2 0.068688 0.197997 0.676985 0.048990 0.007339
0 2 0.971875 0.017425 0.003262 0.000013 0.007425
0 4 0.916711 0.050490 0.010086 0.000157 0.022556
0 4 0.791753 0.131711 0.026679 0.001175 0.048682
1 4 0.063270 0.454204 0.178366 0.031085 0.273075
2 4 0.011181 0.157233 0.571055 0.205321 0.055210
2 4 0.016184 0.094729 0.760978 0.116645 0.011465
0 4 0.986244 0.006000 0.001296 0.000005 0.006455
0 4 0.945335 0.019880 0.004894 0.000134 0.029757
0 4 0.916702 0.041931 0.009287 0.000245 0.031835
0 4 0.933630 0.044639 0.008155 0.000062 0.013514
0 4 0.866264 0.088941 0.016945 0.000329 0.027521
0 4 0.701290 0.212882 0.039415 0.001602 0.044811
0 4 0.529260 0.345124 0.063202 0.004595 0.057819
0 4 0.518264 0.272095 0.059604 0.003762 0.146276
0 4 0.511642 0.368838 0.065032 0.004007 0.050481
0 4 0.707566 0.214224 0.038372 0.001249 0.038589
1 1 0.174096 0.427180 0.147919 0.006555 0.244250
1 1 0.081217 0.427797 0.305873 0.006896 0.178217
2 1 0.030340 0.228348 0.552249 0.045600 0.143463
1 1 0.210055 0.495934 0.245588 0.007640 0.040782
2 1 0.069612 0.335157 0.540010 0.030982 0.024239
2 2 0.011013 0.091503 0.758118 0.099867 0.039500
2 2 0.022654 0.151553 0.723204 0.091040 0.011550
2 2 0.079416 0.274070 0.594534 0.037744 0.014237
0 2 0.528033 0.374857 0.060665 0.002091 0.034354
0 2 0.467285 0.404753 0.071036 0.004968 0.051957
1 2 0.274620 0.499671 0.156708 0.005239 0.063761
1 4 0.229546 0.374359 0.196943 0.006717 0.192435
1 4 0.306075 0.350645 0.113818 0.002907 0.226555
0 4 0.428471 0.333854 0.080310 0.001497 0.155868
4 4 0.198373 0.247406 0.081068 0.002747 0.470406
4 4 0.194050 0.341999 0.102542 0.004098 0.357311
4 4 0.118745 0.210036 0.095775 0.004127 0.571317
4 4 0.102913 0.266213 0.116460 0.003749 0.510665
1 4 0.089108 0.504010 0.168311 0.001677 0.236894
1 4 0.139196 0.544471 0.156317 0.001392 0.158623
1 4 0.312525 0.398362 0.084794 0.002902 0.201417
4 4 0.197399 0.251063 0.075103 0.002659 0.473775
4 4 0.090686 0.157368 0.132470 0.001211 0.618265
4 4 0.186956 0.286429 0.085472 0.004072 0.437071
4 4 0.266735 0.036400 0.013713 0.000557 0.682595
4 4 0.217005 0.121472 0.039127 0.005207 0.617189
4 4 0.056024 0.287080 0.132913 0.004029 0.519955
4 4 0.097058 0.100098 0.119204 0.001372 0.682269
4 4 0.139713 0.033753 0.013942 0.002148 0.810443
4 4 0.227830 0.045613 0.017093 0.001279 0.708184
4 4 0.051507 0.051077 0.039146 0.001356 0.856914
4 4 0.205634 0.328502 0.094971 0.015914 0.354978
1 4 0.089217 0.471721 0.154593 0.007264 0.277204
4 4 0.121061 0.350195 0.141487 0.005912 0.381345
4 4 0.163939 0.182102 0.084916 0.003750 0.565292
4 4 0.149435 0.112106 0.122668 0.003715 0.612077
4 4 0.206183 0.191184 0.071346 0.001006 0.530282
1 4 0.085244 0.419713 0.150484 0.003290 0.341268
1 4 0.033742 0.435206 0.192422 0.007376 0.331254
1 4 0.048422 0.399882 0.316906 0.006313 0.228476
1 4 0.056240 0.417668 0.171379 0.013377 0.341336
4 4 0.056646 0.234042 0.200416 0.005125 0.503772
1 4 0.162763 0.418885 0.183760 0.007550 0.227042
4 4 0.147409 0.253832 0.204706 0.007992 0.386061
1 4 0.010344 0.373370 0.269081 0.002859 0.344346
1 4 0.012168 0.375183 0.358929 0.006522 0.247198
2 4 0.017514 0.277503 0.594533 0.037541 0.072909
1 4 0.032505 0.423230 0.416923 0.017258 0.110084
4 4 0.169791 0.174110 0.054874 0.002151 0.599075
4 4 0.071893 0.182739 0.067958 0.005068 0.672342
4 4 0.012629 0.147241 0.103410 0.001969 0.734751
4 4 0.049115 0.202100 0.085667 0.002208 0.660910
4 4 0.133743 0.106694 0.036284 0.005994 0.717285
4 4 0.039230 0.032529 0.038695 0.001505 0.888042
4 4 0.072714 0.219807 0.150416 0.003433 0.553630
1 4 0.074487 0.441049 0.164437 0.003519 0.316508
2 4 0.012855 0.367928 0.389203 0.012244 0.217769
2 4 0.031512 0.394170 0.442226 0.017906 0.114186
1 4 0.079307 0.527894 0.250132 0.009991 0.132674
2 4 0.008025 0.276450 0.478116 0.037592 0.199817
1 4 0.244313 0.397607 0.265773 0.017103 0.075203
1 4 0.176028 0.519918 0.185797 0.017089 0.101167
1 4 0.034967 0.428165 0.338332 0.030740 0.167795
2 4 0.033575 0.381641 0.452816 0.032482 0.099486
2 4 0.016851 0.244575 0.630508 0.055898 0.052168
2 4 0.021470 0.297960 0.588665 0.029335 0.062569
0 4 0.861103 0.061527 0.026419 0.002610 0.048341
0 4 0.965815 0.021655 0.004027 0.000018 0.008486
1 4 0.240598 0.452109 0.117012 0.021868 0.168413
0 4 0.579705 0.249020 0.062264 0.001094 0.107917
0 4 0.871147 0.064312 0.014543 0.000600 0.049398
1 4 0.318521 0.386406 0.087556 0.018204 0.189313
1 4 0.269201 0.472042 0.217451 0.006740 0.034565
2 4 0.043552 0.399604 0.413932 0.039149 0.103763
2 4 0.017176 0.110529 0.773307 0.094075 0.004912
2 4 0.007163 0.047826 0.760375 0.182175 0.002461
0 4 0.914518 0.044060 0.009660 0.000249 0.031512
0 4 0.846353 0.116423 0.019352 0.000195 0.017676
1 4 0.125732 0.465573 0.318181 0.023486 0.067028
1 4 0.046580 0.424933 0.337286 0.047721 0.143481
1 4 0.117083 0.483697 0.168546 0.036550 0.194125
0 4 0.718263 0.136152 0.058054 0.005463 0.082068
0 4 0.609805 0.187690 0.044922 0.005649 0.151933
0 4 0.970454 0.019507 0.003490 0.000011 0.006538
2 4 0.131741 0.350093 0.458310 0.013763 0.046093
2 4 0.031731 0.331234 0.523378 0.039998 0.073659
2 4 0.007950 0.151478 0.753050 0.061854 0.025668
2 4 0.007188 0.082125 0.856282 0.046198 0.008207
2 4 0.003099 0.028796 0.830892 0.135210 0.002003
2 2 0.004694 0.047910 0.866796 0.077955 0.002645
2 2 0.002588 0.046841 0.887278 0.060936 0.002357
2 2 0.005500 0.057027 0.880396 0.055099 0.001978
2 2 0.001070 0.018022 0.849163 0.131111 0.000634
2 2 0.001523 0.017748 0.798395 0.181856 0.000478
2 2 0.002427 0.031577 0.775057 0.189294 0.001646
2 2 0.002022 0.029559 0.819231 0.147689 0.001498
2 2 0.000482 0.006925 0.662015 0.330422 0.000155
2 2 0.000512 0.011516 0.741389 0.246079 0.000505
2 2 0.000118 0.002521 0.618761 0.378559 0.000042
2 2 0.000405 0.007378 0.693190 0.298830 0.000196
2 3 0.000732 0.009370 0.586413 0.403165 0.000320
2 3 0.000240 0.003624 0.572884 0.423178 0.000075
2 3 0.001598 0.015758 0.596369 0.385643 0.000632
2 3 0.010777 0.062024 0.531409 0.391129 0.004661
2 3 0.126076 0.336508 0.463693 0.048831 0.024893
2 3 0.035596 0.165869 0.611375 0.142646 0.044513
0 3 0.776172 0.100558 0.048691 0.008753 0.065826
0 2 0.553978 0.268976 0.060620 0.004314 0.112113
2 2 0.004790 0.061253 0.688222 0.239074 0.006661
2 2 0.003264 0.044218 0.742567 0.206466 0.003484
2 2 0.099067 0.414128 0.417904 0.028672 0.040229
2 2 0.020589 0.251093 0.645087 0.037162 0.046070
2 2 0.012705 0.103548 0.763967 0.114293 0.005488
2 2 0.008463 0.074945 0.830105 0.082783 0.003705
2 2 0.002478 0.035080 0.788649 0.171581 0.002212
2 2 0.008991 0.057580 0.787726 0.143625 0.002078
2 2 0.002081 0.018022 0.651499 0.327816 0.000581
2 2 0.001823 0.020703 0.656724 0.319926 0.000823
2 2 0.000708 0.007611 0.600120 0.391377 0.000184
2 2 0.001109 0.010641 0.571952 0.415975 0.000323
2 2 0.000120 0.002454 0.528483 0.468893 0.000050
2 3 0.000370 0.005983 0.550511 0.442940 0.000196
3 3 0.000853 0.007843 0.418679 0.572324 0.000300
3 3 0.000145 0.002461 0.421302 0.576024 0.000067
3 3 0.000103 0.001586 0.304271 0.693996 0.000043
3 3 0.000027 0.000612 0.213475 0.785868 0.000017
3 3 0.005274 0.036771 0.416839 0.537486 0.003629
3 3 0.000444 0.006232 0.340087 0.652765 0.000471
3 3 0.000040 0.000638 0.172881 0.826421 0.000019
3 3 0.000056 0.000958 0.256006 0.742955 0.000025
3 3 0.000020 0.000333 0.099439 0.900196 0.000012
3 3 0.000082 0.000886 0.151438 0.847564 0.000031
3 3 0.000028 0.000298 0.090310 0.909353 0.000010
3 3 0.000020 0.000327 0.094889 0.904751 0.000013
3 3 0.000068 0.000352 0.050023 0.949525 0.000032
3 3 0.000018 0.000199 0.039935 0.959837 0.000011
3 3 0.000134 0.000355 0.054916 0.944565 0.000030
3 3 0.000008 0.000043 0.028390 0.971554 0.000004
3 3 0.000009 0.000139 0.044742 0.955103 0.000007
3 3 0.000009 0.000054 0.024836 0.975099 0.000003
3 3 0.000041 0.000132 0.024964 0.974848 0.000015
3 3 0.000017 0.000043 0.017931 0.982004 0.000005
3 3 0.000015 0.000018 0.009855 0.990108 0.000004
3 3 0.000015 0.000077 0.022082 0.977818 0.000007
3 3 0.000003 0.000011 0.010880 0.989105 0.000001
3 3 0.000002 0.000022 0.016625 0.983350 0.000001
3 3 0.000002 0.000008 0.008704 0.991285 0.000001
3 3 0.000001 0.000002 0.004085 0.995911 0.000000
3 3 0.000006 0.000010 0.011094 0.988889 0.000001
3 3 0.000005 0.000016 0.010625 0.989353 0.000001
3 3 0.000036 0.000012 0.004373 0.995571 0.000007
3 3 0.000019 0.000008 0.003900 0.996069 0.000004
3 3 0.000005 0.000005 0.005941 0.994048 0.000001
3 3 0.000001 0.000001 0.001916 0.998082 0.000000
3 3 0.000005 0.000012 0.007717 0.992264 0.000002
3 3 0.000003 0.000006 0.010157 0.989833 0.000001
3 3 0.000006 0.000009 0.006827 0.993156 0.000001
3 3 0.000007 0.000011 0.006116 0.993863 0.000002
3 3 0.000006 0.000018 0.008570 0.991404 0.000002
3 3 0.000002 0.000002 0.003275 0.996720 0.000001
3 3 0.000057 0.000042 0.010561 0.989327 0.000013
3 3 0.000190 0.000093 0.007112 0.992553 0.000053
3 3 0.000003 0.000002 0.002879 0.997115 0.000001
3 3 0.000057 0.000036 0.006632 0.993257 0.000018
3 3 0.000001 0.000001 0.002976 0.997022 0.000000
3 3 0.000001 0.000003 0.003932 0.996063 0.000000
3 3 0.000037 0.000024 0.006624 0.993306 0.000008
3 3 0.000582 0.000604 0.017007 0.981685 0.000123
3 3 0.000013 0.000046 0.014293 0.985642 0.000006
3 3 0.000039 0.000381 0.056245 0.943303 0.000032
3 3 0.000013 0.000114 0.036785 0.963082 0.000006
3 3 0.000017 0.000201 0.050237 0.949534 0.000011
3 3 0.000143 0.002053 0.236633 0.761085 0.000086
3 3 0.000064 0.000913 0.152588 0.846398 0.000037
3 3 0.000014 0.000272 0.090403 0.909301 0.000011
3 3 0.000022 0.000285 0.060253 0.939425 0.000014
3 3 0.000019 0.000218 0.081032 0.918724 0.000006
3 3 0.000050 0.000851 0.137740 0.861318 0.000041
3 3 0.000004 0.000065 0.040643 0.959285 0.000003
3 3 0.000010 0.000047 0.026723 0.973217 0.000003
3 3 0.000001 0.000014 0.019194 0.980791 0.000001
3 3 0.000004 0.000048 0.039121 0.960826 0.000001
3 3 0.000273 0.001543 0.099212 0.898887 0.000085
3 3 0.000068 0.000285 0.019108 0.980500 0.000039
3 3 0.007457 0.010625 0.058958 0.920281 0.002680
3 3 0.056297 0.085149 0.193929 0.651335 0.013289
1 3 0.090263 0.361343 0.232314 0.161747 0.154333
2 3 0.038718 0.214595 0.299249 0.181998 0.265441
3 3 0.010990 0.108811 0.350545 0.463771 0.065884
3 3 0.019365 0.179998 0.338122 0.360519 0.101996
4 3 0.010118 0.234439 0.211476 0.008106 0.535862
4 3 0.011056 0.207720 0.205625 0.008283 0.567316
2 3 0.009566 0.272770 0.418837 0.054387 0.244441
2 2 0.007235 0.242065 0.488218 0.054267 0.208216
4 2 0.010400 0.216368 0.255896 0.009201 0.508136
4 2 0.007203 0.143023 0.255651 0.006464 0.587658
4 4 0.011938 0.048831 0.067898 0.000995 0.870339
4 4 0.017791 0.071811 0.070701 0.001873 0.837823
4 4 0.025975 0.114980 0.113840 0.006635 0.738569
4 4 0.020000 0.036926 0.080546 0.002664 0.859863
4 4 0.017661 0.075398 0.078765 0.001908 0.826269
4 4 0.010883 0.037106 0.055031 0.000761 0.896219
4 4 0.018340 0.132846 0.129593 0.004639 0.714582
4 4 0.042555 0.108274 0.103851 0.008429 0.736890
4 4 0.029777 0.024247 0.017147 0.000463 0.928366
4 4 0.031449 0.039666 0.024183 0.000834 0.903868
4 4 0.011799 0.222344 0.232258 0.007938 0.525662
2 4 0.006047 0.279291 0.376096 0.017499 0.321067
4 4 0.013996 0.181983 0.311597 0.018545 0.473878
1 4 0.026339 0.344826 0.268435 0.025913 0.334487
4 4 0.023169 0.211465 0.167137 0.011204 0.587025
4 4 0.038105 0.153478 0.167359 0.019296 0.621763
4 4 0.088744 0.064625 0.031716 0.002422 0.812492
4 4 0.023556 0.045802 0.034617 0.000853 0.895172
4 4 0.035223 0.161422 0.176960 0.018401 0.607993
4 4 0.025209 0.251454 0.258018 0.030061 0.435257
2 4 0.017543 0.301507 0.428252 0.025147 0.227551
2 4 0.010488 0.141830 0.413113 0.032609 0.401959
2 4 0.020601 0.258531 0.350425 0.038678 0.331765
4 4 0.035862 0.268574 0.210608 0.029809 0.455147
1 4 0.013174 0.362831 0.341193 0.014019 0.268784
2 4 0.015143 0.291070 0.460900 0.017624 0.215263
2 4 0.005363 0.267933 0.474773 0.028274 0.223656
2 2 0.003284 0.211330 0.562644 0.031786 0.190956
2 2 0.005367 0.234755 0.534579 0.046888 0.178412
2 2 0.009699 0.312463 0.426782 0.027887 0.223170
2 2 0.002651 0.246112 0.443375 0.009108 0.298753
2 2 0.005909 0.268428 0.444835 0.028578 0.252250
2 2 0.005530 0.217330 0.535808 0.064595 0.176737
2 2 0.008655 0.290576 0.473463 0.026475 0.200830
2 2 0.006267 0.203581 0.626570 0.060640 0.102942
2 2 0.005370 0.251592 0.517404 0.040106 0.185528
2 2 0.007616 0.193073 0.636440 0.060460 0.102410
2 2 0.003602 0.219081 0.545948 0.031806 0.199563
2 2 0.004820 0.074603 0.675334 0.234230 0.011013
2 2 0.004723 0.064338 0.773075 0.152081 0.005783
2 2 0.003467 0.068442 0.864460 0.059091 0.004541
2 2 0.002340 0.059394 0.882212 0.051517 0.004536
2 2 0.002348 0.035163 0.851442 0.109509 0.001538
2 2 0.000711 0.018798 0.815604 0.163807 0.001080
2 2 0.003795 0.031601 0.748908 0.214492 0.001204
2 2 0.001402 0.022023 0.704081 0.271072 0.001421
1 2 0.234320 0.384476 0.325775 0.027914 0.027514
2 2 0.052757 0.237675 0.438020 0.228052 0.043496
1 2 0.263566 0.429460 0.226052 0.030885 0.050037
0 2 0.637380 0.266436 0.065151 0.001780 0.029253
1 2 0.186077 0.421996 0.329099 0.026053 0.036774
1 2 0.089165 0.417836 0.331634 0.072274 0.089090
2 2 0.014167 0.166075 0.693545 0.105227 0.020985
2 2 0.009443 0.060483 0.811617 0.114958 0.003499
2 2 0.002020 0.038387 0.864423 0.093038 0.002132
2 2 0.002996 0.036084 0.867375 0.092312 0.001233
2 2 0.001223 0.017286 0.725120 0.255803 0.000569
2 2 0.001226 0.014238 0.774041 0.210174 0.000321
2 2 0.011619 0.057489 0.633262 0.294796 0.002833
2 2 0.030694 0.105642 0.686017 0.172956 0.004690
0 2 0.971199 0.010690 0.002534 0.000031 0.015546
0 4 0.962536 0.019551 0.004097 0.000037 0.013779
0 4 0.913598 0.056041 0.010679 0.000134 0.019548
0 4 0.846822 0.088444 0.018758 0.000753 0.045224
1 4 0.186066 0.320251 0.164402 0.015082 0.314198
1 4 0.048345 0.402651 0.297405 0.026180 0.225419
4 4 0.284268 0.263290 0.083956 0.017334 0.351152
0 4 0.726619 0.106276 0.073772 0.010162 0.083171
0 4 0.952660 0.019928 0.004759 0.000090 0.022563
4 4 0.312245 0.174803 0.061030 0.021735 0.430187
1 4 0.076898 0.371394 0.205007 0.053515 0.293186
0 4 0.626674 0.212702 0.053406 0.004371 0.102847
0 4 0.951564 0.018056 0.004383 0.000100 0.025897
0 4 0.930736 0.039329 0.008110 0.000125 0.021700
0 4 0.951948 0.024407 0.005243 0.000069 0.018332
0 4 0.850658 0.092956 0.018746 0.000560 0.037080
0 4 0.931681 0.024006 0.006042 0.000228 0.038044
0 4 0.942801 0.025096 0.005790 0.000126 0.026186
0 4 0.431852 0.136799 0.054052 0.005414 0.371883
0 4 0.574610 0.219881 0.050916 0.005474 0.149120
0 4 0.917735 0.018519 0.005136 0.000143 0.058468
0 4 0.937987 0.016769 0.004381 0.000076 0.040788
1 4 0.084483 0.387582 0.263883 0.016700 0.247351
1 4 0.215605 0.408216 0.195946 0.010094 0.170139
0 4 0.531324 0.107639 0.032120 0.005875 0.323042
0 4 0.840501 0.058502 0.015146 0.001610 0.084241
0 4 0.691694 0.110309 0.029094 0.003905 0.164999
0 4 0.848638 0.048345 0.012860 0.001011 0.089146
0 4 0.310686 0.241806 0.169966 0.008690 0.268852
1 4 0.199176 0.317180 0.245503 0.011149 0.226992
0 4 0.395363 0.236760 0.095019 0.015416 0.257441
0 4 0.851632 0.064715 0.015682 0.001159 0.066813
0 4 0.804907 0.096489 0.034718 0.003805 0.060081
0 4 0.893681 0.050095 0.034519 0.002037 0.019667
1 4 0.087027 0.443420 0.260084 0.041073 0.168397
1 4 0.035286 0.431767 0.239968 0.032829 0.260150
2 4 0.023340 0.268165 0.495164 0.128598 0.084734
2 4 0.041887 0.223006 0.639420 0.078270 0.017417
0 4 0.834026 0.079917 0.018684 0.001328 0.066045
0 4 0.955519 0.017959 0.004223 0.000077 0.022222
0 4 0.963916 0.015272 0.003495 0.000046 0.017272
0 4 0.927047 0.024762 0.006321 0.000270 0.041601
0 4 0.956292 0.013256 0.003412 0.000088 0.026953
0 4 0.979748 0.005193 0.001348 0.000016 0.013695
0 4 0.961960 0.015910 0.003666 0.000053 0.018411
0 4 0.967390 0.013631 0.003034 0.000017 0.015928
0 4 0.982177 0.006520 0.001518 0.000011 0.009774
0 4 0.971577 0.011500 0.002645 0.000028 0.014250
0 0 0.888090 0.077066 0.014111 0.000182 0.020550
0 0 0.980251 0.005608 0.001415 0.000015 0.012711
0 0 0.858506 0.082238 0.017305 0.000612 0.041339
0 0 0.847023 0.073513 0.017133 0.001096 0.061236
0 0 0.792306 0.080880 0.020220 0.001237 0.105356
1 0 0.280276 0.311825 0.104509 0.008155 0.295235
4 0 0.212167 0.237511 0.081627 0.014193 0.454501
0 0 0.851453 0.061309 0.014724 0.000500 0.072014
0 0 0.969336 0.012178 0.002830 0.000034 0.015622
0 0 0.575050 0.163981 0.042587 0.006573 0.211809
4 0 0.095966 0.267417 0.200490 0.011389 0.424738
1 0 0.213160 0.313377 0.221952 0.009411 0.242099
0 1 0.841607 0.046890 0.033572 0.009383 0.068549
0 1 0.957552 0.015089 0.005985 0.000193 0.021181
0 1 0.806994 0.065795 0.017611 0.002674 0.106926
0 1 0.759794 0.091636 0.028052 0.005732 0.114786
1 1 0.030276 0.391664 0.327209 0.050387 0.200463
1 1 0.041248 0.418156 0.377414 0.029870 0.133312
2 4 0.071982 0.254503 0.469468 0.167594 0.036454
2 4 0.169192 0.329351 0.352976 0.111175 0.037307
1 4 0.071149 0.507698 0.242836 0.016401 0.161915
1 4 0.129288 0.329969 0.304540 0.012139 0.224063
1 4 0.157619 0.337840 0.260160 0.114415 0.129966
0 4 0.691030 0.123845 0.083285 0.026378 0.075462
0 4 0.529892 0.167774 0.138356 0.075118 0.088860
1 4 0.112691 0.368419 0.231458 0.146967 0.140464
0 4 0.599396 0.258842 0.052066 0.002517 0.087180
0 4 0.576854 0.268431 0.056159 0.007393 0.091162
0 4 0.707172 0.053833 0.016839 0.003366 0.218790
0 4 0.961500 0.010111 0.002690 0.000068 0.025631
0 4 0.835676 0.049996 0.083174 0.013338 0.017815
0 4 0.653675 0.062908 0.150180 0.099774 0.033463
1 4 0.226937 0.502800 0.160201 0.019275 0.090786
1 4 0.119435 0.516837 0.238998 0.020775 0.103954
1 4 0.095996 0.499465 0.290661 0.019212 0.094665
2 4 0.026170 0.344000 0.486741 0.045103 0.097987
2 2 0.031811 0.162291 0.478598 0.304184 0.023116
2 2 0.108619 0.232855 0.587098 0.061097 0.010331
0 2 0.834161 0.057795 0.077901 0.006680 0.023463
1 2 0.193137 0.423472 0.191235 0.085183 0.106973
0 2 0.610302 0.123646 0.149468 0.066463 0.050121
0 2 0.478577 0.196633 0.191115 0.087379 0.046296
1 2 0.076273 0.456445 0.380367 0.026063 0.060853
2 2 0.040352 0.335298 0.538265 0.042555 0.043530
2 2 0.014366 0.166452 0.669141 0.126895 0.023146
2 2 0.010437 0.148926 0.758913 0.065388 0.016337
2 2 0.009202 0.094562 0.760875 0.128459 0.006902
2 2 0.009341 0.101054 0.799547 0.083835 0.006223
2 2 0.009098 0.112717 0.745923 0.121202 0.011060
2 2 0.006141 0.081432 0.843451 0.064187 0.004789
2 2 0.005135 0.044032 0.819747 0.129732 0.001354
2 2 0.011810 0.101951 0.796308 0.085227 0.004704
2 2 0.089096 0.198963 0.641145 0.063249 0.007547
2 2 0.096908 0.266950 0.525307 0.091331 0.019505
1 2 0.189124 0.378309 0.267229 0.103608 0.061730
0 2 0.726608 0.058508 0.150847 0.046461 0.017576
0 0 0.761289 0.093811 0.102338 0.016699 0.025863
0 0 0.386701 0.138262 0.200247 0.221398 0.053392
2 0 0.089443 0.289497 0.492623 0.073660 0.054776
1 0 0.112551 0.451368 0.297612 0.045626 0.092844
2 1 0.102776 0.260764 0.460957 0.150426 0.025076
2 1 0.084558 0.225770 0.522475 0.149384 0.017812
2 1 0.132332 0.320366 0.427239 0.089841 0.030222
2 1 0.129058 0.162372 0.401547 0.292401 0.014621
2 1 0.106092 0.245845 0.474423 0.152492 0.021149
2 1 0.101437 0.135863 0.495401 0.254518 0.012781
1 1 0.098148 0.503930 0.294023 0.022569 0.081330
2 1 0.032041 0.348364 0.468372 0.063109 0.088114
2 1 0.016956 0.098738 0.734509 0.144249 0.005548
2 1 0.037907 0.275123 0.601228 0.060241 0.025501
2 1 0.187073 0.266742 0.387824 0.134984 0.023376
0 1 0.620475 0.144894 0.184597 0.026073 0.023960
0 1 0.474638 0.153284 0.289588 0.069317 0.013173
3 0 0.252431 0.098558 0.303886 0.329164 0.015961
0 0 0.830009 0.041730 0.091637 0.019601 0.017022
0 0 0.717640 0.027452 0.102071 0.116445 0.036393
0 0 0.920770 0.031450 0.010999 0.000579 0.036202
0 0 0.989547 0.004407 0.000952 0.000003 0.005092
0 0 0.774138 0.052130 0.143503 0.021061 0.009168
0 0 0.595717 0.072448 0.221215 0.094360 0.016260
0 0 0.378972 0.352300 0.127784 0.003675 0.137269
1 0 0.114269 0.451652 0.193319 0.016466 0.224294
2 1 0.021570 0.194001 0.664788 0.096410 0.023231
2 1 0.031914 0.203558 0.585155 0.150916 0.028457
2 1 0.036630 0.278867 0.591630 0.063125 0.029747
2 1 0.017533 0.216427 0.672194 0.055530 0.038316
2 1 0.018594 0.204747 0.694864 0.052680 0.029114
2 1 0.014760 0.227874 0.690906 0.030581 0.035879
2 1 0.008018 0.124024 0.789274 0.061403 0.017280
2 1 0.007126 0.133931 0.728751 0.105843 0.024350
2 1 0.037839 0.357500 0.462728 0.021529 0.120403
2 1 0.043737 0.318544 0.500347 0.019598 0.117775
2 1 0.016794 0.278819 0.442096 0.001997 0.260293
4 1 0.014931 0.233830 0.359175 0.003737 0.388326
4 1 0.094278 0.194297 0.087693 0.001665 0.622066
4 1 0.132447 0.124461 0.085426 0.002680 0.654986
4 4 0.103796 0.107450 0.069929 0.003034 0.715791
4 4 0.143007 0.126843 0.070102 0.003215 0.656832
4 4 0.137978 0.115596 0.049475 0.001512 0.695439
4 4 0.082571 0.098054 0.035749 0.004642 0.778985
4 4 0.080722 0.013456 0.006308 0.000388 0.899126
4 4 0.344746 0.036948 0.013480 0.000427 0.604399
4 4 0.083417 0.086805 0.032575 0.000786 0.796418
4 4 0.027087 0.018807 0.019952 0.000562 0.933593
4 4 0.064417 0.035963 0.015848 0.001027 0.882746
4 4 0.043485 0.040427 0.020837 0.000876 0.894376
4 4 0.182556 0.105215 0.033837 0.001584 0.676807
4 4 0.049977 0.079579 0.034001 0.002236 0.834208
4 4 0.240959 0.012066 0.005456 0.000212 0.741307
4 4 0.227543 0.014991 0.006581 0.000267 0.750618
4 4 0.238080 0.138951 0.115020 0.008578 0.499370
4 4 0.221547 0.239161 0.172613 0.015600 0.351079
4 4 0.027978 0.259999 0.242531 0.020247 0.449245
4 4 0.024685 0.187134 0.242602 0.010168 0.535411
4 4 0.162910 0.027841 0.011663 0.001301 0.796284
4 4 0.167354 0.080517 0.028459 0.004185 0.719485
4 4 0.055221 0.089237 0.031791 0.002587 0.821164
4 4 0.017402 0.050456 0.059733 0.001318 0.871091
4 4 0.068511 0.023467 0.026997 0.001780 0.879245
0 4 0.449515 0.102409 0.030079 0.000977 0.417020
1 4 0.103707 0.525780 0.299436 0.004561 0.066515
2 4 0.016796 0.238345 0.577499 0.027778 0.139582
1 4 0.027627 0.415872 0.402069 0.012411 0.142020
2 4 0.015452 0.332310 0.524296 0.013526 0.114415
2 4 0.021276 0.373644 0.414727 0.027509 0.162844
2 2 0.035945 0.364737 0.522336 0.022565 0.054418
2 2 0.010177 0.270589 0.565128 0.031169 0.122937
2 2 0.016848 0.304920 0.575466 0.020756 0.082011
2 2 0.015322 0.210590 0.585598 0.125424 0.063067
2 2 0.018110 0.297753 0.471129 0.074262 0.138747
2 2 0.008431 0.109229 0.692472 0.173613 0.016256
2 2 0.005392 0.095261 0.762198 0.123769 0.013380
2 2 0.011518 0.133120 0.663915 0.172254 0.019193
2 2 0.012617 0.148435 0.697749 0.119820 0.021378
2 2 0.005489 0.088305 0.809489 0.087909 0.008808
2 2 0.004899 0.089425 0.818170 0.078006 0.009499
2 2 0.009124 0.080971 0.669935 0.233566 0.006404
2 2 0.006694 0.083294 0.734401 0.166728 0.008882
3 2 0.003372 0.032469 0.480080 0.481485 0.002593
2 2 0.003381 0.027647 0.638875 0.328944 0.001153
2 2 0.001447 0.016605 0.624122 0.357098 0.000728
2 2 0.002274 0.026095 0.722748 0.247766 0.001116
2 2 0.005077 0.065856 0.795259 0.127965 0.005843
2 2 0.004205 0.079122 0.774679 0.128728 0.013266
2 2 0.002422 0.029396 0.729168 0.236006 0.003007
2 2 0.006893 0.055105 0.627189 0.306951 0.003863
2 2 0.019130 0.089009 0.553774 0.329539 0.008548
2 2 0.005601 0.058057 0.607720 0.322019 0.006603
2 2 0.004803 0.056864 0.620025 0.311595 0.006713
2 2 0.003635 0.035314 0.593670 0.364907 0.002474
2 2 0.000113 0.002971 0.520347 0.476469 0.000101
3 3 0.000050 0.001426 0.392376 0.606103 0.000045
3 3 0.002131 0.013743 0.457118 0.525375 0.001633
2 3 0.010806 0.052561 0.468904 0.463777 0.003952
3 3 0.002156 0.011653 0.325762 0.659818 0.000611
3 3 0.000378 0.003698 0.293930 0.701626 0.000368
3 3 0.000011 0.000255 0.102192 0.897533 0.000009
3 3 0.000025 0.000738 0.189202 0.810001 0.000035
3 3 0.000146 0.002698 0.324093 0.672957 0.000106
3 3 0.000021 0.000457 0.165230 0.834278 0.000014
3 3 0.000146 0.001825 0.154434 0.843489 0.000106
3 3 0.000054 0.000579 0.066430 0.932899 0.000037
3 3 0.000073 0.000200 0.036818 0.962888 0.000021
3 3 0.000009 0.000059 0.041162 0.958765 0.000004
3 3 0.000008 0.000122 0.053058 0.946807 0.000004
3 3 0.000009 0.000119 0.055825 0.944042 0.000005
3 3 0.000003 0.000065 0.057420 0.942510 0.000002
3 3 0.000019 0.000128 0.039788 0.960055 0.000010
3 3 0.000078 0.000501 0.061486 0.937902 0.000033
3 3 0.000045 0.000466 0.062611 0.936851 0.000027
3 3 0.000004 0.000026 0.030371 0.969597 0.000002
3 3 0.000013 0.000074 0.034846 0.965061 0.000005
3 3 0.000271 0.000639 0.038944 0.960037 0.000108
3 3 0.000427 0.000628 0.038083 0.960755 0.000107
3 3 0.000001 0.000013 0.013571 0.986413 0.000001
3 3 0.000002 0.000003 0.005615 0.994380 0.000000
3 3 0.000010 0.000037 0.018436 0.981513 0.000004
3 3 0.000010 0.000160 0.037378 0.962442 0.000010
3 3 0.000107 0.000109 0.017688 0.982066 0.000029
3 3 0.000068 0.000053 0.010640 0.989221 0.000018
3 3 0.000003 0.000013 0.011589 0.988393 0.000002
3 3 0.000002 0.000017 0.012252 0.987727 0.000001
3 3 0.000007 0.000036 0.013186 0.986765 0.000005
3 3 0.000001 0.000005 0.008542 0.991451 0.000001
3 3 0.000006 0.000011 0.008792 0.991189 0.000002
3 3 0.000012 0.000077 0.017641 0.982262 0.000007
3 3 0.000005 0.000016 0.011728 0.988248 0.000002
3 3 0.000019 0.000051 0.017450 0.982474 0.000006
3 3 0.000003 0.000006 0.005469 0.994522 0.000002
3 3 0.000031 0.000086 0.024109 0.975762 0.000011
3 3 0.000007 0.000027 0.009543 0.990418 0.000004
3 3 0.000006 0.000021 0.009020 0.990950 0.000003
3 3 0.000000 0.000002 0.005820 0.994177 0.000000
3 3 0.000001 0.000012 0.014030 0.985956 0.000001
3 3 0.000005 0.000022 0.016876 0.983095 0.000002
3 3 0.000000 0.000002 0.006007 0.993991 0.000000
3 3 0.000000 0.000005 0.009845 0.990149 0.000000
3 3 0.000000 0.000006 0.011924 0.988069 0.000000
3 3 0.000099 0.000300 0.025396 0.974143 0.000061
3 3 0.000026 0.000042 0.014306 0.985617 0.000009
3 3 0.000002 0.000016 0.019836 0.980145 0.000001
3 3 0.000001 0.000008 0.012447 0.987543 0.000000
3 3 0.000003 0.000006 0.010449 0.989541 0.000001
3 3 0.000001 0.000012 0.013208 0.986778 0.000001
3 3 0.000001 0.000007 0.005875 0.994116 0.000001
3 3 0.000001 0.000005 0.010216 0.989777 0.000000
3 3 0.000009 0.000010 0.003722 0.996256 0.000003
3 3 0.000013 0.000004 0.002146 0.997834 0.000003
3 3 0.000004 0.000007 0.005629 0.994360 0.000001
3 3 0.000009 0.000014 0.008702 0.991273 0.000003
3 3 0.000000 0.000001 0.006653 0.993346 0.000000
3 3 0.000000 0.000003 0.017752 0.982245 0.000000
3 3 0.009033 0.003992 0.040514 0.944060 0.002401
3 3 0.038129 0.062700 0.155471 0.732608 0.011092
3 3 0.002363 0.010850 0.213295 0.769355 0.004136
3 3 0.004194 0.021560 0.436127 0.535454 0.002665
2 3 0.001330 0.015547 0.553269 0.429071 0.000782
2 2 0.000923 0.010639 0.514621 0.473384 0.000434
2 2 0.003461 0.038744 0.661237 0.293782 0.002776
2 2 0.005438 0.058751 0.598379 0.331452 0.005980
2 2 0.007326 0.024960 0.553905 0.412274 0.001535
2 2 0.023313 0.055363 0.466306 0.452112 0.002907
2 2 0.056908 0.140089 0.523447 0.269727 0.009829
2 2 0.028729 0.166982 0.625993 0.164072 0.014225
2 2 0.003385 0.035100 0.647157 0.312290 0.002068
2 2 0.008194 0.072075 0.766730 0.149468 0.003534
2 2 0.062198 0.246246 0.554560 0.115429 0.021567
2 2 0.023297 0.118715 0.580116 0.265369 0.012503
2 2 0.003714 0.038631 0.723015 0.232896 0.001743
2 2 0.005619 0.056526 0.743619 0.191363 0.002873
2 2 0.008048 0.088025 0.787254 0.109205 0.007468
2 2 0.009100 0.082331 0.789953 0.113592 0.005024
2 2 0.000651 0.009108 0.763139 0.226923 0.000179
2 2 0.002329 0.026318 0.853769 0.116964 0.000621
2 2 0.006203 0.036025 0.733603 0.223071 0.001098
2 2 0.001961 0.024846 0.687310 0.284495 0.001387
2 2 0.000571 0.006945 0.569834 0.422467 0.000184
3 2 0.000553 0.006057 0.487402 0.505813 0.000175
2 2 0.084317 0.138761 0.506735 0.248431 0.021756
2 2 0.073062 0.203058 0.513009 0.193590 0.017281
1 2 0.187377 0.434771 0.313511 0.024325 0.040016
2 2 0.021026 0.279715 0.364129 0.149394 0.185736
2 2 0.014546 0.222586 0.599921 0.091646 0.071301
2 2 0.007559 0.224203 0.551765 0.086368 0.130106
4 2 0.008300 0.109089 0.365273 0.015501 0.501837
4 2 0.010498 0.218193 0.337769 0.019111 0.414428
4 4 0.025132 0.027244 0.016044 0.000327 0.931253
4 4 0.040870 0.033113 0.014568 0.000573 0.910876
4 4 0.024959 0.174106 0.118672 0.006102 0.676161
4 4 0.032754 0.055117 0.042013 0.001451 0.868665
4 4 0.024505 0.054122 0.104513 0.005013 0.811846
4 4 0.198754 0.111791 0.045405 0.004409 0.639641
4 4 0.059226 0.017132 0.007698 0.000369 0.915576
4 4 0.062140 0.011082 0.005239 0.000158 0.921381
4 4 0.059210 0.007237 0.004428 0.000182 0.928943
4 4 0.132279 0.032538 0.012691 0.000342 0.822149
2 4 0.010060 0.301130 0.391819 0.040298 0.256693
4 4 0.019521 0.168740 0.364193 0.047976 0.399571
4 4 0.075597 0.050874 0.023297 0.001973 0.848258
4 4 0.052288 0.028240 0.012417 0.000603 0.906453
4 4 0.049714 0.019890 0.008865 0.000369 0.921163
4 4 0.110158 0.024154 0.027893 0.000351 0.837444
4 4 0.049951 0.160088 0.108482 0.005013 0.676466
4 4 0.022858 0.085479 0.097534 0.003625 0.790504
4 4 0.140327 0.130103 0.050751 0.006621 0.672198
4 4 0.066796 0.074501 0.041066 0.003702 0.813935
4 4 0.209319 0.052524 0.068860 0.001762 0.667535
4 4 0.053584 0.132179 0.058782 0.005193 0.750262
4 4 0.029149 0.040650 0.037495 0.001337 0.891369
4 4 0.020091 0.037310 0.034861 0.000767 0.906971
4 4 0.174366 0.156195 0.048541 0.006972 0.613926
4 4 0.090732 0.046409 0.018144 0.001926 0.842788
4 4 0.075687 0.064298 0.031098 0.002810 0.826107
4 4 0.142995 0.065531 0.046813 0.003041 0.741621
4 4 0.064377 0.082968 0.058790 0.002199 0.791666
4 4 0.029879 0.042482 0.038220 0.001144 0.888275
4 4 0.044369 0.021454 0.010975 0.000393 0.922809
4 4 0.072047 0.024109 0.010348 0.000680 0.892815
4 4 0.106000 0.283416 0.258907 0.018660 0.333017
4 4 0.237156 0.291873 0.125138 0.009319 0.336514
4 4 0.024386 0.314062 0.281370 0.011810 0.368372
2 4 0.006703 0.208522 0.413349 0.019488 0.351938
2 4 0.013993 0.274895 0.347384 0.020032 0.343696
4 4 0.030943 0.272528 0.250743 0.014226 0.431560
2 4 0.019142 0.229764 0.377249 0.028540 0.345304
4 4 0.008602 0.201393 0.317529 0.012047 0.460428
2 4 0.014139 0.258182 0.599848 0.050879 0.076953
2 4 0.007580 0.224972 0.641984 0.035931 0.089534
2 4 0.012473 0.316255 0.479714 0.029012 0.162547
2 2 0.012043 0.299349 0.553829 0.017814 0.116965
2 2 0.019874 0.323406 0.493531 0.037165 0.126024
2 2 0.024664 0.332337 0.541855 0.025452 0.075692
2 2 0.013855 0.351070 0.413853 0.020091 0.201131
2 2 0.019226 0.329472 0.554150 0.014925 0.082227
2 2 0.033898 0.321381 0.426953 0.049798 0.167969
1 2 0.124701 0.511224 0.206527 0.025056 0.132492
2 2 0.021939 0.265643 0.582284 0.081838 0.048295
2 2 0.016972 0.197935 0.650030 0.105296 0.029767
2 2 0.061858 0.390929 0.463080 0.036181 0.047952
1 2 0.112173 0.449184 0.370965 0.021958 0.045721
2 2 0.033430 0.291991 0.588502 0.051209 0.034869
2 2 0.011531 0.192695 0.652337 0.097168 0.046269
2 2 0.031713 0.301080 0.539314 0.069459 0.058434
1 2 0.065400 0.450471 0.403070 0.023247 0.057812
2 2 0.015116 0.193869 0.641122 0.118156 0.031738
2 2 0.017690 0.193542 0.683333 0.080733 0.024700
2 2 0.008997 0.109279 0.743388 0.129307 0.009029
2 2 0.009437 0.125957 0.794218 0.059468 0.010920
2 2 0.002483 0.033432 0.828688 0.134013 0.001385
2 2 0.005247 0.063683 0.849830 0.078244 0.002996
2 2 0.002316 0.026860 0.816428 0.153559 0.000836
2 2 0.003687 0.038197 0.804841 0.151914 0.001361
2 2 0.002214 0.024996 0.835430 0.136642 0.000718
2 2 0.005209 0.041888 0.808064 0.143565 0.001273
2 2 0.001048 0.016768 0.815747 0.166006 0.000431
2 2 0.000458 0.008367 0.815084 0.175939 0.000151
2 2 0.005087 0.035820 0.806154 0.151996 0.000944
2 2 0.006097 0.045304 0.831282 0.116079 0.001238
2 2 0.001242 0.012032 0.743402 0.243080 0.000244
2 2 0.001747 0.018995 0.677343 0.301256 0.000660
2 2 0.006027 0.039958 0.797458 0.155446 0.001111
2 2 0.004911 0.037952 0.771896 0.183970 0.001271
2 2 0.001487 0.016072 0.729822 0.252188 0.000431
2 2 0.000685 0.008587 0.678216 0.312316 0.000196
2 2 0.002873 0.025332 0.744963 0.226048 0.000784
2 2 0.002848 0.021480 0.793671 0.181541 0.000459
2 2 0.003515 0.025651 0.781685 0.188527 0.000623
2 2 0.003747 0.035996 0.733276 0.225535 0.001447
2 2 0.004903 0.032582 0.792054 0.169631 0.000829
2 2 0.008355 0.074637 0.732124 0.180088 0.004797
2 2 0.001830 0.014976 0.745228 0.237253 0.000713
2 2 0.003075 0.026635 0.722436 0.246976 0.000878
2 2 0.001181 0.012481 0.743178 0.242888 0.000272
2 2 0.000727 0.010009 0.623016 0.365927 0.000320
2 2 0.004758 0.032923 0.614099 0.346727 0.001493
2 2 0.003075 0.025035 0.568812 0.401868 0.001211
2 2 0.002328 0.024756 0.654425 0.317425 0.001066
2 2 0.000687 0.008700 0.580457 0.409878 0.000278
2 2 0.003372 0.020772 0.682598 0.292697 0.000560
2 2 0.004314 0.028493 0.662555 0.303631 0.001006
3 2 0.000253 0.004558 0.477893 0.517135 0.000161
2 2 0.000180 0.003129 0.509409 0.487206 0.000075
2 2 0.000554 0.006121 0.557134 0.436044 0.000147
2 2 0.000546 0.006069 0.560269 0.432972 0.000144
2 2 0.001245 0.012512 0.546289 0.439491 0.000463
3 2 0.003647 0.031812 0.479436 0.482745 0.002360
2 2 0.110600 0.227412 0.554046 0.095613 0.012330
2 2 0.028431 0.147672 0.563437 0.246120 0.014340
2 2 0.002051 0.039191 0.699077 0.255059 0.004621
2 2 0.000897 0.025988 0.734671 0.235469 0.002975
2 2 0.001228 0.018244 0.631795 0.347900 0.000832
2 2 0.000131 0.004402 0.750619 0.244706 0.000141
2 2 0.003546 0.034531 0.708482 0.251514 0.001927
2 2 0.003550 0.018667 0.762860 0.212338 0.002584
2 2 0.000091 0.004392 0.710153 0.285143 0.000221
2 2 0.000841 0.013050 0.772694 0.213035 0.000380
2 2 0.002217 0.037309 0.722898 0.234479 0.003097
2 2 0.001111 0.017525 0.734958 0.245089 0.001318
2 2 0.001732 0.015800 0.604571 0.377304 0.000594
2 2 0.001383 0.015030 0.671653 0.311145 0.000789
2 2 0.000613 0.014329 0.593381 0.390402 0.001275
2 2 0.002569 0.028334 0.681438 0.285902 0.001757
2 2 0.002784 0.015149 0.687257 0.292552 0.002258
2 2 0.002855 0.022114 0.531024 0.442194 0.001812
2 2 0.000156 0.003162 0.543154 0.453447 0.000081
2 2 0.000095 0.002084 0.555439 0.442315 0.000067
3 3 0.000252 0.004323 0.444349 0.550902 0.000174
2 3 0.001227 0.010187 0.519850 0.468415 0.000322
3 3 0.000062 0.000991 0.311730 0.687196 0.000021
3 3 0.000044 0.000898 0.348776 0.650255 0.000027
3 3 0.001841 0.014210 0.460864 0.521936 0.001149
3 3 0.002513 0.023404 0.485953 0.486238 0.001892
2 3 0.001237 0.010477 0.550298 0.437075 0.000914
2 3 0.000711 0.008833 0.652863 0.336715 0.000878
3 3 0.000285 0.002972 0.350371 0.646290 0.000082
3 3 0.000373 0.005481 0.373798 0.620087 0.000261
