0 0 0.965456 0.017009 0.001808 0.000015 0.015711
0 0 0.972164 0.013009 0.001584 0.000020 0.013222
0 0 0.971562 0.014477 0.003243 0.000049 0.010669
0 0 0.984482 0.006426 0.001242 0.000047 0.007803
0 0 0.970487 0.013810 0.001990 0.000035 0.013678
0 0 0.972743 0.012092 0.002221 0.000076 0.012867
0 0 0.979756 0.008731 0.001738 0.000064 0.009710
0 0 0.963929 0.018935 0.003613 0.000042 0.013481
0 0 0.953756 0.023715 0.006234 0.000147 0.016148
0 0 0.930980 0.034274 0.007971 0.000319 0.026455
0 0 0.638916 0.222305 0.033020 0.000063 0.105696
0 0 0.666620 0.210533 0.022918 0.000036 0.099892
0 1 0.380196 0.299806 0.013810 0.000004 0.306185
4 0 0.204231 0.262667 0.015158 0.000007 0.517937
0 0 0.375336 0.271019 0.022869 0.000012 0.330764
4 0 0.232587 0.272299 0.014705 0.000005 0.480404
4 1 0.199159 0.213402 0.008799 0.000001 0.578639
4 0 0.141414 0.251094 0.016767 0.000004 0.590721
0 0 0.819126 0.112548 0.026283 0.000191 0.041852
4 0 0.351833 0.188571 0.023718 0.000099 0.435780
0 0 0.940881 0.028673 0.002468 0.000010 0.027969
0 0 0.954242 0.023761 0.003538 0.000041 0.018419
0 0 0.950257 0.022632 0.004659 0.000252 0.022199
0 0 0.947963 0.024947 0.005201 0.000198 0.021691
0 0 0.800123 0.116346 0.043222 0.000634 0.039675
0 0 0.823488 0.109353 0.028123 0.000205 0.038831
0 0 0.932617 0.035721 0.004044 0.000036 0.027582
0 0 0.968683 0.015387 0.002729 0.000046 0.013154
0 0 0.981728 0.008441 0.002042 0.000053 0.007736
0 0 0.980223 0.008718 0.001857 0.000063 0.009139
0 0 0.974300 0.011966 0.002878 0.000092 0.010765
0 0 0.975712 0.011841 0.002682 0.000053 0.009712
0 0 0.806977 0.124186 0.013777 0.000027 0.055033
0 0 0.370981 0.261383 0.019978 0.000026 0.347632
4 4 0.182879 0.165694 0.007218 0.000001 0.644208
4 4 0.172755 0.185294 0.008754 0.000002 0.633195
4 4 0.102792 0.135144 0.006281 0.000001 0.755782
4 4 0.126701 0.112793 0.007001 0.000003 0.753502
4 4 0.015355 0.035621 0.003383 0.000001 0.945639
4 4 0.033083 0.056091 0.005297 0.000005 0.905524
4 4 0.088180 0.331560 0.031729 0.000003 0.548528
4 4 0.048679 0.227590 0.020156 0.000001 0.703573
1 4 0.089697 0.474786 0.066533 0.000003 0.368981
4 4 0.038836 0.351859 0.044333 0.000001 0.564972
1 4 0.046448 0.520153 0.082909 0.000000 0.350490
1 4 0.044347 0.501812 0.102905 0.000001 0.350935
4 4 0.034681 0.153339 0.014063 0.000004 0.797913
4 4 0.019111 0.062416 0.008048 0.000004 0.910421
1 4 0.060627 0.517971 0.086272 0.000001 0.335129
1 4 0.034334 0.538688 0.139641 0.000001 0.287337
4 4 0.016457 0.363798 0.138127 0.000009 0.481609
1 4 0.043857 0.512169 0.099348 0.000001 0.344626
1 4 0.031254 0.574053 0.110545 0.000000 0.284148
1 4 0.054453 0.587335 0.082864 0.000000 0.275347
4 4 0.023521 0.338877 0.083941 0.000005 0.553656
1 4 0.081187 0.518145 0.075608 0.000001 0.325058
1 4 0.019461 0.477724 0.257716 0.000012 0.245087
1 4 0.069260 0.573498 0.153770 0.000007 0.203466
1 4 0.063069 0.610005 0.193789 0.000004 0.133132
1 1 0.030459 0.590209 0.224987 0.000001 0.154343
1 1 0.033930 0.456420 0.162934 0.000018 0.346698
1 1 0.023243 0.429677 0.136675 0.000004 0.410400
1 1 0.032790 0.501539 0.196748 0.000011 0.268912
1 1 0.033089 0.514062 0.274572 0.000028 0.178249
2 2 0.010818 0.419485 0.461684 0.000008 0.108005
1 2 0.013964 0.460305 0.324446 0.000008 0.201276
2 2 0.006207 0.197994 0.756149 0.000961 0.038689
2 2 0.017584 0.272378 0.661397 0.002264 0.046377
2 2 0.001199 0.034654 0.891697 0.069654 0.002796
2 2 0.001554 0.046598 0.893048 0.052886 0.005914
2 2 0.001294 0.020884 0.778913 0.198315 0.000594
2 2 0.001548 0.020441 0.807014 0.170183 0.000814
2 2 0.002801 0.030999 0.637915 0.321739 0.006545
2 2 0.004132 0.020840 0.503806 0.469911 0.001312
2 2 0.004134 0.022313 0.526477 0.443553 0.003523
2 2 0.002976 0.024595 0.516261 0.452159 0.004009
3 3 0.005904 0.004258 0.097801 0.891290 0.000746
3 2 0.004589 0.005320 0.173671 0.815797 0.000622
3 3 0.006869 0.006950 0.171460 0.813607 0.001114
3 2 0.002354 0.005898 0.190723 0.799594 0.001430
3 2 0.006240 0.008333 0.200296 0.783500 0.001630
3 3 0.006070 0.005373 0.125213 0.862512 0.000832
3 2 0.007102 0.004586 0.115639 0.871929 0.000744
3 3 0.004596 0.004520 0.120598 0.869438 0.000849
3 3 0.002953 0.004864 0.129353 0.861012 0.001817
3 3 0.006227 0.004112 0.093516 0.895398 0.000747
3 3 0.005982 0.003081 0.100236 0.890218 0.000483
3 3 0.003965 0.001871 0.053679 0.940058 0.000427
3 3 0.006387 0.001934 0.043622 0.947453 0.000605
3 3 0.006669 0.002353 0.063359 0.927120 0.000499
3 3 0.005394 0.001596 0.042240 0.950372 0.000397
3 3 0.003890 0.002135 0.059617 0.933886 0.000472
3 3 0.003604 0.001315 0.038790 0.955830 0.000462
3 3 0.002105 0.000893 0.034753 0.961942 0.000307
3 3 0.006633 0.002506 0.051350 0.938874 0.000637
3 3 0.002656 0.001806 0.051942 0.942794 0.000803
3 3 0.009438 0.005861 0.093766 0.888657 0.002278
3 3 0.017827 0.006727 0.089567 0.883467 0.002411
3 3 0.008216 0.003241 0.056556 0.930509 0.001479
3 3 0.009063 0.006126 0.091757 0.888364 0.004691
3 3 0.002186 0.001875 0.054192 0.939923 0.001823
3 3 0.004183 0.001560 0.041417 0.952187 0.000653
3 3 0.007925 0.001166 0.028528 0.961996 0.000385
3 3 0.009379 0.002203 0.042050 0.945648 0.000720
3 3 0.003254 0.001320 0.039916 0.955014 0.000496
3 3 0.005403 0.001504 0.038051 0.954564 0.000477
3 3 0.004899 0.001763 0.043326 0.949367 0.000645
3 3 0.006507 0.002056 0.043587 0.946778 0.001071
3 3 0.011243 0.002362 0.041414 0.944029 0.000952
3 3 0.003912 0.001123 0.033092 0.961188 0.000685
3 3 0.003737 0.002347 0.056401 0.936511 0.001004
3 3 0.004631 0.002258 0.052648 0.939802 0.000662
3 3 0.007257 0.002645 0.049598 0.938789 0.001711
3 3 0.004755 0.002206 0.050823 0.941388 0.000827
3 3 0.005045 0.002721 0.056874 0.934033 0.001327
3 3 0.005190 0.002220 0.050321 0.941602 0.000667
3 3 0.006921 0.003129 0.057945 0.930715 0.001290
3 3 0.007591 0.001628 0.036513 0.953782 0.000486
3 3 0.005134 0.002304 0.050888 0.940690 0.000984
3 3 0.005468 0.001236 0.033359 0.959593 0.000344
3 3 0.004495 0.001812 0.044924 0.948007 0.000763
3 3 0.004626 0.001091 0.032197 0.961794 0.000291
3 3 0.002568 0.000854 0.031638 0.964608 0.000332
3 3 0.001127 0.000545 0.028838 0.969172 0.000318
3 3 0.011030 0.006087 0.085347 0.891029 0.006508
3 3 0.025507 0.008111 0.092905 0.869140 0.004336
3 3 0.010034 0.003499 0.057147 0.927303 0.002017
3 3 0.002565 0.001486 0.044599 0.950137 0.001213
3 3 0.009392 0.005902 0.092763 0.883866 0.008077
3 3 0.003681 0.002564 0.059951 0.932642 0.001162
3 3 0.007837 0.002069 0.042870 0.946414 0.000811
3 3 0.004162 0.001958 0.047638 0.945094 0.001149
3 3 0.004584 0.002604 0.056081 0.935121 0.001610
3 3 0.003618 0.001491 0.042717 0.951759 0.000414
3 3 0.006647 0.001422 0.034627 0.956889 0.000415
3 3 0.005525 0.001318 0.034476 0.958249 0.000432
3 3 0.009278 0.001844 0.044990 0.943383 0.000505
3 3 0.010146 0.002188 0.041896 0.945094 0.000677
2 1 0.105278 0.121977 0.610269 0.146663 0.015813
2 1 0.248779 0.172960 0.510152 0.043732 0.024377
1 1 0.221719 0.396933 0.328374 0.003510 0.049463
0 1 0.379028 0.327888 0.243309 0.002232 0.047542
0 1 0.434360 0.295872 0.215136 0.003100 0.051532
0 0 0.615450 0.236928 0.108175 0.000342 0.039105
1 1 0.184539 0.503607 0.159506 0.000130 0.152218
1 1 0.142232 0.534865 0.159965 0.000138 0.162800
2 2 0.062331 0.309875 0.587028 0.002211 0.038555
1 1 0.163164 0.447022 0.341414 0.000735 0.047666
0 0 0.704712 0.177828 0.031813 0.000072 0.085575
0 1 0.823274 0.125148 0.011794 0.000007 0.039777
0 0 0.955078 0.022436 0.002684 0.000030 0.019771
0 0 0.976102 0.011813 0.001711 0.000017 0.010357
0 0 0.973465 0.012611 0.001342 0.000012 0.012571
0 0 0.978288 0.010866 0.002378 0.000033 0.008434
0 0 0.975541 0.011170 0.001400 0.000020 0.011869
0 0 0.975200 0.011797 0.002288 0.000047 0.010669
0 0 0.984945 0.006847 0.000587 0.000003 0.007618
0 0 0.985622 0.006048 0.001043 0.000028 0.007258
0 0 0.986284 0.005581 0.000821 0.000021 0.007293
0 0 0.984340 0.007448 0.000498 0.000001 0.007713
0 0 0.957269 0.023321 0.001488 0.000003 0.017919
0 0 0.980528 0.009176 0.001678 0.000028 0.008591
0 0 0.989743 0.004276 0.000435 0.000004 0.005542
0 0 0.984367 0.006547 0.000595 0.000003 0.008488
0 0 0.986753 0.006284 0.000364 0.000001 0.006598
0 0 0.990071 0.004229 0.000370 0.000002 0.005328
0 0 0.987964 0.005656 0.000318 0.000000 0.006061
0 0 0.991466 0.003463 0.000349 0.000003 0.004719
0 0 0.987601 0.005436 0.000828 0.000012 0.006122
0 0 0.978820 0.010408 0.001842 0.000023 0.008907
0 0 0.973514 0.012780 0.001238 0.000008 0.012458
0 0 0.964459 0.018079 0.001604 0.000008 0.015850
0 0 0.991300 0.003543 0.000356 0.000003 0.004798
0 0 0.990051 0.003889 0.000543 0.000012 0.005504
0 0 0.979215 0.010001 0.002195 0.000041 0.008547
0 0 0.986288 0.006263 0.000481 0.000002 0.006967
0 0 0.947490 0.030407 0.002056 0.000003 0.020044
0 0 0.932531 0.037126 0.005941 0.000062 0.024340
0 0 0.943516 0.031559 0.002165 0.000005 0.022755
0 0 0.943510 0.032370 0.001828 0.000002 0.022290
0 0 0.923038 0.046278 0.002192 0.000002 0.028490
0 0 0.897927 0.059809 0.002794 0.000002 0.039469
0 0 0.546128 0.322761 0.017796 0.000002 0.113312
0 1 0.480212 0.338982 0.015912 0.000002 0.164891
1 1 0.237814 0.488946 0.037975 0.000001 0.235264
1 1 0.211848 0.499994 0.035910 0.000001 0.252247
1 1 0.396708 0.449135 0.040753 0.000007 0.113398
0 0 0.611890 0.278757 0.038588 0.000021 0.070745
0 0 0.989015 0.004504 0.000533 0.000007 0.005941
0 0 0.982759 0.007747 0.000803 0.000007 0.008685
1 1 0.286313 0.397007 0.022008 0.000001 0.294671
4 1 0.144427 0.357247 0.023906 0.000001 0.474420
1 1 0.085742 0.641287 0.076736 0.000000 0.196235
1 1 0.051026 0.625182 0.139121 0.000000 0.184671
1 1 0.024280 0.568263 0.257436 0.000002 0.150018
1 1 0.012008 0.528031 0.325105 0.000001 0.134854
1 1 0.026122 0.519073 0.378681 0.000009 0.076115
1 1 0.018214 0.499444 0.398556 0.000010 0.083777
2 2 0.019852 0.322231 0.619473 0.000427 0.038017
1 1 0.106497 0.497982 0.366958 0.000225 0.028338
0 1 0.819461 0.119307 0.011282 0.000020 0.049929
0 0 0.911582 0.053033 0.003767 0.000007 0.031611
0 0 0.519026 0.377169 0.052637 0.000011 0.051157
1 1 0.440779 0.449583 0.046730 0.000007 0.062901
1 1 0.312431 0.524882 0.105070 0.000040 0.057577
1 1 0.322215 0.533413 0.093283 0.000016 0.051073
1 1 0.363275 0.511744 0.072169 0.000009 0.052803
1 1 0.399783 0.487614 0.057698 0.000006 0.054898
1 1 0.152112 0.528477 0.287504 0.000146 0.031760
1 2 0.169008 0.546569 0.248907 0.000116 0.035401
1 2 0.191935 0.429342 0.346960 0.000521 0.031241
2 2 0.189516 0.378469 0.399653 0.001415 0.030947
2 2 0.173994 0.380494 0.423859 0.000424 0.021229
2 2 0.100972 0.373087 0.507961 0.000565 0.017415
0 1 0.458950 0.347429 0.147620 0.000291 0.045710
0 1 0.455130 0.380519 0.119954 0.000086 0.044311
1 1 0.400645 0.481185 0.069398 0.000007 0.048765
1 1 0.324760 0.508126 0.107781 0.000055 0.059278
1 1 0.213409 0.587153 0.157710 0.000019 0.041709
1 1 0.211162 0.588234 0.152724 0.000019 0.047860
2 2 0.028591 0.235327 0.729711 0.000596 0.005775
2 2 0.038711 0.281369 0.671183 0.000587 0.008151
0 1 0.455497 0.374236 0.126590 0.000103 0.043574
0 2 0.486680 0.341946 0.129202 0.000145 0.042028
1 1 0.382283 0.511559 0.049028 0.000001 0.057129
1 1 0.343732 0.495552 0.103427 0.000033 0.057256
1 1 0.271235 0.543266 0.141414 0.000034 0.044051
1 1 0.182616 0.542574 0.229533 0.000234 0.045043
2 2 0.033417 0.345632 0.608494 0.000293 0.012165
2 2 0.048012 0.393082 0.548209 0.000110 0.010585
2 2 0.034326 0.169430 0.787280 0.003245 0.005719
2 2 0.027407 0.211749 0.750407 0.003104 0.007333
2 2 0.189911 0.222179 0.575128 0.001342 0.011441
2 1 0.053859 0.334352 0.597694 0.000921 0.013174
1 1 0.236838 0.388884 0.340867 0.000872 0.032538
1 2 0.139257 0.470885 0.356966 0.000520 0.032372
2 2 0.004951 0.085282 0.907290 0.001353 0.001124
2 2 0.011400 0.135046 0.848643 0.002071 0.002840
2 2 0.017474 0.239803 0.733121 0.000467 0.009135
2 2 0.011309 0.201566 0.779877 0.000264 0.006984
0 2 0.476903 0.325873 0.164772 0.000143 0.032309
1 1 0.256542 0.444711 0.264083 0.000229 0.034434
1 1 0.282796 0.500316 0.174071 0.000086 0.042732
1 1 0.324520 0.409872 0.225492 0.000317 0.039799
0 1 0.451229 0.349210 0.163846 0.000153 0.035561
2 1 0.230614 0.303457 0.441735 0.001482 0.022713
0 2 0.463127 0.270529 0.239982 0.000448 0.025914
0 2 0.363978 0.293160 0.317287 0.000659 0.024915
2 2 0.143921 0.216136 0.625517 0.002552 0.011874
2 2 0.074134 0.212015 0.702547 0.002295 0.009009
2 2 0.097089 0.363494 0.518727 0.001069 0.019621
2 2 0.199476 0.337651 0.440017 0.000831 0.022026
2 2 0.277116 0.271672 0.431038 0.001054 0.019120
2 2 0.222871 0.178975 0.580328 0.004930 0.012895
2 2 0.143065 0.261276 0.580686 0.001340 0.013633
2 2 0.188765 0.248418 0.544699 0.002165 0.015953
2 2 0.057390 0.112523 0.814671 0.010365 0.005051
2 2 0.067486 0.177844 0.739935 0.005996 0.008739
2 2 0.065105 0.124605 0.790511 0.013342 0.006437
2 2 0.075417 0.078808 0.826236 0.015801 0.003738
2 2 0.229559 0.164358 0.580327 0.011298 0.014458
0 1 0.606948 0.126712 0.249862 0.001935 0.014542
1 1 0.227814 0.527272 0.207261 0.000083 0.037571
2 2 0.039082 0.347396 0.585525 0.000816 0.027181
2 2 0.003121 0.108881 0.879536 0.001303 0.007160
2 2 0.003603 0.126480 0.857791 0.000751 0.011376
2 1 0.123146 0.153532 0.708143 0.006664 0.008516
2 1 0.171019 0.376314 0.423963 0.001280 0.027424
1 1 0.104850 0.444239 0.428717 0.000329 0.021864
2 2 0.068332 0.371865 0.542943 0.000506 0.016353
2 2 0.046377 0.207682 0.737561 0.001488 0.006892
2 2 0.038760 0.222291 0.729763 0.001677 0.007508
2 2 0.067626 0.205425 0.715830 0.002635 0.008485
2 2 0.024999 0.148499 0.818687 0.003322 0.004492
2 2 0.028121 0.226105 0.737469 0.001498 0.006807
2 2 0.025315 0.128297 0.841066 0.002089 0.003233
2 2 0.046721 0.230685 0.710305 0.002778 0.009511
2 2 0.017016 0.132910 0.841297 0.003834 0.004942
2 2 0.049858 0.109702 0.823564 0.011973 0.004903
2 2 0.019643 0.092450 0.838643 0.044725 0.004539
2 2 0.091224 0.135388 0.744271 0.020187 0.008930
2 2 0.171920 0.245266 0.561060 0.004153 0.017601
2 2 0.056217 0.199668 0.710910 0.019549 0.013656
2 1 0.328396 0.182128 0.461514 0.008828 0.019134
2 1 0.008606 0.123534 0.863550 0.002024 0.002287
2 2 0.004240 0.100837 0.888608 0.002464 0.003850
2 2 0.004308 0.097932 0.892693 0.001794 0.003273
2 2 0.006961 0.133209 0.851513 0.002123 0.006194
2 2 0.033819 0.148029 0.801076 0.010618 0.006458
2 2 0.011161 0.094543 0.874485 0.016753 0.003059
2 2 0.052525 0.165789 0.774070 0.002110 0.005505
2 1 0.014465 0.159954 0.819532 0.002219 0.003830
2 1 0.266063 0.337914 0.366227 0.001179 0.028618
2 1 0.027348 0.165510 0.785438 0.013906 0.007798
2 1 0.009900 0.111145 0.857605 0.017685 0.003666
2 2 0.001590 0.039585 0.947505 0.010708 0.000611
2 2 0.003879 0.105143 0.886409 0.001115 0.003454
2 2 0.002130 0.083361 0.910003 0.000984 0.003522
2 2 0.002499 0.038274 0.947340 0.011291 0.000596
2 2 0.003767 0.060785 0.921876 0.012362 0.001210
2 2 0.004858 0.055881 0.924024 0.014041 0.001197
2 2 0.005147 0.055215 0.920479 0.017874 0.001285
2 2 0.015776 0.067125 0.848149 0.065801 0.003149
2 2 0.015163 0.048422 0.830000 0.104056 0.002359
2 2 0.005507 0.042907 0.923799 0.026740 0.001047
2 2 0.008122 0.070684 0.890983 0.027970 0.002241
2 2 0.009950 0.104562 0.879121 0.004035 0.002332
2 2 0.008954 0.084001 0.899677 0.005522 0.001846
2 2 0.027061 0.087091 0.868156 0.014469 0.003224
2 2 0.010397 0.059992 0.901264 0.026480 0.001866
2 2 0.015119 0.079356 0.830585 0.070921 0.004019
2 2 0.022308 0.061188 0.825201 0.087992 0.003311
2 2 0.005383 0.041365 0.870652 0.081204 0.001396
2 3 0.005078 0.037890 0.834753 0.120873 0.001405
2 2 0.024036 0.076101 0.830809 0.064988 0.004066
2 2 0.122370 0.105154 0.714846 0.048802 0.008827
2 1 0.200174 0.226753 0.532137 0.016273 0.024663
0 1 0.467177 0.239179 0.259531 0.002330 0.031782
0 1 0.442780 0.430746 0.079038 0.000016 0.047419
1 1 0.384450 0.464607 0.090078 0.000048 0.060817
1 1 0.340973 0.397187 0.220030 0.000417 0.041393
2 1 0.215271 0.351263 0.400502 0.001906 0.031058
2 2 0.090582 0.247357 0.644096 0.003965 0.014000
2 2 0.058629 0.225728 0.699481 0.004881 0.011281
2 2 0.099202 0.198053 0.691573 0.002345 0.008827
2 2 0.034197 0.212691 0.740033 0.004459 0.008620
2 2 0.026199 0.108077 0.835601 0.025081 0.005042
2 2 0.019225 0.064843 0.880520 0.032934 0.002477
2 2 0.007562 0.111387 0.874533 0.004202 0.002316
2 2 0.004215 0.100819 0.890741 0.001105 0.003120
2 2 0.009943 0.103172 0.879911 0.004621 0.002354
2 2 0.008412 0.104174 0.877723 0.007130 0.002561
2 2 0.104206 0.201551 0.677557 0.005292 0.011394
2 1 0.026895 0.212400 0.748446 0.004255 0.008004
2 2 0.012409 0.127408 0.834182 0.018803 0.007199
2 1 0.255462 0.317803 0.397843 0.001702 0.027189
2 2 0.123512 0.223334 0.635601 0.004155 0.013398
2 2 0.208253 0.301226 0.466921 0.001696 0.021903
2 2 0.049306 0.216738 0.719613 0.004403 0.009940
2 2 0.211586 0.245525 0.523845 0.002311 0.016733
0 1 0.464235 0.330535 0.155329 0.000582 0.049318
1 1 0.225268 0.525405 0.189325 0.000370 0.059633
2 2 0.010083 0.127659 0.857239 0.002389 0.002630
2 2 0.003835 0.063326 0.921176 0.010443 0.001220
2 2 0.007982 0.123217 0.862392 0.000978 0.005431
2 2 0.037216 0.258329 0.694584 0.001324 0.008547
2 2 0.056620 0.351878 0.565227 0.002137 0.024139
1 1 0.252356 0.389622 0.318466 0.001307 0.038249
1 1 0.192878 0.543109 0.187792 0.000225 0.075996
1 1 0.181207 0.549670 0.193698 0.000188 0.075238
1 1 0.163711 0.511064 0.279133 0.000623 0.045470
1 2 0.298886 0.456524 0.195345 0.000315 0.048931
1 1 0.160839 0.530373 0.264991 0.000395 0.043402
2 2 0.091264 0.418383 0.463935 0.001166 0.025252
2 1 0.070794 0.344241 0.571186 0.000601 0.013178
2 2 0.039504 0.294561 0.653412 0.001538 0.010985
2 2 0.061467 0.278699 0.648482 0.001027 0.010325
2 2 0.063932 0.390879 0.527190 0.000802 0.017197
2 2 0.046168 0.222905 0.718948 0.003041 0.008938
2 2 0.018084 0.181475 0.790912 0.003967 0.005562
2 2 0.098079 0.290408 0.589543 0.003774 0.018196
2 2 0.296550 0.322611 0.349755 0.001424 0.029660
1 0 0.284778 0.551990 0.074875 0.000005 0.088352
1 1 0.129218 0.568877 0.150721 0.000033 0.151151
2 2 0.016368 0.351016 0.609348 0.000061 0.023206
2 2 0.006720 0.218514 0.752786 0.000275 0.021706
2 2 0.004613 0.080088 0.911523 0.002583 0.001194
2 2 0.001471 0.058089 0.931984 0.005866 0.002590
2 2 0.010569 0.243984 0.719949 0.000265 0.025233
2 2 0.005694 0.152032 0.833727 0.000586 0.007960
2 2 0.005451 0.091114 0.899132 0.002813 0.001491
2 2 0.004624 0.097877 0.890824 0.003697 0.002978
2 2 0.001537 0.068924 0.925393 0.001225 0.002921
2 2 0.007249 0.122357 0.865946 0.001990 0.002458
2 2 0.008529 0.140336 0.844754 0.001649 0.004732
2 2 0.006467 0.153861 0.830141 0.000964 0.008567
1 4 0.073658 0.413565 0.369882 0.000535 0.142360
1 4 0.203359 0.418702 0.102937 0.000186 0.274816
4 4 0.054364 0.031638 0.002561 0.000002 0.911435
4 4 0.009971 0.005967 0.000837 0.000002 0.983224
4 4 0.008194 0.040755 0.004588 0.000001 0.946462
4 4 0.014958 0.080510 0.010457 0.000003 0.894073
4 4 0.017712 0.048196 0.015612 0.000059 0.918422
0 4 0.531396 0.179519 0.010296 0.000001 0.278788
4 4 0.039020 0.176763 0.009755 0.000000 0.774462
4 4 0.010269 0.048858 0.011829 0.000015 0.929029
4 4 0.049773 0.132496 0.010901 0.000004 0.806826
4 4 0.014369 0.067005 0.015802 0.000017 0.902806
1 4 0.161536 0.446726 0.028776 0.000000 0.362961
4 4 0.094433 0.369678 0.026248 0.000000 0.509641
1 4 0.235570 0.457721 0.029506 0.000001 0.277203
4 4 0.039327 0.327925 0.033501 0.000000 0.599247
4 4 0.024938 0.192447 0.026722 0.000005 0.755888
4 4 0.011013 0.167052 0.032732 0.000004 0.789199
4 4 0.017920 0.026882 0.005716 0.000011 0.949470
4 4 0.281388 0.243743 0.006456 0.000000 0.468412
4 4 0.045204 0.359103 0.064435 0.000006 0.531252
4 4 0.039058 0.344123 0.033659 0.000000 0.583160
4 4 0.068216 0.011635 0.002110 0.000014 0.918026
4 4 0.296069 0.063279 0.004013 0.000002 0.636637
4 4 0.135724 0.189951 0.004923 0.000000 0.669401
4 4 0.187457 0.215717 0.006478 0.000000 0.590348
4 4 0.045554 0.206638 0.013520 0.000000 0.734288
4 4 0.050941 0.236270 0.012756 0.000000 0.700033
1 4 0.141494 0.475649 0.028920 0.000000 0.353937
1 1 0.176858 0.436528 0.023354 0.000000 0.363260
1 1 0.156515 0.459056 0.017979 0.000000 0.366450
1 1 0.170991 0.412420 0.018814 0.000000 0.397775
0 0 0.405699 0.308965 0.015720 0.000003 0.269613
0 1 0.500797 0.304654 0.010254 0.000001 0.184294
0 0 0.881621 0.075265 0.009947 0.000028 0.033139
0 0 0.893317 0.065942 0.006597 0.000017 0.034128
1 1 0.357354 0.359787 0.014154 0.000000 0.268704
0 1 0.405606 0.359526 0.012537 0.000000 0.222331
1 1 0.241041 0.516000 0.053101 0.000003 0.189854
1 1 0.256150 0.515456 0.043353 0.000001 0.185039
1 1 0.282521 0.516343 0.046670 0.000002 0.154464
1 1 0.212559 0.533752 0.053318 0.000002 0.200370
1 1 0.196790 0.574816 0.062149 0.000001 0.166244
1 1 0.243886 0.555800 0.055554 0.000001 0.144758
1 1 0.169378 0.597831 0.085057 0.000002 0.147731
1 1 0.158859 0.599815 0.104085 0.000004 0.137237
1 1 0.172445 0.551403 0.092793 0.000011 0.183348
1 1 0.201409 0.574481 0.091112 0.000007 0.132991
1 1 0.066095 0.629578 0.161905 0.000002 0.142420
1 1 0.049840 0.626394 0.172693 0.000001 0.151072
1 1 0.306777 0.533415 0.044606 0.000001 0.115201
1 1 0.233581 0.541862 0.064041 0.000004 0.160512
1 1 0.291035 0.484928 0.047978 0.000006 0.176053
1 0 0.354856 0.472465 0.043318 0.000005 0.129355
1 1 0.088688 0.648028 0.105298 0.000000 0.157986
1 1 0.052486 0.619282 0.148183 0.000001 0.180049
1 1 0.097220 0.608926 0.141643 0.000004 0.152206
1 1 0.064137 0.619771 0.155955 0.000002 0.160135
1 1 0.044998 0.510537 0.360769 0.000118 0.083578
1 1 0.028408 0.466686 0.455912 0.000025 0.048969
2 2 0.003547 0.102277 0.888448 0.001981 0.003746
2 2 0.002400 0.096373 0.896778 0.000574 0.003875
2 2 0.000822 0.080431 0.913567 0.000346 0.004834
2 2 0.001056 0.080455 0.914556 0.000411 0.003522
2 2 0.001118 0.087333 0.906729 0.000201 0.004619
2 2 0.000757 0.072065 0.922425 0.000481 0.004272
2 2 0.002420 0.057017 0.935551 0.004279 0.000733
2 2 0.001598 0.045264 0.949871 0.002738 0.000529
2 2 0.001313 0.069500 0.923222 0.001737 0.004228
2 2 0.001510 0.081066 0.911485 0.001132 0.004807
2 2 0.003004 0.067525 0.921769 0.006019 0.001683
2 2 0.001087 0.045742 0.949338 0.002674 0.001160
2 2 0.001896 0.063043 0.929229 0.004061 0.001771
2 2 0.001323 0.074373 0.919479 0.001020 0.003805
2 2 0.003355 0.047540 0.914072 0.033872 0.001160
2 2 0.013284 0.047839 0.914995 0.022496 0.001386
0 0 0.504982 0.303439 0.146655 0.000471 0.044452
0 0 0.422088 0.320873 0.212678 0.001028 0.043332
1 1 0.180201 0.529091 0.240936 0.000441 0.049330
1 1 0.193535 0.470425 0.290997 0.000793 0.044249
2 1 0.055007 0.440217 0.489982 0.000094 0.014701
2 2 0.018438 0.219876 0.757065 0.000348 0.004273
2 2 0.030405 0.249640 0.711508 0.001091 0.007355
2 2 0.035313 0.235709 0.720847 0.001136 0.006995
0 1 0.419249 0.332379 0.199664 0.001091 0.047617
0 0 0.434593 0.366662 0.147392 0.000348 0.051004
1 1 0.073373 0.581154 0.288937 0.000026 0.056509
1 1 0.027247 0.501249 0.412011 0.000020 0.059474
2 2 0.000762 0.081887 0.912903 0.000153 0.004295
2 2 0.000846 0.076380 0.918871 0.000325 0.003579
2 2 0.001648 0.071036 0.923322 0.001459 0.002535
2 2 0.001504 0.087403 0.905656 0.000857 0.004580
2 2 0.002086 0.045626 0.940396 0.011196 0.000696
2 2 0.001287 0.036304 0.956270 0.005752 0.000387
2 2 0.004023 0.102093 0.887229 0.002111 0.004545
2 2 0.005309 0.090399 0.896350 0.005118 0.002823
2 2 0.004082 0.059298 0.895265 0.039715 0.001639
2 2 0.003455 0.055182 0.909105 0.030924 0.001334
2 2 0.003038 0.051603 0.932012 0.012407 0.000940
2 2 0.003563 0.055633 0.927352 0.012370 0.001082
2 2 0.005952 0.076134 0.902893 0.013157 0.001864
2 2 0.007414 0.085412 0.873219 0.031102 0.002853
2 2 0.009411 0.060910 0.900992 0.026824 0.001864
2 2 0.005197 0.058915 0.873127 0.060744 0.002016
2 2 0.004167 0.040087 0.814057 0.140146 0.001543
2 2 0.004019 0.022966 0.815181 0.157060 0.000774
2 2 0.003902 0.050372 0.871978 0.072140 0.001607
2 2 0.003100 0.040853 0.838659 0.116027 0.001361
2 2 0.006622 0.031967 0.694037 0.265678 0.001697
2 2 0.010121 0.022355 0.591018 0.375072 0.001434
2 2 0.003844 0.040665 0.761460 0.192254 0.001778
2 2 0.012236 0.049803 0.732800 0.202104 0.003057
2 2 0.021143 0.100543 0.710682 0.159424 0.008208
2 2 0.024622 0.054230 0.685624 0.231213 0.004312
2 2 0.008844 0.041916 0.607717 0.338481 0.003043
2 2 0.014531 0.043227 0.564140 0.374305 0.003798
3 2 0.013199 0.019853 0.357696 0.607075 0.002176
3 2 0.016177 0.022074 0.343888 0.615173 0.002688
3 2 0.015564 0.011479 0.168418 0.802442 0.002097
3 2 0.009069 0.007236 0.127250 0.855136 0.001309
3 2 0.008834 0.008011 0.126552 0.855118 0.001484
3 3 0.008105 0.006191 0.138034 0.846695 0.000975
3 2 0.014078 0.010773 0.142042 0.830925 0.002182
3 2 0.010303 0.010497 0.158297 0.819077 0.001825
3 2 0.012139 0.013643 0.149779 0.820850 0.003588
3 2 0.016902 0.011776 0.182114 0.787135 0.002073
3 2 0.006868 0.004616 0.090418 0.897191 0.000907
3 3 0.007417 0.003428 0.072106 0.916301 0.000748
3 3 0.018238 0.008665 0.105853 0.865039 0.002205
3 2 0.018732 0.010620 0.113972 0.852959 0.003717
3 3 0.005466 0.001830 0.050072 0.942216 0.000417
3 3 0.006403 0.003360 0.063492 0.925961 0.000784
3 3 0.024600 0.006539 0.105274 0.861964 0.001623
3 3 0.009579 0.005993 0.118514 0.864816 0.001097
3 3 0.032277 0.011552 0.126922 0.826176 0.003073
3 3 0.011135 0.005067 0.082497 0.900084 0.001217
3 3 0.011199 0.006425 0.089582 0.891248 0.001546
3 3 0.010842 0.007603 0.113759 0.865823 0.001973
3 3 0.011240 0.008265 0.113537 0.863548 0.003410
3 3 0.032182 0.014919 0.158225 0.791083 0.003591
3 3 0.009182 0.003055 0.053252 0.933662 0.000850
3 3 0.005730 0.002008 0.048952 0.942828 0.000483
3 3 0.006611 0.004150 0.086814 0.901614 0.000810
3 3 0.007095 0.003764 0.067499 0.920759 0.000882
3 3 0.010557 0.007239 0.105144 0.875409 0.001650
3 3 0.010377 0.006834 0.119718 0.861756 0.001315
3 3 0.010278 0.005092 0.081913 0.901504 0.001213
3 3 0.011685 0.004873 0.074082 0.908094 0.001266
3 3 0.007271 0.002338 0.047585 0.942177 0.000628
3 3 0.002950 0.002776 0.068825 0.924650 0.000798
3 3 0.009813 0.006387 0.095772 0.886404 0.001624
3 3 0.004327 0.004519 0.091493 0.897908 0.001752
3 3 0.004207 0.002393 0.057704 0.935192 0.000503
3 3 0.004671 0.003920 0.076672 0.913754 0.000983
3 3 0.010034 0.004221 0.064679 0.919939 0.001128
3 3 0.001863 0.001842 0.079630 0.916426 0.000239
3 3 0.004392 0.002437 0.061993 0.930687 0.000491
3 3 0.003275 0.003458 0.098958 0.893804 0.000506
3 3 0.006793 0.009043 0.150144 0.830956 0.003064
3 3 0.009010 0.008971 0.135547 0.844832 0.001640
3 3 0.002720 0.001268 0.042109 0.953642 0.000260
3 3 0.003936 0.000945 0.030599 0.964277 0.000244
3 3 0.003122 0.003496 0.088220 0.904605 0.000557
3 3 0.003868 0.002658 0.063030 0.929915 0.000530
3 3 0.002169 0.001450 0.057802 0.938346 0.000232
3 3 0.002869 0.001364 0.043581 0.951904 0.000281
3 3 0.003357 0.002299 0.064874 0.929052 0.000418
3 3 0.003014 0.001164 0.038439 0.957128 0.000255
3 3 0.002301 0.004393 0.125609 0.866389 0.001309
3 3 0.003355 0.006625 0.120054 0.867746 0.002221
3 3 0.003821 0.004421 0.089753 0.900518 0.001487
3 3 0.005210 0.004394 0.094516 0.895099 0.000780
3 3 0.003709 0.003027 0.067774 0.924442 0.001047
3 3 0.007992 0.004610 0.075215 0.911063 0.001119
3 3 0.004286 0.002300 0.054735 0.938060 0.000618
3 3 0.004254 0.002930 0.070598 0.921658 0.000560
3 3 0.005759 0.003524 0.070710 0.919256 0.000751
3 3 0.003499 0.005197 0.128483 0.862116 0.000705
3 3 0.008807 0.013891 0.205660 0.768111 0.003531
3 3 0.010533 0.010474 0.141764 0.835156 0.002073
3 3 0.003221 0.001207 0.038633 0.956669 0.000269
3 3 0.002704 0.001905 0.055458 0.939519 0.000414
3 3 0.003781 0.005856 0.109474 0.879190 0.001698
3 3 0.006446 0.004641 0.080927 0.906699 0.001287
3 3 0.008276 0.009184 0.158625 0.822442 0.001473
3 3 0.013590 0.007879 0.106900 0.869802 0.001829
3 3 0.010712 0.005101 0.090395 0.892663 0.001130
3 3 0.009267 0.004746 0.094762 0.889965 0.001260
3 3 0.056670 0.034763 0.292089 0.609425 0.007053
3 2 0.139199 0.059952 0.385307 0.403111 0.012430
2 1 0.282832 0.211245 0.456554 0.020709 0.028660
2 1 0.277202 0.241499 0.437801 0.012688 0.030810
0 1 0.443960 0.344731 0.153774 0.000802 0.056733
1 1 0.209599 0.514562 0.212915 0.000737 0.062187
2 1 0.171650 0.387545 0.393411 0.004769 0.042625
1 1 0.317935 0.340921 0.300823 0.001713 0.038608
1 1 0.187317 0.482575 0.276497 0.001239 0.052373
1 1 0.274285 0.462325 0.205951 0.000650 0.056790
2 2 0.055029 0.287070 0.640344 0.003219 0.014339
2 2 0.088102 0.265689 0.628953 0.002931 0.014326
1 0 0.299176 0.454732 0.193597 0.000396 0.052099
1 1 0.183464 0.502333 0.247205 0.000907 0.066091
2 2 0.009788 0.214185 0.756028 0.000522 0.019477
2 1 0.043647 0.314636 0.627900 0.001463 0.012354
2 1 0.008632 0.181085 0.794427 0.001087 0.014770
1 1 0.117500 0.497465 0.356650 0.000303 0.028081
1 1 0.118811 0.502354 0.349263 0.000321 0.029251
2 2 0.033723 0.382043 0.540931 0.000424 0.042879
1 1 0.170192 0.483590 0.298708 0.001013 0.046497
1 1 0.205099 0.436634 0.315799 0.001059 0.041410
2 1 0.047168 0.279260 0.655358 0.004053 0.014162
2 2 0.077317 0.359050 0.543423 0.001391 0.018818
2 2 0.070550 0.373450 0.536838 0.001065 0.018097
2 2 0.029697 0.248886 0.706833 0.002353 0.012232
2 2 0.040632 0.435928 0.478414 0.000139 0.044887
1 1 0.128805 0.530490 0.297260 0.000342 0.043104
2 1 0.032130 0.327789 0.626843 0.000350 0.012888
2 2 0.004293 0.196945 0.782329 0.000068 0.016365
1 1 0.218333 0.568340 0.102864 0.000014 0.110449
1 1 0.205154 0.560881 0.121605 0.000035 0.112325
1 1 0.224674 0.532152 0.149280 0.000186 0.093707
1 1 0.222278 0.509529 0.167904 0.000245 0.100045
1 1 0.265205 0.519301 0.057058 0.000005 0.158431
1 1 0.309968 0.523422 0.048985 0.000002 0.117623
1 1 0.299485 0.551290 0.066624 0.000003 0.082598
1 1 0.377030 0.513494 0.056898 0.000003 0.052576
1 1 0.114059 0.612837 0.151070 0.000007 0.122027
1 1 0.105144 0.606153 0.181622 0.000014 0.107066
1 1 0.174560 0.535275 0.217225 0.000384 0.072555
0 0 0.419077 0.398169 0.137383 0.000120 0.045251
1 1 0.181696 0.599033 0.128306 0.000011 0.090954
1 1 0.168363 0.598781 0.119350 0.000008 0.113497
1 1 0.060019 0.621207 0.156519 0.000001 0.162254
1 1 0.097313 0.632131 0.129843 0.000002 0.140711
1 1 0.081458 0.638065 0.145752 0.000001 0.134723
1 1 0.084667 0.639707 0.151813 0.000002 0.123811
1 1 0.297385 0.545807 0.087036 0.000011 0.069761
1 1 0.441314 0.470063 0.040716 0.000001 0.047904
1 0 0.266427 0.496632 0.051752 0.000006 0.185184
1 1 0.184602 0.480574 0.044036 0.000002 0.290786
1 1 0.073557 0.645528 0.065128 0.000000 0.215786
1 1 0.089475 0.628236 0.085202 0.000000 0.197086
1 1 0.144020 0.596363 0.074484 0.000001 0.185132
1 1 0.166679 0.588244 0.062682 0.000001 0.182394
1 1 0.319180 0.496982 0.039555 0.000001 0.144282
1 1 0.173812 0.528070 0.074267 0.000007 0.223844
1 1 0.085161 0.586842 0.107518 0.000002 0.220478
1 1 0.085848 0.631717 0.087369 0.000000 0.195066
1 1 0.212980 0.480345 0.053138 0.000007 0.253530
1 1 0.227035 0.488722 0.056303 0.000009 0.227931
1 1 0.252696 0.503728 0.064680 0.000013 0.178883
1 1 0.276540 0.519064 0.063337 0.000008 0.141052
1 0 0.421751 0.433637 0.050034 0.000009 0.094570
0 0 0.566656 0.330537 0.042751 0.000009 0.060048
0 0 0.452428 0.392300 0.023789 0.000003 0.131480
1 1 0.315207 0.440439 0.038319 0.000007 0.206029
0 1 0.578323 0.334500 0.025189 0.000003 0.061986
0 1 0.559735 0.361428 0.023605 0.000001 0.055231
0 1 0.616549 0.316818 0.019957 0.000001 0.046675
0 1 0.526069 0.392190 0.027455 0.000001 0.054285
1 1 0.410729 0.444719 0.029309 0.000001 0.115243
1 1 0.418975 0.436162 0.029658 0.000002 0.115204
1 1 0.438374 0.456339 0.042391 0.000004 0.062892
0 1 0.468483 0.445499 0.033887 0.000001 0.052129
0 1 0.526857 0.355182 0.072893 0.000024 0.045044
0 0 0.722234 0.206134 0.043362 0.000010 0.028260
0 0 0.596003 0.283640 0.019372 0.000002 0.100983
0 1 0.587349 0.286115 0.018753 0.000005 0.107779
1 1 0.355829 0.445555 0.031879 0.000002 0.166734
0 0 0.508011 0.342753 0.034964 0.000011 0.114261
0 0 0.887897 0.074874 0.011639 0.000017 0.025572
0 0 0.885265 0.074653 0.011052 0.000024 0.029007
0 0 0.963699 0.020300 0.003674 0.000022 0.012305
0 0 0.968241 0.015357 0.001702 0.000016 0.014683
0 0 0.959747 0.021177 0.003716 0.000043 0.015318
0 0 0.954839 0.022795 0.002572 0.000024 0.019770
0 0 0.987241 0.005567 0.000529 0.000004 0.006660
0 0 0.980528 0.009940 0.000499 0.000001 0.009033
0 0 0.926462 0.040865 0.003843 0.000018 0.028811
0 0 0.934627 0.039358 0.006395 0.000025 0.019594
0 0 0.975449 0.012275 0.000886 0.000003 0.011387
0 0 0.968958 0.015755 0.002691 0.000033 0.012563
0 0 0.883414 0.056041 0.002516 0.000001 0.058027
0 0 0.970106 0.015854 0.000903 0.000001 0.013137
0 0 0.875984 0.076794 0.016066 0.000089 0.031068
0 0 0.861536 0.088260 0.004592 0.000004 0.045608
0 0 0.982289 0.008054 0.000796 0.000006 0.008855
0 0 0.984809 0.006478 0.000810 0.000012 0.007891
0 0 0.987264 0.005678 0.000473 0.000002 0.006583
0 0 0.988793 0.004598 0.000551 0.000008 0.006050
0 0 0.975303 0.013206 0.002463 0.000017 0.009011
0 0 0.965035 0.017159 0.001879 0.000017 0.015910
0 0 0.948216 0.027514 0.002551 0.000013 0.021706
0 0 0.939597 0.034214 0.002246 0.000004 0.023939
0 0 0.587331 0.257643 0.018147 0.000010 0.136870
0 0 0.667724 0.208311 0.015327 0.000010 0.108628
0 0 0.970820 0.013595 0.001746 0.000026 0.013813
0 0 0.976130 0.010811 0.001392 0.000022 0.011645
0 0 0.960976 0.020029 0.001812 0.000009 0.017174
0 0 0.971430 0.014683 0.001685 0.000010 0.012193
0 0 0.948602 0.027922 0.004348 0.000039 0.019089
0 0 0.953080 0.025192 0.003176 0.000022 0.018530
0 0 0.982748 0.007799 0.000780 0.000006 0.008666
0 0 0.979394 0.009099 0.001200 0.000020 0.010287
0 0 0.988239 0.004959 0.000533 0.000005 0.006263
0 0 0.990028 0.004040 0.000470 0.000006 0.005456
0 0 0.990295 0.003728 0.000557 0.000015 0.005405
0 0 0.992344 0.002648 0.000532 0.000036 0.004440
0 0 0.981023 0.008585 0.001357 0.000024 0.009010
0 0 0.964359 0.018708 0.001328 0.000003 0.015602
0 0 0.955836 0.023210 0.001990 0.000009 0.018955
0 0 0.980780 0.010004 0.001408 0.000007 0.007800
0 0 0.989763 0.004306 0.000845 0.000021 0.005065
0 0 0.979724 0.009580 0.000843 0.000004 0.009849
0 0 0.962896 0.018663 0.001843 0.000012 0.016586
0 0 0.970977 0.013963 0.001485 0.000013 0.013562
0 0 0.943795 0.030645 0.002498 0.000009 0.023053
0 0 0.971458 0.013334 0.001812 0.000028 0.013368
0 0 0.973336 0.012468 0.001464 0.000017 0.012715
0 0 0.983415 0.006957 0.001015 0.000024 0.008589
0 0 0.988900 0.004463 0.000590 0.000011 0.006035
0 0 0.984630 0.006414 0.000907 0.000020 0.008029
0 0 0.984876 0.006488 0.000783 0.000011 0.007843
0 0 0.987571 0.004877 0.000795 0.000027 0.006730
0 0 0.967803 0.016009 0.002362 0.000029 0.013798
0 0 0.966713 0.017169 0.002566 0.000024 0.013528
0 0 0.961408 0.022945 0.004310 0.000014 0.011324
0 0 0.915067 0.047386 0.008817 0.000114 0.028616
0 0 0.982475 0.007859 0.000961 0.000011 0.008693
0 0 0.973299 0.012934 0.001889 0.000024 0.011854
0 0 0.979209 0.009855 0.000868 0.000005 0.010063
0 0 0.970266 0.014810 0.002673 0.000040 0.012212
0 0 0.964062 0.012900 0.001475 0.000014 0.021550
0 0 0.943784 0.028585 0.001389 0.000001 0.026241
0 0 0.988587 0.004998 0.000420 0.000002 0.005993
0 0 0.993440 0.002667 0.000208 0.000001 0.003683
0 0 0.992932 0.002559 0.000395 0.000013 0.004102
0 0 0.990980 0.003610 0.000411 0.000005 0.004994
0 0 0.986548 0.005627 0.001046 0.000031 0.006747
0 0 0.981439 0.008165 0.001013 0.000015 0.009369
0 0 0.969879 0.014986 0.003362 0.000065 0.011709
0 0 0.957162 0.021757 0.003163 0.000040 0.017877
0 0 0.882211 0.073062 0.006443 0.000014 0.038270
0 0 0.937205 0.037616 0.005019 0.000017 0.020144
0 0 0.973327 0.013007 0.001188 0.000007 0.012472
0 0 0.967743 0.016653 0.004032 0.000063 0.011509
0 0 0.975871 0.011047 0.001351 0.000018 0.011713
0 0 0.989199 0.004251 0.000613 0.000015 0.005922
0 0 0.991096 0.003436 0.000468 0.000010 0.004990
0 0 0.990233 0.004006 0.000428 0.000004 0.005329
0 0 0.984391 0.006628 0.000866 0.000015 0.008099
0 0 0.984951 0.006311 0.000856 0.000017 0.007866
0 0 0.961467 0.019620 0.001344 0.000003 0.017566
0 0 0.904459 0.038765 0.002842 0.000006 0.053929
0 0 0.900524 0.058894 0.005866 0.000022 0.034694
0 0 0.938418 0.033459 0.003890 0.000027 0.024206
0 0 0.940766 0.032105 0.003011 0.000015 0.024104
0 0 0.971597 0.014819 0.000907 0.000002 0.012676
0 0 0.987452 0.005685 0.000423 0.000001 0.006438
0 0 0.990320 0.004135 0.000347 0.000002 0.005196
0 0 0.942247 0.031484 0.002628 0.000010 0.023631
0 0 0.946131 0.029735 0.002141 0.000005 0.021988
0 0 0.853622 0.102081 0.013623 0.000012 0.030661
0 1 0.561870 0.326449 0.031537 0.000023 0.080121
1 1 0.316209 0.486649 0.058323 0.000015 0.138805
1 0 0.369374 0.453132 0.082145 0.000046 0.095303
0 0 0.918371 0.050150 0.007060 0.000023 0.024396
0 0 0.938750 0.037950 0.004623 0.000009 0.018668
0 0 0.967810 0.016855 0.002724 0.000024 0.012587
0 0 0.942629 0.032325 0.003733 0.000018 0.021295
0 0 0.968159 0.015714 0.001542 0.000010 0.014573
0 0 0.979872 0.009851 0.001893 0.000026 0.008358
0 0 0.954830 0.027163 0.003757 0.000009 0.014241
0 0 0.964926 0.019044 0.002321 0.000011 0.013699
1 1 0.349072 0.472925 0.044211 0.000005 0.133786
1 1 0.274728 0.496909 0.040266 0.000002 0.188095
1 1 0.218169 0.439754 0.040341 0.000005 0.301731
1 1 0.268092 0.434500 0.050934 0.000008 0.246465
0 1 0.718762 0.201782 0.025581 0.000026 0.053849
0 0 0.772139 0.168853 0.016268 0.000006 0.042734
0 1 0.563236 0.353192 0.027319 0.000003 0.056251
0 0 0.757925 0.180939 0.019106 0.000007 0.042024
0 0 0.983663 0.007821 0.000521 0.000001 0.007994
0 0 0.985419 0.006428 0.000645 0.000005 0.007503
0 0 0.990012 0.004230 0.000384 0.000002 0.005371
0 0 0.990221 0.004131 0.000374 0.000002 0.005272
0 0 0.988142 0.005200 0.000449 0.000002 0.006206
0 0 0.988270 0.005290 0.000380 0.000001 0.006058
0 0 0.988971 0.004600 0.000498 0.000005 0.005927
0 0 0.986090 0.006168 0.000575 0.000004 0.007164
0 0 0.991779 0.003337 0.000324 0.000003 0.004557
0 0 0.994480 0.002196 0.000165 0.000001 0.003159
0 0 0.990577 0.004181 0.000271 0.000001 0.004971
0 0 0.992135 0.003118 0.000332 0.000004 0.004412
0 0 0.987679 0.005126 0.000617 0.000009 0.006569
0 0 0.983412 0.007355 0.000797 0.000008 0.008429
0 0 0.929893 0.042254 0.004400 0.000011 0.023442
0 0 0.903879 0.056853 0.004005 0.000009 0.035255
0 0 0.886739 0.070576 0.025828 0.000058 0.016798
0 0 0.854352 0.087081 0.037854 0.000145 0.020568
0 0 0.970260 0.016204 0.003500 0.000027 0.010008
0 0 0.975515 0.011984 0.001391 0.000011 0.011099
0 0 0.992668 0.002774 0.000355 0.000007 0.004196
0 0 0.989849 0.004029 0.000530 0.000010 0.005583
0 0 0.965407 0.018853 0.004191 0.000038 0.011512
0 0 0.979067 0.010509 0.001784 0.000017 0.008622
0 0 0.989596 0.004523 0.000365 0.000002 0.005514
0 0 0.990721 0.003640 0.000472 0.000009 0.005158
0 0 0.983595 0.007345 0.000745 0.000006 0.008309
0 0 0.915023 0.048179 0.002330 0.000002 0.034467
0 0 0.992750 0.003045 0.000215 0.000001 0.003988
0 0 0.991443 0.003490 0.000342 0.000003 0.004722
0 0 0.988039 0.005036 0.000554 0.000006 0.006365
0 0 0.979932 0.009524 0.000808 0.000004 0.009732
0 0 0.975847 0.011738 0.001722 0.000020 0.010673
0 0 0.963348 0.019529 0.001295 0.000003 0.015826
0 0 0.956286 0.023135 0.001875 0.000007 0.018696
0 0 0.975874 0.011844 0.001175 0.000007 0.011100
0 0 0.986691 0.005638 0.000656 0.000008 0.007007
0 0 0.986030 0.006249 0.000554 0.000003 0.007163
0 0 0.970745 0.015456 0.002606 0.000021 0.011172
0 0 0.965825 0.017485 0.001445 0.000006 0.015239
0 0 0.942904 0.031088 0.003333 0.000019 0.022657
0 0 0.943232 0.030911 0.002564 0.000010 0.023283
0 0 0.977796 0.010213 0.001527 0.000025 0.010439
0 0 0.972296 0.013658 0.001202 0.000006 0.012839
0 0 0.983449 0.007590 0.001173 0.000017 0.007772
0 0 0.979312 0.009361 0.001083 0.000013 0.010232
0 0 0.976207 0.010831 0.001352 0.000019 0.011590
0 0 0.971953 0.013282 0.001589 0.000018 0.013158
0 0 0.943293 0.034800 0.006841 0.000021 0.015045
0 0 0.941642 0.033619 0.003150 0.000009 0.021580
0 0 0.975472 0.012153 0.000931 0.000003 0.011441
0 0 0.985174 0.006240 0.000820 0.000015 0.007751
0 0 0.968683 0.016453 0.001773 0.000008 0.013082
0 0 0.969039 0.016942 0.004043 0.000033 0.009943
0 0 0.969410 0.014892 0.001539 0.000012 0.014147
0 0 0.963622 0.019445 0.001251 0.000002 0.015680
0 0 0.603806 0.245847 0.012639 0.000005 0.137704
0 0 0.747085 0.169717 0.011495 0.000004 0.071699
