0 0 0.982714 0.012274 0.002442 0.001205 0.001365
0 0 0.976398 0.017117 0.003525 0.001687 0.001272
0 0 0.973860 0.017467 0.003675 0.001293 0.003704
0 0 0.955660 0.023808 0.005468 0.001542 0.013522
0 0 0.993165 0.004912 0.000808 0.000301 0.000815
0 0 0.974805 0.015110 0.003004 0.000656 0.006424
0 0 0.984770 0.010128 0.002122 0.001966 0.001013
0 0 0.980337 0.013027 0.002762 0.001610 0.002264
0 0 0.585003 0.154867 0.026150 0.000030 0.233951
4 0 0.147780 0.093967 0.017754 0.000007 0.740492
0 0 0.967759 0.017739 0.004546 0.005379 0.004576
0 0 0.968428 0.014663 0.003993 0.008309 0.004607
0 0 0.949718 0.028157 0.007130 0.003557 0.011439
0 0 0.983897 0.008906 0.002004 0.002138 0.003054
0 0 0.932103 0.029307 0.014687 0.011246 0.012657
0 0 0.967544 0.017074 0.004154 0.002804 0.008424
0 0 0.971916 0.016662 0.003541 0.001082 0.006798
0 0 0.991146 0.005584 0.001090 0.000984 0.001196
0 0 0.997038 0.001981 0.000325 0.000459 0.000197
0 0 0.995141 0.003566 0.000586 0.000510 0.000196
0 0 0.989935 0.006831 0.001322 0.001571 0.000340
0 0 0.976042 0.015114 0.003497 0.003427 0.001920
0 0 0.990638 0.007074 0.001227 0.000881 0.000180
0 0 0.986422 0.009387 0.002492 0.001428 0.000272
0 0 0.973247 0.020547 0.003581 0.000375 0.002250
0 0 0.978363 0.014743 0.002816 0.000618 0.003460
4 1 0.182864 0.166276 0.014886 0.000000 0.635974
4 0 0.232546 0.052980 0.008944 0.000005 0.705525
0 0 0.956416 0.030543 0.004667 0.000083 0.008291
0 0 0.980188 0.012690 0.002284 0.000346 0.004492
4 1 0.221893 0.175989 0.021660 0.000000 0.580458
4 1 0.074704 0.132999 0.012698 0.000000 0.779599
4 1 0.060776 0.221996 0.017974 0.000000 0.699254
4 1 0.013865 0.149960 0.014811 0.000000 0.821365
4 1 0.014445 0.179543 0.021764 0.000000 0.784248
4 1 0.050557 0.145416 0.012761 0.000000 0.791266
4 1 0.099106 0.134309 0.019428 0.000001 0.747157
4 1 0.190573 0.088518 0.020377 0.000048 0.700485
4 4 0.029550 0.098401 0.010702 0.000000 0.861347
4 4 0.031980 0.190236 0.023759 0.000000 0.754025
4 4 0.037716 0.113153 0.021613 0.000001 0.827517
4 4 0.055792 0.105347 0.019888 0.000002 0.818970
4 4 0.284647 0.262868 0.053178 0.000040 0.399267
4 4 0.390685 0.083458 0.019961 0.000188 0.505708
4 4 0.013947 0.076034 0.008979 0.000000 0.901040
4 4 0.038310 0.069470 0.011202 0.000000 0.881018
4 4 0.064538 0.099382 0.016403 0.000001 0.819677
4 4 0.028148 0.120220 0.018255 0.000000 0.833377
4 4 0.039170 0.148624 0.013031 0.000000 0.799176
4 4 0.006389 0.083952 0.012228 0.000000 0.897432
4 4 0.010747 0.127477 0.021690 0.000000 0.840086
4 4 0.044244 0.227351 0.038261 0.000001 0.690143
4 4 0.018337 0.255260 0.039701 0.000000 0.686701
4 4 0.015327 0.214913 0.027491 0.000000 0.742270
4 4 0.013952 0.147776 0.027569 0.000000 0.810703
4 4 0.019908 0.296863 0.038836 0.000000 0.644394
4 4 0.161713 0.038767 0.009718 0.000068 0.789734
4 4 0.089331 0.022518 0.005432 0.000021 0.882699
4 4 0.021430 0.256354 0.029303 0.000000 0.692913
4 4 0.023440 0.440648 0.041587 0.000000 0.494325
4 4 0.006675 0.326427 0.137220 0.000000 0.529677
4 4 0.011975 0.415969 0.079398 0.000000 0.492657
4 4 0.019655 0.365181 0.049543 0.000000 0.565621
4 4 0.008246 0.346336 0.131067 0.000000 0.514350
4 4 0.014066 0.039937 0.008023 0.000000 0.937974
4 4 0.014385 0.066740 0.012667 0.000000 0.906208
4 4 0.009419 0.103650 0.016064 0.000000 0.870867
4 4 0.041347 0.115753 0.015073 0.000000 0.827827
4 4 0.385504 0.052681 0.012894 0.000206 0.548715
0 4 0.499129 0.091087 0.023784 0.000586 0.385414
4 4 0.024126 0.227629 0.029407 0.000000 0.718837
4 1 0.023772 0.265847 0.034876 0.000000 0.675505
4 1 0.023155 0.163750 0.025298 0.000000 0.787797
4 1 0.015913 0.231222 0.027531 0.000000 0.725334
4 1 0.031131 0.081395 0.013439 0.000000 0.874034
4 1 0.028094 0.136656 0.023639 0.000000 0.811611
1 1 0.122586 0.469924 0.140404 0.000340 0.266746
0 0 0.296592 0.238189 0.294034 0.018318 0.152867
0 0 0.910195 0.027474 0.005087 0.000158 0.057086
0 0 0.960537 0.026429 0.005064 0.000497 0.007473
0 0 0.993185 0.005620 0.000513 0.000003 0.000678
0 0 0.999776 0.000136 0.000015 0.000033 0.000038
0 0 0.658150 0.243017 0.046582 0.000164 0.052086
0 0 0.937897 0.038440 0.006954 0.000239 0.016471
0 0 0.999968 0.000027 0.000001 0.000000 0.000003
0 0 0.996749 0.002679 0.000201 0.000001 0.000371
0 0 0.954405 0.028699 0.004971 0.000192 0.011733
0 0 0.722688 0.187099 0.032761 0.000090 0.057363
1 0 0.098822 0.457047 0.072949 0.000002 0.371180
1 0 0.204103 0.362437 0.081101 0.000061 0.352298
2 0 0.222917 0.143532 0.551104 0.022065 0.060381
0 0 0.604651 0.181327 0.169686 0.007288 0.037048
0 0 0.936261 0.042624 0.009724 0.001793 0.009597
0 0 0.888235 0.073953 0.014431 0.000368 0.023013
0 0 0.950616 0.034189 0.006805 0.000676 0.007714
0 0 0.847349 0.092034 0.020713 0.000884 0.039019
0 0 0.960888 0.025905 0.007651 0.001553 0.004002
0 0 0.981160 0.014097 0.002700 0.001034 0.001009
0 0 0.938525 0.037233 0.007238 0.000413 0.016591
0 0 0.896403 0.070504 0.012171 0.000147 0.020775
0 0 0.817233 0.037992 0.007947 0.000262 0.136566
0 0 0.726031 0.072717 0.018346 0.000939 0.181967
0 0 0.976221 0.016910 0.003484 0.001415 0.001970
0 0 0.979591 0.014874 0.002988 0.001456 0.001092
0 0 0.997313 0.002040 0.000298 0.000232 0.000117
0 0 0.996167 0.003072 0.000423 0.000124 0.000213
0 0 0.996435 0.002600 0.000319 0.000032 0.000615
0 0 0.992281 0.005522 0.000809 0.000105 0.001282
0 0 0.962784 0.026184 0.005309 0.000919 0.004804
0 0 0.963267 0.025942 0.005454 0.001302 0.004036
4 0 0.439851 0.105727 0.014170 0.000003 0.440250
4 1 0.303636 0.221681 0.020457 0.000000 0.454225
4 1 0.161814 0.233590 0.020636 0.000000 0.583960
4 1 0.155113 0.236223 0.017609 0.000000 0.591056
0 0 0.689621 0.084126 0.019693 0.000482 0.206078
0 0 0.812330 0.049583 0.011122 0.000478 0.126486
0 0 0.949808 0.025315 0.004647 0.000236 0.019995
0 0 0.962119 0.019089 0.003301 0.000161 0.015331
0 0 0.992951 0.005396 0.000892 0.000570 0.000192
0 0 0.984558 0.010883 0.002147 0.001143 0.001270
0 1 0.665831 0.077479 0.012297 0.000020 0.244372
4 4 0.251683 0.137220 0.026078 0.000017 0.585002
4 4 0.040506 0.154946 0.015667 0.000000 0.788881
4 4 0.098715 0.277336 0.049850 0.000003 0.574095
0 0 0.975302 0.016368 0.002845 0.000257 0.005228
0 0 0.957319 0.023725 0.004753 0.000538 0.013665
0 0 0.762423 0.143492 0.079770 0.003080 0.011235
0 0 0.867002 0.081097 0.037380 0.003351 0.011171
0 0 0.976039 0.013786 0.002206 0.000113 0.007856
0 0 0.987324 0.009285 0.001427 0.000142 0.001823
0 0 0.996235 0.002943 0.000433 0.000235 0.000153
0 0 0.998065 0.001524 0.000202 0.000175 0.000035
0 0 0.989955 0.006331 0.000791 0.000023 0.002900
0 0 0.984527 0.010723 0.001456 0.000044 0.003250
0 0 0.936862 0.021183 0.002362 0.000004 0.039590
0 4 0.431033 0.315403 0.021346 0.000000 0.232218
4 4 0.147733 0.042338 0.006076 0.000001 0.803853
4 4 0.029199 0.077645 0.010112 0.000000 0.883044
4 4 0.010027 0.307135 0.055210 0.000000 0.627627
1 4 0.016153 0.606334 0.119043 0.000001 0.258469
1 4 0.013642 0.523244 0.189988 0.000013 0.273113
1 2 0.014981 0.482810 0.290408 0.000028 0.211772
1 2 0.008376 0.447932 0.341286 0.000014 0.202392
1 2 0.024234 0.605201 0.227697 0.000021 0.142847
1 2 0.013142 0.458597 0.261686 0.000003 0.266573
1 2 0.011422 0.521346 0.291892 0.000002 0.175339
2 2 0.002225 0.156269 0.788514 0.000149 0.052844
2 2 0.007175 0.283193 0.652553 0.000264 0.056814
2 2 0.005170 0.397700 0.467564 0.000015 0.129550
2 2 0.006240 0.309354 0.538425 0.000008 0.145974
2 2 0.010735 0.268801 0.576664 0.000923 0.142878
2 2 0.048087 0.286159 0.573590 0.011713 0.080451
4 2 0.064004 0.259650 0.095196 0.000059 0.581091
4 2 0.025160 0.341864 0.290229 0.000086 0.342662
2 2 0.006886 0.106583 0.789849 0.002540 0.094141
2 2 0.018794 0.283982 0.601242 0.005631 0.090351
2 2 0.002864 0.155060 0.795599 0.000318 0.046159
2 2 0.021259 0.204833 0.718951 0.001797 0.053160
2 2 0.003657 0.119153 0.795856 0.001124 0.080210
2 2 0.007914 0.150063 0.773799 0.000693 0.067531
1 1 0.134693 0.423307 0.305305 0.002551 0.134144
1 1 0.032334 0.468749 0.216131 0.000117 0.282669
2 2 0.015291 0.242475 0.551984 0.000400 0.189850
1 1 0.029308 0.433066 0.379693 0.000567 0.157365
2 2 0.001548 0.112191 0.877665 0.000751 0.007845
2 2 0.001540 0.084385 0.886885 0.000256 0.026933
2 2 0.000521 0.014330 0.956722 0.007040 0.021387
2 2 0.006975 0.080010 0.861363 0.043892 0.007761
2 2 0.008446 0.184090 0.721895 0.016436 0.069132
2 2 0.008575 0.266226 0.659406 0.002608 0.063185
0 1 0.448164 0.344891 0.074781 0.000195 0.131970
0 1 0.578017 0.254005 0.044635 0.000053 0.123290
1 4 0.378377 0.383942 0.121878 0.003322 0.112480
0 0 0.504119 0.350620 0.090770 0.001275 0.053216
0 0 0.520063 0.352836 0.108136 0.009289 0.009677
0 0 0.936183 0.041713 0.010856 0.009576 0.001671
0 0 0.725035 0.191111 0.056270 0.007898 0.019686
0 0 0.526803 0.333601 0.106913 0.009803 0.022880
0 0 0.945577 0.036530 0.009160 0.005904 0.002829
0 0 0.975982 0.016066 0.003578 0.002789 0.001584
0 0 0.843757 0.070774 0.037357 0.042178 0.005934
0 0 0.892340 0.063846 0.024378 0.009619 0.009818
0 1 0.429060 0.299350 0.044599 0.000008 0.226983
1 1 0.313046 0.369966 0.044955 0.000001 0.272032
4 1 0.206968 0.350757 0.049392 0.000002 0.392881
4 1 0.049429 0.241847 0.024794 0.000000 0.683930
4 1 0.139657 0.348135 0.026121 0.000000 0.486086
4 1 0.064656 0.397338 0.033020 0.000000 0.504986
4 1 0.017293 0.421472 0.062323 0.000000 0.498911
4 1 0.030787 0.294361 0.050679 0.000000 0.624173
1 2 0.013609 0.554913 0.233914 0.000001 0.197563
1 2 0.019771 0.500586 0.156456 0.000004 0.323183
1 2 0.023590 0.462207 0.155199 0.000005 0.358999
1 2 0.026617 0.443309 0.129623 0.000003 0.400448
2 2 0.010169 0.412078 0.489849 0.000032 0.087871
2 2 0.003412 0.292221 0.641306 0.000022 0.063039
2 2 0.010542 0.386680 0.489484 0.000046 0.113248
2 2 0.005311 0.352476 0.496308 0.000006 0.145899
2 2 0.007466 0.369251 0.552562 0.000020 0.070700
2 2 0.009894 0.384828 0.495457 0.000072 0.109749
2 2 0.004004 0.229045 0.659817 0.001886 0.105249
2 2 0.013853 0.274342 0.649696 0.001963 0.060146
2 2 0.008557 0.383502 0.457074 0.000058 0.150809
2 2 0.017009 0.409135 0.453172 0.000082 0.120601
1 2 0.026381 0.465784 0.258099 0.000032 0.249703
1 1 0.065526 0.447111 0.171482 0.000086 0.315795
2 2 0.000531 0.050242 0.942123 0.001109 0.005995
2 2 0.000430 0.054189 0.936508 0.002017 0.006857
2 2 0.000651 0.046720 0.943995 0.000863 0.007770
2 2 0.001080 0.053642 0.925124 0.001708 0.018445
2 2 0.000368 0.011534 0.977339 0.003045 0.007714
2 2 0.003042 0.043562 0.934629 0.014856 0.003911
2 2 0.000075 0.010430 0.974835 0.008959 0.005701
2 2 0.001591 0.043226 0.924476 0.025737 0.004970
2 2 0.001368 0.026504 0.919839 0.018048 0.034242
2 2 0.010533 0.124433 0.746213 0.108622 0.010198
2 2 0.001294 0.053021 0.937579 0.001628 0.006477
2 2 0.000901 0.029795 0.957595 0.006183 0.005526
2 2 0.001696 0.015258 0.946786 0.035491 0.000770
2 2 0.000756 0.009727 0.944754 0.044352 0.000411
2 2 0.001076 0.016930 0.864650 0.116332 0.001013
2 3 0.001965 0.018341 0.615990 0.361282 0.002422
2 3 0.003443 0.027091 0.683621 0.284046 0.001800
2 2 0.000776 0.013152 0.868186 0.117022 0.000864
3 2 0.005047 0.015489 0.312677 0.664863 0.001924
3 3 0.000437 0.004901 0.380030 0.614265 0.000367
3 3 0.000518 0.005748 0.473946 0.519338 0.000449
3 3 0.001611 0.004637 0.193783 0.799785 0.000184
3 3 0.003958 0.007511 0.218039 0.770347 0.000143
3 3 0.000678 0.001479 0.105910 0.891908 0.000025
3 3 0.001791 0.006328 0.212265 0.779206 0.000409
3 3 0.000339 0.003081 0.249497 0.746790 0.000292
3 3 0.005881 0.007347 0.085108 0.901309 0.000354
3 3 0.004488 0.003690 0.051554 0.940135 0.000134
3 3 0.002830 0.004588 0.078180 0.914135 0.000267
3 3 0.010105 0.010250 0.074627 0.904757 0.000261
2 2 0.002475 0.033489 0.739283 0.223325 0.001429
3 3 0.001500 0.007006 0.292175 0.698919 0.000400
2 3 0.001827 0.012559 0.638837 0.346182 0.000594
2 3 0.004757 0.031115 0.625553 0.336633 0.001942
3 3 0.000892 0.008819 0.347751 0.641816 0.000723
3 3 0.000275 0.002766 0.273448 0.723404 0.000107
3 3 0.004647 0.010797 0.225981 0.758208 0.000367
3 3 0.004215 0.006737 0.122088 0.866764 0.000195
3 3 0.006408 0.009138 0.072913 0.910436 0.001105
3 3 0.008005 0.009351 0.084641 0.897261 0.000742
3 3 0.009303 0.007019 0.056680 0.926697 0.000301
3 3 0.002286 0.003696 0.069735 0.924085 0.000198
3 3 0.006990 0.008604 0.081230 0.902759 0.000417
3 3 0.001268 0.002446 0.065329 0.930791 0.000166
3 3 0.000450 0.000624 0.043237 0.955680 0.000008
3 3 0.005524 0.005587 0.045438 0.943035 0.000416
3 3 0.004410 0.003252 0.027419 0.964674 0.000244
3 3 0.006753 0.003062 0.020255 0.969782 0.000147
3 3 0.031450 0.081502 0.271661 0.599514 0.015873
3 2 0.069224 0.195099 0.353205 0.364469 0.018003
2 1 0.008961 0.154207 0.775695 0.002156 0.058982
2 2 0.009718 0.260564 0.669964 0.001022 0.058731
2 2 0.071429 0.274786 0.392206 0.003163 0.258416
1 1 0.101172 0.546852 0.234849 0.006425 0.110703
0 1 0.510970 0.325773 0.093420 0.002657 0.067181
0 0 0.514726 0.333792 0.104434 0.006391 0.040656
1 1 0.154869 0.485529 0.086955 0.000008 0.272638
4 1 0.092341 0.356635 0.063550 0.000003 0.487471
4 1 0.046743 0.422842 0.088743 0.000005 0.441667
1 1 0.183896 0.537251 0.094630 0.000011 0.184212
0 1 0.546658 0.274506 0.072397 0.001268 0.105170
0 1 0.453492 0.347629 0.083187 0.000451 0.115240
4 1 0.026121 0.343487 0.034507 0.000000 0.595885
4 1 0.026384 0.343996 0.035533 0.000000 0.594087
4 1 0.340088 0.217058 0.021588 0.000000 0.421265
0 1 0.359728 0.312128 0.025964 0.000000 0.302180
4 1 0.379835 0.202685 0.037370 0.000028 0.380082
0 0 0.882821 0.041905 0.006652 0.000046 0.068576
0 0 0.450062 0.288629 0.058756 0.000100 0.202453
0 0 0.386290 0.251863 0.046606 0.000032 0.315210
4 1 0.053471 0.395258 0.043661 0.000000 0.507610
1 1 0.040071 0.471052 0.060293 0.000000 0.428585
1 1 0.023739 0.473182 0.066007 0.000000 0.437072
4 1 0.018053 0.433803 0.052305 0.000000 0.495839
4 1 0.022029 0.451295 0.044684 0.000000 0.481991
4 1 0.035422 0.459245 0.038120 0.000000 0.467213
4 1 0.034142 0.453474 0.049036 0.000000 0.463348
4 1 0.018948 0.332757 0.033377 0.000000 0.614917
4 1 0.011709 0.123229 0.020777 0.000000 0.844285
4 4 0.048929 0.127370 0.031995 0.000015 0.791692
4 4 0.022265 0.312989 0.026356 0.000000 0.638390
4 4 0.018880 0.309638 0.042920 0.000000 0.628563
4 4 0.029649 0.087770 0.011642 0.000000 0.870940
4 4 0.040485 0.080872 0.016530 0.000002 0.862110
4 4 0.010772 0.345390 0.052945 0.000000 0.590892
4 4 0.032191 0.426315 0.043735 0.000000 0.497760
4 4 0.020659 0.131557 0.014846 0.000000 0.832938
4 4 0.021628 0.134992 0.012125 0.000000 0.831255
4 4 0.043899 0.151796 0.018708 0.000000 0.785597
4 4 0.023001 0.147074 0.034355 0.000003 0.795567
1 4 0.094677 0.462670 0.056503 0.000000 0.386150
4 4 0.078579 0.430546 0.056051 0.000000 0.434824
4 4 0.021280 0.279335 0.029991 0.000000 0.669394
4 4 0.040591 0.292586 0.025551 0.000000 0.641272
4 4 0.077997 0.167056 0.021264 0.000000 0.733683
4 4 0.086640 0.392687 0.082323 0.000011 0.438340
0 4 0.573645 0.078981 0.026555 0.005163 0.315656
4 4 0.276782 0.057983 0.024021 0.007447 0.633766
4 4 0.053503 0.208711 0.032070 0.000000 0.705716
4 4 0.026383 0.192138 0.026709 0.000000 0.754770
4 4 0.074689 0.048835 0.010976 0.000010 0.865490
4 4 0.021164 0.050499 0.006462 0.000000 0.921875
4 4 0.016882 0.153683 0.019901 0.000000 0.809534
4 4 0.044236 0.186751 0.028455 0.000000 0.740557
0 0 0.835845 0.042547 0.007885 0.000116 0.113607
0 0 0.831265 0.059529 0.012270 0.000294 0.096641
0 0 0.976127 0.016301 0.003077 0.000543 0.003953
0 0 0.990912 0.006321 0.001033 0.000232 0.001501
0 0 0.992053 0.005685 0.001026 0.000905 0.000331
0 0 0.984983 0.011354 0.002109 0.001065 0.000489
0 0 0.722227 0.118994 0.013809 0.000002 0.144968
0 0 0.777350 0.081007 0.010053 0.000005 0.131585
1 1 0.111983 0.482777 0.027548 0.000000 0.377692
4 1 0.074189 0.361220 0.029419 0.000000 0.535172
4 0 0.087001 0.240891 0.023412 0.000000 0.648696
4 1 0.025231 0.372935 0.033348 0.000000 0.568486
1 1 0.029115 0.544275 0.109747 0.000002 0.316860
1 2 0.020520 0.504557 0.098400 0.000001 0.376521
1 2 0.007290 0.423494 0.336774 0.000007 0.232435
2 2 0.005263 0.393764 0.423790 0.000010 0.177173
2 2 0.000462 0.096327 0.892513 0.000133 0.010565
2 2 0.000809 0.096450 0.857270 0.000166 0.045304
2 2 0.003162 0.395652 0.515433 0.000004 0.085749
2 2 0.002072 0.179179 0.687681 0.000005 0.131062
2 2 0.000652 0.104894 0.877097 0.000072 0.017285
2 2 0.001127 0.138487 0.829243 0.000220 0.030924
2 2 0.000738 0.205627 0.773125 0.000233 0.020277
2 2 0.002095 0.124413 0.810354 0.000117 0.063022
2 2 0.000173 0.048902 0.935451 0.000043 0.015431
2 2 0.000189 0.047188 0.939845 0.000033 0.012745
2 2 0.000235 0.072529 0.910267 0.000035 0.016934
2 2 0.000268 0.065608 0.904626 0.000048 0.029449
2 2 0.000536 0.066166 0.884838 0.000080 0.048380
2 2 0.000500 0.044194 0.931183 0.000160 0.023964
1 0 0.365928 0.385199 0.135178 0.007134 0.106562
1 1 0.095157 0.489219 0.168196 0.000767 0.246661
2 2 0.001232 0.129014 0.828691 0.000079 0.040984
2 2 0.003632 0.225865 0.734928 0.000057 0.035518
2 2 0.004161 0.231298 0.696220 0.000124 0.068197
2 2 0.003107 0.163630 0.743955 0.000202 0.089106
2 2 0.001542 0.123364 0.857263 0.000243 0.017588
2 2 0.000992 0.085109 0.897476 0.000172 0.016252
2 2 0.003883 0.230231 0.681576 0.000175 0.084135
2 2 0.002532 0.198303 0.753452 0.000106 0.045606
2 2 0.000907 0.043143 0.942503 0.000450 0.012997
2 2 0.001772 0.107058 0.869932 0.000208 0.021031
1 1 0.113556 0.466737 0.333698 0.001385 0.084624
1 2 0.073392 0.444009 0.390029 0.000674 0.091897
2 1 0.002541 0.141532 0.762876 0.018374 0.074676
2 2 0.000346 0.034329 0.925117 0.002629 0.037580
2 2 0.001227 0.107917 0.873211 0.000467 0.017178
2 2 0.000427 0.068001 0.916468 0.000327 0.014777
2 2 0.000368 0.027711 0.961031 0.003750 0.007140
2 2 0.000164 0.022674 0.963686 0.001520 0.011956
2 2 0.000208 0.033352 0.962470 0.000224 0.003745
2 2 0.000282 0.019313 0.978257 0.000513 0.001635
2 2 0.000080 0.036777 0.928816 0.003074 0.031252
2 2 0.002052 0.165034 0.792083 0.007037 0.033794
2 2 0.000131 0.026614 0.965998 0.001956 0.005300
2 2 0.000067 0.020356 0.968950 0.003618 0.007008
2 1 0.005887 0.071716 0.901550 0.011281 0.009565
2 2 0.001654 0.061871 0.918765 0.001280 0.016431
2 2 0.000240 0.023031 0.954680 0.004495 0.017554
2 2 0.001131 0.100858 0.880586 0.004644 0.012781
2 0 0.070579 0.339905 0.532944 0.005699 0.050871
1 1 0.038671 0.490741 0.383953 0.000793 0.085842
2 2 0.000751 0.038813 0.936589 0.000966 0.022882
2 2 0.001854 0.124563 0.857049 0.001142 0.015392
2 2 0.006981 0.269372 0.671417 0.000100 0.052130
2 2 0.002009 0.095006 0.822674 0.000059 0.080253
2 2 0.002783 0.063967 0.923573 0.002861 0.006817
2 2 0.000298 0.023259 0.963811 0.000386 0.012245
2 2 0.001126 0.086588 0.882446 0.000169 0.029672
2 2 0.001299 0.069925 0.910403 0.000167 0.018205
2 2 0.027302 0.229253 0.649828 0.003384 0.090233
2 1 0.027160 0.327171 0.579646 0.004855 0.061168
2 2 0.007001 0.140570 0.810071 0.012259 0.030099
2 2 0.002528 0.066130 0.874711 0.002708 0.053923
1 1 0.368460 0.419678 0.116044 0.001158 0.094660
1 1 0.298510 0.443459 0.092847 0.000081 0.165103
2 2 0.003891 0.124506 0.845903 0.009071 0.016629
2 2 0.000690 0.041148 0.934335 0.005166 0.018661
2 2 0.004472 0.131199 0.819307 0.000299 0.044722
2 1 0.003014 0.209434 0.758828 0.000410 0.028315
0 0 0.748298 0.195537 0.047037 0.002496 0.006633
0 0 0.816431 0.143423 0.033657 0.002815 0.003674
1 0 0.284771 0.475604 0.092997 0.000046 0.146582
1 1 0.133518 0.561256 0.119009 0.000030 0.186187
1 1 0.038151 0.605454 0.129427 0.000006 0.226963
1 1 0.025288 0.668440 0.137940 0.000002 0.168329
4 1 0.033206 0.415056 0.103043 0.000011 0.448685
1 1 0.024552 0.459861 0.104137 0.000004 0.411446
4 1 0.064009 0.310257 0.104849 0.000281 0.520604
1 2 0.024394 0.574259 0.213714 0.000262 0.187372
2 2 0.000237 0.069064 0.925907 0.000136 0.004656
2 2 0.000047 0.018437 0.980188 0.000139 0.001188
2 1 0.005703 0.429272 0.502569 0.000120 0.062336
2 2 0.007540 0.305331 0.617382 0.000196 0.069551
2 2 0.000585 0.027771 0.963136 0.001190 0.007318
2 2 0.000586 0.037120 0.954483 0.001082 0.006728
2 2 0.000166 0.030846 0.965298 0.000674 0.003016
2 2 0.000077 0.015216 0.977267 0.001606 0.005834
2 2 0.000146 0.031252 0.955608 0.001243 0.011750
2 2 0.000255 0.031383 0.955242 0.000644 0.012476
2 2 0.000545 0.055325 0.929539 0.004585 0.010005
2 2 0.000267 0.059298 0.918783 0.001245 0.020407
2 2 0.000205 0.021730 0.967020 0.004855 0.006189
2 2 0.000196 0.023440 0.962771 0.009979 0.003614
2 2 0.000274 0.043169 0.943420 0.009109 0.004028
2 2 0.000092 0.027070 0.963655 0.006303 0.002880
2 2 0.000037 0.004189 0.964429 0.028803 0.002542
2 2 0.000545 0.036080 0.925808 0.033454 0.004112
2 2 0.000163 0.041120 0.942974 0.007974 0.007770
2 2 0.000448 0.047409 0.924471 0.018308 0.009364
2 2 0.000718 0.024604 0.952464 0.017237 0.004977
2 2 0.002186 0.051593 0.919519 0.020783 0.005919
2 2 0.000367 0.020678 0.970975 0.005674 0.002306
2 2 0.000576 0.026426 0.964362 0.004538 0.004099
2 2 0.000167 0.011631 0.981503 0.005467 0.001232
2 2 0.000619 0.024924 0.966821 0.004704 0.002932
2 2 0.000980 0.038573 0.940674 0.015553 0.004219
2 2 0.000415 0.015963 0.975312 0.005840 0.002470
2 2 0.000053 0.026792 0.955449 0.007568 0.010139
2 2 0.000173 0.049864 0.931623 0.005608 0.012732
2 2 0.000432 0.023871 0.948285 0.022549 0.004863
2 2 0.000998 0.054024 0.921136 0.019068 0.004773
2 2 0.000056 0.003993 0.955377 0.039793 0.000781
2 2 0.000255 0.008671 0.956633 0.033983 0.000458
2 2 0.000466 0.012648 0.933937 0.051419 0.001530
2 2 0.000137 0.012278 0.947454 0.035072 0.005059
2 2 0.000889 0.021454 0.923152 0.050430 0.004074
2 2 0.000335 0.025569 0.900359 0.066881 0.006856
2 2 0.000715 0.027382 0.877057 0.087228 0.007618
2 2 0.002659 0.056144 0.872889 0.061898 0.006410
2 2 0.000980 0.010069 0.960483 0.027951 0.000518
2 3 0.001732 0.018499 0.936175 0.042952 0.000643
2 2 0.000838 0.081452 0.890690 0.001273 0.025746
2 2 0.000180 0.071771 0.913378 0.000993 0.013678
2 2 0.001927 0.018519 0.951524 0.021427 0.006602
2 2 0.013353 0.059019 0.876970 0.045419 0.005240
1 0 0.273998 0.490670 0.180593 0.002587 0.052152
1 1 0.079299 0.449174 0.349757 0.001612 0.120158
2 2 0.002514 0.228338 0.695851 0.000073 0.073224
2 1 0.003153 0.205944 0.756027 0.000069 0.034807
2 2 0.004369 0.108775 0.867060 0.003156 0.016639
2 2 0.002550 0.135076 0.848492 0.003171 0.010712
4 2 0.072974 0.318583 0.102328 0.000031 0.506085
1 1 0.228494 0.486405 0.139836 0.000724 0.144541
1 1 0.033706 0.524413 0.150460 0.000043 0.291377
1 1 0.016691 0.423542 0.278090 0.000012 0.281665
2 2 0.032256 0.401579 0.430294 0.000164 0.135706
1 1 0.063003 0.493830 0.319212 0.000714 0.123241
1 1 0.033707 0.581751 0.084123 0.000000 0.300419
1 1 0.015453 0.534809 0.082923 0.000000 0.366815
2 2 0.001705 0.106206 0.885555 0.000441 0.006093
2 2 0.001540 0.102144 0.886913 0.000308 0.009096
2 2 0.005637 0.230540 0.694071 0.000015 0.069736
2 1 0.004436 0.304960 0.669116 0.000052 0.021436
2 2 0.002519 0.272284 0.694596 0.000030 0.030571
2 2 0.002763 0.350986 0.609663 0.000025 0.036563
2 2 0.008615 0.387859 0.460730 0.000022 0.142774
2 2 0.006908 0.353122 0.453743 0.000050 0.186177
2 2 0.007409 0.316409 0.616241 0.000148 0.059793
2 2 0.002643 0.361687 0.596232 0.000129 0.039309
2 2 0.001128 0.119572 0.854443 0.000011 0.024846
2 2 0.001114 0.193511 0.778573 0.000017 0.026785
2 2 0.000495 0.069658 0.920894 0.000045 0.008907
2 2 0.001150 0.080169 0.884759 0.000056 0.033865
2 2 0.003862 0.305409 0.650180 0.000041 0.040508
2 2 0.003769 0.312324 0.643158 0.000044 0.040705
2 2 0.001511 0.183905 0.795019 0.000022 0.019543
2 2 0.000882 0.218260 0.756131 0.000009 0.024717
2 2 0.005866 0.339849 0.601915 0.000038 0.052332
2 2 0.004862 0.347042 0.599760 0.000036 0.048300
2 2 0.000336 0.098598 0.888491 0.000018 0.012557
2 2 0.000469 0.062047 0.927838 0.000057 0.009588
2 2 0.005379 0.300631 0.619830 0.000038 0.074122
2 2 0.006433 0.406558 0.526237 0.000040 0.060733
1 2 0.024181 0.578981 0.163351 0.000004 0.233483
1 1 0.063574 0.604367 0.114468 0.000004 0.217586
4 1 0.063051 0.359043 0.094316 0.000039 0.483551
1 1 0.111984 0.401164 0.106112 0.000101 0.380640
1 1 0.035911 0.589110 0.124415 0.000005 0.250560
1 1 0.043958 0.533502 0.127969 0.000015 0.294556
2 1 0.004691 0.318583 0.618868 0.000026 0.057832
2 2 0.011373 0.348737 0.575793 0.000076 0.064021
1 2 0.010750 0.561903 0.226132 0.000001 0.201214
1 1 0.021487 0.570390 0.164792 0.000001 0.243329
1 1 0.008915 0.556086 0.309359 0.000008 0.125632
2 2 0.008458 0.390756 0.434588 0.000003 0.166195
2 2 0.002260 0.207996 0.740989 0.000011 0.048744
2 2 0.003748 0.339621 0.618115 0.000005 0.038511
2 2 0.007970 0.171283 0.745033 0.000092 0.075622
2 1 0.003572 0.219429 0.745328 0.000060 0.031611
2 2 0.004305 0.369460 0.580562 0.000017 0.045655
2 2 0.010235 0.333537 0.586953 0.000066 0.069208
2 2 0.001148 0.085232 0.889968 0.000019 0.023634
2 2 0.002209 0.103866 0.865105 0.000052 0.028767
1 2 0.058035 0.434465 0.150180 0.000027 0.357294
1 0 0.274141 0.412675 0.122497 0.001059 0.189627
4 4 0.118036 0.290043 0.049260 0.000003 0.542658
4 4 0.026904 0.278563 0.061585 0.000003 0.632946
4 4 0.011549 0.289739 0.164629 0.000007 0.534076
4 4 0.013243 0.423754 0.105904 0.000003 0.457095
4 4 0.016333 0.251432 0.036950 0.000000 0.695286
4 4 0.030935 0.377789 0.061878 0.000000 0.529398
4 4 0.019588 0.209421 0.037346 0.000000 0.733644
4 4 0.049914 0.246764 0.037215 0.000000 0.666107
4 4 0.016421 0.121748 0.026284 0.000001 0.835547
4 4 0.033100 0.188617 0.033615 0.000001 0.744667
0 4 0.520236 0.071728 0.023816 0.003792 0.380428
0 4 0.448865 0.093282 0.027331 0.001196 0.429325
4 4 0.028121 0.090074 0.016102 0.000000 0.865702
4 4 0.032223 0.103855 0.020614 0.000001 0.843307
4 4 0.089897 0.072831 0.024488 0.000320 0.812463
4 4 0.090142 0.149755 0.065347 0.002818 0.691938
4 4 0.142045 0.098450 0.017868 0.000005 0.741633
4 4 0.230735 0.143237 0.018329 0.000001 0.607699
4 4 0.109231 0.032410 0.010210 0.000231 0.847918
4 4 0.136707 0.038066 0.012718 0.000501 0.812008
4 4 0.106624 0.032333 0.010130 0.000214 0.850700
4 4 0.100920 0.054968 0.015877 0.000110 0.828126
4 4 0.136202 0.053219 0.018506 0.000722 0.791351
4 4 0.081290 0.041421 0.010884 0.000037 0.866368
4 4 0.060756 0.170460 0.022986 0.000000 0.745798
4 4 0.017820 0.099421 0.018262 0.000000 0.864497
4 4 0.052364 0.127639 0.029202 0.000008 0.790788
4 4 0.141021 0.153406 0.028342 0.000006 0.677225
4 4 0.038026 0.026344 0.005687 0.000003 0.929940
4 4 0.150587 0.016764 0.004046 0.000041 0.828563
4 4 0.216238 0.031660 0.008651 0.000191 0.743261
4 4 0.342223 0.053824 0.014593 0.000380 0.588979
4 4 0.121745 0.057215 0.013851 0.000036 0.807153
4 4 0.213575 0.164972 0.031529 0.000015 0.589910
4 4 0.095104 0.142060 0.015319 0.000000 0.747517
4 4 0.021748 0.154303 0.013384 0.000000 0.810565
4 4 0.041413 0.139406 0.019751 0.000000 0.799430
4 4 0.040081 0.121567 0.016031 0.000000 0.822320
4 4 0.047995 0.227435 0.026956 0.000000 0.697614
4 4 0.039007 0.179954 0.019463 0.000000 0.761576
4 4 0.136030 0.216398 0.028375 0.000000 0.619198
4 4 0.137953 0.146860 0.019738 0.000000 0.695449
4 1 0.142203 0.305905 0.045682 0.000001 0.506209
4 4 0.044402 0.203741 0.029071 0.000000 0.722786
0 4 0.527637 0.307436 0.063112 0.000172 0.101643
0 0 0.990985 0.006742 0.001073 0.000229 0.000971
0 0 0.998237 0.001379 0.000122 0.000003 0.000258
0 0 0.995370 0.003519 0.000505 0.000125 0.000481
0 0 0.941366 0.035609 0.006873 0.000396 0.015756
0 0 0.947142 0.031619 0.005838 0.000285 0.015116
0 0 0.381262 0.268907 0.029002 0.000000 0.320828
4 0 0.313317 0.098785 0.014445 0.000003 0.573450
4 4 0.079270 0.170296 0.020972 0.000000 0.729462
4 4 0.063001 0.254790 0.035486 0.000000 0.646723
4 4 0.262401 0.185723 0.020381 0.000000 0.531495
0 0 0.465921 0.297106 0.050517 0.000027 0.186429
4 1 0.154638 0.317394 0.037861 0.000000 0.490106
4 1 0.159882 0.292062 0.031208 0.000000 0.516848
4 1 0.031472 0.256318 0.045433 0.000001 0.666777
4 1 0.014686 0.127359 0.015803 0.000000 0.842153
4 1 0.017734 0.364143 0.065612 0.000000 0.552511
4 1 0.011937 0.410425 0.120756 0.000000 0.456882
0 1 0.841187 0.099924 0.015401 0.000043 0.043445
0 0 0.591705 0.302152 0.067179 0.000532 0.038432
4 1 0.021635 0.287080 0.041099 0.000000 0.650186
4 1 0.018081 0.304310 0.042250 0.000000 0.635358
1 1 0.013125 0.512075 0.266805 0.000026 0.207970
1 1 0.011208 0.468791 0.282319 0.000007 0.237675
4 2 0.017643 0.394496 0.059391 0.000000 0.528470
4 2 0.007548 0.338621 0.170267 0.000001 0.483562
1 2 0.016056 0.430988 0.359718 0.000038 0.193200
2 2 0.006499 0.313369 0.433669 0.000015 0.246448
2 2 0.002264 0.205150 0.644100 0.000006 0.148480
1 2 0.004861 0.469013 0.456039 0.000007 0.070080
1 1 0.038990 0.514762 0.109886 0.000005 0.336357
4 1 0.008080 0.358456 0.172001 0.000002 0.461462
2 2 0.001380 0.105427 0.837579 0.000012 0.055602
2 1 0.000547 0.156732 0.832360 0.000011 0.010349
2 2 0.000133 0.067700 0.922258 0.000051 0.009857
2 2 0.000099 0.046136 0.932846 0.000019 0.020899
2 2 0.000381 0.021163 0.972954 0.000443 0.005058
2 2 0.000212 0.020280 0.977722 0.000117 0.001669
2 2 0.000727 0.042063 0.913514 0.000057 0.043640
2 1 0.001012 0.146505 0.839199 0.000050 0.013233
2 2 0.000343 0.055716 0.894126 0.000007 0.049808
2 2 0.000228 0.077176 0.910386 0.000004 0.012205
2 2 0.000243 0.037572 0.948831 0.000050 0.013303
2 2 0.000235 0.044043 0.948737 0.000044 0.006941
2 1 0.002696 0.224679 0.741683 0.000172 0.030770
2 2 0.000869 0.087219 0.854294 0.000056 0.057563
2 2 0.000052 0.022741 0.970469 0.000161 0.006577
2 2 0.000342 0.049319 0.940476 0.000226 0.009637
2 2 0.001292 0.119374 0.863444 0.000032 0.015858
2 1 0.001869 0.127408 0.852951 0.000041 0.017732
2 2 0.008574 0.043493 0.940621 0.006028 0.001283
2 0 0.266936 0.282589 0.420109 0.024812 0.005553
1 1 0.134664 0.425496 0.063647 0.000001 0.376191
4 1 0.044144 0.315549 0.041362 0.000000 0.598946
1 1 0.011807 0.427261 0.146378 0.000000 0.414554
4 1 0.017795 0.375594 0.138697 0.000000 0.467914
2 1 0.002853 0.369125 0.549718 0.000103 0.078201
2 2 0.003826 0.279824 0.553510 0.000022 0.162818
1 2 0.016388 0.585620 0.201004 0.000001 0.196987
2 2 0.007446 0.330313 0.424608 0.000003 0.237631
2 2 0.000207 0.026686 0.968041 0.000250 0.004816
2 2 0.000137 0.020341 0.966085 0.000349 0.013088
2 2 0.000071 0.021525 0.972729 0.000044 0.005631
2 2 0.000269 0.024849 0.968629 0.000074 0.006179
2 2 0.000183 0.016523 0.981964 0.000063 0.001267
2 2 0.000134 0.013647 0.978440 0.000074 0.007705
2 2 0.000055 0.035930 0.953093 0.000075 0.010847
2 2 0.000046 0.019490 0.970845 0.000037 0.009582
2 2 0.000296 0.026756 0.949778 0.000025 0.023145
2 2 0.000279 0.034308 0.947102 0.000024 0.018286
2 2 0.000144 0.046568 0.933131 0.000061 0.020096
2 2 0.000191 0.051105 0.932321 0.000077 0.016306
2 2 0.000008 0.009506 0.985021 0.000850 0.004614
2 2 0.000069 0.012346 0.982973 0.001571 0.003040
2 2 0.000025 0.011558 0.981243 0.002622 0.004552
2 2 0.000069 0.039572 0.950492 0.003056 0.006811
2 2 0.000346 0.075294 0.905757 0.000952 0.017651
2 2 0.000078 0.031515 0.952786 0.002677 0.012944
2 2 0.000274 0.004710 0.987583 0.007206 0.000229
2 2 0.000451 0.012863 0.977491 0.008565 0.000631
2 2 0.000736 0.010590 0.976178 0.011852 0.000644
2 2 0.000357 0.008147 0.979734 0.011268 0.000495
2 2 0.000039 0.012553 0.967183 0.015014 0.005211
2 2 0.000152 0.027971 0.959130 0.007675 0.005073
2 2 0.007617 0.067929 0.894089 0.009094 0.021271
2 2 0.004383 0.101047 0.877079 0.002802 0.014689
2 2 0.000149 0.025511 0.955722 0.000753 0.017864
2 2 0.000106 0.029584 0.964910 0.000580 0.004820
2 2 0.000403 0.035768 0.952467 0.003450 0.007911
2 2 0.000207 0.023610 0.965452 0.003552 0.007179
2 2 0.000206 0.026235 0.966141 0.001444 0.005974
2 2 0.000048 0.016585 0.978918 0.001361 0.003087
2 2 0.000336 0.018735 0.966303 0.012568 0.002058
2 2 0.000136 0.014186 0.974095 0.008541 0.003042
2 2 0.001191 0.030957 0.943348 0.008733 0.015772
2 2 0.014775 0.089401 0.867753 0.017680 0.010391
2 1 0.003443 0.176617 0.800675 0.000175 0.019089
2 2 0.001528 0.072961 0.902129 0.000191 0.023190
2 2 0.000123 0.027302 0.963556 0.000609 0.008409
2 2 0.000035 0.011935 0.984562 0.001192 0.002276
2 2 0.001002 0.053500 0.929557 0.004688 0.011253
2 2 0.000087 0.016693 0.974534 0.002440 0.006246
2 2 0.000210 0.032430 0.950719 0.000211 0.016430
2 2 0.000147 0.024329 0.969698 0.000198 0.005628
2 2 0.001625 0.072674 0.895110 0.000433 0.030157
2 2 0.001631 0.087732 0.888044 0.000194 0.022399
2 2 0.000122 0.011997 0.983050 0.003908 0.000923
2 2 0.000152 0.006615 0.984251 0.008442 0.000540
2 2 0.000094 0.005196 0.986789 0.007678 0.000244
2 3 0.000046 0.003031 0.991072 0.005721 0.000130
2 2 0.000089 0.026949 0.970457 0.000468 0.002036
2 2 0.000165 0.030820 0.965207 0.000545 0.003263
2 2 0.000669 0.069477 0.920907 0.000317 0.008630
2 2 0.000506 0.051721 0.937109 0.000317 0.010346
2 1 0.204101 0.324915 0.327976 0.003356 0.139652
2 1 0.036454 0.361427 0.438585 0.000260 0.163274
2 2 0.000177 0.010653 0.988456 0.000368 0.000346
2 2 0.000368 0.018139 0.980093 0.000221 0.001178
2 2 0.000949 0.041074 0.926204 0.000169 0.031604
2 1 0.004986 0.144181 0.842936 0.000598 0.007299
1 1 0.044993 0.598105 0.104207 0.000001 0.252693
1 1 0.013483 0.501046 0.138064 0.000000 0.347407
2 2 0.000603 0.064683 0.916103 0.000046 0.018565
2 2 0.000572 0.049596 0.938360 0.000069 0.011403
2 1 0.000664 0.102208 0.886705 0.000159 0.010264
2 2 0.001520 0.122444 0.858721 0.000239 0.017075
2 2 0.000221 0.026299 0.966505 0.000043 0.006931
2 2 0.000387 0.041203 0.955354 0.000179 0.002877
2 0 0.320204 0.277438 0.345759 0.016267 0.040332
1 0 0.283579 0.488574 0.180412 0.011390 0.036046
4 1 0.018018 0.374641 0.056711 0.000000 0.550630
4 1 0.019823 0.409586 0.072432 0.000000 0.498159
1 1 0.009792 0.490205 0.272902 0.000001 0.227100
1 1 0.010914 0.403627 0.271953 0.000000 0.313505
1 1 0.014927 0.472229 0.218946 0.000004 0.293894
1 1 0.008999 0.422160 0.307138 0.000010 0.261693
2 2 0.000534 0.063484 0.929313 0.000031 0.006638
2 2 0.000533 0.037924 0.933982 0.000023 0.027539
4 1 0.027810 0.311505 0.249943 0.000043 0.410699
1 1 0.045674 0.641844 0.123370 0.000003 0.189108
2 2 0.000308 0.105328 0.879266 0.000101 0.014997
2 2 0.000895 0.101546 0.849544 0.000136 0.047879
4 4 0.019611 0.037178 0.012882 0.000047 0.930282
4 4 0.035139 0.015240 0.004226 0.000017 0.945378
4 4 0.345179 0.045391 0.014076 0.001046 0.594307
4 4 0.269768 0.047966 0.016140 0.001389 0.664737
4 4 0.016921 0.102802 0.012152 0.000000 0.868125
4 4 0.019726 0.080598 0.014745 0.000000 0.884931
4 4 0.055456 0.126619 0.034733 0.000035 0.783156
4 4 0.010195 0.041936 0.009193 0.000001 0.938675
4 4 0.010533 0.039746 0.006253 0.000000 0.943467
4 4 0.055056 0.048842 0.013685 0.000037 0.882380
4 4 0.036319 0.099600 0.016513 0.000000 0.847568
4 4 0.039777 0.110687 0.011208 0.000000 0.838327
4 4 0.260885 0.214573 0.028298 0.000001 0.496243
0 0 0.419289 0.357498 0.058759 0.000018 0.164435
4 4 0.014671 0.131358 0.016816 0.000000 0.837155
4 4 0.019850 0.118065 0.020111 0.000000 0.841975
4 4 0.026410 0.256985 0.040512 0.000000 0.676094
4 4 0.014624 0.218976 0.038801 0.000000 0.727598
4 4 0.041242 0.185841 0.024272 0.000000 0.748646
4 4 0.043027 0.105420 0.012262 0.000000 0.839291
4 4 0.087595 0.135126 0.025963 0.000004 0.751312
4 4 0.036452 0.086039 0.012507 0.000000 0.865001
4 4 0.050608 0.078652 0.011243 0.000000 0.859497
4 4 0.132084 0.031936 0.006105 0.000006 0.829869
4 4 0.197776 0.054267 0.013846 0.000107 0.734004
4 4 0.146085 0.090451 0.024827 0.000131 0.738505
4 4 0.206961 0.033633 0.007708 0.000047 0.751652
4 4 0.250373 0.031714 0.007321 0.000064 0.710528
4 4 0.066444 0.103771 0.025154 0.000017 0.804614
4 4 0.069785 0.048389 0.011670 0.000016 0.870140
4 4 0.282851 0.052575 0.015882 0.000659 0.648032
4 4 0.115591 0.023008 0.006795 0.000143 0.854463
4 4 0.321330 0.070934 0.019180 0.000359 0.588197
4 4 0.134302 0.089274 0.016429 0.000005 0.759991
4 4 0.149953 0.018519 0.003883 0.000014 0.827631
4 4 0.176442 0.025956 0.005834 0.000031 0.791737
4 4 0.067911 0.023608 0.008288 0.000273 0.899921
4 4 0.059061 0.022751 0.008445 0.000348 0.909395
4 4 0.185738 0.038232 0.011188 0.000272 0.764570
4 4 0.295201 0.047126 0.014481 0.000782 0.642410
0 4 0.718001 0.070760 0.021404 0.003686 0.186149
0 4 0.695496 0.053599 0.014070 0.001038 0.235797
4 4 0.213962 0.065830 0.014883 0.000048 0.705277
4 4 0.072764 0.061501 0.012963 0.000006 0.852767
4 4 0.015021 0.140985 0.024418 0.000000 0.819576
4 4 0.022599 0.117382 0.019386 0.000000 0.840632
4 4 0.056154 0.199012 0.025533 0.000000 0.719301
4 4 0.012575 0.126196 0.015658 0.000000 0.845570
4 4 0.028369 0.297724 0.062560 0.000002 0.611345
4 4 0.012965 0.281157 0.110200 0.000005 0.595674
4 2 0.031119 0.395962 0.107603 0.000020 0.465296
4 2 0.046556 0.390708 0.116522 0.000074 0.446140
4 2 0.022507 0.396891 0.080951 0.000001 0.499650
4 2 0.016632 0.388547 0.137915 0.000005 0.456901
1 2 0.025710 0.458287 0.099881 0.000003 0.416119
1 2 0.014209 0.471228 0.159333 0.000006 0.355224
1 2 0.007321 0.547386 0.330584 0.000069 0.114640
2 2 0.008442 0.377852 0.444941 0.000236 0.168529
4 2 0.018550 0.383457 0.201875 0.000118 0.396000
1 2 0.018037 0.505095 0.139682 0.000008 0.337178
1 2 0.092808 0.461728 0.099686 0.000017 0.345761
1 0 0.157995 0.394541 0.125232 0.000696 0.321536
1 0 0.180923 0.391816 0.039520 0.000000 0.387742
1 1 0.112921 0.518894 0.049897 0.000000 0.318288
1 1 0.015449 0.441448 0.145840 0.000002 0.397261
1 1 0.016337 0.439046 0.132836 0.000006 0.411775
1 1 0.020911 0.481197 0.146242 0.000003 0.351647
4 1 0.011332 0.351997 0.186039 0.000003 0.450629
2 2 0.000151 0.039962 0.952386 0.000029 0.007472
2 2 0.000256 0.044440 0.949326 0.000027 0.005951
1 2 0.027351 0.408248 0.314981 0.000007 0.249414
1 0 0.090024 0.579119 0.128097 0.000024 0.202737
1 1 0.264718 0.594172 0.037365 0.000000 0.103745
1 1 0.132469 0.625997 0.038217 0.000000 0.203317
1 1 0.007781 0.467599 0.461495 0.000002 0.063122
2 2 0.007202 0.276568 0.575587 0.000004 0.140639
2 2 0.001603 0.083439 0.907311 0.000016 0.007632
2 2 0.001568 0.059607 0.931539 0.000025 0.007261
2 2 0.000553 0.054086 0.930123 0.000008 0.015230
2 2 0.000609 0.052556 0.925489 0.000008 0.021339
2 2 0.001125 0.057720 0.924328 0.000019 0.016807
2 1 0.004764 0.180654 0.798707 0.000012 0.015863
2 2 0.013205 0.212534 0.630495 0.000010 0.143756
1 1 0.070897 0.549199 0.311681 0.000022 0.068200
2 2 0.001891 0.055943 0.938629 0.000095 0.003442
2 2 0.000952 0.030050 0.966987 0.000102 0.001909
2 2 0.000258 0.024924 0.971879 0.000009 0.002930
2 2 0.000160 0.025250 0.971832 0.000007 0.002750
2 2 0.000249 0.016630 0.981217 0.000075 0.001830
2 2 0.000143 0.018151 0.979776 0.000093 0.001836
2 2 0.000165 0.023486 0.970577 0.000015 0.005757
2 2 0.000145 0.021222 0.974381 0.000022 0.004230
2 2 0.000723 0.025440 0.971391 0.000386 0.002060
2 2 0.000202 0.021830 0.975475 0.000084 0.002410
2 2 0.000750 0.034228 0.960108 0.000153 0.004760
2 2 0.000476 0.039789 0.941829 0.000060 0.017846
2 2 0.000287 0.033890 0.957225 0.000112 0.008486
2 2 0.000438 0.043025 0.946518 0.000124 0.009896
2 2 0.001011 0.026227 0.935974 0.001295 0.035493
2 0 0.035081 0.134100 0.803278 0.009195 0.018346
2 1 0.005912 0.164753 0.826360 0.000476 0.002499
2 2 0.001973 0.024776 0.968863 0.000288 0.004100
2 2 0.000087 0.018742 0.972721 0.000110 0.008339
2 2 0.000091 0.014776 0.982178 0.000076 0.002878
2 2 0.000213 0.009055 0.988359 0.001287 0.001087
2 2 0.000097 0.012994 0.980664 0.000286 0.005959
2 2 0.000699 0.008980 0.972155 0.016824 0.001341
2 2 0.000409 0.005053 0.977575 0.016665 0.000297
2 2 0.000117 0.005564 0.969335 0.024306 0.000678
2 2 0.000050 0.006017 0.969083 0.024307 0.000543
2 2 0.000179 0.004599 0.981100 0.013843 0.000279
2 2 0.000088 0.004200 0.982911 0.012432 0.000369
2 2 0.000616 0.018340 0.975618 0.003344 0.002082
2 2 0.000750 0.019398 0.970123 0.005808 0.003922
2 2 0.000101 0.006564 0.947065 0.043676 0.002595
2 2 0.000225 0.009545 0.948964 0.039024 0.002242
2 3 0.000800 0.014555 0.967841 0.016047 0.000758
2 3 0.000503 0.013206 0.961320 0.023992 0.000979
2 0 0.007788 0.137876 0.839389 0.001794 0.013153
2 2 0.003298 0.043143 0.947552 0.001448 0.004559
2 2 0.000359 0.020362 0.977296 0.001293 0.000689
2 2 0.000494 0.010725 0.983681 0.001765 0.003336
2 2 0.000039 0.023426 0.968126 0.000149 0.008261
2 2 0.000115 0.048942 0.939545 0.000075 0.011324
