0 0 0.893285 0.035768 0.006472 0.000088 0.064387
0 0 0.905799 0.036390 0.005684 0.000038 0.052089
0 0 0.472771 0.078238 0.018117 0.000088 0.430786
0 0 0.609579 0.073312 0.017096 0.000155 0.299857
0 0 0.626972 0.072686 0.015588 0.000094 0.284660
0 0 0.893618 0.028139 0.004875 0.000052 0.073315
4 0 0.160113 0.052509 0.016969 0.000127 0.770281
4 0 0.123032 0.065462 0.020485 0.000083 0.790938
4 0 0.367877 0.063301 0.014787 0.000052 0.553983
4 0 0.193456 0.075272 0.019454 0.000044 0.711774
4 0 0.127059 0.091227 0.036136 0.000536 0.745042
4 0 0.331769 0.161545 0.039560 0.000112 0.467014
1 0 0.239639 0.373035 0.122290 0.000665 0.264372
1 0 0.292656 0.360236 0.093819 0.000168 0.253120
0 0 0.572060 0.096982 0.017449 0.000028 0.313481
0 0 0.502681 0.065354 0.015051 0.000084 0.416830
0 0 0.608431 0.174329 0.030781 0.000042 0.186417
0 0 0.479318 0.168611 0.036928 0.000110 0.315033
4 0 0.106759 0.116754 0.035038 0.000075 0.741374
4 0 0.124237 0.084164 0.022085 0.000029 0.769485
4 0 0.247916 0.154713 0.035769 0.000049 0.561553
4 0 0.277289 0.148694 0.033364 0.000045 0.540607
4 0 0.170067 0.184862 0.060113 0.000333 0.584625
4 0 0.099320 0.343784 0.100311 0.000065 0.456521
1 1 0.204776 0.424723 0.120427 0.000164 0.249910
1 1 0.204692 0.392108 0.111376 0.000195 0.291630
4 1 0.084590 0.271615 0.069691 0.000029 0.574075
4 1 0.098021 0.249001 0.070937 0.000056 0.581986
1 1 0.116414 0.457936 0.141007 0.000098 0.284546
1 4 0.196296 0.439149 0.129612 0.000197 0.234747
4 4 0.221686 0.114733 0.025020 0.000022 0.638538
4 4 0.107810 0.116722 0.030443 0.000029 0.744997
4 4 0.139864 0.120800 0.045478 0.000464 0.693395
4 4 0.088285 0.278711 0.110076 0.000491 0.522437
4 4 0.222376 0.089807 0.021179 0.000032 0.666606
4 4 0.124904 0.087741 0.024619 0.000048 0.762687
4 4 0.172878 0.096468 0.030745 0.000188 0.699720
4 4 0.161110 0.110264 0.034009 0.000150 0.694467
4 4 0.179821 0.150546 0.044103 0.000134 0.625396
4 4 0.133108 0.241219 0.072354 0.000134 0.553185
4 4 0.053338 0.065816 0.025643 0.000131 0.855073
4 4 0.077098 0.063515 0.022398 0.000102 0.836886
4 4 0.428487 0.065753 0.012922 0.000021 0.492818
4 4 0.328660 0.080014 0.017818 0.000036 0.573472
1 4 0.239616 0.405891 0.110064 0.000164 0.244264
1 4 0.268133 0.368361 0.093034 0.000135 0.270338
0 4 0.665650 0.224365 0.040498 0.000066 0.069421
0 0 0.957652 0.023807 0.003957 0.000125 0.014460
0 0 0.876418 0.032801 0.005398 0.000035 0.085347
0 0 0.804204 0.049667 0.007463 0.000015 0.138651
0 0 0.818179 0.073510 0.010049 0.000012 0.098249
0 0 0.864754 0.045737 0.006094 0.000010 0.083405
0 0 0.692828 0.102917 0.013606 0.000006 0.190643
0 0 0.628121 0.089474 0.012804 0.000007 0.269595
0 0 0.362186 0.296173 0.071257 0.000130 0.270254
1 1 0.148786 0.382814 0.117205 0.000209 0.350986
1 1 0.049268 0.531633 0.262209 0.000570 0.156319
1 1 0.075713 0.503570 0.220371 0.000587 0.199759
0 4 0.338871 0.264072 0.071529 0.000218 0.325310
0 4 0.457598 0.167314 0.036351 0.000085 0.338652
0 4 0.350808 0.309579 0.059929 0.000033 0.279652
0 4 0.443082 0.264204 0.042551 0.000014 0.250149
4 4 0.197559 0.328977 0.086251 0.000112 0.387101
1 4 0.146880 0.398046 0.107853 0.000070 0.347151
0 4 0.506202 0.121112 0.025276 0.000069 0.347340
0 4 0.484168 0.136126 0.025517 0.000033 0.354155
0 4 0.395782 0.319545 0.077364 0.000174 0.207135
1 4 0.287308 0.396369 0.105558 0.000201 0.210565
4 4 0.192126 0.325033 0.074385 0.000041 0.408415
4 4 0.149390 0.299672 0.068694 0.000030 0.482214
1 4 0.198211 0.444022 0.124536 0.000130 0.233102
1 4 0.186957 0.443117 0.130965 0.000179 0.238782
4 4 0.288321 0.157584 0.043167 0.000129 0.510800
4 4 0.188255 0.251384 0.064655 0.000059 0.495647
0 4 0.458776 0.306871 0.058038 0.000041 0.176275
0 4 0.686028 0.114330 0.022788 0.000113 0.176740
0 4 0.871581 0.103741 0.015201 0.000030 0.009447
0 4 0.767303 0.185708 0.030600 0.000033 0.016355
0 4 0.820376 0.112555 0.013509 0.000007 0.053554
0 4 0.756354 0.153914 0.020246 0.000010 0.069476
1 4 0.171334 0.369781 0.098256 0.000091 0.360539
1 1 0.192317 0.404318 0.104511 0.000076 0.298777
0 0 0.963285 0.022624 0.003136 0.000043 0.010911
0 0 0.936343 0.039628 0.007066 0.000170 0.016793
0 0 0.643183 0.131767 0.017373 0.000006 0.207671
0 0 0.583530 0.147980 0.020045 0.000006 0.248439
4 0 0.343018 0.074039 0.018097 0.000070 0.564776
4 0 0.364774 0.097310 0.020415 0.000033 0.517468
4 0 0.430626 0.112659 0.021951 0.000029 0.434735
0 0 0.532463 0.137663 0.022791 0.000018 0.307066
4 1 0.171454 0.195564 0.059233 0.000150 0.573599
4 1 0.069324 0.204768 0.066568 0.000072 0.659268
4 4 0.112122 0.332772 0.092030 0.000061 0.463015
4 4 0.167428 0.138245 0.036958 0.000069 0.657300
4 4 0.099062 0.050126 0.013612 0.000020 0.837179
4 4 0.080278 0.088413 0.023423 0.000019 0.807868
4 4 0.221728 0.288017 0.055063 0.000013 0.435179
4 4 0.278394 0.252888 0.055042 0.000046 0.413629
4 4 0.178090 0.346768 0.086881 0.000068 0.388193
4 4 0.288297 0.305384 0.073841 0.000086 0.332393
0 4 0.391639 0.308134 0.060376 0.000044 0.239807
1 4 0.249423 0.418024 0.099933 0.000060 0.232560
4 4 0.322057 0.058037 0.014659 0.000068 0.605180
4 4 0.331045 0.075704 0.018268 0.000061 0.574923
4 4 0.307746 0.282380 0.065945 0.000080 0.343849
0 4 0.478684 0.214266 0.037549 0.000027 0.269474
0 0 0.679175 0.194293 0.031295 0.000036 0.095200
0 1 0.572324 0.193190 0.036640 0.000056 0.197789
0 4 0.459932 0.314906 0.054220 0.000018 0.170924
0 0 0.750133 0.097878 0.015844 0.000034 0.136111
0 0 0.839054 0.084326 0.013672 0.000062 0.062886
0 1 0.448888 0.281040 0.045244 0.000013 0.224816
4 1 0.007987 0.340641 0.117325 0.000002 0.534046
4 1 0.006319 0.354740 0.126775 0.000002 0.512165
4 1 0.006172 0.345838 0.101663 0.000000 0.546327
4 1 0.002160 0.309232 0.130097 0.000001 0.558510
4 1 0.006408 0.173386 0.048116 0.000001 0.772089
4 4 0.003289 0.131545 0.041064 0.000001 0.824102
4 4 0.009671 0.007812 0.002280 0.000001 0.980236
4 4 0.007145 0.012513 0.003939 0.000001 0.976403
4 4 0.005418 0.009250 0.003660 0.000003 0.981668
4 4 0.013995 0.071038 0.019193 0.000002 0.895772
4 4 0.006078 0.113881 0.035448 0.000003 0.844590
4 4 0.004378 0.054990 0.019074 0.000002 0.921556
4 4 0.027648 0.021903 0.006627 0.000006 0.943816
4 4 0.013222 0.006058 0.002048 0.000002 0.978670
4 4 0.004728 0.009401 0.004090 0.000005 0.981776
4 4 0.010590 0.048049 0.023323 0.000071 0.917967
4 4 0.010182 0.004238 0.001388 0.000001 0.984191
4 4 0.014575 0.006009 0.001908 0.000002 0.977506
4 4 0.020190 0.022934 0.007006 0.000004 0.949866
4 4 0.013967 0.013498 0.003676 0.000001 0.968858
4 4 0.005666 0.022646 0.008020 0.000003 0.963665
4 4 0.008342 0.025833 0.008495 0.000003 0.957327
4 4 0.028154 0.118878 0.029750 0.000003 0.823215
4 4 0.016197 0.088328 0.026142 0.000004 0.869328
4 4 0.015661 0.243442 0.097966 0.000048 0.642883
4 4 0.013073 0.141772 0.057642 0.000034 0.787479
4 4 0.006797 0.352145 0.151763 0.000009 0.489286
4 4 0.005581 0.346848 0.140083 0.000004 0.507484
1 4 0.018136 0.438954 0.188676 0.000041 0.354193
1 4 0.006726 0.437722 0.283855 0.000154 0.271544
1 4 0.016740 0.543671 0.247901 0.000035 0.191653
1 1 0.029953 0.541455 0.186755 0.000012 0.241825
1 1 0.002285 0.389084 0.224901 0.000009 0.383721
4 1 0.001523 0.346532 0.267053 0.000049 0.384843
1 1 0.004033 0.459320 0.350802 0.000175 0.185669
2 1 0.000792 0.323993 0.395990 0.000582 0.278642
2 1 0.000441 0.333690 0.354895 0.000057 0.310917
2 1 0.001260 0.407692 0.415065 0.000208 0.175776
1 1 0.007740 0.479248 0.320460 0.000208 0.192344
1 1 0.007671 0.504530 0.296783 0.000066 0.190950
2 1 0.000574 0.359304 0.467612 0.000380 0.172130
1 1 0.000636 0.398140 0.369662 0.000028 0.231535
2 1 0.001350 0.321007 0.617507 0.000558 0.059578
2 1 0.000396 0.224018 0.710092 0.003024 0.062470
2 1 0.001487 0.253380 0.643772 0.007333 0.094028
2 1 0.001191 0.237917 0.670287 0.006847 0.083758
2 1 0.002120 0.200695 0.758686 0.000939 0.037560
2 1 0.003164 0.229519 0.725812 0.002218 0.039287
1 1 0.183891 0.478723 0.210550 0.003336 0.123501
1 1 0.076600 0.491491 0.297445 0.007742 0.126723
2 2 0.000025 0.055281 0.921657 0.000702 0.022336
2 2 0.000305 0.020458 0.961393 0.000612 0.017233
2 2 0.000000 0.002600 0.997178 0.000042 0.000180
2 2 0.000001 0.009545 0.988559 0.000193 0.001702
2 2 0.000003 0.015825 0.981748 0.000094 0.002331
2 2 0.000002 0.010974 0.987508 0.000717 0.000799
2 2 0.000003 0.006332 0.993127 0.000230 0.000310
2 2 0.000026 0.018989 0.978785 0.000214 0.001986
2 2 0.000002 0.003733 0.991119 0.004878 0.000268
2 2 0.000023 0.010087 0.970411 0.018248 0.001231
2 2 0.000043 0.012770 0.978737 0.005642 0.002807
2 2 0.000057 0.024655 0.960438 0.010128 0.004721
2 2 0.000042 0.002854 0.969519 0.027473 0.000112
2 2 0.006039 0.061478 0.887041 0.042855 0.002587
2 2 0.000055 0.010507 0.972879 0.016197 0.000362
2 2 0.000749 0.019884 0.970691 0.006923 0.001753
2 2 0.000129 0.014315 0.931553 0.051895 0.002107
2 2 0.000237 0.013232 0.958362 0.026684 0.001485
2 2 0.000011 0.004394 0.966112 0.029240 0.000243
2 2 0.000009 0.003384 0.948209 0.048326 0.000072
2 2 0.000008 0.002937 0.950687 0.046295 0.000073
2 2 0.000008 0.002070 0.942136 0.055577 0.000209
2 2 0.000068 0.003051 0.666530 0.329838 0.000512
2 2 0.000106 0.003585 0.624180 0.371707 0.000424
2 2 0.000933 0.019123 0.695725 0.281233 0.002986
2 2 0.000123 0.006276 0.752815 0.239831 0.000956
2 2 0.000557 0.009877 0.845248 0.143637 0.000682
2 2 0.000153 0.008002 0.803423 0.188008 0.000414
3 2 0.000036 0.000711 0.348784 0.650444 0.000024
3 2 0.000062 0.000843 0.275905 0.723127 0.000062
3 3 0.000037 0.000275 0.125483 0.874191 0.000014
3 3 0.000136 0.000490 0.092901 0.906418 0.000055
3 3 0.000192 0.000532 0.076363 0.922834 0.000079
3 3 0.000896 0.001372 0.066504 0.930825 0.000403
3 3 0.001556 0.003367 0.123434 0.870529 0.001114
3 3 0.000540 0.001916 0.138411 0.858881 0.000252
3 3 0.000955 0.000380 0.010623 0.987602 0.000441
3 3 0.001541 0.000521 0.009654 0.987546 0.000738
3 3 0.000163 0.000085 0.008627 0.991059 0.000067
3 3 0.000144 0.000051 0.004519 0.995226 0.000059
3 3 0.000502 0.000232 0.010844 0.988200 0.000221
3 3 0.000820 0.000310 0.009298 0.989197 0.000375
3 3 0.001556 0.000450 0.008378 0.988917 0.000699
3 3 0.000350 0.000281 0.019958 0.979262 0.000150
3 3 0.020187 0.035745 0.438894 0.500891 0.004283
3 3 0.009241 0.018950 0.325773 0.643138 0.002897
2 3 0.001529 0.026920 0.819698 0.151164 0.000689
2 3 0.000210 0.010606 0.857178 0.131423 0.000583
2 2 0.001364 0.018950 0.969406 0.009669 0.000612
2 2 0.012303 0.096128 0.860773 0.026387 0.004408
2 2 0.125522 0.131935 0.555507 0.171947 0.015089
2 2 0.228371 0.189700 0.448232 0.107209 0.026489
2 2 0.024400 0.301787 0.608842 0.018936 0.046035
2 2 0.021851 0.248371 0.634050 0.060651 0.035076
2 2 0.001638 0.037382 0.714860 0.238374 0.007745
2 2 0.002538 0.060880 0.800777 0.122997 0.012808
2 2 0.000009 0.008662 0.983918 0.006827 0.000583
2 2 0.000032 0.016371 0.980220 0.001869 0.001508
2 2 0.000016 0.005299 0.965560 0.028810 0.000316
2 2 0.000004 0.001898 0.946050 0.051937 0.000111
2 2 0.000016 0.002385 0.879606 0.117939 0.000054
2 2 0.000066 0.003173 0.808941 0.187701 0.000119
2 2 0.000024 0.002008 0.766376 0.231444 0.000149
2 2 0.000116 0.005644 0.734859 0.258890 0.000490
2 2 0.000270 0.006084 0.567358 0.425475 0.000812
2 2 0.000902 0.011918 0.664240 0.321194 0.001746
2 2 0.000133 0.005331 0.675064 0.319258 0.000214
2 2 0.000006 0.000753 0.709085 0.290112 0.000044
2 2 0.000272 0.015854 0.818814 0.159931 0.005129
2 2 0.000108 0.006472 0.868470 0.123560 0.001391
2 2 0.000001 0.000395 0.844318 0.155281 0.000004
2 2 0.000029 0.004071 0.894526 0.101259 0.000116
2 2 0.000350 0.012629 0.750724 0.229437 0.006860
2 2 0.000190 0.011201 0.844918 0.141506 0.002186
2 2 0.000018 0.001261 0.669837 0.328676 0.000209
2 2 0.000005 0.000981 0.850684 0.148271 0.000059
2 2 0.000184 0.006020 0.698443 0.293864 0.001489
2 2 0.000115 0.005693 0.748482 0.244895 0.000814
2 2 0.000452 0.008680 0.589099 0.397673 0.004097
2 2 0.000234 0.006414 0.658747 0.331682 0.002923
3 2 0.001849 0.006129 0.214915 0.772510 0.004597
3 2 0.000033 0.000533 0.259718 0.739586 0.000130
3 2 0.000381 0.002685 0.237880 0.758734 0.000320
3 2 0.000061 0.001365 0.423741 0.574615 0.000217
2 2 0.000107 0.003113 0.590475 0.406178 0.000127
2 2 0.000155 0.006085 0.735156 0.258254 0.000350
3 2 0.000373 0.001826 0.169071 0.828320 0.000410
3 2 0.000427 0.002707 0.245916 0.750249 0.000700
3 2 0.000039 0.001061 0.440689 0.558187 0.000024
3 3 0.000178 0.002297 0.336098 0.661350 0.000077
3 3 0.001030 0.007398 0.369748 0.620628 0.001197
3 3 0.003666 0.020222 0.441291 0.532479 0.002342
2 3 0.041898 0.233257 0.656703 0.040711 0.027432
2 3 0.030159 0.229918 0.642939 0.069060 0.027924
1 2 0.229522 0.428226 0.240186 0.005806 0.096260
1 1 0.057287 0.470509 0.369333 0.032256 0.070616
2 1 0.007585 0.184978 0.690982 0.088497 0.027958
2 1 0.007774 0.172878 0.690861 0.106172 0.022314
2 1 0.001501 0.086401 0.863971 0.039913 0.008213
2 1 0.001641 0.110991 0.857386 0.017581 0.012401
2 1 0.000471 0.021245 0.799665 0.177852 0.000767
2 2 0.000107 0.002660 0.890069 0.106990 0.000174
2 2 0.000149 0.006614 0.971872 0.021328 0.000036
2 2 0.000162 0.008734 0.915381 0.075646 0.000077
2 2 0.000040 0.010900 0.980527 0.008444 0.000089
2 2 0.000024 0.006676 0.989629 0.003616 0.000055
2 2 0.000011 0.001057 0.971978 0.026953 0.000001
2 2 0.000017 0.003085 0.974868 0.022021 0.000010
2 2 0.000744 0.009438 0.942525 0.047236 0.000056
2 2 0.000344 0.012692 0.932841 0.054040 0.000083
2 2 0.006222 0.018948 0.947944 0.026559 0.000327
2 2 0.027972 0.107574 0.802721 0.058405 0.003328
2 2 0.003349 0.090028 0.848257 0.051897 0.006468
2 2 0.000564 0.015374 0.922511 0.059526 0.002025
2 2 0.000006 0.000327 0.804516 0.195150 0.000001
2 2 0.000011 0.000580 0.889138 0.110270 0.000001
2 2 0.000013 0.001491 0.993105 0.005386 0.000005
2 2 0.000054 0.003280 0.993897 0.002759 0.000010
2 2 0.000001 0.000289 0.976906 0.022803 0.000000
2 2 0.000017 0.001180 0.915384 0.083417 0.000002
2 2 0.000065 0.003537 0.985631 0.010750 0.000017
2 2 0.001658 0.024300 0.914615 0.059233 0.000194
2 2 0.000457 0.018057 0.792889 0.188414 0.000182
2 2 0.000059 0.003385 0.938233 0.058287 0.000035
2 2 0.024443 0.292274 0.626581 0.018714 0.037987
2 2 0.015245 0.261219 0.626056 0.069399 0.028081
1 2 0.125270 0.425439 0.210532 0.004171 0.234588
0 2 0.389998 0.273157 0.089702 0.001444 0.245699
1 2 0.011285 0.374723 0.349327 0.010420 0.254245
2 1 0.012165 0.346355 0.385288 0.011774 0.244418
2 1 0.000886 0.120032 0.838718 0.023574 0.016791
2 2 0.000225 0.067274 0.900865 0.001033 0.030603
2 2 0.000103 0.011551 0.922960 0.065110 0.000276
2 2 0.000019 0.002210 0.981231 0.016494 0.000046
2 2 0.000002 0.000691 0.941259 0.058035 0.000013
2 2 0.000001 0.000393 0.984667 0.014936 0.000003
2 2 0.000020 0.002443 0.996629 0.000901 0.000007
2 2 0.000047 0.009045 0.989761 0.001116 0.000030
2 2 0.000005 0.001348 0.909917 0.088701 0.000029
2 2 0.000048 0.007220 0.910618 0.081879 0.000235
2 2 0.004009 0.056709 0.890524 0.044107 0.004651
2 2 0.036248 0.140184 0.727381 0.075089 0.021098
1 0 0.295892 0.440078 0.165224 0.002433 0.096373
1 1 0.126266 0.516690 0.263602 0.004321 0.089120
2 1 0.005902 0.214303 0.688855 0.064359 0.026581
2 2 0.004256 0.139904 0.807400 0.017313 0.031127
2 2 0.000025 0.004022 0.923387 0.072509 0.000057
2 2 0.000001 0.000349 0.925929 0.073719 0.000002
2 2 0.000173 0.020161 0.978989 0.000132 0.000545
2 2 0.000433 0.060522 0.936113 0.000410 0.002523
2 2 0.002209 0.015952 0.952215 0.028983 0.000642
2 2 0.023510 0.128680 0.795328 0.046297 0.006185
2 2 0.015877 0.283716 0.581249 0.066915 0.052244
2 4 0.025774 0.329860 0.548167 0.024390 0.071808
0 4 0.685939 0.181862 0.037938 0.000209 0.094052
1 4 0.257748 0.406502 0.151882 0.001558 0.182310
1 4 0.128404 0.379031 0.147513 0.000934 0.344118
1 4 0.081018 0.466192 0.216988 0.001306 0.234496
2 4 0.003936 0.156830 0.753427 0.059959 0.025848
2 4 0.004614 0.181064 0.726981 0.052632 0.034709
2 2 0.000111 0.014180 0.924174 0.060589 0.000946
2 2 0.000015 0.003423 0.910260 0.085823 0.000479
2 2 0.003506 0.032624 0.918120 0.039107 0.006643
2 2 0.006232 0.105928 0.820435 0.061727 0.005678
4 2 0.146446 0.271590 0.176034 0.007531 0.398399
1 2 0.029372 0.389272 0.330341 0.029857 0.221158
2 2 0.003044 0.079942 0.779289 0.120231 0.017492
2 2 0.000080 0.004375 0.579163 0.403529 0.012852
2 2 0.000000 0.000811 0.994946 0.004200 0.000042
2 2 0.000001 0.001227 0.995438 0.003298 0.000035
2 2 0.000001 0.000810 0.998591 0.000589 0.000009
2 2 0.000002 0.003902 0.994041 0.001947 0.000108
2 2 0.000005 0.006578 0.987411 0.005031 0.000975
2 2 0.000013 0.012347 0.978964 0.007167 0.001509
2 2 0.000001 0.002119 0.993007 0.004701 0.000173
2 2 0.000001 0.002115 0.992228 0.005198 0.000458
2 2 0.000489 0.013873 0.837369 0.142131 0.006138
2 2 0.002020 0.042165 0.918585 0.031972 0.005258
2 2 0.022963 0.205374 0.720859 0.028493 0.022311
2 2 0.006727 0.143641 0.769838 0.068410 0.011384
2 2 0.000015 0.003959 0.976531 0.019442 0.000052
2 2 0.000001 0.001253 0.990031 0.008706 0.000009
2 2 0.000003 0.001105 0.915202 0.083681 0.000010
2 2 0.000011 0.001383 0.964960 0.033641 0.000006
2 2 0.000043 0.003763 0.985601 0.010580 0.000013
2 2 0.000081 0.004941 0.967365 0.027593 0.000020
2 2 0.000016 0.000812 0.971829 0.027343 0.000001
2 2 0.000064 0.002734 0.934143 0.063052 0.000006
2 2 0.006640 0.075997 0.883529 0.032435 0.001398
2 2 0.020300 0.109853 0.802976 0.063994 0.002877
2 2 0.023693 0.181734 0.674339 0.067769 0.052466
2 2 0.003562 0.066087 0.833227 0.058947 0.038178
2 2 0.000005 0.001582 0.899921 0.098358 0.000134
2 2 0.000045 0.008796 0.939474 0.050168 0.001517
2 2 0.000753 0.308030 0.422331 0.001190 0.267696
2 2 0.000575 0.233576 0.617143 0.000821 0.147884
1 2 0.011414 0.437475 0.280577 0.000406 0.270128
1 2 0.004442 0.408201 0.388202 0.001549 0.197607
4 4 0.004585 0.138356 0.103471 0.000954 0.752634
4 4 0.005715 0.127616 0.078632 0.000297 0.787741
4 4 0.008904 0.017040 0.007541 0.000017 0.966499
4 4 0.006719 0.011054 0.005063 0.000012 0.977152
4 4 0.008522 0.055450 0.023878 0.000026 0.912124
4 4 0.004603 0.011068 0.005250 0.000010 0.979069
4 4 0.003950 0.205597 0.149676 0.000495 0.640282
4 4 0.002840 0.147788 0.125864 0.001115 0.722394
4 4 0.009371 0.099123 0.067795 0.001013 0.822698
4 4 0.009842 0.181760 0.121883 0.001270 0.685245
4 4 0.013223 0.236378 0.189825 0.007561 0.553014
4 4 0.010469 0.105160 0.094731 0.006364 0.783276
4 4 0.009049 0.007006 0.004230 0.000088 0.979627
4 4 0.010334 0.014471 0.007579 0.000058 0.967557
4 4 0.008866 0.015255 0.007913 0.000047 0.967920
4 4 0.003715 0.010214 0.006239 0.000041 0.979791
4 4 0.011425 0.029885 0.016458 0.000139 0.942093
4 4 0.011055 0.053170 0.034194 0.000542 0.901038
4 4 0.063972 0.130055 0.048331 0.000134 0.757508
4 4 0.059811 0.122486 0.049813 0.000304 0.767587
4 4 0.023635 0.113525 0.056376 0.000341 0.806123
4 4 0.030586 0.208832 0.074900 0.000078 0.685603
4 4 0.002435 0.274100 0.246532 0.000662 0.476271
4 4 0.006068 0.330871 0.265870 0.001200 0.395991
4 4 0.004655 0.072077 0.064716 0.002334 0.856219
4 4 0.003230 0.026729 0.022483 0.000531 0.947027
4 4 0.012013 0.302467 0.169733 0.000302 0.515485
4 4 0.018143 0.322038 0.126566 0.000034 0.533220
4 4 0.006543 0.306553 0.113299 0.000003 0.573601
4 4 0.006787 0.259053 0.091815 0.000003 0.642342
2 1 0.006519 0.306256 0.521744 0.016923 0.148557
2 1 0.006557 0.267914 0.525499 0.016844 0.183186
2 1 0.002188 0.295073 0.440959 0.003708 0.258071
2 1 0.001893 0.264807 0.563656 0.005815 0.163830
2 1 0.000920 0.157120 0.725949 0.006699 0.109312
2 1 0.001976 0.204391 0.607954 0.007526 0.178153
2 1 0.000230 0.030885 0.881968 0.021612 0.065305
2 1 0.000022 0.006308 0.944970 0.041403 0.007297
2 2 0.001049 0.019001 0.801404 0.171796 0.006749
2 2 0.014123 0.137834 0.783502 0.041313 0.023229
1 2 0.089242 0.445243 0.374234 0.009696 0.081586
1 2 0.114292 0.503370 0.272527 0.006273 0.103538
2 2 0.002853 0.173033 0.754683 0.054655 0.014775
2 2 0.001940 0.142454 0.832425 0.005721 0.017460
2 2 0.000099 0.026215 0.960078 0.013276 0.000332
2 2 0.000010 0.002696 0.997069 0.000215 0.000010
2 2 0.000106 0.011710 0.980188 0.007867 0.000129
2 2 0.000061 0.014392 0.978837 0.006571 0.000139
2 2 0.003656 0.091371 0.898310 0.004000 0.002663
2 2 0.006841 0.051060 0.933427 0.000455 0.008217
2 2 0.000028 0.003306 0.990138 0.006519 0.000010
2 2 0.000030 0.003079 0.988389 0.008493 0.000009
2 2 0.000017 0.003465 0.971032 0.025468 0.000019
2 2 0.000022 0.002703 0.962561 0.034699 0.000014
2 2 0.000096 0.005880 0.899376 0.094617 0.000031
2 2 0.000089 0.003795 0.978911 0.017198 0.000007
2 2 0.001753 0.017392 0.911279 0.069414 0.000162
2 0 0.006311 0.066559 0.885094 0.041335 0.000701
0 0 0.385467 0.265462 0.287192 0.006883 0.054996
0 1 0.640338 0.248065 0.068846 0.001459 0.041293
1 1 0.198239 0.512748 0.224584 0.002731 0.061698
1 1 0.355049 0.412241 0.148664 0.002602 0.081443
2 1 0.017847 0.228447 0.579254 0.062063 0.112389
2 1 0.015944 0.319447 0.506310 0.043216 0.115083
2 1 0.050981 0.376622 0.488453 0.033213 0.050732
2 1 0.108061 0.366828 0.460983 0.022802 0.041326
2 1 0.007102 0.223846 0.711454 0.021714 0.035883
2 1 0.001090 0.118159 0.835520 0.010074 0.035158
2 1 0.000007 0.006621 0.992305 0.000787 0.000281
2 1 0.000003 0.003076 0.994535 0.002311 0.000075
2 2 0.000012 0.008698 0.990103 0.000861 0.000325
2 2 0.000003 0.002285 0.997223 0.000459 0.000030
2 2 0.000000 0.000306 0.997012 0.002680 0.000003
2 2 0.000006 0.002716 0.987328 0.009912 0.000039
2 2 0.000092 0.010337 0.986695 0.002654 0.000222
2 2 0.003254 0.042784 0.941767 0.010837 0.001359
2 2 0.009720 0.160114 0.773834 0.038918 0.017414
2 2 0.002231 0.067921 0.905176 0.010418 0.014254
2 2 0.000195 0.042317 0.948301 0.003598 0.005588
2 2 0.000058 0.013271 0.977054 0.006326 0.003292
2 2 0.001996 0.040062 0.946531 0.009606 0.001805
2 2 0.005605 0.059659 0.908359 0.022252 0.004125
2 2 0.003631 0.089002 0.874216 0.024747 0.008404
2 2 0.001195 0.031493 0.939235 0.021028 0.007049
2 2 0.000001 0.003125 0.995206 0.001415 0.000253
2 2 0.000002 0.008874 0.990007 0.000259 0.000858
2 2 0.000001 0.001698 0.994690 0.003404 0.000208
2 2 0.000003 0.002674 0.983784 0.013371 0.000169
2 2 0.000003 0.001474 0.949387 0.048988 0.000148
2 2 0.000003 0.001237 0.949937 0.048778 0.000047
2 2 0.000001 0.000592 0.895072 0.104296 0.000038
2 2 0.000034 0.004876 0.905551 0.089008 0.000530
2 2 0.000252 0.006452 0.621508 0.371481 0.000308
2 2 0.000013 0.000806 0.602528 0.396575 0.000079
2 2 0.000012 0.000584 0.515688 0.483679 0.000037
3 2 0.000033 0.001072 0.496984 0.501857 0.000054
3 2 0.000036 0.000488 0.261667 0.737795 0.000014
3 2 0.000008 0.000079 0.087164 0.912746 0.000003
3 2 0.000157 0.001230 0.207032 0.788805 0.002777
3 3 0.000319 0.002213 0.222171 0.773542 0.001755
3 3 0.000051 0.000089 0.026920 0.972920 0.000019
3 3 0.000049 0.000093 0.027291 0.972548 0.000019
3 3 0.000330 0.000091 0.004069 0.995365 0.000145
3 3 0.000233 0.000070 0.004051 0.995546 0.000100
3 3 0.000188 0.000058 0.003969 0.995707 0.000079
3 3 0.000213 0.000039 0.001795 0.997860 0.000093
3 3 0.000094 0.000020 0.001709 0.998138 0.000039
3 3 0.000067 0.000013 0.001256 0.998638 0.000027
3 3 0.000140 0.000024 0.001406 0.998371 0.000059
3 3 0.000227 0.000039 0.001657 0.997978 0.000099
3 3 0.000241 0.000032 0.001089 0.998531 0.000107
3 3 0.000252 0.000039 0.001432 0.998165 0.000112
3 3 0.000224 0.000044 0.002045 0.997590 0.000097
3 3 0.000151 0.000029 0.001678 0.998078 0.000064
3 3 0.000506 0.000078 0.001821 0.997361 0.000234
3 3 0.000504 0.000036 0.000515 0.998702 0.000242
3 3 0.000202 0.000018 0.000559 0.999130 0.000091
3 3 0.000474 0.000068 0.001576 0.997662 0.000220
3 3 0.000294 0.000035 0.000983 0.998554 0.000134
3 3 0.000267 0.000026 0.000670 0.998916 0.000122
3 3 0.000385 0.000058 0.001573 0.997808 0.000176
3 3 0.000222 0.000038 0.001605 0.998038 0.000097
3 3 0.000421 0.000054 0.001274 0.998055 0.000195
3 3 0.000762 0.000074 0.000977 0.997816 0.000371
3 3 0.001484 0.000162 0.001599 0.996037 0.000718
3 3 0.001528 0.000171 0.001594 0.995936 0.000770
3 3 0.001657 0.000266 0.003086 0.994191 0.000800
3 3 0.025097 0.004370 0.031886 0.932473 0.006174
3 3 0.004105 0.003465 0.059985 0.930629 0.001817
3 3 0.003682 0.004942 0.121171 0.868889 0.001315
3 3 0.006438 0.015147 0.350711 0.625982 0.001722
2 3 0.033270 0.042902 0.490285 0.428443 0.005100
2 2 0.023970 0.147614 0.558323 0.246720 0.023372
2 2 0.070218 0.119187 0.540074 0.248148 0.022373
2 2 0.002723 0.059810 0.746489 0.184036 0.006943
2 2 0.000099 0.004368 0.690842 0.302701 0.001990
2 2 0.000016 0.001085 0.604660 0.394197 0.000042
2 2 0.000015 0.000799 0.538495 0.460461 0.000230
2 2 0.000001 0.000152 0.649981 0.349864 0.000002
2 2 0.000002 0.000409 0.798755 0.200827 0.000007
2 2 0.000001 0.000269 0.849404 0.150304 0.000023
2 2 0.000002 0.000654 0.917579 0.081726 0.000039
2 2 0.000009 0.000849 0.626913 0.372164 0.000064
2 2 0.000008 0.001191 0.811274 0.187435 0.000092
2 2 0.000013 0.001446 0.775973 0.222510 0.000059
2 2 0.000003 0.000745 0.838708 0.160529 0.000016
2 2 0.000011 0.002531 0.909542 0.087618 0.000298
2 2 0.000003 0.000804 0.863223 0.135935 0.000035
2 2 0.000014 0.002776 0.896553 0.098898 0.001759
2 2 0.000009 0.003332 0.950758 0.043554 0.002347
2 2 0.000069 0.003035 0.598520 0.395853 0.002522
2 2 0.000521 0.017207 0.777169 0.201835 0.003268
2 2 0.011194 0.086332 0.877514 0.019232 0.005728
2 2 0.027629 0.196679 0.719285 0.045439 0.010967
0 0 0.717035 0.117924 0.020848 0.000058 0.144135
0 0 0.786836 0.100893 0.018303 0.000092 0.093877
0 1 0.482349 0.332108 0.109849 0.001900 0.073794
0 1 0.461638 0.267145 0.103478 0.004962 0.162777
4 1 0.050324 0.311322 0.194750 0.005409 0.438194
1 1 0.026063 0.366512 0.302642 0.022003 0.282779
2 1 0.002749 0.115686 0.799218 0.047562 0.034785
2 1 0.000320 0.025093 0.856150 0.094436 0.024002
2 2 0.000255 0.019460 0.878126 0.100950 0.001209
2 2 0.000025 0.001744 0.862575 0.135503 0.000154
2 2 0.000337 0.067611 0.923091 0.000165 0.008795
2 2 0.000006 0.012200 0.986217 0.000342 0.001234
2 2 0.000011 0.001813 0.867218 0.130911 0.000047
2 2 0.000019 0.002326 0.834256 0.163259 0.000139
2 2 0.000015 0.007238 0.985459 0.005105 0.002182
2 2 0.000066 0.026517 0.958752 0.008145 0.006520
2 2 0.000011 0.009143 0.986145 0.004190 0.000510
2 2 0.000001 0.001333 0.992369 0.006230 0.000068
2 2 0.000004 0.006629 0.987688 0.004914 0.000766
2 2 0.000011 0.016477 0.977346 0.003768 0.002397
2 2 0.000023 0.003379 0.895900 0.100488 0.000211
2 2 0.000019 0.002890 0.866799 0.130135 0.000157
2 2 0.000004 0.002173 0.962303 0.035447 0.000072
2 2 0.000009 0.003185 0.952512 0.044107 0.000188
2 2 0.000009 0.001748 0.874101 0.123974 0.000169
2 2 0.000018 0.004059 0.939661 0.055844 0.000419
2 2 0.000043 0.007463 0.924761 0.065884 0.001848
2 2 0.000121 0.015203 0.915201 0.063768 0.005707
2 2 0.000091 0.005703 0.806268 0.187286 0.000652
2 2 0.000222 0.007747 0.677985 0.312815 0.001231
2 2 0.000084 0.004784 0.745042 0.248369 0.001721
2 2 0.000696 0.019337 0.752728 0.223984 0.003255
3 2 0.001802 0.013663 0.458139 0.515608 0.010788
3 2 0.000183 0.002456 0.364891 0.631787 0.000683
2 2 0.023260 0.221185 0.706327 0.034815 0.014413
2 2 0.005550 0.139064 0.752093 0.095813 0.007479
2 2 0.000112 0.004385 0.627951 0.367155 0.000398
2 2 0.000072 0.004798 0.782009 0.212494 0.000626
2 2 0.000169 0.006134 0.803844 0.189487 0.000366
2 2 0.000396 0.010197 0.844296 0.144745 0.000366
2 2 0.019351 0.183498 0.667954 0.057337 0.071861
2 2 0.028584 0.289705 0.561727 0.061313 0.058670
2 2 0.002660 0.110457 0.805333 0.052233 0.029317
2 2 0.000037 0.008378 0.934225 0.048750 0.008609
2 2 0.000030 0.005890 0.931544 0.061696 0.000840
2 2 0.000052 0.009838 0.944175 0.043107 0.002828
2 2 0.000001 0.000442 0.863438 0.136101 0.000017
2 2 0.000007 0.001778 0.922505 0.075673 0.000038
2 2 0.000002 0.001073 0.939392 0.059474 0.000059
2 2 0.000013 0.002667 0.897223 0.099879 0.000218
0 2 0.430882 0.341190 0.115205 0.001859 0.110864
1 2 0.271780 0.452460 0.189855 0.004673 0.081232
2 1 0.005761 0.214094 0.685834 0.076398 0.017913
2 1 0.008869 0.267684 0.622360 0.076752 0.024336
2 1 0.000262 0.016212 0.829796 0.153215 0.000515
2 1 0.000191 0.011638 0.812585 0.175272 0.000313
2 2 0.004464 0.134036 0.796374 0.059802 0.005324
2 2 0.006026 0.188382 0.709246 0.083763 0.012583
2 2 0.012476 0.263077 0.661754 0.040304 0.022389
2 2 0.008423 0.249795 0.638647 0.078903 0.024232
2 2 0.008823 0.337646 0.560658 0.038676 0.054196
2 2 0.007704 0.295400 0.647340 0.009341 0.040214
1 2 0.073363 0.479550 0.343730 0.014514 0.088843
1 4 0.030523 0.481171 0.382471 0.010783 0.095052
2 4 0.012201 0.270265 0.615847 0.086378 0.015309
2 4 0.012793 0.316979 0.591725 0.057570 0.020932
2 4 0.021859 0.444419 0.469385 0.011317 0.053020
2 4 0.016579 0.302182 0.622786 0.029918 0.028535
0 4 0.412488 0.289692 0.120378 0.007053 0.170387
0 4 0.466144 0.285522 0.095120 0.001909 0.151305
4 4 0.073788 0.369672 0.148059 0.000508 0.407973
1 4 0.088619 0.393408 0.196101 0.002693 0.319179
4 4 0.112718 0.334113 0.187865 0.008749 0.356555
4 4 0.304075 0.279662 0.104014 0.001961 0.310288
2 4 0.005315 0.306887 0.575516 0.016871 0.095411
2 4 0.005640 0.339265 0.502823 0.012988 0.139284
2 4 0.003173 0.352386 0.461007 0.003901 0.179533
2 4 0.002294 0.365356 0.419607 0.002298 0.210445
1 4 0.014083 0.420098 0.277249 0.000845 0.287726
4 4 0.003666 0.262811 0.233623 0.001468 0.498432
4 4 0.002476 0.254722 0.136151 0.000011 0.606640
4 4 0.004627 0.245048 0.102470 0.000006 0.647849
4 4 0.011920 0.076435 0.036770 0.000101 0.874773
4 4 0.011362 0.019446 0.008741 0.000027 0.960425
4 4 0.005382 0.035663 0.026489 0.000489 0.931977
4 4 0.010787 0.138013 0.112042 0.004990 0.734168
4 4 0.011643 0.045716 0.016894 0.000012 0.925736
4 4 0.009410 0.014081 0.005806 0.000010 0.970693
4 4 0.007330 0.003395 0.001813 0.000020 0.987442
4 4 0.007301 0.002698 0.001674 0.000049 0.988278
4 4 0.005196 0.006172 0.003112 0.000012 0.985507
4 4 0.006751 0.011095 0.004687 0.000007 0.977460
4 4 0.023272 0.092706 0.036956 0.000070 0.846997
4 4 0.013932 0.054160 0.024047 0.000057 0.907803
4 4 0.011042 0.011556 0.006083 0.000058 0.971261
4 4 0.010467 0.007760 0.003680 0.000021 0.978072
4 4 0.008457 0.036307 0.016959 0.000035 0.938242
4 4 0.011755 0.122573 0.057355 0.000104 0.808213
4 4 0.011513 0.233671 0.118382 0.000170 0.636264
4 4 0.015421 0.281542 0.168363 0.000938 0.533735
4 4 0.004354 0.166214 0.088656 0.000065 0.740712
4 4 0.003186 0.182270 0.129511 0.000316 0.684716
4 4 0.001787 0.038879 0.029400 0.000159 0.929775
4 4 0.003352 0.087758 0.061090 0.000313 0.847487
4 4 0.006836 0.008990 0.003646 0.000005 0.980522
4 4 0.009250 0.060420 0.028290 0.000054 0.901986
4 4 0.006783 0.131859 0.091900 0.000961 0.768497
4 4 0.005879 0.046755 0.031920 0.000358 0.915088
4 4 0.010486 0.023847 0.011478 0.000044 0.954146
4 4 0.015565 0.033017 0.014908 0.000055 0.936454
4 4 0.009200 0.338882 0.219135 0.000461 0.432323
4 4 0.005033 0.290164 0.202926 0.000338 0.501539
4 4 0.010983 0.021784 0.008662 0.000012 0.958560
4 4 0.009139 0.021113 0.008969 0.000015 0.960764
4 4 0.001736 0.294645 0.245861 0.000162 0.457595
4 4 0.000980 0.204419 0.215223 0.000612 0.578766
4 4 0.002572 0.079687 0.043767 0.000036 0.873938
4 4 0.002112 0.020786 0.010867 0.000011 0.966224
4 4 0.004852 0.025136 0.017442 0.000222 0.952348
4 4 0.008742 0.103171 0.078753 0.002045 0.807289
4 4 0.001637 0.271376 0.287620 0.000779 0.438587
4 4 0.000961 0.255058 0.247131 0.000210 0.496639
2 4 0.001208 0.313550 0.359641 0.000884 0.324716
4 1 0.000518 0.269845 0.353266 0.000614 0.375756
4 1 0.000505 0.321058 0.324359 0.000054 0.354025
1 1 0.001383 0.360621 0.283375 0.000044 0.354577
4 1 0.001644 0.227717 0.230575 0.001062 0.539002
4 1 0.001383 0.257610 0.278654 0.001043 0.461310
4 1 0.000856 0.242007 0.285133 0.000694 0.471310
4 1 0.001099 0.276419 0.311813 0.000813 0.409857
2 1 0.002964 0.262450 0.535258 0.007872 0.191455
2 1 0.001956 0.236782 0.472806 0.003967 0.284490
2 1 0.003032 0.298057 0.410071 0.004422 0.284418
2 1 0.002779 0.284671 0.364749 0.003307 0.344495
4 1 0.001245 0.194679 0.225803 0.000846 0.577427
4 1 0.002289 0.278799 0.291708 0.001915 0.425290
4 1 0.014719 0.310997 0.302042 0.012395 0.359848
4 1 0.007192 0.239348 0.197127 0.003553 0.552780
1 1 0.067781 0.462913 0.232144 0.001705 0.235458
1 1 0.058662 0.438391 0.225099 0.001754 0.276095
2 1 0.005056 0.363122 0.491304 0.004540 0.135978
2 1 0.004480 0.360030 0.431922 0.007338 0.196229
1 1 0.033439 0.429021 0.350351 0.001227 0.185963
2 1 0.009461 0.373373 0.414225 0.006082 0.196860
1 1 0.007474 0.429416 0.252728 0.000092 0.310291
1 1 0.016698 0.414409 0.258296 0.000404 0.310193
0 0 0.508818 0.194922 0.038895 0.000060 0.257305
0 0 0.816343 0.078822 0.012692 0.000042 0.092101
0 0 0.955016 0.023152 0.003245 0.000032 0.018555
0 0 0.962512 0.016282 0.002512 0.000051 0.018643
4 0 0.291683 0.102913 0.029592 0.000205 0.575606
4 0 0.318383 0.123672 0.033365 0.000174 0.524406
1 0 0.243250 0.385789 0.116544 0.000384 0.254032
1 0 0.157178 0.442424 0.130133 0.000127 0.270139
4 1 0.138769 0.243639 0.103561 0.001280 0.512751
4 1 0.035759 0.362018 0.203613 0.001994 0.396615
2 1 0.009707 0.330371 0.429473 0.012611 0.217838
2 1 0.006732 0.341321 0.385170 0.008586 0.258191
4 1 0.016495 0.138893 0.107062 0.005062 0.732487
4 1 0.013751 0.275365 0.218864 0.007531 0.484489
1 1 0.027240 0.393715 0.242976 0.002095 0.333973
1 1 0.025120 0.394771 0.285746 0.006290 0.288073
4 1 0.026383 0.369834 0.208984 0.001090 0.393709
4 1 0.025725 0.344974 0.187779 0.000867 0.440655
1 1 0.033154 0.391602 0.270496 0.007631 0.297118
4 4 0.071855 0.243850 0.112300 0.000922 0.571072
4 4 0.022823 0.056395 0.030741 0.000428 0.889613
4 4 0.019978 0.077333 0.043414 0.000458 0.858817
2 4 0.005013 0.354135 0.369370 0.005626 0.265857
2 4 0.004875 0.303124 0.368144 0.001302 0.322555
4 4 0.134378 0.128295 0.048009 0.000494 0.688824
4 4 0.088242 0.101903 0.044693 0.000704 0.764458
2 4 0.072369 0.415927 0.424121 0.007374 0.080210
1 4 0.036556 0.459950 0.375662 0.021353 0.106480
2 4 0.006620 0.203444 0.678522 0.046575 0.064840
2 4 0.003139 0.186626 0.732339 0.030564 0.047332
2 2 0.000571 0.059102 0.919593 0.018189 0.002546
2 2 0.000035 0.008471 0.988939 0.002297 0.000258
2 2 0.000024 0.026922 0.971945 0.000198 0.000911
2 2 0.000010 0.012396 0.987258 0.000170 0.000165
2 2 0.003029 0.175772 0.805872 0.000020 0.015307
2 2 0.004955 0.239287 0.743691 0.000375 0.011693
2 2 0.000130 0.027824 0.966949 0.004181 0.000916
2 2 0.000015 0.006895 0.992642 0.000306 0.000142
2 2 0.000001 0.002073 0.994938 0.002970 0.000019
2 2 0.000001 0.001786 0.998026 0.000177 0.000010
2 2 0.000017 0.002113 0.997217 0.000648 0.000005
2 2 0.000005 0.004655 0.993124 0.002191 0.000025
2 2 0.000006 0.003566 0.991645 0.004740 0.000042
2 2 0.000001 0.000769 0.992759 0.006466 0.000004
2 2 0.000010 0.004493 0.989351 0.006115 0.000031
2 2 0.000010 0.003862 0.993572 0.002519 0.000037
2 2 0.000015 0.004417 0.992667 0.002873 0.000028
2 2 0.000004 0.001577 0.996410 0.002001 0.000008
2 2 0.000002 0.000683 0.973645 0.025666 0.000004
2 2 0.000003 0.001413 0.933060 0.065504 0.000020
2 2 0.000001 0.001313 0.976576 0.022097 0.000013
2 2 0.000001 0.001468 0.986664 0.011856 0.000010
2 2 0.000130 0.007045 0.801561 0.190370 0.000893
2 2 0.000059 0.006923 0.894168 0.098605 0.000245
2 2 0.000005 0.001277 0.891154 0.107547 0.000017
2 2 0.000021 0.001429 0.731286 0.267243 0.000021
2 2 0.000001 0.000282 0.828466 0.171245 0.000006
2 2 0.000014 0.001816 0.844368 0.153762 0.000039
3 2 0.000011 0.000373 0.331357 0.668254 0.000004
3 2 0.000033 0.000693 0.311736 0.687526 0.000013
3 2 0.000015 0.000298 0.244403 0.755279 0.000005
3 2 0.000028 0.000281 0.142774 0.856906 0.000011
3 3 0.000083 0.000288 0.069171 0.930394 0.000065
3 3 0.000081 0.000371 0.105820 0.893675 0.000053
3 3 0.000018 0.000065 0.040568 0.959342 0.000007
3 3 0.000021 0.000022 0.008286 0.991664 0.000008
3 3 0.000157 0.000117 0.013465 0.986197 0.000064
3 3 0.000233 0.000140 0.012682 0.986849 0.000096
3 3 0.000284 0.000146 0.010530 0.988920 0.000120
3 3 0.000185 0.000072 0.005764 0.993903 0.000077
3 3 0.000085 0.000019 0.001789 0.998072 0.000035
3 3 0.000124 0.000036 0.003138 0.996650 0.000051
3 3 0.000083 0.000023 0.002487 0.997373 0.000034
3 3 0.000056 0.000013 0.001739 0.998170 0.000022
3 3 0.000073 0.000017 0.001838 0.998042 0.000030
3 3 0.000050 0.000010 0.001149 0.998771 0.000020
3 3 0.000241 0.000034 0.001230 0.998387 0.000107
3 3 0.000209 0.000043 0.002148 0.997510 0.000090
3 3 0.000487 0.000092 0.002516 0.996683 0.000223
3 3 0.000267 0.000059 0.002590 0.996967 0.000117
3 3 0.001262 0.000228 0.003254 0.994642 0.000614
3 3 0.000278 0.000051 0.001961 0.997586 0.000123
3 3 0.000288 0.000059 0.002366 0.997160 0.000127
3 3 0.000200 0.000034 0.001561 0.998116 0.000087
3 3 0.000251 0.000041 0.001541 0.998056 0.000111
3 3 0.000198 0.000024 0.000888 0.998802 0.000088
3 3 0.000097 0.000018 0.001440 0.998405 0.000040
3 3 0.000102 0.000016 0.001094 0.998745 0.000043
3 3 0.000364 0.000064 0.002010 0.997397 0.000164
3 3 0.000278 0.000044 0.001547 0.998007 0.000124
3 3 0.000223 0.000031 0.001123 0.998524 0.000099
3 3 0.000398 0.000063 0.001727 0.997630 0.000182
3 3 0.000202 0.000027 0.001014 0.998667 0.000089
3 3 0.000182 0.000031 0.001460 0.998249 0.000079
3 3 0.000421 0.000045 0.000927 0.998411 0.000196
3 3 0.000474 0.000069 0.001600 0.997639 0.000219
3 3 0.000616 0.000090 0.001784 0.997220 0.000290
3 3 0.000466 0.000050 0.000989 0.998276 0.000218
3 3 0.000614 0.000084 0.001585 0.997428 0.000290
3 3 0.000365 0.000042 0.000988 0.998438 0.000168
3 3 0.000326 0.000045 0.001290 0.998192 0.000148
3 3 0.001001 0.000143 0.002028 0.996343 0.000486
3 3 0.000624 0.000080 0.001451 0.997550 0.000296
3 3 0.000611 0.000095 0.001962 0.997046 0.000286
3 3 0.000540 0.000071 0.001439 0.997697 0.000253
3 3 0.000374 0.000032 0.000625 0.998795 0.000175
3 3 0.005821 0.002307 0.038763 0.951550 0.001560
3 3 0.010353 0.003281 0.022517 0.959244 0.004605
0 0 0.703548 0.109803 0.094500 0.039072 0.053077
0 0 0.422402 0.275801 0.169309 0.068157 0.064331
2 1 0.033591 0.139693 0.396510 0.306911 0.123294
2 1 0.025928 0.138584 0.426086 0.240512 0.168890
2 1 0.029811 0.135956 0.654521 0.136373 0.043339
2 1 0.020755 0.205417 0.557649 0.166786 0.049393
2 1 0.050972 0.163326 0.504541 0.244644 0.036516
2 1 0.104974 0.166732 0.554592 0.155579 0.018123
2 1 0.057826 0.307136 0.466508 0.050417 0.118113
1 1 0.056575 0.412103 0.307832 0.024999 0.198492
4 1 0.019324 0.182887 0.227409 0.035897 0.534483
4 1 0.026052 0.250116 0.210077 0.023740 0.490015
2 1 0.012241 0.208377 0.573903 0.060642 0.144837
2 1 0.016538 0.243611 0.524717 0.053985 0.161148
2 1 0.007203 0.222259 0.615042 0.030483 0.125013
2 1 0.013528 0.279832 0.443889 0.023734 0.239016
4 1 0.003269 0.300644 0.344342 0.003473 0.348272
4 1 0.002862 0.302963 0.344924 0.003051 0.346200
4 1 0.004325 0.251377 0.350356 0.004948 0.388995
4 1 0.002296 0.181211 0.336316 0.002839 0.477339
4 1 0.002456 0.125966 0.175374 0.002255 0.693949
4 1 0.006037 0.229667 0.223823 0.003630 0.536843
2 1 0.003698 0.223094 0.397183 0.005460 0.370565
4 1 0.002170 0.195535 0.312542 0.002320 0.487433
2 1 0.010794 0.276516 0.435498 0.018014 0.259178
2 1 0.008816 0.249099 0.447075 0.015725 0.279285
2 1 0.004645 0.241603 0.572703 0.014987 0.166063
2 1 0.007773 0.277393 0.474739 0.015546 0.224549
2 1 0.000342 0.107195 0.747113 0.002968 0.142382
2 1 0.000773 0.180916 0.658148 0.003832 0.156331
4 1 0.002542 0.199810 0.180461 0.001237 0.615949
4 1 0.003506 0.218555 0.194097 0.001791 0.582051
2 1 0.003401 0.333062 0.359004 0.003821 0.300712
4 1 0.001924 0.276146 0.329124 0.001959 0.390847
4 4 0.004465 0.016629 0.011329 0.000141 0.967436
4 4 0.003483 0.015704 0.010622 0.000097 0.970095
4 4 0.007686 0.205203 0.161485 0.002811 0.622815
4 4 0.007825 0.098780 0.076866 0.001765 0.814765
4 4 0.001699 0.078321 0.056336 0.000163 0.863482
4 4 0.001880 0.060030 0.048588 0.000349 0.889153
4 4 0.017890 0.253835 0.177434 0.003218 0.547622
4 4 0.018217 0.332979 0.274500 0.013004 0.361300
2 4 0.003372 0.290692 0.451718 0.005988 0.248231
2 4 0.003016 0.269345 0.374460 0.003804 0.349374
1 4 0.023687 0.395233 0.306862 0.009673 0.264546
2 4 0.031140 0.362607 0.454740 0.009539 0.141974
4 4 0.002377 0.275538 0.247296 0.000614 0.474176
4 4 0.001250 0.239614 0.258267 0.000935 0.499934
