0 0 0.930035 0.031456 0.020123 0.007674 0.010712
0 0 0.959323 0.020607 0.011095 0.002946 0.006029
0 0 0.944057 0.024999 0.016099 0.006573 0.008272
0 0 0.969123 0.009900 0.008513 0.009094 0.003370
0 0 0.967398 0.009982 0.008866 0.010293 0.003462
0 0 0.973418 0.007276 0.006857 0.009953 0.002496
0 0 0.970165 0.011084 0.008524 0.006620 0.003608
0 0 0.956200 0.016889 0.012689 0.008470 0.005751
0 0 0.931095 0.029557 0.020033 0.009020 0.010294
0 0 0.922247 0.033638 0.022592 0.009649 0.011874
0 0 0.926110 0.031254 0.021545 0.010017 0.011073
0 0 0.946843 0.021783 0.015478 0.008440 0.007456
0 0 0.962695 0.016753 0.010689 0.004644 0.005219
0 0 0.968385 0.012175 0.009090 0.006399 0.003950
0 0 0.955017 0.017468 0.013047 0.008511 0.005957
0 0 0.886086 0.047433 0.033429 0.014980 0.018073
0 0 0.866115 0.072144 0.033696 0.004642 0.023403
0 0 0.825286 0.113429 0.030883 0.000920 0.029483
0 0 0.684877 0.170087 0.067851 0.004747 0.072438
0 0 0.710552 0.157092 0.067666 0.006096 0.058594
0 0 0.730625 0.139537 0.068713 0.009172 0.051953
0 0 0.661872 0.128897 0.131705 0.028555 0.048970
0 0 0.778008 0.119601 0.061314 0.004542 0.036534
0 0 0.590912 0.224387 0.103934 0.003738 0.077029
0 0 0.635727 0.218413 0.078486 0.001729 0.065645
0 1 0.687052 0.187219 0.053972 0.001300 0.070457
0 1 0.540269 0.199923 0.148824 0.008763 0.102221
0 1 0.544346 0.177768 0.156218 0.012403 0.109264
0 1 0.398496 0.164539 0.280167 0.043937 0.112861
2 1 0.271872 0.144223 0.344505 0.128454 0.110946
2 2 0.189631 0.096454 0.323769 0.283767 0.106379
2 2 0.293753 0.127429 0.298582 0.166489 0.113747
2 2 0.277316 0.147557 0.377903 0.106836 0.090387
0 2 0.492465 0.167728 0.237651 0.040275 0.061881
0 2 0.463254 0.202491 0.156934 0.018207 0.159113
0 2 0.488914 0.165106 0.084101 0.008797 0.253083
0 2 0.422585 0.142149 0.095322 0.019864 0.320080
4 2 0.299819 0.140123 0.167288 0.064153 0.328617
4 2 0.296530 0.127376 0.180003 0.098432 0.297659
2 2 0.157794 0.106425 0.287648 0.225245 0.222887
2 2 0.208571 0.108545 0.279138 0.198177 0.205569
3 2 0.137392 0.079103 0.281017 0.350961 0.151527
3 2 0.125107 0.073224 0.282390 0.375881 0.143399
0 2 0.346571 0.087612 0.192934 0.200642 0.172240
3 2 0.186282 0.055080 0.238887 0.429454 0.090298
3 2 0.112481 0.033339 0.192766 0.595608 0.065806
3 2 0.028708 0.015394 0.175185 0.755729 0.024984
3 2 0.034317 0.019937 0.194425 0.718989 0.032333
3 2 0.037700 0.019184 0.182079 0.736839 0.024198
3 2 0.034149 0.020420 0.178417 0.745637 0.021377
3 2 0.099093 0.034946 0.186043 0.641507 0.038411
3 2 0.071305 0.028915 0.167547 0.693603 0.038630
3 3 0.031081 0.010939 0.111206 0.832115 0.014660
3 3 0.032720 0.008417 0.084624 0.861212 0.013027
3 3 0.035693 0.007151 0.063433 0.884045 0.009678
3 3 0.018789 0.003580 0.050463 0.922704 0.004465
3 3 0.030222 0.005902 0.060457 0.894989 0.008431
3 3 0.022062 0.004159 0.049708 0.919536 0.004534
3 3 0.027221 0.005513 0.057811 0.902979 0.006475
3 3 0.024824 0.004979 0.057252 0.906661 0.006283
3 3 0.018535 0.005924 0.076769 0.894050 0.004722
3 3 0.018540 0.003908 0.049567 0.924719 0.003266
3 3 0.023936 0.004062 0.043140 0.925030 0.003832
3 3 0.018604 0.003429 0.045895 0.928495 0.003578
3 3 0.017398 0.003557 0.049803 0.925715 0.003527
3 3 0.015544 0.002676 0.040791 0.938181 0.002807
3 3 0.017445 0.003161 0.045986 0.929706 0.003703
3 3 0.015856 0.003290 0.051323 0.925865 0.003665
3 3 0.027796 0.006149 0.062412 0.896960 0.006683
3 3 0.012702 0.003514 0.060579 0.920310 0.002895
3 3 0.015853 0.003951 0.056889 0.920085 0.003222
3 3 0.015033 0.003074 0.045479 0.933854 0.002560
3 3 0.020729 0.004234 0.051011 0.920055 0.003971
3 3 0.034398 0.006074 0.052752 0.899541 0.007236
3 3 0.024906 0.004469 0.047481 0.918581 0.004564
3 3 0.021004 0.002691 0.031786 0.941655 0.002864
3 3 0.019692 0.002719 0.032812 0.942188 0.002588
3 3 0.011669 0.002111 0.037323 0.947129 0.001767
3 3 0.015734 0.003503 0.050931 0.926836 0.002995
3 3 0.024880 0.005666 0.061089 0.902727 0.005638
3 3 0.030591 0.006546 0.063467 0.891525 0.007870
3 3 0.032065 0.006553 0.062987 0.889666 0.008730
3 3 0.031718 0.005655 0.052370 0.903509 0.006748
3 3 0.022047 0.004366 0.050690 0.918631 0.004266
3 3 0.021869 0.005392 0.067141 0.899520 0.006079
3 3 0.020154 0.004819 0.063133 0.906619 0.005274
3 3 0.019796 0.004302 0.057305 0.913715 0.004882
3 3 0.013719 0.002781 0.047328 0.933262 0.002910
3 3 0.018866 0.003973 0.056862 0.915204 0.005096
3 3 0.015121 0.003181 0.054498 0.922955 0.004245
3 3 0.015717 0.003935 0.058853 0.917950 0.003545
3 3 0.019177 0.004720 0.059715 0.912335 0.004053
3 3 0.016423 0.004621 0.067349 0.907480 0.004127
3 3 0.025959 0.008173 0.087483 0.870188 0.008197
3 3 0.018816 0.005922 0.081520 0.887747 0.005996
3 3 0.015407 0.005600 0.088331 0.885462 0.005200
3 3 0.013715 0.004464 0.075817 0.901956 0.004048
3 3 0.020521 0.006236 0.080081 0.886858 0.006304
3 3 0.014122 0.003956 0.065972 0.912173 0.003777
3 3 0.024961 0.006288 0.073083 0.887816 0.007851
3 3 0.021918 0.005161 0.066468 0.899846 0.006607
3 3 0.030411 0.006803 0.066890 0.887556 0.008340
3 3 0.040727 0.009840 0.077569 0.859684 0.012179
3 3 0.036095 0.008378 0.076909 0.865978 0.012641
3 3 0.029205 0.007772 0.077880 0.876359 0.008784
3 3 0.020284 0.004171 0.054532 0.916203 0.004809
3 3 0.024993 0.005127 0.056841 0.907225 0.005814
3 3 0.019688 0.003417 0.043948 0.929277 0.003670
3 3 0.023524 0.004390 0.054705 0.910962 0.006418
3 3 0.039979 0.009010 0.081937 0.851672 0.017401
3 3 0.024359 0.006514 0.078847 0.881661 0.008619
3 3 0.030157 0.008659 0.094679 0.852438 0.014066
3 3 0.019795 0.005887 0.080401 0.887234 0.006683
3 3 0.020849 0.007024 0.099109 0.863093 0.009925
3 3 0.019195 0.006288 0.085523 0.882612 0.006382
3 3 0.022888 0.005961 0.068953 0.896354 0.005843
3 3 0.024699 0.005756 0.064298 0.898978 0.006268
3 3 0.020229 0.004084 0.049220 0.922840 0.003628
3 3 0.025328 0.005321 0.058985 0.904176 0.006191
3 3 0.024376 0.006176 0.072341 0.889671 0.007436
3 3 0.020188 0.006193 0.078561 0.889299 0.005758
3 3 0.015506 0.004079 0.060616 0.916364 0.003434
3 3 0.010668 0.002662 0.051416 0.933112 0.002141
3 3 0.010533 0.002278 0.043996 0.941331 0.001862
3 3 0.013679 0.003248 0.053168 0.927279 0.002626
3 3 0.062763 0.011360 0.101431 0.816614 0.007832
3 3 0.337685 0.048643 0.172929 0.413783 0.026961
0 2 0.404880 0.064217 0.206548 0.292236 0.032119
0 2 0.521073 0.085774 0.221759 0.135458 0.035937
2 2 0.275338 0.080522 0.387435 0.223141 0.033564
2 2 0.136694 0.056882 0.517664 0.267681 0.021080
2 2 0.082362 0.046815 0.614195 0.240874 0.015754
2 2 0.038659 0.033398 0.636142 0.280282 0.011519
2 2 0.061352 0.051073 0.678254 0.193028 0.016294
2 2 0.072476 0.048000 0.597795 0.264437 0.017292
2 2 0.218367 0.073369 0.481651 0.199561 0.027052
2 2 0.167378 0.070479 0.525760 0.210043 0.026339
2 2 0.245295 0.073896 0.443806 0.208652 0.028351
2 2 0.314883 0.080213 0.399297 0.175246 0.030361
2 2 0.172000 0.081712 0.575525 0.144433 0.026330
2 2 0.092112 0.051155 0.543408 0.293728 0.019596
2 2 0.102928 0.096677 0.614249 0.152974 0.033173
2 2 0.043135 0.055091 0.568678 0.309535 0.023561
2 2 0.049465 0.062505 0.576982 0.284847 0.026200
3 1 0.083350 0.043671 0.364029 0.485935 0.023015
3 1 0.055970 0.035949 0.387464 0.501588 0.019029
2 2 0.077178 0.086250 0.534441 0.261529 0.040602
2 2 0.027194 0.057527 0.692834 0.200639 0.021807
2 2 0.022883 0.062512 0.773899 0.119940 0.020766
2 2 0.017857 0.053431 0.697913 0.177385 0.053415
2 2 0.026280 0.095234 0.782427 0.043032 0.053026
2 2 0.016544 0.086868 0.779159 0.049264 0.068165
2 2 0.019893 0.088434 0.753025 0.067352 0.071296
2 2 0.025939 0.084474 0.769397 0.068275 0.051915
2 2 0.023358 0.090788 0.781822 0.055845 0.048187
2 2 0.052195 0.136171 0.697150 0.029682 0.084803
2 2 0.031488 0.139791 0.708834 0.023371 0.096516
2 2 0.034575 0.131777 0.711310 0.036350 0.085989
2 2 0.013030 0.096957 0.820568 0.028922 0.040523
2 2 0.014230 0.096683 0.797350 0.032739 0.058997
2 2 0.027643 0.141244 0.739396 0.017816 0.073902
2 2 0.037753 0.175718 0.648472 0.018453 0.119605
2 2 0.132186 0.229190 0.455845 0.020533 0.162245
2 2 0.170799 0.199574 0.502992 0.033149 0.093485
2 2 0.069796 0.146705 0.680419 0.038245 0.064835
2 2 0.033303 0.153754 0.726710 0.024832 0.061402
2 2 0.026220 0.165857 0.610975 0.020074 0.176874
2 2 0.018198 0.161412 0.660761 0.019657 0.139972
2 2 0.021406 0.155553 0.680920 0.023127 0.118993
2 2 0.051208 0.177762 0.557159 0.029333 0.184539
2 2 0.090441 0.236758 0.522290 0.018631 0.131879
2 2 0.029350 0.131387 0.749549 0.030499 0.059215
2 2 0.032627 0.146894 0.663514 0.025703 0.131261
2 2 0.068633 0.145065 0.519088 0.070800 0.196414
2 2 0.057465 0.119227 0.562538 0.093853 0.166917
2 2 0.091691 0.200094 0.548860 0.040960 0.118395
2 2 0.013493 0.117479 0.797888 0.038352 0.032788
2 2 0.020943 0.148559 0.744611 0.029012 0.056876
2 2 0.018178 0.122364 0.780646 0.024516 0.054297
2 2 0.018959 0.062117 0.708007 0.174434 0.036483
0 2 0.681001 0.086419 0.090142 0.094545 0.047894
0 1 0.829798 0.071873 0.036718 0.005560 0.056052
0 0 0.908700 0.045771 0.022555 0.003786 0.019187
0 0 0.838545 0.078388 0.044449 0.009987 0.028631
0 1 0.780928 0.092791 0.081697 0.013765 0.030819
0 2 0.590826 0.131337 0.188290 0.040897 0.048650
2 2 0.149822 0.065140 0.474071 0.283110 0.027857
2 2 0.084104 0.064196 0.685012 0.146856 0.019831
2 2 0.044264 0.067910 0.781913 0.088562 0.017352
2 2 0.091352 0.096859 0.741221 0.049485 0.021083
2 2 0.090560 0.082760 0.717440 0.088153 0.021087
2 2 0.183234 0.108230 0.615154 0.066506 0.026876
2 2 0.148496 0.109218 0.648281 0.066676 0.027329
2 2 0.207948 0.117257 0.554774 0.086310 0.033711
2 2 0.371684 0.117150 0.392479 0.081901 0.036787
0 2 0.431672 0.104301 0.330719 0.097586 0.035722
2 2 0.367435 0.172611 0.383636 0.031914 0.044405
2 2 0.174423 0.154381 0.583752 0.049067 0.038376
2 2 0.152982 0.150071 0.620112 0.041816 0.035020
2 2 0.056762 0.079476 0.781704 0.064032 0.018026
2 2 0.035936 0.044123 0.791339 0.117847 0.010755
2 2 0.096208 0.076754 0.678684 0.126390 0.021963
0 0 0.397846 0.115675 0.338425 0.105041 0.043012
0 1 0.494918 0.111315 0.222019 0.121793 0.049954
0 1 0.629223 0.130769 0.154308 0.037768 0.047932
0 2 0.471726 0.147225 0.267075 0.061656 0.052319
0 2 0.647626 0.132257 0.163087 0.019071 0.037960
0 0 0.740718 0.091554 0.100331 0.035954 0.031445
0 0 0.907273 0.031253 0.026823 0.022172 0.012479
0 0 0.939907 0.017390 0.016364 0.019622 0.006718
2 0 0.053229 0.203986 0.675813 0.020637 0.046335
2 1 0.075746 0.238459 0.612185 0.017852 0.055759
2 1 0.032539 0.163012 0.747742 0.020693 0.036014
2 1 0.022259 0.120869 0.804666 0.025580 0.026626
2 1 0.010128 0.060022 0.883529 0.033836 0.012484
2 2 0.004615 0.027500 0.906101 0.055770 0.006015
2 2 0.000707 0.006250 0.928537 0.063373 0.001132
2 2 0.001104 0.008201 0.942130 0.047168 0.001397
2 2 0.003128 0.017023 0.930441 0.046131 0.003277
2 2 0.003466 0.020694 0.932843 0.039133 0.003864
2 2 0.002680 0.019503 0.942284 0.032070 0.003462
2 2 0.004285 0.024355 0.940319 0.026830 0.004211
2 2 0.003129 0.014180 0.911584 0.068246 0.002861
2 2 0.004769 0.014283 0.881216 0.096577 0.003156
2 2 0.008199 0.017742 0.724492 0.243749 0.005819
2 2 0.012951 0.021038 0.655198 0.303001 0.007813
3 2 0.008041 0.011311 0.475536 0.499933 0.005179
2 2 0.007820 0.017243 0.760935 0.208678 0.005324
2 2 0.006014 0.014020 0.840724 0.135803 0.003438
2 2 0.010642 0.021064 0.863306 0.099969 0.005019
2 2 0.004784 0.009595 0.679159 0.303355 0.003108
2 2 0.003939 0.007741 0.531511 0.453787 0.003022
3 2 0.003693 0.006129 0.318606 0.668419 0.003153
3 2 0.004209 0.004355 0.181659 0.807019 0.002757
3 2 0.005026 0.005246 0.202772 0.783624 0.003332
3 2 0.006879 0.007739 0.301595 0.679579 0.004208
3 2 0.004955 0.004730 0.210490 0.777038 0.002787
3 2 0.004024 0.005198 0.285799 0.702277 0.002703
3 2 0.002942 0.003788 0.215557 0.775517 0.002195
3 2 0.004279 0.005111 0.208529 0.778951 0.003131
3 2 0.009042 0.008289 0.301596 0.676605 0.004468
3 2 0.006321 0.006781 0.313885 0.669478 0.003535
3 2 0.009549 0.008943 0.309198 0.667736 0.004574
3 2 0.005544 0.005383 0.206368 0.779352 0.003353
3 2 0.010608 0.010793 0.303012 0.669393 0.006193
2 2 0.024508 0.025383 0.489701 0.448914 0.011494
2 2 0.011773 0.021416 0.522924 0.434011 0.009876
2 2 0.014617 0.035034 0.596148 0.337827 0.016374
2 2 0.007888 0.021321 0.542615 0.417944 0.010231
2 2 0.005506 0.022948 0.676583 0.285352 0.009611
2 2 0.004667 0.023381 0.720430 0.241889 0.009633
2 2 0.007437 0.027382 0.738016 0.217073 0.010092
2 2 0.007144 0.024004 0.806260 0.155133 0.007458
2 2 0.003682 0.013964 0.778026 0.200022 0.004307
2 2 0.003553 0.012344 0.759990 0.220191 0.003922
2 2 0.002998 0.014967 0.701605 0.274714 0.005717
2 2 0.002966 0.012278 0.549239 0.429879 0.005638
3 2 0.004078 0.011202 0.423783 0.554975 0.005963
3 2 0.013514 0.018033 0.378527 0.579425 0.010502
3 2 0.040282 0.039927 0.427382 0.470420 0.021990
2 2 0.032951 0.049713 0.624028 0.272021 0.021287
2 2 0.016403 0.043835 0.746979 0.177369 0.015413
2 2 0.008269 0.024249 0.765248 0.194256 0.007977
2 2 0.010643 0.025835 0.732782 0.221856 0.008884
2 2 0.014466 0.024695 0.598451 0.352064 0.010324
3 2 0.014347 0.012630 0.318302 0.647909 0.006812
3 2 0.022584 0.014355 0.244377 0.709957 0.008727
3 2 0.013980 0.010100 0.213458 0.756054 0.006408
3 2 0.012832 0.009262 0.172660 0.798834 0.006412
3 2 0.007728 0.006052 0.153222 0.828767 0.004232
3 2 0.008479 0.005274 0.124879 0.857572 0.003796
3 2 0.009181 0.004941 0.110109 0.872145 0.003624
3 2 0.007638 0.005031 0.128879 0.854867 0.003585
3 3 0.014503 0.008766 0.146409 0.822378 0.007944
3 3 0.009072 0.004233 0.097176 0.886113 0.003407
3 3 0.008129 0.004124 0.100810 0.883883 0.003054
3 3 0.011819 0.005315 0.100902 0.877490 0.004475
3 3 0.017952 0.007119 0.096063 0.873146 0.005721
3 3 0.030835 0.014571 0.135527 0.805266 0.013801
3 3 0.026193 0.013058 0.135762 0.813434 0.011553
3 3 0.021472 0.009616 0.112162 0.849331 0.007418
3 3 0.017998 0.007386 0.098996 0.869814 0.005807
3 3 0.020155 0.008100 0.108039 0.855266 0.008440
3 3 0.016910 0.004833 0.069296 0.904579 0.004382
3 3 0.015064 0.005091 0.078275 0.897396 0.004174
3 3 0.016690 0.005061 0.070825 0.903380 0.004044
3 3 0.022512 0.006534 0.075946 0.888929 0.006079
3 3 0.032496 0.009609 0.087232 0.860552 0.010111
3 3 0.042677 0.011787 0.093516 0.835470 0.016550
3 3 0.031632 0.009633 0.086257 0.863503 0.008975
3 3 0.016467 0.008007 0.114486 0.854978 0.006063
3 3 0.027670 0.010708 0.109489 0.841570 0.010562
3 3 0.017177 0.005877 0.082992 0.888905 0.005050
3 3 0.018529 0.005491 0.073413 0.897638 0.004929
3 3 0.012720 0.003654 0.062470 0.918246 0.002910
3 3 0.024465 0.005237 0.057987 0.906769 0.005543
3 3 0.020462 0.005682 0.070476 0.898181 0.005199
3 3 0.028285 0.008460 0.085494 0.868923 0.008839
3 3 0.033301 0.010183 0.090942 0.856681 0.008893
3 3 0.027836 0.010232 0.100009 0.853067 0.008856
3 3 0.021349 0.007560 0.094650 0.868898 0.007544
3 3 0.027642 0.007296 0.072149 0.886042 0.006871
3 3 0.032763 0.008960 0.078246 0.871434 0.008597
3 3 0.021938 0.006089 0.075463 0.889891 0.006619
3 3 0.040566 0.012351 0.106512 0.820680 0.019891
3 3 0.023447 0.010122 0.137102 0.812590 0.016738
3 3 0.031354 0.021763 0.235332 0.668657 0.042894
3 3 0.134417 0.058314 0.367361 0.387025 0.052883
2 2 0.267808 0.117034 0.349927 0.178928 0.086303
0 2 0.487786 0.162739 0.248222 0.041176 0.060077
2 2 0.137382 0.152885 0.624586 0.046527 0.038620
2 2 0.045726 0.094596 0.813102 0.028347 0.018228
2 1 0.065172 0.128274 0.747353 0.030960 0.028242
2 1 0.051620 0.135236 0.761037 0.023634 0.028474
2 1 0.087719 0.203314 0.652385 0.013959 0.042622
2 2 0.071531 0.149623 0.733709 0.015919 0.029218
2 2 0.067616 0.096366 0.776344 0.037783 0.021891
2 2 0.017954 0.053935 0.872409 0.043335 0.012366
2 2 0.006035 0.043908 0.901641 0.038364 0.010053
2 2 0.006225 0.063334 0.893356 0.023842 0.013242
2 1 0.011093 0.058086 0.847777 0.067212 0.015832
2 1 0.082902 0.109796 0.691819 0.081103 0.034380
2 1 0.057846 0.085943 0.754408 0.077339 0.024463
2 2 0.099505 0.121115 0.710302 0.039427 0.029651
2 2 0.065832 0.103607 0.759114 0.046255 0.025192
2 2 0.039090 0.107303 0.813197 0.019706 0.020704
2 2 0.036599 0.106593 0.817468 0.019265 0.020075
2 2 0.072323 0.167457 0.716119 0.013157 0.030944
2 1 0.147883 0.222616 0.573249 0.011626 0.044627
2 2 0.061991 0.188990 0.699858 0.012787 0.036373
2 2 0.009184 0.030358 0.767311 0.183102 0.010045
2 2 0.009951 0.057732 0.879931 0.039158 0.013228
2 2 0.006305 0.046087 0.908738 0.029608 0.009263
2 2 0.004352 0.041572 0.922624 0.023536 0.007915
2 2 0.005672 0.029494 0.875275 0.082020 0.007539
2 2 0.012343 0.031675 0.791910 0.154514 0.009559
2 2 0.030587 0.058979 0.765973 0.126043 0.018417
2 2 0.027857 0.062512 0.751141 0.137715 0.020776
2 2 0.025724 0.088577 0.805988 0.055902 0.023809
2 2 0.016632 0.086451 0.851838 0.026567 0.018513
2 2 0.004298 0.036466 0.927001 0.025550 0.006685
2 2 0.009118 0.034044 0.909445 0.040632 0.006761
2 2 0.016986 0.048895 0.892475 0.032183 0.009460
2 2 0.028432 0.073153 0.834909 0.046609 0.016896
2 2 0.012427 0.054051 0.864351 0.056395 0.012777
2 2 0.021318 0.091570 0.829416 0.036702 0.020993
2 2 0.006126 0.040903 0.868908 0.073085 0.010977
2 2 0.002652 0.027647 0.888531 0.072021 0.009149
2 2 0.003264 0.044425 0.905453 0.030584 0.016274
2 2 0.001053 0.024531 0.950201 0.017875 0.006341
2 2 0.000568 0.018739 0.964912 0.012892 0.002890
2 2 0.003784 0.044024 0.924377 0.019688 0.008128
2 2 0.045146 0.101683 0.770135 0.056513 0.026524
2 2 0.022933 0.052372 0.758698 0.149321 0.016675
2 2 0.045122 0.118290 0.730743 0.069259 0.036586
2 2 0.006511 0.050200 0.844579 0.083413 0.015296
2 2 0.001064 0.032608 0.928117 0.021881 0.016331
2 2 0.001131 0.031879 0.946239 0.010905 0.009847
2 2 0.000571 0.016239 0.965954 0.013523 0.003712
2 1 0.003321 0.045223 0.929247 0.012395 0.009814
2 1 0.322041 0.199285 0.392303 0.033799 0.052572
0 2 0.519265 0.204198 0.183695 0.023375 0.069467
2 0 0.073343 0.123776 0.731475 0.042048 0.029358
2 1 0.009162 0.038065 0.882471 0.061730 0.008573
2 1 0.000648 0.009156 0.937874 0.049415 0.002908
2 2 0.000343 0.009323 0.949079 0.035373 0.005882
2 2 0.000819 0.021443 0.925817 0.021815 0.030107
2 2 0.003159 0.047696 0.764477 0.026704 0.157964
4 4 0.014595 0.056504 0.200280 0.020492 0.708129
4 4 0.018091 0.039842 0.051691 0.003851 0.886525
4 4 0.038839 0.044874 0.035340 0.002566 0.878381
4 4 0.081676 0.062714 0.028335 0.000961 0.826314
4 4 0.166543 0.112507 0.045757 0.001265 0.673928
4 4 0.080585 0.193913 0.131842 0.002573 0.591086
4 4 0.129415 0.204399 0.117993 0.003745 0.544449
2 4 0.055369 0.272353 0.417972 0.007477 0.246830
4 4 0.035952 0.163486 0.388847 0.017794 0.393921
4 4 0.063824 0.149152 0.223364 0.012043 0.551618
4 4 0.121050 0.132651 0.099743 0.003453 0.643103
4 4 0.279319 0.179107 0.143456 0.008772 0.389345
0 4 0.568529 0.142480 0.101797 0.011655 0.175538
0 4 0.659299 0.163554 0.070804 0.005836 0.100507
0 4 0.583993 0.198789 0.097482 0.010854 0.108882
0 4 0.526856 0.190615 0.138642 0.029181 0.114706
4 4 0.255822 0.213887 0.143019 0.019308 0.367964
4 4 0.248484 0.221623 0.113786 0.009397 0.406710
4 4 0.195085 0.169361 0.076555 0.004286 0.554713
2 4 0.018992 0.172271 0.666248 0.008558 0.133930
2 4 0.024882 0.213586 0.552518 0.005319 0.203695
2 4 0.012173 0.168844 0.647301 0.005882 0.165801
2 4 0.010127 0.126882 0.693214 0.024329 0.145448
2 4 0.007889 0.094811 0.746432 0.035680 0.115188
2 4 0.002272 0.046495 0.894909 0.031400 0.024923
2 2 0.003284 0.051080 0.890821 0.031325 0.023490
2 2 0.003491 0.049006 0.892231 0.034345 0.020927
2 2 0.019913 0.100015 0.811602 0.033411 0.035059
2 2 0.096738 0.151761 0.643228 0.044114 0.064159
2 2 0.144448 0.209222 0.521436 0.029097 0.095797
2 2 0.029231 0.132403 0.755787 0.031078 0.051501
2 2 0.023185 0.129211 0.767520 0.024506 0.055578
2 2 0.016241 0.105385 0.819561 0.026872 0.031941
2 2 0.007216 0.046059 0.838558 0.092945 0.015221
2 2 0.005706 0.033257 0.816180 0.133233 0.011624
2 2 0.001451 0.016593 0.854981 0.121045 0.005930
2 2 0.000684 0.009952 0.846858 0.139666 0.002840
2 2 0.000383 0.009202 0.912518 0.075222 0.002674
2 2 0.000408 0.011592 0.948830 0.035463 0.003707
2 2 0.000547 0.012275 0.939193 0.043583 0.004403
2 2 0.001425 0.022619 0.934851 0.032831 0.008275
2 2 0.001999 0.026939 0.914804 0.046382 0.009877
2 2 0.003352 0.037529 0.896325 0.051347 0.011446
2 2 0.005547 0.050077 0.884801 0.046820 0.012755
2 2 0.007346 0.043835 0.850425 0.085770 0.012624
2 2 0.007339 0.038714 0.879073 0.065256 0.009618
2 2 0.027250 0.068275 0.807619 0.077307 0.019549
2 2 0.010930 0.041121 0.847213 0.089404 0.011333
2 2 0.004846 0.039811 0.898170 0.047823 0.009350
2 2 0.005156 0.036483 0.861091 0.086939 0.010331
2 2 0.002148 0.020127 0.829153 0.141037 0.007535
2 2 0.005181 0.027766 0.812023 0.146206 0.008824
2 2 0.001274 0.014019 0.889485 0.091698 0.003524
2 2 0.002203 0.016235 0.832663 0.144264 0.004634
2 2 0.012024 0.033784 0.747175 0.195651 0.011366
2 2 0.022105 0.037225 0.696076 0.231275 0.013319
2 2 0.021666 0.042020 0.783335 0.140720 0.012258
2 2 0.015924 0.037554 0.771030 0.163949 0.011543
2 2 0.011317 0.040610 0.853644 0.084162 0.010266
2 2 0.036016 0.050324 0.722562 0.174498 0.016600
2 2 0.040806 0.051045 0.780790 0.112927 0.014431
2 2 0.013620 0.040088 0.880313 0.056941 0.009037
2 2 0.012217 0.038063 0.885971 0.055606 0.008142
2 2 0.004744 0.026885 0.908146 0.054568 0.005658
2 2 0.016334 0.044068 0.838048 0.091046 0.010505
2 2 0.079772 0.101651 0.680002 0.109941 0.028634
0 0 0.401499 0.236853 0.219276 0.045240 0.097132
2 1 0.234822 0.314390 0.317436 0.025730 0.107622
2 1 0.099151 0.290156 0.487503 0.031646 0.091544
2 2 0.017529 0.118768 0.742388 0.042903 0.078411
2 2 0.005040 0.033162 0.847072 0.100736 0.013990
2 2 0.001527 0.016670 0.907396 0.068015 0.006392
2 2 0.001014 0.012891 0.943695 0.039865 0.002535
2 2 0.000567 0.009014 0.929106 0.059382 0.001931
2 2 0.001138 0.015697 0.950330 0.029955 0.002879
2 2 0.001131 0.012637 0.936459 0.047259 0.002515
2 2 0.001860 0.013550 0.913005 0.068641 0.002944
2 2 0.002789 0.013819 0.818481 0.160954 0.003957
2 2 0.003911 0.013608 0.737973 0.240087 0.004421
2 2 0.004612 0.012149 0.573319 0.404910 0.005010
2 2 0.007763 0.021111 0.751177 0.212829 0.007119
2 2 0.007564 0.026785 0.863618 0.095199 0.006834
2 2 0.002102 0.005026 0.507030 0.483992 0.001849
3 2 0.006644 0.006877 0.324101 0.658995 0.003383
3 2 0.011723 0.016016 0.482380 0.482463 0.007418
2 2 0.004809 0.016701 0.692925 0.279467 0.006097
2 2 0.002475 0.015793 0.808619 0.168239 0.004873
2 2 0.001788 0.013084 0.808328 0.172796 0.004004
2 2 0.002840 0.012712 0.688737 0.291088 0.004623
2 2 0.003779 0.014160 0.643580 0.332904 0.005577
2 2 0.005906 0.014506 0.576122 0.397528 0.005938
3 2 0.009112 0.015599 0.458456 0.509132 0.007702
3 2 0.005430 0.010174 0.428981 0.550581 0.004834
3 2 0.003534 0.006752 0.349331 0.636931 0.003452
3 2 0.002266 0.003289 0.212068 0.780400 0.001977
3 2 0.001711 0.003107 0.249922 0.743522 0.001738
3 2 0.002842 0.003909 0.213587 0.777219 0.002444
3 2 0.002710 0.003521 0.198200 0.793381 0.002188
3 2 0.007683 0.008473 0.275078 0.703749 0.005017
3 2 0.003894 0.004598 0.227848 0.760906 0.002754
3 2 0.009994 0.008488 0.265762 0.710911 0.004845
3 3 0.004624 0.007696 0.300542 0.682758 0.004379
3 3 0.006752 0.007185 0.198815 0.782412 0.004835
3 3 0.009774 0.008548 0.189387 0.785109 0.007181
3 3 0.006630 0.006233 0.187282 0.794567 0.005288
3 3 0.005521 0.004544 0.157713 0.828363 0.003859
3 3 0.003188 0.002270 0.112008 0.880979 0.001555
3 3 0.004917 0.002751 0.097879 0.892487 0.001966
3 3 0.008724 0.005325 0.123398 0.858708 0.003844
3 3 0.006247 0.003983 0.118720 0.868221 0.002828
3 3 0.008469 0.005496 0.134202 0.847468 0.004364
3 3 0.008816 0.005843 0.134251 0.846909 0.004181
3 3 0.009867 0.007481 0.164455 0.811995 0.006202
3 3 0.008642 0.006335 0.156266 0.823281 0.005476
3 3 0.010022 0.006803 0.154979 0.821536 0.006659
3 3 0.008113 0.005615 0.158994 0.820648 0.006631
3 3 0.009291 0.007308 0.182675 0.792594 0.008133
3 3 0.007152 0.005190 0.146449 0.836904 0.004305
3 3 0.008458 0.005911 0.148391 0.832113 0.005127
3 3 0.014941 0.011896 0.195577 0.766245 0.011341
3 3 0.011856 0.007444 0.136574 0.838710 0.005415
3 3 0.010995 0.006437 0.125187 0.852674 0.004707
3 3 0.009853 0.005342 0.115975 0.864531 0.004299
3 3 0.016387 0.009034 0.147518 0.816459 0.010601
3 3 0.009254 0.003720 0.087192 0.896361 0.003472
3 3 0.019886 0.007893 0.108416 0.855022 0.008784
3 3 0.017837 0.008797 0.120234 0.846087 0.007045
3 3 0.014535 0.005686 0.089745 0.885535 0.004500
3 3 0.012564 0.005558 0.097484 0.880180 0.004213
3 3 0.006334 0.003506 0.103260 0.884368 0.002531
3 3 0.005272 0.003075 0.103960 0.885500 0.002193
3 3 0.007222 0.005971 0.161152 0.821308 0.004347
3 3 0.009085 0.006428 0.156159 0.822293 0.006035
3 3 0.013489 0.008830 0.152063 0.818316 0.007302
3 3 0.014653 0.008209 0.130805 0.839815 0.006518
3 3 0.017661 0.008002 0.108423 0.859793 0.006122
3 3 0.020644 0.009458 0.119094 0.842292 0.008512
3 3 0.018656 0.011154 0.157672 0.801213 0.011305
3 3 0.011249 0.007846 0.162738 0.810579 0.007588
3 3 0.014743 0.011473 0.204071 0.755658 0.014055
3 3 0.012270 0.006828 0.132601 0.841632 0.006668
3 3 0.017623 0.008611 0.124950 0.840614 0.008203
3 3 0.025459 0.017413 0.201023 0.734479 0.021626
3 3 0.032310 0.019496 0.198195 0.719138 0.030860
3 3 0.023743 0.014751 0.186045 0.755296 0.020165
3 3 0.037863 0.022046 0.191777 0.716729 0.031585
3 3 0.020059 0.013445 0.177545 0.775676 0.013274
3 3 0.020560 0.011774 0.154704 0.800874 0.012088
3 3 0.016062 0.010303 0.162972 0.800411 0.010252
3 3 0.016645 0.011661 0.187914 0.769865 0.013916
3 3 0.016311 0.012085 0.204671 0.750381 0.016552
3 3 0.010537 0.008241 0.188833 0.782813 0.009576
3 3 0.012711 0.011240 0.233384 0.726299 0.016366
3 3 0.013858 0.011146 0.218378 0.740140 0.016478
3 3 0.016353 0.012779 0.220259 0.731428 0.019181
3 3 0.023989 0.014842 0.178859 0.764691 0.017619
3 3 0.022472 0.018909 0.226970 0.712060 0.019587
3 2 0.024357 0.028074 0.359697 0.566518 0.021353
2 2 0.041480 0.076440 0.639098 0.182790 0.060193
2 2 0.040152 0.114767 0.652981 0.079675 0.112426
2 4 0.017604 0.071412 0.548364 0.130747 0.231873
4 4 0.044525 0.098031 0.283672 0.029253 0.544519
4 4 0.107665 0.093798 0.191248 0.034178 0.573111
4 4 0.228029 0.105554 0.146381 0.034979 0.485056
4 4 0.165016 0.145629 0.251473 0.073717 0.364165
2 4 0.153424 0.142657 0.375286 0.169405 0.159228
2 1 0.102633 0.102825 0.474702 0.262894 0.056946
2 1 0.087170 0.151748 0.548748 0.147380 0.064954
2 4 0.217301 0.211667 0.386408 0.090632 0.093992
2 4 0.035229 0.166372 0.673430 0.055179 0.069790
2 4 0.018992 0.136207 0.544526 0.036939 0.263336
2 4 0.015209 0.132116 0.510781 0.021629 0.320266
2 4 0.179722 0.198648 0.318487 0.096018 0.207125
4 4 0.154771 0.178663 0.239410 0.112678 0.314477
4 4 0.177532 0.212334 0.206095 0.054970 0.349069
2 4 0.030831 0.116526 0.660337 0.105735 0.086571
2 1 0.005560 0.061435 0.850397 0.040286 0.042321
2 2 0.009717 0.092152 0.819759 0.031168 0.047204
2 2 0.016585 0.125679 0.724221 0.066943 0.066572
2 2 0.011216 0.127224 0.757665 0.048611 0.055285
2 2 0.015655 0.132382 0.772088 0.039107 0.040768
2 2 0.040052 0.190296 0.683131 0.019331 0.067190
2 2 0.028582 0.140124 0.769391 0.027212 0.034692
2 2 0.018697 0.112539 0.819368 0.021959 0.027437
2 2 0.013835 0.091127 0.835352 0.030850 0.028836
2 2 0.004883 0.061532 0.867627 0.029938 0.036021
2 2 0.001379 0.034633 0.905580 0.026864 0.031544
2 2 0.001539 0.042194 0.886484 0.016192 0.053592
2 2 0.006939 0.091989 0.572938 0.009626 0.318508
2 2 0.007652 0.098391 0.747526 0.016171 0.130260
2 2 0.081100 0.221938 0.404100 0.011148 0.281715
4 2 0.138983 0.256019 0.172319 0.006619 0.426060
4 4 0.081572 0.172344 0.115495 0.004137 0.626451
4 4 0.049942 0.151755 0.205189 0.012031 0.581084
4 4 0.039238 0.081877 0.090598 0.009810 0.778478
4 4 0.067666 0.102542 0.075595 0.005723 0.748474
4 4 0.085598 0.134480 0.089430 0.004644 0.685848
4 4 0.037802 0.157820 0.201250 0.005837 0.597291
4 4 0.057512 0.138768 0.134379 0.003489 0.665851
4 4 0.079417 0.132007 0.097891 0.001630 0.689055
4 4 0.094976 0.144794 0.064016 0.000609 0.695606
4 4 0.139325 0.111333 0.040634 0.001141 0.707568
2 1 0.050240 0.219164 0.610694 0.015172 0.104731
2 4 0.023652 0.186597 0.525793 0.008978 0.254979
2 4 0.015868 0.154240 0.521995 0.016765 0.291132
4 4 0.012948 0.150394 0.412811 0.007562 0.416285
2 4 0.010734 0.142676 0.541238 0.010653 0.294698
2 1 0.005108 0.114163 0.736399 0.009495 0.134834
2 2 0.001243 0.048624 0.912810 0.011237 0.026086
2 2 0.000849 0.039932 0.928106 0.009228 0.021886
2 2 0.000480 0.021722 0.950993 0.016740 0.010065
2 2 0.001482 0.044646 0.906728 0.018079 0.029064
2 2 0.002270 0.059398 0.894136 0.020780 0.023416
2 2 0.003063 0.079340 0.859335 0.015957 0.042305
2 2 0.005198 0.109655 0.804502 0.016342 0.064302
2 2 0.006026 0.120799 0.762218 0.010397 0.100560
2 2 0.003562 0.087260 0.829099 0.010651 0.069427
2 2 0.009061 0.140025 0.710719 0.009839 0.130356
2 2 0.003699 0.077898 0.812292 0.013985 0.092126
2 2 0.002196 0.047300 0.866027 0.023787 0.060690
2 2 0.001705 0.036952 0.893102 0.028270 0.039971
2 2 0.001180 0.028939 0.924944 0.025897 0.019039
2 2 0.001850 0.038318 0.927888 0.014411 0.017533
2 2 0.005673 0.073171 0.877276 0.013329 0.030551
2 2 0.003379 0.060823 0.904686 0.009639 0.021473
2 2 0.001855 0.049705 0.914058 0.007403 0.026980
2 2 0.007238 0.102733 0.814715 0.005717 0.069597
2 2 0.005638 0.084165 0.858948 0.011041 0.040209
2 1 0.021463 0.154150 0.745710 0.017502 0.061175
2 2 0.078767 0.235219 0.565106 0.025973 0.094935
2 2 0.104643 0.249445 0.442918 0.018183 0.184812
2 2 0.023653 0.135499 0.724999 0.039991 0.075859
2 2 0.000619 0.021275 0.936831 0.021822 0.019453
2 2 0.000381 0.016783 0.951724 0.016909 0.014202
2 2 0.000188 0.011042 0.969450 0.012330 0.006990
2 2 0.000069 0.006639 0.982277 0.007306 0.003709
2 2 0.000155 0.009873 0.978911 0.006194 0.004867
2 2 0.000095 0.007029 0.981869 0.008381 0.002626
2 2 0.000369 0.015035 0.963956 0.012149 0.008491
2 2 0.000399 0.016907 0.956788 0.014445 0.011461
2 2 0.000240 0.013900 0.964013 0.012789 0.009059
2 2 0.000294 0.015405 0.963725 0.013240 0.007336
2 2 0.000696 0.022635 0.944175 0.019404 0.013090
2 2 0.001181 0.033079 0.925751 0.023385 0.016604
2 2 0.001913 0.046516 0.907557 0.017631 0.026383
2 2 0.000675 0.031626 0.939492 0.010949 0.017257
2 2 0.000378 0.020405 0.959114 0.007841 0.012262
2 2 0.000202 0.013226 0.969656 0.008913 0.008004
2 2 0.000451 0.018838 0.949203 0.012633 0.018875
2 2 0.000227 0.013848 0.963375 0.010426 0.012124
2 2 0.000093 0.008024 0.977781 0.009165 0.004937
2 2 0.000079 0.007411 0.979745 0.008677 0.004089
2 2 0.000121 0.007030 0.973852 0.016310 0.002687
2 2 0.000163 0.005881 0.953107 0.039082 0.001767
2 2 0.000223 0.007924 0.948037 0.040894 0.002921
2 2 0.000310 0.008927 0.945543 0.042598 0.002622
2 2 0.000382 0.009481 0.939359 0.047999 0.002779
2 2 0.001268 0.014888 0.923139 0.057306 0.003398
2 2 0.002022 0.024426 0.937542 0.031122 0.004889
2 2 0.002376 0.026121 0.930920 0.035103 0.005480
2 2 0.000879 0.018488 0.944280 0.029170 0.007184
2 2 0.000487 0.019092 0.954940 0.014337 0.011144
2 2 0.000119 0.004885 0.948939 0.044454 0.001603
2 2 0.000482 0.011470 0.921445 0.060236 0.006367
2 2 0.000705 0.014360 0.909433 0.064493 0.011009
2 2 0.000702 0.015403 0.915825 0.056454 0.011616
2 2 0.000552 0.015978 0.932221 0.035631 0.015618
2 2 0.000871 0.017130 0.944591 0.027718 0.009689
2 2 0.000725 0.015325 0.947766 0.028294 0.007890
2 2 0.001019 0.022095 0.934896 0.031261 0.010729
2 2 0.000740 0.020490 0.934200 0.032733 0.011837
2 2 0.000746 0.020595 0.930665 0.036642 0.011352
2 2 0.001532 0.031231 0.912452 0.033203 0.021582
2 2 0.003862 0.038938 0.867748 0.056978 0.032474
2 2 0.005071 0.038431 0.850419 0.073587 0.032492
2 2 0.005088 0.037256 0.827413 0.096856 0.033387
2 2 0.001933 0.022827 0.866296 0.095775 0.013169
2 2 0.000744 0.015775 0.932480 0.044218 0.006783
2 2 0.001577 0.020605 0.912692 0.058696 0.006430
2 2 0.004987 0.043122 0.905397 0.036605 0.009888
2 2 0.009602 0.055719 0.860069 0.059579 0.015030
2 2 0.008559 0.057093 0.868655 0.051248 0.014445
2 2 0.004478 0.028554 0.849379 0.109299 0.008289
2 2 0.002846 0.023307 0.865384 0.100305 0.008158
2 2 0.001471 0.011870 0.756512 0.223472 0.006674
2 2 0.000490 0.007661 0.865409 0.123941 0.002500
2 2 0.000802 0.008924 0.782802 0.204169 0.003303
2 2 0.000535 0.007664 0.864562 0.125227 0.002012
2 2 0.000833 0.007939 0.764834 0.223228 0.003165
2 2 0.000559 0.007440 0.867066 0.122487 0.002447
2 2 0.001040 0.006127 0.619732 0.370316 0.002785
2 2 0.000961 0.008365 0.779718 0.207558 0.003398
2 2 0.001768 0.016824 0.805193 0.166218 0.009997
2 2 0.005612 0.022683 0.671228 0.289312 0.011165
2 2 0.007023 0.025748 0.774581 0.183851 0.008796
2 2 0.004552 0.025462 0.827990 0.134180 0.007816
2 2 0.005292 0.037531 0.897390 0.050404 0.009383
2 2 0.004083 0.031095 0.869224 0.085684 0.009915
2 2 0.004503 0.038790 0.850392 0.080041 0.026274
2 2 0.001413 0.018247 0.863942 0.107868 0.008530
2 2 0.001649 0.022128 0.893453 0.071911 0.010859
2 2 0.001491 0.022117 0.919754 0.045357 0.011282
2 2 0.002033 0.023231 0.921108 0.044168 0.009460
2 2 0.001370 0.016104 0.912526 0.066120 0.003881
2 2 0.003213 0.025441 0.905036 0.060073 0.006236
2 2 0.003739 0.028825 0.886363 0.072986 0.008087
2 2 0.003722 0.025403 0.870214 0.092000 0.008662
2 2 0.001842 0.013865 0.784937 0.194262 0.005094
2 2 0.001182 0.011174 0.794462 0.189568 0.003614
2 2 0.001020 0.009292 0.738995 0.247406 0.003287
2 2 0.001781 0.012976 0.811120 0.170118 0.004006
2 2 0.002368 0.013637 0.808997 0.170889 0.004108
2 2 0.007812 0.027901 0.753575 0.200949 0.009763
2 2 0.004656 0.016960 0.542209 0.428189 0.007986
2 2 0.009452 0.032082 0.623657 0.308054 0.026755
2 2 0.002979 0.023201 0.778515 0.172856 0.022449
2 2 0.000774 0.011450 0.860107 0.121914 0.005756
2 2 0.000633 0.013583 0.916259 0.057465 0.012059
2 2 0.001362 0.017140 0.913184 0.054160 0.014154
2 2 0.000608 0.007301 0.906803 0.082715 0.002573
2 2 0.001480 0.017172 0.945272 0.030214 0.005862
2 2 0.001608 0.019503 0.941564 0.033315 0.004011
2 2 0.127862 0.113446 0.667789 0.060602 0.030300
2 2 0.124895 0.168065 0.626627 0.035340 0.045073
2 1 0.052417 0.137586 0.763187 0.019520 0.027291
2 2 0.009301 0.053803 0.892889 0.032872 0.011135
2 2 0.106998 0.176547 0.622815 0.043109 0.050532
2 1 0.122973 0.276239 0.505562 0.019422 0.075803
1 1 0.243688 0.379118 0.266965 0.007581 0.102649
2 1 0.157188 0.307610 0.452698 0.010812 0.071692
0 1 0.583187 0.217708 0.136773 0.005880 0.056452
0 1 0.557935 0.217103 0.161439 0.007627 0.055895
2 1 0.293122 0.254551 0.385173 0.012003 0.055151
0 1 0.361888 0.220704 0.353595 0.014810 0.049003
0 1 0.642835 0.158433 0.147548 0.011110 0.040075
0 1 0.823211 0.085030 0.052873 0.010257 0.028629
0 0 0.873045 0.075117 0.028017 0.002115 0.021706
0 1 0.846245 0.095034 0.030807 0.001518 0.026396
0 1 0.716552 0.161657 0.064255 0.003909 0.053627
0 1 0.387421 0.230358 0.080039 0.001924 0.300258
2 1 0.157081 0.266843 0.286190 0.016555 0.273330
4 1 0.038393 0.169720 0.321031 0.017487 0.453368
2 2 0.012142 0.119216 0.618737 0.024493 0.225412
2 2 0.004845 0.071732 0.775586 0.027521 0.120317
2 2 0.003452 0.059739 0.828380 0.028067 0.080362
2 2 0.009492 0.100046 0.575365 0.020613 0.294483
4 4 0.019479 0.139048 0.389765 0.014230 0.437478
4 4 0.043447 0.200859 0.236769 0.005498 0.513426
4 1 0.077273 0.242732 0.198696 0.004808 0.476491
1 1 0.178479 0.339937 0.234848 0.006096 0.240639
1 2 0.201375 0.340155 0.313044 0.010009 0.135418
2 2 0.221392 0.314849 0.324522 0.024482 0.114755
2 1 0.203075 0.303540 0.415486 0.009398 0.068501
2 1 0.047174 0.261533 0.638372 0.006653 0.046267
1 1 0.155483 0.387232 0.369104 0.005525 0.082656
2 1 0.127787 0.281612 0.513555 0.013349 0.063698
2 1 0.172586 0.254150 0.465252 0.030035 0.077977
2 1 0.211494 0.203090 0.421578 0.078518 0.085320
2 2 0.062761 0.146382 0.611424 0.114545 0.064888
2 2 0.009756 0.075427 0.835329 0.050562 0.028926
2 2 0.023273 0.107302 0.793742 0.040238 0.035445
2 2 0.107797 0.237956 0.537336 0.033445 0.083466
2 1 0.038102 0.138457 0.776725 0.018046 0.028670
2 1 0.035125 0.210414 0.709413 0.007823 0.037226
2 1 0.041792 0.248824 0.647097 0.010953 0.051334
2 2 0.034398 0.253788 0.650904 0.010169 0.050741
2 2 0.081032 0.350296 0.491598 0.006773 0.070300
2 2 0.140059 0.343719 0.427636 0.008654 0.079933
1 2 0.282531 0.326321 0.286068 0.012051 0.093030
1 2 0.289936 0.307732 0.269167 0.023695 0.109470
2 2 0.084804 0.227479 0.600714 0.025887 0.061116
2 2 0.072788 0.267834 0.595188 0.009273 0.054916
2 2 0.021588 0.178951 0.738459 0.012292 0.048710
2 2 0.020123 0.196103 0.718866 0.009639 0.055268
2 2 0.020285 0.232029 0.665783 0.006272 0.075631
2 2 0.024015 0.223104 0.626507 0.008121 0.118253
2 2 0.017067 0.182368 0.707212 0.012037 0.081316
2 2 0.027150 0.182252 0.714883 0.021956 0.053758
2 2 0.063383 0.254338 0.586681 0.018018 0.077581
2 2 0.048059 0.236579 0.535559 0.015784 0.164018
2 2 0.015236 0.142905 0.758245 0.016575 0.067039
2 2 0.000938 0.041435 0.926802 0.010266 0.020559
2 2 0.007550 0.093970 0.869846 0.011660 0.016975
2 2 0.044624 0.179378 0.708158 0.023908 0.043931
2 2 0.081231 0.210465 0.595307 0.045951 0.067045
2 2 0.082498 0.252244 0.585287 0.016715 0.063256
2 4 0.026344 0.211531 0.696668 0.009473 0.055983
2 4 0.019933 0.167663 0.511104 0.020741 0.280560
4 4 0.023938 0.114761 0.183908 0.009604 0.667790
4 4 0.066264 0.123900 0.124487 0.019597 0.665752
4 4 0.144433 0.123161 0.067520 0.005932 0.658954
4 4 0.153414 0.136060 0.079213 0.008352 0.622962
4 4 0.121238 0.113530 0.062456 0.005323 0.697454
4 4 0.129594 0.112573 0.070399 0.008661 0.678773
4 4 0.111212 0.108826 0.080593 0.008359 0.691010
4 4 0.140145 0.069140 0.028776 0.001172 0.760767
4 4 0.279660 0.106801 0.048756 0.003022 0.561761
0 4 0.445530 0.072730 0.038926 0.004265 0.438548
0 1 0.685626 0.071324 0.032927 0.002950 0.207174
0 4 0.599104 0.077129 0.043611 0.006325 0.273832
0 4 0.497181 0.076332 0.054813 0.014130 0.357543
4 4 0.143526 0.045557 0.022123 0.001384 0.787410
4 4 0.193417 0.056718 0.026641 0.001623 0.721600
4 4 0.111038 0.062184 0.031300 0.002043 0.793435
4 4 0.085608 0.041582 0.019070 0.000917 0.852823
4 4 0.136660 0.046581 0.027598 0.002945 0.786216
4 4 0.127555 0.048766 0.029195 0.003158 0.791327
4 4 0.275193 0.081654 0.041789 0.003514 0.597850
0 4 0.489889 0.123881 0.094486 0.029812 0.261933
0 1 0.524601 0.113618 0.185284 0.096685 0.079812
0 1 0.564354 0.157705 0.141130 0.019615 0.117196
0 4 0.557757 0.181454 0.074866 0.003225 0.182698
4 4 0.266733 0.187134 0.090383 0.002586 0.453163
4 4 0.277641 0.143722 0.072309 0.002795 0.503534
4 4 0.354675 0.143027 0.057171 0.002422 0.442705
0 4 0.373394 0.195359 0.089088 0.006234 0.335926
0 1 0.300886 0.266829 0.133905 0.007490 0.290890
4 4 0.101001 0.246758 0.206822 0.006736 0.438683
4 4 0.038405 0.129521 0.099181 0.002188 0.730705
4 4 0.131761 0.217968 0.205968 0.010468 0.433836
4 4 0.194491 0.192690 0.132109 0.007902 0.472808
4 4 0.373950 0.159899 0.071340 0.004610 0.390200
4 4 0.282262 0.115677 0.046789 0.002089 0.553183
4 4 0.258852 0.069631 0.031108 0.001771 0.638638
4 4 0.143291 0.056404 0.028799 0.002063 0.769443
4 4 0.246408 0.077391 0.042147 0.004085 0.629969
4 4 0.210061 0.072974 0.035275 0.002371 0.679318
4 4 0.315877 0.064814 0.054040 0.018038 0.547230
4 4 0.199872 0.044725 0.048720 0.030212 0.676471
4 4 0.398207 0.047041 0.045698 0.024835 0.484219
4 4 0.394177 0.071108 0.044634 0.007279 0.482802
4 4 0.326037 0.109184 0.072626 0.013290 0.478863
4 4 0.141725 0.059763 0.057782 0.023891 0.716839
4 4 0.150048 0.032523 0.023856 0.004677 0.788896
4 4 0.154043 0.020826 0.015476 0.003178 0.806477
4 4 0.179472 0.024523 0.015241 0.001980 0.778785
4 4 0.110123 0.024896 0.014939 0.001588 0.848454
4 4 0.158338 0.038278 0.023142 0.002699 0.777543
4 4 0.314596 0.079034 0.042572 0.004270 0.559529
0 4 0.460761 0.103790 0.047403 0.003435 0.384612
0 4 0.623185 0.104418 0.034686 0.001205 0.236505
4 4 0.403145 0.094651 0.052203 0.006048 0.443953
4 4 0.170063 0.066969 0.051528 0.011823 0.699618
4 4 0.192960 0.065627 0.045285 0.007924 0.688204
4 4 0.162307 0.052595 0.048271 0.017792 0.719035
4 4 0.067709 0.036802 0.034525 0.011273 0.849691
4 4 0.131514 0.068872 0.036019 0.002705 0.760889
4 1 0.092238 0.065573 0.045841 0.007090 0.789258
