0 0 0.976373 0.008015 0.011300 0.000376 0.003936
0 0 0.964547 0.015363 0.008119 0.000039 0.011932
0 0 0.971389 0.012144 0.004011 0.000007 0.012450
0 0 0.960832 0.012508 0.003575 0.000010 0.023075
0 0 0.960273 0.011110 0.002610 0.000005 0.026002
0 0 0.945906 0.013450 0.003389 0.000012 0.037242
0 0 0.985326 0.006365 0.003316 0.000010 0.004983
0 0 0.968831 0.012149 0.008928 0.000114 0.009978
0 0 0.936668 0.023747 0.012085 0.000120 0.027379
0 0 0.891009 0.034562 0.029983 0.001999 0.042447
0 0 0.726327 0.062591 0.067542 0.024847 0.118694
0 0 0.614410 0.100002 0.069151 0.010185 0.206253
0 0 0.697910 0.092523 0.075492 0.008602 0.125473
0 0 0.645193 0.096440 0.130574 0.039135 0.088659
0 0 0.762829 0.056951 0.083473 0.032155 0.064592
0 0 0.947337 0.019213 0.014002 0.000295 0.019153
0 0 0.976079 0.009515 0.011815 0.000107 0.002484
0 0 0.970860 0.015433 0.008970 0.000013 0.004725
0 0 0.965848 0.018310 0.011323 0.000016 0.004504
0 0 0.972202 0.014215 0.010549 0.000018 0.003016
0 0 0.966209 0.017424 0.010635 0.000022 0.005711
0 0 0.976944 0.012478 0.007055 0.000008 0.003515
0 0 0.970635 0.015447 0.010539 0.000015 0.003364
0 0 0.969464 0.017226 0.009416 0.000008 0.003886
0 0 0.962112 0.020649 0.012307 0.000015 0.004916
0 0 0.962804 0.021327 0.010723 0.000008 0.005137
0 0 0.964628 0.020013 0.010625 0.000009 0.004726
0 0 0.966016 0.019078 0.010457 0.000009 0.004439
0 0 0.967876 0.017681 0.010414 0.000011 0.004017
0 0 0.970904 0.016046 0.009500 0.000009 0.003540
0 0 0.935458 0.031923 0.022988 0.000089 0.009542
0 0 0.926691 0.038839 0.011368 0.000010 0.023092
0 0 0.936113 0.034333 0.019955 0.000037 0.009562
0 0 0.915242 0.034997 0.039433 0.000556 0.009771
0 0 0.918081 0.027282 0.041646 0.002244 0.010746
0 0 0.909660 0.024053 0.046188 0.007436 0.012663
0 0 0.905795 0.025865 0.047325 0.007078 0.013937
0 0 0.949128 0.015402 0.028869 0.001608 0.004992
0 0 0.930629 0.025218 0.036975 0.000835 0.006343
0 0 0.941686 0.030005 0.020254 0.000052 0.008003
0 0 0.904995 0.055720 0.021102 0.000018 0.018165
0 0 0.946782 0.030205 0.014902 0.000015 0.008096
0 0 0.956895 0.024608 0.012294 0.000011 0.006192
0 0 0.946504 0.030149 0.015256 0.000017 0.008074
0 0 0.943622 0.032743 0.014616 0.000012 0.009007
0 0 0.921171 0.041160 0.025467 0.000069 0.012132
0 0 0.877951 0.067613 0.032280 0.000060 0.022095
0 0 0.836738 0.085480 0.045468 0.000168 0.032146
0 0 0.782264 0.121413 0.058660 0.000140 0.037522
0 1 0.687637 0.186204 0.085734 0.000125 0.040301
0 1 0.778078 0.118484 0.075229 0.000259 0.027951
0 0 0.872169 0.060673 0.046512 0.000360 0.020287
0 0 0.895988 0.047051 0.042102 0.000399 0.014459
0 1 0.835954 0.077142 0.066386 0.000537 0.019981
0 1 0.715078 0.176065 0.082608 0.000065 0.026184
0 0 0.888896 0.056484 0.036773 0.000150 0.017697
0 1 0.880368 0.057118 0.043489 0.000309 0.018715
0 1 0.913845 0.043454 0.029563 0.000113 0.013025
0 1 0.638921 0.209300 0.114505 0.000217 0.037056
1 1 0.352673 0.409125 0.185689 0.000201 0.052313
0 2 0.688498 0.155969 0.117637 0.000818 0.037077
0 2 0.573102 0.192167 0.196695 0.002653 0.035382
0 2 0.708922 0.135172 0.121683 0.001387 0.032837
0 2 0.525231 0.230733 0.190784 0.002074 0.051177
2 2 0.136172 0.274767 0.545014 0.002636 0.041410
2 2 0.038319 0.175569 0.756122 0.002067 0.027923
2 2 0.041983 0.187610 0.734933 0.002242 0.033232
2 2 0.026251 0.114573 0.828858 0.005214 0.025104
2 2 0.022855 0.090652 0.856687 0.003940 0.025866
2 2 0.028650 0.081705 0.852896 0.002670 0.034080
2 2 0.011551 0.034624 0.932177 0.004459 0.017189
2 2 0.007911 0.029115 0.938552 0.009327 0.015094
2 2 0.023153 0.071324 0.865713 0.007453 0.032356
2 2 0.006209 0.044164 0.917742 0.013160 0.018725
2 2 0.001580 0.023155 0.954855 0.010067 0.010343
2 2 0.000779 0.017017 0.969110 0.006353 0.006741
2 2 0.000491 0.011520 0.975888 0.005167 0.006934
2 3 0.000863 0.015638 0.969272 0.005632 0.008595
2 3 0.001977 0.016018 0.953910 0.016076 0.012018
2 3 0.003134 0.017000 0.944856 0.023655 0.011354
2 3 0.003030 0.013411 0.940859 0.033131 0.009568
2 3 0.001855 0.010952 0.924093 0.056418 0.006682
2 3 0.005775 0.020577 0.921356 0.040602 0.011691
2 0 0.119595 0.060597 0.688964 0.112997 0.017847
0 0 0.532990 0.069998 0.225486 0.149906 0.021620
0 1 0.666604 0.074526 0.130545 0.065258 0.063068
0 1 0.795273 0.077767 0.094478 0.003955 0.028527
0 2 0.506774 0.238469 0.193077 0.002451 0.059228
1 2 0.266835 0.443476 0.221542 0.000503 0.067644
0 1 0.387908 0.333891 0.224958 0.000987 0.052256
0 2 0.641403 0.135867 0.186274 0.006651 0.029804
0 2 0.685145 0.110807 0.144992 0.012030 0.047027
0 0 0.850255 0.054053 0.075083 0.003157 0.017452
0 0 0.937726 0.026850 0.028278 0.000250 0.006896
0 0 0.915896 0.034246 0.039761 0.000601 0.009495
0 0 0.877966 0.055534 0.046789 0.000486 0.019225
0 0 0.888693 0.053646 0.040191 0.000255 0.017215
0 0 0.855966 0.069468 0.056603 0.000354 0.017608
0 0 0.855384 0.082290 0.040736 0.000065 0.021525
0 1 0.893799 0.051711 0.037879 0.000216 0.016395
0 1 0.878298 0.056279 0.046650 0.000423 0.018350
0 2 0.845698 0.070905 0.057748 0.000636 0.025014
0 2 0.836693 0.074315 0.063276 0.000752 0.024963
0 2 0.725598 0.134581 0.109933 0.000762 0.029126
0 2 0.630880 0.197927 0.140743 0.000445 0.030005
0 1 0.553048 0.263552 0.149749 0.000215 0.033437
0 2 0.457160 0.327528 0.179965 0.000210 0.035137
0 1 0.728025 0.149818 0.092947 0.000244 0.028966
0 1 0.876028 0.061091 0.044013 0.000242 0.018626
0 0 0.899896 0.049158 0.035433 0.000183 0.015330
0 0 0.899099 0.053510 0.030138 0.000080 0.017173
0 1 0.871678 0.078677 0.029961 0.000019 0.019665
0 0 0.886994 0.063083 0.031759 0.000054 0.018109
0 1 0.909121 0.046636 0.029836 0.000102 0.014305
0 1 0.904598 0.045908 0.035288 0.000206 0.014000
0 2 0.766166 0.114004 0.092707 0.000648 0.026475
0 2 0.656016 0.169955 0.136201 0.001030 0.036797
0 2 0.377953 0.325264 0.254855 0.001214 0.040714
0 2 0.475248 0.251682 0.228427 0.002253 0.042390
0 2 0.595250 0.188769 0.164412 0.002376 0.049193
2 2 0.044947 0.215912 0.676207 0.001602 0.061332
2 2 0.016869 0.109236 0.840710 0.002665 0.030520
2 2 0.008085 0.084425 0.876718 0.002394 0.028377
2 2 0.005616 0.053705 0.913809 0.003884 0.022986
2 2 0.002940 0.033643 0.937971 0.006017 0.019429
2 2 0.001030 0.020792 0.958347 0.005217 0.014613
2 2 0.000348 0.011816 0.974504 0.004914 0.008418
2 2 0.000334 0.008319 0.975998 0.008126 0.007222
2 2 0.000655 0.008980 0.962550 0.019557 0.008257
2 2 0.000968 0.009545 0.949275 0.030053 0.010158
2 2 0.001435 0.015349 0.939215 0.028263 0.015738
2 2 0.002889 0.019140 0.900870 0.055803 0.021298
2 2 0.002967 0.022142 0.902820 0.050986 0.021084
2 3 0.003430 0.014007 0.854430 0.114655 0.013478
2 3 0.002193 0.008585 0.854110 0.128575 0.006536
2 3 0.004127 0.006571 0.646979 0.335641 0.006682
2 3 0.004158 0.007703 0.706487 0.272449 0.009204
3 3 0.005904 0.003890 0.369519 0.614818 0.005868
3 3 0.008277 0.005045 0.315952 0.664145 0.006582
3 3 0.006157 0.005375 0.423825 0.559094 0.005550
2 3 0.006608 0.010525 0.661963 0.313159 0.007744
2 2 0.025336 0.046595 0.832327 0.080177 0.015565
2 2 0.319116 0.200980 0.417153 0.028750 0.034001
0 0 0.798334 0.070004 0.106927 0.005333 0.019403
0 0 0.833672 0.062895 0.079154 0.002901 0.021378
0 0 0.894396 0.054700 0.026494 0.000076 0.024333
0 0 0.920440 0.045743 0.019815 0.000020 0.013981
0 1 0.778243 0.137579 0.062575 0.000043 0.021560
0 1 0.595695 0.269483 0.099540 0.000040 0.035242
0 0 0.884849 0.057473 0.038616 0.000189 0.018872
0 0 0.957563 0.016419 0.022145 0.000256 0.003618
0 0 0.957835 0.022403 0.014275 0.000023 0.005464
0 0 0.955895 0.022530 0.016039 0.000037 0.005498
0 0 0.916584 0.048217 0.024401 0.000024 0.010773
0 0 0.925045 0.042223 0.022409 0.000028 0.010295
0 0 0.805105 0.115287 0.061430 0.000062 0.018116
0 0 0.663541 0.215426 0.095378 0.000049 0.025606
0 0 0.555372 0.286878 0.126261 0.000068 0.031421
0 0 0.641448 0.212088 0.118929 0.000144 0.027391
0 1 0.653794 0.197651 0.121571 0.000203 0.026782
0 1 0.747295 0.135031 0.091879 0.000289 0.025505
0 1 0.898267 0.049293 0.036842 0.000213 0.015385
0 1 0.928716 0.032593 0.029585 0.000202 0.008903
0 0 0.957148 0.022570 0.014740 0.000026 0.005516
0 0 0.965592 0.017752 0.012604 0.000023 0.004029
0 0 0.972065 0.013991 0.010970 0.000021 0.002952
0 0 0.968844 0.016217 0.011339 0.000018 0.003582
0 0 0.958431 0.021175 0.015289 0.000034 0.005070
0 0 0.959056 0.021337 0.014457 0.000027 0.005124
0 0 0.955188 0.019732 0.020346 0.000125 0.004609
0 0 0.960293 0.017477 0.018195 0.000102 0.003933
0 0 0.963890 0.015711 0.016883 0.000094 0.003422
0 0 0.964063 0.016316 0.015953 0.000070 0.003598
0 0 0.950726 0.021693 0.022218 0.000147 0.005216
0 0 0.930892 0.032614 0.027431 0.000149 0.008914
0 1 0.933444 0.033280 0.024029 0.000084 0.009163
0 1 0.741885 0.159289 0.074542 0.000057 0.024226
0 0 0.777103 0.124728 0.070062 0.000157 0.027951
0 0 0.831718 0.085332 0.063289 0.000275 0.019385
0 0 0.901804 0.043698 0.040974 0.000415 0.013109
0 0 0.878419 0.071876 0.026579 0.000023 0.023103
0 0 0.919505 0.043642 0.023689 0.000046 0.013118
0 0 0.910084 0.051290 0.022339 0.000026 0.016261
0 0 0.917686 0.044763 0.023940 0.000046 0.013565
0 0 0.728511 0.159448 0.084184 0.000117 0.027740
0 1 0.660294 0.190788 0.113686 0.000280 0.034952
0 1 0.569697 0.257785 0.133755 0.000188 0.038575
0 2 0.714379 0.164299 0.091840 0.000162 0.029321
0 2 0.901319 0.047814 0.035888 0.000203 0.014776
0 0 0.936897 0.029242 0.025990 0.000150 0.007721
0 0 0.963776 0.014259 0.018778 0.000176 0.003010
0 0 0.956482 0.013383 0.026565 0.000807 0.002763
0 0 0.971207 0.008329 0.017232 0.000811 0.002420
0 0 0.956336 0.010168 0.029426 0.002143 0.001927
0 0 0.966155 0.010075 0.021269 0.000593 0.001907
0 0 0.977151 0.008635 0.012549 0.000098 0.001566
0 0 0.981309 0.007978 0.009262 0.000034 0.001417
0 0 0.976907 0.008705 0.012704 0.000102 0.001583
0 0 0.975205 0.010277 0.012482 0.000067 0.001967
0 0 0.953779 0.019698 0.021762 0.000164 0.004596
0 0 0.921307 0.032241 0.037170 0.000517 0.008765
0 0 0.839098 0.074555 0.071137 0.000491 0.014718
0 0 0.655530 0.185075 0.135077 0.000340 0.023977
0 0 0.582349 0.232415 0.159139 0.000297 0.025800
0 0 0.641958 0.240026 0.088993 0.000029 0.028993
0 0 0.844774 0.092137 0.041991 0.000044 0.021055
0 0 0.784984 0.135055 0.055190 0.000035 0.024736
0 1 0.808251 0.118098 0.048354 0.000037 0.025261
0 1 0.765467 0.144680 0.059966 0.000050 0.029836
0 0 0.842990 0.092585 0.040535 0.000046 0.023844
0 0 0.956878 0.022293 0.015372 0.000032 0.005425
0 0 0.935631 0.036307 0.017736 0.000021 0.010305
0 0 0.910753 0.053291 0.018810 0.000012 0.017134
0 0 0.886887 0.067173 0.022620 0.000016 0.023304
0 1 0.866708 0.079727 0.024232 0.000015 0.029318
0 1 0.871708 0.074619 0.026845 0.000026 0.026803
0 1 0.910561 0.046127 0.029118 0.000094 0.014099
0 1 0.927784 0.032734 0.030308 0.000221 0.008953
0 0 0.957325 0.018468 0.019851 0.000130 0.004226
0 0 0.954235 0.019996 0.020943 0.000137 0.004689
0 0 0.950498 0.023484 0.020139 0.000084 0.005795
0 1 0.937881 0.029812 0.024274 0.000109 0.007924
0 0 0.943365 0.026008 0.023872 0.000135 0.006620
0 0 0.895415 0.052337 0.035424 0.000161 0.016663
0 0 0.727676 0.164324 0.073755 0.000086 0.034159
1 1 0.331454 0.414864 0.216833 0.000201 0.036648
1 2 0.178735 0.496801 0.266879 0.000586 0.057000
2 2 0.104896 0.357887 0.463976 0.001093 0.072148
2 2 0.009517 0.093625 0.859285 0.001341 0.036233
2 2 0.006405 0.056090 0.914028 0.001736 0.021742
2 2 0.004268 0.040230 0.934704 0.002154 0.018644
2 2 0.004600 0.053536 0.918702 0.001956 0.021207
2 2 0.014193 0.059060 0.894639 0.003629 0.028479
2 1 0.149594 0.131296 0.630954 0.009432 0.078723
2 1 0.248918 0.178326 0.468002 0.007658 0.097096
2 2 0.314018 0.274022 0.322567 0.004177 0.085216
1 2 0.199645 0.383511 0.337191 0.001488 0.078165
2 2 0.029568 0.236612 0.680028 0.001385 0.052407
2 2 0.011537 0.132870 0.823947 0.001079 0.030567
2 2 0.010538 0.115211 0.846634 0.001678 0.025939
2 2 0.008539 0.097345 0.847060 0.003228 0.043827
2 2 0.024201 0.139497 0.774290 0.003725 0.058287
2 2 0.024730 0.153857 0.765561 0.003283 0.052570
2 2 0.012632 0.096298 0.855725 0.005968 0.029376
2 2 0.003616 0.056537 0.919948 0.003439 0.016460
2 2 0.001066 0.025153 0.959878 0.003932 0.009971
2 2 0.000537 0.013715 0.973448 0.005232 0.007068
2 2 0.000574 0.009740 0.978118 0.006153 0.005414
2 2 0.000718 0.015785 0.969955 0.004440 0.009103
2 2 0.001088 0.021236 0.963266 0.003356 0.011054
2 2 0.000805 0.014185 0.970634 0.005246 0.009131
2 2 0.001614 0.023906 0.952900 0.003409 0.018171
2 2 0.001038 0.020100 0.953792 0.004377 0.020693
2 2 0.002547 0.025691 0.904874 0.010835 0.056053
2 2 0.002711 0.026814 0.887645 0.017878 0.064952
2 2 0.002605 0.024939 0.865243 0.017689 0.089524
2 2 0.002814 0.028835 0.874225 0.019311 0.074815
2 2 0.001689 0.024289 0.913040 0.013559 0.047424
2 2 0.001731 0.026661 0.915847 0.013764 0.041997
2 2 0.001271 0.025433 0.928392 0.009879 0.035024
2 2 0.000578 0.013859 0.963210 0.008433 0.013920
2 2 0.000378 0.009084 0.973941 0.008600 0.007998
2 2 0.000968 0.018293 0.941891 0.009917 0.028931
2 2 0.005052 0.037500 0.819513 0.014794 0.123141
4 2 0.027904 0.060671 0.362940 0.005409 0.543076
4 2 0.063562 0.094229 0.234960 0.005812 0.601437
4 2 0.046555 0.129798 0.358438 0.003720 0.461490
4 2 0.030848 0.109201 0.334095 0.003446 0.522411
2 2 0.026513 0.090086 0.466790 0.006817 0.409793
4 2 0.053935 0.079744 0.225552 0.003145 0.637625
0 2 0.391235 0.221848 0.126551 0.004198 0.256167
1 0 0.190302 0.303599 0.248856 0.002907 0.254336
2 1 0.030798 0.129393 0.446743 0.011858 0.381209
4 2 0.062970 0.114605 0.380782 0.009556 0.432088
4 2 0.115080 0.155847 0.297871 0.006469 0.424732
4 1 0.119236 0.152667 0.292545 0.006013 0.429539
2 1 0.017679 0.125876 0.699344 0.008310 0.148792
2 2 0.003480 0.069439 0.785794 0.005929 0.135358
2 2 0.004840 0.073048 0.727475 0.005978 0.188659
2 2 0.007308 0.088219 0.641331 0.005804 0.257339
2 2 0.007575 0.095545 0.659642 0.003983 0.233256
2 2 0.004187 0.054700 0.716460 0.003198 0.221455
2 2 0.002871 0.044344 0.837291 0.003107 0.112388
2 2 0.002418 0.037323 0.862113 0.004374 0.093772
2 2 0.002654 0.041900 0.879595 0.004704 0.071147
2 2 0.000866 0.021966 0.944228 0.007500 0.025440
2 2 0.000987 0.025420 0.939782 0.007868 0.025943
2 2 0.001010 0.023371 0.934188 0.007656 0.033775
2 2 0.001784 0.030709 0.901936 0.006824 0.058747
2 2 0.002150 0.034297 0.882831 0.006201 0.074522
2 2 0.002982 0.038458 0.865331 0.006502 0.086726
2 2 0.001371 0.022547 0.912347 0.009793 0.053941
2 2 0.002286 0.017933 0.909956 0.032105 0.037721
2 3 0.002670 0.014535 0.897982 0.061803 0.023010
2 3 0.003623 0.019750 0.881905 0.059702 0.035021
2 3 0.005394 0.025094 0.847689 0.068916 0.052907
2 3 0.007155 0.025388 0.812474 0.094157 0.060827
2 3 0.009994 0.022439 0.736501 0.185417 0.045649
2 3 0.010796 0.017664 0.667118 0.268509 0.035913
3 3 0.013340 0.011909 0.431489 0.526801 0.016461
3 3 0.011910 0.005107 0.178927 0.799255 0.004801
3 3 0.015380 0.005506 0.129125 0.845499 0.004491
3 3 0.015827 0.006659 0.172035 0.799006 0.006473
3 3 0.016790 0.006548 0.160956 0.808878 0.006828
3 3 0.022919 0.007697 0.133795 0.826831 0.008758
3 3 0.026623 0.006863 0.089292 0.869919 0.007303
3 3 0.012529 0.002526 0.054980 0.928221 0.001743
3 3 0.010973 0.002479 0.069291 0.915371 0.001886
3 3 0.006865 0.001290 0.052869 0.938096 0.000880
3 3 0.010618 0.002221 0.063896 0.921500 0.001765
3 3 0.013161 0.003177 0.080181 0.900712 0.002769
3 3 0.012382 0.002613 0.065277 0.917551 0.002177
3 3 0.016923 0.004397 0.099651 0.873989 0.005039
3 3 0.016622 0.003872 0.083123 0.892224 0.004159
3 3 0.010100 0.001427 0.032195 0.955366 0.000912
3 3 0.009256 0.001083 0.022206 0.966875 0.000580
3 3 0.008777 0.000955 0.019925 0.969836 0.000506
3 3 0.006393 0.000733 0.021789 0.970712 0.000373
3 3 0.007010 0.000980 0.031175 0.960269 0.000567
3 3 0.008136 0.001132 0.030729 0.959337 0.000665
3 3 0.007553 0.001151 0.035223 0.955403 0.000670
3 3 0.007518 0.001178 0.035052 0.955620 0.000633
3 3 0.008276 0.001428 0.040873 0.948624 0.000799
3 3 0.008514 0.001199 0.027572 0.962142 0.000572
3 3 0.008364 0.001226 0.029896 0.959909 0.000605
3 3 0.007803 0.001246 0.038029 0.952182 0.000740
3 3 0.016517 0.003275 0.062152 0.914940 0.003116
3 3 0.018407 0.003018 0.042008 0.934186 0.002382
3 3 0.014151 0.001689 0.021588 0.961678 0.000894
3 3 0.014902 0.001719 0.019983 0.962516 0.000879
3 3 0.008867 0.001982 0.071336 0.916251 0.001564
3 3 0.010035 0.001865 0.057796 0.928651 0.001653
3 3 0.008242 0.000989 0.026136 0.963991 0.000643
3 3 0.013782 0.001850 0.028548 0.954654 0.001166
3 3 0.009435 0.001393 0.031428 0.956992 0.000754
3 3 0.007338 0.000908 0.022477 0.968865 0.000412
3 3 0.006464 0.000612 0.013909 0.978779 0.000237
3 3 0.007017 0.000709 0.015413 0.976581 0.000281
3 3 0.008207 0.000934 0.018482 0.971994 0.000384
3 3 0.015548 0.002621 0.038754 0.941464 0.001613
3 3 0.010561 0.001389 0.025881 0.961431 0.000738
3 3 0.016262 0.001772 0.018923 0.962071 0.000972
3 3 0.011729 0.001303 0.020013 0.966256 0.000700
3 3 0.011456 0.001421 0.024171 0.962160 0.000792
3 3 0.013155 0.001746 0.027469 0.956580 0.001050
3 3 0.010054 0.001131 0.019451 0.968820 0.000544
3 3 0.013430 0.001443 0.019921 0.964346 0.000860
3 3 0.019672 0.001944 0.018454 0.958563 0.001366
3 3 0.017317 0.001869 0.021853 0.957599 0.001362
3 3 0.021819 0.002410 0.023895 0.949845 0.002030
3 3 0.040407 0.005208 0.052121 0.896743 0.005520
3 1 0.116121 0.020938 0.223218 0.617190 0.022534
0 1 0.337600 0.039599 0.272117 0.333450 0.017235
0 1 0.455843 0.130660 0.339641 0.053528 0.020329
2 1 0.119314 0.102864 0.720706 0.040977 0.016139
2 1 0.149059 0.084966 0.717248 0.032313 0.016415
2 1 0.283193 0.082709 0.585766 0.021677 0.026655
2 2 0.166655 0.089559 0.704384 0.018689 0.020714
2 2 0.062610 0.086017 0.822798 0.011880 0.016695
2 2 0.163620 0.164497 0.630730 0.009353 0.031801
2 2 0.000790 0.021286 0.961974 0.004593 0.011358
2 2 0.001313 0.031569 0.947473 0.004195 0.015450
2 2 0.001184 0.026834 0.951653 0.005486 0.014843
2 2 0.001523 0.032689 0.941864 0.005382 0.018541
2 2 0.001005 0.025062 0.951241 0.007303 0.015390
2 2 0.000568 0.014190 0.966721 0.010251 0.008270
2 2 0.000403 0.010893 0.972519 0.007789 0.008396
2 2 0.000366 0.008699 0.975109 0.009525 0.006300
2 2 0.000310 0.006967 0.977390 0.009400 0.005933
2 2 0.000553 0.012168 0.967137 0.010353 0.009789
2 3 0.000450 0.010790 0.971472 0.009747 0.007541
2 3 0.002252 0.024745 0.931760 0.019206 0.022037
2 3 0.005610 0.027877 0.905602 0.032611 0.028300
2 3 0.009699 0.033937 0.890751 0.024726 0.040887
2 3 0.008328 0.035177 0.915559 0.017987 0.022950
2 3 0.002125 0.024668 0.942418 0.014555 0.016234
2 3 0.001614 0.028283 0.938152 0.007497 0.024455
2 3 0.004965 0.049484 0.879955 0.005413 0.060183
2 1 0.093599 0.124005 0.567127 0.009520 0.205749
0 1 0.604553 0.125709 0.194409 0.004670 0.070658
0 1 0.843380 0.071846 0.058651 0.000660 0.025463
0 1 0.829643 0.080874 0.059082 0.000540 0.029862
0 2 0.610161 0.200244 0.141154 0.000936 0.047505
0 2 0.503220 0.255250 0.192540 0.001271 0.047720
2 2 0.250197 0.173739 0.502047 0.004854 0.069163
2 2 0.111899 0.097157 0.723494 0.008980 0.058470
2 2 0.139781 0.084542 0.690320 0.013607 0.071750
2 2 0.057071 0.102028 0.768638 0.007263 0.065000
2 2 0.013889 0.090887 0.832276 0.003996 0.058952
2 2 0.005754 0.058951 0.887586 0.002786 0.044923
2 2 0.001005 0.017356 0.948932 0.004567 0.028140
2 2 0.003973 0.029946 0.878794 0.006944 0.080343
2 2 0.023127 0.065821 0.722953 0.007738 0.180362
2 2 0.019539 0.084572 0.729213 0.003118 0.163558
2 2 0.025104 0.107987 0.740976 0.003228 0.122704
2 2 0.003036 0.044415 0.916337 0.002388 0.033822
2 2 0.054473 0.075105 0.794841 0.007604 0.067978
2 2 0.254359 0.149426 0.447464 0.023238 0.125513
0 0 0.719725 0.119436 0.106592 0.002887 0.051359
0 0 0.617824 0.172210 0.159674 0.002887 0.047406
0 1 0.624688 0.163353 0.185677 0.002138 0.024144
0 1 0.364714 0.303853 0.292623 0.000907 0.037903
2 2 0.215601 0.225443 0.516960 0.002741 0.039255
2 2 0.156053 0.245601 0.547289 0.001949 0.049108
0 2 0.577860 0.116145 0.270160 0.005889 0.029945
0 0 0.752899 0.060669 0.157284 0.018197 0.010950
0 0 0.772981 0.058351 0.137447 0.017659 0.013562
0 0 0.826244 0.062780 0.084397 0.004058 0.022521
0 1 0.585268 0.141668 0.238875 0.010624 0.023565
0 1 0.402232 0.272097 0.281596 0.003709 0.040364
2 2 0.182011 0.240629 0.498346 0.003980 0.075034
2 2 0.106163 0.213030 0.619573 0.002592 0.058642
2 2 0.334311 0.115737 0.496219 0.007238 0.046494
0 0 0.506498 0.059704 0.378536 0.028945 0.026316
0 1 0.749243 0.055533 0.149894 0.025611 0.019719
0 2 0.799951 0.074097 0.094809 0.004408 0.026734
2 2 0.261877 0.190967 0.473624 0.008490 0.065043
2 2 0.021519 0.137873 0.785906 0.002793 0.051908
2 2 0.004529 0.043747 0.924101 0.003255 0.024368
2 2 0.002106 0.024891 0.955267 0.005698 0.012038
2 2 0.000760 0.017867 0.972843 0.001254 0.007276
2 2 0.000787 0.013128 0.976591 0.002666 0.006829
2 2 0.001171 0.012452 0.971134 0.007292 0.007951
2 2 0.000946 0.011868 0.971421 0.006612 0.009153
2 2 0.001368 0.018651 0.955593 0.005484 0.018904
2 2 0.001188 0.020071 0.951699 0.005103 0.021939
2 2 0.000475 0.015701 0.963913 0.003205 0.016706
2 2 0.000525 0.018218 0.961396 0.002804 0.017057
2 2 0.000291 0.012511 0.971301 0.003484 0.012412
2 2 0.000734 0.018408 0.956770 0.002894 0.021194
2 2 0.001456 0.027188 0.939042 0.003961 0.028353
2 2 0.003583 0.045462 0.873210 0.008292 0.069454
2 2 0.014788 0.113976 0.618934 0.002584 0.249718
2 2 0.016446 0.117604 0.610115 0.001578 0.254256
2 2 0.025823 0.125617 0.494204 0.001104 0.353252
4 2 0.046636 0.104343 0.296746 0.001125 0.551151
4 2 0.044257 0.081505 0.238003 0.002264 0.633970
4 2 0.028855 0.048008 0.124694 0.001646 0.796797
4 4 0.033042 0.036114 0.032039 0.000389 0.898416
4 4 0.032718 0.032134 0.021006 0.000260 0.913883
4 4 0.023503 0.018012 0.007366 0.000038 0.951081
4 4 0.020898 0.016020 0.006618 0.000029 0.956435
4 4 0.025818 0.022900 0.013789 0.000080 0.937413
4 4 0.028293 0.017850 0.006069 0.000018 0.947770
4 4 0.032404 0.030195 0.027944 0.000109 0.909347
4 4 0.070975 0.024052 0.003269 0.000005 0.901699
4 4 0.122123 0.016465 0.000542 0.000001 0.860870
4 4 0.119415 0.022878 0.000975 0.000003 0.856729
4 4 0.173582 0.025503 0.000882 0.000001 0.800032
4 4 0.109614 0.035993 0.004078 0.000015 0.850301
4 4 0.020756 0.083769 0.339128 0.002029 0.554319
4 4 0.031793 0.098707 0.377757 0.003115 0.488628
2 4 0.018765 0.082226 0.526428 0.001934 0.370646
4 4 0.043507 0.092090 0.221353 0.001490 0.641560
4 4 0.035020 0.071008 0.156304 0.001377 0.736291
4 4 0.063701 0.089599 0.129602 0.001644 0.715454
4 4 0.041390 0.073135 0.147923 0.000875 0.736676
4 4 0.111962 0.085723 0.082466 0.000485 0.719365
4 4 0.141675 0.096140 0.055436 0.000320 0.706429
4 4 0.296003 0.099052 0.020910 0.000098 0.583937
4 4 0.250546 0.099321 0.029399 0.000137 0.620596
4 4 0.233690 0.080252 0.015362 0.000069 0.670628
4 4 0.061823 0.032577 0.009739 0.000033 0.895828
4 4 0.065229 0.028758 0.005829 0.000031 0.900154
4 4 0.059536 0.020730 0.001753 0.000008 0.917973
4 4 0.030967 0.019146 0.004311 0.000033 0.945542
4 4 0.129759 0.052949 0.006653 0.000095 0.810544
4 4 0.043394 0.020273 0.002918 0.000017 0.933398
4 4 0.129902 0.032794 0.002359 0.000025 0.834920
4 4 0.111229 0.022748 0.001043 0.000003 0.864978
4 4 0.096287 0.023097 0.001349 0.000003 0.879264
4 4 0.099248 0.028872 0.002722 0.000006 0.869152
4 4 0.135554 0.065382 0.021059 0.000103 0.777903
4 4 0.090245 0.066159 0.035120 0.000252 0.808224
4 4 0.074044 0.063145 0.061544 0.000374 0.800893
4 4 0.105314 0.071694 0.038849 0.000355 0.783788
4 4 0.054569 0.034631 0.011853 0.000081 0.898866
4 4 0.137314 0.056511 0.009295 0.000081 0.796799
4 4 0.235015 0.088895 0.013497 0.000231 0.662362
4 0 0.294510 0.068253 0.012330 0.000393 0.624514
4 1 0.017130 0.090722 0.442695 0.001953 0.447501
2 2 0.020897 0.107027 0.439077 0.001917 0.431083
2 2 0.035357 0.143829 0.481195 0.001214 0.338405
2 2 0.067787 0.196970 0.467136 0.000770 0.267338
2 2 0.066816 0.217321 0.555789 0.000687 0.159387
2 2 0.058782 0.218930 0.575385 0.000984 0.145918
2 2 0.023575 0.168468 0.747585 0.001835 0.058537
2 2 0.001728 0.042972 0.929518 0.002156 0.023626
2 2 0.000693 0.021411 0.959054 0.001387 0.017455
2 2 0.000160 0.007881 0.979706 0.001415 0.010837
2 2 0.000104 0.006362 0.983781 0.001021 0.008732
2 2 0.000226 0.009941 0.976924 0.001092 0.011816
2 2 0.000205 0.009691 0.975414 0.001837 0.012853
2 2 0.000526 0.012161 0.965912 0.001750 0.019651
2 2 0.071000 0.067481 0.767644 0.015856 0.078018
0 0 0.642791 0.129360 0.173817 0.011305 0.042729
0 0 0.923327 0.017003 0.041089 0.010162 0.008419
0 0 0.973784 0.005395 0.015098 0.003151 0.002572
0 0 0.962576 0.006121 0.022953 0.006420 0.001930
0 0 0.968504 0.006370 0.021820 0.002104 0.001202
0 0 0.952981 0.008585 0.029875 0.006220 0.002339
0 0 0.961661 0.008146 0.018864 0.005346 0.005983
0 0 0.965569 0.007043 0.013751 0.004939 0.008699
0 0 0.915795 0.014585 0.033029 0.021041 0.015551
0 0 0.896190 0.036180 0.036353 0.001992 0.029286
0 0 0.759276 0.104052 0.076505 0.001618 0.058550
0 0 0.723953 0.131391 0.085416 0.000975 0.058265
0 0 0.788360 0.106162 0.049356 0.000235 0.055887
0 0 0.807543 0.087062 0.034817 0.000187 0.070391
0 0 0.814768 0.080011 0.027752 0.000123 0.077345
0 0 0.886020 0.043075 0.016175 0.000101 0.054629
0 0 0.919673 0.017213 0.003935 0.000017 0.059162
0 0 0.902826 0.014982 0.003687 0.000037 0.078468
0 0 0.892761 0.015807 0.002045 0.000003 0.089384
0 0 0.913625 0.016299 0.002189 0.000003 0.067885
0 0 0.911834 0.011889 0.002081 0.000009 0.074188
0 0 0.623135 0.016026 0.001317 0.000006 0.359516
0 0 0.512292 0.012503 0.000782 0.000003 0.474420
0 0 0.741743 0.021186 0.002684 0.000015 0.234371
0 0 0.835636 0.063440 0.014603 0.000029 0.086292
0 0 0.801303 0.111755 0.040594 0.000064 0.046283
0 0 0.803385 0.118298 0.031898 0.000019 0.046400
0 0 0.708111 0.193071 0.051749 0.000018 0.047052
0 0 0.713081 0.189323 0.050640 0.000018 0.046938
0 0 0.698765 0.195984 0.055112 0.000024 0.050115
0 0 0.742380 0.156663 0.046749 0.000036 0.054172
0 0 0.751401 0.139222 0.046582 0.000075 0.062719
0 0 0.707649 0.149287 0.046419 0.000112 0.096534
0 1 0.554682 0.225245 0.069082 0.000218 0.150773
0 1 0.445795 0.298181 0.078536 0.000156 0.177332
0 1 0.452093 0.305682 0.072776 0.000095 0.169355
0 1 0.454509 0.319487 0.089863 0.000130 0.136012
0 1 0.481232 0.261925 0.066356 0.000149 0.190338
1 2 0.362128 0.376557 0.107303 0.000176 0.153836
1 2 0.278606 0.397300 0.107403 0.000269 0.216422
1 2 0.233849 0.453924 0.150228 0.000400 0.161599
1 2 0.132194 0.476748 0.269627 0.000503 0.120928
2 2 0.049572 0.362800 0.444397 0.001081 0.142149
2 2 0.042358 0.280440 0.545268 0.002588 0.129345
2 2 0.026239 0.204729 0.641763 0.003363 0.123905
2 2 0.001903 0.047940 0.911383 0.003395 0.035379
2 2 0.001509 0.037713 0.929618 0.002978 0.028182
2 2 0.001474 0.034427 0.935448 0.002693 0.025958
2 2 0.001239 0.032655 0.940330 0.003073 0.022703
2 2 0.003030 0.053624 0.904139 0.005190 0.034017
2 2 0.003180 0.058830 0.898945 0.005706 0.033338
2 2 0.002933 0.052071 0.908604 0.004014 0.032378
2 2 0.002898 0.050841 0.910058 0.003844 0.032360
2 2 0.004007 0.049698 0.901178 0.003749 0.041368
2 2 0.002754 0.042406 0.915562 0.004444 0.034834
2 2 0.001207 0.028309 0.941827 0.004005 0.024653
2 2 0.001575 0.030483 0.936951 0.003326 0.027666
2 2 0.000511 0.018285 0.959412 0.004665 0.017127
2 2 0.000642 0.020965 0.953063 0.005660 0.019670
2 2 0.000640 0.021160 0.953719 0.005146 0.019336
2 2 0.000359 0.014462 0.968603 0.004157 0.012419
2 2 0.000374 0.014837 0.967526 0.004231 0.013032
2 2 0.000526 0.016538 0.958376 0.005316 0.019244
2 2 0.000477 0.013771 0.960931 0.005435 0.019385
2 2 0.000505 0.012074 0.966191 0.008043 0.013186
2 2 0.000372 0.015682 0.967958 0.004162 0.011825
2 2 0.000257 0.011185 0.976122 0.003808 0.008627
2 2 0.000314 0.009773 0.976155 0.006222 0.007536
2 2 0.000403 0.009962 0.973213 0.008985 0.007435
2 2 0.000431 0.011758 0.971668 0.008240 0.007904
2 3 0.000478 0.009630 0.970089 0.011168 0.008635
2 3 0.000502 0.011103 0.968637 0.009874 0.009884
2 3 0.001033 0.011304 0.949413 0.027291 0.010959
2 3 0.001075 0.011706 0.948317 0.027405 0.011497
2 3 0.001396 0.011758 0.935807 0.038302 0.012737
2 3 0.010254 0.014207 0.613309 0.337410 0.024819
2 3 0.007100 0.007761 0.554727 0.417158 0.013254
2 3 0.006402 0.008436 0.592626 0.381613 0.010923
2 3 0.005986 0.010558 0.679620 0.290887 0.012948
2 3 0.004851 0.010787 0.724289 0.250398 0.009675
3 3 0.008982 0.007450 0.397115 0.578334 0.008118
3 3 0.010399 0.005467 0.248301 0.729740 0.006094
3 3 0.007414 0.003219 0.205342 0.780481 0.003543
3 3 0.005989 0.001884 0.130859 0.859473 0.001795
3 3 0.007728 0.003481 0.214538 0.770381 0.003872
3 3 0.010058 0.006075 0.299670 0.676770 0.007426
3 3 0.009377 0.005173 0.271139 0.708183 0.006128
3 3 0.010211 0.005116 0.233380 0.745723 0.005569
3 3 0.009877 0.003237 0.122432 0.861751 0.002702
3 3 0.008271 0.002353 0.101153 0.886337 0.001886
3 3 0.008856 0.002448 0.094417 0.892398 0.001882
3 3 0.009764 0.002576 0.084591 0.901213 0.001856
3 3 0.010506 0.002800 0.084317 0.900393 0.001984
3 3 0.010857 0.003105 0.094520 0.889230 0.002288
3 3 0.011088 0.003729 0.123780 0.858351 0.003052
3 3 0.010510 0.003958 0.151027 0.830948 0.003557
3 3 0.011698 0.005192 0.189823 0.788243 0.005045
3 3 0.013529 0.005275 0.176390 0.798486 0.006319
3 3 0.011395 0.003082 0.092456 0.890529 0.002538
3 3 0.011466 0.002981 0.092201 0.890648 0.002704
3 3 0.009972 0.002317 0.071148 0.914874 0.001688
3 3 0.008838 0.002333 0.088432 0.898612 0.001785
3 3 0.009169 0.002548 0.094358 0.891981 0.001944
3 3 0.010070 0.002292 0.069148 0.916815 0.001674
3 3 0.017178 0.004441 0.089562 0.884585 0.004234
3 3 0.010059 0.001713 0.037597 0.949740 0.000890
3 3 0.008581 0.001527 0.042872 0.946156 0.000864
3 3 0.009028 0.001862 0.055480 0.932478 0.001153
3 3 0.007254 0.001319 0.046862 0.943765 0.000800
3 3 0.010361 0.001550 0.031610 0.955646 0.000834
3 3 0.009981 0.001604 0.038504 0.948906 0.001005
3 3 0.011820 0.002372 0.054164 0.930051 0.001593
3 3 0.010100 0.002304 0.067057 0.918955 0.001585
3 3 0.011989 0.003347 0.101941 0.879636 0.003087
3 3 0.022926 0.006399 0.108264 0.854701 0.007711
3 3 0.241649 0.027958 0.116043 0.589538 0.024812
0 3 0.400545 0.096662 0.208056 0.223142 0.071595
0 1 0.373072 0.211533 0.270451 0.043743 0.101201
2 1 0.134570 0.343343 0.444932 0.006044 0.071111
2 2 0.003329 0.028469 0.872285 0.018589 0.077328
2 2 0.005670 0.037312 0.858976 0.011198 0.086845
2 2 0.004819 0.037796 0.879071 0.009869 0.068445
2 2 0.004019 0.042767 0.900131 0.006811 0.046273
2 2 0.002211 0.024842 0.937232 0.012517 0.023198
2 2 0.002185 0.024393 0.939945 0.016107 0.017370
2 2 0.003215 0.029564 0.931721 0.008869 0.026631
2 2 0.002050 0.023098 0.951221 0.006088 0.017544
2 2 0.005580 0.046522 0.912920 0.003115 0.031863
2 2 0.006399 0.069992 0.891464 0.001807 0.030338
2 2 0.015990 0.093157 0.840852 0.003245 0.046756
2 2 0.026692 0.146712 0.767364 0.002011 0.057221
2 2 0.026478 0.144371 0.770582 0.002946 0.055622
2 2 0.012981 0.127643 0.821667 0.001639 0.036070
2 2 0.013390 0.120982 0.818786 0.002184 0.044658
2 2 0.013101 0.113134 0.828156 0.001691 0.043919
2 2 0.001789 0.019237 0.959816 0.003858 0.015300
2 2 0.002010 0.021562 0.955816 0.003465 0.017147
2 2 0.007062 0.042348 0.907770 0.003809 0.039012
2 2 0.010922 0.074954 0.860839 0.002432 0.050852
2 2 0.007399 0.055447 0.886013 0.002874 0.048266
2 2 0.005135 0.042000 0.919354 0.003523 0.029988
2 2 0.002877 0.025719 0.945849 0.004717 0.020838
2 2 0.004177 0.033139 0.920589 0.007048 0.035047
2 2 0.000818 0.019912 0.956800 0.002636 0.019834
2 2 0.001766 0.022327 0.933111 0.003220 0.039575
2 2 0.001536 0.023188 0.935069 0.001937 0.038270
2 2 0.002015 0.026247 0.919862 0.004782 0.047094
2 2 0.001197 0.024385 0.936628 0.003500 0.034290
2 2 0.000982 0.021229 0.943214 0.002718 0.031858
2 2 0.000890 0.017152 0.943664 0.002210 0.036084
2 2 0.005041 0.041302 0.837719 0.002848 0.113090
2 2 0.006926 0.060951 0.795874 0.001850 0.134399
2 2 0.016590 0.091328 0.617088 0.000968 0.274026
2 2 0.016754 0.091245 0.637347 0.001017 0.253637
2 2 0.023989 0.108797 0.608853 0.000827 0.257535
2 2 0.019511 0.103374 0.616696 0.001239 0.259179
4 2 0.031447 0.117645 0.413105 0.001284 0.436519
4 2 0.040103 0.145962 0.355791 0.001900 0.456245
4 2 0.031461 0.134682 0.346029 0.001312 0.486516
4 2 0.056025 0.184143 0.305303 0.000872 0.453658
2 2 0.069997 0.213954 0.426525 0.001160 0.288364
2 2 0.083235 0.304289 0.478291 0.000982 0.133203
1 2 0.188862 0.350273 0.272552 0.000737 0.187577
4 4 0.153279 0.178372 0.188751 0.001498 0.478100
4 4 0.118577 0.085616 0.067487 0.000463 0.727858
4 4 0.068617 0.038236 0.014158 0.000048 0.878941
4 4 0.160419 0.069287 0.017448 0.000096 0.752749
4 4 0.191254 0.084018 0.021524 0.000169 0.703035
4 4 0.152265 0.070800 0.019889 0.000126 0.756919
4 4 0.117115 0.049420 0.010859 0.000045 0.822562
4 4 0.084492 0.029230 0.004178 0.000015 0.882085
4 4 0.197731 0.051951 0.005169 0.000015 0.745135
4 4 0.165864 0.060025 0.009329 0.000054 0.764728
4 4 0.049220 0.043846 0.031725 0.000277 0.874933
4 4 0.032561 0.033254 0.033973 0.000190 0.900022
4 4 0.032897 0.024838 0.016230 0.000038 0.925996
4 4 0.060867 0.031568 0.008273 0.000034 0.899259
4 4 0.152677 0.044335 0.003494 0.000022 0.799472
4 4 0.177242 0.047974 0.003717 0.000019 0.771048
0 4 0.473274 0.110776 0.020630 0.000164 0.395157
4 4 0.308605 0.092166 0.011977 0.000090 0.587162
4 1 0.388709 0.103834 0.014247 0.000075 0.493135
0 1 0.492130 0.145811 0.031986 0.000226 0.329847
2 2 0.226470 0.223621 0.304846 0.000577 0.244486
2 2 0.022279 0.089487 0.564640 0.000507 0.323088
2 2 0.020772 0.104155 0.505782 0.000612 0.368679
2 2 0.019820 0.124426 0.544228 0.000709 0.310816
4 2 0.034438 0.096180 0.242551 0.000982 0.625849
4 2 0.042939 0.089316 0.199667 0.000471 0.667607
4 2 0.017428 0.065087 0.304051 0.001399 0.612035
2 2 0.012880 0.074058 0.457931 0.003023 0.452109
2 4 0.011950 0.074608 0.475514 0.006654 0.431274
4 4 0.024806 0.070449 0.200625 0.002836 0.701284
4 4 0.051927 0.058144 0.043936 0.000498 0.845495
4 4 0.053086 0.048242 0.033820 0.000411 0.864441
4 4 0.079109 0.038512 0.011460 0.000033 0.870885
4 4 0.032588 0.017313 0.005928 0.000007 0.944164
4 4 0.021395 0.013207 0.005401 0.000006 0.959990
4 4 0.013314 0.010201 0.004999 0.000008 0.971477
4 4 0.025855 0.013053 0.002350 0.000007 0.958736
4 4 0.026111 0.019874 0.010592 0.000032 0.943391
4 4 0.053723 0.038930 0.017069 0.000149 0.890130
4 4 0.051311 0.051787 0.062482 0.000409 0.834010
4 4 0.106934 0.098139 0.104845 0.001490 0.688592
2 4 0.016528 0.103448 0.625467 0.002475 0.252082
4 4 0.028265 0.048167 0.092870 0.001411 0.829287
4 4 0.025123 0.032595 0.051215 0.000348 0.890719
4 4 0.040396 0.024642 0.010845 0.000022 0.924096
4 4 0.120340 0.047040 0.011822 0.000023 0.820776
4 4 0.343876 0.068069 0.005697 0.000011 0.582348
0 4 0.492686 0.122216 0.019951 0.000083 0.365064
0 4 0.520304 0.150302 0.034727 0.000226 0.294441
0 4 0.493861 0.154160 0.037303 0.000308 0.314368
0 1 0.467775 0.188040 0.089308 0.000886 0.253991
0 0 0.467418 0.165483 0.121494 0.001001 0.244604
4 0 0.279218 0.183077 0.253032 0.002454 0.282218
0 1 0.397103 0.210804 0.232426 0.002436 0.157231
2 1 0.076989 0.241330 0.593229 0.001187 0.087266
2 1 0.011313 0.113921 0.751542 0.001480 0.121745
2 2 0.003133 0.060577 0.847329 0.002131 0.086829
2 2 0.001046 0.030446 0.911000 0.003166 0.054343
2 2 0.001049 0.028414 0.907537 0.002664 0.060336
2 2 0.001079 0.026819 0.912396 0.002823 0.056883
2 2 0.000640 0.018538 0.940768 0.003655 0.036400
2 2 0.000611 0.017251 0.947117 0.004731 0.030290
2 2 0.000635 0.018554 0.950658 0.003206 0.026947
2 2 0.000366 0.013429 0.965189 0.003850 0.017165
2 2 0.000412 0.015875 0.953771 0.003135 0.026807
2 2 0.000384 0.012445 0.958968 0.003755 0.024449
2 2 0.001287 0.022295 0.898632 0.007679 0.070106
2 2 0.001644 0.029432 0.904233 0.007917 0.056774
2 2 0.001188 0.028386 0.928422 0.003611 0.038394
2 2 0.000954 0.026837 0.936128 0.003685 0.032396
2 2 0.000616 0.022527 0.953732 0.004381 0.018744
2 2 0.000832 0.024870 0.937529 0.005542 0.031227
2 2 0.006343 0.054127 0.723585 0.009225 0.206720
2 2 0.006895 0.050740 0.659710 0.008570 0.274085
2 2 0.009869 0.085495 0.571533 0.008005 0.325098
2 2 0.004551 0.066583 0.738034 0.008442 0.182389
2 2 0.018007 0.141115 0.624187 0.003572 0.213120
2 2 0.014959 0.146185 0.745265 0.001909 0.091682
2 2 0.014182 0.172811 0.745156 0.002119 0.065731
2 2 0.049490 0.159505 0.615005 0.001787 0.174213
2 1 0.019685 0.076642 0.798927 0.004442 0.100304
2 2 0.045809 0.091791 0.555524 0.003290 0.303586
2 2 0.051213 0.134276 0.456819 0.001667 0.356026
2 2 0.014952 0.126366 0.658099 0.002351 0.198232
2 2 0.012227 0.107857 0.603774 0.001682 0.274460
4 2 0.021556 0.128679 0.386360 0.001135 0.462270
2 2 0.014525 0.107904 0.509916 0.002616 0.365038
2 2 0.005899 0.095693 0.694032 0.003890 0.200486
2 2 0.003890 0.063507 0.766359 0.003047 0.163198
2 2 0.001773 0.040669 0.867048 0.001858 0.088652
2 2 0.003281 0.044253 0.835146 0.001290 0.116030
2 2 0.003580 0.046139 0.823186 0.001372 0.125723
2 2 0.152507 0.162536 0.423636 0.003955 0.257367
2 2 0.118096 0.175876 0.513004 0.002615 0.190409
2 1 0.040597 0.141996 0.695395 0.002892 0.119121
2 1 0.016435 0.117767 0.697442 0.001902 0.166454
4 2 0.043525 0.064161 0.209105 0.001476 0.681732
4 2 0.038009 0.047600 0.124078 0.000384 0.789928
4 2 0.040234 0.041464 0.070586 0.000173 0.847543
4 2 0.045344 0.051484 0.100058 0.000404 0.802710
2 2 0.039788 0.131713 0.414539 0.001646 0.412313
2 2 0.004287 0.058982 0.827291 0.001969 0.107472
2 2 0.002126 0.035888 0.894629 0.002194 0.065163
2 2 0.000714 0.017528 0.952731 0.002494 0.026534
2 2 0.000519 0.016079 0.963254 0.002450 0.017699
2 2 0.000432 0.014924 0.964880 0.002583 0.017180
2 2 0.001435 0.027027 0.925276 0.002191 0.044071
2 2 0.001429 0.026655 0.927673 0.002391 0.041853
2 2 0.004631 0.057810 0.866233 0.001651 0.069676
2 2 0.001356 0.029161 0.939987 0.001380 0.028116
2 2 0.000491 0.014716 0.966186 0.001614 0.016993
2 2 0.000190 0.007865 0.977313 0.002002 0.012630
2 2 0.000374 0.009634 0.964881 0.005216 0.019895
2 2 0.001399 0.020507 0.917692 0.007202 0.053199
2 2 0.003293 0.039795 0.828948 0.008380 0.119584
2 2 0.004207 0.051125 0.805971 0.004565 0.134132
2 2 0.001963 0.036669 0.869057 0.005927 0.086384
2 2 0.029533 0.092356 0.709612 0.016282 0.152218
2 1 0.177113 0.209374 0.426491 0.012749 0.174273
2 1 0.273971 0.185850 0.357405 0.037099 0.145675
2 2 0.024807 0.107130 0.797820 0.014229 0.056013
2 2 0.008025 0.084784 0.869180 0.005101 0.032910
2 2 0.000645 0.023252 0.949120 0.004368 0.022615
2 2 0.003488 0.046235 0.850254 0.003879 0.096144
2 2 0.002913 0.035138 0.833445 0.002490 0.126013
2 2 0.004551 0.045201 0.750680 0.004460 0.195109
2 4 0.003520 0.043878 0.788308 0.005683 0.158610
4 4 0.018914 0.062438 0.290870 0.002110 0.625669
4 4 0.016674 0.060505 0.398405 0.002427 0.521990
4 4 0.027024 0.034584 0.055474 0.000362 0.882555
4 4 0.039571 0.029380 0.018581 0.000054 0.912414
4 4 0.067564 0.041526 0.020194 0.000066 0.870650
4 4 0.057434 0.038752 0.025820 0.000059 0.877934
4 4 0.236644 0.128002 0.068412 0.000579 0.566363
4 4 0.207794 0.136766 0.139696 0.000845 0.514899
4 1 0.286820 0.166658 0.196097 0.000896 0.349529
2 1 0.110975 0.188846 0.476080 0.000967 0.223132
2 1 0.064947 0.163814 0.393461 0.000513 0.377266
2 1 0.031718 0.142773 0.530205 0.000842 0.294462
2 2 0.038932 0.144780 0.435914 0.000649 0.379725
2 2 0.040486 0.158961 0.482600 0.000981 0.316972
2 2 0.017729 0.129583 0.675931 0.001570 0.175187
2 2 0.007751 0.114465 0.775497 0.001237 0.101049
2 2 0.002373 0.056109 0.863281 0.002134 0.076103
2 2 0.000549 0.019437 0.944993 0.003686 0.031335
2 2 0.000567 0.019319 0.948974 0.003933 0.027207
2 2 0.000968 0.026851 0.925350 0.001901 0.044930
2 2 0.000924 0.025665 0.939253 0.002061 0.032096
2 2 0.001375 0.025870 0.939983 0.001977 0.030795
2 2 0.003419 0.044234 0.876233 0.002143 0.073971
2 2 0.002657 0.038431 0.902233 0.001927 0.054752
2 2 0.000798 0.018336 0.951063 0.003035 0.026767
2 2 0.000280 0.011125 0.971303 0.003480 0.013812
2 2 0.000278 0.011671 0.972260 0.003472 0.012320
2 2 0.000385 0.014935 0.964757 0.003982 0.015942
2 2 0.000430 0.015681 0.963090 0.004029 0.016771
2 2 0.000421 0.014711 0.966660 0.002244 0.015963
2 2 0.001066 0.020473 0.949600 0.003051 0.025810
