0 0 0.974654 0.012583 0.011368 0.000265 0.001129
0 0 0.947203 0.022740 0.018523 0.001266 0.010269
0 0 0.976249 0.010807 0.008174 0.000296 0.004475
0 0 0.962519 0.015446 0.011069 0.000564 0.010402
0 0 0.972359 0.011213 0.009113 0.000534 0.006781
0 0 0.961039 0.015985 0.013458 0.000956 0.008563
0 0 0.952834 0.018824 0.014999 0.001120 0.012223
0 0 0.925417 0.029131 0.021959 0.001897 0.021596
0 0 0.925373 0.032298 0.023427 0.001531 0.017371
0 0 0.873423 0.052769 0.031405 0.001895 0.040508
0 0 0.854959 0.064774 0.052689 0.005141 0.022437
0 0 0.802397 0.076811 0.045647 0.003864 0.071281
0 0 0.822957 0.060049 0.053510 0.012248 0.051235
0 0 0.834500 0.055189 0.040468 0.006145 0.063698
0 0 0.868759 0.042471 0.027565 0.002864 0.058342
0 0 0.748174 0.051581 0.020049 0.001026 0.179169
0 0 0.646926 0.106423 0.027149 0.000432 0.219069
0 0 0.529991 0.069038 0.016792 0.000406 0.383773
4 0 0.433959 0.099533 0.018260 0.000220 0.448028
4 0 0.249958 0.073896 0.013289 0.000270 0.662586
4 0 0.219587 0.078485 0.017923 0.000553 0.683452
4 0 0.170960 0.043790 0.008335 0.000296 0.776620
4 0 0.050890 0.019312 0.003562 0.000131 0.926105
4 0 0.061868 0.018884 0.006593 0.000527 0.912129
4 0 0.066431 0.012877 0.005417 0.000671 0.914604
4 0 0.086932 0.008418 0.003457 0.000649 0.900544
4 0 0.083340 0.009077 0.003252 0.000506 0.903825
4 0 0.096840 0.007395 0.002128 0.000330 0.893306
4 0 0.093549 0.014856 0.004965 0.000622 0.886008
4 0 0.103147 0.017794 0.006739 0.001127 0.871193
4 0 0.111614 0.013394 0.010244 0.003736 0.861011
4 0 0.178466 0.012363 0.004431 0.001282 0.803458
4 0 0.228623 0.035889 0.012314 0.002094 0.721080
4 0 0.150798 0.022150 0.006056 0.000778 0.820219
4 0 0.100306 0.008919 0.003123 0.000591 0.887061
4 0 0.132628 0.010912 0.009027 0.004587 0.842846
4 1 0.176126 0.017524 0.019841 0.016104 0.770406
4 1 0.133349 0.040812 0.035214 0.012684 0.777941
4 2 0.082583 0.089504 0.072848 0.008673 0.746392
4 2 0.055233 0.100143 0.091995 0.006053 0.746576
4 2 0.035867 0.070004 0.052242 0.001737 0.840150
4 2 0.046352 0.095923 0.069680 0.002160 0.785885
4 2 0.018259 0.114901 0.110109 0.001370 0.755361
4 2 0.021445 0.079659 0.038824 0.000408 0.859664
4 2 0.044527 0.173816 0.123281 0.001183 0.657192
4 2 0.142900 0.289901 0.236147 0.002715 0.328337
4 2 0.231935 0.233708 0.104774 0.002945 0.426637
1 2 0.134549 0.345838 0.329659 0.006028 0.183926
2 2 0.045626 0.272132 0.385216 0.006730 0.290296
4 2 0.018215 0.116153 0.102589 0.001138 0.761905
4 2 0.027648 0.147073 0.114599 0.001917 0.708762
4 2 0.040814 0.237879 0.261986 0.004350 0.454971
2 2 0.045676 0.285612 0.388070 0.003378 0.277264
2 2 0.060547 0.309883 0.415286 0.004108 0.210176
2 2 0.070156 0.310243 0.362800 0.004566 0.252234
2 2 0.045779 0.282483 0.403950 0.006569 0.261219
2 2 0.032775 0.269065 0.500473 0.007074 0.190612
2 2 0.012142 0.186233 0.658003 0.011158 0.132465
2 2 0.022722 0.203302 0.640087 0.015521 0.118368
2 2 0.053027 0.281469 0.429451 0.008615 0.227438
2 2 0.034264 0.255123 0.425856 0.017697 0.267061
2 1 0.037970 0.264170 0.411572 0.011908 0.274380
4 2 0.037001 0.236499 0.274626 0.003878 0.447995
2 2 0.024066 0.245560 0.513628 0.008484 0.208261
2 2 0.023453 0.246852 0.596645 0.007669 0.125382
4 2 0.020077 0.206030 0.370522 0.007331 0.396041
4 2 0.017892 0.181957 0.273822 0.004344 0.521986
4 2 0.015719 0.192542 0.356674 0.006140 0.428926
2 2 0.015976 0.188848 0.484765 0.016737 0.293675
2 2 0.015798 0.182775 0.591123 0.018889 0.191415
2 2 0.000969 0.032028 0.887487 0.065108 0.014408
2 2 0.000443 0.021580 0.909718 0.057952 0.010307
2 2 0.000144 0.011319 0.933309 0.050002 0.005226
2 2 0.000214 0.012638 0.900783 0.079549 0.006816
2 3 0.000307 0.013355 0.816419 0.159556 0.010364
2 3 0.000645 0.016795 0.746487 0.222302 0.013772
2 3 0.000669 0.010432 0.591621 0.387287 0.009991
2 3 0.000857 0.011497 0.575663 0.400793 0.011191
2 3 0.000877 0.012620 0.593313 0.381305 0.011885
2 3 0.000736 0.012361 0.634098 0.341297 0.011507
2 3 0.001266 0.015916 0.598793 0.369064 0.014960
3 3 0.002849 0.016906 0.430059 0.532825 0.017360
3 3 0.002394 0.006499 0.196661 0.786396 0.008050
3 3 0.002775 0.006015 0.165622 0.817892 0.007696
3 3 0.001648 0.003334 0.128474 0.861946 0.004598
3 3 0.001034 0.003395 0.172279 0.818906 0.004385
3 3 0.001023 0.003294 0.169902 0.821486 0.004295
3 3 0.004211 0.010921 0.219828 0.752439 0.012601
3 3 0.022513 0.036076 0.314477 0.604780 0.022154
2 3 0.007857 0.039789 0.546789 0.383901 0.021664
2 3 0.001472 0.050933 0.848816 0.048148 0.050632
2 3 0.000752 0.027682 0.844824 0.106541 0.020201
2 3 0.001080 0.031470 0.815062 0.129084 0.023304
2 3 0.002007 0.044595 0.787667 0.132936 0.032795
2 3 0.000849 0.020392 0.755796 0.206335 0.016628
2 3 0.000552 0.010704 0.644583 0.334268 0.009893
3 3 0.000883 0.008022 0.438128 0.544385 0.008581
3 3 0.001174 0.004643 0.222224 0.766215 0.005743
3 3 0.000971 0.002733 0.146296 0.846301 0.003699
3 3 0.001413 0.004010 0.164055 0.825392 0.005130
3 3 0.001083 0.005051 0.246909 0.740949 0.006008
3 3 0.001290 0.006414 0.281558 0.703322 0.007415
3 3 0.001277 0.007204 0.318587 0.664785 0.008148
3 3 0.001217 0.006677 0.304253 0.680232 0.007621
3 3 0.001179 0.004131 0.192553 0.796952 0.005184
3 3 0.001071 0.002343 0.112058 0.881279 0.003250
3 3 0.001344 0.002116 0.086210 0.907263 0.003068
3 3 0.001474 0.001654 0.066552 0.927700 0.002621
3 3 0.001922 0.002113 0.072653 0.920034 0.003278
3 3 0.003021 0.005362 0.131695 0.853000 0.006922
3 2 0.006060 0.024019 0.380785 0.564377 0.024760
2 2 0.003088 0.047698 0.743286 0.159501 0.046427
2 2 0.002232 0.055388 0.814065 0.074350 0.053966
2 2 0.003734 0.067281 0.766293 0.077357 0.085335
2 2 0.006458 0.087643 0.711916 0.080852 0.113131
2 2 0.008209 0.108491 0.630867 0.037754 0.214680
2 2 0.008465 0.118788 0.621454 0.031015 0.220278
2 2 0.009727 0.126604 0.604213 0.031856 0.227600
2 2 0.005500 0.095848 0.740104 0.059112 0.099437
2 2 0.007543 0.117798 0.695172 0.043517 0.135970
2 2 0.004725 0.137171 0.713635 0.015485 0.128984
2 2 0.007422 0.157542 0.634516 0.015466 0.185055
2 2 0.001929 0.064670 0.836508 0.042743 0.054150
2 2 0.015456 0.117328 0.599369 0.090885 0.176961
2 2 0.022221 0.136783 0.559854 0.100928 0.180214
2 2 0.019085 0.123314 0.651287 0.088642 0.117672
2 2 0.006997 0.115774 0.712765 0.045160 0.119304
2 2 0.009450 0.143385 0.488932 0.010725 0.347508
2 2 0.008761 0.149862 0.544343 0.012314 0.284720
2 2 0.010350 0.171391 0.449802 0.006918 0.361538
2 2 0.005836 0.125618 0.685808 0.021588 0.161150
2 2 0.002574 0.078560 0.812324 0.036449 0.070093
2 2 0.001592 0.048941 0.844495 0.071297 0.033675
2 2 0.000823 0.031805 0.857261 0.087426 0.022685
2 2 0.001162 0.044560 0.860899 0.062855 0.030524
2 2 0.002148 0.061729 0.826835 0.062434 0.046854
2 2 0.005395 0.092048 0.732755 0.055120 0.114682
2 2 0.005187 0.083652 0.733428 0.063981 0.113753
2 2 0.003630 0.052256 0.752231 0.123842 0.068041
2 2 0.004671 0.076645 0.734019 0.060341 0.124325
2 2 0.002657 0.073964 0.796180 0.034513 0.092687
2 2 0.004850 0.101364 0.740745 0.037268 0.115772
2 2 0.001984 0.073785 0.833097 0.027619 0.063515
2 2 0.002801 0.078950 0.799418 0.035971 0.082859
2 2 0.002792 0.063607 0.800185 0.072154 0.061262
2 2 0.003136 0.041278 0.721176 0.190899 0.043512
2 2 0.003959 0.057810 0.732764 0.153392 0.052075
2 2 0.004467 0.058081 0.709812 0.178084 0.049558
2 2 0.015763 0.112505 0.677037 0.110722 0.083974
2 2 0.006253 0.072722 0.691830 0.165978 0.063217
2 2 0.001774 0.052838 0.833033 0.075701 0.036654
2 2 0.001877 0.053015 0.828965 0.072303 0.043840
2 2 0.000656 0.028833 0.869923 0.080130 0.020458
2 2 0.000403 0.024570 0.900034 0.057993 0.017000
2 2 0.000305 0.022808 0.915588 0.045820 0.015479
2 2 0.001252 0.044365 0.854652 0.064694 0.035037
2 2 0.002667 0.075833 0.799980 0.034897 0.086623
2 2 0.001456 0.050270 0.850306 0.054897 0.043070
2 2 0.001017 0.037526 0.858563 0.073046 0.029848
2 2 0.001058 0.040583 0.864078 0.050881 0.043401
2 2 0.001127 0.033702 0.826690 0.111725 0.026756
2 2 0.001259 0.034900 0.812675 0.125470 0.025696
2 2 0.002463 0.049728 0.775831 0.135448 0.036529
2 2 0.001100 0.031858 0.814819 0.128647 0.023576
2 2 0.000875 0.022446 0.760809 0.198346 0.017524
2 2 0.000787 0.016259 0.699181 0.269833 0.013940
2 2 0.000608 0.013338 0.689652 0.284769 0.011633
2 3 0.001365 0.017762 0.615012 0.349576 0.016286
3 3 0.003446 0.019313 0.450731 0.507512 0.018999
3 3 0.003923 0.012021 0.273574 0.696476 0.014006
3 3 0.004589 0.016532 0.317932 0.643102 0.017845
3 3 0.002266 0.007121 0.222065 0.759962 0.008585
3 3 0.002300 0.004854 0.147573 0.838953 0.006321
3 3 0.003924 0.004877 0.106701 0.877718 0.006780
3 3 0.003507 0.003786 0.090546 0.896613 0.005549
3 3 0.003177 0.003276 0.083745 0.904884 0.004917
3 3 0.003867 0.003727 0.085290 0.901526 0.005590
3 3 0.002358 0.002907 0.086993 0.903470 0.004271
3 3 0.004275 0.004531 0.096235 0.888418 0.006541
3 3 0.004035 0.003616 0.081416 0.905418 0.005515
3 3 0.001108 0.001286 0.061140 0.934389 0.002078
3 3 0.001537 0.001557 0.061842 0.932534 0.002530
3 3 0.002319 0.001807 0.057834 0.935002 0.003038
3 3 0.002547 0.001904 0.057889 0.934452 0.003209
3 3 0.004637 0.004500 0.092058 0.892195 0.006610
3 3 0.005641 0.005901 0.105827 0.874324 0.008307
3 3 0.006404 0.007055 0.115975 0.860916 0.009650
3 3 0.004203 0.004749 0.100981 0.883327 0.006740
3 3 0.002588 0.002718 0.078506 0.912044 0.004144
3 3 0.001756 0.001733 0.063746 0.929964 0.002800
3 3 0.001452 0.001172 0.049406 0.945925 0.002045
3 3 0.001979 0.001892 0.065000 0.928083 0.003047
3 3 0.001331 0.001253 0.054703 0.940603 0.002110
3 3 0.001174 0.001254 0.058148 0.937361 0.002063
3 3 0.001264 0.001334 0.059259 0.935958 0.002185
3 3 0.001055 0.001177 0.057915 0.937919 0.001933
3 3 0.001900 0.001685 0.059870 0.933760 0.002785
3 3 0.002511 0.001846 0.056712 0.935801 0.003130
3 3 0.002527 0.001524 0.047690 0.945524 0.002735
3 3 0.002604 0.001808 0.054697 0.937785 0.003106
3 3 0.001604 0.001246 0.049734 0.945239 0.002177
3 3 0.001477 0.001542 0.062493 0.931995 0.002494
3 3 0.001647 0.002026 0.075385 0.917851 0.003091
3 3 0.001490 0.001795 0.071129 0.922803 0.002783
3 3 0.002177 0.002714 0.085139 0.905963 0.004007
3 3 0.003267 0.003833 0.094659 0.892717 0.005524
3 3 0.002818 0.003076 0.083942 0.905568 0.004597
3 3 0.002824 0.002351 0.066329 0.924696 0.003801
3 3 0.002900 0.002054 0.058138 0.933437 0.003471
3 3 0.001530 0.001297 0.052715 0.942239 0.002220
3 3 0.001622 0.002035 0.076212 0.917041 0.003091
3 3 0.001402 0.001571 0.065133 0.929392 0.002503
3 3 0.001406 0.001173 0.050257 0.945129 0.002035
3 3 0.001295 0.000794 0.036905 0.959488 0.001518
3 3 0.001416 0.000988 0.042939 0.952855 0.001802
3 3 0.001148 0.000963 0.046493 0.949696 0.001702
3 3 0.001745 0.001722 0.063563 0.930186 0.002784
3 3 0.002752 0.002375 0.067745 0.923318 0.003810
3 3 0.002749 0.002189 0.063094 0.928375 0.003594
3 3 0.003143 0.002798 0.073372 0.916300 0.004387
3 3 0.002587 0.001831 0.055505 0.936946 0.003131
3 3 0.002077 0.001854 0.062388 0.930651 0.003031
3 3 0.001204 0.001453 0.065439 0.929603 0.002301
3 3 0.001237 0.001315 0.059162 0.936130 0.002155
3 3 0.000789 0.000967 0.055987 0.940666 0.001592
3 3 0.001141 0.001327 0.062009 0.933387 0.002136
3 3 0.001604 0.001661 0.064121 0.929943 0.002671
3 3 0.001095 0.001189 0.057393 0.938361 0.001961
3 3 0.002148 0.002490 0.079492 0.912110 0.003760
3 3 0.001376 0.001427 0.060410 0.934457 0.002330
3 3 0.002653 0.002399 0.069563 0.921574 0.003811
3 3 0.001758 0.001404 0.052895 0.941532 0.002411
3 3 0.000830 0.000772 0.044688 0.952342 0.001369
3 3 0.001139 0.001207 0.057038 0.938621 0.001996
3 3 0.001173 0.001279 0.059192 0.936264 0.002092
3 3 0.001048 0.001405 0.067922 0.927435 0.002190
3 3 0.001775 0.001874 0.067931 0.925453 0.002966
3 3 0.000993 0.001310 0.065526 0.930107 0.002063
3 3 0.002350 0.002788 0.084041 0.906677 0.004144
3 3 0.002599 0.003560 0.098950 0.889869 0.005021
3 3 0.001957 0.002615 0.086706 0.904897 0.003826
3 3 0.002170 0.002768 0.086721 0.904280 0.004061
3 3 0.003033 0.002814 0.075014 0.914764 0.004376
3 3 0.002971 0.001888 0.053327 0.938531 0.003283
3 3 0.002611 0.001645 0.050239 0.942599 0.002905
3 3 0.003337 0.002396 0.062227 0.928065 0.003975
3 3 0.002684 0.002687 0.076395 0.914096 0.004139
3 3 0.003392 0.002902 0.073024 0.916114 0.004567
3 3 0.003584 0.003041 0.074102 0.914501 0.004771
3 3 0.002313 0.001938 0.061605 0.930951 0.003192
3 3 0.002334 0.001807 0.057668 0.935148 0.003042
3 3 0.001851 0.001617 0.058472 0.935368 0.002692
3 3 0.002320 0.002164 0.067771 0.924292 0.003453
3 3 0.011585 0.008111 0.121373 0.850608 0.008323
3 3 0.041411 0.032543 0.268303 0.638941 0.018801
2 3 0.300173 0.170878 0.355613 0.115863 0.057473
0 2 0.589852 0.133488 0.117730 0.044556 0.114374
0 2 0.706347 0.084864 0.057654 0.011751 0.139383
0 2 0.571337 0.149751 0.154678 0.061453 0.062781
0 1 0.737874 0.100057 0.109655 0.027091 0.025323
0 0 0.581873 0.158384 0.096653 0.014521 0.148568
0 0 0.678831 0.114071 0.053841 0.003825 0.149431
0 1 0.653011 0.106993 0.042079 0.002175 0.195743
0 0 0.611100 0.125651 0.041851 0.001440 0.219958
0 0 0.652633 0.148511 0.050722 0.001342 0.146792
0 1 0.541657 0.136790 0.040228 0.001179 0.280146
0 1 0.706257 0.119690 0.048117 0.001840 0.124097
0 2 0.457138 0.230790 0.141022 0.007720 0.163330
4 2 0.098915 0.248191 0.172425 0.003411 0.477058
4 2 0.019552 0.190272 0.376339 0.010997 0.402840
2 2 0.001586 0.052213 0.844854 0.061607 0.039741
2 2 0.006004 0.096659 0.727311 0.061529 0.108496
2 2 0.011176 0.152287 0.582683 0.025062 0.228793
2 2 0.008771 0.149911 0.649598 0.026735 0.164985
2 2 0.009262 0.158443 0.613538 0.020189 0.198568
2 2 0.004495 0.128761 0.722368 0.016840 0.127537
2 2 0.001986 0.076563 0.833433 0.028776 0.059241
2 2 0.001560 0.059780 0.852290 0.040890 0.045480
2 2 0.000819 0.040871 0.884652 0.046366 0.027292
2 2 0.001104 0.046958 0.869538 0.050898 0.031501
2 2 0.002043 0.066093 0.826026 0.036898 0.068940
2 2 0.002926 0.074701 0.788602 0.038709 0.095062
2 2 0.004946 0.105152 0.673155 0.019711 0.197037
2 2 0.005147 0.107486 0.683623 0.022128 0.181617
2 2 0.004013 0.099914 0.750277 0.027619 0.118177
2 2 0.002720 0.082564 0.804680 0.033006 0.077030
2 2 0.002509 0.078111 0.816494 0.037440 0.065446
2 2 0.000861 0.041378 0.881542 0.048486 0.027733
2 2 0.000600 0.037646 0.901589 0.035567 0.024598
2 2 0.004804 0.114296 0.692353 0.018342 0.170205
2 2 0.004860 0.105709 0.732761 0.031448 0.125223
2 2 0.006523 0.108083 0.696929 0.040694 0.147771
4 2 0.018381 0.153523 0.376900 0.015000 0.436196
4 2 0.026218 0.144645 0.259849 0.012355 0.556933
4 2 0.023023 0.091738 0.109348 0.003079 0.772812
4 4 0.017846 0.045150 0.031285 0.000494 0.905225
4 4 0.019810 0.043777 0.021767 0.000314 0.914332
4 4 0.022038 0.073914 0.036849 0.000450 0.866750
4 4 0.033792 0.064971 0.024526 0.000473 0.876239
4 4 0.031010 0.086636 0.035070 0.000538 0.846746
4 2 0.012754 0.047591 0.021806 0.000139 0.917711
4 2 0.019598 0.040216 0.010326 0.000084 0.929775
4 4 0.022560 0.048246 0.012862 0.000123 0.916209
4 4 0.033034 0.058067 0.014993 0.000230 0.893675
4 4 0.029276 0.131084 0.086228 0.001434 0.751977
4 4 0.026779 0.110978 0.063855 0.000891 0.797496
4 4 0.019618 0.113597 0.080711 0.000802 0.785272
4 4 0.014679 0.096143 0.068688 0.000471 0.820019
4 4 0.011907 0.056866 0.032167 0.000192 0.898867
4 4 0.020524 0.057974 0.023376 0.000250 0.897875
4 4 0.021299 0.116526 0.081103 0.000893 0.780180
4 2 0.028022 0.133502 0.092062 0.001472 0.744941
2 2 0.006672 0.175258 0.554411 0.005927 0.257731
2 2 0.006124 0.165857 0.619181 0.008724 0.200114
2 2 0.006822 0.168981 0.673127 0.012369 0.138701
2 2 0.010940 0.203263 0.626372 0.006509 0.152917
2 2 0.012846 0.211538 0.574041 0.007351 0.194224
2 2 0.018742 0.219905 0.399933 0.005233 0.356187
4 2 0.026872 0.220298 0.286605 0.003050 0.463175
4 2 0.015127 0.199149 0.364996 0.005406 0.415322
2 2 0.009389 0.187315 0.472892 0.005723 0.324681
4 2 0.017397 0.185478 0.267407 0.003740 0.525977
4 2 0.013922 0.172584 0.259284 0.002649 0.551561
4 2 0.020155 0.219620 0.346536 0.002073 0.411616
4 2 0.016976 0.200858 0.316864 0.002416 0.462886
4 2 0.024735 0.221831 0.324901 0.005145 0.423389
2 2 0.012746 0.204389 0.496610 0.009311 0.276944
2 1 0.073925 0.302874 0.319800 0.004544 0.298856
1 2 0.091755 0.311911 0.307894 0.006646 0.281793
1 2 0.154512 0.342515 0.314550 0.005636 0.182787
2 2 0.007875 0.158927 0.564945 0.009888 0.258366
4 2 0.028271 0.222741 0.301193 0.006160 0.441635
4 2 0.034981 0.232788 0.279455 0.004617 0.448160
2 2 0.026695 0.260357 0.489146 0.003446 0.220355
2 2 0.020665 0.243619 0.597142 0.004582 0.133992
2 2 0.023575 0.231542 0.618518 0.013013 0.113352
2 2 0.014060 0.179005 0.754182 0.011275 0.041477
2 2 0.001577 0.060045 0.887255 0.026608 0.024515
2 2 0.001254 0.047163 0.888212 0.038541 0.024830
2 2 0.001268 0.052105 0.861520 0.037950 0.047157
2 2 0.010631 0.158627 0.518232 0.013396 0.299114
4 2 0.026188 0.166281 0.166096 0.003151 0.638285
4 2 0.049270 0.192739 0.135834 0.001725 0.620431
4 2 0.209997 0.247923 0.130328 0.009525 0.402228
0 2 0.733157 0.116702 0.074469 0.007231 0.068441
0 1 0.353285 0.298774 0.145727 0.014812 0.187403
0 1 0.421829 0.287883 0.174828 0.019844 0.095616
4 2 0.103126 0.291391 0.232349 0.005992 0.367142
4 2 0.067359 0.260427 0.231500 0.004975 0.435739
2 2 0.052687 0.284461 0.394037 0.008343 0.260472
2 2 0.066958 0.308755 0.398913 0.007420 0.217954
2 2 0.007088 0.116591 0.802077 0.028036 0.046208
2 2 0.001275 0.046941 0.904173 0.030704 0.016907
2 2 0.002551 0.077610 0.862402 0.021144 0.036293
2 2 0.010918 0.135439 0.732234 0.034306 0.087102
2 2 0.086525 0.314156 0.325677 0.005869 0.267773
2 2 0.058997 0.295091 0.389750 0.009555 0.246607
2 2 0.010456 0.155190 0.726580 0.035922 0.071853
2 2 0.004011 0.099318 0.791047 0.044558 0.061066
2 2 0.000345 0.024683 0.912978 0.045299 0.016694
2 2 0.012776 0.208351 0.629415 0.010061 0.139398
2 2 0.005792 0.127671 0.793447 0.017030 0.056060
2 2 0.003732 0.105588 0.814966 0.014319 0.061395
2 2 0.001180 0.059317 0.874221 0.022771 0.042511
2 2 0.000875 0.047290 0.883447 0.028713 0.039676
2 2 0.000510 0.039724 0.910322 0.022417 0.027027
2 2 0.000452 0.033940 0.920066 0.026091 0.019451
2 2 0.000352 0.030092 0.927050 0.024872 0.017634
2 2 0.000626 0.040509 0.915175 0.023338 0.020352
2 2 0.000526 0.036487 0.908037 0.031147 0.023803
2 2 0.000880 0.054653 0.885779 0.022710 0.035978
2 2 0.000563 0.040450 0.905292 0.023445 0.030250
2 2 0.001319 0.070420 0.841496 0.014558 0.072208
2 2 0.001473 0.058750 0.869902 0.034304 0.035571
2 2 0.004127 0.083141 0.832362 0.046407 0.033963
2 2 0.003073 0.063312 0.858703 0.051949 0.022962
2 2 0.000305 0.019018 0.894849 0.072293 0.013535
2 2 0.000173 0.013866 0.908478 0.067579 0.009904
2 2 0.000104 0.010889 0.924236 0.057054 0.007716
2 2 0.000124 0.011966 0.920827 0.058609 0.008475
2 2 0.000125 0.012577 0.925715 0.052774 0.008808
2 2 0.000372 0.025459 0.910756 0.045167 0.018247
2 2 0.000140 0.012031 0.909394 0.069777 0.008657
2 2 0.000287 0.017505 0.889100 0.080493 0.012616
2 2 0.000387 0.011448 0.739305 0.239085 0.009774
2 2 0.000804 0.018810 0.736074 0.228874 0.015438
2 2 0.000599 0.012445 0.664997 0.310961 0.010997
2 2 0.000553 0.017954 0.791993 0.175447 0.014053
2 2 0.000393 0.017580 0.845631 0.123208 0.013189
2 2 0.000300 0.016500 0.872703 0.098358 0.012140
2 2 0.000477 0.020585 0.851287 0.112417 0.015234
2 2 0.000501 0.025894 0.885037 0.070358 0.018210
2 2 0.000486 0.025166 0.884433 0.072161 0.017754
2 2 0.000493 0.019754 0.836368 0.128558 0.014828
2 2 0.001026 0.023434 0.751062 0.205753 0.018724
2 2 0.000797 0.018607 0.726399 0.239046 0.015152
2 3 0.000370 0.012079 0.760058 0.217474 0.010020
2 3 0.000633 0.021326 0.811702 0.150124 0.016214
2 3 0.000804 0.026843 0.827812 0.124637 0.019904
2 3 0.000716 0.026438 0.842812 0.110645 0.019389
2 3 0.000852 0.029691 0.840291 0.107527 0.021640
2 3 0.000735 0.025790 0.833291 0.121091 0.019092
2 3 0.000778 0.014394 0.658455 0.313653 0.012721
2 3 0.001244 0.016506 0.600601 0.366572 0.015076
2 3 0.000927 0.012410 0.560386 0.414619 0.011658
2 3 0.000632 0.009921 0.560453 0.419702 0.009292
2 3 0.000729 0.011549 0.589343 0.387701 0.010678
2 3 0.000462 0.010044 0.642983 0.337506 0.009005
2 3 0.000234 0.006858 0.673459 0.313193 0.006255
2 3 0.000263 0.006046 0.600605 0.387283 0.005804
2 3 0.000385 0.008526 0.634730 0.348496 0.007862
2 3 0.000391 0.007807 0.592927 0.391533 0.007342
3 3 0.001686 0.013504 0.455431 0.515893 0.013487
2 3 0.001920 0.019151 0.538684 0.422647 0.017598
2 3 0.006057 0.035034 0.620370 0.318109 0.020430
2 2 0.022905 0.139418 0.713246 0.081974 0.042457
2 2 0.003862 0.073605 0.830641 0.060114 0.031778
2 2 0.012734 0.159190 0.713486 0.027619 0.086971
2 2 0.022079 0.182571 0.420917 0.014562 0.359871
0 1 0.367758 0.264664 0.127115 0.013703 0.226761
4 2 0.032435 0.127111 0.075974 0.001397 0.763084
2 2 0.019264 0.207197 0.444856 0.015186 0.313497
2 2 0.015147 0.174861 0.546252 0.027229 0.236511
2 2 0.006471 0.120848 0.744291 0.028027 0.100363
2 2 0.002160 0.061023 0.825060 0.069899 0.041858
2 2 0.011165 0.116055 0.773587 0.057106 0.042086
2 2 0.090335 0.261819 0.447121 0.044764 0.155961
2 2 0.130241 0.258207 0.477292 0.071045 0.063215
2 2 0.015557 0.139387 0.740899 0.059288 0.044869
2 2 0.047533 0.266353 0.441096 0.022761 0.222257
2 2 0.010803 0.160106 0.643463 0.015135 0.170492
2 2 0.002100 0.059012 0.829041 0.068644 0.041203
2 2 0.002887 0.071286 0.805823 0.069615 0.050390
2 2 0.004687 0.096975 0.756912 0.046891 0.094535
2 2 0.002838 0.068591 0.804715 0.068171 0.055685
2 2 0.008715 0.131812 0.644881 0.032206 0.182386
2 2 0.002650 0.076181 0.809632 0.040411 0.071126
2 2 0.003676 0.094441 0.779594 0.036588 0.085700
2 2 0.002131 0.062505 0.828455 0.061389 0.045520
2 2 0.001708 0.065798 0.845451 0.034408 0.052635
2 2 0.002596 0.094483 0.791967 0.019110 0.091844
2 2 0.006487 0.156637 0.645877 0.013112 0.177887
2 2 0.009075 0.174349 0.588165 0.013573 0.214838
4 2 0.019188 0.213499 0.369425 0.006724 0.391165
2 2 0.014703 0.171054 0.650038 0.032222 0.131983
2 2 0.004481 0.110561 0.767147 0.029201 0.088609
2 2 0.002563 0.078226 0.809860 0.034607 0.074744
2 2 0.000293 0.020908 0.910521 0.053840 0.014439
2 2 0.000314 0.019474 0.895342 0.071044 0.013827
2 2 0.000340 0.021339 0.899294 0.064062 0.014965
2 2 0.002874 0.095759 0.833731 0.022831 0.044805
2 2 0.001325 0.062751 0.874966 0.026341 0.034617
2 2 0.001104 0.055875 0.885847 0.026670 0.030505
2 2 0.002014 0.079117 0.852263 0.025283 0.041322
2 2 0.000815 0.052749 0.895113 0.021044 0.030279
2 2 0.000919 0.054169 0.884259 0.025288 0.035365
2 2 0.005412 0.125919 0.731446 0.022917 0.114306
2 2 0.003758 0.085679 0.802329 0.043629 0.064606
2 2 0.003326 0.082043 0.841834 0.037594 0.035203
2 2 0.001259 0.050821 0.874890 0.043394 0.029636
2 2 0.000886 0.043475 0.901409 0.032398 0.021831
2 2 0.000712 0.039264 0.892482 0.041555 0.025988
2 2 0.001563 0.058334 0.852651 0.048706 0.038746
2 2 0.001738 0.065328 0.847948 0.042280 0.042706
2 2 0.004823 0.134540 0.729642 0.019560 0.111435
2 2 0.002193 0.091598 0.824682 0.022719 0.058809
2 2 0.004747 0.132219 0.764482 0.016963 0.081590
2 2 0.007643 0.153728 0.760100 0.015721 0.062808
2 2 0.016754 0.206530 0.681097 0.015520 0.080099
2 2 0.013567 0.188230 0.690778 0.018374 0.089051
2 2 0.009041 0.155421 0.727221 0.023572 0.084745
2 2 0.003531 0.092410 0.791760 0.043093 0.069207
2 2 0.002567 0.079065 0.824006 0.039572 0.054789
2 2 0.000753 0.038523 0.887320 0.047576 0.025828
2 2 0.000493 0.031077 0.917429 0.034120 0.016881
2 2 0.000272 0.023086 0.924124 0.037153 0.015367
2 2 0.000350 0.025710 0.914966 0.041735 0.017239
2 2 0.000991 0.038419 0.863544 0.067571 0.029475
2 2 0.005657 0.063591 0.697084 0.165541 0.068126
3 2 0.006307 0.030346 0.433920 0.500209 0.029218
2 2 0.147358 0.230648 0.370423 0.163957 0.087615
2 1 0.065753 0.116831 0.391733 0.348607 0.077077
2 2 0.021770 0.188252 0.565345 0.030557 0.194075
2 2 0.019310 0.179568 0.490598 0.027860 0.282664
2 2 0.022090 0.199822 0.557545 0.027949 0.192594
2 2 0.020022 0.223189 0.593512 0.013211 0.150066
2 2 0.015162 0.201449 0.548301 0.015661 0.219427
2 2 0.001166 0.052615 0.869460 0.036545 0.040214
2 2 0.003779 0.096878 0.743204 0.023962 0.132176
2 2 0.015585 0.163711 0.460652 0.017634 0.342419
4 2 0.117605 0.299520 0.230248 0.006463 0.346164
4 2 0.260065 0.183143 0.046499 0.001763 0.508531
0 2 0.311834 0.290992 0.138519 0.014134 0.244521
1 2 0.259122 0.310660 0.174079 0.012457 0.243682
4 2 0.040352 0.232226 0.254238 0.005457 0.467726
2 2 0.021019 0.223089 0.415489 0.012633 0.327770
2 2 0.005872 0.150267 0.692025 0.017008 0.134829
2 2 0.005252 0.117168 0.762218 0.026684 0.088678
2 2 0.006621 0.126705 0.730916 0.029150 0.106609
2 2 0.010607 0.171133 0.659640 0.023604 0.135016
2 2 0.002106 0.068436 0.871900 0.029419 0.028138
2 2 0.002512 0.079364 0.836477 0.030997 0.050650
2 2 0.001959 0.063649 0.897934 0.019296 0.017162
2 2 0.006519 0.131803 0.718214 0.025767 0.117697
4 2 0.031575 0.225037 0.288119 0.007128 0.448141
4 2 0.032470 0.216607 0.251146 0.005206 0.494571
4 2 0.028797 0.222277 0.296492 0.006390 0.446045
4 2 0.011588 0.189809 0.396431 0.004826 0.397346
2 2 0.011572 0.203440 0.549204 0.008308 0.227476
2 2 0.013617 0.189833 0.483709 0.012109 0.300733
4 1 0.276361 0.199652 0.098118 0.020817 0.405052
2 1 0.095113 0.307077 0.337538 0.025566 0.234706
2 2 0.022898 0.198014 0.398015 0.016239 0.364834
2 2 0.008833 0.143149 0.752791 0.026502 0.068725
2 2 0.005906 0.132304 0.723179 0.029164 0.109447
2 2 0.007752 0.161367 0.622619 0.014754 0.193508
2 2 0.016374 0.221745 0.522108 0.009660 0.230113
2 2 0.012041 0.193652 0.608649 0.013763 0.171896
2 2 0.024337 0.247175 0.485298 0.007257 0.235932
2 2 0.002434 0.075256 0.849661 0.035033 0.037616
2 2 0.002816 0.086731 0.805938 0.033557 0.070958
2 2 0.001279 0.052387 0.872983 0.042206 0.031144
2 2 0.000415 0.028962 0.927101 0.028907 0.014615
2 2 0.001511 0.052972 0.894466 0.031010 0.020042
2 2 0.005400 0.128105 0.805524 0.015656 0.045315
2 2 0.010843 0.171024 0.615246 0.024684 0.178203
4 2 0.025588 0.214558 0.367395 0.013632 0.378826
2 2 0.006392 0.113815 0.705096 0.037905 0.136792
2 2 0.001655 0.053745 0.842676 0.062866 0.039058
2 2 0.001475 0.053888 0.853375 0.054992 0.036270
2 2 0.004107 0.059664 0.893396 0.033593 0.009240
2 2 0.036833 0.145825 0.739307 0.059462 0.018573
2 2 0.006185 0.062159 0.870358 0.051943 0.009355
2 2 0.227195 0.308381 0.379815 0.044884 0.039726
0 2 0.320305 0.285035 0.130147 0.014021 0.250491
2 2 0.166233 0.255337 0.303020 0.153268 0.122143
2 2 0.015410 0.136769 0.731135 0.067954 0.048732
2 2 0.015467 0.131849 0.667619 0.111584 0.073480
2 2 0.023213 0.133993 0.673279 0.119766 0.049750
2 2 0.056861 0.139492 0.413139 0.307601 0.082906
2 2 0.063369 0.211462 0.440012 0.100694 0.184463
0 2 0.571183 0.171684 0.143565 0.034918 0.078651
0 2 0.704262 0.084257 0.111438 0.063906 0.036137
0 0 0.955850 0.005690 0.019265 0.018469 0.000725
0 0 0.850885 0.016168 0.037462 0.079882 0.015603
0 0 0.753754 0.057704 0.126995 0.058840 0.002706
0 0 0.629060 0.225861 0.124771 0.002978 0.017330
0 0 0.417597 0.206724 0.064972 0.001762 0.308945
4 0 0.240825 0.134306 0.031447 0.000508 0.592913
4 0 0.205475 0.166021 0.055108 0.002250 0.571146
0 0 0.508970 0.129373 0.062032 0.008060 0.291564
0 0 0.648121 0.124607 0.075952 0.010928 0.140391
0 0 0.435196 0.164604 0.078981 0.010987 0.310232
0 0 0.443563 0.144727 0.067180 0.009098 0.335432
4 0 0.096210 0.062032 0.016962 0.000437 0.824359
4 0 0.046836 0.046992 0.012595 0.000271 0.893306
4 0 0.065197 0.042074 0.007674 0.000140 0.884915
4 0 0.031058 0.031490 0.006092 0.000092 0.931269
4 0 0.106806 0.069620 0.016494 0.001285 0.805794
4 0 0.215718 0.064867 0.018816 0.001752 0.698847
4 0 0.280307 0.168216 0.065686 0.008202 0.477589
0 0 0.515967 0.201633 0.076753 0.003619 0.202028
0 0 0.619317 0.123498 0.038395 0.001071 0.217718
4 0 0.195184 0.033232 0.008382 0.000528 0.762673
4 0 0.342253 0.049679 0.012305 0.000553 0.595211
4 0 0.287106 0.035965 0.010139 0.000829 0.665961
0 1 0.499791 0.199537 0.094309 0.008373 0.197990
0 1 0.497874 0.167734 0.051432 0.001704 0.281257
4 1 0.063314 0.033196 0.010642 0.000586 0.892263
4 1 0.050649 0.022498 0.012622 0.001011 0.913220
4 1 0.022804 0.100849 0.057465 0.000645 0.818236
4 2 0.029069 0.163921 0.141620 0.002722 0.662668
4 2 0.023812 0.172965 0.181876 0.003016 0.618331
4 2 0.020427 0.202751 0.314773 0.006457 0.455592
2 2 0.009613 0.187351 0.524911 0.008541 0.269584
2 2 0.004176 0.122394 0.757586 0.023001 0.092843
2 2 0.002640 0.098889 0.814068 0.024664 0.059739
2 2 0.004132 0.125755 0.758448 0.021804 0.089861
2 2 0.002687 0.096783 0.810353 0.026396 0.063781
2 2 0.008451 0.181950 0.652217 0.016137 0.141245
2 2 0.008046 0.180501 0.638269 0.015023 0.158160
2 2 0.008587 0.171996 0.695978 0.016757 0.106682
2 2 0.004513 0.102705 0.829925 0.026498 0.036358
2 2 0.004505 0.094139 0.837972 0.030012 0.033372
2 2 0.000629 0.032246 0.913476 0.038173 0.015477
2 2 0.000721 0.033299 0.905177 0.044354 0.016448
2 2 0.000811 0.040560 0.888757 0.044092 0.025780
2 2 0.001207 0.046213 0.860444 0.060618 0.031518
2 2 0.001422 0.053605 0.884951 0.035100 0.024921
2 2 0.001700 0.048648 0.876879 0.051795 0.020977
2 2 0.001198 0.046660 0.897634 0.034639 0.019870
2 2 0.004276 0.101584 0.852632 0.016529 0.024978
2 2 0.012287 0.205913 0.672086 0.006944 0.102770
2 2 0.018299 0.229226 0.503770 0.007786 0.240920
2 2 0.014445 0.217849 0.540068 0.006811 0.220826
2 2 0.011643 0.204664 0.569163 0.008327 0.206203
2 2 0.004364 0.133672 0.783265 0.014749 0.063949
2 2 0.000962 0.055627 0.898026 0.018872 0.026513
2 2 0.000865 0.051599 0.916316 0.012362 0.018858
2 2 0.001867 0.079770 0.874917 0.013902 0.029544
2 2 0.004028 0.114465 0.842439 0.011032 0.028036
2 2 0.002007 0.077215 0.876376 0.017064 0.027338
2 2 0.004186 0.120682 0.811031 0.013104 0.050997
2 2 0.000766 0.044330 0.915185 0.020770 0.018949
2 2 0.000444 0.034639 0.927478 0.020301 0.017138
2 2 0.000348 0.032784 0.927960 0.019812 0.019095
2 2 0.000287 0.030814 0.931039 0.018741 0.019119
2 2 0.000237 0.025564 0.935256 0.022715 0.016228
2 2 0.000136 0.017906 0.946434 0.023977 0.011548
2 2 0.000366 0.030603 0.921095 0.028233 0.019703
2 2 0.000202 0.019899 0.932304 0.034382 0.013213
2 2 0.000243 0.021383 0.929609 0.035339 0.013425
2 2 0.000400 0.027890 0.915040 0.039003 0.017667
2 2 0.000320 0.022647 0.911139 0.050386 0.015507
2 2 0.000749 0.041580 0.891777 0.038601 0.027292
2 2 0.000443 0.030398 0.910075 0.038931 0.020152
2 2 0.000376 0.030822 0.920041 0.028881 0.019881
2 2 0.000163 0.016711 0.938759 0.034204 0.010162
2 2 0.000349 0.024969 0.939971 0.024594 0.010116
2 2 0.000439 0.025772 0.928038 0.034526 0.011225
2 2 0.001033 0.034222 0.907199 0.045668 0.011878
2 2 0.000835 0.030689 0.901177 0.054380 0.012919
2 2 0.000727 0.026601 0.891501 0.068847 0.012323
2 2 0.000461 0.021063 0.860992 0.102050 0.015434
2 2 0.000288 0.015734 0.868510 0.103815 0.011653
2 2 0.000501 0.021040 0.848397 0.114473 0.015588
2 3 0.001242 0.033890 0.884764 0.067101 0.013003
2 3 0.002588 0.053986 0.864475 0.059386 0.019564
2 3 0.001299 0.041572 0.869994 0.064970 0.022164
2 3 0.000968 0.040043 0.868568 0.062906 0.027515
2 3 0.000422 0.014748 0.787453 0.185668 0.011709
2 3 0.001314 0.022596 0.691537 0.265564 0.018990
2 3 0.001640 0.016669 0.541349 0.424528 0.015813
3 3 0.000863 0.009422 0.479808 0.500471 0.009436
2 3 0.000797 0.013107 0.612891 0.361365 0.011841
2 3 0.001403 0.021520 0.656393 0.302263 0.018421
2 3 0.002668 0.032053 0.641191 0.297197 0.026891
2 3 0.002636 0.026560 0.586176 0.361079 0.023549
2 3 0.001560 0.020728 0.623283 0.336146 0.018282
3 3 0.001366 0.011728 0.458905 0.516120 0.011881
2 3 0.001147 0.012982 0.542216 0.431039 0.012616
2 3 0.001270 0.016174 0.593669 0.373906 0.014980
2 3 0.001286 0.021535 0.675491 0.283505 0.018183
2 3 0.001381 0.022066 0.667262 0.290597 0.018693
2 3 0.001175 0.026678 0.752095 0.199320 0.020732
2 3 0.000841 0.022355 0.775796 0.183443 0.017564
2 3 0.001609 0.027553 0.714870 0.233275 0.022694
2 3 0.002411 0.027106 0.614150 0.332719 0.023613
2 3 0.002166 0.022997 0.579921 0.374338 0.020578
2 3 0.001477 0.024885 0.692149 0.260891 0.020598
2 3 0.001506 0.016214 0.551566 0.415397 0.015316
2 3 0.000756 0.019289 0.744207 0.220393 0.015355
2 3 0.000751 0.016064 0.693654 0.275984 0.013547
2 3 0.000853 0.016127 0.668320 0.300832 0.013868
2 3 0.000963 0.016371 0.644817 0.323596 0.014254
2 3 0.002004 0.020874 0.574058 0.383894 0.019169
2 3 0.001046 0.013647 0.566720 0.405873 0.012714
3 3 0.001024 0.008928 0.423349 0.557434 0.009265
3 3 0.001546 0.013501 0.472503 0.499154 0.013297
3 3 0.001983 0.014632 0.441023 0.527840 0.014522
3 3 0.003288 0.012369 0.291208 0.679542 0.013593
3 3 0.003021 0.007978 0.202624 0.776796 0.009581
3 3 0.002134 0.007575 0.240114 0.741301 0.008875
3 3 0.002269 0.015201 0.428490 0.538762 0.015278
2 3 0.002099 0.028482 0.659746 0.285737 0.023936
2 3 0.001552 0.023995 0.681053 0.272925 0.020475
2 3 0.004758 0.057043 0.682234 0.211906 0.044059
2 3 0.004822 0.038753 0.556030 0.367332 0.033064
2 3 0.001021 0.015139 0.602147 0.368135 0.013559
3 3 0.002497 0.017853 0.474013 0.487937 0.017700
3 3 0.003180 0.021140 0.474627 0.480400 0.020654
3 3 0.002389 0.014375 0.411072 0.557198 0.014965
2 3 0.003295 0.025766 0.541554 0.405170 0.024215
2 3 0.002023 0.016842 0.496616 0.468127 0.016392
3 3 0.002473 0.015355 0.418509 0.548001 0.015662
3 3 0.002411 0.012090 0.342816 0.629763 0.012920
3 3 0.002046 0.012526 0.384120 0.588331 0.012977
3 3 0.001557 0.011079 0.403190 0.572713 0.011460
2 3 0.001892 0.018021 0.520006 0.443299 0.016782
3 3 0.002798 0.016794 0.423989 0.539348 0.017071
3 3 0.001633 0.011920 0.432035 0.542007 0.012405
3 3 0.002670 0.017019 0.445109 0.517927 0.017274
3 3 0.004481 0.016367 0.322419 0.638997 0.017736
3 3 0.006150 0.026618 0.394898 0.546037 0.026297
2 3 0.003132 0.028040 0.564165 0.379589 0.025074
2 3 0.009379 0.051000 0.539217 0.353724 0.046680
2 2 0.005412 0.088541 0.792139 0.070085 0.043824
2 2 0.013140 0.157986 0.758896 0.020256 0.049722
2 2 0.014729 0.182466 0.746748 0.015291 0.040766
2 2 0.006378 0.128865 0.799431 0.021210 0.044116
2 2 0.003246 0.103895 0.778128 0.021862 0.092869
2 2 0.004147 0.120491 0.706604 0.013978 0.154780
4 2 0.017111 0.148851 0.158499 0.001619 0.673921
4 2 0.035026 0.225629 0.262425 0.005375 0.471545
4 2 0.028591 0.219405 0.339465 0.012078 0.400461
4 2 0.034148 0.206173 0.221229 0.006659 0.531790
4 2 0.023637 0.169843 0.183190 0.003140 0.620189
4 2 0.017988 0.089243 0.065663 0.000727 0.826379
4 2 0.019860 0.048148 0.027425 0.000415 0.904152
4 2 0.018462 0.028246 0.015052 0.000257 0.937982
4 4 0.054290 0.019730 0.005523 0.000338 0.920119
4 4 0.039215 0.009754 0.003961 0.000293 0.946778
4 4 0.073089 0.002949 0.001387 0.000340 0.922234
4 4 0.112422 0.001644 0.000750 0.000353 0.884831
4 4 0.184245 0.000927 0.000558 0.000719 0.813552
4 4 0.137205 0.002360 0.001329 0.000834 0.858272
4 4 0.180528 0.007432 0.002867 0.000694 0.808479
4 4 0.139117 0.009553 0.007400 0.003921 0.840009
4 4 0.169510 0.003949 0.001559 0.000785 0.824197
4 4 0.099226 0.003195 0.000898 0.000195 0.896485
4 4 0.446748 0.005519 0.002159 0.000476 0.545099
4 4 0.077362 0.005779 0.003711 0.001010 0.912138
4 4 0.146010 0.004873 0.003811 0.002679 0.842627
4 4 0.197589 0.009817 0.009513 0.009254 0.773828
4 4 0.239773 0.016312 0.019352 0.024802 0.699760
4 4 0.201205 0.030596 0.038441 0.034997 0.694761
4 4 0.151034 0.017687 0.009458 0.003312 0.818509
4 4 0.168346 0.013854 0.012711 0.008706 0.796383
4 4 0.222995 0.025769 0.014661 0.007803 0.728771
4 4 0.212291 0.029405 0.012941 0.004982 0.740381
4 4 0.029917 0.026095 0.008188 0.000187 0.935612
4 4 0.025316 0.020608 0.004790 0.000077 0.949209
4 4 0.038705 0.005591 0.002359 0.000213 0.953132
4 4 0.127619 0.005713 0.003755 0.001847 0.861066
4 4 0.112951 0.001692 0.000499 0.000162 0.884697
4 4 0.132920 0.002655 0.000952 0.000378 0.863094
4 4 0.153366 0.005500 0.002204 0.000895 0.838035
4 4 0.074846 0.005452 0.007574 0.003907 0.908221
4 4 0.077515 0.003849 0.002969 0.001081 0.914586
4 4 0.082886 0.004410 0.002675 0.000819 0.909210
4 4 0.114224 0.005077 0.003992 0.002091 0.874616
4 4 0.135873 0.015453 0.014958 0.008037 0.825679
4 4 0.085908 0.012312 0.004489 0.000665 0.896626
4 4 0.074162 0.022197 0.005321 0.000389 0.897931
4 4 0.036786 0.039809 0.010134 0.000202 0.913070
4 4 0.068630 0.052255 0.009443 0.000370 0.869302
4 4 0.091634 0.050576 0.009170 0.000389 0.848230
4 1 0.317077 0.177558 0.044823 0.001431 0.459111
1 1 0.257143 0.304756 0.154714 0.005923 0.277463
0 2 0.338825 0.286417 0.115088 0.003638 0.256032
4 2 0.018418 0.059701 0.022396 0.000176 0.899309
4 4 0.023474 0.029288 0.007407 0.000107 0.939725
4 4 0.043807 0.017505 0.004086 0.000177 0.934425
4 4 0.045926 0.009946 0.003035 0.000208 0.940885
4 4 0.100069 0.009674 0.002816 0.000412 0.887029
4 4 0.061393 0.009488 0.004013 0.000505 0.924601
4 4 0.068076 0.010817 0.002548 0.000210 0.918349
4 4 0.048676 0.012766 0.004100 0.000288 0.934170
4 4 0.044278 0.006142 0.001291 0.000073 0.948216
4 4 0.036489 0.008127 0.002506 0.000144 0.952733
4 4 0.065511 0.006950 0.002670 0.000368 0.924500
4 4 0.040453 0.008532 0.003716 0.000315 0.946984
4 4 0.060869 0.009985 0.003973 0.000463 0.924710
4 4 0.047631 0.010949 0.002125 0.000100 0.939195
4 4 0.050730 0.012986 0.002367 0.000107 0.933810
4 4 0.054063 0.021547 0.006334 0.000392 0.917665
4 4 0.073196 0.016676 0.005254 0.000522 0.904352
4 4 0.076046 0.024839 0.006832 0.000557 0.891726
4 4 0.072656 0.096451 0.026911 0.001174 0.802809
4 4 0.048748 0.108030 0.042604 0.001182 0.799436
2 2 0.019982 0.201948 0.482960 0.022678 0.272432
4 2 0.085824 0.255470 0.243241 0.015842 0.399623
2 2 0.081400 0.235763 0.309197 0.074247 0.299393
4 2 0.046619 0.228259 0.235076 0.011486 0.478560
4 2 0.071199 0.227534 0.161724 0.003940 0.535603
4 2 0.028035 0.144955 0.110071 0.001851 0.715089
4 2 0.028835 0.175787 0.167223 0.003417 0.624739
4 2 0.022468 0.194834 0.254231 0.004804 0.523664
4 2 0.021749 0.195399 0.262147 0.004857 0.515848
2 2 0.011293 0.195466 0.461979 0.006932 0.324330
2 2 0.010919 0.195476 0.485872 0.007683 0.300050
2 2 0.010421 0.195202 0.541383 0.010410 0.242584
2 2 0.008342 0.184819 0.590250 0.010629 0.205960
2 2 0.007689 0.181588 0.573703 0.008315 0.228705
2 2 0.006765 0.176018 0.568925 0.006666 0.241626
2 2 0.011635 0.190666 0.401468 0.005001 0.391230
4 2 0.017921 0.145834 0.146966 0.001545 0.687734
4 2 0.020976 0.153547 0.149614 0.001933 0.673930
4 2 0.019614 0.189201 0.258857 0.004138 0.528189
4 2 0.021558 0.205964 0.305866 0.006420 0.460191
2 2 0.011696 0.200094 0.514270 0.010248 0.263693
2 2 0.009368 0.190132 0.532803 0.008374 0.259323
2 2 0.006471 0.136865 0.747742 0.029848 0.079075
2 2 0.142053 0.239777 0.497501 0.083872 0.036796
0 2 0.411656 0.292241 0.247282 0.027301 0.021520
0 2 0.339423 0.308799 0.255745 0.048718 0.047316
0 2 0.381698 0.314299 0.241215 0.021274 0.041514
4 2 0.037936 0.228274 0.236153 0.002104 0.495533
2 2 0.057361 0.289371 0.332206 0.003456 0.317606
2 2 0.031525 0.263621 0.453624 0.005909 0.245321
2 2 0.047080 0.279581 0.349790 0.003184 0.320365
2 2 0.036669 0.269005 0.411932 0.005514 0.276880
2 2 0.036735 0.271500 0.430007 0.005879 0.255879
2 2 0.016414 0.223522 0.605613 0.009842 0.144609
2 2 0.016768 0.229167 0.600664 0.005839 0.147562
2 2 0.012739 0.212235 0.624286 0.006113 0.144627
2 2 0.029134 0.260359 0.466667 0.005399 0.238442
4 2 0.036214 0.250774 0.330470 0.004810 0.377732
2 2 0.017055 0.215127 0.432737 0.008852 0.326228
2 2 0.009077 0.188280 0.500386 0.005710 0.296547
2 2 0.011913 0.198412 0.438944 0.004655 0.346076
2 2 0.019871 0.223618 0.395076 0.004768 0.356667
4 2 0.051905 0.270947 0.301110 0.003809 0.372229
2 2 0.038490 0.273286 0.405400 0.004515 0.278309
2 2 0.033490 0.271920 0.482054 0.005298 0.207238
2 2 0.040628 0.286084 0.495414 0.005390 0.172484
2 2 0.040613 0.278875 0.430905 0.005972 0.243633
2 2 0.052519 0.288691 0.386937 0.007207 0.264647
2 2 0.035543 0.263834 0.410595 0.007330 0.282699
4 2 0.039939 0.257864 0.333580 0.005392 0.363225
2 2 0.077586 0.309657 0.330272 0.004581 0.277904
2 2 0.044992 0.287173 0.539568 0.009122 0.119145
2 2 0.031309 0.263829 0.595253 0.007274 0.102335
2 2 0.008655 0.174297 0.749917 0.010424 0.056707
2 2 0.008023 0.177661 0.708515 0.011582 0.094219
2 2 0.012272 0.208647 0.611053 0.007794 0.160233
