0 0 0.954582 0.013195 0.004347 0.000729 0.027148
0 0 0.911903 0.058146 0.013806 0.000044 0.016102
0 0 0.921205 0.045207 0.022446 0.000099 0.011042
0 0 0.928364 0.026162 0.020509 0.001988 0.022978
0 0 0.958079 0.013510 0.016910 0.001214 0.010287
0 0 0.935058 0.019393 0.030180 0.002568 0.012800
0 0 0.916014 0.020710 0.042868 0.005979 0.014427
0 0 0.936728 0.018921 0.017465 0.003542 0.023344
0 0 0.974016 0.008606 0.007620 0.000594 0.009163
0 0 0.973694 0.006425 0.010457 0.001708 0.007716
0 0 0.965698 0.007646 0.014844 0.003014 0.008799
0 0 0.957276 0.007357 0.015813 0.007692 0.011863
0 0 0.938872 0.011457 0.014894 0.010689 0.024087
0 0 0.909505 0.023233 0.032306 0.009291 0.025664
0 0 0.964931 0.010832 0.011151 0.001275 0.011811
0 0 0.964146 0.012450 0.013239 0.000740 0.009425
0 0 0.944043 0.018816 0.025402 0.001224 0.010515
0 0 0.917848 0.029843 0.035135 0.001713 0.015460
0 0 0.726249 0.085464 0.162987 0.005191 0.020109
0 0 0.576534 0.053100 0.333105 0.025309 0.011952
0 0 0.605971 0.053648 0.300825 0.026666 0.012890
0 0 0.737078 0.064580 0.163985 0.012931 0.021426
0 0 0.872939 0.039474 0.058736 0.005999 0.022852
0 0 0.876164 0.036662 0.060611 0.005977 0.020585
0 0 0.668506 0.045047 0.263329 0.012569 0.010549
0 0 0.926462 0.021306 0.039234 0.002206 0.010793
0 0 0.947527 0.015352 0.027523 0.001406 0.008192
0 0 0.960972 0.009879 0.017032 0.002478 0.009638
0 0 0.955195 0.011902 0.016451 0.003017 0.013436
0 0 0.949611 0.013549 0.021182 0.003089 0.012569
0 0 0.735108 0.059394 0.180070 0.008639 0.016789
0 0 0.819889 0.055102 0.105921 0.003171 0.015916
0 0 0.873406 0.039985 0.069688 0.002432 0.014489
0 0 0.799624 0.045049 0.128347 0.009434 0.017546
0 0 0.809932 0.042837 0.121560 0.008827 0.016844
0 0 0.881658 0.029676 0.063309 0.007374 0.017984
0 0 0.915729 0.021843 0.045071 0.004257 0.013100
0 0 0.943968 0.015086 0.023009 0.003685 0.014253
0 0 0.937849 0.017027 0.022507 0.004462 0.018155
0 0 0.964352 0.007198 0.008324 0.004215 0.015911
0 0 0.962178 0.005840 0.008437 0.007652 0.015893
0 0 0.959635 0.008899 0.012768 0.004470 0.014229
0 0 0.961594 0.009041 0.015041 0.003315 0.011009
0 0 0.954046 0.011137 0.019644 0.003659 0.011515
0 0 0.951677 0.015424 0.020054 0.001518 0.011327
0 0 0.934082 0.020756 0.031556 0.001903 0.011703
0 0 0.866362 0.035302 0.078983 0.004626 0.014727
0 0 0.894866 0.035469 0.052953 0.002155 0.014557
0 0 0.883684 0.041686 0.045678 0.003747 0.025205
0 0 0.872079 0.044791 0.057085 0.003618 0.022427
0 0 0.904819 0.029630 0.045633 0.003500 0.016418
0 0 0.926848 0.022339 0.035005 0.002583 0.013224
0 0 0.942722 0.015584 0.026483 0.003100 0.012111
0 0 0.960548 0.007922 0.019790 0.003865 0.007875
0 0 0.968778 0.006037 0.013985 0.003597 0.007603
0 0 0.984041 0.003262 0.005658 0.001424 0.005615
0 0 0.994587 0.000955 0.000880 0.000245 0.003333
0 0 0.991581 0.001737 0.001370 0.000313 0.005000
0 0 0.985449 0.003829 0.003166 0.000470 0.007085
0 0 0.973474 0.006861 0.004423 0.000989 0.014254
0 0 0.853690 0.027448 0.101956 0.007027 0.009879
0 0 0.942227 0.008963 0.034839 0.006958 0.007014
0 0 0.982694 0.002663 0.006216 0.002902 0.005525
0 0 0.979671 0.003866 0.007082 0.002391 0.006991
0 0 0.985637 0.002909 0.003129 0.001036 0.007289
0 0 0.979570 0.005933 0.007342 0.000674 0.006481
0 0 0.952804 0.012363 0.027472 0.001265 0.006095
0 0 0.956253 0.013803 0.020612 0.001048 0.008284
0 0 0.952271 0.015660 0.023647 0.000814 0.007607
0 0 0.899338 0.028412 0.058290 0.002623 0.011337
0 0 0.776278 0.057324 0.150616 0.003494 0.012289
0 0 0.811855 0.044701 0.126214 0.004752 0.012478
0 0 0.849699 0.042029 0.092091 0.003244 0.012936
0 0 0.945633 0.020805 0.021927 0.000743 0.010892
0 0 0.953736 0.017053 0.018846 0.000701 0.009665
0 0 0.931472 0.021006 0.032719 0.002118 0.012686
0 0 0.919486 0.027703 0.034070 0.002236 0.016506
0 0 0.929173 0.024386 0.025967 0.002251 0.018222
0 0 0.933027 0.018497 0.032889 0.003227 0.012361
0 0 0.933256 0.016663 0.029539 0.005449 0.015093
0 0 0.940462 0.017621 0.020768 0.003298 0.017850
0 0 0.963125 0.011166 0.009157 0.001393 0.015160
0 0 0.964175 0.008971 0.007596 0.002238 0.017021
0 0 0.940284 0.016384 0.018611 0.004349 0.020372
0 0 0.945431 0.014059 0.011384 0.003881 0.025246
0 0 0.958800 0.010232 0.009995 0.003113 0.017860
0 0 0.946601 0.012163 0.013716 0.005911 0.021610
0 0 0.949551 0.011863 0.015275 0.005225 0.018085
0 0 0.968182 0.004988 0.007271 0.005966 0.013592
0 0 0.972358 0.002784 0.003165 0.006575 0.015118
0 0 0.965312 0.010029 0.012930 0.001525 0.010205
0 0 0.973281 0.005632 0.011397 0.002491 0.007199
0 0 0.976722 0.004287 0.007730 0.003104 0.008157
0 0 0.984687 0.003783 0.002884 0.000546 0.008100
0 0 0.988295 0.003188 0.002170 0.000248 0.006099
0 0 0.982955 0.004857 0.006686 0.000518 0.004984
0 0 0.946665 0.015653 0.030794 0.000834 0.006053
0 0 0.925756 0.020104 0.044466 0.001734 0.007940
0 0 0.951834 0.014589 0.020637 0.001803 0.011137
0 0 0.974221 0.009648 0.007338 0.000334 0.008459
0 0 0.972420 0.007548 0.009481 0.001352 0.009198
0 0 0.931766 0.019764 0.036764 0.001958 0.009747
0 0 0.663705 0.040831 0.281168 0.007515 0.006782
0 0 0.770285 0.036077 0.180068 0.005675 0.007895
0 0 0.589053 0.039619 0.361415 0.005285 0.004627
0 0 0.537402 0.040971 0.411263 0.005934 0.004431
0 0 0.529536 0.037070 0.423315 0.006152 0.003928
0 0 0.506309 0.036216 0.448170 0.005858 0.003446
0 0 0.697739 0.037273 0.258077 0.002678 0.004233
0 0 0.796279 0.039848 0.157167 0.001408 0.005297
0 1 0.824037 0.049022 0.115361 0.001886 0.009693
0 1 0.790168 0.072937 0.118814 0.002240 0.015841
0 1 0.679691 0.095172 0.207507 0.003035 0.014595
0 0 0.754007 0.071934 0.155958 0.003356 0.014746
0 1 0.911288 0.034619 0.040835 0.000929 0.012329
0 1 0.875076 0.042250 0.071757 0.001042 0.009874
0 0 0.923587 0.029527 0.033108 0.000997 0.012781
0 1 0.950024 0.020929 0.014810 0.000547 0.013690
0 1 0.917236 0.031963 0.031219 0.001583 0.017999
0 2 0.905385 0.041906 0.028586 0.001124 0.022999
2 2 0.012408 0.020140 0.940070 0.026571 0.000811
2 2 0.031887 0.035182 0.909464 0.021750 0.001716
2 2 0.010361 0.021111 0.949402 0.018439 0.000686
2 2 0.007870 0.018561 0.956694 0.016338 0.000537
2 2 0.003330 0.010672 0.969024 0.016720 0.000254
2 2 0.001910 0.007387 0.967336 0.023186 0.000181
2 2 0.001034 0.005470 0.965700 0.027667 0.000129
2 2 0.000857 0.004860 0.968116 0.026061 0.000107
2 2 0.000361 0.002693 0.961552 0.035338 0.000056
2 2 0.000398 0.002885 0.953910 0.042739 0.000068
2 2 0.000387 0.002589 0.960867 0.036102 0.000055
2 2 0.000497 0.003129 0.961791 0.034515 0.000069
2 2 0.000616 0.003339 0.955472 0.040491 0.000082
2 2 0.000531 0.002580 0.957080 0.039750 0.000059
2 2 0.000612 0.002600 0.956749 0.039978 0.000061
2 2 0.000571 0.002291 0.958054 0.039032 0.000051
2 2 0.000844 0.003114 0.959378 0.036589 0.000075
2 2 0.000472 0.002024 0.958050 0.039410 0.000044
2 2 0.000312 0.001801 0.961023 0.036829 0.000035
2 2 0.000248 0.001720 0.957646 0.040352 0.000034
2 2 0.000269 0.001805 0.952486 0.045401 0.000038
2 2 0.000241 0.001788 0.938263 0.059665 0.000043
2 2 0.000343 0.002778 0.933462 0.063339 0.000078
2 2 0.000309 0.003436 0.931474 0.064681 0.000100
2 3 0.000375 0.004019 0.927867 0.067613 0.000126
2 3 0.000216 0.002643 0.925944 0.071122 0.000074
2 3 0.000262 0.002966 0.912923 0.083754 0.000095
2 3 0.000324 0.003362 0.866042 0.130128 0.000144
2 3 0.000319 0.003445 0.815027 0.181028 0.000181
2 3 0.000312 0.002961 0.726558 0.269969 0.000199
2 3 0.000327 0.004265 0.842464 0.152734 0.000210
2 3 0.000146 0.002834 0.765003 0.231861 0.000155
2 3 0.000110 0.002007 0.728780 0.268993 0.000111
2 3 0.000099 0.001846 0.665381 0.332557 0.000118
2 3 0.000371 0.003330 0.861922 0.134230 0.000147
2 3 0.000529 0.002637 0.926729 0.070024 0.000081
2 2 0.001793 0.003338 0.966500 0.028291 0.000078
2 0 0.039185 0.015834 0.922783 0.021450 0.000748
2 0 0.283375 0.024816 0.667486 0.022164 0.002158
0 0 0.942824 0.011641 0.037268 0.002496 0.005771
0 0 0.970574 0.011908 0.007295 0.000272 0.009951
0 0 0.979007 0.007156 0.001677 0.000079 0.012081
0 0 0.976062 0.009626 0.004691 0.000171 0.009450
0 0 0.887754 0.042210 0.052944 0.001610 0.015482
0 0 0.827377 0.045808 0.113849 0.002465 0.010501
0 0 0.708055 0.050776 0.227154 0.004980 0.009035
0 0 0.606928 0.054131 0.325211 0.006147 0.007583
2 1 0.330070 0.072302 0.586677 0.005758 0.005193
0 0 0.644555 0.073718 0.268491 0.003568 0.009669
0 0 0.780542 0.053578 0.156043 0.001753 0.008084
0 0 0.893151 0.033749 0.063411 0.001058 0.008631
0 1 0.869694 0.037866 0.081533 0.001516 0.009391
0 0 0.802245 0.053430 0.131091 0.002347 0.010888
0 0 0.820442 0.040000 0.128783 0.002603 0.008172
0 0 0.722497 0.039280 0.226887 0.004794 0.006542
0 1 0.911951 0.028055 0.049896 0.001178 0.008920
0 1 0.925681 0.025055 0.040298 0.000823 0.008144
0 0 0.937532 0.023884 0.024965 0.000955 0.012665
0 1 0.949998 0.019657 0.017278 0.000705 0.012361
0 1 0.941657 0.019888 0.025873 0.001238 0.011344
0 1 0.588609 0.110030 0.275993 0.006358 0.019009
0 2 0.731725 0.089456 0.154805 0.003563 0.020451
0 2 0.623023 0.128726 0.215498 0.005706 0.027046
0 2 0.415076 0.187890 0.342355 0.015223 0.039456
2 1 0.216288 0.203147 0.536099 0.012751 0.031714
2 2 0.121829 0.180312 0.646755 0.013184 0.037920
2 2 0.079161 0.131960 0.761351 0.011837 0.015692
2 2 0.046451 0.082152 0.851377 0.013390 0.006630
2 2 0.012995 0.053967 0.908926 0.017943 0.006170
2 2 0.003279 0.016468 0.951511 0.027953 0.000789
2 2 0.001280 0.010092 0.966934 0.021098 0.000596
2 2 0.000977 0.007104 0.970346 0.021289 0.000285
2 2 0.000755 0.004970 0.975280 0.018845 0.000150
2 2 0.000441 0.002674 0.971342 0.025495 0.000048
2 2 0.000312 0.002259 0.973711 0.023682 0.000037
2 2 0.000247 0.001787 0.979857 0.018085 0.000024
2 2 0.000164 0.001532 0.971992 0.026289 0.000023
2 2 0.000268 0.002255 0.970747 0.026690 0.000040
2 2 0.000261 0.002143 0.972393 0.025165 0.000038
2 2 0.000210 0.001554 0.968140 0.030071 0.000026
2 2 0.000218 0.001794 0.969043 0.028914 0.000032
2 2 0.000138 0.001351 0.972166 0.026325 0.000019
2 2 0.000128 0.001152 0.962529 0.036173 0.000019
2 2 0.000165 0.001486 0.952439 0.045881 0.000029
2 2 0.000102 0.000937 0.958070 0.040876 0.000015
2 2 0.000081 0.000881 0.894028 0.104987 0.000023
2 2 0.000105 0.001167 0.900651 0.098046 0.000031
2 3 0.000121 0.001767 0.770224 0.227802 0.000086
2 3 0.000153 0.002175 0.740393 0.257155 0.000123
2 3 0.000229 0.003116 0.767488 0.228985 0.000181
2 3 0.000406 0.004025 0.572015 0.423118 0.000436
2 3 0.000427 0.003970 0.610955 0.384256 0.000392
2 3 0.000221 0.003226 0.678706 0.317606 0.000240
2 3 0.000182 0.003110 0.674822 0.321658 0.000227
3 3 0.000226 0.003604 0.436167 0.559501 0.000502
3 3 0.000297 0.003530 0.458898 0.536799 0.000477
3 3 0.000216 0.002322 0.205122 0.791717 0.000623
3 3 0.000194 0.002496 0.337389 0.659500 0.000421
3 3 0.000237 0.002704 0.318834 0.677725 0.000500
3 3 0.000168 0.002296 0.351420 0.645756 0.000360
3 3 0.000227 0.001721 0.315570 0.682186 0.000296
3 3 0.000165 0.001576 0.212467 0.785420 0.000372
3 3 0.000461 0.004317 0.249796 0.744250 0.001176
3 3 0.000373 0.004425 0.293812 0.700375 0.001015
3 3 0.000179 0.002758 0.227609 0.768776 0.000679
3 3 0.000171 0.002799 0.375936 0.620670 0.000424
3 3 0.000189 0.001999 0.155753 0.841406 0.000653
3 3 0.000401 0.003373 0.178628 0.816429 0.001168
3 3 0.000389 0.002730 0.137565 0.858181 0.001134
3 3 0.000528 0.003497 0.148501 0.846004 0.001471
3 3 0.000299 0.001787 0.101746 0.895311 0.000858
3 3 0.000266 0.001807 0.111324 0.885807 0.000797
3 3 0.000148 0.001189 0.102281 0.895893 0.000489
3 3 0.000148 0.001580 0.140494 0.857253 0.000525
3 3 0.000474 0.004294 0.295638 0.698593 0.001001
3 2 0.000763 0.006146 0.493635 0.498526 0.000930
2 2 0.000859 0.006588 0.835350 0.156806 0.000397
2 2 0.000495 0.003527 0.930412 0.065456 0.000109
2 2 0.000549 0.003184 0.952625 0.043563 0.000080
2 2 0.000879 0.004039 0.967532 0.027462 0.000088
2 2 0.010699 0.027649 0.940043 0.020605 0.001003
2 2 0.004014 0.015445 0.952854 0.027177 0.000511
2 2 0.002338 0.012926 0.956093 0.028074 0.000569
2 2 0.001217 0.007374 0.965919 0.025255 0.000235
2 2 0.000972 0.004223 0.962763 0.031941 0.000101
2 2 0.001876 0.006839 0.954278 0.036800 0.000207
2 2 0.001978 0.006606 0.953385 0.037827 0.000203
2 2 0.001452 0.006069 0.935860 0.056402 0.000217
2 2 0.002347 0.010330 0.944601 0.042259 0.000464
2 2 0.001446 0.007284 0.964776 0.026229 0.000265
2 2 0.002422 0.010047 0.961885 0.025367 0.000280
2 2 0.002647 0.012325 0.966969 0.017587 0.000472
2 2 0.003139 0.015429 0.958797 0.021913 0.000721
2 2 0.002963 0.012387 0.969816 0.014396 0.000437
2 2 0.002496 0.012834 0.970574 0.013475 0.000621
2 2 0.002288 0.009172 0.969893 0.018339 0.000308
2 2 0.001317 0.006684 0.968633 0.023149 0.000217
2 2 0.000701 0.004611 0.973660 0.020866 0.000162
2 2 0.000477 0.002949 0.973114 0.023394 0.000066
2 2 0.000834 0.003846 0.971557 0.023685 0.000077
2 2 0.001252 0.005217 0.976896 0.016514 0.000121
2 2 0.001773 0.006158 0.971923 0.020005 0.000141
2 2 0.001799 0.007397 0.970702 0.019839 0.000263
2 2 0.001759 0.004918 0.973750 0.019415 0.000157
2 0 0.005689 0.008810 0.953557 0.031648 0.000296
2 0 0.009533 0.006850 0.965745 0.017689 0.000184
2 0 0.038521 0.011775 0.927306 0.021873 0.000524
2 0 0.441870 0.045864 0.496773 0.010404 0.005089
2 0 0.441961 0.042910 0.493084 0.016277 0.005768
0 0 0.635134 0.057717 0.275347 0.017291 0.014510
0 0 0.669387 0.045440 0.271239 0.006468 0.007466
0 0 0.804291 0.055707 0.124216 0.002908 0.012877
0 0 0.777953 0.076388 0.128655 0.002059 0.014945
0 0 0.801653 0.054246 0.127792 0.003358 0.012952
0 0 0.762919 0.047846 0.174608 0.004334 0.010292
0 0 0.873383 0.044697 0.068507 0.001234 0.012179
0 0 0.700275 0.092633 0.189901 0.002438 0.014753
0 0 0.592188 0.090265 0.301348 0.004269 0.011930
2 0 0.315766 0.073913 0.596878 0.007580 0.005864
2 0 0.376121 0.076201 0.535802 0.005759 0.006116
2 0 0.417221 0.102206 0.466381 0.004902 0.009290
0 1 0.414142 0.150028 0.410338 0.006986 0.018506
2 1 0.361478 0.207102 0.393871 0.008709 0.028841
2 1 0.224874 0.198601 0.541091 0.010314 0.025119
2 1 0.136489 0.133942 0.708334 0.011725 0.009510
2 1 0.299744 0.176378 0.498769 0.007703 0.017406
2 2 0.225195 0.130041 0.626979 0.007991 0.009793
2 2 0.178854 0.125830 0.675644 0.010134 0.009538
2 2 0.070447 0.098926 0.807102 0.017284 0.006242
2 2 0.029177 0.059284 0.886494 0.022047 0.002999
2 2 0.006986 0.020592 0.951332 0.020423 0.000667
2 2 0.003135 0.011133 0.965480 0.019963 0.000289
2 2 0.003321 0.011477 0.965644 0.019261 0.000297
2 2 0.002768 0.010347 0.971388 0.015226 0.000271
2 2 0.001668 0.007578 0.975570 0.014989 0.000196
2 2 0.003373 0.014635 0.970777 0.010547 0.000668
2 2 0.001956 0.007926 0.976944 0.012975 0.000199
2 2 0.001959 0.007382 0.970044 0.020445 0.000171
2 2 0.002249 0.007040 0.973586 0.016974 0.000150
2 2 0.002136 0.008317 0.970725 0.018632 0.000190
2 2 0.000340 0.003850 0.972326 0.023289 0.000194
2 2 0.000496 0.005262 0.981999 0.011940 0.000304
2 2 0.000664 0.005206 0.977281 0.016572 0.000277
2 2 0.000765 0.006644 0.978194 0.014029 0.000369
2 2 0.000229 0.003428 0.986809 0.009312 0.000222
2 2 0.000160 0.002282 0.978922 0.018551 0.000085
2 2 0.000330 0.004103 0.978570 0.016773 0.000223
2 2 0.000410 0.004664 0.970217 0.024435 0.000274
2 2 0.000366 0.004232 0.966123 0.029022 0.000256
2 2 0.000677 0.005937 0.974922 0.018159 0.000305
2 2 0.000459 0.004541 0.977200 0.017608 0.000192
2 2 0.000661 0.004376 0.978346 0.016505 0.000112
2 2 0.000551 0.003795 0.970482 0.025090 0.000082
2 2 0.000404 0.003062 0.950048 0.046400 0.000086
2 2 0.000274 0.002163 0.948228 0.049285 0.000050
2 2 0.000747 0.003112 0.946383 0.049671 0.000086
2 1 0.001813 0.004769 0.958011 0.035275 0.000132
2 1 0.003767 0.010633 0.968779 0.016566 0.000256
2 2 0.004077 0.011506 0.971837 0.012334 0.000246
2 2 0.001550 0.006126 0.977657 0.014553 0.000113
2 2 0.000949 0.004344 0.979771 0.014864 0.000072
2 2 0.001792 0.006271 0.980015 0.011815 0.000107
2 2 0.003649 0.011462 0.965893 0.018701 0.000295
2 2 0.005328 0.015719 0.962014 0.016511 0.000428
2 2 0.002532 0.008676 0.971753 0.016845 0.000194
2 2 0.001864 0.007965 0.979824 0.010129 0.000218
2 2 0.000988 0.003705 0.981167 0.014081 0.000058
2 2 0.000559 0.002728 0.979175 0.017496 0.000042
2 2 0.001522 0.006533 0.974029 0.017781 0.000134
2 2 0.001179 0.005835 0.971521 0.021341 0.000124
0 2 0.640763 0.055743 0.279949 0.011540 0.012004
0 0 0.523512 0.043392 0.407910 0.017208 0.007978
0 0 0.614707 0.050206 0.312120 0.012428 0.010540
0 0 0.653244 0.060078 0.266513 0.008169 0.011997
0 0 0.550897 0.061326 0.371290 0.007970 0.008518
0 0 0.617809 0.068058 0.296331 0.006858 0.010944
0 0 0.781208 0.063174 0.138270 0.003065 0.014283
0 0 0.496489 0.064730 0.427872 0.004697 0.006213
0 0 0.760959 0.049371 0.180169 0.002148 0.007353
0 0 0.481418 0.054211 0.455441 0.004386 0.004545
0 0 0.784451 0.046590 0.159398 0.002153 0.007408
0 0 0.752015 0.052183 0.185555 0.002481 0.007766
0 0 0.672621 0.060518 0.256350 0.002981 0.007531
0 0 0.635685 0.070379 0.283088 0.002855 0.007994
2 0 0.262478 0.047052 0.679870 0.007530 0.003071
2 1 0.256945 0.070683 0.646468 0.018792 0.007112
0 0 0.577352 0.182313 0.182085 0.008135 0.050116
0 0 0.567424 0.188207 0.198706 0.005435 0.040228
0 0 0.651104 0.136591 0.184811 0.003162 0.024333
0 0 0.850136 0.042130 0.082976 0.005882 0.018876
0 0 0.742448 0.081618 0.097736 0.003427 0.074771
0 0 0.778109 0.071272 0.087628 0.001982 0.061008
0 0 0.898329 0.041372 0.028212 0.001705 0.030383
0 0 0.770271 0.078532 0.134023 0.001987 0.015188
0 0 0.680143 0.083553 0.221679 0.002606 0.012019
0 0 0.604435 0.066924 0.316310 0.004057 0.008275
0 0 0.626830 0.058551 0.302717 0.004319 0.007583
2 0 0.261360 0.044898 0.684274 0.006652 0.002816
0 0 0.818350 0.034808 0.138760 0.002026 0.006056
0 0 0.821091 0.035884 0.131542 0.003635 0.007848
2 0 0.219480 0.061163 0.694380 0.018974 0.006002
2 0 0.206557 0.045599 0.719363 0.023902 0.004579
2 0 0.258844 0.043829 0.675582 0.017505 0.004240
2 0 0.205038 0.038929 0.744016 0.009600 0.002417
2 0 0.277767 0.046503 0.663889 0.008688 0.003153
0 0 0.809736 0.043498 0.138699 0.001567 0.006500
0 0 0.901348 0.043050 0.045426 0.000379 0.009797
0 0 0.937585 0.028675 0.025466 0.000212 0.008063
0 0 0.924007 0.034520 0.033455 0.000212 0.007806
0 0 0.877080 0.039096 0.076288 0.000652 0.006885
0 0 0.847903 0.043347 0.099949 0.001068 0.007734
0 0 0.740537 0.050667 0.200608 0.001847 0.006341
0 0 0.702129 0.054112 0.234464 0.002510 0.006785
0 0 0.756318 0.065172 0.167428 0.001701 0.009381
0 0 0.750777 0.073819 0.163446 0.001546 0.010412
0 0 0.746510 0.071251 0.172440 0.001203 0.008596
0 0 0.681377 0.064027 0.245144 0.002134 0.007318
0 0 0.821292 0.052779 0.116551 0.001050 0.008329
0 0 0.711644 0.059026 0.220876 0.001737 0.006718
0 0 0.720015 0.070404 0.199782 0.001458 0.008340
0 1 0.750384 0.085044 0.151848 0.001164 0.011560
0 1 0.659032 0.141096 0.179236 0.001534 0.019101
2 1 0.358555 0.159445 0.464443 0.004146 0.013411
2 0 0.392504 0.121372 0.471106 0.004570 0.010447
2 0 0.163421 0.053995 0.761003 0.017685 0.003896
2 0 0.404399 0.048697 0.531862 0.010879 0.004163
0 0 0.688477 0.104805 0.178232 0.005225 0.023261
0 0 0.736568 0.112064 0.129915 0.001504 0.019949
0 0 0.878481 0.053333 0.050236 0.000955 0.016995
0 0 0.854813 0.044087 0.089062 0.001656 0.010382
0 0 0.633743 0.070202 0.283222 0.003805 0.009028
0 0 0.815994 0.066581 0.098240 0.002180 0.017005
0 0 0.751432 0.098870 0.126526 0.002207 0.020966
0 1 0.741466 0.111383 0.116447 0.002625 0.028078
0 1 0.408531 0.165545 0.390129 0.010306 0.025489
2 1 0.084672 0.112133 0.779607 0.016365 0.007223
2 1 0.041775 0.073183 0.861898 0.019306 0.003838
2 2 0.052666 0.072059 0.859276 0.012687 0.003312
2 2 0.079351 0.090879 0.815484 0.008543 0.005743
2 2 0.176200 0.091544 0.720142 0.006911 0.005203
2 2 0.119977 0.085149 0.786512 0.004893 0.003469
2 2 0.070537 0.047494 0.872855 0.007319 0.001796
2 2 0.039923 0.024993 0.925538 0.008763 0.000784
2 0 0.156929 0.055223 0.774375 0.010171 0.003301
2 0 0.357794 0.056945 0.572316 0.008130 0.004815
0 0 0.502126 0.058852 0.424199 0.007922 0.006901
0 0 0.864950 0.038558 0.085811 0.001566 0.009115
0 0 0.894334 0.035820 0.061096 0.000732 0.008019
0 0 0.885159 0.031866 0.074807 0.001007 0.007161
0 0 0.871582 0.038427 0.080370 0.001099 0.008522
0 1 0.890333 0.045575 0.049152 0.000891 0.014050
0 1 0.835305 0.063770 0.085169 0.001218 0.014538
0 1 0.652974 0.096844 0.234442 0.002548 0.013191
0 0 0.765905 0.082826 0.134963 0.001654 0.014652
0 1 0.696825 0.088800 0.198156 0.002610 0.013609
0 1 0.516637 0.118304 0.346460 0.004555 0.014043
0 2 0.586283 0.097684 0.297909 0.004594 0.013531
2 2 0.272694 0.093019 0.615255 0.010499 0.008533
2 0 0.179853 0.079132 0.723578 0.011575 0.005861
2 0 0.142479 0.054705 0.784449 0.014504 0.003864
2 1 0.011592 0.027153 0.944096 0.016276 0.000884
2 2 0.006625 0.020076 0.951539 0.021107 0.000654
2 2 0.005795 0.018939 0.952730 0.021898 0.000639
2 2 0.004578 0.015469 0.961418 0.018055 0.000480
2 2 0.003684 0.010618 0.969793 0.015657 0.000248
2 2 0.002658 0.008451 0.975574 0.013150 0.000167
2 2 0.001855 0.006260 0.979855 0.011923 0.000108
2 2 0.001500 0.005954 0.976244 0.016187 0.000115
2 2 0.000881 0.004142 0.979821 0.015087 0.000068
2 2 0.000582 0.002952 0.976599 0.019817 0.000050
2 2 0.000421 0.002393 0.970877 0.026266 0.000043
2 2 0.000436 0.002404 0.975368 0.021752 0.000039
2 2 0.000405 0.002241 0.978124 0.019196 0.000034
2 2 0.000365 0.001992 0.977548 0.020066 0.000030
2 2 0.000509 0.002746 0.978310 0.018391 0.000043
2 2 0.000642 0.003843 0.981349 0.014072 0.000094
2 2 0.000470 0.004369 0.977581 0.017407 0.000173
2 2 0.000233 0.002581 0.983586 0.013516 0.000084
2 2 0.000132 0.001872 0.966609 0.031336 0.000052
2 2 0.000185 0.002191 0.963442 0.034112 0.000070
2 2 0.000114 0.001991 0.953616 0.044202 0.000078
2 2 0.000259 0.004081 0.959453 0.035953 0.000253
2 2 0.000137 0.002696 0.938622 0.058413 0.000132
2 2 0.000162 0.002963 0.949042 0.047684 0.000149
2 2 0.000194 0.003150 0.956818 0.039688 0.000150
2 2 0.000238 0.003755 0.971062 0.024724 0.000222
2 2 0.000236 0.003460 0.978852 0.017262 0.000189
2 2 0.000218 0.003406 0.980024 0.016149 0.000203
2 2 0.000144 0.002255 0.978594 0.018914 0.000092
2 2 0.000129 0.002159 0.956161 0.041467 0.000084
2 2 0.000162 0.002847 0.952346 0.044511 0.000134
2 2 0.000264 0.004407 0.938850 0.056214 0.000265
2 2 0.000280 0.005317 0.934295 0.059677 0.000431
2 2 0.000220 0.003255 0.945126 0.051265 0.000134
2 2 0.000235 0.003317 0.877658 0.118616 0.000175
2 3 0.000203 0.002699 0.813892 0.183077 0.000130
2 3 0.000153 0.002256 0.671239 0.326198 0.000155
2 3 0.000200 0.003036 0.606501 0.389998 0.000266
2 3 0.000396 0.004474 0.622475 0.372221 0.000434
2 2 0.001085 0.007744 0.767371 0.223177 0.000622
2 2 0.001326 0.006931 0.865848 0.125506 0.000389
2 2 0.002196 0.008892 0.950601 0.038019 0.000293
2 2 0.002088 0.010145 0.956614 0.030848 0.000306
2 2 0.001014 0.006132 0.957265 0.035422 0.000167
2 2 0.000899 0.005535 0.959711 0.033713 0.000142
2 2 0.000796 0.005205 0.951553 0.042286 0.000160
2 2 0.000990 0.005391 0.953011 0.040448 0.000160
2 2 0.001660 0.008154 0.961931 0.027944 0.000310
2 2 0.000800 0.004640 0.972753 0.021676 0.000131
2 2 0.002267 0.009009 0.967828 0.020261 0.000635
2 2 0.005573 0.024526 0.941720 0.026614 0.001566
2 2 0.005172 0.022267 0.946908 0.024482 0.001171
2 2 0.004849 0.020420 0.940966 0.032856 0.000910
2 2 0.000730 0.006062 0.963639 0.029336 0.000233
2 2 0.000369 0.003767 0.946993 0.048749 0.000122
2 2 0.000274 0.002373 0.961886 0.035421 0.000047
2 2 0.000656 0.003447 0.960764 0.035053 0.000080
2 2 0.001576 0.006121 0.968665 0.023492 0.000145
2 2 0.001648 0.007741 0.971823 0.018577 0.000210
2 2 0.001566 0.007597 0.965738 0.024909 0.000189
2 2 0.000124 0.001179 0.930757 0.067913 0.000026
2 2 0.000135 0.001442 0.946261 0.052132 0.000029
2 2 0.000169 0.002027 0.912532 0.085214 0.000058
2 3 0.000148 0.001693 0.899260 0.098848 0.000050
2 3 0.000172 0.002430 0.840757 0.156538 0.000102
2 3 0.000205 0.003183 0.819560 0.176897 0.000154
2 3 0.000249 0.003923 0.811773 0.183849 0.000207
2 3 0.000350 0.003323 0.916527 0.079691 0.000109
2 3 0.000986 0.003605 0.960514 0.034806 0.000088
2 0 0.002972 0.005343 0.972261 0.019305 0.000119
2 0 0.011340 0.014888 0.959136 0.014232 0.000404
2 1 0.011323 0.020439 0.958357 0.009246 0.000636
2 1 0.013867 0.033495 0.942863 0.008185 0.001590
2 1 0.014049 0.029279 0.941930 0.013826 0.000916
2 2 0.012620 0.033442 0.934717 0.017745 0.001477
2 2 0.005944 0.016638 0.951987 0.024872 0.000559
2 2 0.005482 0.009123 0.959268 0.025849 0.000277
2 2 0.018424 0.019167 0.943590 0.018166 0.000653
2 1 0.059545 0.077327 0.847580 0.012109 0.003439
0 0 0.609592 0.159775 0.207577 0.001972 0.021084
0 1 0.440479 0.168994 0.355941 0.008812 0.025774
2 2 0.047052 0.084362 0.845698 0.017050 0.005839
2 2 0.006853 0.028730 0.946695 0.015716 0.002006
2 2 0.001230 0.008596 0.975807 0.013943 0.000424
2 2 0.000877 0.005959 0.975763 0.017201 0.000200
2 2 0.001788 0.010442 0.956485 0.030881 0.000403
2 2 0.001014 0.006961 0.965213 0.026568 0.000243
2 2 0.000758 0.006087 0.966634 0.026290 0.000231
2 2 0.000523 0.004218 0.980642 0.014479 0.000137
2 2 0.000856 0.005579 0.971376 0.022016 0.000173
2 2 0.000103 0.001201 0.974765 0.023911 0.000019
2 2 0.000098 0.001139 0.967600 0.031147 0.000016
2 2 0.000140 0.001834 0.944686 0.053300 0.000040
2 2 0.000251 0.002846 0.962093 0.034727 0.000083
2 2 0.000437 0.005904 0.971407 0.021821 0.000431
2 2 0.000776 0.010019 0.975818 0.012165 0.001223
2 2 0.000591 0.009659 0.974918 0.013341 0.001491
2 2 0.000361 0.007476 0.969470 0.021577 0.001115
2 2 0.000184 0.004433 0.955630 0.039301 0.000452
2 2 0.000129 0.003364 0.943120 0.053104 0.000284
2 2 0.000066 0.001861 0.942564 0.055404 0.000105
2 2 0.000053 0.001282 0.952306 0.046313 0.000047
2 2 0.000095 0.001820 0.960403 0.037613 0.000068
2 2 0.000202 0.003310 0.980332 0.015952 0.000204
2 2 0.000807 0.014011 0.971955 0.009815 0.003413
2 2 0.002669 0.042717 0.921524 0.006433 0.026657
2 4 0.007437 0.093577 0.798434 0.006391 0.094161
2 4 0.009599 0.111140 0.685782 0.009439 0.184040
4 4 0.014696 0.101626 0.161645 0.007241 0.714792
4 4 0.012772 0.070629 0.149541 0.011360 0.755698
4 4 0.023130 0.036484 0.042599 0.007040 0.890748
4 4 0.028316 0.022084 0.023488 0.007468 0.918643
4 4 0.036455 0.015033 0.016125 0.011335 0.921052
4 4 0.039834 0.012910 0.012406 0.009777 0.925073
4 4 0.047152 0.012464 0.013430 0.017299 0.909656
4 4 0.040767 0.024378 0.020556 0.007299 0.907000
4 4 0.044482 0.014987 0.013161 0.009242 0.918129
4 4 0.045951 0.011172 0.010469 0.011492 0.920917
4 4 0.052746 0.016316 0.013074 0.009578 0.908286
4 4 0.042098 0.018647 0.013263 0.004898 0.921094
4 4 0.016758 0.063161 0.060954 0.002648 0.856478
4 4 0.010462 0.159249 0.306139 0.006911 0.517238
4 4 0.011795 0.122600 0.227708 0.007596 0.630301
4 4 0.016687 0.081824 0.105236 0.005679 0.790574
4 4 0.019815 0.059191 0.082574 0.009112 0.829308
4 4 0.035184 0.043471 0.045369 0.010323 0.865653
4 4 0.047941 0.012266 0.014640 0.023251 0.901903
4 4 0.105871 0.006854 0.006890 0.054324 0.826061
4 4 0.142363 0.005061 0.004991 0.086133 0.761452
4 4 0.136232 0.006326 0.005695 0.062174 0.789572
4 4 0.076395 0.027897 0.018346 0.010525 0.866838
4 4 0.047499 0.029773 0.012387 0.001485 0.908856
4 4 0.038935 0.036474 0.024923 0.003964 0.895704
4 4 0.063848 0.019569 0.016760 0.015583 0.884240
4 4 0.077755 0.013861 0.016001 0.047223 0.845159
4 4 0.100851 0.008909 0.009785 0.063690 0.816765
4 4 0.057565 0.012315 0.010075 0.011597 0.908448
4 4 0.036253 0.023788 0.015819 0.003254 0.920886
4 4 0.039546 0.081210 0.072694 0.003563 0.802987
2 4 0.047998 0.191579 0.420899 0.005580 0.333944
4 4 0.030214 0.114024 0.112139 0.004504 0.739120
4 4 0.032453 0.070679 0.057148 0.004788 0.834932
4 4 0.022940 0.039594 0.036551 0.003766 0.897150
4 4 0.018834 0.057045 0.048529 0.002269 0.873323
4 4 0.023691 0.142889 0.171619 0.004253 0.657548
2 4 0.008297 0.087755 0.836504 0.008127 0.059317
2 4 0.009912 0.099544 0.810261 0.009223 0.071061
4 4 0.026411 0.095921 0.075475 0.003310 0.798883
4 4 0.038030 0.035725 0.036519 0.010964 0.878762
4 4 0.058187 0.009659 0.008930 0.016214 0.907010
4 4 0.055739 0.020456 0.019933 0.017569 0.886304
4 4 0.034856 0.018079 0.012936 0.003680 0.930450
4 4 0.045145 0.017035 0.017571 0.014456 0.905793
4 4 0.069348 0.017632 0.017358 0.025688 0.869973
4 4 0.114810 0.008900 0.006292 0.024442 0.845555
4 4 0.129242 0.009012 0.006897 0.036813 0.818036
4 4 0.067404 0.016144 0.013610 0.016268 0.886574
4 4 0.051466 0.033116 0.023304 0.006669 0.885445
4 4 0.056510 0.033019 0.025679 0.010074 0.874718
4 4 0.043113 0.043457 0.040822 0.010837 0.861771
4 4 0.039755 0.051211 0.059937 0.017202 0.831895
4 4 0.030002 0.054074 0.071443 0.015170 0.829311
4 4 0.018121 0.097136 0.163743 0.013558 0.707441
4 4 0.013897 0.094687 0.238290 0.022860 0.630267
4 4 0.015639 0.069332 0.103817 0.007686 0.803526
4 4 0.018727 0.099067 0.187538 0.015676 0.678993
2 4 0.013935 0.139408 0.551998 0.006273 0.288386
2 4 0.023322 0.136199 0.715063 0.002604 0.122813
2 4 0.021151 0.114645 0.788675 0.002313 0.073216
2 2 0.024742 0.134457 0.749148 0.003593 0.088060
2 2 0.014088 0.106625 0.813950 0.007907 0.057431
2 2 0.007551 0.073104 0.873838 0.010414 0.035093
2 2 0.003410 0.044777 0.920129 0.012124 0.019560
2 2 0.001674 0.027704 0.950993 0.007749 0.011879
2 2 0.000895 0.015074 0.972971 0.006991 0.004070
2 2 0.000682 0.011860 0.976735 0.008085 0.002639
2 2 0.000591 0.009128 0.980997 0.007859 0.001425
2 2 0.000416 0.007492 0.978774 0.012239 0.001079
2 2 0.000583 0.009738 0.973402 0.014760 0.001517
2 2 0.000435 0.007580 0.970244 0.020806 0.000936
2 2 0.000306 0.005368 0.965860 0.027997 0.000469
2 2 0.000276 0.004769 0.971313 0.023254 0.000388
2 2 0.000401 0.005988 0.977858 0.015211 0.000543
2 2 0.000841 0.010309 0.976953 0.010649 0.001248
2 2 0.000819 0.010624 0.973926 0.013290 0.001340
2 2 0.000761 0.009224 0.974232 0.014853 0.000929
2 2 0.001062 0.011396 0.968580 0.017834 0.001128
2 2 0.000484 0.006953 0.975082 0.016817 0.000664
2 2 0.000431 0.006191 0.973591 0.019267 0.000520
2 2 0.000216 0.003963 0.981963 0.013520 0.000338
2 2 0.000226 0.004351 0.983546 0.011435 0.000442
2 2 0.000146 0.003303 0.982382 0.013857 0.000312
2 2 0.000146 0.003283 0.980921 0.015351 0.000299
2 2 0.000194 0.003954 0.980750 0.014727 0.000376
2 2 0.000163 0.002991 0.968713 0.027961 0.000172
2 2 0.000167 0.003218 0.970460 0.025944 0.000211
2 2 0.000184 0.003734 0.966215 0.029581 0.000286
2 2 0.000262 0.004943 0.945024 0.049381 0.000390
2 2 0.000263 0.005539 0.929043 0.064637 0.000518
2 2 0.000307 0.005723 0.903672 0.089853 0.000444
2 2 0.000209 0.003823 0.838435 0.157235 0.000298
2 2 0.000301 0.003159 0.752425 0.243917 0.000198
2 2 0.001074 0.006902 0.668704 0.322603 0.000717
2 2 0.002638 0.013029 0.693604 0.289182 0.001547
2 2 0.001726 0.008808 0.751007 0.237660 0.000799
2 2 0.001088 0.007023 0.889917 0.101630 0.000342
2 2 0.000362 0.003102 0.946191 0.050266 0.000079
2 2 0.000302 0.002780 0.945807 0.051042 0.000069
2 2 0.000520 0.003511 0.934354 0.061509 0.000106
2 2 0.000507 0.004056 0.905398 0.089885 0.000153
2 2 0.000186 0.002087 0.943203 0.054476 0.000048
2 2 0.000160 0.002019 0.913892 0.083872 0.000057
2 3 0.000175 0.002723 0.868756 0.128223 0.000123
2 3 0.000165 0.002638 0.784805 0.212256 0.000136
2 3 0.000113 0.002377 0.787096 0.210299 0.000114
2 3 0.000080 0.001706 0.661793 0.336316 0.000106
2 3 0.000135 0.002460 0.595037 0.402164 0.000204
3 3 0.000238 0.002982 0.449455 0.546934 0.000391
3 3 0.000534 0.003546 0.334618 0.660584 0.000719
3 3 0.001213 0.007407 0.414383 0.575505 0.001493
2 3 0.001573 0.014905 0.518824 0.462044 0.002654
3 3 0.000790 0.009375 0.440541 0.547548 0.001746
3 3 0.000313 0.003959 0.235583 0.759072 0.001072
3 3 0.000155 0.001753 0.153194 0.844343 0.000555
3 3 0.000401 0.002988 0.148998 0.846429 0.001183
3 3 0.000555 0.003790 0.157038 0.837066 0.001551
3 3 0.000646 0.003925 0.147944 0.845756 0.001729
3 3 0.000557 0.003974 0.164894 0.829001 0.001573
3 3 0.000658 0.003417 0.125368 0.868866 0.001692
3 3 0.000593 0.003212 0.125218 0.869420 0.001557
3 3 0.000400 0.001494 0.068050 0.929061 0.000995
3 3 0.000312 0.001581 0.085817 0.911432 0.000858
3 3 0.000347 0.001566 0.079074 0.918095 0.000917
3 3 0.000546 0.001943 0.074692 0.921519 0.001301
3 3 0.000340 0.001291 0.064124 0.933382 0.000862
3 3 0.000424 0.001724 0.077171 0.919609 0.001071
3 3 0.000363 0.002094 0.106961 0.889566 0.001015
3 3 0.000361 0.002110 0.108260 0.888256 0.001013
3 3 0.000219 0.001356 0.091326 0.906445 0.000654
3 3 0.000202 0.000924 0.062098 0.936214 0.000563
3 3 0.000418 0.001921 0.088327 0.908245 0.001089
3 3 0.000404 0.002075 0.098568 0.897867 0.001086
3 3 0.000220 0.001394 0.093980 0.903746 0.000661
3 3 0.000293 0.001441 0.080576 0.916886 0.000804
3 3 0.000503 0.002406 0.100781 0.895009 0.001301
3 3 0.000728 0.003681 0.127412 0.866336 0.001843
3 3 0.000943 0.003833 0.112453 0.880566 0.002205
3 3 0.001018 0.002934 0.078803 0.915075 0.002170
3 3 0.000751 0.001992 0.061907 0.933737 0.001613
3 3 0.000959 0.002111 0.056050 0.938959 0.001921
3 3 0.000518 0.002110 0.085041 0.911047 0.001284
3 3 0.000533 0.002657 0.108570 0.886855 0.001385
3 3 0.000710 0.005069 0.183940 0.808323 0.001957
3 3 0.000500 0.002864 0.123147 0.872135 0.001353
3 3 0.000411 0.002612 0.126360 0.869455 0.001162
3 3 0.000361 0.003620 0.196358 0.798507 0.001154
3 3 0.000656 0.005169 0.197450 0.794859 0.001866
3 3 0.000794 0.004265 0.141875 0.851046 0.002021
3 3 0.000719 0.003007 0.102294 0.892240 0.001739
3 3 0.000412 0.001459 0.064856 0.932266 0.001008
3 3 0.000329 0.001327 0.067722 0.929773 0.000849
3 3 0.000323 0.001213 0.061790 0.935854 0.000820
3 3 0.000354 0.001495 0.074017 0.923217 0.000918
3 3 0.000342 0.001867 0.097634 0.899207 0.000949
3 3 0.000330 0.002269 0.124670 0.871759 0.000972
3 3 0.000214 0.001241 0.083897 0.914019 0.000630
3 3 0.000193 0.000911 0.062944 0.935408 0.000544
3 3 0.000373 0.001300 0.060777 0.936634 0.000916
3 3 0.000981 0.004175 0.120578 0.871955 0.002311
3 3 0.000478 0.003618 0.182813 0.811824 0.001267
2 2 0.000591 0.004771 0.905267 0.089184 0.000188
2 2 0.000568 0.004133 0.919573 0.075582 0.000145
2 2 0.000514 0.004596 0.931920 0.062823 0.000147
2 2 0.000446 0.003633 0.956468 0.039368 0.000086
2 2 0.000802 0.004218 0.958340 0.036534 0.000106
2 2 0.001413 0.005929 0.961919 0.030585 0.000155
2 2 0.002198 0.009839 0.961782 0.025908 0.000272
2 2 0.002378 0.010727 0.958592 0.027986 0.000316
2 2 0.001072 0.005153 0.961176 0.032469 0.000131
2 2 0.000480 0.003412 0.959773 0.036253 0.000082
2 2 0.000441 0.003929 0.966912 0.028602 0.000116
2 2 0.000415 0.004145 0.929172 0.066138 0.000130
2 2 0.000505 0.005551 0.911486 0.082233 0.000224
2 2 0.000367 0.004194 0.916872 0.078424 0.000143
2 2 0.000607 0.005920 0.918105 0.075146 0.000222
2 2 0.000423 0.004499 0.922577 0.072350 0.000151
2 2 0.000442 0.005738 0.870032 0.123517 0.000271
2 2 0.000226 0.003609 0.866498 0.129518 0.000149
2 2 0.000103 0.002212 0.841295 0.156304 0.000086
2 2 0.000055 0.001479 0.872010 0.126400 0.000056
2 2 0.000057 0.001581 0.909302 0.088990 0.000070
2 2 0.000072 0.002072 0.948322 0.049400 0.000134
2 2 0.000090 0.002578 0.958215 0.038908 0.000209
2 2 0.000123 0.003605 0.973973 0.021847 0.000452
2 2 0.000187 0.005476 0.971693 0.021677 0.000967
2 2 0.000345 0.008199 0.973129 0.016667 0.001660
2 2 0.000397 0.010827 0.966504 0.019113 0.003159
2 2 0.000990 0.026098 0.930996 0.027508 0.014408
2 2 0.002222 0.051535 0.842862 0.037864 0.065517
2 2 0.003308 0.067739 0.802618 0.022001 0.104333
2 2 0.006368 0.078974 0.625102 0.046520 0.243036
2 2 0.017013 0.091034 0.497176 0.026042 0.368735
2 4 0.012040 0.101041 0.616327 0.019877 0.250715
4 4 0.011694 0.136414 0.349156 0.007935 0.494801
2 4 0.002766 0.058933 0.863028 0.007488 0.067785
2 4 0.002867 0.062240 0.835041 0.006258 0.093593
2 4 0.003110 0.062601 0.844938 0.007570 0.081781
2 4 0.004567 0.072851 0.846179 0.009339 0.067065
2 4 0.003995 0.065105 0.866836 0.012275 0.051789
2 4 0.003624 0.057898 0.886059 0.010249 0.042170
2 4 0.002825 0.043382 0.920884 0.008627 0.024282
2 4 0.002072 0.033704 0.939159 0.008899 0.016167
2 4 0.001950 0.032684 0.941301 0.007616 0.016449
2 4 0.001203 0.023236 0.957767 0.007246 0.010548
2 4 0.002785 0.054574 0.883681 0.009976 0.048985
2 4 0.002785 0.060047 0.860548 0.009676 0.066944
2 4 0.003985 0.081477 0.790268 0.009708 0.114563
2 4 0.005465 0.098314 0.744667 0.009997 0.141558
2 4 0.006384 0.094522 0.784305 0.007891 0.106899
2 4 0.005264 0.072889 0.853878 0.006449 0.061520
2 4 0.004611 0.067499 0.864920 0.006741 0.056228
2 4 0.009378 0.136494 0.441419 0.005179 0.407530
4 4 0.014362 0.083717 0.249555 0.033525 0.618842
4 4 0.023168 0.056437 0.081486 0.011144 0.827766
4 4 0.022091 0.060588 0.062695 0.004354 0.850272
4 4 0.025648 0.117925 0.086279 0.002422 0.767726
2 4 0.026395 0.179124 0.593644 0.006618 0.194218
2 4 0.008770 0.079193 0.863637 0.006879 0.041522
2 4 0.007020 0.062461 0.897679 0.007202 0.025638
2 4 0.007021 0.054439 0.914485 0.007513 0.016541
2 4 0.000440 0.006712 0.978981 0.013158 0.000710
2 2 0.000229 0.003523 0.985783 0.010229 0.000235
2 2 0.033438 0.072473 0.873740 0.010165 0.010184
2 2 0.250559 0.311278 0.340151 0.027457 0.070555
0 0 0.338925 0.302799 0.270423 0.015699 0.072153
0 0 0.345052 0.272229 0.322203 0.011916 0.048600
2 0 0.065867 0.095191 0.815420 0.017323 0.006199
2 1 0.018374 0.056043 0.911391 0.008805 0.005387
2 1 0.020109 0.063975 0.899819 0.008433 0.007664
2 1 0.078592 0.111460 0.791577 0.006714 0.011658
2 0 0.113684 0.139005 0.724535 0.006793 0.015983
2 1 0.193343 0.167165 0.614516 0.008326 0.016650
2 1 0.074616 0.131025 0.767558 0.009760 0.017041
2 2 0.022043 0.069508 0.888092 0.012654 0.007703
2 2 0.010027 0.034365 0.942583 0.010630 0.002395
2 2 0.019902 0.026868 0.914512 0.037018 0.001700
2 0 0.026609 0.032060 0.857131 0.081479 0.002721
0 0 0.448934 0.203015 0.261411 0.024774 0.061865
0 0 0.551228 0.133729 0.270347 0.012507 0.032188
0 0 0.705534 0.098189 0.168854 0.004690 0.022732
0 1 0.648735 0.134095 0.188244 0.003438 0.025488
0 1 0.479257 0.189842 0.280239 0.002861 0.047801
2 1 0.314850 0.228707 0.396444 0.002503 0.057495
2 1 0.232485 0.167032 0.578136 0.003767 0.018580
2 1 0.205688 0.176382 0.591744 0.005618 0.020568
2 1 0.155452 0.162968 0.656016 0.009245 0.016320
2 2 0.035105 0.096009 0.843986 0.012383 0.012516
2 2 0.009365 0.032054 0.942253 0.014370 0.001958
2 2 0.004621 0.018654 0.961583 0.014255 0.000888
2 2 0.005671 0.018174 0.958487 0.017056 0.000613
2 2 0.031792 0.047204 0.907598 0.011581 0.001825
2 2 0.018708 0.031830 0.934673 0.013661 0.001128
2 2 0.004590 0.013358 0.967169 0.014560 0.000322
2 2 0.007725 0.019004 0.958995 0.013769 0.000507
2 2 0.007560 0.021749 0.949666 0.020307 0.000717
2 2 0.014257 0.036047 0.930513 0.017578 0.001606
2 2 0.040082 0.075663 0.862025 0.017311 0.004919
2 2 0.057024 0.100177 0.821105 0.012835 0.008859
2 2 0.142091 0.148848 0.682429 0.013980 0.012652
2 2 0.126799 0.134953 0.714389 0.013708 0.010150
2 2 0.053426 0.077987 0.849070 0.015425 0.004092
2 2 0.022017 0.043646 0.915840 0.016773 0.001724
2 2 0.013982 0.035730 0.925480 0.023309 0.001499
2 2 0.005832 0.017891 0.955872 0.019859 0.000545
2 2 0.000908 0.005002 0.970725 0.023260 0.000105
2 2 0.000963 0.004538 0.973908 0.020503 0.000089
2 2 0.000993 0.004201 0.977040 0.017690 0.000076
2 2 0.001213 0.006063 0.978766 0.013797 0.000161
2 2 0.000868 0.006380 0.979869 0.012615 0.000268
2 2 0.000689 0.006174 0.976936 0.015897 0.000304
2 2 0.000434 0.004605 0.979881 0.014856 0.000223
2 2 0.000272 0.002883 0.981967 0.014782 0.000097
2 2 0.000191 0.002226 0.986312 0.011200 0.000072
2 2 0.000238 0.002679 0.986495 0.010491 0.000097
2 2 0.000195 0.002076 0.990350 0.007316 0.000063
2 2 0.000284 0.003368 0.988047 0.008134 0.000167
2 2 0.000366 0.004141 0.983477 0.011806 0.000210
2 2 0.000226 0.003152 0.979301 0.017170 0.000151
2 2 0.000189 0.003017 0.970965 0.025678 0.000150
2 2 0.000209 0.003239 0.968393 0.027998 0.000161
2 2 0.000193 0.003190 0.984101 0.012310 0.000206
2 2 0.000105 0.002496 0.976915 0.020303 0.000182
2 2 0.000219 0.004055 0.976056 0.019341 0.000329
2 2 0.000415 0.005805 0.963853 0.029521 0.000406
2 2 0.000619 0.006782 0.970285 0.021886 0.000429
2 2 0.000719 0.006805 0.967706 0.024418 0.000351
