4 0 0.100003 0.207881 0.109838 0.002065 0.580213
4 0 0.197493 0.214613 0.058328 0.000849 0.528717
4 0 0.120143 0.203964 0.081805 0.001826 0.592262
4 0 0.131953 0.181682 0.055497 0.001459 0.629409
4 0 0.131510 0.156335 0.039258 0.001117 0.671780
4 0 0.123567 0.287047 0.176911 0.003659 0.408816
4 0 0.178956 0.313548 0.092334 0.001300 0.413863
4 0 0.162523 0.227522 0.042888 0.000306 0.566761
4 0 0.197808 0.101914 0.018315 0.000352 0.681611
4 0 0.292708 0.187693 0.043023 0.000659 0.475917
4 0 0.212584 0.212820 0.057867 0.001274 0.515455
4 0 0.273278 0.163649 0.043580 0.001293 0.518200
4 0 0.251215 0.163143 0.041052 0.001061 0.543529
4 0 0.329183 0.205779 0.083255 0.002960 0.378822
0 0 0.582464 0.137730 0.066623 0.007048 0.206134
0 0 0.768119 0.086984 0.055677 0.009995 0.079226
0 0 0.728348 0.121992 0.056140 0.002901 0.090618
0 0 0.618571 0.163355 0.058212 0.001637 0.158225
0 0 0.452813 0.215651 0.063167 0.001100 0.267270
4 0 0.248848 0.144960 0.032763 0.000740 0.572689
4 0 0.122607 0.206756 0.062687 0.000847 0.607102
4 0 0.156994 0.236433 0.069963 0.001436 0.535173
2 0 0.072447 0.323642 0.336094 0.002264 0.265553
1 0 0.094034 0.371054 0.305562 0.002225 0.227125
4 0 0.133128 0.299854 0.120253 0.001227 0.445538
4 0 0.090051 0.309072 0.200924 0.001232 0.398721
4 0 0.044258 0.045391 0.008874 0.000171 0.901306
4 0 0.038220 0.035891 0.005448 0.000082 0.920358
4 0 0.047497 0.044612 0.008023 0.000178 0.899690
4 0 0.049701 0.037746 0.005096 0.000126 0.907331
2 0 0.066140 0.338568 0.372864 0.001872 0.220556
2 0 0.075435 0.347308 0.368950 0.002563 0.205744
1 0 0.121174 0.376732 0.222389 0.001876 0.277830
1 0 0.118747 0.407970 0.231996 0.001380 0.239907
1 0 0.108068 0.398063 0.260462 0.001588 0.231820
1 0 0.115623 0.403048 0.234813 0.001376 0.245139
4 0 0.145965 0.326603 0.139459 0.001745 0.386229
4 0 0.141699 0.338806 0.129253 0.000816 0.389425
4 0 0.142995 0.292969 0.079154 0.000520 0.484362
4 0 0.201078 0.243639 0.055706 0.000580 0.498997
4 0 0.210849 0.196188 0.053046 0.001310 0.538607
4 0 0.237559 0.269649 0.102556 0.003640 0.386596
4 0 0.247137 0.270790 0.117813 0.005817 0.358442
0 0 0.394595 0.245206 0.091221 0.002681 0.266296
0 0 0.350171 0.244322 0.102520 0.003547 0.299439
4 0 0.194313 0.246793 0.092690 0.001554 0.464650
4 0 0.097079 0.304446 0.239590 0.002942 0.355942
4 0 0.100256 0.230858 0.148857 0.003037 0.516992
4 0 0.049624 0.195705 0.277007 0.003757 0.473907
4 0 0.061643 0.217437 0.249659 0.003480 0.467781
4 0 0.121256 0.238015 0.107060 0.001935 0.531734
1 0 0.092052 0.336907 0.261804 0.001980 0.307257
4 0 0.095535 0.200917 0.109641 0.002072 0.591836
4 0 0.075940 0.176395 0.096334 0.001215 0.650116
4 0 0.076669 0.123819 0.055454 0.001471 0.742588
4 0 0.094545 0.185383 0.088028 0.001568 0.630477
1 0 0.147280 0.359025 0.218175 0.004457 0.271064
4 0 0.081511 0.278582 0.306144 0.005198 0.328565
2 0 0.117468 0.264597 0.436305 0.016571 0.165059
0 0 0.510159 0.167383 0.139419 0.027180 0.155859
4 0 0.397152 0.106516 0.026679 0.001068 0.468586
0 0 0.498091 0.085264 0.025006 0.001821 0.389819
0 0 0.562133 0.183619 0.056650 0.001090 0.196508
0 0 0.485162 0.259921 0.074242 0.000684 0.179992
0 0 0.597431 0.193055 0.064168 0.001107 0.144239
0 0 0.423424 0.299795 0.101299 0.001225 0.174256
0 0 0.476467 0.280651 0.106589 0.001588 0.134705
0 0 0.602133 0.199453 0.083463 0.002182 0.112768
0 0 0.737795 0.125101 0.054398 0.002082 0.080625
0 0 0.722420 0.142560 0.069648 0.002559 0.062813
0 0 0.672042 0.144602 0.064747 0.003123 0.115486
0 0 0.471629 0.249557 0.121973 0.004868 0.151973
0 0 0.389437 0.272521 0.125594 0.004873 0.207577
0 0 0.362581 0.325495 0.148876 0.003562 0.159486
0 0 0.360858 0.321904 0.106287 0.001268 0.209683
0 0 0.438831 0.257828 0.099571 0.002441 0.201329
1 0 0.285114 0.317607 0.125214 0.003054 0.269011
0 0 0.358628 0.289092 0.150429 0.007219 0.194631
0 0 0.338869 0.283698 0.188645 0.005716 0.183072
0 0 0.403861 0.257180 0.234884 0.009803 0.094273
0 0 0.429296 0.250216 0.160582 0.013486 0.146420
0 0 0.496203 0.175598 0.167971 0.053011 0.107217
0 0 0.562132 0.131693 0.110122 0.045610 0.150443
0 0 0.460705 0.158866 0.127934 0.032712 0.219784
0 0 0.485607 0.213248 0.099128 0.005215 0.196802
0 0 0.547215 0.184981 0.072364 0.002713 0.192727
0 0 0.730516 0.125133 0.073507 0.005598 0.065246
0 0 0.837179 0.078169 0.048751 0.004033 0.031869
0 0 0.854361 0.058005 0.064366 0.013628 0.009640
0 0 0.881689 0.029387 0.054117 0.032292 0.002515
0 0 0.530918 0.277357 0.043233 0.000053 0.148439
0 0 0.433961 0.262724 0.090518 0.001618 0.211180
0 0 0.427220 0.229496 0.071784 0.001408 0.270093
0 0 0.366107 0.219033 0.079517 0.002985 0.332359
0 0 0.369742 0.286563 0.097489 0.001680 0.244526
0 0 0.605460 0.162012 0.058968 0.001911 0.171648
0 0 0.599260 0.160776 0.052857 0.001374 0.185732
0 0 0.541782 0.147593 0.039019 0.000815 0.270790
0 0 0.589118 0.094698 0.025143 0.000958 0.290083
0 0 0.485830 0.132638 0.038521 0.001450 0.341562
4 0 0.191966 0.093514 0.030452 0.002052 0.682015
4 0 0.124110 0.105395 0.042686 0.001352 0.726457
4 0 0.078298 0.127609 0.060127 0.001720 0.732246
4 0 0.101614 0.131374 0.043565 0.001454 0.721993
4 0 0.166309 0.192160 0.080478 0.002595 0.558459
0 0 0.523700 0.124990 0.046910 0.003634 0.300766
0 0 0.671345 0.130473 0.070083 0.006796 0.121303
0 0 0.860680 0.058601 0.041049 0.006863 0.032807
0 0 0.938364 0.021414 0.024258 0.010425 0.005540
0 0 0.950187 0.018382 0.017891 0.006918 0.006622
0 0 0.955156 0.012929 0.014687 0.011575 0.005653
0 0 0.961166 0.008963 0.012137 0.014518 0.003216
0 0 0.956624 0.010662 0.016287 0.014461 0.001966
0 0 0.976486 0.008491 0.009358 0.003848 0.001817
0 0 0.975815 0.010451 0.010396 0.001949 0.001390
0 0 0.924188 0.033150 0.038073 0.003091 0.001498
0 0 0.856690 0.072296 0.059906 0.003400 0.007709
0 0 0.938526 0.030873 0.023385 0.001936 0.005279
0 0 0.878261 0.045153 0.051846 0.015550 0.009189
0 0 0.907907 0.036508 0.043315 0.008359 0.003911
0 0 0.957906 0.010144 0.011967 0.014203 0.005781
0 0 0.926512 0.017488 0.021845 0.024996 0.009159
0 0 0.829131 0.054465 0.049725 0.024596 0.042083
0 0 0.829393 0.048635 0.047463 0.032477 0.042032
0 0 0.763826 0.058501 0.044222 0.026765 0.106686
0 0 0.611515 0.064780 0.021655 0.002602 0.299448
0 0 0.447345 0.160629 0.054568 0.002526 0.334933
1 0 0.249512 0.405869 0.163513 0.002144 0.178962
1 0 0.320163 0.365425 0.183933 0.004017 0.126463
0 0 0.310046 0.303577 0.188345 0.006502 0.191530
0 0 0.311533 0.310157 0.257422 0.011908 0.108980
1 0 0.310719 0.331986 0.220306 0.007312 0.129677
0 0 0.402297 0.333754 0.098803 0.000672 0.164475
0 0 0.477556 0.268041 0.083268 0.000898 0.170236
0 0 0.573674 0.218742 0.064985 0.000682 0.141917
0 0 0.642018 0.191081 0.051115 0.000389 0.115397
0 0 0.703395 0.147715 0.035352 0.000261 0.113277
0 0 0.673799 0.158435 0.035678 0.000232 0.131856
0 0 0.646192 0.138983 0.028174 0.000213 0.186438
0 0 0.523303 0.211738 0.044911 0.000266 0.219782
0 0 0.325644 0.316458 0.077250 0.000493 0.280155
1 0 0.282388 0.323170 0.075272 0.000446 0.318723
1 1 0.178069 0.459389 0.117293 0.000432 0.244817
1 1 0.178618 0.412162 0.100628 0.000455 0.308137
1 1 0.178475 0.423903 0.103270 0.000430 0.293922
1 1 0.224620 0.398234 0.091781 0.000356 0.285010
0 0 0.317518 0.309708 0.074713 0.000496 0.297565
4 1 0.247125 0.274928 0.064700 0.000585 0.412661
4 1 0.167277 0.278848 0.070414 0.000818 0.482642
4 2 0.232297 0.335093 0.079173 0.000494 0.352943
2 2 0.010618 0.101415 0.704870 0.009764 0.173333
2 2 0.010557 0.105714 0.651521 0.005751 0.226458
2 2 0.003692 0.063457 0.846588 0.009427 0.076836
2 2 0.001618 0.040811 0.907189 0.019533 0.030849
2 2 0.004613 0.071258 0.822133 0.011724 0.090273
2 2 0.002143 0.049762 0.886274 0.007916 0.053905
2 2 0.000652 0.026902 0.944388 0.009272 0.018786
2 2 0.000536 0.024501 0.948823 0.010230 0.015911
2 2 0.000173 0.014331 0.970791 0.007259 0.007447
2 2 0.000175 0.014443 0.971039 0.006670 0.007672
2 2 0.000176 0.014427 0.969858 0.008208 0.007332
2 2 0.000132 0.012577 0.972758 0.008668 0.005864
2 2 0.000078 0.009681 0.971795 0.014951 0.003495
2 2 0.000052 0.007912 0.968964 0.020678 0.002394
2 2 0.000110 0.011350 0.958694 0.025855 0.003991
2 2 0.000071 0.009242 0.969120 0.018451 0.003115
2 2 0.000062 0.008687 0.972408 0.015924 0.002919
2 3 0.000070 0.009228 0.973401 0.014011 0.003290
2 3 0.000103 0.011043 0.966382 0.018368 0.004104
2 3 0.000260 0.016909 0.931468 0.044743 0.006621
2 3 0.000588 0.024887 0.913884 0.048790 0.011850
2 3 0.000449 0.021837 0.916439 0.051711 0.009565
2 3 0.000880 0.029598 0.879746 0.075497 0.014279
2 3 0.000394 0.020293 0.901221 0.070033 0.008058
2 3 0.000183 0.013685 0.870018 0.112087 0.004026
2 3 0.000224 0.015088 0.870213 0.109778 0.004698
2 3 0.000458 0.021583 0.884651 0.084750 0.008559
2 3 0.001446 0.032219 0.778650 0.173120 0.014564
2 3 0.002747 0.040427 0.705132 0.231460 0.020234
2 3 0.002853 0.044424 0.649561 0.280886 0.022278
2 3 0.001920 0.036505 0.645573 0.299720 0.016281
2 3 0.003078 0.043931 0.593454 0.337850 0.021687
2 3 0.003014 0.040290 0.514010 0.423723 0.018964
2 3 0.002904 0.039103 0.502572 0.437296 0.018124
2 3 0.002609 0.036454 0.485763 0.458890 0.016285
3 3 0.003960 0.022825 0.342926 0.620704 0.009585
3 3 0.017064 0.068766 0.409975 0.454507 0.049688
2 3 0.099186 0.146136 0.304368 0.237894 0.212415
2 2 0.028254 0.118028 0.495202 0.245937 0.112579
2 2 0.018288 0.132822 0.712156 0.056686 0.080048
2 2 0.003311 0.056467 0.864292 0.029749 0.046181
2 2 0.002706 0.055198 0.887458 0.019306 0.035332
2 2 0.052868 0.254922 0.584269 0.016750 0.091191
0 2 0.313368 0.278614 0.154785 0.011151 0.242083
4 1 0.157808 0.263017 0.057094 0.000482 0.521599
1 2 0.191213 0.350489 0.136904 0.003106 0.318287
2 2 0.045568 0.238591 0.376961 0.002759 0.336120
4 2 0.036149 0.171221 0.374417 0.006093 0.412120
2 2 0.022340 0.141523 0.531503 0.009072 0.295562
2 2 0.009768 0.099022 0.718690 0.011687 0.160833
2 2 0.000843 0.030247 0.934205 0.014024 0.020681
2 2 0.000216 0.015908 0.965715 0.009972 0.008188
2 2 0.000139 0.012885 0.972321 0.008551 0.006104
2 2 0.000037 0.006825 0.981667 0.009217 0.002254
2 2 0.000060 0.008549 0.978365 0.009883 0.003144
2 2 0.000052 0.008013 0.978480 0.010654 0.002801
2 2 0.000053 0.008089 0.976453 0.012662 0.002742
2 2 0.000053 0.007993 0.970427 0.019054 0.002474
2 3 0.000041 0.007043 0.968231 0.022722 0.001963
2 3 0.000064 0.008627 0.949532 0.039375 0.002403
2 3 0.000534 0.022592 0.839943 0.128378 0.008552
2 3 0.000542 0.023351 0.879555 0.086927 0.009626
2 3 0.001202 0.033801 0.850894 0.097326 0.016777
2 3 0.000511 0.022744 0.883336 0.084113 0.009296
2 3 0.001046 0.031035 0.825110 0.128805 0.014005
2 3 0.001711 0.036891 0.747237 0.196853 0.017307
2 3 0.002290 0.036580 0.696160 0.247776 0.017195
2 3 0.003151 0.034121 0.638449 0.308309 0.015971
2 3 0.006646 0.043689 0.610074 0.315366 0.024225
2 3 0.006682 0.042416 0.540479 0.387587 0.022838
3 3 0.006844 0.032932 0.386527 0.557304 0.016393
3 3 0.031366 0.074437 0.335853 0.491570 0.066775
3 3 0.009125 0.039555 0.309652 0.619564 0.022104
3 3 0.011589 0.034881 0.265622 0.668424 0.019485
3 3 0.008521 0.030872 0.293359 0.651416 0.015832
3 3 0.009668 0.029928 0.254639 0.690068 0.015697
3 3 0.004289 0.019428 0.244469 0.723674 0.008140
3 3 0.005662 0.026737 0.276450 0.678638 0.012513
3 3 0.006609 0.018226 0.215660 0.751409 0.008096
3 3 0.007751 0.024123 0.327144 0.629641 0.011342
2 2 0.010836 0.063468 0.581086 0.302511 0.042099
2 2 0.005245 0.062955 0.714137 0.176946 0.040717
2 2 0.004711 0.071420 0.828280 0.059881 0.035708
2 3 0.001060 0.032762 0.894282 0.054076 0.017820
2 3 0.000909 0.030631 0.905570 0.046354 0.016535
2 3 0.000634 0.025804 0.912674 0.048328 0.012559
2 3 0.002191 0.045027 0.840742 0.085110 0.026930
2 3 0.004042 0.055616 0.803073 0.106334 0.030934
2 3 0.022968 0.112695 0.634884 0.138371 0.091082
2 3 0.022181 0.088611 0.543334 0.269116 0.076758
3 3 0.054857 0.102825 0.335787 0.386062 0.120470
2 3 0.046262 0.109666 0.360342 0.356732 0.126999
3 3 0.027531 0.061587 0.305404 0.556720 0.048759
3 3 0.038802 0.082359 0.326473 0.474456 0.077911
3 3 0.019779 0.042789 0.275722 0.632361 0.029349
3 3 0.037298 0.064270 0.297570 0.544068 0.056794
3 3 0.019631 0.036396 0.247529 0.672699 0.023746
3 3 0.019649 0.039431 0.266823 0.647219 0.026877
3 3 0.006441 0.015898 0.189770 0.780992 0.006898
3 3 0.006511 0.013649 0.170317 0.803739 0.005784
3 3 0.009475 0.023593 0.220691 0.734438 0.011801
3 3 0.027987 0.040883 0.244973 0.656315 0.029842
3 3 0.023974 0.028220 0.194496 0.735464 0.017847
3 3 0.033595 0.024508 0.163831 0.761544 0.016522
3 3 0.025941 0.016728 0.130788 0.816832 0.009711
3 3 0.035917 0.022880 0.151430 0.774459 0.015314
3 3 0.020506 0.025405 0.187241 0.751763 0.015085
3 3 0.013459 0.030888 0.235839 0.702545 0.017269
3 3 0.012172 0.021880 0.194160 0.760530 0.011259
3 3 0.010824 0.023148 0.213418 0.740600 0.012010
3 3 0.017350 0.024183 0.193686 0.750801 0.013980
3 3 0.020799 0.024396 0.187186 0.752810 0.014809
3 3 0.057419 0.039571 0.193155 0.676660 0.033196
3 3 0.062581 0.041720 0.190224 0.670101 0.035374
3 3 0.038391 0.029923 0.175769 0.734825 0.021092
3 3 0.093133 0.090142 0.270361 0.434915 0.111451
3 3 0.059009 0.098046 0.324480 0.403904 0.114561
3 3 0.037674 0.067201 0.311495 0.521491 0.062140
3 3 0.042559 0.060196 0.278313 0.565042 0.053889
3 3 0.033255 0.053097 0.274495 0.596066 0.043088
3 3 0.032487 0.025469 0.168070 0.756962 0.017012
3 3 0.061870 0.047569 0.218800 0.628125 0.043635
3 3 0.138403 0.055483 0.182301 0.559479 0.064334
3 3 0.080712 0.034043 0.150446 0.705927 0.028873
3 3 0.276791 0.065260 0.209743 0.426177 0.022029
0 2 0.551399 0.122047 0.173634 0.112149 0.040771
0 2 0.572838 0.175059 0.189557 0.029867 0.032679
0 1 0.396729 0.306590 0.174441 0.006453 0.115788
0 2 0.514997 0.217686 0.137112 0.011000 0.119205
2 2 0.214210 0.183998 0.365417 0.074827 0.161548
0 2 0.390329 0.156921 0.161145 0.076310 0.215296
0 2 0.433693 0.147041 0.101072 0.035063 0.283131
4 2 0.271935 0.176054 0.085732 0.012241 0.454038
4 2 0.242940 0.244315 0.151313 0.022487 0.338945
4 2 0.170496 0.201118 0.089022 0.008593 0.530771
4 2 0.104671 0.246013 0.232203 0.009785 0.407328
2 2 0.094770 0.247028 0.337835 0.021759 0.298607
2 2 0.069571 0.238261 0.374425 0.012008 0.305735
4 2 0.049113 0.182980 0.360867 0.017561 0.389479
4 2 0.061726 0.168091 0.257665 0.027506 0.485011
4 2 0.064282 0.157221 0.197515 0.014682 0.566299
4 2 0.114250 0.139671 0.091978 0.008941 0.645159
4 2 0.120165 0.178391 0.157947 0.018361 0.525137
4 2 0.101208 0.177578 0.234867 0.066917 0.419430
4 2 0.132045 0.160799 0.218615 0.123530 0.365012
4 2 0.102998 0.162589 0.267374 0.169980 0.297059
4 2 0.131539 0.166171 0.185572 0.085034 0.431684
4 2 0.105538 0.139219 0.083532 0.015735 0.655976
4 2 0.066937 0.151230 0.159308 0.013332 0.609193
4 2 0.067438 0.166022 0.211682 0.027306 0.527552
2 2 0.002172 0.048221 0.888285 0.020435 0.040887
2 2 0.004885 0.074822 0.809650 0.013650 0.096994
2 2 0.010861 0.102541 0.714122 0.017263 0.155214
2 2 0.029138 0.144932 0.431089 0.010234 0.384606
4 2 0.026816 0.140609 0.394193 0.006706 0.431677
4 2 0.016812 0.122484 0.380380 0.002359 0.477966
2 2 0.014930 0.121295 0.495761 0.003798 0.364216
4 2 0.019805 0.128421 0.379681 0.003269 0.468823
4 2 0.015772 0.116728 0.325516 0.001491 0.540493
4 2 0.018974 0.117047 0.260912 0.001430 0.601637
4 2 0.020814 0.115842 0.226588 0.001361 0.635395
4 2 0.023192 0.108683 0.164235 0.001052 0.702838
4 2 0.027055 0.094761 0.094762 0.000715 0.782708
4 4 0.049654 0.129966 0.141784 0.003909 0.674687
4 4 0.070202 0.113218 0.070201 0.003344 0.743034
4 4 0.095649 0.142303 0.090550 0.006579 0.664919
4 4 0.053813 0.115572 0.092798 0.002695 0.735123
4 4 0.015799 0.107908 0.236902 0.000854 0.638536
4 4 0.021061 0.103211 0.153138 0.000795 0.721795
4 4 0.030438 0.076773 0.047841 0.000426 0.844521
4 4 0.023930 0.087265 0.083469 0.000489 0.804847
4 4 0.019811 0.083096 0.085724 0.000351 0.811018
4 4 0.026557 0.064333 0.033372 0.000229 0.875510
4 4 0.021911 0.084206 0.081509 0.000402 0.811972
4 4 0.024561 0.067697 0.040784 0.000241 0.866717
4 4 0.019803 0.083283 0.086301 0.000354 0.810260
4 4 0.019031 0.097800 0.142794 0.000598 0.739777
4 4 0.019474 0.092359 0.117858 0.000492 0.769817
4 4 0.020204 0.087753 0.098346 0.000426 0.793270
4 4 0.022049 0.079932 0.070128 0.000345 0.827546
4 4 0.026428 0.102695 0.122302 0.000926 0.747649
4 4 0.031668 0.091336 0.074541 0.000738 0.801716
4 4 0.024953 0.099717 0.118054 0.000794 0.756483
4 4 0.027254 0.079437 0.057576 0.000419 0.835314
4 4 0.023241 0.066435 0.040609 0.000216 0.869499
4 4 0.025171 0.082120 0.067473 0.000426 0.824810
4 4 0.024704 0.097513 0.111555 0.000727 0.765501
4 4 0.066851 0.199668 0.274834 0.009404 0.449242
4 4 0.099897 0.230811 0.226712 0.010541 0.432038
2 4 0.100237 0.270543 0.330041 0.015869 0.283309
4 4 0.063430 0.214794 0.341671 0.010724 0.369381
4 4 0.020543 0.118105 0.246654 0.001521 0.613178
4 4 0.033791 0.122181 0.166510 0.002246 0.675272
4 4 0.054385 0.113044 0.086269 0.002526 0.743777
4 2 0.072516 0.116407 0.074012 0.003798 0.733267
4 2 0.048393 0.109516 0.086898 0.002016 0.753176
4 2 0.038861 0.116687 0.126766 0.002062 0.715625
4 2 0.030823 0.124987 0.196437 0.002375 0.645378
4 2 0.041770 0.128481 0.160267 0.003256 0.666225
4 2 0.047050 0.139322 0.187369 0.005211 0.621048
4 2 0.061249 0.096106 0.049649 0.001735 0.791262
4 2 0.054482 0.079780 0.032957 0.000900 0.831880
4 2 0.073048 0.103991 0.053590 0.002688 0.766682
4 2 0.061716 0.097382 0.051166 0.001819 0.787917
4 2 0.074817 0.115951 0.069888 0.004156 0.735189
4 2 0.073714 0.106162 0.056345 0.002892 0.760886
4 2 0.046129 0.130526 0.153743 0.003758 0.665844
4 2 0.048676 0.142439 0.181805 0.004805 0.622276
4 2 0.036204 0.177953 0.367634 0.004785 0.413424
4 2 0.040866 0.171463 0.328861 0.006968 0.451842
4 2 0.073206 0.170624 0.200789 0.011592 0.543789
4 2 0.080426 0.155520 0.121795 0.005488 0.636770
4 2 0.074473 0.167739 0.192118 0.011052 0.554618
2 2 0.039857 0.183759 0.474863 0.015888 0.285633
2 2 0.016737 0.131236 0.658659 0.016265 0.177103
2 2 0.028987 0.172511 0.518839 0.010228 0.269435
2 2 0.025907 0.146746 0.508839 0.036235 0.282274
2 2 0.029407 0.126580 0.543625 0.134648 0.165741
2 2 0.092294 0.141623 0.334011 0.178940 0.253131
4 2 0.099200 0.164152 0.281395 0.088189 0.367063
2 2 0.044099 0.166448 0.394332 0.061659 0.333462
4 3 0.041949 0.160963 0.326043 0.021695 0.449350
4 3 0.082178 0.137633 0.103937 0.009327 0.666926
4 3 0.161868 0.121705 0.067146 0.015147 0.634134
4 3 0.197200 0.104560 0.044659 0.010091 0.643489
4 3 0.183963 0.116441 0.060574 0.014984 0.624038
4 3 0.186976 0.148809 0.137714 0.054841 0.471660
2 3 0.048842 0.154884 0.427088 0.102575 0.266611
2 3 0.057697 0.140498 0.439551 0.147697 0.214557
4 3 0.081999 0.164031 0.305622 0.122478 0.325869
4 3 0.183683 0.145609 0.145989 0.068618 0.456101
3 3 0.156950 0.121111 0.240771 0.269499 0.211670
3 3 0.204223 0.095991 0.204426 0.335770 0.159590
3 3 0.048792 0.080447 0.344524 0.448058 0.078178
2 3 0.080613 0.141857 0.379655 0.169631 0.228244
2 3 0.029031 0.117328 0.565782 0.153172 0.134687
2 3 0.080155 0.145656 0.434830 0.101207 0.238152
2 3 0.079525 0.139125 0.458231 0.138907 0.184212
2 3 0.124844 0.118739 0.302239 0.270977 0.183202
2 3 0.079167 0.154780 0.337296 0.138269 0.290487
2 3 0.058085 0.169926 0.494110 0.076501 0.201378
2 3 0.103360 0.144386 0.355826 0.178534 0.217895
3 3 0.144527 0.100362 0.239312 0.369292 0.146507
2 3 0.061833 0.105731 0.372507 0.337412 0.122517
3 3 0.057743 0.094192 0.338931 0.407889 0.101245
3 3 0.040262 0.061240 0.274285 0.572027 0.052185
2 3 0.081977 0.149437 0.320069 0.203890 0.244628
3 3 0.082199 0.091619 0.275534 0.444164 0.106485
3 3 0.190493 0.103892 0.211973 0.323026 0.170615
3 3 0.118219 0.094479 0.255652 0.403055 0.128595
0 3 0.282208 0.094111 0.168122 0.272630 0.182928
3 3 0.205017 0.061931 0.167927 0.479974 0.085151
3 3 0.187725 0.100047 0.213760 0.336058 0.162410
3 3 0.172219 0.114329 0.228549 0.288681 0.196223
3 3 0.119755 0.105935 0.265916 0.353137 0.155258
3 3 0.067745 0.052069 0.217881 0.613905 0.048399
3 3 0.101484 0.080864 0.250779 0.468821 0.098051
3 3 0.142843 0.067798 0.205892 0.497317 0.086149
3 3 0.131594 0.065937 0.208769 0.512778 0.080921
3 3 0.074396 0.049697 0.212571 0.615175 0.048161
3 3 0.075552 0.111947 0.307368 0.362500 0.142632
4 3 0.176883 0.135886 0.216002 0.201880 0.269348
3 3 0.156670 0.122513 0.234558 0.284861 0.201399
3 3 0.213137 0.113903 0.201781 0.258815 0.212364
0 3 0.255357 0.110708 0.177260 0.237446 0.219229
3 3 0.145187 0.057109 0.172420 0.561125 0.064158
3 1 0.149055 0.017558 0.081158 0.738819 0.013410
0 2 0.319268 0.114727 0.193117 0.269991 0.102898
3 2 0.105355 0.119124 0.346124 0.362053 0.067343
4 1 0.238065 0.148715 0.084608 0.024752 0.503861
4 1 0.095564 0.151860 0.093956 0.005287 0.653333
4 2 0.077615 0.117229 0.071493 0.004201 0.729463
4 2 0.118205 0.213879 0.142976 0.006995 0.517945
4 2 0.130649 0.278377 0.207532 0.008370 0.375072
1 2 0.119473 0.365296 0.281815 0.004341 0.229075
4 2 0.059997 0.225642 0.317758 0.005526 0.391078
2 2 0.025502 0.159188 0.518154 0.007410 0.289746
2 2 0.015011 0.119147 0.602564 0.008594 0.254684
2 2 0.006466 0.085689 0.769400 0.012826 0.125619
2 2 0.011348 0.110680 0.627073 0.006726 0.244174
2 2 0.009886 0.099298 0.722725 0.014398 0.153693
2 2 0.006477 0.082511 0.800634 0.023085 0.087294
2 2 0.004381 0.067228 0.837925 0.017607 0.072859
2 2 0.004235 0.062632 0.845550 0.033020 0.054562
2 2 0.002375 0.048614 0.887608 0.021604 0.039799
2 2 0.004421 0.067469 0.837270 0.013762 0.077079
2 2 0.002652 0.051309 0.884238 0.015080 0.046721
2 2 0.013732 0.119255 0.740902 0.013675 0.112435
4 2 0.054215 0.193289 0.312943 0.007896 0.431658
4 2 0.096205 0.162940 0.120225 0.007836 0.612794
2 2 0.041516 0.160856 0.426247 0.033063 0.338317
2 2 0.001988 0.043847 0.867487 0.058975 0.027703
2 2 0.002619 0.054931 0.870953 0.017432 0.054066
2 2 0.000780 0.028979 0.930393 0.022268 0.017579
2 2 0.000413 0.021584 0.952138 0.013541 0.012325
2 2 0.000368 0.020486 0.956400 0.010842 0.011905
2 2 0.000085 0.010186 0.977451 0.007969 0.004309
2 2 0.008258 0.087861 0.799435 0.024209 0.080236
2 2 0.046560 0.169798 0.608975 0.044587 0.130081
4 2 0.216294 0.123746 0.050899 0.008138 0.600922
2 2 0.075543 0.224189 0.474363 0.051920 0.173985
4 2 0.196693 0.299234 0.169339 0.013895 0.320839
4 2 0.189524 0.306072 0.124818 0.004359 0.375227
1 1 0.152107 0.359049 0.234959 0.006316 0.247570
4 2 0.071489 0.226347 0.222009 0.003366 0.476789
2 2 0.026499 0.164505 0.509982 0.006834 0.292181
2 2 0.007937 0.088113 0.771128 0.026293 0.106529
2 2 0.001222 0.035662 0.913461 0.026134 0.023520
2 2 0.004105 0.067187 0.836232 0.013437 0.079039
2 2 0.001746 0.042542 0.907687 0.010606 0.037418
2 2 0.001265 0.037564 0.919610 0.009235 0.032326
2 2 0.001639 0.044389 0.915361 0.011911 0.026700
2 2 0.002375 0.052963 0.877250 0.011053 0.056359
2 2 0.001186 0.035399 0.921172 0.016766 0.025477
2 2 0.000521 0.024084 0.946167 0.014907 0.014322
2 2 0.000835 0.030093 0.934322 0.014325 0.020425
2 2 0.000239 0.016727 0.965872 0.007861 0.009301
2 2 0.000300 0.018689 0.963351 0.005947 0.011712
2 2 0.008922 0.086351 0.780461 0.031725 0.092541
2 2 0.066617 0.189119 0.397876 0.039218 0.307170
4 2 0.173215 0.207675 0.093542 0.008969 0.516599
4 2 0.196245 0.272191 0.178669 0.025727 0.327168
4 2 0.136983 0.290056 0.229482 0.011060 0.332419
2 2 0.006308 0.085247 0.763475 0.008829 0.136142
2 2 0.005496 0.081883 0.790601 0.009313 0.112706
2 2 0.000848 0.030379 0.935418 0.011753 0.021604
2 2 0.000896 0.031148 0.932893 0.013104 0.021958
2 2 0.002076 0.047767 0.893091 0.008644 0.048422
2 2 0.001209 0.035891 0.923676 0.010537 0.028688
2 2 0.012826 0.116282 0.584584 0.006180 0.280129
2 2 0.020361 0.162018 0.574413 0.004435 0.238773
2 2 0.051632 0.225970 0.439641 0.011400 0.271357
4 2 0.165095 0.265487 0.172620 0.013940 0.382857
1 2 0.194980 0.356554 0.216437 0.012574 0.219455
2 2 0.118674 0.326378 0.342795 0.013633 0.198520
2 2 0.023512 0.164785 0.662690 0.011776 0.137238
2 2 0.063877 0.249990 0.428226 0.010972 0.246935
4 2 0.165110 0.303409 0.203392 0.012045 0.316044
1 2 0.135116 0.320801 0.246000 0.008067 0.290015
0 2 0.524106 0.184196 0.085424 0.005465 0.200808
4 1 0.388972 0.134034 0.054502 0.006238 0.416253
4 2 0.308829 0.146078 0.078155 0.018519 0.448418
4 2 0.098232 0.143736 0.105385 0.012633 0.640014
4 2 0.069251 0.147532 0.151524 0.010270 0.621422
4 2 0.084592 0.153713 0.138921 0.017367 0.605407
2 2 0.034786 0.157480 0.453310 0.044539 0.309884
2 2 0.016703 0.119055 0.658064 0.039732 0.166446
2 2 0.006511 0.082432 0.787350 0.015376 0.108331
2 2 0.008142 0.093623 0.719658 0.006220 0.172357
2 2 0.004370 0.068463 0.831459 0.010450 0.085258
2 2 0.004902 0.079052 0.823796 0.014218 0.078032
2 2 0.002036 0.046752 0.896401 0.023049 0.031762
2 2 0.000587 0.025457 0.942750 0.015777 0.015429
2 2 0.000836 0.030185 0.936053 0.011402 0.021525
2 2 0.000959 0.032458 0.932031 0.009194 0.025358
2 2 0.002198 0.049391 0.888497 0.009499 0.050415
2 2 0.002023 0.047711 0.892915 0.010082 0.047268
2 2 0.000585 0.025519 0.945955 0.011356 0.016585
2 2 0.000373 0.020601 0.955934 0.011155 0.011937
2 2 0.001665 0.043627 0.903027 0.012330 0.039352
2 2 0.001082 0.033753 0.919595 0.023517 0.022053
2 2 0.001598 0.040387 0.902826 0.026740 0.028448
2 2 0.006184 0.076849 0.805222 0.032919 0.078826
2 2 0.003703 0.063824 0.866326 0.025887 0.040261
2 2 0.011710 0.106457 0.698594 0.018659 0.164581
2 2 0.007644 0.081092 0.793460 0.036264 0.081541
2 2 0.001499 0.038893 0.895788 0.038967 0.024852
2 2 0.018075 0.128689 0.595817 0.022119 0.235300
2 2 0.013211 0.113092 0.675944 0.033649 0.164103
2 2 0.004694 0.067466 0.824458 0.043277 0.060105
2 2 0.002479 0.049288 0.879570 0.030856 0.037806
2 2 0.002885 0.060004 0.854982 0.011870 0.070259
2 2 0.000401 0.021198 0.948601 0.018576 0.011224
2 2 0.000194 0.015040 0.962920 0.014945 0.006901
2 2 0.000185 0.014696 0.963458 0.015007 0.006653
2 2 0.000824 0.029814 0.931536 0.018799 0.019027
2 2 0.001920 0.043788 0.890705 0.032552 0.031035
2 2 0.001213 0.035303 0.905806 0.035979 0.021700
2 2 0.000946 0.031306 0.908425 0.041870 0.017453
2 2 0.000850 0.029487 0.898688 0.055953 0.015022
2 2 0.000882 0.029955 0.895633 0.058254 0.015277
2 2 0.001075 0.033283 0.906435 0.039810 0.019396
2 2 0.002038 0.044209 0.864671 0.061268 0.027814
2 2 0.003818 0.058094 0.815615 0.081905 0.040568
2 2 0.006269 0.070873 0.754831 0.115512 0.052515
2 2 0.016425 0.108883 0.631016 0.134697 0.108978
2 3 0.012280 0.105134 0.689597 0.073723 0.119265
2 3 0.005940 0.077716 0.785415 0.055847 0.075082
2 3 0.010102 0.103864 0.705554 0.042933 0.137547
2 3 0.022234 0.141864 0.527803 0.032422 0.275676
2 3 0.002122 0.045716 0.860729 0.061768 0.029665
2 3 0.011348 0.100609 0.695326 0.085314 0.107403
2 3 0.003493 0.051201 0.703217 0.213459 0.028631
2 3 0.006062 0.064334 0.633203 0.255369 0.041032
2 3 0.006509 0.051124 0.489366 0.424317 0.028684
2 3 0.002264 0.037392 0.580683 0.362869 0.016792
2 3 0.001787 0.038810 0.771253 0.169092 0.019058
2 3 0.002658 0.047080 0.770061 0.154027 0.026173
2 3 0.001471 0.035663 0.785915 0.160127 0.016825
2 3 0.003260 0.051038 0.743968 0.172477 0.029256
2 3 0.008361 0.079581 0.675431 0.175297 0.061330
2 3 0.016103 0.103604 0.548823 0.234735 0.096736
2 3 0.014779 0.083911 0.480482 0.354609 0.066218
2 3 0.013454 0.084263 0.514521 0.320176 0.067587
2 3 0.022024 0.089250 0.461569 0.347107 0.080050
3 3 0.080636 0.108762 0.302783 0.370270 0.137549
0 3 0.304002 0.118736 0.140891 0.155784 0.280588
4 3 0.322855 0.108150 0.050496 0.012740 0.505759
4 0 0.224526 0.196004 0.069117 0.003581 0.506773
0 0 0.343828 0.316974 0.127771 0.002750 0.208678
0 0 0.388362 0.351636 0.168956 0.002525 0.088520
0 0 0.538402 0.244864 0.134015 0.004269 0.078450
0 0 0.513482 0.210370 0.093675 0.004078 0.178395
0 0 0.536910 0.206480 0.059490 0.000810 0.196309
4 0 0.259654 0.229863 0.073908 0.002179 0.434395
0 0 0.356017 0.197541 0.102931 0.011146 0.332365
4 0 0.113197 0.106640 0.050035 0.004376 0.725752
4 0 0.252101 0.147642 0.050929 0.003752 0.545577
0 0 0.364860 0.217774 0.070206 0.001935 0.345225
4 1 0.258611 0.212389 0.053382 0.000904 0.474714
4 1 0.235352 0.273916 0.088429 0.001961 0.400342
1 1 0.266823 0.320573 0.114635 0.002233 0.295736
4 0 0.185150 0.217368 0.061511 0.001492 0.534480
4 0 0.132560 0.174945 0.053058 0.001569 0.637868
4 0 0.084543 0.097673 0.019122 0.000315 0.798347
4 0 0.107129 0.149359 0.020411 0.000104 0.722997
4 0 0.156447 0.247196 0.041995 0.000195 0.554167
4 0 0.331135 0.119526 0.025923 0.000633 0.522784
4 0 0.309294 0.086940 0.020889 0.001078 0.581799
4 0 0.299716 0.141426 0.033267 0.000836 0.524756
4 0 0.205944 0.145687 0.026530 0.000326 0.621513
4 0 0.360396 0.122674 0.031060 0.001103 0.484768
0 0 0.551962 0.131543 0.039828 0.001442 0.275226
0 0 0.489634 0.159620 0.053734 0.002211 0.294801
4 0 0.313767 0.242740 0.066321 0.001039 0.376133
1 0 0.259275 0.355655 0.092866 0.000624 0.291579
4 0 0.193810 0.353072 0.087222 0.000580 0.365315
4 0 0.287415 0.219434 0.051246 0.000645 0.441261
4 0 0.293913 0.185946 0.042907 0.000679 0.476555
4 1 0.290296 0.195355 0.039070 0.000381 0.474897
4 1 0.168703 0.309427 0.057087 0.000226 0.464558
4 1 0.167394 0.364844 0.069223 0.000214 0.398325
1 1 0.175414 0.363757 0.097869 0.000706 0.362254
1 1 0.167879 0.394909 0.112948 0.000625 0.323638
1 2 0.182297 0.368057 0.104153 0.000921 0.344572
4 1 0.171407 0.290506 0.057077 0.000303 0.480708
4 1 0.256263 0.302284 0.056260 0.000216 0.384976
4 1 0.234327 0.222285 0.043211 0.000335 0.499841
4 1 0.224239 0.151655 0.022626 0.000146 0.601334
4 1 0.172600 0.182043 0.027821 0.000151 0.617385
1 1 0.172461 0.510080 0.160056 0.000632 0.156771
1 1 0.118001 0.426916 0.222504 0.000963 0.231616
2 1 0.059632 0.288861 0.368629 0.002632 0.280246
4 2 0.030908 0.153069 0.335013 0.004355 0.476654
4 2 0.020040 0.129865 0.401325 0.003829 0.444941
2 2 0.018588 0.128906 0.498824 0.006134 0.347548
2 2 0.018975 0.129016 0.537429 0.008414 0.306164
2 2 0.009540 0.102497 0.658105 0.004887 0.224972
2 2 0.003236 0.060781 0.849971 0.006027 0.079985
2 2 0.000773 0.029203 0.940041 0.007902 0.022080
2 2 0.000745 0.028705 0.941173 0.007854 0.021522
2 2 0.001139 0.035959 0.923106 0.009925 0.029871
2 2 0.001044 0.033618 0.928496 0.011201 0.025640
2 2 0.000885 0.031010 0.934115 0.011635 0.022355
2 2 0.001508 0.041574 0.909156 0.008454 0.039308
2 2 0.000536 0.024544 0.949414 0.009185 0.016320
2 2 0.000833 0.030247 0.937871 0.007401 0.023648
2 2 0.003262 0.060989 0.846390 0.004781 0.084579
2 2 0.010500 0.106296 0.639353 0.005125 0.238725
2 2 0.019974 0.130559 0.543433 0.009856 0.296178
2 2 0.015077 0.121256 0.539285 0.005198 0.319183
2 2 0.011896 0.112538 0.582094 0.004280 0.289192
2 2 0.015753 0.122947 0.525688 0.005189 0.330423
2 2 0.015846 0.122927 0.538668 0.005752 0.316807
2 2 0.018210 0.127861 0.526684 0.007120 0.320125
2 2 0.017204 0.125605 0.542006 0.007027 0.308157
2 2 0.002449 0.053320 0.873678 0.005853 0.064700
2 2 0.001400 0.038481 0.918064 0.008867 0.033187
2 2 0.001370 0.037921 0.916815 0.014751 0.029143
2 2 0.001485 0.039273 0.911698 0.018007 0.029537
2 2 0.000344 0.019758 0.953627 0.015874 0.010397
2 2 0.000148 0.013255 0.970481 0.009936 0.006180
2 2 0.000105 0.011279 0.976827 0.006531 0.005259
2 2 0.000091 0.010463 0.974420 0.010813 0.004214
2 2 0.004496 0.072635 0.811981 0.008827 0.102061
2 2 0.003173 0.055387 0.870469 0.022398 0.048574
2 2 0.000898 0.030943 0.925908 0.022890 0.019361
2 2 0.000528 0.024163 0.942971 0.018584 0.013753
2 2 0.000512 0.023861 0.945652 0.016079 0.013896
2 2 0.001188 0.036191 0.920236 0.014881 0.027503
2 2 0.000297 0.018497 0.960492 0.010481 0.010234
2 2 0.000365 0.020457 0.957841 0.008981 0.012356
2 2 0.000308 0.018853 0.961335 0.008488 0.011017
2 2 0.000302 0.018691 0.961977 0.008033 0.010997
2 2 0.000565 0.025155 0.948010 0.009394 0.016876
2 2 0.000774 0.029125 0.938555 0.011057 0.020489
2 2 0.004646 0.068722 0.833414 0.012713 0.080504
2 2 0.011561 0.102375 0.719318 0.013704 0.153042
2 2 0.016815 0.123303 0.619381 0.011360 0.229140
2 2 0.020024 0.156843 0.604832 0.005906 0.212395
2 2 0.013396 0.114316 0.622819 0.007602 0.241867
2 2 0.008287 0.092604 0.733559 0.007560 0.157990
2 2 0.003419 0.061946 0.849820 0.008408 0.076406
2 2 0.015674 0.122950 0.488260 0.004000 0.369117
2 2 0.015218 0.120309 0.581235 0.007209 0.276030
2 2 0.019769 0.130604 0.440213 0.004754 0.404660
4 2 0.021665 0.132739 0.400467 0.004471 0.440658
2 2 0.019119 0.129249 0.434733 0.004284 0.412615
4 2 0.031684 0.126912 0.183970 0.001995 0.655438
4 2 0.038442 0.098330 0.077750 0.001127 0.784351
4 1 0.072408 0.073920 0.024492 0.001000 0.828179
4 1 0.056021 0.091559 0.046733 0.001362 0.804325
4 1 0.048465 0.079486 0.035854 0.000780 0.835416
4 1 0.072709 0.170260 0.099829 0.001381 0.655821
4 1 0.086287 0.128874 0.039934 0.000705 0.744200
4 2 0.085237 0.195969 0.094934 0.001035 0.622825
4 2 0.109145 0.235233 0.130076 0.002507 0.523038
4 1 0.175773 0.092911 0.019255 0.000633 0.711427
4 1 0.190804 0.110105 0.024865 0.000840 0.673386
4 0 0.206635 0.194356 0.049154 0.001021 0.548834
0 0 0.394750 0.282800 0.067834 0.000446 0.254170
4 0 0.213124 0.184241 0.046151 0.001009 0.555475
4 0 0.289223 0.108128 0.028682 0.001499 0.572468
4 0 0.160060 0.089296 0.021002 0.001050 0.728592
4 0 0.259553 0.097461 0.017085 0.000315 0.625586
4 0 0.285249 0.125660 0.023366 0.000356 0.565369
4 0 0.237082 0.124649 0.021180 0.000260 0.616830
4 0 0.211332 0.105891 0.014830 0.000130 0.667817
4 1 0.133361 0.225917 0.030844 0.000088 0.609790
4 1 0.153971 0.313183 0.049669 0.000126 0.483050
4 1 0.167284 0.362391 0.068944 0.000218 0.401164
1 1 0.117179 0.452735 0.244882 0.000983 0.184222
1 2 0.129494 0.376464 0.163374 0.000932 0.329737
4 2 0.085464 0.261692 0.186457 0.001835 0.464552
4 2 0.113817 0.255136 0.124187 0.001703 0.505157
1 2 0.099819 0.335445 0.227882 0.001753 0.335101
2 2 0.058443 0.330082 0.443149 0.002470 0.165856
2 2 0.023203 0.178995 0.608302 0.005346 0.184155
2 2 0.010066 0.101416 0.691395 0.007496 0.189626
2 2 0.008440 0.097199 0.687896 0.004901 0.201563
4 2 0.018261 0.124617 0.364852 0.002534 0.489737
2 2 0.021391 0.133619 0.445840 0.005813 0.393337
2 2 0.006519 0.085806 0.758975 0.007701 0.140999
2 2 0.006959 0.090735 0.709432 0.003966 0.188907
2 2 0.000859 0.030702 0.936977 0.006878 0.024584
2 2 0.001393 0.040984 0.909835 0.006800 0.040988
2 2 0.005957 0.086031 0.722269 0.003225 0.182519
2 2 0.002604 0.053699 0.875312 0.007576 0.060809
2 2 0.001713 0.044343 0.901393 0.011421 0.041131
2 2 0.001084 0.035013 0.925480 0.009784 0.028638
2 2 0.000792 0.029508 0.939132 0.008431 0.022137
2 2 0.001259 0.038394 0.917054 0.008806 0.034486
2 2 0.003149 0.063841 0.837153 0.007048 0.088810
2 2 0.004551 0.077807 0.781040 0.006740 0.129863
2 2 0.013637 0.115548 0.616690 0.007887 0.246239
2 2 0.034671 0.177868 0.404119 0.005560 0.377782
4 1 0.214520 0.209687 0.111363 0.003901 0.460529
4 2 0.205593 0.195359 0.055450 0.001588 0.542009
4 2 0.157662 0.251216 0.057886 0.000625 0.532610
4 2 0.077549 0.093370 0.015599 0.000163 0.813320
4 1 0.089641 0.110600 0.018732 0.000195 0.780831
4 1 0.107967 0.143801 0.021470 0.000150 0.726611
4 2 0.102057 0.168996 0.045721 0.000486 0.682740
4 2 0.065516 0.227540 0.197264 0.001700 0.507981
4 2 0.030359 0.159016 0.301114 0.002447 0.507064
4 2 0.021899 0.127113 0.308094 0.002568 0.540327
2 2 0.015052 0.127451 0.543478 0.004149 0.309869
2 2 0.014785 0.120961 0.495870 0.003725 0.364659
2 2 0.014716 0.120692 0.476942 0.003266 0.384384
2 2 0.008566 0.097995 0.682262 0.004803 0.206373
2 2 0.001534 0.040078 0.913652 0.010799 0.033936
2 2 0.001277 0.037684 0.921386 0.014365 0.025289
2 2 0.000297 0.018490 0.960500 0.010486 0.010227
2 2 0.000173 0.014323 0.969455 0.008925 0.007124
2 2 0.000098 0.010860 0.973519 0.011082 0.004441
2 2 0.000515 0.023730 0.937327 0.025941 0.012487
2 2 0.000645 0.026355 0.929870 0.028733 0.014397
2 2 0.001434 0.038344 0.905263 0.029200 0.025759
2 2 0.001524 0.039771 0.911183 0.017051 0.030471
2 2 0.001719 0.043163 0.905654 0.009864 0.039600
2 2 0.000635 0.026489 0.943112 0.012553 0.017212
2 2 0.001354 0.040023 0.912250 0.010838 0.035535
2 2 0.001290 0.036835 0.918250 0.016380 0.027245
2 2 0.000347 0.019822 0.952951 0.016515 0.010364
2 2 0.000406 0.021344 0.949006 0.017798 0.011446
2 2 0.000584 0.025151 0.932596 0.028235 0.013434
2 2 0.001088 0.033354 0.901690 0.044864 0.019005
2 2 0.001704 0.040279 0.857237 0.077799 0.022980
2 2 0.001138 0.033685 0.884462 0.062621 0.018093
2 2 0.003609 0.056810 0.822892 0.077100 0.039589
2 2 0.010458 0.103105 0.713801 0.026226 0.146410
2 2 0.023949 0.138975 0.435893 0.007958 0.393225
4 4 0.032587 0.119481 0.160430 0.001985 0.685516
4 4 0.038396 0.068478 0.029110 0.000403 0.863613
4 4 0.034416 0.047190 0.012004 0.000140 0.906250
4 4 0.040443 0.051007 0.012902 0.000204 0.895444
4 4 0.041396 0.058719 0.018276 0.000296 0.881312
4 4 0.034022 0.058992 0.021678 0.000240 0.885068
4 4 0.022412 0.054414 0.024677 0.000124 0.898373
4 4 0.028705 0.038823 0.008394 0.000071 0.924006
4 4 0.068933 0.064303 0.019601 0.000639 0.846523
4 4 0.167630 0.148885 0.031303 0.000572 0.651609
4 1 0.153532 0.210017 0.081450 0.003696 0.551305
4 1 0.116289 0.128089 0.029697 0.000876 0.725050
4 2 0.024339 0.070679 0.046132 0.000268 0.858581
4 2 0.024464 0.040112 0.010395 0.000064 0.924964
4 4 0.023660 0.041260 0.011490 0.000066 0.923525
4 4 0.035103 0.049085 0.013085 0.000158 0.902569
4 4 0.024132 0.050424 0.019029 0.000111 0.906305
4 4 0.038904 0.067610 0.027844 0.000396 0.865247
4 4 0.040346 0.084509 0.049131 0.000754 0.825259
4 4 0.045984 0.065722 0.022577 0.000445 0.865271
4 4 0.048482 0.046200 0.008640 0.000198 0.896480
4 4 0.058222 0.045846 0.007332 0.000242 0.888357
4 4 0.060293 0.047708 0.007907 0.000278 0.883814
4 4 0.071919 0.064717 0.014850 0.000799 0.847714
4 4 0.072589 0.058966 0.011861 0.000586 0.855999
4 4 0.073229 0.059561 0.012093 0.000607 0.854509
4 4 0.068966 0.055612 0.010596 0.000476 0.864349
4 4 0.049298 0.037949 0.005136 0.000127 0.907490
4 4 0.035189 0.027004 0.002808 0.000039 0.934960
4 4 0.046976 0.035929 0.004636 0.000105 0.912354
4 4 0.038593 0.037300 0.005968 0.000091 0.918047
4 4 0.035135 0.074165 0.038712 0.000452 0.851537
4 4 0.027750 0.058281 0.024795 0.000186 0.888988
4 4 0.029635 0.066839 0.033742 0.000285 0.869500
4 4 0.025567 0.035345 0.007240 0.000050 0.931798
4 4 0.024243 0.031781 0.005753 0.000037 0.938186
4 4 0.032732 0.032272 0.004696 0.000054 0.930247
4 4 0.036481 0.042217 0.008589 0.000115 0.912599
4 4 0.066209 0.043289 0.006812 0.000234 0.883455
4 4 0.144562 0.055038 0.012933 0.001051 0.786416
4 4 0.068608 0.048000 0.008199 0.000319 0.874873
4 4 0.053398 0.041553 0.006090 0.000173 0.898786
4 4 0.052622 0.040867 0.005902 0.000163 0.900445
4 4 0.054527 0.056020 0.012979 0.000364 0.876110
4 4 0.057537 0.088429 0.041613 0.001273 0.811149
4 4 0.057106 0.085236 0.037905 0.001139 0.818614
4 4 0.045610 0.054980 0.014243 0.000282 0.884885
4 4 0.062148 0.049383 0.008443 0.000314 0.879712
4 4 0.047570 0.036444 0.004761 0.000110 0.911115
4 4 0.044631 0.033903 0.004160 0.000086 0.917219
4 4 0.046423 0.035449 0.004521 0.000100 0.913507
4 4 0.039382 0.029426 0.003197 0.000054 0.927942
4 4 0.043564 0.032987 0.003953 0.000079 0.919417
4 4 0.042980 0.032486 0.003842 0.000075 0.920618
4 4 0.061448 0.048750 0.008239 0.000300 0.881264
4 4 0.082537 0.063686 0.013955 0.000821 0.839002
4 4 0.088966 0.085347 0.026882 0.001959 0.796845
4 4 0.123521 0.071094 0.018713 0.001711 0.784962
4 4 0.070086 0.056646 0.010978 0.000508 0.861783
4 4 0.049791 0.038380 0.005246 0.000132 0.906452
4 4 0.035189 0.025910 0.002526 0.000035 0.936341
4 4 0.040785 0.030615 0.003441 0.000061 0.925098
4 4 0.055860 0.043737 0.006708 0.000206 0.893489
4 4 0.090945 0.071837 0.017649 0.001265 0.818304
4 4 0.119308 0.114010 0.049999 0.007691 0.708992
4 4 0.099126 0.084421 0.024059 0.002191 0.790204
4 4 0.071561 0.058011 0.011493 0.000553 0.858382
4 4 0.064676 0.048396 0.008218 0.000309 0.878401
4 4 0.016532 0.115129 0.288052 0.001298 0.578989
4 4 0.014569 0.115249 0.343243 0.001419 0.525520
4 4 0.018450 0.109635 0.212288 0.000974 0.658653
4 4 0.018659 0.105038 0.181981 0.000796 0.693527
4 4 0.019102 0.106783 0.187590 0.000869 0.685656
4 4 0.023245 0.077560 0.061704 0.000333 0.837159
