0 0 0.834623 0.025370 0.019116 0.007508 0.113383
0 0 0.870265 0.019546 0.014923 0.006685 0.088581
0 0 0.926275 0.011508 0.010539 0.040720 0.010959
0 0 0.929053 0.010421 0.009636 0.041426 0.009463
0 0 0.881328 0.021263 0.019051 0.060062 0.018296
0 0 0.811190 0.041214 0.032416 0.022519 0.092660
0 0 0.672327 0.082824 0.064207 0.040695 0.139947
0 0 0.627716 0.095317 0.073088 0.041374 0.162505
0 0 0.738762 0.064148 0.053771 0.085207 0.058112
0 0 0.694097 0.079243 0.065351 0.087203 0.074107
0 0 0.609623 0.114027 0.102049 0.093484 0.080817
0 0 0.595754 0.120674 0.110872 0.093378 0.079322
0 0 0.630497 0.101103 0.081790 0.089230 0.097380
0 0 0.535093 0.139212 0.115579 0.089065 0.121051
0 0 0.362595 0.223034 0.218397 0.076014 0.119960
0 0 0.362880 0.221928 0.212989 0.075889 0.126315
0 0 0.299349 0.246278 0.225732 0.061312 0.167328
0 0 0.358941 0.216653 0.189248 0.074480 0.160678
0 0 0.360431 0.212698 0.180497 0.071409 0.174965
0 0 0.303082 0.248379 0.236547 0.068352 0.143639
1 0 0.239493 0.278337 0.275996 0.051114 0.155059
2 0 0.224644 0.284929 0.286284 0.046217 0.157925
0 0 0.301787 0.250730 0.246491 0.068404 0.132587
0 0 0.423212 0.196834 0.196423 0.082595 0.100936
0 0 0.465758 0.179204 0.187196 0.086726 0.081117
0 0 0.463738 0.175865 0.162531 0.085535 0.112331
0 0 0.678558 0.088850 0.085228 0.095180 0.052185
0 0 0.644665 0.095814 0.078100 0.092733 0.088688
0 0 0.477113 0.159267 0.127984 0.084584 0.151051
0 0 0.482354 0.153556 0.119230 0.084332 0.160528
4 0 0.224002 0.198393 0.141640 0.021787 0.414178
4 0 0.179007 0.170713 0.113092 0.012895 0.524294
4 0 0.298934 0.176070 0.123805 0.027824 0.373366
0 0 0.438745 0.156056 0.116024 0.048939 0.240236
0 0 0.528679 0.137086 0.107844 0.087700 0.138690
0 0 0.408891 0.171317 0.128069 0.056435 0.235288
0 0 0.418848 0.174254 0.134961 0.060253 0.211684
0 0 0.453406 0.173031 0.145171 0.083386 0.145006
0 0 0.514464 0.142146 0.111373 0.086741 0.145276
0 0 0.396078 0.171220 0.126472 0.050208 0.256022
4 0 0.212591 0.180762 0.122505 0.018218 0.465924
4 1 0.161192 0.150257 0.097389 0.008497 0.582664
4 1 0.057166 0.097270 0.056972 0.001537 0.787055
4 1 0.051948 0.090017 0.052164 0.001238 0.804633
4 1 0.049690 0.082216 0.047239 0.001006 0.819849
4 1 0.114720 0.098105 0.060658 0.002726 0.723791
4 1 0.160167 0.100389 0.062842 0.003459 0.673142
4 1 0.083420 0.085557 0.053713 0.002183 0.775127
4 2 0.039058 0.061886 0.038819 0.001063 0.859174
4 2 0.012074 0.036346 0.022147 0.000296 0.929136
4 2 0.006601 0.033103 0.020805 0.000271 0.939221
4 2 0.007548 0.040811 0.026275 0.000444 0.924922
4 2 0.138840 0.121498 0.076428 0.004608 0.658627
0 1 0.492140 0.132305 0.100373 0.034682 0.240500
0 1 0.663939 0.090831 0.075959 0.088305 0.080966
0 1 0.654685 0.093478 0.074970 0.072810 0.104057
0 1 0.430679 0.147864 0.108024 0.036704 0.276730
4 1 0.118915 0.116392 0.072197 0.003711 0.688785
4 1 0.214070 0.144825 0.095783 0.010360 0.534961
4 1 0.105830 0.136467 0.085112 0.004798 0.667792
4 1 0.010918 0.044945 0.025743 0.000268 0.918126
4 2 0.008684 0.045623 0.035534 0.000435 0.909724
4 2 0.010134 0.134440 0.247276 0.002255 0.605895
2 2 0.008669 0.170631 0.589911 0.005906 0.224883
2 2 0.009987 0.147384 0.634572 0.006223 0.201834
2 2 0.007182 0.121336 0.741660 0.009591 0.120231
2 2 0.017736 0.184976 0.579797 0.007212 0.210279
4 1 0.053981 0.212852 0.177979 0.002271 0.552916
4 2 0.063017 0.158910 0.112534 0.002349 0.663190
4 2 0.049104 0.115673 0.076119 0.002179 0.756924
4 2 0.056593 0.110345 0.071721 0.003631 0.757710
4 2 0.085223 0.121181 0.079810 0.004061 0.709725
4 2 0.179325 0.195112 0.266419 0.025558 0.333586
0 0 0.397480 0.123224 0.230781 0.165098 0.083417
0 0 0.607088 0.115578 0.109732 0.095414 0.072188
0 0 0.794569 0.043905 0.038119 0.088710 0.034698
0 0 0.748703 0.059419 0.050412 0.091711 0.049755
0 0 0.701185 0.077765 0.068134 0.093812 0.059104
0 0 0.644579 0.099666 0.087934 0.094024 0.073797
0 0 0.736715 0.063546 0.053627 0.092188 0.053923
0 0 0.622510 0.103674 0.083896 0.092195 0.097725
0 0 0.523738 0.153075 0.151430 0.090585 0.081172
0 0 0.628401 0.104869 0.090286 0.093387 0.083056
0 0 0.665844 0.093257 0.087197 0.094926 0.058776
0 0 0.683803 0.087882 0.100855 0.096259 0.031201
0 0 0.403472 0.185880 0.281320 0.090295 0.039033
0 0 0.440634 0.190128 0.219419 0.084917 0.064902
0 0 0.437562 0.190928 0.193228 0.084051 0.094231
0 0 0.375783 0.219239 0.231535 0.077982 0.095460
0 0 0.344498 0.232477 0.235600 0.074094 0.113331
0 0 0.683103 0.087635 0.086907 0.095460 0.046895
0 0 0.678222 0.089803 0.090661 0.095637 0.045677
0 0 0.682863 0.085341 0.076266 0.094320 0.061210
0 0 0.619592 0.112840 0.110180 0.094744 0.062643
0 0 0.387754 0.129981 0.270778 0.142590 0.068896
0 0 0.773363 0.051556 0.045431 0.090709 0.038941
0 0 0.829315 0.032571 0.028902 0.084837 0.024375
0 0 0.638168 0.094383 0.114100 0.110633 0.042716
0 0 0.660945 0.091182 0.076475 0.093382 0.078016
0 0 0.289918 0.258625 0.278544 0.067223 0.105691
2 0 0.173787 0.310509 0.379259 0.048527 0.087918
2 0 0.213778 0.293120 0.344560 0.055637 0.092905
0 0 0.302620 0.251946 0.293742 0.069181 0.082513
0 0 0.388488 0.212754 0.251334 0.079726 0.067698
0 0 0.354415 0.189849 0.286023 0.102755 0.066959
0 0 0.426764 0.196670 0.212824 0.083407 0.080335
0 0 0.630133 0.102712 0.085897 0.092949 0.088309
0 0 0.391638 0.212020 0.222233 0.079684 0.094426
0 0 0.336403 0.216006 0.288434 0.086255 0.072902
0 0 0.546690 0.108195 0.164176 0.134009 0.046931
0 0 0.555027 0.069245 0.143629 0.195147 0.036952
0 0 0.524570 0.153917 0.174201 0.091396 0.055916
0 0 0.410031 0.204032 0.218063 0.081698 0.086176
2 0 0.288346 0.258884 0.297096 0.067170 0.088505
2 0 0.172897 0.308617 0.333785 0.033023 0.151678
2 0 0.196542 0.302084 0.340748 0.048933 0.111693
2 0 0.170686 0.312181 0.352477 0.036496 0.128160
0 0 0.305147 0.251048 0.260271 0.069162 0.114371
0 0 0.380960 0.212688 0.199756 0.077731 0.128865
0 0 0.468565 0.176603 0.173931 0.086544 0.094356
0 0 0.849050 0.026379 0.023760 0.081795 0.019015
0 0 0.728158 0.070615 0.078672 0.095157 0.027398
0 0 0.501089 0.164139 0.177312 0.089635 0.067825
0 0 0.388900 0.213381 0.241080 0.079682 0.076957
2 0 0.276984 0.263854 0.306627 0.065559 0.086977
2 0 0.261465 0.269835 0.325294 0.063292 0.080114
2 0 0.149649 0.317755 0.413948 0.043831 0.074817
2 0 0.212030 0.294888 0.334558 0.055293 0.103231
2 0 0.207930 0.297027 0.331213 0.053308 0.110522
2 0 0.217702 0.292548 0.321260 0.056183 0.112306
1 0 0.261327 0.269967 0.268734 0.062710 0.137263
2 0 0.220814 0.289956 0.304993 0.050836 0.133401
2 0 0.214663 0.293960 0.325094 0.055689 0.110595
2 0 0.173335 0.311310 0.375182 0.046201 0.093973
2 0 0.217871 0.292086 0.313968 0.052698 0.123376
2 0 0.231007 0.286108 0.304761 0.058287 0.119838
1 0 0.261282 0.269992 0.268786 0.062704 0.137236
2 0 0.224226 0.289442 0.313114 0.057227 0.115991
2 0 0.214439 0.294063 0.325377 0.055652 0.110469
2 0 0.220716 0.289496 0.301938 0.049534 0.138316
1 0 0.238857 0.277883 0.273715 0.049880 0.159665
0 0 0.297519 0.250458 0.236899 0.067545 0.147579
0 0 0.268619 0.265786 0.260279 0.063646 0.141670
2 0 0.228098 0.285565 0.293148 0.050776 0.142413
2 0 0.137176 0.325475 0.399179 0.030125 0.108046
2 0 0.194968 0.302693 0.347811 0.050976 0.103553
2 0 0.152142 0.318990 0.366093 0.030308 0.132468
2 0 0.192932 0.303354 0.353250 0.052002 0.098462
2 0 0.128471 0.321736 0.447626 0.039393 0.062773
2 0 0.142438 0.317198 0.432311 0.042326 0.065727
2 0 0.129845 0.314901 0.463040 0.039587 0.052628
2 0 0.280846 0.257986 0.330055 0.066148 0.064965
0 0 0.360155 0.224559 0.272970 0.076540 0.065776
0 0 0.290262 0.258486 0.285074 0.067348 0.098831
0 0 0.384660 0.211968 0.202306 0.078280 0.122786
0 0 0.441282 0.183204 0.163528 0.083188 0.128798
0 0 0.402570 0.202963 0.189843 0.079983 0.124640
2 0 0.255492 0.274642 0.294683 0.062163 0.113020
2 0 0.237928 0.282060 0.327997 0.059601 0.092415
2 0 0.172678 0.306510 0.400920 0.048291 0.071602
2 0 0.222855 0.213905 0.409936 0.092924 0.060379
2 0 0.215411 0.167585 0.440792 0.127845 0.048368
2 0 0.246712 0.218177 0.393046 0.087992 0.054074
2 0 0.093397 0.257203 0.570466 0.044796 0.034139
2 0 0.200496 0.291922 0.389548 0.053314 0.064720
2 0 0.137572 0.323097 0.422278 0.037204 0.079850
2 0 0.118793 0.323359 0.462192 0.037268 0.058388
2 0 0.139496 0.320108 0.429281 0.041744 0.069371
2 0 0.188573 0.303756 0.333046 0.039055 0.135570
2 0 0.147046 0.319632 0.412880 0.041072 0.079369
2 0 0.168625 0.309928 0.397385 0.047540 0.076521
0 0 0.334967 0.237630 0.249363 0.073103 0.104938
2 0 0.208550 0.295395 0.349240 0.054750 0.092066
2 0 0.177185 0.301085 0.308518 0.029860 0.183350
2 0 0.176597 0.308892 0.340364 0.036407 0.137741
2 0 0.103554 0.329151 0.475726 0.029291 0.062279
2 0 0.110225 0.333107 0.440756 0.024738 0.091174
2 0 0.153545 0.318820 0.377327 0.032040 0.118268
2 0 0.149879 0.319912 0.368888 0.029822 0.131499
2 0 0.160458 0.314778 0.398128 0.045979 0.080657
4 0 0.281417 0.218385 0.173782 0.034292 0.292124
4 0 0.229851 0.253908 0.217493 0.032464 0.266284
4 0 0.251894 0.200524 0.145130 0.027159 0.375292
4 0 0.205369 0.229581 0.179899 0.021717 0.363433
4 0 0.165286 0.208361 0.154361 0.013172 0.458819
4 1 0.114737 0.141928 0.089295 0.005576 0.648464
4 1 0.113394 0.135528 0.084860 0.004982 0.661236
4 1 0.100185 0.173129 0.121214 0.005049 0.600424
4 1 0.111902 0.134114 0.083826 0.004818 0.665339
4 1 0.084736 0.120532 0.073384 0.003115 0.718233
4 1 0.107926 0.128102 0.079572 0.004237 0.680164
4 1 0.037445 0.091482 0.059105 0.002316 0.809652
4 1 0.039054 0.091647 0.058204 0.002106 0.808990
4 1 0.089081 0.125854 0.077123 0.003541 0.704402
4 1 0.137098 0.144021 0.091932 0.006701 0.620247
4 1 0.197228 0.177282 0.123825 0.013080 0.488585
4 1 0.051040 0.158407 0.189217 0.009251 0.592084
4 2 0.041441 0.201784 0.310031 0.013819 0.432926
4 2 0.013666 0.100880 0.203300 0.010703 0.671451
4 2 0.009844 0.080608 0.178410 0.004560 0.726578
4 2 0.021223 0.118215 0.176019 0.003842 0.680700
4 2 0.031910 0.127481 0.143765 0.004407 0.692439
4 2 0.031160 0.140408 0.150764 0.005535 0.672132
4 2 0.028428 0.181340 0.281880 0.014965 0.493387
2 2 0.014713 0.136830 0.420419 0.062539 0.365498
2 2 0.008192 0.092070 0.638813 0.140620 0.120304
2 2 0.002765 0.055645 0.794945 0.098723 0.047922
2 2 0.006810 0.090997 0.695934 0.063574 0.142685
2 2 0.005790 0.087729 0.750004 0.059140 0.097338
2 2 0.005270 0.088594 0.766618 0.056002 0.083516
2 2 0.004176 0.039282 0.710727 0.231037 0.014777
2 2 0.003295 0.030770 0.526766 0.408163 0.031007
3 2 0.004990 0.031693 0.428333 0.506926 0.028059
3 2 0.010396 0.042275 0.330665 0.563916 0.052748
3 2 0.020128 0.062860 0.397759 0.434090 0.085163
2 2 0.003065 0.027813 0.491789 0.453818 0.023516
3 2 0.001539 0.011402 0.277634 0.700671 0.008753
3 2 0.000758 0.006043 0.172427 0.815073 0.005698
3 3 0.001297 0.006789 0.159489 0.825931 0.006493
3 3 0.000866 0.004585 0.116236 0.873981 0.004331
3 3 0.001729 0.005341 0.095787 0.892255 0.004888
3 3 0.001581 0.003728 0.062156 0.929235 0.003300
3 3 0.001833 0.003135 0.041562 0.950747 0.002723
3 3 0.003765 0.004214 0.041659 0.946774 0.003587
3 3 0.003173 0.003525 0.036208 0.954117 0.002977
3 3 0.005067 0.005427 0.048230 0.936610 0.004666
3 3 0.002913 0.004102 0.048380 0.941077 0.003528
3 3 0.001669 0.002965 0.044346 0.948471 0.002549
3 3 0.001496 0.002582 0.042559 0.951183 0.002180
3 3 0.001724 0.002608 0.043119 0.950390 0.002159
3 3 0.001680 0.002047 0.027020 0.967567 0.001687
3 3 0.001652 0.001999 0.026770 0.967936 0.001642
3 3 0.001632 0.001641 0.017809 0.977572 0.001346
3 3 0.001941 0.001614 0.016815 0.978335 0.001295
3 3 0.001248 0.001536 0.019590 0.976357 0.001270
3 3 0.004095 0.003305 0.027133 0.962724 0.002743
3 3 0.003228 0.002976 0.032775 0.958600 0.002421
3 3 0.004020 0.003902 0.044027 0.944854 0.003197
3 3 0.002867 0.004003 0.059185 0.930607 0.003338
3 3 0.001603 0.002533 0.039156 0.954581 0.002128
3 3 0.003252 0.002629 0.018701 0.973200 0.002218
3 3 0.003380 0.002532 0.019478 0.972519 0.002091
3 3 0.001709 0.001859 0.018560 0.976310 0.001561
3 3 0.001264 0.001381 0.017017 0.979211 0.001126
3 3 0.002191 0.002430 0.025745 0.967599 0.002036
3 3 0.002614 0.002940 0.032074 0.959908 0.002464
3 3 0.001881 0.002458 0.027919 0.965652 0.002090
3 3 0.001835 0.002604 0.028051 0.965253 0.002257
3 3 0.001408 0.001812 0.019900 0.975340 0.001540
3 3 0.001666 0.002054 0.025696 0.968876 0.001708
3 3 0.002101 0.002214 0.028402 0.965488 0.001795
3 3 0.001891 0.002365 0.035142 0.958673 0.001929
3 3 0.001585 0.001911 0.025613 0.969323 0.001568
3 3 0.001043 0.001720 0.026503 0.969286 0.001449
3 3 0.000828 0.001383 0.020567 0.976051 0.001170
3 3 0.001386 0.001730 0.019658 0.975770 0.001456
3 3 0.001955 0.001949 0.019184 0.975291 0.001621
3 3 0.003500 0.003236 0.032058 0.958534 0.002672
3 3 0.007536 0.005004 0.035762 0.947571 0.004127
3 3 0.003034 0.002752 0.026842 0.965105 0.002267
3 3 0.003599 0.002219 0.017048 0.975356 0.001779
3 3 0.004318 0.002158 0.015766 0.976069 0.001689
3 3 0.008084 0.003189 0.018506 0.967727 0.002494
3 3 0.014356 0.005358 0.029868 0.946217 0.004202
3 3 0.008355 0.004202 0.033516 0.950650 0.003277
3 3 0.006536 0.003770 0.030623 0.956082 0.002988
3 3 0.002896 0.001892 0.018258 0.975470 0.001483
3 3 0.001201 0.001248 0.015943 0.980603 0.001005
3 3 0.001603 0.001401 0.015766 0.980110 0.001120
3 3 0.001316 0.001386 0.017774 0.978405 0.001119
3 3 0.003218 0.001899 0.015313 0.978069 0.001501
3 3 0.003046 0.001576 0.013505 0.980662 0.001211
3 3 0.001453 0.001305 0.015545 0.980659 0.001038
3 3 0.001215 0.001527 0.019403 0.976588 0.001267
3 3 0.002146 0.002263 0.021502 0.971957 0.002132
3 3 0.003512 0.002650 0.022353 0.969129 0.002356
3 3 0.007623 0.003042 0.017349 0.969353 0.002633
3 3 0.007969 0.004022 0.022319 0.961954 0.003735
3 3 0.002358 0.001251 0.009171 0.986237 0.000982
3 3 0.001009 0.001134 0.013270 0.983570 0.001018
3 3 0.001404 0.001406 0.014941 0.980932 0.001317
3 3 0.002514 0.002242 0.022727 0.970495 0.002023
3 3 0.005666 0.003438 0.026392 0.961645 0.002858
3 3 0.010357 0.004006 0.024819 0.957712 0.003106
3 3 0.018112 0.005670 0.025339 0.946403 0.004477
3 3 0.010968 0.003058 0.019149 0.964573 0.002252
0 3 0.520889 0.079103 0.113158 0.180976 0.105874
0 2 0.445037 0.126341 0.168743 0.120399 0.139479
2 2 0.153519 0.283821 0.361349 0.036669 0.164641
1 2 0.161357 0.299626 0.299312 0.023201 0.216504
2 2 0.021570 0.159443 0.608627 0.073465 0.136895
2 2 0.013893 0.152041 0.714383 0.042160 0.077523
2 2 0.020615 0.146307 0.665986 0.097033 0.070058
2 2 0.010640 0.087821 0.651045 0.214061 0.036433
3 2 0.004680 0.042647 0.454806 0.463887 0.033981
2 2 0.004464 0.047142 0.483350 0.421232 0.043811
2 2 0.008387 0.086858 0.673494 0.168348 0.062913
2 2 0.007281 0.099516 0.783567 0.053089 0.056547
2 2 0.005880 0.096542 0.736844 0.068982 0.091752
2 2 0.009873 0.111342 0.665887 0.072951 0.139948
2 2 0.009797 0.068318 0.479863 0.309540 0.132483
2 2 0.007641 0.074759 0.568549 0.235805 0.113245
2 2 0.009969 0.094775 0.609910 0.180239 0.105107
2 2 0.005275 0.083462 0.757393 0.067269 0.086601
2 2 0.004111 0.078942 0.743406 0.037758 0.135783
2 2 0.003321 0.081028 0.698050 0.048958 0.168642
4 2 0.005879 0.117552 0.418996 0.014999 0.442574
4 2 0.007449 0.139825 0.370752 0.008157 0.473817
4 2 0.007070 0.130696 0.389272 0.006139 0.466823
4 2 0.010971 0.144146 0.261986 0.002456 0.580442
4 4 0.013511 0.152714 0.185904 0.001742 0.646128
4 4 0.016003 0.125851 0.111942 0.001873 0.744331
4 4 0.012972 0.126782 0.117411 0.001532 0.741303
4 4 0.009007 0.089599 0.083373 0.001093 0.816928
4 4 0.008517 0.052191 0.038510 0.001565 0.899217
4 4 0.011955 0.059300 0.042273 0.001658 0.884814
4 4 0.013695 0.073016 0.054490 0.001740 0.857059
4 4 0.012142 0.103647 0.088114 0.001154 0.794943
4 4 0.015576 0.154244 0.146530 0.001360 0.682289
4 4 0.016031 0.155939 0.148297 0.001425 0.678307
4 4 0.014682 0.156898 0.157436 0.002024 0.668959
4 4 0.014044 0.128695 0.122261 0.002513 0.732486
4 4 0.013340 0.097604 0.088583 0.004757 0.795717
4 4 0.013549 0.114999 0.114382 0.006988 0.750081
4 4 0.018646 0.144645 0.154994 0.012093 0.669623
4 4 0.014735 0.161191 0.238239 0.017759 0.568076
4 2 0.010639 0.161026 0.314630 0.011623 0.502081
2 2 0.006290 0.150818 0.533165 0.020283 0.289445
2 2 0.006143 0.131254 0.567007 0.024168 0.271428
2 2 0.004736 0.117738 0.598545 0.009750 0.269232
4 2 0.010752 0.178483 0.201983 0.001604 0.607179
4 4 0.012616 0.172652 0.190850 0.002420 0.621462
4 4 0.007015 0.150058 0.243274 0.002041 0.597612
4 4 0.006917 0.086436 0.088487 0.001721 0.816439
4 4 0.006965 0.043118 0.029172 0.000647 0.920097
4 4 0.006423 0.043284 0.030501 0.000825 0.918967
4 4 0.007687 0.045865 0.031418 0.000786 0.914244
4 4 0.007147 0.045227 0.031616 0.000860 0.915151
4 4 0.005878 0.044565 0.033613 0.001297 0.914647
4 4 0.006922 0.050097 0.039126 0.002005 0.901850
4 4 0.009851 0.063491 0.052887 0.004711 0.869060
4 4 0.013671 0.129556 0.135386 0.007252 0.714135
4 4 0.013066 0.131644 0.212873 0.016807 0.625611
2 4 0.008155 0.140739 0.431796 0.024406 0.394903
2 2 0.006295 0.127645 0.533164 0.035308 0.297588
2 2 0.005016 0.110768 0.660679 0.044633 0.178905
2 2 0.002264 0.064737 0.765621 0.102763 0.064615
2 2 0.001094 0.043941 0.832452 0.086754 0.035760
2 2 0.001387 0.050516 0.818674 0.083525 0.045898
2 2 0.001108 0.052606 0.849334 0.052611 0.044341
2 2 0.002782 0.078082 0.770987 0.067002 0.081147
2 2 0.001356 0.056213 0.847161 0.048958 0.046312
2 2 0.001428 0.061538 0.832920 0.042362 0.061751
2 2 0.002241 0.087400 0.758230 0.026745 0.125385
2 2 0.002242 0.078307 0.813257 0.039320 0.066875
2 2 0.002734 0.082920 0.806700 0.028674 0.078972
2 2 0.003896 0.091466 0.771075 0.032590 0.100973
2 2 0.004817 0.097810 0.744669 0.048256 0.104448
2 2 0.010830 0.120495 0.640068 0.073811 0.154796
2 2 0.006019 0.090928 0.695196 0.080022 0.127835
2 2 0.000894 0.032776 0.825958 0.122685 0.017687
2 2 0.001178 0.032779 0.775749 0.167596 0.022697
2 2 0.001490 0.030375 0.688228 0.257261 0.022646
3 2 0.001783 0.021433 0.435991 0.524314 0.016479
2 2 0.001407 0.019115 0.513516 0.455809 0.010152
2 2 0.001751 0.020371 0.510807 0.456908 0.010162
3 2 0.000824 0.011869 0.425764 0.556259 0.005283
3 2 0.003080 0.018207 0.311561 0.653395 0.013757
3 2 0.001692 0.012223 0.270466 0.705228 0.010391
3 2 0.001798 0.014318 0.286113 0.686333 0.011439
3 2 0.002384 0.023425 0.390850 0.567498 0.015843
3 2 0.004049 0.025863 0.329546 0.622963 0.017579
3 2 0.003455 0.019309 0.289296 0.673511 0.014429
3 2 0.002348 0.014381 0.305349 0.667853 0.010069
3 2 0.001975 0.015163 0.313011 0.657411 0.012440
3 2 0.008038 0.033895 0.310973 0.599820 0.047274
3 2 0.006108 0.032856 0.281326 0.632340 0.047369
3 2 0.001969 0.008763 0.122101 0.858388 0.008779
3 2 0.001235 0.006753 0.125437 0.859878 0.006697
3 2 0.001133 0.007221 0.175329 0.809237 0.007080
3 2 0.001179 0.006685 0.135025 0.850518 0.006593
3 2 0.002156 0.007273 0.099494 0.884075 0.007003
2 2 0.001261 0.018480 0.943346 0.035759 0.001155
2 2 0.002268 0.017037 0.935182 0.044944 0.000569
2 2 0.002151 0.040114 0.933273 0.022359 0.002102
2 2 0.012261 0.147676 0.811115 0.019755 0.009193
2 2 0.002130 0.054211 0.927151 0.014385 0.002122
2 2 0.007848 0.091945 0.826026 0.061772 0.012409
2 2 0.008018 0.075132 0.574208 0.237076 0.105566
2 2 0.013160 0.076498 0.407417 0.322470 0.180455
3 2 0.007678 0.022455 0.224762 0.722771 0.022333
3 2 0.004217 0.009801 0.107341 0.869410 0.009231
3 2 0.003779 0.009097 0.105322 0.873258 0.008543
3 2 0.006727 0.011615 0.107172 0.863753 0.010733
3 2 0.004557 0.008271 0.097966 0.881778 0.007427
3 3 0.003907 0.006647 0.099160 0.884558 0.005728
3 3 0.002208 0.003017 0.046008 0.946276 0.002491
3 3 0.003812 0.005365 0.054219 0.931886 0.004719
3 3 0.005065 0.004641 0.037480 0.948871 0.003944
3 3 0.002944 0.003303 0.030107 0.960811 0.002835
3 3 0.004925 0.004104 0.031874 0.955541 0.003556
3 3 0.003917 0.003369 0.028313 0.961404 0.002996
3 3 0.006584 0.005393 0.035645 0.946729 0.005648
3 3 0.002591 0.002558 0.021659 0.970795 0.002397
3 3 0.002028 0.001584 0.013024 0.982065 0.001298
3 3 0.002030 0.001812 0.016436 0.978097 0.001624
3 3 0.005911 0.004352 0.033662 0.951722 0.004354
3 3 0.007190 0.003955 0.026510 0.959000 0.003347
3 3 0.003121 0.002201 0.018541 0.974314 0.001822
3 3 0.003073 0.002070 0.012740 0.980314 0.001802
3 3 0.003253 0.002113 0.012401 0.980030 0.002203
3 3 0.001569 0.001175 0.009745 0.986493 0.001019
3 3 0.003675 0.002263 0.015478 0.976491 0.002093
3 3 0.001744 0.001824 0.023429 0.971528 0.001474
3 3 0.002040 0.002061 0.023351 0.970861 0.001686
3 3 0.002336 0.002828 0.036242 0.956249 0.002345
3 3 0.008742 0.005794 0.041923 0.938766 0.004776
3 3 0.010462 0.006429 0.043979 0.933845 0.005286
3 3 0.021225 0.007760 0.033553 0.930406 0.007055
3 3 0.010061 0.005880 0.036098 0.942119 0.005842
3 3 0.007311 0.003427 0.020986 0.965543 0.002732
3 3 0.003918 0.002504 0.019478 0.972047 0.002053
3 3 0.003966 0.003829 0.032119 0.956073 0.004014
3 3 0.002496 0.003122 0.033385 0.958213 0.002783
3 3 0.006657 0.007322 0.059186 0.919812 0.007023
3 3 0.005283 0.004598 0.037438 0.948808 0.003873
3 3 0.004567 0.003984 0.032617 0.955482 0.003351
3 3 0.003310 0.003464 0.031086 0.959188 0.002952
3 3 0.002484 0.003428 0.031221 0.959400 0.003468
3 3 0.004096 0.003672 0.024121 0.964310 0.003801
3 3 0.005832 0.003127 0.017757 0.970533 0.002751
3 3 0.002482 0.001718 0.016169 0.978269 0.001361
3 3 0.004035 0.002524 0.019508 0.971688 0.002244
3 3 0.005110 0.002784 0.020070 0.969432 0.002605
3 3 0.007571 0.002334 0.013804 0.974435 0.001856
3 3 0.006748 0.002973 0.016335 0.971060 0.002884
3 3 0.008250 0.002706 0.016400 0.970596 0.002047
3 3 0.004039 0.001961 0.014238 0.978234 0.001528
3 3 0.003828 0.002241 0.020023 0.972159 0.001749
3 3 0.003361 0.002367 0.021820 0.970560 0.001891
3 3 0.003318 0.002715 0.025287 0.966279 0.002402
3 3 0.004457 0.002572 0.019252 0.971668 0.002052
3 3 0.004221 0.003344 0.022343 0.966763 0.003330
3 3 0.004847 0.003785 0.028560 0.959508 0.003299
3 3 0.003488 0.002298 0.019594 0.972785 0.001836
3 3 0.005776 0.002899 0.016742 0.972140 0.002443
3 3 0.006255 0.002195 0.011305 0.978537 0.001708
3 3 0.003728 0.001386 0.007803 0.986012 0.001071
3 3 0.002726 0.001255 0.009482 0.985576 0.000961
3 3 0.005121 0.003492 0.022648 0.965217 0.003522
3 3 0.003153 0.002105 0.015931 0.977101 0.001710
3 3 0.004101 0.003407 0.030811 0.958877 0.002804
3 3 0.004264 0.003624 0.028049 0.960899 0.003164
3 3 0.009335 0.005841 0.032455 0.946961 0.005409
3 3 0.006813 0.003471 0.020914 0.965862 0.002940
3 3 0.005929 0.003409 0.031437 0.956571 0.002654
3 3 0.003705 0.002299 0.027186 0.965064 0.001746
3 3 0.008934 0.005365 0.044846 0.936578 0.004276
3 3 0.005929 0.003321 0.024812 0.963291 0.002647
3 3 0.010109 0.004347 0.022922 0.959125 0.003497
3 3 0.016624 0.005812 0.025187 0.946491 0.005886
3 3 0.023716 0.008838 0.035529 0.920948 0.010969
3 3 0.023719 0.009490 0.041891 0.912712 0.012189
3 3 0.042246 0.011252 0.034376 0.899501 0.012625
3 3 0.022611 0.006522 0.032975 0.932765 0.005126
3 3 0.312613 0.036903 0.091117 0.530478 0.028890
0 2 0.485220 0.093321 0.168724 0.184530 0.068205
2 2 0.160209 0.225340 0.473343 0.078770 0.062338
0 2 0.300756 0.242526 0.230450 0.042043 0.184225
4 2 0.031909 0.102423 0.104111 0.004885 0.756672
4 2 0.021786 0.092793 0.106595 0.008361 0.770465
4 2 0.012362 0.144896 0.324859 0.009416 0.508467
4 2 0.017762 0.196414 0.357161 0.006723 0.421940
2 2 0.019440 0.234109 0.546213 0.004013 0.196225
2 2 0.007718 0.149464 0.728495 0.007804 0.106519
2 2 0.008270 0.148349 0.713908 0.010072 0.119401
2 2 0.007031 0.129079 0.540176 0.010933 0.312781
2 2 0.003548 0.099710 0.664026 0.022879 0.209837
2 2 0.006363 0.110178 0.609493 0.069023 0.204944
2 2 0.004777 0.098856 0.708839 0.036174 0.151354
4 2 0.004845 0.107767 0.417932 0.007553 0.461902
2 2 0.008347 0.145118 0.511183 0.018865 0.316487
2 2 0.009092 0.134163 0.604162 0.026836 0.225746
2 2 0.002580 0.080950 0.795768 0.029458 0.091244
2 2 0.003293 0.096782 0.795026 0.029756 0.075143
2 2 0.005553 0.103661 0.755320 0.061386 0.074080
2 2 0.003781 0.070016 0.792684 0.087796 0.045724
2 2 0.004684 0.070893 0.729326 0.119244 0.075854
2 2 0.006151 0.074948 0.684171 0.137570 0.097161
2 2 0.006256 0.074813 0.829552 0.055953 0.033426
2 2 0.012464 0.067974 0.788564 0.105326 0.025672
2 2 0.011455 0.060315 0.832264 0.078360 0.017606
2 2 0.011566 0.065250 0.788693 0.122311 0.012179
2 2 0.037376 0.129031 0.708524 0.099889 0.025180
2 2 0.013076 0.083668 0.590411 0.253542 0.059303
2 2 0.006459 0.049250 0.499294 0.396582 0.048415
3 2 0.006012 0.035973 0.379134 0.541181 0.037700
3 2 0.008140 0.046308 0.440589 0.468328 0.036634
2 2 0.002611 0.036458 0.611943 0.324755 0.024233
2 2 0.003642 0.057789 0.769411 0.134001 0.035158
2 2 0.007185 0.104085 0.704699 0.040552 0.143478
2 2 0.006128 0.117084 0.675934 0.022295 0.178560
2 2 0.008139 0.137324 0.611102 0.022428 0.221006
2 2 0.005540 0.113951 0.695434 0.020131 0.164944
2 2 0.001399 0.044999 0.852408 0.076675 0.024519
2 2 0.000702 0.029279 0.850003 0.107252 0.012764
2 2 0.000464 0.018778 0.762011 0.212901 0.005846
2 2 0.000308 0.015982 0.818130 0.161537 0.004043
2 2 0.000731 0.021031 0.739526 0.229076 0.009636
2 2 0.000983 0.028372 0.801072 0.151397 0.018176
2 2 0.000942 0.022104 0.662000 0.305514 0.009441
2 2 0.000665 0.014475 0.557550 0.420018 0.007293
2 2 0.001188 0.023214 0.663087 0.297653 0.014857
2 2 0.001688 0.023702 0.552686 0.406075 0.015849
2 2 0.002064 0.022353 0.490502 0.472456 0.012624
2 2 0.005590 0.039986 0.529680 0.397411 0.027334
2 2 0.002737 0.026889 0.554398 0.402443 0.013533
3 2 0.007832 0.037471 0.364029 0.535479 0.055189
2 2 0.008963 0.064617 0.514330 0.282324 0.129765
2 2 0.006190 0.051171 0.482885 0.391305 0.068450
2 2 0.007891 0.075101 0.627855 0.212212 0.076940
2 2 0.002346 0.041354 0.650666 0.273837 0.031796
2 2 0.003529 0.054862 0.647399 0.234958 0.059252
2 2 0.002716 0.032313 0.472177 0.471108 0.021686
3 2 0.004032 0.027100 0.337647 0.605382 0.025839
3 2 0.001274 0.012531 0.306310 0.671660 0.008226
3 2 0.001101 0.013130 0.351715 0.626415 0.007639
2 2 0.003240 0.034161 0.573828 0.368961 0.019810
2 2 0.001861 0.028596 0.602868 0.347681 0.018995
2 2 0.001097 0.030218 0.749482 0.199907 0.019297
2 2 0.001552 0.028689 0.614849 0.335407 0.019502
3 2 0.000495 0.012781 0.488024 0.491742 0.006958
2 2 0.001182 0.017327 0.577400 0.398736 0.005355
2 2 0.004351 0.021056 0.557511 0.411020 0.006062
2 2 0.003670 0.025502 0.780156 0.186533 0.004140
3 2 0.004599 0.020740 0.474756 0.493354 0.006551
2 2 0.011890 0.038058 0.500559 0.435418 0.014075
3 2 0.004686 0.025914 0.379052 0.564045 0.026302
2 4 0.007116 0.092424 0.736367 0.080411 0.083681
2 4 0.015300 0.176408 0.405085 0.010624 0.392583
4 4 0.013781 0.136428 0.123843 0.000994 0.724954
4 4 0.014878 0.125486 0.109790 0.001225 0.748621
4 4 0.016353 0.105802 0.084434 0.001215 0.792196
4 4 0.019006 0.135956 0.117885 0.001586 0.725566
4 4 0.036575 0.150232 0.115463 0.001646 0.696084
4 4 0.090719 0.287520 0.278083 0.007316 0.336362
4 4 0.192513 0.258949 0.222487 0.023027 0.303024
1 4 0.218632 0.266127 0.237708 0.032284 0.245249
4 0 0.199796 0.251318 0.210794 0.023530 0.314561
4 1 0.233245 0.189876 0.132146 0.022582 0.422151
4 1 0.051137 0.094548 0.054928 0.001353 0.798035
4 2 0.038919 0.086987 0.052537 0.001410 0.820147
4 2 0.028878 0.110693 0.080576 0.001847 0.778006
4 2 0.013673 0.148442 0.147244 0.001881 0.688760
4 2 0.009146 0.124597 0.154088 0.002216 0.709953
4 4 0.008647 0.062103 0.051202 0.000882 0.877166
4 4 0.007810 0.045692 0.030964 0.000733 0.914801
4 4 0.006981 0.041533 0.027112 0.000489 0.923886
4 4 0.004042 0.029205 0.018957 0.000245 0.947551
4 4 0.003858 0.026300 0.018342 0.000327 0.951173
4 4 0.004556 0.024349 0.016756 0.000279 0.954059
4 4 0.003255 0.016326 0.011056 0.000130 0.969234
4 4 0.011941 0.023384 0.016176 0.000343 0.948156
4 4 0.015306 0.023865 0.015578 0.000260 0.944990
4 4 0.023499 0.037057 0.020605 0.000202 0.918636
4 4 0.012979 0.041946 0.021588 0.000129 0.923359
4 4 0.014735 0.047027 0.024517 0.000171 0.913550
4 4 0.016022 0.060773 0.038785 0.000919 0.883501
4 4 0.008672 0.046667 0.030745 0.000649 0.913268
4 4 0.003501 0.031534 0.021904 0.000407 0.942654
4 4 0.002566 0.025358 0.018242 0.000342 0.953493
4 4 0.002913 0.024758 0.017241 0.000277 0.954811
4 4 0.002163 0.018484 0.012680 0.000153 0.966520
4 4 0.002938 0.018923 0.012947 0.000168 0.965025
4 4 0.005305 0.023162 0.015575 0.000233 0.955726
4 4 0.006151 0.025297 0.017417 0.000318 0.950817
4 4 0.006220 0.024499 0.015199 0.000158 0.953923
4 4 0.003227 0.023489 0.015358 0.000177 0.957750
4 4 0.003239 0.027040 0.018047 0.000248 0.951426
4 4 0.006686 0.040660 0.026543 0.000469 0.925642
4 4 0.015687 0.057145 0.034739 0.000612 0.891817
4 4 0.018470 0.059755 0.035180 0.000557 0.886037
4 4 0.009505 0.045572 0.028162 0.000428 0.916333
4 4 0.011346 0.038083 0.023247 0.000316 0.927008
4 4 0.014689 0.033022 0.019209 0.000201 0.932879
4 4 0.039619 0.048660 0.026735 0.000321 0.884665
4 4 0.020705 0.041357 0.021770 0.000163 0.916005
4 4 0.029722 0.065787 0.036262 0.000480 0.867750
4 4 0.007864 0.040128 0.024033 0.000277 0.927698
4 4 0.008140 0.037939 0.021244 0.000168 0.932508
4 4 0.003622 0.028248 0.017473 0.000168 0.950490
4 4 0.003814 0.025131 0.014710 0.000101 0.956245
4 4 0.002031 0.018548 0.011426 0.000077 0.967918
4 4 0.002981 0.021193 0.012760 0.000089 0.962978
4 4 0.008629 0.034946 0.019549 0.000150 0.936725
4 4 0.015937 0.051835 0.028551 0.000285 0.903392
4 4 0.035914 0.077986 0.043885 0.000745 0.841470
4 4 0.013853 0.080180 0.057939 0.000770 0.847258
4 4 0.010980 0.047613 0.028697 0.000404 0.912305
4 4 0.009447 0.045441 0.028084 0.000426 0.916602
4 4 0.006818 0.042365 0.028475 0.000602 0.921740
4 4 0.008894 0.045243 0.028626 0.000483 0.916754
4 4 0.015072 0.077881 0.053295 0.000578 0.853175
4 4 0.016341 0.142639 0.125317 0.000903 0.714799
4 4 0.014332 0.121839 0.105047 0.001049 0.757732
4 4 0.009520 0.067887 0.052465 0.001193 0.868936
4 4 0.007609 0.043705 0.028757 0.000566 0.919363
4 4 0.006142 0.037655 0.023806 0.000335 0.932063
4 4 0.010920 0.042403 0.023014 0.000175 0.923488
4 4 0.015463 0.065272 0.039208 0.000271 0.879786
4 4 0.018127 0.054403 0.029576 0.000291 0.897603
4 4 0.013444 0.188461 0.196792 0.000900 0.600403
4 4 0.015878 0.171591 0.163792 0.000862 0.647877
4 4 0.018430 0.179777 0.171131 0.001033 0.629629
4 4 0.017392 0.144376 0.124274 0.000801 0.713158
4 4 0.016384 0.069353 0.044342 0.000546 0.869375
4 4 0.009106 0.042921 0.025587 0.000308 0.922078
4 4 0.007025 0.035707 0.020224 0.000160 0.936884
4 4 0.008956 0.039266 0.021727 0.000168 0.929883
4 4 0.007236 0.038346 0.022997 0.000256 0.931165
4 4 0.008992 0.043359 0.026242 0.000343 0.921064
4 4 0.007091 0.040025 0.025071 0.000358 0.927455
4 4 0.010899 0.050009 0.031662 0.000592 0.906838
4 4 0.013038 0.109654 0.094304 0.001271 0.781733
4 4 0.012297 0.140218 0.131975 0.000942 0.714567
4 2 0.011598 0.163525 0.164530 0.000789 0.659558
4 2 0.013219 0.167424 0.168840 0.001083 0.649435
4 2 0.014684 0.198584 0.215414 0.001391 0.569926
4 2 0.017757 0.215354 0.303069 0.001259 0.462561
4 2 0.024796 0.159877 0.149260 0.000784 0.665283
2 2 0.006325 0.184267 0.454966 0.001676 0.352765
2 2 0.005848 0.178961 0.451291 0.000564 0.363336
4 2 0.009142 0.163603 0.288968 0.000555 0.537732
4 2 0.014649 0.169719 0.223175 0.000737 0.591720
4 2 0.016914 0.171473 0.177786 0.000706 0.633121
4 2 0.015640 0.164996 0.179670 0.000904 0.638790
4 2 0.010692 0.183639 0.294733 0.000742 0.510193
4 2 0.006794 0.159637 0.402816 0.001705 0.429048
4 2 0.008348 0.154193 0.366845 0.001426 0.469188
4 2 0.007702 0.151649 0.395837 0.001646 0.443166
4 2 0.010237 0.173375 0.322526 0.001338 0.492524
4 2 0.014441 0.198929 0.257981 0.000854 0.527795
2 2 0.009335 0.211446 0.418968 0.001195 0.359055
2 2 0.005260 0.164860 0.564883 0.001866 0.263132
2 2 0.002763 0.121276 0.656767 0.002258 0.216936
2 2 0.001925 0.103596 0.758603 0.003222 0.132653
2 2 0.001291 0.089217 0.811757 0.002434 0.095301
2 2 0.001194 0.079934 0.842555 0.004114 0.072203
2 2 0.001236 0.078966 0.841744 0.003481 0.074573
2 2 0.001452 0.085091 0.815675 0.004372 0.093410
2 2 0.001384 0.083180 0.807337 0.005541 0.102559
2 2 0.001414 0.076864 0.812802 0.012160 0.096760
2 2 0.001246 0.064520 0.824241 0.015073 0.094920
2 2 0.001061 0.065730 0.821818 0.010866 0.100524
2 2 0.002565 0.100420 0.700294 0.006232 0.190489
2 2 0.003919 0.124981 0.539307 0.003371 0.328423
2 2 0.004567 0.132743 0.566468 0.005969 0.290252
2 2 0.004856 0.135831 0.579155 0.007052 0.273105
2 2 0.001999 0.072712 0.875403 0.006514 0.043371
2 2 0.001419 0.047589 0.930886 0.007836 0.012269
2 2 0.004968 0.141483 0.643877 0.003657 0.206015
2 2 0.005792 0.152719 0.674336 0.003600 0.163554
2 2 0.004634 0.148439 0.590256 0.001228 0.255443
2 2 0.005630 0.156296 0.636443 0.002044 0.199587
2 2 0.005026 0.147929 0.667546 0.002001 0.177498
2 2 0.006620 0.140308 0.713314 0.004214 0.135544
2 2 0.003838 0.106997 0.753641 0.006006 0.129518
2 2 0.004111 0.108663 0.775267 0.006869 0.105090
2 2 0.003697 0.120937 0.714278 0.003850 0.157237
2 2 0.002947 0.131381 0.676959 0.001854 0.186859
2 2 0.002104 0.112440 0.708317 0.003159 0.173979
2 2 0.001270 0.083549 0.795489 0.003795 0.115897
2 2 0.001076 0.065553 0.831502 0.012702 0.089168
2 2 0.000852 0.054722 0.880456 0.015079 0.048891
2 2 0.001187 0.060306 0.862754 0.014689 0.061064
2 2 0.001226 0.065815 0.862466 0.008605 0.061887
2 2 0.001244 0.072770 0.843498 0.006620 0.075868
2 2 0.002161 0.093384 0.800104 0.013527 0.090825
2 2 0.006075 0.116295 0.673144 0.037364 0.167123
2 2 0.004921 0.094212 0.700145 0.051704 0.149018
2 2 0.004389 0.068008 0.604584 0.211568 0.111450
2 2 0.004521 0.074804 0.696402 0.103581 0.120693
2 2 0.003640 0.049614 0.644630 0.232499 0.069617
2 2 0.001513 0.031872 0.695747 0.248297 0.022570
2 2 0.001950 0.028622 0.644229 0.307710 0.017489
3 2 0.001545 0.020229 0.480923 0.484213 0.013090
3 2 0.001364 0.009569 0.219377 0.761128 0.008563
3 2 0.003848 0.016336 0.176452 0.784264 0.019099
3 2 0.005440 0.020421 0.200449 0.746330 0.027361
3 3 0.011026 0.042777 0.302350 0.562089 0.081758
3 3 0.002000 0.010222 0.172057 0.804621 0.011100
3 3 0.001351 0.008856 0.155365 0.824830 0.009596
3 3 0.003523 0.010658 0.106592 0.868667 0.010560
3 3 0.003727 0.012193 0.117294 0.854140 0.012646
3 3 0.001936 0.007201 0.090683 0.893075 0.007106
3 3 0.002753 0.011517 0.112012 0.858539 0.015179
3 3 0.003401 0.017648 0.190130 0.763028 0.025794
3 3 0.004481 0.022445 0.218128 0.722620 0.032326
3 3 0.002400 0.012974 0.187166 0.782010 0.015450
3 3 0.001686 0.008434 0.128172 0.852722 0.008987
3 3 0.000860 0.005352 0.125978 0.862359 0.005452
3 3 0.000789 0.003721 0.074563 0.917161 0.003766
3 3 0.001420 0.004767 0.065214 0.923572 0.005027
3 3 0.001203 0.004499 0.064199 0.925483 0.004616
3 3 0.001615 0.005315 0.067225 0.920712 0.005133
3 3 0.002735 0.009072 0.113568 0.865791 0.008834
3 3 0.002783 0.008078 0.088337 0.892962 0.007841
3 3 0.003234 0.006993 0.066064 0.917090 0.006619
3 3 0.001897 0.004034 0.042424 0.947909 0.003736
3 3 0.003566 0.004911 0.047437 0.939759 0.004327
3 3 0.003828 0.005222 0.060099 0.926355 0.004495
3 3 0.006339 0.009000 0.109574 0.867307 0.007781
3 3 0.006847 0.019067 0.226114 0.724633 0.023339
3 3 0.019138 0.056571 0.362488 0.455237 0.106566
3 3 0.007290 0.040069 0.277264 0.589214 0.086164
3 3 0.027383 0.073174 0.293810 0.454875 0.150759
3 3 0.015593 0.045066 0.263236 0.606758 0.069347
3 2 0.016653 0.031057 0.201800 0.714602 0.035889
3 2 0.011570 0.027799 0.193131 0.736158 0.031341
3 2 0.022929 0.072450 0.340667 0.429067 0.134886
2 2 0.005767 0.055500 0.534945 0.323938 0.079851
2 2 0.006791 0.059252 0.552516 0.279232 0.102209
2 2 0.005835 0.089218 0.591487 0.090471 0.222988
2 2 0.010057 0.121626 0.430386 0.024525 0.413405
2 2 0.019025 0.211523 0.481292 0.002857 0.285303
4 2 0.102254 0.277769 0.258168 0.008354 0.353454
2 1 0.048832 0.301824 0.327393 0.003107 0.318843
4 2 0.039325 0.252517 0.243913 0.001682 0.462563
4 2 0.006934 0.172439 0.334268 0.002224 0.484134
4 2 0.009990 0.161520 0.237545 0.002079 0.588865
4 4 0.016000 0.149468 0.143483 0.001992 0.689058
4 4 0.017999 0.104535 0.082556 0.001532 0.793377
4 4 0.015891 0.065286 0.043679 0.001173 0.873971
4 4 0.012680 0.050597 0.030228 0.000433 0.906062
4 4 0.022364 0.066437 0.039665 0.000750 0.870785
4 4 0.027848 0.075399 0.046038 0.001109 0.849605
4 4 0.022594 0.128231 0.104422 0.001682 0.743070
4 4 0.016069 0.110888 0.089980 0.001126 0.781938
4 4 0.014215 0.094716 0.073983 0.001014 0.816073
4 4 0.011961 0.055139 0.036674 0.000958 0.895268
4 4 0.015562 0.061344 0.040026 0.001064 0.882004
4 4 0.024621 0.068324 0.040115 0.000722 0.866219
4 4 0.052497 0.095884 0.055840 0.001415 0.794365
4 4 0.038037 0.182053 0.146676 0.001199 0.632035
4 4 0.054412 0.245685 0.223512 0.002642 0.473750
4 4 0.023188 0.207622 0.211614 0.002130 0.555446
4 4 0.018995 0.206944 0.226362 0.002705 0.544994
4 4 0.016435 0.160065 0.160636 0.002603 0.660261
4 4 0.011331 0.142529 0.145276 0.001794 0.699069
4 4 0.006569 0.044265 0.031524 0.000917 0.916725
4 4 0.024305 0.066896 0.039631 0.000737 0.868431
4 4 0.029048 0.075419 0.045193 0.000996 0.849344
4 4 0.023572 0.072080 0.045440 0.001215 0.857693
4 4 0.025334 0.077734 0.049192 0.001124 0.846616
4 4 0.020267 0.065505 0.040346 0.000872 0.873010
4 4 0.021725 0.065043 0.038558 0.000689 0.873985
4 4 0.011246 0.049013 0.031282 0.000609 0.907850
4 4 0.031217 0.068730 0.045205 0.001587 0.853260
4 4 0.020465 0.059731 0.035041 0.000559 0.884205
4 4 0.048130 0.091518 0.052873 0.001220 0.806258
4 1 0.051790 0.125551 0.081974 0.001551 0.739134
4 2 0.055758 0.201350 0.162715 0.002281 0.577897
4 4 0.019095 0.112356 0.090089 0.001571 0.776889
4 4 0.016924 0.064892 0.043000 0.001305 0.873879
4 4 0.014539 0.059328 0.038683 0.000990 0.886460
4 4 0.013909 0.049073 0.028996 0.000395 0.907627
4 4 0.022422 0.062817 0.035516 0.000489 0.878756
4 4 0.018283 0.057598 0.032906 0.000435 0.890779
4 4 0.018619 0.065312 0.041690 0.001065 0.873314
4 4 0.015181 0.053257 0.035667 0.001007 0.894888
4 4 0.020876 0.045033 0.030901 0.000987 0.902202
4 4 0.041826 0.046214 0.031300 0.001131 0.879529
4 4 0.054026 0.051346 0.033277 0.001075 0.860275
4 4 0.018918 0.028492 0.016577 0.000172 0.935841
4 4 0.026002 0.046937 0.027025 0.000367 0.899669
4 4 0.026986 0.060421 0.032965 0.000385 0.879243
4 4 0.028433 0.068460 0.037743 0.000504 0.864859
4 4 0.054216 0.101273 0.060069 0.001517 0.782925
4 4 0.011778 0.055711 0.037682 0.001078 0.893751
4 4 0.005657 0.037369 0.024482 0.000406 0.932085
4 4 0.020501 0.032931 0.021989 0.000519 0.924059
4 4 0.013179 0.027183 0.018773 0.000434 0.940431
4 4 0.019050 0.028917 0.019338 0.000425 0.932271
4 4 0.025747 0.033324 0.020167 0.000301 0.920462
4 4 0.034142 0.031630 0.018050 0.000207 0.915971
4 4 0.016674 0.028719 0.015852 0.000121 0.938634
4 4 0.021188 0.044399 0.026484 0.000401 0.907529
4 4 0.016161 0.049472 0.027879 0.000308 0.906180
4 4 0.025797 0.068657 0.039654 0.000663 0.865230
4 4 0.011451 0.047721 0.028277 0.000368 0.912184
4 4 0.006690 0.032158 0.019694 0.000221 0.941237
4 4 0.008952 0.027227 0.017348 0.000238 0.946234
4 4 0.009868 0.027212 0.017660 0.000274 0.944986
4 4 0.012571 0.032435 0.021818 0.000471 0.932706
4 4 0.008740 0.031591 0.020463 0.000327 0.938879
4 4 0.006901 0.026896 0.017338 0.000236 0.948628
4 4 0.005175 0.021097 0.013550 0.000151 0.960028
4 4 0.006831 0.021015 0.013580 0.000167 0.958407
4 4 0.006876 0.020380 0.011907 0.000085 0.960753
4 4 0.005698 0.019628 0.011113 0.000063 0.963498
4 4 0.006058 0.028922 0.016936 0.000139 0.947944
4 4 0.008894 0.035894 0.019763 0.000142 0.935306
4 4 0.016810 0.053683 0.029824 0.000321 0.899362
4 4 0.035250 0.077184 0.043362 0.000722 0.843482
4 4 0.028563 0.101603 0.066071 0.000648 0.803115
4 4 0.024885 0.092525 0.059677 0.000592 0.822321
4 4 0.014242 0.065170 0.044110 0.000966 0.875511
4 4 0.010096 0.051813 0.035119 0.000943 0.902029
4 4 0.016943 0.065786 0.044146 0.001444 0.871681
4 1 0.022182 0.067564 0.041142 0.000870 0.868241
4 1 0.010611 0.052063 0.034651 0.000857 0.901818
4 4 0.010099 0.047545 0.029731 0.000498 0.912127
4 4 0.010270 0.061504 0.043449 0.000766 0.884010
4 4 0.011434 0.089346 0.072964 0.001177 0.825078
4 4 0.009211 0.058721 0.042778 0.000992 0.888298
4 4 0.010296 0.052438 0.035625 0.000979 0.900662
