0 0 0.571899 0.156830 0.070699 0.010270 0.190302
0 0 0.722173 0.106100 0.048820 0.010463 0.112445
4 0 0.302537 0.099261 0.118376 0.047747 0.432079
4 0 0.158640 0.086580 0.110967 0.036172 0.607640
4 0 0.082105 0.073051 0.127037 0.049454 0.668352
4 0 0.058158 0.058192 0.109225 0.046728 0.727697
4 0 0.038968 0.029073 0.090871 0.086177 0.754910
4 0 0.031099 0.018443 0.055545 0.050939 0.843974
4 0 0.019243 0.007766 0.026566 0.028427 0.917999
4 0 0.025682 0.013573 0.058288 0.078969 0.823489
4 1 0.048635 0.031643 0.092121 0.073707 0.753894
4 1 0.114465 0.077631 0.099043 0.030411 0.678451
4 2 0.161096 0.076159 0.137686 0.086834 0.538224
0 2 0.402516 0.092862 0.130843 0.098439 0.275341
0 2 0.412187 0.110755 0.083087 0.022414 0.371557
0 2 0.265222 0.156906 0.215293 0.107813 0.254766
0 2 0.345309 0.240075 0.274383 0.076001 0.064232
2 2 0.239040 0.197879 0.525130 0.028970 0.008981
2 2 0.256595 0.188854 0.531038 0.017392 0.006121
2 2 0.261254 0.182059 0.526869 0.023813 0.006006
2 2 0.236181 0.174325 0.526142 0.054094 0.009256
2 2 0.121179 0.178252 0.648690 0.038343 0.013537
2 2 0.085301 0.144830 0.641939 0.097011 0.030920
2 2 0.180956 0.187904 0.459840 0.081599 0.089701
0 1 0.482711 0.117544 0.150206 0.106906 0.142633
0 1 0.533921 0.124444 0.125077 0.067438 0.149120
0 1 0.609156 0.070792 0.040856 0.010609 0.268588
4 1 0.310255 0.060837 0.052497 0.016497 0.559914
0 0 0.564815 0.053752 0.048362 0.026580 0.306492
3 0 0.353118 0.033000 0.100491 0.486619 0.026771
0 1 0.939745 0.017159 0.007478 0.003741 0.031877
0 1 0.957931 0.013287 0.005427 0.002938 0.020416
0 0 0.862249 0.055051 0.016004 0.002381 0.064315
4 0 0.027847 0.014319 0.024491 0.009207 0.924135
4 0 0.021986 0.009641 0.024112 0.016911 0.927351
4 0 0.012538 0.003772 0.019140 0.038778 0.925771
4 1 0.015912 0.006352 0.046930 0.154195 0.776611
3 1 0.010884 0.006596 0.085423 0.608079 0.289018
4 1 0.027176 0.019791 0.117557 0.286680 0.548796
4 2 0.036162 0.035301 0.169852 0.285584 0.473101
3 2 0.028725 0.030160 0.186271 0.417425 0.337419
3 2 0.033392 0.045686 0.242608 0.382768 0.295545
2 2 0.012849 0.054012 0.590761 0.266522 0.075856
2 2 0.012913 0.078786 0.716535 0.127141 0.064625
2 2 0.013388 0.080907 0.714268 0.128155 0.063282
2 2 0.011071 0.077539 0.798338 0.088816 0.024236
2 2 0.003391 0.033856 0.808563 0.139496 0.014694
2 2 0.004765 0.032791 0.705234 0.234227 0.022982
3 2 0.003221 0.014603 0.461922 0.502151 0.018103
3 2 0.003052 0.010304 0.318233 0.651021 0.017390
3 2 0.003158 0.006233 0.159429 0.810218 0.020962
3 2 0.000673 0.001529 0.104193 0.888582 0.005023
3 2 0.001234 0.001944 0.074079 0.914524 0.008219
3 2 0.001122 0.001607 0.063348 0.925701 0.008221
3 3 0.000646 0.000914 0.048223 0.945406 0.004811
3 3 0.000501 0.000653 0.039433 0.955215 0.004199
3 3 0.000609 0.000831 0.045266 0.948513 0.004781
3 3 0.001344 0.001747 0.062619 0.922893 0.011398
3 3 0.000780 0.001002 0.047946 0.943561 0.006711
3 3 0.000825 0.001088 0.050523 0.940742 0.006823
3 3 0.001131 0.001579 0.062012 0.926677 0.008602
3 3 0.000610 0.000821 0.044668 0.949014 0.004888
3 3 0.000519 0.000649 0.038461 0.955732 0.004638
3 3 0.000473 0.000541 0.033675 0.960484 0.004827
3 3 0.000452 0.000474 0.030156 0.963642 0.005276
3 3 0.000589 0.000640 0.035481 0.956765 0.006525
3 3 0.000902 0.001200 0.053150 0.937368 0.007379
3 3 0.001164 0.001616 0.062680 0.925988 0.008551
3 3 0.001079 0.001627 0.065451 0.924533 0.007309
3 3 0.001118 0.001553 0.061339 0.927411 0.008579
3 3 0.000702 0.000845 0.042705 0.949075 0.006674
3 3 0.000298 0.000318 0.025112 0.970894 0.003379
3 3 0.000424 0.000450 0.029598 0.964666 0.004863
3 3 0.001188 0.001382 0.052927 0.932590 0.011913
3 3 0.001378 0.001565 0.056342 0.929512 0.011203
3 3 0.002270 0.002560 0.069271 0.901965 0.023934
3 3 0.001087 0.001120 0.044972 0.939727 0.013093
3 3 0.000704 0.000753 0.038012 0.952531 0.008000
3 3 0.000406 0.000422 0.028436 0.965955 0.004781
3 3 0.000522 0.000564 0.033341 0.959761 0.005812
3 3 0.000440 0.000411 0.026509 0.966535 0.006106
3 3 0.000605 0.000582 0.031788 0.958961 0.008064
3 3 0.000685 0.000667 0.034175 0.955531 0.008941
3 3 0.001121 0.001142 0.045101 0.938894 0.013742
3 3 0.000768 0.000773 0.037268 0.951622 0.009569
3 3 0.000897 0.000827 0.036766 0.948780 0.012730
3 3 0.001118 0.001071 0.042370 0.940413 0.015027
3 3 0.000511 0.000518 0.030940 0.961754 0.006277
3 3 0.001379 0.001478 0.052317 0.929172 0.015653
3 3 0.001919 0.002231 0.066102 0.910443 0.019306
3 3 0.001020 0.001081 0.044897 0.941248 0.011754
3 3 0.001128 0.001189 0.046818 0.937751 0.013114
3 3 0.001286 0.001493 0.054816 0.929454 0.012950
3 3 0.000747 0.000723 0.035376 0.953295 0.009859
3 3 0.000648 0.000691 0.036468 0.954826 0.007367
3 3 0.000551 0.000581 0.033334 0.959152 0.006383
3 3 0.000939 0.000980 0.042524 0.944475 0.011082
3 3 0.001059 0.001117 0.045507 0.940036 0.012282
3 3 0.002333 0.002527 0.068514 0.905776 0.020850
3 3 0.002719 0.001695 0.049062 0.939437 0.007087
3 3 0.006522 0.002408 0.051394 0.936040 0.003636
3 2 0.034044 0.010370 0.099768 0.845768 0.010051
3 1 0.078354 0.040744 0.217685 0.613850 0.049367
0 2 0.510228 0.134669 0.158050 0.103111 0.093941
0 2 0.428560 0.124173 0.141386 0.074704 0.231177
0 1 0.496428 0.064470 0.131566 0.263577 0.043959
3 1 0.280755 0.038954 0.135779 0.524063 0.020449
0 1 0.431001 0.048679 0.128299 0.340659 0.051362
3 1 0.177348 0.024233 0.121895 0.634315 0.042209
3 2 0.142228 0.038110 0.171692 0.418273 0.229697
4 2 0.105272 0.069210 0.183037 0.154831 0.487649
4 2 0.047759 0.070678 0.264538 0.279663 0.337363
3 2 0.040905 0.081575 0.326886 0.331648 0.218986
2 2 0.035494 0.081751 0.379245 0.285514 0.217996
2 2 0.041030 0.122980 0.458084 0.141388 0.236518
2 2 0.026727 0.120270 0.603667 0.088687 0.160649
2 2 0.040685 0.134550 0.477506 0.076446 0.270814
2 2 0.047643 0.134280 0.418618 0.087128 0.312332
3 2 0.019634 0.027541 0.209634 0.578250 0.164940
3 2 0.016269 0.020307 0.169744 0.644438 0.149242
2 2 0.026406 0.062928 0.418454 0.306647 0.185564
2 2 0.024207 0.073873 0.491131 0.263068 0.147720
2 2 0.045235 0.121938 0.419828 0.139450 0.273549
2 2 0.037110 0.072746 0.338717 0.268295 0.283132
4 2 0.045782 0.082314 0.309361 0.227424 0.335120
4 2 0.075191 0.106479 0.179684 0.071776 0.566871
2 2 0.052672 0.125180 0.374669 0.133453 0.314026
2 2 0.018872 0.054562 0.453883 0.357154 0.115528
3 2 0.025373 0.052411 0.346113 0.397246 0.178857
3 2 0.015202 0.019741 0.173117 0.660655 0.131285
4 2 0.042443 0.045376 0.173490 0.250081 0.488609
4 2 0.046151 0.048394 0.163340 0.196181 0.545934
3 2 0.028470 0.035799 0.207881 0.455756 0.272094
4 2 0.037306 0.044767 0.199489 0.355544 0.362894
3 2 0.013537 0.033732 0.388729 0.450015 0.113987
2 2 0.009767 0.030646 0.460091 0.420512 0.078984
3 2 0.008515 0.024495 0.394497 0.510408 0.062085
3 2 0.013863 0.030513 0.327805 0.526209 0.101611
3 2 0.009261 0.014800 0.198078 0.696412 0.081449
3 2 0.011686 0.019938 0.240834 0.614906 0.112637
3 2 0.019117 0.028997 0.231085 0.549164 0.171637
3 2 0.031996 0.055416 0.307951 0.324890 0.279748
2 2 0.021737 0.050650 0.390840 0.376507 0.160266
3 2 0.009072 0.028260 0.424648 0.480347 0.057672
3 2 0.005472 0.009526 0.168757 0.778508 0.037737
3 2 0.002438 0.004227 0.120527 0.855353 0.017455
3 2 0.005240 0.010780 0.208327 0.741032 0.034621
3 2 0.005010 0.014110 0.321078 0.624646 0.035156
3 2 0.004030 0.015114 0.420588 0.532941 0.027328
3 2 0.003452 0.011855 0.362708 0.597790 0.024195
3 2 0.008815 0.020382 0.295259 0.617841 0.057702
3 2 0.003151 0.013198 0.421896 0.543624 0.018131
3 2 0.010119 0.032394 0.440748 0.457750 0.058988
2 2 0.013703 0.057476 0.584625 0.272288 0.071908
2 2 0.005792 0.027753 0.582494 0.347911 0.036050
2 2 0.007046 0.027344 0.503209 0.417262 0.045139
3 2 0.005632 0.015534 0.331674 0.605089 0.042071
3 2 0.004051 0.005455 0.106909 0.850772 0.032813
3 2 0.001803 0.002215 0.067829 0.911454 0.016699
3 2 0.001775 0.002087 0.064488 0.914095 0.017554
3 2 0.001578 0.002103 0.069127 0.914275 0.012918
3 2 0.003437 0.004876 0.104656 0.861317 0.025713
3 2 0.001843 0.002633 0.079532 0.902404 0.013588
3 2 0.002320 0.003117 0.083172 0.892596 0.018795
3 2 0.002130 0.002587 0.072406 0.902787 0.020090
3 2 0.002260 0.002891 0.078301 0.896825 0.019722
3 2 0.001562 0.002060 0.068092 0.915294 0.012992
3 2 0.000920 0.001109 0.048651 0.940598 0.008722
3 3 0.000622 0.000801 0.043166 0.950076 0.005334
3 3 0.000478 0.000604 0.037346 0.957357 0.004214
3 3 0.000668 0.000903 0.046837 0.946266 0.005326
3 3 0.001550 0.002075 0.068881 0.914902 0.012592
3 3 0.000884 0.001118 0.050040 0.940147 0.007811
3 3 0.000997 0.001209 0.050821 0.937592 0.009381
3 3 0.002649 0.003136 0.077951 0.890271 0.025993
3 3 0.003408 0.004013 0.086802 0.872018 0.033759
3 3 0.002015 0.001921 0.055420 0.913268 0.027375
3 3 0.001541 0.001515 0.050537 0.926482 0.019926
3 3 0.001276 0.001200 0.044267 0.935633 0.017624
3 3 0.001009 0.001018 0.042512 0.942935 0.012527
3 3 0.001296 0.001320 0.048293 0.933213 0.015878
3 3 0.001102 0.001173 0.046749 0.938333 0.012643
3 3 0.001076 0.001057 0.042702 0.941275 0.013890
3 3 0.001785 0.001838 0.057015 0.917804 0.021557
3 3 0.001921 0.001988 0.058873 0.914169 0.023050
3 3 0.001432 0.001765 0.061197 0.922440 0.013165
3 3 0.000755 0.000761 0.037052 0.952069 0.009362
3 3 0.001592 0.001574 0.051572 0.924813 0.020449
3 3 0.001013 0.000961 0.040056 0.944162 0.013808
3 3 0.000720 0.000650 0.032447 0.955659 0.010524
3 3 0.000840 0.000792 0.036431 0.950404 0.011534
3 3 0.000856 0.000734 0.033411 0.951416 0.013582
3 3 0.000448 0.000371 0.023704 0.968030 0.007447
3 3 0.000699 0.000645 0.032678 0.956071 0.009907
3 3 0.001265 0.001154 0.042756 0.936541 0.018284
3 3 0.001332 0.001463 0.052743 0.929894 0.014568
3 3 0.000977 0.001138 0.048375 0.939757 0.009753
3 3 0.001193 0.001506 0.057527 0.929206 0.010569
3 3 0.001663 0.001945 0.062259 0.917576 0.016558
3 3 0.000795 0.000888 0.042059 0.947796 0.008461
3 3 0.000412 0.000414 0.027672 0.966396 0.005106
3 3 0.000569 0.000561 0.031700 0.959900 0.007271
3 3 0.000535 0.000526 0.030678 0.961384 0.006877
3 3 0.000523 0.000447 0.026331 0.964395 0.008304
3 3 0.000892 0.000766 0.034124 0.950102 0.014116
3 3 0.001132 0.000937 0.036768 0.942193 0.018971
3 3 0.001299 0.001040 0.037915 0.936830 0.022916
3 3 0.001668 0.001626 0.051952 0.922868 0.021887
3 3 0.000742 0.000739 0.036276 0.952857 0.009387
3 3 0.000553 0.000580 0.033260 0.959160 0.006446
3 3 0.000909 0.000869 0.038336 0.947650 0.012236
3 3 0.001144 0.001130 0.044165 0.938881 0.014680
3 3 0.000636 0.000595 0.031664 0.958282 0.008824
3 3 0.000855 0.000838 0.038192 0.949041 0.011075
3 3 0.001280 0.001276 0.046978 0.934248 0.016218
3 3 0.000756 0.000785 0.038187 0.951297 0.008974
3 3 0.000767 0.000764 0.036855 0.951909 0.009705
3 3 0.001641 0.001116 0.039584 0.948152 0.009508
3 3 0.000988 0.000775 0.034240 0.954738 0.009259
3 3 0.003893 0.002654 0.063067 0.910668 0.019719
3 3 0.001643 0.001578 0.051599 0.927193 0.017987
3 3 0.001275 0.001249 0.046188 0.935263 0.016026
3 3 0.000987 0.000973 0.041131 0.944237 0.012672
3 3 0.000882 0.000825 0.036985 0.949050 0.012259
3 3 0.000885 0.000871 0.038993 0.947848 0.011403
3 3 0.000577 0.000556 0.031159 0.960066 0.007642
3 3 0.000626 0.000628 0.033728 0.957198 0.007819
3 3 0.001032 0.001007 0.041553 0.942917 0.013490
3 3 0.001418 0.001266 0.044119 0.931994 0.021203
3 3 0.001724 0.001646 0.051676 0.921618 0.023335
3 3 0.001433 0.001215 0.042955 0.936886 0.017511
3 3 0.000829 0.000905 0.041947 0.947198 0.009121
3 3 0.000814 0.000874 0.040918 0.948216 0.009178
3 3 0.000873 0.001002 0.045207 0.944014 0.008904
3 3 0.002354 0.002476 0.070409 0.914273 0.010488
3 2 0.006203 0.007863 0.127252 0.828993 0.029690
3 2 0.024914 0.030703 0.238979 0.654662 0.050742
3 2 0.038211 0.046022 0.268748 0.590477 0.056542
3 2 0.037702 0.059243 0.303858 0.494756 0.104441
3 2 0.028372 0.049370 0.272132 0.491714 0.158412
2 2 0.038974 0.213726 0.559862 0.037974 0.149463
2 2 0.040483 0.227504 0.542889 0.026707 0.162417
2 2 0.041914 0.227021 0.535750 0.029621 0.165693
2 2 0.059693 0.250696 0.428060 0.029148 0.232404
2 2 0.029417 0.183125 0.628111 0.049910 0.109436
2 2 0.016511 0.120467 0.723577 0.083749 0.055696
2 2 0.010511 0.094981 0.784345 0.073146 0.037018
2 2 0.020389 0.100139 0.637535 0.147987 0.093950
2 2 0.019478 0.067916 0.529361 0.272715 0.110530
4 4 0.048606 0.076756 0.264124 0.222907 0.387607
4 4 0.068148 0.085938 0.160618 0.075411 0.609884
4 4 0.067442 0.086168 0.168443 0.085353 0.592593
4 4 0.071562 0.089574 0.142378 0.050931 0.645555
4 4 0.070679 0.092637 0.161429 0.064608 0.610647
4 4 0.069588 0.082579 0.126871 0.042685 0.678277
4 4 0.068646 0.085818 0.149031 0.058636 0.637869
4 4 0.061982 0.071556 0.149703 0.084286 0.632472
4 4 0.059229 0.064795 0.139586 0.082176 0.654214
4 4 0.057053 0.059817 0.131852 0.080382 0.670896
4 4 0.054839 0.052068 0.100596 0.048777 0.743720
4 4 0.057011 0.054892 0.094407 0.037717 0.755974
4 4 0.065524 0.073755 0.122744 0.047007 0.690969
4 4 0.070640 0.084087 0.122660 0.037844 0.684768
4 4 0.074817 0.096662 0.141189 0.043951 0.643381
4 4 0.079046 0.122649 0.169116 0.037270 0.591919
4 4 0.081296 0.111915 0.138641 0.032923 0.635225
4 4 0.076674 0.128979 0.157057 0.019105 0.618185
4 4 0.083932 0.093871 0.060028 0.004799 0.757370
4 4 0.168346 0.158316 0.043607 0.001100 0.628631
4 4 0.185849 0.258037 0.082039 0.002601 0.471474
4 4 0.019795 0.008171 0.026633 0.028961 0.916441
4 4 0.021525 0.009202 0.019455 0.010277 0.939541
4 4 0.029329 0.015563 0.022277 0.006231 0.926600
4 4 0.047787 0.037930 0.057438 0.018250 0.838595
4 4 0.061559 0.062692 0.094824 0.030691 0.750234
4 4 0.072866 0.087917 0.116919 0.030931 0.691368
4 4 0.084575 0.116515 0.120029 0.020929 0.657952
4 4 0.063898 0.066597 0.092162 0.025750 0.751593
4 4 0.051758 0.043990 0.063971 0.019099 0.821182
4 4 0.042069 0.030395 0.054742 0.023076 0.849717
4 4 0.038559 0.026585 0.060218 0.037127 0.837511
4 4 0.026815 0.013638 0.031275 0.019200 0.909072
4 4 0.029936 0.016432 0.032564 0.015752 0.905315
4 4 0.039566 0.026640 0.039256 0.011756 0.882781
4 4 0.044566 0.032595 0.037897 0.007683 0.877259
4 4 0.049286 0.041310 0.075302 0.032787 0.801315
4 4 0.044242 0.033546 0.061877 0.027256 0.833078
4 4 0.047522 0.038135 0.065754 0.025990 0.822598
4 4 0.063787 0.065609 0.085177 0.021361 0.764065
4 4 0.064964 0.066751 0.075703 0.015137 0.777445
4 4 0.057814 0.053076 0.060861 0.012282 0.815967
4 4 0.055384 0.049705 0.066929 0.017645 0.810338
4 4 0.049327 0.040375 0.062150 0.020347 0.827801
4 4 0.060324 0.059474 0.085073 0.025011 0.770118
4 4 0.067597 0.073296 0.089808 0.020532 0.748767
4 2 0.054453 0.138356 0.327354 0.037320 0.442518
2 2 0.045143 0.142058 0.429230 0.048210 0.335359
2 2 0.047562 0.155620 0.427331 0.042647 0.326841
2 2 0.036940 0.139636 0.514631 0.057091 0.251702
2 2 0.038265 0.140496 0.506272 0.062919 0.252047
2 2 0.047763 0.220612 0.419235 0.009744 0.302645
2 2 0.050286 0.228441 0.399545 0.008764 0.312963
2 2 0.047813 0.212540 0.425237 0.012105 0.302304
2 2 0.039522 0.189679 0.496293 0.016863 0.257643
2 2 0.040364 0.161787 0.477083 0.026660 0.294106
2 2 0.042564 0.163367 0.454324 0.025297 0.314448
2 2 0.040623 0.157410 0.463368 0.025378 0.313221
2 2 0.048402 0.155232 0.388949 0.026758 0.380660
2 2 0.041132 0.155742 0.470831 0.032269 0.300026
2 2 0.038623 0.165079 0.513541 0.033387 0.249370
2 2 0.027247 0.124118 0.603156 0.072372 0.173107
2 2 0.018930 0.078039 0.603741 0.173638 0.125653
2 2 0.028934 0.084302 0.482687 0.185752 0.218325
2 2 0.029627 0.070063 0.410245 0.227472 0.262594
2 2 0.029672 0.081071 0.463383 0.163270 0.262603
2 2 0.023318 0.075850 0.537093 0.186269 0.177470
2 2 0.021253 0.112656 0.665376 0.076416 0.124298
2 2 0.010718 0.065722 0.719376 0.143901 0.060283
2 2 0.016393 0.081212 0.661411 0.141970 0.099014
2 2 0.030407 0.102118 0.523701 0.121173 0.222601
2 2 0.018522 0.057543 0.517288 0.254180 0.152466
3 2 0.015645 0.037122 0.382508 0.432418 0.132308
2 2 0.020394 0.051954 0.432867 0.314200 0.180585
3 2 0.016335 0.036562 0.357866 0.451462 0.137774
2 2 0.010216 0.035114 0.505802 0.367998 0.080869
2 2 0.010395 0.050242 0.645474 0.224854 0.069036
2 2 0.027439 0.082379 0.487061 0.208220 0.194901
4 1 0.050151 0.092584 0.303251 0.174778 0.379237
4 1 0.071738 0.094592 0.164403 0.068594 0.600673
4 2 0.072484 0.105415 0.199956 0.095791 0.526353
2 2 0.050247 0.242541 0.475923 0.024675 0.206614
2 2 0.057342 0.248797 0.436786 0.026640 0.230436
2 2 0.041526 0.226828 0.537945 0.029124 0.164577
2 2 0.031950 0.197979 0.609020 0.037852 0.123199
2 2 0.025582 0.152991 0.649122 0.063250 0.109055
2 2 0.017823 0.083534 0.628063 0.186819 0.083760
2 2 0.021707 0.105847 0.631704 0.143888 0.096853
2 2 0.009086 0.059429 0.720592 0.172190 0.038703
2 2 0.010663 0.079403 0.750280 0.121425 0.038228
2 2 0.018989 0.101708 0.715771 0.124518 0.039014
2 2 0.017318 0.106885 0.715196 0.110749 0.049852
2 2 0.013984 0.068732 0.629205 0.232559 0.055520
2 2 0.021704 0.104236 0.624213 0.165990 0.083857
2 2 0.015518 0.069467 0.600359 0.250247 0.064409
2 2 0.011885 0.052818 0.659026 0.248166 0.028104
2 1 0.010031 0.064917 0.714730 0.171079 0.039243
2 1 0.007786 0.069023 0.789777 0.106500 0.026913
2 2 0.050388 0.239325 0.482889 0.030491 0.196907
4 2 0.083954 0.127084 0.170534 0.046660 0.571768
4 2 0.095629 0.138943 0.139414 0.024132 0.601883
2 2 0.105479 0.285801 0.302228 0.019173 0.287319
2 2 0.050910 0.251544 0.502669 0.019575 0.175302
2 2 0.013483 0.127580 0.779877 0.032465 0.046594
2 2 0.014571 0.122167 0.752738 0.059118 0.051407
2 2 0.009994 0.096590 0.795186 0.061908 0.036322
2 2 0.025758 0.184516 0.654776 0.031337 0.103613
2 2 0.039946 0.213259 0.546673 0.031969 0.168152
2 2 0.022108 0.086856 0.565256 0.226341 0.099438
2 2 0.049870 0.179027 0.473847 0.078334 0.218922
2 2 0.087779 0.197320 0.481777 0.094257 0.138867
0 2 0.463914 0.207406 0.080625 0.007174 0.240882
0 2 0.690308 0.179527 0.043233 0.002837 0.084096
0 0 0.617925 0.214200 0.075792 0.008556 0.083526
0 1 0.447591 0.265209 0.117429 0.013252 0.156518
4 2 0.059228 0.055997 0.068055 0.015176 0.801545
2 2 0.062074 0.239508 0.363336 0.014570 0.320512
2 2 0.063795 0.279553 0.367174 0.011225 0.278253
2 2 0.029072 0.200148 0.624604 0.025206 0.120969
2 2 0.035204 0.205620 0.580160 0.030910 0.148107
2 2 0.040008 0.198335 0.542476 0.037724 0.181456
2 2 0.027240 0.188903 0.639680 0.027350 0.116826
2 2 0.034450 0.220982 0.580180 0.021474 0.142914
2 2 0.032413 0.215618 0.595781 0.021657 0.134530
2 2 0.039289 0.185865 0.549480 0.054103 0.171263
2 2 0.033522 0.130949 0.544922 0.114378 0.176229
2 2 0.025012 0.076558 0.479944 0.286776 0.131710
2 2 0.014960 0.062089 0.581309 0.266987 0.074655
2 2 0.020664 0.083116 0.576619 0.220115 0.099486
2 2 0.016585 0.064448 0.559595 0.275998 0.083375
2 2 0.011916 0.053703 0.602043 0.273048 0.059291
2 2 0.016503 0.080501 0.638939 0.190165 0.073892
2 2 0.014187 0.070564 0.643653 0.207379 0.064217
2 2 0.020749 0.085805 0.581881 0.220870 0.090696
2 2 0.023050 0.072608 0.481724 0.315692 0.106927
3 2 0.016731 0.048507 0.424672 0.431181 0.078909
2 2 0.013588 0.043187 0.445700 0.434229 0.063296
3 2 0.005750 0.022142 0.445701 0.497382 0.029026
2 2 0.004856 0.022928 0.518218 0.431134 0.022864
3 2 0.003345 0.016224 0.473934 0.491438 0.015058
2 2 0.001901 0.013168 0.579378 0.397010 0.008542
3 2 0.003563 0.015747 0.447034 0.516060 0.017596
3 2 0.008023 0.027819 0.429762 0.496242 0.038154
3 2 0.008559 0.024104 0.346075 0.579048 0.042215
3 2 0.009227 0.024790 0.342259 0.574366 0.049358
3 2 0.013835 0.028541 0.283202 0.594881 0.079540
3 2 0.015789 0.026505 0.230399 0.627018 0.100289
3 2 0.011621 0.017802 0.185779 0.706736 0.078063
3 2 0.006831 0.010571 0.152644 0.784928 0.045025
3 2 0.005184 0.008639 0.146038 0.809631 0.030509
3 2 0.006703 0.016372 0.259554 0.685926 0.031445
3 2 0.002933 0.006670 0.174256 0.800898 0.015242
3 2 0.002477 0.005890 0.176198 0.801963 0.013474
3 3 0.004439 0.009642 0.201135 0.759135 0.025648
3 3 0.005233 0.008763 0.148914 0.805595 0.031494
3 3 0.001867 0.002544 0.076394 0.904421 0.014774
3 3 0.002943 0.004137 0.096804 0.873813 0.022303
3 3 0.002200 0.003187 0.087407 0.891296 0.015910
3 3 0.002294 0.003702 0.098990 0.880926 0.014088
3 3 0.002009 0.003280 0.094238 0.888347 0.012126
3 3 0.002593 0.004155 0.103896 0.873247 0.016109
3 3 0.001232 0.001695 0.063585 0.923895 0.009593
3 3 0.001376 0.001678 0.059443 0.924657 0.012846
3 3 0.003370 0.004213 0.091641 0.870276 0.030500
3 3 0.004221 0.005710 0.109316 0.846773 0.033979
3 3 0.002376 0.003181 0.083797 0.891291 0.019354
3 3 0.000999 0.001208 0.050705 0.937645 0.009443
3 3 0.001417 0.001626 0.056721 0.925725 0.014511
3 3 0.000863 0.001080 0.049006 0.941322 0.007729
3 3 0.001425 0.001848 0.064188 0.920403 0.012137
3 3 0.000854 0.001017 0.046367 0.943502 0.008260
3 3 0.001597 0.001737 0.056839 0.922084 0.017743
3 3 0.001720 0.001839 0.057824 0.918992 0.019625
3 3 0.003969 0.003779 0.078546 0.882325 0.031381
3 3 0.005159 0.004289 0.081423 0.865861 0.043268
3 3 0.029717 0.016750 0.145794 0.708452 0.099288
3 3 0.006447 0.005901 0.098938 0.826638 0.062076
3 3 0.002107 0.002102 0.059202 0.909851 0.026739
3 3 0.001901 0.002101 0.062568 0.912772 0.020658
3 3 0.001382 0.001507 0.053264 0.928551 0.015296
3 3 0.001390 0.001452 0.051155 0.929582 0.016421
3 3 0.001902 0.001992 0.059325 0.914367 0.022414
3 3 0.001256 0.001378 0.051253 0.932359 0.013754
3 3 0.001832 0.001965 0.059706 0.915682 0.020816
3 3 0.001302 0.001469 0.053620 0.929947 0.013661
3 3 0.000735 0.000823 0.040640 0.950019 0.007783
3 3 0.000639 0.000646 0.034309 0.956518 0.007889
3 3 0.000427 0.000447 0.029308 0.964834 0.004984
3 3 0.000898 0.001055 0.046849 0.942337 0.008861
3 3 0.002040 0.002640 0.075580 0.902257 0.017483
3 3 0.002622 0.003372 0.084210 0.887090 0.022707
3 3 0.001377 0.001717 0.060778 0.923691 0.012437
3 3 0.001263 0.001447 0.053641 0.930677 0.012972
3 3 0.001656 0.001645 0.052786 0.922802 0.021110
3 3 0.001347 0.001198 0.042885 0.934295 0.020276
3 3 0.000893 0.000825 0.036749 0.948869 0.012663
3 3 0.002055 0.002170 0.061969 0.909880 0.023926
3 3 0.001503 0.001559 0.052677 0.926305 0.017956
3 3 0.000997 0.000976 0.041030 0.944042 0.012955
3 3 0.001309 0.001393 0.050667 0.931601 0.015031
3 3 0.001773 0.001837 0.056811 0.918358 0.021221
3 3 0.001592 0.001590 0.052091 0.924586 0.020141
3 3 0.002151 0.002386 0.066470 0.905735 0.023257
3 3 0.004984 0.006462 0.112654 0.833098 0.042803
3 3 0.034962 0.040781 0.265906 0.582010 0.076341
2 2 0.026660 0.101767 0.553871 0.193517 0.124185
2 1 0.028450 0.170172 0.639630 0.061181 0.100568
2 1 0.037506 0.199414 0.649598 0.031933 0.081549
2 2 0.064129 0.195511 0.382215 0.056059 0.302085
2 2 0.045808 0.171070 0.486437 0.066119 0.230566
2 2 0.063832 0.208381 0.385488 0.042517 0.299782
4 2 0.079816 0.197163 0.293184 0.047708 0.382128
4 2 0.082901 0.176351 0.258811 0.054469 0.427467
4 2 0.088141 0.177384 0.226086 0.041517 0.466872
4 2 0.076005 0.217581 0.305486 0.028069 0.372859
2 2 0.057170 0.260937 0.427287 0.019009 0.235597
2 2 0.060561 0.279001 0.382951 0.010716 0.266771
2 2 0.035678 0.242921 0.549425 0.011234 0.160742
2 2 0.037414 0.244319 0.539588 0.012258 0.166421
2 2 0.027915 0.178530 0.635041 0.034994 0.123520
2 2 0.045873 0.132834 0.436732 0.121373 0.263188
4 2 0.056837 0.088814 0.245582 0.149812 0.458955
4 4 0.049512 0.078901 0.263062 0.200196 0.408329
4 4 0.062337 0.092891 0.211593 0.091573 0.541606
4 4 0.068468 0.135589 0.237515 0.037927 0.520501
4 4 0.067633 0.102139 0.190998 0.058016 0.581215
4 4 0.073692 0.091368 0.126586 0.035946 0.672409
4 4 0.071981 0.082824 0.095306 0.019709 0.730180
4 4 0.067870 0.073463 0.086783 0.018659 0.753224
4 4 0.060955 0.059150 0.070681 0.015354 0.793860
4 4 0.053540 0.047071 0.069439 0.021294 0.808656
4 4 0.058056 0.053738 0.064175 0.013873 0.810159
4 4 0.079728 0.147292 0.142660 0.009615 0.620705
4 4 0.094943 0.137982 0.058422 0.002086 0.706567
4 4 0.107472 0.199052 0.117242 0.007303 0.568931
4 4 0.096242 0.239780 0.141285 0.003616 0.519076
2 4 0.068829 0.234052 0.348791 0.023380 0.324948
4 4 0.074122 0.095847 0.145079 0.047944 0.637008
4 4 0.068846 0.077480 0.103187 0.027208 0.723279
4 4 0.067632 0.071825 0.076453 0.013785 0.770306
4 4 0.080413 0.094670 0.045995 0.002248 0.776673
4 4 0.184425 0.168401 0.033137 0.000493 0.613544
0 4 0.541706 0.213086 0.032831 0.000685 0.211692
0 0 0.545270 0.241354 0.080894 0.006853 0.125628
0 0 0.519559 0.244204 0.108491 0.014717 0.113029
4 1 0.274456 0.225746 0.161294 0.027618 0.310887
2 1 0.061862 0.257940 0.445413 0.024645 0.210140
2 1 0.059499 0.247651 0.423285 0.026993 0.242571
2 2 0.066847 0.272718 0.365746 0.015540 0.279149
2 2 0.037648 0.238417 0.545879 0.015250 0.162806
2 2 0.017117 0.163504 0.726787 0.020377 0.072215
2 2 0.022145 0.175833 0.683161 0.026483 0.092378
2 2 0.021445 0.170819 0.691109 0.031330 0.085296
2 2 0.026991 0.162649 0.641402 0.056014 0.112943
2 2 0.027826 0.146776 0.622948 0.072810 0.129640
2 2 0.025467 0.099597 0.564713 0.168133 0.142090
2 2 0.024430 0.113501 0.614795 0.113700 0.133573
2 2 0.023117 0.130523 0.657889 0.070073 0.118399
2 2 0.018655 0.130876 0.708073 0.056321 0.086075
2 2 0.024038 0.147226 0.661114 0.051303 0.116319
2 2 0.015732 0.079939 0.662347 0.147967 0.094015
2 2 0.038342 0.273550 0.491557 0.004799 0.191752
2 2 0.045079 0.278511 0.453292 0.006103 0.217015
2 2 0.031293 0.240356 0.572913 0.008314 0.147123
2 2 0.034246 0.184941 0.572393 0.028594 0.179826
2 2 0.047638 0.153907 0.443194 0.062263 0.292998
4 2 0.063910 0.163115 0.310169 0.035653 0.427154
2 2 0.046020 0.168684 0.456790 0.038170 0.290336
2 2 0.050528 0.215158 0.440060 0.020043 0.274211
2 2 0.033917 0.190056 0.571615 0.023756 0.180656
2 2 0.019931 0.181687 0.689209 0.012791 0.096382
2 2 0.017118 0.158529 0.722395 0.016402 0.085556
2 2 0.041667 0.211051 0.507153 0.019407 0.220721
2 2 0.035162 0.203041 0.556577 0.018145 0.187076
2 2 0.032812 0.197434 0.570722 0.016552 0.182481
2 2 0.043455 0.207455 0.489982 0.019982 0.239125
4 2 0.061861 0.199446 0.345116 0.021320 0.372257
2 2 0.051643 0.141339 0.389541 0.067067 0.350410
2 2 0.053772 0.165817 0.393520 0.041606 0.345285
4 2 0.062631 0.180953 0.342262 0.032987 0.381168
2 2 0.045951 0.186008 0.471385 0.031711 0.264945
2 2 0.051123 0.191287 0.428767 0.028161 0.300663
2 2 0.060489 0.258974 0.370882 0.010936 0.298719
2 1 0.058973 0.283886 0.380896 0.008500 0.267746
2 1 0.046075 0.251076 0.490869 0.016806 0.195175
2 2 0.043574 0.222742 0.536470 0.036507 0.160707
2 2 0.045794 0.221941 0.619700 0.023579 0.088986
2 2 0.031806 0.232197 0.581162 0.011572 0.143263
2 2 0.035091 0.244637 0.549821 0.010097 0.160355
2 2 0.041395 0.240055 0.526061 0.018628 0.173860
2 2 0.047691 0.239777 0.495752 0.026600 0.190179
4 2 0.099857 0.273006 0.274615 0.021298 0.331223
2 2 0.067023 0.248707 0.429069 0.038155 0.217046
2 2 0.062665 0.271402 0.461453 0.015770 0.188709
2 2 0.054708 0.264420 0.433407 0.015458 0.232006
2 2 0.033465 0.226811 0.579401 0.016194 0.144130
2 2 0.020757 0.186808 0.686283 0.015303 0.090849
2 2 0.033455 0.220175 0.586151 0.020302 0.139917
2 2 0.036481 0.225506 0.565435 0.021629 0.150948
2 2 0.041546 0.233775 0.531881 0.023196 0.169602
2 2 0.037849 0.216870 0.564738 0.031822 0.148721
2 2 0.029765 0.201249 0.621440 0.027748 0.119797
2 2 0.018297 0.166014 0.716817 0.022892 0.075980
2 2 0.018353 0.167230 0.715787 0.022017 0.076612
2 2 0.025563 0.201130 0.646162 0.017585 0.109560
2 2 0.020240 0.176376 0.697388 0.021066 0.084931
2 2 0.016490 0.152209 0.735998 0.028919 0.066384
2 2 0.006354 0.081637 0.845902 0.042916 0.023191
2 2 0.011493 0.111355 0.783182 0.052343 0.041626
2 2 0.012146 0.123283 0.777673 0.040162 0.046736
2 2 0.007412 0.098997 0.834382 0.029604 0.029605
2 2 0.013186 0.138362 0.768849 0.025658 0.053945
2 2 0.036866 0.242616 0.544335 0.012463 0.163720
2 2 0.022751 0.195855 0.666697 0.014697 0.100000
2 2 0.024208 0.197038 0.657420 0.017178 0.104156
2 2 0.026541 0.206378 0.635957 0.016382 0.114741
2 2 0.033750 0.217707 0.586779 0.022643 0.139121
2 2 0.028432 0.185763 0.635723 0.041603 0.108479
2 2 0.035430 0.209126 0.582954 0.034503 0.137987
2 2 0.061227 0.183526 0.397868 0.077970 0.279409
4 2 0.081324 0.273014 0.298594 0.016558 0.330510
2 2 0.016659 0.152762 0.734409 0.029193 0.066977
2 2 0.017356 0.150986 0.727996 0.035788 0.067874
2 2 0.014737 0.132142 0.750656 0.044932 0.057533
2 2 0.011826 0.109178 0.777072 0.050396 0.051528
2 2 0.020596 0.172774 0.696826 0.025617 0.084187
2 2 0.017998 0.167299 0.718300 0.020594 0.075810
2 2 0.014051 0.144482 0.759473 0.023976 0.058018
2 2 0.018411 0.165004 0.716419 0.024333 0.075832
2 2 0.015672 0.140634 0.744387 0.039039 0.060269
2 2 0.035040 0.212582 0.583373 0.029865 0.139140
2 2 0.039083 0.199953 0.549433 0.035792 0.175739
2 2 0.035242 0.149970 0.552148 0.063501 0.199139
2 2 0.042660 0.212565 0.514855 0.025685 0.204235
2 2 0.052358 0.252389 0.460185 0.021463 0.213605
2 2 0.034482 0.209648 0.587195 0.030281 0.138393
2 2 0.032200 0.125253 0.548603 0.150248 0.143696
4 2 0.068012 0.147425 0.318691 0.109085 0.356787
4 2 0.098189 0.174456 0.271140 0.089750 0.366465
1 2 0.252488 0.284268 0.208677 0.029504 0.225062
2 2 0.092497 0.265883 0.398051 0.037317 0.206251
2 2 0.144803 0.279344 0.349594 0.042337 0.183923
1 2 0.131569 0.289915 0.271300 0.020603 0.286614
4 2 0.094206 0.174283 0.166888 0.020056 0.544567
4 2 0.092708 0.181177 0.179099 0.020088 0.526929
4 2 0.126083 0.201212 0.125249 0.010420 0.537035
4 2 0.100446 0.271129 0.196935 0.009489 0.422001
4 2 0.076696 0.281269 0.302805 0.011452 0.327778
2 0 0.049536 0.275259 0.447195 0.008526 0.219484
1 0 0.249439 0.276333 0.212278 0.014635 0.247315
0 0 0.496169 0.151377 0.082331 0.014316 0.255807
0 0 0.520429 0.136067 0.092916 0.025376 0.225212
0 0 0.491223 0.187706 0.098848 0.016096 0.206127
0 0 0.867728 0.087643 0.023871 0.003892 0.016865
0 0 0.845436 0.109654 0.020011 0.001427 0.023472
0 0 0.815170 0.122501 0.034284 0.004783 0.023261
0 0 0.595588 0.194218 0.073830 0.008545 0.127819
0 0 0.407502 0.274883 0.106446 0.008500 0.202669
0 0 0.360068 0.163615 0.122057 0.025998 0.328263
4 0 0.030386 0.016965 0.035854 0.019344 0.897451
4 0 0.041051 0.017276 0.038721 0.025606 0.877346
4 0 0.287176 0.048155 0.061118 0.032527 0.571024
0 0 0.457071 0.060263 0.052804 0.019191 0.410671
0 0 0.458587 0.120047 0.070540 0.013358 0.337468
4 0 0.387935 0.146299 0.065995 0.006715 0.393057
0 0 0.654682 0.165283 0.037950 0.002021 0.140065
0 0 0.440512 0.226893 0.039503 0.000827 0.292264
0 0 0.474210 0.280497 0.070922 0.001515 0.172856
0 0 0.375055 0.266547 0.058112 0.001555 0.298731
4 0 0.100826 0.202139 0.129509 0.006118 0.561408
4 0 0.073009 0.086602 0.106501 0.024679 0.709210
4 0 0.073902 0.088044 0.103244 0.022099 0.712710
4 0 0.092855 0.127094 0.111833 0.015364 0.652854
1 0 0.237478 0.314440 0.143191 0.004611 0.300279
1 0 0.171090 0.339007 0.213139 0.004146 0.272617
0 0 0.378973 0.272533 0.071820 0.002697 0.273977
0 0 0.410882 0.307888 0.131575 0.004274 0.145380
1 0 0.249035 0.353211 0.225015 0.004135 0.168604
4 0 0.212301 0.251663 0.117172 0.005384 0.413480
4 1 0.109392 0.135364 0.098358 0.010505 0.646381
4 1 0.114536 0.157726 0.103865 0.009349 0.614524
2 1 0.039106 0.238271 0.539083 0.017008 0.166532
2 2 0.043590 0.237247 0.518350 0.023335 0.177478
2 2 0.046080 0.235355 0.494394 0.021335 0.202837
2 2 0.040163 0.233089 0.529217 0.017399 0.180132
2 2 0.041942 0.185873 0.506496 0.031816 0.233871
2 2 0.051634 0.217936 0.427000 0.017837 0.285593
2 2 0.056994 0.187689 0.372779 0.025258 0.357281
4 2 0.064107 0.203365 0.323287 0.017549 0.391691
4 4 0.084256 0.113224 0.107463 0.016301 0.678755
4 4 0.069134 0.073163 0.061905 0.007597 0.788201
4 4 0.054734 0.047070 0.044625 0.006514 0.847056
4 4 0.055082 0.047826 0.047982 0.007706 0.841403
4 4 0.060576 0.057176 0.055380 0.008443 0.818424
4 4 0.062317 0.062089 0.076653 0.017624 0.781316
4 4 0.046916 0.036894 0.059584 0.021071 0.835534
4 4 0.031311 0.017995 0.039970 0.023493 0.887231
4 4 0.023868 0.011288 0.032428 0.028860 0.903555
4 4 0.017421 0.006485 0.019825 0.019199 0.937070
4 4 0.026023 0.012814 0.025777 0.012671 0.922715
4 4 0.040234 0.027149 0.033334 0.007355 0.891929
4 4 0.053806 0.045131 0.036101 0.003956 0.861005
4 4 0.073896 0.084147 0.074528 0.009933 0.757497
4 4 0.072488 0.078273 0.047988 0.003439 0.797812
4 4 0.086290 0.117737 0.077783 0.005781 0.712409
4 0 0.140776 0.152156 0.074658 0.004581 0.627829
4 1 0.242619 0.191194 0.105512 0.010637 0.450038
4 1 0.293312 0.274496 0.096829 0.004958 0.330405
1 4 0.206149 0.335296 0.202160 0.005276 0.251118
2 4 0.059264 0.253776 0.363183 0.009242 0.314535
2 4 0.052920 0.211073 0.384364 0.012366 0.339277
0 4 0.556867 0.122921 0.030547 0.001556 0.288110
0 0 0.861622 0.080031 0.021660 0.003018 0.033668
0 0 0.650704 0.179593 0.065885 0.008242 0.095577
0 0 0.546600 0.229889 0.069550 0.004828 0.149133
4 0 0.139686 0.122855 0.085350 0.009861 0.642248
4 1 0.101028 0.156436 0.083110 0.004826 0.654601
4 1 0.108812 0.185751 0.090517 0.004584 0.610336
4 2 0.079890 0.228369 0.241313 0.010856 0.439573
4 2 0.087194 0.145260 0.148575 0.018993 0.599978
4 2 0.074008 0.088600 0.105410 0.023126 0.708856
4 4 0.061799 0.061737 0.082167 0.021431 0.772866
4 4 0.072463 0.091220 0.124673 0.031248 0.680396
4 4 0.076824 0.095952 0.111981 0.023871 0.691372
4 4 0.067862 0.117456 0.188430 0.028286 0.597966
4 4 0.059508 0.092695 0.188421 0.041160 0.618215
4 4 0.069700 0.117296 0.169497 0.022559 0.620948
4 4 0.079638 0.137871 0.146166 0.013744 0.622581
4 4 0.068254 0.161440 0.237813 0.017178 0.515314
4 4 0.075444 0.089273 0.088418 0.014255 0.732611
4 4 0.044786 0.033478 0.049292 0.014868 0.857576
4 4 0.026839 0.013731 0.033504 0.022831 0.903094
4 4 0.029446 0.015992 0.032758 0.016734 0.905069
4 4 0.051372 0.042363 0.048416 0.009631 0.848218
4 4 0.043254 0.031755 0.053004 0.019697 0.852289
4 4 0.035579 0.022570 0.046389 0.024137 0.871324
4 4 0.022325 0.009801 0.020400 0.010519 0.936954
4 4 0.025090 0.011928 0.020746 0.007971 0.934265
4 2 0.036050 0.022187 0.024598 0.004540 0.912625
4 2 0.072578 0.078507 0.048498 0.003520 0.796896
4 2 0.090026 0.153018 0.125675 0.010369 0.620912
4 2 0.065389 0.118280 0.234347 0.052820 0.529164
4 2 0.060578 0.121482 0.278099 0.063142 0.476699
4 2 0.056148 0.132671 0.323723 0.052909 0.434548
4 2 0.067400 0.155841 0.261085 0.027258 0.488416
4 2 0.059254 0.118517 0.255675 0.041578 0.524976
4 2 0.058127 0.058658 0.110641 0.051795 0.720780
4 4 0.051496 0.045996 0.091718 0.046656 0.764133
4 4 0.044257 0.033501 0.060895 0.026169 0.835177
4 4 0.045616 0.035293 0.061427 0.024591 0.833073
4 4 0.051898 0.043819 0.058767 0.015313 0.830204
4 4 0.072459 0.081957 0.081008 0.012968 0.751608
4 4 0.080830 0.140446 0.128261 0.008968 0.641495
4 4 0.071352 0.196445 0.243428 0.010762 0.478014
4 4 0.072972 0.190706 0.218223 0.009010 0.509090
4 4 0.080465 0.160015 0.145988 0.007690 0.605841
4 4 0.070640 0.078347 0.081837 0.014347 0.754828
4 4 0.052920 0.045146 0.056246 0.012965 0.832723
4 4 0.036270 0.022841 0.035732 0.011763 0.893394
4 4 0.029291 0.015725 0.028855 0.012248 0.913882
4 4 0.038003 0.024451 0.028944 0.005984 0.902619
4 4 0.049938 0.039791 0.039395 0.006145 0.864731
4 4 0.052015 0.044146 0.060943 0.016675 0.826221
4 4 0.038851 0.026279 0.048769 0.021499 0.864602
4 4 0.038475 0.025674 0.045131 0.018148 0.872573
4 4 0.052899 0.044756 0.051016 0.010125 0.841204
4 4 0.082243 0.116414 0.118334 0.017213 0.665797
4 4 0.065073 0.206445 0.298509 0.012480 0.417493
2 4 0.051387 0.213678 0.435777 0.021306 0.277852
2 4 0.037567 0.185529 0.545881 0.031647 0.199377
4 4 0.092240 0.229747 0.205179 0.012527 0.460307
4 4 0.082543 0.220767 0.193133 0.006341 0.497217
4 4 0.065341 0.273362 0.324166 0.007065 0.330067
4 4 0.074234 0.234645 0.275755 0.011397 0.403970
4 4 0.064060 0.214874 0.336716 0.017298 0.367051
2 4 0.043374 0.180983 0.479275 0.027527 0.268841
2 2 0.041737 0.157566 0.483517 0.042078 0.275103
2 2 0.031962 0.130553 0.556265 0.063106 0.218114
2 2 0.035865 0.124937 0.504590 0.071092 0.263515
2 2 0.040321 0.109382 0.426448 0.092659 0.331189
4 2 0.046601 0.108571 0.356995 0.078298 0.409536
2 2 0.043213 0.122857 0.417682 0.063546 0.352702
2 2 0.029761 0.107820 0.542473 0.089226 0.230720
2 2 0.023938 0.097590 0.595127 0.104935 0.178409
2 2 0.019271 0.094137 0.655985 0.089315 0.141291
2 2 0.020638 0.098646 0.645110 0.087038 0.148568
2 2 0.027374 0.139101 0.612886 0.044029 0.176609
2 2 0.033931 0.163623 0.559999 0.033271 0.209176
2 2 0.031098 0.159392 0.585410 0.033229 0.190870
2 2 0.036517 0.144313 0.523474 0.051769 0.243926
2 2 0.027942 0.123014 0.592181 0.068172 0.188692
2 2 0.033013 0.125628 0.539003 0.073415 0.228942
2 2 0.028368 0.112077 0.576980 0.102744 0.179831
2 2 0.039310 0.139570 0.500481 0.076514 0.244125
2 2 0.035859 0.158750 0.552021 0.052085 0.201285
2 2 0.021640 0.137762 0.679206 0.043709 0.117682
2 2 0.021292 0.146080 0.683544 0.031378 0.117706
2 2 0.026679 0.165921 0.634254 0.028349 0.144797
2 2 0.021156 0.125054 0.675934 0.058117 0.119740
2 2 0.009850 0.070592 0.757070 0.111259 0.051229
2 2 0.006705 0.061871 0.814157 0.082711 0.034556
2 2 0.039661 0.161584 0.513443 0.045273 0.240039
2 2 0.041324 0.182072 0.505784 0.030726 0.240093
2 2 0.037873 0.167831 0.534329 0.040556 0.219411
2 2 0.017219 0.080608 0.639010 0.168575 0.094587
2 2 0.018796 0.081622 0.614899 0.177250 0.107433
2 2 0.019361 0.080553 0.597628 0.178165 0.124294
2 2 0.012518 0.049367 0.573498 0.277948 0.086669
2 2 0.014643 0.073623 0.662247 0.157974 0.091513
2 2 0.010864 0.057219 0.671654 0.197088 0.063174
2 2 0.005200 0.033620 0.700627 0.231666 0.028888
2 2 0.004872 0.026975 0.624358 0.315875 0.027920
3 2 0.006506 0.020412 0.396618 0.532058 0.044407
3 2 0.007160 0.023725 0.440327 0.477066 0.051722
3 2 0.003228 0.007320 0.207869 0.756795 0.024788
3 2 0.005119 0.014081 0.316170 0.627819 0.036811
3 2 0.003359 0.010619 0.324282 0.637954 0.023786
3 2 0.001806 0.009200 0.452390 0.525275 0.011329
3 2 0.002678 0.012433 0.454446 0.514585 0.015858
3 2 0.003017 0.011968 0.401079 0.564825 0.019111
3 2 0.003575 0.010802 0.317220 0.641922 0.026482
3 2 0.006868 0.011875 0.192631 0.733502 0.055124
3 2 0.009291 0.017928 0.246894 0.655140 0.070747
3 2 0.005662 0.009583 0.167245 0.776337 0.041174
3 2 0.008647 0.014796 0.198771 0.716475 0.061310
3 2 0.007661 0.013984 0.207993 0.716291 0.054072
3 2 0.004383 0.010453 0.246434 0.707181 0.031549
3 2 0.010439 0.024236 0.324963 0.562451 0.077911
3 3 0.006313 0.007832 0.120005 0.806544 0.059306
3 3 0.005850 0.007095 0.112837 0.818582 0.055636
3 3 0.002089 0.002487 0.070381 0.904759 0.020285
3 3 0.003671 0.010405 0.285057 0.676224 0.024643
3 3 0.003755 0.008647 0.222840 0.736991 0.027767
3 3 0.003300 0.005802 0.143157 0.822866 0.024876
3 3 0.003315 0.010895 0.342145 0.619537 0.024108
3 3 0.001604 0.007018 0.362168 0.619114 0.010096
3 3 0.001649 0.008230 0.417112 0.563596 0.009413
3 3 0.003303 0.011199 0.334084 0.631739 0.019675
3 3 0.005342 0.009198 0.168943 0.776726 0.039790
3 3 0.009015 0.018847 0.262373 0.649112 0.060653
3 3 0.016245 0.028523 0.250611 0.595727 0.108894
3 3 0.015079 0.027885 0.265818 0.585524 0.105695
3 3 0.007045 0.010651 0.155918 0.773822 0.052564
3 3 0.005586 0.009168 0.157271 0.788520 0.039455
3 3 0.005043 0.007273 0.125624 0.825170 0.036891
3 3 0.003668 0.005000 0.103582 0.858602 0.029148
3 3 0.002630 0.003803 0.094615 0.879867 0.019085
3 3 0.004044 0.005718 0.112026 0.847768 0.030444
3 3 0.005167 0.007163 0.122149 0.825400 0.040122
3 3 0.005387 0.007541 0.125506 0.820328 0.041238
3 2 0.013100 0.019570 0.192609 0.677758 0.096961
3 2 0.024600 0.047451 0.306185 0.470355 0.151409
2 2 0.046830 0.146565 0.467656 0.122641 0.216308
2 2 0.073982 0.241809 0.396308 0.031323 0.256578
2 2 0.070262 0.193018 0.347120 0.052793 0.336807
2 2 0.042192 0.238877 0.523508 0.020359 0.175064
2 2 0.031441 0.222929 0.593701 0.015394 0.136534
2 2 0.034810 0.236526 0.561624 0.013022 0.154018
2 2 0.061205 0.279729 0.487306 0.010495 0.161265
2 2 0.041450 0.263740 0.515589 0.007822 0.171399
2 2 0.041094 0.257230 0.532895 0.009243 0.159537
2 2 0.015628 0.126067 0.738766 0.056133 0.063406
2 2 0.023702 0.138258 0.655747 0.087571 0.094722
2 2 0.038546 0.220732 0.558361 0.029397 0.152963
2 2 0.143715 0.315073 0.404263 0.012822 0.124128
0 2 0.339768 0.324652 0.160253 0.005024 0.170303
0 2 0.436191 0.255994 0.104223 0.009662 0.193930
