0 0 0.953159 0.011799 0.018410 0.011649 0.004983
0 0 0.869049 0.046680 0.042988 0.014372 0.026912
0 0 0.859319 0.059334 0.033955 0.006121 0.041272
0 0 0.769270 0.097813 0.050404 0.008104 0.074409
0 0 0.865145 0.060674 0.022962 0.002400 0.048819
0 0 0.891199 0.045073 0.028470 0.005774 0.029484
0 0 0.763749 0.064536 0.087866 0.050086 0.033762
0 0 0.805588 0.061848 0.068474 0.029601 0.034489
0 0 0.840084 0.059171 0.049774 0.014925 0.036045
0 0 0.794291 0.068563 0.088372 0.012565 0.036209
0 0 0.778689 0.071671 0.094920 0.016954 0.037765
0 0 0.733302 0.071820 0.130367 0.030469 0.034041
0 0 0.859536 0.050805 0.046109 0.013889 0.029661
0 0 0.887595 0.046004 0.030196 0.006449 0.029755
0 0 0.817485 0.058203 0.064359 0.027695 0.032258
0 0 0.841249 0.055503 0.052592 0.018405 0.032251
0 0 0.709948 0.079514 0.116923 0.052248 0.041368
0 0 0.774500 0.075216 0.087097 0.021280 0.041907
0 0 0.609498 0.093548 0.206200 0.047779 0.042975
0 0 0.724107 0.074945 0.111424 0.050944 0.038580
0 0 0.779163 0.063527 0.101868 0.024443 0.030999
0 0 0.771954 0.056295 0.112310 0.034242 0.025199
0 0 0.882062 0.033961 0.044151 0.022960 0.016866
0 0 0.877851 0.034886 0.045796 0.024152 0.017314
0 0 0.902562 0.030185 0.035674 0.016270 0.015309
0 0 0.894106 0.038169 0.034735 0.011330 0.021660
0 0 0.861536 0.044076 0.049400 0.021361 0.023627
0 0 0.633202 0.104567 0.166384 0.041445 0.054402
0 0 0.771958 0.088309 0.067761 0.014169 0.057803
0 0 0.746273 0.094494 0.075807 0.021851 0.061576
0 0 0.587524 0.140119 0.162456 0.025888 0.084014
0 0 0.596675 0.133542 0.170680 0.022352 0.076752
0 0 0.469154 0.135536 0.276813 0.051038 0.067458
0 0 0.485485 0.129423 0.257087 0.063229 0.064777
0 0 0.431421 0.125018 0.303286 0.081586 0.058690
0 0 0.484527 0.148439 0.237909 0.048026 0.081099
0 0 0.638486 0.137909 0.106965 0.021672 0.094967
0 0 0.516405 0.153719 0.208180 0.032868 0.088827
0 0 0.539553 0.143981 0.210706 0.025791 0.079969
0 0 0.454824 0.134478 0.292276 0.052855 0.065568
0 0 0.543092 0.143206 0.171127 0.056354 0.086221
0 0 0.678421 0.124008 0.088495 0.022176 0.086899
0 0 0.582220 0.145866 0.130316 0.044469 0.097129
0 0 0.644790 0.128532 0.109474 0.031949 0.085255
0 0 0.548701 0.122327 0.205727 0.059143 0.064102
2 0 0.243649 0.102858 0.526295 0.089234 0.037964
0 0 0.458167 0.138367 0.259840 0.072116 0.071511
0 0 0.470995 0.155037 0.231874 0.054593 0.087501
0 0 0.380827 0.155177 0.331510 0.054284 0.078202
2 0 0.339576 0.145165 0.397863 0.050397 0.067000
0 0 0.419890 0.133147 0.295027 0.086799 0.065137
0 0 0.400188 0.122356 0.263741 0.153091 0.060624
0 0 0.585360 0.137784 0.135953 0.052760 0.088144
0 0 0.723057 0.107534 0.076396 0.018878 0.074135
0 0 0.695928 0.113505 0.099917 0.017844 0.072805
0 0 0.684081 0.109832 0.120952 0.020272 0.064862
0 0 0.627005 0.117878 0.166886 0.023859 0.064371
0 0 0.686766 0.112157 0.104904 0.025588 0.070585
0 0 0.667573 0.124159 0.096578 0.027134 0.084555
0 0 0.850585 0.063975 0.033844 0.005519 0.046077
0 0 0.914579 0.038967 0.015057 0.001586 0.029810
0 0 0.950129 0.023525 0.007111 0.000530 0.018705
0 0 0.927100 0.031807 0.017048 0.002742 0.021303
0 0 0.909820 0.039448 0.020255 0.003107 0.027370
0 0 0.939883 0.026946 0.012916 0.001780 0.018475
0 0 0.928396 0.026238 0.023523 0.007402 0.014442
0 0 0.966383 0.010535 0.012636 0.005623 0.004823
0 0 0.978924 0.008163 0.006881 0.001902 0.004130
0 0 0.933819 0.015127 0.025939 0.018787 0.006328
0 0 0.955117 0.019409 0.011415 0.002033 0.012026
0 0 0.871606 0.054351 0.030985 0.005535 0.037522
0 0 0.928656 0.033145 0.010788 0.000900 0.026510
0 0 0.849979 0.052123 0.060188 0.009869 0.027841
0 0 0.882994 0.037272 0.041983 0.018136 0.019615
0 0 0.860387 0.043987 0.050075 0.022102 0.023450
0 0 0.889395 0.035784 0.040020 0.016012 0.018790
0 0 0.888789 0.040220 0.038510 0.010004 0.022478
0 0 0.791222 0.069678 0.077995 0.022087 0.039018
0 1 0.834426 0.073816 0.028485 0.003083 0.060191
0 1 0.784020 0.092866 0.044651 0.006534 0.071930
0 1 0.838084 0.067256 0.040256 0.007745 0.046660
0 0 0.898448 0.045101 0.020753 0.002771 0.032928
0 0 0.936475 0.029056 0.011965 0.001354 0.021150
0 0 0.937916 0.027393 0.014217 0.002178 0.018297
0 0 0.917587 0.032884 0.023895 0.005753 0.019881
0 0 0.889208 0.040439 0.036622 0.010639 0.023091
0 0 0.896058 0.030350 0.038880 0.019731 0.014982
0 0 0.824981 0.039210 0.081689 0.037408 0.016712
0 0 0.651687 0.040181 0.227744 0.068223 0.012166
0 0 0.827638 0.025759 0.062660 0.073850 0.010093
0 0 0.675713 0.018224 0.082290 0.218090 0.005684
0 0 0.890687 0.025158 0.042387 0.030657 0.011111
0 0 0.838622 0.031544 0.061575 0.054692 0.013567
0 0 0.790759 0.041498 0.079486 0.069765 0.018492
0 0 0.825974 0.039677 0.070667 0.045718 0.017964
0 0 0.892202 0.041682 0.032336 0.008575 0.025204
0 0 0.763833 0.089584 0.068979 0.018779 0.058825
0 0 0.757495 0.100502 0.057382 0.010580 0.074040
0 1 0.735533 0.104091 0.071258 0.016735 0.072383
0 1 0.898353 0.045377 0.020139 0.002564 0.033567
0 1 0.957563 0.019241 0.009137 0.001227 0.012833
0 0 0.942549 0.016477 0.021959 0.011440 0.007575
0 0 0.934602 0.014709 0.025637 0.018951 0.006102
0 0 0.921287 0.021032 0.030333 0.017721 0.009627
0 0 0.852401 0.038767 0.056140 0.033881 0.018811
0 0 0.899151 0.027624 0.038428 0.021658 0.013139
0 0 0.954746 0.014976 0.016404 0.006569 0.007304
0 0 0.945186 0.010215 0.021233 0.019508 0.003858
0 0 0.624462 0.007647 0.058978 0.307065 0.001848
0 0 0.805924 0.012265 0.052320 0.125777 0.003713
0 0 0.798288 0.013659 0.055915 0.127900 0.004238
0 0 0.892485 0.020060 0.041135 0.038209 0.008111
0 0 0.720268 0.040741 0.100036 0.122197 0.016757
0 0 0.728671 0.074807 0.100183 0.056307 0.040031
0 0 0.728646 0.094962 0.087162 0.030042 0.059189
0 0 0.694994 0.088703 0.110136 0.056500 0.049667
0 0 0.618266 0.102157 0.149926 0.074598 0.055054
0 0 0.826647 0.077790 0.026545 0.002449 0.066569
0 1 0.786452 0.095006 0.032483 0.003034 0.083025
0 1 0.622189 0.180255 0.059429 0.003639 0.134489
0 1 0.754075 0.102843 0.035450 0.003170 0.104462
0 1 0.741814 0.118799 0.036497 0.002553 0.100338
0 1 0.348630 0.308638 0.146614 0.011114 0.185004
1 1 0.181552 0.378430 0.229563 0.019092 0.191363
1 1 0.115482 0.360735 0.310008 0.042934 0.170841
2 2 0.109284 0.315584 0.379984 0.050643 0.144506
2 2 0.041479 0.185242 0.658258 0.054179 0.060842
2 2 0.044991 0.166439 0.670551 0.062856 0.055163
2 2 0.011058 0.056728 0.890610 0.029640 0.011965
2 2 0.007177 0.033289 0.910615 0.042978 0.005942
2 2 0.005892 0.023110 0.922281 0.044813 0.003905
2 2 0.007762 0.033016 0.919760 0.033246 0.006216
2 2 0.005525 0.028526 0.929865 0.031326 0.004758
2 2 0.007015 0.033526 0.918166 0.035270 0.006023
2 2 0.009091 0.034238 0.901427 0.048599 0.006644
2 2 0.012444 0.049014 0.878573 0.049461 0.010508
2 2 0.014486 0.066280 0.866883 0.037199 0.015152
2 2 0.006329 0.037339 0.910683 0.038962 0.006688
2 2 0.005013 0.030963 0.929371 0.028486 0.006168
2 2 0.003572 0.015014 0.934602 0.044666 0.002147
2 2 0.008008 0.024737 0.872145 0.090644 0.004465
2 2 0.008179 0.027481 0.834414 0.125063 0.004863
2 2 0.008700 0.024839 0.799732 0.161907 0.004822
2 2 0.005505 0.010656 0.714793 0.267319 0.001727
2 3 0.003187 0.006113 0.768943 0.220943 0.000815
2 3 0.002157 0.004213 0.758864 0.234272 0.000494
2 3 0.002292 0.004109 0.683428 0.309677 0.000494
2 3 0.002041 0.003491 0.625399 0.368660 0.000408
3 3 0.001771 0.002591 0.460481 0.534807 0.000349
3 3 0.001680 0.002463 0.456700 0.538834 0.000324
3 3 0.002983 0.004021 0.415319 0.577043 0.000633
3 3 0.001864 0.002691 0.440205 0.554901 0.000339
3 3 0.001159 0.001596 0.364761 0.632285 0.000199
3 3 0.001209 0.001679 0.395501 0.601360 0.000251
3 3 0.000979 0.001337 0.345019 0.652503 0.000162
3 3 0.001324 0.001747 0.320067 0.676661 0.000202
3 3 0.001632 0.001966 0.267414 0.728710 0.000277
3 3 0.002532 0.002887 0.248915 0.745209 0.000457
3 3 0.001685 0.001653 0.145971 0.850392 0.000299
3 3 0.001615 0.001526 0.118625 0.878001 0.000234
3 3 0.001438 0.001409 0.129795 0.867153 0.000204
3 3 0.001816 0.001558 0.091249 0.905086 0.000291
3 3 0.002021 0.001976 0.141243 0.854448 0.000313
3 3 0.001705 0.001634 0.126151 0.870258 0.000251
3 3 0.001345 0.001193 0.090713 0.906564 0.000184
3 3 0.001495 0.001354 0.100424 0.896517 0.000211
3 3 0.001192 0.001011 0.078718 0.918903 0.000176
3 3 0.001586 0.001393 0.092043 0.904752 0.000226
3 3 0.003061 0.002858 0.136018 0.857541 0.000522
3 3 0.002513 0.002629 0.186721 0.807718 0.000418
3 3 0.002518 0.002830 0.233476 0.760747 0.000428
3 3 0.001624 0.001806 0.202500 0.793825 0.000245
3 3 0.001125 0.001190 0.157717 0.839813 0.000156
3 3 0.000978 0.001008 0.142699 0.855176 0.000139
3 3 0.000975 0.000879 0.087786 0.910237 0.000123
3 3 0.000895 0.000658 0.041424 0.956916 0.000108
3 3 0.001208 0.000858 0.040228 0.957549 0.000157
3 3 0.001001 0.000721 0.039928 0.958227 0.000123
3 3 0.001118 0.000816 0.043205 0.954719 0.000142
3 3 0.001369 0.000992 0.045371 0.952079 0.000189
3 3 0.001278 0.000879 0.039945 0.957690 0.000207
3 3 0.001180 0.000805 0.037338 0.960494 0.000182
3 3 0.001494 0.001050 0.049138 0.948011 0.000307
3 3 0.000960 0.000698 0.047112 0.951066 0.000164
3 3 0.000844 0.000527 0.026159 0.972333 0.000138
3 3 0.000863 0.000506 0.020005 0.978499 0.000127
3 3 0.001320 0.000805 0.025827 0.971841 0.000207
3 3 0.001478 0.000973 0.032666 0.964681 0.000202
3 3 0.002071 0.001489 0.058006 0.937983 0.000451
3 3 0.002213 0.001542 0.055809 0.939883 0.000553
3 3 0.001656 0.001373 0.087973 0.908664 0.000334
3 3 0.001850 0.001675 0.107017 0.889179 0.000278
3 3 0.002904 0.002479 0.099293 0.894839 0.000484
3 3 0.002695 0.001865 0.046354 0.948663 0.000424
3 3 0.002731 0.001763 0.040246 0.954715 0.000544
3 3 0.002699 0.001873 0.053369 0.941481 0.000578
3 3 0.001756 0.001193 0.044908 0.951782 0.000361
3 3 0.001629 0.001073 0.039071 0.957905 0.000322
3 3 0.001024 0.000717 0.042246 0.955833 0.000179
3 3 0.000947 0.000597 0.030453 0.967812 0.000192
3 3 0.001254 0.000714 0.026157 0.971512 0.000364
3 3 0.001352 0.000771 0.027479 0.969978 0.000421
3 3 0.001081 0.000616 0.024535 0.973481 0.000288
3 3 0.000942 0.000598 0.034885 0.963327 0.000248
3 3 0.006474 0.004717 0.089578 0.897031 0.002200
3 2 0.009848 0.009345 0.215370 0.763227 0.002208
3 3 0.012126 0.015474 0.459132 0.509878 0.003390
2 3 0.056408 0.061004 0.676749 0.187281 0.018557
2 2 0.015115 0.025514 0.744681 0.208998 0.005692
2 2 0.008128 0.015513 0.811639 0.161894 0.002826
2 2 0.004772 0.012834 0.939604 0.040685 0.002105
2 2 0.003918 0.010678 0.942214 0.041551 0.001640
2 2 0.007088 0.015423 0.909031 0.065760 0.002698
2 2 0.003573 0.009085 0.925047 0.060973 0.001322
2 2 0.004125 0.009919 0.909272 0.075190 0.001494
2 2 0.003809 0.009518 0.920624 0.064639 0.001409
2 2 0.007359 0.015414 0.862006 0.112468 0.002753
2 2 0.006262 0.013931 0.886257 0.091166 0.002383
2 2 0.003761 0.009114 0.910426 0.075367 0.001332
2 2 0.002901 0.007818 0.938133 0.050073 0.001075
2 2 0.002460 0.008216 0.951672 0.036573 0.001080
2 2 0.003098 0.012962 0.947292 0.034840 0.001808
2 2 0.002730 0.012711 0.948315 0.034555 0.001689
2 2 0.002861 0.013130 0.956601 0.025590 0.001818
2 2 0.002954 0.010265 0.945074 0.040292 0.001415
2 2 0.003411 0.016780 0.950666 0.026706 0.002436
2 2 0.004707 0.023749 0.939503 0.028240 0.003800
2 2 0.002826 0.015985 0.951811 0.027222 0.002156
2 2 0.002274 0.010341 0.954386 0.031691 0.001308
2 2 0.007767 0.016764 0.876555 0.095843 0.003071
2 2 0.008234 0.014986 0.778641 0.195409 0.002731
2 2 0.008111 0.013377 0.694166 0.281917 0.002428
2 2 0.006492 0.013642 0.860908 0.116624 0.002334
2 2 0.004963 0.011347 0.893478 0.088412 0.001801
2 2 0.006316 0.013253 0.859506 0.118680 0.002245
2 2 0.004139 0.009831 0.904896 0.079655 0.001478
2 3 0.003359 0.008152 0.908944 0.078398 0.001146
2 3 0.002026 0.005090 0.910537 0.081742 0.000605
2 3 0.001991 0.004718 0.884743 0.107997 0.000550
2 3 0.003305 0.007340 0.861645 0.126709 0.001002
2 3 0.002327 0.004943 0.827848 0.164285 0.000597
2 3 0.004123 0.008287 0.818332 0.168052 0.001206
2 3 0.006387 0.012126 0.798357 0.181096 0.002035
2 3 0.020283 0.030363 0.862673 0.079977 0.006704
2 3 0.010555 0.020587 0.831705 0.133037 0.004116
2 2 0.009255 0.019407 0.865959 0.101621 0.003757
2 2 0.002063 0.004790 0.875860 0.116724 0.000563
2 2 0.001839 0.004258 0.869859 0.123562 0.000481
2 2 0.003869 0.007716 0.809718 0.177599 0.001099
2 2 0.005312 0.009873 0.773134 0.210124 0.001556
2 2 0.005197 0.010502 0.831714 0.150933 0.001654
2 2 0.006135 0.012681 0.850735 0.128329 0.002121
2 2 0.007633 0.014451 0.803891 0.171451 0.002574
2 2 0.004697 0.013619 0.879279 0.100340 0.002065
2 2 0.004479 0.011971 0.891360 0.090379 0.001812
2 2 0.002501 0.012350 0.953765 0.029777 0.001608
2 2 0.002093 0.011769 0.958295 0.026396 0.001447
2 2 0.002257 0.011377 0.953129 0.031815 0.001423
2 2 0.003197 0.013034 0.919388 0.062624 0.001757
2 2 0.003237 0.011670 0.864352 0.119215 0.001526
2 2 0.004904 0.017477 0.813759 0.161287 0.002572
2 2 0.005620 0.017288 0.788020 0.186398 0.002674
2 2 0.004055 0.012149 0.778939 0.203168 0.001690
2 3 0.005885 0.012270 0.681606 0.298268 0.001971
2 3 0.005066 0.007780 0.587023 0.398900 0.001232
2 3 0.005174 0.007339 0.503109 0.483180 0.001198
3 3 0.005283 0.006775 0.399716 0.587059 0.001166
3 3 0.002962 0.003468 0.294451 0.698412 0.000706
3 3 0.002607 0.002949 0.265393 0.728454 0.000596
3 3 0.001711 0.001918 0.209998 0.786111 0.000262
3 3 0.002998 0.003811 0.346671 0.645960 0.000560
3 3 0.005127 0.006597 0.400346 0.586809 0.001120
2 3 0.018205 0.023540 0.501574 0.450874 0.005807
2 3 0.017562 0.025604 0.621595 0.329178 0.006061
2 2 0.020119 0.038553 0.777176 0.154672 0.009481
2 2 0.011760 0.020122 0.746047 0.217948 0.004124
2 2 0.002245 0.006626 0.908889 0.081437 0.000803
2 2 0.002467 0.006044 0.905746 0.084978 0.000765
2 2 0.001774 0.004284 0.889824 0.103636 0.000482
2 2 0.002365 0.005490 0.880524 0.110944 0.000677
2 2 0.001656 0.004282 0.916254 0.077329 0.000478
2 2 0.002177 0.006298 0.901425 0.089347 0.000753
2 2 0.001321 0.004505 0.901011 0.092711 0.000452
2 2 0.001267 0.004541 0.915832 0.077907 0.000453
2 2 0.001270 0.003007 0.866952 0.128469 0.000301
2 2 0.001884 0.004249 0.856027 0.137358 0.000482
2 2 0.002285 0.005212 0.870297 0.121574 0.000633
2 2 0.003294 0.006569 0.801359 0.187892 0.000886
2 2 0.003410 0.009669 0.862217 0.123396 0.001308
2 2 0.002604 0.007140 0.878012 0.111349 0.000895
2 2 0.002669 0.006223 0.875804 0.114508 0.000795
2 2 0.003203 0.009051 0.899788 0.086729 0.001229
2 2 0.002392 0.005249 0.821406 0.170316 0.000637
2 2 0.001498 0.005917 0.917272 0.074693 0.000620
2 2 0.001171 0.003523 0.906269 0.088692 0.000345
2 2 0.001383 0.003826 0.896549 0.097847 0.000395
2 2 0.002998 0.006696 0.869056 0.120362 0.000888
2 2 0.006696 0.011820 0.743592 0.235882 0.002009
2 1 0.063651 0.050844 0.799892 0.072458 0.013155
2 2 0.067973 0.069475 0.711512 0.129473 0.021566
2 2 0.001706 0.004975 0.879132 0.113336 0.000851
2 2 0.001723 0.006573 0.919724 0.070521 0.001459
2 2 0.002751 0.013195 0.932841 0.046450 0.004763
2 2 0.003151 0.021127 0.911524 0.044287 0.019912
2 2 0.004849 0.035531 0.864954 0.036973 0.057692
2 2 0.007391 0.048103 0.791424 0.055654 0.097428
2 2 0.018159 0.096557 0.427421 0.048475 0.409388
4 2 0.022708 0.083785 0.183437 0.034723 0.675347
4 4 0.023497 0.029802 0.032635 0.002119 0.911947
4 4 0.034663 0.015005 0.011437 0.000479 0.938416
4 4 0.049266 0.013173 0.009684 0.000468 0.927409
4 4 0.070939 0.016135 0.009239 0.000324 0.903363
4 4 0.068347 0.066455 0.044810 0.001846 0.818542
4 4 0.083725 0.127573 0.111720 0.008731 0.668250
4 4 0.097965 0.198844 0.132399 0.006547 0.564246
4 4 0.082265 0.205567 0.134079 0.005711 0.572378
4 4 0.098354 0.236273 0.127786 0.004154 0.533433
4 4 0.101663 0.187762 0.115791 0.004948 0.589836
4 4 0.044491 0.055979 0.036489 0.001108 0.861933
4 4 0.067817 0.042830 0.025931 0.000888 0.862534
4 4 0.057544 0.035994 0.023855 0.000908 0.881699
4 4 0.074984 0.044896 0.024350 0.000703 0.855067
4 4 0.048784 0.085931 0.057296 0.001861 0.806129
4 4 0.034550 0.028306 0.018860 0.000556 0.917729
4 4 0.057242 0.020316 0.012047 0.000389 0.910006
4 4 0.090313 0.014793 0.006889 0.000185 0.887820
4 4 0.066961 0.006512 0.002712 0.000054 0.923760
4 4 0.047030 0.006832 0.004525 0.000187 0.941426
4 4 0.039401 0.003137 0.002302 0.000118 0.955042
4 4 0.034106 0.002605 0.002037 0.000112 0.961141
4 4 0.016802 0.004415 0.002981 0.000076 0.975726
4 4 0.019012 0.006508 0.004563 0.000128 0.969790
4 4 0.022697 0.001306 0.000544 0.000007 0.975445
4 4 0.077579 0.015024 0.006383 0.000130 0.900884
4 4 0.092952 0.022340 0.015751 0.000952 0.868005
4 4 0.234838 0.046868 0.028417 0.002110 0.687767
0 1 0.398031 0.216505 0.106091 0.008237 0.271136
0 1 0.501491 0.219382 0.111734 0.013502 0.153891
1 1 0.258586 0.356528 0.165422 0.009419 0.210046
1 1 0.254141 0.371651 0.166294 0.008861 0.199053
1 1 0.190612 0.357998 0.239601 0.025463 0.186326
2 1 0.081615 0.344221 0.359553 0.060741 0.153871
2 2 0.043050 0.315128 0.490118 0.034295 0.117409
2 2 0.031219 0.237013 0.604323 0.039920 0.087525
2 2 0.021302 0.151217 0.731122 0.051278 0.045080
2 2 0.010954 0.113965 0.815321 0.023266 0.036494
2 2 0.008966 0.090222 0.850802 0.018388 0.031622
2 2 0.007684 0.077046 0.873530 0.015789 0.025951
2 2 0.008865 0.094174 0.838870 0.014985 0.043106
2 2 0.004643 0.059512 0.900185 0.010935 0.024725
2 2 0.002606 0.028263 0.942674 0.015704 0.010754
2 2 0.001772 0.019161 0.957040 0.015366 0.006661
2 2 0.001557 0.018686 0.960327 0.013317 0.006113
2 2 0.001325 0.016728 0.962306 0.014424 0.005217
2 2 0.000724 0.012567 0.973404 0.008054 0.005251
2 2 0.000730 0.011594 0.974717 0.007354 0.005606
2 2 0.001188 0.015748 0.963109 0.009000 0.010954
2 2 0.002969 0.029962 0.928862 0.014513 0.023693
2 2 0.005611 0.054920 0.870082 0.020974 0.048414
2 2 0.005460 0.050824 0.877118 0.021327 0.045271
2 2 0.000810 0.011643 0.972480 0.009151 0.005915
2 2 0.002042 0.026670 0.939700 0.008504 0.023083
2 2 0.002072 0.028063 0.940307 0.009339 0.020218
2 2 0.003298 0.044100 0.894149 0.010816 0.047636
2 2 0.002772 0.040197 0.916266 0.010335 0.030431
2 2 0.002419 0.028958 0.933532 0.016374 0.018717
2 2 0.002205 0.022780 0.938793 0.022562 0.013659
2 2 0.001080 0.013056 0.965997 0.014706 0.005161
2 2 0.001058 0.012229 0.971489 0.012519 0.002705
2 2 0.001473 0.011253 0.969214 0.016534 0.001526
2 2 0.001651 0.011650 0.969298 0.016040 0.001360
2 2 0.002661 0.019513 0.960454 0.014705 0.002667
2 2 0.003259 0.022457 0.950371 0.020717 0.003196
2 2 0.002618 0.020418 0.956804 0.017439 0.002721
2 2 0.002562 0.013819 0.949298 0.032533 0.001787
2 2 0.002057 0.010392 0.944462 0.041856 0.001233
2 2 0.103746 0.081797 0.746305 0.042530 0.025623
0 2 0.384640 0.146266 0.366756 0.033527 0.068810
0 1 0.590460 0.163994 0.111671 0.013799 0.120076
0 1 0.325756 0.320464 0.186024 0.004190 0.163565
2 1 0.087755 0.338546 0.428020 0.007244 0.138435
4 1 0.016789 0.096900 0.290705 0.018264 0.577343
4 1 0.049620 0.092665 0.310011 0.063641 0.484064
4 1 0.067819 0.053906 0.119542 0.041800 0.716933
4 1 0.131661 0.048573 0.118265 0.067050 0.634452
4 1 0.088679 0.049239 0.135012 0.084400 0.642669
4 1 0.035398 0.044539 0.058311 0.006645 0.855106
4 2 0.018744 0.066300 0.133729 0.007078 0.774149
2 2 0.013927 0.114767 0.435118 0.007083 0.429105
2 2 0.011956 0.103003 0.514819 0.010590 0.359632
4 2 0.013360 0.145247 0.195544 0.008514 0.637335
4 2 0.018138 0.129213 0.184636 0.007070 0.660942
4 2 0.016812 0.061074 0.074984 0.003824 0.843307
4 2 0.010037 0.028026 0.040400 0.002602 0.918935
4 2 0.020482 0.026836 0.061076 0.011660 0.879946
4 2 0.010679 0.020303 0.088650 0.035496 0.844872
4 2 0.022120 0.036215 0.139930 0.068689 0.733046
4 2 0.019417 0.025579 0.186918 0.208950 0.559136
3 2 0.019504 0.016003 0.181376 0.494044 0.289073
3 2 0.015849 0.011604 0.159550 0.696447 0.116549
3 2 0.017419 0.012276 0.161855 0.665848 0.142602
3 2 0.020437 0.011672 0.148934 0.642119 0.176838
3 2 0.027808 0.022629 0.196059 0.435869 0.317635
3 2 0.025331 0.015132 0.163764 0.607362 0.188411
3 3 0.022986 0.014118 0.157986 0.704711 0.100199
3 3 0.014598 0.008742 0.123979 0.809388 0.043293
3 3 0.011985 0.006556 0.114965 0.795334 0.071160
3 3 0.009036 0.004745 0.099205 0.830535 0.056479
3 3 0.008731 0.004482 0.098160 0.822198 0.066428
3 3 0.007438 0.003814 0.089271 0.853146 0.046331
3 3 0.007926 0.004153 0.091799 0.853279 0.042844
3 3 0.007778 0.003971 0.091899 0.842582 0.053770
3 3 0.009245 0.004903 0.100118 0.832073 0.053661
3 3 0.009447 0.004926 0.102128 0.815792 0.067707
3 3 0.008332 0.004467 0.093513 0.855945 0.037743
3 3 0.008060 0.004161 0.093400 0.842473 0.051906
3 3 0.012024 0.006391 0.116143 0.766645 0.098797
3 3 0.008311 0.004177 0.096167 0.817075 0.074269
3 3 0.007575 0.003670 0.092326 0.807538 0.088892
3 3 0.007929 0.003967 0.093741 0.824662 0.069701
3 3 0.010881 0.006086 0.107606 0.830665 0.044762
3 3 0.020026 0.012109 0.147683 0.736400 0.083782
3 3 0.010986 0.006325 0.106634 0.842118 0.033936
3 3 0.014052 0.007727 0.125244 0.753420 0.099557
3 3 0.007518 0.003779 0.090692 0.839333 0.058679
3 3 0.004564 0.002291 0.066557 0.907139 0.019448
3 3 0.009734 0.005191 0.102973 0.824946 0.057156
3 3 0.013651 0.007923 0.120950 0.806078 0.051398
3 3 0.015516 0.008984 0.130281 0.773543 0.071677
3 3 0.010482 0.006087 0.103105 0.852414 0.027912
3 3 0.008595 0.004684 0.094492 0.857999 0.034229
3 3 0.008397 0.004801 0.090599 0.876245 0.019958
3 3 0.008624 0.004755 0.094090 0.861883 0.030648
3 3 0.007342 0.003883 0.087144 0.868898 0.032734
3 3 0.005867 0.003080 0.076024 0.893570 0.021459
3 3 0.005128 0.002603 0.071205 0.898650 0.022415
3 3 0.008618 0.004531 0.096393 0.840482 0.049976
3 3 0.010697 0.005842 0.107714 0.820459 0.055289
3 3 0.013462 0.007501 0.121949 0.779882 0.077206
3 3 0.009988 0.005287 0.104853 0.814218 0.065654
3 3 0.008742 0.004826 0.094812 0.860460 0.031161
3 3 0.011299 0.006508 0.108446 0.837758 0.035989
3 3 0.006037 0.003439 0.073589 0.906839 0.010095
3 3 0.005064 0.002848 0.066228 0.918019 0.007841
3 3 0.002425 0.001208 0.044372 0.946544 0.005452
3 3 0.001600 0.000771 0.034479 0.960010 0.003140
3 3 0.004070 0.002202 0.058950 0.927545 0.007233
3 3 0.007766 0.004368 0.087098 0.880958 0.019810
3 3 0.017660 0.010644 0.138022 0.770123 0.063551
3 3 0.017674 0.010287 0.139578 0.738740 0.093722
3 3 0.030702 0.019692 0.180133 0.636512 0.132960
3 3 0.025802 0.016012 0.166754 0.670090 0.121342
3 3 0.206746 0.054651 0.214204 0.280268 0.244130
0 3 0.472016 0.067997 0.177253 0.176102 0.106631
0 3 0.504383 0.106810 0.184194 0.148249 0.056365
0 1 0.455472 0.213332 0.165085 0.035127 0.130984
0 1 0.473622 0.153761 0.184394 0.093731 0.094493
2 2 0.001902 0.004101 0.827953 0.165580 0.000464
2 2 0.001107 0.002672 0.871484 0.124480 0.000256
2 2 0.001383 0.003608 0.907461 0.087171 0.000377
2 2 0.010376 0.015806 0.911922 0.059197 0.002699
2 2 0.020007 0.027443 0.854287 0.092437 0.005827
2 2 0.062614 0.066781 0.661415 0.181202 0.027989
2 2 0.129889 0.127590 0.506916 0.089932 0.145673
2 2 0.004150 0.021793 0.929155 0.035019 0.009882
2 2 0.002214 0.020389 0.951192 0.015591 0.010615
2 2 0.001751 0.015836 0.960192 0.015687 0.006534
2 2 0.001461 0.012379 0.963703 0.017658 0.004798
2 2 0.001159 0.006810 0.960266 0.029628 0.002138
2 2 0.001206 0.008086 0.959985 0.028509 0.002213
2 2 0.000706 0.005990 0.966227 0.025636 0.001440
2 2 0.000803 0.008668 0.966868 0.020502 0.003159
2 2 0.000460 0.005166 0.972965 0.018933 0.002477
2 2 0.000964 0.008423 0.958913 0.025966 0.005733
2 2 0.000968 0.007672 0.959130 0.028974 0.003256
2 2 0.001750 0.014804 0.945707 0.029901 0.007837
2 2 0.002532 0.019563 0.936977 0.028086 0.012843
2 2 0.003087 0.018617 0.936427 0.028398 0.013472
2 2 0.003646 0.013586 0.895417 0.080585 0.006765
2 2 0.003292 0.020964 0.933379 0.032171 0.010194
2 2 0.001012 0.007019 0.942847 0.046812 0.002311
2 2 0.000613 0.004695 0.949600 0.043145 0.001947
2 2 0.000277 0.002268 0.959345 0.037228 0.000882
2 2 0.000332 0.001754 0.937415 0.059347 0.001151
2 2 0.000728 0.002784 0.900455 0.093642 0.002392
2 2 0.001187 0.004804 0.915000 0.074081 0.004928
2 2 0.001567 0.007221 0.898075 0.083886 0.009252
2 2 0.002617 0.016291 0.907148 0.054417 0.019528
2 2 0.001826 0.014957 0.922686 0.046172 0.014359
2 2 0.002364 0.020412 0.915327 0.040587 0.021309
2 2 0.002165 0.023073 0.927750 0.024239 0.022773
2 2 0.003568 0.034598 0.868475 0.030573 0.062785
2 2 0.007549 0.052312 0.738543 0.056960 0.144636
2 2 0.012001 0.069784 0.592439 0.062595 0.263180
4 2 0.020935 0.083913 0.348941 0.063488 0.482723
4 2 0.023860 0.087285 0.187915 0.035775 0.665166
4 2 0.023534 0.084280 0.121713 0.012497 0.757976
4 2 0.020942 0.090632 0.121861 0.010468 0.756097
4 2 0.194896 0.073105 0.043247 0.002597 0.686155
4 1 0.215524 0.152599 0.227976 0.011965 0.391936
0 2 0.593821 0.154192 0.090717 0.016525 0.144745
0 1 0.630163 0.149062 0.089288 0.017941 0.113546
2 2 0.070214 0.273872 0.538188 0.019235 0.098491
2 2 0.116177 0.263980 0.372392 0.028825 0.218626
2 2 0.006248 0.041898 0.920447 0.020452 0.010954
2 2 0.002211 0.014919 0.960202 0.019345 0.003323
2 2 0.001458 0.011504 0.972580 0.012640 0.001818
2 2 0.000913 0.006891 0.973186 0.018217 0.000794
2 2 0.001341 0.008510 0.960165 0.029090 0.000894
2 2 0.002469 0.014778 0.950988 0.029880 0.001886
2 2 0.010510 0.086934 0.869466 0.014504 0.018587
2 2 0.009065 0.090327 0.868785 0.011010 0.020812
2 2 0.008318 0.063202 0.903030 0.012769 0.012680
2 2 0.009061 0.072283 0.884724 0.016210 0.017721
2 2 0.007576 0.076271 0.884859 0.015136 0.016158
2 2 0.002962 0.038172 0.940423 0.012915 0.005528
2 2 0.001274 0.015629 0.966590 0.014775 0.001732
2 2 0.001219 0.012561 0.967289 0.017049 0.001882
2 2 0.001099 0.007976 0.968297 0.021791 0.000838
2 2 0.002762 0.010107 0.933183 0.052457 0.001491
2 2 0.003639 0.013991 0.940907 0.039415 0.002048
2 2 0.004178 0.018492 0.946612 0.027838 0.002880
2 2 0.004523 0.024373 0.941173 0.026075 0.003856
2 2 0.004084 0.032888 0.939931 0.018062 0.005035
2 2 0.003573 0.037698 0.935422 0.017890 0.005417
2 2 0.002958 0.036149 0.942964 0.012961 0.004967
2 2 0.003087 0.034770 0.939913 0.017236 0.004994
2 2 0.004197 0.042442 0.925054 0.020504 0.007803
2 2 0.003869 0.029401 0.921536 0.040794 0.004400
2 2 0.004023 0.027948 0.907841 0.055673 0.004516
2 2 0.005267 0.022319 0.890190 0.078760 0.003463
2 2 0.007508 0.022570 0.856254 0.109720 0.003948
2 2 0.003281 0.014619 0.919734 0.060388 0.001978
2 2 0.006964 0.025470 0.946342 0.016773 0.004451
2 1 0.014400 0.025736 0.937879 0.016786 0.005199
2 2 0.142057 0.098301 0.691226 0.035006 0.033410
2 0 0.258774 0.142370 0.480132 0.056444 0.062280
0 0 0.497700 0.182448 0.159686 0.034198 0.125967
0 1 0.691557 0.132253 0.058409 0.007786 0.109995
0 0 0.679927 0.134609 0.067359 0.010602 0.107503
0 0 0.521290 0.187772 0.082572 0.006902 0.201464
0 1 0.353280 0.188415 0.341137 0.017372 0.099796
0 1 0.468048 0.230773 0.130642 0.014936 0.155601
0 0 0.551584 0.211745 0.080823 0.005824 0.150024
1 0 0.224045 0.363048 0.203699 0.016284 0.192923
1 1 0.223876 0.339409 0.255173 0.013141 0.168401
2 1 0.137648 0.294377 0.424379 0.018832 0.124764
1 0 0.240020 0.365819 0.194946 0.009898 0.189318
1 0 0.174802 0.401499 0.213512 0.013042 0.197145
1 0 0.126781 0.444804 0.220450 0.009609 0.198357
1 0 0.098610 0.440262 0.263988 0.012251 0.184889
2 1 0.021120 0.241762 0.653404 0.009283 0.074430
2 1 0.010003 0.102687 0.845680 0.010093 0.031537
2 2 0.003554 0.028488 0.948615 0.013579 0.005764
2 2 0.002915 0.015970 0.959272 0.019596 0.002247
2 2 0.003271 0.018014 0.953668 0.022451 0.002595
2 2 0.002036 0.020232 0.959178 0.015360 0.003194
2 2 0.002192 0.026777 0.955409 0.010543 0.005079
2 2 0.002217 0.022726 0.958313 0.012547 0.004196
2 2 0.003660 0.026578 0.944782 0.020344 0.004636
2 2 0.005545 0.035206 0.926478 0.026550 0.006220
2 2 0.007725 0.056335 0.904715 0.020492 0.010733
2 2 0.008279 0.066200 0.888609 0.021060 0.015852
2 2 0.007210 0.061503 0.898644 0.016871 0.015772
2 2 0.007981 0.068708 0.890242 0.015101 0.017967
2 2 0.006134 0.054481 0.902974 0.019957 0.016454
2 2 0.006975 0.062810 0.894151 0.019944 0.016120
2 2 0.005555 0.053030 0.912444 0.019738 0.009233
2 2 0.005784 0.053548 0.914151 0.017385 0.009131
2 2 0.005795 0.051411 0.915551 0.016811 0.010432
2 2 0.002170 0.022611 0.954552 0.017590 0.003078
2 2 0.002855 0.026741 0.945267 0.020928 0.004210
2 2 0.002462 0.025226 0.950646 0.017930 0.003736
2 2 0.002620 0.035022 0.942702 0.014632 0.005024
2 2 0.002254 0.028969 0.952519 0.012405 0.003854
2 2 0.003102 0.023867 0.944957 0.024812 0.003263
2 2 0.002933 0.020035 0.941584 0.032795 0.002653
2 2 0.004154 0.036058 0.930497 0.022078 0.007213
2 2 0.005433 0.040037 0.920726 0.024034 0.009771
2 2 0.005602 0.030406 0.907441 0.049601 0.006949
2 2 0.003168 0.019416 0.922393 0.051360 0.003664
2 2 0.003971 0.025990 0.910417 0.052913 0.006709
2 2 0.002821 0.018421 0.913190 0.061354 0.004214
2 2 0.002793 0.020026 0.905242 0.067020 0.004920
2 2 0.002363 0.016889 0.926245 0.051049 0.003455
2 2 0.003365 0.020456 0.918766 0.052064 0.005348
2 2 0.002471 0.018698 0.935608 0.039463 0.003760
2 2 0.003331 0.022668 0.912733 0.055091 0.006177
2 2 0.002852 0.015587 0.891801 0.086298 0.003462
2 2 0.002171 0.010696 0.905027 0.079387 0.002719
2 2 0.001893 0.006757 0.882363 0.107248 0.001739
2 2 0.001974 0.006184 0.875880 0.115054 0.000908
2 2 0.003442 0.014456 0.886244 0.091948 0.003911
2 2 0.002520 0.013014 0.926912 0.055893 0.001662
2 2 0.001371 0.007785 0.936428 0.053521 0.000895
2 2 0.002221 0.013530 0.939353 0.042795 0.002100
2 2 0.002000 0.012335 0.949030 0.034267 0.002368
2 2 0.001124 0.007477 0.945538 0.044641 0.001220
2 2 0.000876 0.005554 0.944951 0.047701 0.000918
2 2 0.001181 0.008388 0.956524 0.032690 0.001217
2 2 0.002076 0.009897 0.917453 0.069094 0.001479
2 2 0.001315 0.009068 0.945601 0.042486 0.001530
2 2 0.001199 0.007743 0.932703 0.057023 0.001333
2 2 0.001149 0.006126 0.909171 0.082340 0.001214
2 2 0.001644 0.006238 0.880161 0.110768 0.001189
2 2 0.002242 0.008167 0.858721 0.129162 0.001709
2 2 0.002461 0.011641 0.860908 0.122491 0.002499
2 2 0.002787 0.024705 0.919975 0.045847 0.006687
2 2 0.003970 0.023416 0.885758 0.078797 0.008058
2 2 0.003419 0.018830 0.883885 0.087486 0.006380
2 2 0.005184 0.021781 0.822717 0.142018 0.008300
2 2 0.003396 0.016819 0.835509 0.137737 0.006539
2 2 0.003371 0.014563 0.785596 0.191469 0.005001
2 2 0.002373 0.007336 0.676723 0.311753 0.001815
2 3 0.002009 0.007242 0.747530 0.240884 0.002335
2 3 0.000843 0.003999 0.840428 0.153534 0.001195
2 3 0.000653 0.004743 0.942169 0.049772 0.002662
2 3 0.000572 0.005504 0.965661 0.024540 0.003724
2 3 0.000946 0.009557 0.958148 0.025858 0.005490
2 3 0.001276 0.010010 0.944322 0.040003 0.004389
2 3 0.000953 0.008342 0.938610 0.049147 0.002948
2 3 0.001645 0.010205 0.882688 0.101508 0.003954
2 3 0.004049 0.010835 0.613327 0.366843 0.004947
3 3 0.005798 0.009207 0.404943 0.576074 0.003978
3 3 0.006909 0.014022 0.480264 0.492825 0.005981
2 3 0.008404 0.027716 0.660694 0.287873 0.015313
2 3 0.006458 0.025111 0.714819 0.240340 0.013272
2 3 0.005143 0.012199 0.570082 0.405412 0.007164
2 3 0.005958 0.009814 0.611259 0.365839 0.007130
2 2 0.005841 0.009796 0.694987 0.281989 0.007387
2 2 0.000823 0.004002 0.929238 0.065182 0.000755
2 2 0.001070 0.003602 0.901960 0.092506 0.000862
2 2 0.002098 0.007284 0.933479 0.055400 0.001740
2 2 0.002414 0.007184 0.899216 0.089648 0.001539
2 2 0.004018 0.013595 0.884769 0.093993 0.003625
2 2 0.001985 0.011778 0.952485 0.031554 0.002197
2 2 0.002837 0.016512 0.948821 0.028310 0.003520
2 2 0.001843 0.010777 0.954978 0.031060 0.001343
2 2 0.001303 0.010485 0.968504 0.018207 0.001502
2 2 0.000810 0.006804 0.971513 0.019971 0.000902
2 2 0.000859 0.006212 0.968706 0.023107 0.001116
2 2 0.002622 0.006603 0.917131 0.072785 0.000859
2 2 0.019321 0.024180 0.930007 0.021834 0.004657
2 2 0.055113 0.074869 0.794945 0.052317 0.022755
2 2 0.060565 0.260160 0.572511 0.017455 0.089308
2 2 0.075971 0.303100 0.494011 0.016444 0.110473
2 2 0.001458 0.020725 0.960172 0.009999 0.007645
2 2 0.001756 0.017976 0.957727 0.013510 0.009031
2 2 0.005611 0.051328 0.835230 0.021168 0.086662
4 4 0.013881 0.082925 0.272211 0.024513 0.606471
4 4 0.013399 0.049274 0.073507 0.006202 0.857618
4 4 0.023332 0.034107 0.038570 0.002628 0.901363
4 4 0.025889 0.025946 0.026721 0.001641 0.919803
4 4 0.030032 0.034528 0.030709 0.001474 0.903258
4 4 0.029352 0.027375 0.024183 0.001159 0.917930
4 4 0.040864 0.028617 0.021126 0.000844 0.908549
4 4 0.081144 0.038378 0.024867 0.001099 0.854512
4 4 0.116171 0.049499 0.029434 0.001322 0.803573
4 4 0.099911 0.072221 0.046300 0.002145 0.779423
4 4 0.111999 0.102515 0.068061 0.003570 0.713855
4 4 0.032700 0.009706 0.009828 0.000749 0.947016
4 4 0.053979 0.023750 0.019747 0.001205 0.901319
4 4 0.081071 0.057661 0.038131 0.001690 0.821447
4 4 0.072733 0.037078 0.018905 0.000482 0.870802
4 4 0.071413 0.064642 0.034989 0.000945 0.828012
4 4 0.064352 0.030961 0.015226 0.000342 0.889119
4 4 0.062562 0.012490 0.006013 0.000142 0.918792
4 4 0.048181 0.008194 0.004675 0.000142 0.938809
4 4 0.056475 0.006072 0.003910 0.000172 0.933370
4 4 0.044719 0.003858 0.002666 0.000126 0.948631
4 4 0.016022 0.005242 0.005325 0.000295 0.973115
4 4 0.023524 0.010337 0.012469 0.001108 0.952563
4 4 0.020917 0.003604 0.005689 0.000752 0.969037
4 4 0.025553 0.003682 0.005834 0.000864 0.964067
4 4 0.023787 0.002495 0.002736 0.000229 0.970753
4 4 0.032360 0.001601 0.000993 0.000035 0.965011
4 4 0.028337 0.002578 0.001844 0.000076 0.967165
4 4 0.060110 0.007692 0.004334 0.000147 0.927718
4 4 0.048622 0.008201 0.003711 0.000071 0.939395
4 4 0.043557 0.037916 0.021961 0.000538 0.896029
4 4 0.044627 0.050906 0.036156 0.001323 0.866988
4 4 0.070614 0.087793 0.062504 0.002884 0.776204
4 4 0.105187 0.169193 0.124711 0.007891 0.593017
4 4 0.077290 0.220557 0.225204 0.025168 0.451782
4 4 0.063640 0.223774 0.257106 0.030786 0.424694
4 4 0.061036 0.122291 0.114811 0.008589 0.693273
4 4 0.037973 0.111833 0.120965 0.009235 0.719995
4 4 0.071289 0.111973 0.084591 0.004400 0.727748
4 4 0.088300 0.109616 0.072514 0.003256 0.726314
4 4 0.135033 0.119893 0.059684 0.001931 0.683460
4 4 0.072878 0.186792 0.151842 0.009530 0.578958
4 4 0.039559 0.203818 0.306621 0.029472 0.420530
4 4 0.052314 0.171598 0.185997 0.017701 0.572389
4 4 0.067501 0.156251 0.160034 0.015519 0.600695
4 4 0.049240 0.098155 0.098122 0.007389 0.747094
4 4 0.055597 0.103699 0.105609 0.008873 0.726221
4 4 0.060038 0.106045 0.092335 0.005841 0.735741
4 4 0.056505 0.158007 0.163472 0.014570 0.607446
4 4 0.043999 0.209513 0.275233 0.037506 0.433748
2 4 0.039057 0.213065 0.467611 0.053368 0.226900
2 4 0.078740 0.227729 0.477612 0.007776 0.208143
2 4 0.067741 0.277246 0.449912 0.011215 0.193887
1 0 0.091946 0.438502 0.246300 0.007900 0.215351
4 1 0.134119 0.287357 0.123855 0.003151 0.451517
2 1 0.035560 0.242364 0.501613 0.049921 0.170543
2 2 0.016882 0.178259 0.643269 0.029573 0.132016
2 2 0.008950 0.105522 0.796487 0.028893 0.060148
2 2 0.004120 0.059246 0.879099 0.020802 0.036733
2 2 0.002926 0.041876 0.909258 0.017939 0.028001
2 2 0.001970 0.027756 0.930377 0.015893 0.024004
2 2 0.003419 0.042296 0.887332 0.015592 0.051361
2 2 0.004177 0.053670 0.880855 0.016532 0.044767
2 2 0.004868 0.061803 0.861945 0.017769 0.053615
2 2 0.005143 0.068031 0.859322 0.014730 0.052774
2 2 0.004548 0.055185 0.872193 0.018836 0.049238
2 2 0.005512 0.061066 0.856173 0.023531 0.053718
2 2 0.009470 0.078648 0.798388 0.030881 0.082613
2 2 0.006392 0.067484 0.839143 0.019178 0.067803
2 2 0.007070 0.081544 0.813027 0.012700 0.085658
2 2 0.007714 0.084842 0.792305 0.009849 0.105290
2 2 0.006579 0.065970 0.843555 0.012311 0.071584
2 2 0.007643 0.066100 0.850055 0.017361 0.058841
2 2 0.005567 0.060643 0.865062 0.011914 0.056815
2 2 0.004148 0.053491 0.885663 0.011486 0.045212
2 2 0.003939 0.044893 0.895401 0.013721 0.042046
2 2 0.004194 0.040361 0.901851 0.016856 0.036738
2 2 0.005312 0.049183 0.881988 0.013842 0.049674
2 2 0.006655 0.059815 0.865205 0.015924 0.052400
2 2 0.006471 0.060731 0.855475 0.016334 0.060990
2 2 0.003955 0.038113 0.905497 0.018098 0.034337
2 2 0.002744 0.023884 0.934978 0.021419 0.016975
2 2 0.002041 0.017832 0.948313 0.021738 0.010076
2 2 0.001896 0.021802 0.951178 0.011099 0.014025
2 2 0.001831 0.026295 0.943933 0.007763 0.020177
2 2 0.002581 0.036106 0.918457 0.008777 0.034079
2 2 0.001451 0.023065 0.950453 0.008049 0.016982
2 2 0.001193 0.016155 0.959597 0.013610 0.009444
2 2 0.001302 0.010845 0.945876 0.035618 0.006360
2 2 0.002213 0.013198 0.908227 0.069101 0.007262
2 2 0.002876 0.018237 0.895051 0.070893 0.012942
2 2 0.002266 0.021316 0.923010 0.036383 0.017026
2 2 0.001296 0.015055 0.947106 0.025204 0.011339
2 2 0.000930 0.011856 0.957421 0.021237 0.008556
2 2 0.000869 0.009079 0.957213 0.026093 0.006746
2 2 0.000780 0.007856 0.955521 0.030551 0.005292
2 2 0.000800 0.005702 0.929397 0.060487 0.003614
2 2 0.000904 0.008100 0.939173 0.044868 0.006955
2 2 0.001038 0.010124 0.936723 0.042771 0.009344
2 3 0.001168 0.011490 0.930692 0.044911 0.011738
2 3 0.001432 0.012768 0.913897 0.058898 0.013005
2 3 0.002496 0.009324 0.775997 0.208120 0.004063
2 3 0.002560 0.009815 0.768610 0.214152 0.004862
2 3 0.002299 0.008778 0.765264 0.217373 0.006286
2 3 0.002728 0.009854 0.714368 0.263550 0.009499
2 3 0.004261 0.012201 0.654193 0.314907 0.014438
2 3 0.005652 0.012691 0.550343 0.417035 0.014279
2 3 0.006994 0.017135 0.595481 0.363710 0.016680
2 3 0.007158 0.026482 0.660626 0.275417 0.030318
2 3 0.005785 0.017275 0.676843 0.286317 0.013779
2 3 0.004907 0.010570 0.604062 0.373169 0.007291
3 3 0.003642 0.005681 0.444360 0.542460 0.003856
3 3 0.003407 0.006044 0.443515 0.544537 0.002496
3 3 0.002695 0.003162 0.258034 0.734746 0.001362
3 3 0.002937 0.003424 0.260194 0.731849 0.001596
3 3 0.002295 0.002088 0.176827 0.817277 0.001513
3 3 0.003372 0.003247 0.200705 0.787706 0.004970
3 3 0.002063 0.001571 0.131118 0.863005 0.002243
3 3 0.004238 0.005152 0.307605 0.675193 0.007812
3 3 0.003474 0.004924 0.437414 0.549699 0.004490
2 3 0.005502 0.009098 0.628597 0.348953 0.007850
2 3 0.008351 0.013915 0.669215 0.302099 0.006419
2 3 0.008184 0.026318 0.773396 0.181021 0.011080
2 3 0.006162 0.036286 0.842503 0.102109 0.012940
2 3 0.005269 0.034766 0.855386 0.088826 0.015753
2 3 0.006099 0.028037 0.793959 0.157900 0.014005
2 3 0.006121 0.018483 0.654570 0.309473 0.011352
3 3 0.004919 0.008404 0.452635 0.528626 0.005416
3 3 0.006258 0.008647 0.353141 0.625040 0.006915
3 3 0.005672 0.005835 0.282684 0.702202 0.003607
3 3 0.003115 0.003656 0.329676 0.662241 0.001311
2 3 0.004547 0.010741 0.566372 0.415274 0.003065
3 3 0.002866 0.004428 0.430025 0.561732 0.000949
3 3 0.002964 0.003903 0.377957 0.614198 0.000978
3 3 0.003257 0.003934 0.370915 0.620780 0.001115
3 3 0.003351 0.004114 0.344858 0.645701 0.001976
3 3 0.004702 0.006440 0.336884 0.648005 0.003969
3 3 0.004163 0.005815 0.304011 0.682095 0.003915
3 3 0.002246 0.001818 0.103789 0.891378 0.000769
3 3 0.002123 0.001922 0.143326 0.852001 0.000627
3 3 0.002848 0.002486 0.132187 0.861666 0.000812
3 3 0.003783 0.003779 0.222567 0.768625 0.001245
3 3 0.016579 0.018446 0.358897 0.600753 0.005325
2 2 0.047482 0.035018 0.751563 0.157833 0.008105
2 2 0.032243 0.044147 0.693584 0.217923 0.012104
2 2 0.070635 0.288816 0.510872 0.022929 0.106747
2 2 0.098981 0.357418 0.397935 0.010074 0.135592
2 2 0.002534 0.030554 0.945973 0.010652 0.010286
2 2 0.002953 0.026063 0.946323 0.012814 0.011847
2 2 0.005421 0.027157 0.930376 0.027131 0.009915
2 2 0.006482 0.038285 0.922752 0.024125 0.008356
2 2 0.013033 0.080365 0.867763 0.020563 0.018277
2 2 0.009384 0.055856 0.899423 0.024109 0.011229
2 2 0.006056 0.041316 0.927081 0.018266 0.007281
2 2 0.006689 0.042311 0.922396 0.020946 0.007657
2 2 0.009608 0.058132 0.904575 0.015457 0.012227
2 2 0.014686 0.073588 0.871579 0.022628 0.017519
2 2 0.014009 0.092080 0.853829 0.018488 0.021595
2 2 0.012052 0.105113 0.847521 0.011272 0.024042
2 2 0.008578 0.070288 0.895192 0.011646 0.014295
2 2 0.004626 0.035862 0.940389 0.013229 0.005894
2 2 0.007460 0.044161 0.918754 0.021311 0.008314
2 2 0.015621 0.087029 0.849669 0.026956 0.020725
2 2 0.013256 0.096305 0.844882 0.024020 0.021538
2 2 0.006987 0.065691 0.900575 0.014642 0.012104
2 2 0.004510 0.053200 0.924895 0.008666 0.008729
2 2 0.005645 0.045706 0.928480 0.012111 0.008057
