0 0 0.985823 0.002725 0.000888 0.000196 0.010368
0 0 0.990389 0.001613 0.000574 0.000282 0.007142
0 0 0.989985 0.001319 0.000701 0.001569 0.006426
0 0 0.994435 0.000693 0.000301 0.000637 0.003935
0 0 0.984417 0.002129 0.000814 0.000463 0.012177
0 0 0.957876 0.006376 0.001753 0.000133 0.033862
0 0 0.626015 0.098459 0.054312 0.003476 0.217738
0 0 0.507846 0.198208 0.156151 0.013811 0.123984
0 0 0.451232 0.253682 0.163406 0.011817 0.119863
1 0 0.321444 0.374376 0.193714 0.007971 0.102495
1 0 0.319269 0.406804 0.153046 0.003377 0.117504
0 1 0.416777 0.291617 0.126371 0.003199 0.162037
1 1 0.323774 0.353703 0.224871 0.006230 0.091423
0 1 0.405648 0.297186 0.182399 0.007683 0.107085
0 1 0.306706 0.306226 0.214071 0.010755 0.162243
0 1 0.433416 0.209782 0.128587 0.007157 0.221058
0 1 0.551556 0.158977 0.101186 0.004510 0.183771
0 1 0.588436 0.160373 0.068608 0.002605 0.179977
0 1 0.381779 0.295760 0.122629 0.003244 0.196588
1 1 0.200905 0.449653 0.175975 0.003099 0.170367
1 1 0.127197 0.509455 0.206848 0.003236 0.153264
1 1 0.073716 0.521902 0.238244 0.003610 0.162529
1 1 0.046682 0.519643 0.304340 0.006397 0.122938
1 1 0.057886 0.491892 0.327619 0.009771 0.112833
1 2 0.073931 0.452562 0.350910 0.015634 0.106963
2 2 0.085317 0.360074 0.397040 0.025914 0.131654
2 2 0.063853 0.268361 0.563724 0.031664 0.072398
2 2 0.047759 0.200076 0.664586 0.044984 0.042596
2 2 0.022322 0.120668 0.782324 0.054267 0.020418
2 2 0.014239 0.078128 0.849878 0.044612 0.013142
2 2 0.001015 0.009304 0.964675 0.024012 0.000993
2 2 0.002248 0.009244 0.964057 0.022386 0.002065
2 2 0.009484 0.035781 0.908723 0.037149 0.008863
2 2 0.014752 0.037852 0.829633 0.103756 0.014007
2 2 0.011494 0.039457 0.852170 0.085971 0.010908
2 2 0.002034 0.007552 0.919999 0.068393 0.002021
2 2 0.000736 0.003513 0.935298 0.059703 0.000750
2 2 0.000515 0.003342 0.959071 0.036551 0.000521
2 2 0.000451 0.002945 0.947511 0.048631 0.000462
2 2 0.000265 0.001596 0.933912 0.063948 0.000278
2 2 0.000216 0.001307 0.897746 0.100500 0.000230
2 3 0.000177 0.001056 0.829239 0.169335 0.000192
2 3 0.000338 0.001669 0.775133 0.222496 0.000363
2 3 0.000251 0.001322 0.769620 0.228535 0.000272
2 3 0.000256 0.001260 0.674504 0.323701 0.000279
2 3 0.000135 0.000760 0.650719 0.348235 0.000151
2 3 0.000206 0.001081 0.692025 0.306461 0.000226
2 3 0.000101 0.000634 0.713645 0.285507 0.000113
2 3 0.000082 0.000537 0.703763 0.295526 0.000092
2 3 0.000086 0.000568 0.735064 0.264186 0.000096
2 3 0.000359 0.001557 0.599676 0.398017 0.000391
2 3 0.000733 0.002615 0.559057 0.436812 0.000783
3 3 0.001795 0.004834 0.458453 0.533035 0.001882
2 3 0.001040 0.003577 0.624088 0.370199 0.001097
3 3 0.001037 0.003256 0.492748 0.501856 0.001102
3 3 0.000882 0.002811 0.462818 0.532546 0.000943
3 3 0.000888 0.002603 0.366392 0.629166 0.000952
3 3 0.000509 0.001622 0.319719 0.677595 0.000555
3 3 0.000393 0.001133 0.194915 0.803124 0.000433
3 3 0.000412 0.001282 0.256259 0.741595 0.000452
3 3 0.000202 0.000554 0.102140 0.896878 0.000226
3 3 0.000117 0.000353 0.092035 0.907363 0.000133
3 3 0.000169 0.000506 0.117026 0.882107 0.000191
3 3 0.000195 0.000571 0.121670 0.877345 0.000219
2 3 0.005929 0.012058 0.531385 0.444994 0.005634
3 3 0.035097 0.034564 0.262865 0.637833 0.029640
3 3 0.040079 0.027740 0.191088 0.714127 0.026966
3 2 0.086201 0.044972 0.178346 0.638951 0.051531
3 2 0.054223 0.048545 0.261589 0.590378 0.045265
3 3 0.000295 0.001215 0.465906 0.532259 0.000325
2 3 0.000585 0.002217 0.570938 0.425632 0.000628
3 3 0.002743 0.006634 0.447211 0.540569 0.002843
3 3 0.005974 0.012171 0.457222 0.518576 0.006057
3 3 0.004976 0.009448 0.330684 0.649796 0.005096
3 3 0.002092 0.004735 0.307004 0.683974 0.002195
3 3 0.002160 0.004120 0.185048 0.806400 0.002272
3 3 0.002143 0.003841 0.150933 0.840827 0.002256
3 3 0.001477 0.002194 0.062139 0.932617 0.001572
3 3 0.001568 0.002399 0.071659 0.922709 0.001666
3 3 0.001042 0.001790 0.076740 0.919308 0.001119
3 3 0.000625 0.001149 0.064699 0.932845 0.000682
3 3 0.001017 0.001910 0.100406 0.895573 0.001094
3 3 0.000808 0.001520 0.084893 0.911904 0.000875
3 3 0.000569 0.001104 0.072233 0.925473 0.000621
3 3 0.000277 0.000525 0.038544 0.960345 0.000309
3 3 0.000226 0.000461 0.041773 0.957286 0.000253
3 3 0.000369 0.000761 0.063142 0.935320 0.000408
3 3 0.000525 0.001141 0.098333 0.899427 0.000574
3 3 0.001064 0.002156 0.132804 0.862833 0.001143
3 3 0.001391 0.002511 0.111967 0.882648 0.001483
3 3 0.000422 0.000812 0.055893 0.942408 0.000465
3 3 0.000533 0.000997 0.060739 0.937148 0.000583
3 3 0.001566 0.002160 0.050974 0.943636 0.001664
3 3 0.001201 0.001622 0.038827 0.957064 0.001285
3 3 0.001279 0.001558 0.029013 0.966785 0.001366
3 3 0.000484 0.000801 0.037808 0.960375 0.000531
3 3 0.000382 0.000631 0.031387 0.967178 0.000422
3 3 0.000601 0.001029 0.049946 0.947768 0.000655
3 3 0.001375 0.002055 0.060052 0.935052 0.001466
3 3 0.001349 0.002200 0.078681 0.916330 0.001440
3 3 0.002237 0.002809 0.049159 0.943441 0.002354
3 3 0.001268 0.001972 0.064252 0.931152 0.001356
3 3 0.001514 0.001818 0.036524 0.958606 0.001537
3 3 0.002163 0.002496 0.040224 0.952911 0.002205
3 3 0.001560 0.002274 0.060942 0.933566 0.001658
3 3 0.001012 0.001550 0.051578 0.944772 0.001088
3 3 0.000947 0.001649 0.074510 0.921874 0.001020
3 3 0.029491 0.028778 0.317211 0.602219 0.022300
3 3 0.032321 0.036054 0.241017 0.659162 0.031445
3 3 0.024642 0.028043 0.240143 0.683969 0.023204
2 3 0.064545 0.129788 0.422210 0.323234 0.060222
3 3 0.003918 0.008064 0.356582 0.627401 0.004035
3 3 0.003114 0.005627 0.191289 0.796729 0.003241
3 3 0.006154 0.009255 0.187871 0.790431 0.006289
3 3 0.004873 0.006382 0.101601 0.882124 0.005020
3 3 0.008856 0.009711 0.089438 0.883023 0.008972
3 3 0.005389 0.007495 0.132943 0.848639 0.005533
3 3 0.008304 0.010808 0.148053 0.824413 0.008422
3 3 0.008068 0.011593 0.198176 0.773981 0.008182
3 3 0.006987 0.011203 0.251311 0.723394 0.007104
3 3 0.003155 0.004148 0.074189 0.915217 0.003290
3 3 0.004112 0.004175 0.045194 0.942460 0.004059
3 3 0.015416 0.013290 0.104062 0.854195 0.013037
3 3 0.020275 0.014554 0.077204 0.871439 0.016529
3 3 0.030611 0.019727 0.094211 0.832635 0.022816
3 3 0.015539 0.011620 0.065922 0.893776 0.013143
3 3 0.031055 0.018029 0.086171 0.843296 0.021449
3 3 0.008669 0.007700 0.062126 0.913611 0.007895
3 3 0.014903 0.009642 0.055539 0.908558 0.011358
3 3 0.006837 0.005299 0.036835 0.944967 0.006062
3 3 0.005246 0.004482 0.033155 0.952090 0.005027
3 3 0.002054 0.002265 0.030042 0.963474 0.002166
3 3 0.003401 0.004076 0.058020 0.930965 0.003538
3 3 0.004665 0.004872 0.047012 0.938640 0.004811
3 3 0.002591 0.002811 0.034016 0.957867 0.002715
3 3 0.002484 0.002427 0.023301 0.969184 0.002604
3 3 0.001306 0.001152 0.011852 0.984365 0.001325
3 3 0.005856 0.003422 0.024839 0.961640 0.004243
3 3 0.020165 0.007694 0.041676 0.920083 0.010382
3 3 0.058574 0.015412 0.064069 0.839579 0.022366
3 3 0.017320 0.006117 0.034475 0.933625 0.008463
3 3 0.010559 0.004173 0.026474 0.953124 0.005670
3 3 0.009318 0.003518 0.023025 0.959284 0.004855
3 3 0.015886 0.007327 0.041918 0.925421 0.009448
3 3 0.030150 0.010896 0.053392 0.890795 0.014766
3 3 0.016194 0.006442 0.036812 0.931909 0.008643
3 3 0.017699 0.007204 0.040248 0.925265 0.009584
3 3 0.014784 0.005063 0.029683 0.943379 0.007091
3 3 0.006699 0.003278 0.023116 0.962655 0.004251
3 3 0.009267 0.003875 0.025346 0.956310 0.005202
3 3 0.012598 0.008434 0.071257 0.898839 0.008873
3 3 0.007962 0.006344 0.053770 0.925261 0.006662
3 3 0.004219 0.004653 0.052074 0.934691 0.004363
3 3 0.003296 0.003639 0.043265 0.946368 0.003432
3 3 0.004842 0.005002 0.046643 0.938525 0.004988
3 3 0.013764 0.010513 0.061471 0.902392 0.011861
3 3 0.008572 0.005886 0.038827 0.939794 0.006920
3 3 0.006468 0.004069 0.028794 0.955736 0.004933
3 3 0.005385 0.003426 0.025333 0.961696 0.004160
3 3 0.003479 0.002073 0.017028 0.974830 0.002590
3 3 0.006480 0.003339 0.023709 0.962198 0.004273
3 3 0.004307 0.002529 0.019751 0.970259 0.003155
3 3 0.008827 0.006108 0.039998 0.937906 0.007160
3 3 0.002578 0.002429 0.021261 0.971032 0.002700
3 3 0.001819 0.001698 0.016152 0.978421 0.001909
3 3 0.002692 0.002143 0.018621 0.974053 0.002491
3 3 0.006382 0.004751 0.048760 0.935210 0.004897
3 3 0.028548 0.022368 0.150668 0.776375 0.022041
3 2 0.022233 0.030495 0.347879 0.577596 0.021796
3 2 0.010707 0.018968 0.449580 0.510065 0.010680
2 2 0.013041 0.024664 0.597895 0.351575 0.012825
2 2 0.000245 0.001247 0.708438 0.289803 0.000267
2 2 0.000197 0.001119 0.794864 0.203606 0.000214
2 2 0.000173 0.001064 0.860725 0.137851 0.000187
2 2 0.000309 0.001641 0.844767 0.152952 0.000330
2 2 0.000309 0.001669 0.864913 0.132781 0.000329
2 2 0.000415 0.002503 0.902056 0.094592 0.000434
2 2 0.000395 0.003798 0.959902 0.035206 0.000699
2 2 0.000780 0.005994 0.949907 0.041657 0.001662
2 2 0.000823 0.009366 0.959343 0.026521 0.003947
2 2 0.000818 0.012921 0.967925 0.012797 0.005539
2 2 0.001173 0.017270 0.963594 0.012631 0.005332
2 2 0.002455 0.042397 0.941136 0.005784 0.008228
2 2 0.003999 0.069709 0.910178 0.003192 0.012922
2 2 0.006336 0.084931 0.886157 0.004886 0.017691
2 2 0.004429 0.063180 0.914761 0.004078 0.013552
2 2 0.002379 0.041487 0.938438 0.004626 0.013070
2 2 0.000965 0.027975 0.956476 0.003217 0.011366
2 2 0.001904 0.049104 0.919565 0.004031 0.025396
2 2 0.002172 0.056393 0.901251 0.002834 0.037351
2 2 0.002584 0.067916 0.882755 0.002140 0.044606
2 2 0.003513 0.090435 0.841412 0.001915 0.062725
2 2 0.003531 0.092376 0.857738 0.002496 0.043858
2 2 0.003595 0.095700 0.850973 0.001887 0.047845
2 2 0.002075 0.050388 0.926331 0.003000 0.018207
2 2 0.002669 0.053049 0.919611 0.004430 0.020242
2 2 0.002001 0.035310 0.943912 0.007958 0.010820
2 2 0.002960 0.041678 0.921892 0.014348 0.019122
2 2 0.003339 0.043546 0.895220 0.022914 0.034981
2 2 0.002499 0.033887 0.909591 0.026033 0.027991
2 2 0.005500 0.052864 0.887340 0.017719 0.036578
2 2 0.026560 0.102230 0.787326 0.017634 0.066249
2 2 0.028572 0.078456 0.796156 0.055559 0.041258
2 2 0.030255 0.105943 0.741800 0.062379 0.059623
2 2 0.026054 0.133439 0.744910 0.031508 0.064089
2 2 0.001170 0.012362 0.943730 0.039919 0.002819
2 2 0.000671 0.008975 0.957753 0.030940 0.001661
2 2 0.000731 0.008754 0.970903 0.018485 0.001127
2 2 0.000765 0.005857 0.963505 0.029111 0.000761
2 2 0.002132 0.017038 0.967013 0.011808 0.002009
2 2 0.014332 0.067315 0.884938 0.020485 0.012931
2 2 0.015412 0.069762 0.873350 0.027419 0.014058
2 2 0.022412 0.093971 0.825700 0.037536 0.020381
2 2 0.006322 0.036809 0.912025 0.038889 0.005956
2 2 0.000858 0.005594 0.951202 0.041488 0.000858
2 2 0.000526 0.004376 0.970937 0.023635 0.000525
2 2 0.000358 0.003640 0.973894 0.021747 0.000360
2 2 0.000331 0.004033 0.981656 0.013650 0.000330
2 2 0.000377 0.003004 0.961889 0.034347 0.000384
2 2 0.000414 0.002763 0.955373 0.041025 0.000424
2 2 0.000298 0.001916 0.952950 0.044528 0.000308
2 2 0.000414 0.002295 0.947233 0.049632 0.000426
2 2 0.000624 0.003133 0.943804 0.051802 0.000636
2 2 0.001038 0.004575 0.934746 0.058594 0.001046
2 2 0.001951 0.008601 0.932801 0.054720 0.001927
2 2 0.001158 0.006730 0.952608 0.038356 0.001148
2 2 0.000752 0.006642 0.964710 0.027150 0.000745
2 2 0.000436 0.004441 0.958270 0.036412 0.000442
2 2 0.000508 0.004909 0.924306 0.069755 0.000521
2 2 0.000856 0.008280 0.940403 0.049605 0.000856
2 2 0.003238 0.018474 0.866254 0.108842 0.003192
2 2 0.003575 0.020964 0.869051 0.102903 0.003507
2 2 0.003515 0.021875 0.837651 0.133488 0.003469
2 2 0.002370 0.011427 0.714703 0.269087 0.002413
2 2 0.004081 0.010864 0.565271 0.415629 0.004155
3 2 0.004089 0.008063 0.323317 0.660321 0.004211
3 2 0.004930 0.009283 0.320634 0.660101 0.005051
3 2 0.004127 0.007538 0.257948 0.726129 0.004258
2 2 0.014318 0.025230 0.611412 0.335840 0.013199
2 1 0.099344 0.078519 0.567834 0.195618 0.058684
2 2 0.003160 0.013659 0.865229 0.114820 0.003132
2 2 0.000643 0.004134 0.882059 0.112500 0.000665
2 2 0.000746 0.004175 0.865805 0.128408 0.000865
2 2 0.000921 0.003991 0.779597 0.214529 0.000961
2 2 0.000815 0.003138 0.708154 0.287032 0.000861
2 2 0.000770 0.002972 0.693016 0.302427 0.000815
2 2 0.000338 0.001695 0.798083 0.199522 0.000362
2 2 0.000264 0.001219 0.589191 0.409037 0.000290
2 2 0.000405 0.001744 0.633595 0.363819 0.000438
2 2 0.000423 0.001831 0.655597 0.341694 0.000456
2 2 0.000430 0.002121 0.848520 0.148475 0.000454
2 2 0.000549 0.002572 0.854592 0.141712 0.000575
2 2 0.000582 0.002558 0.788252 0.207992 0.000615
2 2 0.000567 0.002348 0.691804 0.304676 0.000605
2 2 0.000995 0.003551 0.663712 0.330693 0.001048
2 2 0.000897 0.003013 0.538954 0.456181 0.000955
2 2 0.000987 0.003258 0.545979 0.448729 0.001047
2 2 0.000979 0.003478 0.651669 0.342841 0.001033
3 2 0.000616 0.002134 0.463631 0.532954 0.000665
3 2 0.000479 0.001721 0.434482 0.562796 0.000522
3 3 0.000242 0.000919 0.322051 0.676519 0.000269
3 3 0.000288 0.001155 0.424557 0.573681 0.000318
3 3 0.000388 0.001444 0.418588 0.579155 0.000425
3 3 0.000733 0.002402 0.443474 0.552603 0.000788
3 3 0.001136 0.003317 0.427744 0.566596 0.001207
3 3 0.001107 0.003039 0.351443 0.643231 0.001180
3 3 0.002481 0.005174 0.269881 0.719870 0.002594
3 3 0.003651 0.007355 0.318789 0.666433 0.003772
3 3 0.004943 0.009072 0.297262 0.683654 0.005068
3 3 0.005056 0.010768 0.464880 0.514148 0.005148
3 3 0.005411 0.011449 0.382772 0.594855 0.005513
3 3 0.006683 0.010776 0.247738 0.727998 0.006805
3 3 0.007774 0.011268 0.198247 0.774819 0.007892
3 3 0.003763 0.004651 0.069262 0.918420 0.003904
3 3 0.003452 0.004676 0.087460 0.900823 0.003590
3 3 0.003985 0.004093 0.039473 0.948322 0.004126
3 3 0.003814 0.004091 0.044016 0.944123 0.003955
3 3 0.005110 0.005150 0.044817 0.939668 0.005256
3 3 0.005755 0.006062 0.056721 0.925561 0.005901
3 3 0.003457 0.004286 0.065645 0.923016 0.003595
3 3 0.002188 0.002351 0.028936 0.964223 0.002303
3 3 0.001312 0.001684 0.035136 0.960467 0.001401
3 3 0.001938 0.002120 0.027999 0.965897 0.002046
3 3 0.001889 0.002413 0.045735 0.947967 0.001996
3 3 0.003718 0.004483 0.063358 0.924583 0.003858
3 3 0.010731 0.009333 0.066957 0.903211 0.009769
3 3 0.012741 0.011057 0.099671 0.865961 0.010570
3 3 0.021610 0.017748 0.140527 0.803194 0.016921
3 3 0.006329 0.007259 0.080433 0.899507 0.006472
3 3 0.002483 0.003586 0.084028 0.907297 0.002606
3 3 0.003690 0.004360 0.058918 0.929202 0.003831
3 3 0.001520 0.001884 0.035038 0.959942 0.001616
3 3 0.001914 0.002437 0.045681 0.947947 0.002022
3 3 0.004019 0.004081 0.038377 0.949368 0.004156
3 3 0.002958 0.003631 0.056448 0.933875 0.003089
3 3 0.002576 0.003019 0.043645 0.948060 0.002700
3 3 0.002864 0.003303 0.044887 0.945952 0.002993
3 3 0.003012 0.003379 0.042609 0.947857 0.003143
3 3 0.004889 0.004599 0.034532 0.950946 0.005034
3 3 0.011437 0.010736 0.065355 0.900967 0.011505
3 3 0.007760 0.006198 0.043809 0.935328 0.006905
3 3 0.009101 0.007052 0.045705 0.930131 0.008010
3 3 0.008850 0.008663 0.061767 0.911753 0.008967
3 3 0.012304 0.012061 0.087525 0.876129 0.011980
3 3 0.011092 0.011094 0.078531 0.888115 0.011168
3 3 0.019588 0.018195 0.117425 0.826704 0.018088
3 3 0.018952 0.017070 0.121191 0.826122 0.016666
3 3 0.009538 0.010183 0.086716 0.883919 0.009643
3 3 0.004856 0.004805 0.040590 0.944747 0.005002
3 3 0.004590 0.004477 0.046865 0.939671 0.004398
3 3 0.008687 0.007170 0.049166 0.927079 0.007899
3 3 0.017087 0.013262 0.084544 0.870950 0.014157
3 3 0.150305 0.057278 0.172486 0.547168 0.072763
3 3 0.020115 0.018855 0.099108 0.842013 0.019910
3 2 0.048931 0.045752 0.185694 0.672553 0.047069
3 2 0.088683 0.125365 0.329039 0.374433 0.082480
2 2 0.001023 0.007233 0.876702 0.113998 0.001043
2 2 0.000169 0.001074 0.867589 0.130985 0.000183
2 2 0.000118 0.000740 0.763592 0.235419 0.000131
2 2 0.000214 0.001216 0.822819 0.175521 0.000231
2 2 0.000447 0.001741 0.521355 0.475972 0.000485
3 2 0.000619 0.002193 0.493834 0.502686 0.000667
2 2 0.000757 0.002893 0.671463 0.324083 0.000803
2 4 0.001103 0.004228 0.803407 0.190118 0.001143
2 4 0.000606 0.003681 0.932418 0.062363 0.000934
2 4 0.000579 0.010288 0.974800 0.011637 0.002696
2 4 0.001349 0.026439 0.957075 0.005399 0.009738
2 4 0.001826 0.033148 0.948686 0.003779 0.012561
2 4 0.002971 0.050821 0.921372 0.003429 0.021407
2 4 0.002835 0.046257 0.927142 0.006421 0.017345
2 4 0.001491 0.033649 0.941037 0.005327 0.018496
2 4 0.002459 0.044495 0.912532 0.007316 0.033199
2 4 0.006985 0.091480 0.758639 0.010801 0.132094
2 4 0.027862 0.093767 0.708753 0.027565 0.142054
2 4 0.092867 0.136691 0.385836 0.039358 0.345248
4 4 0.297378 0.127586 0.105910 0.008341 0.460785
4 4 0.166506 0.189802 0.106479 0.003047 0.534166
4 4 0.076555 0.198640 0.127436 0.003141 0.594228
2 4 0.007106 0.084650 0.764863 0.017772 0.125608
2 4 0.007417 0.100581 0.745869 0.007728 0.138404
2 4 0.006455 0.102427 0.765652 0.003710 0.121756
2 4 0.005137 0.095805 0.813065 0.003004 0.082990
2 4 0.004776 0.104982 0.819092 0.004310 0.066840
2 4 0.015390 0.134987 0.604216 0.019997 0.225410
4 4 0.024702 0.115013 0.319854 0.028635 0.511796
4 4 0.037548 0.101428 0.220140 0.021689 0.619196
4 4 0.033512 0.101603 0.316855 0.010358 0.537672
2 4 0.029219 0.157718 0.406809 0.002710 0.403545
2 4 0.011632 0.135109 0.719774 0.007529 0.125956
2 4 0.010922 0.135549 0.763208 0.005187 0.085133
2 1 0.008679 0.078953 0.866999 0.009993 0.035376
2 1 0.005088 0.051853 0.909563 0.008353 0.025143
2 1 0.005411 0.058244 0.901200 0.006458 0.028686
2 1 0.002081 0.038440 0.934526 0.003191 0.021761
2 1 0.001992 0.043943 0.928284 0.003992 0.021789
2 1 0.003071 0.058266 0.900275 0.006055 0.032333
2 1 0.005164 0.075758 0.843273 0.009696 0.066109
2 1 0.007692 0.063162 0.841852 0.021628 0.065666
2 1 0.063207 0.137942 0.418744 0.014899 0.365208
2 1 0.045380 0.137855 0.473498 0.026702 0.316565
2 1 0.005088 0.071667 0.841794 0.007090 0.074361
2 2 0.005911 0.084554 0.844266 0.006306 0.058963
2 2 0.004304 0.048381 0.902501 0.014013 0.030801
2 2 0.003257 0.033406 0.929584 0.015905 0.017848
2 2 0.002360 0.013846 0.901611 0.075686 0.006497
2 2 0.004195 0.027845 0.907899 0.043994 0.016067
2 2 0.002027 0.020325 0.938744 0.029833 0.009071
2 2 0.002771 0.032760 0.941940 0.012821 0.009709
2 2 0.006111 0.054224 0.910169 0.012601 0.016895
2 2 0.005016 0.034568 0.919918 0.032790 0.007708
2 2 0.002959 0.025008 0.941326 0.026148 0.004558
2 2 0.000802 0.007702 0.968003 0.022326 0.001168
2 2 0.000222 0.002785 0.982616 0.013906 0.000471
2 2 0.000261 0.002748 0.970410 0.026295 0.000288
2 2 0.000389 0.005121 0.981260 0.012556 0.000673
2 2 0.000434 0.006853 0.983486 0.008097 0.001131
2 2 0.000640 0.009380 0.978227 0.009216 0.002537
2 2 0.001142 0.017188 0.969131 0.007643 0.004897
2 2 0.001363 0.018182 0.966137 0.009189 0.005130
2 2 0.001411 0.019815 0.960504 0.013689 0.004581
2 2 0.023007 0.079220 0.780335 0.034321 0.083117
2 2 0.041203 0.077999 0.718084 0.101809 0.060904
0 1 0.527844 0.096224 0.144504 0.092683 0.138744
0 1 0.719066 0.065271 0.061449 0.018549 0.135665
0 2 0.545250 0.111801 0.142684 0.051264 0.149001
2 2 0.140541 0.273828 0.433318 0.053416 0.098897
2 2 0.038351 0.206945 0.680026 0.020063 0.054614
2 2 0.008479 0.090105 0.866896 0.009611 0.024908
2 2 0.005729 0.079372 0.887674 0.005772 0.021453
2 2 0.002820 0.038853 0.939872 0.008674 0.009782
0 2 0.369703 0.132775 0.224434 0.111638 0.161450
0 2 0.535897 0.097076 0.131402 0.067078 0.168548
0 0 0.594579 0.140115 0.120180 0.022579 0.122547
1 0 0.280524 0.306426 0.256326 0.024852 0.131872
1 1 0.075596 0.438998 0.402572 0.018211 0.064623
2 1 0.078196 0.395750 0.436530 0.022279 0.067246
1 1 0.095766 0.406600 0.388555 0.026741 0.082338
1 1 0.086857 0.405108 0.383703 0.023171 0.101160
2 1 0.130928 0.304511 0.434673 0.036264 0.093625
2 2 0.086908 0.187663 0.645382 0.027313 0.052734
2 1 0.131154 0.218529 0.403001 0.129918 0.117398
0 1 0.370602 0.209696 0.230817 0.052675 0.136211
0 1 0.623743 0.205464 0.080951 0.003095 0.086746
0 1 0.413039 0.322466 0.140797 0.004687 0.119011
0 1 0.364478 0.271656 0.129953 0.004266 0.229647
4 1 0.187156 0.302543 0.126986 0.002178 0.381137
4 1 0.149285 0.192696 0.131562 0.005875 0.520582
4 2 0.053281 0.225137 0.326682 0.051004 0.343895
2 2 0.074437 0.183020 0.348411 0.077985 0.316147
2 2 0.006397 0.025955 0.836991 0.123494 0.007162
2 2 0.004144 0.019362 0.902828 0.069645 0.004021
2 2 0.005070 0.036429 0.924177 0.029559 0.004765
2 2 0.007928 0.040655 0.896289 0.047662 0.007467
2 2 0.006464 0.049099 0.910622 0.027023 0.006791
2 2 0.003719 0.035804 0.933103 0.020763 0.006610
2 2 0.001027 0.010435 0.972938 0.014603 0.000996
2 2 0.000763 0.007326 0.978131 0.013037 0.000742
2 2 0.001293 0.011764 0.971079 0.014621 0.001242
2 2 0.000957 0.009986 0.970433 0.017694 0.000930
2 2 0.001600 0.015560 0.964941 0.016370 0.001529
2 2 0.024963 0.189239 0.727942 0.013040 0.044815
2 2 0.036586 0.211163 0.664904 0.031201 0.056147
2 2 0.049725 0.223569 0.621571 0.041765 0.063371
2 2 0.017566 0.090791 0.823951 0.051516 0.016176
2 2 0.014143 0.063491 0.853521 0.055687 0.013158
2 2 0.006318 0.030890 0.892842 0.063912 0.006037
2 2 0.012116 0.062171 0.847833 0.066525 0.011355
2 2 0.014726 0.075821 0.780274 0.115281 0.013899
2 2 0.013463 0.066305 0.784779 0.122684 0.012768
2 2 0.015007 0.042556 0.752294 0.175743 0.014400
2 2 0.007846 0.019376 0.811342 0.153770 0.007667
2 2 0.014863 0.030115 0.735686 0.204961 0.014374
2 2 0.012965 0.028563 0.804104 0.141896 0.012471
2 2 0.012288 0.027014 0.787996 0.160828 0.011875
2 2 0.004458 0.017813 0.853954 0.119395 0.004380
2 2 0.006717 0.023315 0.816176 0.147230 0.006562
2 2 0.006065 0.025836 0.796149 0.166005 0.005945
2 2 0.006822 0.040223 0.860630 0.085790 0.006535
2 2 0.017541 0.059247 0.783822 0.122811 0.016578
2 2 0.022388 0.075983 0.737550 0.143006 0.021073
2 2 0.026577 0.047623 0.576550 0.323704 0.025545
2 2 0.035118 0.065695 0.638103 0.227894 0.033191
2 2 0.013936 0.026544 0.629204 0.316670 0.013646
2 2 0.015509 0.031657 0.575028 0.362638 0.015168
2 2 0.013547 0.027566 0.546272 0.399285 0.013330
2 2 0.004377 0.014249 0.589762 0.387182 0.004429
2 2 0.006412 0.020033 0.570184 0.396949 0.006421
2 2 0.005284 0.017025 0.773483 0.198968 0.005240
2 2 0.004950 0.013425 0.685704 0.290950 0.004971
3 2 0.013532 0.020055 0.313599 0.639335 0.013478
3 2 0.006912 0.010373 0.203087 0.772590 0.007038
3 2 0.004316 0.007156 0.197335 0.786740 0.004453
3 2 0.005064 0.008730 0.249926 0.731084 0.005195
3 2 0.006049 0.009816 0.235330 0.742627 0.006178
2 2 0.037067 0.053122 0.530943 0.343466 0.035401
2 2 0.120274 0.095477 0.427043 0.273339 0.083867
2 2 0.146712 0.119353 0.311782 0.300352 0.121802
2 0 0.191439 0.178129 0.329656 0.173504 0.127272
2 1 0.206519 0.258657 0.334950 0.066993 0.132881
2 2 0.035094 0.082506 0.678813 0.170726 0.032860
2 2 0.033617 0.052293 0.611985 0.270097 0.032007
2 2 0.053556 0.072442 0.656747 0.171602 0.045654
2 2 0.052123 0.091175 0.656154 0.152295 0.048253
2 2 0.046717 0.079271 0.608395 0.210622 0.054995
2 2 0.046773 0.084595 0.534542 0.270657 0.063433
2 2 0.018440 0.033748 0.639387 0.290547 0.017878
2 2 0.003892 0.013720 0.782914 0.195584 0.003890
2 2 0.005118 0.017495 0.787169 0.185149 0.005068
2 2 0.009715 0.022068 0.764558 0.194167 0.009493
2 0 0.095674 0.076041 0.469728 0.296322 0.062235
0 0 0.391826 0.088203 0.173606 0.222803 0.123562
0 0 0.402281 0.057552 0.123506 0.324750 0.091911
0 0 0.662876 0.047529 0.073673 0.127519 0.088403
0 0 0.784777 0.041959 0.048653 0.042648 0.081963
0 0 0.788027 0.044129 0.048056 0.033189 0.086600
0 0 0.615265 0.071770 0.104414 0.092226 0.116325
0 0 0.687153 0.068377 0.083301 0.047600 0.113570
0 0 0.616719 0.090971 0.111548 0.044776 0.135987
0 0 0.327243 0.141179 0.248600 0.118889 0.164088
0 0 0.337074 0.184121 0.251820 0.062400 0.164584
4 0 0.387014 0.129754 0.090202 0.005969 0.387062
1 0 0.299670 0.316242 0.074668 0.000576 0.308844
0 0 0.470715 0.204658 0.063771 0.001097 0.259760
4 1 0.322536 0.249230 0.074745 0.000923 0.352566
4 1 0.195866 0.237946 0.180976 0.009643 0.375569
1 1 0.168550 0.342350 0.201973 0.006445 0.280682
0 1 0.448142 0.266120 0.120231 0.004233 0.161273
1 1 0.195341 0.497459 0.161747 0.002065 0.143388
1 1 0.167493 0.505391 0.173258 0.002248 0.151610
1 1 0.133939 0.540004 0.177845 0.001952 0.146261
1 1 0.047211 0.487025 0.350582 0.003713 0.111468
2 1 0.030945 0.325630 0.578652 0.008822 0.055951
2 2 0.011020 0.118941 0.844860 0.010888 0.014290
2 2 0.005734 0.049424 0.914712 0.023081 0.007050
2 2 0.001727 0.017460 0.945723 0.033415 0.001675
2 2 0.000888 0.008752 0.940741 0.048731 0.000887
2 2 0.000491 0.004502 0.951924 0.042586 0.000498
2 2 0.000316 0.002851 0.952966 0.043543 0.000325
2 2 0.000476 0.004841 0.961347 0.032856 0.000480
2 2 0.000213 0.002267 0.973113 0.024190 0.000218
2 2 0.000160 0.001522 0.973001 0.025151 0.000166
2 2 0.000167 0.001333 0.962281 0.036045 0.000174
2 2 0.000097 0.001080 0.967582 0.031140 0.000102
2 2 0.000099 0.001394 0.973217 0.025187 0.000103
2 2 0.000058 0.000934 0.981247 0.017699 0.000061
2 2 0.000073 0.000886 0.983291 0.015673 0.000076
2 2 0.000209 0.001643 0.975847 0.022087 0.000214
2 2 0.000336 0.003071 0.972526 0.023726 0.000340
2 2 0.000408 0.003920 0.972739 0.022523 0.000410
2 2 0.000277 0.002240 0.961614 0.035584 0.000285
2 2 0.000078 0.001280 0.990973 0.007590 0.000079
2 2 0.000102 0.001266 0.983012 0.015516 0.000105
2 2 0.000065 0.000936 0.971502 0.027427 0.000069
2 2 0.000075 0.000938 0.965106 0.033801 0.000080
2 2 0.000151 0.001196 0.971624 0.026871 0.000157
2 2 0.000168 0.001405 0.976230 0.022024 0.000173
2 2 0.000253 0.002347 0.976643 0.020501 0.000257
2 2 0.000264 0.002165 0.981234 0.016071 0.000267
2 2 0.000143 0.001177 0.971670 0.026860 0.000149
2 2 0.000109 0.000859 0.969664 0.029255 0.000114
2 2 0.011948 0.028447 0.865101 0.083138 0.011367
2 2 0.025611 0.051660 0.806412 0.092403 0.023914
2 2 0.088058 0.093873 0.388914 0.347042 0.082113
2 1 0.103954 0.194387 0.388776 0.218140 0.094743
2 2 0.109764 0.231457 0.402493 0.158440 0.097846
2 2 0.004027 0.022599 0.908485 0.060999 0.003890
2 2 0.003277 0.011586 0.950218 0.031766 0.003153
2 2 0.011807 0.028333 0.869668 0.078970 0.011222
2 2 0.061802 0.092152 0.685515 0.104014 0.056516
2 2 0.023641 0.078383 0.776102 0.099838 0.022035
2 2 0.012758 0.049859 0.870374 0.055085 0.011924
2 2 0.000171 0.001594 0.972033 0.026027 0.000176
2 2 0.000097 0.000858 0.967567 0.031376 0.000103
2 2 0.000157 0.001274 0.978418 0.019988 0.000162
2 2 0.000984 0.005993 0.961652 0.030396 0.000974
2 2 0.002650 0.016183 0.935489 0.043110 0.002568
2 2 0.003891 0.022514 0.918018 0.051830 0.003747
2 2 0.001140 0.010359 0.958421 0.028878 0.001203
2 2 0.000463 0.003674 0.947711 0.047681 0.000472
2 2 0.000433 0.003773 0.968327 0.027030 0.000437
2 2 0.000133 0.001529 0.973932 0.024268 0.000138
2 2 0.000161 0.001171 0.972542 0.025960 0.000167
2 2 0.000212 0.001581 0.974471 0.023518 0.000218
2 2 0.000272 0.002671 0.980965 0.015819 0.000274
2 2 0.000328 0.002857 0.982578 0.013909 0.000328
2 2 0.000566 0.004775 0.979445 0.014649 0.000565
2 2 0.000288 0.003210 0.980050 0.016163 0.000289
2 2 0.000146 0.002154 0.978020 0.019531 0.000150
2 2 0.000081 0.001087 0.979462 0.019285 0.000085
2 2 0.000085 0.000843 0.961409 0.037572 0.000091
2 2 0.000156 0.001376 0.964385 0.033920 0.000163
2 2 0.000284 0.002570 0.965182 0.031675 0.000290
2 2 0.000319 0.002578 0.968461 0.028316 0.000325
2 2 0.000284 0.002834 0.962660 0.033931 0.000291
2 2 0.000236 0.002277 0.956392 0.040850 0.000244
2 2 0.000204 0.001810 0.953139 0.044634 0.000213
2 2 0.000203 0.001274 0.918445 0.079862 0.000216
2 2 0.000197 0.001294 0.946364 0.051938 0.000207
2 2 0.000112 0.000812 0.924955 0.074001 0.000120
2 2 0.000091 0.000843 0.929323 0.069644 0.000098
2 2 0.000135 0.001187 0.871673 0.126858 0.000146
2 2 0.000105 0.000955 0.851826 0.147000 0.000115
2 2 0.000233 0.001456 0.793529 0.204530 0.000252
2 2 0.000298 0.001995 0.845732 0.151657 0.000318
2 3 0.000438 0.001962 0.718769 0.278360 0.000470
2 3 0.000359 0.001730 0.761214 0.236312 0.000385
2 3 0.000254 0.001265 0.688562 0.309642 0.000277
2 3 0.000196 0.001009 0.648769 0.349810 0.000216
2 3 0.000299 0.001319 0.565385 0.432670 0.000327
2 3 0.000567 0.002062 0.500780 0.495978 0.000613
3 3 0.002227 0.004545 0.233795 0.757095 0.002338
3 3 0.002343 0.005697 0.409279 0.580237 0.002443
3 3 0.002373 0.005349 0.330964 0.658835 0.002480
3 3 0.002449 0.006094 0.449680 0.539231 0.002546
3 3 0.005154 0.009231 0.284305 0.696029 0.005280
3 3 0.001993 0.003700 0.160004 0.832202 0.002102
3 3 0.002350 0.004136 0.152549 0.838498 0.002467
3 3 0.000999 0.002071 0.136252 0.859604 0.001074
3 3 0.002942 0.006326 0.333473 0.654202 0.003057
3 3 0.003066 0.007128 0.430086 0.556548 0.003171
3 3 0.007062 0.013689 0.443100 0.529019 0.007130
3 3 0.011277 0.019410 0.428879 0.529192 0.011241
3 3 0.007678 0.012585 0.287166 0.684792 0.007778
3 3 0.010723 0.014992 0.223220 0.740285 0.010780
3 3 0.005040 0.007257 0.141353 0.841167 0.005184
3 3 0.015705 0.017575 0.145936 0.805140 0.015644
3 3 0.009918 0.009910 0.071989 0.898165 0.010017
3 3 0.014492 0.012805 0.073535 0.885303 0.013865
3 3 0.007527 0.008540 0.088422 0.887850 0.007661
3 3 0.006792 0.008088 0.095827 0.882362 0.006932
3 3 0.005544 0.007161 0.107025 0.874579 0.005690
3 3 0.007340 0.009879 0.150414 0.824898 0.007470
3 3 0.010926 0.013240 0.144183 0.820655 0.010997
3 3 0.012911 0.015451 0.156551 0.802155 0.012931
3 3 0.008167 0.010791 0.160696 0.812186 0.008161
3 3 0.014725 0.019745 0.245567 0.705301 0.014662
3 3 0.015462 0.022105 0.308406 0.638683 0.015344
3 3 0.020430 0.029282 0.373901 0.556327 0.020059
3 3 0.015625 0.020238 0.230112 0.718486 0.015538
3 3 0.021472 0.027163 0.267154 0.663080 0.021131
2 3 0.139294 0.129678 0.333893 0.269707 0.127428
2 2 0.083374 0.120747 0.399197 0.319236 0.077446
2 2 0.094084 0.250943 0.417355 0.152680 0.084939
2 2 0.001581 0.010927 0.913482 0.072437 0.001573
2 2 0.000720 0.005110 0.930970 0.062469 0.000731
2 2 0.000754 0.009809 0.956940 0.030226 0.002272
2 4 0.004812 0.031985 0.923170 0.027796 0.012238
2 4 0.006942 0.038468 0.920349 0.020232 0.014009
2 4 0.055641 0.100704 0.718091 0.075029 0.050535
2 4 0.222508 0.123940 0.489075 0.047907 0.116570
2 4 0.181547 0.144131 0.425871 0.120528 0.127923
2 4 0.046414 0.155791 0.654746 0.061934 0.081113
1 4 0.082797 0.372284 0.296716 0.012473 0.235730
2 4 0.006694 0.101931 0.824656 0.004138 0.062581
2 4 0.013406 0.139440 0.723836 0.007317 0.116000
2 4 0.053392 0.207348 0.399055 0.008333 0.331871
4 4 0.078917 0.230527 0.211719 0.005511 0.473326
4 4 0.145610 0.194509 0.115449 0.003309 0.541124
4 4 0.119966 0.175038 0.116692 0.003805 0.584499
4 4 0.077707 0.205132 0.226301 0.008244 0.482616
2 4 0.019799 0.197313 0.559970 0.006644 0.216273
2 4 0.010974 0.140736 0.706502 0.005323 0.136465
2 4 0.004622 0.088881 0.848378 0.002882 0.055237
2 4 0.004917 0.099106 0.832482 0.002780 0.060715
2 4 0.017560 0.114450 0.753477 0.015923 0.098590
2 4 0.082428 0.146358 0.426815 0.165207 0.179193
2 4 0.152252 0.248172 0.382405 0.082973 0.134198
1 4 0.195682 0.353249 0.260096 0.016775 0.174199
1 4 0.080129 0.368920 0.306324 0.009218 0.235409
2 4 0.013343 0.133624 0.667301 0.009675 0.176058
4 4 0.126648 0.064025 0.037554 0.001646 0.770128
4 4 0.120583 0.082505 0.048062 0.001379 0.747471
4 4 0.163291 0.127550 0.072918 0.002122 0.634120
2 4 0.066721 0.250851 0.509077 0.011517 0.161834
4 4 0.216378 0.179429 0.182462 0.017627 0.404105
4 4 0.167713 0.164944 0.146529 0.009590 0.511225
4 4 0.162204 0.126836 0.135646 0.007987 0.567327
4 4 0.063391 0.104862 0.212446 0.004073 0.615228
4 4 0.033679 0.148920 0.397756 0.003877 0.415768
4 4 0.062122 0.166148 0.274887 0.004451 0.492393
2 4 0.016460 0.166514 0.590442 0.006446 0.220137
4 4 0.045448 0.266997 0.308940 0.006506 0.372109
4 4 0.049687 0.262063 0.171224 0.001860 0.515166
2 4 0.033160 0.174719 0.520524 0.002063 0.269534
2 4 0.016977 0.111074 0.668093 0.002126 0.201729
2 4 0.026424 0.109490 0.566582 0.003583 0.293921
2 4 0.033732 0.126683 0.476482 0.006038 0.357065
2 4 0.035866 0.147211 0.458244 0.006151 0.352527
2 4 0.024917 0.165075 0.541449 0.007170 0.261390
4 4 0.068440 0.162053 0.260866 0.006809 0.501832
4 4 0.050456 0.168287 0.337408 0.003730 0.440120
4 4 0.064249 0.145960 0.251176 0.003573 0.535041
4 4 0.059858 0.092157 0.092457 0.001593 0.753935
4 4 0.068517 0.081299 0.058603 0.001120 0.790461
4 4 0.042148 0.065702 0.050055 0.001669 0.840425
4 4 0.054652 0.066889 0.044413 0.001462 0.832585
4 4 0.077938 0.089399 0.074656 0.004383 0.753625
4 4 0.100512 0.113188 0.128276 0.007424 0.650600
4 4 0.074854 0.140489 0.295507 0.003445 0.485704
4 4 0.044016 0.177807 0.350380 0.002782 0.425014
1 4 0.099237 0.418017 0.194362 0.003127 0.285257
1 1 0.060798 0.398961 0.242350 0.005165 0.292727
2 4 0.009708 0.173965 0.651884 0.003477 0.160965
2 4 0.019120 0.150883 0.501464 0.006237 0.322297
2 4 0.018590 0.114607 0.528025 0.004407 0.334371
4 4 0.029135 0.125757 0.306142 0.003547 0.535418
2 4 0.012332 0.141447 0.516664 0.002214 0.327344
2 4 0.008352 0.142041 0.633051 0.002718 0.213838
2 4 0.017828 0.159897 0.497870 0.004479 0.319925
2 4 0.021461 0.168166 0.497437 0.004693 0.308243
2 4 0.006576 0.094591 0.791079 0.004218 0.103535
2 4 0.006163 0.095373 0.788655 0.003543 0.106266
2 4 0.021907 0.104674 0.707932 0.006751 0.158736
2 4 0.019801 0.093522 0.739417 0.007923 0.139337
2 4 0.046440 0.171270 0.494326 0.016289 0.271675
2 4 0.027016 0.210945 0.454545 0.004392 0.303102
2 4 0.004174 0.104919 0.787044 0.002003 0.101860
2 4 0.014523 0.212124 0.554313 0.004514 0.214525
4 4 0.055852 0.235524 0.347172 0.004115 0.357338
2 1 0.035633 0.168018 0.482524 0.039318 0.274507
4 1 0.080694 0.287096 0.147409 0.002452 0.482348
4 1 0.130878 0.350076 0.125128 0.001343 0.392574
2 1 0.015664 0.254354 0.576591 0.003928 0.149464
2 4 0.011126 0.194068 0.700628 0.003968 0.090209
2 4 0.011316 0.179161 0.703020 0.004983 0.101520
2 4 0.007273 0.134526 0.740494 0.003265 0.114442
2 4 0.009457 0.160124 0.685944 0.003767 0.140707
2 4 0.012037 0.198813 0.587453 0.002537 0.199160
2 4 0.013777 0.197396 0.588021 0.002235 0.198571
2 4 0.044260 0.266383 0.382949 0.002546 0.303862
2 4 0.002905 0.070308 0.886861 0.001966 0.037960
2 4 0.004510 0.095108 0.845494 0.002597 0.052290
2 4 0.005240 0.113862 0.830821 0.002857 0.047219
2 4 0.007159 0.130467 0.792327 0.003456 0.066590
2 4 0.004075 0.097566 0.858635 0.002640 0.037084
2 4 0.003724 0.103476 0.842493 0.001821 0.048485
2 4 0.002455 0.085460 0.869534 0.001258 0.041292
2 4 0.006515 0.134580 0.757973 0.002843 0.098088
2 4 0.007962 0.131437 0.754250 0.003843 0.102508
2 4 0.009346 0.133316 0.749241 0.004723 0.103374
2 4 0.012087 0.176341 0.669208 0.004748 0.137616
2 4 0.009600 0.161006 0.722185 0.003963 0.103246
2 4 0.004072 0.091126 0.856481 0.002372 0.045949
2 4 0.002801 0.075391 0.885059 0.001740 0.035009
2 4 0.009520 0.106543 0.707300 0.008458 0.168179
2 4 0.014666 0.098215 0.439653 0.030151 0.417315
4 4 0.037870 0.094509 0.181560 0.026984 0.659078
4 4 0.062085 0.086182 0.096874 0.007588 0.747270
4 4 0.107607 0.111627 0.087281 0.003769 0.689717
4 4 0.066124 0.122984 0.147137 0.006927 0.656828
4 4 0.083579 0.091095 0.073983 0.004071 0.747273
4 4 0.128880 0.073503 0.049402 0.002780 0.745434
4 4 0.120206 0.064938 0.043871 0.002858 0.768126
4 4 0.139339 0.118222 0.154193 0.035272 0.552973
4 4 0.118056 0.198357 0.205211 0.020689 0.457688
4 4 0.163143 0.253723 0.177762 0.007392 0.397980
2 4 0.015910 0.134948 0.664033 0.003727 0.181381
2 4 0.004702 0.092716 0.844975 0.002822 0.054784
2 4 0.006259 0.119039 0.817272 0.003209 0.054220
2 4 0.008064 0.131961 0.781571 0.003998 0.074405
2 4 0.006212 0.133803 0.799608 0.002782 0.057594
2 4 0.005462 0.113327 0.836998 0.002836 0.041376
2 4 0.003440 0.065334 0.900906 0.003209 0.027111
2 4 0.001910 0.044067 0.933005 0.004508 0.016510
2 4 0.001407 0.033488 0.947480 0.005619 0.012006
2 4 0.001642 0.034287 0.945612 0.005050 0.013410
2 4 0.001418 0.029980 0.951228 0.005365 0.012009
2 4 0.001862 0.033489 0.943286 0.007589 0.013774
2 2 0.002224 0.038110 0.934919 0.010359 0.014388
2 2 0.002083 0.038819 0.933175 0.007824 0.018099
2 2 0.001478 0.032019 0.944681 0.009482 0.012339
2 2 0.001582 0.032134 0.939057 0.011080 0.016148
2 2 0.002923 0.036741 0.904919 0.034181 0.021236
2 2 0.003943 0.033882 0.887413 0.054015 0.020747
2 2 0.002903 0.017626 0.904431 0.064546 0.010494
2 2 0.001723 0.011280 0.936718 0.043915 0.006364
2 2 0.001010 0.011809 0.952656 0.031529 0.002996
2 2 0.000944 0.017632 0.964018 0.013080 0.004326
2 2 0.000778 0.012260 0.961328 0.023523 0.002111
2 2 0.000776 0.014086 0.963765 0.018255 0.003117
2 2 0.000734 0.012080 0.965988 0.018755 0.002443
2 2 0.000803 0.014410 0.972019 0.008888 0.003880
2 2 0.000698 0.010387 0.974175 0.011567 0.003172
2 2 0.000776 0.013674 0.974870 0.006431 0.004249
2 2 0.001009 0.018926 0.969015 0.005595 0.005455
2 2 0.000739 0.014507 0.971659 0.009770 0.003325
2 2 0.000455 0.009019 0.976745 0.012261 0.001519
2 2 0.000271 0.006029 0.984061 0.008873 0.000766
2 2 0.000256 0.004823 0.984258 0.009766 0.000896
2 2 0.000540 0.008858 0.980458 0.008218 0.001926
2 2 0.000540 0.009085 0.985514 0.003277 0.001584
2 2 0.000679 0.010325 0.981695 0.005837 0.001464
2 2 0.000499 0.005817 0.979466 0.013561 0.000658
2 2 0.000510 0.004979 0.979130 0.014591 0.000791
2 2 0.000483 0.004929 0.975196 0.018588 0.000804
2 2 0.003656 0.020965 0.944360 0.024801 0.006218
2 2 0.008618 0.027932 0.920302 0.033353 0.009794
2 2 0.032234 0.055695 0.681021 0.200562 0.030488
2 1 0.130560 0.224702 0.392996 0.133604 0.118139
0 2 0.479150 0.215195 0.160107 0.015524 0.130024
2 2 0.189451 0.225455 0.448194 0.026026 0.110873
2 2 0.080402 0.185447 0.590004 0.035931 0.108216
2 2 0.096153 0.161333 0.644697 0.022462 0.075355
2 2 0.036355 0.112387 0.800505 0.016219 0.034533
2 2 0.002822 0.025174 0.961209 0.006779 0.004017
2 2 0.002117 0.018006 0.963817 0.013586 0.002473
2 2 0.001507 0.013579 0.964325 0.019139 0.001450
2 2 0.000977 0.009807 0.976402 0.011875 0.000940
2 2 0.000655 0.010182 0.983038 0.005289 0.000837
2 2 0.000656 0.011541 0.983984 0.002871 0.000948
2 2 0.000911 0.012341 0.980504 0.005345 0.000899
2 2 0.000963 0.009178 0.982547 0.006433 0.000879
2 2 0.000720 0.007378 0.982352 0.008857 0.000694
2 2 0.000572 0.006256 0.982265 0.010351 0.000557
2 2 0.000503 0.006144 0.979656 0.013203 0.000494
2 2 0.000343 0.005685 0.981521 0.012112 0.000339
2 2 0.000492 0.005682 0.981236 0.012108 0.000482
2 2 0.000642 0.007878 0.979118 0.011738 0.000624
2 2 0.001256 0.013052 0.966278 0.018204 0.001211
2 2 0.001807 0.015708 0.952014 0.028725 0.001747
2 2 0.000073 0.001167 0.963039 0.035644 0.000078
2 2 0.000129 0.001895 0.964074 0.033767 0.000135
2 2 0.000257 0.002839 0.944684 0.051953 0.000267
2 2 0.000440 0.003568 0.919578 0.075959 0.000455
2 2 0.000472 0.002662 0.922327 0.074051 0.000488
2 2 0.000267 0.001595 0.928926 0.068931 0.000281
2 2 0.000288 0.002032 0.932312 0.065067 0.000301
2 2 0.000163 0.001573 0.944169 0.053924 0.000171
2 2 0.000144 0.001195 0.928447 0.070059 0.000154
2 2 0.000124 0.000912 0.926131 0.072700 0.000133
2 2 0.000100 0.000824 0.920412 0.078555 0.000109
2 2 0.000126 0.001098 0.920803 0.077839 0.000135
2 2 0.000110 0.001134 0.947951 0.050688 0.000117
2 2 0.000124 0.001112 0.931681 0.066949 0.000133
2 2 0.000149 0.001010 0.873050 0.125630 0.000161
2 2 0.000117 0.000756 0.805136 0.193861 0.000129
2 2 0.000159 0.000969 0.825542 0.173158 0.000173
2 2 0.000135 0.000899 0.883290 0.115528 0.000147
2 2 0.000207 0.001260 0.895724 0.102588 0.000221
2 2 0.000214 0.001593 0.890653 0.107311 0.000228
2 2 0.000349 0.001995 0.819730 0.177555 0.000372
2 2 0.000192 0.001063 0.713244 0.285290 0.000211
2 2 0.000260 0.001294 0.697340 0.300822 0.000283
2 2 0.000126 0.000747 0.708666 0.290321 0.000140
2 2 0.000112 0.000683 0.709229 0.289852 0.000124
2 2 0.000099 0.000619 0.702339 0.296832 0.000111
2 2 0.000129 0.000807 0.790980 0.207942 0.000142
2 3 0.000232 0.001253 0.780330 0.217934 0.000251
2 3 0.000431 0.001911 0.698675 0.298519 0.000463
2 3 0.000606 0.002354 0.619125 0.377266 0.000649
2 3 0.000205 0.001185 0.830300 0.168088 0.000222
2 2 0.000208 0.001198 0.829471 0.168896 0.000225
2 2 0.000142 0.000861 0.780170 0.218671 0.000156
2 2 0.000217 0.001180 0.766486 0.231882 0.000236
2 2 0.000255 0.001269 0.686798 0.311398 0.000279
2 2 0.000243 0.001170 0.619489 0.378830 0.000267
