0 0 0.831593 0.070342 0.055706 0.004068 0.038291
0 0 0.624402 0.144564 0.167675 0.017000 0.046358
0 0 0.387816 0.298244 0.246129 0.012085 0.055725
0 0 0.373520 0.313375 0.202804 0.005874 0.104427
0 0 0.329101 0.307380 0.311873 0.008605 0.043041
0 0 0.505352 0.207995 0.233753 0.013964 0.038937
0 0 0.472125 0.224962 0.241783 0.013258 0.047872
0 0 0.420122 0.263704 0.197569 0.013266 0.105340
0 0 0.416344 0.264815 0.197731 0.008858 0.112252
0 0 0.415705 0.246713 0.171856 0.006225 0.159502
0 0 0.528725 0.228265 0.150429 0.005002 0.087579
0 0 0.508391 0.246601 0.154675 0.005773 0.084559
0 0 0.515911 0.264199 0.164372 0.003741 0.051778
0 0 0.510421 0.265744 0.153609 0.002647 0.067579
0 0 0.483207 0.256664 0.171222 0.002719 0.086189
0 0 0.339843 0.314859 0.237236 0.002279 0.105782
0 0 0.353676 0.321892 0.207656 0.002892 0.113883
1 0 0.263889 0.365401 0.235628 0.004842 0.130239
0 0 0.340216 0.324939 0.162453 0.005961 0.166431
0 0 0.370263 0.329098 0.177149 0.003550 0.119939
0 0 0.621485 0.179468 0.097010 0.002950 0.099087
0 0 0.670360 0.156968 0.090654 0.005460 0.076559
0 0 0.558600 0.224191 0.156768 0.007627 0.052814
0 0 0.404689 0.297054 0.245183 0.008890 0.044184
1 0 0.291664 0.342260 0.307436 0.007189 0.051451
1 0 0.269526 0.344902 0.321742 0.008494 0.055336
0 0 0.355091 0.341019 0.216072 0.003356 0.084462
0 0 0.402810 0.337385 0.182006 0.002295 0.075505
1 0 0.341964 0.363577 0.208393 0.004476 0.081589
1 0 0.284821 0.334245 0.189996 0.005206 0.185732
1 0 0.244709 0.335435 0.276647 0.005684 0.137525
1 0 0.297684 0.308741 0.271523 0.019325 0.102726
0 0 0.315413 0.284303 0.309170 0.024447 0.066667
0 0 0.624895 0.159636 0.120759 0.011760 0.082950
0 0 0.626000 0.160207 0.130185 0.011359 0.072249
0 0 0.701258 0.126977 0.076884 0.003511 0.091371
0 0 0.619352 0.150617 0.119352 0.009459 0.101220
0 0 0.633790 0.144747 0.125872 0.021178 0.074413
0 0 0.730436 0.110030 0.077776 0.007035 0.074723
0 0 0.765464 0.084371 0.065098 0.003296 0.081772
0 0 0.773373 0.088705 0.061187 0.001966 0.074770
0 0 0.761248 0.100655 0.076701 0.013814 0.047582
0 0 0.823235 0.075385 0.059215 0.005697 0.036468
0 0 0.929905 0.030987 0.028482 0.001711 0.008916
0 0 0.888521 0.052739 0.040273 0.002330 0.016137
0 0 0.900516 0.045896 0.034474 0.000913 0.018200
0 0 0.906484 0.040520 0.032831 0.000837 0.019329
0 0 0.792228 0.076386 0.061176 0.003387 0.066823
0 0 0.804893 0.072744 0.059464 0.003592 0.059307
0 0 0.804531 0.067044 0.092069 0.013462 0.022895
0 0 0.834235 0.064180 0.066980 0.008534 0.026071
0 0 0.849537 0.065641 0.051144 0.003455 0.030223
0 0 0.727210 0.120572 0.095041 0.015256 0.041921
0 0 0.716047 0.131984 0.099355 0.009270 0.043344
0 0 0.600462 0.114533 0.194024 0.055316 0.035664
0 0 0.784814 0.075605 0.097544 0.019307 0.022731
0 0 0.861872 0.065473 0.049241 0.004874 0.018540
0 0 0.906771 0.048787 0.033518 0.001448 0.009476
0 0 0.901977 0.045435 0.036771 0.002247 0.013569
0 0 0.893716 0.041492 0.037409 0.001442 0.025941
0 0 0.395291 0.222705 0.297670 0.033231 0.051103
0 0 0.898543 0.046412 0.037318 0.000964 0.016764
0 0 0.943907 0.025220 0.022262 0.000556 0.008056
0 0 0.962599 0.016816 0.016568 0.000621 0.003396
0 0 0.936876 0.027205 0.027069 0.002932 0.005919
0 0 0.899577 0.048306 0.038550 0.006877 0.006689
0 0 0.714283 0.101761 0.129844 0.043889 0.010223
0 0 0.733474 0.118710 0.103647 0.016907 0.027261
0 0 0.810678 0.091884 0.073762 0.007085 0.016592
0 0 0.591533 0.182049 0.187570 0.018633 0.020215
0 0 0.694267 0.154650 0.117190 0.008593 0.025300
0 0 0.728606 0.141370 0.092389 0.004389 0.033245
0 0 0.795917 0.104548 0.071929 0.004001 0.023604
0 0 0.783134 0.115307 0.079063 0.002704 0.019793
0 0 0.897164 0.056207 0.036668 0.001721 0.008240
0 0 0.975526 0.011848 0.011089 0.000343 0.001194
0 0 0.992660 0.002944 0.003842 0.000022 0.000532
0 0 0.996891 0.001010 0.001916 0.000014 0.000170
0 0 0.998619 0.000344 0.000964 0.000007 0.000065
0 0 0.998106 0.000484 0.001276 0.000009 0.000126
0 0 0.995742 0.001382 0.002376 0.000007 0.000493
0 0 0.987195 0.005188 0.006352 0.000060 0.001205
0 0 0.975432 0.009926 0.012033 0.000504 0.002105
0 0 0.978937 0.008333 0.010361 0.000278 0.002091
0 0 0.989484 0.003926 0.005536 0.000064 0.000989
0 0 0.986407 0.004362 0.007309 0.000177 0.001746
0 0 0.988126 0.004232 0.006325 0.000107 0.001209
0 0 0.956625 0.016599 0.018920 0.000648 0.007209
0 0 0.904249 0.047355 0.036030 0.002644 0.009722
0 0 0.903493 0.046606 0.037235 0.004441 0.008224
0 0 0.659589 0.154355 0.155593 0.005646 0.024817
0 0 0.763709 0.127135 0.083628 0.003140 0.022388
0 0 0.743495 0.132367 0.096033 0.004258 0.023846
0 0 0.771286 0.117477 0.083121 0.004191 0.023924
0 0 0.612242 0.187968 0.155920 0.011120 0.032750
0 0 0.503186 0.244610 0.204893 0.010606 0.036704
0 0 0.595629 0.207990 0.163906 0.008196 0.024279
0 0 0.760571 0.124240 0.086213 0.005647 0.023329
0 0 0.837041 0.081669 0.060548 0.005582 0.015159
0 0 0.937864 0.031872 0.024848 0.001982 0.003434
0 0 0.942649 0.029599 0.022704 0.001001 0.004047
0 0 0.953325 0.026030 0.018143 0.001055 0.001447
0 0 0.868171 0.067420 0.045501 0.013891 0.005017
0 0 0.432757 0.226323 0.273944 0.047959 0.019018
2 0 0.174439 0.353282 0.428925 0.015328 0.028026
2 0 0.237109 0.335657 0.367437 0.026437 0.033359
2 0 0.335769 0.200540 0.368271 0.075752 0.019669
0 0 0.684746 0.120366 0.150129 0.022931 0.021828
0 0 0.803014 0.091374 0.071932 0.016999 0.016681
0 0 0.708832 0.138947 0.114052 0.017190 0.020979
0 0 0.813619 0.089933 0.059744 0.004313 0.032392
0 0 0.930717 0.035502 0.026797 0.001318 0.005665
0 0 0.945611 0.025876 0.022672 0.001238 0.004603
0 0 0.939829 0.028277 0.024642 0.001265 0.005988
0 0 0.897862 0.061157 0.032460 0.000774 0.007746
0 0 0.674999 0.202114 0.067118 0.000673 0.055096
0 0 0.572233 0.240183 0.089274 0.001297 0.097012
1 0 0.303841 0.347137 0.232364 0.001396 0.115262
1 0 0.269224 0.330126 0.241509 0.004367 0.154774
1 0 0.155949 0.388735 0.325453 0.008969 0.120894
0 0 0.517402 0.225783 0.114023 0.002078 0.140713
0 0 0.331584 0.330020 0.247371 0.003894 0.087132
0 0 0.420665 0.293470 0.145032 0.001996 0.138837
1 0 0.332195 0.340898 0.196620 0.002855 0.127431
0 0 0.460256 0.315411 0.148327 0.002688 0.073318
1 0 0.248337 0.376947 0.270568 0.003369 0.100780
1 0 0.206649 0.385728 0.318005 0.002929 0.086689
1 0 0.147670 0.393255 0.378356 0.004387 0.076332
1 0 0.144864 0.400436 0.371612 0.007297 0.075792
1 0 0.256539 0.403863 0.294814 0.005140 0.039644
0 0 0.529141 0.277603 0.107897 0.003207 0.082152
0 0 0.664329 0.229304 0.074311 0.002329 0.029728
0 0 0.451035 0.319751 0.147769 0.003650 0.077795
0 0 0.394687 0.362479 0.204855 0.003362 0.034617
1 0 0.329876 0.347228 0.189481 0.005278 0.128136
1 0 0.213741 0.408480 0.324192 0.005937 0.047649
1 0 0.155012 0.414790 0.370353 0.010518 0.049328
2 0 0.104462 0.402004 0.448096 0.009110 0.036328
2 0 0.101300 0.404936 0.428318 0.015492 0.049954
2 0 0.097889 0.397504 0.463289 0.008109 0.033209
2 0 0.122654 0.408701 0.421649 0.009089 0.037908
2 0 0.093031 0.398359 0.457867 0.011070 0.039673
1 0 0.194059 0.399512 0.276745 0.019869 0.109814
1 0 0.202945 0.377277 0.273804 0.007116 0.138858
1 0 0.242375 0.367631 0.258477 0.003586 0.127931
1 0 0.174597 0.397099 0.334559 0.006338 0.087408
0 0 0.423886 0.309463 0.142886 0.003503 0.120262
0 0 0.719412 0.162737 0.100300 0.004875 0.012675
0 0 0.872747 0.068438 0.044183 0.003760 0.010871
0 0 0.915542 0.040240 0.034017 0.005173 0.005028
0 0 0.984801 0.005804 0.008077 0.000353 0.000963
0 0 0.983371 0.006602 0.008678 0.000455 0.000895
0 0 0.975430 0.010457 0.011980 0.001142 0.000990
0 0 0.986641 0.004308 0.007312 0.001345 0.000394
0 0 0.991469 0.001995 0.004523 0.001900 0.000114
0 0 0.993690 0.001122 0.003111 0.002029 0.000048
0 0 0.991521 0.001608 0.004060 0.002734 0.000077
0 0 0.993853 0.001079 0.002604 0.002448 0.000017
0 0 0.987659 0.002033 0.003986 0.006300 0.000022
0 0 0.987864 0.002661 0.004562 0.004882 0.000031
0 0 0.987280 0.005053 0.006419 0.001094 0.000154
0 0 0.980492 0.009061 0.009253 0.000764 0.000429
0 0 0.956327 0.020868 0.018664 0.000833 0.003308
0 0 0.959610 0.019041 0.017464 0.000694 0.003192
0 0 0.887690 0.050532 0.038056 0.001108 0.022614
0 0 0.755428 0.126942 0.088562 0.005703 0.023364
0 0 0.554563 0.223103 0.132328 0.004202 0.085804
0 0 0.380299 0.331304 0.228306 0.002847 0.057244
0 0 0.331285 0.326031 0.282998 0.004657 0.055028
0 0 0.534955 0.219134 0.148245 0.003093 0.094573
0 0 0.627688 0.154953 0.116975 0.005034 0.095349
0 0 0.657985 0.150149 0.091361 0.008425 0.092081
0 0 0.516119 0.228532 0.164035 0.006132 0.085181
1 0 0.227916 0.343917 0.276518 0.009997 0.141652
1 0 0.221901 0.376085 0.288009 0.007394 0.106610
1 0 0.202745 0.375322 0.318924 0.021600 0.081409
1 0 0.124767 0.398530 0.332413 0.031080 0.113210
1 0 0.286192 0.359974 0.290799 0.016323 0.046713
0 0 0.638123 0.187010 0.150090 0.010279 0.014497
0 0 0.827187 0.088807 0.069950 0.008379 0.005678
0 0 0.898771 0.049355 0.035959 0.001362 0.014553
0 0 0.870069 0.068338 0.045362 0.003926 0.012305
0 0 0.666846 0.188743 0.077342 0.001963 0.065106
0 0 0.625934 0.250137 0.099980 0.000936 0.023013
1 0 0.248030 0.390769 0.341931 0.001359 0.017910
1 0 0.289058 0.384627 0.304810 0.001359 0.020146
1 0 0.307788 0.376743 0.286788 0.001141 0.027540
1 0 0.240877 0.383706 0.345878 0.000930 0.028609
1 0 0.323812 0.375269 0.262351 0.001655 0.036913
1 0 0.355047 0.369819 0.235038 0.002210 0.037886
0 0 0.755770 0.164343 0.050526 0.000274 0.029086
0 0 0.802662 0.122640 0.044106 0.000197 0.030395
0 0 0.768605 0.136036 0.051179 0.000191 0.043988
0 0 0.807491 0.116446 0.057277 0.001452 0.017335
0 0 0.792992 0.123206 0.059252 0.002848 0.021702
0 0 0.791616 0.128467 0.062176 0.003469 0.014272
0 0 0.566431 0.213212 0.175338 0.014304 0.030715
0 0 0.703063 0.136992 0.132285 0.017829 0.009830
0 0 0.681534 0.098225 0.174793 0.039275 0.006173
2 0 0.368777 0.112943 0.462008 0.050091 0.006182
0 0 0.775209 0.101828 0.102888 0.015172 0.004903
0 0 0.885847 0.049073 0.040727 0.020362 0.003991
0 0 0.858219 0.053166 0.046028 0.038239 0.004348
0 0 0.761069 0.098162 0.086007 0.041840 0.012921
0 0 0.720075 0.133153 0.111651 0.014938 0.020183
0 0 0.607823 0.183220 0.156474 0.029182 0.023301
0 0 0.451744 0.245141 0.229506 0.039862 0.033746
2 0 0.273077 0.305296 0.368338 0.027798 0.025491
2 0 0.325948 0.270958 0.332960 0.045167 0.024968
0 0 0.507881 0.211251 0.239594 0.027239 0.014034
0 0 0.701476 0.105011 0.159779 0.019070 0.014664
0 0 0.749371 0.099220 0.122712 0.014654 0.014043
0 0 0.847508 0.045219 0.075715 0.027101 0.004458
0 0 0.688647 0.093698 0.174138 0.038089 0.005429
0 0 0.616239 0.149030 0.199341 0.027011 0.008380
2 0 0.284355 0.336065 0.354267 0.007048 0.018265
0 0 0.622406 0.233529 0.109460 0.002781 0.031825
0 0 0.679903 0.192924 0.094834 0.002302 0.030038
0 0 0.707636 0.178827 0.077601 0.003578 0.032357
1 0 0.207789 0.413693 0.336410 0.006531 0.035576
1 0 0.292765 0.395381 0.236163 0.011610 0.064081
1 0 0.177313 0.396714 0.389812 0.006316 0.029845
1 0 0.222019 0.371580 0.343097 0.006107 0.057196
1 0 0.164351 0.412278 0.369372 0.009268 0.044730
1 0 0.224813 0.412746 0.317354 0.007047 0.038040
1 0 0.185108 0.411982 0.367646 0.005214 0.030050
1 0 0.132228 0.411505 0.407615 0.009331 0.039322
2 0 0.061069 0.375999 0.509002 0.013705 0.040224
2 0 0.055720 0.373054 0.503143 0.019451 0.048632
2 0 0.070366 0.386264 0.480232 0.016393 0.046745
2 0 0.070445 0.384974 0.488496 0.013881 0.042205
2 0 0.063631 0.379233 0.500081 0.014652 0.042403
2 0 0.060054 0.370792 0.527382 0.009612 0.032160
2 0 0.052817 0.361133 0.547647 0.008879 0.029524
2 0 0.055389 0.364271 0.541692 0.008828 0.029820
2 0 0.050855 0.362088 0.540929 0.011626 0.034502
2 0 0.054928 0.368359 0.526555 0.012777 0.037381
2 0 0.053931 0.363337 0.542555 0.009404 0.030774
2 0 0.035426 0.325844 0.613512 0.005545 0.019673
2 0 0.024166 0.294310 0.662275 0.004272 0.014977
2 1 0.032119 0.326677 0.605768 0.009225 0.026211
2 1 0.026603 0.312733 0.627374 0.008943 0.024347
2 1 0.014294 0.267523 0.691400 0.007929 0.018855
2 1 0.009290 0.238668 0.728292 0.007586 0.016164
2 1 0.004939 0.202573 0.769338 0.008624 0.014525
2 1 0.004179 0.198301 0.766102 0.013317 0.018101
2 2 0.003376 0.190356 0.766334 0.018853 0.021081
2 2 0.004289 0.197564 0.771007 0.010967 0.016172
2 2 0.002096 0.115951 0.862268 0.009930 0.009756
2 2 0.001586 0.111446 0.872654 0.006837 0.007476
2 2 0.001937 0.152027 0.823878 0.010213 0.011946
2 2 0.001501 0.139556 0.839606 0.009073 0.010264
2 2 0.003316 0.168057 0.788790 0.009431 0.030406
2 2 0.002739 0.132115 0.815985 0.010873 0.038289
2 2 0.001833 0.091785 0.856752 0.020085 0.029545
2 2 0.001528 0.079402 0.866554 0.030198 0.022318
2 2 0.002008 0.092333 0.847464 0.030159 0.028036
2 2 0.001392 0.063449 0.868963 0.046194 0.020002
2 2 0.001269 0.062344 0.864243 0.055590 0.016555
2 2 0.000715 0.044023 0.900992 0.042617 0.011652
2 2 0.000569 0.039786 0.909029 0.041117 0.009499
2 3 0.000503 0.027324 0.902741 0.061270 0.008162
2 3 0.001264 0.032552 0.880381 0.076944 0.008858
2 3 0.001742 0.025335 0.826953 0.138446 0.007524
2 3 0.002509 0.035758 0.823219 0.128505 0.010009
2 3 0.001925 0.030276 0.807777 0.150643 0.009379
2 3 0.000928 0.015903 0.736790 0.239614 0.006766
2 3 0.002366 0.029195 0.665777 0.287266 0.015396
2 3 0.001183 0.028751 0.806764 0.150913 0.012390
2 3 0.001470 0.035438 0.802499 0.145156 0.015437
3 3 0.006363 0.024131 0.339766 0.612447 0.017292
3 3 0.003772 0.014009 0.342989 0.630531 0.008699
3 3 0.002388 0.010435 0.351246 0.629206 0.006725
3 3 0.002348 0.008245 0.289429 0.694362 0.005615
3 3 0.005630 0.013832 0.227323 0.742234 0.010981
3 3 0.011176 0.026942 0.237927 0.701401 0.022555
3 3 0.008327 0.023532 0.269776 0.681289 0.017076
3 3 0.007504 0.021906 0.294102 0.661629 0.014859
3 3 0.008698 0.016292 0.181768 0.779104 0.014138
3 3 0.013111 0.014977 0.128152 0.830009 0.013751
3 3 0.008913 0.011568 0.123241 0.843987 0.012291
3 3 0.008378 0.017193 0.198117 0.760778 0.015534
3 3 0.006689 0.017370 0.243899 0.718028 0.014014
3 3 0.006500 0.015664 0.227200 0.739356 0.011280
3 3 0.006741 0.011226 0.168255 0.804768 0.009009
3 3 0.009370 0.018487 0.243739 0.714353 0.014052
3 3 0.013444 0.024005 0.236671 0.708354 0.017527
3 3 0.024705 0.034705 0.192895 0.720900 0.026795
3 3 0.047342 0.052061 0.193968 0.673466 0.033163
3 3 0.041423 0.037786 0.127253 0.762914 0.030625
3 3 0.035330 0.034946 0.136934 0.763221 0.029570
3 3 0.016472 0.018857 0.115635 0.829958 0.019078
3 3 0.022033 0.028083 0.139331 0.784005 0.026548
3 3 0.014821 0.020684 0.185077 0.762702 0.016716
3 3 0.019627 0.020028 0.172021 0.773412 0.014912
3 3 0.028809 0.022233 0.125424 0.806655 0.016879
3 3 0.024336 0.020906 0.110938 0.826250 0.017571
3 3 0.016668 0.022715 0.150098 0.790842 0.019677
3 3 0.022120 0.030926 0.152085 0.769218 0.025651
3 3 0.014038 0.034164 0.252226 0.674402 0.025170
3 3 0.016530 0.015823 0.124007 0.829451 0.014190
3 3 0.011674 0.009071 0.098831 0.872704 0.007720
3 3 0.006966 0.006244 0.078974 0.901567 0.006249
3 3 0.011044 0.011062 0.095329 0.871499 0.011065
3 3 0.013879 0.018045 0.130298 0.820132 0.017647
3 3 0.014645 0.020742 0.146616 0.799435 0.018563
3 3 0.018679 0.029711 0.205949 0.723443 0.022218
3 3 0.005150 0.006934 0.119730 0.861537 0.006649
3 3 0.006038 0.007226 0.107040 0.871778 0.007918
3 3 0.004506 0.005314 0.100991 0.883096 0.006093
3 3 0.008051 0.008292 0.096959 0.878136 0.008561
3 3 0.018947 0.019123 0.156427 0.790723 0.014780
3 3 0.040023 0.036283 0.208393 0.694644 0.020656
3 3 0.065981 0.043083 0.162207 0.702591 0.026138
3 3 0.063602 0.036570 0.140651 0.737773 0.021405
3 3 0.087093 0.044303 0.164370 0.681640 0.022593
3 3 0.069249 0.047168 0.182639 0.674021 0.026923
3 3 0.102412 0.058277 0.130809 0.675669 0.032832
3 3 0.050316 0.035923 0.116715 0.771683 0.025364
3 3 0.042531 0.028398 0.096112 0.812557 0.020402
3 3 0.058261 0.032429 0.111134 0.778378 0.019798
3 3 0.056633 0.038814 0.150744 0.728821 0.024989
3 3 0.029898 0.024319 0.121502 0.805158 0.019123
3 3 0.048751 0.047515 0.167392 0.703387 0.032955
3 3 0.014700 0.016017 0.108279 0.844916 0.016090
3 3 0.013888 0.020073 0.197406 0.753599 0.015034
3 3 0.010985 0.009918 0.107853 0.862368 0.008876
3 3 0.021702 0.027115 0.264960 0.670359 0.015864
3 3 0.015364 0.016694 0.176325 0.779982 0.011636
3 3 0.023019 0.019939 0.109971 0.830136 0.016936
3 3 0.004858 0.006635 0.120461 0.861229 0.006817
3 3 0.006437 0.008954 0.127376 0.847414 0.009818
3 3 0.012256 0.015637 0.125545 0.829685 0.016877
3 3 0.017465 0.025394 0.149191 0.780889 0.027060
3 3 0.030612 0.042549 0.188776 0.702735 0.035327
3 3 0.073108 0.081335 0.216117 0.579846 0.049595
3 3 0.048429 0.048590 0.204635 0.666973 0.031373
3 3 0.045468 0.030212 0.151402 0.753469 0.019449
3 3 0.058584 0.039623 0.162218 0.714772 0.024803
3 3 0.023513 0.020166 0.127011 0.812839 0.016472
3 3 0.040510 0.033637 0.154117 0.746973 0.024762
3 3 0.023896 0.029610 0.193220 0.731977 0.021298
3 3 0.028030 0.029836 0.184447 0.737975 0.019712
3 3 0.019351 0.022553 0.182285 0.760180 0.015631
3 3 0.016990 0.018160 0.159132 0.792007 0.013710
3 3 0.011769 0.014191 0.124076 0.836418 0.013546
3 3 0.015369 0.014762 0.094864 0.860879 0.014126
3 3 0.016977 0.013459 0.085091 0.872776 0.011696
3 3 0.025082 0.015546 0.099874 0.848486 0.011012
3 3 0.033412 0.020896 0.127621 0.804247 0.013824
3 3 0.019338 0.016706 0.104013 0.845434 0.014510
3 3 0.023234 0.026137 0.143068 0.783437 0.024123
3 3 0.018982 0.028125 0.190882 0.738928 0.023083
3 3 0.023032 0.042036 0.212565 0.687600 0.034767
3 3 0.026907 0.052664 0.305646 0.581933 0.032850
3 3 0.051646 0.047446 0.145840 0.718384 0.036684
3 3 0.022348 0.022083 0.117767 0.817806 0.019998
3 3 0.012516 0.012092 0.094625 0.869001 0.011767
3 3 0.012245 0.008763 0.066171 0.905118 0.007703
0 2 0.367740 0.087711 0.185202 0.334409 0.024937
2 2 0.008382 0.105164 0.847054 0.025538 0.013862
2 2 0.016741 0.123318 0.783164 0.055504 0.021274
2 2 0.008684 0.052177 0.831618 0.097797 0.009725
2 2 0.005411 0.030554 0.662708 0.290613 0.010714
2 2 0.005691 0.037173 0.736051 0.209436 0.011648
2 2 0.003780 0.032622 0.733420 0.217621 0.012557
2 2 0.003993 0.042632 0.710782 0.223918 0.018675
2 2 0.003993 0.058126 0.734064 0.174680 0.029136
2 2 0.002297 0.054810 0.851427 0.048860 0.042606
2 2 0.002851 0.055950 0.833407 0.055341 0.052452
2 2 0.003451 0.059173 0.824679 0.026257 0.086440
2 2 0.003592 0.070627 0.813684 0.015327 0.096770
2 2 0.001685 0.054019 0.882790 0.017932 0.043574
2 2 0.001224 0.053160 0.896739 0.022198 0.026679
2 2 0.003034 0.091957 0.881007 0.009105 0.014896
2 2 0.007817 0.176677 0.749873 0.014701 0.050931
2 2 0.006774 0.202641 0.738639 0.024533 0.027412
2 2 0.008263 0.241586 0.706854 0.017282 0.026015
2 2 0.006993 0.173897 0.767472 0.026171 0.025467
2 2 0.002583 0.074675 0.868534 0.040662 0.013545
2 2 0.002172 0.071313 0.860135 0.048803 0.017578
2 2 0.002717 0.074820 0.825133 0.060118 0.037212
2 2 0.002409 0.063531 0.837268 0.060227 0.036564
2 2 0.001211 0.047713 0.884893 0.044678 0.021504
2 2 0.004644 0.091756 0.789811 0.025075 0.088713
2 2 0.007132 0.095500 0.693000 0.010475 0.193894
2 2 0.011119 0.123020 0.618964 0.013956 0.232941
4 2 0.024178 0.165953 0.347910 0.005631 0.456327
2 2 0.018289 0.158061 0.431986 0.005863 0.385800
2 2 0.008659 0.149103 0.658965 0.009641 0.173632
2 2 0.015225 0.206265 0.518586 0.007893 0.252032
2 2 0.007839 0.172333 0.659332 0.006973 0.153523
2 2 0.011271 0.158332 0.555327 0.004739 0.270330
2 2 0.005134 0.087570 0.722649 0.005459 0.179188
2 2 0.005511 0.096678 0.753021 0.013589 0.131201
2 2 0.017694 0.180223 0.481105 0.008598 0.312379
2 2 0.011491 0.152750 0.573625 0.006742 0.255393
2 2 0.008765 0.129743 0.653597 0.009367 0.198527
2 2 0.009469 0.139640 0.624860 0.007467 0.218563
2 2 0.008675 0.132775 0.646144 0.007799 0.204608
2 2 0.008551 0.121507 0.662680 0.010359 0.196903
2 2 0.008633 0.134776 0.680563 0.015277 0.160751
2 2 0.009050 0.135253 0.660803 0.012090 0.182804
2 2 0.003539 0.092455 0.814846 0.018735 0.070426
2 2 0.022124 0.161438 0.759731 0.021019 0.035688
2 2 0.102826 0.289287 0.497625 0.045488 0.064773
1 2 0.348997 0.376828 0.191065 0.015285 0.067826
2 2 0.018933 0.292227 0.651348 0.011593 0.025900
2 2 0.023433 0.300571 0.648119 0.007258 0.020620
2 2 0.002903 0.117603 0.833169 0.010232 0.036094
2 2 0.003182 0.139889 0.819010 0.014011 0.023909
2 2 0.005128 0.213613 0.716104 0.020217 0.044938
2 2 0.005470 0.213313 0.724394 0.013270 0.043553
2 2 0.003388 0.187163 0.754885 0.021271 0.033293
2 2 0.002457 0.161079 0.788428 0.023867 0.024168
2 2 0.001661 0.127589 0.828819 0.024634 0.017298
2 2 0.000372 0.049065 0.926593 0.017533 0.006437
2 2 0.000307 0.038764 0.936076 0.019660 0.005193
2 2 0.000211 0.026583 0.957094 0.012955 0.003158
2 2 0.000401 0.035722 0.941923 0.016845 0.005108
2 2 0.002181 0.070223 0.900007 0.019220 0.008368
2 2 0.001270 0.043568 0.932417 0.017694 0.005050
2 2 0.000791 0.028544 0.924169 0.041625 0.004871
2 2 0.002132 0.063803 0.876104 0.046193 0.011769
2 2 0.001045 0.030764 0.900864 0.060872 0.006454
2 2 0.002192 0.033316 0.867171 0.089803 0.007519
2 2 0.001614 0.031591 0.869771 0.089436 0.007589
2 2 0.002078 0.036014 0.861562 0.092765 0.007582
2 2 0.002167 0.048079 0.888699 0.052764 0.008291
2 2 0.001243 0.026863 0.926335 0.041929 0.003630
2 2 0.001020 0.022310 0.933420 0.040360 0.002890
2 2 0.001246 0.019343 0.915908 0.060755 0.002747
2 2 0.000986 0.017970 0.917787 0.060611 0.002646
2 2 0.001420 0.024494 0.916810 0.053367 0.003910
2 2 0.002015 0.025123 0.877726 0.090181 0.004954
2 2 0.003563 0.034591 0.822456 0.130600 0.008789
2 2 0.003777 0.037844 0.786800 0.159973 0.011606
2 2 0.003760 0.047170 0.813285 0.121534 0.014252
2 2 0.001580 0.022060 0.830862 0.139676 0.005822
2 2 0.002119 0.030287 0.833730 0.125860 0.008005
2 2 0.000879 0.012111 0.821640 0.162131 0.003238
2 2 0.004189 0.023258 0.845397 0.122829 0.004328
2 2 0.004141 0.023015 0.765786 0.201181 0.005876
2 2 0.005874 0.030940 0.692084 0.261948 0.009154
2 2 0.003328 0.022586 0.687484 0.279639 0.006963
2 2 0.004420 0.025046 0.646937 0.315196 0.008402
2 2 0.005087 0.034757 0.758225 0.191428 0.010504
2 2 0.003206 0.033121 0.827377 0.127059 0.009236
2 2 0.007262 0.055161 0.808151 0.117386 0.012039
2 2 0.005512 0.055240 0.835233 0.090785 0.013230
2 2 0.009453 0.054757 0.676667 0.241581 0.017541
2 2 0.015051 0.067545 0.736805 0.164882 0.015717
2 3 0.035599 0.081179 0.651877 0.211052 0.020293
2 3 0.031622 0.079680 0.608360 0.255801 0.024537
2 3 0.024714 0.077188 0.553832 0.315941 0.028326
3 3 0.015233 0.041344 0.351087 0.567942 0.024394
3 3 0.010079 0.039451 0.390219 0.535683 0.024567
2 3 0.014063 0.053680 0.481790 0.423216 0.027251
2 3 0.007491 0.044654 0.525940 0.398615 0.023301
2 3 0.004739 0.030669 0.579214 0.371345 0.014033
3 3 0.004305 0.023361 0.435282 0.522124 0.014928
3 3 0.013225 0.039223 0.405705 0.519709 0.022138
2 3 0.033490 0.077117 0.462629 0.390273 0.036490
2 3 0.025850 0.066275 0.561981 0.321810 0.024084
2 3 0.014157 0.046340 0.512339 0.406578 0.020586
2 3 0.081518 0.119459 0.591541 0.184335 0.023146
2 2 0.197858 0.174965 0.494914 0.105285 0.026977
2 2 0.134871 0.244679 0.532619 0.058291 0.029540
2 2 0.033201 0.254331 0.677403 0.015094 0.019971
2 2 0.074145 0.196795 0.691494 0.025879 0.011687
2 2 0.041135 0.162279 0.734887 0.045260 0.016439
2 2 0.009020 0.072111 0.868077 0.042863 0.007930
2 2 0.009662 0.056433 0.901863 0.028209 0.003833
2 2 0.011730 0.095504 0.858600 0.026215 0.007952
2 2 0.004730 0.064300 0.899834 0.024763 0.006373
2 2 0.010551 0.080661 0.896162 0.009132 0.003495
2 2 0.040380 0.178475 0.761471 0.011111 0.008563
2 2 0.007740 0.111794 0.860755 0.011145 0.008567
2 2 0.006136 0.194466 0.777503 0.008070 0.013824
2 2 0.006163 0.200799 0.773842 0.006590 0.012606
2 2 0.002240 0.113681 0.849039 0.020386 0.014654
2 2 0.002172 0.100234 0.867535 0.017724 0.012336
2 2 0.010271 0.177662 0.789122 0.008754 0.014191
2 2 0.008671 0.173862 0.778692 0.017945 0.020830
2 2 0.004325 0.192294 0.782571 0.007788 0.013022
2 2 0.005187 0.210321 0.752240 0.013127 0.019125
2 2 0.001893 0.080731 0.901815 0.008630 0.006931
2 2 0.003137 0.109051 0.863503 0.013006 0.011303
2 2 0.001769 0.089080 0.895152 0.007299 0.006700
2 2 0.003820 0.183297 0.791407 0.008448 0.013027
2 2 0.002394 0.116886 0.866205 0.006637 0.007877
2 2 0.004668 0.163855 0.797790 0.016019 0.017668
2 2 0.009519 0.247043 0.699153 0.017381 0.026905
2 2 0.002623 0.126332 0.845574 0.013081 0.012389
2 2 0.001158 0.082109 0.899420 0.010000 0.007313
2 2 0.000860 0.062610 0.923328 0.007998 0.005204
2 2 0.000382 0.024511 0.955208 0.016772 0.003127
2 2 0.000648 0.037529 0.940482 0.016546 0.004795
2 2 0.000788 0.048343 0.933178 0.012178 0.005513
2 2 0.000759 0.038536 0.942216 0.014137 0.004353
2 2 0.000995 0.055729 0.913551 0.022255 0.007470
2 2 0.001883 0.104482 0.864756 0.016742 0.012137
2 2 0.001169 0.064404 0.909400 0.016994 0.008034
2 2 0.003137 0.113572 0.852030 0.018079 0.013181
2 2 0.005054 0.156833 0.798637 0.019919 0.019557
2 2 0.001822 0.092427 0.884867 0.011803 0.009081
2 2 0.057174 0.239913 0.673010 0.014208 0.015694
2 2 0.067538 0.344585 0.535586 0.015145 0.037146
2 2 0.058218 0.371401 0.522066 0.011915 0.036400
2 2 0.010389 0.251651 0.704347 0.011727 0.021885
2 2 0.000794 0.023676 0.929149 0.041291 0.005090
2 2 0.002271 0.044860 0.920341 0.026317 0.006211
2 2 0.004633 0.086622 0.861501 0.032494 0.014750
2 2 0.004380 0.101053 0.840427 0.034654 0.019486
2 2 0.001564 0.054523 0.881887 0.048918 0.013109
2 2 0.002177 0.095217 0.840429 0.042391 0.019786
2 2 0.001922 0.099917 0.843615 0.036119 0.018427
2 2 0.001512 0.087722 0.869692 0.027134 0.013941
2 2 0.001677 0.076284 0.852554 0.051759 0.017727
2 2 0.001464 0.067648 0.898001 0.022474 0.010413
2 2 0.000717 0.042177 0.935727 0.015868 0.005511
2 2 0.000989 0.046852 0.927859 0.017922 0.006377
2 2 0.001166 0.054837 0.892045 0.039647 0.012304
2 2 0.001411 0.060790 0.864240 0.053800 0.019759
2 2 0.004158 0.092262 0.771062 0.087098 0.045421
2 2 0.004106 0.081988 0.798339 0.054562 0.061005
2 2 0.003373 0.088515 0.820818 0.030918 0.056375
2 2 0.005523 0.141224 0.780663 0.021599 0.050990
2 2 0.017431 0.264821 0.515443 0.015793 0.186512
2 2 0.005954 0.215022 0.729839 0.009725 0.039459
2 2 0.012681 0.248791 0.571987 0.012275 0.154266
2 2 0.018091 0.233146 0.451023 0.005635 0.292105
2 2 0.016685 0.182586 0.496558 0.008424 0.295747
2 2 0.018399 0.234884 0.456361 0.006479 0.283876
2 2 0.013972 0.204756 0.504670 0.004659 0.271943
2 2 0.010887 0.155296 0.577812 0.005803 0.250201
2 4 0.014819 0.159961 0.522854 0.008372 0.293994
4 4 0.027158 0.216931 0.344781 0.006409 0.404721
4 4 0.031692 0.206130 0.271197 0.004507 0.486474
4 4 0.037690 0.197948 0.227655 0.004834 0.531873
4 4 0.037991 0.188841 0.212341 0.004196 0.556631
4 4 0.053042 0.151366 0.121774 0.003875 0.669943
4 4 0.055095 0.127894 0.092556 0.002854 0.721601
4 4 0.051730 0.145844 0.117562 0.003409 0.681455
4 4 0.045844 0.191860 0.189613 0.005756 0.566926
4 4 0.069656 0.093985 0.048975 0.002435 0.784948
4 4 0.039526 0.185487 0.201390 0.004196 0.569401
4 4 0.047365 0.189478 0.182011 0.005821 0.575325
4 4 0.045182 0.174061 0.167314 0.004258 0.609186
4 4 0.048770 0.148434 0.125991 0.003218 0.673586
4 4 0.052189 0.154224 0.126624 0.003942 0.663021
4 4 0.044934 0.178939 0.174630 0.004559 0.596939
4 4 0.048920 0.171134 0.154122 0.004605 0.621219
4 4 0.047219 0.169252 0.155719 0.004230 0.623581
4 4 0.034665 0.214071 0.267773 0.005764 0.477727
4 4 0.046782 0.184355 0.176795 0.005274 0.586795
4 4 0.061673 0.145212 0.102435 0.004566 0.686114
4 4 0.067475 0.089704 0.046777 0.002116 0.793928
4 4 0.158911 0.156913 0.074158 0.002809 0.607209
4 4 0.101073 0.190874 0.123477 0.005198 0.579379
4 4 0.070113 0.251281 0.219937 0.012201 0.446469
1 4 0.106607 0.323789 0.249332 0.027066 0.293206
4 4 0.063180 0.248259 0.213069 0.021696 0.453796
4 4 0.099986 0.216901 0.142539 0.010580 0.529994
4 4 0.069250 0.093072 0.048476 0.002368 0.786834
4 4 0.067197 0.089182 0.046514 0.002078 0.795029
4 4 0.072041 0.130369 0.077762 0.004801 0.715028
4 4 0.086592 0.210951 0.150162 0.008773 0.543522
4 4 0.085560 0.182954 0.111603 0.014284 0.605600
4 4 0.095517 0.187130 0.105911 0.018698 0.592743
2 4 0.021658 0.214423 0.382804 0.004569 0.376546
2 4 0.020062 0.198362 0.406844 0.004930 0.369803
4 4 0.022263 0.174341 0.366015 0.004910 0.432472
4 4 0.028117 0.142853 0.268780 0.004459 0.555791
4 4 0.036405 0.130268 0.186053 0.004054 0.643220
4 4 0.041450 0.142518 0.170425 0.004373 0.641234
4 4 0.049597 0.139710 0.113957 0.002882 0.693854
4 4 0.041617 0.171230 0.173580 0.003592 0.609981
4 4 0.031020 0.199300 0.263329 0.003884 0.502467
4 4 0.029634 0.189733 0.254630 0.003092 0.522911
4 2 0.029404 0.191392 0.259005 0.003158 0.517041
4 2 0.034339 0.211991 0.266128 0.005493 0.482048
4 2 0.027543 0.211906 0.309207 0.004341 0.447002
4 2 0.030131 0.203062 0.275350 0.004025 0.487431
4 2 0.031131 0.185723 0.239032 0.003058 0.541056
2 2 0.018740 0.210283 0.439902 0.005667 0.325408
2 2 0.020642 0.219384 0.418564 0.006009 0.335401
2 2 0.015636 0.197308 0.493268 0.006087 0.287701
2 2 0.010374 0.146031 0.608959 0.008028 0.226608
2 2 0.012302 0.151786 0.560888 0.007286 0.267738
2 2 0.006515 0.125720 0.693381 0.006290 0.168093
2 2 0.004540 0.113240 0.756983 0.006626 0.118611
2 2 0.005151 0.115219 0.739856 0.007047 0.132727
2 2 0.007085 0.134083 0.690210 0.008161 0.160461
2 2 0.003969 0.096664 0.778477 0.006790 0.114100
2 2 0.003656 0.088417 0.793520 0.007585 0.106822
2 2 0.003820 0.095387 0.784409 0.006914 0.109470
2 2 0.003030 0.090566 0.820718 0.009647 0.076038
2 2 0.002453 0.086209 0.843630 0.012148 0.055561
2 2 0.005789 0.126471 0.724894 0.007961 0.134885
2 2 0.010857 0.142843 0.551120 0.004212 0.290967
2 2 0.013622 0.158271 0.481119 0.003631 0.343356
2 2 0.012513 0.139586 0.489757 0.003366 0.354778
2 2 0.008375 0.105303 0.594825 0.003949 0.287548
2 2 0.006567 0.104965 0.683309 0.005903 0.199256
2 2 0.005812 0.108989 0.723054 0.007745 0.154399
2 2 0.006601 0.117060 0.690460 0.006393 0.179486
2 2 0.006043 0.111277 0.697157 0.005310 0.180213
2 2 0.004643 0.095184 0.766887 0.009408 0.123878
2 2 0.005657 0.115998 0.730743 0.008233 0.139369
2 2 0.006038 0.122787 0.682527 0.003881 0.184766
2 2 0.002654 0.078847 0.835597 0.009168 0.073734
2 2 0.005133 0.112043 0.759878 0.012370 0.110576
2 2 0.003451 0.091265 0.814565 0.014411 0.076309
2 2 0.004100 0.081988 0.802772 0.020009 0.091130
2 2 0.004664 0.080162 0.789648 0.023721 0.101804
2 2 0.003059 0.066304 0.834852 0.036258 0.059527
2 2 0.001478 0.050302 0.889651 0.023746 0.034823
2 2 0.000870 0.034489 0.915893 0.025821 0.022927
2 2 0.000492 0.023424 0.938302 0.021937 0.015845
2 2 0.000833 0.035873 0.909873 0.034949 0.018472
2 2 0.001913 0.060605 0.872820 0.019974 0.044688
2 2 0.001823 0.059752 0.875220 0.023184 0.040022
2 2 0.001715 0.049939 0.856516 0.063846 0.027984
2 2 0.002870 0.069891 0.829527 0.052945 0.044767
2 2 0.001933 0.054329 0.856469 0.054564 0.032704
2 2 0.001548 0.046345 0.866886 0.058063 0.027158
2 2 0.005601 0.099271 0.763200 0.056604 0.075324
2 2 0.005917 0.108149 0.758033 0.046712 0.081189
2 2 0.015771 0.187356 0.592548 0.048458 0.155867
2 2 0.002877 0.060471 0.792911 0.106987 0.036754
2 2 0.005045 0.066013 0.710614 0.161869 0.056459
2 2 0.004363 0.071453 0.706403 0.175913 0.041869
2 2 0.005733 0.085299 0.674956 0.184525 0.049486
2 2 0.008217 0.088933 0.601800 0.241032 0.060018
2 3 0.014203 0.082546 0.451792 0.387450 0.064008
3 3 0.010909 0.050773 0.399728 0.493573 0.045017
3 3 0.016704 0.062665 0.437829 0.443874 0.038928
2 3 0.022656 0.122882 0.505576 0.274156 0.074730
2 3 0.013087 0.111348 0.559705 0.257321 0.058540
2 3 0.005981 0.052052 0.576267 0.336640 0.029061
2 3 0.002041 0.023307 0.641044 0.319116 0.014492
2 3 0.003375 0.029172 0.568240 0.378527 0.020686
3 3 0.008207 0.024917 0.282023 0.655603 0.029249
3 3 0.016295 0.031309 0.194265 0.720224 0.037907
3 3 0.030086 0.059138 0.201696 0.641169 0.067911
3 3 0.026222 0.062791 0.241088 0.606798 0.063101
3 3 0.021903 0.072949 0.316214 0.530307 0.058627
3 3 0.036680 0.088404 0.364225 0.458922 0.051769
3 3 0.055935 0.096331 0.286565 0.506796 0.054373
3 3 0.029918 0.055835 0.265904 0.610956 0.037387
2 3 0.007129 0.047374 0.503860 0.413873 0.027764
2 3 0.005673 0.066728 0.690339 0.208730 0.028531
2 3 0.004624 0.078982 0.760258 0.126846 0.029291
2 3 0.017910 0.162461 0.663226 0.103536 0.052866
2 3 0.004694 0.050943 0.700006 0.223012 0.021345
2 3 0.006389 0.085561 0.665708 0.202982 0.039361
2 3 0.006321 0.063192 0.723402 0.183661 0.023424
2 3 0.003498 0.034521 0.654805 0.292230 0.014947
2 3 0.003193 0.039311 0.701679 0.238842 0.016975
2 3 0.012394 0.054432 0.464261 0.439593 0.029319
2 3 0.032150 0.084748 0.455235 0.387556 0.040311
3 3 0.034343 0.059519 0.316814 0.551686 0.037638
3 3 0.145407 0.091443 0.337478 0.399229 0.026443
2 3 0.097819 0.162143 0.458669 0.232217 0.049152
2 3 0.012356 0.118288 0.812817 0.041159 0.015380
2 2 0.009088 0.189971 0.755375 0.021049 0.024517
2 2 0.006505 0.164827 0.791670 0.017659 0.019339
2 2 0.007911 0.137180 0.809783 0.027474 0.017652
2 2 0.008290 0.084629 0.869640 0.028857 0.008584
2 2 0.013326 0.061995 0.840163 0.076568 0.007948
2 2 0.028401 0.137673 0.779299 0.038204 0.016422
2 2 0.009042 0.126947 0.832217 0.017757 0.014037
2 2 0.009701 0.176454 0.785313 0.011825 0.016707
2 2 0.019299 0.255343 0.693484 0.008174 0.023700
2 2 0.006910 0.128443 0.847647 0.006518 0.010481
2 2 0.007811 0.158927 0.814092 0.007497 0.011675
2 2 0.004845 0.128362 0.844315 0.010858 0.011620
2 2 0.004024 0.152416 0.818812 0.011255 0.013493
2 2 0.005217 0.190601 0.772750 0.013425 0.018007
2 2 0.003293 0.140083 0.822625 0.017762 0.016238
2 2 0.002102 0.099039 0.879469 0.010412 0.008978
2 2 0.002709 0.078341 0.894324 0.016865 0.007761
2 2 0.002253 0.063922 0.911209 0.016321 0.006295
2 2 0.001856 0.041625 0.924403 0.027369 0.004746
2 2 0.000683 0.015262 0.933314 0.048567 0.002173
2 2 0.000598 0.014674 0.897967 0.083746 0.003015
2 2 0.000654 0.017767 0.931898 0.046781 0.002900
2 2 0.001577 0.034309 0.914279 0.044481 0.005354
2 2 0.003395 0.048837 0.891645 0.048514 0.007609
2 2 0.001117 0.024130 0.932664 0.038348 0.003742
2 2 0.001947 0.029275 0.927295 0.037560 0.003923
2 2 0.002618 0.044051 0.932006 0.017121 0.004205
2 2 0.003850 0.055120 0.906691 0.027400 0.006940
2 2 0.003037 0.050241 0.908251 0.032063 0.006408
2 2 0.003247 0.034461 0.823940 0.130219 0.008133
2 2 0.001589 0.018699 0.848385 0.127318 0.004010
2 2 0.002422 0.019320 0.739970 0.232944 0.005345
2 2 0.004871 0.031420 0.753817 0.202307 0.007585
2 2 0.002482 0.023234 0.850386 0.119531 0.004367
2 2 0.003207 0.027812 0.801111 0.161811 0.006059
2 2 0.005370 0.031153 0.742482 0.213025 0.007969
2 2 0.008736 0.036474 0.793452 0.154136 0.007202
2 2 0.005737 0.032974 0.802171 0.151672 0.007446
2 2 0.003678 0.041263 0.879185 0.068759 0.007115
2 2 0.001987 0.037423 0.864858 0.087858 0.007873
2 2 0.001047 0.029891 0.866446 0.095235 0.007381
2 2 0.001242 0.025530 0.897949 0.070488 0.004791
2 2 0.001229 0.019669 0.878252 0.096630 0.004220
2 2 0.001633 0.023397 0.844505 0.124644 0.005822
2 2 0.001282 0.021854 0.870054 0.101851 0.004958
2 2 0.002459 0.041566 0.846073 0.099580 0.010321
2 2 0.014165 0.071502 0.871961 0.034980 0.007393
2 2 0.109121 0.107388 0.717950 0.056247 0.009293
2 2 0.125749 0.109118 0.698414 0.057156 0.009563
2 2 0.060895 0.121301 0.772134 0.038009 0.007661
2 2 0.054213 0.189733 0.709451 0.033433 0.013169
2 2 0.004478 0.058161 0.909331 0.022978 0.005052
2 2 0.006284 0.100142 0.853087 0.028073 0.012413
2 2 0.002831 0.051003 0.898100 0.040677 0.007390
2 2 0.002531 0.102989 0.861068 0.019820 0.013592
2 2 0.003024 0.081232 0.879656 0.026157 0.009931
2 2 0.002973 0.073073 0.859138 0.051380 0.013436
2 2 0.001933 0.066338 0.894667 0.026380 0.010682
2 2 0.005127 0.138288 0.811059 0.025082 0.020445
2 2 0.005180 0.136248 0.788284 0.042636 0.027651
2 2 0.002232 0.096430 0.828555 0.050576 0.022208
2 2 0.000941 0.047779 0.895000 0.046185 0.010095
2 2 0.000965 0.043547 0.889614 0.055390 0.010485
2 2 0.001359 0.065430 0.892941 0.028632 0.011638
2 2 0.003322 0.104368 0.856059 0.021516 0.014735
2 2 0.008179 0.201148 0.752550 0.016290 0.021833
2 2 0.006101 0.150182 0.816145 0.012714 0.014858
2 2 0.003998 0.114148 0.853323 0.015390 0.013140
2 2 0.001659 0.065783 0.900267 0.023130 0.009162
2 2 0.000869 0.054468 0.926984 0.011766 0.005912
2 2 0.001493 0.076907 0.901166 0.012363 0.008071
2 2 0.003190 0.101722 0.876790 0.009370 0.008928
2 2 0.004974 0.148624 0.810461 0.018148 0.017793
2 2 0.003533 0.133150 0.840467 0.010941 0.011910
2 2 0.000586 0.044810 0.930563 0.017710 0.006331
2 2 0.000657 0.049260 0.919027 0.023105 0.007950
2 2 0.001536 0.070977 0.914190 0.007533 0.005762
2 2 0.034237 0.206508 0.739213 0.007577 0.012464
2 2 0.040638 0.217273 0.696352 0.019697 0.026040
2 2 0.035932 0.329058 0.607154 0.006357 0.021499
2 2 0.021937 0.297299 0.643454 0.011660 0.025650
2 2 0.005398 0.103576 0.864550 0.016049 0.010428
2 2 0.006834 0.157048 0.800469 0.017776 0.017873
2 2 0.009290 0.198096 0.751132 0.018196 0.023285
2 2 0.002186 0.079645 0.879411 0.025711 0.013047
2 2 0.006119 0.141152 0.810657 0.018436 0.023635
2 2 0.008401 0.191270 0.770195 0.011423 0.018710
2 2 0.003157 0.098870 0.870976 0.015370 0.011626
2 2 0.031935 0.257800 0.670957 0.012180 0.027129
2 2 0.226528 0.289500 0.422546 0.027135 0.034292
2 2 0.140555 0.388423 0.398927 0.022218 0.049877
2 2 0.015678 0.210199 0.732166 0.021965 0.019992
2 2 0.002665 0.110622 0.864307 0.011775 0.010630
2 2 0.001558 0.059704 0.903761 0.024851 0.010126
2 2 0.000752 0.033326 0.924136 0.034343 0.007443
2 2 0.000483 0.031223 0.940896 0.022100 0.005298
2 2 0.001375 0.058113 0.905077 0.025413 0.010022
2 2 0.001025 0.044943 0.921240 0.024721 0.008072
2 2 0.002619 0.085773 0.860628 0.034434 0.016545
2 2 0.001294 0.064574 0.900065 0.023761 0.010306
2 2 0.003597 0.131329 0.822748 0.024035 0.018292
2 2 0.010037 0.243556 0.706452 0.015214 0.024741
2 2 0.008044 0.236415 0.704887 0.021588 0.029066
2 2 0.006879 0.233750 0.703962 0.024680 0.030729
2 2 0.004482 0.199432 0.769727 0.010455 0.015904
2 2 0.003179 0.120581 0.850470 0.013407 0.012363
2 2 0.002741 0.097424 0.872600 0.015771 0.011464
2 2 0.003472 0.069755 0.905834 0.014910 0.006029
2 2 0.065378 0.209895 0.691704 0.016444 0.016578
2 2 0.138956 0.302609 0.500462 0.018569 0.039404
2 2 0.019778 0.288716 0.664479 0.007311 0.019715
2 2 0.012177 0.258527 0.700896 0.008975 0.019426
2 2 0.005247 0.211167 0.742215 0.018174 0.023197
2 2 0.002521 0.124430 0.814878 0.028625 0.029545
2 2 0.012184 0.156607 0.539307 0.005111 0.286791
2 2 0.013267 0.164635 0.532434 0.006174 0.283490
2 2 0.014890 0.169991 0.495121 0.005643 0.314355
2 2 0.014303 0.158176 0.505999 0.005918 0.315604
4 2 0.020763 0.153236 0.389209 0.005811 0.430981
4 4 0.027214 0.154232 0.299081 0.005223 0.514249
4 4 0.042692 0.189942 0.211518 0.006316 0.549532
4 4 0.042019 0.203927 0.219362 0.006175 0.528517
4 4 0.045990 0.187175 0.182819 0.005373 0.578644
4 4 0.028893 0.209268 0.294626 0.004325 0.462887
4 4 0.042429 0.240763 0.270569 0.011703 0.434536
2 4 0.018912 0.225379 0.423670 0.004604 0.327435
4 4 0.027655 0.216785 0.317321 0.004801 0.433438
4 4 0.039154 0.195381 0.217696 0.004873 0.542896
4 4 0.044945 0.150200 0.136140 0.002896 0.665819
4 4 0.058030 0.129949 0.091130 0.003232 0.717659
4 4 0.061117 0.120940 0.078819 0.003062 0.736062
4 4 0.049216 0.157661 0.136506 0.003775 0.652842
4 4 0.047663 0.166103 0.150583 0.004087 0.631563
4 4 0.045909 0.154683 0.139815 0.003218 0.656376
4 4 0.041362 0.159830 0.158169 0.002963 0.637676
4 4 0.044656 0.159960 0.149708 0.003347 0.642329
4 4 0.052680 0.190135 0.169245 0.006919 0.581021
4 4 0.070641 0.179155 0.137996 0.004185 0.608023
4 4 0.055124 0.207485 0.184678 0.009665 0.543048
4 4 0.041163 0.192871 0.206386 0.005011 0.554569
2 4 0.028529 0.281027 0.437052 0.014222 0.239169
4 4 0.031132 0.218793 0.296419 0.005597 0.448058
4 4 0.038056 0.200734 0.230394 0.005131 0.525686
4 4 0.065435 0.156232 0.108964 0.005982 0.663387
4 4 0.043428 0.148659 0.137571 0.002673 0.667669
4 4 0.045301 0.144150 0.127546 0.002662 0.680341
4 4 0.050553 0.135671 0.107640 0.002790 0.703346
4 4 0.050670 0.157375 0.133249 0.003941 0.654765
4 4 0.069659 0.160316 0.125341 0.001985 0.642699
4 4 0.060266 0.076524 0.040103 0.001311 0.821795
