0 0 0.872500 0.022482 0.014995 0.082427 0.007596
0 0 0.981973 0.006592 0.001655 0.006222 0.003559
0 0 0.952280 0.001691 0.001012 0.044837 0.000181
0 0 0.972497 0.005956 0.002904 0.018014 0.000628
0 0 0.958462 0.026562 0.008661 0.003477 0.002837
0 0 0.536004 0.150174 0.211105 0.095670 0.007047
0 0 0.598314 0.135192 0.104688 0.088039 0.073767
2 0 0.068536 0.353923 0.513823 0.016758 0.046960
0 0 0.569301 0.242219 0.137811 0.011009 0.039659
0 0 0.990702 0.005417 0.001193 0.001788 0.000900
0 0 0.964830 0.011955 0.006968 0.015696 0.000551
0 0 0.977463 0.006729 0.003190 0.012138 0.000480
0 0 0.954487 0.020176 0.009578 0.013476 0.002283
0 0 0.961037 0.021154 0.005189 0.003752 0.008868
0 0 0.947280 0.019509 0.003434 0.002897 0.026880
0 0 0.852011 0.075133 0.017797 0.003268 0.051791
0 0 0.816801 0.092476 0.019363 0.002095 0.069267
0 0 0.539817 0.134932 0.029611 0.002110 0.293530
4 0 0.346888 0.099722 0.028405 0.001567 0.523418
0 0 0.448616 0.135609 0.041647 0.003062 0.371067
0 0 0.500082 0.187206 0.042967 0.002229 0.267516
0 0 0.411206 0.244582 0.063737 0.002186 0.278290
4 0 0.213233 0.225018 0.084678 0.001772 0.475298
4 0 0.181086 0.142606 0.052193 0.001469 0.622647
4 0 0.342863 0.200272 0.059186 0.001913 0.395766
4 0 0.217905 0.192617 0.062623 0.001198 0.525658
4 0 0.365637 0.182498 0.042048 0.001477 0.408340
0 0 0.382752 0.191124 0.051195 0.001543 0.373387
0 0 0.540623 0.148198 0.040538 0.003213 0.267429
0 0 0.774036 0.093757 0.024940 0.005735 0.101533
0 0 0.866396 0.031928 0.003569 0.000913 0.097196
0 0 0.741097 0.042899 0.003633 0.000399 0.211972
0 0 0.585417 0.052942 0.004090 0.000267 0.357284
0 0 0.504516 0.054909 0.004153 0.000233 0.436189
4 0 0.446410 0.092447 0.009084 0.000310 0.451748
4 0 0.393493 0.079377 0.007111 0.000249 0.519771
4 0 0.379709 0.162727 0.020773 0.000360 0.436431
0 0 0.472577 0.170222 0.022460 0.000413 0.334327
0 0 0.402501 0.195427 0.027024 0.000383 0.374665
4 0 0.363541 0.220924 0.027819 0.000227 0.387489
4 0 0.254873 0.211755 0.028936 0.000247 0.504190
4 0 0.261262 0.243477 0.034265 0.000231 0.460765
4 0 0.196322 0.275319 0.047305 0.000298 0.480756
4 0 0.194544 0.301372 0.054276 0.000303 0.449505
4 0 0.197298 0.284557 0.054399 0.000405 0.463341
4 0 0.195245 0.276676 0.058714 0.000556 0.468811
4 0 0.148011 0.271804 0.090825 0.000900 0.488460
4 0 0.153322 0.148766 0.034555 0.000701 0.662656
4 0 0.157587 0.191348 0.054806 0.000977 0.595281
4 0 0.178627 0.075382 0.011226 0.000354 0.734413
4 0 0.113102 0.074088 0.017316 0.000420 0.795074
4 0 0.099496 0.064086 0.013773 0.000260 0.822385
4 0 0.129919 0.082181 0.023871 0.000700 0.763329
4 0 0.138909 0.077140 0.020821 0.000573 0.762558
4 0 0.288046 0.080299 0.011414 0.000541 0.619701
4 0 0.249525 0.085778 0.012789 0.000599 0.651309
4 0 0.112076 0.072079 0.013082 0.000311 0.802453
4 0 0.083254 0.064706 0.014420 0.000261 0.837360
4 0 0.187094 0.085925 0.018041 0.000688 0.708251
4 0 0.214545 0.111298 0.025946 0.000899 0.647311
4 0 0.071860 0.038010 0.003836 0.000034 0.886260
4 0 0.064786 0.038931 0.004685 0.000041 0.891557
4 0 0.071041 0.039495 0.004289 0.000040 0.885135
4 0 0.120614 0.046063 0.003555 0.000050 0.829718
4 0 0.254461 0.059993 0.004950 0.000146 0.680451
4 0 0.395646 0.068752 0.006512 0.000349 0.528742
0 0 0.503386 0.053275 0.003854 0.000207 0.439279
4 0 0.301637 0.060893 0.004713 0.000163 0.632595
4 0 0.341888 0.091239 0.008443 0.000218 0.558212
4 0 0.275007 0.141850 0.015915 0.000218 0.567010
4 0 0.254766 0.078686 0.007565 0.000225 0.658757
4 0 0.293300 0.073018 0.007307 0.000315 0.626060
4 0 0.311658 0.108193 0.016898 0.000980 0.562271
4 0 0.267455 0.105125 0.014472 0.000583 0.612364
0 0 0.395903 0.258840 0.136109 0.016227 0.192920
0 0 0.392444 0.302049 0.162930 0.011491 0.131086
0 0 0.786568 0.119439 0.039999 0.005929 0.048065
0 0 0.809862 0.119848 0.038781 0.003670 0.027840
0 0 0.913449 0.053450 0.013480 0.002665 0.016956
0 0 0.828043 0.094119 0.036433 0.009487 0.031918
0 0 0.740634 0.139841 0.081175 0.016978 0.021372
0 0 0.667362 0.176242 0.064445 0.006952 0.084999
0 0 0.907688 0.041251 0.009398 0.004220 0.037442
0 0 0.804604 0.057399 0.007860 0.001191 0.128945
0 0 0.592918 0.066937 0.007795 0.000827 0.331523
4 0 0.133109 0.065440 0.012679 0.000276 0.788496
4 0 0.078774 0.065560 0.019372 0.000342 0.835952
4 0 0.177199 0.072706 0.011202 0.000332 0.738562
4 0 0.130468 0.052394 0.006612 0.000108 0.810419
4 0 0.158440 0.042373 0.003130 0.000044 0.796014
4 0 0.071839 0.080969 0.033060 0.000763 0.813369
4 1 0.145306 0.109322 0.029668 0.001440 0.714263
4 1 0.178726 0.154143 0.062354 0.006084 0.598693
4 2 0.251083 0.161349 0.056586 0.007645 0.523337
4 2 0.213447 0.169070 0.065222 0.008562 0.543699
4 2 0.239074 0.197565 0.122631 0.028531 0.412198
2 2 0.061107 0.151608 0.469105 0.124539 0.193641
2 2 0.032018 0.116231 0.563595 0.119845 0.168311
2 2 0.023127 0.105239 0.624242 0.096346 0.151046
2 2 0.004795 0.038371 0.737847 0.160003 0.058984
2 2 0.001556 0.023191 0.851541 0.092710 0.031003
2 2 0.000945 0.016748 0.865203 0.088280 0.028823
2 2 0.000749 0.016420 0.899721 0.060334 0.022776
2 2 0.000929 0.015338 0.843415 0.110415 0.029902
2 2 0.001480 0.020352 0.826191 0.112531 0.039446
2 2 0.003610 0.035825 0.789786 0.084452 0.086327
2 2 0.001711 0.023190 0.830054 0.113770 0.031275
2 2 0.001323 0.022713 0.875859 0.075277 0.024828
2 2 0.000693 0.013873 0.860954 0.111863 0.012617
2 2 0.000634 0.013417 0.873888 0.098094 0.013968
2 2 0.000452 0.011774 0.893181 0.086762 0.007831
2 2 0.000549 0.016805 0.935725 0.037647 0.009274
2 2 0.000739 0.017112 0.896293 0.077490 0.008367
2 2 0.000986 0.017834 0.860310 0.106912 0.013958
2 2 0.001117 0.014552 0.775555 0.197679 0.011096
2 2 0.000514 0.010209 0.821046 0.159356 0.008874
2 2 0.000629 0.010163 0.745242 0.235899 0.008067
2 2 0.000741 0.007656 0.575318 0.410911 0.005374
3 2 0.000767 0.006203 0.469641 0.520009 0.003380
2 3 0.000847 0.007673 0.555732 0.430574 0.005174
3 3 0.004089 0.010224 0.325891 0.655640 0.004156
3 3 0.003860 0.007815 0.220369 0.765640 0.002316
3 3 0.002524 0.006638 0.229580 0.759261 0.001997
3 3 0.001544 0.004001 0.185473 0.807975 0.001007
3 3 0.001140 0.002698 0.150509 0.845073 0.000580
3 3 0.001727 0.002366 0.096834 0.898687 0.000386
3 3 0.001712 0.002028 0.079782 0.916185 0.000293
3 3 0.001668 0.001573 0.058070 0.938501 0.000187
3 3 0.001659 0.002176 0.082885 0.912957 0.000322
3 3 0.001916 0.003089 0.113658 0.880774 0.000563
3 3 0.001498 0.001610 0.059048 0.937651 0.000193
3 3 0.006688 0.006095 0.126558 0.859800 0.000859
3 3 0.038822 0.059578 0.446626 0.449928 0.005047
2 2 0.021023 0.077679 0.720981 0.174340 0.005977
2 2 0.036747 0.213119 0.660879 0.052149 0.037106
2 2 0.005910 0.048684 0.811040 0.111171 0.023196
2 2 0.002524 0.039000 0.878494 0.055177 0.024805
2 2 0.003106 0.039356 0.846761 0.081179 0.029598
2 2 0.002054 0.027975 0.833520 0.118570 0.017881
2 2 0.002227 0.017218 0.662449 0.301635 0.016470
2 2 0.002372 0.011526 0.501733 0.477243 0.007126
3 2 0.004615 0.016116 0.477791 0.491729 0.009749
3 2 0.004661 0.008744 0.250680 0.733041 0.002874
3 3 0.004248 0.009889 0.291766 0.690431 0.003667
3 3 0.005252 0.008071 0.193591 0.790886 0.002200
3 3 0.002153 0.005978 0.246167 0.743822 0.001880
3 3 0.003241 0.009055 0.269435 0.715145 0.003124
3 3 0.004508 0.009992 0.280335 0.701570 0.003596
3 3 0.004876 0.006402 0.150137 0.837130 0.001455
3 3 0.006997 0.004028 0.067063 0.921361 0.000552
3 3 0.005034 0.006602 0.131864 0.855119 0.001382
3 3 0.003897 0.004247 0.111193 0.879880 0.000782
3 3 0.002149 0.002812 0.104424 0.890130 0.000486
3 3 0.002184 0.001564 0.051456 0.944622 0.000174
3 3 0.002029 0.001543 0.052575 0.943680 0.000173
3 3 0.003510 0.002262 0.053697 0.940267 0.000263
3 3 0.005368 0.003418 0.064863 0.925896 0.000454
3 3 0.008535 0.004494 0.067910 0.918436 0.000626
3 3 0.006955 0.003683 0.062036 0.926846 0.000481
3 3 0.011160 0.005579 0.077482 0.904928 0.000852
3 3 0.008923 0.003463 0.052678 0.934523 0.000412
3 3 0.005112 0.002155 0.043641 0.948868 0.000224
3 3 0.003880 0.001762 0.040956 0.953228 0.000174
3 3 0.002790 0.001603 0.043377 0.952068 0.000162
3 3 0.003325 0.001390 0.035264 0.959896 0.000125
3 3 0.004147 0.001269 0.029462 0.965018 0.000103
3 3 0.003759 0.001117 0.027360 0.967677 0.000087
3 3 0.003261 0.001050 0.027510 0.968098 0.000081
3 3 0.003221 0.001428 0.036664 0.958556 0.000131
3 3 0.003410 0.001397 0.035039 0.960030 0.000125
3 3 0.002034 0.000969 0.031426 0.965491 0.000080
3 3 0.001114 0.000648 0.028244 0.969946 0.000049
3 3 0.001492 0.000744 0.028221 0.969487 0.000057
3 3 0.002044 0.001263 0.039942 0.956631 0.000120
3 3 0.002361 0.001192 0.035583 0.960758 0.000106
3 3 0.003983 0.001699 0.039170 0.954984 0.000164
3 3 0.002579 0.001157 0.033317 0.962848 0.000100
3 3 0.002686 0.001190 0.033587 0.962434 0.000103
3 3 0.002860 0.001234 0.033790 0.962008 0.000108
3 3 0.001954 0.001083 0.035402 0.961466 0.000096
3 3 0.000831 0.000513 0.025918 0.972700 0.000037
3 3 0.000944 0.000498 0.023826 0.974698 0.000034
3 3 0.000694 0.000357 0.020063 0.978864 0.000022
3 3 0.001764 0.001048 0.035921 0.961174 0.000093
3 3 0.004336 0.002317 0.050073 0.943014 0.000260
3 3 0.018121 0.005954 0.063023 0.912086 0.000817
3 3 0.021278 0.006265 0.061482 0.910123 0.000852
3 3 0.011821 0.005415 0.069719 0.912268 0.000777
3 2 0.007397 0.009641 0.186702 0.795102 0.001157
3 2 0.002862 0.008491 0.263289 0.722495 0.002863
3 2 0.001739 0.010264 0.448021 0.534452 0.005525
3 2 0.001619 0.007913 0.378521 0.608384 0.003563
3 2 0.003285 0.009974 0.331596 0.651056 0.004090
3 2 0.004215 0.005015 0.120042 0.869752 0.000976
3 2 0.004251 0.005536 0.120185 0.868946 0.001082
3 3 0.004359 0.008487 0.223101 0.761500 0.002552
3 3 0.004573 0.009010 0.259275 0.724101 0.003040
3 3 0.007040 0.012137 0.277403 0.698957 0.004463
3 3 0.007656 0.010219 0.214498 0.764560 0.003067
3 3 0.002445 0.006097 0.221441 0.768237 0.001780
3 3 0.001461 0.005785 0.305692 0.684928 0.002135
3 3 0.000850 0.004071 0.289714 0.703959 0.001406
3 2 0.001020 0.004864 0.297221 0.695163 0.001732
2 2 0.001653 0.014477 0.589989 0.382723 0.011158
2 2 0.001392 0.018968 0.789729 0.174923 0.014988
2 2 0.001707 0.031531 0.897595 0.045158 0.024008
2 2 0.002685 0.043235 0.882113 0.037826 0.034141
2 2 0.002693 0.044522 0.878140 0.029357 0.045288
2 2 0.005068 0.057774 0.801924 0.034649 0.100585
2 2 0.004882 0.057692 0.789386 0.027585 0.120455
2 2 0.015108 0.114474 0.529339 0.008145 0.332933
4 2 0.015081 0.085596 0.377026 0.008272 0.514025
4 2 0.018478 0.106728 0.401544 0.007466 0.465785
2 2 0.014598 0.115648 0.584740 0.010521 0.274492
2 2 0.019329 0.118975 0.538933 0.015985 0.306778
2 2 0.018845 0.152226 0.646004 0.012115 0.170810
2 2 0.026255 0.206005 0.636243 0.010893 0.120603
2 2 0.041497 0.268164 0.558736 0.009191 0.122412
2 2 0.151303 0.305930 0.362892 0.012100 0.167775
2 2 0.067506 0.246497 0.586566 0.018147 0.081283
2 2 0.071189 0.345822 0.483379 0.005601 0.094009
2 2 0.045376 0.327147 0.546181 0.005878 0.075418
2 2 0.029214 0.233491 0.596735 0.006700 0.133860
2 2 0.024935 0.157012 0.725947 0.021213 0.070893
2 2 0.020346 0.125221 0.783596 0.041279 0.029558
2 2 0.012870 0.133746 0.768182 0.017518 0.067684
2 2 0.013761 0.150726 0.755355 0.012633 0.067525
2 2 0.005577 0.072456 0.842430 0.028531 0.051006
2 2 0.004023 0.054588 0.855126 0.036806 0.049457
2 2 0.003641 0.047208 0.842267 0.042091 0.064793
2 2 0.001940 0.032092 0.879000 0.043936 0.043032
2 2 0.002283 0.030795 0.847530 0.073261 0.046130
2 2 0.001503 0.020359 0.806127 0.152281 0.019729
2 2 0.002632 0.021584 0.666859 0.289091 0.019834
2 2 0.001675 0.018650 0.737029 0.219875 0.022771
2 2 0.001229 0.016712 0.773153 0.194124 0.014781
2 2 0.000920 0.015162 0.828536 0.137866 0.017516
2 2 0.001147 0.024649 0.911367 0.046379 0.016458
2 3 0.001651 0.026993 0.893027 0.064104 0.014225
2 3 0.002670 0.030312 0.843796 0.117150 0.006072
3 3 0.009828 0.008791 0.146498 0.834036 0.000848
3 3 0.004439 0.003050 0.065521 0.926604 0.000387
3 3 0.002810 0.001947 0.055631 0.939383 0.000229
3 3 0.003614 0.002234 0.057548 0.936333 0.000271
3 3 0.002899 0.001507 0.040321 0.955127 0.000146
3 3 0.004537 0.002385 0.050408 0.942400 0.000269
3 3 0.006171 0.003879 0.068439 0.920976 0.000536
3 3 0.007061 0.005648 0.090287 0.896069 0.000936
3 3 0.008778 0.007135 0.109921 0.872814 0.001352
3 3 0.004674 0.005309 0.129770 0.859157 0.001090
3 3 0.003816 0.003548 0.089550 0.902518 0.000568
3 3 0.002952 0.002505 0.067884 0.926325 0.000334
3 3 0.001868 0.001677 0.053761 0.942502 0.000191
3 3 0.002446 0.001228 0.036013 0.960203 0.000111
3 3 0.002067 0.001029 0.032957 0.963860 0.000087
3 3 0.002987 0.001413 0.037534 0.957934 0.000131
3 3 0.003648 0.002140 0.050214 0.943758 0.000239
3 3 0.004804 0.002387 0.049211 0.943331 0.000266
3 3 0.004822 0.002467 0.050615 0.941816 0.000280
3 3 0.004093 0.001600 0.036637 0.957523 0.000148
3 2 0.041345 0.010871 0.074923 0.871121 0.001741
3 2 0.183924 0.059114 0.211135 0.540289 0.005538
0 2 0.774660 0.082424 0.071691 0.061945 0.009280
0 2 0.712691 0.126052 0.111241 0.040557 0.009459
2 2 0.165359 0.246222 0.517132 0.057009 0.014279
2 2 0.049544 0.207275 0.670784 0.045479 0.026918
2 2 0.003488 0.033078 0.770480 0.148743 0.044212
2 2 0.002495 0.029900 0.818378 0.119390 0.029837
2 2 0.001850 0.029370 0.871526 0.077969 0.019285
2 2 0.002546 0.027602 0.778700 0.165802 0.025351
2 2 0.000556 0.008604 0.712376 0.271016 0.007448
2 2 0.000636 0.007233 0.616676 0.371141 0.004314
2 2 0.001053 0.008014 0.516166 0.469814 0.004952
3 2 0.001286 0.007296 0.437281 0.550387 0.003750
3 2 0.002337 0.009563 0.383366 0.600310 0.004424
3 2 0.002761 0.004748 0.146157 0.845296 0.001037
3 2 0.007652 0.005977 0.091736 0.893630 0.001004
3 2 0.003485 0.002629 0.061694 0.931859 0.000333
3 2 0.002950 0.003299 0.092461 0.900756 0.000535
3 2 0.003650 0.006534 0.178975 0.809180 0.001661
3 2 0.008966 0.013877 0.244377 0.728148 0.004631
3 2 0.004408 0.011910 0.308718 0.670299 0.004665
3 2 0.006821 0.010901 0.225241 0.753670 0.003367
3 3 0.004711 0.005024 0.100756 0.888630 0.000879
3 3 0.002357 0.002365 0.066359 0.928609 0.000310
3 3 0.001141 0.001096 0.045213 0.952439 0.000110
3 3 0.001072 0.000977 0.041832 0.956024 0.000094
3 3 0.002102 0.001435 0.044344 0.951973 0.000146
3 3 0.002149 0.001324 0.040808 0.955591 0.000128
3 3 0.002627 0.001567 0.043614 0.952033 0.000159
3 3 0.001649 0.001387 0.047780 0.949037 0.000146
3 3 0.003817 0.003026 0.067319 0.925431 0.000406
3 3 0.001815 0.001850 0.059493 0.936618 0.000224
3 3 0.007098 0.005323 0.085477 0.901250 0.000851
3 3 0.007534 0.005819 0.090176 0.895505 0.000966
3 3 0.004059 0.004469 0.097328 0.893385 0.000760
3 2 0.010346 0.006213 0.083459 0.898989 0.000994
3 2 0.007457 0.004962 0.079874 0.906996 0.000712
3 2 0.005966 0.005861 0.116486 0.871095 0.000592
3 2 0.024433 0.040017 0.406165 0.525365 0.004020
3 2 0.002103 0.006737 0.265558 0.723891 0.001711
3 2 0.002322 0.005745 0.208180 0.782153 0.001600
3 2 0.001328 0.004510 0.216105 0.776793 0.001265
3 2 0.000999 0.004059 0.248252 0.745441 0.001249
3 2 0.001823 0.007316 0.322593 0.666392 0.001876
3 2 0.003090 0.015188 0.486284 0.490231 0.005208
3 2 0.003408 0.011038 0.287313 0.694199 0.004042
3 2 0.003726 0.016318 0.395784 0.576107 0.008065
3 2 0.003097 0.014477 0.414382 0.560636 0.007407
2 2 0.002630 0.017228 0.523345 0.445280 0.011516
3 2 0.002886 0.013479 0.424319 0.553294 0.006021
2 2 0.001664 0.018127 0.681354 0.288820 0.010035
3 2 0.003350 0.014481 0.396617 0.578442 0.007109
3 2 0.001075 0.008016 0.428655 0.558215 0.004038
3 2 0.001194 0.005485 0.280037 0.711408 0.001876
3 2 0.002063 0.007812 0.312244 0.674895 0.002987
2 2 0.001694 0.013431 0.633317 0.348377 0.003181
2 2 0.004052 0.023229 0.658996 0.307151 0.006573
2 2 0.002663 0.018616 0.657868 0.314908 0.005945
2 2 0.003268 0.016674 0.609198 0.366713 0.004147
3 2 0.001117 0.003452 0.207481 0.787232 0.000718
3 2 0.001746 0.001989 0.068235 0.927767 0.000262
3 2 0.003499 0.005940 0.150183 0.839041 0.001337
3 2 0.001709 0.003595 0.142177 0.851761 0.000757
3 2 0.005046 0.009015 0.203023 0.780368 0.002548
3 2 0.005127 0.009430 0.232259 0.750242 0.002943
3 2 0.002345 0.006178 0.223918 0.765742 0.001818
3 2 0.003620 0.007030 0.198398 0.789029 0.001923
3 2 0.002173 0.004468 0.170406 0.821880 0.001073
3 2 0.007785 0.008086 0.154931 0.827285 0.001912
3 2 0.001420 0.001889 0.072281 0.924154 0.000256
3 2 0.002487 0.001688 0.047781 0.947864 0.000181
3 2 0.002024 0.001637 0.050820 0.945338 0.000181
3 2 0.002105 0.001936 0.058162 0.937564 0.000233
3 2 0.001775 0.001426 0.047450 0.949198 0.000150
3 2 0.005704 0.003436 0.063496 0.926913 0.000452
3 2 0.025642 0.010540 0.092399 0.869740 0.001678
3 2 0.041701 0.026064 0.189602 0.738263 0.004370
2 2 0.025365 0.068277 0.535338 0.348382 0.022638
2 2 0.011774 0.052282 0.575055 0.320033 0.040856
2 2 0.003482 0.027166 0.664800 0.276538 0.028014
2 2 0.001783 0.018189 0.692096 0.268895 0.019037
2 2 0.001908 0.019588 0.734878 0.234630 0.008996
2 2 0.003507 0.026497 0.712240 0.247584 0.010172
2 2 0.002259 0.015882 0.616399 0.360931 0.004528
2 2 0.001888 0.014442 0.617862 0.362785 0.003022
2 2 0.002363 0.020040 0.716982 0.256505 0.004110
2 2 0.000814 0.010517 0.627557 0.355720 0.005393
3 2 0.000721 0.006886 0.410901 0.578212 0.003280
3 2 0.000817 0.008083 0.464507 0.522187 0.004406
3 2 0.000898 0.005889 0.359840 0.630898 0.002475
3 2 0.001296 0.005483 0.298270 0.692977 0.001975
3 2 0.002228 0.009421 0.361476 0.622752 0.004123
3 2 0.002279 0.009030 0.294657 0.690715 0.003319
3 2 0.005583 0.015232 0.301702 0.671531 0.005953
3 2 0.004665 0.018539 0.427717 0.539054 0.010026
3 2 0.004189 0.014320 0.368403 0.606500 0.006588
3 2 0.005820 0.021674 0.478293 0.480756 0.013457
3 2 0.005468 0.013196 0.297147 0.679132 0.005057
3 2 0.006925 0.017211 0.324438 0.644197 0.007229
3 2 0.006882 0.006256 0.102465 0.883274 0.001123
3 3 0.005216 0.004897 0.090509 0.898575 0.000803
3 3 0.003875 0.003422 0.074694 0.917517 0.000491
3 3 0.003463 0.003311 0.076095 0.916651 0.000479
3 3 0.002739 0.002786 0.077938 0.916132 0.000405
3 3 0.001635 0.002922 0.113674 0.881239 0.000530
3 3 0.002106 0.003306 0.098477 0.895557 0.000553
3 3 0.002440 0.002136 0.059630 0.935532 0.000262
3 3 0.001722 0.001264 0.043086 0.953803 0.000125
3 3 0.002349 0.001333 0.039504 0.956687 0.000127
3 3 0.004232 0.002336 0.050976 0.942190 0.000265
3 3 0.009601 0.004179 0.060451 0.925226 0.000543
3 3 0.012989 0.009293 0.125801 0.849962 0.001955
3 3 0.012526 0.008685 0.105027 0.872135 0.001626
3 3 0.013160 0.008699 0.101321 0.875225 0.001595
3 3 0.010360 0.005974 0.080556 0.902177 0.000934
3 3 0.006874 0.004801 0.079066 0.908529 0.000730
3 3 0.009042 0.009751 0.152063 0.826842 0.002302
3 3 0.006555 0.013759 0.286177 0.688362 0.005147
2 3 0.006491 0.035624 0.638577 0.283021 0.036286
2 4 0.014006 0.077972 0.624038 0.057380 0.226604
4 4 0.023525 0.096172 0.332363 0.012224 0.535715
4 4 0.039035 0.101693 0.159869 0.004887 0.694517
4 4 0.047661 0.125528 0.151394 0.003077 0.672341
1 4 0.114976 0.371281 0.215346 0.001801 0.296596
1 4 0.113889 0.440014 0.258577 0.001893 0.185628
1 4 0.095916 0.395167 0.302155 0.002680 0.204082
4 4 0.054134 0.179617 0.275530 0.006761 0.483958
4 4 0.068146 0.185833 0.225037 0.006306 0.514678
4 4 0.059158 0.153387 0.167749 0.003545 0.616160
4 4 0.034809 0.081262 0.095239 0.001833 0.786857
4 4 0.025393 0.053383 0.043774 0.000410 0.877040
4 4 0.011969 0.031895 0.029338 0.000113 0.926685
4 4 0.019150 0.037535 0.023809 0.000129 0.919377
4 4 0.032366 0.055156 0.033926 0.000355 0.878197
4 4 0.071414 0.098979 0.060102 0.001877 0.767627
4 4 0.105462 0.130531 0.078795 0.004496 0.680716
4 4 0.060046 0.102821 0.086607 0.002770 0.747756
4 4 0.041191 0.068533 0.045043 0.000685 0.844547
4 4 0.037626 0.050254 0.020923 0.000203 0.890994
4 4 0.060334 0.068886 0.026504 0.000459 0.843817
4 4 0.070212 0.075519 0.027898 0.000579 0.825792
4 4 0.124049 0.104398 0.032239 0.001349 0.737965
4 4 0.043198 0.087026 0.085057 0.001907 0.782812
4 4 0.038851 0.071199 0.054795 0.000868 0.834286
4 4 0.040165 0.064186 0.038602 0.000531 0.856517
4 4 0.020439 0.047984 0.043980 0.000336 0.887261
4 4 0.016653 0.041499 0.038860 0.000231 0.902757
4 4 0.031094 0.063911 0.055159 0.000704 0.849132
4 4 0.043878 0.087369 0.084111 0.001903 0.782739
4 4 0.042350 0.103903 0.150696 0.004794 0.698257
4 4 0.025656 0.085378 0.176356 0.003771 0.708838
4 4 0.030364 0.094467 0.187120 0.004980 0.683068
4 4 0.037218 0.099408 0.143757 0.003320 0.716297
4 4 0.029923 0.097191 0.210267 0.006081 0.656536
4 4 0.030422 0.103293 0.251648 0.008777 0.605860
4 4 0.020643 0.080571 0.206688 0.004033 0.688065
4 4 0.021735 0.053113 0.054045 0.000484 0.870624
4 4 0.029339 0.049552 0.028673 0.000253 0.892183
4 4 0.050176 0.048224 0.012358 0.000126 0.889116
4 4 0.036199 0.121111 0.198112 0.003489 0.641089
4 4 0.019242 0.066125 0.124034 0.001565 0.789035
4 4 0.024032 0.060796 0.069344 0.000776 0.845051
4 4 0.014146 0.028168 0.016177 0.000056 0.941454
4 4 0.024220 0.031114 0.009964 0.000046 0.934656
4 4 0.028253 0.036817 0.012923 0.000077 0.921930
4 4 0.047151 0.048954 0.014087 0.000143 0.889665
4 4 0.096073 0.089852 0.029710 0.000891 0.783474
4 4 0.075523 0.095068 0.049245 0.001468 0.778696
4 4 0.090710 0.088894 0.031215 0.000900 0.788281
4 4 0.033954 0.057829 0.036316 0.000412 0.871489
4 4 0.030396 0.059500 0.046266 0.000529 0.863309
4 4 0.021761 0.043015 0.029306 0.000196 0.905721
4 4 0.020126 0.041711 0.030012 0.000189 0.907962
4 4 0.014197 0.066110 0.198516 0.002594 0.718582
4 4 0.028166 0.092510 0.197041 0.005063 0.677219
4 4 0.032455 0.108815 0.236394 0.006986 0.615350
4 4 0.028911 0.100513 0.237698 0.006973 0.625906
4 4 0.038749 0.117410 0.261946 0.012427 0.569468
4 4 0.029849 0.101335 0.243145 0.008028 0.617643
4 4 0.017791 0.081021 0.269460 0.005772 0.625956
4 4 0.018754 0.078329 0.220095 0.004116 0.678706
4 4 0.016438 0.080629 0.237318 0.003024 0.662591
4 4 0.022619 0.134128 0.349026 0.003199 0.491028
4 4 0.032604 0.084339 0.117533 0.002411 0.763113
4 4 0.018913 0.072032 0.165889 0.002503 0.740662
4 4 0.023096 0.072434 0.124233 0.001874 0.778363
4 4 0.035616 0.079471 0.086114 0.001599 0.797200
4 4 0.041442 0.087976 0.093423 0.002121 0.775038
4 4 0.044166 0.108691 0.163215 0.005781 0.678148
2 4 0.007813 0.080387 0.643958 0.010577 0.257265
2 2 0.010019 0.080959 0.544523 0.011126 0.353373
2 2 0.010171 0.080994 0.479142 0.007076 0.422617
2 2 0.025644 0.144405 0.429352 0.007319 0.393281
4 2 0.046308 0.167661 0.272700 0.005287 0.508044
4 2 0.065889 0.265335 0.318591 0.004129 0.346057
2 2 0.061936 0.284960 0.378588 0.004834 0.269682
2 2 0.022357 0.162081 0.565483 0.008527 0.241552
2 2 0.008551 0.076366 0.599616 0.011924 0.303544
2 2 0.013062 0.094832 0.506282 0.009744 0.376079
2 2 0.023133 0.152068 0.465305 0.005686 0.353808
2 2 0.023377 0.183454 0.547727 0.005253 0.240189
2 2 0.012422 0.136973 0.703585 0.007613 0.139408
2 2 0.005020 0.072791 0.805457 0.012680 0.104052
2 2 0.004197 0.065234 0.839505 0.015830 0.075233
2 2 0.002582 0.048495 0.890179 0.020632 0.038112
2 2 0.002228 0.049506 0.908290 0.016296 0.023681
2 2 0.001147 0.025665 0.915548 0.039552 0.018088
2 2 0.001177 0.027011 0.913835 0.026689 0.031288
2 2 0.002392 0.035589 0.852079 0.038575 0.071365
2 2 0.004144 0.044958 0.807423 0.059074 0.084401
2 2 0.005179 0.048684 0.760673 0.055435 0.130028
2 2 0.003074 0.041881 0.850283 0.044324 0.060438
2 2 0.000908 0.024155 0.930678 0.030990 0.013268
2 2 0.000535 0.020488 0.953351 0.016367 0.009258
2 2 0.000336 0.014274 0.956699 0.022546 0.006145
2 2 0.000443 0.014377 0.937476 0.038676 0.009028
2 2 0.001354 0.021564 0.853877 0.103441 0.019765
2 2 0.001039 0.018898 0.869730 0.094001 0.016332
2 2 0.001530 0.017430 0.731757 0.228649 0.020634
2 2 0.001090 0.022306 0.901766 0.049217 0.025621
2 2 0.001266 0.029772 0.920772 0.027396 0.020795
2 2 0.001047 0.021298 0.899037 0.057982 0.020636
2 2 0.002526 0.034210 0.851386 0.087678 0.024200
2 2 0.002702 0.037493 0.861149 0.069832 0.028823
2 2 0.001639 0.026088 0.865309 0.088175 0.018789
2 2 0.001969 0.025009 0.818797 0.124649 0.029577
2 2 0.001734 0.026402 0.856632 0.096516 0.018716
2 2 0.001568 0.025002 0.863800 0.090132 0.019498
2 2 0.001898 0.027422 0.854506 0.087439 0.028736
2 2 0.002958 0.036635 0.882946 0.060515 0.016946
2 2 0.021122 0.092030 0.781074 0.074322 0.031452
2 2 0.069578 0.113260 0.625378 0.180013 0.011772
2 2 0.104238 0.198001 0.584767 0.093913 0.019081
1 2 0.243029 0.347961 0.326943 0.021280 0.060787
2 2 0.071936 0.242606 0.437618 0.027348 0.220492
2 2 0.037117 0.190812 0.548522 0.020672 0.202877
2 2 0.008152 0.083626 0.797566 0.033537 0.077120
2 2 0.006852 0.082979 0.809859 0.020818 0.079492
2 2 0.004154 0.061951 0.863294 0.026035 0.044565
2 2 0.002789 0.050397 0.892877 0.025505 0.028432
2 2 0.003001 0.043867 0.871057 0.047122 0.034953
2 2 0.001669 0.027866 0.868672 0.090241 0.011551
2 2 0.001245 0.023868 0.882705 0.082746 0.009437
2 2 0.000620 0.015559 0.900192 0.076984 0.006646
2 2 0.001168 0.016797 0.804471 0.157420 0.020143
2 2 0.001718 0.019452 0.752925 0.200472 0.025432
2 2 0.001799 0.018359 0.694619 0.265828 0.019394
2 2 0.002200 0.021948 0.725530 0.223775 0.026547
2 2 0.002043 0.020105 0.699647 0.256305 0.021900
3 2 0.001344 0.007283 0.362120 0.626126 0.003127
3 2 0.001613 0.008273 0.341719 0.644990 0.003405
3 2 0.002467 0.011576 0.402120 0.578179 0.005659
2 2 0.002296 0.014901 0.589284 0.381949 0.011571
2 2 0.002589 0.017705 0.603840 0.361361 0.014505
2 2 0.002618 0.020551 0.658675 0.298269 0.019888
2 2 0.001971 0.019208 0.708157 0.249293 0.021371
2 2 0.002307 0.021221 0.691813 0.261891 0.022767
2 2 0.004757 0.019710 0.494516 0.468440 0.012577
3 2 0.006038 0.013888 0.268361 0.706783 0.004931
3 2 0.003538 0.008123 0.216499 0.769464 0.002376
3 2 0.001064 0.004343 0.249644 0.743604 0.001346
3 2 0.001098 0.008382 0.484040 0.501662 0.004818
2 2 0.000875 0.011304 0.682544 0.294450 0.010827
2 2 0.000859 0.011893 0.728325 0.245761 0.013163
2 2 0.001812 0.019336 0.726688 0.229258 0.022906
2 2 0.001847 0.018413 0.684347 0.276538 0.018855
2 2 0.002707 0.016782 0.559658 0.408606 0.012247
3 2 0.003488 0.015743 0.461400 0.510290 0.009078
2 2 0.003354 0.019702 0.570797 0.396080 0.010067
2 2 0.001204 0.015867 0.747053 0.231207 0.004669
2 2 0.000930 0.012253 0.652696 0.329291 0.004830
2 2 0.002218 0.016429 0.573878 0.400583 0.006892
3 2 0.001400 0.009674 0.490793 0.492418 0.005715
3 2 0.002440 0.010360 0.377967 0.604482 0.004751
3 2 0.001068 0.006547 0.401037 0.588285 0.003063
3 2 0.003556 0.012243 0.344623 0.634331 0.005247
3 2 0.004777 0.012124 0.276142 0.702605 0.004352
3 3 0.010075 0.012194 0.155478 0.819298 0.002955
3 3 0.004687 0.012782 0.260956 0.717176 0.004399
3 3 0.004417 0.002740 0.057820 0.934686 0.000337
3 3 0.008230 0.005020 0.076167 0.909832 0.000750
3 3 0.005275 0.002218 0.044188 0.948086 0.000232
3 3 0.008682 0.005317 0.078351 0.906839 0.000811
3 3 0.003679 0.003227 0.072457 0.920183 0.000453
3 3 0.004560 0.003510 0.071268 0.920170 0.000492
3 3 0.005416 0.003704 0.069452 0.920915 0.000514
3 3 0.004222 0.003009 0.064148 0.928227 0.000394
3 3 0.005695 0.004425 0.079694 0.909514 0.000671
3 3 0.010735 0.010167 0.126406 0.850550 0.002142
3 3 0.004293 0.004565 0.092382 0.898008 0.000753
3 3 0.003545 0.002644 0.061552 0.931924 0.000335
3 3 0.002826 0.001818 0.048364 0.946795 0.000197
3 3 0.002973 0.001612 0.042399 0.952856 0.000161
3 3 0.002429 0.001950 0.055033 0.940360 0.000227
3 3 0.006119 0.004985 0.085922 0.902178 0.000795
3 3 0.011870 0.008930 0.108299 0.869198 0.001703
3 3 0.007447 0.007103 0.107983 0.876141 0.001326
3 3 0.006832 0.007070 0.111510 0.873246 0.001343
3 3 0.008283 0.005714 0.085227 0.899857 0.000918
3 3 0.002518 0.002491 0.067581 0.927078 0.000331
3 3 0.001670 0.002582 0.083144 0.912219 0.000385
3 3 0.003280 0.004967 0.111436 0.879400 0.000917
3 3 0.005651 0.004379 0.079204 0.910104 0.000661
3 3 0.006034 0.003684 0.065985 0.923799 0.000497
3 3 0.002238 0.001515 0.045344 0.950747 0.000156
3 3 0.001543 0.001080 0.039123 0.958154 0.000101
3 3 0.001861 0.001003 0.033702 0.963348 0.000086
3 3 0.003575 0.002607 0.060563 0.932927 0.000327
3 3 0.002680 0.002252 0.060075 0.934714 0.000278
3 3 0.005383 0.005622 0.100882 0.887122 0.000991
3 3 0.007512 0.008563 0.126544 0.855603 0.001778
3 3 0.006268 0.006617 0.109188 0.876691 0.001236
3 3 0.011814 0.010529 0.125165 0.850279 0.002213
3 3 0.009170 0.005861 0.083454 0.900582 0.000933
3 3 0.008673 0.005172 0.076473 0.908906 0.000777
3 3 0.005456 0.002764 0.053187 0.938267 0.000325
3 3 0.004194 0.002670 0.057762 0.935047 0.000327
3 3 0.003946 0.002981 0.065483 0.927197 0.000394
3 3 0.003577 0.004860 0.105437 0.885257 0.000868
3 3 0.010830 0.010163 0.125908 0.850963 0.002136
3 3 0.014848 0.008462 0.093929 0.881276 0.001484
3 3 0.019248 0.009486 0.094066 0.875503 0.001697
3 3 0.014190 0.007177 0.083288 0.894179 0.001166
3 3 0.009556 0.008290 0.111242 0.869318 0.001594
3 3 0.008365 0.009079 0.130617 0.850006 0.001933
3 3 0.008644 0.019438 0.309078 0.657111 0.005729
3 3 0.022070 0.022165 0.180586 0.768927 0.006252
3 3 0.010119 0.009934 0.127007 0.850846 0.002094
3 3 0.012010 0.012533 0.144259 0.828289 0.002908
3 3 0.013785 0.011961 0.130912 0.840731 0.002611
3 3 0.014758 0.012213 0.129517 0.840857 0.002655
3 3 0.028894 0.021001 0.154524 0.790212 0.005368
3 3 0.011158 0.015041 0.191746 0.777803 0.004252
3 3 0.011335 0.013536 0.159491 0.812277 0.003361
3 3 0.010563 0.017304 0.198623 0.768473 0.005038
3 3 0.011917 0.019878 0.211719 0.750368 0.006118
3 3 0.006346 0.010012 0.155008 0.826258 0.002376
3 3 0.004714 0.007706 0.140152 0.845744 0.001684
3 3 0.009776 0.008204 0.109181 0.871279 0.001560
3 3 0.021322 0.018806 0.159989 0.795044 0.004839
3 3 0.010493 0.010010 0.125924 0.851473 0.002101
3 3 0.008288 0.008235 0.117410 0.864435 0.001632
3 3 0.005677 0.008110 0.135629 0.848839 0.001746
3 3 0.003518 0.008987 0.216442 0.768416 0.002638
3 2 0.003676 0.017583 0.441617 0.527378 0.009746
3 2 0.004361 0.015988 0.349763 0.622824 0.007065
3 2 0.006827 0.023037 0.384540 0.574126 0.011470
3 2 0.005607 0.017550 0.344531 0.624577 0.007735
3 2 0.006111 0.017440 0.340527 0.628302 0.007620
3 2 0.013328 0.023618 0.276673 0.677369 0.009012
3 2 0.008210 0.016054 0.229927 0.740667 0.005143
3 2 0.021113 0.024608 0.210590 0.735788 0.007901
3 2 0.013783 0.015378 0.161904 0.805036 0.003899
3 2 0.025721 0.023881 0.180235 0.763373 0.006791
3 2 0.060450 0.033675 0.166251 0.729969 0.009654
3 2 0.160241 0.061469 0.193512 0.560354 0.024424
2 2 0.260025 0.171601 0.356175 0.168499 0.043700
2 2 0.149045 0.304338 0.440279 0.045394 0.060944
2 2 0.019754 0.090116 0.636691 0.222245 0.031193
2 2 0.003795 0.030316 0.660949 0.288670 0.016270
2 2 0.002005 0.023096 0.749337 0.212803 0.012759
2 2 0.001309 0.020977 0.848994 0.112119 0.016601
2 2 0.001569 0.019314 0.769588 0.190040 0.019489
2 2 0.003439 0.028972 0.712101 0.219861 0.035627
2 2 0.004243 0.029754 0.637367 0.299889 0.028747
2 2 0.003729 0.032225 0.740566 0.177230 0.046250
2 2 0.001375 0.019605 0.803549 0.161917 0.013554
2 2 0.001340 0.019171 0.820279 0.136505 0.022705
2 2 0.002587 0.024850 0.735483 0.204959 0.032122
2 2 0.005509 0.053775 0.808049 0.092745 0.039921
2 2 0.005219 0.055059 0.817083 0.060193 0.062446
2 2 0.004462 0.043986 0.770928 0.059945 0.120679
2 2 0.006905 0.059765 0.649504 0.026679 0.257146
2 2 0.009880 0.070339 0.493149 0.013529 0.413103
2 4 0.008030 0.085159 0.547801 0.004451 0.354559
4 4 0.023085 0.152388 0.370149 0.002407 0.451971
2 4 0.049612 0.313082 0.415603 0.002356 0.219348
2 4 0.044044 0.284204 0.429969 0.002621 0.239161
4 4 0.132357 0.299354 0.178832 0.003615 0.385842
4 4 0.026038 0.079886 0.139888 0.002569 0.751619
4 4 0.020300 0.066195 0.114775 0.001453 0.797276
4 4 0.018858 0.046924 0.046320 0.000336 0.887561
4 4 0.018774 0.042415 0.034810 0.000220 0.903781
4 4 0.027774 0.048694 0.029498 0.000250 0.893784
4 4 0.027440 0.047979 0.028763 0.000238 0.895580
4 4 0.016219 0.044611 0.049782 0.000325 0.889063
4 4 0.016557 0.038295 0.031087 0.000166 0.913894
4 4 0.010289 0.032989 0.040229 0.000155 0.916338
4 4 0.020037 0.039819 0.026431 0.000156 0.913556
4 4 0.042523 0.051509 0.018868 0.000197 0.886902
4 4 0.029141 0.061953 0.055332 0.000664 0.852910
4 4 0.045658 0.072276 0.045360 0.000768 0.835938
4 4 0.036912 0.080043 0.083469 0.001578 0.797998
4 4 0.033707 0.070090 0.064313 0.000962 0.830927
4 4 0.033267 0.065776 0.054402 0.000737 0.845818
4 4 0.033625 0.079173 0.092703 0.001696 0.792803
4 4 0.036212 0.088221 0.115178 0.002594 0.757796
4 4 0.031949 0.077620 0.094224 0.001654 0.794554
4 4 0.032558 0.070301 0.068254 0.001019 0.827868
4 4 0.028491 0.063646 0.061878 0.000770 0.845215
4 4 0.032244 0.063184 0.049616 0.000604 0.854352
4 4 0.105631 0.168221 0.069664 0.001014 0.655470
4 4 0.211507 0.263662 0.067823 0.001268 0.455739
1 4 0.176275 0.430217 0.244665 0.004131 0.144712
1 1 0.097407 0.491088 0.316585 0.002004 0.092915
1 1 0.112138 0.440559 0.327084 0.004922 0.115297
2 1 0.013143 0.104498 0.656518 0.020150 0.205690
2 2 0.004206 0.058710 0.836970 0.024112 0.076001
2 2 0.005826 0.064537 0.810625 0.037641 0.081371
2 2 0.005659 0.058828 0.766775 0.034438 0.134300
2 2 0.008264 0.068028 0.668525 0.031221 0.223963
2 2 0.016529 0.090427 0.507423 0.026473 0.359148
2 2 0.016613 0.090588 0.521100 0.029398 0.342302
2 2 0.013518 0.080653 0.614572 0.048412 0.242845
2 2 0.004758 0.046958 0.788687 0.066307 0.093290
2 2 0.003629 0.046638 0.835226 0.040176 0.074332
2 2 0.003064 0.036657 0.828832 0.069925 0.061523
2 2 0.003190 0.038577 0.836462 0.072903 0.048867
2 2 0.003870 0.044425 0.811560 0.049940 0.090206
2 2 0.006437 0.056673 0.719316 0.043636 0.173939
2 2 0.009399 0.076312 0.683453 0.031500 0.199337
2 2 0.014264 0.083349 0.470460 0.017437 0.414490
2 2 0.016656 0.099295 0.448277 0.010991 0.424781
4 2 0.028693 0.127863 0.348273 0.008450 0.486722
4 2 0.023609 0.131223 0.400346 0.006569 0.438253
2 2 0.021256 0.136321 0.495045 0.008835 0.338542
4 2 0.021191 0.115199 0.412383 0.009140 0.442087
2 2 0.012168 0.082340 0.511108 0.014751 0.379634
4 4 0.023602 0.095907 0.286419 0.008263 0.585808
4 4 0.023119 0.091091 0.258921 0.006964 0.619905
4 4 0.024518 0.087315 0.203787 0.004674 0.679706
4 4 0.023698 0.080721 0.167109 0.003168 0.725304
4 4 0.041513 0.113590 0.128796 0.001849 0.714252
4 4 0.052202 0.128824 0.137784 0.002738 0.678452
4 4 0.045170 0.128571 0.233362 0.009329 0.583567
4 4 0.044746 0.118133 0.210212 0.009368 0.617541
4 2 0.017626 0.086729 0.352452 0.010207 0.532986
4 2 0.016263 0.083159 0.348666 0.009153 0.542758
4 2 0.023764 0.100433 0.354892 0.014305 0.506607
2 2 0.020509 0.107107 0.473438 0.019111 0.379835
2 2 0.010117 0.087520 0.706562 0.026876 0.168925
2 2 0.015225 0.091460 0.476283 0.014898 0.402134
2 2 0.012470 0.077472 0.450559 0.013278 0.446220
4 2 0.014573 0.077613 0.328887 0.007170 0.571758
4 2 0.016123 0.077801 0.277060 0.005529 0.623487
4 2 0.014965 0.097961 0.395964 0.005260 0.485851
2 2 0.012713 0.100088 0.504515 0.006932 0.375752
2 2 0.014784 0.115298 0.531839 0.007500 0.330579
2 2 0.012528 0.115345 0.586841 0.006632 0.278654
2 2 0.019847 0.151974 0.437857 0.002755 0.387568
2 2 0.020768 0.165739 0.439561 0.002232 0.371700
2 2 0.020477 0.170592 0.466604 0.002372 0.339955
4 2 0.021324 0.129347 0.328041 0.002506 0.518782
2 2 0.021409 0.149069 0.477430 0.005324 0.346767
2 2 0.017955 0.108988 0.502508 0.013516 0.357033
2 2 0.006963 0.081216 0.695098 0.009686 0.207038
2 2 0.010073 0.085456 0.539441 0.008567 0.356462
2 2 0.012277 0.108700 0.547274 0.005972 0.325777
4 2 0.012544 0.094240 0.419349 0.004345 0.469521
2 2 0.004200 0.051101 0.749024 0.020304 0.175371
2 2 0.008203 0.072569 0.600259 0.013314 0.305654
2 2 0.006797 0.072773 0.743037 0.019817 0.157576
2 2 0.009621 0.093894 0.693497 0.014463 0.188524
2 2 0.004598 0.066387 0.826290 0.017375 0.085350
2 2 0.004097 0.061514 0.813875 0.014497 0.106018
2 2 0.003341 0.057287 0.862629 0.016485 0.060258
2 2 0.002929 0.058399 0.864527 0.010176 0.063970
2 2 0.005814 0.089586 0.780614 0.007053 0.116933
2 2 0.008027 0.111851 0.773603 0.007702 0.098817
2 2 0.008359 0.108756 0.727200 0.006340 0.149345
2 2 0.004797 0.081064 0.828619 0.008867 0.076654
2 2 0.002588 0.054185 0.873756 0.010214 0.059257
2 2 0.003301 0.061278 0.847144 0.009970 0.078306
2 2 0.003282 0.057164 0.854019 0.014076 0.071459
2 2 0.009919 0.089366 0.696638 0.019708 0.184369
2 2 0.011685 0.097428 0.640922 0.015590 0.234374
2 2 0.013491 0.088472 0.576002 0.022702 0.299333
2 2 0.009345 0.082181 0.590297 0.010872 0.307306
2 2 0.006369 0.078589 0.715508 0.009371 0.190163
2 2 0.004239 0.071187 0.841380 0.011184 0.072010
2 2 0.001375 0.034911 0.923749 0.017932 0.022032
2 2 0.000490 0.018172 0.951277 0.018935 0.011126
2 2 0.000407 0.016356 0.954348 0.015726 0.013163
2 2 0.001145 0.029662 0.910700 0.014201 0.044293
2 2 0.001960 0.041089 0.893186 0.016600 0.047165
2 2 0.002609 0.045111 0.869397 0.021443 0.061440
2 2 0.001728 0.040366 0.905375 0.014109 0.038423
2 2 0.000954 0.026606 0.929378 0.017800 0.025262
2 2 0.001624 0.035859 0.892441 0.015576 0.054501
2 2 0.000972 0.024478 0.926231 0.033618 0.014701
2 2 0.001269 0.024439 0.891846 0.068788 0.013658
2 2 0.000931 0.018396 0.881448 0.085341 0.013883
2 2 0.001438 0.022917 0.862335 0.087882 0.025428
2 2 0.003075 0.039212 0.842242 0.057764 0.057707
2 2 0.006506 0.051724 0.739276 0.083706 0.118789
2 2 0.004499 0.042810 0.771878 0.072271 0.108543
2 2 0.002273 0.038303 0.884130 0.035899 0.039396
2 2 0.006453 0.078427 0.864029 0.018719 0.032372
2 2 0.098818 0.244131 0.598170 0.036615 0.022266
2 1 0.179536 0.321956 0.450383 0.027691 0.020433
1 1 0.152130 0.421053 0.386334 0.006246 0.034237
2 2 0.083981 0.312110 0.407814 0.007119 0.188976
0 2 0.364382 0.268750 0.215309 0.039611 0.111948
0 0 0.459243 0.193421 0.130195 0.051874 0.165267
0 0 0.574826 0.152081 0.050730 0.009501 0.212862
0 0 0.727044 0.100633 0.022899 0.003828 0.145596
0 0 0.610608 0.086584 0.014105 0.001890 0.286813
0 0 0.453795 0.106197 0.016837 0.001331 0.421840
4 0 0.365241 0.127739 0.023336 0.001544 0.482139
4 0 0.180443 0.105089 0.016373 0.000585 0.697511
4 0 0.209972 0.156295 0.030213 0.000946 0.602574
4 0 0.374846 0.146167 0.020668 0.000572 0.457748
0 0 0.456384 0.204754 0.048964 0.002231 0.287668
0 0 0.601550 0.203389 0.034303 0.000628 0.160130
0 1 0.423761 0.351589 0.092514 0.000975 0.131160
1 1 0.183112 0.377849 0.069247 0.000211 0.369581
1 1 0.183412 0.381895 0.093286 0.000520 0.340887
4 2 0.180336 0.248144 0.077894 0.001600 0.492026
4 2 0.172474 0.181732 0.056035 0.001892 0.587867
4 2 0.207452 0.256327 0.090940 0.003674 0.441607
4 2 0.204587 0.277287 0.111812 0.004834 0.401480
1 2 0.175688 0.339424 0.325330 0.027734 0.131824
4 1 0.210021 0.193844 0.057845 0.003085 0.535205
4 1 0.213328 0.137320 0.036555 0.003218 0.609579
4 1 0.055091 0.091208 0.068587 0.001749 0.783365
4 1 0.047054 0.119353 0.200580 0.009054 0.623960
2 1 0.016650 0.089164 0.556713 0.038948 0.298525
2 2 0.003016 0.046202 0.857675 0.027805 0.065302
2 2 0.001899 0.040826 0.903021 0.018095 0.036159
2 2 0.001406 0.035245 0.916970 0.015371 0.031008
2 2 0.001988 0.039441 0.904700 0.027878 0.025993
2 2 0.006558 0.072961 0.802391 0.030305 0.087784
2 2 0.005022 0.059447 0.817657 0.034542 0.083331
2 2 0.003949 0.052657 0.824214 0.027467 0.091713
2 2 0.002683 0.044618 0.858359 0.021765 0.072574
2 2 0.002848 0.053160 0.856593 0.012459 0.074941
2 2 0.004363 0.063962 0.826222 0.016563 0.088890
2 2 0.004053 0.050120 0.797332 0.027562 0.120933
2 2 0.003008 0.038279 0.834771 0.053003 0.070940
2 2 0.005149 0.043887 0.759496 0.100636 0.090831
2 2 0.005888 0.050921 0.740315 0.060793 0.142084
2 2 0.013185 0.080669 0.581500 0.034843 0.289803
2 2 0.017556 0.090893 0.437754 0.017757 0.436040
4 2 0.022423 0.102037 0.426299 0.021380 0.427861
2 2 0.020777 0.106379 0.492022 0.023627 0.357195
2 2 0.007696 0.073519 0.697720 0.020894 0.200170
2 2 0.008000 0.076947 0.688031 0.018421 0.208600
2 2 0.027184 0.140673 0.487192 0.016256 0.328695
4 2 0.044866 0.096483 0.109859 0.002993 0.745799
