0 0 0.907782 0.058393 0.019237 0.000246 0.014343
0 0 0.921351 0.049365 0.016397 0.000294 0.012593
0 0 0.935718 0.039161 0.013800 0.000514 0.010807
0 0 0.972899 0.013954 0.004393 0.000564 0.008190
0 0 0.976300 0.012336 0.004057 0.000787 0.006520
0 0 0.983266 0.010199 0.003353 0.000725 0.002456
0 0 0.979780 0.011954 0.004030 0.000811 0.003426
0 0 0.977141 0.014068 0.004057 0.000273 0.004461
0 0 0.917558 0.051144 0.018154 0.000439 0.012705
0 0 0.938742 0.031872 0.011251 0.000697 0.017438
0 0 0.912447 0.045365 0.016971 0.000796 0.024422
0 0 0.905740 0.045732 0.014653 0.000308 0.033567
0 0 0.865102 0.072525 0.023029 0.000194 0.039150
0 0 0.837381 0.086270 0.029513 0.000271 0.046565
0 0 0.837596 0.094974 0.032559 0.000236 0.034636
0 0 0.866414 0.081487 0.027075 0.000211 0.024813
0 0 0.887326 0.071418 0.021866 0.000134 0.019256
0 0 0.892853 0.067796 0.017540 0.000049 0.021762
0 0 0.892902 0.063289 0.016907 0.000067 0.026835
0 0 0.795142 0.126372 0.041711 0.000137 0.036637
0 0 0.763830 0.145756 0.054059 0.000244 0.036111
0 0 0.797069 0.122263 0.047067 0.000376 0.033225
0 0 0.763250 0.143314 0.062467 0.000678 0.030291
0 0 0.773303 0.143262 0.055008 0.000297 0.028130
0 0 0.755366 0.161352 0.060277 0.000206 0.022799
0 0 0.886203 0.072490 0.018515 0.000042 0.022749
0 0 0.869543 0.077821 0.020547 0.000053 0.032036
0 0 0.866266 0.085138 0.025280 0.000096 0.023220
0 0 0.940974 0.031404 0.007542 0.000059 0.020021
0 0 0.933827 0.033101 0.009538 0.000192 0.023342
0 0 0.933215 0.037640 0.010307 0.000117 0.018721
0 0 0.943470 0.026181 0.006780 0.000118 0.023452
0 0 0.948385 0.024471 0.006758 0.000184 0.020203
0 0 0.968722 0.011882 0.002898 0.000144 0.016354
0 0 0.973261 0.009497 0.002259 0.000144 0.014840
0 0 0.969404 0.014303 0.003332 0.000087 0.012874
0 0 0.960683 0.019905 0.004875 0.000093 0.014445
0 0 0.925883 0.037084 0.010602 0.000169 0.026261
0 0 0.944903 0.026843 0.006846 0.000102 0.021306
0 0 0.945731 0.018661 0.004733 0.000145 0.030729
0 0 0.933985 0.025446 0.006832 0.000164 0.033573
0 0 0.932647 0.022141 0.006330 0.000286 0.038596
0 0 0.942810 0.016224 0.004866 0.000502 0.035598
0 0 0.890857 0.040008 0.014628 0.000891 0.053616
0 0 0.901258 0.040218 0.013618 0.000522 0.044383
0 0 0.821332 0.082069 0.032710 0.000801 0.063087
0 0 0.851289 0.066176 0.025838 0.000856 0.055842
0 0 0.889016 0.053320 0.018600 0.000477 0.038588
0 0 0.918736 0.034090 0.012218 0.000834 0.034122
0 0 0.908579 0.032710 0.010301 0.000397 0.048013
0 0 0.827720 0.070678 0.022950 0.000332 0.078320
0 0 0.919361 0.031833 0.006566 0.000025 0.042214
0 0 0.909446 0.028723 0.005610 0.000020 0.056201
0 0 0.899415 0.064632 0.014093 0.000017 0.021842
0 0 0.901691 0.059789 0.012857 0.000017 0.025646
0 0 0.888145 0.070758 0.016389 0.000023 0.024685
0 0 0.861777 0.090176 0.023493 0.000039 0.024515
0 0 0.847176 0.104378 0.027861 0.000040 0.020546
0 0 0.863795 0.088248 0.022821 0.000039 0.025098
0 0 0.854342 0.094406 0.025361 0.000046 0.025844
0 0 0.938766 0.026713 0.007068 0.000137 0.027315
0 0 0.956839 0.018507 0.004977 0.000195 0.019482
0 0 0.958611 0.017915 0.005385 0.000404 0.017684
0 0 0.916703 0.042830 0.016243 0.000907 0.023317
0 0 0.842290 0.095277 0.040402 0.000841 0.021191
0 0 0.926541 0.045482 0.015132 0.000320 0.012525
0 0 0.913428 0.052430 0.019027 0.000511 0.014604
0 0 0.920240 0.046773 0.014415 0.000207 0.018365
0 0 0.922189 0.046918 0.014285 0.000186 0.016423
0 0 0.956194 0.023990 0.005525 0.000053 0.014239
0 0 0.928430 0.046603 0.011971 0.000059 0.012937
0 0 0.951338 0.030792 0.007856 0.000076 0.009937
0 0 0.963176 0.022670 0.005481 0.000068 0.008605
0 0 0.951420 0.029213 0.007811 0.000112 0.011443
0 0 0.937195 0.035168 0.010485 0.000212 0.016940
0 0 0.907941 0.052102 0.018364 0.000461 0.021132
0 0 0.908749 0.053402 0.015724 0.000142 0.021983
0 0 0.875654 0.079258 0.026045 0.000191 0.018852
0 0 0.875363 0.078224 0.025734 0.000198 0.020481
0 0 0.867426 0.078534 0.028416 0.000382 0.025241
0 0 0.623675 0.203610 0.134116 0.002004 0.036596
0 0 0.502388 0.265415 0.178853 0.004144 0.049200
0 0 0.616235 0.217030 0.104080 0.000843 0.061812
0 0 0.628589 0.232983 0.083787 0.000186 0.054455
0 0 0.764502 0.144957 0.040063 0.000060 0.050417
0 0 0.729439 0.183382 0.050702 0.000048 0.036428
0 0 0.712999 0.192814 0.055821 0.000061 0.038305
0 0 0.653943 0.237967 0.074461 0.000076 0.033553
0 0 0.668024 0.218130 0.064791 0.000072 0.048983
0 0 0.616136 0.251459 0.079343 0.000092 0.052970
0 0 0.733311 0.170630 0.055069 0.000114 0.040876
0 0 0.712259 0.182589 0.062415 0.000149 0.042588
0 0 0.639556 0.202787 0.077876 0.000318 0.079462
0 0 0.694154 0.193367 0.074894 0.000257 0.037329
0 0 0.744698 0.167054 0.061664 0.000188 0.026396
0 0 0.752360 0.170146 0.052687 0.000075 0.024732
0 0 0.832902 0.108987 0.031624 0.000066 0.026421
0 0 0.845999 0.096488 0.028535 0.000086 0.028891
0 0 0.786439 0.126954 0.054923 0.000750 0.030933
0 0 0.648073 0.212749 0.113514 0.001348 0.024315
0 0 0.675910 0.203384 0.099850 0.000826 0.020029
0 0 0.725272 0.169335 0.072993 0.000515 0.031885
0 0 0.811161 0.112549 0.043861 0.000443 0.031986
0 0 0.891371 0.063101 0.020085 0.000206 0.025238
0 0 0.821569 0.105268 0.038536 0.000323 0.034303
0 0 0.908792 0.050905 0.014402 0.000118 0.025782
0 0 0.893095 0.060582 0.018060 0.000143 0.028120
0 0 0.917352 0.042503 0.011638 0.000115 0.028393
0 0 0.940742 0.026388 0.006471 0.000084 0.026315
0 0 0.900726 0.047100 0.012378 0.000086 0.039710
0 0 0.830193 0.090176 0.026433 0.000097 0.053100
0 0 0.781471 0.119317 0.046407 0.000445 0.052360
0 0 0.657026 0.193718 0.095424 0.001072 0.052759
0 0 0.633038 0.219643 0.105216 0.000717 0.041386
0 0 0.737352 0.166152 0.063277 0.000241 0.032978
0 0 0.860522 0.087512 0.023006 0.000045 0.028915
0 0 0.901381 0.059620 0.012839 0.000017 0.026143
0 0 0.929801 0.037161 0.007586 0.000019 0.025433
0 0 0.897401 0.050534 0.012626 0.000058 0.039382
0 0 0.873289 0.071105 0.019233 0.000069 0.036304
0 0 0.818751 0.091909 0.034914 0.000511 0.053915
0 0 0.744352 0.158479 0.061577 0.000295 0.035297
0 0 0.805853 0.119051 0.051955 0.000800 0.022340
0 0 0.874159 0.077381 0.029416 0.000500 0.018545
0 0 0.833595 0.095798 0.044661 0.001582 0.024365
0 0 0.838220 0.102244 0.039214 0.000403 0.019919
0 0 0.889944 0.063747 0.022569 0.000401 0.023339
0 0 0.865791 0.080798 0.032387 0.000688 0.020337
0 0 0.909190 0.055878 0.021971 0.000776 0.012185
0 0 0.877745 0.077248 0.033584 0.001045 0.010379
0 0 0.932600 0.039784 0.014953 0.000787 0.011876
0 0 0.920924 0.045095 0.018868 0.001454 0.013659
0 0 0.949129 0.024578 0.007445 0.000327 0.018521
0 0 0.943356 0.027155 0.008270 0.000320 0.020899
0 0 0.899006 0.056792 0.020050 0.000441 0.023712
0 0 0.917923 0.047777 0.015885 0.000331 0.018083
0 0 0.917312 0.046105 0.014946 0.000301 0.021337
0 0 0.925443 0.040729 0.012242 0.000206 0.021380
0 0 0.945829 0.026575 0.007475 0.000192 0.019928
0 0 0.957449 0.018938 0.005469 0.000298 0.017846
0 0 0.917914 0.042923 0.014026 0.000349 0.024789
0 0 0.904012 0.047407 0.015774 0.000379 0.032429
0 0 0.817159 0.106204 0.038550 0.000308 0.037779
0 0 0.844291 0.077560 0.028352 0.000468 0.049329
0 0 0.753615 0.129719 0.051301 0.000463 0.064903
0 0 0.749334 0.156037 0.058072 0.000230 0.036329
0 0 0.730870 0.176369 0.051554 0.000068 0.041138
0 0 0.843609 0.107079 0.027026 0.000031 0.022256
0 0 0.850677 0.103304 0.027663 0.000038 0.018317
0 0 0.857592 0.092840 0.024602 0.000043 0.024924
0 0 0.848256 0.096314 0.026426 0.000054 0.028949
0 0 0.696027 0.204087 0.065274 0.000093 0.034518
0 0 0.621473 0.242647 0.082710 0.000138 0.053032
0 0 0.609446 0.256831 0.087455 0.000126 0.046143
0 0 0.745190 0.163329 0.050672 0.000095 0.040715
0 1 0.785583 0.136279 0.045956 0.000141 0.032041
0 1 0.746096 0.167057 0.061296 0.000180 0.025371
0 1 0.784181 0.144910 0.048067 0.000110 0.022732
0 1 0.696603 0.205601 0.081010 0.000195 0.016591
0 1 0.543388 0.295755 0.141783 0.000427 0.018647
0 2 0.541462 0.284902 0.152056 0.000774 0.020807
0 2 0.551294 0.261841 0.145200 0.001293 0.040373
2 2 0.265366 0.290297 0.413032 0.003785 0.027520
2 2 0.091800 0.219742 0.668512 0.005054 0.014891
2 2 0.193057 0.277406 0.501276 0.002653 0.025608
2 2 0.168509 0.249270 0.552564 0.004116 0.025542
2 2 0.245243 0.241910 0.473681 0.003759 0.035407
0 2 0.368730 0.220484 0.364110 0.002907 0.043768
2 2 0.195672 0.187700 0.573389 0.006852 0.036388
2 2 0.225906 0.205566 0.525254 0.006043 0.037231
0 1 0.464730 0.261375 0.210860 0.002959 0.060077
0 1 0.533986 0.268780 0.153992 0.001503 0.041739
0 0 0.663713 0.209502 0.093209 0.000468 0.033108
0 0 0.805003 0.128311 0.040552 0.000095 0.026039
0 0 0.803957 0.125618 0.040120 0.000108 0.030198
0 0 0.762546 0.154729 0.054912 0.000163 0.027650
0 0 0.717282 0.182715 0.067472 0.000197 0.032334
0 1 0.673378 0.212505 0.084836 0.000258 0.029024
0 1 0.716597 0.184829 0.071800 0.000233 0.026541
0 1 0.760793 0.158030 0.055958 0.000153 0.025066
0 1 0.425078 0.327751 0.218437 0.002145 0.026588
0 1 0.459507 0.313657 0.197540 0.001751 0.027545
0 2 0.409915 0.331157 0.228002 0.002526 0.028400
1 2 0.320356 0.357090 0.294606 0.004023 0.023925
2 2 0.077958 0.227352 0.672337 0.012423 0.009931
2 2 0.089028 0.223174 0.662841 0.012835 0.012121
2 2 0.040717 0.148315 0.784318 0.018969 0.007681
2 2 0.045731 0.130217 0.799279 0.015415 0.009357
2 2 0.024072 0.089296 0.868272 0.013775 0.004585
2 2 0.008425 0.043578 0.931079 0.014767 0.002151
2 2 0.001442 0.015847 0.963789 0.018415 0.000508
2 2 0.004024 0.030004 0.943605 0.020967 0.001399
2 2 0.005817 0.034985 0.938900 0.018399 0.001898
2 2 0.013370 0.052918 0.914016 0.015765 0.003931
2 2 0.026064 0.075238 0.882763 0.010636 0.005299
2 2 0.017143 0.059738 0.910730 0.009304 0.003085
2 2 0.011188 0.049045 0.928152 0.009629 0.001986
2 2 0.006721 0.039810 0.941762 0.010524 0.001183
2 3 0.002140 0.019244 0.965422 0.012657 0.000537
2 3 0.004544 0.028179 0.944121 0.021890 0.001265
2 3 0.006550 0.029137 0.913863 0.048424 0.002026
2 3 0.017317 0.043715 0.840610 0.093147 0.005211
2 3 0.011480 0.037803 0.866769 0.080317 0.003632
2 3 0.021040 0.054027 0.839063 0.079568 0.006302
2 3 0.057110 0.096203 0.760446 0.078359 0.007881
2 2 0.190678 0.189804 0.537331 0.068067 0.014120
0 2 0.350547 0.289969 0.294739 0.013499 0.051245
0 0 0.460818 0.290806 0.192368 0.003037 0.052972
0 0 0.479773 0.293342 0.184197 0.002138 0.040550
0 0 0.401628 0.331661 0.208435 0.002109 0.056168
0 0 0.779883 0.126400 0.049614 0.000430 0.043674
0 0 0.801967 0.129822 0.041442 0.000101 0.026668
0 0 0.785068 0.127491 0.043497 0.000173 0.043770
0 0 0.883524 0.060779 0.014142 0.000031 0.041524
0 0 0.899258 0.056524 0.012224 0.000020 0.031975
0 0 0.879695 0.065551 0.015661 0.000034 0.039060
0 0 0.856962 0.087030 0.023237 0.000051 0.032720
0 0 0.795332 0.121196 0.040125 0.000151 0.043197
0 0 0.708159 0.179191 0.073506 0.000360 0.038783
0 0 0.706138 0.166402 0.075989 0.000820 0.050651
0 0 0.628127 0.189743 0.104339 0.002281 0.075511
0 0 0.611087 0.216389 0.110301 0.001136 0.061087
0 0 0.657585 0.200089 0.092295 0.000670 0.049360
0 1 0.548794 0.246186 0.111769 0.000680 0.092572
0 1 0.482593 0.288264 0.142513 0.000890 0.085741
0 1 0.682622 0.176211 0.064076 0.000257 0.076834
0 1 0.760256 0.136639 0.043375 0.000132 0.059598
0 1 0.733506 0.154863 0.042793 0.000066 0.068772
0 1 0.650467 0.226426 0.069980 0.000088 0.053039
0 1 0.409370 0.390819 0.149450 0.000159 0.050201
0 1 0.464461 0.345563 0.144278 0.000269 0.045429
0 1 0.559741 0.278215 0.109010 0.000250 0.052783
0 1 0.438342 0.326696 0.199331 0.000703 0.034927
0 1 0.578938 0.248792 0.107774 0.000475 0.064022
0 1 0.737832 0.147904 0.051504 0.000208 0.062553
0 1 0.655854 0.165490 0.058027 0.000255 0.120374
0 1 0.848499 0.067759 0.014740 0.000026 0.068975
0 1 0.879108 0.060466 0.013219 0.000024 0.047182
0 1 0.822605 0.106028 0.026449 0.000038 0.044880
0 1 0.791675 0.130957 0.036101 0.000057 0.041210
0 1 0.695828 0.174650 0.074668 0.000510 0.054343
0 1 0.488185 0.297275 0.171937 0.001434 0.041169
1 1 0.267604 0.416481 0.278507 0.001663 0.035746
1 1 0.144508 0.457157 0.365240 0.001207 0.031888
2 1 0.163220 0.394336 0.400927 0.001755 0.039762
2 1 0.172069 0.227256 0.578180 0.005360 0.017135
2 2 0.155768 0.204525 0.620545 0.004683 0.014479
2 2 0.262051 0.236625 0.476120 0.009421 0.015782
0 0 0.550269 0.230119 0.180267 0.012310 0.027034
0 0 0.622161 0.197954 0.143496 0.010087 0.026302
0 0 0.764525 0.146080 0.066868 0.000846 0.021680
0 0 0.802745 0.113152 0.036654 0.000143 0.047305
0 0 0.653807 0.201739 0.093812 0.000698 0.049944
0 0 0.549077 0.276303 0.127802 0.000540 0.046278
0 0 0.560747 0.261916 0.133853 0.000887 0.042597
0 0 0.767964 0.139281 0.049773 0.000209 0.042773
0 0 0.731189 0.167394 0.064992 0.000275 0.036150
0 1 0.727757 0.177206 0.068029 0.000224 0.026784
0 1 0.550611 0.286294 0.139156 0.000446 0.023492
2 1 0.260211 0.322546 0.393372 0.001603 0.022268
0 2 0.398089 0.262608 0.307790 0.001744 0.029769
2 2 0.273314 0.247748 0.451880 0.003396 0.023662
2 2 0.145575 0.203805 0.626133 0.006598 0.017889
2 2 0.146855 0.187982 0.642069 0.005624 0.017470
2 2 0.094957 0.148931 0.736112 0.006819 0.013181
2 2 0.035868 0.088486 0.863583 0.007066 0.004997
2 2 0.048445 0.105403 0.832545 0.006366 0.007241
2 2 0.056558 0.116479 0.809843 0.008271 0.008850
2 2 0.049570 0.121338 0.806404 0.012725 0.009963
2 2 0.020759 0.089876 0.867155 0.017362 0.004849
2 2 0.007888 0.043237 0.935693 0.009833 0.003348
2 2 0.003162 0.022458 0.952923 0.020115 0.001342
2 2 0.020696 0.066284 0.897249 0.011298 0.004474
2 2 0.036192 0.109406 0.828436 0.017307 0.008659
2 2 0.024419 0.098847 0.845302 0.024386 0.007047
2 2 0.009279 0.055440 0.902097 0.029666 0.003518
2 2 0.008713 0.042296 0.923010 0.022407 0.003573
2 2 0.007533 0.038086 0.927700 0.023336 0.003345
2 2 0.003384 0.022941 0.946269 0.025555 0.001851
2 2 0.003133 0.023160 0.943337 0.028716 0.001654
2 2 0.002697 0.024043 0.944805 0.027232 0.001224
2 2 0.004556 0.026652 0.913839 0.053315 0.001638
2 3 0.006741 0.028221 0.857540 0.105026 0.002472
2 3 0.007172 0.025153 0.779297 0.184741 0.003637
2 3 0.006155 0.023334 0.736390 0.229529 0.004593
2 3 0.007896 0.024702 0.673681 0.288078 0.005643
2 3 0.010472 0.027543 0.641622 0.314104 0.006260
2 3 0.028405 0.047306 0.669985 0.243091 0.011214
2 3 0.016996 0.032435 0.645006 0.299102 0.006460
3 3 0.009741 0.017606 0.442677 0.524681 0.005295
3 3 0.013665 0.020330 0.400432 0.559067 0.006506
3 3 0.017939 0.014471 0.203665 0.757114 0.006811
3 3 0.024915 0.017063 0.182266 0.767320 0.008436
3 3 0.021809 0.011471 0.116697 0.843143 0.006880
3 3 0.019541 0.007866 0.075971 0.891245 0.005378
3 3 0.008117 0.003667 0.052154 0.932612 0.003451
3 3 0.010627 0.003529 0.037293 0.944801 0.003749
3 3 0.005158 0.002273 0.040733 0.949576 0.002260
3 3 0.005076 0.002080 0.036650 0.954098 0.002097
3 3 0.006611 0.003655 0.060539 0.925642 0.003553
3 3 0.009253 0.002760 0.029551 0.955266 0.003170
3 3 0.007930 0.002261 0.027431 0.960009 0.002370
3 3 0.014683 0.003097 0.023293 0.955420 0.003507
3 3 0.013416 0.003413 0.032476 0.947700 0.002994
3 3 0.020232 0.003021 0.015538 0.957068 0.004142
3 3 0.014760 0.001755 0.009822 0.971080 0.002583
3 3 0.012966 0.001136 0.006119 0.978015 0.001764
3 3 0.015095 0.001860 0.010406 0.969917 0.002723
3 3 0.044461 0.005841 0.018533 0.923443 0.007722
3 3 0.047678 0.009053 0.038194 0.897410 0.007665
3 3 0.057794 0.015473 0.066777 0.848381 0.011576
3 3 0.062538 0.013428 0.060425 0.855964 0.007645
3 3 0.062581 0.011112 0.045354 0.873936 0.007017
3 3 0.215992 0.024261 0.048870 0.701334 0.009543
3 3 0.167974 0.016042 0.027682 0.776986 0.011316
3 3 0.094482 0.007120 0.014675 0.876694 0.007030
3 3 0.036538 0.004317 0.013940 0.938660 0.006545
3 3 0.052507 0.009174 0.033402 0.896080 0.008836
3 3 0.099952 0.014234 0.038574 0.837223 0.010017
3 3 0.187734 0.029187 0.066421 0.703985 0.012673
3 3 0.052602 0.008970 0.037082 0.894166 0.007179
3 3 0.054673 0.007897 0.032339 0.899800 0.005291
3 3 0.032974 0.006272 0.034458 0.921371 0.004925
3 3 0.015359 0.002126 0.014093 0.966073 0.002349
3 3 0.020057 0.002964 0.015696 0.957422 0.003861
3 3 0.025585 0.003212 0.012980 0.953317 0.004905
3 3 0.038145 0.005791 0.021408 0.927113 0.007542
3 3 0.022526 0.003916 0.019473 0.948599 0.005486
3 3 0.019429 0.004359 0.026105 0.944356 0.005751
3 3 0.017383 0.003570 0.022217 0.952085 0.004745
3 3 0.008853 0.001845 0.017733 0.969289 0.002280
3 3 0.009006 0.001763 0.016356 0.970663 0.002212
3 3 0.010933 0.001502 0.010749 0.974741 0.002077
3 3 0.013380 0.001772 0.011006 0.971319 0.002522
3 3 0.047176 0.006931 0.024367 0.914086 0.007441
3 3 0.042454 0.006153 0.021997 0.922216 0.007181
3 3 0.043480 0.011650 0.062780 0.874068 0.008022
3 3 0.023716 0.007053 0.056168 0.908172 0.004892
3 3 0.063632 0.012721 0.056599 0.859718 0.007330
3 3 0.054929 0.010253 0.048682 0.880346 0.005790
3 3 0.236449 0.026923 0.064557 0.654527 0.017544
3 3 0.346933 0.026931 0.045713 0.565713 0.014710
3 3 0.161427 0.025328 0.064191 0.735408 0.013646
3 3 0.079796 0.012913 0.046921 0.853111 0.007259
3 3 0.023906 0.004905 0.030101 0.936418 0.004670
3 3 0.008276 0.001250 0.011063 0.977766 0.001645
3 3 0.017711 0.002378 0.012428 0.964008 0.003474
3 3 0.043581 0.004297 0.013468 0.933507 0.005146
3 3 0.146537 0.020585 0.052857 0.768350 0.011671
3 3 0.053885 0.008430 0.037205 0.894613 0.005867
3 3 0.057480 0.013124 0.068936 0.853165 0.007295
3 3 0.035171 0.008387 0.047226 0.902732 0.006484
3 3 0.061358 0.014465 0.069206 0.847186 0.007785
3 3 0.104022 0.023523 0.091151 0.771818 0.009486
3 3 0.046207 0.010245 0.050189 0.886108 0.007251
3 3 0.037680 0.008935 0.048649 0.897959 0.006777
3 3 0.021458 0.005861 0.044860 0.923079 0.004742
3 3 0.007987 0.002279 0.029153 0.958437 0.002144
3 3 0.021889 0.005314 0.041491 0.927485 0.003821
3 3 0.013593 0.003087 0.023350 0.956057 0.003913
3 3 0.040880 0.010828 0.055228 0.882714 0.010351
3 3 0.021737 0.007421 0.056084 0.908037 0.006721
3 3 0.016223 0.004613 0.036525 0.937732 0.004906
3 3 0.014281 0.004012 0.032238 0.944701 0.004766
3 3 0.014302 0.002667 0.018125 0.961357 0.003548
3 3 0.012129 0.002381 0.018318 0.964094 0.003078
3 3 0.014248 0.002695 0.018455 0.961031 0.003572
3 3 0.012463 0.003293 0.027865 0.952375 0.004004
3 3 0.023005 0.005944 0.042814 0.923378 0.004859
3 3 0.015999 0.004192 0.037011 0.939269 0.003530
3 3 0.092636 0.022287 0.112293 0.762708 0.010076
3 3 0.060142 0.013296 0.066413 0.850534 0.009616
3 3 0.052528 0.012177 0.060359 0.867577 0.007359
3 3 0.022235 0.004329 0.025810 0.943016 0.004610
3 3 0.026528 0.004662 0.024510 0.939389 0.004911
3 3 0.049351 0.008123 0.034113 0.902189 0.006225
3 3 0.127158 0.018958 0.056250 0.785703 0.011931
3 3 0.122318 0.069953 0.378292 0.417588 0.011850
2 0 0.177419 0.127851 0.476147 0.204445 0.014138
2 0 0.044611 0.127423 0.779664 0.039553 0.008748
2 1 0.240267 0.335713 0.378548 0.018082 0.027389
2 1 0.014854 0.075037 0.880668 0.021638 0.007804
2 1 0.011501 0.033796 0.886513 0.053787 0.014404
2 2 0.004599 0.023015 0.932413 0.035412 0.004560
2 2 0.005282 0.026499 0.929120 0.034647 0.004452
2 2 0.007201 0.035868 0.924873 0.025408 0.006650
2 2 0.002069 0.017680 0.944857 0.032001 0.003393
2 2 0.002658 0.020295 0.943396 0.027388 0.006264
2 2 0.000823 0.014627 0.955337 0.022227 0.006986
2 2 0.001466 0.026192 0.937567 0.012532 0.022242
2 2 0.001087 0.024263 0.961461 0.006703 0.006486
2 2 0.001758 0.032021 0.946275 0.007036 0.012911
2 2 0.003253 0.044993 0.915191 0.009363 0.027201
2 2 0.002338 0.039118 0.931031 0.009019 0.018495
2 2 0.002838 0.054990 0.896215 0.007238 0.038719
2 2 0.004072 0.062594 0.876386 0.007006 0.049942
2 2 0.003693 0.064774 0.888003 0.004826 0.038704
2 2 0.001529 0.040332 0.931089 0.006090 0.020960
2 2 0.001863 0.043551 0.924771 0.004957 0.024858
2 2 0.002354 0.050313 0.906627 0.004881 0.035825
2 2 0.002687 0.057471 0.886566 0.005023 0.048253
2 2 0.003870 0.074333 0.856851 0.004290 0.060657
2 2 0.002185 0.058136 0.893538 0.005766 0.040374
2 2 0.001862 0.053396 0.903196 0.005929 0.035617
2 2 0.002083 0.042873 0.916683 0.006275 0.032086
2 2 0.004489 0.059481 0.867823 0.007119 0.061088
2 2 0.002253 0.046314 0.908194 0.010831 0.032407
2 2 0.000627 0.024481 0.944727 0.016722 0.013443
2 2 0.000415 0.016311 0.952366 0.021718 0.009191
2 2 0.000153 0.009297 0.975434 0.012527 0.002588
2 2 0.000543 0.018802 0.967337 0.008562 0.004756
2 2 0.000968 0.028241 0.958721 0.004016 0.008054
2 2 0.001506 0.032895 0.949858 0.003722 0.012019
2 2 0.001781 0.032713 0.949040 0.003465 0.013002
2 2 0.001679 0.030242 0.953295 0.004567 0.010217
2 2 0.001482 0.028661 0.957245 0.005914 0.006698
2 2 0.000554 0.015209 0.975945 0.006117 0.002175
2 2 0.000314 0.008302 0.980865 0.009668 0.000852
2 2 0.000449 0.010073 0.979537 0.008994 0.000948
2 2 0.005669 0.038985 0.938545 0.006854 0.009946
2 2 0.001125 0.012850 0.968787 0.015557 0.001681
2 2 0.001269 0.014827 0.970222 0.012244 0.001438
2 2 0.000193 0.005900 0.982073 0.011393 0.000440
2 2 0.000631 0.010706 0.977463 0.010274 0.000925
2 2 0.001542 0.014816 0.961340 0.020267 0.002036
2 2 0.002680 0.016132 0.957535 0.021881 0.001772
2 2 0.001576 0.013673 0.961815 0.022052 0.000884
2 2 0.002449 0.017626 0.947165 0.030912 0.001848
2 2 0.001853 0.015321 0.941345 0.039718 0.001763
2 2 0.003959 0.023802 0.928778 0.039885 0.003576
2 2 0.003205 0.019929 0.949667 0.025160 0.002040
2 2 0.001823 0.014751 0.954048 0.027668 0.001709
2 2 0.000917 0.010001 0.947252 0.040856 0.000973
2 2 0.000627 0.007900 0.932270 0.058216 0.000988
2 2 0.000855 0.010237 0.921422 0.066161 0.001325
2 2 0.001279 0.012548 0.934316 0.050319 0.001539
2 2 0.000792 0.008927 0.932540 0.056526 0.001215
2 2 0.001446 0.011712 0.945943 0.039232 0.001667
2 2 0.003171 0.019662 0.934594 0.037115 0.005458
2 2 0.001436 0.011178 0.955776 0.030239 0.001371
2 2 0.008476 0.051225 0.916440 0.021705 0.002155
0 0 0.354664 0.313160 0.300810 0.015879 0.015487
1 0 0.287146 0.341591 0.325320 0.012244 0.033698
1 2 0.224231 0.382947 0.367964 0.006867 0.017992
1 2 0.317576 0.366421 0.267624 0.003359 0.045020
0 2 0.363156 0.285561 0.297227 0.004496 0.049560
2 2 0.288901 0.272868 0.385778 0.006765 0.045688
2 2 0.260211 0.276542 0.402655 0.003868 0.056724
2 2 0.177327 0.259676 0.502716 0.003900 0.056381
2 2 0.095397 0.211415 0.649259 0.004060 0.039869
2 2 0.236688 0.247827 0.467143 0.007523 0.040819
2 2 0.145033 0.251132 0.554009 0.004610 0.045215
2 2 0.011025 0.075540 0.901295 0.007302 0.004838
2 2 0.002004 0.023718 0.958156 0.014661 0.001461
2 2 0.001285 0.015045 0.959542 0.023218 0.000910
2 2 0.001351 0.014146 0.946223 0.037221 0.001059
2 2 0.003212 0.022790 0.942859 0.029202 0.001937
2 2 0.006974 0.039595 0.921977 0.028154 0.003300
2 2 0.024024 0.081597 0.866251 0.020474 0.007654
2 2 0.114405 0.183022 0.673478 0.009696 0.019400
2 2 0.135475 0.202135 0.631437 0.009163 0.021790
2 2 0.030953 0.116769 0.832587 0.007858 0.011832
2 2 0.145500 0.191912 0.642825 0.004971 0.014791
2 2 0.185858 0.261065 0.532764 0.005010 0.015303
0 0 0.504457 0.268901 0.173979 0.003170 0.049493
0 0 0.706966 0.171146 0.071213 0.000437 0.050238
0 2 0.446876 0.313869 0.184050 0.001596 0.053609
2 2 0.322116 0.246685 0.382116 0.004585 0.044497
2 2 0.162845 0.210443 0.584850 0.010060 0.031802
2 2 0.160274 0.197862 0.605358 0.008367 0.028139
2 2 0.135246 0.196271 0.630413 0.011001 0.027069
0 2 0.469311 0.287935 0.213884 0.003262 0.025607
0 0 0.500363 0.271080 0.207371 0.006792 0.014394
0 0 0.593120 0.241576 0.151636 0.002511 0.011157
0 0 0.458519 0.317382 0.208924 0.001918 0.013256
0 0 0.659410 0.220710 0.105462 0.000568 0.013850
0 0 0.690630 0.187725 0.080178 0.000440 0.041026
0 0 0.782568 0.140974 0.043529 0.000090 0.032838
0 0 0.725124 0.170257 0.055487 0.000128 0.049004
0 0 0.659447 0.200432 0.065195 0.000137 0.074789
0 0 0.730281 0.159517 0.062790 0.000333 0.047079
0 0 0.655714 0.213175 0.102853 0.000734 0.027524
0 0 0.741215 0.156603 0.074893 0.001064 0.026225
0 0 0.610628 0.248186 0.118194 0.000507 0.022486
0 0 0.724890 0.167768 0.075694 0.000693 0.030955
0 0 0.586122 0.258838 0.118558 0.000491 0.035992
0 0 0.691259 0.196344 0.077610 0.000274 0.034514
0 0 0.739149 0.165174 0.062625 0.000236 0.032816
0 0 0.455679 0.331799 0.180417 0.000864 0.031241
1 0 0.323250 0.413391 0.227371 0.000711 0.035277
1 0 0.269859 0.435992 0.250512 0.000832 0.042805
1 0 0.266276 0.431722 0.252434 0.000953 0.048615
0 0 0.508049 0.301098 0.146288 0.000628 0.043938
0 0 0.711283 0.186732 0.074325 0.000265 0.027396
0 1 0.652407 0.222889 0.086679 0.000245 0.037780
0 1 0.671729 0.209922 0.078514 0.000212 0.039623
0 1 0.568959 0.275281 0.110564 0.000268 0.044927
1 1 0.349496 0.410586 0.205499 0.000461 0.033958
1 1 0.286966 0.444868 0.233132 0.000496 0.034536
1 1 0.214440 0.465172 0.285359 0.000871 0.034158
1 1 0.175185 0.470633 0.314734 0.001211 0.038237
1 1 0.110093 0.485805 0.368973 0.001520 0.033609
1 1 0.115828 0.483891 0.376807 0.001491 0.021983
0 1 0.443945 0.320304 0.206851 0.001911 0.026989
0 0 0.379976 0.344350 0.247576 0.002801 0.025297
0 0 0.405090 0.338626 0.230908 0.002174 0.023203
0 0 0.406533 0.339693 0.229823 0.002042 0.021910
1 1 0.337363 0.379300 0.256361 0.001831 0.025146
0 1 0.400912 0.363141 0.206501 0.000928 0.028518
0 1 0.472871 0.312475 0.177393 0.001191 0.036071
0 0 0.724284 0.168793 0.071212 0.000459 0.035252
0 0 0.831347 0.098481 0.035603 0.000320 0.034250
0 0 0.741548 0.153450 0.063087 0.000453 0.041462
0 0 0.566399 0.268722 0.127462 0.000572 0.036846
1 0 0.343249 0.413840 0.202291 0.000434 0.040187
1 0 0.267862 0.453847 0.236858 0.000495 0.040938
1 0 0.216070 0.468916 0.264302 0.000673 0.050039
1 0 0.322012 0.416956 0.216194 0.000580 0.044259
0 0 0.483127 0.312504 0.151286 0.000636 0.052447
0 0 0.625912 0.214767 0.097627 0.000648 0.061045
0 0 0.603926 0.248700 0.097974 0.000270 0.049130
0 0 0.534792 0.292911 0.117124 0.000270 0.054903
0 0 0.420726 0.348040 0.121462 0.000147 0.109624
1 0 0.374119 0.384564 0.168441 0.000349 0.072528
0 0 0.395515 0.382282 0.175983 0.000384 0.045835
0 1 0.464218 0.337201 0.147507 0.000359 0.050715
0 1 0.423967 0.355319 0.177474 0.000601 0.042640
0 1 0.412143 0.363179 0.176820 0.000538 0.047320
1 1 0.310577 0.404872 0.237191 0.001073 0.046287
0 1 0.515561 0.274177 0.163144 0.001829 0.045289
0 0 0.422760 0.323641 0.224178 0.002193 0.027228
0 0 0.372866 0.327877 0.255335 0.004321 0.039600
0 0 0.514083 0.278177 0.164823 0.001709 0.041209
0 0 0.500633 0.302339 0.149158 0.000691 0.047178
0 0 0.692364 0.200907 0.067846 0.000129 0.038755
0 0 0.492574 0.307876 0.145273 0.000575 0.053703
0 0 0.536615 0.270087 0.145350 0.001153 0.046794
0 0 0.578417 0.228646 0.124363 0.001558 0.067017
0 0 0.689074 0.187560 0.080511 0.000457 0.042398
0 0 0.406166 0.345341 0.192507 0.001138 0.054848
0 0 0.551771 0.252649 0.142316 0.001571 0.051693
0 0 0.467627 0.291425 0.189438 0.002711 0.048800
0 0 0.346424 0.339283 0.269630 0.005272 0.039390
1 0 0.337009 0.346039 0.277110 0.005063 0.034778
0 0 0.606274 0.233450 0.117614 0.000888 0.041774
0 0 0.611399 0.231464 0.115365 0.000840 0.040932
0 0 0.521979 0.298070 0.133384 0.000433 0.046134
0 0 0.549380 0.284775 0.132158 0.000473 0.033215
0 0 0.389691 0.371711 0.194191 0.000709 0.043699
1 0 0.311440 0.397126 0.262970 0.001584 0.026880
1 0 0.304889 0.339711 0.324759 0.004580 0.026061
2 0 0.109619 0.221654 0.641713 0.011245 0.015769
2 0 0.277799 0.340398 0.348331 0.005901 0.027571
2 0 0.299377 0.277052 0.375389 0.005933 0.042249
0 0 0.567538 0.231532 0.128729 0.001749 0.070453
0 0 0.801309 0.113564 0.036927 0.000147 0.048053
0 0 0.818437 0.104100 0.032022 0.000112 0.045330
0 0 0.773342 0.121522 0.042815 0.000236 0.062085
0 0 0.595086 0.246323 0.127102 0.000892 0.030596
0 0 0.656205 0.201123 0.118765 0.002692 0.021215
0 0 0.382819 0.320999 0.265616 0.007341 0.023224
0 0 0.597616 0.248415 0.129693 0.000900 0.023376
0 0 0.760630 0.160009 0.056318 0.000142 0.022901
0 0 0.826713 0.119708 0.034750 0.000056 0.018773
0 0 0.717842 0.195918 0.067107 0.000105 0.019028
0 0 0.495778 0.339359 0.141281 0.000209 0.023372
0 0 0.482906 0.337559 0.150954 0.000320 0.028261
0 0 0.470907 0.352160 0.148571 0.000231 0.028130
0 0 0.527936 0.311123 0.129175 0.000251 0.031515
0 0 0.743378 0.166338 0.059444 0.000170 0.030670
0 0 0.363840 0.359087 0.198512 0.001157 0.077405
1 0 0.206551 0.451139 0.278923 0.001150 0.062237
1 0 0.192871 0.468945 0.300439 0.001031 0.036714
1 0 0.239312 0.452059 0.255660 0.000759 0.052211
1 1 0.288085 0.432938 0.218951 0.000530 0.059496
1 1 0.291987 0.423595 0.218651 0.000620 0.065147
1 1 0.353877 0.385760 0.184906 0.000535 0.074923
2 1 0.140764 0.373902 0.434051 0.001603 0.049680
2 1 0.087754 0.260947 0.615342 0.003293 0.032665
2 2 0.019433 0.070473 0.895643 0.010069 0.004382
2 2 0.009452 0.039472 0.938616 0.010300 0.002161
2 2 0.016312 0.051364 0.922954 0.006774 0.002597
2 2 0.012107 0.044839 0.932245 0.008494 0.002315
2 2 0.014903 0.054230 0.918855 0.009257 0.002755
2 2 0.008459 0.040055 0.937522 0.011962 0.002003
2 2 0.009468 0.044801 0.934430 0.009619 0.001682
2 2 0.005744 0.032176 0.949068 0.011660 0.001352
2 2 0.043869 0.114098 0.827767 0.005053 0.009213
2 2 0.029485 0.107630 0.850839 0.006500 0.005546
2 2 0.076153 0.183198 0.721116 0.004177 0.015356
2 2 0.040162 0.117491 0.826276 0.006665 0.009406
2 2 0.127671 0.173536 0.681008 0.004163 0.013622
2 2 0.297272 0.240010 0.437702 0.002593 0.022423
0 2 0.436325 0.272560 0.250805 0.002309 0.038001
2 2 0.096383 0.220325 0.661465 0.006381 0.015447
2 2 0.136159 0.215338 0.622048 0.006750 0.019706
2 2 0.049629 0.107986 0.821434 0.010827 0.010124
2 2 0.184429 0.211108 0.559555 0.008995 0.035912
2 2 0.276614 0.223025 0.451810 0.005286 0.043266
2 2 0.314927 0.235627 0.409861 0.003634 0.035950
2 2 0.015364 0.053791 0.917106 0.010434 0.003305
2 2 0.005265 0.029564 0.950600 0.013102 0.001468
2 2 0.014007 0.050594 0.921429 0.010801 0.003170
2 2 0.006450 0.033735 0.948055 0.010374 0.001386
2 2 0.002420 0.020885 0.962334 0.013721 0.000641
2 2 0.005380 0.032248 0.948190 0.012863 0.001318
2 2 0.003252 0.026881 0.952261 0.016703 0.000903
2 2 0.002166 0.020872 0.955509 0.020672 0.000781
2 2 0.003158 0.024670 0.949117 0.021795 0.001259
2 2 0.002814 0.023056 0.949853 0.023079 0.001197
2 2 0.001935 0.018393 0.957403 0.021470 0.000799
2 2 0.002437 0.019671 0.959638 0.017364 0.000890
2 2 0.006072 0.032435 0.947588 0.012344 0.001560
2 2 0.007965 0.037219 0.940712 0.012080 0.002024
2 2 0.006171 0.033569 0.945971 0.012720 0.001570
2 3 0.005702 0.030616 0.950667 0.011586 0.001428
2 3 0.003565 0.022141 0.958660 0.014404 0.001230
2 3 0.000683 0.008539 0.966444 0.023902 0.000432
2 3 0.000354 0.005924 0.959235 0.034162 0.000326
2 3 0.000498 0.007341 0.933687 0.057749 0.000725
2 3 0.000467 0.006686 0.901935 0.089912 0.001000
2 3 0.000986 0.008586 0.802614 0.185890 0.001925
2 3 0.002592 0.014056 0.708869 0.270325 0.004158
2 3 0.003875 0.015797 0.697590 0.279271 0.003467
2 3 0.005895 0.022213 0.760629 0.207748 0.003514
2 3 0.010499 0.032536 0.731363 0.219723 0.005879
2 3 0.006280 0.020847 0.679412 0.288961 0.004500
2 3 0.004694 0.015114 0.587959 0.387935 0.004299
2 3 0.010407 0.022885 0.521303 0.438320 0.007085
3 3 0.011043 0.017091 0.335637 0.628229 0.007999
2 3 0.010989 0.023665 0.528822 0.429586 0.006937
3 3 0.003929 0.007763 0.319567 0.665455 0.003286
3 3 0.007473 0.015314 0.442749 0.529389 0.005074
3 3 0.004205 0.009159 0.344502 0.637825 0.004308
3 3 0.009586 0.014329 0.325605 0.644507 0.005973
3 3 0.014341 0.016787 0.309966 0.652925 0.005981
3 3 0.009870 0.011021 0.249525 0.725240 0.004345
3 3 0.008942 0.009897 0.230365 0.746570 0.004226
3 3 0.005544 0.007008 0.223041 0.761376 0.003031
3 3 0.004802 0.007961 0.273391 0.710110 0.003736
3 3 0.005594 0.008931 0.271718 0.709377 0.004381
3 3 0.005978 0.006889 0.184733 0.798595 0.003805
3 3 0.012681 0.009555 0.149234 0.823143 0.005387
3 3 0.009265 0.006131 0.100849 0.879366 0.004389
3 3 0.020446 0.011723 0.117618 0.842118 0.008095
3 3 0.026072 0.010437 0.088550 0.868448 0.006493
3 3 0.044864 0.024036 0.167928 0.751073 0.012100
3 3 0.033272 0.020810 0.187986 0.748325 0.009607
3 3 0.034626 0.021452 0.201670 0.733680 0.008572
3 3 0.026505 0.023026 0.266451 0.674944 0.009075
3 3 0.011044 0.020008 0.462840 0.500248 0.005859
2 3 0.011690 0.025930 0.558068 0.397178 0.007135
2 2 0.012794 0.032699 0.637598 0.308792 0.008118
2 2 0.047414 0.098173 0.726760 0.115944 0.011709
2 2 0.169305 0.226663 0.492692 0.076001 0.035339
0 2 0.333172 0.325557 0.284989 0.006836 0.049445
2 2 0.233405 0.260238 0.452570 0.009452 0.044336
2 2 0.044546 0.096824 0.836452 0.011670 0.010508
2 2 0.014189 0.051643 0.912837 0.016572 0.004758
2 2 0.007515 0.037880 0.934916 0.017191 0.002498
2 2 0.013681 0.058468 0.903594 0.019841 0.004416
2 2 0.003255 0.026758 0.939858 0.028596 0.001532
2 2 0.002706 0.021804 0.955738 0.018759 0.000992
2 2 0.009782 0.047043 0.925578 0.015043 0.002555
2 2 0.030560 0.106089 0.830300 0.023770 0.009281
2 2 0.111249 0.197896 0.653024 0.008879 0.028952
2 2 0.174368 0.285795 0.471075 0.002642 0.066120
2 2 0.027080 0.102217 0.838691 0.004663 0.027349
2 2 0.004543 0.035217 0.945380 0.009404 0.005456
2 2 0.003366 0.029351 0.945170 0.013641 0.008472
2 2 0.007772 0.063859 0.848695 0.015242 0.064432
2 2 0.005087 0.065493 0.826971 0.011597 0.090852
2 2 0.006365 0.098645 0.748456 0.007461 0.139072
2 4 0.008689 0.136968 0.690722 0.005503 0.158118
2 4 0.011789 0.141228 0.628275 0.006219 0.212489
2 4 0.004193 0.085418 0.760598 0.011432 0.138359
2 4 0.005281 0.103677 0.736500 0.006062 0.148479
2 4 0.008573 0.140577 0.630339 0.003698 0.216813
2 4 0.011298 0.167757 0.580841 0.002855 0.237248
2 4 0.010306 0.163521 0.658929 0.003247 0.163998
2 4 0.013711 0.118299 0.805644 0.005940 0.056407
2 4 0.049162 0.140184 0.736152 0.009206 0.065296
2 4 0.147662 0.208197 0.545140 0.027186 0.071815
2 4 0.141933 0.199057 0.439315 0.004773 0.214921
2 4 0.068244 0.226038 0.420632 0.003522 0.281564
4 4 0.027194 0.129968 0.226398 0.002188 0.614252
4 4 0.026073 0.134767 0.229039 0.001926 0.608195
4 4 0.043657 0.159209 0.190781 0.001065 0.605289
4 4 0.082114 0.097418 0.048910 0.000368 0.771190
4 4 0.091903 0.108986 0.051313 0.000611 0.747187
4 4 0.029633 0.167682 0.351294 0.002441 0.448949
4 4 0.074560 0.113678 0.102948 0.001968 0.706845
4 4 0.063036 0.145714 0.182600 0.003475 0.605174
4 4 0.096753 0.196274 0.136041 0.001406 0.569525
4 4 0.158332 0.139543 0.059603 0.000574 0.641948
4 4 0.354836 0.117969 0.051306 0.001419 0.474471
4 4 0.139421 0.113559 0.059941 0.001891 0.685188
4 4 0.073650 0.137009 0.076645 0.000912 0.711785
4 4 0.059575 0.111996 0.049335 0.000317 0.778777
4 4 0.071813 0.184400 0.093064 0.000566 0.650158
4 4 0.085143 0.338984 0.179641 0.000635 0.395597
4 4 0.143538 0.280387 0.143189 0.000846 0.432040
4 4 0.071011 0.168377 0.081573 0.000482 0.678557
4 4 0.060452 0.167444 0.089840 0.000478 0.681787
4 4 0.036872 0.108425 0.063580 0.000432 0.790692
4 4 0.031100 0.123043 0.104569 0.000530 0.740759
4 4 0.018264 0.129259 0.204913 0.001154 0.646410
4 4 0.028144 0.143489 0.220845 0.001402 0.606120
4 4 0.046955 0.131888 0.119006 0.000811 0.701339
4 4 0.051741 0.143190 0.179031 0.000965 0.625073
4 4 0.092691 0.161011 0.125365 0.000696 0.620237
4 4 0.056087 0.175830 0.232128 0.001336 0.534620
4 4 0.048032 0.172578 0.290657 0.001773 0.486960
2 4 0.020935 0.137733 0.474083 0.003072 0.364178
4 4 0.029054 0.133594 0.242933 0.002017 0.592401
4 4 0.027476 0.156680 0.313226 0.002182 0.500436
4 4 0.054257 0.193956 0.164910 0.000694 0.586183
4 4 0.090585 0.282806 0.184551 0.000462 0.441596
4 4 0.101237 0.275377 0.126206 0.000361 0.496819
4 4 0.079372 0.144937 0.068606 0.000518 0.706567
4 4 0.028077 0.038827 0.014012 0.000088 0.918996
4 4 0.034500 0.064871 0.038916 0.000310 0.861403
4 4 0.070992 0.069657 0.030109 0.000344 0.828898
4 4 0.069401 0.224841 0.269729 0.001044 0.434985
4 4 0.112424 0.237897 0.166746 0.000504 0.482429
4 4 0.109980 0.272655 0.226764 0.000622 0.389979
4 4 0.065748 0.193835 0.157580 0.000959 0.581877
4 4 0.039274 0.143421 0.155666 0.001070 0.660568
4 4 0.036612 0.116015 0.064518 0.000427 0.782428
4 4 0.044817 0.074736 0.031480 0.000229 0.848738
4 4 0.077298 0.072233 0.027243 0.000197 0.823030
4 4 0.087475 0.103149 0.053634 0.000239 0.755503
4 4 0.082877 0.162127 0.091745 0.000320 0.662932
4 4 0.113009 0.183714 0.109372 0.000483 0.593423
4 4 0.080587 0.205396 0.177028 0.000814 0.536175
4 4 0.053548 0.134061 0.159755 0.001253 0.651383
4 4 0.056595 0.120149 0.100916 0.000554 0.721786
4 4 0.048238 0.128015 0.093141 0.000423 0.730184
4 4 0.047952 0.139226 0.095075 0.000358 0.717389
4 4 0.052621 0.172399 0.151398 0.000593 0.622989
4 4 0.024605 0.169033 0.396153 0.001853 0.408356
4 4 0.039778 0.168556 0.291873 0.001419 0.498374
2 4 0.012110 0.133834 0.595524 0.003037 0.255496
2 4 0.009377 0.130458 0.670841 0.003388 0.185936
2 4 0.007659 0.124756 0.718045 0.003072 0.146468
2 4 0.003937 0.090761 0.805190 0.003686 0.096426
2 4 0.003246 0.073674 0.853622 0.005117 0.064341
2 4 0.004219 0.083608 0.803179 0.006479 0.102515
2 2 0.003477 0.076359 0.818738 0.006670 0.094757
2 2 0.002204 0.063896 0.855417 0.005513 0.072971
2 2 0.000900 0.048547 0.905595 0.006223 0.038735
2 2 0.001718 0.061833 0.883164 0.004788 0.048496
2 2 0.002057 0.071921 0.865594 0.004685 0.055742
2 2 0.001601 0.064814 0.890673 0.006056 0.036856
2 2 0.002964 0.080031 0.838503 0.005642 0.072859
2 2 0.001958 0.057173 0.889303 0.007150 0.044415
2 2 0.002276 0.059733 0.893317 0.005674 0.039001
2 2 0.004051 0.084141 0.850296 0.004573 0.056939
2 2 0.003856 0.080261 0.858778 0.005389 0.051717
2 2 0.002973 0.068283 0.865471 0.005999 0.057273
2 2 0.004842 0.079503 0.824232 0.005223 0.086200
2 2 0.009693 0.106414 0.736500 0.005289 0.142104
2 2 0.027254 0.167911 0.588277 0.003919 0.212639
2 2 0.025326 0.178637 0.593698 0.003680 0.198660
2 2 0.025419 0.160364 0.577853 0.003492 0.232872
2 2 0.006799 0.091946 0.822035 0.003569 0.075651
2 2 0.011994 0.120010 0.769641 0.003371 0.094984
2 2 0.009717 0.114882 0.805424 0.003956 0.066021
2 2 0.004782 0.075602 0.880610 0.005980 0.033026
2 2 0.003162 0.056992 0.897580 0.009879 0.032387
2 2 0.002363 0.045201 0.915182 0.009191 0.028063
2 2 0.002494 0.038605 0.932150 0.006801 0.019950
2 2 0.002150 0.039268 0.934388 0.004310 0.019884
2 2 0.005337 0.065455 0.894924 0.002830 0.031454
2 2 0.008109 0.080252 0.873799 0.002199 0.035641
2 2 0.005988 0.073982 0.882647 0.002425 0.034958
2 2 0.004607 0.058189 0.912583 0.003243 0.021378
2 2 0.001917 0.030910 0.954015 0.004903 0.008255
2 2 0.001330 0.027648 0.958234 0.004828 0.007961
2 2 0.001329 0.029527 0.954159 0.005090 0.009895
2 2 0.003046 0.038815 0.943843 0.007657 0.006638
2 2 0.002399 0.037563 0.943660 0.007727 0.008651
2 2 0.001110 0.022497 0.964701 0.007164 0.004528
2 2 0.000546 0.014707 0.974235 0.007727 0.002785
2 2 0.001993 0.015674 0.948539 0.031789 0.002005
2 2 0.010375 0.046634 0.915139 0.023438 0.004415
2 2 0.260367 0.267671 0.368507 0.015550 0.087906
2 2 0.103559 0.276489 0.565814 0.010094 0.044043
2 2 0.091583 0.336126 0.520685 0.003338 0.048268
2 2 0.008622 0.063222 0.911703 0.004923 0.011531
2 2 0.017487 0.071194 0.896516 0.006603 0.008201
2 2 0.018272 0.076106 0.888886 0.006452 0.010285
2 2 0.022541 0.071596 0.888701 0.009345 0.007817
2 2 0.024087 0.069960 0.889147 0.008625 0.008181
2 2 0.029698 0.072226 0.877050 0.012626 0.008400
2 2 0.057485 0.106212 0.811030 0.011239 0.014034
2 2 0.044251 0.096258 0.838037 0.011302 0.010152
2 2 0.051971 0.106827 0.811682 0.014591 0.014929
2 2 0.044456 0.114686 0.811918 0.014309 0.014631
2 2 0.018439 0.073839 0.884794 0.015384 0.007544
2 2 0.010650 0.052166 0.914851 0.017247 0.005087
2 2 0.002986 0.027895 0.939717 0.027541 0.001862
2 2 0.002865 0.022590 0.939799 0.032947 0.001799
2 2 0.001480 0.015416 0.942044 0.039888 0.001173
2 2 0.000903 0.011319 0.956820 0.030369 0.000590
2 2 0.001918 0.018008 0.946716 0.032158 0.001201
2 3 0.003701 0.025037 0.936799 0.032085 0.002379
2 3 0.001851 0.016266 0.929191 0.050652 0.002040
2 3 0.001698 0.016404 0.925978 0.054080 0.001840
2 3 0.002190 0.018233 0.908990 0.067507 0.003080
2 3 0.006024 0.027921 0.849276 0.110551 0.006228
2 3 0.015543 0.035523 0.737587 0.199561 0.011786
3 3 0.008253 0.015916 0.427102 0.541579 0.007151
3 3 0.007024 0.014691 0.406082 0.566052 0.006151
3 3 0.008443 0.016003 0.422962 0.547117 0.005476
3 3 0.011579 0.020780 0.426937 0.532996 0.007709
