0 0 0.888560 0.040367 0.029671 0.014509 0.026893
0 0 0.861422 0.048711 0.037317 0.018994 0.033556
0 0 0.751965 0.079667 0.068724 0.039240 0.060404
0 0 0.671385 0.141973 0.094455 0.015672 0.076514
0 0 0.754395 0.087989 0.068875 0.026788 0.061952
0 0 0.661417 0.189732 0.102680 0.007061 0.039109
0 0 0.841563 0.076809 0.046279 0.008049 0.027300
0 0 0.898679 0.037169 0.026840 0.012901 0.024410
0 0 0.927438 0.027777 0.018870 0.008550 0.017364
0 0 0.935332 0.025107 0.016707 0.007419 0.015435
0 0 0.822860 0.063424 0.049325 0.022805 0.041586
1 0 0.330620 0.416465 0.202603 0.004703 0.045609
1 1 0.311915 0.385372 0.190606 0.004824 0.107282
4 1 0.298317 0.252187 0.136769 0.005886 0.306841
4 1 0.061143 0.090211 0.066107 0.006458 0.776082
4 1 0.042460 0.067540 0.044641 0.002966 0.842393
4 1 0.074381 0.089216 0.065246 0.005719 0.765438
4 1 0.031261 0.055965 0.058268 0.002155 0.852351
4 1 0.044351 0.077954 0.102761 0.005631 0.769302
4 1 0.035792 0.072836 0.214997 0.007240 0.669135
2 2 0.051365 0.101621 0.444011 0.044310 0.358693
4 0 0.221999 0.132658 0.281682 0.039389 0.324272
0 0 0.389178 0.155327 0.142192 0.053994 0.259309
0 0 0.600372 0.138948 0.105737 0.027079 0.127864
0 0 0.767111 0.075606 0.064336 0.036251 0.056696
0 0 0.607171 0.115383 0.111160 0.070634 0.095652
0 0 0.668176 0.101002 0.093185 0.056783 0.080853
0 0 0.833717 0.067986 0.047877 0.015202 0.035218
0 1 0.706823 0.114672 0.088899 0.028417 0.061189
0 1 0.584223 0.163681 0.116639 0.021596 0.113862
4 1 0.043687 0.090784 0.378867 0.024629 0.462033
2 1 0.049899 0.150940 0.491102 0.033484 0.274575
2 2 0.039413 0.106330 0.495525 0.028282 0.330451
2 2 0.011658 0.048984 0.790677 0.028193 0.120488
2 2 0.004163 0.018097 0.866851 0.030861 0.080028
2 2 0.001237 0.007070 0.817274 0.164184 0.010235
2 2 0.002871 0.010641 0.701766 0.272801 0.011921
2 2 0.001583 0.007554 0.530101 0.454628 0.006134
3 2 0.000761 0.004418 0.323687 0.668493 0.002640
3 2 0.000649 0.003238 0.308086 0.686351 0.001676
3 2 0.001274 0.003351 0.262585 0.731522 0.001267
3 3 0.001733 0.003636 0.156834 0.836620 0.001177
3 3 0.001631 0.003391 0.127535 0.866402 0.001041
3 3 0.001076 0.002490 0.082950 0.912783 0.000700
3 3 0.000546 0.001235 0.052412 0.945535 0.000272
3 3 0.000588 0.001167 0.049305 0.948695 0.000244
3 3 0.000654 0.001232 0.048754 0.949102 0.000257
3 3 0.000196 0.000583 0.032890 0.966221 0.000110
3 3 0.000369 0.000985 0.033094 0.965349 0.000203
3 3 0.000281 0.000839 0.038257 0.960448 0.000175
3 3 0.000295 0.000777 0.026892 0.971888 0.000148
3 3 0.000526 0.001153 0.035689 0.962396 0.000237
3 3 0.000927 0.001500 0.034007 0.963266 0.000300
3 3 0.001076 0.001792 0.045729 0.951013 0.000390
3 3 0.005355 0.004839 0.055981 0.932668 0.001156
3 3 0.003880 0.003818 0.045928 0.945514 0.000861
3 3 0.003739 0.004141 0.048328 0.942805 0.000987
3 3 0.001192 0.002503 0.038309 0.957341 0.000656
3 3 0.000326 0.000844 0.019823 0.978850 0.000157
3 3 0.000330 0.000894 0.021411 0.977194 0.000172
3 3 0.001407 0.002531 0.037269 0.958193 0.000599
3 3 0.001678 0.002502 0.036552 0.958713 0.000554
3 3 0.000658 0.001098 0.022752 0.975295 0.000197
3 3 0.000857 0.001413 0.026341 0.971117 0.000272
3 3 0.000341 0.000780 0.018845 0.979896 0.000137
3 3 0.000201 0.000666 0.019662 0.979347 0.000125
3 3 0.000195 0.000539 0.015283 0.983895 0.000089
3 3 0.000226 0.000632 0.016788 0.982243 0.000110
3 3 0.000108 0.000323 0.011361 0.988161 0.000047
3 3 0.000164 0.000428 0.013336 0.986006 0.000065
3 3 0.000160 0.000421 0.013213 0.986142 0.000064
3 3 0.000417 0.000749 0.018239 0.980473 0.000122
3 3 0.000401 0.000717 0.017784 0.980982 0.000115
3 3 0.001002 0.001216 0.023870 0.973705 0.000207
3 3 0.000279 0.000490 0.014224 0.984936 0.000070
3 3 0.000172 0.000353 0.011810 0.987616 0.000048
3 3 0.000144 0.000276 0.010199 0.989347 0.000034
3 3 0.000496 0.000635 0.016365 0.982413 0.000090
3 3 0.002670 0.002129 0.032535 0.962284 0.000382
3 3 0.004135 0.003268 0.041659 0.950273 0.000665
3 3 0.002048 0.002161 0.033157 0.962215 0.000419
3 3 0.000382 0.000820 0.019368 0.979285 0.000144
3 3 0.000332 0.000749 0.018404 0.980385 0.000130
3 3 0.000243 0.000616 0.016483 0.982554 0.000104
3 3 0.000570 0.000864 0.019717 0.978708 0.000141
3 3 0.006719 0.003562 0.043119 0.945929 0.000671
3 3 0.009116 0.003965 0.045494 0.940693 0.000732
3 3 0.011114 0.005812 0.056981 0.924830 0.001263
3 3 0.007477 0.005969 0.058814 0.926281 0.001459
3 3 0.007611 0.008447 0.072477 0.908966 0.002499
3 3 0.003179 0.002959 0.039580 0.953673 0.000610
3 3 0.004294 0.004791 0.052552 0.937168 0.001195
3 3 0.007484 0.012794 0.099087 0.875020 0.005616
3 3 0.001217 0.004029 0.053226 0.940033 0.001495
3 3 0.003263 0.004934 0.055306 0.935080 0.001417
3 3 0.004160 0.004691 0.051944 0.938039 0.001166
3 3 0.004465 0.004714 0.053249 0.936415 0.001157
3 3 0.006249 0.007879 0.070026 0.913488 0.002359
3 3 0.001384 0.004991 0.106627 0.885126 0.001872
3 3 0.004151 0.013688 0.184217 0.790291 0.007653
3 3 0.010055 0.019807 0.221466 0.737380 0.011292
3 3 0.019375 0.021933 0.199532 0.749038 0.010122
3 3 0.029107 0.035032 0.203960 0.712026 0.019875
3 3 0.006897 0.012420 0.131527 0.844184 0.004971
3 3 0.002976 0.012378 0.249964 0.726150 0.008531
2 3 0.003105 0.014292 0.552877 0.414380 0.015346
2 3 0.003882 0.017178 0.819353 0.124265 0.035323
2 3 0.003239 0.016074 0.867287 0.071747 0.041654
2 3 0.005324 0.021475 0.840386 0.074955 0.057860
2 3 0.002277 0.011101 0.803182 0.166703 0.016736
2 3 0.001786 0.009293 0.732441 0.245078 0.011403
2 3 0.001125 0.006751 0.702574 0.281612 0.007938
2 3 0.002609 0.012963 0.620180 0.348207 0.016041
2 3 0.003874 0.017672 0.574272 0.381373 0.022809
3 3 0.006717 0.026480 0.428774 0.505838 0.032192
3 3 0.004047 0.017545 0.386007 0.574659 0.017742
3 3 0.003885 0.016017 0.299456 0.667301 0.013341
3 3 0.003557 0.015345 0.337634 0.629893 0.013570
2 3 0.006749 0.026935 0.512245 0.417730 0.036340
3 3 0.006119 0.024743 0.468476 0.470045 0.030616
3 3 0.013205 0.043761 0.402889 0.481522 0.058622
2 3 0.011514 0.039640 0.511521 0.380009 0.057315
2 3 0.009080 0.031730 0.479514 0.442614 0.037062
2 3 0.021368 0.061282 0.427407 0.401717 0.088226
3 3 0.019379 0.055611 0.353550 0.503063 0.068397
2 3 0.056631 0.122554 0.354621 0.150604 0.315591
4 2 0.064174 0.123672 0.306267 0.058806 0.447081
4 2 0.056101 0.104226 0.215913 0.019996 0.603765
4 2 0.050915 0.096990 0.203342 0.011894 0.636859
4 2 0.039650 0.084871 0.223232 0.015103 0.637145
4 2 0.027195 0.068135 0.320644 0.013637 0.570388
2 2 0.021421 0.060798 0.513803 0.022079 0.381898
2 2 0.011249 0.039246 0.694184 0.028584 0.226737
2 2 0.025402 0.063677 0.469845 0.016158 0.424918
4 2 0.043390 0.126979 0.374589 0.012708 0.442334
4 2 0.118442 0.268068 0.184212 0.008613 0.420666
1 2 0.143685 0.358603 0.228352 0.010133 0.259227
1 2 0.156968 0.339344 0.220489 0.011258 0.271939
4 2 0.101933 0.115348 0.089710 0.012120 0.680889
4 2 0.076889 0.083264 0.055110 0.004390 0.780347
4 2 0.086452 0.051765 0.024902 0.000880 0.836001
4 2 0.136638 0.053362 0.023892 0.000805 0.785302
4 2 0.164753 0.107559 0.056599 0.002568 0.668521
4 2 0.106586 0.341490 0.129363 0.000853 0.421709
4 2 0.037650 0.330062 0.142349 0.000915 0.489023
4 2 0.037166 0.262064 0.128418 0.000985 0.571366
4 2 0.039923 0.211992 0.194189 0.002288 0.551609
4 2 0.040803 0.118440 0.174849 0.004344 0.661563
4 2 0.054375 0.123254 0.137662 0.006958 0.677751
4 2 0.068106 0.108743 0.123001 0.013426 0.686723
4 2 0.038795 0.080190 0.062975 0.002349 0.815692
4 1 0.133128 0.260975 0.128619 0.002687 0.474592
4 1 0.048441 0.218538 0.094937 0.000870 0.637213
4 1 0.052082 0.286141 0.093239 0.000285 0.568253
4 1 0.056141 0.255130 0.107343 0.000873 0.580512
4 1 0.056619 0.300377 0.169968 0.003558 0.469477
4 1 0.062748 0.195002 0.125204 0.005314 0.611732
4 1 0.056464 0.139532 0.090243 0.004426 0.709336
4 1 0.048012 0.128351 0.079842 0.002872 0.740923
4 1 0.037068 0.104002 0.056303 0.001416 0.801210
4 1 0.044466 0.135426 0.076326 0.002107 0.741675
4 1 0.038436 0.099580 0.078298 0.002189 0.781496
4 1 0.034309 0.055699 0.034327 0.001781 0.873883
4 1 0.036950 0.059568 0.037604 0.002124 0.863754
4 1 0.066227 0.052896 0.027277 0.001070 0.852529
4 1 0.152130 0.079912 0.045072 0.002907 0.719979
4 1 0.240938 0.156315 0.071271 0.001949 0.529527
4 1 0.207026 0.202407 0.090050 0.001848 0.498668
4 1 0.214113 0.123862 0.067684 0.003686 0.590654
4 1 0.305506 0.101504 0.047333 0.001942 0.543715
4 1 0.141730 0.126389 0.075800 0.004647 0.651435
4 1 0.131101 0.118767 0.089866 0.012249 0.648017
4 0 0.049447 0.077472 0.053939 0.004307 0.814835
4 0 0.030357 0.049848 0.029545 0.001335 0.888914
4 0 0.027785 0.043365 0.024133 0.000901 0.903816
4 1 0.039533 0.032478 0.014060 0.000300 0.913629
4 1 0.057752 0.050970 0.026482 0.001018 0.863778
4 1 0.090805 0.093077 0.053149 0.002598 0.760371
4 1 0.051303 0.053997 0.025502 0.000647 0.868551
4 1 0.056359 0.064405 0.027251 0.000452 0.851533
4 0 0.139064 0.059862 0.028649 0.001158 0.771266
4 0 0.165816 0.061648 0.029126 0.001206 0.742204
1 0 0.319935 0.331227 0.141459 0.002382 0.204997
0 0 0.412012 0.249795 0.107850 0.002452 0.227891
4 0 0.208681 0.125704 0.047851 0.000731 0.617032
4 0 0.424432 0.068226 0.031565 0.001789 0.473988
4 0 0.288130 0.064884 0.029382 0.001326 0.616278
4 0 0.337510 0.098849 0.058568 0.005842 0.499231
4 0 0.222309 0.169279 0.094394 0.004792 0.509226
4 0 0.137119 0.283049 0.166576 0.006247 0.407009
4 0 0.139268 0.309920 0.147725 0.002569 0.400518
0 0 0.460907 0.206686 0.084781 0.001873 0.245753
4 0 0.122600 0.089737 0.043337 0.001392 0.742934
4 0 0.060293 0.062722 0.036620 0.001940 0.838425
4 0 0.020081 0.034224 0.017854 0.000514 0.927326
4 0 0.042310 0.044762 0.023060 0.000792 0.889076
4 0 0.091955 0.052401 0.025073 0.000890 0.829680
4 1 0.110032 0.068989 0.037674 0.002007 0.781299
4 1 0.145352 0.083537 0.048867 0.003423 0.718821
4 1 0.125519 0.062257 0.031107 0.001364 0.779752
4 1 0.045206 0.044136 0.022214 0.000731 0.887712
4 1 0.039494 0.041254 0.020564 0.000635 0.898054
4 1 0.033058 0.035648 0.016975 0.000442 0.913877
4 1 0.027377 0.035516 0.017622 0.000485 0.919000
4 1 0.023546 0.037201 0.019643 0.000610 0.919000
4 1 0.027785 0.045995 0.026512 0.001086 0.898622
4 1 0.028916 0.047694 0.027838 0.001192 0.894360
4 1 0.035529 0.046552 0.025542 0.000985 0.891392
4 1 0.074514 0.088676 0.052231 0.002652 0.781928
4 1 0.050392 0.086446 0.058209 0.003955 0.800998
4 1 0.041957 0.022897 0.007983 0.000099 0.927064
4 1 0.011482 0.018748 0.007861 0.000110 0.961799
4 1 0.015028 0.026267 0.012565 0.000266 0.945874
4 1 0.025945 0.043218 0.024386 0.000926 0.905524
4 1 0.039545 0.090892 0.049314 0.001379 0.818871
4 1 0.082665 0.121335 0.073092 0.003601 0.719307
4 1 0.186742 0.082818 0.046215 0.003107 0.681118
4 1 0.336414 0.108152 0.068396 0.008157 0.478880
0 0 0.529136 0.088580 0.050943 0.005938 0.325404
0 0 0.701805 0.085803 0.060173 0.015909 0.136310
0 0 0.736740 0.068072 0.040298 0.006812 0.148078
0 0 0.758510 0.076713 0.057508 0.020811 0.086458
4 0 0.350251 0.108165 0.068413 0.008315 0.464856
4 0 0.245160 0.084105 0.045700 0.003158 0.621878
4 0 0.300315 0.069717 0.032923 0.001690 0.595355
4 0 0.432137 0.071594 0.034227 0.002139 0.459903
0 0 0.666152 0.088248 0.058762 0.012555 0.174283
0 0 0.736267 0.055905 0.027941 0.002907 0.176980
0 0 0.813788 0.054626 0.032499 0.006471 0.092616
0 1 0.860235 0.042168 0.023449 0.004288 0.069860
0 1 0.687858 0.068926 0.037832 0.004764 0.200620
4 1 0.380679 0.096521 0.056274 0.005678 0.460848
4 1 0.265272 0.078466 0.040412 0.002492 0.613358
0 1 0.459162 0.067125 0.030918 0.001803 0.440992
0 1 0.631479 0.073260 0.039463 0.004359 0.251439
4 1 0.353446 0.086500 0.046690 0.003684 0.509680
4 1 0.283984 0.101614 0.058654 0.004866 0.550882
4 1 0.148335 0.072237 0.038389 0.002094 0.738945
4 1 0.311785 0.099087 0.054462 0.004033 0.530632
0 1 0.516331 0.205577 0.116064 0.008128 0.153900
0 1 0.451734 0.353118 0.156274 0.003273 0.035601
0 1 0.676638 0.170857 0.099732 0.009512 0.043261
0 1 0.801699 0.085685 0.054357 0.010585 0.047675
0 4 0.788960 0.104574 0.061437 0.008197 0.036832
0 4 0.687748 0.185114 0.091093 0.004625 0.031420
1 4 0.276646 0.461063 0.215584 0.003806 0.042901
1 4 0.297369 0.489600 0.183554 0.001500 0.027976
0 4 0.430523 0.352441 0.169896 0.004699 0.042441
0 4 0.582926 0.237781 0.127957 0.007282 0.044053
0 4 0.639694 0.164441 0.082688 0.004760 0.108417
0 4 0.602611 0.118519 0.052236 0.002212 0.224423
4 4 0.308720 0.071596 0.034321 0.001854 0.583509
4 4 0.258665 0.061098 0.026938 0.001086 0.652212
4 4 0.297888 0.055667 0.022855 0.000805 0.622784
4 0 0.292026 0.072854 0.035462 0.001952 0.597708
4 0 0.202155 0.064661 0.030492 0.001344 0.701349
4 0 0.091009 0.055432 0.027498 0.001071 0.824991
4 0 0.144271 0.070923 0.037445 0.001989 0.745372
4 0 0.259726 0.072712 0.035741 0.001929 0.629893
0 0 0.416426 0.259553 0.112176 0.002519 0.209325
0 0 0.579678 0.159780 0.081653 0.004860 0.174029
0 0 0.512135 0.231858 0.124314 0.006801 0.124893
0 0 0.553937 0.182862 0.119366 0.015090 0.128745
4 0 0.351835 0.136659 0.104825 0.022092 0.384588
4 0 0.291797 0.098102 0.058183 0.005465 0.546453
4 0 0.256063 0.074422 0.037184 0.002085 0.630246
4 0 0.407176 0.078751 0.039982 0.002854 0.471237
4 0 0.353030 0.111035 0.071636 0.009237 0.455062
4 0 0.275855 0.082771 0.043975 0.002994 0.594405
4 0 0.247447 0.093918 0.054857 0.004627 0.599152
4 0 0.157412 0.048028 0.019678 0.000550 0.774332
4 0 0.072376 0.027540 0.009479 0.000132 0.890473
4 0 0.049149 0.030211 0.011940 0.000214 0.908487
4 0 0.043483 0.020635 0.006721 0.000070 0.929091
4 0 0.046643 0.023324 0.008026 0.000099 0.921907
4 0 0.047388 0.031920 0.013133 0.000259 0.907300
4 0 0.024461 0.026323 0.011253 0.000203 0.937759
4 0 0.019288 0.032989 0.017002 0.000469 0.930252
4 1 0.027161 0.045055 0.025787 0.001030 0.900967
4 1 0.034571 0.056765 0.035920 0.001945 0.870799
4 1 0.119581 0.116102 0.087923 0.011642 0.664752
4 0 0.181347 0.123581 0.091206 0.013019 0.590846
4 0 0.203833 0.109483 0.072782 0.008124 0.605779
4 0 0.106998 0.087119 0.055473 0.004417 0.745992
4 0 0.114239 0.058289 0.028485 0.001143 0.797843
4 0 0.064419 0.059243 0.032922 0.001560 0.841856
4 0 0.085064 0.045177 0.020100 0.000576 0.849084
4 0 0.113345 0.061990 0.031504 0.001399 0.791761
4 0 0.066392 0.043152 0.019690 0.000560 0.870206
4 0 0.091276 0.059842 0.031082 0.001368 0.816431
4 0 0.048903 0.038206 0.017347 0.000446 0.895099
4 1 0.039697 0.051494 0.029271 0.001279 0.878258
4 0 0.067729 0.102613 0.080161 0.009614 0.739882
4 0 0.142746 0.106416 0.073368 0.007972 0.669498
4 0 0.182988 0.106114 0.070090 0.007389 0.633419
4 0 0.225962 0.083818 0.045890 0.003139 0.641191
4 0 0.140647 0.067857 0.035012 0.001735 0.754750
4 0 0.229787 0.091014 0.052498 0.004160 0.622540
4 0 0.168527 0.079477 0.043903 0.002772 0.705321
4 0 0.175032 0.139639 0.076964 0.003699 0.604665
4 0 0.297930 0.056414 0.023353 0.000841 0.621462
4 0 0.134783 0.051322 0.022502 0.000715 0.790679
4 0 0.077870 0.046084 0.021135 0.000639 0.854272
4 0 0.027183 0.018932 0.006529 0.000069 0.947286
4 0 0.040574 0.020931 0.006981 0.000076 0.931438
4 0 0.035703 0.018956 0.006147 0.000060 0.939134
4 0 0.030659 0.018519 0.006134 0.000061 0.944627
4 0 0.048605 0.030536 0.012174 0.000222 0.908462
4 0 0.109890 0.044949 0.018929 0.000507 0.825725
4 0 0.145590 0.067232 0.034277 0.001664 0.751237
4 0 0.177584 0.080166 0.039506 0.001714 0.701030
4 0 0.129388 0.145770 0.065203 0.001291 0.658347
4 0 0.339155 0.213167 0.097163 0.002653 0.347863
0 1 0.743056 0.108228 0.065546 0.009423 0.073746
0 1 0.724152 0.143713 0.070925 0.004281 0.056929
0 1 0.842123 0.084993 0.041176 0.003203 0.028505
0 1 0.705108 0.075980 0.046814 0.008447 0.163651
0 0 0.566451 0.089704 0.053494 0.007236 0.283115
4 0 0.275274 0.081289 0.042688 0.002814 0.597934
0 0 0.504170 0.098485 0.060654 0.008313 0.328378
0 0 0.608703 0.087077 0.052712 0.007862 0.243645
0 0 0.710900 0.068797 0.039088 0.005625 0.175590
0 0 0.619847 0.066248 0.032759 0.002809 0.278337
0 0 0.610674 0.062828 0.029705 0.002225 0.294569
0 0 0.711456 0.049562 0.021878 0.001553 0.215550
0 0 0.721702 0.065073 0.035908 0.004833 0.172484
0 0 0.654212 0.083590 0.051683 0.008726 0.201789
0 0 0.548804 0.099857 0.064238 0.010549 0.276552
0 0 0.461628 0.108831 0.071101 0.010924 0.347517
0 0 0.663752 0.085018 0.054235 0.010172 0.186824
4 0 0.390085 0.082435 0.043097 0.003264 0.481119
0 0 0.408306 0.117313 0.062984 0.004470 0.406927
0 0 0.617880 0.095472 0.049901 0.004301 0.232446
0 0 0.735745 0.107856 0.057013 0.005127 0.094259
0 0 0.542514 0.288936 0.106096 0.001419 0.061036
0 0 0.460008 0.344418 0.133212 0.001807 0.060555
0 0 0.637321 0.230678 0.095350 0.002292 0.034360
0 0 0.625495 0.218242 0.101561 0.003782 0.050920
0 0 0.505167 0.272360 0.123552 0.003454 0.095467
0 0 0.462218 0.294265 0.122431 0.002351 0.118736
1 0 0.352370 0.389744 0.140519 0.001255 0.116111
1 0 0.202055 0.552281 0.178541 0.000697 0.066425
1 0 0.125858 0.619115 0.200764 0.000595 0.053668
1 1 0.218658 0.551498 0.179385 0.000739 0.049719
1 1 0.299411 0.421628 0.177074 0.002381 0.099506
1 1 0.330851 0.407263 0.196562 0.004518 0.060806
1 1 0.246092 0.437492 0.212617 0.004241 0.099558
1 1 0.186792 0.444803 0.193538 0.002316 0.172551
1 0 0.158067 0.361554 0.162906 0.002282 0.315191
4 0 0.345880 0.134198 0.087060 0.010298 0.422564
0 0 0.513295 0.090083 0.052004 0.006009 0.338608
4 0 0.387350 0.093414 0.053241 0.005089 0.460906
4 0 0.292380 0.078613 0.040187 0.002524 0.586295
4 0 0.359844 0.070512 0.033243 0.001834 0.534567
4 0 0.316551 0.056229 0.023122 0.000838 0.603260
0 0 0.528114 0.040219 0.013653 0.000381 0.417633
0 0 0.528028 0.062099 0.026224 0.001254 0.382396
0 0 0.507400 0.207779 0.075316 0.001128 0.208378
0 0 0.637177 0.090957 0.047856 0.004381 0.219628
0 0 0.623413 0.096463 0.058898 0.008675 0.212551
0 0 0.682375 0.060713 0.029973 0.002780 0.224159
0 0 0.480606 0.082720 0.044200 0.003962 0.388512
0 0 0.654573 0.070966 0.038222 0.004353 0.231886
0 0 0.716041 0.071897 0.042926 0.007189 0.161947
0 0 0.753191 0.109090 0.067028 0.010112 0.060579
0 0 0.741290 0.108842 0.078538 0.020472 0.050858
0 0 0.740344 0.080861 0.058081 0.017521 0.103193
0 0 0.523881 0.152736 0.092178 0.009565 0.221639
0 0 0.721554 0.080754 0.055500 0.014269 0.127924
0 0 0.882975 0.038506 0.022383 0.005022 0.051114
0 0 0.859978 0.070335 0.035873 0.003704 0.030110
0 0 0.867322 0.071070 0.033622 0.002663 0.025324
0 0 0.831947 0.068490 0.036276 0.004320 0.058967
0 0 0.703101 0.073819 0.043810 0.007040 0.172229
0 0 0.573462 0.111697 0.067683 0.008698 0.238459
0 0 0.525500 0.101254 0.064709 0.010120 0.298417
4 0 0.366636 0.104411 0.056604 0.004195 0.468154
4 0 0.255674 0.087346 0.048435 0.003593 0.604952
4 0 0.341534 0.081770 0.042531 0.002989 0.531177
4 1 0.151952 0.094554 0.059519 0.005158 0.688817
4 1 0.156479 0.145441 0.079430 0.003437 0.615213
4 1 0.124212 0.103674 0.072013 0.007620 0.692481
4 1 0.079025 0.082405 0.053865 0.004185 0.780520
4 1 0.083664 0.094212 0.066403 0.006434 0.749288
4 1 0.062211 0.095147 0.071958 0.007696 0.762988
4 1 0.058892 0.087799 0.063732 0.006000 0.783578
4 1 0.073852 0.069295 0.041185 0.002431 0.813237
4 0 0.075543 0.063243 0.035350 0.001784 0.824080
4 0 0.116962 0.068162 0.036507 0.001883 0.776487
4 0 0.139319 0.070346 0.037184 0.001959 0.751193
4 0 0.183010 0.093232 0.056399 0.004680 0.662678
4 0 0.367553 0.084260 0.044671 0.003417 0.500098
4 0 0.365496 0.072659 0.034919 0.002043 0.524884
4 0 0.370621 0.055571 0.022523 0.000841 0.550444
4 0 0.343343 0.088901 0.048912 0.004013 0.514831
4 0 0.119674 0.056489 0.026841 0.001015 0.795981
4 0 0.051894 0.053069 0.028926 0.001223 0.864889
4 0 0.081925 0.077515 0.086181 0.003971 0.750408
4 0 0.144584 0.100774 0.092995 0.007328 0.654319
4 0 0.235566 0.082540 0.044510 0.002968 0.634415
4 0 0.287534 0.064523 0.029121 0.001301 0.617520
4 0 0.371790 0.068796 0.031909 0.001710 0.525796
4 0 0.243281 0.057172 0.024371 0.000878 0.674298
4 0 0.368952 0.078026 0.039291 0.002619 0.511112
4 0 0.333489 0.081650 0.042462 0.002952 0.539447
4 0 0.195094 0.084388 0.047354 0.003282 0.669881
4 0 0.186834 0.155052 0.114069 0.014560 0.529485
1 0 0.122447 0.528543 0.223427 0.001804 0.123779
0 0 0.481425 0.321161 0.153083 0.004491 0.039840
0 0 0.649759 0.165489 0.086483 0.005695 0.092575
0 0 0.532579 0.112014 0.067669 0.008324 0.279414
0 0 0.322815 0.253155 0.145429 0.007896 0.270705
4 0 0.241996 0.110055 0.071933 0.008182 0.567834
0 1 0.373947 0.164849 0.100734 0.009040 0.351430
0 1 0.587910 0.120329 0.057994 0.003285 0.230482
0 1 0.458635 0.157222 0.083050 0.005057 0.296036
1 1 0.219418 0.317908 0.193398 0.009512 0.259764
1 1 0.194250 0.335184 0.179994 0.005292 0.285280
0 1 0.341190 0.286544 0.150380 0.005735 0.216151
1 1 0.255413 0.457874 0.165563 0.001184 0.119966
0 1 0.489454 0.239660 0.108806 0.003237 0.158843
1 1 0.354600 0.416954 0.150870 0.001312 0.076265
1 1 0.155878 0.537389 0.195153 0.001033 0.110547
1 1 0.136333 0.491624 0.212502 0.002032 0.157509
1 1 0.100749 0.480905 0.260388 0.002016 0.155942
1 1 0.077614 0.489739 0.305765 0.004794 0.122088
1 1 0.070153 0.475289 0.330927 0.007989 0.115641
2 2 0.047830 0.369541 0.445891 0.012301 0.124437
2 2 0.024595 0.160370 0.715740 0.025418 0.073876
2 2 0.033118 0.129828 0.718917 0.028930 0.089207
2 2 0.048648 0.128026 0.681780 0.049420 0.092125
2 2 0.034209 0.156650 0.711638 0.029264 0.068239
2 2 0.094079 0.208479 0.547772 0.030603 0.119068
2 2 0.111581 0.163759 0.556356 0.045335 0.122969
2 2 0.176988 0.180714 0.524664 0.032111 0.085522
2 2 0.317794 0.245015 0.343556 0.019055 0.074580
0 2 0.423474 0.319099 0.187269 0.010372 0.059786
2 2 0.184160 0.346947 0.388282 0.012126 0.068484
2 2 0.149639 0.243353 0.506596 0.021478 0.078933
2 3 0.073181 0.127272 0.683623 0.052804 0.063119
2 3 0.050598 0.074376 0.779736 0.056016 0.039275
2 3 0.028589 0.045590 0.836163 0.062628 0.027030
2 3 0.027967 0.037928 0.824253 0.085716 0.024137
2 3 0.033039 0.030007 0.823639 0.086833 0.026483
2 3 0.025851 0.038486 0.813497 0.095435 0.026730
2 3 0.029374 0.038680 0.770546 0.134154 0.027246
2 3 0.017701 0.028038 0.820159 0.119021 0.015081
2 3 0.028307 0.023219 0.815143 0.119532 0.013799
2 3 0.019120 0.018500 0.847288 0.106122 0.008970
2 3 0.026825 0.022090 0.663483 0.273246 0.014355
3 3 0.001044 0.002709 0.448828 0.546410 0.001009
3 3 0.000760 0.002177 0.271410 0.724893 0.000760
3 3 0.001274 0.003371 0.271905 0.722178 0.001272
3 3 0.000883 0.002693 0.291014 0.704390 0.001019
3 3 0.001025 0.003066 0.320739 0.674273 0.000896
3 3 0.002508 0.004835 0.405103 0.586312 0.001243
3 3 0.002900 0.003799 0.259063 0.733191 0.001047
3 3 0.002859 0.003530 0.181038 0.811554 0.001018
3 3 0.002165 0.003398 0.135039 0.858416 0.000981
3 3 0.000840 0.002477 0.088894 0.907056 0.000734
3 3 0.000351 0.001483 0.070494 0.927255 0.000416
3 3 0.000483 0.001806 0.089016 0.908165 0.000530
3 3 0.001025 0.002527 0.126321 0.869370 0.000758
3 3 0.001475 0.002557 0.111485 0.883795 0.000689
3 3 0.001142 0.001955 0.078205 0.918228 0.000470
3 3 0.001012 0.001757 0.083237 0.913577 0.000417
3 3 0.001109 0.001646 0.076986 0.919894 0.000366
3 3 0.000845 0.001263 0.090998 0.906621 0.000272
3 3 0.000694 0.001407 0.075650 0.921923 0.000326
3 3 0.001167 0.001638 0.063576 0.933269 0.000349
3 3 0.000845 0.001446 0.061405 0.935990 0.000314
3 3 0.001422 0.001854 0.059186 0.937143 0.000395
3 3 0.000755 0.001346 0.038720 0.958905 0.000274
3 3 0.001210 0.001751 0.038464 0.958216 0.000358
3 3 0.002129 0.002816 0.060580 0.933812 0.000663
3 3 0.001091 0.001857 0.038735 0.957916 0.000401
3 3 0.001390 0.002294 0.040058 0.955740 0.000518
3 3 0.000548 0.001343 0.025938 0.971889 0.000282
3 3 0.000161 0.000669 0.022205 0.976829 0.000135
3 3 0.000070 0.000458 0.020630 0.978747 0.000095
3 3 0.000571 0.001742 0.030415 0.966853 0.000418
3 3 0.000405 0.001004 0.028922 0.969468 0.000201
3 3 0.000631 0.001331 0.028610 0.969156 0.000272
3 3 0.000482 0.001129 0.025599 0.972566 0.000225
3 3 0.001066 0.002034 0.034719 0.961725 0.000455
3 3 0.000491 0.001273 0.025189 0.972780 0.000267
3 3 0.001274 0.002113 0.033275 0.962881 0.000458
3 3 0.003454 0.003766 0.045745 0.946166 0.000869
3 3 0.003605 0.003805 0.045955 0.945763 0.000873
3 3 0.001418 0.002378 0.035642 0.960028 0.000535
3 3 0.000990 0.002041 0.032874 0.963632 0.000463
3 3 0.000563 0.001449 0.028101 0.969571 0.000316
3 3 0.000657 0.001491 0.027490 0.970046 0.000316
3 3 0.000381 0.001132 0.023637 0.974612 0.000237
3 3 0.000464 0.001412 0.026910 0.970896 0.000318
3 3 0.000536 0.001477 0.027527 0.970133 0.000329
3 3 0.000408 0.001216 0.024653 0.973462 0.000261
3 3 0.000290 0.000854 0.027475 0.971210 0.000171
3 3 0.000699 0.001625 0.035088 0.962224 0.000365
3 3 0.000346 0.001215 0.024788 0.973378 0.000272
3 3 0.000766 0.002124 0.033999 0.962585 0.000527
3 3 0.000629 0.001645 0.029254 0.968099 0.000373
3 3 0.001082 0.002117 0.033515 0.962807 0.000479
3 3 0.001551 0.002739 0.038755 0.956302 0.000652
3 3 0.001986 0.003393 0.043793 0.949975 0.000853
3 3 0.001853 0.003396 0.043924 0.949958 0.000869
3 3 0.002086 0.003343 0.043316 0.950433 0.000822
3 3 0.000735 0.001841 0.031184 0.965813 0.000427
3 3 0.000714 0.001972 0.032564 0.964271 0.000478
3 3 0.000198 0.001050 0.025296 0.973202 0.000254
3 3 0.000505 0.001319 0.025723 0.972174 0.000280
3 3 0.001211 0.002300 0.035120 0.960841 0.000529
3 3 0.001322 0.002463 0.036517 0.959122 0.000576
3 3 0.000331 0.000918 0.020876 0.977697 0.000178
3 3 0.000249 0.000660 0.020436 0.978538 0.000117
3 3 0.000119 0.000453 0.014207 0.985143 0.000078
3 3 0.000103 0.000470 0.014365 0.984977 0.000085
3 3 0.000108 0.000563 0.016043 0.983174 0.000112
3 3 0.000107 0.000598 0.016667 0.982505 0.000123
3 3 0.000051 0.000350 0.012267 0.987267 0.000065
3 3 0.000098 0.000597 0.016699 0.982481 0.000125
3 3 0.000124 0.000709 0.018418 0.980595 0.000154
3 3 0.000146 0.000830 0.020192 0.978643 0.000188
3 3 0.000120 0.000660 0.017646 0.981435 0.000139
3 3 0.000361 0.001344 0.026337 0.971644 0.000314
3 3 0.000370 0.001124 0.023564 0.974705 0.000237
3 3 0.000410 0.001382 0.026674 0.971216 0.000318
3 3 0.000336 0.001155 0.024043 0.974213 0.000253
3 3 0.000374 0.001309 0.025885 0.972132 0.000299
3 3 0.000384 0.001330 0.026111 0.971871 0.000305
3 3 0.000636 0.002161 0.034591 0.962044 0.000568
3 3 0.000351 0.001407 0.027122 0.970780 0.000340
3 3 0.000128 0.000743 0.018952 0.980013 0.000164
3 3 0.000134 0.000701 0.018234 0.980783 0.000148
3 3 0.000224 0.000707 0.018006 0.980931 0.000132
3 3 0.001337 0.002064 0.032745 0.963417 0.000436
3 3 0.000420 0.001060 0.022623 0.975688 0.000209
3 3 0.000298 0.001082 0.023200 0.975183 0.000236
3 3 0.000314 0.001222 0.024964 0.973218 0.000281
3 3 0.000192 0.001036 0.022946 0.975579 0.000248
3 3 0.000043 0.000304 0.011317 0.988281 0.000055
3 3 0.000056 0.000379 0.012854 0.986639 0.000072
3 3 0.000249 0.001282 0.025934 0.972213 0.000322
3 3 0.000893 0.003709 0.048203 0.945953 0.001242
3 3 0.001270 0.005272 0.098041 0.893369 0.002049
3 3 0.001411 0.006467 0.254359 0.734541 0.003223
3 3 0.001414 0.006820 0.452967 0.534689 0.004109
2 3 0.000728 0.004315 0.635005 0.357170 0.002782
2 3 0.001225 0.007807 0.764907 0.221431 0.004631
2 3 0.002496 0.010503 0.645204 0.333604 0.008193
3 3 0.002641 0.010922 0.482980 0.496205 0.007253
2 3 0.024918 0.045769 0.587565 0.300731 0.041017
2 3 0.033009 0.061211 0.472878 0.379528 0.053373
2 3 0.067801 0.101278 0.660068 0.102891 0.067962
2 3 0.051660 0.070462 0.725305 0.109061 0.043512
2 3 0.050575 0.068756 0.814795 0.031170 0.034704
2 3 0.028969 0.054755 0.792203 0.079244 0.044830
2 3 0.051726 0.079848 0.738274 0.075616 0.054536
2 3 0.034678 0.124438 0.689784 0.078206 0.072893
2 3 0.025051 0.131237 0.728675 0.055783 0.059255
2 2 0.022948 0.098159 0.724190 0.099919 0.054784
2 2 0.013920 0.064159 0.793309 0.090279 0.038332
2 2 0.010376 0.053888 0.802352 0.104569 0.028816
2 2 0.008749 0.051865 0.860354 0.051950 0.027082
2 2 0.004992 0.032332 0.901269 0.046030 0.015377
2 2 0.002238 0.011445 0.862026 0.115112 0.009178
2 2 0.002807 0.014592 0.910736 0.061894 0.009970
2 2 0.002634 0.016172 0.920796 0.049125 0.011273
2 2 0.007455 0.029319 0.872731 0.062025 0.028470
2 2 0.020262 0.055718 0.760661 0.083627 0.079731
2 2 0.059126 0.119078 0.450415 0.062239 0.309143
2 2 0.045026 0.094417 0.509818 0.058809 0.291930
2 2 0.024640 0.062167 0.624516 0.034706 0.253970
2 2 0.023097 0.064660 0.636143 0.022380 0.253721
2 2 0.013486 0.045426 0.765611 0.026064 0.149412
2 2 0.024249 0.060125 0.648357 0.033696 0.233573
2 2 0.034075 0.081655 0.650970 0.058155 0.175145
4 2 0.090133 0.176127 0.335760 0.044136 0.353845
4 2 0.187224 0.234109 0.250033 0.038089 0.290545
4 2 0.284628 0.208767 0.126364 0.008581 0.371661
0 2 0.459460 0.188822 0.113461 0.009813 0.228444
4 2 0.167782 0.259358 0.137681 0.004157 0.431023
4 2 0.056454 0.220078 0.150647 0.004210 0.568611
4 2 0.034038 0.103014 0.281805 0.005746 0.575397
2 2 0.022699 0.073808 0.505633 0.019098 0.378762
4 2 0.027427 0.076328 0.413430 0.015506 0.467309
2 2 0.017777 0.055339 0.602425 0.040864 0.283595
2 2 0.014189 0.046833 0.701705 0.087740 0.149532
2 2 0.019553 0.055678 0.593826 0.027292 0.303652
2 2 0.021856 0.062860 0.534124 0.019911 0.361249
2 2 0.020306 0.076593 0.476581 0.010070 0.416450
4 2 0.028969 0.117432 0.285771 0.004352 0.563477
4 2 0.020197 0.057995 0.360859 0.006978 0.553971
2 2 0.017776 0.051168 0.513280 0.013658 0.404117
2 2 0.012232 0.040109 0.625818 0.014930 0.306911
4 2 0.020980 0.066016 0.445982 0.007780 0.459242
2 2 0.022085 0.086685 0.464645 0.007058 0.419528
2 2 0.024259 0.103593 0.517079 0.008790 0.346279
2 2 0.020785 0.085674 0.630495 0.013771 0.249275
2 2 0.018831 0.057752 0.679135 0.040919 0.203363
2 2 0.003653 0.016525 0.828680 0.132241 0.018901
2 2 0.001776 0.012483 0.886092 0.092520 0.007129
2 2 0.001107 0.008806 0.930932 0.053908 0.005247
2 2 0.004967 0.025725 0.901300 0.048689 0.019320
2 2 0.096802 0.145073 0.642535 0.025250 0.090340
0 2 0.475339 0.281666 0.158661 0.008928 0.075406
0 2 0.497774 0.257304 0.135133 0.006421 0.103368
0 0 0.410747 0.284386 0.128672 0.003202 0.172993
0 2 0.359867 0.347426 0.168803 0.004536 0.119368
4 2 0.142347 0.317006 0.174150 0.004938 0.361558
4 2 0.051723 0.231734 0.138399 0.002892 0.575252
4 2 0.051920 0.181583 0.178384 0.004986 0.583126
4 2 0.040859 0.132785 0.333421 0.013524 0.479411
4 2 0.046396 0.098835 0.266296 0.028490 0.559982
4 2 0.037738 0.081107 0.252729 0.013463 0.614963
2 2 0.022663 0.073456 0.497093 0.013254 0.393534
2 2 0.024963 0.078492 0.448151 0.007809 0.440585
2 2 0.022549 0.070894 0.499463 0.009526 0.397569
2 2 0.014187 0.056711 0.649909 0.006739 0.272455
2 2 0.017203 0.052608 0.558578 0.006961 0.364651
2 2 0.017181 0.056667 0.553854 0.007268 0.365030
2 2 0.018832 0.075921 0.623332 0.010133 0.271782
2 2 0.046381 0.105927 0.515469 0.010081 0.322143
4 2 0.192419 0.179398 0.295976 0.033554 0.298652
2 2 0.168839 0.266976 0.378290 0.021563 0.164332
2 2 0.184727 0.317395 0.317928 0.019014 0.160937
1 2 0.086581 0.411766 0.262105 0.008504 0.231043
4 2 0.163607 0.284493 0.234011 0.030150 0.287738
1 2 0.104894 0.352155 0.222885 0.008447 0.311618
1 2 0.071110 0.366401 0.200078 0.003717 0.358694
4 2 0.109338 0.196936 0.112521 0.004125 0.577080
4 2 0.157971 0.150631 0.079830 0.003073 0.608496
4 0 0.145055 0.107094 0.055607 0.002274 0.689970
4 0 0.375280 0.134942 0.073771 0.004997 0.411010
0 0 0.294930 0.276173 0.190432 0.017781 0.220685
1 0 0.266202 0.280009 0.217911 0.029231 0.206648
1 0 0.269957 0.308684 0.247382 0.034939 0.139037
1 0 0.145935 0.462807 0.255735 0.006072 0.129451
4 0 0.129819 0.290828 0.165491 0.005310 0.408552
4 1 0.062004 0.116610 0.080308 0.005600 0.735478
4 1 0.081698 0.087999 0.059190 0.004991 0.766122
4 1 0.202131 0.118648 0.083536 0.010880 0.584805
4 1 0.280617 0.132551 0.098743 0.017220 0.470869
4 0 0.174793 0.156794 0.141877 0.035688 0.490849
4 0 0.114331 0.162484 0.184364 0.063746 0.475075
4 0 0.114318 0.129929 0.107875 0.018164 0.629715
4 0 0.073344 0.084486 0.057018 0.004717 0.780435
4 4 0.046580 0.042063 0.020437 0.000619 0.890301
4 4 0.079522 0.058892 0.031172 0.001383 0.829031
4 4 0.133580 0.079274 0.045533 0.002953 0.738660
4 4 0.168598 0.057109 0.025677 0.000937 0.747679
4 4 0.174584 0.065538 0.031882 0.001451 0.726544
4 4 0.100752 0.047102 0.020753 0.000610 0.830783
4 4 0.047693 0.035864 0.015776 0.000371 0.900295
4 4 0.050954 0.040205 0.018641 0.000512 0.889687
4 4 0.056563 0.041810 0.019388 0.000549 0.881690
4 4 0.073631 0.071206 0.036498 0.001271 0.817393
4 4 0.088309 0.151624 0.080257 0.002331 0.677480
4 4 0.043845 0.286953 0.165572 0.001816 0.501813
4 4 0.051289 0.243518 0.134026 0.002598 0.568568
4 4 0.123953 0.274907 0.156478 0.005064 0.439598
1 4 0.099938 0.362025 0.182770 0.003059 0.352208
4 4 0.102369 0.273168 0.140369 0.002925 0.481170
4 4 0.050741 0.230347 0.093019 0.000659 0.625234
4 4 0.051247 0.299466 0.102333 0.000358 0.546596
4 4 0.031235 0.224089 0.091169 0.000534 0.652973
4 4 0.048503 0.159904 0.086015 0.001937 0.703641
4 4 0.058289 0.089777 0.066279 0.006510 0.779145
4 4 0.046560 0.073392 0.050048 0.003713 0.826287
4 4 0.029396 0.048413 0.028404 0.001239 0.892549
4 4 0.069857 0.059910 0.032940 0.001555 0.835739
4 4 0.147074 0.066896 0.033939 0.001631 0.750459
4 4 0.155635 0.164123 0.068328 0.001084 0.610830
4 4 0.114901 0.235549 0.088931 0.000726 0.559893
4 4 0.115987 0.194810 0.075603 0.000751 0.612848
4 4 0.115598 0.127182 0.056886 0.001144 0.699189
4 4 0.110186 0.170554 0.083475 0.001934 0.633852
4 4 0.095258 0.190468 0.097885 0.002370 0.614019
4 4 0.195664 0.247161 0.161361 0.010967 0.384846
4 4 0.266743 0.190295 0.137849 0.012275 0.392837
4 1 0.209413 0.224104 0.148496 0.011535 0.406452
4 1 0.157823 0.074897 0.040282 0.002316 0.724682
4 4 0.243425 0.072268 0.035644 0.001894 0.646769
4 4 0.083144 0.055196 0.027827 0.001100 0.832733
4 4 0.072637 0.193972 0.081323 0.000848 0.651220
1 4 0.046292 0.444171 0.158570 0.000500 0.350467
1 4 0.036400 0.497626 0.221026 0.001244 0.243704
1 4 0.058836 0.457190 0.260600 0.004552 0.218822
1 4 0.125217 0.386674 0.300924 0.023909 0.163276
1 4 0.215100 0.405723 0.265038 0.014347 0.099792
4 4 0.088455 0.075527 0.045616 0.002969 0.787432
4 0 0.140832 0.056112 0.025757 0.000936 0.776363
4 0 0.063818 0.154845 0.062478 0.000601 0.718259
4 1 0.026347 0.072656 0.034642 0.000571 0.865785
4 1 0.043505 0.103114 0.060071 0.002110 0.791200
4 1 0.125618 0.128529 0.078474 0.004795 0.662584
4 1 0.270650 0.167755 0.097344 0.006243 0.458009
0 1 0.398222 0.127803 0.087929 0.013930 0.372117
4 1 0.378823 0.096140 0.055884 0.005579 0.463574
4 1 0.368129 0.097111 0.056814 0.005696 0.472250
4 1 0.062072 0.041826 0.019010 0.000525 0.876567
4 1 0.102365 0.066137 0.030987 0.000958 0.799552
4 1 0.057228 0.046245 0.021385 0.000574 0.874568
4 1 0.096451 0.082655 0.046469 0.002350 0.772075
4 1 0.167201 0.164042 0.078554 0.002094 0.588109
4 1 0.134576 0.187510 0.104708 0.004009 0.569197
4 1 0.292576 0.196050 0.085424 0.001947 0.424004
0 1 0.504887 0.144448 0.058494 0.001548 0.290623
4 1 0.262644 0.274777 0.087461 0.000538 0.374580
4 1 0.189886 0.341087 0.113620 0.000629 0.354777
4 1 0.101840 0.349305 0.147909 0.001386 0.399560
4 1 0.074737 0.306520 0.159142 0.002792 0.456810
1 1 0.106338 0.410707 0.204652 0.003150 0.275153
4 0 0.162572 0.323130 0.170500 0.004430 0.339368
4 0 0.213739 0.267776 0.142629 0.004796 0.371060
4 0 0.172423 0.104779 0.069237 0.007154 0.646406
4 0 0.124680 0.078211 0.045114 0.002894 0.749101
4 0 0.068117 0.068763 0.041384 0.002465 0.819271
4 0 0.024059 0.040350 0.022243 0.000778 0.912570
4 0 0.036090 0.060237 0.037384 0.001958 0.864331
4 0 0.045030 0.171861 0.087650 0.001527 0.693931
4 1 0.035521 0.123238 0.062215 0.001106 0.777920
4 1 0.035804 0.128075 0.064322 0.001105 0.770694
4 1 0.029310 0.110192 0.051149 0.000656 0.808693
4 1 0.029840 0.165099 0.069897 0.000537 0.734627
4 1 0.035755 0.199100 0.090026 0.000861 0.674259
4 1 0.037326 0.246633 0.109837 0.000912 0.605292
4 1 0.045421 0.239185 0.174514 0.002522 0.538359
4 1 0.141703 0.213421 0.137767 0.008353 0.498755
2 1 0.207963 0.276294 0.283161 0.011131 0.221451
0 0 0.341061 0.295587 0.198553 0.017391 0.147407
0 0 0.469227 0.198987 0.123494 0.011718 0.196574
0 0 0.721310 0.110521 0.067393 0.009723 0.091053
0 0 0.446709 0.112021 0.074455 0.011789 0.355025
0 0 0.430840 0.134662 0.082818 0.008982 0.342697
4 0 0.271301 0.214653 0.120766 0.006142 0.387138
4 1 0.169400 0.219891 0.119459 0.004272 0.486978
0 0 0.491800 0.142586 0.067076 0.002966 0.295572
0 0 0.459884 0.118510 0.072064 0.008259 0.341283
0 0 0.391738 0.124931 0.089298 0.016209 0.377824
0 0 0.508970 0.129828 0.106017 0.033538 0.221647
0 0 0.473294 0.127280 0.097058 0.023743 0.278625
0 0 0.432329 0.116231 0.079211 0.013226 0.359003
0 0 0.519364 0.085164 0.047285 0.004937 0.343250
4 0 0.406215 0.077961 0.039309 0.002751 0.473763
4 0 0.219861 0.088658 0.050538 0.003816 0.637127
4 0 0.053573 0.051808 0.027636 0.001114 0.865868
4 0 0.043817 0.061653 0.038241 0.002166 0.854123
4 0 0.035904 0.058039 0.036298 0.001984 0.867776
4 0 0.038847 0.056996 0.034625 0.001792 0.867739
4 1 0.129806 0.152622 0.119210 0.015905 0.582456
4 1 0.121067 0.124327 0.098746 0.014983 0.640877
4 1 0.192304 0.113575 0.078129 0.009378 0.606615
4 0 0.204849 0.135230 0.105272 0.018281 0.536369
4 0 0.271032 0.104839 0.065499 0.006884 0.551747
4 0 0.174660 0.133038 0.074294 0.003825 0.614183
4 1 0.238022 0.198394 0.120857 0.007931 0.434796
1 1 0.119748 0.500426 0.228772 0.002473 0.148581
1 1 0.154147 0.464057 0.271236 0.007979 0.102581
1 1 0.247883 0.449763 0.240623 0.006545 0.055185
0 1 0.349407 0.312574 0.224423 0.024104 0.089492
1 1 0.323969 0.351818 0.216873 0.012508 0.094831
1 1 0.294623 0.402519 0.208287 0.005848 0.088724
1 1 0.227800 0.432296 0.242190 0.007651 0.090063
1 1 0.288131 0.454267 0.211388 0.003769 0.042446
0 1 0.421805 0.352021 0.175392 0.005398 0.045384
0 1 0.402566 0.354081 0.174364 0.005062 0.063927
0 1 0.436953 0.260334 0.135415 0.005871 0.161427
0 1 0.380900 0.207650 0.112818 0.006037 0.292595
4 4 0.388670 0.118614 0.075058 0.009147 0.408511
4 4 0.306896 0.075532 0.037491 0.002219 0.577863
4 4 0.276428 0.070978 0.034143 0.001781 0.616669
4 4 0.186558 0.088024 0.051115 0.003824 0.670478
4 4 0.280032 0.097740 0.057992 0.005362 0.558874
4 4 0.123354 0.058920 0.028558 0.001149 0.788019
4 4 0.177656 0.153660 0.069024 0.001568 0.598092
4 4 0.230317 0.126252 0.057797 0.001748 0.583887
4 4 0.072601 0.061832 0.034375 0.001690 0.829502
4 4 0.032816 0.040688 0.020983 0.000672 0.904841
4 4 0.030601 0.050211 0.029835 0.001361 0.887991
4 4 0.329758 0.098526 0.058272 0.005724 0.507720
4 4 0.248417 0.135409 0.103461 0.018413 0.494299
4 1 0.310929 0.150367 0.141995 0.042826 0.353883
4 1 0.176976 0.130185 0.100328 0.016018 0.576493
4 1 0.080250 0.187238 0.142039 0.012310 0.578162
4 1 0.045995 0.145489 0.090132 0.002439 0.715945
4 1 0.036486 0.114525 0.242650 0.004821 0.601517
4 1 0.039603 0.087151 0.355397 0.020334 0.497514
2 1 0.020031 0.069970 0.649987 0.019250 0.240761
2 1 0.023080 0.103010 0.628337 0.010817 0.234756
2 1 0.019923 0.080006 0.656422 0.014701 0.228948
2 1 0.023438 0.088948 0.635312 0.012928 0.239374
2 1 0.011693 0.042787 0.810619 0.029408 0.105493
2 1 0.008758 0.036930 0.860152 0.023380 0.070779
2 1 0.015802 0.042101 0.841211 0.036504 0.064381
2 1 0.038926 0.064563 0.764007 0.053297 0.079207
2 2 0.045097 0.062350 0.762728 0.074554 0.055270
2 2 0.051062 0.050813 0.804038 0.046334 0.047752
2 2 0.021193 0.027962 0.884196 0.042569 0.024081
2 2 0.006583 0.013628 0.919894 0.047818 0.012077
2 2 0.013239 0.022225 0.912049 0.035168 0.017318
2 2 0.005547 0.013415 0.893315 0.076931 0.010793
2 2 0.005031 0.017801 0.904173 0.063845 0.009151
2 2 0.009679 0.018163 0.861754 0.098697 0.011706
2 2 0.007113 0.015025 0.903683 0.066534 0.007645
2 2 0.006954 0.014930 0.913752 0.058271 0.006094
2 2 0.006704 0.012566 0.855498 0.118734 0.006499
2 2 0.006218 0.009318 0.918429 0.060805 0.005230
2 2 0.003339 0.007412 0.913782 0.071894 0.003572
2 2 0.018902 0.022705 0.859708 0.088332 0.010353
2 2 0.001967 0.007238 0.837964 0.150488 0.002343
2 2 0.001579 0.004975 0.844952 0.146517 0.001977
2 2 0.001803 0.004856 0.865129 0.125828 0.002384
2 2 0.004409 0.008550 0.774687 0.207707 0.004647
2 3 0.004112 0.010263 0.824788 0.157468 0.003369
2 3 0.003678 0.010194 0.816483 0.166616 0.003030
