4 0 0.207043 0.298833 0.095407 0.002272 0.396445
4 0 0.357390 0.224706 0.047597 0.000732 0.369574
0 0 0.365198 0.283491 0.097493 0.001986 0.251831
1 0 0.270612 0.316379 0.151966 0.005426 0.255618
0 0 0.524749 0.235102 0.125417 0.011889 0.102843
4 0 0.224455 0.285902 0.105023 0.006334 0.378286
4 0 0.253868 0.293903 0.090528 0.003829 0.357872
1 0 0.253740 0.312877 0.139704 0.015916 0.277764
0 0 0.359376 0.289890 0.130499 0.016768 0.203467
0 0 0.418195 0.268093 0.091102 0.005765 0.216844
0 0 0.512698 0.228712 0.058913 0.001915 0.197762
0 0 0.589918 0.202429 0.051176 0.001680 0.154796
0 0 0.616880 0.194048 0.051271 0.001936 0.135866
0 0 0.577125 0.205198 0.049688 0.001440 0.166549
0 0 0.361290 0.275149 0.081078 0.003352 0.279132
4 0 0.212701 0.280584 0.072495 0.001849 0.432372
4 0 0.188788 0.301854 0.101301 0.005015 0.403041
4 0 0.070183 0.278733 0.105839 0.005930 0.539315
4 0 0.047393 0.251231 0.088328 0.002332 0.610715
4 0 0.044691 0.239073 0.076507 0.001884 0.637845
4 0 0.044691 0.239073 0.076507 0.001884 0.637845
4 0 0.044691 0.239073 0.076507 0.001884 0.637845
4 0 0.044691 0.239073 0.076507 0.001884 0.637845
4 0 0.044691 0.239073 0.076507 0.001884 0.637846
4 0 0.044691 0.239073 0.076507 0.001884 0.637846
4 0 0.044691 0.239073 0.076507 0.001884 0.637845
4 0 0.044691 0.239073 0.076507 0.001884 0.637845
4 0 0.044691 0.239073 0.076507 0.001884 0.637846
4 0 0.044691 0.239073 0.076507 0.001884 0.637846
4 0 0.044691 0.239073 0.076507 0.001884 0.637845
4 0 0.044691 0.239073 0.076507 0.001884 0.637845
4 0 0.044691 0.239073 0.076507 0.001884 0.637845
4 0 0.044691 0.239073 0.076507 0.001884 0.637845
4 0 0.044691 0.239073 0.076507 0.001884 0.637845
4 0 0.044691 0.239073 0.076507 0.001884 0.637846
4 0 0.044691 0.239073 0.076507 0.001884 0.637845
4 0 0.044691 0.239073 0.076507 0.001884 0.637845
4 0 0.044691 0.239073 0.076507 0.001884 0.637845
4 0 0.044691 0.239073 0.076507 0.001884 0.637846
4 0 0.044691 0.239073 0.076507 0.001884 0.637846
4 0 0.044691 0.239073 0.076507 0.001884 0.637846
4 0 0.044690 0.239074 0.076508 0.001884 0.637844
4 0 0.045233 0.255813 0.097058 0.002269 0.599627
4 0 0.057034 0.255453 0.084580 0.003181 0.599752
4 0 0.224576 0.276642 0.068276 0.001127 0.429380
0 0 0.418385 0.210743 0.070045 0.003153 0.297675
0 0 0.695578 0.114518 0.122623 0.034050 0.033230
0 0 0.530908 0.075829 0.218307 0.160786 0.014170
0 0 0.538364 0.136751 0.197747 0.089553 0.037584
0 0 0.627942 0.174669 0.131935 0.010329 0.055125
0 0 0.683297 0.170974 0.070653 0.005499 0.069578
0 0 0.444603 0.260821 0.130959 0.024346 0.139272
0 0 0.348882 0.289745 0.153861 0.030712 0.176800
0 0 0.353198 0.290168 0.146407 0.025511 0.184717
0 0 0.326598 0.296009 0.157491 0.030968 0.188934
0 0 0.310577 0.301401 0.154024 0.026728 0.207270
0 0 0.365758 0.285891 0.146999 0.027270 0.174082
0 0 0.356467 0.289600 0.143891 0.024112 0.185931
0 0 0.579060 0.212262 0.065281 0.003589 0.139808
0 0 0.611040 0.165131 0.048984 0.001942 0.172903
4 0 0.141062 0.252167 0.053269 0.000734 0.552768
4 0 0.110652 0.247887 0.054984 0.000821 0.585656
4 0 0.143464 0.291291 0.091576 0.003595 0.470074
4 0 0.130409 0.278676 0.078934 0.001769 0.510212
4 0 0.189510 0.296141 0.092200 0.002624 0.419524
0 0 0.396919 0.269290 0.082326 0.003343 0.248121
0 0 0.305828 0.303390 0.139561 0.018124 0.233098
4 0 0.211898 0.307333 0.111289 0.006924 0.362556
4 0 0.244772 0.301963 0.103494 0.005760 0.344011
0 0 0.355382 0.278973 0.086005 0.003990 0.275650
0 0 0.549559 0.198490 0.042242 0.000805 0.208903
0 0 0.667938 0.145608 0.047869 0.002507 0.136078
0 0 0.658408 0.116181 0.125918 0.043566 0.055926
0 0 0.488762 0.134846 0.202433 0.115887 0.058072
0 0 0.682500 0.158688 0.085681 0.013008 0.060123
0 0 0.630426 0.175300 0.111865 0.017879 0.064531
0 0 0.321833 0.288901 0.217455 0.039193 0.132617
0 0 0.433495 0.267597 0.115383 0.014036 0.169489
0 0 0.554644 0.224330 0.084631 0.007908 0.128486
0 0 0.366761 0.287841 0.128582 0.016283 0.200533
0 0 0.319661 0.295943 0.111624 0.008605 0.264167
0 0 0.377966 0.273599 0.083148 0.002719 0.262568
0 0 0.350860 0.282963 0.142066 0.004336 0.219776
0 0 0.486308 0.231590 0.054348 0.001352 0.226401
0 0 0.377894 0.269712 0.076926 0.002955 0.272512
4 0 0.160564 0.286425 0.082605 0.002645 0.467761
4 0 0.057615 0.257577 0.086727 0.003414 0.594666
4 0 0.128131 0.328562 0.177849 0.003649 0.361809
1 0 0.211731 0.331404 0.196838 0.002938 0.257089
1 0 0.230804 0.322625 0.259058 0.010238 0.177275
4 0 0.129658 0.290740 0.094057 0.003899 0.481647
4 0 0.118163 0.286052 0.091086 0.003554 0.501145
4 0 0.091790 0.285968 0.102058 0.005114 0.515070
4 0 0.068721 0.292983 0.132310 0.004908 0.501079
4 1 0.065923 0.277049 0.106785 0.005242 0.545000
4 1 0.064728 0.280740 0.113924 0.005309 0.535299
4 1 0.053774 0.298087 0.169222 0.005088 0.473829
4 1 0.048739 0.303364 0.203152 0.004984 0.439761
4 2 0.037932 0.302370 0.261586 0.003959 0.394153
2 2 0.020747 0.271535 0.456661 0.002832 0.248224
2 2 0.015609 0.257373 0.486115 0.001806 0.239097
2 2 0.012857 0.238984 0.549468 0.001675 0.197016
2 2 0.013055 0.239658 0.548466 0.001720 0.197101
2 2 0.015495 0.251435 0.517208 0.002086 0.213776
2 2 0.014756 0.241283 0.556620 0.002334 0.185008
2 2 0.010431 0.207789 0.645764 0.001930 0.134087
2 2 0.006622 0.163098 0.746554 0.001603 0.082123
2 2 0.006954 0.168850 0.734066 0.001591 0.088539
2 2 0.005960 0.127938 0.797814 0.002656 0.065633
2 2 0.005950 0.147210 0.780245 0.001784 0.064812
2 2 0.004920 0.112270 0.823964 0.002522 0.056323
2 2 0.004450 0.089753 0.854910 0.003839 0.047049
2 2 0.005943 0.099892 0.832907 0.005461 0.055796
2 2 0.006492 0.102106 0.825733 0.006176 0.059492
2 2 0.007930 0.112932 0.792904 0.006877 0.079356
2 2 0.007018 0.077988 0.849490 0.014721 0.050784
2 2 0.005809 0.055718 0.878254 0.023264 0.036955
2 2 0.004885 0.046628 0.894551 0.025256 0.028680
2 2 0.003902 0.029072 0.900332 0.050629 0.016065
2 3 0.003640 0.031470 0.913139 0.036777 0.014974
2 3 0.004342 0.030476 0.893549 0.058180 0.013454
2 3 0.004351 0.022925 0.852951 0.107463 0.012310
2 3 0.005193 0.020854 0.784090 0.176902 0.012961
2 3 0.005951 0.021907 0.758533 0.200770 0.012839
2 3 0.004798 0.019954 0.796836 0.167200 0.011211
2 3 0.003947 0.013688 0.734153 0.239682 0.008530
2 3 0.004066 0.012078 0.667553 0.307498 0.008805
2 3 0.004568 0.012036 0.615684 0.358916 0.008796
2 3 0.006595 0.016694 0.602490 0.361168 0.013053
2 3 0.007378 0.022094 0.678916 0.275899 0.015713
2 3 0.007084 0.019684 0.646230 0.312270 0.014733
2 3 0.005776 0.022417 0.775743 0.183325 0.012740
2 3 0.005982 0.025203 0.800514 0.155357 0.012944
2 3 0.003710 0.013921 0.763754 0.210616 0.008000
2 3 0.003459 0.010050 0.654815 0.324527 0.007148
2 3 0.003345 0.008569 0.595523 0.386646 0.005918
2 3 0.004470 0.011473 0.604199 0.371889 0.007969
2 3 0.003895 0.011871 0.681315 0.295339 0.007579
2 3 0.003610 0.010127 0.639255 0.339646 0.007361
2 3 0.002645 0.007721 0.650901 0.333422 0.005311
2 3 0.002821 0.008720 0.680840 0.302166 0.005453
2 3 0.003933 0.010966 0.644842 0.333953 0.006306
2 3 0.005255 0.012611 0.576749 0.396864 0.008522
3 3 0.003770 0.007175 0.448170 0.535415 0.005470
3 3 0.004221 0.007390 0.407200 0.574670 0.006519
3 3 0.004259 0.006825 0.366187 0.616831 0.005899
3 3 0.003773 0.007582 0.476918 0.506256 0.005470
2 3 0.003259 0.008206 0.588178 0.395063 0.005294
2 3 0.002176 0.005994 0.621336 0.366920 0.003575
2 3 0.002967 0.008115 0.625658 0.358101 0.005159
2 3 0.002565 0.006615 0.592434 0.394116 0.004270
2 3 0.003326 0.009892 0.671273 0.310126 0.005383
2 3 0.004267 0.012509 0.668272 0.307528 0.007425
2 3 0.003545 0.008877 0.587276 0.394438 0.005864
2 3 0.002138 0.006262 0.649436 0.338366 0.003799
3 3 0.002313 0.004789 0.475972 0.513587 0.003340
2 3 0.003563 0.007829 0.521874 0.461466 0.005268
3 3 0.007032 0.013433 0.469859 0.499777 0.009899
3 3 0.007393 0.012200 0.396675 0.573376 0.010355
3 3 0.006065 0.009746 0.379755 0.596510 0.007924
3 3 0.005004 0.009527 0.459757 0.519046 0.006665
2 3 0.003627 0.008140 0.535517 0.447713 0.005003
2 3 0.002891 0.006758 0.546324 0.439503 0.004523
2 3 0.001688 0.004797 0.629404 0.361390 0.002722
2 3 0.001899 0.004762 0.568215 0.422052 0.003072
2 3 0.001800 0.005001 0.619650 0.370624 0.002924
2 3 0.001957 0.004573 0.531300 0.458948 0.003222
3 3 0.002872 0.005508 0.443513 0.544048 0.004059
3 3 0.003297 0.006126 0.429799 0.555733 0.005044
3 3 0.003635 0.006317 0.398264 0.586090 0.005695
3 3 0.004588 0.006780 0.328453 0.653358 0.006821
3 3 0.004364 0.006903 0.359835 0.622664 0.006234
3 3 0.005597 0.008884 0.370551 0.607408 0.007560
3 3 0.004853 0.009088 0.450067 0.529488 0.006503
2 3 0.005971 0.012010 0.492906 0.480904 0.008209
3 3 0.006965 0.012617 0.442478 0.528256 0.009683
3 3 0.005130 0.009308 0.434710 0.543813 0.007039
3 3 0.004188 0.008197 0.467598 0.514210 0.005807
3 3 0.003437 0.006955 0.476980 0.507569 0.005059
3 3 0.003159 0.005753 0.418269 0.568046 0.004772
2 3 0.004705 0.011869 0.597546 0.377751 0.008129
3 3 0.005882 0.011642 0.481121 0.492361 0.008994
3 3 0.005472 0.009139 0.394853 0.583097 0.007439
3 3 0.005988 0.009238 0.360631 0.616636 0.007507
3 3 0.004985 0.007873 0.366995 0.614037 0.006110
3 3 0.004272 0.006753 0.361118 0.622293 0.005564
3 3 0.003912 0.007931 0.482709 0.499771 0.005677
3 3 0.003536 0.006077 0.394063 0.591288 0.005036
3 3 0.003071 0.004492 0.314123 0.674255 0.004060
3 3 0.003659 0.005859 0.362438 0.623265 0.004779
3 3 0.003972 0.006456 0.371500 0.612718 0.005354
3 3 0.002955 0.006015 0.475214 0.511493 0.004323
3 3 0.003178 0.006332 0.464828 0.520736 0.004927
2 3 0.003202 0.006839 0.499029 0.485382 0.005549
2 3 0.002500 0.005429 0.498760 0.488883 0.004427
2 3 0.003492 0.009497 0.631914 0.349995 0.005102
2 3 0.006192 0.017521 0.668641 0.300302 0.007343
2 1 0.013083 0.039412 0.700290 0.234288 0.012928
2 2 0.035966 0.142193 0.682689 0.100466 0.038686
2 2 0.054545 0.222323 0.570277 0.072538 0.080317
2 1 0.089873 0.308285 0.358028 0.050492 0.193323
1 1 0.117119 0.333118 0.276537 0.013891 0.259335
4 1 0.187251 0.302631 0.120014 0.005127 0.384977
4 1 0.204140 0.306074 0.108513 0.006327 0.374946
1 1 0.118074 0.326413 0.217961 0.031441 0.306111
4 0 0.095542 0.316626 0.171390 0.017946 0.398497
2 0 0.132001 0.324768 0.325533 0.021701 0.195997
2 1 0.168579 0.305391 0.387988 0.010183 0.127859
2 0 0.217635 0.232335 0.459128 0.026366 0.064536
0 0 0.317479 0.295377 0.245307 0.012691 0.129146
1 1 0.232062 0.313389 0.186382 0.045177 0.222990
1 0 0.267328 0.309914 0.133665 0.014062 0.275031
1 0 0.163949 0.334204 0.210301 0.009316 0.282229
4 0 0.299743 0.256675 0.125770 0.007960 0.309852
0 0 0.461730 0.170981 0.092966 0.009328 0.264995
0 0 0.636025 0.129400 0.090358 0.015523 0.128694
0 0 0.570124 0.138815 0.139832 0.056199 0.095030
0 0 0.625728 0.135665 0.141194 0.045891 0.051522
0 0 0.340089 0.255970 0.219347 0.071712 0.112882
2 0 0.269749 0.257113 0.339056 0.011461 0.122620
2 0 0.294752 0.215392 0.404530 0.029479 0.055847
0 0 0.343415 0.216690 0.330686 0.045363 0.063847
0 0 0.526296 0.195178 0.140039 0.037500 0.100987
0 0 0.626002 0.190459 0.050006 0.001741 0.131793
0 1 0.441077 0.240843 0.054439 0.001186 0.262456
4 0 0.191890 0.305372 0.107332 0.006029 0.389377
4 0 0.111267 0.303672 0.122615 0.008850 0.453596
4 0 0.116038 0.321059 0.170503 0.018949 0.373452
1 0 0.095304 0.327670 0.299163 0.019738 0.258125
2 0 0.230634 0.244325 0.294470 0.063493 0.167078
3 0 0.277533 0.051775 0.202563 0.419918 0.048211
3 0 0.143019 0.013973 0.143667 0.689300 0.010041
3 0 0.064412 0.003421 0.078377 0.850810 0.002979
3 0 0.079221 0.007106 0.110785 0.798581 0.004308
0 0 0.399820 0.066855 0.213249 0.281330 0.038746
0 0 0.449466 0.139541 0.212929 0.133116 0.064948
1 1 0.278365 0.295486 0.172496 0.031204 0.222449
4 1 0.165446 0.241559 0.163496 0.034848 0.394651
4 0 0.122763 0.237732 0.127823 0.014549 0.497133
0 0 0.347883 0.227061 0.077524 0.003613 0.343919
0 1 0.359748 0.291021 0.121478 0.007858 0.219894
0 0 0.424844 0.145750 0.052876 0.002107 0.374424
0 0 0.635870 0.132015 0.152828 0.032742 0.046545
0 0 0.808459 0.078268 0.067318 0.013601 0.032354
0 0 0.558010 0.010060 0.109087 0.315361 0.007481
0 0 0.740675 0.043893 0.117303 0.079036 0.019094
0 0 0.645163 0.114376 0.155455 0.056065 0.028940
0 1 0.469616 0.064802 0.203366 0.230853 0.031362
0 0 0.466132 0.057811 0.204483 0.246868 0.024706
0 0 0.559754 0.064412 0.190408 0.164325 0.021100
3 0 0.234196 0.021757 0.174979 0.557199 0.011869
3 0 0.300749 0.022885 0.162981 0.493663 0.019722
3 0 0.072588 0.005426 0.085863 0.827736 0.008386
3 0 0.048417 0.004501 0.077057 0.863422 0.006602
3 0 0.185764 0.016674 0.144059 0.635160 0.018343
0 0 0.365230 0.045081 0.189255 0.361228 0.039207
0 0 0.500168 0.033336 0.152176 0.278911 0.035409
3 0 0.341849 0.030651 0.159273 0.423398 0.044829
0 1 0.547896 0.066054 0.177338 0.170301 0.038411
3 0 0.191938 0.111754 0.271167 0.371253 0.053887
3 0 0.168345 0.161183 0.283070 0.295233 0.092169
3 0 0.109965 0.083767 0.341396 0.378051 0.086820
3 0 0.097660 0.030196 0.187236 0.657156 0.027753
0 0 0.380478 0.044120 0.191391 0.351262 0.032749
0 0 0.430604 0.068436 0.223947 0.252365 0.024647
0 0 0.321877 0.224087 0.273326 0.097651 0.083058
2 0 0.182146 0.160223 0.387812 0.221783 0.048036
0 0 0.435676 0.079173 0.208609 0.228727 0.047815
3 0 0.402846 0.019775 0.145043 0.412576 0.019759
3 0 0.166580 0.006008 0.100264 0.720251 0.006897
3 0 0.363927 0.042670 0.189498 0.369576 0.034329
3 0 0.094403 0.021137 0.171958 0.702941 0.009561
3 0 0.259641 0.078808 0.265973 0.370705 0.024873
3 0 0.354485 0.043136 0.228966 0.363036 0.010378
0 0 0.565335 0.037779 0.177774 0.208667 0.010444
3 0 0.249904 0.012742 0.156977 0.575945 0.004433
0 0 0.830891 0.051679 0.079802 0.023824 0.013804
0 0 0.697526 0.084598 0.132859 0.055839 0.029178
0 0 0.553607 0.179413 0.100503 0.012344 0.154133
4 0 0.265308 0.273442 0.103743 0.006774 0.350733
0 0 0.364251 0.290604 0.135181 0.013200 0.196764
0 1 0.538679 0.213638 0.124314 0.026464 0.096905
0 0 0.783073 0.079241 0.073377 0.018462 0.045847
0 0 0.853180 0.068575 0.041625 0.005385 0.031235
0 0 0.582456 0.050435 0.180262 0.171671 0.015177
0 0 0.427535 0.022170 0.173728 0.369094 0.007473
0 0 0.424942 0.020613 0.164687 0.380956 0.008803
0 0 0.602896 0.031384 0.156248 0.198134 0.011337
0 0 0.498240 0.088322 0.221592 0.168616 0.023230
2 0 0.239073 0.278129 0.302044 0.064097 0.116657
1 0 0.190203 0.329356 0.264040 0.013264 0.203137
4 0 0.186990 0.305702 0.107912 0.005433 0.393963
4 0 0.124827 0.292246 0.097563 0.004360 0.481005
4 0 0.071353 0.206627 0.037032 0.000292 0.684695
4 0 0.072300 0.152372 0.045129 0.000896 0.729303
4 0 0.113263 0.147668 0.060974 0.001696 0.676398
4 0 0.145781 0.153919 0.074697 0.001714 0.623889
4 0 0.142778 0.256413 0.263583 0.012774 0.324452
2 0 0.014755 0.074934 0.821746 0.072648 0.015917
2 0 0.055892 0.210939 0.572444 0.083243 0.077482
2 0 0.077190 0.121758 0.706419 0.071320 0.023314
2 0 0.198565 0.226624 0.461974 0.047467 0.065370
2 0 0.114891 0.233901 0.557586 0.015164 0.078458
2 0 0.296025 0.282910 0.299552 0.015757 0.105756
2 0 0.269162 0.205617 0.419631 0.050872 0.054718
2 0 0.146739 0.185818 0.525606 0.091902 0.049935
2 0 0.133570 0.165439 0.563725 0.096792 0.040474
2 0 0.137707 0.141942 0.483461 0.198307 0.038583
3 0 0.091885 0.037896 0.195729 0.650194 0.024296
2 0 0.250275 0.174182 0.283951 0.190942 0.100651
2 0 0.115170 0.287201 0.306109 0.035848 0.255672
1 0 0.106529 0.314895 0.301792 0.013979 0.262806
1 0 0.170811 0.335616 0.264935 0.003223 0.225415
2 1 0.096419 0.289555 0.487425 0.006494 0.120106
2 0 0.124219 0.219778 0.562316 0.029313 0.064375
2 0 0.066184 0.156089 0.690235 0.027374 0.060117
2 0 0.109059 0.212225 0.577649 0.023716 0.077350
2 0 0.105696 0.167005 0.627145 0.055088 0.045066
2 0 0.062356 0.113953 0.700726 0.100129 0.022835
2 1 0.076364 0.122725 0.699202 0.077660 0.024048
2 0 0.034931 0.087902 0.702927 0.156581 0.017660
2 0 0.068772 0.105448 0.688507 0.117214 0.020060
2 0 0.065208 0.079316 0.564093 0.273067 0.018315
3 0 0.103361 0.059378 0.303566 0.514509 0.019186
3 1 0.180504 0.112743 0.283977 0.371984 0.050792
3 1 0.073028 0.035823 0.217093 0.658056 0.015999
2 1 0.080605 0.132022 0.518876 0.228657 0.039839
2 1 0.022044 0.050686 0.763952 0.155968 0.007350
2 1 0.053226 0.123529 0.726650 0.070875 0.025720
2 1 0.050163 0.075753 0.696621 0.164786 0.012677
3 1 0.330754 0.062964 0.232771 0.346027 0.027484
3 1 0.222571 0.040105 0.234507 0.492334 0.010484
0 1 0.459695 0.073830 0.237572 0.213993 0.014910
3 0 0.167120 0.045188 0.258036 0.521857 0.007799
3 0 0.344149 0.039029 0.225004 0.382550 0.009269
0 1 0.398242 0.108896 0.259690 0.207532 0.025640
0 1 0.665096 0.139171 0.122693 0.030008 0.043033
0 1 0.299349 0.298022 0.107933 0.007330 0.287366
4 1 0.137505 0.315933 0.140953 0.013872 0.391738
4 1 0.065998 0.285079 0.120303 0.005775 0.522845
4 1 0.046161 0.298908 0.192039 0.001856 0.461036
4 1 0.045038 0.256185 0.256795 0.002891 0.439091
4 1 0.128315 0.311999 0.129804 0.002690 0.427191
4 1 0.108996 0.313880 0.149589 0.014655 0.412881
4 1 0.057330 0.257039 0.086294 0.003368 0.595968
4 1 0.053455 0.253092 0.084752 0.002887 0.605813
4 1 0.052554 0.247598 0.079044 0.002662 0.618143
4 1 0.049308 0.240702 0.074121 0.002245 0.633625
4 1 0.044851 0.230544 0.067366 0.001749 0.655491
4 1 0.045366 0.231761 0.068146 0.001802 0.652925
4 1 0.038930 0.281612 0.159775 0.002488 0.517195
4 1 0.087069 0.307062 0.143423 0.001088 0.461357
1 0 0.193304 0.334698 0.211215 0.001353 0.259431
2 0 0.208618 0.205590 0.518403 0.020532 0.046858
3 0 0.132877 0.038015 0.229078 0.589847 0.010184
3 0 0.279893 0.073935 0.263222 0.361527 0.021423
0 1 0.466313 0.154304 0.299651 0.044681 0.035051
0 1 0.620953 0.197430 0.067725 0.005172 0.108720
0 1 0.361410 0.282070 0.094798 0.005563 0.256158
4 1 0.168020 0.305923 0.110293 0.006433 0.409332
2 1 0.033280 0.298456 0.359031 0.004792 0.304441
2 1 0.029972 0.289638 0.413187 0.004994 0.262209
2 2 0.036221 0.301295 0.358986 0.005742 0.297756
2 2 0.030101 0.290509 0.407492 0.004899 0.266999
2 2 0.029292 0.293019 0.373251 0.003913 0.300524
2 2 0.028494 0.293348 0.349687 0.003303 0.325168
4 2 0.027250 0.291874 0.309293 0.002497 0.369086
4 2 0.020631 0.280420 0.310773 0.001424 0.386752
4 2 0.021234 0.280987 0.296728 0.001418 0.399633
4 2 0.022156 0.283615 0.318404 0.001703 0.374122
4 2 0.022552 0.284467 0.339659 0.001944 0.351378
2 2 0.020126 0.279426 0.361810 0.001701 0.336937
4 2 0.018372 0.276096 0.342927 0.001298 0.361306
2 2 0.014875 0.262358 0.437280 0.001292 0.284195
2 2 0.016290 0.261852 0.466745 0.001793 0.253319
2 2 0.020624 0.276542 0.416498 0.002302 0.284034
2 2 0.021119 0.275816 0.430227 0.002583 0.270255
2 2 0.020086 0.269944 0.460028 0.002690 0.247252
2 2 0.018016 0.264704 0.470400 0.002254 0.244626
2 2 0.017275 0.268906 0.427616 0.001680 0.284524
2 2 0.016766 0.258548 0.492848 0.002170 0.229667
2 2 0.016622 0.256356 0.503211 0.002248 0.221563
2 2 0.016879 0.253655 0.519014 0.002524 0.207928
2 2 0.014879 0.243702 0.547388 0.002255 0.191777
2 2 0.013661 0.240045 0.552628 0.001937 0.191729
2 2 0.014508 0.238183 0.567272 0.002392 0.177645
2 2 0.015539 0.239943 0.567479 0.002775 0.174263
2 2 0.014596 0.226296 0.610308 0.003156 0.145643
2 2 0.017679 0.240242 0.577902 0.003909 0.160268
2 -1 0.014041 0.213672 0.646316 0.003707 0.122264
2 2 0.003048 0.065931 0.900421 0.003894 0.026706
2 2 0.004619 0.101578 0.839342 0.002926 0.051534
2 2 0.004688 0.102421 0.838063 0.002958 0.051870
2 2 0.007619 0.145615 0.785402 0.003401 0.057962
2 2 0.008862 0.158649 0.764734 0.003709 0.064046
2 2 0.008156 0.142538 0.795381 0.004406 0.049520
2 2 0.007989 0.117164 0.817584 0.007178 0.050084
2 2 0.008260 0.107909 0.815490 0.009215 0.059127
2 2 0.007848 0.097432 0.838353 0.011175 0.045191
2 2 0.006406 0.092624 0.851900 0.008237 0.040832
2 2 0.004386 0.060034 0.901124 0.011240 0.023216
2 2 0.003292 0.043464 0.921897 0.013481 0.017865
2 2 0.003259 0.041737 0.924264 0.014748 0.015991
2 2 0.002897 0.034456 0.931979 0.018848 0.011820
2 2 0.003249 0.040435 0.925621 0.016037 0.014658
2 2 0.002240 0.026887 0.942702 0.019962 0.008209
2 2 0.002315 0.025781 0.939061 0.023569 0.009274
2 2 0.002636 0.020533 0.915362 0.051985 0.009485
2 2 0.003047 0.020519 0.897556 0.069053 0.009824
2 2 0.003627 0.024691 0.895063 0.064969 0.011651
2 2 0.004570 0.027467 0.873370 0.080784 0.013810
2 2 0.003539 0.025164 0.900900 0.059227 0.011170
2 2 0.006007 0.035020 0.861822 0.080571 0.016580
2 2 0.005411 0.034369 0.876789 0.068440 0.014992
2 2 0.006139 0.030358 0.835718 0.112787 0.014999
2 3 0.007293 0.034477 0.823806 0.118310 0.016115
2 3 0.006743 0.038436 0.857880 0.081278 0.015663
2 3 0.006975 0.051786 0.878717 0.044857 0.017665
2 3 0.006218 0.043830 0.881965 0.052074 0.015913
2 3 0.006778 0.043911 0.870292 0.061646 0.017373
2 3 0.005137 0.023172 0.822268 0.139108 0.010314
2 3 0.003837 0.017014 0.818543 0.152567 0.008038
2 3 0.003889 0.014467 0.766733 0.208415 0.006495
2 3 0.004046 0.013320 0.722168 0.254415 0.006052
2 3 0.005340 0.018724 0.755341 0.214284 0.006310
2 3 0.005196 0.035451 0.897945 0.054926 0.006483
2 2 0.010532 0.074678 0.858779 0.042126 0.013885
2 2 0.020096 0.168201 0.740114 0.022402 0.049187
2 2 0.035005 0.237962 0.599499 0.022994 0.104540
2 2 0.022498 0.198551 0.688213 0.016252 0.074487
1 1 0.224006 0.322674 0.248160 0.017812 0.187348
1 1 0.273673 0.317434 0.213772 0.009048 0.186072
2 1 0.135204 0.303609 0.395549 0.022700 0.142937
2 1 0.062802 0.252690 0.515241 0.062889 0.106377
2 1 0.060207 0.309293 0.382512 0.020517 0.227470
2 1 0.028392 0.250120 0.572082 0.011014 0.138392
2 1 0.039535 0.287212 0.462183 0.012013 0.199057
2 1 0.049226 0.295426 0.438677 0.017561 0.199110
2 1 0.037197 0.273383 0.512049 0.011926 0.165445
2 1 0.049164 0.229367 0.538680 0.037418 0.145371
2 1 0.061387 0.216297 0.475590 0.068939 0.177787
2 1 0.065897 0.191323 0.481903 0.113158 0.147719
2 1 0.023970 0.128360 0.730661 0.055184 0.061825
2 1 0.031090 0.167938 0.668110 0.043279 0.089583
2 1 0.012216 0.108491 0.812041 0.020716 0.046535
2 2 0.022687 0.192530 0.692472 0.017042 0.075269
2 2 0.033423 0.279137 0.483499 0.009239 0.194703
2 2 0.029025 0.275996 0.484163 0.006756 0.204060
2 2 0.036703 0.283232 0.473607 0.010810 0.195648
2 1 0.049445 0.272779 0.507565 0.028018 0.142192
2 2 0.063872 0.263714 0.499897 0.057013 0.115504
2 2 0.033904 0.218938 0.635525 0.029714 0.081919
2 2 0.029671 0.202798 0.663625 0.026505 0.077402
2 2 0.051856 0.237628 0.599169 0.016991 0.094356
2 1 0.139777 0.195025 0.552550 0.061531 0.051117
2 1 0.212175 0.283512 0.324723 0.046381 0.133208
2 1 0.230970 0.222826 0.398697 0.077378 0.070128
4 1 0.054154 0.316047 0.278676 0.009203 0.341920
1 2 0.072375 0.322823 0.283297 0.018138 0.303366
2 2 0.014660 0.244554 0.541785 0.002118 0.196882
2 2 0.011497 0.219502 0.614377 0.001935 0.152688
2 2 0.014612 0.238632 0.566251 0.002415 0.178091
2 2 0.017816 0.260975 0.490149 0.002432 0.228628
2 2 0.016323 0.240170 0.571341 0.003157 0.169009
2 2 0.012839 0.219736 0.622346 0.002583 0.142495
2 2 0.010589 0.196056 0.681243 0.002580 0.109532
2 2 0.011695 0.204548 0.662631 0.002789 0.118337
2 2 0.015394 0.218816 0.636349 0.004236 0.125206
2 2 0.011585 0.195939 0.685666 0.003259 0.103551
2 2 0.015102 0.218238 0.637028 0.004079 0.125553
2 2 0.011823 0.192182 0.696021 0.003713 0.096260
2 2 0.018775 0.231983 0.608197 0.005434 0.135612
2 1 0.037084 0.271699 0.514625 0.014216 0.162376
2 1 0.039725 0.297637 0.411789 0.009193 0.241656
2 1 0.071960 0.274988 0.491701 0.024468 0.136883
2 0 0.094753 0.318428 0.341107 0.031201 0.214512
2 0 0.209925 0.256498 0.368858 0.070262 0.094457
1 0 0.249714 0.320394 0.170387 0.012564 0.246940
0 0 0.310291 0.306308 0.156522 0.013974 0.212906
0 0 0.427456 0.271595 0.126676 0.011861 0.162412
0 0 0.487674 0.128770 0.193866 0.119417 0.070273
3 0 0.292130 0.058171 0.222488 0.392273 0.034938
3 0 0.142117 0.023161 0.155490 0.650472 0.028760
3 1 0.075228 0.014617 0.125602 0.765339 0.019214
0 1 0.391222 0.079859 0.204737 0.256019 0.068163
0 1 0.326325 0.297142 0.122093 0.011913 0.242526
4 4 0.126833 0.312047 0.134409 0.011837 0.414874
4 4 0.060213 0.288107 0.132957 0.005184 0.513539
4 4 0.027427 0.277009 0.194094 0.001472 0.499997
4 4 0.026642 0.262871 0.153465 0.001125 0.555897
4 4 0.034007 0.271496 0.148523 0.001779 0.544195
4 4 0.034950 0.288704 0.198828 0.002458 0.475060
2 4 0.018469 0.270945 0.431187 0.001962 0.277437
2 4 0.009028 0.199125 0.662976 0.001595 0.127276
2 4 0.008903 0.197584 0.666798 0.001590 0.125125
2 4 0.014966 0.236086 0.578401 0.002731 0.167815
4 4 0.030739 0.293082 0.254877 0.002484 0.418817
4 4 0.044798 0.247845 0.086856 0.002060 0.618440
4 4 0.033352 0.180843 0.052737 0.001143 0.731925
4 4 0.031547 0.118817 0.038993 0.000833 0.809810
4 4 0.043165 0.134785 0.044832 0.001067 0.776151
4 4 0.042943 0.205496 0.060527 0.001467 0.689567
4 4 0.053449 0.253907 0.085667 0.001197 0.605781
4 4 0.048781 0.306191 0.215799 0.003907 0.425322
4 4 0.034572 0.299398 0.269848 0.003397 0.392786
4 4 0.036033 0.233281 0.079590 0.001263 0.649833
4 4 0.037973 0.282550 0.165423 0.002440 0.511613
4 4 0.034744 0.273979 0.152439 0.001899 0.536939
4 4 0.037723 0.248671 0.097399 0.001584 0.614623
4 4 0.038323 0.252140 0.101592 0.001684 0.606262
4 4 0.046635 0.103091 0.033855 0.000658 0.815761
4 4 0.069622 0.144434 0.066509 0.003472 0.715963
4 4 0.128188 0.166085 0.078564 0.004926 0.622238
4 4 0.101735 0.168623 0.121523 0.014673 0.593446
4 4 0.083349 0.159901 0.214943 0.103060 0.438747
4 4 0.084930 0.200860 0.168964 0.041999 0.503248
4 4 0.143922 0.271705 0.121629 0.010310 0.452434
4 4 0.068965 0.154626 0.093194 0.009497 0.673718
4 4 0.043542 0.060817 0.027075 0.000756 0.867810
4 4 0.041165 0.080715 0.022037 0.000243 0.855841
4 4 0.036271 0.137487 0.035463 0.000483 0.790296
4 4 0.036238 0.208342 0.054336 0.001011 0.700073
4 4 0.035247 0.112666 0.040852 0.001054 0.810180
4 4 0.064383 0.062915 0.025018 0.000552 0.847132
4 4 0.055384 0.088751 0.027457 0.000424 0.827984
4 4 0.054535 0.200958 0.044498 0.000555 0.699454
4 4 0.041602 0.222594 0.062447 0.001439 0.671919
4 4 0.041885 0.258342 0.105535 0.002066 0.592172
4 4 0.033096 0.269242 0.145881 0.001660 0.550120
4 4 0.046613 0.287402 0.155109 0.003496 0.507380
4 0 0.061096 0.313410 0.210262 0.006472 0.408761
4 1 0.093805 0.321557 0.185072 0.009886 0.389679
1 1 0.292031 0.306481 0.133852 0.012705 0.254930
1 1 0.292358 0.305059 0.169762 0.031485 0.201337
1 1 0.200256 0.321541 0.207058 0.038010 0.233135
1 1 0.162642 0.325298 0.207194 0.036838 0.268028
1 1 0.129121 0.322920 0.204318 0.042008 0.301632
4 1 0.123137 0.321255 0.186916 0.036657 0.332035
1 1 0.110594 0.325607 0.219230 0.031177 0.313392
4 1 0.085803 0.324914 0.241995 0.021389 0.325899
2 1 0.041601 0.307066 0.337760 0.006974 0.306599
2 1 0.036613 0.300241 0.375221 0.006368 0.281558
2 2 0.035987 0.298973 0.382410 0.006358 0.276271
2 2 0.030851 0.290264 0.415131 0.005367 0.258386
2 2 0.028388 0.285758 0.428855 0.004807 0.252192
2 2 0.023711 0.275337 0.459475 0.003816 0.237660
2 2 0.020921 0.268988 0.473687 0.003142 0.233262
2 2 0.021218 0.269291 0.474450 0.003250 0.231790
2 2 0.026317 0.282521 0.434806 0.004210 0.252146
2 2 0.033623 0.296289 0.387873 0.005640 0.276575
2 2 0.035281 0.297001 0.394338 0.006466 0.266914
2 2 0.037828 0.297159 0.407220 0.008049 0.249745
2 2 0.042247 0.303297 0.383637 0.009100 0.261720
2 2 0.045736 0.304574 0.387739 0.011110 0.250841
2 2 0.045429 0.290891 0.454030 0.015878 0.193773
2 2 0.046529 0.289979 0.458012 0.017228 0.188252
2 2 0.039725 0.273551 0.509970 0.016289 0.160465
2 2 0.046385 0.282739 0.482176 0.019911 0.168788
2 2 0.038496 0.264782 0.534915 0.017840 0.143968
2 2 0.047720 0.285944 0.471941 0.019998 0.174398
2 2 0.052356 0.292625 0.449286 0.021807 0.183926
2 2 0.055940 0.297482 0.431622 0.023028 0.191928
2 2 0.044477 0.282949 0.481493 0.017869 0.173212
2 2 0.046151 0.283304 0.480438 0.019441 0.170666
2 2 0.046107 0.275846 0.502292 0.022447 0.153308
2 1 0.056727 0.294738 0.440686 0.025280 0.182569
2 1 0.059844 0.307137 0.392722 0.021470 0.218826
2 1 0.048997 0.303134 0.403667 0.014192 0.230010
2 1 0.055569 0.309112 0.379908 0.016686 0.238724
1 1 0.085402 0.323847 0.286837 0.027559 0.276354
2 1 0.052038 0.264524 0.522288 0.036361 0.124788
2 2 0.055106 0.265954 0.514260 0.040278 0.124403
2 2 0.052911 0.263769 0.522315 0.038213 0.122792
2 2 0.050534 0.262060 0.529629 0.035509 0.122267
2 2 0.037680 0.229800 0.610490 0.031447 0.090583
2 2 0.030152 0.204946 0.664907 0.028962 0.071034
2 2 0.034825 0.220208 0.631669 0.030924 0.082374
2 2 0.037185 0.218777 0.628642 0.036810 0.078585
2 2 0.045331 0.237785 0.581825 0.041738 0.093320
2 2 0.052975 0.249056 0.547319 0.048767 0.101883
2 2 0.039915 0.223713 0.615074 0.039716 0.081582
2 2 0.038774 0.220151 0.622688 0.039398 0.078989
2 2 0.031197 0.189825 0.679856 0.039032 0.060089
2 2 0.031844 0.189595 0.678084 0.041007 0.059471
2 2 0.036567 0.199207 0.652433 0.046909 0.064884
2 2 0.026944 0.179202 0.705557 0.034334 0.053963
2 2 0.030086 0.178882 0.694388 0.042572 0.054072
2 2 0.032330 0.173962 0.689574 0.052163 0.051971
2 2 0.032140 0.162151 0.698082 0.061025 0.046601
2 2 0.033869 0.168075 0.686902 0.061722 0.049432
2 2 0.024539 0.148346 0.741682 0.045415 0.040018
2 2 0.023328 0.154510 0.742234 0.037399 0.042529
2 2 0.020217 0.148165 0.760615 0.031332 0.039671
2 2 0.016565 0.121895 0.798619 0.033683 0.029238
2 2 0.015905 0.132204 0.793130 0.025671 0.033090
2 2 0.024651 0.153782 0.737205 0.042052 0.042310
2 2 0.027980 0.149062 0.724857 0.057501 0.040600
2 2 0.029962 0.146670 0.710067 0.065535 0.047766
2 2 0.021576 0.142047 0.759429 0.037929 0.039020
2 2 0.016958 0.103592 0.798546 0.051932 0.028972
2 2 0.009327 0.070105 0.851085 0.038423 0.031061
2 2 0.010847 0.079147 0.834566 0.038767 0.036672
2 2 0.008325 0.057507 0.854512 0.048453 0.031204
2 2 0.008905 0.058624 0.846349 0.052979 0.033144
2 2 0.009101 0.065624 0.848667 0.042692 0.033916
2 2 0.008023 0.055417 0.859957 0.051356 0.025247
2 2 0.008411 0.050606 0.848347 0.069166 0.023470
2 2 0.007769 0.047467 0.854475 0.068323 0.021966
2 2 0.005338 0.026999 0.844000 0.110793 0.012871
2 3 0.006425 0.028572 0.813279 0.137660 0.014064
2 3 0.007529 0.029695 0.779598 0.167821 0.015357
2 3 0.006889 0.027684 0.784779 0.165609 0.015038
2 3 0.006117 0.026483 0.803860 0.148159 0.015381
2 3 0.006505 0.033556 0.840632 0.102383 0.016924
2 3 0.006362 0.030451 0.826318 0.120296 0.016573
2 3 0.011001 0.046541 0.782110 0.135011 0.025337
2 3 0.009701 0.044440 0.804886 0.118449 0.022525
2 3 0.010571 0.045476 0.788832 0.131565 0.023556
2 3 0.006614 0.030845 0.823776 0.124250 0.014516
2 3 0.010156 0.032649 0.711562 0.227866 0.017767
2 3 0.011411 0.035014 0.693487 0.240802 0.019287
2 3 0.012136 0.032041 0.629107 0.304971 0.021745
2 3 0.012010 0.034819 0.667280 0.263526 0.022364
2 3 0.011253 0.025853 0.562230 0.379080 0.021584
2 3 0.010172 0.026280 0.617476 0.326572 0.019500
2 3 0.011988 0.041435 0.728246 0.194296 0.024035
2 3 0.006456 0.030163 0.821433 0.125693 0.016255
2 3 0.005771 0.027167 0.824594 0.127232 0.015236
2 3 0.006658 0.024263 0.747834 0.203155 0.018091
2 3 0.007279 0.021523 0.668784 0.284465 0.017949
2 3 0.007219 0.026971 0.763236 0.187697 0.014877
2 3 0.007603 0.024127 0.708445 0.246442 0.013382
2 3 0.006940 0.019161 0.646902 0.314285 0.012710
2 3 0.005893 0.015194 0.608822 0.358162 0.011929
2 3 0.005639 0.016714 0.672430 0.293275 0.011941
2 3 0.007425 0.019891 0.625713 0.329441 0.017530
2 3 0.006417 0.019026 0.670409 0.288865 0.015283
2 3 0.007298 0.021221 0.664979 0.290387 0.016115
2 3 0.008511 0.025836 0.685550 0.262522 0.017582
2 3 0.007196 0.019511 0.633530 0.324040 0.015723
2 3 0.006679 0.018406 0.639023 0.320703 0.015189
2 3 0.007435 0.020716 0.644951 0.309943 0.016955
2 3 0.005653 0.015750 0.642908 0.323230 0.012458
2 3 0.005920 0.015109 0.605064 0.362378 0.011530
2 3 0.006419 0.014638 0.553477 0.414374 0.011091
2 3 0.006195 0.014852 0.574813 0.392142 0.011998
2 3 0.006889 0.016514 0.575824 0.386964 0.013809
2 3 0.006968 0.016515 0.569761 0.392544 0.014213
2 3 0.006023 0.015057 0.595635 0.371743 0.011542
2 3 0.004961 0.012561 0.598082 0.374990 0.009405
2 3 0.006574 0.014405 0.529608 0.436492 0.012921
2 3 0.005416 0.011784 0.520348 0.451513 0.010939
2 3 0.006309 0.014789 0.561033 0.404476 0.013393
2 3 0.007002 0.021246 0.686606 0.271351 0.013795
2 3 0.006988 0.021439 0.689953 0.267211 0.014409
2 3 0.005946 0.018407 0.692333 0.270879 0.012434
2 3 0.004271 0.012707 0.667966 0.305385 0.009670
2 3 0.003290 0.009761 0.662506 0.317349 0.007094
2 3 0.004044 0.010907 0.622778 0.354032 0.008239
2 3 0.006034 0.013987 0.559501 0.409702 0.010775
2 3 0.008701 0.030191 0.736103 0.207109 0.017897
2 3 0.007558 0.021741 0.663921 0.291891 0.014889
2 3 0.009350 0.021146 0.556854 0.396809 0.015841
3 3 0.008266 0.015846 0.472399 0.490460 0.013029
2 3 0.007310 0.015541 0.519500 0.444682 0.012966
2 3 0.008029 0.019648 0.591136 0.366406 0.014781
2 3 0.007174 0.018821 0.618181 0.340277 0.015547
2 3 0.003971 0.011537 0.659092 0.317551 0.007849
2 3 0.004158 0.013966 0.721634 0.251169 0.009074
2 3 0.005410 0.017421 0.706976 0.258396 0.011797
2 3 0.006899 0.020664 0.680332 0.278194 0.013910
2 3 0.008621 0.030105 0.737901 0.205322 0.018050
2 3 0.004478 0.017071 0.775121 0.195395 0.007936
2 3 0.002711 0.010716 0.781416 0.199956 0.005200
2 1 0.003314 0.010996 0.718059 0.261781 0.005850
2 1 0.002144 0.011759 0.876436 0.106572 0.003089
2 1 0.005310 0.040721 0.907094 0.041247 0.005628
2 2 0.018261 0.111198 0.794766 0.050241 0.025534
2 2 0.031188 0.169602 0.697500 0.051864 0.049846
2 2 0.060239 0.283562 0.468486 0.036065 0.151648
2 2 0.048370 0.262111 0.532830 0.032139 0.124550
2 2 0.060352 0.286215 0.461814 0.034491 0.157128
2 2 0.068191 0.293064 0.433777 0.039574 0.165394
2 2 0.100719 0.311891 0.327447 0.056530 0.203414
2 2 0.091060 0.316331 0.328256 0.042406 0.221948
2 2 0.064082 0.301250 0.414303 0.029186 0.191180
2 2 0.038742 0.242081 0.586618 0.027175 0.105384
2 2 0.035280 0.234253 0.606423 0.024991 0.099054
2 2 0.033322 0.233152 0.611005 0.022257 0.100265
2 2 0.054216 0.268916 0.509877 0.036957 0.130033
2 2 0.040891 0.257048 0.552738 0.023759 0.125564
2 2 0.030516 0.222300 0.635215 0.021874 0.090095
2 2 0.038360 0.243526 0.584293 0.025896 0.107925
2 2 0.045812 0.255127 0.550761 0.032002 0.116297
2 2 0.040447 0.235604 0.595515 0.033513 0.094921
2 2 0.035453 0.222464 0.626813 0.030993 0.084277
2 2 0.026308 0.204261 0.673197 0.021273 0.074962
2 2 0.022074 0.205541 0.675329 0.013597 0.083459
2 2 0.017777 0.202515 0.681616 0.008438 0.089654
2 2 0.015567 0.218559 0.637635 0.004383 0.123856
2 2 0.014028 0.242659 0.544497 0.001959 0.196857
2 2 0.017126 0.268555 0.427920 0.001652 0.284747
2 2 0.019078 0.275953 0.389305 0.001727 0.313938
4 2 0.027358 0.292227 0.330406 0.002775 0.347234
4 2 0.029900 0.295001 0.292322 0.002796 0.379981
4 2 0.030846 0.293997 0.261927 0.002587 0.410643
4 2 0.033973 0.299567 0.282086 0.003471 0.380902
4 2 0.027096 0.286347 0.244306 0.001829 0.440422
4 2 0.029827 0.287473 0.225460 0.002032 0.455207
4 2 0.048859 0.298455 0.182977 0.004498 0.465211
4 2 0.076843 0.288069 0.115987 0.007719 0.511382
4 2 0.089706 0.294296 0.117379 0.007853 0.490765
4 2 0.129455 0.324230 0.167083 0.011022 0.368210
4 2 0.068999 0.317876 0.213379 0.008795 0.390952
4 2 0.052504 0.302137 0.186155 0.005317 0.453887
4 2 0.064092 0.302671 0.163242 0.007109 0.462887
4 2 0.046167 0.304469 0.219441 0.004842 0.425081
4 2 0.037804 0.299624 0.239126 0.003525 0.419920
4 2 0.059626 0.311400 0.206081 0.007755 0.415139
4 2 0.086025 0.298999 0.130000 0.010840 0.474135
1 2 0.169584 0.318358 0.204109 0.056180 0.251768
1 2 0.125939 0.314865 0.264467 0.069278 0.225452
1 2 0.131654 0.321536 0.241097 0.052774 0.252940
1 2 0.081630 0.323294 0.293291 0.025615 0.276171
1 2 0.059256 0.318101 0.309354 0.013192 0.300096
4 2 0.044861 0.303479 0.220189 0.004577 0.426895
4 2 0.049110 0.307119 0.221065 0.005558 0.417147
4 2 0.055588 0.303406 0.182805 0.005885 0.452317
4 4 0.060524 0.300729 0.163656 0.006314 0.468777
4 4 0.045858 0.301177 0.204116 0.004412 0.444437
4 4 0.034513 0.290183 0.207593 0.002503 0.465207
4 4 0.033089 0.265421 0.137112 0.001578 0.562800
4 4 0.043004 0.237663 0.076608 0.001747 0.640979
4 4 0.039276 0.216596 0.058928 0.001241 0.683959
4 4 0.036482 0.209021 0.054703 0.001028 0.698766
4 4 0.039358 0.216811 0.059052 0.001248 0.683533
4 1 0.052032 0.246515 0.078251 0.002591 0.620610
4 1 0.083097 0.295750 0.125528 0.009753 0.485873
4 1 0.116964 0.320110 0.177413 0.030166 0.355346
1 1 0.166796 0.319546 0.201350 0.052632 0.259676
1 1 0.187677 0.316931 0.201087 0.055144 0.239160
1 1 0.190432 0.317172 0.199221 0.053331 0.239845
1 1 0.177270 0.318230 0.201751 0.054431 0.248319
1 1 0.145320 0.313257 0.221245 0.076644 0.243534
1 1 0.138272 0.313214 0.240291 0.076762 0.231461
1 1 0.115756 0.309607 0.302812 0.072467 0.199357
2 2 0.104220 0.310552 0.324514 0.061469 0.199245
2 2 0.089774 0.309657 0.354072 0.048872 0.197625
2 2 0.088979 0.307988 0.360443 0.049902 0.192688
2 0 0.091773 0.307639 0.356506 0.053164 0.190918
1 0 0.240574 0.313054 0.127940 0.007186 0.311245
4 1 0.073960 0.321512 0.225156 0.011086 0.368286
4 1 0.043596 0.290828 0.172916 0.003367 0.489293
4 1 0.033894 0.284912 0.189129 0.002198 0.489867
4 2 0.031038 0.287933 0.218739 0.002132 0.460158
4 2 0.023656 0.285864 0.303461 0.001820 0.385199
4 2 0.024800 0.287048 0.288423 0.001872 0.397857
4 2 0.025398 0.288710 0.300974 0.002080 0.382838
2 2 0.017249 0.270411 0.411445 0.001553 0.299342
2 2 0.018079 0.270945 0.424117 0.001815 0.285044
2 2 0.018447 0.270917 0.431050 0.001956 0.277629
2 2 0.019742 0.271227 0.447401 0.002438 0.259192
2 2 0.031324 0.291770 0.407352 0.005334 0.264220
2 2 0.052675 0.313019 0.343880 0.012127 0.278300
1 2 0.080826 0.324403 0.293556 0.021341 0.279874
1 2 0.091250 0.326859 0.302081 0.019586 0.260224
2 2 0.079084 0.314856 0.368755 0.024809 0.212497
2 2 0.069068 0.307595 0.387749 0.029887 0.205701
2 1 0.066249 0.307842 0.388515 0.026977 0.210416
2 1 0.075334 0.313105 0.360464 0.031491 0.219606
1 2 0.097775 0.325871 0.288019 0.028306 0.260030
1 2 0.106273 0.325815 0.250643 0.034362 0.282907
1 2 0.101741 0.327174 0.255757 0.028091 0.287237
1 2 0.094875 0.322553 0.289839 0.036741 0.255992
2 2 0.088141 0.313261 0.344581 0.043320 0.210698
2 2 0.087291 0.310499 0.355450 0.045497 0.201263
2 2 0.075670 0.297128 0.411946 0.045463 0.169792
2 1 0.064103 0.281309 0.467628 0.042947 0.144013
2 1 0.037892 0.225746 0.616628 0.034127 0.085608
2 1 0.020470 0.170489 0.736191 0.022397 0.050452
2 2 0.066607 0.299420 0.417919 0.033127 0.182927
2 2 0.056272 0.289387 0.457460 0.027680 0.169200
2 2 0.048947 0.273652 0.505919 0.026935 0.144548
2 2 0.074626 0.303177 0.396843 0.039117 0.186236
1 2 0.099672 0.321116 0.291711 0.042468 0.245033
1 2 0.115805 0.327707 0.245595 0.031490 0.279402
4 1 0.150809 0.318854 0.144578 0.013228 0.372531
4 1 0.217031 0.310321 0.118476 0.008535 0.345636
4 1 0.104289 0.322998 0.198370 0.026159 0.348184
2 2 0.047234 0.297164 0.429985 0.015120 0.210497
2 2 0.026676 0.244393 0.586372 0.010497 0.132062
2 2 0.027566 0.236352 0.607263 0.013253 0.115566
2 2 0.048515 0.268123 0.519537 0.029140 0.134686
2 2 0.067979 0.285590 0.451760 0.045074 0.149597
2 2 0.066990 0.284097 0.456702 0.044880 0.147331
2 2 0.060963 0.280212 0.475140 0.039305 0.144379
2 2 0.052390 0.271113 0.507888 0.032951 0.135657
2 1 0.061064 0.290717 0.450532 0.031578 0.166108
2 1 0.060070 0.304601 0.403689 0.023150 0.208490
2 1 0.052514 0.311114 0.360549 0.013159 0.262663
1 1 0.075249 0.323543 0.276671 0.019146 0.305392
1 1 0.093748 0.331112 0.261091 0.010164 0.303885
2 1 0.080725 0.317966 0.375719 0.013697 0.211893
2 2 0.127944 0.320789 0.324545 0.026272 0.200451
2 2 0.128393 0.281054 0.402293 0.069903 0.118357
2 2 0.096396 0.298111 0.369657 0.069603 0.166233
2 2 0.041134 0.237157 0.591588 0.033924 0.096198
2 1 0.046698 0.249206 0.560316 0.036921 0.106858
2 1 0.051114 0.259900 0.532833 0.037775 0.118379
2 1 0.060497 0.266530 0.501628 0.048096 0.123249
2 2 0.090220 0.312635 0.343594 0.045965 0.207587
1 2 0.075238 0.322008 0.304214 0.022385 0.276155
2 2 0.058871 0.309650 0.379979 0.019151 0.232349
2 2 0.074828 0.302452 0.354141 0.004755 0.263824
2 1 0.114462 0.321205 0.369497 0.006584 0.188252
2 1 0.088312 0.311026 0.411971 0.013204 0.175488
