0 0 0.934973 0.015243 0.005517 0.001659 0.042607
0 0 0.949016 0.011187 0.005613 0.010500 0.023683
0 0 0.952294 0.007628 0.004292 0.020280 0.015505
0 0 0.916160 0.012411 0.005490 0.018757 0.047182
0 0 0.887873 0.018263 0.008528 0.024668 0.060668
0 0 0.929321 0.010769 0.005358 0.023062 0.031490
0 0 0.860826 0.017145 0.006629 0.019812 0.095588
0 0 0.769473 0.015112 0.003241 0.001495 0.210679
0 0 0.751493 0.021554 0.004979 0.001423 0.220552
0 0 0.714488 0.037389 0.011012 0.003715 0.233396
0 0 0.486493 0.074351 0.020504 0.001887 0.416766
4 1 0.339153 0.114041 0.040373 0.008272 0.498160
4 1 0.133385 0.160271 0.076607 0.010750 0.618987
4 1 0.082391 0.164077 0.170047 0.026774 0.556711
2 1 0.030391 0.126143 0.445994 0.100942 0.296528
2 1 0.004757 0.069066 0.723682 0.125866 0.076629
2 1 0.003150 0.065315 0.770510 0.102745 0.058279
2 1 0.008819 0.143117 0.665347 0.051714 0.131004
2 1 0.011609 0.195973 0.603160 0.034012 0.155246
2 1 0.013184 0.150191 0.620433 0.101502 0.114690
2 1 0.018483 0.152909 0.570967 0.112942 0.144699
2 1 0.025896 0.092251 0.469675 0.244583 0.167595
2 1 0.020549 0.102101 0.520039 0.188394 0.168918
2 1 0.025628 0.130858 0.496456 0.118527 0.228531
2 1 0.020010 0.164999 0.530544 0.060346 0.224102
2 1 0.007980 0.114250 0.680621 0.064151 0.132998
2 1 0.012018 0.137524 0.618303 0.060344 0.171811
2 1 0.017598 0.147625 0.539863 0.054546 0.240368
4 1 0.034649 0.183163 0.364032 0.033603 0.384553
4 1 0.038262 0.217052 0.332079 0.025054 0.387553
2 1 0.034996 0.170287 0.434131 0.081108 0.279477
4 1 0.038946 0.177075 0.348187 0.038653 0.397138
4 1 0.058060 0.151877 0.177887 0.016184 0.595992
4 1 0.049975 0.178147 0.234486 0.019648 0.517743
4 1 0.062823 0.224945 0.308492 0.057740 0.345999
2 1 0.042743 0.215851 0.375797 0.051226 0.314383
2 1 0.035962 0.196516 0.401928 0.049671 0.315923
2 1 0.028316 0.181869 0.485344 0.081392 0.223080
2 1 0.023761 0.164070 0.516564 0.085272 0.210333
2 1 0.015327 0.089022 0.553524 0.208666 0.133461
2 2 0.005707 0.032764 0.517521 0.394922 0.049086
2 2 0.006269 0.033624 0.502123 0.404109 0.053874
3 2 0.004790 0.022085 0.439735 0.497622 0.035768
3 2 0.005281 0.014319 0.295179 0.660122 0.025099
3 2 0.010653 0.023594 0.289846 0.638565 0.037342
3 2 0.014071 0.031249 0.306942 0.599722 0.048017
3 2 0.014273 0.032984 0.317609 0.584005 0.051130
3 3 0.020832 0.045298 0.321943 0.545710 0.066217
3 3 0.024241 0.054528 0.335939 0.506345 0.078948
3 3 0.013956 0.028735 0.288054 0.625933 0.043323
3 3 0.012038 0.024878 0.280365 0.644572 0.038147
3 3 0.007322 0.011400 0.191075 0.773203 0.017000
3 3 0.006710 0.009809 0.175193 0.793800 0.014488
3 3 0.005586 0.007942 0.161753 0.812872 0.011846
3 3 0.006058 0.007248 0.138537 0.837959 0.010198
3 3 0.004383 0.004551 0.108123 0.876612 0.006330
3 3 0.004948 0.006087 0.134374 0.845788 0.008803
3 3 0.005181 0.007037 0.151011 0.826340 0.010432
3 3 0.006292 0.006917 0.128198 0.849134 0.009459
3 3 0.004994 0.005927 0.129738 0.850868 0.008474
3 3 0.005864 0.005131 0.098286 0.884120 0.006599
3 3 0.010588 0.006949 0.086134 0.888574 0.007755
3 3 0.009827 0.006188 0.080448 0.896670 0.006867
3 3 0.005156 0.003458 0.070458 0.916776 0.004153
3 3 0.004993 0.003373 0.070317 0.917245 0.004072
3 3 0.004602 0.003727 0.083752 0.903128 0.004790
3 3 0.004434 0.003747 0.086748 0.900175 0.004895
3 3 0.004729 0.003847 0.084891 0.901596 0.004938
3 3 0.004939 0.004306 0.092823 0.892311 0.005621
3 3 0.005807 0.004488 0.085566 0.898574 0.005565
3 3 0.005472 0.004502 0.089956 0.894348 0.005721
3 3 0.006539 0.005463 0.096650 0.884490 0.006858
3 3 0.007580 0.005716 0.090465 0.889376 0.006862
3 3 0.009079 0.006216 0.086064 0.891513 0.007128
3 3 0.010174 0.005661 0.070956 0.907175 0.006034
3 3 0.007581 0.004218 0.064686 0.918896 0.004620
3 3 0.006541 0.003979 0.068184 0.916757 0.004539
3 3 0.006643 0.003800 0.063977 0.921330 0.004249
3 3 0.006104 0.003079 0.054069 0.933410 0.003339
3 3 0.004238 0.002348 0.053416 0.937289 0.002709
3 3 0.006567 0.004239 0.072921 0.911352 0.004922
3 3 0.006243 0.004563 0.082311 0.901357 0.005526
3 3 0.007351 0.005930 0.096445 0.882989 0.007286
3 3 0.004951 0.004280 0.092032 0.893166 0.005571
3 3 0.003835 0.003212 0.082053 0.906658 0.004241
3 3 0.005076 0.003480 0.071863 0.915367 0.004215
3 3 0.004617 0.002886 0.062889 0.926180 0.003428
3 3 0.010830 0.003676 0.041545 0.940599 0.003350
3 3 0.016425 0.005455 0.046265 0.927102 0.004752
3 3 0.009592 0.003900 0.049021 0.933689 0.003798
3 3 0.071442 0.068154 0.228382 0.539050 0.092972
3 3 0.150284 0.087113 0.207339 0.374693 0.180571
3 3 0.212656 0.095957 0.174914 0.299070 0.217404
4 3 0.107753 0.127262 0.266418 0.189190 0.309376
2 3 0.056661 0.131123 0.350246 0.332958 0.129012
3 3 0.019327 0.039447 0.305197 0.591725 0.044304
3 3 0.031179 0.040380 0.226304 0.652910 0.049227
3 3 0.025794 0.037273 0.240207 0.648934 0.047792
3 3 0.044745 0.064199 0.275255 0.528433 0.087368
3 3 0.042145 0.067063 0.280827 0.525058 0.084907
3 3 0.024194 0.033590 0.229035 0.670276 0.042904
3 3 0.028180 0.043649 0.258762 0.612950 0.056458
3 2 0.034227 0.060259 0.293406 0.533364 0.078745
3 2 0.023662 0.038713 0.262719 0.623095 0.051810
3 2 0.027633 0.053237 0.310222 0.533548 0.075360
3 2 0.019466 0.042990 0.322527 0.551428 0.063589
3 2 0.020684 0.038293 0.283980 0.603295 0.053748
3 2 0.045168 0.081163 0.337895 0.398154 0.137620
3 2 0.034168 0.053924 0.274821 0.566198 0.070889
3 2 0.023266 0.037865 0.260766 0.627404 0.050698
2 2 0.038336 0.114235 0.411636 0.316351 0.119443
2 2 0.019538 0.077738 0.464496 0.338465 0.099763
3 2 0.013849 0.040611 0.379515 0.512823 0.053202
3 2 0.021346 0.046308 0.322469 0.542417 0.067460
3 2 0.010396 0.024534 0.304154 0.621320 0.039595
3 2 0.010668 0.019909 0.249505 0.689844 0.030073
3 2 0.019472 0.031852 0.253125 0.652005 0.043547
3 2 0.012576 0.019310 0.216744 0.724206 0.027164
3 2 0.017216 0.028576 0.249956 0.664506 0.039746
3 2 0.019483 0.033920 0.266998 0.632445 0.047154
3 2 0.027147 0.043629 0.265061 0.606937 0.057225
3 2 0.017116 0.022124 0.198460 0.733571 0.028730
3 2 0.012568 0.017101 0.193063 0.754017 0.023251
3 2 0.013605 0.016895 0.180216 0.767081 0.022202
3 2 0.010296 0.012584 0.164662 0.795533 0.016924
3 3 0.007983 0.012787 0.201048 0.759122 0.019060
3 3 0.012895 0.019108 0.210871 0.730581 0.026545
3 3 0.010594 0.018437 0.233672 0.709961 0.027335
3 3 0.012019 0.017817 0.207307 0.737924 0.024933
3 3 0.011104 0.015765 0.194894 0.756270 0.021967
3 3 0.004444 0.009096 0.218159 0.752894 0.015407
3 3 0.003277 0.006730 0.201424 0.776811 0.011758
3 3 0.005491 0.008917 0.184128 0.787616 0.013846
3 3 0.010567 0.015763 0.201864 0.749420 0.022387
3 3 0.011384 0.012186 0.147936 0.812881 0.015614
3 3 0.011614 0.013147 0.157485 0.800665 0.017089
3 3 0.006013 0.007425 0.142862 0.833148 0.010552
3 3 0.003354 0.003987 0.115223 0.871514 0.005922
3 3 0.003893 0.004015 0.103507 0.882948 0.005637
3 3 0.007122 0.007192 0.121562 0.854647 0.009477
3 3 0.008604 0.008280 0.122177 0.850374 0.010565
3 3 0.024492 0.016197 0.110916 0.831679 0.016715
3 3 0.027808 0.016909 0.109424 0.827960 0.017899
3 3 0.023153 0.017297 0.130376 0.809047 0.020127
3 3 0.021883 0.013524 0.100034 0.850728 0.013831
3 3 0.028848 0.027058 0.165046 0.748645 0.030404
3 3 0.013530 0.015891 0.170295 0.779722 0.020563
3 3 0.005508 0.008390 0.172805 0.800513 0.012785
3 3 0.017826 0.019550 0.170931 0.767564 0.024129
3 3 0.010038 0.009504 0.125629 0.842939 0.011891
3 3 0.008930 0.022765 0.314292 0.615896 0.038118
3 3 0.011129 0.026465 0.310260 0.609664 0.042483
3 3 0.015464 0.033316 0.304757 0.596202 0.050261
3 3 0.012315 0.025712 0.284156 0.638380 0.039438
3 3 0.012170 0.022511 0.255086 0.676776 0.033456
3 3 0.009584 0.013608 0.187540 0.770024 0.019244
3 3 0.015965 0.024878 0.232384 0.692491 0.034282
3 3 0.025243 0.028057 0.188386 0.724774 0.033540
3 3 0.026823 0.024600 0.158654 0.762252 0.027671
3 3 0.077630 0.053874 0.159549 0.653910 0.055037
3 3 0.041688 0.027845 0.128521 0.774628 0.027319
3 3 0.023694 0.036094 0.247633 0.648144 0.044435
3 3 0.009632 0.022229 0.293812 0.638371 0.035956
3 3 0.006134 0.025809 0.430379 0.499127 0.038551
2 3 0.015232 0.060143 0.458419 0.382153 0.084053
2 2 0.011793 0.076943 0.566454 0.247956 0.096853
2 2 0.034841 0.104578 0.406304 0.313616 0.140662
2 4 0.041377 0.168761 0.419128 0.116991 0.253742
4 4 0.057472 0.179443 0.330173 0.079640 0.353272
2 4 0.052243 0.193640 0.345959 0.067907 0.340251
4 4 0.056675 0.192070 0.277103 0.037680 0.436471
4 4 0.065409 0.161343 0.245624 0.045252 0.482372
4 4 0.053643 0.151224 0.262280 0.038892 0.493961
4 4 0.054870 0.159245 0.223623 0.024305 0.537956
4 4 0.039746 0.195057 0.300871 0.022359 0.441967
4 4 0.055426 0.259951 0.268845 0.023539 0.392239
4 4 0.045024 0.254891 0.329654 0.029826 0.340606
4 4 0.041169 0.232941 0.305873 0.020825 0.399192
4 4 0.053713 0.199761 0.251534 0.024004 0.470988
4 4 0.085381 0.203062 0.154793 0.017278 0.539486
4 4 0.110258 0.109237 0.029854 0.001828 0.748824
4 4 0.104796 0.127483 0.039426 0.002358 0.725937
4 4 0.116675 0.124163 0.037454 0.002731 0.718978
4 4 0.114748 0.115940 0.033141 0.002257 0.733913
4 4 0.102196 0.133042 0.042635 0.002486 0.719641
4 4 0.106594 0.138623 0.045873 0.002980 0.705930
4 4 0.129544 0.139625 0.046267 0.004476 0.680088
4 4 0.145995 0.169790 0.066955 0.009788 0.607471
4 4 0.121198 0.236752 0.133481 0.021324 0.487245
2 4 0.035074 0.201621 0.391403 0.040719 0.331184
2 4 0.032529 0.191761 0.393228 0.036956 0.345526
2 4 0.042820 0.201519 0.382456 0.059870 0.313336
2 4 0.057577 0.257986 0.330252 0.053468 0.300718
2 4 0.040743 0.208855 0.409087 0.070478 0.270838
2 4 0.013936 0.133379 0.609482 0.106563 0.136641
2 4 0.021185 0.144607 0.542594 0.121780 0.169834
2 2 0.022810 0.140972 0.527697 0.153995 0.154527
2 2 0.033805 0.162884 0.463932 0.156041 0.183338
2 2 0.050425 0.218669 0.369909 0.073045 0.287953
2 2 0.048234 0.230184 0.388570 0.079967 0.253044
2 2 0.043485 0.212001 0.417810 0.100530 0.226174
4 2 0.197835 0.237656 0.131376 0.030146 0.402987
0 2 0.437646 0.191560 0.158903 0.087352 0.124539
0 0 0.753911 0.067865 0.044805 0.051825 0.081594
0 0 0.810631 0.023376 0.012532 0.078488 0.074973
0 0 0.927320 0.009925 0.007518 0.044922 0.010315
0 0 0.781990 0.023811 0.014328 0.117671 0.062199
0 0 0.848705 0.019058 0.010800 0.070364 0.051074
0 0 0.916513 0.017438 0.008911 0.017931 0.039208
0 0 0.824875 0.022990 0.011766 0.062195 0.078175
0 0 0.480457 0.043315 0.010725 0.003339 0.462163
4 0 0.418927 0.049091 0.012038 0.002967 0.516977
4 0 0.428711 0.040417 0.008952 0.001987 0.519933
4 0 0.409535 0.032272 0.006137 0.001037 0.551018
4 0 0.397237 0.034236 0.006630 0.001097 0.560800
4 0 0.483377 0.022110 0.003746 0.000711 0.490056
4 0 0.449153 0.021770 0.003499 0.000549 0.525028
4 0 0.415222 0.015342 0.001959 0.000204 0.567273
4 0 0.215749 0.016792 0.001808 0.000066 0.765585
4 0 0.136822 0.060538 0.012009 0.000582 0.790050
4 0 0.206865 0.215105 0.126407 0.059731 0.391892
4 0 0.103188 0.233876 0.128756 0.013925 0.520255
2 1 0.052477 0.265856 0.335811 0.044286 0.301571
2 1 0.039007 0.251014 0.359666 0.030279 0.320035
2 1 0.026006 0.175976 0.500003 0.080596 0.217419
2 1 0.019203 0.142443 0.559387 0.129058 0.149910
2 2 0.009722 0.102672 0.646255 0.143939 0.097411
2 2 0.014861 0.118741 0.586887 0.163072 0.116439
2 2 0.010490 0.086543 0.610447 0.195503 0.097018
2 2 0.019286 0.122664 0.543157 0.183087 0.131808
2 2 0.021605 0.137494 0.534538 0.162140 0.144222
2 2 0.009638 0.088484 0.629641 0.177496 0.094740
2 2 0.008006 0.083606 0.655299 0.165495 0.087594
2 2 0.008817 0.064648 0.593554 0.252180 0.080800
2 2 0.015080 0.056539 0.446376 0.404881 0.077124
3 2 0.022269 0.048936 0.327294 0.530337 0.071165
3 2 0.015066 0.032305 0.302172 0.601641 0.048816
3 2 0.018094 0.038311 0.308843 0.578219 0.056532
3 2 0.011906 0.027507 0.307061 0.610028 0.043499
3 2 0.007649 0.020121 0.312346 0.625343 0.034542
3 2 0.007167 0.018806 0.307376 0.634163 0.032488
3 2 0.010841 0.024504 0.295941 0.629794 0.038920
3 2 0.012805 0.032451 0.335051 0.569284 0.050409
3 2 0.012892 0.030848 0.320563 0.586894 0.048803
3 2 0.012360 0.025226 0.278924 0.645048 0.038443
3 2 0.008041 0.026782 0.381059 0.545950 0.038168
3 2 0.010539 0.032427 0.376322 0.535160 0.045553
3 2 0.006741 0.020556 0.343820 0.597634 0.031250
3 3 0.016447 0.029174 0.262340 0.650522 0.041517
3 3 0.014071 0.021184 0.218615 0.716834 0.029296
3 3 0.009060 0.013452 0.193052 0.765060 0.019376
3 3 0.005823 0.007776 0.153492 0.821567 0.011342
3 3 0.005594 0.008789 0.179047 0.793077 0.013493
3 3 0.003901 0.007501 0.198083 0.777871 0.012643
3 3 0.002964 0.005794 0.186420 0.794745 0.010078
3 3 0.003193 0.005811 0.177202 0.803963 0.009831
3 3 0.004950 0.007986 0.177681 0.796880 0.012502
3 3 0.005361 0.006940 0.145112 0.832477 0.010111
3 3 0.003850 0.005601 0.148659 0.833174 0.008716
3 3 0.005713 0.009930 0.199094 0.769603 0.015660
3 3 0.008089 0.012878 0.200557 0.759339 0.019137
3 3 0.008515 0.012823 0.192547 0.767455 0.018660
3 3 0.008481 0.011009 0.165880 0.799274 0.015356
3 3 0.008261 0.009563 0.146465 0.822776 0.012935
3 3 0.006324 0.007788 0.144592 0.830288 0.011007
3 3 0.005311 0.005909 0.123431 0.857109 0.008241
3 3 0.006059 0.006080 0.115036 0.864705 0.008120
3 3 0.004762 0.004266 0.094531 0.890808 0.005633
3 3 0.006894 0.004609 0.076977 0.906135 0.005385
3 3 0.005795 0.004622 0.088529 0.895265 0.005788
3 3 0.008849 0.006957 0.099241 0.876619 0.008335
3 3 0.009858 0.007938 0.105198 0.867525 0.009482
3 3 0.006639 0.007064 0.125828 0.850953 0.009517
3 3 0.005692 0.007245 0.145117 0.831502 0.010444
3 3 0.004162 0.005596 0.140111 0.841686 0.008446
3 3 0.004201 0.005100 0.126176 0.857061 0.007462
3 3 0.007346 0.005189 0.083421 0.897917 0.006127
3 3 0.018519 0.012843 0.107849 0.846975 0.013813
3 3 0.019336 0.019874 0.163662 0.773248 0.023880
3 3 0.026498 0.021350 0.138935 0.790054 0.023164
3 3 0.017455 0.014919 0.132080 0.818380 0.017166
3 3 0.006849 0.008815 0.154833 0.816981 0.012522
3 3 0.005334 0.007963 0.167787 0.806815 0.012101
3 3 0.004977 0.007062 0.156147 0.821168 0.010645
3 3 0.006025 0.007212 0.138388 0.838221 0.010154
3 3 0.007259 0.007437 0.124139 0.851341 0.009824
3 3 0.006174 0.006242 0.116622 0.862622 0.008341
3 3 0.007568 0.006636 0.106464 0.870996 0.008336
3 3 0.008416 0.007272 0.108208 0.867099 0.009005
3 3 0.009492 0.008979 0.123485 0.846752 0.011292
3 3 0.011962 0.008945 0.102930 0.865902 0.010262
3 3 0.014208 0.007872 0.078259 0.891541 0.008120
3 3 0.011274 0.005806 0.067222 0.909713 0.005986
3 3 0.126125 0.079386 0.177796 0.517092 0.099600
3 3 0.171899 0.151385 0.199532 0.274600 0.202583
3 3 0.122820 0.106945 0.212598 0.423907 0.133730
3 3 0.071619 0.041784 0.127304 0.721513 0.037779
3 3 0.007559 0.003278 0.048838 0.936996 0.003328
3 3 0.006427 0.002966 0.049732 0.937759 0.003116
3 3 0.007152 0.003422 0.053606 0.932222 0.003598
3 3 0.007550 0.003898 0.059414 0.924963 0.004175
3 3 0.006777 0.003626 0.059741 0.925892 0.003965
3 3 0.006023 0.002851 0.050122 0.937968 0.003036
3 3 0.005751 0.002625 0.047368 0.941480 0.002776
3 3 0.005128 0.002085 0.040021 0.950615 0.002151
3 3 0.009569 0.003624 0.045196 0.938158 0.003454
3 3 0.005715 0.002555 0.046177 0.942868 0.002686
3 3 0.010450 0.005041 0.061030 0.918348 0.005131
3 3 0.007067 0.004074 0.065804 0.918516 0.004539
3 3 0.017722 0.010890 0.093559 0.866483 0.011347
3 3 0.016768 0.008773 0.077258 0.888444 0.008756
3 3 0.012002 0.004738 0.050917 0.927864 0.004479
3 3 0.011787 0.003525 0.036959 0.944663 0.003066
3 3 0.043865 0.009551 0.044231 0.894247 0.008106
3 3 0.172400 0.030881 0.057379 0.712094 0.027247
0 3 0.349339 0.131776 0.105191 0.254802 0.158892
3 3 0.205851 0.172359 0.160654 0.315817 0.145318
3 3 0.177674 0.173652 0.181758 0.312154 0.154763
3 2 0.047327 0.079590 0.291157 0.483184 0.098741
3 2 0.022293 0.040173 0.281446 0.600568 0.055521
3 2 0.023929 0.041600 0.276669 0.601300 0.056502
3 2 0.011926 0.021205 0.245067 0.690560 0.031242
3 2 0.013778 0.025516 0.262414 0.660852 0.037440
3 2 0.008427 0.014704 0.221343 0.733195 0.022331
3 2 0.015367 0.024351 0.233923 0.692513 0.033846
3 2 0.017450 0.025981 0.227441 0.694101 0.035026
3 2 0.012386 0.025314 0.279378 0.644339 0.038583
3 2 0.014859 0.044408 0.387180 0.491229 0.062324
3 2 0.013423 0.036593 0.357205 0.538726 0.054053
2 2 0.021151 0.087235 0.470528 0.310710 0.110377
2 4 0.037293 0.156840 0.396721 0.068344 0.340801
4 4 0.054572 0.208734 0.321948 0.051991 0.362755
4 4 0.095608 0.196120 0.180329 0.034119 0.493825
4 4 0.111405 0.165048 0.122242 0.022479 0.578825
4 4 0.100585 0.141702 0.094032 0.012205 0.651475
4 4 0.107291 0.145071 0.086310 0.011132 0.650196
4 4 0.095406 0.123495 0.066864 0.006294 0.707941
4 4 0.067665 0.085108 0.044470 0.002337 0.800420
4 4 0.058227 0.080145 0.053267 0.002805 0.805557
4 4 0.078979 0.086948 0.036509 0.001931 0.795632
4 4 0.103384 0.120738 0.050141 0.004124 0.721613
4 4 0.138774 0.215460 0.108845 0.019612 0.517309
4 4 0.093413 0.248870 0.148371 0.014859 0.494487
4 4 0.107484 0.181367 0.086729 0.008338 0.616082
4 4 0.079554 0.128787 0.111565 0.012782 0.667312
4 4 0.070290 0.113023 0.108421 0.011315 0.696950
4 4 0.084296 0.125727 0.098098 0.011117 0.680762
4 4 0.143851 0.165549 0.063734 0.008801 0.618065
4 4 0.109516 0.190554 0.083776 0.007525 0.608629
4 4 0.096158 0.219003 0.111551 0.009247 0.564040
4 4 0.099690 0.219219 0.111751 0.009998 0.559344
4 4 0.095943 0.235385 0.130509 0.012237 0.525927
4 4 0.143828 0.167730 0.065363 0.009137 0.613942
4 4 0.116631 0.185997 0.121004 0.020666 0.555702
4 4 0.088651 0.218111 0.173949 0.023061 0.496229
4 4 0.051330 0.233682 0.310547 0.035118 0.369323
2 4 0.044158 0.240276 0.369327 0.046642 0.299598
2 4 0.054220 0.221171 0.334998 0.056042 0.333569
4 4 0.069191 0.230057 0.287288 0.055057 0.358407
2 4 0.060654 0.211218 0.332159 0.076971 0.318997
2 4 0.034608 0.174699 0.419437 0.063156 0.308100
2 4 0.047551 0.187707 0.365572 0.070071 0.329098
2 4 0.054207 0.179797 0.347430 0.084689 0.333879
2 4 0.036531 0.137161 0.437018 0.173629 0.215662
2 4 0.029541 0.131698 0.474824 0.153406 0.210531
2 2 0.038532 0.163704 0.426593 0.106216 0.264954
2 2 0.026232 0.148331 0.489267 0.088769 0.247401
2 2 0.026170 0.169130 0.505101 0.096415 0.203183
2 2 0.017259 0.127121 0.566440 0.165082 0.124097
2 2 0.028025 0.139943 0.489579 0.187152 0.155301
2 2 0.045951 0.139215 0.395105 0.160746 0.258983
2 2 0.041182 0.153013 0.418955 0.142497 0.244352
2 2 0.045079 0.186161 0.396870 0.092958 0.278931
2 2 0.067852 0.172003 0.325564 0.140017 0.294565
2 2 0.061995 0.189767 0.348186 0.126698 0.273355
2 2 0.046460 0.174927 0.405485 0.193388 0.179740
2 2 0.036526 0.223287 0.454000 0.101503 0.184684
2 2 0.033102 0.164874 0.467186 0.170830 0.164008
2 2 0.033380 0.171654 0.455845 0.095895 0.243226
2 2 0.026745 0.155101 0.500084 0.110398 0.207671
4 2 0.066473 0.234858 0.240631 0.027678 0.430359
4 2 0.076581 0.300619 0.261816 0.040479 0.320505
2 2 0.115551 0.258849 0.268599 0.163347 0.193654
2 2 0.074719 0.207207 0.335577 0.184275 0.198223
3 2 0.036236 0.093949 0.370973 0.371057 0.127786
2 2 0.011818 0.076432 0.565309 0.250859 0.095582
2 2 0.009410 0.081901 0.622354 0.193767 0.092569
2 2 0.006430 0.061785 0.648707 0.211326 0.071751
2 2 0.007587 0.075815 0.652525 0.182798 0.081276
2 2 0.009229 0.077028 0.619976 0.210031 0.083737
2 2 0.023708 0.113421 0.499033 0.247766 0.116072
2 2 0.022477 0.126433 0.521304 0.204394 0.125393
2 2 0.019540 0.095678 0.507219 0.268745 0.108817
2 2 0.011039 0.065905 0.552926 0.290231 0.079899
2 2 0.025008 0.092177 0.448207 0.323254 0.111354
3 2 0.029226 0.069077 0.355314 0.460356 0.086027
3 2 0.037191 0.071634 0.314057 0.482408 0.094711
2 2 0.050746 0.109522 0.346767 0.327100 0.165864
3 2 0.032901 0.075736 0.348032 0.437244 0.106087
3 2 0.032472 0.082102 0.369629 0.399123 0.116675
2 2 0.020030 0.072102 0.443343 0.371824 0.092702
2 2 0.021008 0.074303 0.440427 0.370709 0.093554
2 2 0.021457 0.106275 0.504191 0.248461 0.119616
2 2 0.013126 0.090041 0.572479 0.218406 0.105947
2 2 0.013280 0.077770 0.543393 0.264691 0.100866
2 2 0.027462 0.100573 0.449603 0.301049 0.121313
3 0 0.041642 0.075119 0.328339 0.441013 0.113887
3 2 0.062904 0.076616 0.253501 0.508655 0.098323
3 2 0.050100 0.047381 0.186432 0.665797 0.050290
3 2 0.041290 0.089580 0.341926 0.422560 0.104644
3 2 0.019436 0.050807 0.366531 0.500246 0.062980
3 2 0.017269 0.038358 0.318306 0.570030 0.056036
3 2 0.008313 0.018997 0.282093 0.659469 0.031127
3 2 0.012432 0.026778 0.292279 0.627138 0.041374
3 2 0.012100 0.023347 0.264463 0.664968 0.035123
3 2 0.011433 0.027640 0.316458 0.603352 0.041116
3 2 0.015391 0.030302 0.282870 0.626771 0.044666
3 2 0.013165 0.029292 0.303598 0.608582 0.045364
3 2 0.010651 0.035120 0.395153 0.505188 0.053888
2 2 0.014569 0.073598 0.515090 0.302392 0.094350
3 2 0.055511 0.096016 0.296481 0.434630 0.117363
3 2 0.057742 0.102187 0.302326 0.409855 0.127890
3 2 0.059461 0.097617 0.290004 0.433302 0.119616
3 2 0.057387 0.093717 0.287379 0.451894 0.109624
3 2 0.060023 0.115385 0.317589 0.386141 0.120862
2 2 0.052380 0.152096 0.386920 0.270525 0.138080
3 2 0.065128 0.113110 0.299573 0.405669 0.116520
3 2 0.063894 0.081405 0.244326 0.519614 0.090761
3 2 0.108096 0.164771 0.258747 0.263503 0.204883
4 2 0.167719 0.241412 0.155048 0.072144 0.363676
4 2 0.208709 0.168249 0.073066 0.018551 0.531424
0 2 0.435008 0.109270 0.049025 0.034184 0.372513
0 0 0.770057 0.027939 0.010026 0.017578 0.174399
0 0 0.867734 0.014233 0.005164 0.017477 0.095392
0 0 0.701699 0.014604 0.002838 0.001458 0.279400
0 0 0.711686 0.022855 0.005904 0.004664 0.254891
0 0 0.687046 0.048720 0.019731 0.025196 0.219306
0 0 0.546158 0.050774 0.014646 0.005409 0.383012
4 0 0.384330 0.082497 0.025073 0.005104 0.502996
0 0 0.436309 0.122778 0.046731 0.007289 0.386893
4 0 0.213554 0.097296 0.028228 0.003758 0.657164
4 0 0.262433 0.098243 0.030521 0.005715 0.603088
4 0 0.129030 0.100691 0.026814 0.001848 0.741617
4 1 0.146344 0.195765 0.089400 0.015357 0.553134
2 2 0.107345 0.165845 0.263588 0.203556 0.259666
2 2 0.048838 0.109275 0.345895 0.341043 0.154949
3 2 0.034203 0.077582 0.352330 0.422257 0.113628
3 2 0.044537 0.087570 0.319608 0.434673 0.113613
2 2 0.076288 0.160943 0.307669 0.191814 0.263287
2 2 0.093321 0.179488 0.277219 0.178958 0.271014
2 2 0.011599 0.076498 0.571985 0.249674 0.090244
2 2 0.019444 0.089922 0.496919 0.288815 0.104900
2 2 0.015214 0.054439 0.436922 0.425260 0.068164
2 2 0.009353 0.042884 0.480464 0.406531 0.060769
2 2 0.014287 0.056039 0.453611 0.392625 0.083438
2 2 0.010306 0.065916 0.561588 0.271233 0.090957
2 2 0.011546 0.087157 0.592671 0.207907 0.100718
2 2 0.024878 0.146303 0.527030 0.183451 0.118338
2 2 0.025531 0.095700 0.461892 0.328251 0.088627
3 2 0.011723 0.042788 0.430914 0.461153 0.053422
2 2 0.007091 0.048766 0.581373 0.308574 0.054196
2 2 0.009181 0.061445 0.581527 0.283421 0.064426
2 2 0.015506 0.083628 0.533423 0.276468 0.090975
3 2 0.041881 0.079955 0.313918 0.460369 0.103878
3 2 0.048438 0.094344 0.336008 0.378671 0.142539
2 2 0.056143 0.127945 0.347511 0.264768 0.203633
4 2 0.124997 0.184031 0.236304 0.161900 0.292768
2 2 0.065548 0.132559 0.330373 0.301003 0.170517
3 2 0.064076 0.098269 0.285644 0.426530 0.125480
3 2 0.055820 0.099272 0.300974 0.421917 0.122017
4 2 0.148181 0.216200 0.203780 0.136579 0.295261
0 2 0.386222 0.216019 0.165462 0.068334 0.163962
0 0 0.580624 0.107501 0.089082 0.135428 0.087365
0 0 0.780756 0.023691 0.018785 0.147946 0.028822
0 0 0.858206 0.025397 0.014404 0.046711 0.055282
0 0 0.750998 0.025219 0.007772 0.009578 0.206432
0 0 0.652799 0.017089 0.003280 0.001358 0.325473
4 0 0.490782 0.013640 0.001797 0.000255 0.493525
4 0 0.349711 0.018855 0.002493 0.000212 0.628729
4 0 0.185260 0.024604 0.003141 0.000119 0.786877
2 4 0.014571 0.116626 0.593774 0.144480 0.130549
2 4 0.020270 0.136760 0.547935 0.131019 0.164016
2 4 0.022196 0.173714 0.538082 0.097002 0.169007
2 4 0.026156 0.174097 0.512936 0.137172 0.149638
2 4 0.053304 0.258467 0.374020 0.081072 0.233137
4 4 0.085368 0.198723 0.209584 0.039399 0.466927
4 4 0.096642 0.175086 0.115247 0.013378 0.599647
4 4 0.121739 0.134301 0.060948 0.006876 0.676136
4 4 0.114970 0.116278 0.033312 0.002281 0.733158
4 4 0.104452 0.101836 0.026884 0.001464 0.765365
4 4 0.091570 0.111536 0.052838 0.004042 0.740014
4 4 0.114250 0.138275 0.062050 0.006569 0.678857
4 4 0.118944 0.122396 0.036480 0.002744 0.719436
4 4 0.113413 0.133732 0.056294 0.005501 0.691060
4 4 0.111094 0.099181 0.029796 0.001884 0.758046
4 4 0.107704 0.086358 0.023329 0.001241 0.781367
4 4 0.087132 0.085833 0.023686 0.001017 0.802332
4 4 0.088433 0.079307 0.017257 0.000615 0.814388
4 4 0.106368 0.101119 0.026557 0.001464 0.764492
4 4 0.129879 0.099164 0.026184 0.001794 0.742980
4 4 0.132838 0.114472 0.034400 0.002852 0.715438
4 4 0.146911 0.146290 0.058998 0.007973 0.639829
4 4 0.177580 0.165169 0.066976 0.012604 0.577670
4 4 0.118535 0.153661 0.055329 0.004776 0.667700
4 4 0.098920 0.162126 0.060426 0.003089 0.675440
4 4 0.118771 0.122126 0.036337 0.002722 0.720045
4 4 0.109963 0.117241 0.039173 0.002876 0.730748
4 4 0.107089 0.107749 0.030704 0.001865 0.752593
4 4 0.078142 0.064087 0.012131 0.000318 0.845322
4 4 0.083591 0.067152 0.015471 0.000508 0.833279
4 4 0.161324 0.095247 0.025538 0.002235 0.715656
4 4 0.228739 0.138578 0.052706 0.011693 0.568284
4 4 0.103624 0.121783 0.051361 0.004307 0.718925
4 4 0.135048 0.149177 0.052290 0.005780 0.657705
4 4 0.135521 0.150020 0.052843 0.005909 0.655706
4 4 0.121023 0.125666 0.038237 0.003021 0.712053
4 4 0.104970 0.112702 0.042270 0.003153 0.736905
4 4 0.076572 0.091944 0.042243 0.002373 0.786867
4 4 0.094306 0.121472 0.065052 0.005936 0.713234
4 4 0.093600 0.149249 0.058829 0.003513 0.694809
4 4 0.078028 0.171244 0.068958 0.002852 0.678917
4 4 0.108877 0.107216 0.028897 0.001712 0.753298
4 4 0.106695 0.104060 0.027435 0.001542 0.760267
4 4 0.104862 0.101444 0.026252 0.001412 0.766030
4 4 0.108396 0.106516 0.028570 0.001673 0.754845
4 4 0.123179 0.129112 0.040139 0.003337 0.704232
4 4 0.104395 0.186397 0.150721 0.027752 0.530736
4 4 0.125283 0.204952 0.097254 0.012781 0.559731
4 4 0.134180 0.147639 0.051289 0.005550 0.661342
4 4 0.086774 0.168925 0.066823 0.003351 0.674128
4 4 0.087223 0.203802 0.096371 0.005929 0.606676
4 4 0.134098 0.212771 0.131337 0.029201 0.492592
4 4 0.180084 0.187878 0.167011 0.095207 0.369820
4 4 0.160572 0.197073 0.204126 0.178793 0.259436
3 4 0.156094 0.168750 0.206764 0.283251 0.185141
2 4 0.049847 0.175035 0.397757 0.198840 0.178521
4 4 0.068110 0.242903 0.252787 0.032707 0.403492
4 4 0.065258 0.223816 0.274594 0.042091 0.394239
4 4 0.070427 0.254032 0.233063 0.026395 0.416082
4 4 0.090073 0.230928 0.185854 0.026635 0.466511
4 4 0.082419 0.296805 0.251560 0.042614 0.326602
4 4 0.073456 0.269496 0.281707 0.051421 0.323920
4 4 0.068101 0.223408 0.297238 0.062062 0.349191
2 4 0.054730 0.244305 0.339803 0.055341 0.305821
4 4 0.077843 0.267400 0.258858 0.044154 0.351745
1 4 0.061596 0.303183 0.301212 0.039463 0.294546
4 4 0.175158 0.229306 0.127253 0.038091 0.430192
4 4 0.193664 0.233026 0.125684 0.028249 0.419377
4 4 0.174076 0.240924 0.149025 0.059170 0.376804
4 4 0.208719 0.230886 0.182405 0.146765 0.231225
2 4 0.069653 0.300805 0.327366 0.086246 0.215929
2 4 0.044353 0.221603 0.416858 0.103052 0.214135
2 4 0.017748 0.102145 0.544230 0.237606 0.098271
2 4 0.012416 0.112282 0.616224 0.155273 0.103805
2 4 0.017340 0.126020 0.567135 0.158345 0.131161
2 2 0.010662 0.086623 0.608599 0.198407 0.095709
2 2 0.013875 0.113212 0.595730 0.166683 0.110499
2 2 0.012603 0.114423 0.615928 0.138691 0.118355
2 2 0.006341 0.076882 0.686833 0.154513 0.075430
2 2 0.005175 0.068861 0.704833 0.151381 0.069750
2 2 0.013178 0.101782 0.602394 0.143950 0.138695
2 2 0.016904 0.083543 0.522234 0.266785 0.110534
3 2 0.030878 0.082890 0.382622 0.398921 0.104689
2 2 0.026005 0.095507 0.457692 0.298905 0.121891
2 2 0.020667 0.098247 0.503726 0.272849 0.104511
2 2 0.026549 0.174546 0.500278 0.088498 0.210129
2 2 0.040749 0.241861 0.375345 0.040918 0.301127
2 2 0.057080 0.264008 0.320918 0.045666 0.312329
1 2 0.093590 0.290362 0.284805 0.042445 0.288798
4 2 0.245833 0.164519 0.074853 0.024989 0.489806
4 2 0.165504 0.218523 0.115198 0.033545 0.467230
4 2 0.103934 0.283966 0.225892 0.055427 0.330779
2 2 0.054883 0.224316 0.384137 0.139946 0.196719
2 2 0.019383 0.089619 0.500674 0.293637 0.096687
2 2 0.008063 0.060321 0.604480 0.264056 0.063079
2 2 0.005445 0.057472 0.671201 0.206475 0.059407
2 2 0.005150 0.055298 0.673845 0.207284 0.058423
2 2 0.005395 0.078671 0.716627 0.119683 0.079624
2 2 0.007096 0.081034 0.672155 0.156456 0.083259
2 2 0.005857 0.077469 0.700659 0.142409 0.073606
2 2 0.007845 0.065066 0.625063 0.234721 0.067305
2 2 0.005191 0.041328 0.608221 0.300504 0.044756
2 2 0.007243 0.057196 0.616845 0.262314 0.056402
2 2 0.005198 0.041697 0.609865 0.297262 0.045979
2 2 0.005356 0.041645 0.601946 0.302614 0.048439
3 2 0.006021 0.024030 0.413492 0.521519 0.034939
3 2 0.006621 0.020643 0.348574 0.591039 0.033123
3 2 0.007017 0.023157 0.368916 0.566610 0.034300
3 2 0.004835 0.014343 0.312529 0.646679 0.021615
3 2 0.004420 0.013460 0.313080 0.648430 0.020610
3 2 0.003430 0.008759 0.251170 0.722065 0.014576
3 2 0.003516 0.008240 0.233386 0.740015 0.014844
3 2 0.003193 0.007463 0.226847 0.748935 0.013562
3 2 0.003073 0.008092 0.251407 0.722435 0.014993
3 2 0.003832 0.014853 0.370449 0.588456 0.022410
3 3 0.006285 0.018321 0.326572 0.622499 0.026324
3 3 0.007501 0.021225 0.330928 0.611718 0.028628
3 3 0.005264 0.013160 0.274289 0.688069 0.019217
3 3 0.005324 0.012496 0.259856 0.702996 0.019328
3 3 0.004764 0.012721 0.284061 0.679217 0.019237
3 3 0.017966 0.037924 0.307755 0.580393 0.055962
3 3 0.017153 0.027697 0.243758 0.673140 0.038252
3 3 0.030988 0.034729 0.198546 0.695018 0.040720
3 3 0.005990 0.009256 0.179475 0.791235 0.014044
3 3 0.005582 0.011799 0.238577 0.726846 0.017196
3 3 0.004596 0.008859 0.207598 0.764831 0.014116
3 3 0.003066 0.005318 0.166756 0.815954 0.008906
3 3 0.002948 0.004401 0.141111 0.844460 0.007080
3 3 0.002895 0.004291 0.139281 0.846633 0.006900
3 3 0.002580 0.004270 0.151013 0.834966 0.007171
3 3 0.002846 0.003748 0.122275 0.865302 0.005830
3 3 0.003527 0.004392 0.122955 0.862542 0.006584
3 3 0.004686 0.004859 0.110223 0.873517 0.006715
3 3 0.004659 0.004513 0.102235 0.882478 0.006115
3 3 0.008249 0.008250 0.125679 0.847131 0.010691
3 3 0.006659 0.006571 0.116255 0.861860 0.008655
3 3 0.008375 0.010017 0.152064 0.815884 0.013660
3 3 0.007572 0.007689 0.124520 0.850129 0.010090
3 3 0.002351 0.002286 0.082828 0.909231 0.003304
3 3 0.002262 0.002382 0.089337 0.902479 0.003539
3 3 0.003467 0.003056 0.084074 0.905266 0.004136
3 3 0.004028 0.002900 0.070485 0.918946 0.003641
3 3 0.003841 0.003202 0.081671 0.907064 0.004221
3 3 0.004492 0.003342 0.075677 0.912294 0.004195
3 3 0.005617 0.005355 0.106422 0.875510 0.007095
3 3 0.006384 0.004913 0.087722 0.894949 0.006031
3 3 0.009992 0.007103 0.092323 0.882417 0.008164
3 3 0.016133 0.014121 0.132457 0.820803 0.016487
3 3 0.018781 0.016755 0.140805 0.804280 0.019380
3 3 0.013155 0.012952 0.141339 0.816585 0.015969
3 3 0.005950 0.004925 0.092933 0.889972 0.006220
3 3 0.004620 0.003995 0.090118 0.896031 0.005236
3 3 0.005228 0.006542 0.139027 0.839744 0.009459
3 3 0.005403 0.006970 0.144925 0.832564 0.010138
3 3 0.003829 0.005043 0.133757 0.849745 0.007627
3 3 0.003207 0.004490 0.135252 0.850019 0.007031
3 3 0.004438 0.005220 0.124044 0.858771 0.007527
3 3 0.004073 0.004728 0.119180 0.865171 0.006847
3 3 0.003412 0.003322 0.093305 0.895321 0.004640
3 3 0.003372 0.003053 0.085841 0.903558 0.004177
3 3 0.004213 0.003460 0.082732 0.905091 0.004503
3 3 0.007230 0.005225 0.085101 0.896224 0.006221
3 3 0.006590 0.004700 0.081507 0.901580 0.005623
3 3 0.004709 0.002768 0.059075 0.930226 0.003221
3 3 0.006213 0.003908 0.069630 0.915724 0.004526
3 3 0.005261 0.003611 0.072772 0.913995 0.004360
3 3 0.006393 0.004467 0.078913 0.904902 0.005325
3 3 0.005181 0.002845 0.056424 0.932337 0.003214
3 3 0.004181 0.002970 0.070261 0.918888 0.003701
3 3 0.002686 0.002179 0.070713 0.921476 0.002945
3 3 0.002952 0.002555 0.078328 0.912673 0.003492
3 3 0.002894 0.002234 0.068518 0.923402 0.002953
3 3 0.007379 0.005066 0.080960 0.900665 0.005928
3 3 0.008723 0.006068 0.086502 0.891687 0.007018
3 3 0.010675 0.004387 0.051340 0.929353 0.004245
3 3 0.016416 0.005989 0.051464 0.920754 0.005376
3 3 0.014076 0.006209 0.060624 0.913109 0.005982
3 3 0.036380 0.026604 0.136308 0.773535 0.027174
3 2 0.061344 0.055282 0.184425 0.642364 0.056585
3 2 0.113387 0.150589 0.237555 0.342731 0.155737
3 2 0.011644 0.032267 0.353786 0.556588 0.045715
3 2 0.008890 0.031623 0.406128 0.507089 0.046270
3 2 0.010008 0.033195 0.393099 0.512276 0.051423
3 2 0.011637 0.039185 0.405198 0.482026 0.061954
2 2 0.018139 0.066315 0.443075 0.379474 0.092997
2 2 0.023342 0.072038 0.410605 0.401342 0.092673
3 2 0.021480 0.056387 0.370050 0.476498 0.075585
3 2 0.019203 0.054179 0.382229 0.465615 0.078773
3 2 0.018116 0.058774 0.413196 0.421048 0.088866
3 2 0.021736 0.061896 0.385943 0.434349 0.096076
2 2 0.016704 0.063259 0.453395 0.364654 0.101988
2 2 0.041549 0.124423 0.402375 0.190927 0.240727
4 2 0.055876 0.149084 0.338003 0.109902 0.347134
4 2 0.067527 0.180749 0.298633 0.080931 0.372160
4 4 0.107795 0.198919 0.139473 0.022568 0.531245
4 4 0.098515 0.130334 0.074227 0.007799 0.689126
4 4 0.070146 0.083730 0.041853 0.002192 0.802079
4 4 0.089538 0.090766 0.036832 0.002211 0.780653
4 4 0.097637 0.104125 0.040730 0.002785 0.754724
4 4 0.102717 0.135010 0.075287 0.008328 0.678658
4 4 0.076554 0.096620 0.050291 0.003180 0.773356
4 4 0.050264 0.068367 0.044736 0.001873 0.834760
4 4 0.063717 0.076553 0.035869 0.001560 0.822302
4 4 0.089173 0.106690 0.047821 0.003329 0.752988
4 4 0.123747 0.139870 0.052455 0.005308 0.678620
4 4 0.084674 0.105192 0.052081 0.003677 0.754376
4 4 0.082782 0.082683 0.023744 0.000979 0.809812
4 4 0.073270 0.060822 0.011090 0.000260 0.854558
4 4 0.099748 0.089141 0.021148 0.000956 0.789007
4 4 0.120613 0.117205 0.034024 0.002492 0.725666
4 4 0.096953 0.182081 0.108174 0.011050 0.601742
4 4 0.135740 0.150410 0.053101 0.005970 0.654779
4 4 0.143386 0.164644 0.063061 0.008603 0.620307
4 4 0.191302 0.193497 0.079381 0.007906 0.527913
4 4 0.089412 0.273881 0.179460 0.013739 0.443507
4 4 0.098884 0.182912 0.077454 0.005409 0.635341
4 4 0.086574 0.215286 0.107858 0.007042 0.583239
4 4 0.066364 0.234166 0.130337 0.005777 0.563356
4 4 0.055831 0.251011 0.153589 0.005592 0.533977
4 4 0.154576 0.197412 0.082753 0.006147 0.559113
4 4 0.310250 0.196381 0.075899 0.002992 0.414478
4 4 0.200488 0.102318 0.030178 0.003840 0.663176
4 4 0.250360 0.113678 0.037034 0.005764 0.593164
4 4 0.150638 0.179409 0.074706 0.012428 0.582820
4 4 0.097673 0.267390 0.178719 0.024627 0.431592
2 4 0.039059 0.262850 0.370240 0.032943 0.294909
4 4 0.055427 0.221880 0.280225 0.031388 0.411080
2 4 0.027077 0.163100 0.478039 0.072548 0.259236
2 4 0.022678 0.172188 0.533756 0.096881 0.174497
2 4 0.015586 0.153390 0.595591 0.110763 0.124670
2 4 0.029484 0.131438 0.467232 0.219484 0.152362
4 4 0.095105 0.184502 0.261721 0.130171 0.328500
4 4 0.165768 0.208718 0.117656 0.034994 0.472865
4 4 0.196446 0.205043 0.113840 0.042219 0.442452
4 4 0.174436 0.190725 0.087772 0.020505 0.526562
4 4 0.101268 0.265108 0.175147 0.025514 0.432963
4 4 0.090899 0.267935 0.178671 0.020926 0.441569
4 4 0.094295 0.228608 0.127154 0.011467 0.538476
4 4 0.069980 0.226860 0.202061 0.019725 0.481374
4 4 0.076520 0.226303 0.255547 0.047855 0.393776
4 4 0.173905 0.185794 0.076731 0.009970 0.553600
4 4 0.162979 0.181844 0.105221 0.026865 0.523091
4 4 0.149823 0.173293 0.069945 0.010940 0.595999
4 4 0.161623 0.232891 0.151330 0.062200 0.391955
4 0 0.168039 0.239819 0.151052 0.067107 0.373984
4 0 0.102978 0.286093 0.238170 0.065534 0.307225
4 4 0.131213 0.261365 0.178452 0.051379 0.377591
4 4 0.104361 0.255712 0.206202 0.045428 0.388296
4 4 0.088389 0.247175 0.207513 0.032233 0.424689
4 4 0.069520 0.266608 0.252665 0.031304 0.379903
4 4 0.066951 0.275141 0.277538 0.038076 0.342294
2 4 0.044597 0.225462 0.397038 0.072274 0.260628
2 2 0.035029 0.148661 0.448135 0.134568 0.233607
2 2 0.006580 0.069497 0.666028 0.184319 0.073575
2 2 0.008039 0.091823 0.666244 0.144805 0.089089
2 2 0.005244 0.064708 0.693486 0.167387 0.069176
2 2 0.004367 0.052886 0.695291 0.191452 0.056004
2 2 0.007774 0.061543 0.615438 0.250019 0.065226
2 2 0.005825 0.055389 0.650444 0.228313 0.060029
2 2 0.008463 0.075014 0.634790 0.205284 0.076448
2 2 0.063177 0.170151 0.344049 0.128800 0.293824
4 2 0.095405 0.191470 0.262266 0.114464 0.336395
2 2 0.114357 0.173648 0.253647 0.224151 0.234197
3 2 0.092215 0.157183 0.279223 0.304794 0.166585
3 2 0.035855 0.091041 0.373078 0.392809 0.107217
3 2 0.014346 0.049111 0.423818 0.453822 0.058904
2 2 0.009308 0.043056 0.484633 0.408245 0.054759
2 2 0.017483 0.077979 0.488727 0.316549 0.099262
2 2 0.017808 0.092628 0.526756 0.237998 0.124810
2 2 0.028849 0.096911 0.427676 0.329234 0.117330
4 2 0.131701 0.265078 0.190066 0.062899 0.350256
4 2 0.168298 0.235688 0.142163 0.056992 0.396859
4 2 0.152510 0.183489 0.078198 0.013745 0.572058
4 2 0.160551 0.203039 0.096985 0.022348 0.517078
4 2 0.220036 0.211594 0.127611 0.068832 0.371927
3 2 0.056049 0.099303 0.329445 0.353563 0.161640
2 2 0.074419 0.162524 0.310850 0.197908 0.254299
4 2 0.106412 0.199181 0.252965 0.155661 0.285781
2 2 0.047199 0.158174 0.396383 0.228218 0.170027
2 2 0.045031 0.171104 0.418067 0.203893 0.161905
2 2 0.025367 0.136775 0.505437 0.171663 0.160757
2 2 0.019550 0.111264 0.529187 0.213111 0.126887
2 2 0.011889 0.075867 0.566600 0.257776 0.087868
2 2 0.011102 0.080269 0.590072 0.227843 0.090715
2 2 0.006373 0.083416 0.701100 0.114713 0.094399
2 2 0.005143 0.046366 0.630174 0.252855 0.065462
2 2 0.004822 0.050589 0.669735 0.204678 0.070176
2 2 0.012058 0.086764 0.604161 0.153151 0.143866
2 2 0.006846 0.068644 0.669664 0.156804 0.098043
2 2 0.009950 0.068097 0.586986 0.242837 0.092130
2 2 0.010873 0.079184 0.589648 0.221815 0.098480
2 2 0.014805 0.083560 0.533637 0.259635 0.108363
2 2 0.005248 0.054022 0.659352 0.212500 0.068879
2 2 0.004835 0.052189 0.668573 0.208328 0.066076
2 2 0.004741 0.039296 0.609720 0.291645 0.054598
2 2 0.009390 0.054611 0.537942 0.314742 0.083314
2 2 0.004645 0.041580 0.625303 0.266411 0.062061
2 2 0.010028 0.081807 0.609822 0.203684 0.094659
2 2 0.003723 0.034441 0.625355 0.281650 0.054830
3 2 0.021649 0.065219 0.398030 0.412511 0.102591
0 0 0.367993 0.151075 0.089844 0.091416 0.299672
4 0 0.189050 0.230693 0.169877 0.130634 0.279747
1 0 0.119958 0.270736 0.237606 0.120262 0.251438
2 1 0.030063 0.086355 0.400650 0.386603 0.096328
3 1 0.013343 0.025136 0.264521 0.659821 0.037180
3 1 0.013091 0.021384 0.231793 0.703254 0.030479
3 1 0.017383 0.032427 0.277135 0.629495 0.043560
3 1 0.010997 0.034608 0.386361 0.526574 0.041459
2 2 0.009566 0.045753 0.498450 0.399029 0.047201
3 2 0.008203 0.033174 0.439970 0.479718 0.038935
2 2 0.006789 0.031293 0.465991 0.457615 0.038311
2 2 0.020471 0.074207 0.448619 0.371230 0.085473
2 2 0.073717 0.200433 0.338211 0.138541 0.249098
4 2 0.119171 0.265255 0.180955 0.041163 0.393456
4 2 0.097823 0.264680 0.173777 0.023141 0.440579
4 2 0.188543 0.205084 0.094494 0.014446 0.497432
4 2 0.337951 0.207884 0.093335 0.006346 0.354483
4 2 0.293426 0.135025 0.045623 0.004058 0.521868
4 0 0.375912 0.084710 0.023227 0.002115 0.514035
4 0 0.296276 0.107446 0.037187 0.009578 0.549513
4 0 0.172066 0.149463 0.055434 0.008639 0.614398
4 4 0.123200 0.171058 0.106668 0.019285 0.579788
4 4 0.113001 0.214759 0.221964 0.087598 0.362678
2 4 0.063640 0.183174 0.351450 0.170856 0.230880
2 4 0.042216 0.114019 0.376693 0.327158 0.139914
2 4 0.030060 0.100950 0.426420 0.320966 0.121604
2 2 0.017400 0.081754 0.504202 0.304828 0.091816
2 2 0.012872 0.108884 0.604400 0.166162 0.107682
2 2 0.024108 0.161557 0.523093 0.111177 0.180065
2 2 0.024903 0.182917 0.501543 0.068507 0.222130
2 2 0.034049 0.108207 0.420594 0.326831 0.110318
2 2 0.063627 0.141257 0.333911 0.233314 0.227891
4 2 0.201354 0.231015 0.120267 0.022537 0.424827
0 2 0.353875 0.214422 0.167247 0.090873 0.173583
4 2 0.422849 0.088039 0.031916 0.014458 0.442739
4 0 0.195916 0.032932 0.004980 0.000248 0.765923
