2 0 0.104869 0.231002 0.471186 0.132687 0.060255
2 0 0.058082 0.218792 0.558288 0.130350 0.034489
2 0 0.069257 0.224342 0.415444 0.147643 0.143314
2 0 0.056610 0.275880 0.487570 0.077746 0.102195
2 0 0.048038 0.288042 0.475325 0.062242 0.126352
2 0 0.049203 0.307972 0.383833 0.036539 0.222453
4 0 0.052138 0.225232 0.222285 0.032055 0.468290
4 0 0.040062 0.200363 0.183570 0.024984 0.551021
4 0 0.045248 0.089123 0.086112 0.060450 0.719068
4 0 0.075318 0.081268 0.059022 0.031319 0.753072
4 0 0.165587 0.058061 0.039610 0.045138 0.691604
4 0 0.106212 0.105078 0.077895 0.035162 0.675653
2 0 0.058127 0.269410 0.345008 0.055616 0.271838
1 0 0.038260 0.428161 0.299653 0.003547 0.230380
2 0 0.037920 0.325446 0.329945 0.017742 0.288947
4 0 0.131830 0.223959 0.143268 0.013306 0.487637
4 0 0.299572 0.142411 0.127954 0.072242 0.357822
0 0 0.636833 0.120932 0.101612 0.035126 0.105497
0 0 0.775466 0.094578 0.057989 0.009237 0.062730
0 0 0.817742 0.094683 0.052593 0.003796 0.031185
0 0 0.752189 0.118815 0.072778 0.007001 0.049217
0 0 0.487337 0.180854 0.177131 0.046117 0.108561
0 0 0.296610 0.247572 0.296129 0.056300 0.103388
0 0 0.486015 0.193001 0.184553 0.037254 0.099177
0 0 0.522669 0.120489 0.138560 0.100664 0.117618
0 0 0.576805 0.120115 0.133640 0.076993 0.092447
0 0 0.449776 0.136229 0.209125 0.142027 0.062843
0 0 0.560629 0.139673 0.144349 0.059155 0.096195
0 0 0.390338 0.109556 0.139710 0.181989 0.178407
0 0 0.579316 0.064353 0.038356 0.029273 0.288702
0 0 0.521919 0.131871 0.146443 0.085446 0.114321
0 0 0.572467 0.104886 0.101344 0.073472 0.147831
0 0 0.646582 0.100891 0.085018 0.042955 0.124554
0 0 0.587491 0.085737 0.070887 0.059100 0.196785
0 0 0.737820 0.064914 0.034072 0.012340 0.150854
0 0 0.631909 0.069667 0.050707 0.043401 0.204316
0 0 0.806632 0.074999 0.042889 0.008365 0.067115
0 0 0.694871 0.093116 0.077021 0.035301 0.099692
0 0 0.590459 0.155807 0.179746 0.037663 0.036324
0 0 0.605667 0.156410 0.167539 0.031465 0.038919
0 0 0.632119 0.149663 0.143886 0.026738 0.047593
0 0 0.732486 0.117970 0.086571 0.012853 0.050120
0 0 0.578683 0.144321 0.160531 0.053411 0.063054
0 0 0.622600 0.131645 0.127810 0.041917 0.076028
0 0 0.448575 0.145344 0.211223 0.125783 0.069076
0 0 0.419855 0.132979 0.190836 0.159292 0.097038
0 0 0.413227 0.125540 0.183853 0.176889 0.100491
0 0 0.616360 0.135752 0.137880 0.043206 0.066802
0 0 0.663525 0.121689 0.107730 0.031982 0.075074
0 0 0.762639 0.088884 0.043648 0.006473 0.098356
0 0 0.705536 0.130205 0.089108 0.011870 0.063281
0 0 0.753910 0.101593 0.060444 0.009374 0.074679
0 0 0.704320 0.135898 0.119881 0.013279 0.026622
0 0 0.504495 0.174593 0.229110 0.054144 0.037659
2 1 0.128464 0.292381 0.490209 0.047245 0.041702
2 1 0.025539 0.244089 0.641970 0.062456 0.025947
2 4 0.042185 0.137799 0.477612 0.179072 0.163333
4 4 0.031949 0.061393 0.230781 0.164907 0.510971
4 4 0.015274 0.026323 0.032445 0.040989 0.884969
4 4 0.013842 0.017644 0.015312 0.043317 0.909886
4 4 0.032920 0.049400 0.047791 0.049777 0.820111
4 4 0.065569 0.049925 0.045480 0.061315 0.777711
4 4 0.056891 0.093352 0.079617 0.039613 0.730527
4 4 0.049563 0.159408 0.286342 0.100896 0.403791
2 4 0.046622 0.245717 0.398044 0.090598 0.219019
2 4 0.032924 0.312816 0.479533 0.037298 0.137430
2 4 0.026318 0.295852 0.602602 0.034676 0.040551
2 4 0.029057 0.198376 0.649171 0.101901 0.021495
2 4 0.033729 0.184617 0.620094 0.141098 0.020461
3 4 0.061227 0.107277 0.287539 0.454838 0.089120
4 4 0.051034 0.080873 0.085210 0.090163 0.692720
4 4 0.013145 0.055046 0.075872 0.019053 0.836884
4 4 0.013080 0.069233 0.080364 0.014783 0.822541
4 4 0.015876 0.103017 0.121619 0.013855 0.745633
4 4 0.021248 0.270427 0.207292 0.007271 0.493763
2 4 0.027211 0.322577 0.475168 0.019246 0.155798
2 4 0.018445 0.264846 0.639571 0.029366 0.047771
2 4 0.038132 0.143847 0.503886 0.248341 0.065794
3 4 0.038342 0.073007 0.322810 0.456051 0.109790
4 4 0.048310 0.058359 0.121722 0.314936 0.456674
4 4 0.030545 0.032309 0.033674 0.099994 0.803478
4 4 0.034901 0.056897 0.067104 0.118028 0.723070
4 4 0.030409 0.066527 0.092174 0.070340 0.740550
4 4 0.027085 0.067574 0.095751 0.044144 0.765446
4 4 0.035474 0.117173 0.356707 0.072876 0.417770
2 4 0.070442 0.233477 0.337804 0.071324 0.286953
0 4 0.270802 0.141714 0.241861 0.242918 0.102705
3 4 0.268668 0.129863 0.242692 0.277017 0.081760
3 4 0.124359 0.082283 0.266388 0.503044 0.023925
0 4 0.296962 0.141396 0.268655 0.232486 0.060502
3 4 0.033724 0.035389 0.139676 0.578839 0.212372
3 4 0.029982 0.037518 0.184568 0.550306 0.197626
3 4 0.022342 0.022465 0.180903 0.698063 0.076226
3 4 0.010119 0.011310 0.264623 0.696293 0.017654
3 4 0.003597 0.006623 0.425933 0.560327 0.003518
3 4 0.003935 0.006910 0.426526 0.558272 0.004357
3 4 0.023467 0.019754 0.195492 0.655329 0.105959
4 4 0.027815 0.022722 0.087805 0.339697 0.521961
4 4 0.014394 0.013914 0.025336 0.070977 0.875379
4 4 0.014015 0.011584 0.016253 0.072053 0.886094
4 4 0.013046 0.015314 0.020787 0.046713 0.904140
4 4 0.016233 0.013310 0.014162 0.071984 0.884310
4 4 0.025000 0.023909 0.035974 0.140173 0.774944
4 4 0.027171 0.030653 0.043669 0.093729 0.804779
4 4 0.035446 0.084526 0.310493 0.143942 0.425593
2 4 0.013791 0.043903 0.702066 0.206135 0.034105
2 4 0.007107 0.017349 0.676614 0.293342 0.005588
2 4 0.002269 0.007576 0.841140 0.147480 0.001534
2 4 0.001176 0.004449 0.807644 0.186124 0.000607
2 4 0.001954 0.006296 0.717075 0.273716 0.000959
2 4 0.001992 0.006229 0.657036 0.333868 0.000875
2 4 0.002625 0.007537 0.618477 0.370172 0.001189
2 4 0.001693 0.005411 0.586198 0.406106 0.000592
2 4 0.003111 0.007846 0.565625 0.421697 0.001721
2 4 0.002500 0.006412 0.557725 0.431940 0.001422
2 2 0.003859 0.008444 0.516094 0.468917 0.002686
3 2 0.006570 0.012332 0.463029 0.512974 0.005095
3 2 0.008656 0.016678 0.476291 0.488857 0.009517
3 2 0.009351 0.015210 0.354974 0.610346 0.010120
3 2 0.009101 0.013062 0.298047 0.668098 0.011693
3 3 0.005584 0.005853 0.114256 0.868417 0.005890
3 3 0.003430 0.003874 0.095134 0.894670 0.002891
3 3 0.005664 0.005764 0.093595 0.889757 0.005220
3 3 0.003382 0.003723 0.078147 0.912241 0.002508
3 3 0.003834 0.004391 0.079404 0.910017 0.002355
3 3 0.004820 0.005371 0.082811 0.903964 0.003035
3 3 0.003911 0.003993 0.061968 0.927436 0.002693
3 3 0.003948 0.003938 0.059609 0.929692 0.002813
3 3 0.004366 0.003754 0.037718 0.951180 0.002983
3 3 0.003225 0.003447 0.053152 0.938420 0.001755
3 3 0.002430 0.002622 0.045489 0.948215 0.001244
3 3 0.002045 0.002216 0.041085 0.953646 0.001008
3 3 0.001897 0.002119 0.045189 0.949821 0.000973
3 3 0.001694 0.001646 0.027270 0.968530 0.000860
3 3 0.003159 0.002551 0.029357 0.962512 0.002420
3 3 0.005968 0.004018 0.033889 0.948782 0.007342
3 3 0.005796 0.004084 0.048169 0.932793 0.009159
3 3 0.003657 0.003337 0.060220 0.929015 0.003770
3 3 0.007178 0.006083 0.049274 0.932088 0.005377
3 3 0.001454 0.002004 0.077236 0.918560 0.000746
3 3 0.001265 0.001614 0.054475 0.942028 0.000618
3 3 0.001251 0.001685 0.060461 0.936031 0.000571
3 3 0.001381 0.001816 0.057111 0.939080 0.000611
3 3 0.001594 0.001910 0.050515 0.945190 0.000792
3 3 0.002820 0.002529 0.032306 0.960587 0.001758
3 3 0.003127 0.002691 0.031135 0.960997 0.002049
3 3 0.003462 0.002906 0.027549 0.964034 0.002049
3 3 0.001775 0.001767 0.030199 0.965355 0.000904
3 3 0.001609 0.001661 0.031978 0.963944 0.000808
3 3 0.001419 0.001393 0.029840 0.966504 0.000844
3 3 0.001856 0.001738 0.024673 0.970816 0.000917
3 3 0.002175 0.001897 0.021818 0.973004 0.001106
3 3 0.002309 0.001796 0.017915 0.976603 0.001377
3 3 0.001969 0.001544 0.016359 0.979006 0.001123
3 3 0.001810 0.001382 0.014872 0.980870 0.001067
3 3 0.001576 0.001192 0.013406 0.982906 0.000920
3 3 0.001795 0.001361 0.014640 0.981132 0.001071
3 3 0.001918 0.001390 0.014445 0.980968 0.001279
3 3 0.001851 0.001447 0.015657 0.979997 0.001048
3 3 0.001888 0.001567 0.017384 0.978200 0.000960
3 3 0.002442 0.001915 0.018814 0.975379 0.001450
3 3 0.001458 0.001271 0.017350 0.979208 0.000712
3 3 0.001396 0.001165 0.014399 0.982375 0.000665
3 3 0.001315 0.001146 0.015090 0.981865 0.000583
3 3 0.001187 0.001025 0.013674 0.983601 0.000514
3 3 0.001265 0.001034 0.013097 0.983989 0.000614
3 3 0.001276 0.001046 0.013222 0.983837 0.000618
3 3 0.000948 0.000820 0.015089 0.982631 0.000512
3 3 0.001221 0.001077 0.020643 0.976295 0.000764
3 3 0.001111 0.000991 0.018753 0.978513 0.000631
3 3 0.001749 0.001505 0.019872 0.975927 0.000947
3 3 0.001511 0.001351 0.019849 0.976518 0.000770
3 3 0.001403 0.001297 0.022997 0.973525 0.000778
3 3 0.001376 0.001309 0.029421 0.966976 0.000918
3 3 0.001779 0.001414 0.020329 0.975182 0.001296
3 3 0.002128 0.001700 0.021326 0.973385 0.001462
3 3 0.002967 0.002320 0.023551 0.969103 0.002060
3 3 0.002014 0.001539 0.016245 0.978968 0.001233
3 3 0.002073 0.001679 0.017779 0.977344 0.001124
3 3 0.001491 0.001177 0.014453 0.982041 0.000838
3 3 0.001128 0.000930 0.012312 0.985103 0.000528
3 3 0.000903 0.000689 0.009455 0.988486 0.000468
3 3 0.000830 0.000693 0.011592 0.986478 0.000407
3 3 0.000626 0.000569 0.012660 0.985852 0.000293
3 3 0.000938 0.000893 0.016700 0.981064 0.000405
3 3 0.001754 0.001491 0.017405 0.978497 0.000853
3 3 0.000882 0.000808 0.014674 0.983243 0.000394
3 3 0.001036 0.000900 0.014894 0.982650 0.000520
3 3 0.001537 0.001172 0.013352 0.983059 0.000881
3 3 0.001343 0.001028 0.012311 0.984573 0.000745
3 3 0.001707 0.001163 0.012017 0.983881 0.001231
3 3 0.001956 0.001338 0.013206 0.982064 0.001436
3 3 0.002182 0.001535 0.014811 0.979922 0.001550
3 3 0.002245 0.001602 0.015413 0.979176 0.001564
3 3 0.001566 0.001077 0.011525 0.984739 0.001092
3 3 0.001580 0.001119 0.012139 0.984117 0.001044
3 3 0.001741 0.001155 0.011693 0.984089 0.001322
3 3 0.002083 0.001494 0.014803 0.980203 0.001416
3 3 0.002500 0.001868 0.017735 0.976267 0.001630
3 3 0.001598 0.001376 0.016504 0.979785 0.000736
3 3 0.001626 0.001449 0.017598 0.978622 0.000705
3 3 0.001208 0.001120 0.015405 0.981806 0.000461
3 3 0.001287 0.001107 0.014321 0.982714 0.000570
3 3 0.001502 0.001224 0.014561 0.981955 0.000758
3 3 0.001467 0.001148 0.013472 0.983119 0.000795
3 3 0.001341 0.001007 0.011928 0.984952 0.000772
3 3 0.001742 0.001298 0.013979 0.981916 0.001066
3 3 0.002864 0.002286 0.021429 0.971725 0.001696
3 3 0.003587 0.002740 0.023169 0.968101 0.002403
3 3 0.003211 0.002637 0.024101 0.968209 0.001842
3 3 0.001045 0.000791 0.010283 0.987317 0.000564
3 3 0.001054 0.000739 0.009178 0.988370 0.000659
3 3 0.001230 0.000860 0.010121 0.986996 0.000793
3 3 0.001965 0.001355 0.013411 0.981846 0.001423
3 3 0.002537 0.001941 0.018567 0.975367 0.001588
3 3 0.002523 0.002114 0.021277 0.972755 0.001331
3 3 0.001630 0.001344 0.015641 0.980570 0.000816
3 3 0.001669 0.001265 0.013960 0.982124 0.000982
3 3 0.001755 0.001238 0.012914 0.982902 0.001191
3 3 0.002000 0.001399 0.013881 0.981308 0.001412
3 3 0.001848 0.001341 0.013937 0.981670 0.001203
3 3 0.000986 0.000827 0.011586 0.986166 0.000435
3 3 0.000761 0.000634 0.010483 0.987769 0.000354
3 3 0.000729 0.000648 0.012913 0.985362 0.000347
3 3 0.000661 0.000574 0.011988 0.986445 0.000332
3 3 0.001009 0.000861 0.012269 0.985420 0.000441
3 3 0.000748 0.000845 0.019557 0.978613 0.000237
3 3 0.001468 0.001507 0.020991 0.975540 0.000494
3 3 0.001803 0.001640 0.019416 0.976374 0.000767
3 3 0.001945 0.001615 0.018356 0.977050 0.001034
3 3 0.001186 0.001121 0.019807 0.977322 0.000564
3 3 0.001270 0.001189 0.018601 0.978379 0.000561
3 3 0.001245 0.001122 0.017028 0.980029 0.000576
3 3 0.001474 0.001277 0.015808 0.980781 0.000661
3 3 0.001098 0.001079 0.015843 0.981610 0.000369
3 3 0.002119 0.002549 0.033031 0.961747 0.000554
3 3 0.003793 0.004199 0.042315 0.948402 0.001291
3 3 0.004262 0.003915 0.034315 0.955413 0.002096
3 3 0.002366 0.002252 0.035566 0.958358 0.001457
3 3 0.002301 0.002589 0.054621 0.939203 0.001285
3 3 0.003449 0.006405 0.225236 0.763517 0.001393
3 1 0.003004 0.005783 0.260178 0.729654 0.001381
3 1 0.003621 0.007946 0.378045 0.608806 0.001581
2 1 0.002863 0.007276 0.556014 0.432289 0.001559
3 1 0.007962 0.014414 0.455639 0.515878 0.006107
2 1 0.008867 0.026948 0.682545 0.270356 0.011284
2 1 0.013112 0.058561 0.749583 0.150684 0.028059
2 1 0.021605 0.083819 0.674618 0.163670 0.056288
2 1 0.015133 0.033726 0.505039 0.426917 0.019185
2 1 0.023241 0.065879 0.603047 0.259444 0.048389
2 1 0.033034 0.131634 0.537887 0.117192 0.180253
2 1 0.029783 0.127726 0.548826 0.119395 0.174270
4 4 0.037702 0.189056 0.332001 0.057676 0.383565
4 4 0.043973 0.244526 0.291421 0.046364 0.373716
4 4 0.057184 0.193150 0.298757 0.132654 0.318254
4 4 0.038655 0.112040 0.118836 0.042670 0.687799
4 4 0.036771 0.083215 0.097808 0.056737 0.725469
4 4 0.026851 0.058954 0.084149 0.048978 0.781069
4 4 0.025535 0.105262 0.108907 0.025302 0.734994
4 4 0.034511 0.141300 0.227867 0.058847 0.537474
4 4 0.039244 0.188968 0.281617 0.050962 0.439210
2 4 0.050575 0.127526 0.325020 0.266141 0.230737
3 4 0.043707 0.080621 0.309584 0.433471 0.132617
3 4 0.042991 0.060750 0.226433 0.519475 0.150350
3 4 0.040715 0.069715 0.276039 0.417409 0.196121
4 4 0.044131 0.089379 0.252764 0.269100 0.344627
2 4 0.036826 0.087801 0.388196 0.374160 0.113017
3 4 0.024906 0.052526 0.381499 0.511409 0.029659
3 4 0.009696 0.018315 0.453294 0.512954 0.005740
2 4 0.003873 0.009059 0.499208 0.485856 0.002004
2 4 0.001748 0.005612 0.605453 0.386558 0.000630
2 4 0.002302 0.006449 0.572533 0.417668 0.001049
2 4 0.004032 0.009866 0.617670 0.365850 0.002582
2 4 0.002151 0.006586 0.694065 0.296086 0.001111
2 2 0.001807 0.005706 0.647973 0.343733 0.000781
2 2 0.001238 0.004389 0.678326 0.315569 0.000479
2 2 0.002080 0.006380 0.586772 0.404011 0.000758
3 2 0.004873 0.010081 0.314306 0.669008 0.001733
3 2 0.007009 0.012738 0.239043 0.738932 0.002277
3 2 0.009950 0.018325 0.226170 0.743158 0.002398
2 2 0.020333 0.045576 0.470954 0.452131 0.011006
3 2 0.009568 0.016787 0.413644 0.553576 0.006425
2 2 0.002104 0.006095 0.591889 0.398961 0.000950
2 2 0.001951 0.005677 0.590970 0.400502 0.000899
2 2 0.001235 0.004082 0.584040 0.410192 0.000450
2 2 0.001367 0.004598 0.649901 0.343584 0.000550
2 2 0.001489 0.004411 0.508971 0.484563 0.000566
3 2 0.001725 0.004511 0.412486 0.580601 0.000677
2 2 0.001035 0.003253 0.522007 0.473303 0.000403
2 2 0.000515 0.002162 0.634553 0.362622 0.000149
2 3 0.000987 0.003534 0.581403 0.413776 0.000301
3 3 0.001806 0.004673 0.417293 0.575496 0.000731
3 3 0.001998 0.004363 0.275690 0.717164 0.000785
3 3 0.002595 0.005397 0.294877 0.695975 0.001155
3 3 0.004164 0.008659 0.371830 0.613349 0.001997
3 3 0.003652 0.006745 0.269823 0.717938 0.001842
3 3 0.007693 0.008483 0.095080 0.884126 0.004618
3 3 0.003825 0.004078 0.066356 0.923273 0.002469
3 3 0.002628 0.002705 0.038191 0.955221 0.001255
3 3 0.004690 0.006352 0.087810 0.899550 0.001599
3 3 0.034657 0.035468 0.147389 0.761064 0.021422
3 3 0.008653 0.012526 0.201144 0.773123 0.004553
3 3 0.010098 0.018095 0.255105 0.713592 0.003110
3 3 0.006232 0.012698 0.395996 0.582213 0.002861
2 3 0.002211 0.005829 0.497634 0.493330 0.000996
2 3 0.001695 0.004961 0.514214 0.478491 0.000640
2 3 0.002209 0.005885 0.498846 0.492098 0.000963
3 3 0.002294 0.006002 0.492217 0.498465 0.001023
3 3 0.002571 0.006250 0.477825 0.512019 0.001336
3 3 0.001427 0.003605 0.344860 0.649568 0.000540
3 3 0.001343 0.003846 0.415055 0.579316 0.000440
3 3 0.001979 0.004176 0.292685 0.700205 0.000955
3 3 0.001033 0.002056 0.193936 0.802462 0.000512
3 3 0.001080 0.001840 0.139661 0.856810 0.000609
3 3 0.001376 0.002414 0.145588 0.849975 0.000647
3 3 0.002121 0.004049 0.208114 0.784806 0.000910
3 3 0.002527 0.004777 0.194206 0.797552 0.000938
3 3 0.004081 0.007033 0.228132 0.758754 0.002000
3 3 0.002784 0.004543 0.148140 0.843341 0.001191
3 3 0.003870 0.006396 0.194168 0.793715 0.001851
3 3 0.003581 0.006815 0.261107 0.726924 0.001572
3 3 0.002956 0.005166 0.175809 0.814888 0.001181
3 3 0.002524 0.004662 0.174819 0.817102 0.000894
3 3 0.002659 0.004912 0.189311 0.802108 0.001010
3 3 0.003315 0.005238 0.147458 0.842546 0.001442
3 3 0.001850 0.002746 0.086438 0.908235 0.000731
3 3 0.001618 0.002837 0.135595 0.859307 0.000643
3 3 0.001959 0.003103 0.111044 0.883098 0.000797
3 3 0.002269 0.003734 0.128255 0.864858 0.000884
3 3 0.004676 0.005555 0.077097 0.910478 0.002193
3 3 0.003044 0.004029 0.089447 0.902033 0.001447
3 3 0.002209 0.003138 0.079987 0.913817 0.000850
3 3 0.003709 0.004347 0.065905 0.924314 0.001725
3 3 0.002150 0.003084 0.080034 0.913921 0.000811
3 3 0.002551 0.003411 0.079042 0.913883 0.001113
3 3 0.002481 0.003376 0.076946 0.916196 0.001001
3 3 0.006061 0.007249 0.094297 0.889337 0.003056
3 3 0.004992 0.004958 0.042769 0.945090 0.002190
3 3 0.007953 0.006486 0.044602 0.936366 0.004592
3 3 0.005562 0.005414 0.044445 0.941993 0.002586
3 3 0.008058 0.008876 0.067772 0.912087 0.003206
3 3 0.005343 0.005351 0.045229 0.941738 0.002339
3 3 0.002312 0.003672 0.127385 0.865626 0.001005
3 3 0.002273 0.003933 0.134800 0.858209 0.000786
3 3 0.002664 0.004681 0.141983 0.849820 0.000852
3 3 0.004139 0.006334 0.131129 0.856836 0.001561
3 3 0.004148 0.005380 0.075817 0.913168 0.001487
3 3 0.006352 0.008089 0.095427 0.887599 0.002533
3 3 0.007126 0.009961 0.089626 0.891501 0.001786
3 3 0.023249 0.065455 0.372026 0.532273 0.006997
3 3 0.011686 0.015786 0.140291 0.827902 0.004336
3 3 0.006957 0.010130 0.151359 0.828723 0.002832
3 3 0.004656 0.007694 0.187382 0.798335 0.001933
3 3 0.003590 0.004776 0.113179 0.876435 0.002021
3 3 0.004327 0.004741 0.085062 0.902714 0.003156
3 3 0.004156 0.005327 0.100479 0.887889 0.002149
3 3 0.006440 0.008286 0.109551 0.872835 0.002888
3 3 0.008486 0.010436 0.102744 0.874742 0.003591
3 3 0.004334 0.007452 0.205621 0.780773 0.001821
3 3 0.003003 0.006269 0.235839 0.753977 0.000912
2 3 0.015365 0.033632 0.500293 0.438071 0.012639
2 3 0.027480 0.064287 0.468301 0.407749 0.032183
2 3 0.027522 0.122950 0.623744 0.175551 0.050234
3 3 0.015527 0.028823 0.252059 0.696071 0.007521
3 3 0.006905 0.012013 0.231909 0.746634 0.002540
3 3 0.001590 0.004499 0.375777 0.617706 0.000429
3 3 0.001902 0.005043 0.399214 0.593197 0.000644
2 3 0.001341 0.004207 0.524420 0.469571 0.000462
3 3 0.002797 0.006885 0.474982 0.514019 0.001317
3 3 0.002699 0.007168 0.402082 0.587288 0.000763
3 3 0.005439 0.012640 0.399823 0.580396 0.001701
3 3 0.005244 0.012101 0.394129 0.586849 0.001678
3 3 0.003897 0.007795 0.263561 0.723359 0.001388
3 3 0.004233 0.008379 0.274076 0.711735 0.001577
3 3 0.004049 0.007871 0.239766 0.746931 0.001383
3 3 0.004790 0.008903 0.240756 0.743782 0.001768
3 3 0.003208 0.005946 0.189451 0.800305 0.001091
3 3 0.004508 0.007023 0.160693 0.825829 0.001946
3 3 0.003371 0.006297 0.203143 0.786003 0.001186
3 3 0.003522 0.006636 0.217485 0.771079 0.001278
3 3 0.002012 0.003974 0.153409 0.840065 0.000540
3 3 0.001876 0.004267 0.244308 0.748985 0.000563
3 3 0.001596 0.003934 0.280147 0.713853 0.000469
3 3 0.001397 0.003223 0.215860 0.779123 0.000398
3 3 0.001444 0.003342 0.210185 0.784642 0.000387
3 3 0.001023 0.002505 0.197531 0.798692 0.000249
3 3 0.001087 0.002597 0.198147 0.797888 0.000281
3 3 0.001439 0.002961 0.169019 0.826133 0.000448
3 3 0.001915 0.003058 0.112795 0.881450 0.000782
3 3 0.002856 0.003769 0.085517 0.906510 0.001347
3 3 0.001776 0.002909 0.096454 0.898286 0.000574
3 3 0.001383 0.002183 0.072960 0.923053 0.000422
3 3 0.002011 0.002797 0.067144 0.927331 0.000717
3 3 0.001325 0.001853 0.061222 0.935080 0.000521
3 3 0.001721 0.002359 0.079321 0.915747 0.000851
3 3 0.002096 0.002776 0.064863 0.929427 0.000838
3 3 0.002950 0.004701 0.110416 0.880992 0.000940
3 3 0.002653 0.004053 0.090919 0.901547 0.000829
3 3 0.002130 0.003377 0.088525 0.905333 0.000635
3 3 0.007119 0.007846 0.070646 0.911227 0.003163
3 3 0.005089 0.006164 0.079676 0.906857 0.002213
3 3 0.010582 0.011873 0.082626 0.890620 0.004298
3 3 0.083316 0.087679 0.329211 0.483996 0.015798
3 3 0.085064 0.108876 0.367680 0.416320 0.022059
2 3 0.071082 0.198460 0.521101 0.173210 0.036147
2 3 0.037416 0.149016 0.491935 0.284580 0.037053
2 3 0.029539 0.154212 0.533855 0.249678 0.032717
2 3 0.024602 0.147370 0.603215 0.197620 0.027193
2 3 0.027173 0.165455 0.630994 0.117404 0.058973
2 0 0.029400 0.146109 0.635886 0.149925 0.038679
2 0 0.062524 0.168875 0.536936 0.187787 0.043879
2 0 0.038498 0.231381 0.654732 0.044546 0.030842
0 0 0.336411 0.251437 0.284322 0.043311 0.084519
4 0 0.245781 0.104917 0.104162 0.061333 0.483807
4 0 0.234539 0.026691 0.019277 0.090740 0.628752
4 0 0.146984 0.020682 0.014791 0.080442 0.737101
4 0 0.126697 0.035160 0.041065 0.266682 0.530396
4 1 0.061426 0.117951 0.144133 0.121025 0.555464
2 1 0.048537 0.232442 0.393429 0.105347 0.220244
4 4 0.031956 0.107428 0.101890 0.040023 0.718702
4 4 0.028481 0.109739 0.114007 0.028405 0.719369
4 4 0.039032 0.148530 0.179099 0.053925 0.579413
4 4 0.039355 0.158615 0.325746 0.078353 0.397932
4 4 0.024405 0.156850 0.271464 0.019823 0.527458
4 4 0.026048 0.189091 0.212430 0.015368 0.557063
4 4 0.029532 0.166040 0.139787 0.019300 0.645341
4 4 0.029871 0.179347 0.150785 0.018215 0.621781
4 4 0.034617 0.110687 0.099503 0.035294 0.719899
4 4 0.032277 0.136356 0.118706 0.026403 0.686259
4 4 0.025569 0.114645 0.110241 0.023004 0.726541
4 4 0.026545 0.081581 0.081502 0.032846 0.777526
4 4 0.019203 0.052603 0.060147 0.031524 0.836523
4 4 0.024274 0.042667 0.046985 0.050947 0.835127
4 4 0.032634 0.046903 0.044982 0.067597 0.807885
4 4 0.045479 0.078597 0.085156 0.092107 0.698660
4 4 0.046326 0.089406 0.120352 0.108902 0.635013
4 4 0.045755 0.130232 0.178603 0.101322 0.544087
4 4 0.020607 0.059452 0.052366 0.028009 0.839566
4 4 0.028694 0.041755 0.041860 0.074996 0.812695
4 4 0.031718 0.033671 0.035762 0.106340 0.792509
4 4 0.032909 0.025998 0.031352 0.176967 0.732774
4 4 0.032709 0.045337 0.044826 0.075573 0.801555
4 4 0.035049 0.046847 0.049719 0.096325 0.772060
4 4 0.037842 0.063251 0.068227 0.085153 0.745527
4 4 0.043243 0.075511 0.094164 0.135895 0.651188
4 4 0.045914 0.075015 0.100739 0.172767 0.605565
4 4 0.030923 0.046484 0.044046 0.063020 0.815527
4 4 0.028596 0.050537 0.046608 0.052501 0.821759
4 4 0.025891 0.057203 0.050910 0.040955 0.825042
4 4 0.017967 0.045747 0.049534 0.031616 0.855135
4 4 0.028566 0.142896 0.122472 0.022280 0.683785
4 4 0.038862 0.197408 0.204396 0.037223 0.522111
4 4 0.050347 0.164463 0.207481 0.089937 0.487772
4 4 0.045265 0.160206 0.172544 0.055602 0.566383
4 4 0.024859 0.075004 0.077429 0.033088 0.789620
4 4 0.016448 0.067800 0.082785 0.021057 0.811910
4 4 0.024383 0.108353 0.122958 0.012446 0.731860
4 4 0.021459 0.089779 0.164601 0.026133 0.698027
4 4 0.030302 0.149781 0.279841 0.043216 0.496860
2 4 0.032106 0.160449 0.525164 0.098566 0.183716
2 4 0.025775 0.069460 0.490583 0.355813 0.058368
3 4 0.020891 0.032508 0.283584 0.628793 0.034224
3 4 0.009682 0.011914 0.208358 0.761072 0.008974
3 4 0.009301 0.012346 0.249265 0.720637 0.008451
3 4 0.007632 0.012227 0.378104 0.595087 0.006951
3 4 0.006262 0.010760 0.485736 0.489979 0.007263
2 4 0.008529 0.024023 0.680043 0.272304 0.015103
2 4 0.026634 0.104669 0.556427 0.115748 0.196522
2 4 0.036259 0.148224 0.412956 0.102618 0.299943
4 4 0.038702 0.192242 0.176686 0.026939 0.565431
4 4 0.034919 0.170338 0.193102 0.032703 0.568938
4 4 0.048080 0.217910 0.294282 0.063499 0.376229
2 4 0.037467 0.150645 0.400934 0.131226 0.279728
2 4 0.032522 0.138374 0.541009 0.175856 0.112239
2 4 0.033870 0.139152 0.447112 0.104284 0.275582
2 4 0.026908 0.125661 0.583669 0.159762 0.104001
3 4 0.097245 0.132215 0.274544 0.341408 0.154589
3 4 0.083573 0.108626 0.322072 0.385475 0.100255
3 1 0.035028 0.048025 0.205013 0.677034 0.034901
2 1 0.041225 0.187192 0.485086 0.125940 0.160557
3 1 0.019170 0.028302 0.289449 0.638241 0.024837
2 1 0.041424 0.141586 0.444528 0.188816 0.183645
2 1 0.036967 0.182629 0.476396 0.092479 0.211529
4 1 0.025614 0.307374 0.261425 0.009514 0.396072
2 1 0.023913 0.262743 0.521764 0.024546 0.167035
2 0 0.087499 0.246846 0.419351 0.069743 0.176560
2 0 0.093789 0.128777 0.468705 0.235268 0.073461
3 0 0.218841 0.105246 0.181222 0.342503 0.152188
4 0 0.066393 0.090384 0.140017 0.224122 0.479084
4 1 0.025582 0.069354 0.060439 0.034177 0.810448
4 1 0.014944 0.040372 0.032734 0.024516 0.887433
4 1 0.020456 0.038092 0.033403 0.040789 0.867260
4 1 0.033140 0.053171 0.050542 0.062263 0.800885
4 1 0.031558 0.054187 0.053204 0.065715 0.795335
4 1 0.047956 0.137896 0.195708 0.136892 0.481548
4 1 0.050235 0.153383 0.205137 0.111004 0.480241
4 1 0.041094 0.118656 0.185715 0.073658 0.580878
4 1 0.047149 0.118862 0.251838 0.153545 0.428606
4 1 0.039782 0.170654 0.170938 0.039188 0.579438
4 1 0.051923 0.179410 0.204239 0.064366 0.500062
4 1 0.073451 0.206048 0.272530 0.099821 0.348150
2 1 0.060427 0.263237 0.401419 0.080876 0.194041
2 1 0.029745 0.371799 0.440993 0.014189 0.143275
1 1 0.023102 0.393303 0.310424 0.004630 0.268542
4 0 0.032794 0.314332 0.297829 0.014575 0.340469
4 0 0.065940 0.236694 0.172030 0.013726 0.511610
4 0 0.250038 0.122135 0.152059 0.110058 0.365710
0 0 0.432005 0.133226 0.158415 0.102103 0.174251
0 0 0.708865 0.121444 0.087793 0.015188 0.066711
0 0 0.743060 0.090626 0.047124 0.008504 0.110687
3 0 0.179122 0.077993 0.138188 0.426441 0.178257
4 0 0.128184 0.139691 0.156302 0.113494 0.462330
4 0 0.127743 0.057407 0.051477 0.100888 0.662485
0 0 0.408503 0.086038 0.088972 0.141083 0.275404
3 0 0.273168 0.090432 0.145568 0.329038 0.161795
3 0 0.168400 0.146477 0.255166 0.265989 0.163967
2 0 0.049819 0.186632 0.519315 0.201646 0.042588
2 0 0.012561 0.090987 0.809832 0.073527 0.013093
2 1 0.006805 0.071567 0.875090 0.035102 0.011435
2 1 0.013191 0.132952 0.758534 0.023699 0.071623
2 1 0.032552 0.204684 0.547665 0.024765 0.190334
2 1 0.043688 0.221303 0.557794 0.037138 0.140076
2 1 0.040177 0.321585 0.542584 0.027480 0.068174
2 1 0.023767 0.393578 0.429355 0.008893 0.144407
4 1 0.029698 0.257426 0.176800 0.006477 0.529600
4 1 0.030748 0.187841 0.151512 0.015453 0.614446
4 0 0.078505 0.122836 0.083319 0.019745 0.695596
3 0 0.091305 0.059603 0.101154 0.433297 0.314641
3 0 0.118507 0.080679 0.160581 0.473222 0.167011
3 0 0.194175 0.081410 0.131822 0.377768 0.214825
3 0 0.085461 0.092650 0.161027 0.357479 0.303384
4 0 0.048200 0.136163 0.155230 0.077384 0.583023
4 0 0.073719 0.187478 0.209545 0.070179 0.459079
4 0 0.093818 0.115494 0.166390 0.221508 0.402790
4 0 0.220069 0.069887 0.088630 0.274073 0.347341
0 0 0.326578 0.092296 0.118671 0.227768 0.234686
0 0 0.537120 0.081636 0.068086 0.070602 0.242556
0 0 0.492103 0.075329 0.074949 0.122007 0.235613
0 0 0.601158 0.095239 0.099534 0.083984 0.120084
0 0 0.624482 0.092879 0.081273 0.055817 0.145550
0 0 0.678987 0.106520 0.086905 0.031326 0.096262
0 0 0.660196 0.135187 0.128949 0.027506 0.048162
0 0 0.656059 0.149311 0.145010 0.019305 0.030315
0 0 0.544159 0.112283 0.154800 0.120792 0.067966
0 0 0.558427 0.096630 0.125677 0.130548 0.088717
0 0 0.566271 0.102674 0.155661 0.127923 0.047472
0 0 0.618741 0.094804 0.120490 0.099612 0.066353
0 0 0.591109 0.113596 0.146205 0.089237 0.059853
3 0 0.297020 0.093484 0.239092 0.344398 0.026006
0 0 0.486328 0.103912 0.159318 0.177508 0.072934
0 0 0.433280 0.085919 0.134818 0.247103 0.098880
0 0 0.411353 0.088831 0.150866 0.266925 0.082025
0 0 0.457030 0.131907 0.233944 0.142364 0.034755
0 0 0.721511 0.131702 0.103552 0.010853 0.032381
0 0 0.733146 0.127482 0.102330 0.010122 0.026920
0 0 0.846678 0.085074 0.048252 0.002609 0.017387
0 0 0.860033 0.059972 0.027691 0.003429 0.048875
0 0 0.784090 0.082674 0.052392 0.011640 0.069205
0 0 0.637059 0.133711 0.156524 0.039459 0.033247
0 0 0.451995 0.153341 0.262268 0.103516 0.028880
0 0 0.386870 0.149235 0.276294 0.151835 0.035767
0 0 0.455028 0.139527 0.187191 0.125396 0.092858
0 0 0.719959 0.096783 0.079821 0.027888 0.075548
0 0 0.784791 0.079408 0.069487 0.023223 0.043090
0 0 0.804625 0.061276 0.042482 0.018046 0.073571
0 0 0.744418 0.083917 0.074205 0.032595 0.064865
0 0 0.489525 0.141657 0.224041 0.106497 0.038280
0 0 0.649361 0.088157 0.068244 0.040112 0.154126
0 0 0.396804 0.080538 0.090651 0.176560 0.255447
4 1 0.320212 0.146318 0.123253 0.058031 0.352186
4 1 0.028562 0.086216 0.367531 0.072995 0.444696
4 1 0.017418 0.059201 0.204979 0.034745 0.683657
4 1 0.016994 0.057421 0.132583 0.030877 0.762125
4 1 0.014252 0.029590 0.060391 0.040219 0.855548
4 4 0.018325 0.039780 0.053869 0.039189 0.848836
4 4 0.018671 0.038575 0.033074 0.035315 0.874365
4 4 0.008832 0.021244 0.024654 0.022176 0.923094
4 4 0.010008 0.016741 0.017146 0.020468 0.935637
4 4 0.012910 0.023611 0.029758 0.035641 0.898079
4 4 0.016998 0.031248 0.032189 0.039031 0.880533
4 4 0.019743 0.031370 0.030529 0.046932 0.871425
4 4 0.016975 0.025865 0.026022 0.044852 0.886285
4 4 0.018919 0.019028 0.014484 0.031752 0.915817
4 4 0.014108 0.010374 0.005856 0.011378 0.958283
4 4 0.009990 0.012008 0.008155 0.016931 0.952915
4 4 0.011391 0.019444 0.013890 0.018023 0.937252
4 4 0.009974 0.016517 0.013098 0.026068 0.934342
4 4 0.012456 0.023188 0.019083 0.029661 0.915612
4 4 0.018646 0.025527 0.022832 0.049537 0.883458
4 4 0.020220 0.048808 0.053839 0.035560 0.841573
4 4 0.022544 0.033096 0.040453 0.058327 0.845580
4 4 0.025562 0.032750 0.036565 0.067737 0.837385
4 4 0.023601 0.024601 0.021205 0.051048 0.879545
4 4 0.016829 0.025236 0.022066 0.043043 0.892826
4 4 0.017396 0.039626 0.033466 0.031176 0.878336
4 4 0.015334 0.036527 0.036798 0.029656 0.881685
4 4 0.021311 0.046921 0.053156 0.039829 0.838782
4 4 0.015849 0.024626 0.026556 0.043423 0.889546
4 4 0.015431 0.023998 0.026115 0.036289 0.898168
4 4 0.023830 0.032930 0.027613 0.018049 0.897579
4 4 0.015270 0.031084 0.026007 0.031441 0.896197
4 4 0.015846 0.030496 0.025784 0.033726 0.894148
4 4 0.017546 0.039757 0.033499 0.031440 0.877758
4 4 0.038924 0.052449 0.073477 0.210963 0.624187
4 4 0.056254 0.078279 0.116294 0.242934 0.506238
3 4 0.026112 0.029981 0.185767 0.720004 0.038136
3 4 0.016615 0.031146 0.400775 0.535111 0.016352
3 4 0.018184 0.028426 0.392807 0.532051 0.028532
3 4 0.016695 0.028706 0.413326 0.518004 0.023270
3 4 0.021840 0.034786 0.395548 0.518290 0.029536
2 4 0.021982 0.050031 0.611610 0.273227 0.043150
2 4 0.021733 0.043228 0.572389 0.318006 0.044644
2 4 0.026350 0.062503 0.590190 0.244547 0.076410
2 2 0.028919 0.087853 0.597380 0.187074 0.098775
2 2 0.044285 0.139987 0.435765 0.127825 0.252138
2 2 0.042301 0.141353 0.488326 0.209845 0.118176
2 2 0.024095 0.139350 0.677773 0.091375 0.067407
2 2 0.024589 0.111236 0.671632 0.108775 0.083768
2 2 0.014183 0.058517 0.733492 0.150933 0.042875
2 2 0.024640 0.077319 0.573358 0.207685 0.116999
2 2 0.031217 0.101765 0.406814 0.141160 0.319044
2 2 0.026653 0.142562 0.475354 0.094257 0.261174
2 2 0.030301 0.164050 0.485560 0.116296 0.203792
4 2 0.037133 0.146774 0.225061 0.062501 0.528531
2 2 0.028760 0.117100 0.423865 0.100202 0.330074
4 2 0.022489 0.085408 0.093296 0.025838 0.772969
4 2 0.021377 0.054665 0.044750 0.027525 0.851683
4 2 0.146307 0.101483 0.087748 0.065913 0.598549
4 2 0.231222 0.065595 0.086453 0.298334 0.318395
2 2 0.156113 0.166305 0.252148 0.196452 0.228981
3 2 0.011043 0.020228 0.472305 0.487644 0.008780
3 2 0.006236 0.012263 0.466249 0.511067 0.004185
2 2 0.003206 0.007427 0.528470 0.458807 0.002090
2 2 0.003041 0.006841 0.537248 0.450542 0.002328
2 2 0.002649 0.006661 0.588610 0.400344 0.001736
3 2 0.007789 0.014020 0.462996 0.508869 0.006327
2 2 0.007736 0.014678 0.527927 0.443126 0.006532
2 2 0.006296 0.013499 0.622862 0.352094 0.005249
2 2 0.004857 0.012033 0.641596 0.338580 0.002934
2 2 0.005978 0.014424 0.700859 0.274330 0.004409
2 2 0.005259 0.012428 0.682038 0.296116 0.004160
2 3 0.003825 0.009944 0.643423 0.340595 0.002212
2 3 0.004122 0.010665 0.707900 0.274389 0.002924
2 3 0.005872 0.014902 0.754010 0.219289 0.005927
2 3 0.004450 0.011128 0.732571 0.248092 0.003759
2 3 0.004188 0.011220 0.707474 0.274519 0.002599
2 3 0.004199 0.011801 0.752492 0.228903 0.002604
2 3 0.003679 0.009758 0.659574 0.324855 0.002134
2 3 0.003680 0.009227 0.590711 0.394312 0.002069
3 3 0.004427 0.009324 0.447170 0.536482 0.002596
3 3 0.003492 0.007436 0.416826 0.570246 0.001999
3 3 0.002648 0.005721 0.402522 0.587532 0.001578
3 3 0.002816 0.006165 0.418862 0.570511 0.001646
3 3 0.002539 0.005812 0.410389 0.579963 0.001297
3 3 0.002429 0.005670 0.386841 0.603976 0.001085
3 3 0.003389 0.007050 0.418790 0.568614 0.002156
3 3 0.002262 0.004877 0.328088 0.663673 0.001100
3 3 0.002687 0.005705 0.314350 0.676068 0.001190
3 3 0.003209 0.007295 0.358902 0.629374 0.001221
3 3 0.003450 0.007651 0.359869 0.627645 0.001385
3 3 0.004628 0.007062 0.178249 0.807652 0.002408
3 3 0.003366 0.004988 0.131762 0.858289 0.001596
3 3 0.003158 0.005632 0.254581 0.734824 0.001806
3 3 0.003661 0.005986 0.201944 0.786443 0.001966
3 3 0.002808 0.004386 0.156540 0.834773 0.001493
3 3 0.003500 0.004779 0.133828 0.855676 0.002217
3 3 0.002126 0.003239 0.127379 0.866136 0.001119
3 3 0.001957 0.002748 0.103672 0.890492 0.001131
3 3 0.001981 0.002636 0.086545 0.907723 0.001116
3 3 0.001712 0.002366 0.087039 0.907966 0.000917
3 3 0.002387 0.002823 0.078363 0.914774 0.001653
3 3 0.002271 0.002858 0.096900 0.896317 0.001654
3 3 0.002793 0.003326 0.085047 0.906923 0.001911
3 3 0.002900 0.003534 0.084971 0.906808 0.001787
3 3 0.002227 0.003303 0.107221 0.886221 0.001028
3 3 0.003285 0.004043 0.086860 0.903936 0.001876
3 3 0.002451 0.002918 0.065479 0.927822 0.001330
3 3 0.002647 0.002758 0.044336 0.948833 0.001427
3 3 0.003740 0.003713 0.048790 0.941538 0.002219
3 3 0.001834 0.002092 0.048818 0.946285 0.000970
3 3 0.002735 0.002972 0.057140 0.935490 0.001663
3 3 0.002665 0.002604 0.047356 0.945438 0.001938
3 3 0.002193 0.002180 0.041810 0.952372 0.001445
3 3 0.002404 0.002235 0.033629 0.960231 0.001500
3 3 0.003501 0.003168 0.033910 0.957433 0.001989
3 3 0.003385 0.002905 0.027324 0.964530 0.001856
3 3 0.002244 0.002134 0.024488 0.970194 0.000941
3 3 0.002453 0.002338 0.030543 0.963422 0.001244
3 3 0.002911 0.002780 0.037679 0.954935 0.001694
3 3 0.002678 0.002521 0.032230 0.961131 0.001440
3 3 0.002776 0.002813 0.041038 0.951896 0.001476
3 3 0.001728 0.002037 0.046160 0.949287 0.000788
3 3 0.002990 0.002897 0.041365 0.950938 0.001811
3 3 0.002402 0.002412 0.037467 0.956432 0.001287
3 3 0.003636 0.003352 0.035444 0.955577 0.001991
3 3 0.003982 0.003782 0.038372 0.951819 0.002045
3 3 0.003066 0.003202 0.048786 0.943256 0.001689
3 3 0.002975 0.003324 0.050771 0.941560 0.001370
3 3 0.003108 0.003240 0.041382 0.950851 0.001419
3 3 0.002531 0.002763 0.046617 0.946837 0.001252
3 3 0.001913 0.001993 0.032921 0.962296 0.000877
3 3 0.002187 0.002411 0.044083 0.950260 0.001059
3 3 0.003047 0.003212 0.044705 0.947560 0.001476
3 3 0.003016 0.003620 0.061190 0.930854 0.001320
3 3 0.004104 0.004540 0.062035 0.927249 0.002073
3 3 0.002635 0.002797 0.042496 0.950801 0.001270
3 3 0.002900 0.002957 0.041088 0.951578 0.001477
3 3 0.003405 0.003279 0.041091 0.950274 0.001951
3 3 0.004399 0.004196 0.045630 0.943211 0.002564
3 3 0.003313 0.003372 0.036067 0.955881 0.001367
3 3 0.002831 0.002958 0.044482 0.948267 0.001462
3 3 0.002098 0.002155 0.032561 0.962235 0.000951
3 3 0.002052 0.002234 0.038604 0.956183 0.000927
3 3 0.001985 0.002035 0.035054 0.959911 0.001015
3 3 0.001855 0.001861 0.033059 0.962230 0.000994
3 3 0.002276 0.001886 0.021630 0.972863 0.001346
3 3 0.002114 0.001524 0.015052 0.979881 0.001429
3 3 0.001501 0.001234 0.014758 0.981761 0.000745
3 3 0.001416 0.001092 0.013847 0.982799 0.000847
3 3 0.001346 0.001352 0.028594 0.967985 0.000724
3 3 0.003454 0.002842 0.025335 0.966366 0.002002
3 3 0.004120 0.003408 0.028617 0.961411 0.002444
3 3 0.003138 0.002656 0.024867 0.967643 0.001695
3 3 0.004025 0.003487 0.030253 0.960051 0.002183
3 3 0.003737 0.002964 0.025195 0.965749 0.002354
3 3 0.003369 0.002748 0.024603 0.967306 0.001975
3 3 0.002885 0.002476 0.024682 0.968421 0.001536
3 3 0.002940 0.002488 0.023843 0.969160 0.001569
3 3 0.002473 0.002067 0.020922 0.973230 0.001307
3 3 0.003189 0.002460 0.021794 0.970504 0.002053
3 3 0.002298 0.001844 0.018747 0.975819 0.001291
3 3 0.001758 0.001554 0.018268 0.977634 0.000786
3 3 0.001799 0.001619 0.019073 0.976729 0.000780
3 3 0.001576 0.001270 0.015255 0.981050 0.000848
3 3 0.001837 0.001492 0.016514 0.979190 0.000968
3 3 0.002101 0.001570 0.015849 0.979154 0.001326
3 3 0.001498 0.001063 0.011752 0.984710 0.000977
3 3 0.002007 0.001344 0.013006 0.982103 0.001540
3 3 0.001716 0.001237 0.013150 0.982782 0.001115
3 3 0.002197 0.001513 0.014402 0.980262 0.001626
3 3 0.002805 0.002188 0.020415 0.972865 0.001726
3 3 0.003026 0.002399 0.021975 0.970767 0.001833
3 3 0.002495 0.002185 0.022597 0.971513 0.001211
3 3 0.002232 0.002048 0.022590 0.972157 0.000973
3 3 0.001791 0.001794 0.029222 0.966335 0.000857
3 3 0.001514 0.001475 0.025122 0.971152 0.000737
3 3 0.001865 0.002021 0.035376 0.959921 0.000817
3 3 0.001920 0.002223 0.049870 0.945023 0.000964
3 3 0.002745 0.003307 0.062673 0.929995 0.001279
3 3 0.002473 0.003340 0.078584 0.914552 0.001051
3 3 0.001945 0.002371 0.055843 0.938926 0.000915
3 3 0.007461 0.010930 0.119544 0.859901 0.002164
3 1 0.016329 0.038975 0.269334 0.671277 0.004085
3 1 0.011916 0.016638 0.163081 0.803698 0.004667
3 1 0.005771 0.009912 0.259942 0.721548 0.002827
3 1 0.008666 0.013343 0.294117 0.677890 0.005985
3 1 0.010602 0.016253 0.340417 0.624514 0.008215
3 1 0.013133 0.019977 0.349673 0.605345 0.011872
3 1 0.030796 0.051409 0.387791 0.470370 0.059633
2 1 0.039777 0.102083 0.493271 0.231364 0.133506
2 1 0.039761 0.156751 0.506893 0.128629 0.167965
4 1 0.045554 0.180787 0.305624 0.070254 0.397780
4 1 0.021509 0.139352 0.289041 0.021572 0.528526
4 1 0.017298 0.082234 0.186852 0.022966 0.690651
4 1 0.014551 0.099482 0.139029 0.013298 0.733640
4 1 0.031741 0.229501 0.226489 0.024198 0.488071
2 1 0.034322 0.312006 0.400458 0.030303 0.222912
4 1 0.044600 0.197283 0.261679 0.064384 0.432054
4 1 0.042379 0.143979 0.201126 0.086562 0.525954
4 1 0.022367 0.064300 0.078849 0.033773 0.800712
4 1 0.028036 0.077384 0.086202 0.038322 0.770056
4 1 0.027085 0.128965 0.108134 0.021538 0.714278
4 1 0.042441 0.174203 0.281821 0.053589 0.447946
2 1 0.042784 0.178714 0.416577 0.082147 0.279777
2 1 0.042948 0.163317 0.376503 0.071178 0.346055
2 1 0.035180 0.094258 0.510216 0.244706 0.115640
2 1 0.033426 0.103107 0.533366 0.213998 0.116103
2 1 0.030963 0.073224 0.457835 0.380226 0.057753
3 1 0.017250 0.030177 0.384552 0.553165 0.014855
3 1 0.017309 0.024673 0.366051 0.575332 0.016635
3 1 0.004219 0.009262 0.439291 0.545099 0.002129
3 1 0.003032 0.007245 0.420033 0.568435 0.001254
2 1 0.006887 0.014247 0.492885 0.481961 0.004021
3 1 0.008700 0.014715 0.466752 0.501373 0.008461
2 1 0.031581 0.080158 0.478764 0.199327 0.210170
4 1 0.034761 0.152005 0.351018 0.068605 0.393611
4 1 0.025864 0.236854 0.190528 0.011156 0.535597
1 1 0.020374 0.389430 0.344487 0.005632 0.240077
4 1 0.147245 0.259959 0.205811 0.022254 0.364731
0 0 0.484450 0.101415 0.110999 0.123190 0.179947
0 0 0.631611 0.045746 0.033245 0.054118 0.235280
0 0 0.712589 0.033404 0.029384 0.078472 0.146150
0 0 0.433520 0.044685 0.078533 0.362075 0.081187
0 0 0.499536 0.130304 0.193285 0.121175 0.055700
2 0 0.031323 0.097856 0.471513 0.390167 0.009141
2 1 0.035284 0.245051 0.554551 0.096593 0.068522
2 1 0.028690 0.071579 0.519943 0.295861 0.083927
2 1 0.020493 0.037665 0.474942 0.421130 0.045769
2 1 0.022630 0.042381 0.466567 0.423845 0.044578
2 1 0.029246 0.061355 0.445113 0.413200 0.051086
2 1 0.041592 0.102840 0.411099 0.351827 0.092642
4 1 0.049294 0.108457 0.209864 0.162631 0.469754
4 1 0.032174 0.064706 0.098905 0.074356 0.729859
4 4 0.020837 0.032380 0.037376 0.052246 0.857162
4 4 0.016884 0.029512 0.025406 0.038030 0.890167
4 4 0.017375 0.029518 0.025580 0.039655 0.887872
4 4 0.010553 0.015681 0.012946 0.032009 0.928812
4 4 0.010664 0.012372 0.008310 0.016745 0.951910
4 4 0.016557 0.016880 0.009995 0.012204 0.944364
4 4 0.023460 0.018247 0.012638 0.026258 0.919397
4 4 0.047678 0.164662 0.297245 0.185287 0.305128
4 4 0.029788 0.098817 0.146649 0.076521 0.648225
3 4 0.037102 0.076527 0.290968 0.404171 0.191232
3 4 0.045651 0.060855 0.156268 0.487131 0.250095
4 4 0.047804 0.063023 0.133080 0.372656 0.383438
4 4 0.040085 0.047788 0.119757 0.319997 0.472374
