4 0 0.098101 0.033797 0.019012 0.000782 0.848308
4 0 0.101422 0.038783 0.019843 0.000770 0.839182
4 1 0.036396 0.059564 0.036291 0.001660 0.866089
4 1 0.024549 0.137555 0.099807 0.005679 0.732410
4 1 0.019285 0.111933 0.081822 0.004767 0.782193
4 4 0.023744 0.170813 0.120784 0.005731 0.678928
4 4 0.029838 0.166258 0.107015 0.003913 0.692977
4 4 0.038183 0.251162 0.153801 0.004367 0.552487
4 4 0.049960 0.309494 0.212101 0.009129 0.419316
4 4 0.021114 0.351389 0.246907 0.008448 0.372142
4 4 0.018365 0.223295 0.140808 0.003685 0.613847
4 4 0.021445 0.072272 0.051316 0.003243 0.851725
4 4 0.049126 0.040642 0.027876 0.002467 0.879888
4 4 0.080533 0.049908 0.032051 0.002428 0.835081
4 4 0.058072 0.067073 0.039771 0.001832 0.833252
4 4 0.027785 0.151147 0.102277 0.004538 0.714253
4 4 0.023590 0.196801 0.142376 0.006962 0.630270
4 4 0.032064 0.169904 0.127087 0.008152 0.662793
4 4 0.027671 0.158688 0.121183 0.008199 0.684259
4 4 0.020912 0.246614 0.209254 0.016196 0.507024
4 2 0.017963 0.283003 0.231721 0.014263 0.453050
2 2 0.014358 0.308361 0.469923 0.015709 0.191650
2 2 0.013868 0.277989 0.468775 0.018481 0.220887
2 2 0.010709 0.162526 0.604660 0.035078 0.187028
2 2 0.007100 0.096974 0.723799 0.036586 0.135540
2 2 0.005944 0.062993 0.792979 0.036499 0.101585
2 2 0.003289 0.025211 0.896140 0.048682 0.026677
2 2 0.001356 0.012583 0.938762 0.040405 0.006894
2 3 0.001753 0.013602 0.911868 0.064321 0.008456
2 3 0.002886 0.012864 0.796687 0.176432 0.011130
3 3 0.004014 0.004757 0.162144 0.826263 0.002822
3 3 0.004141 0.004883 0.135070 0.852866 0.003040
3 3 0.005070 0.005951 0.169520 0.815860 0.003598
3 3 0.004145 0.004866 0.107486 0.880303 0.003199
3 3 0.002894 0.003374 0.036855 0.954161 0.002715
3 3 0.002396 0.002814 0.035284 0.957273 0.002233
3 3 0.002450 0.002874 0.035043 0.957343 0.002290
3 3 0.001545 0.001842 0.028731 0.966435 0.001447
3 3 0.001021 0.001231 0.019844 0.976907 0.000997
3 3 0.000934 0.001129 0.018813 0.978209 0.000915
3 3 0.001235 0.001479 0.022228 0.973861 0.001197
3 3 0.000756 0.000919 0.016577 0.981001 0.000746
3 3 0.000902 0.001091 0.018424 0.978698 0.000885
3 3 0.001014 0.001222 0.019761 0.977012 0.000990
3 3 0.001006 0.001213 0.019671 0.977126 0.000983
3 3 0.001522 0.001811 0.025173 0.970030 0.001463
3 3 0.001323 0.001581 0.023155 0.972663 0.001279
3 3 0.002112 0.002434 0.030314 0.963169 0.001971
3 3 0.000877 0.001062 0.018117 0.979083 0.000861
3 3 0.000688 0.000839 0.015663 0.982129 0.000681
3 3 0.000337 0.000421 0.010216 0.988683 0.000343
3 3 0.000444 0.000549 0.012048 0.986513 0.000447
3 3 0.000432 0.000535 0.011864 0.986732 0.000436
3 3 0.000542 0.000666 0.013587 0.984662 0.000542
3 3 0.001191 0.001301 0.020919 0.975518 0.001071
3 3 0.002297 0.001958 0.028142 0.965928 0.001674
3 3 0.001161 0.001097 0.019386 0.977429 0.000928
3 3 0.000315 0.000394 0.009814 0.989154 0.000322
3 3 0.000301 0.000377 0.009542 0.989473 0.000308
3 3 0.000606 0.000742 0.014525 0.983522 0.000604
3 3 0.000564 0.000530 0.012432 0.986022 0.000452
3 3 0.000445 0.000426 0.010837 0.987929 0.000364
3 3 0.000167 0.000213 0.006696 0.992750 0.000175
3 3 0.000251 0.000316 0.008557 0.990618 0.000258
3 3 0.000541 0.000592 0.012920 0.985456 0.000492
3 3 0.000140 0.000180 0.006030 0.993503 0.000148
3 3 0.000229 0.000289 0.008089 0.991158 0.000236
3 3 0.000231 0.000292 0.008146 0.991093 0.000239
3 3 0.000337 0.000393 0.009926 0.989020 0.000325
3 3 0.000407 0.000448 0.010884 0.987888 0.000373
3 3 0.000828 0.000741 0.015413 0.982383 0.000636
3 3 0.000779 0.000694 0.014818 0.983114 0.000596
3 3 0.000286 0.000302 0.008608 0.990550 0.000255
3 3 0.001077 0.000885 0.017464 0.979805 0.000768
3 3 0.000306 0.000341 0.009182 0.989887 0.000284
3 3 0.001313 0.001050 0.019492 0.977231 0.000914
3 3 0.000834 0.000716 0.015210 0.982622 0.000618
3 3 0.001331 0.001068 0.019683 0.976988 0.000929
3 3 0.003832 0.002280 0.033054 0.958766 0.002068
3 3 0.005572 0.003531 0.042519 0.945227 0.003151
3 3 0.002025 0.001561 0.024992 0.970062 0.001361
3 3 0.002149 0.001737 0.026433 0.968181 0.001500
3 3 0.001207 0.001143 0.019868 0.976816 0.000966
3 3 0.001712 0.001511 0.023879 0.971610 0.001288
3 3 0.001264 0.001127 0.019926 0.976721 0.000962
3 3 0.010756 0.005711 0.058570 0.919743 0.005220
3 3 0.007339 0.003827 0.046290 0.939018 0.003526
3 3 0.002534 0.001528 0.025858 0.968691 0.001389
3 3 0.001018 0.000740 0.016031 0.981553 0.000658
3 3 0.000552 0.000487 0.011957 0.986583 0.000421
3 3 0.000375 0.000467 0.010897 0.987881 0.000381
3 3 0.021713 0.010725 0.085814 0.871907 0.009841
3 3 0.047154 0.015637 0.113637 0.808299 0.015272
3 3 0.072920 0.020904 0.135817 0.749521 0.020838
3 3 0.044009 0.017687 0.117850 0.803763 0.016692
3 3 0.012974 0.010970 0.078934 0.887937 0.009184
3 3 0.006050 0.006907 0.065687 0.916008 0.005348
3 3 0.005809 0.006663 0.074749 0.907797 0.004981
3 3 0.004286 0.005020 0.104508 0.882849 0.003337
3 3 0.004076 0.004741 0.067881 0.919838 0.003464
3 3 0.002573 0.003036 0.050003 0.942144 0.002244
3 3 0.002837 0.003309 0.036420 0.954772 0.002663
3 3 0.001516 0.001804 0.025116 0.970106 0.001458
3 3 0.002303 0.002704 0.032192 0.960623 0.002179
3 3 0.001696 0.002028 0.039031 0.955741 0.001504
3 3 0.002328 0.002756 0.047809 0.945075 0.002032
3 3 0.001230 0.001489 0.034746 0.961448 0.001088
3 3 0.002768 0.003231 0.035895 0.955505 0.002601
3 3 0.047111 0.038308 0.158956 0.723906 0.031720
3 3 0.192377 0.089623 0.238156 0.399660 0.080184
0 3 0.445439 0.122289 0.198842 0.115930 0.117500
3 3 0.227838 0.100181 0.242302 0.339463 0.090216
3 3 0.042856 0.040029 0.184200 0.701702 0.031213
3 3 0.005085 0.005848 0.063482 0.921122 0.004463
3 3 0.005387 0.006252 0.110155 0.873980 0.004226
3 3 0.005800 0.006699 0.103575 0.879289 0.004638
3 3 0.001945 0.002315 0.041657 0.952363 0.001721
3 3 0.002402 0.002865 0.071976 0.920827 0.001930
3 3 0.002443 0.002898 0.057227 0.935368 0.002063
3 3 0.002467 0.002924 0.055765 0.936748 0.002096
3 3 0.051374 0.045764 0.171474 0.694178 0.037210
2 3 0.208804 0.123452 0.293674 0.273589 0.100481
3 3 0.155338 0.106139 0.246256 0.403481 0.088786
3 3 0.050889 0.057183 0.189425 0.658759 0.043744
3 3 0.003565 0.004127 0.041671 0.947320 0.003317
3 3 0.002927 0.003410 0.037097 0.953822 0.002744
3 3 0.001725 0.002045 0.027664 0.966921 0.001644
3 3 0.022775 0.024772 0.120034 0.812770 0.019650
3 3 0.019740 0.021581 0.111058 0.830485 0.017137
3 3 0.078979 0.062716 0.290015 0.521269 0.047020
3 3 0.039983 0.039726 0.157272 0.731253 0.031765
3 3 0.010067 0.015392 0.109930 0.854265 0.010346
3 3 0.006835 0.007795 0.076621 0.902808 0.005941
3 3 0.006397 0.007360 0.105957 0.875154 0.005132
3 3 0.004444 0.005156 0.071566 0.915072 0.003762
3 3 0.003745 0.004371 0.066413 0.922297 0.003175
3 3 0.002571 0.003008 0.034362 0.957636 0.002423
3 3 0.004067 0.004688 0.045024 0.942456 0.003764
3 3 0.004471 0.005138 0.047597 0.938671 0.004123
3 3 0.013527 0.013285 0.085847 0.876526 0.010815
3 3 0.199410 0.087218 0.236665 0.397808 0.078898
3 3 0.150834 0.069518 0.221587 0.495396 0.062666
0 3 0.356269 0.116099 0.226199 0.192356 0.109077
0 3 0.439388 0.122003 0.201068 0.120484 0.117057
0 3 0.456769 0.129852 0.191955 0.097745 0.123680
0 3 0.366666 0.134629 0.221975 0.153354 0.123376
0 3 0.615988 0.121682 0.116451 0.024520 0.121360
0 3 0.316981 0.143930 0.234588 0.177172 0.127329
3 3 0.086300 0.067416 0.232835 0.559326 0.054123
3 3 0.013930 0.015554 0.141422 0.817928 0.011166
3 3 0.002017 0.002475 0.100722 0.893285 0.001501
3 3 0.003043 0.003604 0.084264 0.906677 0.002412
3 3 0.003195 0.003760 0.069623 0.920774 0.002647
3 3 0.001466 0.001772 0.047019 0.948509 0.001235
3 3 0.002740 0.003241 0.063760 0.927975 0.002283
3 3 0.002664 0.003199 0.109722 0.882439 0.001976
3 3 0.003761 0.004895 0.160731 0.827799 0.002814
3 3 0.006933 0.008057 0.215722 0.764514 0.004774
3 3 0.012935 0.020463 0.414337 0.532787 0.019477
3 3 0.022419 0.054894 0.408253 0.447468 0.066966
2 2 0.013869 0.061751 0.537949 0.310990 0.075441
2 2 0.016933 0.110117 0.493908 0.203130 0.175913
2 2 0.018556 0.098356 0.494340 0.240826 0.147922
2 2 0.013762 0.108589 0.578103 0.169774 0.129772
2 2 0.014979 0.106107 0.551493 0.195914 0.131507
2 2 0.013869 0.105174 0.583665 0.155498 0.141794
2 2 0.014763 0.094300 0.650820 0.122696 0.117421
2 3 0.015768 0.086865 0.611698 0.202233 0.083436
2 3 0.017937 0.096112 0.624799 0.179478 0.081674
2 3 0.013448 0.094131 0.700819 0.104635 0.086966
2 3 0.005799 0.054393 0.864934 0.049182 0.025693
2 3 0.002900 0.025695 0.915106 0.045789 0.010511
2 3 0.002666 0.024131 0.933115 0.030857 0.009230
2 3 0.005976 0.037503 0.852871 0.071342 0.032308
2 3 0.023360 0.171762 0.674383 0.025640 0.104855
2 3 0.098160 0.201486 0.556003 0.060128 0.084223
0 3 0.374987 0.256381 0.185777 0.019310 0.163545
0 3 0.588430 0.206778 0.082576 0.001203 0.121013
0 3 0.366293 0.353621 0.139408 0.001390 0.139289
1 3 0.204614 0.419706 0.223428 0.005230 0.147022
0 3 0.817620 0.065396 0.031595 0.001348 0.084042
0 3 0.822577 0.065775 0.035103 0.001829 0.074717
0 0 0.406782 0.273489 0.158201 0.007242 0.154286
1 2 0.315723 0.338704 0.185125 0.005905 0.154544
1 1 0.154799 0.384223 0.193982 0.003591 0.263406
1 1 0.261317 0.421995 0.174669 0.001759 0.140260
0 1 0.360975 0.310091 0.137491 0.002212 0.189232
1 1 0.297715 0.320042 0.150157 0.002778 0.229309
1 1 0.158674 0.442474 0.205837 0.002688 0.190327
4 1 0.042254 0.331516 0.209645 0.006228 0.410358
1 1 0.050702 0.432101 0.243934 0.004575 0.268688
1 1 0.081518 0.387169 0.227556 0.005988 0.297769
1 1 0.151595 0.385821 0.238523 0.009117 0.214945
1 1 0.210851 0.401810 0.212578 0.005006 0.169755
1 1 0.267837 0.368271 0.183513 0.003867 0.176512
0 1 0.365426 0.283387 0.142530 0.003770 0.204888
0 1 0.319802 0.284349 0.185466 0.012113 0.198270
0 1 0.493641 0.168859 0.096296 0.005322 0.235882
0 1 0.717221 0.103996 0.065168 0.005941 0.107674
0 0 0.902615 0.032821 0.020916 0.000972 0.042676
0 0 0.947940 0.018637 0.006963 0.000100 0.026360
0 0 0.914834 0.031991 0.011805 0.000224 0.041147
0 0 0.798395 0.098432 0.029657 0.000217 0.073299
0 1 0.399077 0.345573 0.121573 0.000828 0.132949
1 1 0.277169 0.423765 0.160949 0.001204 0.136914
1 1 0.253598 0.443758 0.166388 0.001136 0.135121
1 1 0.304395 0.409889 0.149082 0.000992 0.135642
1 1 0.267125 0.404906 0.181248 0.002483 0.144238
0 1 0.546791 0.215971 0.101753 0.002615 0.132871
0 1 0.528758 0.230959 0.104490 0.002239 0.133554
1 1 0.210487 0.487250 0.172487 0.000870 0.128906
0 1 0.352056 0.351741 0.150739 0.002018 0.143445
0 1 0.693989 0.140527 0.059297 0.001267 0.104920
0 1 0.518754 0.250732 0.099718 0.001289 0.129506
0 1 0.453495 0.262913 0.133737 0.004013 0.145842
0 1 0.560530 0.216074 0.093679 0.001789 0.127928
0 1 0.384586 0.312256 0.151582 0.003431 0.148145
1 1 0.229577 0.422467 0.200374 0.003184 0.144399
1 1 0.197172 0.454872 0.206407 0.002589 0.138959
0 1 0.414164 0.284408 0.147475 0.004491 0.149462
0 1 0.708294 0.108891 0.065884 0.005773 0.111158
0 0 0.870812 0.051015 0.019594 0.000446 0.058133
0 0 0.956519 0.016216 0.004036 0.000028 0.023201
0 0 0.963395 0.013538 0.003122 0.000017 0.019928
0 0 0.954525 0.016995 0.004314 0.000032 0.024135
0 0 0.936674 0.023972 0.007051 0.000079 0.032224
0 0 0.942506 0.022107 0.005998 0.000052 0.029338
0 0 0.957034 0.016015 0.003965 0.000027 0.022959
0 0 0.974486 0.009246 0.001818 0.000006 0.014444
0 0 0.972155 0.010144 0.002073 0.000008 0.015620
0 0 0.959931 0.015050 0.003535 0.000020 0.021464
0 0 0.966439 0.012355 0.002742 0.000014 0.018449
0 0 0.959057 0.015227 0.003690 0.000024 0.022003
0 0 0.964633 0.013057 0.002966 0.000016 0.019329
0 0 0.966275 0.012419 0.002762 0.000014 0.018530
0 0 0.953955 0.017876 0.004232 0.000024 0.023914
0 0 0.915446 0.036064 0.009613 0.000065 0.038812
0 0 0.886237 0.051398 0.014001 0.000091 0.048273
0 0 0.865630 0.063670 0.017749 0.000089 0.052862
0 0 0.908042 0.039854 0.010704 0.000072 0.041327
0 0 0.943787 0.021922 0.005714 0.000043 0.028536
0 0 0.946869 0.020428 0.005319 0.000040 0.027343
0 1 0.944668 0.020846 0.005773 0.000055 0.028658
0 1 0.957208 0.015947 0.003941 0.000027 0.022877
0 1 0.962894 0.013733 0.003186 0.000018 0.020169
0 1 0.964444 0.013130 0.002989 0.000016 0.019421
0 1 0.963497 0.013498 0.003109 0.000017 0.019879
0 1 0.967407 0.011980 0.002625 0.000013 0.017976
0 1 0.965976 0.012535 0.002799 0.000014 0.018676
0 1 0.966111 0.012483 0.002782 0.000014 0.018610
0 1 0.938405 0.025143 0.006254 0.000037 0.030160
0 1 0.906003 0.040505 0.011138 0.000081 0.042273
0 1 0.927407 0.028888 0.008243 0.000078 0.035385
0 0 0.922781 0.029401 0.009452 0.000137 0.038231
0 0 0.883716 0.044351 0.017602 0.000450 0.053881
0 1 0.791783 0.077056 0.043515 0.002742 0.084903
0 1 0.825506 0.074463 0.028201 0.000529 0.071301
0 1 0.749791 0.113163 0.044896 0.000843 0.091308
0 1 0.776904 0.095064 0.040438 0.001050 0.086543
0 1 0.856354 0.055025 0.023515 0.000767 0.064339
0 0 0.752848 0.102708 0.048043 0.001705 0.094697
0 0 0.811865 0.074097 0.033958 0.001276 0.078804
0 0 0.801531 0.075727 0.037621 0.001878 0.083242
0 0 0.795548 0.077716 0.039366 0.002087 0.085283
0 1 0.592287 0.208488 0.079503 0.000977 0.118745
0 1 0.505243 0.259257 0.103232 0.001314 0.130954
1 1 0.266153 0.421318 0.171254 0.001624 0.139651
0 0 0.643547 0.158122 0.076867 0.002589 0.118875
0 0 0.835664 0.062842 0.028625 0.001121 0.071748
0 0 0.959529 0.014228 0.005128 0.000061 0.021055
0 0 0.634130 0.163160 0.079442 0.002651 0.120617
0 1 0.464151 0.278079 0.118405 0.001831 0.137534
0 1 0.360713 0.347381 0.147222 0.001915 0.142768
1 1 0.258543 0.422460 0.176589 0.001836 0.140572
1 1 0.165848 0.489867 0.210425 0.001991 0.131869
1 1 0.173212 0.490623 0.203076 0.001700 0.131389
1 1 0.206508 0.449910 0.201623 0.002462 0.139497
1 1 0.270165 0.394214 0.185751 0.003109 0.146760
1 1 0.228765 0.425817 0.198833 0.002972 0.143612
1 1 0.164286 0.491649 0.210621 0.001964 0.131480
1 1 0.165608 0.503981 0.200608 0.001422 0.128381
1 1 0.249957 0.439014 0.172506 0.001396 0.137126
0 1 0.417567 0.315584 0.127102 0.001486 0.138261
0 0 0.441404 0.296803 0.120218 0.001492 0.140084
0 1 0.428105 0.317582 0.118876 0.001069 0.134367
1 1 0.316323 0.394185 0.150230 0.001217 0.138045
1 1 0.129285 0.556115 0.197591 0.000824 0.116185
1 1 0.103583 0.578537 0.207230 0.000817 0.109833
1 1 0.079935 0.600153 0.216900 0.000802 0.102210
1 1 0.088352 0.607063 0.202001 0.000568 0.102016
1 1 0.082715 0.588995 0.222344 0.000981 0.104965
1 1 0.107477 0.571382 0.208507 0.000895 0.111738
1 1 0.203787 0.485267 0.179607 0.001057 0.130282
1 1 0.237443 0.460590 0.168191 0.001007 0.132768
1 1 0.305673 0.423346 0.139428 0.000639 0.130913
1 1 0.236998 0.475461 0.158481 0.000672 0.128388
1 1 0.325454 0.415086 0.130146 0.000512 0.128802
1 1 0.334688 0.408742 0.127490 0.000499 0.128581
1 1 0.365870 0.392465 0.115665 0.000384 0.125616
1 1 0.284959 0.453566 0.135400 0.000414 0.125661
1 1 0.107773 0.536528 0.234393 0.001987 0.119318
1 1 0.052567 0.592447 0.257414 0.001636 0.095936
1 1 0.077126 0.566665 0.246235 0.001802 0.108172
1 1 0.130252 0.529630 0.216156 0.001526 0.122435
1 1 0.279382 0.409729 0.168421 0.001706 0.140761
1 1 0.349564 0.363516 0.145222 0.001484 0.140215
1 1 0.350238 0.371523 0.139731 0.001137 0.137372
1 1 0.267325 0.447293 0.153117 0.000760 0.131505
1 1 0.232889 0.470033 0.165530 0.000857 0.130691
1 1 0.182851 0.514324 0.177599 0.000767 0.124459
1 1 0.172176 0.527820 0.177587 0.000678 0.121740
1 1 0.232634 0.478896 0.159716 0.000673 0.128081
1 1 0.289313 0.431001 0.146815 0.000743 0.132128
1 1 0.317342 0.421381 0.132056 0.000511 0.128710
1 1 0.202491 0.506583 0.165913 0.000613 0.124399
1 1 0.198544 0.510134 0.166827 0.000608 0.123887
1 1 0.281321 0.432882 0.151725 0.000844 0.133228
1 1 0.350546 0.376494 0.136396 0.000964 0.135601
0 1 0.379358 0.352958 0.130639 0.001046 0.135999
1 1 0.360425 0.372604 0.131787 0.000863 0.134321
1 1 0.181366 0.505779 0.184959 0.000989 0.126908
1 1 0.174390 0.518925 0.181915 0.000815 0.123955
1 1 0.167972 0.520648 0.186522 0.000893 0.123965
1 1 0.206077 0.498619 0.168377 0.000704 0.126223
1 1 0.240652 0.471951 0.157886 0.000684 0.128827
1 1 0.244009 0.462708 0.161404 0.000824 0.131056
1 1 0.288648 0.425949 0.150625 0.000877 0.133901
1 1 0.301500 0.410422 0.150927 0.001042 0.136110
1 1 0.305926 0.405211 0.150948 0.001102 0.136813
1 1 0.254061 0.443942 0.165891 0.001119 0.134987
1 1 0.311587 0.361146 0.174680 0.003471 0.149116
1 1 0.324011 0.422947 0.126203 0.000411 0.126429
0 1 0.624476 0.232100 0.050038 0.000075 0.093312
0 1 0.519285 0.306529 0.068649 0.000101 0.105436
0 1 0.501553 0.310955 0.076532 0.000157 0.110803
1 1 0.374402 0.403523 0.103099 0.000202 0.118774
0 1 0.570698 0.258239 0.065358 0.000165 0.105540
0 1 0.607360 0.218869 0.065728 0.000334 0.107708
0 1 0.492224 0.295044 0.091034 0.000432 0.121266
0 1 0.652358 0.195037 0.053983 0.000216 0.098406
0 1 0.617922 0.210234 0.064452 0.000360 0.107032
1 1 0.311248 0.435601 0.127434 0.000377 0.125340
1 1 0.319747 0.448944 0.112857 0.000191 0.118261
1 1 0.210424 0.531682 0.141969 0.000248 0.115677
1 1 0.279561 0.445195 0.144994 0.000609 0.129641
1 1 0.217125 0.484461 0.168790 0.000813 0.128811
1 1 0.112602 0.556606 0.214233 0.001144 0.115415
1 1 0.076715 0.595052 0.224649 0.000964 0.102619
1 1 0.062940 0.624193 0.218444 0.000655 0.093768
1 1 0.158237 0.553320 0.172027 0.000471 0.115946
1 1 0.131429 0.557571 0.194395 0.000760 0.115845
1 1 0.179151 0.503596 0.188492 0.001094 0.127666
1 1 0.160880 0.520208 0.193387 0.001046 0.124478
1 1 0.163602 0.506199 0.200891 0.001400 0.127907
1 1 0.168174 0.510233 0.193774 0.001157 0.126662
1 1 0.135507 0.562140 0.187045 0.000621 0.114688
1 1 0.148866 0.547598 0.184876 0.000673 0.117987
1 1 0.090093 0.585827 0.216399 0.000909 0.106772
1 1 0.074708 0.550821 0.261382 0.002638 0.110451
1 1 0.039899 0.547483 0.311642 0.004996 0.095980
2 1 0.030356 0.151944 0.782455 0.006010 0.029235
2 2 0.035186 0.120936 0.809498 0.007537 0.026843
2 2 0.092716 0.222875 0.612937 0.008793 0.062679
2 2 0.072782 0.274000 0.582834 0.006256 0.064128
2 2 0.040855 0.239184 0.665192 0.007078 0.047691
2 2 0.036477 0.160872 0.760413 0.008024 0.034213
2 2 0.027163 0.105136 0.829532 0.014160 0.024009
2 2 0.023656 0.087641 0.855422 0.013584 0.019697
2 2 0.012920 0.092373 0.867863 0.010704 0.016139
2 2 0.005015 0.058220 0.916048 0.012381 0.008336
2 2 0.003993 0.045250 0.927697 0.016492 0.006569
2 2 0.008104 0.069870 0.895350 0.014933 0.011743
2 2 0.007572 0.043670 0.906313 0.033540 0.008905
2 2 0.014724 0.063352 0.864076 0.042409 0.015439
2 2 0.079716 0.115785 0.715907 0.042336 0.046256
2 2 0.128550 0.087377 0.655520 0.079569 0.048984
0 0 0.835107 0.059245 0.034811 0.001992 0.068845
0 0 0.935130 0.023853 0.008595 0.000134 0.032288
0 0 0.887545 0.042569 0.017296 0.000449 0.052141
0 1 0.436331 0.178998 0.064301 0.000626 0.319744
1 1 0.050008 0.439978 0.308884 0.012570 0.188560
1 1 0.037931 0.390162 0.348951 0.020157 0.202799
2 2 0.025210 0.244873 0.507364 0.031067 0.191485
2 2 0.010076 0.125882 0.782421 0.019168 0.062454
2 2 0.009009 0.104553 0.846153 0.008387 0.031898
2 2 0.017461 0.127107 0.816274 0.009112 0.030046
2 2 0.012258 0.143213 0.809422 0.011910 0.023196
2 2 0.014850 0.228527 0.704472 0.012679 0.039472
2 2 0.006933 0.105211 0.851134 0.014522 0.022200
2 2 0.005591 0.056851 0.893714 0.028408 0.015436
2 2 0.005715 0.083507 0.820333 0.046095 0.044350
2 2 0.007335 0.073805 0.794196 0.079883 0.044781
2 3 0.007115 0.050754 0.755739 0.163023 0.023370
2 3 0.013223 0.058510 0.595101 0.300477 0.032689
3 3 0.006332 0.023605 0.396689 0.564875 0.008498
3 3 0.016707 0.032200 0.318275 0.616309 0.016509
3 3 0.014849 0.022458 0.334923 0.615758 0.012013
3 3 0.012206 0.015212 0.224348 0.738902 0.009332
3 3 0.007485 0.008554 0.108529 0.869382 0.006050
3 3 0.008464 0.009594 0.096321 0.878531 0.007089
3 3 0.067213 0.069379 0.302624 0.511541 0.049243
3 3 0.096485 0.071533 0.242906 0.531408 0.057667
0 0 0.649499 0.107981 0.108767 0.022784 0.110970
0 0 0.873630 0.046921 0.022015 0.000762 0.056671
0 1 0.640514 0.125697 0.092637 0.011797 0.129355
4 1 0.150949 0.180481 0.216048 0.087857 0.364664
2 1 0.074795 0.202811 0.300359 0.150855 0.271181
2 1 0.005755 0.062979 0.842065 0.075399 0.013802
2 2 0.003821 0.048612 0.890992 0.041189 0.015387
2 2 0.004048 0.036769 0.872235 0.074493 0.012455
2 2 0.003740 0.040503 0.877417 0.066633 0.011706
2 2 0.005478 0.053743 0.860403 0.062490 0.017887
2 2 0.008161 0.071492 0.833639 0.065385 0.021324
2 2 0.011133 0.094680 0.749526 0.114457 0.030204
2 2 0.006405 0.052092 0.800000 0.128508 0.012994
2 2 0.004292 0.032613 0.847071 0.108697 0.007328
2 2 0.003640 0.022067 0.842819 0.125888 0.005586
2 2 0.002328 0.014311 0.850375 0.130077 0.002908
2 2 0.002338 0.011029 0.756892 0.227121 0.002620
2 2 0.001595 0.006808 0.659956 0.329939 0.001702
3 2 0.004330 0.005047 0.085343 0.901757 0.003523
3 2 0.004018 0.004655 0.054720 0.933039 0.003568
3 3 0.003521 0.004078 0.041367 0.947757 0.003277
3 3 0.004307 0.004956 0.046569 0.940190 0.003978
3 3 0.003716 0.004297 0.042703 0.945831 0.003452
3 3 0.002243 0.002636 0.031697 0.961299 0.002125
3 3 0.001825 0.002159 0.028047 0.966225 0.001743
3 3 0.002313 0.002716 0.032277 0.960506 0.002189
3 3 0.003129 0.003638 0.038592 0.951714 0.002926
3 3 0.002636 0.003081 0.034870 0.956932 0.002481
3 3 0.004275 0.004186 0.043382 0.944696 0.003461
3 3 0.002177 0.002304 0.029805 0.963819 0.001894
3 3 0.000930 0.001124 0.018769 0.978265 0.000912
3 3 0.001112 0.001336 0.020874 0.975596 0.001082
3 3 0.001280 0.001532 0.022709 0.973240 0.001239
3 3 0.001118 0.001344 0.020949 0.975501 0.001088
3 3 0.000909 0.001099 0.018505 0.978597 0.000891
3 3 0.001253 0.001500 0.022418 0.973616 0.001214
3 3 0.002982 0.003166 0.036100 0.955163 0.002590
3 3 0.006438 0.005496 0.052402 0.931029 0.004635
3 3 0.004294 0.003846 0.041930 0.946697 0.003232
3 3 0.001987 0.002204 0.028747 0.965264 0.001798
3 3 0.004209 0.003868 0.041866 0.946822 0.003236
3 3 0.002670 0.002617 0.032668 0.959869 0.002176
3 3 0.000443 0.000548 0.012038 0.986524 0.000447
3 3 0.000332 0.000414 0.010122 0.988793 0.000338
3 3 0.001483 0.001433 0.022722 0.973159 0.001204
3 3 0.001008 0.001163 0.019335 0.977544 0.000950
3 3 0.009314 0.006151 0.058780 0.920343 0.005412
3 3 0.001193 0.001337 0.021168 0.975206 0.001096
3 3 0.004553 0.003201 0.039303 0.950134 0.002810
3 3 0.001684 0.001417 0.023176 0.972503 0.001219
3 3 0.000818 0.000803 0.015906 0.981795 0.000678
3 3 0.000661 0.000679 0.014228 0.983862 0.000570
3 3 0.001430 0.001378 0.022197 0.973836 0.001158
3 3 0.000839 0.001017 0.017641 0.979678 0.000825
3 3 0.003298 0.003366 0.037746 0.952818 0.002771
3 3 0.006797 0.005839 0.054264 0.928183 0.004916
3 3 0.004158 0.003578 0.040450 0.948784 0.003030
3 3 0.010715 0.007122 0.064029 0.911887 0.006247
3 3 0.002698 0.002541 0.032335 0.960298 0.002128
3 3 0.002470 0.002422 0.031167 0.961926 0.002016
3 3 0.000852 0.001032 0.017804 0.979475 0.000837
3 3 0.000864 0.001047 0.017962 0.979278 0.000849
3 3 0.001093 0.001231 0.020107 0.976561 0.001009
3 3 0.001618 0.001518 0.023666 0.971918 0.001280
3 3 0.001429 0.001245 0.021273 0.974987 0.001066
3 3 0.001027 0.000874 0.017220 0.980124 0.000755
3 3 0.003994 0.002263 0.033208 0.958466 0.002070
3 3 0.003968 0.002267 0.033193 0.958502 0.002070
3 3 0.004587 0.002554 0.035849 0.954670 0.002339
3 3 0.007090 0.004412 0.048762 0.935799 0.003938
3 3 0.003935 0.002611 0.035141 0.955992 0.002321
3 3 0.002322 0.001872 0.027677 0.966513 0.001616
3 3 0.004128 0.003088 0.038013 0.952087 0.002683
3 3 0.002956 0.003273 0.036542 0.954571 0.002658
3 3 0.002379 0.002790 0.032815 0.959768 0.002248
3 3 0.005471 0.006246 0.053555 0.929723 0.005005
3 3 0.031623 0.034026 0.152893 0.754977 0.026482
3 3 0.117708 0.104864 0.247637 0.446320 0.083471
2 2 0.035829 0.099149 0.516943 0.305987 0.042092
3 2 0.025324 0.039782 0.423488 0.477766 0.033639
3 2 0.032461 0.042824 0.296421 0.565018 0.063276
3 2 0.037426 0.072133 0.297446 0.475776 0.117219
4 2 0.037081 0.161815 0.253023 0.101086 0.446995
4 2 0.022236 0.188690 0.214933 0.031612 0.542529
4 2 0.018144 0.208133 0.189493 0.016635 0.567595
4 2 0.017064 0.185361 0.173579 0.016412 0.607585
4 2 0.016495 0.174142 0.147197 0.011836 0.650330
4 2 0.015083 0.209033 0.171100 0.011136 0.593647
4 2 0.015735 0.197758 0.163830 0.011520 0.611158
4 2 0.014310 0.259832 0.206727 0.011016 0.508114
4 2 0.013858 0.267280 0.211066 0.010721 0.497075
4 2 0.011552 0.275038 0.210554 0.008924 0.493933
4 2 0.012753 0.281587 0.218510 0.009950 0.477201
4 2 0.014692 0.295283 0.233415 0.011676 0.444936
4 2 0.014383 0.280892 0.222186 0.011277 0.471262
4 2 0.015497 0.272373 0.218556 0.012104 0.481470
4 2 0.011944 0.269289 0.207610 0.009195 0.501962
4 2 0.017108 0.276159 0.224823 0.013469 0.468440
4 2 0.014270 0.321573 0.251430 0.011591 0.401135
4 2 0.011779 0.223998 0.175236 0.008722 0.580265
4 2 0.010644 0.247197 0.188604 0.008005 0.545550
4 2 0.008990 0.162375 0.125805 0.006233 0.696596
4 2 0.011277 0.142639 0.111817 0.006506 0.727761
4 1 0.016398 0.113169 0.081822 0.004334 0.784278
4 1 0.016621 0.140349 0.104611 0.005761 0.732657
4 1 0.016312 0.147602 0.094460 0.002914 0.738712
4 1 0.008985 0.210290 0.156543 0.006108 0.618074
4 1 0.011418 0.163049 0.124011 0.006187 0.695335
4 1 0.068874 0.197656 0.136609 0.007918 0.588943
4 1 0.030795 0.305254 0.245825 0.016407 0.401719
4 1 0.018377 0.304279 0.271070 0.018851 0.387423
4 1 0.016539 0.227829 0.202449 0.015322 0.537861
4 1 0.015809 0.218609 0.179486 0.011795 0.574300
4 1 0.016133 0.195682 0.162915 0.011802 0.613468
4 1 0.020600 0.259774 0.237403 0.020122 0.462101
4 1 0.016572 0.250586 0.204678 0.012741 0.515422
4 1 0.014156 0.240936 0.192666 0.010718 0.541525
4 2 0.015870 0.184673 0.154241 0.011484 0.633732
4 2 0.015724 0.166973 0.138951 0.010555 0.667797
4 2 0.019589 0.246726 0.167927 0.005711 0.560047
4 2 0.044416 0.338698 0.181286 0.002960 0.432640
4 2 0.070862 0.313719 0.173513 0.003804 0.438102
4 2 0.124212 0.268848 0.167975 0.007240 0.431726
4 2 0.081064 0.164632 0.088462 0.002304 0.663538
4 2 0.065063 0.196110 0.104897 0.002355 0.631575
4 2 0.025786 0.240302 0.126052 0.001829 0.606030
4 2 0.018335 0.224205 0.129461 0.002453 0.625545
4 2 0.012387 0.250445 0.137790 0.001858 0.597521
4 2 0.020096 0.260207 0.154288 0.003140 0.562270
4 2 0.025030 0.289774 0.159595 0.002558 0.523043
4 2 0.069252 0.300476 0.151217 0.002373 0.476683
4 1 0.290356 0.189214 0.092009 0.002349 0.426073
0 0 0.758265 0.069891 0.031271 0.001092 0.139481
0 0 0.746191 0.082856 0.033434 0.000751 0.136768
0 1 0.538323 0.246746 0.082184 0.000566 0.132181
0 1 0.480946 0.306871 0.091257 0.000371 0.120555
1 1 0.190258 0.537449 0.154902 0.000345 0.117046
1 1 0.219862 0.484769 0.144514 0.000397 0.150457
1 1 0.289890 0.462509 0.125906 0.000274 0.121420
1 1 0.199826 0.531237 0.151087 0.000326 0.117523
1 1 0.228243 0.465240 0.158297 0.000723 0.147497
1 1 0.211944 0.448343 0.177726 0.001406 0.160581
1 1 0.186629 0.478520 0.193595 0.001543 0.139713
1 1 0.220385 0.447847 0.169829 0.001157 0.160781
1 1 0.188581 0.491969 0.188249 0.001214 0.129987
1 1 0.246811 0.409060 0.157521 0.001219 0.185388
1 1 0.268854 0.407813 0.126121 0.000452 0.196760
1 1 0.161885 0.444392 0.143087 0.000494 0.250142
1 1 0.146081 0.402188 0.136530 0.000577 0.314624
4 1 0.192557 0.319211 0.121401 0.000922 0.365910
4 1 0.325819 0.183720 0.079045 0.001351 0.410065
0 1 0.450949 0.218105 0.075225 0.000592 0.255129
0 1 0.464921 0.246730 0.082546 0.000559 0.205243
0 1 0.454996 0.323256 0.089205 0.000267 0.132275
0 1 0.555890 0.224371 0.084019 0.000927 0.134793
0 0 0.510400 0.239292 0.111087 0.002556 0.136665
1 0 0.220522 0.437131 0.198232 0.002608 0.141508
1 1 0.333837 0.333873 0.132598 0.001359 0.198333
4 1 0.082966 0.118199 0.097763 0.013888 0.687184
4 1 0.042160 0.078720 0.056296 0.004389 0.818434
4 1 0.029635 0.119192 0.081142 0.004087 0.765944
4 1 0.037549 0.147521 0.101857 0.005397 0.707676
4 1 0.042508 0.162673 0.111474 0.005771 0.677574
4 1 0.036931 0.122830 0.085144 0.004858 0.750236
4 4 0.026169 0.137820 0.098371 0.005376 0.732264
4 4 0.022907 0.139952 0.089299 0.003093 0.744749
4 4 0.023625 0.139775 0.094102 0.004004 0.738495
4 4 0.029238 0.167139 0.108716 0.004095 0.690812
4 4 0.032238 0.138130 0.100001 0.006142 0.723489
4 4 0.018639 0.266167 0.192476 0.007810 0.514908
1 4 0.020154 0.427918 0.226764 0.002541 0.322623
1 4 0.020765 0.457257 0.247304 0.002931 0.271744
1 4 0.087781 0.420213 0.167427 0.001064 0.323515
1 4 0.182644 0.381886 0.144671 0.000995 0.289805
1 4 0.157578 0.479425 0.192694 0.001428 0.168875
4 4 0.061421 0.269900 0.199765 0.012778 0.456136
4 4 0.065087 0.207511 0.152696 0.010730 0.563976
4 4 0.071505 0.196097 0.130979 0.006803 0.594616
4 4 0.057309 0.255081 0.149501 0.004090 0.534019
4 4 0.077335 0.332285 0.166551 0.002567 0.421261
1 4 0.044022 0.462086 0.225485 0.002321 0.266086
1 4 0.037618 0.493914 0.251839 0.002811 0.213818
1 4 0.034111 0.452899 0.214050 0.001826 0.297114
4 4 0.057840 0.254956 0.112097 0.001080 0.574027
4 4 0.060649 0.323200 0.145278 0.001411 0.469462
4 4 0.041049 0.314791 0.182602 0.004006 0.457552
4 4 0.017716 0.181944 0.121388 0.004152 0.674799
4 4 0.022530 0.113926 0.078808 0.003920 0.780816
4 4 0.019485 0.125463 0.083094 0.003256 0.768703
4 4 0.040842 0.102281 0.060593 0.002147 0.794137
4 4 0.029610 0.077492 0.052625 0.003056 0.837217
4 4 0.015152 0.086919 0.078138 0.009798 0.809992
4 1 0.012204 0.166424 0.134856 0.008591 0.677926
4 1 0.015073 0.200242 0.164576 0.011041 0.609068
2 2 0.021099 0.197598 0.402997 0.016959 0.361347
2 2 0.021800 0.146258 0.561698 0.016966 0.253278
2 2 0.019232 0.129208 0.729139 0.012101 0.110320
2 2 0.019540 0.194048 0.666910 0.009242 0.110259
2 2 0.012470 0.154496 0.648111 0.005881 0.179042
2 2 0.009596 0.140737 0.746709 0.007236 0.095722
2 2 0.009298 0.152072 0.745915 0.006333 0.086382
2 2 0.008410 0.100796 0.803658 0.006880 0.080258
2 2 0.004676 0.057145 0.891281 0.007596 0.039301
2 2 0.003674 0.056195 0.893467 0.009789 0.036875
2 2 0.004994 0.076961 0.860356 0.013537 0.044152
2 2 0.005285 0.065682 0.862705 0.020581 0.045747
2 2 0.008266 0.073471 0.833495 0.026553 0.058215
2 2 0.011919 0.083321 0.799081 0.021603 0.084075
2 2 0.012623 0.146678 0.672878 0.010987 0.156835
2 2 0.010786 0.207448 0.608834 0.009016 0.163916
2 2 0.008529 0.196520 0.626402 0.006603 0.161946
2 2 0.007649 0.171345 0.654497 0.006640 0.159870
2 2 0.005937 0.122114 0.756599 0.007833 0.107517
4 2 0.016503 0.170771 0.398810 0.010811 0.403104
4 2 0.023770 0.175600 0.382049 0.010800 0.407781
4 2 0.046834 0.217031 0.305223 0.009443 0.421469
2 2 0.042381 0.239031 0.518468 0.024724 0.175396
2 2 0.035514 0.232183 0.642355 0.025168 0.064780
2 2 0.029315 0.142216 0.756112 0.033938 0.038419
2 2 0.167222 0.231778 0.425249 0.058491 0.117260
0 2 0.443472 0.174324 0.184334 0.046896 0.150974
0 2 0.323611 0.297660 0.169730 0.006711 0.202288
1 2 0.321666 0.322792 0.189841 0.008096 0.157605
1 2 0.089783 0.530051 0.259234 0.003143 0.117790
4 2 0.098977 0.316438 0.176317 0.004393 0.403876
4 2 0.072755 0.284564 0.197958 0.010449 0.434274
4 2 0.060320 0.289702 0.214047 0.013170 0.422760
1 2 0.032303 0.355558 0.268492 0.013571 0.330076
2 1 0.016570 0.240751 0.560166 0.025268 0.157244
2 1 0.007850 0.065367 0.848437 0.059267 0.019079
2 1 0.005058 0.044599 0.892342 0.047965 0.010036
2 2 0.009544 0.081925 0.837969 0.046734 0.023828
2 2 0.006300 0.058343 0.885842 0.033653 0.015862
2 2 0.009366 0.081543 0.848612 0.026000 0.034479
2 2 0.016493 0.130322 0.775469 0.011584 0.066133
2 2 0.005412 0.062323 0.906790 0.010009 0.015466
2 2 0.008564 0.094929 0.863091 0.008220 0.025197
2 2 0.003251 0.059785 0.913753 0.010833 0.012378
2 2 0.002956 0.051111 0.915096 0.022055 0.008782
2 2 0.002529 0.051709 0.915229 0.021378 0.009155
2 2 0.006768 0.085272 0.859389 0.023617 0.024954
2 2 0.004577 0.059122 0.907123 0.016969 0.012210
2 2 0.005461 0.074966 0.885987 0.017412 0.016173
2 2 0.005414 0.054656 0.907933 0.018897 0.013101
2 2 0.005382 0.040926 0.910773 0.031773 0.011146
2 2 0.005719 0.044659 0.911223 0.023063 0.015336
2 2 0.006920 0.069069 0.884605 0.019564 0.019842
2 2 0.009147 0.077842 0.876277 0.017926 0.018808
2 2 0.012594 0.116188 0.825764 0.010735 0.034719
2 2 0.016844 0.128117 0.803348 0.009696 0.041995
2 2 0.005561 0.087881 0.872142 0.015100 0.019315
2 2 0.003698 0.058044 0.902180 0.024076 0.012003
2 2 0.005094 0.060052 0.860006 0.058091 0.016758
2 2 0.007266 0.050523 0.794456 0.130261 0.017492
2 2 0.035679 0.105484 0.765945 0.058801 0.034091
2 2 0.257165 0.147387 0.389578 0.100721 0.105150
0 2 0.493113 0.151317 0.186633 0.036751 0.132186
0 2 0.810459 0.071027 0.037128 0.001960 0.079425
0 0 0.958741 0.015089 0.004204 0.000034 0.021932
0 0 0.445132 0.263805 0.138596 0.004647 0.147820
1 0 0.200893 0.449483 0.192199 0.001967 0.155458
1 0 0.141421 0.354286 0.167941 0.002485 0.333866
1 0 0.207353 0.347671 0.167612 0.002981 0.274382
1 0 0.095949 0.414601 0.225721 0.004602 0.259128
1 0 0.061514 0.434090 0.245193 0.004884 0.254319
1 0 0.033889 0.466106 0.257414 0.003807 0.238784
1 0 0.041360 0.447430 0.254710 0.004553 0.251947
1 1 0.063923 0.456950 0.264767 0.005723 0.208637
1 1 0.061974 0.452669 0.289550 0.008892 0.186916
1 1 0.064243 0.484512 0.300904 0.008134 0.142207
1 1 0.050245 0.456241 0.299154 0.009379 0.184980
1 1 0.063093 0.429894 0.286071 0.010425 0.210518
1 1 0.059557 0.380071 0.257765 0.010411 0.292195
1 1 0.045940 0.423169 0.300289 0.012590 0.218011
1 1 0.034876 0.442197 0.307861 0.010845 0.204220
1 1 0.039053 0.451293 0.336394 0.015532 0.157728
1 1 0.072594 0.446667 0.290383 0.009984 0.180371
1 1 0.092263 0.461630 0.278465 0.007747 0.159896
1 1 0.078769 0.504784 0.274867 0.004832 0.136748
1 1 0.095459 0.504546 0.247919 0.003193 0.148884
1 1 0.058913 0.538100 0.291352 0.004444 0.107190
1 1 0.059297 0.541552 0.288206 0.004127 0.106819
1 1 0.051579 0.549283 0.292880 0.004015 0.102243
1 1 0.082160 0.535395 0.264127 0.003200 0.115117
1 1 0.153962 0.498502 0.215500 0.002025 0.130011
1 1 0.161069 0.499513 0.208040 0.001730 0.129649
1 1 0.129324 0.530358 0.216555 0.001527 0.122236
1 1 0.118107 0.547999 0.214939 0.001256 0.117699
1 1 0.129315 0.474849 0.176972 0.000945 0.217920
4 1 0.038500 0.357674 0.157459 0.001183 0.445184
4 1 0.017663 0.309506 0.169978 0.002356 0.500498
4 1 0.016169 0.267626 0.153182 0.002533 0.560489
4 1 0.018984 0.161202 0.106292 0.003718 0.709803
4 1 0.016063 0.097696 0.070815 0.003961 0.811464
4 1 0.016641 0.071630 0.051393 0.003123 0.857214
4 4 0.017797 0.079357 0.045398 0.001190 0.856258
4 4 0.018849 0.070188 0.038662 0.000939 0.871362
4 4 0.016687 0.053946 0.031637 0.001018 0.896711
4 4 0.024109 0.026594 0.017342 0.001181 0.930773
4 4 0.038541 0.027757 0.016809 0.000999 0.915895
4 4 0.028100 0.061299 0.034023 0.001010 0.875568
4 4 0.022000 0.062614 0.036210 0.001148 0.878028
4 4 0.030144 0.131996 0.074443 0.001831 0.761586
4 4 0.013486 0.101787 0.060270 0.001504 0.822953
4 4 0.016738 0.107826 0.061347 0.001389 0.812700
4 4 0.013101 0.124982 0.067310 0.001096 0.793511
4 4 0.018857 0.131023 0.078923 0.002133 0.769064
4 4 0.024400 0.109556 0.066661 0.002160 0.797223
4 4 0.047986 0.081534 0.055541 0.003732 0.811208
4 4 0.043574 0.058036 0.039042 0.002738 0.856610
4 4 0.097335 0.068982 0.057320 0.007967 0.768396
4 4 0.139366 0.069684 0.050032 0.004766 0.736151
4 4 0.299143 0.085988 0.048389 0.002813 0.563667
4 4 0.249840 0.115717 0.082667 0.009770 0.542006
4 4 0.224910 0.121008 0.092008 0.013006 0.549068
4 4 0.025340 0.026079 0.017852 0.001484 0.929244
4 4 0.031418 0.035626 0.024350 0.001934 0.906673
4 4 0.024088 0.026187 0.018314 0.001618 0.929793
4 4 0.024833 0.063858 0.045742 0.003265 0.862302
4 4 0.021844 0.068818 0.050700 0.003751 0.854887
4 4 0.017136 0.094522 0.062713 0.002624 0.823006
4 4 0.017027 0.097057 0.064750 0.002733 0.818433
4 4 0.012782 0.076503 0.053283 0.002611 0.854820
4 4 0.015993 0.070025 0.050682 0.003165 0.860135
4 4 0.012073 0.072971 0.047321 0.001785 0.865849
4 4 0.021334 0.090865 0.061110 0.002919 0.823772
4 4 0.020090 0.087410 0.053887 0.001864 0.836749
4 4 0.021891 0.087730 0.052238 0.001634 0.836507
4 4 0.027667 0.080041 0.051928 0.002470 0.837894
4 4 0.031168 0.093667 0.057706 0.002234 0.815225
4 4 0.049837 0.087086 0.054137 0.002577 0.806363
4 4 0.035119 0.089114 0.051989 0.001744 0.822035
4 4 0.027614 0.162993 0.085472 0.001455 0.722466
4 4 0.014379 0.244539 0.118156 0.001050 0.621876
4 4 0.015187 0.314231 0.158963 0.001549 0.510070
4 4 0.015733 0.337047 0.183035 0.002274 0.461910
4 4 0.020152 0.247892 0.140853 0.002501 0.588603
4 4 0.020920 0.233396 0.144949 0.003680 0.597056
4 4 0.039973 0.223205 0.124676 0.002683 0.609463
4 4 0.033660 0.237562 0.130483 0.002446 0.595850
4 4 0.025839 0.206983 0.118838 0.002531 0.645809
4 4 0.016052 0.153688 0.096284 0.002696 0.731280
4 4 0.010506 0.107172 0.069821 0.002239 0.810262
4 4 0.012212 0.047781 0.032895 0.001796 0.905316
4 4 0.021909 0.046597 0.030769 0.001751 0.898974
4 4 0.029705 0.056414 0.035734 0.001800 0.876347
4 4 0.037820 0.049584 0.029488 0.001333 0.881775
4 4 0.045669 0.063502 0.031597 0.000726 0.858507
4 4 0.040256 0.056309 0.033616 0.001503 0.868316
4 4 0.061489 0.089509 0.048077 0.001421 0.799505
4 4 0.087587 0.124296 0.060557 0.001249 0.726311
4 4 0.070315 0.167301 0.078830 0.001209 0.682344
4 4 0.084125 0.123777 0.057119 0.000956 0.734023
4 4 0.089552 0.147939 0.068770 0.001132 0.692608
4 4 0.072004 0.152450 0.063262 0.000636 0.711648
4 4 0.072804 0.179329 0.070649 0.000557 0.676662
4 4 0.043815 0.241872 0.101249 0.000762 0.612303
4 4 0.043042 0.172940 0.086716 0.001413 0.695889
4 4 0.033133 0.185981 0.096915 0.001630 0.682341
4 4 0.024614 0.198726 0.094293 0.001002 0.681366
4 4 0.031889 0.203173 0.094121 0.000987 0.669830
4 4 0.050584 0.187812 0.086380 0.001050 0.674174
4 4 0.064527 0.216242 0.112467 0.002195 0.604568
4 4 0.156944 0.219883 0.121732 0.003912 0.497529
4 4 0.284905 0.150253 0.097473 0.007683 0.459686
1 0 0.267839 0.333811 0.181915 0.005525 0.210909
0 0 0.775378 0.106437 0.036223 0.000400 0.081562
0 0 0.880916 0.061277 0.012444 0.000026 0.045337
0 0 0.856297 0.077140 0.015388 0.000028 0.051147
0 0 0.664369 0.208916 0.041368 0.000048 0.085299
1 0 0.357553 0.442496 0.090904 0.000077 0.108970
1 0 0.218141 0.539657 0.130314 0.000158 0.111730
1 1 0.148422 0.579446 0.162243 0.000292 0.109596
1 1 0.199795 0.522837 0.156928 0.000415 0.120024
1 1 0.125102 0.560566 0.198470 0.000806 0.115056
1 1 0.058924 0.571661 0.265315 0.002255 0.101844
1 1 0.015838 0.513745 0.365370 0.010058 0.094989
1 1 0.017681 0.454272 0.364954 0.017144 0.145950
2 1 0.011395 0.167322 0.768436 0.008894 0.043953
2 1 0.044499 0.219293 0.624737 0.022860 0.088612
2 2 0.119151 0.275939 0.410521 0.044440 0.149949
1 2 0.119965 0.410742 0.269678 0.011620 0.187995
1 2 0.121648 0.417351 0.280420 0.013087 0.167494
1 2 0.130152 0.408664 0.296965 0.018907 0.145313
1 2 0.047084 0.365069 0.339473 0.040423 0.207950
2 2 0.050179 0.295452 0.375085 0.078781 0.200503
2 2 0.014015 0.188930 0.699050 0.036551 0.061454
2 2 0.005280 0.074531 0.869678 0.033360 0.017151
2 2 0.001740 0.047684 0.935864 0.008378 0.006334
2 2 0.001775 0.044739 0.941708 0.005243 0.006535
2 2 0.001650 0.021744 0.967396 0.006741 0.002470
2 2 0.003754 0.032344 0.948136 0.010963 0.004803
2 2 0.003779 0.034376 0.948756 0.008205 0.004885
2 2 0.005597 0.039982 0.943345 0.005180 0.005896
2 2 0.001637 0.018863 0.972602 0.004755 0.002142
2 2 0.001972 0.025076 0.963322 0.006693 0.002938
2 2 0.004035 0.041891 0.937299 0.010813 0.005963
2 2 0.004364 0.038158 0.938526 0.013092 0.005861
2 2 0.004970 0.046517 0.924146 0.016779 0.007588
2 2 0.006080 0.057733 0.908812 0.017094 0.010282
2 2 0.002968 0.031379 0.953067 0.008422 0.004165
2 2 0.004201 0.032627 0.949798 0.008516 0.004857
2 2 0.005837 0.037277 0.943573 0.007204 0.006108
2 2 0.005266 0.033394 0.940384 0.015142 0.005815
2 2 0.005850 0.031860 0.922038 0.033658 0.006594
2 2 0.008930 0.048809 0.887682 0.043945 0.010634
2 2 0.006388 0.032924 0.862036 0.091053 0.007600
2 2 0.006382 0.032031 0.790382 0.163151 0.008055
2 2 0.010103 0.030606 0.799100 0.148902 0.011289
2 2 0.011779 0.032188 0.715363 0.226336 0.014334
2 2 0.013627 0.027812 0.559821 0.385133 0.013607
3 3 0.010540 0.019238 0.330238 0.630549 0.009435
3 3 0.017726 0.025722 0.354907 0.587683 0.013963
3 3 0.013371 0.015087 0.225466 0.736474 0.009602
