0 0 0.643187 0.130666 0.040886 0.010712 0.174548
0 0 0.616181 0.128042 0.032513 0.006559 0.216705
0 0 0.607428 0.116246 0.039751 0.013249 0.223326
0 0 0.568045 0.108750 0.023695 0.004625 0.294886
0 0 0.668242 0.095474 0.024668 0.008078 0.203539
0 0 0.766323 0.080202 0.019867 0.008352 0.125256
0 0 0.796226 0.071684 0.010689 0.002773 0.118628
0 0 0.847318 0.056284 0.009061 0.003609 0.083729
0 0 0.694349 0.085066 0.018258 0.005660 0.196667
0 0 0.835781 0.062072 0.016629 0.010973 0.074545
0 0 0.636366 0.107471 0.028643 0.008024 0.219497
0 0 0.655004 0.098168 0.021155 0.005219 0.220455
0 0 0.741397 0.085964 0.020949 0.007758 0.143932
0 0 0.832935 0.063416 0.013750 0.006785 0.083114
0 0 0.934911 0.031432 0.004383 0.002868 0.026406
0 0 0.901702 0.044989 0.006305 0.002719 0.044285
0 0 0.843660 0.064288 0.018500 0.012546 0.061006
0 1 0.534202 0.153693 0.052480 0.010697 0.248928
4 1 0.090291 0.228850 0.275639 0.012218 0.393001
2 1 0.015257 0.153690 0.416939 0.009017 0.405097
2 1 0.006687 0.118407 0.488258 0.010616 0.376031
2 1 0.005203 0.112156 0.563868 0.011676 0.307096
4 4 0.014267 0.129185 0.313986 0.009231 0.533331
4 4 0.018882 0.094714 0.139736 0.006824 0.739845
4 4 0.021961 0.072932 0.087330 0.007694 0.810083
4 4 0.020620 0.067470 0.067519 0.004872 0.839519
4 4 0.025661 0.075012 0.070323 0.005194 0.823810
4 4 0.030256 0.131576 0.191916 0.008258 0.637995
4 4 0.033975 0.139474 0.209167 0.009813 0.607570
4 4 0.057577 0.167967 0.227410 0.013988 0.533058
4 4 0.016288 0.062007 0.072599 0.005510 0.843596
4 4 0.013884 0.064983 0.098739 0.008460 0.813934
4 4 0.007276 0.048277 0.078500 0.005324 0.860624
4 4 0.011899 0.057597 0.080250 0.006024 0.844229
4 4 0.015289 0.064767 0.088362 0.007295 0.824287
4 4 0.028185 0.079243 0.075233 0.005840 0.811499
4 4 0.048015 0.102024 0.083296 0.006943 0.759721
4 4 0.064952 0.107058 0.054555 0.003261 0.770174
4 4 0.053828 0.185283 0.153588 0.003082 0.604218
4 4 0.019713 0.191393 0.325085 0.002505 0.461304
4 4 0.018666 0.169457 0.269132 0.002522 0.540222
4 4 0.021184 0.135898 0.197657 0.003979 0.641282
4 4 0.025282 0.114980 0.139648 0.004770 0.715321
4 4 0.026948 0.134376 0.196533 0.006450 0.635693
4 4 0.024929 0.175324 0.332697 0.006423 0.460627
4 4 0.026591 0.170819 0.354320 0.009696 0.438575
4 4 0.025901 0.146154 0.349143 0.019479 0.459321
4 4 0.048564 0.127774 0.149960 0.012118 0.661584
4 4 0.220550 0.160097 0.121567 0.026996 0.470790
4 0 0.351384 0.139998 0.044808 0.006472 0.457337
0 0 0.706901 0.092620 0.032320 0.016588 0.151571
0 0 0.631820 0.109319 0.037977 0.014450 0.206434
0 0 0.564067 0.107239 0.021185 0.003693 0.303816
0 0 0.462818 0.107160 0.031055 0.007428 0.391540
0 0 0.736425 0.082593 0.026086 0.014115 0.140780
0 0 0.859112 0.052857 0.015787 0.014644 0.057600
0 0 0.933781 0.027421 0.006817 0.010915 0.021066
0 0 0.943966 0.023184 0.004904 0.007934 0.020011
0 0 0.935608 0.025179 0.003932 0.004083 0.031198
0 0 0.771266 0.051464 0.005325 0.001343 0.170602
4 0 0.085973 0.123433 0.062070 0.004132 0.724392
4 0 0.304048 0.166633 0.048878 0.004294 0.476146
4 0 0.060532 0.106422 0.061653 0.004051 0.767341
4 1 0.094588 0.134391 0.079652 0.006505 0.684864
4 1 0.047299 0.089327 0.043761 0.002211 0.817402
4 1 0.106999 0.130279 0.058840 0.004049 0.699832
4 1 0.209588 0.162758 0.048971 0.003095 0.575588
4 1 0.219221 0.269569 0.171987 0.008315 0.330909
2 1 0.042157 0.207356 0.391221 0.010346 0.348921
2 1 0.022997 0.173282 0.527200 0.016379 0.260143
2 1 0.009473 0.118613 0.620060 0.029040 0.222814
2 1 0.006507 0.102924 0.716006 0.031993 0.142569
2 1 0.009371 0.118384 0.694455 0.030020 0.147770
2 1 0.009232 0.110438 0.694088 0.040425 0.145818
2 1 0.005537 0.090300 0.759761 0.041786 0.102617
2 1 0.003657 0.073933 0.802245 0.046544 0.073621
2 1 0.002141 0.058563 0.848704 0.044170 0.046422
2 2 0.001899 0.050248 0.841174 0.065583 0.041097
2 2 0.001433 0.043179 0.860379 0.066059 0.028950
2 2 0.001979 0.050539 0.836975 0.068727 0.041780
2 2 0.003184 0.060613 0.800097 0.077876 0.058230
2 2 0.003199 0.062324 0.801261 0.071820 0.061396
2 2 0.002405 0.040362 0.716073 0.194803 0.046357
2 2 0.001687 0.024582 0.594854 0.352100 0.026777
3 2 0.000930 0.011510 0.403375 0.572724 0.011461
3 2 0.001102 0.012101 0.404228 0.571536 0.011033
3 2 0.002003 0.013423 0.332420 0.637899 0.014254
3 3 0.001658 0.009554 0.267753 0.712013 0.009021
3 3 0.002198 0.008903 0.224033 0.756850 0.008016
3 3 0.002016 0.008342 0.218734 0.763457 0.007451
3 3 0.003443 0.004235 0.090338 0.898932 0.003052
3 3 0.003585 0.004367 0.091467 0.897423 0.003158
3 3 0.002656 0.003497 0.083807 0.907571 0.002468
3 3 0.001893 0.002638 0.073526 0.920144 0.001799
3 3 0.002567 0.002835 0.068945 0.923740 0.001913
3 3 0.002712 0.002804 0.066506 0.926100 0.001878
3 3 0.003140 0.002855 0.063392 0.928719 0.001894
3 3 0.003071 0.002227 0.049794 0.943508 0.001400
3 3 0.003361 0.002517 0.053992 0.938463 0.001666
3 3 0.003240 0.002862 0.062628 0.929361 0.001909
3 3 0.003420 0.002690 0.057431 0.934712 0.001748
3 3 0.002760 0.002528 0.059421 0.933641 0.001651
3 3 0.002767 0.002187 0.051263 0.942401 0.001382
3 3 0.002559 0.001689 0.040830 0.953908 0.001014
3 3 0.003976 0.002332 0.046409 0.945835 0.001448
3 3 0.002917 0.001808 0.041218 0.952969 0.001089
3 3 0.003177 0.001902 0.041755 0.952015 0.001151
3 3 0.003324 0.001858 0.039943 0.953761 0.001114
3 3 0.002260 0.001287 0.032663 0.963045 0.000746
3 3 0.002318 0.001277 0.031892 0.963726 0.000787
3 3 0.001821 0.001159 0.032155 0.964131 0.000734
3 3 0.001566 0.001041 0.030942 0.965824 0.000628
3 3 0.002074 0.001366 0.036167 0.959596 0.000797
3 3 0.001509 0.000878 0.026566 0.970571 0.000477
3 3 0.001152 0.000792 0.027045 0.970581 0.000430
3 3 0.001642 0.000996 0.029112 0.967697 0.000553
3 3 0.002036 0.001087 0.028867 0.967407 0.000604
3 3 0.003219 0.001341 0.029022 0.965668 0.000750
3 3 0.003554 0.001674 0.034810 0.958989 0.000974
3 3 0.002403 0.001207 0.029777 0.965937 0.000676
3 3 0.001899 0.001178 0.032113 0.964070 0.000741
3 3 0.002368 0.000998 0.024542 0.971519 0.000573
3 3 0.003742 0.001583 0.031854 0.961819 0.001002
3 3 0.002901 0.001081 0.024300 0.971109 0.000608
3 3 0.002738 0.001119 0.025751 0.969715 0.000677
3 3 0.002375 0.001065 0.026173 0.969765 0.000623
3 3 0.002385 0.001056 0.025871 0.970059 0.000630
3 3 0.002447 0.001077 0.026119 0.969727 0.000631
3 3 0.002348 0.001134 0.028111 0.967748 0.000660
3 3 0.001675 0.000659 0.018841 0.978492 0.000333
3 3 0.001922 0.000827 0.022364 0.974453 0.000434
3 3 0.002858 0.001037 0.023534 0.972018 0.000553
3 3 0.003899 0.001331 0.026369 0.967671 0.000730
3 3 0.003076 0.001233 0.027124 0.967868 0.000699
3 3 0.003131 0.001311 0.028705 0.966123 0.000731
3 3 0.002709 0.001313 0.030596 0.964592 0.000789
3 3 0.002423 0.001074 0.026230 0.969664 0.000610
3 3 0.002155 0.000976 0.025027 0.971273 0.000569
3 3 0.002580 0.001231 0.029121 0.966289 0.000779
3 3 0.003127 0.001470 0.031892 0.962514 0.000996
3 3 0.002884 0.001149 0.025808 0.969460 0.000698
3 3 0.003455 0.001370 0.028397 0.965890 0.000889
3 3 0.003878 0.001393 0.027526 0.966364 0.000840
3 3 0.002334 0.001013 0.025130 0.970957 0.000566
3 3 0.002757 0.000865 0.019853 0.976080 0.000445
3 3 0.002832 0.000952 0.021511 0.974166 0.000539
3 3 0.003280 0.000905 0.019169 0.976174 0.000472
3 3 0.004395 0.001231 0.022916 0.970779 0.000679
3 3 0.002783 0.000885 0.020065 0.975762 0.000506
3 3 0.002379 0.000979 0.023980 0.972094 0.000568
3 3 0.003638 0.001332 0.026905 0.967282 0.000844
3 3 0.003689 0.001444 0.029193 0.964785 0.000889
3 3 0.002795 0.001216 0.027957 0.967343 0.000688
3 3 0.002377 0.000912 0.022424 0.973807 0.000480
3 3 0.002192 0.000955 0.024408 0.971934 0.000512
3 3 0.002465 0.001035 0.025126 0.970815 0.000559
3 3 0.003799 0.001339 0.026849 0.967276 0.000737
3 3 0.005774 0.001839 0.030701 0.960637 0.001049
3 3 0.011194 0.003541 0.043598 0.939192 0.002475
3 3 0.005405 0.001963 0.033360 0.957942 0.001330
3 3 0.010831 0.002581 0.032029 0.952907 0.001652
3 3 0.005323 0.001579 0.026933 0.965160 0.001005
3 3 0.003084 0.000803 0.017382 0.978308 0.000423
3 3 0.001907 0.000617 0.016557 0.980604 0.000315
3 3 0.002097 0.000677 0.017469 0.979420 0.000337
3 3 0.004226 0.001111 0.021024 0.973071 0.000568
3 3 0.003603 0.001686 0.034843 0.958886 0.000982
3 3 0.004963 0.003533 0.063927 0.925214 0.002363
3 3 0.005264 0.005634 0.099258 0.885669 0.004174
3 3 0.004037 0.005544 0.109874 0.876353 0.004193
3 3 0.007622 0.008938 0.132472 0.843828 0.007140
3 3 0.005520 0.008935 0.152368 0.825820 0.007358
3 2 0.003721 0.006025 0.123562 0.862010 0.004683
3 2 0.002289 0.007701 0.192606 0.790748 0.006656
3 2 0.001720 0.010879 0.291680 0.682922 0.012798
3 2 0.002569 0.017014 0.360913 0.595211 0.024293
2 4 0.004338 0.035644 0.496735 0.383204 0.080078
2 4 0.002030 0.029019 0.548790 0.351628 0.068532
2 4 0.002222 0.040101 0.597899 0.223956 0.135822
2 4 0.002183 0.044928 0.573187 0.158822 0.220879
2 4 0.001920 0.036488 0.603025 0.243405 0.115162
2 4 0.001583 0.030036 0.592897 0.297619 0.077865
2 4 0.001170 0.025162 0.587992 0.323020 0.062657
2 4 0.001426 0.031292 0.658079 0.245378 0.063826
2 4 0.001049 0.025072 0.614515 0.301428 0.057935
2 2 0.001600 0.033771 0.608537 0.247504 0.108587
2 2 0.002169 0.042218 0.592132 0.192803 0.170677
2 2 0.002416 0.043247 0.590567 0.200962 0.162808
2 2 0.003465 0.049056 0.577026 0.203356 0.167096
2 2 0.003584 0.050501 0.572397 0.193913 0.179605
2 2 0.002796 0.044786 0.587346 0.210515 0.154558
2 2 0.003189 0.045248 0.573918 0.224448 0.153197
2 2 0.002845 0.045138 0.586502 0.209790 0.155724
2 2 0.003432 0.050765 0.568854 0.182035 0.194913
2 2 0.006222 0.075626 0.639098 0.106222 0.172833
2 2 0.010856 0.116227 0.646022 0.041046 0.185849
2 2 0.019651 0.164513 0.644542 0.019632 0.151662
2 2 0.074678 0.247698 0.537184 0.016995 0.123444
2 2 0.101118 0.247741 0.535386 0.021507 0.094248
2 2 0.152946 0.246122 0.475678 0.032159 0.093095
2 2 0.089105 0.279753 0.548937 0.010714 0.071491
2 2 0.075086 0.257463 0.575085 0.013298 0.079068
2 2 0.061442 0.222222 0.550338 0.023542 0.142456
2 2 0.029359 0.108285 0.603985 0.159666 0.098705
2 2 0.040551 0.091532 0.481484 0.284938 0.101496
2 2 0.031452 0.094906 0.589563 0.215795 0.068283
2 2 0.044545 0.138985 0.676159 0.085881 0.054429
2 2 0.262254 0.283450 0.359184 0.017033 0.078079
2 2 0.159287 0.263295 0.507565 0.017706 0.052148
2 2 0.194885 0.269541 0.454950 0.019170 0.061455
2 2 0.055084 0.206960 0.520917 0.026976 0.190063
2 2 0.060538 0.222766 0.489838 0.019773 0.207084
2 2 0.088527 0.283424 0.440224 0.010005 0.177819
2 2 0.081402 0.259698 0.457132 0.014139 0.187629
2 2 0.114285 0.253742 0.469501 0.025942 0.136531
2 2 0.112327 0.251175 0.496268 0.026222 0.114008
2 2 0.048901 0.183136 0.576868 0.045713 0.145382
2 2 0.023062 0.107320 0.613486 0.136933 0.119199
2 2 0.007944 0.060220 0.628955 0.226588 0.076292
2 2 0.004044 0.038723 0.578139 0.323299 0.055795
2 2 0.003264 0.034077 0.554299 0.352250 0.056110
2 2 0.002918 0.037538 0.605889 0.288581 0.065073
2 2 0.004860 0.057277 0.641181 0.184947 0.111735
2 2 0.007248 0.059678 0.573444 0.235555 0.124075
2 2 0.002967 0.028527 0.502543 0.421848 0.044114
3 2 0.004221 0.022329 0.380836 0.567525 0.025090
3 2 0.010280 0.032020 0.402840 0.529206 0.025653
3 2 0.017896 0.044704 0.441230 0.463853 0.032317
2 2 0.050851 0.096036 0.585931 0.226706 0.040477
2 2 0.091740 0.171470 0.592196 0.080257 0.064338
2 2 0.086530 0.171383 0.554464 0.092263 0.095360
2 2 0.088502 0.211412 0.498779 0.044512 0.156795
2 2 0.039128 0.138652 0.518140 0.102328 0.201752
2 2 0.007505 0.043885 0.493995 0.386113 0.068502
2 2 0.003885 0.030508 0.480728 0.436110 0.048769
3 2 0.005402 0.029744 0.423414 0.495264 0.046177
2 2 0.005413 0.033939 0.460026 0.441796 0.058825
2 2 0.006184 0.041323 0.497853 0.379321 0.075319
2 2 0.007465 0.044207 0.491510 0.379855 0.076964
3 2 0.004391 0.027372 0.435073 0.498216 0.034946
3 2 0.018803 0.038348 0.333197 0.565136 0.044517
3 2 0.015912 0.029164 0.286865 0.638691 0.029368
3 2 0.014410 0.024265 0.255102 0.682755 0.023467
3 2 0.022711 0.039803 0.320877 0.573533 0.043076
3 2 0.040369 0.058645 0.371125 0.476903 0.052958
2 2 0.085811 0.105712 0.439778 0.288024 0.080676
2 2 0.089556 0.151189 0.517452 0.140739 0.101064
2 2 0.195781 0.222302 0.440356 0.053205 0.088357
2 2 0.244600 0.245389 0.369851 0.037737 0.102423
2 2 0.064183 0.103125 0.527083 0.248525 0.057083
2 2 0.121488 0.169386 0.523259 0.108364 0.077502
2 2 0.164873 0.209088 0.424139 0.069873 0.132027
2 2 0.127050 0.246943 0.440846 0.030997 0.154163
2 2 0.067917 0.210788 0.433392 0.026044 0.261858
2 2 0.067509 0.192934 0.362294 0.027903 0.349360
2 2 0.034445 0.157036 0.482670 0.045227 0.280622
2 2 0.010661 0.101908 0.598555 0.067455 0.221421
2 2 0.012339 0.105471 0.666146 0.074717 0.141327
2 2 0.017400 0.116404 0.685091 0.076503 0.104602
2 2 0.017743 0.118914 0.705525 0.069143 0.088675
2 2 0.028182 0.133763 0.689402 0.071428 0.077225
2 2 0.066101 0.194014 0.574315 0.046727 0.118843
2 2 0.077538 0.218915 0.542007 0.032696 0.128843
2 2 0.086014 0.236894 0.546066 0.025642 0.105384
2 2 0.070370 0.199750 0.608707 0.040406 0.080768
2 2 0.048419 0.174125 0.603381 0.054698 0.119378
2 2 0.020170 0.114264 0.683180 0.094774 0.087611
2 2 0.009014 0.083118 0.709795 0.110913 0.087160
2 2 0.014859 0.111018 0.706216 0.073079 0.094829
2 2 0.012048 0.099331 0.691286 0.088134 0.109201
2 2 0.064868 0.206776 0.411427 0.024207 0.292722
2 2 0.077877 0.224537 0.479491 0.027583 0.190512
2 2 0.115715 0.277831 0.462002 0.016620 0.127832
2 2 0.255144 0.239542 0.367270 0.039952 0.098092
2 2 0.185833 0.191776 0.385702 0.090979 0.145710
0 2 0.367499 0.178208 0.234516 0.087988 0.131789
0 0 0.817627 0.083955 0.013329 0.002753 0.082336
0 0 0.642448 0.226589 0.031862 0.000492 0.098609
1 0 0.265039 0.463618 0.163918 0.000510 0.106914
1 0 0.116749 0.395526 0.347390 0.001866 0.138469
2 1 0.050389 0.250480 0.578435 0.008912 0.111784
2 1 0.027871 0.176295 0.677872 0.022259 0.095703
2 2 0.010791 0.091919 0.692833 0.100912 0.103546
2 2 0.008364 0.067847 0.594239 0.199581 0.129969
2 2 0.008858 0.059632 0.529963 0.269145 0.132402
2 2 0.014993 0.081962 0.487361 0.184907 0.230776
2 2 0.014749 0.082621 0.493158 0.182154 0.227319
2 2 0.027864 0.133720 0.548594 0.079777 0.210046
2 2 0.018147 0.108992 0.640459 0.106239 0.126163
2 2 0.008383 0.072024 0.703386 0.150058 0.066148
2 2 0.008882 0.075698 0.716163 0.134436 0.064822
2 2 0.007619 0.061953 0.665977 0.200114 0.064338
2 2 0.017194 0.091599 0.648259 0.157026 0.085924
2 2 0.042510 0.130361 0.621540 0.121316 0.084273
2 2 0.164030 0.176994 0.384317 0.108493 0.166166
0 0 0.333072 0.147269 0.178395 0.114633 0.226631
0 0 0.528144 0.141685 0.054336 0.014244 0.261591
0 1 0.634575 0.135009 0.042354 0.010539 0.177522
0 1 0.459145 0.240144 0.094082 0.006676 0.199953
1 2 0.200878 0.293745 0.223843 0.008763 0.272771
1 2 0.117318 0.407457 0.386501 0.001637 0.087086
1 2 0.221598 0.416466 0.194427 0.001203 0.166307
1 2 0.106500 0.372666 0.322587 0.002071 0.196176
1 2 0.069148 0.329969 0.323746 0.001919 0.275218
4 2 0.059498 0.287416 0.299917 0.002465 0.350704
4 2 0.052079 0.246036 0.336193 0.005105 0.360587
2 2 0.035978 0.252138 0.430268 0.003735 0.277881
1 2 0.077217 0.353491 0.331325 0.001705 0.236262
1 2 0.183690 0.405609 0.214960 0.001364 0.194378
1 2 0.263787 0.370775 0.136399 0.001296 0.227743
0 2 0.495562 0.276821 0.073592 0.001870 0.152155
0 0 0.575144 0.224838 0.068259 0.003472 0.128287
0 0 0.455926 0.308057 0.115180 0.002576 0.118261
1 0 0.378546 0.406605 0.105246 0.000540 0.109063
1 0 0.242459 0.455676 0.197682 0.000750 0.103434
1 1 0.131490 0.415708 0.313803 0.001437 0.137562
1 1 0.114757 0.403012 0.341708 0.001600 0.138922
2 1 0.084618 0.324845 0.433425 0.004485 0.152626
2 2 0.111508 0.316856 0.375049 0.006576 0.190011
2 2 0.083471 0.290713 0.507304 0.008608 0.109905
2 2 0.061325 0.258707 0.550581 0.010299 0.119088
2 2 0.072827 0.277761 0.530026 0.009082 0.110304
2 2 0.046807 0.232635 0.597057 0.011537 0.111963
2 2 0.076183 0.273782 0.507365 0.010513 0.132156
2 2 0.100251 0.297509 0.447075 0.009454 0.145711
2 2 0.138228 0.314877 0.364751 0.008871 0.173273
1 0 0.273526 0.288771 0.192410 0.009603 0.235690
0 0 0.430861 0.212006 0.099822 0.012304 0.245008
0 0 0.451034 0.224996 0.087558 0.007395 0.229016
0 0 0.399420 0.242274 0.083819 0.004785 0.269701
0 0 0.701246 0.147301 0.045510 0.006377 0.099565
0 0 0.758498 0.128110 0.038732 0.005648 0.069012
0 0 0.657769 0.191585 0.062068 0.003984 0.084594
0 0 0.637779 0.196664 0.057025 0.003499 0.105033
1 0 0.354895 0.374721 0.144152 0.001613 0.124619
1 0 0.186828 0.323150 0.218786 0.004730 0.266505
2 1 0.113037 0.284936 0.328391 0.009169 0.264466
2 2 0.096918 0.239058 0.394714 0.022503 0.246807
2 2 0.091420 0.201676 0.503380 0.054962 0.148563
2 2 0.097453 0.191515 0.531250 0.071241 0.108542
2 2 0.072980 0.206996 0.602057 0.037318 0.080648
2 2 0.029866 0.127457 0.722318 0.072967 0.047392
2 2 0.016183 0.084396 0.742127 0.124872 0.032422
2 2 0.021382 0.081729 0.704242 0.163054 0.029594
2 2 0.027681 0.088963 0.672790 0.174899 0.035667
2 2 0.031410 0.091862 0.638142 0.194811 0.043775
2 2 0.017894 0.067727 0.642599 0.239069 0.032711
2 2 0.012535 0.056072 0.637189 0.266231 0.027974
2 2 0.013950 0.067106 0.697029 0.193258 0.028658
2 2 0.010827 0.064897 0.723481 0.172464 0.028331
2 2 0.026325 0.101319 0.696249 0.131934 0.044173
2 2 0.024091 0.100261 0.738657 0.104475 0.032516
2 2 0.042723 0.151462 0.713835 0.049944 0.042035
2 2 0.102835 0.244515 0.569265 0.021098 0.062286
2 2 0.190933 0.286219 0.426449 0.016520 0.079880
2 2 0.091520 0.217331 0.576468 0.036049 0.078631
2 2 0.025091 0.144830 0.733391 0.040457 0.056232
2 2 0.013384 0.097641 0.760344 0.080316 0.048316
2 2 0.010142 0.082001 0.743022 0.110983 0.053852
2 2 0.022453 0.135533 0.736751 0.045707 0.059556
2 2 0.166791 0.334277 0.394966 0.007771 0.096195
0 2 0.502012 0.207975 0.124889 0.018574 0.146550
0 2 0.795842 0.087811 0.017129 0.004683 0.094536
0 0 0.855586 0.056959 0.012155 0.006751 0.068550
0 0 0.751337 0.084229 0.019161 0.006720 0.138553
0 0 0.624656 0.125698 0.034548 0.007983 0.207114
1 0 0.181479 0.298677 0.239903 0.008094 0.271847
4 2 0.037586 0.188409 0.249780 0.004851 0.519375
2 2 0.015716 0.192840 0.435716 0.003268 0.352461
2 2 0.013247 0.184855 0.441154 0.003063 0.357680
2 2 0.020016 0.200094 0.390940 0.003263 0.385686
2 2 0.016907 0.196454 0.465577 0.003904 0.317157
2 2 0.008117 0.163958 0.610130 0.004133 0.213662
2 2 0.020365 0.198886 0.523463 0.006336 0.250950
4 2 0.036556 0.173474 0.286998 0.009158 0.493814
4 2 0.039147 0.158649 0.210616 0.007400 0.584188
4 4 0.051542 0.138137 0.150163 0.009688 0.650470
4 4 0.042846 0.113317 0.136804 0.012800 0.694235
4 4 0.025717 0.081357 0.104087 0.010356 0.778482
4 4 0.029665 0.104882 0.141436 0.009841 0.714177
4 4 0.034041 0.115679 0.162109 0.011752 0.676419
4 4 0.045486 0.152563 0.192310 0.009257 0.600384
4 4 0.051882 0.108887 0.099496 0.009585 0.730150
4 4 0.067948 0.121515 0.097133 0.009211 0.704193
4 4 0.039196 0.097055 0.102925 0.010206 0.750618
4 4 0.081986 0.124576 0.072301 0.005424 0.715714
4 4 0.059941 0.139785 0.099446 0.004251 0.696578
4 4 0.079289 0.158611 0.086794 0.002876 0.672430
4 4 0.031453 0.159519 0.216682 0.005170 0.587176
4 4 0.026196 0.133320 0.194178 0.006147 0.640159
4 4 0.020773 0.137669 0.275584 0.009357 0.556616
4 4 0.031580 0.149784 0.238808 0.008808 0.571020
4 4 0.071655 0.169665 0.162542 0.008789 0.587350
4 4 0.116948 0.262126 0.211393 0.005623 0.403911
4 1 0.229166 0.274629 0.165096 0.007300 0.323809
0 1 0.457409 0.260144 0.080405 0.003162 0.198880
0 1 0.612947 0.210698 0.071693 0.004256 0.100406
0 1 0.495461 0.249354 0.105772 0.006157 0.143256
0 0 0.577198 0.238034 0.086148 0.003682 0.094938
0 0 0.580174 0.209341 0.090051 0.007802 0.112631
0 0 0.539483 0.241723 0.103685 0.005678 0.109431
0 0 0.433075 0.267165 0.167854 0.010261 0.121645
0 0 0.340378 0.283622 0.228226 0.013679 0.134095
1 0 0.195859 0.310227 0.238605 0.007399 0.247911
0 0 0.380415 0.274589 0.191543 0.012353 0.141099
0 0 0.363296 0.274817 0.148858 0.008791 0.204239
0 0 0.503625 0.187259 0.061756 0.007431 0.239929
4 1 0.238473 0.258424 0.140070 0.007051 0.355981
4 1 0.208245 0.173828 0.065785 0.005075 0.547067
4 1 0.124630 0.299995 0.252332 0.004939 0.318104
4 0 0.195875 0.298937 0.180888 0.004856 0.319443
4 1 0.246025 0.301536 0.140847 0.003603 0.307989
0 1 0.374499 0.230655 0.116272 0.011571 0.267003
4 1 0.291657 0.220241 0.127479 0.014148 0.346475
4 1 0.261225 0.234918 0.155826 0.015088 0.332943
4 1 0.267335 0.286918 0.127610 0.004045 0.314093
1 1 0.258025 0.315440 0.148049 0.003463 0.275023
1 1 0.166248 0.385797 0.218472 0.001615 0.227869
1 1 0.147699 0.342783 0.269962 0.003830 0.235725
1 1 0.162332 0.357563 0.291565 0.004020 0.184520
2 1 0.193038 0.343294 0.357244 0.006954 0.099470
2 1 0.118838 0.274243 0.516936 0.015280 0.074703
2 1 0.131904 0.224475 0.522633 0.041810 0.079178
2 2 0.117054 0.196150 0.525837 0.069149 0.091810
2 2 0.066774 0.178949 0.611691 0.060605 0.081981
2 2 0.154464 0.247065 0.424996 0.035970 0.137505
2 2 0.235280 0.293785 0.318988 0.016516 0.135431
2 2 0.162981 0.249224 0.441208 0.033903 0.112684
2 2 0.165862 0.277994 0.447119 0.019147 0.089878
2 2 0.252762 0.282693 0.348436 0.018768 0.097341
2 2 0.148807 0.244651 0.512341 0.027510 0.066690
2 2 0.250563 0.284950 0.370635 0.016674 0.077178
0 2 0.384744 0.288276 0.233686 0.010102 0.083192
0 2 0.586545 0.163706 0.105807 0.029274 0.114668
0 2 0.658991 0.110009 0.065747 0.048357 0.116897
0 1 0.824261 0.069498 0.011578 0.003606 0.091057
0 0 0.820965 0.069741 0.007861 0.001478 0.099956
0 0 0.468050 0.273400 0.077192 0.002379 0.178978
0 0 0.394777 0.306223 0.152739 0.005063 0.141197
1 1 0.216177 0.355402 0.293283 0.005732 0.129406
2 1 0.143952 0.317435 0.334202 0.007945 0.196466
1 1 0.217061 0.328013 0.284009 0.008266 0.162651
0 1 0.453151 0.216147 0.137061 0.018808 0.174833
0 0 0.616597 0.135879 0.077520 0.034711 0.135292
0 0 0.841630 0.067124 0.016860 0.009125 0.065261
0 0 0.900102 0.044247 0.009517 0.007177 0.038957
0 0 0.774516 0.090294 0.024666 0.009887 0.100636
0 1 0.591287 0.146302 0.056603 0.015574 0.190234
0 2 0.369752 0.269735 0.194585 0.014155 0.151773
2 2 0.161690 0.255936 0.332153 0.026324 0.223896
2 2 0.054763 0.196889 0.521695 0.037513 0.189140
2 2 0.184426 0.192250 0.443413 0.093700 0.086212
0 2 0.549547 0.202030 0.125710 0.017219 0.105494
0 2 0.604087 0.157759 0.129397 0.036203 0.072554
0 2 0.445481 0.201595 0.206222 0.042344 0.104358
0 2 0.611978 0.130387 0.051035 0.017192 0.189408
0 1 0.540497 0.141993 0.026351 0.002783 0.288377
4 0 0.312837 0.155852 0.031552 0.001937 0.497822
4 0 0.237372 0.189735 0.088845 0.009172 0.474876
2 1 0.056263 0.262541 0.446557 0.007133 0.227507
4 1 0.079552 0.252086 0.329394 0.009191 0.329778
4 1 0.121146 0.224032 0.232443 0.015127 0.407251
2 1 0.215501 0.227321 0.266935 0.037516 0.252726
2 2 0.204547 0.136640 0.316896 0.220860 0.121056
2 2 0.105399 0.109084 0.410291 0.293207 0.082019
2 2 0.102478 0.135222 0.521498 0.177153 0.063650
2 2 0.246174 0.218549 0.394074 0.055463 0.085740
0 2 0.340993 0.249228 0.299633 0.026699 0.083448
0 1 0.404092 0.321540 0.190958 0.004245 0.079165
0 1 0.479768 0.292004 0.125313 0.003471 0.099445
2 2 0.097119 0.312545 0.526552 0.005895 0.057889
2 2 0.111576 0.215975 0.528669 0.049801 0.093980
2 2 0.016403 0.076612 0.708008 0.166460 0.032517
2 2 0.021957 0.079406 0.640360 0.215453 0.042823
2 2 0.056635 0.156606 0.610964 0.089050 0.086744
2 2 0.073108 0.200992 0.569618 0.046445 0.109837
2 2 0.030784 0.141421 0.720857 0.054736 0.052202
2 2 0.028571 0.121810 0.719353 0.082476 0.047790
2 2 0.020279 0.088346 0.708008 0.145391 0.037976
2 2 0.015587 0.055002 0.583987 0.316394 0.029030
3 2 0.025625 0.037629 0.294723 0.603875 0.038149
3 2 0.016224 0.031273 0.323784 0.602724 0.025995
3 2 0.030634 0.042981 0.326460 0.563328 0.036597
3 2 0.038209 0.051640 0.380431 0.496122 0.033597
3 2 0.062973 0.064310 0.400987 0.439366 0.032364
2 2 0.152170 0.101003 0.373786 0.321413 0.051628
0 2 0.532491 0.142562 0.176751 0.083610 0.064585
0 2 0.724013 0.071295 0.057641 0.093258 0.053793
0 2 0.887652 0.039429 0.014896 0.025973 0.032050
0 0 0.925117 0.032790 0.007276 0.008181 0.026637
0 0 0.885004 0.049379 0.012058 0.009319 0.044239
0 0 0.736939 0.114678 0.025563 0.005086 0.117734
0 0 0.465948 0.260495 0.087533 0.003880 0.182144
1 0 0.343590 0.348866 0.174215 0.003292 0.130037
2 1 0.131577 0.353711 0.360185 0.004357 0.150171
2 2 0.131454 0.294326 0.361726 0.011545 0.200949
2 2 0.189914 0.303003 0.324262 0.012437 0.170385
2 2 0.176380 0.248059 0.376890 0.033530 0.165140
0 2 0.332238 0.310786 0.251253 0.008696 0.097027
0 1 0.536699 0.266842 0.109391 0.003432 0.083636
0 1 0.676514 0.145811 0.081549 0.019662 0.076464
0 1 0.723434 0.101543 0.044784 0.026254 0.103985
0 1 0.629063 0.125668 0.068216 0.036380 0.140673
0 0 0.590649 0.121013 0.066140 0.036339 0.185859
0 0 0.638609 0.108395 0.054476 0.033183 0.165336
0 0 0.686450 0.102135 0.032838 0.013088 0.165488
0 0 0.798583 0.074181 0.018879 0.009189 0.099168
0 0 0.797372 0.074838 0.009907 0.002077 0.115807
0 2 0.839292 0.066654 0.008281 0.001871 0.083902
0 2 0.497980 0.152807 0.028877 0.002627 0.317708
4 2 0.014532 0.065180 0.080591 0.004834 0.834862
4 4 0.015217 0.058390 0.065058 0.004625 0.856709
4 4 0.019021 0.063215 0.058473 0.003790 0.855501
4 4 0.034457 0.076920 0.041652 0.002041 0.844931
4 4 0.037788 0.079873 0.044487 0.002388 0.835464
4 4 0.060191 0.109455 0.072283 0.005384 0.752688
4 4 0.063122 0.123043 0.126659 0.015014 0.672162
4 4 0.051221 0.105527 0.086048 0.007362 0.749842
4 4 0.028262 0.074711 0.050840 0.002806 0.843380
4 4 0.023887 0.066869 0.046017 0.002447 0.860779
4 4 0.026669 0.079542 0.069332 0.004601 0.819855
4 4 0.031546 0.079649 0.059849 0.003875 0.825081
4 4 0.011475 0.052145 0.056037 0.003273 0.877070
4 4 0.016525 0.050514 0.027488 0.001027 0.904447
4 4 0.034290 0.058928 0.022232 0.000960 0.883589
4 4 0.037354 0.079083 0.040082 0.001904 0.841577
4 4 0.056958 0.106049 0.069265 0.004986 0.762742
4 4 0.064988 0.121698 0.109443 0.011455 0.692416
4 4 0.039686 0.101983 0.134709 0.016769 0.706853
4 4 0.027899 0.084180 0.106422 0.010895 0.770604
4 4 0.024531 0.082156 0.110026 0.010970 0.772317
4 4 0.020317 0.071987 0.085878 0.007099 0.814719
4 4 0.023649 0.071656 0.062424 0.004089 0.838182
4 4 0.026711 0.078122 0.065915 0.004285 0.824966
4 4 0.024893 0.074437 0.072472 0.005486 0.822712
4 4 0.028575 0.085150 0.107620 0.011138 0.767517
4 4 0.035861 0.176414 0.300979 0.009222 0.477523
4 4 0.050301 0.179351 0.204612 0.006380 0.559356
4 4 0.071321 0.243232 0.229312 0.004039 0.452095
4 4 0.058978 0.203887 0.252890 0.007980 0.476266
2 4 0.030732 0.229580 0.549436 0.006278 0.183973
2 4 0.035950 0.233976 0.582161 0.007505 0.140409
2 4 0.023470 0.196607 0.584612 0.009859 0.185452
2 4 0.011498 0.148993 0.653660 0.013390 0.172459
2 4 0.007030 0.122803 0.695194 0.015558 0.159415
2 4 0.008545 0.115273 0.688980 0.029454 0.157747
2 4 0.014871 0.129289 0.630443 0.040702 0.184696
2 2 0.016400 0.133448 0.582718 0.038519 0.228914
2 2 0.023672 0.154643 0.517048 0.029520 0.275118
2 2 0.049431 0.201401 0.407432 0.017315 0.324421
2 2 0.077271 0.225798 0.358434 0.017079 0.321418
4 2 0.281370 0.175827 0.077736 0.009900 0.455167
0 0 0.453377 0.145135 0.030320 0.003092 0.368077
0 0 0.679043 0.094126 0.015895 0.003109 0.207827
0 0 0.619103 0.094863 0.015843 0.002832 0.267360
0 0 0.440673 0.125292 0.033456 0.005565 0.395015
4 0 0.237931 0.158323 0.079066 0.011387 0.513293
4 2 0.178262 0.157740 0.051326 0.003141 0.609531
4 2 0.142656 0.192205 0.107198 0.006029 0.551912
4 2 0.140639 0.142797 0.046727 0.002516 0.667321
4 0 0.214454 0.159530 0.039067 0.001993 0.584956
0 0 0.423692 0.140428 0.012636 0.000424 0.422820
4 0 0.427860 0.111299 0.005225 0.000103 0.455514
0 1 0.475691 0.155880 0.019277 0.000946 0.348207
4 1 0.125602 0.129461 0.036476 0.001642 0.706819
4 1 0.035075 0.169387 0.274725 0.008530 0.512282
4 1 0.041502 0.191903 0.340933 0.010778 0.414884
2 1 0.046322 0.212280 0.412778 0.012141 0.316479
2 1 0.060248 0.226271 0.408577 0.014060 0.290845
2 2 0.052902 0.221951 0.518915 0.017479 0.188753
2 2 0.010415 0.064767 0.689375 0.196820 0.038624
2 2 0.007445 0.048096 0.625956 0.284502 0.034001
2 2 0.011151 0.102038 0.779270 0.055319 0.052222
2 2 0.018550 0.141502 0.750891 0.029080 0.059976
2 2 0.023920 0.166572 0.725716 0.019976 0.063816
2 2 0.015660 0.130245 0.774408 0.030117 0.049568
2 2 0.012725 0.105373 0.787739 0.051211 0.042953
2 2 0.009903 0.076875 0.749357 0.119191 0.044674
2 2 0.008094 0.075686 0.764415 0.104076 0.047729
2 2 0.006254 0.057364 0.768825 0.141805 0.025753
2 2 0.005295 0.041618 0.678604 0.253158 0.021325
2 2 0.004796 0.031163 0.564839 0.380601 0.018601
2 2 0.003364 0.022499 0.489743 0.469860 0.014534
3 2 0.002516 0.013231 0.321401 0.652052 0.010801
3 2 0.004365 0.018246 0.347646 0.615296 0.014447
3 2 0.004397 0.014093 0.258951 0.709728 0.012831
3 2 0.006093 0.015367 0.241862 0.722306 0.014373
3 2 0.005482 0.012746 0.213256 0.757039 0.011478
3 3 0.004436 0.009509 0.177529 0.800406 0.008121
3 3 0.003822 0.008437 0.168920 0.811725 0.007096
3 3 0.003579 0.006814 0.141618 0.842515 0.005474
3 3 0.003822 0.005460 0.110891 0.875692 0.004136
3 3 0.003826 0.005292 0.107493 0.879410 0.003979
3 3 0.002966 0.003943 0.089917 0.900341 0.002833
3 3 0.003111 0.003690 0.082392 0.908207 0.002600
3 3 0.003532 0.003806 0.080290 0.909703 0.002670
3 3 0.003335 0.003494 0.075613 0.915143 0.002415
3 3 0.003825 0.003647 0.074212 0.915802 0.002515
3 3 0.005273 0.004640 0.081794 0.905006 0.003286
3 3 0.005028 0.004957 0.089227 0.897208 0.003580
3 3 0.003197 0.001757 0.038396 0.955606 0.001044
3 3 0.004255 0.002576 0.049781 0.941763 0.001626
3 3 0.004084 0.002141 0.042009 0.950466 0.001301
3 3 0.003816 0.001846 0.037246 0.956001 0.001091
3 3 0.002917 0.001513 0.034368 0.960325 0.000876
3 3 0.002560 0.001342 0.032262 0.963070 0.000766
3 3 0.003024 0.001686 0.037754 0.956540 0.000997
3 3 0.003435 0.001781 0.037684 0.956044 0.001055
3 3 0.004634 0.002031 0.037532 0.954605 0.001197
3 3 0.006163 0.002875 0.047015 0.942151 0.001796
3 3 0.007208 0.003161 0.048051 0.939627 0.001953
3 3 0.009776 0.003559 0.047023 0.937484 0.002158
3 3 0.002923 0.001317 0.029775 0.965246 0.000739
3 3 0.002665 0.001175 0.027625 0.967887 0.000648
3 3 0.002508 0.001000 0.024063 0.971894 0.000535
3 3 0.002643 0.001132 0.026690 0.968915 0.000620
3 3 0.002155 0.001044 0.026974 0.969256 0.000572
3 3 0.002768 0.001265 0.029282 0.965978 0.000707
3 3 0.003655 0.001520 0.031131 0.962830 0.000864
3 3 0.004905 0.001873 0.033713 0.958422 0.001087
3 3 0.004416 0.001791 0.033774 0.958980 0.001038
3 3 0.004347 0.001828 0.034741 0.958018 0.001066
3 3 0.004395 0.001842 0.034836 0.957852 0.001075
3 3 0.003852 0.001511 0.030218 0.963565 0.000854
3 3 0.004105 0.001788 0.034866 0.958199 0.001043
3 3 0.003726 0.001415 0.028683 0.965386 0.000790
3 3 0.003308 0.001311 0.028009 0.966644 0.000728
3 3 0.003125 0.001373 0.030148 0.964579 0.000774
3 3 0.003994 0.001489 0.029272 0.964410 0.000836
3 3 0.003201 0.001218 0.026354 0.968561 0.000667
3 3 0.002206 0.000847 0.021517 0.974988 0.000442
3 3 0.003487 0.001259 0.026224 0.968340 0.000689
3 3 0.003115 0.001283 0.028160 0.966730 0.000712
3 3 0.003879 0.001350 0.026802 0.967229 0.000740
3 3 0.004870 0.001755 0.031627 0.960745 0.001004
3 3 0.004685 0.001636 0.029965 0.962789 0.000925
3 3 0.003554 0.001348 0.027823 0.966503 0.000772
3 3 0.002618 0.001069 0.025287 0.970447 0.000579
3 3 0.002913 0.000924 0.020656 0.975011 0.000496
3 3 0.002424 0.000895 0.021797 0.974416 0.000469
3 3 0.003648 0.001162 0.023621 0.970938 0.000631
3 3 0.003618 0.001305 0.026746 0.967613 0.000718
3 3 0.003889 0.001672 0.033334 0.960122 0.000983
3 3 0.003718 0.001490 0.030262 0.963689 0.000842
3 3 0.004093 0.001449 0.028153 0.965498 0.000807
3 3 0.005576 0.001600 0.026967 0.964985 0.000872
3 3 0.003023 0.001075 0.023784 0.971543 0.000575
3 3 0.003818 0.001499 0.029955 0.963829 0.000899
3 3 0.004363 0.001968 0.036988 0.955330 0.001350
3 3 0.003294 0.001447 0.030742 0.963580 0.000937
3 3 0.002990 0.001064 0.023516 0.971811 0.000619
3 3 0.002490 0.000954 0.022995 0.973056 0.000505
3 3 0.003154 0.001236 0.026948 0.967982 0.000680
3 3 0.003322 0.001100 0.023337 0.971653 0.000587
3 3 0.003008 0.000977 0.021609 0.973894 0.000512
3 3 0.003138 0.001031 0.022322 0.972936 0.000573
3 3 0.005113 0.001582 0.027456 0.964859 0.000990
3 3 0.004009 0.001157 0.022281 0.971840 0.000714
3 3 0.007447 0.001898 0.027594 0.961737 0.001324
3 3 0.006006 0.002308 0.037255 0.952685 0.001747
3 3 0.001953 0.000820 0.021804 0.974941 0.000482
3 3 0.002178 0.000755 0.019206 0.977473 0.000387
3 3 0.002136 0.000871 0.022478 0.974056 0.000459
3 3 0.002110 0.000741 0.019134 0.977637 0.000377
3 3 0.001893 0.000631 0.017041 0.980123 0.000313
3 3 0.002012 0.000677 0.017812 0.979160 0.000339
3 3 0.003231 0.001055 0.022515 0.972597 0.000602
3 3 0.003889 0.001026 0.020102 0.974422 0.000562
3 3 0.004998 0.001191 0.020992 0.972193 0.000625
3 3 0.002989 0.000887 0.019613 0.976057 0.000455
3 3 0.002486 0.000621 0.014786 0.981808 0.000300
3 3 0.002828 0.000591 0.013231 0.983071 0.000279
3 3 0.002417 0.000550 0.013199 0.983576 0.000259
3 3 0.004060 0.001157 0.022224 0.971880 0.000680
3 3 0.003435 0.001097 0.022914 0.971971 0.000583
3 3 0.004921 0.001520 0.026833 0.965753 0.000974
3 3 0.007581 0.002232 0.032483 0.956172 0.001532
3 3 0.010677 0.002990 0.037267 0.946940 0.002126
3 3 0.012183 0.002796 0.032836 0.950295 0.001890
3 3 0.005130 0.001746 0.030537 0.961515 0.001072
3 3 0.002646 0.001002 0.023312 0.972441 0.000600
3 3 0.001932 0.000749 0.019986 0.976911 0.000422
3 3 0.001595 0.000655 0.019092 0.978313 0.000346
3 3 0.002246 0.000818 0.020509 0.975982 0.000445
3 3 0.003423 0.001305 0.027209 0.967258 0.000805
3 3 0.005608 0.001783 0.030062 0.961498 0.001048
3 3 0.004369 0.001498 0.028221 0.965084 0.000828
3 3 0.013135 0.004080 0.047277 0.932991 0.002517
3 2 0.024134 0.009971 0.088101 0.870496 0.007298
2 2 0.138243 0.103283 0.427740 0.291106 0.039629
2 2 0.122738 0.191629 0.419385 0.080324 0.185925
2 2 0.062318 0.151093 0.510961 0.118782 0.156846
2 2 0.056792 0.119837 0.402257 0.186268 0.234845
2 2 0.024868 0.093410 0.469629 0.205388 0.206706
2 2 0.006368 0.062372 0.545395 0.188767 0.197098
2 2 0.007568 0.074148 0.506995 0.120582 0.290707
2 2 0.005056 0.064425 0.459909 0.098976 0.371634
2 2 0.006500 0.078948 0.433529 0.054446 0.426577
4 4 0.010080 0.096917 0.327436 0.022521 0.543045
4 4 0.013799 0.088890 0.201787 0.015644 0.679879
4 4 0.011888 0.082451 0.240352 0.028353 0.636955
4 4 0.015575 0.078240 0.159133 0.018034 0.729018
4 4 0.012403 0.075295 0.182251 0.021383 0.708668
4 4 0.016208 0.078814 0.155824 0.017587 0.731567
4 4 0.030043 0.098745 0.167940 0.022571 0.680700
4 4 0.039444 0.102136 0.138455 0.017653 0.702312
4 4 0.047930 0.113353 0.160766 0.023452 0.654499
4 4 0.050722 0.115376 0.153294 0.021428 0.659180
4 4 0.044681 0.098114 0.100505 0.010889 0.745811
4 4 0.031947 0.079073 0.077975 0.007387 0.803618
4 4 0.020788 0.076320 0.118635 0.013294 0.770964
4 4 0.020501 0.075534 0.108719 0.010928 0.784319
4 4 0.017123 0.075935 0.129258 0.013287 0.764396
4 4 0.009194 0.059033 0.113529 0.009662 0.808582
4 4 0.013667 0.069085 0.121786 0.011598 0.783864
4 4 0.010391 0.054111 0.076503 0.005471 0.853525
4 4 0.018215 0.065354 0.086150 0.008165 0.822116
4 4 0.017995 0.057945 0.062369 0.005182 0.856509
4 4 0.029171 0.070043 0.054951 0.004111 0.841723
4 4 0.039195 0.073612 0.036016 0.001896 0.849282
4 4 0.014356 0.056465 0.062498 0.004312 0.862368
4 4 0.018360 0.066420 0.078982 0.006392 0.829846
4 4 0.024721 0.071922 0.061842 0.004140 0.837376
4 4 0.035511 0.089046 0.081216 0.006659 0.787568
4 4 0.026992 0.081239 0.095208 0.008929 0.787632
4 4 0.021053 0.070824 0.082638 0.006980 0.818506
4 4 0.016082 0.062513 0.075354 0.005809 0.840242
4 4 0.028478 0.084983 0.107333 0.011085 0.768122
4 4 0.019133 0.067137 0.078213 0.006350 0.829167
4 4 0.020580 0.067307 0.066986 0.004804 0.840323
4 4 0.018002 0.060482 0.053177 0.003214 0.865125
4 4 0.028740 0.076467 0.060033 0.003907 0.830852
4 4 0.046998 0.108279 0.112857 0.011307 0.720559
4 4 0.039106 0.123431 0.116654 0.004993 0.715816
4 4 0.070525 0.195914 0.220065 0.009474 0.504022
4 4 0.060933 0.112677 0.082162 0.006781 0.737448
4 4 0.142386 0.155733 0.074820 0.006017 0.621043
4 1 0.079520 0.117283 0.056297 0.003463 0.743437
4 1 0.168327 0.164375 0.072107 0.005761 0.589430
4 1 0.078200 0.250313 0.249298 0.005059 0.417129
4 1 0.026899 0.167491 0.268770 0.005224 0.531616
4 2 0.018533 0.158289 0.297305 0.004639 0.521234
4 2 0.040369 0.153232 0.241193 0.012600 0.552607
4 2 0.096272 0.137688 0.087806 0.007776 0.670457
4 0 0.255043 0.148861 0.037900 0.002687 0.555509
0 0 0.437431 0.117576 0.034466 0.006995 0.403533
4 0 0.360542 0.111597 0.019628 0.001819 0.506414
4 0 0.288746 0.132901 0.031261 0.002656 0.544435
4 1 0.108620 0.131175 0.052074 0.003056 0.705074
4 1 0.035820 0.185039 0.318009 0.008350 0.452782
2 1 0.054593 0.278825 0.512407 0.005729 0.148446
2 1 0.114066 0.278649 0.305730 0.009034 0.292521
4 4 0.149635 0.206703 0.182184 0.017464 0.444015
4 4 0.118529 0.158683 0.130102 0.016468 0.576218
4 4 0.103812 0.142529 0.090216 0.008213 0.655230
4 4 0.136225 0.159579 0.095356 0.009344 0.599497
4 1 0.115753 0.139610 0.063289 0.004353 0.676994
4 1 0.094049 0.208092 0.164592 0.005993 0.527274
4 1 0.110591 0.270461 0.230964 0.005423 0.382561
4 1 0.158475 0.278788 0.182655 0.004969 0.375112
0 1 0.322119 0.274289 0.098306 0.003375 0.301911
0 1 0.355805 0.249752 0.084466 0.003866 0.306112
4 1 0.243575 0.184551 0.070751 0.006043 0.495081
4 1 0.202659 0.208583 0.182767 0.025247 0.380744
2 1 0.077478 0.121732 0.375364 0.211138 0.214288
2 1 0.070696 0.159714 0.383082 0.080335 0.306173
2 1 0.063007 0.146732 0.415348 0.110325 0.264588
2 1 0.101758 0.218917 0.402446 0.037012 0.239866
2 1 0.131478 0.304353 0.371298 0.010111 0.182760
2 1 0.112399 0.324470 0.393128 0.006222 0.163781
1 1 0.188812 0.373381 0.259315 0.003152 0.175340
1 1 0.193451 0.342536 0.229590 0.004090 0.230333
4 2 0.154709 0.290546 0.206261 0.005214 0.343270
2 2 0.110736 0.279614 0.302096 0.008273 0.299281
4 2 0.103621 0.223553 0.322551 0.023669 0.326606
4 2 0.114830 0.203900 0.277312 0.030840 0.373118
4 2 0.082129 0.179790 0.330724 0.043811 0.363545
2 2 0.091977 0.198961 0.343221 0.036664 0.329177
2 2 0.151317 0.264570 0.289088 0.016040 0.278985
2 2 0.151014 0.327913 0.329139 0.007002 0.184932
2 2 0.008609 0.085937 0.763401 0.081882 0.060171
2 2 0.018534 0.103828 0.649037 0.122827 0.105775
2 2 0.009362 0.059065 0.622880 0.253517 0.055177
2 2 0.008054 0.042311 0.518026 0.390896 0.040714
2 2 0.008006 0.047072 0.601688 0.309532 0.033702
2 2 0.009394 0.051938 0.623992 0.281222 0.033455
2 2 0.014563 0.067219 0.646862 0.231828 0.039528
2 2 0.030457 0.116632 0.688982 0.109384 0.054543
2 2 0.059551 0.216989 0.660382 0.017078 0.045999
2 2 0.092900 0.255249 0.582739 0.014183 0.054930
2 1 0.116447 0.313983 0.486761 0.007853 0.074955
2 1 0.071003 0.265869 0.597539 0.009287 0.056302
2 1 0.044449 0.171376 0.663977 0.046729 0.073470
2 1 0.016109 0.056470 0.551153 0.338027 0.038241
3 2 0.006197 0.024663 0.391437 0.557661 0.020042
3 2 0.004486 0.022204 0.414154 0.542240 0.016916
3 2 0.006817 0.028623 0.445801 0.498421 0.020338
2 2 0.006666 0.029401 0.495963 0.451941 0.016029
2 2 0.017438 0.053103 0.536239 0.362093 0.031126
2 2 0.013623 0.048760 0.544730 0.363395 0.029491
2 2 0.016980 0.058896 0.573623 0.315020 0.035481
2 2 0.014593 0.066558 0.672667 0.214424 0.031758
2 2 0.011119 0.057905 0.672882 0.230165 0.027929
2 2 0.006502 0.044185 0.650905 0.273549 0.024860
2 2 0.006007 0.039586 0.600901 0.327313 0.026192
3 2 0.008078 0.030212 0.404669 0.529485 0.027556
2 2 0.018682 0.054456 0.544078 0.353230 0.029553
2 2 0.025676 0.082630 0.682554 0.180017 0.029123
2 2 0.037654 0.099319 0.678604 0.152725 0.031698
2 2 0.020898 0.071601 0.658181 0.220392 0.028929
2 2 0.039881 0.078413 0.514228 0.318703 0.048775
2 2 0.058002 0.113064 0.559475 0.203550 0.065910
2 2 0.015010 0.054385 0.556810 0.338553 0.035243
2 2 0.018793 0.052513 0.512977 0.383616 0.032101
2 2 0.009261 0.039079 0.530356 0.397517 0.023787
2 2 0.010915 0.040803 0.506202 0.415230 0.026850
