0 0 0.972708 0.013397 0.007128 0.001557 0.005210
0 0 0.979778 0.009963 0.004589 0.001048 0.004622
0 0 0.957813 0.022350 0.012400 0.001552 0.005884
0 0 0.913684 0.048773 0.027222 0.001598 0.008723
0 1 0.802350 0.113403 0.059855 0.002224 0.022168
0 1 0.664823 0.176888 0.075550 0.003291 0.079448
0 1 0.660003 0.104517 0.045508 0.010196 0.179777
0 1 0.719256 0.080263 0.034596 0.010080 0.155804
0 4 0.812971 0.046810 0.018915 0.008226 0.113078
0 4 0.778002 0.050503 0.017530 0.006567 0.147399
0 4 0.667192 0.058825 0.018542 0.007327 0.248114
0 4 0.603910 0.104278 0.036807 0.007402 0.247603
0 4 0.638199 0.107831 0.036225 0.005536 0.212210
0 4 0.759687 0.106195 0.039482 0.003427 0.091210
0 4 0.732789 0.136668 0.059530 0.003485 0.067529
0 4 0.688644 0.159154 0.062185 0.002982 0.087035
0 4 0.646305 0.161582 0.059526 0.003620 0.128967
0 4 0.620523 0.168207 0.054615 0.002895 0.153761
0 4 0.675447 0.130771 0.044584 0.003688 0.145510
0 4 0.689751 0.124168 0.044399 0.004135 0.137547
0 4 0.707034 0.075644 0.031418 0.010427 0.175477
0 4 0.710924 0.091096 0.046185 0.012621 0.139174
0 4 0.757777 0.074296 0.037743 0.012893 0.117291
0 4 0.801452 0.073468 0.037446 0.008944 0.078690
0 4 0.747161 0.105122 0.045580 0.005644 0.096493
0 4 0.718971 0.135970 0.056717 0.003839 0.084503
0 4 0.629688 0.206552 0.098109 0.003178 0.062473
0 4 0.495039 0.271499 0.163529 0.003869 0.066063
1 1 0.276089 0.319668 0.316398 0.006113 0.081732
2 1 0.138156 0.293919 0.504163 0.007688 0.056074
2 1 0.113955 0.306058 0.523534 0.004504 0.051949
2 1 0.103776 0.258818 0.587153 0.008529 0.041723
2 1 0.089507 0.224562 0.648450 0.009983 0.027499
2 1 0.038853 0.159831 0.774131 0.010150 0.017034
2 1 0.020382 0.130720 0.822623 0.009293 0.016982
2 1 0.005741 0.053408 0.914745 0.021190 0.004917
2 1 0.001506 0.021535 0.928687 0.046432 0.001839
2 2 0.003479 0.030886 0.914982 0.048388 0.002266
2 2 0.004893 0.026840 0.855481 0.111063 0.001722
2 2 0.008479 0.035909 0.853912 0.099534 0.002165
2 2 0.002918 0.018370 0.838567 0.139107 0.001038
2 2 0.001735 0.017917 0.896336 0.082813 0.001199
2 2 0.000787 0.011512 0.898905 0.088081 0.000715
2 2 0.000498 0.007631 0.842635 0.148740 0.000496
2 2 0.001158 0.009723 0.769104 0.219416 0.000598
2 3 0.001645 0.009440 0.691161 0.297159 0.000595
2 3 0.005403 0.016170 0.620771 0.355910 0.001746
2 3 0.006412 0.019126 0.655085 0.317422 0.001956
2 3 0.010639 0.025510 0.685148 0.276202 0.002500
2 3 0.028285 0.052171 0.745564 0.168818 0.005163
2 3 0.049273 0.059229 0.686685 0.198134 0.006678
2 3 0.026425 0.037216 0.639020 0.292517 0.004822
2 3 0.021396 0.034805 0.615973 0.322605 0.005221
3 3 0.002790 0.009335 0.460620 0.525697 0.001558
3 3 0.001285 0.004242 0.291642 0.701804 0.001027
3 3 0.001961 0.004376 0.256508 0.735937 0.001217
3 3 0.002012 0.003635 0.218019 0.775230 0.001104
3 3 0.001964 0.003222 0.200950 0.792863 0.001001
3 3 0.002701 0.004947 0.259832 0.731145 0.001374
3 3 0.002686 0.004474 0.244361 0.747231 0.001249
3 3 0.006841 0.007439 0.238922 0.744015 0.002782
3 3 0.003497 0.003446 0.151800 0.839676 0.001581
3 3 0.002378 0.002364 0.116746 0.877219 0.001293
3 3 0.002342 0.002195 0.118258 0.876126 0.001080
3 3 0.003209 0.002147 0.095103 0.898189 0.001351
3 3 0.002788 0.001444 0.069634 0.925096 0.001038
3 3 0.002364 0.001071 0.048454 0.947033 0.001078
3 3 0.001333 0.000500 0.028643 0.968899 0.000625
3 3 0.002233 0.000766 0.032897 0.963073 0.001031
3 3 0.002711 0.000736 0.027878 0.967506 0.001169
3 3 0.002078 0.000591 0.025941 0.970488 0.000902
3 3 0.003777 0.001361 0.047917 0.945385 0.001559
3 3 0.001782 0.000525 0.025144 0.971768 0.000780
3 3 0.001489 0.000438 0.023106 0.974319 0.000648
3 3 0.003064 0.000859 0.035629 0.959421 0.001027
3 3 0.003455 0.000908 0.036349 0.958219 0.001070
3 3 0.005050 0.001150 0.035794 0.956406 0.001600
3 3 0.003847 0.000787 0.024008 0.969828 0.001530
3 3 0.003640 0.000630 0.019510 0.974849 0.001372
3 3 0.005712 0.000746 0.018608 0.973121 0.001813
3 3 0.007396 0.000782 0.017253 0.972492 0.002077
3 3 0.041829 0.004026 0.052709 0.895869 0.005567
3 3 0.083277 0.006621 0.074670 0.828789 0.006644
3 3 0.097562 0.007249 0.071421 0.815643 0.008125
3 3 0.027941 0.002321 0.036166 0.929799 0.003774
3 3 0.004752 0.000563 0.014524 0.978563 0.001599
3 3 0.003235 0.000333 0.010428 0.984971 0.001031
3 3 0.003505 0.000632 0.021660 0.973033 0.001170
3 3 0.003448 0.000621 0.021698 0.973102 0.001130
3 3 0.012619 0.002656 0.057196 0.924400 0.003130
3 3 0.018226 0.001813 0.037261 0.940226 0.002474
3 3 0.017295 0.001722 0.035291 0.943215 0.002476
3 3 0.004795 0.000744 0.024296 0.968947 0.001220
3 3 0.004885 0.000595 0.016762 0.976358 0.001400
3 3 0.005401 0.000572 0.015626 0.977008 0.001393
3 3 0.004225 0.000405 0.011279 0.982843 0.001248
3 3 0.002822 0.000259 0.008616 0.987439 0.000864
3 3 0.001413 0.000154 0.007530 0.990454 0.000448
3 3 0.001387 0.000102 0.004862 0.993259 0.000389
3 3 0.001252 0.000096 0.004806 0.993493 0.000354
3 3 0.001207 0.000112 0.005885 0.992433 0.000363
3 3 0.002176 0.000231 0.009050 0.987861 0.000682
3 3 0.005002 0.000613 0.020742 0.972615 0.001029
3 3 0.017286 0.001720 0.039322 0.939623 0.002050
3 3 0.013897 0.001182 0.025905 0.957004 0.002012
3 3 0.003149 0.000398 0.015333 0.980321 0.000798
3 3 0.001747 0.000219 0.009710 0.987742 0.000583
3 3 0.002624 0.000327 0.012805 0.983490 0.000753
3 3 0.002312 0.000314 0.012098 0.984481 0.000796
3 3 0.006169 0.000731 0.018492 0.972907 0.001702
3 3 0.004552 0.000515 0.013636 0.979805 0.001492
3 3 0.003878 0.000422 0.012426 0.982077 0.001197
3 3 0.001930 0.000208 0.008618 0.988628 0.000616
3 3 0.002480 0.000275 0.010166 0.986297 0.000782
3 3 0.004320 0.000438 0.012945 0.981129 0.001167
3 3 0.007047 0.000977 0.027040 0.963340 0.001597
3 3 0.010179 0.001577 0.042368 0.944048 0.001828
3 3 0.013686 0.001643 0.033840 0.948201 0.002629
3 3 0.010779 0.000924 0.019217 0.966929 0.002152
3 3 0.014903 0.001415 0.029311 0.952022 0.002349
3 3 0.000859 0.000119 0.007781 0.990950 0.000290
3 3 0.001074 0.000107 0.005996 0.992495 0.000329
3 3 0.002263 0.000152 0.005755 0.991254 0.000577
3 3 0.002140 0.000169 0.006657 0.990457 0.000578
3 3 0.001246 0.000107 0.005469 0.992812 0.000366
3 3 0.002457 0.000210 0.007442 0.989159 0.000732
3 3 0.002227 0.000207 0.007822 0.989064 0.000680
3 3 0.002822 0.000309 0.010469 0.985486 0.000914
3 3 0.003948 0.000309 0.008449 0.986133 0.001160
3 3 0.013249 0.000872 0.015263 0.968017 0.002599
3 3 0.026999 0.001691 0.023943 0.943481 0.003886
3 3 0.043363 0.002141 0.025004 0.924504 0.004988
3 3 0.042711 0.003215 0.046135 0.903683 0.004256
3 3 0.014110 0.000977 0.019945 0.962910 0.002058
3 3 0.094132 0.005158 0.063299 0.832542 0.004869
3 3 0.225542 0.015672 0.127125 0.622061 0.009600
3 3 0.197725 0.034091 0.294955 0.462897 0.010332
2 2 0.263345 0.065457 0.391297 0.265076 0.014825
3 2 0.144065 0.048831 0.337735 0.449513 0.019856
3 2 0.060011 0.028300 0.320816 0.579547 0.011326
3 2 0.047884 0.022613 0.296167 0.624140 0.009196
2 2 0.197634 0.071069 0.455954 0.260315 0.015027
0 1 0.681613 0.083968 0.168502 0.048821 0.017096
0 1 0.811215 0.067297 0.090201 0.018886 0.012401
0 0 0.893506 0.039490 0.043303 0.013878 0.009822
0 1 0.830638 0.065788 0.072303 0.016307 0.014964
0 1 0.870285 0.057464 0.044796 0.008408 0.019048
0 0 0.885763 0.053294 0.034532 0.005624 0.020786
0 1 0.781296 0.088585 0.065642 0.014917 0.049560
0 1 0.747657 0.099676 0.092109 0.020441 0.040116
2 1 0.011916 0.027257 0.641438 0.315905 0.003484
2 2 0.008044 0.021183 0.624853 0.343311 0.002608
3 2 0.002027 0.007839 0.445032 0.543796 0.001306
3 2 0.001468 0.007187 0.436627 0.553440 0.001278
3 2 0.000969 0.006509 0.453997 0.537055 0.001471
2 2 0.001775 0.014852 0.657837 0.321738 0.003798
2 2 0.001458 0.018725 0.805631 0.169370 0.004816
2 2 0.002336 0.033445 0.875294 0.078176 0.010749
2 2 0.003381 0.046122 0.895028 0.042794 0.012674
2 2 0.007021 0.069142 0.850968 0.046964 0.025905
2 2 0.002383 0.033648 0.877250 0.076334 0.010386
2 2 0.001702 0.021062 0.800586 0.170369 0.006281
2 2 0.000827 0.014150 0.777881 0.202171 0.004971
2 2 0.001088 0.013438 0.708107 0.272648 0.004718
2 2 0.004195 0.023944 0.623875 0.335343 0.012644
2 2 0.004652 0.017911 0.495375 0.472704 0.009358
2 2 0.008170 0.024771 0.555325 0.402495 0.009240
3 2 0.011549 0.019112 0.381858 0.580864 0.006617
2 2 0.006357 0.020819 0.572910 0.395873 0.004042
2 2 0.005003 0.023563 0.688469 0.278584 0.004382
2 2 0.004014 0.032035 0.833376 0.124470 0.006105
2 2 0.002255 0.026307 0.863626 0.102471 0.005341
2 2 0.002279 0.025174 0.834907 0.131732 0.005908
2 2 0.004277 0.040645 0.840201 0.102303 0.012573
2 2 0.003674 0.033643 0.762484 0.182509 0.017690
2 2 0.003768 0.043578 0.822830 0.106781 0.023042
2 2 0.008859 0.076887 0.805170 0.066095 0.042989
2 2 0.037989 0.138232 0.732756 0.047790 0.043233
0 0 0.567233 0.189098 0.185040 0.016918 0.041711
0 1 0.578132 0.175749 0.194073 0.019476 0.032569
2 1 0.017666 0.079138 0.828736 0.061308 0.013152
2 2 0.083449 0.151829 0.712491 0.035217 0.017013
2 2 0.150124 0.189818 0.606105 0.030040 0.023912
2 2 0.162756 0.200456 0.591662 0.022704 0.022422
2 2 0.129014 0.180537 0.638961 0.028566 0.022922
2 2 0.063430 0.159510 0.742874 0.019547 0.014638
2 2 0.072104 0.124232 0.742960 0.049333 0.011371
2 2 0.069642 0.134288 0.754718 0.031731 0.009622
2 2 0.059437 0.135852 0.770287 0.025093 0.009330
2 2 0.086180 0.166487 0.720088 0.017127 0.010118
2 2 0.087319 0.144665 0.721401 0.034218 0.012397
2 2 0.134401 0.172966 0.633049 0.036529 0.023055
2 2 0.076566 0.170658 0.711388 0.022009 0.019380
2 2 0.048670 0.133968 0.775421 0.027345 0.014596
2 2 0.040492 0.131900 0.797144 0.019120 0.011345
2 2 0.036796 0.118462 0.805334 0.027931 0.011477
2 2 0.023760 0.110329 0.836451 0.018363 0.011097
2 2 0.041811 0.148724 0.773762 0.017635 0.018068
2 2 0.022719 0.102942 0.839577 0.023710 0.011052
2 2 0.021236 0.094500 0.851444 0.024347 0.008473
2 2 0.021191 0.089277 0.844364 0.035626 0.009542
2 2 0.038885 0.098855 0.780863 0.067449 0.013948
2 2 0.145956 0.186375 0.610863 0.031183 0.025623
2 2 0.335540 0.175820 0.390997 0.058461 0.039182
0 2 0.461730 0.216244 0.256406 0.018546 0.047075
0 0 0.700362 0.152072 0.108558 0.006446 0.032563
0 0 0.728181 0.136248 0.100211 0.006631 0.028729
0 0 0.734196 0.132328 0.090936 0.006904 0.035637
0 1 0.696577 0.159732 0.096873 0.005052 0.041765
0 1 0.562816 0.252490 0.131600 0.002878 0.050215
2 2 0.048619 0.238164 0.624836 0.008763 0.079618
2 2 0.130272 0.291764 0.475502 0.009865 0.092596
2 2 0.224469 0.321062 0.358762 0.006635 0.089072
2 2 0.167627 0.330419 0.419974 0.004440 0.077540
2 2 0.087827 0.211285 0.642278 0.014276 0.044334
2 2 0.104913 0.193053 0.655595 0.021670 0.024769
2 2 0.112183 0.210234 0.645846 0.013311 0.018426
2 2 0.098061 0.276221 0.588867 0.004441 0.032410
2 2 0.079403 0.253359 0.641180 0.003451 0.022608
2 2 0.077396 0.220090 0.675351 0.006710 0.020452
2 2 0.049443 0.166311 0.763625 0.008613 0.012008
2 2 0.217161 0.206522 0.544970 0.017435 0.013912
0 2 0.495339 0.202367 0.264169 0.015398 0.022727
2 2 0.297406 0.231995 0.432077 0.015126 0.023396
0 2 0.390247 0.275265 0.297622 0.005301 0.031565
2 2 0.243147 0.226728 0.491975 0.014754 0.023396
2 2 0.021173 0.086981 0.850214 0.033652 0.007979
2 2 0.089115 0.137419 0.711498 0.046503 0.015465
2 2 0.145308 0.174294 0.617428 0.040066 0.022904
2 2 0.224650 0.169330 0.534492 0.052747 0.018781
0 2 0.344127 0.288282 0.329790 0.006253 0.031549
1 2 0.300157 0.343798 0.326295 0.002252 0.027498
2 2 0.139697 0.315802 0.521714 0.001918 0.020870
2 2 0.198880 0.338143 0.431355 0.002461 0.029162
0 2 0.350839 0.289193 0.332901 0.003910 0.023157
0 0 0.739575 0.133157 0.108267 0.004500 0.014502
0 0 0.784837 0.123546 0.074794 0.002077 0.014746
0 0 0.724572 0.170119 0.083559 0.001312 0.020438
0 1 0.538278 0.300144 0.133106 0.000886 0.027585
0 1 0.490106 0.325505 0.137987 0.001072 0.045330
0 1 0.408116 0.277639 0.199840 0.006026 0.108379
0 1 0.554474 0.262828 0.121737 0.002033 0.058929
1 1 0.274838 0.377658 0.301578 0.001660 0.044265
2 1 0.183049 0.355342 0.430117 0.001769 0.029724
2 1 0.168003 0.327096 0.466836 0.003155 0.034909
0 1 0.555324 0.222196 0.181177 0.007279 0.034023
0 1 0.829276 0.082016 0.069370 0.006088 0.013250
0 1 0.972489 0.013046 0.011915 0.001489 0.001061
0 0 0.997587 0.001047 0.000910 0.000362 0.000094
0 0 0.999716 0.000103 0.000079 0.000090 0.000011
0 0 0.999762 0.000095 0.000050 0.000068 0.000024
0 0 0.999455 0.000231 0.000115 0.000121 0.000077
0 0 0.999004 0.000426 0.000228 0.000203 0.000138
0 0 0.998383 0.000617 0.000400 0.000409 0.000191
0 0 0.998736 0.000576 0.000327 0.000217 0.000144
0 0 0.998682 0.000615 0.000321 0.000205 0.000177
0 0 0.998816 0.000653 0.000217 0.000073 0.000241
0 0 0.998112 0.000892 0.000262 0.000115 0.000619
0 0 0.990803 0.003920 0.001451 0.000602 0.003224
0 0 0.975631 0.013043 0.006177 0.000914 0.004236
0 0 0.888886 0.065115 0.023798 0.001000 0.021202
0 0 0.701932 0.183755 0.071605 0.001310 0.041398
0 0 0.530565 0.278720 0.140992 0.002314 0.047410
0 0 0.553204 0.228083 0.071543 0.002032 0.145138
0 0 0.559407 0.206524 0.059895 0.002030 0.172144
0 0 0.626380 0.175392 0.050807 0.001938 0.145484
0 0 0.652829 0.182829 0.050279 0.001286 0.112777
0 1 0.647455 0.191519 0.054610 0.001296 0.105121
0 1 0.540870 0.247894 0.069925 0.001371 0.139940
0 1 0.494364 0.287219 0.086290 0.001375 0.130751
1 1 0.240313 0.383922 0.270546 0.002984 0.102235
1 1 0.297301 0.378573 0.224606 0.002537 0.096984
1 1 0.327897 0.358421 0.182996 0.002609 0.128078
0 1 0.395421 0.328035 0.145686 0.002495 0.128364
0 1 0.474644 0.268414 0.141494 0.004492 0.110955
0 1 0.573974 0.213905 0.111137 0.005952 0.095033
0 1 0.748261 0.119957 0.076748 0.007885 0.047149
0 0 0.855428 0.063918 0.050940 0.009145 0.020569
0 0 0.940454 0.024078 0.022823 0.006864 0.005782
0 0 0.989327 0.004994 0.003640 0.001093 0.000946
0 0 0.992320 0.003562 0.002803 0.000823 0.000492
0 0 0.990987 0.004527 0.003133 0.000689 0.000664
0 0 0.989235 0.005945 0.002765 0.000466 0.001589
0 0 0.982286 0.010158 0.004225 0.000475 0.002856
0 0 0.961710 0.018188 0.010235 0.002304 0.007562
0 0 0.919728 0.034921 0.022823 0.005754 0.016774
0 0 0.909737 0.041346 0.031266 0.005707 0.011944
0 0 0.837525 0.086645 0.057625 0.003343 0.014861
0 0 0.659712 0.206039 0.106857 0.001697 0.025694
1 0 0.300429 0.380136 0.283928 0.001389 0.034118
1 0 0.206290 0.369693 0.366767 0.002603 0.054646
2 0 0.130431 0.357897 0.413486 0.003471 0.094715
2 0 0.088831 0.308687 0.365748 0.006936 0.229799
2 0 0.086561 0.266780 0.321532 0.009062 0.316065
4 0 0.159616 0.238997 0.234881 0.011519 0.354987
4 0 0.289732 0.220660 0.168729 0.012040 0.308839
0 0 0.414416 0.181659 0.103505 0.011563 0.288857
0 0 0.400419 0.219041 0.098496 0.006420 0.275624
4 0 0.295674 0.261135 0.101413 0.003763 0.338015
1 0 0.188544 0.341210 0.159468 0.002343 0.308436
1 0 0.213074 0.320123 0.238990 0.005524 0.222289
4 0 0.253428 0.254276 0.173957 0.008740 0.309598
0 0 0.328283 0.217469 0.142133 0.008894 0.303221
0 0 0.423669 0.145358 0.087831 0.012334 0.330807
0 0 0.655919 0.086250 0.037953 0.011740 0.208138
0 0 0.675258 0.106720 0.036359 0.004935 0.176729
0 0 0.590692 0.154867 0.055105 0.004870 0.194466
0 0 0.476160 0.250298 0.089574 0.002959 0.181010
0 0 0.456752 0.269917 0.116866 0.003764 0.152701
0 0 0.376125 0.331424 0.134406 0.002330 0.155716
1 0 0.331962 0.350081 0.163183 0.002336 0.152437
1 0 0.193858 0.351242 0.197946 0.002954 0.254000
1 0 0.178923 0.318866 0.242050 0.005322 0.254839
4 0 0.110475 0.259479 0.190291 0.005024 0.434732
4 0 0.096757 0.194171 0.139946 0.006361 0.562764
4 0 0.158558 0.153974 0.107539 0.010208 0.569722
4 0 0.289027 0.155049 0.102168 0.014360 0.439396
0 0 0.527627 0.145302 0.079112 0.013549 0.234410
0 0 0.455912 0.170361 0.077402 0.008602 0.287722
4 1 0.194787 0.283733 0.213468 0.007095 0.300917
2 1 0.110507 0.312339 0.347964 0.005810 0.223380
2 1 0.074813 0.288570 0.516470 0.007092 0.113056
2 1 0.053004 0.204146 0.674282 0.014291 0.054277
2 0 0.111418 0.196664 0.615983 0.030080 0.045855
0 0 0.396634 0.228621 0.311807 0.019067 0.043871
0 1 0.484621 0.233289 0.184330 0.012231 0.085528
0 1 0.508469 0.272975 0.174720 0.003140 0.040696
1 1 0.333153 0.344122 0.223099 0.003492 0.096135
0 1 0.452536 0.322074 0.163364 0.002152 0.059874
1 1 0.334488 0.357410 0.235551 0.002816 0.069735
2 1 0.016873 0.128488 0.802191 0.015804 0.036644
2 1 0.026668 0.151657 0.775476 0.013399 0.032800
2 1 0.027151 0.160180 0.760743 0.012592 0.039333
2 2 0.007350 0.074574 0.872815 0.026530 0.018731
2 2 0.004257 0.050431 0.898254 0.036278 0.010780
2 2 0.000687 0.014747 0.920357 0.062396 0.001812
2 2 0.000618 0.013618 0.933254 0.051262 0.001247
2 2 0.001257 0.022422 0.946203 0.028293 0.001824
2 2 0.030595 0.103269 0.836125 0.023287 0.006725
0 2 0.469819 0.167298 0.314685 0.028682 0.019515
0 2 0.813164 0.073835 0.073704 0.017211 0.022087
0 1 0.863614 0.066544 0.051259 0.005254 0.013329
0 1 0.932862 0.035548 0.016981 0.001769 0.012840
0 1 0.889402 0.060326 0.024777 0.001637 0.023858
0 0 0.868324 0.062307 0.032843 0.004436 0.032089
0 1 0.809398 0.110500 0.043448 0.001541 0.035112
0 1 0.747030 0.161771 0.059171 0.000892 0.031136
2 2 0.069606 0.224967 0.678061 0.005391 0.021975
2 2 0.009676 0.068870 0.902708 0.014322 0.004424
2 2 0.006343 0.041609 0.923943 0.026423 0.001682
2 2 0.013749 0.056039 0.901713 0.026744 0.001755
2 2 0.009705 0.049655 0.912605 0.026240 0.001795
2 2 0.030213 0.100246 0.849242 0.016112 0.004186
2 2 0.038962 0.099884 0.829018 0.027338 0.004798
2 2 0.268801 0.194792 0.494380 0.025105 0.016922
0 0 0.458293 0.181445 0.322797 0.020581 0.016884
0 0 0.758310 0.108456 0.111076 0.008909 0.013249
0 0 0.740286 0.123091 0.113968 0.007237 0.015418
0 1 0.784016 0.107205 0.087487 0.005603 0.015689
0 1 0.680116 0.159285 0.139271 0.005402 0.015925
2 2 0.003543 0.041342 0.939134 0.013642 0.002338
2 2 0.005169 0.046648 0.923661 0.021306 0.003216
2 2 0.006937 0.052804 0.916703 0.020303 0.003252
2 2 0.091898 0.157864 0.711112 0.025382 0.013745
2 2 0.290083 0.157411 0.487392 0.049443 0.015672
0 2 0.547603 0.129913 0.252343 0.046658 0.023483
0 2 0.824037 0.082467 0.060557 0.007739 0.025200
0 2 0.718426 0.137351 0.086299 0.007395 0.050528
0 2 0.700694 0.157839 0.091878 0.004852 0.044737
0 2 0.588895 0.205942 0.148640 0.005897 0.050626
0 2 0.574607 0.168699 0.202762 0.018477 0.035454
0 2 0.531630 0.171329 0.250335 0.021622 0.025084
0 0 0.645724 0.155719 0.157204 0.014006 0.027348
0 0 0.500567 0.202008 0.264137 0.011392 0.021896
2 1 0.335961 0.274881 0.349355 0.006029 0.033773
2 2 0.107679 0.240286 0.620277 0.007577 0.024181
2 2 0.067311 0.163556 0.740648 0.016040 0.012445
0 2 0.491272 0.231959 0.245815 0.006687 0.024267
2 2 0.330155 0.287465 0.345127 0.004776 0.032477
2 2 0.197732 0.234756 0.530822 0.010575 0.026116
2 2 0.187191 0.209062 0.558427 0.020643 0.024676
2 2 0.048513 0.118340 0.792816 0.030889 0.009442
2 2 0.115130 0.149299 0.686093 0.035522 0.013956
2 2 0.046929 0.121517 0.791151 0.027657 0.012747
2 2 0.078344 0.142061 0.718718 0.041169 0.019709
2 2 0.076056 0.145021 0.732332 0.032448 0.014143
2 2 0.027338 0.102869 0.831880 0.028275 0.009638
2 2 0.013592 0.077538 0.868644 0.031114 0.009112
2 2 0.010324 0.067068 0.878627 0.035355 0.008625
2 2 0.006272 0.047516 0.887089 0.052882 0.006242
2 2 0.012640 0.044526 0.827983 0.110952 0.003898
2 2 0.021403 0.057239 0.804848 0.111606 0.004904
2 2 0.031440 0.067841 0.764042 0.130155 0.006521
2 2 0.021075 0.068641 0.828978 0.074996 0.006310
2 2 0.037874 0.064733 0.718460 0.170557 0.008376
2 2 0.015746 0.032942 0.640476 0.306194 0.004642
2 2 0.011653 0.024908 0.585998 0.373553 0.003888
2 2 0.014942 0.026664 0.581670 0.372567 0.004156
2 2 0.018825 0.040781 0.705627 0.230175 0.004592
2 2 0.024642 0.044568 0.671718 0.253115 0.005958
2 2 0.023424 0.030920 0.538856 0.400901 0.005898
3 3 0.022331 0.022304 0.439596 0.510660 0.005108
3 3 0.028074 0.014191 0.257814 0.694317 0.005603
3 3 0.071009 0.021855 0.234641 0.661015 0.011480
3 3 0.034708 0.010981 0.161377 0.785680 0.007254
3 3 0.017267 0.011022 0.216998 0.749193 0.005521
3 3 0.013422 0.006709 0.137455 0.837543 0.004870
3 3 0.010998 0.008295 0.202316 0.774332 0.004059
3 3 0.017342 0.011616 0.224417 0.740838 0.005787
3 3 0.036158 0.019076 0.274545 0.661807 0.008415
3 3 0.015754 0.009153 0.187369 0.782663 0.005061
3 3 0.015344 0.009143 0.182959 0.787219 0.005336
3 3 0.006149 0.004808 0.141270 0.844755 0.003019
3 3 0.005649 0.003605 0.112013 0.876200 0.002532
3 3 0.016425 0.007693 0.161428 0.809944 0.004510
3 3 0.015289 0.005641 0.124401 0.850866 0.003804
3 3 0.018855 0.006357 0.126119 0.844232 0.004436
3 3 0.023271 0.010051 0.201002 0.761023 0.004653
3 3 0.029848 0.013010 0.219810 0.731131 0.006200
3 3 0.015306 0.006676 0.148411 0.825631 0.003976
3 3 0.041265 0.007732 0.099047 0.844298 0.007657
3 3 0.024570 0.004705 0.079230 0.886739 0.004757
3 3 0.012223 0.002300 0.046786 0.935412 0.003279
3 3 0.026172 0.006255 0.101966 0.860090 0.005516
3 3 0.038005 0.005750 0.080977 0.869325 0.005944
3 3 0.016774 0.003070 0.057803 0.918574 0.003780
3 3 0.010527 0.001177 0.023270 0.962364 0.002663
3 3 0.005351 0.000630 0.015331 0.976899 0.001789
3 3 0.011131 0.001203 0.023468 0.961503 0.002695
3 3 0.024606 0.002316 0.036098 0.933014 0.003966
3 3 0.036222 0.004126 0.053006 0.900477 0.006169
3 3 0.013967 0.002044 0.036083 0.944135 0.003770
3 3 0.013721 0.002134 0.041297 0.939543 0.003305
3 3 0.007214 0.001134 0.026756 0.962660 0.002235
3 3 0.004475 0.000446 0.011674 0.981982 0.001424
3 3 0.002118 0.000309 0.012573 0.984254 0.000745
3 3 0.001867 0.000206 0.008703 0.988624 0.000599
3 3 0.002792 0.000432 0.015253 0.980515 0.001008
3 3 0.002713 0.000357 0.012565 0.983436 0.000930
3 3 0.004793 0.000455 0.011418 0.981831 0.001504
3 3 0.002836 0.000353 0.012076 0.983779 0.000956
3 3 0.002527 0.000308 0.011189 0.985132 0.000844
3 3 0.005026 0.000457 0.011708 0.981374 0.001435
3 3 0.002111 0.000241 0.009591 0.987369 0.000688
3 3 0.002572 0.000246 0.008615 0.987772 0.000795
3 3 0.002642 0.000329 0.012351 0.983869 0.000810
3 3 0.004650 0.000647 0.022869 0.970823 0.001010
3 3 0.002392 0.000246 0.009052 0.987553 0.000756
3 3 0.002486 0.000395 0.014880 0.981336 0.000903
3 3 0.002940 0.000318 0.010523 0.985269 0.000949
3 3 0.026408 0.003487 0.052729 0.912479 0.004897
3 3 0.017588 0.001794 0.028731 0.948057 0.003830
3 3 0.005553 0.000568 0.013594 0.978559 0.001726
3 3 0.002324 0.000199 0.007304 0.989480 0.000693
3 3 0.001415 0.000177 0.008776 0.989163 0.000469
3 3 0.001554 0.000279 0.013701 0.983887 0.000579
3 3 0.003805 0.000683 0.022674 0.971596 0.001242
3 3 0.010201 0.001794 0.041293 0.944178 0.002533
3 3 0.005409 0.000645 0.016611 0.975701 0.001634
3 3 0.014457 0.001276 0.021849 0.959284 0.003134
3 3 0.014167 0.001251 0.021955 0.959628 0.002999
3 3 0.029566 0.002410 0.030092 0.932439 0.005494
3 3 0.013574 0.001565 0.028145 0.953463 0.003254
3 3 0.004894 0.000616 0.015757 0.977052 0.001681
3 3 0.041318 0.003681 0.049549 0.900328 0.005124
0 3 0.621210 0.040710 0.126766 0.192031 0.019281
0 1 0.856994 0.053466 0.067658 0.013171 0.008711
0 1 0.502464 0.123312 0.316100 0.044073 0.014051
0 1 0.482452 0.168740 0.300771 0.027527 0.020509
2 1 0.033021 0.043361 0.592981 0.322960 0.007677
2 1 0.036517 0.042837 0.557537 0.354444 0.008665
2 2 0.015903 0.026077 0.546667 0.406717 0.004636
2 2 0.010773 0.021743 0.515127 0.448027 0.004330
2 2 0.005513 0.015426 0.508328 0.467951 0.002782
3 2 0.004433 0.011105 0.408077 0.573843 0.002541
2 2 0.005924 0.019263 0.614002 0.358273 0.002538
2 2 0.011135 0.035721 0.776069 0.174284 0.002791
2 2 0.008560 0.038306 0.812786 0.136138 0.004210
2 2 0.005927 0.048747 0.899060 0.040428 0.005838
2 2 0.006537 0.070813 0.897151 0.015145 0.010354
2 2 0.043821 0.159459 0.738171 0.024529 0.034020
2 2 0.019172 0.121761 0.812991 0.019019 0.027056
2 2 0.005795 0.071574 0.900156 0.011866 0.010608
2 2 0.006355 0.080716 0.895479 0.007365 0.010085
2 2 0.006545 0.081326 0.894571 0.007482 0.010076
2 2 0.018434 0.137588 0.806815 0.009723 0.027440
2 2 0.067056 0.282464 0.471618 0.008222 0.170640
2 2 0.107132 0.339034 0.403238 0.004689 0.145906
0 1 0.370388 0.284025 0.176353 0.006062 0.163172
0 1 0.428018 0.287410 0.149197 0.004097 0.131278
0 1 0.435527 0.318520 0.180844 0.002543 0.062566
1 1 0.241194 0.417606 0.268467 0.001251 0.071482
2 1 0.084543 0.366857 0.410199 0.002272 0.136129
2 1 0.053141 0.291593 0.517752 0.004502 0.133012
2 1 0.037322 0.241676 0.560509 0.007915 0.152577
2 1 0.051436 0.290049 0.482838 0.004977 0.170700
2 1 0.071106 0.328422 0.372585 0.003878 0.224009
2 1 0.063873 0.318075 0.435823 0.004054 0.178175
2 1 0.050958 0.294473 0.472106 0.004585 0.177878
2 1 0.036177 0.263576 0.480555 0.005305 0.214388
2 1 0.035115 0.271482 0.473737 0.004339 0.215327
2 1 0.025765 0.260310 0.547679 0.003093 0.163154
2 1 0.040224 0.286163 0.477428 0.003902 0.192283
2 1 0.039683 0.275841 0.478121 0.004716 0.201639
2 1 0.064658 0.297257 0.343310 0.005600 0.289174
4 1 0.065607 0.234447 0.265895 0.008768 0.425283
4 1 0.078976 0.224584 0.221409 0.008252 0.466780
1 1 0.198913 0.327648 0.234938 0.004820 0.233680
0 0 0.529485 0.226762 0.121469 0.006391 0.115892
0 1 0.599743 0.196254 0.118426 0.007933 0.077644
2 1 0.149754 0.351637 0.447737 0.002562 0.048310
1 1 0.217291 0.372975 0.371039 0.001772 0.036922
2 1 0.150983 0.334269 0.489936 0.001660 0.023153
2 1 0.199164 0.349569 0.427701 0.001516 0.022051
2 1 0.208032 0.369900 0.396078 0.001237 0.024752
2 1 0.191618 0.381329 0.397669 0.001120 0.028263
1 1 0.205083 0.383055 0.380261 0.001211 0.030391
2 1 0.102154 0.310916 0.560630 0.001703 0.024597
2 1 0.120563 0.349670 0.503760 0.001095 0.024912
0 1 0.339401 0.298007 0.339078 0.003692 0.019822
0 1 0.583171 0.192202 0.184875 0.011058 0.028694
0 1 0.700902 0.134805 0.138638 0.009568 0.016087
0 1 0.596637 0.200552 0.175719 0.006089 0.021003
0 1 0.426954 0.340211 0.200305 0.001590 0.030941
1 1 0.151976 0.406717 0.385212 0.001178 0.054917
2 1 0.120956 0.359801 0.473152 0.001672 0.044419
2 1 0.061131 0.282891 0.619185 0.002071 0.034721
2 1 0.029943 0.172495 0.772837 0.005015 0.019710
2 1 0.011677 0.095851 0.874912 0.008490 0.009070
2 1 0.017759 0.108732 0.851629 0.011296 0.010584
2 2 0.015324 0.096530 0.862195 0.015493 0.010458
2 2 0.032506 0.140855 0.802017 0.011230 0.013391
2 2 0.036428 0.165336 0.777258 0.006450 0.014529
2 2 0.021035 0.142425 0.819705 0.004507 0.012328
2 2 0.052205 0.219549 0.702898 0.003808 0.021540
2 2 0.014469 0.092549 0.873559 0.012010 0.007413
2 2 0.006318 0.057819 0.918934 0.013132 0.003798
2 2 0.018374 0.086521 0.873630 0.016553 0.004923
2 2 0.003578 0.027894 0.913141 0.053848 0.001540
2 2 0.009375 0.048530 0.895110 0.044108 0.002876
2 2 0.044805 0.180063 0.758972 0.004587 0.011572
2 2 0.274405 0.306328 0.382180 0.004383 0.032705
2 2 0.254090 0.313010 0.400223 0.004133 0.028544
2 0 0.139577 0.255243 0.582500 0.005473 0.017207
2 0 0.153480 0.329647 0.484795 0.002367 0.029711
2 1 0.157995 0.280665 0.538091 0.003979 0.019271
0 1 0.379004 0.301798 0.295372 0.003243 0.020583
0 1 0.338090 0.319911 0.313705 0.003065 0.025230
1 1 0.286437 0.387940 0.285870 0.001375 0.038378
2 1 0.144329 0.374141 0.428047 0.001815 0.051668
2 2 0.073192 0.316887 0.540836 0.002663 0.066423
2 2 0.052563 0.224677 0.678661 0.006383 0.037716
2 2 0.135890 0.322185 0.497871 0.003275 0.040779
2 2 0.224021 0.350456 0.392419 0.002229 0.030875
1 2 0.261209 0.380187 0.333260 0.001063 0.024280
1 1 0.251988 0.432096 0.285879 0.000519 0.029517
1 1 0.217167 0.481483 0.251131 0.000354 0.049865
0 1 0.617674 0.246030 0.099366 0.001033 0.035897
0 1 0.797122 0.104358 0.048836 0.003441 0.046244
0 0 0.962953 0.018081 0.009563 0.001914 0.007490
0 0 0.971283 0.011415 0.006715 0.003200 0.007388
0 0 0.979599 0.006626 0.003488 0.002977 0.007310
0 0 0.978406 0.008858 0.005024 0.002350 0.005363
0 0 0.951816 0.022048 0.012133 0.002902 0.011102
0 0 0.898387 0.045256 0.027406 0.005648 0.023303
0 0 0.797735 0.104185 0.047106 0.003222 0.047752
0 1 0.609653 0.228688 0.118740 0.002481 0.040438
1 1 0.304501 0.342220 0.307446 0.002807 0.043025
2 1 0.058722 0.230969 0.679554 0.004390 0.026365
2 1 0.022873 0.147315 0.806955 0.006073 0.016784
2 1 0.012747 0.111195 0.862994 0.004446 0.008617
2 1 0.003720 0.045210 0.929304 0.017674 0.004092
2 1 0.006333 0.053292 0.900239 0.033652 0.006484
2 2 0.054804 0.139245 0.761087 0.030332 0.014532
2 2 0.247390 0.281251 0.441907 0.006474 0.022978
0 2 0.546515 0.275804 0.151469 0.001538 0.024674
0 2 0.415394 0.363162 0.187175 0.000930 0.033340
1 2 0.212810 0.424697 0.303796 0.001062 0.057634
1 2 0.158310 0.425480 0.332549 0.001203 0.082457
1 2 0.210699 0.446367 0.251713 0.000934 0.090286
1 1 0.294146 0.436044 0.208187 0.000733 0.060891
1 1 0.325646 0.423536 0.199879 0.000713 0.050227
0 1 0.485849 0.311914 0.174033 0.001242 0.026961
0 1 0.593328 0.243927 0.128212 0.001975 0.032558
0 1 0.663561 0.201154 0.100557 0.001980 0.032748
0 1 0.641536 0.223138 0.096518 0.001400 0.037408
0 1 0.575258 0.274812 0.099824 0.000962 0.049144
0 1 0.501209 0.305101 0.130311 0.001731 0.061648
1 1 0.350150 0.365911 0.209174 0.002020 0.072744
1 1 0.207089 0.389862 0.349971 0.001724 0.051353
2 1 0.262873 0.341365 0.341835 0.003469 0.050459
0 0 0.555244 0.219659 0.194735 0.006617 0.023744
0 1 0.538633 0.240084 0.189634 0.005035 0.026613
0 1 0.496283 0.294204 0.188538 0.001732 0.019243
1 1 0.314669 0.373193 0.270793 0.001665 0.039680
2 1 0.097398 0.281815 0.588928 0.003248 0.028610
2 1 0.030421 0.163352 0.777233 0.007521 0.021473
2 1 0.024677 0.134377 0.807858 0.013244 0.019844
2 1 0.020625 0.116930 0.839160 0.011470 0.011815
2 1 0.079800 0.222368 0.661265 0.009120 0.027447
1 1 0.166848 0.353784 0.325755 0.003937 0.149676
1 1 0.259425 0.392376 0.263590 0.001926 0.082683
1 1 0.250232 0.418733 0.260082 0.001293 0.069660
0 1 0.422111 0.355275 0.163746 0.001151 0.057717
0 1 0.537214 0.286031 0.131066 0.001441 0.044249
0 1 0.583816 0.256972 0.116572 0.001583 0.041057
0 1 0.650758 0.204356 0.092472 0.002254 0.050160
0 1 0.700173 0.156544 0.084138 0.004720 0.054425
0 1 0.684279 0.158330 0.089790 0.006140 0.061460
0 1 0.567455 0.259661 0.106017 0.001831 0.065037
1 1 0.281858 0.383192 0.208180 0.002094 0.124677
1 1 0.217228 0.376417 0.311752 0.002812 0.091791
2 1 0.152710 0.352928 0.402627 0.004011 0.087724
1 1 0.235342 0.360470 0.323372 0.003540 0.077276
0 1 0.345640 0.315268 0.292062 0.004284 0.042745
0 1 0.709023 0.138406 0.135360 0.005795 0.011416
0 0 0.881402 0.056672 0.053790 0.003540 0.004596
0 0 0.985830 0.005924 0.005663 0.001805 0.000777
0 0 0.996086 0.001435 0.001349 0.000914 0.000216
0 0 0.998924 0.000411 0.000324 0.000279 0.000062
0 0 0.998792 0.000629 0.000264 0.000119 0.000196
0 0 0.999348 0.000263 0.000091 0.000102 0.000196
0 0 0.998192 0.000628 0.000497 0.000539 0.000142
0 0 0.997952 0.000770 0.000695 0.000486 0.000097
0 0 0.993852 0.002452 0.002297 0.001072 0.000326
0 0 0.989201 0.004965 0.004005 0.001111 0.000718
0 0 0.949638 0.023958 0.012505 0.002465 0.011433
0 0 0.940851 0.023228 0.023892 0.007264 0.004765
0 0 0.930482 0.025076 0.027220 0.010886 0.006337
0 0 0.934623 0.026094 0.027183 0.007246 0.004853
2 0 0.139450 0.311375 0.466837 0.006871 0.075467
2 0 0.089135 0.306954 0.497188 0.005717 0.101006
2 0 0.056481 0.270015 0.498990 0.008279 0.166235
2 0 0.065902 0.273949 0.404277 0.009790 0.246082
4 0 0.115646 0.186507 0.143561 0.011983 0.542302
4 1 0.182297 0.123483 0.063591 0.010337 0.620291
0 1 0.482911 0.086627 0.027532 0.007212 0.395718
0 4 0.633722 0.082580 0.024953 0.005514 0.253231
0 4 0.701305 0.068250 0.022901 0.006751 0.200792
0 4 0.627037 0.062484 0.023394 0.012618 0.274467
0 4 0.629245 0.070089 0.027710 0.013247 0.259708
0 4 0.569735 0.102506 0.038111 0.009572 0.280077
0 4 0.511731 0.197151 0.078823 0.005749 0.206546
0 4 0.336731 0.262188 0.116548 0.004385 0.280149
4 4 0.125599 0.264737 0.178402 0.004311 0.426950
4 4 0.155607 0.242599 0.221803 0.007827 0.372164
4 4 0.214074 0.197190 0.186020 0.015051 0.387665
4 4 0.335958 0.147843 0.116835 0.020222 0.379142
0 4 0.512549 0.100940 0.060437 0.020222 0.305852
0 4 0.635766 0.075265 0.025396 0.007302 0.256272
0 4 0.710202 0.075341 0.026279 0.006546 0.181631
0 4 0.692462 0.067847 0.019797 0.004820 0.215073
4 4 0.339673 0.079215 0.033887 0.010846 0.536379
4 4 0.262019 0.094098 0.054330 0.011646 0.577906
4 4 0.215446 0.079884 0.059152 0.024187 0.621331
4 4 0.299885 0.079799 0.054830 0.028378 0.537108
4 4 0.339998 0.126095 0.103199 0.024243 0.406465
0 4 0.610061 0.088900 0.047288 0.014748 0.239003
0 4 0.591194 0.123055 0.071182 0.012604 0.201965
0 4 0.746828 0.095467 0.049867 0.010233 0.097605
4 4 0.178290 0.076518 0.042845 0.016920 0.685426
4 4 0.258242 0.084057 0.040861 0.010922 0.605918
4 4 0.433294 0.059441 0.025546 0.012250 0.469468
0 4 0.713409 0.050626 0.017281 0.008616 0.210069
0 4 0.630845 0.046562 0.016413 0.013052 0.293126
4 4 0.325825 0.089909 0.057286 0.020899 0.506081
4 4 0.364952 0.063188 0.031036 0.016897 0.523928
4 4 0.290313 0.062215 0.023086 0.009948 0.614438
0 4 0.569626 0.068062 0.021261 0.008360 0.332691
0 4 0.534863 0.074019 0.021605 0.007005 0.362508
0 4 0.590954 0.110488 0.049126 0.008973 0.240459
0 4 0.606319 0.136110 0.059013 0.009026 0.189532
0 4 0.377115 0.219375 0.146771 0.014812 0.241926
0 4 0.578089 0.199324 0.119383 0.009206 0.093997
0 4 0.389902 0.274133 0.155970 0.006361 0.173634
0 4 0.606016 0.176261 0.086944 0.007494 0.123284
0 4 0.698273 0.147689 0.068316 0.004706 0.081015
0 4 0.721341 0.144397 0.064980 0.003601 0.065680
0 4 0.582651 0.229981 0.117466 0.003810 0.066092
0 4 0.509590 0.297023 0.119932 0.001751 0.071704
1 1 0.188707 0.387788 0.325706 0.002684 0.095116
1 4 0.155059 0.341852 0.289350 0.005383 0.208355
1 4 0.273006 0.352588 0.239676 0.003861 0.130870
0 4 0.506187 0.213755 0.092254 0.006351 0.181453
0 4 0.459905 0.206710 0.104112 0.011615 0.217658
0 4 0.438151 0.219287 0.117814 0.008410 0.216339
0 4 0.550682 0.219093 0.075212 0.002632 0.152381
1 4 0.183085 0.329444 0.211883 0.003733 0.271855
2 4 0.112520 0.329761 0.405472 0.005128 0.147119
2 4 0.129366 0.271126 0.417882 0.015268 0.166357
0 4 0.597520 0.097464 0.040259 0.009354 0.255402
0 4 0.737368 0.060823 0.023318 0.009019 0.169471
0 4 0.583007 0.096339 0.042334 0.015153 0.263167
0 4 0.503758 0.151812 0.072288 0.010350 0.261792
0 4 0.401556 0.212184 0.098840 0.006075 0.281345
0 4 0.426764 0.224003 0.115682 0.007328 0.226223
0 4 0.326545 0.271639 0.187254 0.007559 0.207004
0 1 0.381343 0.253631 0.157395 0.006948 0.200682
0 1 0.300432 0.299094 0.203079 0.005184 0.192212
1 1 0.312910 0.317481 0.191879 0.004397 0.173333
0 1 0.350778 0.290570 0.145564 0.004393 0.208696
0 1 0.298591 0.276056 0.199069 0.008013 0.218270
0 4 0.402814 0.181207 0.119856 0.014655 0.281468
0 4 0.454590 0.201054 0.106545 0.009437 0.228374
0 4 0.462761 0.210275 0.076778 0.005145 0.245042
1 1 0.283375 0.309838 0.149883 0.004083 0.252821
0 1 0.353134 0.291842 0.166894 0.005625 0.182505
0 1 0.537472 0.205386 0.102921 0.008210 0.146011
0 0 0.514162 0.219583 0.149256 0.012394 0.104604
0 1 0.463588 0.244131 0.207735 0.011001 0.073545
0 1 0.381781 0.327994 0.227846 0.003518 0.058861
2 1 0.109842 0.327538 0.467453 0.004724 0.090443
2 1 0.138202 0.345069 0.433378 0.004027 0.079323
2 1 0.162908 0.361675 0.390993 0.003526 0.080898
2 1 0.120177 0.351198 0.431129 0.003567 0.093929
2 1 0.133057 0.300728 0.484749 0.007811 0.073656
2 1 0.092671 0.190214 0.654438 0.028929 0.033748
2 1 0.090540 0.231556 0.619534 0.013427 0.044942
2 1 0.271304 0.280665 0.361168 0.012652 0.074212
1 1 0.275679 0.348460 0.256807 0.003853 0.115201
2 1 0.153646 0.329469 0.439592 0.004883 0.072411
2 1 0.145611 0.285625 0.492364 0.009203 0.067196
2 1 0.167155 0.320149 0.434454 0.006426 0.071816
2 1 0.131346 0.303521 0.490525 0.006956 0.067652
2 1 0.081987 0.265660 0.586128 0.007432 0.058792
2 1 0.045173 0.206783 0.692106 0.009456 0.046481
2 1 0.018074 0.131166 0.814358 0.011072 0.025330
2 2 0.011000 0.087970 0.869173 0.018049 0.013809
2 2 0.004898 0.057242 0.912470 0.017883 0.007505
2 2 0.004713 0.058070 0.912896 0.016427 0.007894
2 2 0.005249 0.048194 0.910577 0.030791 0.005189
2 2 0.005877 0.053239 0.909226 0.025982 0.005676
2 2 0.009370 0.074955 0.887662 0.018988 0.009024
2 2 0.008198 0.073167 0.894140 0.015929 0.008565
2 2 0.005490 0.065779 0.908057 0.012432 0.008242
2 2 0.005741 0.069699 0.904915 0.010870 0.008776
2 2 0.004735 0.056132 0.920574 0.013132 0.005427
2 2 0.002921 0.046249 0.938492 0.008781 0.003557
2 2 0.045272 0.117328 0.789033 0.037709 0.010657
2 2 0.217071 0.184960 0.560535 0.026154 0.011279
0 1 0.642779 0.150121 0.163601 0.017107 0.026392
0 1 0.709362 0.129470 0.134256 0.010346 0.016566
2 2 0.121365 0.162081 0.668286 0.031881 0.016387
2 2 0.011648 0.094018 0.873115 0.010789 0.010430
2 2 0.000299 0.014214 0.968187 0.015671 0.001629
2 2 0.000467 0.014102 0.948628 0.035203 0.001599
2 2 0.003035 0.037800 0.919418 0.034735 0.005012
2 2 0.003546 0.047028 0.920317 0.022440 0.006669
2 2 0.014309 0.094896 0.844934 0.027015 0.018846
2 2 0.009246 0.072621 0.855785 0.043765 0.018583
0 2 0.348266 0.239447 0.340183 0.018411 0.053693
0 2 0.687178 0.155616 0.117274 0.007389 0.032544
0 2 0.673763 0.175047 0.115049 0.004530 0.031612
0 0 0.588030 0.229311 0.150382 0.003399 0.028878
1 1 0.290433 0.366095 0.303716 0.002019 0.037737
2 2 0.051967 0.195057 0.714119 0.009786 0.029072
2 2 0.058488 0.205034 0.692918 0.010291 0.033269
2 2 0.023439 0.124885 0.805360 0.021650 0.024667
2 2 0.219907 0.258762 0.432651 0.017974 0.070705
0 2 0.458389 0.275428 0.186839 0.005017 0.074327
0 2 0.411991 0.357317 0.151481 0.001340 0.077870
1 2 0.210433 0.437311 0.262045 0.001097 0.089114
2 2 0.088098 0.388366 0.418855 0.001455 0.103227
2 2 0.029436 0.219266 0.703228 0.003313 0.044757
2 2 0.007203 0.084398 0.886882 0.009187 0.012329
2 2 0.004459 0.056319 0.920897 0.012498 0.005826
2 2 0.005491 0.053761 0.917003 0.018858 0.004886
2 2 0.002838 0.033043 0.923727 0.037095 0.003298
2 2 0.002061 0.032432 0.935775 0.026037 0.003695
2 2 0.001567 0.032818 0.936839 0.023206 0.005568
2 2 0.002265 0.035229 0.906514 0.047646 0.008346
2 2 0.005535 0.056077 0.889024 0.037759 0.011605
2 2 0.018749 0.108772 0.841327 0.016886 0.014266
2 2 0.164926 0.192999 0.604191 0.021315 0.016569
0 2 0.473084 0.204966 0.292494 0.011984 0.017472
0 2 0.539570 0.213506 0.226910 0.005071 0.014943
2 2 0.123736 0.237823 0.615538 0.006302 0.016602
2 2 0.121833 0.206772 0.649174 0.008600 0.013621
0 2 0.400420 0.198416 0.372542 0.014474 0.014148
0 1 0.624254 0.157637 0.183918 0.013883 0.020308
1 1 0.181819 0.425745 0.308078 0.001282 0.083077
2 1 0.057046 0.281220 0.595171 0.003450 0.063113
2 2 0.011094 0.100001 0.866796 0.009135 0.012974
2 2 0.002758 0.038040 0.922863 0.030926 0.005414
2 2 0.002069 0.029406 0.914999 0.049047 0.004479
2 2 0.002841 0.036936 0.908540 0.045085 0.006599
2 2 0.001915 0.030535 0.931775 0.031867 0.003908
2 2 0.001728 0.032381 0.944140 0.018227 0.003524
2 2 0.000917 0.019459 0.947355 0.030467 0.001802
2 2 0.001174 0.017945 0.925867 0.053550 0.001463
2 2 0.003195 0.027972 0.894286 0.071971 0.002577
2 2 0.002714 0.029503 0.901682 0.062412 0.003689
2 2 0.003085 0.030394 0.911567 0.052157 0.002797
2 2 0.002927 0.029162 0.909090 0.056074 0.002748
2 2 0.003465 0.028165 0.900373 0.065894 0.002102
2 2 0.003693 0.026107 0.871850 0.096282 0.002068
2 2 0.003911 0.027704 0.881617 0.084666 0.002101
2 2 0.007805 0.031407 0.816897 0.141364 0.002527
2 2 0.022227 0.041264 0.687177 0.244195 0.005138
2 3 0.037453 0.055867 0.684610 0.215043 0.007028
2 3 0.022430 0.041649 0.675998 0.254633 0.005289
2 3 0.014974 0.038978 0.721620 0.219405 0.005023
2 3 0.009519 0.021160 0.576005 0.390182 0.003135
3 3 0.004958 0.012420 0.463883 0.516451 0.002288
3 3 0.007689 0.011232 0.362722 0.615606 0.002751
2 3 0.039360 0.033266 0.507568 0.413326 0.006480
2 3 0.054544 0.036145 0.482189 0.419519 0.007603
2 3 0.232254 0.089136 0.485168 0.178379 0.015063
2 3 0.172429 0.092903 0.571740 0.150859 0.012069
2 3 0.156546 0.107011 0.625637 0.100519 0.010288
2 2 0.005176 0.026731 0.866611 0.100124 0.001358
2 2 0.001607 0.014870 0.882727 0.100044 0.000752
2 2 0.002473 0.017540 0.841438 0.137444 0.001104
2 2 0.005963 0.027150 0.809985 0.154906 0.001996
2 2 0.007131 0.026100 0.755189 0.209279 0.002301
2 2 0.017264 0.034966 0.697768 0.246343 0.003658
