4 0 0.385187 0.073076 0.019147 0.003848 0.518742
0 0 0.506294 0.054986 0.008090 0.001080 0.429550
4 0 0.271778 0.038402 0.009508 0.001240 0.679073
0 0 0.500132 0.052552 0.006943 0.000593 0.439779
0 0 0.551330 0.056574 0.006712 0.000538 0.384847
0 0 0.496559 0.065133 0.010040 0.000989 0.427279
0 0 0.530720 0.096095 0.013849 0.001010 0.358326
0 0 0.455237 0.152884 0.025268 0.001161 0.365450
4 0 0.362974 0.170471 0.037453 0.001756 0.427346
4 0 0.314217 0.123996 0.031247 0.001823 0.528716
4 0 0.445555 0.068826 0.012042 0.001141 0.472436
4 0 0.271474 0.042679 0.010897 0.001249 0.673701
4 0 0.173825 0.029575 0.009867 0.001208 0.785525
4 0 0.207791 0.030275 0.008302 0.000892 0.752740
4 0 0.289642 0.034467 0.006920 0.000628 0.668342
4 0 0.343224 0.033152 0.005201 0.000396 0.618027
4 0 0.288650 0.046769 0.011830 0.001390 0.651362
4 1 0.165530 0.037172 0.015587 0.002408 0.779303
4 1 0.125283 0.032955 0.017501 0.003087 0.821174
4 1 0.220833 0.043160 0.014322 0.001970 0.719715
4 1 0.210732 0.051233 0.020401 0.003369 0.714264
4 1 0.191908 0.150110 0.073292 0.006421 0.578270
4 1 0.282384 0.118933 0.036864 0.002906 0.558913
4 1 0.191294 0.175704 0.082721 0.005872 0.544409
4 1 0.197037 0.168910 0.074448 0.004880 0.554726
4 1 0.116045 0.167766 0.100952 0.004825 0.610412
4 1 0.095267 0.121470 0.105363 0.011063 0.666837
4 1 0.026522 0.197523 0.368828 0.021234 0.385893
2 1 0.012022 0.176198 0.517029 0.036332 0.258419
2 1 0.007412 0.084434 0.790575 0.041258 0.076321
2 1 0.011210 0.049417 0.877302 0.035813 0.026258
2 1 0.007227 0.026141 0.913729 0.040143 0.012761
2 2 0.005583 0.028193 0.906416 0.044109 0.015699
2 2 0.005009 0.025618 0.892801 0.062234 0.014338
2 2 0.004414 0.022068 0.875309 0.088671 0.009537
2 2 0.004653 0.010434 0.611714 0.364410 0.008789
3 2 0.009955 0.014617 0.355871 0.598711 0.020846
3 2 0.012523 0.018188 0.316297 0.625971 0.027021
3 2 0.017638 0.019678 0.407485 0.538240 0.016959
2 2 0.038971 0.047315 0.601775 0.274235 0.037704
2 2 0.009992 0.014903 0.766266 0.203591 0.005248
2 2 0.004016 0.007057 0.617763 0.367065 0.004101
3 2 0.004214 0.006304 0.420951 0.564119 0.004412
3 2 0.002985 0.004544 0.267759 0.721153 0.003559
3 2 0.002801 0.003645 0.212702 0.778387 0.002465
3 3 0.003691 0.006124 0.258862 0.727278 0.004046
3 3 0.002881 0.004985 0.243363 0.745528 0.003244
3 3 0.002959 0.004198 0.186820 0.803431 0.002593
3 3 0.000704 0.001374 0.050701 0.946322 0.000899
3 3 0.000793 0.001780 0.040480 0.955764 0.001184
3 3 0.000970 0.002329 0.042376 0.952434 0.001891
3 3 0.000496 0.001619 0.019940 0.976384 0.001562
3 3 0.000582 0.001867 0.022814 0.972802 0.001935
3 3 0.000311 0.001108 0.015062 0.982327 0.001192
3 3 0.000606 0.002281 0.018411 0.975889 0.002813
3 3 0.000594 0.002260 0.018879 0.975215 0.003052
3 3 0.000549 0.002036 0.014960 0.980717 0.001737
3 3 0.000624 0.002151 0.015667 0.980139 0.001419
3 3 0.000667 0.001860 0.019356 0.977315 0.000801
3 3 0.000716 0.002302 0.019158 0.976276 0.001548
3 3 0.000517 0.001877 0.012446 0.984048 0.001112
3 3 0.000539 0.001940 0.012553 0.983866 0.001103
3 3 0.000981 0.003276 0.018364 0.975447 0.001933
3 3 0.000592 0.002121 0.013849 0.982104 0.001335
3 3 0.000405 0.001532 0.011243 0.985798 0.001022
3 3 0.000703 0.002414 0.013828 0.981889 0.001166
3 3 0.000363 0.001362 0.009409 0.988175 0.000691
3 3 0.000964 0.003098 0.014681 0.980181 0.001075
3 3 0.000477 0.001677 0.009524 0.987743 0.000579
3 3 0.000149 0.000614 0.004861 0.994142 0.000234
3 3 0.000148 0.000610 0.004946 0.994048 0.000248
3 3 0.000318 0.001175 0.007388 0.990718 0.000401
3 3 0.000474 0.001674 0.009661 0.987586 0.000604
3 3 0.000997 0.003140 0.013860 0.981104 0.000899
3 3 0.000752 0.002475 0.012117 0.983878 0.000778
3 3 0.000504 0.001747 0.009473 0.987729 0.000547
3 3 0.000494 0.001732 0.009818 0.987345 0.000611
3 3 0.000351 0.001275 0.008681 0.989182 0.000512
3 3 0.000455 0.001543 0.011130 0.986235 0.000636
3 3 0.000840 0.002823 0.015504 0.979451 0.001381
3 3 0.001797 0.005526 0.025947 0.963648 0.003081
3 3 0.001332 0.004378 0.024939 0.965871 0.003479
3 3 0.001546 0.005071 0.029845 0.958499 0.005038
3 3 0.005785 0.015781 0.063284 0.900925 0.014225
3 3 0.004603 0.011512 0.072862 0.899753 0.011270
3 3 0.003681 0.007745 0.078286 0.904997 0.005290
3 3 0.002271 0.005981 0.045896 0.941226 0.004626
3 3 0.006375 0.014020 0.102361 0.863814 0.013431
3 3 0.009298 0.014885 0.235530 0.721120 0.019166
3 3 0.012761 0.016828 0.273083 0.685149 0.012179
3 3 0.004011 0.007975 0.104371 0.876388 0.007255
3 3 0.001909 0.004175 0.074100 0.915372 0.004444
3 3 0.002123 0.005088 0.066517 0.920495 0.005776
3 3 0.002153 0.004567 0.073664 0.915621 0.003995
3 3 0.004304 0.007410 0.130821 0.851549 0.005916
3 3 0.004320 0.008607 0.184107 0.795648 0.007317
3 3 0.006290 0.010206 0.208909 0.763305 0.011290
3 3 0.007638 0.019016 0.414542 0.539223 0.019581
3 3 0.007254 0.016752 0.335863 0.616213 0.023918
3 3 0.003798 0.009927 0.146483 0.826249 0.013543
3 3 0.002547 0.006247 0.084555 0.895849 0.010801
3 3 0.004116 0.007674 0.126081 0.854301 0.007829
3 3 0.003432 0.005633 0.129245 0.857446 0.004244
3 3 0.004495 0.008356 0.105655 0.875812 0.005682
3 3 0.004509 0.007677 0.140404 0.840842 0.006568
3 3 0.004569 0.007585 0.139629 0.842407 0.005810
3 3 0.004217 0.008420 0.129658 0.850522 0.007183
3 3 0.000931 0.002668 0.130687 0.863229 0.002485
3 3 0.001379 0.003513 0.222671 0.770018 0.002419
3 3 0.001443 0.003776 0.327331 0.665582 0.001867
3 3 0.007318 0.009988 0.325857 0.653571 0.003266
3 3 0.004055 0.006354 0.127129 0.858926 0.003536
3 3 0.011128 0.018567 0.133975 0.822431 0.013898
3 3 0.014720 0.027580 0.140680 0.791870 0.025150
3 3 0.006549 0.015433 0.090558 0.872620 0.014840
3 3 0.003396 0.008250 0.068657 0.911878 0.007818
3 3 0.003117 0.008130 0.059672 0.920978 0.008103
3 3 0.002533 0.007071 0.058130 0.922509 0.009757
3 3 0.002213 0.004947 0.081188 0.905487 0.006165
3 3 0.004021 0.009287 0.089002 0.886930 0.010759
3 3 0.002841 0.005919 0.099866 0.884131 0.007244
3 3 0.004254 0.011142 0.099038 0.861155 0.024411
3 3 0.004612 0.010745 0.115011 0.850233 0.019399
3 3 0.014956 0.028456 0.218439 0.691828 0.046321
3 3 0.014574 0.024406 0.226624 0.707835 0.026562
3 3 0.009136 0.017627 0.168554 0.781989 0.022694
3 3 0.008433 0.016890 0.170707 0.777054 0.026917
3 3 0.006908 0.013250 0.169077 0.790994 0.019771
3 3 0.005959 0.010526 0.197040 0.778127 0.008348
3 3 0.006417 0.012460 0.179310 0.787786 0.014027
3 3 0.003564 0.006133 0.133859 0.850711 0.005733
3 3 0.001277 0.002448 0.096529 0.897249 0.002497
3 3 0.001756 0.004014 0.128351 0.862396 0.003483
3 3 0.001806 0.002881 0.147032 0.846050 0.002230
3 3 0.001296 0.002896 0.066328 0.926034 0.003446
3 3 0.001826 0.004859 0.050442 0.937562 0.005312
3 3 0.003446 0.008753 0.068814 0.909280 0.009707
3 3 0.004620 0.011636 0.062619 0.912342 0.008783
3 3 0.008591 0.021734 0.090909 0.855369 0.023397
3 3 0.079750 0.097290 0.180168 0.323782 0.319009
4 1 0.222964 0.109524 0.265916 0.097563 0.304034
4 1 0.358448 0.116986 0.121079 0.030012 0.373475
0 1 0.336360 0.190646 0.181455 0.096361 0.195177
2 1 0.140389 0.134096 0.307514 0.276030 0.141972
2 2 0.020335 0.043744 0.645204 0.247510 0.043207
2 2 0.009171 0.029546 0.817584 0.124107 0.019593
2 2 0.005825 0.029137 0.844847 0.103374 0.016816
2 2 0.005198 0.025334 0.888417 0.061476 0.019576
2 2 0.006842 0.036426 0.888393 0.029760 0.038580
2 2 0.022674 0.069278 0.645011 0.049106 0.213931
4 4 0.050624 0.189513 0.232021 0.013282 0.514560
4 4 0.059037 0.139802 0.143526 0.008094 0.649541
4 4 0.089726 0.062074 0.042147 0.003766 0.802287
4 4 0.091426 0.033771 0.025278 0.005410 0.844114
4 4 0.093017 0.028962 0.019681 0.003999 0.854341
4 4 0.144990 0.033042 0.014832 0.002320 0.804816
4 4 0.161354 0.043628 0.021218 0.003830 0.769969
4 4 0.105658 0.078286 0.058393 0.007421 0.750243
4 4 0.205275 0.103797 0.049312 0.006258 0.635357
4 4 0.159875 0.166358 0.099191 0.009165 0.565411
4 4 0.102006 0.141973 0.101531 0.006576 0.647914
4 4 0.103059 0.157089 0.111457 0.006719 0.621677
4 4 0.115623 0.138295 0.091822 0.006467 0.647793
4 4 0.088842 0.145765 0.122965 0.009103 0.633327
4 4 0.085287 0.146381 0.131984 0.010705 0.625644
4 4 0.080367 0.157564 0.152218 0.012566 0.597285
4 4 0.067358 0.171182 0.186125 0.014177 0.561157
4 4 0.070260 0.183091 0.200230 0.016381 0.530038
4 4 0.047819 0.194546 0.278051 0.022427 0.457157
4 4 0.038299 0.169251 0.282281 0.023976 0.486192
4 4 0.029976 0.158122 0.343704 0.026501 0.441697
2 4 0.024932 0.155241 0.397020 0.028042 0.394765
2 4 0.026640 0.152973 0.489137 0.033465 0.297785
2 4 0.012672 0.072461 0.790405 0.032942 0.091520
2 4 0.011089 0.044226 0.863754 0.033970 0.046961
2 2 0.007615 0.027486 0.910289 0.026809 0.027801
2 2 0.009406 0.040998 0.869284 0.040231 0.040080
2 2 0.005526 0.037856 0.893184 0.041755 0.021680
2 2 0.010752 0.058858 0.867110 0.037044 0.026236
2 2 0.012354 0.070225 0.832888 0.025863 0.058669
4 2 0.107142 0.106092 0.097917 0.017149 0.671699
4 2 0.155168 0.064271 0.043178 0.011147 0.726237
4 2 0.267944 0.064349 0.046046 0.006743 0.614918
4 2 0.404758 0.082188 0.044475 0.005583 0.462997
4 2 0.289363 0.058632 0.017433 0.002471 0.632101
0 2 0.618695 0.075998 0.009091 0.000847 0.295368
4 2 0.217720 0.062514 0.027620 0.005244 0.686902
4 2 0.223595 0.165183 0.087815 0.012713 0.510693
4 2 0.108204 0.208671 0.197098 0.025049 0.460978
4 2 0.035229 0.151010 0.323441 0.053385 0.436933
2 2 0.016028 0.104812 0.627103 0.060137 0.191919
2 2 0.006839 0.039681 0.894093 0.028282 0.031105
2 2 0.004102 0.033550 0.911151 0.024744 0.026453
2 2 0.005109 0.045039 0.875527 0.024802 0.049523
2 2 0.008865 0.050966 0.822236 0.032317 0.085617
4 2 0.050148 0.077120 0.283198 0.062309 0.527224
4 2 0.059494 0.066833 0.131012 0.078065 0.664596
4 2 0.070276 0.063085 0.100744 0.049740 0.716155
4 2 0.073886 0.074163 0.123188 0.066319 0.662444
2 2 0.013520 0.090602 0.564914 0.155828 0.175137
2 2 0.005859 0.048910 0.802113 0.100928 0.042190
2 2 0.002814 0.017409 0.911337 0.063706 0.004733
2 2 0.000819 0.003776 0.958571 0.036278 0.000556
2 2 0.001117 0.004458 0.965120 0.028457 0.000849
2 2 0.001343 0.004848 0.965773 0.026101 0.001935
2 2 0.002850 0.010642 0.946838 0.032352 0.007318
2 2 0.003041 0.013863 0.921980 0.052680 0.008436
2 2 0.005349 0.028504 0.897920 0.051586 0.016642
2 2 0.008074 0.030242 0.859871 0.082749 0.019064
2 2 0.017850 0.037931 0.827183 0.098985 0.018050
2 2 0.001059 0.003258 0.888030 0.106704 0.000950
2 3 0.001910 0.005108 0.807791 0.183659 0.001531
2 3 0.002187 0.005711 0.648574 0.340749 0.002780
3 3 0.002655 0.006152 0.489195 0.498248 0.003751
3 3 0.002248 0.004563 0.391490 0.599157 0.002543
3 3 0.004630 0.008025 0.243446 0.737706 0.006193
3 3 0.004236 0.007077 0.202118 0.782163 0.004406
3 3 0.002194 0.005440 0.144498 0.842100 0.005768
3 3 0.002329 0.007659 0.136242 0.846432 0.007338
3 3 0.001371 0.002419 0.244170 0.750645 0.001396
3 3 0.002177 0.002714 0.325776 0.668675 0.000658
3 3 0.001746 0.002731 0.394000 0.600713 0.000809
3 3 0.002464 0.003646 0.408020 0.584277 0.001592
3 3 0.001506 0.002182 0.128517 0.866068 0.001727
3 3 0.001977 0.003318 0.112074 0.879738 0.002892
3 3 0.001693 0.003396 0.071337 0.920918 0.002656
3 3 0.001555 0.003919 0.040598 0.951311 0.002616
3 3 0.000892 0.002965 0.025888 0.966887 0.003368
3 3 0.001431 0.003794 0.044926 0.945993 0.003856
3 3 0.002268 0.005240 0.065106 0.922586 0.004800
3 3 0.002360 0.005433 0.056295 0.932242 0.003670
3 3 0.004145 0.006503 0.120556 0.865559 0.003237
3 3 0.004152 0.006643 0.099373 0.887382 0.002450
3 3 0.004875 0.008009 0.099638 0.884515 0.002963
3 3 0.002931 0.005458 0.072240 0.916996 0.002375
3 3 0.001788 0.004538 0.036530 0.954791 0.002354
3 3 0.003439 0.008931 0.046253 0.936216 0.005162
3 3 0.002873 0.007606 0.044057 0.940650 0.004814
3 3 0.003126 0.007402 0.057767 0.926825 0.004880
3 3 0.003226 0.009348 0.040426 0.940458 0.006541
3 3 0.000508 0.001896 0.014012 0.982036 0.001548
3 3 0.000503 0.001849 0.012824 0.983593 0.001231
3 3 0.000714 0.002495 0.015430 0.979817 0.001545
3 3 0.000496 0.001798 0.011700 0.985032 0.000973
3 3 0.001230 0.003906 0.018857 0.974262 0.001745
3 3 0.000978 0.003193 0.016277 0.978150 0.001402
3 3 0.001583 0.004852 0.021684 0.969786 0.002095
3 3 0.001205 0.003886 0.019900 0.972961 0.002048
3 3 0.000905 0.003051 0.017364 0.976911 0.001768
3 3 0.000812 0.002728 0.014860 0.980334 0.001266
3 3 0.000548 0.001924 0.011272 0.985440 0.000817
3 3 0.000813 0.002705 0.014134 0.981242 0.001106
3 3 0.001210 0.003740 0.016091 0.977803 0.001156
3 3 0.000801 0.002615 0.012615 0.983143 0.000826
3 3 0.001355 0.004086 0.016347 0.977106 0.001106
3 3 0.000810 0.002690 0.013934 0.981498 0.001068
3 3 0.001615 0.004875 0.020573 0.971146 0.001791
3 3 0.001805 0.005431 0.023288 0.967181 0.002295
3 3 0.002383 0.006827 0.025816 0.962521 0.002452
3 3 0.001295 0.003990 0.017251 0.976141 0.001322
3 3 0.000915 0.002917 0.013223 0.982098 0.000846
3 3 0.000979 0.003061 0.012998 0.982195 0.000767
3 3 0.000586 0.001961 0.009639 0.987304 0.000511
3 3 0.000841 0.002693 0.012127 0.983624 0.000716
3 3 0.000649 0.002146 0.010267 0.986380 0.000559
3 3 0.000480 0.001645 0.008413 0.989048 0.000414
3 3 0.000557 0.001829 0.008185 0.989086 0.000343
3 3 0.000597 0.001962 0.008955 0.988071 0.000414
3 3 0.000792 0.002493 0.010313 0.985915 0.000486
3 3 0.002714 0.006614 0.017716 0.971907 0.001049
3 3 0.000513 0.001879 0.012933 0.983435 0.001241
3 3 0.000609 0.002159 0.013569 0.982427 0.001237
3 3 0.000707 0.002408 0.013379 0.982443 0.001063
3 3 0.000499 0.001755 0.010103 0.986988 0.000655
3 3 0.001179 0.003734 0.017648 0.975929 0.001510
3 3 0.001382 0.004230 0.018115 0.974839 0.001434
3 3 0.001381 0.004186 0.017225 0.975954 0.001254
3 3 0.002295 0.006403 0.021449 0.968319 0.001533
3 3 0.001834 0.005246 0.018347 0.973376 0.001196
3 3 0.001870 0.005350 0.018784 0.972740 0.001255
3 3 0.001408 0.004233 0.016887 0.976301 0.001171
3 3 0.001358 0.004133 0.017204 0.976039 0.001266
3 3 0.001973 0.005724 0.021641 0.968900 0.001762
3 3 0.001671 0.004916 0.018797 0.973246 0.001370
3 3 0.001101 0.003387 0.013897 0.980776 0.000839
3 3 0.000858 0.002719 0.011780 0.983990 0.000652
3 3 0.000384 0.001362 0.007571 0.990313 0.000370
3 3 0.000470 0.001606 0.008065 0.989483 0.000376
3 3 0.001229 0.003688 0.014064 0.980223 0.000796
3 3 0.002248 0.005923 0.017990 0.972732 0.001107
3 3 0.004816 0.010668 0.027118 0.954887 0.002511
3 3 0.002174 0.005907 0.020466 0.969831 0.001622
3 3 0.000802 0.002642 0.013214 0.982409 0.000934
3 3 0.000613 0.002023 0.009482 0.987410 0.000473
3 3 0.000876 0.002769 0.011957 0.983730 0.000668
3 3 0.001113 0.003456 0.014777 0.979674 0.000980
3 3 0.000681 0.002321 0.012789 0.983241 0.000970
3 3 0.000445 0.001569 0.008846 0.988638 0.000501
3 3 0.000842 0.002743 0.013284 0.982219 0.000913
3 3 0.211354 0.049084 0.301781 0.435127 0.002654
3 3 0.077141 0.053920 0.237174 0.626513 0.005252
3 3 0.044786 0.035992 0.286548 0.626641 0.006034
3 3 0.028179 0.026552 0.251414 0.689620 0.004236
3 3 0.032901 0.028228 0.250342 0.685041 0.003489
3 3 0.096290 0.048956 0.392421 0.457560 0.004772
2 3 0.254988 0.051745 0.549619 0.137775 0.005874
0 3 0.543609 0.046565 0.364731 0.039685 0.005411
0 3 0.823360 0.039415 0.123746 0.005920 0.007558
0 2 0.815800 0.035746 0.136375 0.005660 0.006418
0 2 0.861683 0.016771 0.116008 0.004155 0.001382
0 2 0.902237 0.009135 0.085054 0.003179 0.000395
0 2 0.991689 0.001890 0.006271 0.000051 0.000099
0 2 0.992235 0.001976 0.005630 0.000072 0.000086
0 2 0.991856 0.002995 0.004865 0.000070 0.000214
0 1 0.985453 0.006327 0.007343 0.000156 0.000721
0 1 0.971261 0.010018 0.017121 0.000534 0.001067
0 1 0.967421 0.011189 0.019475 0.000556 0.001359
0 1 0.935769 0.008153 0.054528 0.000965 0.000585
0 1 0.972953 0.002918 0.023792 0.000197 0.000140
0 1 0.990745 0.001274 0.007890 0.000030 0.000060
0 1 0.997021 0.000943 0.001972 0.000008 0.000055
0 1 0.968920 0.009503 0.020014 0.000408 0.001155
0 1 0.712624 0.065928 0.194016 0.014854 0.012579
1 1 0.110424 0.425741 0.318676 0.006250 0.138909
1 1 0.145014 0.367628 0.221897 0.015120 0.250341
4 1 0.047501 0.196620 0.298918 0.028951 0.428009
4 1 0.063376 0.143968 0.164739 0.014097 0.613820
4 1 0.099561 0.152943 0.131613 0.012575 0.603308
4 4 0.065527 0.036556 0.043731 0.014488 0.839698
4 4 0.075198 0.033251 0.031841 0.008681 0.851029
4 4 0.157047 0.032606 0.013195 0.001909 0.795244
4 4 0.165055 0.035071 0.014132 0.002084 0.783658
4 4 0.112379 0.035780 0.022893 0.004739 0.824208
4 4 0.119334 0.065975 0.044518 0.006581 0.763592
4 4 0.063080 0.019836 0.015795 0.003235 0.898054
4 4 0.058187 0.021727 0.020290 0.004800 0.894995
4 4 0.057623 0.019223 0.016561 0.003565 0.903028
4 4 0.115548 0.030224 0.016526 0.002901 0.834800
4 4 0.177138 0.049711 0.023822 0.004437 0.744892
4 4 0.166661 0.118733 0.072873 0.010168 0.631565
4 4 0.146913 0.136548 0.079711 0.006695 0.630134
4 4 0.136805 0.162704 0.095354 0.006127 0.599010
4 4 0.110850 0.090914 0.053594 0.003619 0.741024
4 4 0.157319 0.070900 0.033870 0.003478 0.734433
4 4 0.159401 0.059319 0.029618 0.004132 0.747530
4 4 0.223680 0.046609 0.016115 0.002339 0.711258
4 4 0.216038 0.045583 0.014050 0.001455 0.722874
4 4 0.221594 0.046772 0.016398 0.002405 0.712831
4 4 0.181080 0.044980 0.019522 0.003282 0.751136
4 4 0.224801 0.069636 0.031946 0.006465 0.667152
4 4 0.110482 0.121176 0.094798 0.010314 0.663230
4 4 0.105629 0.079878 0.060896 0.008030 0.745567
4 4 0.082067 0.034450 0.030673 0.008006 0.844804
4 4 0.090255 0.028214 0.019461 0.003967 0.858103
4 4 0.127928 0.033238 0.017339 0.003027 0.818469
4 4 0.158206 0.041226 0.019683 0.003445 0.777440
4 4 0.220325 0.045482 0.015731 0.002265 0.716197
4 4 0.194826 0.038384 0.013581 0.001880 0.751328
4 4 0.276745 0.051410 0.014695 0.001937 0.655213
4 4 0.169140 0.121749 0.053485 0.003207 0.652419
4 4 0.092570 0.132914 0.102145 0.006879 0.665492
4 4 0.097846 0.145118 0.112626 0.008171 0.636238
4 4 0.087741 0.161102 0.146797 0.012208 0.592153
4 1 0.097829 0.187229 0.169241 0.015904 0.529796
4 1 0.081311 0.200705 0.214685 0.021597 0.481702
4 1 0.076308 0.194110 0.216789 0.021907 0.490886
4 2 0.068347 0.171137 0.208667 0.022739 0.529109
4 2 0.039702 0.155934 0.281852 0.033887 0.488625
4 2 0.041175 0.154829 0.266135 0.029544 0.508317
4 2 0.039407 0.170249 0.295398 0.030118 0.464829
4 2 0.033020 0.189059 0.347652 0.029650 0.400618
4 2 0.031993 0.172826 0.334627 0.031653 0.428901
4 2 0.026389 0.160648 0.356857 0.036042 0.420064
4 2 0.024847 0.144444 0.376432 0.041606 0.412671
2 2 0.027952 0.131076 0.424310 0.042302 0.374360
4 2 0.039767 0.132612 0.333626 0.040171 0.453824
4 2 0.033108 0.129113 0.384364 0.044263 0.409151
2 2 0.026718 0.151986 0.518290 0.045956 0.257049
2 2 0.017293 0.131762 0.671619 0.029996 0.149330
2 2 0.028338 0.191433 0.423385 0.025584 0.331259
2 2 0.028099 0.122358 0.586582 0.041578 0.221383
4 2 0.043819 0.156583 0.258355 0.028649 0.512594
4 2 0.037696 0.150186 0.279076 0.032950 0.500093
4 2 0.087245 0.129827 0.140528 0.021256 0.621144
4 2 0.084977 0.049546 0.061239 0.009268 0.794970
4 1 0.161649 0.050390 0.031380 0.006243 0.750339
4 1 0.227754 0.049677 0.017607 0.002655 0.702307
4 1 0.344138 0.055898 0.012854 0.001514 0.585595
0 1 0.713194 0.084877 0.014660 0.001216 0.186052
4 1 0.374491 0.095204 0.029805 0.005074 0.495426
4 1 0.079733 0.283550 0.214789 0.007045 0.414884
4 1 0.046004 0.202961 0.298258 0.024162 0.428615
4 1 0.030160 0.180626 0.336584 0.024789 0.427841
4 1 0.018192 0.123634 0.355972 0.040795 0.461406
2 1 0.010941 0.086583 0.722727 0.031786 0.147963
2 1 0.007791 0.050658 0.849318 0.032171 0.060062
2 1 0.008380 0.051263 0.848798 0.024835 0.066724
2 1 0.007719 0.053556 0.866117 0.020347 0.052261
2 2 0.004900 0.027141 0.918880 0.023288 0.025791
2 2 0.006346 0.033783 0.909288 0.027841 0.022742
2 2 0.004239 0.020220 0.943245 0.022387 0.009909
2 2 0.003634 0.021776 0.946644 0.016177 0.011769
2 2 0.007685 0.049392 0.886032 0.016071 0.040820
2 2 0.007687 0.042958 0.885634 0.020160 0.043561
2 2 0.011006 0.060891 0.816477 0.031516 0.080110
2 2 0.011476 0.051672 0.843582 0.032772 0.060498
2 2 0.008323 0.041944 0.865454 0.027852 0.056428
2 2 0.006246 0.025226 0.909197 0.025408 0.033922
2 2 0.007280 0.024089 0.925382 0.026301 0.016949
2 2 0.004355 0.015134 0.939948 0.034135 0.006428
2 2 0.002461 0.010258 0.945321 0.039128 0.002833
2 2 0.003652 0.015490 0.941914 0.033071 0.005873
2 2 0.005040 0.018293 0.919532 0.046040 0.011095
2 2 0.007964 0.027025 0.895840 0.042948 0.026224
2 2 0.010650 0.040591 0.869865 0.039211 0.039683
2 2 0.007499 0.030563 0.899453 0.032382 0.030103
2 2 0.008069 0.035873 0.885019 0.026976 0.044061
2 2 0.004700 0.020339 0.933648 0.028611 0.012702
2 2 0.004527 0.017959 0.928357 0.037468 0.011690
2 2 0.025256 0.045906 0.814803 0.051111 0.062924
2 2 0.005613 0.031908 0.883571 0.055286 0.023621
2 2 0.002061 0.011314 0.958674 0.023397 0.004554
2 2 0.004062 0.019472 0.940930 0.026693 0.008843
2 2 0.004185 0.013547 0.943453 0.029674 0.009141
2 2 0.002473 0.009247 0.956269 0.028203 0.003808
2 2 0.002272 0.006497 0.898851 0.089285 0.003095
2 2 0.002352 0.009164 0.832232 0.150954 0.005297
2 2 0.002159 0.007766 0.782943 0.202976 0.004156
2 2 0.002110 0.008427 0.875750 0.110262 0.003451
2 2 0.005387 0.014521 0.850708 0.122285 0.007100
2 2 0.008762 0.015272 0.786877 0.183345 0.005745
2 2 0.005995 0.015862 0.888940 0.082642 0.006562
2 2 0.006545 0.022171 0.893559 0.064911 0.012815
2 2 0.002967 0.013570 0.941660 0.037585 0.004217
2 2 0.005820 0.021398 0.859857 0.103208 0.009718
2 2 0.004354 0.014479 0.805898 0.169842 0.005427
2 2 0.005219 0.015426 0.852680 0.118551 0.008123
2 2 0.002585 0.007083 0.839517 0.147757 0.003058
2 2 0.001241 0.003555 0.898642 0.095585 0.000977
2 2 0.002124 0.006179 0.883546 0.106566 0.001585
2 2 0.002356 0.005842 0.870160 0.119543 0.002099
2 2 0.002299 0.005505 0.897684 0.091356 0.003156
2 2 0.004185 0.012410 0.876222 0.099543 0.007640
2 2 0.002574 0.007690 0.826005 0.159828 0.003904
2 2 0.004633 0.010906 0.792152 0.188531 0.003778
2 2 0.004249 0.011161 0.789560 0.191621 0.003408
2 2 0.001874 0.005053 0.832989 0.158679 0.001405
2 2 0.001654 0.004457 0.883610 0.109253 0.001026
2 2 0.001206 0.003805 0.921579 0.072580 0.000829
2 2 0.004141 0.015391 0.858663 0.117281 0.004524
2 2 0.003368 0.010326 0.615395 0.360825 0.010087
2 2 0.002876 0.007537 0.771581 0.213115 0.004891
2 2 0.003001 0.007328 0.808201 0.177891 0.003579
2 2 0.003672 0.007883 0.713175 0.271366 0.003904
3 2 0.002672 0.005193 0.421546 0.565940 0.004649
3 3 0.004717 0.006286 0.316148 0.663602 0.009246
3 3 0.005466 0.008417 0.231342 0.742427 0.012347
2 3 0.107464 0.079924 0.451515 0.294495 0.066602
3 3 0.029515 0.024224 0.313293 0.627681 0.005287
3 3 0.107952 0.060809 0.382413 0.434323 0.014504
3 3 0.206262 0.118347 0.246599 0.397807 0.030985
3 3 0.030545 0.048053 0.168552 0.724528 0.028322
3 3 0.033514 0.051667 0.235218 0.626887 0.052714
3 3 0.006980 0.013412 0.169892 0.789503 0.020213
3 3 0.002883 0.005068 0.235183 0.753064 0.003802
2 3 0.003738 0.008348 0.517641 0.465477 0.004796
2 3 0.004491 0.015480 0.754360 0.217907 0.007762
2 3 0.001962 0.008233 0.859657 0.127236 0.002913
2 3 0.001135 0.005591 0.909571 0.082602 0.001101
2 3 0.001885 0.008029 0.855718 0.132201 0.002167
2 3 0.001490 0.004455 0.720307 0.272386 0.001361
2 3 0.002176 0.004122 0.633067 0.359112 0.001523
2 3 0.002353 0.006216 0.720233 0.268900 0.002298
2 3 0.002042 0.005860 0.681025 0.308852 0.002221
2 3 0.002859 0.008578 0.768668 0.217364 0.002531
2 3 0.002149 0.008143 0.550794 0.436310 0.002604
3 3 0.002545 0.007927 0.433464 0.554137 0.001928
3 3 0.002487 0.006326 0.331885 0.655933 0.003368
3 3 0.004521 0.008100 0.387153 0.595746 0.004480
3 3 0.007683 0.013986 0.324409 0.643087 0.010835
2 3 0.006075 0.015432 0.576551 0.389161 0.012782
2 3 0.004694 0.009625 0.689087 0.292210 0.004384
3 3 0.007103 0.013481 0.346867 0.619980 0.012568
3 3 0.003929 0.006686 0.180414 0.798704 0.010267
3 3 0.001890 0.004299 0.109516 0.873172 0.011123
3 3 0.001209 0.002490 0.105780 0.884974 0.005546
3 3 0.001084 0.002565 0.076232 0.914786 0.005333
3 3 0.001931 0.004883 0.170248 0.815571 0.007367
3 3 0.001916 0.004842 0.172757 0.814857 0.005628
3 3 0.004625 0.011979 0.300552 0.669693 0.013150
2 3 0.007180 0.017604 0.596793 0.367133 0.011290
2 3 0.005686 0.019947 0.748622 0.216139 0.009606
2 3 0.004215 0.019857 0.780193 0.187175 0.008560
2 3 0.004110 0.017996 0.669362 0.301361 0.007171
3 3 0.004088 0.008720 0.331551 0.648078 0.007562
3 3 0.001559 0.003210 0.104181 0.885141 0.005909
3 3 0.001427 0.003831 0.078026 0.905399 0.011317
3 3 0.002613 0.006013 0.113206 0.863977 0.014191
3 3 0.005927 0.010063 0.182980 0.788724 0.012306
3 3 0.011671 0.014915 0.280197 0.682498 0.010719
3 3 0.025521 0.032345 0.413270 0.513204 0.015659
2 3 0.100093 0.145550 0.487547 0.151786 0.115024
2 3 0.042498 0.166929 0.569381 0.101050 0.120142
2 3 0.013663 0.093858 0.622507 0.187619 0.082354
2 3 0.010395 0.054338 0.734075 0.160840 0.040351
2 3 0.022793 0.090580 0.731625 0.111767 0.043235
2 3 0.008419 0.025800 0.841126 0.114089 0.010567
2 3 0.016727 0.039256 0.864999 0.063308 0.015710
2 3 0.024871 0.031915 0.856279 0.071458 0.015476
2 3 0.021182 0.037221 0.808862 0.105140 0.027596
2 3 0.023798 0.062484 0.527507 0.195171 0.191041
4 3 0.037702 0.071243 0.367692 0.115157 0.408207
4 3 0.022348 0.065547 0.220398 0.084553 0.607153
4 3 0.013881 0.107558 0.382986 0.054814 0.440761
2 3 0.011700 0.063577 0.838500 0.054621 0.031602
2 3 0.006714 0.031742 0.917554 0.034836 0.009154
2 3 0.003834 0.015196 0.904397 0.073791 0.002782
2 3 0.003791 0.010601 0.852083 0.130585 0.002941
2 3 0.015404 0.041525 0.780633 0.129316 0.033122
2 3 0.015982 0.047232 0.719985 0.155991 0.060811
2 2 0.013117 0.049013 0.705741 0.123272 0.108858
2 2 0.033816 0.123719 0.517109 0.061005 0.264352
2 2 0.028989 0.115321 0.703338 0.062708 0.089644
2 2 0.036369 0.113179 0.756506 0.061118 0.032828
2 2 0.031501 0.061162 0.826758 0.067613 0.012967
2 2 0.022765 0.032289 0.808242 0.125508 0.011196
2 2 0.010399 0.019191 0.777789 0.185556 0.007064
2 2 0.006411 0.013095 0.735595 0.238589 0.006310
2 2 0.005754 0.011907 0.738331 0.234768 0.009240
2 2 0.008849 0.010962 0.745961 0.224114 0.010114
2 2 0.007098 0.012123 0.804966 0.167713 0.008100
2 2 0.009324 0.024589 0.771455 0.163280 0.031352
2 2 0.012518 0.044869 0.787863 0.107817 0.046933
2 2 0.011376 0.049957 0.776230 0.125757 0.036680
2 2 0.011918 0.054593 0.753133 0.115527 0.064828
2 2 0.007226 0.024188 0.857036 0.097078 0.014473
2 2 0.002461 0.007199 0.920709 0.066142 0.003489
2 2 0.002629 0.008797 0.938104 0.046778 0.003691
2 2 0.001445 0.005172 0.966906 0.025097 0.001379
2 2 0.009110 0.018084 0.933215 0.033208 0.006383
2 2 0.019716 0.060205 0.873841 0.031607 0.014631
2 2 0.010360 0.033087 0.860740 0.084098 0.011714
2 2 0.006089 0.018219 0.809238 0.158238 0.008216
2 2 0.004339 0.013617 0.821322 0.155602 0.005120
2 2 0.010355 0.035165 0.914137 0.025594 0.014749
2 2 0.045186 0.089953 0.819996 0.018961 0.025905
2 2 0.154591 0.338748 0.352824 0.012961 0.140876
1 2 0.128355 0.393213 0.289184 0.010532 0.178715
2 2 0.035793 0.165058 0.747527 0.014964 0.036658
2 2 0.005983 0.025541 0.934359 0.028896 0.005222
2 2 0.005168 0.014091 0.937485 0.040558 0.002698
2 2 0.006915 0.025889 0.929043 0.032450 0.005703
2 2 0.003676 0.015229 0.944366 0.034000 0.002728
2 2 0.021528 0.045516 0.894363 0.021851 0.016741
2 2 0.306797 0.076957 0.570097 0.025840 0.020309
0 2 0.563927 0.120387 0.248656 0.015704 0.051326
0 2 0.661613 0.151889 0.017129 0.001216 0.168153
0 2 0.547154 0.221708 0.026807 0.000899 0.203432
1 2 0.124263 0.398136 0.193652 0.004867 0.279083
2 2 0.043996 0.361054 0.368212 0.010882 0.215855
2 2 0.024703 0.223377 0.612190 0.020216 0.119514
2 2 0.006971 0.025899 0.907089 0.047134 0.012907
2 2 0.005570 0.012720 0.899635 0.070653 0.011422
2 2 0.007611 0.033478 0.905031 0.021573 0.032307
2 2 0.011330 0.047257 0.865093 0.029583 0.046737
2 2 0.021920 0.124916 0.618265 0.035075 0.199824
2 2 0.026613 0.144486 0.450961 0.031666 0.346274
4 2 0.034901 0.171691 0.313099 0.028958 0.451350
4 2 0.058808 0.156843 0.214261 0.024783 0.545304
4 4 0.086294 0.110336 0.107354 0.013431 0.682586
4 4 0.065427 0.086844 0.064230 0.002790 0.780708
4 4 0.082232 0.085827 0.062683 0.004197 0.765061
4 4 0.094312 0.089731 0.066462 0.005838 0.743657
4 4 0.094960 0.152244 0.128674 0.010655 0.613467
4 4 0.126951 0.109375 0.069674 0.006448 0.687552
4 4 0.137854 0.076232 0.042235 0.004471 0.739208
4 4 0.185082 0.053610 0.024597 0.004193 0.732518
4 4 0.228586 0.055815 0.019797 0.002693 0.693109
4 4 0.238412 0.051673 0.017826 0.002674 0.689417
4 4 0.252948 0.076962 0.027166 0.003375 0.639549
4 4 0.189161 0.054483 0.025809 0.004913 0.725633
4 4 0.227500 0.060210 0.024559 0.004355 0.683375
4 4 0.148187 0.029568 0.011906 0.001666 0.808672
4 4 0.134834 0.028257 0.012282 0.001791 0.822836
4 4 0.123841 0.022633 0.009189 0.001194 0.843143
4 4 0.121600 0.017751 0.006122 0.000659 0.853867
4 4 0.124129 0.027147 0.012607 0.001905 0.834211
4 4 0.144906 0.036841 0.017942 0.003076 0.797235
4 4 0.182014 0.044167 0.018799 0.003099 0.751921
4 4 0.160555 0.034818 0.014417 0.002163 0.788046
4 4 0.168196 0.028212 0.009446 0.001143 0.793004
4 4 0.136901 0.024751 0.009566 0.001232 0.827550
4 4 0.094212 0.014842 0.006000 0.000689 0.884256
4 4 0.131335 0.023737 0.009330 0.001201 0.834396
4 4 0.150444 0.029220 0.011457 0.001567 0.807311
4 4 0.162995 0.029623 0.010678 0.001381 0.795323
4 4 0.252040 0.049981 0.015718 0.002188 0.680072
4 4 0.247312 0.049507 0.015826 0.002221 0.685135
4 4 0.260870 0.065568 0.020907 0.002507 0.650147
4 4 0.257307 0.092296 0.033050 0.003756 0.613590
4 4 0.184715 0.048396 0.014331 0.000908 0.751651
4 4 0.279178 0.085236 0.022950 0.001653 0.610983
4 4 0.122300 0.085855 0.045168 0.002945 0.743731
4 4 0.158290 0.106510 0.052847 0.004195 0.678158
4 4 0.092411 0.174124 0.143956 0.009763 0.579746
4 4 0.085672 0.170485 0.160793 0.013536 0.569514
4 4 0.080571 0.203408 0.210612 0.018798 0.486610
4 4 0.091351 0.191246 0.153163 0.008829 0.555411
4 4 0.123060 0.168474 0.109001 0.007102 0.592364
4 4 0.162407 0.110427 0.057174 0.005177 0.664816
4 4 0.141334 0.089771 0.049138 0.004582 0.715175
4 4 0.127479 0.087353 0.053276 0.005406 0.726486
4 4 0.106104 0.104350 0.072464 0.006021 0.711061
4 4 0.143783 0.143553 0.098993 0.011835 0.601835
4 4 0.089618 0.177192 0.176606 0.018677 0.537907
4 4 0.085722 0.220337 0.213906 0.017598 0.462436
4 4 0.060102 0.206829 0.250424 0.019247 0.463398
4 4 0.067618 0.154355 0.178965 0.017390 0.581671
4 4 0.105794 0.101520 0.067748 0.005174 0.719763
4 4 0.239632 0.051402 0.032917 0.002808 0.673241
0 4 0.710877 0.056726 0.046586 0.002084 0.183726
4 4 0.461111 0.043295 0.006057 0.000671 0.488866
0 4 0.727112 0.073164 0.006607 0.000731 0.192387
4 4 0.430511 0.077991 0.016780 0.002166 0.472552
4 4 0.326894 0.079783 0.021756 0.002483 0.569084
4 4 0.094582 0.203761 0.158624 0.008807 0.534227
4 4 0.057610 0.178430 0.209096 0.014043 0.540821
4 4 0.044604 0.219193 0.330568 0.027581 0.378054
4 4 0.039763 0.177142 0.316303 0.035985 0.430807
4 4 0.043365 0.191189 0.296030 0.025177 0.444238
2 4 0.024217 0.257910 0.468380 0.025291 0.224202
2 4 0.021141 0.225026 0.644538 0.014124 0.095171
2 4 0.010270 0.117917 0.785922 0.011813 0.074078
2 4 0.011395 0.099681 0.785512 0.018926 0.084487
2 4 0.010049 0.096143 0.773564 0.019002 0.101242
2 4 0.014007 0.129663 0.635754 0.030117 0.190458
4 4 0.052210 0.113840 0.225431 0.027541 0.580978
4 4 0.100721 0.070744 0.104668 0.010688 0.713180
4 4 0.265518 0.057095 0.027392 0.003846 0.646149
4 4 0.442907 0.062098 0.010934 0.001138 0.482922
0 4 0.813103 0.062941 0.003519 0.000223 0.120215
0 4 0.647378 0.072565 0.007736 0.000668 0.271653
0 4 0.610445 0.116205 0.019781 0.001853 0.251715
0 4 0.529488 0.106142 0.034921 0.004371 0.325078
0 4 0.370662 0.239810 0.069827 0.006151 0.313550
4 1 0.352393 0.195496 0.063817 0.007110 0.381185
2 1 0.056493 0.234603 0.361186 0.026763 0.320955
2 1 0.015105 0.086800 0.837565 0.017829 0.042702
2 1 0.008900 0.060964 0.863778 0.022714 0.043644
2 1 0.008004 0.049278 0.869191 0.032288 0.041238
2 1 0.005330 0.024587 0.904294 0.043584 0.022205
2 1 0.006673 0.030122 0.891714 0.034605 0.036886
2 2 0.007440 0.033072 0.870272 0.036062 0.053154
2 2 0.008052 0.033126 0.893158 0.027111 0.038553
2 2 0.010124 0.054538 0.847276 0.028973 0.059090
2 2 0.012247 0.062190 0.819873 0.033827 0.071863
2 2 0.012200 0.053513 0.835231 0.041794 0.057262
2 2 0.008220 0.035112 0.893857 0.031235 0.031576
2 2 0.004456 0.014537 0.939238 0.033811 0.007958
2 2 0.002567 0.009519 0.960699 0.023127 0.004087
2 2 0.004702 0.034952 0.921446 0.019651 0.019249
2 2 0.002701 0.015422 0.945889 0.030765 0.005222
2 2 0.002859 0.012814 0.948023 0.032527 0.003776
2 2 0.002819 0.009709 0.899813 0.085398 0.002261
2 2 0.002264 0.007709 0.896185 0.090719 0.003123
2 2 0.002303 0.009346 0.862619 0.121990 0.003742
2 2 0.001429 0.006009 0.903755 0.086781 0.002026
2 2 0.001056 0.003814 0.889008 0.105131 0.000992
2 2 0.001185 0.004414 0.919783 0.073581 0.001037
2 2 0.001194 0.004222 0.856114 0.137194 0.001276
2 2 0.002548 0.009530 0.801358 0.183022 0.003542
2 2 0.002122 0.008629 0.713704 0.272110 0.003435
2 2 0.001407 0.004518 0.746031 0.246418 0.001626
2 2 0.001609 0.004600 0.743265 0.248037 0.002488
2 2 0.002411 0.005799 0.709835 0.278498 0.003457
2 2 0.002922 0.005292 0.553178 0.435705 0.002903
2 3 0.001814 0.004215 0.541283 0.450893 0.001795
3 3 0.001477 0.003440 0.342765 0.650133 0.002185
3 3 0.002495 0.006719 0.349644 0.637210 0.003933
3 3 0.001708 0.003315 0.113291 0.879114 0.002571
3 3 0.001100 0.002491 0.059144 0.934477 0.002789
3 3 0.001922 0.004059 0.083331 0.905967 0.004722
3 3 0.002373 0.004786 0.099399 0.887674 0.005768
3 3 0.002867 0.004954 0.118746 0.869174 0.004259
3 3 0.003181 0.005757 0.171990 0.814999 0.004073
3 3 0.002562 0.004912 0.171426 0.816796 0.004305
3 3 0.002849 0.004725 0.157998 0.830098 0.004330
3 3 0.001879 0.004639 0.074179 0.911559 0.007743
3 3 0.001867 0.005448 0.057290 0.925008 0.010387
3 3 0.000965 0.003335 0.034006 0.954886 0.006808
3 3 0.003035 0.009642 0.060493 0.906143 0.020687
3 3 0.002405 0.007692 0.046260 0.931828 0.011815
3 3 0.005160 0.014178 0.069182 0.887471 0.024009
3 3 0.001953 0.006252 0.035558 0.949466 0.006771
3 3 0.001083 0.003766 0.025626 0.965140 0.004385
3 3 0.000807 0.002946 0.022619 0.969703 0.003926
3 3 0.000792 0.002894 0.022134 0.970424 0.003755
3 3 0.000848 0.003036 0.021775 0.970930 0.003411
3 3 0.000846 0.002994 0.020428 0.972853 0.002879
3 3 0.000666 0.002370 0.015485 0.979835 0.001644
3 3 0.000429 0.001626 0.012287 0.984418 0.001241
3 3 0.000502 0.001872 0.013749 0.982392 0.001485
3 3 0.000648 0.002334 0.015914 0.979297 0.001807
3 3 0.000628 0.002279 0.015928 0.979310 0.001856
3 3 0.000761 0.002681 0.017451 0.977061 0.002046
3 3 0.001170 0.003883 0.022198 0.969940 0.002809
3 3 0.000903 0.003195 0.022139 0.970365 0.003398
3 3 0.001136 0.003959 0.027585 0.962162 0.005158
3 3 0.001199 0.004142 0.028141 0.961297 0.005220
3 3 0.001237 0.004155 0.025390 0.965353 0.003864
3 3 0.001187 0.003929 0.022296 0.969777 0.002811
3 3 0.005907 0.015359 0.051493 0.919064 0.008176
3 3 0.014156 0.024593 0.095927 0.855575 0.009749
3 3 0.112591 0.092892 0.305165 0.442148 0.047204
2 3 0.264634 0.138922 0.359107 0.137513 0.099825
2 3 0.040719 0.063465 0.570521 0.273045 0.052250
2 3 0.024321 0.050321 0.639095 0.249786 0.036477
2 3 0.007775 0.025435 0.798386 0.151316 0.017089
2 3 0.005921 0.017846 0.878699 0.088873 0.008661
2 3 0.003081 0.013860 0.908599 0.067875 0.006585
2 3 0.004927 0.025282 0.887808 0.064851 0.017132
2 3 0.004049 0.017327 0.933400 0.035591 0.009632
2 2 0.007566 0.034992 0.864397 0.056521 0.036523
2 2 0.011750 0.047982 0.813071 0.052908 0.074289
2 2 0.012705 0.053430 0.787869 0.053081 0.092916
2 2 0.019143 0.062627 0.779912 0.054627 0.083691
2 2 0.018402 0.052405 0.839594 0.052749 0.036850
2 2 0.009905 0.047378 0.861397 0.041815 0.039504
2 2 0.008192 0.051156 0.866442 0.029923 0.044288
2 2 0.007358 0.044921 0.882237 0.043388 0.022097
2 2 0.005701 0.026106 0.893786 0.065822 0.008584
2 2 0.006526 0.025253 0.907355 0.051307 0.009559
2 2 0.009460 0.031187 0.854992 0.082193 0.022168
2 2 0.008067 0.029544 0.869429 0.068150 0.024810
2 2 0.012554 0.054292 0.817984 0.061275 0.053895
2 2 0.005602 0.029591 0.916737 0.027138 0.020931
2 2 0.007494 0.030760 0.905288 0.027739 0.028718
2 2 0.005944 0.015433 0.930959 0.037853 0.009811
2 2 0.009596 0.020254 0.865284 0.088733 0.016132
2 2 0.007110 0.020699 0.915976 0.047277 0.008938
2 2 0.003912 0.015037 0.925574 0.050254 0.005223
2 2 0.004470 0.022434 0.865066 0.094779 0.013252
2 2 0.004994 0.021687 0.877926 0.086000 0.009393
2 2 0.005364 0.019322 0.818547 0.138928 0.017838
2 2 0.009042 0.031313 0.813128 0.117594 0.028923
2 2 0.008682 0.029830 0.829498 0.103815 0.028175
2 2 0.006999 0.023819 0.902223 0.049043 0.017916
2 2 0.010553 0.044218 0.856566 0.056310 0.032354
2 2 0.005521 0.028572 0.879624 0.066057 0.020226
2 2 0.007258 0.049603 0.830789 0.068015 0.044335
2 2 0.003631 0.013006 0.862159 0.116489 0.004714
2 2 0.003989 0.012117 0.840418 0.138824 0.004653
2 2 0.002868 0.007795 0.876569 0.109025 0.003743
2 2 0.017081 0.028496 0.827530 0.090371 0.036521
2 2 0.032615 0.032729 0.727955 0.164248 0.042453
2 2 0.025030 0.032421 0.632049 0.275212 0.035288
3 2 0.028057 0.057406 0.363679 0.493160 0.057697
2 2 0.011678 0.023697 0.508555 0.433327 0.022743
2 2 0.013992 0.029316 0.722837 0.216956 0.016899
2 2 0.012096 0.031577 0.613184 0.323596 0.019548
2 2 0.011712 0.036343 0.497420 0.425336 0.029190
2 2 0.010391 0.027951 0.565623 0.371889 0.024146
2 2 0.010258 0.029441 0.642046 0.285506 0.032749
2 2 0.012673 0.033509 0.740417 0.183088 0.030313
2 2 0.009228 0.019855 0.793405 0.160959 0.016554
2 2 0.009303 0.015752 0.652775 0.309514 0.012655
2 2 0.010249 0.015171 0.757322 0.211928 0.005331
2 2 0.008883 0.012756 0.580463 0.391869 0.006029
2 2 0.011328 0.016662 0.566629 0.387794 0.017588
2 2 0.013387 0.023938 0.611551 0.316722 0.034403
2 2 0.009453 0.024743 0.793059 0.141070 0.031675
2 2 0.012894 0.050729 0.813739 0.046558 0.076080
2 2 0.037593 0.132958 0.518897 0.040849 0.269703
4 2 0.070869 0.174004 0.189368 0.015919 0.549841
4 4 0.076543 0.141322 0.124794 0.007877 0.649464
4 4 0.100438 0.130106 0.090349 0.005611 0.673496
4 4 0.119053 0.096192 0.055062 0.003798 0.725895
4 4 0.131396 0.079443 0.048374 0.005667 0.735121
4 4 0.116528 0.052865 0.039516 0.008880 0.782212
4 4 0.169159 0.047213 0.023010 0.004266 0.756352
4 4 0.237670 0.057691 0.021638 0.003569 0.679431
4 4 0.192167 0.046307 0.019129 0.003136 0.739262
4 4 0.152157 0.055840 0.034763 0.008108 0.749132
4 4 0.087776 0.030349 0.022811 0.005060 0.854004
4 4 0.064359 0.029669 0.031144 0.008793 0.866036
4 4 0.056745 0.016109 0.012359 0.002323 0.912464
4 4 0.101156 0.026222 0.015028 0.002618 0.854976
4 4 0.131898 0.028752 0.012990 0.001957 0.824403
4 4 0.383365 0.060505 0.012766 0.001468 0.541896
4 4 0.170502 0.026510 0.008333 0.000946 0.793709
4 4 0.237757 0.044610 0.013864 0.001843 0.701927
4 4 0.176368 0.037580 0.014738 0.002179 0.769134
4 4 0.130645 0.033380 0.017047 0.002934 0.815994
4 4 0.068472 0.021344 0.016363 0.003327 0.890493
4 4 0.136194 0.040279 0.022519 0.004382 0.796626
4 4 0.155206 0.035206 0.015297 0.002383 0.791908
4 4 0.176691 0.031787 0.010979 0.001408 0.779135
4 4 0.207997 0.043023 0.015313 0.002208 0.731458
4 4 0.175409 0.041651 0.017740 0.002872 0.762328
4 4 0.223007 0.054969 0.020091 0.002831 0.699102
4 4 0.247375 0.083197 0.025467 0.001964 0.641998
4 4 0.273984 0.115081 0.031335 0.001710 0.577891
4 4 0.334195 0.101978 0.026611 0.002313 0.534903
4 4 0.271693 0.103375 0.033323 0.002983 0.588626
4 4 0.289466 0.144837 0.044570 0.003134 0.517993
4 4 0.264154 0.273736 0.097813 0.005810 0.358487
4 4 0.194167 0.232851 0.124911 0.011233 0.436839
4 4 0.195693 0.209040 0.117566 0.012809 0.464892
4 4 0.067320 0.145385 0.159741 0.013736 0.613818
4 4 0.058564 0.139154 0.171632 0.015723 0.614926
4 4 0.064912 0.166734 0.189141 0.015255 0.563958
4 4 0.082447 0.202021 0.181744 0.011395 0.522393
4 4 0.063950 0.207602 0.222560 0.013520 0.492369
4 4 0.072897 0.178293 0.183935 0.013925 0.550951
4 4 0.096444 0.112768 0.105399 0.014638 0.670751
4 4 0.287814 0.087646 0.078309 0.010669 0.535562
