0 0 0.860807 0.084221 0.022113 0.000987 0.031872
0 0 0.860355 0.056989 0.016474 0.005241 0.060940
0 0 0.840363 0.086741 0.027134 0.002576 0.043186
0 0 0.945578 0.035129 0.008966 0.000609 0.009717
0 0 0.883553 0.048901 0.014049 0.004745 0.048752
0 0 0.507752 0.208416 0.122659 0.023391 0.137783
0 0 0.514575 0.216470 0.069401 0.004125 0.195429
0 0 0.986634 0.006663 0.001124 0.000489 0.005090
0 0 0.899929 0.017199 0.002165 0.001759 0.078948
1 0 0.298888 0.400272 0.159790 0.001632 0.139417
0 0 0.604409 0.288909 0.060896 0.000113 0.045673
0 0 0.938727 0.038086 0.001302 0.000001 0.021884
0 0 0.849719 0.044019 0.006394 0.001162 0.098706
0 0 0.852758 0.024569 0.002889 0.001434 0.118350
0 0 0.887529 0.015743 0.001327 0.000593 0.094808
0 0 0.451494 0.080731 0.018983 0.003458 0.445334
0 0 0.839445 0.026193 0.002944 0.001259 0.130160
0 0 0.645358 0.077688 0.012966 0.002600 0.261388
0 0 0.803937 0.066959 0.010406 0.001050 0.117648
0 0 0.818343 0.071131 0.013090 0.001385 0.096051
0 0 0.887842 0.032995 0.006906 0.003913 0.068343
0 0 0.734073 0.053842 0.009433 0.003834 0.198819
0 0 0.628466 0.068487 0.009767 0.001954 0.291326
0 0 0.578024 0.083597 0.013842 0.002734 0.321803
0 0 0.632575 0.081391 0.011617 0.001463 0.272953
0 0 0.760587 0.084040 0.014780 0.001454 0.139139
0 0 0.720733 0.080247 0.018983 0.005635 0.174401
0 0 0.714034 0.068601 0.013322 0.004024 0.200018
0 0 0.709197 0.052909 0.007357 0.002003 0.228533
0 0 0.724156 0.051604 0.007604 0.002379 0.214256
0 0 0.950931 0.029354 0.013300 0.002059 0.004357
0 0 0.917703 0.043838 0.017295 0.004331 0.016832
0 0 0.805037 0.116626 0.065195 0.002238 0.010904
0 0 0.614305 0.237673 0.126347 0.001360 0.020315
0 0 0.626779 0.210799 0.126168 0.004404 0.031850
0 0 0.567719 0.229478 0.110273 0.006102 0.086428
0 0 0.548356 0.234247 0.143514 0.009326 0.064557
0 0 0.466054 0.246082 0.241257 0.013787 0.032819
0 0 0.540065 0.261159 0.149173 0.003983 0.045620
0 0 0.459756 0.321695 0.166509 0.002102 0.049938
1 0 0.327111 0.430011 0.193190 0.000632 0.049056
1 0 0.281416 0.435721 0.243680 0.000853 0.038331
1 0 0.289498 0.390732 0.288921 0.001874 0.028975
1 0 0.345069 0.346418 0.277656 0.003207 0.027649
1 0 0.326169 0.326337 0.305626 0.007551 0.034318
0 0 0.554633 0.260310 0.095911 0.002011 0.087135
0 0 0.547372 0.266654 0.053736 0.000388 0.131850
0 0 0.599324 0.193613 0.023740 0.000165 0.183158
0 0 0.705433 0.122459 0.015421 0.000303 0.156384
0 0 0.623358 0.153099 0.027718 0.000990 0.194835
0 0 0.597552 0.169447 0.033774 0.001207 0.198019
0 0 0.518934 0.239823 0.056160 0.001110 0.183973
0 0 0.453735 0.304105 0.073722 0.000732 0.167707
0 0 0.451644 0.260602 0.060022 0.000786 0.226946
0 0 0.468215 0.218219 0.049603 0.001282 0.262681
0 0 0.450791 0.208505 0.035364 0.000589 0.304751
0 0 0.556940 0.132696 0.017839 0.000627 0.291899
0 0 0.645324 0.099562 0.015263 0.001256 0.238594
0 0 0.729146 0.051561 0.007884 0.002642 0.208768
0 0 0.702316 0.059556 0.010127 0.003425 0.224578
0 0 0.566394 0.110701 0.018584 0.001464 0.302857
0 0 0.671967 0.120461 0.028198 0.003121 0.176252
0 0 0.871195 0.071382 0.023489 0.002662 0.031272
0 0 0.877621 0.068397 0.030986 0.004447 0.018549
0 0 0.906864 0.049428 0.019111 0.004370 0.020228
0 0 0.955222 0.009022 0.002731 0.014269 0.018757
0 0 0.913930 0.017241 0.003228 0.005141 0.060460
0 0 0.799969 0.044411 0.010082 0.008162 0.137376
0 0 0.693812 0.068518 0.015251 0.007016 0.215403
4 1 0.395626 0.122414 0.032077 0.005541 0.444342
1 1 0.245863 0.316926 0.136999 0.002889 0.297323
2 1 0.073213 0.377581 0.403332 0.002876 0.142997
2 2 0.031824 0.329487 0.538969 0.002209 0.097511
2 2 0.007553 0.188442 0.744966 0.004236 0.054803
2 2 0.006507 0.161480 0.798243 0.003858 0.029912
2 1 0.002393 0.103119 0.877143 0.002386 0.014960
2 2 0.004123 0.144047 0.831799 0.001891 0.018140
2 2 0.000944 0.060655 0.930899 0.001656 0.005846
2 2 0.000352 0.030249 0.963681 0.002473 0.003245
2 2 0.000819 0.039301 0.945365 0.007520 0.006995
2 2 0.000778 0.037240 0.948585 0.007374 0.006023
2 2 0.012942 0.146036 0.814774 0.010184 0.016064
2 0 0.041814 0.227638 0.701109 0.010880 0.018558
2 1 0.069349 0.380269 0.517163 0.003650 0.029570
2 2 0.028649 0.299380 0.648288 0.002352 0.021331
2 2 0.005888 0.146380 0.831053 0.002555 0.014123
2 2 0.000424 0.027350 0.966525 0.003460 0.002242
2 2 0.000056 0.007921 0.989629 0.002042 0.000352
2 2 0.000071 0.009205 0.987744 0.002470 0.000511
2 2 0.000076 0.009114 0.987707 0.002638 0.000465
2 2 0.034178 0.142369 0.801731 0.015885 0.005837
2 2 0.083142 0.187225 0.693787 0.026148 0.009698
2 2 0.304604 0.247664 0.392204 0.034324 0.021204
2 2 0.159544 0.319650 0.481645 0.014214 0.024947
2 2 0.221715 0.344790 0.405155 0.006217 0.022124
0 2 0.478525 0.266808 0.226879 0.005569 0.022219
0 2 0.531885 0.233389 0.205212 0.007883 0.021631
0 2 0.562719 0.232068 0.170568 0.006300 0.028345
1 0 0.271483 0.397103 0.274441 0.003061 0.053912
2 0 0.088392 0.413770 0.429819 0.002579 0.065439
2 1 0.015736 0.267575 0.663361 0.002351 0.050978
2 2 0.003204 0.161147 0.790608 0.001662 0.043379
2 2 0.001370 0.092267 0.886087 0.001756 0.018520
2 2 0.000374 0.034361 0.960029 0.001808 0.003427
2 2 0.000300 0.027762 0.967981 0.001802 0.002154
2 2 0.000086 0.010675 0.986408 0.002247 0.000585
2 2 0.000021 0.004413 0.993159 0.002178 0.000228
2 2 0.000018 0.003525 0.993035 0.003242 0.000179
2 2 0.000018 0.002949 0.991138 0.005716 0.000179
2 2 0.000037 0.003575 0.981257 0.014842 0.000289
2 3 0.000052 0.002835 0.932490 0.064267 0.000356
2 2 0.000147 0.004923 0.893059 0.101005 0.000866
2 2 0.000228 0.007001 0.916451 0.075249 0.001071
2 2 0.000188 0.005809 0.913729 0.079496 0.000778
2 2 0.000174 0.006483 0.947549 0.045111 0.000684
2 2 0.000147 0.005869 0.948964 0.044407 0.000614
2 2 0.000218 0.006224 0.912957 0.079815 0.000786
2 2 0.000387 0.006261 0.772099 0.219967 0.001286
2 2 0.000341 0.004848 0.672934 0.320634 0.001243
2 2 0.000395 0.004459 0.573518 0.420281 0.001347
2 3 0.000452 0.003799 0.513961 0.480918 0.000869
2 2 0.000470 0.004928 0.676138 0.317707 0.000757
3 2 0.000393 0.003185 0.458237 0.537351 0.000834
2 2 0.000379 0.004094 0.575322 0.419169 0.001036
2 2 0.000385 0.003864 0.525991 0.468655 0.001105
2 2 0.000516 0.004473 0.520549 0.473271 0.001191
3 2 0.000846 0.005351 0.479531 0.512935 0.001337
3 2 0.000637 0.004077 0.463823 0.530566 0.000896
3 2 0.000490 0.003553 0.493415 0.501848 0.000693
3 2 0.000358 0.002825 0.440076 0.556027 0.000713
3 2 0.000620 0.003464 0.389855 0.605170 0.000892
3 2 0.000921 0.003153 0.293841 0.701345 0.000740
3 2 0.001830 0.004472 0.268696 0.723919 0.001084
3 2 0.001297 0.002602 0.202433 0.793103 0.000566
3 2 0.001286 0.003738 0.293529 0.700660 0.000787
3 2 0.000694 0.002470 0.285470 0.710861 0.000505
3 2 0.000586 0.002317 0.296256 0.700361 0.000481
3 2 0.000817 0.003237 0.323740 0.671467 0.000738
3 2 0.001456 0.005168 0.343990 0.648063 0.001323
3 2 0.002137 0.007736 0.381920 0.605939 0.002268
3 2 0.001146 0.005393 0.398038 0.593896 0.001527
3 2 0.000664 0.004133 0.428705 0.565372 0.001126
3 3 0.000611 0.003983 0.434154 0.560162 0.001090
3 2 0.001298 0.004705 0.338889 0.653916 0.001192
3 2 0.002237 0.007458 0.385714 0.602801 0.001790
3 2 0.003751 0.011829 0.419323 0.561875 0.003221
3 2 0.001714 0.006938 0.406968 0.582543 0.001838
2 2 0.000972 0.006210 0.529620 0.461783 0.001415
3 3 0.001120 0.004022 0.333090 0.660859 0.000909
3 2 0.000777 0.002849 0.300373 0.695381 0.000620
2 2 0.000404 0.004045 0.516464 0.477724 0.001363
3 3 0.000442 0.003472 0.451318 0.543716 0.001052
2 3 0.000915 0.006650 0.501415 0.488674 0.002346
3 2 0.001451 0.006134 0.388126 0.602494 0.001796
3 2 0.001659 0.006972 0.400111 0.589189 0.002069
3 2 0.000991 0.004769 0.392070 0.600885 0.001286
3 3 0.000713 0.003604 0.373582 0.621164 0.000936
3 3 0.000673 0.002671 0.301619 0.694386 0.000650
3 2 0.000668 0.002484 0.283028 0.713207 0.000614
3 2 0.000940 0.003547 0.314209 0.680345 0.000959
3 2 0.000844 0.004151 0.377220 0.616597 0.001188
2 2 0.000698 0.006126 0.532393 0.458567 0.002217
3 2 0.000962 0.006567 0.486407 0.503768 0.002297
3 2 0.001445 0.007917 0.458602 0.529216 0.002820
3 2 0.002724 0.010774 0.420844 0.561654 0.004005
3 2 0.002959 0.009677 0.372830 0.611077 0.003457
3 2 0.001692 0.006578 0.371380 0.618185 0.002164
3 2 0.001357 0.004581 0.314839 0.677884 0.001340
3 2 0.000860 0.003125 0.300104 0.695135 0.000777
3 2 0.000974 0.002773 0.254963 0.740667 0.000623
3 2 0.001110 0.003918 0.316903 0.677096 0.000973
3 2 0.000702 0.004165 0.417959 0.576012 0.001161
2 2 0.000884 0.006484 0.505742 0.484762 0.002129
2 2 0.001015 0.007567 0.523352 0.465415 0.002652
3 2 0.003109 0.010986 0.408032 0.574281 0.003591
3 2 0.004245 0.010676 0.341173 0.640610 0.003296
3 2 0.004230 0.007949 0.265508 0.719951 0.002362
3 2 0.003146 0.007176 0.286994 0.700505 0.002178
3 2 0.002893 0.006452 0.273513 0.715171 0.001972
3 2 0.002183 0.009308 0.418437 0.566517 0.003554
2 2 0.011963 0.073349 0.850072 0.056779 0.007836
2 2 0.037043 0.211807 0.722933 0.011949 0.016269
2 2 0.208606 0.295039 0.461778 0.013278 0.021299
0 0 0.356921 0.338487 0.263863 0.004406 0.036323
1 0 0.174958 0.434925 0.335214 0.002575 0.052328
2 1 0.040491 0.363652 0.564741 0.001725 0.029391
2 1 0.021870 0.283145 0.623948 0.003362 0.067675
2 1 0.002497 0.131883 0.838547 0.001571 0.025502
2 2 0.000394 0.044102 0.946146 0.001633 0.007725
2 2 0.000171 0.023451 0.971163 0.001931 0.003284
2 2 0.000257 0.027720 0.965001 0.002646 0.004375
2 2 0.000591 0.053754 0.931080 0.002308 0.012267
2 2 0.000603 0.060426 0.917498 0.002291 0.019182
2 2 0.002323 0.132347 0.793724 0.002678 0.068928
2 4 0.008551 0.199740 0.548677 0.002401 0.240632
2 4 0.013658 0.223035 0.449691 0.001990 0.311627
2 4 0.011199 0.224416 0.491192 0.001572 0.271621
2 4 0.012624 0.239828 0.480001 0.001289 0.266258
2 4 0.007257 0.227379 0.583227 0.000829 0.181308
2 4 0.007944 0.221870 0.558437 0.001074 0.210675
2 4 0.009349 0.218596 0.514632 0.001374 0.256049
2 4 0.011019 0.228324 0.489397 0.001334 0.269927
2 4 0.011437 0.238983 0.495552 0.001143 0.252884
2 4 0.009744 0.232626 0.534983 0.001163 0.221485
2 4 0.004793 0.193269 0.678064 0.001226 0.122647
2 4 0.004253 0.179334 0.693477 0.001553 0.121382
2 4 0.004647 0.183784 0.676784 0.001574 0.133210
2 4 0.013921 0.237985 0.489541 0.001857 0.256697
2 4 0.028703 0.287275 0.363306 0.001209 0.319508
4 4 0.034500 0.289483 0.322717 0.001179 0.352121
2 4 0.008010 0.206987 0.550792 0.001640 0.232571
2 4 0.008105 0.219346 0.565743 0.001266 0.205540
2 4 0.007892 0.229074 0.618645 0.001144 0.143244
2 4 0.012538 0.264479 0.542427 0.000996 0.179560
2 4 0.012934 0.293621 0.570404 0.000608 0.122434
2 4 0.009291 0.259229 0.624615 0.000762 0.106104
2 4 0.011451 0.274603 0.600093 0.000798 0.113056
2 4 0.005469 0.211050 0.707609 0.000996 0.074877
2 2 0.005298 0.196424 0.729010 0.001544 0.067724
2 2 0.005703 0.211561 0.717288 0.001090 0.064357
2 2 0.005650 0.214168 0.720509 0.000972 0.058702
2 2 0.003340 0.166831 0.792730 0.001129 0.035969
2 2 0.001954 0.120560 0.853747 0.001320 0.022419
2 2 0.001443 0.105673 0.874668 0.001069 0.017146
2 2 0.000681 0.059321 0.930972 0.001341 0.007684
2 2 0.000667 0.054643 0.938040 0.001276 0.005375
2 2 0.000447 0.040320 0.953870 0.001503 0.003859
2 2 0.000282 0.027844 0.968468 0.001464 0.001942
2 2 0.020700 0.172513 0.790297 0.007012 0.009478
2 2 0.307042 0.212217 0.457073 0.018712 0.004956
0 2 0.616184 0.099405 0.226284 0.055227 0.002899
0 2 0.842725 0.051589 0.088758 0.015900 0.001028
0 2 0.727825 0.101197 0.147129 0.019806 0.004042
2 2 0.272740 0.324827 0.383453 0.004671 0.014310
1 2 0.100546 0.495443 0.379658 0.000461 0.023892
1 2 0.294646 0.469077 0.136803 0.000278 0.099196
1 2 0.049033 0.400363 0.397509 0.000696 0.152399
1 2 0.048761 0.425400 0.397912 0.000445 0.127481
2 2 0.032296 0.376128 0.458300 0.000593 0.132683
1 2 0.125867 0.458649 0.290587 0.000872 0.124026
2 2 0.246874 0.329361 0.365311 0.014506 0.043948
1 2 0.170378 0.451535 0.354948 0.000845 0.022294
1 0 0.212541 0.524721 0.202017 0.000251 0.060470
1 1 0.119388 0.515247 0.305911 0.000350 0.059105
1 1 0.239360 0.482720 0.195299 0.000553 0.082068
1 2 0.199125 0.478492 0.260663 0.000916 0.060805
1 2 0.296624 0.358143 0.308268 0.004284 0.032681
0 2 0.482419 0.272865 0.202958 0.006255 0.035504
2 2 0.233601 0.353862 0.377095 0.006377 0.029064
0 2 0.446259 0.223488 0.297697 0.018155 0.014401
0 2 0.510386 0.176555 0.281801 0.023468 0.007791
2 2 0.333539 0.250945 0.397263 0.010265 0.007988
1 0 0.207214 0.420933 0.363707 0.000390 0.007757
1 1 0.154160 0.588564 0.240280 0.000038 0.016959
1 1 0.249342 0.436975 0.165654 0.000713 0.147315
1 1 0.093309 0.429630 0.379058 0.001630 0.096372
2 1 0.018956 0.279195 0.649287 0.002659 0.049903
2 2 0.006030 0.178064 0.782623 0.002374 0.030910
2 2 0.001406 0.098137 0.888018 0.000957 0.011483
2 2 0.000546 0.051971 0.942063 0.000941 0.004478
2 2 0.001285 0.071858 0.919781 0.001422 0.005654
2 2 0.000905 0.062074 0.931567 0.001092 0.004362
2 2 0.000626 0.040477 0.955610 0.001372 0.001915
2 2 0.009162 0.102792 0.877501 0.006505 0.004040
2 2 0.066224 0.189181 0.731911 0.008399 0.004285
0 2 0.404084 0.163546 0.392362 0.036082 0.003927
0 2 0.464674 0.134651 0.348900 0.048756 0.003020
0 2 0.598549 0.151124 0.227172 0.017510 0.005645
0 2 0.640621 0.124196 0.213531 0.018430 0.003223
0 2 0.615851 0.139750 0.216662 0.022093 0.005643
2 2 0.028518 0.323387 0.523869 0.001812 0.122415
2 2 0.004157 0.107902 0.864011 0.005814 0.018116
2 2 0.005089 0.103201 0.875281 0.005948 0.010481
2 2 0.010054 0.206820 0.754300 0.002581 0.026244
2 2 0.011760 0.222594 0.662760 0.004359 0.098527
2 2 0.000497 0.050606 0.939520 0.001474 0.007902
2 2 0.000541 0.042103 0.949638 0.002352 0.005366
2 2 0.026656 0.162470 0.788654 0.012634 0.009586
2 2 0.173608 0.211302 0.581123 0.025811 0.008157
0 2 0.565355 0.138538 0.252468 0.037849 0.005789
0 2 0.416822 0.192153 0.367994 0.018152 0.004879
2 2 0.090785 0.353455 0.548044 0.001376 0.006340
1 2 0.059889 0.492187 0.436508 0.000180 0.011235
1 2 0.087856 0.464662 0.408277 0.000829 0.038376
2 2 0.040730 0.404861 0.494438 0.000691 0.059280
2 2 0.011815 0.263321 0.698393 0.001174 0.025297
2 2 0.005742 0.205634 0.769527 0.000787 0.018311
2 2 0.001822 0.086200 0.900889 0.001952 0.009137
2 2 0.000923 0.058378 0.933815 0.001662 0.005224
2 2 0.000743 0.051944 0.942348 0.001305 0.003660
2 2 0.000319 0.031554 0.963987 0.001502 0.002637
2 2 0.000247 0.028049 0.967943 0.001381 0.002380
2 2 0.000264 0.026447 0.969434 0.001723 0.002131
2 2 0.000525 0.036934 0.957636 0.002054 0.002852
2 2 0.000893 0.058623 0.933987 0.001493 0.005004
2 2 0.000344 0.032345 0.964143 0.001194 0.001974
2 2 0.000142 0.018551 0.979583 0.000924 0.000799
2 2 0.000166 0.018904 0.978997 0.001128 0.000805
2 2 0.000085 0.010744 0.987024 0.001695 0.000452
2 2 0.000124 0.012001 0.984173 0.003030 0.000673
0 2 0.647355 0.069979 0.197139 0.083977 0.001550
0 2 0.792602 0.048772 0.126866 0.031206 0.000555
0 2 0.923908 0.033088 0.038347 0.004013 0.000645
0 2 0.825325 0.101350 0.070743 0.000633 0.001949
0 0 0.655062 0.225895 0.110414 0.000353 0.008276
0 0 0.555354 0.292418 0.099958 0.000674 0.051596
1 0 0.307102 0.472415 0.158017 0.000254 0.062213
1 0 0.271038 0.491367 0.151831 0.000246 0.085519
1 1 0.090667 0.515873 0.358225 0.000268 0.034966
2 1 0.029036 0.389886 0.553525 0.000430 0.027123
2 1 0.009186 0.266604 0.701720 0.000551 0.021939
2 2 0.004598 0.198570 0.775259 0.000706 0.020867
2 2 0.001375 0.080172 0.911542 0.001084 0.005828
2 2 0.001641 0.085955 0.905238 0.001147 0.006019
2 2 0.000464 0.046975 0.949553 0.000597 0.002411
2 2 0.003190 0.085213 0.906046 0.002126 0.003424
2 2 0.050863 0.209065 0.727804 0.006249 0.006019
2 2 0.162636 0.315542 0.488925 0.012491 0.020406
2 0 0.061860 0.396053 0.530788 0.000945 0.010354
1 1 0.118064 0.509232 0.341562 0.000447 0.030695
2 2 0.054672 0.422239 0.458321 0.000858 0.063910
2 2 0.017439 0.309013 0.560946 0.000865 0.111736
2 2 0.006140 0.215131 0.694021 0.001148 0.083561
2 2 0.005681 0.206968 0.717319 0.001265 0.068767
2 2 0.001084 0.081950 0.901954 0.001427 0.013585
2 2 0.000482 0.051089 0.941720 0.001012 0.005697
2 2 0.000243 0.031263 0.964948 0.000968 0.002578
2 2 0.000084 0.015315 0.981820 0.001329 0.001452
2 2 0.000069 0.011628 0.985136 0.002055 0.001111
2 2 0.000133 0.019322 0.976370 0.001867 0.002307
2 2 0.000063 0.011213 0.986465 0.001467 0.000792
2 2 0.001623 0.059554 0.932953 0.002577 0.003293
2 2 0.005541 0.107441 0.872062 0.005406 0.009550
2 2 0.004467 0.128803 0.854629 0.002000 0.010100
2 1 0.007085 0.191844 0.783692 0.001314 0.016066
2 1 0.001675 0.107836 0.870682 0.001346 0.018461
2 2 0.000941 0.072289 0.916118 0.001303 0.009348
2 1 0.003282 0.119600 0.857933 0.002495 0.016690
2 2 0.006903 0.187895 0.785196 0.001544 0.018462
2 2 0.005057 0.117688 0.863921 0.003409 0.009924
2 2 0.049607 0.196544 0.724423 0.016859 0.012567
2 2 0.118959 0.240132 0.605493 0.021176 0.014239
2 2 0.122836 0.340305 0.518996 0.004682 0.013181
2 2 0.206224 0.268097 0.512534 0.007504 0.005641
2 2 0.214574 0.307497 0.442725 0.013738 0.021465
2 2 0.096833 0.422603 0.445555 0.002513 0.032497
1 1 0.190208 0.533309 0.224430 0.000249 0.051805
1 1 0.172414 0.423379 0.166776 0.000414 0.237018
1 1 0.138004 0.419567 0.214043 0.000679 0.227707
2 2 0.037188 0.368277 0.474434 0.001071 0.119029
2 2 0.019047 0.313320 0.590872 0.001064 0.075697
2 2 0.009146 0.227114 0.722410 0.002022 0.039308
2 2 0.024953 0.311817 0.608361 0.002151 0.052719
2 2 0.042016 0.383588 0.527056 0.001227 0.046112
2 1 0.050012 0.411131 0.471328 0.000915 0.066614
2 2 0.036620 0.387450 0.528234 0.000824 0.046871
2 2 0.026881 0.346380 0.528995 0.000977 0.096768
2 2 0.009074 0.242479 0.656986 0.001244 0.090217
2 2 0.011368 0.231958 0.621710 0.002678 0.132287
2 2 0.013810 0.270941 0.614179 0.001467 0.099603
2 2 0.000761 0.071421 0.915801 0.001102 0.010916
2 2 0.001799 0.070060 0.921179 0.002287 0.004674
2 2 0.031643 0.186143 0.756801 0.012520 0.012893
2 2 0.246811 0.320756 0.371354 0.017342 0.043738
1 1 0.357313 0.392377 0.204786 0.001148 0.044376
1 1 0.248367 0.488586 0.183253 0.000412 0.079381
1 1 0.079474 0.461427 0.361418 0.000577 0.097104
2 1 0.012753 0.277979 0.678117 0.000974 0.030177
2 1 0.005913 0.205592 0.758199 0.001219 0.029077
2 2 0.000622 0.050962 0.943035 0.001181 0.004201
2 2 0.001669 0.082720 0.906404 0.001665 0.007542
2 2 0.009885 0.211964 0.751174 0.002166 0.024810
2 2 0.017692 0.253166 0.712044 0.001739 0.015359
1 2 0.202795 0.381399 0.375480 0.004968 0.035358
2 2 0.150122 0.328101 0.478326 0.014223 0.029229
2 0 0.097715 0.372356 0.500532 0.004865 0.024532
1 0 0.233083 0.483712 0.244274 0.000440 0.038491
1 1 0.251528 0.479897 0.181668 0.000493 0.086414
1 1 0.226314 0.521176 0.187175 0.000231 0.065104
1 1 0.199209 0.523831 0.219760 0.000297 0.056903
1 0 0.268462 0.413941 0.218430 0.002370 0.096797
1 0 0.315974 0.318121 0.239185 0.016000 0.110720
0 0 0.587461 0.135609 0.055652 0.020680 0.200598
0 1 0.519033 0.141287 0.017300 0.000410 0.321970
4 1 0.422604 0.087050 0.010049 0.000719 0.479578
4 0 0.344417 0.172596 0.042774 0.002551 0.437662
4 0 0.355403 0.102884 0.028574 0.004396 0.508744
0 0 0.474824 0.090936 0.021169 0.004203 0.408869
4 0 0.314440 0.216593 0.094184 0.007432 0.367350
0 0 0.465323 0.218257 0.087361 0.008631 0.220428
0 0 0.756566 0.041614 0.005113 0.001501 0.195206
0 0 0.788466 0.034806 0.003971 0.001263 0.171494
0 0 0.835956 0.024492 0.002325 0.000795 0.136431
0 0 0.768068 0.032737 0.002805 0.000572 0.195818
0 0 0.844734 0.034900 0.004940 0.001690 0.113736
0 0 0.843310 0.062037 0.013005 0.002095 0.079553
0 0 0.847142 0.068406 0.022931 0.006154 0.055367
0 0 0.919848 0.016702 0.004146 0.010945 0.048359
0 0 0.940686 0.009340 0.000995 0.001122 0.047856
0 0 0.947556 0.007818 0.000748 0.000837 0.043040
0 0 0.919386 0.013513 0.001624 0.001558 0.063920
0 0 0.903650 0.026176 0.004662 0.002674 0.062838
0 0 0.891329 0.039248 0.009998 0.004756 0.054669
0 0 0.624194 0.205880 0.042945 0.000646 0.126335
0 1 0.586620 0.190045 0.030780 0.000474 0.192082
0 1 0.486738 0.193763 0.025469 0.000322 0.293707
1 0 0.276182 0.469089 0.141364 0.000284 0.113082
1 1 0.268758 0.448979 0.126703 0.000248 0.155311
1 1 0.179193 0.521840 0.200898 0.000197 0.097872
1 1 0.051959 0.444923 0.437616 0.000456 0.065046
2 1 0.054839 0.439025 0.443620 0.000590 0.061926
2 2 0.022438 0.354932 0.593975 0.000532 0.028123
2 2 0.011184 0.275979 0.687732 0.000710 0.024395
2 2 0.008568 0.245473 0.715439 0.000924 0.029595
2 2 0.006540 0.184104 0.784736 0.001837 0.022783
2 2 0.002867 0.126147 0.855411 0.001413 0.014163
2 2 0.003749 0.102741 0.883050 0.002799 0.007661
2 2 0.028049 0.148836 0.786040 0.023799 0.013277
2 2 0.013869 0.154838 0.814242 0.006379 0.010671
2 2 0.034992 0.297045 0.647475 0.002813 0.017675
2 2 0.001066 0.073422 0.915326 0.001425 0.008761
2 2 0.003831 0.098924 0.880566 0.004884 0.011794
2 2 0.008502 0.110890 0.829601 0.023250 0.027757
2 2 0.012909 0.166840 0.758947 0.014409 0.046894
2 2 0.007657 0.185036 0.762027 0.003796 0.041483
2 2 0.029276 0.314434 0.570814 0.002815 0.082661
2 2 0.010221 0.155875 0.808032 0.006400 0.019472
2 2 0.113706 0.227753 0.607298 0.032563 0.018680
2 2 0.174380 0.308951 0.468275 0.019721 0.028673
2 0 0.084172 0.405732 0.498468 0.000936 0.010692
1 1 0.164819 0.580326 0.222863 0.000075 0.031917
1 1 0.385466 0.400438 0.075684 0.000144 0.138269
0 1 0.383641 0.262105 0.040046 0.000185 0.314024
0 0 0.386853 0.295180 0.047371 0.000173 0.270423
0 1 0.337023 0.326463 0.065507 0.000251 0.270756
0 1 0.406721 0.271487 0.046092 0.000294 0.275406
1 1 0.264623 0.389173 0.107557 0.000341 0.238308
1 1 0.116515 0.425633 0.238814 0.000623 0.218415
2 1 0.046464 0.354214 0.393960 0.001372 0.203990
2 2 0.019348 0.315425 0.556131 0.000950 0.108145
2 2 0.007217 0.231246 0.690950 0.001027 0.069560
2 2 0.007677 0.224151 0.688298 0.001498 0.078377
2 2 0.006560 0.221511 0.713093 0.001107 0.057730
2 2 0.004510 0.195970 0.756776 0.001004 0.041741
2 2 0.003085 0.149526 0.817550 0.001435 0.028403
2 2 0.001441 0.099135 0.880477 0.001389 0.017558
2 2 0.003516 0.082236 0.896878 0.007352 0.010018
2 2 0.090495 0.180717 0.693016 0.027463 0.008308
0 0 0.373095 0.175966 0.365209 0.074244 0.011486
2 1 0.233877 0.284598 0.465022 0.007847 0.008657
0 1 0.667179 0.185086 0.084688 0.004659 0.058389
0 2 0.542974 0.202183 0.181849 0.027469 0.045526
2 2 0.320121 0.315488 0.320711 0.010073 0.033607
0 0 0.505367 0.301672 0.120399 0.001563 0.070999
0 0 0.571713 0.213618 0.054828 0.001594 0.158248
4 0 0.312407 0.200342 0.044409 0.000971 0.441872
1 1 0.258204 0.358619 0.102304 0.000455 0.280419
1 1 0.084734 0.383050 0.239117 0.000586 0.292512
2 1 0.039409 0.353235 0.356900 0.000658 0.249797
2 1 0.021339 0.300219 0.449468 0.000913 0.228062
2 1 0.024159 0.282797 0.377852 0.000998 0.314194
2 1 0.021284 0.261889 0.371491 0.001109 0.344226
4 4 0.024422 0.265166 0.335751 0.000996 0.373665
4 4 0.029842 0.272335 0.286613 0.000765 0.410445
4 4 0.034539 0.231205 0.218243 0.001068 0.514946
4 4 0.044325 0.126586 0.080811 0.001508 0.746768
4 4 0.049219 0.089425 0.045615 0.001594 0.814146
4 4 0.063396 0.081669 0.030791 0.000968 0.823176
4 4 0.091533 0.076466 0.021307 0.000681 0.810013
4 4 0.171005 0.088753 0.017117 0.000688 0.722437
4 4 0.093965 0.084066 0.023258 0.000755 0.797956
4 4 0.129702 0.092557 0.023240 0.000939 0.753563
4 4 0.099141 0.108285 0.031484 0.000637 0.760453
4 4 0.112611 0.071542 0.013512 0.000342 0.801993
4 4 0.077722 0.069631 0.016800 0.000388 0.835459
4 4 0.055049 0.066357 0.019585 0.000407 0.858601
4 4 0.047125 0.068029 0.023624 0.000509 0.860712
4 4 0.066952 0.059146 0.012587 0.000219 0.861096
4 4 0.149063 0.069737 0.010308 0.000265 0.770626
4 4 0.094592 0.084356 0.023341 0.000763 0.796947
4 4 0.073485 0.070119 0.017866 0.000415 0.838116
4 4 0.059791 0.073650 0.023802 0.000593 0.842163
4 4 0.069877 0.082899 0.028324 0.000874 0.818026
4 4 0.060304 0.078737 0.027972 0.000782 0.832205
4 4 0.049403 0.073732 0.027837 0.000690 0.848338
4 4 0.092615 0.084938 0.024142 0.000797 0.797509
4 4 0.072225 0.082123 0.026942 0.000819 0.817890
4 4 0.093723 0.103643 0.038795 0.001701 0.762138
4 4 0.104338 0.079615 0.018713 0.000561 0.796774
4 4 0.067192 0.076012 0.023477 0.000621 0.832697
4 4 0.085603 0.083223 0.024376 0.000770 0.806028
4 4 0.088878 0.103214 0.032010 0.000695 0.775204
4 4 0.101639 0.100676 0.032011 0.001134 0.764541
4 4 0.064626 0.084481 0.031627 0.001004 0.818263
4 0 0.064352 0.075542 0.023922 0.000625 0.835559
4 4 0.081703 0.086090 0.027545 0.000919 0.803743
4 4 0.098470 0.287042 0.144237 0.000741 0.469509
4 4 0.039983 0.211014 0.173735 0.001103 0.574165
4 4 0.056568 0.167427 0.102344 0.001314 0.672348
4 4 0.050251 0.124811 0.073598 0.001545 0.749795
4 4 0.063323 0.102492 0.052835 0.002395 0.778955
4 4 0.067089 0.090884 0.036974 0.001340 0.803712
4 4 0.080113 0.080718 0.023769 0.000707 0.814693
4 4 0.101699 0.065490 0.011713 0.000252 0.820846
4 4 0.096033 0.050495 0.006430 0.000090 0.846951
4 4 0.064149 0.057584 0.012184 0.000203 0.865881
4 4 0.121113 0.073908 0.013878 0.000376 0.790725
4 4 0.082349 0.079935 0.022696 0.000666 0.814354
4 4 0.032172 0.091289 0.068644 0.002531 0.805363
4 4 0.027727 0.078230 0.052131 0.001443 0.840469
4 4 0.040478 0.069467 0.028177 0.000628 0.861250
4 4 0.050842 0.081689 0.035247 0.001045 0.831177
4 4 0.086506 0.093025 0.032075 0.001235 0.787160
4 4 0.095825 0.093973 0.030394 0.001204 0.778604
4 4 0.123275 0.101066 0.030209 0.001417 0.744033
4 4 0.087146 0.080279 0.021952 0.000652 0.809971
4 4 0.132230 0.111042 0.027015 0.000600 0.729113
4 4 0.082050 0.069612 0.016092 0.000373 0.831872
4 4 0.126393 0.063384 0.009458 0.000208 0.800558
4 4 0.113339 0.061760 0.009703 0.000202 0.814996
4 4 0.127828 0.064305 0.009426 0.000205 0.798237
4 4 0.184473 0.073855 0.010236 0.000308 0.731128
4 4 0.145601 0.067475 0.009658 0.000234 0.777033
4 4 0.095863 0.095897 0.031999 0.001315 0.774926
4 4 0.097319 0.093650 0.029769 0.001174 0.778087
4 4 0.115573 0.101736 0.032257 0.001515 0.748918
4 4 0.111343 0.099689 0.031498 0.001417 0.756054
4 4 0.112172 0.173285 0.065169 0.000950 0.648424
4 4 0.084248 0.082961 0.024487 0.000768 0.807537
4 4 0.048694 0.176169 0.120264 0.001263 0.653610
4 4 0.050424 0.181919 0.114848 0.000939 0.651869
4 4 0.057215 0.102321 0.046703 0.001130 0.792630
4 4 0.059757 0.114124 0.055588 0.001319 0.769212
4 4 0.050420 0.083739 0.037798 0.001172 0.826871
4 4 0.056316 0.084998 0.035889 0.001145 0.821652
4 4 0.099134 0.090269 0.026726 0.000990 0.782882
4 4 0.167269 0.133116 0.029552 0.000512 0.669552
4 4 0.140032 0.175217 0.051054 0.000569 0.633129
4 4 0.120965 0.256019 0.095038 0.000472 0.527506
4 4 0.035239 0.277384 0.261253 0.000726 0.425398
4 4 0.035781 0.218121 0.191299 0.000995 0.553803
4 4 0.034270 0.219510 0.197110 0.000966 0.548144
4 4 0.044694 0.251456 0.201270 0.000882 0.501698
2 4 0.011761 0.236538 0.469088 0.001086 0.281526
2 4 0.007226 0.206678 0.554887 0.001304 0.229905
2 4 0.009405 0.212990 0.521527 0.001721 0.254357
2 4 0.009111 0.210913 0.520352 0.001677 0.257948
2 4 0.008561 0.227016 0.649955 0.001665 0.112803
2 4 0.027969 0.315774 0.494414 0.001739 0.160104
2 4 0.050353 0.354391 0.472106 0.002894 0.120256
1 0 0.142404 0.443975 0.250398 0.000875 0.162347
1 1 0.264327 0.437331 0.128155 0.000303 0.169884
4 1 0.129032 0.327872 0.128000 0.000386 0.414710
4 1 0.080080 0.351252 0.206154 0.000505 0.362009
1 1 0.068018 0.370353 0.235482 0.000400 0.325747
4 1 0.067084 0.346209 0.220657 0.000465 0.365585
1 1 0.057822 0.346739 0.249834 0.000513 0.345092
4 1 0.086082 0.324618 0.187758 0.000694 0.400848
1 1 0.096916 0.375369 0.194891 0.000423 0.332401
1 1 0.070544 0.382055 0.256738 0.000497 0.290167
1 1 0.043743 0.374037 0.342282 0.000504 0.239434
4 2 0.044705 0.326658 0.286305 0.000665 0.341667
2 2 0.027877 0.328770 0.422282 0.000797 0.220274
2 2 0.028582 0.348415 0.464581 0.000779 0.157642
2 2 0.022205 0.332442 0.518039 0.000780 0.126533
2 2 0.024007 0.341068 0.520373 0.000798 0.113754
2 2 0.005880 0.208012 0.697490 0.001309 0.087309
2 2 0.008222 0.224544 0.664444 0.001685 0.101105
2 2 0.002652 0.148858 0.800219 0.001358 0.046913
2 2 0.003574 0.165903 0.776994 0.001469 0.052060
2 2 0.007168 0.203220 0.741367 0.002515 0.045730
2 2 0.005633 0.193136 0.765581 0.001654 0.033996
2 2 0.009381 0.216891 0.744555 0.001956 0.027218
2 2 0.001856 0.114511 0.850079 0.001993 0.031560
2 2 0.000836 0.075053 0.900778 0.001922 0.021412
2 2 0.000920 0.078274 0.890632 0.002395 0.027779
2 2 0.001880 0.127986 0.806217 0.001777 0.062140
2 2 0.000602 0.065551 0.907925 0.002038 0.023883
2 2 0.000295 0.043125 0.943380 0.001579 0.011622
2 2 0.000143 0.031238 0.960368 0.001021 0.007230
2 2 0.000119 0.026522 0.966223 0.001163 0.005972
2 2 0.000156 0.031399 0.960226 0.001141 0.007078
2 2 0.000171 0.033437 0.957942 0.001090 0.007360
2 2 0.000209 0.036044 0.956288 0.001028 0.006431
2 2 0.000208 0.034418 0.958238 0.001132 0.006003
2 2 0.000106 0.020700 0.975305 0.001167 0.002722
2 2 0.000024 0.007590 0.990971 0.000870 0.000545
2 2 0.000045 0.010690 0.986371 0.001591 0.001303
2 2 0.000072 0.014060 0.983507 0.001181 0.001180
2 2 0.000287 0.031394 0.964671 0.001199 0.002449
2 2 0.003976 0.112967 0.875322 0.001729 0.006007
2 2 0.004620 0.119502 0.865463 0.002320 0.008094
2 1 0.017287 0.180911 0.781846 0.006124 0.013833
2 1 0.016287 0.174810 0.793926 0.004860 0.010116
2 1 0.082075 0.190488 0.690907 0.026111 0.010419
2 1 0.047173 0.234643 0.689071 0.011566 0.017547
2 2 0.009448 0.204867 0.767289 0.001659 0.016737
2 2 0.007416 0.187177 0.795619 0.000929 0.008858
2 2 0.000395 0.039503 0.954546 0.001407 0.004149
2 2 0.000143 0.022439 0.973610 0.001315 0.002493
2 2 0.000336 0.040660 0.953613 0.001018 0.004373
2 2 0.001134 0.070039 0.918395 0.001845 0.008587
2 2 0.000189 0.026294 0.969914 0.001154 0.002448
2 2 0.000128 0.016881 0.979443 0.001994 0.001554
2 2 0.000118 0.019960 0.977274 0.001003 0.001646
2 2 0.000062 0.012755 0.985037 0.001137 0.001008
2 2 0.000049 0.010681 0.987144 0.001265 0.000862
2 2 0.000025 0.005700 0.992099 0.001806 0.000370
2 2 0.000026 0.006210 0.991938 0.001447 0.000380
2 2 0.000030 0.007071 0.991347 0.001169 0.000383
2 2 0.000038 0.008443 0.990061 0.001032 0.000425
2 2 0.000052 0.010314 0.988053 0.001036 0.000544
2 1 0.000046 0.010091 0.988050 0.001121 0.000692
2 2 0.000044 0.009491 0.988875 0.001049 0.000541
2 2 0.000071 0.014742 0.982911 0.001026 0.001250
2 2 0.000047 0.009752 0.988075 0.001391 0.000735
2 2 0.000051 0.009437 0.988070 0.001732 0.000711
2 2 0.000069 0.011138 0.985611 0.002181 0.001000
2 2 0.000116 0.016386 0.980232 0.001794 0.001472
2 2 0.000088 0.011990 0.983948 0.002815 0.001160
2 2 0.000094 0.012007 0.984064 0.002816 0.001018
2 2 0.000085 0.009613 0.984741 0.004671 0.000891
2 2 0.000132 0.011929 0.981174 0.005600 0.001165
2 2 0.000212 0.021194 0.972979 0.003096 0.002519
2 2 0.000239 0.023130 0.970065 0.003394 0.003172
2 2 0.000238 0.022500 0.970616 0.003597 0.003049
2 2 0.000337 0.023310 0.966223 0.006509 0.003621
2 2 0.000338 0.027756 0.962907 0.004347 0.004652
2 2 0.000130 0.014874 0.979077 0.003970 0.001948
2 2 0.000124 0.014347 0.979156 0.004343 0.002029
2 2 0.000418 0.013621 0.940607 0.042854 0.002500
2 2 0.000237 0.013166 0.970714 0.014199 0.001685
2 2 0.000282 0.016789 0.971549 0.009356 0.002024
2 2 0.000235 0.018131 0.972835 0.006327 0.002471
2 2 0.000124 0.013669 0.979365 0.004906 0.001937
2 2 0.000111 0.014107 0.979249 0.004256 0.002278
2 2 0.000050 0.010026 0.986759 0.002053 0.001111
2 2 0.000105 0.017407 0.979097 0.001522 0.001869
2 2 0.000226 0.027225 0.967855 0.001649 0.003046
2 2 0.000231 0.025019 0.969934 0.002102 0.002714
2 2 0.000228 0.022192 0.972760 0.002621 0.002198
2 2 0.000057 0.007358 0.986896 0.004993 0.000697
2 2 0.000051 0.007963 0.987607 0.003583 0.000796
2 2 0.000084 0.008427 0.983160 0.007421 0.000908
2 2 0.000137 0.011319 0.980440 0.006974 0.001130
2 2 0.000136 0.013296 0.982003 0.003543 0.001022
2 2 0.000074 0.008734 0.987132 0.003489 0.000571
2 2 0.000095 0.012290 0.984167 0.002484 0.000964
2 2 0.000149 0.013360 0.981000 0.004377 0.001115
2 2 0.000165 0.013890 0.980201 0.004610 0.001134
2 2 0.000179 0.013070 0.979111 0.006510 0.001130
2 2 0.000102 0.009273 0.984624 0.005354 0.000647
2 2 0.000126 0.007243 0.976491 0.015589 0.000551
2 2 0.000148 0.008067 0.971969 0.019026 0.000789
2 2 0.000241 0.010094 0.961638 0.026840 0.001186
2 2 0.000251 0.010593 0.960331 0.027462 0.001363
2 2 0.000210 0.011473 0.971523 0.015454 0.001340
2 2 0.000157 0.007219 0.958397 0.033348 0.000879
2 2 0.000137 0.005860 0.945492 0.047752 0.000761
2 2 0.000284 0.008748 0.928601 0.061034 0.001332
2 2 0.000159 0.007606 0.965537 0.025913 0.000785
2 2 0.000178 0.007752 0.965353 0.026024 0.000693
2 2 0.000376 0.011637 0.949423 0.037201 0.001363
2 2 0.000508 0.011901 0.925380 0.060645 0.001567
2 2 0.000395 0.007131 0.833390 0.157898 0.001186
2 2 0.000331 0.009970 0.944492 0.044067 0.001141
2 2 0.000142 0.005170 0.932807 0.061293 0.000588
2 2 0.000161 0.005855 0.943322 0.050068 0.000593
2 2 0.000224 0.007049 0.936375 0.055578 0.000773
2 2 0.000275 0.006654 0.892985 0.099190 0.000896
2 2 0.000261 0.006088 0.865244 0.127426 0.000981
2 2 0.000270 0.006043 0.868177 0.124642 0.000869
2 2 0.000287 0.005523 0.823967 0.169365 0.000859
2 2 0.000712 0.006770 0.637013 0.353950 0.001555
2 2 0.000650 0.010301 0.811868 0.174750 0.002431
2 2 0.000686 0.012278 0.849342 0.134702 0.002992
2 2 0.000467 0.009586 0.843019 0.144439 0.002488
2 2 0.000669 0.011021 0.811897 0.173425 0.002987
2 2 0.001283 0.010984 0.643921 0.340517 0.003294
2 2 0.001953 0.013127 0.614520 0.366512 0.003889
2 2 0.002542 0.019724 0.737898 0.235234 0.004603
3 2 0.002118 0.008859 0.454291 0.532449 0.002283
2 2 0.001551 0.014573 0.780436 0.200929 0.002511
2 2 0.001318 0.019315 0.905861 0.071166 0.002340
2 2 0.000824 0.013425 0.891865 0.092086 0.001801
2 2 0.000955 0.015474 0.895146 0.086201 0.002225
2 2 0.001371 0.017274 0.826470 0.150939 0.003946
2 2 0.000582 0.011596 0.894463 0.091488 0.001871
2 2 0.000503 0.011312 0.909859 0.076573 0.001754
2 2 0.000414 0.011746 0.942338 0.044045 0.001457
2 0 0.009533 0.191965 0.779590 0.002193 0.016719
2 1 0.093956 0.281335 0.588341 0.011538 0.024831
2 2 0.053653 0.192860 0.730201 0.014121 0.009164
2 2 0.057248 0.172251 0.749349 0.015003 0.006148
2 2 0.212821 0.245136 0.509280 0.021335 0.011428
2 2 0.107451 0.362081 0.502324 0.005533 0.022612
2 2 0.054906 0.386928 0.532365 0.001875 0.023926
2 2 0.045167 0.391059 0.500502 0.001190 0.062083
2 2 0.016050 0.289122 0.645044 0.001351 0.048434
2 2 0.010135 0.193159 0.764587 0.003691 0.028427
2 2 0.006695 0.178188 0.783520 0.002657 0.028941
2 2 0.011857 0.262962 0.685869 0.001296 0.038016
2 2 0.003278 0.137396 0.832690 0.001871 0.024764
2 2 0.003217 0.110967 0.843743 0.005708 0.036365
2 2 0.001194 0.067786 0.913814 0.003434 0.013772
2 2 0.003036 0.121304 0.836581 0.003896 0.035183
2 2 0.005788 0.192532 0.716980 0.002202 0.082498
2 2 0.001502 0.116276 0.815680 0.001954 0.064588
2 2 0.001574 0.123143 0.813185 0.001713 0.060386
2 2 0.002906 0.157188 0.737189 0.001559 0.101158
2 2 0.002957 0.154996 0.739345 0.001795 0.100908
2 2 0.006207 0.193648 0.631500 0.001974 0.166672
2 2 0.008427 0.218571 0.593958 0.001651 0.177393
2 2 0.012555 0.260677 0.557595 0.001191 0.167982
2 2 0.028648 0.324052 0.561003 0.002080 0.084218
0 2 0.421073 0.293487 0.255678 0.005400 0.024362
0 2 0.656112 0.147364 0.175393 0.013257 0.007874
0 2 0.349787 0.296842 0.332508 0.005827 0.015035
2 2 0.036972 0.423375 0.532757 0.000242 0.006654
1 2 0.073536 0.534697 0.378455 0.000109 0.013204
2 2 0.003624 0.164018 0.746884 0.002081 0.083393
2 2 0.004895 0.178271 0.680536 0.002220 0.134079
2 2 0.004331 0.177705 0.675826 0.001635 0.140503
2 2 0.012276 0.231241 0.489288 0.001618 0.265576
4 2 0.028977 0.267987 0.316740 0.001153 0.385144
1 2 0.061811 0.400786 0.389954 0.001139 0.146311
1 2 0.172843 0.402644 0.247336 0.002544 0.174634
2 2 0.036578 0.330174 0.581506 0.003262 0.048480
2 2 0.032525 0.361356 0.567910 0.001143 0.037066
1 2 0.112643 0.516170 0.313017 0.000325 0.057845
2 2 0.021978 0.359406 0.545927 0.000474 0.072215
2 2 0.018540 0.339906 0.590993 0.000518 0.050044
2 2 0.018320 0.297923 0.635563 0.001468 0.046726
2 2 0.067887 0.258116 0.634294 0.015806 0.023897
2 2 0.101142 0.237240 0.630969 0.017618 0.013031
2 0 0.276286 0.292928 0.388281 0.017125 0.025381
1 0 0.180537 0.426699 0.374439 0.001016 0.017310
1 0 0.277067 0.522737 0.126979 0.000081 0.073136
0 1 0.506092 0.265745 0.025467 0.000045 0.202651
4 1 0.353512 0.148830 0.016042 0.000126 0.481490
4 1 0.271116 0.247949 0.043871 0.000175 0.436889
4 1 0.207406 0.252519 0.060103 0.000299 0.479673
4 1 0.153786 0.272837 0.088179 0.000423 0.484776
1 1 0.181442 0.377936 0.135183 0.000435 0.305003
1 1 0.194861 0.412381 0.132403 0.000266 0.260089
1 1 0.134479 0.481119 0.206885 0.000219 0.177298
4 1 0.206429 0.326290 0.138927 0.001698 0.326656
0 0 0.383502 0.335577 0.089887 0.000930 0.190104
1 0 0.245473 0.324191 0.148804 0.003435 0.278097
1 0 0.261885 0.463090 0.163046 0.000479 0.111500
4 1 0.058857 0.282473 0.196950 0.000781 0.460939
4 1 0.049508 0.311540 0.273610 0.000979 0.364363
4 1 0.056721 0.312000 0.253391 0.001016 0.376872
4 1 0.055606 0.317079 0.263106 0.001008 0.363201
1 1 0.050897 0.343472 0.315842 0.000961 0.288828
1 1 0.120975 0.426632 0.257501 0.000881 0.194010
1 1 0.145751 0.466329 0.252551 0.000665 0.134705
2 0 0.053962 0.424123 0.457377 0.000800 0.063738
1 1 0.115060 0.479095 0.313628 0.000648 0.091569
1 1 0.084297 0.461666 0.344650 0.000575 0.108812
1 1 0.055333 0.431474 0.422290 0.000633 0.090271
2 1 0.028582 0.365126 0.540870 0.000780 0.064641
2 1 0.017332 0.298970 0.626643 0.001258 0.055797
2 2 0.007799 0.230476 0.732726 0.001147 0.027851
2 2 0.003273 0.149109 0.831942 0.000946 0.014729
2 2 0.001062 0.077645 0.913125 0.000965 0.007203
2 2 0.000800 0.068858 0.920834 0.001090 0.008418
2 2 0.000488 0.052500 0.941433 0.000799 0.004779
2 2 0.000569 0.057684 0.933126 0.001087 0.007534
2 2 0.001736 0.118223 0.852459 0.001252 0.026331
2 2 0.002481 0.150309 0.801796 0.001191 0.044223
2 2 0.001764 0.118734 0.843897 0.001561 0.034043
2 2 0.001912 0.127743 0.819593 0.001535 0.049218
2 2 0.001337 0.093727 0.861920 0.002449 0.040567
2 2 0.000864 0.067665 0.896384 0.003603 0.031483
2 4 0.002172 0.120909 0.798623 0.002902 0.075395
2 4 0.003083 0.151216 0.745648 0.002374 0.097678
2 4 0.010327 0.220122 0.559911 0.002219 0.207420
2 4 0.014558 0.236765 0.446250 0.001559 0.300868
2 4 0.015635 0.247671 0.422031 0.001151 0.313512
1 4 0.129093 0.379874 0.235528 0.001616 0.253889
2 4 0.062024 0.387127 0.461225 0.002323 0.087301
1 0 0.083793 0.466591 0.372456 0.000639 0.076522
1 0 0.238931 0.424912 0.153617 0.000602 0.181937
4 4 0.154243 0.247532 0.080694 0.000547 0.516985
4 4 0.059295 0.183625 0.111537 0.001187 0.644355
4 4 0.057655 0.094722 0.046482 0.001810 0.799330
4 4 0.094665 0.090659 0.028001 0.001039 0.785636
4 4 0.099458 0.081569 0.020632 0.000640 0.797700
4 4 0.099166 0.075624 0.017099 0.000466 0.807645
4 4 0.071879 0.077937 0.023700 0.000658 0.825826
4 4 0.086517 0.083685 0.025832 0.000876 0.803090
4 4 0.089833 0.088794 0.031329 0.001287 0.788757
4 4 0.115990 0.107434 0.042389 0.002587 0.731599
4 4 0.105652 0.097218 0.034062 0.001638 0.761429
4 4 0.151878 0.100324 0.040784 0.003434 0.703580
4 4 0.254951 0.107408 0.021444 0.001432 0.614765
0 4 0.507219 0.070531 0.006233 0.000449 0.415569
0 0 0.566404 0.095784 0.007909 0.000198 0.329706
0 1 0.405928 0.354292 0.069346 0.000260 0.170173
0 4 0.423115 0.383716 0.053407 0.000056 0.139706
4 4 0.146118 0.256242 0.121896 0.002039 0.473705
4 4 0.073563 0.136342 0.068821 0.001795 0.719479
4 4 0.074499 0.095509 0.038616 0.001542 0.789833
4 4 0.094206 0.156684 0.070559 0.001577 0.676974
4 4 0.052139 0.137449 0.086757 0.001836 0.721820
4 4 0.097255 0.134891 0.053456 0.001381 0.713017
4 4 0.066024 0.099324 0.047072 0.002011 0.785569
4 4 0.068341 0.082910 0.028839 0.000888 0.819022
4 4 0.053689 0.081866 0.033907 0.001011 0.829527
4 4 0.071434 0.117905 0.047687 0.000907 0.762067
4 4 0.104402 0.124803 0.038122 0.000666 0.732006
4 4 0.077622 0.098999 0.035441 0.000966 0.786972
4 4 0.108339 0.168792 0.054506 0.000494 0.667869
4 4 0.154293 0.090853 0.019533 0.000795 0.734527
4 4 0.155704 0.098773 0.024001 0.001136 0.720387
