0 0 0.986074 0.008353 0.000880 0.002571 0.002122
0 0 0.984183 0.008816 0.000681 0.000545 0.005775
0 0 0.946776 0.028105 0.004073 0.003540 0.017507
0 0 0.948304 0.025560 0.003189 0.001889 0.021058
0 0 0.879049 0.059546 0.013303 0.012199 0.035902
0 0 0.913596 0.044332 0.008578 0.008674 0.024820
0 0 0.869264 0.063117 0.016480 0.023944 0.027195
0 0 0.804550 0.087152 0.028508 0.037831 0.041960
0 0 0.754889 0.090027 0.038145 0.085321 0.031617
0 0 0.814576 0.090741 0.024633 0.013850 0.056200
0 0 0.891497 0.052379 0.013176 0.021526 0.021422
0 0 0.887098 0.056298 0.013170 0.016277 0.027157
0 0 0.843381 0.073097 0.021556 0.033776 0.028190
0 0 0.421386 0.290904 0.209664 0.019964 0.058082
2 1 0.186535 0.347246 0.387288 0.016106 0.062826
2 2 0.003247 0.053662 0.925531 0.009384 0.008177
2 2 0.000089 0.003744 0.983981 0.011729 0.000457
2 2 0.000008 0.000676 0.992796 0.006456 0.000065
2 2 0.000015 0.001126 0.992834 0.005903 0.000122
2 2 0.000012 0.000882 0.990154 0.008847 0.000104
2 2 0.000028 0.001548 0.987267 0.010924 0.000233
2 2 0.000010 0.000737 0.990846 0.008313 0.000094
2 2 0.000020 0.001176 0.986563 0.012074 0.000167
2 2 0.000015 0.000965 0.988250 0.010638 0.000132
2 2 0.000035 0.001781 0.985466 0.012457 0.000261
2 2 0.000056 0.002365 0.980802 0.016355 0.000422
2 2 0.000042 0.001869 0.979226 0.018555 0.000308
2 2 0.000051 0.001926 0.967045 0.030643 0.000336
2 2 0.000046 0.001951 0.977353 0.020303 0.000346
2 2 0.000040 0.001645 0.970616 0.027429 0.000270
2 1 0.211557 0.260208 0.441208 0.040607 0.046419
0 0 0.463392 0.262820 0.198840 0.029740 0.045208
0 0 0.476722 0.244205 0.192010 0.042540 0.044523
1 0 0.257995 0.333129 0.321830 0.022636 0.064410
2 0 0.055965 0.307607 0.549759 0.013847 0.072821
2 1 0.006758 0.083828 0.873364 0.016965 0.019086
2 2 0.001802 0.026406 0.927799 0.036837 0.007156
2 2 0.000731 0.014933 0.957158 0.023494 0.003685
2 4 0.003430 0.052147 0.915808 0.014174 0.014440
2 4 0.016540 0.179172 0.709246 0.003146 0.091896
2 4 0.047023 0.301649 0.325947 0.000962 0.324418
2 4 0.041610 0.309749 0.354402 0.000687 0.293552
4 4 0.041193 0.298887 0.324008 0.000544 0.335368
4 4 0.051186 0.283137 0.260849 0.000615 0.404212
4 4 0.086422 0.248611 0.173273 0.001269 0.490425
4 4 0.172257 0.236524 0.125434 0.002364 0.463421
4 4 0.106071 0.272476 0.203703 0.002937 0.414813
4 4 0.096280 0.275980 0.228099 0.004409 0.395232
2 4 0.074749 0.335228 0.347232 0.001707 0.241083
1 4 0.149161 0.350322 0.293409 0.002829 0.204278
1 4 0.227077 0.343977 0.236747 0.002626 0.189572
0 4 0.335382 0.274911 0.120736 0.001152 0.267818
0 4 0.419817 0.274048 0.116873 0.001253 0.188009
0 4 0.369364 0.254356 0.110209 0.002386 0.263685
4 4 0.191937 0.264406 0.140394 0.001602 0.401661
4 4 0.148818 0.244457 0.141904 0.002475 0.462346
4 4 0.097799 0.299929 0.227236 0.001086 0.373948
1 4 0.196412 0.307757 0.191020 0.002153 0.302658
1 4 0.120338 0.363867 0.313271 0.001069 0.201455
1 4 0.125732 0.327675 0.242665 0.001127 0.302801
4 4 0.136222 0.228367 0.118099 0.000910 0.516403
4 4 0.054651 0.260914 0.211683 0.000490 0.472262
4 4 0.041176 0.240916 0.198343 0.000283 0.519282
4 4 0.063235 0.269825 0.209065 0.000472 0.457402
4 4 0.075405 0.284775 0.208524 0.000397 0.430899
4 4 0.243260 0.300033 0.151175 0.000813 0.304719
0 4 0.313035 0.307511 0.156123 0.001352 0.221979
1 4 0.230463 0.352687 0.254560 0.002838 0.159451
2 4 0.129730 0.359493 0.366690 0.004539 0.139547
2 4 0.116109 0.334609 0.348450 0.009291 0.191541
2 4 0.109504 0.339329 0.363879 0.007748 0.179540
1 4 0.250646 0.299350 0.216318 0.019333 0.214353
0 4 0.420627 0.259069 0.131605 0.009544 0.179156
0 4 0.439426 0.238946 0.102071 0.004479 0.215077
4 4 0.259023 0.258049 0.116890 0.001227 0.364812
4 4 0.191900 0.285183 0.150272 0.000828 0.371817
1 4 0.121943 0.366827 0.289017 0.000527 0.221685
1 4 0.081266 0.359389 0.330175 0.000449 0.228721
1 4 0.150284 0.353194 0.256980 0.000894 0.238648
1 4 0.179117 0.360684 0.254673 0.000988 0.204537
1 4 0.147242 0.351691 0.257240 0.000909 0.242918
1 4 0.120654 0.340810 0.268790 0.001120 0.268625
2 4 0.053566 0.325120 0.329462 0.000487 0.291365
2 4 0.031613 0.320032 0.407412 0.000317 0.240626
2 4 0.026991 0.282185 0.436865 0.000325 0.253634
2 4 0.035922 0.329421 0.408248 0.000330 0.226079
2 4 0.041019 0.338744 0.408980 0.000351 0.210906
2 2 0.037850 0.337000 0.420237 0.000325 0.204587
2 2 0.015710 0.257082 0.654843 0.000501 0.071864
2 2 0.007418 0.149952 0.791959 0.000583 0.050089
2 2 0.008573 0.168521 0.765918 0.000316 0.056672
2 2 0.002398 0.066258 0.918722 0.000700 0.011922
2 2 0.000565 0.019827 0.975072 0.001813 0.002724
2 2 0.000129 0.006712 0.990183 0.002085 0.000891
2 2 0.000076 0.004258 0.991807 0.003297 0.000562
2 2 0.000070 0.003367 0.988678 0.007366 0.000519
2 2 0.000066 0.003017 0.986084 0.010362 0.000470
2 2 0.000086 0.003155 0.976097 0.020116 0.000546
2 2 0.000052 0.001848 0.958408 0.039367 0.000326
2 2 0.000017 0.000677 0.921028 0.078169 0.000110
2 2 0.000016 0.000652 0.918219 0.081000 0.000113
2 2 0.000013 0.000556 0.926550 0.072785 0.000096
2 2 0.000011 0.000506 0.926528 0.072867 0.000087
2 2 0.000021 0.000837 0.941777 0.057208 0.000157
2 2 0.000020 0.000732 0.917123 0.081977 0.000148
2 3 0.000016 0.000609 0.904143 0.095105 0.000127
2 3 0.000013 0.000414 0.799721 0.199763 0.000088
2 3 0.000015 0.000442 0.764541 0.234904 0.000098
2 3 0.000021 0.000612 0.810782 0.188447 0.000137
2 3 0.000020 0.000695 0.892466 0.106677 0.000143
2 3 0.000016 0.000591 0.890118 0.109164 0.000110
2 3 0.000022 0.000794 0.911732 0.087300 0.000153
2 3 0.000037 0.001169 0.910018 0.088526 0.000249
2 3 0.000032 0.000910 0.847754 0.151109 0.000194
2 3 0.000015 0.000460 0.792108 0.207323 0.000094
2 3 0.000014 0.000452 0.819366 0.180075 0.000094
2 3 0.000014 0.000414 0.745605 0.253874 0.000092
2 3 0.000031 0.000864 0.834770 0.164143 0.000192
2 3 0.000049 0.001078 0.760282 0.238342 0.000248
2 3 0.000051 0.001218 0.815343 0.183125 0.000263
2 3 0.000051 0.001222 0.815764 0.182704 0.000258
2 3 0.000036 0.000843 0.746277 0.252663 0.000181
2 3 0.000051 0.001085 0.757326 0.241307 0.000232
2 3 0.000049 0.000977 0.688388 0.310368 0.000217
2 3 0.000178 0.002190 0.704048 0.293073 0.000511
2 3 0.000165 0.001850 0.579293 0.418217 0.000476
2 3 0.000070 0.001126 0.603681 0.394834 0.000289
2 3 0.000037 0.000856 0.742569 0.256351 0.000187
2 3 0.000021 0.000555 0.737546 0.261760 0.000118
2 3 0.000024 0.000626 0.758881 0.240338 0.000132
2 3 0.000054 0.001108 0.731954 0.266632 0.000252
2 3 0.000059 0.001089 0.671883 0.326713 0.000256
2 3 0.000102 0.001769 0.720940 0.276766 0.000423
2 3 0.000029 0.000552 0.558061 0.441231 0.000127
2 3 0.000034 0.000650 0.590242 0.408920 0.000154
2 3 0.000012 0.000287 0.590810 0.408831 0.000060
2 3 0.000014 0.000329 0.565243 0.434347 0.000067
2 3 0.000021 0.000501 0.657374 0.342003 0.000101
2 3 0.000038 0.000705 0.589156 0.409941 0.000161
2 3 0.000079 0.001215 0.585199 0.413196 0.000310
2 3 0.000135 0.001685 0.533610 0.464085 0.000486
2 3 0.000122 0.001637 0.572159 0.425615 0.000467
2 3 0.000164 0.002224 0.632747 0.364232 0.000632
2 3 0.000060 0.001065 0.646091 0.352521 0.000262
2 3 0.000069 0.001344 0.740180 0.258076 0.000330
2 3 0.000034 0.000814 0.754054 0.244923 0.000175
2 3 0.000029 0.000678 0.708510 0.290636 0.000147
2 3 0.000032 0.000593 0.569439 0.429792 0.000144
2 3 0.000066 0.001129 0.639799 0.358721 0.000285
3 3 0.000043 0.000600 0.402028 0.597169 0.000160
2 3 0.000056 0.000855 0.529072 0.469778 0.000241
2 3 0.000053 0.000838 0.536390 0.462504 0.000215
2 3 0.000057 0.000841 0.500845 0.498032 0.000225
2 3 0.000037 0.000714 0.612913 0.386169 0.000167
2 3 0.000044 0.000702 0.512140 0.486933 0.000181
3 3 0.000049 0.000710 0.458398 0.540652 0.000191
3 3 0.000071 0.000753 0.315407 0.683544 0.000224
3 3 0.000105 0.001067 0.347321 0.651180 0.000326
3 3 0.000089 0.001048 0.415786 0.582783 0.000294
3 3 0.000085 0.001052 0.482028 0.516562 0.000273
3 3 0.000186 0.001309 0.371483 0.626707 0.000315
2 3 0.000170 0.002300 0.631754 0.365164 0.000611
2 3 0.000306 0.003489 0.637326 0.357925 0.000954
2 3 0.000162 0.001891 0.517924 0.479461 0.000563
3 3 0.000131 0.001392 0.415141 0.582894 0.000442
3 3 0.000045 0.000668 0.462897 0.536205 0.000185
2 3 0.000056 0.000857 0.523614 0.475253 0.000220
2 3 0.000080 0.001200 0.570072 0.428327 0.000320
2 3 0.000123 0.001721 0.602498 0.395172 0.000486
2 3 0.000139 0.001703 0.530131 0.467500 0.000528
3 3 0.000051 0.000707 0.440928 0.558108 0.000206
3 3 0.000091 0.001106 0.446316 0.552149 0.000337
3 3 0.000107 0.001221 0.433107 0.565177 0.000389
3 3 0.000227 0.002147 0.425002 0.571930 0.000694
3 3 0.000440 0.003764 0.472055 0.522439 0.001303
2 3 0.000367 0.003514 0.520524 0.474461 0.001134
3 3 0.000125 0.001400 0.442823 0.555226 0.000427
2 3 0.000075 0.001109 0.553061 0.445462 0.000294
2 3 0.000075 0.001074 0.526162 0.472383 0.000306
2 3 0.000098 0.001280 0.512527 0.485719 0.000377
3 3 0.000050 0.000706 0.444519 0.554523 0.000202
3 3 0.000069 0.000838 0.400987 0.597839 0.000267
2 3 0.000077 0.001105 0.536651 0.461856 0.000311
2 3 0.000092 0.001385 0.602734 0.395418 0.000371
2 3 0.000119 0.001607 0.571102 0.426723 0.000449
3 3 0.000074 0.000970 0.463541 0.535128 0.000287
3 3 0.000088 0.000898 0.331472 0.667239 0.000303
3 3 0.000055 0.000603 0.308121 0.691023 0.000198
3 3 0.000080 0.000920 0.380628 0.618102 0.000270
2 3 0.000686 0.004797 0.782879 0.210832 0.000805
2 3 0.007071 0.022809 0.834470 0.132116 0.003534
2 2 0.182390 0.235565 0.512461 0.033982 0.035601
0 1 0.449401 0.290148 0.209850 0.012479 0.038122
2 2 0.197152 0.357027 0.389806 0.008357 0.047658
1 2 0.313647 0.338576 0.282749 0.008885 0.056142
0 2 0.498204 0.260959 0.175754 0.018317 0.046765
0 0 0.645291 0.186471 0.125110 0.018103 0.025025
0 0 0.793882 0.121161 0.049518 0.017315 0.018123
0 0 0.894618 0.051044 0.013944 0.028565 0.011829
0 0 0.813936 0.082145 0.026576 0.046237 0.031106
0 1 0.657799 0.142778 0.052211 0.032928 0.114283
2 2 0.028965 0.207925 0.671529 0.018716 0.072865
2 2 0.006923 0.076029 0.866736 0.021681 0.028631
2 2 0.001347 0.018708 0.916407 0.056570 0.006968
2 2 0.001736 0.019451 0.904700 0.068857 0.005256
2 2 0.015715 0.075365 0.788939 0.095102 0.024878
2 2 0.017028 0.130799 0.780220 0.017967 0.053987
2 2 0.031093 0.216197 0.535199 0.004034 0.213477
2 2 0.012270 0.148933 0.740557 0.002210 0.096029
2 2 0.007338 0.144986 0.795780 0.000643 0.051253
2 2 0.055346 0.333793 0.340402 0.000450 0.270008
4 2 0.076197 0.307284 0.233885 0.000319 0.382315
2 2 0.030620 0.316726 0.358930 0.000129 0.293594
2 2 0.029406 0.314159 0.375471 0.000177 0.280787
2 2 0.017649 0.250939 0.590328 0.000354 0.140730
2 2 0.016769 0.212332 0.622020 0.000667 0.148212
2 2 0.009071 0.157112 0.754385 0.000611 0.078821
2 2 0.028364 0.243122 0.468968 0.000937 0.258609
4 2 0.094488 0.225869 0.155793 0.001750 0.522101
4 4 0.231356 0.143598 0.050466 0.003560 0.571020
4 4 0.227707 0.130412 0.041856 0.002456 0.597568
4 4 0.376562 0.123641 0.032058 0.002447 0.465292
0 4 0.716204 0.106871 0.026949 0.008508 0.141467
0 0 0.809449 0.076084 0.026203 0.066392 0.021872
0 0 0.952281 0.021502 0.004136 0.017961 0.004120
0 0 0.921920 0.019251 0.005898 0.049884 0.003047
0 0 0.978546 0.012333 0.001854 0.005706 0.001561
0 0 0.976230 0.011201 0.001634 0.009165 0.001770
0 0 0.950963 0.033734 0.007593 0.004435 0.003276
0 0 0.950959 0.032953 0.007367 0.005261 0.003459
0 0 0.923432 0.045310 0.011773 0.012792 0.006693
0 0 0.834037 0.080023 0.026281 0.037180 0.022480
0 0 0.779855 0.120980 0.034412 0.004126 0.060626
0 0 0.818305 0.096554 0.025027 0.005790 0.054323
0 0 0.856541 0.066259 0.013313 0.005185 0.058701
0 1 0.382561 0.292385 0.158046 0.004781 0.162227
1 1 0.149549 0.351461 0.292269 0.002609 0.204112
2 2 0.007386 0.121380 0.834424 0.002590 0.034220
2 2 0.000387 0.014200 0.979366 0.003544 0.002502
2 2 0.000095 0.004221 0.987573 0.007391 0.000720
2 2 0.000323 0.013241 0.981401 0.002489 0.002545
2 2 0.001612 0.044767 0.937340 0.001287 0.014994
2 2 0.010783 0.167685 0.741068 0.000894 0.079570
2 2 0.089616 0.365804 0.374330 0.001080 0.169170
1 2 0.236679 0.369472 0.257792 0.001256 0.134801
1 2 0.317666 0.348683 0.211336 0.001334 0.120981
0 2 0.375120 0.319650 0.181415 0.002455 0.121361
1 2 0.161455 0.374047 0.348284 0.002665 0.113549
2 2 0.035028 0.288998 0.546680 0.001300 0.127993
2 2 0.005782 0.102421 0.848666 0.001619 0.041512
2 2 0.002672 0.053372 0.929309 0.002517 0.012129
2 2 0.005688 0.105799 0.860753 0.001446 0.026314
2 2 0.004862 0.109508 0.857269 0.000947 0.027413
2 2 0.006393 0.130183 0.825838 0.000916 0.036669
2 2 0.002397 0.067025 0.918028 0.001260 0.011291
2 2 0.000916 0.031736 0.961178 0.001867 0.004304
2 2 0.003443 0.083823 0.892057 0.001173 0.019504
2 2 0.006323 0.079551 0.897791 0.004231 0.012104
2 2 0.082320 0.229468 0.639766 0.014636 0.033809
1 0 0.277211 0.349391 0.277276 0.006182 0.089939
0 0 0.515495 0.271785 0.127577 0.001882 0.083260
1 1 0.216498 0.370755 0.302870 0.002611 0.107266
2 2 0.075108 0.336212 0.356206 0.001983 0.230491
2 2 0.015913 0.199969 0.709818 0.002063 0.072237
2 2 0.000442 0.015279 0.977680 0.004469 0.002131
2 2 0.000142 0.006837 0.988639 0.003448 0.000934
2 2 0.000084 0.004605 0.991133 0.003581 0.000597
2 2 0.000108 0.005211 0.989357 0.004584 0.000741
2 2 0.000349 0.012943 0.980661 0.004096 0.001951
2 2 0.000753 0.024183 0.967726 0.003035 0.004303
2 2 0.000065 0.003779 0.992291 0.003266 0.000599
2 2 0.000031 0.002128 0.993850 0.003696 0.000294
2 2 0.000033 0.002207 0.993711 0.003752 0.000298
2 2 0.000063 0.003559 0.991829 0.004003 0.000546
2 2 0.000114 0.005688 0.989696 0.003632 0.000871
2 2 0.000186 0.007668 0.986288 0.004733 0.001125
2 2 0.000480 0.013699 0.977226 0.006426 0.002169
2 2 0.001484 0.020617 0.966713 0.008476 0.002710
2 2 0.012234 0.073686 0.883544 0.018759 0.011778
2 2 0.168629 0.339658 0.434356 0.009672 0.047684
2 2 0.159473 0.366056 0.411224 0.005245 0.058002
1 2 0.191772 0.371170 0.298456 0.001997 0.136604
1 2 0.144516 0.377969 0.371936 0.002186 0.103394
2 2 0.052583 0.329294 0.573687 0.002446 0.041991
2 2 0.005463 0.093010 0.885506 0.003502 0.012519
2 2 0.000370 0.015086 0.980035 0.002632 0.001877
2 2 0.000158 0.008157 0.988399 0.002357 0.000930
2 2 0.000122 0.006317 0.989761 0.002960 0.000839
2 2 0.000200 0.009170 0.986427 0.002845 0.001358
2 2 0.000464 0.016325 0.976880 0.003553 0.002779
2 2 0.000315 0.011072 0.981021 0.005886 0.001706
2 2 0.000226 0.007813 0.981394 0.009387 0.001181
2 2 0.000229 0.008203 0.982501 0.007828 0.001239
2 2 0.000116 0.004878 0.986286 0.007982 0.000738
2 2 0.000082 0.003766 0.987751 0.007813 0.000587
2 2 0.000054 0.002974 0.991229 0.005302 0.000441
2 2 0.000027 0.001459 0.985992 0.012314 0.000209
2 2 0.000056 0.002796 0.988574 0.008150 0.000424
2 2 0.000088 0.004248 0.989497 0.005474 0.000692
2 2 0.000066 0.003491 0.990720 0.005221 0.000502
2 2 0.000090 0.003606 0.983024 0.012648 0.000632
2 2 0.000099 0.003718 0.980555 0.014952 0.000677
2 2 0.000220 0.006753 0.982675 0.009193 0.001159
2 3 0.000694 0.009668 0.974320 0.014247 0.001070
2 2 0.015844 0.064890 0.885625 0.025015 0.008626
2 2 0.081849 0.212493 0.643729 0.022900 0.039030
1 2 0.250328 0.337652 0.331240 0.019380 0.061399
2 2 0.166156 0.344536 0.400022 0.018573 0.070714
2 1 0.032788 0.273211 0.601342 0.003409 0.089249
2 2 0.014939 0.181952 0.720202 0.002258 0.080649
2 2 0.000421 0.013543 0.977606 0.005966 0.002464
2 2 0.013805 0.065058 0.878280 0.029256 0.013600
2 2 0.165305 0.142804 0.537005 0.122614 0.032272
0 0 0.850778 0.070644 0.019654 0.028058 0.030866
0 0 0.921369 0.040485 0.007285 0.006769 0.024093
0 0 0.942493 0.028396 0.003770 0.002280 0.023060
0 0 0.807540 0.087204 0.020515 0.007192 0.077550
4 0 0.234725 0.277186 0.167000 0.007158 0.313932
2 2 0.026178 0.195000 0.681511 0.014235 0.083076
2 2 0.000162 0.005481 0.979116 0.014248 0.000992
2 2 0.000011 0.000706 0.984625 0.014554 0.000104
2 2 0.000071 0.003484 0.989591 0.006227 0.000627
2 1 0.002228 0.043831 0.931782 0.004729 0.017430
2 1 0.038733 0.224656 0.439482 0.002191 0.294937
4 1 0.119428 0.249081 0.145640 0.000931 0.484919
4 1 0.147565 0.186098 0.078303 0.000656 0.587379
4 1 0.250875 0.125640 0.035998 0.001439 0.586049
4 1 0.377476 0.108613 0.024710 0.001479 0.487721
0 0 0.553825 0.117009 0.027876 0.003617 0.297673
0 0 0.566614 0.150547 0.040717 0.002321 0.239801
4 0 0.290776 0.144525 0.047270 0.003922 0.513507
4 1 0.201584 0.144282 0.053834 0.003644 0.596657
4 4 0.139219 0.150277 0.064981 0.002651 0.642872
4 4 0.130755 0.136812 0.050732 0.000776 0.680926
4 4 0.155623 0.181893 0.072879 0.000584 0.589021
4 4 0.135620 0.196247 0.083777 0.000374 0.583982
4 4 0.131893 0.228274 0.111323 0.000448 0.528063
4 4 0.213987 0.303953 0.155453 0.000549 0.326058
1 4 0.268451 0.308365 0.157904 0.000990 0.264290
1 4 0.271791 0.322837 0.170498 0.000875 0.233999
0 4 0.410549 0.290094 0.142725 0.002404 0.154228
0 4 0.342378 0.273626 0.128626 0.002347 0.253024
0 4 0.420876 0.218540 0.085724 0.003970 0.270889
0 4 0.392255 0.192851 0.068283 0.003218 0.343392
4 4 0.254536 0.145690 0.045413 0.001410 0.552951
4 4 0.155662 0.183252 0.072721 0.000506 0.587858
4 4 0.133990 0.201443 0.092571 0.000622 0.571374
4 4 0.087014 0.276506 0.194416 0.000638 0.441427
4 4 0.076299 0.291897 0.224098 0.000531 0.407175
4 4 0.061719 0.281794 0.233954 0.000571 0.421962
4 4 0.075146 0.308730 0.238266 0.000327 0.377530
4 4 0.101493 0.279008 0.177954 0.000460 0.441086
4 4 0.112399 0.296285 0.200672 0.000771 0.389873
4 4 0.135615 0.316170 0.217732 0.001103 0.329380
4 4 0.240271 0.196209 0.081043 0.002701 0.479776
4 4 0.290884 0.154192 0.051150 0.002994 0.500780
4 4 0.394705 0.121433 0.030604 0.002378 0.450880
0 4 0.442808 0.158808 0.045916 0.002229 0.350240
0 4 0.546941 0.111399 0.025116 0.002835 0.313709
4 4 0.284196 0.262801 0.120919 0.001657 0.330427
2 2 0.006791 0.151290 0.808536 0.000629 0.032753
2 2 0.002911 0.078678 0.904074 0.001220 0.013118
2 2 0.002889 0.077426 0.904440 0.001184 0.014061
2 2 0.001972 0.054384 0.932170 0.001939 0.009535
2 2 0.001187 0.039973 0.951307 0.001481 0.006052
2 2 0.001713 0.050800 0.937334 0.001624 0.008528
2 2 0.003587 0.092953 0.884223 0.000913 0.018324
2 2 0.010058 0.161085 0.769122 0.001210 0.058526
2 2 0.026288 0.267021 0.610719 0.001373 0.094600
2 2 0.036545 0.326594 0.447547 0.000739 0.188575
2 2 0.028050 0.297115 0.522650 0.000800 0.151384
2 2 0.016399 0.240096 0.621726 0.000421 0.121358
2 2 0.008931 0.154969 0.738286 0.000464 0.097350
2 2 0.007688 0.144268 0.788160 0.000674 0.059210
2 2 0.009950 0.182161 0.725815 0.000399 0.081675
2 2 0.006022 0.131068 0.811032 0.000462 0.051416
2 2 0.001726 0.053298 0.924929 0.000562 0.019486
2 2 0.001134 0.040446 0.943351 0.000482 0.014588
2 2 0.001097 0.037577 0.945980 0.000586 0.014759
2 2 0.001560 0.044874 0.935093 0.000935 0.017538
2 2 0.001261 0.038518 0.948567 0.001356 0.010298
2 2 0.000368 0.015034 0.979684 0.002239 0.002674
2 2 0.000202 0.009586 0.986342 0.002279 0.001591
2 2 0.000240 0.011664 0.984553 0.001694 0.001848
2 2 0.001016 0.019053 0.971894 0.005532 0.002505
2 2 0.029638 0.106090 0.825597 0.021825 0.016851
2 2 0.133118 0.241403 0.556708 0.023635 0.045137
1 2 0.297631 0.341837 0.295521 0.009249 0.055762
1 2 0.298130 0.344483 0.287991 0.007707 0.061689
2 2 0.114988 0.368775 0.404424 0.002880 0.108933
2 2 0.000358 0.014622 0.980099 0.002173 0.002748
2 2 0.000231 0.011352 0.984973 0.001686 0.001758
2 2 0.000243 0.012171 0.984210 0.001440 0.001935
2 2 0.000239 0.010778 0.984789 0.002377 0.001816
2 2 0.000256 0.010664 0.984038 0.003079 0.001962
2 2 0.000089 0.004665 0.990757 0.003756 0.000734
2 2 0.000100 0.005479 0.990905 0.002686 0.000830
2 2 0.000070 0.003856 0.991533 0.003972 0.000569
2 2 0.000036 0.002360 0.993194 0.004107 0.000302
2 2 0.000032 0.001977 0.991956 0.005779 0.000256
2 2 0.000032 0.002023 0.992323 0.005341 0.000281
2 2 0.000023 0.001541 0.992257 0.005980 0.000199
2 2 0.000026 0.001576 0.989431 0.008770 0.000198
2 2 0.000029 0.001870 0.992573 0.005295 0.000234
2 2 0.000015 0.001104 0.993226 0.005513 0.000141
2 2 0.000012 0.000897 0.991775 0.007206 0.000111
2 2 0.000013 0.000898 0.988962 0.010010 0.000118
2 2 0.000009 0.000691 0.990454 0.008763 0.000084
2 2 0.000011 0.000783 0.988045 0.011063 0.000097
2 2 0.000010 0.000709 0.985093 0.014098 0.000089
2 2 0.000026 0.001331 0.980716 0.017726 0.000201
2 2 0.000040 0.001787 0.977608 0.020280 0.000284
2 2 0.000070 0.002742 0.977990 0.018743 0.000455
2 2 0.000077 0.003188 0.983211 0.012998 0.000526
2 2 0.000046 0.001822 0.970428 0.027396 0.000308
2 2 0.000030 0.001227 0.959257 0.039272 0.000214
2 2 0.000022 0.000991 0.962430 0.036387 0.000171
2 2 0.000013 0.000746 0.976138 0.022991 0.000112
2 2 0.000007 0.000468 0.975381 0.024083 0.000061
2 2 0.000016 0.000880 0.975643 0.023335 0.000126
2 2 0.000025 0.000809 0.878070 0.120932 0.000164
2 2 0.000040 0.001066 0.845145 0.153510 0.000238
2 2 0.000050 0.001138 0.794456 0.204086 0.000270
2 2 0.000058 0.001246 0.774579 0.223822 0.000295
2 2 0.000139 0.002108 0.687982 0.309194 0.000578
2 3 0.000249 0.003491 0.733021 0.262230 0.001009
2 3 0.000150 0.002392 0.736395 0.260406 0.000657
2 3 0.000135 0.002183 0.727268 0.269811 0.000602
2 3 0.000099 0.001951 0.804911 0.192560 0.000479
2 3 0.000075 0.001778 0.868580 0.129159 0.000408
2 3 0.000115 0.002682 0.901669 0.094928 0.000606
2 3 0.000056 0.001362 0.840230 0.158047 0.000305
2 3 0.000065 0.001398 0.800086 0.198102 0.000350
2 3 0.000066 0.001189 0.680865 0.317567 0.000313
2 3 0.000174 0.002556 0.709497 0.287015 0.000758
2 3 0.000190 0.002787 0.716466 0.279790 0.000767
2 3 0.000071 0.001222 0.653676 0.344710 0.000321
2 3 0.000042 0.000758 0.595618 0.403400 0.000182
2 3 0.000034 0.000838 0.786939 0.212003 0.000187
2 3 0.000021 0.000552 0.743176 0.256136 0.000115
2 3 0.000046 0.000901 0.677204 0.321615 0.000234
2 3 0.000069 0.001307 0.728646 0.269634 0.000345
2 3 0.000113 0.001878 0.719221 0.278279 0.000509
2 3 0.000056 0.001061 0.684137 0.314474 0.000273
2 3 0.000068 0.001155 0.643193 0.355263 0.000321
3 3 0.000023 0.000391 0.449783 0.549700 0.000104
3 3 0.000036 0.000505 0.384662 0.614667 0.000131
3 3 0.000017 0.000317 0.442176 0.557419 0.000071
2 3 0.000041 0.000671 0.515506 0.483620 0.000163
3 3 0.000057 0.000776 0.443740 0.555211 0.000216
3 3 0.000137 0.001236 0.322726 0.675458 0.000443
3 3 0.000380 0.003029 0.402248 0.593210 0.001133
3 3 0.000724 0.004448 0.467207 0.526270 0.001351
3 3 0.001226 0.004963 0.416414 0.576117 0.001281
3 3 0.002004 0.007527 0.432114 0.556243 0.002112
3 3 0.000355 0.002261 0.310747 0.685837 0.000800
3 3 0.000197 0.001909 0.418754 0.578527 0.000613
3 3 0.000092 0.000985 0.394394 0.604269 0.000259
3 3 0.000042 0.000435 0.316911 0.682510 0.000102
3 3 0.000162 0.000946 0.324718 0.673966 0.000208
3 3 0.000115 0.000953 0.315332 0.683310 0.000290
3 3 0.000209 0.001530 0.278359 0.719349 0.000553
3 3 0.000104 0.000794 0.207347 0.791458 0.000297
3 3 0.000219 0.001143 0.177861 0.820349 0.000428
3 3 0.000285 0.001353 0.210214 0.787726 0.000423
3 3 0.000660 0.002576 0.323693 0.672456 0.000615
3 3 0.000236 0.000951 0.166233 0.832312 0.000268
3 3 0.000123 0.000861 0.248379 0.750399 0.000238
3 3 0.000160 0.001161 0.343800 0.654590 0.000288
3 3 0.000081 0.000755 0.311584 0.687376 0.000204
3 3 0.000162 0.001351 0.324255 0.673809 0.000422
3 3 0.000636 0.003433 0.352389 0.642416 0.001127
3 3 0.000774 0.002822 0.211884 0.783523 0.000998
3 3 0.000722 0.003236 0.278452 0.716487 0.001104
3 3 0.000763 0.004260 0.405970 0.587658 0.001349
2 3 0.000527 0.004230 0.559778 0.434260 0.001205
3 3 0.000378 0.003254 0.456137 0.539134 0.001098
3 3 0.000220 0.001813 0.335368 0.661960 0.000638
3 3 0.000137 0.001147 0.281585 0.716703 0.000428
3 3 0.000071 0.000835 0.382970 0.615870 0.000255
3 3 0.000298 0.001193 0.099419 0.898436 0.000655
2 3 0.003492 0.012829 0.658389 0.322639 0.002651
2 3 0.017365 0.037821 0.786569 0.151873 0.006372
2 3 0.074050 0.084618 0.698971 0.129370 0.012991
0 0 0.643240 0.176882 0.109623 0.040185 0.030070
0 0 0.692809 0.180037 0.077194 0.008094 0.041866
0 0 0.389197 0.305387 0.186622 0.006901 0.111893
2 0 0.160139 0.357146 0.357620 0.007528 0.117567
2 1 0.053316 0.307887 0.534448 0.012871 0.091478
2 2 0.049569 0.188108 0.719037 0.015315 0.027971
2 2 0.099959 0.220909 0.614645 0.026317 0.038170
0 2 0.493922 0.269555 0.160410 0.011292 0.064821
0 2 0.542629 0.245636 0.134965 0.012809 0.063961
0 1 0.505200 0.262964 0.138214 0.007107 0.086515
2 1 0.088178 0.342100 0.438743 0.007976 0.123003
2 1 0.016688 0.163196 0.766112 0.013678 0.040325
2 2 0.015640 0.113139 0.758297 0.026413 0.086511
2 2 0.020095 0.105918 0.697408 0.065779 0.110800
0 4 0.296250 0.227749 0.148643 0.057160 0.270199
4 4 0.316890 0.157645 0.055171 0.005914 0.464380
4 4 0.337381 0.149743 0.048733 0.004938 0.459204
2 4 0.048598 0.310326 0.326652 0.000685 0.313739
4 4 0.063689 0.238364 0.180547 0.000992 0.516407
4 4 0.085388 0.199733 0.119296 0.001240 0.594343
4 4 0.213332 0.170153 0.068147 0.003237 0.545130
4 4 0.252682 0.217623 0.092769 0.002169 0.434758
4 4 0.197988 0.243726 0.128244 0.003024 0.427018
1 4 0.094244 0.340825 0.297545 0.000975 0.266412
1 4 0.089852 0.364013 0.354599 0.000857 0.190679
1 4 0.176953 0.333329 0.220327 0.001259 0.268133
0 4 0.523470 0.109449 0.024129 0.002377 0.340575
0 4 0.627080 0.105478 0.023258 0.003492 0.240692
0 4 0.565962 0.129735 0.034948 0.006185 0.263170
0 4 0.545467 0.139252 0.039185 0.005737 0.270359
0 4 0.427031 0.243588 0.098415 0.002233 0.228733
0 4 0.479387 0.193440 0.064043 0.002386 0.260744
0 4 0.513567 0.121261 0.029785 0.003501 0.331887
0 4 0.570544 0.114936 0.027010 0.003648 0.283862
0 4 0.489247 0.109353 0.024084 0.002077 0.375240
0 4 0.535374 0.103342 0.021489 0.001977 0.337817
0 4 0.553969 0.109359 0.024216 0.002711 0.309746
0 4 0.388474 0.194864 0.062594 0.001125 0.352943
1 4 0.227423 0.352054 0.206315 0.000562 0.213646
1 4 0.198436 0.342490 0.217248 0.000984 0.240842
1 4 0.174539 0.359188 0.255216 0.001005 0.210051
1 4 0.188879 0.344844 0.220568 0.000844 0.244865
1 4 0.161792 0.318008 0.220769 0.002182 0.297249
4 4 0.068483 0.218897 0.146443 0.000756 0.565421
4 4 0.045045 0.284132 0.278994 0.000596 0.391234
2 4 0.020503 0.267529 0.558885 0.000400 0.152683
2 4 0.018903 0.247054 0.602012 0.000575 0.131456
2 4 0.024907 0.272006 0.549501 0.000814 0.152771
2 4 0.033816 0.324935 0.453425 0.000627 0.187197
2 4 0.030544 0.323499 0.488085 0.000630 0.157242
2 4 0.030069 0.324029 0.454521 0.000401 0.190980
2 4 0.040978 0.331804 0.410546 0.000531 0.216141
2 4 0.030401 0.324031 0.454946 0.000423 0.190199
2 4 0.036699 0.321797 0.394835 0.000445 0.246225
2 4 0.040604 0.317572 0.391694 0.000835 0.249295
2 4 0.022672 0.268775 0.560469 0.000628 0.147456
2 4 0.019166 0.229440 0.658787 0.001573 0.091033
2 4 0.017288 0.192920 0.703723 0.002933 0.083135
2 4 0.012724 0.171269 0.740126 0.001762 0.074120
2 2 0.004113 0.080669 0.887164 0.002227 0.025827
2 2 0.005512 0.096461 0.858634 0.002125 0.037268
2 2 0.003974 0.076067 0.892318 0.002657 0.024984
2 2 0.003070 0.058949 0.917753 0.005315 0.014913
2 2 0.003773 0.071014 0.899091 0.003278 0.022845
2 2 0.003327 0.068399 0.908976 0.003432 0.015867
2 2 0.006262 0.088202 0.879926 0.002865 0.022745
2 2 0.030408 0.127632 0.800636 0.017302 0.024022
2 2 0.299259 0.272801 0.376819 0.015076 0.036046
0 0 0.815626 0.105829 0.040664 0.020571 0.017310
0 0 0.973944 0.012211 0.001847 0.010018 0.001979
0 0 0.944737 0.026799 0.005311 0.016616 0.006538
0 0 0.958119 0.023329 0.003526 0.005278 0.009748
0 0 0.939068 0.032239 0.005190 0.005085 0.018418
0 0 0.895628 0.051937 0.010531 0.009015 0.032889
0 0 0.783746 0.112233 0.032388 0.008197 0.063436
0 0 0.898986 0.060195 0.014445 0.007530 0.018844
0 0 0.781735 0.128931 0.046310 0.009823 0.033202
0 0 0.591131 0.215189 0.106228 0.016564 0.070888
0 0 0.360940 0.311637 0.208540 0.010320 0.108563
0 0 0.383871 0.314101 0.249621 0.011448 0.040958
0 0 0.453377 0.285061 0.204677 0.015602 0.041283
0 0 0.767504 0.132963 0.048713 0.012358 0.038463
0 0 0.803139 0.109855 0.031543 0.006052 0.049410
0 0 0.782339 0.103557 0.027415 0.008059 0.078630
0 1 0.451376 0.230078 0.099858 0.007182 0.211506
4 2 0.129435 0.300221 0.230512 0.003775 0.336057
2 2 0.098060 0.353458 0.364076 0.002477 0.181929
1 2 0.157503 0.346321 0.308364 0.005838 0.181974
1 2 0.104836 0.338884 0.319811 0.002864 0.233605
2 2 0.051089 0.329673 0.416536 0.001679 0.201024
2 2 0.006044 0.110183 0.842828 0.001527 0.039418
2 2 0.001123 0.032852 0.954868 0.001985 0.009171
2 2 0.000829 0.028670 0.960658 0.001118 0.008725
2 2 0.000368 0.013832 0.979928 0.003269 0.002603
2 2 0.003209 0.072021 0.895372 0.001225 0.028173
2 2 0.004570 0.088269 0.865546 0.001360 0.040255
2 2 0.002883 0.069769 0.900739 0.001009 0.025600
2 2 0.005210 0.110065 0.833573 0.000612 0.050540
2 2 0.002256 0.061001 0.915603 0.000880 0.020260
2 2 0.002612 0.063751 0.911990 0.001321 0.020326
2 2 0.002306 0.058813 0.918259 0.001207 0.019415
2 2 0.004548 0.095857 0.855115 0.000809 0.043671
2 2 0.002911 0.070443 0.898812 0.000950 0.026884
2 2 0.003471 0.081246 0.885354 0.000922 0.029006
2 2 0.002618 0.063204 0.910730 0.001265 0.022183
2 2 0.000825 0.024835 0.965576 0.003180 0.005585
2 2 0.000912 0.024499 0.964187 0.005364 0.005037
2 2 0.000543 0.016353 0.974087 0.006241 0.002777
2 2 0.000893 0.022943 0.964930 0.007482 0.003753
2 2 0.000625 0.018139 0.971865 0.006581 0.002790
2 2 0.000476 0.014007 0.974830 0.008617 0.002070
2 2 0.000550 0.016643 0.973988 0.006073 0.002746
2 2 0.000730 0.024935 0.968041 0.002507 0.003787
2 2 0.000245 0.011238 0.984671 0.002363 0.001482
2 2 0.000803 0.029525 0.964078 0.001655 0.003938
2 2 0.000739 0.026219 0.967257 0.002135 0.003650
2 2 0.000145 0.007060 0.989164 0.002669 0.000962
2 2 0.000054 0.003062 0.992736 0.003777 0.000371
2 2 0.000362 0.009765 0.982387 0.006233 0.001253
2 2 0.003541 0.038743 0.942659 0.009128 0.005929
2 2 0.045579 0.141878 0.756389 0.029497 0.026657
0 2 0.403344 0.309368 0.211361 0.008780 0.067147
0 2 0.464836 0.262917 0.156294 0.020578 0.095375
0 0 0.703913 0.138473 0.048043 0.019659 0.089912
0 0 0.671554 0.183428 0.076233 0.009125 0.059660
1 0 0.270036 0.335878 0.259026 0.009747 0.125313
2 1 0.095159 0.354150 0.378333 0.002697 0.169661
2 2 0.030506 0.309333 0.528310 0.001136 0.130715
2 2 0.005619 0.110274 0.852907 0.001545 0.029656
2 2 0.007379 0.124081 0.822447 0.001712 0.044381
2 2 0.014963 0.105561 0.850490 0.010659 0.018328
2 2 0.263676 0.315144 0.355611 0.016332 0.049237
0 0 0.628223 0.190897 0.100968 0.035478 0.044433
0 0 0.816953 0.086818 0.031191 0.044544 0.020494
0 0 0.782283 0.097814 0.037621 0.056817 0.025465
0 0 0.826765 0.100017 0.030602 0.010043 0.032573
0 0 0.880220 0.065148 0.018637 0.019757 0.016238
0 0 0.942225 0.030937 0.005575 0.009150 0.012114
0 0 0.926852 0.036861 0.007811 0.016407 0.012069
0 0 0.912320 0.044284 0.009804 0.016553 0.017039
0 0 0.900360 0.040358 0.010872 0.039190 0.009219
0 0 0.767565 0.091005 0.034363 0.078897 0.028169
0 0 0.624602 0.191651 0.104682 0.038780 0.040285
0 0 0.630175 0.184323 0.099005 0.045005 0.041492
0 0 0.586732 0.224413 0.101242 0.006504 0.081109
0 0 0.661977 0.195618 0.071484 0.002088 0.068831
0 0 0.823321 0.076097 0.024590 0.050482 0.025511
0 0 0.888344 0.055787 0.012783 0.014950 0.028137
0 0 0.919996 0.038607 0.008742 0.021316 0.011339
0 0 0.848905 0.071135 0.020048 0.029539 0.030373
0 0 0.897237 0.051264 0.011977 0.018112 0.021409
0 0 0.915139 0.043324 0.008063 0.007372 0.026102
0 0 0.903553 0.048455 0.009495 0.008302 0.030194
0 0 0.885475 0.055140 0.010960 0.007579 0.040845
0 0 0.913902 0.044388 0.009058 0.011199 0.021452
0 0 0.827594 0.097162 0.027528 0.007970 0.039746
0 0 0.870366 0.066915 0.014278 0.005354 0.043087
0 0 0.871383 0.057229 0.010595 0.005041 0.055752
0 0 0.881940 0.046597 0.006885 0.002112 0.062467
0 0 0.874149 0.046977 0.007005 0.001929 0.069940
0 0 0.897463 0.043598 0.006530 0.002482 0.049926
0 0 0.927583 0.034453 0.004944 0.002684 0.030336
0 0 0.936433 0.032322 0.004832 0.003532 0.022880
0 0 0.943670 0.026992 0.003369 0.001780 0.024190
0 0 0.913360 0.041079 0.006556 0.003684 0.035321
0 0 0.935217 0.032356 0.004723 0.003137 0.024567
0 0 0.871019 0.057994 0.010947 0.005461 0.054579
0 0 0.915599 0.041710 0.007087 0.004932 0.030673
0 0 0.936557 0.033755 0.006222 0.009298 0.014167
0 0 0.951553 0.025178 0.004557 0.011548 0.007163
0 0 0.955018 0.022527 0.004080 0.012942 0.005433
0 0 0.961204 0.021775 0.003189 0.004871 0.008961
0 0 0.944870 0.028195 0.003892 0.002782 0.020261
0 0 0.943143 0.028229 0.003758 0.002326 0.022544
0 0 0.918620 0.040927 0.007058 0.005430 0.027965
0 0 0.921671 0.040621 0.008270 0.012228 0.017210
0 0 0.938856 0.032540 0.005380 0.005727 0.017497
0 0 0.938408 0.032530 0.005249 0.005091 0.018722
0 0 0.891064 0.053908 0.012945 0.019459 0.022623
0 0 0.932153 0.035490 0.006961 0.011851 0.013546
0 0 0.968132 0.017733 0.002622 0.006260 0.005253
0 0 0.983111 0.010194 0.001008 0.001561 0.004126
0 0 0.979279 0.011581 0.001051 0.000910 0.007180
0 0 0.951761 0.025345 0.003399 0.002715 0.016780
0 0 0.948118 0.026986 0.003711 0.002866 0.018319
0 0 0.941122 0.029597 0.004118 0.002740 0.022422
0 0 0.892056 0.049276 0.008487 0.004285 0.045896
0 0 0.924387 0.039432 0.007250 0.007743 0.021188
0 0 0.915743 0.041427 0.008214 0.007454 0.027163
0 0 0.943310 0.028305 0.004124 0.002946 0.021315
0 0 0.955845 0.022105 0.003134 0.002498 0.016417
0 0 0.937509 0.029477 0.004108 0.002284 0.026622
0 0 0.951575 0.023798 0.002828 0.001608 0.020190
0 0 0.965383 0.018790 0.002192 0.001886 0.011749
0 0 0.961796 0.020753 0.002584 0.002335 0.012532
0 0 0.925697 0.031715 0.003940 0.001444 0.037204
0 0 0.873689 0.052848 0.008809 0.003294 0.061360
0 0 0.845925 0.059960 0.010279 0.003147 0.080689
0 0 0.923497 0.033869 0.004502 0.001870 0.036262
0 0 0.870904 0.054997 0.009541 0.003822 0.060735
0 0 0.918810 0.036151 0.005020 0.002151 0.037868
0 0 0.846808 0.052984 0.007819 0.001721 0.090668
0 0 0.905944 0.031564 0.003358 0.000659 0.058475
0 0 0.893574 0.030935 0.003022 0.000434 0.072036
0 0 0.860465 0.038406 0.004157 0.000540 0.096432
0 0 0.838375 0.050207 0.006778 0.001156 0.103484
0 0 0.773148 0.105475 0.037223 0.040875 0.043278
0 0 0.787765 0.090109 0.021944 0.010147 0.090034
0 0 0.716483 0.123050 0.045169 0.045467 0.069831
0 0 0.799541 0.086460 0.029260 0.052877 0.031861
0 0 0.913659 0.044350 0.009340 0.013036 0.019614
0 0 0.939598 0.029992 0.004144 0.002610 0.023656
0 0 0.910408 0.041455 0.006485 0.003297 0.038354
0 0 0.841695 0.061785 0.010820 0.003358 0.082341
0 0 0.711171 0.105656 0.025937 0.007456 0.149780
0 0 0.704442 0.096569 0.020888 0.004330 0.173771
0 0 0.671839 0.114741 0.027925 0.004718 0.180778
0 0 0.470604 0.143185 0.040150 0.003735 0.342326
4 1 0.320304 0.154440 0.048090 0.002201 0.474965
4 1 0.129374 0.274007 0.173631 0.001373 0.421616
2 1 0.046225 0.304468 0.335180 0.000951 0.313176
2 1 0.048791 0.316672 0.389833 0.001881 0.242822
2 1 0.052772 0.319468 0.420194 0.003634 0.203932
1 1 0.126348 0.329459 0.295194 0.005178 0.243822
1 1 0.292991 0.295394 0.162919 0.003533 0.245163
1 1 0.163790 0.335827 0.246985 0.002206 0.251191
4 1 0.048485 0.253202 0.217487 0.000613 0.480213
2 1 0.034203 0.302757 0.370228 0.000370 0.292442
2 1 0.030153 0.269128 0.364992 0.000313 0.335414
4 1 0.050099 0.185915 0.123252 0.000508 0.640226
0 1 0.309096 0.290087 0.172665 0.008867 0.219285
0 0 0.358920 0.229518 0.117619 0.022202 0.271740
0 0 0.454902 0.270862 0.175741 0.023855 0.074639
0 0 0.505690 0.248733 0.159657 0.031157 0.054762
0 0 0.664536 0.177255 0.070219 0.010701 0.077288
0 1 0.628382 0.167889 0.050612 0.002498 0.150619
2 2 0.076845 0.373439 0.432626 0.000798 0.116292
2 2 0.035558 0.322255 0.562831 0.001499 0.077857
2 2 0.015944 0.214871 0.696947 0.001454 0.070785
2 2 0.006616 0.096898 0.851177 0.003982 0.041327
2 2 0.003909 0.073073 0.887570 0.002184 0.033264
2 2 0.006225 0.102460 0.837738 0.001800 0.051778
2 2 0.014062 0.193638 0.689232 0.000916 0.102151
2 2 0.011335 0.175060 0.727503 0.000805 0.085297
2 2 0.012208 0.198305 0.694381 0.000495 0.094611
2 2 0.012418 0.200803 0.687626 0.000469 0.098683
2 2 0.025100 0.309889 0.495798 0.000321 0.168892
2 2 0.033617 0.332849 0.460337 0.000415 0.172782
2 2 0.028647 0.315172 0.556261 0.001089 0.098831
2 2 0.026214 0.309280 0.574615 0.001095 0.088796
2 2 0.010781 0.149180 0.775954 0.002243 0.061843
2 2 0.016616 0.183942 0.677350 0.001917 0.120174
2 2 0.054344 0.348868 0.456132 0.001133 0.139524
2 2 0.056873 0.357526 0.459972 0.000832 0.124797
2 2 0.057853 0.363498 0.475751 0.000663 0.102236
2 2 0.057549 0.357151 0.459215 0.000885 0.125199
2 2 0.011430 0.188454 0.762020 0.000937 0.037158
2 2 0.029841 0.288948 0.594856 0.000699 0.085656
2 2 0.031060 0.265893 0.630801 0.000992 0.071254
2 2 0.058580 0.357779 0.481096 0.001002 0.101543
2 2 0.055154 0.362149 0.436412 0.000464 0.145821
2 2 0.041195 0.350133 0.512225 0.000458 0.095990
2 2 0.019471 0.281211 0.646349 0.000722 0.052248
2 2 0.005189 0.129204 0.843014 0.000703 0.021889
2 2 0.001790 0.059467 0.927508 0.000761 0.010474
2 2 0.001463 0.046392 0.943375 0.001329 0.007441
2 2 0.005571 0.113981 0.839074 0.000887 0.040488
2 2 0.004053 0.096119 0.860341 0.000559 0.038928
2 2 0.004049 0.085817 0.873754 0.001086 0.035294
2 2 0.031635 0.175473 0.759443 0.005623 0.027826
1 2 0.310381 0.319405 0.312319 0.013586 0.044309
0 2 0.508093 0.263116 0.174821 0.016064 0.037906
0 0 0.840983 0.083920 0.027712 0.026652 0.020733
0 0 0.797826 0.116138 0.039192 0.011595 0.035249
0 0 0.811173 0.091155 0.021352 0.004678 0.071641
0 0 0.526114 0.171406 0.053745 0.003726 0.245008
4 1 0.273075 0.208395 0.083576 0.002120 0.432833
4 1 0.096303 0.245139 0.149211 0.000613 0.508734
4 1 0.043795 0.284524 0.280044 0.000530 0.391107
2 1 0.042488 0.306008 0.340483 0.000681 0.310340
2 2 0.030695 0.278230 0.482307 0.000942 0.207826
2 2 0.026638 0.262976 0.551434 0.001238 0.157714
2 2 0.021798 0.257772 0.583601 0.000774 0.136054
2 2 0.013389 0.186608 0.662510 0.000590 0.136904
2 2 0.003719 0.081299 0.866998 0.000703 0.047281
2 2 0.012089 0.164648 0.671029 0.000635 0.151599
2 2 0.019928 0.171127 0.760592 0.005373 0.042980
1 0 0.200540 0.354610 0.324035 0.008151 0.112664
0 0 0.387055 0.309494 0.208717 0.009959 0.084776
0 1 0.509995 0.237758 0.147015 0.040093 0.065138
0 1 0.459820 0.275227 0.150983 0.008105 0.105865
0 1 0.350546 0.283009 0.139740 0.002824 0.223882
0 1 0.338031 0.330662 0.188495 0.001740 0.141071
1 1 0.272975 0.355934 0.238423 0.001888 0.130781
1 1 0.246768 0.370249 0.267861 0.001567 0.113555
1 2 0.111725 0.372065 0.364851 0.001416 0.149943
2 2 0.000347 0.015323 0.980027 0.001673 0.002631
2 2 0.000546 0.022818 0.971770 0.001332 0.003534
2 2 0.001577 0.056898 0.932509 0.000702 0.008314
2 2 0.001911 0.065621 0.918559 0.000479 0.013430
2 2 0.000660 0.026544 0.967707 0.001325 0.003764
2 2 0.000667 0.025423 0.968393 0.001645 0.003872
2 2 0.000603 0.024619 0.970092 0.001412 0.003274
2 2 0.000736 0.024182 0.968339 0.002957 0.003786
2 2 0.000377 0.015778 0.979550 0.002207 0.002087
2 2 0.000249 0.010870 0.984478 0.002853 0.001550
2 2 0.000226 0.010816 0.985350 0.001997 0.001612
2 2 0.000246 0.011091 0.984484 0.002242 0.001937
2 2 0.001915 0.030869 0.948340 0.012245 0.006632
2 2 0.030670 0.132645 0.790398 0.021418 0.024869
1 2 0.254330 0.342352 0.310687 0.014062 0.078569
1 1 0.304950 0.336190 0.251956 0.008064 0.098840
0 1 0.530634 0.241311 0.113337 0.007054 0.107664
1 1 0.237938 0.332270 0.204695 0.001760 0.223336
4 1 0.080689 0.261202 0.177390 0.000510 0.480208
4 2 0.042323 0.288123 0.281244 0.000379 0.387931
4 2 0.039912 0.300114 0.321617 0.000454 0.337903
4 2 0.040547 0.299344 0.319231 0.000479 0.340398
4 2 0.052372 0.303419 0.288377 0.000495 0.355337
1 2 0.122388 0.309246 0.279132 0.009038 0.280196
1 2 0.142287 0.315326 0.276633 0.010269 0.255485
2 2 0.074954 0.338415 0.495949 0.007249 0.083434
0 2 0.304642 0.299590 0.173886 0.005200 0.216682
1 2 0.209182 0.360167 0.282910 0.003139 0.144602
2 2 0.042920 0.332104 0.526842 0.001737 0.096397
2 2 0.021397 0.257312 0.658529 0.002259 0.060504
2 2 0.000194 0.010869 0.986387 0.001234 0.001316
2 2 0.000090 0.006103 0.991877 0.001293 0.000637
2 2 0.001023 0.028449 0.963225 0.003394 0.003909
2 2 0.009376 0.107593 0.852385 0.008383 0.022263
1 2 0.211294 0.349111 0.316674 0.010522 0.112398
0 2 0.530118 0.235399 0.101414 0.004699 0.128370
