0 0 0.967183 0.004808 0.004166 0.000418 0.023424
0 0 0.972741 0.003792 0.002815 0.000165 0.020488
0 0 0.966524 0.005375 0.003117 0.000113 0.024871
0 0 0.949845 0.010085 0.004687 0.000130 0.035253
0 1 0.948863 0.010419 0.004708 0.000123 0.035887
0 1 0.897385 0.026125 0.015763 0.001471 0.059256
0 4 0.901545 0.025661 0.013284 0.000812 0.058698
0 4 0.795322 0.071753 0.031103 0.002122 0.099700
0 4 0.315586 0.313140 0.244795 0.005354 0.121125
1 4 0.201801 0.357569 0.331851 0.006587 0.102193
2 4 0.060929 0.371020 0.500404 0.010965 0.056681
2 4 0.038284 0.342369 0.549154 0.014168 0.056026
2 1 0.027186 0.259430 0.642582 0.017680 0.053122
2 1 0.038081 0.184913 0.657458 0.065136 0.054412
2 2 0.027302 0.104525 0.705814 0.129000 0.033358
2 2 0.032138 0.081093 0.569467 0.283661 0.033642
3 2 0.047376 0.080394 0.382774 0.451203 0.038253
3 2 0.037322 0.042541 0.186155 0.709725 0.024257
3 2 0.036701 0.036787 0.138973 0.766044 0.021495
3 2 0.025315 0.027739 0.148258 0.782093 0.016595
3 2 0.025583 0.029148 0.166282 0.761493 0.017494
3 2 0.018064 0.021452 0.156500 0.790874 0.013109
3 3 0.031333 0.035023 0.174306 0.738531 0.020808
3 3 0.024601 0.033157 0.257125 0.664897 0.020221
3 3 0.016261 0.048289 0.409540 0.473809 0.052101
2 3 0.009664 0.061538 0.666751 0.202695 0.059352
2 3 0.006962 0.065089 0.739227 0.132444 0.056278
2 2 0.015508 0.085658 0.623762 0.206642 0.068430
2 2 0.017683 0.106773 0.501855 0.212680 0.161009
2 2 0.013064 0.113659 0.444132 0.136997 0.292148
2 1 0.013557 0.162002 0.415999 0.021333 0.387109
2 1 0.011076 0.158441 0.445798 0.019567 0.365118
2 1 0.010765 0.205062 0.446617 0.024715 0.312840
2 1 0.013395 0.269134 0.381877 0.016610 0.318984
4 1 0.011525 0.265870 0.287794 0.013402 0.421409
4 1 0.011103 0.257546 0.336104 0.014347 0.380900
4 1 0.006055 0.167371 0.337183 0.006991 0.482399
2 1 0.005496 0.197088 0.485266 0.008883 0.303267
2 1 0.006656 0.218843 0.528274 0.009695 0.236532
2 1 0.010890 0.217817 0.584253 0.019985 0.167055
2 1 0.019429 0.226484 0.567082 0.040084 0.146921
2 1 0.018543 0.187471 0.479365 0.086466 0.228155
2 2 0.018783 0.184767 0.547300 0.078128 0.171022
2 2 0.027659 0.239522 0.500385 0.053492 0.178942
2 2 0.025818 0.180917 0.623910 0.081662 0.087693
2 2 0.034746 0.173071 0.591214 0.125342 0.075627
2 2 0.039229 0.152019 0.514083 0.206258 0.088411
2 2 0.039097 0.147494 0.467976 0.241727 0.103706
3 3 0.031582 0.073616 0.347790 0.498649 0.048362
3 3 0.042686 0.076263 0.260251 0.567708 0.053093
3 3 0.016982 0.020344 0.136983 0.812687 0.013005
3 3 0.011509 0.012960 0.105865 0.861650 0.008017
3 3 0.008878 0.010249 0.098846 0.875608 0.006418
3 3 0.008905 0.011370 0.127333 0.845104 0.007288
3 3 0.006892 0.010090 0.170609 0.805877 0.006531
3 3 0.004569 0.007089 0.161622 0.822031 0.004688
3 3 0.004629 0.006482 0.121335 0.863313 0.004241
3 3 0.003520 0.004175 0.064012 0.925580 0.002712
3 3 0.003476 0.003891 0.053442 0.936678 0.002513
3 3 0.005742 0.006340 0.068118 0.915784 0.004016
3 3 0.005697 0.004293 0.021483 0.965919 0.002608
3 3 0.006971 0.004881 0.019298 0.965931 0.002920
3 3 0.004926 0.003237 0.013027 0.976864 0.001946
3 3 0.003563 0.002296 0.010187 0.982560 0.001393
3 3 0.003626 0.002340 0.010324 0.982292 0.001419
3 3 0.004353 0.002839 0.011861 0.979234 0.001713
3 3 0.006938 0.004653 0.016888 0.968750 0.002771
3 3 0.005370 0.003547 0.013910 0.975045 0.002128
3 3 0.004756 0.003119 0.012685 0.977564 0.001877
3 3 0.003613 0.002331 0.010295 0.982348 0.001414
3 3 0.004390 0.002865 0.011938 0.979079 0.001728
3 3 0.003724 0.002407 0.010535 0.981876 0.001458
3 3 0.004848 0.003183 0.012871 0.977185 0.001914
3 3 0.004667 0.003057 0.012504 0.977932 0.001841
3 3 0.003897 0.002526 0.010906 0.981142 0.001529
3 3 0.002902 0.001848 0.008716 0.985406 0.001128
3 3 0.002940 0.001874 0.008804 0.985240 0.001143
3 3 0.002568 0.001624 0.007943 0.986871 0.000994
3 3 0.002801 0.001780 0.008486 0.985845 0.001087
3 3 0.002286 0.001435 0.007270 0.988127 0.000882
3 3 0.002394 0.001507 0.007530 0.987643 0.000925
3 3 0.003201 0.002051 0.009392 0.984108 0.001248
3 3 0.003015 0.001924 0.008974 0.984914 0.001173
3 3 0.002259 0.001418 0.007205 0.988246 0.000871
3 3 0.001387 0.000846 0.004969 0.992272 0.000527
3 3 0.001378 0.000840 0.004946 0.992312 0.000523
3 3 0.001044 0.000626 0.004003 0.993933 0.000393
3 3 0.001032 0.000618 0.003966 0.993996 0.000388
3 3 0.001321 0.000803 0.004789 0.992585 0.000501
3 3 0.001058 0.000635 0.004042 0.993867 0.000398
3 3 0.002315 0.001455 0.007339 0.987998 0.000893
3 3 0.001581 0.000971 0.005490 0.991355 0.000603
3 3 0.002001 0.001247 0.006571 0.989412 0.000769
3 3 0.001443 0.000882 0.005120 0.992007 0.000548
3 3 0.000977 0.000584 0.003805 0.994267 0.000367
3 3 0.001086 0.000653 0.004125 0.993726 0.000409
3 3 0.000750 0.000441 0.003111 0.995419 0.000279
3 3 0.000668 0.000390 0.002848 0.995846 0.000248
3 3 0.001071 0.000643 0.004080 0.993802 0.000403
3 3 0.000930 0.000554 0.003664 0.994504 0.000349
3 3 0.001069 0.000642 0.004076 0.993810 0.000403
3 3 0.000946 0.000564 0.003714 0.994420 0.000355
3 3 0.000696 0.000407 0.002937 0.995702 0.000259
3 3 0.000743 0.000437 0.003088 0.995455 0.000277
3 3 0.001005 0.000601 0.003887 0.994129 0.000378
3 3 0.001297 0.000788 0.004722 0.992702 0.000492
3 3 0.002690 0.001705 0.008227 0.986335 0.001043
3 3 0.005325 0.003516 0.013821 0.975229 0.002109
3 3 0.005446 0.003600 0.014058 0.974737 0.002159
3 3 0.009127 0.006224 0.020777 0.960194 0.003677
3 3 0.010282 0.007062 0.022730 0.955768 0.004158
3 3 0.015466 0.010892 0.030891 0.936413 0.006338
3 3 0.024720 0.017929 0.043813 0.903248 0.010290
3 3 0.018396 0.013096 0.035171 0.925755 0.007582
3 3 0.016703 0.013699 0.050955 0.910559 0.008084
3 3 0.012391 0.011058 0.055543 0.914351 0.006657
3 3 0.013723 0.012353 0.060308 0.906200 0.007416
3 3 0.017894 0.016874 0.080056 0.875096 0.010080
3 3 0.018244 0.017474 0.084685 0.869149 0.010448
3 3 0.020664 0.020045 0.093962 0.853385 0.011944
3 3 0.025997 0.030176 0.176518 0.749179 0.018130
3 3 0.016515 0.018552 0.127525 0.826092 0.011316
3 3 0.026866 0.024986 0.095550 0.837923 0.014675
3 3 0.019627 0.022112 0.113008 0.830856 0.014398
3 3 0.020351 0.021555 0.115213 0.829733 0.013147
3 3 0.027448 0.026884 0.112252 0.817558 0.015859
3 3 0.026101 0.026447 0.113742 0.817726 0.015984
3 3 0.029686 0.028212 0.107173 0.818388 0.016541
3 3 0.013075 0.011452 0.054116 0.914490 0.006867
3 3 0.011364 0.009937 0.049796 0.922916 0.005988
3 3 0.011815 0.010196 0.048913 0.922950 0.006126
3 3 0.014556 0.012920 0.059758 0.905038 0.007728
3 3 0.016181 0.016247 0.091123 0.866642 0.009806
3 3 0.010796 0.011943 0.097109 0.872759 0.007393
3 3 0.011043 0.010080 0.055720 0.917047 0.006109
3 3 0.009369 0.009074 0.060629 0.915361 0.005567
3 3 0.014836 0.011558 0.040894 0.925900 0.006812
3 3 0.020256 0.016563 0.056173 0.897306 0.009701
3 3 0.027201 0.020279 0.050121 0.890767 0.011632
3 3 0.017282 0.013280 0.042727 0.918940 0.007771
3 3 0.015834 0.013079 0.050531 0.912819 0.007739
3 3 0.019593 0.017304 0.069314 0.883558 0.010231
3 3 0.010276 0.010928 0.084191 0.887855 0.006749
3 3 0.016081 0.015666 0.083109 0.875716 0.009428
3 3 0.020310 0.016817 0.058389 0.894623 0.009862
3 3 0.019290 0.014869 0.045841 0.911330 0.008669
3 3 0.020802 0.016236 0.049612 0.903898 0.009452
3 3 0.021814 0.019561 0.076837 0.870251 0.011537
3 3 0.017732 0.017787 0.095461 0.858322 0.010697
3 3 0.017671 0.019208 0.120253 0.831219 0.011648
3 3 0.018228 0.017144 0.080244 0.874152 0.010232
3 3 0.015318 0.013987 0.066859 0.895461 0.008376
3 3 0.015886 0.014696 0.070893 0.889725 0.008800
3 3 0.021263 0.019265 0.078130 0.869956 0.011386
3 3 0.018654 0.017791 0.084635 0.868297 0.010623
3 3 0.037316 0.034098 0.107657 0.801197 0.019732
3 3 0.040163 0.041111 0.137655 0.756179 0.024892
3 3 0.047776 0.059470 0.228229 0.626829 0.037695
3 3 0.029256 0.032386 0.164060 0.755018 0.019280
3 3 0.022823 0.023141 0.112612 0.827627 0.013797
3 3 0.019843 0.020786 0.084267 0.861293 0.013812
3 3 0.013973 0.013728 0.078925 0.885060 0.008313
3 3 0.022387 0.019419 0.070662 0.876130 0.011403
3 3 0.022559 0.022301 0.104026 0.837846 0.013269
3 3 0.048650 0.045714 0.132979 0.746421 0.026236
3 3 0.070700 0.121585 0.263636 0.470666 0.073413
2 3 0.050890 0.211977 0.523772 0.131746 0.081615
2 3 0.067889 0.194894 0.451782 0.203834 0.081600
2 3 0.037964 0.100440 0.444397 0.359438 0.057761
3 3 0.032892 0.039986 0.210834 0.691894 0.024394
3 3 0.030692 0.037081 0.175085 0.733375 0.023767
3 3 0.030832 0.043715 0.198260 0.697432 0.029761
3 3 0.067186 0.118578 0.286524 0.461876 0.065836
2 3 0.062380 0.221290 0.447286 0.169567 0.099478
2 2 0.039187 0.301386 0.451066 0.048477 0.159884
2 2 0.031763 0.325444 0.480959 0.022484 0.139351
2 2 0.036776 0.354197 0.434504 0.024328 0.150195
2 2 0.047288 0.327830 0.450804 0.047768 0.126309
2 2 0.035673 0.267811 0.535742 0.055559 0.105216
2 2 0.034206 0.274570 0.514571 0.040244 0.136409
2 2 0.052326 0.353778 0.406880 0.035003 0.152012
2 2 0.063816 0.349188 0.386934 0.044674 0.155388
2 2 0.065530 0.357029 0.400574 0.039688 0.137179
2 2 0.047890 0.364481 0.431305 0.025980 0.130344
2 2 0.037712 0.363786 0.432019 0.020900 0.145584
2 2 0.028174 0.366243 0.465782 0.013570 0.126231
2 2 0.032954 0.365931 0.450507 0.016856 0.133752
2 2 0.027640 0.348795 0.389313 0.018803 0.215449
2 2 0.032609 0.329756 0.379115 0.026968 0.231553
2 2 0.030617 0.337038 0.368985 0.023809 0.239550
2 2 0.039915 0.315176 0.316617 0.038756 0.289535
2 2 0.024486 0.328837 0.477311 0.016675 0.152691
2 2 0.021599 0.357185 0.431078 0.012293 0.177845
2 2 0.020680 0.355039 0.425188 0.012080 0.187013
2 2 0.043735 0.317718 0.396479 0.054467 0.187602
2 2 0.058364 0.230648 0.371156 0.168869 0.170963
2 2 0.062756 0.203510 0.307205 0.226453 0.200076
3 2 0.068926 0.170321 0.258114 0.334846 0.167793
2 2 0.071084 0.227686 0.292446 0.194432 0.214351
2 2 0.039725 0.254822 0.434822 0.075256 0.195375
2 2 0.037303 0.324742 0.437180 0.029778 0.170997
2 2 0.018351 0.332680 0.452463 0.012353 0.184153
2 2 0.028054 0.353203 0.396405 0.015895 0.206442
2 2 0.029064 0.350817 0.393196 0.019435 0.207489
1 2 0.056731 0.328976 0.320248 0.046527 0.247518
2 2 0.052488 0.274549 0.294502 0.084209 0.294252
2 3 0.049242 0.230679 0.303098 0.152322 0.264658
2 3 0.033658 0.170668 0.414145 0.206800 0.174729
2 3 0.030142 0.165937 0.412043 0.178238 0.213640
2 3 0.029889 0.124607 0.382796 0.300378 0.162329
2 2 0.057486 0.317586 0.456771 0.060350 0.107807
2 2 0.057178 0.196711 0.453757 0.195235 0.097119
2 2 0.032933 0.110211 0.521971 0.278514 0.056370
2 2 0.034204 0.100686 0.466048 0.333044 0.066018
2 3 0.039430 0.182480 0.541507 0.125905 0.110678
2 3 0.047214 0.272719 0.453558 0.058715 0.167795
2 3 0.049917 0.345468 0.414128 0.030775 0.159712
1 1 0.096472 0.358041 0.330447 0.014733 0.200307
1 1 0.101877 0.358424 0.325066 0.012506 0.202128
1 1 0.080450 0.345459 0.315439 0.020569 0.238082
2 1 0.063812 0.352498 0.357553 0.029085 0.197052
2 1 0.037437 0.350946 0.384296 0.025809 0.201512
2 1 0.019484 0.352556 0.419586 0.011658 0.196717
2 2 0.019748 0.360655 0.454641 0.010107 0.154849
2 2 0.021872 0.363989 0.467724 0.010493 0.135922
2 2 0.027290 0.365881 0.462660 0.013298 0.130871
2 2 0.041134 0.365101 0.436898 0.022083 0.134783
2 2 0.043677 0.365803 0.440349 0.022895 0.127276
2 2 0.041605 0.367975 0.460356 0.019768 0.110297
2 2 0.039672 0.368555 0.470302 0.017970 0.103501
2 2 0.036393 0.368263 0.467739 0.016886 0.110719
2 2 0.023080 0.365989 0.482598 0.010251 0.118082
2 2 0.020595 0.360616 0.449468 0.010532 0.158789
2 2 0.024994 0.346744 0.378363 0.013145 0.236754
2 2 0.030035 0.354959 0.405082 0.019063 0.190861
2 2 0.036998 0.365853 0.444816 0.019288 0.133044
2 2 0.038531 0.362716 0.425987 0.021943 0.150823
2 2 0.026572 0.316311 0.509580 0.020374 0.127164
2 2 0.017330 0.225552 0.632177 0.028903 0.096038
2 2 0.036680 0.209088 0.548603 0.109162 0.096468
3 3 0.029330 0.056487 0.169035 0.686600 0.058548
3 3 0.038843 0.072845 0.200105 0.616812 0.071395
3 3 0.032739 0.070404 0.239696 0.584251 0.072910
3 3 0.040887 0.085399 0.256511 0.531747 0.085455
2 3 0.048816 0.136126 0.340905 0.332685 0.141468
2 3 0.041981 0.138199 0.471633 0.263744 0.084443
2 3 0.076776 0.297351 0.402416 0.084022 0.139435
2 3 0.033004 0.341400 0.381249 0.025303 0.219043
2 3 0.025614 0.348447 0.391673 0.017261 0.217004
2 2 0.023201 0.343628 0.387583 0.015858 0.229729
2 2 0.068366 0.342354 0.345932 0.016526 0.226822
1 2 0.164538 0.337802 0.280039 0.016148 0.201473
1 2 0.146437 0.343168 0.318486 0.033693 0.158217
2 2 0.106110 0.293885 0.318811 0.112449 0.168745
2 2 0.084687 0.205217 0.299098 0.252882 0.158116
3 2 0.046847 0.073733 0.205249 0.612897 0.061274
3 3 0.025946 0.032625 0.160393 0.759058 0.021978
3 3 0.019163 0.024990 0.149136 0.789485 0.017227
3 3 0.012261 0.013614 0.095973 0.869511 0.008641
3 3 0.017440 0.021830 0.136215 0.809833 0.014682
3 3 0.012213 0.014236 0.120797 0.843937 0.008817
3 3 0.021925 0.024156 0.139895 0.799481 0.014543
3 3 0.032377 0.035432 0.167049 0.744160 0.020982
3 3 0.047933 0.049288 0.169669 0.704571 0.028539
3 3 0.033523 0.037174 0.176216 0.731081 0.022007
3 3 0.029957 0.042742 0.248420 0.650231 0.028651
3 3 0.041739 0.061201 0.237971 0.614648 0.044441
3 3 0.067125 0.137928 0.284614 0.387403 0.122929
2 2 0.081457 0.264719 0.289765 0.153567 0.210492
2 2 0.062951 0.335844 0.374145 0.054552 0.172508
2 2 0.034661 0.362035 0.426592 0.019830 0.156881
2 2 0.040592 0.325187 0.491083 0.027173 0.115965
2 2 0.024261 0.317600 0.480091 0.018410 0.159638
2 2 0.041724 0.291560 0.484234 0.050513 0.131968
4 2 0.037793 0.210755 0.285943 0.174678 0.290831
3 2 0.044252 0.153022 0.256317 0.328371 0.218039
4 3 0.026547 0.140582 0.275137 0.253822 0.303913
4 3 0.021235 0.150447 0.278666 0.156185 0.393467
4 3 0.012389 0.177149 0.323073 0.052811 0.434577
4 2 0.004741 0.168865 0.367796 0.015842 0.442757
4 2 0.003184 0.154834 0.338656 0.007389 0.495936
4 2 0.002704 0.138138 0.334637 0.004129 0.520392
4 2 0.006410 0.121752 0.137737 0.002348 0.731753
4 4 0.008845 0.111421 0.098000 0.002306 0.779429
4 4 0.012533 0.085336 0.042454 0.001563 0.858114
4 4 0.013973 0.094818 0.048006 0.001514 0.841689
4 4 0.013028 0.091081 0.053881 0.001505 0.840506
4 4 0.010703 0.116443 0.084622 0.001998 0.786234
4 4 0.016648 0.123831 0.072272 0.001355 0.785894
4 4 0.021883 0.132640 0.072291 0.001705 0.771480
4 4 0.015590 0.149784 0.091399 0.001834 0.741392
4 4 0.018482 0.212702 0.151098 0.002223 0.615496
4 4 0.005554 0.167878 0.174532 0.002081 0.649955
4 4 0.009846 0.204290 0.182810 0.002327 0.600727
4 2 0.011314 0.241863 0.207675 0.004393 0.534754
4 2 0.009370 0.254583 0.234459 0.004678 0.496910
4 2 0.006791 0.280056 0.294511 0.004769 0.413873
4 2 0.005056 0.246191 0.345110 0.006074 0.397569
4 2 0.007743 0.281554 0.340271 0.007397 0.363035
4 2 0.011709 0.265381 0.317424 0.014331 0.391155
4 3 0.022206 0.129676 0.238890 0.287034 0.322194
4 3 0.032209 0.160363 0.224818 0.232339 0.350271
2 3 0.043209 0.234337 0.310251 0.120820 0.291383
2 3 0.043759 0.338952 0.348998 0.034823 0.233468
4 3 0.075532 0.316693 0.254145 0.012130 0.341500
1 2 0.095177 0.344190 0.280648 0.005979 0.274005
4 1 0.169234 0.270892 0.166153 0.003877 0.389845
1 1 0.118019 0.346346 0.282475 0.007229 0.245932
1 4 0.183526 0.310301 0.225260 0.011430 0.269482
1 4 0.045901 0.351247 0.347893 0.014211 0.240748
1 4 0.037668 0.326801 0.326306 0.033095 0.276131
4 4 0.036205 0.275968 0.275311 0.058065 0.354451
4 2 0.038570 0.231196 0.225419 0.098150 0.406666
3 2 0.051059 0.157949 0.195045 0.346454 0.249493
3 3 0.046681 0.122492 0.213057 0.454228 0.163542
3 3 0.050104 0.105841 0.226794 0.503719 0.113541
3 2 0.063277 0.133824 0.312711 0.362304 0.127883
2 2 0.046298 0.253611 0.534016 0.055526 0.110550
2 2 0.013385 0.256708 0.607709 0.012148 0.110050
2 2 0.016880 0.360210 0.467063 0.008163 0.147683
2 1 0.019543 0.360638 0.437066 0.007604 0.175150
2 1 0.018268 0.355956 0.452609 0.009722 0.163445
2 1 0.019984 0.336403 0.509782 0.010953 0.122878
2 1 0.032690 0.361298 0.425730 0.018841 0.161441
2 1 0.026738 0.346990 0.423568 0.017986 0.184718
2 1 0.027275 0.322318 0.404880 0.027800 0.217726
2 2 0.036564 0.348337 0.421770 0.027126 0.166203
2 2 0.043452 0.308728 0.435090 0.061666 0.151065
2 3 0.043902 0.292584 0.413572 0.074710 0.175231
2 3 0.047268 0.285692 0.319056 0.081961 0.266024
2 3 0.023385 0.106777 0.574580 0.229123 0.066134
3 3 0.030306 0.069193 0.347011 0.501742 0.051749
2 3 0.035832 0.132959 0.422122 0.288437 0.120650
2 3 0.027504 0.229018 0.511593 0.059429 0.172456
2 3 0.016173 0.272400 0.539820 0.016201 0.155405
2 2 0.018530 0.357594 0.443797 0.009970 0.170110
2 2 0.020876 0.355227 0.399674 0.006584 0.217639
2 2 0.017909 0.327276 0.341838 0.008515 0.304462
2 2 0.016136 0.330325 0.348919 0.006026 0.298594
2 2 0.027356 0.362335 0.419802 0.010974 0.179533
2 2 0.027759 0.349754 0.371881 0.010674 0.239933
2 2 0.038616 0.366565 0.397970 0.010232 0.186618
1 2 0.028174 0.347077 0.346368 0.005463 0.272919
4 0 0.147393 0.256093 0.157175 0.006830 0.432508
0 0 0.571523 0.137121 0.061947 0.004794 0.224614
0 0 0.878753 0.034495 0.017006 0.001073 0.068673
0 0 0.925563 0.016839 0.010101 0.000730 0.046766
0 0 0.925145 0.017253 0.009638 0.000583 0.047382
0 0 0.946642 0.011288 0.004496 0.000087 0.037486
0 0 0.909769 0.023315 0.010718 0.000451 0.055746
0 0 0.831573 0.053757 0.026269 0.002087 0.086314
0 0 0.750754 0.090147 0.043629 0.004630 0.110839
0 0 0.726760 0.104485 0.047407 0.003875 0.117472
0 1 0.323145 0.303934 0.237880 0.009694 0.125347
1 1 0.139650 0.341040 0.281480 0.013009 0.224820
2 1 0.021179 0.344218 0.388547 0.014443 0.231613
4 1 0.011565 0.237883 0.249050 0.013116 0.488386
4 1 0.005410 0.202337 0.372847 0.010836 0.408569
2 1 0.007608 0.224273 0.449388 0.014316 0.304415
2 1 0.008474 0.248891 0.447312 0.012565 0.282757
4 2 0.026644 0.330432 0.307744 0.003873 0.331308
4 2 0.031430 0.331206 0.299096 0.003690 0.334578
2 2 0.019328 0.351724 0.392097 0.005937 0.230915
2 4 0.025096 0.346030 0.385641 0.017344 0.225888
2 4 0.031010 0.326216 0.330712 0.026804 0.285257
2 2 0.047986 0.182946 0.382231 0.217327 0.169510
2 2 0.050835 0.132312 0.361531 0.334419 0.120903
3 3 0.041703 0.067324 0.243164 0.594400 0.053409
3 3 0.028709 0.069573 0.355378 0.491143 0.055197
2 3 0.025560 0.091491 0.421909 0.368470 0.092570
2 3 0.025190 0.092018 0.449388 0.350414 0.082990
3 3 0.024187 0.065153 0.385327 0.476571 0.048763
3 3 0.020187 0.044032 0.407028 0.508510 0.020242
3 3 0.013916 0.028515 0.373649 0.569234 0.014686
2 3 0.017304 0.045418 0.502762 0.415296 0.019219
2 3 0.017373 0.084107 0.748506 0.126525 0.023489
2 3 0.019572 0.145683 0.762464 0.041619 0.030662
2 3 0.026299 0.219561 0.687037 0.022145 0.044956
2 2 0.025568 0.314228 0.571852 0.013085 0.075267
2 2 0.031489 0.368458 0.485656 0.013455 0.100943
2 2 0.020924 0.362997 0.457297 0.009557 0.149225
2 2 0.017308 0.336335 0.429569 0.007654 0.209134
2 2 0.022852 0.347339 0.460989 0.007985 0.160835
2 2 0.039061 0.355151 0.367042 0.012996 0.225750
2 2 0.036273 0.372943 0.450477 0.010862 0.129444
2 2 0.054124 0.375882 0.399935 0.008446 0.161613
2 2 0.055351 0.369942 0.406374 0.016301 0.152033
2 2 0.039180 0.352047 0.384353 0.025789 0.198631
2 2 0.027769 0.332660 0.348256 0.022359 0.268956
4 2 0.028394 0.310339 0.287571 0.012831 0.360864
2 2 0.006978 0.315015 0.369216 0.004379 0.304411
2 2 0.006480 0.298643 0.440859 0.004926 0.249092
2 2 0.012374 0.314874 0.412028 0.009688 0.251036
2 2 0.016810 0.335434 0.386360 0.011893 0.249502
2 2 0.020018 0.338633 0.376172 0.014338 0.250840
2 2 0.018723 0.330598 0.359449 0.014302 0.276928
2 2 0.022451 0.313255 0.487045 0.017369 0.159881
2 2 0.028980 0.280214 0.498462 0.031185 0.161159
2 2 0.026335 0.260032 0.538251 0.031472 0.143910
2 2 0.031954 0.273730 0.498190 0.036775 0.159352
2 2 0.039783 0.363931 0.410446 0.017261 0.168578
2 2 0.054789 0.362633 0.413959 0.029054 0.139567
2 2 0.056688 0.352494 0.381374 0.038272 0.171173
2 2 0.060066 0.339621 0.374993 0.049480 0.175839
2 2 0.058089 0.317095 0.435314 0.047717 0.141784
2 2 0.055812 0.354590 0.388288 0.036562 0.164747
2 2 0.048316 0.366362 0.444711 0.024435 0.116176
2 2 0.030583 0.354128 0.375282 0.010145 0.229862
2 1 0.024269 0.340769 0.349880 0.007747 0.277335
4 1 0.022698 0.317541 0.313463 0.012551 0.333748
4 1 0.024588 0.319287 0.307116 0.009654 0.339355
4 1 0.025921 0.247327 0.193777 0.009735 0.523240
4 1 0.022335 0.286901 0.249907 0.006365 0.434493
4 1 0.039127 0.313131 0.270686 0.008919 0.368137
1 4 0.039347 0.345703 0.320208 0.005018 0.289723
4 4 0.074929 0.295437 0.213973 0.005195 0.410466
4 4 0.061315 0.300181 0.232565 0.008607 0.397332
4 2 0.073055 0.206454 0.188072 0.119429 0.412990
3 3 0.059966 0.157723 0.193878 0.370515 0.217918
3 3 0.035634 0.075712 0.185765 0.617465 0.085424
2 3 0.018699 0.118916 0.678039 0.117021 0.067324
2 3 0.023933 0.184546 0.670409 0.043640 0.077471
2 3 0.034641 0.230407 0.627954 0.037346 0.069652
2 3 0.041179 0.313332 0.533292 0.025591 0.086606
2 3 0.092185 0.354164 0.397605 0.017373 0.138673
2 3 0.068963 0.344560 0.360382 0.008249 0.217847
2 2 0.099336 0.369714 0.374120 0.015416 0.141414
2 2 0.039856 0.346271 0.474598 0.022723 0.116551
2 2 0.035518 0.300084 0.538612 0.027045 0.098742
2 2 0.026953 0.176297 0.552799 0.118608 0.125343
2 2 0.022162 0.087500 0.511024 0.319348 0.059966
3 3 0.014611 0.040178 0.425278 0.495041 0.024891
3 3 0.014155 0.040874 0.389459 0.522331 0.033180
2 3 0.015711 0.044292 0.456303 0.456128 0.027567
3 3 0.014751 0.028417 0.311605 0.629335 0.015892
3 3 0.017778 0.028887 0.302131 0.634619 0.016585
3 3 0.012430 0.019438 0.274857 0.680921 0.012354
3 3 0.011256 0.018745 0.298469 0.659714 0.011816
3 3 0.007214 0.013207 0.274189 0.697346 0.008044
3 3 0.009174 0.012821 0.173997 0.795836 0.008171
3 3 0.008792 0.011715 0.148729 0.823319 0.007445
3 3 0.005402 0.007997 0.154736 0.826634 0.005231
3 3 0.006229 0.008609 0.137320 0.842278 0.005564
3 3 0.009473 0.012209 0.140705 0.829903 0.007711
3 3 0.010098 0.010768 0.084046 0.888431 0.006656
3 3 0.009871 0.009058 0.053155 0.922400 0.005515
3 3 0.008638 0.007033 0.034426 0.945655 0.004247
3 3 0.010975 0.007975 0.027972 0.948364 0.004715
3 3 0.007442 0.005861 0.028605 0.954548 0.003544
3 3 0.007837 0.005904 0.025757 0.956955 0.003547
3 3 0.007635 0.005150 0.018155 0.966002 0.003059
3 3 0.006678 0.004469 0.016407 0.969781 0.002664
3 3 0.006962 0.004670 0.016931 0.968656 0.002781
3 3 0.007284 0.004900 0.017521 0.967381 0.002914
3 3 0.003547 0.002286 0.010154 0.982625 0.001387
3 3 0.002301 0.001445 0.007306 0.988059 0.000888
3 3 0.002652 0.001680 0.008139 0.986502 0.001028
3 3 0.004326 0.002821 0.011805 0.979346 0.001702
3 3 0.004381 0.002859 0.011920 0.979114 0.001725
3 3 0.003163 0.002024 0.009306 0.984274 0.001232
3 3 0.002103 0.001314 0.006824 0.988949 0.000809
3 3 0.002265 0.001421 0.007218 0.988223 0.000873
3 3 0.003506 0.002258 0.010064 0.982801 0.001371
3 3 0.003241 0.002078 0.009481 0.983936 0.001264
3 3 0.002760 0.001752 0.008390 0.986028 0.001071
3 3 0.001685 0.001039 0.005763 0.990869 0.000644
3 3 0.001013 0.000607 0.003913 0.994086 0.000381
3 3 0.000570 0.000330 0.002522 0.996368 0.000210
3 3 0.000614 0.000357 0.002670 0.996132 0.000227
3 3 0.001146 0.000691 0.004297 0.993434 0.000433
3 3 0.001369 0.000834 0.004921 0.992356 0.000520
3 3 0.001304 0.000792 0.004742 0.992667 0.000494
3 3 0.000971 0.000580 0.003787 0.994298 0.000365
3 3 0.001005 0.000601 0.003888 0.994127 0.000378
3 3 0.000925 0.000551 0.003651 0.994525 0.000347
3 3 0.002609 0.001651 0.008039 0.986690 0.001011
3 3 0.002560 0.001618 0.007924 0.986906 0.000991
3 3 0.001710 0.001056 0.005829 0.990751 0.000654
3 3 0.001701 0.001050 0.005805 0.990794 0.000650
3 3 0.001125 0.000678 0.004237 0.993536 0.000424
3 3 0.001952 0.001215 0.006448 0.989636 0.000749
3 3 0.001950 0.001213 0.006441 0.989647 0.000748
3 3 0.001356 0.000825 0.004883 0.992421 0.000514
3 3 0.000926 0.000551 0.003651 0.994525 0.000347
3 3 0.001360 0.000828 0.004895 0.992401 0.000516
3 3 0.001630 0.001003 0.005620 0.991124 0.000622
3 3 0.001723 0.001064 0.005862 0.990692 0.000659
3 3 0.001505 0.000922 0.005289 0.991710 0.000573
3 3 0.000973 0.000581 0.003792 0.994289 0.000365
3 3 0.000684 0.000400 0.002898 0.995764 0.000254
3 3 0.000619 0.000360 0.002687 0.996105 0.000229
3 3 0.000710 0.000416 0.002982 0.995629 0.000264
3 3 0.001830 0.001134 0.006137 0.990198 0.000701
3 3 0.002138 0.001338 0.006910 0.988791 0.000823
3 3 0.001894 0.001176 0.006301 0.989902 0.000726
3 3 0.002256 0.001415 0.007197 0.988261 0.000870
3 3 0.002671 0.001693 0.008185 0.986415 0.001035
3 3 0.001859 0.001153 0.006212 0.990063 0.000713
3 3 0.001675 0.001033 0.005737 0.990916 0.000640
3 3 0.001375 0.000838 0.004936 0.992330 0.000522
3 3 0.001207 0.000730 0.004471 0.993135 0.000457
3 3 0.000940 0.000560 0.003695 0.994452 0.000353
3 3 0.000594 0.000345 0.002604 0.996237 0.000220
3 3 0.000544 0.000314 0.002436 0.996505 0.000201
3 3 0.000530 0.000306 0.002387 0.996582 0.000195
3 3 0.000679 0.000397 0.002883 0.995789 0.000252
3 3 0.000580 0.000336 0.002558 0.996310 0.000215
3 3 0.000717 0.000421 0.003007 0.995588 0.000267
3 3 0.001214 0.000735 0.004491 0.993100 0.000459
3 3 0.001547 0.000950 0.005402 0.991511 0.000590
3 3 0.002112 0.001320 0.006845 0.988910 0.000813
3 3 0.001735 0.001072 0.005894 0.990635 0.000664
3 3 0.001128 0.000679 0.004244 0.993523 0.000426
3 3 0.001230 0.000744 0.004534 0.993027 0.000465
3 3 0.000997 0.000596 0.003864 0.994168 0.000375
3 3 0.000915 0.000544 0.003619 0.994579 0.000343
3 3 0.000849 0.000503 0.003420 0.994909 0.000318
3 3 0.000967 0.000577 0.003776 0.994316 0.000363
3 3 0.000670 0.000391 0.002853 0.995838 0.000249
3 3 0.000671 0.000392 0.002857 0.995832 0.000249
3 3 0.000876 0.000520 0.003501 0.994775 0.000328
3 3 0.001108 0.000667 0.004188 0.993620 0.000418
3 3 0.001596 0.000981 0.005532 0.991282 0.000609
3 3 0.001490 0.000912 0.005248 0.991782 0.000567
3 3 0.000995 0.000595 0.003859 0.994176 0.000374
3 3 0.000706 0.000414 0.002970 0.995648 0.000263
3 3 0.000536 0.000309 0.002408 0.996549 0.000198
3 3 0.001083 0.000651 0.004115 0.993743 0.000408
3 3 0.001654 0.001019 0.005683 0.991012 0.000632
3 3 0.002283 0.001433 0.007263 0.988140 0.000881
3 3 0.001647 0.001015 0.005666 0.991043 0.000629
3 3 0.001406 0.000858 0.005023 0.992178 0.000534
3 3 0.001287 0.000781 0.004695 0.992749 0.000488
3 3 0.001367 0.000833 0.004915 0.992366 0.000519
3 3 0.001771 0.001095 0.005986 0.990470 0.000678
3 3 0.001053 0.000632 0.004029 0.993889 0.000397
3 3 0.001454 0.000889 0.005152 0.991952 0.000553
3 3 0.002130 0.001332 0.006890 0.988828 0.000820
3 3 0.004105 0.002668 0.011344 0.980270 0.001613
3 3 0.010614 0.007304 0.023281 0.954504 0.004297
3 3 0.016304 0.012888 0.045029 0.918199 0.007581
3 3 0.015255 0.010734 0.030575 0.937186 0.006249
3 3 0.009686 0.006628 0.021729 0.958048 0.003910
3 3 0.006036 0.004015 0.015197 0.972353 0.002400
3 3 0.007376 0.004966 0.017688 0.967018 0.002952
3 3 0.015057 0.010587 0.030278 0.937912 0.006166
3 3 0.013213 0.009215 0.027450 0.944735 0.005387
3 3 0.015047 0.010579 0.030262 0.937952 0.006161
3 3 0.012858 0.008953 0.026894 0.946058 0.005238
3 3 0.007515 0.005065 0.017939 0.966472 0.003009
3 3 0.009690 0.006631 0.021735 0.958032 0.003911
3 3 0.012169 0.008445 0.025805 0.948632 0.004949
3 3 0.013334 0.009305 0.027639 0.944283 0.005438
3 3 0.016228 0.011462 0.032024 0.933626 0.006661
3 3 0.016923 0.011984 0.033044 0.931093 0.006956
3 3 0.056984 0.049525 0.096255 0.767546 0.029689
3 3 0.048691 0.097216 0.202982 0.548451 0.102661
2 1 0.026317 0.130190 0.328741 0.264999 0.249753
4 1 0.012891 0.142476 0.258068 0.070865 0.515699
4 1 0.012388 0.161515 0.244752 0.025516 0.555829
4 1 0.013729 0.173541 0.258016 0.042679 0.512035
4 1 0.012311 0.165890 0.246943 0.043269 0.531587
4 1 0.014680 0.149698 0.226307 0.062153 0.547163
4 1 0.011694 0.152482 0.240314 0.044723 0.550786
4 1 0.015441 0.165510 0.182669 0.030207 0.606173
4 1 0.015789 0.207201 0.197912 0.016434 0.562664
4 4 0.014403 0.141313 0.103446 0.003980 0.736858
4 4 0.021084 0.164389 0.118852 0.002891 0.692785
4 4 0.024488 0.106329 0.066828 0.001803 0.800551
4 4 0.067363 0.148660 0.072170 0.002131 0.709675
4 4 0.027684 0.148498 0.085164 0.004225 0.734428
4 4 0.029314 0.180536 0.132968 0.007704 0.649478
4 4 0.016234 0.100210 0.053365 0.002527 0.827665
4 4 0.030546 0.146366 0.090280 0.003872 0.728936
4 4 0.025503 0.194027 0.146032 0.006161 0.628278
4 4 0.024438 0.192454 0.141948 0.008933 0.632227
4 4 0.011210 0.094276 0.054874 0.002781 0.836859
4 4 0.017284 0.098112 0.053242 0.002840 0.828522
4 4 0.017160 0.092257 0.049122 0.002322 0.839139
4 4 0.028402 0.106627 0.051996 0.002128 0.810847
4 4 0.041421 0.143109 0.076528 0.005400 0.733543
4 4 0.034789 0.188595 0.118723 0.006157 0.651737
4 4 0.020203 0.241203 0.190975 0.006937 0.540683
4 4 0.017896 0.244136 0.206549 0.014811 0.516608
4 4 0.016535 0.257349 0.232791 0.020555 0.472771
4 4 0.015282 0.211768 0.189258 0.030521 0.553171
4 2 0.022776 0.224649 0.213346 0.049051 0.490178
4 2 0.020314 0.222742 0.236218 0.041564 0.479162
4 2 0.015977 0.204531 0.237745 0.039201 0.502546
4 2 0.015742 0.189401 0.193541 0.015930 0.585386
4 2 0.012833 0.183770 0.187290 0.011938 0.604168
4 2 0.041768 0.243535 0.181157 0.019598 0.513942
4 2 0.060734 0.216843 0.141877 0.018424 0.562121
4 4 0.062608 0.208551 0.140103 0.031632 0.557106
4 2 0.077438 0.208994 0.138646 0.029882 0.545039
4 2 0.043785 0.226382 0.210229 0.030379 0.489225
2 2 0.026300 0.246404 0.353865 0.053196 0.320235
2 2 0.014831 0.274799 0.437487 0.017320 0.255563
4 2 0.027963 0.293559 0.318952 0.030101 0.329425
2 2 0.030874 0.343131 0.399362 0.022060 0.204573
2 2 0.034026 0.309283 0.358068 0.044802 0.253822
2 2 0.030142 0.210710 0.379382 0.117387 0.262379
2 2 0.034558 0.215998 0.337890 0.111520 0.300034
2 2 0.027313 0.281134 0.450216 0.032068 0.209270
2 2 0.024805 0.323552 0.493239 0.017004 0.141399
2 2 0.020938 0.350303 0.441762 0.007906 0.179091
2 2 0.040875 0.354978 0.359781 0.011636 0.232729
2 2 0.026069 0.356411 0.386537 0.007483 0.223500
2 2 0.018512 0.352460 0.422462 0.010936 0.195630
4 2 0.011836 0.308315 0.330862 0.009861 0.339126
4 2 0.012213 0.253470 0.318615 0.016761 0.398941
4 2 0.019383 0.240185 0.345699 0.042964 0.351769
2 2 0.023683 0.222629 0.389192 0.077997 0.286499
2 2 0.029578 0.208931 0.446254 0.120208 0.195027
2 2 0.037876 0.154070 0.321401 0.288584 0.198069
2 2 0.038269 0.150958 0.328042 0.268259 0.214472
2 2 0.030347 0.142654 0.360108 0.251189 0.215701
2 2 0.018344 0.198235 0.490941 0.067156 0.225324
2 2 0.018083 0.216973 0.457240 0.047782 0.259922
2 2 0.027193 0.201300 0.425720 0.097224 0.248562
2 2 0.038959 0.206892 0.346360 0.144066 0.263723
4 2 0.030085 0.185681 0.301561 0.126476 0.356198
2 2 0.018882 0.167673 0.385240 0.104002 0.324203
2 2 0.013538 0.167548 0.513363 0.078296 0.227255
2 2 0.012006 0.124515 0.677438 0.093532 0.092509
2 2 0.011825 0.080669 0.698551 0.162536 0.046419
2 2 0.008723 0.046183 0.738266 0.185828 0.021000
2 2 0.009828 0.043018 0.702799 0.228864 0.015491
2 2 0.025278 0.104283 0.611064 0.204801 0.054573
2 2 0.033275 0.176975 0.552281 0.119014 0.118455
2 2 0.017955 0.204993 0.568188 0.039924 0.168941
2 2 0.020603 0.348520 0.401537 0.012841 0.216500
2 2 0.024730 0.327246 0.472509 0.017373 0.158143
2 2 0.057134 0.350062 0.389088 0.038792 0.164924
2 2 0.071970 0.222693 0.438369 0.159932 0.107036
2 2 0.055338 0.127634 0.412275 0.341295 0.063458
3 2 0.056973 0.095392 0.330629 0.471150 0.045856
3 2 0.020338 0.061533 0.409558 0.466624 0.041947
2 2 0.016332 0.060585 0.436802 0.434693 0.051589
2 2 0.014449 0.075869 0.608838 0.247011 0.053833
2 2 0.017586 0.088920 0.608588 0.221224 0.063683
2 2 0.012108 0.137578 0.680405 0.059760 0.110148
2 2 0.012568 0.159712 0.666985 0.041673 0.119063
2 2 0.009997 0.139648 0.702692 0.047170 0.100494
2 2 0.026713 0.146773 0.568827 0.156483 0.101204
2 2 0.059538 0.131475 0.384074 0.351586 0.073327
3 2 0.078335 0.099517 0.266372 0.506690 0.049086
3 2 0.081675 0.119842 0.308892 0.436391 0.053200
2 3 0.047706 0.121109 0.473500 0.304027 0.053658
2 3 0.039492 0.116978 0.432621 0.342416 0.068492
3 3 0.044607 0.131216 0.316248 0.376391 0.131539
2 3 0.045172 0.174938 0.288513 0.251759 0.239618
3 3 0.042338 0.135340 0.276911 0.351311 0.194100
2 3 0.027383 0.165515 0.446312 0.183257 0.177533
2 3 0.045389 0.173000 0.407541 0.222428 0.151642
2 3 0.027979 0.088525 0.541812 0.297679 0.044006
3 3 0.026682 0.059046 0.394044 0.492127 0.028101
3 3 0.038733 0.092493 0.388886 0.429703 0.050185
3 3 0.042580 0.070072 0.286397 0.555779 0.045171
3 3 0.043273 0.079092 0.277202 0.532622 0.067810
2 3 0.052246 0.154075 0.578519 0.165507 0.049653
2 3 0.058727 0.166151 0.531900 0.191918 0.051304
3 3 0.064846 0.104338 0.338963 0.445978 0.045875
3 3 0.027214 0.056626 0.407530 0.483652 0.024978
3 3 0.016166 0.025067 0.218611 0.726858 0.013298
3 3 0.009742 0.015663 0.193720 0.772217 0.008658
3 2 0.015038 0.024137 0.245872 0.701677 0.013276
3 2 0.017589 0.040197 0.455185 0.468091 0.018938
2 2 0.018553 0.058175 0.603007 0.298288 0.021977
2 2 0.038928 0.099535 0.525536 0.299312 0.036689
2 2 0.039703 0.116108 0.584987 0.219710 0.039492
2 2 0.046798 0.126361 0.544138 0.239448 0.043255
2 2 0.031266 0.097342 0.583957 0.255369 0.032066
2 2 0.053756 0.141305 0.502628 0.252280 0.050031
2 3 0.034059 0.114052 0.614090 0.200742 0.037057
2 3 0.033835 0.105234 0.592153 0.234206 0.034572
2 3 0.028330 0.085849 0.592478 0.263148 0.030195
2 3 0.052267 0.108848 0.464682 0.329773 0.044431
3 3 0.033126 0.048418 0.273713 0.619385 0.025358
3 3 0.033912 0.047712 0.268066 0.624542 0.025767
3 3 0.034076 0.041407 0.225382 0.674563 0.024573
3 3 0.032872 0.055424 0.354500 0.529259 0.027944
3 3 0.041871 0.080885 0.416088 0.425662 0.035494
2 3 0.033261 0.072808 0.450506 0.413016 0.030409
3 3 0.031629 0.066805 0.416623 0.453136 0.031806
3 3 0.038045 0.095435 0.396432 0.409329 0.060758
3 3 0.045300 0.088610 0.261019 0.535140 0.069931
3 3 0.080945 0.135815 0.258641 0.433365 0.091234
2 3 0.072392 0.174104 0.446911 0.237153 0.069441
2 3 0.050026 0.160443 0.575812 0.163341 0.050378
3 3 0.027785 0.033929 0.209443 0.708425 0.020418
3 3 0.039556 0.065962 0.366871 0.494861 0.032750
3 3 0.051534 0.067704 0.268261 0.576849 0.035652
3 3 0.028493 0.033465 0.178858 0.738689 0.020495
3 3 0.037898 0.046149 0.160034 0.724397 0.031522
3 3 0.058614 0.071897 0.183661 0.636349 0.049478
3 3 0.068486 0.103523 0.284623 0.493717 0.049652
2 3 0.059747 0.215255 0.531422 0.131560 0.062015
2 3 0.075585 0.349337 0.405177 0.048881 0.121021
2 3 0.052649 0.358591 0.403042 0.032409 0.153309
2 2 0.033783 0.327050 0.356441 0.032459 0.250267
2 2 0.030300 0.313772 0.412523 0.027731 0.215675
2 2 0.044293 0.279086 0.401325 0.074601 0.200694
3 2 0.091810 0.185508 0.250754 0.319842 0.152087
3 2 0.055549 0.089483 0.228129 0.552479 0.074360
3 2 0.058091 0.123901 0.252469 0.435842 0.129697
3 3 0.074095 0.173276 0.270044 0.292535 0.190050
2 3 0.038244 0.239223 0.435217 0.090867 0.196450
2 3 0.027659 0.290989 0.537018 0.024795 0.119539
2 3 0.036699 0.241689 0.556338 0.065117 0.100156
2 3 0.031501 0.236153 0.513850 0.057905 0.160591
2 3 0.027911 0.213588 0.517940 0.067557 0.173004
2 3 0.072873 0.317074 0.384748 0.063407 0.161898
2 0 0.085462 0.347909 0.351189 0.029917 0.185522
2 1 0.096480 0.357376 0.404282 0.040478 0.101384
2 1 0.070939 0.361982 0.475555 0.027429 0.064095
2 1 0.063093 0.363580 0.486825 0.023530 0.062972
2 1 0.048221 0.358086 0.401793 0.030161 0.161739
2 1 0.047220 0.333197 0.388889 0.044968 0.185727
2 1 0.040656 0.353936 0.391047 0.027087 0.187274
2 1 0.025101 0.366967 0.485785 0.010913 0.111234
2 1 0.030165 0.361324 0.429635 0.017140 0.161735
2 1 0.012116 0.297988 0.456128 0.010561 0.223207
2 1 0.013019 0.268840 0.413417 0.015969 0.288756
2 1 0.005407 0.214451 0.512476 0.008592 0.259075
4 1 0.008006 0.212118 0.373438 0.005245 0.401193
2 1 0.005868 0.218119 0.408911 0.003553 0.363549
4 2 0.008373 0.235330 0.301355 0.003972 0.450971
4 2 0.007480 0.207816 0.290629 0.002740 0.491336
4 2 0.012759 0.174138 0.191261 0.004061 0.617780
4 4 0.015584 0.107430 0.075089 0.003306 0.798591
4 4 0.022494 0.089860 0.049531 0.001401 0.836714
4 4 0.056228 0.056863 0.030473 0.000748 0.855688
4 4 0.322203 0.046495 0.034603 0.001745 0.594954
0 4 0.658378 0.025719 0.023095 0.001749 0.291060
0 4 0.793512 0.031568 0.023190 0.002101 0.149629
0 4 0.837597 0.049350 0.024625 0.001898 0.086530
0 4 0.314246 0.274333 0.187789 0.015773 0.207859
1 4 0.104439 0.345077 0.285108 0.008132 0.257244
2 4 0.011528 0.261939 0.423611 0.005175 0.297746
2 4 0.024125 0.268649 0.465478 0.017903 0.223845
4 4 0.082595 0.289167 0.227450 0.011966 0.388822
4 4 0.181611 0.296303 0.202065 0.008384 0.311637
4 4 0.105729 0.228207 0.152694 0.006719 0.506652
4 4 0.050031 0.275185 0.199605 0.004404 0.470774
4 4 0.045931 0.253493 0.172102 0.002454 0.526020
4 4 0.010955 0.204078 0.251779 0.003707 0.529483
4 4 0.006631 0.150403 0.196140 0.002876 0.643950
4 4 0.010416 0.106557 0.095852 0.002082 0.785092
4 4 0.014621 0.097883 0.082543 0.002471 0.802482
4 4 0.015651 0.274255 0.245223 0.005883 0.458987
4 4 0.013798 0.261070 0.230021 0.005570 0.489541
4 4 0.042526 0.270288 0.209870 0.013083 0.464233
4 4 0.042174 0.182544 0.110910 0.007882 0.656489
4 4 0.056644 0.164608 0.089201 0.005086 0.684461
4 4 0.056685 0.107254 0.045228 0.001156 0.789676
4 4 0.115341 0.149179 0.080878 0.005927 0.648676
4 4 0.181368 0.158439 0.093038 0.009476 0.557680
0 4 0.334563 0.212462 0.117340 0.013524 0.322111
1 4 0.109495 0.349673 0.315326 0.020030 0.205476
4 4 0.044285 0.277981 0.207103 0.004460 0.466172
4 4 0.006063 0.152533 0.167424 0.002500 0.671480
4 4 0.005388 0.119616 0.149957 0.002274 0.722766
4 4 0.014014 0.094404 0.057114 0.002523 0.831945
4 4 0.035936 0.101811 0.049302 0.001824 0.811127
4 4 0.040860 0.112878 0.093601 0.003514 0.749148
4 4 0.073060 0.126765 0.057341 0.002025 0.740810
4 4 0.058943 0.117454 0.051955 0.001676 0.769973
4 4 0.042343 0.144849 0.075761 0.003088 0.733960
4 4 0.055853 0.150608 0.083941 0.007002 0.702596
4 4 0.116230 0.160590 0.085822 0.006647 0.630710
4 4 0.174281 0.159407 0.091213 0.008657 0.566443
4 4 0.291160 0.151360 0.092071 0.010853 0.454556
4 4 0.250135 0.114524 0.055117 0.002208 0.578015
4 4 0.293722 0.120444 0.054561 0.002047 0.529227
0 4 0.447063 0.140194 0.059942 0.002945 0.349856
1 4 0.271622 0.295875 0.214327 0.015383 0.202794
1 4 0.278664 0.287891 0.211270 0.021896 0.200279
0 4 0.324608 0.218521 0.149157 0.021905 0.285809
4 4 0.268879 0.182733 0.117823 0.015235 0.415331
4 4 0.018724 0.189387 0.176242 0.004855 0.610792
4 4 0.023980 0.281668 0.317080 0.011883 0.365388
4 4 0.013373 0.216774 0.196249 0.009797 0.563807
4 4 0.009375 0.216452 0.257228 0.015409 0.501535
4 4 0.013187 0.209089 0.218414 0.015718 0.543593
4 1 0.019796 0.200176 0.257422 0.012996 0.509610
4 1 0.059339 0.214975 0.220674 0.027020 0.477992
1 1 0.082652 0.301690 0.283903 0.058501 0.273254
2 1 0.121378 0.324091 0.383561 0.075481 0.095489
2 1 0.085609 0.342575 0.443940 0.044990 0.082886
2 1 0.080008 0.319361 0.485882 0.045053 0.069696
2 1 0.069803 0.361773 0.429930 0.035588 0.102906
2 1 0.050001 0.364618 0.432317 0.026829 0.126236
2 1 0.034618 0.357445 0.408043 0.021568 0.178327
1 1 0.073521 0.324294 0.275275 0.018986 0.307924
1 1 0.125912 0.336156 0.264617 0.008034 0.265282
4 1 0.132103 0.287006 0.193425 0.007347 0.380119
4 1 0.039972 0.306236 0.243720 0.002825 0.407247
4 1 0.036903 0.264949 0.196872 0.004447 0.496828
2 1 0.003876 0.182024 0.558338 0.008531 0.247231
2 2 0.007537 0.195323 0.405697 0.018044 0.373398
4 2 0.008046 0.178427 0.356476 0.024921 0.432130
4 2 0.012931 0.196178 0.274319 0.017762 0.498811
4 2 0.020448 0.200135 0.212242 0.014143 0.553032
4 2 0.021231 0.190277 0.139239 0.007325 0.641928
4 2 0.017114 0.219301 0.167584 0.005801 0.590200
4 2 0.011140 0.239935 0.209095 0.006290 0.533540
4 2 0.018406 0.196178 0.139684 0.005986 0.639746
4 2 0.043243 0.214058 0.140999 0.008412 0.593288
4 2 0.059207 0.225522 0.145258 0.007951 0.562063
2 2 0.014836 0.205851 0.504473 0.040801 0.234040
2 2 0.015441 0.194142 0.494711 0.056642 0.239064
2 2 0.018248 0.197553 0.531016 0.069992 0.183191
2 2 0.019599 0.189973 0.494283 0.084369 0.211775
2 2 0.015693 0.150537 0.472695 0.107013 0.254063
2 2 0.010804 0.128044 0.548442 0.094374 0.218336
