0 0 0.833771 0.079091 0.029858 0.002172 0.055107
0 0 0.805142 0.114968 0.054156 0.002491 0.023243
0 0 0.653667 0.172080 0.104127 0.002929 0.067196
0 1 0.501232 0.166360 0.182760 0.006264 0.143385
0 1 0.641096 0.105669 0.094879 0.004342 0.154015
0 1 0.632825 0.132149 0.094637 0.005065 0.135324
0 1 0.672511 0.128785 0.076014 0.003548 0.119142
0 1 0.533022 0.180086 0.154589 0.004366 0.127938
0 2 0.515200 0.165817 0.188992 0.004852 0.125139
0 2 0.528721 0.148878 0.217008 0.004870 0.100522
0 2 0.391942 0.175335 0.240824 0.007881 0.184017
2 2 0.181177 0.197326 0.395636 0.010733 0.215130
2 2 0.121513 0.202692 0.468065 0.009831 0.197899
2 2 0.134397 0.179935 0.513033 0.010031 0.162603
0 2 0.598722 0.133546 0.182115 0.006073 0.079544
0 2 0.661679 0.135045 0.124218 0.006597 0.072461
0 2 0.760525 0.098454 0.045589 0.005015 0.090417
0 2 0.837059 0.071644 0.025818 0.001977 0.063502
0 2 0.692397 0.084721 0.057521 0.004686 0.160676
0 2 0.702467 0.102670 0.064071 0.006284 0.124508
0 2 0.751185 0.107679 0.060185 0.004805 0.076146
0 2 0.764434 0.120178 0.058670 0.005073 0.051644
0 2 0.719608 0.130327 0.086457 0.005774 0.057833
0 2 0.667209 0.152304 0.144842 0.004643 0.031002
0 2 0.566761 0.122012 0.235442 0.003911 0.071875
0 2 0.391418 0.137176 0.385985 0.008009 0.077411
2 2 0.218363 0.126919 0.544477 0.021604 0.088637
2 2 0.320435 0.140041 0.380449 0.020433 0.138641
2 2 0.256595 0.129916 0.478311 0.025708 0.109470
2 2 0.295339 0.162012 0.372273 0.010384 0.159993
0 2 0.472533 0.138215 0.327006 0.005300 0.056946
0 2 0.533600 0.145877 0.255169 0.006181 0.059173
0 2 0.602185 0.145807 0.174434 0.007436 0.070138
0 2 0.614624 0.144312 0.165531 0.007107 0.068427
0 2 0.666465 0.134592 0.137738 0.004996 0.056209
0 2 0.530074 0.137441 0.124545 0.007463 0.200477
0 2 0.720043 0.098533 0.070532 0.004413 0.106479
0 2 0.715259 0.108005 0.122222 0.002063 0.052451
0 2 0.651713 0.133433 0.162933 0.002626 0.049294
0 1 0.789168 0.079931 0.047641 0.002235 0.081025
0 1 0.629826 0.102388 0.081203 0.002917 0.183666
0 1 0.606118 0.091572 0.048586 0.003084 0.250639
0 1 0.468966 0.126603 0.076924 0.002896 0.324611
0 1 0.606146 0.106337 0.036240 0.002745 0.248532
0 1 0.425958 0.149606 0.050664 0.002219 0.371553
4 1 0.183631 0.238681 0.139625 0.004241 0.433822
4 1 0.094389 0.218873 0.281640 0.005196 0.399901
4 1 0.210224 0.159771 0.212190 0.011725 0.406090
0 1 0.672972 0.118336 0.110988 0.005522 0.092182
0 1 0.711457 0.135665 0.082199 0.005310 0.065369
0 1 0.818847 0.060650 0.017093 0.001010 0.102400
0 1 0.593252 0.097543 0.034959 0.001585 0.272661
4 1 0.329098 0.091458 0.036566 0.001945 0.540932
4 1 0.328207 0.081971 0.031044 0.001976 0.556802
0 1 0.513042 0.105251 0.036274 0.002271 0.343162
0 1 0.699646 0.087845 0.028182 0.001552 0.182774
0 1 0.675122 0.098847 0.032907 0.001149 0.191974
0 1 0.523229 0.172235 0.072570 0.001646 0.230320
0 1 0.474261 0.173675 0.059242 0.001906 0.290916
0 1 0.450836 0.183521 0.059790 0.001475 0.304379
4 1 0.164724 0.080877 0.032849 0.002681 0.718870
0 1 0.632225 0.073752 0.030403 0.003631 0.259990
0 1 0.462829 0.150250 0.085983 0.003175 0.297763
0 1 0.454987 0.162070 0.071238 0.002673 0.309033
4 1 0.316359 0.160583 0.108233 0.002907 0.411917
4 1 0.192945 0.209786 0.211394 0.005663 0.380212
4 1 0.271646 0.187644 0.081002 0.003648 0.456061
0 1 0.585981 0.148316 0.056357 0.003182 0.206164
0 4 0.615887 0.077250 0.022674 0.001241 0.282948
4 4 0.200922 0.090686 0.038276 0.001553 0.668563
4 4 0.075155 0.127606 0.109574 0.002329 0.685336
4 4 0.094113 0.139266 0.101642 0.001704 0.663274
4 4 0.321172 0.118588 0.038881 0.001451 0.519907
0 4 0.538840 0.132946 0.053316 0.001532 0.273367
0 4 0.647167 0.096768 0.032563 0.001652 0.221850
0 4 0.715484 0.101458 0.036270 0.002552 0.144237
0 4 0.581593 0.147136 0.092859 0.002959 0.175453
0 4 0.636310 0.102006 0.082557 0.003462 0.175666
0 4 0.595067 0.101742 0.082769 0.003710 0.216712
0 4 0.457113 0.179554 0.129357 0.002519 0.231457
0 4 0.454046 0.145235 0.060594 0.001769 0.338356
0 4 0.477161 0.086905 0.030050 0.001404 0.404480
4 4 0.373578 0.096547 0.041370 0.002393 0.486112
0 4 0.512079 0.157320 0.067241 0.002076 0.261283
0 4 0.592514 0.100353 0.046339 0.003024 0.257770
0 4 0.738693 0.061951 0.021532 0.003706 0.174119
0 4 0.770599 0.066296 0.023448 0.003321 0.136337
0 4 0.491654 0.126799 0.043453 0.002691 0.335402
4 4 0.344219 0.150238 0.065120 0.001444 0.438979
4 4 0.179947 0.087025 0.033037 0.001316 0.698675
0 4 0.564492 0.203376 0.132660 0.002875 0.096596
0 4 0.490790 0.212225 0.213956 0.003207 0.079822
0 4 0.387118 0.201397 0.302153 0.004229 0.105102
2 4 0.303698 0.208080 0.362454 0.006666 0.119102
2 2 0.252373 0.257248 0.379318 0.005983 0.105078
0 2 0.442681 0.212352 0.242557 0.009344 0.093066
0 2 0.522501 0.160829 0.208332 0.013923 0.094416
0 2 0.516272 0.155675 0.184948 0.017246 0.125859
0 2 0.686099 0.117499 0.085613 0.006938 0.103851
0 2 0.447420 0.216958 0.197123 0.009599 0.128900
0 2 0.463702 0.178991 0.170235 0.008750 0.178322
2 2 0.319434 0.194689 0.381956 0.011101 0.092819
2 2 0.253017 0.162718 0.464502 0.018750 0.101013
2 2 0.294433 0.156744 0.437685 0.027544 0.083595
2 2 0.296337 0.147272 0.460034 0.025485 0.070873
2 2 0.252038 0.142345 0.512044 0.022216 0.071357
2 2 0.325926 0.147497 0.402192 0.026462 0.097923
0 2 0.427978 0.156673 0.279771 0.029986 0.105592
2 2 0.274512 0.150261 0.386009 0.085803 0.103416
2 2 0.275643 0.164229 0.376297 0.090135 0.093696
2 2 0.161028 0.137497 0.533412 0.116056 0.052007
2 2 0.029547 0.055299 0.718783 0.176331 0.020040
2 2 0.078763 0.093506 0.646387 0.148750 0.032594
2 2 0.025603 0.045362 0.545415 0.366509 0.017111
2 2 0.036638 0.054508 0.504420 0.382386 0.022048
2 2 0.093359 0.090029 0.530365 0.243488 0.042759
2 2 0.168831 0.121462 0.422574 0.234444 0.052688
0 2 0.441372 0.153865 0.225261 0.102325 0.077176
0 2 0.449843 0.147631 0.225183 0.107479 0.069864
0 2 0.460689 0.145036 0.215075 0.104110 0.075090
3 2 0.128103 0.087295 0.249573 0.468177 0.066852
3 2 0.113956 0.072933 0.222523 0.522182 0.068407
3 3 0.156518 0.082027 0.211230 0.450391 0.099834
3 3 0.152911 0.095952 0.246344 0.426182 0.078612
3 3 0.079161 0.066366 0.239985 0.573273 0.041215
3 3 0.060112 0.055729 0.206197 0.633596 0.044365
3 3 0.079663 0.060035 0.189229 0.598212 0.072861
3 3 0.090750 0.063571 0.189937 0.573300 0.082441
3 3 0.181822 0.099866 0.236280 0.352383 0.129649
2 3 0.296018 0.139577 0.342716 0.102925 0.118764
2 3 0.254236 0.148268 0.401409 0.120159 0.075927
0 3 0.491993 0.172162 0.196021 0.046029 0.093795
0 3 0.435874 0.152309 0.183315 0.083409 0.145093
0 3 0.355963 0.135553 0.175488 0.155363 0.177633
0 3 0.261397 0.123185 0.209434 0.259736 0.146247
3 3 0.156804 0.095647 0.206344 0.412870 0.128334
0 2 0.273730 0.126231 0.199163 0.238238 0.162637
3 2 0.106552 0.074562 0.217724 0.527137 0.074025
3 2 0.182727 0.107688 0.308375 0.310758 0.090452
3 2 0.063996 0.058843 0.291920 0.547122 0.038120
3 2 0.101070 0.084975 0.329920 0.432179 0.051856
3 2 0.045536 0.041676 0.170929 0.699654 0.042205
3 2 0.047076 0.042734 0.171931 0.694252 0.044006
3 2 0.048876 0.046376 0.183788 0.678880 0.042080
3 2 0.072444 0.065202 0.247894 0.556263 0.058198
3 2 0.066616 0.072085 0.358671 0.456093 0.046535
3 2 0.169795 0.116947 0.272087 0.366395 0.074776
3 2 0.122733 0.094110 0.255367 0.458446 0.069345
3 2 0.215868 0.121349 0.244838 0.314562 0.103383
3 2 0.242068 0.127378 0.265753 0.282295 0.082507
3 2 0.137753 0.088932 0.211908 0.453433 0.107974
3 2 0.102342 0.079746 0.222893 0.499294 0.095725
3 3 0.149984 0.105065 0.278560 0.337430 0.128960
2 3 0.118405 0.101263 0.363767 0.340414 0.076151
2 3 0.189593 0.123009 0.362971 0.225856 0.098571
3 2 0.217096 0.125202 0.261670 0.308025 0.088007
0 2 0.282108 0.135277 0.245022 0.236098 0.101494
3 2 0.204027 0.117533 0.264365 0.333195 0.080880
0 2 0.345579 0.147816 0.241669 0.172423 0.092513
0 2 0.409886 0.164200 0.230839 0.113622 0.081452
2 2 0.297620 0.162289 0.357651 0.121572 0.060869
2 2 0.206073 0.143460 0.479114 0.131797 0.039556
2 2 0.101823 0.097381 0.529155 0.229721 0.041920
3 2 0.109211 0.085017 0.362888 0.385448 0.057436
3 2 0.077313 0.062339 0.276105 0.544720 0.039523
0 2 0.315519 0.147243 0.261390 0.194590 0.081258
3 2 0.188086 0.107922 0.239848 0.365539 0.098604
3 2 0.169424 0.117453 0.299766 0.345241 0.068117
2 2 0.204041 0.130696 0.351647 0.225115 0.088500
2 2 0.232057 0.144742 0.334948 0.217027 0.071226
2 2 0.261256 0.146501 0.328681 0.171191 0.092371
0 2 0.572099 0.150917 0.158110 0.045383 0.073491
0 0 0.576591 0.154571 0.174017 0.042166 0.052654
0 0 0.826051 0.097986 0.049079 0.002583 0.024300
0 1 0.898127 0.061093 0.019796 0.000610 0.020375
0 1 0.855982 0.088864 0.035753 0.001200 0.018201
0 1 0.632989 0.191220 0.130724 0.011636 0.033431
0 1 0.584831 0.166517 0.146978 0.015460 0.086214
2 2 0.213490 0.141518 0.475137 0.059800 0.110056
2 2 0.139370 0.121793 0.613682 0.059891 0.065264
2 2 0.270847 0.147545 0.495836 0.026724 0.059048
2 2 0.217043 0.124232 0.467648 0.085425 0.105652
2 2 0.214178 0.111548 0.329620 0.196564 0.148090
3 2 0.186633 0.092823 0.268413 0.280961 0.171170
3 2 0.112779 0.076425 0.348246 0.351459 0.111092
3 2 0.067207 0.057371 0.307852 0.492759 0.074810
3 2 0.057399 0.053232 0.268667 0.559531 0.061171
3 2 0.082677 0.059368 0.186788 0.595780 0.075387
3 3 0.064138 0.044419 0.167345 0.665301 0.058797
3 3 0.093394 0.053248 0.172097 0.597212 0.084049
3 3 0.087276 0.051005 0.170534 0.612409 0.078776
3 3 0.081862 0.049413 0.169764 0.624838 0.074123
3 3 0.117124 0.060922 0.175371 0.542286 0.104298
3 3 0.062556 0.041614 0.162098 0.676446 0.057286
3 3 0.121362 0.061481 0.174619 0.534704 0.107834
3 3 0.103143 0.058649 0.177212 0.568452 0.092544
3 3 0.168291 0.079523 0.179351 0.425387 0.147448
3 3 0.129455 0.082539 0.198413 0.473741 0.115853
3 3 0.155416 0.098147 0.202690 0.405631 0.138115
3 2 0.116825 0.096421 0.250460 0.424383 0.111910
3 2 0.200363 0.115284 0.244894 0.264463 0.174996
3 2 0.182175 0.099305 0.204947 0.349043 0.164529
3 2 0.230922 0.099558 0.170807 0.299843 0.198870
3 2 0.182599 0.093822 0.208810 0.347207 0.167563
3 2 0.141033 0.080503 0.202648 0.455777 0.120039
3 2 0.176185 0.094071 0.202083 0.394302 0.133359
3 2 0.169095 0.107403 0.218815 0.378737 0.125950
3 2 0.106779 0.089815 0.268463 0.448672 0.086271
2 2 0.138740 0.111383 0.363185 0.305966 0.080726
2 2 0.230945 0.130750 0.296164 0.228258 0.113884
3 2 0.143567 0.086351 0.196519 0.445839 0.127724
3 2 0.101925 0.073116 0.198751 0.533848 0.092360
3 2 0.091999 0.063981 0.190022 0.570480 0.083518
3 2 0.076539 0.057651 0.186654 0.609075 0.070082
3 2 0.086500 0.055154 0.178104 0.601860 0.078382
3 3 0.053206 0.040294 0.163383 0.693919 0.049199
3 3 0.060498 0.039990 0.159423 0.684656 0.055433
0 3 0.513838 0.112959 0.123633 0.078295 0.171275
0 3 0.478729 0.180340 0.188169 0.063766 0.088996
0 3 0.519563 0.225101 0.169308 0.022949 0.063080
0 3 0.388132 0.313391 0.234170 0.012414 0.051893
0 3 0.334373 0.218195 0.304371 0.098024 0.045037
3 3 0.155541 0.097873 0.251559 0.343425 0.151602
0 3 0.248797 0.115234 0.207883 0.192381 0.235705
0 3 0.307348 0.124202 0.232576 0.137479 0.198396
2 3 0.273911 0.130875 0.341583 0.147292 0.106339
0 3 0.291743 0.124190 0.243274 0.202833 0.137960
3 3 0.131137 0.083045 0.220178 0.443361 0.122279
3 3 0.126975 0.077831 0.193987 0.487676 0.113530
3 3 0.039855 0.035411 0.158474 0.728886 0.037374
3 3 0.071744 0.047929 0.171104 0.643747 0.065476
3 3 0.089548 0.056798 0.190245 0.594751 0.068658
3 3 0.128985 0.079777 0.243229 0.486599 0.061410
2 3 0.202813 0.115565 0.358976 0.278248 0.044398
2 3 0.272705 0.136100 0.315821 0.209283 0.066092
0 3 0.400136 0.150907 0.204025 0.117434 0.127498
0 3 0.423886 0.139218 0.194531 0.126499 0.115867
3 1 0.151463 0.093890 0.246886 0.431959 0.075802
3 1 0.240553 0.112275 0.223690 0.304703 0.118779
0 1 0.342158 0.136618 0.222370 0.186509 0.112345
0 1 0.507768 0.162321 0.226447 0.061836 0.041628
0 2 0.791293 0.115539 0.063160 0.003785 0.026223
0 2 0.857886 0.093983 0.039367 0.000751 0.008013
0 2 0.798055 0.127138 0.064265 0.001570 0.008973
0 1 0.561151 0.189936 0.156565 0.029031 0.063318
2 2 0.210863 0.113680 0.244888 0.222217 0.208352
2 2 0.174915 0.105825 0.390548 0.160871 0.167841
2 2 0.222059 0.098415 0.368708 0.089765 0.221054
0 4 0.574327 0.113599 0.100914 0.024668 0.186492
0 4 0.613860 0.051358 0.018479 0.005761 0.310542
0 4 0.535011 0.036413 0.015427 0.007748 0.405401
4 4 0.417446 0.043191 0.020015 0.007747 0.511600
0 4 0.489932 0.053944 0.036770 0.028947 0.390408
4 4 0.371539 0.076563 0.032530 0.009288 0.510080
4 4 0.367280 0.079277 0.032090 0.008481 0.512872
4 4 0.285183 0.077948 0.028725 0.005055 0.603090
4 4 0.172777 0.053800 0.015004 0.001088 0.757331
4 4 0.197850 0.034907 0.007313 0.000496 0.759434
4 4 0.170743 0.038145 0.009622 0.000517 0.780974
4 4 0.215084 0.031747 0.006364 0.000450 0.746355
4 4 0.204663 0.037745 0.008318 0.000612 0.748661
4 4 0.129230 0.069123 0.025253 0.001038 0.775355
4 4 0.061783 0.061716 0.020133 0.000537 0.855831
4 4 0.042566 0.065536 0.051196 0.000534 0.840169
4 4 0.039796 0.035989 0.018668 0.000131 0.905416
4 4 0.055796 0.025071 0.006472 0.000075 0.912587
4 4 0.127753 0.021329 0.003792 0.000154 0.846972
4 4 0.087981 0.019460 0.002735 0.000062 0.889762
4 4 0.166205 0.041879 0.009574 0.000597 0.781745
4 4 0.183521 0.050760 0.012561 0.000817 0.752342
0 4 0.552338 0.165566 0.200297 0.003053 0.078746
0 4 0.678824 0.115097 0.153269 0.002563 0.050247
0 4 0.544922 0.122810 0.245551 0.004553 0.082163
0 4 0.529821 0.139127 0.243962 0.006916 0.080173
0 4 0.541039 0.161481 0.217349 0.004898 0.075233
0 4 0.547450 0.164057 0.212294 0.009236 0.066964
0 4 0.484360 0.166477 0.263798 0.012425 0.072940
2 4 0.350025 0.179104 0.357923 0.028277 0.084671
2 4 0.233572 0.160784 0.525044 0.021700 0.058900
2 4 0.253820 0.166037 0.518499 0.012413 0.049230
2 2 0.238215 0.176794 0.523225 0.015162 0.046605
2 2 0.219731 0.169224 0.538558 0.034177 0.038310
2 2 0.340917 0.187062 0.379295 0.033244 0.059483
2 2 0.190632 0.175884 0.551587 0.048015 0.033883
2 2 0.183749 0.169344 0.568164 0.052179 0.026564
2 2 0.173336 0.246706 0.451686 0.042703 0.085570
0 2 0.547192 0.220421 0.164698 0.015686 0.052002
0 2 0.444447 0.233541 0.263927 0.022040 0.036045
0 2 0.429898 0.177025 0.286560 0.038250 0.068268
0 2 0.345200 0.177851 0.273084 0.112077 0.091788
0 2 0.576117 0.163713 0.122582 0.030639 0.106949
0 2 0.572294 0.182325 0.139108 0.027676 0.078597
0 2 0.556604 0.194726 0.150933 0.027911 0.069826
0 2 0.487738 0.203738 0.207430 0.046184 0.054910
0 2 0.487967 0.154284 0.180888 0.041113 0.135748
0 2 0.377916 0.166666 0.281067 0.067825 0.106526
0 2 0.493683 0.172746 0.178792 0.048998 0.105781
0 2 0.467301 0.183250 0.279623 0.021559 0.048267
2 2 0.340795 0.185206 0.408284 0.026954 0.038761
0 2 0.438300 0.237267 0.231901 0.039176 0.053357
2 2 0.126693 0.182428 0.564201 0.006318 0.120360
2 2 0.051954 0.135229 0.711386 0.010194 0.091238
2 2 0.114678 0.141482 0.597076 0.008969 0.137795
2 2 0.197583 0.120693 0.505239 0.014001 0.162483
2 2 0.313108 0.125656 0.430237 0.013164 0.117835
0 2 0.382873 0.133070 0.342835 0.018952 0.122271
2 2 0.284760 0.135547 0.481189 0.022034 0.076470
2 2 0.131571 0.103962 0.662615 0.041766 0.060086
2 2 0.125792 0.101434 0.618384 0.075086 0.079304
2 2 0.258084 0.119829 0.380305 0.055389 0.186393
2 2 0.254638 0.118319 0.341625 0.079123 0.206296
2 2 0.245669 0.123516 0.332689 0.094665 0.203461
2 2 0.199372 0.126164 0.329765 0.137168 0.207530
2 2 0.101878 0.095129 0.392768 0.290769 0.119456
3 2 0.048575 0.056488 0.327305 0.512032 0.055600
3 2 0.210752 0.101545 0.200498 0.295701 0.191504
3 2 0.112188 0.074503 0.197041 0.515042 0.101225
3 2 0.245659 0.098397 0.163716 0.281900 0.210328
0 2 0.301998 0.115613 0.150840 0.171719 0.259830
0 2 0.283640 0.115642 0.165689 0.185434 0.249596
0 2 0.275644 0.119687 0.173322 0.186550 0.244796
2 2 0.081903 0.080800 0.401553 0.320030 0.115714
2 2 0.089938 0.078462 0.489119 0.220865 0.121616
2 2 0.124004 0.094741 0.431964 0.191882 0.157410
2 2 0.129190 0.093943 0.404057 0.219613 0.153197
0 2 0.311547 0.119701 0.215350 0.132032 0.221371
0 2 0.346718 0.112245 0.167595 0.104534 0.268908
3 2 0.131508 0.088277 0.267321 0.381013 0.131881
3 2 0.121017 0.089988 0.299739 0.362532 0.126723
2 2 0.072403 0.073300 0.397674 0.369458 0.087165
3 2 0.170152 0.093035 0.197151 0.388063 0.151600
3 2 0.137061 0.079998 0.192326 0.468624 0.121992
3 2 0.154079 0.078195 0.183457 0.448450 0.135819
3 2 0.219185 0.081173 0.161598 0.349870 0.188174
3 2 0.110630 0.056139 0.170429 0.564217 0.098585
3 2 0.114197 0.051504 0.161622 0.571510 0.101167
3 3 0.112622 0.057620 0.172029 0.557388 0.100341
3 3 0.165954 0.077691 0.178308 0.432623 0.145424
3 3 0.173849 0.078115 0.175748 0.420458 0.151829
3 3 0.119550 0.062980 0.177461 0.533565 0.106445
3 3 0.155994 0.078522 0.183067 0.445016 0.137401
3 3 0.169023 0.083322 0.182949 0.416398 0.148309
3 3 0.058190 0.044838 0.170913 0.672335 0.053724
3 3 0.039680 0.035318 0.158334 0.729452 0.037217
3 3 0.051621 0.042530 0.169135 0.688771 0.047943
3 3 0.088181 0.056973 0.180480 0.594460 0.079906
3 3 0.075140 0.051754 0.176860 0.627668 0.068578
3 3 0.096561 0.059310 0.180856 0.576187 0.087086
3 3 0.127191 0.070863 0.185243 0.503421 0.113282
3 3 0.099877 0.059831 0.180347 0.570051 0.089894
3 3 0.139712 0.073677 0.183847 0.478995 0.123769
3 3 0.150721 0.080412 0.187224 0.448416 0.133227
3 3 0.100777 0.067646 0.191664 0.548808 0.091106
3 3 0.069394 0.053335 0.182308 0.631198 0.063765
3 3 0.068365 0.052654 0.181534 0.634597 0.062850
3 3 0.025158 0.025467 0.139191 0.786200 0.023984
3 3 0.024043 0.021976 0.128379 0.802760 0.022842
3 3 0.067581 0.038061 0.152237 0.680799 0.061322
3 3 0.065897 0.037905 0.152541 0.683769 0.059887
3 3 0.070805 0.038783 0.152608 0.673710 0.064093
3 3 0.066872 0.049840 0.176924 0.644935 0.061429
3 3 0.082802 0.055859 0.180853 0.605186 0.075301
3 3 0.074962 0.053345 0.179824 0.623356 0.068514
3 3 0.106322 0.066692 0.187979 0.543311 0.095696
3 3 0.087404 0.062036 0.189007 0.582020 0.079532
3 3 0.119481 0.074312 0.192778 0.506322 0.107107
3 3 0.061735 0.049607 0.178866 0.652781 0.057012
3 3 0.087890 0.063762 0.191484 0.576830 0.080034
3 3 0.157470 0.085068 0.189381 0.429042 0.139037
3 3 0.171349 0.084402 0.183088 0.410894 0.150266
0 3 0.305750 0.134206 0.227225 0.216370 0.116449
0 3 0.328196 0.161850 0.274626 0.165863 0.069466
2 3 0.150799 0.124819 0.457008 0.198951 0.068423
2 2 0.161217 0.133880 0.463941 0.129281 0.111680
2 2 0.135584 0.125310 0.529370 0.115087 0.094650
2 2 0.133501 0.131895 0.505616 0.148425 0.080563
2 2 0.184958 0.147208 0.462113 0.134208 0.071513
0 2 0.297467 0.153065 0.281106 0.107330 0.161031
2 2 0.121556 0.114056 0.384139 0.229979 0.150270
2 2 0.097019 0.114331 0.468821 0.160676 0.159153
2 2 0.023526 0.059318 0.645865 0.223661 0.047630
2 2 0.014000 0.043866 0.672593 0.235693 0.033848
2 2 0.034370 0.081342 0.675387 0.137638 0.071262
2 2 0.118880 0.103322 0.551463 0.114985 0.111351
2 2 0.066585 0.075712 0.519349 0.256735 0.081618
2 2 0.134181 0.118934 0.501238 0.096574 0.149073
2 2 0.134960 0.115656 0.375262 0.186369 0.187753
0 2 0.226261 0.121860 0.220343 0.206204 0.225333
3 2 0.222980 0.106365 0.184076 0.290945 0.195633
3 2 0.192149 0.095197 0.192297 0.349528 0.170829
0 2 0.339202 0.099289 0.122085 0.158194 0.281230
0 2 0.282065 0.097293 0.147336 0.234977 0.238329
0 2 0.321910 0.096143 0.129082 0.184647 0.268219
0 2 0.268706 0.101494 0.155412 0.245963 0.228426
3 3 0.156160 0.089746 0.194570 0.421269 0.138254
3 3 0.122621 0.083701 0.202714 0.480729 0.110235
3 3 0.047211 0.041568 0.169246 0.697903 0.044071
3 3 0.033090 0.033705 0.157995 0.743856 0.031355
3 3 0.075451 0.059739 0.190673 0.604880 0.069257
3 3 0.042640 0.045328 0.180151 0.691652 0.040229
3 3 0.081836 0.069559 0.203024 0.570418 0.075163
3 3 0.179204 0.095600 0.190023 0.377824 0.157349
3 3 0.192876 0.097283 0.185521 0.355847 0.168473
3 3 0.160026 0.093533 0.196481 0.408324 0.141636
3 3 0.246173 0.114019 0.172168 0.255841 0.211799
3 3 0.132295 0.091268 0.226330 0.426975 0.123133
0 3 0.288773 0.118784 0.162060 0.205806 0.224578
3 3 0.217210 0.110300 0.183719 0.300044 0.188727
3 3 0.212830 0.115991 0.189145 0.296470 0.185564
3 3 0.158851 0.100380 0.203081 0.396637 0.141051
3 3 0.099198 0.081402 0.210725 0.518222 0.090453
3 3 0.184566 0.105041 0.195127 0.353023 0.162243
3 3 0.129068 0.103450 0.223243 0.410567 0.133671
3 3 0.187281 0.090398 0.182171 0.376627 0.163523
3 2 0.166146 0.081805 0.182554 0.423622 0.145874
3 2 0.214105 0.095927 0.175455 0.329187 0.185326
2 2 0.147353 0.095837 0.313686 0.311045 0.132079
2 2 0.178373 0.124299 0.494345 0.129477 0.073506
2 2 0.172945 0.131664 0.519488 0.097428 0.078475
2 2 0.169310 0.139422 0.591804 0.067550 0.031914
2 2 0.130473 0.153243 0.653848 0.025289 0.037147
2 2 0.084914 0.108970 0.657680 0.100542 0.047894
2 2 0.063784 0.077688 0.564342 0.238392 0.055794
2 2 0.042099 0.061406 0.582950 0.271403 0.042142
2 2 0.129569 0.101261 0.516140 0.131014 0.122016
2 1 0.276830 0.132842 0.328986 0.041172 0.220170
0 1 0.496422 0.137179 0.149999 0.029891 0.186509
0 1 0.618577 0.128212 0.084818 0.014469 0.153924
4 1 0.364911 0.159527 0.076273 0.009507 0.389782
0 1 0.511535 0.122589 0.050649 0.004961 0.310265
0 1 0.326793 0.264690 0.198955 0.006796 0.202767
4 4 0.334017 0.151986 0.083643 0.005648 0.424706
0 4 0.350769 0.184334 0.168266 0.009317 0.287314
0 4 0.461431 0.142947 0.102816 0.016279 0.276527
2 4 0.319645 0.149068 0.428162 0.032901 0.070224
0 4 0.460182 0.183400 0.140150 0.052426 0.163842
0 4 0.549690 0.237327 0.161469 0.010446 0.041068
0 4 0.434672 0.313543 0.225068 0.005652 0.021066
0 4 0.779419 0.075203 0.033252 0.003097 0.109029
0 4 0.745619 0.066008 0.035845 0.002659 0.149868
0 4 0.813797 0.041435 0.012080 0.001197 0.131492
0 4 0.937340 0.025398 0.005115 0.000158 0.031989
0 4 0.888071 0.058486 0.018488 0.000819 0.034136
0 4 0.787207 0.119628 0.057862 0.003446 0.031857
0 4 0.775424 0.121335 0.059351 0.004210 0.039680
0 4 0.622748 0.166990 0.114677 0.005813 0.089773
2 4 0.259613 0.246749 0.293282 0.005059 0.195298
0 4 0.371791 0.232723 0.170184 0.003226 0.222076
0 4 0.397416 0.231537 0.180957 0.003454 0.186635
4 4 0.209663 0.201136 0.174544 0.004247 0.410410
4 4 0.086544 0.040895 0.010621 0.000437 0.861503
4 4 0.135246 0.027214 0.004749 0.000190 0.832601
4 4 0.147202 0.033489 0.006635 0.000323 0.812351
4 4 0.093625 0.045118 0.010480 0.000397 0.850380
4 4 0.462881 0.022223 0.006595 0.001852 0.506449
4 4 0.455924 0.025578 0.007458 0.001966 0.509073
0 4 0.627121 0.031357 0.008269 0.002143 0.331111
0 4 0.741912 0.041474 0.010547 0.001218 0.204849
0 4 0.611330 0.074173 0.018937 0.000994 0.294567
4 4 0.151683 0.050305 0.017013 0.000846 0.780153
4 4 0.144473 0.039118 0.009203 0.000447 0.806759
4 4 0.183081 0.030093 0.005727 0.000330 0.780770
4 4 0.196900 0.039038 0.008731 0.000628 0.754704
4 4 0.195012 0.044216 0.013639 0.000849 0.746284
4 4 0.112501 0.050251 0.023857 0.000658 0.812733
4 4 0.144136 0.064677 0.030908 0.001464 0.758815
4 4 0.202228 0.049237 0.015337 0.000730 0.732468
0 4 0.506804 0.038597 0.009137 0.001198 0.444264
4 4 0.380185 0.049666 0.013811 0.001578 0.554760
4 4 0.417038 0.054715 0.013820 0.001261 0.513166
4 4 0.113484 0.062037 0.021092 0.000971 0.802416
4 4 0.217357 0.143775 0.062442 0.001973 0.574454
4 4 0.173048 0.197349 0.141224 0.002963 0.485415
4 4 0.138879 0.213424 0.280564 0.002572 0.364561
4 4 0.190896 0.191462 0.266312 0.003246 0.348084
2 4 0.198727 0.176127 0.377089 0.003298 0.244759
2 4 0.211257 0.158201 0.413863 0.003597 0.213082
2 4 0.137821 0.163185 0.553787 0.003777 0.141430
4 4 0.182376 0.149336 0.162229 0.003253 0.502805
4 4 0.114538 0.061937 0.031101 0.001058 0.791366
4 4 0.314114 0.081931 0.047797 0.000908 0.555250
4 4 0.224465 0.135949 0.103958 0.001648 0.533979
4 4 0.226739 0.120482 0.053556 0.001039 0.598184
0 4 0.571383 0.143919 0.067366 0.002133 0.215198
2 4 0.045593 0.135945 0.700594 0.003929 0.113939
2 4 0.032914 0.129186 0.742369 0.004925 0.090605
2 4 0.067848 0.160562 0.630638 0.007079 0.133873
2 4 0.054630 0.140034 0.721724 0.005479 0.078134
2 4 0.087093 0.132979 0.677928 0.004323 0.097677
2 4 0.074839 0.125431 0.688768 0.004522 0.106441
2 4 0.074145 0.131358 0.671877 0.005374 0.117247
2 2 0.089118 0.142478 0.554240 0.006802 0.207362
4 2 0.235294 0.099997 0.094863 0.004273 0.565573
4 2 0.247059 0.076195 0.051932 0.002241 0.622573
4 2 0.333178 0.054879 0.017318 0.001156 0.593469
4 2 0.370603 0.073187 0.034680 0.001150 0.520381
4 2 0.328263 0.120508 0.125633 0.002039 0.423557
4 2 0.279249 0.174065 0.234991 0.003630 0.308066
2 2 0.204504 0.209899 0.329108 0.005507 0.250982
2 2 0.137366 0.191682 0.422524 0.005573 0.242856
2 2 0.071719 0.151028 0.590847 0.005813 0.180593
2 2 0.093610 0.134663 0.654048 0.007070 0.110609
2 2 0.082250 0.125899 0.698017 0.008120 0.085715
2 2 0.034424 0.120394 0.741970 0.005785 0.097428
2 2 0.044103 0.150146 0.683490 0.006651 0.115611
2 2 0.042654 0.129651 0.685151 0.004932 0.137613
2 2 0.050554 0.122890 0.680827 0.004558 0.141170
2 2 0.095492 0.128199 0.637307 0.004750 0.134251
2 2 0.073484 0.126911 0.649589 0.006972 0.143044
2 2 0.111498 0.146255 0.585366 0.005794 0.151087
2 2 0.185808 0.151732 0.431727 0.004911 0.225823
2 2 0.239167 0.155917 0.376493 0.006235 0.222188
2 2 0.316385 0.167403 0.330262 0.005674 0.180277
0 2 0.416785 0.160975 0.277715 0.003672 0.140853
2 2 0.198093 0.194839 0.484192 0.005377 0.117500
2 2 0.135668 0.168831 0.597552 0.004592 0.093357
2 2 0.053978 0.159097 0.608349 0.008025 0.170551
2 2 0.035445 0.126846 0.680334 0.005573 0.151802
2 2 0.049289 0.137687 0.624029 0.008027 0.180967
2 2 0.111471 0.128829 0.620835 0.008846 0.130018
2 2 0.210312 0.148619 0.492315 0.009138 0.139615
0 2 0.386991 0.139662 0.384731 0.005240 0.083377
2 2 0.176370 0.124727 0.641323 0.004838 0.052742
2 2 0.123946 0.096271 0.737737 0.008095 0.033951
2 2 0.080501 0.082656 0.781481 0.007489 0.047873
2 2 0.100792 0.109548 0.643568 0.009180 0.136911
2 2 0.147115 0.150243 0.440248 0.011358 0.251036
2 2 0.070854 0.125781 0.609359 0.016520 0.177486
2 2 0.075151 0.113701 0.617284 0.027800 0.166064
2 2 0.045384 0.077875 0.747908 0.029598 0.099235
2 2 0.117831 0.130696 0.544137 0.019253 0.188083
2 2 0.112553 0.131386 0.589148 0.020102 0.146811
2 2 0.090331 0.126306 0.641697 0.024179 0.117487
2 2 0.103575 0.127648 0.504192 0.013487 0.251098
2 2 0.057326 0.097453 0.589244 0.023611 0.232366
2 2 0.042254 0.082277 0.726296 0.041245 0.107927
2 2 0.025977 0.075442 0.807596 0.017465 0.073520
2 2 0.033148 0.074549 0.773946 0.026216 0.092140
2 2 0.034193 0.056580 0.794576 0.034932 0.079719
2 2 0.083263 0.091477 0.652540 0.055636 0.117084
2 2 0.213628 0.134413 0.424421 0.020928 0.206610
2 2 0.131161 0.129032 0.551953 0.036499 0.151355
2 2 0.063203 0.113128 0.674572 0.042398 0.106699
2 2 0.074447 0.110477 0.518776 0.127674 0.168626
2 2 0.040743 0.089644 0.639527 0.111000 0.119086
2 2 0.062196 0.086856 0.575810 0.151253 0.123885
2 2 0.062147 0.080778 0.587168 0.157749 0.112158
2 2 0.157827 0.106379 0.439827 0.125902 0.170065
2 2 0.199503 0.117774 0.313735 0.143764 0.225224
2 2 0.190042 0.110500 0.259092 0.250568 0.189798
3 2 0.126098 0.092570 0.301295 0.347844 0.132193
3 2 0.189446 0.105222 0.247483 0.271923 0.185927
3 2 0.090429 0.079022 0.303151 0.431603 0.095794
3 2 0.046288 0.057144 0.324796 0.519033 0.052739
3 2 0.015325 0.028165 0.327511 0.609057 0.019942
3 2 0.017694 0.032894 0.376913 0.548790 0.023709
3 2 0.013533 0.024197 0.273843 0.671544 0.016883
3 2 0.043240 0.052446 0.280325 0.576912 0.047077
3 2 0.053280 0.054126 0.226111 0.613455 0.053027
3 2 0.048095 0.052536 0.254916 0.594065 0.050388
3 2 0.046252 0.051420 0.254569 0.599146 0.048613
3 2 0.038604 0.049894 0.316862 0.550110 0.044531
3 2 0.019857 0.031298 0.247450 0.678725 0.022670
3 2 0.022832 0.037527 0.313065 0.598933 0.027643
3 2 0.038268 0.051735 0.268688 0.600175 0.041134
0 2 0.401389 0.138865 0.175234 0.128827 0.155685
0 2 0.563221 0.177835 0.193608 0.031717 0.033619
0 2 0.674090 0.170081 0.105875 0.009717 0.040238
0 2 0.820502 0.104786 0.046564 0.002206 0.025942
0 2 0.571118 0.206668 0.166154 0.019493 0.036567
2 2 0.162024 0.128743 0.681957 0.010476 0.016800
2 2 0.150273 0.115031 0.717516 0.007056 0.010125
2 2 0.086461 0.095579 0.793034 0.013733 0.011192
2 2 0.036403 0.063464 0.812791 0.076955 0.010386
2 2 0.078801 0.097667 0.731721 0.072119 0.019692
2 2 0.227024 0.140288 0.536797 0.036522 0.059369
2 2 0.079091 0.088911 0.744227 0.062786 0.024985
2 2 0.208539 0.143982 0.551917 0.043747 0.051815
2 2 0.068265 0.090213 0.665117 0.139315 0.037090
2 2 0.088085 0.097765 0.543489 0.213568 0.057094
2 2 0.131330 0.115668 0.488434 0.178584 0.085984
2 2 0.106490 0.104663 0.541317 0.194344 0.053186
2 2 0.181389 0.134888 0.429686 0.180558 0.073479
2 2 0.044913 0.069075 0.498914 0.357148 0.029951
2 2 0.115894 0.111374 0.584709 0.146939 0.041084
2 2 0.032986 0.054058 0.802817 0.096328 0.013811
2 2 0.092208 0.088533 0.715220 0.073489 0.030549
2 2 0.152134 0.119565 0.595070 0.076516 0.056715
2 2 0.186225 0.129403 0.456730 0.125841 0.101800
0 2 0.328542 0.149918 0.296111 0.095017 0.130412
0 2 0.457921 0.148417 0.312852 0.024077 0.056733
0 2 0.712739 0.144776 0.098614 0.007648 0.036223
0 2 0.606747 0.204371 0.147962 0.012511 0.028408
0 2 0.594722 0.206459 0.151396 0.014536 0.032887
2 2 0.114386 0.126738 0.539681 0.176685 0.042510
2 2 0.031382 0.059486 0.740137 0.153114 0.015881
2 2 0.032220 0.060600 0.779267 0.116040 0.011874
2 2 0.037773 0.069858 0.791696 0.086033 0.014640
2 2 0.040573 0.070483 0.755855 0.118708 0.014381
2 2 0.041629 0.071204 0.756479 0.112400 0.018289
2 2 0.064501 0.093546 0.615025 0.193617 0.033311
2 2 0.064425 0.093366 0.584863 0.213273 0.044074
2 2 0.089950 0.106160 0.620021 0.126636 0.057233
2 2 0.045141 0.072992 0.713682 0.145351 0.022834
2 2 0.138933 0.125836 0.661419 0.040191 0.033621
2 2 0.167399 0.135417 0.645154 0.034818 0.017212
0 2 0.365049 0.192258 0.357645 0.047362 0.037687
1 2 0.274848 0.314364 0.262509 0.029697 0.118582
0 2 0.598108 0.226810 0.138093 0.005546 0.031443
0 2 0.690382 0.178023 0.111533 0.004747 0.015314
0 2 0.408849 0.187187 0.338406 0.019617 0.045940
0 2 0.402464 0.178621 0.369798 0.011174 0.037943
2 2 0.339361 0.173715 0.443318 0.011018 0.032588
2 2 0.238639 0.161373 0.530477 0.036563 0.032947
2 2 0.169028 0.138327 0.585651 0.072293 0.034701
2 2 0.104540 0.106445 0.687520 0.072177 0.029318
2 2 0.027384 0.051230 0.822252 0.086268 0.012865
2 2 0.010444 0.027246 0.773512 0.178743 0.010053
2 2 0.016980 0.039849 0.756439 0.167852 0.018881
2 2 0.022779 0.049245 0.748744 0.157430 0.021802
2 2 0.030159 0.060440 0.781089 0.109429 0.018883
2 2 0.023317 0.049339 0.794315 0.113924 0.019105
2 2 0.078205 0.094249 0.730615 0.052019 0.044912
2 2 0.038435 0.065629 0.785225 0.083036 0.027675
2 2 0.049366 0.078456 0.692979 0.144991 0.034209
2 2 0.074465 0.097108 0.530281 0.239894 0.058252
3 2 0.036679 0.054561 0.326756 0.539714 0.042290
3 2 0.025988 0.041621 0.318251 0.583059 0.031081
3 2 0.046445 0.058577 0.293155 0.551252 0.050572
0 2 0.403445 0.164924 0.275699 0.071972 0.083960
0 2 0.432844 0.158401 0.220485 0.031039 0.157232
0 1 0.522027 0.128835 0.149808 0.008181 0.191149
0 1 0.333552 0.150461 0.221319 0.008263 0.286405
0 1 0.512514 0.154737 0.155279 0.004812 0.172658
0 4 0.731356 0.106751 0.076551 0.004249 0.081093
0 4 0.580977 0.163274 0.171064 0.011375 0.073311
0 4 0.510957 0.192278 0.100491 0.010178 0.186096
0 4 0.402866 0.163049 0.083108 0.006333 0.344645
4 4 0.140515 0.054711 0.022183 0.000962 0.781630
4 4 0.134923 0.047285 0.012119 0.000623 0.805049
4 4 0.183054 0.034609 0.007146 0.000444 0.774747
4 4 0.148326 0.034559 0.006979 0.000348 0.809788
4 4 0.150761 0.033475 0.007438 0.000337 0.807988
4 4 0.154117 0.049844 0.012915 0.000826 0.782299
4 4 0.199586 0.073273 0.033598 0.002794 0.690750
4 4 0.420480 0.073029 0.025450 0.004633 0.476408
4 4 0.276776 0.105038 0.047253 0.005780 0.565152
4 4 0.185602 0.063777 0.019071 0.001723 0.729827
4 4 0.167052 0.037987 0.008682 0.000491 0.785788
4 4 0.171654 0.046520 0.014409 0.000631 0.766785
4 4 0.103813 0.041790 0.011883 0.000377 0.842136
4 4 0.114936 0.044858 0.014822 0.000496 0.824889
4 4 0.082075 0.063716 0.024126 0.000767 0.829316
4 4 0.121426 0.040784 0.008938 0.000401 0.828450
4 4 0.116646 0.041943 0.011465 0.000424 0.829522
4 4 0.129864 0.039564 0.009219 0.000408 0.820945
4 4 0.092099 0.043984 0.010839 0.000436 0.852641
4 4 0.253007 0.041414 0.011126 0.001265 0.693187
0 4 0.529472 0.052589 0.019572 0.007953 0.390415
0 4 0.739878 0.050759 0.015903 0.002739 0.190722
4 4 0.253442 0.197183 0.073087 0.002274 0.474014
0 4 0.572219 0.139147 0.058570 0.005607 0.224458
0 4 0.792140 0.079578 0.030650 0.003439 0.094192
0 4 0.701367 0.129773 0.068142 0.009825 0.090893
0 4 0.630990 0.203202 0.145589 0.006908 0.013311
0 1 0.614957 0.202287 0.144890 0.011445 0.026422
0 1 0.478913 0.175659 0.231862 0.065888 0.047678
0 1 0.575477 0.176631 0.136554 0.028764 0.082575
0 1 0.507389 0.227620 0.188636 0.028580 0.047775
0 1 0.444574 0.244247 0.223989 0.039585 0.047605
0 1 0.545186 0.199421 0.147942 0.028517 0.078935
0 1 0.349169 0.224752 0.267527 0.091004 0.067548
2 1 0.314954 0.182123 0.329780 0.088994 0.084149
2 1 0.328037 0.178240 0.332050 0.036225 0.125449
2 2 0.126821 0.133423 0.667554 0.030276 0.041926
2 2 0.055903 0.108507 0.787333 0.021876 0.026382
2 2 0.057817 0.128241 0.746693 0.018684 0.048566
2 2 0.038078 0.077483 0.773563 0.081330 0.029545
2 2 0.062986 0.089826 0.666771 0.143015 0.037402
2 2 0.126607 0.150695 0.504734 0.122290 0.095674
2 2 0.263044 0.170752 0.348055 0.119937 0.098212
0 2 0.291254 0.198903 0.230919 0.121165 0.157758
4 2 0.117771 0.276531 0.239583 0.041092 0.325023
1 1 0.182829 0.399438 0.232334 0.004617 0.180782
0 1 0.400093 0.346254 0.214984 0.003699 0.034969
0 1 0.311282 0.261155 0.188460 0.012084 0.227019
0 1 0.351541 0.223089 0.182526 0.012041 0.230802
2 1 0.286631 0.274131 0.288991 0.010285 0.139962
2 1 0.161476 0.261247 0.399111 0.006536 0.171630
2 1 0.199252 0.222045 0.330147 0.005325 0.243231
2 1 0.087308 0.174675 0.616321 0.007769 0.113926
2 1 0.152716 0.183880 0.538874 0.005507 0.119023
0 1 0.520260 0.156605 0.227835 0.004313 0.090987
0 1 0.773751 0.091802 0.059128 0.002755 0.072564
0 1 0.737403 0.110858 0.052393 0.006917 0.092429
0 1 0.927579 0.044089 0.011951 0.000273 0.016108
0 0 0.835201 0.101029 0.043922 0.001577 0.018271
0 0 0.857320 0.070710 0.028757 0.001883 0.041330
0 0 0.957031 0.031413 0.007201 0.000056 0.004298
0 0 0.961850 0.025524 0.005207 0.000056 0.007364
0 0 0.984027 0.012074 0.001695 0.000006 0.002198
0 0 0.978599 0.017373 0.002978 0.000007 0.001044
0 0 0.959010 0.031339 0.007235 0.000037 0.002379
0 0 0.969524 0.023847 0.004784 0.000018 0.001827
0 0 0.981451 0.015236 0.002446 0.000005 0.000862
0 0 0.964583 0.026227 0.005476 0.000036 0.003678
0 0 0.881069 0.079644 0.030232 0.000556 0.008499
0 0 0.880901 0.078707 0.029617 0.000615 0.010160
0 0 0.883857 0.073232 0.026335 0.000730 0.015845
0 0 0.753092 0.109436 0.050959 0.005951 0.080561
0 0 0.812920 0.097322 0.041476 0.002880 0.045403
0 0 0.763089 0.098658 0.041377 0.004337 0.092539
0 0 0.800540 0.102628 0.052245 0.002743 0.041845
0 0 0.906359 0.043078 0.011514 0.000495 0.038554
0 0 0.904164 0.042988 0.011481 0.000515 0.040853
0 0 0.877144 0.050351 0.014720 0.000904 0.056882
0 0 0.908244 0.048132 0.013656 0.000501 0.029467
0 0 0.887494 0.035538 0.008625 0.000532 0.067811
0 0 0.871455 0.069936 0.022616 0.000826 0.035166
0 1 0.690221 0.165416 0.072518 0.001954 0.069890
0 1 0.693417 0.161410 0.071426 0.003145 0.070602
0 1 0.850878 0.078863 0.025899 0.000954 0.043407
0 1 0.797951 0.079555 0.025537 0.001478 0.095479
0 1 0.728740 0.086752 0.027123 0.001674 0.155711
0 1 0.623961 0.121550 0.052175 0.002140 0.200174
0 1 0.788000 0.106240 0.040781 0.001886 0.063093
0 1 0.864428 0.068256 0.023577 0.001313 0.042427
0 1 0.852520 0.081229 0.030982 0.001569 0.033701
0 1 0.857793 0.075229 0.027457 0.001470 0.038050
0 1 0.700609 0.117846 0.053143 0.006342 0.122060
0 0 0.844324 0.063441 0.020727 0.001516 0.069993
0 0 0.669297 0.155962 0.067118 0.003674 0.103949
4 0 0.301223 0.089669 0.024637 0.001186 0.583286
0 0 0.753005 0.065726 0.019144 0.001483 0.160643
4 1 0.398838 0.056290 0.016395 0.002389 0.526088
0 1 0.566789 0.124230 0.047192 0.004070 0.257719
0 1 0.545177 0.140428 0.057887 0.005293 0.251215
0 1 0.492200 0.210563 0.155869 0.032215 0.109153
0 1 0.798848 0.114351 0.053709 0.002985 0.030107
0 1 0.570864 0.242275 0.124962 0.003754 0.058145
0 1 0.486282 0.268063 0.132181 0.002840 0.110634
0 1 0.846641 0.088777 0.038254 0.001432 0.024896
0 1 0.687070 0.159219 0.068981 0.003179 0.081550
0 1 0.668843 0.183818 0.085492 0.003108 0.058739
0 1 0.529707 0.263469 0.136757 0.003825 0.066242
0 1 0.388755 0.252424 0.209984 0.004591 0.144247
0 1 0.312062 0.271298 0.253221 0.005802 0.157617
0 1 0.325720 0.252757 0.298729 0.005952 0.116842
0 1 0.410685 0.234264 0.241749 0.004413 0.108889
0 1 0.417584 0.238791 0.273275 0.003720 0.066630
0 2 0.402121 0.262681 0.169497 0.012722 0.152978
0 2 0.666712 0.182653 0.093621 0.004519 0.052494
0 2 0.709002 0.171361 0.085574 0.002926 0.031137
0 2 0.419069 0.286578 0.201178 0.003053 0.090121
2 2 0.333252 0.261533 0.335544 0.004553 0.065118
2 2 0.119100 0.222656 0.577927 0.006012 0.074305
2 2 0.191466 0.206796 0.529968 0.005718 0.066052
2 2 0.333854 0.233227 0.346583 0.006496 0.079839
0 2 0.354303 0.263985 0.308107 0.004041 0.069564
0 2 0.384541 0.271029 0.266362 0.004127 0.073941
0 2 0.378900 0.224578 0.312829 0.004875 0.078818
2 2 0.255236 0.216984 0.464571 0.006944 0.056264
2 2 0.263394 0.243276 0.445059 0.004935 0.043335
2 2 0.262482 0.252336 0.443097 0.004293 0.037793
0 2 0.531736 0.199618 0.230557 0.010371 0.027718
0 2 0.556358 0.195896 0.200993 0.011744 0.035009
0 2 0.490779 0.227119 0.190575 0.034027 0.057499
0 2 0.685434 0.171579 0.106984 0.007571 0.028431
0 2 0.762626 0.140121 0.075247 0.003332 0.018674
0 2 0.536307 0.140185 0.264209 0.004983 0.054316
2 2 0.371092 0.146194 0.427853 0.007129 0.047731
2 2 0.315347 0.157653 0.437916 0.008880 0.080203
2 2 0.222833 0.163832 0.519026 0.007973 0.086336
2 2 0.322894 0.190408 0.378251 0.006523 0.101924
0 2 0.593691 0.139892 0.192462 0.004467 0.069488
0 2 0.607192 0.148632 0.176485 0.005765 0.061926
0 2 0.700827 0.130516 0.114890 0.004156 0.049612
0 2 0.662005 0.142316 0.126912 0.006824 0.061943
0 2 0.585518 0.184829 0.188473 0.008904 0.032276
0 2 0.732544 0.142548 0.090622 0.004491 0.029795
2 2 0.174223 0.244600 0.412191 0.005534 0.163452
0 2 0.306801 0.234247 0.291230 0.010198 0.157523
2 2 0.289088 0.240935 0.311523 0.006719 0.151734
0 2 0.477026 0.209191 0.237600 0.007440 0.068743
0 2 0.513938 0.183805 0.226803 0.007943 0.067510
0 2 0.642296 0.171104 0.109656 0.014257 0.062687
0 2 0.478529 0.215119 0.177626 0.019684 0.109042
0 2 0.394048 0.236329 0.149942 0.019267 0.200414
0 2 0.877797 0.077177 0.028610 0.000804 0.015613
0 2 0.845327 0.098104 0.041969 0.001185 0.013415
0 1 0.606395 0.195247 0.137140 0.015913 0.045305
0 1 0.683215 0.179310 0.115525 0.005619 0.016331
0 1 0.560743 0.216307 0.165867 0.018725 0.038357
0 1 0.389013 0.303057 0.196438 0.010766 0.100726
0 1 0.423515 0.296034 0.199463 0.010674 0.070315
0 1 0.501328 0.196879 0.236656 0.008291 0.056847
0 1 0.532378 0.199941 0.208606 0.008831 0.050244
0 1 0.418922 0.245565 0.242833 0.004628 0.088052
0 1 0.339090 0.201254 0.323591 0.003811 0.132255
0 1 0.509440 0.107982 0.090732 0.005590 0.286255
0 2 0.449600 0.117285 0.114799 0.003821 0.314496
0 2 0.438177 0.097449 0.062041 0.003275 0.399058
0 2 0.455296 0.134995 0.093738 0.002721 0.313250
0 2 0.544884 0.187703 0.109350 0.002481 0.155581
0 2 0.285543 0.283267 0.255049 0.003159 0.172982
4 2 0.312143 0.119881 0.050947 0.001625 0.515403
4 2 0.299836 0.093721 0.047363 0.001414 0.557667
4 2 0.288960 0.063064 0.016123 0.001065 0.630789
4 4 0.410388 0.076296 0.021160 0.001539 0.490617
0 4 0.572262 0.119145 0.037207 0.001725 0.269661
0 4 0.425179 0.151190 0.064124 0.006138 0.353370
0 4 0.432117 0.126840 0.048899 0.004713 0.387431
4 4 0.082671 0.092527 0.037192 0.001762 0.785847
4 4 0.138087 0.065866 0.019225 0.001239 0.775583
4 4 0.134149 0.046390 0.011054 0.000588 0.807819
4 4 0.146407 0.073993 0.023670 0.001832 0.754098
