4 0 0.308273 0.094435 0.120720 0.006465 0.470106
0 0 0.483433 0.112522 0.147382 0.019380 0.237284
0 0 0.490896 0.087995 0.174758 0.108676 0.137675
0 0 0.687666 0.064458 0.118814 0.079373 0.049690
0 0 0.639220 0.071777 0.140166 0.102002 0.046834
0 0 0.794115 0.088705 0.079805 0.011513 0.025862
0 0 0.519217 0.169351 0.249172 0.014043 0.048217
2 0 0.320509 0.184805 0.427646 0.014985 0.052055
0 0 0.751148 0.110092 0.107638 0.006255 0.024867
0 0 0.458202 0.107530 0.355691 0.052764 0.025813
0 0 0.672782 0.081131 0.166465 0.058578 0.021045
0 0 0.824451 0.071548 0.072132 0.014481 0.017387
0 0 0.762173 0.121823 0.077511 0.004795 0.033699
0 0 0.436243 0.240623 0.259103 0.003085 0.060947
2 1 0.047045 0.164588 0.735611 0.005349 0.047407
2 1 0.008652 0.068119 0.884284 0.003697 0.035248
2 1 0.002558 0.030853 0.928647 0.005702 0.032240
2 1 0.003395 0.034093 0.922511 0.003488 0.036513
2 1 0.004871 0.043378 0.892599 0.003414 0.055739
2 1 0.013207 0.054511 0.877673 0.008335 0.046275
2 1 0.017296 0.046946 0.871116 0.016281 0.048360
2 1 0.048123 0.076529 0.731070 0.016464 0.127814
2 1 0.032319 0.075724 0.767924 0.012589 0.111443
2 1 0.095131 0.153298 0.512877 0.007257 0.231437
2 1 0.053013 0.136246 0.726332 0.006196 0.078213
2 1 0.089716 0.163486 0.685588 0.007565 0.053645
2 1 0.021129 0.099601 0.835318 0.006097 0.037855
2 1 0.074908 0.146677 0.675469 0.009059 0.093886
2 4 0.036805 0.109936 0.617001 0.010928 0.225329
2 4 0.025747 0.103772 0.577479 0.017346 0.275657
4 4 0.266239 0.076548 0.100822 0.021260 0.535131
4 4 0.352211 0.057875 0.093954 0.034526 0.461435
4 4 0.320517 0.073275 0.151294 0.088040 0.366874
0 4 0.314154 0.100295 0.255959 0.070359 0.259233
2 4 0.094365 0.112902 0.619108 0.063833 0.109792
2 4 0.073137 0.138943 0.636140 0.018125 0.133654
2 4 0.063814 0.167049 0.531154 0.010257 0.227727
2 4 0.008654 0.075976 0.800176 0.009106 0.106087
2 4 0.007323 0.061208 0.780624 0.006166 0.144680
2 4 0.012540 0.054418 0.827351 0.009317 0.096373
2 4 0.007038 0.044127 0.892878 0.003970 0.051987
2 4 0.020521 0.072487 0.788256 0.009956 0.108781
2 4 0.015036 0.051650 0.814176 0.014227 0.104912
2 4 0.014835 0.061222 0.713968 0.012019 0.197957
2 4 0.031919 0.062915 0.664566 0.023872 0.216729
2 4 0.052231 0.074451 0.685050 0.019517 0.168750
2 4 0.141293 0.110134 0.436466 0.018142 0.293965
2 4 0.077932 0.082105 0.584306 0.010417 0.245240
2 4 0.075918 0.094352 0.712267 0.005449 0.112014
2 4 0.201841 0.159046 0.457218 0.006330 0.175565
2 4 0.170944 0.155145 0.515135 0.004324 0.154452
2 4 0.030710 0.185368 0.593185 0.001507 0.189230
2 4 0.010565 0.105887 0.795861 0.002360 0.085327
2 4 0.011230 0.074393 0.836857 0.006325 0.071195
2 4 0.012233 0.073698 0.742950 0.010120 0.161000
2 4 0.019241 0.079748 0.712036 0.018714 0.170262
2 4 0.047244 0.123309 0.452421 0.014003 0.363024
2 4 0.046420 0.146792 0.430686 0.013944 0.362158
2 4 0.045981 0.111993 0.519027 0.020883 0.302115
2 4 0.043393 0.102853 0.605783 0.025786 0.222186
2 4 0.031365 0.149890 0.503712 0.003056 0.311978
2 4 0.023215 0.114390 0.657420 0.003622 0.201353
2 4 0.032754 0.114543 0.743284 0.003434 0.105986
2 4 0.052328 0.113205 0.725447 0.005531 0.103490
2 4 0.042212 0.120614 0.770157 0.008832 0.058184
2 4 0.031121 0.108497 0.779691 0.012265 0.068427
2 4 0.033429 0.111696 0.763634 0.013479 0.077763
2 4 0.013829 0.092894 0.761668 0.012089 0.119520
2 4 0.024103 0.081919 0.813663 0.013177 0.067137
2 4 0.013988 0.046178 0.905210 0.013008 0.021615
2 4 0.060985 0.110408 0.794273 0.008130 0.026204
2 4 0.108211 0.146902 0.698555 0.009055 0.037278
2 4 0.079386 0.100740 0.742887 0.044800 0.032187
2 4 0.022070 0.030084 0.652075 0.284060 0.011711
2 4 0.024275 0.044225 0.707731 0.204173 0.019595
2 4 0.020214 0.048338 0.798585 0.112946 0.019918
2 4 0.007578 0.029989 0.894923 0.057128 0.010382
2 4 0.002273 0.012776 0.942753 0.038778 0.003420
2 4 0.003074 0.015729 0.938148 0.038719 0.004331
2 4 0.003439 0.014750 0.911944 0.065586 0.004281
2 4 0.007027 0.018196 0.816782 0.152018 0.005977
2 2 0.035947 0.038236 0.638196 0.273225 0.014395
3 2 0.091762 0.051148 0.394902 0.438443 0.023745
3 2 0.136939 0.064522 0.330850 0.418553 0.049135
2 2 0.148493 0.093121 0.502782 0.215598 0.040005
2 2 0.032433 0.053331 0.717557 0.173893 0.022786
2 2 0.011430 0.031656 0.851633 0.094177 0.011104
2 2 0.009797 0.027163 0.881359 0.073386 0.008296
2 2 0.008410 0.022226 0.815404 0.146148 0.007812
2 2 0.017359 0.031755 0.729538 0.208896 0.012452
2 2 0.002529 0.009992 0.893756 0.091020 0.002703
2 2 0.004250 0.011296 0.795664 0.185365 0.003425
2 2 0.005266 0.011733 0.788285 0.191353 0.003363
2 2 0.006212 0.013519 0.816074 0.160439 0.003756
2 2 0.004984 0.011415 0.764278 0.215867 0.003456
2 2 0.003015 0.009212 0.830351 0.154835 0.002587
2 2 0.002635 0.007721 0.809955 0.177580 0.002109
2 2 0.001501 0.005729 0.871027 0.120360 0.001383
2 2 0.001100 0.003995 0.843650 0.150352 0.000902
2 2 0.000920 0.003153 0.814338 0.180903 0.000687
2 2 0.001117 0.003472 0.786653 0.207968 0.000790
2 2 0.001703 0.005496 0.823908 0.167528 0.001365
2 2 0.003843 0.011010 0.818298 0.163589 0.003261
2 2 0.004328 0.012109 0.814779 0.165102 0.003681
2 2 0.006593 0.013010 0.689820 0.286175 0.004401
2 2 0.003880 0.006694 0.580929 0.406427 0.002069
2 2 0.004130 0.006587 0.541824 0.445373 0.002086
2 2 0.003239 0.005604 0.568000 0.421486 0.001672
2 2 0.003916 0.007122 0.610908 0.375865 0.002189
2 2 0.004020 0.007851 0.651281 0.334442 0.002406
3 2 0.006708 0.008626 0.460095 0.521459 0.003111
3 2 0.008088 0.010234 0.465530 0.512312 0.003835
3 2 0.006928 0.008119 0.412552 0.569398 0.003003
2 2 0.006483 0.008902 0.493626 0.487838 0.003151
2 2 0.005790 0.008604 0.528981 0.453685 0.002940
2 2 0.004688 0.008346 0.612970 0.371331 0.002665
2 2 0.004451 0.010010 0.728239 0.254209 0.003091
2 2 0.004241 0.012430 0.829393 0.150177 0.003759
2 2 0.004524 0.016799 0.911068 0.062899 0.004710
2 2 0.005898 0.026740 0.932975 0.026820 0.007567
2 2 0.001287 0.007126 0.938816 0.051094 0.001678
2 2 0.001254 0.007254 0.943643 0.046147 0.001702
2 2 0.001726 0.008819 0.931491 0.055755 0.002209
2 2 0.001023 0.005536 0.932807 0.059397 0.001238
2 2 0.001034 0.005593 0.932860 0.059260 0.001253
2 2 0.001122 0.005026 0.900983 0.091728 0.001141
2 2 0.002133 0.007324 0.853630 0.135005 0.001907
2 2 0.003227 0.007394 0.716734 0.270510 0.002135
2 2 0.004473 0.007644 0.586857 0.398594 0.002432
3 2 0.004883 0.006525 0.456425 0.529966 0.002201
3 2 0.004203 0.004318 0.311526 0.678447 0.001506
3 2 0.004074 0.005742 0.471338 0.516993 0.001854
2 2 0.003241 0.005251 0.530955 0.458969 0.001583
2 2 0.003684 0.006131 0.556583 0.431716 0.001886
3 2 0.003138 0.004304 0.435321 0.555906 0.001331
3 2 0.003736 0.004383 0.366879 0.623554 0.001449
3 2 0.002805 0.003399 0.361762 0.630975 0.001059
3 2 0.003107 0.003903 0.387952 0.603810 0.001228
3 2 0.005048 0.006116 0.406174 0.580543 0.002119
3 2 0.006900 0.009103 0.476322 0.504391 0.003285
2 2 0.006189 0.009978 0.579423 0.400999 0.003411
2 2 0.005742 0.009052 0.561329 0.420818 0.003059
2 2 0.005533 0.008623 0.552053 0.430892 0.002899
3 2 0.005246 0.006172 0.393731 0.592683 0.002168
3 2 0.004344 0.005071 0.375656 0.613205 0.001724
3 2 0.004348 0.004471 0.314176 0.675437 0.001568
3 2 0.003093 0.003344 0.314012 0.678460 0.001091
3 2 0.002640 0.002887 0.308421 0.685138 0.000913
3 2 0.003099 0.003603 0.348623 0.643520 0.001154
3 3 0.005010 0.006004 0.399864 0.587040 0.002082
2 3 0.080651 0.121548 0.711502 0.027296 0.059003
2 2 0.084463 0.123259 0.733865 0.010468 0.047944
2 2 0.032776 0.088661 0.837079 0.007214 0.034270
2 1 0.009818 0.040816 0.929838 0.009748 0.009781
2 1 0.002834 0.018463 0.963875 0.010637 0.004191
2 1 0.002495 0.016737 0.958901 0.017591 0.004276
2 1 0.005779 0.030048 0.950039 0.007494 0.006640
2 1 0.010697 0.042745 0.927917 0.008716 0.009924
2 1 0.006595 0.032428 0.945829 0.007872 0.007276
2 1 0.002219 0.017569 0.962286 0.013352 0.004574
2 1 0.002551 0.021110 0.954299 0.015931 0.006109
2 1 0.002163 0.017355 0.960569 0.015218 0.004694
2 1 0.001036 0.010150 0.974275 0.012187 0.002352
2 1 0.001014 0.007973 0.966826 0.022374 0.001813
2 1 0.000444 0.004832 0.980610 0.013183 0.000931
2 1 0.001054 0.007932 0.964447 0.024752 0.001815
2 1 0.000991 0.006735 0.957411 0.033352 0.001511
2 1 0.002424 0.011101 0.919350 0.064139 0.002987
2 1 0.001825 0.009758 0.937449 0.048488 0.002480
2 1 0.001425 0.007772 0.937987 0.050945 0.001871
2 1 0.001376 0.008471 0.950429 0.037689 0.002035
2 1 0.002660 0.016102 0.947914 0.028879 0.004446
2 1 0.005308 0.028334 0.930342 0.024823 0.011193
2 1 0.004218 0.029105 0.935957 0.017565 0.013155
2 1 0.002683 0.020958 0.953841 0.015884 0.006635
2 1 0.001627 0.012227 0.962426 0.020633 0.003086
2 1 0.002144 0.015330 0.958248 0.020211 0.004067
2 1 0.004229 0.025414 0.951005 0.012799 0.006552
2 1 0.003828 0.019123 0.931455 0.039961 0.005633
2 1 0.003210 0.018679 0.942241 0.030451 0.005418
2 1 0.015242 0.053364 0.908991 0.009183 0.013220
2 1 0.048859 0.097418 0.829224 0.004830 0.019669
2 0 0.027245 0.070787 0.884832 0.003917 0.013219
2 0 0.073773 0.119840 0.780631 0.003440 0.022316
2 0 0.060552 0.108213 0.808149 0.003324 0.019762
2 0 0.087807 0.131555 0.748517 0.004816 0.027305
2 0 0.245704 0.202219 0.509037 0.002860 0.040179
2 0 0.274991 0.210552 0.462368 0.004140 0.047948
0 0 0.366722 0.223282 0.351662 0.003982 0.054352
2 0 0.177462 0.181768 0.590201 0.006533 0.044037
2 0 0.275777 0.209133 0.475031 0.001958 0.038101
2 0 0.276832 0.169910 0.508345 0.008187 0.036726
0 0 0.711727 0.098614 0.158677 0.011525 0.019457
0 0 0.831332 0.062524 0.070042 0.018179 0.017923
0 0 0.913671 0.037982 0.033402 0.006165 0.008780
0 0 0.819471 0.063518 0.077398 0.024169 0.015445
0 0 0.928068 0.028384 0.029169 0.008265 0.006114
0 0 0.841889 0.041709 0.062691 0.033297 0.020414
0 0 0.743949 0.061275 0.118236 0.060944 0.015595
0 0 0.444464 0.109961 0.328578 0.084552 0.032444
0 0 0.485453 0.153978 0.306682 0.015770 0.038117
2 0 0.279236 0.186655 0.474787 0.010739 0.048583
0 0 0.370696 0.223574 0.342539 0.004919 0.058271
2 0 0.291658 0.209914 0.425072 0.007304 0.066052
0 0 0.360778 0.216361 0.355314 0.003984 0.063563
0 0 0.506416 0.185366 0.251538 0.007818 0.048861
0 0 0.476237 0.140454 0.324422 0.023766 0.035121
0 0 0.794216 0.098564 0.074340 0.007165 0.025715
0 0 0.474670 0.148391 0.317674 0.021129 0.038136
2 0 0.314872 0.218050 0.399358 0.007148 0.060572
0 0 0.917261 0.020860 0.029963 0.017548 0.014368
0 0 0.941946 0.011863 0.017980 0.013403 0.014808
0 0 0.918351 0.016807 0.027301 0.021700 0.015840
0 0 0.867290 0.033065 0.051922 0.032838 0.014886
0 0 0.793201 0.068076 0.089814 0.028271 0.020638
0 0 0.843671 0.075176 0.057519 0.006335 0.017298
0 0 0.887560 0.067951 0.030392 0.001108 0.012989
0 0 0.941077 0.033121 0.019258 0.001569 0.004976
0 0 0.903548 0.048546 0.034924 0.003942 0.009041
0 0 0.774437 0.077478 0.096088 0.028563 0.023434
0 0 0.689428 0.088778 0.141753 0.053678 0.026363
0 0 0.638446 0.123540 0.065407 0.002301 0.170306
2 0 0.299947 0.211095 0.414768 0.007210 0.066980
2 0 0.050684 0.136716 0.732251 0.005942 0.074407
2 0 0.008388 0.058204 0.908738 0.003096 0.021573
2 0 0.001362 0.020672 0.961875 0.002534 0.013557
2 1 0.004816 0.039225 0.913645 0.004154 0.038160
2 1 0.005965 0.049139 0.872453 0.008566 0.063876
2 1 0.008913 0.091549 0.663267 0.006768 0.229503
2 1 0.014639 0.133378 0.459951 0.003777 0.388255
2 1 0.020094 0.163854 0.489762 0.002370 0.323920
2 1 0.021177 0.150964 0.695064 0.002919 0.129875
2 1 0.071909 0.198093 0.549777 0.003152 0.177069
2 1 0.051628 0.099478 0.753280 0.018847 0.076768
2 1 0.021837 0.094586 0.713764 0.024904 0.144909
2 1 0.034994 0.137267 0.624959 0.011513 0.191268
2 1 0.037460 0.124872 0.675740 0.014816 0.147113
2 1 0.053819 0.110907 0.770986 0.009348 0.054940
2 1 0.036484 0.105515 0.787515 0.006549 0.063937
2 1 0.048546 0.129684 0.735637 0.008595 0.077537
2 1 0.116064 0.117326 0.574514 0.018120 0.173976
2 1 0.038274 0.109831 0.611673 0.017066 0.223156
2 1 0.059708 0.114105 0.645450 0.017776 0.162961
2 1 0.001592 0.028725 0.949400 0.003186 0.017097
2 1 0.002158 0.027435 0.946676 0.006330 0.017401
2 1 0.010110 0.058503 0.876084 0.012587 0.042716
2 1 0.019150 0.120164 0.660715 0.010757 0.189214
2 1 0.030142 0.130186 0.531027 0.013017 0.295628
4 1 0.040466 0.183155 0.275053 0.003918 0.497408
4 1 0.076513 0.205285 0.210254 0.001992 0.505956
2 1 0.024367 0.211074 0.492899 0.001828 0.269832
4 1 0.036492 0.180848 0.361287 0.002121 0.419252
4 1 0.053660 0.175288 0.374457 0.002628 0.393966
4 1 0.029404 0.163045 0.364820 0.002012 0.440720
2 1 0.029915 0.208733 0.542584 0.001732 0.217036
2 1 0.002883 0.071048 0.888608 0.001751 0.035710
2 1 0.001381 0.042255 0.917869 0.002965 0.035529
2 1 0.003188 0.048335 0.899397 0.004144 0.044936
2 1 0.001220 0.021375 0.951522 0.002989 0.022894
2 1 0.003409 0.034484 0.901446 0.004340 0.056321
2 1 0.007249 0.031783 0.946000 0.004998 0.009969
2 1 0.034538 0.075504 0.854991 0.006639 0.028328
2 1 0.024538 0.067943 0.882568 0.008880 0.016069
2 1 0.003998 0.024693 0.949247 0.015350 0.006712
2 1 0.002184 0.016169 0.963044 0.011784 0.006819
2 1 0.002102 0.015505 0.964312 0.009984 0.008097
2 1 0.002728 0.019701 0.954593 0.009443 0.013535
2 1 0.008499 0.042859 0.907124 0.007460 0.034058
2 1 0.003586 0.034314 0.932670 0.006613 0.022816
2 1 0.007573 0.059888 0.883332 0.012161 0.037046
2 1 0.125573 0.148507 0.681206 0.008898 0.035815
2 1 0.239962 0.177675 0.524076 0.011985 0.046301
2 1 0.316582 0.195427 0.398953 0.008936 0.080102
2 0 0.245203 0.186594 0.446494 0.015125 0.106583
2 0 0.163484 0.146934 0.520797 0.015077 0.153708
2 1 0.136148 0.150622 0.603709 0.016337 0.093183
2 1 0.142579 0.166767 0.633891 0.010894 0.045870
0 1 0.375833 0.223792 0.332834 0.005820 0.061721
0 0 0.505802 0.166691 0.275171 0.010743 0.041592
0 0 0.617991 0.129595 0.193480 0.022690 0.036244
0 0 0.813783 0.093685 0.064176 0.005149 0.023206
0 0 0.762293 0.116706 0.082108 0.006387 0.032506
0 0 0.862852 0.082501 0.030778 0.000693 0.023177
0 0 0.782465 0.095348 0.036854 0.000771 0.084561
0 0 0.614770 0.108422 0.052920 0.001558 0.222329
0 0 0.769093 0.095346 0.058372 0.003320 0.073869
0 0 0.830535 0.087506 0.044166 0.001811 0.035983
0 0 0.677686 0.127891 0.153360 0.009855 0.031208
0 0 0.663428 0.084705 0.193307 0.039700 0.018860
0 0 0.804149 0.056754 0.090587 0.025727 0.022784
0 0 0.859596 0.045980 0.048252 0.011177 0.034995
0 0 0.786823 0.068763 0.060769 0.008236 0.075409
0 0 0.800352 0.054172 0.027267 0.001121 0.117089
0 0 0.783574 0.089976 0.063246 0.004829 0.058375
0 0 0.833186 0.069240 0.057339 0.007262 0.032972
0 0 0.836442 0.069061 0.057044 0.007241 0.030212
0 0 0.838238 0.093991 0.044920 0.001678 0.021172
0 0 0.812620 0.125839 0.033264 0.000315 0.027962
0 0 0.837051 0.115501 0.024097 0.000142 0.023208
0 0 0.853497 0.105022 0.021309 0.000123 0.020050
0 0 0.794655 0.136114 0.037167 0.000366 0.031698
0 0 0.756548 0.152287 0.050838 0.000733 0.039594
0 0 0.708905 0.157241 0.086683 0.002718 0.044453
0 0 0.448613 0.202289 0.270304 0.009581 0.069213
2 0 0.326755 0.194496 0.421234 0.008474 0.049041
2 0 0.149947 0.169785 0.630633 0.007549 0.042085
2 0 0.146332 0.155798 0.646410 0.003444 0.048016
2 0 0.312001 0.206841 0.422507 0.002411 0.056240
0 0 0.352515 0.191893 0.342038 0.003856 0.109699
0 0 0.359495 0.189752 0.321594 0.005061 0.124098
2 0 0.181849 0.161188 0.548165 0.008915 0.099883
2 0 0.102498 0.134683 0.704155 0.008343 0.050321
2 0 0.079522 0.125525 0.756410 0.007673 0.030870
2 0 0.118615 0.154002 0.668432 0.014052 0.044900
2 0 0.192507 0.176231 0.577335 0.009303 0.044625
0 0 0.416957 0.223938 0.301088 0.003488 0.054529
0 0 0.625053 0.198522 0.126581 0.001451 0.048393
0 0 0.493541 0.221492 0.229492 0.002439 0.053037
2 0 0.341913 0.217852 0.381051 0.003629 0.055554
2 0 0.178168 0.181482 0.594829 0.004970 0.040552
2 0 0.065085 0.113702 0.789587 0.006397 0.025229
2 0 0.210799 0.193613 0.545683 0.005140 0.044765
0 0 0.400530 0.201524 0.348600 0.004463 0.044883
0 0 0.496451 0.180117 0.267844 0.008910 0.046678
0 0 0.753481 0.132291 0.063768 0.002066 0.048394
0 0 0.680365 0.151895 0.092257 0.003468 0.072015
0 0 0.564336 0.168476 0.130197 0.002994 0.133997
2 1 0.277671 0.188584 0.430944 0.012722 0.090078
2 1 0.128208 0.155553 0.655063 0.011191 0.049985
2 1 0.014276 0.050712 0.907579 0.013892 0.013542
2 1 0.010181 0.044191 0.918060 0.013971 0.013596
2 1 0.015276 0.051787 0.916408 0.005801 0.010728
2 1 0.067405 0.114981 0.790319 0.004397 0.022898
2 1 0.066976 0.149228 0.742780 0.005795 0.035221
2 1 0.098563 0.174957 0.674885 0.007067 0.044529
2 1 0.061590 0.111129 0.791320 0.008880 0.027082
2 1 0.008484 0.037873 0.928608 0.014796 0.010239
2 1 0.010872 0.036287 0.917590 0.025439 0.009811
2 1 0.004553 0.018630 0.934987 0.036992 0.004838
2 1 0.005373 0.021470 0.914941 0.051803 0.006412
2 1 0.004595 0.021959 0.933239 0.033863 0.006343
2 1 0.001919 0.014836 0.961955 0.017416 0.003873
2 1 0.000845 0.008774 0.981741 0.006936 0.001704
2 1 0.000765 0.007063 0.976681 0.014031 0.001460
2 1 0.001524 0.009780 0.953903 0.032384 0.002409
2 1 0.004385 0.018466 0.933154 0.039072 0.004923
2 1 0.022304 0.053438 0.885847 0.024216 0.014195
2 1 0.047828 0.081503 0.829065 0.020454 0.021150
2 1 0.233013 0.177120 0.523345 0.016029 0.050493
2 1 0.093879 0.116698 0.733612 0.023062 0.032749
2 1 0.012677 0.041429 0.893291 0.039358 0.013245
2 1 0.005110 0.031535 0.927218 0.025859 0.010278
2 1 0.003035 0.014336 0.924561 0.054007 0.004062
2 1 0.003814 0.014133 0.887435 0.090438 0.004181
2 1 0.004035 0.015299 0.892480 0.083601 0.004585
2 1 0.002427 0.012559 0.934787 0.046829 0.003398
2 1 0.000909 0.008477 0.973938 0.014775 0.001901
2 1 0.000736 0.006857 0.974749 0.016192 0.001466
2 1 0.000662 0.005656 0.971117 0.021390 0.001174
2 1 0.000750 0.005111 0.955902 0.037159 0.001078
2 1 0.009649 0.035193 0.935804 0.011502 0.007852
2 1 0.000781 0.006025 0.965613 0.026291 0.001291
2 1 0.000433 0.003466 0.965079 0.030370 0.000652
2 1 0.000456 0.003398 0.959483 0.036019 0.000644
2 1 0.000590 0.003927 0.951213 0.043486 0.000784
2 1 0.002375 0.012340 0.963401 0.019306 0.002577
2 1 0.022950 0.057884 0.889222 0.015588 0.014356
2 1 0.046830 0.094165 0.814968 0.017251 0.026786
2 1 0.067449 0.110853 0.765276 0.022602 0.033820
2 1 0.055198 0.085632 0.807341 0.027954 0.023876
2 1 0.008042 0.027469 0.914604 0.042054 0.007832
2 1 0.012470 0.041920 0.902810 0.030179 0.012621
2 1 0.010634 0.040119 0.912823 0.024603 0.011821
2 1 0.014541 0.047072 0.907345 0.018396 0.012648
2 1 0.025149 0.069361 0.873649 0.013344 0.018496
2 1 0.052299 0.101356 0.818684 0.005904 0.021757
2 1 0.131717 0.160046 0.664712 0.006345 0.037180
2 1 0.212472 0.195299 0.521172 0.012283 0.058774
2 1 0.238475 0.193472 0.433099 0.023321 0.111632
2 1 0.114997 0.148835 0.651485 0.024842 0.059841
2 1 0.022036 0.089287 0.763655 0.026353 0.098670
2 1 0.006001 0.030768 0.947898 0.008321 0.007012
2 1 0.005046 0.026346 0.958702 0.004940 0.004966
2 1 0.006048 0.028011 0.955745 0.005061 0.005136
2 1 0.004026 0.022742 0.964240 0.004804 0.004188
2 1 0.003770 0.023200 0.964846 0.003939 0.004245
2 1 0.010438 0.041833 0.933012 0.006005 0.008712
2 1 0.018973 0.058920 0.899600 0.008716 0.013790
2 1 0.091091 0.125664 0.720123 0.024211 0.038911
2 0 0.330746 0.134080 0.461805 0.038202 0.035167
0 0 0.922851 0.034851 0.028331 0.004480 0.009487
0 0 0.913217 0.027113 0.033558 0.013586 0.012526
0 0 0.864470 0.036543 0.053957 0.029073 0.015957
0 0 0.768215 0.055108 0.109077 0.053492 0.014108
0 0 0.461317 0.111516 0.346658 0.052617 0.027893
0 0 0.423482 0.136571 0.374971 0.029403 0.035572
0 0 0.485853 0.166942 0.237863 0.008971 0.100371
0 0 0.732404 0.153324 0.060362 0.000781 0.053129
0 0 0.626305 0.198863 0.128840 0.001128 0.044863
0 0 0.881695 0.078926 0.024313 0.000379 0.014687
0 0 0.876268 0.066854 0.040374 0.002808 0.013696
0 0 0.785092 0.082560 0.090109 0.020210 0.022029
0 0 0.688673 0.143646 0.111691 0.009784 0.046206
0 0 0.446818 0.206101 0.276220 0.009086 0.061776
2 0 0.036366 0.123291 0.766424 0.005061 0.068858
2 1 0.005015 0.039388 0.933761 0.004968 0.016868
2 1 0.001484 0.015090 0.968610 0.006999 0.007818
2 1 0.004251 0.034041 0.922862 0.011116 0.027731
2 1 0.007998 0.060615 0.832975 0.011297 0.087115
2 1 0.006266 0.050793 0.881322 0.011414 0.050205
2 1 0.010836 0.091592 0.738428 0.010078 0.149067
2 1 0.005647 0.051952 0.875659 0.010178 0.056563
2 1 0.009621 0.101590 0.639941 0.007186 0.241662
2 1 0.007803 0.108658 0.678045 0.006787 0.198707
4 4 0.011808 0.126858 0.375473 0.004938 0.480924
4 4 0.020028 0.096951 0.265354 0.006144 0.611524
4 4 0.031306 0.065749 0.130503 0.006042 0.766399
4 4 0.046759 0.055973 0.079604 0.007229 0.810434
4 4 0.061887 0.066152 0.084061 0.010661 0.777239
4 4 0.063819 0.088459 0.085315 0.003464 0.758943
4 4 0.021613 0.066456 0.374677 0.007568 0.529687
4 4 0.021531 0.080820 0.217857 0.005551 0.674241
4 4 0.012253 0.118137 0.430760 0.005686 0.433164
4 4 0.012772 0.132147 0.396123 0.005713 0.453245
4 4 0.024324 0.144705 0.250481 0.002974 0.577516
4 4 0.041778 0.186501 0.206659 0.001526 0.563536
4 4 0.058962 0.136247 0.118909 0.001267 0.684615
4 4 0.092211 0.086547 0.105230 0.004587 0.711425
4 4 0.140505 0.093267 0.116390 0.007281 0.642557
4 4 0.126768 0.065056 0.064533 0.006409 0.737234
4 4 0.211059 0.079551 0.062984 0.004190 0.642217
4 4 0.169752 0.077890 0.050704 0.002182 0.699473
4 4 0.062103 0.063804 0.083057 0.002376 0.788661
4 4 0.035620 0.061475 0.177520 0.007957 0.717428
4 4 0.064453 0.037620 0.050870 0.007726 0.839332
4 4 0.111733 0.021087 0.022783 0.003106 0.841290
4 4 0.148478 0.038284 0.046709 0.008097 0.758432
4 4 0.130861 0.066900 0.059240 0.004664 0.738335
4 4 0.160429 0.132778 0.111460 0.005282 0.590050
2 4 0.030216 0.149442 0.595165 0.010427 0.214750
2 4 0.011408 0.097149 0.770167 0.010589 0.110687
2 4 0.009184 0.059112 0.879919 0.009236 0.042548
2 4 0.003504 0.033678 0.923421 0.008359 0.031039
2 4 0.002823 0.028641 0.944628 0.008673 0.015234
2 4 0.002665 0.028626 0.943281 0.009384 0.016044
2 4 0.005933 0.056685 0.884011 0.008872 0.044498
2 4 0.007935 0.074479 0.854801 0.005658 0.057126
2 4 0.008646 0.079380 0.819651 0.004866 0.087457
2 4 0.011878 0.109713 0.672761 0.003423 0.202225
2 4 0.004980 0.069979 0.807899 0.005910 0.111232
2 4 0.032393 0.135053 0.487633 0.010990 0.333931
4 4 0.027674 0.113085 0.326320 0.010788 0.522133
4 4 0.034933 0.134253 0.367321 0.016709 0.446784
4 4 0.037947 0.121571 0.231998 0.012498 0.595986
4 4 0.038053 0.115211 0.389069 0.018214 0.439453
2 4 0.043222 0.090340 0.532280 0.028329 0.305828
4 4 0.126606 0.061423 0.253201 0.093343 0.465428
4 4 0.217223 0.036390 0.089978 0.077834 0.578575
4 4 0.321184 0.042823 0.076503 0.035595 0.523895
4 4 0.351824 0.069328 0.133406 0.069120 0.376323
0 4 0.569218 0.130777 0.147776 0.023753 0.128475
2 4 0.255588 0.177497 0.419726 0.025962 0.121228
2 4 0.012420 0.074347 0.860582 0.013509 0.039142
2 4 0.004827 0.051462 0.899109 0.008642 0.035959
2 4 0.004268 0.050191 0.892698 0.008912 0.043932
2 4 0.009091 0.068108 0.852850 0.010340 0.059610
2 4 0.012320 0.054083 0.868192 0.027765 0.037640
2 4 0.031311 0.094669 0.783375 0.018834 0.071811
2 4 0.023533 0.110901 0.787230 0.012178 0.066158
2 4 0.013675 0.090117 0.850204 0.009869 0.036135
2 4 0.010089 0.083858 0.853106 0.012650 0.040297
2 4 0.004617 0.038541 0.924081 0.016756 0.016005
2 4 0.004788 0.035141 0.925614 0.018225 0.016233
2 4 0.004908 0.027032 0.934858 0.022713 0.010489
2 4 0.005156 0.028667 0.938587 0.019250 0.008340
2 4 0.018609 0.059068 0.886013 0.018950 0.017360
2 4 0.028559 0.074640 0.857989 0.017269 0.021542
2 4 0.023326 0.065237 0.865797 0.025203 0.020437
2 4 0.078797 0.151614 0.691121 0.016439 0.062029
2 4 0.032197 0.083611 0.819198 0.030893 0.034100
0 4 0.743794 0.108962 0.095480 0.011860 0.039903
0 4 0.694474 0.111549 0.098849 0.011656 0.083472
0 4 0.663534 0.058655 0.040244 0.002871 0.234696
0 4 0.450009 0.083114 0.075863 0.008068 0.382947
0 4 0.614171 0.081525 0.039087 0.001162 0.264054
0 4 0.646649 0.094977 0.039213 0.000840 0.218321
0 4 0.417382 0.169252 0.063033 0.000701 0.349632
4 4 0.251561 0.206536 0.102925 0.000479 0.438499
4 4 0.083252 0.206482 0.276722 0.001397 0.432147
2 4 0.030404 0.170016 0.479960 0.002575 0.317045
2 4 0.009747 0.106155 0.718452 0.004576 0.161070
2 4 0.003730 0.047069 0.873173 0.003948 0.072080
2 4 0.007633 0.058696 0.858995 0.005240 0.069436
2 4 0.011248 0.079922 0.794436 0.006350 0.108044
2 4 0.020379 0.139651 0.688344 0.006167 0.145459
2 4 0.008317 0.087462 0.788729 0.009147 0.106345
2 1 0.010254 0.057804 0.858528 0.020592 0.052822
2 1 0.006946 0.042346 0.903168 0.011354 0.036187
2 1 0.007864 0.033937 0.933910 0.009560 0.014728
2 2 0.008469 0.035931 0.936006 0.008477 0.011116
2 2 0.009391 0.039747 0.932451 0.009085 0.009327
2 2 0.004777 0.027510 0.936867 0.022473 0.008373
2 2 0.014344 0.080813 0.837409 0.021402 0.046032
2 1 0.018546 0.061737 0.823529 0.035476 0.060713
2 1 0.036331 0.090649 0.710371 0.037284 0.125365
2 1 0.022745 0.073528 0.777901 0.034316 0.091509
2 1 0.019885 0.074538 0.830802 0.024068 0.050707
2 1 0.037858 0.080119 0.819784 0.018976 0.043263
2 1 0.028293 0.071420 0.849616 0.018690 0.031981
2 2 0.041877 0.087146 0.813009 0.019754 0.038214
2 2 0.001859 0.010839 0.946163 0.038362 0.002778
2 2 0.002136 0.014044 0.955657 0.024497 0.003666
2 2 0.007963 0.030115 0.942944 0.012393 0.006585
2 2 0.050035 0.095087 0.807512 0.019799 0.027566
2 2 0.102888 0.144634 0.681303 0.022902 0.048273
2 2 0.120920 0.179936 0.627069 0.015109 0.056966
2 2 0.061152 0.107230 0.792878 0.011488 0.027252
2 2 0.046970 0.096652 0.803866 0.022250 0.030262
2 2 0.038302 0.084117 0.825174 0.025855 0.026551
2 1 0.034627 0.087359 0.829878 0.020885 0.027252
2 1 0.043722 0.092112 0.839170 0.005627 0.019369
2 1 0.071125 0.119432 0.772783 0.008113 0.028546
2 0 0.079613 0.126659 0.752604 0.009353 0.031771
2 1 0.072339 0.126729 0.750421 0.014198 0.036313
2 1 0.040016 0.135205 0.768878 0.011674 0.044227
2 1 0.027129 0.156962 0.721464 0.011170 0.083276
2 1 0.008915 0.079374 0.870727 0.010053 0.030931
2 1 0.010624 0.053830 0.907688 0.012282 0.015576
2 1 0.002962 0.024284 0.959616 0.007475 0.005662
2 1 0.002504 0.018758 0.963128 0.010995 0.004616
2 1 0.014751 0.071996 0.888891 0.004736 0.019625
2 1 0.040373 0.099508 0.824549 0.007103 0.028467
2 1 0.076452 0.154801 0.723490 0.004789 0.040467
2 1 0.254988 0.232677 0.457067 0.003216 0.052052
0 1 0.436717 0.224877 0.282732 0.002836 0.052838
2 1 0.286107 0.221019 0.433202 0.004972 0.054699
2 1 0.214702 0.210709 0.510087 0.007604 0.056898
2 0 0.075633 0.156202 0.717189 0.008984 0.041991
2 1 0.086186 0.131544 0.741551 0.008493 0.032226
2 1 0.145602 0.166837 0.645538 0.005173 0.036850
2 1 0.007884 0.066299 0.896314 0.007313 0.022190
2 1 0.040214 0.115906 0.801754 0.004060 0.038066
2 1 0.149533 0.206925 0.545594 0.002503 0.095445
2 0 0.090865 0.181433 0.655593 0.003178 0.068931
2 1 0.038769 0.143455 0.739767 0.004090 0.073919
2 1 0.044897 0.110557 0.794700 0.003425 0.046421
2 1 0.158582 0.157782 0.625511 0.003155 0.054970
2 0 0.242234 0.201527 0.515090 0.002528 0.038620
0 0 0.600009 0.205904 0.153649 0.000776 0.039662
0 0 0.477850 0.222875 0.243060 0.002642 0.053572
0 0 0.586450 0.159578 0.203021 0.009392 0.041559
0 0 0.839011 0.077715 0.060710 0.005445 0.017119
0 0 0.839965 0.068372 0.064349 0.011369 0.015946
0 0 0.895268 0.039156 0.044155 0.013940 0.007482
0 0 0.924010 0.032408 0.030286 0.006752 0.006543
0 0 0.906340 0.035829 0.037643 0.010219 0.009969
0 0 0.929499 0.031657 0.027893 0.005589 0.005362
0 0 0.848025 0.056502 0.065807 0.015466 0.014199
0 0 0.774993 0.077041 0.112051 0.019044 0.016872
0 0 0.864277 0.073090 0.044088 0.002962 0.015582
0 0 0.879645 0.056689 0.029230 0.001407 0.033029
0 0 0.920673 0.035714 0.017972 0.000936 0.024704
0 0 0.901174 0.036388 0.019673 0.001142 0.041623
0 0 0.893717 0.043034 0.028389 0.002484 0.032376
0 0 0.883768 0.048087 0.038649 0.005149 0.024346
0 0 0.833320 0.060398 0.055947 0.009151 0.041184
0 0 0.871268 0.059198 0.027292 0.001004 0.041239
0 0 0.805218 0.086565 0.065586 0.006431 0.036201
0 0 0.923229 0.046063 0.017023 0.000451 0.013235
0 0 0.931637 0.039552 0.012395 0.000234 0.016182
0 0 0.917132 0.025936 0.021385 0.003402 0.032146
0 0 0.860760 0.053083 0.049869 0.008978 0.027310
0 0 0.890215 0.047074 0.029146 0.002184 0.031381
0 0 0.922555 0.030971 0.026927 0.004897 0.014649
0 0 0.901176 0.036028 0.035508 0.007991 0.019297
0 0 0.929422 0.026305 0.025150 0.005869 0.013254
0 0 0.880776 0.034003 0.038676 0.011445 0.035100
0 0 0.828010 0.044671 0.033603 0.003528 0.090188
0 0 0.722706 0.051248 0.033624 0.002330 0.190092
0 0 0.836123 0.050950 0.034292 0.002794 0.075841
0 0 0.773578 0.070799 0.041285 0.002190 0.112149
0 0 0.798700 0.086968 0.051336 0.002821 0.060174
0 0 0.832667 0.073633 0.042392 0.002347 0.048961
0 0 0.776773 0.089464 0.063640 0.005136 0.064987
0 0 0.808967 0.107170 0.055317 0.002315 0.026232
0 0 0.807173 0.123513 0.040058 0.000591 0.028665
0 0 0.696396 0.174975 0.078274 0.001449 0.048908
0 0 0.776614 0.144034 0.043423 0.000516 0.035413
0 0 0.647507 0.139203 0.171790 0.008323 0.033177
0 0 0.660320 0.116217 0.172503 0.020768 0.030192
0 0 0.678561 0.126491 0.131187 0.022084 0.041677
0 0 0.660099 0.115298 0.152088 0.035463 0.037052
0 0 0.523717 0.155877 0.222925 0.023082 0.074400
0 0 0.407914 0.119039 0.337592 0.085185 0.050270
0 0 0.746249 0.073314 0.103712 0.039736 0.036989
0 0 0.814109 0.062337 0.076189 0.023260 0.024105
0 0 0.774871 0.088168 0.092617 0.013821 0.030523
0 1 0.774245 0.118790 0.058932 0.002103 0.045929
0 1 0.643666 0.161381 0.091931 0.001919 0.101104
0 1 0.324974 0.293204 0.192649 0.000981 0.188192
2 1 0.060841 0.109334 0.777459 0.005154 0.047212
2 1 0.049837 0.108693 0.752118 0.010512 0.078841
2 1 0.125876 0.104783 0.432032 0.012412 0.324897
4 1 0.066656 0.048242 0.187040 0.015481 0.682580
4 4 0.084788 0.032474 0.071070 0.013668 0.798000
4 4 0.136279 0.029273 0.068319 0.047605 0.718524
4 4 0.151151 0.046580 0.130725 0.070516 0.601027
4 4 0.121105 0.054891 0.123753 0.036491 0.663759
4 4 0.074571 0.063305 0.173745 0.018396 0.669983
4 4 0.094601 0.054098 0.113250 0.021720 0.716331
4 4 0.086428 0.046214 0.061494 0.010691 0.795172
4 4 0.122789 0.027367 0.038918 0.009194 0.801732
4 4 0.070394 0.022041 0.022752 0.002512 0.882302
4 4 0.071323 0.028301 0.026391 0.002305 0.871679
4 4 0.048572 0.021328 0.020116 0.001747 0.908237
4 4 0.069033 0.022348 0.022072 0.002216 0.884332
4 4 0.109254 0.039382 0.032380 0.002255 0.816730
4 4 0.251923 0.108413 0.077152 0.004116 0.558396
4 4 0.159599 0.212521 0.219668 0.007490 0.400723
4 4 0.055660 0.108539 0.145102 0.008112 0.682587
4 4 0.055641 0.125744 0.357808 0.015307 0.445499
2 4 0.061564 0.097666 0.488140 0.016671 0.335959
2 4 0.161341 0.137399 0.455265 0.012602 0.233392
0 4 0.286078 0.182455 0.259952 0.008659 0.262855
2 4 0.209384 0.243397 0.317530 0.002013 0.227676
4 4 0.046677 0.175455 0.362434 0.002264 0.413170
4 4 0.049986 0.180791 0.310027 0.003153 0.456043
2 4 0.038582 0.216910 0.405631 0.002702 0.336175
4 4 0.067443 0.138342 0.126349 0.001855 0.666012
4 4 0.050576 0.112144 0.139171 0.001314 0.696794
4 4 0.038227 0.077965 0.145880 0.003344 0.734585
4 4 0.030048 0.086133 0.392207 0.012471 0.479141
2 4 0.038695 0.114746 0.446731 0.021503 0.378323
4 4 0.034823 0.111905 0.352798 0.014858 0.485616
2 4 0.027593 0.134644 0.613318 0.019216 0.205229
2 4 0.046233 0.131611 0.572801 0.015052 0.234303
2 4 0.064907 0.143880 0.538148 0.015110 0.237956
2 4 0.125155 0.128446 0.425057 0.015912 0.305430
2 4 0.105692 0.127189 0.515408 0.018065 0.233645
2 4 0.118737 0.124040 0.564488 0.016215 0.176520
2 4 0.128792 0.124118 0.547008 0.018761 0.181321
2 4 0.059533 0.121326 0.620168 0.013587 0.185386
2 4 0.025913 0.138963 0.436064 0.014361 0.384699
2 4 0.029097 0.133427 0.474407 0.017836 0.345232
2 4 0.036034 0.118933 0.548930 0.025055 0.271047
2 4 0.089390 0.111872 0.657958 0.021495 0.119286
2 4 0.058681 0.099215 0.779827 0.012053 0.050224
2 4 0.187867 0.170127 0.514440 0.021831 0.105735
2 4 0.190016 0.147874 0.441131 0.013433 0.207547
4 4 0.055666 0.118123 0.395009 0.011118 0.420085
4 4 0.064667 0.137101 0.358587 0.008108 0.431537
2 4 0.040030 0.158096 0.456930 0.013875 0.331069
2 4 0.028177 0.145176 0.463220 0.017413 0.346013
2 4 0.013136 0.110163 0.684602 0.012799 0.179300
2 4 0.009917 0.090661 0.668375 0.007732 0.223316
2 4 0.018372 0.122601 0.494542 0.005792 0.358692
4 1 0.022817 0.140057 0.317338 0.002116 0.517671
2 1 0.011208 0.105051 0.746096 0.005243 0.132402
2 1 0.005050 0.067742 0.858499 0.005004 0.063705
2 1 0.002966 0.042458 0.912965 0.005966 0.035644
2 1 0.003716 0.046517 0.861479 0.004848 0.083440
2 1 0.003425 0.044315 0.880610 0.005149 0.066501
2 1 0.007934 0.074613 0.770014 0.006023 0.141416
2 1 0.013021 0.104275 0.714939 0.004366 0.163399
2 1 0.025822 0.166428 0.489516 0.002970 0.315263
2 1 0.024051 0.175299 0.480642 0.003652 0.316357
4 1 0.021248 0.149899 0.371577 0.001718 0.455559
2 1 0.012591 0.124128 0.511133 0.004103 0.348045
2 1 0.008280 0.092462 0.739771 0.007299 0.152188
2 1 0.007185 0.066302 0.848246 0.012497 0.065770
2 1 0.005620 0.039260 0.915712 0.013345 0.026062
2 1 0.002385 0.017373 0.960203 0.013400 0.006640
2 1 0.002593 0.022137 0.953346 0.011390 0.010534
2 1 0.001716 0.015610 0.966620 0.008262 0.007792
2 1 0.010100 0.036785 0.930663 0.012064 0.010388
2 2 0.010432 0.037446 0.930480 0.012884 0.008757
2 2 0.049033 0.107851 0.800936 0.012560 0.029620
2 2 0.062998 0.226912 0.608955 0.015451 0.085683
2 2 0.123301 0.299648 0.426700 0.012357 0.137993
2 2 0.011425 0.098738 0.773110 0.010319 0.106408
2 2 0.049114 0.143983 0.666666 0.006753 0.133485
2 2 0.127783 0.199980 0.510911 0.004066 0.157261
2 2 0.109816 0.230376 0.508633 0.002699 0.148475
2 1 0.104428 0.284858 0.456942 0.001776 0.151996
2 1 0.040765 0.211592 0.578094 0.001615 0.167933
2 1 0.024121 0.144217 0.735025 0.002174 0.094463
2 1 0.019131 0.126051 0.747983 0.001722 0.105113
2 1 0.027205 0.118102 0.763787 0.002021 0.088884
2 0 0.064710 0.103024 0.787697 0.004789 0.039780
2 0 0.093593 0.135787 0.737214 0.004923 0.028483
2 1 0.026291 0.188003 0.512179 0.003334 0.270192
2 1 0.011378 0.114810 0.721756 0.003766 0.148290
2 1 0.009973 0.085255 0.824369 0.005681 0.074723
2 1 0.007414 0.048888 0.903731 0.011340 0.028626
2 2 0.006422 0.039106 0.931032 0.010485 0.012955
2 2 0.002433 0.018313 0.965845 0.009040 0.004368
2 2 0.001610 0.011850 0.973370 0.010726 0.002444
2 2 0.002143 0.016581 0.970056 0.007540 0.003680
2 2 0.003046 0.019456 0.960346 0.009381 0.007771
2 2 0.002771 0.022447 0.949962 0.009570 0.015251
2 2 0.001640 0.014165 0.968635 0.010990 0.004570
2 2 0.001070 0.011052 0.976345 0.008342 0.003192
2 2 0.000794 0.008426 0.977938 0.010994 0.001848
2 2 0.000579 0.006862 0.981830 0.009316 0.001412
2 2 0.000473 0.005610 0.982693 0.010121 0.001103
2 2 0.000319 0.004069 0.985033 0.009844 0.000736
2 2 0.000350 0.003756 0.980046 0.015162 0.000686
2 2 0.000430 0.002974 0.951277 0.044765 0.000554
2 2 0.000659 0.003601 0.926119 0.068891 0.000731
2 2 0.000494 0.002284 0.881635 0.115154 0.000434
2 2 0.000554 0.002572 0.886846 0.109527 0.000501
2 2 0.000405 0.002353 0.925488 0.071325 0.000430
2 2 0.000509 0.002700 0.914244 0.082029 0.000518
2 2 0.000576 0.002401 0.858145 0.138406 0.000472
2 2 0.001185 0.003901 0.812745 0.181272 0.000897
2 2 0.002677 0.007529 0.795221 0.192508 0.002066
2 2 0.004623 0.009013 0.660409 0.323115 0.002840
2 2 0.004806 0.009053 0.645098 0.338157 0.002886
2 2 0.002516 0.004063 0.508163 0.484090 0.001168
2 2 0.001479 0.002567 0.504304 0.490990 0.000660
2 2 0.001799 0.005753 0.823227 0.167776 0.001446
2 2 0.001767 0.006293 0.903430 0.087149 0.001362
2 2 0.010092 0.020020 0.893120 0.072118 0.004650
2 2 0.024492 0.038843 0.866280 0.060516 0.009869
2 0 0.037207 0.070678 0.849520 0.023731 0.018864
2 1 0.083526 0.128771 0.753612 0.005863 0.028229
2 1 0.047566 0.096151 0.831446 0.005115 0.019721
2 1 0.022781 0.071043 0.887317 0.004599 0.014259
2 1 0.056624 0.121595 0.796021 0.003054 0.022706
2 1 0.058414 0.140095 0.761760 0.002347 0.037384
2 1 0.088041 0.150683 0.711192 0.002398 0.047686
2 1 0.073926 0.217972 0.609443 0.001485 0.097174
2 1 0.023014 0.130136 0.782801 0.003014 0.061035
2 1 0.009847 0.095701 0.826675 0.004603 0.063174
2 1 0.010497 0.089769 0.828001 0.008405 0.063328
2 1 0.013975 0.105903 0.801211 0.006985 0.071925
2 1 0.008839 0.076265 0.853747 0.007403 0.053746
2 1 0.010134 0.094000 0.825572 0.006138 0.064155
2 1 0.008998 0.099430 0.786775 0.011892 0.092905
2 1 0.012330 0.109428 0.765712 0.012646 0.099884
2 1 0.011479 0.105065 0.765227 0.011147 0.107081
2 1 0.008844 0.073197 0.869356 0.011555 0.037048
2 1 0.030564 0.094370 0.850445 0.003097 0.021524
2 1 0.126179 0.183995 0.653126 0.002426 0.034274
2 1 0.184969 0.224044 0.544043 0.002432 0.044513
2 1 0.155314 0.173515 0.642699 0.001476 0.026997
2 1 0.073926 0.196933 0.656237 0.000895 0.072008
2 1 0.039241 0.107930 0.814319 0.002204 0.036306
2 1 0.050826 0.139966 0.761410 0.001701 0.046097
2 1 0.030485 0.144313 0.773007 0.002499 0.049697
2 1 0.025923 0.186854 0.438105 0.002249 0.346869
2 1 0.023736 0.181306 0.529883 0.003683 0.261391
2 1 0.006319 0.077166 0.857903 0.005682 0.052931
2 1 0.011592 0.099738 0.825608 0.005816 0.057246
2 1 0.011558 0.073059 0.892860 0.002502 0.020021
2 1 0.056655 0.150658 0.741930 0.002974 0.047783
2 1 0.102781 0.214695 0.624079 0.001910 0.056535
2 1 0.071157 0.171148 0.675823 0.001659 0.080212
2 1 0.013576 0.107365 0.780211 0.002934 0.095914
2 1 0.011649 0.084430 0.847956 0.004600 0.051365
2 1 0.009505 0.087546 0.852887 0.006398 0.043664
2 1 0.017400 0.098783 0.831608 0.008292 0.043917
2 1 0.015742 0.087478 0.840463 0.009100 0.047217
2 1 0.016186 0.080749 0.843265 0.014935 0.044865
2 1 0.034294 0.093667 0.835366 0.009888 0.026785
2 1 0.030505 0.076537 0.865820 0.008919 0.018219
2 2 0.075045 0.122742 0.765460 0.007733 0.029020
2 2 0.041400 0.090859 0.833533 0.010983 0.023225
2 2 0.028162 0.073340 0.871466 0.009361 0.017671
2 2 0.027430 0.077546 0.859189 0.008804 0.027031
2 2 0.024581 0.067939 0.883242 0.008418 0.015820
2 2 0.009510 0.039879 0.934196 0.007547 0.008868
2 2 0.006160 0.033157 0.939854 0.012247 0.008581
2 2 0.003745 0.023640 0.955663 0.011108 0.005844
2 2 0.000900 0.009037 0.975909 0.012122 0.002032
2 2 0.001456 0.013564 0.975835 0.006309 0.002837
2 2 0.002311 0.017630 0.971348 0.005217 0.003493
2 2 0.004155 0.024820 0.959122 0.006622 0.005282
2 2 0.005623 0.029732 0.948052 0.009545 0.007049
2 2 0.004152 0.029156 0.950047 0.009467 0.007178
2 2 0.070156 0.144912 0.751193 0.003841 0.029898
2 2 0.108069 0.230510 0.612792 0.002195 0.046433
2 2 0.165963 0.291190 0.468731 0.000932 0.073184
2 2 0.035846 0.206861 0.650458 0.001090 0.105745
2 2 0.054970 0.236237 0.575392 0.001089 0.132311
2 2 0.038134 0.192487 0.690848 0.001613 0.076919
2 2 0.026945 0.158024 0.762541 0.002064 0.050426
2 2 0.033097 0.195576 0.712148 0.001837 0.057341
2 2 0.054196 0.222278 0.629366 0.002210 0.091951
2 1 0.068938 0.227154 0.581960 0.001339 0.120609
2 1 0.043712 0.178058 0.611998 0.001295 0.164937
2 0 0.146924 0.166852 0.648149 0.003968 0.034107
2 0 0.319736 0.206156 0.425595 0.003935 0.044578
0 0 0.596926 0.186629 0.156759 0.005161 0.054526
0 0 0.727023 0.131351 0.095663 0.007201 0.038761
0 0 0.650011 0.189543 0.107168 0.001836 0.051443
0 0 0.678815 0.215823 0.058986 0.000306 0.046070
0 0 0.488274 0.285397 0.147206 0.000359 0.078764
1 0 0.260339 0.307284 0.238106 0.000220 0.194050
1 0 0.217975 0.307140 0.292121 0.000327 0.182437
2 0 0.244795 0.253320 0.400363 0.000971 0.100551
2 0 0.191062 0.209810 0.492562 0.001248 0.105318
2 0 0.169830 0.212297 0.494512 0.001622 0.121740
2 1 0.066821 0.161160 0.624104 0.002057 0.145859
2 1 0.010002 0.107884 0.712682 0.004319 0.165113
2 1 0.005762 0.085175 0.752900 0.005778 0.150384
2 1 0.007578 0.098772 0.679338 0.006236 0.208075
2 1 0.009731 0.110951 0.514565 0.005275 0.359478
2 1 0.022279 0.091649 0.753899 0.003346 0.128827
2 1 0.065853 0.104629 0.740393 0.003649 0.085476
2 4 0.030660 0.097436 0.624059 0.017207 0.230639
2 4 0.278482 0.190707 0.374366 0.025947 0.130498
2 4 0.189169 0.173388 0.480291 0.044231 0.112921
0 4 0.412096 0.241765 0.221405 0.017572 0.107161
2 4 0.112175 0.228467 0.476030 0.023175 0.160153
2 4 0.061753 0.151130 0.421374 0.013565 0.352179
