0 0 0.502462 0.099098 0.114072 0.115651 0.168717
0 0 0.385313 0.096117 0.091112 0.051946 0.375512
4 0 0.374661 0.097421 0.090274 0.046942 0.390702
4 0 0.269683 0.093828 0.072831 0.019562 0.544097
4 0 0.227546 0.075882 0.058161 0.016658 0.621754
4 0 0.223718 0.072293 0.055924 0.017061 0.631003
4 0 0.196698 0.042290 0.037519 0.026307 0.697185
4 0 0.157527 0.039491 0.032053 0.015922 0.755008
4 0 0.198895 0.061383 0.047481 0.015708 0.676534
4 0 0.144541 0.056102 0.038084 0.007545 0.753728
4 0 0.165973 0.075886 0.049309 0.007058 0.701775
4 0 0.186762 0.071191 0.050373 0.010665 0.681009
4 0 0.297345 0.105627 0.082886 0.021656 0.492486
4 0 0.303915 0.092847 0.077350 0.027710 0.498178
4 0 0.326704 0.081430 0.074276 0.041073 0.476517
0 0 0.403595 0.092020 0.091375 0.063447 0.349563
0 0 0.446497 0.120273 0.116352 0.058924 0.257955
0 0 0.450808 0.148803 0.135163 0.045397 0.219829
0 0 0.360464 0.260317 0.172424 0.011203 0.195591
4 0 0.239003 0.193986 0.108840 0.005014 0.453157
4 0 0.170765 0.176189 0.085316 0.002278 0.565453
4 0 0.169080 0.118968 0.066013 0.003876 0.642062
4 0 0.202485 0.143414 0.081727 0.004849 0.567526
4 0 0.168909 0.123036 0.067564 0.004906 0.635585
4 1 0.218101 0.218241 0.112679 0.006653 0.444327
1 1 0.165364 0.355156 0.173857 0.002860 0.302764
1 1 0.163639 0.353960 0.164036 0.002008 0.316356
4 1 0.139140 0.213788 0.087515 0.001640 0.557917
4 1 0.149413 0.241442 0.111106 0.001356 0.496684
4 4 0.159160 0.249730 0.106641 0.001240 0.483230
4 4 0.104972 0.189012 0.076889 0.000967 0.628161
4 4 0.155243 0.098230 0.056027 0.004428 0.686073
4 4 0.138611 0.069129 0.042431 0.004970 0.744860
4 4 0.148624 0.067977 0.043510 0.006147 0.733743
4 4 0.130440 0.051503 0.034286 0.006485 0.777286
4 4 0.209103 0.092908 0.063120 0.009861 0.625009
4 4 0.214475 0.129241 0.079478 0.015224 0.561581
4 4 0.154768 0.138659 0.070095 0.006629 0.629849
4 4 0.086890 0.108409 0.044720 0.001823 0.758157
4 4 0.082122 0.127362 0.048121 0.001292 0.741104
4 4 0.111045 0.129017 0.056041 0.001109 0.702788
4 4 0.125492 0.097214 0.049899 0.002317 0.725077
4 4 0.175204 0.128972 0.070779 0.003802 0.621242
4 4 0.185894 0.116048 0.068270 0.005196 0.624592
4 4 0.238816 0.183258 0.104769 0.005412 0.467744
4 4 0.344418 0.161129 0.118778 0.018134 0.357541
0 4 0.481727 0.165866 0.154933 0.049441 0.148032
0 0 0.480702 0.166759 0.155226 0.048743 0.148570
0 0 0.503453 0.145399 0.147361 0.068611 0.135177
0 0 0.520903 0.124093 0.137522 0.096836 0.120647
4 0 0.352647 0.130739 0.105006 0.025943 0.385665
4 0 0.249439 0.098523 0.071971 0.014696 0.565371
4 0 0.182144 0.049744 0.039825 0.016818 0.711469
4 0 0.185218 0.049823 0.040212 0.017559 0.707187
4 0 0.175097 0.063426 0.045343 0.010593 0.705541
4 1 0.202753 0.092309 0.061850 0.009150 0.633937
4 1 0.296226 0.170539 0.112785 0.010913 0.409537
0 1 0.337785 0.253125 0.161126 0.009490 0.238473
0 4 0.346855 0.252344 0.163699 0.010319 0.226782
0 4 0.367977 0.254566 0.172011 0.012258 0.193189
4 4 0.230273 0.211391 0.112922 0.004019 0.441395
0 4 0.351039 0.259811 0.168859 0.010343 0.209948
0 4 0.368879 0.253877 0.171957 0.012390 0.192897
0 4 0.341531 0.274957 0.173164 0.008908 0.201439
0 4 0.372914 0.250800 0.171701 0.013001 0.191584
0 4 0.346809 0.220766 0.148258 0.012171 0.271997
0 4 0.364003 0.257395 0.172126 0.011700 0.194777
4 4 0.288905 0.171743 0.111690 0.010072 0.417591
4 4 0.217548 0.207654 0.108153 0.003519 0.463127
4 4 0.131527 0.175390 0.074299 0.001129 0.617655
4 4 0.099691 0.067312 0.035338 0.002131 0.795528
4 4 0.131030 0.077932 0.044427 0.003587 0.743024
4 4 0.097280 0.044705 0.027106 0.003630 0.827279
4 4 0.121538 0.048409 0.031840 0.005871 0.792342
4 4 0.244798 0.110782 0.076728 0.011793 0.555900
4 4 0.259183 0.128367 0.086952 0.011190 0.514308
0 4 0.332125 0.203840 0.136304 0.011891 0.315840
0 4 0.520903 0.124093 0.137522 0.096836 0.120647
0 4 0.493877 0.154860 0.151072 0.058945 0.141247
0 4 0.321387 0.224339 0.142832 0.009535 0.301907
4 4 0.304810 0.196052 0.125950 0.009785 0.363402
0 1 0.381669 0.183465 0.138571 0.020580 0.275715
0 0 0.437669 0.140097 0.126815 0.044833 0.250586
0 0 0.520903 0.124093 0.137522 0.096836 0.120647
0 0 0.520903 0.124093 0.137522 0.096836 0.120647
0 0 0.520903 0.124093 0.137522 0.096836 0.120647
0 0 0.492096 0.090612 0.105754 0.122413 0.189126
4 0 0.302555 0.052214 0.054035 0.063443 0.527752
4 0 0.255242 0.057433 0.052066 0.034303 0.600956
4 0 0.289320 0.080055 0.068557 0.029921 0.532147
4 1 0.170756 0.132057 0.070896 0.003428 0.622863
4 1 0.145982 0.099567 0.054709 0.003366 0.696376
4 4 0.184486 0.084076 0.055524 0.008102 0.667812
4 4 0.147433 0.081781 0.048617 0.004597 0.717573
4 4 0.224730 0.127805 0.080565 0.011410 0.555489
4 4 0.196056 0.144403 0.080698 0.004397 0.574446
4 4 0.225318 0.222948 0.115644 0.003520 0.432570
0 4 0.357880 0.223294 0.152650 0.013176 0.253000
0 4 0.304329 0.244308 0.146732 0.007293 0.297338
0 4 0.310813 0.299308 0.173465 0.006073 0.210340
0 4 0.338859 0.277043 0.173234 0.008622 0.202242
0 4 0.339957 0.213461 0.142878 0.011983 0.291720
4 4 0.204628 0.126086 0.080797 0.006934 0.581555
4 4 0.286172 0.112572 0.085110 0.018066 0.498080
4 4 0.332076 0.107856 0.089511 0.028694 0.441863
0 4 0.379770 0.121563 0.104879 0.035627 0.358162
0 0 0.481711 0.107619 0.115222 0.088287 0.207161
0 1 0.520903 0.124093 0.137522 0.096836 0.120647
0 4 0.520903 0.124093 0.137522 0.096836 0.120647
0 0 0.428266 0.095333 0.097310 0.072118 0.306974
0 0 0.427787 0.130612 0.119030 0.045994 0.276576
0 1 0.384271 0.136980 0.114236 0.031206 0.333307
4 1 0.283177 0.149257 0.100695 0.011573 0.455297
4 1 0.086540 0.159207 0.114361 0.003072 0.636820
4 1 0.029237 0.165759 0.204619 0.001444 0.598940
4 1 0.022137 0.183807 0.204295 0.002060 0.587702
4 1 0.026117 0.191538 0.129046 0.000925 0.652374
4 4 0.028997 0.063816 0.035430 0.001201 0.870555
4 4 0.029601 0.029478 0.019541 0.001626 0.919755
4 4 0.023004 0.013060 0.009268 0.003313 0.951354
4 4 0.029960 0.027571 0.020278 0.008504 0.913687
4 4 0.117153 0.057529 0.035417 0.004249 0.785652
4 4 0.140511 0.083003 0.047878 0.003951 0.724657
4 4 0.254066 0.119565 0.082188 0.011716 0.532465
4 4 0.243448 0.085847 0.065141 0.016767 0.588797
4 4 0.120827 0.036143 0.026519 0.008871 0.807640
4 4 0.077011 0.027297 0.017814 0.004008 0.873869
4 4 0.073606 0.029319 0.018199 0.003198 0.875678
4 4 0.063582 0.028086 0.016485 0.002304 0.889543
4 4 0.081549 0.036409 0.021875 0.003059 0.857108
4 4 0.056149 0.056209 0.029811 0.001842 0.855989
4 4 0.090169 0.102275 0.043976 0.002516 0.761065
4 4 0.129968 0.114768 0.056378 0.002004 0.696883
4 4 0.139937 0.127630 0.062609 0.002100 0.667724
4 4 0.105661 0.101181 0.046904 0.001377 0.744877
4 4 0.100861 0.065788 0.035045 0.002273 0.796033
4 4 0.054921 0.059396 0.035851 0.009833 0.839999
4 4 0.123888 0.112515 0.066953 0.030983 0.665662
4 4 0.127976 0.164991 0.170443 0.087027 0.449562
4 4 0.086853 0.167974 0.156731 0.029820 0.558621
4 4 0.020391 0.140244 0.287244 0.006781 0.545339
4 4 0.018233 0.163043 0.385149 0.004795 0.428781
2 4 0.024307 0.172934 0.425737 0.004557 0.372465
2 1 0.006606 0.087394 0.809494 0.005841 0.090665
2 1 0.008932 0.082434 0.795547 0.006781 0.106306
2 1 0.011452 0.106240 0.724431 0.008137 0.149740
2 1 0.014688 0.149781 0.594768 0.012360 0.228403
2 1 0.009643 0.119515 0.537565 0.020457 0.312820
2 1 0.008025 0.106542 0.598836 0.025490 0.261107
2 1 0.007876 0.092170 0.570594 0.058115 0.271246
2 1 0.013044 0.084302 0.717580 0.026438 0.158636
2 1 0.012947 0.079198 0.726958 0.058660 0.122237
2 1 0.014403 0.093834 0.732622 0.033227 0.125914
2 1 0.012687 0.080510 0.769116 0.041156 0.096531
2 1 0.006579 0.050745 0.801082 0.089827 0.051767
2 1 0.019111 0.074142 0.671537 0.127456 0.107754
2 1 0.019288 0.071144 0.665521 0.127355 0.116691
2 1 0.026315 0.069304 0.667818 0.126689 0.109875
2 1 0.081424 0.123423 0.537912 0.032467 0.224774
2 1 0.195852 0.140789 0.336950 0.041272 0.285136
2 1 0.194585 0.199020 0.340187 0.026837 0.239371
4 1 0.141889 0.199909 0.300116 0.021321 0.336764
2 2 0.022075 0.158533 0.536413 0.009422 0.273557
2 2 0.017516 0.115401 0.501304 0.013653 0.352127
2 2 0.019626 0.126014 0.532046 0.010044 0.312270
2 2 0.020665 0.122006 0.488507 0.010428 0.358394
2 2 0.018095 0.117662 0.544395 0.011423 0.308426
2 2 0.017137 0.109784 0.610659 0.013818 0.248602
2 2 0.011343 0.090844 0.751481 0.012430 0.133902
2 2 0.010472 0.071633 0.773813 0.014753 0.129328
2 2 0.008030 0.061822 0.791060 0.025944 0.113144
2 2 0.010217 0.072996 0.749720 0.025023 0.142045
2 2 0.012938 0.074673 0.707136 0.046928 0.158325
2 2 0.014930 0.074284 0.689338 0.042451 0.178996
2 2 0.030406 0.098291 0.530159 0.064882 0.276263
2 2 0.151454 0.125017 0.461638 0.076172 0.185719
2 2 0.218904 0.174897 0.399368 0.039899 0.166932
2 2 0.157696 0.172755 0.520194 0.047491 0.101864
2 2 0.098497 0.134690 0.636239 0.059002 0.071573
2 2 0.010517 0.033429 0.705632 0.222443 0.027980
2 2 0.008979 0.027446 0.617753 0.323188 0.022634
2 2 0.006302 0.018734 0.562280 0.400538 0.012146
2 2 0.007519 0.018635 0.585822 0.372792 0.015231
2 2 0.011153 0.016831 0.483451 0.470637 0.017929
3 2 0.013415 0.016951 0.354939 0.588947 0.025749
3 2 0.020203 0.018789 0.303055 0.625039 0.032914
3 2 0.031508 0.025309 0.272258 0.624017 0.046908
3 2 0.041082 0.029374 0.373989 0.500311 0.055245
3 2 0.021919 0.016989 0.263792 0.665491 0.031809
3 2 0.011116 0.012235 0.240767 0.722076 0.013807
3 2 0.015847 0.015301 0.212952 0.737055 0.018845
3 2 0.008890 0.010334 0.180721 0.787633 0.012421
3 3 0.008356 0.009998 0.154352 0.815385 0.011909
3 3 0.004828 0.007208 0.114146 0.866285 0.007533
3 3 0.003223 0.004810 0.064889 0.920418 0.006661
3 3 0.001326 0.002335 0.035976 0.956444 0.003918
3 3 0.002881 0.003901 0.040372 0.945549 0.007297
3 3 0.001815 0.002946 0.037990 0.952370 0.004879
3 3 0.002677 0.004059 0.046505 0.940378 0.006381
3 3 0.003986 0.004664 0.046902 0.934550 0.009898
3 3 0.002924 0.003389 0.031869 0.952842 0.008975
3 3 0.001574 0.002223 0.027955 0.962703 0.005546
3 3 0.003020 0.003262 0.029867 0.953908 0.009943
3 3 0.002190 0.002621 0.021411 0.966042 0.007736
3 3 0.005159 0.004565 0.021971 0.952719 0.015586
3 3 0.020645 0.013352 0.047297 0.880905 0.037801
3 3 0.028049 0.022203 0.131092 0.787595 0.031062
3 3 0.042359 0.040253 0.285431 0.607207 0.024751
3 3 0.056391 0.060519 0.405418 0.447028 0.030644
2 3 0.080414 0.074341 0.460879 0.343632 0.040734
0 2 0.325380 0.109966 0.300037 0.171768 0.092849
0 2 0.436005 0.202862 0.164780 0.027536 0.168816
0 2 0.445741 0.195307 0.163126 0.031014 0.164812
0 2 0.395394 0.233749 0.169896 0.016971 0.183990
2 2 0.057220 0.143317 0.564749 0.125745 0.108970
2 2 0.058785 0.184089 0.494905 0.064529 0.197692
2 2 0.047623 0.180846 0.438416 0.031744 0.301371
2 2 0.034835 0.111066 0.576989 0.075790 0.201319
2 2 0.026044 0.103691 0.678076 0.027396 0.164793
2 2 0.019056 0.087638 0.705244 0.031287 0.156776
2 2 0.012195 0.072555 0.742536 0.047097 0.125618
2 2 0.009086 0.052818 0.698363 0.153176 0.086559
2 2 0.014039 0.042022 0.532152 0.327231 0.084556
2 2 0.020819 0.038375 0.549327 0.313021 0.078458
3 2 0.032039 0.041429 0.420264 0.421170 0.085099
2 2 0.035802 0.039748 0.417317 0.408841 0.098292
3 2 0.054833 0.049926 0.376451 0.376934 0.141855
3 2 0.042999 0.034279 0.320799 0.547775 0.054148
3 2 0.027650 0.039370 0.387851 0.506711 0.038418
2 2 0.037628 0.071069 0.496821 0.330730 0.063751
2 2 0.024517 0.068191 0.650690 0.161761 0.094841
2 2 0.049427 0.077455 0.467842 0.230132 0.175143
2 2 0.032542 0.050551 0.426753 0.373867 0.116286
2 2 0.033479 0.041797 0.460333 0.382366 0.082024
3 2 0.008842 0.011728 0.246695 0.713790 0.018944
3 2 0.005881 0.012782 0.367612 0.602204 0.011522
3 2 0.004018 0.008362 0.283313 0.694835 0.009472
3 2 0.007946 0.014349 0.409099 0.549963 0.018644
3 2 0.007731 0.012712 0.381817 0.583047 0.014693
2 2 0.015900 0.028470 0.574709 0.332646 0.048275
3 2 0.008209 0.011770 0.174979 0.775801 0.029241
3 2 0.011474 0.012524 0.170974 0.774070 0.030958
3 2 0.019531 0.017790 0.213202 0.711865 0.037612
3 2 0.024210 0.018746 0.178980 0.741158 0.036905
3 2 0.026360 0.023877 0.221204 0.687921 0.040638
3 2 0.016642 0.015771 0.128667 0.808943 0.029977
3 2 0.022401 0.021890 0.197600 0.719313 0.038796
3 2 0.020495 0.018918 0.185866 0.727740 0.046981
3 2 0.008722 0.008065 0.119681 0.846349 0.017184
3 2 0.005727 0.005993 0.087097 0.888352 0.012829
3 2 0.006583 0.007806 0.085763 0.883539 0.016309
3 3 0.008435 0.010026 0.105829 0.863317 0.012393
3 3 0.021930 0.021633 0.190933 0.744736 0.020768
3 3 0.090051 0.053802 0.270044 0.531210 0.054893
2 3 0.172813 0.097129 0.354238 0.310687 0.065134
2 3 0.254955 0.169644 0.352195 0.080537 0.142669
2 2 0.256710 0.222635 0.307266 0.029990 0.183399
2 1 0.219304 0.267245 0.280167 0.018185 0.215100
1 1 0.186834 0.317365 0.313107 0.016751 0.165944
2 1 0.078608 0.268012 0.456739 0.022959 0.173683
2 1 0.039618 0.267936 0.586730 0.012812 0.092903
2 1 0.042668 0.305892 0.525544 0.012166 0.113730
2 1 0.032387 0.298553 0.460203 0.016583 0.192274
2 2 0.034740 0.295344 0.512733 0.011200 0.145983
2 2 0.027363 0.131124 0.613590 0.116156 0.111768
2 2 0.048819 0.177773 0.581734 0.096289 0.095385
2 2 0.026323 0.126231 0.715867 0.092557 0.039022
2 2 0.014327 0.092363 0.824759 0.042231 0.026320
2 2 0.011450 0.082720 0.865379 0.016717 0.023735
2 2 0.009857 0.061720 0.881606 0.028617 0.018200
2 2 0.054153 0.046305 0.679074 0.193294 0.027173
2 2 0.153510 0.114129 0.560275 0.096039 0.076047
0 2 0.346552 0.247707 0.206154 0.015355 0.184232
2 2 0.291682 0.205899 0.318458 0.038443 0.145517
2 2 0.135176 0.181673 0.493655 0.096808 0.092688
2 2 0.047147 0.050506 0.449528 0.405721 0.047099
2 2 0.040370 0.068648 0.638176 0.218505 0.034300
2 2 0.014672 0.058177 0.766298 0.139509 0.021344
2 2 0.015261 0.102078 0.774506 0.057753 0.050402
2 2 0.016231 0.086519 0.794118 0.049242 0.053891
2 2 0.022215 0.069556 0.745659 0.112527 0.050042
2 2 0.018351 0.051072 0.690404 0.208555 0.031617
2 2 0.025502 0.057566 0.670329 0.224010 0.022594
2 2 0.036825 0.056792 0.601901 0.278862 0.025620
2 2 0.025063 0.057704 0.644967 0.250050 0.022217
2 2 0.035768 0.078720 0.685157 0.168825 0.031531
2 2 0.064309 0.131586 0.635871 0.112418 0.055816
2 2 0.289785 0.199890 0.304557 0.071936 0.133833
0 2 0.384120 0.218184 0.201416 0.028750 0.167531
0 2 0.301487 0.210288 0.180477 0.017459 0.290288
4 2 0.124690 0.296341 0.268465 0.004024 0.306480
2 1 0.037460 0.336763 0.338377 0.002396 0.285004
2 1 0.018755 0.307291 0.363135 0.002265 0.308554
2 2 0.022451 0.211558 0.408539 0.008668 0.348783
2 2 0.021743 0.131136 0.459548 0.024227 0.363346
4 2 0.030418 0.115763 0.393099 0.028579 0.432140
2 2 0.033364 0.095145 0.468899 0.018352 0.384239
2 2 0.042556 0.091452 0.561810 0.033065 0.271117
2 2 0.015179 0.058400 0.741577 0.085371 0.099474
2 2 0.017377 0.083311 0.745850 0.028002 0.125460
2 2 0.044530 0.088077 0.563527 0.065726 0.238141
2 2 0.096204 0.150281 0.524753 0.028971 0.199791
0 2 0.359165 0.203586 0.159918 0.017750 0.259582
0 2 0.398096 0.231705 0.169634 0.017522 0.183043
0 0 0.340213 0.275985 0.173200 0.008766 0.201836
1 1 0.066350 0.405007 0.303995 0.005781 0.218867
2 1 0.031408 0.235417 0.419088 0.016212 0.297875
2 2 0.027684 0.118260 0.565815 0.074018 0.214222
2 2 0.021789 0.069712 0.662166 0.172463 0.073869
2 2 0.033490 0.113617 0.641814 0.092504 0.118574
2 2 0.037458 0.194492 0.540958 0.029607 0.197485
2 2 0.090653 0.275858 0.410848 0.010893 0.211749
1 2 0.257767 0.264021 0.220279 0.011104 0.246830
0 2 0.374320 0.222231 0.156913 0.015187 0.231349
0 2 0.445890 0.195191 0.163099 0.031070 0.164750
0 4 0.467820 0.177640 0.158562 0.041003 0.154975
0 4 0.395701 0.177407 0.138738 0.023982 0.264172
0 4 0.379959 0.204669 0.149292 0.017622 0.248457
4 4 0.322526 0.197156 0.130809 0.011419 0.338091
4 4 0.082445 0.173860 0.092420 0.009029 0.642246
4 4 0.031860 0.292904 0.225855 0.005517 0.443864
2 4 0.018140 0.275797 0.360561 0.011311 0.334191
2 2 0.013705 0.157901 0.585093 0.074812 0.168489
2 2 0.012064 0.088237 0.667452 0.115250 0.116997
2 2 0.022163 0.090425 0.604021 0.092231 0.191160
2 2 0.112447 0.099260 0.425446 0.098052 0.264794
2 2 0.199606 0.159502 0.305313 0.034517 0.301062
4 2 0.291937 0.155213 0.114226 0.013543 0.425080
4 2 0.161290 0.223703 0.184527 0.005863 0.424617
4 2 0.090430 0.181675 0.209945 0.012900 0.505051
2 2 0.012423 0.059981 0.664906 0.086887 0.175803
2 2 0.017215 0.065486 0.604358 0.045295 0.267645
2 2 0.014240 0.073282 0.522566 0.045271 0.344641
2 2 0.012570 0.072076 0.534165 0.057557 0.323631
2 2 0.010993 0.072729 0.546985 0.034363 0.334928
2 2 0.019175 0.078674 0.459076 0.038461 0.404615
2 2 0.017548 0.082504 0.558358 0.055149 0.286441
2 2 0.034312 0.107938 0.506667 0.051095 0.299988
2 2 0.042241 0.102778 0.735340 0.036044 0.083596
2 2 0.109089 0.198394 0.568176 0.025220 0.099121
2 2 0.055527 0.131728 0.721616 0.033699 0.057431
2 2 0.049950 0.100242 0.694499 0.112289 0.043020
2 2 0.038246 0.054507 0.511586 0.360169 0.035492
2 2 0.036766 0.053747 0.552397 0.316068 0.041022
2 2 0.019824 0.052587 0.626895 0.270826 0.029867
2 2 0.017808 0.071941 0.721551 0.154398 0.034301
2 2 0.028053 0.089921 0.684234 0.160243 0.037547
2 2 0.023795 0.084104 0.790446 0.071521 0.030134
2 2 0.028800 0.064240 0.795884 0.084409 0.026668
2 2 0.029928 0.064587 0.748753 0.130304 0.026428
2 2 0.027267 0.082171 0.768437 0.092334 0.029792
2 2 0.053261 0.118109 0.722350 0.055516 0.050764
2 2 0.070103 0.177661 0.654042 0.018430 0.079764
2 2 0.128670 0.137775 0.541426 0.064834 0.127295
2 2 0.137146 0.129818 0.514824 0.091811 0.126401
2 2 0.056586 0.070046 0.652344 0.155508 0.065517
2 2 0.057311 0.068707 0.637502 0.093021 0.143458
2 2 0.027938 0.090796 0.648029 0.022467 0.210769
2 2 0.010694 0.090630 0.634340 0.014980 0.249357
2 2 0.009677 0.111881 0.630699 0.010297 0.237447
4 4 0.045347 0.051691 0.050982 0.006653 0.845327
4 4 0.050719 0.062767 0.040535 0.002431 0.843548
4 4 0.065838 0.040730 0.021088 0.001575 0.870769
4 4 0.037754 0.029439 0.013124 0.000536 0.919146
4 4 0.053634 0.037750 0.018174 0.000948 0.889494
4 4 0.027922 0.035921 0.023054 0.002356 0.910748
4 4 0.040959 0.086577 0.047363 0.002861 0.822239
4 4 0.024831 0.086915 0.079744 0.004949 0.803561
4 4 0.035231 0.124509 0.087654 0.003166 0.749440
4 4 0.030669 0.086191 0.072502 0.006598 0.804040
4 4 0.027463 0.059284 0.068922 0.004520 0.839811
4 4 0.031660 0.025707 0.031265 0.005411 0.905958
4 4 0.048924 0.019801 0.016711 0.003550 0.911015
4 4 0.036243 0.014736 0.012013 0.003717 0.933291
4 4 0.039177 0.015028 0.011287 0.004286 0.930223
4 4 0.035510 0.023054 0.019001 0.005123 0.917312
4 4 0.032282 0.028369 0.021464 0.005547 0.912337
4 4 0.039688 0.058496 0.053252 0.005788 0.842777
4 4 0.070963 0.083177 0.048853 0.006298 0.790709
4 4 0.252809 0.135519 0.095827 0.016779 0.499065
4 4 0.125630 0.250371 0.222278 0.004353 0.397368
4 4 0.104068 0.204820 0.164604 0.002744 0.523765
4 4 0.050751 0.174727 0.152004 0.001860 0.620659
4 4 0.050445 0.259857 0.179211 0.001307 0.509180
4 4 0.027118 0.135230 0.094143 0.002154 0.741355
4 4 0.024343 0.069338 0.053573 0.002988 0.849759
4 4 0.021735 0.047781 0.050775 0.004484 0.875225
4 4 0.024389 0.037563 0.032839 0.004439 0.900771
4 4 0.036990 0.044983 0.030505 0.004926 0.882596
4 4 0.034934 0.076113 0.038979 0.002915 0.847059
2 1 0.006906 0.115123 0.585619 0.006417 0.285935
2 1 0.007905 0.119748 0.527957 0.009359 0.335031
2 1 0.012611 0.128457 0.435142 0.018268 0.405523
4 1 0.013923 0.086603 0.353512 0.064915 0.481047
4 1 0.016420 0.077474 0.371966 0.099573 0.434567
2 1 0.014878 0.073798 0.456654 0.064211 0.390458
2 1 0.013505 0.075309 0.536727 0.034283 0.340176
2 1 0.042306 0.090611 0.617995 0.032037 0.217050
2 2 0.107358 0.192212 0.467909 0.013589 0.218932
0 2 0.345573 0.257174 0.194185 0.012740 0.190328
0 2 0.427160 0.209650 0.166125 0.024751 0.172313
2 2 0.217922 0.288800 0.311825 0.014170 0.167283
1 2 0.080956 0.377027 0.360788 0.005459 0.175771
2 2 0.067058 0.280645 0.433446 0.011321 0.207530
2 2 0.012108 0.107923 0.785392 0.019114 0.075463
2 2 0.017295 0.080496 0.795377 0.023810 0.083022
2 2 0.016086 0.080049 0.824808 0.020369 0.058688
2 2 0.021879 0.074634 0.813383 0.051913 0.038192
2 2 0.035057 0.094623 0.773581 0.055739 0.040999
2 2 0.022104 0.081761 0.831053 0.035493 0.029589
2 2 0.021086 0.065362 0.835864 0.053671 0.024017
2 2 0.008051 0.048033 0.865314 0.054557 0.024046
2 2 0.005455 0.037476 0.874754 0.070111 0.012203
2 2 0.009964 0.041071 0.786301 0.149892 0.012772
2 2 0.012432 0.040621 0.787816 0.145205 0.013925
2 2 0.015522 0.050872 0.799858 0.116130 0.017617
2 2 0.030476 0.065513 0.690636 0.182978 0.030396
2 0 0.163225 0.127514 0.512156 0.101882 0.095223
0 0 0.413852 0.124133 0.222393 0.128941 0.110681
0 1 0.520903 0.124093 0.137522 0.096836 0.120647
4 1 0.258747 0.215608 0.123598 0.005559 0.396489
4 1 0.160007 0.175989 0.135672 0.022958 0.505373
4 1 0.130762 0.167782 0.217148 0.037260 0.447048
4 1 0.234338 0.170105 0.267760 0.050716 0.277081
2 1 0.271856 0.178403 0.360230 0.065146 0.124365
2 1 0.089799 0.193811 0.582052 0.027948 0.106389
2 1 0.017256 0.138753 0.723578 0.016908 0.103505
2 1 0.014035 0.091766 0.716784 0.060546 0.116870
2 1 0.021172 0.079801 0.631566 0.082066 0.185394
2 1 0.009947 0.051982 0.799867 0.072571 0.065634
2 2 0.011888 0.087047 0.705032 0.023521 0.172513
2 2 0.016568 0.125124 0.624694 0.010309 0.223304
2 2 0.021583 0.107257 0.645753 0.028813 0.196595
2 2 0.019258 0.070264 0.816132 0.031109 0.063237
2 2 0.029579 0.091961 0.796334 0.024030 0.058096
2 2 0.082879 0.162489 0.653012 0.017667 0.083953
2 2 0.088463 0.180565 0.620516 0.023319 0.087137
2 2 0.060520 0.261187 0.558907 0.006028 0.113358
2 2 0.024995 0.212548 0.637880 0.013803 0.110775
2 2 0.024766 0.150201 0.631299 0.050528 0.143207
2 2 0.063098 0.210250 0.593125 0.041761 0.091767
2 2 0.057504 0.190215 0.600013 0.083300 0.068968
2 2 0.041995 0.172338 0.677989 0.049023 0.058656
2 2 0.015187 0.108588 0.775299 0.042867 0.058058
2 2 0.013122 0.088513 0.787535 0.058630 0.052201
2 2 0.009693 0.059686 0.753751 0.078665 0.098206
2 2 0.007433 0.034652 0.815247 0.096646 0.046022
2 2 0.007401 0.029521 0.821153 0.095889 0.046036
2 2 0.016405 0.045285 0.788432 0.046733 0.103145
2 2 0.017711 0.052498 0.766178 0.050260 0.113354
3 2 0.017695 0.024736 0.448016 0.453628 0.055925
3 2 0.008223 0.014145 0.337941 0.617889 0.021802
3 2 0.011065 0.018041 0.343968 0.597626 0.029301
3 2 0.006678 0.011079 0.233876 0.728943 0.019424
3 2 0.004032 0.006005 0.158384 0.822966 0.008614
3 2 0.007957 0.010650 0.225134 0.740113 0.016147
3 2 0.012742 0.016368 0.285845 0.655191 0.029855
3 2 0.004956 0.005928 0.106306 0.868932 0.013878
3 2 0.009219 0.008655 0.114839 0.848407 0.018880
3 3 0.006046 0.005839 0.076460 0.897086 0.014570
3 3 0.005662 0.005090 0.050412 0.921642 0.017194
3 3 0.003747 0.004139 0.037733 0.942223 0.012157
3 3 0.004162 0.003921 0.022885 0.955723 0.013309
3 3 0.005216 0.004662 0.024275 0.950393 0.015454
3 3 0.004884 0.004303 0.020125 0.955328 0.015359
3 3 0.002801 0.002639 0.013324 0.969761 0.011475
3 3 0.003014 0.002682 0.012108 0.969526 0.012669
3 3 0.000594 0.000895 0.006677 0.988323 0.003512
3 3 0.000627 0.000809 0.005123 0.989079 0.004362
3 3 0.000696 0.000802 0.004866 0.988391 0.005244
3 3 0.000569 0.000650 0.004852 0.989014 0.004916
3 3 0.000416 0.000540 0.003930 0.991415 0.003701
3 3 0.001505 0.001498 0.007213 0.981337 0.008448
3 3 0.001472 0.001523 0.007435 0.981594 0.007977
3 3 0.002787 0.002408 0.010116 0.971927 0.012761
3 3 0.003263 0.002843 0.009908 0.970620 0.013366
3 3 0.003332 0.002871 0.009938 0.970198 0.013662
3 3 0.031836 0.014824 0.025516 0.861646 0.066178
3 3 0.016879 0.010227 0.022604 0.911848 0.038442
3 3 0.017668 0.010488 0.021864 0.909912 0.040068
3 3 0.028740 0.016369 0.037075 0.868127 0.049689
3 3 0.018165 0.011173 0.027008 0.904963 0.038690
3 3 0.037132 0.018895 0.032308 0.849455 0.062211
3 3 0.019431 0.012579 0.025242 0.905645 0.037103
3 3 0.053065 0.026301 0.029591 0.819284 0.071759
3 3 0.045380 0.025417 0.042265 0.828337 0.058600
3 3 0.014336 0.010877 0.045229 0.902318 0.027239
3 3 0.036376 0.025210 0.064264 0.832691 0.041459
3 3 0.027046 0.022792 0.055293 0.865413 0.029457
3 3 0.013189 0.014478 0.087579 0.868542 0.016213
3 3 0.043231 0.038339 0.292170 0.599201 0.027059
2 3 0.254630 0.094319 0.304030 0.251878 0.095144
0 2 0.479467 0.123586 0.167787 0.112764 0.116396
0 2 0.438374 0.121698 0.200032 0.128657 0.111238
0 2 0.323609 0.131723 0.258154 0.132268 0.154245
2 2 0.229068 0.122082 0.266727 0.185575 0.196549
3 2 0.058308 0.049156 0.371740 0.407642 0.113155
3 2 0.020124 0.017873 0.238835 0.683431 0.039737
2 2 0.041294 0.039829 0.573639 0.245239 0.099999
3 2 0.022201 0.025653 0.434207 0.446891 0.071049
3 2 0.006677 0.012674 0.326571 0.629574 0.024504
3 2 0.013367 0.021335 0.363324 0.543664 0.058310
2 2 0.028374 0.034107 0.460847 0.408170 0.068501
3 2 0.026095 0.028211 0.434180 0.453507 0.058007
3 2 0.015291 0.015921 0.223910 0.718023 0.026856
3 2 0.017873 0.017075 0.273270 0.656286 0.035496
3 2 0.006737 0.009052 0.258314 0.710680 0.015217
3 2 0.006629 0.009409 0.292627 0.672347 0.018988
2 2 0.007911 0.017953 0.574088 0.365837 0.034212
2 2 0.014936 0.034744 0.635464 0.220142 0.094714
2 2 0.162367 0.165487 0.434374 0.031467 0.206304
2 2 0.286699 0.222349 0.308112 0.025493 0.157346
0 2 0.507227 0.141379 0.145667 0.073199 0.132528
0 2 0.520903 0.124093 0.137522 0.096836 0.120647
0 0 0.520903 0.124093 0.137522 0.096836 0.120647
0 0 0.520903 0.124093 0.137522 0.096836 0.120647
0 1 0.452312 0.134607 0.126592 0.052533 0.233956
4 1 0.346359 0.113248 0.094681 0.030181 0.415532
4 1 0.151189 0.141176 0.109685 0.009427 0.588523
4 1 0.044162 0.132813 0.153185 0.030505 0.639335
4 1 0.022479 0.132056 0.342604 0.050255 0.452606
2 1 0.020802 0.097857 0.397038 0.097893 0.386410
2 2 0.020151 0.087258 0.405182 0.097882 0.389526
4 2 0.024938 0.085509 0.382215 0.065419 0.441919
4 2 0.039487 0.082457 0.330429 0.039788 0.507839
4 2 0.033071 0.099680 0.348498 0.020787 0.497964
2 2 0.021075 0.120697 0.507744 0.017100 0.333385
2 2 0.013542 0.085158 0.604982 0.027543 0.268775
2 2 0.013369 0.062668 0.628166 0.064830 0.230967
2 2 0.011210 0.043463 0.650961 0.165581 0.128784
2 2 0.020663 0.058367 0.580323 0.142412 0.198235
2 2 0.025632 0.067513 0.519049 0.063228 0.324579
2 2 0.026955 0.077003 0.486156 0.048621 0.361266
2 2 0.018508 0.080123 0.533008 0.039914 0.328447
2 2 0.019075 0.093528 0.575470 0.035303 0.276624
2 2 0.018646 0.066969 0.628684 0.117575 0.168127
2 2 0.022948 0.063049 0.596159 0.158063 0.159782
2 2 0.020425 0.047819 0.469457 0.336644 0.125655
2 2 0.020257 0.060076 0.520767 0.209095 0.189806
2 2 0.017733 0.074548 0.482544 0.180181 0.244994
2 2 0.027543 0.059861 0.653169 0.129261 0.130167
2 2 0.022542 0.063993 0.624750 0.152096 0.136619
2 2 0.019307 0.043185 0.546935 0.319341 0.071232
2 2 0.017801 0.037057 0.521542 0.357889 0.065710
3 2 0.020489 0.030547 0.410825 0.477874 0.060265
3 2 0.020935 0.027956 0.376450 0.529912 0.044746
2 2 0.037256 0.039641 0.445597 0.443482 0.034023
2 2 0.095051 0.085121 0.531748 0.239793 0.048287
2 2 0.043377 0.092827 0.621901 0.204687 0.037208
2 2 0.067485 0.170355 0.639666 0.052854 0.069640
2 2 0.040010 0.093959 0.669463 0.149014 0.047554
3 2 0.022242 0.042996 0.345278 0.548460 0.041023
3 2 0.027487 0.061230 0.364392 0.485825 0.061066
2 2 0.104254 0.150404 0.303759 0.212403 0.229180
4 2 0.098412 0.231389 0.304555 0.057160 0.308485
4 2 0.092193 0.229385 0.260627 0.037829 0.379966
4 2 0.065754 0.150727 0.289511 0.051732 0.442276
4 2 0.042384 0.070132 0.324105 0.145622 0.417757
2 2 0.021601 0.050962 0.577720 0.106833 0.242883
2 2 0.004778 0.028001 0.737263 0.174813 0.055144
2 2 0.005085 0.035605 0.726470 0.168196 0.064644
2 2 0.011460 0.045877 0.567868 0.220581 0.154214
2 2 0.011261 0.034956 0.596953 0.249275 0.107555
2 2 0.020223 0.058754 0.605467 0.112138 0.203418
2 2 0.080714 0.113983 0.506478 0.036735 0.262090
4 2 0.285677 0.216403 0.169033 0.010677 0.318211
0 1 0.336072 0.250618 0.159374 0.009460 0.244476
1 1 0.197317 0.323344 0.291189 0.007573 0.180576
2 1 0.094228 0.279445 0.480808 0.032390 0.113128
2 1 0.057395 0.185811 0.537598 0.100213 0.118983
2 2 0.089691 0.318499 0.452521 0.013541 0.125748
2 2 0.137256 0.292339 0.380650 0.029870 0.159886
1 2 0.157289 0.348216 0.311738 0.019152 0.163605
1 2 0.211991 0.345520 0.240551 0.009259 0.192679
1 2 0.111161 0.393373 0.266873 0.002648 0.225945
1 2 0.213761 0.345265 0.184145 0.004179 0.252649
1 2 0.150498 0.414232 0.227161 0.002607 0.205502
1 4 0.132465 0.416557 0.258108 0.005017 0.187854
1 4 0.066608 0.396939 0.345293 0.004942 0.186219
1 4 0.090294 0.373147 0.351526 0.011548 0.173484
0 4 0.323189 0.283186 0.170497 0.007277 0.215851
0 4 0.331562 0.282768 0.173383 0.007881 0.204406
1 4 0.289532 0.316748 0.173020 0.004606 0.216095
0 4 0.320375 0.291635 0.173490 0.006855 0.207645
1 4 0.279141 0.325467 0.172604 0.004007 0.218781
4 4 0.123391 0.106460 0.052431 0.002220 0.715498
4 4 0.175785 0.146553 0.076942 0.003278 0.597443
4 4 0.173458 0.135044 0.072503 0.003465 0.615530
4 4 0.132169 0.188260 0.109389 0.002899 0.567283
4 4 0.049290 0.276973 0.186545 0.002256 0.484935
4 4 0.018345 0.202970 0.225608 0.003133 0.549944
2 4 0.010307 0.158217 0.493879 0.007366 0.330232
4 4 0.019549 0.186459 0.345557 0.003763 0.444672
4 4 0.021965 0.181275 0.343003 0.003145 0.450612
4 4 0.020740 0.173269 0.307647 0.002926 0.495418
4 4 0.009618 0.120750 0.397618 0.005915 0.466099
4 4 0.016048 0.090913 0.148085 0.006195 0.738759
4 4 0.021979 0.045645 0.072262 0.003976 0.856139
4 4 0.030766 0.035792 0.040955 0.005344 0.887142
4 4 0.041001 0.025176 0.027634 0.003372 0.902818
4 4 0.065547 0.016426 0.012049 0.005506 0.900472
4 4 0.092166 0.020290 0.016247 0.010033 0.861263
4 4 0.103147 0.025960 0.019989 0.009437 0.841467
4 4 0.097171 0.032117 0.022104 0.005880 0.842728
4 4 0.082143 0.031916 0.020248 0.003785 0.861908
4 4 0.073232 0.036391 0.020730 0.002296 0.867351
4 4 0.088502 0.053045 0.028732 0.002193 0.827529
4 4 0.058916 0.051989 0.029782 0.001332 0.857981
4 4 0.084668 0.046015 0.027715 0.002829 0.838772
4 4 0.060088 0.049065 0.029590 0.001596 0.859661
4 4 0.079411 0.042851 0.023874 0.002350 0.851514
4 4 0.027220 0.068428 0.032086 0.004900 0.867366
4 4 0.024132 0.098298 0.084388 0.004010 0.789172
4 4 0.023512 0.118862 0.123980 0.002735 0.730912
4 4 0.030978 0.107931 0.093069 0.001599 0.766424
4 4 0.026383 0.123540 0.076976 0.000954 0.772147
4 4 0.029211 0.114431 0.051748 0.001106 0.803505
4 4 0.026131 0.032478 0.015049 0.002314 0.924027
4 4 0.038666 0.019957 0.010506 0.001684 0.929186
4 4 0.038018 0.015110 0.008986 0.001906 0.935981
4 4 0.027653 0.016805 0.009833 0.005456 0.940253
4 4 0.032965 0.045561 0.027980 0.005046 0.888448
4 4 0.031564 0.055523 0.055528 0.003242 0.854143
4 4 0.063046 0.045006 0.047470 0.004691 0.839787
4 4 0.100687 0.057025 0.044718 0.004613 0.792958
4 4 0.088841 0.055298 0.056782 0.005602 0.793477
4 4 0.067213 0.037993 0.021695 0.003274 0.869825
4 4 0.023965 0.017224 0.009721 0.002530 0.946560
4 4 0.030434 0.012660 0.007043 0.001046 0.948817
4 4 0.037199 0.021646 0.010837 0.001399 0.928918
4 4 0.032226 0.021265 0.011432 0.002650 0.932428
4 4 0.047297 0.030205 0.015566 0.001578 0.905354
4 4 0.062625 0.073137 0.031704 0.001382 0.831152
4 4 0.049175 0.205491 0.102461 0.000914 0.641959
4 4 0.026945 0.189909 0.133033 0.001626 0.648488
4 4 0.019417 0.174880 0.194156 0.001970 0.609577
4 4 0.012064 0.164934 0.315926 0.004764 0.502312
4 1 0.013175 0.195139 0.275522 0.005365 0.510800
4 1 0.012905 0.181715 0.254844 0.006216 0.544321
4 1 0.010864 0.175034 0.219450 0.006070 0.588582
4 1 0.013879 0.167588 0.184189 0.002844 0.631499
4 1 0.012738 0.151525 0.191899 0.003229 0.640609
4 1 0.012364 0.141060 0.308911 0.003560 0.534106
4 1 0.011769 0.149236 0.340267 0.003267 0.495461
4 1 0.010416 0.117430 0.387708 0.005982 0.478465
4 1 0.011693 0.128178 0.368112 0.007246 0.484770
4 1 0.009806 0.145814 0.362072 0.007873 0.474434
4 1 0.010048 0.154230 0.344863 0.007390 0.483469
4 1 0.009169 0.143505 0.401481 0.006769 0.439077
2 1 0.011072 0.115301 0.440851 0.019055 0.413721
4 1 0.014867 0.094511 0.402980 0.011354 0.476288
2 1 0.014019 0.100075 0.528484 0.041230 0.316192
4 1 0.028100 0.178838 0.357143 0.012143 0.423775
4 1 0.103734 0.268389 0.178930 0.003517 0.445430
4 1 0.114192 0.327116 0.218212 0.002302 0.338179
4 1 0.080559 0.307764 0.199674 0.002384 0.409619
4 1 0.096553 0.254236 0.151615 0.006391 0.491204
4 1 0.053704 0.221136 0.225349 0.004142 0.495670
4 1 0.038295 0.196724 0.300312 0.004825 0.459843
4 1 0.058162 0.195776 0.167578 0.003196 0.575288
0 0 0.520903 0.124093 0.137522 0.096836 0.120647
0 0 0.503195 0.123976 0.131806 0.084500 0.156524
0 0 0.414476 0.135405 0.119228 0.039739 0.291152
4 0 0.259772 0.118439 0.082693 0.012627 0.526469
4 0 0.163159 0.130812 0.087204 0.005206 0.613620
4 0 0.200382 0.141128 0.080443 0.004821 0.573225
4 0 0.259326 0.196810 0.115616 0.010404 0.417845
4 0 0.139858 0.306921 0.149395 0.002830 0.400997
4 1 0.125435 0.315375 0.188700 0.004678 0.365811
4 1 0.056892 0.162372 0.083549 0.005496 0.691691
4 1 0.030228 0.118742 0.089740 0.011461 0.749829
4 1 0.022344 0.123717 0.184329 0.014640 0.654970
4 1 0.024595 0.129485 0.128490 0.014093 0.703336
4 1 0.032821 0.223037 0.136183 0.003250 0.604710
4 1 0.055361 0.143588 0.069537 0.003305 0.728209
4 1 0.098060 0.072908 0.037065 0.003964 0.788003
4 1 0.098983 0.047359 0.028337 0.003572 0.821749
4 1 0.090136 0.034523 0.022266 0.004584 0.848491
4 1 0.068714 0.072527 0.031151 0.003612 0.823997
4 4 0.077226 0.079999 0.035044 0.003675 0.804057
4 4 0.080238 0.091874 0.038985 0.003906 0.784998
4 4 0.073266 0.064968 0.034907 0.003620 0.823238
4 4 0.053639 0.072597 0.038191 0.002744 0.832830
4 4 0.059586 0.069891 0.028479 0.004252 0.837792
4 4 0.035612 0.130825 0.057225 0.002551 0.773786
4 4 0.174320 0.151589 0.078268 0.002979 0.592843
4 4 0.247031 0.244494 0.129715 0.004021 0.374739
1 4 0.244394 0.355798 0.170214 0.002452 0.227142
0 4 0.309535 0.299566 0.173092 0.005992 0.211814
4 4 0.208694 0.278897 0.221227 0.006930 0.284252
2 2 0.014039 0.112964 0.808220 0.017511 0.047267
2 2 0.017597 0.123440 0.809480 0.013332 0.036151
2 2 0.020971 0.148491 0.769560 0.009778 0.051200
2 2 0.021606 0.145699 0.778049 0.010695 0.043951
2 2 0.034615 0.174492 0.719861 0.012256 0.058777
2 2 0.023207 0.112349 0.808876 0.018028 0.037540
2 2 0.013302 0.061486 0.852944 0.040788 0.031480
2 2 0.011060 0.048243 0.818498 0.062920 0.059279
2 2 0.008634 0.045995 0.851419 0.051604 0.042348
2 2 0.006018 0.037323 0.868124 0.062179 0.026357
2 2 0.005460 0.034013 0.888109 0.051508 0.020909
2 2 0.006269 0.037965 0.864991 0.054091 0.036684
2 2 0.009668 0.058864 0.795765 0.048909 0.086792
2 2 0.008965 0.058737 0.829204 0.038940 0.064155
2 2 0.006742 0.045397 0.859151 0.052236 0.036474
2 2 0.009202 0.045403 0.830291 0.081442 0.033662
2 2 0.008104 0.042780 0.815228 0.108928 0.024959
2 2 0.004734 0.036890 0.840072 0.099221 0.019082
2 2 0.005207 0.047827 0.885764 0.034113 0.027090
2 2 0.009694 0.067302 0.835085 0.029231 0.058688
2 2 0.010581 0.071115 0.786738 0.068024 0.063542
2 2 0.013428 0.080882 0.731231 0.087895 0.086564
2 2 0.008248 0.058748 0.764380 0.106094 0.062532
2 2 0.010337 0.054027 0.674929 0.172177 0.088530
2 2 0.007445 0.050477 0.761392 0.102503 0.078184
2 2 0.013732 0.042697 0.664268 0.231284 0.048019
2 2 0.018369 0.025515 0.494684 0.429267 0.032165
3 2 0.021534 0.021070 0.284001 0.653140 0.020255
3 2 0.009778 0.013876 0.213571 0.750040 0.012736
3 2 0.009005 0.010802 0.126382 0.839886 0.013924
3 2 0.013256 0.013158 0.151541 0.793223 0.028822
3 2 0.014572 0.012782 0.098563 0.851823 0.022260
3 3 0.011702 0.012059 0.102188 0.852788 0.021263
3 3 0.029771 0.025359 0.160517 0.728775 0.055579
3 3 0.026147 0.018488 0.123161 0.763499 0.068705
3 3 0.014001 0.012311 0.090144 0.847921 0.035623
3 3 0.005375 0.005818 0.045830 0.930782 0.012194
3 3 0.002158 0.002884 0.026273 0.961998 0.006686
3 3 0.001712 0.002225 0.017824 0.971885 0.006354
3 3 0.002850 0.003276 0.019192 0.965711 0.008971
3 3 0.002245 0.002433 0.015406 0.971067 0.008849
3 3 0.007739 0.005875 0.023381 0.941062 0.021943
3 3 0.004588 0.004197 0.022546 0.954349 0.014320
3 3 0.003035 0.002679 0.013839 0.967598 0.012849
3 3 0.001603 0.001616 0.012321 0.975897 0.008563
3 3 0.001267 0.001423 0.012284 0.978183 0.006843
3 3 0.001432 0.001454 0.010258 0.978725 0.008129
3 3 0.004925 0.004328 0.019174 0.956118 0.015455
3 3 0.001509 0.001729 0.009201 0.980476 0.007085
3 3 0.002079 0.002284 0.009747 0.977475 0.008415
3 3 0.000890 0.001236 0.007081 0.986255 0.004538
3 3 0.002496 0.002647 0.012071 0.973348 0.009438
3 3 0.006821 0.005656 0.014494 0.954355 0.018675
3 3 0.012232 0.008201 0.014542 0.934885 0.030139
3 3 0.018065 0.011798 0.021431 0.912933 0.035773
3 3 0.011436 0.007204 0.019685 0.929741 0.031934
3 3 0.009329 0.006339 0.018205 0.939154 0.026974
3 3 0.005357 0.004309 0.011730 0.960842 0.017762
3 3 0.010182 0.007459 0.015059 0.942056 0.025244
3 3 0.004531 0.004018 0.010420 0.966300 0.014731
3 3 0.001447 0.001985 0.008946 0.982089 0.005532
3 3 0.002844 0.003267 0.011497 0.973460 0.008930
3 3 0.004293 0.004760 0.017574 0.962471 0.010902
3 3 0.005676 0.005282 0.019807 0.954117 0.015118
3 3 0.009110 0.007624 0.022294 0.940446 0.020525
3 3 0.010577 0.008030 0.019162 0.937738 0.024493
3 3 0.014197 0.010407 0.019766 0.927226 0.028405
3 3 0.022079 0.013234 0.020166 0.901837 0.042684
3 3 0.063276 0.030395 0.047742 0.780454 0.078134
3 3 0.021214 0.013583 0.027851 0.898585 0.038767
3 3 0.034294 0.016694 0.023894 0.860995 0.064123
3 3 0.004328 0.003333 0.010254 0.964735 0.017350
3 3 0.003384 0.002806 0.010196 0.969174 0.014439
3 3 0.007282 0.005415 0.020566 0.944705 0.022033
3 3 0.011922 0.008636 0.026897 0.925388 0.027157
3 3 0.035017 0.024049 0.052345 0.846959 0.041630
3 3 0.043718 0.030299 0.093323 0.789396 0.043263
0 3 0.340148 0.116746 0.134102 0.284899 0.124105
0 0 0.520903 0.124093 0.137522 0.096836 0.120647
0 0 0.520903 0.124093 0.137522 0.096836 0.120647
0 1 0.520903 0.124093 0.137522 0.096836 0.120647
0 1 0.520903 0.124093 0.137522 0.096836 0.120647
0 1 0.491417 0.125592 0.159095 0.104888 0.119008
0 1 0.399964 0.139394 0.239053 0.101736 0.119853
0 1 0.479756 0.141883 0.167675 0.080712 0.129974
0 1 0.467252 0.157728 0.172700 0.062087 0.140233
0 1 0.430509 0.207087 0.165633 0.025768 0.171004
0 1 0.506212 0.142480 0.146138 0.071912 0.133258
0 1 0.477829 0.169238 0.156023 0.046857 0.150052
0 1 0.332262 0.276664 0.182456 0.009419 0.199199
4 1 0.016257 0.128141 0.354166 0.068725 0.432710
2 1 0.009966 0.129188 0.483434 0.078659 0.298753
2 1 0.010438 0.120708 0.455926 0.049326 0.363602
4 1 0.007736 0.078657 0.396202 0.105395 0.412011
4 1 0.009341 0.069868 0.332152 0.090124 0.498516
4 1 0.010353 0.079669 0.373207 0.033269 0.503502
4 1 0.009402 0.074535 0.306670 0.030258 0.579135
4 1 0.009048 0.067428 0.338985 0.017684 0.566856
4 1 0.009762 0.072521 0.281328 0.015353 0.621036
4 1 0.010175 0.085227 0.326677 0.022275 0.555646
4 1 0.010826 0.102624 0.414939 0.023976 0.447635
4 1 0.014227 0.105963 0.289663 0.020989 0.569158
4 1 0.014152 0.101080 0.246612 0.022405 0.615751
4 1 0.013470 0.103332 0.269125 0.031058 0.583015
4 1 0.012275 0.097148 0.269792 0.051756 0.569029
4 1 0.014335 0.086424 0.237557 0.084411 0.577272
4 1 0.013788 0.076528 0.253373 0.047031 0.609280
4 1 0.011568 0.078524 0.290671 0.026765 0.592471
2 1 0.008026 0.085989 0.438235 0.030739 0.437010
4 1 0.009165 0.103409 0.409272 0.029036 0.449118
4 1 0.008932 0.092526 0.437035 0.023631 0.437876
4 1 0.016461 0.080004 0.213799 0.011279 0.678457
4 4 0.018149 0.057975 0.114375 0.008280 0.801221
4 4 0.032104 0.042144 0.032107 0.004006 0.889638
4 4 0.041801 0.036868 0.016070 0.003012 0.902249
4 4 0.049759 0.045019 0.019846 0.004717 0.880659
4 4 0.044737 0.060437 0.026562 0.004425 0.863838
4 4 0.042726 0.061274 0.036637 0.007223 0.852140
4 4 0.025304 0.098154 0.095203 0.005312 0.776026
4 4 0.038918 0.107016 0.119700 0.004737 0.729629
4 4 0.068305 0.163238 0.301597 0.016423 0.450437
4 4 0.126476 0.158013 0.126024 0.004643 0.584844
4 4 0.116769 0.180097 0.126341 0.002840 0.573954
4 4 0.062829 0.154344 0.115212 0.001364 0.666250
4 4 0.025333 0.154285 0.176289 0.001504 0.642589
4 4 0.020270 0.129291 0.142431 0.001651 0.706357
