0 0 0.996687 0.001985 0.000000 0.000000 0.001328
0 0 0.984914 0.007953 0.000021 0.000000 0.007113
0 0 0.640055 0.000396 0.000003 0.000000 0.359546
0 0 0.833262 0.082787 0.001689 0.000004 0.082257
0 1 0.830373 0.104051 0.004449 0.000069 0.061057
0 1 0.885375 0.056104 0.003532 0.000152 0.054838
0 1 0.918071 0.037806 0.001834 0.000070 0.042218
0 0 0.908686 0.038110 0.002926 0.000221 0.050057
0 0 0.966545 0.006125 0.000739 0.000367 0.026225
0 0 0.951632 0.013971 0.001151 0.000188 0.033058
0 0 0.977158 0.005972 0.000217 0.000018 0.016634
0 0 0.986044 0.004058 0.000058 0.000002 0.009839
0 0 0.952946 0.011411 0.000122 0.000000 0.035522
0 0 0.853276 0.056267 0.000716 0.000001 0.089740
0 0 0.790895 0.092015 0.001565 0.000002 0.115523
0 1 0.718723 0.118495 0.002778 0.000003 0.160001
0 1 0.761803 0.093145 0.001832 0.000002 0.143219
0 1 0.749258 0.090265 0.001763 0.000002 0.158712
0 1 0.563265 0.134005 0.003906 0.000002 0.298822
0 1 0.505974 0.157966 0.005253 0.000003 0.330804
4 1 0.375499 0.155484 0.006188 0.000002 0.462827
0 1 0.456942 0.109727 0.003497 0.000001 0.429833
4 1 0.404049 0.114624 0.004216 0.000001 0.477110
0 1 0.567587 0.099167 0.003061 0.000002 0.330184
0 1 0.584919 0.111740 0.004240 0.000005 0.299097
0 1 0.783552 0.077748 0.002182 0.000005 0.136513
0 4 0.812748 0.067817 0.001483 0.000003 0.117949
0 4 0.820027 0.054186 0.001110 0.000002 0.124676
0 4 0.830854 0.055337 0.001243 0.000003 0.112564
0 4 0.660751 0.106344 0.003141 0.000003 0.229760
0 4 0.584877 0.048532 0.002844 0.000006 0.363741
0 4 0.486902 0.066432 0.005243 0.000012 0.441411
4 4 0.287352 0.146993 0.017190 0.000031 0.548433
4 4 0.303116 0.125405 0.016048 0.000037 0.555393
0 4 0.491636 0.142247 0.015435 0.000085 0.350596
0 4 0.500684 0.116799 0.014755 0.000108 0.367654
0 4 0.718494 0.098822 0.009763 0.000181 0.172740
0 4 0.743179 0.092910 0.009511 0.000228 0.154172
0 2 0.708693 0.109645 0.017711 0.000906 0.163046
0 2 0.743889 0.109843 0.023683 0.003358 0.119227
0 2 0.498381 0.143212 0.036640 0.001248 0.320519
4 2 0.418559 0.054155 0.017448 0.000735 0.509103
4 2 0.321612 0.031194 0.013423 0.000834 0.632938
4 4 0.354509 0.035712 0.014329 0.000671 0.594780
0 4 0.688225 0.034313 0.008575 0.000757 0.268131
0 4 0.662507 0.086675 0.020833 0.001426 0.228559
0 2 0.828979 0.049901 0.013713 0.004555 0.102852
0 2 0.670050 0.048585 0.014828 0.001853 0.264684
0 2 0.694381 0.045904 0.013979 0.002409 0.243327
0 2 0.557074 0.073507 0.026091 0.003094 0.340234
0 2 0.469797 0.104884 0.046449 0.006310 0.372560
4 2 0.361971 0.139035 0.085412 0.013096 0.400486
0 2 0.346007 0.174253 0.168370 0.030289 0.281080
4 2 0.248092 0.123269 0.197729 0.051223 0.379687
0 2 0.382111 0.116532 0.170019 0.075152 0.256185
0 2 0.351184 0.107074 0.212984 0.150360 0.178399
0 2 0.545256 0.103497 0.137527 0.065673 0.148048
0 2 0.554205 0.107468 0.113246 0.052075 0.173006
0 2 0.567782 0.115979 0.123290 0.051208 0.141741
0 2 0.747506 0.083746 0.045685 0.013690 0.109373
0 2 0.748330 0.112957 0.043736 0.007789 0.087187
0 2 0.774597 0.101343 0.044026 0.007384 0.072650
0 2 0.622012 0.140788 0.133169 0.030176 0.073856
0 2 0.407616 0.132039 0.310554 0.099697 0.050093
0 2 0.473702 0.131627 0.241418 0.089704 0.063549
0 2 0.578960 0.108901 0.162212 0.077549 0.072378
0 2 0.602152 0.103084 0.137082 0.076392 0.081291
0 2 0.666641 0.116900 0.115313 0.031444 0.069701
0 2 0.500580 0.164998 0.241682 0.039379 0.053361
2 2 0.351900 0.103301 0.355535 0.149899 0.039365
2 2 0.227711 0.065090 0.357926 0.316692 0.032580
3 2 0.272555 0.065688 0.283705 0.332545 0.045506
3 2 0.256950 0.051208 0.239042 0.407121 0.045679
0 2 0.402598 0.077509 0.218265 0.235294 0.066334
0 2 0.377870 0.079407 0.204592 0.258869 0.079262
0 2 0.406932 0.080902 0.187517 0.238593 0.086054
3 2 0.307012 0.072951 0.236418 0.315269 0.068349
0 2 0.398914 0.082580 0.211046 0.230768 0.076693
3 2 0.349031 0.039969 0.123066 0.409303 0.078631
3 2 0.321837 0.040049 0.151987 0.425309 0.060819
3 2 0.289289 0.028518 0.115225 0.508717 0.058251
3 2 0.189888 0.017427 0.076400 0.660373 0.055912
3 2 0.157799 0.014686 0.064114 0.707191 0.056210
3 2 0.318265 0.029761 0.094008 0.479149 0.078817
0 2 0.616560 0.054994 0.075782 0.141483 0.111181
0 2 0.496845 0.135166 0.210732 0.083299 0.073959
0 2 0.684723 0.125369 0.099419 0.020350 0.070139
0 2 0.731861 0.122108 0.066117 0.009862 0.070052
0 2 0.655562 0.123905 0.130047 0.028472 0.062014
0 2 0.729507 0.117202 0.067370 0.012228 0.073694
0 2 0.712554 0.102287 0.070807 0.025330 0.089022
0 2 0.629459 0.130515 0.116458 0.036550 0.087018
0 2 0.483781 0.122399 0.202883 0.107369 0.083569
0 2 0.401491 0.094912 0.254165 0.185364 0.064067
0 2 0.368130 0.061815 0.186736 0.310715 0.072605
0 2 0.504035 0.074883 0.149451 0.185461 0.086169
0 2 0.560607 0.111601 0.172034 0.083073 0.072686
0 2 0.664124 0.128981 0.109820 0.024518 0.072557
0 2 0.634926 0.150483 0.119118 0.021131 0.074342
0 2 0.614910 0.099844 0.133064 0.071162 0.081021
0 2 0.508340 0.067473 0.125504 0.197372 0.101311
3 2 0.255939 0.033279 0.091089 0.444936 0.174757
0 2 0.407107 0.038498 0.070868 0.269803 0.213725
0 2 0.410541 0.059689 0.116341 0.229511 0.183918
0 2 0.422590 0.100563 0.159620 0.113678 0.203550
0 2 0.589563 0.115276 0.104374 0.047488 0.143299
0 2 0.598421 0.126309 0.067705 0.015732 0.191833
0 2 0.737515 0.092340 0.039917 0.015794 0.114434
0 2 0.628786 0.110148 0.098057 0.051606 0.111402
0 2 0.640615 0.120645 0.074612 0.020505 0.143623
0 2 0.615538 0.105952 0.067034 0.024523 0.186953
0 2 0.524444 0.138788 0.080745 0.011933 0.244090
0 2 0.532846 0.145118 0.105161 0.018956 0.197919
0 2 0.745205 0.076744 0.050567 0.024353 0.103131
0 2 0.681639 0.096393 0.095888 0.042924 0.083156
0 2 0.507891 0.114069 0.211226 0.097600 0.069215
0 2 0.688961 0.089891 0.104267 0.045673 0.071209
0 2 0.647043 0.088588 0.114429 0.068454 0.081486
0 2 0.678196 0.080238 0.088620 0.061922 0.091024
0 2 0.745739 0.077322 0.067757 0.033181 0.076001
0 2 0.723064 0.110049 0.068223 0.017163 0.081501
0 2 0.631737 0.128249 0.123565 0.036749 0.079701
0 2 0.746469 0.116044 0.044095 0.007286 0.086107
0 2 0.749064 0.115596 0.035721 0.005720 0.093898
0 2 0.766412 0.113634 0.032994 0.004129 0.082830
0 2 0.804913 0.094647 0.019754 0.002165 0.078520
0 2 0.848777 0.066789 0.009162 0.001023 0.074249
0 2 0.835566 0.073947 0.009741 0.001028 0.079719
0 2 0.855428 0.062640 0.007821 0.000859 0.073252
0 2 0.891261 0.044122 0.004608 0.000496 0.059513
0 2 0.970657 0.009564 0.000298 0.000015 0.019467
0 2 0.973595 0.009243 0.000207 0.000006 0.016949
0 0 0.984257 0.004024 0.000091 0.000005 0.011624
0 0 0.996708 0.000840 0.000002 0.000000 0.002450
0 0 0.966862 0.019292 0.000100 0.000000 0.013745
0 0 0.898131 0.067038 0.000920 0.000004 0.033907
0 0 0.966688 0.011768 0.000357 0.000015 0.021173
0 0 0.963174 0.013456 0.000430 0.000017 0.022923
0 0 0.929578 0.030547 0.001467 0.000064 0.038345
0 0 0.927602 0.033465 0.001359 0.000043 0.037530
0 0 0.949521 0.020109 0.000785 0.000033 0.029552
0 0 0.932099 0.031413 0.001163 0.000034 0.035291
0 0 0.947194 0.022852 0.000739 0.000022 0.029192
0 0 0.961604 0.015280 0.000407 0.000012 0.022697
0 0 0.961056 0.014744 0.000462 0.000017 0.023720
0 0 0.951902 0.016396 0.000485 0.000011 0.031206
0 0 0.970624 0.009403 0.000307 0.000016 0.019650
0 0 0.969674 0.008471 0.000397 0.000039 0.021419
0 0 0.932816 0.028105 0.001412 0.000069 0.037596
0 0 0.941873 0.019980 0.001406 0.000144 0.036597
0 0 0.981589 0.005897 0.000099 0.000003 0.012412
0 0 0.983127 0.004842 0.000093 0.000003 0.011934
0 0 0.984589 0.004196 0.000080 0.000003 0.011132
0 0 0.977832 0.006166 0.000188 0.000012 0.015803
0 0 0.980353 0.005945 0.000126 0.000005 0.013571
0 0 0.968884 0.011191 0.000294 0.000010 0.019621
0 0 0.975322 0.008564 0.000178 0.000005 0.015931
0 0 0.969848 0.010413 0.000291 0.000011 0.019436
0 0 0.962939 0.015234 0.000351 0.000008 0.021469
0 0 0.965508 0.012544 0.000370 0.000014 0.021564
0 0 0.972561 0.009513 0.000231 0.000008 0.017687
0 1 0.954323 0.018028 0.000628 0.000024 0.026996
0 0 0.949846 0.023000 0.000572 0.000011 0.026571
0 0 0.896234 0.056238 0.002095 0.000041 0.045392
0 0 0.877115 0.065339 0.003332 0.000094 0.054120
0 0 0.935238 0.026743 0.001328 0.000066 0.036625
0 0 0.914094 0.039637 0.002054 0.000084 0.044131
0 0 0.935312 0.023727 0.001171 0.000053 0.039738
0 0 0.913886 0.018559 0.001085 0.000035 0.066435
0 0 0.926567 0.009889 0.000511 0.000015 0.063019
0 0 0.940531 0.005075 0.000172 0.000003 0.054219
0 0 0.971049 0.003206 0.000078 0.000002 0.025665
0 1 0.985254 0.002703 0.000063 0.000003 0.011976
0 1 0.973826 0.008730 0.000219 0.000008 0.017217
0 0 0.977950 0.005939 0.000193 0.000014 0.015905
0 0 0.986232 0.003153 0.000074 0.000005 0.010537
0 0 0.947198 0.021374 0.000848 0.000035 0.030544
0 0 0.929918 0.031548 0.001337 0.000047 0.037149
0 0 0.965960 0.011305 0.000415 0.000023 0.022297
0 0 0.965494 0.013683 0.000317 0.000008 0.020498
0 0 0.887915 0.074643 0.001097 0.000004 0.036342
0 0 0.717974 0.151535 0.003828 0.000007 0.126655
0 4 0.486379 0.148342 0.006116 0.000005 0.359158
4 4 0.314857 0.154094 0.012029 0.000012 0.519009
4 4 0.342594 0.130465 0.007466 0.000005 0.519471
4 4 0.389723 0.149186 0.007541 0.000005 0.453546
4 4 0.414607 0.160738 0.006510 0.000003 0.418141
4 4 0.372700 0.135179 0.005130 0.000002 0.486989
0 4 0.450694 0.118768 0.004088 0.000002 0.426450
0 4 0.496907 0.116549 0.003963 0.000002 0.382579
0 4 0.462897 0.144524 0.005523 0.000003 0.387053
4 4 0.387033 0.152238 0.007140 0.000004 0.453585
0 4 0.481848 0.096723 0.003457 0.000002 0.417970
0 4 0.596184 0.058975 0.001625 0.000001 0.343215
0 4 0.746731 0.024200 0.000450 0.000000 0.228619
0 4 0.746657 0.010902 0.000219 0.000000 0.242221
0 4 0.594753 0.001403 0.000035 0.000000 0.403808
0 4 0.775265 0.001209 0.000037 0.000000 0.223489
0 4 0.880605 0.000967 0.000021 0.000000 0.118407
0 4 0.780455 0.002673 0.000070 0.000000 0.216801
0 4 0.953224 0.001222 0.000028 0.000001 0.045526
0 4 0.916929 0.002065 0.000065 0.000001 0.080941
0 4 0.982657 0.000528 0.000008 0.000000 0.016808
0 4 0.870060 0.002009 0.000035 0.000000 0.127896
0 4 0.700605 0.001981 0.000042 0.000000 0.297372
4 4 0.466700 0.003236 0.000125 0.000000 0.529939
0 4 0.694345 0.002801 0.000167 0.000003 0.302684
0 4 0.880391 0.002751 0.000082 0.000001 0.116776
0 4 0.868732 0.003256 0.000099 0.000001 0.127912
0 4 0.814579 0.008582 0.000276 0.000001 0.176563
0 4 0.906817 0.025315 0.000490 0.000002 0.067377
0 4 0.959283 0.018392 0.000232 0.000002 0.022092
0 4 0.947407 0.028193 0.000416 0.000003 0.023981
0 4 0.920408 0.047281 0.000794 0.000005 0.031511
0 4 0.894561 0.061477 0.001698 0.000020 0.042244
0 4 0.926367 0.036970 0.001146 0.000023 0.035494
0 4 0.854342 0.085872 0.003576 0.000061 0.056148
0 0 0.934261 0.029455 0.001159 0.000038 0.035087
0 0 0.957691 0.015952 0.000568 0.000024 0.025765
0 0 0.972133 0.011014 0.000190 0.000003 0.016660
0 0 0.982272 0.004770 0.000114 0.000006 0.012838
0 0 0.987100 0.002629 0.000071 0.000006 0.010194
0 0 0.989247 0.001716 0.000055 0.000009 0.008973
0 0 0.994859 0.000525 0.000012 0.000003 0.004601
0 0 0.992472 0.001282 0.000022 0.000002 0.006222
0 0 0.975406 0.006135 0.000176 0.000008 0.018275
0 0 0.947880 0.012708 0.000385 0.000007 0.039019
0 0 0.915963 0.020772 0.000484 0.000003 0.062778
0 0 0.959078 0.011255 0.000213 0.000002 0.029452
0 0 0.957924 0.016694 0.000262 0.000002 0.025118
0 0 0.892437 0.023037 0.000544 0.000002 0.083979
0 0 0.873767 0.018232 0.000837 0.000009 0.107156
0 0 0.922285 0.016242 0.000886 0.000029 0.060557
0 0 0.952727 0.016739 0.000787 0.000048 0.029699
0 0 0.966411 0.012520 0.000333 0.000011 0.020725
0 0 0.938629 0.028445 0.000908 0.000022 0.031995
0 0 0.946467 0.020291 0.000989 0.000058 0.032195
0 0 0.967518 0.009913 0.000418 0.000031 0.022120
0 0 0.987931 0.002619 0.000057 0.000004 0.009389
0 0 0.960726 0.012944 0.000591 0.000042 0.025698
0 0 0.781805 0.135187 0.007876 0.000159 0.074973
0 0 0.753163 0.160149 0.008792 0.000142 0.077753
0 0 0.770693 0.150014 0.007073 0.000096 0.072125
0 1 0.778592 0.138028 0.007964 0.000156 0.075260
0 4 0.816187 0.108750 0.006188 0.000142 0.068733
0 4 0.841976 0.073460 0.008349 0.000712 0.075504
0 4 0.861379 0.059329 0.007274 0.000808 0.071209
0 4 0.899246 0.037262 0.004490 0.000672 0.058331
0 4 0.834932 0.077602 0.009003 0.000760 0.077702
0 2 0.866503 0.055356 0.007061 0.000874 0.070206
0 2 0.855846 0.052167 0.010130 0.002431 0.079426
0 2 0.874449 0.055514 0.005467 0.000460 0.064110
0 2 0.825924 0.101714 0.005673 0.000133 0.066556
0 2 0.862089 0.071175 0.004764 0.000190 0.061783
0 2 0.890978 0.039699 0.001683 0.000026 0.067614
0 2 0.864891 0.053168 0.001926 0.000017 0.079998
0 2 0.744816 0.073898 0.003808 0.000020 0.177458
0 2 0.829793 0.044745 0.002090 0.000017 0.123355
0 2 0.878946 0.040576 0.002207 0.000046 0.078224
0 2 0.925514 0.031384 0.001779 0.000097 0.041226
0 2 0.901466 0.044557 0.002972 0.000163 0.050842
0 2 0.944943 0.026358 0.000644 0.000011 0.028043
0 2 0.927583 0.036652 0.001077 0.000020 0.034669
0 2 0.962355 0.015353 0.000370 0.000009 0.021913
0 2 0.960961 0.016493 0.000376 0.000008 0.022163
0 0 0.967419 0.012618 0.000288 0.000007 0.019668
0 0 0.954094 0.019136 0.000571 0.000017 0.026182
0 0 0.915955 0.042145 0.001582 0.000038 0.040279
0 1 0.864958 0.077034 0.003346 0.000066 0.054597
0 1 0.544594 0.222283 0.019299 0.000141 0.213683
0 2 0.949373 0.015621 0.001151 0.000146 0.033709
0 2 0.869630 0.067119 0.004199 0.000158 0.058893
0 2 0.839052 0.094111 0.004687 0.000098 0.062052
0 2 0.788981 0.124660 0.008650 0.000240 0.077470
0 2 0.813732 0.105873 0.007306 0.000228 0.072860
0 2 0.871927 0.059318 0.005201 0.000352 0.063202
0 2 0.825588 0.077588 0.011561 0.001387 0.083876
0 2 0.675930 0.142814 0.041646 0.004180 0.135430
0 2 0.801314 0.092254 0.016346 0.001955 0.088131
0 2 0.794344 0.104619 0.012442 0.000873 0.087723
0 2 0.769391 0.128037 0.012916 0.000609 0.089047
0 2 0.807547 0.099267 0.013653 0.000970 0.078563
0 2 0.673159 0.148037 0.030612 0.001772 0.146420
0 2 0.461807 0.194398 0.104955 0.007402 0.231438
0 2 0.437951 0.224804 0.238071 0.030074 0.069100
0 2 0.496465 0.239000 0.178639 0.015298 0.070599
0 2 0.410455 0.270362 0.229428 0.019305 0.070450
0 2 0.484139 0.234599 0.189620 0.018897 0.072745
0 2 0.547882 0.197003 0.148264 0.022194 0.084656
0 2 0.516208 0.181499 0.193557 0.035326 0.073410
0 2 0.584815 0.162363 0.151710 0.027856 0.073256
0 2 0.575918 0.186469 0.147326 0.018589 0.071699
0 2 0.626839 0.186073 0.091988 0.010052 0.085048
0 2 0.669971 0.172989 0.062195 0.006025 0.088820
0 2 0.713028 0.145918 0.050385 0.005499 0.085169
0 2 0.758361 0.099298 0.036285 0.006631 0.099424
0 2 0.768924 0.104178 0.044896 0.007512 0.074490
0 2 0.733713 0.123833 0.052230 0.008017 0.082206
0 2 0.755631 0.117216 0.026627 0.003372 0.097154
0 2 0.723387 0.145142 0.027568 0.002400 0.101503
0 2 0.799345 0.096580 0.013284 0.001226 0.089565
0 2 0.769329 0.115208 0.021078 0.002068 0.092318
0 2 0.720062 0.147991 0.022675 0.001754 0.107518
0 2 0.783991 0.103659 0.029239 0.003759 0.079351
0 2 0.874923 0.046481 0.008553 0.001779 0.068263
0 2 0.860670 0.053167 0.008803 0.001648 0.075711
0 2 0.791135 0.074663 0.021876 0.007377 0.104949
0 2 0.686704 0.126943 0.062521 0.016804 0.107029
4 2 0.310283 0.149280 0.149391 0.026467 0.364580
2 2 0.198862 0.150103 0.360020 0.083057 0.207958
0 2 0.499827 0.124324 0.184503 0.101299 0.090048
0 2 0.774939 0.060823 0.033601 0.026297 0.104340
0 2 0.777530 0.086985 0.022740 0.005795 0.106950
0 2 0.717794 0.122941 0.032333 0.006336 0.120597
0 2 0.759213 0.101029 0.046100 0.010268 0.083390
0 2 0.651394 0.142866 0.121680 0.019452 0.064608
0 2 0.751500 0.100772 0.068203 0.014306 0.065220
0 4 0.672514 0.152548 0.086447 0.011679 0.076813
0 4 0.724923 0.129211 0.066301 0.008865 0.070700
0 4 0.628886 0.198267 0.099108 0.006702 0.067037
0 4 0.549557 0.224671 0.145692 0.011229 0.068851
0 4 0.465543 0.233512 0.225250 0.018048 0.057647
0 4 0.552196 0.144505 0.211026 0.039544 0.052730
0 2 0.683319 0.106573 0.105292 0.033690 0.071127
0 2 0.769896 0.080606 0.046574 0.018035 0.084889
0 2 0.684082 0.157649 0.050196 0.006237 0.101836
0 2 0.652156 0.197020 0.052967 0.003675 0.094182
0 2 0.490596 0.274242 0.149304 0.009181 0.076676
0 2 0.416040 0.224711 0.262200 0.032564 0.064484
0 2 0.589164 0.166871 0.156149 0.022653 0.065164
0 2 0.842746 0.082385 0.006228 0.000267 0.068374
0 2 0.825352 0.099049 0.006316 0.000184 0.069099
0 2 0.867026 0.067652 0.004541 0.000188 0.060592
0 2 0.916391 0.042500 0.001505 0.000033 0.039572
0 2 0.924355 0.040135 0.001041 0.000015 0.034454
0 0 0.909621 0.048937 0.001505 0.000024 0.039913
0 0 0.831161 0.108804 0.003563 0.000036 0.056435
0 0 0.807935 0.123677 0.004912 0.000060 0.063416
0 1 0.735965 0.169868 0.010741 0.000204 0.083222
0 1 0.795724 0.111198 0.010313 0.000479 0.082286
0 2 0.765095 0.105206 0.025202 0.003091 0.101406
0 2 0.704849 0.109026 0.039953 0.006877 0.139294
0 2 0.718450 0.108415 0.036996 0.006297 0.129842
0 2 0.742956 0.100256 0.028403 0.004755 0.123631
0 2 0.688379 0.128171 0.053483 0.012250 0.117717
0 2 0.597206 0.150914 0.089550 0.021594 0.140736
0 2 0.457361 0.165830 0.184330 0.041646 0.150833
0 2 0.606007 0.136942 0.133023 0.028561 0.095467
0 2 0.852505 0.059657 0.015250 0.003082 0.069506
0 2 0.825727 0.082826 0.011388 0.001050 0.079009
0 2 0.671453 0.204075 0.020733 0.000673 0.103066
0 2 0.707420 0.185466 0.014607 0.000355 0.092152
0 2 0.778699 0.122897 0.015036 0.000782 0.082586
0 2 0.747078 0.110690 0.044352 0.008704 0.089176
0 2 0.736781 0.107192 0.043044 0.011110 0.101873
0 2 0.770871 0.098801 0.037364 0.007554 0.085410
0 2 0.692336 0.141697 0.080061 0.011316 0.074590
0 2 0.699110 0.121046 0.069269 0.017795 0.092781
0 2 0.854220 0.047573 0.011525 0.004087 0.082595
0 2 0.845980 0.066261 0.009120 0.001111 0.077528
0 2 0.779299 0.094866 0.020734 0.003653 0.101448
0 2 0.783613 0.106256 0.015724 0.001446 0.092962
0 2 0.801191 0.108329 0.009658 0.000432 0.080391
0 2 0.735105 0.148310 0.022898 0.001370 0.092318
0 2 0.711191 0.163016 0.047789 0.003115 0.074889
0 2 0.805853 0.098604 0.019061 0.001698 0.074784
0 2 0.782049 0.107086 0.035993 0.004242 0.070631
0 2 0.682924 0.164546 0.087094 0.006382 0.059054
0 2 0.485880 0.259352 0.189249 0.009613 0.055906
2 2 0.269361 0.300844 0.374720 0.015857 0.039218
2 2 0.167814 0.289300 0.499662 0.017068 0.026155
2 2 0.203981 0.229860 0.497043 0.037469 0.031647
2 2 0.216018 0.181084 0.499534 0.070077 0.033287
2 2 0.271148 0.197006 0.439580 0.054033 0.038232
0 2 0.374299 0.182648 0.352666 0.047464 0.042923
0 2 0.593303 0.147213 0.173371 0.029217 0.056895
0 2 0.368089 0.167171 0.351146 0.066844 0.046749
0 2 0.484029 0.191485 0.229422 0.032993 0.062070
0 2 0.444917 0.232400 0.226898 0.025866 0.069919
0 2 0.510267 0.187387 0.189033 0.035061 0.078252
0 2 0.503981 0.203494 0.136301 0.015908 0.140316
4 2 0.320071 0.196683 0.126773 0.007360 0.349114
0 2 0.414962 0.202438 0.085095 0.003302 0.294204
0 2 0.515948 0.187279 0.114014 0.008149 0.174611
0 2 0.764812 0.092941 0.049563 0.013136 0.079548
0 2 0.547212 0.154422 0.174728 0.045537 0.078101
0 2 0.485759 0.171022 0.228069 0.048089 0.067061
0 2 0.775575 0.099270 0.029386 0.005241 0.090528
0 2 0.801323 0.081156 0.017099 0.003356 0.097066
0 2 0.825017 0.093313 0.007617 0.000334 0.073719
0 2 0.712355 0.104006 0.078479 0.024874 0.080287
0 2 0.681814 0.123149 0.087325 0.022884 0.084828
0 2 0.732306 0.117229 0.050785 0.009986 0.089694
0 2 0.702608 0.132472 0.068241 0.012046 0.084634
0 2 0.679644 0.158862 0.063930 0.007819 0.089744
0 2 0.350919 0.264291 0.231614 0.014403 0.138773
0 2 0.467306 0.210815 0.224841 0.029571 0.067467
0 2 0.438735 0.168879 0.289397 0.051324 0.051666
0 2 0.465362 0.133276 0.246175 0.090885 0.064302
0 2 0.478294 0.095251 0.174437 0.160472 0.091546
0 2 0.461063 0.099626 0.165350 0.165399 0.108562
0 2 0.486102 0.125462 0.198480 0.103727 0.086229
0 2 0.503242 0.107402 0.201847 0.113315 0.074194
0 2 0.548409 0.103077 0.215635 0.082614 0.050266
0 2 0.521830 0.093960 0.214346 0.115133 0.054732
0 2 0.439258 0.111642 0.247035 0.137006 0.065058
0 2 0.533728 0.140453 0.193608 0.060562 0.071650
0 2 0.817192 0.066805 0.029470 0.009775 0.076757
0 2 0.910707 0.024801 0.004755 0.001873 0.057864
0 2 0.896435 0.033777 0.005606 0.001444 0.062738
0 2 0.883097 0.055850 0.003922 0.000199 0.056933
0 2 0.859601 0.073688 0.004746 0.000174 0.061791
0 2 0.683038 0.191728 0.020830 0.000787 0.103617
0 2 0.635223 0.200531 0.037099 0.002898 0.124249
0 2 0.622108 0.203098 0.049636 0.004643 0.120515
0 2 0.673652 0.119860 0.030247 0.003222 0.173019
0 2 0.787852 0.077999 0.016601 0.002644 0.114904
0 2 0.742185 0.100323 0.021368 0.002577 0.133548
0 2 0.763972 0.089252 0.018717 0.002471 0.125589
0 2 0.690975 0.141093 0.026070 0.002001 0.139861
0 2 0.725521 0.113782 0.048115 0.010815 0.101768
0 2 0.641423 0.164839 0.075596 0.013020 0.105121
0 2 0.634844 0.149183 0.066565 0.012260 0.137148
0 2 0.452571 0.206630 0.149923 0.018931 0.171945
4 2 0.309938 0.172740 0.076807 0.002813 0.437701
0 2 0.389017 0.241341 0.180374 0.012240 0.177028
2 2 0.178189 0.270321 0.419793 0.018513 0.113185
2 2 0.138048 0.198876 0.493046 0.053108 0.116921
2 2 0.169317 0.132383 0.428003 0.168575 0.101721
3 2 0.105685 0.055093 0.309442 0.489349 0.040431
3 2 0.089066 0.039695 0.243603 0.588700 0.038936
3 2 0.170644 0.059538 0.270000 0.447389 0.052429
3 2 0.056436 0.022239 0.171053 0.721663 0.028608
3 2 0.066087 0.027923 0.203918 0.670772 0.031300
3 2 0.028427 0.014486 0.148019 0.790133 0.018935
3 2 0.031063 0.011954 0.115353 0.821176 0.020453
3 2 0.016014 0.005100 0.056985 0.907451 0.014450
3 2 0.027286 0.008425 0.075775 0.867393 0.021121
3 2 0.067944 0.015551 0.086300 0.786239 0.043967
3 2 0.097724 0.030279 0.167090 0.658975 0.045931
3 2 0.140074 0.034698 0.167162 0.603756 0.054310
3 3 0.091984 0.023421 0.138085 0.704628 0.041882
3 3 0.085661 0.023091 0.142590 0.709310 0.039348
3 3 0.201748 0.034758 0.128190 0.560628 0.074676
3 3 0.190968 0.032491 0.134931 0.579031 0.062579
3 3 0.062556 0.011964 0.080541 0.811937 0.033001
3 3 0.051370 0.015921 0.127118 0.778765 0.026825
3 3 0.045770 0.014595 0.123212 0.791727 0.024697
3 3 0.101130 0.025659 0.169261 0.668659 0.035291
3 3 0.058512 0.013121 0.105174 0.796562 0.026630
3 3 0.064112 0.015042 0.098364 0.787075 0.035407
3 3 0.058161 0.016237 0.127544 0.770106 0.027952
3 3 0.071213 0.015265 0.116637 0.768582 0.028303
3 3 0.131592 0.028145 0.151815 0.643634 0.044814
3 3 0.078284 0.013212 0.077964 0.791508 0.039033
3 3 0.103161 0.017611 0.092644 0.739792 0.046791
3 3 0.133248 0.022494 0.110201 0.682891 0.051166
3 3 0.234888 0.038433 0.136802 0.517927 0.071950
3 3 0.088216 0.021521 0.122035 0.725775 0.042452
3 3 0.153570 0.032707 0.149908 0.608056 0.055759
3 3 0.162533 0.024592 0.115737 0.643341 0.053797
3 3 0.191309 0.034447 0.151270 0.565203 0.057771
3 3 0.106841 0.021126 0.110993 0.712989 0.048050
3 3 0.107971 0.015854 0.070907 0.747004 0.058263
3 3 0.024045 0.004293 0.036600 0.914602 0.020460
3 3 0.026373 0.004228 0.036419 0.912639 0.020341
3 3 0.036728 0.005828 0.044496 0.887254 0.025694
3 3 0.090414 0.015322 0.096027 0.760732 0.037504
3 3 0.135676 0.024555 0.130364 0.662187 0.047218
3 3 0.305532 0.041789 0.127207 0.442185 0.083287
3 3 0.298499 0.032435 0.092492 0.484261 0.092313
0 3 0.408379 0.047430 0.119879 0.336287 0.088026
0 3 0.629693 0.056051 0.098473 0.137280 0.078502
0 3 0.789756 0.067253 0.038546 0.019173 0.085271
0 0 0.708160 0.116476 0.051684 0.014654 0.109026
0 2 0.780900 0.114399 0.013495 0.000874 0.090332
0 2 0.677998 0.204939 0.029641 0.000969 0.086454
0 2 0.641616 0.234735 0.044097 0.001284 0.078268
0 2 0.529047 0.285830 0.107271 0.004123 0.073728
0 2 0.477464 0.306871 0.137840 0.005568 0.072257
0 2 0.709646 0.184275 0.014275 0.000341 0.091463
0 2 0.680916 0.195117 0.020416 0.000720 0.102831
0 2 0.649472 0.214810 0.025246 0.000967 0.109505
0 2 0.675890 0.201847 0.019895 0.000624 0.101743
0 1 0.666899 0.206341 0.021618 0.000727 0.104416
0 4 0.618509 0.229394 0.026528 0.000782 0.124786
0 4 0.343254 0.329181 0.052189 0.000489 0.274887
4 4 0.310260 0.186853 0.023921 0.000067 0.478898
0 4 0.512130 0.084009 0.005996 0.000014 0.397852
0 4 0.560870 0.058849 0.003489 0.000007 0.376786
0 4 0.485902 0.050322 0.004446 0.000016 0.459314
0 4 0.518703 0.023382 0.001100 0.000001 0.456814
4 4 0.422908 0.018454 0.001631 0.000006 0.557001
0 4 0.676057 0.010454 0.000680 0.000005 0.312805
0 4 0.818222 0.003151 0.000121 0.000001 0.178506
0 4 0.899796 0.003751 0.000077 0.000000 0.096375
0 4 0.670099 0.013448 0.000274 0.000000 0.316179
4 4 0.458014 0.049900 0.001578 0.000000 0.490508
4 4 0.400768 0.076376 0.002897 0.000001 0.519957
4 4 0.446097 0.061965 0.001979 0.000001 0.489958
0 4 0.499660 0.029515 0.000849 0.000000 0.469976
0 4 0.656153 0.010595 0.000340 0.000001 0.332910
4 4 0.342333 0.003057 0.000199 0.000001 0.654410
0 4 0.552002 0.003345 0.000236 0.000002 0.444414
0 4 0.505873 0.003377 0.000179 0.000001 0.490570
0 4 0.511387 0.011145 0.000451 0.000001 0.477016
4 4 0.470332 0.045344 0.001121 0.000000 0.483203
4 4 0.438019 0.062464 0.001551 0.000000 0.497966
0 4 0.703293 0.055748 0.000913 0.000000 0.240045
0 4 0.868505 0.025069 0.000329 0.000000 0.106096
0 4 0.566685 0.156317 0.005807 0.000006 0.271185
4 4 0.445722 0.057458 0.001819 0.000001 0.495001
4 4 0.311594 0.021260 0.000919 0.000000 0.666227
4 4 0.317113 0.018540 0.000915 0.000001 0.663432
4 4 0.431525 0.037990 0.001216 0.000000 0.529269
4 4 0.337305 0.078149 0.002837 0.000001 0.581707
0 4 0.589070 0.066264 0.002031 0.000001 0.342634
0 4 0.759763 0.034759 0.000993 0.000001 0.204483
0 4 0.882545 0.026640 0.000553 0.000002 0.090261
0 4 0.783105 0.038783 0.000957 0.000001 0.177154
0 4 0.852022 0.036410 0.000791 0.000002 0.110776
0 4 0.826136 0.026863 0.000602 0.000001 0.146398
0 4 0.888287 0.024806 0.000571 0.000002 0.086333
0 4 0.903138 0.044946 0.000781 0.000003 0.051132
0 4 0.685770 0.104992 0.002517 0.000002 0.206720
0 4 0.464139 0.230120 0.008925 0.000007 0.296809
0 4 0.470670 0.091164 0.002556 0.000001 0.435610
0 4 0.677678 0.046816 0.000927 0.000000 0.274578
0 4 0.605773 0.031748 0.000738 0.000000 0.361741
0 4 0.707188 0.045019 0.000884 0.000000 0.246908
0 4 0.580313 0.104567 0.002766 0.000001 0.312353
0 4 0.532231 0.141881 0.004384 0.000003 0.321501
0 4 0.480069 0.175080 0.006847 0.000005 0.337999
4 4 0.403637 0.158401 0.006542 0.000003 0.431417
4 4 0.324690 0.178520 0.008364 0.000003 0.488423
4 4 0.248959 0.210532 0.012882 0.000006 0.527621
0 0 0.674310 0.146567 0.007197 0.000030 0.171896
0 0 0.859732 0.056513 0.002545 0.000033 0.081176
0 0 0.850695 0.100138 0.002158 0.000012 0.046996
0 0 0.762686 0.154671 0.007826 0.000115 0.074702
0 0 0.776912 0.146365 0.006523 0.000083 0.070117
0 0 0.801160 0.131887 0.004659 0.000046 0.062248
0 0 0.785039 0.141556 0.005850 0.000068 0.067486
0 0 0.871486 0.071170 0.003275 0.000075 0.053994
0 0 0.876471 0.065500 0.003402 0.000098 0.054529
0 0 0.891370 0.051547 0.003353 0.000160 0.053570
0 0 0.798114 0.133727 0.004870 0.000049 0.063239
0 0 0.805335 0.129356 0.004380 0.000041 0.060887
0 0 0.851774 0.100497 0.002000 0.000010 0.045719
0 0 0.855112 0.092840 0.002508 0.000021 0.049519
0 0 0.834065 0.104689 0.003752 0.000045 0.057449
0 0 0.860624 0.094859 0.001679 0.000008 0.042831
0 0 0.833846 0.111787 0.002772 0.000018 0.051578
0 0 0.810870 0.125984 0.004028 0.000035 0.059083
0 0 0.884732 0.072872 0.001517 0.000010 0.040869
0 0 0.928901 0.038892 0.000813 0.000009 0.031386
0 0 0.985942 0.004771 0.000047 0.000001 0.009239
0 0 0.989386 0.002857 0.000033 0.000001 0.007724
0 0 0.984952 0.005366 0.000051 0.000001 0.009631
0 0 0.968914 0.015081 0.000155 0.000001 0.015849
0 0 0.934954 0.039572 0.000439 0.000002 0.025034
0 0 0.958786 0.023935 0.000173 0.000001 0.017105
0 0 0.943656 0.029467 0.000346 0.000002 0.026529
0 0 0.964400 0.018191 0.000186 0.000001 0.017222
0 0 0.964428 0.016736 0.000233 0.000002 0.018601
0 0 0.966886 0.015271 0.000206 0.000002 0.017635
0 0 0.978142 0.007771 0.000097 0.000001 0.013988
0 0 0.980199 0.005955 0.000055 0.000000 0.013791
0 0 0.987223 0.004206 0.000027 0.000000 0.008545
0 0 0.987017 0.004668 0.000035 0.000000 0.008279
0 0 0.950770 0.023865 0.000475 0.000007 0.024882
0 0 0.961403 0.020126 0.000213 0.000001 0.018256
0 0 0.913558 0.054911 0.000729 0.000003 0.030799
0 0 0.924668 0.046218 0.000607 0.000003 0.028504
0 0 0.912071 0.056442 0.000723 0.000003 0.030761
0 0 0.923661 0.047668 0.000580 0.000002 0.028089
0 1 0.910130 0.057850 0.000753 0.000003 0.031264
0 1 0.881797 0.081202 0.001054 0.000003 0.035944
0 1 0.880720 0.081902 0.001082 0.000003 0.036293
0 1 0.880303 0.081327 0.001158 0.000004 0.037207
0 1 0.836821 0.109926 0.002632 0.000017 0.050605
0 1 0.775031 0.145879 0.005171 0.000039 0.073879
0 1 0.670937 0.199759 0.009711 0.000061 0.119531
0 1 0.492624 0.273481 0.016029 0.000046 0.217821
0 4 0.481471 0.277544 0.016634 0.000046 0.224304
0 4 0.527820 0.185343 0.007712 0.000009 0.279116
0 4 0.544107 0.140659 0.005186 0.000005 0.310043
0 4 0.464685 0.131368 0.006332 0.000006 0.397609
4 4 0.334272 0.160955 0.010385 0.000008 0.494380
4 4 0.283995 0.183444 0.014908 0.000014 0.517639
4 2 0.189225 0.227761 0.027030 0.000028 0.555956
4 2 0.233674 0.246370 0.031656 0.000059 0.488240
4 2 0.316037 0.253679 0.024520 0.000049 0.405715
4 2 0.233098 0.287921 0.031092 0.000046 0.447843
4 2 0.228932 0.298657 0.032404 0.000048 0.439959
4 2 0.215616 0.286373 0.036254 0.000063 0.461693
4 2 0.241746 0.237636 0.025903 0.000036 0.494679
4 2 0.276779 0.202369 0.020518 0.000030 0.500304
4 2 0.196963 0.183855 0.019599 0.000016 0.599567
4 2 0.142579 0.178808 0.024371 0.000019 0.654223
0 2 0.486189 0.113213 0.005497 0.000005 0.395096
4 2 0.424194 0.134988 0.007905 0.000008 0.432905
0 2 0.489065 0.123991 0.008007 0.000014 0.378922
0 2 0.489436 0.095807 0.006670 0.000013 0.408073
0 2 0.434808 0.124541 0.013445 0.000050 0.427156
4 2 0.324527 0.150863 0.021089 0.000071 0.503449
4 2 0.191435 0.173726 0.023172 0.000028 0.611639
4 2 0.152554 0.203271 0.040224 0.000079 0.603872
4 2 0.128341 0.251779 0.059625 0.000144 0.560110
4 2 0.187597 0.253219 0.045584 0.000117 0.513483
4 2 0.281446 0.209649 0.026089 0.000060 0.482757
4 2 0.305794 0.214347 0.028924 0.000095 0.450841
4 2 0.351217 0.185757 0.019037 0.000045 0.443944
4 2 0.372371 0.163358 0.013294 0.000021 0.450956
4 2 0.268219 0.147703 0.012999 0.000012 0.571068
4 2 0.191493 0.139858 0.016474 0.000015 0.652161
4 2 0.121629 0.163773 0.034720 0.000051 0.679828
4 2 0.107003 0.209742 0.047366 0.000071 0.635818
4 2 0.100803 0.233558 0.059835 0.000113 0.605692
4 2 0.128401 0.257236 0.062385 0.000161 0.551817
4 2 0.204411 0.210851 0.033195 0.000068 0.551475
4 2 0.252371 0.207914 0.022896 0.000033 0.516787
4 2 0.330402 0.173656 0.013368 0.000015 0.482559
0 2 0.619984 0.128943 0.004809 0.000007 0.246257
0 0 0.951694 0.017137 0.000297 0.000002 0.030869
0 0 0.971726 0.010996 0.000203 0.000004 0.017071
0 0 0.972039 0.009844 0.000235 0.000008 0.017874
0 0 0.966738 0.014722 0.000230 0.000003 0.018307
0 0 0.925121 0.042119 0.000838 0.000008 0.031914
0 0 0.946468 0.031151 0.000325 0.000001 0.022054
0 0 0.982995 0.005616 0.000078 0.000002 0.011309
0 0 0.986796 0.003816 0.000051 0.000001 0.009336
0 0 0.980960 0.005919 0.000112 0.000004 0.013005
0 0 0.976979 0.008529 0.000135 0.000003 0.014355
0 0 0.935789 0.034703 0.000659 0.000007 0.028842
0 0 0.927273 0.041023 0.000615 0.000003 0.031085
0 0 0.920607 0.038746 0.000555 0.000002 0.040090
0 1 0.930890 0.040499 0.000503 0.000002 0.028106
0 1 0.868062 0.077403 0.001345 0.000005 0.053186
0 1 0.809067 0.113371 0.002274 0.000006 0.075282
0 1 0.613175 0.204678 0.009160 0.000028 0.172960
0 1 0.535692 0.224276 0.011580 0.000027 0.228424
0 1 0.559002 0.201329 0.009928 0.000023 0.229720
0 2 0.543261 0.171911 0.008273 0.000014 0.276540
0 2 0.408295 0.234109 0.018076 0.000041 0.339480
0 2 0.375673 0.247791 0.019358 0.000037 0.357140
0 2 0.427243 0.161021 0.010789 0.000016 0.400931
0 2 0.509418 0.121925 0.009501 0.000028 0.359128
0 2 0.467637 0.117784 0.009709 0.000025 0.404846
0 4 0.599709 0.080291 0.004027 0.000007 0.315966
0 4 0.482196 0.110754 0.006918 0.000011 0.400121
4 4 0.336571 0.175198 0.015467 0.000024 0.472741
4 2 0.300563 0.184296 0.016077 0.000019 0.499045
0 2 0.424886 0.148512 0.010374 0.000016 0.416212
0 2 0.653227 0.123733 0.007464 0.000035 0.215540
0 2 0.805846 0.088645 0.003114 0.000017 0.102379
0 4 0.776231 0.105451 0.003174 0.000010 0.115134
0 4 0.779950 0.092389 0.003258 0.000013 0.124390
0 4 0.687413 0.100446 0.005495 0.000024 0.206622
0 2 0.617107 0.129333 0.010194 0.000064 0.243302
0 2 0.596838 0.132770 0.011015 0.000067 0.259310
0 2 0.560899 0.193340 0.023492 0.000333 0.221936
0 2 0.617789 0.161996 0.019728 0.000366 0.200120
0 2 0.702361 0.137767 0.015624 0.000453 0.143795
0 2 0.577257 0.167998 0.018510 0.000210 0.236025
0 2 0.579156 0.167517 0.014214 0.000095 0.239018
0 2 0.475078 0.181997 0.019077 0.000102 0.323745
4 2 0.291104 0.225241 0.043634 0.000280 0.439740
4 2 0.179335 0.219334 0.056278 0.000257 0.544796
4 2 0.137841 0.210639 0.056003 0.000175 0.595341
4 2 0.128221 0.243373 0.074694 0.000306 0.553406
4 2 0.276279 0.228719 0.045094 0.000272 0.449636
0 2 0.502380 0.192724 0.030261 0.000474 0.274160
0 2 0.731873 0.154904 0.013907 0.000424 0.098892
0 2 0.738313 0.163507 0.011810 0.000281 0.086088
0 2 0.755648 0.155807 0.009234 0.000171 0.079140
0 2 0.659184 0.143681 0.011812 0.000122 0.185201
0 2 0.827400 0.044468 0.002902 0.000045 0.125186
0 4 0.974689 0.006568 0.000265 0.000025 0.018454
0 0 0.972831 0.007932 0.000288 0.000020 0.018929
0 0 0.986318 0.003775 0.000059 0.000002 0.009847
0 0 0.949726 0.022003 0.000641 0.000016 0.027614
0 0 0.910434 0.048144 0.001506 0.000025 0.039891
0 1 0.851000 0.052189 0.001283 0.000004 0.095525
0 1 0.624755 0.126747 0.003714 0.000003 0.244781
0 1 0.400496 0.229459 0.011375 0.000010 0.358660
4 2 0.276837 0.282309 0.020606 0.000019 0.420229
4 2 0.263689 0.269465 0.023160 0.000026 0.443661
4 2 0.226732 0.291792 0.035085 0.000061 0.446329
4 2 0.192596 0.272640 0.039885 0.000073 0.494806
4 2 0.209294 0.279500 0.053462 0.000205 0.457539
0 2 0.339679 0.301695 0.052002 0.000499 0.306126
4 2 0.224589 0.319997 0.073280 0.000545 0.381589
4 2 0.133816 0.255256 0.094548 0.000645 0.515734
4 2 0.216817 0.244094 0.068145 0.000561 0.470383
4 2 0.158486 0.246609 0.075174 0.000433 0.519299
4 2 0.202375 0.308681 0.106992 0.001097 0.380856
4 2 0.137916 0.282534 0.106905 0.000634 0.472012
4 2 0.091414 0.212603 0.087028 0.000363 0.608592
4 2 0.049135 0.232552 0.165262 0.000826 0.552225
4 2 0.076707 0.293539 0.187991 0.000988 0.440775
4 2 0.147325 0.228586 0.061072 0.000224 0.562793
4 2 0.152734 0.222456 0.085649 0.000766 0.538395
4 2 0.296982 0.196280 0.046807 0.000444 0.459487
4 2 0.291635 0.178779 0.036629 0.000232 0.492725
4 2 0.234714 0.261844 0.082427 0.001092 0.419924
4 2 0.238242 0.217477 0.058445 0.000489 0.485347
4 2 0.193459 0.195021 0.045078 0.000178 0.566264
4 2 0.091181 0.156480 0.058084 0.000191 0.694064
4 2 0.123022 0.215627 0.053686 0.000124 0.607541
4 2 0.067889 0.200120 0.058844 0.000077 0.673070
4 2 0.063429 0.175593 0.071226 0.000172 0.689580
4 2 0.071646 0.159690 0.073483 0.000259 0.694922
4 2 0.085173 0.146981 0.083277 0.000685 0.683883
4 2 0.155864 0.177628 0.057430 0.000304 0.608774
4 2 0.180844 0.186397 0.062379 0.000465 0.569915
4 2 0.212470 0.212810 0.074556 0.000876 0.499288
4 2 0.161883 0.196419 0.060703 0.000333 0.580662
4 2 0.134906 0.234909 0.122629 0.001120 0.506436
4 2 0.153104 0.187073 0.085550 0.000947 0.573326
4 2 0.226663 0.304383 0.079984 0.000775 0.388195
1 2 0.210670 0.357118 0.108465 0.001029 0.322718
4 2 0.161181 0.304670 0.112991 0.001016 0.420142
4 2 0.081283 0.204044 0.125763 0.001265 0.587645
4 2 0.088092 0.237131 0.144116 0.001460 0.529200
4 2 0.084604 0.212611 0.145251 0.001914 0.555620
4 2 0.096875 0.219267 0.143684 0.001712 0.538462
4 2 0.085312 0.191713 0.284571 0.009901 0.428503
4 2 0.091887 0.209577 0.272279 0.008430 0.417826
4 2 0.113240 0.252289 0.272602 0.007903 0.353964
4 2 0.227752 0.285853 0.178184 0.003447 0.304764
4 2 0.258522 0.263304 0.140658 0.002815 0.334702
4 2 0.198999 0.224821 0.113463 0.002665 0.460052
4 2 0.118519 0.223099 0.127864 0.002128 0.528390
4 2 0.094385 0.198781 0.115410 0.001254 0.590170
4 2 0.105685 0.158637 0.078823 0.000595 0.656260
4 2 0.123146 0.179630 0.103441 0.001507 0.592276
4 2 0.075759 0.155861 0.109523 0.001463 0.657394
4 2 0.041155 0.167149 0.136482 0.001035 0.654179
4 2 0.024035 0.141148 0.141334 0.000828 0.692654
4 2 0.039568 0.207616 0.200155 0.001649 0.551012
4 2 0.060727 0.234400 0.154216 0.000966 0.549692
4 2 0.125858 0.234486 0.093275 0.000634 0.545748
4 2 0.214641 0.226504 0.065064 0.000530 0.493261
4 2 0.335819 0.182722 0.040045 0.000399 0.441014
0 2 0.402468 0.173030 0.023859 0.000137 0.400507
0 2 0.476443 0.189129 0.023931 0.000197 0.310300
0 2 0.600542 0.177746 0.013123 0.000083 0.208506
0 2 0.562498 0.234144 0.019119 0.000155 0.184083
0 2 0.472814 0.260928 0.019468 0.000073 0.246718
4 2 0.347346 0.162700 0.021436 0.000077 0.468442
0 2 0.494322 0.139987 0.011264 0.000034 0.354393
0 2 0.443267 0.248831 0.022778 0.000098 0.285026
0 2 0.559506 0.225960 0.010934 0.000028 0.203571
0 2 0.453838 0.282262 0.014814 0.000026 0.249060
4 2 0.280546 0.336652 0.037646 0.000103 0.345052
4 2 0.182965 0.268998 0.046603 0.000110 0.501323
4 2 0.184830 0.216151 0.055132 0.000260 0.543628
4 2 0.143839 0.297495 0.124148 0.001447 0.433071
4 2 0.154299 0.362500 0.117019 0.000799 0.365384
4 2 0.316489 0.199639 0.035914 0.000219 0.447739
0 2 0.622170 0.118644 0.017269 0.000371 0.241546
0 2 0.834777 0.061401 0.003445 0.000051 0.100325
0 2 0.850475 0.067568 0.002643 0.000026 0.079288
0 2 0.692113 0.167261 0.005847 0.000018 0.134761
0 2 0.474666 0.206976 0.012063 0.000022 0.306274
0 2 0.517419 0.191968 0.011701 0.000029 0.278883
0 2 0.785978 0.061218 0.001558 0.000003 0.151243
0 2 0.887459 0.055817 0.002199 0.000038 0.054487
0 0 0.946885 0.018039 0.000450 0.000006 0.034620
0 0 0.825897 0.094424 0.004395 0.000062 0.075221
0 0 0.804356 0.121738 0.005944 0.000100 0.067861
0 1 0.583121 0.236612 0.010844 0.000033 0.169390
0 1 0.548240 0.214485 0.007167 0.000007 0.230100
0 1 0.614397 0.159189 0.004443 0.000004 0.221967
0 1 0.562605 0.170184 0.005012 0.000004 0.262195
0 2 0.512688 0.187824 0.005531 0.000003 0.293954
4 2 0.327321 0.217535 0.009906 0.000004 0.445234
4 2 0.244076 0.261577 0.016980 0.000009 0.477358
4 2 0.236754 0.295375 0.020937 0.000014 0.446920
0 2 0.609338 0.078446 0.003815 0.000007 0.308393
0 2 0.823426 0.040135 0.001516 0.000007 0.134916
0 2 0.920170 0.033899 0.000599 0.000003 0.045329
0 2 0.954648 0.023526 0.000302 0.000002 0.021522
0 0 0.895525 0.038256 0.000615 0.000001 0.065603
0 0 0.874374 0.039296 0.000707 0.000001 0.085621
0 0 0.872521 0.030987 0.000682 0.000002 0.095809
0 0 0.901177 0.027812 0.000551 0.000002 0.070458
0 0 0.796974 0.049140 0.000820 0.000001 0.153065
0 0 0.483060 0.143903 0.004286 0.000002 0.368750
4 0 0.411275 0.143581 0.005166 0.000002 0.439976
4 0 0.446824 0.091477 0.003025 0.000001 0.458672
0 1 0.503534 0.049218 0.001272 0.000000 0.445975
0 1 0.533200 0.040037 0.001078 0.000000 0.425685
0 1 0.621322 0.026484 0.000548 0.000000 0.351646
4 4 0.260223 0.014470 0.000585 0.000000 0.724722
4 4 0.411216 0.005929 0.000220 0.000000 0.582635
4 4 0.315775 0.002527 0.000151 0.000001 0.681546
0 4 0.671216 0.002730 0.000096 0.000001 0.325957
0 4 0.573956 0.005417 0.000215 0.000001 0.420411
0 4 0.706423 0.007438 0.000344 0.000002 0.285793
0 4 0.649004 0.013633 0.000672 0.000002 0.336689
0 4 0.777138 0.024500 0.000661 0.000001 0.197700
4 4 0.449857 0.090413 0.003067 0.000001 0.456661
0 4 0.551839 0.070889 0.001915 0.000001 0.375356
0 4 0.649352 0.062142 0.001886 0.000002 0.286618
0 4 0.752883 0.040068 0.001072 0.000001 0.205975
0 4 0.717220 0.056421 0.001453 0.000001 0.224904
0 4 0.579474 0.074181 0.002161 0.000001 0.344182
0 4 0.501189 0.091079 0.002537 0.000001 0.405193
4 4 0.322412 0.106158 0.005446 0.000002 0.565982
4 4 0.341649 0.084963 0.003312 0.000001 0.570075
4 4 0.368990 0.049394 0.002093 0.000001 0.579523
4 4 0.361952 0.021063 0.000785 0.000000 0.616200
4 4 0.337086 0.020090 0.000863 0.000000 0.641961
4 4 0.371525 0.033196 0.001660 0.000001 0.593618
