0 0 0.728187 0.129633 0.097627 0.024823 0.019730
0 0 0.724537 0.124332 0.087816 0.035992 0.027323
0 0 0.768750 0.114418 0.071418 0.015435 0.029980
0 0 0.633933 0.184567 0.124430 0.012849 0.044222
0 0 0.790937 0.098265 0.048723 0.004423 0.057651
0 0 0.802416 0.078120 0.035556 0.006074 0.077834
0 0 0.824324 0.057150 0.024314 0.009669 0.084543
0 0 0.742189 0.065451 0.027061 0.013592 0.151708
0 0 0.834986 0.040995 0.015783 0.009805 0.098431
0 0 0.877097 0.036780 0.014787 0.010445 0.060891
0 0 0.801599 0.058622 0.023906 0.006986 0.108888
0 0 0.827193 0.047188 0.018022 0.004390 0.103208
0 0 0.706965 0.085385 0.036027 0.006175 0.165448
0 0 0.745545 0.081481 0.035515 0.008329 0.129130
0 0 0.769183 0.070620 0.030075 0.009098 0.121024
0 0 0.762487 0.067202 0.027877 0.008845 0.133589
0 0 0.601120 0.087418 0.036464 0.012954 0.262044
4 0 0.303540 0.121964 0.097568 0.041035 0.435893
0 0 0.378128 0.189024 0.098638 0.019383 0.314827
4 0 0.143883 0.269259 0.159707 0.009612 0.417540
4 0 0.038623 0.183800 0.104428 0.003217 0.669933
4 0 0.019938 0.208051 0.126633 0.001077 0.644300
4 0 0.020446 0.212904 0.169015 0.001732 0.595904
4 0 0.021042 0.215316 0.180695 0.002021 0.580926
4 1 0.022890 0.220373 0.156750 0.001866 0.598121
4 1 0.018845 0.207176 0.249546 0.002906 0.521527
4 1 0.021490 0.216501 0.170790 0.001915 0.589303
4 1 0.030135 0.240529 0.152646 0.002877 0.573813
4 1 0.027518 0.234852 0.187699 0.003416 0.546514
4 1 0.031565 0.201597 0.167682 0.004135 0.595021
2 0 0.015259 0.181780 0.406283 0.005723 0.390955
4 0 0.075153 0.204173 0.189590 0.029411 0.501674
4 1 0.132605 0.260609 0.155772 0.012826 0.438188
1 1 0.132716 0.353883 0.250896 0.017691 0.244814
4 0 0.110360 0.285252 0.290188 0.022660 0.291539
2 0 0.070377 0.238420 0.337530 0.030956 0.322718
4 1 0.063631 0.218864 0.275107 0.017961 0.424437
4 0 0.064151 0.188598 0.176054 0.015678 0.555519
4 0 0.049881 0.204463 0.236499 0.018420 0.490738
4 0 0.044250 0.235592 0.170048 0.007403 0.542707
2 0 0.036852 0.232634 0.391420 0.028034 0.311060
2 1 0.050255 0.250065 0.339302 0.037156 0.323222
2 1 0.048531 0.169529 0.456548 0.148403 0.176989
2 1 0.027343 0.108844 0.527645 0.267842 0.068326
3 1 0.078627 0.092629 0.314728 0.320270 0.193746
2 0 0.226206 0.116255 0.340255 0.255226 0.062059
3 0 0.361063 0.078898 0.144214 0.370292 0.045532
0 0 0.740044 0.049132 0.036817 0.157009 0.016999
0 0 0.638470 0.029056 0.025039 0.284535 0.022900
0 0 0.722761 0.040418 0.027958 0.187831 0.021032
0 0 0.732988 0.068123 0.039439 0.097606 0.061844
0 0 0.558989 0.084990 0.036272 0.029722 0.290026
0 0 0.480552 0.104961 0.046954 0.031207 0.336325
0 0 0.516507 0.065053 0.040734 0.105151 0.272554
0 0 0.542381 0.075393 0.059650 0.128430 0.194146
0 0 0.461535 0.075635 0.108542 0.287911 0.066377
0 0 0.569836 0.138756 0.122136 0.084124 0.085148
0 0 0.586877 0.111766 0.117189 0.130375 0.053794
0 0 0.514054 0.082886 0.112828 0.235141 0.055091
0 0 0.329186 0.133260 0.178086 0.127465 0.232003
0 1 0.525269 0.166873 0.196934 0.047334 0.063590
0 1 0.648555 0.085781 0.082792 0.096578 0.086294
0 0 0.490134 0.058231 0.075878 0.299405 0.076351
0 0 0.416849 0.095499 0.139380 0.169240 0.179032
0 0 0.422770 0.106168 0.113736 0.082096 0.275229
0 0 0.709627 0.069186 0.042064 0.071841 0.107282
0 0 0.839462 0.035166 0.015837 0.038079 0.071455
0 0 0.874347 0.027725 0.011679 0.024138 0.062111
0 0 0.875313 0.030732 0.012498 0.014280 0.067176
0 0 0.852085 0.045528 0.019767 0.012484 0.070136
0 0 0.888997 0.046588 0.026681 0.018418 0.019317
0 0 0.884052 0.052203 0.036331 0.018661 0.008753
0 0 0.902571 0.043185 0.034602 0.015752 0.003890
0 0 0.930404 0.022052 0.016945 0.027552 0.003047
0 0 0.936863 0.011614 0.009517 0.040484 0.001522
0 0 0.912318 0.020902 0.019043 0.045852 0.001885
0 0 0.924862 0.013980 0.011961 0.047539 0.001657
0 0 0.901625 0.013348 0.010733 0.071850 0.002444
0 0 0.896631 0.021974 0.016632 0.060155 0.004610
0 0 0.884749 0.043372 0.027882 0.031441 0.012556
0 0 0.836817 0.061619 0.030356 0.020559 0.050649
0 0 0.690355 0.113805 0.058533 0.028907 0.108400
0 0 0.520276 0.206424 0.122053 0.023926 0.127321
0 0 0.386021 0.227020 0.137327 0.027199 0.222432
0 0 0.419462 0.239520 0.161382 0.012784 0.166852
0 0 0.547957 0.173169 0.114050 0.027005 0.137820
0 0 0.784447 0.086502 0.052052 0.034062 0.042937
0 0 0.906266 0.040041 0.021885 0.015376 0.016432
0 0 0.905824 0.027551 0.015223 0.035982 0.015419
0 0 0.890331 0.038467 0.019219 0.022689 0.029293
4 0 0.288091 0.084940 0.040649 0.080646 0.505674
3 1 0.175509 0.094271 0.127468 0.320264 0.282488
3 1 0.073333 0.067497 0.217887 0.526523 0.114760
3 1 0.087929 0.065878 0.191004 0.511920 0.143269
3 2 0.027646 0.059057 0.366892 0.500336 0.046070
2 2 0.042308 0.139790 0.485791 0.179056 0.153055
2 2 0.046679 0.131410 0.448893 0.237759 0.135260
3 2 0.044429 0.081356 0.368648 0.429696 0.075871
2 2 0.018551 0.063109 0.474852 0.408526 0.034962
3 2 0.012708 0.047665 0.444461 0.476580 0.018586
3 2 0.018496 0.060659 0.399907 0.497065 0.023873
2 2 0.020308 0.072274 0.451941 0.423266 0.032211
3 2 0.010493 0.040713 0.446436 0.487092 0.015267
2 2 0.038069 0.062544 0.586960 0.298479 0.013947
2 3 0.112614 0.123458 0.576312 0.170924 0.016692
2 3 0.194358 0.176394 0.414947 0.189297 0.025004
2 3 0.210141 0.181940 0.330565 0.209841 0.067513
2 3 0.069775 0.179314 0.455914 0.208363 0.086634
2 3 0.041474 0.152736 0.493078 0.160998 0.151714
2 3 0.016750 0.078131 0.625823 0.239710 0.039586
2 2 0.010480 0.049323 0.692691 0.230980 0.016525
2 2 0.004537 0.027121 0.753582 0.206063 0.008697
2 2 0.006027 0.031885 0.679746 0.271674 0.010668
2 2 0.004619 0.027444 0.747344 0.211686 0.008906
2 3 0.010388 0.049147 0.718651 0.206305 0.015510
2 3 0.014867 0.057818 0.584926 0.323371 0.019017
2 3 0.032777 0.086421 0.657518 0.199296 0.023988
2 3 0.017048 0.037032 0.571386 0.367491 0.007043
2 3 0.207013 0.102522 0.359830 0.307436 0.023199
0 3 0.337949 0.121758 0.249946 0.267436 0.022910
0 3 0.897044 0.035356 0.018329 0.021287 0.027984
0 0 0.827031 0.053174 0.030472 0.051392 0.037933
0 0 0.833546 0.047857 0.026772 0.055601 0.036224
0 0 0.840981 0.044774 0.032337 0.069956 0.011953
0 1 0.859768 0.033400 0.022006 0.071874 0.012952
0 0 0.847828 0.030016 0.021791 0.091395 0.008970
0 0 0.860104 0.035071 0.023423 0.068778 0.012624
0 0 0.784636 0.079893 0.064187 0.058265 0.013019
0 0 0.767400 0.097053 0.060605 0.035466 0.039476
0 0 0.782759 0.095285 0.049292 0.014264 0.058400
0 0 0.566980 0.167569 0.085423 0.008314 0.171714
4 0 0.367525 0.108152 0.045910 0.011333 0.467079
4 0 0.122543 0.123873 0.058367 0.010097 0.685121
4 1 0.069011 0.132884 0.066722 0.007114 0.724269
4 1 0.078743 0.241948 0.150985 0.019620 0.508703
4 1 0.077788 0.282486 0.292031 0.019163 0.328532
2 0 0.046135 0.203059 0.534070 0.022686 0.194050
4 0 0.131954 0.189533 0.217418 0.036883 0.424212
4 0 0.278329 0.132195 0.069484 0.031152 0.488840
4 0 0.351342 0.121138 0.054269 0.017515 0.455736
0 0 0.452185 0.126565 0.057196 0.013992 0.350062
0 0 0.544847 0.084126 0.033799 0.010744 0.326484
4 1 0.358999 0.177746 0.088883 0.013765 0.360606
4 0 0.299812 0.133676 0.062389 0.019069 0.485055
0 0 0.422694 0.212091 0.116189 0.015775 0.233252
0 0 0.476201 0.151785 0.080484 0.025863 0.265667
0 0 0.585124 0.139477 0.069973 0.021342 0.184083
0 0 0.450491 0.127874 0.057735 0.012940 0.350959
0 1 0.454991 0.096583 0.040056 0.012533 0.395836
4 0 0.345722 0.135406 0.061626 0.012248 0.444999
0 0 0.577569 0.132156 0.063642 0.016690 0.209943
0 0 0.575871 0.156112 0.085626 0.031133 0.151258
0 0 0.686474 0.083591 0.040994 0.049347 0.139594
0 0 0.624814 0.078597 0.032191 0.014223 0.250175
0 0 0.592749 0.139103 0.067748 0.012159 0.188241
0 0 0.417919 0.157061 0.074317 0.009396 0.341308
0 0 0.394985 0.145163 0.065672 0.006646 0.387534
0 0 0.460706 0.158717 0.074364 0.005973 0.300239
4 0 0.401139 0.065436 0.023651 0.006531 0.503243
0 0 0.512723 0.094244 0.039379 0.014071 0.339581
0 1 0.457570 0.123515 0.056204 0.018315 0.344395
4 0 0.286377 0.219188 0.123806 0.022691 0.347938
0 1 0.342623 0.219466 0.119357 0.015136 0.303418
0 1 0.308493 0.238837 0.134327 0.015482 0.302861
4 0 0.268689 0.277838 0.160410 0.006989 0.286073
0 0 0.392399 0.224622 0.121090 0.008571 0.253318
0 0 0.643116 0.098469 0.042746 0.009200 0.206469
0 0 0.646178 0.097818 0.042967 0.011668 0.201369
0 0 0.594038 0.126711 0.058658 0.009227 0.211365
0 0 0.584034 0.100940 0.042549 0.007344 0.265133
0 0 0.715606 0.132685 0.073767 0.013876 0.064067
0 0 0.505107 0.199196 0.111054 0.017416 0.167228
0 0 0.460187 0.253842 0.155142 0.010013 0.120816
0 0 0.678981 0.152943 0.087011 0.012243 0.068822
0 0 0.543315 0.205185 0.118868 0.013701 0.118930
0 0 0.709191 0.108354 0.052381 0.012628 0.117445
0 0 0.582252 0.096837 0.041867 0.015984 0.263059
0 0 0.525681 0.168834 0.088282 0.019127 0.198076
0 0 0.587953 0.108955 0.048161 0.011233 0.243698
0 0 0.610365 0.145945 0.074357 0.014751 0.154582
0 0 0.658208 0.118997 0.058026 0.016859 0.147909
0 0 0.535794 0.126263 0.058329 0.014635 0.264980
0 0 0.601471 0.077393 0.030707 0.009834 0.280596
0 0 0.500461 0.113470 0.049849 0.013146 0.323074
0 0 0.466687 0.127684 0.057301 0.010926 0.337402
0 0 0.537683 0.112699 0.050948 0.016223 0.282447
0 0 0.597258 0.091957 0.040696 0.028929 0.241161
0 0 0.731489 0.090518 0.044590 0.026249 0.107154
0 0 0.764257 0.076390 0.034570 0.016464 0.108319
0 0 0.741422 0.111354 0.061580 0.018163 0.067481
0 0 0.716138 0.119986 0.060284 0.008779 0.094814
0 0 0.728235 0.116204 0.060365 0.013935 0.081260
0 0 0.646706 0.186338 0.114013 0.005520 0.047423
0 0 0.795319 0.110083 0.062655 0.003635 0.028307
0 0 0.892713 0.050007 0.024159 0.004775 0.028346
0 0 0.897053 0.029056 0.011313 0.008705 0.053873
0 0 0.775936 0.071912 0.030407 0.006113 0.115630
0 0 0.664275 0.039179 0.013177 0.009717 0.273652
0 0 0.506745 0.053840 0.019129 0.011794 0.408492
4 0 0.444994 0.047651 0.016115 0.008800 0.482440
4 0 0.441394 0.061914 0.022529 0.010198 0.463964
4 0 0.204201 0.149390 0.072724 0.016737 0.556948
4 1 0.069492 0.230064 0.140492 0.013846 0.546106
4 1 0.054464 0.274965 0.182607 0.011642 0.476323
4 1 0.162471 0.262416 0.157926 0.018682 0.398505
4 0 0.262046 0.273148 0.159231 0.010003 0.295571
0 0 0.403866 0.223319 0.123611 0.013794 0.235410
0 1 0.600032 0.169119 0.097604 0.029364 0.103881
0 0 0.588143 0.193158 0.135504 0.033276 0.049918
1 0 0.286915 0.333743 0.216974 0.006145 0.156223
0 0 0.828704 0.062141 0.032418 0.027422 0.049314
0 0 0.854258 0.048914 0.024553 0.027724 0.044550
0 0 0.794662 0.073567 0.039386 0.035030 0.057354
0 0 0.762383 0.095564 0.065383 0.046540 0.030130
0 0 0.642181 0.137848 0.079298 0.036320 0.104353
0 0 0.627384 0.101356 0.083286 0.129604 0.058370
0 0 0.493422 0.148961 0.157511 0.109427 0.090680
2 0 0.212993 0.200627 0.322368 0.060171 0.203841
2 0 0.161693 0.198109 0.309907 0.063924 0.266368
2 0 0.161460 0.190912 0.416593 0.088833 0.142203
2 0 0.088113 0.187189 0.547236 0.053641 0.123821
2 0 0.040576 0.168311 0.642785 0.043094 0.105234
2 1 0.082302 0.213976 0.396769 0.071047 0.235905
0 1 0.340181 0.194140 0.159719 0.046403 0.259556
0 0 0.471606 0.129716 0.061308 0.026182 0.311188
0 0 0.642838 0.098706 0.058475 0.104621 0.095360
0 1 0.434177 0.151450 0.074546 0.024354 0.315473
4 1 0.312928 0.198748 0.107536 0.029364 0.351424
4 1 0.077947 0.165308 0.109233 0.015312 0.632199
4 1 0.038391 0.222575 0.160076 0.005257 0.573701
4 1 0.029298 0.197384 0.116133 0.002073 0.655112
4 0 0.019189 0.208672 0.174534 0.001637 0.595968
4 1 0.015112 0.193148 0.201952 0.001387 0.588401
4 1 0.014826 0.191811 0.232700 0.001708 0.558955
4 1 0.019290 0.207940 0.152235 0.001337 0.619199
4 4 0.028913 0.155097 0.084037 0.001550 0.730403
4 4 0.034991 0.093558 0.043151 0.001443 0.826857
4 4 0.044763 0.072522 0.030856 0.001919 0.849940
4 4 0.043637 0.063917 0.026284 0.001680 0.864482
4 4 0.041193 0.082143 0.036296 0.001787 0.838581
4 4 0.057332 0.171151 0.174116 0.016422 0.580979
4 4 0.057911 0.178570 0.237118 0.027946 0.498456
4 4 0.088785 0.175080 0.304773 0.093160 0.338202
4 4 0.130392 0.198598 0.239704 0.074754 0.356552
2 1 0.077684 0.149800 0.340250 0.283556 0.148710
2 1 0.055013 0.157719 0.378638 0.318238 0.090392
2 1 0.048455 0.191150 0.455520 0.158932 0.145943
2 1 0.045878 0.237923 0.400101 0.050307 0.265790
2 1 0.025487 0.204880 0.438764 0.018527 0.312341
2 1 0.014558 0.155292 0.563072 0.015126 0.251952
2 1 0.006747 0.092598 0.743389 0.016658 0.140608
2 2 0.005262 0.079618 0.783220 0.013631 0.118269
2 2 0.008472 0.105362 0.724086 0.016062 0.146018
2 2 0.018982 0.186378 0.476284 0.011294 0.307062
2 2 0.028821 0.224053 0.370089 0.014156 0.362881
2 2 0.029228 0.222420 0.445151 0.013806 0.289396
2 2 0.015555 0.158358 0.560780 0.016945 0.248362
2 2 0.015622 0.154103 0.580829 0.020043 0.229402
2 2 0.010662 0.121578 0.668605 0.019696 0.179459
2 2 0.010983 0.120254 0.676433 0.022726 0.169604
2 2 0.005396 0.076737 0.800514 0.015543 0.101811
2 2 0.004774 0.068586 0.839713 0.011489 0.075437
2 2 0.003954 0.048992 0.907582 0.009698 0.029774
2 3 0.004043 0.053469 0.887271 0.012527 0.042691
2 3 0.008696 0.067077 0.863553 0.029804 0.030870
2 3 0.079119 0.234903 0.641647 0.008971 0.035360
0 0 0.665371 0.170722 0.141017 0.009754 0.013135
0 0 0.852732 0.068732 0.048126 0.016517 0.013893
0 0 0.895902 0.035503 0.019716 0.026771 0.022108
0 1 0.867656 0.037219 0.018126 0.032226 0.044773
2 1 0.042326 0.178559 0.679164 0.024053 0.075898
2 1 0.074365 0.312716 0.442395 0.011376 0.159148
2 1 0.143766 0.341505 0.368582 0.016768 0.129379
4 1 0.113776 0.265188 0.155275 0.005512 0.460250
1 1 0.242860 0.353595 0.239254 0.007233 0.157058
1 1 0.315100 0.340931 0.223900 0.003298 0.116772
0 1 0.328969 0.312041 0.196413 0.005423 0.157154
0 1 0.381830 0.283130 0.171477 0.006565 0.156998
0 0 0.380802 0.218182 0.121672 0.021555 0.257789
4 1 0.117848 0.238133 0.177024 0.055444 0.411551
4 1 0.070641 0.306224 0.213876 0.021829 0.387430
4 1 0.066136 0.328296 0.256137 0.007968 0.341464
2 1 0.032091 0.217304 0.548173 0.014210 0.188222
2 2 0.014397 0.125034 0.751514 0.014991 0.094063
2 2 0.006043 0.075074 0.822305 0.018019 0.078558
2 2 0.006949 0.078321 0.787282 0.036140 0.091308
2 2 0.003952 0.050702 0.857931 0.034574 0.052841
2 2 0.005857 0.049850 0.892929 0.029162 0.022202
2 2 0.021465 0.096253 0.833179 0.028405 0.020698
2 2 0.075417 0.196197 0.621453 0.054202 0.052731
2 2 0.275766 0.249399 0.320856 0.076631 0.077349
0 2 0.372912 0.212018 0.177374 0.094405 0.143291
1 2 0.223601 0.337561 0.242295 0.033261 0.163282
2 2 0.025738 0.184877 0.575746 0.025904 0.187734
2 3 0.010435 0.092147 0.816052 0.020337 0.061030
2 3 0.001394 0.019003 0.949411 0.020594 0.009599
2 3 0.000652 0.009420 0.934697 0.050517 0.004715
2 3 0.000715 0.009507 0.916572 0.068652 0.004554
2 3 0.000753 0.010101 0.879583 0.103550 0.006014
2 3 0.001808 0.017313 0.802648 0.168766 0.009465
2 3 0.001050 0.009930 0.750604 0.234213 0.004203
2 3 0.001013 0.008904 0.703709 0.283000 0.003374
2 3 0.001504 0.012358 0.706837 0.274237 0.005064
2 3 0.001279 0.009278 0.608141 0.378240 0.003061
2 3 0.001399 0.010136 0.618665 0.366341 0.003459
2 3 0.001235 0.007744 0.505266 0.483605 0.002150
2 3 0.001420 0.009508 0.567454 0.418634 0.002984
3 3 0.001023 0.006258 0.464713 0.526424 0.001583
3 3 0.001127 0.006806 0.468289 0.522020 0.001758
3 3 0.000632 0.003928 0.414818 0.579772 0.000851
3 3 0.000549 0.003505 0.414444 0.580760 0.000742
2 3 0.000636 0.004575 0.511680 0.481959 0.001149
3 3 0.000611 0.004089 0.458112 0.536248 0.000940
3 3 0.000513 0.003424 0.434455 0.560869 0.000739
3 3 0.000761 0.004624 0.423256 0.570313 0.001046
3 3 0.000806 0.005078 0.453841 0.539060 0.001214
3 3 0.000667 0.004113 0.416157 0.578162 0.000901
3 3 0.001174 0.006582 0.425182 0.565458 0.001604
3 3 0.000963 0.004876 0.341167 0.651984 0.001011
3 3 0.000911 0.004295 0.296846 0.697126 0.000821
3 3 0.000924 0.004641 0.332213 0.661279 0.000942
3 3 0.000819 0.004280 0.340972 0.653065 0.000864
3 3 0.000786 0.004318 0.365565 0.628433 0.000899
3 3 0.000361 0.002351 0.376303 0.620545 0.000439
3 3 0.000381 0.002314 0.341678 0.655214 0.000413
3 3 0.000504 0.002877 0.337923 0.658162 0.000534
3 3 0.000822 0.004240 0.350572 0.643441 0.000924
3 3 0.000900 0.003876 0.295672 0.698659 0.000892
3 3 0.003536 0.007232 0.246447 0.738561 0.004224
3 3 0.016499 0.020715 0.364827 0.590679 0.007280
0 3 0.547971 0.052865 0.049879 0.337534 0.011752
0 3 0.625955 0.094273 0.073646 0.175885 0.030241
0 3 0.292354 0.203108 0.195394 0.143282 0.165863
2 3 0.013443 0.058037 0.562461 0.333820 0.032239
2 3 0.005802 0.039419 0.718948 0.213260 0.022571
2 3 0.001328 0.014411 0.834164 0.141886 0.008211
2 3 0.001091 0.012171 0.832499 0.147642 0.006597
2 3 0.000438 0.005486 0.812452 0.179287 0.002337
2 2 0.000596 0.006666 0.784417 0.205548 0.002773
2 3 0.000313 0.003728 0.752844 0.241831 0.001284
2 3 0.000367 0.004679 0.805466 0.187596 0.001893
2 3 0.000391 0.005925 0.880517 0.109997 0.003171
2 3 0.000547 0.010874 0.942157 0.036895 0.009527
2 3 0.001014 0.024133 0.928594 0.012478 0.033780
2 3 0.003330 0.064304 0.810287 0.009272 0.112807
2 3 0.009661 0.089145 0.772423 0.044276 0.084494
2 2 0.017149 0.139217 0.649649 0.040046 0.153939
2 2 0.014800 0.132162 0.664591 0.033034 0.155412
2 2 0.016530 0.143131 0.626744 0.034788 0.178808
2 2 0.015335 0.174678 0.463429 0.008340 0.338218
2 2 0.018651 0.183331 0.471585 0.012678 0.313754
2 2 0.014366 0.151930 0.576933 0.016393 0.240377
2 2 0.010076 0.136433 0.586106 0.008923 0.258462
2 2 0.013368 0.163258 0.494811 0.007985 0.320579
4 2 0.024538 0.217959 0.338274 0.008621 0.410608
4 2 0.033428 0.248418 0.226932 0.006724 0.484497
4 2 0.024462 0.224861 0.253262 0.004705 0.492709
4 2 0.025634 0.227368 0.265968 0.005616 0.475415
2 2 0.042338 0.186315 0.375496 0.037928 0.357923
2 2 0.045728 0.225770 0.471086 0.022718 0.234697
0 2 0.783756 0.090076 0.083115 0.036141 0.006911
0 2 0.816756 0.078796 0.051590 0.030458 0.022400
0 0 0.434931 0.256903 0.170409 0.024448 0.113309
4 0 0.287582 0.077501 0.043305 0.213466 0.378145
3 0 0.094662 0.089890 0.185399 0.519911 0.110138
3 0 0.049081 0.071506 0.204445 0.634873 0.040095
3 1 0.113470 0.057291 0.126521 0.643539 0.059179
3 1 0.171481 0.104548 0.250947 0.420533 0.052490
0 1 0.257586 0.177255 0.199468 0.212036 0.153654
0 1 0.426237 0.187108 0.103586 0.044051 0.239018
0 1 0.290180 0.235066 0.144481 0.068083 0.262191
2 1 0.112361 0.208901 0.277118 0.249577 0.152043
2 1 0.078563 0.187408 0.312352 0.309308 0.112369
3 1 0.081812 0.097956 0.258097 0.510776 0.051359
2 1 0.190213 0.276608 0.332146 0.119108 0.081926
1 1 0.217053 0.318507 0.216463 0.031220 0.216757
4 1 0.086086 0.309409 0.207271 0.013333 0.383902
4 1 0.090094 0.233693 0.143753 0.024725 0.507734
4 0 0.106005 0.157091 0.082945 0.020276 0.633683
4 1 0.134685 0.141802 0.070094 0.015343 0.638076
4 1 0.129738 0.176408 0.096028 0.027495 0.570331
4 1 0.181542 0.211023 0.154753 0.052927 0.399755
4 1 0.118757 0.268346 0.160511 0.008491 0.443896
1 1 0.244341 0.322136 0.209553 0.013425 0.210544
1 1 0.254642 0.288357 0.170765 0.008057 0.278180
1 1 0.209223 0.318804 0.201689 0.009930 0.260353
4 1 0.093779 0.251595 0.155498 0.017372 0.481755
4 1 0.080899 0.264510 0.172332 0.024843 0.457416
4 1 0.078297 0.223988 0.140307 0.018066 0.539342
4 1 0.065611 0.261236 0.295346 0.047978 0.329829
4 0 0.101910 0.125531 0.061558 0.014864 0.696137
4 1 0.060199 0.141547 0.072747 0.005769 0.719739
4 1 0.042824 0.165053 0.090075 0.003480 0.698568
4 1 0.048486 0.194138 0.111729 0.005323 0.640324
4 1 0.050749 0.235144 0.145633 0.007605 0.560869
4 1 0.122611 0.270612 0.276722 0.016922 0.313132
0 0 0.381014 0.291939 0.195155 0.018099 0.113793
0 0 0.728802 0.114877 0.083734 0.046294 0.026294
0 0 0.816899 0.062693 0.046671 0.059350 0.014387
0 0 0.867047 0.032310 0.024909 0.069057 0.006676
0 0 0.922848 0.021498 0.013451 0.034852 0.007351
0 0 0.889477 0.037322 0.023497 0.037045 0.012659
0 0 0.803382 0.070684 0.042958 0.047875 0.035100
0 0 0.830509 0.073162 0.043973 0.024329 0.028028
0 0 0.718819 0.118946 0.065635 0.018653 0.077947
0 0 0.740280 0.109622 0.068990 0.035421 0.045687
0 0 0.573311 0.102133 0.095856 0.174043 0.054656
0 0 0.517842 0.085542 0.139134 0.212640 0.044843
0 0 0.405243 0.134098 0.175883 0.142245 0.142531
0 0 0.257635 0.131328 0.247413 0.247319 0.116306
0 0 0.321120 0.172227 0.181969 0.103586 0.221097
2 0 0.132454 0.220267 0.388789 0.071511 0.186979
1 0 0.156581 0.332945 0.230052 0.025064 0.255358
1 1 0.143242 0.291580 0.266790 0.037101 0.261287
4 1 0.050752 0.261584 0.283335 0.024037 0.380293
4 1 0.041541 0.185660 0.109583 0.003949 0.659268
4 1 0.028779 0.213078 0.229476 0.005607 0.523060
4 1 0.023156 0.220261 0.142718 0.001651 0.612214
4 1 0.024783 0.225000 0.139954 0.001799 0.608463
4 1 0.028202 0.235248 0.148272 0.002451 0.585826
4 1 0.014559 0.186708 0.322814 0.003092 0.472828
2 1 0.010313 0.156532 0.445527 0.003696 0.383932
2 1 0.007371 0.130967 0.533515 0.003597 0.324549
2 1 0.005770 0.106973 0.644060 0.005015 0.238181
2 2 0.005998 0.103335 0.675119 0.006854 0.208695
2 2 0.004504 0.090520 0.702441 0.005158 0.197377
2 2 0.006437 0.085084 0.768246 0.020769 0.119464
2 2 0.017715 0.102918 0.821624 0.022831 0.034912
2 2 0.155527 0.281541 0.518552 0.017214 0.027166
1 2 0.261908 0.347445 0.340577 0.018882 0.031189
0 0 0.585274 0.195191 0.142069 0.030474 0.046993
0 0 0.551380 0.223138 0.144838 0.011914 0.068729
0 0 0.370499 0.262454 0.165184 0.026252 0.175612
0 0 0.500098 0.210177 0.125552 0.021604 0.142569
0 0 0.575992 0.193327 0.131391 0.031769 0.067521
0 0 0.594239 0.127083 0.075729 0.077205 0.125745
0 0 0.417409 0.173549 0.093207 0.039474 0.276361
0 0 0.321688 0.196369 0.110134 0.054801 0.317008
4 0 0.104073 0.280665 0.181834 0.022529 0.410899
4 0 0.037476 0.257726 0.203881 0.006839 0.494078
4 1 0.035411 0.253726 0.185150 0.005227 0.520486
2 1 0.046600 0.252588 0.395210 0.030979 0.274623
1 1 0.166107 0.371310 0.288836 0.008865 0.164881
1 0 0.318920 0.335444 0.293587 0.014045 0.038004
0 0 0.337733 0.207746 0.218603 0.169413 0.066507
3 1 0.133095 0.155788 0.318290 0.318890 0.073936
4 1 0.093388 0.244437 0.230333 0.061260 0.370582
2 1 0.040998 0.240611 0.377742 0.031804 0.308845
4 1 0.058136 0.277548 0.185077 0.013584 0.465656
4 1 0.067887 0.283142 0.190795 0.019742 0.438434
0 1 0.386467 0.075197 0.125104 0.369599 0.043633
0 1 0.555960 0.024250 0.025666 0.362604 0.031521
0 1 0.617664 0.081394 0.048755 0.137329 0.114858
0 0 0.405564 0.099516 0.121648 0.299821 0.073451
2 0 0.193976 0.217008 0.384118 0.126098 0.078800
2 1 0.326689 0.180564 0.354879 0.113399 0.024469
0 1 0.695057 0.102214 0.082002 0.098803 0.021924
0 0 0.624649 0.046910 0.111332 0.211746 0.005362
0 0 0.738557 0.099426 0.090861 0.060992 0.010164
0 0 0.751532 0.111736 0.101062 0.027414 0.008256
0 0 0.948555 0.016181 0.009006 0.019496 0.006762
0 1 0.852856 0.048459 0.022373 0.005494 0.070818
0 1 0.771936 0.030529 0.011017 0.002611 0.183907
0 1 0.552967 0.053910 0.020080 0.002413 0.370630
4 1 0.393109 0.145652 0.063630 0.001486 0.396123
4 1 0.352960 0.126428 0.050751 0.001197 0.468665
4 2 0.307752 0.147199 0.065296 0.001652 0.478101
0 2 0.436498 0.105307 0.047363 0.003737 0.407095
4 2 0.359465 0.033322 0.011839 0.002689 0.592686
4 2 0.446144 0.034178 0.012561 0.003587 0.503529
4 2 0.268361 0.037507 0.013965 0.002337 0.677831
4 2 0.388585 0.043905 0.016680 0.002190 0.548639
4 2 0.306941 0.040259 0.014453 0.001929 0.636418
4 2 0.373101 0.045143 0.016719 0.002272 0.562765
4 2 0.278045 0.031997 0.011395 0.002591 0.675971
4 2 0.236218 0.044773 0.016836 0.001550 0.700622
4 2 0.194571 0.064268 0.024953 0.001039 0.715168
4 2 0.138707 0.108814 0.044661 0.000709 0.707110
4 2 0.102674 0.095429 0.038215 0.000800 0.762882
4 2 0.127894 0.090059 0.036430 0.000985 0.744632
0 3 0.654585 0.170637 0.156978 0.009971 0.007828
0 3 0.809601 0.087696 0.091818 0.008711 0.002175
0 3 0.691313 0.129274 0.139611 0.034362 0.005440
0 3 0.700727 0.105476 0.151747 0.040477 0.001573
0 3 0.656697 0.163472 0.159612 0.012970 0.007249
0 3 0.425480 0.242186 0.308943 0.018599 0.004792
1 3 0.240650 0.389980 0.304112 0.004254 0.061004
1 0 0.128419 0.400098 0.297456 0.006709 0.167319
4 0 0.074256 0.157853 0.238921 0.054425 0.474546
2 1 0.034090 0.183616 0.467201 0.045954 0.269139
4 1 0.040424 0.189885 0.315164 0.022231 0.432296
2 1 0.022868 0.200580 0.552406 0.007620 0.216526
2 2 0.040712 0.240559 0.606220 0.004368 0.108140
2 2 0.063313 0.258936 0.612279 0.004295 0.061177
2 2 0.053622 0.166566 0.754402 0.007375 0.018034
2 2 0.076313 0.209031 0.686576 0.006531 0.021550
2 2 0.019145 0.078123 0.875987 0.016664 0.010081
2 2 0.014218 0.071260 0.879385 0.021445 0.013693
2 3 0.024102 0.101273 0.814989 0.034518 0.025119
2 3 0.018183 0.081943 0.825570 0.054279 0.020025
2 3 0.030159 0.057802 0.742861 0.157198 0.011979
2 3 0.175870 0.111839 0.533454 0.161149 0.017688
0 3 0.478899 0.117186 0.210361 0.170283 0.023272
0 3 0.809429 0.041027 0.036319 0.107114 0.006111
0 3 0.849348 0.023031 0.024054 0.101789 0.001778
0 3 0.768970 0.038575 0.062632 0.129217 0.000606
0 2 0.812339 0.049778 0.062164 0.074080 0.001639
0 2 0.927251 0.024053 0.023928 0.023632 0.001136
0 1 0.850499 0.059381 0.056408 0.030011 0.003701
0 1 0.773874 0.094038 0.101290 0.027291 0.003506
0 1 0.548506 0.048641 0.017580 0.002678 0.382594
4 1 0.412588 0.090312 0.035935 0.002951 0.458214
0 1 0.557831 0.068489 0.026916 0.004650 0.342114
0 1 0.533659 0.055172 0.021035 0.004640 0.385494
4 1 0.415359 0.035414 0.012031 0.002939 0.534257
4 1 0.366724 0.061888 0.023090 0.001517 0.546780
0 1 0.486735 0.062936 0.023845 0.001577 0.424906
4 1 0.426469 0.070749 0.027254 0.001458 0.474070
0 1 0.547248 0.060891 0.024089 0.002497 0.365275
0 1 0.594762 0.039339 0.014473 0.001981 0.349444
0 1 0.532448 0.042971 0.016106 0.002006 0.406470
4 1 0.332246 0.038977 0.014208 0.001568 0.613002
4 1 0.290378 0.030984 0.010941 0.001863 0.665834
4 1 0.219691 0.024965 0.008806 0.002314 0.744223
4 1 0.282103 0.018775 0.006315 0.003236 0.689570
4 1 0.371584 0.025718 0.008951 0.003362 0.590385
4 1 0.369465 0.032378 0.011458 0.002985 0.583713
4 1 0.469607 0.033452 0.011756 0.003032 0.482152
4 1 0.416349 0.037209 0.013497 0.003438 0.529507
4 1 0.356322 0.030929 0.011272 0.004106 0.597371
4 1 0.346980 0.026914 0.009619 0.003695 0.612791
0 1 0.509570 0.025603 0.009217 0.003631 0.451979
4 1 0.424980 0.030255 0.010877 0.003082 0.530805
0 1 0.756973 0.037567 0.015792 0.007400 0.182268
0 1 0.928683 0.023375 0.011980 0.014461 0.021502
0 1 0.641311 0.198983 0.131606 0.001647 0.026453
1 1 0.271262 0.383842 0.289999 0.001910 0.052987
1 1 0.175398 0.408908 0.320695 0.005719 0.089280
4 1 0.061147 0.327565 0.222404 0.005022 0.383862
4 1 0.018594 0.199651 0.347552 0.005563 0.428641
2 1 0.015735 0.174010 0.476704 0.009545 0.324006
2 1 0.037827 0.238177 0.418700 0.022680 0.282616
4 1 0.073185 0.333525 0.232032 0.009921 0.351337
1 1 0.086599 0.341120 0.242750 0.016246 0.313285
2 1 0.025741 0.176453 0.548415 0.047081 0.202311
2 1 0.012335 0.127230 0.660441 0.024933 0.175061
2 1 0.004474 0.057924 0.837576 0.033096 0.066930
2 2 0.003510 0.043543 0.862235 0.047690 0.043021
2 2 0.003630 0.053595 0.850742 0.024577 0.067456
2 2 0.003747 0.064634 0.816527 0.012931 0.102161
2 2 0.004932 0.075711 0.795601 0.013521 0.110235
2 2 0.006318 0.088196 0.769152 0.013790 0.122543
2 2 0.004408 0.065893 0.837368 0.012983 0.079347
2 2 0.002103 0.028353 0.925836 0.024503 0.019205
2 2 0.002386 0.029074 0.917435 0.032728 0.018377
2 2 0.001319 0.014932 0.905476 0.071064 0.007208
2 2 0.000781 0.009275 0.844626 0.140718 0.004600
2 2 0.000689 0.008526 0.843109 0.143305 0.004370
2 2 0.000632 0.008430 0.865170 0.121130 0.004637
2 2 0.000797 0.009214 0.825328 0.160095 0.004566
2 2 0.001653 0.013712 0.722357 0.256359 0.005920
2 3 0.001283 0.009339 0.610911 0.375371 0.003097
2 3 0.000703 0.005769 0.614705 0.377086 0.001738
2 3 0.000807 0.006133 0.580737 0.410537 0.001787
2 3 0.000800 0.006284 0.601957 0.389066 0.001893
2 3 0.001254 0.008248 0.539500 0.448575 0.002422
2 3 0.001966 0.011740 0.531579 0.451037 0.003678
2 3 0.001631 0.009558 0.495359 0.490713 0.002739
2 3 0.001740 0.010457 0.520387 0.464265 0.003151
2 3 0.001715 0.010063 0.502360 0.482921 0.002941
3 3 0.001138 0.006049 0.388405 0.603021 0.001387
3 3 0.000762 0.004253 0.371327 0.622769 0.000889
3 3 0.001153 0.005684 0.356684 0.635184 0.001295
3 3 0.001003 0.005359 0.376746 0.615710 0.001182
3 3 0.001073 0.006288 0.442401 0.548688 0.001550
3 3 0.001203 0.006644 0.418859 0.571684 0.001610
3 3 0.001481 0.006622 0.351080 0.639125 0.001692
3 3 0.001854 0.009945 0.453140 0.532330 0.002730
3 3 0.003283 0.009750 0.306680 0.676463 0.003824
3 3 0.002664 0.007161 0.241626 0.746112 0.002438
3 3 0.001908 0.005387 0.231878 0.759147 0.001679
3 3 0.001824 0.006791 0.291623 0.698017 0.001745
3 3 0.001326 0.005949 0.309198 0.682292 0.001235
3 3 0.001736 0.008369 0.378675 0.609192 0.002027
3 3 0.001902 0.009282 0.413222 0.573047 0.002547
3 3 0.002349 0.010575 0.414919 0.568855 0.003302
3 3 0.002580 0.010658 0.374600 0.608975 0.003188
3 3 0.001964 0.008720 0.344691 0.642581 0.002044
3 3 0.001943 0.007352 0.295920 0.692942 0.001844
3 3 0.001078 0.005522 0.360322 0.631877 0.001202
3 3 0.001471 0.007681 0.408086 0.580869 0.001893
3 3 0.001679 0.008207 0.383263 0.604860 0.001991
3 3 0.001644 0.008051 0.381863 0.606500 0.001942
3 3 0.001254 0.006205 0.357205 0.633958 0.001377
3 3 0.001466 0.006864 0.354384 0.635663 0.001623
3 3 0.001481 0.007124 0.359572 0.630192 0.001631
3 3 0.001115 0.005179 0.325795 0.666768 0.001143
3 3 0.001848 0.006536 0.286650 0.703154 0.001812
3 3 0.001923 0.005432 0.223482 0.767572 0.001591
3 3 0.002191 0.006446 0.226068 0.763585 0.001711
3 3 0.000561 0.003287 0.364568 0.630937 0.000647
3 3 0.000655 0.003526 0.335147 0.659988 0.000684
3 3 0.000885 0.004108 0.324701 0.669351 0.000955
3 3 0.000784 0.003804 0.321054 0.673544 0.000814
3 3 0.000797 0.003977 0.313181 0.681281 0.000764
3 3 0.002273 0.007224 0.263549 0.724882 0.002071
3 3 0.002498 0.006735 0.204052 0.784943 0.001772
3 3 0.002889 0.009159 0.253924 0.731682 0.002345
3 3 0.001853 0.005889 0.230666 0.760162 0.001429
3 3 0.001385 0.004806 0.236112 0.756617 0.001081
3 3 0.001878 0.004103 0.207901 0.784265 0.001854
3 3 0.010602 0.022261 0.472034 0.488273 0.006830
3 3 0.017900 0.024651 0.405398 0.547421 0.004630
0 3 0.371448 0.086677 0.130063 0.357028 0.054784
0 3 0.708890 0.034758 0.031725 0.206295 0.018332
0 3 0.537399 0.149197 0.107977 0.074043 0.131384
0 3 0.403531 0.175709 0.115999 0.052149 0.252611
4 3 0.153515 0.194887 0.109986 0.039105 0.502507
4 3 0.056171 0.231718 0.203092 0.016462 0.492556
4 3 0.039274 0.252659 0.215144 0.008352 0.484572
4 2 0.027315 0.226550 0.322898 0.009451 0.413786
4 2 0.022078 0.206454 0.379356 0.009359 0.382754
2 2 0.010607 0.110037 0.708456 0.030455 0.140445
2 2 0.014146 0.122376 0.676931 0.042986 0.143561
2 2 0.024881 0.115010 0.679210 0.069101 0.111798
2 2 0.218162 0.129616 0.340100 0.184180 0.127942
2 2 0.251271 0.170103 0.373892 0.152789 0.051945
1 2 0.291037 0.302418 0.255381 0.036760 0.114403
1 2 0.147200 0.349174 0.237765 0.011411 0.254451
4 2 0.071343 0.265201 0.205901 0.018537 0.439018
4 2 0.056269 0.208834 0.163719 0.012273 0.558904
4 2 0.047946 0.216199 0.152392 0.007721 0.575742
4 2 0.055875 0.167814 0.120312 0.008873 0.647126
4 2 0.051785 0.145282 0.114903 0.008053 0.679976
4 2 0.062071 0.131639 0.089314 0.008757 0.708220
4 2 0.040814 0.117724 0.104021 0.005267 0.732175
4 2 0.047905 0.140841 0.162463 0.012026 0.636766
2 2 0.106531 0.306808 0.351973 0.011493 0.223195
1 2 0.142531 0.363416 0.241456 0.004338 0.248259
1 2 0.235739 0.372638 0.272048 0.008773 0.110802
0 2 0.352340 0.279354 0.177112 0.021417 0.169776
2 2 0.147883 0.228852 0.443811 0.057557 0.121896
2 2 0.084516 0.187879 0.401253 0.069609 0.256743
2 1 0.092229 0.237157 0.396819 0.053415 0.220379
2 1 0.028323 0.171998 0.496845 0.038376 0.264458
2 1 0.032745 0.209127 0.425519 0.028778 0.303830
2 1 0.041232 0.235053 0.399972 0.038658 0.285085
4 1 0.027920 0.188985 0.378862 0.015780 0.388453
4 1 0.030028 0.158818 0.298792 0.012342 0.500021
4 1 0.041796 0.135639 0.264950 0.021801 0.535814
4 1 0.044176 0.130657 0.225639 0.018838 0.580691
4 1 0.075029 0.109220 0.117216 0.022896 0.675638
4 1 0.079955 0.123701 0.075180 0.012107 0.709056
4 1 0.085072 0.146295 0.081299 0.013209 0.674126
4 1 0.039123 0.223084 0.136169 0.004231 0.597394
4 1 0.027111 0.233453 0.172419 0.002899 0.564118
4 1 0.029654 0.240287 0.178809 0.003596 0.547654
4 2 0.028735 0.237926 0.178234 0.003385 0.551719
4 2 0.044683 0.195594 0.113131 0.004586 0.642005
4 2 0.037070 0.225187 0.138192 0.003866 0.595684
4 2 0.028924 0.238095 0.221699 0.004964 0.506317
4 2 0.022709 0.219406 0.259440 0.004319 0.494125
4 2 0.031456 0.244410 0.166232 0.003547 0.554354
4 2 0.030891 0.242504 0.154298 0.003055 0.569252
4 2 0.046698 0.160047 0.086220 0.003980 0.703055
4 2 0.070320 0.229440 0.139937 0.014128 0.546175
4 2 0.065470 0.208468 0.122425 0.010584 0.593053
4 2 0.052372 0.177763 0.098935 0.005570 0.665360
4 2 0.064450 0.176006 0.097147 0.008286 0.654110
4 2 0.029302 0.181848 0.155330 0.003432 0.630088
4 2 0.048576 0.176769 0.168862 0.010870 0.594923
2 2 0.069260 0.252682 0.332658 0.025416 0.319985
1 2 0.113486 0.343329 0.232294 0.009211 0.301680
1 1 0.125699 0.371254 0.265305 0.010811 0.226932
1 1 0.112796 0.332516 0.223614 0.011406 0.319668
2 1 0.038860 0.182999 0.492494 0.042078 0.243570
4 1 0.093313 0.260884 0.158194 0.008838 0.478772
4 1 0.115821 0.250869 0.148271 0.010791 0.474248
0 1 0.454937 0.200385 0.106859 0.012488 0.225331
0 0 0.493127 0.192525 0.099842 0.007559 0.206948
0 0 0.827695 0.068867 0.034077 0.008996 0.060365
0 0 0.879739 0.028881 0.019157 0.061980 0.010243
0 0 0.695223 0.125059 0.106278 0.056794 0.016646
0 0 0.569959 0.198712 0.123000 0.025196 0.083135
1 1 0.155471 0.343262 0.226268 0.008092 0.266907
4 1 0.031453 0.240349 0.236232 0.006530 0.485437
4 1 0.022839 0.213544 0.337206 0.007508 0.418903
4 1 0.026030 0.226190 0.294994 0.007113 0.445673
2 1 0.031244 0.210257 0.454954 0.032193 0.271352
2 1 0.139955 0.291355 0.353909 0.023856 0.190924
0 1 0.892707 0.026146 0.010435 0.011926 0.058786
0 0 0.801801 0.033804 0.011573 0.006322 0.146500
0 0 0.616234 0.040954 0.013240 0.004469 0.325103
4 0 0.303286 0.070731 0.026578 0.008360 0.591045
4 0 0.098718 0.108240 0.049288 0.006493 0.737261
4 0 0.043521 0.214969 0.128926 0.004932 0.607653
4 0 0.021977 0.207484 0.369103 0.008667 0.392768
2 1 0.016199 0.169663 0.511311 0.012764 0.290063
2 1 0.027901 0.202808 0.382767 0.015522 0.371000
4 1 0.054494 0.209249 0.347918 0.018783 0.369557
4 1 0.372294 0.161147 0.076742 0.009907 0.379909
0 0 0.611482 0.081881 0.033461 0.011852 0.261324
0 0 0.698178 0.063130 0.027569 0.034707 0.176416
0 0 0.511616 0.090271 0.039689 0.041381 0.317043
4 0 0.342533 0.111989 0.050626 0.032285 0.462566
4 0 0.133912 0.131001 0.064640 0.023260 0.647188
4 0 0.060544 0.205325 0.120039 0.008860 0.605231
2 1 0.026663 0.206255 0.442907 0.020918 0.303257
2 1 0.033680 0.210868 0.461311 0.040439 0.253703
2 1 0.055630 0.279335 0.442208 0.016347 0.206480
1 1 0.173094 0.317572 0.208358 0.018314 0.282662
1 1 0.232987 0.313263 0.202761 0.017375 0.233614
4 0 0.112842 0.194724 0.123887 0.023305 0.545242
4 1 0.110604 0.191424 0.106455 0.018757 0.572761
4 1 0.076142 0.166645 0.089987 0.010884 0.656342
4 1 0.047735 0.236413 0.198062 0.011132 0.506658
4 1 0.078012 0.212303 0.278882 0.035300 0.395503
1 1 0.303486 0.315099 0.205152 0.012093 0.164170
1 1 0.294344 0.338660 0.235409 0.011634 0.119953
1 1 0.261068 0.322084 0.205406 0.008933 0.202509
4 1 0.041964 0.234271 0.145555 0.005211 0.572999
4 1 0.041052 0.232991 0.144523 0.004952 0.576483
4 1 0.039147 0.204323 0.120577 0.003757 0.632195
4 1 0.034362 0.220664 0.134661 0.003248 0.607064
4 1 0.033918 0.249949 0.160610 0.003837 0.551685
4 1 0.032784 0.246519 0.236484 0.007003 0.477210
4 1 0.023679 0.215360 0.341399 0.008249 0.411313
2 1 0.019514 0.189073 0.450906 0.011998 0.328509
4 1 0.025435 0.218619 0.351455 0.010081 0.394410
2 1 0.015935 0.177858 0.455130 0.008472 0.342605
4 1 0.024853 0.222770 0.298767 0.006718 0.446893
4 2 0.024783 0.224818 0.269460 0.005424 0.475515
4 2 0.020188 0.202275 0.369880 0.007464 0.400194
2 2 0.011059 0.135335 0.611369 0.012867 0.229370
2 2 0.008945 0.117922 0.662887 0.013080 0.197166
2 2 0.008886 0.110974 0.693222 0.017161 0.169758
2 2 0.020818 0.170921 0.551339 0.028952 0.227970
2 2 0.052186 0.276454 0.333407 0.021606 0.316348
4 2 0.055013 0.270400 0.266755 0.021211 0.386621
2 2 0.081851 0.188041 0.485807 0.089706 0.154595
2 2 0.039777 0.188582 0.639047 0.038789 0.093806
2 2 0.041495 0.187543 0.607921 0.060390 0.102652
2 2 0.025801 0.167714 0.653127 0.029217 0.124142
2 2 0.006489 0.074312 0.798399 0.035722 0.085079
2 2 0.004510 0.061643 0.830222 0.026751 0.076875
2 2 0.007183 0.091819 0.750354 0.020857 0.129787
2 2 0.006146 0.087210 0.757796 0.016283 0.132564
2 2 0.007525 0.106776 0.692465 0.012197 0.181038
2 2 0.003973 0.058844 0.837553 0.022260 0.077370
2 2 0.003660 0.057608 0.840304 0.019084 0.079344
2 2 0.010906 0.104077 0.765210 0.024185 0.095624
2 2 0.025782 0.127251 0.778885 0.027588 0.040494
2 2 0.106815 0.269655 0.410894 0.038903 0.173732
2 2 0.041393 0.196598 0.551775 0.056441 0.153792
2 2 0.019954 0.180734 0.502534 0.018006 0.278772
2 2 0.014361 0.154008 0.566776 0.015146 0.249709
2 2 0.013880 0.141154 0.619086 0.021704 0.204175
2 2 0.012794 0.131152 0.649243 0.024151 0.182660
2 2 0.009648 0.111217 0.708906 0.019657 0.150572
2 2 0.006819 0.073678 0.813832 0.033217 0.072454
2 2 0.003962 0.052239 0.850513 0.034562 0.058725
2 2 0.002572 0.037440 0.884990 0.034914 0.040085
2 2 0.002485 0.037519 0.886943 0.031519 0.041533
2 2 0.001893 0.031596 0.903396 0.027401 0.035714
2 2 0.002174 0.037441 0.891912 0.021852 0.046621
2 3 0.002191 0.035594 0.894171 0.026860 0.041183
2 3 0.001734 0.026150 0.905198 0.041842 0.025076
2 3 0.003016 0.040999 0.874040 0.039090 0.042856
2 3 0.003895 0.048548 0.854201 0.043007 0.050349
2 3 0.004868 0.052106 0.833478 0.060835 0.048713
2 3 0.007219 0.066218 0.792741 0.073926 0.059895
2 3 0.003409 0.031822 0.827403 0.115949 0.021416
2 3 0.004232 0.037304 0.806394 0.125980 0.026089
2 3 0.002443 0.018930 0.900204 0.073382 0.005041
2 3 0.006948 0.044806 0.861468 0.071285 0.015493
2 3 0.010479 0.064460 0.831909 0.067442 0.025710
2 3 0.009507 0.094692 0.791037 0.021551 0.083212
2 3 0.010422 0.104216 0.754771 0.024491 0.106100
2 3 0.005954 0.073364 0.800581 0.030091 0.090009
2 3 0.006251 0.079798 0.783992 0.024802 0.105157
2 3 0.009842 0.132206 0.605314 0.009845 0.242793
2 3 0.013638 0.141539 0.615323 0.020228 0.209273
2 3 0.007677 0.098810 0.728956 0.018533 0.146023
2 3 0.006561 0.079426 0.785494 0.029056 0.099463
2 3 0.003723 0.046078 0.857914 0.045795 0.046490
2 3 0.003401 0.039154 0.859523 0.063159 0.034763
2 3 0.001294 0.015534 0.888654 0.085300 0.009219
2 3 0.000894 0.013781 0.930505 0.045390 0.009430
2 3 0.000541 0.007897 0.943169 0.044918 0.003476
2 3 0.000677 0.009349 0.931357 0.054210 0.004407
2 3 0.001300 0.019376 0.909487 0.053428 0.016409
2 3 0.001551 0.021078 0.896152 0.064202 0.017016
2 3 0.001743 0.020523 0.869471 0.093714 0.014548
2 3 0.001346 0.017306 0.884828 0.084120 0.012400
2 3 0.001012 0.014967 0.907630 0.064957 0.011434
2 3 0.000694 0.009944 0.891947 0.091036 0.006380
2 3 0.001868 0.019108 0.830488 0.136867 0.011669
2 3 0.001450 0.015919 0.843025 0.130003 0.009602
2 3 0.002024 0.020416 0.828679 0.136421 0.012460
2 3 0.001733 0.022646 0.889771 0.067831 0.018018
2 3 0.002058 0.024695 0.875032 0.079262 0.018952
2 3 0.003205 0.035263 0.855928 0.076674 0.028930
2 3 0.002353 0.025838 0.857423 0.095559 0.018826
2 3 0.003406 0.031369 0.816310 0.127607 0.021308
2 3 0.003461 0.029731 0.793768 0.154329 0.018711
2 3 0.003799 0.033681 0.806781 0.132950 0.022789
2 3 0.002093 0.020636 0.822681 0.142007 0.012584
2 3 0.001713 0.017232 0.847288 0.124724 0.009043
2 3 0.001950 0.019961 0.853291 0.113176 0.011622
2 3 0.002734 0.028974 0.850444 0.096448 0.021400
2 3 0.001096 0.011749 0.816388 0.164740 0.006027
2 3 0.001633 0.015679 0.796609 0.177863 0.008216
2 3 0.002284 0.018607 0.742901 0.227197 0.009011
2 3 0.002273 0.018444 0.740304 0.230115 0.008865
2 3 0.001064 0.009707 0.731355 0.253934 0.003939
2 3 0.001546 0.013774 0.755231 0.223096 0.006352
