0 0 0.998933 0.000371 0.000048 0.000000 0.000647
0 0 0.994423 0.002016 0.000437 0.000011 0.003114
0 0 0.992214 0.002826 0.000678 0.000021 0.004261
4 0 0.236920 0.053605 0.024237 0.000069 0.685169
4 0 0.148658 0.048926 0.026620 0.000059 0.775737
4 0 0.045331 0.030309 0.013944 0.000011 0.910405
4 0 0.027588 0.031654 0.032729 0.000045 0.907985
4 0 0.051900 0.064018 0.102156 0.001315 0.780611
4 0 0.100885 0.083142 0.047046 0.000547 0.768379
4 0 0.258519 0.168816 0.083704 0.011246 0.477714
0 0 0.303232 0.080011 0.273904 0.050748 0.292105
0 0 0.432928 0.049566 0.254711 0.026937 0.235858
4 0 0.364722 0.100879 0.104407 0.006960 0.423032
0 0 0.505279 0.155096 0.023034 0.001785 0.314807
4 0 0.258609 0.128776 0.252107 0.097494 0.263013
3 0 0.132012 0.100583 0.296042 0.302644 0.168718
2 0 0.084845 0.120313 0.292641 0.261952 0.240249
3 0 0.022264 0.068555 0.309913 0.424427 0.174841
4 0 0.028954 0.110106 0.290872 0.269648 0.300421
4 0 0.027624 0.127303 0.238557 0.065421 0.541095
4 0 0.031588 0.098884 0.354762 0.150131 0.364635
4 0 0.042195 0.091793 0.301858 0.036742 0.527412
4 0 0.029171 0.092373 0.203430 0.010332 0.664693
4 0 0.063105 0.190566 0.134651 0.019916 0.591762
4 0 0.090358 0.244465 0.153384 0.086473 0.425319
4 0 0.076154 0.223849 0.113145 0.028720 0.558132
4 1 0.045031 0.207159 0.154783 0.074510 0.518517
4 1 0.047055 0.144114 0.255771 0.140171 0.412889
4 1 0.022362 0.096182 0.252908 0.030732 0.597817
4 1 0.033872 0.133497 0.185402 0.027997 0.619233
4 1 0.040381 0.147460 0.241594 0.074778 0.495787
4 1 0.058754 0.206514 0.178143 0.088633 0.467956
4 1 0.057555 0.214766 0.171161 0.182447 0.374071
4 1 0.070980 0.205047 0.179742 0.248313 0.295918
3 1 0.059718 0.137271 0.201778 0.420158 0.181075
3 1 0.058892 0.111542 0.205910 0.486009 0.137647
3 1 0.076624 0.144821 0.210956 0.387070 0.180529
3 1 0.042717 0.094857 0.191853 0.548473 0.122100
3 1 0.052484 0.133592 0.196633 0.435773 0.181519
3 1 0.031658 0.093517 0.177968 0.565697 0.131159
3 1 0.032023 0.096414 0.178433 0.556984 0.136146
3 1 0.046187 0.130145 0.191363 0.450152 0.182153
3 1 0.040593 0.116986 0.187664 0.490593 0.164163
3 1 0.034617 0.099306 0.204203 0.508539 0.153335
3 2 0.018117 0.048448 0.215256 0.630484 0.087695
3 2 0.015726 0.034412 0.135082 0.771978 0.042802
3 2 0.021509 0.034898 0.146991 0.756940 0.039661
3 2 0.035341 0.065430 0.180158 0.640300 0.078772
3 2 0.045676 0.109726 0.194159 0.505055 0.145383
3 2 0.044044 0.126524 0.259373 0.320272 0.249788
3 2 0.031185 0.076107 0.327073 0.386686 0.178949
2 2 0.028853 0.085048 0.397064 0.158764 0.330271
3 2 0.023459 0.051466 0.365295 0.423782 0.135998
3 2 0.030769 0.066466 0.308008 0.455454 0.139303
3 2 0.023584 0.047627 0.197509 0.661401 0.069880
3 2 0.021696 0.039596 0.150104 0.741813 0.046790
3 2 0.006371 0.010459 0.086796 0.884638 0.011736
3 2 0.011775 0.027443 0.203549 0.705584 0.051649
3 2 0.011019 0.022747 0.227204 0.692590 0.046440
3 2 0.014596 0.035587 0.276475 0.590938 0.082405
3 2 0.007879 0.015220 0.216069 0.728298 0.032534
3 2 0.012710 0.027575 0.252929 0.647096 0.059690
3 2 0.011202 0.021718 0.244473 0.676391 0.046217
3 2 0.007173 0.012852 0.136334 0.824034 0.019606
3 2 0.007108 0.012252 0.093875 0.872588 0.014177
3 2 0.013601 0.024924 0.125140 0.806874 0.029462
3 2 0.017644 0.043219 0.210757 0.652701 0.075678
3 2 0.018064 0.042653 0.229852 0.630378 0.079053
3 2 0.016422 0.043750 0.261267 0.582803 0.095758
3 2 0.012456 0.028484 0.167190 0.746852 0.045017
3 2 0.022212 0.048826 0.155290 0.712279 0.061393
3 2 0.021506 0.044145 0.152025 0.728107 0.054217
3 2 0.018485 0.040197 0.144253 0.746955 0.050110
3 2 0.010657 0.023507 0.114262 0.822549 0.029025
3 3 0.007098 0.015368 0.095415 0.863328 0.018790
3 3 0.008386 0.019074 0.122746 0.822927 0.026867
3 3 0.014119 0.033132 0.140968 0.767211 0.044570
3 3 0.009146 0.017941 0.104382 0.847297 0.021235
3 3 0.015675 0.031996 0.133442 0.779995 0.038893
3 3 0.007971 0.016934 0.125532 0.825257 0.024305
3 3 0.007668 0.018980 0.187862 0.746947 0.038544
3 3 0.004435 0.010693 0.171620 0.789417 0.023836
3 3 0.004954 0.012353 0.194094 0.759162 0.029438
3 3 0.003765 0.007963 0.114024 0.860786 0.013463
3 3 0.005461 0.011758 0.116309 0.848477 0.017994
3 3 0.003627 0.007939 0.077555 0.900514 0.010366
3 3 0.004387 0.010743 0.093456 0.876013 0.015401
3 3 0.006024 0.017572 0.097382 0.854728 0.024294
3 3 0.012049 0.030708 0.123550 0.793809 0.039883
3 3 0.013516 0.035257 0.130204 0.774741 0.046282
3 3 0.008912 0.024048 0.154193 0.772021 0.040826
3 3 0.011373 0.030956 0.138062 0.774546 0.045063
3 3 0.013029 0.031296 0.134725 0.779093 0.041857
3 3 0.017934 0.058039 0.255275 0.539588 0.129163
3 3 0.012507 0.039413 0.207227 0.661470 0.079384
3 3 0.011020 0.028243 0.152148 0.764491 0.044098
3 3 0.009370 0.021943 0.109002 0.832144 0.027542
3 3 0.009553 0.020554 0.108297 0.836493 0.025103
3 3 0.010988 0.026741 0.117795 0.810350 0.034127
3 3 0.004271 0.007149 0.070520 0.910170 0.007890
3 3 0.008666 0.019677 0.122756 0.821469 0.027432
3 3 0.006917 0.013101 0.107328 0.855511 0.017143
3 3 0.010168 0.017239 0.116025 0.835828 0.020740
3 3 0.009059 0.013830 0.138694 0.819142 0.019275
3 3 0.021426 0.044092 0.232307 0.625981 0.076194
4 2 0.042475 0.110488 0.253941 0.049622 0.543473
4 0 0.063793 0.081302 0.106379 0.002987 0.745539
4 0 0.070786 0.047982 0.046764 0.000283 0.834185
4 0 0.047212 0.024609 0.011441 0.000008 0.916730
4 0 0.041895 0.034166 0.005397 0.000004 0.918538
4 0 0.083528 0.053140 0.021861 0.000060 0.841412
4 0 0.103209 0.074178 0.082412 0.000982 0.739219
4 0 0.032130 0.035404 0.031452 0.000053 0.900960
4 1 0.025637 0.051670 0.027399 0.000101 0.895192
4 1 0.009625 0.060894 0.024037 0.000167 0.905276
4 1 0.009623 0.077031 0.057239 0.001131 0.854975
4 0 0.021734 0.086251 0.110536 0.003796 0.777683
4 0 0.102639 0.098221 0.099639 0.002968 0.696532
4 0 0.339426 0.109609 0.153615 0.016153 0.381197
0 0 0.433108 0.091617 0.108520 0.006149 0.360606
4 0 0.038783 0.025690 0.013695 0.000008 0.921824
4 0 0.071074 0.024782 0.014248 0.000006 0.889889
4 0 0.092042 0.034126 0.021559 0.000022 0.852250
4 0 0.058668 0.022755 0.010149 0.000004 0.908425
4 0 0.037260 0.017526 0.015106 0.000004 0.930104
4 0 0.018066 0.014331 0.011348 0.000002 0.956252
4 0 0.038056 0.020894 0.012925 0.000005 0.928120
4 0 0.024078 0.019633 0.012531 0.000005 0.943754
4 0 0.008665 0.008889 0.003449 0.000000 0.978996
4 0 0.008838 0.009615 0.003445 0.000000 0.978101
4 0 0.003667 0.005318 0.001766 0.000000 0.989249
4 0 0.003773 0.009210 0.003240 0.000000 0.983777
4 0 0.002747 0.013900 0.006181 0.000002 0.977170
4 0 0.005312 0.029486 0.015744 0.000024 0.949435
4 1 0.003483 0.050580 0.031594 0.000237 0.914105
4 1 0.017613 0.114084 0.082914 0.003589 0.781800
4 1 0.051307 0.176394 0.196947 0.057739 0.517613
4 1 0.034096 0.121985 0.231406 0.029198 0.583316
4 2 0.041704 0.137898 0.226929 0.036237 0.557233
4 2 0.047591 0.155621 0.231075 0.062217 0.503495
4 2 0.050582 0.177821 0.185215 0.048089 0.538294
4 2 0.056815 0.193822 0.188107 0.074744 0.486513
4 2 0.059080 0.161584 0.257037 0.125480 0.396820
2 2 0.050066 0.093210 0.369103 0.265900 0.221721
3 2 0.024745 0.040568 0.343179 0.501001 0.090507
2 2 0.026082 0.061626 0.372240 0.370915 0.169137
3 2 0.018885 0.037297 0.284916 0.580287 0.078614
3 2 0.010908 0.021358 0.134870 0.803959 0.028906
3 2 0.015019 0.030298 0.165662 0.745185 0.043837
3 2 0.011261 0.018897 0.197643 0.739341 0.032858
3 2 0.012703 0.031471 0.324015 0.544187 0.087624
3 2 0.017745 0.046176 0.340620 0.468697 0.126762
3 2 0.009679 0.026869 0.267078 0.626753 0.069621
2 2 0.014427 0.033391 0.438238 0.392725 0.121219
3 2 0.004620 0.007787 0.265590 0.699445 0.022558
3 2 0.010266 0.018798 0.366536 0.546651 0.057748
3 2 0.004184 0.005459 0.198021 0.780013 0.012323
3 2 0.006033 0.011172 0.290443 0.659644 0.032708
3 2 0.010332 0.019199 0.336033 0.579939 0.054497
4 2 0.027109 0.098382 0.346967 0.157151 0.370390
3 2 0.033380 0.082476 0.266339 0.462447 0.155358
3 2 0.045309 0.119898 0.264099 0.341984 0.228710
3 2 0.025370 0.052401 0.309319 0.500310 0.112599
2 2 0.025795 0.080690 0.382698 0.229237 0.281581
4 2 0.023088 0.084656 0.376089 0.100356 0.415811
4 2 0.016520 0.088146 0.244066 0.025034 0.626234
4 2 0.023088 0.098057 0.298658 0.053699 0.526498
4 2 0.043469 0.155784 0.222135 0.060781 0.517831
4 2 0.052171 0.161144 0.248659 0.160225 0.377802
4 2 0.042236 0.122119 0.315802 0.172666 0.347178
3 2 0.031059 0.079484 0.281730 0.445406 0.162320
2 2 0.040160 0.111342 0.300454 0.290819 0.257225
3 2 0.013116 0.021307 0.175370 0.758161 0.032047
3 2 0.021133 0.044483 0.246282 0.606560 0.081542
3 2 0.019173 0.030589 0.174048 0.735439 0.040752
3 2 0.015981 0.020348 0.146399 0.793319 0.023954
3 2 0.021143 0.032989 0.164122 0.740839 0.040907
3 0 0.043163 0.068859 0.298191 0.457641 0.132146
3 0 0.021602 0.042651 0.391800 0.418048 0.125899
2 1 0.022238 0.051798 0.445999 0.297606 0.182359
3 1 0.012341 0.023038 0.118459 0.819133 0.027029
3 2 0.015115 0.032981 0.132789 0.778174 0.040941
3 2 0.015504 0.024746 0.127491 0.804524 0.027736
3 2 0.017821 0.035072 0.140037 0.764806 0.042264
3 2 0.027970 0.056915 0.167669 0.677230 0.070216
3 2 0.029359 0.052607 0.168293 0.687430 0.062310
3 2 0.018829 0.027999 0.137048 0.785311 0.030814
3 2 0.023508 0.032011 0.217884 0.680152 0.046445
3 2 0.022465 0.029366 0.295565 0.597378 0.055226
2 0 0.073008 0.095833 0.368200 0.227401 0.235558
4 0 0.043124 0.140782 0.123800 0.011634 0.680660
4 1 0.011674 0.073176 0.088205 0.002264 0.824681
4 1 0.006104 0.054446 0.057886 0.000714 0.880849
4 2 0.007839 0.071806 0.151581 0.008375 0.760399
4 2 0.009737 0.072395 0.234884 0.021912 0.661071
4 2 0.024397 0.102276 0.307806 0.073472 0.492049
4 2 0.035677 0.120319 0.297495 0.217914 0.328596
3 2 0.058562 0.139669 0.251296 0.309487 0.240986
3 2 0.071792 0.159342 0.203441 0.355684 0.209741
3 2 0.068219 0.138950 0.217513 0.389680 0.185637
3 2 0.048880 0.102064 0.238172 0.457436 0.153448
3 2 0.050238 0.131135 0.273313 0.280621 0.264694
3 2 0.046131 0.111115 0.226811 0.445509 0.170435
3 2 0.028202 0.064861 0.200614 0.610883 0.095440
3 2 0.020003 0.037057 0.153767 0.743383 0.045789
3 2 0.014559 0.033771 0.173334 0.725698 0.052638
3 2 0.020032 0.054487 0.242137 0.576364 0.106980
3 2 0.020111 0.051708 0.205244 0.636218 0.086720
3 2 0.020994 0.047579 0.181846 0.680310 0.069271
3 2 0.022962 0.048994 0.195403 0.659897 0.072744
3 2 0.030744 0.080346 0.189452 0.584624 0.114835
3 2 0.026139 0.052481 0.163345 0.693700 0.064334
3 2 0.034293 0.060998 0.210756 0.610694 0.083259
3 2 0.016819 0.030308 0.145545 0.769795 0.037533
3 2 0.020408 0.044451 0.188896 0.679667 0.066578
3 2 0.011982 0.028969 0.155317 0.759450 0.044283
3 2 0.009233 0.024971 0.143752 0.782244 0.039799
3 2 0.013395 0.033903 0.151396 0.751611 0.049695
3 2 0.017830 0.054808 0.268737 0.532658 0.125967
2 2 0.025211 0.074477 0.406275 0.220312 0.273725
2 2 0.031610 0.054731 0.403827 0.357542 0.152290
2 2 0.053492 0.055807 0.433707 0.297282 0.159711
4 2 0.104304 0.135318 0.264627 0.075077 0.420674
4 2 0.074972 0.169597 0.236821 0.183604 0.335006
4 2 0.054160 0.173350 0.214222 0.161389 0.396879
4 0 0.216514 0.171782 0.177372 0.072622 0.361710
0 0 0.368658 0.120569 0.193624 0.074594 0.242555
0 0 0.535902 0.091437 0.062847 0.003238 0.306576
4 0 0.357067 0.097730 0.140815 0.010215 0.394172
4 0 0.145087 0.067942 0.058319 0.000489 0.728162
4 0 0.214219 0.089641 0.057234 0.001027 0.637879
4 0 0.148543 0.082387 0.104523 0.003011 0.661536
4 0 0.126593 0.086790 0.057925 0.001033 0.727658
4 0 0.090088 0.099722 0.098425 0.003341 0.708424
4 0 0.088344 0.097202 0.246504 0.023550 0.544400
4 0 0.076349 0.095320 0.208020 0.012464 0.607847
4 0 0.072872 0.102589 0.143276 0.006365 0.674898
4 0 0.140626 0.088529 0.082226 0.001406 0.687213
4 0 0.264076 0.070949 0.059495 0.000588 0.604892
4 0 0.382342 0.076659 0.078764 0.001665 0.460571
4 0 0.028464 0.047927 0.052712 0.000242 0.870655
4 0 0.033853 0.034548 0.028951 0.000042 0.902606
4 0 0.015508 0.024513 0.015496 0.000011 0.944472
4 0 0.015571 0.017403 0.010986 0.000003 0.956037
4 0 0.008284 0.022197 0.013805 0.000009 0.955705
4 0 0.015065 0.037144 0.022344 0.000050 0.925397
4 0 0.007889 0.022110 0.021717 0.000022 0.948262
4 0 0.016159 0.016907 0.015848 0.000005 0.951081
4 0 0.006041 0.010132 0.005231 0.000001 0.978595
4 0 0.006379 0.009011 0.007189 0.000001 0.977421
4 0 0.006157 0.013540 0.008349 0.000002 0.971953
4 0 0.006223 0.012232 0.007854 0.000001 0.973690
4 0 0.007031 0.010816 0.006308 0.000001 0.975844
4 0 0.015926 0.010986 0.006676 0.000001 0.966411
4 0 0.012996 0.011579 0.004131 0.000000 0.971294
4 0 0.013791 0.010577 0.003999 0.000000 0.971632
4 0 0.012447 0.018355 0.008865 0.000003 0.960330
4 0 0.007546 0.015477 0.007820 0.000002 0.969155
4 0 0.008585 0.018971 0.007877 0.000003 0.964563
4 0 0.007241 0.022498 0.006401 0.000003 0.963856
4 0 0.035251 0.053258 0.014423 0.000038 0.897031
4 0 0.085981 0.082949 0.084531 0.001626 0.744913
4 0 0.203958 0.103886 0.131115 0.006348 0.554692
4 0 0.139068 0.093458 0.152338 0.005186 0.609949
4 0 0.123104 0.083252 0.087111 0.001302 0.705230
4 0 0.085754 0.047450 0.051816 0.000157 0.814822
4 0 0.073062 0.030147 0.019080 0.000015 0.877697
4 0 0.041520 0.017955 0.010999 0.000003 0.929523
4 0 0.025437 0.012526 0.004831 0.000000 0.957206
4 0 0.014347 0.009082 0.003373 0.000000 0.973198
4 0 0.001716 0.008649 0.003360 0.000000 0.986275
4 0 0.004492 0.015964 0.010016 0.000004 0.969525
4 0 0.006168 0.025266 0.019678 0.000022 0.948865
4 0 0.013506 0.043125 0.039798 0.000169 0.903403
4 0 0.016779 0.053527 0.055983 0.000443 0.873269
4 0 0.021866 0.097802 0.230932 0.030861 0.618540
4 0 0.179705 0.148484 0.182303 0.037626 0.451882
0 0 0.398181 0.100634 0.213209 0.100676 0.187300
0 0 0.528341 0.086100 0.073371 0.003784 0.308405
4 0 0.235149 0.087006 0.039935 0.000399 0.637511
4 0 0.105653 0.046031 0.022482 0.000041 0.825792
4 0 0.028790 0.027970 0.016409 0.000013 0.926819
4 0 0.022645 0.034089 0.023010 0.000033 0.920222
4 1 0.014838 0.040244 0.030899 0.000082 0.913937
4 1 0.011347 0.080009 0.073356 0.001379 0.833909
4 1 0.035285 0.149269 0.108849 0.007620 0.698977
4 1 0.055064 0.193547 0.112309 0.014085 0.624995
4 1 0.030111 0.115782 0.160884 0.009222 0.684000
4 1 0.028305 0.055473 0.097361 0.000741 0.818119
4 1 0.050350 0.069737 0.177496 0.002952 0.699466
4 1 0.021372 0.111057 0.099837 0.003803 0.763931
4 1 0.086753 0.244424 0.114857 0.027379 0.526588
4 1 0.079994 0.214773 0.161229 0.044594 0.499409
4 1 0.079856 0.177941 0.238662 0.082563 0.420978
4 1 0.107893 0.218853 0.196643 0.140191 0.336419
4 1 0.099718 0.238092 0.169894 0.152498 0.339797
3 1 0.047724 0.094763 0.197040 0.542549 0.117924
2 1 0.086765 0.148545 0.284686 0.205127 0.274877
4 1 0.090149 0.205551 0.133956 0.021929 0.548416
4 1 0.087433 0.220681 0.145412 0.032469 0.514005
4 1 0.016936 0.088950 0.114324 0.003122 0.776668
4 1 0.025109 0.110871 0.148970 0.008111 0.706939
4 1 0.069028 0.201392 0.150928 0.029854 0.548799
4 1 0.050680 0.173700 0.133103 0.015149 0.627369
4 1 0.090340 0.203455 0.205054 0.081862 0.419289
4 1 0.039678 0.150961 0.162428 0.019728 0.627206
4 1 0.046696 0.155752 0.170390 0.020984 0.606178
4 1 0.030902 0.164652 0.115456 0.015960 0.673030
4 1 0.049438 0.172617 0.213334 0.079453 0.485158
4 4 0.037393 0.154833 0.156451 0.021482 0.629840
4 4 0.022668 0.121157 0.095094 0.004378 0.756703
4 4 0.012412 0.096724 0.060480 0.001567 0.828816
4 4 0.005584 0.061369 0.041903 0.000428 0.890716
4 4 0.010073 0.087364 0.087845 0.003276 0.811441
4 4 0.025244 0.149866 0.147671 0.027641 0.649578
4 4 0.035918 0.180674 0.187102 0.118267 0.478039
4 4 0.049736 0.208466 0.171973 0.171081 0.398742
3 4 0.030473 0.108494 0.179840 0.515583 0.165609
3 4 0.046799 0.152691 0.185659 0.389901 0.224950
4 4 0.068164 0.205781 0.177507 0.247517 0.301030
4 4 0.076932 0.232555 0.163421 0.183596 0.343496
3 4 0.062469 0.165546 0.194429 0.347631 0.229925
3 4 0.035130 0.099424 0.182603 0.544905 0.137939
3 4 0.052160 0.164492 0.186441 0.356195 0.240712
3 4 0.037502 0.111266 0.242714 0.403230 0.205288
3 4 0.057006 0.122703 0.256066 0.363390 0.200834
3 2 0.092969 0.177329 0.220254 0.264968 0.244480
4 2 0.108959 0.246372 0.163687 0.145710 0.335271
4 2 0.090819 0.269227 0.134412 0.103966 0.401575
4 2 0.077466 0.204103 0.184051 0.247977 0.286403
3 2 0.062951 0.143953 0.202373 0.400738 0.189985
3 2 0.058314 0.127059 0.203018 0.447217 0.164392
3 2 0.068138 0.145094 0.205648 0.393631 0.187490
3 2 0.054709 0.106793 0.202922 0.502801 0.132776
3 2 0.031670 0.055643 0.172604 0.674460 0.065623
3 2 0.043254 0.075810 0.191226 0.599529 0.090182
3 2 0.049648 0.106520 0.198386 0.509193 0.136253
3 2 0.049041 0.112196 0.208949 0.475190 0.154623
3 2 0.050541 0.149520 0.223925 0.318725 0.257290
4 2 0.055016 0.159918 0.240016 0.232770 0.312280
3 2 0.055554 0.138393 0.210506 0.396479 0.199068
3 2 0.060049 0.146025 0.199569 0.397906 0.196451
3 2 0.044902 0.088298 0.194076 0.563429 0.109295
3 2 0.030046 0.054944 0.171601 0.677389 0.066020
3 2 0.019289 0.034955 0.150532 0.752490 0.042734
3 2 0.016254 0.030786 0.133907 0.782508 0.036546
3 2 0.034067 0.072112 0.179807 0.623338 0.090675
3 2 0.029052 0.068106 0.216569 0.579437 0.106836
3 2 0.022220 0.059063 0.190878 0.636001 0.091839
3 2 0.024327 0.074446 0.232065 0.528908 0.140254
3 2 0.018629 0.042290 0.145569 0.740029 0.053483
3 2 0.035957 0.108357 0.183026 0.518976 0.153684
3 2 0.049442 0.141446 0.191768 0.417765 0.199578
3 2 0.053481 0.144577 0.194581 0.406632 0.200728
3 2 0.040815 0.096320 0.189704 0.546811 0.126349
3 2 0.040466 0.084029 0.214990 0.542552 0.117963
3 2 0.018368 0.036518 0.152102 0.746455 0.046558
3 2 0.032388 0.072698 0.177630 0.624214 0.093070
3 2 0.035941 0.077990 0.183028 0.603993 0.099048
3 2 0.043545 0.124951 0.212546 0.422663 0.196295
3 2 0.026227 0.067966 0.167546 0.647570 0.090690
3 2 0.017186 0.048953 0.167286 0.692202 0.074374
3 2 0.013495 0.037173 0.131176 0.768478 0.049677
3 2 0.014339 0.050776 0.138894 0.722140 0.073850
3 2 0.013839 0.038721 0.132848 0.762543 0.052049
3 2 0.013190 0.030143 0.126218 0.792589 0.037859
3 2 0.005364 0.009493 0.079616 0.894802 0.010725
3 3 0.011489 0.021809 0.116620 0.824147 0.025935
3 3 0.010983 0.023332 0.122426 0.813450 0.029809
3 3 0.013659 0.032457 0.128917 0.783639 0.041328
3 3 0.014851 0.035222 0.133510 0.771497 0.044920
3 3 0.013674 0.032366 0.128899 0.783902 0.041160
3 3 0.018908 0.055529 0.151034 0.698026 0.076503
3 3 0.017215 0.049120 0.145316 0.721496 0.066853
3 3 0.011503 0.031751 0.122662 0.791799 0.042284
3 3 0.012334 0.032130 0.125229 0.788250 0.042057
3 3 0.013727 0.036817 0.131808 0.768795 0.048853
3 3 0.023069 0.062203 0.160897 0.670048 0.083784
3 3 0.020553 0.056058 0.154553 0.693295 0.075541
3 3 0.012866 0.031675 0.126377 0.788340 0.040742
3 3 0.013337 0.031538 0.127516 0.787540 0.040069
3 3 0.017076 0.043708 0.142886 0.738953 0.057377
3 3 0.029168 0.082821 0.173994 0.599701 0.114316
3 3 0.014735 0.033483 0.132201 0.777485 0.042096
3 3 0.014464 0.036275 0.133159 0.769014 0.047088
3 3 0.011552 0.026964 0.119568 0.807930 0.033986
3 3 0.020613 0.057001 0.154935 0.690281 0.077170
3 3 0.023752 0.049396 0.158238 0.707519 0.061095
3 3 0.025147 0.062486 0.164614 0.665633 0.082119
3 3 0.033430 0.099355 0.180304 0.547018 0.139894
3 3 0.010146 0.020963 0.110476 0.833112 0.025303
3 3 0.009038 0.019853 0.106005 0.840725 0.024379
3 3 0.011230 0.027404 0.118980 0.807362 0.035024
3 3 0.019578 0.052915 0.151650 0.704866 0.070991
3 3 0.013816 0.033425 0.129909 0.780024 0.042826
3 3 0.022467 0.062251 0.159798 0.670940 0.084543
3 3 0.019625 0.055113 0.157751 0.690570 0.076942
3 3 0.013396 0.047529 0.154119 0.708595 0.076361
3 3 0.010578 0.037313 0.133506 0.761373 0.057229
3 3 0.013149 0.046151 0.134144 0.739790 0.066766
3 3 0.008954 0.026601 0.111318 0.817066 0.036061
3 3 0.008465 0.022714 0.106674 0.832410 0.029736
3 3 0.010188 0.025592 0.114548 0.816733 0.032940
3 3 0.011427 0.026921 0.119186 0.808441 0.034026
3 3 0.014580 0.046932 0.160225 0.704064 0.074199
3 3 0.013409 0.042756 0.169230 0.702588 0.072017
3 3 0.010247 0.027551 0.116166 0.809768 0.036268
3 3 0.017696 0.042792 0.143838 0.740492 0.055182
3 3 0.022040 0.054725 0.157015 0.694595 0.071626
3 3 0.024224 0.054875 0.160969 0.690072 0.069861
3 3 0.015495 0.035281 0.135064 0.769717 0.044443
3 3 0.018903 0.040903 0.145923 0.743211 0.051061
3 3 0.029511 0.059813 0.184937 0.647059 0.078680
4 2 0.048871 0.222887 0.153696 0.172066 0.402481
4 2 0.051674 0.176805 0.202959 0.255138 0.313424
4 2 0.031376 0.160992 0.207677 0.113232 0.486723
4 2 0.055268 0.167290 0.238762 0.181453 0.357227
2 2 0.037342 0.100355 0.314142 0.310290 0.237871
3 2 0.029575 0.065361 0.311072 0.453530 0.140462
3 2 0.031552 0.079996 0.288227 0.433919 0.166306
3 2 0.012320 0.036027 0.297349 0.556679 0.097625
3 2 0.015861 0.040297 0.262140 0.593602 0.088100
3 2 0.020437 0.049655 0.254695 0.576978 0.098236
3 2 0.025198 0.055466 0.184869 0.656969 0.077498
3 2 0.013998 0.029201 0.143067 0.774893 0.038842
3 2 0.013979 0.029934 0.144245 0.771542 0.040300
3 2 0.011035 0.023400 0.196403 0.726413 0.042749
3 2 0.013084 0.027381 0.188626 0.724935 0.045974
3 2 0.023125 0.061032 0.179178 0.647593 0.089071
3 2 0.021942 0.053541 0.173476 0.675457 0.075584
3 2 0.026240 0.088068 0.249106 0.454583 0.182003
3 2 0.033887 0.097835 0.298219 0.344501 0.225558
2 2 0.023462 0.075394 0.370112 0.283705 0.247327
2 2 0.041400 0.077770 0.361964 0.340494 0.178371
4 2 0.093231 0.156728 0.223112 0.047259 0.479671
4 0 0.133865 0.165389 0.118570 0.011842 0.570334
4 0 0.167162 0.132833 0.272132 0.058973 0.368901
4 0 0.267371 0.133368 0.163758 0.020516 0.414987
0 0 0.662363 0.087143 0.096480 0.036529 0.117485
0 0 0.832802 0.050693 0.039630 0.011411 0.065463
0 0 0.824048 0.055796 0.031539 0.006658 0.081958
0 0 0.683539 0.072844 0.043588 0.003587 0.196443
4 0 0.376790 0.099569 0.034412 0.000760 0.488468
4 0 0.039295 0.088035 0.073009 0.001695 0.797966
4 0 0.032873 0.138826 0.161627 0.021162 0.645512
4 0 0.045503 0.086393 0.264575 0.021782 0.581746
4 0 0.192883 0.110070 0.280844 0.068660 0.347543
0 0 0.386665 0.110727 0.154151 0.023542 0.324915
4 0 0.297388 0.129012 0.137573 0.018843 0.417184
4 0 0.138833 0.066661 0.031200 0.000157 0.763149
4 0 0.128733 0.070218 0.116980 0.001769 0.682299
4 0 0.144383 0.060885 0.104644 0.000922 0.689166
4 0 0.061632 0.064702 0.030393 0.000161 0.843112
4 0 0.099624 0.074698 0.039828 0.000304 0.785546
4 0 0.142826 0.077190 0.135217 0.003086 0.641681
4 0 0.214303 0.052531 0.070033 0.000327 0.662806
4 0 0.147306 0.072743 0.048317 0.000330 0.731305
4 0 0.045390 0.033548 0.017712 0.000018 0.903332
4 0 0.033768 0.037820 0.032646 0.000060 0.895706
4 0 0.032535 0.057604 0.057165 0.000335 0.852361
4 0 0.042470 0.048892 0.028657 0.000080 0.879902
4 0 0.045067 0.045763 0.033356 0.000085 0.875728
4 0 0.051717 0.052395 0.041448 0.000165 0.854275
4 0 0.045527 0.052815 0.070682 0.000438 0.830538
4 0 0.045230 0.072744 0.070817 0.000761 0.810448
4 0 0.064209 0.087430 0.069191 0.001070 0.778100
4 0 0.080409 0.075388 0.041796 0.000300 0.802108
4 0 0.117096 0.067639 0.051291 0.000336 0.763638
4 0 0.131472 0.057817 0.050450 0.000215 0.760045
4 0 0.192278 0.048699 0.029231 0.000068 0.729724
4 0 0.047149 0.024985 0.012390 0.000006 0.915471
4 0 0.020858 0.010770 0.005191 0.000000 0.963180
4 0 0.010586 0.013380 0.005465 0.000001 0.970568
4 0 0.007690 0.023227 0.009036 0.000006 0.960041
4 1 0.024985 0.149984 0.062553 0.003442 0.759036
4 1 0.071048 0.266426 0.104398 0.043047 0.515081
4 1 0.077665 0.240291 0.158354 0.152643 0.371046
4 1 0.068886 0.137036 0.318536 0.123133 0.352408
4 1 0.040030 0.131333 0.259022 0.051950 0.517664
4 1 0.038542 0.101422 0.296002 0.026861 0.537174
4 1 0.043045 0.158053 0.155825 0.019195 0.623882
4 1 0.026843 0.123353 0.124035 0.007063 0.718707
4 1 0.056699 0.175839 0.212663 0.068722 0.486077
4 1 0.042307 0.127506 0.302442 0.103174 0.424570
4 1 0.043664 0.124099 0.314421 0.166237 0.351578
4 1 0.021425 0.104066 0.198996 0.017656 0.657856
4 1 0.011338 0.083862 0.095981 0.002919 0.805899
4 4 0.009627 0.090195 0.082427 0.003405 0.814346
4 4 0.012216 0.080616 0.098991 0.002442 0.805735
4 4 0.009383 0.074993 0.072947 0.001371 0.841306
4 4 0.021048 0.114457 0.118479 0.006565 0.739451
4 4 0.015843 0.108149 0.089409 0.004026 0.782574
4 4 0.018060 0.083624 0.169145 0.006046 0.723126
4 4 0.022084 0.104537 0.141599 0.006749 0.725030
4 4 0.041484 0.136363 0.225231 0.033605 0.563318
4 4 0.029205 0.155821 0.096338 0.008713 0.709924
4 4 0.029624 0.135321 0.137533 0.011669 0.685853
4 4 0.022081 0.114610 0.111634 0.005348 0.746327
4 4 0.023303 0.087618 0.229194 0.012078 0.647806
4 4 0.018260 0.093282 0.115612 0.003452 0.769394
4 4 0.019651 0.086432 0.151461 0.004567 0.737889
4 4 0.018580 0.090046 0.128123 0.003785 0.759465
4 4 0.019294 0.085272 0.156401 0.004835 0.734198
4 4 0.019889 0.091216 0.161119 0.006463 0.721313
4 4 0.014483 0.069017 0.172225 0.004221 0.740054
4 4 0.015652 0.077528 0.145028 0.003739 0.758054
4 4 0.033715 0.109364 0.242660 0.021549 0.592712
4 4 0.049012 0.126987 0.301758 0.067568 0.454675
4 4 0.067685 0.167697 0.240956 0.070976 0.452686
4 4 0.049555 0.149225 0.252081 0.069177 0.479961
4 4 0.040366 0.147525 0.159531 0.016541 0.636037
4 4 0.043772 0.118456 0.278829 0.036307 0.522634
4 4 0.039985 0.098829 0.375477 0.085685 0.400024
4 4 0.028579 0.107124 0.246113 0.026256 0.591927
4 4 0.021955 0.069979 0.325949 0.018135 0.563982
4 4 0.012926 0.077792 0.123377 0.003322 0.782582
4 4 0.004213 0.053702 0.034926 0.000274 0.906885
4 4 0.002738 0.048702 0.020043 0.000117 0.928400
4 4 0.004399 0.053808 0.034832 0.000292 0.906669
4 4 0.007855 0.054927 0.024236 0.000136 0.912846
4 0 0.020361 0.076911 0.051568 0.000610 0.850550
4 0 0.029515 0.092513 0.074893 0.001680 0.801399
4 0 0.018739 0.071137 0.067888 0.000977 0.841259
4 0 0.013071 0.090346 0.119930 0.005580 0.771073
4 0 0.012315 0.083824 0.102823 0.003425 0.797614
4 0 0.019637 0.045390 0.098346 0.000819 0.835808
4 0 0.038675 0.043619 0.066111 0.000286 0.851310
4 0 0.027157 0.023858 0.017538 0.000012 0.931434
4 0 0.044691 0.025218 0.015879 0.000009 0.914204
4 1 0.036867 0.053994 0.022441 0.000072 0.886627
4 1 0.022409 0.067702 0.031258 0.000215 0.878415
4 1 0.021062 0.127722 0.070098 0.002975 0.778142
4 1 0.048697 0.183249 0.125113 0.017149 0.625792
4 1 0.010956 0.091080 0.052600 0.001110 0.844254
4 0 0.002944 0.041055 0.035148 0.000180 0.920672
4 0 0.002248 0.022520 0.022525 0.000031 0.952676
4 0 0.017966 0.030747 0.044457 0.000076 0.906754
4 0 0.074030 0.055465 0.044789 0.000176 0.825541
4 1 0.083076 0.096381 0.063631 0.000965 0.755947
4 1 0.088231 0.213945 0.057329 0.005532 0.634963
4 1 0.046342 0.150420 0.201443 0.030940 0.570855
4 1 0.049405 0.145469 0.249609 0.055785 0.499733
4 1 0.045475 0.105895 0.356563 0.069637 0.422430
2 2 0.033327 0.066675 0.488116 0.106133 0.305750
2 2 0.038088 0.077191 0.454600 0.103095 0.327026
4 2 0.038302 0.088596 0.376947 0.045243 0.450912
2 2 0.061207 0.114985 0.366269 0.123458 0.334082
2 2 0.051279 0.083880 0.423387 0.211208 0.230246
2 2 0.040430 0.064146 0.513650 0.114131 0.267642
2 2 0.029563 0.057873 0.514763 0.073256 0.324545
2 2 0.027483 0.051283 0.546915 0.112807 0.261512
2 2 0.028541 0.058870 0.510497 0.121345 0.280747
2 2 0.037705 0.073675 0.468208 0.104932 0.315479
2 2 0.032709 0.069770 0.472298 0.098937 0.326286
2 2 0.039567 0.076265 0.437291 0.204580 0.242297
2 2 0.047365 0.103374 0.354052 0.233093 0.262116
2 2 0.071005 0.132642 0.327272 0.155786 0.313295
2 2 0.064717 0.109029 0.352044 0.238273 0.235938
2 2 0.046893 0.083024 0.399090 0.257873 0.213120
2 2 0.039193 0.092067 0.402492 0.122738 0.343510
2 2 0.033578 0.079846 0.433416 0.108724 0.344437
4 2 0.029501 0.091809 0.359562 0.067061 0.452067
2 2 0.025860 0.075377 0.426025 0.102324 0.370413
2 2 0.023923 0.073536 0.427765 0.119312 0.355464
2 2 0.030032 0.078847 0.419533 0.173759 0.297828
2 2 0.028766 0.075859 0.423072 0.187573 0.284729
2 2 0.025339 0.059208 0.449887 0.252615 0.212950
2 2 0.023073 0.047608 0.488691 0.259712 0.180916
2 2 0.020362 0.035406 0.449679 0.382289 0.112264
2 2 0.018473 0.039513 0.537386 0.221425 0.183203
2 2 0.057622 0.136945 0.280821 0.248033 0.276580
3 2 0.051104 0.125494 0.270730 0.314832 0.237840
3 2 0.044776 0.099592 0.263289 0.420651 0.171691
3 2 0.025015 0.062955 0.361419 0.378191 0.172419
3 2 0.019188 0.035119 0.263467 0.614686 0.067541
3 2 0.036263 0.073630 0.224084 0.557313 0.108710
3 2 0.048609 0.083643 0.197482 0.571001 0.099265
3 2 0.053342 0.102564 0.202024 0.515317 0.126753
3 2 0.062661 0.146948 0.201254 0.393540 0.195597
3 2 0.051398 0.132893 0.200212 0.430110 0.185386
3 2 0.034312 0.073552 0.212238 0.573371 0.106528
2 2 0.027293 0.052859 0.464735 0.277495 0.177619
2 2 0.029066 0.043624 0.555055 0.160840 0.211415
2 2 0.099098 0.079704 0.393374 0.043385 0.384438
4 2 0.035973 0.097283 0.093780 0.002651 0.770313
4 2 0.045800 0.127121 0.086402 0.003715 0.736962
4 2 0.009639 0.083103 0.117471 0.005700 0.784088
4 2 0.014123 0.099223 0.121017 0.006962 0.758675
4 2 0.012656 0.083331 0.124033 0.004469 0.775511
4 2 0.017176 0.084796 0.178458 0.007896 0.711673
4 2 0.022012 0.097826 0.192239 0.011958 0.675966
4 2 0.027132 0.098981 0.306009 0.047756 0.520123
4 2 0.028672 0.090409 0.359283 0.063947 0.457688
4 2 0.023210 0.113806 0.222469 0.033083 0.607433
4 2 0.023697 0.105367 0.270947 0.047570 0.552419
4 2 0.028736 0.107551 0.296055 0.057658 0.510001
4 2 0.028292 0.123846 0.224619 0.037384 0.585858
4 2 0.025114 0.093939 0.310528 0.044646 0.525773
4 2 0.018705 0.075529 0.326934 0.032396 0.546436
4 2 0.015432 0.079070 0.277746 0.027803 0.599949
3 2 0.037196 0.092395 0.296743 0.379801 0.193866
3 2 0.026886 0.073878 0.341500 0.361516 0.196220
4 2 0.020088 0.095355 0.326306 0.117290 0.440961
4 2 0.014242 0.077758 0.355422 0.122589 0.429989
4 2 0.013824 0.085833 0.279963 0.050298 0.570081
4 2 0.016386 0.092958 0.253233 0.036557 0.600866
4 2 0.021687 0.096867 0.311283 0.071120 0.499042
4 2 0.027824 0.095736 0.359139 0.131662 0.385638
4 2 0.028963 0.097622 0.355534 0.114515 0.403365
2 2 0.024652 0.060378 0.391747 0.342398 0.180825
3 2 0.022750 0.048389 0.341301 0.469174 0.118385
3 2 0.015152 0.023117 0.198559 0.726955 0.036217
2 2 0.017514 0.056902 0.461775 0.187532 0.276278
2 2 0.044352 0.066501 0.454083 0.087590 0.347474
2 2 0.184745 0.064752 0.384639 0.058620 0.307244
0 0 0.360819 0.049953 0.220613 0.009223 0.359391
4 0 0.167816 0.054344 0.015275 0.000035 0.762531
4 0 0.074779 0.091767 0.007907 0.000043 0.825504
4 1 0.010218 0.073776 0.015133 0.000118 0.900754
4 1 0.020682 0.141179 0.078211 0.005768 0.754161
4 1 0.029289 0.155422 0.139943 0.022442 0.652905
4 1 0.024907 0.117618 0.193249 0.021691 0.642535
4 1 0.030490 0.100618 0.287572 0.032513 0.548806
4 2 0.032507 0.089871 0.376909 0.067006 0.433707
4 2 0.045713 0.121347 0.321535 0.089927 0.421478
4 2 0.051226 0.135084 0.295016 0.086123 0.432551
4 2 0.046976 0.130469 0.304517 0.105657 0.412382
4 2 0.047075 0.128033 0.312588 0.119385 0.392919
2 2 0.038257 0.091651 0.368544 0.246355 0.255192
2 2 0.035344 0.098530 0.315758 0.310225 0.240144
4 2 0.010971 0.068756 0.153480 0.004560 0.762233
4 2 0.005112 0.048883 0.097049 0.001320 0.847637
4 2 0.003125 0.040664 0.051889 0.000401 0.903922
4 2 0.008616 0.090761 0.068488 0.002704 0.829431
4 2 0.023543 0.149859 0.100599 0.011080 0.714918
4 2 0.046598 0.168668 0.224476 0.107441 0.452818
4 2 0.042913 0.139087 0.277628 0.111255 0.429117
4 2 0.040685 0.133671 0.287727 0.131031 0.406886
2 2 0.034973 0.083962 0.368488 0.283314 0.229263
2 2 0.034582 0.080186 0.425985 0.172519 0.286727
2 2 0.025204 0.057256 0.470688 0.227179 0.219674
2 2 0.030534 0.066337 0.428737 0.262749 0.211642
2 2 0.027160 0.059094 0.395673 0.350323 0.167750
2 2 0.033732 0.072089 0.424564 0.242909 0.226706
3 2 0.029403 0.057273 0.373698 0.396469 0.143156
2 2 0.036586 0.090253 0.355181 0.278556 0.239424
3 2 0.025719 0.055065 0.311737 0.487198 0.120282
3 2 0.020451 0.041032 0.387833 0.435552 0.115132
2 2 0.029641 0.072833 0.445493 0.157884 0.294150
4 1 0.011116 0.043887 0.409328 0.020120 0.515548
4 2 0.025759 0.049733 0.293377 0.006577 0.624555
4 1 0.027958 0.088565 0.042755 0.000607 0.840115
4 1 0.024335 0.098148 0.029531 0.000489 0.847497
4 1 0.015760 0.109798 0.154789 0.016699 0.702954
4 2 0.017570 0.104631 0.224273 0.035993 0.617533
4 2 0.021628 0.132619 0.163418 0.027150 0.655184
4 2 0.035344 0.192215 0.127052 0.035193 0.610195
4 2 0.050345 0.218788 0.153812 0.090225 0.486830
4 2 0.060230 0.214147 0.168856 0.085282 0.471485
4 2 0.044085 0.148424 0.261254 0.161113 0.385124
4 2 0.030306 0.133437 0.259105 0.107891 0.469261
4 2 0.031014 0.125578 0.279730 0.192099 0.371579
3 2 0.036079 0.114765 0.270408 0.327576 0.251172
3 2 0.027335 0.070025 0.245653 0.529043 0.127944
3 2 0.024677 0.049689 0.208588 0.641753 0.075293
3 2 0.032891 0.070012 0.217852 0.574826 0.104419
3 2 0.034067 0.067250 0.201733 0.605740 0.091209
3 2 0.029308 0.080378 0.286588 0.430365 0.173361
3 2 0.030600 0.079947 0.281481 0.443118 0.164855
3 2 0.029085 0.097023 0.276009 0.375978 0.221905
3 2 0.026925 0.053511 0.174552 0.676586 0.068426
3 2 0.031438 0.071049 0.238015 0.541697 0.117801
3 2 0.034133 0.054653 0.255151 0.570571 0.085492
3 2 0.037229 0.073319 0.288235 0.466489 0.134729
4 2 0.058200 0.152504 0.273146 0.153412 0.362739
4 2 0.067404 0.171391 0.238391 0.203492 0.319323
4 2 0.058177 0.163535 0.252539 0.142114 0.383634
4 2 0.053434 0.148147 0.276335 0.119411 0.402674
4 2 0.051014 0.132980 0.291811 0.220406 0.303790
3 2 0.038035 0.113576 0.280726 0.316922 0.250740
3 2 0.038748 0.131848 0.251951 0.295498 0.281956
3 2 0.041953 0.117635 0.197113 0.473126 0.170174
3 2 0.028654 0.070589 0.300903 0.446251 0.153603
2 2 0.032528 0.070900 0.370690 0.342857 0.183025
2 2 0.032686 0.084838 0.390386 0.218770 0.273320
4 2 0.059400 0.176332 0.225168 0.196541 0.342559
4 2 0.045790 0.165040 0.203426 0.292593 0.293151
3 2 0.048938 0.161136 0.206118 0.311787 0.272022
3 2 0.051864 0.133915 0.217373 0.393788 0.203060
3 2 0.041723 0.094638 0.190755 0.550294 0.122590
3 2 0.044764 0.099992 0.271403 0.405452 0.178391
3 2 0.047577 0.104177 0.251593 0.427308 0.169346
3 2 0.033878 0.062275 0.288423 0.501723 0.113701
3 2 0.028576 0.061097 0.358541 0.399900 0.151886
3 2 0.036221 0.075284 0.325275 0.402134 0.161085
4 2 0.030903 0.084368 0.400502 0.080209 0.404017
2 2 0.101188 0.116288 0.319303 0.231104 0.232117
0 0 0.380114 0.117068 0.201076 0.135710 0.166032
0 0 0.575006 0.070777 0.167421 0.065756 0.121040
0 0 0.396819 0.081807 0.132489 0.004612 0.384273
4 1 0.086305 0.074226 0.033057 0.000203 0.806209
4 1 0.012916 0.044256 0.012670 0.000029 0.930129
4 1 0.005883 0.068992 0.034441 0.000404 0.890280
4 1 0.007543 0.077938 0.046964 0.000836 0.866718
4 1 0.014388 0.111538 0.091053 0.005402 0.777619
4 2 0.020788 0.135190 0.133361 0.017639 0.693021
4 2 0.018826 0.108483 0.137597 0.009044 0.726051
4 2 0.033618 0.161929 0.162277 0.034535 0.607640
4 2 0.023337 0.145740 0.106967 0.011623 0.712332
4 2 0.023781 0.136995 0.124501 0.012856 0.701867
4 2 0.021623 0.138663 0.111979 0.011812 0.715924
4 2 0.026551 0.122401 0.197078 0.024971 0.628999
4 2 0.022078 0.102883 0.211233 0.019373 0.644434
4 2 0.029051 0.110755 0.200191 0.015080 0.644922
4 2 0.028761 0.117860 0.198749 0.019398 0.635233
4 2 0.027082 0.129895 0.140930 0.011906 0.690187
4 2 0.015288 0.095830 0.164796 0.012026 0.712060
4 2 0.013644 0.083898 0.151430 0.006786 0.744242
4 2 0.008785 0.079204 0.090851 0.002989 0.818171
4 2 0.006132 0.069382 0.051454 0.000892 0.872140
4 2 0.092857 0.126664 0.039385 0.000852 0.740241
0 0 0.459820 0.182107 0.035440 0.001486 0.321147
4 0 0.373773 0.087145 0.008920 0.000062 0.530100
4 0 0.358594 0.061196 0.039873 0.000238 0.540100
4 0 0.150224 0.032104 0.034897 0.000037 0.782737
4 0 0.091862 0.026081 0.009057 0.000004 0.872996
4 0 0.025348 0.016053 0.005479 0.000001 0.953119
4 0 0.036635 0.021110 0.013959 0.000005 0.928291
4 0 0.011335 0.011771 0.004743 0.000001 0.972151
4 0 0.012714 0.015753 0.011009 0.000003 0.960521
4 0 0.004632 0.025958 0.017578 0.000022 0.951809
4 1 0.008569 0.065940 0.074667 0.001031 0.849793
4 1 0.022504 0.077031 0.228958 0.007677 0.663830
4 1 0.037059 0.094466 0.314573 0.026538 0.527363
4 1 0.041406 0.102300 0.315627 0.033229 0.507437
4 1 0.064350 0.129656 0.324716 0.081881 0.399396
4 1 0.049886 0.141146 0.257187 0.052959 0.498822
4 1 0.041854 0.141108 0.185927 0.020419 0.610692
4 1 0.033224 0.146594 0.165825 0.023590 0.630767
4 1 0.023840 0.109006 0.156939 0.009352 0.700863
4 1 0.022441 0.109290 0.140466 0.007686 0.720117
4 1 0.029617 0.156913 0.104070 0.010613 0.698786
4 1 0.025326 0.167523 0.063505 0.005449 0.738196
4 1 0.040018 0.201764 0.090030 0.014674 0.653513
4 4 0.017732 0.120517 0.127032 0.012177 0.722543
4 4 0.019492 0.108828 0.196589 0.023572 0.651519
4 4 0.008186 0.075588 0.070438 0.001783 0.844005
4 4 0.005510 0.044047 0.027785 0.000119 0.922539
4 4 0.007678 0.070285 0.065769 0.001148 0.855120
4 4 0.004952 0.038993 0.021145 0.000065 0.934845
4 4 0.017541 0.110691 0.148794 0.013280 0.709694
4 4 0.010859 0.067059 0.109689 0.002517 0.809875
4 4 0.002721 0.039401 0.079012 0.000959 0.877906
4 4 0.002494 0.038078 0.059815 0.000529 0.899084
4 4 0.001788 0.036744 0.042736 0.000372 0.918360
4 4 0.001613 0.035783 0.025839 0.000141 0.936624
4 4 0.003105 0.050467 0.030028 0.000249 0.916151
4 4 0.005871 0.064555 0.070286 0.001426 0.857862
4 4 0.002874 0.034941 0.040703 0.000178 0.921303
4 4 0.002861 0.023994 0.021435 0.000034 0.951676
4 4 0.005040 0.014842 0.012977 0.000005 0.967137
4 4 0.003933 0.017635 0.011059 0.000006 0.967368
4 4 0.005002 0.023391 0.016503 0.000016 0.955088
4 4 0.003869 0.024478 0.027888 0.000041 0.943724
4 4 0.005885 0.040855 0.040850 0.000174 0.912235
4 4 0.005872 0.061263 0.046052 0.000482 0.886330
4 4 0.017304 0.080637 0.154320 0.004406 0.743332
4 4 0.019095 0.100485 0.138404 0.006688 0.735327
4 4 0.024967 0.107759 0.194608 0.015314 0.657352
4 4 0.025280 0.122605 0.146657 0.011510 0.693948
4 4 0.029108 0.142796 0.141458 0.016134 0.670504
4 4 0.023469 0.140778 0.136425 0.018688 0.680640
4 4 0.023480 0.136187 0.139805 0.017335 0.683193
4 4 0.008753 0.081674 0.066036 0.001659 0.841878
4 4 0.007518 0.067967 0.086717 0.001923 0.835875
4 4 0.005112 0.055866 0.049348 0.000489 0.889186
4 4 0.002811 0.042885 0.028968 0.000151 0.925184
4 4 0.004063 0.049835 0.049156 0.000449 0.896498
4 4 0.004520 0.061680 0.041155 0.000566 0.892078
4 4 0.004391 0.061562 0.039633 0.000542 0.893872
4 4 0.018102 0.105621 0.135026 0.008205 0.733045
4 4 0.016794 0.112976 0.087467 0.004170 0.778593
4 4 0.011999 0.094745 0.091523 0.003803 0.797930
4 4 0.005895 0.070418 0.058681 0.001314 0.863692
4 4 0.003055 0.048745 0.043025 0.000471 0.904704
4 4 0.003037 0.032218 0.039115 0.000134 0.925496
4 4 0.005047 0.048035 0.063280 0.000494 0.883144
4 4 0.005003 0.051740 0.052137 0.000431 0.890689
4 4 0.015509 0.086832 0.111976 0.003070 0.782613
4 4 0.014929 0.100560 0.084641 0.002934 0.796936
4 4 0.017223 0.093598 0.104821 0.003006 0.781352
4 4 0.026798 0.095886 0.187866 0.007890 0.681559
4 4 0.027992 0.090857 0.232439 0.011298 0.637414
4 4 0.013739 0.063112 0.096444 0.001203 0.825502
4 4 0.023019 0.053612 0.047775 0.000244 0.875350
4 0 0.011738 0.033827 0.023266 0.000041 0.931128
4 0 0.011847 0.066236 0.058926 0.000648 0.862343
4 0 0.003145 0.045928 0.031798 0.000198 0.918931
4 1 0.002037 0.033935 0.028500 0.000103 0.935425
4 1 0.001209 0.020158 0.013524 0.000015 0.965093
4 1 0.002077 0.036292 0.026331 0.000107 0.935193
4 1 0.005151 0.062518 0.036521 0.000386 0.895423
4 1 0.005175 0.062438 0.037850 0.000411 0.894126
4 1 0.007574 0.061741 0.095933 0.001692 0.833060
4 1 0.003441 0.044357 0.042028 0.000273 0.909901
4 1 0.005738 0.064538 0.044713 0.000564 0.884448
4 1 0.011116 0.097010 0.053722 0.001435 0.836717
4 1 0.044589 0.123684 0.220565 0.018136 0.593025
4 1 0.036060 0.083220 0.151320 0.003512 0.725888
4 1 0.065874 0.115723 0.287037 0.011594 0.519772
4 1 0.033840 0.114789 0.261297 0.035070 0.555004
4 1 0.025062 0.072855 0.382621 0.036403 0.483059
2 2 0.024676 0.065310 0.453069 0.064767 0.392178
4 2 0.021490 0.061507 0.427435 0.038772 0.450796
2 2 0.026110 0.067428 0.443573 0.058478 0.404411
2 2 0.025857 0.068410 0.446022 0.069810 0.389901
