2 1 0.084772 0.313076 0.407835 0.009496 0.184822
2 1 0.081759 0.326167 0.358940 0.005796 0.227338
2 1 0.044209 0.291433 0.473736 0.004262 0.186360
2 1 0.010625 0.154605 0.633039 0.007583 0.194149
2 1 0.009139 0.137837 0.586511 0.009449 0.257064
2 1 0.006755 0.115321 0.653315 0.012953 0.211656
2 1 0.009282 0.132382 0.630643 0.012829 0.214864
2 1 0.025104 0.179716 0.521758 0.020714 0.252708
2 1 0.075293 0.234630 0.453845 0.028775 0.207456
0 1 0.315209 0.198945 0.290185 0.059608 0.136053
0 1 0.631981 0.139983 0.098160 0.022299 0.107577
0 1 0.737633 0.118293 0.068381 0.008085 0.067608
0 1 0.770585 0.097065 0.037328 0.006150 0.088873
0 1 0.886465 0.045591 0.012326 0.002489 0.053129
0 1 0.875257 0.043440 0.010152 0.002835 0.068317
0 1 0.717920 0.099813 0.023493 0.004786 0.153988
0 1 0.323677 0.312096 0.152083 0.008423 0.203721
1 1 0.227905 0.329867 0.191998 0.007392 0.242839
0 1 0.325326 0.281824 0.248649 0.015265 0.128935
2 0 0.277432 0.214102 0.330411 0.050230 0.127825
2 0 0.161211 0.217700 0.499768 0.058038 0.063282
2 1 0.061329 0.180133 0.649591 0.067967 0.040981
2 1 0.026867 0.099651 0.650493 0.193017 0.029973
3 1 0.004234 0.027126 0.465921 0.480035 0.022685
3 1 0.004136 0.010455 0.217642 0.761343 0.006425
3 1 0.001937 0.008855 0.316326 0.669877 0.003006
3 1 0.002532 0.009507 0.291805 0.692464 0.003693
3 1 0.001559 0.013853 0.489285 0.490877 0.004427
3 2 0.002465 0.015861 0.437381 0.536273 0.008020
3 2 0.005217 0.021875 0.435123 0.527781 0.010003
2 2 0.007765 0.024598 0.511945 0.449304 0.006387
2 2 0.006131 0.029755 0.653004 0.305637 0.005473
2 2 0.011351 0.043286 0.590115 0.343175 0.012073
3 2 0.008736 0.023680 0.377680 0.579689 0.010214
3 2 0.005384 0.009053 0.192281 0.787884 0.005397
3 2 0.004242 0.007127 0.185695 0.799134 0.003803
3 2 0.003174 0.004080 0.151774 0.839091 0.001881
3 2 0.005827 0.005490 0.152708 0.833106 0.002869
3 2 0.002231 0.002174 0.079061 0.914998 0.001536
3 2 0.002386 0.002129 0.067426 0.926247 0.001812
3 2 0.002307 0.002038 0.062720 0.931080 0.001855
3 2 0.001559 0.001159 0.045682 0.950539 0.001061
3 2 0.003308 0.001493 0.044180 0.949492 0.001526
3 2 0.003132 0.001416 0.043118 0.950891 0.001443
3 3 0.003931 0.001370 0.039188 0.954043 0.001467
3 3 0.002837 0.001102 0.036554 0.958365 0.001143
3 3 0.002314 0.000758 0.029051 0.967079 0.000798
3 3 0.001236 0.000427 0.022465 0.975439 0.000433
3 3 0.001911 0.000568 0.024569 0.972351 0.000601
3 3 0.002245 0.000554 0.022936 0.973657 0.000608
3 3 0.001221 0.000543 0.027255 0.970449 0.000530
3 3 0.001667 0.000849 0.035135 0.961523 0.000825
3 3 0.001355 0.000585 0.027971 0.969512 0.000576
3 3 0.001351 0.000600 0.028543 0.968918 0.000588
3 3 0.002121 0.000526 0.022396 0.974382 0.000575
3 3 0.002600 0.000585 0.022861 0.973300 0.000655
3 3 0.002321 0.000530 0.021907 0.974654 0.000589
3 3 0.003133 0.000647 0.023343 0.972138 0.000740
3 3 0.003705 0.000805 0.026327 0.968241 0.000922
3 3 0.003957 0.000980 0.030102 0.963856 0.001104
3 3 0.001904 0.000389 0.018238 0.979035 0.000435
3 3 0.002807 0.000435 0.017688 0.978552 0.000517
3 3 0.006346 0.000794 0.022027 0.969821 0.001013
3 3 0.013004 0.001433 0.027983 0.955650 0.001930
3 3 0.009988 0.001233 0.027014 0.960155 0.001611
3 3 0.029282 0.002443 0.033510 0.931196 0.003569
3 3 0.023243 0.001960 0.030215 0.941756 0.002826
3 3 0.007523 0.000687 0.018636 0.972228 0.000926
3 3 0.006499 0.000863 0.023357 0.968188 0.001093
3 3 0.005753 0.000762 0.021994 0.970532 0.000959
3 3 0.004910 0.000647 0.020312 0.973322 0.000809
3 3 0.004455 0.000532 0.017939 0.976403 0.000671
3 3 0.001246 0.000278 0.015978 0.982197 0.000301
3 3 0.001141 0.000301 0.017467 0.980776 0.000316
3 3 0.001711 0.000382 0.018609 0.978878 0.000420
3 3 0.001709 0.000495 0.022833 0.974439 0.000523
3 3 0.002931 0.000600 0.022465 0.973320 0.000685
3 3 0.002847 0.000573 0.021861 0.974064 0.000655
3 3 0.001959 0.000324 0.015676 0.981666 0.000375
3 3 0.001839 0.000380 0.018109 0.979248 0.000423
3 3 0.002698 0.000483 0.019437 0.976821 0.000560
3 3 0.003508 0.000390 0.015120 0.980490 0.000492
3 3 0.002816 0.000321 0.013902 0.982561 0.000399
3 3 0.002589 0.000335 0.014732 0.981938 0.000407
3 3 0.003327 0.000517 0.019226 0.976310 0.000619
3 3 0.003129 0.000480 0.018462 0.977355 0.000574
3 3 0.004466 0.000529 0.017862 0.976474 0.000669
3 3 0.003089 0.000292 0.012524 0.983719 0.000375
3 3 0.003125 0.000339 0.014050 0.982059 0.000427
3 3 0.003450 0.000484 0.018022 0.977455 0.000589
3 3 0.001120 0.000153 0.010285 0.988265 0.000177
3 3 0.001269 0.000145 0.009490 0.988923 0.000173
3 3 0.002105 0.000277 0.013535 0.983750 0.000332
3 3 0.002749 0.000359 0.015303 0.981152 0.000437
3 3 0.002613 0.000331 0.014570 0.982082 0.000404
3 3 0.002904 0.000348 0.014666 0.981652 0.000430
3 3 0.002895 0.000368 0.015332 0.980955 0.000450
3 3 0.002857 0.000286 0.012628 0.983865 0.000363
3 3 0.001980 0.000230 0.011918 0.985592 0.000281
3 3 0.001755 0.000237 0.012658 0.985069 0.000281
3 3 0.001418 0.000160 0.009927 0.988302 0.000193
3 3 0.001248 0.000161 0.010381 0.988020 0.000189
3 3 0.001747 0.000167 0.009613 0.988265 0.000208
3 3 0.002695 0.000232 0.010885 0.985887 0.000300
3 3 0.002354 0.000190 0.009713 0.987496 0.000247
3 3 0.002325 0.000237 0.011577 0.985565 0.000296
3 3 0.002082 0.000189 0.010013 0.987477 0.000239
3 3 0.000819 0.000095 0.007778 0.991197 0.000111
3 3 0.001265 0.000141 0.009298 0.989126 0.000169
3 3 0.000822 0.000100 0.008104 0.990857 0.000116
3 3 0.000892 0.000115 0.008821 0.990038 0.000133
3 3 0.001349 0.000179 0.010987 0.987276 0.000210
3 3 0.000868 0.000149 0.010908 0.987910 0.000165
3 3 0.001752 0.000253 0.013330 0.984368 0.000297
3 3 0.001591 0.000246 0.013439 0.984439 0.000284
3 3 0.003556 0.000313 0.012655 0.983067 0.000409
3 3 0.004154 0.000502 0.017520 0.977193 0.000630
3 3 0.004399 0.000442 0.015565 0.979022 0.000572
3 3 0.003785 0.000317 0.012546 0.982933 0.000419
3 3 0.003193 0.000304 0.012792 0.983320 0.000390
3 3 0.002770 0.000258 0.011749 0.984893 0.000330
3 3 0.003128 0.000288 0.012339 0.983873 0.000372
3 3 0.002676 0.000214 0.010219 0.986612 0.000279
3 3 0.002748 0.000299 0.013234 0.983344 0.000374
3 3 0.004237 0.000463 0.016321 0.978389 0.000590
3 3 0.003896 0.000407 0.015156 0.980020 0.000521
3 3 0.004897 0.000455 0.015394 0.978656 0.000599
3 3 0.005496 0.000406 0.013567 0.979975 0.000556
3 3 0.005043 0.000497 0.016353 0.977458 0.000649
3 3 0.005346 0.000372 0.012764 0.981006 0.000513
3 3 0.012830 0.000481 0.011891 0.974037 0.000760
3 3 0.011278 0.000402 0.010738 0.976947 0.000635
3 3 0.053732 0.001421 0.017968 0.924342 0.002537
3 3 0.131128 0.003282 0.025723 0.833673 0.006194
3 3 0.031494 0.002386 0.031848 0.930724 0.003548
3 3 0.070535 0.006065 0.051909 0.862350 0.009141
3 3 0.062966 0.006973 0.060468 0.859737 0.009855
3 3 0.056774 0.008211 0.068326 0.855233 0.011456
3 3 0.206830 0.021094 0.087133 0.651527 0.033416
0 3 0.551284 0.046320 0.075008 0.244413 0.082975
0 3 0.557782 0.081518 0.087198 0.135053 0.138449
0 3 0.659265 0.127736 0.089311 0.022198 0.101489
0 2 0.530259 0.206386 0.164414 0.013358 0.085583
0 2 0.427631 0.316454 0.151307 0.003432 0.101176
0 0 0.647938 0.211775 0.062522 0.001180 0.076585
0 0 0.630123 0.219653 0.082190 0.001536 0.066499
0 2 0.523663 0.272191 0.113270 0.002439 0.088437
0 2 0.410233 0.311616 0.167601 0.004848 0.105701
1 2 0.241540 0.368759 0.281375 0.007327 0.100999
2 2 0.125631 0.356460 0.359454 0.007670 0.150784
2 2 0.057238 0.255316 0.351738 0.010515 0.325193
4 2 0.050499 0.217124 0.348089 0.018750 0.365538
2 2 0.060306 0.240566 0.370745 0.018072 0.310310
2 2 0.067959 0.269568 0.425320 0.015303 0.221849
2 2 0.150467 0.325992 0.329501 0.011958 0.182082
0 2 0.410498 0.223515 0.096548 0.009553 0.259886
0 2 0.637260 0.145969 0.072539 0.013523 0.130709
0 2 0.757373 0.080240 0.030299 0.011705 0.120382
0 2 0.595472 0.166063 0.086665 0.014278 0.137523
0 2 0.688532 0.135499 0.061791 0.008538 0.105641
0 2 0.777161 0.105564 0.047720 0.004843 0.064713
0 2 0.809284 0.077223 0.030389 0.006396 0.076707
0 2 0.801697 0.085130 0.046083 0.007829 0.059261
0 2 0.778027 0.100793 0.074002 0.006940 0.040238
0 2 0.757087 0.103249 0.053993 0.009087 0.076584
0 2 0.734741 0.118124 0.064574 0.008323 0.074239
0 2 0.584610 0.185212 0.095458 0.010488 0.124233
4 2 0.303812 0.165906 0.061990 0.008458 0.459835
4 2 0.147324 0.160877 0.052733 0.002966 0.636100
4 2 0.076963 0.157714 0.063153 0.002528 0.699642
4 2 0.026385 0.183749 0.341034 0.009730 0.439102
4 4 0.018994 0.122513 0.194536 0.009529 0.654428
4 4 0.017529 0.110610 0.156781 0.007595 0.707484
4 4 0.024067 0.122427 0.129959 0.005868 0.717679
4 4 0.021792 0.119580 0.149460 0.007563 0.701605
4 4 0.026009 0.129909 0.155429 0.008353 0.680300
4 4 0.026853 0.143313 0.164260 0.006261 0.659314
4 4 0.026555 0.127385 0.133702 0.006529 0.705828
4 4 0.029102 0.133373 0.152322 0.009047 0.676155
4 4 0.029569 0.164635 0.241827 0.010204 0.553765
4 4 0.021135 0.106530 0.114152 0.004459 0.753724
4 4 0.029466 0.105223 0.135130 0.008354 0.721828
4 4 0.037683 0.099584 0.106921 0.006289 0.749523
4 4 0.044378 0.107972 0.093136 0.004967 0.749547
4 4 0.025791 0.115043 0.118028 0.005243 0.735896
4 4 0.029769 0.110601 0.110077 0.005168 0.744384
4 4 0.028189 0.108030 0.123889 0.006538 0.733354
4 4 0.042524 0.095641 0.104377 0.006757 0.750702
4 4 0.058755 0.093555 0.088458 0.006181 0.753050
4 4 0.056226 0.084218 0.090006 0.006738 0.762812
4 4 0.039033 0.093584 0.104863 0.006503 0.756017
4 4 0.024963 0.101391 0.164459 0.011779 0.697408
4 4 0.033716 0.114653 0.176239 0.015793 0.659599
4 4 0.015826 0.108847 0.255925 0.022434 0.596968
4 4 0.015911 0.105016 0.257750 0.023561 0.597761
4 4 0.032290 0.137174 0.276449 0.037229 0.516858
4 4 0.069239 0.204659 0.249867 0.025346 0.450889
2 4 0.051292 0.195512 0.422050 0.046855 0.284291
4 4 0.117615 0.239373 0.251554 0.035427 0.356030
2 4 0.028211 0.174021 0.509809 0.030822 0.257137
4 4 0.049397 0.156718 0.165321 0.014661 0.613902
4 2 0.098544 0.166282 0.115026 0.010956 0.609192
0 2 0.455571 0.128626 0.056974 0.016077 0.342751
0 2 0.665466 0.097318 0.045300 0.025745 0.166171
0 2 0.607916 0.157011 0.088745 0.016516 0.129812
0 2 0.580293 0.200022 0.125285 0.008236 0.086165
0 2 0.771039 0.116084 0.067135 0.003759 0.041982
0 2 0.871801 0.055510 0.024610 0.004560 0.043520
0 2 0.930611 0.024542 0.009679 0.004356 0.030812
0 2 0.884874 0.029375 0.015549 0.017445 0.052758
0 2 0.781328 0.093443 0.043779 0.007412 0.074037
0 2 0.705260 0.146349 0.071755 0.004928 0.071707
0 2 0.827372 0.074440 0.013517 0.001304 0.083366
0 2 0.736581 0.112740 0.021867 0.001990 0.126821
0 0 0.472111 0.204893 0.039448 0.001956 0.281592
0 0 0.564298 0.130005 0.023034 0.002608 0.280055
0 2 0.489171 0.262706 0.065803 0.002441 0.179878
0 2 0.506528 0.233814 0.101290 0.007492 0.150876
0 2 0.533084 0.224250 0.147880 0.008177 0.086609
0 2 0.824037 0.086786 0.044685 0.003697 0.040796
0 2 0.646409 0.177552 0.113659 0.005058 0.057322
0 2 0.724597 0.147641 0.054297 0.002505 0.070960
0 2 0.586430 0.210456 0.074932 0.003981 0.124201
1 2 0.158311 0.373730 0.313157 0.007080 0.147722
2 2 0.031353 0.208500 0.603369 0.015943 0.140836
2 2 0.010004 0.112253 0.715098 0.034836 0.127810
2 2 0.004804 0.068218 0.744689 0.083245 0.099044
2 2 0.003627 0.057252 0.762878 0.097591 0.078652
2 2 0.003219 0.052383 0.753289 0.113309 0.077800
2 2 0.002534 0.044959 0.771998 0.123099 0.057410
2 2 0.001124 0.024635 0.731354 0.215245 0.027642
2 2 0.000715 0.018091 0.727280 0.238345 0.015569
2 2 0.000782 0.020378 0.760016 0.200260 0.018564
2 2 0.000829 0.023315 0.820785 0.136400 0.018671
2 2 0.000659 0.021023 0.860245 0.106375 0.011698
2 2 0.000618 0.020324 0.868733 0.100176 0.010150
2 2 0.001099 0.029968 0.875761 0.076193 0.016979
2 2 0.004049 0.062499 0.852265 0.051414 0.029774
2 0 0.014708 0.122128 0.777735 0.037593 0.047835
2 2 0.071320 0.295716 0.512833 0.010495 0.109636
2 2 0.000439 0.017788 0.901702 0.072874 0.007197
2 2 0.000244 0.011981 0.890391 0.093192 0.004193
2 2 0.001410 0.031590 0.840486 0.107398 0.019117
2 2 0.004469 0.059015 0.829034 0.073944 0.033539
2 2 0.003059 0.051707 0.848792 0.068559 0.027882
2 2 0.004718 0.064730 0.831086 0.065549 0.033917
2 2 0.000851 0.030289 0.904525 0.044242 0.020094
2 2 0.000938 0.029386 0.888465 0.062436 0.018775
2 2 0.000836 0.029280 0.908153 0.045051 0.016679
2 2 0.000628 0.024768 0.917875 0.044450 0.012279
2 2 0.000374 0.017888 0.919989 0.053525 0.008224
2 2 0.000253 0.014034 0.926034 0.054430 0.005248
2 2 0.000225 0.012802 0.904534 0.075882 0.006557
2 2 0.000257 0.012049 0.852073 0.129073 0.006548
2 2 0.000163 0.008557 0.825055 0.162453 0.003772
2 2 0.000163 0.008045 0.781656 0.206128 0.004007
2 2 0.000190 0.008566 0.794440 0.193527 0.003277
2 2 0.000238 0.010794 0.822687 0.160597 0.005683
2 2 0.000294 0.009533 0.696363 0.289342 0.004468
2 2 0.000334 0.011375 0.760267 0.222673 0.005350
2 2 0.000467 0.011827 0.654193 0.326828 0.006685
2 2 0.000254 0.008241 0.668488 0.319639 0.003377
2 2 0.000411 0.007768 0.501302 0.486705 0.003814
2 2 0.000409 0.007489 0.524236 0.464856 0.003010
3 2 0.000700 0.005965 0.349822 0.640895 0.002617
3 2 0.000883 0.005215 0.240117 0.750797 0.002988
3 2 0.000934 0.003909 0.143434 0.848426 0.003297
3 2 0.000419 0.004661 0.254301 0.736564 0.004055
3 2 0.000229 0.004638 0.353822 0.637466 0.003845
3 2 0.000199 0.004858 0.403843 0.586947 0.004153
3 2 0.000663 0.004406 0.255344 0.737539 0.002049
3 2 0.000322 0.002365 0.172980 0.823009 0.001324
3 2 0.000293 0.002066 0.154149 0.842332 0.001160
3 2 0.000552 0.002127 0.104086 0.891582 0.001653
3 2 0.000585 0.001938 0.092772 0.903279 0.001426
3 2 0.000919 0.002485 0.096164 0.898597 0.001835
3 2 0.000565 0.001699 0.083354 0.913176 0.001206
3 2 0.000464 0.001509 0.080775 0.916204 0.001048
3 2 0.000374 0.001201 0.072442 0.925157 0.000827
3 2 0.000902 0.002178 0.087548 0.907739 0.001634
3 2 0.000759 0.002245 0.094316 0.901059 0.001621
3 3 0.001101 0.002852 0.101106 0.892803 0.002139
3 3 0.001225 0.004433 0.140786 0.850028 0.003527
3 3 0.000927 0.002074 0.083655 0.911770 0.001575
3 3 0.000987 0.002093 0.082677 0.912637 0.001607
3 3 0.001302 0.001885 0.070253 0.925008 0.001552
3 3 0.000842 0.001265 0.058980 0.937900 0.001013
3 3 0.006195 0.003794 0.074784 0.911401 0.003827
3 3 0.008421 0.003211 0.074071 0.911662 0.002635
3 3 0.029851 0.006948 0.116720 0.841950 0.004531
3 3 0.214703 0.019900 0.146833 0.604938 0.013625
3 3 0.333572 0.023845 0.122913 0.499367 0.020303
3 3 0.103974 0.024580 0.242314 0.616769 0.012363
3 3 0.023370 0.008410 0.112723 0.848243 0.007254
3 3 0.003654 0.003462 0.097613 0.892774 0.002496
3 3 0.001224 0.002845 0.128107 0.866335 0.001488
3 3 0.000601 0.002748 0.203407 0.792413 0.000831
3 3 0.000892 0.004093 0.220755 0.772820 0.001440
3 3 0.001477 0.004331 0.149687 0.841959 0.002546
3 3 0.001306 0.003352 0.108503 0.884299 0.002540
3 3 0.001624 0.002441 0.087527 0.906623 0.001784
3 3 0.001183 0.001334 0.055421 0.940930 0.001133
3 3 0.002260 0.001778 0.056838 0.937479 0.001644
3 3 0.004022 0.002322 0.058575 0.932768 0.002313
3 3 0.003450 0.001670 0.047568 0.945620 0.001693
3 3 0.002598 0.001743 0.053629 0.940369 0.001661
3 3 0.002305 0.001588 0.051758 0.942851 0.001499
3 3 0.001455 0.001396 0.053918 0.942004 0.001227
3 3 0.000791 0.001132 0.055168 0.941999 0.000910
3 3 0.000873 0.000993 0.048352 0.948952 0.000830
3 3 0.000798 0.000952 0.048126 0.949337 0.000787
3 3 0.001223 0.000972 0.042934 0.953999 0.000871
3 3 0.001397 0.001182 0.047966 0.948400 0.001056
3 3 0.001712 0.001021 0.040244 0.956054 0.000970
3 3 0.001708 0.001314 0.048985 0.946790 0.001202
3 3 0.001646 0.001153 0.044776 0.951357 0.001068
3 3 0.001452 0.001175 0.047198 0.949117 0.001059
3 3 0.001233 0.000951 0.042092 0.954868 0.000856
3 3 0.002154 0.003368 0.093883 0.897784 0.002812
3 3 0.001501 0.003831 0.122668 0.869331 0.002670
3 3 0.002360 0.004992 0.122549 0.866091 0.004008
3 3 0.001838 0.002098 0.068709 0.925535 0.001819
3 3 0.002212 0.001192 0.041948 0.953485 0.001164
3 3 0.004762 0.000954 0.027826 0.965339 0.001119
3 3 0.007252 0.001123 0.027741 0.962488 0.001397
3 3 0.024788 0.004120 0.055764 0.910441 0.004886
3 3 0.029596 0.004765 0.054812 0.904502 0.006325
3 3 0.104834 0.019289 0.155880 0.704839 0.015158
0 3 0.798443 0.037275 0.053220 0.073631 0.037432
0 0 0.845564 0.032488 0.025702 0.041609 0.054637
0 0 0.740677 0.132025 0.032882 0.001795 0.092620
0 0 0.815089 0.080631 0.020745 0.002546 0.080989
0 0 0.870820 0.035513 0.005672 0.002107 0.085888
0 0 0.831789 0.073788 0.029730 0.004709 0.059984
0 0 0.872653 0.052157 0.027907 0.006640 0.040642
0 0 0.896138 0.047416 0.018942 0.002872 0.034631
0 0 0.910091 0.031266 0.009765 0.003804 0.045075
0 0 0.892335 0.029218 0.005614 0.002776 0.070057
0 0 0.889391 0.028409 0.004707 0.002285 0.075207
0 0 0.801478 0.059113 0.016385 0.007346 0.115679
0 0 0.818553 0.058897 0.013438 0.004043 0.105069
0 0 0.834103 0.053419 0.013799 0.004903 0.093776
0 0 0.900919 0.033785 0.010132 0.003971 0.051194
0 0 0.897598 0.042740 0.014714 0.003100 0.041847
0 0 0.816219 0.078679 0.028467 0.004670 0.071966
0 0 0.565764 0.208034 0.107188 0.007728 0.111286
1 0 0.204252 0.366986 0.335247 0.008018 0.085498
1 1 0.298869 0.356889 0.226568 0.006216 0.111458
0 1 0.424373 0.294987 0.206279 0.004684 0.069676
0 0 0.622063 0.184876 0.105602 0.006595 0.080863
0 0 0.795563 0.111895 0.033626 0.001483 0.057432
0 0 0.819682 0.095829 0.029374 0.001612 0.053503
0 0 0.789724 0.110450 0.022810 0.001015 0.076002
0 0 0.829580 0.085190 0.016250 0.000915 0.068066
0 0 0.883760 0.055917 0.012359 0.001047 0.046917
0 0 0.912094 0.026140 0.004106 0.001359 0.056301
0 0 0.918577 0.023199 0.005282 0.002929 0.050013
0 0 0.889678 0.035982 0.007316 0.002267 0.064756
0 0 0.890571 0.044948 0.015310 0.003348 0.045823
0 0 0.918237 0.033498 0.014070 0.003664 0.030530
0 0 0.656802 0.182837 0.066267 0.002921 0.091173
0 0 0.503365 0.229015 0.063390 0.002966 0.201264
4 0 0.133194 0.248451 0.129296 0.003452 0.485608
0 0 0.477568 0.242721 0.073563 0.003901 0.202246
0 1 0.657764 0.168851 0.033528 0.001596 0.138261
0 1 0.861167 0.053808 0.009131 0.001281 0.074614
0 1 0.898701 0.045161 0.015713 0.002550 0.037875
0 1 0.912462 0.029793 0.005820 0.001635 0.050290
0 0 0.854080 0.062677 0.015640 0.002144 0.065459
0 0 0.862195 0.054024 0.013468 0.002616 0.067697
0 0 0.827180 0.050024 0.011789 0.005169 0.105837
0 0 0.843588 0.041325 0.010991 0.007113 0.096983
0 0 0.839255 0.042736 0.011232 0.007017 0.099761
0 0 0.713247 0.085216 0.020699 0.007296 0.173542
0 0 0.740305 0.124093 0.034656 0.002731 0.098214
0 0 0.661608 0.105655 0.013738 0.001960 0.217038
1 0 0.280430 0.367508 0.184660 0.005792 0.161610
4 0 0.095667 0.269497 0.229749 0.009840 0.395247
4 1 0.030668 0.137108 0.170651 0.011947 0.649626
4 1 0.017979 0.110686 0.142551 0.006256 0.722528
4 1 0.021692 0.104185 0.093546 0.003010 0.777567
4 4 0.020418 0.108755 0.082761 0.002144 0.785921
4 4 0.023872 0.116983 0.091262 0.002803 0.765079
4 4 0.025606 0.121202 0.097729 0.003330 0.752133
4 4 0.045013 0.116685 0.069088 0.002503 0.766712
4 4 0.040505 0.120950 0.081302 0.003175 0.754068
4 4 0.024195 0.117653 0.091691 0.002848 0.763614
4 4 0.026390 0.110828 0.103942 0.004164 0.754676
4 4 0.035394 0.117416 0.101259 0.004695 0.741236
4 4 0.032206 0.106306 0.101490 0.004741 0.755257
4 4 0.039190 0.105408 0.082853 0.003582 0.768967
4 4 0.027148 0.110148 0.079525 0.002408 0.780771
4 4 0.116249 0.199792 0.102950 0.005137 0.575871
4 4 0.246531 0.204729 0.111960 0.011670 0.425109
0 4 0.352307 0.224575 0.115485 0.015107 0.292525
1 4 0.285993 0.300741 0.144747 0.009330 0.259190
4 4 0.065556 0.167115 0.097670 0.005433 0.664226
4 4 0.027662 0.112873 0.072828 0.001988 0.784649
4 4 0.031147 0.101349 0.076997 0.002657 0.787850
4 4 0.024289 0.121420 0.126785 0.005630 0.721876
4 4 0.030783 0.131608 0.154048 0.009779 0.673782
4 4 0.029792 0.128247 0.197460 0.017216 0.627285
4 4 0.016232 0.114179 0.312814 0.029932 0.526844
4 4 0.016022 0.109179 0.271300 0.026149 0.577350
4 4 0.018270 0.114711 0.261280 0.025341 0.580399
4 4 0.019689 0.111758 0.192754 0.013159 0.662639
4 4 0.016813 0.097888 0.257856 0.025969 0.601474
4 4 0.013335 0.097125 0.312754 0.035946 0.540840
4 4 0.015857 0.108937 0.254116 0.022062 0.599027
4 4 0.016928 0.126382 0.315951 0.020192 0.520547
4 4 0.015810 0.108602 0.216875 0.015042 0.643671
4 4 0.015917 0.109048 0.230168 0.017369 0.627498
4 4 0.018919 0.106344 0.148901 0.007381 0.718456
4 4 0.023069 0.107121 0.160657 0.010091 0.699061
4 4 0.024716 0.115115 0.185912 0.014049 0.660207
4 4 0.020446 0.119516 0.215761 0.016780 0.627496
4 4 0.013240 0.101405 0.291197 0.028653 0.565505
4 4 0.016498 0.110497 0.260211 0.023860 0.588934
4 4 0.014031 0.104025 0.263652 0.022822 0.595470
4 4 0.015834 0.107293 0.271383 0.025928 0.579562
2 4 0.006262 0.080353 0.749346 0.066138 0.097900
2 2 0.013157 0.119680 0.661767 0.047049 0.158348
2 2 0.008417 0.108870 0.738480 0.026747 0.117486
2 2 0.008080 0.106324 0.702923 0.028981 0.153691
2 2 0.011376 0.122396 0.700127 0.029500 0.136601
2 2 0.005610 0.094899 0.740351 0.022262 0.136879
2 2 0.007090 0.102643 0.723104 0.025513 0.141650
2 2 0.006333 0.099104 0.735884 0.023419 0.135260
2 2 0.005396 0.084831 0.733670 0.038390 0.137712
2 2 0.010433 0.110084 0.646830 0.043336 0.189318
2 2 0.024997 0.172454 0.580373 0.027739 0.194437
2 2 0.050104 0.254612 0.474703 0.012610 0.207971
1 2 0.215596 0.324236 0.233514 0.008689 0.217965
2 2 0.079370 0.323288 0.386368 0.006387 0.204587
2 2 0.038875 0.255116 0.404168 0.005630 0.296210
2 2 0.018731 0.175627 0.671433 0.012951 0.121258
2 2 0.005496 0.091673 0.818716 0.019664 0.064451
2 2 0.003118 0.063266 0.837979 0.037316 0.058321
2 2 0.003358 0.061020 0.829403 0.052095 0.054124
2 2 0.004242 0.067089 0.837517 0.048403 0.042749
2 2 0.003658 0.062631 0.851028 0.045479 0.037204
2 2 0.002422 0.052777 0.869837 0.040442 0.034521
2 2 0.001062 0.031648 0.907570 0.046270 0.013450
2 2 0.000468 0.020241 0.933614 0.039521 0.006157
2 2 0.000409 0.018830 0.941245 0.034763 0.004753
2 2 0.000565 0.021058 0.908245 0.061804 0.008329
2 2 0.000938 0.025915 0.889642 0.074388 0.009116
2 2 0.000863 0.024918 0.886142 0.078246 0.009831
2 2 0.000633 0.021068 0.898101 0.072972 0.007227
2 2 0.000436 0.017215 0.905275 0.071515 0.005559
2 2 0.000349 0.016393 0.929992 0.048597 0.004669
2 2 0.000774 0.023636 0.890870 0.075619 0.009100
2 2 0.000624 0.019239 0.874679 0.099159 0.006300
2 2 0.000977 0.025703 0.866360 0.095640 0.011319
2 2 0.000805 0.021512 0.854125 0.115627 0.007931
2 2 0.000732 0.019054 0.823468 0.149603 0.007142
2 2 0.000719 0.018133 0.801210 0.172895 0.007044
2 2 0.000847 0.017244 0.715552 0.259141 0.007215
2 2 0.000923 0.014755 0.594009 0.384376 0.005938
2 2 0.001323 0.016151 0.534947 0.441481 0.006098
2 2 0.000745 0.010959 0.499673 0.484863 0.003760
3 2 0.000676 0.008797 0.429700 0.557958 0.002868
3 2 0.001172 0.013099 0.453229 0.526278 0.006222
3 2 0.001369 0.011509 0.371022 0.610046 0.006054
3 2 0.001797 0.008912 0.270455 0.714393 0.004443
3 2 0.001550 0.007476 0.258516 0.729303 0.003155
3 2 0.000845 0.003384 0.136757 0.856966 0.002048
3 2 0.000712 0.002452 0.102677 0.892432 0.001726
3 2 0.000580 0.001718 0.083439 0.913041 0.001223
3 2 0.000541 0.001497 0.076708 0.920182 0.001073
3 2 0.000692 0.001441 0.069171 0.927606 0.001090
3 2 0.000500 0.000710 0.044184 0.954048 0.000559
3 2 0.000570 0.000589 0.036689 0.961665 0.000489
3 2 0.000661 0.000526 0.032106 0.966250 0.000457
3 2 0.000762 0.000645 0.036019 0.962015 0.000559
3 3 0.001806 0.001304 0.047867 0.947816 0.001207
3 3 0.001426 0.000993 0.041635 0.955033 0.000914
3 3 0.001060 0.000901 0.042268 0.954978 0.000793
3 3 0.000941 0.000758 0.038300 0.959333 0.000669
3 3 0.001044 0.000886 0.041925 0.955364 0.000780
3 3 0.001214 0.000574 0.028508 0.969149 0.000555
3 3 0.001908 0.000544 0.023767 0.973201 0.000579
3 3 0.001738 0.000421 0.019998 0.977385 0.000457
3 3 0.002938 0.000663 0.024294 0.971358 0.000747
3 3 0.002106 0.000442 0.019572 0.977384 0.000495
3 3 0.003082 0.000871 0.029656 0.965440 0.000951
3 3 0.003191 0.000875 0.029426 0.965549 0.000960
3 3 0.003611 0.001023 0.032012 0.962230 0.001125
3 3 0.002440 0.000692 0.026614 0.969507 0.000747
3 3 0.002933 0.000650 0.023939 0.971744 0.000734
3 3 0.002163 0.000447 0.019577 0.977312 0.000502
3 3 0.002174 0.000428 0.018893 0.978022 0.000484
3 3 0.001910 0.000325 0.015839 0.981551 0.000374
3 3 0.002321 0.000537 0.022144 0.974403 0.000596
3 3 0.001032 0.000345 0.020101 0.978173 0.000349
3 3 0.002421 0.000701 0.026938 0.969188 0.000753
3 3 0.001788 0.000556 0.024666 0.972407 0.000583
3 3 0.004293 0.000596 0.019849 0.974528 0.000734
3 3 0.003780 0.000447 0.016473 0.978738 0.000561
3 3 0.005540 0.000608 0.018628 0.974439 0.000785
3 3 0.003417 0.000479 0.017948 0.977572 0.000583
3 3 0.004241 0.000453 0.016044 0.978683 0.000580
3 3 0.003760 0.000556 0.019591 0.975419 0.000675
3 3 0.004255 0.000628 0.020746 0.973605 0.000767
3 3 0.004563 0.000569 0.018780 0.975373 0.000714
3 3 0.006133 0.000751 0.021315 0.970841 0.000959
3 3 0.003877 0.000508 0.018057 0.976930 0.000628
3 3 0.004914 0.000787 0.023703 0.969639 0.000956
3 3 0.004939 0.000596 0.019006 0.974704 0.000755
3 3 0.005409 0.001067 0.029200 0.963063 0.001262
3 3 0.004379 0.000302 0.011532 0.983374 0.000413
3 3 0.003662 0.000422 0.015876 0.979510 0.000530
3 3 0.004066 0.000647 0.021541 0.972966 0.000779
3 3 0.007506 0.001368 0.032048 0.957413 0.001665
3 3 0.004948 0.000957 0.027576 0.965388 0.001131
3 3 0.006735 0.001026 0.026450 0.964514 0.001275
3 3 0.009276 0.000898 0.021556 0.967058 0.001212
3 3 0.006126 0.000777 0.021908 0.970201 0.000988
3 3 0.004180 0.000416 0.015066 0.979801 0.000538
3 3 0.006156 0.000483 0.015028 0.977675 0.000659
3 3 0.004289 0.000398 0.014428 0.980365 0.000520
3 3 0.004712 0.000525 0.017439 0.976653 0.000671
3 3 0.005998 0.000799 0.022535 0.969660 0.001007
3 3 0.005501 0.000608 0.018676 0.974429 0.000785
3 3 0.006753 0.000575 0.016755 0.975138 0.000779
3 3 0.005545 0.000427 0.014079 0.979368 0.000581
3 3 0.004907 0.000278 0.010407 0.984015 0.000393
3 3 0.003317 0.000261 0.011219 0.984857 0.000346
3 3 0.004925 0.000330 0.011913 0.982376 0.000456
3 3 0.004095 0.000295 0.011544 0.983667 0.000399
3 3 0.006410 0.000589 0.017358 0.974855 0.000787
3 3 0.006192 0.000562 0.016906 0.975589 0.000751
3 3 0.006605 0.000386 0.012307 0.980150 0.000552
3 3 0.003934 0.000191 0.008280 0.987321 0.000273
3 3 0.006286 0.000306 0.010401 0.982558 0.000449
3 3 0.004503 0.000370 0.013421 0.981212 0.000494
3 3 0.005068 0.000468 0.015564 0.978283 0.000617
3 3 0.004621 0.000586 0.019132 0.974928 0.000734
3 3 0.006611 0.000797 0.021813 0.969755 0.001024
3 3 0.004836 0.000610 0.019492 0.974294 0.000767
3 3 0.005803 0.000514 0.016070 0.976926 0.000687
3 3 0.007990 0.000581 0.016027 0.974590 0.000812
3 3 0.005938 0.000442 0.014161 0.978852 0.000606
3 3 0.005645 0.000400 0.013306 0.980098 0.000552
3 3 0.005028 0.000367 0.012893 0.981211 0.000502
3 3 0.004676 0.000516 0.017254 0.976893 0.000661
3 3 0.004460 0.000519 0.017583 0.976780 0.000657
3 3 0.004420 0.000466 0.016194 0.978321 0.000599
3 3 0.002632 0.000244 0.011401 0.985411 0.000311
3 3 0.005172 0.000318 0.011392 0.982672 0.000446
3 3 0.005195 0.000372 0.012900 0.981022 0.000511
3 3 0.004827 0.000376 0.013305 0.980984 0.000508
3 3 0.005974 0.000597 0.017940 0.974704 0.000785
3 3 0.012340 0.001022 0.021810 0.963397 0.001431
3 3 0.082832 0.003902 0.033836 0.872887 0.006543
3 0 0.272512 0.024561 0.153102 0.532941 0.016883
0 0 0.312514 0.075375 0.300812 0.272862 0.038437
2 2 0.192287 0.081938 0.373322 0.312083 0.040370
0 2 0.396548 0.090299 0.176446 0.237785 0.098922
0 2 0.583637 0.079639 0.128947 0.131834 0.075943
0 2 0.695408 0.098041 0.076478 0.034021 0.096052
0 2 0.639970 0.146468 0.100035 0.016865 0.096661
0 2 0.437940 0.298018 0.151800 0.004686 0.107556
0 2 0.385442 0.305969 0.172322 0.007496 0.128771
0 2 0.365053 0.204946 0.084839 0.013693 0.331469
0 2 0.645503 0.107072 0.028138 0.008776 0.210510
0 2 0.619201 0.113367 0.034442 0.011703 0.221288
4 2 0.140366 0.208289 0.150858 0.024744 0.475744
4 2 0.054985 0.177165 0.324628 0.059279 0.383943
4 2 0.056073 0.166153 0.270677 0.051808 0.455290
4 2 0.039765 0.175732 0.228419 0.012695 0.543389
2 2 0.015072 0.116626 0.437249 0.045168 0.385885
2 2 0.008357 0.098426 0.584144 0.042613 0.266461
2 2 0.007145 0.101736 0.704406 0.027687 0.159026
2 2 0.009936 0.109794 0.635903 0.038721 0.205645
4 2 0.029134 0.161307 0.361943 0.027446 0.420170
4 2 0.028944 0.135485 0.249088 0.028469 0.558015
4 2 0.055412 0.134294 0.142499 0.012768 0.655028
4 2 0.065739 0.147276 0.096308 0.005766 0.684911
4 2 0.027746 0.117845 0.139847 0.007902 0.706660
4 2 0.037169 0.117026 0.124179 0.007623 0.714002
4 2 0.050880 0.119571 0.134221 0.011367 0.683961
4 4 0.047661 0.107580 0.118950 0.008956 0.716853
4 4 0.043628 0.103457 0.120579 0.008881 0.723454
4 4 0.026828 0.100312 0.134048 0.007936 0.730876
4 4 0.025519 0.102102 0.114079 0.005294 0.753005
4 4 0.021673 0.093280 0.092770 0.003223 0.789055
4 4 0.026850 0.093358 0.075169 0.002411 0.802211
4 4 0.040919 0.102422 0.082437 0.003744 0.770478
4 4 0.046343 0.113386 0.088926 0.004478 0.746868
4 4 0.029988 0.125483 0.133696 0.007234 0.703600
4 4 0.025609 0.129677 0.208884 0.017368 0.618461
4 4 0.041937 0.152717 0.193959 0.019047 0.592339
4 4 0.048660 0.162229 0.200026 0.022183 0.566902
4 4 0.026263 0.147494 0.390789 0.039713 0.395741
2 4 0.019425 0.132967 0.409795 0.037082 0.400730
2 4 0.017183 0.135451 0.480801 0.033897 0.332668
4 4 0.011529 0.117643 0.423420 0.022109 0.425299
4 4 0.015947 0.119724 0.277004 0.017010 0.570314
4 4 0.025488 0.127048 0.152995 0.008567 0.685902
0 4 0.370099 0.192597 0.100917 0.014694 0.321693
0 4 0.618992 0.127876 0.064401 0.022712 0.166019
0 4 0.594101 0.134728 0.052254 0.016828 0.202089
0 0 0.701827 0.115082 0.056122 0.013242 0.113727
0 2 0.606415 0.124184 0.030884 0.008233 0.230284
0 2 0.705202 0.084448 0.018357 0.005371 0.186623
0 2 0.741952 0.078257 0.023505 0.009802 0.146484
0 2 0.752644 0.085432 0.043069 0.016304 0.102550
0 2 0.598817 0.154130 0.130334 0.023980 0.092739
2 2 0.303737 0.135126 0.360483 0.140132 0.060521
0 2 0.436545 0.170231 0.252689 0.057696 0.082839
0 2 0.490636 0.143309 0.157337 0.069385 0.139334
0 2 0.708878 0.074515 0.054495 0.049836 0.112276
0 2 0.864644 0.034806 0.009349 0.006839 0.084363
0 2 0.943455 0.012652 0.002963 0.003470 0.037460
0 2 0.933152 0.015754 0.002849 0.002191 0.046054
0 2 0.962738 0.008022 0.000911 0.000621 0.027707
0 2 0.981002 0.003627 0.000301 0.000229 0.014841
0 2 0.977755 0.004368 0.000382 0.000277 0.017219
0 2 0.893284 0.027286 0.003870 0.001619 0.073940
0 2 0.590613 0.154899 0.048128 0.008536 0.197824
1 2 0.152474 0.312617 0.253347 0.014047 0.267515
4 2 0.024537 0.127667 0.255582 0.027843 0.564371
2 2 0.015356 0.112600 0.479250 0.066046 0.326748
2 2 0.009935 0.094989 0.619534 0.081410 0.194132
2 2 0.011009 0.101171 0.653804 0.075548 0.158469
2 2 0.008410 0.091476 0.681011 0.070644 0.148458
2 2 0.008925 0.096600 0.648876 0.060940 0.184658
2 2 0.009161 0.102453 0.628112 0.046355 0.213919
2 2 0.006785 0.091929 0.722042 0.042510 0.136735
2 2 0.007989 0.106286 0.718890 0.027942 0.138894
2 2 0.007764 0.104963 0.725997 0.027821 0.133456
2 2 0.004408 0.082310 0.731249 0.028140 0.153893
2 2 0.004448 0.086870 0.739967 0.020952 0.147762
2 2 0.004870 0.090125 0.743822 0.021117 0.140066
2 2 0.008189 0.120590 0.729194 0.015054 0.126974
2 2 0.030138 0.201748 0.659409 0.015807 0.092898
2 2 0.023737 0.175756 0.704374 0.018527 0.077605
2 2 0.047185 0.265539 0.562750 0.008933 0.115594
2 0 0.079675 0.334278 0.488623 0.005601 0.091824
2 2 0.038163 0.240304 0.632009 0.009174 0.080349
2 2 0.013161 0.130002 0.730263 0.027183 0.099390
2 2 0.005833 0.077958 0.822653 0.047794 0.045762
2 2 0.003336 0.054732 0.830326 0.073866 0.037740
2 2 0.001813 0.035063 0.819448 0.121358 0.022318
2 2 0.003937 0.058175 0.798107 0.089812 0.049969
2 2 0.002851 0.053487 0.851609 0.056477 0.035576
2 2 0.002726 0.056830 0.877399 0.033070 0.029975
2 2 0.002018 0.047695 0.899259 0.031384 0.019644
2 2 0.001882 0.046089 0.900946 0.031628 0.019454
2 2 0.001550 0.037802 0.899624 0.046782 0.014241
2 2 0.001369 0.035495 0.905236 0.045110 0.012790
2 2 0.001138 0.032625 0.915645 0.039923 0.010668
2 2 0.001354 0.035555 0.901183 0.047370 0.014538
2 2 0.001494 0.037000 0.897375 0.049283 0.014848
2 2 0.001394 0.036665 0.896742 0.048037 0.017162
2 2 0.001272 0.033100 0.899788 0.053439 0.012401
2 2 0.005501 0.067325 0.809024 0.080078 0.038072
2 2 0.019257 0.093774 0.761879 0.098671 0.026419
2 2 0.079941 0.143749 0.588912 0.139542 0.047857
2 2 0.000940 0.029131 0.890259 0.062383 0.017287
2 2 0.000346 0.016594 0.913463 0.062004 0.007591
2 2 0.000377 0.016134 0.890296 0.085612 0.007581
2 2 0.000430 0.015450 0.833615 0.142014 0.008491
2 2 0.000508 0.015939 0.801430 0.173111 0.009011
2 2 0.000245 0.011115 0.851424 0.132809 0.004407
2 2 0.000146 0.008613 0.881315 0.107245 0.002681
2 2 0.000232 0.012477 0.898166 0.083433 0.005692
2 2 0.000334 0.013445 0.843958 0.135689 0.006574
2 2 0.000526 0.016547 0.807394 0.165801 0.009732
2 2 0.000494 0.015346 0.784292 0.190609 0.009259
2 2 0.000293 0.011029 0.789283 0.194496 0.004899
2 2 0.000261 0.009456 0.753463 0.233311 0.003510
2 2 0.000408 0.012200 0.776979 0.206655 0.003757
2 2 0.000480 0.011745 0.680891 0.302416 0.004469
2 2 0.000504 0.011519 0.622639 0.359519 0.005818
2 2 0.000554 0.011498 0.574703 0.405479 0.007766
2 2 0.000650 0.011234 0.559458 0.421595 0.007063
2 2 0.000491 0.010289 0.600368 0.383705 0.005147
2 2 0.000640 0.009514 0.560194 0.426459 0.003194
2 2 0.000375 0.006769 0.526332 0.464559 0.001965
2 2 0.000721 0.008393 0.498510 0.490417 0.001958
3 2 0.000557 0.005233 0.303839 0.688363 0.002008
3 2 0.000617 0.007171 0.388884 0.600806 0.002522
3 2 0.000885 0.010072 0.423457 0.560359 0.005227
2 2 0.000730 0.010957 0.535913 0.447859 0.004541
2 2 0.000761 0.013492 0.621211 0.358960 0.005576
2 2 0.000462 0.010352 0.630780 0.354600 0.003806
2 2 0.000359 0.009494 0.617629 0.367712 0.004805
2 2 0.000364 0.007993 0.525502 0.462335 0.003806
3 2 0.002984 0.003337 0.084577 0.906129 0.002973
3 2 0.009075 0.003556 0.074520 0.909728 0.003121
3 2 0.013139 0.003783 0.062510 0.916453 0.004115
3 2 0.011187 0.002777 0.051396 0.931546 0.003094
3 2 0.011059 0.004537 0.085691 0.894801 0.003912
3 2 0.003745 0.006528 0.196470 0.790213 0.003043
3 2 0.001488 0.005782 0.202972 0.786936 0.002822
3 2 0.000935 0.006865 0.296329 0.692914 0.002958
3 2 0.000418 0.004122 0.233592 0.758980 0.002888
3 2 0.000450 0.004963 0.306958 0.685337 0.002292
3 2 0.000237 0.005262 0.472154 0.520588 0.001759
3 2 0.000364 0.006081 0.440869 0.550567 0.002120
3 2 0.000835 0.004430 0.214365 0.778368 0.002002
3 2 0.001010 0.002829 0.103080 0.890992 0.002089
3 2 0.000838 0.001711 0.074491 0.921649 0.001310
3 2 0.000968 0.002344 0.090622 0.904303 0.001763
3 2 0.000913 0.003328 0.120811 0.872541 0.002407
3 2 0.000617 0.003771 0.165637 0.827372 0.002603
3 2 0.001469 0.005503 0.161480 0.827524 0.004023
3 2 0.001138 0.002744 0.097244 0.896790 0.002083
3 2 0.001205 0.001995 0.075099 0.920097 0.001604
3 2 0.000928 0.001754 0.073604 0.922349 0.001365
3 2 0.000783 0.001497 0.068645 0.927922 0.001153
3 2 0.001017 0.002524 0.094427 0.900136 0.001897
3 2 0.001172 0.002803 0.097961 0.895931 0.002133
3 2 0.000933 0.002561 0.097921 0.896697 0.001889
3 2 0.001990 0.004247 0.114309 0.876077 0.003376
3 2 0.002454 0.004853 0.118652 0.870098 0.003942
3 2 0.002550 0.004680 0.114212 0.874707 0.003851
3 2 0.002275 0.004618 0.116957 0.872427 0.003723
3 2 0.000601 0.002034 0.098892 0.897151 0.001322
3 2 0.001030 0.003340 0.117914 0.875354 0.002363
3 2 0.001117 0.002784 0.098874 0.895125 0.002101
3 2 0.000896 0.001628 0.070272 0.925930 0.001273
3 2 0.000782 0.001057 0.052525 0.944780 0.000857
3 2 0.001205 0.001724 0.067151 0.928505 0.001416
3 2 0.001049 0.001700 0.069275 0.926613 0.001362
3 2 0.001414 0.002345 0.080949 0.913392 0.001900
3 2 0.001213 0.001663 0.065202 0.930547 0.001375
3 2 0.001212 0.001377 0.056400 0.939840 0.001170
3 2 0.001856 0.001729 0.059054 0.935816 0.001545
3 2 0.001754 0.002923 0.089674 0.903256 0.002393
3 2 0.001462 0.002492 0.083936 0.910096 0.002014
3 2 0.001462 0.002095 0.073533 0.921174 0.001737
3 2 0.001436 0.002206 0.076899 0.917651 0.001808
3 2 0.001507 0.001376 0.052729 0.943168 0.001220
3 2 0.001220 0.001318 0.054408 0.941924 0.001129
3 2 0.001817 0.002217 0.071917 0.922146 0.001902
3 2 0.001987 0.002133 0.067971 0.926036 0.001873
3 2 0.002182 0.001866 0.059619 0.934630 0.001702
3 2 0.002394 0.001593 0.051288 0.943211 0.001514
3 2 0.002543 0.001538 0.049008 0.945423 0.001487
3 2 0.001353 0.001010 0.042862 0.953858 0.000917
3 2 0.001403 0.001199 0.048446 0.947882 0.001070
3 2 0.001527 0.001479 0.055551 0.940141 0.001301
3 2 0.001500 0.001318 0.051091 0.944916 0.001175
3 2 0.001880 0.001498 0.052643 0.942609 0.001370
3 2 0.001701 0.001388 0.051189 0.944462 0.001259
3 2 0.001562 0.001469 0.054860 0.940810 0.001299
3 2 0.001408 0.001653 0.062031 0.933499 0.001408
3 2 0.002280 0.002380 0.070909 0.922317 0.002113
3 2 0.003879 0.002904 0.070298 0.920139 0.002779
3 2 0.002485 0.002242 0.066001 0.927230 0.002042
3 2 0.002806 0.002676 0.072841 0.919244 0.002433
3 2 0.002141 0.001861 0.059847 0.934459 0.001692
3 2 0.003278 0.002572 0.067421 0.924304 0.002424
3 2 0.003559 0.001809 0.050134 0.942675 0.001824
3 2 0.004875 0.002760 0.063082 0.926500 0.002783
3 2 0.003281 0.002768 0.071287 0.920082 0.002581
3 2 0.003614 0.002588 0.065764 0.925549 0.002484
3 3 0.003071 0.004252 0.100631 0.888368 0.003678
3 3 0.002357 0.002763 0.078660 0.913804 0.002416
3 3 0.001731 0.002137 0.070961 0.923346 0.001826
3 3 0.001115 0.001206 0.052207 0.944443 0.001028
3 3 0.001358 0.000883 0.038571 0.958370 0.000819
3 3 0.001413 0.000996 0.041844 0.954833 0.000914
3 3 0.002989 0.001378 0.042830 0.951406 0.001398
3 3 0.003311 0.001704 0.048945 0.944331 0.001709
3 3 0.003311 0.001945 0.054224 0.938606 0.001914
3 3 0.002647 0.001798 0.054620 0.939224 0.001712
3 3 0.003622 0.002713 0.068143 0.922935 0.002587
3 3 0.002651 0.001944 0.057991 0.935584 0.001831
3 3 0.001972 0.001408 0.049469 0.945839 0.001312
3 3 0.002463 0.001726 0.054097 0.940084 0.001630
3 3 0.001927 0.001143 0.042369 0.953468 0.001093
3 3 0.001867 0.000967 0.037542 0.958683 0.000942
3 3 0.001957 0.000939 0.036167 0.960010 0.000927
3 3 0.002769 0.001367 0.043559 0.950938 0.001367
3 3 0.003897 0.001842 0.049443 0.942933 0.001885
3 3 0.003802 0.002182 0.056790 0.935057 0.002168
3 3 0.001675 0.000618 0.027348 0.969730 0.000630
3 3 0.003269 0.001301 0.039848 0.954227 0.001354
3 3 0.002902 0.000903 0.031077 0.964148 0.000969
3 3 0.002198 0.000848 0.032218 0.963867 0.000869
3 3 0.002603 0.000780 0.028663 0.967116 0.000838
3 3 0.003117 0.000907 0.030491 0.964500 0.000986
3 3 0.003215 0.001047 0.033811 0.960805 0.001122
3 3 0.006221 0.001202 0.030686 0.960455 0.001436
3 3 0.013438 0.001354 0.026492 0.956865 0.001851
3 3 0.015340 0.001936 0.033598 0.946551 0.002575
3 3 0.049807 0.006933 0.062110 0.871492 0.009659
0 3 0.416028 0.038426 0.088303 0.391778 0.065465
3 3 0.308417 0.051867 0.126679 0.433741 0.079295
3 3 0.050237 0.039558 0.212526 0.654479 0.043200
3 3 0.059087 0.088947 0.346760 0.427263 0.077942
2 3 0.031457 0.090480 0.500648 0.274294 0.103120
2 3 0.078313 0.139577 0.503770 0.137018 0.141321
0 0 0.554701 0.113309 0.159918 0.087404 0.084668
0 0 0.794205 0.066767 0.022932 0.009316 0.106780
0 2 0.760814 0.093491 0.028746 0.005554 0.111394
1 2 0.258550 0.311065 0.269563 0.016106 0.144716
2 2 0.092248 0.190283 0.337910 0.082470 0.297089
2 2 0.008061 0.044823 0.452195 0.415151 0.079771
2 2 0.009019 0.057067 0.519810 0.327873 0.086232
2 2 0.016842 0.099038 0.594916 0.167606 0.121599
2 2 0.017542 0.116420 0.621231 0.096281 0.148527
2 2 0.013605 0.097545 0.474053 0.102467 0.312329
4 2 0.017544 0.087359 0.323241 0.051435 0.520420
4 2 0.050140 0.115581 0.253129 0.052035 0.529115
4 2 0.264242 0.126300 0.074262 0.013252 0.521945
4 4 0.024407 0.111602 0.328847 0.058197 0.476947
4 4 0.019460 0.106145 0.345562 0.058807 0.470025
4 4 0.021667 0.102270 0.257035 0.030281 0.588748
4 4 0.023537 0.096571 0.163840 0.011605 0.704447
4 4 0.048765 0.101607 0.135597 0.012625 0.701406
4 4 0.056368 0.094225 0.110952 0.009640 0.728815
