4 2 0.055329 0.223367 0.280747 0.001949 0.438608
4 2 0.082281 0.198719 0.279783 0.003652 0.435564
4 4 0.258450 0.181611 0.068126 0.001445 0.490368
4 4 0.292870 0.151437 0.049569 0.000673 0.505451
4 4 0.221126 0.115675 0.045889 0.000404 0.616906
4 4 0.136735 0.106332 0.055994 0.000505 0.700433
4 4 0.132864 0.118187 0.054824 0.000501 0.693625
4 4 0.247706 0.132049 0.058647 0.001194 0.560404
4 4 0.262724 0.122940 0.048547 0.000751 0.565038
0 4 0.584433 0.099574 0.035649 0.001161 0.279182
4 4 0.380917 0.142731 0.052714 0.000976 0.422662
0 4 0.425896 0.174239 0.083627 0.004203 0.312035
4 4 0.210737 0.243381 0.121970 0.006733 0.417179
4 4 0.101555 0.245353 0.106057 0.003417 0.543619
4 4 0.101478 0.225407 0.088435 0.002061 0.582620
4 4 0.122514 0.217339 0.083801 0.001862 0.574484
4 4 0.165467 0.194437 0.069945 0.001255 0.568896
4 4 0.293698 0.172822 0.064573 0.001364 0.467543
4 4 0.263912 0.157925 0.051904 0.000709 0.525549
4 4 0.348888 0.139262 0.045336 0.000612 0.465901
4 4 0.390143 0.108857 0.033779 0.000307 0.466914
0 4 0.583335 0.073404 0.027272 0.000456 0.315534
4 4 0.337751 0.104859 0.045074 0.000693 0.511623
0 4 0.552286 0.115462 0.040461 0.001420 0.290371
4 4 0.340223 0.173780 0.070114 0.001935 0.413947
0 4 0.399685 0.165400 0.070036 0.002301 0.362577
0 4 0.611367 0.119924 0.057712 0.003181 0.207817
0 4 0.692194 0.101740 0.052492 0.004631 0.148943
0 4 0.694916 0.106382 0.057565 0.008777 0.132360
0 4 0.455598 0.194492 0.137512 0.025622 0.186776
4 4 0.049274 0.272344 0.145420 0.002610 0.530353
4 4 0.024615 0.309816 0.305607 0.002220 0.357743
2 2 0.005553 0.167272 0.737801 0.005382 0.083991
2 2 0.005167 0.140352 0.779513 0.007582 0.067386
2 2 0.005208 0.120679 0.826678 0.008420 0.039016
2 2 0.001948 0.033393 0.923698 0.032484 0.008477
2 2 0.002704 0.030763 0.896740 0.062189 0.007605
2 2 0.004432 0.032386 0.833306 0.120890 0.008986
2 2 0.002231 0.023714 0.865913 0.100435 0.007707
2 2 0.002959 0.029691 0.852658 0.103670 0.011022
2 3 0.002268 0.019380 0.810691 0.160814 0.006846
2 3 0.005192 0.029961 0.750681 0.203504 0.010663
2 3 0.016459 0.046834 0.582023 0.336474 0.018209
2 3 0.030535 0.086263 0.637907 0.206866 0.038429
2 3 0.055837 0.130892 0.596348 0.154185 0.062738
2 3 0.117003 0.123428 0.502700 0.207556 0.049313
2 3 0.040349 0.079874 0.629779 0.222556 0.027442
2 3 0.014900 0.054679 0.726834 0.190061 0.013526
2 3 0.020537 0.081148 0.743470 0.134682 0.020164
2 3 0.005706 0.032776 0.771339 0.179874 0.010305
2 3 0.007116 0.035697 0.784180 0.164956 0.008051
2 3 0.012608 0.043768 0.656450 0.273037 0.014137
2 3 0.012799 0.043891 0.695913 0.236908 0.010488
2 3 0.030054 0.064880 0.565198 0.321513 0.018355
2 3 0.018592 0.047854 0.593611 0.326323 0.013620
2 3 0.014521 0.039427 0.544468 0.386393 0.015191
3 3 0.022430 0.033978 0.295004 0.627764 0.020823
3 3 0.009543 0.020113 0.302200 0.653031 0.015113
3 3 0.016235 0.024123 0.226766 0.712295 0.020581
3 3 0.011520 0.019961 0.274313 0.681461 0.012745
3 3 0.005030 0.013896 0.359611 0.612911 0.008551
3 3 0.008210 0.018708 0.354253 0.608483 0.010347
3 3 0.008234 0.016872 0.313989 0.651458 0.009446
3 3 0.010152 0.022748 0.371319 0.583241 0.012540
3 3 0.011518 0.026691 0.432435 0.517693 0.011663
2 3 0.004264 0.020918 0.688715 0.279487 0.006616
2 3 0.007160 0.025017 0.570206 0.387774 0.009842
3 3 0.006279 0.018655 0.471276 0.495908 0.007882
3 3 0.007657 0.016441 0.298434 0.666216 0.011251
3 3 0.008613 0.018398 0.308017 0.652356 0.012615
3 3 0.006033 0.015535 0.354133 0.614833 0.009466
3 3 0.004004 0.009418 0.249654 0.729409 0.007515
3 3 0.005612 0.012815 0.319853 0.654930 0.006790
3 3 0.007124 0.012487 0.238615 0.734023 0.007751
3 3 0.013612 0.019986 0.235753 0.717534 0.013116
3 3 0.010435 0.014627 0.174752 0.786738 0.013448
3 3 0.013912 0.014709 0.116521 0.836278 0.018580
3 3 0.013541 0.019376 0.195174 0.753729 0.018181
3 3 0.017474 0.020734 0.176343 0.767778 0.017671
3 3 0.018348 0.021456 0.189149 0.755455 0.015591
3 3 0.018904 0.015963 0.108414 0.840772 0.015947
3 3 0.018106 0.018842 0.155111 0.792780 0.015161
3 3 0.012431 0.016796 0.191117 0.766533 0.013123
3 3 0.006455 0.014773 0.312686 0.656709 0.009377
3 3 0.008618 0.017342 0.295594 0.667313 0.011134
3 3 0.007564 0.012132 0.184306 0.784862 0.011136
3 3 0.011658 0.013793 0.142694 0.818446 0.013409
3 3 0.008157 0.010295 0.133768 0.837483 0.010296
3 3 0.007402 0.011766 0.177782 0.791837 0.011213
3 3 0.011504 0.020417 0.275033 0.679202 0.013844
3 3 0.011771 0.023668 0.350975 0.601026 0.012559
3 3 0.009593 0.017601 0.271850 0.689304 0.011652
3 3 0.011613 0.019837 0.264053 0.691074 0.013423
3 3 0.009572 0.012604 0.167431 0.800462 0.009931
3 3 0.011471 0.017943 0.243389 0.715814 0.011383
3 3 0.018206 0.020737 0.182123 0.763792 0.015142
0 3 0.484218 0.075048 0.088780 0.314978 0.036976
0 3 0.775057 0.049663 0.029449 0.119528 0.026303
0 0 0.898043 0.034223 0.014680 0.022766 0.030289
0 1 0.972884 0.009016 0.002326 0.002013 0.013760
0 2 0.977794 0.007648 0.002269 0.002461 0.009828
0 0 0.966146 0.011479 0.003383 0.002119 0.016872
0 0 0.900838 0.034219 0.011741 0.005720 0.047484
0 0 0.815639 0.066385 0.030300 0.015824 0.071852
0 0 0.600345 0.143996 0.088031 0.021589 0.146039
0 0 0.365431 0.221227 0.186061 0.008434 0.218847
0 0 0.428076 0.199832 0.179828 0.007601 0.184664
0 1 0.402483 0.186204 0.096678 0.005797 0.308839
0 1 0.379257 0.210377 0.136254 0.008021 0.266091
4 1 0.221240 0.243820 0.136742 0.004968 0.393230
4 1 0.286762 0.224583 0.119128 0.006845 0.362682
4 1 0.313437 0.192171 0.149107 0.010727 0.334558
4 1 0.256315 0.135775 0.110506 0.005168 0.492236
4 2 0.255672 0.162407 0.118296 0.006690 0.456935
4 2 0.142217 0.222392 0.134007 0.006315 0.495068
4 2 0.083003 0.288497 0.176069 0.005123 0.447308
4 2 0.048962 0.307165 0.298554 0.005243 0.340075
2 2 0.035905 0.269048 0.425660 0.006758 0.262631
4 2 0.090196 0.289233 0.259828 0.005446 0.355298
4 2 0.155155 0.247830 0.122869 0.003891 0.470256
2 1 0.013231 0.213900 0.646275 0.010693 0.115901
2 2 0.020371 0.216328 0.633025 0.010919 0.119358
2 2 0.012829 0.176726 0.691264 0.018560 0.100621
2 2 0.007436 0.163158 0.749069 0.008368 0.071968
2 2 0.013125 0.173961 0.681884 0.021401 0.109629
2 2 0.018890 0.175460 0.652910 0.011810 0.140930
2 2 0.045653 0.266404 0.493042 0.007625 0.187277
2 2 0.070073 0.297966 0.377533 0.005044 0.249383
2 2 0.072266 0.305220 0.318712 0.003931 0.299871
2 2 0.049162 0.289312 0.351907 0.004091 0.305527
2 2 0.044139 0.232860 0.495445 0.006517 0.221038
2 1 0.084250 0.269055 0.390305 0.004141 0.252249
4 2 0.168853 0.269991 0.202959 0.003569 0.354629
2 2 0.124560 0.275962 0.441498 0.023467 0.134512
2 2 0.067321 0.266231 0.533855 0.032297 0.100297
2 2 0.028448 0.215394 0.680376 0.020342 0.055441
2 2 0.016106 0.145571 0.781384 0.023080 0.033860
2 2 0.062685 0.215329 0.627417 0.030131 0.064438
2 2 0.070909 0.185915 0.639772 0.040568 0.062836
2 2 0.246475 0.239990 0.375297 0.020241 0.117997
2 2 0.152379 0.217022 0.531304 0.035820 0.063476
2 2 0.081082 0.217001 0.590946 0.056888 0.054083
2 2 0.063638 0.227406 0.599854 0.048543 0.060560
2 2 0.048311 0.230034 0.628198 0.028896 0.064561
2 2 0.042905 0.198684 0.688998 0.024955 0.044458
2 2 0.029824 0.174895 0.734635 0.029264 0.031381
2 2 0.030641 0.179935 0.726563 0.029188 0.033673
2 2 0.018686 0.144482 0.796135 0.019954 0.020742
2 2 0.019330 0.131099 0.809677 0.023713 0.016181
2 2 0.021627 0.099334 0.816666 0.051071 0.011302
0 2 0.332952 0.216678 0.125000 0.006361 0.319009
1 2 0.248952 0.265049 0.255984 0.019094 0.210921
4 2 0.225801 0.261783 0.164543 0.011880 0.335994
0 2 0.310603 0.234188 0.158578 0.008380 0.288251
4 2 0.277978 0.227828 0.132546 0.004289 0.357359
0 2 0.486080 0.178577 0.107389 0.013546 0.214407
0 2 0.582257 0.148107 0.091319 0.014962 0.163355
0 2 0.464079 0.187546 0.115330 0.015760 0.217285
0 1 0.427028 0.204987 0.153624 0.043808 0.170553
0 1 0.375820 0.195933 0.099387 0.005951 0.322909
4 1 0.301002 0.183361 0.073869 0.002010 0.439757
4 1 0.275611 0.202958 0.088600 0.003135 0.429697
4 1 0.342971 0.181241 0.082170 0.002977 0.390640
0 0 0.428479 0.173275 0.083023 0.004151 0.311072
0 1 0.567125 0.149454 0.088017 0.010243 0.185161
0 1 0.502216 0.176372 0.115868 0.017834 0.187710
0 1 0.490662 0.167002 0.090467 0.006916 0.244953
0 1 0.555251 0.136250 0.065647 0.003431 0.239421
0 1 0.711363 0.093660 0.044950 0.003905 0.146122
0 1 0.810830 0.063462 0.028879 0.003961 0.092868
0 1 0.807552 0.067063 0.031772 0.006331 0.087283
0 1 0.629726 0.132792 0.079645 0.017151 0.140686
0 0 0.693020 0.107932 0.059069 0.009983 0.129996
0 1 0.597608 0.141210 0.084667 0.012043 0.164473
0 1 0.602129 0.142087 0.086914 0.016625 0.152245
0 1 0.504984 0.176045 0.117369 0.019285 0.182318
0 1 0.620575 0.130825 0.075263 0.008843 0.164493
0 1 0.625204 0.130514 0.075555 0.010073 0.158654
0 1 0.738101 0.087369 0.043276 0.004598 0.126656
0 1 0.829965 0.056076 0.024473 0.003102 0.086384
0 2 0.497300 0.174538 0.186851 0.005616 0.135695
0 2 0.701316 0.084942 0.031084 0.001885 0.180773
0 2 0.651850 0.101969 0.040294 0.002473 0.203414
0 1 0.633404 0.109732 0.045035 0.002970 0.208860
0 1 0.440502 0.143292 0.055622 0.001378 0.359206
0 1 0.481065 0.150257 0.067319 0.002717 0.298642
0 1 0.567986 0.133989 0.065697 0.003650 0.228678
0 1 0.405892 0.202754 0.120555 0.012392 0.258408
0 1 0.511565 0.166944 0.098622 0.010134 0.212735
0 1 0.492199 0.171198 0.098124 0.009072 0.229407
0 2 0.436904 0.200632 0.139126 0.024183 0.199156
0 2 0.354752 0.226429 0.233191 0.037437 0.148191
2 2 0.182567 0.229223 0.457727 0.053507 0.076976
2 2 0.141723 0.210303 0.545035 0.047285 0.055654
2 2 0.109071 0.208324 0.581787 0.049686 0.051131
2 2 0.148670 0.249575 0.468505 0.037957 0.095293
0 2 0.336390 0.235369 0.227963 0.022003 0.178276
1 1 0.253080 0.266808 0.215910 0.036149 0.228052
0 2 0.270132 0.257640 0.236461 0.052129 0.183638
4 2 0.264985 0.259475 0.175695 0.027110 0.272736
0 2 0.539570 0.166745 0.130529 0.037365 0.125791
0 0 0.694989 0.109737 0.066042 0.035638 0.093594
0 0 0.400485 0.200906 0.191465 0.094562 0.112582
0 1 0.316599 0.231159 0.268962 0.058870 0.124411
0 1 0.394098 0.217839 0.150548 0.044362 0.193153
1 1 0.229103 0.274372 0.200286 0.039463 0.256777
0 1 0.352489 0.225508 0.142809 0.017948 0.261246
0 1 0.406983 0.204185 0.236204 0.041083 0.111545
0 1 0.463570 0.172963 0.170367 0.106939 0.086161
2 2 0.229749 0.248406 0.327164 0.078911 0.115769
2 2 0.003241 0.042721 0.925825 0.022733 0.005480
2 2 0.001947 0.029209 0.942586 0.022826 0.003431
2 2 0.001689 0.034713 0.943361 0.015066 0.005172
2 2 0.001806 0.034826 0.944091 0.014751 0.004526
2 2 0.002305 0.048027 0.933623 0.009970 0.006075
2 2 0.001537 0.044128 0.936961 0.009059 0.008315
2 2 0.005864 0.107118 0.843562 0.005208 0.038249
2 2 0.034900 0.271860 0.514619 0.001368 0.177253
2 4 0.045525 0.302023 0.327361 0.001844 0.323247
4 4 0.075372 0.202218 0.069367 0.001016 0.652027
4 4 0.092530 0.188248 0.062057 0.000700 0.656465
4 4 0.141127 0.170482 0.052817 0.000570 0.635004
4 4 0.362120 0.142720 0.048464 0.000756 0.445940
4 4 0.367238 0.102689 0.026219 0.000158 0.503695
0 4 0.606136 0.052954 0.015709 0.000168 0.325032
0 4 0.507542 0.041123 0.014726 0.000123 0.436487
0 4 0.746538 0.028628 0.008882 0.000143 0.215809
0 4 0.797577 0.043957 0.014686 0.000510 0.143269
0 4 0.812836 0.030118 0.006668 0.000112 0.150266
0 4 0.505177 0.055115 0.018285 0.000178 0.421245
4 4 0.380568 0.046074 0.012978 0.000057 0.560324
4 4 0.424652 0.066803 0.011518 0.000047 0.496980
0 4 0.625256 0.059648 0.011644 0.000156 0.303296
4 4 0.260287 0.192788 0.077370 0.002058 0.467497
4 4 0.169093 0.222889 0.093347 0.002786 0.511885
4 4 0.123875 0.235253 0.099273 0.002984 0.538615
4 4 0.076020 0.192213 0.112906 0.003088 0.615773
4 4 0.082732 0.198886 0.133964 0.004894 0.579523
4 4 0.078851 0.210025 0.102428 0.002618 0.606079
4 4 0.039977 0.268211 0.134568 0.002608 0.554635
1 4 0.045276 0.323743 0.319911 0.008729 0.302341
2 2 0.031590 0.316610 0.427125 0.010740 0.213935
2 2 0.014369 0.223485 0.684472 0.007440 0.070234
2 2 0.002252 0.067244 0.912989 0.005699 0.011817
2 2 0.004672 0.097704 0.875707 0.006600 0.015318
2 2 0.007329 0.126000 0.835853 0.008010 0.022808
2 2 0.073130 0.257129 0.551314 0.009143 0.109284
2 2 0.172158 0.213085 0.529452 0.016619 0.068686
0 0 0.342095 0.226226 0.270514 0.021592 0.139574
0 0 0.326671 0.231068 0.268329 0.039279 0.134653
0 1 0.470613 0.188098 0.127353 0.020559 0.193377
0 1 0.368299 0.199480 0.102232 0.006326 0.323663
0 1 0.639294 0.107868 0.049563 0.002338 0.200936
0 1 0.725300 0.081937 0.035100 0.001929 0.155734
0 1 0.689439 0.106507 0.052174 0.008066 0.143814
0 0 0.672418 0.108037 0.051851 0.005397 0.162297
0 1 0.514802 0.149328 0.062243 0.005148 0.268479
0 1 0.385990 0.208246 0.123241 0.011520 0.271002
4 1 0.293750 0.225736 0.118852 0.007917 0.353746
4 1 0.326596 0.204576 0.099119 0.005034 0.364675
0 1 0.328601 0.227698 0.134397 0.013254 0.296051
0 1 0.308972 0.234254 0.138418 0.013639 0.304718
0 2 0.318541 0.228135 0.138210 0.009251 0.305864
0 1 0.372207 0.218638 0.156763 0.010860 0.241532
0 1 0.404194 0.210290 0.215568 0.019054 0.150895
0 1 0.475447 0.186971 0.131199 0.019990 0.186392
0 2 0.320267 0.241079 0.168522 0.024825 0.245307
0 2 0.326417 0.236073 0.161721 0.016641 0.259148
4 2 0.289406 0.243925 0.159284 0.012481 0.294904
2 2 0.233862 0.266511 0.294886 0.022575 0.182166
2 2 0.055806 0.258596 0.565305 0.029366 0.090927
2 2 0.087248 0.270290 0.491643 0.044730 0.106089
2 2 0.116036 0.293835 0.389734 0.041884 0.158511
2 2 0.095639 0.268825 0.475194 0.055754 0.104587
2 2 0.073270 0.235186 0.572403 0.052044 0.067097
2 2 0.096444 0.200542 0.608975 0.048613 0.045426
2 2 0.031289 0.190471 0.711484 0.027725 0.039031
2 1 0.010613 0.112119 0.852344 0.012613 0.012311
2 2 0.012456 0.165903 0.780256 0.009436 0.031949
2 2 0.007534 0.119705 0.850049 0.007182 0.015530
2 2 0.016739 0.143959 0.801115 0.017224 0.020963
2 2 0.006692 0.059730 0.908769 0.020318 0.004491
2 2 0.021509 0.104534 0.828355 0.036428 0.009174
2 2 0.006592 0.049668 0.915312 0.025408 0.003020
2 2 0.007457 0.050514 0.892084 0.044886 0.005059
2 2 0.018386 0.088165 0.838594 0.046428 0.008427
2 2 0.088735 0.178212 0.651749 0.048168 0.033136
2 1 0.053442 0.179892 0.675758 0.058801 0.032107
2 1 0.078888 0.198300 0.620754 0.059685 0.042374
2 2 0.065008 0.268523 0.534581 0.022000 0.109888
2 2 0.018797 0.201463 0.666923 0.012403 0.100414
2 2 0.006039 0.123492 0.805796 0.012407 0.052265
2 2 0.007157 0.152376 0.784605 0.007414 0.048448
2 2 0.002122 0.069652 0.911463 0.004695 0.012068
2 2 0.004107 0.082526 0.894802 0.007265 0.011299
2 2 0.004549 0.061941 0.915789 0.012056 0.005666
2 2 0.007291 0.080949 0.888317 0.014972 0.008471
2 2 0.009022 0.077495 0.883782 0.022045 0.007656
2 2 0.005563 0.044725 0.915254 0.030949 0.003509
2 2 0.004856 0.050948 0.921666 0.018538 0.003992
2 2 0.001105 0.015159 0.955306 0.027339 0.001091
2 2 0.000482 0.008270 0.953214 0.037252 0.000783
2 2 0.001636 0.016601 0.922519 0.057501 0.001744
2 2 0.002910 0.023689 0.877862 0.091467 0.004072
2 2 0.005299 0.038382 0.872626 0.077040 0.006654
2 2 0.003971 0.031976 0.884912 0.073731 0.005410
2 2 0.004103 0.031653 0.878211 0.080574 0.005459
2 2 0.001812 0.018434 0.919065 0.058494 0.002195
2 2 0.003892 0.025141 0.861298 0.106175 0.003493
2 2 0.005168 0.036089 0.884859 0.069156 0.004729
2 2 0.007417 0.048710 0.874050 0.063036 0.006787
2 2 0.008477 0.050528 0.854658 0.078350 0.007986
2 2 0.011942 0.058076 0.824131 0.096507 0.009345
2 2 0.006821 0.042375 0.869629 0.075413 0.005762
2 2 0.006261 0.038246 0.881127 0.070245 0.004121
2 2 0.004487 0.031894 0.901698 0.058812 0.003109
2 2 0.004474 0.029704 0.887791 0.074827 0.003205
2 2 0.004267 0.031414 0.902587 0.058511 0.003221
2 2 0.002678 0.020448 0.882232 0.091950 0.002693
2 3 0.003154 0.020857 0.853909 0.119097 0.002984
2 2 0.003990 0.020447 0.775818 0.196102 0.003643
2 2 0.004061 0.022186 0.780658 0.188517 0.004578
2 2 0.002398 0.015282 0.767847 0.210834 0.003638
2 2 0.003964 0.018358 0.654219 0.317569 0.005891
2 3 0.002744 0.014481 0.684586 0.294082 0.004107
2 2 0.002744 0.015758 0.752575 0.225423 0.003500
2 3 0.005020 0.022928 0.754554 0.213337 0.004162
2 2 0.013175 0.048021 0.831254 0.103694 0.003856
2 3 0.059930 0.116582 0.690079 0.123278 0.010131
2 3 0.092653 0.165600 0.583018 0.133303 0.025425
2 2 0.022716 0.097731 0.783322 0.077825 0.018406
2 2 0.192460 0.190404 0.530417 0.041460 0.045258
2 2 0.209716 0.204620 0.403517 0.126288 0.055858
2 2 0.067685 0.179415 0.639165 0.082017 0.031718
2 0 0.126681 0.246048 0.461243 0.083382 0.082646
2 1 0.213685 0.258176 0.361826 0.012415 0.153898
0 2 0.485403 0.173480 0.109207 0.005733 0.226177
0 1 0.676094 0.097919 0.042946 0.002509 0.180532
0 1 0.768165 0.070429 0.027716 0.002253 0.131437
0 1 0.613241 0.126312 0.059108 0.006047 0.195293
0 1 0.518051 0.156500 0.078003 0.006553 0.240893
0 1 0.312984 0.238556 0.150378 0.018442 0.279640
4 1 0.320339 0.222623 0.122193 0.009419 0.325426
4 1 0.325764 0.195080 0.088357 0.003579 0.387220
0 1 0.380230 0.169730 0.071451 0.002293 0.376295
0 1 0.498109 0.131362 0.050266 0.001501 0.318761
0 1 0.567621 0.115499 0.040820 0.001788 0.274272
0 1 0.534565 0.146807 0.067248 0.005293 0.246087
0 1 0.858613 0.049192 0.021518 0.005106 0.065571
0 0 0.605589 0.139223 0.094075 0.055902 0.105211
0 1 0.368793 0.219303 0.178550 0.078680 0.154675
0 1 0.503667 0.177611 0.125933 0.048675 0.144113
0 1 0.634014 0.132465 0.081006 0.023921 0.128594
0 0 0.674624 0.116721 0.066322 0.013109 0.129223
0 0 0.847836 0.054182 0.025360 0.021056 0.051566
0 0 0.882787 0.041205 0.014827 0.012409 0.048772
0 0 0.863919 0.048749 0.020608 0.011486 0.055237
0 0 0.741127 0.093830 0.052287 0.024241 0.088515
0 0 0.652570 0.125848 0.075712 0.023519 0.122351
0 0 0.635063 0.129216 0.075605 0.012911 0.147205
0 0 0.898401 0.027369 0.012308 0.042538 0.019384
0 0 0.961133 0.003795 0.001185 0.031631 0.002257
0 0 0.979921 0.001984 0.000357 0.016075 0.001663
0 0 0.980716 0.005248 0.000795 0.005328 0.007913
0 0 0.947551 0.017171 0.004095 0.006511 0.024673
0 0 0.558953 0.157949 0.106967 0.047051 0.129080
0 0 0.685015 0.113427 0.064816 0.016477 0.120266
0 0 0.574690 0.149970 0.092436 0.013742 0.169162
0 0 0.459922 0.192860 0.135586 0.024804 0.186829
0 0 0.437905 0.201056 0.145480 0.029208 0.186351
0 1 0.290037 0.253058 0.219008 0.040949 0.196948
0 1 0.321894 0.241862 0.174873 0.034155 0.227217
0 1 0.315752 0.244226 0.181018 0.038398 0.220607
0 1 0.281984 0.255091 0.220798 0.047971 0.194155
2 1 0.139690 0.246488 0.445290 0.081737 0.086795
2 2 0.047902 0.199040 0.665211 0.045855 0.041992
2 2 0.036880 0.162622 0.732225 0.042896 0.025377
2 2 0.024421 0.108733 0.815736 0.041201 0.009909
2 2 0.025548 0.122610 0.800953 0.037728 0.013162
2 2 0.025786 0.121398 0.801304 0.038680 0.012832
2 2 0.026728 0.117618 0.801600 0.042221 0.011832
2 2 0.018664 0.092596 0.846893 0.034830 0.007016
2 2 0.021416 0.105936 0.827543 0.035627 0.009478
2 2 0.031494 0.136395 0.771796 0.043671 0.016644
2 2 0.055735 0.163122 0.691497 0.064477 0.025169
2 1 0.145620 0.225244 0.499438 0.062772 0.066927
2 2 0.102186 0.210527 0.554253 0.082268 0.050766
2 2 0.063883 0.182007 0.646275 0.074838 0.032996
2 1 0.110669 0.255569 0.499104 0.040854 0.093804
2 1 0.075760 0.197238 0.639011 0.045487 0.042504
1 1 0.180136 0.290967 0.227736 0.055969 0.245192
2 1 0.125682 0.301850 0.317297 0.064505 0.190667
2 1 0.093303 0.307940 0.371212 0.046394 0.181151
2 1 0.011655 0.180328 0.759987 0.007651 0.040379
2 2 0.002395 0.083047 0.893195 0.004287 0.017076
2 2 0.002208 0.077689 0.899731 0.004432 0.015939
2 2 0.007534 0.155428 0.801910 0.005091 0.030037
2 2 0.006433 0.127486 0.839688 0.005746 0.020648
2 2 0.005250 0.087886 0.889484 0.007649 0.009731
2 2 0.008002 0.114254 0.855782 0.008296 0.013666
2 2 0.005297 0.068462 0.907074 0.012591 0.006576
2 2 0.011173 0.105548 0.858144 0.014617 0.010518
2 2 0.011386 0.111654 0.850960 0.013983 0.012018
2 2 0.012341 0.130777 0.826629 0.012785 0.017468
2 2 0.011426 0.104501 0.858584 0.015268 0.010222
2 2 0.010814 0.086548 0.878227 0.017846 0.006565
2 2 0.016862 0.093353 0.852490 0.030027 0.007268
2 2 0.010828 0.070863 0.891454 0.022768 0.004087
2 2 0.008514 0.064803 0.895991 0.025541 0.005150
2 2 0.010497 0.084530 0.880212 0.018259 0.006502
2 2 0.007213 0.055026 0.906891 0.026864 0.004005
2 2 0.008550 0.056837 0.898501 0.032022 0.004091
2 2 0.002655 0.026576 0.936357 0.032325 0.002087
2 2 0.002802 0.027678 0.937137 0.030345 0.002038
2 2 0.004010 0.034196 0.919248 0.039402 0.003144
2 2 0.013083 0.084084 0.872172 0.024591 0.006071
2 2 0.016941 0.087645 0.856540 0.032622 0.006252
2 2 0.018509 0.091329 0.844205 0.038366 0.007591
2 2 0.010837 0.062905 0.868095 0.051297 0.006866
2 2 0.012809 0.058213 0.817374 0.102690 0.008914
2 2 0.009664 0.054422 0.859689 0.069200 0.007025
2 2 0.005952 0.039175 0.876454 0.073107 0.005311
2 2 0.003447 0.027009 0.889131 0.076568 0.003845
2 2 0.002916 0.027035 0.913876 0.052801 0.003373
2 2 0.002931 0.025631 0.901235 0.066584 0.003619
2 2 0.004157 0.028917 0.871715 0.090878 0.004333
2 2 0.006656 0.037999 0.852082 0.097748 0.005516
2 3 0.004387 0.026035 0.832982 0.132289 0.004307
2 3 0.005054 0.028035 0.799592 0.161444 0.005875
2 3 0.005921 0.033518 0.815165 0.138459 0.006937
2 3 0.004098 0.025946 0.803860 0.159602 0.006494
2 3 0.004293 0.029136 0.847106 0.113755 0.005711
2 3 0.004907 0.028954 0.826143 0.134600 0.005396
2 3 0.003783 0.022943 0.819124 0.149924 0.004226
2 3 0.005740 0.022299 0.652594 0.313483 0.005884
2 3 0.008912 0.023891 0.517637 0.442154 0.007407
2 3 0.010928 0.026964 0.502313 0.451248 0.008546
2 2 0.021381 0.051552 0.609057 0.305905 0.012104
2 2 0.041138 0.102849 0.676131 0.161050 0.018832
2 2 0.055829 0.147804 0.682940 0.091671 0.021756
2 2 0.048400 0.139010 0.706488 0.086179 0.019922
2 2 0.074551 0.154572 0.627543 0.120171 0.023163
2 2 0.078768 0.159233 0.623192 0.116111 0.022695
2 2 0.088976 0.165957 0.592674 0.126908 0.025485
2 2 0.146155 0.192777 0.477876 0.141570 0.041621
2 2 0.230860 0.200715 0.435911 0.078714 0.053800
2 1 0.324031 0.200413 0.351712 0.054686 0.069157
2 1 0.228108 0.218373 0.422889 0.059215 0.071414
2 2 0.239722 0.243087 0.346261 0.059864 0.111065
2 2 0.164393 0.270694 0.360496 0.073440 0.130977
2 2 0.064218 0.257790 0.555989 0.031378 0.090625
0 2 0.311726 0.232110 0.300329 0.017028 0.138807
0 1 0.446836 0.197454 0.135564 0.024765 0.195380
0 1 0.273040 0.259068 0.189001 0.037606 0.241285
1 1 0.136258 0.300694 0.292402 0.068406 0.202239
2 1 0.076804 0.294841 0.448788 0.034958 0.144609
2 1 0.031572 0.255642 0.604715 0.014058 0.094013
2 2 0.019375 0.200145 0.718765 0.013378 0.048337
2 2 0.013930 0.136728 0.815994 0.014283 0.019066
2 2 0.013004 0.111396 0.847082 0.016869 0.011647
2 2 0.010765 0.095366 0.869835 0.015743 0.008290
2 2 0.016547 0.115747 0.833038 0.022429 0.012239
2 2 0.018079 0.124427 0.819985 0.023121 0.014388
2 2 0.024809 0.164330 0.758609 0.024805 0.027447
2 2 0.028929 0.194091 0.711195 0.024269 0.041516
2 2 0.020986 0.160240 0.771926 0.020406 0.026442
2 2 0.014271 0.107312 0.847857 0.020105 0.010454
2 2 0.014238 0.088854 0.864979 0.025282 0.006647
2 2 0.011598 0.070484 0.888740 0.025192 0.003986
2 2 0.009946 0.063174 0.893885 0.028900 0.004095
2 2 0.008165 0.059051 0.902368 0.026345 0.004071
2 2 0.008388 0.065160 0.893774 0.026931 0.005747
2 2 0.009148 0.063331 0.883814 0.037218 0.006489
2 2 0.015660 0.087113 0.837949 0.048017 0.011260
2 2 0.031461 0.127608 0.765045 0.057695 0.018191
2 2 0.041403 0.143064 0.738330 0.058942 0.018261
2 2 0.040559 0.138765 0.744076 0.059723 0.016878
2 2 0.041355 0.139938 0.740896 0.060613 0.017199
2 2 0.015502 0.075398 0.835028 0.064607 0.009464
2 2 0.025497 0.108564 0.803763 0.050449 0.011727
2 2 0.025140 0.104311 0.810790 0.049778 0.009981
2 2 0.030213 0.120507 0.788650 0.048273 0.012356
2 2 0.033517 0.127944 0.772985 0.051408 0.014147
2 2 0.043364 0.140221 0.734892 0.064394 0.017130
2 2 0.045106 0.135446 0.732954 0.071007 0.015487
2 2 0.052144 0.144099 0.706771 0.079113 0.017873
2 2 0.034243 0.115308 0.764399 0.072477 0.013573
2 2 0.039379 0.116136 0.747495 0.084015 0.012975
2 2 0.043913 0.123345 0.736190 0.083140 0.013413
2 2 0.047339 0.133973 0.717224 0.084390 0.017075
2 2 0.034895 0.111824 0.749536 0.088621 0.015124
2 2 0.020706 0.077609 0.797653 0.094169 0.009863
2 2 0.021125 0.070202 0.781649 0.118409 0.008615
2 2 0.022896 0.081512 0.806556 0.081005 0.008032
2 2 0.011201 0.057160 0.865813 0.060491 0.005335
2 2 0.009398 0.059144 0.885525 0.040617 0.005315
2 2 0.003651 0.032864 0.930316 0.030766 0.002404
2 2 0.003040 0.029116 0.934282 0.031363 0.002198
2 2 0.004196 0.035392 0.920070 0.037267 0.003076
2 2 0.004467 0.036533 0.914290 0.041228 0.003482
2 2 0.003688 0.032786 0.926719 0.034160 0.002647
2 2 0.003053 0.028940 0.930905 0.034698 0.002405
2 2 0.004626 0.037642 0.916398 0.038021 0.003312
2 2 0.006502 0.047280 0.907441 0.035014 0.003763
2 2 0.010192 0.056715 0.867258 0.059677 0.006158
2 2 0.023009 0.093081 0.813252 0.061082 0.009575
2 2 0.025396 0.100282 0.802010 0.061447 0.010864
2 2 0.022471 0.085746 0.797774 0.083266 0.010744
2 2 0.018045 0.078900 0.823112 0.070514 0.009428
2 2 0.018210 0.072031 0.806424 0.094000 0.009335
2 2 0.027456 0.084737 0.743479 0.131189 0.013139
2 2 0.037413 0.101387 0.728326 0.119600 0.013274
2 2 0.029283 0.076661 0.716086 0.166961 0.011009
2 2 0.025361 0.063784 0.692523 0.208475 0.009857
2 2 0.046538 0.091019 0.631767 0.216188 0.014488
2 2 0.099586 0.118214 0.459609 0.299065 0.023526
2 2 0.091126 0.115961 0.478020 0.291436 0.023456
2 2 0.078276 0.112762 0.528752 0.259696 0.020514
2 2 0.033937 0.084980 0.716392 0.153589 0.011103
2 2 0.031832 0.083779 0.728570 0.144985 0.010834
2 2 0.025973 0.076662 0.744553 0.141989 0.010823
2 2 0.030935 0.076731 0.680331 0.198665 0.013339
2 2 0.052681 0.110556 0.652297 0.167497 0.016969
2 2 0.074070 0.124724 0.586580 0.194655 0.019971
2 2 0.107023 0.158840 0.546154 0.164681 0.023301
2 2 0.059717 0.110031 0.611935 0.200352 0.017965
2 2 0.062095 0.111724 0.607591 0.200687 0.017904
2 2 0.068878 0.119078 0.571019 0.217862 0.023163
2 2 0.093313 0.169854 0.569617 0.137224 0.029992
2 2 0.057014 0.127630 0.654965 0.139852 0.020541
2 2 0.038688 0.103903 0.719741 0.123207 0.014461
2 2 0.030770 0.086274 0.726601 0.143410 0.012944
2 3 0.046474 0.112486 0.692270 0.132773 0.015996
2 2 0.054914 0.113188 0.658821 0.157451 0.015625
2 1 0.072723 0.145809 0.645320 0.118186 0.017962
2 2 0.174121 0.186213 0.499964 0.101128 0.038575
0 0 0.455924 0.180383 0.186818 0.086454 0.090421
0 1 0.247576 0.231042 0.219175 0.176466 0.125741
1 1 0.171606 0.286676 0.282047 0.073176 0.186495
1 2 0.155354 0.298843 0.211113 0.036338 0.298351
2 2 0.064546 0.310405 0.380588 0.007969 0.236491
2 2 0.080417 0.307193 0.356275 0.007252 0.248864
4 4 0.120601 0.295256 0.239710 0.006253 0.338181
4 4 0.105604 0.285658 0.192985 0.004246 0.411507
4 4 0.179587 0.204473 0.078763 0.001784 0.535392
4 4 0.207397 0.135034 0.066473 0.000985 0.590111
4 4 0.363347 0.100891 0.050015 0.000835 0.484912
4 4 0.308855 0.117037 0.046097 0.000571 0.527440
4 4 0.207695 0.234984 0.111294 0.005079 0.440948
4 4 0.207382 0.241571 0.118989 0.006192 0.425867
4 4 0.255593 0.185170 0.070636 0.001584 0.487017
0 4 0.518382 0.095671 0.040085 0.000834 0.345028
0 4 0.516754 0.067584 0.037877 0.001170 0.376615
0 4 0.558094 0.047622 0.020433 0.000364 0.373487
0 4 0.729504 0.049901 0.015078 0.000334 0.205183
0 4 0.667635 0.068397 0.019257 0.000396 0.244315
0 4 0.636718 0.087067 0.027954 0.000772 0.247488
0 4 0.450597 0.112286 0.043884 0.000803 0.392430
0 4 0.629887 0.066744 0.020115 0.000315 0.282939
0 4 0.510410 0.052916 0.016319 0.000125 0.420231
0 4 0.556353 0.065292 0.017605 0.000215 0.360535
0 4 0.506011 0.106117 0.030936 0.000602 0.356335
4 4 0.350118 0.182236 0.075837 0.003047 0.388762
4 4 0.184664 0.272558 0.158456 0.014286 0.370036
4 4 0.120083 0.293048 0.170922 0.015188 0.400759
4 4 0.112656 0.308607 0.202918 0.026904 0.348916
1 4 0.107671 0.312334 0.297216 0.018401 0.264378
2 4 0.044451 0.257904 0.585370 0.015834 0.096440
2 4 0.062587 0.263287 0.552320 0.014033 0.107773
2 4 0.114238 0.303600 0.346831 0.016183 0.219148
4 4 0.282317 0.183817 0.072212 0.001799 0.459856
4 4 0.265670 0.183614 0.070370 0.001607 0.478740
4 4 0.355418 0.154801 0.056456 0.001116 0.432210
4 4 0.307372 0.185245 0.076266 0.002235 0.428882
4 4 0.155181 0.201959 0.074677 0.001463 0.566720
4 4 0.143843 0.250200 0.117082 0.005018 0.483857
4 4 0.104131 0.292356 0.164136 0.012725 0.426652
4 4 0.093342 0.314428 0.227423 0.018338 0.346469
4 4 0.096946 0.267537 0.136627 0.004418 0.494472
4 4 0.147861 0.223406 0.091372 0.002499 0.534862
4 4 0.256174 0.191166 0.075556 0.001908 0.475196
4 4 0.376758 0.166353 0.067961 0.001971 0.386957
0 4 0.371868 0.183375 0.083735 0.003521 0.357501
4 4 0.362631 0.183980 0.082826 0.003315 0.367248
0 4 0.408569 0.174394 0.080486 0.003535 0.333016
0 4 0.423441 0.173930 0.082771 0.004041 0.315817
0 4 0.492818 0.153388 0.071845 0.003679 0.278271
0 4 0.730448 0.071506 0.025555 0.000982 0.171509
0 4 0.801250 0.039679 0.009970 0.000190 0.148910
0 4 0.727329 0.034586 0.007320 0.000059 0.230706
0 4 0.818704 0.025624 0.004618 0.000079 0.150974
0 4 0.863708 0.022840 0.003865 0.000107 0.109479
0 4 0.852782 0.023106 0.003914 0.000092 0.120106
0 4 0.706909 0.032452 0.005378 0.000057 0.255204
0 4 0.529410 0.079343 0.017063 0.000228 0.373957
4 4 0.427448 0.109314 0.027871 0.000428 0.434939
0 4 0.455027 0.130799 0.041378 0.001268 0.371527
4 4 0.214829 0.233157 0.110174 0.005100 0.436740
4 4 0.258578 0.164483 0.055845 0.000849 0.520244
4 4 0.081705 0.271874 0.131062 0.006011 0.509348
4 4 0.387308 0.084251 0.023529 0.000132 0.504779
4 4 0.373576 0.056945 0.018960 0.000104 0.550415
0 4 0.475552 0.060369 0.025359 0.000381 0.438338
0 4 0.749741 0.061934 0.018989 0.000735 0.168601
0 4 0.551658 0.119437 0.045411 0.001553 0.281941
0 4 0.421277 0.167800 0.075272 0.003108 0.332543
4 4 0.336050 0.207891 0.105385 0.006242 0.344432
4 4 0.264399 0.222794 0.108080 0.005430 0.399298
4 4 0.230727 0.223059 0.102202 0.004202 0.439810
4 4 0.363276 0.135690 0.043976 0.000587 0.456470
0 4 0.484093 0.073437 0.024088 0.000278 0.418104
0 4 0.713170 0.039863 0.009723 0.000120 0.237123
0 4 0.872446 0.031859 0.008492 0.000535 0.086668
0 4 0.814581 0.058921 0.024751 0.002438 0.099308
0 4 0.491067 0.161418 0.082495 0.005187 0.259834
4 4 0.235634 0.232465 0.113787 0.005846 0.412267
4 4 0.331612 0.181837 0.076230 0.002387 0.407935
4 4 0.246466 0.251428 0.144382 0.012721 0.345003
4 4 0.219438 0.229018 0.106734 0.004631 0.440179
4 4 0.110105 0.291060 0.163905 0.012878 0.422052
4 4 0.207241 0.280438 0.194636 0.032121 0.285565
0 4 0.415108 0.178383 0.079152 0.005179 0.322179
4 4 0.418155 0.092405 0.025084 0.000159 0.464198
0 4 0.640154 0.064377 0.015569 0.000187 0.279713
0 4 0.725400 0.079745 0.029830 0.001978 0.163047
4 4 0.318170 0.222998 0.122075 0.009323 0.327434
1 4 0.247176 0.267605 0.190671 0.034785 0.259762
0 4 0.326901 0.237998 0.160679 0.024918 0.249504
1 4 0.144398 0.301793 0.290135 0.025552 0.238122
1 4 0.134539 0.305186 0.296784 0.028604 0.234886
4 4 0.134112 0.241633 0.106658 0.003744 0.513852
4 4 0.136260 0.244824 0.110180 0.004131 0.504605
4 4 0.064838 0.268591 0.130509 0.004011 0.532050
4 4 0.118528 0.261439 0.125378 0.005770 0.488885
4 4 0.156203 0.259668 0.130646 0.007175 0.446308
4 4 0.319657 0.198424 0.090872 0.003815 0.387232
0 4 0.396286 0.167899 0.071926 0.002455 0.361434
0 4 0.396061 0.179587 0.083926 0.003834 0.336591
4 4 0.310191 0.222075 0.118211 0.008201 0.341321
4 4 0.153466 0.292388 0.185895 0.022402 0.345849
1 4 0.134819 0.306256 0.219195 0.039106 0.300625
1 4 0.115471 0.313910 0.238461 0.040932 0.291226
1 4 0.135317 0.307111 0.235225 0.036346 0.286000
1 4 0.180346 0.291465 0.218269 0.046186 0.263734
1 4 0.196041 0.282160 0.235674 0.072611 0.213513
1 4 0.225162 0.273577 0.223065 0.063886 0.214309
1 4 0.247361 0.268448 0.233714 0.030962 0.219514
0 4 0.372559 0.217401 0.249708 0.024772 0.135560
0 1 0.502809 0.172903 0.107573 0.012684 0.204030
0 1 0.447158 0.192625 0.120827 0.015000 0.224390
0 1 0.370787 0.213086 0.124250 0.012159 0.279718
0 1 0.432148 0.175416 0.086390 0.004740 0.301306
0 1 0.510105 0.162975 0.090669 0.007611 0.228641
0 1 0.415017 0.192484 0.105656 0.008315 0.278528
0 1 0.394358 0.201773 0.113748 0.009750 0.280372
4 1 0.295342 0.240954 0.145704 0.015468 0.302532
4 0 0.290221 0.240562 0.142376 0.014042 0.312800
0 1 0.342009 0.210901 0.111076 0.007490 0.328524
0 1 0.443574 0.170705 0.083127 0.004402 0.298192
0 0 0.432882 0.165154 0.074819 0.003103 0.324043
0 1 0.464624 0.165770 0.081723 0.004529 0.283354
0 1 0.411564 0.189878 0.100574 0.007016 0.290967
4 1 0.287623 0.223190 0.113753 0.006784 0.368650
4 1 0.227419 0.223809 0.102453 0.004195 0.442124
4 1 0.260355 0.204937 0.088364 0.002988 0.443356
4 1 0.268237 0.216049 0.101059 0.004498 0.410156
4 0 0.298070 0.210720 0.100610 0.004832 0.385768
4 0 0.241728 0.224227 0.105382 0.004732 0.423930
4 1 0.138567 0.271962 0.142934 0.009024 0.437513
4 1 0.165196 0.268337 0.144857 0.010110 0.411501
4 1 0.147551 0.253224 0.121132 0.005597 0.472496
4 1 0.168677 0.249472 0.120711 0.005842 0.455298
4 1 0.197908 0.238432 0.113416 0.005235 0.445008
0 1 0.353840 0.200473 0.100019 0.005638 0.340030
0 1 0.493767 0.160525 0.081990 0.005147 0.258571
0 0 0.568746 0.147978 0.087789 0.009257 0.186230
0 0 0.497916 0.178107 0.119046 0.018501 0.186430
0 0 0.465328 0.190561 0.131692 0.022759 0.189661
0 1 0.356393 0.225979 0.147238 0.020386 0.250005
0 1 0.342966 0.227759 0.142292 0.017047 0.269936
0 0 0.408782 0.206902 0.132287 0.017379 0.234651
0 0 0.421094 0.206131 0.142703 0.024586 0.205487
0 0 0.331339 0.237586 0.164998 0.028181 0.237896
0 1 0.287563 0.254116 0.188720 0.040029 0.229572
0 1 0.264033 0.261754 0.204396 0.051090 0.218727
0 1 0.264522 0.262075 0.199447 0.045691 0.228265
0 1 0.318979 0.241788 0.192713 0.052339 0.194181
0 1 0.457062 0.193941 0.136859 0.025342 0.186796
0 1 0.489923 0.181267 0.122465 0.019703 0.186642
0 1 0.528244 0.168200 0.110146 0.019321 0.174090
0 1 0.336669 0.236740 0.171935 0.034207 0.220449
0 1 0.427617 0.204781 0.150173 0.031482 0.185947
1 1 0.231334 0.270032 0.239175 0.064813 0.194647
2 1 0.151861 0.262030 0.381229 0.092801 0.112078
2 1 0.143488 0.295595 0.325047 0.052178 0.183692
1 2 0.169726 0.295237 0.261892 0.034441 0.238703
1 2 0.248830 0.268202 0.210581 0.038017 0.234371
1 1 0.191282 0.286363 0.255321 0.052326 0.214707
1 1 0.177786 0.292271 0.215942 0.043616 0.270385
1 1 0.159454 0.295451 0.294341 0.044950 0.205804
2 1 0.180355 0.285408 0.294293 0.054553 0.185391
0 1 0.442946 0.196801 0.148658 0.062834 0.148761
0 1 0.546705 0.164506 0.121694 0.033711 0.133384
0 0 0.412925 0.211438 0.138949 0.038650 0.198037
0 0 0.475092 0.188878 0.123092 0.029893 0.183045
0 1 0.658382 0.123681 0.068660 0.024598 0.124679
0 1 0.396736 0.215110 0.166057 0.047008 0.175089
0 1 0.444637 0.199084 0.146462 0.040982 0.168835
0 1 0.358441 0.227650 0.182615 0.051146 0.180147
0 1 0.278716 0.252623 0.220234 0.067238 0.181189
1 1 0.218244 0.274531 0.229982 0.070495 0.206748
1 1 0.222196 0.268764 0.235489 0.086081 0.187469
0 1 0.315760 0.239292 0.203039 0.068166 0.173743
0 1 0.272671 0.248389 0.223451 0.090608 0.164881
0 1 0.321704 0.237811 0.200195 0.065518 0.174772
1 1 0.211557 0.272569 0.238524 0.086544 0.190807
1 2 0.158354 0.292886 0.261358 0.080324 0.207078
1 2 0.171731 0.290017 0.285963 0.055659 0.196631
2 1 0.133005 0.283180 0.389251 0.053450 0.141115
2 2 0.124770 0.293120 0.366038 0.056239 0.159832
1 2 0.205263 0.282391 0.219652 0.053288 0.239406
1 1 0.148913 0.299289 0.277870 0.059775 0.214154
1 2 0.178157 0.286396 0.257726 0.076535 0.201187
2 2 0.246800 0.251911 0.266999 0.090490 0.143800
0 2 0.353127 0.219379 0.183206 0.099820 0.144468
0 2 0.419942 0.188436 0.149515 0.124824 0.117284
1 2 0.210090 0.254904 0.251182 0.136672 0.147153
2 0 0.110734 0.304645 0.343825 0.056590 0.184205
2 2 0.063828 0.323833 0.354647 0.024719 0.232974
2 2 0.003720 0.180219 0.762144 0.001521 0.052396
2 2 0.004067 0.155423 0.803226 0.002158 0.035126
2 2 0.003973 0.157355 0.792948 0.002363 0.043362
2 2 0.004504 0.197137 0.732411 0.001747 0.064201
2 2 0.002284 0.142192 0.803004 0.001573 0.050947
2 2 0.004393 0.198570 0.727815 0.001697 0.067525
2 2 0.007002 0.222488 0.685157 0.002542 0.082812
2 2 0.009821 0.214055 0.704004 0.004656 0.067464
2 2 0.008512 0.196441 0.736054 0.004337 0.054656
2 2 0.008207 0.207735 0.715745 0.003782 0.064530
2 2 0.007130 0.221100 0.688889 0.002804 0.080077
2 2 0.007995 0.223668 0.684485 0.003239 0.080613
2 2 0.011342 0.247415 0.635444 0.004480 0.101318
2 2 0.010450 0.245531 0.639126 0.004041 0.100852
2 2 0.009963 0.243745 0.642787 0.003825 0.099679
2 2 0.008507 0.222907 0.686419 0.003558 0.078609
2 2 0.011203 0.226835 0.679236 0.005111 0.077615
2 2 0.009414 0.179848 0.763060 0.005687 0.041992
2 2 0.006267 0.131796 0.836385 0.004912 0.020639
2 2 0.002525 0.081165 0.900312 0.003771 0.012226
2 2 0.000857 0.035641 0.955158 0.004003 0.004340
2 2 0.000300 0.015427 0.974658 0.007019 0.002597
2 2 0.000297 0.015843 0.974854 0.006382 0.002624
2 2 0.000386 0.017425 0.974069 0.005983 0.002136
2 2 0.000870 0.030292 0.960977 0.004921 0.002939
2 2 0.000696 0.022778 0.967710 0.006634 0.002182
2 2 0.000946 0.020712 0.961947 0.014280 0.002116
2 2 0.001203 0.025703 0.953175 0.016405 0.003514
2 2 0.000854 0.021345 0.954599 0.019218 0.003984
2 2 0.001044 0.021614 0.949528 0.024052 0.003763
2 2 0.001133 0.023875 0.947156 0.023340 0.004497
2 2 0.001346 0.023234 0.952146 0.020682 0.002593
2 2 0.000485 0.013267 0.970061 0.014724 0.001462
2 2 0.000239 0.007914 0.977860 0.013261 0.000726
2 2 0.000133 0.004835 0.970863 0.023480 0.000689
2 2 0.000278 0.005773 0.934614 0.058328 0.001007
2 3 0.000289 0.005586 0.902661 0.090027 0.001437
2 3 0.000614 0.009140 0.893959 0.093992 0.002294
2 3 0.000763 0.010550 0.892094 0.093995 0.002598
2 3 0.001362 0.015235 0.876869 0.102669 0.003865
2 3 0.000838 0.011338 0.899803 0.085504 0.002518
2 3 0.000629 0.009333 0.898060 0.089747 0.002231
2 3 0.000422 0.007136 0.896944 0.093653 0.001845
2 3 0.000641 0.008487 0.818619 0.168612 0.003642
2 3 0.000556 0.007782 0.838007 0.150746 0.002909
2 3 0.001096 0.012279 0.830203 0.151931 0.004491
2 3 0.000852 0.009200 0.810705 0.176249 0.002994
2 3 0.000744 0.008288 0.776965 0.210510 0.003493
2 3 0.001016 0.009149 0.726779 0.259107 0.003949
2 3 0.000904 0.008773 0.727219 0.258863 0.004241
2 3 0.001174 0.010933 0.745957 0.236864 0.005071
2 3 0.000590 0.006212 0.729899 0.260687 0.002612
2 3 0.000950 0.007435 0.652956 0.335333 0.003325
2 3 0.000628 0.005868 0.696348 0.294833 0.002323
2 3 0.001135 0.009667 0.766184 0.220094 0.002921
2 3 0.001057 0.009097 0.787311 0.200276 0.002259
2 3 0.000975 0.007024 0.634282 0.354863 0.002856
2 3 0.001398 0.009414 0.645895 0.339334 0.003959
2 3 0.000628 0.005770 0.630254 0.360021 0.003326
2 3 0.000591 0.006329 0.704482 0.285271 0.003328
2 3 0.000383 0.004547 0.718508 0.274544 0.002017
2 3 0.000704 0.005591 0.598129 0.392718 0.002858
3 3 0.001047 0.006042 0.481503 0.507833 0.003576
3 3 0.001751 0.008119 0.428405 0.556115 0.005609
2 3 0.000928 0.007478 0.641367 0.346386 0.003841
2 3 0.000770 0.008053 0.778267 0.210020 0.002891
2 3 0.000787 0.007419 0.735555 0.253466 0.002773
2 3 0.000960 0.008775 0.762908 0.224462 0.002895
2 3 0.001621 0.009144 0.578525 0.406707 0.004004
2 3 0.001365 0.009800 0.705463 0.280091 0.003281
2 3 0.001231 0.009104 0.682143 0.303963 0.003558
2 3 0.001164 0.008643 0.662104 0.324366 0.003723
2 3 0.001145 0.008617 0.677366 0.309429 0.003444
2 3 0.001398 0.009007 0.603591 0.381640 0.004364
2 3 0.001743 0.009835 0.588152 0.395952 0.004318
2 3 0.004020 0.016024 0.519043 0.452909 0.008003
2 3 0.004790 0.020089 0.573721 0.391960 0.009441
2 3 0.003296 0.014054 0.518610 0.456790 0.007251
2 3 0.002047 0.010776 0.520405 0.460015 0.006758
2 3 0.001561 0.009353 0.560959 0.422866 0.005261
2 3 0.001589 0.010905 0.666584 0.316213 0.004709
2 3 0.001603 0.010198 0.626503 0.357072 0.004625
2 3 0.002244 0.011307 0.536257 0.444074 0.006118
2 3 0.002020 0.010093 0.514440 0.467846 0.005602
3 3 0.003171 0.012704 0.465157 0.511499 0.007468
3 3 0.002882 0.011959 0.479956 0.498676 0.006527
3 3 0.002684 0.010237 0.428496 0.552793 0.005791
