0 0 0.875154 0.034904 0.045423 0.021506 0.023012
0 0 0.919251 0.022228 0.027160 0.013182 0.018180
0 0 0.611113 0.069894 0.139913 0.121074 0.058007
0 0 0.660968 0.060469 0.126392 0.106118 0.046054
0 0 0.813573 0.060254 0.064195 0.025555 0.036424
0 0 0.742915 0.097252 0.094625 0.028062 0.037147
0 0 0.537320 0.167540 0.180765 0.058531 0.055845
0 0 0.551177 0.206540 0.154771 0.032453 0.055058
2 0 0.298085 0.131043 0.321001 0.198737 0.051134
2 0 0.241964 0.107797 0.302878 0.294385 0.052976
0 0 0.299978 0.136593 0.281925 0.212445 0.069059
2 0 0.256595 0.188055 0.331095 0.151052 0.073203
2 0 0.220603 0.239014 0.431530 0.052036 0.056818
2 0 0.210405 0.233851 0.447889 0.053414 0.054441
2 0 0.272042 0.226701 0.375512 0.064939 0.060805
0 0 0.609959 0.143400 0.145904 0.046880 0.053857
0 0 0.585429 0.095230 0.163010 0.102065 0.054267
0 0 0.725808 0.070226 0.102969 0.056870 0.044126
0 0 0.705217 0.076169 0.109304 0.060482 0.048827
0 0 0.589471 0.084352 0.156540 0.113640 0.055997
0 0 0.780929 0.071515 0.082837 0.031234 0.033486
0 0 0.956294 0.014114 0.014616 0.005307 0.009668
0 0 0.967178 0.008344 0.011140 0.005707 0.007632
0 0 0.990256 0.002000 0.003302 0.002083 0.002359
0 0 0.992743 0.001334 0.002431 0.001727 0.001766
0 0 0.994972 0.000553 0.001501 0.001822 0.001152
0 0 0.993384 0.002121 0.002245 0.000724 0.001526
0 0 0.993508 0.001087 0.002143 0.001689 0.001574
0 0 0.985084 0.003797 0.005104 0.002480 0.003536
0 0 0.955877 0.008218 0.013934 0.009610 0.012360
0 0 0.961239 0.005956 0.012231 0.011749 0.008825
0 0 0.967477 0.007945 0.011024 0.005964 0.007589
0 0 0.913048 0.022894 0.029219 0.015196 0.019643
0 0 0.908381 0.033642 0.029744 0.009128 0.019105
0 0 0.890157 0.024178 0.021377 0.004221 0.060067
0 0 0.626466 0.032161 0.030154 0.004754 0.306464
0 0 0.707740 0.061871 0.029187 0.001846 0.199355
0 0 0.946655 0.011405 0.009887 0.001738 0.030314
0 0 0.947248 0.019100 0.010810 0.001149 0.021694
0 0 0.942160 0.014490 0.009410 0.001037 0.032903
0 0 0.944896 0.008189 0.009164 0.002186 0.035564
0 0 0.856765 0.043243 0.027280 0.003439 0.069272
0 0 0.903809 0.037525 0.024302 0.003838 0.030525
0 0 0.956470 0.013329 0.014647 0.005794 0.009760
0 0 0.957880 0.014811 0.013883 0.004348 0.009078
0 0 0.919699 0.052301 0.017054 0.001188 0.009758
0 0 0.937509 0.035514 0.015397 0.001561 0.010019
0 0 0.687448 0.158939 0.068709 0.006778 0.078127
0 0 0.685595 0.102643 0.056854 0.006302 0.148606
0 0 0.501620 0.213469 0.099805 0.010299 0.174806
0 0 0.778292 0.069131 0.051500 0.009702 0.091375
0 0 0.963430 0.008147 0.008118 0.001879 0.018427
0 0 0.985574 0.000382 0.000838 0.000305 0.012902
0 0 0.994433 0.000054 0.000296 0.000381 0.004836
0 0 0.996665 0.000096 0.000269 0.000143 0.002827
0 0 0.982809 0.000242 0.000439 0.000090 0.016420
0 0 0.977769 0.007501 0.007419 0.002386 0.004924
0 0 0.976632 0.003486 0.007024 0.005701 0.007157
0 0 0.979105 0.002249 0.004733 0.003170 0.010743
0 0 0.977031 0.001672 0.004210 0.003281 0.013806
0 0 0.990263 0.004196 0.002401 0.000268 0.002871
0 0 0.970174 0.016715 0.005464 0.000274 0.007372
0 0 0.985739 0.005833 0.004410 0.000901 0.003117
0 0 0.972531 0.006048 0.007541 0.002727 0.011154
0 0 0.973080 0.005713 0.008220 0.004030 0.008957
0 0 0.989024 0.001967 0.003265 0.001788 0.003957
0 0 0.976297 0.004977 0.007001 0.003175 0.008550
0 0 0.984324 0.002616 0.004920 0.003614 0.004526
0 0 0.982268 0.003029 0.005578 0.004013 0.005113
0 0 0.992365 0.001069 0.002418 0.002344 0.001804
0 0 0.994541 0.001017 0.001839 0.001263 0.001339
0 0 0.997987 0.001018 0.000567 0.000065 0.000363
0 0 0.997996 0.001017 0.000563 0.000064 0.000360
0 0 0.998282 0.000391 0.000598 0.000295 0.000433
0 0 0.994946 0.001083 0.001733 0.000994 0.001244
0 0 0.984966 0.002566 0.004922 0.003981 0.003564
0 0 0.977277 0.002350 0.006472 0.009018 0.004883
0 0 0.984672 0.002301 0.004882 0.004564 0.003580
0 0 0.977839 0.001461 0.005362 0.011137 0.004202
0 0 0.992819 0.001342 0.002412 0.001679 0.001749
0 0 0.980223 0.007916 0.006308 0.001467 0.004086
0 1 0.918473 0.038503 0.023928 0.004338 0.014759
0 1 0.809832 0.135501 0.034173 0.001753 0.018741
0 1 0.538230 0.311174 0.092806 0.006771 0.051019
2 2 0.161294 0.346548 0.379523 0.023236 0.089399
2 2 0.058452 0.243621 0.490120 0.051385 0.156423
2 2 0.016596 0.122157 0.669533 0.140303 0.051411
2 2 0.023261 0.164358 0.609241 0.089801 0.113339
2 2 0.014870 0.123678 0.671772 0.124505 0.065174
2 2 0.014774 0.130821 0.690955 0.087427 0.076023
2 2 0.006230 0.079660 0.807180 0.076144 0.030786
2 2 0.005127 0.061588 0.795413 0.115087 0.022784
2 2 0.004990 0.041325 0.707197 0.228209 0.018280
2 2 0.004714 0.025957 0.520658 0.434601 0.014070
3 2 0.002369 0.011217 0.371867 0.608688 0.005859
3 2 0.002451 0.014682 0.434578 0.541638 0.006651
2 3 0.001558 0.012293 0.514413 0.466770 0.004965
3 3 0.001959 0.012045 0.420203 0.560341 0.005453
3 3 0.001889 0.007414 0.239310 0.747180 0.004207
3 3 0.002523 0.005142 0.113621 0.874714 0.004000
3 3 0.003293 0.005532 0.106767 0.879657 0.004751
3 3 0.003529 0.005896 0.109758 0.875751 0.005066
3 3 0.002745 0.004880 0.101697 0.886604 0.004074
3 3 0.002620 0.003982 0.090993 0.898732 0.003672
3 3 0.003698 0.007035 0.120617 0.863084 0.005566
3 3 0.004820 0.008200 0.127147 0.852951 0.006882
3 3 0.003967 0.007115 0.120312 0.862784 0.005823
3 3 0.003465 0.005975 0.110848 0.874673 0.005038
3 3 0.002500 0.004628 0.099821 0.889270 0.003781
3 3 0.003703 0.007708 0.126980 0.855845 0.005764
3 3 0.004943 0.010270 0.143709 0.833476 0.007602
3 3 0.004910 0.009859 0.140613 0.837162 0.007457
3 3 0.003731 0.005882 0.108830 0.876328 0.005229
3 3 0.003252 0.004838 0.099124 0.888282 0.004505
3 3 0.003907 0.005275 0.101650 0.884014 0.005155
3 3 0.004367 0.005568 0.104983 0.879039 0.006042
3 3 0.003756 0.004494 0.093167 0.893841 0.004742
3 3 0.003332 0.003629 0.083596 0.905364 0.004079
3 3 0.003705 0.004235 0.090190 0.897269 0.004600
3 3 0.004358 0.004708 0.094301 0.891259 0.005374
3 3 0.006392 0.006791 0.110211 0.869048 0.007558
3 3 0.006798 0.008275 0.122289 0.854197 0.008441
3 3 0.005352 0.005937 0.104455 0.877778 0.006477
3 3 0.006580 0.006960 0.112376 0.865978 0.008107
3 3 0.007349 0.009401 0.130163 0.843778 0.009309
3 3 0.007891 0.012173 0.148723 0.820566 0.010647
3 3 0.008098 0.012631 0.151397 0.816867 0.011007
3 3 0.006627 0.008667 0.125926 0.850316 0.008462
3 3 0.008185 0.011366 0.142527 0.827321 0.010600
3 3 0.008159 0.009347 0.127881 0.844783 0.009830
3 3 0.007570 0.008481 0.122274 0.852604 0.009072
3 3 0.007812 0.008806 0.126464 0.846760 0.010158
3 3 0.006163 0.006213 0.105792 0.874505 0.007327
3 3 0.008574 0.011403 0.142737 0.826073 0.011214
3 3 0.005675 0.006908 0.113018 0.867302 0.007097
3 3 0.004981 0.006502 0.111041 0.871048 0.006428
3 3 0.004830 0.005843 0.104887 0.878376 0.006064
3 3 0.005346 0.006229 0.107375 0.874460 0.006591
3 3 0.005597 0.007289 0.116715 0.863216 0.007183
3 3 0.005281 0.008568 0.128811 0.849959 0.007380
3 0 0.119231 0.108137 0.318929 0.388095 0.065609
1 3 0.240297 0.342617 0.258986 0.062871 0.095229
1 3 0.252729 0.360811 0.263704 0.040787 0.081970
1 3 0.259397 0.351895 0.237030 0.052237 0.099442
3 3 0.011789 0.015829 0.162916 0.794613 0.014853
3 3 0.006007 0.009508 0.134311 0.841899 0.008275
3 3 0.008364 0.012778 0.151597 0.816045 0.011217
3 3 0.007221 0.011530 0.145996 0.825347 0.009906
3 3 0.007179 0.011418 0.145320 0.826249 0.009835
3 3 0.006593 0.014947 0.170189 0.797915 0.010356
3 3 0.009564 0.017156 0.174813 0.784918 0.013549
3 3 0.012721 0.019027 0.178021 0.773596 0.016635
3 3 0.014061 0.016143 0.160859 0.792354 0.016582
3 3 0.009017 0.009937 0.130620 0.839762 0.010663
3 3 0.008678 0.009278 0.126330 0.845552 0.010162
3 3 0.007333 0.010100 0.135396 0.837662 0.009510
3 3 0.008445 0.009485 0.128356 0.843630 0.010084
3 3 0.009161 0.012296 0.146691 0.820193 0.011660
3 3 0.011525 0.015765 0.163041 0.795035 0.014635
3 3 0.009485 0.011845 0.143052 0.823885 0.011733
3 3 0.005481 0.006994 0.114327 0.866212 0.006986
3 3 0.005242 0.004876 0.093542 0.890400 0.005941
3 3 0.006790 0.006653 0.108079 0.870709 0.007769
3 3 0.007491 0.006746 0.107550 0.869944 0.008270
3 3 0.007907 0.006816 0.107421 0.869288 0.008569
3 3 0.005844 0.004583 0.088981 0.894409 0.006183
3 3 0.004754 0.004666 0.092357 0.892704 0.005519
3 3 0.005264 0.004701 0.091539 0.892621 0.005874
3 3 0.007116 0.007807 0.119392 0.856576 0.009108
3 3 0.006546 0.007947 0.120115 0.857259 0.008132
3 -1 0.011057 0.011668 0.139042 0.825474 0.012758
3 0 0.028346 0.014555 0.146021 0.791358 0.019720
0 0 0.406010 0.226751 0.171003 0.045412 0.150823
0 0 0.407909 0.316207 0.114349 0.008947 0.152588
0 0 0.530505 0.342552 0.062162 0.001779 0.063003
0 0 0.813540 0.152520 0.022078 0.000491 0.011371
0 1 0.761786 0.189653 0.027973 0.000597 0.019991
0 1 0.591179 0.315829 0.050473 0.001243 0.041277
0 1 0.495033 0.346700 0.098087 0.006705 0.053475
2 1 0.119095 0.300758 0.405138 0.056830 0.118179
0 1 0.367106 0.364205 0.157764 0.021180 0.089744
1 0 0.343603 0.363168 0.169984 0.025800 0.097445
1 1 0.244874 0.360995 0.232434 0.033059 0.128637
2 2 0.044371 0.219025 0.572603 0.043840 0.120161
2 2 0.027661 0.200574 0.583440 0.020556 0.167770
2 2 0.016210 0.155313 0.706424 0.019523 0.102530
2 2 0.013958 0.142010 0.731086 0.024219 0.088728
2 2 0.007408 0.100517 0.810588 0.028488 0.052998
2 2 0.010880 0.119377 0.774349 0.033390 0.062005
2 2 0.011885 0.123611 0.774715 0.029703 0.060085
2 2 0.014416 0.135529 0.758790 0.026867 0.064398
2 2 0.006635 0.085120 0.857557 0.023680 0.027007
2 2 0.013329 0.119046 0.808822 0.027278 0.031525
2 2 0.013845 0.118688 0.799687 0.037334 0.030446
2 2 0.022236 0.146417 0.728923 0.061700 0.040724
2 2 0.021394 0.139924 0.681123 0.103613 0.053947
2 3 0.028408 0.171348 0.643017 0.074845 0.082381
1 3 0.231386 0.386449 0.232319 0.012174 0.137672
0 3 0.524289 0.345346 0.054761 0.001172 0.074433
0 2 0.574586 0.324779 0.040382 0.000572 0.059680
1 2 0.376036 0.376635 0.105043 0.005639 0.136647
2 2 0.038303 0.192310 0.648463 0.059142 0.061782
2 3 0.010012 0.097345 0.772600 0.085856 0.034187
2 2 0.008063 0.086347 0.804946 0.073509 0.027135
2 2 0.010637 0.103190 0.764585 0.081549 0.040039
2 4 0.003457 0.059118 0.833787 0.080324 0.023315
2 4 0.011005 0.127384 0.712270 0.048573 0.100767
2 4 0.013093 0.148799 0.669239 0.024120 0.144748
2 4 0.016929 0.174120 0.587643 0.013923 0.207384
2 4 0.018854 0.189917 0.466819 0.005259 0.319152
2 4 0.022019 0.190905 0.596694 0.011288 0.179094
2 4 0.025261 0.187545 0.678191 0.014180 0.094823
2 4 0.041717 0.223968 0.630858 0.017745 0.085712
2 4 0.065294 0.262477 0.561513 0.022093 0.088624
2 4 0.120174 0.320404 0.454592 0.021881 0.082949
2 4 0.118811 0.323782 0.409628 0.025628 0.122151
2 4 0.101878 0.311863 0.366785 0.026364 0.193110
4 4 0.120255 0.299992 0.209908 0.025815 0.344030
4 4 0.041455 0.219973 0.250152 0.010373 0.478048
4 4 0.051950 0.241667 0.271367 0.014114 0.420902
4 4 0.048148 0.238256 0.303158 0.016004 0.394434
2 4 0.057956 0.266658 0.380979 0.017182 0.277225
2 4 0.030806 0.217956 0.414531 0.010430 0.326277
2 4 0.028778 0.213883 0.416244 0.009303 0.331792
4 4 0.030297 0.213502 0.351238 0.008298 0.396665
4 4 0.032480 0.193086 0.200395 0.005875 0.568164
4 4 0.029752 0.204882 0.286398 0.006622 0.472346
4 4 0.033741 0.221770 0.358640 0.009719 0.376131
2 4 0.084447 0.320016 0.372450 0.008787 0.214300
1 4 0.135829 0.359546 0.352912 0.010590 0.141123
2 4 0.133916 0.358905 0.406518 0.007844 0.092816
2 4 0.103029 0.332964 0.357626 0.011570 0.194811
1 1 0.230894 0.392717 0.238561 0.009635 0.128192
1 4 0.258035 0.392490 0.200477 0.009537 0.139461
1 4 0.272885 0.367427 0.186398 0.023805 0.149485
1 4 0.207391 0.344390 0.166650 0.020733 0.260836
4 4 0.054534 0.235635 0.238588 0.016053 0.455190
4 4 0.050060 0.217184 0.188955 0.011647 0.532154
4 4 0.105240 0.307998 0.211136 0.010166 0.365460
2 4 0.064975 0.287303 0.366549 0.010734 0.270439
2 4 0.024714 0.202865 0.531205 0.010615 0.230602
2 4 0.026299 0.205372 0.540144 0.012341 0.215844
2 4 0.025713 0.203712 0.546208 0.012131 0.212236
2 4 0.021012 0.191896 0.566112 0.009064 0.211915
2 4 0.019189 0.186905 0.571918 0.007868 0.214121
2 4 0.017345 0.181434 0.577914 0.006720 0.216587
2 4 0.015908 0.175120 0.602808 0.006371 0.199793
2 4 0.014352 0.161284 0.676877 0.007491 0.139996
2 4 0.054519 0.270475 0.529217 0.010334 0.135454
2 1 0.101353 0.319537 0.450730 0.015812 0.112567
2 1 0.122518 0.324510 0.425584 0.024550 0.102837
2 1 0.089818 0.285598 0.489777 0.034709 0.100098
2 2 0.029251 0.198415 0.618683 0.022361 0.131290
2 2 0.020715 0.181964 0.639527 0.012403 0.145392
2 2 0.023940 0.193631 0.603701 0.013704 0.165024
2 2 0.034091 0.206599 0.686128 0.010715 0.062467
2 1 0.073288 0.281042 0.566046 0.011189 0.068435
2 1 0.122200 0.331452 0.476945 0.009759 0.059643
2 1 0.138375 0.336547 0.426986 0.018539 0.079553
2 1 0.072608 0.270749 0.573836 0.016510 0.066297
2 1 0.029900 0.184564 0.717722 0.015891 0.051922
2 1 0.016318 0.136889 0.802190 0.012267 0.032336
2 2 0.012706 0.117390 0.820309 0.020600 0.028994
2 2 0.016031 0.131678 0.800985 0.020671 0.030635
2 2 0.012033 0.114194 0.822469 0.021763 0.029541
2 2 0.083536 0.290781 0.578650 0.006388 0.040645
2 2 0.147564 0.347940 0.423905 0.012401 0.068190
1 1 0.214006 0.373266 0.317261 0.015924 0.079543
1 1 0.322286 0.370441 0.191511 0.022690 0.093071
2 1 0.063424 0.246785 0.554745 0.041487 0.093559
2 2 0.006843 0.104813 0.823304 0.007549 0.057491
2 2 0.008201 0.102716 0.833434 0.014738 0.040911
2 2 0.007022 0.093470 0.851741 0.013698 0.034069
2 1 0.003238 0.059372 0.900877 0.018368 0.018145
2 1 0.004050 0.071690 0.877999 0.017425 0.028836
2 2 0.003272 0.061349 0.891764 0.021954 0.021662
2 2 0.003833 0.062832 0.861526 0.049891 0.021919
2 2 0.004222 0.065547 0.866682 0.042316 0.021232
2 2 0.005357 0.076444 0.844681 0.044891 0.028626
2 2 0.009149 0.108836 0.804798 0.026384 0.050833
2 2 0.004913 0.081685 0.850768 0.022712 0.039923
2 2 0.003959 0.068693 0.871135 0.028748 0.027464
2 3 0.005046 0.074186 0.840719 0.051152 0.028897
2 2 0.006329 0.078045 0.805510 0.082392 0.027725
2 2 0.003574 0.035930 0.748636 0.196790 0.015070
2 3 0.007967 0.072528 0.703542 0.186661 0.029302
2 2 0.009396 0.081637 0.725578 0.145093 0.038296
2 2 0.008576 0.081060 0.729938 0.147553 0.032872
2 2 0.008038 0.086666 0.788431 0.087193 0.029672
2 2 0.012844 0.109481 0.754029 0.085809 0.037837
2 2 0.006708 0.075901 0.790516 0.103324 0.023551
2 3 0.004799 0.038442 0.645330 0.297101 0.014328
2 2 0.004281 0.026227 0.552573 0.405371 0.011549
2 2 0.006716 0.036521 0.555588 0.384457 0.016718
2 2 0.007273 0.046404 0.603720 0.323434 0.019169
2 2 0.004469 0.027829 0.535817 0.419905 0.011981
2 2 0.006616 0.044926 0.608553 0.321843 0.018062
2 2 0.003564 0.019651 0.489802 0.477703 0.009280
2 2 0.003210 0.021205 0.537844 0.428477 0.009264
3 3 0.005616 0.025280 0.413051 0.543335 0.012718
2 2 0.007840 0.076704 0.712090 0.179000 0.024367
2 2 0.005682 0.044284 0.638493 0.295042 0.016500
2 2 0.003749 0.038626 0.741655 0.203137 0.012834
2 2 0.004305 0.045422 0.749755 0.185825 0.014693
2 2 0.004496 0.044054 0.689312 0.247555 0.014582
2 2 0.005448 0.042068 0.576297 0.360714 0.015473
2 2 0.003711 0.036474 0.581178 0.366849 0.011788
2 2 0.004108 0.035755 0.535781 0.412111 0.012246
2 2 0.005379 0.053414 0.603715 0.320848 0.016643
3 3 0.006185 0.037979 0.452012 0.488394 0.015430
3 3 0.007516 0.034315 0.349680 0.592409 0.016079
3 2 0.004725 0.013302 0.175078 0.798670 0.008226
3 3 0.003756 0.008719 0.172394 0.808805 0.006326
3 3 0.003503 0.007270 0.144363 0.839269 0.005595
3 3 0.005152 0.009940 0.140397 0.836818 0.007693
3 3 0.004055 0.009271 0.139198 0.840959 0.006516
3 3 0.004031 0.009057 0.137509 0.842966 0.006437
3 3 0.005330 0.012883 0.161253 0.811884 0.008650
3 3 0.003773 0.014914 0.242454 0.731031 0.007828
3 3 0.008231 0.034441 0.280681 0.660280 0.016367
3 3 0.008511 0.035130 0.293050 0.646388 0.016921
3 3 0.005814 0.012998 0.160282 0.811776 0.009130
3 3 0.004866 0.010986 0.155173 0.821204 0.007772
3 3 0.005331 0.011159 0.149032 0.826282 0.008196
3 3 0.005664 0.011169 0.147965 0.826708 0.008494
3 3 0.004666 0.008074 0.126573 0.853973 0.006714
3 3 0.008696 0.016673 0.174265 0.787685 0.012681
3 3 0.012111 0.028488 0.220945 0.719660 0.018796
3 3 0.010686 0.024138 0.206273 0.742479 0.016425
3 3 0.007831 0.019184 0.190296 0.770117 0.012572
3 3 0.009010 0.020216 0.192183 0.764676 0.013915
3 3 0.008597 0.017785 0.180656 0.780058 0.012904
3 3 0.005947 0.012130 0.153895 0.819013 0.009015
3 3 0.007137 0.017140 0.181348 0.782958 0.011417
3 3 0.010614 0.022475 0.198950 0.752031 0.015929
3 3 0.008484 0.014538 0.162362 0.802742 0.011873
3 3 0.010119 0.018061 0.178377 0.779169 0.014274
3 3 0.007856 0.017091 0.178890 0.784102 0.012062
3 3 0.008012 0.015568 0.169723 0.794917 0.011781
3 3 0.006877 0.012995 0.156884 0.813174 0.010070
3 3 0.006943 0.013849 0.162233 0.806603 0.010372
3 3 0.008959 0.012622 0.149246 0.817551 0.011623
3 3 0.004435 0.005745 0.105028 0.879059 0.005733
3 3 0.006579 0.009676 0.134061 0.840901 0.008783
3 3 0.007304 0.014146 0.163062 0.804719 0.010768
3 3 0.010729 0.016665 0.171217 0.786335 0.015053
3 3 0.011453 0.019367 0.184161 0.768366 0.016654
3 3 0.013147 0.018615 0.178226 0.771637 0.018375
3 3 0.008979 0.013708 0.159324 0.804696 0.013293
3 3 0.006633 0.010198 0.138013 0.836117 0.009039
3 3 0.004680 0.006906 0.116432 0.865483 0.006499
3 3 0.007756 0.010703 0.143364 0.826415 0.011761
3 3 0.006821 0.009428 0.135349 0.838187 0.010215
3 3 0.004180 0.005688 0.105221 0.879395 0.005517
3 3 0.004047 0.005662 0.105380 0.879506 0.005405
3 3 0.004203 0.005866 0.107023 0.877308 0.005600
3 3 0.008450 0.011827 0.145151 0.823589 0.010983
3 3 0.011553 0.017409 0.171930 0.783897 0.015211
3 3 0.009660 0.016217 0.169389 0.791392 0.013343
3 3 0.007621 0.014329 0.163313 0.803647 0.011092
3 3 0.017675 0.019265 0.171502 0.771312 0.020246
3 3 0.023406 0.026423 0.200332 0.718440 0.031399
3 3 0.023039 0.027279 0.204506 0.713313 0.031862
3 3 0.013575 0.015791 0.163017 0.789729 0.017887
3 3 0.014808 0.022645 0.191263 0.751885 0.019400
3 3 0.013886 0.020511 0.183124 0.764471 0.018007
3 3 0.013328 0.024036 0.200037 0.743944 0.018655
3 3 0.023856 0.037950 0.237647 0.665553 0.034993
3 3 0.011521 0.014443 0.155477 0.804401 0.014159
3 3 0.009662 0.009788 0.128351 0.841161 0.011038
3 3 0.007926 0.011400 0.143360 0.826900 0.010414
3 3 0.009524 0.013578 0.154114 0.810403 0.012380
3 3 0.013317 0.020058 0.181975 0.767224 0.017426
3 3 0.012417 0.022431 0.198718 0.747043 0.019390
3 3 0.009936 0.017349 0.176795 0.781264 0.014655
3 3 0.007903 0.015286 0.175209 0.787398 0.014204
3 3 0.008598 0.013875 0.162466 0.801551 0.013511
3 3 0.010893 0.014800 0.158770 0.801686 0.013851
3 3 0.014431 0.013835 0.147394 0.808452 0.015888
3 3 0.019212 0.021997 0.182605 0.753379 0.022806
3 3 0.016182 0.022758 0.189506 0.751085 0.020469
3 3 0.020893 0.036074 0.231307 0.683517 0.028209
3 3 0.017225 0.016181 0.156714 0.791199 0.018681
3 3 0.015790 0.014649 0.150234 0.802220 0.017107
3 3 0.015009 0.015208 0.154383 0.798558 0.016843
3 3 0.014771 0.022235 0.189506 0.754249 0.019239
3 3 0.017225 0.028899 0.212536 0.718132 0.023208
3 3 0.013369 0.019765 0.180468 0.769028 0.017370
3 3 0.013693 0.023449 0.196788 0.747294 0.018777
3 3 0.014765 0.023040 0.193070 0.749632 0.019492
3 3 0.007764 0.011334 0.144429 0.825795 0.010679
3 3 0.006761 0.009745 0.134189 0.840335 0.008970
3 3 0.015694 0.028248 0.212709 0.721552 0.021796
2 3 0.074098 0.177909 0.375470 0.298257 0.074266
2 3 0.094942 0.247317 0.420416 0.163911 0.073414
2 2 0.117306 0.278957 0.406848 0.115855 0.081034
3 3 0.031396 0.122206 0.362656 0.427818 0.055924
3 3 0.019093 0.097408 0.419478 0.424323 0.039699
3 3 0.014197 0.050388 0.304254 0.605390 0.025772
2 2 0.016698 0.103713 0.685540 0.164567 0.029482
2 2 0.024388 0.127418 0.671554 0.138831 0.037808
2 2 0.012459 0.103545 0.723868 0.124369 0.035760
2 3 0.025264 0.145912 0.625266 0.144823 0.058734
2 2 0.016362 0.119906 0.645048 0.165284 0.053400
2 3 0.009697 0.097261 0.758690 0.096229 0.038122
2 2 0.016801 0.124155 0.713713 0.099884 0.045447
2 2 0.022409 0.148244 0.653754 0.106287 0.069306
2 2 0.038323 0.172906 0.526645 0.181065 0.081060
2 2 0.070232 0.250003 0.415717 0.082958 0.181089
2 2 0.039293 0.195969 0.569538 0.090380 0.104821
2 2 0.009928 0.108170 0.799016 0.037324 0.045562
2 2 0.013836 0.127334 0.772994 0.033500 0.052336
2 2 0.009141 0.094680 0.810607 0.055115 0.030457
2 2 0.007928 0.084000 0.779246 0.101112 0.027714
2 2 0.016997 0.138018 0.685408 0.084694 0.074882
2 2 0.007792 0.092352 0.755420 0.098237 0.046200
2 2 0.003977 0.049745 0.778245 0.147940 0.020093
2 2 0.007300 0.075273 0.726881 0.166162 0.024384
2 4 0.006652 0.074287 0.781311 0.115152 0.022597
2 4 0.008912 0.093363 0.789686 0.074886 0.033153
4 4 0.153010 0.317135 0.140284 0.009354 0.380217
4 4 0.128982 0.280521 0.112047 0.007988 0.470462
4 4 0.057455 0.211558 0.148238 0.012629 0.570121
4 4 0.057961 0.203878 0.128107 0.011276 0.598777
2 4 0.028615 0.211442 0.617917 0.009338 0.132688
2 4 0.044540 0.243818 0.622256 0.007862 0.081525
2 4 0.062629 0.263459 0.609586 0.008763 0.055562
2 4 0.114343 0.336915 0.441913 0.010803 0.096026
2 4 0.047347 0.259358 0.508659 0.010758 0.173878
2 4 0.048267 0.271106 0.445450 0.006773 0.228404
2 4 0.097287 0.336821 0.420936 0.007395 0.137560
1 1 0.157024 0.372080 0.283224 0.009365 0.178308
1 4 0.151490 0.339878 0.194062 0.011438 0.303131
4 4 0.154592 0.308943 0.139466 0.013467 0.383532
4 4 0.093501 0.245231 0.124818 0.013150 0.523300
4 4 0.109055 0.263836 0.126889 0.012472 0.487749
4 4 0.086814 0.257259 0.180704 0.021513 0.453709
4 4 0.063558 0.252493 0.242962 0.016095 0.424891
4 4 0.068046 0.230402 0.155482 0.013274 0.532797
4 4 0.126238 0.276136 0.106167 0.006971 0.484488
4 4 0.183728 0.320057 0.099261 0.004782 0.392173
1 4 0.262694 0.355290 0.086666 0.002952 0.292399
4 4 0.169239 0.312731 0.107546 0.006195 0.404289
4 4 0.085559 0.224500 0.087717 0.005346 0.596878
4 4 0.052421 0.176343 0.090441 0.008352 0.672442
4 4 0.052338 0.176153 0.090284 0.008324 0.672901
4 4 0.050999 0.210444 0.164998 0.011013 0.562546
4 4 0.045165 0.190922 0.134320 0.007909 0.621684
4 4 0.039224 0.223429 0.229882 0.004603 0.502863
4 4 0.060658 0.218002 0.113091 0.003651 0.604599
4 4 0.138710 0.293207 0.126857 0.010852 0.430375
4 4 0.080841 0.223678 0.104270 0.008873 0.582338
4 4 0.127894 0.285955 0.141105 0.015326 0.429720
1 4 0.152166 0.317851 0.189901 0.025574 0.314508
1 4 0.150998 0.342133 0.257296 0.021903 0.227670
4 4 0.103410 0.308038 0.248948 0.015725 0.323879
4 4 0.087117 0.271203 0.145670 0.004828 0.491181
4 4 0.034029 0.120823 0.036698 0.001110 0.807340
4 4 0.043336 0.129560 0.026517 0.000393 0.800195
4 4 0.059150 0.063242 0.022369 0.000670 0.854569
4 4 0.126475 0.042761 0.029459 0.002511 0.798795
4 4 0.131557 0.017490 0.016638 0.001835 0.832481
4 4 0.115427 0.004920 0.005922 0.000636 0.873095
4 4 0.155529 0.002062 0.002603 0.000221 0.839585
4 4 0.183772 0.001564 0.002183 0.000201 0.812280
4 4 0.333620 0.008007 0.006769 0.000454 0.651150
4 4 0.236311 0.042914 0.020617 0.000900 0.699258
4 4 0.160170 0.298601 0.087450 0.003595 0.450184
4 4 0.107896 0.252418 0.091965 0.005191 0.542529
4 4 0.077826 0.198135 0.053187 0.001518 0.669334
4 4 0.130147 0.121963 0.031777 0.000682 0.715432
4 4 0.084768 0.015044 0.009036 0.000412 0.890741
4 4 0.199299 0.012799 0.006768 0.000224 0.780910
4 4 0.167253 0.025127 0.010985 0.000329 0.796305
4 4 0.133707 0.045531 0.014698 0.000317 0.805747
4 4 0.068992 0.175409 0.037213 0.000653 0.717733
4 4 0.041392 0.142158 0.051175 0.002245 0.763030
4 4 0.074022 0.190800 0.049337 0.001294 0.684548
4 4 0.062181 0.218540 0.125523 0.006412 0.587344
4 4 0.083120 0.222998 0.092379 0.006271 0.595231
2 4 0.041861 0.256069 0.498159 0.007248 0.196664
2 4 0.026140 0.221513 0.545973 0.004375 0.201998
2 4 0.032130 0.231017 0.416155 0.006236 0.314462
2 4 0.050094 0.259119 0.346919 0.009878 0.333990
1 4 0.105228 0.315249 0.266153 0.015235 0.298134
1 4 0.097226 0.314769 0.305924 0.015143 0.266937
2 4 0.090070 0.312333 0.345306 0.014849 0.237442
2 4 0.047540 0.259051 0.409606 0.010554 0.273249
2 4 0.053385 0.268225 0.363473 0.009741 0.305176
4 4 0.047416 0.251945 0.310374 0.007850 0.382414
2 4 0.039323 0.251349 0.415749 0.006025 0.287553
4 4 0.064106 0.259726 0.170769 0.003098 0.502301
4 4 0.081948 0.254913 0.131706 0.005045 0.526388
4 4 0.107948 0.252240 0.091338 0.005095 0.543379
4 4 0.090520 0.231388 0.089529 0.005431 0.583133
4 4 0.127048 0.278277 0.110684 0.007790 0.476201
4 4 0.155310 0.323848 0.162152 0.013080 0.345610
1 4 0.205979 0.346622 0.155020 0.014839 0.277540
2 4 0.084919 0.292737 0.313641 0.021750 0.286953
1 4 0.119054 0.334109 0.322783 0.017748 0.206307
2 4 0.045002 0.254158 0.481508 0.011572 0.207760
2 2 0.050647 0.262375 0.378731 0.010782 0.297465
1 2 0.091737 0.326750 0.308868 0.007137 0.265507
1 2 0.094139 0.313228 0.286153 0.011927 0.294552
2 2 0.068168 0.276879 0.390857 0.023398 0.240699
2 2 0.067675 0.275129 0.435129 0.025967 0.196100
2 2 0.022884 0.182080 0.657053 0.016774 0.121209
2 2 0.024714 0.189182 0.636004 0.017349 0.132752
2 2 0.018963 0.171634 0.676373 0.012844 0.120185
2 2 0.015503 0.159977 0.699160 0.009894 0.115466
2 2 0.033444 0.214169 0.560120 0.021558 0.170709
2 2 0.061897 0.250624 0.475432 0.048575 0.163472
2 2 0.034396 0.214936 0.562236 0.023089 0.165342
2 2 0.030795 0.205828 0.590734 0.021286 0.151357
2 2 0.031360 0.201159 0.615508 0.025540 0.126434
2 2 0.019337 0.177008 0.652522 0.011626 0.139508
2 2 0.016435 0.170863 0.650289 0.008412 0.154002
2 2 0.017375 0.178665 0.608403 0.007657 0.187900
2 2 0.022957 0.197698 0.549749 0.009977 0.219619
2 2 0.016404 0.170492 0.652250 0.008466 0.152388
2 2 0.015067 0.163936 0.670442 0.008288 0.142266
2 2 0.010873 0.145152 0.694385 0.007828 0.141762
2 2 0.011198 0.143429 0.708588 0.009678 0.127108
2 2 0.012034 0.151885 0.693140 0.005889 0.137052
2 2 0.012232 0.155192 0.675296 0.005523 0.151757
2 2 0.016221 0.172337 0.635699 0.007642 0.168101
2 2 0.017605 0.175384 0.674536 0.006977 0.125497
2 2 0.021927 0.184413 0.689716 0.008383 0.095561
2 2 0.016248 0.159499 0.720919 0.009809 0.093524
2 2 0.016780 0.155997 0.725073 0.013949 0.088201
2 2 0.012079 0.139587 0.753727 0.008802 0.085805
2 2 0.014306 0.152223 0.722413 0.009830 0.101228
2 2 0.013867 0.147067 0.739516 0.010453 0.089097
2 2 0.012877 0.139943 0.758433 0.010440 0.078306
2 2 0.014231 0.138755 0.768506 0.014247 0.064261
2 2 0.022521 0.167068 0.708181 0.023608 0.078623
2 2 0.025688 0.175071 0.689979 0.027734 0.081528
2 2 0.028399 0.174590 0.686838 0.038975 0.071198
2 2 0.029372 0.178099 0.682511 0.036836 0.073182
2 2 0.024333 0.168003 0.707188 0.028399 0.072078
2 2 0.009653 0.121799 0.797099 0.008136 0.063313
2 2 0.009891 0.120770 0.802052 0.008929 0.058358
2 2 0.015450 0.137838 0.804299 0.007839 0.034573
2 2 0.015391 0.134699 0.807524 0.009773 0.032613
2 4 0.017247 0.139177 0.799714 0.013524 0.030338
2 2 0.017774 0.135512 0.790385 0.027475 0.028854
2 2 0.019678 0.139442 0.737925 0.059183 0.043772
2 2 0.013466 0.113732 0.758783 0.074398 0.039621
2 2 0.019710 0.145142 0.749512 0.036741 0.048895
2 2 0.044669 0.214856 0.622772 0.036362 0.081340
2 2 0.040400 0.204179 0.614511 0.047479 0.093432
2 2 0.053169 0.229222 0.582424 0.043515 0.091669
2 2 0.040952 0.214978 0.663108 0.017200 0.063762
2 2 0.025545 0.176822 0.737582 0.010774 0.049278
2 2 0.023420 0.165477 0.755675 0.012126 0.043302
2 2 0.015399 0.133564 0.784154 0.019749 0.047134
2 2 0.021624 0.153877 0.730925 0.034456 0.059117
2 2 0.015865 0.128135 0.760652 0.049241 0.046106
2 2 0.016676 0.132428 0.758111 0.044642 0.048143
2 2 0.033149 0.191658 0.693045 0.021988 0.060161
2 2 0.023143 0.157714 0.738846 0.031617 0.048680
2 2 0.023892 0.155765 0.717994 0.050981 0.051369
2 2 0.016276 0.136123 0.780175 0.021733 0.045693
2 2 0.041082 0.212122 0.671495 0.017988 0.057312
2 2 0.092788 0.298689 0.529610 0.013814 0.065099
2 2 0.114539 0.312319 0.456080 0.027239 0.089824
2 3 0.075320 0.267569 0.537828 0.031798 0.087486
2 2 0.018288 0.136574 0.764502 0.042472 0.038165
2 3 0.057922 0.246978 0.620401 0.015683 0.059015
2 3 0.034323 0.194274 0.682854 0.024261 0.064288
2 3 0.041343 0.204282 0.613301 0.050238 0.090835
2 3 0.024701 0.170367 0.701516 0.027935 0.075481
2 3 0.021059 0.154961 0.736916 0.026604 0.060460
2 2 0.012611 0.118342 0.802047 0.026376 0.040624
2 2 0.007755 0.091462 0.848046 0.024260 0.028477
2 2 0.006670 0.082183 0.850863 0.035461 0.024823
2 2 0.009189 0.097776 0.822483 0.038612 0.031940
2 2 0.009182 0.099565 0.829841 0.028915 0.032497
2 2 0.018013 0.145069 0.743979 0.031748 0.061190
2 2 0.016801 0.137342 0.745716 0.042913 0.057228
2 2 0.014367 0.130844 0.757792 0.038110 0.058887
2 2 0.013820 0.132190 0.760752 0.029999 0.063240
2 2 0.008151 0.096712 0.825989 0.032411 0.036737
2 2 0.006912 0.085889 0.843118 0.035321 0.028760
2 2 0.006318 0.077356 0.838780 0.054415 0.023132
2 2 0.011671 0.114016 0.788257 0.041654 0.044403
2 2 0.024282 0.187050 0.682382 0.011860 0.094426
2 1 0.118084 0.344593 0.372319 0.012091 0.152912
1 2 0.318250 0.378782 0.171916 0.015408 0.115644
1 2 0.204929 0.372544 0.332486 0.014286 0.075754
2 2 0.027910 0.168039 0.695248 0.051752 0.057051
2 2 0.010874 0.107539 0.815701 0.032020 0.033866
2 2 0.012089 0.113509 0.800026 0.035766 0.038610
2 2 0.016370 0.142295 0.749614 0.027163 0.064558
2 2 0.012401 0.137962 0.755482 0.012371 0.081784
2 2 0.020887 0.175098 0.674892 0.015519 0.113602
2 2 0.016620 0.152510 0.722646 0.020786 0.087438
2 2 0.013655 0.134814 0.762314 0.022306 0.066911
2 2 0.005500 0.074830 0.843906 0.050479 0.025285
2 2 0.004038 0.062303 0.857498 0.056471 0.019691
2 2 0.009480 0.092942 0.733920 0.126455 0.037203
2 2 0.007513 0.084974 0.770194 0.104148 0.033172
2 2 0.003904 0.056563 0.802387 0.119735 0.017410
2 2 0.003232 0.046475 0.794469 0.139405 0.016418
2 2 0.003793 0.053347 0.768748 0.158112 0.016000
2 2 0.005031 0.063210 0.762026 0.149402 0.020332
2 2 0.004580 0.056875 0.754662 0.167525 0.016358
2 2 0.004567 0.059331 0.788359 0.130926 0.016816
2 2 0.009689 0.089051 0.730809 0.141142 0.029309
2 2 0.006101 0.069485 0.768518 0.135048 0.020847
2 2 0.008207 0.086823 0.737059 0.133007 0.034905
2 2 0.011400 0.109318 0.712702 0.112005 0.054575
2 2 0.015308 0.120561 0.663493 0.143056 0.057582
2 2 0.016559 0.125806 0.665041 0.133438 0.059155
2 2 0.012210 0.111440 0.715912 0.108850 0.051589
2 2 0.010937 0.102259 0.731827 0.113232 0.041745
2 2 0.009938 0.094473 0.728448 0.130939 0.036202
2 2 0.008092 0.069194 0.682094 0.214547 0.026073
2 3 0.003053 0.033738 0.733109 0.219249 0.010851
2 3 0.009964 0.087429 0.695145 0.178329 0.029134
2 3 0.007709 0.063145 0.583945 0.323623 0.021578
3 3 0.006341 0.022570 0.277109 0.681637 0.012344
3 3 0.008144 0.018039 0.199028 0.762049 0.012740
3 3 0.006651 0.013039 0.176980 0.793257 0.010072
3 2 0.014271 0.039740 0.311159 0.610604 0.024226
2 2 0.021297 0.084373 0.476502 0.376124 0.041705
2 2 0.021527 0.135252 0.649533 0.141149 0.052539
2 2 0.025929 0.159912 0.680456 0.069688 0.064015
2 2 0.026009 0.168405 0.703040 0.035191 0.067355
2 2 0.021007 0.149812 0.730566 0.041424 0.057192
2 2 0.004320 0.061327 0.847925 0.069372 0.017056
2 2 0.003541 0.054905 0.859004 0.067855 0.014696
2 2 0.004122 0.052427 0.722772 0.205911 0.014767
2 2 0.007339 0.067945 0.625290 0.277666 0.021759
2 2 0.007299 0.065036 0.604237 0.302198 0.021229
2 2 0.007909 0.063226 0.617934 0.288711 0.022220
2 2 0.002578 0.041449 0.775982 0.169391 0.010600
2 2 0.007436 0.073140 0.696027 0.200310 0.023088
2 2 0.006107 0.062251 0.650489 0.261998 0.019155
2 2 0.006569 0.045600 0.531574 0.398821 0.017436
2 2 0.005182 0.035376 0.542432 0.402925 0.014086
2 2 0.005191 0.052723 0.699303 0.225936 0.016847
2 2 0.003781 0.050837 0.746392 0.184963 0.014026
2 2 0.002139 0.039689 0.847396 0.101083 0.009693
2 2 0.002761 0.046402 0.847654 0.091304 0.011878
2 2 0.004529 0.062521 0.840003 0.075389 0.017558
2 2 0.007049 0.079045 0.803602 0.086080 0.024224
2 2 0.006846 0.073956 0.759882 0.136615 0.022701
2 2 0.006081 0.069543 0.771422 0.132114 0.020840
2 2 0.005709 0.066636 0.767594 0.140310 0.019751
2 2 0.002898 0.041911 0.764525 0.179309 0.011358
2 2 0.004821 0.042444 0.621417 0.316662 0.014656
3 3 0.005631 0.033007 0.453015 0.494343 0.014003
3 2 0.009238 0.038060 0.358300 0.575552 0.018851
3 2 0.009443 0.038379 0.343522 0.589649 0.019007
3 3 0.013562 0.051458 0.347289 0.561872 0.025818
3 3 0.011039 0.053408 0.396576 0.515372 0.023605
2 2 0.012007 0.068409 0.460008 0.432100 0.027476
2 2 0.008534 0.050749 0.492820 0.427147 0.020751
2 2 0.007101 0.068033 0.648135 0.255199 0.021532
2 3 0.147930 0.345004 0.426106 0.015018 0.065943
1 2 0.363519 0.366749 0.154077 0.019224 0.096431
1 2 0.236854 0.360254 0.250920 0.033692 0.118281
1 2 0.151066 0.334260 0.251806 0.027987 0.234880
2 2 0.021403 0.157301 0.666741 0.066589 0.087966
2 2 0.035811 0.205689 0.606846 0.035940 0.115713
2 2 0.045358 0.217970 0.614644 0.035762 0.086265
2 2 0.019499 0.145458 0.743779 0.036610 0.054654
2 2 0.017503 0.133828 0.745066 0.054433 0.049170
2 2 0.010650 0.114286 0.786931 0.035943 0.052190
2 2 0.008490 0.108112 0.801579 0.025072 0.056747
2 2 0.009570 0.116005 0.784596 0.025198 0.064631
2 2 0.009873 0.119883 0.786685 0.017516 0.066043
2 2 0.008785 0.106859 0.809620 0.025146 0.049591
2 3 0.006936 0.093086 0.830222 0.028958 0.040799
2 2 0.006620 0.100589 0.821884 0.014088 0.056819
2 2 0.007542 0.110045 0.804133 0.011478 0.066802
2 2 0.006743 0.103781 0.816616 0.011318 0.061543
2 2 0.012450 0.143142 0.732165 0.011749 0.100493
2 2 0.011896 0.134898 0.754167 0.015569 0.083470
2 4 0.011024 0.131580 0.759732 0.014081 0.083582
2 4 0.009333 0.126586 0.771627 0.007852 0.084602
2 4 0.022478 0.199023 0.508023 0.008204 0.262272
2 4 0.029031 0.217602 0.496129 0.009814 0.247424
2 4 0.069620 0.298646 0.384373 0.009578 0.237783
1 4 0.128420 0.353513 0.342872 0.011315 0.163879
1 1 0.155355 0.358381 0.273685 0.014699 0.197880
1 4 0.132322 0.361096 0.356887 0.009051 0.140643
1 4 0.233025 0.402642 0.247300 0.006470 0.110563
1 4 0.215947 0.385321 0.253151 0.012005 0.133576
1 4 0.121119 0.366415 0.358115 0.005247 0.149104
1 4 0.217621 0.375488 0.128969 0.003109 0.274814
1 4 0.270175 0.357114 0.084527 0.002742 0.285442
4 4 0.195023 0.318828 0.079107 0.002494 0.404548
4 4 0.062979 0.184287 0.065646 0.003098 0.683990
4 4 0.093991 0.180475 0.067458 0.003391 0.654685
4 4 0.078187 0.110093 0.068694 0.007267 0.735758
4 4 0.058231 0.189223 0.101559 0.010517 0.640469
4 4 0.042873 0.164018 0.088283 0.005948 0.698879
4 4 0.021607 0.093506 0.034454 0.001383 0.849050
4 4 0.020184 0.089440 0.028514 0.000645 0.861217
4 4 0.038340 0.101216 0.024275 0.000439 0.835731
4 4 0.048814 0.148955 0.040676 0.001080 0.760474
4 4 0.097382 0.233953 0.075874 0.003314 0.589478
4 4 0.077157 0.205539 0.068524 0.002981 0.645800
4 4 0.057176 0.167678 0.050117 0.001643 0.723387
4 4 0.066794 0.152498 0.038494 0.000878 0.741336
4 4 0.322654 0.274048 0.062929 0.001651 0.338718
1 4 0.271805 0.348407 0.065672 0.001354 0.312762
1 4 0.331055 0.374911 0.097926 0.004268 0.191840
1 4 0.279733 0.369037 0.127715 0.009102 0.214414
4 4 0.056737 0.176060 0.068867 0.003809 0.694527
4 4 0.018349 0.071220 0.012957 0.000129 0.897345
4 4 0.072339 0.078987 0.013882 0.000124 0.834668
4 4 0.337263 0.113509 0.025720 0.000423 0.523085
0 4 0.444393 0.364733 0.057944 0.001093 0.131838
1 4 0.341173 0.374627 0.137197 0.012254 0.134748
1 4 0.123168 0.344971 0.331356 0.013485 0.187019
2 4 0.042475 0.252129 0.492460 0.009668 0.203268
2 4 0.028313 0.217327 0.515698 0.008833 0.229829
4 4 0.011218 0.021999 0.009748 0.000332 0.956703
4 4 0.016254 0.010901 0.005826 0.000211 0.966808
4 4 0.022889 0.012529 0.006861 0.000267 0.957454
4 4 0.042484 0.006468 0.006227 0.000516 0.944305
4 4 0.135021 0.019669 0.011817 0.000584 0.832909
4 4 0.107842 0.039821 0.019298 0.000841 0.832198
4 4 0.085411 0.192047 0.033687 0.000429 0.688426
4 4 0.077384 0.205634 0.068091 0.002925 0.645966
4 4 0.083917 0.221685 0.085821 0.005111 0.603466
4 4 0.133853 0.271792 0.077138 0.002825 0.514392
4 4 0.144106 0.281617 0.078829 0.002870 0.492579
1 4 0.237124 0.360555 0.110499 0.004320 0.287502
1 1 0.357678 0.384821 0.127110 0.006654 0.123738
1 1 0.239833 0.372880 0.276709 0.020923 0.089655
2 1 0.160332 0.350024 0.390004 0.018393 0.081248
1 1 0.184802 0.351579 0.333381 0.029731 0.100506
2 1 0.091213 0.295033 0.509509 0.020817 0.083428
2 1 0.094246 0.299767 0.504521 0.019222 0.082245
2 1 0.115340 0.314145 0.457843 0.025331 0.087341
2 1 0.129694 0.322575 0.422098 0.030030 0.095603
2 1 0.101081 0.292859 0.451709 0.043352 0.110999
2 1 0.075234 0.262731 0.507260 0.046961 0.107815
2 1 0.057235 0.240939 0.500420 0.051932 0.149473
2 1 0.031577 0.204330 0.602500 0.023975 0.137619
2 1 0.108921 0.321150 0.467499 0.015326 0.087104
1 1 0.192002 0.386348 0.276208 0.009358 0.136084
1 1 0.194678 0.374561 0.336741 0.012451 0.081568
2 1 0.181793 0.369317 0.375474 0.009723 0.063694
2 2 0.075758 0.268273 0.537148 0.031524 0.087297
2 1 0.095744 0.284857 0.448891 0.050642 0.119866
2 2 0.032008 0.205299 0.607004 0.023322 0.132367
2 2 0.030011 0.204820 0.591040 0.020209 0.153920
2 2 0.027928 0.201362 0.594968 0.017807 0.157935
2 2 0.040702 0.212623 0.591326 0.040220 0.115129
2 2 0.033019 0.186947 0.660182 0.040974 0.078876
2 2 0.049983 0.230308 0.631111 0.021333 0.067265
2 2 0.028765 0.182813 0.734036 0.010765 0.043620
2 2 0.023325 0.165395 0.758112 0.011254 0.041913
2 2 0.038247 0.209422 0.701267 0.008464 0.042601
2 2 0.032647 0.195144 0.725686 0.007577 0.038946
2 2 0.019827 0.154690 0.790965 0.005338 0.029180
2 2 0.021153 0.159877 0.786001 0.004730 0.028238
2 2 0.019495 0.153661 0.794648 0.004696 0.027500
2 2 0.037865 0.209784 0.710369 0.005792 0.036190
2 1 0.106882 0.321140 0.520324 0.005614 0.046040
2 1 0.096367 0.307659 0.537489 0.007532 0.050953
2 2 0.132633 0.340052 0.457258 0.009681 0.060377
2 2 0.033839 0.188606 0.708191 0.025109 0.044255
2 1 0.049197 0.220619 0.633272 0.036970 0.059941
2 2 0.030668 0.181458 0.724680 0.021287 0.041906
2 1 0.032197 0.180694 0.713637 0.032826 0.040647
1 0 0.197433 0.363624 0.330639 0.020675 0.087628
0 1 0.455016 0.364161 0.091311 0.004493 0.085019
0 1 0.399693 0.374593 0.085998 0.003211 0.136506
1 1 0.332312 0.376271 0.123322 0.008597 0.159498
2 2 0.095835 0.308076 0.403974 0.024899 0.167216
2 2 0.017526 0.175261 0.638586 0.008954 0.159672
2 2 0.014457 0.161038 0.680058 0.007727 0.136720
2 2 0.012491 0.152444 0.690566 0.007669 0.136830
2 2 0.012590 0.155516 0.678177 0.006331 0.147386
2 2 0.007345 0.117134 0.789638 0.004406 0.081476
2 2 0.009137 0.127403 0.771569 0.005814 0.086077
2 2 0.005092 0.086860 0.852732 0.011658 0.043658
2 2 0.005914 0.096119 0.835976 0.009790 0.052201
2 2 0.004961 0.090549 0.838026 0.010452 0.056012
2 2 0.006467 0.098287 0.821605 0.017851 0.055790
2 2 0.016429 0.162314 0.697307 0.010974 0.112976
2 2 0.011540 0.133211 0.765406 0.012033 0.077811
2 2 0.011467 0.137423 0.752306 0.009345 0.089460
2 2 0.010580 0.139923 0.734569 0.005921 0.109008
2 2 0.013252 0.152271 0.702297 0.009540 0.122640
2 2 0.015091 0.159643 0.696258 0.009217 0.119790
2 2 0.014868 0.152170 0.724654 0.011829 0.096478
2 2 0.013327 0.138786 0.753418 0.016802 0.077666
2 2 0.013564 0.145204 0.734061 0.013849 0.093322
2 2 0.013539 0.145442 0.727915 0.015472 0.097631
2 2 0.016034 0.165864 0.674965 0.009153 0.133984
2 2 0.024501 0.194273 0.605895 0.014497 0.160835
2 2 0.028519 0.203607 0.582875 0.018440 0.166560
2 2 0.034075 0.218760 0.528307 0.020052 0.198806
2 2 0.025746 0.199301 0.580972 0.015260 0.178721
2 2 0.015176 0.162247 0.683633 0.008649 0.130294
2 2 0.014035 0.155081 0.706448 0.008521 0.115916
2 2 0.011406 0.136004 0.754920 0.010387 0.087283
2 2 0.012722 0.137038 0.753965 0.016513 0.079762
2 2 0.013324 0.129842 0.758814 0.033884 0.064135
2 2 0.011901 0.118928 0.766561 0.047043 0.055568
2 2 0.017383 0.139825 0.701477 0.070575 0.070740
2 2 0.015078 0.127819 0.720803 0.076611 0.059689
2 2 0.017861 0.138118 0.691292 0.085291 0.067438
2 2 0.005322 0.065070 0.765288 0.143862 0.020459
2 2 0.004946 0.048650 0.666083 0.263518 0.016803
3 2 0.007623 0.035787 0.380394 0.559511 0.016684
3 2 0.007461 0.030103 0.308635 0.638723 0.015077
3 2 0.005637 0.024404 0.295635 0.662433 0.011891
3 2 0.004828 0.017321 0.233976 0.734444 0.009430
