0 0 0.995262 0.002265 0.001188 0.000053 0.001232
0 0 0.995094 0.002712 0.000919 0.000033 0.001242
0 0 0.994807 0.003651 0.000436 0.000008 0.001098
0 0 0.996639 0.001983 0.000549 0.000015 0.000814
0 0 0.991713 0.006080 0.000532 0.000010 0.001665
0 0 0.994815 0.002835 0.000993 0.000037 0.001321
0 0 0.995459 0.002949 0.000536 0.000013 0.001043
0 0 0.994622 0.003377 0.000703 0.000019 0.001279
0 0 0.996576 0.001583 0.000732 0.000017 0.001092
0 0 0.992397 0.005586 0.000488 0.000009 0.001519
0 0 0.994765 0.003875 0.000334 0.000005 0.001020
0 0 0.994864 0.002291 0.001429 0.000073 0.001343
0 0 0.994545 0.003269 0.000822 0.000026 0.001338
0 0 0.995711 0.002293 0.000874 0.000032 0.001090
0 0 0.996491 0.002342 0.000382 0.000008 0.000778
0 0 0.996116 0.002737 0.000331 0.000006 0.000810
0 0 0.994359 0.002882 0.001239 0.000053 0.001467
0 0 0.997207 0.001898 0.000288 0.000005 0.000602
0 0 0.996040 0.002568 0.000475 0.000011 0.000906
0 0 0.992087 0.006246 0.000312 0.000004 0.001351
0 0 0.995527 0.003561 0.000175 0.000002 0.000734
0 0 0.995779 0.003084 0.000296 0.000005 0.000835
0 0 0.990859 0.007536 0.000239 0.000002 0.001364
0 0 0.991783 0.007022 0.000144 0.000001 0.001050
0 0 0.989141 0.007337 0.000849 0.000017 0.002656
0 0 0.972187 0.022760 0.000679 0.000010 0.004364
0 0 0.985388 0.012354 0.000271 0.000003 0.001984
0 0 0.975794 0.019031 0.000862 0.000016 0.004297
0 0 0.971837 0.023030 0.000692 0.000011 0.004431
0 0 0.978429 0.017622 0.000554 0.000008 0.003387
0 0 0.970838 0.023008 0.000688 0.000008 0.005458
0 0 0.988242 0.010039 0.000199 0.000002 0.001519
0 0 0.980430 0.016314 0.000412 0.000005 0.002839
0 0 0.980844 0.015986 0.000399 0.000005 0.002766
0 0 0.976810 0.019164 0.000524 0.000007 0.003495
0 0 0.985910 0.011932 0.000257 0.000002 0.001898
0 0 0.984796 0.012274 0.000267 0.000002 0.002661
0 0 0.987194 0.010892 0.000225 0.000002 0.001687
0 0 0.977696 0.018469 0.000496 0.000006 0.003332
0 0 0.979062 0.017395 0.000453 0.000006 0.003084
0 0 0.991715 0.007177 0.000120 0.000001 0.000987
0 0 0.965847 0.027622 0.000910 0.000016 0.005605
0 0 0.927981 0.055448 0.002625 0.000081 0.013865
0 0 0.988748 0.009625 0.000187 0.000001 0.001439
0 0 0.989856 0.008715 0.000161 0.000001 0.001266
0 0 0.990456 0.008221 0.000147 0.000001 0.001175
0 0 0.981456 0.015500 0.000381 0.000004 0.002658
0 0 0.984079 0.013407 0.000307 0.000003 0.002205
0 0 0.989617 0.008912 0.000166 0.000001 0.001303
0 0 0.967397 0.026133 0.000836 0.000013 0.005621
0 0 0.829727 0.129176 0.009708 0.000043 0.031346
0 0 0.802666 0.161694 0.014056 0.000287 0.021298
0 0 0.725909 0.216615 0.022831 0.000681 0.033964
0 0 0.630509 0.292244 0.038193 0.000451 0.038603
0 0 0.724705 0.214321 0.022452 0.000714 0.037808
0 1 0.535191 0.345630 0.053108 0.001421 0.064650
1 1 0.399963 0.448994 0.091170 0.002364 0.057509
1 1 0.319575 0.510741 0.124087 0.002326 0.043271
0 0 0.576065 0.307814 0.042788 0.000668 0.072665
0 0 0.686254 0.248499 0.028850 0.000818 0.035580
2 1 0.003708 0.348142 0.628616 0.001699 0.017835
2 2 0.000644 0.223059 0.760539 0.001125 0.014633
2 2 0.000491 0.207186 0.779630 0.000920 0.011773
2 2 0.000136 0.144353 0.840502 0.000172 0.014837
2 2 0.000441 0.163410 0.825792 0.001026 0.009330
2 2 0.000192 0.150116 0.831315 0.000240 0.018136
2 2 0.000141 0.099230 0.886724 0.000014 0.013891
2 2 0.000118 0.055955 0.890405 0.000016 0.053507
2 2 0.000338 0.067558 0.918296 0.000040 0.013766
2 2 0.000107 0.052398 0.936593 0.000063 0.010838
2 2 0.000128 0.005569 0.945233 0.046997 0.002074
2 2 0.000091 0.006020 0.930561 0.061354 0.001974
2 2 0.000096 0.006575 0.929197 0.062133 0.002000
2 2 0.000063 0.004082 0.901299 0.092489 0.002067
2 2 0.000080 0.004726 0.907161 0.086347 0.001686
2 3 0.000038 0.001939 0.829965 0.166904 0.001154
2 3 0.000067 0.003093 0.867412 0.127772 0.001656
2 3 0.000242 0.009057 0.878372 0.108429 0.003899
2 3 0.000054 0.002384 0.834507 0.162057 0.000998
2 3 0.000151 0.003783 0.706865 0.287708 0.001493
2 3 0.043709 0.121355 0.744163 0.034167 0.056607
0 0 0.680972 0.121591 0.152744 0.015120 0.029572
0 0 0.682084 0.235051 0.026499 0.001423 0.054943
0 0 0.628666 0.294437 0.038873 0.001017 0.037007
0 0 0.534829 0.368937 0.059147 0.001262 0.035825
0 0 0.587494 0.327354 0.047150 0.001135 0.036868
0 0 0.562347 0.347697 0.052769 0.001179 0.036007
1 1 0.207149 0.544113 0.167874 0.005056 0.075808
1 1 0.198200 0.531427 0.164876 0.005496 0.100001
1 1 0.308148 0.506068 0.124059 0.002788 0.058937
2 2 0.001878 0.261960 0.657572 0.001633 0.076957
2 1 0.001796 0.242826 0.701070 0.002038 0.052269
2 2 0.001036 0.248913 0.693994 0.000928 0.055129
2 2 0.000295 0.076949 0.867854 0.000391 0.054510
2 2 0.000422 0.102873 0.867074 0.000931 0.028700
2 2 0.000099 0.029617 0.938294 0.000405 0.031585
2 2 0.000118 0.031097 0.948968 0.001019 0.018799
2 2 0.000133 0.015868 0.975668 0.002405 0.005927
2 2 0.000025 0.007135 0.984306 0.004998 0.003537
2 2 0.000102 0.010092 0.968792 0.017013 0.004001
2 2 0.000149 0.002468 0.522306 0.474614 0.000463
2 2 0.000113 0.002138 0.607026 0.390119 0.000604
3 2 0.000074 0.000912 0.330198 0.668714 0.000102
3 2 0.000040 0.000568 0.381262 0.617981 0.000149
3 2 0.000110 0.000611 0.156641 0.842519 0.000119
3 2 0.000409 0.003600 0.382750 0.612490 0.000751
3 2 0.000086 0.000668 0.200190 0.798964 0.000093
3 3 0.000131 0.001061 0.267345 0.731305 0.000158
3 3 0.000137 0.000693 0.145525 0.853499 0.000147
3 3 0.000195 0.001147 0.210862 0.787474 0.000323
3 3 0.000091 0.000427 0.108643 0.890781 0.000058
3 3 0.000162 0.000785 0.135785 0.863164 0.000104
3 3 0.000682 0.002184 0.124220 0.872376 0.000538
3 3 0.000193 0.000731 0.100751 0.898197 0.000128
3 3 0.000171 0.000621 0.110397 0.888707 0.000104
3 3 0.000209 0.000774 0.095859 0.903015 0.000143
3 3 0.000117 0.000386 0.070338 0.929087 0.000073
3 3 0.000118 0.000470 0.105177 0.894158 0.000077
3 3 0.000051 0.000225 0.082475 0.917221 0.000028
3 3 0.000238 0.000503 0.055342 0.943759 0.000158
3 3 0.000149 0.000229 0.032037 0.967493 0.000092
3 3 0.000246 0.000442 0.053244 0.945914 0.000154
3 3 0.000354 0.000957 0.077860 0.920572 0.000258
3 3 0.000249 0.000563 0.061841 0.937181 0.000166
3 3 0.000674 0.001200 0.064374 0.933240 0.000511
3 3 0.000737 0.001573 0.087844 0.909291 0.000555
3 3 0.000400 0.000948 0.079896 0.918477 0.000280
3 3 0.000353 0.001034 0.095182 0.903182 0.000248
3 3 0.000220 0.000472 0.066717 0.932457 0.000134
3 3 0.000249 0.000491 0.050760 0.948332 0.000167
3 3 0.000097 0.000368 0.080233 0.919243 0.000059
3 3 0.000120 0.000396 0.070688 0.928720 0.000075
3 3 0.000247 0.000589 0.064301 0.934697 0.000166
3 3 0.000188 0.000786 0.120663 0.878241 0.000122
3 2 0.000624 0.002606 0.157716 0.838556 0.000499
3 2 0.000513 0.002813 0.235835 0.760459 0.000380
2 2 0.000752 0.009707 0.567454 0.421340 0.000747
3 2 0.000116 0.001134 0.300154 0.698414 0.000181
2 2 0.000126 0.002308 0.515652 0.481687 0.000228
2 2 0.000260 0.003385 0.518044 0.477796 0.000515
2 2 0.000409 0.009001 0.784367 0.202822 0.003400
2 2 0.000220 0.004514 0.721325 0.272309 0.001633
2 3 0.000251 0.002943 0.526775 0.468745 0.001286
3 3 0.000116 0.001752 0.493508 0.504117 0.000507
3 3 0.000270 0.002946 0.428606 0.567472 0.000707
3 3 0.000161 0.001219 0.259988 0.738259 0.000373
3 3 0.002095 0.008497 0.304603 0.680656 0.004149
2 3 0.000315 0.004320 0.591152 0.402403 0.001810
3 3 0.000471 0.003015 0.282137 0.713370 0.001006
3 3 0.000287 0.002337 0.372283 0.624169 0.000924
3 3 0.000271 0.000726 0.084943 0.913859 0.000201
3 3 0.000580 0.000621 0.036180 0.962209 0.000409
3 3 0.000205 0.000245 0.028816 0.970607 0.000127
3 3 0.000268 0.000656 0.076849 0.922053 0.000174
3 3 0.001144 0.001464 0.050468 0.945996 0.000928
3 3 0.000879 0.000866 0.035188 0.962397 0.000670
3 3 0.000987 0.001652 0.077559 0.919055 0.000748
3 3 0.000967 0.001018 0.037109 0.960141 0.000765
3 3 0.000528 0.000951 0.063646 0.934495 0.000379
3 3 0.000572 0.000542 0.028458 0.970014 0.000414
3 3 0.000891 0.001046 0.046213 0.951179 0.000671
3 3 0.000563 0.000544 0.028296 0.970187 0.000410
3 3 0.001177 0.001177 0.040585 0.956135 0.000926
3 3 0.001562 0.001864 0.047359 0.947855 0.001360
3 3 0.000631 0.000620 0.029958 0.968323 0.000468
3 3 0.000565 0.000492 0.028043 0.970506 0.000394
3 3 0.000763 0.000738 0.032807 0.965121 0.000571
3 3 0.000903 0.000941 0.035869 0.961579 0.000708
3 3 0.000662 0.001189 0.065669 0.931983 0.000497
3 3 0.000698 0.000712 0.031588 0.966472 0.000530
3 3 0.000762 0.000776 0.032956 0.964923 0.000583
3 3 0.000487 0.000444 0.026210 0.972517 0.000342
3 3 0.000525 0.000481 0.027207 0.971415 0.000372
3 3 0.000938 0.000949 0.036417 0.960969 0.000728
3 3 0.001116 0.001271 0.040096 0.956591 0.000926
3 3 0.000867 0.000973 0.035443 0.962017 0.000700
3 3 0.000949 0.000874 0.036262 0.961209 0.000707
3 3 0.000587 0.000593 0.028998 0.969385 0.000437
3 3 0.000469 0.000404 0.025571 0.973237 0.000320
3 3 0.000525 0.000596 0.032402 0.966091 0.000386
3 3 0.000941 0.001007 0.036683 0.960620 0.000749
3 3 0.000684 0.000682 0.031202 0.966918 0.000514
3 3 0.001042 0.001242 0.038970 0.957869 0.000877
3 3 0.000838 0.000770 0.034138 0.963637 0.000617
3 3 0.000890 0.001129 0.036340 0.960882 0.000759
3 3 0.000752 0.000800 0.032900 0.964962 0.000586
3 3 0.002238 0.002710 0.056318 0.936713 0.002021
3 3 0.000814 0.000849 0.034102 0.963603 0.000632
3 3 0.000702 0.000625 0.031238 0.966931 0.000503
3 3 0.000546 0.000537 0.027925 0.970592 0.000400
3 3 0.000987 0.000990 0.037299 0.959957 0.000766
3 3 0.000557 0.000515 0.028014 0.970517 0.000398
3 3 0.000819 0.000847 0.034185 0.963514 0.000635
3 3 0.000937 0.001040 0.036754 0.960511 0.000757
3 3 0.000731 0.000775 0.032429 0.965498 0.000567
3 3 0.000650 0.000633 0.030363 0.967873 0.000481
3 3 0.000662 0.000703 0.030918 0.967206 0.000510
3 3 0.000735 0.000708 0.033240 0.964777 0.000541
3 3 0.001365 0.001560 0.044189 0.951733 0.001153
3 3 0.000578 0.000546 0.028597 0.969861 0.000418
3 3 0.000875 0.000949 0.035463 0.962017 0.000696
3 3 0.001063 0.001284 0.039401 0.957351 0.000901
3 3 0.000431 0.000398 0.024740 0.974129 0.000302
3 3 0.000631 0.000634 0.030032 0.968230 0.000472
3 3 0.001200 0.001396 0.041608 0.954786 0.001010
3 3 0.001111 0.001244 0.039943 0.956786 0.000914
3 3 0.000862 0.000946 0.035255 0.962249 0.000688
3 3 0.000982 0.001024 0.037354 0.959865 0.000775
3 3 0.000933 0.001093 0.036878 0.960324 0.000772
3 3 0.000816 0.000838 0.034094 0.963622 0.000630
3 3 0.000796 0.000736 0.033320 0.964563 0.000586
3 3 0.000751 0.000817 0.032950 0.964892 0.000591
3 3 0.001108 0.001319 0.040130 0.956508 0.000936
3 3 0.001447 0.001796 0.045836 0.949647 0.001274
3 3 0.000509 0.000514 0.027059 0.971543 0.000375
3 3 0.000562 0.000554 0.028319 0.970153 0.000413
3 3 0.000959 0.001041 0.037984 0.959253 0.000762
3 3 0.000832 0.000934 0.034732 0.962833 0.000669
3 3 0.001149 0.001334 0.040737 0.955817 0.000963
3 3 0.000782 0.000781 0.033307 0.964535 0.000594
3 3 0.000684 0.000790 0.031680 0.966299 0.000548
3 3 0.001359 0.001392 0.043608 0.952547 0.001094
3 3 0.000833 0.000780 0.034108 0.963660 0.000619
3 3 0.001492 0.001735 0.046199 0.949294 0.001279
3 3 0.000950 0.000987 0.036738 0.960579 0.000746
3 3 0.000837 0.000839 0.034425 0.963258 0.000641
3 3 0.000806 0.000790 0.033730 0.964065 0.000609
3 3 0.000557 0.000581 0.028380 0.970062 0.000420
3 3 0.001053 0.001204 0.038997 0.957876 0.000870
3 3 0.000912 0.000974 0.036134 0.961256 0.000723
3 3 0.001368 0.001668 0.044536 0.951238 0.001189
3 3 0.001039 0.001185 0.038733 0.958186 0.000857
3 3 0.001168 0.001304 0.040892 0.955673 0.000963
3 3 0.000726 0.000755 0.032258 0.965703 0.000558
3 3 0.000861 0.000963 0.035309 0.962174 0.000693
3 3 0.000823 0.000917 0.034532 0.963068 0.000659
3 3 0.000682 0.000665 0.031083 0.967063 0.000507
3 3 0.000635 0.000706 0.030446 0.967715 0.000497
3 3 0.000918 0.001007 0.036350 0.960988 0.000737
3 3 0.001205 0.001340 0.041504 0.954956 0.000995
3 3 0.000824 0.000878 0.034395 0.963256 0.000647
3 3 0.001092 0.001231 0.039639 0.957137 0.000900
3 3 0.000910 0.000942 0.035974 0.961463 0.000711
3 3 0.000920 0.001071 0.036602 0.960649 0.000758
3 3 0.001227 0.001467 0.042174 0.954085 0.001048
3 3 0.001167 0.001323 0.040951 0.955589 0.000969
3 3 0.000738 0.000728 0.032336 0.965643 0.000555
3 3 0.001648 0.001729 0.047956 0.947305 0.001362
3 3 0.000964 0.001016 0.037059 0.960198 0.000763
3 3 0.000937 0.001114 0.037013 0.960156 0.000780
3 3 0.003739 0.010452 0.172654 0.809370 0.003785
2 1 0.010199 0.048644 0.624242 0.312080 0.004836
3 2 0.001637 0.009066 0.369707 0.618219 0.001372
3 2 0.001676 0.014283 0.479564 0.502141 0.002336
3 2 0.001210 0.009098 0.364034 0.624480 0.001178
3 2 0.000605 0.006024 0.424312 0.568381 0.000678
2 2 0.000217 0.004228 0.647732 0.347266 0.000559
3 2 0.000514 0.004732 0.424731 0.569391 0.000632
2 2 0.006034 0.062643 0.667369 0.244228 0.019726
2 2 0.001745 0.020137 0.666682 0.306346 0.005090
2 2 0.003328 0.197900 0.491195 0.002504 0.305073
4 2 0.003668 0.173269 0.207855 0.000753 0.614456
4 2 0.002540 0.236029 0.360977 0.001898 0.398556
4 2 0.003067 0.180241 0.240868 0.000659 0.575165
4 2 0.005500 0.214506 0.236069 0.001382 0.542543
4 2 0.005665 0.098341 0.071382 0.000758 0.823853
4 2 0.003833 0.206929 0.266632 0.000947 0.521659
2 2 0.002135 0.264434 0.479571 0.001810 0.252050
4 2 0.003969 0.083213 0.065938 0.000471 0.846411
4 2 0.004276 0.118353 0.108257 0.000643 0.768471
4 2 0.002139 0.116324 0.147680 0.000314 0.733542
4 2 0.002016 0.158004 0.241941 0.000387 0.597652
2 2 0.002634 0.273487 0.455378 0.002217 0.266282
4 2 0.002905 0.164490 0.215179 0.000571 0.616854
4 2 0.004507 0.155582 0.159646 0.000838 0.679428
4 2 0.003163 0.132132 0.148083 0.000514 0.716109
4 2 0.001917 0.061222 0.059080 0.000183 0.877599
2 2 0.002938 0.233173 0.401860 0.002603 0.359426
4 2 0.002494 0.196362 0.296398 0.000744 0.504002
4 2 0.002838 0.166236 0.220949 0.000570 0.609407
4 4 0.002413 0.017815 0.017089 0.000182 0.962500
4 4 0.002897 0.028997 0.015686 0.000185 0.952235
2 2 0.004865 0.258067 0.372013 0.003626 0.361430
4 2 0.004936 0.206155 0.231632 0.001320 0.555957
4 2 0.005680 0.229199 0.244676 0.002380 0.518064
4 2 0.007190 0.148266 0.118248 0.001292 0.725004
4 2 0.007217 0.114331 0.079680 0.001077 0.797694
4 2 0.004578 0.166116 0.174995 0.000900 0.653412
4 2 0.006972 0.148742 0.120617 0.001255 0.722413
4 2 0.001354 0.111168 0.433402 0.001632 0.452445
2 2 0.000287 0.049802 0.917236 0.001452 0.031222
2 2 0.004615 0.091475 0.790441 0.010355 0.103114
2 2 0.000281 0.052297 0.867821 0.000529 0.079073
2 2 0.000160 0.040356 0.891582 0.000333 0.067570
2 2 0.000250 0.042692 0.887806 0.000573 0.068679
2 2 0.000452 0.061838 0.784974 0.000424 0.152312
2 2 0.000226 0.036872 0.888398 0.000495 0.074009
2 2 0.000309 0.033751 0.934125 0.002053 0.029762
2 2 0.000231 0.045699 0.908367 0.000722 0.044982
2 2 0.000140 0.028641 0.938091 0.000717 0.032412
2 1 0.060254 0.235355 0.664158 0.023018 0.017215
2 2 0.000285 0.044242 0.934314 0.001236 0.019922
2 2 0.000198 0.036390 0.922684 0.000579 0.040148
2 2 0.000346 0.043029 0.903059 0.000527 0.053038
2 2 0.000326 0.037253 0.938734 0.001639 0.022048
2 2 0.000149 0.020761 0.957338 0.001435 0.020318
2 2 0.000295 0.031241 0.945394 0.003038 0.020032
2 2 0.000216 0.032598 0.951942 0.002704 0.012541
2 2 0.000381 0.035388 0.941759 0.002985 0.019487
2 2 0.000395 0.056501 0.923935 0.003292 0.015877
2 2 0.000112 0.007642 0.945098 0.045066 0.002083
2 2 0.000045 0.004881 0.960974 0.033249 0.000851
2 2 0.000157 0.009567 0.957044 0.030715 0.002517
2 2 0.000058 0.005969 0.960206 0.032464 0.001303
2 2 0.000063 0.002982 0.922855 0.073593 0.000507
2 2 0.000157 0.010125 0.952562 0.034823 0.002334
2 2 0.000130 0.005331 0.922279 0.069797 0.002463
2 2 0.000036 0.003971 0.960668 0.034343 0.000982
2 2 0.000150 0.011444 0.959552 0.026293 0.002561
2 2 0.000204 0.010702 0.926646 0.060458 0.001990
2 2 0.000116 0.003945 0.836291 0.158880 0.000767
2 2 0.000193 0.008747 0.906583 0.082257 0.002220
2 2 0.000096 0.002505 0.728335 0.268701 0.000363
2 2 0.000174 0.004375 0.757522 0.236603 0.001327
2 2 0.000311 0.003502 0.733295 0.262405 0.000487
2 2 0.000168 0.004740 0.799551 0.194809 0.000733
2 2 0.000209 0.005480 0.822984 0.169814 0.001512
2 2 0.000397 0.008835 0.812186 0.176054 0.002529
3 1 0.027309 0.058930 0.407729 0.498213 0.007819
2 2 0.000962 0.022395 0.838078 0.135899 0.002665
2 2 0.001020 0.028433 0.909055 0.055067 0.006426
2 2 0.000261 0.009287 0.903854 0.084840 0.001758
2 2 0.000420 0.017102 0.928270 0.050689 0.003519
2 2 0.000285 0.012235 0.939762 0.044538 0.003180
2 2 0.001770 0.035910 0.879016 0.066154 0.017151
2 2 0.000333 0.010392 0.914700 0.071045 0.003530
2 1 0.144300 0.110159 0.589384 0.142275 0.013883
0 1 0.414379 0.138063 0.377837 0.051722 0.017999
2 1 0.002992 0.060669 0.866253 0.057808 0.012278
2 2 0.001398 0.039284 0.912253 0.036913 0.010152
2 2 0.000092 0.015866 0.958320 0.002215 0.023507
2 2 0.000048 0.009497 0.977960 0.007768 0.004726
2 2 0.000138 0.025069 0.955581 0.002443 0.016769
2 2 0.000059 0.008563 0.975547 0.011317 0.004514
2 2 0.000097 0.014610 0.964508 0.003623 0.017162
2 2 0.000045 0.008606 0.980197 0.005656 0.005496
2 2 0.000043 0.005927 0.965145 0.027359 0.001526
2 2 0.000172 0.022297 0.954563 0.013731 0.009237
2 2 0.000092 0.011590 0.967598 0.015872 0.004847
2 2 0.000061 0.006240 0.970284 0.018878 0.004537
2 2 0.000212 0.005962 0.776863 0.214680 0.002283
2 2 0.000201 0.007631 0.892709 0.094339 0.005120
2 2 0.000165 0.004488 0.757837 0.235727 0.001783
2 2 0.000129 0.004304 0.839740 0.154052 0.001774
2 2 0.000208 0.004565 0.726760 0.265852 0.002615
2 2 0.000146 0.003620 0.712655 0.282287 0.001292
2 2 0.000938 0.012225 0.680680 0.302759 0.003398
2 2 0.000489 0.007719 0.730995 0.258677 0.002120
2 2 0.001586 0.014180 0.546249 0.433674 0.004310
2 2 0.000298 0.009110 0.857415 0.129025 0.004152
2 2 0.000445 0.018528 0.944741 0.032338 0.003948
0 0 0.477220 0.138236 0.339002 0.030722 0.014820
2 1 0.005719 0.093283 0.845965 0.043236 0.011797
2 2 0.000633 0.031840 0.943516 0.016651 0.007359
2 2 0.000475 0.022973 0.950755 0.020014 0.005783
2 2 0.013442 0.067157 0.865147 0.037425 0.016829
2 0 0.046295 0.183744 0.719410 0.041268 0.009283
2 1 0.003907 0.123876 0.833948 0.033670 0.004599
2 2 0.002327 0.048200 0.893498 0.052332 0.003642
2 2 0.001213 0.060125 0.895100 0.041667 0.001896
2 2 0.000069 0.010805 0.978062 0.010566 0.000498
2 2 0.000250 0.025676 0.962115 0.010778 0.001182
2 2 0.000287 0.024598 0.956258 0.017635 0.001223
2 2 0.000315 0.021159 0.958669 0.019003 0.000853
2 2 0.000408 0.034725 0.950781 0.012291 0.001795
2 2 0.000115 0.014077 0.969007 0.015909 0.000891
2 2 0.000443 0.043085 0.944337 0.010237 0.001898
2 2 0.000293 0.022523 0.956629 0.019626 0.000928
2 2 0.003481 0.031550 0.847382 0.115421 0.002166
2 0 0.079337 0.151387 0.717291 0.043423 0.008562
1 0 0.178449 0.455432 0.333471 0.006410 0.026238
2 1 0.014160 0.434160 0.516789 0.004985 0.029906
2 1 0.005116 0.203051 0.763455 0.007400 0.020979
2 2 0.012122 0.398245 0.538483 0.009275 0.041876
2 2 0.004180 0.150167 0.805236 0.014957 0.025460
2 2 0.002702 0.115341 0.848128 0.007258 0.026571
2 2 0.000646 0.053279 0.931511 0.003373 0.011192
2 2 0.000513 0.035420 0.944526 0.002230 0.017312
2 2 0.000187 0.025466 0.963890 0.001780 0.008677
2 2 0.000173 0.024131 0.965354 0.001722 0.008620
2 2 0.000078 0.019075 0.975200 0.001175 0.004471
2 2 0.000075 0.008988 0.967893 0.022619 0.000424
2 2 0.000268 0.023746 0.964547 0.006853 0.004586
2 2 0.000125 0.022046 0.970763 0.002447 0.004619
2 2 0.000225 0.033749 0.959764 0.003347 0.002915
2 2 0.000084 0.010754 0.977906 0.010252 0.001005
2 2 0.000272 0.023586 0.961993 0.012770 0.001379
2 2 0.000224 0.032552 0.960826 0.001954 0.004444
2 2 0.000189 0.020847 0.974226 0.001676 0.003063
2 2 0.000112 0.021697 0.970755 0.001302 0.006134
2 2 0.000016 0.007564 0.989737 0.001831 0.000851
2 2 0.000169 0.025826 0.965346 0.001951 0.006708
2 2 0.000259 0.040923 0.952268 0.004536 0.002013
2 2 0.000069 0.013775 0.980027 0.004814 0.001315
2 2 0.000038 0.009640 0.984240 0.004306 0.001777
2 2 0.000125 0.024149 0.967969 0.000958 0.006799
2 2 0.000026 0.012064 0.985063 0.000793 0.002054
2 2 0.000052 0.017886 0.977692 0.001714 0.002656
2 2 0.000114 0.022865 0.968857 0.001551 0.006614
2 2 0.000021 0.011806 0.985795 0.000853 0.001525
2 2 0.000019 0.001786 0.916166 0.081733 0.000297
2 2 0.000066 0.005010 0.908802 0.085609 0.000513
2 2 0.000028 0.002380 0.914565 0.082786 0.000241
2 2 0.000039 0.003650 0.932947 0.062865 0.000500
2 2 0.000061 0.003348 0.862617 0.133701 0.000272
2 2 0.000198 0.007021 0.861167 0.130332 0.001282
2 2 0.000110 0.006648 0.929840 0.061753 0.001649
2 2 0.000033 0.002707 0.910867 0.085991 0.000401
2 2 0.000026 0.002269 0.901316 0.096178 0.000211
2 2 0.000165 0.006193 0.852604 0.139957 0.001082
2 2 0.001033 0.015169 0.738165 0.243632 0.002002
2 2 0.000769 0.010071 0.570785 0.417612 0.000762
2 2 0.000988 0.011089 0.769062 0.217902 0.000960
2 2 0.000434 0.010217 0.807443 0.180879 0.001026
2 2 0.000234 0.004049 0.658008 0.337335 0.000374
2 2 0.000403 0.005400 0.594506 0.399181 0.000510
2 2 0.000342 0.005781 0.665766 0.327441 0.000671
2 2 0.000245 0.005496 0.749104 0.244707 0.000447
0 0 0.713010 0.112841 0.133815 0.020688 0.019647
2 0 0.024270 0.109557 0.799468 0.062345 0.004361
1 0 0.125098 0.587602 0.244424 0.005899 0.036977
1 1 0.043345 0.495177 0.413105 0.009696 0.038676
2 1 0.024921 0.243698 0.691262 0.015926 0.024193
1 1 0.053328 0.563961 0.351868 0.006792 0.024051
2 2 0.010069 0.261137 0.684980 0.015510 0.028305
2 2 0.011749 0.257731 0.680974 0.025747 0.023799
2 2 0.007977 0.224031 0.734746 0.015018 0.018229
2 2 0.012098 0.395947 0.560579 0.012123 0.019253
2 2 0.006573 0.099016 0.864424 0.018535 0.011452
2 2 0.004974 0.108274 0.862011 0.009342 0.015399
2 2 0.001327 0.136982 0.842560 0.003710 0.015421
2 2 0.006242 0.140670 0.831642 0.004947 0.016498
2 2 0.003106 0.098496 0.877869 0.000876 0.019652
2 2 0.000823 0.060054 0.914053 0.000698 0.024372
2 2 0.000409 0.046266 0.939068 0.002256 0.012002
2 2 0.000253 0.024749 0.962538 0.001455 0.011005
2 2 0.000902 0.053444 0.926046 0.001500 0.018108
2 0 0.055208 0.403355 0.517456 0.008518 0.015462
0 0 0.416265 0.334604 0.202891 0.017304 0.028937
1 0 0.172456 0.585596 0.207839 0.003475 0.030634
1 0 0.040864 0.451366 0.424541 0.023698 0.059532
1 1 0.040034 0.493977 0.393717 0.024493 0.047779
2 1 0.017278 0.258405 0.676525 0.018393 0.029399
1 1 0.031478 0.520200 0.400755 0.008470 0.039097
2 2 0.007190 0.201884 0.741061 0.027793 0.022072
2 2 0.006012 0.156068 0.788294 0.009088 0.040538
2 2 0.000903 0.078380 0.883793 0.002081 0.034843
2 2 0.011320 0.162734 0.783176 0.006469 0.036301
2 2 0.004706 0.088664 0.857727 0.008079 0.040825
2 2 0.002232 0.096615 0.861037 0.006776 0.033340
2 2 0.000075 0.036773 0.955768 0.000212 0.007173
2 2 0.000049 0.015216 0.980944 0.000442 0.003349
2 2 0.000157 0.048434 0.941199 0.000438 0.009772
2 2 0.000084 0.036287 0.953135 0.000242 0.010253
2 2 0.000083 0.028859 0.963120 0.000375 0.007563
2 2 0.000046 0.019390 0.976086 0.000413 0.004064
2 2 0.000194 0.022324 0.969515 0.005534 0.002434
2 2 0.000119 0.018998 0.970001 0.009726 0.001156
2 2 0.000380 0.054636 0.935334 0.002155 0.007496
2 2 0.000078 0.023892 0.969353 0.000487 0.006189
2 2 0.000129 0.015864 0.975888 0.004312 0.003807
2 2 0.000143 0.018541 0.973727 0.001849 0.005741
2 2 0.000218 0.031245 0.955674 0.002007 0.010856
2 2 0.000100 0.021068 0.970797 0.000831 0.007204
2 2 0.000092 0.019315 0.974118 0.001757 0.004717
2 2 0.000241 0.031159 0.959277 0.003081 0.006241
2 2 0.000130 0.025420 0.967148 0.002451 0.004851
2 2 0.000186 0.031563 0.958661 0.002441 0.007149
2 1 0.330134 0.217342 0.417540 0.020258 0.014726
2 1 0.004761 0.153850 0.817485 0.017760 0.006144
2 2 0.000223 0.026639 0.956144 0.016578 0.000416
2 2 0.000620 0.022955 0.958106 0.017763 0.000556
2 2 0.000432 0.036109 0.953518 0.007935 0.002005
2 2 0.000217 0.027191 0.965876 0.005924 0.000792
2 2 0.000102 0.014183 0.982149 0.002887 0.000680
2 2 0.000191 0.020041 0.974803 0.004253 0.000712
2 2 0.000087 0.013449 0.977873 0.008031 0.000560
2 2 0.000117 0.015351 0.981159 0.001728 0.001644
2 2 0.000018 0.008143 0.986262 0.005410 0.000167
2 2 0.000144 0.020523 0.971295 0.007317 0.000721
2 2 0.000043 0.006824 0.977440 0.015080 0.000613
2 2 0.000041 0.007202 0.979713 0.012572 0.000472
2 2 0.000035 0.005242 0.976533 0.017576 0.000614
2 2 0.000045 0.008002 0.977505 0.014155 0.000293
2 2 0.000028 0.007756 0.980850 0.011037 0.000329
2 2 0.000054 0.003276 0.880066 0.116347 0.000257
2 2 0.000136 0.012189 0.967101 0.019726 0.000849
2 2 0.000102 0.014267 0.972499 0.011780 0.001353
2 2 0.000027 0.003057 0.955056 0.041761 0.000099
2 2 0.000069 0.011909 0.972897 0.014437 0.000688
2 2 0.000143 0.006041 0.946948 0.046220 0.000648
2 2 0.000463 0.025854 0.935867 0.036771 0.001046
2 2 0.000183 0.006133 0.879621 0.113731 0.000331
2 2 0.000466 0.012410 0.854565 0.131002 0.001557
2 2 0.014801 0.063219 0.856230 0.057606 0.008143
2 1 0.024051 0.144039 0.797259 0.030325 0.004327
2 1 0.018872 0.160506 0.781811 0.031333 0.007477
2 1 0.022719 0.171890 0.772424 0.027081 0.005886
2 2 0.003486 0.084991 0.853080 0.046922 0.011522
2 2 0.000667 0.027680 0.943826 0.025013 0.002815
2 2 0.000340 0.024731 0.955164 0.016653 0.003112
2 2 0.000121 0.014754 0.975607 0.003546 0.005972
2 2 0.000121 0.015340 0.974839 0.004850 0.004849
2 2 0.000416 0.049669 0.940692 0.004084 0.005140
2 2 0.000130 0.010861 0.972528 0.015623 0.000858
2 2 0.000596 0.044881 0.938038 0.011192 0.005292
2 2 0.000183 0.023288 0.967692 0.005623 0.003214
2 2 0.000120 0.019274 0.972491 0.005003 0.003111
2 2 0.000180 0.022735 0.966947 0.008183 0.001955
2 2 0.000060 0.014563 0.979986 0.003634 0.001757
2 2 0.000034 0.012376 0.982732 0.001095 0.003763
2 2 0.000157 0.014611 0.975946 0.007703 0.001584
2 2 0.000111 0.025295 0.968303 0.001478 0.004813
2 2 0.000029 0.004999 0.976272 0.018103 0.000597
2 2 0.000044 0.009090 0.984061 0.004831 0.001974
2 2 0.000060 0.016829 0.976720 0.003310 0.003080
2 2 0.000015 0.006253 0.990582 0.002237 0.000914
2 2 0.000019 0.006673 0.988828 0.003399 0.001080
2 2 0.000018 0.005047 0.989155 0.004944 0.000836
2 2 0.000142 0.034729 0.957927 0.002617 0.004585
2 2 0.000038 0.002618 0.870905 0.126226 0.000213
2 2 0.000018 0.001369 0.854179 0.144333 0.000101
2 2 0.000043 0.004079 0.929938 0.065417 0.000523
2 2 0.000029 0.001771 0.843532 0.154461 0.000207
2 2 0.000028 0.001998 0.894213 0.103539 0.000223
2 2 0.000119 0.003931 0.766528 0.229169 0.000254
2 3 0.000041 0.001662 0.743040 0.255031 0.000227
2 3 0.000144 0.003341 0.657572 0.338407 0.000536
2 3 0.000294 0.007459 0.744968 0.246688 0.000591
2 3 0.000018 0.001270 0.878217 0.120339 0.000156
2 3 0.000071 0.005210 0.951642 0.040606 0.002471
2 2 0.000170 0.009632 0.939399 0.046679 0.004120
2 2 0.000144 0.007744 0.931185 0.058453 0.002474
2 2 0.000075 0.005190 0.934279 0.057565 0.002890
2 2 0.000175 0.008342 0.911511 0.077288 0.002685
2 2 0.000123 0.005747 0.895989 0.096072 0.002069
2 2 0.000156 0.005416 0.808626 0.184977 0.000825
2 2 0.000317 0.011671 0.914226 0.070281 0.003505
2 2 0.000976 0.014247 0.723441 0.256623 0.004713
2 2 0.001125 0.020934 0.845676 0.126789 0.005477
4 2 0.014447 0.124334 0.268221 0.021270 0.571728
4 2 0.009588 0.070682 0.033608 0.001076 0.885047
4 2 0.009794 0.071800 0.034058 0.001110 0.883237
4 4 0.005079 0.034721 0.015601 0.000155 0.944444
4 4 0.010202 0.073986 0.034936 0.001180 0.879697
4 4 0.005596 0.031422 0.012765 0.000087 0.950130
4 4 0.005510 0.043883 0.021409 0.000359 0.928839
4 4 0.007686 0.060034 0.029251 0.000775 0.902255
4 4 0.005551 0.021434 0.007154 0.000018 0.965843
4 4 0.007672 0.059957 0.029219 0.000773 0.902379
4 4 0.024334 0.023932 0.004050 0.000003 0.947682
4 4 0.030073 0.036710 0.006996 0.000011 0.926211
4 4 0.024083 0.034616 0.007145 0.000012 0.934144
4 4 0.029585 0.021109 0.003034 0.000001 0.946271
4 4 0.022179 0.035663 0.007790 0.000016 0.934352
4 4 0.015036 0.017358 0.003156 0.000002 0.964449
4 4 0.010274 0.009669 0.001564 0.000000 0.978493
4 4 0.017175 0.020465 0.003795 0.000002 0.958562
4 4 0.037289 0.008806 0.002949 0.000001 0.950956
4 4 0.025302 0.019182 0.002835 0.000001 0.952680
4 4 0.018513 0.007435 0.002493 0.000000 0.971559
4 4 0.018251 0.018917 0.003266 0.000002 0.959564
4 4 0.018793 0.022488 0.004190 0.000003 0.954526
4 4 0.019072 0.014621 0.002158 0.000001 0.964148
4 4 0.030769 0.041733 0.008410 0.000018 0.919069
4 4 0.012752 0.013914 0.002446 0.000001 0.970887
4 4 0.024651 0.046354 0.011024 0.000039 0.917933
4 4 0.018632 0.034464 0.008066 0.000018 0.938820
4 4 0.030561 0.050673 0.011345 0.000040 0.907381
4 4 0.030481 0.057100 0.013630 0.000066 0.898724
4 4 0.006859 0.033772 0.012873 0.000084 0.946412
4 4 0.006569 0.036903 0.015058 0.000131 0.941340
4 4 0.003796 0.035504 0.018665 0.000274 0.941761
4 4 0.003502 0.033425 0.017722 0.000244 0.945107
4 4 0.007653 0.056964 0.027056 0.000625 0.907702
4 4 0.004268 0.026067 0.010990 0.000063 0.958611
4 4 0.003383 0.032566 0.017331 0.000232 0.946488
4 4 0.003662 0.034560 0.018238 0.000260 0.943280
4 4 0.004424 0.036323 0.017904 0.000234 0.941116
4 4 0.005601 0.026052 0.009589 0.000040 0.958718
4 4 0.011771 0.117302 0.065325 0.001825 0.803777
4 4 0.012402 0.108077 0.056185 0.001311 0.822025
4 4 0.011189 0.045909 0.016107 0.000135 0.926660
4 4 0.020412 0.054958 0.015702 0.000108 0.908820
4 4 0.014065 0.050513 0.016625 0.000139 0.918658
4 4 0.021011 0.108038 0.043439 0.001836 0.825675
4 1 0.108656 0.199905 0.048938 0.000911 0.641590
4 1 0.169435 0.221205 0.046105 0.001898 0.561356
4 2 0.013879 0.122304 0.064163 0.001813 0.797842
4 2 0.011240 0.127383 0.075666 0.001838 0.783873
2 2 0.002959 0.253149 0.413075 0.001034 0.329783
1 1 0.063803 0.506986 0.264566 0.002610 0.162035
4 1 0.003084 0.229683 0.348117 0.000899 0.418217
2 2 0.001709 0.208157 0.400234 0.000476 0.389424
2 2 0.002610 0.244791 0.417250 0.000883 0.334466
2 2 0.002555 0.249136 0.433482 0.000902 0.313925
2 2 0.001906 0.266263 0.543590 0.001163 0.187079
4 2 0.001741 0.177048 0.309197 0.000383 0.511629
2 2 0.002064 0.219292 0.395202 0.000603 0.382839
2 2 0.002200 0.228355 0.407637 0.000681 0.361126
4 2 0.001152 0.124227 0.220554 0.000180 0.653887
4 2 0.001007 0.130571 0.254014 0.000166 0.614241
4 2 0.001163 0.146854 0.280756 0.000231 0.570996
4 2 0.001793 0.188874 0.332783 0.000471 0.476079
4 2 0.001542 0.174302 0.307210 0.000487 0.516459
4 2 0.001323 0.167991 0.322223 0.000315 0.508148
4 2 0.001682 0.201945 0.368322 0.000650 0.427400
2 2 0.001555 0.221581 0.441629 0.000727 0.334507
4 2 0.001167 0.184348 0.386238 0.000393 0.427854
4 2 0.001288 0.149955 0.278080 0.000241 0.570435
2 2 0.001440 0.246196 0.568204 0.000662 0.183498
2 2 0.001180 0.248356 0.621124 0.000848 0.128491
2 2 0.001069 0.204511 0.591946 0.000463 0.202012
2 2 0.000833 0.147867 0.686347 0.000459 0.164495
2 2 0.000470 0.081503 0.801739 0.001008 0.115280
2 2 0.000240 0.132712 0.737520 0.000180 0.129347
2 2 0.000197 0.056200 0.905870 0.000702 0.037031
2 2 0.003164 0.225156 0.682801 0.003370 0.085510
2 2 0.000400 0.085886 0.842684 0.000582 0.070448
2 2 0.000083 0.039029 0.928156 0.000283 0.032448
2 2 0.000023 0.022445 0.963276 0.000052 0.014204
2 2 0.000041 0.031695 0.957002 0.000257 0.011005
2 2 0.000038 0.028500 0.961871 0.000209 0.009382
2 2 0.000014 0.018022 0.978537 0.000216 0.003211
2 2 0.000015 0.009328 0.985389 0.000358 0.004909
2 2 0.000031 0.011817 0.976681 0.000081 0.011390
2 2 0.000025 0.025756 0.963072 0.000055 0.011092
2 2 0.000011 0.009170 0.987112 0.000293 0.003415
2 2 0.000005 0.005512 0.992273 0.000289 0.001922
2 2 0.000016 0.007879 0.988509 0.000817 0.002779
2 2 0.000027 0.004951 0.969692 0.023570 0.001760
2 2 0.000044 0.005562 0.966634 0.023813 0.003947
2 2 0.000019 0.002396 0.945562 0.049854 0.002170
2 2 0.000034 0.005150 0.969624 0.022239 0.002954
2 2 0.000360 0.018325 0.925471 0.043483 0.012362
2 2 0.000153 0.010211 0.925139 0.060862 0.003635
2 2 0.000251 0.020157 0.936362 0.034468 0.008761
2 2 0.000146 0.005821 0.841896 0.150214 0.001923
2 2 0.000067 0.008478 0.959996 0.026970 0.004488
2 2 0.000213 0.013144 0.933764 0.047875 0.005005
2 2 0.001144 0.011667 0.603518 0.380241 0.003430
3 2 0.000610 0.006280 0.474126 0.517267 0.001716
2 3 0.000418 0.005359 0.622032 0.368083 0.004108
3 3 0.000426 0.004020 0.478856 0.514600 0.002099
2 3 0.001084 0.012420 0.651215 0.327986 0.007296
3 3 0.001291 0.009473 0.463318 0.522427 0.003491
2 3 0.001058 0.014794 0.763338 0.214894 0.005916
3 3 0.000450 0.003779 0.408601 0.585972 0.001198
2 3 0.001447 0.011902 0.513033 0.469598 0.004020
3 3 0.001357 0.008323 0.348523 0.639277 0.002520
3 3 0.001528 0.005534 0.192984 0.798622 0.001332
3 3 0.000854 0.003700 0.175540 0.819112 0.000794
3 3 0.001461 0.007835 0.352667 0.634576 0.003461
3 3 0.001644 0.004911 0.165220 0.826646 0.001578
3 3 0.002591 0.011276 0.318039 0.663988 0.004106
3 3 0.000510 0.003631 0.351236 0.643548 0.001075
3 3 0.001259 0.003520 0.163285 0.830439 0.001497
3 3 0.001490 0.003695 0.138295 0.854865 0.001655
3 3 0.001431 0.003916 0.118814 0.874550 0.001289
3 3 0.002260 0.007566 0.162862 0.824991 0.002321
3 3 0.002153 0.006511 0.179264 0.809755 0.002317
3 3 0.003718 0.006639 0.115890 0.869153 0.004600
3 3 0.001961 0.006840 0.226666 0.762146 0.002388
3 3 0.001327 0.004026 0.146934 0.846563 0.001149
3 3 0.002140 0.006408 0.178247 0.810839 0.002366
3 3 0.002444 0.006616 0.168357 0.820378 0.002205
3 3 0.002148 0.003545 0.108538 0.882788 0.002980
3 3 0.002478 0.006476 0.165344 0.822800 0.002902
3 3 0.001661 0.004186 0.180561 0.810947 0.002645
3 3 0.001207 0.002522 0.094474 0.900801 0.000996
3 3 0.002015 0.005062 0.134676 0.856331 0.001916
3 3 0.001428 0.005116 0.181184 0.810735 0.001537
3 3 0.001949 0.008022 0.239684 0.747347 0.002998
3 3 0.002189 0.006036 0.148747 0.840319 0.002709
3 3 0.002654 0.005576 0.113571 0.875685 0.002514
3 3 0.001315 0.004485 0.175489 0.816683 0.002028
3 3 0.002144 0.006727 0.205777 0.782740 0.002613
3 3 0.002580 0.015111 0.393041 0.584359 0.004909
2 3 0.000816 0.007647 0.542879 0.446142 0.002515
2 3 0.000776 0.007810 0.567916 0.420961 0.002536
2 3 0.000372 0.004928 0.637412 0.355992 0.001296
2 3 0.000700 0.009105 0.689373 0.297624 0.003198
2 3 0.002092 0.016624 0.517848 0.458940 0.004497
2 3 0.000477 0.007452 0.715507 0.274742 0.001822
2 3 0.001565 0.015772 0.607243 0.370991 0.004429
2 3 0.000715 0.008935 0.631173 0.357159 0.002018
2 3 0.002379 0.016758 0.495250 0.482084 0.003529
2 3 0.000344 0.004405 0.533857 0.460454 0.000940
2 3 0.001800 0.018123 0.578983 0.394424 0.006670
3 3 0.000900 0.006339 0.402545 0.588265 0.001951
3 3 0.001179 0.008721 0.412902 0.575162 0.002035
3 3 0.001128 0.007591 0.405782 0.583493 0.002006
3 3 0.001139 0.006564 0.380782 0.609730 0.001784
3 3 0.001531 0.006119 0.269168 0.721356 0.001825
3 3 0.001362 0.006698 0.305794 0.684450 0.001696
3 3 0.001516 0.008787 0.372424 0.614621 0.002652
3 3 0.002075 0.009667 0.316028 0.669716 0.002514
3 3 0.001004 0.005673 0.322728 0.669497 0.001098
3 2 0.003376 0.014631 0.259170 0.719319 0.003503
3 2 0.002988 0.023486 0.456183 0.514196 0.003148
2 2 0.002494 0.164094 0.769013 0.005291 0.059108
2 2 0.000327 0.038389 0.927869 0.001690 0.031726
2 2 0.001359 0.098042 0.828968 0.003314 0.068317
2 2 0.000610 0.052407 0.878762 0.001659 0.066562
2 2 0.000538 0.058574 0.900454 0.002432 0.038002
2 2 0.000486 0.056632 0.901516 0.002374 0.038991
2 2 0.001032 0.087540 0.842130 0.001990 0.067307
2 1 0.169641 0.134540 0.621618 0.064163 0.010038
2 1 0.010492 0.182131 0.779225 0.018496 0.009655
2 2 0.001251 0.065810 0.890943 0.004597 0.037399
2 2 0.000532 0.046945 0.939507 0.003180 0.009835
2 2 0.000701 0.077766 0.880951 0.001193 0.039388
2 2 0.000597 0.046943 0.930982 0.002951 0.018529
2 2 0.001266 0.104941 0.846407 0.002130 0.045256
2 2 0.001273 0.109352 0.823388 0.001711 0.064276
2 2 0.000908 0.032633 0.926653 0.033122 0.006684
1 1 0.172521 0.424712 0.358087 0.006492 0.038187
2 2 0.004200 0.347274 0.579407 0.004421 0.064698
2 2 0.001468 0.091913 0.880358 0.007337 0.018925
2 2 0.000719 0.053370 0.927277 0.003369 0.015265
2 2 0.000147 0.031023 0.959607 0.000797 0.008426
2 2 0.000168 0.042002 0.936768 0.000349 0.020712
2 2 0.000125 0.041413 0.939631 0.000234 0.018598
2 2 0.000133 0.043961 0.933924 0.000341 0.021641
2 2 0.000193 0.047279 0.930724 0.000368 0.021437
2 2 0.000210 0.046196 0.919694 0.000374 0.033526
2 2 0.000240 0.047499 0.928555 0.000625 0.023081
2 2 0.000069 0.016375 0.977493 0.001666 0.004396
2 2 0.000093 0.026399 0.961972 0.000740 0.010797
2 2 0.000215 0.050569 0.914557 0.000316 0.034343
2 2 0.000356 0.035974 0.946428 0.002944 0.014298
2 2 0.000196 0.068128 0.909235 0.000448 0.021993
2 2 0.000232 0.041233 0.947654 0.001943 0.008938
2 2 0.000054 0.012078 0.980975 0.000799 0.006093
2 2 0.000113 0.025947 0.963911 0.000692 0.009337
2 2 0.000542 0.103211 0.872859 0.001029 0.022359
2 2 0.000053 0.015124 0.976832 0.000889 0.007102
2 2 0.000314 0.042968 0.944702 0.002654 0.009361
2 2 0.000287 0.053923 0.928572 0.000712 0.016506
2 2 0.000132 0.037239 0.952056 0.000771 0.009802
2 2 0.000161 0.043148 0.932343 0.000659 0.023688
2 2 0.000185 0.036630 0.955139 0.001874 0.006173
2 2 0.000239 0.054423 0.931131 0.000889 0.013318
2 2 0.000074 0.018135 0.973716 0.002532 0.005542
2 2 0.000258 0.035353 0.942105 0.001452 0.020832
2 2 0.000232 0.055228 0.922485 0.000613 0.021441
2 2 0.000110 0.026957 0.952052 0.000772 0.020110
2 2 0.000137 0.023070 0.963774 0.003185 0.009834
2 2 0.000244 0.035018 0.945230 0.003443 0.016065
2 2 0.000164 0.031625 0.953896 0.001067 0.013248
2 2 0.000077 0.019577 0.971946 0.001572 0.006829
2 2 0.000180 0.028453 0.954907 0.002236 0.014223
2 2 0.000220 0.017322 0.960161 0.010364 0.011933
2 2 0.000662 0.070243 0.906855 0.007580 0.014660
2 2 0.000064 0.010522 0.979629 0.003901 0.005885
2 2 0.000229 0.048975 0.933005 0.001523 0.016268
2 2 0.000150 0.026749 0.954334 0.002527 0.016240
2 2 0.000097 0.021553 0.969401 0.002212 0.006737
2 2 0.000385 0.066908 0.903456 0.001778 0.027473
2 2 0.000261 0.038292 0.945817 0.003522 0.012108
2 2 0.001103 0.028372 0.900843 0.055424 0.014258
2 2 0.001904 0.065051 0.867534 0.024713 0.040798
2 2 0.007288 0.132913 0.739110 0.048258 0.072430
2 2 0.004323 0.128561 0.778846 0.014286 0.073984
2 2 0.011029 0.176209 0.685871 0.053820 0.073070
1 1 0.261929 0.439045 0.194781 0.016412 0.087833
2 2 0.012968 0.296504 0.481429 0.015794 0.193306
2 2 0.008397 0.170016 0.713611 0.027693 0.080283
2 2 0.018951 0.214602 0.376340 0.016770 0.373337
2 4 0.016739 0.187879 0.462694 0.016587 0.316101
4 4 0.005301 0.040656 0.019427 0.000278 0.934338
4 4 0.008450 0.104516 0.064456 0.001197 0.821382
4 4 0.007032 0.037021 0.014626 0.000118 0.941203
4 4 0.009616 0.033170 0.010582 0.000045 0.946586
4 4 0.015406 0.047924 0.014661 0.000096 0.921913
4 4 0.006619 0.041574 0.017990 0.000212 0.933605
4 4 0.007340 0.053686 0.025236 0.000521 0.913217
4 4 0.003985 0.036821 0.019257 0.000295 0.939642
4 4 0.004996 0.038558 0.018455 0.000246 0.937745
4 4 0.037586 0.098335 0.028150 0.000474 0.835456
4 4 0.021518 0.051637 0.013907 0.000076 0.912862
4 4 0.025446 0.043368 0.009803 0.000028 0.921356
4 4 0.021503 0.062643 0.018681 0.000171 0.897002
4 4 0.023090 0.055655 0.015053 0.000093 0.906109
4 4 0.006953 0.007075 0.001181 0.000000 0.984791
4 4 0.033544 0.027902 0.004361 0.000003 0.934190
4 4 0.018947 0.016682 0.002647 0.000001 0.961723
4 4 0.015584 0.013311 0.002068 0.000000 0.969036
4 4 0.022879 0.033448 0.006957 0.000011 0.936705
4 4 0.022996 0.062163 0.017855 0.000149 0.896837
4 4 0.023902 0.054542 0.014347 0.000081 0.907128
4 4 0.033584 0.035321 0.006243 0.000008 0.924844
4 4 0.048631 0.021175 0.002380 0.000001 0.927814
4 4 0.020766 0.021472 0.003715 0.000002 0.954044
4 4 0.046526 0.035156 0.005270 0.000004 0.913043
4 4 0.033274 0.045817 0.009326 0.000023 0.911560
4 4 0.025667 0.026610 0.004635 0.000004 0.943084
4 4 0.029962 0.017616 0.002289 0.000001 0.950133
4 4 0.008506 0.008633 0.001446 0.000000 0.981414
4 4 0.026302 0.016365 0.002183 0.000000 0.955150
4 4 0.019026 0.018533 0.003101 0.000001 0.959339
4 4 0.030047 0.020991 0.002985 0.000001 0.945975
4 4 0.029161 0.016400 0.002080 0.000000 0.952358
4 4 0.020761 0.018343 0.002923 0.000001 0.957971
4 4 0.025175 0.036590 0.007606 0.000014 0.930615
4 4 0.027949 0.035204 0.006807 0.000010 0.930031
