0 0 0.981544 0.012655 0.004991 0.000077 0.000733
0 0 0.974541 0.014744 0.003366 0.000497 0.006851
0 0 0.967747 0.021560 0.005327 0.000230 0.005137
0 0 0.971361 0.019179 0.004836 0.000215 0.004409
0 0 0.984875 0.008571 0.001900 0.000324 0.004331
0 0 0.981693 0.008277 0.001520 0.000491 0.008018
0 0 0.974281 0.014963 0.003653 0.000623 0.006480
0 0 0.951856 0.022230 0.004153 0.001127 0.020635
0 0 0.966493 0.018403 0.004829 0.001414 0.008862
0 0 0.947250 0.034098 0.012714 0.001044 0.004894
0 0 0.944447 0.033434 0.007204 0.000596 0.014319
0 0 0.965884 0.020509 0.004501 0.000426 0.008680
0 0 0.963543 0.020000 0.003634 0.000355 0.012468
0 0 0.953370 0.017055 0.001895 0.000177 0.027502
0 0 0.975515 0.015960 0.002834 0.000069 0.005621
0 0 0.949117 0.023620 0.003245 0.000258 0.023760
0 0 0.972518 0.013387 0.001570 0.000056 0.012469
0 0 0.979255 0.013668 0.001871 0.000017 0.005189
0 0 0.971024 0.017547 0.002719 0.000076 0.008635
0 0 0.947271 0.036923 0.005815 0.000039 0.009952
0 0 0.808350 0.073171 0.005547 0.000064 0.112868
0 0 0.835524 0.077263 0.006806 0.000063 0.080344
0 0 0.848534 0.042660 0.003120 0.000099 0.105587
0 0 0.832716 0.066573 0.004800 0.000038 0.095872
0 0 0.865401 0.036877 0.002187 0.000030 0.095504
0 0 0.737484 0.081441 0.005328 0.000066 0.175681
0 0 0.865042 0.053645 0.004267 0.000055 0.076992
0 0 0.874143 0.060786 0.005621 0.000059 0.059392
0 0 0.782411 0.090385 0.007972 0.000123 0.119109
0 0 0.452142 0.138515 0.012982 0.000260 0.396100
0 0 0.487712 0.242338 0.019718 0.000096 0.250135
4 0 0.290679 0.133874 0.010282 0.000084 0.565082
0 0 0.719211 0.113251 0.010322 0.000168 0.157048
0 0 0.534209 0.100935 0.009192 0.000124 0.355540
4 0 0.311853 0.154107 0.013099 0.000116 0.520824
0 0 0.652426 0.128229 0.008677 0.000061 0.210607
4 1 0.398011 0.122664 0.009897 0.000104 0.469324
4 1 0.354399 0.193697 0.017671 0.000297 0.433936
4 2 0.108975 0.184841 0.031495 0.000346 0.674344
4 2 0.108576 0.231947 0.046897 0.001030 0.611550
2 2 0.006018 0.294958 0.577307 0.002058 0.119658
2 2 0.000169 0.044572 0.923968 0.000497 0.030794
2 2 0.004351 0.238266 0.593053 0.000604 0.163726
2 2 0.000013 0.010314 0.985294 0.000002 0.004377
2 2 0.001868 0.115657 0.808841 0.000636 0.072998
2 2 0.001541 0.166026 0.774994 0.000853 0.056586
2 2 0.001659 0.053434 0.925040 0.000002 0.019865
2 2 0.013031 0.350737 0.448351 0.002737 0.185144
2 2 0.000902 0.118423 0.808703 0.000871 0.071101
2 2 0.000062 0.031943 0.954680 0.000029 0.013286
2 2 0.000098 0.036100 0.960714 0.000179 0.002908
2 2 0.000007 0.010853 0.989005 0.000012 0.000122
2 2 0.000003 0.004160 0.995509 0.000066 0.000261
2 2 0.000000 0.000074 0.999915 0.000009 0.000001
2 2 0.000000 0.000485 0.999485 0.000015 0.000015
2 2 0.000000 0.000040 0.999935 0.000024 0.000001
2 2 0.000000 0.000170 0.999808 0.000018 0.000005
2 2 0.000000 0.000017 0.999957 0.000026 0.000000
2 2 0.000370 0.062174 0.935957 0.000480 0.001020
2 2 0.000005 0.005263 0.994391 0.000059 0.000282
2 2 0.000000 0.000045 0.999936 0.000017 0.000001
2 1 0.005291 0.255601 0.737791 0.000074 0.001244
2 2 0.000126 0.041311 0.956412 0.000184 0.001968
2 2 0.000087 0.016462 0.979864 0.001811 0.001775
2 2 0.000000 0.000198 0.999759 0.000039 0.000005
2 2 0.000000 0.000065 0.999918 0.000016 0.000001
2 2 0.000000 0.000120 0.999831 0.000047 0.000002
2 2 0.000001 0.001408 0.998443 0.000102 0.000045
2 2 0.000074 0.029946 0.969518 0.000110 0.000352
2 2 0.000000 0.000002 0.999963 0.000035 0.000000
2 2 0.000000 0.000000 0.983408 0.016592 0.000000
2 2 0.000000 0.000001 0.998333 0.001666 0.000000
2 2 0.000000 0.000001 0.995527 0.004472 0.000000
2 2 0.000000 0.000000 0.995061 0.004939 0.000000
2 3 0.000000 0.000000 0.984018 0.015982 0.000000
2 3 0.000000 0.000000 0.975148 0.024852 0.000000
2 3 0.000000 0.000000 0.988368 0.011632 0.000000
2 3 0.000000 0.000000 0.967817 0.032183 0.000000
2 3 0.000000 0.000000 0.944179 0.055821 0.000000
2 3 0.000000 0.000000 0.903834 0.096166 0.000000
2 3 0.000000 0.000000 0.748263 0.251736 0.000000
2 3 0.000000 0.000000 0.540393 0.459606 0.000000
3 3 0.000000 0.000000 0.426362 0.573638 0.000000
3 3 0.000000 0.000000 0.401288 0.598712 0.000000
3 3 0.000000 0.000000 0.298017 0.701983 0.000000
2 3 0.000000 0.000000 0.516201 0.483799 0.000000
3 3 0.000000 0.000000 0.206009 0.793990 0.000000
3 3 0.000000 0.000004 0.164387 0.835609 0.000000
3 3 0.000048 0.000978 0.473500 0.525218 0.000256
3 3 0.000002 0.000027 0.494352 0.505618 0.000002
2 3 0.000001 0.000034 0.931289 0.068675 0.000001
2 3 0.000000 0.000001 0.991273 0.008726 0.000000
2 3 0.000000 0.000006 0.981361 0.018633 0.000000
2 3 0.000000 0.000001 0.971301 0.028698 0.000000
2 3 0.000000 0.000000 0.899601 0.100399 0.000000
2 3 0.000000 0.000003 0.973179 0.026818 0.000000
2 3 0.000000 0.000000 0.924402 0.075598 0.000000
2 3 0.000000 0.000000 0.927281 0.072718 0.000000
2 3 0.000000 0.000000 0.700816 0.299185 0.000000
2 3 0.000000 0.000000 0.752585 0.247415 0.000000
3 3 0.000000 0.000000 0.291112 0.708888 0.000000
3 3 0.000000 0.000000 0.122298 0.877702 0.000000
3 3 0.000000 0.000000 0.211796 0.788204 0.000000
3 3 0.000000 0.000001 0.193349 0.806650 0.000000
3 3 0.000000 0.000000 0.357046 0.642954 0.000000
3 3 0.000000 0.000000 0.188518 0.811481 0.000000
3 3 0.000000 0.000000 0.111792 0.888208 0.000000
3 3 0.000000 0.000000 0.218166 0.781834 0.000000
3 3 0.000000 0.000000 0.047836 0.952163 0.000000
3 3 0.000001 0.000012 0.199454 0.800529 0.000003
2 2 0.000000 0.000009 0.999328 0.000662 0.000000
2 2 0.000000 0.000039 0.995099 0.004856 0.000006
2 2 0.000000 0.000010 0.997967 0.002022 0.000000
2 2 0.000000 0.000012 0.999715 0.000273 0.000000
2 2 0.000002 0.000718 0.996451 0.002765 0.000064
2 2 0.000000 0.000038 0.999341 0.000618 0.000003
2 2 0.000000 0.000004 0.999807 0.000189 0.000000
2 2 0.000000 0.000050 0.998924 0.001024 0.000001
2 2 0.000000 0.000288 0.999260 0.000442 0.000009
2 2 0.000000 0.000015 0.999359 0.000626 0.000000
2 2 0.000000 0.000148 0.999658 0.000191 0.000002
2 2 0.002732 0.139797 0.849518 0.003855 0.004099
2 2 0.000001 0.001255 0.998504 0.000186 0.000054
2 2 0.000004 0.003883 0.995852 0.000110 0.000152
2 2 0.000000 0.000228 0.999419 0.000336 0.000016
2 2 0.000037 0.003973 0.993796 0.002070 0.000123
2 2 0.001721 0.081831 0.877832 0.012912 0.025705
2 2 0.000006 0.006176 0.993358 0.000067 0.000393
2 2 0.000000 0.000244 0.999586 0.000159 0.000011
2 2 0.000003 0.002788 0.996897 0.000173 0.000138
2 2 0.000001 0.001290 0.998623 0.000057 0.000030
2 2 0.000000 0.000023 0.999890 0.000086 0.000001
2 2 0.000000 0.000096 0.999055 0.000841 0.000007
2 2 0.000000 0.000056 0.999649 0.000294 0.000001
2 2 0.000000 0.000025 0.998943 0.001031 0.000001
2 2 0.000002 0.001403 0.998196 0.000370 0.000028
2 2 0.000000 0.000008 0.999849 0.000143 0.000000
2 2 0.000003 0.001022 0.993439 0.005400 0.000135
2 2 0.000000 0.000057 0.999700 0.000241 0.000002
2 2 0.000000 0.000136 0.999524 0.000335 0.000004
2 2 0.000000 0.000011 0.999214 0.000774 0.000000
2 2 0.000000 0.000084 0.995590 0.004322 0.000004
2 2 0.000004 0.000732 0.983417 0.015754 0.000093
2 2 0.000000 0.000054 0.998602 0.001343 0.000001
2 2 0.000000 0.000080 0.995429 0.004487 0.000002
2 2 0.000000 0.000015 0.994198 0.005786 0.000000
2 2 0.000000 0.000057 0.994247 0.005692 0.000003
2 2 0.000000 0.000012 0.998595 0.001393 0.000000
2 2 0.000596 0.031694 0.948448 0.017314 0.001949
2 2 0.000000 0.000024 0.999224 0.000752 0.000000
2 2 0.000000 0.000102 0.999152 0.000744 0.000002
2 2 0.000000 0.000019 0.999779 0.000203 0.000000
2 2 0.000001 0.000313 0.998041 0.001630 0.000015
2 2 0.000000 0.000009 0.998744 0.001246 0.000000
2 2 0.000000 0.000033 0.999805 0.000162 0.000001
2 2 0.000000 0.000012 0.999497 0.000490 0.000000
2 2 0.000000 0.000139 0.999753 0.000107 0.000001
2 2 0.000000 0.000003 0.998887 0.001111 0.000000
2 2 0.000000 0.000026 0.999070 0.000903 0.000001
2 2 0.000000 0.000009 0.998089 0.001903 0.000000
2 2 0.000000 0.000007 0.936030 0.063963 0.000000
2 2 0.000000 0.000005 0.932205 0.067790 0.000000
2 2 0.000000 0.000004 0.930332 0.069664 0.000000
2 2 0.000000 0.000009 0.979030 0.020960 0.000000
2 2 0.000000 0.000009 0.701426 0.298562 0.000002
2 2 0.000000 0.000001 0.886349 0.113649 0.000000
2 2 0.000000 0.000005 0.920770 0.079224 0.000000
2 3 0.000000 0.000004 0.791938 0.208058 0.000000
2 3 0.000000 0.000001 0.867601 0.132398 0.000000
2 3 0.000000 0.000000 0.609497 0.390502 0.000000
3 3 0.000001 0.000005 0.165565 0.834428 0.000002
3 3 0.000000 0.000001 0.236074 0.763925 0.000000
3 3 0.000000 0.000002 0.096868 0.903128 0.000001
3 3 0.000000 0.000000 0.088591 0.911408 0.000000
3 3 0.000000 0.000000 0.115069 0.884930 0.000000
3 3 0.000000 0.000003 0.081656 0.918339 0.000002
3 3 0.000000 0.000000 0.246372 0.753628 0.000000
3 3 0.000000 0.000000 0.073599 0.926400 0.000000
3 3 0.000000 0.000000 0.038894 0.961106 0.000000
3 3 0.000000 0.000000 0.102679 0.897320 0.000000
3 3 0.000000 0.000000 0.085110 0.914890 0.000000
3 3 0.000000 0.000000 0.051812 0.948187 0.000000
3 3 0.000000 0.000000 0.037076 0.962924 0.000000
3 3 0.000000 0.000000 0.006480 0.993520 0.000000
3 3 0.000000 0.000000 0.051833 0.948167 0.000000
3 3 0.000000 0.000000 0.046301 0.953699 0.000000
3 3 0.000000 0.000000 0.174040 0.825960 0.000000
3 3 0.000000 0.000000 0.063071 0.936929 0.000000
3 3 0.000000 0.000000 0.049987 0.950013 0.000000
3 3 0.000000 0.000000 0.065579 0.934421 0.000000
3 3 0.000000 0.000000 0.040824 0.959176 0.000000
3 3 0.000000 0.000001 0.027812 0.972187 0.000001
3 3 0.000000 0.000000 0.017302 0.982698 0.000000
3 3 0.000000 0.000000 0.011250 0.988748 0.000001
3 3 0.000000 0.000000 0.068821 0.931178 0.000000
3 3 0.000000 0.000001 0.041502 0.958497 0.000000
3 3 0.000000 0.000000 0.044055 0.955944 0.000000
3 3 0.000000 0.000000 0.031760 0.968239 0.000000
3 3 0.000000 0.000000 0.014792 0.985208 0.000000
3 3 0.000000 0.000000 0.045167 0.954832 0.000000
3 3 0.000000 0.000000 0.014558 0.985442 0.000000
3 3 0.000000 0.000000 0.087796 0.912204 0.000000
3 3 0.000000 0.000000 0.053444 0.946556 0.000000
3 3 0.000000 0.000000 0.058429 0.941571 0.000000
3 3 0.000000 0.000000 0.056552 0.943447 0.000000
3 3 0.000000 0.000000 0.023907 0.976092 0.000000
3 3 0.000000 0.000000 0.029702 0.970298 0.000000
3 3 0.000000 0.000000 0.026361 0.973639 0.000000
3 3 0.000000 0.000000 0.052068 0.947932 0.000000
3 3 0.000000 0.000000 0.022122 0.977878 0.000000
3 3 0.000000 0.000000 0.021057 0.978942 0.000000
3 3 0.000000 0.000000 0.087318 0.912682 0.000000
3 3 0.000000 0.000000 0.047603 0.952397 0.000000
3 3 0.000000 0.000000 0.016928 0.983072 0.000000
3 3 0.000000 0.000000 0.024873 0.975127 0.000000
3 3 0.000000 0.000000 0.016181 0.983819 0.000000
3 3 0.000000 0.000000 0.031177 0.968823 0.000000
3 3 0.000000 0.000000 0.044546 0.955454 0.000000
3 3 0.000000 0.000000 0.061683 0.938317 0.000000
3 3 0.000000 0.000000 0.025874 0.974126 0.000000
3 3 0.000000 0.000000 0.013041 0.986958 0.000000
3 3 0.000000 0.000000 0.067784 0.932216 0.000000
3 3 0.000000 0.000000 0.058576 0.941423 0.000000
3 3 0.000000 0.000000 0.026302 0.973698 0.000000
3 3 0.000000 0.000000 0.014648 0.985352 0.000000
3 3 0.000000 0.000000 0.013399 0.986601 0.000000
3 3 0.000000 0.000000 0.031552 0.968448 0.000000
3 3 0.000000 0.000000 0.071060 0.928940 0.000000
3 3 0.000000 0.000000 0.037703 0.962297 0.000000
3 3 0.000000 0.000000 0.123016 0.876983 0.000000
3 3 0.000000 0.000000 0.023082 0.976918 0.000000
3 3 0.000000 0.000000 0.029099 0.970901 0.000000
3 3 0.000000 0.000000 0.024502 0.975497 0.000000
3 3 0.000000 0.000000 0.028812 0.971187 0.000000
3 3 0.000000 0.000000 0.061914 0.938086 0.000000
3 3 0.000000 0.000000 0.054901 0.945098 0.000000
3 3 0.000000 0.000000 0.030838 0.969162 0.000000
3 3 0.000000 0.000000 0.099071 0.900929 0.000000
3 3 0.000000 0.000000 0.032982 0.967018 0.000000
3 3 0.000000 0.000000 0.028486 0.971513 0.000000
3 3 0.000000 0.000000 0.039778 0.960221 0.000000
3 3 0.000000 0.000000 0.046765 0.953235 0.000000
3 3 0.000000 0.000000 0.021762 0.978238 0.000000
3 3 0.000000 0.000000 0.030875 0.969124 0.000000
3 3 0.000000 0.000000 0.017093 0.982907 0.000000
3 3 0.000000 0.000000 0.011464 0.988536 0.000000
3 3 0.000000 0.000000 0.014894 0.985106 0.000000
3 3 0.000000 0.000000 0.025381 0.974619 0.000000
3 3 0.000000 0.000000 0.028787 0.971213 0.000000
3 3 0.000000 0.000000 0.021914 0.978086 0.000000
3 3 0.000019 0.000053 0.067351 0.932507 0.000070
3 3 0.000018 0.000058 0.078930 0.920943 0.000051
3 3 0.000517 0.001177 0.169394 0.828638 0.000274
3 3 0.000091 0.000390 0.247275 0.752125 0.000120
2 3 0.003802 0.023451 0.610194 0.360419 0.002135
2 3 0.004845 0.041409 0.627519 0.319739 0.006489
2 2 0.007292 0.077222 0.757105 0.153464 0.004917
3 2 0.286862 0.084597 0.303378 0.322632 0.002530
2 2 0.031334 0.174241 0.601034 0.177220 0.016172
2 1 0.070209 0.128892 0.725938 0.072923 0.002038
1 0 0.252627 0.523248 0.141010 0.001709 0.081406
1 0 0.144274 0.520435 0.196559 0.004581 0.134150
1 1 0.136068 0.522335 0.211943 0.010791 0.118864
0 0 0.404726 0.333750 0.213503 0.004016 0.044005
1 0 0.197709 0.530678 0.173120 0.006235 0.092258
1 1 0.208439 0.525090 0.162496 0.005520 0.098455
2 1 0.020263 0.252907 0.603845 0.021629 0.101357
2 2 0.005623 0.071185 0.829856 0.043130 0.050205
2 2 0.013956 0.049373 0.880898 0.001626 0.054148
2 2 0.005415 0.124975 0.804475 0.022447 0.042689
2 2 0.000000 0.000553 0.999246 0.000126 0.000075
2 2 0.000002 0.001698 0.997668 0.000489 0.000142
2 2 0.000017 0.013856 0.985403 0.000058 0.000665
2 2 0.000011 0.006377 0.992605 0.000297 0.000711
2 2 0.001735 0.086885 0.878599 0.010417 0.022364
2 2 0.000060 0.029114 0.969568 0.000097 0.001161
2 2 0.000000 0.000325 0.999327 0.000316 0.000032
2 2 0.000002 0.002237 0.997346 0.000216 0.000199
2 2 0.000000 0.000499 0.999348 0.000134 0.000018
2 2 0.000012 0.007256 0.992121 0.000202 0.000409
2 2 0.000014 0.009472 0.989586 0.000078 0.000850
2 2 0.000046 0.012824 0.983174 0.000844 0.003112
2 2 0.000080 0.024391 0.972699 0.000409 0.002422
2 2 0.000021 0.006772 0.990001 0.001292 0.001915
2 2 0.000391 0.068983 0.925443 0.000530 0.004652
2 2 0.000027 0.012500 0.986506 0.000235 0.000732
2 2 0.000283 0.043606 0.947709 0.000335 0.008068
2 2 0.000019 0.006250 0.991911 0.001130 0.000690
2 2 0.000026 0.012460 0.986138 0.000248 0.001129
2 2 0.000185 0.046488 0.948719 0.000064 0.004543
4 2 0.033147 0.268098 0.208038 0.000083 0.490634
2 2 0.001882 0.064247 0.894003 0.004654 0.035215
2 2 0.006796 0.148052 0.723413 0.002658 0.119081
4 2 0.019892 0.265443 0.285974 0.000656 0.428035
2 2 0.014344 0.224639 0.486026 0.001858 0.273134
4 4 0.025069 0.213883 0.276445 0.002185 0.482418
4 4 0.015041 0.183992 0.292249 0.000429 0.508289
2 4 0.017234 0.231514 0.433166 0.000652 0.317435
4 4 0.014951 0.158000 0.333352 0.003374 0.490322
2 4 0.021616 0.297593 0.466595 0.000858 0.213338
4 2 0.044271 0.330428 0.149367 0.000085 0.475849
4 2 0.062525 0.249885 0.071188 0.000077 0.616325
4 4 0.025372 0.118701 0.033108 0.000027 0.822792
4 4 0.016435 0.185614 0.097696 0.000033 0.700222
4 4 0.021601 0.223002 0.119156 0.000189 0.636053
4 4 0.021608 0.192817 0.091307 0.000164 0.694105
4 4 0.015960 0.248298 0.189754 0.000327 0.545662
4 4 0.013557 0.277619 0.232604 0.000033 0.476187
4 4 0.039004 0.179141 0.052437 0.000042 0.729376
4 4 0.011855 0.237677 0.290479 0.000223 0.459766
2 4 0.001386 0.118046 0.839322 0.001010 0.040235
2 2 0.000061 0.037611 0.959519 0.000035 0.002774
2 2 0.000270 0.057187 0.939553 0.000024 0.002966
2 2 0.000413 0.102940 0.887346 0.000167 0.009133
2 2 0.000010 0.008481 0.990556 0.000001 0.000951
2 2 0.000007 0.007247 0.991607 0.000030 0.001109
2 2 0.000006 0.007905 0.991713 0.000001 0.000374
2 2 0.000027 0.019494 0.977907 0.000006 0.002567
2 2 0.000008 0.008912 0.990046 0.000003 0.001031
2 2 0.000033 0.018612 0.978738 0.000025 0.002591
2 2 0.000001 0.001606 0.998198 0.000112 0.000082
2 2 0.000001 0.001289 0.998627 0.000030 0.000052
2 2 0.000044 0.006490 0.991870 0.001200 0.000396
2 2 0.000012 0.009077 0.990522 0.000088 0.000300
2 2 0.000002 0.003180 0.996634 0.000021 0.000163
2 2 0.000002 0.003713 0.996183 0.000011 0.000091
2 2 0.000003 0.002768 0.997152 0.000015 0.000063
2 1 0.007677 0.183945 0.784295 0.016896 0.007187
2 2 0.000449 0.063630 0.927890 0.001062 0.006970
2 2 0.000001 0.001097 0.998872 0.000007 0.000023
2 2 0.000000 0.000262 0.999699 0.000037 0.000002
2 2 0.000031 0.010427 0.988603 0.000556 0.000382
2 2 0.000005 0.005042 0.994826 0.000069 0.000058
2 2 0.000000 0.000180 0.999785 0.000033 0.000001
2 2 0.000019 0.001480 0.998324 0.000148 0.000029
2 2 0.000001 0.001577 0.998336 0.000054 0.000032
2 2 0.000000 0.000040 0.999869 0.000091 0.000000
2 2 0.000000 0.000212 0.999737 0.000049 0.000001
2 2 0.000001 0.000831 0.998239 0.000883 0.000046
2 2 0.000000 0.000025 0.999625 0.000349 0.000000
2 2 0.000262 0.011429 0.982579 0.004068 0.001662
2 2 0.000039 0.001342 0.998308 0.000273 0.000038
2 2 0.001360 0.005228 0.992767 0.000407 0.000238
2 2 0.000385 0.050701 0.943488 0.001455 0.003971
2 2 0.000273 0.001605 0.997972 0.000101 0.000048
1 1 0.055397 0.481391 0.424570 0.023548 0.015094
2 1 0.001366 0.087307 0.901565 0.000301 0.009461
2 2 0.000108 0.014523 0.983557 0.000994 0.000818
2 2 0.001748 0.119108 0.874906 0.002117 0.002121
2 2 0.000047 0.005385 0.992333 0.001867 0.000368
2 2 0.000000 0.000004 0.999697 0.000299 0.000000
2 2 0.000001 0.000740 0.999061 0.000189 0.000009
2 2 0.000000 0.000032 0.998975 0.000993 0.000000
2 2 0.000000 0.000327 0.999592 0.000079 0.000001
2 2 0.000000 0.000010 0.999897 0.000093 0.000000
2 2 0.000065 0.015652 0.983562 0.000602 0.000119
2 2 0.000000 0.000006 0.999664 0.000330 0.000000
2 2 0.000000 0.000074 0.999763 0.000162 0.000000
2 2 0.000000 0.000012 0.999352 0.000635 0.000000
2 2 0.000000 0.000011 0.999213 0.000776 0.000000
2 2 0.000000 0.000388 0.999542 0.000064 0.000006
2 2 0.000000 0.000393 0.999423 0.000173 0.000010
2 2 0.000001 0.000432 0.999421 0.000141 0.000005
2 2 0.000000 0.000023 0.999898 0.000079 0.000000
2 2 0.000001 0.000716 0.997997 0.001241 0.000045
2 2 0.000000 0.000176 0.999739 0.000082 0.000004
2 2 0.000000 0.000323 0.999600 0.000071 0.000006
2 2 0.000000 0.000121 0.999855 0.000023 0.000000
2 2 0.000000 0.000067 0.998884 0.001047 0.000002
2 2 0.000000 0.000258 0.999522 0.000214 0.000006
2 2 0.000000 0.000091 0.999159 0.000748 0.000001
2 2 0.000000 0.000027 0.999588 0.000384 0.000000
2 2 0.000000 0.000041 0.998301 0.001658 0.000000
2 2 0.000000 0.000039 0.999229 0.000731 0.000000
2 2 0.000000 0.000014 0.999131 0.000854 0.000000
2 2 0.000000 0.000002 0.996950 0.003047 0.000000
2 2 0.000000 0.000040 0.997378 0.002581 0.000001
2 2 0.000000 0.000015 0.998584 0.001401 0.000000
2 2 0.000000 0.000018 0.996295 0.003687 0.000000
2 2 0.000000 0.000109 0.998175 0.001714 0.000001
2 2 0.000000 0.000012 0.998733 0.001255 0.000000
2 2 0.000000 0.000034 0.992129 0.007836 0.000001
2 2 0.000000 0.000025 0.996555 0.003420 0.000000
2 2 0.000000 0.000027 0.991580 0.008392 0.000001
2 2 0.000000 0.000047 0.988285 0.011667 0.000001
2 2 0.000001 0.000085 0.980501 0.019409 0.000003
2 2 0.000000 0.000033 0.982431 0.017535 0.000001
2 2 0.000000 0.000019 0.987032 0.012948 0.000000
2 2 0.000001 0.000103 0.993979 0.005915 0.000002
2 2 0.000000 0.000016 0.985342 0.014641 0.000001
2 2 0.000000 0.000013 0.923640 0.076345 0.000001
2 2 0.000000 0.000005 0.945423 0.054571 0.000000
2 2 0.000000 0.000007 0.963929 0.036064 0.000000
2 2 0.000000 0.000004 0.974741 0.025255 0.000000
2 2 0.000000 0.000018 0.973653 0.026328 0.000000
2 2 0.000002 0.000053 0.930695 0.069248 0.000001
2 3 0.000000 0.000010 0.735538 0.264449 0.000003
2 3 0.000000 0.000010 0.938993 0.060998 0.000000
2 3 0.000000 0.000003 0.951147 0.048849 0.000000
2 3 0.000000 0.000023 0.868926 0.131050 0.000001
2 3 0.000000 0.000009 0.965919 0.034072 0.000000
2 3 0.000000 0.000017 0.914242 0.085740 0.000001
2 3 0.000000 0.000010 0.857936 0.142054 0.000000
2 3 0.000000 0.000003 0.915533 0.084465 0.000000
2 3 0.000000 0.000008 0.923820 0.076172 0.000000
2 3 0.000000 0.000015 0.860017 0.139967 0.000002
2 3 0.000000 0.000007 0.936734 0.063259 0.000000
2 3 0.000001 0.000056 0.780769 0.219165 0.000009
2 3 0.000002 0.000062 0.953061 0.046874 0.000001
2 3 0.000001 0.000031 0.885467 0.114499 0.000002
2 3 0.000003 0.000085 0.896886 0.103020 0.000006
2 3 0.000005 0.000104 0.863813 0.136069 0.000008
2 3 0.000022 0.000352 0.687232 0.312344 0.000050
2 3 0.000948 0.020106 0.831982 0.145111 0.001853
2 3 0.000118 0.000660 0.984676 0.014539 0.000008
2 2 0.000299 0.010529 0.968510 0.020434 0.000228
2 2 0.000004 0.000093 0.954994 0.044907 0.000002
2 2 0.000005 0.000096 0.997067 0.002831 0.000000
2 2 0.001892 0.008397 0.838863 0.150465 0.000383
1 1 0.052697 0.475627 0.433149 0.024403 0.014124
2 2 0.001873 0.115461 0.857223 0.004466 0.020977
2 2 0.000131 0.033718 0.964901 0.000345 0.000904
2 2 0.000188 0.030891 0.967149 0.000010 0.001761
2 2 0.000164 0.037368 0.960671 0.000449 0.001347
2 2 0.000002 0.001014 0.998666 0.000277 0.000041
2 2 0.000017 0.006086 0.992896 0.000656 0.000345
2 2 0.000009 0.008308 0.991357 0.000055 0.000270
2 2 0.000002 0.001560 0.998218 0.000174 0.000046
2 2 0.006059 0.155509 0.815020 0.017561 0.005851
2 2 0.000014 0.010925 0.988635 0.000045 0.000381
2 2 0.000000 0.000022 0.999800 0.000178 0.000000
2 2 0.000089 0.013225 0.983273 0.002961 0.000453
2 2 0.000000 0.000009 0.999881 0.000110 0.000000
2 2 0.000000 0.000129 0.999303 0.000565 0.000003
2 2 0.000001 0.000535 0.999180 0.000263 0.000022
2 2 0.000001 0.000519 0.998773 0.000697 0.000010
2 2 0.000001 0.000214 0.999281 0.000502 0.000003
2 2 0.000000 0.000057 0.999640 0.000302 0.000001
2 2 0.000000 0.000188 0.999540 0.000271 0.000001
2 2 0.000000 0.000641 0.999292 0.000058 0.000009
2 2 0.000000 0.000019 0.999580 0.000400 0.000000
2 2 0.000000 0.000148 0.999474 0.000377 0.000001
2 2 0.000000 0.000040 0.998783 0.001176 0.000001
2 2 0.000043 0.007303 0.988296 0.003966 0.000392
2 2 0.000006 0.003221 0.996440 0.000281 0.000053
2 2 0.000000 0.000056 0.999326 0.000617 0.000000
2 2 0.000002 0.000341 0.997520 0.002129 0.000007
2 2 0.000002 0.000321 0.999122 0.000553 0.000002
2 2 0.000000 0.000159 0.999537 0.000303 0.000001
2 2 0.000001 0.000389 0.999233 0.000371 0.000006
2 2 0.000000 0.000041 0.999844 0.000115 0.000000
2 2 0.000000 0.000027 0.999540 0.000432 0.000000
2 2 0.000000 0.000016 0.999014 0.000970 0.000000
2 2 0.000000 0.000037 0.999686 0.000277 0.000000
2 2 0.000000 0.000033 0.999787 0.000179 0.000000
2 2 0.000001 0.000751 0.998843 0.000384 0.000021
2 2 0.000000 0.000094 0.999671 0.000234 0.000001
2 2 0.000000 0.000050 0.999773 0.000177 0.000000
2 2 0.000003 0.000382 0.987604 0.011987 0.000024
2 2 0.000000 0.000175 0.999386 0.000436 0.000002
2 2 0.000000 0.000009 0.999892 0.000099 0.000000
2 2 0.000000 0.000010 0.998940 0.001049 0.000000
2 2 0.000000 0.000065 0.999249 0.000685 0.000001
2 2 0.000000 0.000058 0.999859 0.000083 0.000000
2 2 0.000001 0.000426 0.999497 0.000072 0.000004
2 2 0.000000 0.000446 0.999325 0.000223 0.000006
2 2 0.000001 0.001105 0.998802 0.000081 0.000010
2 2 0.000000 0.000142 0.999601 0.000257 0.000001
2 2 0.000000 0.000133 0.999671 0.000193 0.000002
2 2 0.000000 0.000241 0.999480 0.000274 0.000006
2 2 0.000000 0.000070 0.996765 0.003163 0.000001
2 2 0.000001 0.000128 0.998835 0.001036 0.000001
2 2 0.000000 0.000023 0.994140 0.005837 0.000001
2 2 0.000001 0.000139 0.995172 0.004686 0.000001
2 2 0.000000 0.000019 0.996255 0.003726 0.000000
2 2 0.000007 0.000353 0.998917 0.000718 0.000004
2 2 0.000001 0.000104 0.995713 0.004181 0.000002
2 2 0.000000 0.000016 0.992952 0.007031 0.000000
2 2 0.000007 0.000297 0.853978 0.145660 0.000059
2 2 0.000000 0.000095 0.999088 0.000817 0.000001
2 2 0.000001 0.000135 0.997288 0.002574 0.000002
2 1 0.001889 0.054916 0.921385 0.017685 0.004125
2 2 0.001126 0.047269 0.926488 0.021657 0.003460
2 2 0.000015 0.003577 0.994715 0.001629 0.000064
2 2 0.000008 0.000841 0.997424 0.001717 0.000010
2 2 0.001074 0.058685 0.938178 0.001035 0.001028
2 2 0.000027 0.003721 0.994314 0.001880 0.000058
2 2 0.000001 0.000151 0.996603 0.003238 0.000006
2 2 0.000007 0.000542 0.997896 0.001550 0.000004
2 2 0.000002 0.000229 0.999122 0.000644 0.000003
2 2 0.000366 0.039837 0.953059 0.002570 0.004167
2 2 0.000474 0.043628 0.949497 0.003652 0.002748
1 2 0.081636 0.516879 0.344699 0.025443 0.031343
2 2 0.000046 0.017815 0.980799 0.000145 0.001195
2 2 0.002498 0.085666 0.877208 0.022429 0.012198
2 2 0.000108 0.004375 0.994992 0.000260 0.000264
2 2 0.000125 0.016022 0.981749 0.000783 0.001321
2 2 0.000005 0.002484 0.997168 0.000230 0.000113
2 2 0.000380 0.003990 0.995127 0.000222 0.000281
2 2 0.001017 0.080688 0.909193 0.003026 0.006076
2 2 0.000000 0.000288 0.999627 0.000079 0.000005
2 2 0.000000 0.000052 0.999291 0.000656 0.000001
2 2 0.000001 0.000433 0.999231 0.000323 0.000012
2 2 0.000005 0.001472 0.998436 0.000069 0.000017
2 2 0.000066 0.021105 0.978121 0.000287 0.000422
2 2 0.000100 0.003772 0.995983 0.000082 0.000062
2 2 0.000170 0.041025 0.957726 0.000312 0.000767
2 2 0.000185 0.029819 0.967571 0.001260 0.001165
2 2 0.000004 0.001642 0.998151 0.000171 0.000033
2 2 0.000105 0.008644 0.989437 0.001608 0.000207
1 1 0.091014 0.493830 0.398541 0.003646 0.012969
1 1 0.091315 0.540469 0.333104 0.005100 0.030011
2 2 0.005365 0.176597 0.795448 0.009769 0.012821
2 2 0.000248 0.010369 0.988308 0.000203 0.000873
2 2 0.000104 0.010329 0.988240 0.000627 0.000700
2 2 0.002759 0.102220 0.885981 0.000208 0.008831
2 2 0.000131 0.028638 0.969102 0.000514 0.001616
2 2 0.000098 0.020843 0.977158 0.000583 0.001318
2 2 0.000007 0.002157 0.997338 0.000359 0.000141
2 2 0.000162 0.015843 0.982346 0.000260 0.001388
2 2 0.000001 0.001363 0.998584 0.000038 0.000013
2 2 0.000000 0.000060 0.999342 0.000597 0.000002
2 2 0.000000 0.000014 0.999920 0.000066 0.000000
2 2 0.000000 0.000089 0.999818 0.000092 0.000001
2 2 0.000000 0.000026 0.999861 0.000113 0.000000
2 2 0.000000 0.000219 0.999561 0.000216 0.000003
2 2 0.000006 0.002391 0.997272 0.000299 0.000033
2 2 0.000175 0.027495 0.969601 0.001476 0.001253
2 2 0.000000 0.000025 0.999860 0.000115 0.000000
2 2 0.000000 0.000032 0.999889 0.000079 0.000000
2 2 0.000008 0.000641 0.996061 0.003280 0.000010
1 2 0.058929 0.479240 0.435225 0.013535 0.013070
2 2 0.000110 0.019226 0.979087 0.001106 0.000472
2 2 0.000007 0.000756 0.992546 0.006666 0.000025
2 2 0.011891 0.173708 0.759162 0.050136 0.005103
2 2 0.000079 0.008602 0.990326 0.000794 0.000199
2 2 0.000006 0.001204 0.998037 0.000736 0.000017
2 2 0.000013 0.000553 0.995844 0.003580 0.000010
2 2 0.029824 0.385809 0.567747 0.013220 0.003400
2 2 0.000004 0.000283 0.996391 0.003318 0.000004
2 2 0.037143 0.026896 0.927657 0.004570 0.003734
2 2 0.039402 0.024124 0.927088 0.004634 0.004753
2 2 0.074779 0.020573 0.899723 0.001794 0.003131
0 0 0.536709 0.214265 0.124018 0.059170 0.065838
0 0 0.731478 0.161123 0.088083 0.007179 0.012137
0 0 0.618890 0.123517 0.239932 0.016964 0.000698
0 0 0.792727 0.132026 0.063629 0.002495 0.009123
0 0 0.799571 0.142177 0.041706 0.000516 0.016030
0 0 0.703369 0.211244 0.066689 0.000569 0.018129
0 0 0.671556 0.228806 0.086047 0.000618 0.012973
0 0 0.692914 0.198051 0.027955 0.000219 0.080862
0 0 0.713282 0.175424 0.026726 0.000439 0.084129
0 0 0.668714 0.140415 0.020311 0.002211 0.168348
0 0 0.452390 0.348431 0.045949 0.000268 0.152962
1 0 0.374713 0.437861 0.076224 0.000418 0.110783
0 0 0.598338 0.249181 0.033555 0.000285 0.118642
0 0 0.402543 0.397504 0.058061 0.000321 0.141570
0 0 0.491035 0.288575 0.044190 0.001117 0.175083
0 0 0.816914 0.116724 0.014087 0.000074 0.052201
0 0 0.771526 0.154279 0.028113 0.000357 0.045725
0 0 0.520857 0.238467 0.025539 0.000324 0.214812
0 0 0.773231 0.080682 0.006439 0.000119 0.139528
0 0 0.505172 0.261761 0.023650 0.000103 0.209314
0 0 0.402750 0.361290 0.047987 0.000415 0.187559
0 0 0.871530 0.060129 0.005754 0.000081 0.062507
0 0 0.428397 0.309110 0.034132 0.000294 0.228067
0 1 0.406999 0.315388 0.036642 0.000425 0.240546
0 1 0.671412 0.164454 0.014892 0.000098 0.149143
0 1 0.352427 0.323919 0.042548 0.001124 0.279982
1 1 0.330399 0.436123 0.079542 0.001120 0.152816
2 1 0.006728 0.310323 0.612816 0.001507 0.068627
2 2 0.006538 0.306115 0.607713 0.002195 0.077439
2 2 0.004005 0.265493 0.685972 0.001231 0.043299
2 2 0.003291 0.252453 0.675820 0.000990 0.067446
2 2 0.000490 0.089018 0.878149 0.000530 0.031813
2 2 0.001380 0.161743 0.794125 0.000703 0.042048
2 2 0.000196 0.050206 0.939113 0.000051 0.010433
2 2 0.000062 0.015303 0.982444 0.000043 0.002148
2 2 0.000064 0.022123 0.971036 0.000294 0.006482
2 2 0.000073 0.029431 0.963273 0.000006 0.007216
2 2 0.000004 0.002665 0.996843 0.000342 0.000147
2 2 0.000000 0.001119 0.998869 0.000004 0.000007
2 2 0.000001 0.002938 0.996981 0.000020 0.000058
2 2 0.000000 0.000573 0.999379 0.000029 0.000018
2 2 0.000000 0.000147 0.999733 0.000113 0.000007
2 2 0.000000 0.000136 0.999826 0.000033 0.000004
2 2 0.000000 0.000656 0.999303 0.000034 0.000007
2 2 0.000000 0.000494 0.999495 0.000003 0.000009
2 2 0.000000 0.000304 0.999460 0.000218 0.000017
2 2 0.000000 0.000451 0.999479 0.000050 0.000020
2 2 0.000062 0.018555 0.980601 0.000384 0.000398
2 2 0.000000 0.000157 0.999828 0.000013 0.000002
2 2 0.000000 0.000252 0.999741 0.000004 0.000003
2 2 0.000000 0.000125 0.999870 0.000004 0.000001
2 2 0.000000 0.000353 0.999616 0.000021 0.000010
2 2 0.000000 0.000137 0.999846 0.000016 0.000002
2 2 0.000000 0.000699 0.999283 0.000008 0.000009
2 2 0.000001 0.000837 0.998968 0.000167 0.000027
2 2 0.000000 0.000083 0.999907 0.000010 0.000001
2 2 0.000000 0.000299 0.999696 0.000003 0.000002
2 2 0.000000 0.000019 0.999950 0.000031 0.000000
2 2 0.000000 0.000042 0.999582 0.000374 0.000002
2 2 0.000000 0.000108 0.999846 0.000045 0.000000
2 2 0.000000 0.000007 0.999915 0.000078 0.000000
2 2 0.000000 0.000004 0.999920 0.000076 0.000000
2 2 0.000000 0.000015 0.999906 0.000079 0.000000
2 2 0.000000 0.000002 0.999693 0.000305 0.000000
2 2 0.000000 0.000015 0.999479 0.000506 0.000000
2 2 0.000000 0.000006 0.999501 0.000493 0.000000
2 2 0.000000 0.000004 0.999829 0.000166 0.000000
2 2 0.000000 0.000005 0.999785 0.000210 0.000000
2 2 0.000000 0.000005 0.999362 0.000633 0.000000
2 2 0.000000 0.000001 0.999621 0.000378 0.000000
2 2 0.000000 0.000001 0.998323 0.001675 0.000000
2 2 0.000000 0.000004 0.999407 0.000589 0.000000
2 2 0.000000 0.000002 0.998657 0.001341 0.000000
2 2 0.000000 0.000001 0.999156 0.000844 0.000000
2 2 0.000000 0.000005 0.999702 0.000292 0.000000
2 2 0.000000 0.000004 0.999463 0.000533 0.000000
2 2 0.000000 0.000004 0.999248 0.000749 0.000000
2 2 0.000000 0.000001 0.985848 0.014150 0.000000
2 2 0.000000 0.000002 0.995501 0.004497 0.000000
2 2 0.000000 0.000004 0.996160 0.003835 0.000000
2 2 0.000000 0.000000 0.982314 0.017686 0.000000
2 2 0.000000 0.000002 0.993294 0.006704 0.000000
2 2 0.000000 0.000000 0.992720 0.007279 0.000000
2 3 0.000000 0.000001 0.988700 0.011299 0.000000
2 3 0.000000 0.000009 0.990592 0.009399 0.000000
2 3 0.000000 0.000000 0.979322 0.020677 0.000000
2 3 0.000000 0.000002 0.998646 0.001352 0.000000
2 3 0.000000 0.000001 0.870477 0.129522 0.000000
2 3 0.000000 0.000001 0.853024 0.146974 0.000000
2 3 0.000000 0.000001 0.931086 0.068913 0.000000
2 3 0.000000 0.000001 0.832202 0.167796 0.000000
2 3 0.000000 0.000001 0.595488 0.404511 0.000000
2 3 0.000000 0.000000 0.878286 0.121714 0.000000
2 3 0.000000 0.000000 0.884639 0.115361 0.000000
2 3 0.000000 0.000001 0.872950 0.127050 0.000000
2 3 0.000000 0.000003 0.784552 0.215445 0.000001
2 3 0.000000 0.000000 0.809535 0.190465 0.000000
2 3 0.000000 0.000001 0.933913 0.066087 0.000000
2 3 0.000000 0.000002 0.905702 0.094296 0.000000
2 3 0.000000 0.000000 0.885642 0.114358 0.000000
2 3 0.000000 0.000001 0.863206 0.136793 0.000000
2 3 0.000000 0.000001 0.767168 0.232832 0.000000
2 3 0.000000 0.000001 0.940620 0.059379 0.000000
2 3 0.000000 0.000000 0.832963 0.167037 0.000000
2 3 0.000000 0.000001 0.833880 0.166120 0.000000
3 3 0.000000 0.000001 0.470471 0.529527 0.000001
2 3 0.000000 0.000001 0.916291 0.083708 0.000000
2 3 0.000000 0.000000 0.785363 0.214636 0.000000
2 3 0.000000 0.000000 0.665850 0.334149 0.000000
2 3 0.000000 0.000001 0.793539 0.206460 0.000000
2 3 0.000000 0.000002 0.698085 0.301914 0.000000
2 3 0.000000 0.000005 0.617189 0.382806 0.000001
2 3 0.000000 0.000000 0.793751 0.206249 0.000000
2 3 0.000000 0.000002 0.834653 0.165346 0.000000
2 3 0.000000 0.000000 0.879019 0.120981 0.000000
2 3 0.000000 0.000000 0.814299 0.185700 0.000000
2 3 0.000000 0.000000 0.743025 0.256974 0.000000
2 3 0.000000 0.000002 0.657169 0.342829 0.000000
2 3 0.000000 0.000001 0.730542 0.269457 0.000000
3 3 0.000000 0.000001 0.474591 0.525408 0.000000
3 3 0.000000 0.000000 0.479023 0.520977 0.000000
2 3 0.000000 0.000002 0.553988 0.446010 0.000000
2 3 0.000000 0.000000 0.669540 0.330459 0.000000
2 3 0.000000 0.000001 0.619772 0.380227 0.000000
2 3 0.000000 0.000001 0.777780 0.222218 0.000000
3 3 0.000000 0.000000 0.389506 0.610494 0.000000
2 3 0.000000 0.000001 0.580692 0.419307 0.000000
2 3 0.000000 0.000002 0.816418 0.183580 0.000000
3 3 0.000000 0.000011 0.465021 0.534962 0.000005
2 3 0.000000 0.000008 0.591220 0.408770 0.000002
2 3 0.000000 0.000006 0.718762 0.281231 0.000000
3 3 0.000002 0.000039 0.421963 0.577981 0.000015
3 3 0.000000 0.000006 0.446128 0.553864 0.000001
2 3 0.000000 0.000005 0.519440 0.480555 0.000001
3 3 0.000000 0.000007 0.490122 0.509870 0.000001
2 3 0.000000 0.000003 0.674543 0.325453 0.000000
2 3 0.000001 0.000011 0.539073 0.460913 0.000002
2 3 0.000000 0.000013 0.793452 0.206533 0.000002
2 3 0.000000 0.000004 0.772723 0.227272 0.000001
2 3 0.000000 0.000004 0.801542 0.198453 0.000001
2 3 0.000001 0.000052 0.687265 0.312654 0.000029
2 3 0.000024 0.000488 0.926639 0.072830 0.000018
2 3 0.000103 0.004045 0.969358 0.026402 0.000092
2 2 0.000027 0.002179 0.987450 0.010313 0.000031
2 2 0.000004 0.000185 0.987705 0.012104 0.000001
2 2 0.000001 0.000054 0.992568 0.007376 0.000000
2 2 0.000056 0.002488 0.978472 0.018936 0.000049
2 2 0.000898 0.031453 0.953554 0.000095 0.014000
2 2 0.000711 0.026628 0.951403 0.000099 0.021159
2 2 0.001295 0.095699 0.855263 0.000008 0.047736
2 2 0.012535 0.360526 0.538640 0.000186 0.088113
2 2 0.000886 0.068765 0.884163 0.005507 0.040679
2 2 0.015220 0.242184 0.489611 0.000606 0.252379
1 2 0.035744 0.472131 0.433616 0.001165 0.057344
2 2 0.004653 0.148068 0.751374 0.002675 0.093231
2 2 0.009599 0.228983 0.497849 0.003411 0.260158
2 2 0.008265 0.185744 0.528542 0.001012 0.276437
4 4 0.161002 0.102509 0.007754 0.000020 0.728715
4 4 0.192443 0.073709 0.004102 0.000005 0.729741
4 4 0.102101 0.071499 0.005301 0.000005 0.821094
4 4 0.085961 0.045592 0.003023 0.000001 0.865423
4 4 0.305693 0.057493 0.002973 0.000003 0.633837
4 4 0.217722 0.054243 0.002929 0.000002 0.725103
4 4 0.143749 0.055178 0.002660 0.000002 0.798411
4 4 0.161769 0.109412 0.008734 0.000027 0.720059
4 4 0.320563 0.045408 0.001898 0.000001 0.632130
4 4 0.116915 0.131887 0.015260 0.000067 0.735871
4 4 0.342347 0.081685 0.005945 0.000018 0.570005
0 4 0.461349 0.076562 0.005056 0.000021 0.457012
4 4 0.122319 0.097445 0.008899 0.000019 0.771318
4 4 0.244489 0.099290 0.007041 0.000023 0.649157
4 4 0.126367 0.084543 0.007476 0.000011 0.781602
4 4 0.109670 0.110913 0.011772 0.000033 0.767613
4 4 0.131728 0.138791 0.015561 0.000081 0.713838
4 4 0.371940 0.115412 0.009188 0.000073 0.503386
0 4 0.621174 0.075618 0.006808 0.000077 0.296323
4 4 0.357919 0.116760 0.007835 0.000036 0.517450
4 4 0.240032 0.100227 0.005803 0.000018 0.653920
4 4 0.194325 0.123843 0.009826 0.000046 0.671960
4 4 0.102267 0.045335 0.002272 0.000001 0.850125
4 4 0.112622 0.063917 0.004039 0.000003 0.819419
4 4 0.110316 0.086536 0.007196 0.000011 0.795942
4 4 0.236570 0.036742 0.001706 0.000001 0.724981
4 4 0.095554 0.041966 0.002172 0.000001 0.860308
4 4 0.088489 0.042119 0.002499 0.000001 0.866892
4 4 0.126040 0.066529 0.004047 0.000003 0.803381
4 4 0.117835 0.057936 0.003268 0.000002 0.820959
4 4 0.076026 0.067834 0.005825 0.000004 0.850311
4 4 0.045193 0.053274 0.005236 0.000002 0.896295
4 4 0.077121 0.074618 0.006890 0.000007 0.841364
4 4 0.071061 0.094394 0.011270 0.000019 0.823256
4 4 0.106645 0.163893 0.024406 0.000187 0.704868
4 4 0.070790 0.088785 0.010077 0.000015 0.830334
4 4 0.119694 0.140025 0.016825 0.000087 0.723369
4 1 0.156108 0.158795 0.018073 0.000146 0.666878
4 1 0.130855 0.167039 0.021473 0.000058 0.680575
4 2 0.047032 0.150746 0.035655 0.000191 0.766376
4 2 0.037845 0.102407 0.019895 0.000038 0.839815
4 4 0.041014 0.056789 0.006286 0.000003 0.895908
4 4 0.077423 0.105295 0.013070 0.000029 0.804183
4 4 0.032196 0.069642 0.010785 0.000008 0.887369
4 4 0.052500 0.045828 0.003587 0.000001 0.898084
4 4 0.052337 0.070751 0.008051 0.000006 0.868855
4 4 0.035216 0.072429 0.010931 0.000009 0.881415
4 4 0.046455 0.101459 0.017067 0.000032 0.834985
4 4 0.050293 0.075002 0.009214 0.000008 0.865483
4 4 0.082863 0.074179 0.006503 0.000006 0.836449
4 4 0.066124 0.063757 0.005688 0.000004 0.864428
4 4 0.042506 0.087202 0.013639 0.000018 0.856635
4 4 0.061564 0.063415 0.005902 0.000004 0.869116
4 4 0.061039 0.038613 0.002365 0.000000 0.897983
4 4 0.060533 0.063928 0.006058 0.000004 0.869477
4 4 0.040508 0.059455 0.006901 0.000004 0.893132
4 4 0.073344 0.057084 0.004327 0.000002 0.865243
4 4 0.088029 0.042721 0.002244 0.000001 0.867006
4 4 0.059729 0.038191 0.002350 0.000000 0.899729
4 4 0.034284 0.126698 0.031689 0.000105 0.807224
4 2 0.011537 0.279278 0.287243 0.000688 0.421254
4 2 0.015399 0.265525 0.213573 0.000675 0.504829
1 2 0.084482 0.402376 0.182310 0.000323 0.330509
4 2 0.014860 0.273865 0.234975 0.001046 0.475255
2 2 0.011422 0.307992 0.362288 0.001661 0.316638
4 2 0.024283 0.315925 0.210283 0.000195 0.449314
4 2 0.014233 0.239177 0.184413 0.000565 0.561611
4 2 0.018053 0.324335 0.315768 0.000876 0.340967
4 2 0.007130 0.235659 0.301245 0.002712 0.453255
4 2 0.020406 0.301269 0.213981 0.000136 0.464207
2 2 0.003378 0.220693 0.436976 0.000801 0.338152
2 2 0.003206 0.236441 0.536031 0.000939 0.223384
2 2 0.002295 0.197328 0.461164 0.000702 0.338511
2 2 0.002658 0.223493 0.525429 0.000283 0.248137
2 2 0.001731 0.180512 0.469069 0.000508 0.348179
2 2 0.002955 0.216533 0.441006 0.000155 0.339352
4 2 0.006607 0.119043 0.083363 0.000109 0.790879
2 2 0.005435 0.260119 0.418370 0.000297 0.315778
2 2 0.002572 0.204910 0.450285 0.000418 0.341815
4 2 0.003943 0.210680 0.352571 0.000639 0.432167
2 2 0.000990 0.128811 0.849699 0.000668 0.019832
2 2 0.006500 0.286743 0.555853 0.002660 0.148244
2 2 0.002173 0.119595 0.835465 0.006085 0.036681
2 2 0.000755 0.102351 0.880588 0.000779 0.015528
2 2 0.000197 0.051492 0.940924 0.000108 0.007278
2 2 0.252674 0.348860 0.397208 0.000327 0.000932
2 2 0.018506 0.394644 0.484875 0.007407 0.094568
2 2 0.000185 0.053950 0.922648 0.000004 0.023213
2 2 0.000196 0.040163 0.945527 0.000028 0.014085
2 2 0.000065 0.019509 0.974771 0.000003 0.005652
2 2 0.000004 0.009357 0.989595 0.000000 0.001044
2 2 0.000003 0.005906 0.993190 0.000000 0.000902
2 2 0.000012 0.018007 0.980170 0.000000 0.001810
2 2 0.000015 0.014677 0.983496 0.000003 0.001809
2 2 0.000005 0.012992 0.986213 0.000002 0.000789
2 2 0.000001 0.003340 0.996376 0.000015 0.000268
2 2 0.000011 0.006672 0.992742 0.000000 0.000575
2 2 0.000004 0.010646 0.988532 0.000000 0.000818
2 2 0.000002 0.005824 0.993679 0.000001 0.000494
2 2 0.000001 0.003716 0.996002 0.000002 0.000279
2 2 0.000002 0.004104 0.995725 0.000001 0.000168
2 2 0.000000 0.001051 0.998923 0.000001 0.000025
2 2 0.000002 0.003948 0.995901 0.000000 0.000149
2 2 0.000001 0.002869 0.996932 0.000004 0.000194
2 2 0.000001 0.001573 0.998344 0.000002 0.000080
2 2 0.000002 0.005978 0.993801 0.000002 0.000217
2 2 0.000000 0.000241 0.999749 0.000004 0.000004
2 2 0.000001 0.004144 0.995816 0.000004 0.000035
2 2 0.000001 0.002294 0.997573 0.000018 0.000115
2 2 0.000001 0.003195 0.996717 0.000001 0.000086
2 2 0.000000 0.001549 0.998385 0.000004 0.000062
2 2 0.000001 0.002642 0.997273 0.000003 0.000080
2 2 0.000001 0.000732 0.999252 0.000001 0.000014
2 2 0.000001 0.002363 0.997585 0.000001 0.000051
2 2 0.000000 0.000406 0.999535 0.000046 0.000013
2 2 0.000000 0.000852 0.999122 0.000007 0.000020
