0 0 0.901874 0.058942 0.012275 0.000068 0.026841
0 0 0.959780 0.024052 0.003783 0.000010 0.012374
0 0 0.963564 0.020378 0.004250 0.000031 0.011778
0 0 0.960738 0.023324 0.003103 0.000006 0.012829
0 0 0.972124 0.014423 0.002608 0.000020 0.010824
0 0 0.958532 0.024684 0.003875 0.000011 0.012899
0 0 0.965859 0.021086 0.002493 0.000003 0.010558
0 0 0.958571 0.023423 0.004838 0.000033 0.013136
0 0 0.969232 0.017521 0.002449 0.000006 0.010792
0 0 0.952057 0.029535 0.003973 0.000006 0.014428
0 0 0.958526 0.023881 0.004213 0.000018 0.013362
0 0 0.946617 0.033491 0.005639 0.000013 0.014241
0 0 0.917156 0.059491 0.005134 0.000001 0.018217
0 0 0.907060 0.065113 0.005719 0.000002 0.022105
0 0 0.932038 0.045388 0.004060 0.000002 0.018512
0 0 0.955008 0.029613 0.003762 0.000003 0.011613
0 0 0.968253 0.019181 0.002637 0.000005 0.009925
0 0 0.892136 0.083874 0.004041 0.000000 0.019950
0 0 0.962058 0.020525 0.005262 0.000070 0.012085
0 0 0.968117 0.016100 0.003045 0.000030 0.012708
0 0 0.933861 0.041651 0.006916 0.000016 0.017555
0 0 0.931762 0.046054 0.007686 0.000010 0.014487
0 0 0.948382 0.031579 0.004086 0.000006 0.015947
0 0 0.967882 0.016909 0.003374 0.000030 0.011805
0 0 0.930102 0.047278 0.007660 0.000010 0.014950
0 0 0.946159 0.034850 0.005364 0.000008 0.013619
0 0 0.964580 0.020094 0.003475 0.000015 0.011836
0 0 0.894985 0.076631 0.006370 0.000001 0.022013
0 0 0.962664 0.021200 0.003328 0.000012 0.012796
0 0 0.945531 0.036863 0.005487 0.000006 0.012114
0 0 0.925652 0.052880 0.004899 0.000001 0.016569
0 0 0.959497 0.024594 0.003454 0.000006 0.012449
0 0 0.925392 0.048930 0.004523 0.000002 0.021152
0 0 0.949801 0.033961 0.004489 0.000004 0.011746
0 0 0.947247 0.034358 0.004129 0.000004 0.014262
0 0 0.957527 0.027509 0.003649 0.000004 0.011311
0 0 0.931499 0.044629 0.006743 0.000010 0.017119
0 0 0.929668 0.050572 0.003648 0.000000 0.016111
0 0 0.944494 0.037658 0.004053 0.000002 0.013792
0 0 0.963722 0.019810 0.004130 0.000034 0.012304
0 0 0.988963 0.003972 0.000498 0.000005 0.006561
0 0 0.963507 0.021682 0.001036 0.000000 0.013775
0 0 0.972689 0.015632 0.001067 0.000000 0.010612
0 0 0.979964 0.009664 0.000984 0.000002 0.009386
0 0 0.978925 0.007245 0.000818 0.000008 0.013003
0 0 0.949270 0.032945 0.001619 0.000000 0.016166
0 0 0.979370 0.010369 0.001123 0.000003 0.009135
0 0 0.993797 0.001438 0.000371 0.000078 0.004316
0 0 0.994611 0.000906 0.000200 0.000060 0.004223
0 0 0.975534 0.012110 0.001293 0.000003 0.011060
0 0 0.887710 0.066211 0.012571 0.000068 0.033440
0 0 0.893608 0.061990 0.008922 0.000018 0.035463
0 1 0.488419 0.425333 0.035138 0.000001 0.051108
1 1 0.393233 0.511355 0.043456 0.000000 0.051956
1 1 0.364618 0.512669 0.076974 0.000005 0.045734
0 1 0.457008 0.425989 0.036854 0.000002 0.080148
1 1 0.325786 0.557326 0.068165 0.000001 0.048722
1 2 0.230105 0.598503 0.106914 0.000005 0.064473
1 2 0.278864 0.584361 0.083823 0.000002 0.052949
1 2 0.148077 0.640554 0.146173 0.000006 0.065190
1 2 0.052020 0.623079 0.274497 0.000016 0.050388
1 2 0.052108 0.585094 0.305992 0.000050 0.056756
1 2 0.093062 0.591213 0.233758 0.000061 0.081907
1 2 0.047392 0.556628 0.336161 0.000099 0.059720
1 2 0.041285 0.559990 0.319693 0.000082 0.078950
1 2 0.030128 0.536233 0.365381 0.000097 0.068161
1 2 0.047582 0.522597 0.312563 0.000262 0.116997
1 2 0.033534 0.533712 0.364511 0.000121 0.068123
2 2 0.017363 0.292013 0.600326 0.002339 0.087959
1 2 0.068489 0.488469 0.385792 0.000895 0.056355
2 2 0.029328 0.314880 0.594200 0.005852 0.055740
1 2 0.047692 0.482178 0.401646 0.000762 0.067723
1 2 0.111481 0.496432 0.324848 0.001080 0.066158
2 2 0.028453 0.359610 0.568247 0.003729 0.039961
2 2 0.034252 0.273253 0.643528 0.013210 0.035758
2 2 0.010659 0.148220 0.776501 0.031290 0.033330
2 2 0.025034 0.276432 0.610945 0.010566 0.077023
2 2 0.019268 0.184947 0.708585 0.026635 0.060564
2 2 0.031992 0.231422 0.658228 0.029529 0.048829
2 2 0.014129 0.115715 0.697580 0.088793 0.083783
2 2 0.016872 0.040751 0.530760 0.401167 0.010450
3 3 0.004406 0.002935 0.084616 0.905544 0.002500
3 3 0.024795 0.047635 0.392784 0.512368 0.022418
3 3 0.015486 0.015540 0.291357 0.669430 0.008187
3 3 0.015653 0.025565 0.394015 0.555054 0.009713
3 3 0.009503 0.010715 0.250432 0.724299 0.005051
3 3 0.003103 0.002307 0.087324 0.905449 0.001817
3 3 0.009360 0.004766 0.123485 0.859357 0.003032
3 3 0.004725 0.002019 0.054675 0.936479 0.002101
3 3 0.006439 0.004793 0.108048 0.876947 0.003772
3 3 0.004678 0.002174 0.059480 0.931490 0.002178
3 3 0.003651 0.001185 0.037217 0.956523 0.001424
3 3 0.004033 0.002604 0.079450 0.911649 0.002265
3 3 0.003812 0.000729 0.021486 0.972858 0.001114
3 3 0.006746 0.002324 0.049522 0.938804 0.002603
3 3 0.004018 0.000906 0.026141 0.967656 0.001279
3 3 0.001974 0.000657 0.030512 0.966042 0.000815
3 3 0.013517 0.008736 0.142377 0.829814 0.005556
3 3 0.004336 0.001473 0.041587 0.950891 0.001713
3 3 0.003685 0.000788 0.023905 0.970477 0.001146
3 3 0.001587 0.000308 0.015774 0.981834 0.000497
3 3 0.001776 0.000535 0.026385 0.970604 0.000700
3 3 0.002252 0.000887 0.038345 0.957507 0.001010
3 3 0.000959 0.000155 0.010693 0.987912 0.000281
3 3 0.003405 0.000780 0.025012 0.969698 0.001106
3 3 0.003625 0.000671 0.020340 0.974321 0.001044
3 3 0.001454 0.000190 0.009976 0.988010 0.000370
3 3 0.001177 0.000173 0.010434 0.987893 0.000323
3 3 0.001008 0.000139 0.009209 0.989373 0.000271
3 3 0.001927 0.000251 0.011024 0.986319 0.000479
3 3 0.003766 0.000465 0.013351 0.981549 0.000869
3 3 0.005511 0.000749 0.017025 0.975413 0.001303
3 2 0.079959 0.013115 0.073528 0.822170 0.011228
3 2 0.019915 0.031273 0.341236 0.594441 0.013135
3 2 0.019461 0.017113 0.216981 0.736515 0.009930
3 2 0.017316 0.014944 0.212179 0.746993 0.008569
3 3 0.009215 0.008906 0.157547 0.818291 0.006041
3 3 0.007848 0.004260 0.083871 0.900195 0.003826
3 3 0.004369 0.000861 0.023315 0.970171 0.001284
3 3 0.002768 0.000536 0.019336 0.976528 0.000833
3 3 0.001790 0.000402 0.019288 0.977919 0.000601
3 3 0.001054 0.000151 0.009737 0.988770 0.000288
3 3 0.002873 0.000359 0.012216 0.983873 0.000679
3 3 0.001018 0.000249 0.017138 0.981223 0.000373
3 3 0.001903 0.000377 0.017245 0.979881 0.000595
3 3 0.003229 0.000438 0.013960 0.981580 0.000792
3 3 0.001731 0.000267 0.012697 0.984830 0.000475
3 3 0.004964 0.000703 0.017127 0.975998 0.001209
3 3 0.003758 0.002881 0.092445 0.898591 0.002326
3 3 0.006692 0.002223 0.047510 0.941042 0.002533
3 3 0.004881 0.001211 0.031099 0.961194 0.001614
3 3 0.005588 0.002012 0.048478 0.941685 0.002238
3 3 0.005306 0.001164 0.028106 0.963793 0.001631
3 3 0.004956 0.000827 0.020444 0.972452 0.001320
3 3 0.003156 0.000300 0.009409 0.986495 0.000639
3 3 0.003989 0.000481 0.013292 0.981333 0.000905
3 3 0.004174 0.000497 0.013331 0.981061 0.000937
3 3 0.002984 0.000401 0.013400 0.982484 0.000732
3 3 0.003848 0.000568 0.016293 0.978316 0.000976
3 3 0.003426 0.000541 0.016798 0.978327 0.000909
3 3 0.001839 0.000249 0.011303 0.986140 0.000469
3 3 0.002844 0.000277 0.009283 0.987009 0.000588
3 3 0.002291 0.000368 0.014732 0.981977 0.000631
3 3 0.000872 0.000167 0.012456 0.986222 0.000283
3 3 0.001578 0.000201 0.009978 0.987850 0.000393
3 3 0.001341 0.000148 0.008022 0.990176 0.000312
3 3 0.001359 0.000193 0.010616 0.987469 0.000363
3 3 0.001676 0.000215 0.010256 0.987436 0.000417
3 3 0.001571 0.000161 0.007850 0.990071 0.000348
3 3 0.002208 0.000246 0.009801 0.987244 0.000500
3 3 0.002942 0.000153 0.004756 0.991719 0.000431
3 3 0.005610 0.000688 0.015348 0.977101 0.001253
3 3 0.004248 0.000201 0.004940 0.990033 0.000577
3 3 0.004118 0.000506 0.013729 0.980704 0.000942
3 3 0.002303 0.000173 0.006497 0.990607 0.000420
3 3 0.002774 0.000238 0.008016 0.988436 0.000536
3 3 0.002353 0.000133 0.004779 0.992369 0.000366
3 3 0.002139 0.000143 0.005542 0.991808 0.000367
3 3 0.002294 0.000247 0.009544 0.987407 0.000508
3 3 0.003562 0.000405 0.011949 0.983297 0.000788
3 3 0.002342 0.000162 0.005946 0.991144 0.000407
3 3 0.002856 0.000156 0.004986 0.991570 0.000432
3 3 0.001854 0.000075 0.003046 0.994781 0.000245
3 3 0.006394 0.000979 0.020454 0.970577 0.001596
3 3 0.002050 0.000151 0.006068 0.991359 0.000372
3 3 0.002151 0.000189 0.007508 0.989723 0.000429
3 3 0.001698 0.000103 0.004567 0.993351 0.000281
3 3 0.001376 0.000146 0.007796 0.990368 0.000314
3 3 0.004081 0.000313 0.008215 0.986668 0.000723
3 3 0.002904 0.000215 0.006948 0.989418 0.000516
3 3 0.002482 0.000274 0.010128 0.986562 0.000555
3 3 0.001686 0.000218 0.010412 0.987262 0.000422
3 3 0.001676 0.000120 0.005462 0.992437 0.000304
3 3 0.001030 0.000125 0.008065 0.990523 0.000257
3 3 0.001133 0.000058 0.003256 0.995378 0.000176
3 3 0.002851 0.000387 0.013327 0.982729 0.000706
3 3 0.001608 0.000111 0.005157 0.992838 0.000287
3 3 0.001517 0.000141 0.006963 0.991062 0.000319
3 3 0.002422 0.000326 0.012428 0.984220 0.000604
3 3 0.001470 0.000115 0.005733 0.992399 0.000283
3 3 0.002058 0.000175 0.007117 0.990246 0.000404
3 3 0.003141 0.000304 0.009575 0.986337 0.000642
3 3 0.003000 0.000286 0.009274 0.986830 0.000611
3 3 0.003021 0.000288 0.009304 0.986771 0.000615
3 3 0.002147 0.000239 0.009668 0.987459 0.000487
3 3 0.001545 0.000096 0.004547 0.993551 0.000261
3 3 0.001821 0.000305 0.014159 0.983195 0.000521
3 3 0.003324 0.000334 0.010178 0.985474 0.000691
3 3 0.001993 0.000168 0.006962 0.990486 0.000391
3 3 0.004035 0.000386 0.010393 0.984379 0.000806
3 3 0.001944 0.000141 0.005868 0.991695 0.000352
3 3 0.003050 0.000201 0.006229 0.990014 0.000507
3 3 0.002302 0.000169 0.006324 0.990790 0.000414
3 3 0.003000 0.000486 0.016446 0.979253 0.000815
3 3 0.002047 0.000227 0.009454 0.987809 0.000464
3 3 0.007310 0.001163 0.022394 0.967286 0.001846
3 3 0.001975 0.000199 0.008429 0.988970 0.000427
3 3 0.005404 0.000533 0.011955 0.981033 0.001075
3 3 0.003648 0.000252 0.007029 0.988456 0.000615
3 3 0.004093 0.000428 0.011496 0.983126 0.000857
3 3 0.008888 0.002834 0.053882 0.931128 0.003268
3 3 0.004337 0.001074 0.029715 0.963430 0.001444
3 3 0.010754 0.007118 0.123100 0.848443 0.010585
3 2 0.011237 0.026194 0.418104 0.525952 0.018513
2 2 0.016205 0.100552 0.738102 0.105404 0.039737
2 2 0.009222 0.097686 0.830705 0.043312 0.019075
2 2 0.033277 0.175072 0.583319 0.132175 0.076157
2 2 0.021685 0.095083 0.597843 0.253775 0.031613
2 2 0.018388 0.162274 0.674458 0.079112 0.065769
2 2 0.034101 0.196696 0.645863 0.073613 0.049727
2 2 0.005692 0.371244 0.430449 0.000462 0.192153
2 2 0.002612 0.175314 0.652075 0.005741 0.164258
2 2 0.002507 0.233541 0.578944 0.001774 0.183234
2 2 0.004501 0.305744 0.435269 0.001371 0.253115
2 2 0.001041 0.083733 0.694126 0.018852 0.202249
2 2 0.002790 0.216621 0.502932 0.002941 0.274716
4 2 0.003956 0.260283 0.355541 0.001850 0.378369
2 2 0.003295 0.276307 0.478838 0.001355 0.240205
2 2 0.002655 0.230669 0.395083 0.001782 0.369810
2 2 0.002522 0.271953 0.504647 0.000621 0.220257
2 2 0.001166 0.085689 0.674570 0.019584 0.218990
2 2 0.002346 0.173525 0.609717 0.005046 0.209366
4 2 0.002468 0.251527 0.328156 0.000888 0.416960
4 2 0.003453 0.217172 0.260089 0.000873 0.518414
1 2 0.014215 0.396455 0.273826 0.000355 0.315150
4 2 0.001576 0.160330 0.359820 0.002785 0.475488
4 2 0.003223 0.201535 0.350150 0.003540 0.441552
2 2 0.001665 0.188710 0.585342 0.002310 0.221973
2 2 0.001228 0.112760 0.581406 0.010334 0.294272
2 2 0.000789 0.093447 0.711897 0.009554 0.184312
2 2 0.003588 0.125833 0.658570 0.032280 0.179729
2 2 0.001130 0.080944 0.831112 0.016108 0.070706
2 2 0.002493 0.167467 0.725366 0.004955 0.099718
2 2 0.004191 0.231391 0.620205 0.003748 0.140465
2 2 0.003542 0.181564 0.634668 0.008163 0.172062
2 2 0.000580 0.053408 0.872221 0.019901 0.053889
2 2 0.000213 0.039175 0.935781 0.005469 0.019363
2 2 0.000271 0.060705 0.902509 0.002743 0.033773
2 2 0.000963 0.084358 0.809476 0.013003 0.092200
2 2 0.000636 0.026021 0.831992 0.103011 0.038341
2 2 0.000943 0.068682 0.829337 0.022936 0.078102
2 2 0.000512 0.073401 0.869612 0.005278 0.051198
2 2 0.000128 0.034386 0.943662 0.003659 0.018164
2 2 0.000796 0.060198 0.876736 0.018466 0.043804
2 2 0.000727 0.065728 0.856038 0.015369 0.062138
2 2 0.000591 0.063218 0.865073 0.012284 0.058834
2 2 0.001012 0.076472 0.864920 0.012071 0.045524
2 2 0.000539 0.052460 0.905570 0.011973 0.029457
2 2 0.000203 0.023308 0.913162 0.034757 0.028571
2 2 0.000188 0.038361 0.919452 0.007668 0.034332
2 2 0.000518 0.025375 0.926611 0.034446 0.013050
2 2 0.001286 0.031037 0.807838 0.134201 0.025638
2 2 0.003307 0.099619 0.800001 0.035793 0.061279
2 2 0.000655 0.042328 0.905834 0.027718 0.023465
2 2 0.000753 0.033891 0.882132 0.057759 0.025464
2 2 0.001541 0.057483 0.881230 0.036178 0.023568
2 2 0.000494 0.037082 0.905402 0.030173 0.026849
2 2 0.001138 0.029889 0.825341 0.116789 0.026844
2 2 0.001222 0.056660 0.874680 0.034625 0.032812
2 2 0.003231 0.060554 0.858424 0.042978 0.034813
2 2 0.002155 0.025306 0.801030 0.159967 0.011541
2 2 0.008045 0.054383 0.609859 0.263916 0.063797
2 2 0.006295 0.074503 0.802928 0.080899 0.035375
2 2 0.004569 0.044352 0.847202 0.089057 0.014819
2 2 0.004408 0.043260 0.796328 0.136812 0.019192
2 2 0.002939 0.032695 0.825989 0.126198 0.012179
2 2 0.004615 0.035336 0.653727 0.273853 0.032468
2 2 0.003248 0.055962 0.826377 0.092440 0.021974
2 2 0.011672 0.088242 0.832839 0.043671 0.023577
2 1 0.053587 0.369027 0.533829 0.004280 0.039277
2 2 0.007762 0.157775 0.767894 0.020800 0.045769
2 2 0.001483 0.068857 0.906389 0.008088 0.015183
2 2 0.001619 0.062491 0.904781 0.018271 0.012838
2 2 0.007834 0.127244 0.826943 0.011180 0.026799
2 2 0.006654 0.127543 0.813670 0.024317 0.027817
2 2 0.012322 0.183071 0.688434 0.027534 0.088639
2 2 0.004870 0.071049 0.805590 0.084769 0.033721
2 2 0.005301 0.106427 0.828766 0.032086 0.027420
2 2 0.005750 0.054441 0.826814 0.091390 0.021605
2 2 0.011800 0.107873 0.788684 0.040151 0.051491
2 2 0.012026 0.074671 0.854987 0.044392 0.013924
2 2 0.013078 0.048085 0.762908 0.166868 0.009061
2 2 0.024644 0.109377 0.785119 0.064082 0.016777
2 2 0.019995 0.048759 0.700941 0.219731 0.010574
2 2 0.009672 0.032688 0.707198 0.242920 0.007522
2 2 0.019258 0.055192 0.672908 0.235932 0.016710
2 2 0.013105 0.082321 0.814810 0.076653 0.013112
2 1 0.184028 0.355968 0.407428 0.020359 0.032217
2 2 0.028531 0.141617 0.728119 0.074924 0.026810
2 2 0.030834 0.104553 0.725972 0.107920 0.030720
2 2 0.003635 0.024783 0.694454 0.271855 0.005273
2 2 0.013153 0.115913 0.757225 0.071122 0.042587
2 2 0.005884 0.056221 0.801904 0.123531 0.012460
2 2 0.002947 0.031881 0.874121 0.087939 0.003112
2 2 0.007139 0.035943 0.685131 0.260726 0.011062
2 2 0.011129 0.078816 0.760861 0.133547 0.015647
2 2 0.002189 0.019714 0.735089 0.238076 0.004931
2 2 0.005082 0.022542 0.603143 0.363995 0.005238
2 3 0.006791 0.023942 0.503597 0.456766 0.008904
2 3 0.014057 0.045096 0.609500 0.316901 0.014445
2 3 0.015492 0.054576 0.629382 0.276612 0.023937
3 3 0.006813 0.016553 0.442956 0.528119 0.005558
2 3 0.015230 0.030535 0.522201 0.414993 0.017041
2 1 0.084094 0.136313 0.674373 0.088677 0.016542
2 2 0.010125 0.082625 0.849840 0.047366 0.010045
2 2 0.012905 0.122008 0.816895 0.026183 0.022009
2 2 0.018223 0.128197 0.746941 0.079378 0.027261
2 2 0.009292 0.036699 0.802207 0.146914 0.004887
2 2 0.029592 0.096200 0.728720 0.121430 0.024058
2 2 0.024834 0.140764 0.722802 0.077243 0.034357
2 2 0.038886 0.044101 0.671339 0.235980 0.009694
3 2 0.127188 0.011479 0.082172 0.762473 0.016688
2 2 0.030103 0.105933 0.706110 0.140704 0.017149
3 2 0.011677 0.015375 0.351716 0.615762 0.005470
2 2 0.040223 0.071125 0.665044 0.206469 0.017139
2 2 0.025661 0.039335 0.569933 0.354060 0.011010
2 1 0.327108 0.197302 0.370968 0.066775 0.037847
2 2 0.041736 0.108266 0.750383 0.083628 0.015988
2 2 0.063198 0.148754 0.697668 0.068183 0.022196
2 2 0.073942 0.118249 0.720445 0.066914 0.020451
2 2 0.030992 0.120291 0.807058 0.028835 0.012825
2 2 0.039781 0.219846 0.697402 0.021866 0.021104
2 2 0.027693 0.153781 0.766925 0.030292 0.021308
2 2 0.028459 0.185742 0.745222 0.021533 0.019044
2 1 0.254686 0.234413 0.391972 0.075195 0.043734
2 2 0.010870 0.098901 0.845774 0.036339 0.008116
2 2 0.014831 0.091167 0.831747 0.050479 0.011776
2 2 0.056429 0.258199 0.631410 0.022791 0.031170
2 2 0.030494 0.168870 0.738274 0.043405 0.018957
2 2 0.020054 0.109184 0.788870 0.064088 0.017804
2 1 0.207970 0.276905 0.469727 0.012834 0.032565
1 2 0.141609 0.429797 0.388915 0.002195 0.037484
1 1 0.266899 0.504645 0.205593 0.000138 0.022726
1 1 0.136212 0.464625 0.355148 0.001032 0.042984
1 1 0.168690 0.521368 0.286093 0.000238 0.023611
2 2 0.145993 0.396399 0.432323 0.001297 0.023988
1 2 0.244589 0.502684 0.227606 0.000221 0.024899
1 2 0.225941 0.502881 0.252105 0.000216 0.018857
1 1 0.250325 0.416161 0.295517 0.001810 0.036187
1 2 0.117382 0.529575 0.325081 0.000245 0.027718
2 2 0.120081 0.407799 0.446584 0.001646 0.023890
1 1 0.302787 0.503559 0.167198 0.000080 0.026376
1 2 0.151082 0.508887 0.305169 0.000509 0.034353
1 1 0.266643 0.538215 0.170682 0.000039 0.024420
1 1 0.163178 0.548473 0.265514 0.000104 0.022731
1 1 0.194751 0.574025 0.209804 0.000031 0.021389
1 1 0.190713 0.578627 0.211083 0.000026 0.019550
1 2 0.178728 0.561795 0.239213 0.000054 0.020210
1 2 0.098263 0.554029 0.313547 0.000140 0.034022
1 2 0.132162 0.490251 0.355979 0.000570 0.021038
1 2 0.187531 0.516779 0.275801 0.000205 0.019684
1 2 0.079564 0.461305 0.432817 0.001086 0.025228
1 2 0.085103 0.487669 0.401945 0.000569 0.024713
1 2 0.105895 0.546384 0.320082 0.000148 0.027491
2 2 0.064609 0.433798 0.473523 0.001193 0.026877
1 2 0.091118 0.501918 0.390520 0.000265 0.016178
1 2 0.154729 0.562994 0.265128 0.000054 0.017095
1 2 0.070977 0.529815 0.371080 0.000180 0.027947
1 2 0.104479 0.520279 0.353578 0.000238 0.021426
1 2 0.112652 0.524747 0.344206 0.000184 0.018211
1 2 0.260609 0.580642 0.139088 0.000006 0.019655
1 2 0.225196 0.562646 0.194645 0.000025 0.017487
1 2 0.200526 0.508612 0.276124 0.000176 0.014562
1 2 0.224408 0.525467 0.235517 0.000080 0.014527
1 2 0.165631 0.525059 0.292367 0.000156 0.016788
1 2 0.173209 0.498475 0.307763 0.000397 0.020156
1 2 0.203560 0.504864 0.275757 0.000208 0.015611
1 2 0.255887 0.529613 0.198235 0.000049 0.016216
1 2 0.226997 0.540876 0.217278 0.000047 0.014802
1 1 0.309596 0.514331 0.154161 0.000038 0.021873
1 1 0.176253 0.582823 0.218953 0.000030 0.021942
1 2 0.107950 0.559565 0.303416 0.000108 0.028961
1 2 0.165699 0.604408 0.202864 0.000018 0.027010
0 0 0.550650 0.261952 0.153695 0.001636 0.032066
1 1 0.416571 0.486732 0.074404 0.000003 0.022289
1 2 0.138705 0.580814 0.245974 0.000061 0.034445
1 2 0.098291 0.513591 0.352504 0.000437 0.035177
1 2 0.150096 0.577976 0.241220 0.000057 0.030651
1 2 0.223793 0.601986 0.151656 0.000007 0.022559
1 2 0.149586 0.530924 0.282296 0.000280 0.036914
1 1 0.216576 0.598898 0.147631 0.000011 0.036884
1 2 0.163154 0.581320 0.217509 0.000051 0.037966
1 2 0.126979 0.514129 0.318565 0.000508 0.039819
1 2 0.087762 0.512709 0.356312 0.000484 0.042732
1 0 0.330864 0.501887 0.141632 0.000042 0.025576
1 0 0.438543 0.452262 0.075395 0.000010 0.033790
1 1 0.188918 0.593358 0.178848 0.000024 0.038853
1 2 0.109021 0.524647 0.314259 0.000434 0.051639
1 2 0.268494 0.483406 0.218596 0.000350 0.029153
0 0 0.691039 0.186201 0.088161 0.001003 0.033595
1 1 0.175743 0.604278 0.202431 0.000012 0.017537
1 2 0.068478 0.503555 0.403414 0.000299 0.024255
1 2 0.102293 0.537903 0.342825 0.000114 0.016863
1 1 0.144779 0.542836 0.291362 0.000125 0.020897
2 2 0.047778 0.437814 0.487107 0.001108 0.026194
2 2 0.052296 0.409495 0.511040 0.002052 0.025117
2 2 0.040070 0.427528 0.501289 0.001276 0.029836
2 2 0.016522 0.249982 0.714713 0.002942 0.015841
2 2 0.016861 0.202932 0.760051 0.006987 0.013169
2 2 0.027149 0.300088 0.635058 0.008080 0.029625
1 2 0.021223 0.417976 0.214806 0.000183 0.345811
4 2 0.005241 0.229284 0.144963 0.000281 0.620231
4 2 0.009411 0.325306 0.199381 0.000234 0.465668
4 4 0.006818 0.187388 0.102252 0.000296 0.703245
4 4 0.009234 0.289688 0.164733 0.000244 0.536101
4 4 0.008011 0.295998 0.162626 0.000149 0.533216
4 4 0.004410 0.176453 0.099641 0.000206 0.719291
4 4 0.003965 0.172627 0.156543 0.000778 0.666088
4 4 0.009020 0.128646 0.045590 0.000087 0.816657
4 4 0.004777 0.162470 0.078062 0.000173 0.754518
4 4 0.008589 0.097419 0.049565 0.000294 0.844132
4 4 0.007518 0.099862 0.045239 0.000169 0.847213
4 4 0.004093 0.223879 0.121791 0.000095 0.650142
4 4 0.001835 0.192552 0.144943 0.000142 0.660527
4 4 0.008851 0.067453 0.029385 0.000143 0.894167
4 4 0.005703 0.076269 0.083803 0.001519 0.832705
4 4 0.006188 0.249219 0.107082 0.000052 0.637459
4 4 0.005284 0.172607 0.047261 0.000013 0.774835
4 4 0.003786 0.146825 0.064024 0.000092 0.785273
4 4 0.008380 0.115439 0.035216 0.000044 0.840922
4 4 0.009042 0.186132 0.071884 0.000144 0.732798
4 4 0.005696 0.183703 0.067967 0.000051 0.742583
4 4 0.004278 0.199070 0.094551 0.000077 0.702024
4 4 0.007185 0.102414 0.043921 0.000133 0.846347
4 4 0.010032 0.124944 0.037759 0.000052 0.827214
4 4 0.011509 0.211344 0.051723 0.000019 0.725405
4 4 0.007760 0.170443 0.072690 0.000175 0.748931
4 4 0.019407 0.105104 0.035249 0.000132 0.840108
4 4 0.010706 0.058982 0.018294 0.000044 0.911973
4 4 0.018730 0.030089 0.012363 0.000167 0.938652
4 4 0.016733 0.018826 0.008649 0.000192 0.955599
4 4 0.024056 0.038883 0.024942 0.001273 0.910847
4 4 0.013482 0.087100 0.027008 0.000064 0.872346
4 4 0.004199 0.140690 0.047790 0.000038 0.807283
4 4 0.004609 0.149192 0.055577 0.000061 0.790561
4 4 0.012036 0.110977 0.031465 0.000046 0.845477
4 4 0.026649 0.152040 0.019999 0.000006 0.801307
4 4 0.011673 0.231330 0.062179 0.000024 0.694794
4 4 0.009400 0.082414 0.047001 0.000461 0.860724
4 4 0.008675 0.049382 0.028706 0.000373 0.912864
4 4 0.007636 0.046478 0.011094 0.000011 0.934780
4 4 0.033453 0.068800 0.007526 0.000003 0.890219
4 4 0.013879 0.019898 0.006646 0.000049 0.959527
4 4 0.019044 0.047590 0.010047 0.000016 0.923303
4 4 0.015200 0.057438 0.016113 0.000041 0.911207
4 4 0.013463 0.055273 0.013292 0.000020 0.917951
4 4 0.017982 0.108492 0.051254 0.000461 0.821811
4 4 0.007719 0.109229 0.017958 0.000004 0.865090
4 4 0.003793 0.148306 0.066779 0.000104 0.781018
4 4 0.009849 0.024161 0.010710 0.000113 0.955167
4 4 0.014835 0.151480 0.026575 0.000010 0.807100
4 4 0.021080 0.173147 0.022414 0.000005 0.783355
4 4 0.009078 0.112051 0.041193 0.000095 0.837584
4 4 0.010088 0.026061 0.013702 0.000227 0.949921
4 4 0.018585 0.008774 0.004744 0.000294 0.967604
4 4 0.024346 0.020028 0.009031 0.000259 0.946336
4 4 0.027657 0.009574 0.004147 0.000189 0.958433
4 4 0.036133 0.019256 0.005962 0.000088 0.938561
4 1 0.151111 0.296997 0.018613 0.000001 0.533277
4 2 0.039227 0.277669 0.034542 0.000003 0.648558
2 2 0.012358 0.363908 0.496802 0.002615 0.124316
2 2 0.007948 0.360127 0.532417 0.001254 0.098254
2 2 0.010973 0.292890 0.503857 0.006600 0.185680
2 2 0.010462 0.299127 0.526425 0.005405 0.158582
2 2 0.018302 0.369282 0.487306 0.004354 0.120756
2 2 0.009604 0.275661 0.565458 0.006527 0.142750
2 2 0.008916 0.291098 0.585404 0.004125 0.110456
2 2 0.018335 0.422992 0.455940 0.000978 0.101755
1 1 0.177758 0.504899 0.278010 0.000547 0.038785
2 2 0.013540 0.366401 0.501576 0.002825 0.115658
2 2 0.000792 0.092533 0.876938 0.002787 0.026950
2 2 0.006118 0.349953 0.499033 0.001122 0.143774
2 2 0.000793 0.070688 0.886937 0.008505 0.033077
2 2 0.006910 0.238810 0.543516 0.007932 0.202832
2 2 0.001960 0.147282 0.771627 0.004580 0.074551
2 2 0.001837 0.218478 0.664683 0.001173 0.113830
2 2 0.000719 0.076543 0.872881 0.006790 0.043067
2 2 0.000827 0.090094 0.839563 0.006314 0.063203
2 2 0.001228 0.093685 0.862680 0.006640 0.035767
2 2 0.002171 0.145035 0.811676 0.003453 0.037665
2 2 0.000794 0.081445 0.875560 0.005617 0.036584
2 2 0.004326 0.269002 0.614138 0.001355 0.111180
2 2 0.001017 0.047073 0.872405 0.035783 0.043722
2 2 0.001652 0.151565 0.773410 0.003027 0.070346
2 2 0.002371 0.098234 0.795717 0.026731 0.076948
2 2 0.002949 0.131561 0.755213 0.015218 0.095060
2 2 0.001306 0.071669 0.841234 0.025665 0.060126
2 2 0.000827 0.039489 0.898505 0.034725 0.026454
2 2 0.000572 0.048185 0.915891 0.004681 0.030671
2 2 0.000949 0.052749 0.883151 0.024071 0.039079
2 2 0.009510 0.066518 0.769658 0.120748 0.033566
2 2 0.005226 0.071372 0.778467 0.103669 0.041266
2 2 0.005461 0.091777 0.803561 0.064433 0.034769
2 2 0.004493 0.096395 0.836204 0.035334 0.027573
2 2 0.006202 0.074039 0.762845 0.110247 0.046667
2 2 0.008082 0.059281 0.638060 0.209226 0.085351
2 2 0.002937 0.070600 0.879895 0.030336 0.016233
2 2 0.007298 0.033725 0.522921 0.401413 0.034644
2 2 0.008727 0.038807 0.550580 0.356391 0.045495
2 2 0.006942 0.047858 0.602495 0.290809 0.051896
2 2 0.013369 0.049417 0.597316 0.327534 0.012364
3 2 0.008444 0.010498 0.278098 0.698223 0.004738
3 2 0.013013 0.028232 0.373445 0.573736 0.011573
3 2 0.005829 0.005950 0.142988 0.841103 0.004131
3 3 0.006396 0.006203 0.140320 0.842763 0.004317
3 3 0.010534 0.021400 0.467201 0.494410 0.006455
3 3 0.009179 0.008517 0.149388 0.825325 0.007591
3 3 0.009519 0.016844 0.312841 0.653719 0.007077
3 3 0.005663 0.004982 0.122319 0.863373 0.003662
3 3 0.006694 0.008296 0.226280 0.754579 0.004151
3 3 0.011170 0.007288 0.123176 0.852417 0.005948
3 3 0.012350 0.005233 0.092093 0.885026 0.005298
3 3 0.016020 0.009796 0.119059 0.845477 0.009647
3 3 0.024613 0.009189 0.106023 0.850726 0.009449
3 3 0.017789 0.006006 0.092609 0.876868 0.006728
3 3 0.029959 0.017449 0.204344 0.735940 0.012308
3 3 0.018033 0.010971 0.182245 0.780669 0.008083
3 3 0.013130 0.006565 0.107523 0.866697 0.006086
3 3 0.013614 0.003414 0.057531 0.921034 0.004407
3 3 0.031874 0.025478 0.215820 0.709225 0.017603
3 3 0.005682 0.001000 0.022748 0.969027 0.001543
3 3 0.006558 0.002513 0.054838 0.933406 0.002685
3 3 0.005192 0.001534 0.040953 0.950545 0.001777
3 3 0.006829 0.001983 0.041510 0.947278 0.002400
3 3 0.005146 0.001521 0.038192 0.953278 0.001863
3 3 0.003956 0.000811 0.023448 0.970590 0.001196
3 3 0.005261 0.001090 0.026346 0.965733 0.001569
3 3 0.004544 0.000820 0.021539 0.971826 0.001271
3 3 0.008214 0.002815 0.054684 0.931150 0.003137
3 3 0.011758 0.003208 0.054221 0.927378 0.003435
3 3 0.008194 0.001499 0.027113 0.960980 0.002214
3 3 0.006774 0.001193 0.024280 0.965936 0.001817
3 3 0.004420 0.000504 0.012991 0.981120 0.000965
3 3 0.006050 0.001136 0.024950 0.966171 0.001694
3 3 0.005009 0.000588 0.014045 0.979256 0.001102
3 3 0.009545 0.002336 0.039450 0.945676 0.002992
3 3 0.004891 0.001291 0.033229 0.958918 0.001672
3 3 0.003815 0.000601 0.017439 0.977141 0.001003
3 3 0.009908 0.001726 0.027558 0.958236 0.002572
3 3 0.005325 0.000708 0.016439 0.976280 0.001248
3 3 0.007618 0.001786 0.034403 0.953827 0.002366
3 3 0.011547 0.002187 0.035745 0.947347 0.003173
3 3 0.012487 0.003320 0.051879 0.928226 0.004088
3 3 0.010085 0.001489 0.023241 0.962794 0.002391
3 3 0.006200 0.000716 0.015924 0.975811 0.001348
3 3 0.006750 0.001402 0.030532 0.959315 0.002002
3 3 0.006754 0.001087 0.022016 0.968418 0.001726
3 3 0.008879 0.001533 0.026236 0.961039 0.002312
3 3 0.005645 0.001397 0.032689 0.958425 0.001844
3 3 0.007022 0.001062 0.020894 0.969293 0.001730
3 3 0.007989 0.000800 0.014316 0.975328 0.001566
3 3 0.005640 0.000896 0.020325 0.971691 0.001449
3 3 0.006346 0.000571 0.011497 0.980397 0.001188
3 3 0.007615 0.001797 0.034646 0.953567 0.002374
3 3 0.009798 0.002040 0.036178 0.949134 0.002851
3 3 0.005129 0.000853 0.021166 0.971485 0.001367
3 3 0.007809 0.001122 0.020559 0.968653 0.001857
3 3 0.009940 0.001709 0.027216 0.958574 0.002562
3 3 0.005927 0.000652 0.013930 0.978247 0.001244
3 3 0.008485 0.001140 0.019711 0.968729 0.001935
3 3 0.007138 0.001593 0.034366 0.954702 0.002201
3 3 0.010820 0.001966 0.033682 0.950606 0.002926
3 3 0.008010 0.001039 0.018593 0.970559 0.001799
3 3 0.006454 0.002032 0.045728 0.943392 0.002394
3 3 0.007006 0.001597 0.032404 0.956836 0.002157
3 3 0.008163 0.002029 0.037534 0.949671 0.002604
3 3 0.021722 0.007683 0.106789 0.855999 0.007808
2 3 0.020292 0.037760 0.534665 0.396410 0.010873
2 3 0.052343 0.122277 0.676593 0.127031 0.021756
2 3 0.041933 0.127053 0.703170 0.106952 0.020892
2 3 0.009872 0.083570 0.844491 0.052642 0.009425
2 3 0.012430 0.109937 0.782942 0.074875 0.019816
2 3 0.013023 0.122259 0.792958 0.050610 0.021150
2 3 0.010406 0.050485 0.817342 0.111604 0.010164
2 3 0.012106 0.067232 0.798925 0.111868 0.009869
2 3 0.013765 0.111188 0.794383 0.049784 0.030880
2 3 0.022580 0.166193 0.737252 0.034269 0.039706
2 2 0.010757 0.114341 0.768625 0.074950 0.031328
2 2 0.011132 0.097584 0.766089 0.101052 0.024144
2 2 0.008448 0.055331 0.831817 0.092312 0.012092
2 2 0.008541 0.067609 0.820172 0.093797 0.009881
2 2 0.008087 0.054368 0.792249 0.135095 0.010201
2 2 0.024532 0.141917 0.749449 0.058296 0.025806
2 2 0.011078 0.087295 0.821675 0.069256 0.010696
2 2 0.017410 0.106875 0.758266 0.100598 0.016852
2 2 0.003348 0.040772 0.877255 0.074632 0.003994
2 2 0.017553 0.073350 0.682243 0.205018 0.021835
2 2 0.013369 0.058288 0.699784 0.206998 0.021562
2 2 0.013579 0.050889 0.799531 0.129418 0.006583
2 2 0.015667 0.115984 0.788269 0.060326 0.019754
2 2 0.022251 0.143694 0.769397 0.030634 0.034023
2 2 0.020720 0.139728 0.783918 0.023357 0.032277
2 2 0.023612 0.070740 0.668370 0.202618 0.034659
2 2 0.036592 0.142761 0.683931 0.090123 0.046593
2 2 0.012849 0.058359 0.832044 0.085825 0.010922
2 2 0.039595 0.195618 0.675612 0.039270 0.049905
0 0 0.514340 0.282631 0.167423 0.001799 0.033808
1 1 0.146125 0.494681 0.316240 0.000901 0.042053
2 2 0.028289 0.222589 0.711546 0.005177 0.032398
2 2 0.018432 0.216072 0.728899 0.005833 0.030764
2 2 0.001488 0.030291 0.894775 0.069231 0.004216
2 2 0.001459 0.051056 0.920894 0.019343 0.007249
2 2 0.015870 0.174461 0.742594 0.033154 0.033921
2 2 0.003204 0.069513 0.904588 0.015882 0.006813
2 2 0.002670 0.050027 0.910492 0.031593 0.005217
2 2 0.000792 0.024140 0.935795 0.036864 0.002409
2 2 0.002227 0.082268 0.888223 0.012778 0.014504
2 2 0.002149 0.056323 0.874111 0.049913 0.017503
2 2 0.009289 0.121050 0.813225 0.036622 0.019815
2 2 0.004264 0.073471 0.858184 0.049461 0.014620
2 2 0.001648 0.119967 0.803072 0.006995 0.068318
2 2 0.001463 0.154615 0.764375 0.002469 0.077079
2 2 0.001515 0.110499 0.806342 0.008642 0.073002
2 2 0.001300 0.159626 0.750006 0.001969 0.087099
2 2 0.005026 0.259474 0.582911 0.003171 0.149418
2 2 0.004080 0.202336 0.604912 0.006761 0.181911
2 2 0.002126 0.134905 0.619633 0.012292 0.231044
2 2 0.003026 0.186331 0.637645 0.005733 0.167266
2 2 0.004295 0.244918 0.517205 0.003474 0.230109
2 2 0.003963 0.215440 0.673224 0.002626 0.104747
2 2 0.011082 0.254067 0.505646 0.008569 0.220637
2 2 0.004741 0.228673 0.549685 0.005192 0.211709
4 2 0.005852 0.203518 0.373560 0.002777 0.414292
2 2 0.007249 0.202711 0.627871 0.014936 0.147232
1 1 0.244661 0.485367 0.199833 0.000575 0.069564
2 2 0.015400 0.372446 0.426330 0.002669 0.183155
2 2 0.013386 0.313724 0.460402 0.003994 0.208494
2 2 0.018704 0.397741 0.418082 0.001910 0.163562
2 2 0.009555 0.288600 0.463396 0.005767 0.232682
1 2 0.015129 0.415756 0.345803 0.000561 0.222751
2 2 0.001058 0.113642 0.672657 0.007696 0.204946
2 2 0.004052 0.292511 0.381391 0.001283 0.320763
2 2 0.002626 0.255838 0.454607 0.001291 0.285637
2 2 0.001661 0.202177 0.488625 0.001697 0.305839
2 2 0.001862 0.201290 0.526224 0.002128 0.268496
2 2 0.001661 0.156484 0.552100 0.004821 0.284934
2 2 0.001304 0.098887 0.679143 0.017380 0.203286
2 2 0.000738 0.104823 0.691513 0.005834 0.197092
2 2 0.002462 0.168731 0.598529 0.006597 0.223681
2 2 0.001042 0.121706 0.631897 0.006030 0.239326
2 2 0.008903 0.212841 0.481564 0.018264 0.278428
2 2 0.011583 0.275325 0.474733 0.006834 0.231526
2 2 0.008366 0.184091 0.569453 0.029182 0.208909
2 2 0.007586 0.172792 0.687516 0.023173 0.108934
2 2 0.023561 0.288771 0.539938 0.002875 0.144855
1 1 0.202598 0.583560 0.116559 0.000013 0.097271
1 2 0.029922 0.547450 0.321444 0.000074 0.101109
1 2 0.027034 0.459169 0.443277 0.000614 0.069905
1 2 0.029336 0.490417 0.388924 0.000314 0.091010
2 2 0.019592 0.411310 0.474149 0.000969 0.093979
2 2 0.015034 0.370482 0.524781 0.002735 0.086969
2 2 0.005742 0.236665 0.723584 0.001941 0.032068
2 2 0.014365 0.365482 0.574978 0.001737 0.043438
2 2 0.011544 0.362734 0.558201 0.001709 0.065812
2 2 0.007637 0.308701 0.619198 0.001799 0.062665
2 2 0.012968 0.367739 0.555130 0.001850 0.062313
2 2 0.011535 0.334086 0.600139 0.002119 0.052120
2 2 0.003919 0.191377 0.750813 0.003786 0.050104
2 2 0.014121 0.313787 0.628075 0.003190 0.040827
2 2 0.009830 0.355358 0.564753 0.001505 0.068553
2 2 0.014834 0.369405 0.554066 0.002159 0.059536
2 2 0.024789 0.357886 0.553401 0.004413 0.059511
2 2 0.012468 0.212181 0.710417 0.014967 0.049966
1 1 0.188848 0.441291 0.336516 0.002892 0.030453
2 2 0.002617 0.145869 0.820299 0.003327 0.027888
2 2 0.001038 0.100840 0.882191 0.001587 0.014344
2 2 0.005206 0.193321 0.761564 0.003924 0.035985
2 2 0.010311 0.232604 0.716386 0.005997 0.034701
2 2 0.000416 0.045343 0.942762 0.003383 0.008095
2 2 0.012836 0.267448 0.670115 0.005190 0.044412
2 2 0.008589 0.224614 0.732252 0.004634 0.029911
2 2 0.001887 0.078550 0.898912 0.009417 0.011234
2 2 0.004964 0.132946 0.840724 0.006145 0.015221
2 2 0.003858 0.084100 0.882254 0.019943 0.009844
2 2 0.006635 0.186509 0.781357 0.003872 0.021627
2 2 0.003771 0.120752 0.844406 0.008608 0.022463
2 2 0.003027 0.080014 0.890974 0.014974 0.011010
2 2 0.002507 0.068494 0.899940 0.017086 0.011973
2 2 0.004273 0.098174 0.865355 0.018178 0.014020
2 1 0.193864 0.361788 0.407925 0.011340 0.025082
1 2 0.088852 0.461341 0.406307 0.001892 0.041607
1 1 0.100560 0.509732 0.332535 0.000673 0.056500
2 2 0.023803 0.320079 0.603025 0.001892 0.051201
2 2 0.042953 0.411388 0.493639 0.003348 0.048672
1 2 0.037222 0.458735 0.454150 0.000804 0.049090
2 2 0.029291 0.450933 0.466092 0.000721 0.052964
2 2 0.028416 0.320626 0.613508 0.002228 0.035221
2 2 0.026719 0.335012 0.597035 0.002286 0.038948
2 2 0.022728 0.416938 0.511974 0.000625 0.047736
2 2 0.044196 0.412041 0.494940 0.002198 0.046624
2 2 0.005172 0.095977 0.881208 0.011874 0.005769
2 2 0.015839 0.237924 0.710409 0.008705 0.027123
2 2 0.014371 0.155504 0.804590 0.016073 0.009463
2 2 0.015931 0.159538 0.795758 0.018399 0.010374
2 2 0.015297 0.184102 0.766423 0.016047 0.018131
2 2 0.005736 0.117352 0.854885 0.011766 0.010261
2 2 0.009158 0.127252 0.830527 0.020768 0.012295
2 2 0.011604 0.130045 0.810440 0.032535 0.015377
2 2 0.000947 0.018468 0.919242 0.060224 0.001119
2 2 0.012749 0.143678 0.803087 0.025646 0.014840
2 2 0.009379 0.108083 0.849024 0.019999 0.013514
2 2 0.006776 0.090504 0.862399 0.031852 0.008470
2 2 0.009667 0.127460 0.830748 0.020861 0.011264
2 2 0.012671 0.128283 0.806239 0.037853 0.014953
2 2 0.016596 0.158006 0.780851 0.028538 0.016009
2 2 0.003913 0.058224 0.886889 0.045187 0.005786
2 2 0.007084 0.118572 0.843441 0.018388 0.012516
2 2 0.011636 0.138521 0.806911 0.026146 0.016785
2 2 0.007741 0.077430 0.867386 0.039845 0.007598
2 2 0.008379 0.095974 0.861942 0.025076 0.008629
2 2 0.002949 0.052523 0.930567 0.010135 0.003826
2 2 0.021553 0.244395 0.703663 0.002914 0.027474
2 1 0.159375 0.365937 0.437539 0.013250 0.023899
2 2 0.023072 0.259275 0.652601 0.015239 0.049812
2 2 0.006529 0.124056 0.839742 0.012588 0.017086
2 2 0.025741 0.281697 0.610984 0.016872 0.064705
2 2 0.003809 0.058000 0.886357 0.045724 0.006110
2 2 0.021214 0.233701 0.672473 0.022546 0.050065
2 2 0.006599 0.082033 0.839004 0.058329 0.014036
2 2 0.013894 0.131642 0.827890 0.013239 0.013335
2 2 0.002191 0.076613 0.888414 0.017039 0.015742
2 2 0.000836 0.046716 0.936977 0.009480 0.005989
2 2 0.001510 0.041031 0.883260 0.061097 0.013103
2 2 0.002896 0.046041 0.861638 0.081067 0.008359
2 2 0.001371 0.046539 0.912819 0.029795 0.009476
2 2 0.001853 0.048633 0.907330 0.034412 0.007772
2 2 0.006062 0.111486 0.828441 0.030084 0.023927
2 2 0.000674 0.021124 0.916985 0.057758 0.003459
2 2 0.002331 0.049616 0.871760 0.063970 0.012323
2 2 0.002538 0.053074 0.873534 0.058517 0.012336
2 2 0.004995 0.093904 0.812323 0.053508 0.035271
2 2 0.001209 0.041744 0.893587 0.048994 0.014466
2 2 0.002515 0.075040 0.880981 0.024225 0.017239
2 2 0.002336 0.034302 0.820325 0.133567 0.009469
2 2 0.001166 0.036040 0.909535 0.044127 0.009132
2 2 0.012077 0.095348 0.797992 0.081851 0.012733
2 2 0.005222 0.120831 0.822450 0.021621 0.029876
2 2 0.002897 0.061513 0.852201 0.063424 0.019965
2 2 0.006110 0.131684 0.778865 0.030590 0.052751
2 2 0.001265 0.036909 0.894607 0.057361 0.009858
2 2 0.008262 0.122078 0.822964 0.016098 0.030597
2 2 0.003706 0.072178 0.878679 0.025891 0.019546
2 2 0.006235 0.107359 0.816276 0.027807 0.042323
2 2 0.009424 0.085353 0.801791 0.058779 0.044652
1 2 0.269383 0.371896 0.313135 0.007636 0.037951
1 2 0.125933 0.574927 0.237026 0.000098 0.062017
1 2 0.058868 0.489688 0.401608 0.000671 0.049165
2 2 0.009347 0.103926 0.851228 0.018255 0.017244
2 2 0.012058 0.158085 0.752831 0.019460 0.057567
2 2 0.038555 0.315522 0.475763 0.021972 0.148188
4 2 0.007437 0.295703 0.262827 0.001010 0.433023
1 2 0.017816 0.411084 0.303310 0.000557 0.267233
2 2 0.001935 0.145779 0.475717 0.007337 0.369233
2 2 0.001182 0.143490 0.657093 0.002848 0.195386
4 2 0.003010 0.209568 0.373141 0.002378 0.411903
4 4 0.005921 0.206417 0.347300 0.005249 0.435113
2 4 0.002919 0.152970 0.473486 0.011452 0.359173
4 4 0.003796 0.215044 0.299830 0.001898 0.479433
1 4 0.018014 0.364490 0.260897 0.000929 0.355670
4 4 0.005591 0.079857 0.163990 0.004230 0.746331
4 4 0.012042 0.036983 0.014110 0.000091 0.936775
4 4 0.013564 0.135551 0.056685 0.000245 0.793954
4 4 0.023344 0.058674 0.026511 0.000384 0.891088
4 4 0.018913 0.080056 0.044902 0.000818 0.855311
4 4 0.014302 0.020266 0.008708 0.000132 0.956592
4 2 0.013029 0.061346 0.035800 0.000560 0.889266
4 2 0.010486 0.034459 0.016668 0.000191 0.938196
4 2 0.014890 0.024322 0.012639 0.000304 0.947846
4 2 0.009348 0.025387 0.012751 0.000176 0.952338
4 2 0.007898 0.015605 0.011000 0.000454 0.965043
4 2 0.024056 0.012059 0.012468 0.002907 0.948510
4 2 0.019479 0.005712 0.004275 0.000899 0.969636
4 1 0.253621 0.343795 0.034067 0.000012 0.368504
4 1 0.016445 0.215646 0.042560 0.000013 0.725336
4 2 0.012748 0.208577 0.096068 0.000412 0.682195
4 2 0.014732 0.220948 0.095499 0.000380 0.668441
4 2 0.015183 0.082895 0.041068 0.000421 0.860433
4 4 0.024112 0.017348 0.011942 0.001218 0.945380
4 4 0.022250 0.110677 0.034035 0.000110 0.832928
4 4 0.025347 0.175342 0.082426 0.000775 0.716110
4 4 0.011872 0.191806 0.061395 0.000092 0.734835
4 4 0.013494 0.041685 0.028612 0.000834 0.915374
4 4 0.013077 0.200214 0.067377 0.000124 0.719209
4 4 0.050805 0.326887 0.056678 0.000016 0.565614
4 4 0.014722 0.229175 0.116788 0.000730 0.638584
4 4 0.007039 0.195172 0.122977 0.000767 0.674045
4 4 0.007490 0.143634 0.072248 0.000132 0.776495
4 4 0.010703 0.125516 0.060268 0.000323 0.803189
4 4 0.013108 0.084351 0.029609 0.000099 0.872833
4 4 0.008218 0.187291 0.082401 0.000218 0.721872
4 4 0.004704 0.198933 0.069758 0.000022 0.726583
4 4 0.005040 0.160375 0.069326 0.000120 0.765139
4 4 0.006377 0.189090 0.067259 0.000049 0.737226
4 1 0.035909 0.246005 0.048808 0.000038 0.669240
4 1 0.010254 0.201976 0.052284 0.000022 0.735464
4 1 0.006029 0.205985 0.063440 0.000018 0.724528
4 4 0.005749 0.086882 0.043711 0.000185 0.863472
4 4 0.008080 0.024427 0.014484 0.000285 0.952724
4 4 0.012262 0.017971 0.009727 0.000264 0.959776
4 4 0.005442 0.093187 0.035077 0.000060 0.866234
4 4 0.006798 0.073722 0.028647 0.000075 0.890758
4 4 0.004713 0.077409 0.058433 0.000691 0.858754
4 4 0.009238 0.169795 0.046744 0.000038 0.774185
4 4 0.011476 0.094320 0.030831 0.000070 0.863303
4 4 0.007182 0.057555 0.023461 0.000086 0.911715
4 4 0.011292 0.064962 0.018992 0.000039 0.904716
4 4 0.006880 0.051555 0.024464 0.000141 0.916960
4 4 0.004184 0.126286 0.096539 0.000807 0.772183
4 4 0.003503 0.126224 0.043618 0.000033 0.826623
4 4 0.006907 0.066831 0.033885 0.000203 0.892175
4 4 0.008315 0.095825 0.022682 0.000015 0.873162
4 4 0.003738 0.118578 0.055107 0.000105 0.822472
4 4 0.010492 0.067247 0.023121 0.000068 0.899072
4 4 0.004070 0.106667 0.054625 0.000157 0.834481
4 4 0.023326 0.135348 0.041321 0.000122 0.799883
4 4 0.009131 0.134780 0.025547 0.000008 0.830535
