0 0 0.894629 0.043675 0.004371 0.000060 0.057264
0 0 0.891457 0.045640 0.004761 0.000071 0.058070
0 0 0.899542 0.040649 0.003803 0.000045 0.055961
0 0 0.922204 0.027374 0.001638 0.000006 0.048777
0 0 0.931888 0.022165 0.000979 0.000001 0.044967
0 0 0.923379 0.026556 0.001609 0.000007 0.048449
0 0 0.892681 0.044881 0.004609 0.000067 0.057762
0 0 0.908790 0.035021 0.002851 0.000026 0.053312
0 0 0.910055 0.034260 0.002733 0.000023 0.052929
0 0 0.916947 0.030161 0.002138 0.000014 0.050740
0 0 0.577989 0.256125 0.085803 0.001967 0.078117
0 0 0.769245 0.130526 0.024978 0.000388 0.074863
0 0 0.639613 0.251315 0.032540 0.000010 0.076522
0 0 0.740923 0.127734 0.048887 0.006599 0.075857
0 0 0.732055 0.144965 0.042152 0.003422 0.077406
0 0 0.762742 0.134816 0.026664 0.000440 0.075337
0 0 0.648285 0.199698 0.068642 0.004299 0.079075
0 0 0.685364 0.177842 0.054913 0.003099 0.078782
0 0 0.674918 0.200005 0.046134 0.000459 0.078483
0 0 0.727321 0.149583 0.042626 0.002863 0.077607
0 0 0.738934 0.128997 0.049433 0.006672 0.075964
0 0 0.828472 0.084804 0.016201 0.000849 0.069674
0 0 0.784919 0.113572 0.025953 0.001402 0.074154
0 0 0.735442 0.149972 0.036329 0.001134 0.077123
0 0 0.694044 0.130638 0.087353 0.013900 0.074065
0 0 0.764819 0.119614 0.037754 0.002873 0.074939
0 0 0.801974 0.101391 0.022499 0.001461 0.072675
0 0 0.840295 0.077558 0.013536 0.000588 0.068023
0 0 0.793941 0.105279 0.025213 0.002111 0.073456
0 0 0.816879 0.090107 0.020961 0.001260 0.070794
0 0 0.816118 0.092261 0.019222 0.001206 0.071194
0 0 0.696148 0.137868 0.077175 0.013429 0.075379
0 0 0.674246 0.143222 0.089794 0.017747 0.074991
0 0 0.702875 0.140226 0.068692 0.012093 0.076113
0 0 0.496505 0.318671 0.108892 0.001120 0.074811
0 0 0.543994 0.171793 0.189572 0.025484 0.069157
0 0 0.713706 0.127113 0.074032 0.010648 0.074500
0 0 0.745430 0.137564 0.037554 0.002664 0.076787
0 0 0.801284 0.099796 0.024533 0.001836 0.072552
0 0 0.819855 0.090019 0.018283 0.001088 0.070755
0 0 0.798578 0.102600 0.023902 0.001890 0.073029
0 0 0.715646 0.148999 0.052324 0.005536 0.077495
0 0 0.718372 0.146934 0.051201 0.006036 0.077457
0 0 0.507148 0.235879 0.172210 0.012846 0.071918
1 0 0.320205 0.403345 0.212040 0.003436 0.060974
0 0 0.568476 0.239861 0.104645 0.009442 0.077577
0 0 0.591451 0.199137 0.119912 0.013770 0.075730
0 0 0.424879 0.300145 0.194642 0.011691 0.068643
0 0 0.545096 0.225193 0.136099 0.018804 0.074808
0 0 0.411955 0.222232 0.269867 0.033578 0.062368
0 0 0.564705 0.260204 0.094890 0.002582 0.077619
0 0 0.730631 0.155090 0.036182 0.000854 0.077243
0 0 0.708306 0.136242 0.068414 0.011282 0.075756
0 0 0.739492 0.137189 0.043702 0.003093 0.076524
0 0 0.817366 0.091513 0.018906 0.001166 0.071050
0 0 0.809102 0.096434 0.021040 0.001453 0.071972
0 0 0.807246 0.101821 0.018633 0.000478 0.071822
0 0 0.695044 0.186255 0.040280 0.000374 0.078048
0 0 0.724758 0.156898 0.039470 0.001280 0.077593
0 0 0.830876 0.083339 0.015641 0.000790 0.069354
0 0 0.696445 0.182589 0.042206 0.000571 0.078189
0 0 0.701229 0.180479 0.039859 0.000452 0.077981
0 0 0.749732 0.135494 0.035900 0.002318 0.076556
0 0 0.746728 0.123561 0.048273 0.006054 0.075384
0 0 0.865976 0.061567 0.008555 0.000232 0.063670
0 0 0.862973 0.063448 0.009079 0.000262 0.064239
0 0 0.882024 0.051676 0.005934 0.000102 0.060264
0 0 0.782033 0.112909 0.028236 0.002373 0.074448
0 0 0.823154 0.088029 0.017472 0.000991 0.070353
0 0 0.863973 0.062821 0.008903 0.000251 0.064051
0 0 0.826562 0.098966 0.007585 0.000003 0.066883
0 0 0.913678 0.032095 0.002410 0.000018 0.051799
0 0 0.845142 0.081490 0.007791 0.000016 0.065561
0 0 0.772024 0.127125 0.025506 0.000536 0.074809
0 0 0.782808 0.135254 0.011086 0.000003 0.070849
0 0 0.856829 0.070890 0.007807 0.000048 0.064426
0 0 0.800545 0.129446 0.004418 0.000000 0.065591
0 0 0.741135 0.180387 0.008272 0.000000 0.070206
0 1 0.808442 0.124937 0.003109 0.000000 0.063511
0 1 0.809132 0.121511 0.004278 0.000000 0.065080
0 1 0.450884 0.387613 0.090086 0.000071 0.071346
0 0 0.813447 0.093855 0.019905 0.001296 0.071497
0 0 0.698218 0.177211 0.045156 0.001060 0.078355
0 0 0.698259 0.163944 0.054025 0.005324 0.078448
0 0 0.754260 0.130286 0.035978 0.003167 0.076309
0 0 0.812798 0.094241 0.020073 0.001318 0.071570
0 0 0.768704 0.117929 0.034702 0.003572 0.075093
0 0 0.743565 0.134293 0.040457 0.004873 0.076811
0 0 0.537784 0.255611 0.121748 0.008713 0.076145
0 0 0.692651 0.144034 0.073251 0.013900 0.076163
0 0 0.803612 0.099665 0.022514 0.001670 0.072539
0 0 0.694908 0.176393 0.048515 0.001649 0.078535
0 0 0.557087 0.186565 0.155297 0.028891 0.072160
0 0 0.730663 0.151892 0.038605 0.001451 0.077388
0 0 0.771675 0.133175 0.020918 0.000120 0.074112
0 0 0.710913 0.180182 0.031699 0.000124 0.077082
0 0 0.606026 0.257100 0.058573 0.000230 0.078071
0 0 0.541080 0.341653 0.043195 0.000004 0.074069
0 1 0.444664 0.432308 0.054143 0.000002 0.068884
0 1 0.450747 0.416750 0.062527 0.000005 0.069971
0 1 0.465826 0.305880 0.147849 0.007536 0.072909
0 0 0.688723 0.158707 0.064996 0.009851 0.077722
0 0 0.602938 0.214067 0.093787 0.011093 0.078114
0 0 0.740094 0.134458 0.042331 0.006223 0.076893
0 0 0.659096 0.162923 0.085952 0.015381 0.076648
0 0 0.618875 0.154249 0.121611 0.032130 0.073135
0 0 0.686118 0.143667 0.079233 0.015238 0.075744
0 0 0.694209 0.149678 0.065724 0.013288 0.077100
0 0 0.589188 0.217009 0.099635 0.016460 0.077708
0 0 0.647957 0.180648 0.083688 0.010011 0.077695
0 0 0.888987 0.047822 0.004710 0.000047 0.058433
0 0 0.797886 0.109831 0.019384 0.000338 0.072561
0 0 0.918498 0.029250 0.002016 0.000013 0.050223
0 0 0.878778 0.061124 0.002568 0.000000 0.057530
0 0 0.844612 0.089819 0.003499 0.000000 0.062069
0 0 0.880985 0.054387 0.004873 0.000022 0.059733
0 0 0.845136 0.088060 0.004077 0.000000 0.062728
0 0 0.705706 0.211230 0.011169 0.000000 0.071895
0 1 0.651454 0.268525 0.009720 0.000000 0.070301
0 1 0.625498 0.290538 0.012817 0.000000 0.071147
1 1 0.252663 0.584445 0.110681 0.000003 0.052208
1 1 0.363267 0.450330 0.121553 0.000081 0.064769
1 1 0.310501 0.503832 0.126211 0.000031 0.059425
1 1 0.112621 0.619224 0.191322 0.000010 0.076823
1 1 0.093920 0.632849 0.210443 0.000010 0.062779
1 2 0.022221 0.581977 0.278650 0.000006 0.117146
1 2 0.032160 0.606437 0.277863 0.000008 0.083532
2 2 0.009207 0.432438 0.442979 0.000011 0.115365
1 2 0.014347 0.458647 0.430881 0.000037 0.096088
1 2 0.024974 0.504612 0.330292 0.000030 0.140091
2 2 0.000351 0.073461 0.923240 0.000187 0.002761
2 2 0.001507 0.103469 0.889703 0.001421 0.003900
2 2 0.000155 0.050666 0.947541 0.000411 0.001228
2 2 0.000504 0.073252 0.922710 0.000610 0.002924
2 2 0.000304 0.051810 0.945529 0.000374 0.001983
2 2 0.000314 0.041374 0.955604 0.001208 0.001500
2 2 0.000652 0.078604 0.917182 0.000941 0.002622
2 2 0.000095 0.037993 0.960649 0.000340 0.000922
2 2 0.000515 0.046751 0.948390 0.002697 0.001646
2 2 0.000915 0.072902 0.921403 0.001601 0.003179
2 2 0.000042 0.011013 0.987734 0.001023 0.000188
2 2 0.000621 0.020647 0.968552 0.009722 0.000458
2 2 0.000874 0.021440 0.963853 0.013320 0.000513
2 2 0.000161 0.009529 0.979920 0.010116 0.000275
2 3 0.002629 0.018465 0.824770 0.152532 0.001604
2 3 0.002602 0.017376 0.836079 0.142495 0.001448
2 3 0.001123 0.011602 0.870672 0.115772 0.000832
2 3 0.001337 0.005131 0.535874 0.456787 0.000871
3 3 0.000504 0.002495 0.485865 0.510719 0.000417
2 3 0.001911 0.009414 0.713524 0.273938 0.001213
2 3 0.000944 0.004632 0.628944 0.364864 0.000617
2 3 0.000574 0.003174 0.575522 0.420284 0.000446
2 3 0.000180 0.001213 0.524115 0.474329 0.000164
2 3 0.000254 0.002316 0.557711 0.439270 0.000448
3 3 0.000900 0.002932 0.310541 0.684838 0.000788
3 3 0.000574 0.001886 0.347983 0.649123 0.000435
3 3 0.000262 0.001081 0.301632 0.696771 0.000254
3 3 0.001205 0.003377 0.278401 0.715990 0.001027
3 3 0.000132 0.000903 0.479885 0.518951 0.000129
3 3 0.000302 0.000993 0.239671 0.758751 0.000283
3 3 0.000604 0.001780 0.330723 0.666462 0.000431
3 3 0.000271 0.001281 0.367555 0.630636 0.000256
3 3 0.001168 0.002689 0.234538 0.760679 0.000926
3 3 0.000202 0.000820 0.274157 0.724621 0.000200
3 3 0.001303 0.002258 0.209045 0.786538 0.000856
3 3 0.002893 0.004342 0.200130 0.790418 0.002218
3 3 0.000446 0.000785 0.132573 0.865790 0.000407
3 3 0.001127 0.001629 0.123968 0.872409 0.000867
3 3 0.000177 0.000643 0.195138 0.803844 0.000198
3 3 0.000218 0.000710 0.220349 0.778517 0.000207
3 3 0.000312 0.001535 0.447300 0.550591 0.000262
3 3 0.000537 0.001169 0.162024 0.835767 0.000502
3 3 0.000434 0.000661 0.091562 0.906965 0.000378
3 3 0.000300 0.000800 0.227135 0.771529 0.000236
3 3 0.001010 0.001611 0.154932 0.841720 0.000728
3 3 0.000138 0.000372 0.128078 0.871264 0.000148
3 3 0.000155 0.000374 0.168511 0.830835 0.000125
3 3 0.000745 0.001236 0.158750 0.838741 0.000528
3 3 0.002092 0.002329 0.176546 0.817978 0.001054
3 3 0.002449 0.002404 0.067499 0.925452 0.002196
3 3 0.000305 0.000687 0.168356 0.830400 0.000251
3 3 0.001145 0.001444 0.104580 0.891759 0.001072
3 3 0.003895 0.004448 0.140220 0.848603 0.002834
3 3 0.000252 0.000742 0.241309 0.757492 0.000205
3 3 0.001187 0.001255 0.092361 0.904385 0.000812
3 3 0.001064 0.001230 0.091899 0.905018 0.000788
3 3 0.001526 0.003023 0.274665 0.719831 0.000955
3 3 0.001359 0.001683 0.075443 0.919828 0.001687
3 3 0.000181 0.000389 0.154140 0.845149 0.000141
3 3 0.001560 0.002788 0.203937 0.790613 0.001102
3 3 0.000328 0.000831 0.166479 0.832052 0.000310
3 3 0.000382 0.000779 0.164637 0.833904 0.000298
3 3 0.000551 0.001133 0.191425 0.806482 0.000409
3 3 0.000466 0.000814 0.120785 0.877543 0.000393
3 3 0.000463 0.001406 0.266263 0.731477 0.000391
3 3 0.002358 0.001846 0.068887 0.925187 0.001722
3 3 0.001350 0.003119 0.237369 0.756897 0.001265
3 3 0.000186 0.000506 0.192902 0.806248 0.000158
3 3 0.002432 0.001316 0.059577 0.935447 0.001229
3 3 0.000359 0.000714 0.130737 0.867853 0.000338
3 3 0.000359 0.000687 0.171012 0.827688 0.000254
3 3 0.001487 0.001624 0.102499 0.893103 0.001287
3 3 0.000474 0.000633 0.104409 0.894066 0.000418
3 3 0.000569 0.001087 0.174436 0.823386 0.000522
3 3 0.037853 0.030814 0.413919 0.507569 0.009845
2 2 0.041101 0.252273 0.651981 0.036064 0.018581
2 3 0.027533 0.300530 0.651102 0.009475 0.011360
2 3 0.014502 0.229272 0.741204 0.008134 0.006888
2 2 0.015052 0.176286 0.786797 0.015052 0.006814
2 2 0.004690 0.155775 0.833108 0.003776 0.002651
2 2 0.013028 0.331818 0.647463 0.001156 0.006536
2 2 0.003117 0.101330 0.888362 0.005116 0.002075
2 2 0.010495 0.216621 0.764940 0.002915 0.005029
2 2 0.013179 0.189026 0.787221 0.004904 0.005670
2 2 0.004218 0.191250 0.800803 0.000418 0.003310
2 2 0.002746 0.138792 0.854058 0.000973 0.003431
2 2 0.003301 0.104949 0.888385 0.001536 0.001828
2 2 0.014091 0.259741 0.718943 0.000859 0.006366
2 2 0.013098 0.259564 0.718588 0.002589 0.006161
2 2 0.000913 0.047204 0.947060 0.003783 0.001041
2 2 0.001091 0.042521 0.949991 0.005727 0.000670
2 2 0.001135 0.061774 0.933454 0.002795 0.000843
2 2 0.000786 0.033505 0.959576 0.005635 0.000499
2 2 0.000848 0.037874 0.955652 0.005081 0.000545
2 2 0.001376 0.057588 0.935538 0.004642 0.000857
2 2 0.000809 0.049492 0.945923 0.003170 0.000607
2 2 0.000928 0.059336 0.936347 0.002732 0.000658
2 2 0.000233 0.039241 0.958773 0.001249 0.000504
2 2 0.001127 0.058271 0.936284 0.003570 0.000749
2 2 0.011697 0.064237 0.845132 0.074148 0.004786
2 2 0.002805 0.099976 0.891085 0.004441 0.001693
2 2 0.001770 0.046635 0.941749 0.008884 0.000962
2 2 0.000226 0.015738 0.979782 0.004085 0.000170
2 2 0.001458 0.059404 0.933503 0.004735 0.000900
2 2 0.002387 0.063208 0.925332 0.007784 0.001289
2 2 0.002365 0.022357 0.914756 0.059357 0.001165
2 3 0.002812 0.062565 0.923535 0.009648 0.001440
2 3 0.001574 0.051296 0.939593 0.006619 0.000918
2 3 0.005457 0.089841 0.890403 0.011775 0.002524
2 3 0.001994 0.023983 0.926469 0.046469 0.001085
2 3 0.002677 0.035370 0.933603 0.027061 0.001290
2 3 0.006559 0.091434 0.884883 0.014243 0.002881
2 3 0.001838 0.027531 0.920775 0.048590 0.001265
2 3 0.023817 0.093156 0.699152 0.171317 0.012558
2 3 0.040357 0.098389 0.674120 0.172612 0.014522
2 2 0.002827 0.039275 0.895074 0.057676 0.005149
2 2 0.000044 0.006969 0.989941 0.002894 0.000152
2 2 0.005830 0.056517 0.870921 0.060812 0.005920
2 2 0.000350 0.010664 0.966750 0.021783 0.000453
2 2 0.007857 0.072628 0.888500 0.027253 0.003763
2 2 0.006713 0.109239 0.869968 0.010673 0.003407
2 2 0.002484 0.046903 0.932518 0.015822 0.002273
2 2 0.001939 0.043313 0.940178 0.012908 0.001661
2 2 0.001077 0.044150 0.948087 0.005451 0.001235
2 2 0.000645 0.042869 0.951886 0.003656 0.000944
2 2 0.000244 0.021408 0.973654 0.003998 0.000696
2 2 0.000371 0.046944 0.950191 0.001299 0.001195
2 2 0.001176 0.047440 0.945088 0.004590 0.001706
2 2 0.000431 0.022132 0.969892 0.006822 0.000722
2 2 0.003087 0.060277 0.918907 0.014418 0.003311
2 2 0.009346 0.065337 0.870565 0.050846 0.003906
2 2 0.001558 0.027934 0.949494 0.020052 0.000961
2 2 0.005805 0.061958 0.901708 0.027940 0.002590
2 3 0.002981 0.049863 0.926958 0.017838 0.002361
2 3 0.013543 0.035937 0.703902 0.241390 0.005228
2 3 0.007682 0.041645 0.814406 0.132343 0.003925
2 3 0.006254 0.021909 0.714661 0.254248 0.002928
2 3 0.012335 0.028396 0.506719 0.445068 0.007482
3 3 0.004416 0.013544 0.435677 0.539874 0.006489
3 3 0.003170 0.007320 0.336190 0.651160 0.002160
3 3 0.007148 0.013133 0.336177 0.637850 0.005693
3 3 0.013017 0.022672 0.384944 0.570033 0.009334
2 3 0.009450 0.029363 0.657293 0.297982 0.005912
2 3 0.003739 0.037985 0.915476 0.041027 0.001773
2 2 0.023008 0.170435 0.777263 0.021116 0.008178
2 2 0.042011 0.306319 0.624336 0.012763 0.014571
2 2 0.002002 0.065705 0.922711 0.007237 0.002345
2 2 0.002075 0.054231 0.931891 0.009868 0.001935
2 2 0.014998 0.129174 0.829197 0.021004 0.005628
2 2 0.001586 0.041728 0.944808 0.010543 0.001335
2 2 0.001561 0.034554 0.949958 0.012963 0.000963
2 2 0.001505 0.069332 0.922084 0.004858 0.002221
2 2 0.000470 0.024340 0.968322 0.006203 0.000664
2 2 0.000636 0.033928 0.959392 0.005194 0.000849
2 2 0.000397 0.017089 0.972706 0.009193 0.000615
2 2 0.011159 0.172524 0.807184 0.004217 0.004917
2 2 0.001014 0.031506 0.957028 0.009564 0.000888
2 2 0.003117 0.055441 0.927346 0.012603 0.001493
2 2 0.000667 0.043963 0.950867 0.003589 0.000914
2 2 0.000582 0.031564 0.961333 0.005558 0.000962
2 2 0.000991 0.035742 0.952647 0.008995 0.001625
2 2 0.001955 0.102832 0.888120 0.003602 0.003491
2 2 0.003827 0.069039 0.916299 0.007694 0.003141
2 2 0.000343 0.020648 0.972488 0.005875 0.000647
2 2 0.001651 0.080144 0.912608 0.002270 0.003328
2 2 0.001924 0.061992 0.925483 0.007955 0.002647
2 2 0.012692 0.071050 0.879921 0.032103 0.004234
2 2 0.010695 0.213020 0.763649 0.002321 0.010315
1 1 0.239083 0.384254 0.305548 0.020382 0.050733
2 2 0.004327 0.183152 0.804741 0.001107 0.006672
2 2 0.006200 0.179455 0.797528 0.001473 0.015343
2 2 0.000956 0.088385 0.902624 0.000429 0.007606
2 2 0.003220 0.166323 0.814675 0.000596 0.015186
2 2 0.003432 0.141954 0.841676 0.002630 0.010308
2 2 0.000400 0.062545 0.928534 0.000409 0.008112
2 2 0.000574 0.094223 0.886266 0.000267 0.018670
2 2 0.004433 0.141910 0.811588 0.001579 0.040490
2 2 0.003934 0.247597 0.628558 0.000422 0.119490
2 4 0.003301 0.192576 0.706847 0.000390 0.096886
1 4 0.038432 0.387154 0.327709 0.000954 0.245751
4 4 0.179456 0.139959 0.014033 0.000001 0.666551
4 4 0.341383 0.188278 0.015981 0.000001 0.454357
4 4 0.154189 0.291251 0.027784 0.000000 0.526776
4 4 0.157813 0.192643 0.021876 0.000001 0.627667
4 4 0.214224 0.202172 0.020898 0.000001 0.562704
0 4 0.530189 0.179592 0.019919 0.000009 0.270291
4 4 0.106196 0.267773 0.033273 0.000000 0.592758
4 4 0.145958 0.214194 0.022541 0.000001 0.617306
4 4 0.185148 0.262323 0.026160 0.000000 0.526369
4 4 0.170257 0.072009 0.009835 0.000027 0.747872
4 4 0.134108 0.173439 0.012697 0.000000 0.679755
4 4 0.117558 0.124576 0.007815 0.000000 0.750051
0 4 0.685419 0.039856 0.001259 0.000000 0.273466
0 4 0.690764 0.046358 0.001729 0.000000 0.261149
0 4 0.652795 0.125878 0.005181 0.000000 0.216147
4 4 0.328858 0.085097 0.004649 0.000000 0.581396
0 4 0.820898 0.059381 0.002175 0.000000 0.117546
0 4 0.892747 0.017962 0.000500 0.000000 0.088791
0 4 0.707662 0.053419 0.001795 0.000000 0.237124
0 4 0.712911 0.050510 0.002013 0.000000 0.234566
0 4 0.598128 0.033134 0.001303 0.000001 0.367435
4 4 0.366937 0.113439 0.004541 0.000000 0.515083
0 4 0.879190 0.019697 0.001054 0.000009 0.100050
0 4 0.783377 0.061566 0.001990 0.000000 0.153067
0 4 0.651291 0.072026 0.002964 0.000000 0.273718
0 4 0.789351 0.039673 0.001422 0.000000 0.169554
0 1 0.862397 0.073652 0.003449 0.000000 0.060502
0 1 0.860358 0.079672 0.001899 0.000000 0.058072
0 1 0.858544 0.082997 0.001447 0.000000 0.057013
0 1 0.687000 0.152212 0.004068 0.000000 0.156720
1 1 0.048420 0.575657 0.290992 0.000037 0.084893
1 1 0.035383 0.496876 0.355139 0.000130 0.112471
1 2 0.034642 0.508208 0.357238 0.000119 0.099793
2 2 0.007497 0.336966 0.580445 0.000192 0.074900
2 2 0.013638 0.422042 0.489236 0.000148 0.074936
2 2 0.002923 0.209186 0.756309 0.000120 0.031462
2 2 0.000454 0.100063 0.881043 0.000089 0.018351
2 2 0.001487 0.150302 0.827415 0.000086 0.020711
2 2 0.002911 0.194323 0.759216 0.000084 0.043466
2 2 0.001654 0.143024 0.836677 0.000165 0.018480
2 2 0.000046 0.013375 0.984991 0.000739 0.000850
2 2 0.001733 0.089805 0.902933 0.001630 0.003899
2 2 0.000493 0.067340 0.927677 0.000708 0.003782
2 2 0.000058 0.017222 0.981024 0.000791 0.000905
2 2 0.000074 0.018995 0.979207 0.000779 0.000944
2 2 0.000195 0.034804 0.962516 0.000339 0.002146
2 2 0.000201 0.037926 0.959148 0.000653 0.002073
2 2 0.000623 0.048295 0.946692 0.001125 0.003266
2 2 0.003002 0.082915 0.907011 0.002327 0.004744
2 2 0.000375 0.043432 0.952940 0.000678 0.002576
2 2 0.000153 0.030752 0.967012 0.000808 0.001275
2 2 0.000538 0.062251 0.934009 0.000993 0.002208
2 2 0.000064 0.012496 0.985258 0.001561 0.000621
2 2 0.000152 0.023207 0.973713 0.001396 0.001532
2 2 0.000348 0.061337 0.934231 0.000458 0.003626
2 2 0.000008 0.006334 0.992559 0.000701 0.000398
2 2 0.000114 0.039071 0.958802 0.000418 0.001596
2 2 0.000250 0.049725 0.946130 0.000857 0.003039
2 2 0.000034 0.012798 0.986104 0.000557 0.000507
2 2 0.003579 0.077292 0.906781 0.009919 0.002429
2 2 0.000117 0.031584 0.966055 0.000342 0.001903
2 2 0.000226 0.034354 0.962821 0.001006 0.001594
2 2 0.000163 0.041210 0.955704 0.000337 0.002586
2 2 0.000224 0.059438 0.936583 0.000293 0.003463
2 2 0.000360 0.031432 0.963489 0.002737 0.001981
2 2 0.000585 0.056549 0.938538 0.000759 0.003569
2 2 0.001087 0.051817 0.934980 0.007222 0.004894
2 2 0.134275 0.187726 0.607547 0.041332 0.029120
1 1 0.132051 0.495192 0.336152 0.001339 0.035267
1 1 0.175712 0.516611 0.264564 0.000485 0.042629
1 1 0.167105 0.559389 0.232111 0.000112 0.041283
1 1 0.213860 0.520805 0.216889 0.000230 0.048215
2 1 0.031268 0.417441 0.480658 0.000202 0.070431
2 1 0.124700 0.393865 0.435670 0.001920 0.043845
2 1 0.082080 0.362543 0.523582 0.002201 0.029593
2 1 0.071550 0.371942 0.478840 0.000568 0.077100
1 1 0.161312 0.523978 0.254943 0.000348 0.059420
1 2 0.133317 0.543928 0.261412 0.000209 0.061134
1 2 0.042776 0.467553 0.422129 0.000133 0.067409
1 2 0.048475 0.474581 0.397662 0.000127 0.079156
2 2 0.021117 0.418891 0.490446 0.000138 0.069408
1 2 0.071931 0.501755 0.358670 0.000382 0.067263
1 2 0.062579 0.451925 0.433957 0.000730 0.050808
1 2 0.089798 0.512385 0.327549 0.000565 0.069702
2 2 0.012621 0.383686 0.545828 0.000217 0.057648
1 2 0.058385 0.449964 0.445016 0.001038 0.045598
2 2 0.029376 0.336684 0.547079 0.001462 0.085400
2 2 0.031787 0.294843 0.565947 0.004462 0.102962
2 2 0.070561 0.432817 0.443589 0.005073 0.047960
2 2 0.055281 0.250944 0.563645 0.019955 0.110175
2 2 0.076001 0.298947 0.524553 0.024023 0.076476
2 2 0.061722 0.328388 0.523659 0.014597 0.071634
2 2 0.136527 0.259871 0.477531 0.064047 0.062025
2 2 0.061589 0.175982 0.608131 0.093724 0.060573
2 3 0.067395 0.210235 0.447883 0.081480 0.193007
2 3 0.077905 0.186518 0.438815 0.184028 0.112733
2 3 0.064527 0.119717 0.537813 0.194012 0.083931
2 3 0.086742 0.220560 0.507877 0.104339 0.080482
2 3 0.066686 0.214029 0.475360 0.131984 0.111941
2 3 0.037753 0.129007 0.553687 0.206165 0.073387
2 3 0.044351 0.065693 0.464319 0.397126 0.028512
2 3 0.087889 0.125318 0.417355 0.312684 0.056754
2 3 0.102172 0.122715 0.543108 0.182381 0.049625
2 3 0.076995 0.098451 0.438280 0.329283 0.056991
3 3 0.023485 0.048223 0.301477 0.556561 0.070254
2 3 0.111184 0.136586 0.362218 0.309596 0.080416
3 3 0.069907 0.072452 0.290444 0.504197 0.062999
2 3 0.078151 0.120085 0.418154 0.301520 0.082089
3 3 0.070352 0.048254 0.305249 0.546077 0.030069
2 3 0.075144 0.159230 0.454311 0.211456 0.099858
2 3 0.064994 0.127011 0.517895 0.222876 0.067224
2 3 0.172005 0.118883 0.326070 0.275094 0.107948
2 3 0.080569 0.171476 0.491464 0.115382 0.141108
2 3 0.158133 0.196941 0.441761 0.112313 0.090852
2 3 0.068311 0.163026 0.520810 0.185009 0.062844
2 3 0.073067 0.126515 0.365028 0.255157 0.180233
3 3 0.103930 0.129236 0.276767 0.369133 0.120934
2 3 0.074097 0.133569 0.421952 0.243808 0.126574
2 3 0.102072 0.136032 0.327717 0.287491 0.146689
3 3 0.081779 0.100675 0.339207 0.387206 0.091133
3 3 0.045061 0.073067 0.357868 0.446748 0.077256
3 3 0.079997 0.077244 0.284116 0.495345 0.063298
3 3 0.057071 0.078627 0.220998 0.525280 0.118025
2 3 0.047697 0.097749 0.470588 0.327146 0.056820
3 3 0.103981 0.091865 0.349977 0.401953 0.052225
2 3 0.070364 0.149395 0.443357 0.207824 0.129060
2 3 0.059171 0.109420 0.408494 0.340250 0.082666
3 3 0.030852 0.039652 0.305853 0.587250 0.036394
3 3 0.041027 0.060449 0.295547 0.535690 0.067287
2 3 0.087518 0.106310 0.483845 0.251502 0.070825
3 3 0.089873 0.073957 0.352911 0.446636 0.036623
2 3 0.090592 0.104234 0.447485 0.328422 0.029267
3 3 0.069816 0.050100 0.251134 0.586884 0.042065
3 3 0.065941 0.037653 0.144460 0.715284 0.036662
3 3 0.050975 0.045825 0.249672 0.621183 0.032344
3 3 0.032683 0.013781 0.128195 0.814584 0.010757
3 3 0.101403 0.090562 0.227656 0.512802 0.067577
3 3 0.044458 0.067619 0.402980 0.459130 0.025812
2 3 0.080692 0.111066 0.454531 0.318908 0.034802
2 3 0.068892 0.092491 0.402040 0.400641 0.035937
2 3 0.084978 0.141966 0.468684 0.237549 0.066823
2 3 0.122136 0.200239 0.384157 0.201064 0.092404
2 3 0.115245 0.160228 0.434340 0.230278 0.059909
2 3 0.110804 0.134113 0.488730 0.212410 0.053943
2 3 0.085503 0.132173 0.392163 0.314995 0.075165
0 1 0.446713 0.155867 0.235127 0.102234 0.060059
2 1 0.133430 0.391216 0.393497 0.025992 0.055865
2 2 0.029941 0.311607 0.618055 0.006900 0.033498
2 2 0.004305 0.117322 0.866175 0.001482 0.010716
2 2 0.002203 0.101638 0.884134 0.002132 0.009893
2 2 0.001286 0.051112 0.942569 0.002735 0.002297
2 2 0.004247 0.100330 0.880902 0.008619 0.005902
2 2 0.114579 0.339081 0.488631 0.027798 0.029910
2 2 0.001335 0.085723 0.906610 0.002106 0.004226
2 2 0.000385 0.030997 0.965330 0.001337 0.001951
2 2 0.000133 0.040168 0.957173 0.000303 0.002223
2 2 0.002058 0.065929 0.923871 0.003283 0.004860
2 2 0.000766 0.076819 0.914276 0.000666 0.007473
2 2 0.000310 0.035285 0.959476 0.002971 0.001958
2 2 0.000207 0.038405 0.958323 0.000498 0.002568
2 2 0.000250 0.038958 0.955794 0.000929 0.004069
2 2 0.000337 0.030115 0.965369 0.001753 0.002427
2 2 0.000660 0.092984 0.897932 0.000468 0.007957
2 2 0.000078 0.018495 0.978604 0.001164 0.001659
2 2 0.000094 0.031371 0.964908 0.000505 0.003121
2 2 0.002847 0.046144 0.928110 0.016988 0.005911
2 2 0.001542 0.076536 0.906133 0.003753 0.012036
2 2 0.000184 0.060342 0.935023 0.000168 0.004283
2 2 0.001025 0.073465 0.917023 0.000950 0.007537
2 2 0.000058 0.031306 0.966238 0.000259 0.002138
2 2 0.000272 0.040666 0.954471 0.001120 0.003471
2 2 0.000246 0.028687 0.965385 0.003458 0.002224
2 2 0.000091 0.022821 0.973221 0.001797 0.002070
2 2 0.000033 0.009520 0.988028 0.001874 0.000545
2 2 0.000380 0.053206 0.939858 0.000990 0.005565
2 2 0.000166 0.020867 0.974142 0.003435 0.001390
2 2 0.000649 0.053932 0.937508 0.003004 0.004908
2 2 0.000541 0.073207 0.915877 0.000708 0.009667
2 2 0.000119 0.072472 0.918817 0.000102 0.008491
2 2 0.002101 0.149475 0.826371 0.001252 0.020801
2 2 0.003578 0.207341 0.462178 0.000062 0.326842
2 2 0.003114 0.195153 0.542419 0.000033 0.259281
2 2 0.001640 0.166870 0.558956 0.000028 0.272506
4 2 0.006404 0.257068 0.272152 0.000016 0.464360
4 2 0.013611 0.306304 0.221719 0.000015 0.458351
4 2 0.015853 0.306567 0.133425 0.000010 0.544145
4 2 0.077857 0.328786 0.102313 0.000034 0.491011
4 2 0.034149 0.244259 0.074317 0.000010 0.647265
4 2 0.018582 0.276200 0.118596 0.000016 0.586606
0 1 0.577345 0.276842 0.067948 0.000285 0.077580
1 2 0.020471 0.508781 0.449944 0.000096 0.020707
1 1 0.143018 0.512346 0.306633 0.000741 0.037262
2 2 0.002308 0.157844 0.832267 0.000384 0.007196
2 2 0.000120 0.055670 0.940707 0.000102 0.003400
2 2 0.001144 0.099784 0.888178 0.000125 0.010770
2 2 0.004263 0.268026 0.708929 0.000101 0.018681
2 2 0.001137 0.090239 0.901159 0.000698 0.006767
2 2 0.003020 0.140103 0.843240 0.000298 0.013340
2 2 0.001441 0.105090 0.884326 0.000342 0.008801
2 2 0.000852 0.109800 0.879604 0.000147 0.009598
2 2 0.000627 0.062323 0.933532 0.000427 0.003091
2 2 0.001506 0.118628 0.868313 0.000367 0.011186
2 2 0.000994 0.119748 0.867932 0.000216 0.011109
2 2 0.000199 0.033243 0.963884 0.000303 0.002371
2 2 0.001193 0.120914 0.868609 0.000193 0.009091
2 2 0.001273 0.139602 0.846697 0.000095 0.012334
2 2 0.001459 0.121677 0.865177 0.000547 0.011140
2 2 0.000936 0.070198 0.923152 0.000991 0.004723
2 2 0.000693 0.087748 0.901930 0.000225 0.009403
2 2 0.009530 0.188080 0.788452 0.002421 0.011518
2 2 0.000829 0.055137 0.939460 0.001128 0.003446
2 2 0.003008 0.117997 0.871996 0.001885 0.005115
2 2 0.000094 0.024376 0.974102 0.000674 0.000753
2 2 0.001264 0.082760 0.911309 0.000724 0.003943
2 2 0.001327 0.135012 0.857170 0.000429 0.006062
2 2 0.000440 0.074126 0.920610 0.000431 0.004394
2 2 0.001012 0.071580 0.922252 0.000876 0.004279
2 2 0.001357 0.097355 0.895997 0.001124 0.004166
2 2 0.001137 0.095116 0.898842 0.001506 0.003398
2 2 0.009157 0.155265 0.821616 0.006981 0.006980
2 2 0.015838 0.287047 0.627345 0.000637 0.069133
2 2 0.001739 0.139782 0.829141 0.000131 0.029207
2 2 0.006886 0.199323 0.753695 0.000225 0.039871
2 2 0.092795 0.249317 0.598302 0.008692 0.050893
1 1 0.293590 0.410495 0.228248 0.001235 0.066432
1 2 0.295051 0.391072 0.242132 0.001364 0.070381
0 0 0.424782 0.421311 0.084757 0.000023 0.069126
1 0 0.232834 0.558980 0.157718 0.000026 0.050442
1 1 0.239307 0.576513 0.133218 0.000008 0.050954
1 0 0.345245 0.406593 0.182956 0.001642 0.063564
0 0 0.607607 0.296961 0.021908 0.000000 0.073523
1 1 0.180104 0.606566 0.103291 0.000001 0.110039
0 1 0.459420 0.414480 0.055964 0.000003 0.070133
0 0 0.652212 0.248839 0.023721 0.000002 0.075226
0 0 0.515830 0.379350 0.033434 0.000000 0.071385
1 1 0.093671 0.621955 0.156924 0.000003 0.127447
1 1 0.224508 0.554582 0.078443 0.000001 0.142466
0 0 0.587315 0.306721 0.031327 0.000002 0.074635
1 0 0.435466 0.450495 0.046560 0.000000 0.067479
1 0 0.426116 0.460690 0.046468 0.000000 0.066726
1 0 0.092416 0.592597 0.286992 0.000061 0.027935
1 1 0.043750 0.537027 0.386447 0.000112 0.032664
2 1 0.023862 0.321701 0.623163 0.000401 0.030874
2 2 0.003377 0.156882 0.821289 0.000243 0.018209
2 2 0.006415 0.152409 0.827382 0.001218 0.012576
2 2 0.000964 0.114605 0.873940 0.000111 0.010380
2 2 0.001048 0.071686 0.920828 0.000283 0.006156
2 2 0.001222 0.130043 0.855948 0.000087 0.012701
2 2 0.000735 0.069886 0.919749 0.000181 0.009449
2 2 0.002139 0.149401 0.828134 0.000156 0.020169
2 2 0.000773 0.077654 0.917271 0.000246 0.004057
2 2 0.000151 0.050234 0.947467 0.000170 0.001977
2 2 0.000508 0.083567 0.910973 0.000217 0.004735
2 2 0.000247 0.050582 0.946632 0.000259 0.002280
2 2 0.000198 0.079287 0.915487 0.000054 0.004973
2 2 0.001113 0.089410 0.904708 0.000518 0.004251
2 2 0.000769 0.062498 0.932419 0.001399 0.002915
2 2 0.000154 0.029390 0.968731 0.000598 0.001126
2 2 0.000476 0.049823 0.946984 0.000499 0.002218
2 2 0.000636 0.043681 0.951639 0.002016 0.002028
2 2 0.000207 0.046000 0.950704 0.000417 0.002672
2 2 0.000304 0.055999 0.941065 0.000629 0.002002
2 2 0.000243 0.026837 0.968777 0.003082 0.001060
2 2 0.000160 0.040785 0.957068 0.000379 0.001607
2 2 0.000050 0.013688 0.984404 0.001436 0.000422
2 2 0.002618 0.094746 0.896858 0.001752 0.004026
2 2 0.000164 0.035460 0.961861 0.000628 0.001887
2 2 0.000957 0.080206 0.913558 0.001437 0.003843
2 2 0.000270 0.042151 0.954697 0.000913 0.001969
2 2 0.000542 0.025749 0.965472 0.007270 0.000966
2 2 0.000270 0.073882 0.922324 0.000101 0.003424
2 2 0.000302 0.028716 0.966696 0.003289 0.000996
2 2 0.000154 0.037295 0.959377 0.000877 0.002296
2 2 0.000367 0.061205 0.935208 0.000616 0.002604
2 2 0.001340 0.039499 0.945429 0.011420 0.002312
2 2 0.000564 0.052062 0.942112 0.002262 0.003000
2 2 0.000901 0.052261 0.938612 0.005153 0.003073
2 2 0.000620 0.059387 0.934135 0.001962 0.003897
2 2 0.000342 0.034941 0.960331 0.002686 0.001700
2 2 0.000046 0.012438 0.985517 0.001556 0.000443
2 2 0.024916 0.073027 0.801772 0.093417 0.006868
2 2 0.001062 0.058070 0.935623 0.003534 0.001711
2 2 0.000113 0.010709 0.984340 0.004529 0.000309
2 2 0.000513 0.040939 0.953841 0.002829 0.001879
2 2 0.000026 0.007889 0.990326 0.001532 0.000226
2 2 0.000405 0.040028 0.955625 0.002741 0.001201
2 2 0.000104 0.018579 0.978762 0.001995 0.000560
2 2 0.001950 0.030379 0.945401 0.021113 0.001157
2 2 0.000181 0.021937 0.973878 0.003073 0.000931
2 2 0.000292 0.036620 0.959754 0.002166 0.001169
2 2 0.000215 0.022635 0.974029 0.002721 0.000400
2 2 0.000949 0.030671 0.957168 0.010065 0.001147
2 2 0.000620 0.044282 0.950762 0.003357 0.000979
2 2 0.001376 0.045251 0.944939 0.007399 0.001035
2 2 0.000277 0.006701 0.963985 0.028853 0.000184
2 2 0.000841 0.015493 0.960854 0.022259 0.000553
2 2 0.000406 0.021773 0.970372 0.006689 0.000760
2 2 0.001041 0.017597 0.952611 0.028044 0.000706
2 2 0.000473 0.015199 0.971941 0.011963 0.000424
2 2 0.000235 0.010175 0.979743 0.009613 0.000234
2 2 0.002298 0.033272 0.914750 0.047418 0.002263
2 2 0.000836 0.017725 0.947775 0.032597 0.001067
2 2 0.000779 0.022020 0.962165 0.013975 0.001062
2 2 0.001134 0.016765 0.923967 0.056955 0.001179
2 3 0.001850 0.015601 0.789435 0.190456 0.002658
2 3 0.001700 0.025317 0.929616 0.041674 0.001694
2 3 0.000132 0.014840 0.980394 0.003950 0.000684
2 3 0.001618 0.012964 0.885780 0.098810 0.000828
2 3 0.000551 0.016348 0.962898 0.019360 0.000844
2 3 0.000368 0.023808 0.969126 0.005752 0.000946
2 3 0.001968 0.022265 0.906969 0.067264 0.001534
2 3 0.001020 0.009117 0.846740 0.142455 0.000668
2 3 0.008856 0.045599 0.836646 0.104926 0.003973
2 3 0.001272 0.023471 0.922828 0.050271 0.002158
2 3 0.001707 0.016983 0.874338 0.105599 0.001373
2 3 0.012096 0.027888 0.548998 0.405131 0.005887
2 3 0.007193 0.031106 0.745869 0.210443 0.005388
2 3 0.006035 0.014160 0.504427 0.470665 0.004712
2 3 0.002998 0.051684 0.929014 0.014697 0.001607
2 2 0.000414 0.011763 0.972392 0.015080 0.000351
2 2 0.000067 0.009320 0.987151 0.003199 0.000262
2 2 0.002121 0.026791 0.911354 0.057254 0.002480
2 2 0.000415 0.024050 0.968813 0.005911 0.000810
2 2 0.000463 0.017680 0.969061 0.011768 0.001028
2 2 0.008703 0.089718 0.877550 0.020544 0.003486
2 2 0.000921 0.054094 0.940544 0.002874 0.001567
2 2 0.000751 0.035419 0.956542 0.006178 0.001111
2 2 0.002612 0.045706 0.943420 0.006734 0.001528
2 2 0.000338 0.030182 0.967627 0.001144 0.000710
2 2 0.000314 0.028425 0.969082 0.001513 0.000667
2 2 0.003667 0.105533 0.876603 0.001636 0.012560
2 2 0.001279 0.101427 0.887050 0.000499 0.009745
2 2 0.000102 0.026872 0.970164 0.000326 0.002536
2 2 0.133657 0.204437 0.609705 0.023082 0.029118
1 2 0.149720 0.510125 0.284536 0.000661 0.054959
2 2 0.000818 0.067980 0.921090 0.000450 0.009662
2 2 0.005496 0.142114 0.831488 0.001092 0.019810
2 2 0.000510 0.108902 0.874932 0.000100 0.015557
2 2 0.001912 0.212213 0.718286 0.000154 0.067435
2 4 0.011831 0.313932 0.528148 0.001231 0.144859
4 4 0.127203 0.282223 0.036409 0.000001 0.554165
4 4 0.127899 0.188822 0.022165 0.000001 0.661113
4 4 0.225925 0.203026 0.018170 0.000001 0.552879
4 4 0.123239 0.071240 0.013490 0.000104 0.791927
4 4 0.243581 0.094109 0.010371 0.000009 0.651931
4 4 0.294334 0.220334 0.023264 0.000002 0.462067
4 4 0.204169 0.118171 0.011185 0.000001 0.666473
4 4 0.119044 0.169979 0.020897 0.000001 0.690079
4 4 0.209257 0.153251 0.014646 0.000001 0.622845
4 4 0.111153 0.187594 0.023050 0.000001 0.678202
0 4 0.498422 0.054708 0.003062 0.000001 0.443807
0 4 0.656544 0.043754 0.002352 0.000002 0.297348
4 4 0.231689 0.094493 0.007622 0.000001 0.666194
4 4 0.334921 0.092591 0.005644 0.000000 0.566843
0 4 0.597507 0.074729 0.003869 0.000001 0.323895
4 4 0.140652 0.111900 0.008117 0.000000 0.739331
0 4 0.622543 0.105839 0.004861 0.000000 0.266757
0 4 0.468428 0.086782 0.005150 0.000001 0.439640
0 4 0.581020 0.049722 0.002678 0.000002 0.366578
0 4 0.776916 0.025409 0.001088 0.000002 0.196585
0 4 0.643425 0.050307 0.001458 0.000000 0.304810
4 4 0.221371 0.037751 0.002666 0.000003 0.738209
0 4 0.799318 0.016744 0.000443 0.000000 0.183494
0 4 0.619543 0.025374 0.001095 0.000002 0.353985
0 4 0.813854 0.020144 0.000527 0.000000 0.165475
0 4 0.706623 0.037787 0.001056 0.000000 0.254534
0 4 0.830307 0.020110 0.000693 0.000001 0.148889
0 4 0.685495 0.051165 0.001616 0.000000 0.261723
4 4 0.471610 0.051519 0.001456 0.000000 0.475415
0 4 0.509793 0.096246 0.002866 0.000000 0.391096
4 4 0.295179 0.185809 0.024480 0.000009 0.494523
4 4 0.123854 0.231965 0.046343 0.000013 0.597825
4 4 0.109537 0.358385 0.065736 0.000003 0.466339
4 4 0.118037 0.285958 0.055847 0.000007 0.540151
4 4 0.042785 0.272236 0.075412 0.000008 0.609560
4 4 0.093749 0.289543 0.084095 0.000043 0.532571
0 4 0.350146 0.294976 0.040729 0.000007 0.314143
1 4 0.270866 0.387660 0.047933 0.000001 0.293541
4 4 0.121946 0.275320 0.054478 0.000009 0.548246
4 4 0.148251 0.293981 0.048716 0.000004 0.509048
4 4 0.143963 0.363407 0.060686 0.000003 0.431941
4 4 0.025902 0.234148 0.075750 0.000009 0.664192
4 4 0.084528 0.352006 0.081409 0.000006 0.482051
4 4 0.036586 0.279360 0.065015 0.000002 0.619037
4 4 0.015474 0.207714 0.086375 0.000016 0.690421
4 4 0.110802 0.267864 0.058336 0.000013 0.562984
1 4 0.132047 0.449598 0.085378 0.000003 0.332974
4 4 0.046717 0.341121 0.101109 0.000009 0.511044
4 4 0.024942 0.229921 0.100433 0.000046 0.644658
4 4 0.066742 0.278423 0.072233 0.000012 0.582590
4 4 0.010458 0.302088 0.291624 0.000186 0.395644
1 4 0.032140 0.380810 0.230138 0.000165 0.356747
1 0 0.342227 0.452487 0.142084 0.000169 0.063033
1 1 0.046224 0.584850 0.259395 0.000017 0.109513
1 1 0.045912 0.521840 0.241479 0.000035 0.190735
2 2 0.009564 0.348497 0.387513 0.000131 0.254295
2 2 0.001863 0.206881 0.678742 0.000066 0.112448
2 2 0.009302 0.351233 0.410163 0.000178 0.229124
2 2 0.001245 0.111389 0.848289 0.000271 0.038806
2 2 0.006157 0.201542 0.698828 0.000407 0.093065
2 2 0.000180 0.046457 0.946976 0.001025 0.005361
2 2 0.001936 0.151627 0.828513 0.000491 0.017432
2 2 0.002192 0.123765 0.858377 0.001784 0.013882
2 2 0.000120 0.059998 0.935306 0.000090 0.004486
2 2 0.001101 0.070631 0.923568 0.000772 0.003928
2 2 0.000361 0.071411 0.921885 0.000710 0.005633
2 2 0.000361 0.061679 0.930311 0.000332 0.007317
2 2 0.000153 0.064978 0.928742 0.000082 0.006046
2 2 0.001161 0.084232 0.905930 0.000313 0.008364
2 2 0.000262 0.053776 0.941134 0.000132 0.004695
2 2 0.000182 0.036158 0.961250 0.000872 0.001538
2 2 0.000103 0.025946 0.972123 0.000276 0.001553
2 2 0.000237 0.031940 0.965115 0.000862 0.001846
2 2 0.000097 0.032501 0.965676 0.000307 0.001418
2 2 0.000063 0.022400 0.975725 0.000435 0.001377
2 2 0.000070 0.026495 0.971362 0.000413 0.001659
2 2 0.000012 0.007129 0.991793 0.000829 0.000236
2 2 0.000235 0.030461 0.966776 0.000295 0.002233
2 2 0.000868 0.054512 0.939832 0.001981 0.002807
2 2 0.000082 0.046153 0.950837 0.000110 0.002819
2 2 0.000057 0.012462 0.985175 0.001898 0.000408
2 2 0.000187 0.021189 0.975020 0.002799 0.000804
2 2 0.000007 0.007996 0.991366 0.000386 0.000246
2 2 0.000034 0.021001 0.977638 0.000129 0.001198
2 2 0.000196 0.033014 0.964711 0.000897 0.001181
2 2 0.000016 0.007847 0.990845 0.000986 0.000306
2 2 0.000035 0.012157 0.986121 0.001246 0.000440
2 2 0.000116 0.017417 0.978311 0.002948 0.001208
2 2 0.000115 0.017366 0.979231 0.002613 0.000674
2 2 0.000247 0.039833 0.957169 0.001065 0.001686
2 2 0.000083 0.017192 0.980034 0.001951 0.000740
2 2 0.000291 0.016729 0.975846 0.006614 0.000521
2 2 0.000231 0.014843 0.977742 0.006597 0.000587
2 2 0.000069 0.007679 0.983700 0.007978 0.000574
2 2 0.000205 0.016933 0.972610 0.009037 0.001216
2 2 0.000022 0.002764 0.981465 0.015539 0.000210
2 2 0.000122 0.008219 0.978722 0.012452 0.000485
2 2 0.000270 0.014339 0.973080 0.011406 0.000905
2 3 0.001074 0.014127 0.883436 0.099502 0.001862
2 3 0.000559 0.014309 0.956345 0.027812 0.000975
2 3 0.000962 0.026963 0.953354 0.017148 0.001572
2 3 0.002076 0.025455 0.892693 0.077455 0.002321
2 3 0.002663 0.016229 0.750148 0.228242 0.002718
2 3 0.001311 0.017000 0.865876 0.113673 0.002141
2 3 0.000886 0.012445 0.849961 0.133890 0.002819
2 3 0.002341 0.013725 0.751924 0.229606 0.002403
2 3 0.002150 0.014591 0.765798 0.215127 0.002334
2 3 0.001657 0.016122 0.840883 0.138433 0.002905
2 3 0.004076 0.019894 0.575078 0.390990 0.009962
2 3 0.002325 0.013915 0.722974 0.256736 0.004050
3 3 0.000295 0.001657 0.467075 0.530585 0.000387
2 3 0.000992 0.006090 0.628901 0.363105 0.000913
2 3 0.000984 0.005759 0.642342 0.350167 0.000748
3 3 0.000553 0.002544 0.440269 0.556016 0.000618
2 3 0.000457 0.002298 0.550165 0.446749 0.000331
3 3 0.001237 0.004750 0.414694 0.577712 0.001607
3 3 0.000530 0.002263 0.341288 0.655064 0.000855
2 3 0.000323 0.002621 0.653392 0.343375 0.000289
3 3 0.008709 0.022252 0.407887 0.552148 0.009005
2 3 0.001391 0.013394 0.910354 0.074137 0.000723
2 3 0.000557 0.020296 0.969151 0.009444 0.000551
2 3 0.001058 0.037775 0.951676 0.008199 0.001292
2 3 0.000442 0.010987 0.960751 0.027285 0.000536
2 3 0.003435 0.020581 0.804688 0.169082 0.002214
2 3 0.002959 0.016737 0.731227 0.245780 0.003297
2 3 0.004981 0.024408 0.749870 0.217870 0.002872
3 3 0.018247 0.033381 0.468196 0.471414 0.008761
3 3 0.006311 0.012859 0.419850 0.557595 0.003385
2 3 0.000464 0.004244 0.788545 0.206369 0.000378
3 3 0.002202 0.004354 0.402696 0.589699 0.001048
2 3 0.003711 0.015333 0.616742 0.361751 0.002463
2 3 0.000722 0.008959 0.904186 0.085656 0.000477
2 3 0.000550 0.004324 0.754477 0.240164 0.000485
2 3 0.001185 0.006291 0.728997 0.262848 0.000679
3 3 0.008872 0.012181 0.235068 0.738435 0.005445
2 3 0.000908 0.004869 0.642435 0.351162 0.000626
3 3 0.010085 0.017644 0.385521 0.581455 0.005295
3 3 0.001852 0.006185 0.460113 0.530564 0.001286
3 3 0.002122 0.004752 0.321849 0.669895 0.001382
3 3 0.006454 0.009614 0.340681 0.640195 0.003056
2 3 0.020347 0.050304 0.629608 0.285898 0.013843
2 3 0.022538 0.037583 0.463246 0.451596 0.025038
2 2 0.012765 0.118778 0.814947 0.030227 0.023281
2 2 0.168660 0.319319 0.452290 0.021763 0.037968
1 2 0.088286 0.514085 0.370039 0.000674 0.026916
2 2 0.000672 0.090998 0.901680 0.000395 0.006256
2 2 0.002334 0.087666 0.896620 0.000992 0.012388
2 2 0.005839 0.310136 0.653825 0.000149 0.030052
2 2 0.001522 0.206122 0.776323 0.000057 0.015977
2 2 0.006733 0.272315 0.695851 0.000132 0.024969
2 2 0.000274 0.043984 0.954059 0.000363 0.001320
2 2 0.000430 0.052611 0.944690 0.000400 0.001869
2 2 0.001194 0.085324 0.910397 0.000556 0.002529
2 2 0.000102 0.029020 0.969745 0.000391 0.000742
2 2 0.001523 0.129118 0.864076 0.000173 0.005111
2 2 0.007146 0.170544 0.815369 0.001105 0.005835
2 2 0.001260 0.113320 0.881321 0.000298 0.003800
2 2 0.002837 0.119866 0.869975 0.002429 0.004893
2 2 0.000303 0.044789 0.953163 0.000404 0.001340
2 2 0.003031 0.111935 0.880927 0.000931 0.003175
2 2 0.001361 0.060127 0.933726 0.002397 0.002389
2 2 0.000463 0.044363 0.953439 0.000660 0.001075
2 2 0.000422 0.069195 0.928119 0.000526 0.001738
2 2 0.001132 0.106542 0.888827 0.000329 0.003170
2 2 0.000408 0.073278 0.923947 0.000181 0.002186
2 2 0.006213 0.166875 0.817847 0.002117 0.006948
