0 0 0.718363 0.141478 0.059601 0.024052 0.056506
0 0 0.723888 0.136203 0.058717 0.023226 0.057967
0 0 0.778354 0.081576 0.047247 0.014465 0.078357
0 0 0.778354 0.081576 0.047247 0.014465 0.078357
0 0 0.778354 0.081576 0.047247 0.014465 0.078357
0 0 0.778354 0.081576 0.047247 0.014465 0.078357
0 0 0.750214 0.110601 0.053925 0.019170 0.066089
0 0 0.584984 0.265691 0.073422 0.042716 0.033187
0 0 0.527872 0.318763 0.076294 0.050282 0.026790
0 0 0.548836 0.299239 0.075410 0.047525 0.028989
0 0 0.434147 0.406948 0.078019 0.062333 0.018552
1 0 0.273764 0.544444 0.077041 0.050484 0.054267
1 0 0.360068 0.476841 0.070885 0.074703 0.017504
1 0 0.181544 0.615883 0.092476 0.030299 0.079798
1 0 0.103045 0.690070 0.102971 0.018009 0.085905
1 0 0.036538 0.709081 0.134409 0.004749 0.115223
1 1 0.052067 0.672698 0.137801 0.005829 0.131606
1 1 0.154308 0.591490 0.113210 0.017543 0.123449
1 1 0.064255 0.671710 0.125202 0.008001 0.130833
1 1 0.158392 0.604259 0.093474 0.023553 0.120322
1 1 0.007723 0.547766 0.342883 0.000361 0.101267
1 1 0.008079 0.500765 0.361950 0.000275 0.128932
1 2 0.005451 0.537361 0.321359 0.000214 0.135615
1 2 0.006753 0.499737 0.409968 0.000426 0.083117
1 2 0.007154 0.514327 0.401680 0.000507 0.076332
2 2 0.006758 0.326724 0.589393 0.000422 0.076703
2 2 0.006891 0.120096 0.807372 0.000369 0.065272
2 2 0.001276 0.045111 0.935401 0.000221 0.017992
2 2 0.007827 0.275064 0.624305 0.000443 0.092360
1 1 0.016213 0.638780 0.265689 0.000882 0.078435
1 0 0.157201 0.569270 0.214628 0.009263 0.049638
1 1 0.009124 0.599013 0.317703 0.000378 0.073782
1 1 0.026577 0.713192 0.210543 0.002437 0.047251
1 1 0.043146 0.683981 0.221718 0.003412 0.047743
1 2 0.008083 0.589776 0.337268 0.000342 0.064531
1 2 0.020532 0.642083 0.263728 0.001143 0.072514
1 2 0.014417 0.559976 0.331944 0.000604 0.093059
2 2 0.004951 0.340542 0.615391 0.000288 0.038828
2 2 0.002982 0.116930 0.818270 0.000127 0.061691
2 2 0.021378 0.334225 0.605169 0.001390 0.037837
1 1 0.025356 0.484115 0.462621 0.002535 0.025375
2 1 0.004233 0.318929 0.657805 0.000347 0.018686
2 1 0.001003 0.142999 0.844437 0.000148 0.011413
2 2 0.001193 0.110660 0.878337 0.000188 0.009622
2 2 0.003146 0.184747 0.804374 0.000782 0.006950
2 2 0.004886 0.232083 0.746693 0.000537 0.015801
2 2 0.000442 0.023041 0.971592 0.000647 0.004277
2 2 0.000096 0.004158 0.993337 0.000930 0.001478
2 2 0.000070 0.004353 0.993910 0.000349 0.001318
2 2 0.000299 0.005807 0.989248 0.002343 0.002303
2 2 0.000001 0.000043 0.991339 0.008604 0.000014
2 2 0.000006 0.000517 0.993324 0.006079 0.000074
2 2 0.000008 0.000335 0.989616 0.009970 0.000071
2 2 0.000110 0.011342 0.984688 0.003392 0.000468
2 2 0.000002 0.000743 0.996828 0.002378 0.000048
2 2 0.000004 0.000413 0.997127 0.002363 0.000093
2 2 0.000032 0.001089 0.991999 0.006650 0.000231
2 2 0.000002 0.000071 0.992000 0.007907 0.000020
2 2 0.000022 0.001191 0.990013 0.008586 0.000188
2 2 0.000000 0.000031 0.993111 0.006849 0.000008
2 2 0.000010 0.000203 0.903208 0.096535 0.000044
2 2 0.000024 0.000561 0.928542 0.070768 0.000103
2 2 0.000073 0.001287 0.939052 0.059357 0.000231
2 2 0.000091 0.001735 0.892185 0.105715 0.000274
2 2 0.000013 0.000327 0.893150 0.106443 0.000067
2 3 0.000668 0.014348 0.875483 0.108130 0.001371
2 3 0.000160 0.003121 0.867458 0.128954 0.000307
2 3 0.000196 0.003855 0.739852 0.255855 0.000241
2 3 0.000037 0.000839 0.861015 0.138004 0.000105
2 3 0.000045 0.001048 0.865838 0.132943 0.000126
2 3 0.000036 0.001157 0.666472 0.332176 0.000159
3 3 0.000008 0.000340 0.340344 0.659264 0.000045
2 3 0.000105 0.002928 0.638343 0.358025 0.000599
2 3 0.000034 0.000758 0.674479 0.324640 0.000090
2 3 0.000037 0.001032 0.586875 0.411874 0.000183
2 3 0.000024 0.000871 0.564094 0.434889 0.000122
3 3 0.000052 0.001678 0.106311 0.891606 0.000353
3 3 0.000044 0.001665 0.385220 0.612805 0.000267
3 3 0.000453 0.008958 0.242167 0.746293 0.002129
3 3 0.000119 0.003913 0.353240 0.641957 0.000772
3 3 0.000009 0.000397 0.210037 0.789495 0.000062
3 3 0.000008 0.000463 0.212612 0.786801 0.000116
3 3 0.000055 0.002243 0.145150 0.852111 0.000439
3 3 0.000023 0.000751 0.080629 0.918398 0.000199
3 3 0.000004 0.000215 0.073837 0.925882 0.000062
3 3 0.000046 0.001788 0.220346 0.777305 0.000515
3 3 0.000059 0.002097 0.130020 0.866998 0.000826
3 3 0.000020 0.000743 0.044870 0.954143 0.000224
3 3 0.000034 0.001331 0.134234 0.864076 0.000325
3 3 0.000011 0.000383 0.178273 0.821275 0.000058
3 3 0.000057 0.001765 0.120557 0.876984 0.000638
3 3 0.000103 0.003047 0.211805 0.784302 0.000742
3 3 0.000098 0.002877 0.115157 0.880740 0.001129
3 3 0.000957 0.015966 0.107058 0.869873 0.006146
3 3 0.000514 0.010998 0.101990 0.882470 0.004027
3 3 0.000388 0.008065 0.273278 0.716090 0.002179
3 3 0.000157 0.003690 0.085158 0.909881 0.001114
2 3 0.001161 0.030911 0.496081 0.462109 0.009738
3 3 0.000245 0.008823 0.455402 0.532784 0.002747
2 2 0.003428 0.074493 0.748701 0.156016 0.017363
2 2 0.010239 0.240768 0.694798 0.003734 0.050461
2 2 0.002943 0.288979 0.651275 0.000667 0.056136
2 2 0.002470 0.179671 0.761549 0.000243 0.056067
2 2 0.007997 0.267013 0.661471 0.000626 0.062893
2 2 0.003565 0.246639 0.581965 0.000097 0.167735
2 2 0.005330 0.321641 0.513971 0.000214 0.158845
2 2 0.004163 0.365763 0.484869 0.000181 0.145024
2 2 0.004242 0.375999 0.486728 0.000166 0.132865
2 2 0.002751 0.158440 0.730679 0.000091 0.108040
2 2 0.003574 0.380558 0.447825 0.000112 0.167932
2 2 0.005282 0.209266 0.726334 0.000236 0.058882
2 2 0.002822 0.239368 0.703263 0.000125 0.054422
1 1 0.062928 0.566029 0.316554 0.003147 0.051343
2 1 0.006107 0.293540 0.645723 0.000289 0.054341
2 2 0.007631 0.188041 0.768636 0.000602 0.035089
2 2 0.001362 0.049926 0.933300 0.000125 0.015287
2 2 0.001767 0.050522 0.937273 0.002986 0.007453
2 2 0.000176 0.007066 0.990490 0.000405 0.001864
2 2 0.000248 0.012556 0.983202 0.000217 0.003777
2 2 0.000350 0.010467 0.984890 0.000665 0.003627
2 2 0.000098 0.006658 0.990496 0.000477 0.002271
2 2 0.000037 0.001701 0.995618 0.001980 0.000663
2 2 0.000083 0.003513 0.994360 0.000855 0.001188
2 2 0.000056 0.004659 0.991038 0.003187 0.001060
2 2 0.000006 0.000297 0.995777 0.003818 0.000101
2 2 0.000032 0.002445 0.996157 0.000536 0.000829
2 2 0.000026 0.001329 0.997079 0.001138 0.000428
2 2 0.000044 0.003546 0.994986 0.000314 0.001111
2 2 0.000002 0.000120 0.996720 0.003124 0.000035
2 2 0.000095 0.008130 0.988173 0.000318 0.003283
2 2 0.000006 0.000450 0.997112 0.002257 0.000174
2 2 0.000007 0.000390 0.995846 0.003601 0.000157
2 2 0.000034 0.001633 0.993444 0.004115 0.000773
2 2 0.000003 0.000237 0.993880 0.005770 0.000110
2 2 0.000029 0.001127 0.992941 0.005331 0.000572
2 2 0.000020 0.000857 0.994284 0.004450 0.000389
2 2 0.000234 0.004455 0.989648 0.003700 0.001963
2 2 0.000050 0.001352 0.992305 0.005924 0.000368
2 2 0.000096 0.003008 0.993274 0.002351 0.001271
2 2 0.000011 0.000389 0.994915 0.004552 0.000133
2 2 0.000011 0.000322 0.948464 0.051133 0.000070
2 2 0.000014 0.000881 0.934855 0.064194 0.000056
2 2 0.000006 0.000209 0.946418 0.053312 0.000055
2 2 0.000003 0.000117 0.933520 0.066335 0.000025
2 2 0.000018 0.000717 0.934223 0.064903 0.000139
2 2 0.000012 0.000334 0.923402 0.076191 0.000060
2 2 0.000029 0.001102 0.936196 0.062460 0.000214
2 2 0.000008 0.000246 0.933047 0.066639 0.000060
2 2 0.000021 0.000450 0.965930 0.033495 0.000104
2 2 0.000002 0.000073 0.957901 0.042004 0.000020
2 3 0.000530 0.007814 0.755048 0.233953 0.002656
2 3 0.000015 0.000482 0.821125 0.178228 0.000150
2 3 0.000039 0.000804 0.723358 0.275613 0.000186
2 3 0.000112 0.001964 0.685810 0.311699 0.000415
2 3 0.001354 0.013378 0.700243 0.281735 0.003290
2 3 0.000548 0.008014 0.676757 0.312466 0.002216
3 3 0.001279 0.019323 0.371784 0.601337 0.006277
2 3 0.000250 0.005138 0.650503 0.342741 0.001370
3 3 0.001120 0.018830 0.341073 0.630782 0.008194
3 3 0.002503 0.030128 0.252245 0.706497 0.008627
3 3 0.000505 0.009022 0.300262 0.686735 0.003475
3 3 0.000224 0.004723 0.239289 0.754669 0.001096
3 3 0.000385 0.008599 0.169742 0.818959 0.002315
3 3 0.000469 0.007926 0.181271 0.807216 0.003118
3 3 0.000180 0.004217 0.083486 0.910966 0.001151
3 3 0.000250 0.006261 0.294236 0.697710 0.001543
3 3 0.000913 0.016357 0.176772 0.802040 0.003918
3 3 0.000698 0.011919 0.245682 0.738604 0.003097
3 3 0.000216 0.005448 0.205400 0.787647 0.001288
3 3 0.000445 0.009534 0.098473 0.889274 0.002274
3 3 0.000272 0.006289 0.155601 0.835376 0.002462
3 3 0.000745 0.010745 0.190644 0.793575 0.004291
3 3 0.000808 0.009958 0.092136 0.893866 0.003231
3 3 0.001494 0.020076 0.116239 0.853889 0.008303
3 3 0.002407 0.035512 0.207815 0.737808 0.016457
3 3 0.001194 0.013966 0.080285 0.899671 0.004884
3 3 0.001266 0.010869 0.052902 0.929838 0.005125
3 3 0.001654 0.021842 0.118511 0.851161 0.006832
3 3 0.000911 0.010531 0.083148 0.902256 0.003154
3 3 0.000814 0.014949 0.178175 0.802134 0.003927
3 3 0.002234 0.026146 0.062358 0.897757 0.011505
3 3 0.001855 0.022820 0.079429 0.883227 0.012668
3 3 0.000982 0.016140 0.095820 0.879009 0.008050
3 3 0.001350 0.016901 0.108068 0.864850 0.008831
3 3 0.003381 0.024873 0.071070 0.885281 0.015395
3 3 0.002740 0.033320 0.080216 0.861693 0.022032
3 3 0.001977 0.018870 0.063698 0.902783 0.012671
3 3 0.001181 0.010217 0.046432 0.936639 0.005531
3 3 0.001984 0.028171 0.135384 0.821765 0.012696
3 3 0.001456 0.018185 0.091764 0.878220 0.010375
3 3 0.002154 0.021019 0.057033 0.910327 0.009467
3 3 0.003318 0.034901 0.097628 0.846616 0.017537
3 3 0.000900 0.010020 0.079125 0.905295 0.004660
3 3 0.001148 0.011293 0.050363 0.931143 0.006053
3 3 0.001838 0.021738 0.083015 0.881375 0.012034
3 3 0.002097 0.024661 0.062201 0.893467 0.017574
3 3 0.001199 0.010814 0.036110 0.943787 0.008091
3 3 0.002708 0.033961 0.100557 0.846300 0.016475
3 3 0.002291 0.023563 0.051097 0.911538 0.011512
3 3 0.002098 0.030512 0.101276 0.850388 0.015726
2 3 0.004614 0.049593 0.578299 0.361565 0.005930
2 3 0.003366 0.054873 0.599277 0.338961 0.003523
2 3 0.001257 0.031881 0.867226 0.093703 0.005933
2 2 0.002147 0.030494 0.919027 0.045746 0.002586
2 2 0.000432 0.006429 0.950789 0.041005 0.001345
2 2 0.000482 0.007290 0.951828 0.038191 0.002210
2 2 0.000157 0.002442 0.954908 0.042032 0.000461
2 2 0.000296 0.008668 0.970906 0.018506 0.001624
2 2 0.000161 0.002911 0.973743 0.022471 0.000713
2 0 0.185715 0.284891 0.443455 0.071089 0.014850
0 0 0.569266 0.280264 0.074361 0.044816 0.031293
0 1 0.547027 0.276702 0.097136 0.027738 0.051397
0 1 0.615317 0.237607 0.071264 0.038617 0.037195
1 1 0.373037 0.433894 0.125707 0.028661 0.038701
0 0 0.767374 0.082596 0.057869 0.017000 0.075161
0 0 0.753276 0.083406 0.071544 0.020114 0.071659
0 0 0.778354 0.081576 0.047247 0.014465 0.078357
0 0 0.778354 0.081576 0.047247 0.014465 0.078357
0 0 0.778354 0.081576 0.047247 0.014465 0.078357
0 0 0.778354 0.081576 0.047247 0.014465 0.078357
0 0 0.778354 0.081576 0.047247 0.014465 0.078357
0 0 0.778354 0.081576 0.047247 0.014465 0.078357
0 0 0.754731 0.083343 0.070130 0.019799 0.071997
0 0 0.778354 0.081576 0.047247 0.014465 0.078357
0 0 0.778354 0.081576 0.047247 0.014465 0.078357
0 0 0.726479 0.133720 0.058289 0.022836 0.058676
0 0 0.707912 0.151392 0.061181 0.025596 0.053918
0 0 0.730698 0.129663 0.057574 0.022197 0.059868
0 0 0.778354 0.081576 0.047247 0.014465 0.078357
0 0 0.766209 0.082681 0.058997 0.017263 0.074849
0 0 0.778354 0.081576 0.047247 0.014465 0.078357
0 0 0.778354 0.081576 0.047247 0.014465 0.078357
0 0 0.771811 0.088583 0.049006 0.015613 0.074986
0 0 0.672002 0.185046 0.065825 0.030762 0.046365
0 0 0.777429 0.082581 0.047506 0.014631 0.077854
0 0 0.778354 0.081576 0.047247 0.014465 0.078357
0 0 0.699389 0.159429 0.062386 0.026840 0.051956
0 0 0.724736 0.135391 0.058578 0.023099 0.058197
0 0 0.778354 0.081576 0.047247 0.014465 0.078357
0 0 0.640467 0.214322 0.069097 0.035168 0.040945
0 0 0.567643 0.281770 0.074451 0.045032 0.031103
0 1 0.519071 0.326977 0.076609 0.051432 0.025911
1 1 0.401432 0.415026 0.115025 0.032570 0.035947
1 1 0.165418 0.614599 0.173587 0.015455 0.030940
1 1 0.361532 0.455921 0.117228 0.033924 0.031395
0 0 0.699744 0.159094 0.062338 0.026789 0.052035
0 0 0.693609 0.164858 0.063165 0.027677 0.050691
0 0 0.742778 0.117931 0.055388 0.020340 0.063564
0 0 0.723578 0.136499 0.058767 0.023272 0.057883
0 0 0.767815 0.092767 0.050009 0.016294 0.073115
0 0 0.778354 0.081576 0.047247 0.014465 0.078357
0 0 0.778354 0.081576 0.047247 0.014465 0.078357
0 0 0.778354 0.081576 0.047247 0.014465 0.078357
0 0 0.778354 0.081576 0.047247 0.014465 0.078357
0 0 0.778354 0.081576 0.047247 0.014465 0.078357
0 0 0.778354 0.081576 0.047247 0.014465 0.078357
0 0 0.778354 0.081576 0.047247 0.014465 0.078357
0 0 0.778354 0.081576 0.047247 0.014465 0.078357
0 0 0.778354 0.081576 0.047247 0.014465 0.078357
0 0 0.778354 0.081576 0.047247 0.014465 0.078357
0 0 0.615777 0.237181 0.071228 0.038554 0.037260
0 1 0.444157 0.386867 0.097717 0.040799 0.030460
0 1 0.646255 0.208959 0.068546 0.034366 0.041874
0 0 0.747376 0.113410 0.054495 0.019619 0.065100
0 0 0.767147 0.093460 0.050171 0.016407 0.072814
0 0 0.775090 0.081923 0.050403 0.015231 0.077352
0 0 0.778354 0.081576 0.047247 0.014465 0.078357
0 0 0.778354 0.081576 0.047247 0.014465 0.078357
0 0 0.778354 0.081576 0.047247 0.014465 0.078357
0 0 0.778354 0.081576 0.047247 0.014465 0.078357
0 0 0.778354 0.081576 0.047247 0.014465 0.078357
0 0 0.747403 0.113383 0.054490 0.019615 0.065109
0 0 0.778354 0.081576 0.047247 0.014465 0.078357
0 0 0.747909 0.112884 0.054389 0.019535 0.065283
0 0 0.776149 0.083962 0.047858 0.014857 0.077174
0 0 0.701075 0.157842 0.062154 0.026595 0.052334
0 0 0.766666 0.093959 0.050288 0.016488 0.072599
0 0 0.628524 0.225383 0.070172 0.036812 0.039110
0 0 0.681888 0.175827 0.064655 0.029358 0.048272
0 0 0.676788 0.180586 0.065268 0.030084 0.047274
1 1 0.094812 0.643022 0.210020 0.007147 0.045000
1 1 0.036710 0.584478 0.215171 0.001897 0.161743
1 0 0.135393 0.613727 0.181161 0.010650 0.059070
1 1 0.014415 0.589592 0.234761 0.000709 0.160524
1 1 0.010938 0.557899 0.253820 0.000448 0.176895
1 1 0.005281 0.545110 0.257633 0.000209 0.191768
1 1 0.008719 0.581659 0.243297 0.000409 0.165916
1 1 0.013383 0.520474 0.243431 0.000494 0.222218
2 1 0.002514 0.357487 0.515361 0.000078 0.124560
1 1 0.009115 0.532378 0.299408 0.000448 0.158651
1 1 0.043481 0.461571 0.426968 0.003485 0.064495
1 1 0.017428 0.460647 0.402951 0.000564 0.118410
1 1 0.024475 0.576268 0.306232 0.000917 0.092109
2 1 0.009055 0.369426 0.546270 0.000513 0.074737
1 0 0.205355 0.574233 0.167876 0.017489 0.035047
1 1 0.030982 0.669558 0.250403 0.002085 0.046972
1 1 0.028150 0.572784 0.292546 0.001140 0.105380
1 1 0.054534 0.547255 0.289575 0.001900 0.106737
1 1 0.200728 0.470546 0.236418 0.007080 0.085228
0 0 0.421980 0.418531 0.077985 0.063866 0.017638
0 0 0.461258 0.364210 0.102623 0.035166 0.036743
1 1 0.126790 0.597097 0.177719 0.009069 0.089324
0 0 0.538355 0.252176 0.119341 0.021667 0.068461
0 0 0.472525 0.284021 0.138698 0.014535 0.090221
0 0 0.456700 0.316346 0.135496 0.017623 0.073835
0 0 0.451303 0.345953 0.123984 0.023413 0.055348
1 1 0.066789 0.620574 0.182020 0.005068 0.125549
1 1 0.036205 0.597911 0.222192 0.001947 0.141745
1 1 0.034877 0.582676 0.287655 0.003188 0.091604
1 1 0.031858 0.594749 0.274897 0.003807 0.094689
1 1 0.055265 0.564304 0.252193 0.003501 0.124737
1 0 0.189607 0.485665 0.223799 0.007371 0.093558
1 1 0.016498 0.533948 0.322934 0.000616 0.126005
1 1 0.022240 0.584029 0.277685 0.000947 0.115099
1 0 0.227217 0.446995 0.210566 0.008142 0.107080
0 0 0.434978 0.393238 0.101279 0.038936 0.031569
1 1 0.017437 0.611383 0.256716 0.000860 0.113604
1 1 0.035964 0.595579 0.238239 0.001808 0.128410
1 1 0.045495 0.601196 0.223203 0.002431 0.127676
0 0 0.460164 0.379316 0.085496 0.050255 0.024769
1 1 0.032943 0.633004 0.243903 0.001858 0.088292
0 1 0.431463 0.409500 0.078017 0.062672 0.018348
1 1 0.067096 0.648616 0.209258 0.004788 0.070243
1 1 0.111135 0.587306 0.206682 0.006508 0.088369
0 1 0.441623 0.399849 0.078011 0.061388 0.019129
1 0 0.327611 0.496114 0.113005 0.038169 0.025101
1 0 0.353898 0.448644 0.131193 0.027104 0.039161
0 0 0.455976 0.386253 0.077934 0.059565 0.020272
1 1 0.046380 0.652962 0.242402 0.002978 0.055279
1 1 0.021297 0.656214 0.245055 0.001322 0.076113
2 1 0.001721 0.180007 0.772827 0.000685 0.044761
2 2 0.002329 0.205711 0.750834 0.000318 0.040807
2 2 0.001833 0.307156 0.625625 0.000154 0.065231
2 2 0.000374 0.043099 0.932579 0.000101 0.023846
2 2 0.001148 0.032521 0.939480 0.001471 0.025380
2 2 0.000207 0.011747 0.983618 0.000292 0.004136
2 2 0.000405 0.044522 0.931853 0.000082 0.023138
2 2 0.001125 0.235258 0.671161 0.000086 0.092370
2 2 0.001193 0.127073 0.800679 0.000103 0.070951
2 2 0.002154 0.315268 0.580076 0.000090 0.102411
4 4 0.023327 0.132472 0.040340 0.000791 0.803070
4 4 0.024017 0.148329 0.056529 0.000641 0.770485
4 4 0.015982 0.177801 0.046337 0.000723 0.759157
4 4 0.024808 0.180912 0.042997 0.001240 0.750043
4 4 0.031846 0.109450 0.031262 0.001093 0.826349
4 4 0.030138 0.049005 0.007621 0.001758 0.911480
4 4 0.024581 0.153895 0.028979 0.001553 0.790991
4 4 0.015357 0.128641 0.042329 0.000478 0.813196
4 4 0.051105 0.051203 0.007779 0.003043 0.886871
4 4 0.057556 0.103773 0.026728 0.002163 0.809779
4 4 0.016715 0.277382 0.149966 0.000367 0.555571
4 4 0.021249 0.244669 0.123515 0.000478 0.610090
4 4 0.193185 0.275262 0.103492 0.006237 0.421825
1 1 0.134633 0.404151 0.070805 0.012560 0.377851
1 1 0.030431 0.433952 0.112277 0.001879 0.421461
1 4 0.013921 0.423359 0.166311 0.000539 0.395871
4 4 0.006284 0.381413 0.204110 0.000168 0.408025
4 4 0.015596 0.389284 0.128491 0.000705 0.465924
4 4 0.007953 0.398992 0.119017 0.000420 0.473618
4 4 0.031309 0.201202 0.099313 0.000667 0.667509
1 4 0.022041 0.437119 0.135114 0.001123 0.404603
4 4 0.012647 0.273738 0.225053 0.000173 0.488390
4 4 0.009643 0.295326 0.144668 0.000249 0.550113
4 4 0.008988 0.278262 0.161009 0.000187 0.551554
1 4 0.023075 0.449860 0.148212 0.001108 0.377746
1 4 0.013288 0.490522 0.167374 0.000658 0.328158
4 4 0.009229 0.366595 0.207215 0.000223 0.416739
1 1 0.164126 0.471662 0.190219 0.006693 0.167301
2 1 0.003290 0.344838 0.346003 0.000078 0.305791
1 1 0.008275 0.414558 0.205686 0.000249 0.371232
4 1 0.016015 0.255101 0.074142 0.000713 0.654028
4 1 0.025062 0.296979 0.061684 0.001729 0.614546
4 1 0.022603 0.387107 0.087933 0.001559 0.500798
4 1 0.058953 0.210510 0.039255 0.004018 0.687264
4 1 0.018738 0.362982 0.077452 0.001365 0.539464
4 4 0.041991 0.104375 0.023887 0.001843 0.827904
1 4 0.031114 0.505338 0.108374 0.002593 0.352582
1 4 0.042560 0.476087 0.087159 0.004098 0.390096
4 4 0.015395 0.218132 0.067243 0.000607 0.698623
4 4 0.064515 0.181463 0.060926 0.002062 0.691035
4 4 0.058263 0.153817 0.037413 0.002621 0.747886
4 4 0.088773 0.121897 0.023959 0.004787 0.760585
4 4 0.028473 0.161078 0.035985 0.001474 0.772990
4 4 0.040279 0.214525 0.052240 0.002025 0.690931
4 4 0.031302 0.231995 0.040293 0.002446 0.693964
4 4 0.035732 0.195795 0.037273 0.002360 0.728840
4 4 0.034629 0.155634 0.036948 0.001637 0.771152
4 4 0.161217 0.141157 0.031638 0.007686 0.658302
4 4 0.054427 0.207669 0.038243 0.003759 0.695902
0 4 0.455176 0.074592 0.016546 0.019511 0.434174
4 4 0.030166 0.171485 0.028370 0.002283 0.767695
4 4 0.033491 0.126950 0.040745 0.001039 0.797775
4 4 0.018211 0.230208 0.038361 0.001523 0.711697
4 4 0.036376 0.145188 0.042664 0.001300 0.774471
4 4 0.027516 0.097819 0.021007 0.001302 0.852356
4 4 0.057621 0.129172 0.025955 0.003109 0.784144
4 4 0.021099 0.098468 0.020607 0.001043 0.858783
4 4 0.016980 0.104887 0.022698 0.001449 0.853987
4 4 0.017924 0.306023 0.066792 0.001193 0.608068
4 4 0.015396 0.205724 0.051337 0.000769 0.726774
4 4 0.007786 0.051655 0.009840 0.000380 0.930340
4 4 0.018315 0.142008 0.024998 0.001242 0.813437
4 4 0.011834 0.078571 0.019459 0.000460 0.889676
4 4 0.006675 0.068660 0.011382 0.000418 0.912865
4 4 0.028618 0.046829 0.007085 0.001710 0.915758
4 4 0.036850 0.109554 0.017130 0.002614 0.833851
4 4 0.010619 0.077605 0.017299 0.000469 0.894007
4 4 0.039612 0.060847 0.010781 0.002062 0.886698
4 4 0.019082 0.057740 0.010688 0.000956 0.911534
4 4 0.014985 0.120102 0.028582 0.000678 0.835653
4 4 0.006674 0.334928 0.104545 0.000313 0.553541
4 4 0.020114 0.322666 0.156846 0.000528 0.499845
4 4 0.015883 0.312574 0.148849 0.000425 0.522269
1 4 0.009054 0.531167 0.163323 0.000539 0.295918
1 4 0.226226 0.394129 0.128293 0.010524 0.240828
4 4 0.017114 0.373524 0.149371 0.000605 0.459385
1 4 0.008824 0.401638 0.197317 0.000263 0.391959
1 4 0.014373 0.526686 0.131896 0.001053 0.325992
1 4 0.008671 0.462083 0.167092 0.000394 0.361760
4 1 0.179396 0.275591 0.154731 0.003627 0.386654
2 1 0.005448 0.256080 0.441213 0.000154 0.297105
2 1 0.002077 0.321394 0.400341 0.000049 0.276138
1 1 0.003688 0.498548 0.284484 0.000113 0.213167
1 1 0.005922 0.477238 0.302976 0.000233 0.213631
1 1 0.009134 0.488789 0.259625 0.000316 0.242137
1 1 0.003832 0.419690 0.377598 0.000185 0.198695
1 1 0.003109 0.578141 0.257479 0.000142 0.161129
1 2 0.009482 0.399419 0.298463 0.000264 0.292372
1 2 0.011325 0.602420 0.191284 0.000718 0.194253
2 2 0.002105 0.146163 0.732935 0.000092 0.118704
2 2 0.001388 0.166323 0.772218 0.000043 0.060028
2 2 0.001546 0.108323 0.844394 0.000116 0.045620
2 2 0.003216 0.240400 0.651740 0.000096 0.104548
2 2 0.001269 0.055055 0.915842 0.000225 0.027609
2 2 0.002898 0.163594 0.795540 0.000120 0.037848
2 2 0.001146 0.099585 0.852824 0.000043 0.046401
2 2 0.000413 0.036404 0.954084 0.000033 0.009066
2 2 0.001607 0.065077 0.904479 0.000169 0.028669
2 2 0.000108 0.018413 0.976666 0.000026 0.004787
2 2 0.001120 0.085261 0.886738 0.000326 0.026554
2 2 0.000490 0.006587 0.983466 0.006122 0.003335
2 2 0.001998 0.021325 0.963422 0.003112 0.010142
2 2 0.002688 0.031622 0.947589 0.002211 0.015889
2 2 0.003553 0.089540 0.866796 0.001297 0.038813
2 2 0.001445 0.019582 0.963908 0.003587 0.011478
2 2 0.000596 0.007074 0.982702 0.006183 0.003445
2 2 0.001581 0.023168 0.962044 0.005518 0.007689
2 2 0.001181 0.012484 0.975843 0.004560 0.005932
2 2 0.010926 0.021796 0.938764 0.018936 0.009578
0 0 0.696808 0.154304 0.068704 0.028329 0.051856
0 0 0.778354 0.081576 0.047247 0.014465 0.078357
0 0 0.778354 0.081576 0.047247 0.014465 0.078357
0 0 0.778354 0.081576 0.047247 0.014465 0.078357
0 0 0.673194 0.183935 0.065688 0.030593 0.046589
0 0 0.771579 0.088828 0.049066 0.015653 0.074874
0 0 0.776402 0.083690 0.047789 0.014813 0.077306
0 0 0.618855 0.234333 0.070981 0.038135 0.037697
0 1 0.478144 0.350537 0.098667 0.036154 0.036498
1 1 0.194681 0.524760 0.210138 0.009958 0.060464
1 1 0.103176 0.563255 0.259301 0.004532 0.069737
2 1 0.001859 0.301154 0.591748 0.000050 0.105188
2 1 0.001031 0.332612 0.534891 0.000029 0.131437
2 2 0.000896 0.120242 0.853881 0.000059 0.024921
2 2 0.001527 0.288808 0.622336 0.000053 0.087276
2 2 0.000734 0.101282 0.816457 0.000061 0.081466
2 2 0.000869 0.107044 0.821971 0.000047 0.070069
2 2 0.001370 0.109746 0.830703 0.000054 0.058128
2 2 0.000396 0.057952 0.921476 0.000207 0.019969
2 2 0.000365 0.036117 0.951992 0.000045 0.011480
2 2 0.002805 0.198193 0.731388 0.000079 0.067534
2 2 0.000136 0.011500 0.984199 0.000174 0.003991
2 2 0.000144 0.014442 0.981172 0.000112 0.004130
2 2 0.000058 0.006971 0.990802 0.000107 0.002063
2 2 0.000028 0.002569 0.996144 0.000397 0.000862
2 2 0.000014 0.004175 0.994705 0.000034 0.001072
2 2 0.000006 0.000895 0.998352 0.000442 0.000306
2 2 0.000064 0.006608 0.990837 0.000198 0.002294
2 2 0.000025 0.002906 0.995952 0.000221 0.000897
2 2 0.000019 0.001215 0.997172 0.001163 0.000432
2 2 0.000003 0.000863 0.998777 0.000111 0.000246
2 2 0.000007 0.000841 0.997696 0.001098 0.000359
2 2 0.000015 0.000843 0.994812 0.004083 0.000247
2 2 0.000026 0.001758 0.994554 0.003360 0.000302
2 2 0.000019 0.002641 0.995367 0.000604 0.001369
2 2 0.000002 0.000179 0.996569 0.003186 0.000064
2 2 0.000004 0.000401 0.998163 0.001289 0.000144
2 2 0.000016 0.000828 0.996094 0.002720 0.000342
2 2 0.000012 0.000699 0.996439 0.002571 0.000278
2 2 0.000006 0.000490 0.997398 0.001918 0.000188
2 2 0.000008 0.000400 0.996163 0.003285 0.000145
2 2 0.000897 0.006564 0.939589 0.049297 0.003653
2 2 0.005504 0.068801 0.774494 0.129460 0.021741
2 2 0.004240 0.023033 0.830943 0.133042 0.008742
2 2 0.003637 0.036633 0.735191 0.215375 0.009164
2 2 0.006357 0.044484 0.846015 0.094789 0.008354
2 2 0.002710 0.019304 0.871889 0.100322 0.005775
2 2 0.011309 0.074770 0.654604 0.224448 0.034868
2 2 0.002310 0.041539 0.863902 0.082840 0.009409
2 2 0.007457 0.041227 0.764968 0.179337 0.007012
2 2 0.010594 0.067977 0.645254 0.266025 0.010151
2 2 0.008611 0.053837 0.566591 0.356926 0.014036
3 3 0.008747 0.083882 0.404541 0.475247 0.027582
2 3 0.010387 0.073085 0.453461 0.447268 0.015799
2 3 0.010063 0.053601 0.579359 0.342951 0.014027
2 3 0.003580 0.030669 0.729800 0.225440 0.010512
3 3 0.005598 0.051370 0.423129 0.505929 0.013974
2 3 0.009453 0.088561 0.486057 0.390202 0.025727
3 3 0.012184 0.112945 0.268341 0.581987 0.024543
3 3 0.013103 0.086140 0.365724 0.515550 0.019482
2 3 0.008721 0.081979 0.571186 0.319752 0.018362
3 3 0.009584 0.078283 0.273956 0.607248 0.030928
2 3 0.014801 0.147255 0.399750 0.398437 0.039757
3 3 0.010890 0.100871 0.362844 0.471803 0.053592
3 3 0.007708 0.096262 0.276169 0.564414 0.055447
3 3 0.008610 0.075828 0.213155 0.666637 0.035771
3 3 0.009972 0.089986 0.228732 0.624627 0.046682
3 3 0.013571 0.096786 0.288706 0.546919 0.054018
3 3 0.012036 0.121902 0.335692 0.476746 0.053625
3 3 0.007809 0.104500 0.178834 0.652390 0.056467
3 3 0.012407 0.098531 0.360482 0.497865 0.030714
3 3 0.001735 0.016469 0.136198 0.838241 0.007358
3 3 0.008023 0.084676 0.259465 0.621177 0.026659
3 3 0.004639 0.038662 0.144944 0.788757 0.022997
3 3 0.006995 0.065328 0.125818 0.760813 0.041046
3 3 0.002209 0.016938 0.101280 0.871288 0.008285
3 3 0.003930 0.025954 0.060543 0.892663 0.016910
3 3 0.003857 0.052318 0.156120 0.761371 0.026333
3 3 0.003582 0.029658 0.153327 0.793899 0.019532
3 3 0.003952 0.033288 0.104519 0.840261 0.017980
3 3 0.002044 0.014004 0.045895 0.925821 0.012236
3 3 0.002584 0.027712 0.118630 0.830041 0.021032
3 3 0.001982 0.022931 0.186328 0.775623 0.013135
3 3 0.003329 0.026254 0.129480 0.824692 0.016246
3 3 0.002318 0.021297 0.043067 0.918912 0.014407
3 3 0.002063 0.014664 0.032165 0.936594 0.014515
3 3 0.001037 0.009456 0.103830 0.879840 0.005838
3 3 0.002031 0.018469 0.040506 0.923793 0.015201
3 3 0.002475 0.026360 0.058574 0.898567 0.014024
3 3 0.002039 0.019826 0.039408 0.919068 0.019659
3 3 0.002935 0.024211 0.068261 0.890227 0.014365
3 3 0.001909 0.020832 0.092973 0.875816 0.008470
3 3 0.004282 0.035107 0.156098 0.783118 0.021394
3 3 0.001864 0.018347 0.096184 0.874448 0.009157
3 3 0.005678 0.064647 0.148764 0.751277 0.029634
3 3 0.004130 0.039929 0.109402 0.825113 0.021426
3 3 0.002447 0.025234 0.248031 0.714859 0.009430
3 3 0.007518 0.072359 0.231104 0.664386 0.024633
3 2 0.008516 0.071226 0.386339 0.524808 0.009111
2 2 0.005633 0.121294 0.644819 0.201947 0.026307
2 2 0.005719 0.056126 0.734416 0.197706 0.006033
2 2 0.002869 0.068485 0.811825 0.102544 0.014278
2 2 0.008880 0.137579 0.687979 0.139329 0.026232
2 2 0.009944 0.162145 0.700325 0.092220 0.035365
2 2 0.007350 0.062787 0.798610 0.118169 0.013084
2 2 0.013463 0.060322 0.847144 0.071821 0.007250
2 2 0.008790 0.117221 0.734811 0.120651 0.018527
2 2 0.011172 0.132137 0.609967 0.218922 0.027802
2 2 0.011513 0.161689 0.696703 0.095742 0.034353
2 2 0.011995 0.119334 0.807451 0.044537 0.016683
2 2 0.013611 0.084719 0.834092 0.052936 0.014643
2 2 0.007732 0.062750 0.869487 0.042053 0.017977
2 2 0.011007 0.123441 0.793413 0.046922 0.025217
2 2 0.007014 0.024144 0.928824 0.028885 0.011134
2 2 0.022946 0.198533 0.608403 0.146851 0.023268
2 2 0.010033 0.073610 0.855125 0.047826 0.013405
2 2 0.009738 0.094215 0.812441 0.067459 0.016148
2 2 0.009425 0.103781 0.823271 0.033358 0.030165
2 2 0.008923 0.064984 0.850894 0.053244 0.021955
2 2 0.008044 0.058233 0.866258 0.054357 0.013107
2 2 0.007538 0.054106 0.879989 0.046536 0.011832
2 2 0.005568 0.048575 0.920562 0.013459 0.011836
2 2 0.004738 0.082773 0.850197 0.047393 0.014898
2 2 0.013051 0.068846 0.877015 0.028164 0.012924
2 2 0.001019 0.006738 0.958193 0.031737 0.002313
2 2 0.007895 0.033659 0.924617 0.024683 0.009145
2 2 0.009576 0.120101 0.842306 0.018150 0.009867
2 2 0.001700 0.017491 0.947010 0.030194 0.003605
2 2 0.006090 0.069757 0.898831 0.017709 0.007613
2 2 0.045064 0.220375 0.693842 0.025179 0.015540
2 2 0.006051 0.164809 0.781127 0.006055 0.041958
2 2 0.005339 0.125865 0.791802 0.001466 0.075528
2 2 0.017935 0.302635 0.439105 0.001372 0.238954
1 4 0.009237 0.545061 0.232841 0.000526 0.212336
1 4 0.007275 0.458630 0.311751 0.000439 0.221906
1 4 0.014105 0.533693 0.226417 0.000817 0.224968
1 4 0.009454 0.414058 0.265962 0.000517 0.310009
1 4 0.008229 0.575809 0.178314 0.000519 0.237128
4 4 0.006431 0.379876 0.222493 0.000669 0.390531
1 4 0.008304 0.411687 0.264838 0.000298 0.314872
1 4 0.010286 0.563671 0.177673 0.000620 0.247750
2 4 0.008057 0.264230 0.525183 0.000268 0.202262
1 1 0.038360 0.715133 0.172050 0.004108 0.070349
1 1 0.019201 0.642370 0.228743 0.001177 0.108509
1 1 0.007604 0.496014 0.307155 0.000267 0.188959
2 2 0.004347 0.171639 0.725502 0.000741 0.097772
2 2 0.012767 0.368932 0.505927 0.000989 0.111385
1 4 0.014690 0.389003 0.277861 0.000390 0.318055
1 4 0.009676 0.522630 0.280191 0.000318 0.187186
1 4 0.006064 0.488945 0.286518 0.000174 0.218299
1 4 0.008443 0.467743 0.335064 0.000249 0.188501
4 4 0.024083 0.411439 0.121798 0.001248 0.441433
1 4 0.032275 0.445152 0.102652 0.002306 0.417615
4 4 0.220564 0.258240 0.063022 0.011671 0.446502
4 4 0.049367 0.202844 0.038538 0.003269 0.705981
4 4 0.065327 0.118403 0.023340 0.003508 0.789422
4 4 0.099115 0.380144 0.065634 0.009102 0.446005
4 4 0.031674 0.330213 0.061510 0.002568 0.574035
4 4 0.123984 0.345787 0.095332 0.006277 0.428620
4 4 0.044888 0.416526 0.081109 0.003759 0.453719
4 4 0.052368 0.306411 0.100209 0.002078 0.538934
1 4 0.018498 0.515690 0.204799 0.000794 0.260219
4 4 0.013880 0.331876 0.188198 0.000314 0.465732
4 4 0.017602 0.297752 0.105046 0.000655 0.578945
1 4 0.014015 0.511745 0.163424 0.000767 0.310050
1 4 0.056396 0.499135 0.253809 0.001801 0.188860
1 1 0.020997 0.505079 0.218229 0.000808 0.254886
1 2 0.007601 0.472007 0.233627 0.000250 0.286516
1 2 0.011856 0.582746 0.198009 0.000677 0.206712
2 2 0.004200 0.301616 0.469039 0.000160 0.224984
1 2 0.012765 0.441977 0.256012 0.000571 0.288674
2 2 0.003633 0.043197 0.918983 0.003183 0.031003
2 2 0.009785 0.094088 0.850247 0.002919 0.042961
2 2 0.002751 0.089612 0.834291 0.002651 0.070694
2 2 0.007777 0.072153 0.874826 0.010058 0.035185
2 2 0.004202 0.088576 0.891448 0.003731 0.012043
2 2 0.004196 0.097300 0.832198 0.003579 0.062727
2 2 0.006169 0.059072 0.900305 0.010423 0.024032
2 2 0.002359 0.053959 0.903764 0.001118 0.038801
2 2 0.003015 0.042698 0.933961 0.007331 0.012995
2 2 0.002078 0.053439 0.905225 0.002725 0.036532
2 2 0.000210 0.015979 0.978938 0.000109 0.004763
2 2 0.000032 0.005947 0.992193 0.000069 0.001760
2 2 0.000077 0.005713 0.992588 0.000156 0.001465
2 2 0.000706 0.034554 0.956249 0.000066 0.008425
2 2 0.000146 0.012001 0.983513 0.000176 0.004165
2 2 0.000032 0.003194 0.995969 0.000107 0.000697
2 2 0.000158 0.006965 0.990362 0.000394 0.002121
2 2 0.000338 0.020556 0.972417 0.000142 0.006546
2 2 0.000033 0.003931 0.994950 0.000104 0.000983
2 2 0.000056 0.003826 0.994564 0.000363 0.001191
2 2 0.000092 0.004882 0.991949 0.000961 0.002116
2 2 0.000036 0.002846 0.995454 0.000593 0.001070
2 2 0.000098 0.002817 0.991045 0.005009 0.001031
2 2 0.000333 0.023786 0.969072 0.000555 0.006254
2 2 0.000015 0.001304 0.997536 0.000700 0.000444
2 2 0.000123 0.006195 0.990292 0.000795 0.002596
2 2 0.000063 0.002975 0.994611 0.001187 0.001164
2 2 0.000041 0.003483 0.994820 0.000416 0.001240
2 2 0.000031 0.002031 0.996247 0.000931 0.000760
2 2 0.000009 0.000555 0.997509 0.001742 0.000184
2 2 0.000299 0.005753 0.988140 0.003492 0.002316
2 2 0.000076 0.002263 0.992437 0.004139 0.001085
2 2 0.000056 0.001449 0.981139 0.016375 0.000981
2 2 0.000143 0.004038 0.991365 0.002621 0.001833
2 2 0.000035 0.001531 0.993555 0.004080 0.000799
2 2 0.000080 0.001520 0.987279 0.010357 0.000765
2 2 0.000210 0.006443 0.983049 0.006824 0.003474
2 2 0.000924 0.008983 0.974086 0.012756 0.003251
2 2 0.003896 0.034803 0.944620 0.003745 0.012936
2 2 0.002671 0.034167 0.941407 0.016714 0.005040
2 2 0.002242 0.064292 0.895593 0.016856 0.021017
2 2 0.000624 0.007021 0.984120 0.006195 0.002039
2 2 0.000407 0.012063 0.976984 0.003215 0.007331
2 2 0.002012 0.035067 0.951956 0.007219 0.003747
2 2 0.000163 0.005589 0.980191 0.010938 0.003118
2 2 0.000175 0.004022 0.990478 0.003478 0.001847
2 2 0.000663 0.014064 0.979020 0.003855 0.002398
2 2 0.000244 0.005300 0.988193 0.003661 0.002602
2 2 0.000097 0.002679 0.991970 0.003978 0.001275
2 2 0.000166 0.004270 0.990020 0.004012 0.001532
2 2 0.000016 0.001204 0.996011 0.002217 0.000552
2 2 0.000037 0.000920 0.992965 0.005714 0.000364
2 2 0.000004 0.000209 0.995253 0.004460 0.000073
2 2 0.000042 0.001980 0.994696 0.002801 0.000481
2 2 0.000006 0.000476 0.995670 0.003621 0.000227
2 2 0.000004 0.000323 0.997388 0.002174 0.000111
2 2 0.000014 0.000770 0.994974 0.003879 0.000363
2 2 0.000004 0.000173 0.990729 0.009023 0.000072
2 2 0.000030 0.001921 0.995179 0.002315 0.000555
2 2 0.000019 0.001430 0.992860 0.005425 0.000267
2 2 0.000006 0.000302 0.993508 0.006069 0.000114
2 2 0.000042 0.001886 0.989237 0.008425 0.000409
2 2 0.000725 0.014136 0.974383 0.008022 0.002733
2 2 0.000022 0.001276 0.988981 0.009506 0.000216
2 2 0.000125 0.004504 0.985723 0.008941 0.000707
2 2 0.000005 0.000346 0.995633 0.003861 0.000155
2 2 0.000030 0.000923 0.994819 0.003884 0.000344
2 2 0.000095 0.003617 0.988366 0.007218 0.000704
2 2 0.000025 0.001181 0.993479 0.004935 0.000380
2 2 0.000065 0.003278 0.987127 0.009187 0.000343
2 2 0.000227 0.004421 0.939470 0.053751 0.002131
2 2 0.000024 0.000419 0.977895 0.021467 0.000196
2 2 0.000133 0.002447 0.978913 0.016728 0.001779
2 2 0.000548 0.011290 0.962743 0.023952 0.001467
2 2 0.000225 0.002574 0.949090 0.047700 0.000411
2 2 0.000821 0.008277 0.946270 0.043351 0.001281
2 2 0.000352 0.007719 0.952710 0.038338 0.000882
2 2 0.000269 0.004300 0.961449 0.033247 0.000735
2 2 0.001238 0.012517 0.954333 0.029529 0.002382
2 2 0.000554 0.006369 0.955275 0.036629 0.001173
2 2 0.002801 0.034124 0.874268 0.083003 0.005805
2 2 0.000026 0.000641 0.927603 0.071558 0.000171
2 2 0.001464 0.017172 0.791006 0.187263 0.003094
2 2 0.000331 0.003458 0.904946 0.090617 0.000648
2 2 0.002554 0.034054 0.868085 0.090104 0.005202
2 2 0.001243 0.013866 0.917716 0.063298 0.003877
2 2 0.006783 0.083307 0.746016 0.149606 0.014288
2 2 0.001099 0.015971 0.917396 0.063783 0.001750
2 2 0.001214 0.016770 0.872922 0.101583 0.007511
2 2 0.000683 0.015701 0.899873 0.082204 0.001538
2 2 0.001278 0.016495 0.929246 0.050920 0.002061
2 2 0.001723 0.026973 0.942276 0.026980 0.002049
2 2 0.000705 0.013555 0.949904 0.032199 0.003637
2 2 0.003058 0.023113 0.931427 0.038504 0.003897
2 2 0.002280 0.035342 0.839761 0.118728 0.003889
2 2 0.002808 0.033185 0.934140 0.024536 0.005330
2 2 0.001658 0.013034 0.954688 0.025745 0.004874
2 2 0.000543 0.009004 0.962550 0.025833 0.002070
2 2 0.000388 0.003893 0.960487 0.034238 0.000995
1 0 0.172880 0.415654 0.353151 0.035863 0.022452
1 0 0.107123 0.637112 0.212286 0.008203 0.035277
1 1 0.033505 0.516348 0.396511 0.002765 0.050871
0 0 0.615293 0.237629 0.071266 0.038620 0.037191
1 0 0.045463 0.597655 0.281710 0.003154 0.072018
1 0 0.225729 0.468032 0.230134 0.011398 0.064707
0 0 0.669265 0.187594 0.066137 0.031148 0.045857
1 1 0.060486 0.607500 0.254633 0.003106 0.074274
1 1 0.021006 0.567843 0.330916 0.001286 0.078949
1 1 0.018821 0.489792 0.436317 0.001671 0.053399
2 1 0.029717 0.386987 0.530032 0.001976 0.051289
1 1 0.057131 0.440366 0.319007 0.001157 0.182340
2 1 0.003402 0.370971 0.384427 0.000100 0.241101
1 2 0.008723 0.468392 0.369840 0.000399 0.152646
2 2 0.004376 0.381760 0.479855 0.000166 0.133843
2 2 0.002905 0.337807 0.399629 0.000069 0.259589
2 2 0.003122 0.304333 0.426981 0.000073 0.265491
1 2 0.004608 0.387198 0.360248 0.000096 0.247850
2 2 0.007908 0.280866 0.410590 0.000199 0.300437
2 4 0.001383 0.292377 0.440472 0.000027 0.265741
2 4 0.003023 0.372239 0.378678 0.000075 0.245984
4 4 0.043229 0.273517 0.190399 0.000683 0.492173
4 4 0.019342 0.296457 0.092093 0.000833 0.591275
0 4 0.386425 0.263591 0.143274 0.008861 0.197849
0 1 0.589760 0.254289 0.065418 0.043377 0.047157
1 4 0.028992 0.407263 0.204826 0.000812 0.358107
4 4 0.049309 0.387426 0.163822 0.001612 0.397831
4 4 0.105625 0.289102 0.095379 0.004012 0.505882
0 1 0.726856 0.133358 0.058226 0.022779 0.058781
4 1 0.042731 0.332965 0.144085 0.001270 0.478948
4 1 0.103441 0.242461 0.134493 0.001992 0.517613
4 4 0.087688 0.227483 0.066669 0.003525 0.614635
1 4 0.044129 0.429873 0.137648 0.002098 0.386252
1 4 0.056529 0.422706 0.126173 0.002876 0.391717
4 4 0.130025 0.191773 0.046670 0.006158 0.625374
0 4 0.739781 0.120860 0.055951 0.020805 0.062604
0 0 0.708594 0.150747 0.061081 0.025496 0.054081
1 1 0.122308 0.401421 0.111559 0.006589 0.358123
1 1 0.079540 0.467569 0.127115 0.004757 0.321019
1 1 0.066740 0.457399 0.146814 0.003259 0.325787
1 1 0.062740 0.463320 0.124064 0.003798 0.346077
0 1 0.544633 0.247837 0.077875 0.026868 0.102786
0 0 0.778354 0.081576 0.047247 0.014465 0.078357
0 0 0.723832 0.136256 0.058726 0.023234 0.057952
0 0 0.778354 0.081576 0.047247 0.014465 0.078357
0 0 0.778354 0.081576 0.047247 0.014465 0.078357
1 0 0.384878 0.411855 0.086210 0.037624 0.079433
0 0 0.778354 0.081576 0.047247 0.014465 0.078357
0 0 0.656093 0.199834 0.067559 0.032997 0.043517
0 0 0.778354 0.081576 0.047247 0.014465 0.078357
0 0 0.778354 0.081576 0.047247 0.014465 0.078357
0 0 0.754099 0.106732 0.053121 0.018550 0.067499
0 0 0.769392 0.091123 0.049619 0.016027 0.073839
0 0 0.751697 0.109128 0.053622 0.018934 0.066619
0 0 0.502674 0.291340 0.101114 0.024033 0.080838
0 0 0.778354 0.081576 0.047247 0.014465 0.078357
0 0 0.758207 0.102602 0.052235 0.017886 0.069069
0 0 0.763193 0.097534 0.051110 0.017067 0.071096
0 0 0.695026 0.163528 0.062977 0.027472 0.050997
0 0 0.778354 0.081576 0.047247 0.014465 0.078357
0 0 0.776922 0.083129 0.047646 0.014721 0.077582
0 0 0.778354 0.081576 0.047247 0.014465 0.078357
0 0 0.778354 0.081576 0.047247 0.014465 0.078357
0 0 0.778354 0.081576 0.047247 0.014465 0.078357
0 0 0.778354 0.081576 0.047247 0.014465 0.078357
0 0 0.778354 0.081576 0.047247 0.014465 0.078357
0 0 0.778354 0.081576 0.047247 0.014465 0.078357
0 0 0.754720 0.106110 0.052989 0.018450 0.067731
0 0 0.778354 0.081576 0.047247 0.014465 0.078357
0 0 0.778354 0.081576 0.047247 0.014465 0.078357
0 0 0.778354 0.081576 0.047247 0.014465 0.078357
0 0 0.778354 0.081576 0.047247 0.014465 0.078357
0 0 0.778354 0.081576 0.047247 0.014465 0.078357
0 0 0.778354 0.081576 0.047247 0.014465 0.078357
0 0 0.778354 0.081576 0.047247 0.014465 0.078357
0 0 0.778354 0.081576 0.047247 0.014465 0.078357
0 0 0.778354 0.081576 0.047247 0.014465 0.078357
0 0 0.778354 0.081576 0.047247 0.014465 0.078357
0 0 0.778354 0.081576 0.047247 0.014465 0.078357
0 0 0.778354 0.081576 0.047247 0.014465 0.078357
0 0 0.778354 0.081576 0.047247 0.014465 0.078357
0 0 0.778354 0.081576 0.047247 0.014465 0.078357
0 0 0.778354 0.081576 0.047247 0.014465 0.078357
0 0 0.778354 0.081576 0.047247 0.014465 0.078357
0 0 0.778354 0.081576 0.047247 0.014465 0.078357
0 0 0.766423 0.094210 0.050346 0.016529 0.072492
0 0 0.778354 0.081576 0.047247 0.014465 0.078357
0 0 0.739787 0.120853 0.055950 0.020804 0.062606
0 0 0.778354 0.081576 0.047247 0.014465 0.078357
0 0 0.778354 0.081576 0.047247 0.014465 0.078357
0 0 0.778354 0.081576 0.047247 0.014465 0.078357
0 0 0.778354 0.081576 0.047247 0.014465 0.078357
0 0 0.772946 0.087383 0.048713 0.015417 0.075541
0 0 0.759724 0.101068 0.051899 0.017638 0.069671
0 0 0.665736 0.190876 0.066530 0.031646 0.045213
0 0 0.675555 0.181736 0.065413 0.030259 0.047037
1 1 0.244990 0.446616 0.159887 0.011647 0.136860
