0 0 0.952591 0.020919 0.005233 0.000057 0.021200
0 0 0.987986 0.008217 0.001544 0.000000 0.002252
0 0 0.950447 0.026307 0.007699 0.000043 0.015504
0 0 0.935571 0.019730 0.026595 0.002980 0.015123
0 0 0.985896 0.006306 0.002424 0.000018 0.005356
0 0 0.976244 0.010380 0.004344 0.000053 0.008979
0 0 0.987279 0.005482 0.002122 0.000017 0.005099
0 0 0.987508 0.006010 0.002467 0.000012 0.004004
0 0 0.974029 0.014150 0.004305 0.000014 0.007502
0 0 0.993570 0.003348 0.001593 0.000003 0.001486
0 0 0.941513 0.016044 0.001327 0.000012 0.041104
0 0 0.809249 0.020604 0.002437 0.000051 0.167659
0 0 0.967489 0.011537 0.001540 0.000011 0.019423
0 0 0.920042 0.043112 0.003299 0.000004 0.033542
0 0 0.958163 0.014492 0.001771 0.000014 0.025561
0 0 0.978970 0.008985 0.001237 0.000004 0.010805
0 0 0.883291 0.069033 0.003268 0.000002 0.044406
0 0 0.963935 0.017313 0.001017 0.000001 0.017734
0 0 0.954203 0.023963 0.000997 0.000000 0.020838
0 0 0.953264 0.023359 0.001375 0.000001 0.022001
0 0 0.872780 0.090347 0.004066 0.000001 0.032806
0 0 0.744538 0.184374 0.021855 0.000021 0.049212
0 0 0.654621 0.253039 0.014539 0.000007 0.077794
0 0 0.727155 0.192260 0.022239 0.000028 0.058317
0 0 0.718455 0.165174 0.076522 0.000593 0.039256
0 0 0.557343 0.352504 0.026055 0.000009 0.064088
0 0 0.744024 0.170320 0.040264 0.000122 0.045270
0 0 0.874584 0.084715 0.007319 0.000005 0.033377
0 0 0.890324 0.067757 0.010428 0.000023 0.031468
0 0 0.673089 0.253513 0.008895 0.000001 0.064501
0 0 0.690354 0.250139 0.007652 0.000001 0.051854
0 0 0.787883 0.165375 0.002233 0.000000 0.044509
0 0 0.641189 0.311940 0.012471 0.000000 0.034399
0 0 0.594875 0.329557 0.019123 0.000004 0.056442
0 0 0.713240 0.240967 0.006049 0.000000 0.039744
0 0 0.696492 0.268237 0.007136 0.000000 0.028134
0 0 0.531442 0.400453 0.022622 0.000001 0.045482
0 0 0.780101 0.139504 0.033985 0.000144 0.046266
0 0 0.709625 0.213284 0.006355 0.000001 0.070735
0 0 0.766919 0.199460 0.003151 0.000000 0.030470
0 0 0.691584 0.267531 0.006568 0.000000 0.034316
0 0 0.660731 0.296399 0.008762 0.000000 0.034108
0 0 0.669431 0.295132 0.006608 0.000000 0.028829
0 0 0.521339 0.389117 0.023986 0.000002 0.065557
0 0 0.833247 0.122005 0.007126 0.000002 0.037620
0 0 0.563214 0.347367 0.024818 0.000009 0.064593
0 1 0.629726 0.329060 0.008883 0.000000 0.032331
1 1 0.317521 0.588584 0.045414 0.000000 0.048480
1 1 0.317683 0.565831 0.053160 0.000001 0.063326
1 2 0.301932 0.571856 0.044010 0.000000 0.082202
2 2 0.003380 0.227626 0.720068 0.000185 0.048741
2 2 0.004551 0.258359 0.678640 0.000154 0.058296
2 2 0.002128 0.200091 0.755360 0.000125 0.042295
2 2 0.002468 0.238979 0.692829 0.000046 0.065679
2 2 0.001432 0.161076 0.803123 0.000230 0.034139
2 2 0.000642 0.123092 0.834812 0.000226 0.041229
2 2 0.000994 0.137376 0.794348 0.000527 0.066755
2 2 0.000519 0.113445 0.845259 0.000231 0.040546
2 2 0.000898 0.081889 0.883984 0.000887 0.032342
2 2 0.001862 0.180427 0.755711 0.000300 0.061701
2 2 0.000232 0.009612 0.979019 0.005870 0.005266
2 2 0.006469 0.071786 0.890977 0.007997 0.022771
2 2 0.002772 0.168396 0.787968 0.001663 0.039201
2 2 0.001136 0.027514 0.951215 0.007590 0.012546
2 2 0.000695 0.019140 0.947924 0.012202 0.020039
2 2 0.000508 0.015204 0.963714 0.010767 0.009806
2 2 0.000491 0.017028 0.961418 0.007498 0.013566
2 2 0.000072 0.001705 0.952429 0.041246 0.004549
2 2 0.000113 0.002565 0.967075 0.025742 0.004505
2 2 0.000109 0.003140 0.964982 0.025915 0.005854
2 2 0.003835 0.020022 0.690103 0.253238 0.032802
2 2 0.001278 0.003844 0.638456 0.349354 0.007067
2 2 0.000971 0.004306 0.613886 0.372154 0.008684
2 2 0.005454 0.025938 0.573853 0.330577 0.064177
2 2 0.002040 0.011472 0.747748 0.212725 0.026015
2 2 0.006284 0.023491 0.487690 0.426930 0.055605
2 3 0.003497 0.012244 0.533735 0.426326 0.024197
3 3 0.005226 0.014491 0.395233 0.540408 0.044641
3 3 0.003636 0.008607 0.324720 0.639709 0.023329
3 3 0.003793 0.012386 0.421998 0.527215 0.034609
3 3 0.010464 0.021612 0.336578 0.567566 0.063781
3 3 0.007873 0.023509 0.299813 0.593815 0.074990
3 3 0.011951 0.023340 0.301568 0.583016 0.080125
3 3 0.009311 0.020575 0.305008 0.603282 0.061824
3 3 0.002864 0.004345 0.163267 0.812920 0.016603
3 3 0.009225 0.020685 0.360234 0.543746 0.066109
3 3 0.003965 0.007329 0.215756 0.748384 0.024566
3 3 0.002540 0.002939 0.099963 0.885173 0.009386
3 3 0.002935 0.005175 0.156612 0.817356 0.017923
3 3 0.005119 0.008441 0.147952 0.801906 0.036582
3 3 0.006198 0.006249 0.108590 0.853223 0.025740
3 3 0.002314 0.002507 0.069154 0.916657 0.009367
3 3 0.003937 0.005186 0.118385 0.855113 0.017379
3 3 0.007616 0.009734 0.152061 0.795817 0.034772
3 3 0.005452 0.006487 0.134131 0.831361 0.022568
3 3 0.006055 0.007617 0.124226 0.835340 0.026763
3 3 0.005507 0.008880 0.150869 0.804481 0.030263
3 3 0.003361 0.003072 0.084618 0.896123 0.012826
3 3 0.002859 0.002548 0.074792 0.910716 0.009085
3 3 0.004080 0.003676 0.080083 0.897584 0.014576
3 3 0.005644 0.004104 0.073040 0.899365 0.017847
3 3 0.005046 0.006340 0.125226 0.841691 0.021697
3 3 0.002587 0.002255 0.052750 0.932258 0.010151
3 3 0.003074 0.003255 0.057729 0.914917 0.021024
3 3 0.007447 0.006006 0.084121 0.874008 0.028418
3 3 0.003916 0.002836 0.061928 0.919703 0.011618
3 3 0.002616 0.002273 0.053488 0.932271 0.009351
3 3 0.004062 0.003828 0.082989 0.894234 0.014886
3 3 0.002251 0.001954 0.048297 0.936694 0.010805
3 3 0.003947 0.003010 0.062298 0.917141 0.013604
3 3 0.005364 0.004461 0.075802 0.896704 0.017669
3 3 0.001456 0.001302 0.040258 0.950996 0.005988
3 3 0.003369 0.003059 0.066747 0.913954 0.012870
3 3 0.002707 0.002663 0.060998 0.924901 0.008731
3 3 0.002174 0.001822 0.048429 0.939895 0.007679
3 3 0.002069 0.001785 0.046939 0.940516 0.008692
3 3 0.002025 0.001978 0.048285 0.938814 0.008899
3 3 0.002078 0.002019 0.048917 0.938073 0.008912
3 3 0.002275 0.002586 0.052181 0.929550 0.013408
3 3 0.003062 0.003473 0.061247 0.917475 0.014743
3 3 0.003562 0.003820 0.060930 0.902855 0.028833
3 3 0.003128 0.002610 0.057293 0.925594 0.011375
3 3 0.004375 0.004523 0.068676 0.897225 0.025201
3 3 0.002344 0.002168 0.050654 0.934260 0.010575
3 3 0.002190 0.002386 0.050597 0.932149 0.012678
3 3 0.001572 0.001867 0.042841 0.940481 0.013238
3 3 0.003031 0.002581 0.054631 0.923621 0.016135
3 3 0.001865 0.001741 0.043811 0.940240 0.012343
3 3 0.003353 0.003834 0.060999 0.906297 0.025517
3 3 0.001999 0.001925 0.047282 0.939110 0.009683
3 3 0.004074 0.003554 0.066241 0.912122 0.014009
3 3 0.002258 0.001836 0.047443 0.937980 0.010483
3 3 0.003198 0.002788 0.055059 0.917374 0.021582
3 3 0.001232 0.001043 0.034387 0.954408 0.008931
3 3 0.002418 0.002560 0.053298 0.929610 0.012114
3 3 0.002915 0.002671 0.055514 0.924656 0.014244
3 3 0.001369 0.001247 0.037611 0.951030 0.008742
3 3 0.001080 0.001453 0.037603 0.951246 0.008618
3 3 0.001682 0.001441 0.041936 0.947055 0.007886
3 3 0.000943 0.000907 0.032473 0.960416 0.005261
3 3 0.001808 0.001625 0.042958 0.942567 0.011042
3 3 0.001054 0.000963 0.033607 0.958418 0.005958
3 3 0.001506 0.001862 0.043776 0.943179 0.009676
3 3 0.000645 0.000779 0.027946 0.964945 0.005685
3 3 0.000721 0.000668 0.027571 0.966122 0.004917
3 3 0.001435 0.001478 0.039594 0.946994 0.010500
3 3 0.001723 0.001544 0.042958 0.945435 0.008339
3 3 0.000669 0.000846 0.029631 0.964229 0.004625
3 3 0.000975 0.001171 0.035656 0.956715 0.005483
3 3 0.000809 0.000800 0.029456 0.962682 0.006253
3 3 0.001595 0.002241 0.047132 0.938983 0.010049
3 3 0.001335 0.001425 0.039531 0.949691 0.008018
3 3 0.000777 0.000730 0.030061 0.965054 0.003379
3 3 0.000958 0.001010 0.033099 0.958364 0.006568
3 3 0.000926 0.000791 0.032275 0.962696 0.003313
3 3 0.000951 0.001219 0.035693 0.956250 0.005887
3 3 0.001225 0.001372 0.039552 0.952107 0.005744
3 3 0.000599 0.000684 0.026920 0.967382 0.004415
3 3 0.000824 0.001073 0.032570 0.958824 0.006708
3 3 0.000767 0.000975 0.031852 0.961333 0.005073
3 3 0.001218 0.001909 0.042320 0.945488 0.009064
3 3 0.001103 0.002159 0.042107 0.943086 0.011545
3 3 0.000806 0.001450 0.034644 0.953295 0.009804
3 3 0.000890 0.001716 0.036172 0.947036 0.014187
3 3 0.000947 0.001357 0.036380 0.954328 0.006988
3 3 0.000650 0.001319 0.032260 0.957094 0.008678
3 3 0.000590 0.001263 0.030280 0.956754 0.011113
3 3 0.001081 0.001475 0.037282 0.950292 0.009871
3 3 0.001726 0.002586 0.048041 0.931590 0.016058
3 3 0.000997 0.001400 0.036704 0.952880 0.008019
3 3 0.001147 0.002234 0.042086 0.940359 0.014174
3 3 0.001505 0.002171 0.043489 0.935702 0.017133
3 3 0.000966 0.001560 0.037243 0.950870 0.009361
3 3 0.001507 0.002694 0.045422 0.927335 0.023042
3 3 0.000884 0.001690 0.036959 0.949662 0.010806
3 3 0.000805 0.001452 0.034311 0.952691 0.010742
3 3 0.001176 0.002284 0.043451 0.941193 0.011896
3 3 0.001044 0.001370 0.036222 0.951966 0.009398
3 3 0.002048 0.003125 0.050773 0.918587 0.025466
3 3 0.000862 0.001282 0.035001 0.956073 0.006782
2 3 0.007454 0.072714 0.493194 0.111708 0.314929
2 3 0.007330 0.182026 0.541297 0.009671 0.259675
2 2 0.004058 0.202566 0.497284 0.001095 0.294997
2 2 0.010403 0.288634 0.394055 0.000401 0.306508
1 1 0.084026 0.449552 0.317581 0.001704 0.147137
2 2 0.003415 0.207894 0.478410 0.000411 0.309870
2 2 0.003385 0.225984 0.618803 0.000324 0.151504
2 2 0.002974 0.210621 0.568561 0.000371 0.217473
2 2 0.004034 0.212190 0.479154 0.000606 0.304017
2 2 0.004700 0.247399 0.419436 0.000145 0.328320
2 2 0.000648 0.214037 0.592348 0.000002 0.192965
2 2 0.000956 0.239859 0.603632 0.000002 0.155551
2 2 0.001346 0.225737 0.512402 0.000009 0.260506
2 2 0.000504 0.178374 0.639276 0.000005 0.181840
2 2 0.000352 0.161682 0.659248 0.000004 0.178715
2 2 0.000986 0.205901 0.618866 0.000011 0.174236
2 2 0.000544 0.151501 0.581100 0.000025 0.266830
2 2 0.000322 0.116976 0.753444 0.000067 0.129191
2 2 0.000274 0.105363 0.763253 0.000105 0.131006
2 2 0.000189 0.108706 0.791780 0.000019 0.099306
2 2 0.002397 0.206722 0.620803 0.000246 0.169832
2 2 0.001204 0.165446 0.717069 0.000218 0.116062
2 2 0.006792 0.284165 0.571193 0.000289 0.137561
2 2 0.005888 0.281611 0.573243 0.000196 0.139062
2 2 0.001248 0.159096 0.758625 0.000311 0.080719
2 2 0.001294 0.148834 0.750483 0.000756 0.098632
2 2 0.005763 0.251212 0.623060 0.000649 0.119317
2 2 0.003598 0.211933 0.660324 0.000788 0.123357
2 2 0.003124 0.192101 0.692430 0.001303 0.111041
2 2 0.001413 0.178475 0.708378 0.000175 0.111559
2 2 0.006123 0.254981 0.611047 0.000683 0.127166
2 2 0.002133 0.178395 0.731040 0.000670 0.087762
0 0 0.481584 0.243200 0.225523 0.005576 0.044118
1 1 0.100441 0.568288 0.220942 0.000044 0.110285
2 1 0.014414 0.346794 0.543762 0.000352 0.094678
2 2 0.009228 0.284328 0.626423 0.000732 0.079290
1 1 0.045714 0.496517 0.367855 0.000103 0.089811
2 2 0.021667 0.400957 0.437856 0.000203 0.139316
2 2 0.005055 0.222399 0.687964 0.001345 0.083237
2 2 0.009748 0.274647 0.638282 0.001268 0.076056
2 1 0.031912 0.370125 0.428581 0.001769 0.167613
2 1 0.011921 0.305939 0.624997 0.000633 0.056510
2 2 0.006687 0.221720 0.712996 0.002821 0.055776
2 2 0.003809 0.189210 0.722005 0.002649 0.082328
2 2 0.001600 0.138903 0.781935 0.001604 0.075957
2 2 0.001170 0.122180 0.835040 0.000639 0.040971
2 2 0.006343 0.238784 0.664305 0.001429 0.089138
2 2 0.001844 0.162296 0.777238 0.000798 0.057824
2 2 0.001431 0.154211 0.763443 0.000680 0.080235
2 2 0.002906 0.177872 0.750792 0.001712 0.066719
2 2 0.003588 0.183828 0.704266 0.002870 0.105449
2 2 0.002834 0.167709 0.752064 0.002152 0.075241
2 2 0.002611 0.161598 0.771978 0.002188 0.061624
2 2 0.001797 0.089517 0.857168 0.004218 0.047300
2 2 0.000709 0.111947 0.835091 0.000578 0.051676
2 2 0.063698 0.354330 0.512150 0.002695 0.067127
2 2 0.003464 0.183279 0.745281 0.002300 0.065675
2 2 0.000438 0.038154 0.921291 0.002002 0.038114
2 2 0.001023 0.137425 0.800799 0.000538 0.060215
2 2 0.000934 0.116530 0.814865 0.000779 0.066891
2 2 0.000751 0.053464 0.906640 0.002134 0.037012
2 2 0.000778 0.059236 0.902456 0.001301 0.036229
2 2 0.001569 0.055443 0.885593 0.007298 0.050097
2 2 0.000781 0.067739 0.854970 0.001674 0.074836
2 2 0.000876 0.041579 0.913133 0.005285 0.039126
2 2 0.000388 0.009706 0.953791 0.019940 0.016175
2 2 0.000794 0.039103 0.905870 0.005540 0.048693
2 2 0.000426 0.091071 0.834749 0.000486 0.073268
2 2 0.000351 0.043836 0.917106 0.001103 0.037603
2 2 0.001100 0.120781 0.828378 0.000828 0.048913
2 2 0.000652 0.020437 0.956900 0.009682 0.012329
2 2 0.000983 0.045550 0.916612 0.005683 0.031172
2 2 0.000788 0.024277 0.947617 0.009400 0.017918
2 2 0.001051 0.046492 0.912129 0.005052 0.035276
2 2 0.003646 0.186908 0.729336 0.002495 0.077615
2 1 0.043102 0.345907 0.555599 0.008471 0.046921
2 2 0.005663 0.199489 0.746675 0.003930 0.044243
2 2 0.001365 0.144666 0.806301 0.000735 0.046933
2 2 0.001846 0.076044 0.897565 0.002219 0.022326
2 2 0.001770 0.080622 0.887614 0.002583 0.027411
2 2 0.002011 0.111614 0.848316 0.001335 0.036724
2 2 0.002410 0.181263 0.739087 0.000593 0.076648
1 1 0.054462 0.459937 0.413060 0.000534 0.072006
2 2 0.006020 0.286165 0.661082 0.000112 0.046620
2 2 0.001878 0.156897 0.788867 0.001083 0.051276
2 2 0.001320 0.157012 0.795911 0.000285 0.045472
2 2 0.018106 0.345996 0.564847 0.000697 0.070355
2 2 0.002052 0.163692 0.798647 0.000686 0.034923
2 2 0.003554 0.215374 0.719139 0.000465 0.061469
2 2 0.001932 0.080702 0.885491 0.003339 0.028536
2 2 0.001586 0.147766 0.821032 0.000657 0.028959
2 2 0.003611 0.168637 0.806315 0.002103 0.019334
2 2 0.013558 0.253871 0.696230 0.004716 0.031624
2 2 0.008592 0.268508 0.672677 0.000803 0.049420
2 2 0.003871 0.212886 0.741691 0.000517 0.041035
2 2 0.003353 0.181520 0.784824 0.001167 0.029136
2 2 0.005025 0.210738 0.755812 0.000988 0.027438
2 2 0.001631 0.129662 0.837972 0.000910 0.029825
2 2 0.001447 0.102962 0.868076 0.000958 0.026557
2 2 0.001833 0.166189 0.802959 0.000340 0.028679
2 2 0.001469 0.084574 0.880642 0.002029 0.031286
2 2 0.003532 0.067045 0.913902 0.004707 0.010814
2 2 0.003408 0.072609 0.903927 0.006212 0.013844
2 2 0.004516 0.184350 0.778060 0.002877 0.030197
2 2 0.001215 0.089139 0.898193 0.000781 0.010672
2 2 0.001671 0.076755 0.900975 0.002644 0.017955
2 2 0.002073 0.031231 0.943155 0.014683 0.008858
2 2 0.003217 0.138588 0.829747 0.002735 0.025713
2 2 0.002151 0.023498 0.940527 0.026925 0.006899
2 2 0.002284 0.081317 0.891701 0.003417 0.021280
2 2 0.028977 0.272776 0.641379 0.004645 0.052223
2 2 0.005715 0.181388 0.778536 0.003934 0.030427
2 2 0.002463 0.089699 0.867555 0.004202 0.036080
2 2 0.004288 0.193043 0.728186 0.002994 0.071489
2 2 0.000244 0.006648 0.975153 0.012284 0.005670
2 2 0.001782 0.157736 0.771393 0.001052 0.068037
2 2 0.001505 0.061026 0.903523 0.004755 0.029191
2 2 0.002197 0.056996 0.885761 0.009529 0.045517
2 2 0.000382 0.022369 0.955866 0.003430 0.017953
2 2 0.000502 0.017622 0.962001 0.006894 0.012981
2 2 0.000835 0.020140 0.932890 0.017925 0.028210
2 2 0.001511 0.027318 0.910377 0.025905 0.034888
2 2 0.001040 0.019458 0.904343 0.037444 0.037715
2 2 0.000442 0.014682 0.945514 0.013111 0.026251
2 2 0.001220 0.023465 0.890408 0.039143 0.045764
2 2 0.001334 0.018441 0.901464 0.050169 0.028592
2 2 0.000829 0.013285 0.946563 0.026351 0.012973
2 2 0.004671 0.065754 0.849220 0.028052 0.052303
2 2 0.000473 0.009158 0.945753 0.033368 0.011249
2 2 0.001852 0.031984 0.935012 0.014175 0.016977
2 2 0.001847 0.021433 0.909068 0.051565 0.016087
2 2 0.000670 0.005709 0.886202 0.101328 0.006092
2 2 0.002323 0.026778 0.899385 0.047296 0.024218
2 2 0.000831 0.006809 0.918163 0.069736 0.004461
2 2 0.001282 0.016166 0.923483 0.045879 0.013190
2 2 0.001038 0.016887 0.930846 0.036073 0.015157
2 2 0.002806 0.024953 0.851047 0.098204 0.022990
2 2 0.000728 0.006872 0.891440 0.093675 0.007285
2 2 0.002001 0.028952 0.909309 0.037085 0.022652
2 2 0.002442 0.014440 0.883883 0.092126 0.007110
2 2 0.002220 0.031789 0.929098 0.024238 0.012655
2 2 0.001751 0.015578 0.911267 0.061722 0.009682
2 2 0.000460 0.007388 0.954167 0.032880 0.005105
2 2 0.000874 0.011349 0.941034 0.037942 0.008800
2 2 0.000235 0.004793 0.962423 0.028369 0.004180
2 2 0.000867 0.011995 0.930600 0.044830 0.011708
2 2 0.002334 0.038010 0.880027 0.040494 0.039135
2 2 0.000337 0.008522 0.962217 0.020649 0.008276
2 2 0.000551 0.004703 0.904686 0.087069 0.002991
2 2 0.002475 0.039392 0.911659 0.024525 0.021950
2 2 0.001713 0.014539 0.868815 0.103964 0.010969
2 2 0.003718 0.019727 0.761943 0.200786 0.013826
2 3 0.001775 0.015033 0.862157 0.107887 0.013148
2 3 0.001369 0.013233 0.889757 0.083638 0.012003
2 3 0.001146 0.004900 0.766299 0.223852 0.003803
2 3 0.001404 0.012892 0.887283 0.085346 0.013074
2 3 0.002597 0.013924 0.804299 0.168188 0.010991
2 3 0.001249 0.016396 0.911197 0.057415 0.013742
2 3 0.003008 0.021807 0.801407 0.154073 0.019706
2 3 0.008013 0.059629 0.826181 0.080082 0.026094
2 3 0.001236 0.017900 0.929547 0.038938 0.012379
2 3 0.002437 0.032975 0.918180 0.026675 0.019732
2 3 0.001069 0.025365 0.935675 0.016104 0.021787
2 2 0.000642 0.008713 0.947900 0.035045 0.007699
2 2 0.001059 0.011902 0.923278 0.053098 0.010663
2 2 0.000638 0.012701 0.942768 0.029994 0.013899
2 2 0.001522 0.015069 0.893885 0.075593 0.013930
2 2 0.001128 0.021433 0.921313 0.029920 0.026207
2 3 0.001964 0.021360 0.897679 0.061216 0.017782
2 3 0.001180 0.019517 0.922552 0.034092 0.022660
2 3 0.000706 0.011931 0.941769 0.032655 0.012939
2 3 0.002164 0.029596 0.912161 0.034195 0.021885
2 3 0.003516 0.044545 0.877189 0.046727 0.028023
2 3 0.002095 0.026166 0.894597 0.052410 0.024731
2 3 0.004265 0.054750 0.888544 0.030172 0.022269
2 3 0.001332 0.008112 0.828073 0.155316 0.007167
2 3 0.000327 0.004088 0.926276 0.064837 0.004472
2 3 0.003581 0.045449 0.844328 0.066913 0.039730
2 3 0.001541 0.013734 0.891586 0.081509 0.011630
2 3 0.000778 0.007518 0.908581 0.077065 0.006058
2 3 0.000900 0.025294 0.938423 0.011262 0.024121
2 3 0.002179 0.032867 0.912876 0.027184 0.024895
2 3 0.016600 0.067105 0.827324 0.072493 0.016479
2 1 0.012642 0.241237 0.711048 0.005905 0.029167
2 2 0.006983 0.212065 0.712528 0.005275 0.063147
2 2 0.002753 0.066574 0.848173 0.018672 0.063828
2 2 0.002398 0.079243 0.890590 0.003726 0.024043
2 2 0.005310 0.154470 0.733124 0.008042 0.099054
2 2 0.001028 0.020985 0.956409 0.012455 0.009123
2 2 0.006674 0.173900 0.717339 0.006977 0.095111
2 2 0.002634 0.194755 0.674496 0.000647 0.127468
2 2 0.001254 0.148361 0.732575 0.000746 0.117064
2 2 0.000800 0.132712 0.771204 0.000427 0.094858
2 2 0.001415 0.073649 0.851216 0.003012 0.070708
2 4 0.002026 0.187872 0.529282 0.000244 0.280575
2 4 0.001735 0.180892 0.546634 0.000225 0.270514
2 4 0.008542 0.312359 0.351806 0.000060 0.327232
2 4 0.002400 0.165646 0.464934 0.000555 0.366465
2 4 0.002786 0.217358 0.509311 0.000161 0.270384
2 4 0.002775 0.175423 0.435255 0.000522 0.386025
4 4 0.005597 0.037578 0.005253 0.000000 0.951572
4 4 0.006559 0.114611 0.024369 0.000000 0.854461
4 4 0.009005 0.121714 0.029950 0.000002 0.839329
4 4 0.009956 0.108157 0.019556 0.000001 0.862330
4 4 0.004152 0.029088 0.005603 0.000001 0.961157
4 4 0.006511 0.117807 0.033987 0.000002 0.841693
4 4 0.008927 0.025603 0.006217 0.000010 0.959243
4 4 0.067867 0.089778 0.002349 0.000000 0.840007
4 4 0.036930 0.185541 0.010485 0.000000 0.767043
4 4 0.010049 0.070630 0.006138 0.000000 0.913183
4 4 0.224853 0.261645 0.013148 0.000002 0.500352
4 4 0.152640 0.223714 0.015835 0.000005 0.607806
4 4 0.385272 0.053624 0.000584 0.000001 0.560519
4 4 0.165050 0.219733 0.011619 0.000002 0.603596
4 4 0.340019 0.269936 0.009233 0.000001 0.380810
4 4 0.312367 0.301853 0.016456 0.000003 0.369321
0 0 0.743789 0.099029 0.007007 0.000062 0.150113
0 0 0.877279 0.065098 0.006020 0.000016 0.051587
0 0 0.629790 0.257089 0.004633 0.000000 0.108488
0 0 0.630701 0.245870 0.002366 0.000000 0.121062
0 0 0.414397 0.393410 0.028439 0.000006 0.163748
1 0 0.190820 0.592642 0.026899 0.000000 0.189638
1 1 0.156118 0.488174 0.031077 0.000000 0.324630
1 1 0.067460 0.519907 0.070024 0.000000 0.342609
1 1 0.330114 0.476024 0.021351 0.000000 0.172511
1 1 0.239318 0.441665 0.016086 0.000000 0.302931
1 1 0.106766 0.500490 0.050376 0.000000 0.342368
4 1 0.232457 0.337195 0.016153 0.000000 0.414193
1 1 0.362219 0.391468 0.010894 0.000000 0.235420
1 1 0.370214 0.416123 0.012064 0.000000 0.201599
0 0 0.705767 0.148856 0.003174 0.000002 0.142201
1 0 0.209650 0.456279 0.007725 0.000000 0.326346
4 0 0.269631 0.354552 0.004541 0.000000 0.371276
4 1 0.223270 0.339367 0.004197 0.000000 0.433166
4 1 0.061555 0.367853 0.034794 0.000000 0.535797
4 1 0.092760 0.341037 0.016130 0.000000 0.550073
4 2 0.029098 0.359413 0.082502 0.000001 0.528986
4 2 0.023762 0.394759 0.072522 0.000000 0.508957
4 2 0.022091 0.386257 0.085130 0.000000 0.506522
4 2 0.038464 0.407503 0.039283 0.000000 0.514749
2 2 0.000789 0.190460 0.590439 0.000011 0.218300
2 2 0.000378 0.134669 0.669883 0.000029 0.195041
2 2 0.000236 0.113486 0.722303 0.000031 0.163944
2 2 0.000178 0.103931 0.760685 0.000027 0.135179
2 2 0.000342 0.126152 0.707054 0.000041 0.166411
2 2 0.000077 0.073214 0.861156 0.000026 0.065528
2 2 0.000204 0.095414 0.805586 0.000086 0.098711
2 2 0.000107 0.093511 0.801125 0.000011 0.105246
2 2 0.000073 0.073159 0.848655 0.000025 0.078088
2 2 0.000090 0.080594 0.817600 0.000024 0.101693
2 2 0.000017 0.019060 0.959938 0.000047 0.020937
2 2 0.000125 0.062123 0.883467 0.000110 0.054175
2 2 0.000059 0.033040 0.917246 0.000127 0.049528
2 2 0.000026 0.011705 0.972220 0.000199 0.015851
2 2 0.000025 0.013265 0.968965 0.000144 0.017601
2 2 0.000117 0.044701 0.906980 0.000216 0.047986
2 2 0.000017 0.021477 0.944293 0.000047 0.034166
2 2 0.000051 0.015606 0.959444 0.000327 0.024571
2 2 0.000009 0.001739 0.992280 0.001204 0.004767
2 2 0.000217 0.067330 0.879183 0.000201 0.053068
2 2 0.000074 0.007818 0.976515 0.001838 0.013756
2 2 0.000064 0.007567 0.978531 0.001466 0.012372
2 2 0.000533 0.025944 0.938567 0.004806 0.030150
2 2 0.000075 0.004307 0.980898 0.005774 0.008946
2 2 0.000044 0.001903 0.981062 0.012569 0.004422
2 2 0.000312 0.014179 0.964028 0.005525 0.015956
2 2 0.000313 0.025929 0.932925 0.002265 0.038568
2 2 0.000121 0.009155 0.970960 0.003431 0.016333
2 2 0.000189 0.010718 0.966214 0.005047 0.017832
2 2 0.000182 0.009954 0.966021 0.005200 0.018643
2 2 0.000221 0.007671 0.971198 0.010726 0.010184
2 2 0.000316 0.004872 0.918013 0.065283 0.011517
2 2 0.000280 0.007234 0.963397 0.018796 0.010293
2 2 0.000249 0.005242 0.952075 0.033417 0.009017
2 2 0.000171 0.004360 0.965057 0.022139 0.008272
2 2 0.000465 0.007694 0.943773 0.036726 0.011342
2 2 0.000235 0.003792 0.920709 0.065107 0.010156
2 2 0.000508 0.006382 0.915996 0.068174 0.008940
2 2 0.000087 0.001832 0.947333 0.045856 0.004891
2 2 0.000610 0.008748 0.910457 0.062921 0.017264
2 2 0.001823 0.017833 0.848549 0.100141 0.031655
2 2 0.005262 0.028953 0.781721 0.146293 0.037771
2 2 0.002948 0.015358 0.696814 0.254132 0.030749
2 3 0.005089 0.029090 0.645101 0.249100 0.071620
2 3 0.003532 0.012799 0.568178 0.391963 0.023527
2 3 0.001892 0.008399 0.730066 0.246556 0.013087
2 3 0.003403 0.022068 0.700878 0.230738 0.042912
2 3 0.002693 0.009236 0.654095 0.324331 0.009645
2 3 0.001996 0.007847 0.672734 0.308411 0.009012
2 3 0.004856 0.020684 0.588974 0.345694 0.039792
3 3 0.007737 0.021100 0.340297 0.575200 0.055665
2 3 0.010848 0.031399 0.448807 0.425146 0.083800
3 3 0.008758 0.026495 0.363232 0.514762 0.086752
3 3 0.011765 0.041731 0.368701 0.449512 0.128291
3 3 0.009861 0.035741 0.405476 0.422042 0.126880
3 3 0.007502 0.023154 0.339466 0.560733 0.069146
3 3 0.013581 0.042190 0.379309 0.434928 0.129992
3 3 0.009074 0.034005 0.412832 0.439406 0.104683
3 3 0.004669 0.011891 0.261984 0.683767 0.037689
3 3 0.014999 0.035412 0.281658 0.547001 0.120930
2 3 0.010584 0.053595 0.503677 0.273226 0.158918
3 3 0.012233 0.034576 0.361616 0.482181 0.109393
3 3 0.004272 0.010377 0.234120 0.713708 0.037524
3 3 0.018146 0.054268 0.347738 0.407324 0.172523
3 3 0.006421 0.020437 0.319671 0.593310 0.060161
3 3 0.007632 0.025207 0.342032 0.552003 0.073126
3 3 0.007083 0.023035 0.400306 0.490616 0.078959
3 3 0.005696 0.015751 0.304912 0.625728 0.047913
3 3 0.008947 0.018947 0.268850 0.633829 0.069428
3 3 0.014992 0.036308 0.319346 0.491437 0.137918
3 3 0.006595 0.028658 0.398282 0.438500 0.127965
3 3 0.006134 0.025582 0.326709 0.528940 0.112635
2 3 0.004967 0.047323 0.722740 0.116127 0.108843
2 3 0.002953 0.027322 0.743310 0.138133 0.088281
2 3 0.001352 0.012897 0.813362 0.135281 0.037107
2 3 0.003871 0.040065 0.771094 0.086559 0.098411
2 2 0.002010 0.018350 0.804075 0.131040 0.044525
2 2 0.004791 0.049167 0.765060 0.072380 0.108602
2 2 0.000609 0.007075 0.878060 0.097145 0.017112
2 2 0.002932 0.031778 0.831204 0.072846 0.061240
2 2 0.000177 0.009957 0.969203 0.006296 0.014367
2 2 0.000146 0.008134 0.974386 0.005567 0.011767
2 2 0.000169 0.011497 0.972919 0.002961 0.012454
2 2 0.000763 0.032598 0.937402 0.004761 0.024476
2 2 0.000960 0.038086 0.914717 0.005927 0.040310
2 2 0.000320 0.019252 0.963065 0.002952 0.014411
2 2 0.000087 0.006602 0.976009 0.005036 0.012267
2 2 0.000243 0.009287 0.970422 0.008251 0.011797
2 2 0.000799 0.040317 0.906264 0.004227 0.048393
2 2 0.000135 0.005080 0.977001 0.011572 0.006212
2 2 0.001711 0.177249 0.545521 0.000259 0.275260
2 2 0.001012 0.142099 0.651870 0.000526 0.204493
2 2 0.001186 0.173398 0.533568 0.000083 0.291766
4 2 0.025373 0.265797 0.082930 0.000010 0.625890
1 1 0.094960 0.495040 0.197086 0.000141 0.212773
4 1 0.003769 0.234310 0.299703 0.000028 0.462190
4 2 0.005569 0.258379 0.300704 0.000043 0.435303
4 2 0.003287 0.216239 0.308226 0.000041 0.472207
4 4 0.003915 0.253992 0.304564 0.000016 0.437513
4 4 0.006235 0.295021 0.203627 0.000003 0.495114
4 4 0.003834 0.003232 0.000268 0.000000 0.992666
4 4 0.004476 0.003442 0.000208 0.000000 0.991875
4 4 0.007826 0.012782 0.000983 0.000000 0.978409
4 4 0.002896 0.004116 0.000936 0.000003 0.992049
4 4 0.007405 0.003993 0.000184 0.000000 0.988417
4 4 0.003394 0.011504 0.002213 0.000001 0.982889
4 4 0.004034 0.004586 0.000641 0.000001 0.990738
4 4 0.003883 0.002746 0.000293 0.000001 0.993077
4 4 0.009247 0.004336 0.000207 0.000000 0.986209
4 4 0.015338 0.016885 0.000400 0.000000 0.967377
4 4 0.023004 0.063185 0.002320 0.000000 0.911491
4 4 0.009310 0.042457 0.001982 0.000000 0.946251
4 4 0.006634 0.009398 0.000525 0.000000 0.983443
4 4 0.007037 0.024765 0.001704 0.000000 0.966494
4 4 0.012144 0.054080 0.002294 0.000000 0.931482
4 4 0.006986 0.011926 0.000661 0.000000 0.980427
4 4 0.003019 0.016807 0.002886 0.000000 0.977288
4 4 0.008813 0.011501 0.000854 0.000000 0.978832
4 4 0.019036 0.032128 0.001283 0.000000 0.947553
4 4 0.009552 0.038760 0.002621 0.000000 0.949067
4 4 0.005504 0.033619 0.003985 0.000000 0.956892
4 4 0.008439 0.041109 0.003334 0.000000 0.947118
4 4 0.004210 0.012383 0.000784 0.000000 0.982623
4 4 0.005518 0.009934 0.000797 0.000000 0.983751
4 4 0.062216 0.032547 0.000568 0.000000 0.904670
4 4 0.002803 0.005029 0.000543 0.000000 0.991625
4 4 0.004941 0.002044 0.000201 0.000001 0.992813
4 4 0.004236 0.004480 0.000514 0.000001 0.990770
4 4 0.006044 0.015590 0.001094 0.000000 0.977272
4 4 0.003655 0.003220 0.000398 0.000001 0.992726
4 4 0.011369 0.006225 0.000260 0.000000 0.982147
4 4 0.010816 0.003994 0.000154 0.000000 0.985036
4 4 0.026097 0.035335 0.001544 0.000000 0.937024
4 4 0.016084 0.007550 0.000315 0.000000 0.976050
4 4 0.016243 0.003824 0.000161 0.000000 0.979772
4 4 0.009126 0.001905 0.000076 0.000000 0.988891
4 4 0.006784 0.001743 0.000189 0.000004 0.991280
4 4 0.008180 0.004662 0.000254 0.000000 0.986904
4 4 0.021670 0.006442 0.000313 0.000001 0.971575
4 4 0.012427 0.010635 0.000735 0.000001 0.976202
4 4 0.017097 0.043524 0.000983 0.000000 0.938397
4 4 0.004591 0.011354 0.001050 0.000000 0.983005
4 4 0.003200 0.004124 0.000436 0.000000 0.992239
4 4 0.036113 0.054622 0.001275 0.000000 0.907990
4 4 0.027645 0.053286 0.001813 0.000000 0.917256
4 4 0.008362 0.046341 0.006657 0.000001 0.938638
4 4 0.008382 0.022512 0.001519 0.000000 0.967587
4 4 0.013041 0.058721 0.004119 0.000000 0.924119
4 4 0.008369 0.009200 0.000522 0.000000 0.981909
4 4 0.007315 0.005993 0.000933 0.000005 0.985754
4 4 0.021010 0.005427 0.000827 0.000077 0.972658
4 1 0.026568 0.123849 0.009857 0.000000 0.839725
4 2 0.009309 0.116878 0.035214 0.000006 0.838594
4 1 0.027654 0.074823 0.012482 0.000014 0.885027
4 2 0.026590 0.161667 0.025331 0.000003 0.786409
4 2 0.011745 0.139270 0.037530 0.000006 0.811449
4 2 0.007890 0.158064 0.075574 0.000016 0.758455
4 2 0.004649 0.149596 0.094643 0.000013 0.751098
4 2 0.007929 0.136212 0.046481 0.000005 0.809372
4 2 0.004950 0.140585 0.073100 0.000008 0.781357
4 4 0.005667 0.053666 0.006137 0.000000 0.934530
4 4 0.006294 0.089039 0.015161 0.000000 0.889505
4 4 0.002248 0.013574 0.004826 0.000003 0.979349
4 4 0.008664 0.017328 0.001978 0.000001 0.972029
4 4 0.013388 0.067715 0.003799 0.000000 0.915098
4 4 0.021436 0.014747 0.000651 0.000000 0.963166
4 4 0.008908 0.041782 0.003664 0.000000 0.945646
4 4 0.007759 0.034834 0.001521 0.000000 0.955886
4 4 0.008236 0.084354 0.015320 0.000001 0.892089
4 4 0.007765 0.087482 0.012675 0.000000 0.892077
4 4 0.001272 0.023805 0.011179 0.000001 0.963742
4 4 0.001032 0.027067 0.014076 0.000001 0.957824
4 4 0.002772 0.099926 0.026323 0.000000 0.870978
4 4 0.002451 0.140750 0.061189 0.000000 0.795609
4 4 0.001624 0.100671 0.055230 0.000001 0.842474
4 4 0.002958 0.135591 0.045997 0.000000 0.815454
4 4 0.004466 0.182385 0.053143 0.000000 0.760006
4 4 0.002396 0.085545 0.029153 0.000000 0.882905
4 4 0.000601 0.023511 0.016259 0.000001 0.959627
4 4 0.001840 0.121116 0.054002 0.000000 0.823042
4 4 0.005533 0.083652 0.013820 0.000000 0.896994
4 4 0.005772 0.005203 0.000607 0.000001 0.988417
4 4 0.009616 0.039185 0.002180 0.000000 0.949019
4 4 0.010994 0.017864 0.002437 0.000003 0.968703
4 4 0.024885 0.167136 0.017528 0.000000 0.790451
4 4 0.004600 0.090969 0.020132 0.000000 0.884300
4 4 0.006713 0.076784 0.009416 0.000000 0.907087
4 4 0.005279 0.093669 0.019919 0.000000 0.881133
4 2 0.003074 0.097132 0.032621 0.000001 0.867173
4 2 0.003010 0.103307 0.035542 0.000001 0.858141
4 2 0.003543 0.108878 0.040047 0.000001 0.847530
4 2 0.003196 0.138016 0.064545 0.000001 0.794242
4 4 0.009068 0.039381 0.003895 0.000000 0.947656
4 4 0.001470 0.031420 0.010844 0.000000 0.956265
4 4 0.006787 0.097288 0.010439 0.000000 0.885486
4 4 0.002584 0.033366 0.006212 0.000000 0.957838
4 4 0.004705 0.069729 0.010876 0.000000 0.914690
4 4 0.005404 0.104163 0.026884 0.000001 0.863548
4 4 0.003804 0.107119 0.028995 0.000000 0.860082
4 4 0.002250 0.118310 0.056160 0.000001 0.823280
4 4 0.003058 0.128152 0.096202 0.000010 0.772578
4 4 0.001456 0.108660 0.071497 0.000001 0.818386
4 2 0.000960 0.141008 0.223042 0.000006 0.634984
4 2 0.000990 0.136360 0.263443 0.000021 0.599186
4 2 0.001650 0.147529 0.125272 0.000002 0.725547
4 2 0.001062 0.115985 0.138720 0.000005 0.744228
4 2 0.000986 0.132401 0.241257 0.000018 0.625338
4 4 0.001671 0.020070 0.007887 0.000001 0.970371
4 4 0.001691 0.062876 0.029015 0.000001 0.906417
4 4 0.000596 0.030049 0.033544 0.000003 0.935808
4 4 0.012231 0.002178 0.000074 0.000000 0.985516
4 4 0.030385 0.004424 0.000050 0.000000 0.965140
4 4 0.018049 0.004185 0.000094 0.000000 0.977671
4 4 0.019859 0.006803 0.000124 0.000000 0.973213
4 4 0.042480 0.003992 0.000071 0.000000 0.953457
4 4 0.010375 0.003386 0.000095 0.000000 0.986144
4 4 0.009886 0.002282 0.000148 0.000001 0.987684
4 4 0.124769 0.059647 0.001094 0.000000 0.814489
4 4 0.020341 0.045147 0.003990 0.000001 0.930521
4 4 0.027894 0.066985 0.004257 0.000000 0.900863
4 4 0.003721 0.058631 0.019570 0.000002 0.918078
4 2 0.002798 0.056208 0.026758 0.000003 0.914233
4 2 0.003030 0.033596 0.007329 0.000000 0.956045
4 4 0.002629 0.004585 0.000783 0.000001 0.992003
4 4 0.002271 0.004274 0.000576 0.000000 0.992879
4 4 0.011725 0.004466 0.000536 0.000009 0.983263
4 4 0.009917 0.046589 0.003375 0.000000 0.940119
4 4 0.003881 0.050171 0.012313 0.000001 0.933635
4 4 0.002992 0.015905 0.001909 0.000000 0.979194
4 4 0.003000 0.010073 0.001006 0.000000 0.985922
1 4 0.028649 0.394893 0.221482 0.000051 0.354925
4 4 0.002064 0.218600 0.314641 0.000008 0.464687
4 2 0.002413 0.138692 0.215911 0.000039 0.642945
1 2 0.012456 0.373180 0.293908 0.000018 0.320438
2 2 0.000874 0.161358 0.519066 0.000051 0.318651
2 2 0.001373 0.178163 0.510366 0.000093 0.310006
2 2 0.001352 0.182386 0.513953 0.000072 0.302236
2 2 0.001077 0.177827 0.476317 0.000032 0.344748
2 2 0.001208 0.165055 0.564741 0.000168 0.268827
2 2 0.001008 0.152520 0.545074 0.000169 0.301230
2 2 0.000215 0.122252 0.637464 0.000009 0.240060
2 2 0.000326 0.135636 0.610142 0.000013 0.253883
2 2 0.000171 0.115933 0.724063 0.000008 0.159825
2 2 0.000119 0.099122 0.779202 0.000010 0.121547
2 2 0.000143 0.097388 0.755789 0.000023 0.146656
2 2 0.001113 0.221329 0.435160 0.000003 0.342395
2 2 0.000219 0.126602 0.671905 0.000008 0.201266
2 2 0.000175 0.126700 0.713626 0.000004 0.159495
2 2 0.000152 0.137483 0.681898 0.000001 0.180466
2 2 0.000160 0.091947 0.777631 0.000058 0.130203
2 2 0.000186 0.100999 0.752307 0.000041 0.146467
2 2 0.000105 0.081677 0.813921 0.000038 0.104259
2 2 0.000103 0.079725 0.843331 0.000037 0.076803
2 2 0.000237 0.099713 0.767578 0.000106 0.132366
2 2 0.000141 0.085896 0.840048 0.000054 0.073861
2 2 0.000306 0.105955 0.724128 0.000149 0.169461
2 2 0.000115 0.089430 0.802582 0.000022 0.107851
2 2 0.000044 0.063482 0.836936 0.000012 0.099527
2 2 0.000211 0.101466 0.742924 0.000061 0.155339
2 2 0.000081 0.063876 0.824285 0.000067 0.111691
2 2 0.000026 0.003059 0.985192 0.002623 0.009101
2 2 0.000033 0.005556 0.981892 0.000879 0.011640
2 2 0.000133 0.029522 0.935763 0.000525 0.034057
2 2 0.000068 0.007826 0.971356 0.002034 0.018716
2 2 0.000136 0.022178 0.937800 0.001047 0.038840
2 2 0.000161 0.007743 0.967420 0.007445 0.017231
2 2 0.000088 0.012633 0.962844 0.001140 0.023295
2 2 0.000091 0.014732 0.956940 0.001225 0.027012
2 2 0.000123 0.019862 0.943564 0.001078 0.035374
2 2 0.000028 0.005081 0.978872 0.001171 0.014847
2 2 0.000166 0.004768 0.950130 0.028128 0.016807
2 2 0.000075 0.002315 0.957534 0.030501 0.009576
2 2 0.000517 0.017017 0.935705 0.012978 0.033783
2 2 0.000468 0.010101 0.935146 0.030689 0.023596
2 2 0.000424 0.012536 0.942266 0.015732 0.029043
2 2 0.000263 0.010076 0.954376 0.011207 0.024077
2 2 0.000182 0.005024 0.951102 0.029438 0.014253
2 2 0.000694 0.014019 0.905801 0.036237 0.043248
2 2 0.000449 0.010492 0.929970 0.028238 0.030852
2 2 0.000246 0.009672 0.945155 0.015347 0.029580
2 2 0.001430 0.012236 0.709120 0.201003 0.076212
2 3 0.000894 0.008890 0.789150 0.145887 0.055178
2 3 0.001336 0.010533 0.784910 0.150913 0.052308
2 3 0.002505 0.026081 0.716513 0.141084 0.113818
2 3 0.003391 0.020270 0.629490 0.241293 0.105556
2 3 0.005962 0.048982 0.629521 0.112949 0.202587
2 3 0.006497 0.066981 0.580977 0.099483 0.246061
2 3 0.002177 0.014185 0.696982 0.169168 0.117487
2 3 0.003595 0.041165 0.678376 0.097142 0.179722
2 3 0.003373 0.024355 0.667789 0.167032 0.137451
3 3 0.007562 0.023525 0.294339 0.588010 0.086564
2 3 0.010433 0.054106 0.422114 0.271691 0.241655
2 3 0.011575 0.057992 0.495620 0.234503 0.200310
2 3 0.015942 0.058342 0.399667 0.292651 0.233397
3 3 0.005102 0.016875 0.423832 0.473658 0.080532
2 3 0.013267 0.054977 0.375496 0.307740 0.248520
3 3 0.009464 0.038511 0.371269 0.424536 0.156220
2 3 0.016130 0.051500 0.399381 0.350495 0.182495
2 3 0.007946 0.039271 0.423484 0.372670 0.156630
3 3 0.010222 0.034459 0.326620 0.470708 0.157990
3 3 0.009277 0.026604 0.255264 0.609456 0.099399
3 3 0.010211 0.021076 0.251680 0.639859 0.077174
3 3 0.012540 0.030075 0.310993 0.532938 0.113453
3 3 0.012705 0.025419 0.244082 0.613101 0.104693
3 3 0.011510 0.026320 0.233813 0.605412 0.122945
3 3 0.008135 0.015514 0.221479 0.688337 0.066536
3 3 0.014515 0.031530 0.254051 0.573668 0.126236
3 3 0.014403 0.028351 0.234516 0.585609 0.137121
3 3 0.007550 0.016629 0.195592 0.690998 0.089229
3 3 0.008876 0.018870 0.209215 0.685271 0.077769
3 3 0.011177 0.010534 0.102518 0.819914 0.055857
3 3 0.005127 0.008053 0.137191 0.823041 0.026588
3 3 0.015127 0.021210 0.142983 0.719441 0.101239
3 3 0.004097 0.004760 0.084528 0.883581 0.023034
3 3 0.008648 0.013931 0.162015 0.748301 0.067105
3 3 0.006224 0.009019 0.123494 0.822569 0.038694
3 3 0.019814 0.049198 0.291622 0.439555 0.199811
3 3 0.013472 0.017449 0.176600 0.723631 0.068848
3 3 0.012973 0.017550 0.157030 0.743681 0.068765
3 3 0.014760 0.021042 0.146247 0.698975 0.118976
3 3 0.011169 0.013470 0.132999 0.772919 0.069443
3 3 0.003789 0.006442 0.173557 0.792021 0.024190
3 3 0.015502 0.026226 0.237958 0.625050 0.095264
3 3 0.008335 0.016809 0.194536 0.710689 0.069632
3 3 0.011776 0.025009 0.222574 0.625825 0.114817
3 3 0.007803 0.015587 0.189841 0.723167 0.063602
3 3 0.003922 0.006128 0.105749 0.850303 0.033899
3 3 0.007279 0.012524 0.183942 0.742951 0.053305
3 3 0.016195 0.026984 0.173623 0.658047 0.125151
3 3 0.003935 0.007857 0.169189 0.789173 0.029846
3 3 0.007359 0.014390 0.120310 0.758498 0.099443
3 3 0.009845 0.015795 0.133446 0.735663 0.105251
3 3 0.009661 0.013497 0.150829 0.754482 0.071530
3 3 0.015668 0.028773 0.186925 0.597009 0.171626
3 3 0.015165 0.024923 0.176780 0.653955 0.129178
3 3 0.012819 0.033732 0.269866 0.551605 0.131978
3 3 0.006537 0.012438 0.150924 0.763662 0.066438
3 3 0.016152 0.034551 0.230858 0.563571 0.154867
3 3 0.010512 0.025966 0.277880 0.578597 0.107045
3 3 0.006903 0.013624 0.212883 0.708767 0.057822
2 3 0.014440 0.123288 0.495705 0.087661 0.278907
2 3 0.008441 0.048359 0.540593 0.244618 0.157989
2 3 0.014810 0.074888 0.431653 0.240434 0.238216
2 3 0.011548 0.088475 0.527496 0.088037 0.284444
2 1 0.081892 0.307610 0.507934 0.022018 0.080546
2 2 0.029826 0.309335 0.478914 0.012345 0.169581
2 2 0.031161 0.197117 0.565084 0.034958 0.171680
2 2 0.024666 0.251011 0.457078 0.012153 0.255092
2 2 0.023949 0.220894 0.575388 0.012186 0.167583
1 1 0.076994 0.405511 0.380359 0.006965 0.130171
2 2 0.002188 0.268675 0.583620 0.000011 0.145507
2 2 0.001226 0.200563 0.641429 0.000033 0.156748
2 2 0.000927 0.153140 0.619309 0.000171 0.226453
2 2 0.000119 0.084360 0.821248 0.000041 0.094232
2 2 0.000733 0.158970 0.570283 0.000043 0.269972
2 2 0.000729 0.156730 0.559826 0.000046 0.282670
2 2 0.000796 0.149625 0.591500 0.000112 0.257967
2 2 0.000774 0.157202 0.582824 0.000061 0.259139
1 1 0.017798 0.422104 0.257541 0.000010 0.302547
2 2 0.000491 0.146849 0.604715 0.000026 0.247919
4 2 0.000520 0.150114 0.398597 0.000006 0.450763
4 2 0.000908 0.144718 0.255765 0.000008 0.598601
4 2 0.000740 0.159344 0.326981 0.000005 0.512931
4 2 0.000895 0.143384 0.258931 0.000009 0.596782
4 4 0.000782 0.107104 0.202349 0.000009 0.689756
4 4 0.001349 0.178556 0.121705 0.000000 0.698390
4 4 0.001329 0.220898 0.244385 0.000000 0.533387
4 4 0.000628 0.162229 0.275604 0.000001 0.561537
4 4 0.001016 0.160447 0.274027 0.000006 0.564503
4 4 0.001119 0.088943 0.134334 0.000007 0.775598
4 4 0.002786 0.006142 0.002328 0.000013 0.988731
4 4 0.003733 0.015040 0.002461 0.000000 0.978765
4 4 0.018431 0.053173 0.003117 0.000000 0.925279
4 4 0.008589 0.120304 0.029894 0.000002 0.841212
4 4 0.007730 0.135456 0.046530 0.000005 0.810279
4 4 0.006428 0.105326 0.024575 0.000001 0.863670
4 4 0.009768 0.113245 0.022740 0.000001 0.854246
4 1 0.235162 0.289879 0.019496 0.000005 0.455458
4 1 0.043407 0.241140 0.032895 0.000002 0.682556
4 2 0.004003 0.127088 0.061826 0.000004 0.807080
4 2 0.000519 0.133129 0.424677 0.000023 0.441651
4 2 0.000406 0.133885 0.414153 0.000008 0.451548
2 2 0.000361 0.132818 0.494949 0.000012 0.371859
4 2 0.000655 0.162162 0.385125 0.000006 0.452053
4 2 0.001009 0.141827 0.219387 0.000007 0.637769
4 2 0.000632 0.137833 0.325263 0.000010 0.536262
4 2 0.000746 0.143549 0.294700 0.000008 0.560997
2 2 0.000334 0.131715 0.469764 0.000008 0.398180
4 2 0.001403 0.190735 0.365255 0.000014 0.442593
4 4 0.000335 0.041443 0.131036 0.000014 0.827172
4 4 0.003155 0.241643 0.314029 0.000014 0.441159
2 4 0.000634 0.153453 0.547995 0.000032 0.297886
2 4 0.000513 0.140785 0.619247 0.000048 0.239408
2 4 0.000619 0.150050 0.532037 0.000033 0.317261
2 4 0.000411 0.119191 0.652950 0.000120 0.227328
2 2 0.000308 0.116399 0.665515 0.000057 0.217722
