0 0 0.842056 0.012126 0.004166 0.000532 0.141120
0 0 0.871849 0.014514 0.005005 0.001033 0.107599
0 0 0.873055 0.013354 0.005651 0.003254 0.104686
0 0 0.877387 0.010309 0.001316 0.000002 0.110985
0 0 0.855356 0.010763 0.002464 0.000065 0.131353
0 0 0.869036 0.008691 0.001018 0.000003 0.121252
0 0 0.926360 0.008009 0.001184 0.000015 0.064433
0 0 0.911453 0.012508 0.004046 0.000715 0.071278
0 0 0.924063 0.010014 0.003392 0.000996 0.061534
0 0 0.915716 0.005925 0.000873 0.000009 0.077477
0 0 0.934964 0.015622 0.003704 0.000121 0.045589
0 0 0.948056 0.011160 0.002231 0.000051 0.038501
0 0 0.939102 0.012331 0.003375 0.000246 0.044945
0 0 0.938164 0.012450 0.001384 0.000001 0.048000
0 0 0.964386 0.007657 0.001075 0.000009 0.026872
0 0 0.939510 0.013741 0.002721 0.000059 0.043969
0 0 0.937052 0.012390 0.003376 0.000142 0.047040
0 0 0.956304 0.008774 0.000808 0.000001 0.034113
0 0 0.882490 0.025739 0.002530 0.000001 0.089241
0 0 0.932253 0.014342 0.003404 0.000200 0.049801
0 0 0.960621 0.011820 0.002727 0.000173 0.024659
0 0 0.933976 0.018505 0.005492 0.000401 0.041626
0 0 0.966489 0.008544 0.001181 0.000014 0.023771
0 0 0.964364 0.010012 0.002096 0.000099 0.023429
0 0 0.938023 0.020941 0.003264 0.000014 0.037758
0 0 0.946045 0.017023 0.002770 0.000018 0.034145
0 0 0.926020 0.024666 0.005489 0.000107 0.043718
0 0 0.946895 0.015392 0.003467 0.000060 0.034186
0 0 0.935993 0.018554 0.004151 0.000055 0.041247
0 0 0.936013 0.018109 0.004379 0.000106 0.041393
0 0 0.917404 0.013385 0.004031 0.000509 0.064671
0 0 0.919316 0.011405 0.002735 0.000121 0.066424
0 0 0.939585 0.009896 0.002238 0.000074 0.048207
0 0 0.924844 0.011509 0.002252 0.000072 0.061323
0 0 0.869337 0.018582 0.010686 0.012339 0.089057
0 0 0.913227 0.014616 0.003683 0.000302 0.068172
0 0 0.944243 0.006811 0.001666 0.000200 0.047081
0 0 0.916533 0.011084 0.003422 0.000961 0.067999
0 0 0.907728 0.013748 0.002965 0.000071 0.075489
0 0 0.954417 0.005850 0.000889 0.000014 0.038830
0 0 0.960239 0.007920 0.001478 0.000045 0.030317
0 0 0.968217 0.007486 0.001271 0.000036 0.022990
0 0 0.962112 0.006331 0.000965 0.000029 0.030562
0 0 0.967386 0.004440 0.000832 0.000065 0.027278
0 0 0.971309 0.010320 0.002550 0.000251 0.015570
0 0 0.960140 0.007570 0.001499 0.000051 0.030740
0 0 0.948022 0.005518 0.000688 0.000025 0.045746
0 0 0.946422 0.009472 0.002950 0.000663 0.040493
0 0 0.953478 0.007591 0.002819 0.001647 0.034465
0 0 0.962017 0.007607 0.002068 0.000367 0.027942
0 0 0.969672 0.005377 0.001053 0.000097 0.023801
0 0 0.956458 0.008164 0.002754 0.001128 0.031496
0 0 0.950147 0.009012 0.002767 0.000565 0.037509
0 0 0.956214 0.008168 0.001713 0.000115 0.033789
0 0 0.968780 0.005557 0.000723 0.000010 0.024931
0 0 0.967434 0.007483 0.001436 0.000118 0.023530
0 0 0.973375 0.005237 0.000707 0.000017 0.020665
0 0 0.942024 0.007380 0.001397 0.000074 0.049125
0 0 0.960389 0.007672 0.001995 0.000324 0.029620
0 0 0.947601 0.014748 0.006299 0.002075 0.029277
0 0 0.977225 0.008392 0.001965 0.000337 0.012081
0 0 0.979859 0.006054 0.001288 0.000076 0.012724
0 0 0.980311 0.005751 0.000989 0.000034 0.012916
0 0 0.963238 0.009409 0.001560 0.000030 0.025764
0 0 0.983113 0.004635 0.000967 0.000213 0.011072
0 0 0.980794 0.005785 0.001144 0.000174 0.012103
0 0 0.976442 0.006366 0.002020 0.001675 0.013497
0 0 0.973378 0.007405 0.001010 0.000017 0.018191
0 0 0.972731 0.006974 0.001155 0.000048 0.019092
0 0 0.965996 0.008946 0.001498 0.000034 0.023526
0 0 0.979767 0.004463 0.000694 0.000024 0.015052
0 0 0.967576 0.004573 0.000693 0.000029 0.027129
0 0 0.975646 0.004012 0.000607 0.000021 0.019715
0 0 0.972883 0.004816 0.000511 0.000003 0.021786
0 0 0.970045 0.005151 0.000843 0.000032 0.023929
0 0 0.976661 0.005055 0.000859 0.000054 0.017371
0 0 0.980492 0.003473 0.000501 0.000066 0.015468
0 0 0.984640 0.003126 0.000653 0.000411 0.011170
0 0 0.974219 0.003251 0.000611 0.000221 0.021699
0 0 0.921558 0.005555 0.000989 0.000247 0.071651
0 0 0.966651 0.004408 0.000903 0.000358 0.027681
0 0 0.966528 0.006151 0.000866 0.000013 0.026442
0 0 0.959643 0.004551 0.000575 0.000017 0.035215
0 0 0.968059 0.007415 0.001980 0.000418 0.022128
0 0 0.965507 0.008031 0.001482 0.000054 0.024926
0 0 0.973714 0.006219 0.001589 0.000260 0.018218
0 0 0.964687 0.005379 0.000850 0.000024 0.029059
0 0 0.977908 0.006544 0.001619 0.000254 0.013675
0 0 0.968675 0.004766 0.000517 0.000004 0.026037
0 0 0.978678 0.006271 0.001042 0.000059 0.013949
0 0 0.974418 0.006072 0.000830 0.000020 0.018661
0 0 0.963357 0.007144 0.001114 0.000029 0.028357
0 0 0.972437 0.005113 0.000447 0.000001 0.022003
0 0 0.974611 0.006449 0.001371 0.000153 0.017416
0 0 0.965181 0.008024 0.001037 0.000014 0.025744
0 0 0.972231 0.006666 0.001329 0.000125 0.019649
0 0 0.970872 0.006614 0.001021 0.000013 0.021480
0 0 0.967475 0.006877 0.000667 0.000004 0.024977
0 0 0.972273 0.006051 0.000887 0.000026 0.020764
0 0 0.963367 0.007946 0.001074 0.000012 0.027600
0 0 0.968136 0.009860 0.001233 0.000010 0.020761
0 0 0.972780 0.009087 0.001753 0.000087 0.016293
0 0 0.970353 0.008050 0.002152 0.000259 0.019186
0 0 0.973723 0.009137 0.002243 0.000175 0.014722
0 0 0.963880 0.011449 0.003576 0.000638 0.020456
0 0 0.956826 0.017132 0.006112 0.001303 0.018627
0 0 0.963810 0.012418 0.002745 0.000214 0.020814
0 0 0.972323 0.008877 0.002227 0.000220 0.016353
0 0 0.972688 0.008767 0.001684 0.000090 0.016771
0 0 0.969664 0.010532 0.001351 0.000007 0.018446
0 0 0.940079 0.026274 0.011217 0.002975 0.019455
0 0 0.976912 0.011716 0.003004 0.000432 0.007936
0 0 0.951679 0.023584 0.009021 0.002500 0.013215
0 0 0.967108 0.017017 0.002689 0.000022 0.013164
0 0 0.968759 0.013979 0.001404 0.000002 0.015856
0 0 0.980305 0.009512 0.000967 0.000002 0.009215
0 0 0.966081 0.019277 0.002292 0.000003 0.012347
0 0 0.959636 0.023310 0.003179 0.000010 0.013865
0 0 0.973229 0.011704 0.002403 0.000081 0.012584
0 0 0.970459 0.015131 0.001842 0.000005 0.012562
0 0 0.970312 0.014900 0.003268 0.000076 0.011444
0 0 0.976221 0.013769 0.001818 0.000008 0.008184
0 0 0.971453 0.016073 0.002380 0.000009 0.010084
0 0 0.972766 0.015766 0.002972 0.000061 0.008436
0 0 0.971882 0.014472 0.003499 0.000136 0.010011
0 0 0.979096 0.009427 0.001238 0.000005 0.010233
0 0 0.969025 0.014767 0.002174 0.000011 0.014023
0 0 0.963882 0.020294 0.001611 0.000000 0.014213
0 0 0.969238 0.015131 0.001417 0.000002 0.014212
0 0 0.979352 0.008910 0.000879 0.000003 0.010857
0 0 0.975445 0.013215 0.001405 0.000005 0.009930
0 0 0.957959 0.025831 0.005588 0.000126 0.010497
0 0 0.973437 0.015473 0.001777 0.000002 0.009311
0 0 0.972950 0.016169 0.002008 0.000006 0.008868
0 0 0.985205 0.008305 0.000880 0.000002 0.005608
0 0 0.979563 0.010494 0.001238 0.000006 0.008699
0 0 0.977439 0.013801 0.001752 0.000005 0.007002
0 0 0.971695 0.016396 0.002079 0.000007 0.009823
0 0 0.975260 0.013684 0.001545 0.000004 0.009508
0 0 0.975019 0.014370 0.002385 0.000051 0.008176
0 0 0.969869 0.019787 0.003503 0.000035 0.006806
0 0 0.973046 0.015085 0.001219 0.000000 0.010650
0 0 0.976850 0.012695 0.001513 0.000007 0.008935
0 0 0.964246 0.019928 0.002780 0.000012 0.013034
0 0 0.978855 0.011851 0.001208 0.000002 0.008084
0 0 0.981501 0.009906 0.001145 0.000004 0.007444
0 0 0.974627 0.014137 0.001457 0.000001 0.009778
0 0 0.956943 0.024490 0.009520 0.002043 0.007004
0 0 0.943712 0.027637 0.006235 0.000042 0.022374
0 0 0.980021 0.010127 0.002458 0.000198 0.007197
0 0 0.978114 0.005630 0.001253 0.000059 0.014944
0 0 0.980843 0.005304 0.001062 0.000088 0.012702
0 0 0.981092 0.009604 0.002506 0.000173 0.006626
0 0 0.986853 0.006821 0.001630 0.000079 0.004618
0 0 0.980838 0.006812 0.001742 0.000311 0.010297
0 0 0.984640 0.003167 0.000697 0.000343 0.011153
0 0 0.985304 0.007154 0.001639 0.000065 0.005838
0 0 0.967551 0.015859 0.002585 0.000003 0.014002
0 0 0.984123 0.006314 0.001530 0.000118 0.007916
0 0 0.984166 0.007039 0.001862 0.000097 0.006837
0 0 0.981856 0.007611 0.001501 0.000051 0.008982
0 0 0.966179 0.009162 0.001975 0.000101 0.022583
0 0 0.939444 0.005244 0.000767 0.000056 0.054488
0 0 0.960984 0.008702 0.001700 0.000048 0.028566
0 0 0.963050 0.007314 0.002160 0.000561 0.026915
0 0 0.975829 0.005496 0.000787 0.000017 0.017871
0 0 0.968418 0.007143 0.001186 0.000025 0.023228
0 0 0.961149 0.008017 0.001811 0.000083 0.028939
0 0 0.975647 0.005266 0.001095 0.000124 0.017868
0 0 0.969356 0.006478 0.001467 0.000106 0.022593
0 0 0.970534 0.014818 0.002942 0.000052 0.011655
0 0 0.973441 0.011492 0.002823 0.000194 0.012050
0 0 0.973959 0.010589 0.002352 0.000078 0.013023
0 0 0.964805 0.014673 0.003497 0.000130 0.016894
0 0 0.969983 0.013275 0.003567 0.000363 0.012811
0 0 0.972177 0.015643 0.003210 0.000073 0.008897
0 0 0.972562 0.012644 0.002367 0.000051 0.012376
0 0 0.968144 0.013781 0.004343 0.000810 0.012922
0 0 0.972269 0.013431 0.004556 0.000558 0.009186
0 0 0.854413 0.049711 0.003780 0.000000 0.092096
0 0 0.953631 0.031902 0.005844 0.000025 0.008599
0 0 0.949852 0.019545 0.009934 0.015486 0.005183
0 0 0.948768 0.029884 0.012471 0.001917 0.006960
0 0 0.924607 0.054639 0.003605 0.000000 0.017149
0 0 0.965255 0.023237 0.001923 0.000000 0.009584
0 0 0.896135 0.075203 0.005146 0.000000 0.023515
0 0 0.964933 0.023918 0.002013 0.000000 0.009136
0 0 0.927540 0.053815 0.004470 0.000000 0.014175
0 0 0.952436 0.032119 0.002660 0.000000 0.012785
0 0 0.955590 0.033921 0.002919 0.000000 0.007569
0 0 0.968156 0.022985 0.002006 0.000000 0.006853
0 0 0.964588 0.023697 0.001647 0.000000 0.010069
0 0 0.931446 0.040181 0.004446 0.000001 0.023926
0 0 0.909603 0.065924 0.004687 0.000000 0.019786
0 0 0.956383 0.030799 0.002324 0.000000 0.010495
0 0 0.973891 0.016318 0.005240 0.000870 0.003681
0 0 0.945289 0.025304 0.013614 0.011402 0.004391
0 0 0.972686 0.014972 0.004869 0.001408 0.006064
0 0 0.968290 0.018887 0.005956 0.000386 0.006480
0 0 0.966911 0.022355 0.006173 0.000170 0.004392
0 0 0.969386 0.017500 0.005390 0.000771 0.006952
0 0 0.961554 0.018762 0.007801 0.002083 0.009801
0 0 0.974362 0.013553 0.002982 0.000127 0.008976
0 0 0.980346 0.010820 0.002711 0.000177 0.005947
0 0 0.981128 0.010229 0.002169 0.000057 0.006418
0 0 0.977355 0.012239 0.002759 0.000160 0.007488
0 0 0.965889 0.016881 0.005275 0.000486 0.011469
0 0 0.969394 0.015776 0.002502 0.000035 0.012293
0 0 0.979557 0.009367 0.001884 0.000068 0.009124
0 0 0.970089 0.018297 0.003073 0.000022 0.008519
0 0 0.975481 0.014358 0.003136 0.000112 0.006914
0 0 0.970488 0.015606 0.003590 0.000292 0.010023
0 0 0.973669 0.013172 0.003617 0.000387 0.009155
0 0 0.970652 0.016883 0.005475 0.000777 0.006213
0 0 0.970599 0.015029 0.003127 0.000039 0.011206
0 0 0.911804 0.050206 0.009175 0.000021 0.028794
0 0 0.856003 0.095784 0.003982 0.000000 0.044231
0 0 0.903594 0.052560 0.002938 0.000000 0.040908
0 0 0.960665 0.023029 0.001366 0.000000 0.014939
0 0 0.836625 0.094172 0.004392 0.000000 0.064811
0 0 0.862329 0.110183 0.010336 0.000001 0.017152
0 0 0.754532 0.199285 0.016625 0.000000 0.029557
0 0 0.850172 0.113825 0.012688 0.000002 0.023313
0 0 0.890153 0.077103 0.008268 0.000002 0.024474
0 0 0.893878 0.081592 0.008804 0.000001 0.015725
0 0 0.946206 0.040061 0.006267 0.000013 0.007454
0 0 0.925434 0.050278 0.010692 0.000072 0.013524
0 0 0.936719 0.048481 0.004502 0.000001 0.010297
0 0 0.896701 0.080175 0.006796 0.000001 0.016326
0 0 0.860543 0.115884 0.009977 0.000001 0.013594
0 0 0.649252 0.297149 0.017773 0.000000 0.035826
0 0 0.905913 0.072024 0.009062 0.000004 0.012997
0 0 0.847764 0.116772 0.008003 0.000000 0.027461
0 0 0.912709 0.067297 0.006992 0.000002 0.013000
0 0 0.869322 0.103820 0.010533 0.000002 0.016323
0 0 0.857799 0.118932 0.007823 0.000000 0.015446
0 0 0.913044 0.068859 0.007116 0.000001 0.010979
0 0 0.799510 0.160132 0.009136 0.000000 0.031222
0 0 0.604454 0.328181 0.019876 0.000000 0.047489
0 0 0.643639 0.299732 0.011998 0.000000 0.044632
1 1 0.291250 0.605360 0.050285 0.000000 0.053105
1 1 0.228166 0.667500 0.062192 0.000001 0.042141
1 1 0.235267 0.652242 0.065930 0.000001 0.046560
1 1 0.172845 0.694048 0.092928 0.000004 0.040175
1 1 0.115850 0.695229 0.149671 0.000034 0.039217
1 1 0.085392 0.569999 0.308220 0.000538 0.035851
1 2 0.138451 0.610786 0.193081 0.000165 0.057517
2 2 0.033446 0.370500 0.540697 0.002660 0.052698
2 2 0.013095 0.098408 0.861397 0.006410 0.020690
2 2 0.006021 0.072523 0.896785 0.008673 0.015997
2 2 0.020544 0.297013 0.663194 0.001353 0.017896
2 2 0.008800 0.151430 0.794834 0.004735 0.040201
2 2 0.017897 0.147491 0.744093 0.015142 0.075377
2 2 0.003219 0.022152 0.940013 0.026069 0.008547
2 2 0.004786 0.071346 0.854048 0.037835 0.031985
2 2 0.011307 0.089689 0.841303 0.029904 0.027797
2 2 0.011747 0.064195 0.861836 0.030330 0.031892
2 2 0.006595 0.054287 0.852543 0.061042 0.025533
2 2 0.004618 0.023265 0.867184 0.095218 0.009715
2 2 0.013617 0.092698 0.721375 0.116173 0.056137
2 2 0.006638 0.020177 0.574089 0.391931 0.007164
3 3 0.004064 0.014409 0.420060 0.555641 0.005827
3 3 0.003127 0.009884 0.381478 0.602489 0.003022
2 3 0.004148 0.007360 0.673938 0.313354 0.001200
3 3 0.000128 0.001598 0.152366 0.845221 0.000687
3 3 0.001774 0.004906 0.163972 0.827293 0.002055
3 3 0.000261 0.001269 0.088597 0.909372 0.000501
3 3 0.001763 0.003083 0.086301 0.907523 0.001330
3 3 0.002040 0.006563 0.102202 0.884748 0.004446
3 3 0.001050 0.007048 0.261807 0.726610 0.003485
3 3 0.000202 0.001423 0.226906 0.771097 0.000372
3 3 0.000038 0.000410 0.066876 0.932528 0.000148
3 3 0.000055 0.000467 0.058854 0.940445 0.000179
3 3 0.000042 0.000632 0.110600 0.888497 0.000228
3 3 0.000179 0.000839 0.048244 0.950346 0.000391
3 3 0.000013 0.000133 0.036802 0.963012 0.000041
3 3 0.000052 0.000536 0.074418 0.924792 0.000202
3 3 0.000151 0.001093 0.080144 0.918122 0.000489
3 3 0.000064 0.000467 0.051770 0.947515 0.000184
3 3 0.000009 0.000130 0.048227 0.951597 0.000037
3 3 0.000011 0.000153 0.047997 0.951793 0.000046
3 3 0.000006 0.000140 0.072036 0.927780 0.000038
3 3 0.000088 0.000345 0.025887 0.973534 0.000146
3 3 0.000164 0.000760 0.045344 0.953382 0.000350
3 3 0.000061 0.000273 0.025475 0.974082 0.000109
3 3 0.000008 0.000091 0.032409 0.967466 0.000026
3 3 0.000075 0.000743 0.085691 0.913194 0.000296
3 3 0.000064 0.000398 0.041472 0.957907 0.000158
3 3 0.000098 0.000526 0.042410 0.956743 0.000223
3 3 0.000020 0.000114 0.020091 0.979738 0.000038
3 3 0.000032 0.000145 0.018502 0.981268 0.000053
3 3 0.000017 0.000111 0.021551 0.978284 0.000037
3 3 0.000066 0.000365 0.035873 0.963551 0.000146
3 3 0.000018 0.000124 0.024854 0.974963 0.000041
3 3 0.000025 0.000082 0.010335 0.989528 0.000029
3 3 0.000014 0.000090 0.019492 0.980375 0.000029
3 3 0.000119 0.000292 0.015784 0.983673 0.000132
3 3 0.000049 0.000132 0.011049 0.988717 0.000052
3 3 0.000039 0.000197 0.023666 0.976025 0.000074
3 3 0.000083 0.000382 0.031411 0.967964 0.000160
3 3 0.000053 0.000244 0.024569 0.975038 0.000096
3 3 0.000017 0.000103 0.019344 0.980502 0.000034
3 3 0.000077 0.000290 0.022759 0.976753 0.000121
3 3 0.000018 0.000174 0.039166 0.960586 0.000056
3 3 0.000006 0.000083 0.036332 0.963557 0.000023
3 3 0.000039 0.000258 0.034415 0.965193 0.000095
3 3 0.000020 0.000119 0.021432 0.978389 0.000040
3 3 0.000013 0.000097 0.023238 0.976622 0.000030
3 3 0.000028 0.000146 0.021286 0.978488 0.000052
3 3 0.000011 0.000071 0.017193 0.982703 0.000022
3 3 0.000053 0.000170 0.014816 0.984894 0.000068
3 3 0.000014 0.000066 0.012668 0.987230 0.000021
3 3 0.000038 0.000137 0.014538 0.985235 0.000052
3 3 0.000041 0.000150 0.015644 0.984108 0.000057
3 3 0.000066 0.000297 0.026927 0.972591 0.000120
3 3 0.000052 0.000174 0.015635 0.984069 0.000069
3 3 0.000025 0.000146 0.022916 0.976861 0.000051
3 3 0.000166 0.000376 0.016823 0.982456 0.000179
3 3 0.000005 0.000036 0.012727 0.987221 0.000010
3 3 0.000051 0.000292 0.032739 0.966806 0.000112
3 3 0.000016 0.000099 0.019826 0.980027 0.000032
3 3 0.000036 0.000148 0.017317 0.982444 0.000055
3 3 0.000169 0.000563 0.029246 0.969758 0.000264
3 3 0.000058 0.000236 0.021866 0.977746 0.000094
3 3 0.000156 0.000310 0.013617 0.985769 0.000147
3 3 0.000060 0.000276 0.026335 0.973219 0.000110
3 3 0.000031 0.000114 0.013526 0.986288 0.000042
3 3 0.000040 0.000178 0.020334 0.979380 0.000067
3 3 0.000093 0.000237 0.014544 0.985022 0.000103
3 3 0.000094 0.000198 0.011194 0.988427 0.000087
3 3 0.000435 0.000531 0.011830 0.986904 0.000299
3 3 0.000158 0.000453 0.022879 0.976298 0.000212
3 3 0.000055 0.000194 0.017285 0.982389 0.000077
3 3 0.000180 0.000267 0.009689 0.989733 0.000131
3 3 0.000550 0.000661 0.013142 0.985261 0.000386
3 3 0.000109 0.000239 0.012856 0.986689 0.000107
3 3 0.000260 0.000639 0.023962 0.974815 0.000323
3 3 0.000038 0.000088 0.007924 0.991917 0.000034
3 3 0.000108 0.000280 0.016123 0.983364 0.000125
3 3 0.000082 0.000240 0.016596 0.982980 0.000102
3 3 0.000091 0.000202 0.011907 0.987711 0.000089
3 3 0.000166 0.000355 0.015549 0.983761 0.000170
3 3 0.000364 0.000654 0.018496 0.980134 0.000353
3 3 0.000038 0.000150 0.016712 0.983043 0.000057
3 3 0.000083 0.000219 0.014428 0.985176 0.000094
3 3 0.000064 0.000465 0.051477 0.947811 0.000183
3 3 0.000181 0.000273 0.009922 0.989489 0.000134
3 3 0.000075 0.000223 0.016061 0.983547 0.000094
3 3 0.000006 0.000036 0.011265 0.988683 0.000010
3 3 0.000079 0.000241 0.017309 0.982270 0.000102
3 3 0.000215 0.000219 0.006281 0.993172 0.000113
3 3 0.000164 0.000206 0.007292 0.992238 0.000101
3 3 0.000357 0.000467 0.011736 0.987186 0.000255
3 3 0.000236 0.000294 0.008791 0.990527 0.000152
3 3 0.000111 0.000400 0.025949 0.973364 0.000176
3 3 0.000067 0.000232 0.018916 0.980691 0.000095
3 3 0.000331 0.000371 0.009068 0.990028 0.000202
3 3 0.000126 0.000336 0.018275 0.981111 0.000153
3 3 0.000339 0.000336 0.007736 0.991405 0.000185
3 2 0.095506 0.052001 0.243074 0.608811 0.000609
3 2 0.000234 0.001577 0.127008 0.870710 0.000471
2 2 0.011156 0.026003 0.536752 0.422302 0.003787
3 2 0.008508 0.007302 0.459788 0.523465 0.000937
3 2 0.000246 0.001142 0.250690 0.747702 0.000220
3 2 0.012977 0.011366 0.481353 0.492959 0.001345
3 2 0.002670 0.004202 0.336096 0.656182 0.000850
3 2 0.000293 0.002560 0.259258 0.737169 0.000721
2 2 0.010656 0.012970 0.686613 0.288445 0.001316
3 2 0.001540 0.006198 0.408174 0.582283 0.001806
2 2 0.004347 0.014210 0.718056 0.260510 0.002878
2 2 0.019326 0.065393 0.852592 0.052683 0.010006
2 2 0.006146 0.017800 0.720771 0.251113 0.004170
2 2 0.003700 0.038014 0.888984 0.060096 0.009206
2 2 0.009011 0.037741 0.864111 0.082166 0.006971
2 2 0.005809 0.011428 0.801582 0.179204 0.001977
2 2 0.008208 0.118993 0.856761 0.005594 0.010444
2 2 0.019068 0.142904 0.823729 0.009124 0.005174
2 2 0.007772 0.022256 0.858302 0.108521 0.003149
2 2 0.010524 0.034222 0.809689 0.142570 0.002996
2 2 0.009218 0.036705 0.856832 0.093306 0.003939
2 2 0.006849 0.027268 0.921668 0.041163 0.003051
2 2 0.011893 0.019535 0.756441 0.208780 0.003350
2 2 0.005742 0.111347 0.850927 0.014219 0.017764
2 2 0.008701 0.061461 0.868739 0.045418 0.015681
2 2 0.014915 0.118094 0.796753 0.038858 0.031380
2 2 0.043089 0.262482 0.561418 0.016492 0.116519
2 2 0.011033 0.039598 0.870637 0.069474 0.009258
2 2 0.009482 0.125184 0.827171 0.016473 0.021690
2 2 0.024879 0.258834 0.669144 0.007684 0.039458
2 2 0.018143 0.108283 0.845279 0.018964 0.009332
2 2 0.078515 0.369221 0.410551 0.003461 0.138253
2 2 0.032392 0.195951 0.492311 0.010556 0.268790
2 2 0.018526 0.240343 0.531727 0.005516 0.203889
2 2 0.016390 0.177036 0.744277 0.011681 0.050616
2 2 0.010080 0.095262 0.793908 0.017729 0.083021
2 2 0.032203 0.211078 0.568695 0.008480 0.179544
2 2 0.009501 0.089389 0.873505 0.007968 0.019637
2 2 0.012867 0.157690 0.717318 0.009362 0.102764
2 2 0.026626 0.161760 0.750424 0.006024 0.055165
2 2 0.015965 0.124918 0.819607 0.008901 0.030610
2 2 0.007330 0.061956 0.901675 0.019938 0.009101
2 2 0.008429 0.060959 0.886039 0.033189 0.011385
2 2 0.024818 0.063709 0.837501 0.065294 0.008677
2 2 0.011889 0.045401 0.880096 0.056590 0.006023
2 2 0.017047 0.022987 0.901168 0.056367 0.002431
2 2 0.010760 0.016773 0.833141 0.137205 0.002122
2 2 0.058852 0.332429 0.579009 0.019714 0.009996
2 2 0.004250 0.054600 0.924642 0.009951 0.006557
2 2 0.013038 0.034429 0.917582 0.030495 0.004456
2 2 0.004648 0.034764 0.949112 0.007981 0.003495
2 2 0.009505 0.119925 0.847639 0.008599 0.014332
2 2 0.016445 0.131942 0.801494 0.024896 0.025223
2 2 0.015906 0.120618 0.781901 0.049756 0.031818
2 2 0.009930 0.058498 0.881398 0.037661 0.012513
2 2 0.011470 0.071200 0.849208 0.054011 0.014110
2 2 0.007345 0.064869 0.908928 0.010238 0.008619
2 2 0.020648 0.117731 0.805858 0.035869 0.019894
2 2 0.009184 0.040525 0.907334 0.036021 0.006937
2 2 0.009475 0.043953 0.760456 0.172921 0.013195
2 2 0.008929 0.052734 0.838404 0.083233 0.016700
2 2 0.004048 0.009033 0.722133 0.263147 0.001639
2 2 0.009208 0.021217 0.730341 0.235714 0.003520
2 2 0.006661 0.014881 0.776787 0.199352 0.002320
2 2 0.002833 0.010251 0.708076 0.276477 0.002363
2 2 0.004431 0.007647 0.650858 0.335767 0.001296
2 2 0.025443 0.021799 0.668280 0.281192 0.003286
2 2 0.008331 0.007935 0.505985 0.476879 0.000870
2 2 0.004402 0.013017 0.584864 0.394854 0.002863
2 2 0.029402 0.025958 0.752078 0.190253 0.002308
2 2 0.008473 0.015400 0.589790 0.384178 0.002159
3 2 0.003845 0.007861 0.462492 0.524097 0.001706
2 2 0.005708 0.008774 0.656593 0.327413 0.001512
2 2 0.018485 0.024923 0.837324 0.117241 0.002027
3 2 0.001698 0.007252 0.338752 0.649892 0.002406
3 2 0.002994 0.005603 0.480547 0.509906 0.000950
3 2 0.000752 0.002980 0.461373 0.534332 0.000563
3 2 0.001078 0.006261 0.385539 0.604966 0.002156
2 2 0.008273 0.011275 0.591339 0.387912 0.001201
3 2 0.004750 0.008998 0.476856 0.507758 0.001638
3 2 0.002812 0.006807 0.409443 0.579195 0.001743
3 2 0.005917 0.008765 0.475986 0.507410 0.001922
3 2 0.001737 0.004391 0.233413 0.759146 0.001312
2 2 0.005023 0.017128 0.611569 0.363602 0.002678
3 2 0.001207 0.003102 0.383913 0.611191 0.000588
3 2 0.004349 0.005858 0.304553 0.684033 0.001208
3 2 0.000166 0.001130 0.189740 0.808670 0.000294
3 2 0.000221 0.002485 0.174501 0.821628 0.001164
3 2 0.001971 0.004191 0.212045 0.780596 0.001197
3 2 0.000580 0.003090 0.231119 0.764400 0.000811
3 2 0.001610 0.004580 0.220414 0.772216 0.001181
3 2 0.002197 0.002963 0.149176 0.844846 0.000819
3 2 0.000824 0.002380 0.082184 0.913502 0.001109
3 3 0.000767 0.002890 0.110217 0.884781 0.001344
3 3 0.002252 0.006576 0.258802 0.730338 0.002031
3 3 0.000139 0.000720 0.049310 0.949584 0.000246
3 3 0.001260 0.002624 0.152936 0.842400 0.000780
3 3 0.000852 0.002444 0.098081 0.897669 0.000954
3 3 0.000640 0.004515 0.167108 0.825804 0.001933
3 3 0.000109 0.000505 0.053100 0.946112 0.000174
3 3 0.002399 0.006288 0.087640 0.901209 0.002465
3 3 0.000526 0.001213 0.063347 0.934465 0.000449
3 3 0.000659 0.002489 0.072586 0.923222 0.001044
3 3 0.000506 0.001638 0.057886 0.939363 0.000606
3 3 0.000046 0.000302 0.037650 0.961888 0.000114
3 3 0.002591 0.010148 0.156795 0.826560 0.003906
3 3 0.000042 0.000343 0.048591 0.950897 0.000127
3 2 0.000131 0.000509 0.031808 0.967353 0.000199
3 2 0.014323 0.014596 0.437496 0.533120 0.000464
2 2 0.031521 0.057398 0.778153 0.130410 0.002517
2 2 0.022698 0.047871 0.747242 0.175283 0.006906
2 2 0.018199 0.050272 0.840840 0.088116 0.002573
2 2 0.019639 0.033194 0.628248 0.315711 0.003208
2 2 0.012084 0.039951 0.832586 0.111887 0.003493
2 2 0.041572 0.055665 0.763002 0.137666 0.002094
2 2 0.023879 0.043084 0.833877 0.096307 0.002854
2 2 0.049255 0.024762 0.651880 0.272233 0.001870
2 2 0.127685 0.156091 0.628950 0.085075 0.002199
2 2 0.028450 0.061532 0.864001 0.042425 0.003592
2 2 0.012452 0.013326 0.770368 0.202111 0.001743
2 2 0.044908 0.102090 0.775908 0.074482 0.002612
2 2 0.022448 0.111853 0.820811 0.039783 0.005105
2 2 0.015166 0.027967 0.848794 0.106180 0.001894
2 2 0.023393 0.045470 0.849510 0.077860 0.003767
2 2 0.009848 0.016396 0.913506 0.059167 0.001084
2 2 0.073878 0.110891 0.737497 0.074279 0.003455
2 2 0.057918 0.283643 0.637113 0.015675 0.005650
2 2 0.013667 0.051228 0.905558 0.027124 0.002422
2 2 0.006747 0.019898 0.862563 0.108515 0.002277
2 2 0.017393 0.022482 0.858919 0.099585 0.001621
2 2 0.022028 0.159080 0.803356 0.011188 0.004349
2 2 0.027941 0.075915 0.796742 0.096268 0.003133
2 2 0.038545 0.425157 0.527329 0.001613 0.007356
2 2 0.021002 0.037962 0.777554 0.160904 0.002577
2 2 0.016654 0.246528 0.721077 0.004647 0.011093
2 2 0.005672 0.020020 0.905148 0.067598 0.001562
2 2 0.006196 0.019782 0.907727 0.064719 0.001576
2 2 0.006612 0.062357 0.912357 0.015323 0.003351
2 2 0.006716 0.030320 0.902814 0.058018 0.002133
2 2 0.006803 0.018889 0.914112 0.059094 0.001101
2 2 0.010536 0.056719 0.909450 0.020520 0.002775
2 2 0.003795 0.019037 0.912239 0.062418 0.002511
2 2 0.007260 0.077353 0.904452 0.006182 0.004753
2 2 0.010501 0.047807 0.921101 0.017615 0.002977
2 2 0.007624 0.016180 0.729794 0.244427 0.001976
2 2 0.003363 0.023843 0.897275 0.072521 0.002998
2 2 0.006886 0.034399 0.919200 0.036082 0.003433
2 2 0.212516 0.309882 0.451779 0.020434 0.005389
2 2 0.042414 0.362699 0.584187 0.002890 0.007810
2 2 0.015429 0.058819 0.886148 0.033441 0.006163
2 2 0.026474 0.061392 0.782259 0.122337 0.007538
2 2 0.000933 0.003597 0.940100 0.055064 0.000306
2 2 0.004080 0.016917 0.948723 0.028931 0.001349
2 2 0.010277 0.027201 0.903549 0.057473 0.001501
2 2 0.008639 0.033576 0.838684 0.114681 0.004419
2 2 0.001237 0.005169 0.771170 0.221586 0.000837
2 2 0.003817 0.025573 0.958083 0.009844 0.002683
2 2 0.008822 0.047066 0.891314 0.048238 0.004560
2 2 0.000326 0.002326 0.793856 0.203191 0.000301
2 2 0.003158 0.014381 0.829683 0.150315 0.002463
2 2 0.001637 0.002696 0.772045 0.223386 0.000236
2 2 0.003673 0.009830 0.724095 0.260941 0.001463
2 2 0.004838 0.023049 0.922809 0.047223 0.002081
2 2 0.006362 0.019518 0.810871 0.159391 0.003858
2 2 0.004032 0.010981 0.903466 0.080369 0.001153
2 2 0.015097 0.035637 0.859020 0.087021 0.003224
2 2 0.013685 0.006535 0.586215 0.393087 0.000478
2 2 0.006367 0.022067 0.881258 0.087874 0.002434
2 2 0.036348 0.138887 0.794039 0.020484 0.010242
2 2 0.066020 0.405351 0.522949 0.001332 0.004347
2 2 0.029232 0.233079 0.714185 0.008949 0.014556
2 2 0.011370 0.056210 0.889365 0.027467 0.015587
1 2 0.128912 0.352195 0.317623 0.001328 0.199942
2 2 0.050681 0.234918 0.653160 0.002773 0.058468
2 2 0.034998 0.272705 0.573501 0.002555 0.116241
2 2 0.021459 0.170252 0.690306 0.007681 0.110302
2 2 0.045688 0.306456 0.485380 0.003846 0.158631
2 4 0.033362 0.280085 0.546470 0.003139 0.136945
2 4 0.074608 0.299786 0.461535 0.003509 0.160562
2 4 0.079301 0.332166 0.431999 0.001825 0.154708
2 4 0.054751 0.335092 0.459163 0.001612 0.149382
2 4 0.086623 0.290979 0.336564 0.002246 0.283587
4 4 0.085990 0.280011 0.289758 0.001478 0.342764
4 4 0.117419 0.302399 0.193346 0.000446 0.386390
1 4 0.207618 0.365856 0.161041 0.000334 0.265150
4 4 0.256624 0.209460 0.094506 0.000928 0.438482
4 4 0.283368 0.219160 0.106594 0.000595 0.390283
1 4 0.264929 0.337420 0.193412 0.000313 0.203925
1 4 0.177119 0.396864 0.194184 0.000125 0.231707
4 4 0.073812 0.296108 0.301801 0.001204 0.327075
4 4 0.213099 0.181917 0.081807 0.000859 0.522318
4 4 0.209276 0.274276 0.116998 0.000344 0.399107
4 4 0.250840 0.192250 0.074642 0.000446 0.481822
4 4 0.209097 0.254064 0.127602 0.001144 0.408093
4 4 0.192709 0.249761 0.131647 0.002316 0.423566
1 4 0.216279 0.361908 0.085414 0.000061 0.336337
4 4 0.274683 0.222998 0.097285 0.000814 0.404220
4 4 0.204848 0.276118 0.083198 0.000169 0.435668
4 4 0.242996 0.149980 0.084466 0.005243 0.517315
4 4 0.194338 0.193700 0.084623 0.000892 0.526447
4 4 0.142123 0.169602 0.061633 0.000137 0.626505
1 4 0.301004 0.347054 0.045108 0.000004 0.306830
4 4 0.271676 0.216279 0.072525 0.000240 0.439281
4 4 0.160187 0.181375 0.107487 0.003078 0.547874
4 4 0.200372 0.172914 0.098274 0.002456 0.525984
4 4 0.207390 0.193292 0.086282 0.000859 0.512178
4 4 0.220901 0.214055 0.105755 0.001437 0.457853
4 4 0.208444 0.329529 0.104512 0.000229 0.357286
0 4 0.479435 0.203981 0.053601 0.000051 0.262932
4 4 0.244377 0.282412 0.083676 0.000080 0.389454
4 4 0.224026 0.285605 0.122579 0.000149 0.367641
4 4 0.079291 0.302279 0.286478 0.000550 0.331402
2 4 0.094360 0.247882 0.431369 0.004679 0.221710
4 4 0.083159 0.283349 0.306749 0.001815 0.324927
2 4 0.065818 0.252501 0.442351 0.004402 0.234928
2 4 0.088808 0.239754 0.349688 0.002904 0.318846
4 4 0.017195 0.152371 0.362754 0.007926 0.459754
4 4 0.213143 0.195527 0.133421 0.001155 0.456754
2 4 0.058374 0.238520 0.421162 0.003337 0.278607
2 4 0.041635 0.254532 0.394000 0.002199 0.307634
2 4 0.069532 0.286494 0.344442 0.002101 0.297431
2 2 0.042375 0.342627 0.451019 0.000841 0.163139
1 2 0.087700 0.315464 0.307201 0.000638 0.288997
2 2 0.035855 0.183347 0.540986 0.009246 0.230567
2 2 0.027553 0.161966 0.536219 0.006519 0.267743
2 2 0.042703 0.199768 0.533328 0.008303 0.215898
2 2 0.014066 0.168522 0.544634 0.007077 0.265701
2 2 0.007732 0.137197 0.640143 0.006978 0.207950
2 2 0.022578 0.209260 0.487533 0.005376 0.275253
2 2 0.018192 0.159372 0.551193 0.021540 0.249703
2 2 0.005447 0.124852 0.717813 0.013240 0.138649
2 2 0.012416 0.085525 0.832207 0.011815 0.058037
2 2 0.002721 0.026560 0.954799 0.007857 0.008064
2 2 0.003075 0.075242 0.819552 0.043501 0.058631
2 2 0.003623 0.031725 0.918226 0.031107 0.015320
2 2 0.001851 0.037682 0.937490 0.004296 0.018680
2 2 0.002471 0.040806 0.903975 0.028386 0.024361
2 2 0.001543 0.036215 0.922981 0.025874 0.013387
2 2 0.002356 0.029429 0.930122 0.012515 0.025577
2 2 0.002895 0.047774 0.906409 0.019828 0.023095
2 2 0.010576 0.082887 0.846717 0.004755 0.055065
2 2 0.001548 0.076561 0.787483 0.002084 0.132324
2 2 0.005614 0.070374 0.834463 0.000811 0.088739
2 2 0.004308 0.103939 0.681208 0.007581 0.202965
2 2 0.005394 0.077044 0.830894 0.004664 0.082003
2 2 0.007446 0.050688 0.859695 0.003652 0.078519
2 2 0.003660 0.054518 0.868376 0.006700 0.066745
2 2 0.003664 0.048283 0.863228 0.009912 0.074913
2 2 0.007200 0.069588 0.872987 0.005435 0.044791
2 2 0.004069 0.040980 0.907841 0.011541 0.035570
2 2 0.001932 0.040685 0.891567 0.004227 0.061589
2 2 0.003759 0.009612 0.891364 0.093828 0.001438
2 2 0.002713 0.016358 0.936536 0.040844 0.003548
2 2 0.003809 0.023411 0.945909 0.022036 0.004835
2 2 0.001297 0.013322 0.952958 0.029390 0.003032
2 2 0.003514 0.022870 0.788807 0.176582 0.008228
2 2 0.008108 0.026305 0.774414 0.183040 0.008133
2 2 0.003013 0.010765 0.786873 0.197084 0.002266
2 2 0.010591 0.037340 0.848623 0.094204 0.009242
2 2 0.007351 0.013855 0.916926 0.059815 0.002054
2 2 0.002259 0.013927 0.882625 0.097823 0.003366
2 2 0.011560 0.025213 0.821979 0.135054 0.006194
2 2 0.006554 0.009670 0.691527 0.290609 0.001641
2 2 0.024546 0.026914 0.720313 0.221951 0.006275
2 2 0.011999 0.033741 0.758249 0.186387 0.009623
3 2 0.005029 0.015526 0.447740 0.525777 0.005928
2 2 0.009206 0.017986 0.497182 0.470995 0.004631
2 2 0.009229 0.015360 0.781603 0.190852 0.002955
3 2 0.006575 0.013049 0.444831 0.531560 0.003984
2 2 0.013919 0.032119 0.579308 0.365314 0.009339
3 2 0.002492 0.007379 0.354322 0.633488 0.002318
3 2 0.039280 0.014449 0.439086 0.504691 0.002493
3 2 0.002187 0.006799 0.333034 0.656439 0.001540
3 2 0.004088 0.006017 0.226968 0.761102 0.001825
3 2 0.005865 0.010124 0.346951 0.633943 0.003118
3 2 0.003654 0.008884 0.259428 0.724532 0.003503
3 3 0.001262 0.002709 0.104272 0.890708 0.001049
3 3 0.002832 0.008588 0.258296 0.727137 0.003147
3 3 0.000343 0.001699 0.073273 0.923815 0.000869
3 3 0.001577 0.007028 0.141196 0.846854 0.003345
3 3 0.000301 0.000996 0.039489 0.958747 0.000468
3 3 0.002414 0.005649 0.073724 0.915126 0.003087
3 3 0.002326 0.006236 0.102366 0.886094 0.002978
3 3 0.000313 0.001233 0.051645 0.946281 0.000527
3 3 0.002623 0.006612 0.085441 0.901883 0.003440
3 3 0.001552 0.003251 0.064158 0.929417 0.001622
3 3 0.000820 0.001962 0.042648 0.953441 0.001129
3 3 0.000625 0.001954 0.053414 0.942909 0.001097
3 3 0.007818 0.019901 0.156198 0.810016 0.006067
3 3 0.000154 0.000841 0.055196 0.943429 0.000381
3 3 0.000579 0.001326 0.033286 0.964052 0.000756
3 3 0.000047 0.000511 0.075726 0.923526 0.000190
3 3 0.001722 0.010558 0.223149 0.760069 0.004502
2 3 0.014243 0.023901 0.620980 0.335524 0.005352
3 3 0.000344 0.001828 0.253264 0.744109 0.000456
2 3 0.009891 0.057875 0.746096 0.177765 0.008373
3 3 0.001511 0.006453 0.188464 0.800321 0.003252
3 3 0.002469 0.007851 0.329001 0.658523 0.002156
3 3 0.005848 0.007894 0.218335 0.766068 0.001855
3 3 0.003953 0.016082 0.396705 0.578126 0.005135
3 3 0.002651 0.010280 0.212143 0.770087 0.004839
3 3 0.004722 0.010779 0.389085 0.591944 0.003470
3 3 0.006395 0.009639 0.314710 0.667358 0.001898
3 3 0.001810 0.002852 0.127152 0.867285 0.000901
3 3 0.005795 0.004841 0.224906 0.763774 0.000685
3 3 0.001373 0.003461 0.100483 0.893218 0.001464
3 3 0.004703 0.007190 0.336831 0.650136 0.001139
2 2 0.004927 0.017641 0.632935 0.342702 0.001796
2 2 0.018387 0.018141 0.529025 0.431734 0.002713
2 2 0.027152 0.075016 0.788105 0.103162 0.006564
2 2 0.015442 0.033731 0.767558 0.178649 0.004619
3 2 0.002859 0.005579 0.401974 0.588958 0.000630
2 2 0.021790 0.017479 0.654347 0.305191 0.001193
2 2 0.020781 0.018792 0.808395 0.151032 0.001000
2 2 0.016484 0.035655 0.875349 0.069751 0.002760
2 2 0.011294 0.025542 0.911561 0.049772 0.001831
2 2 0.031237 0.037078 0.839409 0.090358 0.001918
2 2 0.033412 0.064744 0.872978 0.026488 0.002378
2 2 0.012732 0.063181 0.900615 0.019235 0.004238
2 2 0.018038 0.035258 0.891928 0.052738 0.002038
2 2 0.019337 0.050267 0.819369 0.105735 0.005292
2 2 0.010523 0.051982 0.919287 0.015178 0.003030
2 2 0.015359 0.037216 0.810740 0.132789 0.003896
2 2 0.006076 0.012871 0.812653 0.166717 0.001682
3 2 0.000879 0.007690 0.479440 0.510420 0.001571
2 2 0.023247 0.071594 0.850144 0.050407 0.004609
3 2 0.001212 0.003504 0.451109 0.543523 0.000653
2 2 0.003612 0.026846 0.764527 0.201757 0.003258
2 2 0.014620 0.043004 0.745911 0.189940 0.006525
3 2 0.000158 0.001829 0.466035 0.531587 0.000391
2 2 0.003292 0.009745 0.685973 0.299582 0.001410
2 2 0.005221 0.010502 0.530526 0.451919 0.001832
3 2 0.000186 0.002235 0.420427 0.576581 0.000571
2 2 0.023708 0.026990 0.679335 0.267425 0.002541
2 2 0.008888 0.034287 0.678763 0.271402 0.006660
3 2 0.002519 0.008253 0.441219 0.546421 0.001588
2 2 0.008984 0.019376 0.780927 0.188658 0.002056
3 2 0.000442 0.002342 0.313474 0.683195 0.000547
3 2 0.000662 0.004060 0.353804 0.640243 0.001232
2 2 0.005285 0.008158 0.543283 0.441725 0.001548
2 2 0.006722 0.023953 0.624692 0.340408 0.004225
3 2 0.000518 0.001697 0.266267 0.731181 0.000336
2 2 0.005942 0.013721 0.607389 0.371325 0.001623
2 2 0.000979 0.007625 0.601620 0.387811 0.001964
3 2 0.003360 0.004985 0.323261 0.667604 0.000790
2 2 0.004216 0.011150 0.552646 0.429517 0.002472
2 2 0.010825 0.030047 0.663729 0.289942 0.005456
2 2 0.007964 0.030323 0.671832 0.284627 0.005254
3 2 0.004389 0.010160 0.433533 0.549619 0.002299
2 2 0.002574 0.006333 0.515408 0.474428 0.001257
2 2 0.003267 0.013278 0.548761 0.432489 0.002204
2 2 0.010610 0.020607 0.614432 0.350729 0.003622
3 2 0.007163 0.026267 0.476528 0.483331 0.006712
3 2 0.002766 0.004728 0.343038 0.648537 0.000932
2 2 0.066831 0.035773 0.492465 0.403925 0.001006
2 2 0.037392 0.074773 0.748578 0.136223 0.003033
2 2 0.125081 0.095960 0.631630 0.145513 0.001815
2 2 0.045642 0.192598 0.734606 0.022164 0.004990
3 2 0.009697 0.007974 0.436525 0.544501 0.001303
2 2 0.006922 0.018911 0.782049 0.189835 0.002284
2 2 0.019186 0.033953 0.802895 0.141285 0.002680
2 2 0.009989 0.063290 0.904997 0.018318 0.003405
2 2 0.009511 0.032840 0.926298 0.029076 0.002274
2 2 0.005368 0.021086 0.813869 0.158587 0.001090
2 2 0.003084 0.020363 0.833461 0.140661 0.002431
2 2 0.002734 0.010689 0.743018 0.242556 0.001003
2 2 0.016007 0.042425 0.904708 0.034642 0.002218
2 2 0.014381 0.036896 0.899746 0.045479 0.003498
2 2 0.009211 0.028496 0.824852 0.135065 0.002376
2 2 0.011071 0.067356 0.855259 0.059755 0.006561
2 2 0.006927 0.012454 0.746218 0.233319 0.001082
2 2 0.003334 0.008615 0.751015 0.236361 0.000675
2 2 0.004620 0.022579 0.795146 0.173933 0.003723
2 2 0.004277 0.018221 0.823272 0.152228 0.002001
2 2 0.016309 0.038559 0.858567 0.083470 0.003095
2 2 0.002659 0.009626 0.594031 0.391601 0.002082
2 2 0.011486 0.038744 0.911437 0.036266 0.002067
2 2 0.003123 0.010063 0.745806 0.239731 0.001277
2 2 0.015655 0.037872 0.844718 0.098678 0.003077
2 2 0.010675 0.033684 0.843810 0.109145 0.002687
2 2 0.006604 0.024281 0.784243 0.181933 0.002939
2 2 0.005572 0.023165 0.939172 0.030516 0.001575
2 2 0.011236 0.034981 0.866064 0.084351 0.003368
2 2 0.022818 0.046936 0.886080 0.041580 0.002587
2 2 0.028695 0.020484 0.574426 0.375564 0.000831
2 2 0.062653 0.137181 0.740934 0.055532 0.003700
2 2 0.001819 0.003707 0.518034 0.475925 0.000516
2 2 0.009707 0.027328 0.884117 0.077083 0.001764
2 2 0.011034 0.032573 0.890670 0.062708 0.003015
2 2 0.007757 0.006085 0.565744 0.419649 0.000766
2 2 0.011753 0.044538 0.914432 0.026324 0.002953
2 2 0.003139 0.006208 0.668992 0.320746 0.000916
2 2 0.008564 0.019870 0.728339 0.240249 0.002977
2 2 0.020953 0.086577 0.874632 0.010433 0.007406
2 2 0.016953 0.024923 0.832606 0.124437 0.001081
2 2 0.014632 0.017428 0.814184 0.151897 0.001859
2 2 0.008673 0.025300 0.875766 0.087405 0.002856
2 2 0.050606 0.066854 0.834469 0.045871 0.002201
2 2 0.133527 0.185331 0.633301 0.045050 0.002791
2 2 0.033528 0.179345 0.768972 0.013671 0.004484
2 2 0.012355 0.016059 0.846630 0.123448 0.001508
2 2 0.021522 0.023526 0.834363 0.118893 0.001696
2 2 0.005044 0.029010 0.940932 0.022915 0.002100
2 2 0.006989 0.035751 0.891524 0.061454 0.004283
2 2 0.013068 0.031852 0.937019 0.016619 0.001442
2 2 0.003447 0.020751 0.970990 0.003963 0.000848
2 2 0.007487 0.013821 0.797571 0.178681 0.002439
2 2 0.011628 0.066379 0.850828 0.063744 0.007421
2 2 0.033088 0.080478 0.837730 0.045094 0.003610
2 2 0.033179 0.226126 0.727334 0.008267 0.005094
2 2 0.010468 0.040978 0.921734 0.024625 0.002195
2 2 0.007689 0.022856 0.923793 0.043693 0.001969
2 2 0.013621 0.042261 0.910746 0.030505 0.002867
2 2 0.004924 0.081727 0.901531 0.006796 0.005022
2 2 0.008032 0.030378 0.851833 0.106447 0.003310
2 2 0.096741 0.110165 0.740233 0.050250 0.002611
2 2 0.037708 0.339705 0.615581 0.001192 0.005814
2 2 0.005834 0.031118 0.948592 0.012545 0.001912
2 2 0.012867 0.009054 0.842543 0.134632 0.000905
2 2 0.015923 0.032681 0.884440 0.064744 0.002212
2 2 0.020561 0.088374 0.843951 0.036951 0.010162
2 2 0.042645 0.251896 0.593739 0.004915 0.106805
2 2 0.026539 0.193006 0.677602 0.012933 0.089921
2 2 0.072647 0.329791 0.422620 0.001816 0.173126
2 2 0.028928 0.188958 0.677108 0.005847 0.099160
2 2 0.046950 0.244307 0.491012 0.001631 0.216099
2 4 0.039026 0.268524 0.514139 0.004533 0.173777
2 4 0.027000 0.272995 0.476781 0.003586 0.219639
2 4 0.044831 0.160125 0.451806 0.026348 0.316891
2 4 0.106213 0.326344 0.328592 0.001248 0.237604
1 4 0.161627 0.388028 0.300203 0.001586 0.148555
4 4 0.148912 0.243254 0.131638 0.000908 0.475289
1 4 0.119937 0.364260 0.179399 0.000198 0.336207
4 4 0.074654 0.230511 0.344376 0.002503 0.347957
2 4 0.024096 0.220876 0.409770 0.004803 0.340455
4 4 0.064597 0.200532 0.205018 0.003237 0.526615
4 4 0.031171 0.184170 0.246825 0.007071 0.530764
4 4 0.058737 0.183707 0.231592 0.007194 0.518771
4 4 0.073198 0.223674 0.206231 0.004495 0.492403
4 4 0.063169 0.291415 0.229997 0.001621 0.413799
4 4 0.039653 0.205601 0.222050 0.002785 0.529910
4 4 0.109701 0.236502 0.230374 0.005957 0.417466
4 4 0.192602 0.308752 0.186720 0.000539 0.311388
4 4 0.125531 0.265552 0.195131 0.002755 0.411031
1 4 0.205163 0.334742 0.142744 0.001024 0.316325
1 4 0.178301 0.343607 0.137018 0.000227 0.340848
1 4 0.214430 0.346801 0.157535 0.000232 0.281002
2 4 0.097233 0.308921 0.356846 0.000577 0.236422
1 4 0.120114 0.332057 0.221348 0.001079 0.325402
4 4 0.205797 0.284932 0.161823 0.002083 0.345365
4 4 0.063660 0.206189 0.230640 0.010381 0.489130
1 4 0.161456 0.415282 0.228741 0.000563 0.193958
2 4 0.030226 0.294493 0.465459 0.003099 0.206724
1 4 0.174690 0.374039 0.258156 0.001331 0.191784
1 4 0.202069 0.362127 0.209506 0.000964 0.225334
2 4 0.078168 0.310714 0.420824 0.003529 0.186765
2 4 0.081739 0.318916 0.392544 0.001556 0.205244
