0 0 0.936582 0.046656 0.008742 0.000943 0.007076
0 0 0.725002 0.191413 0.061728 0.001905 0.019952
0 0 0.889030 0.080856 0.018459 0.001199 0.010456
0 0 0.733697 0.184017 0.057894 0.002463 0.021929
0 0 0.824429 0.126627 0.034501 0.001214 0.013230
0 0 0.715571 0.192011 0.060947 0.003918 0.027553
0 0 0.775929 0.155460 0.045281 0.002623 0.020707
0 0 0.932277 0.049306 0.009378 0.001134 0.007906
0 0 0.722650 0.193699 0.063019 0.001676 0.018956
0 0 0.940258 0.042989 0.007756 0.001265 0.007732
0 0 0.551246 0.297693 0.120780 0.002457 0.027825
0 0 0.960508 0.029470 0.004737 0.000628 0.004656
0 0 0.670955 0.226152 0.079068 0.001943 0.021882
0 0 0.907989 0.067896 0.014608 0.000939 0.008569
0 0 0.824881 0.124025 0.033100 0.001923 0.016072
0 0 0.861740 0.100720 0.025085 0.001117 0.011338
0 0 0.763017 0.164693 0.049301 0.002420 0.020569
0 0 0.920503 0.058828 0.012019 0.000888 0.007762
0 0 0.581305 0.280841 0.110296 0.002138 0.025420
0 0 0.667981 0.229088 0.080985 0.001622 0.020323
0 0 0.751118 0.169967 0.049821 0.003189 0.025904
0 0 0.770549 0.160921 0.043342 0.001572 0.023616
0 0 0.825504 0.121942 0.029471 0.001865 0.021217
0 0 0.946668 0.038833 0.006624 0.000916 0.006959
0 0 0.968714 0.023802 0.003182 0.000222 0.004079
0 0 0.974081 0.019926 0.002343 0.000107 0.003543
0 0 0.964677 0.026537 0.003386 0.000176 0.005223
0 0 0.855783 0.102782 0.020935 0.000778 0.019722
0 0 0.939679 0.043863 0.007322 0.000725 0.008411
0 0 0.933544 0.050010 0.008711 0.000391 0.007344
0 0 0.951544 0.036077 0.005431 0.000360 0.006589
0 0 0.791867 0.146483 0.037141 0.001415 0.023095
0 0 0.885714 0.082949 0.015979 0.000604 0.014754
0 0 0.833732 0.116437 0.030100 0.002437 0.017294
0 0 0.901311 0.072058 0.012884 0.000456 0.013290
0 0 0.822092 0.125321 0.031960 0.001867 0.018759
0 0 0.957475 0.031305 0.003880 0.000154 0.007185
0 0 0.860627 0.098059 0.019721 0.000988 0.020604
0 0 0.918680 0.059704 0.009778 0.000340 0.011498
0 0 0.822024 0.127510 0.027267 0.000596 0.022603
0 0 0.825179 0.126395 0.034475 0.001133 0.012818
0 0 0.915501 0.062432 0.012181 0.000707 0.009179
0 0 0.947853 0.039485 0.007077 0.000537 0.005048
0 0 0.965119 0.026292 0.004083 0.000509 0.003997
0 0 0.960399 0.029545 0.004753 0.000631 0.004672
0 0 0.975523 0.018949 0.002668 0.000279 0.002581
0 0 0.945668 0.040729 0.007213 0.000610 0.005780
0 0 0.977627 0.017431 0.002394 0.000240 0.002309
0 0 0.901008 0.073035 0.016153 0.000933 0.008871
0 0 0.966753 0.025156 0.003855 0.000469 0.003767
0 0 0.958358 0.031440 0.005195 0.000533 0.004474
0 0 0.966778 0.025138 0.003851 0.000469 0.003764
0 0 0.956715 0.032055 0.005285 0.000734 0.005212
0 0 0.778003 0.157252 0.046643 0.001564 0.016538
0 0 0.774134 0.158412 0.046828 0.002020 0.018607
0 0 0.921563 0.057658 0.011395 0.000922 0.008462
0 0 0.789553 0.150460 0.044031 0.001261 0.014695
0 0 0.799322 0.142329 0.040361 0.001694 0.016295
0 0 0.900503 0.070938 0.015255 0.001746 0.011558
0 0 0.926774 0.053688 0.010560 0.001038 0.007941
0 0 0.730728 0.190587 0.062268 0.001064 0.015353
0 0 0.946348 0.042276 0.008016 0.000176 0.003184
0 0 0.997335 0.002323 0.000177 0.000006 0.000159
0 0 0.989435 0.008629 0.000963 0.000067 0.000906
0 0 0.999244 0.000687 0.000037 0.000001 0.000032
0 0 0.991828 0.006769 0.000704 0.000043 0.000656
0 0 0.991033 0.007391 0.000789 0.000050 0.000737
0 0 0.983336 0.013242 0.001677 0.000145 0.001601
0 0 0.984666 0.012249 0.001516 0.000126 0.001443
0 0 0.961851 0.029017 0.004681 0.000454 0.003997
0 0 0.950689 0.036467 0.006282 0.000793 0.005769
0 0 0.963579 0.027322 0.004370 0.000554 0.004176
0 0 0.967278 0.024789 0.003782 0.000457 0.003694
0 0 0.827425 0.122223 0.032419 0.001935 0.015997
0 0 0.942891 0.042523 0.007754 0.000748 0.006084
0 0 0.939496 0.045355 0.008492 0.000670 0.005987
0 0 0.947172 0.039550 0.007049 0.000666 0.005562
0 0 0.962331 0.028259 0.004308 0.000468 0.004635
0 0 0.949310 0.038361 0.006294 0.000381 0.005653
0 0 0.951811 0.035553 0.006065 0.000814 0.005758
0 0 0.966628 0.023563 0.003119 0.000157 0.006533
0 0 0.966729 0.024828 0.003863 0.000470 0.004111
0 0 0.959925 0.029888 0.004761 0.000600 0.004826
0 0 0.968735 0.021381 0.003399 0.000337 0.006147
0 0 0.963497 0.027158 0.003192 0.000114 0.006039
0 0 0.961072 0.028940 0.003636 0.000165 0.006188
0 0 0.956341 0.032298 0.004472 0.000286 0.006604
0 0 0.945380 0.038495 0.004330 0.000096 0.011699
0 0 0.960585 0.028407 0.002808 0.000045 0.008156
0 0 0.927083 0.051295 0.007046 0.000265 0.014311
0 0 0.723540 0.198513 0.052382 0.000500 0.025065
0 0 0.622163 0.261598 0.085310 0.001048 0.029880
0 0 0.778872 0.156349 0.041906 0.001357 0.021515
0 0 0.766016 0.166858 0.038056 0.000500 0.028570
0 0 0.921065 0.057560 0.011581 0.001157 0.008638
0 1 0.807893 0.139119 0.027753 0.000270 0.024965
0 1 0.703795 0.213707 0.056384 0.000357 0.025756
0 1 0.807304 0.138504 0.032122 0.000691 0.021378
0 1 0.703928 0.208083 0.058200 0.000943 0.028846
0 0 0.925447 0.052639 0.010128 0.001783 0.010004
0 0 0.826406 0.124608 0.028102 0.000779 0.020104
0 0 0.833053 0.122550 0.030719 0.000653 0.013025
0 1 0.634057 0.261815 0.080874 0.000319 0.022935
0 1 0.715230 0.202483 0.059869 0.000813 0.021606
0 0 0.696335 0.212174 0.060987 0.001128 0.029375
0 0 0.633661 0.262611 0.078611 0.000295 0.024822
0 0 0.583949 0.286332 0.108627 0.000769 0.020323
0 0 0.873081 0.091563 0.018204 0.000673 0.016480
0 0 0.568820 0.299076 0.110513 0.000513 0.021078
0 0 0.543427 0.312082 0.121504 0.000700 0.022287
0 0 0.977626 0.017307 0.002290 0.000186 0.002591
0 0 0.980117 0.015619 0.002065 0.000190 0.002009
0 0 0.982637 0.013230 0.001573 0.000083 0.002478
0 0 0.979378 0.015983 0.001591 0.000041 0.003007
0 0 0.977026 0.017789 0.001982 0.000078 0.003125
0 0 0.982691 0.013717 0.001562 0.000082 0.001948
0 0 0.983427 0.013050 0.001242 0.000031 0.002251
0 0 0.980198 0.015562 0.002038 0.000181 0.002021
0 0 0.980736 0.015123 0.001661 0.000069 0.002410
0 0 0.982604 0.013702 0.001789 0.000166 0.001740
0 0 0.987457 0.010143 0.001187 0.000089 0.001123
0 0 0.995534 0.003844 0.000303 0.000006 0.000313
0 0 0.995078 0.004267 0.000397 0.000008 0.000249
0 0 0.989278 0.008750 0.000981 0.000068 0.000923
0 0 0.990402 0.007882 0.000857 0.000057 0.000803
0 0 0.967368 0.025647 0.004043 0.000221 0.002721
0 0 0.872278 0.096380 0.024360 0.000353 0.006629
0 0 0.935362 0.049355 0.008854 0.000323 0.006105
0 0 0.802623 0.142724 0.032488 0.000519 0.021646
0 0 0.840637 0.118121 0.025362 0.000323 0.015557
0 0 0.682471 0.224096 0.056451 0.000468 0.036515
0 0 0.558682 0.305529 0.091754 0.000529 0.043505
1 0 0.377530 0.418277 0.161563 0.000388 0.042243
0 0 0.440432 0.383421 0.136796 0.000342 0.039008
0 0 0.409285 0.398637 0.149961 0.000456 0.041661
1 0 0.373683 0.423238 0.162044 0.000298 0.040738
1 0 0.341302 0.435031 0.185066 0.000441 0.038159
1 0 0.331902 0.447443 0.181639 0.000246 0.038770
1 0 0.263696 0.479489 0.220372 0.000243 0.036200
1 0 0.253128 0.475733 0.240644 0.000319 0.030175
1 0 0.233517 0.497794 0.239275 0.000121 0.029293
1 0 0.223564 0.499539 0.248746 0.000128 0.028023
1 0 0.167631 0.511519 0.297923 0.000120 0.022806
1 1 0.180856 0.513999 0.279439 0.000108 0.025598
1 1 0.155963 0.512074 0.308319 0.000145 0.023500
1 1 0.130223 0.520954 0.328729 0.000079 0.020014
1 1 0.088594 0.502508 0.392221 0.000130 0.016546
1 1 0.087124 0.516596 0.376635 0.000095 0.019550
1 1 0.195386 0.514771 0.260479 0.000101 0.029263
1 1 0.341384 0.456010 0.163882 0.000080 0.038644
1 1 0.162130 0.551965 0.233581 0.000045 0.052279
1 1 0.212268 0.516781 0.214423 0.000133 0.056395
1 1 0.147835 0.560964 0.245251 0.000030 0.045919
1 1 0.241460 0.510915 0.200232 0.000072 0.047321
1 1 0.143002 0.548896 0.267503 0.000058 0.040542
1 1 0.152825 0.547101 0.225471 0.000086 0.074517
1 1 0.218384 0.526818 0.193760 0.000055 0.060983
1 1 0.244231 0.504841 0.183195 0.000108 0.067626
1 1 0.266962 0.495737 0.184626 0.000093 0.052583
1 1 0.271216 0.493704 0.178131 0.000092 0.056856
1 1 0.339995 0.451795 0.163726 0.000132 0.044351
1 1 0.241005 0.501550 0.207698 0.000147 0.049599
1 1 0.225175 0.503594 0.229666 0.000172 0.041392
1 1 0.267645 0.484214 0.165442 0.000171 0.082528
1 1 0.204097 0.511751 0.233384 0.000215 0.050553
1 1 0.164478 0.532398 0.256754 0.000128 0.046241
1 1 0.135340 0.526724 0.291389 0.000274 0.046273
1 1 0.157897 0.520683 0.282905 0.000219 0.038296
1 1 0.133116 0.529781 0.290415 0.000237 0.046450
1 1 0.118911 0.523432 0.313025 0.000263 0.044369
1 1 0.149795 0.493489 0.310878 0.001029 0.044809
1 1 0.076213 0.510410 0.373683 0.000517 0.039177
1 2 0.055292 0.456300 0.454468 0.000611 0.033330
2 2 0.059939 0.437759 0.457238 0.000780 0.044283
2 2 0.060007 0.423161 0.478847 0.000774 0.037212
2 2 0.120702 0.341822 0.499088 0.002294 0.036094
1 1 0.155548 0.505647 0.306312 0.000389 0.032104
1 1 0.080864 0.497301 0.390912 0.000356 0.030566
2 1 0.048319 0.410195 0.512454 0.001045 0.027988
1 1 0.077846 0.452918 0.436079 0.000541 0.032616
2 1 0.032787 0.350102 0.606545 0.000574 0.009992
2 1 0.026912 0.322373 0.639412 0.000860 0.010443
2 1 0.022927 0.226298 0.742286 0.001015 0.007473
2 1 0.050766 0.412420 0.524900 0.000418 0.011495
2 1 0.066522 0.422455 0.497580 0.000522 0.012922
2 1 0.020848 0.232548 0.740670 0.000653 0.005281
2 1 0.044726 0.350124 0.593980 0.000714 0.010456
2 1 0.065059 0.460309 0.462855 0.000253 0.011523
2 1 0.067106 0.406800 0.514090 0.000486 0.011517
2 1 0.039511 0.408962 0.534842 0.000842 0.015843
2 1 0.035921 0.434130 0.512856 0.000654 0.016438
2 1 0.033023 0.193648 0.768695 0.000799 0.003836
2 2 0.004440 0.145558 0.844974 0.001087 0.003940
2 2 0.003385 0.113514 0.877884 0.001803 0.003414
2 2 0.031483 0.236360 0.720680 0.002498 0.008979
2 2 0.005969 0.133711 0.854563 0.001781 0.003976
2 2 0.041107 0.114971 0.837804 0.003313 0.002805
2 2 0.005038 0.029613 0.962008 0.001571 0.001770
2 2 0.021518 0.086700 0.887695 0.002369 0.001718
2 2 0.046750 0.129182 0.810597 0.008475 0.004996
2 2 0.000986 0.009610 0.713540 0.274126 0.001738
2 2 0.001191 0.007437 0.694919 0.295170 0.001284
2 2 0.001013 0.005316 0.735570 0.257030 0.001072
3 3 0.000296 0.003953 0.493901 0.500564 0.001286
2 3 0.000880 0.009648 0.525002 0.461138 0.003332
3 3 0.000860 0.007494 0.427555 0.560820 0.003270
3 3 0.000678 0.006851 0.467817 0.522063 0.002590
3 3 0.000453 0.004357 0.400647 0.592642 0.001901
3 3 0.000452 0.003758 0.367179 0.626995 0.001616
3 3 0.001035 0.005009 0.259619 0.731140 0.003197
3 3 0.000774 0.002127 0.114303 0.880199 0.002598
3 3 0.002001 0.003702 0.113278 0.877053 0.003965
3 3 0.003177 0.012463 0.297478 0.679508 0.007374
3 3 0.001331 0.004312 0.171389 0.818933 0.004035
3 3 0.001639 0.003247 0.131558 0.860480 0.003076
3 3 0.001340 0.002572 0.092775 0.899790 0.003524
3 3 0.000657 0.001059 0.058342 0.938136 0.001806
3 3 0.001125 0.001913 0.093179 0.901516 0.002266
3 3 0.001304 0.001395 0.035674 0.957102 0.004524
3 3 0.000839 0.001210 0.052349 0.943174 0.002428
3 3 0.000521 0.000619 0.030445 0.966469 0.001945
3 3 0.000815 0.000851 0.028446 0.966746 0.003143
3 3 0.001411 0.001802 0.050974 0.941675 0.004138
3 3 0.000858 0.000833 0.025312 0.969505 0.003493
3 3 0.000326 0.000405 0.027671 0.970327 0.001271
3 3 0.000574 0.000625 0.026821 0.969705 0.002275
3 3 0.000779 0.000742 0.023530 0.971669 0.003281
3 3 0.000955 0.000895 0.024732 0.969487 0.003930
3 3 0.001029 0.000882 0.021496 0.972075 0.004519
3 3 0.000801 0.000763 0.023776 0.971302 0.003358
3 3 0.000849 0.000657 0.016496 0.977788 0.004211
3 3 0.000490 0.000459 0.019085 0.977695 0.002271
3 3 0.001449 0.001525 0.036018 0.956001 0.005006
3 3 0.000552 0.000443 0.014956 0.981186 0.002862
3 3 0.000719 0.000630 0.019554 0.975802 0.003295
3 3 0.000801 0.000659 0.018069 0.976660 0.003811
3 3 0.000937 0.000716 0.016737 0.976994 0.004616
3 3 0.000764 0.000672 0.020128 0.974979 0.003458
3 3 0.000681 0.000573 0.017722 0.977757 0.003268
3 3 0.000654 0.000479 0.013434 0.981872 0.003562
3 3 0.001177 0.000888 0.017839 0.974463 0.005632
3 3 0.002276 0.002145 0.034877 0.952730 0.007973
3 3 0.001744 0.001239 0.018575 0.970259 0.008183
3 3 0.001193 0.000987 0.021323 0.971241 0.005256
3 3 0.003597 0.003114 0.035429 0.945380 0.012481
3 3 0.002885 0.002215 0.026029 0.957302 0.011569
3 3 0.003021 0.003066 0.044538 0.939949 0.009426
3 3 0.003400 0.002947 0.034750 0.946993 0.011911
3 3 0.003762 0.003499 0.041162 0.939409 0.012168
3 3 0.004377 0.003633 0.035276 0.941515 0.015198
3 3 0.032514 0.026780 0.126279 0.775074 0.039353
3 3 0.020758 0.022264 0.097560 0.816558 0.042860
3 3 0.015043 0.016635 0.092769 0.843337 0.032215
3 3 0.030631 0.020806 0.132033 0.788665 0.027864
3 3 0.009964 0.008110 0.092965 0.875389 0.013572
3 3 0.024108 0.018202 0.143920 0.792340 0.021429
3 3 0.002273 0.002390 0.042701 0.945392 0.007243
3 3 0.010691 0.012162 0.086893 0.866406 0.023849
3 3 0.026963 0.039390 0.168485 0.719840 0.045323
3 3 0.051759 0.073410 0.199207 0.607692 0.067932
2 2 0.018210 0.209273 0.623501 0.103877 0.045140
2 2 0.006906 0.063100 0.673157 0.242954 0.013883
2 2 0.004720 0.066587 0.761658 0.155990 0.011045
2 2 0.002666 0.025803 0.770883 0.196563 0.004085
2 2 0.004575 0.037748 0.801418 0.151365 0.004894
2 2 0.000993 0.014169 0.671114 0.310634 0.003090
2 2 0.004260 0.026773 0.722691 0.241980 0.004297
2 2 0.077633 0.121438 0.704140 0.084688 0.012100
2 2 0.041131 0.176753 0.699761 0.060865 0.021490
2 2 0.007702 0.029644 0.854571 0.105235 0.002849
2 2 0.032622 0.106157 0.774763 0.075513 0.010945
2 2 0.032856 0.137618 0.763186 0.052868 0.013473
2 2 0.006728 0.035840 0.841978 0.111387 0.004067
2 2 0.012416 0.081833 0.823066 0.074643 0.008042
2 2 0.020859 0.069691 0.649239 0.244037 0.016174
2 2 0.004412 0.035630 0.601080 0.347286 0.011591
2 2 0.162856 0.261858 0.427889 0.095000 0.052398
2 2 0.100978 0.262404 0.485165 0.098088 0.053365
2 2 0.017907 0.114704 0.780914 0.073472 0.013003
2 2 0.094265 0.196584 0.657042 0.034476 0.017633
2 2 0.009288 0.095005 0.884012 0.007792 0.003904
2 2 0.012205 0.117176 0.859891 0.006046 0.004682
2 2 0.025822 0.132037 0.818888 0.015729 0.007524
2 2 0.031043 0.136718 0.818240 0.008196 0.005804
2 2 0.032538 0.140147 0.811767 0.008955 0.006593
2 2 0.013855 0.138407 0.832237 0.008507 0.006994
2 2 0.013701 0.120520 0.843269 0.015319 0.007191
2 2 0.030996 0.097609 0.854584 0.012783 0.004029
2 2 0.006448 0.091043 0.890690 0.007884 0.003935
2 2 0.002545 0.078337 0.907975 0.005650 0.005492
2 2 0.003333 0.018227 0.939880 0.037524 0.001037
2 2 0.024657 0.086879 0.856329 0.027280 0.004855
2 2 0.001753 0.035672 0.954882 0.005131 0.002562
2 2 0.001575 0.049459 0.907021 0.030402 0.011543
2 2 0.003614 0.042322 0.941503 0.009891 0.002669
2 2 0.051762 0.226189 0.698752 0.009578 0.013719
2 2 0.002579 0.060607 0.923022 0.009907 0.003886
2 2 0.008828 0.071607 0.900899 0.013828 0.004838
2 2 0.046094 0.212825 0.701423 0.021644 0.018013
2 2 0.002446 0.052188 0.931541 0.011521 0.002304
2 2 0.005202 0.039042 0.944711 0.009877 0.001169
2 2 0.007428 0.038866 0.946169 0.005831 0.001707
2 2 0.005196 0.082898 0.896695 0.011117 0.004095
2 2 0.015086 0.136555 0.803138 0.032940 0.012280
2 2 0.013341 0.150681 0.812436 0.013565 0.009977
2 2 0.008593 0.051368 0.932072 0.006595 0.001372
2 2 0.016510 0.060978 0.902119 0.017827 0.002566
2 2 0.141342 0.259600 0.566911 0.013426 0.018721
1 2 0.152209 0.408963 0.391414 0.007918 0.039497
2 2 0.105660 0.407849 0.456465 0.003470 0.026555
2 2 0.020780 0.266348 0.696025 0.003287 0.013561
2 2 0.001039 0.030586 0.964759 0.002746 0.000870
2 2 0.005676 0.060175 0.927291 0.005136 0.001722
2 2 0.015262 0.071297 0.907273 0.000865 0.005303
2 2 0.012419 0.117795 0.860924 0.004655 0.004207
2 2 0.006725 0.079550 0.907703 0.002860 0.003162
2 2 0.003570 0.031255 0.962054 0.002339 0.000782
2 2 0.025591 0.202212 0.741672 0.005737 0.024788
2 2 0.008830 0.110766 0.871721 0.004438 0.004245
2 2 0.005394 0.044729 0.945115 0.003033 0.001729
2 2 0.042983 0.144612 0.779489 0.023338 0.009579
2 2 0.001737 0.016161 0.937277 0.042321 0.002504
2 2 0.002865 0.029130 0.933357 0.032870 0.001778
2 2 0.002963 0.027752 0.909131 0.056878 0.003277
2 2 0.000076 0.003442 0.809119 0.186276 0.001088
2 2 0.001757 0.008615 0.912543 0.075954 0.001130
2 2 0.017601 0.101780 0.767136 0.100584 0.012898
2 2 0.016883 0.058006 0.875964 0.045619 0.003529
2 2 0.010069 0.061611 0.904670 0.020724 0.002925
2 2 0.006843 0.042555 0.936199 0.012976 0.001427
2 2 0.000569 0.007778 0.973651 0.016077 0.001926
2 2 0.000321 0.014510 0.933484 0.044696 0.006989
2 2 0.007304 0.040689 0.898560 0.050614 0.002833
2 2 0.049882 0.145921 0.755844 0.036669 0.011684
2 2 0.003067 0.056722 0.914763 0.022104 0.003344
2 2 0.004730 0.029523 0.919446 0.040289 0.006012
2 2 0.034269 0.198509 0.750913 0.006509 0.009801
2 2 0.008379 0.057701 0.922115 0.009833 0.001972
2 2 0.085819 0.193615 0.676410 0.028351 0.015804
2 2 0.009069 0.083592 0.896331 0.007819 0.003190
2 2 0.001628 0.020859 0.968238 0.008751 0.000524
2 2 0.039865 0.094538 0.835296 0.025347 0.004955
2 2 0.022110 0.055313 0.913676 0.007538 0.001363
2 2 0.001351 0.010359 0.978953 0.009087 0.000250
2 2 0.008673 0.027077 0.957831 0.005942 0.000477
2 2 0.003010 0.018925 0.962414 0.015036 0.000615
2 2 0.039866 0.097430 0.823550 0.033266 0.005888
2 2 0.004172 0.024264 0.961620 0.009378 0.000566
2 2 0.002391 0.039307 0.950130 0.006982 0.001190
2 2 0.000824 0.017853 0.970540 0.010248 0.000534
2 2 0.000180 0.002869 0.614083 0.382044 0.000825
2 2 0.000232 0.003380 0.600171 0.395419 0.000799
2 2 0.000902 0.010385 0.545548 0.439708 0.003457
2 3 0.000505 0.008337 0.627965 0.360996 0.002196
3 3 0.000338 0.004032 0.456561 0.537587 0.001483
2 3 0.003196 0.023281 0.508532 0.456315 0.008677
3 3 0.000590 0.005826 0.427649 0.563373 0.002562
2 3 0.002173 0.020894 0.626602 0.345574 0.004757
2 3 0.000776 0.009582 0.589272 0.397768 0.002602
2 3 0.001043 0.007189 0.606544 0.383635 0.001589
3 3 0.001798 0.009296 0.333411 0.650621 0.004873
3 3 0.001311 0.005784 0.262563 0.726847 0.003495
3 3 0.002830 0.007657 0.179903 0.802432 0.007178
3 3 0.001917 0.003689 0.111477 0.878651 0.004267
3 3 0.001297 0.002672 0.102812 0.889924 0.003294
3 3 0.001437 0.002097 0.065573 0.927160 0.003733
3 3 0.000512 0.001037 0.070597 0.926290 0.001565
3 3 0.002736 0.005125 0.113748 0.871780 0.006611
3 3 0.003257 0.004927 0.093409 0.891161 0.007245
3 3 0.001489 0.001742 0.044273 0.947826 0.004669
3 3 0.004220 0.005294 0.074352 0.905853 0.010280
3 3 0.001155 0.001556 0.052129 0.941811 0.003350
3 3 0.002888 0.003220 0.052078 0.933444 0.008369
3 3 0.002057 0.002239 0.043844 0.945387 0.006473
3 3 0.002566 0.003464 0.070643 0.916902 0.006425
3 3 0.003345 0.003539 0.049974 0.933264 0.009878
3 3 0.001626 0.001857 0.043767 0.947626 0.005125
3 3 0.002363 0.002253 0.036150 0.951092 0.008141
3 3 0.001527 0.001806 0.045602 0.946345 0.004720
3 3 0.001930 0.002337 0.052062 0.938072 0.005599
3 3 0.008211 0.005906 0.069953 0.903106 0.012824
3 3 0.033036 0.021950 0.138130 0.778796 0.028088
3 3 0.016439 0.012794 0.087030 0.858229 0.025508
3 3 0.010713 0.009210 0.070484 0.887796 0.021796
3 3 0.012008 0.015063 0.107610 0.841312 0.024007
3 3 0.030844 0.020588 0.117719 0.799292 0.031557
3 3 0.014543 0.010666 0.098491 0.858545 0.017756
3 3 0.008589 0.008920 0.082275 0.882748 0.017468
3 3 0.003987 0.005186 0.080014 0.901620 0.009193
3 3 0.011420 0.010858 0.098366 0.861288 0.018069
3 3 0.005235 0.005712 0.062430 0.912769 0.013855
3 3 0.003759 0.003258 0.040465 0.941143 0.011375
3 3 0.005915 0.005152 0.078024 0.901409 0.009501
3 3 0.002975 0.002613 0.033884 0.949976 0.010551
3 3 0.004365 0.004305 0.048478 0.929796 0.013056
3 3 0.002047 0.001830 0.030335 0.958131 0.007657
3 3 0.006807 0.006990 0.061493 0.906610 0.018099
3 3 0.002581 0.002385 0.035282 0.950764 0.008988
3 3 0.003703 0.003667 0.045952 0.935308 0.011371
3 3 0.001388 0.001382 0.031977 0.960185 0.005068
3 3 0.006500 0.006990 0.065788 0.903985 0.016737
3 3 0.003544 0.004025 0.058163 0.924536 0.009732
3 3 0.002187 0.002574 0.051786 0.937092 0.006361
3 3 0.001234 0.001054 0.022952 0.969503 0.005256
3 3 0.001618 0.001697 0.037319 0.953871 0.005496
3 3 0.001845 0.001879 0.037167 0.952833 0.006277
3 3 0.003264 0.004088 0.067420 0.916876 0.008352
3 3 0.003163 0.003252 0.046397 0.937509 0.009679
3 3 0.002545 0.002830 0.057948 0.930367 0.006309
3 3 0.002497 0.002621 0.044099 0.942948 0.007834
3 3 0.038374 0.024197 0.123459 0.778019 0.035951
3 3 0.006790 0.006754 0.057959 0.909924 0.018573
3 3 0.009339 0.008479 0.078151 0.886548 0.017483
3 3 0.017821 0.017868 0.082306 0.841738 0.040266
3 3 0.011184 0.011875 0.081583 0.870401 0.024957
3 3 0.007148 0.009029 0.091033 0.877107 0.015683
3 3 0.013318 0.008251 0.085750 0.877355 0.015327
3 3 0.012070 0.011764 0.090732 0.863565 0.021869
3 3 0.018133 0.012198 0.091428 0.855432 0.022809
3 3 0.014395 0.012778 0.099347 0.851694 0.021785
3 3 0.006464 0.006359 0.078551 0.896442 0.012184
3 3 0.002294 0.002116 0.033608 0.953806 0.008176
3 3 0.006718 0.006294 0.051719 0.915867 0.019402
3 3 0.014612 0.012188 0.078253 0.867798 0.027151
3 3 0.008673 0.008715 0.064487 0.895664 0.022461
3 3 0.003452 0.003375 0.043720 0.938596 0.010857
3 3 0.011429 0.011314 0.069177 0.879621 0.028459
3 3 0.004343 0.004343 0.049662 0.928812 0.012841
3 3 0.004631 0.004662 0.051479 0.925770 0.013457
3 3 0.003308 0.002773 0.032322 0.949612 0.011986
3 3 0.003983 0.004145 0.051728 0.928585 0.011559
3 3 0.003689 0.004394 0.064380 0.917891 0.009646
3 3 0.008159 0.008120 0.090382 0.879364 0.013975
3 3 0.002461 0.002768 0.049814 0.937669 0.007288
3 3 0.005523 0.007128 0.086263 0.888603 0.012483
3 3 0.005806 0.005917 0.057226 0.915042 0.016008
3 3 0.005984 0.007201 0.078290 0.894350 0.014174
3 3 0.000940 0.000873 0.024146 0.970127 0.003913
3 3 0.001291 0.001516 0.042176 0.950875 0.004142
3 3 0.004007 0.004574 0.061418 0.919288 0.010713
3 3 0.005799 0.004878 0.040145 0.930273 0.018905
3 3 0.008288 0.008543 0.066474 0.895528 0.021167
3 3 0.003950 0.003806 0.044757 0.935208 0.012278
3 3 0.004996 0.004949 0.051405 0.924135 0.014516
3 3 0.002930 0.002353 0.028496 0.954957 0.011265
3 3 0.008039 0.007719 0.057752 0.904513 0.021976
3 3 0.004500 0.004163 0.043569 0.933616 0.014152
3 3 0.003792 0.003876 0.049134 0.931917 0.011281
3 3 0.004554 0.004240 0.044282 0.932713 0.014211
3 3 0.004343 0.004409 0.051049 0.927524 0.012675
3 3 0.012800 0.011849 0.138247 0.823718 0.013386
3 3 0.049082 0.041614 0.293770 0.593852 0.021682
3 3 0.005603 0.006901 0.169733 0.812464 0.005299
2 2 0.068837 0.166266 0.549183 0.182010 0.033705
2 2 0.052136 0.140651 0.685002 0.103873 0.018340
2 2 0.051403 0.155774 0.670114 0.101060 0.021648
2 2 0.150641 0.161146 0.608456 0.063558 0.016200
2 2 0.048165 0.130117 0.750060 0.059485 0.012173
2 2 0.050481 0.162483 0.671116 0.093506 0.022414
2 2 0.060174 0.094845 0.763112 0.073417 0.008452
4 2 0.017710 0.071095 0.072859 0.003892 0.834443
4 2 0.013636 0.059930 0.051380 0.002082 0.872972
4 2 0.038064 0.105186 0.041811 0.001029 0.813909
4 2 0.023350 0.090107 0.046205 0.000948 0.839390
4 2 0.015508 0.072539 0.057168 0.001929 0.852856
4 2 0.022689 0.131586 0.066351 0.000785 0.778588
4 2 0.035743 0.068750 0.029355 0.001278 0.864873
4 4 0.029234 0.071373 0.034343 0.001269 0.863781
4 4 0.009051 0.025898 0.022323 0.001157 0.941571
4 4 0.017386 0.053526 0.031686 0.000970 0.896432
4 4 0.005708 0.064633 0.059897 0.000457 0.869305
4 4 0.009236 0.039547 0.026879 0.000469 0.923868
4 4 0.008891 0.054983 0.042563 0.000625 0.892939
4 4 0.014626 0.056966 0.034696 0.000741 0.892972
4 4 0.009180 0.047156 0.033878 0.000535 0.909251
4 4 0.015870 0.071642 0.031021 0.000253 0.881214
4 4 0.008518 0.049826 0.033742 0.000369 0.907546
4 4 0.006682 0.009224 0.006338 0.000393 0.977363
4 4 0.006965 0.038446 0.027778 0.000330 0.926481
4 4 0.010865 0.037965 0.025673 0.000649 0.924849
4 4 0.010802 0.168854 0.109335 0.000389 0.710619
4 4 0.012966 0.188268 0.121827 0.000585 0.676354
4 4 0.027869 0.311260 0.126686 0.000558 0.533627
4 4 0.008024 0.174184 0.130069 0.000368 0.687356
4 4 0.036198 0.151056 0.056767 0.000717 0.755261
4 4 0.007786 0.155423 0.155733 0.000593 0.680464
4 4 0.010741 0.145022 0.138185 0.000787 0.705266
4 4 0.021151 0.140561 0.075308 0.000809 0.762170
4 4 0.014298 0.145130 0.068901 0.000244 0.771426
4 4 0.012138 0.335975 0.165587 0.000209 0.486092
1 4 0.016777 0.398816 0.185866 0.000254 0.398287
4 4 0.095341 0.388099 0.115304 0.000295 0.400962
4 4 0.058369 0.316095 0.120925 0.000426 0.504185
1 4 0.160265 0.414499 0.109698 0.000378 0.315159
4 4 0.027468 0.376968 0.214949 0.000323 0.380292
1 4 0.114317 0.389957 0.110880 0.000271 0.384574
4 4 0.015768 0.369757 0.159884 0.000184 0.454406
1 1 0.172815 0.414149 0.094686 0.000128 0.318222
4 1 0.016072 0.336101 0.272234 0.000879 0.374714
4 1 0.041523 0.367025 0.124547 0.000319 0.466586
2 1 0.059834 0.377113 0.477443 0.001938 0.083672
2 1 0.044836 0.398137 0.448683 0.001476 0.106868
2 2 0.010868 0.377498 0.507296 0.000839 0.103499
2 2 0.060875 0.335760 0.548713 0.002016 0.052636
2 2 0.031558 0.280569 0.648682 0.001347 0.037845
2 2 0.030591 0.256324 0.676450 0.001226 0.035409
2 2 0.063485 0.262982 0.629427 0.002872 0.041233
2 2 0.014823 0.160654 0.806534 0.000503 0.017486
2 2 0.103951 0.400464 0.438037 0.001050 0.056499
2 2 0.040919 0.312157 0.584803 0.000684 0.061437
2 2 0.033679 0.127537 0.834038 0.001980 0.002766
2 2 0.170569 0.173218 0.642395 0.007121 0.006697
2 2 0.144282 0.251097 0.592899 0.002851 0.008871
2 2 0.089469 0.209488 0.692322 0.002505 0.006215
2 2 0.043498 0.141115 0.810228 0.002004 0.003155
2 2 0.157987 0.189941 0.642186 0.003844 0.006042
2 2 0.101756 0.191016 0.698976 0.002794 0.005458
1 2 0.083262 0.453248 0.444729 0.000799 0.017962
2 2 0.228396 0.312740 0.440613 0.003236 0.015014
2 2 0.050082 0.394745 0.540951 0.000748 0.013474
2 2 0.053588 0.376703 0.556200 0.000834 0.012675
2 2 0.085216 0.377157 0.524645 0.000844 0.012139
0 1 0.457964 0.264593 0.261003 0.002648 0.013792
1 1 0.150329 0.476157 0.351303 0.000871 0.021341
1 2 0.080749 0.472487 0.431152 0.000430 0.015182
2 2 0.168640 0.363455 0.445619 0.001491 0.020794
1 2 0.121381 0.479162 0.381985 0.000497 0.016975
1 2 0.092329 0.474825 0.419932 0.000272 0.012641
1 2 0.151272 0.475659 0.356176 0.000484 0.016410
1 2 0.110671 0.472394 0.397762 0.000689 0.018484
2 2 0.010847 0.108112 0.876984 0.001650 0.002406
2 2 0.012881 0.155512 0.826995 0.000838 0.003773
2 2 0.009314 0.065249 0.923673 0.000691 0.001073
2 2 0.001559 0.056587 0.939780 0.000203 0.001872
2 2 0.027231 0.207405 0.756417 0.002134 0.006813
2 2 0.016927 0.087886 0.892143 0.000470 0.002574
2 2 0.007927 0.091100 0.896908 0.001867 0.002197
2 2 0.051941 0.097641 0.843883 0.003594 0.002942
2 2 0.019053 0.168470 0.806302 0.001644 0.004532
2 2 0.061167 0.289843 0.633005 0.002538 0.013447
2 2 0.084924 0.197793 0.706668 0.003836 0.006779
2 2 0.037904 0.180851 0.776486 0.001038 0.003721
2 2 0.032800 0.127403 0.835389 0.001070 0.003338
2 2 0.045339 0.268970 0.674029 0.001972 0.009689
2 2 0.036081 0.083491 0.877731 0.001048 0.001649
2 1 0.095383 0.366579 0.524464 0.001061 0.012513
2 2 0.039394 0.278296 0.672920 0.001118 0.008272
2 1 0.194460 0.304737 0.488953 0.001610 0.010240
1 1 0.204955 0.434065 0.335274 0.001716 0.023990
2 1 0.045114 0.369844 0.571308 0.000889 0.012845
2 2 0.011431 0.195248 0.786665 0.001141 0.005515
2 2 0.008517 0.174008 0.810648 0.001480 0.005348
2 2 0.005290 0.059117 0.933542 0.001153 0.000898
2 2 0.009315 0.043100 0.945998 0.001109 0.000478
2 2 0.020130 0.247978 0.725225 0.000662 0.006005
2 2 0.017458 0.139017 0.839767 0.001031 0.002727
2 2 0.043886 0.081437 0.871135 0.002213 0.001329
2 2 0.018314 0.181898 0.793837 0.001276 0.004674
2 2 0.002925 0.019514 0.975547 0.001801 0.000214
2 2 0.016646 0.127393 0.851312 0.001704 0.002946
2 2 0.005717 0.037234 0.955290 0.001311 0.000449
2 2 0.030261 0.063124 0.898956 0.006198 0.001461
2 2 0.008257 0.166140 0.819595 0.001302 0.004706
2 2 0.006716 0.113894 0.875660 0.001208 0.002522
2 2 0.005496 0.058239 0.933685 0.001584 0.000996
2 2 0.003961 0.064766 0.927279 0.002471 0.001523
2 2 0.006672 0.045503 0.945644 0.001541 0.000640
2 2 0.013917 0.127849 0.852029 0.002558 0.003648
2 2 0.005461 0.049188 0.942298 0.002179 0.000873
2 2 0.017653 0.115205 0.862687 0.001882 0.002573
2 2 0.021260 0.091432 0.883917 0.001308 0.002083
2 2 0.007483 0.027165 0.962441 0.000671 0.002240
2 2 0.010256 0.099639 0.885643 0.002102 0.002359
2 2 0.016421 0.089470 0.891304 0.001322 0.001483
2 2 0.004710 0.037806 0.955792 0.000816 0.000876
2 2 0.007275 0.046431 0.943797 0.001690 0.000807
2 2 0.014483 0.132596 0.848148 0.001614 0.003160
0 0 0.563962 0.196393 0.210788 0.010939 0.017919
2 1 0.018715 0.236584 0.736646 0.001103 0.006953
2 1 0.041954 0.405983 0.540834 0.000372 0.010857
2 2 0.015550 0.222029 0.754745 0.001146 0.006530
2 0 0.348956 0.243347 0.392529 0.004000 0.011168
2 0 0.092764 0.372241 0.520014 0.001220 0.013760
2 1 0.031871 0.325927 0.632985 0.000565 0.008652
2 1 0.025262 0.171827 0.796037 0.002017 0.004857
2 2 0.045042 0.271892 0.673930 0.001185 0.007951
2 2 0.042481 0.248623 0.700836 0.001206 0.006853
2 2 0.009761 0.055462 0.932883 0.001171 0.000723
2 2 0.033622 0.249148 0.706858 0.001828 0.008544
2 2 0.010283 0.068567 0.917933 0.001965 0.001252
2 2 0.018564 0.147186 0.828515 0.001892 0.003844
2 2 0.061233 0.107020 0.826493 0.002964 0.002290
2 2 0.015395 0.156512 0.822640 0.001477 0.003975
2 2 0.011079 0.095766 0.889259 0.001838 0.002057
1 0 0.288415 0.427913 0.236751 0.004390 0.042531
2 0 0.063517 0.246579 0.670510 0.006355 0.013040
2 1 0.058107 0.451554 0.471486 0.000769 0.018084
2 1 0.041739 0.369100 0.574443 0.001015 0.013703
2 1 0.044859 0.334691 0.606844 0.001289 0.012317
2 2 0.007659 0.112347 0.872991 0.002965 0.004039
2 2 0.005630 0.157500 0.826886 0.000847 0.009137
2 2 0.001218 0.039066 0.957030 0.000197 0.002489
2 2 0.003507 0.112571 0.875494 0.002832 0.005596
2 2 0.001318 0.065004 0.929030 0.000909 0.003740
2 2 0.001816 0.042940 0.951014 0.003028 0.001203
2 2 0.000242 0.019910 0.973920 0.001285 0.004644
2 2 0.005644 0.144344 0.840438 0.001129 0.008444
2 2 0.000372 0.021396 0.975068 0.002687 0.000478
2 2 0.028249 0.177817 0.782411 0.003915 0.007608
2 2 0.003403 0.070213 0.922358 0.001927 0.002098
2 2 0.002325 0.020541 0.968587 0.007643 0.000904
2 2 0.016234 0.111456 0.857526 0.008357 0.006427
2 2 0.010769 0.069444 0.914433 0.002662 0.002692
2 2 0.007190 0.059136 0.925223 0.006585 0.001867
2 2 0.007208 0.071952 0.906519 0.011253 0.003068
2 2 0.001901 0.046958 0.938888 0.010300 0.001953
2 2 0.018238 0.116692 0.854660 0.006090 0.004320
2 2 0.004599 0.035025 0.954914 0.004643 0.000818
2 2 0.008746 0.090749 0.887504 0.008616 0.004385
2 2 0.066839 0.170734 0.729368 0.021551 0.011508
2 2 0.003650 0.045933 0.940561 0.008347 0.001509
2 2 0.002374 0.036897 0.952390 0.007244 0.001096
2 2 0.001843 0.023331 0.967893 0.006401 0.000533
2 2 0.002393 0.029511 0.961248 0.006085 0.000763
2 2 0.007401 0.084748 0.898619 0.006167 0.003065
2 2 0.000591 0.007490 0.986119 0.005665 0.000136
2 2 0.001460 0.022830 0.967207 0.007911 0.000591
2 1 0.048657 0.166978 0.772669 0.005388 0.006307
2 2 0.011507 0.094197 0.887276 0.004193 0.002828
2 2 0.043332 0.233983 0.704196 0.006143 0.012345
2 2 0.034395 0.186052 0.759787 0.008812 0.010954
2 2 0.022124 0.129998 0.840185 0.002390 0.005302
2 2 0.005687 0.055859 0.929592 0.006485 0.002376
2 2 0.050236 0.140338 0.791074 0.010073 0.008279
2 2 0.139495 0.356890 0.477156 0.004476 0.021983
2 2 0.039187 0.261676 0.679279 0.005344 0.014513
2 2 0.017407 0.114731 0.858400 0.005217 0.004245
2 2 0.035949 0.143286 0.800436 0.012542 0.007788
2 2 0.059856 0.268291 0.625613 0.004754 0.041487
2 2 0.005336 0.063713 0.927156 0.001209 0.002586
2 2 0.005245 0.070434 0.901929 0.015170 0.007221
2 2 0.028851 0.146953 0.765199 0.039264 0.019732
2 2 0.002860 0.038336 0.917316 0.037403 0.004084
2 2 0.000961 0.014091 0.954197 0.028278 0.002473
2 2 0.000654 0.025539 0.921072 0.049745 0.002990
2 2 0.005603 0.056034 0.886419 0.045766 0.006178
2 2 0.002622 0.042754 0.890847 0.059194 0.004582
2 2 0.003232 0.079590 0.844737 0.060491 0.011950
2 2 0.000743 0.021037 0.898722 0.077307 0.002192
2 2 0.003505 0.072826 0.840410 0.074411 0.008849
2 2 0.001760 0.019405 0.947023 0.030950 0.000861
2 2 0.000924 0.008111 0.875838 0.114382 0.000744
2 2 0.001565 0.012207 0.909132 0.076234 0.000862
2 2 0.001623 0.031955 0.930571 0.033981 0.001870
2 2 0.001940 0.017727 0.922986 0.056285 0.001063
2 2 0.001359 0.016558 0.866417 0.113736 0.001930
2 3 0.047084 0.079015 0.750893 0.115516 0.007491
2 2 0.006769 0.030819 0.946753 0.014750 0.000910
2 2 0.003970 0.019821 0.958531 0.017137 0.000541
2 2 0.005320 0.031297 0.931487 0.030547 0.001349
2 2 0.013221 0.098375 0.852674 0.028865 0.006865
2 2 0.014295 0.065392 0.890083 0.026856 0.003374
2 2 0.010779 0.058277 0.911496 0.017026 0.002422
2 2 0.008123 0.087732 0.875582 0.022916 0.005646
2 2 0.009624 0.075616 0.866804 0.042292 0.005664
2 2 0.004253 0.055153 0.908695 0.028543 0.003355
2 2 0.004710 0.046969 0.904937 0.040403 0.002980
2 2 0.005980 0.066559 0.881179 0.041274 0.005009
2 2 0.006487 0.047184 0.895452 0.047649 0.003229
2 2 0.003326 0.035678 0.930436 0.028787 0.001774
2 2 0.015655 0.094284 0.649617 0.220492 0.019952
2 3 0.011919 0.052355 0.712887 0.213389 0.009449
2 3 0.003477 0.023024 0.512831 0.453229 0.007439
2 3 0.005930 0.021450 0.557751 0.409366 0.005503
3 3 0.007515 0.033820 0.418614 0.524554 0.015497
2 3 0.008480 0.048931 0.555119 0.372405 0.015065
2 3 0.002823 0.019667 0.524209 0.447099 0.006202
3 3 0.005185 0.021135 0.352071 0.610438 0.011171
2 3 0.005572 0.032255 0.490755 0.459444 0.011974
3 3 0.008042 0.021093 0.252945 0.702895 0.015026
3 3 0.024385 0.069920 0.344130 0.520290 0.041276
3 3 0.004986 0.020876 0.342800 0.619220 0.012119
3 3 0.006105 0.012942 0.191038 0.779317 0.010599
3 3 0.006899 0.024318 0.317392 0.636264 0.015127
3 3 0.002691 0.007070 0.177933 0.806022 0.006283
3 3 0.005053 0.014122 0.234263 0.735991 0.010569
3 3 0.012447 0.031038 0.274593 0.661366 0.020556
3 3 0.003824 0.014269 0.296866 0.676452 0.008590
3 3 0.008159 0.025712 0.294242 0.654518 0.017369
3 3 0.012700 0.028270 0.241354 0.696422 0.021255
2 3 0.113438 0.193398 0.473724 0.176305 0.043135
2 3 0.043565 0.182822 0.452561 0.253700 0.067352
2 3 0.044462 0.074725 0.476062 0.378841 0.025910
2 3 0.066306 0.080783 0.431005 0.392849 0.029056
3 3 0.099503 0.071308 0.400560 0.402024 0.026605
2 3 0.111018 0.142902 0.432832 0.271059 0.042190
2 3 0.057243 0.143132 0.436272 0.309075 0.054279
0 0 0.497603 0.178195 0.210710 0.077251 0.036241
1 0 0.296171 0.316207 0.299232 0.034976 0.053414
2 1 0.220910 0.219612 0.450101 0.076460 0.032918
2 2 0.023742 0.152836 0.771430 0.037480 0.014512
2 2 0.041198 0.375674 0.510727 0.018960 0.053440
2 2 0.007618 0.085162 0.879245 0.022470 0.005505
2 2 0.013474 0.059615 0.903625 0.020667 0.002619
2 2 0.017292 0.106216 0.836996 0.031351 0.008144
2 2 0.015199 0.111781 0.804339 0.049890 0.018790
2 2 0.021073 0.297993 0.555205 0.049339 0.076390
2 2 0.036060 0.326055 0.542777 0.011576 0.083531
2 4 0.015940 0.304269 0.565365 0.018428 0.095997
2 4 0.074119 0.357461 0.441222 0.033479 0.093719
4 4 0.058884 0.154512 0.054140 0.001531 0.730933
4 4 0.043772 0.124426 0.043763 0.000868 0.787172
4 4 0.159328 0.161539 0.033812 0.000430 0.644892
4 4 0.054593 0.325460 0.097201 0.000750 0.521996
4 4 0.039095 0.313754 0.091430 0.000340 0.555380
0 4 0.666497 0.170514 0.024173 0.000368 0.138448
4 4 0.081755 0.160794 0.048917 0.000615 0.707919
4 4 0.037388 0.159835 0.068802 0.001224 0.732750
4 4 0.053676 0.111913 0.040365 0.001474 0.792573
4 4 0.059545 0.250838 0.064522 0.000514 0.624581
1 4 0.058059 0.401763 0.138376 0.000584 0.401218
1 4 0.080591 0.409712 0.143770 0.001182 0.364745
4 4 0.040637 0.390652 0.135655 0.000334 0.432722
4 4 0.027493 0.319253 0.134151 0.000613 0.518491
4 4 0.038771 0.210641 0.072950 0.000601 0.677037
4 4 0.019087 0.273705 0.158443 0.000778 0.547987
4 4 0.103187 0.373254 0.096322 0.000345 0.426893
4 4 0.092816 0.378990 0.098516 0.000262 0.429416
4 4 0.061223 0.373317 0.128848 0.001212 0.435399
4 4 0.011163 0.383492 0.180459 0.000158 0.424728
4 4 0.034887 0.065668 0.017155 0.000225 0.882066
4 4 0.033882 0.106374 0.023680 0.000108 0.835955
4 4 0.042412 0.088655 0.020493 0.000204 0.848236
4 4 0.039296 0.074630 0.019464 0.000276 0.866334
4 4 0.027725 0.102876 0.024634 0.000093 0.844672
4 4 0.024108 0.058892 0.017350 0.000165 0.899486
4 4 0.046416 0.103051 0.020590 0.000131 0.829812
4 4 0.032315 0.083433 0.023639 0.000239 0.860374
4 4 0.050762 0.114664 0.024307 0.000207 0.810060
4 4 0.014142 0.024944 0.010977 0.000284 0.949653
4 4 0.386551 0.139146 0.028768 0.000672 0.444863
0 4 0.596984 0.214081 0.034748 0.000441 0.153746
0 4 0.461556 0.114909 0.024466 0.000686 0.398383
0 4 0.560654 0.093704 0.021605 0.000929 0.323108
4 4 0.377956 0.207801 0.030061 0.000231 0.383950
0 4 0.469337 0.221241 0.031083 0.000286 0.278052
0 4 0.513368 0.243686 0.036096 0.000164 0.206686
0 4 0.395817 0.232559 0.035519 0.000378 0.335727
0 4 0.477669 0.264813 0.046521 0.000447 0.210551
0 4 0.409854 0.224222 0.043040 0.000624 0.322261
4 4 0.270890 0.309447 0.048801 0.000089 0.370774
4 4 0.106008 0.264651 0.045782 0.000116 0.583442
4 4 0.146930 0.185441 0.034423 0.000245 0.632961
0 4 0.635273 0.158099 0.017525 0.000087 0.189016
0 4 0.446056 0.227767 0.028436 0.000091 0.297649
4 4 0.257976 0.300564 0.044960 0.000066 0.396434
4 4 0.087309 0.160549 0.026500 0.000075 0.725566
4 4 0.066191 0.192049 0.033410 0.000065 0.708285
4 4 0.147590 0.166397 0.022734 0.000057 0.663222
4 4 0.035110 0.247769 0.053742 0.000085 0.663294
4 4 0.100978 0.315742 0.057590 0.000055 0.525636
4 4 0.160559 0.359557 0.068576 0.000080 0.411228
1 4 0.135552 0.430943 0.115322 0.000227 0.317956
1 4 0.224272 0.386195 0.077200 0.000101 0.312232
4 4 0.021386 0.345871 0.121120 0.000175 0.511448
4 4 0.241899 0.314606 0.049721 0.000073 0.393702
1 4 0.127183 0.416865 0.088108 0.000040 0.367803
4 4 0.081975 0.390837 0.084609 0.000034 0.442546
1 4 0.183395 0.416059 0.101062 0.000214 0.299270
4 4 0.075364 0.384713 0.094308 0.000090 0.445524
4 4 0.077348 0.265037 0.056550 0.000112 0.600953
1 4 0.111540 0.406935 0.101178 0.000148 0.380199
4 4 0.044224 0.378997 0.099872 0.000053 0.476856
4 4 0.059328 0.390888 0.100971 0.000072 0.448742
4 4 0.029886 0.307348 0.089430 0.000193 0.573143
4 4 0.090346 0.383577 0.084921 0.000058 0.441097
4 4 0.072465 0.353202 0.080921 0.000087 0.493325
4 4 0.035707 0.388756 0.124610 0.000131 0.450797
4 4 0.020293 0.129817 0.043346 0.000140 0.806403
4 4 0.085995 0.240684 0.061551 0.000215 0.611554
1 4 0.307150 0.426749 0.131351 0.000681 0.134068
1 4 0.214481 0.448014 0.132859 0.000481 0.204166
1 4 0.223203 0.470475 0.231739 0.002229 0.072355
0 1 0.675121 0.200895 0.074823 0.008817 0.040345
1 1 0.341686 0.406757 0.163191 0.003415 0.084952
0 1 0.404737 0.371808 0.137578 0.003593 0.082284
1 1 0.322300 0.418013 0.140253 0.001300 0.118134
1 1 0.316887 0.433376 0.172907 0.001414 0.075416
0 1 0.429241 0.366815 0.096509 0.000433 0.107002
1 1 0.151580 0.509698 0.236461 0.000815 0.101445
4 1 0.006183 0.276697 0.144133 0.000061 0.572926
4 2 0.008803 0.269651 0.117474 0.000066 0.604006
4 2 0.022972 0.392735 0.135769 0.000073 0.448451
4 2 0.007754 0.209687 0.112524 0.000106 0.669929
4 2 0.012355 0.272767 0.124430 0.000155 0.590293
4 2 0.010071 0.207675 0.111134 0.000178 0.670943
4 2 0.024517 0.362621 0.129359 0.000206 0.483296
1 2 0.071522 0.413204 0.126039 0.000278 0.388957
4 2 0.026358 0.364606 0.115039 0.000086 0.493911
1 2 0.003807 0.388543 0.226484 0.000040 0.381126
2 2 0.002545 0.297320 0.587281 0.000154 0.112700
2 2 0.000901 0.258843 0.633859 0.000113 0.106284
2 2 0.002323 0.322116 0.535200 0.000108 0.140253
1 2 0.013330 0.453487 0.378628 0.000046 0.154508
2 2 0.007573 0.232584 0.708409 0.000413 0.051021
2 2 0.003176 0.295482 0.557365 0.000055 0.143923
2 2 0.016898 0.329644 0.571486 0.000119 0.081853
2 2 0.001516 0.192825 0.693636 0.000080 0.111942
2 2 0.006712 0.311395 0.587883 0.000036 0.093975
2 2 0.012925 0.173033 0.616349 0.000084 0.197610
2 2 0.014664 0.162607 0.810865 0.000134 0.011729
2 2 0.017082 0.200056 0.765808 0.000118 0.016936
2 2 0.144376 0.336586 0.474595 0.012989 0.031454
2 2 0.015730 0.258332 0.710961 0.002660 0.012316
2 2 0.010268 0.167669 0.814066 0.001520 0.006477
2 2 0.011643 0.122428 0.860597 0.002102 0.003231
