4 0 0.373468 0.093685 0.009172 0.000018 0.523657
0 0 0.592792 0.067409 0.005250 0.000004 0.334544
1 0 0.263186 0.404538 0.022991 0.000009 0.309275
4 0 0.185875 0.231070 0.015620 0.000014 0.567420
4 0 0.121378 0.138166 0.010289 0.000010 0.730157
4 0 0.218936 0.309288 0.021226 0.000017 0.450533
4 0 0.123036 0.383915 0.084310 0.000111 0.408629
4 0 0.130516 0.294838 0.059385 0.000311 0.514950
4 0 0.208480 0.275559 0.017450 0.000011 0.498501
0 0 0.613402 0.105684 0.009195 0.000009 0.271710
0 0 0.494554 0.203973 0.013759 0.000007 0.287706
0 0 0.947931 0.018796 0.000961 0.000000 0.032312
0 0 0.452186 0.282483 0.011069 0.000001 0.254262
1 0 0.316744 0.448144 0.015401 0.000001 0.219708
1 0 0.275456 0.371298 0.020726 0.000008 0.332512
0 0 0.580267 0.183127 0.004413 0.000000 0.232193
0 0 0.885598 0.035281 0.002494 0.000001 0.076626
0 0 0.936110 0.017405 0.001527 0.000001 0.044958
0 0 0.975054 0.006365 0.000460 0.000000 0.018121
0 0 0.911601 0.036111 0.001697 0.000000 0.050590
0 0 0.933443 0.032333 0.002241 0.000001 0.031982
0 0 0.863163 0.062696 0.004535 0.000001 0.069605
0 0 0.940176 0.024940 0.002062 0.000001 0.032821
0 0 0.933707 0.026856 0.002023 0.000001 0.037414
0 0 0.974615 0.008629 0.000911 0.000000 0.015844
0 0 0.984214 0.005689 0.000823 0.000001 0.009273
0 0 0.861873 0.072080 0.004576 0.000001 0.061470
0 0 0.912638 0.032982 0.002773 0.000001 0.051605
0 0 0.955851 0.022721 0.001386 0.000000 0.020042
0 0 0.856016 0.063243 0.004194 0.000001 0.076546
0 0 0.969736 0.011287 0.000904 0.000000 0.018074
0 0 0.949710 0.013099 0.001679 0.000002 0.035509
0 0 0.972085 0.008227 0.000814 0.000000 0.018874
0 0 0.973853 0.010571 0.000907 0.000000 0.014668
0 0 0.857995 0.052458 0.001322 0.000000 0.088225
0 0 0.984706 0.004249 0.000283 0.000000 0.010763
0 0 0.984738 0.005008 0.000171 0.000000 0.010083
0 0 0.987864 0.004028 0.000255 0.000000 0.007853
0 0 0.981787 0.005718 0.000546 0.000000 0.011949
0 0 0.990876 0.002456 0.000208 0.000000 0.006461
0 0 0.872913 0.078674 0.006494 0.000002 0.041918
0 0 0.960631 0.018129 0.001342 0.000000 0.019898
0 0 0.976134 0.008566 0.001417 0.000002 0.013882
0 0 0.963585 0.015307 0.002035 0.000002 0.019072
0 0 0.798553 0.105148 0.010952 0.000009 0.085337
0 0 0.968573 0.011797 0.001876 0.000003 0.017751
0 0 0.669669 0.186683 0.024415 0.000042 0.119192
0 0 0.981381 0.007700 0.000931 0.000001 0.009987
0 0 0.976090 0.011009 0.001072 0.000000 0.011829
0 0 0.868947 0.074121 0.005397 0.000002 0.051534
4 0 0.420650 0.026775 0.001110 0.000000 0.551465
0 0 0.712855 0.029494 0.000868 0.000000 0.256783
0 0 0.852170 0.017357 0.000910 0.000000 0.129563
0 0 0.492843 0.067464 0.003653 0.000001 0.436038
4 1 0.042093 0.092716 0.022872 0.000033 0.842286
4 1 0.023405 0.045604 0.012239 0.000021 0.918730
4 4 0.061866 0.039745 0.001830 0.000001 0.896557
4 4 0.026716 0.013408 0.000658 0.000001 0.959217
4 4 0.036674 0.020940 0.001086 0.000001 0.941299
4 4 0.051336 0.026034 0.000839 0.000000 0.921791
4 4 0.026281 0.072476 0.032070 0.000121 0.869052
4 4 0.023334 0.032772 0.005749 0.000008 0.938138
4 4 0.025860 0.029539 0.004118 0.000007 0.940476
4 4 0.053307 0.065968 0.011002 0.000110 0.869614
4 4 0.021639 0.054298 0.019698 0.000031 0.904332
4 4 0.053012 0.112592 0.029140 0.000107 0.805149
4 4 0.098800 0.123694 0.010911 0.000009 0.766586
4 4 0.053510 0.119008 0.025098 0.000022 0.802362
4 4 0.216356 0.199456 0.014280 0.000014 0.569893
4 4 0.089962 0.255477 0.067161 0.000153 0.587247
4 4 0.010455 0.022292 0.005048 0.000000 0.962205
4 4 0.020138 0.015380 0.001171 0.000001 0.963309
4 4 0.016084 0.020525 0.002792 0.000001 0.960598
4 4 0.011809 0.020848 0.003864 0.000001 0.963478
4 4 0.011948 0.020477 0.003668 0.000000 0.963906
4 4 0.020452 0.030003 0.005312 0.000005 0.944228
4 4 0.142331 0.061256 0.002069 0.000000 0.794343
4 4 0.016847 0.031565 0.007154 0.000004 0.944431
4 4 0.009071 0.016927 0.003075 0.000000 0.970927
4 4 0.017683 0.019719 0.002332 0.000001 0.960266
4 4 0.052183 0.092074 0.018342 0.000049 0.837352
4 4 0.043387 0.056655 0.011349 0.000154 0.888455
4 4 0.052476 0.110462 0.032876 0.000277 0.803909
4 4 0.077604 0.127574 0.019980 0.000047 0.774795
4 4 0.046190 0.168137 0.085240 0.000385 0.700048
4 4 0.128724 0.141895 0.010971 0.000018 0.718392
0 4 0.761926 0.075325 0.011765 0.000036 0.150948
0 4 0.797683 0.048152 0.005929 0.000010 0.148226
4 4 0.055843 0.127187 0.043714 0.000576 0.772680
4 4 0.369949 0.115148 0.010474 0.000016 0.504413
4 4 0.010794 0.083948 0.106360 0.000042 0.798855
4 4 0.008505 0.083769 0.133848 0.000029 0.773849
4 4 0.012253 0.051427 0.029690 0.000009 0.906621
4 4 0.012730 0.071220 0.061264 0.000029 0.854758
4 4 0.007707 0.089494 0.174132 0.000036 0.728631
4 4 0.010697 0.091860 0.133643 0.000063 0.763736
4 4 0.009883 0.071182 0.078057 0.000018 0.840860
4 4 0.007766 0.069637 0.093585 0.000011 0.829001
4 4 0.006130 0.038627 0.029490 0.000001 0.925753
4 4 0.014223 0.013748 0.001255 0.000000 0.970773
4 4 0.025703 0.070540 0.030746 0.000106 0.872905
4 4 0.013167 0.141053 0.334186 0.002379 0.509216
4 4 0.027647 0.118118 0.097340 0.001088 0.755807
4 4 0.018404 0.150223 0.273321 0.002884 0.555168
4 4 0.014928 0.136671 0.263893 0.001043 0.583465
4 4 0.012781 0.128275 0.262498 0.000590 0.595856
2 4 0.007751 0.125152 0.448156 0.001785 0.417157
2 4 0.007465 0.127475 0.515250 0.003592 0.346218
2 4 0.011038 0.143451 0.446768 0.005099 0.393644
4 4 0.009741 0.133659 0.411789 0.002781 0.442031
2 4 0.001541 0.059619 0.769116 0.119178 0.050545
2 4 0.004388 0.099435 0.655078 0.159120 0.081979
2 4 0.001656 0.058685 0.694756 0.194646 0.050257
2 4 0.001408 0.051640 0.638572 0.265407 0.042973
2 4 0.004915 0.107159 0.644753 0.162990 0.080184
2 2 0.001268 0.050530 0.680850 0.226319 0.041032
2 2 0.003143 0.077124 0.583212 0.270702 0.065820
2 2 0.003692 0.093634 0.673821 0.160237 0.068615
2 2 0.003544 0.080150 0.540013 0.310821 0.065473
2 2 0.002412 0.066825 0.570980 0.307103 0.052679
3 3 0.003170 0.034274 0.344402 0.603266 0.014888
3 3 0.001325 0.014493 0.220383 0.755545 0.008254
3 3 0.005158 0.039635 0.327439 0.611017 0.016751
3 3 0.001861 0.014394 0.209824 0.767182 0.006739
3 3 0.002545 0.018867 0.214018 0.753690 0.010879
3 3 0.002190 0.015076 0.184634 0.790134 0.007966
3 3 0.001414 0.014939 0.260088 0.715284 0.008275
3 3 0.002378 0.016454 0.180497 0.791511 0.009160
3 3 0.002671 0.014696 0.167797 0.806905 0.007930
3 3 0.001528 0.008540 0.118181 0.865869 0.005883
3 3 0.002416 0.003859 0.070313 0.921146 0.002266
3 3 0.003313 0.004119 0.070402 0.919750 0.002416
3 3 0.002948 0.004782 0.081031 0.908646 0.002594
3 3 0.002443 0.003984 0.071521 0.919697 0.002356
3 3 0.002715 0.004574 0.079337 0.910873 0.002501
3 3 0.004121 0.006837 0.100509 0.885111 0.003422
3 3 0.005063 0.009137 0.130323 0.852079 0.003398
3 3 0.003843 0.008027 0.113941 0.870324 0.003865
3 3 0.003062 0.003854 0.067933 0.922873 0.002278
3 3 0.003033 0.004790 0.078495 0.910859 0.002824
3 3 0.005296 0.007377 0.104216 0.879630 0.003482
3 3 0.003188 0.002719 0.055033 0.937565 0.001495
3 3 0.002576 0.002363 0.052230 0.941577 0.001254
3 3 0.003129 0.002300 0.049987 0.943363 0.001221
3 3 0.003018 0.003128 0.060232 0.931854 0.001768
3 3 0.005579 0.006097 0.091642 0.893816 0.002867
3 3 0.001962 0.001390 0.039643 0.956349 0.000656
3 3 0.002830 0.001838 0.044404 0.949999 0.000928
3 3 0.002777 0.001907 0.045508 0.948837 0.000970
3 3 0.002379 0.001799 0.044950 0.949973 0.000900
3 3 0.003166 0.001322 0.035888 0.958999 0.000626
3 3 0.002673 0.001778 0.043888 0.950772 0.000890
3 3 0.002376 0.000841 0.028538 0.967886 0.000360
3 3 0.003304 0.002000 0.045652 0.948011 0.001033
3 3 0.003204 0.001072 0.031613 0.963625 0.000486
3 3 0.003179 0.001515 0.038916 0.955652 0.000738
3 3 0.002845 0.001455 0.038603 0.956397 0.000700
3 3 0.003719 0.001989 0.044733 0.948530 0.001029
3 3 0.003843 0.001419 0.036406 0.957646 0.000685
3 3 0.003453 0.001401 0.036699 0.957774 0.000673
3 3 0.002683 0.001346 0.037166 0.958168 0.000637
3 3 0.002886 0.001065 0.031963 0.963605 0.000481
3 3 0.002226 0.000879 0.029579 0.966937 0.000379
3 3 0.003435 0.001526 0.038650 0.955643 0.000746
3 3 0.003840 0.001746 0.041207 0.952326 0.000880
3 3 0.003002 0.001761 0.042911 0.951443 0.000883
3 3 0.002930 0.001173 0.033794 0.961563 0.000541
3 3 0.003190 0.001228 0.034303 0.960707 0.000573
3 3 0.003850 0.001917 0.043549 0.949699 0.000986
3 3 0.003292 0.001275 0.034922 0.959912 0.000600
3 3 0.002972 0.001298 0.035832 0.959288 0.000611
3 3 0.002853 0.001462 0.038692 0.956290 0.000704
3 3 0.002718 0.001043 0.031852 0.963919 0.000468
3 3 0.002584 0.001206 0.034993 0.960661 0.000557
3 3 0.002632 0.001245 0.035578 0.959966 0.000579
3 3 0.002878 0.001149 0.033462 0.961984 0.000527
3 3 0.003328 0.001150 0.032790 0.962201 0.000530
3 3 0.002354 0.000899 0.029743 0.966614 0.000390
3 3 0.002128 0.000671 0.025311 0.971617 0.000273
3 3 0.002477 0.000744 0.026350 0.970119 0.000311
3 3 0.002706 0.000757 0.026280 0.969939 0.000318
3 3 0.002527 0.000795 0.027336 0.969006 0.000337
3 3 0.002881 0.000904 0.028972 0.966848 0.000395
3 3 0.003052 0.001056 0.031546 0.963870 0.000477
3 3 0.003417 0.001712 0.041426 0.952587 0.000857
3 3 0.002541 0.000797 0.027360 0.968964 0.000338
3 3 0.002897 0.001079 0.032199 0.963336 0.000489
3 3 0.003008 0.000810 0.026956 0.968880 0.000346
3 3 0.003093 0.001047 0.031316 0.964073 0.000472
3 3 0.002930 0.001106 0.032618 0.962843 0.000503
3 3 0.002002 0.000511 0.021668 0.975623 0.000196
3 3 0.002086 0.000550 0.022517 0.974632 0.000215
3 3 0.002058 0.000562 0.022863 0.974297 0.000221
3 3 0.002973 0.001082 0.032126 0.963329 0.000490
3 3 0.003200 0.001030 0.030869 0.964437 0.000464
3 3 0.002658 0.000760 0.026412 0.969850 0.000319
3 3 0.002721 0.000773 0.026595 0.969585 0.000326
3 3 0.002247 0.000712 0.026024 0.970724 0.000294
3 3 0.002904 0.001113 0.032793 0.962683 0.000507
3 3 0.002232 0.000591 0.023283 0.973660 0.000235
3 3 0.002118 0.000599 0.023671 0.973373 0.000239
3 3 0.002564 0.000806 0.027513 0.968774 0.000343
3 3 0.003839 0.001141 0.031958 0.962536 0.000527
3 3 0.002850 0.000990 0.030653 0.965067 0.000440
3 3 0.002820 0.001029 0.031427 0.964263 0.000461
3 3 0.002183 0.000589 0.023320 0.973674 0.000234
3 3 0.002529 0.000717 0.025686 0.970771 0.000297
3 3 0.002857 0.001218 0.034688 0.960672 0.000565
3 3 0.002503 0.000704 0.025463 0.971039 0.000291
3 3 0.002671 0.001028 0.031649 0.964193 0.000460
3 3 0.003512 0.000874 0.027590 0.967642 0.000381
3 3 0.003227 0.000710 0.024658 0.971109 0.000296
3 3 0.002958 0.000730 0.025393 0.970613 0.000306
3 3 0.003334 0.000841 0.027159 0.968304 0.000363
3 3 0.004251 0.001014 0.029338 0.964939 0.000459
3 3 0.003353 0.000934 0.028902 0.966399 0.000412
3 3 0.002468 0.000553 0.022054 0.974707 0.000218
3 3 0.004408 0.001124 0.031042 0.962906 0.000520
3 3 0.002605 0.000533 0.021395 0.975259 0.000208
3 3 0.004634 0.001091 0.030268 0.963504 0.000502
3 3 0.002568 0.000531 0.021400 0.975294 0.000207
3 3 0.003375 0.001119 0.032193 0.962799 0.000513
3 3 0.003178 0.000772 0.025975 0.969748 0.000327
3 3 0.002760 0.000536 0.021299 0.975194 0.000210
3 3 0.003484 0.000802 0.026228 0.969142 0.000344
3 3 0.003287 0.000806 0.026527 0.969035 0.000345
3 3 0.002688 0.000616 0.023236 0.973213 0.000248
3 3 0.003539 0.000923 0.028480 0.966650 0.000407
3 3 0.003213 0.000665 0.023717 0.972131 0.000274
3 3 0.003088 0.000654 0.023622 0.972367 0.000268
3 3 0.003655 0.001784 0.042039 0.951619 0.000902
3 3 0.002776 0.001454 0.038731 0.956339 0.000699
3 3 0.003410 0.001749 0.041967 0.951994 0.000879
3 3 0.003529 0.002767 0.054802 0.937370 0.001532
3 3 0.003439 0.006766 0.098558 0.887470 0.003767
3 3 0.004757 0.009837 0.126309 0.854380 0.004716
3 3 0.003361 0.004542 0.076680 0.912925 0.002493
3 3 0.006416 0.009273 0.116087 0.863674 0.004549
3 3 0.017343 0.038431 0.266040 0.664396 0.013790
3 3 0.010383 0.026798 0.297796 0.655396 0.009627
2 3 0.005841 0.089243 0.593728 0.240807 0.070381
2 1 0.005098 0.103565 0.629731 0.137862 0.123744
2 1 0.011175 0.193192 0.646938 0.068332 0.080362
2 1 0.010488 0.168000 0.625496 0.045484 0.150531
2 1 0.008292 0.156517 0.673016 0.057744 0.104431
2 1 0.012011 0.176129 0.600569 0.082340 0.128951
2 1 0.011118 0.170734 0.628092 0.068260 0.121796
2 1 0.018943 0.249035 0.589442 0.034773 0.107807
2 1 0.017059 0.215504 0.576813 0.058977 0.131647
2 1 0.016688 0.226578 0.599154 0.035921 0.121659
4 1 0.019605 0.154659 0.276670 0.003293 0.545773
4 1 0.016203 0.149161 0.309166 0.002383 0.523087
4 4 0.044164 0.257273 0.253548 0.004127 0.440887
4 4 0.021764 0.175359 0.273925 0.001658 0.527294
4 4 0.016124 0.146532 0.295064 0.001985 0.540296
4 4 0.027334 0.137462 0.143143 0.001891 0.690170
4 4 0.012756 0.130154 0.275301 0.003180 0.578608
4 4 0.018564 0.136457 0.208610 0.002300 0.634068
4 4 0.026797 0.135724 0.137951 0.001444 0.698084
4 4 0.028103 0.176417 0.213068 0.002057 0.580355
2 4 0.007246 0.125830 0.516108 0.006664 0.344152
2 4 0.007811 0.131317 0.576892 0.017351 0.266629
2 4 0.009739 0.140633 0.508836 0.008915 0.331877
2 4 0.005961 0.119195 0.576418 0.003428 0.294997
4 4 0.015646 0.154642 0.360719 0.003842 0.465152
2 4 0.009047 0.136023 0.492625 0.004171 0.358135
2 4 0.012025 0.150649 0.476465 0.005886 0.354975
2 4 0.011575 0.149798 0.497263 0.006716 0.334648
2 4 0.011069 0.146652 0.486363 0.004965 0.350951
2 4 0.011309 0.148940 0.510972 0.011431 0.317347
2 4 0.011743 0.226148 0.680156 0.022237 0.059716
2 4 0.007491 0.171523 0.718125 0.047687 0.055174
2 4 0.003896 0.109029 0.818313 0.043031 0.025732
2 4 0.004319 0.108562 0.824527 0.040902 0.021690
2 2 0.002931 0.110937 0.827108 0.025743 0.033280
2 2 0.006155 0.166727 0.765195 0.017480 0.044443
2 2 0.002801 0.071741 0.808871 0.092510 0.024077
2 2 0.004084 0.135934 0.796695 0.029496 0.033791
2 2 0.012747 0.128245 0.770670 0.066789 0.021549
2 2 0.023104 0.178128 0.721317 0.052285 0.025166
2 2 0.003829 0.091988 0.777500 0.100885 0.025797
2 2 0.002039 0.084090 0.805913 0.076035 0.031922
2 2 0.003906 0.124347 0.784817 0.047095 0.039836
2 2 0.002104 0.080903 0.766677 0.115131 0.035185
2 2 0.004261 0.126583 0.769990 0.054357 0.044809
2 2 0.002334 0.069113 0.786078 0.117031 0.025445
2 2 0.003684 0.077914 0.731605 0.160682 0.026116
2 2 0.004113 0.097857 0.724481 0.133909 0.039640
2 2 0.002031 0.066354 0.804508 0.104302 0.022805
2 2 0.002314 0.046747 0.720688 0.216135 0.014116
3 3 0.007867 0.035380 0.400540 0.544570 0.011643
2 3 0.006054 0.078354 0.579031 0.306960 0.029602
3 3 0.005388 0.026701 0.369885 0.588710 0.009317
3 3 0.007768 0.029872 0.420387 0.532596 0.009377
3 3 0.005023 0.024363 0.434085 0.528708 0.007821
3 3 0.008016 0.033744 0.339527 0.605818 0.012895
3 3 0.006792 0.015845 0.231219 0.740993 0.005152
3 3 0.005938 0.023813 0.236772 0.724117 0.009360
3 3 0.006538 0.040275 0.399202 0.539451 0.014534
2 3 0.009210 0.081706 0.610031 0.273181 0.025872
2 3 0.013239 0.059888 0.556879 0.357420 0.012574
3 3 0.013061 0.057864 0.376213 0.531956 0.020906
2 3 0.011754 0.089443 0.700059 0.179904 0.018839
2 3 0.006317 0.061228 0.526657 0.384044 0.021755
2 3 0.004699 0.033788 0.489007 0.461994 0.010513
2 3 0.006299 0.064759 0.577221 0.327477 0.024244
2 3 0.005498 0.100782 0.655031 0.200598 0.038092
2 3 0.005902 0.059857 0.583450 0.330415 0.020375
2 3 0.006310 0.054735 0.620415 0.302691 0.015849
2 3 0.006684 0.056011 0.495223 0.420406 0.021676
3 3 0.007425 0.031983 0.378758 0.571607 0.010228
3 3 0.003306 0.014789 0.212400 0.763531 0.005974
3 3 0.009328 0.038794 0.303523 0.633705 0.014651
3 3 0.008166 0.023452 0.225109 0.733038 0.010235
3 3 0.005619 0.011547 0.138452 0.839045 0.005337
3 3 0.006449 0.021639 0.305516 0.658773 0.007624
3 3 0.006730 0.020381 0.233157 0.731885 0.007846
3 3 0.004525 0.017735 0.237206 0.733293 0.007242
3 3 0.006384 0.023397 0.254586 0.707068 0.008565
3 3 0.004478 0.013614 0.218763 0.757703 0.005442
3 3 0.006113 0.010241 0.129711 0.849491 0.004444
3 3 0.009091 0.015556 0.162317 0.806583 0.006454
3 3 0.005375 0.007013 0.099119 0.885029 0.003464
3 3 0.007322 0.010158 0.127210 0.851020 0.004290
3 3 0.004008 0.005253 0.085839 0.902340 0.002560
3 3 0.007087 0.014942 0.165959 0.806084 0.005927
3 3 0.005156 0.006509 0.093592 0.891387 0.003356
3 3 0.005618 0.009020 0.119295 0.861985 0.004082
3 3 0.005130 0.006461 0.096987 0.888453 0.002968
3 3 0.006047 0.011500 0.137833 0.839424 0.005196
3 3 0.008213 0.007139 0.098336 0.883143 0.003169
3 3 0.008540 0.006698 0.098127 0.884021 0.002614
3 3 0.014381 0.012585 0.138010 0.830243 0.004781
3 3 0.009540 0.007767 0.104502 0.875000 0.003190
3 3 0.021375 0.015928 0.155385 0.801705 0.005607
3 3 0.008410 0.005997 0.086651 0.896198 0.002743
3 3 0.005970 0.003622 0.064252 0.924426 0.001730
3 3 0.012564 0.010193 0.120109 0.852977 0.004157
3 3 0.007001 0.003712 0.065575 0.922064 0.001647
3 3 0.050270 0.051299 0.357919 0.533430 0.007082
3 3 0.012904 0.031667 0.261390 0.683145 0.010894
3 3 0.019450 0.048327 0.301882 0.613995 0.016345
3 3 0.014718 0.028959 0.260101 0.686342 0.009880
3 3 0.016696 0.064299 0.368584 0.529712 0.020710
2 3 0.010855 0.039803 0.470706 0.465432 0.013204
3 3 0.012240 0.032207 0.349903 0.595402 0.010248
3 3 0.009011 0.015536 0.157287 0.811075 0.007091
2 3 0.075450 0.180724 0.570856 0.152980 0.019990
2 3 0.013098 0.110153 0.539174 0.306290 0.031285
2 3 0.019110 0.100093 0.465710 0.388700 0.026388
2 3 0.009070 0.059504 0.457855 0.454239 0.019332
3 3 0.009172 0.033556 0.350112 0.595600 0.011560
2 3 0.009800 0.051463 0.546465 0.377512 0.014760
2 3 0.009064 0.064441 0.482728 0.423144 0.020624
2 3 0.004777 0.059886 0.630418 0.283999 0.020921
2 3 0.015602 0.094028 0.534205 0.326159 0.030006
3 3 0.006175 0.027330 0.371831 0.585121 0.009544
3 3 0.005621 0.022744 0.465789 0.498590 0.007256
2 3 0.006594 0.066912 0.597282 0.307817 0.021395
3 3 0.007188 0.048973 0.462239 0.464913 0.016687
2 3 0.005224 0.078733 0.729803 0.165761 0.020479
2 3 0.010698 0.130695 0.662360 0.160190 0.036057
2 3 0.022309 0.307989 0.570312 0.031787 0.067604
2 3 0.048897 0.114920 0.620354 0.201186 0.014643
2 3 0.012197 0.162839 0.651665 0.123517 0.049783
2 3 0.013733 0.216835 0.636624 0.078540 0.054268
2 3 0.004450 0.055605 0.672982 0.245071 0.021892
2 3 0.007305 0.117651 0.674219 0.156555 0.044270
2 3 0.002979 0.048132 0.809406 0.126966 0.012517
2 3 0.004852 0.058571 0.673610 0.245578 0.017390
2 3 0.005603 0.043476 0.477249 0.458292 0.015381
3 3 0.006067 0.034671 0.410685 0.537149 0.011428
3 3 0.005845 0.038808 0.400545 0.540739 0.014064
3 3 0.005316 0.040005 0.412764 0.527196 0.014720
3 3 0.003874 0.023838 0.354122 0.609427 0.008739
3 3 0.006416 0.035025 0.348571 0.596894 0.013094
3 3 0.007606 0.019637 0.211851 0.753365 0.007542
3 3 0.007675 0.048247 0.443498 0.484459 0.016121
3 3 0.007178 0.018630 0.205468 0.761167 0.007556
3 3 0.006586 0.033053 0.373508 0.575488 0.011365
3 3 0.005799 0.033670 0.346630 0.601154 0.012748
3 3 0.005209 0.026152 0.338231 0.621066 0.009342
3 3 0.005529 0.018313 0.235318 0.733957 0.006883
3 3 0.009284 0.042399 0.370071 0.563767 0.014479
3 3 0.004273 0.016267 0.275736 0.697557 0.006168
3 3 0.005416 0.024890 0.319911 0.640431 0.009353
3 3 0.003994 0.010254 0.169544 0.812013 0.004194
3 3 0.004117 0.017231 0.262954 0.709312 0.006386
3 3 0.002851 0.009596 0.146875 0.835782 0.004896
3 3 0.004100 0.015033 0.256424 0.718388 0.006054
3 3 0.008819 0.013608 0.155867 0.816669 0.005037
3 3 0.008180 0.009368 0.119461 0.859069 0.003922
3 3 0.005155 0.004354 0.070964 0.917185 0.002342
3 3 0.006697 0.005428 0.084097 0.901326 0.002452
3 3 0.003288 0.002166 0.047895 0.945515 0.001137
3 3 0.005235 0.004660 0.076045 0.911738 0.002321
3 3 0.003332 0.002763 0.056660 0.935829 0.001417
3 3 0.003408 0.002699 0.054798 0.937652 0.001444
3 3 0.003476 0.003693 0.068967 0.922027 0.001837
3 3 0.003585 0.002619 0.054072 0.938373 0.001349
3 3 0.019139 0.027759 0.210821 0.731133 0.011148
3 3 0.032562 0.050042 0.307319 0.596102 0.013976
2 3 0.016724 0.114231 0.642114 0.200603 0.026328
2 3 0.017220 0.094431 0.543773 0.318943 0.025634
2 3 0.022566 0.149113 0.663841 0.136489 0.027991
2 3 0.016382 0.117199 0.751075 0.097524 0.017821
2 3 0.022471 0.215696 0.565805 0.138081 0.057947
2 3 0.025923 0.335690 0.537991 0.037506 0.062890
2 3 0.020822 0.102797 0.665918 0.190685 0.019778
2 0 0.024557 0.318544 0.539491 0.051849 0.065560
0 0 0.434451 0.295724 0.026390 0.000026 0.243409
1 0 0.290143 0.427293 0.022276 0.000006 0.260281
0 0 0.545214 0.250751 0.030214 0.000051 0.173769
0 0 0.866065 0.037635 0.006777 0.000024 0.089498
0 0 0.824761 0.048702 0.009475 0.000046 0.117017
0 0 0.750487 0.063529 0.012672 0.000076 0.173236
0 0 0.802950 0.050923 0.012668 0.000118 0.133340
1 1 0.151577 0.441267 0.127097 0.003167 0.276893
1 1 0.092430 0.378297 0.234204 0.022316 0.272754
4 4 0.148166 0.278949 0.077912 0.002361 0.492613
4 4 0.027304 0.119376 0.101134 0.001281 0.750905
4 4 0.035459 0.150077 0.138084 0.004524 0.671856
4 4 0.020675 0.139991 0.199073 0.001523 0.638738
4 4 0.024347 0.115652 0.104562 0.000657 0.754781
4 4 0.024531 0.113859 0.099923 0.000619 0.761069
4 4 0.071548 0.134552 0.031369 0.000254 0.762277
4 4 0.019721 0.109534 0.112497 0.000363 0.757885
4 4 0.027009 0.101195 0.068574 0.000441 0.802781
4 4 0.049378 0.079337 0.021947 0.000609 0.848730
4 4 0.024826 0.143737 0.176806 0.002522 0.652109
4 4 0.085381 0.062646 0.002993 0.000002 0.848978
4 4 0.033017 0.021762 0.001632 0.000005 0.943584
4 4 0.041323 0.036829 0.004413 0.000037 0.917398
4 4 0.034664 0.040586 0.006491 0.000034 0.918224
4 4 0.049943 0.058632 0.010782 0.000233 0.880411
4 4 0.038507 0.063078 0.016248 0.000168 0.882000
4 4 0.033330 0.039677 0.006392 0.000029 0.920573
4 4 0.046554 0.049179 0.007675 0.000115 0.896476
4 4 0.045558 0.056923 0.010965 0.000173 0.886380
4 4 0.047246 0.051006 0.008234 0.000133 0.893381
4 4 0.041178 0.036522 0.004344 0.000036 0.917920
4 4 0.046861 0.049985 0.007919 0.000123 0.895111
4 4 0.037077 0.067458 0.019662 0.000193 0.875610
4 4 0.033443 0.083500 0.035585 0.000323 0.847149
4 4 0.050752 0.061085 0.011677 0.000274 0.876212
4 4 0.025054 0.064085 0.025197 0.000073 0.885591
4 4 0.032835 0.057899 0.015464 0.000091 0.893711
4 4 0.043646 0.054524 0.010332 0.000138 0.891359
4 4 0.046695 0.078461 0.022527 0.000520 0.851797
4 4 0.040253 0.034596 0.003919 0.000029 0.921203
4 4 0.021794 0.073271 0.039254 0.000087 0.865593
4 4 0.034890 0.073622 0.025495 0.000228 0.865765
4 4 0.022538 0.059792 0.023697 0.000047 0.893927
4 4 0.017961 0.103085 0.106321 0.000236 0.772396
4 4 0.019326 0.080512 0.054891 0.000097 0.845173
4 4 0.013907 0.069285 0.052760 0.000030 0.864017
4 4 0.020254 0.050439 0.017679 0.000022 0.911606
4 4 0.036424 0.071544 0.022913 0.000226 0.868892
4 4 0.038176 0.034657 0.004053 0.000023 0.923091
4 4 0.029316 0.073077 0.025107 0.000053 0.872447
2 4 0.012150 0.149386 0.462254 0.017455 0.358755
2 4 0.016599 0.165157 0.426000 0.016874 0.375371
2 4 0.015609 0.162733 0.443006 0.019394 0.359257
2 4 0.009571 0.139569 0.533970 0.029263 0.287628
2 4 0.010105 0.140013 0.545213 0.067667 0.237002
2 4 0.011188 0.147166 0.501634 0.020246 0.319764
2 4 0.005810 0.115812 0.640648 0.046553 0.191176
4 4 0.033466 0.250747 0.345784 0.015127 0.354876
2 4 0.035148 0.263821 0.356024 0.007350 0.337655
2 4 0.018029 0.189423 0.447164 0.018672 0.326712
1 4 0.050402 0.363785 0.355306 0.010882 0.219626
2 4 0.018805 0.216679 0.510355 0.064623 0.189538
2 4 0.040256 0.317003 0.417240 0.020483 0.205017
2 4 0.037241 0.313534 0.427108 0.019950 0.202167
1 4 0.069829 0.413007 0.303628 0.007689 0.205848
2 4 0.138877 0.233366 0.307543 0.030425 0.289789
2 4 0.081741 0.321778 0.454015 0.037026 0.105440
1 4 0.089967 0.374487 0.206712 0.008318 0.320517
2 1 0.020289 0.222052 0.509366 0.030085 0.218208
2 1 0.015860 0.184529 0.522250 0.062303 0.215059
2 1 0.013123 0.194996 0.622336 0.034652 0.134892
2 1 0.015557 0.216713 0.605902 0.037157 0.124670
2 1 0.032299 0.283819 0.396260 0.009900 0.277722
1 1 0.049513 0.398086 0.384525 0.003902 0.163974
1 1 0.077311 0.443744 0.292333 0.005643 0.180969
1 0 0.099304 0.482273 0.228056 0.002934 0.187434
4 0 0.221463 0.262350 0.214681 0.012928 0.288578
0 0 0.493211 0.195339 0.099666 0.006755 0.205029
1 0 0.341523 0.362348 0.127889 0.002477 0.165764
1 1 0.049782 0.346072 0.345216 0.014000 0.244930
4 1 0.049447 0.072585 0.017828 0.000460 0.859680
4 1 0.107450 0.195578 0.043668 0.000850 0.652455
4 1 0.041165 0.125704 0.077181 0.002404 0.753545
4 1 0.048221 0.110043 0.038974 0.000446 0.802316
4 1 0.045356 0.090475 0.032284 0.000901 0.830984
4 1 0.024050 0.146382 0.191446 0.002382 0.635740
4 1 0.027203 0.137996 0.145240 0.001920 0.687641
4 1 0.034534 0.148499 0.115031 0.001160 0.700775
4 1 0.073668 0.186129 0.058430 0.000446 0.681327
4 1 0.210841 0.130457 0.021659 0.000192 0.636851
1 1 0.260718 0.594104 0.039256 0.000015 0.105907
1 1 0.244713 0.627949 0.046564 0.000021 0.080753
1 1 0.259142 0.527315 0.038116 0.000022 0.175405
1 1 0.227979 0.565545 0.059832 0.000084 0.146560
1 0 0.238546 0.523369 0.048971 0.000056 0.189058
0 0 0.857735 0.080390 0.008181 0.000006 0.053688
0 0 0.938682 0.033586 0.002047 0.000000 0.025684
0 0 0.931893 0.037746 0.002325 0.000000 0.028035
0 0 0.930362 0.035531 0.004103 0.000003 0.030001
0 0 0.873008 0.062032 0.007820 0.000009 0.057130
0 0 0.937822 0.020765 0.004979 0.000026 0.036407
0 0 0.805634 0.082544 0.017327 0.000089 0.094406
1 0 0.179757 0.537715 0.108788 0.000878 0.172861
1 0 0.315794 0.404072 0.076078 0.000472 0.203583
4 0 0.314577 0.186405 0.036479 0.000367 0.462172
0 0 0.691020 0.120630 0.025597 0.000170 0.162583
0 0 0.367992 0.310096 0.063541 0.000520 0.257851
0 0 0.447881 0.252935 0.088316 0.002378 0.208489
1 1 0.159633 0.490593 0.130837 0.002388 0.216549
1 1 0.157819 0.462978 0.124435 0.002479 0.252290
1 1 0.171722 0.515705 0.116780 0.001328 0.194465
1 1 0.208583 0.456276 0.058881 0.000182 0.276078
1 1 0.241043 0.426111 0.033807 0.000031 0.299008
1 1 0.248518 0.432732 0.031775 0.000024 0.286951
1 1 0.196182 0.499217 0.080362 0.000400 0.223839
4 1 0.192497 0.363905 0.045994 0.000163 0.397441
1 0 0.299038 0.330111 0.049726 0.000220 0.320905
0 0 0.848371 0.044976 0.009688 0.000056 0.096909
0 0 0.671377 0.106125 0.024522 0.000221 0.197755
0 0 0.469985 0.167994 0.034490 0.000304 0.327227
0 0 0.743276 0.131995 0.014470 0.000016 0.110244
1 0 0.236468 0.531501 0.051128 0.000061 0.180841
0 0 0.661630 0.163237 0.029700 0.000127 0.145306
0 0 0.924707 0.030177 0.004685 0.000009 0.040423
0 0 0.586036 0.231263 0.026366 0.000037 0.156297
0 0 0.916062 0.032676 0.006590 0.000024 0.044648
0 0 0.950958 0.019247 0.002062 0.000001 0.027732
0 0 0.913354 0.040476 0.003341 0.000001 0.042826
0 0 0.930770 0.018076 0.003035 0.000007 0.048111
0 0 0.968693 0.012349 0.001473 0.000001 0.017484
0 0 0.993885 0.002604 0.000549 0.000001 0.002961
0 0 0.979657 0.009400 0.001866 0.000004 0.009074
0 0 0.927369 0.053779 0.002720 0.000000 0.016131
0 0 0.971008 0.015313 0.002402 0.000003 0.011274
0 0 0.988436 0.005815 0.001598 0.000006 0.004145
0 0 0.944779 0.038791 0.003573 0.000001 0.012856
0 0 0.989381 0.004910 0.000541 0.000000 0.005168
0 0 0.979348 0.011550 0.000946 0.000000 0.008155
0 0 0.985896 0.006430 0.000665 0.000000 0.007008
0 0 0.921556 0.054292 0.004712 0.000001 0.019440
0 0 0.966503 0.020594 0.002808 0.000002 0.010092
0 0 0.976907 0.012483 0.001905 0.000002 0.008703
0 0 0.978077 0.011615 0.002049 0.000003 0.008256
0 0 0.977399 0.014128 0.002942 0.000005 0.005526
0 0 0.975011 0.015207 0.001066 0.000000 0.008717
0 0 0.976526 0.014489 0.001051 0.000000 0.007934
0 0 0.965398 0.019462 0.003227 0.000004 0.011910
0 0 0.977233 0.012332 0.001953 0.000002 0.008480
0 0 0.981968 0.009921 0.001642 0.000002 0.006467
0 0 0.980689 0.010352 0.001493 0.000001 0.007465
0 0 0.903904 0.048875 0.011720 0.000057 0.035443
0 0 0.915141 0.030128 0.005464 0.000016 0.049251
0 0 0.971379 0.011849 0.001658 0.000002 0.015112
0 0 0.990872 0.003721 0.000607 0.000001 0.004800
0 0 0.974042 0.007279 0.001191 0.000002 0.017486
0 0 0.964552 0.015103 0.002341 0.000003 0.018001
0 0 0.873619 0.072456 0.007829 0.000006 0.046091
0 0 0.945329 0.031093 0.003494 0.000002 0.020082
0 0 0.513436 0.298656 0.036848 0.000063 0.150996
1 1 0.163067 0.547531 0.137253 0.001833 0.150316
4 1 0.016439 0.050611 0.021681 0.000014 0.911254
4 1 0.010843 0.037920 0.016487 0.000003 0.934748
4 1 0.012743 0.036583 0.013041 0.000003 0.937630
4 1 0.014996 0.014462 0.001341 0.000000 0.969201
4 4 0.020571 0.014072 0.000938 0.000001 0.964420
4 4 0.012146 0.030336 0.008877 0.000002 0.948639
4 4 0.023941 0.020771 0.001979 0.000002 0.953307
4 4 0.012914 0.026382 0.006087 0.000001 0.954616
4 4 0.021359 0.012769 0.000725 0.000000 0.965146
4 4 0.023834 0.011746 0.000541 0.000000 0.963879
4 4 0.023907 0.010631 0.000430 0.000000 0.965032
4 4 0.024556 0.011077 0.000461 0.000000 0.963906
4 4 0.022962 0.010178 0.000404 0.000000 0.966455
4 4 0.022020 0.008666 0.000292 0.000000 0.969023
4 4 0.021571 0.011277 0.000541 0.000000 0.966611
4 4 0.020428 0.009948 0.000428 0.000000 0.969196
4 4 0.025419 0.014981 0.000888 0.000001 0.958711
4 4 0.022014 0.012003 0.000613 0.000000 0.965369
4 4 0.021903 0.011662 0.000576 0.000000 0.965859
4 4 0.023146 0.009695 0.000359 0.000000 0.966799
4 4 0.026422 0.013075 0.000628 0.000001 0.959874
4 4 0.016350 0.013621 0.001079 0.000000 0.968950
4 4 0.013858 0.011200 0.000806 0.000000 0.974136
4 4 0.024314 0.015120 0.000945 0.000001 0.959620
4 4 0.014217 0.019897 0.002919 0.000001 0.962966
4 4 0.014240 0.008607 0.000431 0.000000 0.976721
4 4 0.016740 0.014670 0.001250 0.000000 0.967340
4 4 0.023222 0.009767 0.000364 0.000000 0.966646
4 4 0.025829 0.012419 0.000570 0.000001 0.961181
4 4 0.021548 0.014091 0.000901 0.000001 0.963460
4 4 0.024202 0.035429 0.006643 0.000011 0.933716
4 4 0.027648 0.049139 0.012438 0.000038 0.910738
4 4 0.023525 0.043573 0.010969 0.000019 0.921914
4 4 0.015713 0.077880 0.061846 0.000059 0.844503
4 4 0.016974 0.061570 0.033139 0.000029 0.888288
4 4 0.022457 0.083333 0.051605 0.000147 0.842458
4 4 0.016980 0.104597 0.116395 0.000232 0.761797
4 4 0.015852 0.101738 0.116376 0.000183 0.765851
4 4 0.016679 0.109480 0.132530 0.000282 0.741028
4 4 0.014281 0.101760 0.129060 0.000157 0.754742
2 4 0.008085 0.129192 0.474057 0.001444 0.387222
4 4 0.017990 0.144349 0.250454 0.001747 0.585460
4 4 0.009334 0.121248 0.318651 0.000362 0.550405
4 2 0.012874 0.126516 0.250785 0.000529 0.609296
4 2 0.010304 0.131835 0.364887 0.001091 0.491882
4 2 0.013570 0.114019 0.180586 0.000272 0.691553
4 2 0.017993 0.136313 0.214501 0.001126 0.630068
4 2 0.016087 0.150300 0.261258 0.000584 0.571770
4 2 0.010574 0.119360 0.264991 0.000311 0.604765
4 2 0.010267 0.111571 0.228324 0.000276 0.649562
4 2 0.035485 0.159038 0.125157 0.001152 0.679168
4 2 0.036720 0.091017 0.039040 0.000460 0.832764
4 2 0.061928 0.205196 0.083476 0.000370 0.649030
4 2 0.112421 0.252661 0.056334 0.000352 0.578232
4 2 0.057436 0.172063 0.080839 0.001261 0.688402
4 2 0.063636 0.175542 0.056388 0.000205 0.704229
4 2 0.067054 0.111284 0.028788 0.000508 0.792366
0 2 0.495885 0.114614 0.033768 0.000762 0.354970
4 2 0.070777 0.180035 0.064680 0.000937 0.683571
4 2 0.047824 0.179734 0.088662 0.000306 0.683474
2 2 0.004969 0.101249 0.639071 0.134904 0.119807
2 2 0.003648 0.093339 0.722429 0.066773 0.113811
2 2 0.005198 0.105723 0.653809 0.103025 0.132245
2 2 0.006766 0.121165 0.631447 0.064152 0.176470
2 2 0.006323 0.116116 0.646729 0.082154 0.148677
2 2 0.004816 0.097727 0.618928 0.165249 0.113280
2 2 0.002047 0.071984 0.782010 0.065948 0.078010
2 2 0.003139 0.088825 0.758368 0.042565 0.107102
2 2 0.002345 0.075294 0.755843 0.086431 0.080086
2 2 0.003044 0.087454 0.754829 0.048062 0.106611
2 2 0.003019 0.080328 0.695148 0.143138 0.078367
2 3 0.001702 0.059098 0.685392 0.202822 0.050985
2 3 0.002973 0.075673 0.629293 0.218478 0.073583
2 3 0.002047 0.064193 0.667457 0.208710 0.057593
2 3 0.001129 0.052388 0.817600 0.086995 0.041888
2 3 0.001008 0.047433 0.759538 0.155309 0.036712
2 3 0.001151 0.048196 0.685387 0.226911 0.038355
2 3 0.002196 0.065389 0.644212 0.228598 0.059605
2 3 0.000683 0.037529 0.714826 0.220141 0.026822
2 3 0.002141 0.063865 0.631248 0.244782 0.057965
3 3 0.000629 0.014015 0.416571 0.560984 0.007801
3 3 0.001144 0.021814 0.315141 0.646007 0.015894
3 3 0.001389 0.033425 0.399491 0.538896 0.026799
3 3 0.000777 0.025026 0.456499 0.500504 0.017193
3 3 0.000475 0.012952 0.420173 0.559401 0.006999
3 3 0.001047 0.030069 0.446817 0.499725 0.022342
3 3 0.000695 0.012341 0.278520 0.700982 0.007461
3 3 0.000588 0.011658 0.342759 0.638568 0.006427
3 3 0.000634 0.011888 0.282983 0.697444 0.007051
3 3 0.000972 0.014888 0.282742 0.691779 0.009619
3 3 0.002983 0.022363 0.271491 0.692492 0.010671
3 3 0.002697 0.015045 0.180196 0.794709 0.007352
3 3 0.002482 0.016703 0.220820 0.751459 0.008536
3 3 0.001132 0.006411 0.123254 0.865323 0.003881
3 3 0.001725 0.007168 0.110114 0.876812 0.004182
3 3 0.001429 0.007009 0.114458 0.873344 0.003760
3 3 0.002172 0.007806 0.116458 0.869409 0.004155
3 3 0.001371 0.006305 0.105257 0.883467 0.003600
3 3 0.002640 0.011571 0.141660 0.837444 0.006686
3 3 0.001981 0.008471 0.122666 0.862211 0.004671
3 3 0.003373 0.010041 0.135261 0.846667 0.004658
3 3 0.004140 0.010052 0.130348 0.850638 0.004821
3 3 0.001669 0.005029 0.087779 0.902571 0.002953
3 3 0.003639 0.007693 0.108702 0.875956 0.004009
3 3 0.001722 0.004446 0.081419 0.909871 0.002542
3 3 0.002107 0.003285 0.065255 0.927497 0.001857
3 3 0.001871 0.005121 0.089458 0.900728 0.002821
3 3 0.002464 0.004873 0.082624 0.907269 0.002770
3 3 0.001764 0.003133 0.065089 0.928269 0.001745
3 3 0.001901 0.003113 0.064164 0.929087 0.001735
3 3 0.002413 0.002622 0.056066 0.937479 0.001420
3 3 0.003633 0.005680 0.091469 0.896449 0.002769
3 3 0.002447 0.003122 0.062000 0.930678 0.001754
3 3 0.003043 0.004048 0.070522 0.920024 0.002364
3 3 0.004144 0.005113 0.082635 0.905497 0.002611
3 3 0.001979 0.002134 0.051077 0.943710 0.001100
3 3 0.002816 0.004162 0.074904 0.915902 0.002217
3 3 0.002324 0.002874 0.059501 0.933717 0.001585
3 3 0.002154 0.002340 0.053285 0.940988 0.001233
3 3 0.002247 0.002667 0.057206 0.936434 0.001446
3 3 0.002780 0.003516 0.065270 0.926402 0.002032
3 3 0.002756 0.001894 0.045367 0.949022 0.000962
3 3 0.002549 0.002509 0.054194 0.939401 0.001348
3 3 0.002342 0.002019 0.048238 0.946367 0.001034
3 3 0.002737 0.001965 0.046423 0.947870 0.001005
3 3 0.001839 0.001788 0.046484 0.949001 0.000887
3 3 0.002443 0.002682 0.056719 0.936695 0.001460
3 3 0.002950 0.002948 0.058366 0.934091 0.001645
3 3 0.003401 0.003151 0.061634 0.930198 0.001616
3 3 0.002219 0.002525 0.055496 0.938407 0.001353
3 3 0.003346 0.002157 0.047662 0.945704 0.001132
3 3 0.002824 0.001493 0.039244 0.955717 0.000722
3 3 0.002968 0.002437 0.052119 0.941170 0.001307
3 3 0.005723 0.006120 0.091893 0.893418 0.002847
3 3 0.003326 0.002340 0.050053 0.943034 0.001248
3 3 0.003981 0.003380 0.060588 0.930093 0.001958
3 3 0.002659 0.002540 0.054264 0.939167 0.001370
3 3 0.002785 0.002296 0.050784 0.942920 0.001214
3 3 0.002778 0.002063 0.047679 0.946414 0.001067
3 3 0.002966 0.001896 0.044921 0.949252 0.000965
3 3 0.003060 0.001883 0.044536 0.949564 0.000958
3 3 0.002915 0.002111 0.047998 0.945878 0.001098
3 3 0.002512 0.001711 0.043293 0.951635 0.000849
3 3 0.002837 0.001733 0.042854 0.951711 0.000865
3 3 0.002864 0.001686 0.042109 0.952505 0.000837
3 3 0.003653 0.002783 0.054711 0.937309 0.001544
3 3 0.002508 0.001816 0.044853 0.949912 0.000911
3 3 0.002763 0.001787 0.043815 0.950739 0.000897
3 3 0.002735 0.001302 0.036335 0.959017 0.000612
3 3 0.003955 0.001791 0.041656 0.951689 0.000909
3 3 0.003293 0.001635 0.040515 0.953748 0.000810
3 3 0.003222 0.001471 0.038157 0.956439 0.000712
3 3 0.002573 0.001414 0.038507 0.956832 0.000675
3 3 0.002780 0.001634 0.041509 0.953272 0.000805
3 3 0.003438 0.001588 0.039564 0.954627 0.000782
3 3 0.003495 0.001624 0.040004 0.954072 0.000804
3 3 0.002844 0.001610 0.041007 0.953748 0.000791
3 3 0.002529 0.001680 0.042780 0.952181 0.000830
3 3 0.003246 0.001677 0.041219 0.953023 0.000834
3 3 0.002671 0.001400 0.038069 0.957193 0.000667
3 3 0.002378 0.000968 0.031048 0.965179 0.000426
3 3 0.004167 0.002406 0.049261 0.942866 0.001300
3 3 0.002688 0.001024 0.031540 0.964290 0.000458
3 3 0.003870 0.001951 0.043963 0.949210 0.001007
3 3 0.002782 0.001581 0.040691 0.954173 0.000773
3 3 0.002891 0.001538 0.039804 0.955019 0.000749
3 3 0.002609 0.001061 0.032368 0.963485 0.000477
3 3 0.002688 0.001325 0.036810 0.958552 0.000625
3 3 0.003042 0.001374 0.036947 0.957982 0.000655
3 3 0.003489 0.001769 0.042104 0.951746 0.000892
3 3 0.002323 0.001747 0.044333 0.950728 0.000868
3 3 0.002895 0.002404 0.051893 0.941523 0.001285
3 3 0.002947 0.001987 0.046233 0.947812 0.001021
3 3 0.002668 0.001542 0.040332 0.954709 0.000750
3 3 0.003034 0.001985 0.046010 0.947951 0.001021
3 3 0.002957 0.001862 0.044458 0.949780 0.000944
3 3 0.003244 0.002956 0.057673 0.934472 0.001655
3 3 0.003936 0.004493 0.076076 0.913166 0.002328
3 3 0.004186 0.007823 0.112290 0.872075 0.003626
3 3 0.004658 0.003718 0.065117 0.924533 0.001974
2 3 0.012136 0.049277 0.478208 0.444148 0.016231
2 3 0.015899 0.078881 0.688178 0.197360 0.019682
2 1 0.041054 0.167017 0.636186 0.131426 0.024318
2 1 0.013745 0.201518 0.589345 0.100366 0.095027
2 1 0.015267 0.258805 0.635722 0.029515 0.060691
2 1 0.018898 0.268035 0.591985 0.041759 0.079323
2 1 0.016093 0.244098 0.609322 0.053158 0.077329
2 1 0.015673 0.235541 0.608809 0.057734 0.082243
2 1 0.016447 0.252882 0.615379 0.040934 0.074359
2 1 0.015340 0.210517 0.556917 0.123489 0.093738
4 1 0.012326 0.132763 0.301551 0.001284 0.552076
4 1 0.012262 0.139590 0.352001 0.001396 0.494750
4 1 0.014281 0.142076 0.309874 0.001548 0.532221
4 1 0.016932 0.136646 0.230216 0.001099 0.615107
4 1 0.015694 0.151369 0.335774 0.003028 0.494135
4 1 0.009449 0.120817 0.310974 0.000348 0.558413
4 1 0.020811 0.167028 0.259820 0.001367 0.550974
4 1 0.010960 0.135053 0.364430 0.001066 0.488492
4 1 0.017032 0.110873 0.133929 0.000310 0.737856
4 1 0.016031 0.132884 0.226416 0.000914 0.623754
2 1 0.009964 0.138067 0.450581 0.005883 0.395505
2 1 0.008760 0.135499 0.518502 0.008729 0.328510
2 1 0.009928 0.138230 0.451936 0.002535 0.397370
2 1 0.005453 0.116094 0.630043 0.005599 0.242811
2 1 0.010685 0.145675 0.505440 0.007561 0.330640
2 1 0.011061 0.147548 0.505051 0.008421 0.327919
2 1 0.009936 0.136548 0.430465 0.001583 0.421468
2 1 0.007334 0.129249 0.608826 0.012141 0.242450
2 1 0.009913 0.142040 0.512518 0.005835 0.329695
2 1 0.004005 0.103427 0.661461 0.003199 0.227908
2 1 0.009465 0.168229 0.650418 0.015048 0.156839
2 1 0.013663 0.223900 0.631194 0.006354 0.124889
2 1 0.020268 0.252490 0.552112 0.007496 0.167634
2 1 0.012574 0.193439 0.622493 0.014866 0.156628
2 1 0.021883 0.277136 0.532091 0.004307 0.164582
2 1 0.015339 0.211935 0.574137 0.009267 0.189322
1 1 0.059297 0.420867 0.363283 0.006931 0.149621
1 1 0.053120 0.360465 0.341434 0.006385 0.238596
2 1 0.047177 0.386672 0.395923 0.008350 0.161878
0 0 0.336463 0.252933 0.194857 0.010633 0.205114
0 0 0.788758 0.114343 0.035656 0.000402 0.060841
0 0 0.884897 0.056748 0.038751 0.001913 0.017690
0 0 0.863949 0.077264 0.046644 0.001372 0.010771
0 0 0.899242 0.054363 0.032067 0.000986 0.013343
1 0 0.123751 0.554011 0.234856 0.004609 0.082774
1 1 0.064268 0.472922 0.363076 0.008115 0.091619
1 1 0.051898 0.433496 0.411085 0.009881 0.093640
1 1 0.094026 0.537806 0.275856 0.006033 0.086279
1 1 0.057879 0.440313 0.387412 0.011087 0.103309
1 1 0.071061 0.486022 0.340813 0.007205 0.094900
4 1 0.050369 0.059914 0.011245 0.000254 0.878219
4 1 0.032417 0.048484 0.010396 0.000051 0.908652
4 1 0.038187 0.030544 0.003094 0.000018 0.928157
4 4 0.037402 0.029088 0.002821 0.000015 0.930675
4 4 0.031829 0.035138 0.005050 0.000018 0.927965
4 4 0.036455 0.027392 0.002518 0.000012 0.933624
4 4 0.032796 0.021427 0.001585 0.000005 0.944188
4 4 0.040653 0.035952 0.004240 0.000033 0.919122
4 4 0.024969 0.026420 0.003296 0.000005 0.945310
4 4 0.082503 0.053901 0.002930 0.000003 0.860663
4 4 0.079533 0.166509 0.047277 0.000761 0.705919
4 4 0.023057 0.100099 0.077835 0.000520 0.798490
4 4 0.017662 0.148224 0.275947 0.003950 0.554216
4 4 0.039694 0.163586 0.111830 0.000965 0.683925
4 4 0.017821 0.150516 0.285756 0.005167 0.540739
4 4 0.019611 0.118355 0.137058 0.000841 0.724135
