0 0 0.993025 0.001946 0.000042 0.000000 0.004987
0 0 0.995119 0.001426 0.000041 0.000000 0.003413
0 0 0.996916 0.001068 0.000068 0.000000 0.001947
0 0 0.997476 0.000862 0.000052 0.000000 0.001610
0 0 0.997734 0.000809 0.000055 0.000000 0.001401
0 0 0.997434 0.000943 0.000066 0.000000 0.001556
0 0 0.997658 0.000816 0.000051 0.000000 0.001475
0 0 0.997659 0.000855 0.000062 0.000000 0.001423
0 0 0.996172 0.001230 0.000064 0.000000 0.002533
0 0 0.962455 0.010038 0.000154 0.000000 0.027353
0 0 0.455867 0.201105 0.030248 0.000596 0.312183
1 1 0.077074 0.518155 0.087674 0.000107 0.316991
1 1 0.036518 0.529975 0.155921 0.000553 0.277033
1 1 0.046528 0.417715 0.148842 0.001185 0.385731
1 1 0.022124 0.464580 0.227857 0.002611 0.282827
1 1 0.040336 0.410088 0.241725 0.014699 0.293152
1 1 0.028332 0.458247 0.221532 0.003506 0.288383
1 1 0.045694 0.489399 0.095334 0.000073 0.369500
1 1 0.056582 0.426565 0.108354 0.000300 0.408198
1 1 0.031609 0.527045 0.226203 0.003743 0.211401
1 1 0.020750 0.434652 0.228538 0.002792 0.313268
4 1 0.006818 0.251681 0.230699 0.001314 0.509487
1 1 0.008159 0.470443 0.195571 0.000202 0.325625
1 1 0.012094 0.447743 0.215042 0.000742 0.324379
1 1 0.010210 0.454002 0.210543 0.000481 0.324765
1 1 0.009574 0.365948 0.274722 0.001195 0.348562
1 1 0.009332 0.414225 0.209600 0.000518 0.366326
1 1 0.007975 0.435492 0.205129 0.000309 0.351094
1 1 0.006736 0.472546 0.199279 0.000162 0.321277
1 1 0.006857 0.366753 0.296461 0.000657 0.329272
1 1 0.014306 0.506562 0.308738 0.001255 0.169139
4 1 0.019726 0.298341 0.330618 0.013297 0.338019
1 1 0.016439 0.559706 0.238680 0.000847 0.184329
1 1 0.011521 0.394773 0.304156 0.001651 0.287900
1 1 0.021718 0.408018 0.359332 0.007310 0.203622
1 1 0.018114 0.478832 0.306277 0.002431 0.194346
1 1 0.030611 0.506041 0.229035 0.004037 0.230276
1 1 0.031743 0.508138 0.291039 0.006126 0.162954
1 1 0.022492 0.443635 0.312659 0.004995 0.216219
2 1 0.013410 0.297775 0.483976 0.010300 0.194539
2 2 0.003788 0.059571 0.849956 0.072009 0.014676
2 2 0.004755 0.070837 0.832235 0.068424 0.023749
2 2 0.005083 0.016519 0.549350 0.419269 0.009779
2 2 0.006736 0.021536 0.559707 0.399274 0.012747
2 2 0.005103 0.055245 0.824189 0.094271 0.021193
2 2 0.001669 0.008875 0.702717 0.280745 0.005994
2 2 0.004938 0.015822 0.549671 0.414055 0.015514
3 3 0.005285 0.012236 0.458110 0.514823 0.009546
2 3 0.006292 0.038838 0.761819 0.180923 0.012128
3 3 0.000939 0.002019 0.462045 0.533878 0.001119
3 3 0.003131 0.002224 0.161373 0.832934 0.000338
3 3 0.006020 0.006044 0.221617 0.765571 0.000749
3 3 0.004012 0.001744 0.096866 0.897280 0.000097
3 3 0.003256 0.001571 0.104875 0.890123 0.000174
3 3 0.004874 0.002255 0.103508 0.889254 0.000109
3 3 0.002175 0.000890 0.089915 0.906919 0.000102
3 3 0.003748 0.000841 0.039648 0.955694 0.000070
3 3 0.003914 0.001957 0.097714 0.895935 0.000481
3 3 0.002770 0.000766 0.057018 0.939402 0.000044
3 3 0.001681 0.001203 0.186343 0.810670 0.000103
3 3 0.005051 0.000560 0.014923 0.979427 0.000038
3 3 0.003683 0.000756 0.037909 0.957618 0.000035
3 3 0.003580 0.000495 0.020772 0.975112 0.000041
3 3 0.002757 0.000199 0.009442 0.987593 0.000010
3 3 0.004800 0.000792 0.026316 0.968045 0.000047
3 3 0.005168 0.000583 0.015182 0.979027 0.000041
3 3 0.004405 0.000443 0.013456 0.981669 0.000028
3 3 0.004828 0.000518 0.014421 0.980198 0.000035
3 3 0.005190 0.000587 0.015229 0.978953 0.000041
3 3 0.003506 0.000336 0.013289 0.982851 0.000018
3 3 0.005250 0.000598 0.015363 0.978747 0.000042
3 3 0.006359 0.000831 0.017751 0.974993 0.000065
3 3 0.004359 0.000435 0.013352 0.981826 0.000027
3 3 0.005076 0.000565 0.014977 0.979344 0.000039
3 3 0.004452 0.000451 0.013566 0.981502 0.000029
3 3 0.005059 0.000562 0.014939 0.979402 0.000039
3 3 0.004492 0.000458 0.013657 0.981363 0.000029
3 3 0.004577 0.000473 0.013853 0.981066 0.000031
3 3 0.004065 0.000386 0.012665 0.982860 0.000023
3 3 0.006254 0.000808 0.017530 0.975345 0.000063
3 3 0.005957 0.000743 0.016900 0.976344 0.000056
3 3 0.003998 0.000375 0.012507 0.983098 0.000022
3 3 0.004852 0.000523 0.014476 0.980113 0.000035
3 3 0.004783 0.000510 0.014321 0.980352 0.000034
3 3 0.006103 0.000775 0.017211 0.975851 0.000060
3 3 0.005417 0.000632 0.015731 0.978174 0.000045
3 3 0.004341 0.000432 0.013309 0.981891 0.000027
3 3 0.004146 0.000399 0.012855 0.982576 0.000024
3 3 0.007250 0.001041 0.019594 0.972026 0.000089
3 3 0.020680 0.006171 0.048053 0.924280 0.000816
3 3 0.042822 0.040675 0.160340 0.743680 0.012483
3 3 0.052992 0.076503 0.279415 0.577958 0.013132
3 3 0.094578 0.095096 0.290285 0.509537 0.010505
2 3 0.091442 0.314941 0.354790 0.144800 0.094028
2 3 0.028718 0.081617 0.521637 0.357091 0.010938
2 3 0.035967 0.086320 0.459117 0.400055 0.018541
2 3 0.021466 0.151035 0.693071 0.117297 0.017131
2 3 0.026126 0.091231 0.591070 0.274576 0.016997
2 3 0.027263 0.130770 0.659645 0.166882 0.015440
2 3 0.016656 0.115042 0.748801 0.106043 0.013458
2 3 0.027683 0.069630 0.442376 0.429862 0.030450
2 3 0.031636 0.194570 0.619412 0.126564 0.027818
2 2 0.004284 0.016107 0.646892 0.326545 0.006172
2 2 0.007700 0.034547 0.699562 0.246348 0.011842
2 2 0.029225 0.187820 0.628165 0.111112 0.043679
2 2 0.007208 0.052442 0.829030 0.100926 0.010394
2 2 0.007939 0.067387 0.803718 0.107230 0.013725
2 2 0.017633 0.066670 0.633905 0.265114 0.016679
3 2 0.093807 0.119745 0.371973 0.402972 0.011503
2 2 0.028640 0.141686 0.616299 0.173567 0.039809
2 2 0.004808 0.013417 0.515335 0.462512 0.003927
2 2 0.003838 0.042554 0.865333 0.083926 0.004349
2 2 0.001543 0.008283 0.736663 0.251754 0.001758
2 2 0.009979 0.073286 0.768324 0.142060 0.006351
2 2 0.002107 0.012208 0.765574 0.215991 0.004120
2 2 0.004948 0.021716 0.646081 0.321626 0.005628
2 2 0.017227 0.062673 0.628750 0.283792 0.007558
2 2 0.002577 0.010729 0.648847 0.335095 0.002752
2 2 0.011780 0.035378 0.545849 0.390989 0.016005
2 2 0.005692 0.015791 0.522269 0.452110 0.004138
2 2 0.020635 0.050984 0.475091 0.447938 0.005352
3 2 0.013337 0.030594 0.429116 0.521881 0.005073
2 2 0.002649 0.008114 0.652120 0.336204 0.000913
2 2 0.003370 0.016162 0.732032 0.245523 0.002913
3 2 0.003987 0.005322 0.304767 0.685194 0.000730
2 3 0.013332 0.047310 0.635692 0.299072 0.004594
3 3 0.004509 0.010581 0.481245 0.501990 0.001676
3 3 0.002840 0.002999 0.245135 0.748456 0.000569
3 3 0.016677 0.013504 0.208989 0.759807 0.001023
3 3 0.003307 0.005225 0.350575 0.639872 0.001021
3 3 0.005798 0.005873 0.244265 0.743763 0.000300
3 3 0.004146 0.004600 0.263176 0.727647 0.000431
3 3 0.005685 0.007829 0.315870 0.669996 0.000620
3 3 0.003979 0.002555 0.158132 0.835218 0.000116
3 3 0.004136 0.002669 0.160085 0.833002 0.000109
3 3 0.003498 0.001227 0.078431 0.916796 0.000048
3 3 0.003668 0.001717 0.110790 0.883752 0.000072
3 3 0.005904 0.004147 0.160698 0.828986 0.000265
3 3 0.008030 0.004654 0.120387 0.866564 0.000365
3 3 0.006492 0.004417 0.153163 0.835649 0.000279
3 3 0.004200 0.002626 0.133896 0.858878 0.000400
3 3 0.005469 0.003585 0.142356 0.848216 0.000374
3 3 0.016134 0.003895 0.043463 0.936128 0.000379
2 3 0.051707 0.105674 0.486210 0.346387 0.010021
3 3 0.003350 0.003092 0.215069 0.778052 0.000438
2 3 0.014397 0.082554 0.715692 0.179699 0.007659
3 3 0.010556 0.023845 0.473753 0.490128 0.001717
2 3 0.005534 0.019018 0.636345 0.337182 0.001921
3 3 0.034012 0.045124 0.358361 0.558596 0.003907
3 3 0.008557 0.007983 0.199225 0.783398 0.000837
2 3 0.002075 0.005585 0.531744 0.459012 0.001585
2 3 0.002516 0.010682 0.683103 0.302095 0.001604
2 3 0.004675 0.014381 0.534262 0.442359 0.004324
2 3 0.017785 0.100391 0.679632 0.188000 0.014191
2 3 0.001909 0.004898 0.504658 0.486728 0.001807
2 3 0.013752 0.046117 0.568748 0.363846 0.007537
2 3 0.014796 0.060168 0.631642 0.284807 0.008587
3 3 0.005785 0.010979 0.392769 0.586444 0.004022
3 3 0.013206 0.013886 0.216779 0.749152 0.006977
2 3 0.173965 0.185976 0.412818 0.210060 0.017182
2 3 0.021306 0.076203 0.559703 0.320322 0.022466
3 3 0.004577 0.008995 0.357636 0.620175 0.008616
2 3 0.004400 0.013762 0.561754 0.408730 0.011355
2 3 0.021263 0.205569 0.660170 0.053629 0.059368
2 3 0.004312 0.023761 0.779264 0.186484 0.006179
2 2 0.022199 0.217155 0.611987 0.057520 0.091140
2 2 0.008847 0.153058 0.777457 0.030265 0.030372
2 4 0.023852 0.256258 0.581710 0.040119 0.098061
2 4 0.015214 0.319355 0.617115 0.013780 0.034535
2 4 0.021642 0.349970 0.563385 0.019928 0.045075
4 4 0.022337 0.347187 0.171797 0.001290 0.457389
1 4 0.023895 0.504914 0.115618 0.000060 0.355512
4 4 0.021421 0.238550 0.167616 0.003985 0.568428
1 4 0.020557 0.437345 0.135226 0.000156 0.406716
1 4 0.027406 0.436577 0.155702 0.000534 0.379782
4 4 0.024534 0.372440 0.116917 0.000162 0.485947
4 4 0.021937 0.378433 0.179286 0.001192 0.419153
4 4 0.027974 0.411636 0.131719 0.000273 0.428399
4 4 0.013108 0.282070 0.179652 0.001383 0.523786
4 4 0.019842 0.178497 0.125696 0.002427 0.673539
4 4 0.035958 0.086197 0.043857 0.000650 0.833338
4 4 0.074232 0.259377 0.067748 0.000246 0.598397
4 4 0.029276 0.244668 0.087743 0.000227 0.638086
1 4 0.030480 0.578608 0.093835 0.000023 0.297054
4 4 0.039130 0.388827 0.078497 0.000041 0.493504
1 4 0.023134 0.456792 0.127421 0.000123 0.392530
1 4 0.025835 0.423575 0.159503 0.000599 0.390489
4 4 0.041385 0.295526 0.099183 0.000376 0.563530
4 4 0.023716 0.407753 0.150516 0.000427 0.417589
4 4 0.018774 0.395293 0.159732 0.000435 0.425766
2 4 0.014505 0.345173 0.558733 0.009156 0.072433
1 4 0.020877 0.455605 0.452568 0.006368 0.064582
2 4 0.020235 0.438788 0.465441 0.006976 0.068560
2 4 0.017043 0.336626 0.509868 0.012598 0.123864
2 4 0.015542 0.354322 0.558193 0.009685 0.062258
2 4 0.001105 0.080914 0.885377 0.003910 0.028693
2 2 0.015645 0.285216 0.566052 0.019705 0.113382
2 2 0.007014 0.267609 0.675124 0.005206 0.045046
2 2 0.001030 0.052248 0.913382 0.003575 0.029765
2 2 0.008211 0.324332 0.604516 0.003630 0.059310
2 2 0.133902 0.274391 0.477972 0.001103 0.112632
0 2 0.520779 0.319160 0.017994 0.000023 0.142045
0 2 0.992197 0.002480 0.000122 0.000001 0.005199
0 0 0.996046 0.001736 0.000264 0.000004 0.001950
0 0 0.994379 0.002425 0.000356 0.000006 0.002835
0 0 0.993570 0.002809 0.000105 0.000000 0.003515
0 0 0.994966 0.001978 0.000198 0.000002 0.002856
0 0 0.993735 0.002417 0.000233 0.000002 0.003613
0 0 0.997261 0.001292 0.000280 0.000006 0.001162
0 0 0.996957 0.001294 0.000166 0.000002 0.001581
0 0 0.986056 0.002385 0.000018 0.000000 0.011541
0 0 0.984836 0.003257 0.000018 0.000000 0.011889
0 0 0.978786 0.004729 0.000042 0.000000 0.016443
0 0 0.988389 0.001624 0.000013 0.000000 0.009973
0 0 0.985451 0.002226 0.000023 0.000000 0.012300
0 0 0.973534 0.008433 0.000046 0.000000 0.017987
0 0 0.987614 0.001866 0.000015 0.000000 0.010505
0 0 0.978292 0.004250 0.000052 0.000000 0.017406
0 0 0.961555 0.015599 0.000076 0.000000 0.022770
0 0 0.980141 0.003428 0.000047 0.000000 0.016384
1 0 0.056576 0.633564 0.220507 0.005439 0.083914
2 0 0.035171 0.402087 0.468473 0.029074 0.065195
1 1 0.031834 0.495669 0.398182 0.009996 0.064319
2 1 0.016280 0.281238 0.620193 0.024200 0.058089
2 1 0.010624 0.287107 0.660029 0.009627 0.032613
2 1 0.006832 0.215827 0.701717 0.009999 0.065625
2 2 0.003434 0.151409 0.768728 0.007143 0.069286
2 2 0.003318 0.141425 0.803035 0.008523 0.043699
2 2 0.002148 0.066064 0.879734 0.020435 0.031619
2 2 0.017161 0.282458 0.603193 0.026082 0.071105
2 2 0.002025 0.024850 0.871719 0.095700 0.005706
2 2 0.005106 0.065678 0.815652 0.099290 0.014274
2 2 0.001705 0.024718 0.890456 0.078282 0.004840
2 2 0.005935 0.058379 0.817426 0.109034 0.009226
2 2 0.016695 0.191054 0.674230 0.079744 0.038277
2 2 0.011855 0.182897 0.730348 0.049969 0.024931
2 2 0.000693 0.013613 0.949199 0.033816 0.002680
2 2 0.005980 0.045687 0.786166 0.152967 0.009200
2 2 0.001638 0.009951 0.743336 0.240353 0.004722
2 2 0.003093 0.020994 0.775828 0.192767 0.007319
2 2 0.002200 0.010509 0.709720 0.276299 0.001272
2 2 0.002857 0.017506 0.755124 0.222408 0.002105
2 2 0.005467 0.018397 0.581756 0.392511 0.001869
2 2 0.000859 0.005009 0.788212 0.205433 0.000487
2 2 0.008848 0.037403 0.628950 0.321551 0.003249
2 2 0.003279 0.015779 0.705753 0.273926 0.001262
2 2 0.001459 0.004514 0.587815 0.405186 0.001026
2 2 0.014393 0.091950 0.691309 0.191258 0.011090
2 3 0.001029 0.002413 0.533315 0.462964 0.000278
2 3 0.005588 0.019986 0.570303 0.398887 0.005236
3 3 0.004624 0.009711 0.454374 0.530583 0.000708
3 3 0.004372 0.007024 0.364454 0.623455 0.000695
3 3 0.004311 0.007352 0.404010 0.583563 0.000763
3 3 0.007518 0.010776 0.316997 0.663849 0.000860
3 3 0.002693 0.002394 0.213993 0.780612 0.000308
3 3 0.002390 0.003195 0.328205 0.665864 0.000346
3 3 0.002857 0.002591 0.216763 0.777451 0.000338
3 3 0.005481 0.005345 0.209436 0.778761 0.000976
3 3 0.004105 0.002935 0.148248 0.843940 0.000771
3 3 0.007970 0.009264 0.251992 0.729789 0.000985
3 3 0.004839 0.004012 0.197563 0.793322 0.000265
3 3 0.003869 0.002272 0.144473 0.849291 0.000095
3 3 0.003029 0.001100 0.076251 0.919524 0.000097
3 3 0.005321 0.003239 0.139780 0.851475 0.000185
3 3 0.003094 0.001381 0.090284 0.904980 0.000261
3 3 0.003633 0.000859 0.045373 0.950092 0.000043
3 3 0.004356 0.001302 0.060449 0.933830 0.000063
3 3 0.005682 0.001348 0.037871 0.954919 0.000181
3 3 0.004326 0.000816 0.032478 0.962337 0.000043
3 3 0.003778 0.000847 0.042466 0.952870 0.000039
3 3 0.004535 0.000466 0.013756 0.981213 0.000030
3 3 0.003585 0.000312 0.011518 0.984567 0.000017
3 3 0.003918 0.000419 0.015093 0.980547 0.000024
3 3 0.005877 0.001081 0.029115 0.963853 0.000073
3 3 0.004852 0.000724 0.022834 0.971545 0.000045
3 3 0.006200 0.000796 0.017416 0.975527 0.000062
3 3 0.004480 0.000456 0.013629 0.981406 0.000029
3 3 0.004498 0.000519 0.016217 0.978735 0.000032
3 3 0.005444 0.001024 0.030572 0.962895 0.000065
3 3 0.005256 0.000600 0.015377 0.978725 0.000042
3 3 0.003364 0.000953 0.059805 0.935840 0.000038
3 3 0.006658 0.001372 0.033001 0.958869 0.000100
3 3 0.002669 0.000437 0.029995 0.966882 0.000016
3 3 0.004541 0.001713 0.081142 0.912522 0.000081
3 3 0.006750 0.001626 0.040727 0.950782 0.000115
3 3 0.004685 0.001194 0.048007 0.946051 0.000063
3 3 0.004573 0.000472 0.013842 0.981083 0.000031
3 3 0.003826 0.000581 0.024820 0.970743 0.000030
3 3 0.003742 0.000335 0.011896 0.984008 0.000019
3 3 0.004017 0.000381 0.012670 0.982910 0.000023
3 3 0.004407 0.000443 0.013461 0.981660 0.000028
3 3 0.003643 0.000320 0.011659 0.984359 0.000018
3 3 0.002948 0.000223 0.009934 0.986885 0.000011
3 3 0.003023 0.000233 0.010125 0.986607 0.000012
3 3 0.006281 0.000814 0.017588 0.975253 0.000064
3 3 0.003533 0.000304 0.011391 0.984755 0.000017
3 3 0.004018 0.000379 0.012555 0.983026 0.000023
3 3 0.004054 0.000384 0.012638 0.982901 0.000023
3 3 0.003215 0.000259 0.010607 0.985906 0.000014
3 3 0.003634 0.000319 0.011636 0.984394 0.000018
3 3 0.004124 0.000396 0.012804 0.982651 0.000024
3 3 0.002945 0.000223 0.009926 0.986896 0.000011
3 3 0.003440 0.000290 0.011163 0.985091 0.000016
3 3 0.003222 0.000260 0.010624 0.985881 0.000014
3 3 0.003070 0.000239 0.010243 0.986436 0.000012
3 3 0.002287 0.000145 0.008197 0.989365 0.000006
3 3 0.003589 0.000312 0.011527 0.984554 0.000017
3 3 0.003513 0.000301 0.011341 0.984828 0.000017
3 3 0.003124 0.000246 0.010378 0.986239 0.000013
3 3 0.002371 0.000154 0.008425 0.989044 0.000007
3 3 0.006316 0.000875 0.018922 0.973808 0.000079
3 3 0.006551 0.000875 0.018155 0.974349 0.000070
3 3 0.005864 0.000723 0.016699 0.976660 0.000054
3 3 0.008860 0.001835 0.029001 0.960020 0.000285
3 3 0.008817 0.001458 0.022703 0.966882 0.000140
2 3 0.262707 0.148982 0.453353 0.126483 0.008475
3 3 0.101007 0.114236 0.223725 0.538258 0.022775
3 3 0.037209 0.030540 0.187620 0.740873 0.003758
3 2 0.013585 0.016572 0.325596 0.643013 0.001234
2 2 0.029332 0.067528 0.479527 0.416632 0.006981
2 2 0.014678 0.037638 0.485230 0.457470 0.004984
2 2 0.000885 0.005628 0.783182 0.208652 0.001653
3 2 0.001483 0.003357 0.481024 0.513152 0.000984
3 2 0.000996 0.001944 0.427316 0.568615 0.001129
2 2 0.020313 0.113217 0.680403 0.173804 0.012263
2 2 0.004107 0.017012 0.652710 0.324456 0.001715
2 2 0.000735 0.005136 0.817785 0.175547 0.000798
2 2 0.014013 0.193965 0.709457 0.055334 0.027230
2 2 0.007552 0.056952 0.756294 0.172284 0.006918
2 2 0.009694 0.197009 0.744217 0.026901 0.022179
4 4 0.026069 0.331029 0.233194 0.010378 0.399330
4 4 0.013174 0.342253 0.217227 0.001988 0.425357
4 4 0.017633 0.361468 0.169094 0.000481 0.451325
1 4 0.034843 0.495844 0.124268 0.000174 0.344871
4 4 0.017960 0.311033 0.222946 0.005272 0.442790
1 4 0.017136 0.395407 0.199933 0.001245 0.386279
4 4 0.050430 0.318583 0.083848 0.000174 0.546965
1 4 0.017377 0.384842 0.225541 0.002691 0.369549
4 4 0.034138 0.231681 0.122641 0.001940 0.609600
4 4 0.011169 0.066395 0.075302 0.003984 0.843149
4 4 0.014693 0.386360 0.188779 0.000758 0.409410
1 4 0.014752 0.429312 0.146977 0.000147 0.408812
1 4 0.013230 0.445095 0.121508 0.000034 0.420132
4 4 0.032799 0.404966 0.104378 0.000113 0.457744
4 4 0.017006 0.358726 0.161394 0.000531 0.462344
4 4 0.030529 0.202284 0.085596 0.000444 0.681148
1 4 0.028236 0.439454 0.114317 0.000109 0.417883
4 4 0.045191 0.367566 0.084782 0.000093 0.502368
4 4 0.016016 0.344534 0.115308 0.000097 0.524045
1 4 0.012533 0.437149 0.182000 0.000334 0.367985
1 4 0.019965 0.595918 0.312735 0.001504 0.069878
1 4 0.032921 0.490242 0.306015 0.007943 0.162880
1 4 0.023529 0.514445 0.360518 0.004201 0.097307
1 4 0.017848 0.499096 0.386856 0.002839 0.093361
1 4 0.024330 0.439281 0.385772 0.008170 0.142447
1 4 0.028653 0.481688 0.324843 0.006823 0.157994
1 4 0.019382 0.468976 0.391341 0.004200 0.116102
2 4 0.016426 0.389652 0.476762 0.006830 0.110330
2 4 0.017068 0.399520 0.411802 0.005676 0.165935
2 4 0.015813 0.367433 0.476822 0.007576 0.132356
2 4 0.015735 0.217639 0.681848 0.051343 0.033436
2 4 0.010676 0.203802 0.709055 0.029854 0.046613
2 4 0.006062 0.146152 0.794731 0.026186 0.026868
2 4 0.005961 0.151158 0.777657 0.023176 0.042049
2 4 0.004169 0.101121 0.849360 0.019673 0.025676
2 2 0.000794 0.057971 0.925768 0.003953 0.011514
2 2 0.003215 0.141180 0.826623 0.007814 0.021168
2 2 0.003252 0.122256 0.836073 0.012506 0.025914
2 2 0.010676 0.243999 0.689165 0.016839 0.039322
2 2 0.003384 0.096312 0.856870 0.014921 0.028513
2 2 0.002513 0.107469 0.849771 0.010824 0.029423
2 2 0.002385 0.097766 0.877433 0.001006 0.021411
2 2 0.011271 0.294005 0.642116 0.010023 0.042586
2 2 0.003180 0.048939 0.839514 0.065419 0.042949
2 2 0.001053 0.052964 0.925636 0.003389 0.016958
2 2 0.008270 0.233986 0.720959 0.011353 0.025431
2 2 0.005440 0.194371 0.764323 0.008720 0.027146
2 2 0.000907 0.017678 0.929209 0.042312 0.009893
2 2 0.001024 0.039119 0.939306 0.003556 0.016995
2 2 0.012020 0.224354 0.720489 0.018410 0.024727
1 2 0.130816 0.421266 0.396769 0.019823 0.031326
2 2 0.022413 0.351510 0.509756 0.019240 0.097080
2 2 0.009438 0.159110 0.772917 0.034258 0.024278
2 2 0.012686 0.252436 0.665061 0.019696 0.050121
2 2 0.006128 0.107770 0.815826 0.044451 0.025826
2 2 0.001633 0.020674 0.917401 0.046207 0.014084
2 2 0.001593 0.038931 0.919635 0.026086 0.013755
2 2 0.006300 0.146913 0.786259 0.023123 0.037405
2 2 0.004139 0.042897 0.926573 0.004797 0.021594
2 2 0.002415 0.072028 0.900230 0.010756 0.014572
2 2 0.010446 0.248470 0.701170 0.015012 0.024903
2 2 0.019746 0.301006 0.636840 0.016967 0.025441
2 2 0.013672 0.219263 0.710354 0.029929 0.026782
2 2 0.002628 0.050478 0.898404 0.037083 0.011407
2 2 0.001533 0.054746 0.911634 0.014229 0.017858
2 2 0.001938 0.071971 0.903415 0.012726 0.009950
2 2 0.004855 0.053657 0.821112 0.103981 0.016397
2 2 0.005604 0.103242 0.828659 0.034738 0.027756
2 2 0.011361 0.123443 0.770455 0.071096 0.023644
2 2 0.004461 0.054654 0.842544 0.075983 0.022358
2 2 0.004781 0.035279 0.798549 0.153844 0.007547
2 2 0.006995 0.069323 0.803583 0.093935 0.026164
2 2 0.021867 0.226103 0.659325 0.062556 0.030148
2 2 0.007847 0.064923 0.781270 0.132468 0.013492
2 2 0.013039 0.113269 0.747753 0.103733 0.022206
2 2 0.014101 0.183672 0.726843 0.053262 0.022123
2 0 0.050250 0.179926 0.622031 0.134161 0.013633
2 2 0.029478 0.264172 0.621738 0.053700 0.030912
2 2 0.011669 0.050610 0.652462 0.274105 0.011154
2 2 0.009329 0.139005 0.793520 0.043656 0.014490
2 2 0.007975 0.083999 0.814097 0.086778 0.007151
2 2 0.004668 0.038836 0.816251 0.137024 0.003220
2 2 0.006116 0.094276 0.834819 0.056080 0.008709
2 2 0.002500 0.025355 0.860151 0.109902 0.002092
2 2 0.001403 0.007172 0.747086 0.243681 0.000659
2 2 0.006404 0.084919 0.839541 0.062278 0.006857
2 2 0.002537 0.020729 0.817886 0.155166 0.003682
2 2 0.002872 0.023960 0.822639 0.147305 0.003224
2 2 0.001363 0.013807 0.867107 0.116737 0.000986
2 2 0.035974 0.212944 0.659478 0.074280 0.017324
2 2 0.031212 0.213023 0.667489 0.069421 0.018856
2 2 0.015502 0.300358 0.632018 0.017722 0.034400
2 2 0.013973 0.254340 0.676199 0.024990 0.030498
2 2 0.001940 0.021987 0.868987 0.101864 0.005222
2 2 0.014137 0.234630 0.687887 0.033184 0.030163
2 2 0.013912 0.184729 0.707852 0.065616 0.027892
2 2 0.001604 0.026795 0.906617 0.059125 0.005859
2 2 0.001079 0.009171 0.827691 0.159122 0.002936
2 2 0.024243 0.323721 0.571772 0.032574 0.047691
2 2 0.019261 0.294080 0.617791 0.029179 0.039688
0 2 0.521564 0.305235 0.019254 0.000034 0.153912
0 2 0.982686 0.004150 0.000101 0.000000 0.013063
0 0 0.992228 0.002221 0.000079 0.000000 0.005471
0 0 0.991543 0.002130 0.000049 0.000000 0.006278
0 0 0.994298 0.001592 0.000059 0.000000 0.004050
0 0 0.985721 0.002436 0.000029 0.000000 0.011814
0 0 0.981195 0.003876 0.000078 0.000000 0.014851
0 0 0.977837 0.004413 0.000067 0.000000 0.017684
0 0 0.843708 0.097510 0.000828 0.000000 0.057955
0 0 0.986943 0.003707 0.000156 0.000001 0.009193
1 0 0.187434 0.382009 0.115664 0.006267 0.308625
1 0 0.244661 0.418644 0.173514 0.017414 0.145768
1 0 0.025297 0.588871 0.325790 0.002695 0.057347
1 1 0.037845 0.473673 0.393445 0.016425 0.078611
2 2 0.024195 0.284000 0.536616 0.038813 0.116375
2 2 0.013834 0.209906 0.677500 0.034795 0.063965
2 2 0.016936 0.421930 0.510764 0.005943 0.044427
2 2 0.010046 0.211646 0.700511 0.018303 0.059494
2 2 0.021844 0.375811 0.502776 0.014718 0.084850
2 2 0.014823 0.238568 0.628688 0.029247 0.088673
2 2 0.003678 0.056539 0.861355 0.069994 0.008434
2 2 0.001059 0.031756 0.928750 0.034204 0.004232
2 2 0.000622 0.015859 0.942609 0.039009 0.001901
2 2 0.003867 0.034937 0.797130 0.157789 0.006277
2 2 0.002105 0.057657 0.908529 0.026058 0.005651
2 2 0.000598 0.005210 0.853179 0.139931 0.001082
2 2 0.015283 0.214605 0.697572 0.044868 0.027672
2 2 0.027911 0.344016 0.596741 0.011637 0.019694
2 2 0.008604 0.142331 0.775355 0.055065 0.018645
2 2 0.000711 0.018768 0.945072 0.033568 0.001881
2 2 0.000748 0.015382 0.925833 0.054653 0.003384
2 2 0.001675 0.030664 0.900335 0.063670 0.003657
2 2 0.001440 0.039876 0.925200 0.030856 0.002628
2 2 0.001934 0.074062 0.901795 0.016648 0.005561
2 2 0.009596 0.167259 0.759118 0.042993 0.021034
2 2 0.008517 0.090652 0.836317 0.058808 0.005706
2 2 0.007553 0.171698 0.783212 0.021526 0.016011
2 2 0.007970 0.228034 0.732475 0.011325 0.020195
2 2 0.003752 0.083443 0.865121 0.039835 0.007849
2 2 0.003586 0.103846 0.860081 0.023133 0.009354
4 2 0.202108 0.219483 0.177145 0.006410 0.394854
0 2 0.845574 0.074976 0.002147 0.000002 0.077301
0 0 0.983120 0.007745 0.000661 0.000004 0.008471
0 0 0.990092 0.002852 0.000121 0.000001 0.006935
0 0 0.986982 0.003515 0.000130 0.000001 0.009372
0 0 0.974725 0.007648 0.000406 0.000004 0.017216
0 0 0.944612 0.013819 0.000482 0.000004 0.041083
0 0 0.966273 0.013253 0.000332 0.000000 0.020142
0 0 0.628075 0.260111 0.005871 0.000000 0.105943
1 0 0.227737 0.569169 0.059536 0.000166 0.143392
1 4 0.032766 0.413140 0.238682 0.009108 0.306303
1 4 0.024535 0.418514 0.304905 0.006891 0.245155
1 4 0.023515 0.506915 0.269572 0.002937 0.197062
1 4 0.029422 0.540025 0.250516 0.003474 0.176563
1 4 0.023444 0.549279 0.250717 0.002044 0.174516
1 4 0.029896 0.446958 0.279513 0.007539 0.236095
1 4 0.042485 0.451976 0.239572 0.012109 0.253857
4 4 0.010898 0.214312 0.202431 0.002790 0.569569
1 4 0.026710 0.564684 0.221585 0.000634 0.186387
4 4 0.018979 0.150365 0.150958 0.011334 0.668363
4 4 0.034353 0.245652 0.050255 0.000019 0.669722
4 4 0.111817 0.189605 0.018029 0.000003 0.680546
4 4 0.074546 0.093383 0.024088 0.000087 0.807895
4 4 0.057925 0.311393 0.037034 0.000004 0.593644
4 4 0.064487 0.057397 0.016776 0.000086 0.861255
4 4 0.084524 0.065334 0.015953 0.000063 0.834126
4 4 0.114917 0.086723 0.011114 0.000006 0.787240
4 4 0.139364 0.148936 0.017660 0.000009 0.694032
4 4 0.098238 0.028142 0.007680 0.000078 0.865863
4 4 0.065164 0.237405 0.042304 0.000027 0.655100
4 4 0.047803 0.029687 0.013170 0.000248 0.909091
4 4 0.058262 0.301876 0.022861 0.000000 0.617001
4 4 0.086626 0.325167 0.026540 0.000001 0.561666
4 4 0.071603 0.312893 0.030976 0.000003 0.584526
4 4 0.101743 0.106398 0.013403 0.000005 0.778451
4 4 0.055201 0.049895 0.010960 0.000015 0.883929
4 4 0.063170 0.134369 0.027141 0.000027 0.775294
4 4 0.050840 0.176173 0.028331 0.000008 0.744649
4 4 0.077268 0.031682 0.007651 0.000031 0.883368
4 4 0.092238 0.205750 0.020647 0.000003 0.681361
4 4 0.044704 0.021098 0.005395 0.000012 0.928790
4 4 0.088805 0.045195 0.006711 0.000005 0.859284
4 4 0.031463 0.222684 0.026612 0.000001 0.719241
4 4 0.023864 0.072018 0.028279 0.000082 0.875757
4 4 0.043989 0.184746 0.023047 0.000002 0.748216
4 4 0.057293 0.101717 0.012747 0.000002 0.828241
4 4 0.033204 0.085026 0.015108 0.000003 0.866659
4 4 0.043297 0.173001 0.017693 0.000001 0.766008
4 4 0.034227 0.194321 0.023680 0.000001 0.747771
4 4 0.058012 0.196192 0.014805 0.000000 0.730990
4 4 0.058699 0.322551 0.066872 0.000070 0.551809
4 4 0.050341 0.385672 0.060949 0.000018 0.503019
4 4 0.062074 0.239200 0.035561 0.000010 0.663154
4 4 0.085392 0.040396 0.011507 0.000096 0.862609
4 4 0.091332 0.337895 0.049507 0.000029 0.521237
4 4 0.072681 0.300224 0.046110 0.000021 0.580964
4 4 0.035640 0.188013 0.067719 0.000239 0.708389
4 4 0.069817 0.390773 0.038277 0.000003 0.501129
4 4 0.041650 0.365217 0.061330 0.000017 0.531788
4 4 0.161350 0.160355 0.035222 0.000253 0.642820
1 4 0.028430 0.498049 0.273363 0.002784 0.197375
1 4 0.058312 0.568771 0.151669 0.001006 0.220242
1 4 0.062114 0.503975 0.174854 0.003059 0.255999
1 4 0.040229 0.638695 0.199282 0.002680 0.119114
1 4 0.035477 0.553430 0.258412 0.002595 0.150087
1 4 0.036162 0.684356 0.172345 0.000966 0.106172
1 4 0.024373 0.502376 0.270689 0.001848 0.200714
1 4 0.034446 0.569990 0.259650 0.004289 0.131625
1 4 0.031101 0.562399 0.283253 0.004085 0.119162
1 4 0.032042 0.514479 0.322253 0.006922 0.124304
1 4 0.083701 0.656313 0.154887 0.000933 0.104166
1 4 0.049381 0.582770 0.251697 0.001698 0.114454
1 4 0.045082 0.572920 0.289031 0.008518 0.084450
1 4 0.039461 0.579233 0.297497 0.006462 0.077347
1 4 0.033583 0.620341 0.272417 0.003248 0.070411
1 4 0.042310 0.596955 0.270796 0.005962 0.083976
1 4 0.034015 0.573824 0.317093 0.005310 0.069758
1 4 0.027069 0.457612 0.407690 0.009617 0.098012
1 4 0.142188 0.611188 0.129224 0.001414 0.115986
1 4 0.118740 0.687053 0.080764 0.000153 0.113290
2 4 0.015758 0.343251 0.593498 0.011415 0.036077
2 4 0.015892 0.322644 0.610762 0.014510 0.036191
2 4 0.008727 0.225597 0.726734 0.014256 0.024687
2 4 0.017534 0.358634 0.572514 0.012037 0.039280
2 4 0.006769 0.192908 0.752347 0.014124 0.033852
2 2 0.003065 0.113919 0.850430 0.010966 0.021621
2 2 0.012088 0.270439 0.673997 0.015296 0.028180
2 2 0.000606 0.033386 0.935707 0.013284 0.017016
2 2 0.000715 0.060647 0.918063 0.004050 0.016524
2 2 0.001112 0.065238 0.910494 0.007502 0.015655
2 2 0.006734 0.204834 0.734019 0.006049 0.048363
2 2 0.013754 0.386314 0.560468 0.005545 0.033920
2 2 0.008057 0.211407 0.725942 0.013930 0.040664
2 2 0.003615 0.066271 0.906359 0.009283 0.014472
1 2 0.029994 0.452039 0.442671 0.012375 0.062920
2 2 0.030598 0.361533 0.568853 0.008749 0.030268
2 2 0.016731 0.379092 0.550674 0.008857 0.044646
2 2 0.015339 0.355852 0.583581 0.009465 0.035762
1 2 0.062366 0.444934 0.397847 0.032967 0.061886
0 2 0.605018 0.220189 0.141552 0.004327 0.028914
0 2 0.419525 0.352428 0.114284 0.006265 0.107498
1 2 0.027312 0.509002 0.398721 0.006646 0.058318
1 2 0.036747 0.480795 0.397217 0.014856 0.070386
2 2 0.018493 0.364470 0.563517 0.012603 0.040917
1 2 0.032540 0.487753 0.403475 0.011210 0.065023
2 2 0.003942 0.055403 0.862887 0.048067 0.029701
2 2 0.003754 0.024518 0.952457 0.003106 0.016164
2 2 0.008250 0.125945 0.837029 0.002198 0.026578
2 2 0.002628 0.040703 0.924957 0.011710 0.020003
2 2 0.006833 0.186431 0.750236 0.013013 0.043487
2 2 0.001350 0.023328 0.910653 0.063087 0.001582
2 2 0.001179 0.027442 0.926872 0.042941 0.001567
2 2 0.000263 0.003539 0.925389 0.070566 0.000243
2 2 0.006938 0.101202 0.785880 0.091384 0.014596
2 2 0.000691 0.013048 0.933271 0.052228 0.000762
2 2 0.001090 0.016495 0.911693 0.069886 0.000836
2 2 0.001545 0.009456 0.779428 0.208577 0.000994
2 2 0.001996 0.017711 0.841952 0.137307 0.001034
2 2 0.000689 0.007922 0.897456 0.093421 0.000512
2 2 0.004142 0.031421 0.786887 0.175369 0.002181
2 2 0.004419 0.034723 0.784818 0.173054 0.002986
2 2 0.007464 0.038584 0.678597 0.272002 0.003352
2 2 0.003197 0.020306 0.771509 0.203768 0.001220
2 2 0.005920 0.067651 0.807765 0.111626 0.007039
2 2 0.002637 0.012943 0.712174 0.270856 0.001389
2 3 0.004598 0.027487 0.741578 0.224513 0.001823
2 3 0.012357 0.049812 0.579692 0.352521 0.005618
2 3 0.003601 0.021484 0.747254 0.225825 0.001835
2 3 0.003555 0.012366 0.596305 0.385682 0.002092
2 3 0.005762 0.018464 0.548287 0.422981 0.004506
2 3 0.008780 0.022745 0.488740 0.477985 0.001750
2 3 0.005123 0.012401 0.501193 0.480558 0.000725
2 3 0.023042 0.046813 0.535444 0.391759 0.002941
2 3 0.003784 0.014415 0.653269 0.327839 0.000692
2 3 0.002624 0.007692 0.573177 0.415753 0.000755
2 3 0.002302 0.012010 0.740943 0.243904 0.000840
2 3 0.004218 0.011526 0.542569 0.440897 0.000790
3 3 0.001775 0.002693 0.376450 0.618791 0.000291
2 3 0.005834 0.014650 0.507609 0.471072 0.000835
3 3 0.003928 0.007821 0.441204 0.546418 0.000629
3 3 0.003237 0.005584 0.419853 0.571071 0.000255
3 3 0.003638 0.006469 0.429605 0.560036 0.000252
3 3 0.004564 0.006651 0.347340 0.641044 0.000401
3 3 0.006406 0.007620 0.280655 0.704899 0.000420
3 3 0.004317 0.008462 0.436325 0.550298 0.000597
3 3 0.001792 0.002594 0.358447 0.636852 0.000315
3 3 0.003895 0.003051 0.189746 0.803096 0.000212
3 3 0.004377 0.007085 0.388346 0.599866 0.000326
3 3 0.004190 0.003033 0.150700 0.841315 0.000762
3 3 0.002682 0.003454 0.324997 0.668623 0.000244
3 3 0.003300 0.002231 0.176838 0.817554 0.000076
3 3 0.006625 0.001514 0.038094 0.953659 0.000107
3 3 0.003842 0.001976 0.124277 0.869826 0.000078
3 3 0.002873 0.000986 0.079769 0.916339 0.000033
3 3 0.003991 0.001897 0.111917 0.882117 0.000078
3 3 0.003414 0.000926 0.056281 0.939342 0.000038
3 3 0.003417 0.000893 0.053531 0.942122 0.000037
3 3 0.004177 0.001683 0.089389 0.904673 0.000078
3 3 0.004731 0.001290 0.052453 0.941459 0.000067
3 3 0.002620 0.000589 0.046533 0.950238 0.000020
3 3 0.002477 0.000942 0.091689 0.904857 0.000035
3 3 0.004979 0.001099 0.038926 0.954933 0.000063
3 3 0.004895 0.001076 0.038863 0.955104 0.000061
3 3 0.007387 0.006095 0.187390 0.798752 0.000377
3 3 0.002588 0.002886 0.283940 0.710368 0.000218
3 3 0.004240 0.002765 0.154931 0.837896 0.000168
3 3 0.005253 0.005303 0.247985 0.741207 0.000252
3 3 0.006577 0.004156 0.141575 0.847451 0.000242
3 3 0.004265 0.001799 0.094961 0.898895 0.000080
3 3 0.004110 0.001161 0.056885 0.937790 0.000054
3 3 0.003082 0.000826 0.056739 0.939322 0.000031
3 3 0.003749 0.001070 0.058888 0.936247 0.000046
3 3 0.006087 0.000771 0.017176 0.975906 0.000059
3 3 0.003340 0.000499 0.025054 0.971083 0.000023
3 3 0.004259 0.000953 0.041170 0.953570 0.000048
3 3 0.004628 0.000525 0.015743 0.979070 0.000033
3 3 0.004200 0.000544 0.019394 0.975831 0.000031
3 3 0.004264 0.001060 0.047486 0.947139 0.000052
3 3 0.005523 0.000717 0.018222 0.975487 0.000051
3 3 0.003375 0.000687 0.038312 0.957596 0.000030
3 3 0.008159 0.001276 0.021417 0.969031 0.000117
3 3 0.010388 0.002194 0.029446 0.957667 0.000305
3 3 0.006767 0.000925 0.018603 0.973629 0.000076
3 3 0.007194 0.001028 0.019482 0.972209 0.000087
3 3 0.012524 0.002672 0.029545 0.954942 0.000317
3 3 0.065145 0.041772 0.254753 0.635607 0.002723
2 3 0.123596 0.266155 0.381031 0.194030 0.035189
2 3 0.023141 0.086647 0.649245 0.233710 0.007257
2 2 0.015725 0.054945 0.659962 0.265623 0.003746
2 2 0.013400 0.056344 0.678474 0.247452 0.004330
2 2 0.006460 0.029679 0.651030 0.299181 0.013651
2 2 0.013039 0.168407 0.743514 0.055624 0.019415
2 2 0.000749 0.009740 0.894001 0.093255 0.002256
2 2 0.001619 0.007558 0.690798 0.297575 0.002450
2 2 0.008104 0.059384 0.719508 0.203108 0.009896
2 2 0.000398 0.004669 0.897079 0.096856 0.000998
2 2 0.012381 0.145065 0.737163 0.082276 0.023116
2 2 0.002645 0.023873 0.808163 0.158995 0.006325
2 2 0.000412 0.003999 0.917926 0.076239 0.001424
2 2 0.001789 0.020924 0.859990 0.113035 0.004262
1 2 0.020243 0.347191 0.296248 0.007640 0.328679
2 2 0.011902 0.298870 0.430346 0.006717 0.252164
1 2 0.020656 0.404215 0.278618 0.004641 0.291870
1 2 0.023566 0.398615 0.224941 0.003160 0.349717
1 4 0.021249 0.443430 0.228307 0.002374 0.304640
1 4 0.033745 0.450749 0.168992 0.001084 0.345430
4 4 0.035290 0.216698 0.137028 0.004654 0.606329
4 4 0.041025 0.189556 0.123417 0.005882 0.640119
1 4 0.031373 0.479484 0.157595 0.000418 0.331130
4 4 0.019308 0.220711 0.191074 0.008954 0.559953
4 4 0.031750 0.246943 0.049981 0.000016 0.671310
4 4 0.052668 0.031535 0.011523 0.000119 0.904155
4 4 0.029742 0.227135 0.064153 0.000065 0.678905
4 4 0.041861 0.278071 0.060827 0.000042 0.619200
4 4 0.032465 0.230389 0.060599 0.000054 0.676493
4 4 0.049380 0.059511 0.017413 0.000057 0.873639
4 4 0.057439 0.105983 0.021389 0.000019 0.815170
4 4 0.069278 0.098764 0.025783 0.000085 0.806090
4 4 0.108996 0.267301 0.020487 0.000001 0.603214
4 4 0.048290 0.144813 0.026836 0.000012 0.780049
1 4 0.018722 0.619115 0.263516 0.000871 0.097776
1 4 0.022608 0.478807 0.298977 0.003749 0.195860
1 4 0.023397 0.565814 0.266678 0.001237 0.142873
1 4 0.304976 0.496583 0.067407 0.000339 0.130696
1 4 0.024384 0.594018 0.249255 0.000491 0.131852
1 4 0.015748 0.422771 0.314254 0.001429 0.245797
1 4 0.017358 0.511215 0.337083 0.001457 0.132887
1 4 0.018957 0.548165 0.325211 0.001527 0.106141
1 4 0.025215 0.585567 0.276330 0.001310 0.111579
1 4 0.043197 0.566355 0.238136 0.001834 0.150478
1 4 0.104499 0.664500 0.124239 0.000316 0.106445
0 4 0.430702 0.371475 0.051740 0.000579 0.145505
0 4 0.638927 0.221240 0.019827 0.000107 0.119899
1 4 0.111175 0.674078 0.095891 0.000323 0.118533
1 4 0.061985 0.629442 0.183507 0.003745 0.121321
1 4 0.046555 0.477692 0.237434 0.012252 0.226066
1 4 0.045892 0.543469 0.250498 0.005481 0.154660
1 4 0.030959 0.465343 0.306830 0.006148 0.190720
1 4 0.024735 0.488919 0.375358 0.002686 0.108303
2 4 0.014404 0.286140 0.446003 0.012021 0.241433
2 4 0.009103 0.288308 0.586819 0.005306 0.110463
1 4 0.043880 0.550855 0.274370 0.001779 0.129117
1 4 0.261703 0.517590 0.129553 0.001303 0.089851
1 4 0.054084 0.593970 0.234227 0.006377 0.111341
1 4 0.030698 0.602305 0.300688 0.002546 0.063763
1 4 0.038979 0.530792 0.321681 0.009371 0.099177
1 4 0.041830 0.545598 0.308158 0.009359 0.095054
1 4 0.033122 0.592599 0.301045 0.004209 0.069026
1 4 0.041071 0.543463 0.327345 0.009842 0.078280
1 4 0.076944 0.521057 0.273147 0.005199 0.123653
1 4 0.152809 0.617029 0.157393 0.000499 0.072270
1 4 0.022355 0.502060 0.420068 0.004843 0.050674
1 4 0.037616 0.503786 0.373794 0.012437 0.072367
1 4 0.053915 0.555098 0.315743 0.007935 0.067309
1 0 0.029598 0.505695 0.400862 0.005458 0.058387
1 0 0.031192 0.533263 0.364199 0.006744 0.064601
1 4 0.034242 0.499134 0.387879 0.011026 0.067719
1 4 0.027616 0.486767 0.419152 0.008366 0.058100
2 4 0.022523 0.355502 0.549385 0.020222 0.052369
2 4 0.023257 0.442142 0.475011 0.009199 0.050392
2 4 0.006392 0.293627 0.678343 0.003035 0.018602
2 4 0.002761 0.107832 0.852502 0.012907 0.023999
2 2 0.001165 0.082827 0.898690 0.004462 0.012855
2 2 0.000317 0.030855 0.961990 0.000833 0.006005
2 2 0.000339 0.036924 0.950114 0.003280 0.009342
2 2 0.000799 0.031706 0.945876 0.011732 0.009886
2 2 0.001541 0.071913 0.903526 0.011990 0.011030
2 2 0.000495 0.030614 0.945242 0.012915 0.010734
2 2 0.000500 0.027466 0.956459 0.005501 0.010074
2 2 0.002239 0.068990 0.891207 0.028580 0.008983
2 2 0.001201 0.038785 0.927433 0.025918 0.006664
2 2 0.019347 0.319381 0.598351 0.022201 0.040720
2 2 0.004515 0.125791 0.836706 0.021419 0.011569
2 2 0.001858 0.025994 0.875741 0.090991 0.005416
2 2 0.002311 0.100916 0.877614 0.009566 0.009593
2 2 0.001373 0.036866 0.923912 0.030572 0.007276
2 2 0.000505 0.013832 0.957755 0.025773 0.002135
2 2 0.002202 0.040097 0.892736 0.053305 0.011660
2 2 0.004771 0.102770 0.834767 0.043423 0.014269
2 2 0.006482 0.088765 0.825793 0.067304 0.011655
2 2 0.020514 0.298572 0.642598 0.012468 0.025848
1 2 0.082723 0.454974 0.387191 0.029485 0.045627
2 2 0.029853 0.370424 0.513107 0.029586 0.057030
2 2 0.022951 0.340837 0.587176 0.016634 0.032402
2 2 0.069929 0.378104 0.470378 0.044475 0.037114
2 2 0.012668 0.221446 0.708817 0.030630 0.026440
2 2 0.024015 0.415138 0.518909 0.008202 0.033736
2 2 0.009253 0.146311 0.788127 0.035122 0.021187
2 2 0.021137 0.303440 0.633116 0.016880 0.025426
2 2 0.011250 0.178826 0.737257 0.037339 0.035328
2 2 0.006258 0.189487 0.775726 0.012287 0.016243
2 2 0.000389 0.010727 0.971497 0.016047 0.001339
2 2 0.001382 0.036792 0.923990 0.029708 0.008129
2 2 0.003333 0.092351 0.870764 0.025546 0.008006
2 2 0.001183 0.005936 0.981160 0.009278 0.002442
2 2 0.000604 0.029976 0.962964 0.002939 0.003516
2 2 0.000934 0.011088 0.966260 0.016675 0.005043
2 2 0.000161 0.004330 0.962382 0.032410 0.000718
2 2 0.000380 0.011144 0.951269 0.034119 0.003088
2 2 0.001543 0.040269 0.907447 0.043247 0.007494
2 2 0.002457 0.040320 0.886757 0.064771 0.005695
2 2 0.003150 0.029855 0.918501 0.041635 0.006859
2 2 0.003838 0.026549 0.789072 0.169050 0.011491
2 2 0.001664 0.025939 0.905579 0.059189 0.007628
2 2 0.003536 0.041737 0.819988 0.117317 0.017422
2 2 0.009368 0.130048 0.841239 0.008681 0.010664
2 2 0.005442 0.050098 0.794146 0.136405 0.013909
2 2 0.001008 0.007635 0.828399 0.159051 0.003907
2 2 0.009873 0.120547 0.824805 0.037620 0.007156
0 2 0.416551 0.209713 0.342027 0.019378 0.012331
0 0 0.897380 0.062092 0.020176 0.000463 0.019890
0 0 0.956650 0.023878 0.004781 0.000098 0.014593
1 0 0.090556 0.693003 0.108325 0.000419 0.107697
1 1 0.041044 0.534266 0.336015 0.010754 0.077921
1 1 0.055256 0.537183 0.295579 0.016528 0.095453
2 1 0.029225 0.263292 0.557297 0.047611 0.102574
1 1 0.060447 0.519409 0.269279 0.019541 0.131324
1 1 0.054117 0.439060 0.347783 0.037265 0.121776
2 2 0.016214 0.217424 0.703311 0.010843 0.052208
2 2 0.019296 0.305409 0.605782 0.010847 0.058667
1 2 0.051345 0.464685 0.288161 0.021715 0.174094
2 2 0.007060 0.112278 0.831515 0.007652 0.041495
1 2 0.039880 0.470450 0.377972 0.003716 0.107982
1 2 0.122495 0.607017 0.133652 0.002494 0.134342
1 2 0.069719 0.675197 0.149955 0.001543 0.103586
1 2 0.067346 0.580183 0.227920 0.013513 0.111038
1 2 0.045531 0.576280 0.305331 0.001768 0.071090
0 2 0.831711 0.093891 0.009853 0.000091 0.064453
1 0 0.284410 0.522363 0.045933 0.000094 0.147199
1 0 0.064507 0.588411 0.238448 0.007047 0.101587
1 0 0.026059 0.469333 0.427274 0.008600 0.068734
2 4 0.020802 0.454506 0.471091 0.006578 0.047022
1 4 0.033519 0.434013 0.395909 0.017113 0.119445
2 4 0.017015 0.286465 0.593500 0.024222 0.078798
2 4 0.002011 0.055534 0.914988 0.009071 0.018396
2 4 0.019892 0.369197 0.553458 0.013868 0.043585
2 2 0.010144 0.199167 0.710250 0.025728 0.054711
2 2 0.011543 0.253492 0.681283 0.017375 0.036307
2 2 0.022308 0.398681 0.518853 0.010524 0.049633
1 2 0.028054 0.452223 0.450154 0.011944 0.057626
1 2 0.211998 0.497875 0.083856 0.000874 0.205397
2 2 0.050617 0.300260 0.477607 0.000370 0.171146
1 2 0.359065 0.445302 0.039393 0.000119 0.156120
1 2 0.114043 0.388223 0.362910 0.000290 0.134534
0 2 0.808027 0.089825 0.004398 0.000017 0.097734
0 0 0.860687 0.081928 0.002440 0.000001 0.054944
