0 0 0.857955 0.078152 0.005943 0.000000 0.057950
0 0 0.934205 0.038714 0.002437 0.000001 0.024642
0 0 0.900164 0.016808 0.002796 0.000001 0.080232
0 0 0.827940 0.120007 0.003460 0.000000 0.048593
0 1 0.531189 0.397880 0.006385 0.000000 0.064546
0 1 0.453540 0.439509 0.011184 0.000000 0.095767
0 1 0.456385 0.391548 0.016831 0.000001 0.135235
0 0 0.939881 0.031032 0.009415 0.000035 0.019638
0 0 0.957598 0.025799 0.003082 0.000007 0.013513
0 0 0.982672 0.008993 0.001439 0.000010 0.006887
0 0 0.700548 0.044598 0.007691 0.000011 0.247153
0 0 0.615858 0.054712 0.006222 0.000014 0.323194
1 0 0.326073 0.336848 0.007630 0.000000 0.329449
4 0 0.269493 0.279238 0.008980 0.000000 0.442289
0 0 0.400786 0.292997 0.005460 0.000000 0.300757
4 1 0.148050 0.407554 0.013606 0.000000 0.430791
1 1 0.116742 0.436442 0.012630 0.000000 0.434185
1 1 0.290594 0.395699 0.008869 0.000000 0.304838
1 1 0.092336 0.503934 0.014739 0.000000 0.388991
4 1 0.053736 0.446160 0.024303 0.000000 0.475800
4 1 0.021415 0.379298 0.046695 0.000002 0.552590
1 1 0.014929 0.519071 0.054171 0.000001 0.411829
4 1 0.091037 0.319699 0.030417 0.000001 0.558846
1 1 0.055960 0.523250 0.039219 0.000001 0.381570
1 1 0.081498 0.458607 0.042029 0.000002 0.417864
1 1 0.019334 0.691008 0.061784 0.000001 0.227873
1 4 0.052675 0.503282 0.067986 0.000004 0.376053
4 4 0.192129 0.218051 0.020244 0.000001 0.569575
1 4 0.035921 0.498340 0.067526 0.000002 0.398212
1 4 0.056704 0.502580 0.038273 0.000001 0.402443
1 4 0.151939 0.440852 0.192150 0.001030 0.214029
1 4 0.054382 0.590506 0.231125 0.000502 0.123486
1 4 0.087187 0.510755 0.228970 0.001023 0.172064
1 4 0.053454 0.498450 0.381817 0.001972 0.064308
1 4 0.033827 0.640325 0.262999 0.000345 0.062503
2 4 0.009494 0.099327 0.873203 0.002999 0.014977
2 4 0.030485 0.364265 0.520499 0.000787 0.083963
2 4 0.017277 0.283568 0.653543 0.000938 0.044674
2 2 0.022891 0.124882 0.783335 0.005571 0.063321
2 2 0.019554 0.140816 0.794188 0.001428 0.044014
1 2 0.289885 0.484007 0.143863 0.000639 0.081607
1 2 0.168680 0.513808 0.250788 0.002125 0.064599
1 2 0.266976 0.478677 0.176021 0.001190 0.077136
0 4 0.611195 0.223585 0.120031 0.002191 0.042998
2 4 0.104807 0.345814 0.488491 0.013437 0.047451
2 4 0.083053 0.255992 0.603020 0.007086 0.050850
1 2 0.100464 0.522162 0.313040 0.003535 0.060799
2 2 0.052960 0.197680 0.700588 0.008156 0.040616
2 2 0.134051 0.248725 0.541433 0.007174 0.068617
2 2 0.097777 0.348465 0.499091 0.004700 0.049967
2 2 0.000412 0.020513 0.958623 0.020111 0.000341
2 2 0.000409 0.016956 0.941183 0.041049 0.000403
2 2 0.000053 0.006675 0.968148 0.025037 0.000087
2 2 0.000086 0.002028 0.848186 0.149646 0.000054
2 2 0.000323 0.056792 0.927186 0.014548 0.001150
2 2 0.000156 0.006914 0.945042 0.047755 0.000133
2 2 0.000273 0.026111 0.947575 0.025494 0.000548
2 2 0.000286 0.008175 0.917372 0.073950 0.000217
2 2 0.000068 0.007778 0.936718 0.055265 0.000172
2 2 0.000487 0.009816 0.939481 0.050000 0.000216
2 2 0.000258 0.005177 0.835868 0.158499 0.000197
2 2 0.001065 0.032452 0.934626 0.031039 0.000817
2 2 0.000100 0.009207 0.951003 0.039515 0.000175
2 2 0.000179 0.003521 0.755636 0.240501 0.000164
2 2 0.000442 0.010121 0.923212 0.065958 0.000268
2 2 0.000047 0.001730 0.807203 0.190967 0.000053
2 2 0.000398 0.007582 0.810564 0.181094 0.000363
2 2 0.000817 0.030374 0.886878 0.080581 0.001350
2 2 0.000413 0.008158 0.886625 0.104534 0.000270
2 2 0.000191 0.004755 0.897903 0.097026 0.000125
3 2 0.000005 0.000417 0.444743 0.554810 0.000025
3 2 0.000008 0.000380 0.459678 0.539913 0.000021
2 2 0.000093 0.002461 0.610104 0.387181 0.000162
3 2 0.000028 0.000867 0.305925 0.693075 0.000105
3 2 0.000017 0.000878 0.432894 0.566141 0.000070
2 2 0.000025 0.002720 0.611787 0.385281 0.000187
2 2 0.000007 0.000676 0.501752 0.497524 0.000040
3 2 0.000135 0.002826 0.476632 0.520120 0.000286
3 2 0.000020 0.001113 0.483505 0.515279 0.000082
3 2 0.000015 0.000694 0.345446 0.653776 0.000068
2 2 0.000695 0.008078 0.624894 0.365594 0.000738
2 2 0.000761 0.010660 0.601481 0.385956 0.001142
2 2 0.000700 0.009273 0.499707 0.489040 0.001281
3 2 0.000540 0.006790 0.484450 0.507333 0.000888
2 2 0.185152 0.168771 0.550465 0.076685 0.018927
2 2 0.018251 0.075411 0.716116 0.181733 0.008489
2 2 0.003523 0.029128 0.766695 0.198270 0.002385
2 2 0.005933 0.037203 0.729929 0.223255 0.003680
2 2 0.003747 0.081573 0.827938 0.081397 0.005345
2 2 0.003321 0.029699 0.708840 0.255108 0.003031
2 2 0.003220 0.042027 0.866377 0.086195 0.002181
2 2 0.000672 0.026855 0.906755 0.064725 0.000993
2 2 0.000565 0.015911 0.849755 0.132983 0.000786
2 2 0.000241 0.018957 0.892890 0.087157 0.000756
2 2 0.000407 0.034357 0.917112 0.046977 0.001147
2 2 0.000279 0.006824 0.831386 0.161222 0.000289
2 2 0.000592 0.016903 0.807104 0.174361 0.001041
2 2 0.002205 0.031266 0.782319 0.181747 0.002464
2 2 0.001606 0.040239 0.853619 0.102222 0.002315
2 2 0.002683 0.021546 0.822561 0.151922 0.001288
2 2 0.002423 0.042721 0.872212 0.080505 0.002139
2 2 0.000897 0.022857 0.865409 0.109715 0.001122
2 2 0.000718 0.015556 0.864250 0.118773 0.000703
2 2 0.004427 0.016207 0.608897 0.368576 0.001893
2 2 0.003759 0.055219 0.813054 0.123884 0.004084
2 2 0.016398 0.107744 0.785859 0.081965 0.008035
2 2 0.024201 0.101760 0.781434 0.085003 0.007603
2 2 0.012967 0.173333 0.764193 0.039214 0.010292
2 2 0.010094 0.071913 0.798868 0.113557 0.005567
2 2 0.008399 0.052560 0.869205 0.067311 0.002525
2 2 0.016232 0.081970 0.836658 0.060700 0.004440
2 2 0.015091 0.077092 0.831208 0.072072 0.004537
2 2 0.005665 0.057007 0.836126 0.097588 0.003614
2 2 0.002522 0.030565 0.889433 0.076180 0.001299
2 2 0.014588 0.094719 0.848442 0.038156 0.004096
2 2 0.012257 0.070460 0.825097 0.087652 0.004534
2 2 0.008512 0.042429 0.859827 0.087020 0.002212
2 2 0.010487 0.088369 0.862507 0.035116 0.003521
2 2 0.004830 0.046274 0.878665 0.068097 0.002135
2 2 0.081880 0.139348 0.724291 0.045854 0.008627
2 2 0.018175 0.175786 0.785049 0.015061 0.005929
2 2 0.031460 0.164017 0.777341 0.020696 0.006487
2 2 0.011686 0.106175 0.852795 0.025548 0.003795
2 2 0.035894 0.146505 0.777285 0.033056 0.007260
2 2 0.029485 0.178751 0.770021 0.015506 0.006238
2 2 0.020430 0.264838 0.698505 0.007753 0.008474
2 2 0.026959 0.126894 0.827169 0.015308 0.003671
2 2 0.035032 0.156391 0.787462 0.015934 0.005180
2 2 0.049528 0.237310 0.700158 0.006209 0.006795
2 2 0.014362 0.174888 0.793870 0.011792 0.005088
0 2 0.894478 0.077427 0.014510 0.000009 0.013576
0 2 0.989171 0.006176 0.001317 0.000010 0.003325
0 0 0.990268 0.005505 0.000865 0.000004 0.003357
0 0 0.993174 0.004061 0.000716 0.000003 0.002047
0 0 0.982862 0.012276 0.000816 0.000000 0.004046
0 0 0.981435 0.013227 0.000917 0.000000 0.004420
0 0 0.875871 0.106201 0.003400 0.000000 0.014528
0 0 0.951786 0.039198 0.002000 0.000000 0.007016
0 0 0.940702 0.046237 0.001838 0.000000 0.011223
0 0 0.750338 0.217002 0.005652 0.000000 0.027008
0 0 0.879811 0.097727 0.007204 0.000001 0.015257
0 0 0.942918 0.047541 0.001855 0.000000 0.007686
0 0 0.987268 0.008305 0.000920 0.000001 0.003507
0 0 0.972361 0.017844 0.002021 0.000003 0.007771
0 0 0.935929 0.049643 0.003267 0.000001 0.011160
0 0 0.972665 0.019140 0.002707 0.000003 0.005485
0 0 0.983869 0.008221 0.001526 0.000008 0.006376
0 0 0.975226 0.015535 0.002663 0.000009 0.006566
0 0 0.964614 0.025627 0.002776 0.000002 0.006981
0 0 0.990412 0.005533 0.001128 0.000008 0.002919
0 0 0.986196 0.008080 0.001393 0.000007 0.004324
0 0 0.977700 0.011836 0.002438 0.000028 0.007998
0 0 0.972794 0.016663 0.003329 0.000018 0.007197
0 0 0.988921 0.006519 0.000811 0.000002 0.003748
0 0 0.985087 0.008653 0.001547 0.000009 0.004704
0 0 0.977806 0.014244 0.001887 0.000004 0.006059
0 0 0.974701 0.014643 0.002873 0.000020 0.007762
0 0 0.981830 0.010882 0.002097 0.000011 0.005180
0 0 0.972793 0.017748 0.002285 0.000004 0.007171
0 0 0.972163 0.020969 0.001760 0.000001 0.005107
0 0 0.928110 0.056837 0.005986 0.000002 0.009065
0 1 0.973525 0.017585 0.002055 0.000003 0.006832
0 0 0.958479 0.029195 0.004675 0.000007 0.007644
0 0 0.911292 0.060788 0.008396 0.000010 0.019513
0 0 0.923433 0.055345 0.009481 0.000012 0.011729
0 0 0.846977 0.125184 0.009394 0.000001 0.018443
0 0 0.778301 0.175871 0.015231 0.000003 0.030594
0 0 0.918664 0.055147 0.010066 0.000026 0.016098
0 0 0.969089 0.016649 0.003270 0.000033 0.010959
0 0 0.982865 0.009285 0.003425 0.000079 0.004346
0 0 0.991090 0.005301 0.000689 0.000002 0.002918
0 0 0.985222 0.009245 0.001046 0.000002 0.004486
0 1 0.973010 0.019340 0.001910 0.000001 0.005739
0 1 0.986401 0.007427 0.001267 0.000009 0.004897
0 0 0.969108 0.020615 0.003507 0.000008 0.006761
0 0 0.986955 0.007496 0.001642 0.000013 0.003894
0 0 0.983724 0.011753 0.000860 0.000000 0.003662
0 0 0.983134 0.011046 0.002352 0.000008 0.003461
0 0 0.975117 0.017471 0.002066 0.000002 0.005344
0 0 0.918730 0.069302 0.001946 0.000000 0.010022
4 0 0.232317 0.282549 0.008046 0.000000 0.477088
4 0 0.099494 0.394945 0.011456 0.000000 0.494105
4 4 0.054382 0.331945 0.014228 0.000000 0.599445
4 4 0.034031 0.454776 0.014305 0.000000 0.496888
4 4 0.035257 0.398941 0.013505 0.000000 0.552297
4 4 0.108622 0.300508 0.010318 0.000000 0.580552
4 4 0.017752 0.377486 0.023900 0.000000 0.580861
4 4 0.024802 0.386724 0.016417 0.000000 0.572057
4 4 0.024997 0.442051 0.019390 0.000000 0.513563
4 4 0.014706 0.411533 0.017307 0.000000 0.556454
4 4 0.026767 0.154378 0.003365 0.000000 0.815489
4 4 0.027853 0.127523 0.002685 0.000000 0.841939
4 4 0.021971 0.116998 0.003176 0.000000 0.857855
4 4 0.026639 0.064603 0.003673 0.000000 0.905085
4 4 0.075974 0.112413 0.002466 0.000000 0.809147
4 4 0.079769 0.020320 0.001244 0.000000 0.898667
4 4 0.053503 0.158655 0.002473 0.000000 0.785369
4 4 0.047422 0.014605 0.001598 0.000000 0.936375
4 4 0.069278 0.015409 0.000779 0.000000 0.914533
4 4 0.205035 0.021734 0.000687 0.000000 0.772544
4 4 0.291085 0.022486 0.001305 0.000000 0.685124
4 4 0.329741 0.019113 0.000692 0.000000 0.650455
4 4 0.133614 0.079095 0.000932 0.000000 0.786360
4 4 0.112028 0.087944 0.001473 0.000000 0.798554
4 4 0.212107 0.117755 0.001127 0.000000 0.669012
4 4 0.129448 0.017641 0.000325 0.000000 0.852587
4 4 0.359871 0.021353 0.001065 0.000000 0.617710
4 4 0.253142 0.038245 0.000582 0.000000 0.708031
4 4 0.128867 0.033605 0.001377 0.000000 0.836151
4 4 0.111814 0.071325 0.000764 0.000000 0.816097
1 4 0.429068 0.442322 0.010292 0.000000 0.118318
1 4 0.393616 0.467216 0.016109 0.000000 0.123060
0 4 0.880433 0.079505 0.003094 0.000000 0.036968
0 4 0.781177 0.180416 0.004009 0.000000 0.034399
0 4 0.470456 0.443878 0.007323 0.000000 0.078342
0 4 0.450635 0.438230 0.010337 0.000000 0.100798
0 4 0.836535 0.130473 0.004949 0.000000 0.028043
0 0 0.944858 0.038050 0.003534 0.000003 0.013555
0 0 0.933116 0.048295 0.002490 0.000000 0.016098
0 0 0.947359 0.037405 0.002091 0.000000 0.013146
0 0 0.967296 0.025606 0.000603 0.000000 0.006495
0 0 0.930729 0.053249 0.001858 0.000000 0.014165
0 0 0.988982 0.005713 0.000528 0.000001 0.004776
0 0 0.989921 0.005384 0.000816 0.000002 0.003877
0 0 0.980809 0.010473 0.000541 0.000000 0.008177
0 0 0.983695 0.010184 0.000492 0.000000 0.005629
0 0 0.963056 0.020549 0.002110 0.000002 0.014283
0 0 0.988074 0.006275 0.000381 0.000000 0.005271
0 0 0.982409 0.010059 0.000592 0.000000 0.006940
0 0 0.923374 0.057302 0.002080 0.000000 0.017244
0 0 0.970933 0.020428 0.003330 0.000005 0.005304
0 0 0.964422 0.025119 0.002534 0.000002 0.007923
0 0 0.960652 0.029297 0.002910 0.000001 0.007140
0 0 0.954262 0.035565 0.004075 0.000001 0.006097
0 0 0.981639 0.012495 0.001548 0.000002 0.004317
0 0 0.987676 0.007455 0.001004 0.000003 0.003863
0 0 0.974436 0.018864 0.001762 0.000001 0.004938
0 0 0.979305 0.012928 0.002841 0.000015 0.004911
0 0 0.973256 0.020560 0.002064 0.000001 0.004119
0 0 0.980051 0.014960 0.001314 0.000000 0.003675
0 0 0.510024 0.370356 0.056231 0.000050 0.063339
1 0 0.208392 0.627891 0.090565 0.000044 0.073108
1 0 0.207576 0.604976 0.104415 0.000072 0.082962
1 1 0.315652 0.518439 0.083981 0.000059 0.081869
1 4 0.268940 0.562658 0.080660 0.000061 0.087681
1 4 0.247823 0.551819 0.131679 0.000220 0.068460
1 4 0.144111 0.598750 0.184263 0.000562 0.072314
1 4 0.148350 0.649367 0.133274 0.000131 0.068878
1 4 0.222193 0.510354 0.181769 0.000199 0.085486
1 2 0.267576 0.519375 0.134251 0.000195 0.078604
1 2 0.279568 0.523074 0.128599 0.000163 0.068596
0 2 0.890977 0.075790 0.019546 0.000051 0.013636
0 2 0.720751 0.191442 0.056080 0.000130 0.031596
0 2 0.527771 0.415168 0.017840 0.000000 0.039220
0 2 0.521432 0.405582 0.027295 0.000002 0.045689
1 2 0.402264 0.457807 0.065839 0.000013 0.074077
1 2 0.178934 0.679556 0.069148 0.000006 0.072356
1 2 0.191772 0.666236 0.069457 0.000013 0.072522
0 2 0.353818 0.275648 0.325343 0.002128 0.043063
0 2 0.660843 0.283390 0.017279 0.000001 0.038487
0 2 0.861548 0.085354 0.015811 0.000016 0.037271
0 2 0.882927 0.088786 0.005432 0.000001 0.022854
0 2 0.866831 0.107769 0.007445 0.000001 0.017955
0 2 0.865616 0.110054 0.004449 0.000000 0.019881
0 2 0.906407 0.072075 0.006303 0.000002 0.015214
0 0 0.956615 0.027740 0.002809 0.000004 0.012832
0 0 0.882980 0.088472 0.006825 0.000002 0.021721
1 0 0.214240 0.673955 0.044459 0.000003 0.067342
1 1 0.321040 0.523326 0.074609 0.000013 0.081012
1 1 0.061432 0.659333 0.203364 0.000129 0.075741
1 2 0.108831 0.464252 0.359832 0.001936 0.065149
0 2 0.481494 0.343245 0.112157 0.000594 0.062510
0 2 0.733399 0.159946 0.072650 0.000568 0.033436
0 2 0.642576 0.253322 0.054856 0.000128 0.049118
1 2 0.089946 0.656941 0.167304 0.000396 0.085414
1 2 0.168434 0.554579 0.200886 0.000531 0.075570
1 2 0.403542 0.408382 0.132888 0.000472 0.054715
1 2 0.254823 0.417240 0.251013 0.001731 0.075194
1 2 0.103519 0.452784 0.351100 0.001731 0.090866
2 2 0.019892 0.196997 0.768332 0.002448 0.012331
2 2 0.016256 0.074412 0.899623 0.008510 0.001199
2 2 0.021972 0.313864 0.652332 0.004331 0.007501
2 2 0.001649 0.053821 0.933151 0.010509 0.000869
2 2 0.000318 0.021545 0.962515 0.015235 0.000387
2 2 0.000113 0.045743 0.949573 0.004052 0.000519
2 2 0.002364 0.015202 0.965596 0.016638 0.000200
2 2 0.027245 0.369947 0.587839 0.004501 0.010469
2 2 0.000887 0.053926 0.937571 0.006927 0.000690
2 2 0.000102 0.006047 0.980261 0.013537 0.000053
2 2 0.000648 0.019033 0.966171 0.013899 0.000247
2 2 0.002522 0.059725 0.929375 0.007551 0.000827
2 2 0.003930 0.059197 0.919460 0.016149 0.001264
2 2 0.010079 0.110850 0.852118 0.023143 0.003810
2 2 0.000710 0.044160 0.947737 0.006752 0.000641
2 2 0.004441 0.074455 0.906667 0.012906 0.001531
2 2 0.002553 0.053129 0.937451 0.004918 0.001949
2 2 0.034613 0.102274 0.831183 0.028081 0.003849
2 2 0.003120 0.183782 0.807336 0.003174 0.002589
2 2 0.008638 0.067353 0.909460 0.012367 0.002182
2 2 0.024899 0.292067 0.672243 0.004246 0.006546
2 2 0.000518 0.062443 0.931657 0.004701 0.000682
2 2 0.003223 0.058844 0.923456 0.013352 0.001124
2 2 0.000966 0.065135 0.922877 0.009919 0.001104
2 2 0.005076 0.055878 0.916496 0.021187 0.001365
2 2 0.000447 0.060573 0.930707 0.007423 0.000850
2 2 0.000252 0.015992 0.975628 0.007966 0.000161
2 2 0.001929 0.043835 0.915336 0.037521 0.001379
2 2 0.000345 0.042990 0.936325 0.019417 0.000924
2 2 0.001697 0.052723 0.926888 0.017554 0.001137
2 2 0.000431 0.014616 0.977035 0.007760 0.000158
2 2 0.002985 0.024048 0.851304 0.120396 0.001267
2 2 0.002542 0.024232 0.882097 0.090076 0.001054
2 2 0.124667 0.077881 0.741681 0.051652 0.004120
2 2 0.210587 0.280517 0.475827 0.015428 0.017640
2 2 0.001243 0.053192 0.912804 0.031141 0.001620
2 2 0.002149 0.052140 0.916764 0.027493 0.001455
2 2 0.166706 0.133916 0.647462 0.043237 0.008679
2 4 0.060270 0.295800 0.605109 0.020924 0.017898
2 4 0.012157 0.050083 0.811922 0.122322 0.003515
2 4 0.003964 0.030903 0.897357 0.066569 0.001206
2 4 0.001284 0.026837 0.919828 0.051199 0.000852
2 4 0.000575 0.011479 0.925937 0.061704 0.000304
2 4 0.001017 0.021362 0.912061 0.064835 0.000724
2 2 0.009076 0.040087 0.897231 0.052132 0.001475
2 2 0.180145 0.300913 0.489329 0.012942 0.016671
2 2 0.003818 0.062312 0.902975 0.028978 0.001918
2 2 0.000706 0.025395 0.947499 0.025874 0.000526
2 2 0.000815 0.021755 0.931301 0.045531 0.000598
2 2 0.000265 0.021944 0.960162 0.017285 0.000344
2 2 0.036235 0.059683 0.838501 0.062659 0.002921
0 2 0.900945 0.060230 0.028850 0.000255 0.009720
1 2 0.470936 0.474333 0.027069 0.000000 0.027662
0 2 0.823564 0.132580 0.028389 0.000025 0.015441
0 2 0.517625 0.426429 0.027584 0.000001 0.028361
0 2 0.821648 0.137363 0.021345 0.000013 0.019631
0 0 0.903028 0.061159 0.024948 0.000175 0.010691
0 0 0.936936 0.052435 0.004194 0.000000 0.006435
0 0 0.790098 0.180019 0.016317 0.000001 0.013566
1 1 0.151108 0.712609 0.083858 0.000013 0.052412
1 1 0.140302 0.569989 0.266251 0.000164 0.023294
2 2 0.003098 0.092467 0.885091 0.016896 0.002448
2 2 0.000129 0.014307 0.974288 0.011125 0.000150
2 2 0.000115 0.017994 0.972765 0.008945 0.000181
2 2 0.000053 0.010927 0.978235 0.010682 0.000103
2 2 0.000122 0.016413 0.969923 0.013340 0.000201
2 2 0.000137 0.013904 0.966214 0.019534 0.000211
2 2 0.000087 0.008450 0.969726 0.021620 0.000117
2 2 0.000163 0.007106 0.923032 0.069525 0.000174
2 2 0.004093 0.031918 0.929451 0.033708 0.000829
2 2 0.261768 0.303105 0.419378 0.004790 0.010959
1 2 0.101952 0.450042 0.415832 0.005029 0.027145
2 2 0.022901 0.111503 0.811061 0.048485 0.006050
2 2 0.006792 0.069403 0.897306 0.024486 0.002013
2 2 0.019362 0.100260 0.834449 0.041254 0.004675
2 2 0.002531 0.038727 0.935617 0.022275 0.000849
2 2 0.006525 0.046549 0.917098 0.028568 0.001261
2 2 0.006148 0.027654 0.903457 0.061757 0.000985
2 2 0.232525 0.146417 0.572490 0.038392 0.010175
0 2 0.570022 0.206393 0.201455 0.003976 0.018154
2 2 0.096891 0.401603 0.468255 0.008644 0.024607
2 2 0.009483 0.054345 0.904623 0.029942 0.001607
2 2 0.011069 0.080471 0.889440 0.017018 0.002002
2 2 0.034498 0.250615 0.699193 0.008232 0.007462
2 2 0.012311 0.112873 0.858902 0.013112 0.002803
2 2 0.049783 0.080331 0.844910 0.022562 0.002414
2 2 0.082570 0.329876 0.565920 0.008489 0.013145
2 2 0.005990 0.074446 0.901612 0.016207 0.001745
2 2 0.051306 0.125988 0.792840 0.024922 0.004943
2 2 0.008746 0.098075 0.874965 0.015678 0.002536
2 2 0.021246 0.155997 0.805820 0.012504 0.004432
2 2 0.000323 0.018453 0.937493 0.043264 0.000468
2 2 0.000023 0.001962 0.895082 0.102891 0.000041
2 2 0.000029 0.003398 0.917994 0.078508 0.000071
2 2 0.000067 0.005156 0.868670 0.125938 0.000169
2 2 0.000119 0.002977 0.866700 0.130122 0.000082
2 2 0.000273 0.005372 0.816849 0.177281 0.000225
2 2 0.019452 0.056670 0.747978 0.170538 0.005363
2 2 0.000300 0.013746 0.850465 0.134834 0.000655
2 2 0.000224 0.028569 0.901230 0.068839 0.001138
2 2 0.000152 0.007255 0.769502 0.222684 0.000407
2 2 0.000725 0.026956 0.904962 0.066343 0.001013
2 2 0.000810 0.035154 0.921077 0.041654 0.001306
2 2 0.000767 0.017653 0.947296 0.033530 0.000754
2 2 0.001867 0.035215 0.890187 0.071214 0.001516
2 2 0.004832 0.020762 0.719390 0.253180 0.001835
2 2 0.002757 0.068787 0.893606 0.032484 0.002367
2 2 0.017931 0.057695 0.733342 0.185167 0.005865
0 2 0.554719 0.162409 0.255776 0.013540 0.013557
2 2 0.130302 0.350023 0.477307 0.017502 0.024867
2 2 0.006738 0.150790 0.810743 0.025359 0.006370
2 2 0.000072 0.011170 0.950220 0.038315 0.000224
2 2 0.000215 0.037884 0.947345 0.013914 0.000642
2 2 0.000179 0.005235 0.843098 0.151293 0.000194
2 2 0.000192 0.010098 0.920056 0.069376 0.000278
2 2 0.000111 0.016335 0.953137 0.030094 0.000322
2 2 0.000141 0.010778 0.900714 0.088011 0.000356
2 2 0.000055 0.023669 0.962595 0.013122 0.000559
2 2 0.000073 0.010850 0.943552 0.045287 0.000238
2 2 0.000045 0.003318 0.917707 0.078862 0.000068
2 2 0.000137 0.003317 0.814723 0.181702 0.000121
2 2 0.001859 0.042830 0.848697 0.104063 0.002552
2 2 0.001189 0.021519 0.889119 0.087288 0.000884
2 2 0.002897 0.034663 0.874939 0.085834 0.001668
2 2 0.003667 0.042645 0.785170 0.165012 0.003506
2 2 0.004252 0.009374 0.617998 0.367481 0.000895
2 2 0.012772 0.079078 0.742043 0.157981 0.008126
2 2 0.000594 0.021391 0.885376 0.091727 0.000913
2 2 0.005974 0.016295 0.682058 0.294162 0.001511
2 2 0.103388 0.138002 0.705330 0.044706 0.008573
2 2 0.322267 0.265269 0.385990 0.010768 0.015707
2 2 0.021794 0.318653 0.624501 0.017488 0.017564
2 2 0.073709 0.158983 0.725955 0.032840 0.008513
2 2 0.012095 0.249352 0.713103 0.015070 0.010381
2 2 0.000961 0.077945 0.909010 0.010605 0.001479
2 2 0.000128 0.011820 0.972355 0.015385 0.000312
2 2 0.010979 0.064765 0.872610 0.048197 0.003449
2 2 0.005289 0.122915 0.856358 0.012363 0.003076
2 2 0.013316 0.031131 0.920503 0.034245 0.000805
2 2 0.010380 0.225413 0.747071 0.010167 0.006968
2 2 0.003702 0.088547 0.880583 0.024187 0.002981
2 2 0.000001 0.000795 0.917246 0.081948 0.000011
2 2 0.000020 0.002255 0.944870 0.052823 0.000032
2 2 0.000013 0.002012 0.943676 0.054271 0.000028
2 2 0.000008 0.005255 0.966931 0.027738 0.000068
2 2 0.000002 0.000584 0.905785 0.093622 0.000008
2 2 0.000001 0.000469 0.908158 0.091365 0.000006
2 2 0.000002 0.001343 0.966444 0.032191 0.000019
2 2 0.000004 0.001878 0.948719 0.049375 0.000024
2 2 0.000004 0.001346 0.940587 0.058045 0.000017
2 2 0.000002 0.000291 0.749641 0.250059 0.000006
2 2 0.000021 0.000907 0.602667 0.396361 0.000044
3 2 0.000005 0.000545 0.436882 0.562531 0.000037
2 2 0.000013 0.001100 0.563726 0.435097 0.000064
3 2 0.000023 0.000954 0.481027 0.517928 0.000067
3 2 0.000006 0.000851 0.407041 0.592029 0.000073
2 2 0.000007 0.000491 0.547948 0.451530 0.000023
3 2 0.000002 0.000122 0.187303 0.812560 0.000013
2 2 0.000017 0.001740 0.529383 0.468730 0.000131
2 2 0.000006 0.000291 0.537098 0.462593 0.000012
3 2 0.000007 0.000473 0.375234 0.624248 0.000037
3 2 0.000008 0.000537 0.213983 0.785390 0.000083
3 3 0.000005 0.000160 0.204571 0.795247 0.000017
3 3 0.000015 0.001118 0.380403 0.618350 0.000114
3 3 0.000002 0.000279 0.188590 0.811088 0.000040
3 3 0.000004 0.000283 0.198962 0.800713 0.000038
3 3 0.000017 0.000968 0.211311 0.787521 0.000183
3 3 0.000009 0.000326 0.150498 0.849107 0.000060
3 3 0.000001 0.000115 0.149616 0.850252 0.000015
3 3 0.000012 0.000797 0.223228 0.775830 0.000133
3 3 0.000005 0.000232 0.126916 0.872802 0.000045
3 3 0.000012 0.000778 0.227249 0.771834 0.000127
3 3 0.000008 0.000410 0.253872 0.745663 0.000048
3 3 0.000004 0.000240 0.136205 0.863506 0.000044
3 3 0.000026 0.001315 0.294528 0.703940 0.000191
3 3 0.000012 0.000384 0.193359 0.806186 0.000058
3 3 0.000109 0.001698 0.269305 0.728595 0.000293
3 3 0.000033 0.000921 0.213410 0.785467 0.000168
3 3 0.000077 0.001781 0.260679 0.737138 0.000325
3 3 0.000009 0.000529 0.208013 0.791366 0.000083
3 3 0.000007 0.000402 0.174939 0.824582 0.000069
3 3 0.000019 0.000942 0.191086 0.807757 0.000195
3 3 0.000003 0.000216 0.109364 0.890369 0.000048
3 3 0.000025 0.000733 0.120400 0.878622 0.000221
3 3 0.000044 0.001435 0.180241 0.817918 0.000361
3 3 0.000024 0.001032 0.181809 0.816903 0.000232
3 3 0.000014 0.000759 0.180026 0.819045 0.000156
3 3 0.000022 0.001068 0.200814 0.797876 0.000219
3 3 0.000102 0.002567 0.208305 0.788354 0.000672
3 3 0.000033 0.001080 0.157798 0.840805 0.000283
3 3 0.000077 0.003076 0.299605 0.696664 0.000578
2 3 0.022676 0.055312 0.743595 0.172295 0.006123
2 3 0.019387 0.058463 0.723600 0.191171 0.007380
2 3 0.198731 0.118288 0.554897 0.113126 0.014958
2 3 0.343460 0.140285 0.420244 0.076582 0.019428
0 0 0.517417 0.215764 0.232676 0.009189 0.024954
2 2 0.030743 0.179720 0.709966 0.064423 0.015147
2 2 0.054043 0.245190 0.644973 0.035594 0.020200
2 2 0.034916 0.081505 0.799095 0.078576 0.005908
2 2 0.064984 0.139418 0.675634 0.105212 0.014752
2 2 0.069664 0.188045 0.665092 0.060828 0.016371
1 2 0.170360 0.516262 0.267560 0.001484 0.044334
1 2 0.112591 0.530323 0.308178 0.002188 0.046721
2 2 0.026878 0.229626 0.723847 0.002530 0.017119
2 2 0.124097 0.391450 0.423090 0.002779 0.058585
1 1 0.089192 0.592391 0.274923 0.000804 0.042689
2 4 0.104558 0.298697 0.564500 0.004892 0.027353
1 4 0.046005 0.592898 0.313556 0.000950 0.046591
1 4 0.096389 0.604340 0.198532 0.000241 0.100498
1 4 0.080008 0.606831 0.188090 0.000138 0.124934
1 4 0.139744 0.480871 0.175576 0.000944 0.202865
4 4 0.065462 0.036802 0.003676 0.000001 0.894060
4 4 0.103741 0.032489 0.004426 0.000002 0.859342
4 4 0.084320 0.059061 0.003516 0.000000 0.853103
4 4 0.082699 0.027775 0.005917 0.000002 0.883607
4 4 0.052596 0.020596 0.003059 0.000001 0.923748
4 4 0.064563 0.020360 0.001123 0.000000 0.913955
4 4 0.040218 0.099097 0.006252 0.000000 0.854433
4 4 0.019905 0.131867 0.007871 0.000000 0.840356
4 4 0.049865 0.062088 0.004089 0.000000 0.883958
4 4 0.053446 0.104027 0.005452 0.000000 0.837074
4 4 0.065949 0.107409 0.010563 0.000001 0.816079
4 4 0.197602 0.047346 0.003964 0.000001 0.751086
4 4 0.249482 0.034180 0.003898 0.000001 0.712439
4 4 0.143422 0.112524 0.008762 0.000001 0.735290
4 4 0.156336 0.166471 0.011377 0.000000 0.665815
4 4 0.099329 0.207757 0.011621 0.000000 0.681292
4 4 0.066986 0.145791 0.007445 0.000000 0.779779
4 4 0.084025 0.182495 0.010236 0.000000 0.723244
4 4 0.160299 0.203996 0.005662 0.000000 0.630043
0 4 0.574708 0.103919 0.003361 0.000000 0.318011
4 4 0.036812 0.308536 0.029669 0.000001 0.624982
4 4 0.041531 0.325782 0.030467 0.000001 0.602220
4 4 0.033607 0.298837 0.031640 0.000000 0.635916
4 4 0.034780 0.250716 0.024459 0.000000 0.690045
4 4 0.051537 0.251939 0.022631 0.000000 0.673894
4 4 0.058545 0.183945 0.013980 0.000000 0.743529
4 4 0.018142 0.280185 0.035332 0.000000 0.666340
4 4 0.134740 0.183422 0.021524 0.000002 0.660313
4 4 0.110737 0.142869 0.019307 0.000001 0.727085
4 4 0.108638 0.247162 0.019257 0.000001 0.624942
4 4 0.018220 0.280316 0.027562 0.000000 0.673901
4 4 0.131558 0.158620 0.022112 0.000001 0.687710
4 4 0.235578 0.188785 0.010183 0.000000 0.565454
4 4 0.176727 0.251427 0.015023 0.000000 0.556823
4 4 0.028040 0.364329 0.020047 0.000000 0.587585
4 4 0.069833 0.209198 0.015562 0.000000 0.705407
4 4 0.037901 0.259252 0.019239 0.000000 0.683608
4 4 0.063618 0.091407 0.013168 0.000001 0.831806
4 4 0.050004 0.288352 0.017396 0.000000 0.644248
4 4 0.056988 0.164712 0.017502 0.000000 0.760798
1 4 0.092342 0.548717 0.061237 0.000003 0.297702
1 4 0.175031 0.555161 0.028509 0.000000 0.241298
1 4 0.115861 0.559244 0.050597 0.000002 0.274296
1 4 0.093560 0.632931 0.039365 0.000000 0.234143
1 4 0.065603 0.587156 0.075758 0.000004 0.271480
1 4 0.059044 0.591747 0.072010 0.000003 0.277197
0 0 0.375080 0.273905 0.069036 0.000023 0.281956
0 0 0.660884 0.213644 0.015128 0.000001 0.110343
0 0 0.505339 0.278040 0.029007 0.000006 0.187609
1 0 0.338710 0.435311 0.026564 0.000001 0.199414
0 0 0.512834 0.429858 0.024635 0.000000 0.032673
1 0 0.401361 0.535743 0.027376 0.000000 0.035519
0 0 0.683905 0.282071 0.011911 0.000000 0.022113
0 0 0.530098 0.416698 0.022452 0.000000 0.030751
0 0 0.723017 0.244758 0.012756 0.000000 0.019469
0 0 0.855160 0.121759 0.008714 0.000001 0.014367
0 0 0.814417 0.158399 0.010858 0.000001 0.016326
0 0 0.765155 0.212941 0.006092 0.000000 0.015812
0 0 0.732868 0.239847 0.006776 0.000000 0.020509
0 0 0.834618 0.132639 0.016184 0.000004 0.016555
0 0 0.911681 0.076451 0.003413 0.000000 0.008455
0 0 0.921499 0.068921 0.002484 0.000000 0.007096
0 0 0.839186 0.144364 0.003653 0.000000 0.012797
0 0 0.620662 0.344549 0.012857 0.000000 0.021933
0 0 0.730933 0.246910 0.006679 0.000000 0.015478
0 0 0.860895 0.125119 0.004054 0.000000 0.009933
0 0 0.953567 0.030627 0.006927 0.000027 0.008852
0 0 0.955627 0.030269 0.007893 0.000024 0.006186
0 0 0.946260 0.041014 0.004294 0.000002 0.008430
0 0 0.950513 0.041453 0.002070 0.000000 0.005964
0 0 0.850113 0.107553 0.001961 0.000000 0.040373
0 0 0.570293 0.332766 0.010535 0.000000 0.086405
0 0 0.674428 0.249042 0.008101 0.000000 0.068429
0 0 0.915157 0.066804 0.001508 0.000000 0.016531
0 0 0.882659 0.086189 0.002540 0.000000 0.028611
0 0 0.643428 0.285962 0.005923 0.000000 0.064687
0 0 0.837642 0.118303 0.002441 0.000000 0.041614
0 0 0.813540 0.147042 0.003124 0.000000 0.036295
0 0 0.843397 0.127350 0.002997 0.000000 0.026256
0 0 0.944177 0.037783 0.002395 0.000001 0.015644
0 0 0.887273 0.081266 0.006518 0.000002 0.024941
0 0 0.914204 0.061000 0.002625 0.000000 0.022170
0 0 0.831442 0.134732 0.005314 0.000000 0.028512
0 0 0.608608 0.325635 0.008473 0.000000 0.057283
1 0 0.283325 0.581912 0.032331 0.000001 0.102431
0 0 0.800850 0.155497 0.009055 0.000001 0.034597
0 1 0.710911 0.199204 0.021385 0.000011 0.068489
0 1 0.707943 0.214092 0.014533 0.000001 0.063432
0 1 0.795775 0.162707 0.007234 0.000000 0.034283
1 1 0.381209 0.496969 0.021474 0.000000 0.100348
1 1 0.051650 0.610301 0.166202 0.000023 0.171823
1 1 0.034987 0.694590 0.158278 0.000009 0.112135
1 1 0.038747 0.599729 0.175594 0.000046 0.185884
1 1 0.033068 0.644455 0.188266 0.000018 0.134194
1 4 0.024417 0.678291 0.187387 0.000017 0.109888
1 4 0.022064 0.674343 0.121338 0.000002 0.182253
1 4 0.018497 0.607027 0.199021 0.000008 0.175447
1 4 0.010981 0.635609 0.229660 0.000004 0.123746
1 4 0.014891 0.559654 0.250272 0.000004 0.175179
2 4 0.011213 0.311425 0.585206 0.000055 0.092101
1 2 0.008714 0.488758 0.439336 0.000059 0.063134
2 2 0.004842 0.165534 0.801150 0.000222 0.028252
1 2 0.003763 0.488982 0.460739 0.000034 0.046482
2 2 0.000564 0.161418 0.826609 0.000068 0.011341
2 2 0.001907 0.280755 0.688795 0.000114 0.028429
2 2 0.002307 0.101368 0.882382 0.000373 0.013570
2 2 0.005807 0.457049 0.476675 0.000026 0.060443
2 2 0.002185 0.135863 0.841823 0.000146 0.019982
2 2 0.001919 0.334810 0.629337 0.000035 0.033900
2 2 0.000931 0.057552 0.936137 0.000274 0.005106
2 2 0.000149 0.091879 0.900836 0.000059 0.007077
2 2 0.001326 0.255730 0.719917 0.000072 0.022955
2 2 0.004130 0.220394 0.756814 0.000143 0.018519
2 2 0.001717 0.200710 0.757455 0.000239 0.039880
2 2 0.000674 0.088983 0.902553 0.000150 0.007640
2 2 0.000426 0.103669 0.890430 0.000132 0.005343
2 2 0.001575 0.148421 0.824843 0.000351 0.024810
2 2 0.000057 0.035750 0.961791 0.000229 0.002172
2 2 0.000365 0.134969 0.853611 0.000255 0.010800
2 2 0.000601 0.253930 0.722992 0.000056 0.022420
2 2 0.000395 0.051114 0.945431 0.000264 0.002797
2 2 0.000464 0.034108 0.961569 0.000279 0.003580
2 2 0.004536 0.309678 0.644505 0.000041 0.041240
2 2 0.070695 0.411410 0.448622 0.000358 0.068915
2 2 0.005202 0.304347 0.648272 0.000240 0.041939
2 2 0.001668 0.216501 0.758708 0.000190 0.022933
2 2 0.000534 0.152876 0.828185 0.000040 0.018364
2 2 0.000303 0.094162 0.901748 0.000234 0.003553
2 2 0.000148 0.094851 0.896697 0.000149 0.008155
2 2 0.000634 0.071447 0.922640 0.000318 0.004960
2 2 0.008603 0.122254 0.849745 0.000277 0.019122
1 2 0.149573 0.531375 0.213970 0.000036 0.105045
1 2 0.072851 0.748863 0.128815 0.000025 0.049445
1 2 0.150261 0.614841 0.134021 0.000009 0.100868
0 0 0.746885 0.159886 0.052431 0.000355 0.040443
0 0 0.848802 0.109693 0.020139 0.000029 0.021338
0 0 0.818454 0.141053 0.013709 0.000005 0.026780
0 0 0.711274 0.238824 0.017029 0.000002 0.032872
0 0 0.488321 0.429517 0.042975 0.000005 0.039181
0 0 0.822212 0.137873 0.014655 0.000006 0.025254
0 0 0.862238 0.100698 0.004831 0.000001 0.032233
0 0 0.859224 0.115455 0.003049 0.000000 0.022273
0 0 0.907733 0.064371 0.006185 0.000003 0.021708
0 0 0.932470 0.050355 0.003042 0.000000 0.014132
0 0 0.839811 0.132460 0.001953 0.000000 0.025776
1 0 0.337673 0.528952 0.022180 0.000000 0.111196
1 0 0.242993 0.613982 0.031574 0.000001 0.111451
1 1 0.384135 0.401900 0.054591 0.000010 0.159365
0 1 0.730729 0.225072 0.005000 0.000000 0.039199
1 1 0.186199 0.670948 0.039047 0.000001 0.103806
1 1 0.022187 0.612329 0.253261 0.000023 0.112201
1 1 0.015043 0.544732 0.329811 0.000023 0.110390
1 1 0.011306 0.562740 0.323700 0.000015 0.102239
1 2 0.033110 0.578370 0.226540 0.000012 0.161968
1 2 0.016172 0.583366 0.295894 0.000013 0.104555
1 2 0.017448 0.642602 0.229685 0.000005 0.110260
2 2 0.005526 0.307404 0.631598 0.000027 0.055445
1 2 0.013264 0.548245 0.283588 0.000007 0.154896
2 2 0.004992 0.391415 0.512828 0.000053 0.090712
1 4 0.005205 0.452907 0.426252 0.000015 0.115621
1 4 0.014062 0.590049 0.342442 0.000057 0.053390
1 4 0.027437 0.589494 0.328111 0.000038 0.054921
2 2 0.002594 0.350027 0.625730 0.000049 0.021600
1 2 0.055001 0.543802 0.329301 0.000079 0.071817
1 2 0.041956 0.629815 0.286396 0.000041 0.041793
1 2 0.048747 0.582004 0.311559 0.000103 0.057587
1 4 0.051121 0.524768 0.377032 0.000318 0.046761
2 4 0.010964 0.251522 0.718575 0.000199 0.018741
2 4 0.052421 0.417497 0.487666 0.000157 0.042259
2 2 0.004646 0.117061 0.867619 0.000292 0.010383
2 2 0.004778 0.299250 0.670641 0.000372 0.024959
2 2 0.000532 0.098758 0.896253 0.000225 0.004232
2 2 0.000679 0.055660 0.940241 0.001144 0.002277
2 2 0.000958 0.085281 0.909754 0.001211 0.002795
2 2 0.003361 0.093862 0.896223 0.002363 0.004191
2 2 0.001491 0.079724 0.914641 0.001362 0.002781
2 2 0.001448 0.120017 0.871571 0.001332 0.005632
2 2 0.001094 0.038152 0.957561 0.001203 0.001990
2 2 0.000970 0.218720 0.771968 0.000207 0.008135
2 2 0.001776 0.066439 0.926322 0.002077 0.003385
2 2 0.021462 0.402793 0.550418 0.000427 0.024900
2 2 0.012831 0.179558 0.791287 0.001387 0.014937
2 2 0.031503 0.287481 0.650193 0.000843 0.029980
2 2 0.112859 0.250211 0.597003 0.004225 0.035702
1 2 0.061707 0.502877 0.409477 0.001688 0.024250
2 2 0.034378 0.379726 0.564696 0.001616 0.019584
2 2 0.013284 0.227302 0.741461 0.000904 0.017049
2 2 0.006209 0.131350 0.853504 0.002053 0.006884
0 4 0.701259 0.180253 0.093936 0.000827 0.023725
0 0 0.691968 0.206139 0.076499 0.000277 0.025117
0 0 0.508906 0.246695 0.044029 0.000021 0.200349
0 0 0.487181 0.296627 0.026995 0.000002 0.189195
1 0 0.249333 0.512121 0.027409 0.000000 0.211137
1 1 0.048039 0.521115 0.088687 0.000003 0.342156
1 1 0.045601 0.588284 0.091641 0.000004 0.274469
1 1 0.061846 0.617717 0.096489 0.000007 0.223941
1 2 0.044921 0.560129 0.175496 0.000021 0.219433
1 2 0.054359 0.588371 0.121213 0.000005 0.236051
1 2 0.010714 0.537371 0.282564 0.000010 0.169341
2 2 0.018016 0.145805 0.641899 0.000422 0.193856
2 2 0.000149 0.083483 0.912325 0.000759 0.003284
2 2 0.000167 0.081326 0.915171 0.001359 0.001977
2 2 0.000122 0.019901 0.977328 0.002001 0.000647
2 2 0.000117 0.030542 0.966549 0.002044 0.000748
2 2 0.000085 0.041589 0.954532 0.001311 0.002484
2 2 0.000019 0.006851 0.988646 0.004369 0.000115
2 2 0.000023 0.017316 0.980852 0.000955 0.000853
2 2 0.000219 0.044782 0.950957 0.001601 0.002441
2 2 0.000018 0.017923 0.978627 0.002423 0.001009
2 2 0.000006 0.001150 0.977158 0.021657 0.000028
2 2 0.000207 0.034013 0.963053 0.000564 0.002162
2 2 0.000035 0.039311 0.958363 0.000629 0.001662
2 2 0.000041 0.014049 0.983931 0.000947 0.001032
2 2 0.000121 0.024149 0.972234 0.001821 0.001675
2 2 0.000096 0.011882 0.982447 0.005094 0.000482
2 2 0.004063 0.302274 0.660690 0.000978 0.031994
2 2 0.000268 0.060089 0.933564 0.001969 0.004109
2 2 0.000197 0.026623 0.968156 0.002715 0.002309
2 2 0.000021 0.017730 0.980274 0.000934 0.001041
2 2 0.000209 0.090763 0.899418 0.000378 0.009232
2 2 0.000008 0.006097 0.992129 0.001541 0.000225
2 2 0.000253 0.048995 0.944640 0.004782 0.001330
2 2 0.000008 0.009176 0.987417 0.003044 0.000356
2 2 0.000025 0.006837 0.974154 0.018761 0.000223
2 2 0.000018 0.018773 0.977927 0.002582 0.000699
2 2 0.000012 0.003466 0.993584 0.002840 0.000098
2 2 0.000017 0.014561 0.981121 0.003752 0.000549
2 2 0.000015 0.016211 0.980413 0.002722 0.000639
2 2 0.000073 0.002137 0.960920 0.036836 0.000033
2 2 0.000196 0.012489 0.977939 0.009032 0.000344
2 2 0.000893 0.032010 0.944918 0.021073 0.001106
2 2 0.000154 0.015990 0.980913 0.002318 0.000625
2 2 0.000589 0.174578 0.816504 0.000650 0.007679
2 2 0.000043 0.015626 0.980089 0.003800 0.000441
2 2 0.000043 0.007852 0.979004 0.012883 0.000219
2 2 0.000092 0.016488 0.979536 0.003581 0.000304
2 2 0.000024 0.021853 0.975258 0.001553 0.001313
2 2 0.000037 0.003362 0.989874 0.006634 0.000094
2 2 0.000027 0.004326 0.988603 0.006921 0.000122
2 2 0.000018 0.015156 0.979411 0.005093 0.000322
2 2 0.000029 0.013024 0.978880 0.007445 0.000622
2 2 0.000004 0.001993 0.984939 0.013032 0.000031
2 2 0.000120 0.007551 0.933395 0.058689 0.000245
2 2 0.002870 0.076940 0.897362 0.020706 0.002122
2 2 0.000015 0.003573 0.979453 0.016872 0.000087
2 2 0.000071 0.006283 0.980626 0.012891 0.000129
2 2 0.000056 0.008722 0.982895 0.008144 0.000184
2 2 0.000064 0.008099 0.980716 0.010878 0.000242
2 2 0.000008 0.004366 0.980094 0.015446 0.000086
2 2 0.000024 0.008573 0.976137 0.015040 0.000226
2 2 0.000819 0.062722 0.933586 0.000584 0.002290
2 2 0.000362 0.015090 0.981740 0.001967 0.000842
2 2 0.003593 0.097512 0.891324 0.002557 0.005014
2 2 0.001212 0.032765 0.961929 0.001956 0.002138
2 2 0.012105 0.390811 0.576793 0.001117 0.019175
2 2 0.002051 0.051219 0.940783 0.004017 0.001930
2 2 0.006593 0.130991 0.852506 0.002790 0.007120
2 2 0.015176 0.234931 0.738929 0.002028 0.008936
2 2 0.008436 0.294043 0.683256 0.001582 0.012683
2 2 0.003322 0.059299 0.929964 0.005276 0.002138
2 2 0.009349 0.343268 0.627839 0.000615 0.018929
1 2 0.007529 0.582792 0.359052 0.000053 0.050573
2 2 0.006982 0.154267 0.824280 0.000941 0.013530
2 2 0.011058 0.228089 0.732123 0.000484 0.028245
1 2 0.034440 0.471860 0.433658 0.000447 0.059595
1 2 0.022008 0.506106 0.403754 0.000344 0.067788
1 2 0.016867 0.546393 0.376536 0.000135 0.060069
2 2 0.003616 0.138716 0.844175 0.001429 0.012064
2 2 0.001194 0.040910 0.954123 0.002220 0.001554
2 2 0.007872 0.451809 0.503457 0.000077 0.036785
2 2 0.012466 0.103189 0.870157 0.001217 0.012970
2 2 0.006246 0.167019 0.812799 0.000686 0.013250
2 2 0.220726 0.249867 0.439593 0.000990 0.088823
1 2 0.046076 0.702567 0.197988 0.000100 0.053270
1 2 0.105948 0.576675 0.232111 0.000227 0.085039
1 2 0.069685 0.536300 0.357255 0.000230 0.036530
1 2 0.079346 0.454009 0.398116 0.000085 0.068444
1 2 0.080791 0.630117 0.223111 0.000253 0.065729
1 2 0.227227 0.562902 0.135433 0.000073 0.074365
0 0 0.656056 0.200521 0.114213 0.001370 0.027840
4 0 0.248421 0.335356 0.041607 0.000001 0.374614
1 0 0.048731 0.512145 0.059561 0.000001 0.379562
1 1 0.035877 0.497945 0.087094 0.000002 0.379082
1 1 0.033552 0.591058 0.075107 0.000001 0.300283
1 1 0.057734 0.546877 0.038865 0.000000 0.356525
1 1 0.028607 0.607024 0.059056 0.000000 0.305313
1 2 0.024022 0.575580 0.094531 0.000001 0.305866
1 2 0.020068 0.599765 0.067544 0.000000 0.312622
1 2 0.039174 0.513098 0.091976 0.000002 0.355751
1 2 0.031738 0.530728 0.078321 0.000001 0.359212
1 2 0.160463 0.515803 0.050641 0.000003 0.273090
1 2 0.091166 0.515602 0.090427 0.000008 0.302796
0 2 0.495949 0.264025 0.012589 0.000000 0.227436
0 2 0.727296 0.159256 0.011464 0.000001 0.101983
0 0 0.448445 0.362757 0.009154 0.000000 0.179644
1 0 0.314531 0.457504 0.016640 0.000000 0.211324
0 0 0.752960 0.144772 0.009096 0.000002 0.093170
0 0 0.729822 0.136173 0.007165 0.000000 0.126839
0 0 0.422087 0.283158 0.018141 0.000001 0.276612
1 0 0.278374 0.460115 0.018996 0.000000 0.242515
4 0 0.025706 0.119400 0.006219 0.000000 0.848674
4 0 0.012515 0.096288 0.005712 0.000000 0.885484
4 1 0.010793 0.083700 0.005927 0.000000 0.899580
4 1 0.009187 0.037017 0.005655 0.000001 0.948140
4 1 0.013589 0.045999 0.005037 0.000000 0.935375
4 4 0.010522 0.094163 0.010247 0.000000 0.885067
4 4 0.038502 0.048999 0.004405 0.000001 0.908094
4 4 0.046745 0.026424 0.002657 0.000000 0.924174
4 4 0.120663 0.030576 0.003723 0.000001 0.845037
4 4 0.082776 0.025952 0.003453 0.000001 0.887818
4 4 0.074096 0.036857 0.002618 0.000000 0.886428
4 4 0.104103 0.137681 0.005411 0.000000 0.752805
4 4 0.077680 0.240630 0.010186 0.000000 0.671504
4 4 0.048319 0.152293 0.008835 0.000000 0.790553
4 4 0.051293 0.137385 0.013472 0.000001 0.797850
4 4 0.130032 0.177893 0.014954 0.000001 0.677120
4 4 0.031927 0.137606 0.011271 0.000000 0.819195
4 4 0.013720 0.212527 0.033206 0.000002 0.740546
4 4 0.038569 0.160804 0.008424 0.000000 0.792203
4 4 0.034412 0.189800 0.010407 0.000000 0.765381
4 4 0.042612 0.096058 0.009815 0.000001 0.851515
4 4 0.046530 0.185463 0.012353 0.000000 0.755653
4 4 0.009212 0.179236 0.025977 0.000001 0.785574
4 4 0.016003 0.118500 0.026545 0.000006 0.838947
4 4 0.028698 0.075257 0.011689 0.000001 0.884355
4 4 0.017738 0.055721 0.008086 0.000001 0.918453
