2 0 0.257637 0.308496 0.425298 0.008090 0.000479
2 0 0.050697 0.135049 0.790206 0.023928 0.000120
2 0 0.173790 0.278398 0.538325 0.009314 0.000172
2 0 0.276732 0.202510 0.506239 0.014288 0.000231
2 0 0.091968 0.161126 0.721344 0.025452 0.000110
2 0 0.033821 0.123078 0.831090 0.011823 0.000189
2 0 0.074442 0.147172 0.747544 0.030664 0.000178
2 0 0.075534 0.395408 0.527189 0.001213 0.000656
2 0 0.023082 0.248749 0.726546 0.000909 0.000713
2 0 0.036446 0.191969 0.765385 0.005544 0.000656
2 0 0.028518 0.348314 0.616395 0.001092 0.005680
1 0 0.031918 0.537568 0.422944 0.000203 0.007367
2 0 0.051579 0.397988 0.544482 0.001629 0.004321
1 0 0.038784 0.511842 0.441290 0.000388 0.007697
1 0 0.086115 0.604021 0.295317 0.000262 0.014284
1 0 0.079238 0.542081 0.367599 0.000630 0.010452
1 0 0.059985 0.586444 0.344160 0.000427 0.008983
1 0 0.219863 0.444397 0.327559 0.006056 0.002125
1 0 0.279967 0.428121 0.279287 0.001033 0.011592
0 0 0.400070 0.329505 0.263578 0.001712 0.005135
0 0 0.845300 0.105877 0.014808 0.000749 0.033266
0 0 0.977459 0.013540 0.002186 0.000117 0.006698
0 0 0.999078 0.000677 0.000094 0.000017 0.000134
0 0 0.992673 0.005037 0.000520 0.000020 0.001750
0 0 0.996222 0.002694 0.000460 0.000107 0.000517
0 0 0.997184 0.001977 0.000227 0.000014 0.000598
0 0 0.998565 0.000870 0.000113 0.000005 0.000447
0 0 0.986275 0.009387 0.001445 0.000137 0.002755
0 0 0.991816 0.005168 0.001142 0.000223 0.001652
0 0 0.981324 0.014662 0.001814 0.000270 0.001931
0 0 0.983779 0.009681 0.002768 0.000923 0.002849
0 0 0.928730 0.056794 0.006813 0.000881 0.006782
0 0 0.973753 0.014936 0.004981 0.003154 0.003177
0 0 0.984596 0.009575 0.002413 0.000632 0.002784
0 0 0.920742 0.064911 0.006431 0.000590 0.007325
0 0 0.665816 0.295700 0.016842 0.000313 0.021329
0 0 0.927861 0.048400 0.015315 0.000869 0.007554
0 0 0.976730 0.012659 0.003128 0.000343 0.007141
0 0 0.584810 0.395092 0.011307 0.000445 0.008346
0 0 0.963634 0.026231 0.004395 0.000339 0.005400
0 0 0.697782 0.237122 0.042205 0.000716 0.022176
0 0 0.973289 0.013600 0.007867 0.001927 0.003316
0 0 0.944165 0.031865 0.013954 0.007061 0.002954
0 0 0.935576 0.031905 0.015378 0.011131 0.006010
0 0 0.940524 0.045310 0.006017 0.007113 0.001035
0 0 0.970396 0.019154 0.006569 0.001747 0.002134
0 0 0.531256 0.356494 0.087261 0.003243 0.021746
1 0 0.220215 0.661664 0.075678 0.000555 0.041889
1 0 0.184535 0.625490 0.141425 0.001817 0.046733
1 0 0.234767 0.512136 0.209330 0.009330 0.034437
1 0 0.322451 0.545498 0.051659 0.002098 0.078294
0 0 0.897509 0.058703 0.012360 0.000862 0.030565
0 0 0.991422 0.005915 0.000720 0.000040 0.001903
0 0 0.965207 0.019903 0.004602 0.000487 0.009800
0 0 0.978787 0.013472 0.002209 0.000157 0.005375
0 0 0.990389 0.005359 0.001117 0.000097 0.003038
0 0 0.995705 0.002602 0.000650 0.000169 0.000873
0 0 0.991430 0.005982 0.001011 0.000159 0.001418
0 0 0.995932 0.002473 0.000550 0.000097 0.000948
0 0 0.993693 0.004060 0.000888 0.000201 0.001158
0 0 0.994957 0.003560 0.000498 0.000051 0.000935
0 0 0.995540 0.002760 0.000664 0.000172 0.000864
0 0 0.990684 0.006329 0.000945 0.000084 0.001958
0 0 0.996497 0.002027 0.000591 0.000227 0.000658
0 0 0.989978 0.006330 0.001121 0.000107 0.002465
0 0 0.956486 0.035233 0.002422 0.000074 0.005786
0 0 0.989087 0.007636 0.001102 0.000104 0.002070
0 0 0.993933 0.003656 0.000761 0.000098 0.001552
0 0 0.991029 0.004782 0.001008 0.000077 0.003104
0 0 0.994800 0.003217 0.000493 0.000032 0.001458
0 0 0.988551 0.007875 0.002297 0.000756 0.000521
0 0 0.983734 0.011418 0.002889 0.000972 0.000987
0 0 0.959090 0.028571 0.006926 0.004491 0.000922
0 0 0.963470 0.028634 0.003874 0.003366 0.000657
0 0 0.981217 0.011825 0.004777 0.001408 0.000773
0 0 0.983302 0.011027 0.003208 0.001205 0.001258
0 0 0.929936 0.047159 0.015926 0.005947 0.001032
0 0 0.974589 0.017869 0.004533 0.002159 0.000850
0 0 0.992412 0.004007 0.002052 0.001367 0.000162
0 0 0.974646 0.017406 0.004213 0.001455 0.002281
0 0 0.615187 0.304948 0.069752 0.004469 0.005644
0 1 0.824601 0.091996 0.057668 0.002584 0.023151
1 1 0.149900 0.676129 0.129746 0.000770 0.043455
1 1 0.011787 0.577793 0.297436 0.000053 0.112932
1 2 0.017817 0.587106 0.263285 0.000047 0.131745
1 2 0.014748 0.485810 0.388106 0.000226 0.111109
2 2 0.014994 0.348185 0.557381 0.001059 0.078382
1 2 0.012522 0.539895 0.339687 0.000090 0.107806
1 2 0.009622 0.522552 0.390845 0.000062 0.076919
2 2 0.008281 0.440081 0.497752 0.000100 0.053786
2 2 0.001713 0.058225 0.919367 0.011220 0.009476
2 2 0.000838 0.034916 0.937628 0.020377 0.006241
2 2 0.001091 0.039552 0.926870 0.024403 0.008084
2 2 0.001814 0.049630 0.895013 0.039291 0.014252
2 2 0.001944 0.052697 0.906121 0.027035 0.012204
2 2 0.001727 0.050850 0.920173 0.018080 0.009170
2 3 0.000651 0.030093 0.935182 0.027788 0.006287
2 3 0.001028 0.026937 0.859718 0.108572 0.003745
2 3 0.001178 0.029876 0.854870 0.108991 0.005085
2 3 0.001381 0.040063 0.892394 0.055757 0.010406
2 3 0.002809 0.024222 0.502764 0.467536 0.002669
3 3 0.000566 0.010605 0.470993 0.516342 0.001494
3 3 0.000733 0.007465 0.245282 0.745491 0.001029
3 3 0.002569 0.018120 0.322440 0.653602 0.003269
3 3 0.001210 0.010468 0.268318 0.718408 0.001596
3 3 0.000467 0.006495 0.259322 0.732547 0.001169
3 3 0.001357 0.010521 0.240124 0.746178 0.001820
3 3 0.001180 0.015855 0.482884 0.497772 0.002309
3 3 0.001204 0.012634 0.340469 0.643562 0.002131
3 3 0.001401 0.012271 0.314659 0.670067 0.001603
3 3 0.000340 0.005532 0.301821 0.691734 0.000573
3 3 0.000449 0.004700 0.184983 0.809279 0.000589
3 3 0.000848 0.007393 0.226020 0.764853 0.000886
3 3 0.001447 0.009038 0.188737 0.799356 0.001422
3 3 0.000991 0.007629 0.205095 0.785278 0.001007
3 3 0.000418 0.003183 0.104032 0.891892 0.000475
3 3 0.000361 0.002335 0.082607 0.914471 0.000226
3 3 0.000226 0.002894 0.152787 0.843742 0.000351
3 3 0.000129 0.001371 0.074647 0.923674 0.000179
3 3 0.000513 0.003679 0.111004 0.884262 0.000542
3 3 0.000317 0.001830 0.062538 0.935131 0.000183
3 3 0.000144 0.002031 0.134769 0.862855 0.000200
3 3 0.000097 0.001335 0.094545 0.903878 0.000145
3 3 0.000335 0.001812 0.055274 0.942352 0.000228
3 3 0.000626 0.006407 0.228707 0.763481 0.000779
3 3 0.000277 0.002074 0.076757 0.920610 0.000282
3 3 0.000573 0.006899 0.272524 0.719180 0.000824
3 3 0.000211 0.002444 0.140427 0.856719 0.000199
3 3 0.000637 0.002097 0.040553 0.956419 0.000295
3 3 0.000093 0.001505 0.115311 0.882922 0.000168
3 3 0.001456 0.007739 0.152201 0.837461 0.001144
3 3 0.000199 0.001093 0.034817 0.963701 0.000190
3 3 0.000544 0.002335 0.048589 0.948059 0.000473
3 3 0.000492 0.002470 0.061182 0.935458 0.000398
3 3 0.000305 0.001308 0.033910 0.964273 0.000204
3 3 0.000685 0.003778 0.092128 0.902842 0.000566
3 3 0.000277 0.001257 0.034146 0.964118 0.000201
3 3 0.000648 0.002995 0.064681 0.931154 0.000522
3 3 0.000542 0.002834 0.065140 0.930902 0.000583
3 3 0.000978 0.003209 0.050953 0.944251 0.000610
3 0 0.000105 0.002921 0.348082 0.648748 0.000144
2 3 0.051559 0.110602 0.635405 0.201630 0.000804
2 3 0.001573 0.020580 0.674151 0.302516 0.001181
2 3 0.000498 0.009254 0.556838 0.432968 0.000442
2 3 0.001981 0.022971 0.622934 0.350251 0.001863
2 3 0.001105 0.012797 0.499367 0.486098 0.000633
2 3 0.000794 0.015260 0.738293 0.244954 0.000700
2 3 0.000283 0.007587 0.661154 0.330717 0.000259
3 3 0.000155 0.004304 0.459412 0.535938 0.000190
2 3 0.000405 0.009174 0.653167 0.336908 0.000345
3 3 0.000085 0.002750 0.447873 0.549228 0.000064
3 3 0.000065 0.001850 0.325546 0.672501 0.000038
3 3 0.000155 0.003213 0.305004 0.691476 0.000152
3 3 0.000057 0.001872 0.302210 0.695783 0.000078
3 3 0.000094 0.002560 0.344611 0.652647 0.000089
3 3 0.000049 0.001647 0.321529 0.676733 0.000042
2 3 0.000076 0.003132 0.540141 0.456562 0.000089
3 3 0.000073 0.002097 0.321189 0.676576 0.000066
3 3 0.000075 0.001768 0.242098 0.756000 0.000060
3 3 0.000091 0.002569 0.339834 0.657404 0.000102
3 3 0.000437 0.005042 0.260176 0.734058 0.000286
3 3 0.000235 0.004152 0.301119 0.694234 0.000260
3 3 0.000089 0.001615 0.162309 0.835898 0.000089
3 3 0.000080 0.001380 0.144195 0.854277 0.000068
3 3 0.000137 0.001429 0.095463 0.902886 0.000085
3 3 0.000103 0.001111 0.080350 0.918367 0.000068
3 3 0.000047 0.000565 0.059803 0.939561 0.000022
3 3 0.000104 0.000911 0.057874 0.941051 0.000060
3 3 0.000076 0.001837 0.224830 0.773162 0.000094
3 3 0.000129 0.003007 0.286230 0.710427 0.000207
2 -1 0.041339 0.111926 0.710999 0.132515 0.003221
2 0 0.019593 0.066683 0.620443 0.290489 0.002792
2 0 0.089207 0.200777 0.646441 0.059793 0.003782
2 0 0.209291 0.315404 0.465879 0.008766 0.000660
2 0 0.062369 0.272354 0.653544 0.009747 0.001985
2 0 0.192929 0.187006 0.589120 0.029493 0.001452
2 1 0.055745 0.261836 0.674166 0.006559 0.001693
2 1 0.018022 0.168183 0.802521 0.006566 0.004708
2 1 0.010882 0.190572 0.794646 0.001157 0.002743
2 1 0.001447 0.034843 0.952829 0.010107 0.000774
2 1 0.000642 0.184095 0.812951 0.000004 0.002308
2 0 0.000342 0.081765 0.917118 0.000011 0.000765
1 1 0.083606 0.459342 0.452620 0.001157 0.003275
2 2 0.001113 0.233912 0.760379 0.000007 0.004589
2 2 0.000754 0.124457 0.872531 0.000004 0.002254
2 2 0.001436 0.359578 0.630465 0.000001 0.008520
2 2 0.000406 0.119446 0.878900 0.000001 0.001248
2 2 0.000225 0.066724 0.932588 0.000007 0.000456
2 2 0.000817 0.089567 0.907398 0.000001 0.002216
2 2 0.000448 0.182881 0.815032 0.000002 0.001638
2 2 0.000334 0.036706 0.962122 0.000182 0.000656
2 2 0.000143 0.022171 0.977182 0.000155 0.000349
2 2 0.000373 0.027343 0.971003 0.000658 0.000623
2 2 0.000675 0.028296 0.967212 0.003214 0.000603
2 2 0.017682 0.128629 0.846154 0.006650 0.000886
2 2 0.000364 0.017018 0.977739 0.004707 0.000172
2 3 0.002980 0.105575 0.888899 0.000594 0.001952
2 3 0.000372 0.016489 0.971889 0.010978 0.000271
2 3 0.149044 0.233896 0.608047 0.008955 0.000058
2 2 0.001614 0.038617 0.952855 0.006179 0.000736
2 2 0.003671 0.205769 0.776528 0.000247 0.013786
2 2 0.006118 0.112870 0.841379 0.000074 0.039560
2 3 0.001636 0.124978 0.868820 0.000091 0.004475
2 2 0.003808 0.200682 0.781684 0.000155 0.013670
2 2 0.003638 0.275817 0.704431 0.000081 0.016033
2 4 0.004520 0.170488 0.807837 0.000046 0.017108
2 4 0.010857 0.220444 0.680292 0.000510 0.087898
2 4 0.008934 0.380830 0.553765 0.000018 0.056453
2 4 0.007195 0.409575 0.537766 0.000037 0.045426
2 4 0.006148 0.344128 0.614953 0.000019 0.034753
1 4 0.022516 0.432554 0.208906 0.000000 0.336024
1 4 0.025338 0.374308 0.291652 0.000000 0.308702
1 4 0.017459 0.464265 0.289194 0.000000 0.229083
1 4 0.017961 0.466254 0.298033 0.000000 0.217752
1 4 0.014078 0.557464 0.231495 0.000000 0.196963
1 4 0.010071 0.545002 0.318503 0.000000 0.126425
1 4 0.024816 0.418983 0.203080 0.000000 0.353120
1 4 0.025592 0.428912 0.200473 0.000000 0.345022
1 4 0.023319 0.423429 0.227775 0.000000 0.325477
1 4 0.021031 0.432394 0.273613 0.000000 0.272962
1 4 0.026157 0.421032 0.174264 0.000000 0.378547
1 4 0.023986 0.424754 0.130993 0.000000 0.420267
4 4 0.027812 0.357227 0.096427 0.000000 0.518535
1 4 0.027186 0.401145 0.173617 0.000000 0.398052
4 4 0.029478 0.373810 0.119838 0.000000 0.476875
4 4 0.032278 0.354318 0.213128 0.000000 0.400277
4 4 0.030451 0.355065 0.167090 0.000000 0.447393
4 4 0.031923 0.344276 0.140621 0.000000 0.483180
1 4 0.023425 0.427456 0.144345 0.000000 0.404774
4 4 0.027379 0.383555 0.173958 0.000000 0.415109
1 4 0.011127 0.538662 0.318833 0.000000 0.131378
2 4 0.015132 0.415769 0.418839 0.000000 0.150259
1 1 0.024961 0.387775 0.359761 0.000002 0.227502
1 4 0.011826 0.598673 0.247311 0.000003 0.142188
1 4 0.016031 0.460598 0.352446 0.000000 0.170924
1 4 0.012871 0.601054 0.220266 0.000002 0.165808
1 4 0.020474 0.481348 0.234382 0.000000 0.263795
1 4 0.015657 0.550795 0.187227 0.000000 0.246320
1 4 0.028261 0.403993 0.230927 0.000001 0.336818
1 4 0.015036 0.495225 0.331617 0.000001 0.158121
2 4 0.021798 0.384767 0.394597 0.000000 0.198837
1 4 0.029751 0.384899 0.230264 0.000000 0.355087
1 4 0.022438 0.400086 0.340265 0.000000 0.237211
1 4 0.024446 0.397000 0.322132 0.000000 0.256422
1 4 0.020864 0.438161 0.314186 0.000000 0.226788
1 4 0.022992 0.404358 0.306433 0.000000 0.266218
1 4 0.025459 0.381829 0.318214 0.000000 0.274498
1 4 0.021904 0.347927 0.329876 0.000000 0.300293
1 4 0.027177 0.392165 0.268653 0.000000 0.312005
1 1 0.015709 0.533085 0.230023 0.000000 0.221183
1 1 0.042266 0.808065 0.137146 0.000019 0.012504
2 1 0.001342 0.292002 0.699211 0.000000 0.007445
2 2 0.004657 0.246808 0.720792 0.000000 0.027742
2 2 0.004429 0.218840 0.754476 0.000000 0.022255
2 2 0.005324 0.270476 0.691771 0.000000 0.032428
2 2 0.006109 0.206164 0.755840 0.000000 0.031887
2 1 0.004506 0.430795 0.528151 0.000000 0.036547
1 1 0.037102 0.548651 0.371190 0.000022 0.043035
2 1 0.001386 0.332448 0.657652 0.000000 0.008513
2 1 0.001761 0.176777 0.813761 0.000000 0.007702
2 1 0.000418 0.097559 0.900880 0.000001 0.001143
2 1 0.001044 0.087128 0.909487 0.000037 0.002303
2 2 0.000480 0.126193 0.871872 0.000002 0.001453
2 2 0.000483 0.062316 0.936118 0.000001 0.001082
2 2 0.000322 0.081646 0.917221 0.000001 0.000810
2 2 0.000734 0.033576 0.964077 0.000106 0.001508
2 2 0.007810 0.231294 0.758074 0.000279 0.002543
2 1 0.001979 0.207936 0.782655 0.000036 0.007394
2 1 0.000637 0.211742 0.785097 0.000003 0.002521
2 1 0.001085 0.157149 0.837640 0.000000 0.004125
2 2 0.002554 0.166776 0.820173 0.000066 0.010431
2 2 0.002520 0.180324 0.807193 0.000130 0.009834
2 2 0.001122 0.075636 0.918450 0.000183 0.004608
2 1 0.000917 0.093237 0.902171 0.000192 0.003484
2 1 0.004665 0.203299 0.771136 0.000361 0.020539
2 2 0.001819 0.100803 0.887506 0.000112 0.009761
2 2 0.002881 0.135076 0.848137 0.001044 0.012862
2 2 0.000130 0.014726 0.981785 0.002679 0.000680
2 2 0.003000 0.176508 0.809687 0.000091 0.010714
2 2 0.001746 0.071413 0.913139 0.000068 0.013634
2 2 0.001942 0.080364 0.896186 0.006322 0.015186
2 2 0.002113 0.089360 0.889636 0.003177 0.015715
2 3 0.003848 0.077205 0.887375 0.016692 0.014880
2 2 0.003269 0.102423 0.865407 0.007814 0.021087
2 2 0.008938 0.211685 0.736372 0.002693 0.040312
2 3 0.000790 0.035702 0.950405 0.006837 0.006266
2 2 0.011139 0.177764 0.763382 0.007213 0.040501
2 2 0.006908 0.193771 0.762183 0.002458 0.034679
2 2 0.002634 0.101064 0.873184 0.005187 0.017931
2 2 0.010258 0.192895 0.747201 0.005321 0.044324
2 2 0.003540 0.056190 0.868064 0.063655 0.008552
2 3 0.001892 0.047163 0.915331 0.028914 0.006699
2 2 0.000601 0.021746 0.882892 0.091490 0.003270
2 2 0.001240 0.041914 0.920105 0.027433 0.009308
2 2 0.003469 0.057555 0.874956 0.054964 0.009057
2 2 0.001495 0.033986 0.889983 0.070830 0.003705
2 2 0.000916 0.032408 0.910837 0.048902 0.006938
2 2 0.005201 0.071708 0.848170 0.060381 0.014539
2 2 0.001080 0.029617 0.899433 0.066448 0.003422
2 3 0.001627 0.030577 0.838300 0.126496 0.003001
2 2 0.001753 0.026108 0.750275 0.219771 0.002093
2 2 0.006710 0.070360 0.834881 0.079407 0.008643
2 2 0.001927 0.038397 0.908974 0.047966 0.002736
2 2 0.002610 0.043125 0.884314 0.066357 0.003594
2 2 0.001541 0.030189 0.884085 0.082298 0.001886
2 2 0.001746 0.035386 0.915325 0.045538 0.002005
2 2 0.000699 0.018408 0.876751 0.103266 0.000875
2 2 0.001843 0.033293 0.907450 0.055969 0.001446
2 2 0.000780 0.022060 0.908981 0.066919 0.001260
2 3 0.000438 0.014151 0.905879 0.079105 0.000427
2 3 0.000228 0.009691 0.899596 0.090225 0.000261
2 2 0.000475 0.011767 0.819716 0.167761 0.000281
2 3 0.001153 0.023548 0.876730 0.097543 0.001026
2 3 0.001018 0.020408 0.853659 0.124136 0.000780
2 3 0.000984 0.017989 0.807878 0.172536 0.000612
2 3 0.000492 0.013133 0.871813 0.114260 0.000302
2 3 0.000855 0.020273 0.880417 0.097574 0.000881
2 3 0.000067 0.004272 0.824895 0.170674 0.000091
2 3 0.001886 0.029038 0.865997 0.101974 0.001104
2 3 0.000034 0.002776 0.837772 0.159383 0.000034
2 3 0.000175 0.005577 0.765581 0.228605 0.000062
2 3 0.001353 0.018190 0.717436 0.262431 0.000589
2 3 0.001108 0.012383 0.515824 0.470238 0.000447
2 3 0.000478 0.013013 0.846722 0.139389 0.000398
2 3 0.000217 0.006623 0.680238 0.312727 0.000195
2 3 0.000251 0.008168 0.766622 0.224708 0.000250
2 3 0.000488 0.010059 0.735122 0.254132 0.000199
2 3 0.000176 0.006238 0.721024 0.272390 0.000172
2 3 0.000249 0.006960 0.619930 0.372569 0.000292
2 3 0.000870 0.013265 0.653606 0.331817 0.000442
2 3 0.000258 0.006674 0.630445 0.362433 0.000189
2 3 0.000108 0.004339 0.643646 0.351787 0.000119
2 3 0.000063 0.003526 0.689439 0.306873 0.000099
2 3 0.000754 0.011121 0.590140 0.397631 0.000353
2 3 0.000099 0.003923 0.577790 0.418056 0.000132
3 3 0.000087 0.001977 0.250494 0.747371 0.000072
3 3 0.000407 0.006783 0.439210 0.553303 0.000297
2 3 0.000061 0.002938 0.579880 0.417043 0.000078
3 3 0.000118 0.003833 0.483744 0.512150 0.000154
2 3 0.000176 0.004585 0.507500 0.487606 0.000133
3 3 0.000484 0.008028 0.416747 0.574084 0.000658
3 3 0.001199 0.009748 0.287931 0.700313 0.000809
3 3 0.000730 0.008896 0.355408 0.634189 0.000777
3 3 0.000447 0.006245 0.314326 0.678479 0.000504
3 3 0.000368 0.005104 0.277213 0.716929 0.000386
3 3 0.000661 0.007763 0.315370 0.675525 0.000681
3 3 0.001336 0.012837 0.370600 0.613936 0.001291
3 3 0.000238 0.004411 0.320844 0.674220 0.000287
3 3 0.001200 0.011841 0.358932 0.626850 0.001178
3 3 0.000687 0.008847 0.370258 0.619456 0.000753
3 3 0.000261 0.003702 0.215409 0.780301 0.000326
3 3 0.000594 0.004361 0.143257 0.851355 0.000434
3 3 0.000621 0.006526 0.253852 0.738390 0.000611
3 3 0.000465 0.003794 0.142217 0.853165 0.000358
3 3 0.000154 0.002908 0.211338 0.785282 0.000319
3 3 0.000261 0.003068 0.171781 0.824662 0.000228
3 3 0.000529 0.005750 0.251834 0.741449 0.000438
3 3 0.000247 0.004824 0.330636 0.663886 0.000408
3 3 0.000354 0.005178 0.262288 0.731607 0.000574
3 3 0.000564 0.007255 0.323930 0.667634 0.000617
3 3 0.000713 0.005668 0.202404 0.790814 0.000400
3 3 0.000286 0.003495 0.201563 0.794428 0.000227
3 3 0.000580 0.004439 0.182468 0.812294 0.000219
3 3 0.000135 0.001449 0.100772 0.897564 0.000080
3 3 0.000565 0.004745 0.183750 0.810593 0.000346
3 3 0.000351 0.004658 0.285670 0.709099 0.000222
3 3 0.000375 0.002790 0.131588 0.865123 0.000124
3 3 0.001870 0.013646 0.345060 0.638410 0.001015
3 3 0.000149 0.002419 0.231307 0.766045 0.000080
3 3 0.000350 0.004150 0.215469 0.779727 0.000305
3 3 0.000658 0.005863 0.207239 0.785678 0.000562
3 3 0.000522 0.003896 0.138556 0.856685 0.000341
3 3 0.001563 0.008775 0.202859 0.786058 0.000745
3 3 0.000420 0.004544 0.202485 0.792138 0.000413
3 3 0.001216 0.009621 0.281195 0.707184 0.000784
3 3 0.000433 0.003895 0.156047 0.839257 0.000367
3 3 0.000988 0.006251 0.177606 0.814663 0.000492
3 3 0.001920 0.008580 0.159520 0.829099 0.000881
3 3 0.000348 0.003256 0.137315 0.858742 0.000339
3 3 0.000960 0.007672 0.239816 0.750907 0.000645
3 3 0.000281 0.003482 0.221165 0.774906 0.000166
2 3 0.000672 0.010958 0.520722 0.466888 0.000759
3 3 0.000291 0.004079 0.279982 0.715477 0.000172
3 3 0.000141 0.002547 0.220128 0.777032 0.000152
3 3 0.000371 0.005029 0.283766 0.710517 0.000316
3 3 0.000946 0.009069 0.325185 0.664184 0.000615
3 3 0.000883 0.004502 0.120895 0.873387 0.000334
3 3 0.000442 0.005156 0.250102 0.743932 0.000367
3 3 0.000410 0.005301 0.311423 0.682628 0.000237
3 3 0.000107 0.001977 0.204228 0.793603 0.000086
2 3 0.000580 0.010212 0.544913 0.443699 0.000596
3 3 0.003119 0.020870 0.485369 0.489708 0.000934
2 3 0.001096 0.015894 0.658080 0.324221 0.000709
2 3 0.005258 0.043848 0.748816 0.199429 0.002648
2 3 0.003618 0.026731 0.561874 0.406235 0.001542
2 2 0.023674 0.088386 0.807321 0.079220 0.001399
2 3 0.009357 0.070269 0.860201 0.057702 0.002471
2 3 0.001533 0.026871 0.889108 0.081585 0.000903
2 3 0.002419 0.036571 0.907398 0.052484 0.001128
2 2 0.001359 0.023887 0.891729 0.082428 0.000596
2 2 0.001439 0.126763 0.867787 0.000104 0.003908
2 2 0.019940 0.311459 0.657679 0.001148 0.009774
2 3 0.004657 0.233217 0.743882 0.000270 0.017973
2 2 0.001851 0.084643 0.908931 0.000696 0.003879
2 3 0.001965 0.165562 0.826075 0.000069 0.006328
2 2 0.003228 0.128539 0.858962 0.000763 0.008507
2 2 0.005963 0.202019 0.783704 0.000492 0.007822
2 2 0.001853 0.160475 0.831803 0.000093 0.005776
2 2 0.006324 0.239341 0.745012 0.000316 0.009007
2 2 0.002335 0.181944 0.807511 0.000041 0.008169
2 2 0.003059 0.173285 0.813606 0.000255 0.009795
2 2 0.006653 0.178458 0.791267 0.000140 0.023482
2 2 0.003914 0.238661 0.741801 0.000162 0.015461
2 2 0.004959 0.211481 0.765305 0.000441 0.017815
2 2 0.003093 0.145073 0.840094 0.000106 0.011633
2 2 0.002106 0.165413 0.824775 0.000142 0.007565
2 2 0.001149 0.094455 0.899801 0.000317 0.004278
2 2 0.001946 0.087418 0.903422 0.001256 0.005959
2 4 0.003772 0.273722 0.705907 0.000092 0.016507
2 4 0.006706 0.339466 0.616836 0.000032 0.036960
1 4 0.021907 0.430324 0.280678 0.000000 0.267091
1 4 0.020427 0.501500 0.176321 0.000000 0.301751
4 4 0.041043 0.290913 0.246368 0.000001 0.421674
1 4 0.023748 0.440597 0.197476 0.000000 0.338178
1 4 0.022592 0.421936 0.279905 0.000000 0.275566
1 4 0.017156 0.452905 0.329072 0.000000 0.200867
1 4 0.020756 0.506716 0.187086 0.000001 0.285441
1 4 0.024804 0.394263 0.295656 0.000000 0.285277
1 4 0.022949 0.422007 0.287857 0.000000 0.267186
1 4 0.023999 0.402475 0.304091 0.000000 0.269434
4 4 0.025441 0.424572 0.124328 0.000000 0.425660
4 1 0.030779 0.329895 0.112745 0.000000 0.526581
1 4 0.042205 0.590134 0.128559 0.000002 0.239099
4 4 0.032371 0.297429 0.087734 0.000000 0.582466
4 4 0.035036 0.321589 0.097314 0.000001 0.546060
1 4 0.020676 0.484153 0.145176 0.000000 0.349994
4 4 0.030759 0.370152 0.124997 0.000000 0.474092
4 4 0.030282 0.349392 0.120113 0.000000 0.500213
4 4 0.028853 0.381222 0.154573 0.000000 0.435352
1 4 0.013811 0.608449 0.107266 0.000000 0.270474
4 4 0.029096 0.334749 0.063046 0.000000 0.573109
4 4 0.027539 0.307439 0.035147 0.000002 0.629873
4 4 0.029554 0.328174 0.057926 0.000001 0.584345
4 4 0.031771 0.291571 0.055490 0.000000 0.621167
4 4 0.030967 0.284031 0.042820 0.000001 0.642181
4 4 0.033132 0.294517 0.062021 0.000001 0.610330
4 4 0.039084 0.186394 0.039518 0.000001 0.735004
4 4 0.029165 0.328977 0.061759 0.000000 0.580098
4 4 0.029965 0.321687 0.067922 0.000000 0.580426
4 4 0.028108 0.319029 0.041188 0.000002 0.611673
4 4 0.029526 0.374500 0.101221 0.000000 0.494753
1 4 0.017218 0.498634 0.056596 0.000000 0.427552
4 4 0.024918 0.419177 0.111152 0.000000 0.444753
4 4 0.023080 0.423579 0.074664 0.000000 0.478677
1 4 0.022736 0.465399 0.173994 0.000000 0.337871
1 4 0.019113 0.507929 0.120278 0.000000 0.352680
4 4 0.025069 0.423579 0.119470 0.000000 0.431881
4 4 0.025292 0.352356 0.065055 0.000000 0.557296
4 4 0.027214 0.387719 0.109607 0.000000 0.475461
4 4 0.046947 0.103931 0.029589 0.000000 0.819533
4 4 0.036147 0.254186 0.014678 0.000005 0.694983
4 4 0.032578 0.128760 0.010775 0.000003 0.827885
4 4 0.031507 0.129134 0.010565 0.000003 0.828790
4 4 0.067635 0.016753 0.006248 0.000005 0.909358
4 4 0.070668 0.014343 0.006741 0.000007 0.908242
4 4 0.053284 0.113060 0.015623 0.000012 0.818021
4 4 0.039426 0.084688 0.010553 0.000004 0.865328
4 4 0.053206 0.203203 0.014764 0.000007 0.728820
4 4 0.042334 0.170330 0.013053 0.000005 0.774277
4 4 0.038107 0.088196 0.010281 0.000004 0.863412
4 4 0.037535 0.054564 0.006296 0.000001 0.901603
4 4 0.049583 0.047570 0.009623 0.000005 0.893219
4 4 0.055405 0.037256 0.009536 0.000007 0.897796
4 4 0.030196 0.132060 0.010404 0.000002 0.827338
4 4 0.037319 0.058708 0.006879 0.000001 0.897093
4 4 0.033348 0.129274 0.011819 0.000004 0.825554
4 4 0.029485 0.136890 0.009970 0.000002 0.823653
4 4 0.029917 0.145323 0.011929 0.000001 0.812830
4 4 0.026359 0.188308 0.011580 0.000003 0.773750
4 4 0.023595 0.177582 0.008692 0.000001 0.790131
4 4 0.027100 0.360862 0.216009 0.000000 0.396030
1 4 0.025456 0.392139 0.205036 0.000000 0.377368
1 4 0.026293 0.351667 0.313820 0.000000 0.308221
1 4 0.022489 0.418867 0.245556 0.000000 0.313088
1 4 0.015890 0.528361 0.164139 0.000000 0.291610
1 4 0.011795 0.573534 0.212019 0.000000 0.202651
1 4 0.023840 0.386976 0.291491 0.000000 0.297693
1 4 0.019978 0.491315 0.172616 0.000000 0.316091
1 4 0.022984 0.421611 0.189097 0.000000 0.366308
1 4 0.022706 0.416099 0.251714 0.000000 0.309480
4 4 0.031799 0.330420 0.214353 0.000000 0.423428
1 4 0.023324 0.417341 0.180471 0.000000 0.378865
1 4 0.023736 0.435677 0.119088 0.000000 0.421499
1 4 0.018426 0.485429 0.147620 0.000000 0.348525
4 4 0.028143 0.359132 0.199595 0.000000 0.413129
1 4 0.016198 0.528719 0.156710 0.000000 0.298373
1 4 0.013135 0.543101 0.250987 0.000000 0.192777
1 4 0.011242 0.576089 0.247849 0.000000 0.164821
1 4 0.024437 0.397032 0.253484 0.000000 0.325048
1 4 0.019737 0.454019 0.281954 0.000000 0.244289
2 4 0.011841 0.426081 0.465123 0.000001 0.096953
2 2 0.007957 0.361020 0.570587 0.000000 0.060436
2 2 0.007846 0.407871 0.521843 0.000000 0.062440
2 2 0.008391 0.273036 0.667728 0.000000 0.050845
2 2 0.007293 0.147091 0.806644 0.000000 0.038972
2 2 0.003990 0.113959 0.861620 0.000000 0.020430
2 2 0.004044 0.149020 0.826343 0.000001 0.020592
2 2 0.007639 0.316112 0.625436 0.000000 0.050813
2 2 0.003301 0.096236 0.886318 0.000000 0.014144
2 2 0.008041 0.216130 0.733851 0.000000 0.041979
2 2 0.007778 0.212807 0.739190 0.000000 0.040225
2 2 0.005025 0.436683 0.519281 0.000001 0.039010
2 2 0.004783 0.190430 0.782664 0.000000 0.022122
2 2 0.005157 0.121800 0.844107 0.000000 0.028936
2 2 0.005600 0.337568 0.622779 0.000002 0.034051
2 2 0.009784 0.237270 0.695822 0.000000 0.057123
2 2 0.007845 0.207327 0.738628 0.000000 0.046200
2 2 0.002614 0.259464 0.725626 0.000005 0.012292
2 2 0.008161 0.276773 0.669473 0.000002 0.045591
2 2 0.002405 0.065976 0.911734 0.000000 0.019884
2 2 0.004809 0.200613 0.772496 0.000010 0.022072
2 2 0.004444 0.135958 0.845450 0.000035 0.014113
2 2 0.004495 0.177706 0.797947 0.000002 0.019849
2 2 0.004206 0.128631 0.834256 0.000003 0.032904
2 2 0.000920 0.034127 0.958242 0.000004 0.006707
2 2 0.005431 0.241935 0.726832 0.000005 0.025797
2 2 0.003522 0.135105 0.841381 0.000002 0.019990
2 2 0.001761 0.234599 0.756285 0.000012 0.007343
2 2 0.003843 0.123246 0.852361 0.000001 0.020548
2 2 0.003007 0.125562 0.859029 0.000001 0.012402
2 2 0.002043 0.096916 0.894825 0.000001 0.006216
2 2 0.002168 0.096263 0.894244 0.000000 0.007325
2 2 0.001060 0.120490 0.874856 0.000000 0.003594
2 2 0.002421 0.214228 0.772425 0.000001 0.010925
2 2 0.001177 0.092895 0.902342 0.000000 0.003585
2 2 0.000680 0.096198 0.901234 0.000001 0.001887
2 2 0.001471 0.127893 0.865417 0.000000 0.005219
2 2 0.000552 0.113165 0.884608 0.000001 0.001674
2 2 0.001548 0.073377 0.920381 0.000000 0.004694
2 2 0.001611 0.079008 0.914754 0.000000 0.004627
2 2 0.001390 0.116439 0.877862 0.000002 0.004307
2 2 0.000778 0.100480 0.896587 0.000002 0.002153
2 2 0.001221 0.144742 0.850359 0.000045 0.003634
2 2 0.001173 0.197186 0.797138 0.000005 0.004498
2 4 0.001229 0.182650 0.811549 0.000004 0.004568
2 2 0.001980 0.208470 0.781677 0.000009 0.007863
2 2 0.008329 0.331905 0.650074 0.000155 0.009536
2 2 0.000773 0.131443 0.865550 0.000019 0.002215
2 2 0.001816 0.175484 0.816580 0.000053 0.006066
2 2 0.000565 0.093869 0.904040 0.000001 0.001525
2 2 0.000529 0.132557 0.865297 0.000003 0.001615
2 2 0.001119 0.145375 0.849629 0.000001 0.003876
2 2 0.000901 0.104243 0.892133 0.000001 0.002723
2 2 0.000895 0.112153 0.884091 0.000000 0.002861
2 2 0.001217 0.132997 0.861797 0.000002 0.003987
2 2 0.000975 0.138006 0.857773 0.000002 0.003245
2 2 0.000454 0.056503 0.942131 0.000004 0.000908
2 2 0.000830 0.110077 0.886547 0.000001 0.002545
2 2 0.000813 0.131067 0.865399 0.000001 0.002720
2 2 0.001245 0.140327 0.854685 0.000032 0.003711
2 2 0.000273 0.059510 0.939687 0.000016 0.000513
2 2 0.000571 0.092531 0.905485 0.000009 0.001404
2 2 0.000287 0.053833 0.945347 0.000025 0.000507
2 2 0.000585 0.141553 0.856012 0.000003 0.001846
2 2 0.015844 0.230437 0.747219 0.001636 0.004864
2 2 0.000867 0.124752 0.871794 0.000005 0.002582
2 3 0.000423 0.144541 0.853673 0.000002 0.001360
2 2 0.006254 0.145224 0.844642 0.001038 0.002841
2 3 0.002400 0.197217 0.790256 0.000002 0.010125
2 3 0.001304 0.118817 0.875734 0.000001 0.004143
2 3 0.001631 0.106134 0.890374 0.000159 0.001702
2 3 0.000302 0.062836 0.936187 0.000001 0.000675
2 3 0.000720 0.114868 0.882240 0.000001 0.002170
2 2 0.000314 0.073930 0.925046 0.000003 0.000708
2 2 0.000596 0.132700 0.864850 0.000002 0.001851
2 2 0.000816 0.075622 0.921779 0.000102 0.001680
2 2 0.000281 0.062740 0.936422 0.000015 0.000542
2 2 0.000927 0.064162 0.932699 0.000001 0.002211
2 2 0.000324 0.094948 0.903916 0.000004 0.000808
2 2 0.000406 0.058788 0.939950 0.000002 0.000854
2 2 0.001367 0.162896 0.831329 0.000041 0.004367
2 2 0.002024 0.200474 0.790162 0.000056 0.007284
2 2 0.002238 0.172468 0.817062 0.000007 0.008225
2 2 0.000538 0.061553 0.936504 0.000046 0.001358
2 2 0.002420 0.161657 0.828259 0.000177 0.007485
2 2 0.000856 0.072082 0.924139 0.000028 0.002895
2 2 0.001043 0.069951 0.925371 0.000018 0.003618
2 1 0.011279 0.213223 0.727216 0.000047 0.048235
2 2 0.005850 0.257210 0.729660 0.000181 0.007099
2 2 0.001439 0.138773 0.855571 0.000078 0.004138
2 2 0.001510 0.107631 0.886966 0.000197 0.003697
2 2 0.004036 0.275105 0.702611 0.000057 0.018191
2 2 0.001588 0.097077 0.895244 0.000018 0.006072
2 2 0.004963 0.272093 0.701357 0.000185 0.021402
2 2 0.001778 0.073991 0.910536 0.000024 0.013671
2 2 0.001215 0.094311 0.898325 0.000017 0.006132
2 2 0.002290 0.164621 0.825760 0.000145 0.007184
2 2 0.001455 0.104800 0.887298 0.000264 0.006183
2 2 0.002769 0.135644 0.851299 0.000173 0.010113
2 2 0.002397 0.180652 0.808563 0.000044 0.008343
2 2 0.000426 0.025764 0.962175 0.008966 0.002669
2 2 0.002482 0.086966 0.897682 0.003384 0.009487
2 2 0.000268 0.022220 0.970769 0.004571 0.002173
2 2 0.001084 0.044469 0.942790 0.006925 0.004732
2 2 0.001133 0.062151 0.925731 0.002854 0.008130
2 2 0.000890 0.035424 0.945861 0.013729 0.004095
2 2 0.009056 0.192925 0.765403 0.002660 0.029956
2 2 0.002672 0.153307 0.832817 0.000432 0.010772
2 2 0.002872 0.097673 0.883429 0.003688 0.012337
2 2 0.000235 0.019258 0.972693 0.006281 0.001533
2 2 0.012865 0.267162 0.664289 0.002019 0.053665
2 2 0.001721 0.076900 0.908405 0.003677 0.009297
2 2 0.001469 0.047290 0.924581 0.018141 0.008519
2 2 0.013300 0.262847 0.666753 0.002317 0.054783
2 2 0.005071 0.149198 0.820385 0.002877 0.022468
2 2 0.002983 0.081327 0.890222 0.010575 0.014893
2 2 0.002161 0.055501 0.901313 0.027796 0.013229
2 2 0.005469 0.135610 0.827846 0.005583 0.025493
2 3 0.010330 0.181476 0.759989 0.006409 0.041796
2 3 0.008636 0.139669 0.805533 0.011992 0.034169
2 3 0.002254 0.042671 0.923378 0.029472 0.002225
2 3 0.001013 0.039277 0.950865 0.006048 0.002798
2 3 0.001011 0.036779 0.947150 0.011809 0.003251
2 3 0.023781 0.120484 0.814320 0.037041 0.004374
2 2 0.005531 0.073180 0.906323 0.011953 0.003013
2 2 0.005114 0.095438 0.891623 0.004397 0.003428
2 2 0.001175 0.038552 0.951093 0.007241 0.001938
2 2 0.000664 0.037246 0.958038 0.002635 0.001418
2 2 0.002219 0.046838 0.941649 0.007954 0.001342
2 2 0.000222 0.020451 0.976656 0.001834 0.000838
2 2 0.001295 0.036689 0.958947 0.002644 0.000426
2 2 0.001203 0.056687 0.940954 0.000450 0.000705
2 2 0.000888 0.029325 0.966388 0.003050 0.000349
2 2 0.002035 0.056087 0.939834 0.001341 0.000703
2 2 0.003349 0.062585 0.929233 0.003525 0.001307
2 2 0.000522 0.023006 0.972479 0.003635 0.000358
2 2 0.000449 0.021072 0.973860 0.004269 0.000350
2 2 0.000349 0.022197 0.976401 0.000680 0.000374
2 2 0.002145 0.039426 0.951621 0.006402 0.000406
2 2 0.000978 0.030681 0.964355 0.003576 0.000410
2 2 0.001223 0.039672 0.957764 0.001012 0.000329
2 2 0.000565 0.032715 0.965593 0.000552 0.000576
2 2 0.000228 0.028020 0.971372 0.000100 0.000280
2 2 0.000631 0.055576 0.942537 0.000166 0.001089
2 2 0.000237 0.018552 0.980744 0.000354 0.000113
2 2 0.000185 0.028671 0.970854 0.000055 0.000234
2 2 0.000152 0.016785 0.982543 0.000333 0.000187
2 2 0.000578 0.048712 0.949902 0.000163 0.000644
2 2 0.000331 0.024736 0.974388 0.000298 0.000248
2 2 0.000235 0.024713 0.974628 0.000156 0.000268
2 2 0.000233 0.021195 0.977344 0.000734 0.000494
2 2 0.000237 0.015265 0.981450 0.002866 0.000181
2 3 0.001815 0.045252 0.949650 0.002566 0.000717
2 2 0.000534 0.023505 0.972460 0.003158 0.000343
2 2 0.000879 0.034446 0.962875 0.001303 0.000497
2 3 0.000952 0.031186 0.964522 0.002925 0.000414
2 3 0.000615 0.021435 0.969439 0.008220 0.000292
2 2 0.003482 0.085933 0.907858 0.001344 0.001382
2 2 0.000637 0.025969 0.970887 0.002207 0.000301
2 2 0.000291 0.017096 0.979478 0.002917 0.000218
2 3 0.001551 0.076368 0.919435 0.000503 0.002143
2 2 0.004124 0.083327 0.906948 0.002969 0.002633
2 2 0.006445 0.257085 0.727689 0.000243 0.008539
2 2 0.029097 0.353275 0.610067 0.001141 0.006419
2 2 0.001154 0.081139 0.915054 0.000240 0.002413
2 2 0.001438 0.142152 0.852139 0.000072 0.004199
2 2 0.002701 0.190671 0.797220 0.000136 0.009272
2 2 0.007717 0.220521 0.764465 0.000550 0.006747
2 2 0.000592 0.086874 0.911162 0.000036 0.001335
2 2 0.000442 0.034596 0.963458 0.000575 0.000929
2 2 0.002161 0.178411 0.812162 0.000097 0.007169
2 2 0.004538 0.277022 0.697636 0.000055 0.020749
2 2 0.004726 0.191219 0.785801 0.000025 0.018230
2 2 0.002014 0.136230 0.855911 0.000149 0.005695
2 3 0.003458 0.183536 0.799574 0.000042 0.013390
2 2 0.001287 0.115311 0.878725 0.000171 0.004506
2 2 0.003697 0.201761 0.778970 0.000190 0.015382
2 2 0.002357 0.118454 0.867889 0.000036 0.011264
2 2 0.004159 0.240864 0.737989 0.000109 0.016879
2 2 0.003118 0.202865 0.782766 0.000159 0.011092
1 4 0.014644 0.467289 0.362393 0.000000 0.155674
2 4 0.014944 0.370751 0.492905 0.000000 0.121400
2 4 0.022028 0.360811 0.394006 0.000000 0.223154
1 4 0.019951 0.497473 0.222026 0.000000 0.260549
1 4 0.019673 0.448536 0.310173 0.000000 0.221618
4 4 0.030821 0.379907 0.153829 0.000000 0.435442
1 1 0.024400 0.442739 0.196733 0.000000 0.336128
1 4 0.106686 0.553975 0.140167 0.000006 0.199165
1 4 0.019782 0.402998 0.382778 0.000000 0.194442
4 4 0.031414 0.351205 0.241211 0.000000 0.376170
4 4 0.043831 0.316308 0.095187 0.000002 0.544672
4 4 0.027693 0.404895 0.091983 0.000001 0.475428
4 4 0.034799 0.301829 0.081559 0.000001 0.581813
4 4 0.043160 0.413504 0.059222 0.000008 0.484107
4 4 0.038501 0.278300 0.088583 0.000001 0.594616
4 4 0.038553 0.281721 0.091627 0.000001 0.588098
4 4 0.042376 0.428932 0.070087 0.000013 0.458592
4 4 0.042541 0.249815 0.075040 0.000004 0.632600
4 4 0.041394 0.439014 0.071351 0.000003 0.448239
4 4 0.038969 0.295988 0.096910 0.000002 0.568131
4 4 0.022995 0.418143 0.055294 0.000001 0.503568
4 4 0.043617 0.244249 0.078453 0.000004 0.633677
1 4 0.036245 0.618896 0.043158 0.000001 0.301700
4 4 0.030874 0.271642 0.042166 0.000001 0.655317
4 4 0.024734 0.389686 0.059803 0.000000 0.525777
4 4 0.045713 0.281222 0.041836 0.000001 0.631227
4 4 0.026882 0.309972 0.037183 0.000000 0.625963
4 4 0.043552 0.167158 0.038354 0.000002 0.750934
4 4 0.144709 0.299265 0.034207 0.000006 0.521813
4 4 0.045591 0.141130 0.027286 0.000001 0.785993
4 4 0.031648 0.263223 0.039966 0.000001 0.665162
4 4 0.028588 0.311455 0.046166 0.000001 0.613791
4 4 0.065850 0.108128 0.057097 0.000008 0.768916
4 4 0.100898 0.067748 0.032417 0.000004 0.798934
1 4 0.114634 0.539125 0.042355 0.000007 0.303879
4 4 0.033921 0.242707 0.046919 0.000000 0.676453
4 4 0.032950 0.301478 0.063544 0.000001 0.602026
4 4 0.028622 0.337041 0.057285 0.000001 0.577051
4 4 0.034854 0.272836 0.058553 0.000001 0.633755
4 4 0.033144 0.239348 0.040067 0.000000 0.687441
4 4 0.037422 0.227992 0.042004 0.000003 0.692578
4 4 0.038920 0.145982 0.022910 0.000002 0.792187
4 4 0.037863 0.217524 0.043876 0.000001 0.700736
4 4 0.052369 0.081363 0.019141 0.000013 0.847115
4 4 0.037120 0.229963 0.036291 0.000010 0.696616
4 4 0.047768 0.166934 0.030363 0.000003 0.754932
4 4 0.025075 0.404931 0.036821 0.000002 0.533170
4 4 0.037339 0.198941 0.034784 0.000002 0.728935
4 4 0.035884 0.310791 0.021624 0.000001 0.631699
4 4 0.028902 0.246168 0.026502 0.000001 0.698426
1 4 0.013694 0.480460 0.346370 0.000000 0.159477
1 4 0.023122 0.638510 0.163347 0.000000 0.175021
1 1 0.011444 0.462063 0.404556 0.000000 0.121937
1 1 0.051778 0.739418 0.161580 0.000006 0.047218
2 1 0.008407 0.406943 0.508659 0.000000 0.075991
2 1 0.007092 0.386943 0.547308 0.000000 0.058657
2 1 0.008176 0.351342 0.575249 0.000000 0.065234
1 1 0.009024 0.614516 0.343497 0.000000 0.032962
2 1 0.003239 0.297590 0.677240 0.000000 0.021930
2 1 0.005773 0.366677 0.580853 0.000000 0.046697
1 1 0.004891 0.607478 0.328163 0.000000 0.059468
2 1 0.002026 0.270654 0.715697 0.000000 0.011623
2 1 0.002740 0.354803 0.623522 0.000000 0.018935
2 1 0.011721 0.410403 0.465727 0.000000 0.112148
2 1 0.016495 0.317364 0.539696 0.000000 0.126445
2 1 0.007918 0.433898 0.484143 0.000000 0.074041
2 1 0.005586 0.360699 0.588774 0.000000 0.044941
2 1 0.003111 0.416523 0.555272 0.000000 0.025093
2 2 0.001109 0.378752 0.612228 0.000000 0.007911
2 1 0.004988 0.257016 0.707219 0.000000 0.030777
2 2 0.000964 0.203464 0.790831 0.000000 0.004740
2 2 0.001033 0.170721 0.823702 0.000000 0.004544
2 2 0.000588 0.097425 0.900105 0.000000 0.001882
2 2 0.001976 0.228464 0.758831 0.000000 0.010729
2 2 0.000336 0.077015 0.921748 0.000000 0.000901
2 2 0.000605 0.223560 0.772930 0.000000 0.002905
2 2 0.000096 0.058232 0.941460 0.000000 0.000211
2 2 0.000815 0.126434 0.869542 0.000000 0.003209
2 2 0.000348 0.113055 0.885387 0.000000 0.001210
2 2 0.000655 0.139364 0.857393 0.000000 0.002588
2 2 0.000484 0.185865 0.811192 0.000000 0.002460
2 2 0.000228 0.118573 0.880376 0.000000 0.000824
2 2 0.000466 0.107690 0.890012 0.000000 0.001831
2 2 0.000156 0.099965 0.899357 0.000000 0.000522
2 1 0.000067 0.082248 0.917500 0.000000 0.000186
2 1 0.000409 0.242109 0.755232 0.000000 0.002250
2 2 0.001215 0.318078 0.678594 0.000002 0.002110
2 2 0.000218 0.145879 0.853033 0.000000 0.000869
2 1 0.000039 0.057225 0.942652 0.000000 0.000084
2 2 0.001112 0.336033 0.655403 0.000000 0.007452
2 1 0.001095 0.246177 0.747931 0.000004 0.004793
2 0 0.085575 0.441634 0.456931 0.000722 0.015138
1 1 0.235161 0.583203 0.168327 0.000991 0.012318
1 1 0.003002 0.555703 0.414447 0.000001 0.026848
2 1 0.003853 0.387230 0.582099 0.000000 0.026817
2 2 0.003649 0.266785 0.710895 0.000002 0.018669
2 2 0.001311 0.164199 0.829964 0.000008 0.004519
2 2 0.003835 0.290240 0.685049 0.000002 0.020875
2 2 0.002578 0.293375 0.690722 0.000003 0.013321
2 2 0.002244 0.198873 0.789620 0.000003 0.009261
2 2 0.005010 0.237330 0.733604 0.000005 0.024051
2 2 0.005965 0.264318 0.698160 0.000002 0.031556
2 2 0.003433 0.212242 0.770344 0.000016 0.013964
2 2 0.006233 0.210420 0.746426 0.000007 0.036914
2 2 0.003950 0.164185 0.815860 0.000009 0.015996
2 2 0.001743 0.089823 0.899679 0.000067 0.008688
2 2 0.006229 0.337233 0.621710 0.000018 0.034809
2 2 0.001792 0.115075 0.875421 0.000324 0.007388
2 2 0.002674 0.117052 0.866336 0.000004 0.013935
2 2 0.003206 0.108209 0.873779 0.000006 0.014799
2 2 0.002743 0.222864 0.763670 0.000056 0.010667
2 2 0.001506 0.068093 0.920821 0.000039 0.009540
2 2 0.001970 0.118963 0.869527 0.000057 0.009483
2 2 0.001861 0.091994 0.898896 0.000085 0.007164
2 2 0.002059 0.125534 0.864282 0.000127 0.007999
2 2 0.000636 0.060954 0.935897 0.000343 0.002170
2 2 0.000507 0.026858 0.969044 0.000088 0.003504
2 2 0.002746 0.099987 0.884729 0.000020 0.012518
2 2 0.001198 0.079762 0.914099 0.000104 0.004837
2 2 0.000513 0.043589 0.953214 0.000324 0.002360
2 2 0.003116 0.181065 0.801896 0.000297 0.013626
2 2 0.001120 0.065248 0.925205 0.000125 0.008303
2 2 0.001113 0.064700 0.924211 0.000530 0.009446
2 2 0.001659 0.077111 0.910733 0.002681 0.007816
2 2 0.004928 0.175102 0.800047 0.001085 0.018838
2 2 0.001628 0.090932 0.897805 0.001455 0.008181
2 2 0.000715 0.054850 0.938722 0.001458 0.004255
2 2 0.001105 0.050165 0.939974 0.004187 0.004568
2 2 0.000881 0.042867 0.950101 0.000764 0.005387
2 2 0.007068 0.180961 0.787644 0.001787 0.022541
2 2 0.007051 0.090241 0.828762 0.052255 0.021691
2 2 0.001059 0.036453 0.908852 0.044481 0.009156
2 2 0.002077 0.046611 0.885597 0.056376 0.009339
2 2 0.009089 0.094148 0.816424 0.060015 0.020324
2 2 0.001727 0.034677 0.846454 0.112222 0.004921
2 2 0.002609 0.045562 0.851872 0.092434 0.007523
