0 0 0.838291 0.109099 0.036507 0.000026 0.016077
0 0 0.851339 0.107129 0.032231 0.000098 0.009203
0 0 0.841148 0.118354 0.027039 0.000037 0.013422
1 1 0.223615 0.585140 0.172738 0.000211 0.018296
0 1 0.389786 0.298944 0.268036 0.000388 0.042846
2 1 0.119054 0.087630 0.730562 0.000469 0.062285
2 1 0.298652 0.171536 0.460029 0.000669 0.069113
1 1 0.322357 0.369488 0.272732 0.000296 0.035127
2 2 0.084501 0.052397 0.806375 0.000698 0.056029
2 2 0.207054 0.198057 0.534152 0.000683 0.060054
2 2 0.023835 0.025303 0.934154 0.000661 0.016046
2 2 0.050340 0.045669 0.886624 0.000611 0.016757
2 2 0.032860 0.039186 0.915827 0.001798 0.010328
2 2 0.041843 0.047581 0.896009 0.001075 0.013493
2 2 0.014644 0.016700 0.960482 0.001537 0.006637
0 2 0.545296 0.199855 0.243025 0.002169 0.009655
2 2 0.206704 0.380958 0.398945 0.002773 0.010620
2 2 0.281788 0.109936 0.590467 0.001273 0.016537
2 2 0.251340 0.088893 0.643896 0.003000 0.012871
1 2 0.206633 0.530791 0.254211 0.000654 0.007711
2 2 0.072736 0.043306 0.872954 0.009210 0.001794
2 2 0.177616 0.227505 0.585132 0.004744 0.005002
2 2 0.024961 0.016553 0.944859 0.001465 0.012162
2 2 0.025502 0.011536 0.954235 0.004253 0.004474
2 2 0.011127 0.021380 0.959138 0.004633 0.003722
2 2 0.012631 0.005315 0.967662 0.008434 0.005957
2 2 0.027335 0.023138 0.940373 0.005063 0.004091
2 2 0.015377 0.007262 0.965365 0.010098 0.001898
2 2 0.020438 0.012770 0.955454 0.007362 0.003976
2 2 0.029056 0.021492 0.942405 0.003601 0.003446
2 2 0.143837 0.107527 0.720833 0.000311 0.027492
2 2 0.105141 0.039915 0.818029 0.000260 0.036655
2 2 0.078270 0.107467 0.805699 0.001034 0.007529
2 2 0.298997 0.136755 0.551059 0.000638 0.012552
2 2 0.272887 0.334339 0.375087 0.000152 0.017535
0 2 0.532990 0.165228 0.280944 0.000199 0.020640
1 2 0.338388 0.408951 0.234235 0.000340 0.018086
0 2 0.355564 0.286950 0.338946 0.000110 0.018430
1 2 0.356144 0.390715 0.218475 0.000055 0.034612
0 1 0.442485 0.261712 0.278418 0.000128 0.017256
0 1 0.472052 0.361751 0.041028 0.000001 0.125168
0 1 0.535685 0.346976 0.032509 0.000000 0.084830
1 1 0.292838 0.538006 0.026017 0.000000 0.143139
1 1 0.428013 0.517661 0.008810 0.000000 0.045516
1 1 0.330591 0.468959 0.025793 0.000000 0.174657
0 1 0.504719 0.366842 0.031058 0.000000 0.097380
1 1 0.307894 0.595984 0.028898 0.000001 0.067223
0 1 0.571128 0.316903 0.028357 0.000000 0.083611
1 1 0.338214 0.553154 0.019966 0.000000 0.088666
0 1 0.755631 0.207146 0.005208 0.000000 0.032014
0 1 0.502013 0.347586 0.017716 0.000000 0.132684
4 1 0.355925 0.226666 0.016491 0.000000 0.400918
0 1 0.500933 0.434220 0.004338 0.000000 0.060508
1 1 0.379766 0.532237 0.013388 0.000000 0.074608
0 1 0.521128 0.411483 0.004307 0.000000 0.063082
1 1 0.412153 0.450251 0.008559 0.000000 0.129036
1 1 0.402450 0.480642 0.009992 0.000000 0.106916
0 1 0.496455 0.446626 0.004559 0.000000 0.052360
1 1 0.348127 0.448207 0.012666 0.000000 0.190999
0 1 0.574803 0.318210 0.006358 0.000000 0.100629
1 1 0.346530 0.474562 0.012750 0.000000 0.166158
1 1 0.428328 0.497636 0.008910 0.000000 0.065125
0 1 0.585574 0.331265 0.011809 0.000000 0.071352
1 1 0.412569 0.457144 0.008904 0.000000 0.121382
1 1 0.400364 0.495938 0.011355 0.000000 0.092343
1 1 0.361883 0.552628 0.016297 0.000000 0.069192
0 1 0.784394 0.182174 0.009920 0.000000 0.023512
0 1 0.687862 0.245176 0.005851 0.000000 0.061111
0 4 0.771864 0.179640 0.003209 0.000000 0.045287
0 4 0.654959 0.254780 0.013182 0.000000 0.077080
0 4 0.587580 0.265549 0.017250 0.000000 0.129621
0 4 0.715074 0.177137 0.010366 0.000000 0.097422
0 4 0.527820 0.388392 0.010198 0.000001 0.073589
0 4 0.590962 0.311523 0.016865 0.000000 0.080650
0 4 0.833458 0.115331 0.005171 0.000000 0.046039
0 4 0.600438 0.302952 0.016502 0.000006 0.080101
0 4 0.590310 0.242255 0.041652 0.000012 0.125770
0 4 0.541949 0.372408 0.016557 0.000001 0.069084
0 4 0.686986 0.203566 0.017832 0.000001 0.091614
0 4 0.625805 0.252999 0.014098 0.000000 0.107098
1 4 0.431457 0.475391 0.009121 0.000000 0.084031
0 4 0.570729 0.352908 0.009221 0.000000 0.067141
0 4 0.765127 0.140294 0.008311 0.000000 0.086269
0 4 0.450076 0.423106 0.009828 0.000000 0.116990
0 4 0.744673 0.190247 0.009258 0.000000 0.055821
0 4 0.581958 0.348389 0.005592 0.000000 0.064060
0 4 0.451525 0.425853 0.012082 0.000000 0.110540
1 4 0.412162 0.442543 0.015570 0.000000 0.129726
1 4 0.342158 0.538915 0.019551 0.000000 0.099376
1 4 0.387766 0.519333 0.013080 0.000000 0.079820
1 4 0.117871 0.669453 0.190558 0.000084 0.022034
1 4 0.218335 0.574436 0.193222 0.000146 0.013861
1 4 0.275783 0.403546 0.292436 0.000115 0.028120
2 4 0.092146 0.388371 0.501385 0.000426 0.017673
1 2 0.164191 0.448415 0.360276 0.000278 0.026840
2 2 0.309205 0.269539 0.362427 0.000076 0.058753
2 2 0.050428 0.076068 0.838107 0.000264 0.035133
2 2 0.046419 0.070345 0.847449 0.000196 0.035592
2 2 0.055704 0.051899 0.874275 0.000591 0.017531
2 2 0.029047 0.044979 0.896859 0.000457 0.028657
2 2 0.108363 0.189833 0.691341 0.003747 0.006716
2 2 0.084172 0.041887 0.865902 0.001148 0.006890
2 2 0.063132 0.069100 0.857441 0.001142 0.009184
2 2 0.028915 0.035720 0.929297 0.001471 0.004598
2 2 0.025072 0.040670 0.923874 0.008336 0.002049
2 2 0.104752 0.073192 0.804752 0.008363 0.008941
2 2 0.061345 0.024119 0.905953 0.002450 0.006134
2 2 0.054178 0.131714 0.805753 0.004647 0.003707
2 2 0.043706 0.036345 0.895000 0.021866 0.003083
2 2 0.017561 0.036355 0.933429 0.010972 0.001683
2 2 0.026192 0.012378 0.866827 0.093893 0.000710
2 2 0.057802 0.059050 0.868895 0.012168 0.002085
2 2 0.007781 0.005920 0.912652 0.072995 0.000652
2 2 0.024878 0.015486 0.887718 0.071091 0.000827
2 2 0.025642 0.013253 0.830760 0.129309 0.001036
2 2 0.013321 0.012325 0.771945 0.201633 0.000776
2 2 0.060942 0.015334 0.850443 0.070890 0.002392
2 2 0.037593 0.013764 0.659646 0.287745 0.001252
3 2 0.018375 0.006124 0.368128 0.606900 0.000474
2 2 0.002464 0.004111 0.527608 0.464834 0.000983
3 2 0.014754 0.003460 0.168881 0.812563 0.000343
3 2 0.013045 0.006204 0.378349 0.601717 0.000685
3 3 0.013415 0.004754 0.245114 0.736148 0.000570
3 3 0.016519 0.007003 0.398864 0.576970 0.000643
3 3 0.009810 0.004965 0.282773 0.701753 0.000697
3 3 0.013912 0.007306 0.425959 0.551666 0.001156
3 3 0.008687 0.006359 0.295255 0.688741 0.000958
3 3 0.009217 0.003185 0.181464 0.805793 0.000341
2 3 0.022498 0.018179 0.502857 0.454080 0.002386
2 3 0.029736 0.016282 0.622822 0.329793 0.001367
3 3 0.022696 0.006687 0.316166 0.653815 0.000636
2 3 0.015949 0.016389 0.757910 0.208620 0.001133
2 3 0.008140 0.006331 0.715826 0.268806 0.000897
2 3 0.059744 0.012883 0.490195 0.435861 0.001318
2 3 0.022775 0.014618 0.642174 0.319065 0.001369
3 3 0.006052 0.003903 0.315860 0.673491 0.000694
2 2 0.021120 0.005972 0.494259 0.478074 0.000574
3 2 0.007601 0.004508 0.354466 0.632828 0.000598
2 2 0.034255 0.009891 0.621241 0.333693 0.000920
3 2 0.004866 0.002935 0.248351 0.743439 0.000409
3 2 0.002073 0.002033 0.089604 0.905761 0.000529
3 2 0.009267 0.004679 0.214390 0.771171 0.000492
3 2 0.003678 0.003363 0.130571 0.861653 0.000735
3 2 0.024385 0.007947 0.310585 0.656589 0.000494
3 2 0.006698 0.005307 0.229609 0.757645 0.000741
3 2 0.009063 0.005667 0.236686 0.747862 0.000724
3 2 0.015296 0.017379 0.460727 0.505068 0.001531
3 2 0.003031 0.001966 0.117655 0.877001 0.000347
3 2 0.004465 0.004485 0.258384 0.732047 0.000619
3 2 0.006519 0.001864 0.090319 0.901059 0.000239
2 2 0.014294 0.029429 0.774383 0.180038 0.001856
2 2 0.006630 0.013344 0.621082 0.356731 0.002213
2 3 0.017556 0.008881 0.588908 0.383573 0.001082
2 3 0.013251 0.039053 0.830686 0.114878 0.002132
2 3 0.040707 0.015565 0.839983 0.101568 0.002177
2 2 0.013856 0.032287 0.822106 0.129827 0.001924
2 2 0.006707 0.006859 0.596100 0.389718 0.000615
2 2 0.027745 0.020023 0.787759 0.163478 0.000995
2 2 0.011350 0.012561 0.656870 0.318031 0.001189
2 2 0.023450 0.012820 0.867296 0.095564 0.000870
2 2 0.033191 0.028332 0.757539 0.177686 0.003253
2 2 0.081102 0.026075 0.797492 0.092274 0.003057
2 2 0.013954 0.012096 0.503429 0.468480 0.002041
2 2 0.031827 0.018700 0.771036 0.176273 0.002163
2 2 0.062290 0.019900 0.820155 0.095293 0.002362
3 2 0.031963 0.009511 0.468191 0.488786 0.001548
2 2 0.020364 0.047126 0.802339 0.128155 0.002016
2 2 0.077027 0.034410 0.842133 0.041825 0.004605
2 2 0.016022 0.048795 0.777207 0.154402 0.003574
2 2 0.037815 0.028352 0.846675 0.084469 0.002690
2 2 0.032748 0.075491 0.820422 0.067646 0.003693
2 2 0.040119 0.025013 0.912152 0.021263 0.001454
0 0 0.560270 0.094217 0.296639 0.046832 0.002042
0 0 0.583589 0.158023 0.230217 0.026731 0.001439
0 1 0.571956 0.228039 0.190436 0.006472 0.003097
2 1 0.277843 0.280580 0.433810 0.003475 0.004292
2 1 0.129191 0.025811 0.838211 0.002196 0.004592
2 1 0.053077 0.043808 0.896588 0.002164 0.004363
2 2 0.066049 0.030507 0.896002 0.002692 0.004749
2 2 0.021927 0.021241 0.941556 0.013644 0.001632
2 2 0.060455 0.043412 0.870104 0.017196 0.008832
2 2 0.016499 0.007661 0.868185 0.104856 0.002798
2 2 0.045799 0.013326 0.817581 0.117771 0.005524
2 2 0.019282 0.005338 0.696665 0.276674 0.002040
2 2 0.065526 0.012356 0.742701 0.172207 0.007209
3 2 0.004932 0.001595 0.213365 0.779818 0.000291
3 2 0.002930 0.001350 0.169783 0.825622 0.000315
3 2 0.001491 0.000967 0.220562 0.776750 0.000230
3 3 0.000551 0.000601 0.068483 0.930106 0.000259
3 3 0.001312 0.001144 0.130957 0.866267 0.000321
3 3 0.000813 0.000362 0.023378 0.975337 0.000111
3 3 0.003482 0.000945 0.058441 0.936795 0.000338
3 3 0.000771 0.000478 0.030584 0.967996 0.000171
3 3 0.001106 0.000472 0.028283 0.969995 0.000145
3 3 0.000614 0.000799 0.019785 0.978655 0.000147
3 3 0.000763 0.000810 0.038428 0.959701 0.000298
3 3 0.001454 0.001454 0.041895 0.954699 0.000498
3 3 0.002101 0.001516 0.039193 0.956694 0.000496
3 3 0.026543 0.010398 0.391788 0.567623 0.003649
2 2 0.064271 0.018273 0.520252 0.389468 0.007736
3 2 0.009017 0.004820 0.284607 0.700446 0.001111
3 2 0.002103 0.001046 0.068107 0.928494 0.000249
3 2 0.005263 0.001572 0.126111 0.866703 0.000351
3 2 0.002691 0.002096 0.162294 0.832298 0.000622
3 2 0.001104 0.001515 0.037775 0.959161 0.000446
3 2 0.003831 0.006832 0.173137 0.813941 0.002259
2 2 0.008523 0.011848 0.783101 0.192648 0.003880
3 2 0.010814 0.002911 0.314120 0.671329 0.000826
3 2 0.003413 0.006474 0.344942 0.643002 0.002169
3 2 0.010984 0.006691 0.478059 0.502027 0.002239
3 2 0.008547 0.005419 0.124058 0.860951 0.001026
3 2 0.015082 0.002166 0.123400 0.858920 0.000433
3 2 0.003357 0.001797 0.058605 0.935813 0.000429
3 2 0.004019 0.002514 0.044951 0.947861 0.000655
3 2 0.001249 0.000576 0.017438 0.980624 0.000114
3 3 0.001549 0.000624 0.018845 0.978850 0.000133
3 3 0.001891 0.000868 0.018362 0.978717 0.000161
3 3 0.001410 0.000359 0.011822 0.986349 0.000059
3 3 0.002650 0.002102 0.018905 0.976048 0.000295
3 3 0.080666 0.014046 0.085373 0.818571 0.001344
2 3 0.048298 0.042149 0.647940 0.254761 0.006852
2 3 0.190274 0.093449 0.676062 0.029266 0.010949
2 3 0.101213 0.056211 0.776950 0.053961 0.011665
2 3 0.068527 0.035602 0.829612 0.058874 0.007385
2 3 0.098793 0.041083 0.653292 0.199774 0.007058
2 3 0.099448 0.032585 0.809879 0.046146 0.011941
2 3 0.019540 0.015050 0.654695 0.305259 0.005457
3 3 0.018630 0.010779 0.427465 0.539623 0.003502
2 3 0.027130 0.015658 0.614214 0.339887 0.003110
2 3 0.030242 0.011779 0.559429 0.393888 0.004662
3 3 0.005624 0.006710 0.292365 0.693342 0.001959
3 3 0.013972 0.013312 0.364465 0.605790 0.002462
2 3 0.085384 0.028877 0.541899 0.340959 0.002882
3 3 0.018197 0.009685 0.430086 0.540249 0.001782
2 3 0.033621 0.023088 0.599568 0.341126 0.002596
2 3 0.046433 0.029888 0.553225 0.366378 0.004075
2 3 0.026149 0.020879 0.631389 0.319139 0.002444
2 1 0.167528 0.137624 0.629269 0.058212 0.007366
2 1 0.076115 0.086151 0.705983 0.127460 0.004291
2 1 0.017377 0.016422 0.589925 0.374573 0.001703
0 1 0.606825 0.137958 0.237346 0.005256 0.012615
0 2 0.750419 0.081790 0.152296 0.005520 0.009976
0 2 0.560134 0.076634 0.314210 0.039707 0.009315
0 2 0.774961 0.135294 0.076724 0.006878 0.006143
0 1 0.410416 0.285848 0.274915 0.020570 0.008251
2 2 0.364912 0.172329 0.447452 0.004228 0.011079
2 2 0.045949 0.038788 0.894628 0.014749 0.005886
2 2 0.079114 0.042271 0.866156 0.005716 0.006744
2 4 0.164302 0.043194 0.750898 0.002642 0.038964
0 4 0.673424 0.182617 0.111787 0.002010 0.030162
0 4 0.555617 0.022184 0.000600 0.000000 0.421599
0 4 0.643394 0.010045 0.000621 0.000000 0.345940
4 4 0.396746 0.010316 0.000729 0.000000 0.592209
0 4 0.650494 0.016279 0.000629 0.000000 0.332598
4 4 0.281141 0.041416 0.001082 0.000000 0.676362
4 4 0.242962 0.025226 0.000544 0.000000 0.731268
4 4 0.121201 0.053595 0.001626 0.000000 0.823579
4 4 0.082669 0.072456 0.003646 0.000002 0.841227
4 4 0.327917 0.035432 0.001127 0.000000 0.635523
4 4 0.240211 0.090002 0.001730 0.000000 0.668057
4 4 0.079810 0.049794 0.001997 0.000000 0.868400
4 4 0.061206 0.060003 0.003877 0.000002 0.874912
4 4 0.087077 0.098147 0.006329 0.000001 0.808447
4 4 0.040640 0.035673 0.002673 0.000000 0.921013
4 4 0.019246 0.016690 0.001057 0.000000 0.963007
4 4 0.059798 0.038711 0.001471 0.000000 0.900020
4 4 0.079586 0.028449 0.001207 0.000000 0.890758
4 4 0.153334 0.056467 0.001270 0.000000 0.788929
4 4 0.110087 0.126881 0.007734 0.000000 0.755298
4 4 0.263767 0.109064 0.001062 0.000000 0.626106
2 4 0.097377 0.281579 0.550201 0.000087 0.070756
1 4 0.070193 0.561116 0.323243 0.000116 0.045332
2 4 0.305289 0.287569 0.364067 0.000114 0.042961
2 4 0.168054 0.183407 0.613620 0.000265 0.034655
2 4 0.236601 0.245110 0.461269 0.000172 0.056849
2 4 0.068536 0.204428 0.661623 0.000152 0.065261
1 4 0.276591 0.414001 0.277634 0.000412 0.031362
2 4 0.026559 0.057852 0.901578 0.000368 0.013643
2 4 0.118209 0.200445 0.635022 0.000341 0.045983
2 4 0.013407 0.045256 0.934527 0.000569 0.006240
2 2 0.186395 0.377549 0.426424 0.000173 0.009459
2 2 0.074138 0.069189 0.851088 0.002208 0.003378
2 2 0.099206 0.209398 0.686311 0.000913 0.004172
2 2 0.057281 0.081877 0.848352 0.010061 0.002429
2 2 0.100769 0.156724 0.737075 0.000442 0.004989
2 2 0.380488 0.205465 0.387437 0.023195 0.003416
1 2 0.226622 0.469025 0.297848 0.000825 0.005680
2 2 0.036331 0.046340 0.911902 0.002240 0.003187
2 2 0.022331 0.045680 0.928236 0.001617 0.002136
2 2 0.066560 0.171067 0.752450 0.007638 0.002285
2 2 0.248089 0.297366 0.448988 0.001464 0.004093
2 2 0.374539 0.241047 0.374897 0.003938 0.005579
2 2 0.165857 0.224149 0.603585 0.000687 0.005723
2 2 0.070287 0.095091 0.820230 0.010358 0.004034
0 2 0.443399 0.124638 0.427347 0.000955 0.003661
2 2 0.080695 0.116659 0.795542 0.005393 0.001711
2 2 0.136191 0.134332 0.724447 0.000618 0.004411
2 2 0.056181 0.024378 0.912601 0.004137 0.002702
1 2 0.292244 0.431050 0.269471 0.004097 0.003138
2 2 0.252802 0.127116 0.609370 0.000481 0.010230
2 2 0.048285 0.030910 0.905348 0.000214 0.015244
2 2 0.044923 0.046531 0.871680 0.000111 0.036755
2 2 0.082877 0.041100 0.844442 0.000185 0.031396
2 2 0.006405 0.007955 0.981224 0.002798 0.001618
2 2 0.016601 0.015978 0.961259 0.001059 0.005102
2 2 0.027833 0.024457 0.940506 0.000793 0.006411
2 2 0.111487 0.021315 0.838135 0.000331 0.028732
2 2 0.002592 0.008141 0.983910 0.003999 0.001357
2 2 0.016659 0.009842 0.966118 0.000975 0.006406
2 2 0.004400 0.005219 0.983106 0.003998 0.003276
2 2 0.120581 0.012492 0.672578 0.181556 0.012793
2 2 0.364302 0.022193 0.532780 0.050981 0.029743
2 2 0.028330 0.006829 0.664175 0.295730 0.004937
3 2 0.003107 0.002370 0.204918 0.788790 0.000815
2 2 0.014889 0.004900 0.497927 0.479113 0.003171
3 2 0.003627 0.001620 0.173735 0.820464 0.000554
2 2 0.057664 0.015370 0.526163 0.394764 0.006039
3 2 0.015530 0.004972 0.293422 0.683689 0.002386
3 2 0.002029 0.001576 0.115492 0.880302 0.000601
2 2 0.032612 0.027995 0.813694 0.111780 0.013918
2 2 0.021847 0.008457 0.795507 0.166089 0.008100
2 2 0.026702 0.008344 0.767571 0.190754 0.006630
2 2 0.026975 0.008158 0.618862 0.340160 0.005845
2 2 0.035247 0.008440 0.556000 0.395504 0.004809
2 2 0.025563 0.008895 0.654554 0.303025 0.007963
2 2 0.077509 0.015322 0.739219 0.152267 0.015683
3 2 0.002458 0.003830 0.117238 0.874367 0.002106
3 2 0.017946 0.011627 0.300476 0.665487 0.004464
2 2 0.049495 0.010963 0.649853 0.284680 0.005008
2 2 0.019606 0.006269 0.512443 0.457871 0.003810
2 2 0.020852 0.005968 0.570830 0.398493 0.003858
3 2 0.007661 0.001276 0.078776 0.911983 0.000304
3 2 0.011440 0.003684 0.206998 0.777029 0.000849
3 2 0.004082 0.001266 0.110623 0.883650 0.000378
3 2 0.021659 0.003714 0.167814 0.805599 0.001215
3 2 0.001159 0.000686 0.043444 0.954517 0.000195
3 3 0.002470 0.001336 0.036607 0.959281 0.000305
3 3 0.002499 0.001227 0.048761 0.947230 0.000283
3 3 0.002179 0.001251 0.056130 0.940053 0.000386
3 3 0.001140 0.000417 0.027907 0.970434 0.000103
3 3 0.001105 0.000802 0.024960 0.972934 0.000198
3 3 0.001576 0.001274 0.026977 0.969877 0.000295
3 3 0.002486 0.001364 0.038805 0.956883 0.000462
3 3 0.001578 0.000832 0.044831 0.952492 0.000266
3 3 0.001482 0.000897 0.032526 0.964809 0.000287
3 3 0.002222 0.000847 0.025973 0.970728 0.000230
3 3 0.001091 0.000825 0.027987 0.969871 0.000226
3 3 0.001521 0.000826 0.030494 0.966903 0.000255
3 3 0.002662 0.002186 0.026980 0.967738 0.000434
3 3 0.001877 0.001234 0.027485 0.969104 0.000301
3 3 0.002972 0.001965 0.019018 0.975756 0.000289
3 3 0.001997 0.000805 0.020626 0.976398 0.000174
3 3 0.001967 0.001310 0.026724 0.969695 0.000305
3 3 0.002427 0.001744 0.024509 0.970980 0.000340
3 3 0.001845 0.000772 0.016326 0.980923 0.000133
3 3 0.003014 0.001247 0.025824 0.969617 0.000299
3 3 0.001543 0.001202 0.020176 0.976867 0.000212
3 3 0.002681 0.001857 0.024013 0.971100 0.000349
3 3 0.001899 0.001134 0.030768 0.965878 0.000321
3 3 0.002304 0.000913 0.020351 0.976243 0.000189
3 3 0.003245 0.001318 0.017737 0.977487 0.000213
3 3 0.002816 0.001377 0.022964 0.972563 0.000280
3 3 0.003322 0.001699 0.019156 0.975553 0.000269
3 3 0.003448 0.002250 0.032610 0.961141 0.000551
3 3 0.003293 0.001404 0.018790 0.976278 0.000235
3 3 0.004016 0.001983 0.014545 0.979227 0.000229
3 3 0.002758 0.001931 0.022840 0.972129 0.000341
3 3 0.007463 0.004521 0.026995 0.960264 0.000757
3 3 0.003813 0.002050 0.030881 0.962759 0.000498
3 3 0.004038 0.001751 0.021606 0.972289 0.000316
2 3 0.020004 0.020888 0.498153 0.452652 0.008303
2 3 0.034045 0.102980 0.741596 0.109400 0.011979
2 3 0.024403 0.034498 0.884148 0.047407 0.009544
2 2 0.025903 0.030274 0.910222 0.026423 0.007178
2 2 0.070274 0.044984 0.866774 0.004817 0.013150
2 2 0.054874 0.079097 0.844954 0.011309 0.009766
2 2 0.033061 0.040501 0.904002 0.015757 0.006679
2 2 0.014224 0.012719 0.935032 0.028609 0.009416
2 2 0.018472 0.039771 0.885524 0.047268 0.008965
2 2 0.032959 0.031757 0.905009 0.021577 0.008699
2 2 0.014480 0.012556 0.862664 0.106820 0.003480
2 2 0.037027 0.016755 0.913059 0.025552 0.007607
2 2 0.008740 0.007667 0.739934 0.240540 0.003120
2 2 0.022505 0.009616 0.770500 0.193804 0.003575
2 2 0.055748 0.018307 0.867080 0.050630 0.008236
2 2 0.008623 0.006567 0.666334 0.316540 0.001935
3 2 0.011593 0.005582 0.397222 0.584278 0.001326
2 2 0.004860 0.003721 0.534187 0.455665 0.001567
2 2 0.018478 0.016740 0.756479 0.203379 0.004925
3 2 0.006739 0.005537 0.395449 0.589631 0.002643
3 2 0.011822 0.005800 0.347478 0.632827 0.002073
3 2 0.031626 0.007474 0.306118 0.652063 0.002719
3 2 0.006092 0.002489 0.167176 0.823536 0.000707
3 2 0.001822 0.001467 0.088496 0.907632 0.000582
3 3 0.002811 0.002198 0.071850 0.922457 0.000685
3 3 0.016387 0.008424 0.461617 0.509929 0.003643
3 3 0.003647 0.003070 0.137761 0.854722 0.000800
3 3 0.004173 0.003127 0.133704 0.858449 0.000548
3 3 0.001621 0.002761 0.058002 0.936599 0.001017
2 3 0.009041 0.012293 0.494667 0.481376 0.002623
3 3 0.013736 0.003519 0.205460 0.776529 0.000756
3 3 0.010877 0.008119 0.381894 0.596446 0.002664
3 3 0.013666 0.006801 0.226961 0.750911 0.001661
3 3 0.021863 0.012792 0.421807 0.538045 0.005494
3 3 0.002688 0.001938 0.096067 0.898794 0.000515
3 3 0.080588 0.020331 0.422718 0.468658 0.007704
3 3 0.016882 0.008864 0.338860 0.633440 0.001954
3 3 0.006708 0.003340 0.191437 0.796937 0.001579
3 3 0.005388 0.004911 0.147473 0.840666 0.001562
3 3 0.004532 0.002143 0.074041 0.918711 0.000574
3 3 0.002475 0.002225 0.066254 0.928347 0.000698
3 3 0.002654 0.003132 0.082649 0.910290 0.001275
3 3 0.001846 0.001764 0.081082 0.914320 0.000988
3 3 0.018460 0.003636 0.150295 0.826539 0.001071
3 2 0.002530 0.002842 0.065806 0.927553 0.001269
2 2 0.106257 0.029430 0.623945 0.229896 0.010471
2 2 0.015821 0.018452 0.548663 0.410156 0.006908
2 2 0.172717 0.096088 0.611752 0.096375 0.023068
2 2 0.153124 0.055947 0.729401 0.046286 0.015242
2 2 0.077076 0.049556 0.824943 0.026771 0.021655
2 2 0.077990 0.082115 0.796128 0.003134 0.040634
2 2 0.067882 0.083102 0.792478 0.001177 0.055361
2 2 0.086964 0.086580 0.763691 0.012246 0.050519
2 2 0.043359 0.065867 0.841584 0.004487 0.044703
2 2 0.056666 0.053580 0.843282 0.010907 0.035565
2 1 0.109075 0.114446 0.713217 0.004491 0.058772
2 1 0.043363 0.031052 0.868399 0.020190 0.036996
1 1 0.367078 0.382265 0.136993 0.000409 0.113255
0 1 0.513337 0.244664 0.118392 0.000183 0.123425
1 1 0.295901 0.453451 0.203484 0.002794 0.044370
1 1 0.323159 0.508315 0.020329 0.000000 0.148197
1 4 0.292776 0.449036 0.021504 0.000000 0.236684
1 4 0.262945 0.487095 0.045306 0.000002 0.204652
0 4 0.800445 0.155315 0.004973 0.000000 0.039267
0 4 0.530105 0.266061 0.033895 0.000001 0.169939
0 4 0.711187 0.172685 0.007346 0.000001 0.108781
0 4 0.546662 0.347482 0.025498 0.000002 0.080356
1 4 0.365752 0.373584 0.095273 0.000008 0.165382
0 4 0.703216 0.200749 0.026511 0.000006 0.069517
0 4 0.670530 0.260746 0.009311 0.000000 0.059412
1 4 0.262647 0.589214 0.041797 0.000002 0.106340
0 4 0.593167 0.252366 0.045039 0.000002 0.109425
0 4 0.742406 0.208396 0.010803 0.000000 0.038394
4 4 0.061775 0.351010 0.201305 0.000005 0.385905
4 4 0.098708 0.384373 0.107718 0.000001 0.409200
1 4 0.282645 0.628071 0.033019 0.000000 0.056265
1 4 0.098166 0.417972 0.136890 0.000005 0.346968
4 4 0.062425 0.310338 0.150688 0.000002 0.476546
1 4 0.403002 0.461609 0.032058 0.000001 0.103330
1 4 0.230329 0.547754 0.049011 0.000001 0.172905
4 4 0.078866 0.034305 0.000546 0.000000 0.886283
4 4 0.216261 0.013216 0.000944 0.000000 0.769578
4 4 0.315987 0.024281 0.001411 0.000000 0.658320
4 4 0.067040 0.025899 0.000626 0.000000 0.906435
4 4 0.098427 0.014775 0.000492 0.000000 0.886307
4 4 0.185892 0.017826 0.000569 0.000000 0.795713
4 4 0.257483 0.012347 0.001621 0.000000 0.728549
0 4 0.586352 0.023834 0.000146 0.000000 0.389668
4 4 0.122743 0.075333 0.002110 0.000001 0.799813
4 4 0.048006 0.034746 0.001567 0.000001 0.915680
4 4 0.057444 0.037153 0.001205 0.000000 0.904197
4 4 0.213616 0.144673 0.003152 0.000000 0.638559
4 4 0.108377 0.086650 0.002691 0.000000 0.802282
4 4 0.072099 0.018057 0.000650 0.000000 0.909195
4 4 0.141204 0.118830 0.004089 0.000000 0.735877
4 4 0.011161 0.008805 0.000525 0.000000 0.979509
4 4 0.104722 0.085356 0.002808 0.000000 0.807114
4 4 0.138432 0.096107 0.002623 0.000000 0.762838
4 4 0.108653 0.067694 0.002775 0.000000 0.820879
4 4 0.132997 0.144557 0.007079 0.000000 0.715366
4 4 0.073148 0.248331 0.068174 0.000000 0.610346
4 4 0.051571 0.151253 0.041390 0.000001 0.755785
4 4 0.062915 0.173304 0.036659 0.000000 0.727122
4 4 0.060177 0.226798 0.082792 0.000002 0.630230
4 4 0.029912 0.192646 0.144759 0.000011 0.632673
4 4 0.044004 0.118270 0.027379 0.000000 0.810347
4 4 0.054632 0.175476 0.052942 0.000001 0.716949
4 4 0.061000 0.243333 0.090000 0.000001 0.605667
4 4 0.075769 0.178511 0.027637 0.000000 0.718083
4 4 0.084786 0.198809 0.029109 0.000000 0.687295
4 4 0.070381 0.314387 0.117730 0.000000 0.497501
1 4 0.077989 0.419428 0.195342 0.000005 0.307237
1 4 0.211105 0.363280 0.074323 0.000001 0.351292
1 4 0.263173 0.514006 0.095515 0.000011 0.127296
4 4 0.105081 0.334683 0.164212 0.000003 0.396021
4 4 0.064724 0.290850 0.246824 0.000008 0.397593
1 4 0.140323 0.486531 0.230677 0.000026 0.142442
2 4 0.055735 0.270202 0.442386 0.000010 0.231666
1 4 0.153762 0.337449 0.266425 0.000016 0.242349
4 4 0.046719 0.281777 0.288466 0.000006 0.383033
4 4 0.063208 0.322427 0.164816 0.000005 0.449545
1 2 0.056587 0.387079 0.266746 0.000003 0.289585
4 2 0.046571 0.307132 0.217192 0.000006 0.429098
4 2 0.060731 0.292919 0.132286 0.000001 0.514063
1 2 0.067124 0.442342 0.265450 0.000007 0.225077
1 2 0.060342 0.422990 0.282800 0.000005 0.233863
4 2 0.061664 0.336508 0.180293 0.000002 0.421532
4 2 0.046764 0.329220 0.251498 0.000009 0.372509
1 2 0.094574 0.445196 0.225212 0.000006 0.235012
4 2 0.052494 0.336425 0.221986 0.000004 0.389092
2 2 0.002185 0.041665 0.947595 0.000044 0.008511
2 2 0.009912 0.061464 0.916840 0.000045 0.011740
2 2 0.006896 0.072912 0.902308 0.000037 0.017848
2 2 0.014735 0.089294 0.858313 0.000038 0.037620
2 2 0.013117 0.049342 0.914812 0.000022 0.022708
2 2 0.009495 0.016110 0.957934 0.000089 0.016372
2 2 0.006463 0.023325 0.954817 0.000027 0.015367
2 2 0.026808 0.113500 0.798766 0.000018 0.060908
2 2 0.005335 0.060646 0.920291 0.000037 0.013692
2 2 0.009057 0.039181 0.922413 0.000019 0.029331
2 2 0.018695 0.131513 0.832961 0.000068 0.016763
2 2 0.008168 0.019471 0.955909 0.000034 0.016419
2 2 0.042664 0.065471 0.852784 0.000021 0.039060
2 2 0.080332 0.111158 0.781226 0.000039 0.027245
2 2 0.006422 0.049518 0.922918 0.000023 0.021119
2 2 0.015409 0.041189 0.921565 0.000055 0.021782
2 2 0.015174 0.036916 0.931253 0.000093 0.016565
2 2 0.027955 0.049870 0.883361 0.000016 0.038798
2 2 0.010096 0.056099 0.896718 0.000019 0.037068
2 2 0.014640 0.041486 0.916586 0.000066 0.027222
2 2 0.013253 0.012934 0.964563 0.000249 0.009001
2 2 0.012095 0.020881 0.956073 0.000303 0.010647
2 2 0.005478 0.025098 0.957035 0.000690 0.011699
2 2 0.019801 0.019865 0.930360 0.000376 0.029598
2 2 0.014482 0.019929 0.938468 0.000244 0.026878
2 2 0.005147 0.008269 0.981111 0.000435 0.005038
2 2 0.014412 0.016787 0.956353 0.000227 0.012220
2 2 0.006524 0.010350 0.978510 0.000562 0.004053
2 2 0.004620 0.018403 0.970228 0.000228 0.006521
2 2 0.008223 0.017949 0.962453 0.000523 0.010852
2 2 0.011223 0.018127 0.960405 0.001787 0.008458
2 2 0.014669 0.010015 0.964909 0.001671 0.008735
2 2 0.033396 0.010743 0.943623 0.002468 0.009769
2 2 0.014137 0.008272 0.968589 0.001945 0.007057
2 2 0.013541 0.009639 0.968760 0.002587 0.005473
2 2 0.030991 0.013992 0.944985 0.003424 0.006608
2 2 0.012472 0.009394 0.967755 0.006510 0.003868
2 2 0.001481 0.003646 0.976296 0.016725 0.001852
2 2 0.003803 0.005380 0.982465 0.007209 0.001143
2 2 0.004056 0.005186 0.983779 0.004454 0.002525
2 2 0.027825 0.014323 0.943244 0.006565 0.008043
2 2 0.028118 0.012198 0.946935 0.007345 0.005405
2 2 0.017874 0.009966 0.960106 0.008306 0.003749
2 2 0.006916 0.007223 0.976341 0.005581 0.003937
2 2 0.010402 0.007587 0.965053 0.013700 0.003257
2 2 0.007202 0.007693 0.962952 0.019132 0.003021
2 2 0.011909 0.015510 0.959078 0.008238 0.005265
2 2 0.015694 0.011179 0.949417 0.011499 0.012211
2 2 0.000709 0.002395 0.876544 0.119577 0.000775
2 2 0.017495 0.008567 0.926200 0.043528 0.004210
2 2 0.029876 0.012446 0.905774 0.039302 0.012601
2 2 0.030276 0.016540 0.752462 0.191227 0.009495
2 2 0.017433 0.009380 0.851859 0.115402 0.005926
2 2 0.061163 0.029002 0.728953 0.171444 0.009438
3 2 0.004703 0.003870 0.465525 0.524180 0.001722
2 2 0.028741 0.013517 0.770896 0.179105 0.007741
2 2 0.039526 0.019582 0.725206 0.207202 0.008484
2 2 0.019319 0.008880 0.708359 0.258309 0.005134
2 2 0.007798 0.007837 0.625827 0.355102 0.003435
2 2 0.031807 0.018024 0.828708 0.107025 0.014436
2 2 0.012713 0.010704 0.577311 0.398129 0.001143
2 2 0.028127 0.018242 0.848193 0.101705 0.003733
2 2 0.046526 0.016930 0.862225 0.070778 0.003541
2 2 0.058323 0.020962 0.683723 0.234439 0.002553
2 2 0.028997 0.014249 0.896449 0.057770 0.002536
2 2 0.209855 0.067087 0.630631 0.083125 0.009302
2 2 0.212958 0.099202 0.531860 0.152098 0.003881
2 2 0.299836 0.274724 0.386121 0.034289 0.005029
2 2 0.346578 0.152293 0.488233 0.005818 0.007078
2 2 0.122817 0.052799 0.808197 0.009516 0.006670
2 2 0.097738 0.117235 0.779690 0.000253 0.005085
2 2 0.096290 0.150988 0.748135 0.000580 0.004007
2 2 0.105872 0.100988 0.779167 0.000077 0.013895
2 2 0.009787 0.017569 0.969732 0.001175 0.001738
2 2 0.184197 0.155572 0.642813 0.000322 0.017096
2 2 0.100965 0.139674 0.750525 0.000167 0.008668
2 2 0.018278 0.035789 0.942363 0.001822 0.001749
2 2 0.033270 0.066166 0.895548 0.000540 0.004476
2 2 0.039682 0.078791 0.878355 0.001508 0.001663
2 2 0.031015 0.067068 0.893494 0.002665 0.005758
2 2 0.056601 0.067841 0.867258 0.002517 0.005783
2 2 0.048769 0.059139 0.880219 0.006943 0.004930
2 2 0.061858 0.046923 0.871726 0.016705 0.002788
2 2 0.060760 0.064560 0.866188 0.004625 0.003866
2 2 0.025014 0.027848 0.939362 0.002100 0.005675
2 2 0.104287 0.035315 0.851052 0.005066 0.004279
2 2 0.042725 0.021031 0.927734 0.003827 0.004684
2 2 0.031483 0.016050 0.939764 0.007827 0.004876
2 2 0.023144 0.036284 0.931660 0.006110 0.002802
2 2 0.038055 0.024197 0.924425 0.008611 0.004713
2 2 0.031633 0.017875 0.938756 0.005826 0.005911
2 2 0.218654 0.242667 0.512204 0.023358 0.003117
2 2 0.028544 0.076108 0.848703 0.043812 0.002833
2 2 0.031838 0.049045 0.910043 0.007690 0.001385
2 2 0.059458 0.045604 0.887290 0.004191 0.003456
2 2 0.030568 0.101268 0.864202 0.002170 0.001792
2 2 0.010192 0.019841 0.962464 0.006928 0.000575
2 2 0.050220 0.071338 0.873029 0.003463 0.001949
2 2 0.058880 0.072669 0.863650 0.001557 0.003243
2 2 0.038388 0.036471 0.920934 0.002092 0.002114
2 2 0.041711 0.072452 0.881960 0.002135 0.001743
2 2 0.007041 0.008311 0.976217 0.007312 0.001120
2 2 0.055566 0.133010 0.807075 0.002245 0.002105
2 2 0.061024 0.072573 0.862363 0.001951 0.002089
2 2 0.122412 0.030317 0.840659 0.001284 0.005328
2 2 0.016886 0.021041 0.954398 0.006898 0.000777
2 2 0.011293 0.026248 0.953919 0.008028 0.000513
2 2 0.014362 0.043041 0.936251 0.005216 0.001129
2 2 0.206579 0.150536 0.609802 0.030326 0.002757
0 2 0.490106 0.103044 0.400839 0.001004 0.005006
2 2 0.126600 0.166289 0.701442 0.000540 0.005129
2 2 0.027898 0.047414 0.918599 0.000449 0.005639
2 2 0.026343 0.033602 0.934591 0.003413 0.002051
2 2 0.060981 0.047450 0.884279 0.000918 0.006371
2 2 0.064545 0.060386 0.870591 0.000865 0.003613
2 2 0.015029 0.022907 0.956367 0.004912 0.000784
2 2 0.018383 0.049207 0.924246 0.002596 0.005568
2 2 0.058692 0.031921 0.903867 0.003551 0.001969
2 2 0.055540 0.064186 0.875635 0.001007 0.003632
2 2 0.040077 0.059507 0.890199 0.007806 0.002410
2 2 0.043220 0.060569 0.882204 0.012415 0.001591
2 2 0.046717 0.028326 0.908516 0.014480 0.001961
2 2 0.013805 0.008106 0.928384 0.049107 0.000598
2 2 0.014211 0.018348 0.951365 0.015397 0.000680
2 2 0.031625 0.030165 0.910186 0.026369 0.001655
2 2 0.013877 0.025370 0.919532 0.040227 0.000994
2 2 0.013384 0.005755 0.931679 0.048521 0.000661
2 2 0.041203 0.032116 0.910889 0.013198 0.002593
2 2 0.020801 0.013470 0.929441 0.035404 0.000885
2 2 0.302361 0.071541 0.561195 0.062912 0.001992
0 2 0.430790 0.277272 0.228835 0.000400 0.062703
2 1 0.269183 0.260049 0.422288 0.000855 0.047625
2 1 0.130851 0.055616 0.699138 0.000458 0.113938
2 1 0.145064 0.278504 0.305220 0.000054 0.271159
1 4 0.157980 0.555619 0.217528 0.000109 0.068764
1 4 0.300863 0.534125 0.116278 0.000062 0.048673
0 4 0.546040 0.283552 0.131294 0.000028 0.039086
1 4 0.364774 0.383752 0.150947 0.000094 0.100433
0 4 0.333037 0.291124 0.151003 0.000024 0.224811
1 4 0.137411 0.574892 0.140306 0.000017 0.147374
4 4 0.017765 0.018382 0.001602 0.000000 0.962251
4 4 0.075121 0.079446 0.004668 0.000000 0.840766
4 4 0.041461 0.029446 0.001183 0.000000 0.927909
4 4 0.037463 0.009567 0.000729 0.000000 0.952240
4 4 0.166421 0.067705 0.002116 0.000000 0.763758
4 4 0.214621 0.070466 0.001649 0.000000 0.713263
4 4 0.090012 0.018781 0.001049 0.000000 0.890159
4 4 0.088445 0.057513 0.001668 0.000000 0.852374
4 4 0.132498 0.138317 0.006497 0.000000 0.722687
4 4 0.040613 0.024446 0.000668 0.000000 0.934273
4 4 0.248989 0.176029 0.004823 0.000000 0.570159
4 4 0.295035 0.044208 0.001877 0.000000 0.658880
4 4 0.330321 0.033830 0.001468 0.000000 0.634381
0 4 0.565316 0.064470 0.001794 0.000000 0.368420
0 4 0.560832 0.038685 0.001511 0.000000 0.398972
0 4 0.658899 0.023448 0.001185 0.000000 0.316467
4 4 0.327601 0.039231 0.002830 0.000000 0.630338
0 4 0.494261 0.040607 0.000118 0.000000 0.465015
4 4 0.383061 0.131475 0.002008 0.000000 0.483455
4 4 0.291255 0.192748 0.006723 0.000001 0.509273
0 4 0.603333 0.325326 0.012889 0.000000 0.058452
1 4 0.280496 0.602917 0.032040 0.000000 0.084547
1 4 0.314630 0.548300 0.020975 0.000000 0.116095
1 4 0.421285 0.508347 0.018224 0.000000 0.052144
0 4 0.531929 0.370407 0.054576 0.000000 0.043088
0 1 0.552053 0.366818 0.037807 0.000005 0.043317
0 1 0.633360 0.298769 0.026522 0.000000 0.041348
1 1 0.464686 0.469381 0.017740 0.000000 0.048193
0 1 0.504054 0.300768 0.089418 0.000013 0.105747
0 1 0.724147 0.235461 0.009121 0.000000 0.031270
0 1 0.354900 0.333910 0.300227 0.000328 0.010635
1 1 0.259321 0.535342 0.183768 0.000141 0.021428
1 1 0.328402 0.366670 0.290402 0.000460 0.014065
0 1 0.390131 0.270070 0.327757 0.000214 0.011829
1 2 0.255508 0.474156 0.257734 0.000284 0.012318
1 2 0.272179 0.383604 0.324799 0.000346 0.019072
0 2 0.448278 0.225076 0.319451 0.000449 0.006745
0 2 0.482645 0.213161 0.284494 0.000045 0.019655
2 2 0.144010 0.245576 0.603389 0.001621 0.005405
2 2 0.258980 0.290854 0.441431 0.000650 0.008086
1 2 0.247539 0.464280 0.266178 0.000427 0.021576
0 2 0.645150 0.167659 0.157509 0.001659 0.028022
0 2 0.470476 0.469776 0.046426 0.000009 0.013313
1 1 0.127015 0.536359 0.297403 0.000046 0.039176
0 1 0.475102 0.315176 0.195497 0.000072 0.014153
1 1 0.097665 0.679511 0.210304 0.000143 0.012376
1 1 0.183502 0.490620 0.271505 0.000020 0.054354
2 1 0.285039 0.224841 0.450821 0.000156 0.039143
2 1 0.302412 0.308041 0.339250 0.000037 0.050261
2 1 0.237624 0.129029 0.490546 0.000017 0.142784
0 1 0.403854 0.360478 0.177984 0.000057 0.057628
0 1 0.679894 0.136913 0.123317 0.000006 0.059869
0 1 0.459259 0.387893 0.106195 0.000007 0.046646
0 1 0.433167 0.161719 0.317852 0.000017 0.087246
1 1 0.312803 0.339707 0.295326 0.000069 0.052094
0 1 0.768496 0.127834 0.089910 0.000081 0.013679
0 0 0.882849 0.099559 0.007282 0.000001 0.010308
0 0 0.835328 0.114359 0.029497 0.000005 0.020810
0 0 0.867962 0.109561 0.010460 0.000003 0.012014
0 0 0.940485 0.035441 0.013746 0.000078 0.010251
0 0 0.984723 0.010302 0.000343 0.000000 0.004632
0 0 0.985368 0.009125 0.000052 0.000000 0.005455
0 0 0.993360 0.003905 0.000057 0.000000 0.002678
0 0 0.996400 0.001338 0.000019 0.000000 0.002242
0 0 0.996673 0.001317 0.000055 0.000000 0.001955
0 0 0.993566 0.003544 0.000031 0.000000 0.002859
0 0 0.992063 0.003312 0.000082 0.000001 0.004543
0 0 0.994405 0.004248 0.000031 0.000000 0.001316
0 0 0.995094 0.003413 0.000017 0.000000 0.001476
0 0 0.994407 0.004046 0.000034 0.000000 0.001513
0 0 0.988896 0.006176 0.000407 0.000000 0.004521
0 0 0.991608 0.005514 0.000235 0.000000 0.002643
0 0 0.989665 0.007027 0.000193 0.000000 0.003115
0 0 0.992637 0.004730 0.000268 0.000000 0.002364
0 0 0.991295 0.005451 0.000265 0.000000 0.002989
0 0 0.988410 0.008651 0.000262 0.000000 0.002677
0 0 0.983682 0.012553 0.000263 0.000000 0.003501
0 0 0.980117 0.014625 0.000364 0.000000 0.004893
0 0 0.897049 0.087086 0.001528 0.000000 0.014337
0 1 0.884964 0.097258 0.002726 0.000000 0.015052
0 1 0.901459 0.079031 0.003900 0.000000 0.015609
0 1 0.906611 0.081044 0.001714 0.000000 0.010631
0 1 0.584100 0.373959 0.009757 0.000000 0.032184
1 1 0.426039 0.500189 0.022953 0.000001 0.050818
0 1 0.505287 0.409301 0.027840 0.000001 0.057571
0 1 0.706172 0.266844 0.006075 0.000000 0.020909
0 1 0.547528 0.402226 0.015084 0.000000 0.035162
0 1 0.607350 0.324032 0.026811 0.000000 0.041807
0 1 0.637875 0.342061 0.004795 0.000000 0.015269
0 1 0.671848 0.293014 0.015280 0.000000 0.019858
0 0 0.940795 0.044982 0.001742 0.000000 0.012481
0 0 0.943161 0.040126 0.004256 0.000000 0.012457
0 0 0.957711 0.022996 0.001294 0.000000 0.017998
0 0 0.864805 0.114275 0.003059 0.000000 0.017860
0 1 0.618160 0.339945 0.007003 0.000000 0.034892
0 1 0.614328 0.345991 0.008757 0.000000 0.030924
0 1 0.673413 0.296610 0.006400 0.000000 0.023577
0 1 0.899227 0.073394 0.002723 0.000000 0.024655
0 1 0.517175 0.447667 0.008005 0.000000 0.027152
0 1 0.555696 0.403664 0.011788 0.000000 0.028852
1 1 0.069954 0.583314 0.306599 0.000010 0.040123
1 1 0.076419 0.454064 0.413844 0.000023 0.055650
1 1 0.345187 0.548765 0.089144 0.000016 0.016888
1 1 0.070440 0.622141 0.294266 0.000113 0.013040
1 1 0.119546 0.433700 0.407557 0.000019 0.039179
1 1 0.213717 0.366500 0.349274 0.000010 0.070499
1 1 0.050861 0.517965 0.411058 0.000072 0.020045
2 1 0.046896 0.387446 0.429958 0.000008 0.135692
1 1 0.061976 0.559905 0.346073 0.000050 0.031996
2 1 0.041276 0.310593 0.586542 0.000015 0.061574
2 2 0.121905 0.326027 0.524458 0.000020 0.027590
2 2 0.042275 0.120660 0.834053 0.000122 0.002890
1 2 0.048938 0.517831 0.423889 0.000035 0.009307
2 2 0.021496 0.365581 0.595586 0.000019 0.017319
2 2 0.044340 0.469783 0.473925 0.000016 0.011935
2 2 0.082237 0.404415 0.497269 0.000048 0.016031
2 2 0.002896 0.032654 0.958888 0.000044 0.005517
2 2 0.042331 0.387842 0.559550 0.000077 0.010200
2 2 0.075089 0.311340 0.604632 0.000074 0.008866
2 2 0.063468 0.140108 0.779179 0.000046 0.017198
2 2 0.012648 0.060032 0.924616 0.000109 0.002594
2 2 0.057693 0.131693 0.801401 0.000057 0.009156
2 2 0.045390 0.061761 0.880920 0.000031 0.011899
2 2 0.080400 0.140524 0.775653 0.000149 0.003273
2 2 0.010394 0.055332 0.933026 0.000506 0.000743
2 2 0.004984 0.007429 0.986806 0.000195 0.000586
2 2 0.114926 0.400498 0.477687 0.004040 0.002849
1 2 0.077315 0.479513 0.432151 0.000144 0.010877
2 2 0.064427 0.046735 0.871521 0.000064 0.017253
2 2 0.043009 0.047917 0.905214 0.000379 0.003482
2 2 0.018797 0.015050 0.961072 0.000761 0.004319
2 2 0.083201 0.077515 0.830438 0.000295 0.008550
2 2 0.162977 0.072015 0.738881 0.000146 0.025981
2 2 0.218679 0.152181 0.614903 0.000164 0.014073
0 2 0.477424 0.099732 0.403987 0.000227 0.018630
2 2 0.145704 0.182246 0.662927 0.000384 0.008740
2 2 0.084399 0.066933 0.842109 0.002048 0.004511
2 2 0.078960 0.055416 0.858878 0.002226 0.004521
2 2 0.083104 0.051228 0.860231 0.002066 0.003372
0 2 0.515398 0.341222 0.139302 0.001466 0.002613
1 2 0.317992 0.335691 0.306036 0.000214 0.040067
2 2 0.299985 0.261372 0.407938 0.000432 0.030274
2 2 0.095255 0.072074 0.805343 0.000348 0.026980
2 2 0.217561 0.281913 0.470503 0.000431 0.029592
1 2 0.327693 0.379478 0.266964 0.000191 0.025673
1 2 0.291257 0.383878 0.289935 0.000137 0.034792
1 2 0.230378 0.639580 0.111769 0.000174 0.018099
1 2 0.228474 0.496198 0.245822 0.000241 0.029265
1 2 0.402088 0.437335 0.150341 0.000750 0.009486
1 2 0.234330 0.604271 0.137188 0.000021 0.024190
0 1 0.755348 0.172253 0.064474 0.000027 0.007899
1 1 0.367797 0.551877 0.056389 0.000004 0.023933
0 1 0.493154 0.449760 0.042627 0.000005 0.014455
0 1 0.512803 0.403391 0.059877 0.000006 0.023923
0 1 0.373671 0.308000 0.285609 0.000284 0.032436
1 1 0.340656 0.434485 0.171153 0.000019 0.053687
1 1 0.377460 0.549846 0.053670 0.000003 0.019022
1 1 0.168516 0.565436 0.206485 0.000017 0.059546
0 1 0.456630 0.379102 0.122985 0.000016 0.041266
2 1 0.259766 0.290379 0.365277 0.000019 0.084559
0 2 0.373292 0.339838 0.031412 0.000000 0.255458
1 2 0.331683 0.498479 0.043584 0.000005 0.126248
0 2 0.683852 0.249951 0.006149 0.000000 0.060048
0 2 0.531804 0.333654 0.025061 0.000002 0.109478
0 2 0.526640 0.331801 0.041203 0.000006 0.100350
0 2 0.474246 0.326080 0.031532 0.000001 0.168141
0 2 0.809375 0.142032 0.003011 0.000000 0.045582
0 2 0.512079 0.350001 0.018098 0.000000 0.119822
0 4 0.548652 0.348183 0.011256 0.000000 0.091909
0 4 0.616614 0.284775 0.014155 0.000000 0.084456
1 4 0.302247 0.485204 0.023017 0.000000 0.189532
0 4 0.704633 0.135403 0.007331 0.000000 0.152634
4 4 0.153817 0.374163 0.055304 0.000013 0.416703
1 4 0.284338 0.545751 0.031002 0.000000 0.138909
1 4 0.254899 0.439661 0.026718 0.000000 0.278722
0 4 0.487043 0.074610 0.011757 0.000000 0.426590
