0 0 0.694391 0.192738 0.006798 0.000000 0.106072
0 0 0.878055 0.028060 0.004901 0.000041 0.088943
0 0 0.746731 0.055978 0.005116 0.000007 0.192168
0 0 0.888532 0.025502 0.004186 0.000031 0.081749
0 0 0.855334 0.029187 0.004613 0.000031 0.110835
0 0 0.874172 0.025254 0.003644 0.000020 0.096909
0 0 0.761657 0.110422 0.006179 0.000002 0.121740
0 0 0.656633 0.197624 0.007394 0.000001 0.138348
0 0 0.694238 0.154744 0.006204 0.000001 0.144813
0 0 0.644862 0.215623 0.008138 0.000001 0.131377
0 0 0.405675 0.404826 0.022226 0.000003 0.167270
0 0 0.513646 0.294870 0.038276 0.000054 0.153155
0 0 0.511233 0.327570 0.026322 0.000010 0.134865
0 0 0.860090 0.042273 0.012858 0.000372 0.084407
0 0 0.695465 0.103526 0.014562 0.000044 0.186404
1 0 0.374204 0.470224 0.034983 0.000009 0.120580
1 0 0.174212 0.640279 0.038568 0.000004 0.146937
1 1 0.202756 0.636902 0.033462 0.000003 0.126878
0 1 0.556336 0.274764 0.042005 0.000091 0.126805
0 1 0.474897 0.377696 0.030133 0.000010 0.117263
1 1 0.227828 0.388654 0.237360 0.001056 0.145103
1 1 0.167389 0.474772 0.251616 0.001381 0.104840
1 1 0.139689 0.541284 0.219584 0.002422 0.097021
1 1 0.099773 0.660040 0.173599 0.000386 0.066201
1 1 0.020484 0.548249 0.325916 0.000106 0.105244
1 1 0.050090 0.562570 0.297798 0.000850 0.088691
1 1 0.035934 0.670292 0.232486 0.000724 0.060564
2 1 0.009383 0.379064 0.470818 0.003810 0.136925
2 1 0.007842 0.428391 0.439599 0.001791 0.122377
2 1 0.018360 0.247274 0.650709 0.004188 0.079470
2 1 0.010954 0.138423 0.735437 0.103599 0.011587
2 1 0.001734 0.028080 0.751518 0.216198 0.002469
2 2 0.000020 0.002668 0.895242 0.101786 0.000284
2 2 0.000490 0.023162 0.896075 0.079018 0.001255
2 2 0.000485 0.012839 0.768180 0.217130 0.001368
2 2 0.000050 0.002841 0.733447 0.263456 0.000205
2 2 0.000029 0.003828 0.884962 0.110442 0.000740
3 2 0.000050 0.000917 0.422075 0.576801 0.000158
2 2 0.001311 0.011921 0.589187 0.395523 0.002058
2 2 0.000496 0.010040 0.669862 0.318607 0.000996
3 2 0.000012 0.000208 0.280841 0.718904 0.000034
3 2 0.000069 0.001493 0.355600 0.642709 0.000129
3 2 0.000030 0.000394 0.212688 0.786823 0.000066
3 2 0.000164 0.002089 0.305268 0.692203 0.000277
3 2 0.000005 0.000063 0.103082 0.896831 0.000018
3 3 0.000292 0.001107 0.134658 0.863486 0.000458
3 3 0.000060 0.000363 0.150863 0.848588 0.000127
3 3 0.000116 0.000507 0.081365 0.917833 0.000179
3 3 0.000058 0.000358 0.159134 0.840325 0.000125
3 3 0.000069 0.000320 0.056640 0.942868 0.000103
3 3 0.000358 0.000916 0.032207 0.966180 0.000338
3 3 0.000631 0.001524 0.048958 0.948265 0.000623
3 3 0.000068 0.000315 0.056505 0.943011 0.000101
3 3 0.000069 0.000297 0.041454 0.958088 0.000093
3 3 0.000100 0.000372 0.034697 0.964712 0.000119
3 3 0.000107 0.000305 0.012414 0.987084 0.000090
3 3 0.000177 0.000484 0.018782 0.980399 0.000157
3 3 0.000158 0.000422 0.014951 0.984336 0.000133
3 3 0.000381 0.000950 0.031053 0.967264 0.000352
3 3 0.000209 0.000533 0.017066 0.982018 0.000175
3 3 0.000084 0.000249 0.011073 0.988523 0.000071
3 3 0.000196 0.000506 0.016564 0.982570 0.000164
3 3 0.000212 0.000540 0.017188 0.981883 0.000178
3 3 0.000271 0.000664 0.019332 0.979506 0.000227
3 3 0.000080 0.000238 0.010787 0.988828 0.000067
3 3 0.000059 0.000184 0.009313 0.990395 0.000050
3 3 0.000094 0.000274 0.011685 0.987867 0.000080
3 3 0.000142 0.000386 0.014201 0.985152 0.000119
3 3 0.000083 0.000246 0.010983 0.988619 0.000070
3 3 0.000104 0.000299 0.012273 0.987235 0.000088
3 3 0.000084 0.000250 0.011082 0.988513 0.000071
3 3 0.000101 0.000290 0.012074 0.987449 0.000085
3 3 0.000126 0.000351 0.013447 0.985970 0.000106
3 3 0.000105 0.000301 0.012325 0.987179 0.000089
3 3 0.000060 0.000189 0.009448 0.990251 0.000051
3 3 0.000129 0.000356 0.013558 0.985849 0.000108
3 3 0.000136 0.000372 0.013909 0.985469 0.000114
3 3 0.000079 0.000237 0.010745 0.988872 0.000067
3 3 0.000625 0.001334 0.028719 0.968803 0.000520
3 3 0.000656 0.001387 0.029365 0.968048 0.000545
3 3 0.000179 0.000694 0.083171 0.915697 0.000258
3 3 0.000908 0.001925 0.043308 0.953047 0.000812
3 3 0.000513 0.001537 0.095684 0.901612 0.000654
3 3 0.000336 0.001164 0.108138 0.889885 0.000478
3 3 0.001268 0.002784 0.074385 0.920279 0.001284
3 3 0.001386 0.003224 0.096541 0.897350 0.001499
3 3 0.000226 0.000954 0.137991 0.860461 0.000368
3 3 0.000083 0.000992 0.273919 0.724844 0.000163
3 3 0.000592 0.001936 0.165224 0.831356 0.000891
3 3 0.003092 0.005337 0.063428 0.925611 0.002533
3 3 0.000440 0.001146 0.044363 0.953606 0.000446
3 3 0.000218 0.001167 0.169089 0.829166 0.000360
3 3 0.000165 0.000778 0.160570 0.838186 0.000300
3 3 0.000289 0.001083 0.126233 0.871950 0.000445
3 3 0.000084 0.000971 0.244505 0.754282 0.000158
3 3 0.000117 0.000585 0.149276 0.849801 0.000220
3 3 0.000188 0.001317 0.272133 0.726000 0.000362
3 3 0.000085 0.000664 0.166689 0.832405 0.000156
3 3 0.000194 0.001343 0.240962 0.757150 0.000351
3 3 0.000052 0.000429 0.178432 0.820977 0.000110
3 3 0.000607 0.001865 0.130129 0.866561 0.000837
3 3 0.000024 0.000165 0.088614 0.911149 0.000049
3 3 0.000416 0.001257 0.077261 0.920555 0.000511
3 3 0.000171 0.000860 0.152780 0.845896 0.000294
3 3 0.001476 0.002969 0.061341 0.932845 0.001369
3 3 0.000410 0.001905 0.182275 0.814786 0.000624
3 3 0.000035 0.000334 0.152584 0.846975 0.000072
3 3 0.000749 0.001832 0.049149 0.947565 0.000705
3 3 0.000040 0.000437 0.230661 0.768773 0.000090
3 3 0.000072 0.000676 0.254994 0.744103 0.000155
3 3 0.000766 0.002435 0.176037 0.819644 0.001118
2 3 0.084341 0.177748 0.448286 0.257639 0.031986
3 3 0.000778 0.002057 0.092034 0.904216 0.000916
3 3 0.000240 0.001198 0.171675 0.826490 0.000398
3 3 0.001042 0.003287 0.114694 0.879807 0.001170
3 3 0.000057 0.000487 0.161134 0.838212 0.000110
3 3 0.000126 0.001058 0.296323 0.702231 0.000262
3 3 0.000174 0.001204 0.254267 0.744050 0.000304
3 3 0.000622 0.003283 0.210300 0.784933 0.000863
3 3 0.000085 0.000758 0.227395 0.771593 0.000169
3 3 0.000120 0.001099 0.235914 0.762646 0.000221
3 3 0.000277 0.002428 0.319199 0.677619 0.000478
3 3 0.000228 0.001843 0.282748 0.714778 0.000403
3 3 0.002365 0.006488 0.165913 0.822591 0.002643
3 3 0.000366 0.002347 0.201296 0.795457 0.000533
3 3 0.000080 0.000779 0.234166 0.764814 0.000160
3 3 0.000711 0.003235 0.246116 0.748858 0.001079
3 3 0.000118 0.000892 0.270947 0.727795 0.000249
3 3 0.002538 0.008841 0.253119 0.732420 0.003082
3 3 0.000164 0.001936 0.373071 0.624514 0.000315
3 3 0.000031 0.000606 0.267035 0.732261 0.000066
3 3 0.000743 0.001878 0.072110 0.924458 0.000812
3 3 0.000056 0.000718 0.224859 0.774260 0.000108
3 3 0.000341 0.001899 0.200702 0.796526 0.000532
3 3 0.000230 0.000868 0.099698 0.898866 0.000338
3 3 0.000088 0.000525 0.114407 0.884828 0.000151
3 3 0.000577 0.001389 0.043550 0.953927 0.000556
3 3 0.001711 0.003380 0.067652 0.925657 0.001600
3 3 0.002708 0.005122 0.092150 0.897422 0.002598
3 3 0.005901 0.020084 0.331055 0.636373 0.006587
2 1 0.042154 0.215206 0.543944 0.162625 0.036071
1 1 0.192434 0.380876 0.341617 0.030578 0.054495
2 1 0.045438 0.199781 0.463883 0.177025 0.113873
2 1 0.003469 0.024432 0.613168 0.353502 0.005429
2 2 0.013488 0.072783 0.598055 0.298705 0.016969
2 2 0.005001 0.041834 0.711617 0.234849 0.006699
2 2 0.007027 0.130124 0.789231 0.050797 0.022821
2 2 0.004240 0.091844 0.846522 0.025710 0.031684
2 2 0.005535 0.182480 0.776061 0.013628 0.022297
2 2 0.004707 0.210926 0.701133 0.004503 0.078732
4 4 0.036315 0.322114 0.218950 0.000420 0.422201
1 4 0.032220 0.411464 0.190781 0.000228 0.365306
4 4 0.041611 0.383610 0.186689 0.000134 0.387956
1 4 0.026322 0.372141 0.277614 0.000425 0.323499
4 4 0.075395 0.308648 0.111142 0.000297 0.504518
4 4 0.073818 0.345751 0.108467 0.000814 0.471150
1 4 0.036004 0.414093 0.171383 0.000045 0.378474
4 4 0.133276 0.164465 0.073022 0.000357 0.628880
1 4 0.141579 0.481882 0.076189 0.000120 0.300231
4 4 0.041240 0.378040 0.196525 0.000223 0.383973
4 4 0.043980 0.403807 0.143952 0.000080 0.408181
4 4 0.032820 0.405251 0.147108 0.000021 0.414802
4 4 0.073894 0.399243 0.092663 0.000185 0.434016
1 4 0.023733 0.412638 0.199117 0.000148 0.364364
1 4 0.029809 0.413014 0.173929 0.000180 0.383068
4 4 0.044002 0.367991 0.171439 0.000739 0.415829
1 4 0.036362 0.425874 0.206274 0.000151 0.331340
1 4 0.069798 0.484709 0.139821 0.000232 0.305439
1 4 0.039726 0.408414 0.177969 0.000130 0.373762
1 4 0.026516 0.408670 0.204429 0.000156 0.360230
2 4 0.012421 0.340956 0.597052 0.003083 0.046487
2 4 0.003810 0.210251 0.745315 0.001676 0.038948
2 4 0.002424 0.138184 0.823653 0.005640 0.030100
2 4 0.001118 0.102758 0.863440 0.002630 0.030054
2 4 0.002985 0.059928 0.874017 0.056732 0.006338
2 2 0.002779 0.103297 0.853595 0.015523 0.024806
2 2 0.002217 0.088694 0.869857 0.022785 0.016446
2 2 0.000435 0.017062 0.917895 0.061759 0.002848
2 2 0.018264 0.102069 0.843037 0.026206 0.010425
2 2 0.020540 0.401978 0.556199 0.002176 0.019107
1 2 0.058259 0.584615 0.272361 0.000220 0.084546
2 2 0.026570 0.330035 0.532400 0.002820 0.108175
1 2 0.172194 0.530734 0.195726 0.002198 0.099147
1 2 0.105064 0.570098 0.213317 0.000289 0.111232
0 2 0.426555 0.274297 0.169788 0.004700 0.124660
0 2 0.408193 0.250168 0.147046 0.001977 0.192616
0 2 0.405604 0.265842 0.126914 0.003531 0.198109
0 2 0.430552 0.322730 0.112315 0.001770 0.132633
1 2 0.072327 0.685024 0.157490 0.000115 0.085044
1 2 0.052062 0.529158 0.320588 0.001998 0.096194
2 2 0.000555 0.012640 0.756236 0.229633 0.000936
2 2 0.000524 0.021019 0.921634 0.054296 0.002526
2 2 0.000469 0.020693 0.935707 0.040748 0.002383
2 2 0.000039 0.007871 0.972783 0.017985 0.001322
2 2 0.000040 0.009546 0.966494 0.021943 0.001976
2 2 0.001570 0.046530 0.889767 0.059760 0.002373
2 2 0.189936 0.257487 0.439390 0.049295 0.063893
2 2 0.009664 0.090211 0.728017 0.160216 0.011892
2 2 0.002116 0.027149 0.749776 0.217380 0.003579
2 2 0.001086 0.015492 0.672152 0.309610 0.001661
2 2 0.000048 0.003473 0.809941 0.186154 0.000385
2 2 0.000023 0.001279 0.701827 0.296810 0.000061
2 2 0.000016 0.001269 0.763034 0.235574 0.000107
3 2 0.000019 0.000911 0.496303 0.502711 0.000055
2 2 0.000080 0.003179 0.675443 0.321132 0.000166
2 2 0.000015 0.001421 0.732326 0.266111 0.000127
3 2 0.000021 0.000842 0.441275 0.557792 0.000070
2 2 0.000016 0.000841 0.535319 0.463782 0.000042
3 2 0.000036 0.001130 0.487930 0.510795 0.000109
3 2 0.002066 0.009130 0.353401 0.632563 0.002840
3 2 0.000043 0.000784 0.320256 0.678824 0.000093
2 3 0.000037 0.001887 0.584434 0.413493 0.000149
3 3 0.000051 0.000822 0.356144 0.642868 0.000116
3 3 0.000047 0.001346 0.458500 0.540006 0.000100
3 3 0.000006 0.000200 0.280527 0.719252 0.000016
3 3 0.000136 0.000910 0.232372 0.766311 0.000271
3 3 0.000058 0.000712 0.324339 0.674757 0.000134
3 3 0.003789 0.009648 0.205290 0.777048 0.004225
3 3 0.000049 0.000601 0.231865 0.767384 0.000102
3 3 0.000017 0.000411 0.324321 0.675192 0.000059
3 3 0.000269 0.002242 0.281523 0.715518 0.000449
3 3 0.000021 0.000328 0.220482 0.779120 0.000049
3 3 0.000126 0.001079 0.272866 0.725678 0.000251
3 3 0.000060 0.000668 0.213927 0.785229 0.000117
3 3 0.000012 0.000120 0.120730 0.879110 0.000029
3 3 0.000097 0.000456 0.092702 0.906586 0.000160
3 3 0.000078 0.000405 0.106447 0.892930 0.000140
3 3 0.000253 0.000932 0.099888 0.898559 0.000368
3 3 0.000325 0.000846 0.030885 0.967635 0.000308
3 3 0.000337 0.001292 0.167134 0.830680 0.000557
3 3 0.000507 0.001425 0.072142 0.925336 0.000589
3 3 0.000142 0.000675 0.150618 0.848304 0.000260
3 3 0.000061 0.000323 0.087817 0.911692 0.000107
3 3 0.000053 0.000223 0.027821 0.971839 0.000065
3 3 0.000311 0.001127 0.098403 0.899731 0.000428
3 3 0.000247 0.000770 0.048118 0.950583 0.000282
3 3 0.000331 0.000832 0.027140 0.971397 0.000300
3 3 0.000179 0.000592 0.042319 0.956703 0.000207
3 3 0.000197 0.000603 0.034313 0.964678 0.000209
3 3 0.000268 0.000714 0.027377 0.971390 0.000251
3 3 0.000192 0.000509 0.018072 0.981060 0.000166
3 3 0.000138 0.000377 0.014022 0.985346 0.000116
3 3 0.000300 0.000722 0.020286 0.978441 0.000251
3 3 0.000132 0.000364 0.013730 0.985663 0.000111
3 3 0.000060 0.000216 0.016889 0.982775 0.000061
3 3 0.000081 0.000242 0.010881 0.988727 0.000069
3 3 0.000078 0.000234 0.010682 0.988939 0.000066
3 3 0.000069 0.000211 0.010058 0.989604 0.000058
3 3 0.000051 0.000164 0.008724 0.991017 0.000043
3 3 0.000072 0.000219 0.010284 0.989364 0.000061
3 3 0.000179 0.000470 0.015884 0.983316 0.000151
3 3 0.000184 0.000479 0.016065 0.983117 0.000154
3 3 0.000189 0.000491 0.016290 0.982871 0.000159
3 3 0.000133 0.000365 0.013756 0.985635 0.000112
3 3 0.000076 0.000230 0.010576 0.989053 0.000065
3 3 0.000144 0.000391 0.014309 0.985035 0.000121
3 3 0.000095 0.000277 0.011743 0.987805 0.000080
3 3 0.000099 0.000286 0.011982 0.987548 0.000084
3 3 0.000106 0.000303 0.012368 0.987134 0.000089
3 3 0.000042 0.000138 0.007901 0.991884 0.000035
3 3 0.000088 0.000259 0.011321 0.988257 0.000074
3 3 0.000072 0.000218 0.010261 0.989388 0.000061
3 3 0.000056 0.000178 0.009145 0.990573 0.000048
3 3 0.000071 0.000216 0.010201 0.989452 0.000060
3 3 0.000117 0.000329 0.012958 0.986498 0.000099
3 3 0.000054 0.000173 0.008981 0.990745 0.000046
3 3 0.000089 0.000262 0.011395 0.988178 0.000075
3 3 0.000138 0.000376 0.013996 0.985374 0.000116
3 3 0.000091 0.000265 0.011470 0.988097 0.000076
3 3 0.000224 0.000565 0.017644 0.981380 0.000187
3 3 0.000031 0.000108 0.006871 0.992963 0.000026
3 3 0.000078 0.000235 0.010705 0.988915 0.000066
3 3 0.000143 0.000388 0.014249 0.985100 0.000120
3 3 0.000092 0.000270 0.011579 0.987980 0.000078
3 3 0.000058 0.000182 0.009252 0.990459 0.000049
3 3 0.000052 0.000165 0.008758 0.990981 0.000044
3 3 0.000069 0.000211 0.010076 0.989585 0.000058
3 3 0.000259 0.000638 0.018901 0.979987 0.000216
3 3 0.000080 0.000239 0.010816 0.988797 0.000068
3 3 0.000039 0.000132 0.007704 0.992090 0.000033
3 3 0.000109 0.000310 0.012546 0.986942 0.000092
3 3 0.000086 0.000254 0.011195 0.988392 0.000073
3 3 0.000028 0.000099 0.006525 0.993325 0.000024
3 3 0.000049 0.000158 0.008536 0.991215 0.000041
3 3 0.000030 0.000106 0.006790 0.993048 0.000026
3 3 0.000048 0.000156 0.008463 0.991293 0.000041
3 3 0.000081 0.000242 0.010887 0.988721 0.000069
3 3 0.000059 0.000185 0.009344 0.990362 0.000050
3 3 0.000022 0.000082 0.005870 0.994006 0.000019
3 3 0.000055 0.000176 0.009062 0.990660 0.000047
3 3 0.000080 0.000240 0.010823 0.988789 0.000068
3 3 0.000033 0.000115 0.007121 0.992702 0.000028
3 3 0.000032 0.000112 0.006990 0.992839 0.000027
3 3 0.000067 0.000206 0.009915 0.989756 0.000057
3 3 0.000048 0.000156 0.008474 0.991281 0.000041
3 3 0.000043 0.000141 0.008002 0.991778 0.000036
3 3 0.000053 0.000168 0.008845 0.990889 0.000045
3 3 0.000270 0.000662 0.019310 0.979531 0.000226
3 3 0.000144 0.000392 0.014319 0.985024 0.000121
3 3 0.004061 0.005967 0.067262 0.919710 0.003000
3 3 0.017821 0.035350 0.331737 0.601538 0.013553
3 3 0.004812 0.030862 0.461271 0.497718 0.005336
3 3 0.004075 0.013563 0.279797 0.698296 0.004269
3 3 0.005966 0.018546 0.397252 0.573759 0.004478
2 3 0.010204 0.038582 0.515303 0.429796 0.006116
3 3 0.009049 0.023132 0.402680 0.558699 0.006441
2 3 0.023780 0.089281 0.593573 0.282019 0.011348
2 3 0.009492 0.038757 0.620811 0.325500 0.005440
2 2 0.070965 0.176309 0.624521 0.107652 0.020553
2 2 0.062631 0.121128 0.629100 0.169340 0.017801
0 2 0.944719 0.023520 0.008699 0.000424 0.022638
0 2 0.918938 0.035381 0.014614 0.000829 0.030238
0 2 0.962095 0.016730 0.005260 0.000183 0.015731
0 2 0.961876 0.017485 0.005321 0.000166 0.015152
0 1 0.945811 0.033259 0.008014 0.000100 0.012815
0 1 0.953225 0.027049 0.006792 0.000104 0.012830
0 1 0.958366 0.025541 0.005669 0.000062 0.010362
0 1 0.957520 0.026369 0.005783 0.000060 0.010267
0 1 0.987706 0.006280 0.001154 0.000012 0.004848
0 1 0.953454 0.033779 0.005611 0.000024 0.007132
0 1 0.726769 0.130734 0.051204 0.001693 0.089599
0 1 0.382986 0.338860 0.094953 0.000869 0.182332
1 1 0.173859 0.573933 0.121419 0.000100 0.130689
1 1 0.156170 0.540879 0.125417 0.000120 0.177414
1 1 0.106829 0.653868 0.113323 0.000100 0.125881
1 1 0.048730 0.649230 0.126684 0.000071 0.175285
1 1 0.061042 0.770331 0.070643 0.000015 0.097969
1 1 0.183070 0.522321 0.114595 0.000389 0.179625
0 4 0.443879 0.113510 0.053325 0.003519 0.385767
0 4 0.445499 0.168930 0.056987 0.001314 0.327270
4 4 0.038501 0.060032 0.023887 0.000887 0.876692
4 4 0.068308 0.046574 0.010183 0.000104 0.874832
4 4 0.078759 0.223941 0.029303 0.000040 0.667957
4 4 0.097620 0.069104 0.021747 0.000512 0.811017
4 4 0.056052 0.151083 0.024772 0.000068 0.768025
4 4 0.049955 0.188704 0.035789 0.000125 0.725427
4 4 0.103194 0.071118 0.022730 0.000556 0.802402
4 4 0.082276 0.064408 0.019847 0.000440 0.833028
4 4 0.068641 0.196304 0.020985 0.000018 0.714052
4 4 0.087932 0.185527 0.029155 0.000072 0.697314
4 4 0.102506 0.243295 0.046324 0.000167 0.607707
4 4 0.086309 0.280879 0.048538 0.000028 0.584246
4 4 0.076286 0.314486 0.052468 0.000111 0.556648
4 4 0.097951 0.272691 0.062273 0.000106 0.566980
4 4 0.071553 0.287591 0.031820 0.000020 0.609015
4 4 0.150352 0.288043 0.046538 0.000061 0.515006
4 4 0.108121 0.230686 0.044857 0.000038 0.616298
4 4 0.227519 0.076589 0.019111 0.000280 0.676501
4 4 0.115826 0.302489 0.038255 0.000044 0.543384
4 4 0.092947 0.284124 0.059208 0.000028 0.563692
4 4 0.054528 0.208691 0.026329 0.000011 0.710440
4 4 0.040068 0.209992 0.063469 0.000066 0.686406
4 4 0.081853 0.060173 0.016979 0.000310 0.840685
4 4 0.130520 0.068926 0.019223 0.000353 0.780978
4 4 0.108651 0.185998 0.036086 0.000159 0.669107
4 4 0.069639 0.122217 0.021578 0.000083 0.786483
4 4 0.058173 0.214381 0.039399 0.000123 0.687924
4 4 0.068305 0.165772 0.023690 0.000046 0.742188
4 4 0.045725 0.243335 0.044773 0.000033 0.666133
4 4 0.056316 0.209028 0.042344 0.000018 0.692293
4 4 0.057629 0.249923 0.143282 0.000774 0.548392
4 4 0.049321 0.314848 0.111024 0.000203 0.524604
4 4 0.046816 0.381317 0.109851 0.000078 0.461937
4 1 0.054321 0.291050 0.125292 0.000137 0.529201
4 1 0.028577 0.346304 0.098338 0.000013 0.526768
4 1 0.034875 0.321559 0.121261 0.000044 0.522261
4 2 0.035552 0.334986 0.115114 0.000078 0.514270
4 2 0.036229 0.327470 0.092709 0.000051 0.543541
4 2 0.043460 0.309957 0.121825 0.000059 0.524698
4 2 0.052894 0.349075 0.113696 0.000087 0.484247
2 2 0.009112 0.208151 0.525318 0.002218 0.255202
2 2 0.010225 0.301280 0.348623 0.000601 0.339270
2 2 0.006316 0.289352 0.416181 0.000692 0.287459
2 2 0.012679 0.262221 0.375779 0.000608 0.348713
4 2 0.012141 0.348690 0.272836 0.002916 0.363417
4 2 0.019883 0.337964 0.302810 0.001215 0.338127
2 2 0.009777 0.228705 0.491543 0.001097 0.268878
2 2 0.010327 0.257795 0.422237 0.002939 0.306702
2 2 0.005344 0.260825 0.497433 0.003866 0.232534
2 2 0.018290 0.281897 0.360396 0.000881 0.338536
1 2 0.091169 0.469578 0.179134 0.000029 0.260090
1 2 0.078038 0.442268 0.259861 0.000223 0.219610
1 2 0.099213 0.498942 0.181969 0.000028 0.219848
1 2 0.050257 0.379532 0.312061 0.000436 0.257714
0 2 0.446908 0.103937 0.047725 0.001959 0.399471
1 1 0.361354 0.449396 0.075471 0.000148 0.113631
1 1 0.150884 0.534932 0.112156 0.000239 0.201789
0 1 0.404370 0.376724 0.123221 0.001430 0.094256
1 1 0.359529 0.469848 0.102278 0.000340 0.068006
1 1 0.111087 0.668314 0.122077 0.000083 0.098439
2 1 0.011265 0.371826 0.525642 0.002156 0.089111
2 1 0.007413 0.298440 0.603155 0.002657 0.088336
2 1 0.013707 0.326020 0.513472 0.004781 0.142021
2 1 0.010533 0.181414 0.714915 0.015295 0.077843
2 1 0.008446 0.185716 0.697110 0.017710 0.091017
2 1 0.007226 0.117162 0.762678 0.033791 0.079142
2 1 0.001432 0.075630 0.850817 0.017256 0.054864
2 1 0.007414 0.124496 0.742781 0.054795 0.070513
2 2 0.000196 0.028619 0.932769 0.006002 0.032414
2 2 0.000216 0.025716 0.938248 0.012894 0.022926
2 2 0.000101 0.009495 0.954461 0.033038 0.002904
2 2 0.000106 0.015067 0.965776 0.012797 0.006254
2 2 0.000066 0.010627 0.973106 0.010792 0.005409
2 2 0.000309 0.037506 0.931506 0.012339 0.018341
2 2 0.000192 0.024034 0.942733 0.014198 0.018842
2 2 0.000057 0.007950 0.952656 0.036982 0.002354
2 2 0.000193 0.015647 0.943277 0.036708 0.004175
2 2 0.000070 0.016043 0.963229 0.011468 0.009190
2 2 0.000163 0.017205 0.952847 0.024375 0.005411
2 2 0.000214 0.011826 0.924107 0.060683 0.003169
2 2 0.000058 0.004063 0.872129 0.123256 0.000494
2 2 0.000696 0.013809 0.711910 0.272458 0.001127
2 2 0.000098 0.008279 0.911373 0.078722 0.001528
2 2 0.000101 0.006592 0.847458 0.144250 0.001599
2 2 0.000066 0.005497 0.837993 0.154280 0.002164
2 2 0.000012 0.001474 0.856662 0.141572 0.000280
2 2 0.000089 0.008196 0.897313 0.091646 0.002756
2 2 0.000050 0.006008 0.940152 0.052865 0.000925
2 2 0.000034 0.002583 0.851956 0.145024 0.000403
2 2 0.035437 0.081061 0.561680 0.300412 0.021409
2 2 0.005165 0.044911 0.686195 0.257573 0.006156
2 2 0.000124 0.003950 0.639495 0.356191 0.000240
2 2 0.000029 0.001198 0.604588 0.394114 0.000071
2 2 0.000072 0.003649 0.782223 0.213662 0.000394
2 2 0.000050 0.001915 0.647238 0.350609 0.000188
2 2 0.000068 0.002998 0.674293 0.322497 0.000143
2 2 0.000349 0.008188 0.668515 0.322353 0.000595
2 2 0.000045 0.001261 0.520671 0.477918 0.000105
2 2 0.000808 0.010569 0.574134 0.413250 0.001240
2 2 0.003503 0.020154 0.511840 0.460002 0.004501
2 2 0.008620 0.041086 0.531178 0.409162 0.009954
3 2 0.000126 0.002141 0.484049 0.513425 0.000259
2 2 0.000254 0.007649 0.773455 0.217553 0.001088
2 2 0.000033 0.001337 0.535687 0.462867 0.000075
2 2 0.000235 0.004399 0.602561 0.392198 0.000607
2 2 0.000056 0.002578 0.669281 0.327877 0.000207
2 2 0.000137 0.002031 0.523583 0.473945 0.000303
2 2 0.000039 0.001916 0.705569 0.292162 0.000315
2 2 0.000108 0.002748 0.573265 0.423661 0.000219
2 2 0.000266 0.003760 0.515341 0.480135 0.000498
3 2 0.000089 0.001158 0.312474 0.686101 0.000178
2 2 0.000005 0.000361 0.597634 0.401964 0.000036
2 2 0.000130 0.003447 0.572349 0.423291 0.000783
3 2 0.000170 0.003780 0.485519 0.510238 0.000293
2 2 0.000110 0.002294 0.553007 0.444354 0.000236
3 2 0.000071 0.001338 0.399868 0.598574 0.000148
3 2 0.000066 0.001533 0.412850 0.585419 0.000132
3 2 0.000029 0.000560 0.314538 0.684806 0.000066
3 2 0.000204 0.003254 0.445191 0.550987 0.000364
3 2 0.000018 0.000459 0.451746 0.547703 0.000073
3 2 0.000151 0.001712 0.307741 0.690124 0.000273
3 2 0.000055 0.000902 0.388221 0.610693 0.000128
3 2 0.000069 0.001486 0.417540 0.580561 0.000343
3 2 0.000071 0.001202 0.382766 0.615809 0.000151
3 2 0.000151 0.001708 0.332933 0.664925 0.000283
3 3 0.000172 0.001380 0.292982 0.705131 0.000335
3 3 0.000656 0.002239 0.147357 0.848848 0.000899
3 3 0.000019 0.000221 0.165685 0.834030 0.000044
3 3 0.000218 0.001615 0.227267 0.770536 0.000364
3 3 0.002137 0.007751 0.236463 0.751056 0.002593
3 3 0.001491 0.003170 0.078440 0.915400 0.001498
3 3 0.013425 0.020493 0.135522 0.819722 0.010838
2 3 0.008684 0.051262 0.559649 0.370814 0.009592
3 3 0.000566 0.003166 0.307514 0.687818 0.000937
3 3 0.000664 0.003696 0.339362 0.655170 0.001108
3 3 0.000212 0.001300 0.276616 0.721453 0.000419
2 3 0.000221 0.003328 0.565495 0.430507 0.000449
3 3 0.000099 0.001732 0.387609 0.610362 0.000198
3 3 0.000077 0.001527 0.405309 0.592931 0.000156
2 3 0.000099 0.002834 0.509456 0.487345 0.000266
3 3 0.000039 0.000651 0.283316 0.715908 0.000085
3 3 0.000027 0.000552 0.380711 0.618641 0.000069
3 3 0.000018 0.000457 0.354081 0.645400 0.000044
3 3 0.000069 0.001494 0.398264 0.600036 0.000137
3 3 0.000006 0.000272 0.348957 0.650748 0.000017
3 3 0.000091 0.000934 0.268711 0.730082 0.000182
3 3 0.000295 0.002059 0.208306 0.788892 0.000448
3 3 0.000038 0.000697 0.422046 0.577122 0.000097
3 3 0.000183 0.001731 0.287295 0.710463 0.000327
3 3 0.000246 0.001910 0.312571 0.684821 0.000453
3 3 0.000379 0.001428 0.171199 0.826376 0.000618
3 3 0.000039 0.000600 0.282533 0.716741 0.000087
3 3 0.000161 0.002388 0.386624 0.610536 0.000291
3 3 0.000139 0.001403 0.361810 0.636358 0.000290
3 3 0.000162 0.002032 0.369230 0.628273 0.000303
3 3 0.000691 0.004272 0.235809 0.758301 0.000926
3 3 0.000481 0.002975 0.261955 0.733846 0.000743
3 3 0.000169 0.001866 0.414445 0.583172 0.000348
3 3 0.001259 0.004089 0.162266 0.830842 0.001545
3 3 0.000178 0.002270 0.369017 0.628213 0.000322
3 3 0.000240 0.001946 0.375033 0.622303 0.000478
3 3 0.000035 0.000725 0.306133 0.693031 0.000075
3 3 0.000040 0.001142 0.405666 0.593069 0.000083
3 3 0.000081 0.001333 0.407066 0.591347 0.000173
3 3 0.000083 0.000801 0.223217 0.775737 0.000162
3 3 0.001053 0.004577 0.204106 0.788918 0.001346
3 3 0.000726 0.004695 0.316751 0.676745 0.001083
3 3 0.000227 0.001947 0.328362 0.669043 0.000422
3 3 0.001423 0.006075 0.251155 0.739486 0.001860
3 3 0.001553 0.007749 0.307753 0.680885 0.002060
3 3 0.016170 0.040480 0.301362 0.627049 0.014939
3 3 0.015899 0.062540 0.367072 0.540636 0.013853
2 3 0.006343 0.041402 0.583559 0.361205 0.007491
2 3 0.002941 0.021225 0.505496 0.466613 0.003725
3 3 0.000424 0.004429 0.412212 0.582238 0.000697
2 3 0.000118 0.002528 0.584264 0.412758 0.000331
2 3 0.000205 0.003545 0.604075 0.391746 0.000428
2 3 0.001216 0.011336 0.514832 0.470835 0.001781
2 3 0.006988 0.069365 0.742216 0.172962 0.008469
3 3 0.001906 0.009781 0.309892 0.676040 0.002380
3 3 0.000352 0.003444 0.391622 0.603976 0.000606
2 3 0.000207 0.002834 0.546976 0.449550 0.000434
2 3 0.000057 0.002253 0.629328 0.368239 0.000124
1 3 0.117865 0.433017 0.362335 0.029845 0.056938
2 3 0.016204 0.144828 0.688177 0.134344 0.016446
3 3 0.001479 0.012979 0.472046 0.511491 0.002006
2 3 0.000057 0.002326 0.681529 0.315958 0.000129
3 3 0.000053 0.001128 0.481070 0.517642 0.000107
2 3 0.000546 0.007624 0.563093 0.427840 0.000897
2 3 0.000629 0.009641 0.663894 0.324765 0.001070
2 2 0.001910 0.031339 0.719614 0.243373 0.003764
2 2 0.001136 0.012044 0.500252 0.484977 0.001591
2 2 0.009729 0.195337 0.723513 0.061824 0.009598
2 2 0.009433 0.180391 0.758817 0.041029 0.010330
2 2 0.001896 0.027409 0.776866 0.190994 0.002835
2 2 0.000498 0.003627 0.579923 0.415357 0.000595
2 2 0.000165 0.003702 0.712633 0.283198 0.000302
2 2 0.000046 0.002233 0.684934 0.312681 0.000105
2 2 0.000087 0.002354 0.622509 0.374878 0.000172
2 2 0.000320 0.004324 0.633695 0.361003 0.000658
2 2 0.000406 0.007406 0.797874 0.193683 0.000630
2 2 0.000834 0.019844 0.806656 0.171335 0.001331
2 2 0.007823 0.090172 0.731618 0.161636 0.008750
2 2 0.000114 0.003685 0.687072 0.308891 0.000237
2 2 0.000127 0.003243 0.721587 0.274809 0.000234
2 2 0.000784 0.010982 0.718937 0.268188 0.001109
2 2 0.000127 0.004547 0.936505 0.058216 0.000606
2 2 0.000175 0.003194 0.843743 0.152661 0.000227
2 2 0.001963 0.031476 0.833026 0.131357 0.002178
2 2 0.036878 0.338315 0.578148 0.025568 0.021091
2 2 0.018860 0.212153 0.740571 0.014903 0.013513
2 2 0.003662 0.057521 0.865284 0.068711 0.004823
2 2 0.001914 0.014728 0.856117 0.125456 0.001786
2 2 0.000200 0.006236 0.744434 0.248742 0.000387
2 2 0.000384 0.006868 0.757871 0.234391 0.000485
2 2 0.001140 0.017365 0.830186 0.149821 0.001488
2 2 0.029575 0.193746 0.751757 0.012730 0.012193
1 2 0.044740 0.519417 0.423537 0.001271 0.011035
2 2 0.004756 0.110190 0.833662 0.045687 0.005706
2 2 0.004058 0.067122 0.794640 0.129130 0.005051
2 2 0.006096 0.048054 0.907389 0.034811 0.003650
2 2 0.002147 0.023699 0.868882 0.103335 0.001937
2 2 0.004049 0.055383 0.875731 0.061170 0.003667
2 2 0.008668 0.105048 0.854792 0.025527 0.005965
2 2 0.000584 0.018570 0.958532 0.021817 0.000497
1 2 0.231324 0.539994 0.200715 0.001893 0.026074
2 2 0.054707 0.434093 0.486598 0.004433 0.020169
2 2 0.025834 0.381542 0.577461 0.002933 0.012230
2 2 0.029362 0.399056 0.552500 0.004274 0.014807
2 2 0.007985 0.273525 0.691386 0.007002 0.020103
2 2 0.004055 0.119095 0.815676 0.012418 0.048756
2 2 0.018477 0.235285 0.630966 0.050571 0.064701
2 2 0.002104 0.060117 0.881383 0.031923 0.024473
2 2 0.009706 0.326214 0.586964 0.001331 0.075785
2 2 0.006098 0.304179 0.570146 0.001187 0.118390
2 2 0.014143 0.344100 0.549334 0.002357 0.090066
2 2 0.010348 0.295388 0.549591 0.003263 0.141411
2 2 0.006936 0.311272 0.555847 0.001235 0.124710
2 2 0.017535 0.333984 0.507800 0.003671 0.137009
2 4 0.009323 0.300425 0.545293 0.001066 0.143892
4 4 0.082780 0.285643 0.057021 0.000063 0.574494
4 4 0.094078 0.324125 0.052555 0.000106 0.529136
4 4 0.124612 0.242334 0.046258 0.000175 0.586620
4 4 0.083253 0.210034 0.048404 0.000294 0.658015
4 4 0.094771 0.296648 0.041037 0.000058 0.567487
4 4 0.115124 0.302707 0.041501 0.000059 0.540610
4 4 0.114984 0.278652 0.043024 0.000087 0.563253
4 4 0.087089 0.161429 0.033931 0.000143 0.717409
4 4 0.110433 0.217569 0.029524 0.000048 0.642426
4 4 0.175856 0.078445 0.023427 0.000513 0.721758
4 4 0.167073 0.284452 0.045469 0.000106 0.502900
4 4 0.165890 0.244103 0.040022 0.000108 0.549877
4 4 0.175558 0.178499 0.034111 0.000162 0.611670
4 4 0.199466 0.062993 0.017772 0.000126 0.719643
4 4 0.242642 0.083122 0.024534 0.000538 0.649163
4 4 0.190361 0.302275 0.040951 0.000062 0.466351
4 4 0.140992 0.166291 0.033733 0.000185 0.658799
4 4 0.203703 0.082958 0.025570 0.000608 0.687161
4 4 0.147472 0.210627 0.024051 0.000026 0.617825
4 4 0.192813 0.318471 0.036140 0.000034 0.452542
4 4 0.208461 0.056197 0.010176 0.000074 0.725092
4 4 0.197073 0.066410 0.015263 0.000188 0.721066
4 4 0.228090 0.069050 0.016044 0.000206 0.686610
4 4 0.184337 0.067435 0.016154 0.000218 0.731857
4 4 0.193119 0.061723 0.012947 0.000130 0.732081
4 4 0.224471 0.082345 0.024455 0.000540 0.668188
4 4 0.106525 0.142531 0.008494 0.000002 0.742448
4 4 0.089566 0.154865 0.016890 0.000018 0.738661
4 4 0.127183 0.181824 0.027500 0.000067 0.663427
4 4 0.221483 0.129139 0.026992 0.000196 0.622190
4 4 0.162414 0.195272 0.044272 0.000306 0.597736
4 4 0.119666 0.382589 0.043340 0.000033 0.454372
4 4 0.130747 0.102564 0.019891 0.000120 0.746677
4 4 0.067320 0.410942 0.041597 0.000021 0.480120
4 4 0.100509 0.342176 0.050507 0.000020 0.506788
4 4 0.187920 0.312939 0.030823 0.000020 0.468298
4 4 0.065380 0.314805 0.057607 0.000017 0.562190
4 4 0.086586 0.409595 0.041490 0.000022 0.462307
4 4 0.102111 0.361440 0.052474 0.000076 0.483899
4 4 0.102488 0.305129 0.051258 0.000016 0.541108
1 4 0.088505 0.441912 0.077709 0.000142 0.391730
1 4 0.047888 0.464176 0.091089 0.000137 0.396710
4 4 0.054248 0.377512 0.127623 0.000187 0.440429
1 4 0.115652 0.404869 0.084332 0.000112 0.395035
4 4 0.069941 0.369493 0.109262 0.000044 0.451261
1 4 0.067214 0.426659 0.117449 0.000104 0.388573
4 4 0.081874 0.338108 0.129204 0.000130 0.450684
4 4 0.049487 0.360081 0.160508 0.000067 0.429857
1 4 0.048135 0.409872 0.140551 0.000070 0.401372
4 4 0.098887 0.282878 0.125818 0.000214 0.492202
0 4 0.671858 0.125378 0.052866 0.002323 0.147574
0 4 0.797027 0.066357 0.031748 0.002462 0.102405
1 4 0.167005 0.360346 0.138958 0.000090 0.333600
1 4 0.089866 0.451331 0.149469 0.000147 0.309187
1 4 0.041257 0.552479 0.147035 0.000045 0.259183
1 4 0.086429 0.406728 0.231681 0.001426 0.273736
1 4 0.039784 0.492266 0.238928 0.000380 0.228642
1 4 0.060747 0.446863 0.172020 0.000231 0.320139
2 4 0.024020 0.171245 0.654025 0.003129 0.147581
1 4 0.078876 0.547236 0.142466 0.000182 0.231239
2 4 0.006931 0.319970 0.482070 0.002194 0.188835
2 4 0.030121 0.377253 0.390293 0.002670 0.199664
2 4 0.008894 0.367184 0.379727 0.001791 0.242403
2 4 0.004539 0.188982 0.659109 0.007580 0.139791
2 4 0.007004 0.263242 0.542388 0.004819 0.182547
2 4 0.002243 0.144929 0.713300 0.005097 0.134431
2 4 0.003996 0.202312 0.639480 0.002885 0.151326
2 4 0.007061 0.286561 0.538759 0.000728 0.166891
2 4 0.004964 0.143758 0.704461 0.013482 0.133335
1 4 0.043586 0.403252 0.291537 0.000270 0.261356
2 4 0.050497 0.393243 0.443313 0.001152 0.111795
1 4 0.039638 0.545399 0.364913 0.000316 0.049733
1 4 0.037355 0.533472 0.374080 0.000449 0.054644
1 4 0.361907 0.382364 0.207340 0.002965 0.045424
1 4 0.107347 0.457844 0.374111 0.002509 0.058189
1 1 0.017333 0.475593 0.398165 0.001378 0.107532
2 1 0.004644 0.129022 0.819602 0.012744 0.033988
2 1 0.019721 0.287517 0.628346 0.001291 0.063126
2 1 0.003270 0.124253 0.814110 0.022229 0.036138
2 1 0.007057 0.192271 0.706036 0.015323 0.079313
2 1 0.000413 0.021309 0.876227 0.094206 0.007845
2 1 0.000140 0.010345 0.918879 0.067758 0.002878
2 2 0.000050 0.006322 0.936209 0.053236 0.004184
2 2 0.000013 0.001711 0.860869 0.137033 0.000374
2 2 0.000025 0.006060 0.964699 0.027025 0.002191
2 2 0.000098 0.006730 0.867945 0.122691 0.002536
2 2 0.000017 0.002208 0.876571 0.120225 0.000979
2 2 0.000080 0.006676 0.897516 0.094706 0.001021
2 2 0.000007 0.000944 0.893363 0.105471 0.000215
2 2 0.000209 0.008705 0.873576 0.113662 0.003848
2 2 0.000075 0.007608 0.895586 0.095270 0.001461
2 2 0.000063 0.003383 0.772347 0.223855 0.000353
2 2 0.000048 0.006158 0.919106 0.073036 0.001653
2 2 0.000064 0.003663 0.776404 0.219487 0.000381
2 2 0.000008 0.001179 0.880256 0.118263 0.000294
2 2 0.000032 0.001972 0.705433 0.292082 0.000481
2 2 0.000214 0.005491 0.795189 0.197772 0.001334
2 2 0.000020 0.002503 0.872879 0.124150 0.000448
2 2 0.000005 0.000408 0.732052 0.267489 0.000046
2 2 0.000041 0.002420 0.717447 0.279828 0.000265
2 2 0.000106 0.002372 0.501412 0.495726 0.000384
3 2 0.000019 0.000706 0.442455 0.556734 0.000087
2 2 0.000034 0.001648 0.700106 0.297799 0.000414
2 2 0.000013 0.000853 0.631983 0.366986 0.000163
3 2 0.000037 0.000678 0.358640 0.640472 0.000173
3 2 0.000029 0.000781 0.355844 0.643223 0.000123
3 3 0.000062 0.000622 0.297964 0.701157 0.000195
3 3 0.000126 0.001692 0.336960 0.660831 0.000390
3 3 0.000189 0.000816 0.124364 0.874300 0.000330
3 3 0.000450 0.001894 0.203774 0.793074 0.000808
3 3 0.000328 0.001301 0.165960 0.831873 0.000538
3 3 0.000314 0.001087 0.099014 0.899146 0.000439
3 3 0.000158 0.000717 0.139008 0.859839 0.000277
3 3 0.000289 0.001026 0.100595 0.897679 0.000411
3 3 0.000464 0.001467 0.106704 0.890740 0.000625
3 3 0.000046 0.000284 0.124656 0.874920 0.000094
3 3 0.000341 0.001034 0.062273 0.935949 0.000403
3 3 0.001423 0.002867 0.059215 0.935183 0.001312
3 3 0.000927 0.002144 0.064076 0.931913 0.000940
3 3 0.001449 0.002927 0.061063 0.933214 0.001346
3 3 0.000321 0.000764 0.020939 0.977709 0.000268
3 3 0.000590 0.001271 0.027949 0.969698 0.000491
3 3 0.000490 0.001091 0.025971 0.972038 0.000410
3 3 0.001616 0.002943 0.044837 0.949272 0.001332
3 3 0.000479 0.001070 0.025613 0.972438 0.000400
3 3 0.000453 0.001080 0.031470 0.966589 0.000409
3 3 0.000311 0.000744 0.020627 0.978059 0.000260
3 3 0.000523 0.001149 0.026404 0.971488 0.000436
3 3 0.000425 0.000966 0.023931 0.974323 0.000354
3 3 0.000333 0.000797 0.022302 0.976285 0.000283
3 3 0.000823 0.001677 0.032685 0.964132 0.000682
3 3 0.000148 0.000412 0.016463 0.982848 0.000129
3 3 0.000304 0.000731 0.020422 0.978289 0.000254
3 3 0.000203 0.000521 0.016852 0.982253 0.000170
3 3 0.000313 0.000748 0.020700 0.977977 0.000262
3 3 0.000248 0.000617 0.018545 0.980382 0.000208
3 3 0.000218 0.000554 0.017444 0.981601 0.000183
3 3 0.000782 0.001606 0.031902 0.965062 0.000648
3 3 0.000438 0.000990 0.024264 0.973943 0.000365
3 3 0.000422 0.000961 0.023856 0.974408 0.000352
3 3 0.002206 0.003814 0.051813 0.940353 0.001814
3 3 0.005683 0.010228 0.117356 0.861661 0.005072
2 3 0.078689 0.213813 0.554136 0.123631 0.029730
2 3 0.010669 0.051155 0.540382 0.384760 0.013035
2 3 0.000969 0.010292 0.564307 0.422918 0.001514
2 3 0.001010 0.010268 0.538994 0.448185 0.001544
2 3 0.000298 0.003139 0.538616 0.457334 0.000613
2 3 0.000100 0.003253 0.731663 0.264644 0.000341
2 3 0.000601 0.008616 0.612010 0.377770 0.001003
2 3 0.000102 0.003070 0.614237 0.382384 0.000207
2 3 0.002611 0.033517 0.685068 0.272890 0.005915
2 3 0.000033 0.001556 0.642232 0.355974 0.000205
2 2 0.000055 0.003030 0.768293 0.228370 0.000252
2 2 0.001929 0.025163 0.680538 0.289709 0.002661
2 2 0.000134 0.004723 0.682804 0.312084 0.000256
2 2 0.001509 0.029518 0.812142 0.154577 0.002253
2 2 0.002332 0.034784 0.747607 0.212109 0.003167
2 2 0.005260 0.038786 0.603531 0.346057 0.006366
2 2 0.000187 0.007826 0.840554 0.151060 0.000373
2 2 0.000373 0.011465 0.723465 0.262868 0.001828
2 2 0.000037 0.002615 0.846688 0.150431 0.000228
2 2 0.000139 0.006502 0.820227 0.172145 0.000987
2 2 0.000586 0.008665 0.608506 0.381273 0.000970
2 2 0.000298 0.016717 0.908553 0.071135 0.003298
2 2 0.000298 0.020658 0.933332 0.042721 0.002991
2 2 0.000181 0.007899 0.794814 0.195842 0.001264
2 2 0.000273 0.009526 0.787563 0.201166 0.001471
2 2 0.000083 0.003377 0.814415 0.181866 0.000260
2 2 0.000206 0.004929 0.689286 0.304797 0.000782
2 2 0.000118 0.002501 0.550382 0.446606 0.000392
2 2 0.000029 0.002006 0.806361 0.191421 0.000184
3 2 0.000610 0.005379 0.412619 0.580316 0.001076
3 2 0.001013 0.006056 0.324771 0.666716 0.001443
2 2 0.000144 0.003452 0.687392 0.308166 0.000846
2 2 0.001320 0.013394 0.585908 0.396555 0.002822
2 2 0.000611 0.007848 0.511730 0.478862 0.000949
2 2 0.000174 0.003432 0.636882 0.359110 0.000402
2 2 0.000324 0.005412 0.517613 0.476080 0.000571
2 2 0.000242 0.006129 0.647394 0.345178 0.001057
2 2 0.000454 0.008291 0.678248 0.312207 0.000800
3 2 0.000054 0.001123 0.385560 0.613148 0.000115
3 2 0.000306 0.002443 0.301887 0.694844 0.000519
3 2 0.000258 0.003101 0.335255 0.660973 0.000414
2 2 0.000203 0.004479 0.531562 0.463403 0.000353
2 2 0.000263 0.004509 0.510422 0.484348 0.000458
3 2 0.000717 0.006607 0.465528 0.526189 0.000958
3 2 0.002491 0.020211 0.475340 0.498908 0.003050
2 2 0.002159 0.018540 0.524429 0.452033 0.002839
3 2 0.000305 0.003472 0.393913 0.601793 0.000517
3 2 0.000242 0.001875 0.358859 0.638553 0.000471
2 2 0.000103 0.004061 0.698895 0.296736 0.000206
3 2 0.000390 0.003636 0.433736 0.561539 0.000700
3 2 0.000151 0.002636 0.430353 0.566585 0.000275
2 2 0.000078 0.002618 0.581122 0.415942 0.000240
3 2 0.000285 0.004117 0.477955 0.517144 0.000499
2 2 0.000145 0.003686 0.715964 0.279918 0.000287
3 2 0.000100 0.001887 0.478643 0.519163 0.000208
2 2 0.000093 0.002264 0.542888 0.454572 0.000183
2 2 0.000145 0.002778 0.538232 0.458554 0.000291
2 2 0.000427 0.006302 0.530150 0.462414 0.000707
2 2 0.007319 0.128859 0.744055 0.011203 0.108564
1 2 0.009695 0.419974 0.338418 0.000806 0.231107
1 2 0.028164 0.421792 0.231136 0.000505 0.318403
1 2 0.043892 0.467394 0.202508 0.000118 0.286088
4 4 0.047342 0.381718 0.169445 0.000239 0.401255
4 4 0.038853 0.343670 0.234381 0.000461 0.382634
4 4 0.232989 0.147610 0.097556 0.006147 0.515697
4 4 0.110078 0.232232 0.143197 0.001747 0.512746
4 4 0.094851 0.174715 0.122385 0.004726 0.603324
0 4 0.366163 0.216864 0.086671 0.002647 0.327654
4 4 0.149818 0.045032 0.006819 0.000033 0.798298
4 4 0.085182 0.157423 0.012661 0.000006 0.744727
4 4 0.186907 0.052022 0.008804 0.000055 0.752212
4 4 0.156592 0.090708 0.012365 0.000033 0.740301
4 4 0.141523 0.059030 0.012990 0.000142 0.786314
4 4 0.171393 0.054401 0.010044 0.000075 0.764087
4 4 0.131587 0.085552 0.010643 0.000022 0.772196
4 4 0.308917 0.060325 0.010990 0.000084 0.619684
4 4 0.149583 0.057830 0.012136 0.000120 0.780331
4 4 0.163363 0.055890 0.010868 0.000091 0.769787
4 4 0.118806 0.182851 0.028760 0.000076 0.669508
4 4 0.134214 0.210645 0.025184 0.000031 0.629925
4 4 0.236426 0.072306 0.017721 0.000256 0.673290
4 4 0.118272 0.105151 0.028916 0.000414 0.747247
4 4 0.110063 0.072597 0.023234 0.000573 0.793533
4 4 0.163580 0.257000 0.039538 0.000088 0.539794
4 4 0.157082 0.152877 0.027250 0.000114 0.662676
4 4 0.169874 0.095660 0.022229 0.000232 0.712004
4 4 0.157543 0.124186 0.019994 0.000071 0.698206
4 4 0.105058 0.195415 0.022334 0.000016 0.677177
4 4 0.124330 0.388739 0.067070 0.000150 0.419711
4 4 0.082572 0.366995 0.093815 0.000543 0.456075
4 4 0.094887 0.287942 0.079002 0.000127 0.538042
4 4 0.058846 0.321104 0.116164 0.000146 0.503740
4 4 0.144542 0.295020 0.085554 0.000526 0.474358
4 4 0.102195 0.356492 0.078337 0.000110 0.462866
4 4 0.037124 0.323052 0.150544 0.000066 0.489213
4 4 0.040283 0.310002 0.151422 0.000364 0.497929
4 4 0.038970 0.326740 0.116081 0.000069 0.518140
4 4 0.032957 0.334444 0.143952 0.000180 0.488468
1 4 0.076084 0.427250 0.102226 0.000067 0.394372
1 4 0.096454 0.441257 0.090586 0.000092 0.371611
1 4 0.052626 0.444146 0.117888 0.000049 0.385292
1 4 0.155769 0.398341 0.111205 0.000250 0.334434
4 4 0.093383 0.376280 0.129489 0.000127 0.400722
1 4 0.059380 0.392136 0.162294 0.000229 0.385962
