0 0 0.810364 0.092233 0.003865 0.000001 0.093538
0 0 0.893579 0.059259 0.002548 0.000000 0.044614
0 0 0.866376 0.028215 0.005275 0.000010 0.100124
0 0 0.596778 0.131367 0.006597 0.000002 0.265256
0 0 0.881043 0.042072 0.004921 0.000003 0.071961
0 0 0.622997 0.045384 0.006124 0.000008 0.325487
0 0 0.864694 0.055567 0.004923 0.000004 0.074812
0 0 0.739096 0.078822 0.008654 0.000006 0.173422
0 0 0.652892 0.154914 0.005354 0.000000 0.186839
4 0 0.189422 0.253761 0.016163 0.000006 0.540648
0 0 0.919249 0.040976 0.010616 0.000125 0.029034
0 0 0.884613 0.059159 0.019314 0.000451 0.036463
0 0 0.841495 0.101502 0.016332 0.000062 0.040609
0 0 0.958353 0.021679 0.004437 0.000022 0.015509
0 0 0.927179 0.043173 0.010845 0.000095 0.018709
0 0 0.939287 0.034105 0.006208 0.000025 0.020376
0 0 0.926622 0.045705 0.006168 0.000011 0.021494
0 0 0.961174 0.021847 0.007067 0.000093 0.009819
0 0 0.935485 0.028732 0.012468 0.000512 0.022803
0 0 0.975987 0.011981 0.004500 0.000080 0.007452
0 0 0.936881 0.029663 0.003231 0.000004 0.030221
0 0 0.843339 0.061080 0.005715 0.000008 0.089857
0 0 0.886973 0.055262 0.005021 0.000005 0.052738
0 0 0.799488 0.107290 0.008641 0.000004 0.084576
0 0 0.818884 0.125454 0.001827 0.000000 0.053836
0 0 0.671814 0.135129 0.008739 0.000004 0.184314
1 1 0.280616 0.419893 0.007369 0.000000 0.292122
0 0 0.499409 0.236839 0.007202 0.000000 0.256550
0 0 0.730646 0.190077 0.003257 0.000000 0.076019
0 0 0.857029 0.069089 0.002990 0.000000 0.070891
4 1 0.050368 0.326034 0.006413 0.000000 0.617185
4 1 0.023979 0.407771 0.006598 0.000000 0.561652
4 1 0.041219 0.406645 0.006694 0.000000 0.545442
4 1 0.012572 0.281096 0.007157 0.000000 0.699174
4 1 0.009606 0.262391 0.011378 0.000003 0.716622
4 1 0.022868 0.387190 0.006776 0.000000 0.583166
4 1 0.030655 0.406347 0.007652 0.000000 0.555345
4 1 0.025347 0.103954 0.005858 0.000001 0.864840
4 4 0.010843 0.359195 0.006293 0.000000 0.623669
4 4 0.011515 0.415271 0.007470 0.000000 0.565743
4 4 0.014276 0.451685 0.011099 0.000003 0.522938
4 4 0.026849 0.296293 0.012026 0.000003 0.664829
4 4 0.031145 0.200460 0.009537 0.000003 0.758855
4 4 0.131991 0.227131 0.023062 0.000006 0.617809
4 4 0.016184 0.244892 0.010150 0.000001 0.728773
4 4 0.018321 0.073953 0.005912 0.000000 0.901814
4 4 0.012228 0.180110 0.007253 0.000001 0.800409
4 4 0.020656 0.447112 0.012428 0.000003 0.519801
4 4 0.027310 0.333699 0.007760 0.000001 0.631230
4 4 0.008908 0.217502 0.010133 0.000002 0.763454
4 4 0.006885 0.221914 0.013158 0.000005 0.758038
4 4 0.012216 0.292730 0.014396 0.000013 0.680645
4 4 0.006427 0.206094 0.018235 0.000021 0.769223
4 4 0.009961 0.293803 0.009254 0.000001 0.686981
4 4 0.005798 0.231828 0.016597 0.000011 0.745765
4 4 0.005783 0.404329 0.013420 0.000007 0.576460
4 4 0.010753 0.075136 0.007809 0.000004 0.906299
4 4 0.004813 0.080412 0.010241 0.000011 0.904522
4 4 0.012548 0.259837 0.011284 0.000002 0.716329
4 4 0.010639 0.315070 0.011659 0.000002 0.662630
4 4 0.002886 0.238373 0.050237 0.000016 0.708488
4 4 0.003048 0.270953 0.037571 0.000039 0.688389
4 4 0.012585 0.327724 0.014975 0.000003 0.644713
4 4 0.002923 0.219679 0.041484 0.000032 0.735883
4 4 0.011078 0.189495 0.014820 0.000016 0.784591
4 4 0.005519 0.188661 0.013451 0.000014 0.792354
4 4 0.005285 0.284838 0.015569 0.000006 0.694302
4 4 0.022474 0.257632 0.014570 0.000012 0.705312
4 4 0.010665 0.043963 0.005584 0.000002 0.939785
4 4 0.015576 0.125096 0.011938 0.000027 0.847362
1 4 0.063870 0.520979 0.009661 0.000000 0.405490
4 1 0.061482 0.435425 0.011132 0.000001 0.491960
4 1 0.058929 0.455532 0.011501 0.000001 0.474037
4 1 0.044001 0.448795 0.011817 0.000001 0.495386
1 1 0.068631 0.485407 0.011791 0.000001 0.434170
1 1 0.045120 0.523928 0.011081 0.000001 0.419870
1 1 0.051994 0.523815 0.016785 0.000007 0.407399
4 0 0.225813 0.265295 0.035898 0.000019 0.472974
0 0 0.400204 0.210413 0.009297 0.000001 0.380085
4 0 0.235301 0.078768 0.005309 0.000000 0.680622
0 0 0.584112 0.400842 0.002608 0.000000 0.012438
0 0 0.560707 0.436731 0.001698 0.000000 0.000863
1 0 0.477820 0.507994 0.003165 0.000000 0.011022
0 0 0.567243 0.416904 0.002054 0.000000 0.013799
0 0 0.755371 0.238563 0.002722 0.000000 0.003344
1 0 0.436471 0.548742 0.002066 0.000000 0.012721
0 0 0.715199 0.271361 0.001445 0.000000 0.011995
1 0 0.214758 0.772514 0.001722 0.000000 0.011007
1 0 0.167679 0.796712 0.002763 0.000000 0.032846
1 0 0.364239 0.603146 0.007461 0.000000 0.025154
0 0 0.433333 0.341170 0.035096 0.000076 0.190325
0 0 0.715025 0.206060 0.014701 0.000005 0.064209
0 0 0.728945 0.205868 0.008046 0.000001 0.057140
0 0 0.696922 0.179717 0.009671 0.000002 0.113688
0 0 0.783066 0.164759 0.005258 0.000000 0.046917
0 0 0.487995 0.374013 0.020137 0.000008 0.117847
0 0 0.688108 0.065154 0.021169 0.000030 0.225540
0 0 0.838681 0.115254 0.008058 0.000003 0.038004
0 0 0.778572 0.159493 0.008303 0.000001 0.053631
0 0 0.657704 0.282608 0.007552 0.000000 0.052136
0 0 0.795358 0.083707 0.005085 0.000002 0.115848
0 0 0.671362 0.184069 0.006581 0.000001 0.137987
0 0 0.931005 0.037609 0.002865 0.000001 0.028520
0 0 0.869030 0.086374 0.002943 0.000000 0.041652
0 0 0.881938 0.061677 0.008681 0.000026 0.047678
0 0 0.944782 0.028994 0.003136 0.000003 0.023085
0 0 0.927537 0.036824 0.002585 0.000001 0.033053
0 0 0.937706 0.032359 0.002045 0.000001 0.027889
0 0 0.900398 0.056883 0.001957 0.000000 0.040761
0 0 0.822938 0.121522 0.003507 0.000000 0.052033
0 0 0.487762 0.266399 0.003405 0.000000 0.242435
1 1 0.198085 0.448613 0.004738 0.000000 0.348564
1 1 0.233401 0.414086 0.004501 0.000000 0.348012
1 1 0.155302 0.505317 0.003820 0.000000 0.335560
0 0 0.362747 0.283787 0.007397 0.000000 0.346068
4 0 0.329825 0.093866 0.004211 0.000000 0.572099
4 0 0.371092 0.150160 0.004727 0.000000 0.474020
4 0 0.451616 0.087860 0.005850 0.000000 0.454674
0 0 0.780418 0.111112 0.004576 0.000001 0.103894
4 0 0.386914 0.201043 0.009347 0.000001 0.402694
0 1 0.473398 0.309048 0.006055 0.000000 0.211499
0 4 0.385732 0.350624 0.007059 0.000000 0.256584
1 4 0.166057 0.456597 0.007597 0.000000 0.369750
0 4 0.414595 0.363427 0.024890 0.000023 0.197065
0 0 0.661859 0.186682 0.005037 0.000000 0.146422
0 0 0.691194 0.088658 0.004693 0.000000 0.215455
0 0 0.762913 0.117057 0.006414 0.000002 0.113614
0 0 0.663780 0.197488 0.005745 0.000000 0.132987
0 0 0.525165 0.239735 0.009660 0.000001 0.225439
0 0 0.573837 0.095674 0.005357 0.000000 0.325132
4 0 0.246576 0.030126 0.005496 0.000002 0.717801
0 0 0.865403 0.040412 0.004153 0.000001 0.090031
4 0 0.450201 0.075411 0.003234 0.000000 0.471154
0 0 0.568558 0.117680 0.003427 0.000000 0.310334
0 0 0.479492 0.156241 0.002941 0.000000 0.361326
1 4 0.163177 0.428897 0.002772 0.000000 0.405154
4 4 0.280003 0.161744 0.003698 0.000000 0.554555
4 4 0.054385 0.347906 0.005414 0.000000 0.592295
4 4 0.040057 0.262674 0.006291 0.000000 0.690977
4 4 0.035811 0.431650 0.020921 0.000024 0.511595
1 4 0.003347 0.554242 0.300606 0.000393 0.141411
2 2 0.002567 0.322452 0.611252 0.000408 0.063320
2 2 0.002113 0.415412 0.487175 0.000153 0.095147
1 2 0.006074 0.504181 0.427493 0.000682 0.061570
1 2 0.004836 0.472443 0.369709 0.000068 0.152943
2 2 0.002034 0.429989 0.484623 0.000064 0.083290
2 2 0.001502 0.183921 0.768359 0.000024 0.046194
2 2 0.001772 0.262386 0.675281 0.000342 0.060220
1 2 0.005146 0.593430 0.243205 0.000037 0.158183
2 2 0.000824 0.216342 0.721578 0.000039 0.061218
2 2 0.005723 0.373873 0.587159 0.000218 0.033027
2 2 0.014224 0.246250 0.710168 0.002322 0.027036
1 2 0.021050 0.621224 0.284640 0.000196 0.072891
2 2 0.002203 0.254516 0.709097 0.000185 0.034001
2 2 0.001360 0.110491 0.872260 0.000155 0.015734
1 2 0.023192 0.538464 0.370502 0.001760 0.066082
2 2 0.003988 0.331132 0.621870 0.000263 0.042746
2 2 0.005131 0.148351 0.830234 0.001064 0.015220
2 2 0.002634 0.268397 0.693861 0.000188 0.034920
2 2 0.001625 0.117968 0.866078 0.000191 0.014136
1 1 0.074014 0.457667 0.445886 0.000822 0.021612
2 1 0.003733 0.376828 0.591380 0.000412 0.027648
2 2 0.001927 0.155308 0.824939 0.000656 0.017170
1 1 0.030600 0.505114 0.433509 0.000824 0.029953
2 2 0.003235 0.189864 0.796054 0.000336 0.010512
2 2 0.000324 0.061516 0.932992 0.000041 0.005127
2 2 0.000589 0.067736 0.926712 0.000187 0.004776
2 2 0.004538 0.095435 0.885406 0.007494 0.007126
2 2 0.005797 0.169150 0.814002 0.003176 0.007876
2 2 0.009103 0.324842 0.649194 0.000437 0.016425
1 1 0.156379 0.781975 0.032137 0.000005 0.029505
1 1 0.325789 0.626065 0.020045 0.000001 0.028100
1 4 0.214108 0.710990 0.044572 0.000018 0.030311
1 0 0.409780 0.542953 0.025744 0.000003 0.021520
1 0 0.333832 0.622894 0.023389 0.000002 0.019883
0 0 0.610436 0.233035 0.120188 0.005721 0.030620
0 0 0.551639 0.385175 0.040126 0.000040 0.023020
1 0 0.330632 0.604882 0.034305 0.000009 0.030172
0 0 0.600661 0.285759 0.083921 0.001034 0.028626
0 0 0.880463 0.079618 0.029764 0.000520 0.009636
1 0 0.284753 0.359791 0.046196 0.000337 0.308923
4 0 0.254066 0.268923 0.012289 0.000002 0.464720
1 1 0.148624 0.517048 0.008310 0.000000 0.326019
1 1 0.079836 0.595403 0.008898 0.000000 0.315863
1 1 0.141601 0.496614 0.009643 0.000001 0.352140
4 1 0.038723 0.465157 0.009350 0.000000 0.486771
1 1 0.113618 0.564083 0.005091 0.000000 0.317208
1 1 0.044473 0.518008 0.009762 0.000000 0.427756
1 1 0.022789 0.588486 0.011078 0.000001 0.377646
4 1 0.031050 0.419581 0.014749 0.000003 0.534618
2 2 0.003141 0.418986 0.496758 0.000046 0.081069
1 2 0.004354 0.611448 0.233047 0.000136 0.151014
1 2 0.004620 0.530608 0.351896 0.000273 0.112603
1 2 0.008169 0.664924 0.180394 0.000091 0.146423
1 2 0.003675 0.469327 0.424629 0.000144 0.102226
2 2 0.001653 0.220519 0.728975 0.000097 0.048757
1 2 0.004973 0.458412 0.450189 0.000177 0.086250
2 2 0.001172 0.281647 0.657934 0.000092 0.059156
1 2 0.009122 0.525121 0.398961 0.000053 0.066743
2 2 0.003447 0.436628 0.467686 0.000530 0.091709
2 2 0.002965 0.316976 0.654979 0.000369 0.024711
2 2 0.005435 0.183663 0.802851 0.000622 0.007429
1 2 0.007329 0.499712 0.458999 0.000106 0.033853
2 2 0.002682 0.184836 0.804038 0.000174 0.008270
2 2 0.005554 0.398860 0.566653 0.000497 0.028436
1 1 0.020834 0.489470 0.464238 0.000485 0.024972
2 2 0.000733 0.070382 0.924655 0.000113 0.004117
2 2 0.001635 0.087294 0.906121 0.001115 0.003834
2 2 0.000895 0.116517 0.875556 0.000057 0.006975
2 2 0.001111 0.055689 0.939049 0.000196 0.003954
2 2 0.000048 0.011288 0.987965 0.000227 0.000473
2 2 0.001435 0.040454 0.954242 0.003007 0.000862
2 2 0.000166 0.026036 0.972382 0.000417 0.000999
2 2 0.000324 0.017016 0.978020 0.004376 0.000264
2 2 0.000066 0.010592 0.986334 0.002575 0.000433
2 2 0.008944 0.179777 0.798707 0.005369 0.007203
2 2 0.000948 0.107978 0.883939 0.000351 0.006784
2 2 0.000014 0.002161 0.996348 0.001454 0.000023
2 2 0.000164 0.012576 0.984145 0.002909 0.000206
2 2 0.000086 0.008360 0.988113 0.003258 0.000182
2 2 0.000944 0.017710 0.778895 0.200628 0.001823
2 3 0.002840 0.033301 0.771684 0.188987 0.003188
2 3 0.002562 0.031692 0.782222 0.180636 0.002888
2 2 0.001155 0.027099 0.831510 0.137887 0.002349
2 2 0.001856 0.019907 0.642306 0.333577 0.002353
2 3 0.002188 0.022372 0.742197 0.231363 0.001881
2 3 0.000907 0.017151 0.682860 0.297024 0.002058
3 3 0.002780 0.019653 0.482563 0.491595 0.003409
2 3 0.002865 0.024234 0.597863 0.371662 0.003377
3 3 0.001508 0.012476 0.381869 0.601515 0.002632
3 3 0.003679 0.019402 0.356638 0.615460 0.004821
2 3 0.001616 0.018568 0.714456 0.263698 0.001662
3 3 0.002769 0.015512 0.302925 0.674353 0.004440
3 3 0.004134 0.017407 0.262000 0.710673 0.005785
3 3 0.001845 0.014660 0.421508 0.559139 0.002848
3 3 0.003941 0.018402 0.304779 0.667559 0.005319
2 2 0.005555 0.105756 0.756200 0.113636 0.018853
2 3 0.001452 0.015479 0.581467 0.399633 0.001969
3 3 0.002021 0.016014 0.454043 0.524915 0.003006
2 3 0.002036 0.032881 0.805181 0.156848 0.003054
2 3 0.001641 0.021204 0.626491 0.347684 0.002979
2 3 0.001463 0.016928 0.670942 0.308965 0.001703
2 3 0.003070 0.027400 0.627235 0.338537 0.003757
3 3 0.003157 0.020941 0.478937 0.493255 0.003710
3 3 0.004169 0.025196 0.372420 0.591018 0.007196
3 3 0.003325 0.020299 0.417891 0.554190 0.004294
3 3 0.004054 0.019316 0.324379 0.646967 0.005284
3 3 0.001808 0.014940 0.444838 0.535684 0.002730
3 3 0.004990 0.028903 0.446277 0.513309 0.006521
3 3 0.003065 0.017783 0.360687 0.614157 0.004308
3 3 0.001895 0.010720 0.229570 0.754139 0.003676
2 3 0.004025 0.024057 0.487030 0.480615 0.004272
3 3 0.008830 0.037890 0.413379 0.530047 0.009854
3 3 0.006468 0.024313 0.313406 0.648628 0.007184
2 3 0.006297 0.043775 0.573743 0.367859 0.008326
2 2 0.034955 0.167795 0.668616 0.097595 0.031038
2 1 0.010870 0.136112 0.753046 0.073315 0.026657
2 2 0.009505 0.134975 0.767402 0.070051 0.018067
2 2 0.009960 0.099910 0.753580 0.118376 0.018174
2 1 0.040484 0.203660 0.675838 0.045376 0.034641
1 1 0.209152 0.530663 0.027151 0.000017 0.233017
1 0 0.194016 0.507837 0.048553 0.000167 0.249428
1 1 0.101334 0.663548 0.014846 0.000001 0.220270
1 1 0.070463 0.679677 0.022546 0.000007 0.227307
1 1 0.064208 0.586792 0.028284 0.000011 0.320706
1 1 0.172253 0.631634 0.014188 0.000001 0.181923
1 1 0.244612 0.488145 0.020752 0.000008 0.246483
1 1 0.117051 0.656997 0.019437 0.000003 0.206511
1 1 0.053890 0.644152 0.017081 0.000004 0.284874
1 1 0.051468 0.621957 0.017408 0.000003 0.309164
4 1 0.100212 0.359151 0.006306 0.000000 0.534331
1 1 0.090667 0.547097 0.005443 0.000000 0.356794
4 1 0.059832 0.303960 0.008412 0.000001 0.627795
4 0 0.207978 0.326276 0.006772 0.000000 0.458973
4 0 0.132534 0.401597 0.010163 0.000001 0.455705
4 0 0.084686 0.377270 0.010059 0.000001 0.527984
1 1 0.031751 0.587536 0.009046 0.000001 0.371666
1 1 0.037243 0.615174 0.008951 0.000000 0.338632
4 1 0.030575 0.455943 0.012511 0.000002 0.500969
1 1 0.025285 0.493592 0.010071 0.000001 0.471051
1 1 0.015292 0.488123 0.012002 0.000001 0.484583
1 1 0.017223 0.505284 0.010105 0.000001 0.467387
1 1 0.017312 0.510414 0.012284 0.000002 0.459989
4 1 0.016862 0.463332 0.010856 0.000001 0.508950
4 1 0.009442 0.436281 0.023063 0.000011 0.531203
4 4 0.009165 0.128596 0.012185 0.000006 0.850048
4 4 0.014597 0.431047 0.010101 0.000001 0.544255
4 4 0.012019 0.318577 0.013854 0.000003 0.655547
4 4 0.024704 0.415155 0.013074 0.000002 0.547065
4 4 0.014123 0.292118 0.013682 0.000005 0.680072
4 4 0.007415 0.439431 0.031699 0.000016 0.521439
4 4 0.026123 0.477738 0.009552 0.000000 0.486587
4 4 0.016512 0.418273 0.009363 0.000001 0.555852
4 4 0.012360 0.390443 0.010754 0.000001 0.586442
4 4 0.017234 0.404547 0.010398 0.000001 0.567821
4 4 0.018304 0.327996 0.021473 0.000016 0.632210
1 4 0.056839 0.592973 0.011747 0.000001 0.338441
1 4 0.021847 0.490100 0.011309 0.000001 0.476743
4 4 0.022719 0.421531 0.013500 0.000001 0.542248
4 4 0.021053 0.385283 0.011223 0.000001 0.582440
4 4 0.066004 0.298307 0.007530 0.000001 0.628159
1 4 0.190661 0.453432 0.041161 0.000104 0.314642
4 4 0.036997 0.035236 0.007387 0.000026 0.920354
4 4 0.047249 0.018769 0.008636 0.000052 0.925294
4 4 0.085644 0.298266 0.009099 0.000002 0.606989
4 4 0.044853 0.369657 0.010822 0.000001 0.574666
4 4 0.043301 0.096570 0.008403 0.000005 0.851722
4 4 0.031185 0.280232 0.009219 0.000001 0.679362
4 4 0.032799 0.319432 0.010619 0.000003 0.637147
4 4 0.082870 0.306318 0.009315 0.000001 0.601496
0 0 0.410857 0.229026 0.004909 0.000000 0.355208
0 0 0.499658 0.155509 0.004804 0.000000 0.340029
0 0 0.482840 0.068336 0.005740 0.000000 0.443084
0 0 0.672307 0.054382 0.004605 0.000000 0.268706
0 0 0.816166 0.089558 0.005766 0.000003 0.088506
0 0 0.812120 0.065060 0.003769 0.000002 0.119049
0 0 0.376531 0.348099 0.003736 0.000000 0.271634
0 0 0.627833 0.170739 0.002543 0.000000 0.198885
1 1 0.242827 0.422438 0.003713 0.000000 0.331023
4 1 0.220949 0.382551 0.004420 0.000000 0.392079
1 0 0.050401 0.635155 0.071971 0.000015 0.242457
1 1 0.006597 0.642439 0.227937 0.000020 0.123006
1 1 0.006707 0.671297 0.230796 0.000130 0.091070
1 2 0.004058 0.567383 0.333181 0.000037 0.095341
2 2 0.003303 0.429170 0.448162 0.000055 0.119310
1 2 0.003833 0.557573 0.350631 0.000111 0.087852
2 2 0.001080 0.151310 0.822904 0.000108 0.024597
2 2 0.005608 0.374321 0.519670 0.000013 0.100388
1 2 0.005975 0.516479 0.354844 0.000021 0.122680
2 2 0.001080 0.162109 0.778581 0.000014 0.058216
2 2 0.000808 0.141555 0.846066 0.000093 0.011477
2 2 0.000975 0.118661 0.873493 0.000079 0.006792
2 2 0.004207 0.375599 0.595340 0.000270 0.024584
2 2 0.000851 0.072902 0.919798 0.000070 0.006379
2 2 0.000331 0.035840 0.955599 0.000004 0.008227
2 2 0.000668 0.077356 0.915182 0.000021 0.006772
2 2 0.000361 0.089706 0.902078 0.000067 0.007789
2 2 0.000571 0.071426 0.919778 0.000013 0.008211
2 2 0.001037 0.110670 0.873256 0.000008 0.015029
2 2 0.000730 0.042096 0.950373 0.000025 0.006776
1 0 0.200675 0.548357 0.204426 0.001752 0.044791
1 1 0.011974 0.580962 0.351069 0.000756 0.055238
2 2 0.003374 0.211224 0.764272 0.000079 0.021052
2 2 0.003638 0.156857 0.828578 0.000084 0.010842
2 2 0.001803 0.176395 0.804591 0.000254 0.016957
2 2 0.004756 0.320002 0.647883 0.000101 0.027259
2 2 0.002182 0.198229 0.781786 0.000174 0.017629
2 2 0.001164 0.163614 0.814853 0.000205 0.020164
2 2 0.001830 0.180359 0.801976 0.000062 0.015774
2 2 0.005950 0.347527 0.603675 0.000074 0.042774
2 2 0.002366 0.075344 0.919181 0.000049 0.003059
2 2 0.001844 0.156165 0.836722 0.000070 0.005200
2 1 0.087896 0.445237 0.458725 0.000332 0.007810
2 2 0.017142 0.356464 0.611358 0.000284 0.014752
2 1 0.007205 0.314729 0.651206 0.000512 0.026349
2 2 0.000166 0.030351 0.967622 0.000070 0.001791
2 2 0.001289 0.092564 0.903405 0.000057 0.002684
2 2 0.000961 0.105940 0.889285 0.000048 0.003766
2 2 0.000503 0.050088 0.947464 0.000123 0.001822
2 2 0.000414 0.079170 0.916745 0.000035 0.003636
2 2 0.000088 0.026199 0.972830 0.000075 0.000808
2 2 0.000124 0.018879 0.980161 0.000171 0.000665
2 2 0.000135 0.041056 0.955522 0.000173 0.003114
2 2 0.002038 0.123832 0.867567 0.000711 0.005852
2 2 0.000086 0.018807 0.979979 0.000139 0.000989
2 2 0.000278 0.050772 0.945244 0.000272 0.003434
2 1 0.006174 0.098157 0.889958 0.002121 0.003590
2 2 0.000210 0.053392 0.944643 0.000069 0.001687
2 2 0.000095 0.022425 0.976187 0.000161 0.001132
2 2 0.001303 0.064223 0.932628 0.000532 0.001315
2 0 0.035703 0.296339 0.654252 0.001950 0.011757
1 1 0.016576 0.560130 0.398515 0.000364 0.024415
2 2 0.000297 0.042039 0.955307 0.000125 0.002232
2 2 0.003262 0.219067 0.768177 0.000083 0.009411
2 2 0.006361 0.322037 0.657465 0.000097 0.014040
2 2 0.000883 0.081384 0.907410 0.000007 0.010316
2 2 0.001851 0.058134 0.937792 0.000165 0.002057
2 2 0.000865 0.087179 0.899473 0.000008 0.012474
2 2 0.000486 0.087038 0.907706 0.000087 0.004683
2 2 0.003517 0.118883 0.864226 0.000016 0.013358
2 2 0.031761 0.358594 0.578790 0.002986 0.027870
2 1 0.014548 0.383039 0.576079 0.001824 0.024510
2 2 0.013930 0.317145 0.645703 0.001454 0.021767
2 2 0.003599 0.165389 0.804460 0.000276 0.026276
1 1 0.099226 0.452743 0.397028 0.007316 0.043687
1 1 0.069315 0.637003 0.236038 0.000960 0.056684
2 2 0.017890 0.318462 0.646855 0.002203 0.014590
2 2 0.004348 0.175353 0.801827 0.001579 0.016893
2 2 0.005725 0.150536 0.831606 0.001037 0.011097
1 1 0.022316 0.573039 0.361014 0.000789 0.042842
1 0 0.354473 0.459481 0.085292 0.000825 0.099928
1 0 0.326587 0.426235 0.096757 0.001395 0.149026
1 0 0.174348 0.658805 0.038853 0.000028 0.127965
1 1 0.055805 0.778908 0.047494 0.000055 0.117738
1 1 0.060985 0.756410 0.058326 0.000064 0.124215
1 1 0.036164 0.748914 0.115753 0.000210 0.098959
1 1 0.026701 0.735369 0.106373 0.000244 0.131313
1 1 0.029843 0.756133 0.089021 0.000151 0.124851
1 1 0.080555 0.695316 0.054080 0.000124 0.169925
1 2 0.020770 0.672824 0.194922 0.000696 0.110787
2 2 0.000622 0.080683 0.916785 0.000076 0.001834
2 2 0.000093 0.014188 0.985323 0.000030 0.000365
2 1 0.004344 0.278791 0.710354 0.000273 0.006238
2 2 0.001757 0.134495 0.856807 0.000136 0.006804
2 2 0.000245 0.033979 0.964200 0.000140 0.001436
2 2 0.000271 0.040086 0.958116 0.000134 0.001393
2 2 0.000467 0.074855 0.920913 0.000238 0.003528
2 2 0.000135 0.023947 0.975167 0.000053 0.000698
2 2 0.000281 0.042068 0.954882 0.000231 0.002537
2 2 0.000089 0.023496 0.975016 0.000061 0.001338
2 2 0.000105 0.016305 0.981693 0.001243 0.000655
2 2 0.000041 0.023879 0.974143 0.000180 0.001757
2 2 0.000051 0.012740 0.985244 0.001575 0.000389
2 2 0.000166 0.018096 0.979391 0.001896 0.000452
2 2 0.000142 0.022218 0.975891 0.001178 0.000572
2 2 0.000060 0.008402 0.988057 0.003281 0.000199
2 2 0.000030 0.006014 0.992420 0.001290 0.000246
2 2 0.000872 0.024193 0.966189 0.007996 0.000750
2 2 0.000091 0.026129 0.971944 0.000581 0.001255
2 2 0.000192 0.020305 0.974315 0.004845 0.000343
2 2 0.000169 0.017541 0.979370 0.002273 0.000647
2 2 0.000331 0.025329 0.970966 0.002437 0.000937
2 2 0.000140 0.019450 0.979352 0.000695 0.000363
2 2 0.000071 0.012494 0.986158 0.000892 0.000385
2 2 0.000092 0.014372 0.983719 0.001491 0.000326
2 2 0.000046 0.010616 0.988632 0.000494 0.000212
2 2 0.000470 0.039967 0.953347 0.005097 0.001118
2 2 0.000072 0.008349 0.990354 0.001053 0.000171
2 2 0.000078 0.021142 0.976995 0.000413 0.001373
2 2 0.000078 0.026931 0.970789 0.000462 0.001740
2 2 0.000079 0.005896 0.963304 0.030582 0.000139
2 2 0.000495 0.044623 0.940810 0.012055 0.002017
2 2 0.000064 0.004835 0.979518 0.015427 0.000156
2 2 0.000094 0.005083 0.947717 0.046949 0.000157
2 2 0.000231 0.008726 0.949162 0.041579 0.000302
2 2 0.000168 0.021375 0.971078 0.005377 0.002003
2 2 0.000122 0.005856 0.955594 0.038185 0.000242
2 2 0.000220 0.021389 0.972386 0.005201 0.000804
2 2 0.000275 0.018671 0.959222 0.021263 0.000570
2 2 0.000560 0.026582 0.950649 0.021306 0.000903
2 2 0.001691 0.036091 0.953138 0.008033 0.001047
2 3 0.001429 0.051945 0.941090 0.003489 0.002047
2 2 0.004203 0.157716 0.827582 0.001632 0.008867
2 2 0.000303 0.049132 0.948350 0.000151 0.002064
2 2 0.000894 0.042850 0.953246 0.001302 0.001708
2 2 0.024160 0.176702 0.785701 0.003644 0.009794
2 0 0.161290 0.326377 0.490522 0.007474 0.014336
2 1 0.017982 0.352449 0.601889 0.004059 0.023620
2 2 0.003518 0.223372 0.758726 0.000607 0.013777
2 1 0.007063 0.143020 0.844292 0.000489 0.005135
2 2 0.012171 0.412949 0.523350 0.002148 0.049382
1 2 0.023244 0.558965 0.360805 0.000733 0.056253
1 2 0.018268 0.451813 0.443504 0.000229 0.086186
1 1 0.113421 0.668063 0.076958 0.000346 0.141212
1 1 0.043534 0.752317 0.092738 0.000138 0.111274
1 1 0.008369 0.479387 0.449462 0.000403 0.062379
2 2 0.021318 0.452150 0.470346 0.000316 0.055870
1 1 0.094287 0.685243 0.058623 0.000158 0.161689
1 1 0.041695 0.776201 0.093729 0.000096 0.088280
1 1 0.019879 0.714264 0.182379 0.000051 0.083426
2 2 0.004075 0.279078 0.706636 0.000062 0.010148
2 2 0.003333 0.152762 0.838925 0.000098 0.004883
2 2 0.001465 0.120382 0.868960 0.000009 0.009184
1 1 0.032696 0.639357 0.295773 0.000182 0.031993
2 2 0.002401 0.274264 0.712758 0.000050 0.010526
2 2 0.002595 0.225261 0.763440 0.000069 0.008635
2 2 0.002885 0.245469 0.737674 0.000090 0.013883
2 2 0.004282 0.421860 0.541682 0.000255 0.031921
2 2 0.002481 0.225251 0.766376 0.000080 0.005813
1 2 0.011744 0.600472 0.361409 0.000139 0.026236
2 2 0.001744 0.137303 0.853038 0.000012 0.007901
2 2 0.004267 0.304945 0.677258 0.000039 0.013491
2 2 0.002129 0.184810 0.803732 0.000060 0.009269
2 2 0.000878 0.098956 0.880149 0.000004 0.020014
2 2 0.008182 0.436451 0.539868 0.000040 0.015459
2 2 0.005343 0.327909 0.653740 0.000039 0.012969
2 2 0.003325 0.251435 0.731948 0.000027 0.013265
2 2 0.002116 0.241718 0.745811 0.000029 0.010326
2 2 0.003013 0.214206 0.776864 0.000190 0.005727
1 2 0.018398 0.598100 0.356071 0.000030 0.027401
1 2 0.003688 0.474199 0.453557 0.000127 0.068430
2 2 0.002070 0.135354 0.838760 0.000075 0.023741
2 2 0.011316 0.445856 0.461413 0.000122 0.081293
2 2 0.010095 0.428803 0.526696 0.000297 0.034108
1 2 0.009238 0.551123 0.385792 0.000184 0.053664
1 1 0.039619 0.749929 0.126631 0.000184 0.083637
1 1 0.033898 0.697395 0.119663 0.000140 0.148905
1 1 0.053989 0.654939 0.128341 0.000967 0.161764
1 1 0.023333 0.743751 0.138940 0.000206 0.093770
1 1 0.018648 0.737976 0.170694 0.000144 0.072538
1 1 0.004700 0.473633 0.466537 0.000076 0.055053
1 2 0.021295 0.628780 0.305410 0.000061 0.044454
1 2 0.005735 0.528179 0.418072 0.000020 0.047994
1 1 0.016389 0.737418 0.189903 0.000022 0.056268
1 1 0.012834 0.766787 0.148400 0.000040 0.071939
2 2 0.003817 0.353875 0.582390 0.000011 0.059907
2 2 0.006924 0.296272 0.654980 0.000007 0.041816
1 2 0.004603 0.518257 0.425274 0.000034 0.051832
2 2 0.005839 0.216719 0.747599 0.000048 0.029795
1 1 0.016789 0.596386 0.293619 0.000048 0.093158
1 2 0.011142 0.585586 0.363423 0.000053 0.039795
2 2 0.013232 0.423836 0.510707 0.000220 0.052006
2 2 0.004216 0.240985 0.696732 0.000021 0.058046
2 2 0.003742 0.169461 0.787994 0.000055 0.038749
1 2 0.009352 0.585655 0.363582 0.000090 0.041322
1 0 0.343170 0.525190 0.056165 0.000012 0.075464
1 4 0.071943 0.785463 0.071219 0.000062 0.071313
1 4 0.020451 0.748241 0.152674 0.000164 0.078469
1 4 0.011420 0.589640 0.316467 0.000054 0.082419
1 4 0.012954 0.725374 0.195136 0.000152 0.066385
4 4 0.031356 0.316697 0.017449 0.000006 0.634492
4 4 0.032489 0.429173 0.022417 0.000042 0.515880
4 4 0.023848 0.333882 0.020815 0.000024 0.621432
4 4 0.045348 0.371295 0.018810 0.000012 0.564535
4 4 0.019094 0.282117 0.018008 0.000017 0.680765
4 4 0.038315 0.263100 0.018284 0.000020 0.680280
4 4 0.062670 0.045119 0.017091 0.000146 0.874975
4 4 0.038038 0.239359 0.017401 0.000023 0.705180
4 4 0.032136 0.361721 0.017589 0.000009 0.588545
4 4 0.026710 0.110915 0.014507 0.000031 0.847838
4 4 0.032239 0.092219 0.013350 0.000043 0.862149
4 4 0.024080 0.250894 0.021633 0.000215 0.703178
4 4 0.069045 0.137145 0.010661 0.000011 0.783137
4 4 0.059383 0.231094 0.008669 0.000005 0.700849
4 4 0.016422 0.048314 0.007583 0.000015 0.927666
4 4 0.035032 0.046082 0.006641 0.000013 0.912231
4 4 0.022981 0.095444 0.009779 0.000017 0.871779
4 4 0.035593 0.122737 0.009857 0.000013 0.831800
4 4 0.031196 0.098997 0.011135 0.000037 0.858634
4 4 0.040537 0.182902 0.012723 0.000024 0.763814
4 4 0.055833 0.204269 0.007464 0.000001 0.732434
4 4 0.039252 0.237320 0.010032 0.000003 0.713394
4 4 0.022903 0.224653 0.016224 0.000032 0.736188
4 4 0.104061 0.244747 0.006482 0.000000 0.644709
4 4 0.019266 0.179901 0.010163 0.000003 0.790667
4 4 0.035756 0.029070 0.008935 0.000041 0.926199
4 4 0.028160 0.033920 0.007010 0.000019 0.930891
4 4 0.019324 0.042251 0.006831 0.000008 0.931586
4 4 0.021230 0.102993 0.009364 0.000022 0.866391
4 4 0.082095 0.213755 0.009411 0.000003 0.694735
4 4 0.040718 0.378199 0.010291 0.000001 0.570792
4 4 0.021714 0.477766 0.012177 0.000001 0.488342
1 4 0.028205 0.514876 0.011983 0.000001 0.444934
4 4 0.032997 0.475789 0.014921 0.000004 0.476289
4 4 0.027791 0.447384 0.010478 0.000000 0.514347
4 4 0.029786 0.400586 0.013745 0.000001 0.555882
1 4 0.064243 0.556784 0.013246 0.000002 0.365726
4 4 0.028264 0.369046 0.009870 0.000000 0.592819
1 1 0.080710 0.538663 0.016050 0.000002 0.364574
1 4 0.029762 0.492710 0.014708 0.000002 0.462818
0 4 0.521388 0.118666 0.001932 0.000000 0.358014
0 0 0.938861 0.012918 0.000673 0.000000 0.047548
0 0 0.980352 0.002162 0.000075 0.000000 0.017411
0 0 0.949825 0.006168 0.000287 0.000000 0.043720
0 0 0.878761 0.068232 0.000995 0.000000 0.052012
0 0 0.799361 0.114316 0.001557 0.000000 0.084765
0 0 0.625550 0.200404 0.002265 0.000000 0.171781
0 0 0.825372 0.090457 0.001319 0.000000 0.082851
0 4 0.433471 0.303207 0.003855 0.000000 0.259467
1 4 0.370712 0.374879 0.006774 0.000000 0.247636
1 4 0.076755 0.550241 0.014508 0.000000 0.358496
1 0 0.330199 0.521662 0.045708 0.000068 0.102363
1 1 0.073502 0.695414 0.011319 0.000001 0.219765
1 1 0.058832 0.673843 0.019233 0.000003 0.248089
1 1 0.028749 0.668544 0.024031 0.000014 0.278663
1 1 0.040067 0.624658 0.016055 0.000001 0.319218
1 1 0.031687 0.615029 0.037241 0.000008 0.316036
1 1 0.028772 0.632557 0.040790 0.000009 0.297873
1 1 0.101230 0.456299 0.020690 0.000001 0.421781
1 0 0.279314 0.480213 0.027038 0.000019 0.213416
1 1 0.010743 0.621461 0.166339 0.000103 0.201353
1 1 0.008988 0.590506 0.157577 0.000028 0.242901
1 1 0.005493 0.538170 0.303202 0.000895 0.152241
1 1 0.002617 0.481812 0.390487 0.000083 0.125001
1 2 0.007594 0.593167 0.198529 0.000031 0.200680
1 2 0.002954 0.477456 0.296537 0.000069 0.222984
1 2 0.006596 0.539544 0.266235 0.000111 0.187515
2 2 0.001652 0.366226 0.492757 0.000351 0.139015
2 2 0.000894 0.193783 0.698802 0.000074 0.106447
1 2 0.011431 0.645258 0.181004 0.000106 0.162201
2 1 0.015499 0.448660 0.517580 0.000717 0.017545
2 1 0.003428 0.413398 0.558714 0.000058 0.024402
2 2 0.000620 0.075615 0.916068 0.000005 0.007691
2 1 0.006403 0.323336 0.657185 0.000077 0.012999
2 2 0.001169 0.125985 0.864584 0.000017 0.008245
2 2 0.000261 0.065714 0.929378 0.000016 0.004629
2 2 0.001062 0.044660 0.951361 0.000047 0.002870
2 2 0.002080 0.151657 0.838013 0.000042 0.008208
2 2 0.001548 0.039393 0.953133 0.000002 0.005925
2 1 0.004747 0.344117 0.633338 0.000212 0.017586
2 2 0.000338 0.045193 0.948974 0.000003 0.005492
2 2 0.001866 0.149210 0.835754 0.000005 0.013166
2 2 0.000332 0.044494 0.952529 0.000036 0.002609
2 2 0.001274 0.122503 0.866341 0.000013 0.009868
2 1 0.011038 0.410520 0.562261 0.000075 0.016106
2 2 0.000278 0.060563 0.934914 0.000045 0.004200
2 2 0.001069 0.112907 0.878523 0.000024 0.007476
2 2 0.000731 0.038367 0.959219 0.000036 0.001647
2 2 0.002144 0.168596 0.821940 0.000062 0.007257
2 1 0.004436 0.179886 0.802612 0.000081 0.012985
2 2 0.005687 0.143700 0.821000 0.000096 0.029516
1 0 0.377381 0.443577 0.125026 0.001989 0.052027
1 1 0.082293 0.751314 0.084538 0.000061 0.081794
1 1 0.024872 0.708336 0.159622 0.000056 0.107114
1 1 0.009475 0.596779 0.297118 0.000060 0.096568
1 1 0.016309 0.607969 0.276722 0.000045 0.098955
1 1 0.012159 0.568059 0.349683 0.000637 0.069462
2 2 0.005881 0.353221 0.570374 0.000034 0.070490
1 2 0.033732 0.780124 0.099404 0.000044 0.086697
2 2 0.004005 0.331315 0.600942 0.000047 0.063691
2 2 0.000163 0.024071 0.974372 0.000138 0.001257
2 2 0.000443 0.043322 0.951885 0.000009 0.004341
2 2 0.000079 0.032176 0.965623 0.000022 0.002101
2 2 0.000349 0.032674 0.966105 0.000038 0.000833
2 2 0.000141 0.014628 0.984458 0.000031 0.000742
2 2 0.000195 0.027605 0.969207 0.000005 0.002987
2 2 0.000091 0.019414 0.979464 0.000195 0.000834
2 2 0.000263 0.040172 0.954585 0.000002 0.004978
2 2 0.000169 0.025017 0.972157 0.000002 0.002654
2 2 0.000071 0.026336 0.971717 0.000019 0.001857
2 2 0.000045 0.022963 0.974830 0.000057 0.002104
2 2 0.000049 0.015499 0.983755 0.000106 0.000592
2 2 0.000020 0.016002 0.982386 0.000049 0.001543
2 2 0.000029 0.005986 0.993382 0.000173 0.000429
2 2 0.000027 0.010548 0.988760 0.000177 0.000489
2 2 0.000095 0.021433 0.976601 0.000593 0.001278
2 2 0.000214 0.043060 0.954003 0.000430 0.002293
2 2 0.000054 0.015498 0.983007 0.000282 0.001159
2 2 0.000054 0.004254 0.995308 0.000322 0.000062
2 2 0.000114 0.009517 0.986602 0.003671 0.000096
2 2 0.000308 0.029035 0.968381 0.001245 0.001031
2 2 0.000092 0.009228 0.984805 0.005684 0.000191
2 2 0.000094 0.019782 0.978276 0.000883 0.000966
2 2 0.000132 0.023098 0.974865 0.001012 0.000895
2 2 0.003937 0.074377 0.915627 0.002879 0.003179
2 2 0.001230 0.093897 0.900685 0.000914 0.003274
2 2 0.000054 0.015840 0.982605 0.000182 0.001319
2 2 0.000135 0.024507 0.974153 0.000402 0.000803
2 2 0.000105 0.014326 0.984179 0.000547 0.000842
2 2 0.000202 0.028723 0.968809 0.000674 0.001592
2 2 0.000119 0.021072 0.977176 0.000854 0.000779
2 2 0.000041 0.010467 0.988816 0.000320 0.000355
2 2 0.000483 0.032410 0.963689 0.002758 0.000660
2 2 0.000192 0.023407 0.973975 0.001845 0.000580
2 2 0.000525 0.060899 0.935534 0.000820 0.002222
2 2 0.013781 0.126335 0.848571 0.008025 0.003288
2 1 0.011711 0.221532 0.761945 0.001057 0.003756
2 2 0.000249 0.036369 0.961729 0.000285 0.001369
2 2 0.000113 0.030027 0.968512 0.000052 0.001296
2 2 0.000074 0.012722 0.985916 0.000955 0.000334
2 2 0.000124 0.015040 0.983635 0.000925 0.000275
2 2 0.000062 0.022204 0.976250 0.000266 0.001217
2 2 0.000068 0.022412 0.976133 0.000083 0.001304
2 2 0.000032 0.013456 0.985421 0.000104 0.000987
2 2 0.000087 0.016434 0.982729 0.000288 0.000462
2 2 0.000713 0.081412 0.911522 0.000208 0.006144
2 2 0.000175 0.037538 0.959686 0.000511 0.002089
2 2 0.000073 0.005391 0.991688 0.002714 0.000134
2 2 0.000172 0.015750 0.982995 0.000774 0.000309
2 3 0.000045 0.005988 0.991817 0.002040 0.000110
2 2 0.002359 0.158745 0.834335 0.000257 0.004304
2 2 0.000216 0.029195 0.969608 0.000236 0.000743
2 2 0.000701 0.052910 0.944575 0.000201 0.001612
2 2 0.002311 0.169653 0.823275 0.000084 0.004676
2 1 0.144456 0.383957 0.454684 0.001180 0.015723
2 1 0.005882 0.316986 0.669845 0.000095 0.007192
2 2 0.000536 0.045167 0.952879 0.000120 0.001298
2 2 0.000423 0.054578 0.942941 0.000059 0.001999
2 2 0.000516 0.062834 0.932670 0.000016 0.003964
2 1 0.012140 0.295745 0.686921 0.000119 0.005074
1 1 0.044503 0.607590 0.320010 0.000444 0.027453
1 1 0.010985 0.644461 0.295615 0.000130 0.048809
2 2 0.001452 0.109187 0.877404 0.000104 0.011853
2 2 0.007949 0.164454 0.796593 0.000026 0.030978
2 1 0.016506 0.437133 0.526521 0.000463 0.019378
2 2 0.005585 0.194281 0.784264 0.000428 0.015442
2 2 0.001963 0.141432 0.830580 0.000024 0.026001
2 2 0.001028 0.055889 0.940258 0.000447 0.002377
2 0 0.106320 0.248706 0.524370 0.002562 0.118042
1 0 0.153585 0.626199 0.190662 0.000387 0.029166
1 1 0.006758 0.719483 0.173785 0.000037 0.099936
1 1 0.009867 0.671111 0.210007 0.000094 0.108921
1 1 0.009195 0.618475 0.276103 0.000057 0.096169
1 1 0.009516 0.561488 0.302770 0.000005 0.126221
1 1 0.010867 0.639896 0.245203 0.000036 0.103997
1 1 0.004657 0.582602 0.327166 0.000141 0.085435
2 2 0.002927 0.206735 0.739663 0.000027 0.050647
2 2 0.001319 0.110396 0.816542 0.000002 0.071741
1 1 0.016550 0.467792 0.351977 0.000055 0.163627
1 1 0.019606 0.740551 0.163927 0.000108 0.075808
4 2 0.010908 0.307864 0.093759 0.000825 0.586644
2 2 0.004899 0.129797 0.449006 0.000417 0.415881
4 4 0.023150 0.199875 0.028124 0.000153 0.748698
4 4 0.012380 0.053200 0.010764 0.000026 0.923629
4 4 0.023976 0.043448 0.013277 0.000070 0.919228
4 4 0.025862 0.047715 0.016257 0.000117 0.910050
4 4 0.019312 0.276037 0.014101 0.000008 0.690543
4 4 0.013341 0.085246 0.013024 0.000040 0.888350
4 4 0.018295 0.144038 0.018429 0.000110 0.819128
4 4 0.023435 0.238114 0.016730 0.000011 0.721709
4 4 0.036033 0.387943 0.014659 0.000001 0.561364
4 4 0.033804 0.223015 0.020621 0.000020 0.722539
4 4 0.036486 0.407905 0.020398 0.000014 0.535198
4 4 0.043174 0.461950 0.009297 0.000000 0.485579
1 4 0.067767 0.563605 0.012596 0.000000 0.356033
1 0 0.065075 0.722949 0.018847 0.000003 0.193127
1 4 0.040024 0.539111 0.017884 0.000002 0.402978
4 4 0.034329 0.415897 0.018140 0.000007 0.531628
1 4 0.040148 0.495809 0.015341 0.000001 0.448701
4 4 0.025155 0.468466 0.024475 0.000011 0.481893
4 4 0.032450 0.258266 0.009990 0.000004 0.699291
4 4 0.033401 0.281193 0.011363 0.000005 0.674038
4 4 0.039045 0.161649 0.007399 0.000003 0.791904
4 4 0.032452 0.245336 0.009951 0.000003 0.712257
4 4 0.025273 0.155202 0.005674 0.000001 0.813851
4 4 0.027902 0.074458 0.007000 0.000004 0.890637
4 4 0.032306 0.090235 0.009289 0.000021 0.868150
4 4 0.045356 0.239935 0.010785 0.000010 0.703914
4 4 0.029424 0.098494 0.006704 0.000003 0.865375
4 4 0.020863 0.035867 0.005437 0.000009 0.937824
4 4 0.049314 0.153748 0.009006 0.000012 0.787919
4 4 0.051486 0.130056 0.008638 0.000007 0.809814
4 4 0.033899 0.043036 0.004890 0.000009 0.918165
4 4 0.023677 0.029606 0.005291 0.000009 0.941417
4 4 0.043269 0.035456 0.005883 0.000018 0.915374
4 4 0.065123 0.166778 0.006403 0.000001 0.761695
4 4 0.044967 0.069909 0.004474 0.000002 0.880648
4 4 0.025540 0.034406 0.006257 0.000014 0.933784
4 4 0.019742 0.041694 0.005946 0.000010 0.932608
4 4 0.033133 0.076621 0.008906 0.000033 0.881307
4 4 0.023613 0.053891 0.008000 0.000021 0.914475
4 4 0.025429 0.033009 0.004993 0.000008 0.936562
4 4 0.042690 0.023752 0.004675 0.000011 0.928872
4 4 0.036863 0.029026 0.005218 0.000012 0.928881
4 4 0.039008 0.060798 0.006557 0.000008 0.893629
4 4 0.032376 0.167991 0.008841 0.000005 0.790788
4 4 0.025189 0.160709 0.011291 0.000012 0.802799
4 4 0.032664 0.151035 0.007404 0.000003 0.808895
4 4 0.065939 0.220503 0.007549 0.000002 0.706008
4 4 0.024777 0.182184 0.009586 0.000003 0.783451
1 4 0.013687 0.608084 0.169371 0.000078 0.208780
1 4 0.006443 0.526922 0.261443 0.000238 0.204954
1 2 0.012485 0.640830 0.193471 0.000954 0.152260
1 2 0.013532 0.648953 0.167749 0.000867 0.168899
1 2 0.007624 0.596006 0.220725 0.000108 0.175537
1 2 0.006093 0.575338 0.271787 0.000249 0.146533
1 2 0.009836 0.641613 0.198255 0.000074 0.150223
1 2 0.006268 0.603617 0.245757 0.000405 0.143953
1 2 0.007716 0.661001 0.220899 0.000176 0.110209
1 2 0.006892 0.483637 0.384799 0.000925 0.123747
1 2 0.031282 0.738036 0.125521 0.000153 0.105008
1 2 0.019641 0.744570 0.149291 0.000182 0.086316
1 2 0.023499 0.763296 0.116314 0.000140 0.096751
1 0 0.265025 0.555036 0.050480 0.000009 0.129451
1 0 0.272743 0.630235 0.023758 0.000004 0.073260
1 1 0.048640 0.768405 0.069239 0.000026 0.113690
1 1 0.038954 0.766890 0.087659 0.000036 0.106461
1 1 0.018496 0.745804 0.140846 0.000175 0.094680
1 1 0.026713 0.760932 0.114512 0.000124 0.097719
1 1 0.017505 0.620279 0.243641 0.000049 0.118526
2 2 0.002140 0.116354 0.864858 0.000004 0.016644
2 2 0.003230 0.223898 0.747816 0.000009 0.025048
1 2 0.007788 0.711320 0.249193 0.000012 0.031686
1 0 0.314924 0.583104 0.072355 0.000122 0.029495
1 1 0.195919 0.763390 0.018756 0.000001 0.021935
1 1 0.054871 0.876634 0.044032 0.000002 0.024462
1 1 0.016444 0.745265 0.211668 0.000019 0.026603
2 2 0.008983 0.368421 0.600232 0.000010 0.022354
2 2 0.009388 0.391836 0.570799 0.000008 0.027969
2 2 0.011216 0.160843 0.801188 0.000005 0.026749
2 2 0.001980 0.103938 0.889533 0.000014 0.004535
2 2 0.007108 0.214026 0.763783 0.000004 0.015079
2 2 0.000970 0.077194 0.916130 0.000006 0.005700
1 1 0.019546 0.518636 0.447540 0.000010 0.014269
2 2 0.013453 0.256193 0.715449 0.000007 0.014898
1 1 0.135219 0.663240 0.186805 0.000081 0.014654
2 2 0.014674 0.298804 0.676369 0.000021 0.010132
2 2 0.004505 0.162754 0.829872 0.000082 0.002787
2 2 0.002159 0.110472 0.880174 0.000003 0.007192
2 2 0.002414 0.085868 0.907100 0.000005 0.004612
2 2 0.000886 0.039127 0.957199 0.000004 0.002783
2 2 0.000249 0.026950 0.971964 0.000129 0.000708
2 2 0.000165 0.034802 0.962581 0.000004 0.002448
2 2 0.000181 0.019675 0.979093 0.000026 0.001025
2 2 0.000306 0.035505 0.963056 0.000089 0.001043
2 2 0.000188 0.035114 0.963014 0.000041 0.001643
2 2 0.000502 0.053715 0.943825 0.000164 0.001795
2 2 0.000306 0.038248 0.958884 0.000019 0.002543
2 2 0.000254 0.047508 0.949539 0.000059 0.002639
2 2 0.000186 0.035915 0.962539 0.000048 0.001313
2 2 0.000165 0.038432 0.959080 0.000075 0.002248
2 0 0.134232 0.348053 0.506791 0.002358 0.008566
2 1 0.017503 0.339037 0.639812 0.000202 0.003447
2 2 0.001193 0.020699 0.977324 0.000038 0.000745
2 2 0.000235 0.040943 0.954542 0.000011 0.004268
2 2 0.000045 0.012096 0.987381 0.000037 0.000441
2 2 0.000321 0.028626 0.970284 0.000172 0.000597
2 2 0.000053 0.022922 0.975413 0.000012 0.001601
2 2 0.000288 0.017075 0.980764 0.000468 0.001405
2 2 0.000204 0.027142 0.971905 0.000101 0.000648
2 2 0.000035 0.003955 0.984549 0.011360 0.000101
2 2 0.000106 0.010848 0.973973 0.014766 0.000307
2 2 0.000032 0.004338 0.990664 0.004862 0.000104
2 2 0.000022 0.003478 0.986390 0.009895 0.000215
2 2 0.000096 0.006618 0.984008 0.009109 0.000169
2 2 0.000114 0.013687 0.983730 0.001944 0.000525
2 2 0.000111 0.009974 0.983018 0.006545 0.000352
2 2 0.000175 0.011056 0.975396 0.012863 0.000510
2 3 0.000131 0.010143 0.972733 0.016687 0.000306
2 3 0.000222 0.010877 0.951880 0.036674 0.000347
2 0 0.015484 0.208729 0.767905 0.002736 0.005146
2 2 0.000203 0.021442 0.977066 0.000803 0.000485
2 2 0.000497 0.037927 0.960134 0.000841 0.000601
2 2 0.000089 0.007891 0.991576 0.000222 0.000223
2 2 0.000027 0.013828 0.985292 0.000059 0.000795
2 2 0.000039 0.017263 0.981753 0.000082 0.000864
