0 0 0.981346 0.008477 0.000133 0.000000 0.010045
0 0 0.985007 0.006838 0.000115 0.000000 0.008040
0 0 0.909592 0.044999 0.000687 0.000000 0.044721
0 0 0.975394 0.011943 0.000171 0.000000 0.012491
0 0 0.982945 0.007579 0.000130 0.000000 0.009346
0 0 0.949814 0.023625 0.000363 0.000000 0.026198
0 0 0.981076 0.007353 0.000088 0.000000 0.011482
0 0 0.792762 0.078375 0.000197 0.000000 0.128667
1 0 0.297011 0.375076 0.001456 0.000000 0.326457
1 1 0.249540 0.470155 0.013652 0.000040 0.266612
2 1 0.005403 0.226846 0.738392 0.021573 0.007785
2 1 0.003667 0.210729 0.764228 0.015833 0.005543
2 1 0.006776 0.236306 0.721598 0.025829 0.009491
2 2 0.002573 0.180884 0.795497 0.016781 0.004265
2 2 0.004356 0.217853 0.753179 0.018167 0.006446
2 2 0.000430 0.067130 0.892025 0.039197 0.001218
2 2 0.000111 0.029894 0.939201 0.030502 0.000292
2 2 0.000548 0.077593 0.885948 0.034470 0.001441
2 2 0.000016 0.008227 0.942624 0.049081 0.000052
2 2 0.000131 0.030115 0.879884 0.089326 0.000544
2 2 0.000001 0.002054 0.747036 0.250894 0.000015
2 2 0.000010 0.007592 0.860896 0.131428 0.000075
2 3 0.000001 0.001447 0.692101 0.306441 0.000011
2 3 0.000017 0.011184 0.886089 0.102593 0.000117
2 3 0.000002 0.003132 0.787436 0.209404 0.000026
2 3 0.000022 0.006877 0.634288 0.358648 0.000164
2 3 0.000001 0.002628 0.793594 0.203757 0.000019
2 3 0.000015 0.006149 0.673328 0.320389 0.000119
2 3 0.000005 0.003037 0.593833 0.403074 0.000051
2 3 0.000042 0.011444 0.733859 0.254397 0.000258
3 3 0.000035 0.003678 0.278126 0.717922 0.000239
3 3 0.000056 0.004422 0.267341 0.727841 0.000341
3 3 0.000037 0.002862 0.203240 0.793615 0.000246
3 3 0.000146 0.006847 0.260739 0.731551 0.000716
3 3 0.000034 0.002874 0.216145 0.780720 0.000228
3 3 0.000024 0.002064 0.176228 0.821508 0.000175
3 3 0.000056 0.003296 0.191839 0.804476 0.000334
3 3 0.000009 0.001049 0.135348 0.863511 0.000083
3 3 0.000036 0.002250 0.156696 0.840783 0.000235
3 3 0.000023 0.001676 0.140521 0.857611 0.000168
3 3 0.000027 0.001416 0.106122 0.892252 0.000183
3 3 0.000032 0.001746 0.122840 0.875168 0.000214
3 3 0.000009 0.000520 0.059946 0.939452 0.000074
3 3 0.000026 0.001240 0.091865 0.906691 0.000178
3 3 0.000003 0.000350 0.066157 0.933454 0.000035
3 3 0.000018 0.000747 0.060414 0.938689 0.000132
3 3 0.000014 0.001078 0.111301 0.887497 0.000111
3 3 0.000012 0.000508 0.048385 0.951002 0.000093
3 3 0.000007 0.000544 0.072956 0.926430 0.000062
3 3 0.000007 0.000403 0.048054 0.951472 0.000064
3 3 0.000010 0.000581 0.064308 0.935020 0.000081
3 3 0.000009 0.000492 0.053552 0.945869 0.000078
3 3 0.000014 0.000593 0.054031 0.945258 0.000104
3 3 0.000015 0.000565 0.048569 0.950742 0.000110
3 3 0.000024 0.000783 0.054994 0.944039 0.000160
3 3 0.000009 0.000385 0.041669 0.957866 0.000071
3 3 0.000011 0.000268 0.023061 0.976578 0.000081
3 3 0.000008 0.000363 0.039510 0.960049 0.000069
3 3 0.000008 0.000298 0.032578 0.967053 0.000063
3 3 0.000010 0.000394 0.039500 0.960017 0.000079
3 3 0.000048 0.000860 0.040782 0.958042 0.000268
3 3 0.000016 0.000429 0.033128 0.966315 0.000112
3 3 0.000020 0.000481 0.033332 0.966033 0.000134
3 3 0.000025 0.000450 0.027214 0.972157 0.000154
3 3 0.000016 0.000411 0.031816 0.967647 0.000110
3 3 0.000013 0.000507 0.046074 0.953309 0.000098
3 3 0.000022 0.000533 0.035977 0.963324 0.000144
3 3 0.000017 0.000384 0.028171 0.971314 0.000114
3 3 0.000013 0.000344 0.028362 0.971187 0.000095
3 3 0.000012 0.000297 0.025419 0.974187 0.000085
3 3 0.000008 0.000219 0.022002 0.977709 0.000062
3 3 0.000013 0.000310 0.025432 0.974154 0.000091
3 3 0.000005 0.000237 0.029939 0.969770 0.000049
3 3 0.000013 0.000239 0.017666 0.981989 0.000093
3 3 0.000008 0.000234 0.023162 0.976531 0.000065
3 3 0.000026 0.000400 0.022930 0.976488 0.000156
3 3 0.000015 0.000261 0.018110 0.981510 0.000104
3 3 0.000015 0.000330 0.025161 0.974391 0.000103
3 3 0.000009 0.000254 0.024489 0.975179 0.000069
3 3 0.000010 0.000205 0.017230 0.982481 0.000075
3 3 0.000017 0.000342 0.024003 0.975523 0.000115
3 3 0.000020 0.000369 0.024312 0.975172 0.000128
3 3 0.000023 0.000279 0.015374 0.984182 0.000142
3 3 0.000017 0.000297 0.019862 0.979708 0.000115
3 3 0.000011 0.000249 0.020971 0.978688 0.000081
3 3 0.000017 0.000541 0.043219 0.956105 0.000118
3 3 0.000005 0.000140 0.017288 0.982528 0.000040
3 3 0.000016 0.000267 0.018431 0.981180 0.000106
3 3 0.000017 0.000383 0.028186 0.971301 0.000114
3 3 0.000005 0.000174 0.021347 0.978430 0.000044
3 3 0.000014 0.000292 0.021819 0.977775 0.000100
3 3 0.000018 0.000524 0.038906 0.960425 0.000127
3 3 0.000019 0.000349 0.023155 0.976354 0.000124
3 3 0.000029 0.000307 0.015226 0.984270 0.000167
3 3 0.000014 0.000349 0.027868 0.971670 0.000099
3 3 0.000076 0.000825 0.029516 0.969209 0.000373
3 3 0.000113 0.002095 0.074359 0.922892 0.000541
3 3 0.000010 0.001029 0.123904 0.874967 0.000090
3 3 0.000035 0.002368 0.168627 0.828737 0.000232
3 3 0.000184 0.008515 0.294194 0.696251 0.000857
3 3 0.000017 0.002937 0.316190 0.680718 0.000138
3 3 0.000064 0.003911 0.215966 0.779683 0.000376
3 3 0.000046 0.002745 0.171937 0.824985 0.000287
3 3 0.000047 0.005028 0.336568 0.658056 0.000300
3 3 0.000039 0.003200 0.223782 0.772720 0.000259
3 3 0.000015 0.003421 0.392375 0.604061 0.000127
2 3 0.000028 0.006334 0.541903 0.451537 0.000198
2 3 0.000093 0.011792 0.563270 0.424344 0.000500
2 3 0.000115 0.015063 0.632185 0.352055 0.000581
2 3 0.000960 0.054716 0.741961 0.199568 0.002796
2 3 0.006927 0.225310 0.725286 0.032503 0.009974
2 3 0.021058 0.392619 0.543054 0.015711 0.027558
2 3 0.019275 0.383682 0.556046 0.015549 0.025448
2 3 0.033061 0.437251 0.472117 0.016258 0.041313
2 3 0.008130 0.329607 0.641430 0.008898 0.011935
2 3 0.012351 0.330034 0.624335 0.016359 0.016921
2 3 0.011665 0.344046 0.615415 0.012580 0.016294
2 2 0.014016 0.347951 0.604226 0.011933 0.021874
2 2 0.013012 0.405085 0.556430 0.006900 0.018574
2 2 0.008933 0.349074 0.620955 0.007951 0.013087
2 2 0.008086 0.346474 0.626342 0.007076 0.012023
2 2 0.005885 0.305416 0.672195 0.007550 0.008954
2 2 0.002600 0.177229 0.797202 0.018592 0.004377
2 2 0.004725 0.221243 0.747725 0.019385 0.006922
2 2 0.000230 0.008704 0.983034 0.007998 0.000034
2 2 0.000128 0.007076 0.986060 0.006714 0.000022
2 2 0.000156 0.009671 0.981568 0.008567 0.000038
2 2 0.004485 0.136972 0.845053 0.010977 0.002514
2 2 0.000271 0.014197 0.980290 0.005188 0.000053
2 2 0.001523 0.088524 0.899067 0.009808 0.001078
2 2 0.009373 0.353916 0.621551 0.004494 0.010667
2 2 0.005863 0.228611 0.753828 0.006815 0.004884
2 2 0.011402 0.282731 0.693632 0.004980 0.007256
2 2 0.002210 0.054053 0.935972 0.007259 0.000507
2 2 0.002456 0.057370 0.928324 0.011159 0.000691
2 2 0.010469 0.059942 0.913006 0.015368 0.001215
2 2 0.013352 0.320633 0.654163 0.003514 0.008338
2 2 0.002372 0.091536 0.899673 0.005506 0.000912
2 2 0.008398 0.109303 0.873044 0.007369 0.001886
2 2 0.011240 0.343251 0.630556 0.004559 0.010395
2 2 0.002564 0.039646 0.949594 0.007839 0.000357
2 2 0.009908 0.055494 0.923286 0.010502 0.000810
2 2 0.004829 0.153170 0.832047 0.007335 0.002620
2 2 0.003865 0.023024 0.967991 0.004970 0.000150
2 2 0.002694 0.015627 0.976207 0.005384 0.000089
2 2 0.002295 0.017543 0.973100 0.006947 0.000114
2 2 0.006824 0.271462 0.703385 0.010029 0.008301
2 2 0.001650 0.041440 0.946491 0.010010 0.000409
2 2 0.007743 0.101796 0.881488 0.007422 0.001551
2 2 0.002811 0.092925 0.889131 0.013580 0.001553
1 2 0.042924 0.540608 0.355865 0.006137 0.054467
1 2 0.040267 0.553462 0.349418 0.004895 0.051958
1 2 0.029838 0.583633 0.343108 0.002419 0.041002
1 2 0.055833 0.577302 0.292841 0.004641 0.069383
1 2 0.033354 0.602966 0.316083 0.002119 0.045477
1 2 0.032708 0.578598 0.341655 0.002857 0.044181
1 2 0.048261 0.469386 0.440636 0.006152 0.035564
1 2 0.044801 0.557680 0.341439 0.004255 0.051824
1 2 0.130723 0.584961 0.188290 0.002017 0.094010
1 2 0.093460 0.535729 0.287806 0.006100 0.076905
1 2 0.037467 0.650632 0.259285 0.001211 0.051406
1 2 0.027807 0.576841 0.354409 0.002431 0.038511
1 2 0.041550 0.509309 0.422783 0.001749 0.024608
1 2 0.043774 0.644334 0.251937 0.001496 0.058459
1 2 0.024508 0.604604 0.334295 0.001467 0.035127
2 2 0.033291 0.468818 0.471290 0.003111 0.023491
1 2 0.062761 0.652519 0.203328 0.001494 0.079898
1 2 0.047523 0.629322 0.258985 0.001979 0.062191
1 2 0.034786 0.582704 0.332987 0.002892 0.046630
1 2 0.048463 0.595673 0.290474 0.003265 0.062125
1 2 0.092320 0.684781 0.107734 0.000473 0.114692
1 2 0.135102 0.642143 0.105976 0.000509 0.116271
1 2 0.093981 0.706675 0.080282 0.000208 0.118854
1 2 0.057753 0.717705 0.146817 0.000418 0.077305
1 2 0.088859 0.673544 0.127039 0.000715 0.109843
1 2 0.075348 0.685541 0.142811 0.000696 0.095603
1 2 0.096749 0.641984 0.156085 0.001250 0.103932
1 2 0.114916 0.655712 0.091497 0.000511 0.137363
1 2 0.067962 0.714462 0.128193 0.000391 0.088991
1 2 0.093311 0.691280 0.098595 0.000372 0.116442
1 2 0.316447 0.492858 0.077722 0.000387 0.112586
1 2 0.073280 0.724229 0.106358 0.000263 0.095870
1 2 0.088571 0.679688 0.121117 0.000611 0.110013
1 2 0.077542 0.666788 0.157776 0.001029 0.096865
1 1 0.143027 0.610293 0.082982 0.000716 0.162981
1 1 0.114768 0.649226 0.098952 0.000644 0.136410
1 1 0.123469 0.637489 0.103819 0.000734 0.134489
1 1 0.106082 0.693296 0.068554 0.000180 0.131888
1 1 0.105973 0.660006 0.105667 0.000634 0.127719
1 1 0.099973 0.704642 0.069307 0.000159 0.125920
0 1 0.494740 0.328295 0.019147 0.000079 0.157740
0 0 0.940993 0.032934 0.001445 0.000003 0.024625
1 0 0.245840 0.498699 0.012844 0.000022 0.242596
1 0 0.259384 0.506708 0.007646 0.000004 0.226258
1 0 0.161067 0.625617 0.022654 0.000028 0.190634
1 0 0.261263 0.490754 0.011157 0.000015 0.236811
1 0 0.217936 0.523632 0.007471 0.000005 0.250956
1 0 0.257542 0.518503 0.015359 0.000021 0.208576
0 0 0.648575 0.187585 0.004435 0.000012 0.159393
0 0 0.613369 0.230141 0.009935 0.000039 0.146516
0 0 0.496412 0.277925 0.002874 0.000002 0.222788
0 0 0.639553 0.167423 0.002583 0.000006 0.190434
0 0 0.521482 0.214564 0.003222 0.000011 0.260721
0 0 0.664219 0.155313 0.001981 0.000004 0.178483
0 0 0.611220 0.228602 0.007876 0.000024 0.152279
0 0 0.983525 0.009862 0.000464 0.000000 0.006148
0 0 0.983026 0.010149 0.000482 0.000000 0.006343
0 0 0.971716 0.014682 0.000464 0.000000 0.013137
0 0 0.966843 0.015455 0.000295 0.000000 0.017407
0 0 0.450241 0.261998 0.003300 0.000007 0.284453
1 0 0.209077 0.534936 0.026610 0.000110 0.229266
1 0 0.317777 0.409251 0.014509 0.000067 0.258398
0 0 0.473041 0.329644 0.012908 0.000040 0.184366
0 0 0.786699 0.114206 0.008198 0.000084 0.090812
0 0 0.810064 0.098014 0.003961 0.000020 0.087940
1 0 0.208419 0.530553 0.035704 0.000239 0.225084
1 0 0.224911 0.511023 0.018730 0.000059 0.245279
1 0 0.364664 0.419865 0.012615 0.000022 0.202835
0 0 0.878329 0.068445 0.004161 0.000020 0.049045
0 0 0.861109 0.075101 0.004461 0.000028 0.059301
0 0 0.846005 0.073758 0.000544 0.000000 0.079694
0 0 0.491926 0.219809 0.001376 0.000001 0.286888
0 0 0.816499 0.085043 0.000468 0.000000 0.097990
0 0 0.820801 0.087421 0.001064 0.000001 0.090713
0 0 0.976966 0.012994 0.000193 0.000000 0.009846
0 0 0.989783 0.006079 0.000111 0.000000 0.004027
0 0 0.967370 0.018686 0.000644 0.000001 0.013299
0 0 0.988434 0.006796 0.000107 0.000000 0.004663
0 0 0.987403 0.007385 0.000123 0.000000 0.005088
0 0 0.984877 0.008883 0.000197 0.000000 0.006042
0 0 0.831586 0.072688 0.004043 0.000012 0.091670
0 0 0.778536 0.063929 0.006470 0.000013 0.151052
0 0 0.500479 0.223619 0.003596 0.000014 0.272292
1 0 0.240362 0.484563 0.018811 0.000078 0.256187
1 0 0.241157 0.463896 0.026502 0.000208 0.268238
4 0 0.134459 0.260718 0.021997 0.000128 0.582699
1 0 0.203901 0.438375 0.017208 0.000049 0.340466
1 0 0.167045 0.477883 0.023056 0.000052 0.331963
1 0 0.270594 0.432333 0.006136 0.000008 0.290929
1 1 0.192504 0.462117 0.020501 0.000059 0.324819
1 1 0.164588 0.596754 0.031957 0.000080 0.206621
4 1 0.056602 0.343930 0.053711 0.000083 0.545674
4 1 0.073203 0.400810 0.068352 0.000189 0.457445
1 1 0.119813 0.557536 0.064672 0.000254 0.257725
1 1 0.075883 0.490104 0.057285 0.000080 0.376649
1 1 0.061908 0.436374 0.067392 0.000101 0.434226
1 1 0.095050 0.464001 0.043129 0.000073 0.397748
1 1 0.098592 0.572294 0.041976 0.000048 0.287090
1 1 0.050539 0.447465 0.099913 0.000171 0.401911
4 1 0.076409 0.255334 0.055964 0.000278 0.612014
1 1 0.225113 0.429163 0.244537 0.009637 0.091550
1 1 0.076353 0.617967 0.210226 0.002665 0.092789
1 1 0.037474 0.694530 0.214773 0.000607 0.052616
1 1 0.059735 0.644414 0.217915 0.001713 0.076223
1 1 0.043825 0.601838 0.294332 0.002773 0.057232
1 1 0.042903 0.635573 0.262635 0.001682 0.057207
1 1 0.039711 0.587811 0.317120 0.003081 0.052276
1 1 0.039883 0.552929 0.334054 0.003549 0.069585
2 1 0.020273 0.440748 0.491034 0.005998 0.041946
2 1 0.015420 0.284798 0.644449 0.003618 0.051715
2 1 0.000080 0.006634 0.987226 0.006024 0.000036
2 2 0.000506 0.085123 0.906606 0.007041 0.000724
2 2 0.000270 0.025311 0.967945 0.006350 0.000124
2 2 0.000040 0.006109 0.987780 0.006048 0.000023
2 2 0.000109 0.011151 0.981515 0.007186 0.000039
2 2 0.000063 0.007840 0.986045 0.006021 0.000031
2 2 0.000313 0.022798 0.969665 0.007107 0.000117
2 2 0.000569 0.035616 0.956608 0.006979 0.000229
2 2 0.000123 0.024850 0.961784 0.013091 0.000152
2 2 0.000632 0.076997 0.916262 0.005528 0.000581
2 2 0.000101 0.011754 0.967273 0.020801 0.000070
2 2 0.000056 0.007790 0.974141 0.017978 0.000035
2 2 0.000064 0.003543 0.971330 0.025049 0.000015
2 2 0.000279 0.032405 0.944707 0.022287 0.000322
2 2 0.000022 0.005220 0.978935 0.015806 0.000017
2 2 0.000054 0.006641 0.971226 0.022048 0.000031
2 2 0.007419 0.233941 0.717308 0.030900 0.010433
2 2 0.004146 0.153622 0.831175 0.008481 0.002575
2 2 0.000092 0.005082 0.982686 0.012121 0.000018
2 2 0.000301 0.030927 0.954708 0.013824 0.000241
2 2 0.001318 0.056077 0.926946 0.014959 0.000700
2 2 0.000286 0.018837 0.958841 0.021878 0.000158
2 2 0.000447 0.028233 0.939364 0.031609 0.000347
2 2 0.000127 0.025067 0.936474 0.038065 0.000267
2 2 0.000484 0.036568 0.914113 0.048218 0.000616
2 2 0.000190 0.013750 0.936648 0.049263 0.000149
2 2 0.000226 0.033908 0.834910 0.130083 0.000872
2 2 0.000102 0.015387 0.935138 0.049217 0.000156
2 2 0.000130 0.022544 0.853093 0.123781 0.000452
2 2 0.000059 0.006867 0.962760 0.030274 0.000039
2 2 0.000044 0.006183 0.829194 0.164494 0.000085
2 2 0.000132 0.011795 0.815190 0.172642 0.000242
2 2 0.002355 0.065556 0.625258 0.300991 0.005840
2 2 0.000132 0.012686 0.863409 0.123558 0.000214
2 2 0.000050 0.006821 0.827833 0.165197 0.000099
2 2 0.000053 0.005058 0.845704 0.149120 0.000064
2 2 0.000150 0.017032 0.797915 0.184485 0.000418
2 2 0.000096 0.016507 0.797049 0.185974 0.000375
2 2 0.000139 0.015399 0.732772 0.251235 0.000456
2 2 0.000080 0.012546 0.646023 0.340933 0.000418
3 2 0.000105 0.008878 0.407745 0.582712 0.000559
2 2 0.000856 0.030779 0.510152 0.455432 0.002781
2 3 0.001422 0.050914 0.626672 0.317009 0.003983
2 3 0.000920 0.036360 0.570882 0.388931 0.002905
3 3 0.000169 0.010680 0.391114 0.597233 0.000804
3 3 0.000353 0.016917 0.434627 0.546683 0.001420
3 3 0.000354 0.015922 0.408530 0.573768 0.001425
3 3 0.000126 0.008306 0.347991 0.642934 0.000642
2 3 0.000594 0.026375 0.520987 0.449947 0.002096
3 3 0.000168 0.008535 0.309443 0.681055 0.000799
2 3 0.023730 0.136391 0.546540 0.269997 0.023342
2 3 0.013528 0.077530 0.560183 0.337499 0.011260
2 3 0.017839 0.209251 0.642712 0.108882 0.021316
2 3 0.002145 0.040758 0.668649 0.285581 0.002866
2 3 0.001070 0.036371 0.800515 0.160629 0.001415
2 3 0.000489 0.031689 0.758906 0.207672 0.001244
2 3 0.001822 0.052473 0.826025 0.117622 0.002058
2 3 0.001595 0.061441 0.683037 0.249684 0.004243
2 3 0.000770 0.038038 0.632888 0.325811 0.002493
2 3 0.000499 0.025923 0.552363 0.419390 0.001824
2 3 0.000662 0.026276 0.494919 0.475854 0.002289
3 3 0.000178 0.013718 0.488282 0.496991 0.000832
3 3 0.000553 0.019977 0.413884 0.563580 0.002006
3 3 0.000071 0.006839 0.379190 0.613488 0.000412
2 3 0.000632 0.027459 0.525656 0.444056 0.002197
3 3 0.000301 0.014407 0.399973 0.584064 0.001256
3 3 0.000513 0.016990 0.363995 0.616607 0.001896
3 3 0.000207 0.009822 0.323134 0.665896 0.000941
3 3 0.000118 0.005813 0.243300 0.750164 0.000605
3 3 0.000240 0.011559 0.355901 0.631243 0.001057
3 3 0.000040 0.001863 0.117566 0.880279 0.000251
3 3 0.000179 0.008069 0.281370 0.709544 0.000838
3 3 0.000083 0.004462 0.217687 0.777308 0.000460
3 3 0.000022 0.001925 0.172919 0.824974 0.000161
3 3 0.000097 0.002749 0.112673 0.883983 0.000498
3 3 0.000099 0.003346 0.140807 0.855233 0.000514
3 3 0.000047 0.001876 0.108204 0.889591 0.000282
3 3 0.000048 0.000884 0.042477 0.956324 0.000267
3 3 0.000031 0.001348 0.091634 0.906783 0.000204
3 3 0.000030 0.001214 0.082330 0.916229 0.000197
3 3 0.000151 0.004095 0.141122 0.853921 0.000711
3 3 0.000153 0.004168 0.142989 0.851970 0.000719
3 3 0.000041 0.005318 0.384742 0.609631 0.000268
3 3 0.000100 0.008199 0.385688 0.605476 0.000537
3 3 0.000250 0.015998 0.483624 0.499047 0.001082
3 3 0.000182 0.013111 0.462277 0.523580 0.000850
3 3 0.000101 0.005720 0.260109 0.733533 0.000537
3 3 0.000073 0.006663 0.364537 0.628308 0.000419
3 3 0.000108 0.004933 0.212036 0.782362 0.000561
3 3 0.000186 0.008253 0.282356 0.708340 0.000864
3 3 0.000632 0.010183 0.184410 0.802598 0.002178
3 3 0.000562 0.015423 0.313603 0.668382 0.002031
3 3 0.001086 0.024363 0.363545 0.607629 0.003378
3 3 0.000772 0.021283 0.374877 0.600471 0.002597
3 3 0.001272 0.013128 0.167648 0.814235 0.003717
3 3 0.001064 0.019655 0.292254 0.683709 0.003318
3 3 0.021796 0.056981 0.259049 0.639253 0.022921
2 3 0.005720 0.086540 0.547462 0.348580 0.011697
2 3 0.004234 0.085723 0.607621 0.293102 0.009320
3 3 0.000608 0.021853 0.432107 0.543275 0.002157
2 3 0.000130 0.019419 0.793996 0.185968 0.000487
2 3 0.000185 0.027234 0.794806 0.177000 0.000775
2 3 0.000173 0.022490 0.858659 0.118219 0.000459
2 3 0.000117 0.020317 0.767505 0.211503 0.000557
2 3 0.000319 0.045425 0.877247 0.076023 0.000986
2 3 0.000130 0.008743 0.956262 0.034801 0.000065
2 3 0.000189 0.011128 0.913656 0.074884 0.000143
2 3 0.000092 0.009924 0.925179 0.064703 0.000101
2 3 0.000042 0.004560 0.931569 0.063796 0.000033
2 3 0.000058 0.006609 0.871186 0.122067 0.000080
2 3 0.000398 0.042851 0.887534 0.068326 0.000891
2 3 0.003148 0.130897 0.784069 0.075742 0.006145
2 3 0.003223 0.180662 0.786537 0.024240 0.005338
2 3 0.003412 0.248571 0.735072 0.007525 0.005421
2 3 0.000335 0.055853 0.924173 0.019011 0.000628
2 3 0.000142 0.015189 0.971737 0.012851 0.000081
2 3 0.001069 0.066746 0.903015 0.027995 0.001176
2 3 0.000701 0.061619 0.930350 0.006844 0.000486
2 3 0.000553 0.025792 0.964308 0.009177 0.000171
2 3 0.003132 0.187798 0.783403 0.020362 0.005305
2 3 0.026830 0.269339 0.695207 0.002636 0.005987
2 3 0.003967 0.348338 0.641267 0.001249 0.005178
2 3 0.003369 0.242751 0.749617 0.001567 0.002696
2 3 0.001181 0.106287 0.887668 0.004009 0.000856
2 3 0.003972 0.279368 0.711887 0.001355 0.003419
2 3 0.004662 0.219663 0.772843 0.000924 0.001908
2 3 0.000938 0.019938 0.978119 0.000961 0.000044
2 3 0.000511 0.036064 0.961894 0.001425 0.000105
2 3 0.002375 0.140402 0.854328 0.001855 0.001039
2 3 0.000730 0.024436 0.973551 0.001221 0.000062
2 3 0.000570 0.022692 0.964161 0.012408 0.000169
2 3 0.008736 0.282436 0.701049 0.002558 0.005222
2 3 0.069912 0.261034 0.637742 0.015981 0.015330
2 3 0.003806 0.327758 0.659287 0.002816 0.006334
2 3 0.003308 0.213256 0.773553 0.005971 0.003912
2 3 0.002272 0.084067 0.901955 0.010582 0.001124
2 3 0.001195 0.050299 0.934542 0.013400 0.000564
2 3 0.000775 0.039176 0.940500 0.019098 0.000451
2 3 0.001310 0.065282 0.912924 0.019502 0.000981
2 3 0.000327 0.007137 0.983482 0.009024 0.000030
2 3 0.000107 0.004311 0.968898 0.026662 0.000022
2 3 0.000284 0.022910 0.965187 0.011471 0.000147
2 3 0.000110 0.010836 0.969773 0.019219 0.000062
2 3 0.000727 0.046971 0.914577 0.036929 0.000796
2 2 0.000045 0.002519 0.981386 0.016042 0.000007
2 2 0.000303 0.040633 0.941175 0.017500 0.000389
2 2 0.000172 0.013918 0.961504 0.024302 0.000103
2 2 0.015178 0.198304 0.770740 0.010423 0.005355
2 2 0.007123 0.372152 0.605517 0.004201 0.011007
2 2 0.025027 0.233005 0.725913 0.008689 0.007367
2 2 0.011076 0.394985 0.581940 0.001996 0.010002
2 2 0.003953 0.387426 0.600429 0.001383 0.006808
2 2 0.002818 0.146508 0.845951 0.003163 0.001560
2 2 0.004190 0.267195 0.720608 0.003386 0.004621
2 2 0.003795 0.218939 0.774326 0.001027 0.001912
2 2 0.001485 0.047005 0.948903 0.002379 0.000228
2 2 0.003900 0.200956 0.791912 0.001377 0.001855
2 2 0.002185 0.048587 0.946970 0.002024 0.000234
2 2 0.008247 0.165090 0.822391 0.002396 0.001876
2 2 0.009365 0.455832 0.518469 0.002166 0.014167
1 2 0.139641 0.645274 0.049139 0.000151 0.165795
1 2 0.227035 0.572757 0.033084 0.000068 0.167056
0 0 0.956456 0.023685 0.006581 0.000137 0.013141
0 0 0.956411 0.024098 0.005694 0.000097 0.013700
0 0 0.978108 0.012986 0.001331 0.000005 0.007570
0 0 0.419834 0.404244 0.022074 0.000053 0.153794
1 1 0.128612 0.661303 0.055111 0.000163 0.154811
1 1 0.144400 0.628984 0.058170 0.000266 0.168180
0 0 0.735703 0.163866 0.039944 0.000591 0.059896
0 0 0.582402 0.257682 0.020337 0.000158 0.139422
4 0 0.169336 0.378130 0.041509 0.000423 0.410602
4 1 0.065006 0.166371 0.024017 0.000110 0.744495
4 1 0.122973 0.333851 0.047038 0.000375 0.495764
4 1 0.160649 0.334538 0.024847 0.000135 0.479830
4 1 0.115422 0.264362 0.028675 0.000170 0.591371
4 1 0.087059 0.134006 0.020087 0.000253 0.758595
4 4 0.116440 0.167654 0.034038 0.000977 0.680890
4 4 0.103158 0.152305 0.025990 0.000492 0.718055
4 4 0.100265 0.078599 0.036209 0.000323 0.784604
0 4 0.468869 0.077143 0.014615 0.000027 0.439347
4 4 0.393637 0.130588 0.022620 0.000168 0.452987
4 4 0.285322 0.183729 0.021917 0.000299 0.508734
4 4 0.182091 0.199688 0.023726 0.000481 0.594015
4 4 0.212024 0.284600 0.045094 0.001889 0.456394
4 4 0.096608 0.190504 0.038372 0.000452 0.674064
4 4 0.161077 0.095434 0.017442 0.000066 0.725981
4 4 0.156268 0.082562 0.030544 0.000177 0.730449
4 4 0.109813 0.176419 0.025005 0.000322 0.688440
4 4 0.395209 0.129593 0.019049 0.000114 0.456035
4 4 0.387353 0.118240 0.034809 0.000358 0.459240
4 4 0.311484 0.108081 0.011364 0.000025 0.569046
4 4 0.181419 0.143434 0.005253 0.000010 0.669883
4 4 0.078596 0.073217 0.019264 0.000088 0.828835
4 4 0.229379 0.072700 0.014114 0.000022 0.683786
4 4 0.181419 0.079847 0.028847 0.000135 0.709753
4 4 0.077123 0.063497 0.011468 0.000023 0.847888
4 4 0.110564 0.138792 0.003408 0.000004 0.747231
4 4 0.395562 0.110052 0.006043 0.000007 0.488336
4 4 0.246389 0.066388 0.024770 0.000061 0.662392
4 4 0.225816 0.083267 0.006435 0.000005 0.684476
4 4 0.094954 0.263276 0.035580 0.000191 0.605999
4 4 0.083913 0.157622 0.054129 0.001833 0.702503
4 4 0.108399 0.064259 0.056227 0.000576 0.770539
4 4 0.051200 0.100149 0.039490 0.001028 0.808132
4 4 0.146900 0.226198 0.035683 0.000441 0.590778
4 4 0.124350 0.312640 0.038036 0.000264 0.524709
4 4 0.099926 0.318729 0.060088 0.000495 0.520762
4 4 0.085984 0.298907 0.052335 0.000291 0.562483
4 4 0.087035 0.251076 0.057419 0.000615 0.603856
1 4 0.151410 0.471644 0.075976 0.000957 0.300013
4 4 0.115102 0.311837 0.029977 0.000121 0.542963
4 4 0.150017 0.236538 0.017516 0.000121 0.595809
4 4 0.108931 0.074905 0.034002 0.000243 0.781919
4 4 0.247339 0.115837 0.018884 0.000090 0.617849
4 4 0.266415 0.089663 0.028499 0.000137 0.615287
4 4 0.062260 0.062304 0.028504 0.000192 0.846740
4 4 0.063244 0.107292 0.016585 0.000147 0.812732
4 4 0.089029 0.097870 0.011095 0.000040 0.801966
4 4 0.093046 0.143235 0.005207 0.000008 0.758505
4 4 0.134629 0.206120 0.006272 0.000010 0.652968
4 4 0.110942 0.239995 0.134492 0.000983 0.513588
1 4 0.093638 0.415866 0.131893 0.001781 0.356822
1 4 0.210736 0.366927 0.146088 0.004448 0.271801
4 4 0.110018 0.312554 0.089643 0.001862 0.485922
1 4 0.156205 0.561518 0.074777 0.000736 0.206764
1 4 0.135306 0.587813 0.100496 0.001101 0.175284
1 4 0.139847 0.570894 0.099457 0.001201 0.188602
1 4 0.128479 0.600175 0.123848 0.001766 0.145733
1 4 0.147637 0.595794 0.087205 0.000916 0.168448
1 4 0.124992 0.614995 0.115024 0.001293 0.143697
2 4 0.010373 0.304342 0.649568 0.019322 0.016395
2 4 0.013576 0.317731 0.627039 0.022559 0.019095
2 4 0.014136 0.287137 0.642632 0.036197 0.019898
2 4 0.013636 0.382421 0.575162 0.009740 0.019041
2 4 0.011937 0.326798 0.628608 0.016249 0.016408
2 4 0.015371 0.348542 0.597923 0.017584 0.020579
2 4 0.014676 0.396767 0.559047 0.009079 0.020431
2 2 0.013860 0.368645 0.586541 0.011823 0.019131
2 2 0.012706 0.350772 0.605881 0.013062 0.017579
2 2 0.002497 0.142182 0.812148 0.038587 0.004586
2 2 0.000262 0.036466 0.957541 0.005546 0.000186
2 2 0.000143 0.009880 0.983836 0.006106 0.000034
2 2 0.000225 0.026138 0.967328 0.006186 0.000124
2 2 0.000018 0.002103 0.995116 0.002758 0.000005
2 2 0.000041 0.005378 0.982209 0.012356 0.000017
2 2 0.000005 0.001690 0.993641 0.004660 0.000004
2 2 0.000049 0.002852 0.995063 0.002025 0.000011
2 2 0.000066 0.009315 0.981993 0.008595 0.000031
2 2 0.000021 0.003059 0.986545 0.010368 0.000007
2 2 0.000002 0.000729 0.995300 0.003967 0.000001
2 2 0.000195 0.007848 0.983244 0.008674 0.000039
2 2 0.000373 0.015032 0.961867 0.022604 0.000125
2 2 0.000237 0.009883 0.969406 0.020410 0.000064
2 3 0.000128 0.011053 0.979510 0.009264 0.000045
2 3 0.048325 0.221739 0.691275 0.026077 0.012584
2 3 0.007908 0.387145 0.589245 0.003863 0.011839
2 3 0.008007 0.333611 0.643693 0.005078 0.009612
2 3 0.007799 0.391967 0.587103 0.002695 0.010436
2 3 0.005234 0.147944 0.841652 0.003401 0.001768
2 3 0.000530 0.021677 0.971482 0.006199 0.000112
2 3 0.000030 0.002184 0.979146 0.018634 0.000006
2 3 0.000050 0.004417 0.980445 0.015072 0.000015
2 3 0.000275 0.009460 0.971813 0.018394 0.000059
2 3 0.000136 0.019200 0.957479 0.023039 0.000147
2 3 0.000035 0.003756 0.943194 0.052993 0.000022
2 3 0.000092 0.007409 0.956887 0.035562 0.000050
2 3 0.000082 0.012889 0.950522 0.036404 0.000102
2 3 0.000024 0.002381 0.952687 0.044897 0.000011
2 3 0.000013 0.004535 0.956031 0.039401 0.000020
2 3 0.000011 0.002955 0.967793 0.029231 0.000010
2 3 0.000039 0.008904 0.631969 0.358838 0.000251
2 3 0.000084 0.006977 0.847915 0.144923 0.000102
2 3 0.000097 0.012571 0.706474 0.280497 0.000362
2 3 0.000069 0.006705 0.846387 0.146744 0.000095
2 3 0.000039 0.007552 0.682966 0.309267 0.000176
3 3 0.000119 0.011400 0.492362 0.495510 0.000609
3 3 0.000275 0.013830 0.400909 0.583814 0.001172
2 3 0.000027 0.006213 0.692109 0.301525 0.000126
3 3 0.000194 0.010449 0.356449 0.632010 0.000897
2 3 0.000159 0.015236 0.562538 0.421311 0.000756
3 3 0.000081 0.003985 0.194346 0.801142 0.000446
3 3 0.000017 0.002501 0.265171 0.732173 0.000137
3 3 0.000013 0.002577 0.316816 0.680482 0.000111
3 3 0.000027 0.002394 0.196561 0.800825 0.000193
3 3 0.000021 0.001917 0.174399 0.823505 0.000158
3 3 0.000024 0.002495 0.222078 0.775229 0.000175
3 3 0.000052 0.002932 0.173288 0.823411 0.000316
3 3 0.000035 0.002047 0.141781 0.855907 0.000230
3 3 0.000143 0.007232 0.280804 0.711117 0.000704
3 3 0.000035 0.002008 0.139656 0.858074 0.000227
3 3 0.000045 0.002787 0.178354 0.818534 0.000281
3 3 0.000019 0.000780 0.062889 0.936178 0.000134
3 3 0.000048 0.001772 0.099673 0.898222 0.000286
3 3 0.000171 0.003696 0.116174 0.879186 0.000773
3 3 0.000062 0.002048 0.102056 0.895484 0.000350
3 3 0.000055 0.001308 0.063590 0.934742 0.000306
3 3 0.000038 0.001253 0.074799 0.923676 0.000234
3 3 0.000035 0.000999 0.059543 0.939209 0.000215
3 3 0.000035 0.000927 0.053724 0.945098 0.000216
3 3 0.000017 0.000542 0.042338 0.956982 0.000121
3 3 0.000042 0.000731 0.036363 0.962628 0.000237
3 3 0.000067 0.000910 0.036089 0.962593 0.000342
3 3 0.000029 0.000889 0.057353 0.941543 0.000186
3 3 0.000055 0.001078 0.049767 0.948796 0.000303
3 3 0.000023 0.000423 0.026269 0.973141 0.000145
3 3 0.000032 0.000685 0.039234 0.959855 0.000194
3 3 0.000024 0.000440 0.026916 0.972470 0.000150
3 3 0.000065 0.000925 0.037369 0.961304 0.000336
3 3 0.000027 0.000743 0.048269 0.950789 0.000172
3 3 0.000026 0.000554 0.034274 0.964983 0.000163
3 3 0.000012 0.000262 0.020749 0.978888 0.000089
3 3 0.000013 0.000226 0.016559 0.983109 0.000092
3 3 0.000033 0.000446 0.022507 0.976823 0.000191
3 3 0.000032 0.000593 0.032636 0.966546 0.000193
3 3 0.000017 0.000289 0.019439 0.980142 0.000113
3 3 0.000048 0.000735 0.033626 0.965328 0.000263
3 3 0.000024 0.000416 0.024858 0.974550 0.000152
3 3 0.000035 0.000625 0.033263 0.965872 0.000205
3 3 0.000017 0.000265 0.017228 0.982376 0.000114
3 3 0.000011 0.000353 0.032437 0.967115 0.000084
3 3 0.000045 0.000545 0.024011 0.975155 0.000244
3 3 0.000024 0.000489 0.030888 0.968448 0.000151
3 3 0.000041 0.000440 0.019448 0.979847 0.000223
3 3 0.000014 0.000305 0.022990 0.976589 0.000101
3 3 0.000046 0.000711 0.033332 0.965659 0.000252
3 3 0.000031 0.000590 0.033085 0.966106 0.000188
3 3 0.000023 0.000322 0.018802 0.980713 0.000140
3 3 0.000026 0.000375 0.021165 0.978279 0.000155
3 3 0.000006 0.000188 0.021675 0.978083 0.000049
3 3 0.000018 0.000333 0.022268 0.977260 0.000120
3 3 0.000018 0.000369 0.025200 0.974290 0.000123
3 3 0.000020 0.000280 0.017044 0.982531 0.000126
3 3 0.000022 0.000249 0.013784 0.985811 0.000134
3 3 0.000026 0.000576 0.036015 0.963220 0.000163
3 3 0.000048 0.000596 0.026022 0.973078 0.000256
3 3 0.000032 0.000327 0.015689 0.983774 0.000179
3 3 0.000013 0.000272 0.021628 0.977997 0.000090
3 3 0.000029 0.000309 0.015282 0.984210 0.000169
3 3 0.000045 0.000429 0.017835 0.981453 0.000238
3 3 0.000020 0.000231 0.013309 0.986316 0.000124
3 3 0.000025 0.000303 0.016591 0.982933 0.000148
3 3 0.000008 0.000245 0.025136 0.974548 0.000063
3 3 0.000023 0.000365 0.021867 0.977603 0.000143
3 3 0.000066 0.000652 0.023960 0.974995 0.000328
3 3 0.000029 0.000523 0.029673 0.969599 0.000177
3 3 0.000016 0.000307 0.021560 0.978007 0.000110
3 3 0.000021 0.000390 0.025308 0.974148 0.000133
3 3 0.000027 0.000391 0.021756 0.977666 0.000161
3 3 0.000023 0.000331 0.019432 0.980073 0.000141
3 3 0.000036 0.000362 0.016465 0.982937 0.000199
3 3 0.000013 0.000240 0.018288 0.981370 0.000090
3 3 0.000035 0.000736 0.040546 0.958472 0.000210
3 3 0.000007 0.000197 0.021070 0.978671 0.000055
3 3 0.000026 0.000367 0.020359 0.979089 0.000158
3 3 0.000044 0.000612 0.028183 0.970917 0.000243
3 3 0.000038 0.000455 0.021400 0.977897 0.000210
3 3 0.000032 0.000512 0.027121 0.972144 0.000190
3 3 0.000083 0.000683 0.022202 0.976645 0.000387
3 3 0.000324 0.004126 0.091782 0.902524 0.001245
3 3 0.001135 0.026622 0.389452 0.579299 0.003493
2 3 0.022226 0.326910 0.585886 0.037376 0.027602
2 3 0.045200 0.395175 0.491995 0.025057 0.042574
2 3 0.047466 0.291343 0.566476 0.061324 0.033391
2 3 0.028988 0.427212 0.491370 0.015650 0.036780
2 3 0.023375 0.414154 0.518072 0.013926 0.030473
1 3 0.038113 0.458723 0.441232 0.014798 0.047133
1 3 0.024093 0.476696 0.459925 0.006888 0.032398
1 2 0.054086 0.440158 0.417204 0.025896 0.062655
1 2 0.025081 0.471979 0.461846 0.007673 0.033420
1 2 0.031779 0.460370 0.441579 0.008676 0.057597
1 2 0.053687 0.469593 0.311791 0.005458 0.159472
1 2 0.064949 0.489309 0.288786 0.006222 0.150734
1 2 0.055828 0.517025 0.317550 0.006148 0.103448
1 2 0.044538 0.510894 0.312017 0.003229 0.129322
1 2 0.057558 0.513768 0.334278 0.008612 0.085784
2 2 0.080491 0.377233 0.401528 0.061940 0.078808
1 2 0.063668 0.568722 0.284757 0.005614 0.077238
1 2 0.047078 0.477703 0.378048 0.009341 0.087830
1 2 0.070823 0.572653 0.266238 0.005502 0.084784
1 2 0.062680 0.457677 0.305572 0.007638 0.166433
1 2 0.143966 0.518920 0.176141 0.008329 0.152644
1 2 0.097872 0.530956 0.251478 0.010258 0.109435
1 2 0.074078 0.450816 0.275264 0.008051 0.191790
1 2 0.060156 0.346622 0.246255 0.005927 0.341041
1 2 0.062217 0.395597 0.228189 0.003738 0.310259
1 2 0.089287 0.384712 0.168180 0.003785 0.354037
1 2 0.087615 0.496961 0.204243 0.003850 0.207331
1 2 0.076293 0.481738 0.215666 0.003432 0.222872
1 2 0.084398 0.519205 0.191982 0.002704 0.201712
1 2 0.062544 0.459775 0.195344 0.001723 0.280614
2 2 0.006350 0.281381 0.689376 0.012623 0.010270
2 2 0.007015 0.319785 0.653087 0.008603 0.011510
2 2 0.004639 0.241991 0.730258 0.014903 0.008210
2 2 0.002701 0.141803 0.834476 0.017809 0.003212
2 2 0.000917 0.041380 0.941696 0.015558 0.000449
2 2 0.001052 0.030948 0.948339 0.019311 0.000350
2 2 0.000480 0.008945 0.980390 0.010112 0.000072
2 2 0.001560 0.024915 0.965089 0.008252 0.000184
2 2 0.001842 0.014438 0.979185 0.004362 0.000173
2 2 0.008243 0.085150 0.887569 0.017241 0.001797
1 2 0.028454 0.553056 0.376335 0.003367 0.038788
1 2 0.069117 0.598993 0.288762 0.001046 0.042082
1 2 0.040623 0.515257 0.414193 0.002155 0.027773
2 2 0.012067 0.442907 0.526813 0.002784 0.015428
2 2 0.016517 0.068286 0.907167 0.006927 0.001104
2 2 0.010634 0.062618 0.919598 0.006273 0.000876
2 2 0.018892 0.099295 0.877384 0.002990 0.001438
2 2 0.018531 0.121570 0.855177 0.002803 0.001919
2 2 0.181734 0.301986 0.476216 0.012330 0.027735
1 2 0.067035 0.520597 0.373370 0.002502 0.036496
2 2 0.005945 0.406034 0.577226 0.001768 0.009027
2 2 0.006142 0.420660 0.561332 0.001838 0.010029
2 2 0.007369 0.412979 0.565898 0.002486 0.011269
2 2 0.009406 0.390513 0.587110 0.002532 0.010438
2 2 0.002180 0.084590 0.905053 0.007251 0.000925
2 2 0.001637 0.028552 0.965117 0.004530 0.000165
2 2 0.000679 0.005510 0.985031 0.008723 0.000057
2 2 0.000715 0.022957 0.968732 0.007458 0.000138
2 2 0.002839 0.052067 0.937474 0.007082 0.000539
2 2 0.046038 0.323171 0.601151 0.011324 0.018316
2 2 0.009022 0.437558 0.536759 0.002707 0.013954
2 2 0.006710 0.467251 0.514111 0.001135 0.010793
2 2 0.006493 0.397071 0.583414 0.002670 0.010353
2 2 0.006625 0.385140 0.594592 0.003193 0.010450
2 2 0.001608 0.027867 0.966980 0.003155 0.000390
2 2 0.003502 0.048004 0.945267 0.002912 0.000315
2 2 0.003908 0.086379 0.905115 0.003781 0.000818
2 2 0.001007 0.014739 0.981514 0.002573 0.000167
2 2 0.001038 0.022865 0.968837 0.007117 0.000143
2 2 0.022222 0.377430 0.580478 0.004818 0.015053
2 2 0.014554 0.474099 0.491675 0.002251 0.017421
2 2 0.231532 0.260974 0.455904 0.021277 0.030312
1 2 0.010778 0.519975 0.450979 0.001336 0.016932
2 2 0.008163 0.431126 0.545409 0.002511 0.012790
2 2 0.005170 0.210227 0.775235 0.005345 0.004023
2 2 0.005415 0.168471 0.821272 0.002741 0.002101
2 2 0.002192 0.035625 0.954477 0.007413 0.000294
2 2 0.001397 0.010680 0.981644 0.006227 0.000052
2 2 0.001001 0.013775 0.978908 0.006240 0.000076
2 2 0.000678 0.008660 0.984036 0.006561 0.000065
2 2 0.000083 0.002395 0.981993 0.015521 0.000008
2 2 0.000080 0.016081 0.964239 0.019502 0.000098
2 2 0.000062 0.006660 0.974722 0.018526 0.000030
2 2 0.000125 0.012618 0.978537 0.008669 0.000052
2 2 0.000029 0.004071 0.974640 0.021246 0.000015
2 2 0.000058 0.006037 0.978669 0.015213 0.000023
2 2 0.000026 0.004570 0.974888 0.020500 0.000017
2 2 0.000081 0.009701 0.967042 0.023120 0.000056
2 2 0.000081 0.009961 0.971819 0.018088 0.000051
2 2 0.000065 0.015571 0.960298 0.023965 0.000101
2 2 0.002009 0.064101 0.916894 0.016036 0.000960
2 2 0.001035 0.022088 0.960671 0.016002 0.000204
2 2 0.059941 0.312291 0.577064 0.024631 0.026073
2 2 0.093724 0.253218 0.612398 0.022267 0.018392
2 2 0.005694 0.337058 0.644606 0.004047 0.008596
2 2 0.000708 0.013676 0.970213 0.015302 0.000101
2 2 0.000325 0.014953 0.957846 0.026744 0.000132
2 2 0.000358 0.006068 0.981986 0.011560 0.000027
2 2 0.000569 0.007066 0.967643 0.024669 0.000053
2 2 0.001083 0.014667 0.969057 0.015076 0.000117
2 2 0.001652 0.036554 0.934863 0.026383 0.000549
2 2 0.048649 0.343049 0.582536 0.007787 0.017980
2 2 0.032503 0.371192 0.577458 0.004107 0.014739
2 2 0.002981 0.226639 0.759499 0.006374 0.004507
2 2 0.000347 0.012013 0.969045 0.018511 0.000083
2 2 0.003101 0.034668 0.951649 0.010230 0.000353
2 2 0.000448 0.012111 0.976325 0.011048 0.000068
2 2 0.000287 0.008692 0.974662 0.016309 0.000050
2 2 0.000850 0.044194 0.935938 0.018489 0.000528
2 2 0.000244 0.010978 0.975713 0.013007 0.000059
2 2 0.000106 0.007410 0.961198 0.031237 0.000048
2 2 0.000237 0.014752 0.955296 0.029585 0.000130
2 2 0.000231 0.008290 0.961231 0.030177 0.000071
2 2 0.000104 0.011491 0.911184 0.077083 0.000137
2 2 0.000101 0.011097 0.950145 0.038567 0.000090
2 2 0.000549 0.067446 0.874536 0.055925 0.001543
2 2 0.000662 0.061163 0.837923 0.098330 0.001922
2 2 0.000169 0.023878 0.930013 0.045652 0.000288
2 2 0.000261 0.018398 0.947301 0.033852 0.000188
2 2 0.000194 0.028465 0.906312 0.064581 0.000448
2 2 0.130490 0.146337 0.659709 0.050905 0.012560
1 2 0.082654 0.492217 0.349483 0.010016 0.065630
1 2 0.051815 0.593004 0.285970 0.003549 0.065661
2 2 0.027848 0.456244 0.488867 0.003926 0.023115
2 2 0.089716 0.309707 0.544512 0.026051 0.030015
1 2 0.049079 0.514199 0.382066 0.006315 0.048342
0 0 0.579092 0.163653 0.188775 0.022185 0.046294
1 0 0.151283 0.606288 0.167892 0.000676 0.073860
1 1 0.035354 0.652265 0.262272 0.001125 0.048984
1 1 0.030073 0.598812 0.327519 0.002004 0.041592
1 1 0.147781 0.557336 0.120803 0.002533 0.171548
1 1 0.105039 0.408394 0.118459 0.001810 0.366298
4 2 0.054995 0.218474 0.116185 0.002049 0.608298
1 2 0.100231 0.376806 0.145937 0.003497 0.373529
4 2 0.059643 0.277929 0.132714 0.001800 0.527914
4 2 0.060163 0.232085 0.094894 0.001237 0.611621
1 2 0.087413 0.352408 0.201184 0.007463 0.351532
4 4 0.090151 0.269423 0.148569 0.006822 0.485036
4 4 0.130277 0.128367 0.103055 0.006905 0.631396
1 4 0.124361 0.411005 0.123927 0.003028 0.337679
4 4 0.151047 0.333388 0.044518 0.000530 0.470517
4 4 0.086839 0.140738 0.038458 0.001144 0.732820
4 4 0.095035 0.123335 0.045559 0.001221 0.734849
4 4 0.050350 0.116478 0.035911 0.000497 0.796765
4 4 0.102159 0.103798 0.051705 0.001129 0.741209
4 4 0.077419 0.203160 0.083385 0.002262 0.633774
4 4 0.101411 0.128917 0.053816 0.001830 0.714027
4 4 0.164728 0.185879 0.019025 0.000270 0.630098
4 4 0.170060 0.212242 0.038480 0.001645 0.577573
4 4 0.099713 0.260524 0.069337 0.001235 0.569191
4 4 0.166164 0.082414 0.042249 0.000347 0.708827
4 4 0.056370 0.071797 0.017114 0.000088 0.854632
4 4 0.092757 0.096136 0.015471 0.000076 0.795560
4 4 0.077963 0.107085 0.017234 0.000133 0.797585
4 4 0.229094 0.102407 0.026377 0.000153 0.641969
4 4 0.063178 0.105099 0.019782 0.000207 0.811734
4 4 0.102913 0.121399 0.015284 0.000103 0.760301
0 4 0.531538 0.105328 0.007157 0.000012 0.355965
4 4 0.146676 0.105444 0.029545 0.000262 0.718074
4 4 0.091605 0.145171 0.051104 0.002190 0.709929
4 4 0.134045 0.343072 0.039587 0.000274 0.483023
4 4 0.093678 0.197676 0.036848 0.000455 0.671343
4 4 0.100028 0.176990 0.041479 0.000982 0.680521
4 4 0.078873 0.084293 0.051425 0.000953 0.784455
4 4 0.131291 0.078163 0.039191 0.000312 0.751043
4 4 0.216701 0.197226 0.036293 0.001117 0.548663
4 4 0.157766 0.248904 0.028300 0.000401 0.564628
4 4 0.394554 0.101699 0.043279 0.000442 0.460026
4 4 0.045075 0.100332 0.034585 0.000550 0.819458
4 4 0.092061 0.335962 0.044388 0.000163 0.527426
1 4 0.062385 0.558811 0.248136 0.002885 0.127783
1 4 0.063811 0.540294 0.311354 0.008340 0.076202
1 4 0.046680 0.625622 0.264497 0.002067 0.061134
1 4 0.062392 0.609378 0.247575 0.003046 0.077608
1 4 0.051902 0.613268 0.265716 0.002649 0.066465
1 4 0.046240 0.647535 0.243402 0.001474 0.061350
1 4 0.043147 0.581591 0.315762 0.003610 0.055891
1 4 0.040350 0.596261 0.307383 0.002790 0.053216
1 4 0.060389 0.587568 0.273280 0.004178 0.074585
1 4 0.054291 0.612481 0.261450 0.002747 0.069031
1 4 0.052634 0.608741 0.268672 0.002855 0.067099
1 2 0.065616 0.638440 0.211675 0.001909 0.082360
1 2 0.062392 0.689541 0.166085 0.000739 0.081242
1 2 0.058679 0.615227 0.249493 0.002727 0.073875
1 2 0.061047 0.649032 0.210473 0.001587 0.077861
1 2 0.057112 0.610644 0.257343 0.002892 0.072008
1 2 0.058696 0.640015 0.224550 0.001837 0.074902
1 2 0.061889 0.627839 0.230147 0.002268 0.077857
1 2 0.339569 0.410134 0.146426 0.003094 0.100778
0 2 0.710399 0.142991 0.036124 0.003183 0.107304
2 2 0.015715 0.467066 0.493184 0.003488 0.020547
2 2 0.012683 0.432088 0.531952 0.004800 0.018477
2 2 0.014627 0.396907 0.559069 0.009021 0.020376
2 2 0.014144 0.390284 0.566520 0.009321 0.019731
2 2 0.012845 0.390625 0.570243 0.008077 0.018210
2 2 0.009345 0.307851 0.654518 0.014826 0.013460
