0 0 0.985395 0.009553 0.002640 0.000043 0.002368
0 0 0.982474 0.011810 0.004331 0.000082 0.001303
0 0 0.984802 0.010099 0.000787 0.000001 0.004311
0 0 0.966977 0.022122 0.001890 0.000003 0.009008
0 0 0.996926 0.001661 0.000230 0.000002 0.001181
0 0 0.991927 0.004034 0.000840 0.000016 0.003184
0 0 0.971994 0.018204 0.001745 0.000004 0.008053
0 0 0.986038 0.006744 0.001681 0.000041 0.005495
0 0 0.983733 0.010788 0.000859 0.000002 0.004619
1 1 0.372315 0.528364 0.017670 0.000001 0.081649
2 1 0.060605 0.367695 0.472991 0.038171 0.060537
2 1 0.041132 0.286488 0.526868 0.062397 0.083114
2 1 0.053210 0.367851 0.490018 0.038126 0.050795
2 1 0.039376 0.242026 0.570178 0.099011 0.049409
2 1 0.035232 0.194051 0.620333 0.132672 0.017712
2 1 0.051318 0.264607 0.555373 0.099953 0.028749
2 1 0.043822 0.201122 0.552240 0.181111 0.021705
2 1 0.032772 0.154020 0.610431 0.189460 0.013318
2 2 0.028893 0.143768 0.667929 0.141966 0.017443
2 2 0.023456 0.103140 0.814170 0.042550 0.016684
0 2 0.462075 0.365500 0.027788 0.000022 0.144615
0 4 0.932832 0.034734 0.008846 0.000150 0.023438
0 4 0.931349 0.039297 0.007217 0.000058 0.022080
0 4 0.944371 0.033159 0.005087 0.000029 0.017355
0 4 0.906456 0.058029 0.008217 0.000034 0.027265
0 4 0.877728 0.074517 0.009660 0.000034 0.038060
0 4 0.901598 0.060638 0.008933 0.000039 0.028791
1 4 0.257075 0.502257 0.040498 0.000031 0.200139
1 4 0.172443 0.527209 0.071305 0.000138 0.228905
1 4 0.208933 0.464796 0.083542 0.000327 0.242403
1 4 0.127983 0.568947 0.206885 0.001495 0.094690
0 4 0.813020 0.130729 0.012114 0.000016 0.044121
0 4 0.858956 0.101585 0.007604 0.000007 0.031848
0 4 0.850054 0.116301 0.005459 0.000002 0.028184
0 4 0.865171 0.107804 0.003906 0.000001 0.023118
0 4 0.581737 0.345912 0.012001 0.000001 0.060348
0 4 0.595717 0.319619 0.016154 0.000004 0.068506
0 4 0.722394 0.217432 0.010779 0.000003 0.049391
0 0 0.717687 0.221884 0.010757 0.000003 0.049669
0 0 0.909260 0.057427 0.007489 0.000026 0.025798
0 0 0.794173 0.110444 0.015514 0.000077 0.079792
0 0 0.738965 0.153193 0.011264 0.000015 0.096563
0 0 0.481024 0.279333 0.024055 0.000041 0.215547
1 0 0.330437 0.403414 0.033031 0.000037 0.233081
0 0 0.430369 0.411330 0.026154 0.000012 0.132134
0 0 0.658347 0.246754 0.016498 0.000010 0.078391
0 0 0.707882 0.195637 0.014024 0.000012 0.082445
0 0 0.948855 0.029878 0.004879 0.000033 0.016356
0 0 0.712647 0.170417 0.013912 0.000021 0.103004
0 0 0.507063 0.253881 0.023951 0.000053 0.215053
1 0 0.382823 0.493335 0.026130 0.000006 0.097706
1 0 0.292759 0.455651 0.029635 0.000018 0.221937
1 0 0.173735 0.558855 0.041196 0.000025 0.226190
1 0 0.396670 0.459073 0.025430 0.000008 0.118819
1 0 0.272629 0.449712 0.029719 0.000021 0.247919
1 1 0.115707 0.564038 0.042055 0.000028 0.278171
1 4 0.172343 0.531742 0.050502 0.000054 0.245359
1 4 0.109640 0.427958 0.122744 0.000218 0.339440
0 4 0.437946 0.399461 0.043338 0.000052 0.119203
0 4 0.377902 0.369370 0.045561 0.000108 0.207059
0 4 0.615628 0.267813 0.022909 0.000022 0.093628
1 4 0.158482 0.532906 0.031839 0.000016 0.276758
4 4 0.170798 0.345446 0.028958 0.000057 0.454741
1 4 0.162168 0.434768 0.034731 0.000043 0.368289
1 4 0.100199 0.471988 0.070910 0.000234 0.356669
1 4 0.190673 0.398726 0.033857 0.000053 0.376690
0 4 0.342609 0.318902 0.024132 0.000036 0.314320
1 4 0.053360 0.498588 0.046563 0.000061 0.401428
1 4 0.085373 0.535805 0.057318 0.000082 0.321422
1 2 0.086707 0.509848 0.050232 0.000070 0.353143
2 2 0.052437 0.361890 0.496976 0.040420 0.048277
2 2 0.063968 0.341488 0.466694 0.039894 0.087955
2 2 0.048259 0.360675 0.507467 0.040531 0.043068
2 2 0.044125 0.335325 0.535994 0.050743 0.033813
2 2 0.043629 0.286800 0.521812 0.097858 0.049902
2 2 0.043469 0.251185 0.574918 0.108534 0.021893
2 2 0.048334 0.229150 0.580679 0.113971 0.027866
2 2 0.041576 0.286173 0.569182 0.078441 0.024628
2 2 0.041343 0.273411 0.525175 0.112166 0.047904
2 2 0.019350 0.077109 0.672184 0.220975 0.010382
2 2 0.005485 0.037267 0.781288 0.172874 0.003085
2 2 0.005565 0.030658 0.700947 0.260092 0.002737
2 2 0.033146 0.166971 0.624637 0.159839 0.015407
2 2 0.010016 0.036224 0.543904 0.406998 0.002859
2 2 0.008427 0.052569 0.740570 0.193704 0.004730
2 2 0.032609 0.117001 0.591959 0.247155 0.011276
2 2 0.006435 0.027589 0.669874 0.294193 0.001909
2 2 0.009366 0.028951 0.567759 0.391870 0.002055
2 2 0.012336 0.040064 0.596589 0.348251 0.002759
2 2 0.011157 0.036379 0.770262 0.179856 0.002346
2 2 0.006444 0.023048 0.491970 0.477294 0.001245
2 2 0.012055 0.030775 0.785697 0.169409 0.002064
2 2 0.007887 0.024816 0.507762 0.458311 0.001224
2 2 0.002969 0.017070 0.648734 0.330126 0.001102
2 2 0.004485 0.020070 0.539199 0.435165 0.001081
3 3 0.008111 0.024714 0.430543 0.535296 0.001336
3 3 0.002715 0.014521 0.466262 0.515522 0.000979
3 3 0.005961 0.020438 0.388369 0.584318 0.000913
2 3 0.001715 0.011804 0.515544 0.470598 0.000339
2 3 0.011838 0.029984 0.508026 0.448511 0.001640
3 3 0.002735 0.010561 0.226534 0.757379 0.002791
3 3 0.009451 0.020670 0.194730 0.770833 0.004315
3 3 0.005809 0.014481 0.184702 0.791327 0.003681
3 3 0.003188 0.013912 0.348087 0.632960 0.001852
3 3 0.002655 0.010587 0.212859 0.771643 0.002256
3 3 0.003968 0.013580 0.253709 0.726573 0.002170
3 3 0.002361 0.009205 0.186073 0.799575 0.002786
3 3 0.004701 0.010853 0.125879 0.855170 0.003398
3 3 0.003871 0.010705 0.154043 0.828210 0.003171
3 3 0.004530 0.012030 0.164720 0.814195 0.004525
3 3 0.009657 0.024399 0.357596 0.606120 0.002228
3 3 0.026571 0.034282 0.275989 0.658717 0.004441
2 3 0.165172 0.174695 0.446689 0.186890 0.026555
0 3 0.449669 0.163269 0.306041 0.066656 0.014365
2 3 0.345927 0.213809 0.355690 0.061160 0.023413
2 3 0.051553 0.260054 0.554586 0.104943 0.028864
3 3 0.040093 0.105641 0.403440 0.429669 0.021157
2 3 0.045966 0.087000 0.557922 0.301111 0.008000
2 2 0.028297 0.048594 0.567159 0.351034 0.004916
2 2 0.354310 0.159462 0.366458 0.107492 0.012278
0 2 0.957875 0.021364 0.005402 0.000102 0.015256
0 4 0.932828 0.037084 0.007681 0.000082 0.022325
0 4 0.954308 0.024502 0.005277 0.000068 0.015845
1 4 0.175278 0.549095 0.162151 0.000923 0.112552
2 4 0.293143 0.260466 0.335077 0.049570 0.061743
0 4 0.473648 0.305906 0.122345 0.002084 0.096016
0 4 0.971433 0.013821 0.003794 0.000096 0.010856
0 4 0.950139 0.025945 0.006217 0.000100 0.017598
0 4 0.958190 0.018929 0.006533 0.000253 0.016095
0 4 0.944529 0.034711 0.004388 0.000016 0.016356
0 4 0.735380 0.167754 0.025983 0.000095 0.070788
0 4 0.640586 0.269305 0.019193 0.000011 0.070904
0 4 0.484612 0.386005 0.030297 0.000018 0.099067
0 4 0.544075 0.327471 0.031681 0.000033 0.096740
0 4 0.562220 0.338019 0.020747 0.000008 0.079006
0 4 0.735883 0.190277 0.016022 0.000015 0.057804
1 1 0.271910 0.432829 0.043416 0.000067 0.251777
1 1 0.173115 0.514028 0.091445 0.000291 0.221121
1 1 0.219360 0.404835 0.122353 0.001548 0.251903
1 1 0.306132 0.505939 0.051566 0.000046 0.136317
1 1 0.151595 0.558657 0.190779 0.001292 0.097676
2 2 0.238713 0.256535 0.412529 0.056077 0.036146
1 2 0.202849 0.427629 0.289476 0.008198 0.071848
1 2 0.252515 0.502975 0.157565 0.001003 0.085942
0 2 0.547593 0.314669 0.035914 0.000054 0.101770
0 2 0.449935 0.389474 0.042810 0.000053 0.117728
1 2 0.283059 0.476020 0.129612 0.000745 0.110565
1 4 0.374025 0.375687 0.086479 0.000525 0.163284
0 4 0.397306 0.361184 0.114755 0.001206 0.125549
0 4 0.452652 0.355322 0.058302 0.000179 0.133545
4 4 0.067821 0.214081 0.015024 0.000040 0.703034
4 4 0.070154 0.293837 0.014747 0.000015 0.621247
4 4 0.056802 0.236035 0.012619 0.000018 0.694525
4 4 0.070714 0.230316 0.018415 0.000057 0.680498
4 4 0.046608 0.347295 0.016902 0.000012 0.589183
4 4 0.064960 0.390601 0.016392 0.000008 0.528038
4 4 0.091334 0.302027 0.017094 0.000021 0.589525
4 4 0.085093 0.283117 0.018041 0.000029 0.613720
4 4 0.062501 0.129849 0.011151 0.000072 0.796428
4 4 0.043721 0.333763 0.016525 0.000013 0.605978
4 4 0.220215 0.055237 0.015551 0.002084 0.706913
4 4 0.139231 0.129541 0.016604 0.000233 0.714390
4 4 0.044955 0.169390 0.021072 0.000193 0.764389
4 4 0.079710 0.079674 0.010216 0.000227 0.830173
4 4 0.109414 0.058818 0.012156 0.000878 0.818735
4 4 0.107247 0.054233 0.011879 0.001028 0.825613
4 4 0.121864 0.070063 0.014573 0.000903 0.792597
4 4 0.052089 0.168857 0.013343 0.000055 0.765656
4 4 0.039796 0.215556 0.020523 0.000088 0.724037
4 4 0.071358 0.132921 0.012998 0.000105 0.782617
4 4 0.099739 0.155647 0.036142 0.001187 0.707285
4 4 0.064483 0.076346 0.022290 0.001380 0.835501
4 4 0.106214 0.118222 0.015718 0.000256 0.759591
4 4 0.043178 0.318404 0.045246 0.000246 0.592925
4 4 0.028423 0.273689 0.037310 0.000219 0.660359
4 4 0.053341 0.244616 0.035284 0.000282 0.666477
4 4 0.044387 0.286890 0.044476 0.000325 0.623922
4 4 0.084295 0.205818 0.036278 0.000527 0.673081
4 4 0.059652 0.193556 0.028250 0.000306 0.718237
4 4 0.130838 0.151436 0.047224 0.002713 0.667789
4 4 0.022245 0.238364 0.033293 0.000233 0.705865
4 4 0.028371 0.219845 0.049278 0.000906 0.701599
4 4 0.037865 0.356354 0.199596 0.010485 0.395700
1 4 0.031480 0.449335 0.124640 0.001173 0.393371
4 4 0.092384 0.176360 0.036532 0.000849 0.693876
4 4 0.042555 0.222893 0.029798 0.000227 0.704527
4 4 0.029146 0.161715 0.024744 0.000328 0.784067
4 4 0.042981 0.150175 0.021443 0.000285 0.785116
4 4 0.046529 0.135148 0.020359 0.000336 0.797629
4 4 0.075577 0.088934 0.021418 0.001319 0.812751
4 4 0.131382 0.245824 0.054582 0.000971 0.567241
4 4 0.055696 0.412420 0.107602 0.001131 0.423152
1 4 0.048052 0.442884 0.149383 0.002219 0.357462
1 4 0.063570 0.495089 0.184835 0.002526 0.253981
1 4 0.068165 0.505608 0.138719 0.001083 0.286425
1 4 0.047385 0.429621 0.224320 0.007850 0.290825
1 4 0.237626 0.330415 0.126681 0.003198 0.302080
1 4 0.060763 0.584829 0.178486 0.001030 0.174892
1 4 0.029095 0.486391 0.228257 0.004655 0.251602
1 4 0.044123 0.475871 0.215609 0.004055 0.260343
1 4 0.241329 0.405435 0.189716 0.004407 0.159114
1 4 0.187815 0.460618 0.159921 0.001977 0.189669
0 4 0.620470 0.175409 0.066501 0.001869 0.135750
0 4 0.913285 0.044816 0.011850 0.000204 0.029845
0 4 0.422671 0.369361 0.065295 0.000230 0.142443
0 4 0.624845 0.212978 0.052642 0.000487 0.109049
0 4 0.806065 0.095679 0.032330 0.000769 0.065157
0 4 0.367443 0.338872 0.082289 0.000727 0.210668
0 4 0.555288 0.297866 0.040489 0.000090 0.106267
1 4 0.152049 0.488797 0.155505 0.001602 0.202047
1 4 0.192396 0.477480 0.231810 0.003576 0.094738
0 4 0.364372 0.293044 0.269731 0.017679 0.055174
0 4 0.889538 0.054594 0.016976 0.000396 0.038496
0 4 0.884288 0.065562 0.013484 0.000121 0.036544
0 4 0.503334 0.322380 0.051602 0.000157 0.122527
1 4 0.189793 0.492966 0.194594 0.002181 0.120466
1 4 0.206407 0.499260 0.163778 0.001329 0.129226
0 4 0.846305 0.068600 0.029009 0.001240 0.054845
0 4 0.668730 0.185105 0.047093 0.000488 0.098583
0 4 0.927152 0.038531 0.009264 0.000135 0.024917
2 4 0.132125 0.337859 0.403597 0.041011 0.085409
2 4 0.053226 0.263441 0.517834 0.113190 0.052309
2 4 0.047851 0.276387 0.486774 0.104394 0.084594
2 4 0.009159 0.045383 0.786287 0.152930 0.006241
2 4 0.004121 0.028248 0.786577 0.173959 0.007095
2 2 0.010649 0.059054 0.800991 0.118151 0.011156
2 2 0.007318 0.041315 0.875428 0.066430 0.009510
2 2 0.005465 0.032708 0.866872 0.089745 0.005210
2 2 0.011192 0.058640 0.750332 0.170348 0.009487
2 2 0.005579 0.027965 0.715272 0.247935 0.003250
2 2 0.004705 0.021644 0.571881 0.399328 0.002443
2 2 0.002416 0.016411 0.784209 0.194869 0.002095
2 2 0.002810 0.016454 0.665833 0.314092 0.000810
2 2 0.002263 0.015891 0.703335 0.276057 0.002454
2 2 0.002922 0.016709 0.579738 0.398774 0.001857
2 2 0.002767 0.017261 0.628555 0.350146 0.001271
2 3 0.004076 0.020165 0.671186 0.303290 0.001283
2 3 0.003142 0.017064 0.558275 0.420138 0.001381
2 3 0.006836 0.026161 0.565030 0.399776 0.002198
3 3 0.017485 0.048691 0.464137 0.465779 0.003907
1 3 0.319797 0.340906 0.269196 0.011843 0.058258
2 3 0.123721 0.208137 0.443059 0.172638 0.052445
0 3 0.676208 0.117754 0.141354 0.026713 0.037971
0 2 0.356411 0.294135 0.266710 0.018121 0.064623
2 2 0.075395 0.217460 0.515702 0.159414 0.032030
2 2 0.039584 0.093798 0.725062 0.123432 0.018124
1 2 0.258496 0.367706 0.298835 0.013071 0.061892
2 2 0.131269 0.326797 0.435296 0.048132 0.058506
2 2 0.062010 0.274643 0.530883 0.093980 0.038483
2 2 0.078999 0.107344 0.728919 0.071031 0.013708
2 2 0.006181 0.025093 0.656981 0.309622 0.002123
2 2 0.005425 0.024207 0.627610 0.340559 0.002199
2 2 0.005724 0.023744 0.562974 0.404999 0.002559
3 2 0.004096 0.018228 0.469860 0.506329 0.001486
3 2 0.003377 0.016307 0.463250 0.515795 0.001270
2 2 0.002305 0.014845 0.592091 0.388751 0.002007
3 2 0.004541 0.018687 0.438310 0.536709 0.001753
2 3 0.003161 0.016253 0.506275 0.471713 0.002598
3 3 0.002923 0.013003 0.332213 0.649773 0.002089
3 3 0.003129 0.012770 0.293931 0.687828 0.002342
3 3 0.006077 0.012857 0.134901 0.843352 0.002813
3 3 0.004242 0.010640 0.136745 0.846285 0.002088
3 3 0.004217 0.010686 0.138288 0.842960 0.003849
3 3 0.004323 0.012480 0.189019 0.789972 0.004206
3 3 0.003170 0.009900 0.165397 0.819828 0.001705
3 3 0.004787 0.009951 0.101791 0.880385 0.003087
3 3 0.003368 0.006897 0.062965 0.923337 0.003433
3 3 0.002281 0.006465 0.095333 0.893483 0.002438
3 3 0.002316 0.005528 0.066389 0.923846 0.001920
3 3 0.003472 0.006541 0.059040 0.927204 0.003743
3 3 0.002359 0.004728 0.045825 0.943976 0.003112
3 3 0.001443 0.003006 0.030327 0.962097 0.003127
3 3 0.002646 0.005209 0.049471 0.939397 0.003277
3 3 0.002132 0.004033 0.036275 0.952859 0.004701
3 3 0.002463 0.004718 0.043220 0.945556 0.004043
3 3 0.001562 0.003286 0.033606 0.958716 0.002831
3 3 0.001724 0.003566 0.035747 0.955964 0.003000
3 3 0.001381 0.003026 0.032479 0.960773 0.002341
3 3 0.001117 0.002662 0.031638 0.963043 0.001540
3 3 0.001478 0.003158 0.032915 0.959811 0.002638
3 3 0.000992 0.002370 0.028194 0.966837 0.001608
3 3 0.001351 0.002853 0.029236 0.963589 0.002971
3 3 0.001432 0.003004 0.030566 0.961989 0.003009
3 3 0.000738 0.001748 0.020481 0.975084 0.001949
3 3 0.001547 0.003184 0.031655 0.960347 0.003267
3 3 0.001041 0.002432 0.028167 0.966558 0.001802
3 3 0.000826 0.001917 0.021931 0.973227 0.002099
3 3 0.001037 0.002335 0.025818 0.968543 0.002268
3 3 0.001145 0.002583 0.028684 0.965452 0.002136
3 3 0.000833 0.002072 0.025847 0.969885 0.001363
3 3 0.001381 0.002846 0.028278 0.964067 0.003428
3 3 0.001509 0.003200 0.033028 0.959518 0.002745
3 3 0.000959 0.002276 0.026853 0.968214 0.001699
3 3 0.001428 0.002838 0.026957 0.964555 0.004222
3 3 0.000701 0.001663 0.019488 0.976166 0.001982
3 3 0.000763 0.001774 0.020314 0.974996 0.002153
3 3 0.000998 0.002156 0.022618 0.971241 0.002986
3 3 0.001471 0.002910 0.027495 0.963839 0.004284
3 3 0.000828 0.001867 0.020586 0.974206 0.002512
3 3 0.001407 0.002935 0.029639 0.962874 0.003144
3 3 0.000821 0.001932 0.022486 0.972830 0.001931
3 3 0.000931 0.002173 0.025083 0.969897 0.001916
3 3 0.001275 0.002690 0.027503 0.965457 0.003076
3 3 0.003113 0.005439 0.044581 0.940514 0.006353
3 3 0.001807 0.003509 0.032513 0.957828 0.004343
3 3 0.003378 0.006040 0.051035 0.934274 0.005273
3 3 0.001843 0.003962 0.041747 0.950167 0.002280
3 3 0.003591 0.006234 0.050795 0.933233 0.006148
3 3 0.008309 0.012814 0.091385 0.879430 0.008063
3 3 0.003383 0.006173 0.053518 0.932290 0.004636
3 3 0.002703 0.005422 0.052732 0.936262 0.002881
3 3 0.002386 0.004756 0.045795 0.943864 0.003199
3 3 0.003351 0.006504 0.060920 0.926064 0.003160
3 3 0.004269 0.007549 0.063162 0.920037 0.004983
3 3 0.002253 0.004445 0.042202 0.947584 0.003516
3 3 0.001370 0.002988 0.031887 0.961336 0.002418
3 3 0.001269 0.002806 0.030430 0.963191 0.002304
3 3 0.001773 0.003983 0.044320 0.948159 0.001765
3 3 0.003090 0.006072 0.057687 0.930099 0.003053
3 3 0.002428 0.004594 0.041432 0.947149 0.004396
3 3 0.017987 0.018901 0.098087 0.839676 0.025349
3 3 0.025487 0.032702 0.129937 0.753474 0.058399
3 3 0.109847 0.107387 0.242606 0.368395 0.171766
3 3 0.029115 0.056519 0.169702 0.610038 0.134626
3 3 0.013145 0.056286 0.168755 0.633000 0.128814
2 3 0.030323 0.156083 0.319550 0.311161 0.182882
4 3 0.037367 0.174549 0.265777 0.186956 0.335350
4 3 0.033933 0.189590 0.271426 0.161522 0.343529
2 3 0.039593 0.177133 0.323127 0.244821 0.215327
4 2 0.047060 0.187692 0.277940 0.166007 0.321301
4 2 0.004991 0.042559 0.008958 0.000610 0.942881
4 2 0.005147 0.033373 0.006929 0.000581 0.953970
4 4 0.010639 0.030051 0.005911 0.000553 0.952845
4 4 0.005121 0.020428 0.004778 0.000782 0.968891
4 4 0.005239 0.026766 0.005985 0.000706 0.961304
4 4 0.012412 0.017785 0.005768 0.000827 0.963207
4 4 0.007965 0.032922 0.006085 0.000448 0.952580
4 4 0.007248 0.019568 0.006463 0.001210 0.965511
4 4 0.008126 0.030937 0.007669 0.001019 0.952249
4 4 0.008583 0.022677 0.004425 0.000513 0.963803
4 4 0.016401 0.018062 0.005819 0.001198 0.958521
4 4 0.018425 0.046930 0.010151 0.000805 0.923688
4 4 0.015885 0.085799 0.011025 0.000187 0.887104
4 4 0.006928 0.079356 0.011937 0.000257 0.901522
4 4 0.016850 0.056721 0.009339 0.000373 0.916717
4 4 0.020802 0.088155 0.015529 0.000471 0.875043
4 4 0.010639 0.065673 0.010763 0.000347 0.912579
4 4 0.017480 0.040329 0.007553 0.000529 0.934109
4 4 0.036010 0.035614 0.006814 0.000615 0.920946
4 4 0.020210 0.031904 0.004838 0.000294 0.942754
4 4 0.020852 0.074308 0.027556 0.003758 0.873527
4 4 0.011938 0.113296 0.043833 0.004062 0.826871
4 4 0.021688 0.135014 0.039488 0.001932 0.801878
4 4 0.008928 0.087373 0.045125 0.009381 0.849193
4 4 0.014095 0.093934 0.031834 0.002768 0.857369
4 4 0.012422 0.113625 0.039392 0.002882 0.831678
4 4 0.013617 0.195204 0.073674 0.003775 0.713730
4 4 0.016628 0.156575 0.047438 0.002029 0.777330
4 4 0.008097 0.183238 0.069195 0.003971 0.735499
4 2 0.013301 0.211271 0.230503 0.018850 0.526075
1 2 0.027214 0.312176 0.302888 0.050532 0.307190
1 2 0.026407 0.338417 0.290912 0.035181 0.309083
4 2 0.014219 0.263084 0.262971 0.019298 0.440428
4 2 0.023310 0.299402 0.282204 0.050012 0.345072
2 2 0.026281 0.279868 0.315887 0.078685 0.299278
1 2 0.032031 0.334964 0.331528 0.047404 0.254073
2 2 0.026270 0.307439 0.342083 0.069078 0.255129
2 2 0.030032 0.344737 0.348073 0.047748 0.229409
4 2 0.015724 0.183348 0.330010 0.068131 0.402788
2 2 0.034692 0.355172 0.369386 0.046458 0.194293
2 2 0.043606 0.158370 0.442518 0.298439 0.057066
2 2 0.026864 0.108996 0.584356 0.248026 0.031758
2 2 0.018213 0.096611 0.711736 0.153117 0.020323
2 2 0.027669 0.138821 0.632346 0.146257 0.054907
2 2 0.020399 0.090416 0.651309 0.218639 0.019238
2 2 0.012868 0.067471 0.683241 0.213222 0.023198
2 2 0.016228 0.042659 0.642304 0.287099 0.011710
2 2 0.015838 0.075478 0.650678 0.226281 0.031725
0 2 0.340799 0.242205 0.331702 0.045572 0.039723
2 2 0.053656 0.314023 0.504458 0.071732 0.056132
2 2 0.187496 0.272292 0.429746 0.067098 0.043368
0 2 0.669482 0.138630 0.125351 0.014132 0.052405
0 2 0.343557 0.275042 0.296031 0.027714 0.057655
2 2 0.084819 0.390957 0.436880 0.027842 0.059502
2 2 0.092035 0.341762 0.457975 0.046807 0.061422
2 2 0.052912 0.078053 0.702040 0.153550 0.013445
2 2 0.060624 0.114240 0.678650 0.115565 0.030922
2 2 0.033306 0.084750 0.688314 0.175641 0.017989
2 2 0.030664 0.091534 0.731866 0.126689 0.019247
2 2 0.043525 0.076528 0.740740 0.129178 0.010030
2 2 0.139302 0.174147 0.577893 0.065502 0.043155
0 2 0.811785 0.085641 0.035507 0.001363 0.065705
0 2 0.946302 0.021827 0.010040 0.000703 0.021128
0 4 0.927819 0.039711 0.008408 0.000092 0.023970
0 4 0.925259 0.035744 0.011538 0.000327 0.027133
0 4 0.842458 0.086000 0.020937 0.000252 0.050354
0 4 0.566992 0.197170 0.064123 0.001433 0.170281
1 4 0.321748 0.398330 0.117510 0.001136 0.161276
0 4 0.367488 0.309555 0.144519 0.004747 0.173691
0 4 0.826129 0.066583 0.039541 0.003727 0.064020
0 4 0.964499 0.015218 0.005885 0.000309 0.014088
0 4 0.639523 0.169468 0.043650 0.000668 0.146691
1 4 0.308667 0.380103 0.070782 0.000374 0.240075
0 4 0.913342 0.045034 0.011711 0.000195 0.029719
0 4 0.958718 0.017998 0.006813 0.000327 0.016145
0 4 0.954004 0.025237 0.005048 0.000055 0.015656
0 4 0.961219 0.018817 0.005343 0.000135 0.014486
0 4 0.928742 0.040730 0.007560 0.000062 0.022907
0 4 0.962813 0.017486 0.005381 0.000165 0.014154
0 4 0.957943 0.021907 0.005108 0.000081 0.014961
0 4 0.472666 0.135207 0.035160 0.001235 0.355732
0 4 0.388047 0.195708 0.034407 0.000435 0.381403
0 4 0.791243 0.064502 0.019139 0.000826 0.124290
0 4 0.780177 0.066559 0.017869 0.000663 0.134732
4 4 0.185975 0.282861 0.048293 0.000440 0.482429
0 4 0.401418 0.281478 0.038558 0.000178 0.278367
4 4 0.383061 0.160076 0.022170 0.000240 0.434453
0 4 0.753504 0.093519 0.021003 0.000405 0.131569
0 4 0.735233 0.092431 0.031438 0.001355 0.139543
0 4 0.515380 0.110076 0.022071 0.000585 0.351888
0 4 0.544035 0.146549 0.054100 0.002646 0.252670
0 4 0.352320 0.251232 0.057702 0.000851 0.337895
0 4 0.512243 0.162812 0.058020 0.002481 0.264443
0 4 0.778404 0.070580 0.031820 0.002573 0.116624
0 4 0.645311 0.131389 0.052857 0.002528 0.167915
0 4 0.873898 0.044854 0.029733 0.003815 0.047700
0 4 0.345206 0.273670 0.059517 0.000706 0.320900
1 4 0.130556 0.428115 0.140417 0.002235 0.298677
1 4 0.070958 0.410502 0.271542 0.014701 0.232296
0 4 0.369765 0.260397 0.105578 0.003690 0.260569
0 4 0.950270 0.026936 0.005686 0.000068 0.017040
0 4 0.976107 0.012535 0.002635 0.000038 0.008685
0 4 0.984007 0.008286 0.001708 0.000026 0.005973
0 4 0.963876 0.017314 0.004010 0.000076 0.014723
0 4 0.976572 0.010991 0.003197 0.000098 0.009143
0 4 0.978030 0.009952 0.003150 0.000119 0.008750
0 4 0.980320 0.010600 0.001988 0.000023 0.007068
0 4 0.959535 0.021936 0.004481 0.000053 0.013994
0 4 0.982939 0.008680 0.001911 0.000034 0.006437
0 4 0.985243 0.006967 0.001867 0.000053 0.005869
0 0 0.923420 0.051631 0.004920 0.000009 0.020020
0 0 0.976855 0.010424 0.003372 0.000132 0.009217
0 0 0.837188 0.095883 0.018151 0.000122 0.048655
0 0 0.892058 0.059860 0.013094 0.000138 0.034849
0 0 0.874475 0.071339 0.011144 0.000063 0.042979
0 0 0.537982 0.278764 0.038057 0.000114 0.145083
0 0 0.392248 0.310234 0.043321 0.000176 0.254020
0 0 0.915118 0.038631 0.013732 0.000488 0.032032
0 0 0.968719 0.014520 0.004519 0.000149 0.012093
0 0 0.612651 0.221389 0.034340 0.000151 0.131469
0 0 0.311561 0.306029 0.125463 0.004025 0.252923
0 0 0.532911 0.148801 0.057082 0.002991 0.258216
0 1 0.821057 0.056141 0.046795 0.010423 0.065584
0 1 0.906280 0.035078 0.020440 0.002117 0.036085
0 1 0.866462 0.047684 0.029649 0.003450 0.052754
0 1 0.716407 0.122159 0.047923 0.001757 0.111755
1 1 0.194295 0.386826 0.153754 0.003794 0.261331
1 1 0.279073 0.364970 0.138604 0.002958 0.214395
0 4 0.432237 0.196994 0.109694 0.009965 0.251110
0 4 0.409515 0.260330 0.138348 0.006975 0.184832
1 4 0.252075 0.402608 0.115190 0.001302 0.228825
0 4 0.646519 0.141201 0.041315 0.001049 0.169916
0 4 0.364359 0.295165 0.148551 0.006345 0.185580
0 4 0.832720 0.054664 0.033021 0.004224 0.075371
0 4 0.767046 0.083915 0.040047 0.002858 0.106134
0 4 0.523364 0.187793 0.111727 0.009138 0.167979
0 4 0.760213 0.097636 0.041438 0.001974 0.098739
0 4 0.708027 0.164365 0.035051 0.000282 0.092276
0 4 0.688443 0.063180 0.033718 0.006174 0.208486
0 4 0.917424 0.031534 0.017404 0.001648 0.031990
0 4 0.842482 0.060012 0.061156 0.011208 0.025143
0 4 0.729091 0.086974 0.119831 0.033296 0.030808
0 4 0.457910 0.304668 0.156067 0.003855 0.077500
1 4 0.311656 0.349238 0.253906 0.010426 0.074775
1 4 0.233985 0.425008 0.246443 0.005852 0.088713
1 4 0.129200 0.402637 0.364120 0.019898 0.084146
2 2 0.089583 0.319877 0.442359 0.067074 0.081107
0 2 0.682053 0.134760 0.124270 0.013890 0.045027
0 2 0.832480 0.062612 0.063033 0.011866 0.030009
0 2 0.349147 0.316753 0.254129 0.013178 0.066794
0 2 0.418110 0.131148 0.278110 0.135336 0.037296
0 2 0.402043 0.140203 0.298942 0.128047 0.030764
2 2 0.061821 0.394480 0.456433 0.028351 0.058916
2 2 0.052588 0.321530 0.526875 0.059641 0.039366
2 2 0.054325 0.287954 0.511618 0.092957 0.053146
2 2 0.082873 0.237371 0.520231 0.126920 0.032605
2 2 0.049503 0.195317 0.541617 0.168934 0.044629
2 2 0.043026 0.185214 0.616405 0.128609 0.026746
2 2 0.023800 0.105745 0.688212 0.164722 0.017521
2 2 0.045324 0.141260 0.725871 0.060680 0.026866
2 2 0.056920 0.085480 0.736707 0.108834 0.012059
2 2 0.115689 0.202749 0.578602 0.071039 0.031920
2 2 0.243355 0.097572 0.548315 0.099133 0.011626
0 2 0.675060 0.154993 0.119828 0.008351 0.041767
2 2 0.274599 0.303308 0.342343 0.029671 0.050079
0 2 0.756177 0.079717 0.114103 0.029944 0.020060
0 0 0.781463 0.074788 0.098985 0.023825 0.020939
0 0 0.580757 0.133741 0.200475 0.050299 0.034728
0 0 0.482016 0.219487 0.232285 0.022824 0.043388
1 0 0.230171 0.366271 0.323768 0.016536 0.063253
2 1 0.181707 0.230592 0.418290 0.111006 0.058404
2 1 0.224880 0.175460 0.389199 0.167251 0.043210
2 1 0.312820 0.219874 0.356653 0.071250 0.039403
0 1 0.351566 0.135394 0.335961 0.157442 0.019637
0 1 0.410883 0.183610 0.298362 0.069423 0.037721
0 1 0.401069 0.137366 0.304267 0.131435 0.025862
1 1 0.147839 0.434918 0.344751 0.011498 0.060994
2 1 0.105939 0.302988 0.478426 0.065175 0.047473
2 1 0.178649 0.244725 0.439765 0.093757 0.043104
2 1 0.097082 0.320449 0.474694 0.056194 0.051581
0 1 0.747223 0.080040 0.123074 0.033513 0.016150
0 1 0.930467 0.031574 0.022296 0.002304 0.013359
0 1 0.886407 0.046711 0.048197 0.007449 0.011237
0 0 0.865182 0.052737 0.060032 0.010487 0.011562
0 0 0.910250 0.039114 0.032635 0.004127 0.013874
0 0 0.911918 0.038113 0.029283 0.003529 0.017157
0 0 0.933685 0.030019 0.019878 0.001942 0.014476
0 0 0.956223 0.020406 0.010364 0.000720 0.012287
0 0 0.934709 0.030339 0.022284 0.002279 0.010389
0 0 0.905241 0.040810 0.038226 0.005198 0.010525
0 0 0.449269 0.216681 0.238134 0.030266 0.065651
1 0 0.159674 0.334399 0.318295 0.033422 0.154210
2 1 0.073791 0.295317 0.442633 0.088008 0.100251
2 1 0.055872 0.259236 0.427719 0.131527 0.125645
2 1 0.054436 0.315795 0.484438 0.073728 0.071603
2 1 0.068146 0.271076 0.453745 0.112027 0.095007
2 1 0.133138 0.272135 0.442437 0.086640 0.065650
2 1 0.063371 0.280670 0.495550 0.088168 0.072241
2 1 0.043074 0.176213 0.609292 0.106234 0.065187
2 1 0.050265 0.247234 0.481206 0.149394 0.071901
4 1 0.061132 0.293969 0.159537 0.010616 0.474746
4 1 0.070481 0.225523 0.044231 0.000688 0.659078
4 1 0.053013 0.197216 0.037425 0.000626 0.711720
4 1 0.041701 0.185725 0.032169 0.000477 0.739929
4 1 0.105583 0.171638 0.032239 0.000654 0.689887
4 1 0.084918 0.127661 0.025041 0.000745 0.761635
4 4 0.103602 0.094440 0.019478 0.000876 0.781604
4 4 0.305987 0.206270 0.068368 0.002677 0.416699
4 4 0.093993 0.097571 0.020780 0.000952 0.786704
4 4 0.078004 0.159599 0.026312 0.000450 0.735636
4 4 0.045856 0.029362 0.003846 0.000216 0.920720
4 4 0.099116 0.030285 0.006119 0.000790 0.863690
4 4 0.032237 0.059866 0.005524 0.000081 0.902292
4 4 0.090138 0.029445 0.007731 0.001631 0.871054
4 4 0.048475 0.033991 0.004477 0.000223 0.912834
4 4 0.034426 0.035169 0.004879 0.000248 0.925278
4 4 0.069763 0.058154 0.004701 0.000061 0.867322
4 4 0.043896 0.043945 0.004178 0.000090 0.907891
4 4 0.105502 0.022508 0.005923 0.001628 0.864439
4 4 0.092973 0.026301 0.005025 0.000665 0.875036
4 4 0.089025 0.069360 0.013443 0.000727 0.827446
4 4 0.138483 0.114791 0.029305 0.001597 0.715824
4 4 0.044321 0.144346 0.019264 0.000237 0.791831
4 4 0.053825 0.088647 0.014006 0.000392 0.843130
4 4 0.144773 0.048789 0.012134 0.001480 0.792824
4 4 0.088540 0.101514 0.015549 0.000377 0.794020
4 4 0.063743 0.124872 0.017575 0.000288 0.793522
4 4 0.056910 0.093141 0.018025 0.000697 0.831227
4 4 0.105183 0.042228 0.013858 0.002846 0.835885
4 4 0.133332 0.070714 0.012979 0.000638 0.782337
1 4 0.083841 0.374126 0.334177 0.023191 0.184665
2 4 0.051782 0.294548 0.368238 0.069802 0.215629
1 4 0.051006 0.393613 0.351847 0.026379 0.177154
1 4 0.044246 0.384190 0.342534 0.028756 0.200273
2 4 0.041489 0.368402 0.449297 0.046134 0.094678
2 2 0.049535 0.388688 0.434894 0.034264 0.092619
2 2 0.037374 0.223507 0.509548 0.088472 0.141100
2 2 0.070330 0.333974 0.466915 0.055187 0.073595
2 2 0.041131 0.308309 0.386312 0.077821 0.186428
2 2 0.035965 0.365616 0.432871 0.049205 0.116343
2 2 0.016642 0.088237 0.543796 0.310025 0.041300
2 2 0.024559 0.112427 0.502534 0.333905 0.026574
2 2 0.022076 0.107137 0.498261 0.338095 0.034431
2 2 0.038946 0.202712 0.492248 0.207180 0.058914
2 2 0.006558 0.035506 0.642668 0.300583 0.014685
2 2 0.013309 0.070432 0.670062 0.233073 0.013124
2 2 0.006802 0.035030 0.512110 0.432379 0.013679
2 2 0.013858 0.069970 0.553473 0.342318 0.020381
2 2 0.012205 0.060659 0.467583 0.443045 0.016508
2 2 0.009447 0.040260 0.532626 0.406705 0.010962
3 2 0.007380 0.028781 0.456280 0.502320 0.005238
2 2 0.003660 0.019025 0.517037 0.455213 0.005065
2 2 0.005925 0.033306 0.649372 0.301838 0.009558
2 2 0.004513 0.023321 0.544630 0.421264 0.006272
2 2 0.002961 0.015673 0.489463 0.484832 0.007072
3 2 0.005250 0.027307 0.434463 0.526932 0.006048
2 2 0.013320 0.060967 0.472692 0.426744 0.026277
2 2 0.008661 0.042648 0.477479 0.460566 0.010646
3 2 0.005796 0.029999 0.457087 0.498395 0.008723
3 2 0.003526 0.020310 0.388175 0.581521 0.006467
3 2 0.002686 0.013139 0.374117 0.606280 0.003777
3 3 0.001841 0.007416 0.166547 0.821643 0.002553
3 3 0.003000 0.009522 0.161063 0.822945 0.003470
3 3 0.007121 0.013478 0.123099 0.850265 0.006037
3 3 0.004404 0.010997 0.140079 0.841160 0.003359
3 3 0.003461 0.008572 0.107587 0.876473 0.003907
3 3 0.001190 0.004712 0.103084 0.888762 0.002253
3 3 0.002553 0.006030 0.067648 0.920764 0.003004
3 3 0.004978 0.014721 0.213730 0.761178 0.005394
3 3 0.001525 0.005049 0.089516 0.902031 0.001879
3 3 0.003391 0.006145 0.052802 0.932821 0.004841
3 3 0.002410 0.004462 0.039133 0.948935 0.005060
3 3 0.001664 0.003644 0.039229 0.953325 0.002138
3 3 0.003686 0.006316 0.050664 0.932764 0.006570
3 3 0.001756 0.003557 0.034768 0.956542 0.003377
3 3 0.002584 0.005028 0.047020 0.941793 0.003575
3 3 0.001913 0.003876 0.037924 0.953046 0.003241
3 3 0.001748 0.003634 0.036669 0.955062 0.002887
3 3 0.001798 0.003673 0.036279 0.955075 0.003174
3 3 0.003527 0.006017 0.047958 0.935582 0.006915
3 3 0.002016 0.003881 0.035650 0.954119 0.004335
3 3 0.002443 0.004781 0.044990 0.944235 0.003550
3 3 0.003547 0.005867 0.044983 0.937244 0.008359
3 3 0.001770 0.003492 0.033019 0.957754 0.003965
3 3 0.001653 0.003201 0.029523 0.961018 0.004605
3 3 0.000942 0.002057 0.021835 0.972289 0.002877
3 3 0.001944 0.003961 0.039058 0.951940 0.003098
3 3 0.002386 0.004315 0.036761 0.950669 0.005869
3 3 0.001216 0.002623 0.027538 0.965874 0.002749
3 3 0.001386 0.002732 0.025685 0.965702 0.004496
3 3 0.001169 0.002428 0.024299 0.968568 0.003536
3 3 0.001108 0.002400 0.025297 0.968398 0.002797
3 3 0.001551 0.003146 0.030717 0.961018 0.003568
3 3 0.000965 0.002074 0.021587 0.972235 0.003140
3 3 0.001023 0.002199 0.022928 0.970805 0.003046
3 3 0.001798 0.003412 0.030717 0.959052 0.005020
3 3 0.001774 0.003272 0.028414 0.960520 0.006020
3 3 0.001079 0.002319 0.024173 0.969446 0.002983
3 3 0.001216 0.002484 0.024360 0.968093 0.003846
3 3 0.001720 0.003439 0.033029 0.958100 0.003712
3 3 0.001168 0.002378 0.023195 0.969248 0.004010
3 3 0.000950 0.002151 0.023888 0.970715 0.002296
3 3 0.000849 0.001878 0.020236 0.974248 0.002788
3 3 0.000816 0.001887 0.021489 0.973656 0.002153
3 3 0.001368 0.002916 0.030247 0.962682 0.002786
3 3 0.000708 0.001649 0.018901 0.976536 0.002206
3 3 0.000895 0.001982 0.021406 0.973022 0.002696
3 3 0.000808 0.001858 0.021000 0.974090 0.002244
3 3 0.001901 0.003662 0.033615 0.956367 0.004454
3 3 0.000924 0.002057 0.022383 0.972067 0.002569
3 3 0.001666 0.003212 0.029472 0.960938 0.004712
3 3 0.000804 0.001816 0.020073 0.974799 0.002508
3 3 0.001095 0.002366 0.024852 0.968829 0.002858
3 3 0.001584 0.003042 0.027719 0.962686 0.004969
3 3 0.001103 0.002180 0.020490 0.971303 0.004924
3 3 0.001419 0.002899 0.028517 0.963601 0.003565
3 3 0.000966 0.002018 0.020280 0.973006 0.003730
3 3 0.000788 0.001821 0.020705 0.974485 0.002201
3 3 0.000833 0.001838 0.019730 0.974737 0.002861
3 3 0.001415 0.002871 0.028004 0.963988 0.003722
3 3 0.001125 0.002442 0.025815 0.967875 0.002742
3 3 0.001443 0.003164 0.034012 0.959099 0.002283
3 3 0.006597 0.010543 0.078300 0.897179 0.007381
3 3 0.013442 0.017925 0.114171 0.843613 0.010849
3 3 0.005212 0.008448 0.063587 0.915033 0.007721
3 3 0.008395 0.016198 0.156819 0.811363 0.007225
3 3 0.015733 0.027605 0.166744 0.776971 0.012946
3 2 0.010825 0.017129 0.126587 0.838022 0.007437
3 2 0.006963 0.020278 0.311093 0.654095 0.007571
3 2 0.015714 0.041706 0.248833 0.675984 0.017764
2 2 0.027763 0.050618 0.674791 0.237670 0.009158
2 2 0.229860 0.106897 0.363333 0.286353 0.013558
3 2 0.040147 0.043266 0.235473 0.671257 0.009857
2 2 0.061963 0.210457 0.541411 0.161838 0.024331
2 2 0.043727 0.115180 0.465466 0.354723 0.020904
2 2 0.027653 0.092490 0.604528 0.261329 0.014001
2 2 0.158771 0.234580 0.465855 0.107680 0.033114
3 2 0.024125 0.044725 0.276557 0.645265 0.009328
2 2 0.035327 0.089117 0.484532 0.377474 0.013550
2 2 0.034460 0.089217 0.480883 0.381094 0.014346
2 2 0.013490 0.041907 0.745542 0.192210 0.006851
2 2 0.022395 0.074632 0.638333 0.253476 0.011164
2 2 0.010368 0.032330 0.664142 0.290197 0.002963
2 2 0.014980 0.036936 0.681780 0.262893 0.003410
2 2 0.010991 0.033649 0.601984 0.348775 0.004601
2 2 0.013598 0.037157 0.637575 0.307348 0.004322
3 2 0.014949 0.042117 0.444367 0.492752 0.005814
2 2 0.005660 0.023982 0.618955 0.348898 0.002505
2 2 0.048622 0.066568 0.488115 0.388674 0.008022
2 2 0.096456 0.194324 0.517437 0.172125 0.019658
0 2 0.490947 0.183357 0.088251 0.005273 0.232171
4 2 0.022201 0.265789 0.218761 0.037759 0.455490
4 2 0.030801 0.251011 0.229051 0.049098 0.440038
4 2 0.016056 0.229853 0.122627 0.011118 0.620346
4 2 0.027410 0.135461 0.091963 0.025255 0.719911
4 2 0.024922 0.176433 0.049561 0.001762 0.747322
4 4 0.054987 0.064769 0.021999 0.003321 0.854924
4 4 0.045175 0.067026 0.021175 0.002655 0.863969
4 4 0.030168 0.118297 0.031308 0.001540 0.818686
4 4 0.039414 0.082209 0.025907 0.002602 0.849868
4 4 0.015896 0.030292 0.008193 0.000832 0.944787
4 4 0.055384 0.037353 0.006939 0.000598 0.899725
4 4 0.060093 0.028744 0.007137 0.001339 0.902688
4 4 0.031594 0.021386 0.008648 0.001279 0.937093
4 4 0.054192 0.020471 0.007319 0.003203 0.914814
4 4 0.053977 0.029633 0.005883 0.000708 0.909799
4 4 0.013164 0.068978 0.009604 0.000227 0.908027
4 4 0.029088 0.038992 0.006627 0.000432 0.924861
4 4 0.057240 0.037883 0.007246 0.000653 0.896978
4 4 0.033098 0.029494 0.003737 0.000189 0.933481
4 4 0.033041 0.034002 0.005713 0.000421 0.926823
4 4 0.064635 0.020436 0.010997 0.003769 0.900163
4 4 0.058474 0.064335 0.015310 0.001238 0.860644
4 4 0.020434 0.046114 0.006213 0.000216 0.927024
4 4 0.046639 0.046272 0.005789 0.000196 0.901104
4 4 0.056036 0.044897 0.006464 0.000296 0.892308
4 4 0.128811 0.027558 0.010188 0.003069 0.830374
4 4 0.021605 0.087557 0.010164 0.000147 0.880527
4 4 0.020111 0.034091 0.006423 0.000446 0.938928
4 4 0.030356 0.030074 0.004826 0.000363 0.934382
4 4 0.087621 0.096165 0.008932 0.000093 0.807189
4 4 0.051721 0.046020 0.007870 0.000477 0.893913
4 4 0.041088 0.055223 0.010739 0.000671 0.892279
4 4 0.110592 0.039969 0.010245 0.001577 0.837618
4 4 0.067389 0.078443 0.011071 0.000292 0.842804
4 4 0.039256 0.042106 0.005843 0.000255 0.912540
4 4 0.057060 0.040649 0.006162 0.000341 0.895787
4 4 0.063803 0.040844 0.007413 0.000572 0.887368
4 4 0.049159 0.087557 0.011580 0.000236 0.851468
4 4 0.235752 0.106037 0.023311 0.001034 0.633867
4 4 0.021973 0.222693 0.104721 0.007232 0.643382
4 4 0.020413 0.218598 0.087928 0.004808 0.668254
4 4 0.021447 0.283301 0.131946 0.006886 0.556420
4 4 0.020458 0.167944 0.062039 0.003757 0.745802
4 4 0.026208 0.193122 0.091968 0.008032 0.680670
4 4 0.014237 0.193853 0.077264 0.004511 0.710135
4 4 0.021480 0.248497 0.171215 0.012862 0.545946
4 4 0.018939 0.193120 0.083644 0.005645 0.698652
4 4 0.020517 0.233155 0.123031 0.010437 0.612861
4 2 0.024424 0.249887 0.108902 0.005632 0.611155
1 2 0.059273 0.371156 0.351022 0.033651 0.184897
1 2 0.059850 0.406319 0.388867 0.026238 0.118726
1 2 0.046417 0.396306 0.371813 0.028616 0.156849
1 2 0.054170 0.412041 0.341907 0.020918 0.170964
2 2 0.069616 0.308571 0.328523 0.058184 0.235106
1 2 0.060966 0.441836 0.335591 0.013844 0.147763
2 2 0.042980 0.400926 0.407787 0.030593 0.117714
2 2 0.053438 0.370580 0.440606 0.041309 0.094066
1 2 0.080800 0.383054 0.373011 0.029512 0.133624
2 2 0.093348 0.370226 0.413970 0.032818 0.089638
2 2 0.057216 0.337287 0.495751 0.054187 0.055560
2 2 0.050041 0.268179 0.557107 0.096326 0.028348
2 2 0.053208 0.280974 0.525916 0.095713 0.044189
2 2 0.044383 0.375957 0.503297 0.034487 0.041876
2 2 0.050554 0.286332 0.546714 0.083417 0.032982
2 2 0.053577 0.299401 0.537468 0.073482 0.036072
2 2 0.046695 0.275315 0.556336 0.092113 0.029541
2 2 0.059175 0.243425 0.555566 0.103303 0.038531
2 2 0.014297 0.079656 0.703643 0.185318 0.017085
2 2 0.017482 0.105045 0.766382 0.087537 0.023553
2 2 0.004538 0.026728 0.741922 0.224154 0.002658
2 2 0.006272 0.039941 0.772144 0.177278 0.004366
2 2 0.003775 0.021438 0.740460 0.231897 0.002430
2 2 0.003444 0.020177 0.723686 0.250719 0.001974
2 2 0.004336 0.026242 0.723510 0.243483 0.002429
2 2 0.003606 0.020535 0.712064 0.261831 0.001964
2 2 0.004804 0.028278 0.771477 0.191334 0.004107
2 2 0.002840 0.018460 0.749360 0.227545 0.001794
2 2 0.005165 0.024237 0.666712 0.301292 0.002593
2 2 0.004987 0.026253 0.715692 0.249233 0.003834
2 2 0.006382 0.029642 0.682465 0.278904 0.002607
2 2 0.006430 0.026374 0.656596 0.308042 0.002558
2 2 0.005668 0.028412 0.709615 0.253122 0.003183
2 2 0.004593 0.021968 0.619123 0.352616 0.001699
2 2 0.006940 0.032428 0.691580 0.265417 0.003635
2 2 0.008111 0.027545 0.710509 0.251763 0.002072
2 2 0.005002 0.022696 0.600717 0.369844 0.001742
2 2 0.006323 0.025499 0.665516 0.300521 0.002141
2 2 0.005578 0.025448 0.676989 0.289155 0.002830
2 2 0.011611 0.057963 0.734733 0.188058 0.007634
2 2 0.005197 0.022791 0.589691 0.379093 0.003227
2 2 0.003647 0.019909 0.654530 0.319592 0.002322
2 2 0.007356 0.032146 0.733378 0.223434 0.003687
2 2 0.003493 0.021091 0.641133 0.331530 0.002753
2 2 0.013076 0.042357 0.521854 0.418991 0.003722
2 2 0.006105 0.023213 0.493567 0.472992 0.004122
2 2 0.006517 0.023876 0.486639 0.479516 0.003452
3 2 0.006728 0.023964 0.473059 0.493477 0.002772
2 2 0.009427 0.030041 0.588118 0.369887 0.002528
2 2 0.005556 0.024844 0.645165 0.321820 0.002614
3 2 0.007998 0.023541 0.367887 0.595502 0.005071
2 2 0.004877 0.020433 0.487126 0.483745 0.003819
2 2 0.005302 0.022449 0.553812 0.414800 0.003637
2 2 0.007348 0.025410 0.483634 0.479976 0.003632
3 2 0.007853 0.024176 0.399800 0.564286 0.003885
3 2 0.042493 0.067162 0.369357 0.514876 0.006112
2 2 0.226895 0.162786 0.423142 0.169408 0.017769
2 2 0.042699 0.115740 0.474341 0.355424 0.011795
3 2 0.011748 0.036225 0.379194 0.560005 0.012828
2 2 0.004553 0.020587 0.535716 0.432899 0.006244
3 2 0.016001 0.048518 0.383489 0.541592 0.010399
2 2 0.001267 0.010674 0.583417 0.402565 0.002077
2 2 0.004143 0.019043 0.505741 0.466283 0.004790
2 2 0.008027 0.027540 0.516001 0.439340 0.009091
3 2 0.002423 0.013203 0.426860 0.552558 0.004957
2 2 0.004679 0.022530 0.637079 0.332529 0.003182
2 2 0.009322 0.041979 0.535472 0.398829 0.014399
2 2 0.003112 0.016319 0.504405 0.469193 0.006972
3 2 0.002622 0.013870 0.434578 0.545566 0.003364
3 2 0.011213 0.032918 0.452760 0.493528 0.009581
3 2 0.003937 0.014880 0.311507 0.665102 0.004574
3 2 0.007571 0.022256 0.346723 0.617959 0.005492
3 2 0.005518 0.020103 0.417920 0.550839 0.005621
3 2 0.004088 0.016492 0.373313 0.600797 0.005310
3 2 0.003570 0.014477 0.330476 0.648290 0.003186
3 2 0.003890 0.015969 0.370125 0.606444 0.003573
3 3 0.005343 0.013939 0.187464 0.789203 0.004051
3 3 0.005690 0.014347 0.185337 0.790647 0.003979
3 3 0.004238 0.012676 0.200487 0.778783 0.003818
3 3 0.003019 0.013272 0.332546 0.647118 0.004045
3 3 0.038465 0.039750 0.215273 0.694617 0.011895
3 3 0.008747 0.020923 0.280526 0.684740 0.005065
3 3 0.029299 0.038162 0.298696 0.624226 0.009616
2 3 0.009383 0.028631 0.605640 0.348738 0.007607
3 3 0.006800 0.019824 0.305246 0.662714 0.005416
3 3 0.032519 0.058152 0.327085 0.569238 0.013006
