0 4 0.566876 0.141466 0.006833 0.000078 0.284747
1 4 0.259192 0.406095 0.014803 0.000004 0.319905
4 4 0.301508 0.335438 0.011761 0.000008 0.351285
4 4 0.187710 0.205693 0.018891 0.000090 0.587616
4 4 0.334079 0.268444 0.009091 0.000013 0.388372
4 4 0.202041 0.332661 0.021912 0.000020 0.443365
4 4 0.330986 0.303832 0.008317 0.000004 0.356862
1 4 0.281675 0.389819 0.014254 0.000006 0.314247
4 4 0.212935 0.334635 0.016991 0.000008 0.435431
4 4 0.289681 0.315897 0.010979 0.000006 0.383437
1 4 0.236348 0.458154 0.154662 0.000760 0.150077
1 4 0.181313 0.542538 0.073436 0.000098 0.202615
1 4 0.276225 0.502794 0.103846 0.000198 0.116936
1 4 0.193474 0.571809 0.113186 0.000127 0.121405
1 4 0.296787 0.467807 0.170097 0.000486 0.064822
1 4 0.180244 0.548042 0.176088 0.000399 0.095226
0 4 0.419856 0.374962 0.157952 0.000705 0.046525
1 4 0.185350 0.551757 0.109896 0.000202 0.152795
0 0 0.606998 0.258898 0.103044 0.000557 0.030502
1 1 0.275877 0.533672 0.126141 0.000095 0.064215
1 1 0.054170 0.516770 0.379115 0.000954 0.048992
1 1 0.105941 0.457585 0.409711 0.000973 0.025790
2 1 0.057659 0.431347 0.487815 0.001196 0.021983
2 1 0.081976 0.346320 0.557507 0.002087 0.012111
2 2 0.087073 0.344030 0.541966 0.002326 0.024605
2 2 0.010005 0.202635 0.767222 0.001015 0.019123
2 2 0.011686 0.107716 0.873907 0.001933 0.004757
2 2 0.005354 0.091199 0.895286 0.002512 0.005649
2 2 0.011048 0.136045 0.838774 0.002574 0.011558
2 2 0.022600 0.181162 0.783049 0.002281 0.010908
2 2 0.000329 0.007914 0.989220 0.002451 0.000085
2 2 0.000206 0.004696 0.990591 0.004442 0.000065
2 2 0.002879 0.028793 0.963030 0.004987 0.000310
2 2 0.000634 0.010357 0.984204 0.004663 0.000141
2 2 0.000241 0.003862 0.990987 0.004878 0.000033
2 2 0.000964 0.005818 0.983623 0.009566 0.000030
2 2 0.000171 0.006645 0.990294 0.002745 0.000145
2 2 0.000888 0.005436 0.982771 0.010876 0.000030
2 3 0.001040 0.007688 0.983050 0.008175 0.000047
2 2 0.001067 0.007256 0.981484 0.010145 0.000048
2 3 0.001911 0.004919 0.883972 0.109078 0.000121
2 3 0.003199 0.006493 0.873371 0.116790 0.000148
2 3 0.001079 0.003905 0.884315 0.110558 0.000142
2 3 0.002975 0.004549 0.794407 0.197961 0.000108
2 3 0.002782 0.005976 0.863030 0.128062 0.000150
2 3 0.002933 0.008306 0.829278 0.158981 0.000502
2 3 0.002322 0.004609 0.832204 0.160735 0.000131
2 3 0.009795 0.006036 0.715020 0.269077 0.000072
2 3 0.005489 0.004756 0.677335 0.312316 0.000104
2 3 0.002688 0.006801 0.768498 0.221517 0.000496
2 3 0.002778 0.002966 0.530736 0.463342 0.000178
3 3 0.004509 0.003323 0.445488 0.546494 0.000184
3 3 0.007672 0.003296 0.331659 0.657225 0.000148
2 3 0.004020 0.004181 0.517694 0.473810 0.000294
2 3 0.002872 0.001692 0.510134 0.485269 0.000033
3 3 0.003151 0.002003 0.440055 0.554720 0.000071
3 3 0.004383 0.001624 0.303333 0.690607 0.000052
2 3 0.003933 0.004808 0.561358 0.429546 0.000355
3 3 0.007991 0.002961 0.348506 0.640453 0.000089
2 3 0.003798 0.004466 0.497091 0.494229 0.000416
3 3 0.005496 0.002761 0.400401 0.591242 0.000098
3 3 0.004624 0.002086 0.352919 0.640295 0.000076
2 3 0.003266 0.004103 0.585714 0.406650 0.000268
3 3 0.003554 0.001497 0.330408 0.664497 0.000045
2 3 0.004115 0.003763 0.513970 0.477939 0.000213
3 3 0.002974 0.002880 0.419185 0.574715 0.000247
3 3 0.007499 0.002952 0.359958 0.629498 0.000093
3 3 0.003604 0.003174 0.445310 0.547696 0.000215
3 3 0.004318 0.002362 0.309410 0.683768 0.000143
2 3 0.003157 0.003507 0.499234 0.493825 0.000277
3 3 0.002469 0.002990 0.458476 0.535768 0.000297
3 3 0.004471 0.001868 0.332507 0.661091 0.000063
3 3 0.002941 0.000899 0.284497 0.711645 0.000018
3 3 0.004254 0.002181 0.369097 0.624382 0.000086
3 3 0.006756 0.002305 0.283893 0.706963 0.000083
3 3 0.003197 0.001946 0.362341 0.632413 0.000103
3 3 0.005657 0.002423 0.412110 0.579748 0.000061
3 3 0.004603 0.004066 0.419883 0.571105 0.000343
3 3 0.006420 0.002329 0.311693 0.679482 0.000076
3 3 0.002556 0.001905 0.366299 0.629111 0.000130
3 3 0.004123 0.004123 0.459235 0.532174 0.000344
3 3 0.003278 0.001821 0.382828 0.612007 0.000066
2 3 0.001991 0.003362 0.509774 0.484428 0.000446
3 3 0.001705 0.001008 0.337645 0.659600 0.000042
3 3 0.004436 0.002257 0.407377 0.585857 0.000073
3 3 0.011117 0.005170 0.428717 0.554819 0.000177
3 3 0.004522 0.004686 0.431206 0.559082 0.000503
2 2 0.001533 0.007180 0.758708 0.231136 0.001444
2 3 0.003870 0.012539 0.707622 0.273615 0.002354
2 3 0.001454 0.010178 0.856524 0.129862 0.001982
2 3 0.017540 0.059986 0.882077 0.038405 0.001992
2 3 0.020345 0.080050 0.876176 0.021448 0.001981
2 2 0.020664 0.114182 0.848335 0.013321 0.003499
2 2 0.002664 0.043582 0.945182 0.006868 0.001704
2 2 0.001610 0.031471 0.955271 0.009653 0.001996
2 2 0.004427 0.055992 0.931988 0.005921 0.001672
2 2 0.008276 0.100063 0.880060 0.007321 0.004280
2 2 0.002008 0.038827 0.951399 0.006083 0.001683
2 2 0.003944 0.045888 0.942678 0.006368 0.001121
2 2 0.004215 0.065992 0.923491 0.004363 0.001940
2 2 0.010725 0.048945 0.909151 0.029501 0.001677
2 2 0.025421 0.123500 0.831916 0.014707 0.004456
2 2 0.037295 0.119410 0.805326 0.032210 0.005759
2 2 0.019325 0.107986 0.858663 0.011354 0.002671
2 2 0.036687 0.245902 0.696848 0.009426 0.011137
2 2 0.019633 0.067372 0.849095 0.059247 0.004653
2 2 0.003374 0.059487 0.925640 0.007672 0.003828
2 2 0.014605 0.118647 0.846210 0.013510 0.007029
2 2 0.018611 0.113829 0.850875 0.012793 0.003892
2 2 0.006705 0.072159 0.910748 0.006730 0.003658
2 2 0.009756 0.074331 0.908382 0.005760 0.001771
2 2 0.010108 0.077816 0.899312 0.010359 0.002405
2 2 0.003231 0.050569 0.940712 0.003516 0.001971
2 2 0.024003 0.198348 0.762728 0.006825 0.008096
2 2 0.009169 0.082262 0.894813 0.010538 0.003217
2 2 0.005720 0.029015 0.954096 0.010868 0.000302
2 2 0.003951 0.042554 0.948227 0.004641 0.000627
2 2 0.008510 0.067817 0.917434 0.004782 0.001458
2 2 0.015456 0.109222 0.864728 0.007620 0.002974
2 2 0.023125 0.119024 0.846548 0.009209 0.002095
2 2 0.035988 0.111128 0.824461 0.024808 0.003615
2 2 0.014089 0.073779 0.898176 0.012412 0.001545
2 2 0.022817 0.118920 0.846201 0.007521 0.004541
2 2 0.016995 0.117146 0.853498 0.008676 0.003685
2 2 0.041712 0.153061 0.783831 0.013405 0.007991
2 2 0.039703 0.209874 0.730465 0.011975 0.007982
2 2 0.152605 0.199534 0.601754 0.035805 0.010303
2 2 0.100448 0.221517 0.643419 0.023789 0.010827
2 2 0.043875 0.220450 0.720102 0.006859 0.008713
2 2 0.074675 0.227883 0.683099 0.008036 0.006307
2 2 0.107470 0.204988 0.654775 0.020607 0.012160
2 2 0.083421 0.195327 0.701312 0.011206 0.008734
2 2 0.041844 0.181979 0.759381 0.010486 0.006309
2 2 0.047973 0.235524 0.696916 0.009180 0.010407
2 2 0.074050 0.203386 0.702857 0.013673 0.006034
2 2 0.105014 0.205323 0.662167 0.018547 0.008949
2 2 0.085436 0.306973 0.590942 0.004513 0.012136
2 2 0.097940 0.364502 0.509834 0.004466 0.023259
2 2 0.192406 0.341208 0.448283 0.002740 0.015363
2 2 0.123987 0.411709 0.434610 0.002330 0.027364
2 2 0.162466 0.328269 0.472113 0.009952 0.027199
2 2 0.208260 0.367355 0.400012 0.002647 0.021726
2 2 0.120203 0.385267 0.472264 0.002295 0.019970
2 2 0.105685 0.237331 0.638620 0.010262 0.008102
2 2 0.192517 0.299637 0.484909 0.006931 0.016007
2 2 0.140883 0.321482 0.518610 0.004425 0.014600
2 2 0.105066 0.279328 0.597025 0.007199 0.011381
2 2 0.090183 0.364378 0.524296 0.002982 0.018160
2 2 0.126464 0.304178 0.552390 0.004762 0.012207
2 2 0.059179 0.167847 0.750407 0.012827 0.009740
2 2 0.117961 0.246123 0.619344 0.004758 0.011813
2 2 0.140936 0.328804 0.511555 0.003910 0.014795
2 2 0.120220 0.390383 0.469165 0.001823 0.018409
2 2 0.112632 0.361298 0.506440 0.002748 0.016882
1 2 0.163152 0.418833 0.394854 0.001231 0.021930
2 2 0.109709 0.365629 0.506093 0.002373 0.016197
2 2 0.199684 0.363449 0.418342 0.001925 0.016600
2 2 0.100017 0.382761 0.496896 0.002125 0.018201
2 2 0.151265 0.285780 0.543195 0.007101 0.012659
2 2 0.215318 0.379492 0.382354 0.001879 0.020957
2 2 0.049009 0.149671 0.794371 0.005022 0.001928
2 2 0.070235 0.244023 0.670670 0.007479 0.007592
2 2 0.118434 0.242757 0.621849 0.008918 0.008042
2 2 0.016703 0.089134 0.885033 0.007658 0.001472
2 2 0.005045 0.061090 0.927985 0.004375 0.001505
2 2 0.002353 0.026705 0.963557 0.006884 0.000501
2 2 0.011092 0.108981 0.874207 0.003148 0.002573
2 2 0.032134 0.151206 0.806873 0.007692 0.002096
2 2 0.041222 0.188335 0.759820 0.005174 0.005449
2 2 0.015228 0.090336 0.888905 0.003423 0.002109
2 2 0.014811 0.099629 0.878050 0.005020 0.002489
2 2 0.027893 0.126211 0.830317 0.012766 0.002813
2 2 0.022376 0.110819 0.855433 0.008836 0.002537
2 2 0.025968 0.219327 0.744404 0.002401 0.007899
2 2 0.020374 0.139957 0.833789 0.003817 0.002063
2 2 0.014533 0.073663 0.902274 0.008609 0.000921
2 2 0.032102 0.214871 0.743343 0.004797 0.004887
2 2 0.001753 0.016774 0.971433 0.009723 0.000317
2 2 0.005293 0.064263 0.927461 0.001566 0.001416
2 2 0.001012 0.031334 0.963993 0.002272 0.001389
2 2 0.008226 0.102255 0.883782 0.003624 0.002113
2 2 0.000719 0.013313 0.982895 0.002912 0.000160
2 2 0.002957 0.047578 0.947034 0.001371 0.001059
2 2 0.005573 0.081241 0.909061 0.002358 0.001767
2 2 0.009017 0.129448 0.855395 0.002586 0.003553
2 2 0.013707 0.131744 0.849060 0.002231 0.003259
2 2 0.003345 0.069237 0.924343 0.001299 0.001776
2 2 0.021679 0.246040 0.722698 0.001867 0.007715
2 2 0.004479 0.124893 0.864305 0.000821 0.005503
2 2 0.009476 0.106292 0.878938 0.003367 0.001926
1 2 0.197940 0.436628 0.311010 0.002505 0.051916
1 2 0.166998 0.460014 0.305935 0.001759 0.065294
0 4 0.443529 0.340039 0.151230 0.001742 0.063460
1 4 0.255824 0.391628 0.314630 0.002476 0.035443
1 4 0.177573 0.510253 0.259758 0.000639 0.051778
1 4 0.241771 0.414897 0.299912 0.002083 0.041336
1 4 0.209479 0.442571 0.308156 0.001365 0.038429
1 4 0.161384 0.529501 0.249549 0.000569 0.058998
0 4 0.389037 0.334688 0.244266 0.002093 0.029916
1 4 0.289490 0.441408 0.219107 0.000859 0.049136
0 4 0.556067 0.284719 0.124040 0.000776 0.034398
0 4 0.543875 0.272490 0.148070 0.001623 0.033942
0 0 0.668078 0.209864 0.092287 0.000976 0.028795
1 4 0.298151 0.515077 0.103927 0.000099 0.082747
1 4 0.309112 0.494694 0.116322 0.000164 0.079708
0 4 0.456048 0.397606 0.095098 0.000130 0.051119
1 4 0.272865 0.503358 0.168182 0.000239 0.055356
1 4 0.255020 0.542173 0.120192 0.000114 0.082502
1 4 0.330077 0.468774 0.140401 0.000242 0.060506
1 4 0.318268 0.442163 0.175179 0.000698 0.063692
0 4 0.477188 0.327730 0.160881 0.000817 0.033383
1 4 0.267413 0.451586 0.236993 0.000756 0.043251
1 4 0.354525 0.445720 0.160649 0.000220 0.038885
1 1 0.289914 0.459801 0.210817 0.000414 0.039053
0 0 0.732907 0.149685 0.096742 0.002468 0.018199
1 1 0.395934 0.416404 0.155600 0.000201 0.031860
1 1 0.210664 0.487652 0.251769 0.000714 0.049201
1 1 0.310977 0.438106 0.211983 0.000531 0.038403
1 1 0.286974 0.461854 0.209023 0.000442 0.041707
0 0 0.755985 0.122524 0.103542 0.004527 0.013422
1 1 0.172237 0.467504 0.328054 0.000806 0.031400
2 1 0.204177 0.366693 0.403487 0.002941 0.022703
2 1 0.117891 0.354702 0.501491 0.004559 0.021356
2 1 0.101831 0.279851 0.591768 0.011426 0.015123
2 1 0.239500 0.348464 0.393205 0.002139 0.016692
2 1 0.153758 0.380674 0.441028 0.002638 0.021902
1 1 0.174865 0.403461 0.393790 0.002032 0.025852
1 1 0.285653 0.348793 0.339071 0.002758 0.023725
0 0 0.418174 0.228098 0.330769 0.008768 0.014190
1 1 0.147667 0.497788 0.312039 0.000789 0.041716
2 1 0.081897 0.345716 0.558547 0.002023 0.011817
2 1 0.034963 0.197427 0.755525 0.006295 0.005790
2 4 0.053819 0.229799 0.703881 0.006494 0.006007
2 2 0.131268 0.332150 0.523094 0.002314 0.011174
2 2 0.036215 0.159922 0.795270 0.004689 0.003903
2 2 0.025681 0.174403 0.786963 0.003531 0.009423
2 2 0.014343 0.135941 0.840069 0.003130 0.006517
2 2 0.030295 0.139500 0.822121 0.003298 0.004787
2 2 0.038167 0.190852 0.759474 0.005300 0.006208
2 2 0.026925 0.157133 0.804425 0.005054 0.006462
2 2 0.024085 0.184550 0.780528 0.004722 0.006114
2 2 0.006701 0.042565 0.945655 0.004409 0.000670
2 2 0.024699 0.117042 0.850446 0.004305 0.003509
2 2 0.057257 0.195630 0.733124 0.007383 0.006606
2 2 0.009353 0.063145 0.917607 0.008275 0.001621
2 2 0.051568 0.169614 0.765586 0.010132 0.003099
2 2 0.013685 0.106469 0.871386 0.005654 0.002805
2 2 0.006872 0.075655 0.909741 0.005257 0.002475
2 2 0.021710 0.103187 0.860514 0.011700 0.002889
2 2 0.011852 0.084216 0.895339 0.004538 0.004055
2 2 0.007877 0.037238 0.940987 0.013360 0.000539
2 2 0.013012 0.059367 0.913478 0.012712 0.001431
2 2 0.005850 0.043540 0.938320 0.009974 0.002317
2 2 0.018286 0.118505 0.854136 0.005152 0.003922
2 2 0.014649 0.052568 0.918884 0.012774 0.001125
2 2 0.007965 0.047003 0.914197 0.028547 0.002288
2 2 0.025425 0.145402 0.813443 0.011340 0.004389
2 2 0.077080 0.174694 0.728357 0.013441 0.006427
2 2 0.104595 0.144443 0.711062 0.032166 0.007733
2 2 0.023578 0.107532 0.852882 0.013378 0.002630
2 2 0.031931 0.097264 0.847076 0.020802 0.002926
2 2 0.004826 0.038001 0.949487 0.006767 0.000919
2 2 0.016761 0.091434 0.877995 0.011720 0.002091
2 2 0.028236 0.119581 0.833247 0.014834 0.004102
2 2 0.009341 0.062373 0.919202 0.007599 0.001486
2 2 0.022504 0.106429 0.850301 0.016062 0.004705
2 2 0.039250 0.115596 0.823417 0.018089 0.003649
2 2 0.046800 0.139639 0.796725 0.012590 0.004246
2 2 0.121801 0.169282 0.685422 0.018570 0.004925
2 2 0.110076 0.249263 0.619016 0.011465 0.010180
0 2 0.338238 0.317488 0.325453 0.002155 0.016666
2 2 0.288423 0.245840 0.442532 0.010530 0.012674
2 1 0.199643 0.342790 0.433187 0.004071 0.020308
2 1 0.117694 0.285686 0.581662 0.004992 0.009966
2 2 0.205063 0.370315 0.403988 0.001979 0.018655
2 2 0.066211 0.140152 0.775026 0.014930 0.003681
2 2 0.066115 0.118543 0.798827 0.013552 0.002963
2 2 0.132157 0.250560 0.598784 0.007431 0.011068
2 2 0.193093 0.264719 0.525274 0.004630 0.012284
0 2 0.373078 0.238141 0.362855 0.010540 0.015386
2 2 0.215878 0.248125 0.510114 0.008334 0.017550
0 2 0.429458 0.221297 0.317832 0.013599 0.017814
0 1 0.352845 0.326951 0.296416 0.002268 0.021520
0 0 0.641176 0.137565 0.203943 0.009027 0.008289
0 1 0.678127 0.147901 0.146759 0.009320 0.017893
1 1 0.280604 0.434715 0.240048 0.000981 0.043653
1 1 0.303375 0.400135 0.256681 0.001473 0.038336
1 1 0.217320 0.466036 0.274874 0.000850 0.040920
2 1 0.242043 0.296673 0.430444 0.009479 0.021361
1 1 0.302579 0.389949 0.273299 0.001516 0.032657
1 1 0.158436 0.440556 0.367073 0.001539 0.032395
2 1 0.126917 0.352636 0.495445 0.004397 0.020604
2 1 0.112697 0.368731 0.494932 0.003269 0.020370
2 1 0.109008 0.266740 0.601124 0.010779 0.012349
2 2 0.113023 0.351246 0.508923 0.005053 0.021755
2 2 0.130202 0.345072 0.496931 0.005667 0.022129
2 2 0.110169 0.400505 0.463322 0.002339 0.023664
2 2 0.134504 0.366764 0.477786 0.002701 0.018245
2 2 0.177741 0.381408 0.414006 0.002749 0.024096
2 2 0.049348 0.234539 0.687411 0.005424 0.023277
2 2 0.005215 0.047152 0.941470 0.005462 0.000700
2 2 0.033725 0.094814 0.854352 0.014969 0.002139
2 2 0.005818 0.094014 0.892753 0.004256 0.003159
2 2 0.001007 0.025022 0.970306 0.003046 0.000618
2 2 0.043907 0.210929 0.733525 0.006753 0.004886
2 2 0.013367 0.118529 0.861648 0.004470 0.001986
2 2 0.021913 0.152728 0.814588 0.006925 0.003846
2 2 0.007176 0.042892 0.942654 0.006693 0.000586
2 2 0.002432 0.033025 0.958373 0.005449 0.000721
2 2 0.029149 0.147948 0.811048 0.009051 0.002803
2 2 0.350630 0.264804 0.359406 0.003711 0.021448
0 2 0.522567 0.245191 0.208477 0.003153 0.020611
0 2 0.500952 0.237288 0.243389 0.003332 0.015039
2 2 0.279932 0.285143 0.413604 0.004457 0.016864
2 2 0.318008 0.300801 0.354360 0.005506 0.021325
0 2 0.456277 0.253623 0.269156 0.004001 0.016943
0 2 0.533539 0.194637 0.247050 0.009400 0.015375
0 0 0.777954 0.089009 0.115996 0.009694 0.007348
0 0 0.742414 0.103490 0.135592 0.010058 0.008446
0 0 0.866787 0.048000 0.075052 0.007388 0.002773
0 0 0.933195 0.035070 0.025204 0.002179 0.004353
0 0 0.946898 0.031788 0.014234 0.000989 0.006090
0 0 0.937758 0.036947 0.016135 0.001191 0.007968
0 0 0.945813 0.031710 0.015751 0.001185 0.005542
0 0 0.924900 0.043849 0.019545 0.001579 0.010127
0 0 0.875994 0.078294 0.026071 0.000828 0.018812
0 0 0.882166 0.069113 0.032550 0.001845 0.014326
0 0 0.745208 0.162741 0.047095 0.000827 0.044129
0 4 0.686722 0.198619 0.058317 0.000951 0.055391
0 4 0.666558 0.208185 0.048656 0.000742 0.075859
4 4 0.079000 0.194939 0.037405 0.000085 0.688572
4 4 0.173343 0.198590 0.017381 0.000067 0.610619
4 4 0.161796 0.208607 0.020206 0.000073 0.609317
4 4 0.112778 0.091112 0.011157 0.000149 0.784803
4 4 0.155026 0.169515 0.016015 0.000071 0.659372
4 4 0.149080 0.226438 0.020011 0.000030 0.604441
4 4 0.070114 0.111001 0.021176 0.000112 0.797598
4 4 0.110334 0.073661 0.009336 0.000213 0.806456
4 4 0.112479 0.072611 0.011121 0.000429 0.803360
4 4 0.103083 0.085431 0.011527 0.000174 0.799786
4 4 0.347988 0.064420 0.004556 0.000412 0.582625
0 4 0.513039 0.057019 0.004369 0.000395 0.425179
4 4 0.303931 0.065452 0.006433 0.000644 0.623540
4 4 0.242470 0.102740 0.010665 0.000406 0.643718
4 4 0.308771 0.075675 0.008737 0.000835 0.605982
4 4 0.443325 0.061310 0.008398 0.001835 0.485131
4 4 0.147370 0.127825 0.015505 0.000277 0.709022
4 4 0.354438 0.080348 0.004821 0.000275 0.560118
4 4 0.206847 0.124719 0.013282 0.000252 0.654900
4 4 0.309889 0.051185 0.003770 0.000480 0.634676
4 4 0.436994 0.074435 0.007794 0.001010 0.479767
4 4 0.279758 0.121995 0.008049 0.000173 0.590025
4 4 0.107353 0.098856 0.020295 0.000649 0.772847
4 4 0.209344 0.075983 0.009274 0.000765 0.704635
4 4 0.176858 0.115475 0.011764 0.000218 0.695685
4 4 0.076853 0.067002 0.023930 0.002686 0.829529
0 4 0.495227 0.049518 0.007101 0.001791 0.446363
4 4 0.153350 0.109195 0.017586 0.000470 0.719400
4 4 0.365780 0.052782 0.009235 0.003598 0.568606
4 4 0.152454 0.083317 0.014678 0.000883 0.748667
4 4 0.136374 0.072371 0.008573 0.000348 0.782334
4 4 0.334201 0.063500 0.010875 0.002322 0.589102
4 4 0.153671 0.045420 0.005967 0.001120 0.793822
4 4 0.459086 0.048839 0.008576 0.003088 0.480411
4 4 0.106349 0.138681 0.024496 0.000328 0.730145
4 4 0.102244 0.108402 0.019420 0.000428 0.769505
4 4 0.129641 0.123704 0.015833 0.000210 0.730611
4 4 0.161301 0.057375 0.011714 0.002013 0.767596
4 4 0.362439 0.045284 0.007557 0.003110 0.581611
4 4 0.206361 0.078063 0.008417 0.000431 0.706728
4 4 0.216662 0.093952 0.008417 0.000229 0.680741
4 4 0.240131 0.088864 0.007208 0.000221 0.663576
0 4 0.685732 0.019851 0.004067 0.002263 0.288087
0 4 0.555392 0.069607 0.005252 0.000364 0.369385
0 4 0.645974 0.042316 0.007681 0.002225 0.301803
4 4 0.186158 0.098250 0.007195 0.000112 0.708285
4 4 0.077640 0.185345 0.045917 0.000277 0.690821
4 4 0.149796 0.148954 0.015960 0.000133 0.685156
4 4 0.198016 0.143220 0.010166 0.000074 0.648524
4 4 0.152393 0.134873 0.019271 0.000357 0.693106
1 4 0.247140 0.432219 0.020729 0.000011 0.299901
1 4 0.222636 0.458099 0.027660 0.000020 0.291586
1 4 0.195146 0.487203 0.038459 0.000037 0.279155
1 4 0.117525 0.504332 0.068849 0.000047 0.309247
1 4 0.177313 0.493854 0.043305 0.000038 0.285489
1 4 0.325505 0.426622 0.037650 0.000051 0.210173
1 1 0.152332 0.611547 0.042554 0.000008 0.193559
0 4 0.454859 0.345634 0.030504 0.000055 0.168949
1 4 0.126461 0.547656 0.056785 0.000018 0.269080
1 4 0.202543 0.501593 0.031785 0.000016 0.264063
4 4 0.110773 0.399967 0.055241 0.000038 0.433981
1 4 0.111830 0.471473 0.065723 0.000040 0.350934
4 4 0.086938 0.391497 0.081386 0.000092 0.440087
1 4 0.149736 0.454620 0.053510 0.000067 0.342066
1 4 0.076130 0.437751 0.111012 0.000134 0.374972
1 4 0.188423 0.480749 0.037371 0.000029 0.293428
1 4 0.170021 0.545196 0.045049 0.000026 0.239708
4 4 0.102065 0.363835 0.077064 0.000211 0.456826
1 4 0.143297 0.512318 0.057587 0.000046 0.286752
4 4 0.117869 0.254720 0.039344 0.000123 0.587943
1 4 0.190806 0.566646 0.102597 0.000124 0.139827
1 4 0.106688 0.619876 0.093746 0.000070 0.179621
1 4 0.103970 0.610035 0.102804 0.000103 0.183088
1 4 0.162968 0.527973 0.068881 0.000116 0.240063
1 4 0.111709 0.604388 0.092733 0.000087 0.191083
1 4 0.227490 0.561801 0.095236 0.000079 0.115395
1 4 0.117954 0.593668 0.087753 0.000089 0.200536
1 4 0.122137 0.626445 0.106731 0.000073 0.144613
0 0 0.580135 0.251910 0.142583 0.001158 0.024214
1 4 0.411462 0.424477 0.109090 0.000160 0.054812
1 4 0.093728 0.598251 0.155225 0.000289 0.152507
1 4 0.102151 0.609830 0.154926 0.000215 0.132878
1 4 0.127053 0.557905 0.175948 0.000596 0.138499
1 4 0.095196 0.599628 0.151635 0.000270 0.153272
1 4 0.128242 0.556898 0.186422 0.000629 0.127808
1 4 0.208082 0.522487 0.166791 0.000514 0.102126
1 4 0.249829 0.463346 0.187537 0.001340 0.097947
1 4 0.294511 0.365018 0.275941 0.006029 0.058501
1 1 0.161030 0.504547 0.223953 0.001380 0.109090
1 1 0.072679 0.547706 0.187091 0.000384 0.192140
1 1 0.113443 0.508670 0.311381 0.001376 0.065131
2 2 0.041814 0.280925 0.616479 0.003651 0.057131
2 2 0.059255 0.284558 0.613099 0.006125 0.036962
2 4 0.066409 0.241137 0.656594 0.005336 0.030525
2 4 0.265054 0.279384 0.407150 0.017841 0.030571
0 0 0.419171 0.283134 0.264843 0.005283 0.027569
1 1 0.145128 0.407795 0.406612 0.003137 0.037328
2 2 0.084706 0.284447 0.583458 0.005463 0.041925
2 2 0.311235 0.277610 0.359693 0.018370 0.033090
2 1 0.296144 0.321168 0.330620 0.010513 0.041556
2 2 0.010027 0.174250 0.805304 0.001710 0.008709
2 2 0.005355 0.146832 0.834192 0.001413 0.012208
2 2 0.006198 0.121459 0.854413 0.002042 0.015888
2 2 0.010123 0.138042 0.842655 0.001929 0.007251
2 2 0.009289 0.110574 0.869940 0.003875 0.006322
2 2 0.011528 0.156395 0.816975 0.001616 0.013486
2 2 0.000178 0.006930 0.989528 0.003155 0.000209
2 2 0.021207 0.275051 0.685626 0.003531 0.014584
2 1 0.086399 0.168094 0.723047 0.015595 0.006864
2 2 0.021901 0.230045 0.731884 0.001287 0.014882
2 2 0.000344 0.020009 0.977886 0.001166 0.000595
2 2 0.001655 0.033903 0.960044 0.003502 0.000896
2 2 0.000187 0.008986 0.989250 0.001400 0.000177
2 2 0.001164 0.053640 0.940063 0.002058 0.003075
2 2 0.000232 0.020195 0.976482 0.001569 0.001522
2 2 0.000960 0.017581 0.977339 0.003810 0.000309
2 2 0.007096 0.127718 0.854481 0.003575 0.007129
2 2 0.005746 0.099158 0.889262 0.003057 0.002777
2 2 0.001515 0.056333 0.938455 0.001542 0.002155
2 2 0.003743 0.050878 0.934836 0.008203 0.002340
2 2 0.001056 0.032500 0.963810 0.001407 0.001228
2 2 0.000538 0.019973 0.976363 0.002414 0.000712
2 2 0.001821 0.046602 0.948057 0.002261 0.001259
2 2 0.015963 0.052273 0.911661 0.019316 0.000787
2 2 0.001614 0.048425 0.944762 0.002951 0.002249
2 2 0.062924 0.187727 0.730714 0.013782 0.004852
2 2 0.015161 0.067511 0.898824 0.016945 0.001560
2 2 0.003216 0.069766 0.921436 0.003170 0.002412
2 2 0.001073 0.041604 0.953552 0.002045 0.001725
2 2 0.001312 0.027396 0.968145 0.002631 0.000516
2 2 0.000951 0.014339 0.977992 0.006414 0.000303
2 2 0.002489 0.045485 0.947199 0.003585 0.001242
2 2 0.030877 0.071585 0.871768 0.024793 0.000978
2 2 0.043236 0.126837 0.800366 0.025979 0.003582
2 2 0.011739 0.105103 0.867983 0.010320 0.004855
2 2 0.022169 0.155234 0.808579 0.008822 0.005196
2 2 0.010571 0.135093 0.840784 0.005123 0.008429
2 2 0.001687 0.022657 0.968056 0.007000 0.000599
2 2 0.001452 0.017590 0.971336 0.009194 0.000428
2 2 0.005348 0.074466 0.913168 0.004753 0.002265
2 2 0.000645 0.010678 0.981122 0.007329 0.000227
2 2 0.000575 0.012236 0.983129 0.003844 0.000215
2 2 0.000740 0.019412 0.973349 0.005702 0.000797
2 2 0.000263 0.013706 0.983344 0.002145 0.000542
2 2 0.000263 0.005907 0.986781 0.006898 0.000151
2 2 0.000666 0.018096 0.975783 0.004772 0.000684
2 2 0.000906 0.013015 0.978602 0.007235 0.000242
2 2 0.001091 0.010779 0.979591 0.008408 0.000131
2 2 0.000209 0.006502 0.988348 0.004747 0.000194
2 2 0.000160 0.008212 0.988812 0.002532 0.000285
2 2 0.000851 0.007184 0.966717 0.025048 0.000200
2 2 0.001422 0.013084 0.956648 0.028222 0.000625
2 2 0.000193 0.003527 0.972294 0.023761 0.000225
2 2 0.000822 0.007423 0.962715 0.028761 0.000280
2 2 0.001970 0.013036 0.958786 0.025852 0.000356
2 2 0.000464 0.009323 0.973041 0.016504 0.000669
2 2 0.000657 0.012692 0.969589 0.016059 0.001003
2 2 0.000452 0.004639 0.964498 0.030230 0.000180
2 2 0.001642 0.010509 0.962578 0.025027 0.000246
2 2 0.000908 0.012249 0.962576 0.023488 0.000780
2 3 0.003120 0.015424 0.948742 0.032379 0.000334
2 3 0.003327 0.017762 0.958215 0.020386 0.000310
2 2 0.003954 0.057604 0.930540 0.005914 0.001987
2 2 0.001734 0.021071 0.966899 0.009687 0.000609
2 2 0.001313 0.036713 0.953393 0.006011 0.002570
2 2 0.001624 0.014446 0.969257 0.014340 0.000333
2 2 0.005805 0.053250 0.927919 0.011204 0.001822
2 2 0.000998 0.026967 0.966281 0.004508 0.001246
2 2 0.000497 0.013608 0.977854 0.007284 0.000756
2 2 0.001357 0.034376 0.954713 0.007163 0.002392
2 2 0.005543 0.036339 0.940983 0.016240 0.000895
2 2 0.000886 0.011611 0.971326 0.015732 0.000445
2 2 0.001725 0.040351 0.951015 0.004961 0.001947
2 2 0.001583 0.029071 0.957127 0.010434 0.001786
2 2 0.000772 0.010645 0.981060 0.007332 0.000191
2 2 0.002121 0.020246 0.964028 0.013112 0.000492
2 2 0.001800 0.029889 0.960112 0.007134 0.001065
2 2 0.001662 0.027940 0.961290 0.008001 0.001107
2 2 0.003626 0.054877 0.932303 0.006905 0.002288
2 2 0.000716 0.006152 0.979405 0.013637 0.000090
2 2 0.013468 0.053826 0.904991 0.026541 0.001175
2 2 0.000429 0.011381 0.982652 0.005151 0.000387
2 2 0.000716 0.014104 0.980416 0.004448 0.000316
2 2 0.000509 0.013471 0.979418 0.006075 0.000526
2 2 0.004374 0.023208 0.956789 0.015327 0.000302
2 2 0.001148 0.019098 0.972459 0.006780 0.000515
2 2 0.001302 0.026480 0.961630 0.009084 0.001503
2 2 0.000258 0.006334 0.986152 0.007055 0.000201
2 2 0.000818 0.013036 0.971065 0.014511 0.000571
2 2 0.001313 0.008840 0.975060 0.014678 0.000109
2 2 0.000366 0.008841 0.982132 0.008270 0.000392
2 2 0.001124 0.008706 0.959176 0.030715 0.000280
2 3 0.003995 0.015587 0.950601 0.029591 0.000226
2 3 0.002191 0.007401 0.938792 0.051497 0.000119
2 2 0.001120 0.023279 0.965720 0.008573 0.001309
2 2 0.003698 0.026087 0.943624 0.025669 0.000922
2 2 0.004934 0.042996 0.919433 0.029510 0.003127
2 2 0.010073 0.056115 0.905507 0.026111 0.002194
2 2 0.003092 0.029344 0.950896 0.015523 0.001144
2 2 0.000964 0.019529 0.973225 0.005643 0.000639
2 2 0.000559 0.013754 0.982239 0.003213 0.000235
2 2 0.000791 0.029381 0.967742 0.001431 0.000654
2 2 0.013658 0.140320 0.838600 0.004309 0.003114
2 2 0.005933 0.075361 0.914273 0.003217 0.001216
2 2 0.000674 0.026581 0.971012 0.001243 0.000491
2 2 0.004422 0.056514 0.935183 0.003121 0.000761
2 2 0.000826 0.030984 0.965829 0.001601 0.000760
2 2 0.001533 0.016091 0.976292 0.005912 0.000172
2 2 0.001653 0.032095 0.963245 0.002544 0.000462
2 2 0.002276 0.061294 0.931671 0.002503 0.002257
2 2 0.013371 0.102542 0.874587 0.007194 0.002306
2 2 0.004384 0.061569 0.927713 0.004648 0.001686
2 2 0.013368 0.155715 0.823067 0.003895 0.003955
2 1 0.042216 0.317088 0.625439 0.003140 0.012117
2 2 0.042581 0.243609 0.701361 0.005544 0.006905
2 2 0.007161 0.105810 0.879248 0.004219 0.003561
2 2 0.016393 0.148216 0.825490 0.004496 0.005404
2 1 0.038983 0.289216 0.653557 0.005664 0.012580
2 1 0.032433 0.335469 0.614480 0.002834 0.014784
2 4 0.059572 0.372351 0.542908 0.003346 0.021823
1 4 0.115560 0.513057 0.323615 0.000834 0.046934
1 4 0.175907 0.411523 0.366081 0.003677 0.042811
1 4 0.152452 0.452359 0.362395 0.001221 0.031573
1 1 0.137271 0.463351 0.358426 0.001492 0.039459
1 1 0.098888 0.515280 0.336173 0.000909 0.048751
2 2 0.031250 0.243002 0.687623 0.002429 0.035696
1 4 0.087008 0.461873 0.415528 0.001455 0.034136
1 4 0.088881 0.538589 0.304581 0.000906 0.067043
1 4 0.083971 0.561714 0.296144 0.000502 0.057668
1 4 0.180778 0.441757 0.336629 0.001741 0.039095
1 1 0.115608 0.476101 0.369590 0.001204 0.037497
1 1 0.077323 0.480404 0.397824 0.001498 0.042951
1 1 0.082949 0.511144 0.363009 0.000838 0.042060
1 1 0.127624 0.522681 0.306730 0.000566 0.042399
1 4 0.229024 0.445034 0.293952 0.000820 0.031170
1 4 0.170856 0.412850 0.362121 0.004508 0.049666
2 2 0.020974 0.153750 0.810601 0.005969 0.008705
1 4 0.097532 0.509497 0.330666 0.001352 0.060954
2 2 0.029214 0.278212 0.663908 0.002547 0.026119
2 2 0.084565 0.344746 0.550224 0.003069 0.017397
2 2 0.047293 0.330968 0.606395 0.001783 0.013562
2 2 0.009242 0.121375 0.863462 0.002136 0.003786
2 2 0.027710 0.179377 0.780709 0.003979 0.008225
2 2 0.050175 0.382451 0.548411 0.001795 0.017169
2 2 0.045955 0.290473 0.649165 0.004127 0.010281
2 2 0.023136 0.181039 0.788552 0.002358 0.004915
2 2 0.051643 0.328693 0.607924 0.001870 0.009869
2 2 0.052267 0.247199 0.684800 0.002601 0.013133
2 2 0.052466 0.282881 0.654112 0.002958 0.007582
2 2 0.031332 0.202382 0.749389 0.007255 0.009642
2 2 0.065531 0.260562 0.662604 0.002625 0.008678
2 2 0.000344 0.012728 0.984466 0.002136 0.000325
2 2 0.044498 0.373950 0.562835 0.001339 0.017378
2 2 0.011445 0.153959 0.825272 0.003042 0.006281
2 2 0.009464 0.141197 0.842107 0.001559 0.005672
2 2 0.018856 0.173131 0.798767 0.001752 0.007494
2 2 0.008314 0.116398 0.870385 0.002729 0.002174
2 2 0.046468 0.317724 0.624221 0.002093 0.009494
2 2 0.039942 0.321742 0.627037 0.001827 0.009452
2 2 0.024200 0.183918 0.783839 0.004712 0.003331
2 2 0.032782 0.268287 0.686380 0.003470 0.009080
2 0 0.128729 0.225525 0.630371 0.008997 0.006378
1 1 0.041562 0.465193 0.461423 0.001080 0.030742
2 2 0.063512 0.368741 0.549761 0.001977 0.016010
2 1 0.051142 0.351550 0.580017 0.002458 0.014833
2 2 0.008100 0.158600 0.823250 0.001796 0.008254
2 2 0.033267 0.285710 0.665664 0.004473 0.010885
2 2 0.026111 0.262301 0.692766 0.003123 0.015699
2 2 0.025054 0.381650 0.569402 0.001463 0.022431
2 2 0.012348 0.126641 0.852731 0.002031 0.006250
1 1 0.086718 0.586817 0.260760 0.000347 0.065358
1 2 0.095745 0.502661 0.348930 0.001243 0.051421
1 2 0.103756 0.570128 0.270766 0.000362 0.054987
1 2 0.079257 0.538587 0.321201 0.000790 0.060166
1 2 0.067054 0.591594 0.270820 0.000373 0.070160
1 2 0.050830 0.526938 0.367355 0.000906 0.053971
2 2 0.077702 0.426750 0.466934 0.001843 0.026770
1 2 0.080503 0.442950 0.436834 0.001694 0.038018
2 2 0.077364 0.389700 0.511187 0.002129 0.019620
1 2 0.058274 0.478449 0.433050 0.000859 0.029367
2 2 0.004498 0.054946 0.933140 0.005856 0.001560
2 2 0.034739 0.295852 0.650984 0.003484 0.014940
2 2 0.065598 0.396450 0.515866 0.001939 0.020147
2 2 0.007637 0.093913 0.892761 0.002373 0.003316
2 2 0.044970 0.331820 0.606189 0.003078 0.013943
2 1 0.205475 0.295790 0.470352 0.009413 0.018969
2 1 0.020962 0.237290 0.727769 0.003301 0.010677
2 2 0.054763 0.281946 0.649078 0.004610 0.009602
2 2 0.002986 0.039489 0.948631 0.007536 0.001359
2 2 0.015233 0.159573 0.814857 0.002496 0.007840
2 2 0.064564 0.402047 0.515154 0.001307 0.016929
2 2 0.155407 0.396244 0.415983 0.003094 0.029271
2 2 0.059751 0.423397 0.490243 0.001695 0.024913
2 2 0.057137 0.298493 0.625290 0.005630 0.013449
2 2 0.053822 0.325317 0.602228 0.003325 0.015308
2 2 0.048102 0.244596 0.694571 0.004639 0.008092
2 2 0.047724 0.257508 0.676220 0.005783 0.012766
2 2 0.058371 0.362610 0.556692 0.003192 0.019134
2 2 0.070199 0.424591 0.483537 0.001223 0.020450
2 2 0.065517 0.399358 0.511063 0.002122 0.021940
2 2 0.048161 0.203506 0.700615 0.013889 0.033828
1 4 0.253771 0.471011 0.222760 0.000686 0.051771
1 4 0.336122 0.400430 0.214081 0.001304 0.048063
1 4 0.221906 0.516251 0.210294 0.000339 0.051209
1 4 0.287396 0.445364 0.223012 0.000697 0.043530
1 4 0.242938 0.430992 0.281728 0.001526 0.042816
0 4 0.364224 0.344408 0.240948 0.003790 0.046630
1 4 0.276797 0.489843 0.184095 0.000293 0.048971
1 4 0.234216 0.485130 0.236527 0.000509 0.043618
0 4 0.414313 0.378344 0.163486 0.000656 0.043201
1 4 0.305303 0.512782 0.122821 0.000095 0.059000
0 4 0.510139 0.340498 0.119131 0.000222 0.030010
1 4 0.302256 0.459157 0.177145 0.000545 0.060897
0 4 0.460656 0.365330 0.124131 0.000429 0.049453
1 4 0.221666 0.561659 0.158824 0.000115 0.057736
1 4 0.110098 0.611430 0.182867 0.000207 0.095398
1 4 0.303663 0.477166 0.161957 0.000303 0.056910
1 4 0.270591 0.443834 0.240322 0.000903 0.044351
1 4 0.122208 0.561306 0.248507 0.000469 0.067510
1 4 0.153758 0.564047 0.217529 0.000311 0.064356
1 4 0.151179 0.620645 0.127165 0.000079 0.100932
1 4 0.162361 0.605267 0.122293 0.000095 0.109984
1 4 0.093249 0.657934 0.101567 0.000044 0.147206
1 4 0.139260 0.601703 0.111540 0.000114 0.147384
1 4 0.078244 0.524342 0.141477 0.000235 0.255702
1 4 0.091152 0.618662 0.121846 0.000133 0.168207
1 4 0.111291 0.595715 0.097179 0.000112 0.195703
1 4 0.121434 0.583257 0.086817 0.000101 0.208390
1 4 0.123864 0.558964 0.092598 0.000176 0.224399
1 4 0.219686 0.559374 0.122489 0.000133 0.098318
0 4 0.477166 0.138209 0.028208 0.003318 0.353099
0 4 0.565589 0.098380 0.020866 0.004360 0.310805
4 4 0.218280 0.097470 0.037196 0.010787 0.636267
4 4 0.234529 0.234944 0.069395 0.002470 0.458661
4 4 0.203988 0.255811 0.068346 0.001575 0.470280
4 4 0.305256 0.119064 0.035553 0.005482 0.534644
4 4 0.302405 0.191723 0.035387 0.001105 0.469380
4 4 0.138112 0.294866 0.099660 0.002026 0.465336
4 4 0.316881 0.179338 0.053738 0.003549 0.446494
4 4 0.234178 0.162032 0.041395 0.002176 0.560218
4 4 0.127264 0.174515 0.027174 0.000292 0.670756
4 4 0.117641 0.089508 0.015356 0.000587 0.776908
4 4 0.220326 0.071781 0.009487 0.000988 0.697419
4 4 0.314808 0.059027 0.007771 0.001644 0.616752
4 4 0.145186 0.077412 0.018807 0.002750 0.755845
0 4 0.620219 0.043438 0.012010 0.006475 0.317858
4 4 0.158225 0.155090 0.029668 0.000827 0.656190
0 4 0.461248 0.097092 0.015736 0.001876 0.424048
4 4 0.216150 0.075799 0.008204 0.000813 0.699033
4 4 0.334108 0.049687 0.007481 0.002585 0.606139
4 4 0.429719 0.042939 0.006808 0.002457 0.518076
4 4 0.197684 0.153274 0.013427 0.000174 0.635442
4 4 0.177641 0.096702 0.015277 0.000418 0.709961
0 4 0.499557 0.063404 0.008216 0.001466 0.427357
4 4 0.238389 0.084260 0.006612 0.000285 0.670454
4 4 0.387326 0.084528 0.006551 0.000543 0.521052
0 4 0.487914 0.038235 0.005799 0.001953 0.466099
4 4 0.249849 0.126998 0.008868 0.000233 0.614051
4 4 0.433889 0.081689 0.006022 0.000364 0.478035
4 4 0.141947 0.110354 0.013821 0.000274 0.733604
0 4 0.618893 0.069613 0.012385 0.002455 0.296654
0 4 0.501084 0.075203 0.007987 0.000935 0.414792
0 4 0.692057 0.039780 0.008588 0.002935 0.256642
4 4 0.145808 0.123901 0.017278 0.000512 0.712502
4 4 0.441177 0.066352 0.006749 0.000915 0.484808
4 4 0.297503 0.182410 0.009241 0.000074 0.510772
0 4 0.491834 0.165201 0.008077 0.000081 0.334807
4 4 0.098781 0.197652 0.044200 0.000441 0.658926
4 4 0.150699 0.179880 0.033516 0.000608 0.635297
4 4 0.301490 0.141806 0.014867 0.000393 0.541444
0 4 0.838966 0.075046 0.026370 0.003739 0.055880
0 4 0.449451 0.294844 0.045551 0.000613 0.209540
1 4 0.288977 0.387512 0.045424 0.000225 0.277862
1 4 0.325922 0.365252 0.055240 0.000502 0.253083
0 4 0.538944 0.302379 0.047395 0.000217 0.111066
1 4 0.327085 0.432699 0.056834 0.000140 0.183242
1 4 0.185337 0.446797 0.130066 0.000921 0.236878
1 4 0.202800 0.448826 0.130036 0.001170 0.217168
1 4 0.312877 0.450097 0.075209 0.000225 0.161593
1 4 0.196346 0.499814 0.069747 0.000164 0.233929
1 4 0.218621 0.490750 0.225355 0.000808 0.064466
1 4 0.122233 0.558815 0.239479 0.000564 0.078909
1 4 0.167161 0.534181 0.225402 0.000585 0.072671
1 4 0.187922 0.548240 0.198194 0.000301 0.065342
1 4 0.245757 0.481735 0.211318 0.000680 0.060510
1 4 0.244869 0.454293 0.237076 0.001365 0.062398
1 4 0.248861 0.468580 0.236433 0.000665 0.045461
1 4 0.222867 0.497993 0.233003 0.000455 0.045682
1 4 0.194758 0.496352 0.251601 0.000807 0.056481
1 4 0.259508 0.435282 0.236304 0.001932 0.066973
1 4 0.181374 0.548548 0.131038 0.000304 0.138736
0 0 0.598013 0.220342 0.122847 0.005633 0.053164
1 4 0.305012 0.497132 0.100512 0.000142 0.097203
1 4 0.113117 0.582303 0.123589 0.000237 0.180753
1 4 0.185754 0.519026 0.134662 0.000563 0.159994
1 4 0.182766 0.555770 0.150333 0.000298 0.110834
1 4 0.239263 0.472669 0.164041 0.001169 0.122859
1 4 0.146893 0.560073 0.181022 0.000470 0.111543
1 4 0.368414 0.394770 0.134384 0.001258 0.101173
0 4 0.538263 0.295857 0.084972 0.000872 0.080036
0 0 0.559634 0.276588 0.103769 0.001320 0.058689
0 4 0.404399 0.365725 0.110835 0.001331 0.117709
1 4 0.274542 0.363130 0.140251 0.002660 0.219418
0 4 0.429670 0.369809 0.106636 0.000754 0.093130
1 4 0.220894 0.499559 0.141537 0.000658 0.137352
0 4 0.528678 0.299107 0.068574 0.000649 0.102992
0 4 0.516575 0.274266 0.081385 0.002377 0.125396
0 4 0.710108 0.150816 0.034914 0.001997 0.102165
0 4 0.584428 0.231055 0.097562 0.004689 0.082265
1 4 0.235801 0.486947 0.140362 0.000736 0.136155
1 4 0.119554 0.575725 0.191117 0.000451 0.113154
1 4 0.130188 0.519110 0.214544 0.001519 0.134639
1 4 0.213725 0.424435 0.290210 0.003866 0.067763
1 4 0.082982 0.467002 0.341035 0.002001 0.106980
1 4 0.126653 0.462987 0.293304 0.002511 0.114546
1 2 0.076895 0.480249 0.337986 0.001376 0.103494
1 4 0.173597 0.469421 0.234015 0.002618 0.120348
1 2 0.094936 0.464126 0.344156 0.002481 0.094302
1 2 0.071873 0.516363 0.281163 0.001137 0.129464
2 2 0.025109 0.200686 0.705467 0.005392 0.063346
2 2 0.006503 0.083326 0.898724 0.006201 0.005247
2 1 0.029837 0.211393 0.742978 0.007056 0.008736
2 2 0.003372 0.104047 0.886220 0.001785 0.004576
2 2 0.008089 0.095886 0.889398 0.002190 0.004437
2 2 0.000507 0.019662 0.976855 0.002297 0.000679
2 2 0.000811 0.027439 0.969751 0.001247 0.000752
2 2 0.000579 0.049496 0.944556 0.000563 0.004805
2 2 0.001119 0.037662 0.957900 0.001677 0.001643
2 2 0.000434 0.020246 0.977419 0.001332 0.000569
2 1 0.051765 0.160071 0.769005 0.015776 0.003383
2 2 0.000657 0.036201 0.960803 0.001100 0.001239
2 2 0.000137 0.011857 0.986666 0.000942 0.000398
2 2 0.000701 0.037036 0.959530 0.001405 0.001328
2 2 0.000352 0.013810 0.984083 0.001494 0.000261
2 2 0.000215 0.004345 0.991011 0.004375 0.000054
2 2 0.000176 0.014231 0.984093 0.000995 0.000505
2 2 0.000177 0.012178 0.985901 0.001307 0.000437
2 2 0.000199 0.005415 0.991512 0.002803 0.000071
2 1 0.000942 0.023015 0.970407 0.004692 0.000945
2 2 0.000380 0.013938 0.982836 0.002440 0.000405
2 2 0.000128 0.007064 0.990416 0.002168 0.000224
2 2 0.000577 0.011779 0.982352 0.005023 0.000269
2 2 0.000202 0.009066 0.987485 0.002931 0.000315
2 2 0.000062 0.004550 0.991868 0.003254 0.000266
2 2 0.000357 0.009978 0.981745 0.007470 0.000450
2 2 0.000871 0.033816 0.960984 0.002736 0.001593
2 2 0.000097 0.003244 0.988108 0.008408 0.000143
2 3 0.000086 0.002781 0.988796 0.008236 0.000102
2 2 0.000479 0.013874 0.977841 0.007033 0.000772
2 2 0.000067 0.005494 0.990070 0.003872 0.000497
2 2 0.000606 0.016892 0.977877 0.004064 0.000561
2 1 0.009150 0.041408 0.933390 0.015422 0.000630
2 2 0.000682 0.007579 0.974663 0.016871 0.000205
2 2 0.000272 0.016378 0.976624 0.004834 0.001892
2 2 0.000660 0.015284 0.977933 0.005589 0.000534
2 2 0.000410 0.011678 0.981596 0.005779 0.000536
2 2 0.000275 0.007026 0.986277 0.006201 0.000221
2 3 0.000338 0.004454 0.983239 0.011882 0.000086
2 2 0.001233 0.033864 0.956349 0.006332 0.002222
2 3 0.000160 0.004852 0.987521 0.007271 0.000196
2 3 0.001042 0.022595 0.972719 0.003189 0.000455
2 2 0.002596 0.043774 0.947846 0.004555 0.001228
2 2 0.000629 0.017513 0.978072 0.003311 0.000475
2 2 0.000796 0.019713 0.973953 0.004865 0.000672
2 2 0.000939 0.017435 0.975929 0.005277 0.000421
2 2 0.000361 0.005967 0.985226 0.008317 0.000128
2 2 0.003330 0.040649 0.947926 0.007056 0.001040
2 2 0.007535 0.067001 0.915929 0.008072 0.001463
2 2 0.000703 0.020377 0.973742 0.004331 0.000847
2 2 0.001444 0.026905 0.964975 0.005791 0.000885
2 3 0.000840 0.004668 0.956818 0.037584 0.000090
2 2 0.001222 0.024578 0.966379 0.006821 0.001000
2 3 0.000378 0.004001 0.973652 0.021870 0.000099
2 2 0.000828 0.019582 0.969606 0.008784 0.001200
2 2 0.001048 0.013461 0.963623 0.021135 0.000733
2 2 0.001057 0.010652 0.969232 0.018739 0.000320
2 2 0.000235 0.005520 0.981652 0.012297 0.000296
2 2 0.000544 0.012361 0.970635 0.015424 0.001036
2 2 0.000758 0.006547 0.971054 0.021492 0.000149
2 2 0.000278 0.005317 0.979099 0.015065 0.000242
2 2 0.000691 0.008227 0.964096 0.026532 0.000453
2 2 0.000742 0.006485 0.944134 0.048257 0.000382
2 2 0.000449 0.007930 0.973475 0.017653 0.000493
2 2 0.000757 0.006447 0.957178 0.035364 0.000254
2 3 0.001259 0.006503 0.938059 0.053972 0.000207
2 2 0.000287 0.003534 0.948519 0.047411 0.000250
