0 0 0.916519 0.044614 0.002073 0.000001 0.036794
0 0 0.904240 0.060956 0.005066 0.000009 0.029729
0 0 0.905237 0.059974 0.004853 0.000008 0.029928
0 0 0.946514 0.029433 0.001198 0.000000 0.022855
0 0 0.954690 0.027847 0.001425 0.000001 0.016037
0 0 0.554938 0.214609 0.020131 0.000060 0.210263
0 0 0.348756 0.302752 0.045768 0.000459 0.302266
1 0 0.163726 0.461728 0.111763 0.000263 0.262520
1 1 0.110859 0.499517 0.176089 0.000702 0.212832
1 1 0.125948 0.488515 0.138427 0.000263 0.246847
4 1 0.000684 0.104150 0.038574 0.000000 0.856592
4 1 0.000366 0.069805 0.026992 0.000000 0.902838
4 1 0.001013 0.103049 0.021833 0.000000 0.874105
4 1 0.000457 0.104264 0.045572 0.000000 0.849708
4 1 0.000966 0.095322 0.032815 0.000000 0.870897
4 1 0.001305 0.068949 0.013642 0.000000 0.916104
4 1 0.001068 0.075303 0.025958 0.000000 0.897671
4 1 0.000480 0.067112 0.025742 0.000000 0.906667
4 1 0.000468 0.085447 0.033509 0.000000 0.880576
4 4 0.001481 0.036232 0.006778 0.000000 0.955509
4 4 0.004855 0.046594 0.014988 0.000003 0.933560
4 4 0.005934 0.083080 0.024578 0.000001 0.886407
4 4 0.005556 0.066759 0.027646 0.000009 0.900030
4 4 0.000548 0.134904 0.088517 0.000000 0.776031
4 4 0.001338 0.177354 0.113380 0.000000 0.707927
4 4 0.000817 0.149756 0.138654 0.000000 0.710772
4 4 0.001189 0.187151 0.106043 0.000000 0.705618
4 1 0.000757 0.148354 0.149153 0.000000 0.701736
4 1 0.001326 0.146485 0.100949 0.000000 0.751240
4 1 0.002252 0.223759 0.126806 0.000000 0.647183
2 1 0.000986 0.208359 0.752501 0.000237 0.037916
2 1 0.000790 0.163530 0.813870 0.000233 0.021577
2 1 0.000375 0.054997 0.937097 0.000911 0.006620
2 2 0.000524 0.054026 0.936573 0.001896 0.006982
2 2 0.000370 0.074239 0.916593 0.000394 0.008404
2 2 0.000005 0.004013 0.995534 0.000113 0.000335
2 2 0.000006 0.002961 0.996279 0.000474 0.000280
2 2 0.000005 0.003298 0.996238 0.000175 0.000284
2 2 0.000003 0.001518 0.997608 0.000727 0.000144
2 2 0.000001 0.000537 0.998925 0.000475 0.000063
2 2 0.000005 0.000600 0.991464 0.007885 0.000046
2 2 0.000005 0.000287 0.989771 0.009928 0.000010
2 2 0.000001 0.000136 0.994198 0.005657 0.000008
2 2 0.000003 0.000241 0.991392 0.008353 0.000011
2 2 0.000002 0.000072 0.912524 0.087398 0.000003
2 2 0.000019 0.000465 0.958866 0.040631 0.000019
2 2 0.000015 0.000367 0.959391 0.040214 0.000013
2 2 0.000008 0.000164 0.934005 0.065818 0.000005
2 2 0.001917 0.013481 0.945758 0.038392 0.000452
2 2 0.000119 0.002436 0.955094 0.042209 0.000142
2 2 0.000043 0.000554 0.898794 0.100586 0.000022
2 2 0.000014 0.000149 0.891111 0.108722 0.000003
2 2 0.000014 0.000098 0.814492 0.185393 0.000002
2 2 0.000055 0.000865 0.924786 0.074254 0.000040
2 2 0.000026 0.000124 0.610288 0.389559 0.000004
2 3 0.000009 0.000038 0.676798 0.323155 0.000001
2 3 0.000039 0.000115 0.523669 0.476175 0.000003
2 3 0.000066 0.000416 0.697824 0.301677 0.000018
2 3 0.000185 0.001066 0.773867 0.224839 0.000044
3 3 0.000069 0.000266 0.489148 0.510506 0.000011
3 3 0.000104 0.000262 0.476796 0.522831 0.000008
3 3 0.000074 0.000229 0.465340 0.534348 0.000008
3 3 0.000094 0.000197 0.436379 0.563325 0.000005
2 3 0.000019 0.000077 0.593633 0.406270 0.000002
3 3 0.000056 0.000102 0.435803 0.564037 0.000002
3 3 0.000032 0.000056 0.365508 0.634404 0.000001
3 3 0.000168 0.000347 0.353483 0.645986 0.000016
3 3 0.000897 0.001073 0.371892 0.626106 0.000033
3 3 0.000184 0.000310 0.355120 0.644376 0.000009
2 3 0.000206 0.000607 0.591044 0.408124 0.000019
3 3 0.000105 0.000186 0.325802 0.673902 0.000006
3 3 0.000135 0.000185 0.248425 0.751248 0.000006
3 3 0.000130 0.000103 0.199620 0.800145 0.000002
3 3 0.000026 0.000040 0.210638 0.789295 0.000001
3 3 0.000085 0.000090 0.189942 0.809880 0.000003
3 3 0.000214 0.000163 0.164665 0.834953 0.000005
3 3 0.000055 0.000057 0.161849 0.838037 0.000002
3 3 0.000121 0.000126 0.213612 0.786138 0.000003
3 3 0.000123 0.000117 0.203578 0.796179 0.000003
3 3 0.000061 0.000043 0.127793 0.872102 0.000001
3 3 0.000120 0.000108 0.131579 0.868187 0.000005
3 3 0.000113 0.000172 0.175878 0.823825 0.000013
3 3 0.000082 0.000101 0.150866 0.848945 0.000006
3 3 0.000106 0.000090 0.103645 0.896153 0.000005
3 3 0.000139 0.000152 0.145325 0.854375 0.000009
3 3 0.000018 0.000018 0.118514 0.881449 0.000001
3 3 0.000148 0.000133 0.107278 0.892431 0.000010
3 3 0.000054 0.000052 0.089704 0.910186 0.000004
3 3 0.000048 0.000044 0.083285 0.916619 0.000003
3 3 0.000058 0.000082 0.148088 0.851766 0.000006
3 3 0.000063 0.000040 0.074445 0.925451 0.000002
3 3 0.000305 0.000158 0.060495 0.939027 0.000015
3 3 0.000210 0.000115 0.069839 0.929827 0.000008
3 3 0.000183 0.000100 0.064547 0.935163 0.000008
3 3 0.000275 0.000116 0.068353 0.931249 0.000006
3 3 0.000110 0.000053 0.064672 0.935162 0.000003
3 3 0.000095 0.000047 0.051773 0.948081 0.000003
3 3 0.000279 0.000146 0.052649 0.946909 0.000017
3 3 0.000216 0.000128 0.062566 0.937077 0.000012
3 3 0.000096 0.000036 0.056272 0.943594 0.000001
3 3 0.000144 0.000078 0.048686 0.951084 0.000008
3 3 0.000086 0.000058 0.059180 0.940671 0.000005
3 3 0.000113 0.000074 0.045502 0.954301 0.000011
3 3 0.000112 0.000073 0.055742 0.944067 0.000008
3 3 0.000096 0.000051 0.053380 0.946470 0.000004
3 3 0.000132 0.000071 0.047972 0.951817 0.000007
3 3 0.000619 0.000363 0.056167 0.942790 0.000062
3 3 0.000524 0.000358 0.070037 0.929029 0.000052
3 3 0.000120 0.000062 0.044935 0.954877 0.000006
3 3 0.000261 0.000148 0.047304 0.952264 0.000022
3 3 0.000161 0.000093 0.048634 0.951101 0.000011
3 3 0.000325 0.000178 0.052875 0.946598 0.000023
3 3 0.000086 0.000046 0.044436 0.955428 0.000004
3 3 0.000045 0.000025 0.042938 0.956990 0.000002
3 3 0.000096 0.000067 0.059592 0.940238 0.000007
3 3 0.000215 0.000115 0.042224 0.957430 0.000017
3 3 0.000159 0.000090 0.038593 0.961143 0.000015
3 3 0.000233 0.000139 0.057639 0.941973 0.000016
3 3 0.000090 0.000043 0.042173 0.957689 0.000004
3 3 0.000020 0.000011 0.043660 0.956307 0.000001
3 3 0.000212 0.000139 0.050383 0.949245 0.000022
3 3 0.000588 0.000375 0.070144 0.928843 0.000051
3 3 0.000112 0.000056 0.044843 0.954983 0.000005
3 3 0.000109 0.000046 0.042165 0.957677 0.000004
3 3 0.000048 0.000020 0.042240 0.957690 0.000001
3 3 0.000348 0.000227 0.053956 0.945430 0.000039
3 3 0.000541 0.000268 0.051054 0.948100 0.000038
3 3 0.000139 0.000064 0.037692 0.962098 0.000007
3 3 0.000752 0.000508 0.046483 0.952102 0.000156
3 3 0.000120 0.000050 0.036355 0.963471 0.000005
3 3 0.000150 0.000053 0.045278 0.954516 0.000003
3 3 0.000170 0.000079 0.040097 0.959645 0.000009
3 3 0.000243 0.000135 0.067074 0.932536 0.000011
3 3 0.000061 0.000020 0.041962 0.957956 0.000001
3 3 0.000246 0.000116 0.047745 0.951881 0.000012
3 3 0.000042 0.000021 0.042457 0.957479 0.000001
3 3 0.000163 0.000065 0.051568 0.948199 0.000004
3 3 0.000408 0.000181 0.051043 0.948350 0.000019
3 3 0.000549 0.000194 0.036145 0.963084 0.000027
3 3 0.000461 0.000135 0.070934 0.928465 0.000005
3 3 0.000489 0.000181 0.161599 0.837728 0.000002
3 3 0.000394 0.000194 0.181384 0.818025 0.000003
3 3 0.000427 0.000174 0.170823 0.828573 0.000002
3 3 0.000235 0.000090 0.168281 0.831392 0.000001
3 3 0.000313 0.000142 0.236540 0.763003 0.000001
3 3 0.001229 0.001104 0.333486 0.664152 0.000029
3 3 0.007272 0.005154 0.428223 0.559224 0.000127
3 3 0.001123 0.001229 0.387860 0.609754 0.000034
2 3 0.001919 0.004197 0.692215 0.301536 0.000134
3 3 0.000778 0.000994 0.477793 0.520412 0.000023
2 3 0.000080 0.005050 0.968564 0.025293 0.001013
2 2 0.000667 0.009214 0.914721 0.074596 0.000802
2 2 0.000755 0.010668 0.892971 0.094414 0.001193
2 2 0.000213 0.005969 0.953469 0.039689 0.000659
2 2 0.000293 0.026009 0.927104 0.023531 0.023062
2 4 0.001039 0.057918 0.835453 0.039242 0.066349
2 4 0.000466 0.045329 0.929408 0.006783 0.018013
2 4 0.001388 0.110280 0.787378 0.009545 0.091409
2 4 0.001200 0.113064 0.809327 0.005466 0.070943
2 4 0.001168 0.100127 0.834904 0.006674 0.057126
2 4 0.000283 0.033393 0.932936 0.009806 0.023582
2 2 0.001301 0.096923 0.841183 0.008430 0.052163
2 2 0.001705 0.083184 0.848705 0.020792 0.045614
2 2 0.000061 0.011427 0.963966 0.012023 0.012523
2 2 0.000010 0.005079 0.991550 0.001175 0.002187
2 2 0.001079 0.076124 0.888340 0.007693 0.026764
2 2 0.000006 0.002411 0.990200 0.005598 0.001785
2 2 0.000055 0.015107 0.969597 0.003640 0.011601
2 2 0.000004 0.002334 0.996234 0.000485 0.000943
2 2 0.000524 0.062560 0.920738 0.002196 0.013982
2 2 0.000104 0.009547 0.984432 0.004868 0.001049
2 2 0.000229 0.028288 0.966023 0.001946 0.003514
2 2 0.000019 0.009058 0.989838 0.000233 0.000852
2 2 0.000126 0.033681 0.962251 0.000359 0.003583
2 2 0.000055 0.009408 0.989058 0.000811 0.000667
2 2 0.000002 0.001234 0.998281 0.000390 0.000093
2 2 0.000003 0.001847 0.997740 0.000251 0.000159
2 2 0.000014 0.005763 0.993266 0.000400 0.000557
2 2 0.000009 0.003945 0.995214 0.000455 0.000377
2 2 0.000029 0.008477 0.990020 0.000631 0.000843
2 2 0.000213 0.013916 0.978812 0.005703 0.001355
2 2 0.000304 0.014790 0.972806 0.010524 0.001576
2 2 0.000119 0.006240 0.985787 0.007414 0.000441
2 2 0.000372 0.012590 0.971639 0.014331 0.001068
2 2 0.001406 0.030572 0.928484 0.035626 0.003912
2 2 0.001236 0.051031 0.927190 0.012613 0.007929
2 2 0.016451 0.115026 0.827582 0.033121 0.007820
2 2 0.014164 0.115995 0.803742 0.053600 0.012499
2 2 0.007689 0.198848 0.747936 0.011329 0.034199
2 2 0.001234 0.071217 0.912027 0.005161 0.010360
2 2 0.000909 0.069477 0.917106 0.002960 0.009548
2 2 0.007624 0.227677 0.719255 0.007376 0.038068
2 2 0.006109 0.288990 0.658591 0.002201 0.044108
2 2 0.002676 0.139437 0.833263 0.003847 0.020778
2 2 0.000097 0.018046 0.978718 0.001082 0.002058
2 2 0.000651 0.047892 0.941058 0.003924 0.006475
2 2 0.000160 0.030888 0.964710 0.000737 0.003506
2 2 0.003585 0.149717 0.817696 0.005665 0.023338
2 2 0.029325 0.228288 0.660224 0.049250 0.032913
2 2 0.005538 0.200208 0.756297 0.005772 0.032184
2 2 0.068647 0.419602 0.429579 0.009309 0.072864
2 2 0.018821 0.426932 0.473580 0.004848 0.075819
2 2 0.027528 0.433508 0.446773 0.009299 0.082892
2 1 0.025799 0.358053 0.529674 0.014247 0.072227
2 1 0.089600 0.376648 0.432548 0.014222 0.086981
2 1 0.021895 0.437069 0.454541 0.005032 0.081464
1 1 0.020555 0.452371 0.434951 0.002149 0.089974
2 1 0.012969 0.412356 0.503579 0.002714 0.068382
2 2 0.005345 0.324849 0.621500 0.001129 0.047177
2 2 0.002470 0.235765 0.728552 0.000493 0.032720
2 2 0.001850 0.130574 0.847089 0.002192 0.018296
2 2 0.007833 0.227665 0.727399 0.005644 0.031458
2 1 0.013790 0.366278 0.552185 0.004826 0.062921
2 1 0.004941 0.311281 0.637795 0.001117 0.044866
2 1 0.004893 0.298254 0.652324 0.001266 0.043262
2 1 0.001654 0.156877 0.819710 0.001028 0.020731
2 2 0.000307 0.045442 0.947789 0.001008 0.005454
2 2 0.000085 0.013758 0.984189 0.000869 0.001099
2 2 0.000124 0.029207 0.966976 0.000508 0.003185
2 2 0.000746 0.087251 0.899925 0.001061 0.011018
2 2 0.000879 0.028122 0.957355 0.011098 0.002546
2 2 0.000382 0.023658 0.967831 0.005551 0.002578
2 2 0.000496 0.015930 0.969983 0.012322 0.001268
2 2 0.000631 0.042415 0.945700 0.005285 0.005968
2 2 0.002402 0.093141 0.880200 0.009557 0.014700
2 2 0.000560 0.022000 0.965848 0.009541 0.002051
2 2 0.028236 0.120677 0.748291 0.092632 0.010164
2 2 0.023310 0.259345 0.634791 0.035309 0.047244
2 2 0.039838 0.293674 0.544820 0.062503 0.059165
2 1 0.013908 0.315833 0.583095 0.010612 0.076552
1 1 0.139457 0.419215 0.208162 0.020437 0.212729
0 1 0.456138 0.306911 0.137029 0.015585 0.084337
1 0 0.066322 0.455729 0.272482 0.005344 0.200124
1 0 0.040556 0.469498 0.377433 0.006466 0.106047
1 1 0.022906 0.457123 0.424257 0.002416 0.093297
1 1 0.038520 0.431553 0.383240 0.013293 0.133394
1 1 0.028113 0.453049 0.421841 0.005247 0.091750
1 1 0.022220 0.449287 0.437010 0.003125 0.088359
1 1 0.035460 0.465962 0.391085 0.005487 0.102006
1 1 0.144856 0.461651 0.262247 0.017015 0.114231
2 1 0.030245 0.433551 0.452995 0.009163 0.074045
2 1 0.014795 0.417732 0.493179 0.003331 0.070963
2 1 0.030658 0.311238 0.614893 0.012350 0.030862
1 1 0.044916 0.438798 0.423144 0.016401 0.076741
2 1 0.022473 0.433057 0.458577 0.006399 0.079494
2 1 0.099900 0.286223 0.495465 0.087115 0.031296
2 1 0.020544 0.423620 0.480826 0.005155 0.069855
2 1 0.009672 0.399735 0.526017 0.001723 0.062854
2 1 0.007198 0.386369 0.547728 0.001092 0.057613
2 1 0.012332 0.410246 0.507503 0.002510 0.067410
0 1 0.825120 0.114996 0.015859 0.000129 0.043896
0 0 0.921721 0.051284 0.004277 0.000008 0.022711
0 0 0.550020 0.270448 0.053053 0.001307 0.125172
1 0 0.253995 0.434080 0.131793 0.002359 0.177774
0 0 0.876426 0.081433 0.009019 0.000038 0.033084
0 0 0.921231 0.054553 0.005922 0.000023 0.018271
0 0 0.576840 0.263456 0.061854 0.002525 0.095325
1 0 0.227738 0.438415 0.130304 0.002805 0.200738
0 0 0.596473 0.241164 0.040778 0.000647 0.120939
0 1 0.381352 0.353162 0.087976 0.004554 0.172956
4 1 0.021943 0.269939 0.177292 0.000774 0.530052
4 1 0.007957 0.291065 0.252997 0.000117 0.447864
4 1 0.021629 0.326665 0.200785 0.000284 0.450636
4 1 0.018645 0.327596 0.195078 0.000134 0.458547
4 1 0.012898 0.287065 0.156518 0.000028 0.543491
4 1 0.010477 0.219118 0.172034 0.000324 0.598046
4 1 0.006229 0.295531 0.286231 0.000098 0.411910
4 1 0.020722 0.280510 0.156680 0.000188 0.541900
4 1 0.077622 0.281553 0.094360 0.000621 0.545844
1 1 0.039551 0.429368 0.200768 0.000184 0.330129
0 0 0.552026 0.278567 0.076474 0.004915 0.088018
0 0 0.527369 0.289437 0.089952 0.008346 0.084895
0 0 0.373155 0.322107 0.093748 0.008348 0.202642
0 0 0.707280 0.190322 0.039360 0.001070 0.061969
0 0 0.682228 0.206023 0.047362 0.001757 0.062630
0 0 0.758178 0.161769 0.037791 0.001424 0.040838
0 0 0.722253 0.183289 0.044622 0.001920 0.047917
0 0 0.702363 0.194405 0.044096 0.001563 0.057573
0 0 0.729879 0.178255 0.039544 0.001301 0.051020
1 0 0.161470 0.469253 0.176527 0.004918 0.187832
4 1 0.005146 0.196463 0.156687 0.000038 0.641666
4 1 0.006881 0.165832 0.105709 0.000036 0.721542
4 1 0.004457 0.220932 0.140236 0.000004 0.634372
4 1 0.006448 0.175588 0.112939 0.000026 0.704998
4 1 0.004433 0.168172 0.102645 0.000005 0.724744
4 1 0.008924 0.143107 0.076126 0.000038 0.771806
4 1 0.007063 0.164119 0.100510 0.000031 0.728278
4 1 0.010060 0.100963 0.050212 0.000091 0.838674
4 4 0.082084 0.094833 0.017193 0.000187 0.805704
4 4 0.051106 0.273587 0.090385 0.000137 0.584785
1 4 0.072157 0.451940 0.219877 0.001800 0.254226
1 4 0.094007 0.439897 0.209890 0.004334 0.251871
0 0 0.394251 0.266158 0.040631 0.000557 0.298402
4 0 0.071822 0.205502 0.088072 0.003447 0.631157
4 0 0.123257 0.171138 0.061312 0.003790 0.640503
4 0 0.101907 0.237865 0.081179 0.002874 0.576176
4 0 0.093539 0.351855 0.158602 0.005167 0.390837
4 0 0.042835 0.354086 0.215022 0.002425 0.385633
1 0 0.089229 0.390367 0.148770 0.001055 0.370579
4 1 0.032352 0.364195 0.212612 0.000633 0.390208
1 1 0.298510 0.369381 0.093209 0.005287 0.233613
4 4 0.066985 0.268895 0.131411 0.003864 0.528846
4 4 0.093378 0.354456 0.171056 0.008040 0.373071
1 4 0.065840 0.428964 0.219908 0.002130 0.283158
4 4 0.039123 0.351956 0.221257 0.002261 0.385403
4 4 0.039835 0.336098 0.207233 0.002380 0.414453
1 4 0.045843 0.374666 0.241604 0.004022 0.333866
1 4 0.026873 0.364314 0.266132 0.001515 0.341166
1 4 0.016222 0.395800 0.349717 0.000742 0.237519
1 4 0.023267 0.388494 0.274955 0.000617 0.312667
1 4 0.046324 0.409968 0.265018 0.003354 0.275335
2 4 0.053954 0.359887 0.394368 0.012804 0.178987
1 4 0.027291 0.440732 0.394646 0.003900 0.133431
1 4 0.049697 0.383421 0.305588 0.021500 0.239793
1 1 0.039163 0.487806 0.340540 0.001971 0.130521
1 1 0.196112 0.381446 0.168790 0.041318 0.212334
1 1 0.027816 0.404524 0.357392 0.004782 0.205486
1 1 0.022121 0.359280 0.342558 0.004863 0.271177
1 1 0.018125 0.381291 0.339897 0.001291 0.259396
1 1 0.134976 0.444228 0.207028 0.012029 0.201739
4 1 0.057689 0.267562 0.143066 0.006064 0.525619
4 1 0.040014 0.260179 0.137951 0.001671 0.560184
4 1 0.091968 0.261692 0.160401 0.004644 0.481295
4 1 0.075295 0.260716 0.130897 0.003006 0.530086
4 1 0.038062 0.331827 0.178689 0.000827 0.450595
4 1 0.030530 0.331134 0.226361 0.001944 0.410030
4 1 0.187878 0.247351 0.073701 0.009039 0.482030
4 1 0.057849 0.233748 0.120860 0.006905 0.580637
4 1 0.078534 0.288179 0.106159 0.001167 0.525962
4 1 0.212970 0.269865 0.097766 0.007731 0.411668
0 1 0.452063 0.329045 0.097689 0.008098 0.113105
1 1 0.127155 0.479779 0.220527 0.007818 0.164721
1 1 0.325094 0.401784 0.153674 0.007295 0.112153
1 1 0.336045 0.395181 0.166726 0.008482 0.093566
1 1 0.050003 0.488894 0.335450 0.003503 0.122150
1 1 0.054846 0.459556 0.375333 0.014179 0.096087
0 1 0.626709 0.236428 0.075440 0.007109 0.054314
0 0 0.626027 0.238543 0.063345 0.003615 0.068471
1 0 0.365403 0.366733 0.130056 0.018383 0.119426
1 0 0.100820 0.488990 0.247469 0.006293 0.156427
0 0 0.862517 0.092427 0.012183 0.000085 0.032789
1 0 0.278927 0.397270 0.084849 0.000859 0.238096
0 0 0.894155 0.073805 0.010259 0.000081 0.021701
0 0 0.992843 0.005361 0.000248 0.000000 0.001548
0 0 0.995100 0.003863 0.000199 0.000000 0.000838
0 0 0.977596 0.017070 0.001627 0.000004 0.003703
0 0 0.989887 0.007635 0.000435 0.000000 0.002043
0 0 0.985754 0.010312 0.000561 0.000000 0.003372
0 0 0.977716 0.015991 0.001042 0.000001 0.005250
0 0 0.848766 0.099871 0.012728 0.000081 0.038554
4 0 0.030712 0.027485 0.006179 0.000603 0.935021
4 0 0.015603 0.068064 0.026100 0.000202 0.890031
4 0 0.025003 0.022424 0.004325 0.000171 0.948077
4 1 0.005498 0.035251 0.014501 0.000043 0.944707
4 4 0.014096 0.033483 0.011505 0.000414 0.940502
4 4 0.016268 0.011522 0.002823 0.000107 0.969280
4 4 0.023001 0.014978 0.002355 0.000089 0.959577
4 4 0.013695 0.026465 0.006778 0.000091 0.952971
4 4 0.029533 0.018306 0.002658 0.000075 0.949429
4 4 0.027965 0.010640 0.000860 0.000004 0.960531
0 4 0.719543 0.103330 0.007449 0.000011 0.169668
4 4 0.273645 0.104182 0.013331 0.000155 0.608687
4 4 0.071309 0.067865 0.015976 0.001443 0.843407
4 4 0.237117 0.102539 0.018052 0.000575 0.641716
4 4 0.149263 0.088496 0.016227 0.000623 0.745392
4 4 0.220555 0.091485 0.014937 0.000391 0.672631
4 4 0.195069 0.150371 0.034140 0.002154 0.618266
4 4 0.212088 0.077782 0.014838 0.000660 0.694632
4 4 0.163224 0.112614 0.022659 0.001081 0.700421
4 4 0.182779 0.166380 0.036985 0.002123 0.611733
4 4 0.041994 0.032201 0.005875 0.000291 0.919640
4 4 0.037836 0.028971 0.005322 0.000277 0.927593
4 4 0.045530 0.031229 0.004946 0.000159 0.918136
4 4 0.026505 0.053465 0.016452 0.000551 0.903027
4 4 0.030530 0.022331 0.003950 0.000195 0.942994
4 4 0.024762 0.044052 0.013220 0.000600 0.917366
4 4 0.042990 0.034062 0.006452 0.000355 0.916141
4 4 0.033905 0.024740 0.004327 0.000201 0.936828
4 4 0.037217 0.042145 0.009619 0.000440 0.910579
4 4 0.040999 0.043181 0.011294 0.001485 0.903042
4 4 0.016937 0.151887 0.083936 0.000417 0.746823
4 4 0.042868 0.040412 0.011545 0.000873 0.904303
4 4 0.031038 0.215884 0.089326 0.000200 0.663552
4 4 0.017969 0.155620 0.079959 0.000294 0.746159
4 4 0.009173 0.154542 0.100484 0.000137 0.735664
4 4 0.016294 0.110586 0.050203 0.000214 0.822703
4 4 0.115686 0.079949 0.011762 0.000236 0.792368
4 4 0.069932 0.044578 0.006230 0.000125 0.879135
4 4 0.015858 0.093236 0.045623 0.000506 0.844778
4 4 0.010467 0.184295 0.114379 0.000101 0.690758
4 4 0.008302 0.089657 0.060553 0.000126 0.841362
4 4 0.000805 0.125074 0.166321 0.000005 0.707795
4 4 0.005691 0.138112 0.085547 0.000024 0.770626
4 4 0.001346 0.093200 0.129965 0.000049 0.775439
4 4 0.001307 0.141989 0.151498 0.000005 0.705200
4 4 0.001570 0.137675 0.135159 0.000006 0.725590
4 4 0.002525 0.150673 0.181336 0.000100 0.665366
4 4 0.003844 0.092252 0.144728 0.000123 0.759053
4 4 0.002379 0.145351 0.144763 0.000024 0.707484
4 4 0.001340 0.145634 0.176559 0.000012 0.676455
4 4 0.000982 0.223006 0.381240 0.000007 0.394766
4 4 0.000613 0.195882 0.390007 0.000009 0.413489
2 1 0.000336 0.198393 0.456359 0.000003 0.344909
2 1 0.000295 0.128800 0.461739 0.000011 0.409155
4 1 0.001031 0.194177 0.333008 0.000021 0.471762
2 1 0.000464 0.143253 0.456727 0.000021 0.399536
4 1 0.001084 0.220370 0.372158 0.000019 0.406370
4 1 0.001429 0.233121 0.300973 0.000007 0.464471
2 1 0.001229 0.258082 0.385545 0.000008 0.355136
4 1 0.000768 0.197345 0.377080 0.000012 0.424795
4 1 0.016377 0.330787 0.319619 0.002265 0.330952
4 1 0.079282 0.322265 0.172738 0.007183 0.418531
1 1 0.015596 0.338564 0.335149 0.002113 0.308578
4 1 0.026780 0.285778 0.234958 0.001968 0.450517
0 0 0.324278 0.257063 0.198554 0.017847 0.202258
1 1 0.021946 0.350317 0.299411 0.002390 0.325937
1 1 0.027497 0.351738 0.284629 0.003633 0.332503
1 1 0.076777 0.441131 0.254723 0.007724 0.219645
1 1 0.123146 0.441075 0.222191 0.015630 0.197958
1 1 0.184500 0.448034 0.159637 0.006031 0.201798
2 1 0.004658 0.246118 0.646581 0.002310 0.100333
2 1 0.002423 0.154875 0.701772 0.003702 0.137228
2 1 0.002145 0.209017 0.657750 0.002614 0.128473
2 1 0.003989 0.239141 0.629946 0.004694 0.122231
2 1 0.001490 0.148157 0.738897 0.004252 0.107204
2 1 0.000525 0.099607 0.834122 0.001094 0.064653
2 1 0.000042 0.012730 0.977628 0.002465 0.007136
2 2 0.000010 0.007431 0.986190 0.000242 0.006127
2 2 0.000017 0.008589 0.984067 0.000763 0.006563
2 2 0.000063 0.015881 0.971460 0.002028 0.010568
2 2 0.000003 0.002919 0.993971 0.000698 0.002410
2 2 0.000162 0.049357 0.924565 0.000967 0.024949
2 2 0.000003 0.004189 0.994539 0.000130 0.001139
2 2 0.000011 0.009216 0.988078 0.000206 0.002488
2 2 0.000010 0.006994 0.990755 0.000240 0.002000
2 2 0.000005 0.003618 0.993430 0.000892 0.002055
2 2 0.000020 0.014719 0.979483 0.000287 0.005490
2 2 0.000015 0.008961 0.986924 0.000473 0.003628
2 2 0.002505 0.133226 0.840767 0.003055 0.020447
2 2 0.000003 0.002279 0.996656 0.000309 0.000753
2 2 0.000000 0.000602 0.999041 0.000213 0.000143
2 2 0.000011 0.004333 0.992989 0.001464 0.001204
2 2 0.000001 0.001525 0.997959 0.000221 0.000293
2 2 0.000004 0.002892 0.995344 0.000729 0.001031
2 2 0.000000 0.000774 0.998787 0.000194 0.000245
2 2 0.000001 0.001215 0.998005 0.000446 0.000332
2 2 0.000000 0.000188 0.998661 0.001109 0.000043
2 2 0.000004 0.001528 0.992919 0.004763 0.000786
2 2 0.000000 0.000317 0.998549 0.001034 0.000099
2 2 0.000001 0.000752 0.997649 0.001276 0.000322
2 2 0.000363 0.030651 0.959216 0.004813 0.004957
2 2 0.000019 0.002482 0.986059 0.010931 0.000509
2 2 0.000060 0.006023 0.981451 0.011207 0.001260
2 2 0.000087 0.010101 0.984581 0.003967 0.001264
2 2 0.002304 0.030970 0.929570 0.034712 0.002444
2 2 0.001040 0.019742 0.944028 0.033364 0.001827
2 2 0.000195 0.002970 0.927005 0.069642 0.000189
2 2 0.000141 0.013497 0.979552 0.005049 0.001760
2 2 0.000061 0.006560 0.985855 0.006586 0.000937
2 2 0.000129 0.013925 0.980299 0.003874 0.001772
2 2 0.001310 0.039020 0.924818 0.028386 0.006467
2 2 0.000125 0.007648 0.969553 0.021289 0.001384
2 2 0.000095 0.005447 0.963927 0.029508 0.001022
2 2 0.000047 0.003241 0.966314 0.029757 0.000641
2 2 0.000285 0.006017 0.933222 0.059875 0.000600
2 2 0.000161 0.006424 0.963756 0.028878 0.000782
2 2 0.001179 0.015872 0.885310 0.095726 0.001913
2 2 0.000143 0.002929 0.921994 0.074674 0.000260
2 2 0.000030 0.002784 0.977452 0.019169 0.000566
2 2 0.000359 0.009410 0.953231 0.036020 0.000980
2 2 0.001060 0.007079 0.792441 0.198864 0.000556
2 2 0.000394 0.007557 0.949128 0.042326 0.000595
2 2 0.013087 0.090816 0.825811 0.062105 0.008181
2 2 0.000525 0.010900 0.922643 0.064570 0.001362
2 2 0.000010 0.000936 0.981665 0.017287 0.000102
2 2 0.000049 0.004349 0.974698 0.019815 0.001090
2 2 0.000359 0.019132 0.952907 0.022681 0.004921
2 2 0.000096 0.007524 0.978276 0.012823 0.001281
2 2 0.000339 0.006077 0.874526 0.118142 0.000917
2 2 0.000107 0.003880 0.961833 0.033781 0.000399
2 2 0.000309 0.013354 0.945008 0.038082 0.003248
2 2 0.000578 0.021759 0.942556 0.030807 0.004299
2 2 0.001130 0.021566 0.873446 0.099247 0.004611
2 2 0.000041 0.001563 0.949325 0.048899 0.000172
2 2 0.000423 0.016226 0.944382 0.035703 0.003266
2 2 0.000088 0.001809 0.874009 0.123871 0.000223
2 2 0.001369 0.027767 0.868928 0.093956 0.007980
2 2 0.003063 0.035723 0.878702 0.078205 0.004306
2 2 0.029696 0.076890 0.715796 0.172505 0.005112
2 2 0.013338 0.184677 0.742383 0.029970 0.029632
2 2 0.010770 0.252837 0.690396 0.008132 0.037864
2 2 0.022475 0.356406 0.539553 0.013634 0.067933
2 2 0.037609 0.417463 0.470305 0.012175 0.062449
2 2 0.117764 0.403505 0.418091 0.020772 0.039867
2 2 0.010459 0.403177 0.520122 0.001944 0.064298
2 2 0.010031 0.401345 0.523277 0.001823 0.063524
2 2 0.004202 0.223004 0.737217 0.002378 0.033199
2 2 0.011490 0.338014 0.589134 0.004516 0.056845
2 1 0.018925 0.380714 0.538397 0.005628 0.056336
2 1 0.114903 0.393019 0.413710 0.037534 0.040835
2 1 0.012274 0.410049 0.507864 0.002492 0.067320
2 1 0.006872 0.324560 0.617099 0.001875 0.049594
2 2 0.002080 0.202427 0.766698 0.000516 0.028279
2 2 0.015041 0.425522 0.482202 0.002544 0.074692
2 2 0.013373 0.413627 0.501176 0.002847 0.068978
2 2 0.019689 0.428548 0.469814 0.005202 0.076747
2 2 0.016331 0.421615 0.485234 0.003885 0.072935
2 2 0.039172 0.435141 0.440080 0.012973 0.072634
2 2 0.049815 0.361070 0.511860 0.027213 0.050043
2 2 0.032680 0.430291 0.458418 0.009689 0.068922
0 2 0.399942 0.326625 0.194189 0.034197 0.045047
1 0 0.349472 0.365827 0.187236 0.027712 0.069753
0 0 0.557910 0.253902 0.115195 0.030645 0.042347
1 0 0.049303 0.485186 0.338833 0.004548 0.122129
2 1 0.012416 0.410531 0.506977 0.002536 0.067540
1 1 0.047877 0.480331 0.349092 0.005523 0.117176
2 1 0.017769 0.424817 0.478339 0.004431 0.074643
1 1 0.051787 0.484469 0.336102 0.005199 0.122443
1 1 0.222313 0.433001 0.249618 0.013680 0.081387
1 1 0.208896 0.426638 0.284486 0.014777 0.065203
1 1 0.034088 0.461292 0.400048 0.006121 0.098451
1 1 0.049208 0.495139 0.320662 0.002558 0.132434
1 1 0.275170 0.403946 0.220708 0.022288 0.077888
0 0 0.566240 0.265197 0.096777 0.013890 0.057895
1 0 0.143038 0.455457 0.267745 0.023024 0.110735
1 0 0.028822 0.477848 0.382255 0.001768 0.109306
1 1 0.032347 0.479762 0.373941 0.002210 0.111740
1 1 0.227102 0.435384 0.207063 0.016355 0.114096
0 0 0.421877 0.342853 0.111541 0.012111 0.111618
1 0 0.038037 0.479669 0.365636 0.003383 0.113274
1 1 0.080042 0.502129 0.253213 0.002520 0.162095
1 1 0.079331 0.496453 0.268660 0.004076 0.151481
1 1 0.239474 0.417657 0.131357 0.007936 0.203576
1 0 0.178697 0.465643 0.184696 0.005669 0.165294
1 0 0.312316 0.388301 0.156773 0.025750 0.116861
0 0 0.382755 0.360858 0.108766 0.009627 0.137994
0 0 0.396339 0.352459 0.125802 0.017922 0.107478
1 0 0.199081 0.449152 0.150729 0.005310 0.195728
1 1 0.082781 0.495761 0.264204 0.004286 0.152968
1 1 0.199962 0.423059 0.127339 0.002996 0.246644
1 0 0.295321 0.398975 0.120418 0.008932 0.176354
0 0 0.373984 0.364114 0.123312 0.015248 0.123343
1 0 0.077620 0.516904 0.191700 0.000256 0.213519
1 0 0.011512 0.375346 0.336205 0.000276 0.276662
4 1 0.008322 0.324155 0.306118 0.000183 0.361222
1 1 0.013246 0.404876 0.273276 0.000054 0.308548
4 1 0.017779 0.366972 0.225446 0.000104 0.389699
4 1 0.014730 0.346915 0.233601 0.000116 0.404638
4 1 0.011152 0.329141 0.308980 0.000479 0.350248
4 1 0.012352 0.336208 0.244026 0.000112 0.407302
4 1 0.007988 0.256664 0.208759 0.000104 0.526486
4 1 0.009648 0.260052 0.214767 0.000219 0.515314
1 1 0.085316 0.509788 0.207372 0.000699 0.196826
1 1 0.012165 0.361458 0.326653 0.000394 0.299330
1 1 0.010098 0.389087 0.324835 0.000097 0.275883
4 1 0.005065 0.281025 0.335779 0.000226 0.377904
4 4 0.011057 0.211584 0.131548 0.000087 0.645724
4 4 0.003288 0.186992 0.216452 0.000112 0.593156
4 4 0.019819 0.205852 0.122774 0.000561 0.650993
4 4 0.019743 0.200688 0.114503 0.000436 0.664629
4 4 0.027845 0.016257 0.002206 0.000052 0.953640
4 4 0.021923 0.025916 0.003966 0.000015 0.948180
4 4 0.003728 0.076711 0.043471 0.000013 0.876077
4 4 0.011784 0.041536 0.013028 0.000067 0.933585
4 4 0.005445 0.041219 0.016513 0.000023 0.936799
4 4 0.003349 0.090335 0.065644 0.000032 0.840639
4 4 0.004155 0.075040 0.037428 0.000009 0.883368
4 4 0.026225 0.023827 0.003940 0.000060 0.945948
4 4 0.053851 0.028154 0.003167 0.000036 0.914793
4 4 0.010318 0.059649 0.023225 0.000072 0.906736
4 4 0.022963 0.186266 0.095720 0.000443 0.694609
4 4 0.032688 0.149420 0.064811 0.000862 0.752220
4 4 0.040884 0.089798 0.029991 0.001187 0.838140
4 4 0.111945 0.097526 0.015102 0.000178 0.775250
4 4 0.180302 0.219403 0.046353 0.001007 0.552935
4 4 0.312356 0.225547 0.030947 0.000343 0.430807
4 4 0.096996 0.324111 0.100707 0.000568 0.477619
4 4 0.030140 0.256064 0.134476 0.000594 0.578726
4 4 0.055773 0.156600 0.051307 0.000748 0.735573
4 4 0.135952 0.138681 0.029683 0.001320 0.694364
4 4 0.060701 0.269998 0.130238 0.003504 0.535559
4 4 0.018150 0.281881 0.160993 0.000135 0.538841
4 4 0.047017 0.306902 0.115131 0.000180 0.530769
4 4 0.041187 0.129586 0.055780 0.001734 0.771714
4 4 0.035785 0.259229 0.141514 0.001384 0.562088
4 4 0.072425 0.160355 0.038825 0.000224 0.728171
4 4 0.131839 0.222326 0.063069 0.002411 0.580356
4 4 0.085916 0.324761 0.093489 0.000217 0.495617
4 4 0.104272 0.215972 0.070738 0.003020 0.605998
4 4 0.034160 0.348399 0.193763 0.000618 0.423059
4 4 0.021339 0.325918 0.200223 0.000272 0.452248
4 4 0.019632 0.319645 0.211777 0.000356 0.448589
4 4 0.203760 0.211100 0.047134 0.002514 0.535492
4 4 0.055662 0.279374 0.105059 0.000427 0.559477
4 4 0.025854 0.239263 0.136405 0.000720 0.597759
4 4 0.038221 0.153270 0.058091 0.000558 0.749859
4 4 0.146970 0.157828 0.038323 0.002964 0.653915
4 4 0.012029 0.246989 0.154854 0.000083 0.586046
4 4 0.008568 0.243742 0.195799 0.000140 0.551751
4 4 0.019738 0.229303 0.127061 0.000253 0.623645
1 4 0.019925 0.378281 0.332023 0.001662 0.268109
1 4 0.047231 0.387680 0.239166 0.003021 0.322903
4 1 0.057298 0.361414 0.164303 0.000891 0.416094
4 1 0.039078 0.340234 0.181908 0.000810 0.437969
4 1 0.027121 0.323599 0.214467 0.001095 0.433719
4 1 0.090272 0.366911 0.164708 0.003968 0.374141
4 1 0.021275 0.359223 0.255968 0.000577 0.362957
1 1 0.023293 0.374047 0.303356 0.001738 0.297566
1 1 0.269826 0.430167 0.175686 0.006246 0.118074
1 1 0.246523 0.394120 0.122256 0.009316 0.227785
1 1 0.065698 0.476293 0.348134 0.007356 0.102519
1 1 0.087579 0.486027 0.331314 0.002947 0.092133
2 1 0.018036 0.429313 0.471907 0.003857 0.076887
1 1 0.051246 0.476810 0.348959 0.007524 0.115461
1 1 0.075432 0.443019 0.364878 0.013992 0.102680
2 1 0.059615 0.367910 0.495009 0.018568 0.058897
2 1 0.020136 0.429338 0.467930 0.005387 0.077210
2 1 0.011392 0.406874 0.513616 0.002219 0.065899
2 1 0.014427 0.416721 0.495183 0.003203 0.070465
2 1 0.036988 0.351444 0.540277 0.009037 0.062255
2 1 0.016921 0.384327 0.464400 0.007890 0.126462
2 1 0.020458 0.409327 0.461799 0.008207 0.100209
2 1 0.016108 0.404838 0.479541 0.005026 0.094486
2 2 0.064161 0.345270 0.490238 0.018662 0.081669
1 2 0.022174 0.437584 0.404515 0.002358 0.133370
2 2 0.017260 0.406931 0.432654 0.003042 0.140112
2 2 0.095389 0.348946 0.453467 0.020138 0.082060
0 0 0.467774 0.271290 0.174196 0.031958 0.054782
1 1 0.049910 0.458566 0.340419 0.008378 0.142726
1 1 0.071346 0.486670 0.300851 0.007310 0.133822
1 1 0.072421 0.512205 0.236616 0.000920 0.177838
1 1 0.075332 0.508327 0.243904 0.001399 0.171037
0 1 0.413237 0.351887 0.141527 0.011599 0.081750
1 1 0.139401 0.483278 0.198544 0.003757 0.175020
0 1 0.560145 0.271822 0.090993 0.010248 0.066793
1 1 0.205858 0.429880 0.222808 0.031062 0.110391
1 1 0.037293 0.478460 0.368783 0.003424 0.112040
1 1 0.178189 0.366972 0.336253 0.033645 0.084940
1 1 0.115501 0.492678 0.265507 0.003258 0.123055
1 1 0.091344 0.465704 0.336140 0.013215 0.093597
2 1 0.005406 0.373024 0.568007 0.000703 0.052861
2 1 0.010130 0.401773 0.522544 0.001850 0.063703
2 1 0.004407 0.363351 0.582067 0.000513 0.049662
2 1 0.005695 0.375473 0.564369 0.000761 0.053702
2 1 0.004950 0.368867 0.574106 0.000614 0.051463
2 1 0.004110 0.360031 0.586792 0.000461 0.048607
2 1 0.004291 0.362090 0.583866 0.000493 0.049259
2 1 0.005131 0.370564 0.571627 0.000648 0.052029
2 2 0.002780 0.186095 0.782929 0.001787 0.026409
2 2 0.009119 0.304001 0.651710 0.002029 0.033140
2 2 0.043166 0.408752 0.489969 0.010954 0.047159
2 2 0.018161 0.437205 0.460813 0.002830 0.080991
2 1 0.219216 0.338827 0.385608 0.031483 0.024867
2 1 0.016892 0.446143 0.449587 0.001526 0.085852
2 1 0.007039 0.385342 0.549332 0.001055 0.057232
2 1 0.009904 0.400784 0.524235 0.001787 0.063289
1 1 0.035184 0.481302 0.367142 0.002552 0.113820
2 1 0.009172 0.397375 0.529977 0.001587 0.061888
2 1 0.013641 0.438621 0.465274 0.001057 0.081408
2 1 0.006568 0.385881 0.549258 0.000812 0.057481
2 1 0.023823 0.315287 0.596995 0.013938 0.049958
2 1 0.222117 0.345758 0.375991 0.029680 0.026454
0 1 0.565521 0.214329 0.149714 0.052865 0.017571
2 1 0.012242 0.409937 0.508070 0.002481 0.067269
2 1 0.013607 0.414338 0.499816 0.002924 0.069315
2 1 0.007206 0.386419 0.547649 0.001093 0.057632
2 1 0.014891 0.417989 0.492666 0.003364 0.071090
2 1 0.008909 0.396071 0.532140 0.001517 0.061362
2 1 0.011367 0.254350 0.681204 0.010468 0.042612
2 1 0.016460 0.347742 0.565029 0.008231 0.062537
2 1 0.001598 0.126882 0.852396 0.001765 0.017359
2 1 0.000468 0.008773 0.946343 0.043693 0.000723
2 1 0.001196 0.114857 0.867535 0.001296 0.015115
2 1 0.000077 0.022692 0.974491 0.000376 0.002365
2 2 0.000025 0.007159 0.991298 0.000771 0.000747
2 2 0.000088 0.012899 0.983303 0.002167 0.001543
2 2 0.000027 0.007342 0.990909 0.000885 0.000837
2 2 0.000023 0.003794 0.992504 0.003240 0.000439
2 2 0.000048 0.008758 0.988513 0.001683 0.000999
2 2 0.001161 0.036517 0.947854 0.010937 0.003531
2 2 0.000146 0.018758 0.976496 0.002291 0.002308
2 2 0.000006 0.001593 0.996301 0.001933 0.000167
2 2 0.000003 0.000767 0.996452 0.002696 0.000082
2 2 0.000001 0.000460 0.997983 0.001514 0.000041
2 2 0.000001 0.000487 0.998292 0.001150 0.000069
2 2 0.000003 0.000501 0.995076 0.004380 0.000041
2 2 0.000002 0.000582 0.995708 0.003634 0.000075
2 2 0.000001 0.000280 0.995968 0.003731 0.000020
2 2 0.000003 0.000746 0.994983 0.004188 0.000081
2 2 0.000005 0.000285 0.989260 0.010440 0.000010
2 2 0.000008 0.000181 0.905161 0.094642 0.000009
2 2 0.000011 0.000363 0.947473 0.052131 0.000022
2 2 0.000088 0.000898 0.797189 0.201770 0.000056
2 2 0.000027 0.000270 0.851780 0.147914 0.000009
2 2 0.000006 0.000128 0.911465 0.088396 0.000005
2 2 0.000548 0.004131 0.753546 0.241415 0.000360
2 2 0.000069 0.000720 0.819268 0.179904 0.000039
2 2 0.000033 0.000383 0.795796 0.203768 0.000021
2 2 0.000030 0.000172 0.747762 0.252031 0.000004
2 2 0.000016 0.000103 0.660723 0.339154 0.000003
2 2 0.000275 0.001082 0.553896 0.444686 0.000061
3 2 0.000129 0.000334 0.448436 0.551089 0.000012
3 3 0.000119 0.000143 0.259535 0.740200 0.000004
3 3 0.000584 0.000937 0.390563 0.607878 0.000038
3 3 0.000091 0.000135 0.270120 0.729650 0.000004
3 3 0.000027 0.000026 0.201940 0.798006 0.000000
3 3 0.000396 0.000741 0.388454 0.610377 0.000032
3 3 0.000084 0.000137 0.330591 0.669185 0.000003
3 3 0.000126 0.000212 0.340183 0.659473 0.000006
3 3 0.000072 0.000063 0.198819 0.801045 0.000001
3 3 0.000287 0.000537 0.181161 0.817934 0.000081
3 3 0.000148 0.000558 0.289636 0.709565 0.000093
3 3 0.000378 0.001239 0.289198 0.708961 0.000225
3 3 0.000038 0.000071 0.146321 0.853564 0.000007
3 3 0.000122 0.000098 0.095860 0.903914 0.000006
3 3 0.000215 0.000369 0.205226 0.794158 0.000032
3 3 0.000113 0.000187 0.128179 0.871497 0.000024
3 3 0.000208 0.000315 0.169830 0.829618 0.000029
3 3 0.000158 0.000202 0.160848 0.838777 0.000015
3 3 0.000124 0.000141 0.128535 0.871190 0.000010
3 3 0.000438 0.000720 0.128427 0.870244 0.000171
3 3 0.000134 0.000107 0.076824 0.922925 0.000010
3 3 0.000227 0.000206 0.065978 0.933551 0.000038
3 3 0.000227 0.000201 0.071872 0.927670 0.000031
3 3 0.000201 0.000218 0.104961 0.894595 0.000025
3 3 0.000232 0.000230 0.094293 0.905216 0.000029
3 3 0.000096 0.000085 0.102928 0.896885 0.000006
3 3 0.000386 0.000381 0.087607 0.911563 0.000063
3 3 0.000064 0.000051 0.065287 0.934593 0.000005
3 3 0.000997 0.001005 0.137510 0.860360 0.000128
3 3 0.000197 0.000084 0.055243 0.944471 0.000006
3 3 0.000122 0.000055 0.056189 0.943630 0.000003
3 3 0.000263 0.000225 0.092389 0.907100 0.000023
3 3 0.000317 0.000142 0.049442 0.950084 0.000015
3 3 0.000282 0.000141 0.058446 0.941119 0.000013
3 3 0.000063 0.000035 0.068793 0.931108 0.000002
3 3 0.000566 0.000330 0.067902 0.931162 0.000040
3 3 0.000129 0.000085 0.070371 0.929409 0.000007
3 3 0.000067 0.000028 0.046999 0.952906 0.000001
3 3 0.000313 0.000170 0.058558 0.940941 0.000018
3 3 0.000766 0.000455 0.048537 0.950135 0.000107
3 3 0.000596 0.000402 0.050857 0.948047 0.000098
3 3 0.000175 0.000098 0.040726 0.958986 0.000015
3 3 0.001550 0.001129 0.063703 0.933298 0.000321
3 3 0.000900 0.000524 0.039390 0.959012 0.000174
3 3 0.001101 0.000529 0.039409 0.958822 0.000140
3 3 0.000579 0.000390 0.046755 0.952169 0.000107
3 3 0.000632 0.000449 0.043728 0.955037 0.000154
3 3 0.000691 0.000503 0.055606 0.943071 0.000129
3 3 0.000549 0.000334 0.050021 0.949026 0.000069
3 3 0.000567 0.000335 0.047931 0.951095 0.000071
3 3 0.000301 0.000143 0.036126 0.963405 0.000025
3 3 0.000204 0.000121 0.047331 0.952326 0.000017
3 3 0.000186 0.000123 0.045239 0.954430 0.000022
3 3 0.000112 0.000061 0.042539 0.957280 0.000007
3 3 0.000134 0.000065 0.040818 0.958977 0.000007
3 3 0.000086 0.000043 0.045056 0.954811 0.000004
3 3 0.000119 0.000053 0.043295 0.956527 0.000005
3 3 0.000223 0.000147 0.049449 0.950157 0.000025
3 3 0.000172 0.000077 0.032788 0.966951 0.000012
3 3 0.000402 0.000185 0.027741 0.971619 0.000052
3 3 0.000336 0.000165 0.037789 0.961679 0.000030
3 3 0.000343 0.000157 0.031978 0.967489 0.000033
3 3 0.000681 0.000352 0.035733 0.963133 0.000101
3 3 0.000466 0.000246 0.036405 0.962822 0.000061
3 3 0.000329 0.000194 0.044061 0.955378 0.000038
3 3 0.000908 0.000459 0.035925 0.962569 0.000140
3 3 0.000343 0.000184 0.034125 0.965303 0.000046
3 3 0.000193 0.000090 0.030943 0.968758 0.000017
3 3 0.000223 0.000093 0.038346 0.961327 0.000011
3 3 0.000559 0.000266 0.030721 0.968377 0.000077
3 3 0.000374 0.000180 0.036797 0.962615 0.000035
3 3 0.000253 0.000098 0.028583 0.971049 0.000017
3 3 0.000486 0.000263 0.050103 0.949105 0.000042
3 3 0.000220 0.000093 0.027495 0.972173 0.000018
3 3 0.000130 0.000070 0.038218 0.961573 0.000010
3 3 0.000481 0.000187 0.029353 0.969939 0.000039
3 3 0.000119 0.000047 0.036694 0.963136 0.000004
3 3 0.000246 0.000130 0.046799 0.952807 0.000017
3 3 0.000518 0.000238 0.035309 0.963883 0.000051
3 3 0.000377 0.000102 0.065376 0.934142 0.000003
3 3 0.000472 0.000157 0.064600 0.934762 0.000008
3 3 0.001187 0.000355 0.054659 0.943771 0.000027
3 3 0.001753 0.000688 0.083152 0.914357 0.000050
3 3 0.000302 0.000088 0.067179 0.932428 0.000003
3 3 0.000858 0.000390 0.106765 0.891968 0.000018
3 3 0.000797 0.000352 0.134391 0.864449 0.000011
3 3 0.000224 0.000126 0.160610 0.839037 0.000003
3 3 0.000526 0.000349 0.199287 0.799828 0.000009
3 3 0.002629 0.002245 0.379471 0.615595 0.000060
2 3 0.012911 0.277131 0.403185 0.009804 0.296969
2 2 0.008983 0.286868 0.359584 0.002294 0.342271
1 2 0.041186 0.436524 0.333721 0.002158 0.186412
2 2 0.019201 0.292102 0.366894 0.005291 0.316511
1 2 0.077687 0.412270 0.288820 0.007676 0.213547
4 2 0.012993 0.123750 0.247522 0.009749 0.605986
4 4 0.008292 0.155686 0.298556 0.004396 0.533071
4 4 0.007668 0.146109 0.359591 0.013483 0.473149
2 4 0.024817 0.241680 0.436577 0.010244 0.286682
4 4 0.023688 0.062112 0.110543 0.152979 0.650678
4 4 0.035722 0.058532 0.036158 0.017763 0.851826
4 4 0.071571 0.145661 0.036265 0.000334 0.746169
4 4 0.048954 0.157792 0.074220 0.005504 0.713530
4 4 0.021476 0.156293 0.103416 0.002325 0.716491
4 4 0.034350 0.066255 0.036214 0.012497 0.850685
4 4 0.021517 0.032728 0.019839 0.009453 0.916462
4 4 0.066772 0.073362 0.026227 0.001588 0.832052
4 4 0.043861 0.067417 0.040190 0.013042 0.835490
4 4 0.025488 0.125417 0.068840 0.002806 0.777450
4 4 0.039423 0.059310 0.024487 0.013039 0.863741
4 4 0.103013 0.098481 0.028316 0.004286 0.765904
4 4 0.072902 0.066458 0.021922 0.005675 0.833043
4 4 0.300733 0.158548 0.016799 0.000095 0.523824
4 4 0.068057 0.088959 0.029548 0.007203 0.806234
4 4 0.109664 0.066859 0.017610 0.002076 0.803791
4 4 0.091899 0.042432 0.008032 0.000418 0.857220
