0 0 0.992907 0.004165 0.000994 0.000117 0.001817
0 0 0.992689 0.003025 0.000130 0.000004 0.004152
0 0 0.949829 0.032537 0.000725 0.000001 0.016908
0 0 0.980702 0.013475 0.000289 0.000001 0.005533
0 0 0.995744 0.001886 0.000146 0.000012 0.002212
0 0 0.990932 0.003906 0.000147 0.000003 0.005012
0 0 0.960836 0.023547 0.000569 0.000002 0.015047
0 0 0.994638 0.001994 0.000095 0.000005 0.003268
0 0 0.990046 0.004585 0.000355 0.000019 0.004995
0 0 0.996237 0.001954 0.000191 0.000015 0.001603
0 0 0.823791 0.060812 0.005154 0.000178 0.110066
0 0 0.704598 0.195858 0.002617 0.000001 0.096926
0 0 0.719246 0.086135 0.002429 0.000017 0.192172
1 0 0.401260 0.542298 0.002198 0.000000 0.054244
1 0 0.402585 0.552185 0.001676 0.000000 0.043554
1 0 0.403763 0.529686 0.003108 0.000000 0.063442
1 1 0.379523 0.560824 0.002153 0.000000 0.057500
1 1 0.365886 0.581605 0.002963 0.000000 0.049546
1 1 0.208426 0.710137 0.014201 0.000000 0.067236
1 1 0.078406 0.743814 0.098859 0.000001 0.078919
1 1 0.085855 0.765319 0.047605 0.000000 0.101221
1 1 0.136151 0.771938 0.011908 0.000000 0.080002
1 1 0.039829 0.782950 0.118532 0.000000 0.058689
1 2 0.026832 0.695055 0.232369 0.000001 0.045743
1 2 0.027578 0.762980 0.145304 0.000000 0.064138
1 2 0.032005 0.743819 0.151134 0.000001 0.073042
1 2 0.216535 0.698700 0.008546 0.000000 0.076219
1 2 0.202124 0.732673 0.009384 0.000000 0.055819
1 2 0.052135 0.832486 0.060397 0.000000 0.054982
1 2 0.022190 0.757176 0.187655 0.000000 0.032980
1 2 0.002205 0.522259 0.429812 0.000000 0.045724
1 2 0.002631 0.455871 0.454363 0.000001 0.087135
2 2 0.002246 0.392063 0.572444 0.000001 0.033246
1 2 0.001863 0.571994 0.365111 0.000000 0.061032
1 2 0.017775 0.741499 0.140547 0.000000 0.100178
1 2 0.017337 0.760929 0.101382 0.000000 0.120351
1 2 0.011655 0.703754 0.188222 0.000000 0.096368
1 2 0.014180 0.750090 0.130862 0.000000 0.104867
1 2 0.040665 0.749144 0.051345 0.000000 0.158846
1 2 0.013574 0.754101 0.137754 0.000000 0.094570
1 2 0.006378 0.670689 0.120441 0.000000 0.202492
1 2 0.019785 0.704903 0.044192 0.000000 0.231120
1 2 0.014520 0.674610 0.040619 0.000000 0.270251
1 2 0.025902 0.724004 0.044798 0.000000 0.205296
1 2 0.010794 0.615407 0.040723 0.000000 0.333076
1 2 0.028675 0.649057 0.020302 0.000000 0.301966
1 2 0.030680 0.604182 0.020748 0.000000 0.344390
1 2 0.019634 0.587219 0.010672 0.000000 0.382474
1 2 0.036445 0.601534 0.016700 0.000000 0.345321
1 2 0.022227 0.535405 0.020583 0.000000 0.421784
4 2 0.083015 0.450610 0.005951 0.000000 0.460423
4 4 0.048773 0.434944 0.009617 0.000000 0.506665
4 4 0.069109 0.186591 0.005172 0.000007 0.739121
4 4 0.121815 0.212984 0.001245 0.000000 0.663955
1 4 0.135184 0.531011 0.004595 0.000000 0.329209
4 4 0.075742 0.437626 0.007160 0.000000 0.479472
1 4 0.063500 0.509463 0.006604 0.000000 0.420433
4 4 0.109275 0.257234 0.002952 0.000001 0.630538
4 4 0.119898 0.215593 0.000995 0.000000 0.663514
1 4 0.120211 0.487016 0.002818 0.000000 0.389955
1 4 0.052874 0.582994 0.009949 0.000000 0.354183
1 4 0.031320 0.542448 0.013695 0.000000 0.412537
1 4 0.055326 0.583695 0.009932 0.000000 0.351047
1 4 0.072630 0.561784 0.009467 0.000000 0.356118
1 4 0.030928 0.575316 0.015014 0.000000 0.378742
1 4 0.026672 0.570601 0.016919 0.000000 0.385808
1 4 0.029764 0.618131 0.019214 0.000000 0.332891
1 4 0.069074 0.470492 0.004777 0.000000 0.455657
1 4 0.064111 0.566059 0.006394 0.000000 0.363436
4 4 0.167220 0.405603 0.001495 0.000000 0.425682
1 4 0.050140 0.605209 0.010141 0.000000 0.334511
1 4 0.086884 0.606411 0.006288 0.000000 0.300417
4 4 0.071687 0.444818 0.004884 0.000000 0.478611
4 4 0.117930 0.371938 0.001347 0.000000 0.508785
1 4 0.063047 0.633924 0.005665 0.000000 0.297364
4 4 0.121658 0.213975 0.001187 0.000000 0.663180
1 4 0.032763 0.598268 0.012818 0.000000 0.356151
1 4 0.046936 0.616111 0.010957 0.000000 0.325997
1 4 0.038240 0.646563 0.015595 0.000000 0.299603
1 4 0.022795 0.651432 0.011073 0.000000 0.314700
1 4 0.024270 0.788321 0.085688 0.000000 0.101721
1 4 0.015177 0.705429 0.224395 0.000000 0.054999
1 4 0.028616 0.817372 0.069296 0.000000 0.084716
1 2 0.008785 0.615874 0.315732 0.000000 0.059608
1 2 0.010164 0.555158 0.379997 0.000001 0.054679
1 2 0.024105 0.779642 0.127562 0.000000 0.068691
1 2 0.172689 0.729068 0.031983 0.000000 0.066260
1 2 0.044826 0.834815 0.052694 0.000000 0.067665
1 2 0.020832 0.770451 0.159141 0.000000 0.049577
1 2 0.135781 0.724182 0.034776 0.000001 0.105261
1 2 0.015281 0.761197 0.181563 0.000000 0.041958
1 2 0.042048 0.778064 0.128868 0.000000 0.051020
2 2 0.003098 0.346790 0.621902 0.000003 0.028208
1 2 0.048886 0.714871 0.184391 0.000002 0.051850
1 2 0.177653 0.712379 0.044969 0.000001 0.064997
1 2 0.088138 0.807628 0.063121 0.000000 0.041112
1 2 0.027043 0.854633 0.073712 0.000000 0.044611
2 2 0.009054 0.443218 0.504943 0.000006 0.042777
1 2 0.034258 0.812418 0.101569 0.000000 0.051755
1 2 0.064639 0.811489 0.063654 0.000000 0.060219
1 2 0.063821 0.787876 0.110997 0.000000 0.037305
1 2 0.102073 0.666019 0.160315 0.000011 0.071582
1 2 0.148970 0.657517 0.122795 0.000013 0.070706
1 2 0.084862 0.723084 0.131780 0.000003 0.060270
1 2 0.020532 0.736562 0.203638 0.000000 0.039269
2 2 0.002564 0.304851 0.655052 0.000005 0.037528
2 2 0.006191 0.428326 0.530693 0.000003 0.034787
2 2 0.001368 0.186281 0.797015 0.000014 0.015321
2 2 0.002215 0.205802 0.770545 0.000030 0.021408
2 2 0.012492 0.368033 0.580126 0.000056 0.039293
1 2 0.378071 0.567765 0.007700 0.000000 0.046464
1 2 0.403857 0.553640 0.005878 0.000000 0.036625
0 2 0.471127 0.449010 0.007872 0.000001 0.071990
1 2 0.422365 0.505248 0.006650 0.000000 0.065736
1 2 0.153935 0.787482 0.032427 0.000000 0.026155
1 2 0.443883 0.515804 0.006009 0.000000 0.034303
1 2 0.417946 0.477292 0.012174 0.000003 0.092586
1 4 0.182472 0.753534 0.015576 0.000000 0.048418
1 4 0.072457 0.695372 0.170892 0.000004 0.061274
1 4 0.243431 0.713957 0.007007 0.000000 0.035605
0 4 0.489403 0.421605 0.028916 0.000022 0.060054
1 4 0.459945 0.467235 0.020741 0.000006 0.052073
1 4 0.210205 0.692827 0.032575 0.000001 0.064392
1 4 0.306440 0.634340 0.028593 0.000001 0.030626
1 4 0.028202 0.688357 0.225989 0.000001 0.057451
1 2 0.121733 0.431908 0.287365 0.001062 0.157932
1 2 0.174851 0.734576 0.036671 0.000000 0.053902
1 2 0.013416 0.570050 0.353315 0.000002 0.063217
1 2 0.059514 0.625051 0.240574 0.000014 0.074847
1 2 0.052902 0.695186 0.194486 0.000003 0.057423
2 2 0.000051 0.020536 0.978280 0.000248 0.000884
2 2 0.000003 0.004023 0.995289 0.000527 0.000158
2 2 0.031754 0.229783 0.681877 0.005484 0.051103
2 2 0.012001 0.296422 0.670214 0.000227 0.021136
2 2 0.000140 0.027135 0.970033 0.000834 0.001858
2 2 0.000036 0.015867 0.983197 0.000341 0.000559
2 2 0.000008 0.006247 0.992839 0.000618 0.000288
2 2 0.000002 0.002262 0.995943 0.001747 0.000047
2 2 0.000262 0.044604 0.952813 0.000357 0.001965
1 2 0.099552 0.510575 0.343216 0.000430 0.046227
1 2 0.201379 0.705104 0.053685 0.000001 0.039831
2 2 0.001390 0.100024 0.889906 0.000426 0.008253
1 2 0.357266 0.573065 0.031640 0.000003 0.038026
0 2 0.480859 0.459047 0.023046 0.000006 0.037041
1 2 0.353100 0.596947 0.022169 0.000001 0.027783
1 2 0.057805 0.788687 0.116681 0.000000 0.036826
1 2 0.071392 0.652316 0.203654 0.000010 0.072627
1 2 0.212856 0.701971 0.047876 0.000001 0.037296
0 2 0.612034 0.335945 0.021384 0.000011 0.030626
1 2 0.230621 0.707115 0.033602 0.000000 0.028661
1 2 0.103315 0.722412 0.120021 0.000003 0.054249
2 2 0.012084 0.338935 0.622560 0.000095 0.026326
2 2 0.017307 0.277491 0.673868 0.000819 0.030515
0 2 0.815632 0.135521 0.023627 0.000175 0.025044
0 2 0.897518 0.074402 0.014424 0.000161 0.013496
0 0 0.574649 0.350387 0.031132 0.000035 0.043798
1 0 0.304216 0.608817 0.042915 0.000004 0.044048
1 2 0.065706 0.760356 0.129863 0.000001 0.044074
1 2 0.037450 0.626363 0.301127 0.000008 0.035051
2 2 0.004875 0.172703 0.811777 0.000566 0.010079
2 2 0.000028 0.015330 0.984020 0.000212 0.000411
2 2 0.000002 0.003978 0.995762 0.000179 0.000080
2 2 0.000244 0.057756 0.939624 0.000081 0.002295
2 2 0.000000 0.000987 0.998660 0.000340 0.000013
2 2 0.000003 0.003588 0.995739 0.000594 0.000076
2 2 0.000001 0.001265 0.996594 0.002126 0.000014
2 2 0.000002 0.001936 0.995022 0.003013 0.000027
2 2 0.000005 0.003432 0.991926 0.004576 0.000061
2 2 0.000006 0.003105 0.991000 0.005826 0.000063
2 2 0.000011 0.003322 0.986978 0.009622 0.000067
2 2 0.000829 0.004291 0.791723 0.203020 0.000137
2 2 0.000304 0.002651 0.718125 0.278851 0.000069
2 2 0.002420 0.014485 0.859801 0.122652 0.000642
2 3 0.000646 0.005021 0.828192 0.166011 0.000131
2 3 0.000673 0.004127 0.747039 0.248012 0.000149
2 3 0.000337 0.003468 0.692528 0.303562 0.000106
2 3 0.000362 0.001492 0.561225 0.436882 0.000038
2 3 0.000196 0.000958 0.605096 0.393732 0.000018
2 3 0.001029 0.004689 0.643355 0.350700 0.000227
2 3 0.001720 0.005349 0.620200 0.372519 0.000212
3 3 0.002094 0.004175 0.447894 0.545610 0.000228
3 3 0.002578 0.002429 0.228246 0.766623 0.000125
3 3 0.002965 0.003096 0.197412 0.796291 0.000236
3 3 0.001158 0.001082 0.212085 0.785636 0.000039
3 3 0.002199 0.001785 0.165231 0.830663 0.000122
3 3 0.006546 0.003738 0.205363 0.784086 0.000267
3 3 0.012232 0.009829 0.356645 0.620464 0.000830
3 3 0.003122 0.002457 0.170800 0.823447 0.000174
3 3 0.005851 0.003187 0.171793 0.818903 0.000267
3 3 0.028826 0.010552 0.296940 0.662824 0.000857
2 3 0.059068 0.232452 0.676081 0.007373 0.025026
2 3 0.040341 0.334554 0.592225 0.001917 0.030962
2 3 0.104419 0.371051 0.492599 0.000746 0.031184
2 2 0.003283 0.148151 0.837890 0.000477 0.010199
2 2 0.001302 0.116430 0.873207 0.000162 0.008898
2 2 0.000683 0.064779 0.928128 0.000640 0.005770
2 2 0.018762 0.351135 0.603636 0.000225 0.026241
2 2 0.003972 0.179380 0.803506 0.000270 0.012873
2 2 0.000272 0.037431 0.958112 0.000942 0.003242
2 2 0.006178 0.217174 0.765015 0.000284 0.011350
2 2 0.000044 0.017303 0.981229 0.000380 0.001045
2 2 0.001794 0.134359 0.856113 0.000173 0.007561
2 2 0.000003 0.003641 0.995237 0.000981 0.000138
2 2 0.000152 0.029441 0.967875 0.000692 0.001840
2 2 0.000513 0.051205 0.944793 0.001001 0.002489
2 2 0.000122 0.021676 0.974888 0.001779 0.001534
2 2 0.000127 0.027510 0.969920 0.000611 0.001831
2 2 0.000074 0.018355 0.979554 0.001087 0.000931
2 2 0.000033 0.012958 0.985680 0.000754 0.000575
2 2 0.000045 0.020583 0.978149 0.000177 0.001046
2 2 0.000477 0.022818 0.967989 0.007537 0.001179
2 2 0.000560 0.047132 0.948311 0.001893 0.002104
2 2 0.000060 0.013267 0.983052 0.002814 0.000807
2 2 0.000049 0.012080 0.984209 0.002977 0.000686
2 2 0.000054 0.006375 0.977408 0.015860 0.000303
2 2 0.000183 0.025518 0.970126 0.002239 0.001935
2 2 0.000038 0.003755 0.971843 0.024241 0.000124
2 2 0.000229 0.013157 0.974306 0.011567 0.000741
2 2 0.000170 0.008757 0.969159 0.021550 0.000365
2 2 0.000575 0.014893 0.933266 0.050419 0.000847
2 2 0.000936 0.004283 0.645553 0.349019 0.000209
3 2 0.000769 0.002505 0.448481 0.548146 0.000099
2 3 0.003704 0.014377 0.697058 0.283623 0.001238
3 3 0.000524 0.001509 0.381850 0.616065 0.000052
3 3 0.000541 0.001800 0.404284 0.593312 0.000064
3 3 0.001556 0.003106 0.335949 0.659207 0.000184
3 3 0.001497 0.002376 0.268480 0.727541 0.000107
3 3 0.001406 0.001282 0.150760 0.846484 0.000069
3 3 0.003456 0.004529 0.300776 0.690931 0.000308
3 3 0.002242 0.001669 0.139726 0.856249 0.000115
3 3 0.008195 0.003657 0.089171 0.897294 0.001683
3 3 0.011378 0.006283 0.100377 0.877035 0.004928
3 3 0.005468 0.002188 0.074601 0.916981 0.000762
3 3 0.006864 0.002660 0.047978 0.939035 0.003463
3 3 0.004569 0.002187 0.084330 0.908301 0.000613
3 3 0.007766 0.003681 0.066923 0.918052 0.003578
3 3 0.003872 0.001768 0.055638 0.937701 0.001021
3 3 0.006133 0.002080 0.063403 0.927453 0.000931
3 3 0.005783 0.002344 0.096260 0.895137 0.000477
3 3 0.006706 0.002574 0.077904 0.911843 0.000974
3 3 0.005776 0.001745 0.074115 0.917964 0.000400
3 3 0.005635 0.001877 0.072419 0.919544 0.000526
3 3 0.003076 0.001122 0.077763 0.917900 0.000140
3 3 0.003818 0.001086 0.071274 0.923679 0.000143
3 3 0.005464 0.001478 0.046266 0.945973 0.000819
3 3 0.007157 0.002401 0.064407 0.924794 0.001241
3 3 0.009770 0.003251 0.096255 0.889799 0.000924
3 3 0.009841 0.004322 0.150710 0.834461 0.000665
2 3 0.092679 0.128509 0.643405 0.120098 0.015309
2 3 0.039473 0.037560 0.485056 0.432866 0.005044
2 3 0.005993 0.013526 0.627475 0.351942 0.001064
2 3 0.005312 0.009534 0.503244 0.481245 0.000665
3 3 0.007460 0.006638 0.255760 0.729509 0.000634
3 3 0.004928 0.003876 0.188845 0.801950 0.000401
3 3 0.008681 0.006074 0.225551 0.759050 0.000644
3 3 0.004851 0.002888 0.151282 0.840683 0.000297
3 3 0.002522 0.001537 0.125635 0.870193 0.000113
3 3 0.005208 0.002264 0.120023 0.872243 0.000262
3 3 0.003397 0.001542 0.094877 0.899984 0.000199
3 3 0.002638 0.001385 0.114398 0.881475 0.000104
3 3 0.006095 0.002025 0.052307 0.938183 0.001389
3 3 0.005073 0.001186 0.052372 0.941029 0.000339
3 3 0.007402 0.002594 0.083671 0.905539 0.000794
3 3 0.005477 0.001528 0.071150 0.921532 0.000313
3 3 0.003676 0.001117 0.046903 0.947864 0.000440
3 3 0.006950 0.002090 0.092910 0.897705 0.000345
3 3 0.006019 0.001484 0.045669 0.946012 0.000816
3 3 0.009725 0.002272 0.056287 0.930445 0.001271
3 3 0.005952 0.001506 0.066624 0.925579 0.000339
3 3 0.008070 0.001708 0.042923 0.946083 0.001215
3 3 0.014145 0.003549 0.044937 0.931042 0.006326
3 3 0.010748 0.002416 0.042665 0.941350 0.002821
3 3 0.014109 0.003698 0.083014 0.897557 0.001621
3 3 0.014367 0.003532 0.053535 0.924459 0.004106
3 3 0.021370 0.005296 0.069063 0.898636 0.005635
3 3 0.053974 0.033108 0.316545 0.585566 0.010806
3 3 0.078444 0.031267 0.387975 0.497604 0.004710
3 3 0.014907 0.012198 0.343256 0.627739 0.001900
3 3 0.062794 0.016276 0.216978 0.699760 0.004192
2 3 0.100736 0.090919 0.543429 0.246560 0.018357
2 3 0.066019 0.117727 0.756259 0.043502 0.016492
2 3 0.073911 0.173709 0.703009 0.027081 0.022291
2 3 0.035356 0.211254 0.721465 0.012075 0.019850
2 3 0.013077 0.133472 0.821548 0.015309 0.016595
2 3 0.010489 0.122229 0.842287 0.012688 0.012306
2 3 0.124551 0.341463 0.506373 0.004393 0.023219
1 2 0.251562 0.425961 0.296200 0.001529 0.024748
2 2 0.044819 0.377899 0.543428 0.001054 0.032800
2 2 0.003148 0.135264 0.849652 0.000697 0.011239
2 2 0.002539 0.127666 0.853555 0.000573 0.015668
1 2 0.027681 0.635576 0.039372 0.000000 0.297371
1 2 0.033150 0.608994 0.022219 0.000000 0.335638
1 2 0.029367 0.615508 0.023729 0.000000 0.331397
1 2 0.009798 0.489776 0.027775 0.000000 0.472651
1 2 0.010806 0.531993 0.046408 0.000000 0.410792
1 2 0.009006 0.522257 0.037432 0.000000 0.431305
1 2 0.022966 0.701683 0.019826 0.000000 0.255524
1 2 0.012562 0.576147 0.032113 0.000000 0.379179
1 2 0.094499 0.450691 0.010977 0.000001 0.443833
1 2 0.339468 0.495922 0.002490 0.000000 0.162120
1 0 0.411424 0.534155 0.002921 0.000000 0.051500
1 0 0.454534 0.480162 0.003240 0.000000 0.062064
1 0 0.120470 0.764741 0.017693 0.000000 0.097096
1 0 0.132201 0.730998 0.011518 0.000000 0.125283
1 2 0.079052 0.784724 0.023370 0.000000 0.112854
1 4 0.080531 0.775828 0.020276 0.000000 0.123365
1 4 0.246947 0.511047 0.007454 0.000001 0.234552
1 4 0.130838 0.701130 0.009939 0.000000 0.158093
1 4 0.397900 0.533792 0.002663 0.000000 0.065645
1 4 0.373324 0.486566 0.005474 0.000000 0.134635
1 4 0.012878 0.590371 0.067412 0.000000 0.329339
1 4 0.014105 0.659133 0.063482 0.000000 0.263280
1 4 0.043807 0.588876 0.025347 0.000000 0.341970
4 4 0.041544 0.461646 0.013325 0.000000 0.483485
1 4 0.028643 0.706210 0.046890 0.000000 0.218257
1 4 0.027520 0.725101 0.056238 0.000000 0.191141
1 4 0.011722 0.698920 0.102923 0.000000 0.186436
1 4 0.027169 0.662993 0.046274 0.000000 0.263564
1 4 0.016997 0.706943 0.058057 0.000000 0.218003
1 4 0.012450 0.723339 0.093477 0.000000 0.170735
1 4 0.015975 0.596382 0.337327 0.000002 0.050314
1 4 0.011742 0.542244 0.409025 0.000002 0.036986
2 4 0.002913 0.277735 0.700127 0.000009 0.019215
1 4 0.026472 0.647743 0.272177 0.000002 0.053606
2 4 0.005938 0.351824 0.610384 0.000012 0.031842
2 2 0.001676 0.193010 0.790270 0.000020 0.015025
1 2 0.032713 0.588915 0.323849 0.000010 0.054513
0 2 0.476160 0.424067 0.040100 0.000047 0.059626
0 2 0.481532 0.479337 0.014454 0.000001 0.024676
1 0 0.403865 0.539382 0.023917 0.000002 0.032833
1 0 0.241288 0.701377 0.012631 0.000000 0.044704
1 0 0.087912 0.830543 0.031125 0.000000 0.050420
1 0 0.067187 0.840149 0.055769 0.000000 0.036895
1 2 0.057667 0.802729 0.064853 0.000000 0.074751
1 2 0.186961 0.691803 0.016363 0.000000 0.104872
1 2 0.097371 0.779757 0.025074 0.000000 0.097799
1 2 0.083937 0.835474 0.033886 0.000000 0.046703
1 4 0.066569 0.807200 0.059673 0.000000 0.066558
1 4 0.035068 0.786363 0.106177 0.000000 0.072392
1 4 0.097189 0.803708 0.045175 0.000000 0.053928
1 4 0.021179 0.691617 0.245165 0.000001 0.042038
2 2 0.001588 0.237359 0.740863 0.000005 0.020185
2 2 0.005057 0.342841 0.624227 0.000010 0.027866
1 2 0.067871 0.686079 0.183022 0.000005 0.063022
1 2 0.026617 0.759017 0.179286 0.000000 0.035080
2 2 0.008756 0.448259 0.501731 0.000005 0.041249
1 2 0.013707 0.602187 0.342658 0.000001 0.041446
2 2 0.004589 0.395351 0.570328 0.000003 0.029729
2 2 0.000282 0.088896 0.900694 0.000016 0.010112
2 2 0.006997 0.389220 0.578650 0.000009 0.025124
1 2 0.252179 0.661963 0.045563 0.000002 0.040293
1 2 0.097618 0.792830 0.075627 0.000000 0.033924
1 2 0.088092 0.823880 0.061621 0.000000 0.026407
0 2 0.745486 0.215199 0.017408 0.000018 0.021889
1 2 0.132765 0.779953 0.055968 0.000000 0.031313
1 2 0.035170 0.784660 0.146243 0.000000 0.033928
1 2 0.030587 0.765731 0.167940 0.000000 0.035741
1 2 0.017203 0.657397 0.282242 0.000001 0.043157
2 2 0.004141 0.354516 0.613719 0.000005 0.027620
2 2 0.006943 0.310476 0.649998 0.000040 0.032542
2 2 0.000535 0.091239 0.902726 0.000059 0.005441
2 2 0.000135 0.043903 0.953234 0.000071 0.002658
2 2 0.000001 0.002914 0.996993 0.000038 0.000054
2 2 0.000054 0.027861 0.970464 0.000064 0.001557
2 2 0.000028 0.023308 0.975505 0.000028 0.001131
2 2 0.000071 0.034970 0.963126 0.000042 0.001791
2 2 0.000018 0.014980 0.984434 0.000077 0.000491
2 2 0.000004 0.007912 0.991710 0.000044 0.000329
2 2 0.000023 0.013420 0.985863 0.000249 0.000445
2 2 0.000298 0.083357 0.911958 0.000021 0.004366
2 2 0.000197 0.051810 0.945795 0.000081 0.002116
2 2 0.000122 0.033231 0.964651 0.000216 0.001779
2 2 0.000202 0.040344 0.956688 0.000300 0.002467
2 2 0.029054 0.419269 0.527389 0.000189 0.024099
1 2 0.199449 0.439004 0.324957 0.000978 0.035612
1 2 0.275573 0.544461 0.124698 0.000160 0.055109
2 2 0.014954 0.468627 0.494080 0.000016 0.022323
2 2 0.000272 0.068020 0.928646 0.000047 0.003015
2 2 0.000067 0.034890 0.963439 0.000036 0.001568
2 2 0.000076 0.023391 0.974826 0.000362 0.001345
2 2 0.003971 0.286801 0.692495 0.000017 0.016715
2 2 0.003392 0.272698 0.709556 0.000016 0.014338
2 2 0.000262 0.059237 0.937058 0.000086 0.003358
2 2 0.007034 0.201515 0.775222 0.000596 0.015634
1 2 0.266587 0.609017 0.086269 0.000026 0.038101
1 2 0.146081 0.714253 0.090443 0.000003 0.049221
1 2 0.369307 0.496138 0.063205 0.000059 0.071291
1 0 0.147012 0.714623 0.104341 0.000005 0.034020
1 0 0.146419 0.708537 0.092100 0.000003 0.052940
0 0 0.475032 0.460745 0.024694 0.000007 0.039521
1 0 0.458406 0.517715 0.004470 0.000000 0.019410
1 0 0.470375 0.503424 0.006846 0.000000 0.019356
1 2 0.323543 0.650548 0.004056 0.000000 0.021854
1 2 0.272156 0.685723 0.007073 0.000000 0.035048
1 0 0.458286 0.509955 0.006123 0.000000 0.025636
1 0 0.431048 0.526852 0.003840 0.000000 0.038260
1 4 0.279807 0.682050 0.009179 0.000000 0.028963
1 4 0.439703 0.519737 0.004785 0.000000 0.035775
0 4 0.758821 0.180990 0.002673 0.000001 0.057515
1 4 0.444541 0.529108 0.003320 0.000000 0.023032
1 4 0.069540 0.798686 0.032427 0.000000 0.099346
1 4 0.017629 0.802305 0.119889 0.000000 0.060177
1 4 0.036035 0.783291 0.054033 0.000000 0.126640
1 4 0.251553 0.625197 0.009778 0.000000 0.113472
1 4 0.025924 0.807147 0.049694 0.000000 0.117235
1 4 0.013700 0.779063 0.139980 0.000000 0.067257
1 4 0.047002 0.788669 0.064309 0.000000 0.100020
1 4 0.033649 0.804531 0.060569 0.000000 0.101251
1 4 0.005948 0.592758 0.355492 0.000000 0.045802
1 2 0.009923 0.689916 0.203096 0.000000 0.097065
2 2 0.000245 0.067192 0.928076 0.000038 0.004449
2 2 0.000588 0.124361 0.866375 0.000015 0.008661
2 2 0.006618 0.264825 0.713006 0.000104 0.015447
1 2 0.013060 0.540726 0.420230 0.000003 0.025981
2 2 0.000267 0.083268 0.913837 0.000016 0.002612
2 2 0.000638 0.142330 0.850778 0.000009 0.006245
2 2 0.000279 0.078791 0.917904 0.000024 0.003002
1 2 0.080970 0.595768 0.290469 0.000069 0.032724
2 2 0.002021 0.245707 0.738882 0.000008 0.013382
2 2 0.000322 0.068013 0.927032 0.000073 0.004560
2 2 0.002066 0.208175 0.777619 0.000022 0.012118
2 2 0.000187 0.052263 0.944210 0.000068 0.003271
2 2 0.001140 0.136829 0.852928 0.000049 0.009054
2 2 0.001623 0.162514 0.825433 0.000048 0.010383
1 2 0.073977 0.524650 0.355375 0.000197 0.045801
1 2 0.136005 0.627827 0.161191 0.000030 0.074946
1 2 0.317717 0.527353 0.076662 0.000056 0.078212
1 2 0.072440 0.740981 0.137220 0.000002 0.049357
1 2 0.084105 0.742222 0.124753 0.000002 0.048918
1 2 0.012730 0.621240 0.323983 0.000001 0.042046
2 2 0.000340 0.084493 0.910666 0.000028 0.004473
2 2 0.000273 0.064345 0.932703 0.000063 0.002617
2 2 0.003346 0.262254 0.718241 0.000019 0.016139
2 2 0.000392 0.075707 0.920207 0.000070 0.003624
2 2 0.000407 0.069742 0.926251 0.000117 0.003483
1 2 0.050732 0.578302 0.338168 0.000040 0.032758
2 2 0.000523 0.137658 0.856325 0.000006 0.005488
2 2 0.000004 0.007287 0.992431 0.000050 0.000228
2 2 0.000038 0.018362 0.980456 0.000194 0.000951
2 2 0.000052 0.026694 0.971995 0.000071 0.001189
2 2 0.000021 0.019462 0.979854 0.000031 0.000633
2 2 0.000001 0.002935 0.996872 0.000119 0.000073
2 2 0.000025 0.018216 0.981034 0.000074 0.000652
2 2 0.000005 0.006824 0.992784 0.000158 0.000228
2 2 0.000009 0.010393 0.989238 0.000077 0.000282
2 2 0.000002 0.003319 0.996059 0.000538 0.000081
2 2 0.000021 0.013970 0.985348 0.000170 0.000491
2 2 0.000007 0.006727 0.992719 0.000316 0.000231
2 2 0.000006 0.005509 0.993809 0.000531 0.000146
2 2 0.000000 0.001326 0.997949 0.000705 0.000020
2 2 0.000000 0.000637 0.995470 0.003890 0.000004
2 2 0.000001 0.000910 0.995925 0.003156 0.000008
2 2 0.000001 0.000927 0.996210 0.002853 0.000009
2 2 0.000000 0.000809 0.997754 0.001430 0.000006
2 2 0.000002 0.002051 0.993772 0.004143 0.000031
2 2 0.000001 0.000698 0.994995 0.004301 0.000005
2 2 0.000000 0.000719 0.997100 0.002176 0.000005
2 2 0.000001 0.001776 0.996513 0.001681 0.000029
2 2 0.000000 0.000971 0.997332 0.001688 0.000009
2 2 0.000001 0.000365 0.989643 0.009989 0.000002
2 2 0.000152 0.007899 0.960231 0.031293 0.000425
2 2 0.000038 0.001782 0.931233 0.066909 0.000038
2 2 0.000244 0.008396 0.919816 0.071088 0.000456
2 2 0.000523 0.009263 0.886271 0.103339 0.000604
2 2 0.000263 0.005201 0.902522 0.091789 0.000226
2 2 0.000092 0.002207 0.871436 0.126208 0.000057
2 2 0.000247 0.006706 0.881413 0.111332 0.000302
2 2 0.000251 0.004462 0.836886 0.158225 0.000176
2 2 0.000057 0.002435 0.891481 0.105974 0.000053
2 2 0.000503 0.007928 0.844749 0.146357 0.000462
2 2 0.000111 0.001441 0.688238 0.310182 0.000028
3 2 0.000296 0.001825 0.470901 0.526930 0.000048
2 2 0.001073 0.003670 0.559319 0.435810 0.000127
2 3 0.000802 0.005940 0.625800 0.367156 0.000302
2 3 0.000728 0.006233 0.736044 0.256645 0.000350
2 3 0.000552 0.004508 0.709755 0.284973 0.000211
2 3 0.000416 0.003484 0.665672 0.330301 0.000127
2 3 0.000485 0.003690 0.632513 0.363166 0.000146
2 3 0.000322 0.002331 0.571829 0.425448 0.000070
2 3 0.000938 0.004065 0.609357 0.385437 0.000203
3 3 0.000708 0.002748 0.424884 0.571548 0.000112
3 3 0.001222 0.004418 0.454358 0.539758 0.000244
3 3 0.002348 0.005501 0.318279 0.673477 0.000395
3 3 0.007421 0.011218 0.450498 0.529858 0.001004
2 3 0.001258 0.008742 0.600785 0.388669 0.000546
3 3 0.000348 0.001809 0.487396 0.510393 0.000053
2 3 0.002762 0.010880 0.560610 0.424946 0.000801
2 3 0.000851 0.003130 0.518379 0.477488 0.000151
2 3 0.000599 0.002998 0.595946 0.400328 0.000129
3 3 0.000589 0.002096 0.399801 0.597437 0.000077
2 3 0.002272 0.008060 0.521071 0.467750 0.000847
3 3 0.002743 0.004825 0.306904 0.685151 0.000377
3 3 0.002400 0.005097 0.284834 0.707073 0.000597
3 3 0.002451 0.003625 0.226459 0.767195 0.000271
3 3 0.001659 0.003907 0.259730 0.734124 0.000580
3 3 0.005775 0.006256 0.216893 0.769822 0.001254
3 3 0.004723 0.003497 0.113691 0.877027 0.001062
3 3 0.002831 0.005587 0.359053 0.632075 0.000454
3 3 0.002937 0.003469 0.180430 0.812763 0.000401
3 3 0.004770 0.005275 0.157929 0.830475 0.001552
3 3 0.009560 0.006378 0.168307 0.814259 0.001497
3 3 0.004494 0.002390 0.088030 0.904374 0.000712
3 3 0.005935 0.002453 0.089554 0.901417 0.000640
3 3 0.005740 0.002375 0.067256 0.923422 0.001207
3 3 0.004592 0.002665 0.097769 0.894239 0.000736
3 3 0.002792 0.001189 0.050827 0.944699 0.000493
3 3 0.003266 0.001694 0.100992 0.893821 0.000226
3 3 0.003654 0.001626 0.051428 0.942283 0.001008
3 3 0.003188 0.001242 0.050072 0.944955 0.000542
3 3 0.003257 0.001750 0.079889 0.914661 0.000444
2 3 0.026572 0.039894 0.585296 0.341892 0.006347
2 3 0.054020 0.093247 0.685529 0.142355 0.024849
2 3 0.122301 0.054592 0.452984 0.361659 0.008464
2 3 0.334795 0.195058 0.373719 0.053422 0.043006
2 3 0.306175 0.246626 0.383692 0.024490 0.039018
0 0 0.542782 0.191120 0.216198 0.014981 0.034918
0 0 0.351702 0.334661 0.285697 0.002102 0.025838
2 2 0.173616 0.384797 0.396091 0.004950 0.040546
2 2 0.092512 0.378685 0.462263 0.004000 0.062540
1 2 0.130220 0.427021 0.380452 0.002856 0.059451
1 2 0.098367 0.738042 0.037539 0.000000 0.126051
1 2 0.079845 0.768074 0.029380 0.000000 0.122701
1 2 0.038976 0.731485 0.049314 0.000000 0.180225
1 2 0.035425 0.764315 0.048722 0.000000 0.151538
1 4 0.107870 0.720203 0.019008 0.000000 0.152919
1 4 0.064499 0.775672 0.038018 0.000000 0.121811
1 4 0.108571 0.754575 0.020970 0.000000 0.115884
1 4 0.075090 0.712861 0.037499 0.000000 0.174549
1 4 0.048552 0.732524 0.032327 0.000000 0.186597
1 4 0.068640 0.709352 0.034995 0.000000 0.187012
1 4 0.198876 0.536097 0.007731 0.000000 0.257295
1 4 0.145753 0.593481 0.012027 0.000000 0.248739
1 4 0.158930 0.612116 0.008753 0.000000 0.220201
4 4 0.305793 0.289290 0.004039 0.000003 0.400875
1 4 0.266903 0.385691 0.004322 0.000001 0.343083
4 4 0.255022 0.353881 0.006359 0.000004 0.384735
1 4 0.312092 0.450866 0.003443 0.000000 0.233599
4 4 0.212511 0.306358 0.002717 0.000001 0.478413
1 4 0.136370 0.631185 0.012452 0.000000 0.219992
1 4 0.138041 0.599279 0.017371 0.000001 0.245308
1 4 0.140324 0.658112 0.011987 0.000000 0.189577
1 4 0.146072 0.692911 0.012223 0.000000 0.148794
1 4 0.329241 0.442876 0.005893 0.000001 0.221989
1 4 0.188574 0.680095 0.005383 0.000000 0.125948
1 4 0.077684 0.629888 0.010604 0.000000 0.281824
1 4 0.090312 0.615618 0.012333 0.000000 0.281738
1 4 0.083797 0.685047 0.009323 0.000000 0.221833
1 4 0.335984 0.497971 0.002233 0.000000 0.163812
1 4 0.116065 0.667091 0.011155 0.000000 0.205689
4 4 0.241246 0.354340 0.004126 0.000001 0.400287
4 4 0.236833 0.362699 0.002945 0.000001 0.397522
4 4 0.242904 0.369161 0.003078 0.000001 0.384857
1 4 0.243942 0.381256 0.002418 0.000000 0.372384
1 4 0.285470 0.426871 0.002951 0.000000 0.284707
4 4 0.396466 0.179125 0.002663 0.000005 0.421742
1 4 0.313765 0.458498 0.003066 0.000000 0.224670
1 4 0.293918 0.433924 0.003158 0.000000 0.269000
1 4 0.288657 0.422633 0.003949 0.000001 0.284760
1 4 0.288641 0.419829 0.003705 0.000001 0.287825
1 4 0.307667 0.444018 0.003573 0.000000 0.244742
0 4 0.414481 0.348642 0.002310 0.000000 0.234567
0 4 0.425415 0.257014 0.002482 0.000001 0.315088
1 4 0.304206 0.423380 0.005040 0.000001 0.267373
0 4 0.535377 0.087257 0.002633 0.000034 0.374698
0 4 0.529162 0.195412 0.002694 0.000003 0.272730
0 4 0.664806 0.104986 0.001539 0.000004 0.228665
1 4 0.312365 0.448271 0.003651 0.000000 0.235714
1 4 0.320705 0.445933 0.004610 0.000001 0.228751
1 4 0.310612 0.434526 0.004644 0.000001 0.250217
1 4 0.283675 0.416439 0.003502 0.000000 0.296384
1 4 0.136614 0.733317 0.012767 0.000000 0.117302
1 4 0.103187 0.772626 0.020119 0.000000 0.104069
1 4 0.076890 0.779224 0.033198 0.000000 0.110689
1 4 0.081322 0.777269 0.035670 0.000000 0.105740
1 4 0.085198 0.771422 0.034979 0.000000 0.108401
1 4 0.052465 0.806140 0.043390 0.000000 0.098005
1 4 0.045969 0.795878 0.058676 0.000000 0.099478
1 4 0.061160 0.810960 0.048197 0.000000 0.079683
1 4 0.074649 0.778975 0.039002 0.000000 0.107374
1 0 0.438769 0.492758 0.010121 0.000001 0.058350
1 1 0.058941 0.785917 0.021446 0.000000 0.133696
1 1 0.063302 0.773318 0.018943 0.000000 0.144438
1 1 0.062573 0.781259 0.017636 0.000000 0.138532
1 1 0.069510 0.750331 0.016913 0.000000 0.163246
1 1 0.036525 0.773648 0.027508 0.000000 0.162319
1 1 0.066410 0.703180 0.011162 0.000000 0.219248
1 1 0.028579 0.706255 0.027272 0.000000 0.237894
1 0 0.096425 0.672361 0.017714 0.000000 0.213499
1 0 0.201016 0.636203 0.007343 0.000000 0.155439
1 0 0.035974 0.756912 0.024467 0.000000 0.182647
1 0 0.075349 0.841351 0.033399 0.000000 0.049902
1 0 0.436029 0.504222 0.007432 0.000000 0.052316
1 0 0.295336 0.638723 0.008909 0.000000 0.057033
1 0 0.139470 0.793263 0.015215 0.000000 0.052052
1 0 0.337047 0.607599 0.006668 0.000000 0.048686
1 0 0.466641 0.498307 0.008671 0.000000 0.026380
1 0 0.436256 0.520109 0.004738 0.000000 0.038896
1 0 0.436852 0.523605 0.004242 0.000000 0.035301
1 0 0.441914 0.528243 0.003525 0.000000 0.026318
1 0 0.438147 0.516243 0.005334 0.000000 0.040276
1 0 0.078831 0.836038 0.013703 0.000000 0.071428
1 0 0.070089 0.826365 0.019871 0.000000 0.083675
1 1 0.070030 0.826860 0.019850 0.000000 0.083261
1 1 0.217616 0.662387 0.007260 0.000000 0.112737
1 1 0.049572 0.827147 0.026485 0.000000 0.096796
1 1 0.342042 0.462560 0.005119 0.000001 0.190278
1 0 0.406319 0.538199 0.002538 0.000000 0.052944
1 0 0.170882 0.730527 0.005295 0.000000 0.093296
1 0 0.230851 0.689532 0.004676 0.000000 0.074941
1 0 0.215187 0.693345 0.013509 0.000000 0.077960
1 0 0.264335 0.564076 0.004973 0.000000 0.166616
1 0 0.060141 0.800990 0.014133 0.000000 0.124736
1 1 0.038062 0.829341 0.015480 0.000000 0.117117
1 1 0.032645 0.838140 0.029996 0.000000 0.099219
1 1 0.022548 0.836015 0.042861 0.000000 0.098576
1 1 0.033302 0.776743 0.021137 0.000000 0.168818
1 1 0.073342 0.783084 0.014963 0.000000 0.128611
1 1 0.052259 0.812137 0.022792 0.000000 0.112813
1 1 0.031376 0.796770 0.029086 0.000000 0.142769
1 1 0.040386 0.788096 0.033788 0.000000 0.137729
1 1 0.027403 0.761719 0.163527 0.000000 0.047351
1 2 0.011860 0.581261 0.361227 0.000001 0.045651
1 2 0.045865 0.769589 0.137155 0.000001 0.047390
1 2 0.049077 0.689915 0.203557 0.000003 0.057448
1 2 0.018191 0.743544 0.184563 0.000000 0.053701
2 2 0.003690 0.432005 0.528519 0.000001 0.035785
2 2 0.009714 0.379066 0.561649 0.000023 0.049549
1 2 0.120149 0.680638 0.133033 0.000008 0.066173
1 2 0.026220 0.778398 0.157591 0.000000 0.037790
1 2 0.147502 0.701916 0.095509 0.000004 0.055070
1 2 0.075522 0.611634 0.242168 0.000029 0.070648
1 2 0.014525 0.610647 0.329469 0.000001 0.045358
1 2 0.011455 0.567155 0.374700 0.000001 0.046688
2 2 0.001788 0.238671 0.743910 0.000007 0.015625
2 2 0.000232 0.094034 0.899708 0.000006 0.006019
2 2 0.000028 0.023326 0.975323 0.000029 0.001294
2 2 0.000080 0.045691 0.951161 0.000015 0.003053
2 2 0.000265 0.091375 0.901792 0.000010 0.006559
2 2 0.000239 0.090191 0.901908 0.000009 0.007653
2 2 0.000384 0.109343 0.882743 0.000010 0.007520
2 2 0.000591 0.097929 0.897921 0.000053 0.003506
1 2 0.046679 0.540711 0.368729 0.000059 0.043822
2 2 0.003234 0.344670 0.633869 0.000003 0.018224
2 2 0.000756 0.154714 0.834587 0.000009 0.009934
2 2 0.001511 0.236042 0.750859 0.000005 0.011583
2 2 0.000090 0.051165 0.946449 0.000012 0.002285
2 2 0.007732 0.384146 0.583786 0.000013 0.024322
2 2 0.000489 0.113391 0.878935 0.000015 0.007170
2 2 0.000579 0.140558 0.851237 0.000007 0.007619
2 2 0.000376 0.079474 0.912961 0.000049 0.007140
1 2 0.147413 0.553185 0.246423 0.000273 0.052706
2 2 0.017683 0.446082 0.505157 0.000034 0.031045
2 2 0.000432 0.122509 0.871069 0.000007 0.005983
2 2 0.000997 0.206547 0.782035 0.000004 0.010418
2 2 0.000027 0.020340 0.978510 0.000050 0.001072
2 2 0.000027 0.026365 0.972476 0.000014 0.001117
2 2 0.000021 0.023519 0.975233 0.000013 0.001213
2 2 0.000089 0.043777 0.953686 0.000024 0.002423
2 2 0.000018 0.017513 0.981816 0.000037 0.000616
2 2 0.000091 0.048505 0.949191 0.000016 0.002197
2 2 0.000005 0.006755 0.992764 0.000156 0.000320
2 2 0.000002 0.003513 0.996197 0.000180 0.000108
2 2 0.000001 0.002472 0.997258 0.000189 0.000080
2 2 0.000002 0.004262 0.995373 0.000218 0.000145
2 2 0.000002 0.002922 0.996576 0.000425 0.000076
2 2 0.000001 0.002174 0.997564 0.000212 0.000050
2 2 0.000004 0.004517 0.994690 0.000647 0.000143
2 2 0.000006 0.007231 0.992329 0.000183 0.000251
2 2 0.000002 0.003369 0.996291 0.000251 0.000088
2 2 0.000006 0.006444 0.993084 0.000257 0.000208
2 2 0.000011 0.007010 0.991838 0.000857 0.000285
2 2 0.000112 0.021382 0.975550 0.001510 0.001445
2 2 0.000027 0.010251 0.987790 0.001466 0.000465
2 2 0.010817 0.100854 0.870329 0.008344 0.009657
2 2 0.024226 0.356417 0.603079 0.000401 0.015877
2 2 0.001201 0.124255 0.866280 0.000094 0.008169
2 2 0.000519 0.067198 0.924873 0.000262 0.007148
2 2 0.002522 0.164147 0.823488 0.000139 0.009704
2 2 0.001654 0.134400 0.852136 0.000139 0.011670
1 2 0.141668 0.596029 0.234843 0.000146 0.027314
1 2 0.045262 0.754788 0.157572 0.000001 0.042377
1 2 0.082022 0.687876 0.157014 0.000006 0.073082
1 2 0.017921 0.571084 0.361277 0.000004 0.049714
1 2 0.059311 0.728997 0.160766 0.000002 0.050924
1 4 0.018934 0.703411 0.239274 0.000000 0.038381
1 4 0.026099 0.602147 0.310329 0.000004 0.061420
1 4 0.250692 0.591642 0.085310 0.000024 0.072331
1 4 0.025542 0.665698 0.258998 0.000001 0.049760
2 4 0.006972 0.473397 0.477084 0.000002 0.042545
2 4 0.003560 0.275967 0.693946 0.000016 0.026511
2 2 0.000000 0.000906 0.998987 0.000092 0.000015
2 2 0.000000 0.001085 0.998822 0.000070 0.000024
2 2 0.000004 0.008052 0.991640 0.000038 0.000265
2 2 0.000000 0.001467 0.998426 0.000069 0.000037
2 2 0.000000 0.001191 0.998672 0.000111 0.000025
2 2 0.000001 0.002520 0.997304 0.000083 0.000091
2 2 0.000001 0.002842 0.996871 0.000200 0.000086
2 2 0.000012 0.011630 0.987827 0.000100 0.000431
2 2 0.000034 0.019285 0.979677 0.000119 0.000885
2 2 0.000051 0.035758 0.962845 0.000016 0.001330
2 2 0.000035 0.022624 0.976066 0.000060 0.001215
2 2 0.000144 0.049814 0.947009 0.000045 0.002988
2 2 0.000041 0.022727 0.976314 0.000085 0.000834
2 2 0.004258 0.193322 0.794352 0.000215 0.007852
2 2 0.000541 0.101991 0.893220 0.000034 0.004213
2 2 0.000001 0.002565 0.996922 0.000447 0.000064
2 2 0.002254 0.127228 0.861360 0.000414 0.008744
2 2 0.000782 0.116404 0.875476 0.000044 0.007294
1 2 0.104025 0.486706 0.341086 0.000598 0.067586
2 2 0.000658 0.126209 0.863584 0.000018 0.009531
2 2 0.000005 0.006655 0.992899 0.000132 0.000308
2 2 0.000007 0.008604 0.990939 0.000088 0.000363
2 2 0.000195 0.057099 0.939045 0.000048 0.003612
2 2 0.000173 0.054805 0.941779 0.000044 0.003199
1 2 0.188416 0.520088 0.241328 0.000530 0.049638
2 2 0.003881 0.302701 0.674946 0.000012 0.018460
2 2 0.000619 0.129972 0.862418 0.000014 0.006977
2 2 0.000252 0.068761 0.927317 0.000037 0.003633
2 2 0.000107 0.042060 0.955606 0.000048 0.002178
2 2 0.000107 0.047252 0.949293 0.000027 0.003321
2 2 0.000040 0.030056 0.968553 0.000021 0.001330
2 2 0.000004 0.007445 0.992261 0.000062 0.000228
2 2 0.000024 0.019801 0.979001 0.000043 0.001131
2 2 0.000051 0.036109 0.962442 0.000015 0.001383
2 2 0.000063 0.038594 0.959284 0.000019 0.002040
2 2 0.000001 0.003595 0.996188 0.000081 0.000134
2 2 0.000011 0.013611 0.985709 0.000038 0.000631
2 2 0.000027 0.021846 0.977377 0.000034 0.000716
2 2 0.000003 0.006409 0.993286 0.000070 0.000232
2 2 0.000112 0.046811 0.950817 0.000031 0.002230
2 2 0.000086 0.030596 0.967327 0.000131 0.001859
2 2 0.000890 0.087358 0.904978 0.000274 0.006501
2 2 0.054115 0.400479 0.485771 0.000903 0.058733
2 2 0.008399 0.307523 0.658185 0.000072 0.025821
2 2 0.001090 0.142487 0.846248 0.000035 0.010141
2 2 0.000142 0.036489 0.960689 0.000200 0.002479
2 2 0.001025 0.142922 0.845055 0.000029 0.010968
2 2 0.000043 0.025235 0.972829 0.000059 0.001833
2 2 0.000024 0.013906 0.984543 0.000242 0.001286
2 2 0.011594 0.305552 0.656913 0.000169 0.025773
2 2 0.001289 0.139353 0.849890 0.000061 0.009407
2 2 0.000115 0.032416 0.963540 0.000212 0.003717
2 2 0.006941 0.241522 0.721426 0.000191 0.029920
2 2 0.007393 0.359114 0.606506 0.000019 0.026968
2 2 0.004725 0.239600 0.738982 0.000079 0.016614
2 2 0.000399 0.065194 0.929309 0.000156 0.004943
2 2 0.011399 0.303454 0.645795 0.000159 0.039194
1 2 0.035362 0.470040 0.456959 0.000114 0.037526
2 2 0.011618 0.414167 0.541695 0.000021 0.032500
2 2 0.000277 0.072320 0.923500 0.000036 0.003866
2 2 0.000005 0.006715 0.992924 0.000131 0.000225
2 2 0.000095 0.028736 0.968556 0.000235 0.002378
2 2 0.000995 0.078382 0.910970 0.000633 0.009020
2 2 0.000225 0.031975 0.964751 0.001249 0.001800
2 2 0.000411 0.057503 0.937410 0.000317 0.004360
2 2 0.000073 0.033648 0.964663 0.000053 0.001563
2 2 0.000031 0.016983 0.981786 0.000167 0.001033
2 2 0.000443 0.056865 0.938791 0.000408 0.003492
2 2 0.000358 0.049807 0.945826 0.000457 0.003552
2 2 0.000289 0.045101 0.950445 0.000434 0.003732
2 2 0.001890 0.079415 0.910503 0.003064 0.005128
2 2 0.000100 0.019891 0.977350 0.001606 0.001053
2 2 0.000068 0.019310 0.979164 0.000677 0.000781
2 2 0.000405 0.050829 0.945073 0.000567 0.003126
2 2 0.000029 0.010597 0.987576 0.001389 0.000410
2 2 0.000022 0.010710 0.988126 0.000668 0.000475
2 2 0.000028 0.009739 0.987920 0.001923 0.000391
2 2 0.000124 0.027143 0.970547 0.000608 0.001578
2 2 0.000893 0.051971 0.939745 0.003832 0.003559
2 2 0.002984 0.087816 0.900828 0.003829 0.004544
2 2 0.001218 0.161454 0.830252 0.000024 0.007052
2 2 0.000017 0.014613 0.984726 0.000077 0.000567
2 2 0.000300 0.059872 0.937358 0.000116 0.002354
2 2 0.000120 0.038379 0.959414 0.000101 0.001986
2 2 0.000887 0.074616 0.919253 0.000611 0.004633
2 2 0.001323 0.116503 0.871483 0.000168 0.010523
2 2 0.000255 0.067140 0.929604 0.000043 0.002958
2 2 0.000013 0.012932 0.986459 0.000071 0.000525
2 2 0.000003 0.006125 0.993625 0.000066 0.000181
2 2 0.000309 0.070723 0.924450 0.000053 0.004464
2 2 0.000022 0.010016 0.988431 0.000967 0.000564
2 2 0.002589 0.111347 0.878120 0.001197 0.006748
2 2 0.000765 0.103278 0.890634 0.000078 0.005245
2 2 0.000098 0.034518 0.963789 0.000102 0.001493
2 2 0.000024 0.016015 0.983076 0.000115 0.000770
2 2 0.000043 0.022273 0.976683 0.000107 0.000894
2 2 0.000007 0.006757 0.992676 0.000275 0.000286
2 2 0.000041 0.017832 0.981204 0.000284 0.000639
2 2 0.030346 0.394761 0.557658 0.000338 0.016896
2 2 0.000620 0.067119 0.927079 0.000418 0.004765
2 2 0.000715 0.095193 0.898142 0.000100 0.005850
2 2 0.000010 0.008184 0.990976 0.000335 0.000495
2 2 0.000211 0.043286 0.953939 0.000237 0.002326
2 2 0.000095 0.026195 0.972020 0.000364 0.001325
1 2 0.073969 0.505253 0.383434 0.000302 0.037042
2 2 0.000301 0.060208 0.934991 0.000113 0.004388
2 2 0.000021 0.014834 0.984212 0.000117 0.000815
2 2 0.000256 0.052732 0.942149 0.000146 0.004717
2 2 0.000181 0.037881 0.958060 0.000312 0.003567
2 2 0.000015 0.013010 0.986053 0.000102 0.000819
2 2 0.000008 0.008231 0.991276 0.000180 0.000305
2 2 0.000262 0.079016 0.915327 0.000020 0.005375
2 2 0.000001 0.002534 0.997229 0.000174 0.000062
2 2 0.000005 0.006883 0.992749 0.000107 0.000256
2 2 0.000001 0.003051 0.996758 0.000102 0.000088
2 2 0.000004 0.005254 0.994005 0.000299 0.000438
2 2 0.000027 0.016614 0.982471 0.000131 0.000757
2 2 0.000001 0.002028 0.997631 0.000282 0.000058
2 2 0.000006 0.005796 0.993424 0.000472 0.000302
2 2 0.000078 0.033531 0.964711 0.000065 0.001616
2 2 0.000140 0.006749 0.955677 0.037069 0.000366
2 2 0.000084 0.005883 0.958445 0.035356 0.000232
2 2 0.000033 0.004239 0.962969 0.032645 0.000113
2 3 0.000143 0.006167 0.938522 0.054883 0.000285
2 3 0.000354 0.012998 0.937619 0.048184 0.000846
2 3 0.000370 0.013126 0.932769 0.052932 0.000802
