0 0 0.964515 0.025490 0.004233 0.000003 0.005758
0 0 0.957167 0.025826 0.003259 0.000005 0.013743
0 0 0.976713 0.014768 0.002733 0.000008 0.005777
0 0 0.972617 0.015966 0.006136 0.000095 0.005186
0 0 0.977569 0.010350 0.006932 0.000824 0.004324
0 0 0.941192 0.031924 0.003860 0.000008 0.023017
0 0 0.973661 0.018043 0.002352 0.000002 0.005942
0 0 0.965547 0.025332 0.001665 0.000000 0.007456
0 0 0.969690 0.019524 0.001953 0.000001 0.008831
0 0 0.976960 0.015042 0.002365 0.000004 0.005629
0 0 0.959299 0.020849 0.006153 0.000136 0.013563
0 0 0.978423 0.008884 0.004207 0.000698 0.007789
0 0 0.948241 0.025837 0.014782 0.000820 0.010320
0 0 0.962084 0.026637 0.001860 0.000000 0.009418
0 0 0.945627 0.038686 0.002878 0.000000 0.012809
0 0 0.955188 0.031520 0.005333 0.000005 0.007954
0 0 0.961899 0.026004 0.002904 0.000002 0.009191
0 0 0.967347 0.022581 0.003708 0.000004 0.006360
0 0 0.961199 0.022897 0.003482 0.000009 0.012413
0 0 0.948831 0.037106 0.002596 0.000000 0.011466
0 0 0.958567 0.020675 0.000729 0.000000 0.020029
0 0 0.878416 0.062293 0.000909 0.000000 0.058382
0 0 0.920979 0.033144 0.001140 0.000000 0.044736
0 0 0.960945 0.020996 0.002441 0.000005 0.015613
0 0 0.970722 0.014278 0.000499 0.000000 0.014501
0 0 0.937710 0.028936 0.001390 0.000000 0.031964
0 0 0.959617 0.019647 0.001190 0.000001 0.019546
0 0 0.964744 0.016458 0.001114 0.000001 0.017683
0 0 0.933038 0.026505 0.001396 0.000001 0.039060
0 0 0.919349 0.036989 0.002539 0.000002 0.041120
0 0 0.938279 0.037508 0.004156 0.000004 0.020053
0 0 0.888314 0.068747 0.006117 0.000003 0.036820
0 0 0.759037 0.176813 0.007302 0.000000 0.056847
0 0 0.885447 0.069661 0.003152 0.000000 0.041739
0 0 0.737646 0.142153 0.015792 0.000017 0.104392
0 0 0.910559 0.049135 0.003211 0.000001 0.037094
0 0 0.928034 0.034473 0.003294 0.000006 0.034193
0 0 0.840137 0.098131 0.008999 0.000004 0.052729
0 0 0.867656 0.085797 0.005439 0.000001 0.041106
0 0 0.845973 0.090633 0.008878 0.000006 0.054510
0 0 0.887157 0.062536 0.029000 0.000516 0.020791
0 0 0.922567 0.050339 0.002302 0.000000 0.024792
0 0 0.898529 0.058195 0.008434 0.000017 0.034825
0 0 0.907926 0.062555 0.012770 0.000017 0.016731
0 0 0.931081 0.043384 0.007506 0.000015 0.018014
0 0 0.891497 0.070453 0.007386 0.000004 0.030660
0 0 0.897245 0.078047 0.002906 0.000000 0.021803
0 0 0.948295 0.035223 0.004766 0.000004 0.011711
0 0 0.911453 0.065383 0.005528 0.000001 0.017635
0 0 0.928964 0.048783 0.004145 0.000001 0.018107
0 0 0.876858 0.089024 0.008350 0.000001 0.025767
0 0 0.897996 0.073212 0.006414 0.000001 0.022377
0 0 0.923191 0.056228 0.007382 0.000003 0.013196
0 0 0.893111 0.067004 0.014193 0.000038 0.025655
0 0 0.874254 0.086156 0.011026 0.000005 0.028559
0 0 0.875461 0.082514 0.015213 0.000020 0.026792
0 0 0.897679 0.070343 0.009317 0.000005 0.022656
0 0 0.907539 0.066676 0.006665 0.000001 0.019118
0 0 0.904271 0.071344 0.006983 0.000001 0.017400
0 1 0.897630 0.077592 0.007256 0.000001 0.017521
0 1 0.662077 0.249835 0.058523 0.000019 0.029547
0 0 0.541932 0.289462 0.125519 0.000277 0.042810
0 1 0.705475 0.159117 0.108094 0.001215 0.026099
0 1 0.788179 0.157384 0.037571 0.000013 0.016854
0 1 0.815758 0.139030 0.023993 0.000006 0.021212
0 0 0.755914 0.158460 0.072346 0.000092 0.013188
0 0 0.789983 0.099362 0.088583 0.003133 0.018938
0 0 0.857714 0.094791 0.027932 0.000058 0.019505
0 0 0.830339 0.117691 0.028552 0.000031 0.023386
0 0 0.846594 0.108462 0.022543 0.000018 0.022384
0 0 0.923299 0.053324 0.002831 0.000000 0.020546
0 0 0.914535 0.058172 0.004802 0.000001 0.022490
0 0 0.927433 0.049820 0.007237 0.000005 0.015505
0 0 0.933733 0.043996 0.002482 0.000000 0.019789
0 0 0.915128 0.055646 0.003920 0.000001 0.025305
0 0 0.940339 0.037908 0.005883 0.000009 0.015861
0 0 0.906471 0.062964 0.018456 0.000038 0.012071
0 0 0.917032 0.059287 0.010440 0.000007 0.013233
0 0 0.940411 0.037166 0.013366 0.000083 0.008974
0 0 0.927159 0.044443 0.002224 0.000000 0.026174
0 0 0.917211 0.055962 0.005902 0.000002 0.020922
0 0 0.900008 0.066096 0.018792 0.000047 0.015057
0 0 0.931157 0.044701 0.014231 0.000052 0.009860
0 0 0.920975 0.049422 0.014526 0.000070 0.015007
0 0 0.942702 0.040436 0.005491 0.000003 0.011368
0 0 0.947701 0.037398 0.001865 0.000000 0.013036
0 0 0.934949 0.047820 0.003124 0.000000 0.014107
0 0 0.942223 0.041920 0.003586 0.000001 0.012271
0 0 0.937166 0.046639 0.002451 0.000000 0.013744
0 0 0.923846 0.053834 0.002929 0.000000 0.019390
0 0 0.929390 0.049074 0.004473 0.000001 0.017061
0 0 0.947835 0.037097 0.002061 0.000000 0.013007
0 0 0.933338 0.049599 0.002904 0.000000 0.014159
0 0 0.928979 0.050628 0.002667 0.000000 0.017726
0 0 0.942172 0.041354 0.008766 0.000008 0.007700
0 0 0.960660 0.027164 0.006507 0.000011 0.005657
0 0 0.915013 0.055870 0.011118 0.000020 0.017979
0 0 0.941444 0.043300 0.002592 0.000000 0.012664
0 0 0.941011 0.043954 0.004438 0.000001 0.010595
0 0 0.931408 0.049099 0.004530 0.000001 0.014962
0 0 0.927955 0.053445 0.005576 0.000001 0.013024
0 0 0.909603 0.065343 0.006435 0.000001 0.018619
0 0 0.924814 0.055092 0.005930 0.000001 0.014162
0 0 0.929924 0.054331 0.005265 0.000001 0.010480
0 0 0.931007 0.051561 0.006467 0.000002 0.010963
0 0 0.931775 0.053605 0.004506 0.000000 0.010114
0 0 0.929810 0.047988 0.016231 0.000026 0.005945
0 0 0.840188 0.081617 0.061114 0.001458 0.015623
0 0 0.875835 0.043808 0.064003 0.009008 0.007346
0 0 0.881353 0.050026 0.055498 0.004064 0.009059
0 0 0.929278 0.042354 0.012904 0.000096 0.015368
0 0 0.914267 0.063689 0.005922 0.000001 0.016122
0 0 0.951956 0.032220 0.006650 0.000013 0.009161
0 0 0.950548 0.031662 0.006317 0.000016 0.011456
0 0 0.948649 0.029881 0.000782 0.000000 0.020688
0 0 0.942593 0.034391 0.000840 0.000000 0.022176
0 0 0.946051 0.037832 0.001222 0.000000 0.014896
0 0 0.939094 0.038079 0.000786 0.000000 0.022041
0 0 0.924022 0.045641 0.000893 0.000000 0.029443
0 0 0.917492 0.047067 0.001096 0.000000 0.034345
0 0 0.804369 0.098525 0.003281 0.000000 0.093825
0 0 0.850658 0.076274 0.001470 0.000000 0.071598
0 0 0.820062 0.094982 0.002307 0.000000 0.082649
0 1 0.527759 0.337773 0.009799 0.000000 0.124669
0 1 0.501813 0.407498 0.007097 0.000000 0.083591
1 0 0.298081 0.447988 0.058295 0.000022 0.195614
0 1 0.469274 0.416895 0.008359 0.000000 0.105472
1 2 0.406448 0.453348 0.021948 0.000000 0.118256
1 2 0.269954 0.453368 0.062054 0.000026 0.214599
1 2 0.213331 0.434000 0.089168 0.000151 0.263350
1 2 0.202790 0.407163 0.154440 0.001560 0.234047
1 0 0.274492 0.446672 0.118403 0.000220 0.160213
0 0 0.878072 0.075865 0.012800 0.000022 0.033240
0 0 0.838753 0.098985 0.010461 0.000006 0.051795
0 0 0.823014 0.115747 0.007925 0.000001 0.053313
0 4 0.788052 0.147312 0.007076 0.000000 0.057560
1 4 0.389880 0.459603 0.048037 0.000004 0.102476
1 4 0.277068 0.460589 0.117592 0.000139 0.144612
1 4 0.179874 0.475331 0.202858 0.000384 0.141553
1 2 0.155470 0.445297 0.182178 0.000753 0.216302
2 2 0.012326 0.217334 0.753645 0.000713 0.015982
2 2 0.000856 0.050678 0.932393 0.011327 0.004747
2 2 0.000324 0.024545 0.967710 0.005879 0.001541
2 2 0.002908 0.084943 0.901786 0.005086 0.005277
2 2 0.004674 0.121306 0.855304 0.006399 0.012317
2 2 0.003040 0.092205 0.888994 0.007473 0.008288
2 2 0.000738 0.046342 0.935416 0.012727 0.004776
2 2 0.000894 0.047549 0.934769 0.012092 0.004696
2 2 0.000994 0.051876 0.936705 0.006687 0.003738
2 2 0.005130 0.072021 0.828532 0.073883 0.020433
2 2 0.001840 0.025183 0.862127 0.105225 0.005625
2 2 0.008394 0.126149 0.762249 0.063765 0.039443
2 2 0.001524 0.017219 0.717726 0.257290 0.006241
2 2 0.003628 0.057760 0.631334 0.263985 0.043294
2 2 0.002010 0.016382 0.610959 0.363453 0.007196
2 2 0.001479 0.017164 0.688750 0.285633 0.006974
2 2 0.005150 0.040950 0.616423 0.313972 0.023506
3 2 0.001966 0.017338 0.471468 0.495673 0.013555
2 2 0.324999 0.224119 0.423729 0.012354 0.014799
2 2 0.030419 0.213628 0.731561 0.006371 0.018021
2 2 0.024765 0.124273 0.795889 0.036973 0.018101
2 2 0.004876 0.021726 0.742377 0.226120 0.004902
2 2 0.011074 0.050854 0.876446 0.055962 0.005664
2 2 0.006700 0.028453 0.694798 0.261930 0.008119
2 2 0.004567 0.025363 0.720832 0.242194 0.007044
3 2 0.005411 0.017397 0.453950 0.514314 0.008927
2 2 0.005194 0.020060 0.604703 0.363140 0.006903
2 2 0.009267 0.027290 0.642276 0.312751 0.008416
3 2 0.004757 0.022613 0.368372 0.582400 0.021858
3 3 0.001335 0.007617 0.300484 0.683865 0.006699
3 0 0.035261 0.044040 0.218523 0.628525 0.073653
0 0 0.416984 0.287829 0.211353 0.005024 0.078810
0 0 0.644927 0.216838 0.079523 0.000342 0.058370
0 1 0.645505 0.202180 0.121398 0.000762 0.030155
1 1 0.372546 0.404639 0.163754 0.000240 0.058821
1 1 0.328157 0.441665 0.157908 0.000186 0.072084
1 1 0.344412 0.436765 0.164740 0.000146 0.053938
2 1 0.112394 0.381274 0.410172 0.004817 0.091343
2 2 0.090047 0.342292 0.475263 0.009750 0.082648
2 2 0.053626 0.283343 0.610722 0.008821 0.043488
2 2 0.001576 0.039842 0.947751 0.008611 0.002220
2 2 0.002954 0.093384 0.867683 0.022310 0.013670
2 2 0.003143 0.085700 0.898141 0.007438 0.005578
2 2 0.002917 0.089175 0.883762 0.014606 0.009540
2 2 0.003693 0.095701 0.877719 0.013363 0.009525
2 2 0.001747 0.038505 0.821935 0.125495 0.012319
2 2 0.002845 0.079486 0.890377 0.017529 0.009762
2 2 0.004074 0.102720 0.862846 0.017773 0.012587
2 2 0.002910 0.060108 0.778912 0.132600 0.025471
2 2 0.005375 0.053722 0.693306 0.221794 0.025803
3 2 0.002741 0.018206 0.463900 0.503489 0.011663
3 2 0.003179 0.018800 0.402126 0.561466 0.014429
3 2 0.001524 0.008676 0.260654 0.719846 0.009300
3 3 0.002319 0.009272 0.325196 0.656621 0.006592
3 3 0.000704 0.004010 0.187685 0.802750 0.004851
3 3 0.001233 0.005427 0.255528 0.733454 0.004358
3 3 0.002194 0.008926 0.216281 0.762184 0.010415
3 3 0.000534 0.002513 0.133209 0.860187 0.003557
3 3 0.001560 0.006683 0.194320 0.788929 0.008508
3 3 0.002333 0.009176 0.261057 0.718687 0.008747
3 3 0.001585 0.002418 0.074759 0.917022 0.004217
3 3 0.003456 0.019570 0.332648 0.623403 0.020924
3 3 0.003718 0.010741 0.199474 0.773169 0.012898
3 3 0.000927 0.004585 0.179287 0.809564 0.005637
3 3 0.003407 0.014749 0.318915 0.648778 0.014151
3 3 0.001046 0.003991 0.148224 0.841336 0.005403
3 3 0.004071 0.008887 0.159156 0.815532 0.012355
3 3 0.000696 0.002488 0.116820 0.876427 0.003570
3 3 0.000639 0.002957 0.156973 0.835995 0.003436
3 3 0.000877 0.003113 0.138372 0.853698 0.003940
3 3 0.002116 0.002638 0.070781 0.919910 0.004553
3 3 0.003761 0.003208 0.063191 0.923769 0.006071
3 3 0.001980 0.003357 0.093299 0.896328 0.005036
3 3 0.000886 0.001167 0.049360 0.946272 0.002314
3 3 0.001440 0.004372 0.139363 0.849003 0.005822
3 3 0.001675 0.001663 0.050594 0.942812 0.003256
3 3 0.003773 0.004280 0.083993 0.900811 0.007144
3 3 0.000803 0.001139 0.050534 0.945254 0.002270
3 2 0.027949 0.018183 0.125128 0.806719 0.022022
3 2 0.006505 0.030418 0.398180 0.539129 0.025769
3 3 0.001348 0.007684 0.245634 0.736805 0.008529
3 3 0.001917 0.010142 0.262731 0.713945 0.011265
3 3 0.003300 0.017058 0.363016 0.601601 0.015024
3 3 0.001895 0.009902 0.262482 0.715302 0.010418
3 3 0.002646 0.011767 0.254673 0.717538 0.013376
3 3 0.000722 0.003714 0.164425 0.826130 0.005009
3 3 0.002598 0.009343 0.204192 0.771612 0.012255
3 3 0.000671 0.003085 0.144371 0.847619 0.004254
3 3 0.000213 0.001182 0.102844 0.893959 0.001802
3 3 0.000887 0.002536 0.104970 0.887737 0.003870
3 3 0.001310 0.004150 0.139207 0.849833 0.005500
3 3 0.001448 0.002854 0.090611 0.900132 0.004955
3 3 0.002383 0.003818 0.096500 0.891708 0.005590
3 3 0.005034 0.004191 0.070738 0.912429 0.007607
3 3 0.001273 0.001318 0.045833 0.948791 0.002786
3 3 0.000748 0.000855 0.039522 0.957040 0.001835
3 3 0.000799 0.001406 0.061683 0.933380 0.002732
3 3 0.000722 0.001327 0.062085 0.933423 0.002443
3 3 0.000618 0.000723 0.037793 0.959456 0.001411
3 3 0.001954 0.001972 0.055070 0.937185 0.003819
3 3 0.002435 0.000974 0.024467 0.969677 0.002447
3 3 0.002515 0.002463 0.060130 0.930233 0.004660
3 3 0.004843 0.003875 0.067586 0.916889 0.006807
3 3 0.006872 0.004386 0.063395 0.917255 0.008092
3 3 0.007711 0.003095 0.042443 0.940228 0.006523
3 3 0.001813 0.001442 0.041993 0.951681 0.003071
3 3 0.002180 0.001181 0.031328 0.962545 0.002765
3 3 0.004605 0.001239 0.022191 0.968650 0.003314
3 3 0.002411 0.001240 0.031203 0.962242 0.002904
3 3 0.004616 0.002543 0.045592 0.942032 0.005217
3 3 0.002231 0.000954 0.025014 0.969394 0.002406
3 3 0.004438 0.001255 0.022818 0.968102 0.003387
3 3 0.001339 0.001418 0.048629 0.945836 0.002778
3 3 0.002152 0.001991 0.053495 0.938650 0.003712
3 3 0.002811 0.001063 0.024774 0.968697 0.002654
3 3 0.002176 0.001501 0.040175 0.953052 0.003096
3 3 0.005174 0.002351 0.039837 0.947625 0.005012
3 3 0.001241 0.000455 0.016097 0.980865 0.001342
3 3 0.001193 0.000568 0.020699 0.976057 0.001484
3 3 0.008922 0.004007 0.050937 0.928301 0.007832
3 3 0.006773 0.002714 0.039482 0.944918 0.006114
3 3 0.004853 0.001527 0.026508 0.963202 0.003910
3 3 0.006143 0.001550 0.023805 0.964388 0.004113
3 3 0.001733 0.000572 0.017234 0.978905 0.001557
3 3 0.003425 0.001471 0.030692 0.960866 0.003546
3 3 0.005337 0.001351 0.022604 0.967261 0.003446
3 3 0.004490 0.001032 0.018579 0.972876 0.003022
3 2 0.007297 0.002135 0.029710 0.955395 0.005463
3 2 0.098961 0.060447 0.216744 0.570562 0.053287
2 2 0.339958 0.186383 0.422254 0.031535 0.019870
2 3 0.047068 0.315868 0.565143 0.005552 0.066369
2 2 0.008008 0.135989 0.759051 0.047783 0.049170
2 2 0.016934 0.206230 0.720845 0.014299 0.041692
2 2 0.013675 0.193751 0.750026 0.009883 0.032665
2 2 0.013399 0.199587 0.748007 0.007124 0.031882
2 2 0.013235 0.196956 0.748230 0.008380 0.033198
2 2 0.009285 0.171639 0.775871 0.011465 0.031741
2 2 0.012399 0.152652 0.799861 0.016833 0.018254
2 2 0.011051 0.188880 0.746733 0.012321 0.041015
2 4 0.002767 0.087862 0.831174 0.041691 0.036506
4 4 0.031591 0.311028 0.042233 0.000010 0.615138
4 4 0.024802 0.356721 0.105266 0.000057 0.513154
4 4 0.013278 0.244868 0.078751 0.000132 0.662971
4 4 0.032491 0.388216 0.106606 0.000048 0.472640
4 2 0.014526 0.223421 0.051363 0.000065 0.710625
4 0 0.017393 0.278119 0.061796 0.000032 0.642661
4 0 0.070677 0.348402 0.048749 0.000030 0.532142
4 4 0.065291 0.307703 0.043478 0.000048 0.583480
4 4 0.023057 0.274049 0.061293 0.000062 0.641540
4 4 0.025446 0.211919 0.033353 0.000058 0.729225
1 4 0.203234 0.386656 0.035614 0.000017 0.374479
1 4 0.138920 0.438610 0.055066 0.000016 0.367388
4 4 0.081422 0.404612 0.091676 0.000104 0.422187
4 4 0.060459 0.392302 0.105673 0.000136 0.441430
4 0 0.098259 0.350681 0.045126 0.000037 0.505898
1 0 0.356639 0.403853 0.010179 0.000000 0.229328
1 1 0.373294 0.416027 0.009954 0.000000 0.200725
4 1 0.075783 0.361298 0.065902 0.000077 0.496939
1 1 0.040124 0.411945 0.176696 0.000219 0.371016
1 2 0.042552 0.449687 0.181720 0.000109 0.325931
2 2 0.028937 0.322904 0.577281 0.001988 0.068891
2 2 0.011459 0.287138 0.667004 0.000253 0.034146
2 2 0.014086 0.278193 0.656366 0.001091 0.050264
2 2 0.008580 0.241151 0.693430 0.001682 0.055157
2 2 0.023310 0.318079 0.622700 0.000441 0.035470
2 2 0.029394 0.391754 0.502120 0.000350 0.076382
2 2 0.014405 0.276225 0.679133 0.000437 0.029800
2 2 0.043047 0.424564 0.473000 0.000194 0.059195
2 2 0.023118 0.353158 0.567284 0.000376 0.056065
1 2 0.062472 0.502546 0.390711 0.000030 0.044241
2 -1 0.094786 0.366075 0.457430 0.004827 0.076881
1 1 0.179390 0.424904 0.334935 0.001003 0.059767
1 0 0.419869 0.441180 0.098010 0.000014 0.040927
0 0 0.528322 0.316700 0.101539 0.000119 0.053320
0 0 0.622886 0.217532 0.105771 0.000820 0.052991
0 0 0.718753 0.190887 0.053343 0.000068 0.036950
0 1 0.533805 0.367054 0.062184 0.000005 0.036951
1 1 0.433456 0.447749 0.084431 0.000005 0.034359
1 2 0.223687 0.493480 0.215448 0.000114 0.067271
1 0 0.237589 0.473968 0.224482 0.000184 0.063777
1 0 0.378287 0.396340 0.190896 0.000191 0.034286
0 0 0.581472 0.214861 0.161108 0.002545 0.040014
0 1 0.505324 0.366587 0.092758 0.000022 0.035309
1 1 0.345940 0.480726 0.149049 0.000008 0.024277
1 2 0.216261 0.485840 0.259095 0.000075 0.038729
2 1 0.083229 0.359104 0.535162 0.000505 0.022001
2 1 0.052879 0.316203 0.598457 0.001638 0.030822
2 2 0.048832 0.295418 0.631903 0.001415 0.022432
2 2 0.065268 0.351827 0.554030 0.000697 0.028178
2 0 0.064959 0.306255 0.610624 0.000962 0.017200
0 0 0.810308 0.108116 0.047277 0.000542 0.033757
0 0 0.908502 0.068537 0.006139 0.000001 0.016822
0 0 0.763407 0.180280 0.027104 0.000005 0.029204
0 0 0.887737 0.077816 0.008356 0.000003 0.026089
0 0 0.857058 0.089120 0.025734 0.000104 0.027985
0 0 0.855738 0.104975 0.007010 0.000000 0.032276
0 0 0.895767 0.078324 0.004192 0.000000 0.021717
0 0 0.736686 0.221058 0.011003 0.000000 0.031252
0 0 0.580175 0.359043 0.024411 0.000000 0.036371
0 0 0.609105 0.266991 0.049952 0.000034 0.073919
1 1 0.345604 0.439343 0.182026 0.000071 0.032956
1 1 0.133997 0.467582 0.355431 0.000162 0.042828
2 1 0.083012 0.417103 0.472046 0.000165 0.027674
2 2 0.046122 0.370912 0.540652 0.000489 0.041826
2 2 0.027553 0.263355 0.687066 0.001174 0.020851
2 2 0.012983 0.191999 0.783624 0.000919 0.010475
2 1 0.021510 0.257004 0.683511 0.002613 0.035362
2 2 0.032231 0.298717 0.608492 0.003616 0.056943
2 2 0.017775 0.223459 0.729910 0.003164 0.025692
2 1 0.022613 0.264715 0.686003 0.001153 0.025515
2 1 0.003917 0.092217 0.896659 0.003268 0.003939
2 1 0.009009 0.131603 0.851485 0.002369 0.005534
2 1 0.104658 0.414267 0.461993 0.000113 0.018969
2 1 0.007059 0.129977 0.855425 0.001745 0.005794
2 2 0.003080 0.095568 0.894458 0.002198 0.004696
2 2 0.007549 0.152506 0.829964 0.001324 0.008657
2 2 0.006104 0.141377 0.843394 0.001271 0.007854
2 2 0.005093 0.129110 0.832984 0.012755 0.020058
2 2 0.000950 0.048166 0.939619 0.007820 0.003445
2 2 0.001786 0.062507 0.908855 0.018612 0.008239
2 2 0.040201 0.306567 0.557911 0.008506 0.086815
2 0 0.057331 0.326446 0.542928 0.005827 0.067467
2 0 0.178136 0.370611 0.385710 0.003605 0.061938
0 0 0.569916 0.247571 0.134280 0.000882 0.047352
0 0 0.669362 0.234874 0.055298 0.000034 0.040433
0 1 0.687499 0.234735 0.044307 0.000011 0.033448
1 1 0.407576 0.448602 0.092912 0.000015 0.050896
1 1 0.419472 0.452069 0.088886 0.000007 0.039566
1 2 0.270152 0.483515 0.194053 0.000074 0.052205
1 0 0.215525 0.473117 0.284659 0.000058 0.026640
0 1 0.428004 0.412527 0.127393 0.000033 0.032044
1 0 0.338150 0.448921 0.192734 0.000025 0.020170
0 1 0.410092 0.239834 0.322375 0.006389 0.021310
0 1 0.479051 0.347322 0.145957 0.000097 0.027573
1 2 0.229477 0.396322 0.346087 0.000585 0.027529
1 2 0.276013 0.395160 0.305299 0.000311 0.023217
2 2 0.161651 0.280933 0.538450 0.003174 0.015792
1 2 0.201361 0.409916 0.350273 0.000727 0.037724
1 1 0.347030 0.429671 0.191648 0.000095 0.031557
1 2 0.222940 0.405295 0.337060 0.000625 0.034080
2 1 0.173756 0.346657 0.441758 0.002452 0.035377
1 2 0.196139 0.391622 0.370044 0.001174 0.041022
2 2 0.199092 0.365477 0.384814 0.002441 0.048176
0 0 0.407776 0.204884 0.366022 0.007048 0.014270
0 0 0.666314 0.207643 0.096221 0.000277 0.029545
0 0 0.587271 0.256555 0.112111 0.000338 0.043725
1 0 0.325185 0.442342 0.161749 0.000197 0.070528
0 0 0.723961 0.189392 0.056516 0.000062 0.030070
0 0 0.481413 0.377473 0.097069 0.000032 0.044013
1 1 0.359760 0.450100 0.125360 0.000063 0.064718
2 2 0.032532 0.314964 0.610391 0.001216 0.040897
2 2 0.006585 0.137485 0.839370 0.004576 0.011984
2 2 0.007724 0.162409 0.807539 0.004058 0.018270
2 2 0.002631 0.090890 0.892238 0.006605 0.007636
2 1 0.035877 0.296149 0.638819 0.001224 0.027930
2 1 0.006949 0.137606 0.841965 0.003469 0.010010
2 1 0.005096 0.140148 0.839846 0.002496 0.012414
2 2 0.005015 0.113874 0.874117 0.001870 0.005124
2 2 0.001474 0.060611 0.927998 0.006305 0.003612
2 1 0.003739 0.111801 0.864759 0.007483 0.012218
2 1 0.004866 0.109616 0.875065 0.003950 0.006502
2 1 0.008729 0.157420 0.804515 0.008617 0.020719
2 1 0.002013 0.068785 0.909299 0.013009 0.006894
2 1 0.104013 0.421786 0.445694 0.000204 0.028302
2 1 0.005974 0.117410 0.863260 0.005411 0.007945
2 1 0.009076 0.177119 0.789740 0.003551 0.020514
2 1 0.001561 0.061663 0.930869 0.003516 0.002391
2 2 0.003026 0.094616 0.877776 0.013647 0.010934
2 2 0.002565 0.084714 0.884006 0.017808 0.010908
2 2 0.004905 0.118101 0.865843 0.003332 0.007819
2 2 0.000458 0.030684 0.937278 0.026576 0.005005
2 2 0.002968 0.087603 0.889912 0.011606 0.007910
2 2 0.000936 0.052940 0.914032 0.023589 0.008503
2 2 0.004131 0.097076 0.872513 0.015509 0.010771
2 2 0.001523 0.063879 0.909604 0.017089 0.007906
2 2 0.002437 0.076802 0.900435 0.012796 0.007531
2 2 0.006681 0.126366 0.802623 0.037406 0.026924
2 2 0.003320 0.084464 0.838632 0.051002 0.022581
2 2 0.004288 0.108180 0.843501 0.026289 0.017742
2 2 0.003022 0.058325 0.875337 0.051737 0.011578
2 2 0.012976 0.132393 0.795842 0.036673 0.022115
2 2 0.038245 0.209140 0.688417 0.028275 0.035922
2 2 0.041142 0.272066 0.593892 0.019330 0.073570
2 2 0.031327 0.230442 0.662066 0.025391 0.050773
2 0 0.020387 0.189185 0.682371 0.050113 0.057944
2 0 0.249483 0.268243 0.440583 0.011770 0.029921
0 0 0.435620 0.299414 0.230340 0.001393 0.033234
1 4 0.417353 0.421956 0.128249 0.000031 0.032411
1 2 0.174305 0.404133 0.369829 0.001401 0.050333
2 0 0.020334 0.184475 0.771845 0.007504 0.015843
0 0 0.486114 0.209316 0.283462 0.004945 0.016163
0 0 0.711263 0.175226 0.090602 0.000318 0.022591
0 1 0.648125 0.266183 0.063633 0.000012 0.022048
1 1 0.336823 0.439667 0.197407 0.000055 0.026047
0 2 0.504845 0.345203 0.123076 0.000051 0.026824
1 2 0.271629 0.389070 0.314672 0.000352 0.024276
1 2 0.280261 0.441573 0.250340 0.000109 0.027716
1 2 0.216272 0.384771 0.375595 0.000487 0.022875
1 2 0.319404 0.409429 0.252710 0.000091 0.018366
2 2 0.123059 0.377480 0.462380 0.001294 0.035787
2 2 0.027373 0.171190 0.788254 0.004490 0.008692
2 2 0.037158 0.213205 0.740663 0.001493 0.007480
2 2 0.129803 0.327304 0.532218 0.000463 0.010212
2 2 0.094572 0.298676 0.597131 0.000569 0.009052
2 2 0.039311 0.179124 0.773851 0.002256 0.005458
2 2 0.023521 0.088194 0.859243 0.022990 0.006053
2 2 0.064863 0.227388 0.700299 0.001275 0.006175
2 2 0.065338 0.230733 0.696199 0.001161 0.006570
2 2 0.015493 0.118420 0.840324 0.015840 0.009923
2 2 0.024605 0.116518 0.852570 0.003575 0.002733
2 2 0.056477 0.205934 0.731367 0.001201 0.005022
2 2 0.006427 0.068540 0.908996 0.011934 0.004104
2 2 0.034046 0.197716 0.760304 0.001644 0.006290
2 2 0.020051 0.167389 0.803278 0.002608 0.006674
2 2 0.027495 0.134622 0.828090 0.005233 0.004559
2 2 0.010635 0.087320 0.884373 0.012266 0.005406
2 2 0.014089 0.134699 0.843632 0.003106 0.004474
2 2 0.006746 0.108765 0.874477 0.004904 0.005109
2 2 0.010736 0.120769 0.858743 0.004481 0.005271
2 2 0.005807 0.092362 0.882116 0.012070 0.007644
2 2 0.008724 0.077611 0.857256 0.045034 0.011375
2 2 0.008921 0.062255 0.895163 0.028382 0.005280
2 2 0.002087 0.024070 0.713233 0.250841 0.009769
2 2 0.001859 0.035687 0.875399 0.079602 0.007453
2 2 0.001458 0.023355 0.857748 0.112193 0.005246
2 2 0.002303 0.043057 0.929552 0.021157 0.003931
2 2 0.006926 0.095723 0.776484 0.088987 0.031880
2 2 0.001779 0.026172 0.803772 0.160593 0.007685
2 2 0.001580 0.023129 0.817997 0.151156 0.006138
2 2 0.003492 0.042787 0.889644 0.057674 0.006404
2 2 0.094177 0.331233 0.507071 0.006408 0.061111
2 2 0.094131 0.297866 0.554319 0.007572 0.046110
0 0 0.411545 0.262062 0.259101 0.009771 0.057521
0 0 0.817125 0.124738 0.027169 0.000031 0.030937
0 0 0.866984 0.088259 0.021987 0.000043 0.022726
0 0 0.835291 0.104820 0.031051 0.000102 0.028737
0 0 0.704062 0.212167 0.030160 0.000009 0.053602
0 0 0.856026 0.108882 0.008972 0.000001 0.026120
0 0 0.840098 0.090901 0.053024 0.000514 0.015463
0 0 0.905228 0.061407 0.017072 0.000053 0.016240
0 0 0.931424 0.043264 0.001783 0.000000 0.023529
0 0 0.927574 0.047106 0.002956 0.000000 0.022363
0 0 0.924318 0.050220 0.003485 0.000001 0.021976
0 0 0.893853 0.073926 0.004858 0.000000 0.027363
0 0 0.930698 0.040969 0.012626 0.000106 0.015601
0 0 0.944553 0.034909 0.002818 0.000001 0.017718
0 0 0.949494 0.028998 0.000764 0.000000 0.020745
0 0 0.923745 0.049234 0.001262 0.000000 0.025759
0 0 0.909485 0.051896 0.002360 0.000000 0.036258
0 0 0.844643 0.085387 0.009100 0.000010 0.060861
0 0 0.886562 0.045403 0.002964 0.000003 0.065068
0 0 0.931038 0.031341 0.007428 0.000152 0.030040
0 0 0.898943 0.046613 0.001212 0.000000 0.053232
0 0 0.897853 0.036975 0.000540 0.000000 0.064631
0 0 0.949443 0.027364 0.000598 0.000000 0.022595
0 0 0.906342 0.048969 0.000849 0.000000 0.043840
0 0 0.880913 0.063553 0.002447 0.000000 0.053087
0 0 0.892137 0.061151 0.002332 0.000000 0.044379
0 0 0.911140 0.048214 0.000719 0.000000 0.039927
0 0 0.945576 0.030385 0.001459 0.000000 0.022581
0 0 0.855377 0.032378 0.000195 0.000000 0.112049
0 0 0.623835 0.140415 0.001653 0.000000 0.234097
0 0 0.549775 0.154230 0.002086 0.000000 0.293910
0 0 0.513935 0.205127 0.003777 0.000000 0.277161
0 0 0.433254 0.177285 0.003288 0.000000 0.386172
0 0 0.637349 0.092262 0.000900 0.000000 0.269489
0 0 0.804747 0.072790 0.000450 0.000000 0.122013
0 0 0.504408 0.175822 0.002716 0.000000 0.317053
4 0 0.265879 0.193440 0.002889 0.000000 0.537792
4 0 0.202458 0.312742 0.006848 0.000000 0.477951
4 4 0.094628 0.059667 0.000157 0.000000 0.845548
4 4 0.036379 0.063229 0.000256 0.000000 0.900136
4 4 0.039682 0.064438 0.000862 0.000000 0.895018
4 4 0.031348 0.058322 0.000541 0.000000 0.909789
4 4 0.133560 0.045343 0.000559 0.000000 0.820538
4 4 0.077900 0.036627 0.001326 0.000002 0.884145
4 4 0.065955 0.068544 0.000174 0.000000 0.865328
4 4 0.104555 0.062168 0.000312 0.000000 0.832965
4 4 0.053238 0.035591 0.000171 0.000000 0.911000
4 0 0.016063 0.040840 0.000180 0.000000 0.942916
4 0 0.319581 0.107336 0.000518 0.000000 0.572565
4 4 0.087199 0.070734 0.000474 0.000000 0.841593
4 4 0.059419 0.062803 0.000334 0.000000 0.877445
4 4 0.118338 0.049625 0.000667 0.000000 0.831370
4 4 0.319332 0.049329 0.000378 0.000000 0.630961
4 4 0.273008 0.065805 0.000758 0.000000 0.660428
4 4 0.109434 0.043369 0.001037 0.000001 0.846160
4 4 0.030702 0.069958 0.000432 0.000000 0.898909
4 4 0.075630 0.068101 0.002259 0.000003 0.854008
4 0 0.056787 0.109286 0.000872 0.000000 0.833055
0 4 0.565863 0.240148 0.030497 0.000032 0.163459
1 0 0.268833 0.346259 0.105954 0.001176 0.277778
0 4 0.748775 0.165414 0.010058 0.000001 0.075753
1 0 0.286177 0.449290 0.081442 0.000067 0.183024
0 0 0.512272 0.317805 0.029846 0.000006 0.140071
0 0 0.847444 0.073279 0.012481 0.000074 0.066721
0 0 0.821652 0.104983 0.002962 0.000000 0.070402
0 0 0.838923 0.093989 0.002490 0.000000 0.064598
0 0 0.819249 0.120932 0.005375 0.000000 0.054443
0 0 0.761157 0.130942 0.011318 0.000006 0.096576
0 0 0.704755 0.210404 0.011642 0.000000 0.073199
0 0 0.661850 0.244464 0.013683 0.000000 0.080002
0 0 0.705495 0.211453 0.014713 0.000001 0.068338
0 1 0.570586 0.315981 0.013275 0.000000 0.100158
1 1 0.435927 0.440279 0.018687 0.000000 0.105107
1 1 0.398247 0.455116 0.035026 0.000001 0.111610
0 1 0.444292 0.437895 0.017444 0.000000 0.100368
1 1 0.351153 0.478149 0.049174 0.000003 0.121521
1 1 0.180247 0.484234 0.110060 0.000078 0.225381
1 2 0.160214 0.478540 0.143671 0.000181 0.217395
1 2 0.056295 0.457686 0.440365 0.000083 0.045571
2 2 0.041681 0.428535 0.476220 0.000139 0.053425
1 2 0.043031 0.454778 0.445664 0.000082 0.056444
1 2 0.120939 0.576998 0.248933 0.000010 0.053119
1 2 0.067510 0.512436 0.369294 0.000033 0.050728
2 2 0.034590 0.426719 0.502302 0.000051 0.036338
1 2 0.110911 0.589505 0.260109 0.000005 0.039471
1 2 0.052143 0.481447 0.431766 0.000024 0.034620
2 2 0.024727 0.375314 0.566105 0.000090 0.033765
2 2 0.036272 0.352353 0.580133 0.000294 0.030949
1 0 0.309102 0.466848 0.069845 0.000022 0.154183
0 0 0.783232 0.118647 0.010284 0.000006 0.087831
0 0 0.803882 0.110431 0.007959 0.000003 0.077725
0 0 0.824617 0.096775 0.006847 0.000002 0.071759
0 1 0.803480 0.119908 0.006740 0.000001 0.069871
1 1 0.399439 0.433445 0.014690 0.000000 0.152427
1 1 0.323056 0.446915 0.039316 0.000005 0.190708
1 1 0.367231 0.459453 0.047730 0.000005 0.125581
1 1 0.357564 0.458486 0.047366 0.000005 0.136578
1 1 0.273096 0.460380 0.077281 0.000044 0.189198
1 1 0.113273 0.559883 0.212724 0.000032 0.114088
1 4 0.077896 0.562843 0.255214 0.000024 0.104023
1 4 0.041267 0.439500 0.351547 0.000407 0.167279
1 2 0.057551 0.467858 0.333113 0.000287 0.141190
2 4 0.019199 0.325855 0.592446 0.000680 0.061820
1 0 0.086007 0.558086 0.262034 0.000028 0.093845
1 1 0.410535 0.414201 0.069015 0.000024 0.106225
1 1 0.194631 0.632527 0.106383 0.000001 0.066458
1 1 0.030933 0.446921 0.426981 0.000124 0.095042
1 2 0.072698 0.512965 0.308932 0.000092 0.105312
2 2 0.002829 0.140520 0.849813 0.000186 0.006652
2 2 0.002440 0.136751 0.846008 0.000837 0.013964
2 2 0.000999 0.068295 0.926859 0.000957 0.002889
2 2 0.001593 0.094477 0.898823 0.000561 0.004547
2 2 0.001891 0.105528 0.884407 0.000932 0.007242
2 2 0.001624 0.105897 0.877614 0.002190 0.012675
2 2 0.003861 0.174251 0.773906 0.003344 0.044638
2 2 0.001003 0.088028 0.896524 0.002795 0.011650
2 2 0.001854 0.115388 0.872711 0.000757 0.009290
2 2 0.000697 0.066426 0.923943 0.002820 0.006113
2 2 0.001573 0.085201 0.903640 0.002647 0.006939
2 2 0.001250 0.081816 0.909631 0.001649 0.005655
2 2 0.003171 0.115447 0.866317 0.003624 0.011442
2 2 0.000883 0.070181 0.918265 0.003208 0.007464
2 2 0.002077 0.091298 0.884743 0.009971 0.011910
2 2 0.000666 0.047749 0.944867 0.003613 0.003105
2 2 0.002164 0.103670 0.880820 0.003034 0.010312
2 2 0.000907 0.063862 0.927598 0.003238 0.004395
2 2 0.000673 0.058756 0.928173 0.005769 0.006629
2 2 0.001405 0.079433 0.909491 0.003357 0.006314
2 2 0.002815 0.103333 0.861591 0.015166 0.017094
2 2 0.001161 0.053025 0.930985 0.010192 0.004637
2 2 0.003002 0.093567 0.879496 0.013433 0.010501
2 2 0.002379 0.086973 0.871155 0.025382 0.014111
2 2 0.020132 0.128864 0.776331 0.050687 0.023985
2 2 0.019657 0.247651 0.706551 0.001468 0.024673
2 2 0.001823 0.068623 0.922368 0.003271 0.003914
2 2 0.001113 0.052265 0.928235 0.012634 0.005753
2 2 0.001435 0.053539 0.916083 0.020880 0.008065
2 2 0.001964 0.076782 0.895829 0.014090 0.011335
2 2 0.001714 0.057590 0.916075 0.017363 0.007258
2 2 0.004091 0.109375 0.841794 0.022916 0.021823
2 2 0.000763 0.040432 0.941860 0.012729 0.004216
2 2 0.002151 0.075458 0.915035 0.003485 0.003870
2 2 0.002250 0.073172 0.856675 0.048329 0.019574
2 2 0.005795 0.116207 0.843942 0.018182 0.015874
2 2 0.001089 0.060273 0.916321 0.014240 0.008077
2 2 0.001319 0.057961 0.881061 0.044732 0.014927
2 2 0.000832 0.039278 0.899983 0.049559 0.010349
2 2 0.001640 0.068101 0.904530 0.016699 0.009030
2 2 0.000403 0.013733 0.753507 0.226061 0.006296
2 2 0.001275 0.028467 0.857633 0.105519 0.007106
2 2 0.000656 0.012767 0.692602 0.288349 0.005626
2 2 0.002055 0.057206 0.788631 0.126205 0.025903
2 2 0.002148 0.033591 0.704199 0.243649 0.016414
2 2 0.001999 0.017810 0.576270 0.394199 0.009722
2 2 0.002418 0.032178 0.666002 0.281588 0.017814
2 2 0.001278 0.027957 0.838342 0.123485 0.008938
2 2 0.001029 0.023020 0.849308 0.120197 0.006446
2 2 0.000789 0.015530 0.565179 0.407094 0.011408
2 2 0.041163 0.251697 0.577865 0.043359 0.085916
2 2 0.015416 0.094486 0.615669 0.222585 0.051844
2 2 0.016616 0.091176 0.662950 0.188019 0.041239
2 2 0.037153 0.162387 0.522183 0.182042 0.096235
2 1 0.012913 0.061431 0.463691 0.408834 0.053132
2 1 0.060387 0.258180 0.620006 0.018331 0.043096
2 0 0.077289 0.315212 0.530601 0.011930 0.064968
0 0 0.675442 0.155481 0.151523 0.001985 0.015570
0 0 0.607530 0.202253 0.151196 0.002334 0.036686
0 0 0.540485 0.271452 0.142094 0.000650 0.045319
0 0 0.913200 0.050058 0.008091 0.000022 0.028628
0 0 0.911682 0.062365 0.001837 0.000000 0.024116
0 1 0.876871 0.082377 0.002981 0.000000 0.037771
0 0 0.499361 0.390469 0.036999 0.000002 0.073169
0 0 0.508897 0.355967 0.033554 0.000003 0.101577
0 0 0.873440 0.073915 0.007495 0.000006 0.045145
0 0 0.934591 0.042468 0.002012 0.000000 0.020929
0 0 0.896172 0.055887 0.004492 0.000003 0.043446
0 0 0.943515 0.037685 0.002183 0.000000 0.016616
0 0 0.900498 0.071763 0.002462 0.000000 0.025277
0 1 0.558993 0.349143 0.043135 0.000003 0.048727
1 2 0.402246 0.498831 0.057893 0.000001 0.041030
1 2 0.198117 0.575778 0.162815 0.000008 0.063281
1 2 0.258792 0.562146 0.128012 0.000004 0.051047
1 2 0.178703 0.556043 0.202577 0.000020 0.062657
1 2 0.185139 0.534628 0.229329 0.000029 0.050874
1 2 0.093480 0.490527 0.344380 0.000144 0.071469
1 2 0.075384 0.453851 0.417746 0.000183 0.052836
1 2 0.190793 0.568897 0.179740 0.000011 0.060559
2 2 0.056972 0.424832 0.472198 0.000198 0.045801
1 2 0.133454 0.523415 0.290911 0.000048 0.052172
1 2 0.163239 0.549849 0.248968 0.000013 0.037930
2 2 0.056425 0.407919 0.512639 0.000079 0.022938
2 2 0.054607 0.404606 0.516651 0.000090 0.024047
1 2 0.109395 0.473891 0.376015 0.000107 0.040592
1 1 0.209155 0.503944 0.245584 0.000049 0.041267
1 1 0.408986 0.453316 0.078549 0.000010 0.059139
1 1 0.137152 0.504333 0.287675 0.000125 0.070715
1 1 0.089688 0.519655 0.297187 0.000086 0.093385
2 1 0.029234 0.311117 0.624699 0.000784 0.034166
2 1 0.007653 0.290803 0.658075 0.000157 0.043313
1 1 0.027854 0.468629 0.433516 0.000038 0.069963
2 1 0.020519 0.368451 0.571669 0.000100 0.039260
1 1 0.047253 0.519669 0.321526 0.000045 0.111507
2 1 0.009088 0.316959 0.613937 0.000183 0.059832
2 1 0.002702 0.178851 0.784127 0.000728 0.033591
2 2 0.008505 0.267271 0.671143 0.000605 0.052476
2 2 0.004272 0.201856 0.760712 0.000647 0.032513
2 2 0.011551 0.326799 0.566570 0.000483 0.094598
2 2 0.007300 0.286060 0.617161 0.000602 0.088876
2 1 0.002049 0.122026 0.864601 0.000787 0.010537
2 1 0.012064 0.246862 0.711782 0.000757 0.028535
2 2 0.009800 0.247749 0.726863 0.000133 0.015455
2 2 0.008068 0.210873 0.754283 0.001041 0.025734
2 2 0.006231 0.197597 0.779321 0.000413 0.016437
2 2 0.005492 0.186032 0.792633 0.000457 0.015385
2 2 0.001864 0.109908 0.874211 0.001964 0.012052
2 2 0.002242 0.098848 0.893652 0.000782 0.004476
2 2 0.005541 0.195768 0.770308 0.001014 0.027370
2 2 0.004551 0.184377 0.799560 0.000173 0.011338
2 2 0.005015 0.159203 0.821329 0.001021 0.013432
2 2 0.002771 0.121665 0.865227 0.001136 0.009202
2 2 0.001307 0.083393 0.905712 0.002527 0.007061
2 2 0.004201 0.148762 0.828832 0.001854 0.016350
2 2 0.003972 0.134148 0.852016 0.001020 0.008845
2 2 0.005366 0.154550 0.814723 0.003969 0.021391
2 2 0.005288 0.174349 0.786741 0.003017 0.030605
2 2 0.003333 0.132356 0.853760 0.000940 0.009611
2 2 0.004634 0.133317 0.851340 0.001582 0.009127
2 2 0.005113 0.173382 0.796935 0.001632 0.022937
2 2 0.008653 0.201818 0.754529 0.002754 0.032246
2 1 0.008549 0.210860 0.753828 0.001162 0.025602
2 2 0.007503 0.185118 0.784782 0.001730 0.020866
2 2 0.008619 0.232394 0.732368 0.000534 0.026086
2 2 0.006233 0.176211 0.802576 0.000787 0.014193
2 2 0.005119 0.153568 0.821306 0.002500 0.017507
2 2 0.005599 0.152949 0.821817 0.002847 0.016788
2 2 0.012914 0.223757 0.724984 0.003106 0.035238
2 2 0.004984 0.169543 0.798456 0.002190 0.024827
2 2 0.007184 0.210582 0.724004 0.003659 0.054570
2 2 0.000511 0.043100 0.935810 0.014774 0.005805
2 2 0.000122 0.019071 0.972069 0.007158 0.001580
2 2 0.002633 0.092037 0.896931 0.002938 0.005461
2 2 0.000916 0.065286 0.921712 0.005833 0.006253
2 2 0.000891 0.062266 0.931842 0.001747 0.003255
2 2 0.002098 0.106191 0.880035 0.002041 0.009634
2 2 0.005383 0.146419 0.832850 0.002219 0.013130
2 2 0.001342 0.078579 0.914532 0.001361 0.004186
2 2 0.001827 0.084883 0.907309 0.001592 0.004389
2 2 0.000733 0.061376 0.927395 0.004807 0.005690
2 1 0.006641 0.185773 0.757139 0.005975 0.044472
2 2 0.032867 0.334925 0.596850 0.000506 0.034853
2 2 0.010116 0.209596 0.728050 0.005652 0.046587
2 1 0.003624 0.147913 0.832486 0.001158 0.014819
2 2 0.008018 0.193842 0.778199 0.001094 0.018847
2 2 0.004189 0.148868 0.831673 0.001312 0.013958
2 2 0.003355 0.152305 0.816842 0.002356 0.025142
2 2 0.008776 0.239321 0.706250 0.001246 0.044407
2 2 0.003081 0.132321 0.849813 0.001578 0.013208
2 0 0.004009 0.164657 0.814792 0.000691 0.015850
0 0 0.731246 0.125231 0.012903 0.000020 0.130601
0 0 0.849562 0.088782 0.002412 0.000000 0.059244
0 0 0.898107 0.050328 0.002024 0.000000 0.049541
0 0 0.860140 0.059253 0.002186 0.000000 0.078421
0 1 0.846013 0.103668 0.001937 0.000000 0.048382
0 4 0.484074 0.423614 0.012314 0.000000 0.079998
1 4 0.358329 0.446043 0.027578 0.000001 0.168048
1 4 0.252868 0.435184 0.089352 0.000147 0.222449
1 4 0.283449 0.440309 0.065864 0.000042 0.210336
0 4 0.650616 0.192333 0.015475 0.000006 0.141569
4 0 0.071109 0.120827 0.000449 0.000000 0.807615
4 4 0.093092 0.097623 0.000340 0.000000 0.808944
4 4 0.034447 0.088963 0.001577 0.000000 0.875012
4 4 0.025567 0.063732 0.000531 0.000000 0.910170
4 4 0.020289 0.051825 0.000346 0.000000 0.927541
4 4 0.031980 0.046933 0.000016 0.000000 0.921071
4 4 0.106042 0.061525 0.000643 0.000000 0.831790
4 4 0.178106 0.027005 0.003971 0.000073 0.790845
4 4 0.140873 0.027029 0.001210 0.000005 0.830884
4 4 0.220224 0.041441 0.000634 0.000000 0.737701
4 4 0.107416 0.017751 0.002886 0.000067 0.871880
4 4 0.093961 0.087671 0.000221 0.000000 0.818147
4 4 0.079706 0.113073 0.000294 0.000000 0.806927
4 4 0.049772 0.099095 0.000567 0.000000 0.850566
4 4 0.027967 0.061519 0.000255 0.000000 0.910259
4 4 0.049170 0.059801 0.000119 0.000000 0.890910
4 4 0.022688 0.057245 0.000424 0.000000 0.919643
4 4 0.026522 0.064057 0.000458 0.000000 0.908962
4 4 0.030246 0.077898 0.001080 0.000000 0.890775
4 4 0.032556 0.083977 0.001337 0.000000 0.882130
4 4 0.038911 0.101594 0.002506 0.000001 0.856988
4 4 0.077632 0.056565 0.001390 0.000001 0.864411
4 4 0.174270 0.106123 0.000990 0.000000 0.718618
4 4 0.041907 0.064611 0.000854 0.000000 0.892628
4 4 0.034955 0.076458 0.000446 0.000000 0.888140
4 4 0.029325 0.066727 0.000377 0.000000 0.903571
4 4 0.023706 0.060746 0.000538 0.000000 0.915010
4 4 0.065399 0.057845 0.000718 0.000000 0.876037
4 4 0.050852 0.101272 0.000603 0.000000 0.847273
4 4 0.026220 0.067328 0.000716 0.000000 0.905736
4 4 0.076208 0.102691 0.000088 0.000000 0.821013
4 4 0.022145 0.049916 0.000165 0.000000 0.927773
4 4 0.071246 0.117497 0.000356 0.000000 0.810901
4 4 0.050364 0.079673 0.000096 0.000000 0.869867
4 4 0.047591 0.085480 0.000229 0.000000 0.866700
4 4 0.050307 0.040784 0.001928 0.000003 0.906977
4 4 0.014979 0.038030 0.000148 0.000000 0.946842
4 4 0.048076 0.074253 0.000901 0.000000 0.876770
4 4 0.068519 0.067449 0.000480 0.000000 0.863551
4 4 0.074823 0.116273 0.000256 0.000000 0.808648
4 4 0.037774 0.097751 0.002069 0.000001 0.862405
4 4 0.048579 0.107547 0.001222 0.000000 0.842651
4 4 0.026699 0.052230 0.011491 0.000113 0.909467
4 0 0.028768 0.077072 0.003503 0.000003 0.890653
4 4 0.118944 0.117372 0.000662 0.000000 0.763022
4 4 0.083275 0.149274 0.001095 0.000000 0.766356
4 4 0.069178 0.126600 0.000746 0.000000 0.803476
4 4 0.082312 0.100100 0.002699 0.000001 0.814888
4 4 0.033404 0.086213 0.001442 0.000000 0.878941
4 4 0.050449 0.116973 0.001962 0.000000 0.830615
4 4 0.021701 0.055508 0.000419 0.000000 0.922372
4 4 0.030346 0.078160 0.001091 0.000000 0.890404
4 4 0.018332 0.046731 0.000260 0.000000 0.934676
4 4 0.032762 0.084521 0.001362 0.000000 0.881354
4 4 0.052885 0.089054 0.000180 0.000000 0.857881
4 4 0.037094 0.095952 0.001961 0.000001 0.864993
4 4 0.026838 0.065118 0.000490 0.000000 0.907554
4 4 0.025803 0.051785 0.000713 0.000000 0.921699
4 4 0.024005 0.061527 0.000557 0.000000 0.913911
4 4 0.021326 0.054530 0.000398 0.000000 0.923746
4 4 0.019307 0.043910 0.000235 0.000000 0.936549
4 4 0.018633 0.035050 0.000132 0.000000 0.946185
4 4 0.022183 0.039058 0.000182 0.000000 0.938576
4 4 0.010600 0.026730 0.000057 0.000000 0.962613
4 4 0.052527 0.085495 0.000135 0.000000 0.861842
4 4 0.080778 0.113524 0.000145 0.000000 0.805554
4 4 0.017734 0.038073 0.000063 0.000000 0.944130
4 4 0.030159 0.058529 0.000118 0.000000 0.911194
4 4 0.040317 0.075002 0.000186 0.000000 0.884496
4 4 0.037625 0.069382 0.000144 0.000000 0.892850
4 4 0.073109 0.100382 0.000090 0.000000 0.826419
4 4 0.091604 0.151652 0.000772 0.000000 0.755971
4 4 0.029356 0.070989 0.000608 0.000000 0.899047
4 4 0.151012 0.113690 0.000098 0.000000 0.735199
4 4 0.058478 0.109909 0.000568 0.000000 0.831046
4 4 0.029316 0.058119 0.000129 0.000000 0.912436
