0 0 0.781119 0.103854 0.098915 0.001641 0.014471
0 0 0.727465 0.123583 0.126588 0.003595 0.018768
0 0 0.727081 0.124353 0.125758 0.003641 0.019167
0 0 0.726960 0.124932 0.125272 0.003573 0.019263
0 0 0.727479 0.124754 0.124986 0.003550 0.019230
0 0 0.728707 0.124487 0.124097 0.003494 0.019215
0 0 0.727991 0.125460 0.123354 0.003538 0.019657
0 0 0.806887 0.129049 0.029058 0.000159 0.034847
1 1 0.079144 0.807228 0.042243 0.000003 0.071382
1 1 0.176960 0.671763 0.016940 0.000002 0.134335
4 1 0.088488 0.126682 0.018342 0.000259 0.766229
4 1 0.057617 0.391593 0.032276 0.000030 0.518484
4 1 0.052097 0.339792 0.039922 0.000062 0.568128
4 1 0.079150 0.164228 0.020481 0.000139 0.736002
4 1 0.074558 0.379573 0.043296 0.000134 0.502440
4 1 0.055881 0.271688 0.022933 0.000025 0.649473
4 4 0.033550 0.221591 0.029760 0.000030 0.715070
4 4 0.182043 0.131656 0.032156 0.001052 0.653093
0 4 0.487409 0.098994 0.013092 0.000286 0.400219
4 0 0.272437 0.240860 0.043835 0.005862 0.437007
0 0 0.491762 0.200667 0.032971 0.014943 0.259657
0 0 0.761884 0.073514 0.006789 0.000174 0.157638
4 0 0.360455 0.080965 0.004858 0.000118 0.553605
0 0 0.705976 0.100217 0.005638 0.000108 0.188061
0 0 0.910979 0.038058 0.002594 0.000051 0.048317
0 0 0.784186 0.095550 0.003068 0.000018 0.117178
0 0 0.380780 0.262529 0.010243 0.000273 0.346176
0 0 0.370072 0.284862 0.009787 0.000102 0.335176
4 0 0.265539 0.355517 0.020212 0.000358 0.358375
1 0 0.174891 0.473069 0.042056 0.000612 0.309372
2 1 0.010978 0.311951 0.624061 0.029151 0.023859
2 1 0.011085 0.360673 0.577618 0.023093 0.027531
2 1 0.010548 0.245295 0.672398 0.050490 0.021268
2 1 0.019234 0.208394 0.735687 0.024842 0.011843
2 2 0.007256 0.059514 0.893021 0.036926 0.003283
2 2 0.023588 0.069740 0.861406 0.041382 0.003884
2 2 0.007874 0.042266 0.929325 0.017251 0.003284
2 2 0.028713 0.037558 0.881804 0.047153 0.004772
2 2 0.026756 0.076181 0.839215 0.052350 0.005498
2 2 0.009719 0.032961 0.894485 0.060363 0.002471
2 2 0.001187 0.016111 0.952195 0.029488 0.001019
2 2 0.003900 0.030917 0.911715 0.051981 0.001487
2 2 0.003270 0.020561 0.865027 0.110205 0.000936
2 2 0.001239 0.024887 0.931032 0.041795 0.001047
2 2 0.001117 0.009754 0.959963 0.028538 0.000629
2 2 0.000839 0.005791 0.935860 0.057191 0.000318
2 2 0.000618 0.004984 0.953266 0.040861 0.000271
2 2 0.000448 0.005990 0.918561 0.074669 0.000331
2 2 0.001027 0.007314 0.975320 0.015655 0.000684
2 2 0.000518 0.010553 0.964366 0.023711 0.000852
2 2 0.000178 0.004381 0.911057 0.084135 0.000249
2 2 0.000992 0.013238 0.888866 0.096428 0.000476
2 2 0.027044 0.121840 0.755614 0.085602 0.009900
2 2 0.000443 0.025490 0.958481 0.013812 0.001774
2 2 0.002987 0.019956 0.933340 0.042651 0.001066
2 2 0.000456 0.013041 0.969883 0.015867 0.000753
2 2 0.000194 0.003997 0.959899 0.035630 0.000280
2 2 0.000130 0.007316 0.979988 0.012183 0.000384
2 2 0.000225 0.004966 0.954109 0.040464 0.000236
2 2 0.000198 0.003427 0.953983 0.042120 0.000273
2 2 0.000069 0.001470 0.875209 0.123190 0.000062
2 2 0.000456 0.003668 0.803934 0.191811 0.000131
2 2 0.000261 0.009837 0.845901 0.143597 0.000403
2 2 0.000290 0.004326 0.718437 0.276734 0.000212
2 2 0.000077 0.002095 0.798210 0.199538 0.000080
2 2 0.000611 0.014840 0.775552 0.208102 0.000896
2 2 0.013870 0.059567 0.760938 0.160483 0.005142
2 2 0.002081 0.028320 0.875969 0.092331 0.001299
2 2 0.000761 0.007078 0.841131 0.150761 0.000269
2 2 0.000201 0.003786 0.928733 0.067038 0.000242
2 2 0.010093 0.027591 0.855581 0.105318 0.001417
2 2 0.004181 0.012717 0.890059 0.092553 0.000490
2 2 0.002645 0.013091 0.943494 0.040139 0.000630
2 2 0.003068 0.019636 0.953524 0.023073 0.000699
2 2 0.141688 0.271508 0.548566 0.018051 0.020187
2 0 0.045862 0.102294 0.791321 0.052386 0.008137
2 2 0.018721 0.099508 0.836584 0.038673 0.006514
2 2 0.015706 0.046586 0.927360 0.007797 0.002551
2 2 0.015278 0.144268 0.820897 0.013949 0.005608
2 2 0.002962 0.041836 0.941604 0.012414 0.001185
2 2 0.012044 0.073504 0.887313 0.014998 0.012142
2 2 0.009968 0.051661 0.918917 0.008998 0.010455
2 2 0.012074 0.050848 0.918064 0.011276 0.007739
2 0 0.133500 0.243289 0.559076 0.034015 0.030120
2 0 0.098724 0.281914 0.559162 0.028624 0.031576
2 0 0.074197 0.299463 0.556202 0.032297 0.037840
2 0 0.053130 0.346519 0.544528 0.018863 0.036961
1 0 0.115049 0.428940 0.333578 0.024839 0.097594
2 1 0.051869 0.427052 0.464580 0.013356 0.043143
1 1 0.120724 0.448062 0.379719 0.006552 0.044943
0 0 0.798152 0.114879 0.044018 0.001701 0.041250
1 1 0.100190 0.662460 0.135876 0.000718 0.100756
1 1 0.053727 0.620826 0.238148 0.004464 0.082835
1 1 0.050691 0.533844 0.330778 0.010778 0.073909
1 1 0.186878 0.527892 0.214590 0.002077 0.068563
0 0 0.595714 0.252666 0.074084 0.001617 0.075919
1 0 0.349758 0.429301 0.134336 0.001348 0.085256
0 0 0.873352 0.060515 0.047147 0.002596 0.016391
0 0 0.433870 0.395190 0.077128 0.000496 0.093316
1 0 0.054304 0.682462 0.186511 0.001004 0.075718
0 0 0.732627 0.168503 0.009819 0.000024 0.089027
0 0 0.959233 0.022472 0.003007 0.000031 0.015258
0 0 0.934818 0.026793 0.002219 0.000016 0.036153
0 0 0.887194 0.053166 0.002575 0.000018 0.057047
0 0 0.878643 0.057818 0.004390 0.000043 0.059106
0 0 0.553497 0.220830 0.007799 0.000054 0.217819
0 0 0.463487 0.315561 0.012898 0.000042 0.208011
0 0 0.429690 0.348389 0.021915 0.000154 0.199852
0 0 0.700752 0.136978 0.010343 0.000184 0.151743
0 0 0.757438 0.128522 0.006993 0.000049 0.106998
4 0 0.042308 0.183046 0.013617 0.000009 0.761020
4 0 0.007387 0.130882 0.051183 0.000025 0.810523
4 1 0.004383 0.126622 0.057854 0.000013 0.811128
4 1 0.003353 0.123741 0.038027 0.000002 0.834877
4 1 0.016687 0.148873 0.038733 0.000042 0.795666
4 1 0.006063 0.093247 0.043110 0.000025 0.857556
4 4 0.001764 0.043456 0.063376 0.000052 0.891352
4 4 0.002334 0.049735 0.024908 0.000004 0.923018
4 4 0.002605 0.024748 0.020703 0.000023 0.951921
4 4 0.001906 0.007095 0.004764 0.000007 0.986228
4 4 0.341399 0.211811 0.010616 0.000079 0.436096
4 4 0.212883 0.147772 0.013403 0.000336 0.625606
4 4 0.322418 0.092848 0.016365 0.000237 0.568132
0 4 0.576275 0.068044 0.008028 0.000049 0.347604
0 4 0.842830 0.025782 0.000663 0.000002 0.130723
0 0 0.785693 0.037106 0.001315 0.000006 0.175879
0 0 0.917266 0.028871 0.003914 0.000013 0.049936
0 0 0.974736 0.013059 0.000997 0.000004 0.011204
0 0 0.967886 0.017751 0.002107 0.000015 0.012241
0 0 0.713379 0.045594 0.001283 0.000012 0.239732
1 0 0.156211 0.454434 0.019426 0.000051 0.369879
1 0 0.154535 0.417601 0.015825 0.000032 0.412007
1 0 0.082385 0.446034 0.043460 0.000122 0.427999
4 0 0.088494 0.278423 0.022697 0.000062 0.610324
4 0 0.095698 0.433338 0.023567 0.000031 0.447367
1 0 0.067159 0.469083 0.040573 0.000058 0.423127
1 0 0.036271 0.478681 0.082531 0.000120 0.402396
4 1 0.006103 0.381745 0.129213 0.000017 0.482921
4 1 0.005709 0.359579 0.138358 0.000021 0.496333
4 1 0.015633 0.374526 0.135593 0.000149 0.474098
2 1 0.002170 0.339121 0.450926 0.000234 0.207549
1 1 0.006323 0.403590 0.287724 0.000246 0.302116
2 1 0.002753 0.346136 0.360180 0.000136 0.290795
1 1 0.004804 0.402530 0.329779 0.000180 0.262708
2 1 0.003479 0.305863 0.390001 0.000381 0.300276
4 1 0.002363 0.328011 0.316621 0.000066 0.352939
1 1 0.009013 0.444964 0.255032 0.000285 0.290706
2 1 0.001426 0.225094 0.507658 0.000351 0.265471
2 1 0.002090 0.297513 0.382473 0.000129 0.317795
1 1 0.008094 0.413235 0.290664 0.000413 0.287594
1 1 0.057925 0.521887 0.143792 0.001730 0.274666
1 1 0.035160 0.522025 0.215031 0.001108 0.226677
1 1 0.008947 0.435973 0.326758 0.000766 0.227556
1 1 0.027332 0.523076 0.231345 0.001785 0.216461
1 1 0.043180 0.472680 0.173465 0.001901 0.308774
1 1 0.013808 0.501617 0.273845 0.000822 0.209908
1 1 0.015750 0.465320 0.282177 0.001297 0.235456
1 2 0.013199 0.458341 0.294901 0.001081 0.232479
1 2 0.026030 0.531217 0.232989 0.001639 0.208126
1 2 0.083313 0.489703 0.189588 0.003506 0.233890
0 0 0.508629 0.283800 0.021148 0.000265 0.186158
0 0 0.884331 0.054971 0.006340 0.000229 0.054129
0 0 0.536767 0.259733 0.006806 0.000012 0.196683
1 0 0.169357 0.578270 0.048007 0.000302 0.204063
1 0 0.179633 0.548652 0.055427 0.000698 0.215590
0 0 0.923921 0.037955 0.004305 0.000090 0.033729
0 0 0.958339 0.024261 0.005223 0.000063 0.012114
0 0 0.953628 0.025820 0.004441 0.000052 0.016058
0 0 0.563163 0.214241 0.012143 0.000227 0.210226
1 0 0.347120 0.394726 0.042796 0.000553 0.214805
1 0 0.048259 0.482334 0.385272 0.005177 0.078958
2 0 0.016297 0.381538 0.501889 0.029918 0.070358
2 1 0.016081 0.394859 0.486097 0.024295 0.078668
2 1 0.029118 0.344967 0.535842 0.012011 0.078062
0 0 0.410711 0.218707 0.292238 0.022097 0.056247
1 0 0.079659 0.573901 0.239599 0.008850 0.097992
2 0 0.022787 0.431148 0.439673 0.006562 0.099830
2 1 0.018446 0.411394 0.478445 0.016315 0.075399
2 1 0.009542 0.053387 0.876743 0.025063 0.035265
2 1 0.009276 0.151696 0.754704 0.011410 0.072914
0 0 0.825735 0.102894 0.021938 0.000451 0.048983
0 0 0.923614 0.042721 0.015066 0.000422 0.018176
0 0 0.897950 0.055990 0.016348 0.000678 0.029034
1 0 0.189174 0.568790 0.079294 0.000774 0.161969
1 0 0.111189 0.589064 0.129108 0.002206 0.168432
2 1 0.088738 0.350315 0.422385 0.006368 0.132193
2 2 0.102463 0.128134 0.582272 0.018342 0.168789
0 0 0.766415 0.132762 0.054512 0.001569 0.044742
0 0 0.880209 0.061197 0.013529 0.000506 0.044559
1 0 0.215867 0.536370 0.073452 0.000912 0.173399
0 0 0.767017 0.094634 0.024429 0.000910 0.113010
0 0 0.919829 0.037676 0.011164 0.000093 0.031239
0 0 0.743402 0.124837 0.015298 0.000325 0.116138
0 0 0.886586 0.054752 0.024086 0.000457 0.034119
0 0 0.860543 0.073947 0.030461 0.002029 0.033019
1 0 0.288522 0.395217 0.082190 0.002129 0.231942
1 0 0.118525 0.553970 0.141368 0.003713 0.182424
1 1 0.089336 0.468104 0.254652 0.010155 0.177753
2 2 0.072087 0.269207 0.433303 0.016707 0.208695
2 2 0.224597 0.074888 0.477933 0.006163 0.216420
0 2 0.944010 0.030522 0.007301 0.000091 0.018076
0 0 0.962248 0.021514 0.003432 0.000034 0.012772
0 0 0.977829 0.013358 0.002372 0.000012 0.006428
1 0 0.277845 0.483919 0.048292 0.000442 0.189502
1 2 0.174180 0.543632 0.100560 0.002848 0.178780
0 2 0.339696 0.163281 0.251453 0.006515 0.239054
0 0 0.974164 0.015664 0.003859 0.000026 0.006287
0 0 0.978746 0.012400 0.003549 0.000012 0.005294
0 0 0.881817 0.049862 0.007113 0.000117 0.061091
0 0 0.928894 0.040171 0.011169 0.000284 0.019481
1 0 0.019198 0.475194 0.463615 0.004518 0.037475
2 0 0.008369 0.253573 0.684505 0.015152 0.038401
2 2 0.000673 0.026430 0.942858 0.025136 0.004903
2 2 0.000745 0.047229 0.936776 0.008497 0.006752
2 2 0.003245 0.028362 0.939452 0.015830 0.013110
2 2 0.000380 0.007541 0.980578 0.008586 0.002915
2 2 0.000208 0.004103 0.973167 0.021334 0.001190
2 2 0.000544 0.013765 0.968583 0.010466 0.006642
2 2 0.000108 0.002383 0.988245 0.008496 0.000768
2 2 0.000185 0.003017 0.974071 0.021523 0.001203
2 2 0.000066 0.002265 0.970146 0.026870 0.000654
2 2 0.000103 0.005719 0.960767 0.031963 0.001447
2 2 0.000047 0.004031 0.976636 0.018510 0.000776
2 2 0.000044 0.001727 0.956387 0.041625 0.000218
2 2 0.000060 0.004488 0.981637 0.013000 0.000815
2 2 0.000065 0.004822 0.983518 0.010591 0.001004
2 2 0.000100 0.006904 0.976492 0.014290 0.002215
2 2 0.000060 0.001837 0.967519 0.030433 0.000150
2 2 0.000082 0.003742 0.974007 0.020784 0.001385
2 2 0.000086 0.004336 0.968507 0.025623 0.001448
2 2 0.000180 0.005151 0.943595 0.049497 0.001578
2 2 0.000463 0.004726 0.891539 0.102853 0.000418
2 2 0.000132 0.003345 0.885273 0.110822 0.000428
2 2 0.000083 0.001599 0.886732 0.111257 0.000329
2 2 0.000269 0.005908 0.788770 0.204483 0.000570
2 2 0.000688 0.009923 0.821512 0.166798 0.001079
2 2 0.000096 0.002664 0.899333 0.097588 0.000319
2 2 0.034669 0.075171 0.733814 0.149353 0.006993
2 2 0.115310 0.173760 0.582484 0.106538 0.021908
2 2 0.043627 0.124015 0.623711 0.191161 0.017486
0 0 0.951418 0.024231 0.019134 0.000282 0.004935
2 0 0.101115 0.385444 0.437058 0.018860 0.057522
2 0 0.126985 0.294477 0.502742 0.032174 0.043622
0 0 0.778003 0.093412 0.067996 0.003970 0.056620
0 0 0.950990 0.026954 0.014427 0.000231 0.007398
1 0 0.157322 0.595443 0.134215 0.001229 0.111791
2 2 0.085334 0.288876 0.543067 0.020556 0.062168
0 2 0.485568 0.296231 0.169388 0.002735 0.046077
0 0 0.938605 0.030376 0.023913 0.000483 0.006623
0 0 0.927320 0.036250 0.027107 0.000697 0.008627
2 0 0.001063 0.139993 0.849209 0.004391 0.005344
2 2 0.002033 0.062779 0.886637 0.045042 0.003508
2 2 0.000217 0.033056 0.961383 0.004357 0.000988
2 2 0.000300 0.003402 0.956584 0.039540 0.000175
2 2 0.000152 0.004286 0.987551 0.007602 0.000410
2 2 0.000157 0.002219 0.974682 0.022765 0.000178
2 2 0.000071 0.002599 0.960248 0.036947 0.000135
2 2 0.000166 0.004233 0.959970 0.035479 0.000152
2 2 0.000065 0.001852 0.960505 0.037507 0.000071
2 2 0.000427 0.006646 0.976883 0.015741 0.000304
2 2 0.043029 0.031929 0.880963 0.034518 0.009561
2 2 0.020492 0.024232 0.923609 0.023922 0.007745
2 2 0.012447 0.034420 0.917198 0.028929 0.007006
2 2 0.207873 0.371469 0.372481 0.010208 0.037969
0 0 0.792848 0.083401 0.097966 0.008029 0.017757
0 0 0.754204 0.096641 0.110892 0.014536 0.023727
1 0 0.161091 0.496532 0.286402 0.003407 0.052568
2 2 0.018852 0.073204 0.872771 0.023396 0.011777
2 2 0.092610 0.184279 0.672637 0.033078 0.017396
0 2 0.790436 0.071860 0.114890 0.010054 0.012761
0 0 0.977681 0.013285 0.002097 0.000011 0.006926
0 0 0.982245 0.011021 0.002790 0.000012 0.003932
0 0 0.979690 0.012400 0.002412 0.000012 0.005487
0 0 0.988853 0.007030 0.001187 0.000003 0.002927
0 0 0.977449 0.011153 0.001737 0.000003 0.009659
0 0 0.981605 0.010489 0.002915 0.000006 0.004984
0 0 0.946024 0.029401 0.004338 0.000065 0.020171
1 1 0.192023 0.514975 0.059886 0.001436 0.231681
1 2 0.257479 0.463649 0.074564 0.001807 0.202501
1 2 0.169227 0.346750 0.224060 0.018590 0.241373
2 2 0.147893 0.262818 0.465427 0.038233 0.085629
0 0 0.510498 0.233053 0.179147 0.019268 0.058034
1 0 0.065230 0.424814 0.319890 0.008550 0.181515
1 2 0.050261 0.512213 0.276292 0.014854 0.146380
2 2 0.021091 0.048120 0.759768 0.022166 0.148855
2 2 0.014657 0.113513 0.749589 0.009406 0.112835
2 2 0.025323 0.361956 0.460429 0.009473 0.142819
1 2 0.019007 0.377429 0.348903 0.005563 0.249098
1 4 0.019397 0.347476 0.339902 0.003562 0.289662
1 4 0.032721 0.405871 0.266625 0.006008 0.288775
4 4 0.019344 0.029102 0.008581 0.000075 0.942899
4 4 0.005754 0.019037 0.016536 0.000118 0.958555
4 4 0.012609 0.026100 0.011416 0.000094 0.949781
4 4 0.008440 0.024012 0.016249 0.000139 0.951160
4 4 0.017741 0.031814 0.012148 0.000130 0.938167
4 4 0.021001 0.032909 0.010604 0.000114 0.935372
4 4 0.009943 0.018030 0.005973 0.000027 0.966029
4 4 0.013100 0.020425 0.005727 0.000029 0.960719
4 4 0.005914 0.013025 0.005118 0.000015 0.975929
4 4 0.073293 0.045929 0.004851 0.000067 0.875860
4 4 0.005121 0.011785 0.004778 0.000012 0.978303
4 4 0.009128 0.011304 0.001987 0.000004 0.977578
4 4 0.006626 0.012671 0.004095 0.000011 0.976597
4 4 0.002541 0.009718 0.007361 0.000017 0.980362
4 4 0.001415 0.005079 0.002974 0.000003 0.990529
4 4 0.003597 0.011470 0.007130 0.000020 0.977784
4 4 0.007822 0.019102 0.009556 0.000052 0.963469
4 4 0.005851 0.011368 0.003643 0.000008 0.979130
4 4 0.005547 0.017099 0.011321 0.000057 0.965976
4 4 0.003380 0.012760 0.010223 0.000035 0.973601
4 4 0.024216 0.119058 0.117269 0.004002 0.735455
4 4 0.013617 0.083734 0.090923 0.001585 0.810141
4 4 0.008336 0.168140 0.252236 0.001981 0.569308
4 4 0.012670 0.324372 0.282864 0.001457 0.378637
4 4 0.025881 0.360465 0.209550 0.001896 0.402207
1 4 0.031262 0.419790 0.222517 0.002655 0.323776
4 4 0.013776 0.342455 0.234104 0.000809 0.408857
1 2 0.015812 0.399649 0.271126 0.001366 0.312048
2 2 0.012348 0.301966 0.346153 0.003411 0.336122
1 2 0.016099 0.346360 0.322209 0.003397 0.311935
2 2 0.006502 0.381835 0.427370 0.001549 0.182745
1 2 0.012735 0.410043 0.368045 0.002407 0.206771
1 2 0.022984 0.513758 0.265062 0.002135 0.196061
1 2 0.057039 0.480778 0.214754 0.001554 0.245875
1 2 0.021958 0.475306 0.306365 0.003027 0.193344
1 2 0.064680 0.596466 0.136795 0.001760 0.200299
1 2 0.014643 0.456069 0.350829 0.002939 0.175521
1 2 0.014937 0.452157 0.354182 0.003224 0.175500
1 0 0.160311 0.384393 0.297237 0.007799 0.150260
1 0 0.110046 0.547830 0.105469 0.001458 0.235197
1 0 0.135907 0.465045 0.098997 0.002119 0.297932
4 0 0.274861 0.204052 0.144002 0.005775 0.371310
0 0 0.457362 0.168305 0.080783 0.005907 0.287642
4 0 0.184345 0.211741 0.063072 0.003253 0.537590
1 1 0.122165 0.390547 0.096833 0.001762 0.388693
0 0 0.753838 0.116073 0.061435 0.006505 0.062150
1 0 0.066093 0.578691 0.117308 0.001099 0.236810
1 1 0.059543 0.533081 0.154999 0.002339 0.250037
1 1 0.070734 0.591258 0.180828 0.006344 0.150837
1 1 0.060824 0.473516 0.220542 0.005288 0.239829
2 1 0.000305 0.112743 0.873398 0.002679 0.010875
2 1 0.000205 0.094153 0.892702 0.001880 0.011060
2 2 0.000120 0.010584 0.980955 0.007040 0.001301
2 2 0.000193 0.009673 0.987015 0.000745 0.002375
2 2 0.000045 0.008141 0.988656 0.001345 0.001814
2 2 0.000024 0.001999 0.990891 0.006245 0.000842
2 2 0.000028 0.001983 0.991435 0.005631 0.000923
2 2 0.000022 0.003552 0.989424 0.005821 0.001181
2 2 0.000032 0.001543 0.992493 0.005453 0.000479
2 2 0.000034 0.004951 0.987754 0.006201 0.001060
2 2 0.000009 0.000809 0.905318 0.093786 0.000077
2 2 0.000079 0.002092 0.940110 0.057455 0.000263
2 2 0.000007 0.000382 0.935244 0.064300 0.000068
2 2 0.000008 0.000848 0.961139 0.037845 0.000159
2 2 0.000011 0.001124 0.854112 0.144595 0.000158
2 2 0.000016 0.002305 0.906363 0.091010 0.000306
2 2 0.000010 0.000831 0.776394 0.222706 0.000059
2 2 0.000005 0.000585 0.811230 0.188139 0.000041
2 2 0.000027 0.003671 0.828722 0.167189 0.000392
2 2 0.000049 0.001973 0.903783 0.093774 0.000421
2 2 0.000140 0.002619 0.508031 0.488865 0.000345
2 2 0.000166 0.005452 0.550616 0.442874 0.000892
3 2 0.000082 0.001867 0.448828 0.548922 0.000301
2 2 0.000229 0.004087 0.535743 0.459254 0.000688
3 2 0.000059 0.001448 0.325250 0.673036 0.000207
3 2 0.000124 0.002305 0.300150 0.696875 0.000546
3 2 0.000343 0.005065 0.244027 0.749546 0.001019
3 3 0.000109 0.002041 0.277026 0.720555 0.000269
3 3 0.000299 0.005505 0.162372 0.830159 0.001665
3 3 0.000069 0.001253 0.096961 0.901350 0.000367
3 3 0.000106 0.001192 0.118843 0.879571 0.000288
3 3 0.000072 0.001267 0.109499 0.888827 0.000335
3 3 0.000073 0.000983 0.065670 0.932902 0.000372
3 3 0.000039 0.000656 0.050824 0.948212 0.000269
3 3 0.000081 0.000887 0.045894 0.952699 0.000439
3 3 0.000012 0.000193 0.034388 0.965334 0.000073
3 3 0.000123 0.001559 0.067367 0.930279 0.000672
3 3 0.000142 0.001415 0.062635 0.935180 0.000629
3 3 0.000058 0.000608 0.036429 0.962584 0.000322
3 3 0.000136 0.001219 0.102776 0.895531 0.000338
3 3 0.000123 0.001136 0.047057 0.951087 0.000598
3 3 0.000030 0.000447 0.038114 0.961203 0.000205
3 3 0.000031 0.000616 0.054922 0.944200 0.000232
3 3 0.000023 0.000332 0.032674 0.966814 0.000157
3 3 0.000046 0.000551 0.037444 0.961683 0.000276
3 3 0.000117 0.001089 0.046345 0.951877 0.000572
3 3 0.000015 0.000161 0.018250 0.981477 0.000097
3 3 0.000028 0.000237 0.019421 0.980160 0.000155
3 3 0.000031 0.000392 0.032504 0.966876 0.000197
3 3 0.000038 0.000391 0.028299 0.971052 0.000220
3 3 0.000184 0.001056 0.033811 0.964232 0.000716
3 3 0.000052 0.000343 0.032762 0.966679 0.000164
3 3 0.000136 0.001168 0.045810 0.952253 0.000634
3 3 0.009830 0.017070 0.198130 0.768752 0.006218
3 3 0.000924 0.005137 0.132427 0.859681 0.001832
3 3 0.000206 0.003088 0.356213 0.640103 0.000390
3 3 0.000087 0.001172 0.377167 0.621467 0.000107
3 2 0.000217 0.001766 0.421532 0.576338 0.000147
2 2 0.000101 0.001575 0.523828 0.474339 0.000157
2 2 0.000279 0.003485 0.672356 0.323259 0.000621
2 2 0.002201 0.010827 0.819339 0.167122 0.000510
2 2 0.216142 0.115387 0.485926 0.164322 0.018224
2 0 0.184688 0.126718 0.555159 0.117682 0.015753
2 0 0.349251 0.184517 0.402196 0.043190 0.020847
2 2 0.006117 0.066352 0.854407 0.069464 0.003660
2 2 0.005698 0.021113 0.881024 0.091126 0.001041
2 2 0.001134 0.009190 0.934051 0.055273 0.000352
2 2 0.001807 0.006304 0.900036 0.091516 0.000338
2 2 0.006752 0.017091 0.937562 0.036339 0.002256
2 2 0.000966 0.006206 0.953641 0.038857 0.000331
2 2 0.001664 0.027542 0.933651 0.033868 0.003275
2 2 0.104135 0.267512 0.542470 0.055775 0.030107
2 2 0.029493 0.112600 0.750541 0.097395 0.009971
2 2 0.003099 0.029892 0.912602 0.052509 0.001899
2 2 0.000424 0.005830 0.923554 0.069790 0.000402
2 2 0.003323 0.008835 0.848236 0.139228 0.000378
2 2 0.001729 0.010484 0.916623 0.070466 0.000697
2 2 0.000604 0.008620 0.884107 0.106242 0.000427
2 2 0.000658 0.035304 0.954735 0.005309 0.003994
2 2 0.001637 0.137356 0.840844 0.010227 0.009936
2 2 0.005889 0.121028 0.459181 0.015547 0.398356
2 2 0.008961 0.169310 0.406446 0.011150 0.404133
2 2 0.006241 0.128256 0.440748 0.013007 0.411748
4 2 0.008474 0.185107 0.370369 0.005806 0.430244
4 4 0.004318 0.042640 0.302927 0.028584 0.621531
2 4 0.003843 0.071105 0.482551 0.028462 0.414038
4 4 0.010061 0.142317 0.371518 0.015728 0.460377
4 4 0.010627 0.055267 0.153442 0.010985 0.769679
4 4 0.012737 0.163674 0.331531 0.012379 0.479679
4 4 0.010923 0.142773 0.278028 0.007171 0.561104
1 4 0.063231 0.454222 0.198056 0.003231 0.281260
1 4 0.033665 0.540931 0.213959 0.002062 0.209384
1 4 0.076024 0.424441 0.174551 0.007514 0.317469
1 4 0.040115 0.574224 0.175166 0.001417 0.209078
1 4 0.040377 0.589165 0.214570 0.003242 0.152645
1 4 0.063449 0.565951 0.168445 0.003307 0.198849
0 0 0.677436 0.150416 0.088859 0.018721 0.064568
1 0 0.107332 0.517466 0.151896 0.004580 0.218725
1 0 0.280592 0.372224 0.168359 0.009156 0.169669
0 0 0.633199 0.182385 0.053347 0.009972 0.121097
1 0 0.153365 0.541931 0.068326 0.001642 0.234736
1 0 0.169740 0.529435 0.067193 0.001940 0.231691
0 0 0.596150 0.164345 0.060192 0.004179 0.175134
0 0 0.644810 0.179919 0.036026 0.004154 0.135091
1 0 0.123794 0.594053 0.081441 0.001571 0.199141
1 2 0.090196 0.622334 0.124468 0.002958 0.160045
1 2 0.086304 0.597919 0.160495 0.006701 0.148581
1 2 0.317839 0.370067 0.069674 0.004775 0.237645
0 2 0.841341 0.073601 0.027201 0.000794 0.057062
1 0 0.179576 0.533273 0.074075 0.001893 0.211184
1 0 0.055320 0.475860 0.343571 0.019475 0.105773
2 0 0.039018 0.253309 0.575300 0.050333 0.082040
1 0 0.164918 0.476883 0.252835 0.006925 0.098440
0 0 0.682518 0.150629 0.092151 0.015831 0.058872
1 0 0.106731 0.618428 0.137369 0.002364 0.135108
1 0 0.141100 0.464443 0.213307 0.002350 0.178801
1 0 0.109455 0.424575 0.326657 0.010880 0.128433
0 0 0.808347 0.088027 0.069979 0.007015 0.026633
1 0 0.168007 0.540088 0.156403 0.003890 0.131612
1 2 0.051800 0.528078 0.267757 0.005832 0.146533
2 2 0.002340 0.257755 0.710183 0.012658 0.017065
2 2 0.003126 0.254656 0.709198 0.013493 0.019527
2 2 0.000400 0.004752 0.979418 0.014855 0.000574
2 2 0.011328 0.028776 0.942244 0.010836 0.006816
2 2 0.000266 0.006365 0.984376 0.006017 0.002976
2 2 0.000238 0.007809 0.981404 0.009140 0.001410
2 2 0.000450 0.007470 0.983348 0.007072 0.001660
2 2 0.000415 0.007355 0.985220 0.005249 0.001760
2 2 0.000126 0.001479 0.979955 0.018162 0.000278
2 2 0.000219 0.003402 0.983272 0.012700 0.000407
2 2 0.000148 0.003298 0.987087 0.008771 0.000697
2 2 0.000112 0.005394 0.986159 0.007831 0.000504
2 2 0.000115 0.005751 0.987563 0.005000 0.001570
2 2 0.000187 0.004865 0.978508 0.015828 0.000611
2 2 0.000041 0.001587 0.988504 0.009632 0.000236
2 2 0.000189 0.003033 0.988424 0.007927 0.000427
2 2 0.000082 0.003452 0.987633 0.008303 0.000530
2 2 0.000149 0.003829 0.977863 0.016858 0.001302
2 2 0.000080 0.004728 0.984489 0.009889 0.000815
2 2 0.000202 0.013387 0.980608 0.002856 0.002947
2 2 0.000033 0.002406 0.952015 0.045269 0.000277
2 2 0.000125 0.003311 0.951430 0.044843 0.000292
2 2 0.000040 0.001288 0.959023 0.039393 0.000257
2 2 0.000094 0.004755 0.987254 0.006802 0.001095
2 2 0.000167 0.006721 0.962328 0.030116 0.000666
2 2 0.000046 0.002084 0.945741 0.051708 0.000421
2 2 0.000312 0.005844 0.939788 0.053545 0.000510
2 2 0.000029 0.002944 0.980615 0.016060 0.000353
2 2 0.000111 0.004704 0.946735 0.048140 0.000311
2 2 0.000070 0.001659 0.923513 0.074599 0.000158
2 2 0.000207 0.021327 0.937655 0.036950 0.003861
2 2 0.000167 0.004292 0.923444 0.071585 0.000512
2 2 0.000047 0.002423 0.940542 0.056592 0.000397
2 2 0.000020 0.002404 0.931519 0.065732 0.000325
2 2 0.000226 0.009450 0.963282 0.025031 0.002012
2 2 0.000044 0.002720 0.899295 0.097637 0.000305
2 2 0.000042 0.004038 0.894891 0.100608 0.000420
2 2 0.000059 0.001750 0.938224 0.059776 0.000190
2 2 0.000113 0.004644 0.902979 0.091919 0.000345
2 2 0.000057 0.003651 0.929305 0.066489 0.000498
2 2 0.000131 0.001770 0.809895 0.188109 0.000095
2 2 0.000041 0.002380 0.913553 0.083824 0.000202
2 2 0.000043 0.003298 0.908264 0.088145 0.000251
2 2 0.000103 0.004221 0.932377 0.062738 0.000561
2 2 0.000575 0.009634 0.752552 0.236689 0.000550
2 2 0.000074 0.003822 0.827464 0.168480 0.000160
2 2 0.000130 0.011055 0.894551 0.093415 0.000849
2 2 0.000275 0.014206 0.946325 0.037554 0.001639
2 2 0.000096 0.004577 0.666268 0.328795 0.000263
2 2 0.000100 0.004074 0.783393 0.212083 0.000350
2 2 0.000181 0.004935 0.859047 0.135121 0.000715
2 2 0.000257 0.006781 0.826227 0.166148 0.000587
2 2 0.000068 0.004114 0.805367 0.190027 0.000424
2 2 0.000196 0.009083 0.613064 0.376675 0.000982
2 2 0.000741 0.007001 0.718633 0.273223 0.000401
2 2 0.000046 0.003902 0.872055 0.123478 0.000518
2 2 0.000112 0.003720 0.773540 0.222261 0.000366
2 2 0.000084 0.005429 0.841463 0.152482 0.000542
2 2 0.020104 0.049244 0.531763 0.390666 0.008223
2 2 0.002957 0.017968 0.667091 0.310391 0.001593
2 2 0.001394 0.024531 0.838567 0.134178 0.001330
2 2 0.000391 0.003007 0.814665 0.181758 0.000180
2 2 0.000049 0.002087 0.775771 0.221995 0.000098
2 2 0.000337 0.015070 0.934520 0.049136 0.000937
2 2 0.000484 0.006440 0.780988 0.211793 0.000296
2 2 0.000133 0.004232 0.840596 0.154825 0.000214
2 2 0.000106 0.002272 0.835423 0.162111 0.000088
2 2 0.000703 0.010078 0.859149 0.129583 0.000486
2 2 0.000281 0.005548 0.879716 0.114036 0.000419
2 2 0.000148 0.004341 0.848076 0.147272 0.000163
2 2 0.000998 0.012136 0.851261 0.134813 0.000793
2 2 0.000650 0.015595 0.934081 0.048878 0.000795
2 2 0.000253 0.007143 0.953584 0.038754 0.000266
2 2 0.019330 0.055362 0.846223 0.076094 0.002991
2 2 0.010629 0.084900 0.836278 0.063330 0.004862
2 2 0.052394 0.283541 0.612521 0.029822 0.021723
2 2 0.086194 0.336631 0.521650 0.026239 0.029286
2 2 0.003232 0.144990 0.827241 0.015073 0.009463
2 2 0.002673 0.031307 0.902215 0.062018 0.001787
2 2 0.002219 0.018048 0.880644 0.098246 0.000844
2 2 0.000200 0.010489 0.939067 0.049427 0.000817
2 2 0.001359 0.010789 0.870028 0.116941 0.000882
2 2 0.000369 0.010956 0.904555 0.083656 0.000464
2 2 0.000250 0.003141 0.920716 0.075600 0.000294
2 2 0.000614 0.005972 0.874081 0.118994 0.000339
2 2 0.003149 0.023746 0.912430 0.057663 0.003012
2 2 0.000314 0.006765 0.956228 0.036205 0.000489
2 2 0.000322 0.013233 0.908087 0.077657 0.000701
2 2 0.000802 0.034903 0.901684 0.061034 0.001577
2 2 0.000883 0.079589 0.905412 0.007488 0.006628
4 4 0.023123 0.259731 0.274892 0.007533 0.434721
4 4 0.020229 0.272776 0.298388 0.006937 0.401670
4 4 0.019009 0.139790 0.266844 0.019692 0.554665
4 4 0.022594 0.090243 0.189070 0.028164 0.669929
4 4 0.021467 0.167780 0.263025 0.014773 0.532955
4 4 0.022430 0.126880 0.291177 0.019889 0.539624
4 4 0.015090 0.188195 0.331932 0.011574 0.453209
4 4 0.089333 0.374803 0.148192 0.008293 0.379380
4 4 0.019211 0.099819 0.151215 0.008450 0.721305
4 4 0.013620 0.120560 0.314360 0.023012 0.528448
4 4 0.022199 0.122430 0.134067 0.004738 0.716566
4 4 0.025104 0.073130 0.077726 0.004772 0.819268
4 4 0.039166 0.251019 0.166229 0.004892 0.538694
4 4 0.028795 0.152462 0.173359 0.005067 0.640317
4 4 0.036839 0.323606 0.147453 0.001624 0.490478
4 4 0.046849 0.305805 0.182673 0.006141 0.458532
4 4 0.055758 0.247585 0.117070 0.003545 0.576041
4 4 0.025010 0.077178 0.099653 0.007887 0.790272
4 4 0.047801 0.293672 0.184938 0.007324 0.466265
4 4 0.028820 0.242979 0.161171 0.002447 0.564584
4 4 0.038143 0.116968 0.101121 0.007496 0.736272
4 4 0.024885 0.228472 0.153904 0.001851 0.590888
4 4 0.020375 0.124141 0.126043 0.003291 0.726150
4 4 0.070681 0.140794 0.119750 0.003271 0.665504
4 4 0.020392 0.096218 0.123835 0.006044 0.753511
4 4 0.020789 0.137532 0.130493 0.002887 0.708298
4 4 0.016977 0.187816 0.222831 0.004390 0.567986
4 4 0.014938 0.260133 0.248868 0.002163 0.473898
4 4 0.022596 0.298989 0.226949 0.002761 0.448706
4 4 0.028864 0.270873 0.163979 0.002034 0.534250
4 1 0.040853 0.340607 0.251743 0.010837 0.355961
4 1 0.022244 0.342886 0.261829 0.003275 0.369765
1 2 0.021539 0.397560 0.296200 0.003734 0.280967
1 2 0.056738 0.389540 0.213080 0.009712 0.330930
1 2 0.039014 0.454889 0.189158 0.002159 0.314779
1 2 0.025899 0.377553 0.282588 0.005041 0.308919
1 2 0.074956 0.507168 0.168754 0.005427 0.243696
1 0 0.073733 0.391088 0.204185 0.015294 0.315699
1 0 0.038938 0.428141 0.227292 0.004499 0.301130
1 0 0.070624 0.506436 0.148070 0.003114 0.271756
0 0 0.575251 0.142226 0.057721 0.002895 0.221908
1 0 0.132779 0.493909 0.057818 0.000742 0.314752
1 2 0.088969 0.578911 0.100048 0.001324 0.230748
1 2 0.090970 0.487326 0.087586 0.001083 0.333035
4 2 0.236338 0.324242 0.030665 0.001049 0.407706
1 2 0.155478 0.481755 0.060172 0.001289 0.301306
0 0 0.445469 0.145229 0.040491 0.002141 0.366668
0 0 0.920430 0.042940 0.022033 0.000677 0.013920
0 0 0.579725 0.124115 0.031997 0.001174 0.262989
1 0 0.176345 0.513379 0.052600 0.001117 0.256559
1 0 0.098934 0.513731 0.111226 0.002645 0.273463
1 0 0.090195 0.514318 0.126416 0.003220 0.265852
1 0 0.070719 0.435852 0.142465 0.003143 0.347821
4 0 0.091685 0.378119 0.083692 0.001249 0.445254
4 0 0.234540 0.318738 0.119873 0.007068 0.319780
1 0 0.056980 0.486638 0.141972 0.001733 0.312677
1 0 0.083608 0.415630 0.119337 0.003037 0.378387
1 1 0.086289 0.556331 0.135683 0.003490 0.218207
4 1 0.171489 0.241369 0.101932 0.002388 0.482823
4 0 0.261452 0.125501 0.138714 0.001660 0.472673
0 0 0.368759 0.335675 0.141222 0.022221 0.132123
1 0 0.019614 0.495200 0.302285 0.002704 0.180198
1 1 0.019447 0.507284 0.289374 0.002172 0.181723
1 1 0.033493 0.513405 0.294906 0.007791 0.150406
1 1 0.038997 0.538353 0.287142 0.010203 0.125305
1 1 0.035569 0.586176 0.272428 0.007753 0.098073
1 1 0.107227 0.445092 0.288133 0.006661 0.152886
0 0 0.405893 0.277160 0.192239 0.038728 0.085980
1 1 0.021772 0.529988 0.279270 0.002383 0.166586
1 1 0.036303 0.522384 0.282563 0.007803 0.150947
1 1 0.041492 0.473504 0.333287 0.027468 0.124248
1 0 0.189805 0.318468 0.186082 0.031698 0.273947
0 0 0.375266 0.306574 0.136347 0.027540 0.154272
0 0 0.347578 0.298452 0.166069 0.017024 0.170877
1 4 0.032675 0.494609 0.321871 0.012018 0.138827
1 4 0.036139 0.505037 0.262804 0.005723 0.190296
2 2 0.024018 0.334574 0.457716 0.025701 0.157992
1 2 0.044860 0.547641 0.270072 0.011552 0.125875
1 2 0.034298 0.469162 0.331122 0.014659 0.150760
1 2 0.030389 0.436429 0.339774 0.011832 0.181576
1 2 0.075315 0.570462 0.169483 0.005517 0.179223
1 2 0.162680 0.508168 0.103577 0.007232 0.218342
1 2 0.100841 0.604325 0.121887 0.003607 0.169339
0 2 0.371211 0.364776 0.132192 0.009444 0.122376
0 2 0.664805 0.156183 0.047174 0.002696 0.129143
1 2 0.090032 0.608133 0.141523 0.004656 0.155656
1 2 0.183843 0.489685 0.154571 0.005435 0.166466
1 0 0.255053 0.401824 0.106340 0.003635 0.233148
0 0 0.627893 0.148730 0.043883 0.004731 0.174764
0 0 0.899639 0.052060 0.019615 0.000501 0.028184
1 0 0.103948 0.467924 0.152026 0.004703 0.271399
1 0 0.039546 0.516654 0.222214 0.003484 0.218102
1 0 0.065471 0.382325 0.223790 0.009653 0.318761
1 0 0.270005 0.367207 0.238387 0.028522 0.095879
1 0 0.041544 0.491526 0.234127 0.004580 0.228223
1 0 0.024755 0.509557 0.273707 0.002892 0.189089
1 1 0.018094 0.589704 0.300211 0.002745 0.089246
1 1 0.020222 0.488682 0.376381 0.009530 0.105185
1 1 0.020092 0.478635 0.329484 0.004301 0.167487
2 2 0.029207 0.189674 0.555780 0.011283 0.214056
2 2 0.000546 0.022675 0.959261 0.014957 0.002560
2 2 0.000704 0.028678 0.954435 0.011474 0.004708
2 2 0.000110 0.005793 0.975015 0.017367 0.001715
2 2 0.001244 0.140945 0.820872 0.006913 0.030026
2 2 0.000166 0.009093 0.965935 0.022029 0.002778
2 2 0.000481 0.057122 0.926888 0.008831 0.006678
2 2 0.000401 0.045087 0.940575 0.007656 0.006282
2 2 0.000208 0.008803 0.980979 0.008041 0.001968
2 2 0.000319 0.012781 0.962540 0.020708 0.003652
2 2 0.000383 0.010970 0.978672 0.005921 0.004053
0 2 0.347492 0.313699 0.225425 0.006246 0.107138
0 0 0.544517 0.165626 0.118903 0.006298 0.164657
1 0 0.119048 0.433618 0.246863 0.005523 0.194948
1 2 0.069740 0.605160 0.197553 0.007184 0.120363
1 2 0.080935 0.579814 0.177927 0.004513 0.156811
1 2 0.077628 0.575507 0.199228 0.011787 0.135850
0 0 0.739613 0.114484 0.093483 0.014958 0.037462
1 0 0.230889 0.443451 0.113301 0.012902 0.199457
1 0 0.069033 0.616902 0.174647 0.005449 0.133969
1 1 0.059543 0.500805 0.292093 0.008559 0.139001
2 1 0.020133 0.341236 0.507212 0.046384 0.085035
2 1 0.017632 0.187807 0.683688 0.042274 0.068599
1 1 0.213813 0.369630 0.260654 0.052095 0.103808
0 0 0.608112 0.172683 0.128064 0.029343 0.061798
0 0 0.546159 0.205757 0.119691 0.036156 0.092237
1 0 0.040988 0.494535 0.340027 0.030214 0.094236
1 2 0.044271 0.564397 0.283065 0.015601 0.092666
2 2 0.022481 0.350656 0.503299 0.049855 0.073710
2 2 0.016873 0.203934 0.667954 0.044224 0.067015
2 2 0.019830 0.141078 0.761438 0.021357 0.056297
2 2 0.000378 0.009171 0.961634 0.027185 0.001633
2 2 0.000095 0.002508 0.929913 0.067025 0.000459
2 2 0.000080 0.002005 0.965701 0.031711 0.000502
2 2 0.000166 0.002373 0.928291 0.068145 0.001024
2 2 0.000352 0.006994 0.937283 0.053963 0.001408
2 2 0.000075 0.001387 0.943093 0.055066 0.000379
2 2 0.000099 0.001682 0.935430 0.062576 0.000213
2 2 0.000215 0.010247 0.954308 0.033876 0.001354
2 2 0.000148 0.011962 0.969234 0.016292 0.002364
2 2 0.000638 0.027916 0.914277 0.053818 0.003351
2 2 0.000112 0.005990 0.905719 0.087256 0.000923
2 2 0.000360 0.033816 0.903163 0.058536 0.004125
2 2 0.001838 0.208845 0.748399 0.012677 0.028241
2 2 0.000212 0.007975 0.939201 0.050190 0.002421
2 2 0.000112 0.002204 0.967288 0.029871 0.000525
2 2 0.000102 0.004527 0.969565 0.024144 0.001662
2 2 0.000183 0.015387 0.957620 0.025229 0.001582
2 2 0.000239 0.005055 0.959652 0.033045 0.002009
2 2 0.000097 0.001658 0.941613 0.056209 0.000424
2 2 0.000095 0.002914 0.967253 0.029012 0.000725
2 2 0.000041 0.001744 0.952612 0.045424 0.000180
2 2 0.000052 0.001763 0.965996 0.031866 0.000323
2 2 0.000035 0.001206 0.952935 0.045428 0.000395
2 2 0.000017 0.000646 0.961699 0.037527 0.000111
2 2 0.000030 0.001141 0.928280 0.070488 0.000061
2 2 0.000121 0.005157 0.955452 0.038253 0.001018
2 2 0.000077 0.001904 0.936939 0.060844 0.000236
2 2 0.000182 0.004381 0.936511 0.058120 0.000806
2 2 0.000024 0.001822 0.969870 0.027939 0.000345
2 2 0.000022 0.001524 0.965361 0.032876 0.000217
2 2 0.000037 0.001594 0.936177 0.061522 0.000670
2 2 0.000022 0.001203 0.948129 0.050332 0.000314
2 2 0.000045 0.001827 0.814838 0.183059 0.000231
2 2 0.000137 0.009903 0.827005 0.161555 0.001400
2 2 0.000161 0.005189 0.869228 0.124598 0.000824
2 2 0.000079 0.003312 0.924026 0.072062 0.000521
2 2 0.000075 0.002945 0.895873 0.100509 0.000597
2 2 0.000044 0.005222 0.863662 0.130387 0.000685
2 2 0.000065 0.002587 0.824124 0.172951 0.000275
2 2 0.000030 0.001807 0.801359 0.196485 0.000319
3 2 0.000374 0.004683 0.444002 0.550187 0.000754
3 2 0.000125 0.005757 0.347596 0.645275 0.001247
3 2 0.000122 0.002330 0.490027 0.507140 0.000381
2 2 0.000166 0.005425 0.605112 0.388088 0.001208
3 2 0.000148 0.003982 0.435212 0.559770 0.000886
3 2 0.000062 0.000841 0.253752 0.745229 0.000118
3 3 0.000121 0.002660 0.271241 0.725479 0.000499
3 3 0.000021 0.000524 0.129610 0.869755 0.000089
3 3 0.000058 0.001467 0.126834 0.871283 0.000358
3 3 0.000102 0.001551 0.081040 0.916738 0.000570
3 3 0.000056 0.001239 0.084006 0.914290 0.000409
3 3 0.000079 0.000968 0.051540 0.946966 0.000447
3 3 0.000030 0.000610 0.055359 0.943774 0.000227
3 3 0.000108 0.001363 0.062818 0.935115 0.000596
3 3 0.000022 0.000294 0.028763 0.970772 0.000149
3 3 0.000075 0.001119 0.062732 0.935615 0.000459
3 3 0.000033 0.000551 0.053330 0.945881 0.000205
3 3 0.000085 0.001200 0.063004 0.935208 0.000502
3 3 0.000030 0.000387 0.032355 0.967034 0.000194
3 3 0.000099 0.001352 0.065581 0.932399 0.000569
3 3 0.000100 0.000781 0.034868 0.963784 0.000467
3 3 0.000045 0.000514 0.035021 0.964154 0.000266
3 3 0.000015 0.000184 0.021045 0.978651 0.000103
3 3 0.000076 0.000798 0.042374 0.956345 0.000407
3 3 0.000063 0.000391 0.020809 0.978453 0.000284
3 3 0.000082 0.000886 0.045599 0.952993 0.000440
3 3 0.000052 0.000525 0.033208 0.965929 0.000286
3 3 0.000041 0.000347 0.023756 0.975638 0.000218
3 3 0.000051 0.000604 0.039460 0.959586 0.000298
3 3 0.000046 0.000333 0.021053 0.978341 0.000227
3 3 0.000203 0.001116 0.033928 0.963986 0.000768
3 3 0.000055 0.000347 0.019845 0.979501 0.000252
3 3 0.000161 0.000840 0.028224 0.970162 0.000613
3 3 0.000073 0.000668 0.035238 0.963645 0.000375
3 3 0.000130 0.000704 0.026305 0.972349 0.000513
3 3 0.000040 0.000271 0.017969 0.981523 0.000197
3 3 0.000026 0.000190 0.015611 0.984034 0.000138
3 3 0.000019 0.000148 0.014132 0.985593 0.000108
3 3 0.000128 0.000694 0.026169 0.972503 0.000507
3 3 0.000066 0.000405 0.021121 0.978112 0.000295
3 3 0.000040 0.000267 0.017876 0.981623 0.000194
3 3 0.000040 0.000268 0.017905 0.981592 0.000195
3 3 0.000066 0.000405 0.021118 0.978115 0.000295
3 3 0.000091 0.000573 0.025886 0.973054 0.000396
3 3 0.000041 0.000276 0.018107 0.981376 0.000201
3 3 0.000047 0.000309 0.018940 0.980480 0.000225
3 3 0.000077 0.000458 0.022176 0.976955 0.000334
3 3 0.000034 0.000233 0.016917 0.982648 0.000169
3 3 0.000110 0.000614 0.024924 0.973904 0.000448
3 3 0.000033 0.000229 0.016806 0.982766 0.000166
3 3 0.000015 0.000119 0.012934 0.986845 0.000086
3 3 0.000061 0.000381 0.020611 0.978669 0.000278
3 3 0.000011 0.000093 0.011690 0.988139 0.000067
3 3 0.000056 0.000354 0.019998 0.979335 0.000257
3 3 0.000028 0.000200 0.015913 0.983715 0.000145
3 3 0.000051 0.000328 0.019416 0.979965 0.000239
3 3 0.000030 0.000223 0.017148 0.982440 0.000158
3 3 0.000050 0.000324 0.019311 0.980079 0.000236
3 3 0.000042 0.000363 0.024729 0.974643 0.000223
3 3 0.000022 0.000164 0.014707 0.984988 0.000119
3 3 0.000055 0.000350 0.019908 0.979432 0.000255
3 3 0.000115 0.000639 0.025315 0.973465 0.000466
3 3 0.000136 0.000732 0.026729 0.971868 0.000534
3 3 0.000025 0.000183 0.015369 0.984290 0.000133
3 3 0.000262 0.001249 0.033018 0.964559 0.000913
3 3 0.000079 0.000471 0.022429 0.976677 0.000343
3 3 0.000060 0.000372 0.020411 0.978887 0.000271
3 3 0.000042 0.000279 0.018196 0.981280 0.000203
3 3 0.000063 0.000390 0.020792 0.978471 0.000284
3 3 0.002012 0.008753 0.086661 0.897200 0.005374
2 3 0.016569 0.060000 0.505591 0.404885 0.012955
2 3 0.022067 0.092294 0.695841 0.174138 0.015660
2 3 0.028281 0.153258 0.685484 0.071838 0.061140
2 3 0.010014 0.139411 0.626803 0.196671 0.027101
1 3 0.058063 0.416990 0.384060 0.061072 0.079815
2 2 0.025037 0.373549 0.498495 0.028547 0.074373
2 2 0.013552 0.284049 0.571686 0.066665 0.064048
2 2 0.025738 0.265649 0.606407 0.033234 0.068973
1 2 0.154613 0.389097 0.341568 0.030641 0.084080
2 2 0.015763 0.409262 0.479009 0.023411 0.072556
4 2 0.009981 0.039307 0.054469 0.001380 0.894862
4 2 0.016257 0.059017 0.069544 0.002796 0.852386
4 2 0.026094 0.064055 0.045668 0.001759 0.862425
4 2 0.012222 0.052110 0.078905 0.003008 0.853755
4 4 0.007067 0.032215 0.061293 0.001462 0.897963
4 4 0.004643 0.028835 0.090368 0.002400 0.873753
4 4 0.004094 0.025295 0.063904 0.001112 0.905595
4 4 0.004728 0.027883 0.077422 0.001797 0.888169
4 4 0.004033 0.022626 0.062516 0.001148 0.909678
4 4 0.012003 0.037978 0.039569 0.000875 0.909575
4 4 0.009569 0.021737 0.010230 0.000066 0.958398
4 4 0.006642 0.017060 0.008849 0.000041 0.967407
4 4 0.012663 0.024847 0.009984 0.000075 0.952431
4 4 0.005147 0.013852 0.007226 0.000025 0.973750
4 4 0.003094 0.013487 0.018800 0.000109 0.964510
4 4 0.005464 0.013359 0.006073 0.000019 0.975085
