0 0 0.982307 0.005262 0.000145 0.000000 0.012285
0 0 0.971165 0.009128 0.000250 0.000001 0.019457
0 0 0.989432 0.003777 0.000125 0.000001 0.006666
0 0 0.969673 0.006484 0.000185 0.000001 0.023657
0 0 0.982424 0.005977 0.000311 0.000004 0.011283
0 0 0.982180 0.006110 0.000401 0.000010 0.011299
0 0 0.990294 0.003517 0.000177 0.000002 0.006010
0 0 0.991886 0.002957 0.000103 0.000001 0.005053
0 0 0.993329 0.001856 0.000043 0.000000 0.004772
0 0 0.994399 0.001848 0.000082 0.000001 0.003669
0 0 0.962446 0.008880 0.000256 0.000001 0.028417
0 0 0.876484 0.024824 0.000336 0.000000 0.098357
0 0 0.977817 0.005432 0.000139 0.000000 0.016612
0 0 0.920339 0.020867 0.000356 0.000000 0.058438
0 0 0.921644 0.009957 0.000096 0.000000 0.068303
0 0 0.968959 0.004884 0.000038 0.000000 0.026119
0 0 0.973697 0.005807 0.000097 0.000000 0.020399
4 1 0.333423 0.169007 0.013535 0.000096 0.483938
4 1 0.095703 0.267837 0.097703 0.007714 0.531043
4 1 0.082406 0.277464 0.112738 0.008372 0.519020
4 1 0.000480 0.083972 0.032553 0.000001 0.882994
4 1 0.000379 0.071651 0.024687 0.000000 0.903282
4 4 0.000554 0.063347 0.016512 0.000000 0.919587
4 4 0.000781 0.023781 0.001753 0.000000 0.973684
4 4 0.001694 0.023417 0.001310 0.000000 0.973578
4 4 0.000627 0.045336 0.007604 0.000000 0.946433
4 4 0.000548 0.029269 0.003085 0.000000 0.967098
4 4 0.000263 0.047693 0.011375 0.000000 0.940669
4 4 0.000254 0.038116 0.007069 0.000000 0.954561
4 4 0.001191 0.013996 0.000489 0.000000 0.984324
4 4 0.000991 0.006825 0.000447 0.000000 0.991737
4 4 0.000388 0.012444 0.001076 0.000000 0.986093
4 4 0.000648 0.015581 0.001542 0.000000 0.982229
4 4 0.001179 0.009021 0.000637 0.000000 0.989163
4 4 0.001018 0.006825 0.000372 0.000000 0.991786
4 4 0.001556 0.009784 0.000531 0.000000 0.988129
4 4 0.000649 0.004474 0.000161 0.000000 0.994716
4 4 0.001368 0.007104 0.000115 0.000000 0.991413
4 4 0.000904 0.024813 0.001830 0.000000 0.972454
4 4 0.000633 0.023961 0.001911 0.000000 0.973494
4 4 0.005072 0.085505 0.015241 0.000004 0.894178
4 4 0.006707 0.049650 0.004205 0.000001 0.939438
4 4 0.008476 0.034358 0.001755 0.000000 0.955410
4 4 0.006008 0.097919 0.019517 0.000008 0.876547
4 4 0.008673 0.105367 0.020378 0.000014 0.865569
4 4 0.003796 0.158297 0.070138 0.000043 0.767727
4 4 0.011630 0.097348 0.015474 0.000013 0.875535
4 4 0.005836 0.153699 0.056102 0.000050 0.784313
0 4 0.492769 0.022433 0.000577 0.000000 0.484221
0 0 0.551449 0.041073 0.000212 0.000000 0.407265
0 0 0.994932 0.001649 0.000070 0.000001 0.003348
0 0 0.991919 0.002465 0.000109 0.000002 0.005505
0 0 0.991783 0.002864 0.000104 0.000001 0.005248
0 0 0.993268 0.002027 0.000049 0.000000 0.004657
0 0 0.993748 0.001907 0.000054 0.000000 0.004291
0 0 0.993440 0.002232 0.000123 0.000003 0.004202
0 0 0.995763 0.001245 0.000056 0.000001 0.002935
0 0 0.992309 0.002898 0.000188 0.000005 0.004599
0 0 0.958789 0.011744 0.000706 0.000016 0.028745
0 0 0.979645 0.006724 0.000524 0.000023 0.013085
4 0 0.260861 0.147249 0.013963 0.000020 0.577906
0 0 0.448608 0.139750 0.005654 0.000003 0.405984
4 0 0.050427 0.120641 0.010842 0.000009 0.818081
4 1 0.117880 0.157104 0.012903 0.000017 0.712097
4 1 0.046476 0.147292 0.022510 0.000085 0.783636
4 1 0.220615 0.235690 0.019743 0.000014 0.523938
4 1 0.236715 0.131808 0.005528 0.000001 0.625949
4 1 0.028848 0.164377 0.038585 0.000208 0.767981
4 1 0.042485 0.123281 0.017523 0.000087 0.816624
4 1 0.035141 0.277099 0.145140 0.004062 0.538558
2 1 0.003428 0.287982 0.610462 0.001400 0.096728
2 1 0.002411 0.270115 0.661894 0.000789 0.064791
2 1 0.003482 0.287009 0.627966 0.001285 0.080259
2 1 0.001440 0.254988 0.650727 0.000565 0.092279
2 1 0.001729 0.254398 0.690557 0.000506 0.052810
2 1 0.000343 0.141571 0.832327 0.000180 0.025579
2 1 0.001372 0.239316 0.713026 0.000397 0.045888
2 2 0.001218 0.245536 0.685045 0.000405 0.067796
2 2 0.002306 0.268827 0.661432 0.000765 0.066670
2 2 0.001196 0.222811 0.691600 0.000652 0.083740
2 2 0.002666 0.057229 0.882261 0.044479 0.013364
2 2 0.004098 0.068729 0.845368 0.062796 0.019009
2 2 0.001428 0.026468 0.825768 0.135617 0.010719
2 2 0.001774 0.024546 0.829725 0.138225 0.005730
2 2 0.004893 0.067435 0.752931 0.136262 0.038478
2 2 0.000782 0.025952 0.916426 0.049262 0.007578
2 2 0.008010 0.072521 0.740177 0.154329 0.024962
2 3 0.001277 0.019892 0.714349 0.251868 0.012614
2 3 0.004463 0.045093 0.643311 0.274423 0.032710
2 3 0.005655 0.052728 0.625384 0.276602 0.039630
3 3 0.000299 0.002563 0.275935 0.718792 0.002412
3 3 0.000049 0.000474 0.172141 0.826889 0.000447
3 3 0.000456 0.002120 0.179733 0.815275 0.002416
3 3 0.000095 0.000571 0.138403 0.860283 0.000648
3 3 0.000061 0.000412 0.133710 0.865361 0.000457
3 3 0.000128 0.001118 0.214008 0.783698 0.001049
3 3 0.000062 0.000373 0.120358 0.878768 0.000439
3 3 0.000030 0.000113 0.059819 0.939858 0.000179
3 3 0.000063 0.000251 0.081577 0.917746 0.000363
3 3 0.000227 0.000724 0.101428 0.896562 0.001059
3 3 0.000021 0.000040 0.027108 0.972741 0.000090
3 3 0.000027 0.000063 0.036230 0.963552 0.000128
3 3 0.000024 0.000067 0.041420 0.958362 0.000126
3 3 0.000019 0.000040 0.029259 0.970594 0.000088
3 3 0.000020 0.000044 0.030475 0.969365 0.000095
3 3 0.000053 0.000068 0.025306 0.974397 0.000176
3 3 0.000129 0.000179 0.037125 0.962153 0.000415
3 3 0.000032 0.000043 0.022311 0.977500 0.000114
3 3 0.000009 0.000015 0.017701 0.982233 0.000040
3 3 0.000017 0.000026 0.019806 0.980084 0.000067
3 3 0.000010 0.000022 0.025149 0.974769 0.000049
3 3 0.000016 0.000034 0.027314 0.972558 0.000077
3 3 0.000018 0.000031 0.023076 0.976799 0.000076
3 3 0.000018 0.000029 0.021496 0.978384 0.000073
3 3 0.000003 0.000007 0.015909 0.984065 0.000017
3 3 0.000014 0.000021 0.019153 0.980756 0.000056
3 3 0.000028 0.000032 0.017943 0.981905 0.000092
3 3 0.000003 0.000006 0.014437 0.985539 0.000015
3 3 0.000004 0.000007 0.014113 0.985855 0.000020
3 3 0.000002 0.000004 0.011151 0.988833 0.000010
3 3 0.000011 0.000013 0.013487 0.986449 0.000040
3 3 0.000021 0.000021 0.014652 0.985240 0.000066
3 3 0.000018 0.000020 0.014843 0.985058 0.000060
3 3 0.000003 0.000004 0.009415 0.990566 0.000012
3 3 0.000005 0.000006 0.009546 0.990425 0.000018
3 3 0.000009 0.000010 0.011479 0.988470 0.000032
3 3 0.000014 0.000015 0.013028 0.986896 0.000047
3 3 0.000005 0.000006 0.011345 0.988625 0.000019
3 3 0.000008 0.000010 0.012537 0.987416 0.000029
3 3 0.000006 0.000007 0.010681 0.989286 0.000021
3 3 0.000005 0.000008 0.014703 0.985263 0.000021
3 3 0.000004 0.000007 0.014811 0.985161 0.000018
3 3 0.000002 0.000003 0.010016 0.989972 0.000008
3 3 0.000001 0.000002 0.009247 0.990742 0.000007
3 3 0.000006 0.000010 0.014433 0.985525 0.000026
3 3 0.000003 0.000007 0.015091 0.984881 0.000017
3 3 0.000009 0.000012 0.014764 0.985179 0.000035
3 3 0.000007 0.000009 0.012232 0.987725 0.000027
3 3 0.000002 0.000003 0.009564 0.990422 0.000009
3 3 0.000003 0.000004 0.011090 0.988891 0.000012
3 3 0.000004 0.000004 0.008741 0.991237 0.000014
3 3 0.000004 0.000007 0.012917 0.987054 0.000018
3 3 0.000002 0.000003 0.009000 0.990984 0.000010
3 3 0.000001 0.000001 0.005909 0.994084 0.000005
3 3 0.000002 0.000004 0.010592 0.989392 0.000010
3 3 0.000002 0.000002 0.007004 0.992986 0.000007
3 3 0.000003 0.000003 0.007349 0.992634 0.000011
3 3 0.000005 0.000007 0.012312 0.987653 0.000022
3 3 0.000001 0.000002 0.008206 0.991787 0.000005
3 3 0.000002 0.000003 0.007202 0.992784 0.000010
3 3 0.000006 0.000005 0.006934 0.993036 0.000019
3 3 0.000004 0.000003 0.007087 0.992893 0.000013
3 3 0.000003 0.000002 0.006098 0.993888 0.000009
3 3 0.000007 0.000007 0.009583 0.990379 0.000025
3 3 0.000005 0.000006 0.010584 0.989384 0.000020
3 3 0.000003 0.000004 0.008852 0.991128 0.000013
3 3 0.000008 0.000006 0.008050 0.991913 0.000024
3 3 0.000009 0.000009 0.010495 0.989455 0.000031
3 3 0.000008 0.000006 0.007474 0.992489 0.000024
3 3 0.000002 0.000003 0.007062 0.992924 0.000009
3 3 0.000008 0.000009 0.012310 0.987644 0.000029
3 3 0.000019 0.000022 0.015651 0.984243 0.000065
3 3 0.000007 0.000010 0.013771 0.986185 0.000027
3 3 0.000013 0.000015 0.013388 0.986538 0.000046
3 3 0.000010 0.000008 0.009096 0.990856 0.000030
3 3 0.000143 0.000151 0.029286 0.970021 0.000399
3 3 0.001443 0.004834 0.191351 0.796455 0.005917
3 3 0.002766 0.015260 0.386283 0.585193 0.010499
3 3 0.001622 0.008001 0.274246 0.708194 0.007936
3 3 0.000402 0.002990 0.307451 0.687239 0.001918
2 3 0.035664 0.259808 0.546716 0.061112 0.096700
2 3 0.017363 0.180277 0.664068 0.065975 0.072317
2 2 0.035503 0.277529 0.470494 0.059534 0.156940
2 2 0.019785 0.237836 0.449041 0.052610 0.240727
2 2 0.036185 0.328123 0.340215 0.033740 0.261737
2 2 0.023949 0.254186 0.432192 0.053207 0.236466
2 4 0.012185 0.208047 0.517731 0.043526 0.218513
2 4 0.014043 0.264682 0.476822 0.022734 0.221719
2 4 0.014751 0.287083 0.414167 0.017798 0.266201
2 4 0.014712 0.246678 0.469994 0.031529 0.237087
2 4 0.007278 0.281739 0.378376 0.006502 0.326105
2 4 0.013021 0.311136 0.386301 0.010615 0.278927
2 4 0.014380 0.300582 0.346714 0.013225 0.325099
2 4 0.010954 0.293343 0.359705 0.009957 0.326041
2 4 0.009189 0.288440 0.367836 0.008290 0.326245
2 2 0.007267 0.281694 0.378446 0.006491 0.326102
2 2 0.003745 0.194475 0.560381 0.010283 0.231116
2 2 0.015851 0.315687 0.373540 0.013150 0.281772
2 2 0.008672 0.286792 0.370482 0.007804 0.326251
2 2 0.011152 0.293835 0.358865 0.010145 0.326003
2 2 0.021651 0.328779 0.369893 0.017367 0.262311
2 2 0.014620 0.324479 0.451500 0.010657 0.198744
2 2 0.008393 0.211445 0.607842 0.021670 0.150649
2 2 0.016875 0.257381 0.593217 0.024795 0.107731
2 2 0.005815 0.150231 0.781222 0.018039 0.044693
2 2 0.001957 0.079617 0.863565 0.021582 0.033279
2 2 0.012795 0.284005 0.659900 0.005540 0.037760
2 2 0.041652 0.374664 0.516550 0.013428 0.053706
2 2 0.031389 0.315385 0.590336 0.016230 0.046660
2 2 0.079521 0.386288 0.451919 0.027310 0.054962
2 2 0.069522 0.378584 0.498780 0.018401 0.034714
2 2 0.049233 0.379314 0.499728 0.016316 0.055409
2 2 0.019160 0.226473 0.703445 0.019658 0.031264
2 2 0.018174 0.224963 0.702678 0.019994 0.034190
2 2 0.075770 0.383820 0.472339 0.023188 0.044882
2 2 0.057019 0.381277 0.492918 0.018181 0.050605
2 2 0.054934 0.380082 0.498838 0.017164 0.048982
2 2 0.089283 0.386438 0.438082 0.031091 0.055105
2 2 0.092006 0.383331 0.457335 0.027071 0.040256
2 2 0.092146 0.383513 0.456209 0.027319 0.040812
2 2 0.033381 0.372068 0.503410 0.013037 0.078103
2 2 0.030041 0.364929 0.446418 0.016475 0.142137
2 2 0.028446 0.366716 0.520381 0.010676 0.073782
2 2 0.022068 0.359379 0.514311 0.009408 0.094834
2 2 0.052043 0.382851 0.469141 0.020525 0.075440
2 2 0.034812 0.373330 0.499410 0.013692 0.078756
2 2 0.044917 0.379960 0.476479 0.018171 0.080473
2 2 0.035087 0.372960 0.507362 0.013088 0.071504
2 2 0.004245 0.135232 0.829114 0.009084 0.022325
2 2 0.021016 0.266412 0.610479 0.024489 0.077604
2 2 0.003255 0.054728 0.877319 0.054444 0.010254
2 2 0.009602 0.134868 0.764293 0.049671 0.041567
2 2 0.003925 0.077399 0.847924 0.047980 0.022772
2 2 0.005221 0.085006 0.841584 0.048486 0.019704
2 2 0.008265 0.113560 0.790123 0.056060 0.031992
2 2 0.004057 0.057820 0.856070 0.070275 0.011778
2 2 0.036896 0.250985 0.579564 0.060602 0.071953
2 2 0.099409 0.384911 0.393701 0.043023 0.078956
2 2 0.027759 0.209928 0.692862 0.040406 0.029045
2 2 0.048348 0.381314 0.477781 0.018735 0.073822
2 2 0.076786 0.385819 0.458432 0.025801 0.053161
2 2 0.014185 0.142829 0.736049 0.067830 0.039108
2 2 0.013692 0.188829 0.699819 0.036872 0.060788
2 2 0.007214 0.114966 0.803234 0.043609 0.030976
2 2 0.008576 0.098187 0.773696 0.088260 0.031280
2 2 0.007552 0.123476 0.787263 0.043647 0.038062
2 2 0.013263 0.123182 0.736575 0.090648 0.036332
2 2 0.009733 0.146965 0.756048 0.041555 0.045699
2 2 0.010927 0.146486 0.775216 0.036671 0.030700
2 2 0.019207 0.155308 0.722089 0.070160 0.033236
2 2 0.016530 0.186117 0.717771 0.038191 0.041391
2 2 0.055164 0.383458 0.473202 0.020561 0.067614
2 2 0.027588 0.184446 0.712865 0.051682 0.023419
2 2 0.028873 0.261011 0.639324 0.027408 0.043384
2 2 0.042242 0.288816 0.577221 0.037372 0.054348
2 2 0.040617 0.306696 0.570885 0.028270 0.053532
2 2 0.014037 0.187864 0.749583 0.021262 0.027254
2 2 0.129295 0.379187 0.413730 0.038969 0.038820
2 2 0.048525 0.339807 0.505939 0.030223 0.075507
2 2 0.025957 0.275808 0.623729 0.022214 0.052292
1 2 0.113063 0.382376 0.378835 0.049036 0.076691
2 2 0.086245 0.386401 0.409657 0.037086 0.080611
2 2 0.098791 0.384772 0.392313 0.043303 0.080821
2 2 0.070639 0.384386 0.409725 0.033932 0.101318
1 2 0.069072 0.376633 0.375721 0.040036 0.138538
2 2 0.059253 0.326149 0.403252 0.059991 0.151354
2 2 0.037011 0.300014 0.530326 0.038470 0.094179
2 2 0.018363 0.259962 0.626480 0.021380 0.073815
2 2 0.067679 0.384142 0.413178 0.032572 0.102430
2 2 0.050392 0.382153 0.474299 0.019554 0.073601
2 2 0.038081 0.374713 0.506801 0.013734 0.066672
2 2 0.060397 0.385207 0.449874 0.024863 0.079659
2 2 0.081244 0.387024 0.439919 0.029879 0.061934
2 2 0.047394 0.379898 0.492215 0.016890 0.063603
2 2 0.044730 0.379530 0.485543 0.017140 0.073057
2 2 0.017448 0.247455 0.688808 0.013141 0.033149
2 2 0.038896 0.334487 0.551724 0.019636 0.055258
2 2 0.041058 0.308856 0.573561 0.026621 0.049904
2 2 0.034076 0.357094 0.515911 0.015753 0.077166
2 2 0.049171 0.381547 0.454252 0.021772 0.093258
2 2 0.091489 0.357526 0.478193 0.034384 0.038408
1 2 0.094022 0.416758 0.404881 0.015760 0.068578
1 2 0.190276 0.413750 0.316743 0.020108 0.059124
2 2 0.121824 0.382062 0.405839 0.041354 0.048921
2 2 0.117296 0.396015 0.414460 0.026515 0.045713
1 2 0.316590 0.421871 0.179062 0.003026 0.079451
0 0 0.545833 0.300936 0.078268 0.000907 0.074055
0 0 0.406303 0.390061 0.123656 0.001502 0.078478
1 0 0.204674 0.430901 0.274447 0.011464 0.078514
1 0 0.134570 0.405500 0.363397 0.028252 0.068281
2 1 0.027154 0.355016 0.419725 0.017192 0.180913
2 1 0.017319 0.310385 0.349662 0.015408 0.307225
2 2 0.021171 0.333485 0.385665 0.016092 0.243586
2 2 0.016643 0.304232 0.339496 0.015404 0.324225
2 2 0.017344 0.305226 0.337423 0.016082 0.323926
2 2 0.020259 0.308794 0.329465 0.018913 0.322568
2 2 0.013886 0.299682 0.348413 0.012751 0.325268
2 2 0.020170 0.320821 0.357925 0.017071 0.284013
2 2 0.017302 0.305167 0.337546 0.016041 0.323944
2 2 0.010878 0.293153 0.360029 0.009885 0.326054
2 2 0.047130 0.371029 0.397934 0.028262 0.155645
2 2 0.054147 0.383280 0.447949 0.023798 0.090826
2 2 0.027069 0.268056 0.627509 0.025826 0.051541
2 2 0.071312 0.386810 0.439883 0.028489 0.073505
1 2 0.160960 0.462539 0.257894 0.004005 0.114601
1 0 0.191041 0.448340 0.199107 0.003177 0.158335
1 0 0.120589 0.392368 0.365492 0.040471 0.081080
2 1 0.049964 0.381992 0.456135 0.021729 0.090180
2 1 0.060041 0.378540 0.397682 0.033049 0.130688
2 2 0.054826 0.380573 0.420519 0.027864 0.116217
1 2 0.053448 0.435108 0.423311 0.004134 0.084000
1 2 0.105537 0.454239 0.287582 0.004598 0.148043
1 2 0.066848 0.433342 0.388268 0.006952 0.104589
1 2 0.051209 0.423237 0.422516 0.006133 0.096905
1 2 0.050991 0.428883 0.366844 0.004819 0.148462
2 2 0.020257 0.308792 0.329471 0.018910 0.322570
2 2 0.035458 0.363515 0.409960 0.021903 0.169164
1 2 0.053870 0.420601 0.399029 0.007614 0.118886
2 2 0.039037 0.376557 0.488075 0.015667 0.080663
1 2 0.086002 0.439329 0.350694 0.007880 0.116094
1 2 0.220404 0.452784 0.178083 0.001888 0.146841
1 0 0.296983 0.389839 0.110852 0.001752 0.200574
1 0 0.234544 0.429351 0.104563 0.000315 0.231228
1 0 0.133654 0.466758 0.279103 0.003689 0.116796
1 0 0.142155 0.442618 0.254509 0.006813 0.153905
1 1 0.078250 0.422060 0.355679 0.012250 0.131760
1 1 0.071709 0.406888 0.347698 0.016408 0.157298
1 1 0.102662 0.426925 0.348289 0.014243 0.107881
1 2 0.075028 0.413805 0.372571 0.015530 0.123067
1 2 0.178549 0.465069 0.219685 0.002511 0.134186
1 2 0.140969 0.381914 0.346738 0.053374 0.077006
1 2 0.121580 0.375327 0.345093 0.061332 0.096668
1 2 0.097702 0.375909 0.350568 0.054617 0.121204
1 2 0.163084 0.394428 0.293432 0.039498 0.109558
1 2 0.185251 0.402712 0.284711 0.030547 0.096780
1 2 0.238509 0.398007 0.092322 0.000437 0.270725
1 0 0.274651 0.433522 0.178645 0.003204 0.109978
0 0 0.516729 0.251920 0.036671 0.000211 0.194469
1 0 0.226120 0.423406 0.240993 0.011904 0.097577
0 0 0.531688 0.284472 0.051633 0.000518 0.131690
0 0 0.564581 0.246478 0.020187 0.000019 0.168735
0 0 0.494794 0.280819 0.031552 0.000072 0.192763
1 0 0.360194 0.374582 0.069294 0.000236 0.195693
0 0 0.594587 0.230649 0.024374 0.000106 0.150284
0 0 0.458326 0.335030 0.056385 0.000237 0.150021
1 0 0.215048 0.453763 0.141455 0.000663 0.189071
1 1 0.124215 0.450733 0.292443 0.006461 0.126147
1 2 0.096470 0.411262 0.317537 0.018903 0.155829
1 2 0.078965 0.362614 0.326195 0.054789 0.177437
1 2 0.124827 0.435700 0.307925 0.011429 0.120119
2 2 0.043370 0.375016 0.516958 0.013635 0.051021
2 2 0.049954 0.380984 0.488341 0.017768 0.062953
2 2 0.018200 0.314104 0.622000 0.006562 0.039135
2 2 0.029448 0.254531 0.668076 0.021260 0.026685
2 2 0.038015 0.371293 0.527809 0.011860 0.051024
2 2 0.045819 0.350286 0.523879 0.021280 0.058736
2 2 0.038282 0.301618 0.584765 0.026178 0.049156
2 2 0.049589 0.331757 0.534092 0.028296 0.056266
2 2 0.057270 0.382529 0.485188 0.019255 0.055758
2 2 0.035777 0.298131 0.596212 0.023805 0.046075
2 2 0.054827 0.380244 0.497978 0.017261 0.049690
2 2 0.091372 0.386170 0.437850 0.031317 0.053292
2 2 0.074996 0.383265 0.475806 0.022520 0.043412
2 2 0.057651 0.380864 0.495190 0.017950 0.048346
2 2 0.131751 0.379971 0.391715 0.046084 0.050479
2 2 0.059187 0.379190 0.506557 0.015881 0.039185
2 2 0.046897 0.365166 0.378674 0.030700 0.178562
2 2 0.051060 0.381892 0.481606 0.018773 0.066669
2 2 0.076036 0.385377 0.462479 0.024984 0.051124
1 2 0.175208 0.409306 0.359138 0.017818 0.038531
0 2 0.479898 0.294314 0.050196 0.000609 0.174983
0 2 0.394155 0.378192 0.112847 0.002037 0.112768
0 2 0.509140 0.308566 0.055009 0.000447 0.126838
0 0 0.959939 0.013316 0.001009 0.000020 0.025716
0 0 0.955751 0.021068 0.001889 0.000030 0.021263
0 0 0.933953 0.029488 0.001700 0.000009 0.034851
0 0 0.561450 0.230313 0.021862 0.000061 0.186314
1 2 0.191816 0.388616 0.238750 0.034049 0.146769
4 2 0.113626 0.316237 0.187561 0.056368 0.326209
1 2 0.155060 0.367237 0.259414 0.061393 0.156896
4 2 0.000798 0.149924 0.108177 0.000013 0.741087
4 2 0.000832 0.204262 0.270780 0.000111 0.524014
4 2 0.000649 0.179630 0.194763 0.000035 0.624923
4 2 0.000684 0.145868 0.106826 0.000011 0.746612
4 2 0.001031 0.182651 0.167958 0.000047 0.648314
4 2 0.007837 0.080757 0.011614 0.000005 0.899787
4 4 0.001120 0.127062 0.063444 0.000007 0.808366
4 4 0.000717 0.121060 0.080989 0.000008 0.797226
4 4 0.000884 0.132318 0.076173 0.000008 0.790617
4 4 0.001610 0.082666 0.033142 0.000006 0.882577
4 4 0.008005 0.059441 0.005874 0.000002 0.926679
4 4 0.002501 0.057930 0.012642 0.000002 0.926925
4 4 0.006335 0.056609 0.005703 0.000001 0.931352
4 4 0.008340 0.051491 0.004237 0.000001 0.935932
4 4 0.011567 0.073960 0.005523 0.000000 0.908950
4 4 0.008896 0.060128 0.005818 0.000002 0.925157
4 4 0.010636 0.090050 0.013384 0.000009 0.885921
4 4 0.004233 0.198264 0.120577 0.000146 0.676780
4 4 0.005555 0.185555 0.091337 0.000119 0.717435
4 4 0.003458 0.162334 0.077191 0.000046 0.756972
4 4 0.027507 0.304295 0.230304 0.009392 0.428501
4 4 0.018483 0.305291 0.303851 0.012171 0.360204
4 4 0.025700 0.299638 0.220707 0.007497 0.446458
4 4 0.046161 0.270951 0.123282 0.004163 0.555442
1 1 0.249473 0.356995 0.059112 0.000135 0.334285
4 1 0.215017 0.293596 0.034225 0.000027 0.457134
4 1 0.123739 0.341106 0.066018 0.000109 0.469028
4 1 0.070200 0.328079 0.079773 0.000129 0.521819
4 0 0.166686 0.250658 0.019201 0.000004 0.563451
4 0 0.210737 0.364582 0.057626 0.000070 0.366985
0 0 0.356487 0.322436 0.042821 0.000096 0.278161
1 0 0.097902 0.417034 0.228260 0.005364 0.251440
4 0 0.134354 0.363101 0.090490 0.000409 0.411646
4 0 0.213605 0.338813 0.064066 0.000304 0.383212
1 0 0.198718 0.385018 0.066019 0.000074 0.350172
1 0 0.216826 0.401986 0.109466 0.000867 0.270854
1 0 0.167872 0.418478 0.117206 0.000517 0.295926
1 1 0.132311 0.470174 0.204771 0.001216 0.191528
1 1 0.079744 0.386746 0.200401 0.004597 0.328512
1 1 0.140456 0.416979 0.155805 0.001752 0.285008
1 0 0.212043 0.439544 0.121585 0.000474 0.226353
2 1 0.044428 0.398229 0.400098 0.011170 0.146075
1 1 0.077481 0.441600 0.361114 0.006446 0.113358
1 1 0.093079 0.426888 0.147594 0.000423 0.332016
1 1 0.207004 0.468000 0.150901 0.000564 0.173531
1 1 0.062278 0.436815 0.382278 0.005536 0.113093
1 1 0.087554 0.437696 0.278342 0.005100 0.191308
1 1 0.078259 0.461631 0.296041 0.002411 0.161658
1 1 0.104568 0.470588 0.281008 0.002541 0.141295
1 1 0.055379 0.458906 0.348607 0.001944 0.135165
2 1 0.025084 0.363138 0.555678 0.006162 0.049939
2 1 0.023131 0.352807 0.571381 0.006673 0.046008
2 1 0.023398 0.358884 0.543883 0.008166 0.065669
2 2 0.030549 0.362492 0.552297 0.008894 0.045768
2 2 0.036877 0.374171 0.505843 0.013583 0.069527
2 2 0.044172 0.422594 0.447482 0.004310 0.081442
2 2 0.027890 0.363046 0.543145 0.009076 0.056843
2 2 0.028145 0.365038 0.532469 0.009813 0.064535
2 2 0.023862 0.352644 0.573761 0.006657 0.043076
2 2 0.024608 0.360048 0.544430 0.008383 0.062531
1 2 0.124903 0.423998 0.392002 0.007838 0.051258
1 2 0.275313 0.425621 0.229021 0.006589 0.063456
1 2 0.349234 0.409656 0.160656 0.002992 0.077462
1 2 0.329895 0.410559 0.167844 0.004083 0.087619
0 2 0.800422 0.129960 0.039976 0.001020 0.028622
0 1 0.442661 0.378969 0.108642 0.000899 0.068829
0 0 0.455933 0.377823 0.107501 0.000694 0.058049
1 0 0.294404 0.435012 0.201789 0.003140 0.065655
1 0 0.313014 0.422095 0.197583 0.004088 0.063219
1 1 0.131596 0.388953 0.387959 0.038140 0.053352
1 1 0.363994 0.389331 0.130148 0.002997 0.113530
1 1 0.195069 0.411787 0.293798 0.022669 0.076677
0 1 0.405887 0.384193 0.117064 0.001624 0.091232
0 0 0.920092 0.028359 0.003510 0.000251 0.047787
0 0 0.734540 0.171231 0.031430 0.000330 0.062469
0 0 0.706481 0.148731 0.020961 0.000367 0.123460
1 0 0.331194 0.366554 0.108887 0.003489 0.189876
1 1 0.134197 0.371269 0.332490 0.067910 0.094134
1 2 0.151488 0.384353 0.315613 0.051789 0.096757
1 2 0.289115 0.406970 0.180498 0.007915 0.115501
1 2 0.100924 0.406444 0.344400 0.025664 0.122568
1 2 0.096720 0.391749 0.257079 0.014122 0.240330
1 2 0.136187 0.409128 0.313852 0.027192 0.113641
1 2 0.270765 0.403461 0.186156 0.010586 0.129031
1 2 0.311512 0.390727 0.148270 0.006347 0.143144
1 2 0.207994 0.457456 0.206468 0.002717 0.125366
1 1 0.281706 0.435389 0.122816 0.000645 0.159444
0 0 0.747201 0.109978 0.022851 0.001969 0.118000
1 0 0.158123 0.421551 0.315305 0.019134 0.085888
1 1 0.090160 0.376633 0.351196 0.050366 0.131644
2 1 0.049651 0.382057 0.468059 0.020174 0.080058
2 1 0.055402 0.383905 0.464913 0.021730 0.074050
1 1 0.157363 0.394518 0.334982 0.039470 0.073666
2 2 0.088083 0.387007 0.422050 0.034543 0.068318
2 2 0.056705 0.380187 0.498516 0.017405 0.047188
2 2 0.056374 0.362772 0.521140 0.018865 0.040849
2 2 0.066804 0.385839 0.459996 0.024336 0.063025
2 2 0.080781 0.417817 0.424286 0.012213 0.064903
1 1 0.184946 0.426753 0.315363 0.013531 0.059407
1 1 0.126990 0.446401 0.318984 0.008356 0.099268
2 2 0.040161 0.375372 0.509057 0.013904 0.061507
2 2 0.050803 0.292812 0.545020 0.049047 0.062319
2 2 0.020653 0.256946 0.676240 0.014248 0.031914
2 2 0.034528 0.283801 0.617290 0.024452 0.039929
2 2 0.007786 0.137738 0.825925 0.014476 0.014075
2 2 0.044444 0.332247 0.563961 0.019208 0.040140
2 2 0.020855 0.216102 0.714669 0.022484 0.025889
2 2 0.015608 0.191886 0.739726 0.024068 0.028713
2 2 0.068230 0.377324 0.451000 0.029939 0.073506
2 2 0.090220 0.362130 0.428804 0.047202 0.071644
2 2 0.122290 0.382172 0.396973 0.044110 0.054455
2 2 0.091311 0.297825 0.531149 0.052610 0.027106
2 2 0.099891 0.316257 0.496397 0.054084 0.033371
2 2 0.132013 0.379915 0.388839 0.047059 0.052173
1 2 0.134026 0.376384 0.354589 0.059380 0.075621
2 2 0.132348 0.379780 0.384917 0.048405 0.054551
2 2 0.129154 0.377950 0.415419 0.038806 0.038671
2 2 0.131814 0.379961 0.391045 0.046310 0.050870
1 2 0.219845 0.415174 0.324224 0.009257 0.031500
0 0 0.812333 0.101143 0.056010 0.007195 0.023319
1 0 0.301952 0.426089 0.214872 0.004116 0.052971
1 0 0.276227 0.428233 0.239368 0.005491 0.050682
0 0 0.441553 0.363444 0.144124 0.001952 0.048926
1 0 0.148672 0.394202 0.389650 0.028029 0.039448
1 1 0.229112 0.423383 0.274094 0.011888 0.061524
1 2 0.105023 0.367808 0.324365 0.064653 0.138151
1 2 0.190299 0.412904 0.311614 0.021317 0.063866
1 2 0.247551 0.427964 0.271199 0.007356 0.045930
1 2 0.241871 0.427475 0.277775 0.007811 0.045069
1 1 0.365393 0.414572 0.168485 0.001826 0.049724
0 1 0.647459 0.233700 0.024706 0.000055 0.094080
0 1 0.808321 0.111778 0.012566 0.000087 0.067248
0 1 0.514713 0.323021 0.062344 0.000412 0.099510
0 0 0.957204 0.018328 0.001086 0.000008 0.023374
0 0 0.981193 0.007262 0.000349 0.000003 0.011193
0 0 0.959108 0.020219 0.002156 0.000049 0.018468
0 0 0.975030 0.007896 0.000436 0.000008 0.016631
0 0 0.776860 0.100135 0.003823 0.000004 0.119178
0 2 0.425551 0.301006 0.057714 0.001193 0.214537
1 2 0.167329 0.333331 0.169319 0.042057 0.287963
4 2 0.001165 0.032503 0.006376 0.000000 0.959956
4 4 0.003310 0.037398 0.010608 0.000005 0.948679
4 4 0.001216 0.021608 0.002648 0.000000 0.974528
4 4 0.003783 0.016204 0.001560 0.000000 0.978453
4 4 0.003146 0.009593 0.001269 0.000000 0.985992
4 4 0.002067 0.010333 0.001106 0.000000 0.986493
4 4 0.002218 0.009029 0.000156 0.000000 0.988597
4 4 0.002596 0.013205 0.000550 0.000000 0.983649
4 4 0.001724 0.035044 0.003103 0.000000 0.960130
4 4 0.010514 0.003459 0.000246 0.000000 0.985780
4 4 0.005121 0.042229 0.005185 0.000001 0.947463
4 4 0.010087 0.012365 0.001727 0.000003 0.975818
4 4 0.011014 0.006960 0.000887 0.000002 0.981137
4 4 0.003094 0.030069 0.004709 0.000001 0.962127
4 4 0.007548 0.009025 0.000820 0.000000 0.982607
4 4 0.006884 0.007235 0.000958 0.000001 0.984922
4 4 0.008863 0.026356 0.004372 0.000005 0.960406
4 4 0.005786 0.047424 0.005225 0.000001 0.941564
4 4 0.006185 0.023118 0.003938 0.000003 0.966757
4 4 0.008243 0.053366 0.011634 0.000012 0.926745
4 4 0.003702 0.060385 0.017027 0.000007 0.918880
4 4 0.003241 0.018965 0.002937 0.000001 0.974856
4 4 0.001699 0.024815 0.004390 0.000000 0.969096
4 4 0.002214 0.143450 0.066749 0.000020 0.787567
4 4 0.001703 0.183443 0.138659 0.000059 0.676136
4 4 0.001276 0.138918 0.075166 0.000012 0.784627
4 4 0.010757 0.094429 0.014828 0.000011 0.879976
4 4 0.001558 0.133860 0.063959 0.000012 0.800611
4 4 0.002741 0.126425 0.045805 0.000013 0.825015
4 4 0.001623 0.050626 0.012849 0.000001 0.934900
4 4 0.002216 0.230048 0.256450 0.000359 0.510927
4 4 0.002650 0.230662 0.235835 0.000367 0.530486
4 4 0.013139 0.313471 0.129624 0.000042 0.543724
2 4 0.000471 0.202404 0.487132 0.000360 0.309633
2 4 0.000800 0.217202 0.458058 0.000582 0.323358
4 4 0.001996 0.229359 0.268540 0.000353 0.499752
2 4 0.001370 0.231846 0.391035 0.000674 0.375076
2 2 0.000770 0.215739 0.472355 0.000626 0.310510
4 2 0.001406 0.230626 0.356797 0.000511 0.410659
2 2 0.000649 0.211003 0.479149 0.000525 0.308674
4 2 0.089313 0.228607 0.062550 0.002513 0.617018
4 2 0.212317 0.294644 0.072212 0.002815 0.418011
0 0 0.779152 0.043767 0.002584 0.000006 0.174491
0 0 0.439910 0.145742 0.008055 0.000007 0.406287
4 0 0.278455 0.165712 0.012998 0.000068 0.542767
0 0 0.589396 0.071471 0.008924 0.000061 0.330148
4 0 0.239019 0.317386 0.061472 0.000601 0.381522
4 2 0.113754 0.241804 0.066230 0.003554 0.574658
4 2 0.113508 0.305020 0.125188 0.011659 0.444624
1 2 0.238494 0.346470 0.078765 0.000927 0.335345
0 0 0.654119 0.081066 0.014927 0.000400 0.249487
0 0 0.622576 0.142342 0.017689 0.000184 0.217209
1 0 0.166677 0.425363 0.141392 0.001124 0.265444
1 1 0.059810 0.320888 0.256598 0.052124 0.310580
1 1 0.052411 0.320598 0.273028 0.051086 0.302878
4 1 0.040247 0.310007 0.213187 0.013636 0.422922
1 1 0.090573 0.352496 0.265491 0.051246 0.240194
1 1 0.047886 0.320583 0.279166 0.046477 0.305887
1 1 0.047585 0.320701 0.278011 0.045083 0.308620
1 2 0.052329 0.337650 0.280996 0.034864 0.294161
2 2 0.016474 0.288149 0.622415 0.011085 0.061877
2 2 0.046135 0.379907 0.452865 0.021155 0.099938
2 2 0.008364 0.200565 0.744168 0.010050 0.036853
2 2 0.014467 0.274116 0.655805 0.008954 0.046658
2 2 0.011932 0.241795 0.686939 0.010931 0.048404
2 2 0.005868 0.182203 0.779323 0.006240 0.026367
2 2 0.006518 0.165964 0.785033 0.011486 0.030999
2 2 0.009768 0.217679 0.714690 0.011417 0.046446
2 2 0.005900 0.133886 0.831669 0.012005 0.016539
2 2 0.017404 0.248029 0.643834 0.022261 0.068472
2 2 0.002043 0.021851 0.798147 0.173798 0.004161
2 2 0.005164 0.044947 0.761988 0.176665 0.011236
2 2 0.003762 0.030935 0.711994 0.244613 0.008696
2 2 0.007174 0.044499 0.671213 0.264925 0.012189
2 2 0.006648 0.043016 0.650495 0.285587 0.014254
2 2 0.007611 0.054971 0.741168 0.183598 0.012651
2 2 0.001214 0.011492 0.595566 0.387077 0.004651
2 2 0.002484 0.026320 0.722144 0.239340 0.009711
2 3 0.004201 0.023992 0.531093 0.431086 0.009628
2 3 0.003577 0.026565 0.702917 0.260779 0.006161
3 3 0.004543 0.022578 0.357095 0.595464 0.020321
3 3 0.000440 0.003102 0.254343 0.739254 0.002862
3 3 0.000197 0.001697 0.243051 0.753461 0.001594
3 3 0.000648 0.004314 0.271036 0.720038 0.003964
3 3 0.000139 0.001158 0.208305 0.789316 0.001081
3 3 0.000473 0.003195 0.250880 0.742458 0.002994
3 3 0.000408 0.002778 0.241803 0.752385 0.002626
3 3 0.000228 0.001096 0.148897 0.848479 0.001300
3 3 0.001620 0.009416 0.312148 0.668246 0.008570
3 3 0.000209 0.000537 0.080435 0.917939 0.000880
3 3 0.000014 0.000031 0.027939 0.971949 0.000067
3 3 0.000009 0.000025 0.029669 0.970247 0.000050
3 3 0.000065 0.000197 0.063229 0.936183 0.000326
3 3 0.000007 0.000011 0.016083 0.983869 0.000030
3 3 0.000449 0.001307 0.116587 0.879764 0.001893
3 3 0.000006 0.000014 0.020074 0.979874 0.000033
3 3 0.000020 0.000037 0.025596 0.974260 0.000086
3 3 0.000015 0.000031 0.026763 0.973123 0.000069
3 3 0.000015 0.000030 0.025463 0.974426 0.000068
3 3 0.000022 0.000050 0.033613 0.966211 0.000104
3 3 0.000071 0.000100 0.030819 0.968768 0.000241
3 3 0.000069 0.000073 0.022718 0.976936 0.000204
3 3 0.000035 0.000046 0.022689 0.977109 0.000121
3 3 0.000024 0.000032 0.019435 0.980422 0.000087
3 3 0.000043 0.000049 0.020731 0.979042 0.000136
3 3 0.000036 0.000058 0.027476 0.972291 0.000139
3 3 0.000039 0.000049 0.022122 0.977657 0.000132
3 3 0.000017 0.000021 0.016182 0.983721 0.000059
3 3 0.000028 0.000027 0.014945 0.984917 0.000084
3 3 0.000013 0.000018 0.017013 0.982905 0.000050
3 3 0.000009 0.000010 0.011965 0.987984 0.000032
3 3 0.000036 0.000050 0.023853 0.975932 0.000128
3 3 0.000007 0.000010 0.013847 0.986105 0.000030
3 3 0.000009 0.000008 0.010066 0.989887 0.000029
3 3 0.000024 0.000029 0.018005 0.981861 0.000082
3 3 0.000070 0.000051 0.015777 0.983931 0.000171
3 3 0.000022 0.000014 0.009267 0.990641 0.000056
3 3 0.000010 0.000010 0.011101 0.988847 0.000032
3 3 0.000007 0.000007 0.010250 0.989712 0.000024
3 3 0.000014 0.000012 0.010563 0.989369 0.000042
3 3 0.000017 0.000015 0.011674 0.988243 0.000051
3 3 0.000009 0.000014 0.015919 0.984019 0.000039
3 3 0.000005 0.000006 0.010468 0.989500 0.000021
3 3 0.000011 0.000013 0.013545 0.986392 0.000039
3 3 0.000009 0.000009 0.010550 0.989402 0.000030
3 3 0.000029 0.000050 0.027398 0.972407 0.000117
3 3 0.000034 0.000050 0.024537 0.975254 0.000125
3 3 0.000015 0.000017 0.013794 0.986122 0.000052
3 3 0.000035 0.000037 0.017927 0.981894 0.000108
3 3 0.000013 0.000010 0.008942 0.990998 0.000037
3 3 0.000006 0.000006 0.009719 0.990247 0.000021
3 3 0.000003 0.000003 0.006697 0.993287 0.000011
3 3 0.000028 0.000030 0.017039 0.982814 0.000089
3 3 0.000009 0.000008 0.008705 0.991250 0.000028
3 3 0.000010 0.000009 0.009442 0.990508 0.000031
3 3 0.000005 0.000006 0.009307 0.990664 0.000019
3 3 0.000014 0.000012 0.010557 0.989377 0.000041
3 3 0.000007 0.000007 0.009839 0.990121 0.000025
3 3 0.000010 0.000009 0.009977 0.989973 0.000031
3 3 0.000005 0.000006 0.010360 0.989611 0.000019
3 3 0.000012 0.000009 0.008163 0.991781 0.000034
3 3 0.000010 0.000006 0.006168 0.993792 0.000025
3 3 0.000016 0.000009 0.007329 0.992605 0.000040
3 3 0.000004 0.000004 0.007780 0.992200 0.000013
3 3 0.000006 0.000005 0.007934 0.992036 0.000019
3 3 0.000004 0.000004 0.007480 0.992499 0.000014
3 3 0.000029 0.000017 0.009542 0.990343 0.000069
3 3 0.000008 0.000006 0.007862 0.992100 0.000024
3 3 0.000003 0.000002 0.004958 0.995029 0.000009
3 3 0.000019 0.000011 0.007856 0.992068 0.000046
3 3 0.000008 0.000005 0.006192 0.993773 0.000022
3 3 0.000018 0.000010 0.007355 0.992574 0.000043
3 3 0.000021 0.000011 0.007431 0.992489 0.000048
3 3 0.000005 0.000004 0.007629 0.992346 0.000016
3 3 0.000007 0.000004 0.006180 0.993791 0.000018
3 3 0.000015 0.000009 0.006991 0.992948 0.000037
3 3 0.000019 0.000010 0.007222 0.992705 0.000044
3 3 0.000021 0.000008 0.005565 0.994365 0.000041
3 3 0.000014 0.000009 0.007756 0.992184 0.000037
3 3 0.000016 0.000009 0.007027 0.992911 0.000038
3 3 0.000013 0.000008 0.007002 0.992943 0.000033
3 3 0.000024 0.000015 0.009284 0.990618 0.000059
3 3 0.000027 0.000020 0.011770 0.988110 0.000072
3 3 0.000026 0.000013 0.007762 0.992140 0.000058
3 3 0.000015 0.000009 0.007748 0.992190 0.000038
3 3 0.000007 0.000006 0.007783 0.992182 0.000022
3 3 0.000015 0.000009 0.007830 0.992108 0.000038
3 3 0.000010 0.000006 0.006926 0.993032 0.000026
3 3 0.000027 0.000018 0.010381 0.989504 0.000069
3 3 0.000005 0.000004 0.007076 0.992899 0.000016
3 3 0.000033 0.000018 0.009130 0.990743 0.000075
3 3 0.000020 0.000010 0.007326 0.992598 0.000045
3 3 0.000034 0.000023 0.011134 0.988725 0.000084
3 3 0.000049 0.000027 0.010598 0.989219 0.000107
3 3 0.000041 0.000027 0.011940 0.987891 0.000100
3 3 0.000053 0.000045 0.016464 0.983295 0.000143
3 3 0.003131 0.012506 0.276425 0.694867 0.013070
2 3 0.046481 0.163301 0.474300 0.242044 0.073874
2 2 0.045045 0.164197 0.546847 0.195691 0.048220
2 2 0.030049 0.116288 0.527609 0.279246 0.046808
1 2 0.057092 0.320296 0.267008 0.055877 0.299726
1 2 0.044418 0.343430 0.329007 0.036177 0.246968
1 2 0.037370 0.319056 0.295029 0.035856 0.312690
1 2 0.032862 0.317552 0.302753 0.031346 0.315486
1 2 0.033601 0.317842 0.301440 0.032083 0.315035
4 2 0.028373 0.315352 0.311225 0.026886 0.318164
2 2 0.016485 0.304000 0.339973 0.015251 0.324291
2 2 0.015473 0.302437 0.343118 0.014276 0.324696
4 4 0.025217 0.313270 0.317784 0.023770 0.319960
2 4 0.021927 0.310494 0.325312 0.020541 0.321726
4 4 0.004751 0.101836 0.067681 0.000133 0.825600
4 4 0.007017 0.040611 0.015319 0.000033 0.937020
4 4 0.008988 0.057412 0.024797 0.000083 0.908720
4 4 0.005873 0.021171 0.007341 0.000014 0.965600
4 4 0.011198 0.025726 0.008489 0.000039 0.954548
4 4 0.012438 0.045161 0.013274 0.000045 0.929081
4 4 0.008042 0.100631 0.018833 0.000011 0.872483
4 4 0.003867 0.029076 0.005809 0.000002 0.961247
4 4 0.007490 0.037268 0.013983 0.000035 0.941223
4 4 0.013890 0.015158 0.003445 0.000016 0.967491
4 4 0.002752 0.067605 0.025098 0.000010 0.904535
4 4 0.009346 0.024253 0.007449 0.000024 0.958929
4 4 0.006541 0.050615 0.019926 0.000037 0.922880
4 4 0.007571 0.012829 0.004333 0.000016 0.975251
4 4 0.011594 0.013349 0.002191 0.000005 0.972861
4 4 0.016844 0.014071 0.001692 0.000004 0.967389
4 4 0.011217 0.020362 0.005530 0.000021 0.962870
4 4 0.014325 0.004378 0.000781 0.000005 0.980511
4 4 0.004947 0.047664 0.018286 0.000022 0.929082
4 4 0.005723 0.022860 0.003528 0.000002 0.967887
4 4 0.001998 0.031786 0.009317 0.000002 0.956897
4 4 0.001590 0.022210 0.005821 0.000001 0.970377
4 4 0.006465 0.013122 0.003727 0.000008 0.976679
4 4 0.006594 0.004655 0.000382 0.000000 0.988368
4 4 0.005301 0.003869 0.000451 0.000000 0.990379
4 4 0.003863 0.004328 0.000469 0.000000 0.991340
4 4 0.008366 0.002881 0.000199 0.000000 0.988554
4 4 0.004194 0.005617 0.000569 0.000000 0.989620
4 4 0.001773 0.007657 0.000877 0.000000 0.989694
4 4 0.005479 0.003416 0.000323 0.000000 0.990782
4 4 0.027954 0.082360 0.023532 0.000211 0.865943
4 4 0.016395 0.209626 0.085206 0.000439 0.688335
4 4 0.007740 0.270889 0.260100 0.002092 0.459179
4 4 0.019847 0.261138 0.148283 0.001877 0.568854
4 4 0.024577 0.205971 0.070910 0.000528 0.698013
4 4 0.009913 0.280439 0.266776 0.003198 0.439674
4 4 0.029603 0.142861 0.030807 0.000096 0.796633
4 1 0.041060 0.105024 0.011585 0.000031 0.842299
4 1 0.017262 0.235688 0.115078 0.000878 0.631093
4 1 0.010730 0.281476 0.259264 0.003296 0.445234
4 1 0.013529 0.280342 0.224807 0.003081 0.478241
4 2 0.017187 0.286412 0.218968 0.004049 0.473384
4 2 0.025462 0.276096 0.163659 0.003408 0.531374
4 2 0.225187 0.162195 0.018665 0.000503 0.593451
0 0 0.753758 0.047666 0.008128 0.000122 0.190327
4 0 0.328101 0.048335 0.006437 0.000077 0.617050
4 0 0.050034 0.276508 0.128083 0.005136 0.540240
4 0 0.017921 0.287124 0.216897 0.004193 0.473866
4 1 0.019410 0.293908 0.231304 0.005629 0.449750
4 1 0.061127 0.237038 0.077208 0.002295 0.622332
1 1 0.041071 0.319870 0.289148 0.039578 0.310333
1 1 0.064033 0.389229 0.278146 0.011349 0.257244
1 4 0.036877 0.318921 0.295842 0.035361 0.313000
1 4 0.045982 0.340936 0.268151 0.019947 0.324984
4 4 0.028751 0.319263 0.216016 0.004557 0.431414
4 4 0.227321 0.333697 0.061610 0.000141 0.377231
4 1 0.039748 0.294800 0.146230 0.003040 0.516182
1 1 0.033994 0.317989 0.300749 0.032476 0.314793
4 1 0.028617 0.315485 0.303288 0.024701 0.327909
4 1 0.032542 0.308995 0.230279 0.012198 0.415986
1 1 0.088478 0.398232 0.345091 0.028016 0.140184
1 1 0.087322 0.402059 0.345256 0.024816 0.140547
1 1 0.295404 0.395973 0.161780 0.007805 0.139038
2 1 0.056983 0.369196 0.369942 0.036473 0.167406
1 1 0.065622 0.371400 0.363225 0.041203 0.158549
1 1 0.093963 0.367436 0.328019 0.060027 0.150554
1 1 0.084295 0.404294 0.326963 0.020210 0.164237
1 1 0.090364 0.372102 0.342520 0.054760 0.140254
2 1 0.070552 0.383677 0.389842 0.034905 0.121024
1 1 0.123617 0.422790 0.307346 0.016822 0.129425
2 1 0.033762 0.363648 0.418218 0.020378 0.163993
2 1 0.033337 0.363650 0.420323 0.020003 0.162687
2 2 0.047312 0.375571 0.416742 0.025920 0.134456
2 2 0.028207 0.333833 0.352199 0.023071 0.262690
2 2 0.029037 0.341504 0.368245 0.022243 0.238972
2 2 0.039308 0.371912 0.429965 0.021496 0.137318
2 2 0.035795 0.371856 0.449709 0.018320 0.124320
2 2 0.038180 0.368923 0.420531 0.022024 0.150342
2 2 0.021593 0.358158 0.496389 0.010196 0.113665
2 2 0.039571 0.376731 0.468317 0.017713 0.097668
2 2 0.023182 0.359705 0.481782 0.011542 0.123790
2 2 0.016937 0.350041 0.525267 0.007373 0.100381
2 2 0.021439 0.357772 0.494479 0.010243 0.116066
2 2 0.021515 0.353295 0.457173 0.012244 0.155773
2 2 0.022534 0.359636 0.494708 0.010599 0.112523
2 2 0.020931 0.357457 0.506472 0.009465 0.105675
2 2 0.023612 0.361638 0.503776 0.010437 0.100536
2 2 0.009828 0.329150 0.533463 0.004709 0.122850
2 2 0.016693 0.349416 0.517803 0.007590 0.108498
2 2 0.038457 0.376234 0.476493 0.016625 0.092191
1 1 0.134768 0.397110 0.396578 0.027276 0.044268
2 1 0.034031 0.371641 0.513886 0.012338 0.068104
2 1 0.044843 0.379805 0.480803 0.017680 0.076869
2 1 0.040991 0.377216 0.459919 0.018956 0.102918
2 2 0.027365 0.364150 0.534099 0.009552 0.064834
2 2 0.051003 0.377333 0.489130 0.019090 0.063443
2 2 0.035482 0.373242 0.506977 0.013202 0.071096
2 2 0.028846 0.366495 0.525794 0.010398 0.068466
2 2 0.019423 0.227163 0.694687 0.022326 0.036401
2 2 0.028912 0.339654 0.574382 0.010768 0.046284
2 2 0.067287 0.386120 0.455842 0.025092 0.065658
2 2 0.041763 0.295041 0.584050 0.031275 0.047871
2 2 0.044748 0.323656 0.549252 0.026914 0.055429
2 2 0.073345 0.359308 0.475365 0.034255 0.057727
2 2 0.026587 0.239645 0.659691 0.032120 0.041956
2 2 0.072365 0.386644 0.429723 0.030538 0.080730
2 2 0.047366 0.218760 0.637667 0.068397 0.027810
2 2 0.028191 0.270213 0.644602 0.020560 0.036434
2 2 0.088062 0.367917 0.446561 0.038731 0.058729
2 2 0.030915 0.272269 0.626567 0.026209 0.044039
2 2 0.004102 0.055264 0.888613 0.046243 0.005779
2 2 0.054751 0.342087 0.506488 0.031399 0.065275
2 2 0.067063 0.377372 0.504581 0.017393 0.033591
2 2 0.028574 0.182445 0.721789 0.048068 0.019125
2 2 0.077734 0.387040 0.441850 0.029061 0.064314
2 2 0.016495 0.134199 0.768931 0.060632 0.019743
