0 0 0.454043 0.284211 0.065465 0.000033 0.196247
0 0 0.993124 0.002344 0.000895 0.000012 0.003625
0 0 0.956199 0.024298 0.009543 0.000137 0.009823
0 0 0.969775 0.017555 0.006690 0.000077 0.005904
0 0 0.991878 0.003741 0.001612 0.000024 0.002746
0 0 0.990629 0.004118 0.001675 0.000024 0.003553
0 0 0.995900 0.001758 0.000788 0.000010 0.001543
0 0 0.983805 0.006032 0.002593 0.000078 0.007493
0 0 0.977578 0.012414 0.004158 0.000029 0.005821
0 0 0.949030 0.027982 0.012285 0.000268 0.010434
0 0 0.772749 0.133409 0.060175 0.001175 0.032492
0 0 0.982647 0.009183 0.004161 0.000081 0.003929
0 0 0.980070 0.009847 0.004312 0.000098 0.005674
0 0 0.905314 0.054922 0.021645 0.000248 0.017871
0 0 0.986145 0.006946 0.002529 0.000024 0.004357
0 0 0.939619 0.031047 0.011524 0.000130 0.017680
0 0 0.958889 0.014006 0.004131 0.000013 0.022961
0 0 0.950557 0.020765 0.004148 0.000002 0.024527
0 0 0.934209 0.022798 0.008024 0.000074 0.034894
0 0 0.754411 0.087969 0.017204 0.000006 0.140410
0 0 0.667706 0.059596 0.014377 0.000012 0.258310
0 0 0.791422 0.064387 0.014972 0.000014 0.129205
0 0 0.868250 0.015498 0.005654 0.000048 0.110549
0 0 0.874108 0.033557 0.006649 0.000004 0.085682
0 0 0.936826 0.006000 0.002178 0.000022 0.054974
0 0 0.685332 0.045125 0.011811 0.000022 0.257710
0 0 0.896241 0.023039 0.007394 0.000039 0.073288
0 0 0.838989 0.042011 0.010431 0.000012 0.108556
0 0 0.677171 0.094621 0.021848 0.000019 0.206342
4 0 0.308573 0.048485 0.018660 0.000171 0.624110
0 0 0.742697 0.088193 0.021676 0.000031 0.147403
0 0 0.588077 0.077633 0.027177 0.000280 0.306833
0 0 0.655565 0.105528 0.028437 0.000062 0.210408
0 0 0.886032 0.023856 0.010749 0.000355 0.079008
4 0 0.379684 0.086964 0.023213 0.000040 0.510099
0 0 0.797226 0.088482 0.024981 0.000058 0.089253
0 1 0.760519 0.100705 0.024999 0.000067 0.113711
0 1 0.504498 0.170936 0.045017 0.000082 0.279467
0 2 0.357792 0.226787 0.162455 0.001994 0.250971
4 2 0.176796 0.293313 0.107156 0.001340 0.421395
1 2 0.106974 0.452155 0.270914 0.000696 0.169261
2 2 0.012411 0.107575 0.861722 0.000232 0.018060
2 2 0.110763 0.290949 0.505861 0.000921 0.091505
2 2 0.001599 0.018785 0.978939 0.000595 0.000082
2 2 0.023951 0.179528 0.760733 0.000093 0.035695
2 2 0.035703 0.237611 0.628019 0.000507 0.098159
2 2 0.005579 0.032868 0.960233 0.000867 0.000454
4 2 0.330225 0.233441 0.066743 0.000158 0.369433
2 2 0.039380 0.332512 0.546135 0.000105 0.081869
2 2 0.003698 0.049820 0.944087 0.000344 0.002051
2 2 0.035484 0.277764 0.648697 0.000659 0.037395
2 2 0.041248 0.112199 0.843668 0.000088 0.002797
2 2 0.032946 0.140626 0.821927 0.000368 0.004134
2 2 0.002227 0.019880 0.976276 0.001525 0.000092
2 2 0.002452 0.027029 0.969541 0.000264 0.000713
2 2 0.000185 0.006445 0.992516 0.000829 0.000024
2 2 0.004705 0.012865 0.981005 0.001298 0.000127
2 2 0.002519 0.007283 0.981911 0.008236 0.000051
2 2 0.029576 0.263354 0.681010 0.001473 0.024587
2 2 0.004633 0.145359 0.840488 0.000842 0.008679
2 2 0.001501 0.024145 0.972114 0.002094 0.000146
2 1 0.024983 0.193812 0.768990 0.000363 0.011853
2 2 0.003359 0.134946 0.841377 0.000201 0.020118
2 2 0.005111 0.112581 0.870283 0.003729 0.008296
2 2 0.003046 0.031448 0.964708 0.000301 0.000497
2 2 0.001954 0.022625 0.974977 0.000293 0.000152
2 2 0.001525 0.022925 0.972673 0.002507 0.000370
2 2 0.005544 0.054336 0.935968 0.003299 0.000853
2 2 0.023270 0.164276 0.806979 0.000197 0.005279
2 2 0.001020 0.002059 0.990536 0.006377 0.000008
2 2 0.000189 0.001086 0.972241 0.026478 0.000007
2 2 0.001789 0.021259 0.975882 0.000978 0.000092
2 2 0.000143 0.001210 0.993659 0.004979 0.000009
2 2 0.000089 0.000765 0.986597 0.012548 0.000001
2 3 0.000019 0.000181 0.934828 0.064971 0.000001
2 3 0.000021 0.000314 0.834123 0.165541 0.000002
2 3 0.000048 0.000533 0.900389 0.099025 0.000004
2 3 0.000005 0.000092 0.882734 0.117168 0.000000
2 3 0.000002 0.000072 0.786091 0.213834 0.000000
2 3 0.000024 0.000132 0.804088 0.195754 0.000002
2 3 0.000040 0.000328 0.931330 0.068300 0.000001
2 3 0.000001 0.000025 0.604420 0.395554 0.000000
3 3 0.000000 0.000002 0.246676 0.753321 0.000000
3 3 0.000000 0.000001 0.206523 0.793476 0.000000
3 3 0.000000 0.000006 0.197868 0.802126 0.000000
2 3 0.000001 0.000032 0.522023 0.477944 0.000000
3 3 0.000000 0.000002 0.160289 0.839709 0.000000
3 3 0.000090 0.000499 0.267047 0.732353 0.000011
2 3 0.004014 0.109282 0.858521 0.019839 0.008344
2 3 0.000116 0.006435 0.978831 0.014117 0.000501
2 3 0.002838 0.028972 0.931984 0.034847 0.001359
2 3 0.000252 0.002077 0.989437 0.008225 0.000009
2 3 0.009813 0.019104 0.950833 0.019308 0.000941
2 3 0.000075 0.004165 0.987206 0.008529 0.000026
2 3 0.000020 0.000220 0.837007 0.162751 0.000003
2 3 0.005745 0.007981 0.935561 0.050265 0.000448
2 3 0.000003 0.000077 0.932652 0.067268 0.000000
2 3 0.000010 0.000106 0.772575 0.227309 0.000001
3 3 0.000001 0.000020 0.320071 0.679908 0.000000
3 3 0.000001 0.000011 0.389753 0.610236 0.000000
3 3 0.000000 0.000004 0.454873 0.545123 0.000000
3 3 0.000000 0.000002 0.084604 0.915393 0.000000
3 3 0.000000 0.000002 0.246460 0.753539 0.000000
3 3 0.000069 0.000484 0.385463 0.613972 0.000013
3 3 0.000000 0.000010 0.373004 0.626986 0.000000
3 3 0.000000 0.000009 0.220674 0.779317 0.000000
3 3 0.000000 0.000000 0.052042 0.947958 0.000000
3 3 0.000000 0.000000 0.139247 0.860752 0.000000
3 3 0.000067 0.000620 0.190186 0.809100 0.000027
2 3 0.000263 0.004125 0.648624 0.346838 0.000151
2 2 0.000824 0.005838 0.983781 0.009274 0.000282
2 2 0.001065 0.012663 0.952098 0.033478 0.000696
2 2 0.000867 0.005622 0.968379 0.024392 0.000741
2 2 0.003874 0.007049 0.986264 0.002736 0.000077
2 2 0.000495 0.023375 0.952095 0.021387 0.002647
2 2 0.001725 0.023555 0.970347 0.003291 0.001081
2 2 0.000444 0.004525 0.986723 0.008284 0.000023
2 2 0.000256 0.009936 0.980984 0.008283 0.000541
2 2 0.002238 0.044121 0.950909 0.001884 0.000848
2 2 0.005397 0.040637 0.946188 0.007458 0.000320
2 2 0.007816 0.012355 0.976113 0.003206 0.000511
2 2 0.028223 0.253027 0.693809 0.001604 0.023337
2 2 0.003170 0.036127 0.958308 0.001969 0.000426
2 2 0.001446 0.045022 0.952080 0.000364 0.001088
2 2 0.001098 0.015447 0.976594 0.006274 0.000587
2 2 0.044264 0.053166 0.887956 0.013383 0.001231
2 2 0.065944 0.323881 0.495554 0.001683 0.112939
2 2 0.013703 0.058767 0.923760 0.001566 0.002204
2 2 0.000855 0.024036 0.973894 0.000583 0.000633
2 2 0.000263 0.010937 0.988067 0.000558 0.000175
2 2 0.016621 0.060938 0.918833 0.002324 0.001284
2 2 0.000429 0.019644 0.976512 0.003218 0.000197
2 2 0.001758 0.021412 0.969705 0.005480 0.001645
2 2 0.000048 0.003619 0.994625 0.001651 0.000056
2 2 0.001392 0.009036 0.979007 0.010400 0.000165
2 2 0.002206 0.085372 0.906109 0.003169 0.003144
2 2 0.000136 0.004252 0.989951 0.005570 0.000092
2 2 0.003624 0.030395 0.954584 0.010294 0.001103
2 2 0.000419 0.016305 0.980856 0.001684 0.000736
2 2 0.002589 0.024025 0.969353 0.003448 0.000585
2 2 0.000170 0.007938 0.991127 0.000626 0.000139
2 2 0.009802 0.024698 0.952489 0.009110 0.003901
2 2 0.003440 0.031015 0.920885 0.035367 0.009293
2 2 0.006154 0.026338 0.961538 0.005762 0.000207
2 2 0.000890 0.027007 0.955178 0.012983 0.003942
2 2 0.000448 0.002448 0.929990 0.067085 0.000029
2 2 0.000332 0.007107 0.979566 0.012265 0.000729
2 2 0.003408 0.009022 0.981712 0.005398 0.000459
2 2 0.019911 0.230659 0.722080 0.001792 0.025558
2 2 0.000081 0.005927 0.992882 0.000983 0.000127
2 2 0.002804 0.026678 0.968636 0.001098 0.000784
2 2 0.000675 0.013059 0.982001 0.003980 0.000285
2 2 0.002368 0.018523 0.973324 0.005586 0.000200
2 2 0.000125 0.002188 0.960729 0.036945 0.000013
2 2 0.000209 0.008039 0.986388 0.005083 0.000281
2 2 0.000612 0.010773 0.982040 0.006524 0.000051
2 2 0.001108 0.033578 0.961639 0.002021 0.001655
2 2 0.000067 0.001624 0.982700 0.015598 0.000010
2 2 0.002181 0.012344 0.966636 0.017780 0.001058
2 2 0.000144 0.003335 0.982181 0.014173 0.000167
2 2 0.001101 0.005392 0.928543 0.064845 0.000119
2 2 0.000289 0.002388 0.915342 0.081866 0.000114
2 2 0.000200 0.001982 0.943177 0.054632 0.000009
2 2 0.002378 0.008539 0.970656 0.018092 0.000334
2 2 0.000055 0.002463 0.830433 0.166957 0.000091
2 2 0.000070 0.000705 0.894025 0.105192 0.000007
2 2 0.000197 0.001302 0.849992 0.148488 0.000021
2 3 0.000008 0.000209 0.740200 0.259582 0.000001
2 3 0.000004 0.000084 0.821724 0.178188 0.000000
3 3 0.000002 0.000050 0.340204 0.659744 0.000000
3 3 0.000023 0.000342 0.173735 0.825880 0.000021
3 3 0.000001 0.000015 0.212775 0.787210 0.000000
3 3 0.000015 0.000074 0.131967 0.867943 0.000002
3 3 0.000000 0.000008 0.150073 0.849918 0.000000
3 3 0.000000 0.000005 0.072997 0.926997 0.000000
3 3 0.000008 0.000075 0.151931 0.847984 0.000002
2 3 0.000000 0.000009 0.573528 0.426463 0.000000
3 3 0.000000 0.000005 0.081877 0.918118 0.000000
3 3 0.000000 0.000000 0.051073 0.948927 0.000000
3 3 0.000000 0.000007 0.132894 0.867098 0.000000
3 3 0.000000 0.000001 0.144495 0.855504 0.000000
3 3 0.000000 0.000004 0.077938 0.922057 0.000000
3 3 0.000000 0.000000 0.011989 0.988011 0.000000
3 3 0.000000 0.000000 0.021249 0.978751 0.000000
3 3 0.000000 0.000004 0.139140 0.860856 0.000000
3 3 0.000001 0.000022 0.118765 0.881211 0.000000
3 3 0.000001 0.000017 0.275246 0.724737 0.000000
3 3 0.000000 0.000008 0.157425 0.842566 0.000000
3 3 0.000000 0.000002 0.088871 0.911127 0.000000
3 3 0.000000 0.000001 0.083692 0.916307 0.000000
3 3 0.000000 0.000002 0.066089 0.933908 0.000000
3 3 0.000000 0.000002 0.016274 0.983724 0.000000
3 3 0.000000 0.000000 0.018214 0.981785 0.000000
3 3 0.000000 0.000009 0.027762 0.972228 0.000001
3 3 0.000000 0.000002 0.029572 0.970425 0.000000
3 3 0.000000 0.000001 0.034080 0.965919 0.000000
3 3 0.000001 0.000019 0.108314 0.891666 0.000000
3 3 0.000000 0.000001 0.031093 0.968906 0.000000
3 3 0.000000 0.000000 0.013617 0.986383 0.000000
3 3 0.000000 0.000000 0.018880 0.981120 0.000000
3 3 0.000000 0.000000 0.025605 0.974395 0.000000
3 3 0.000000 0.000001 0.217200 0.782798 0.000000
3 3 0.000000 0.000001 0.038115 0.961884 0.000000
3 3 0.000000 0.000002 0.073683 0.926315 0.000000
3 3 0.000000 0.000002 0.044764 0.955233 0.000000
3 3 0.000000 0.000001 0.021269 0.978729 0.000000
3 3 0.000000 0.000000 0.022859 0.977141 0.000000
3 3 0.000000 0.000001 0.026695 0.973304 0.000000
3 3 0.000000 0.000004 0.040498 0.959497 0.000000
3 3 0.000000 0.000000 0.036370 0.963630 0.000000
3 3 0.000000 0.000002 0.026289 0.973709 0.000000
3 3 0.000000 0.000002 0.037120 0.962878 0.000000
3 3 0.000000 0.000001 0.033139 0.966860 0.000000
3 3 0.000000 0.000000 0.055294 0.944705 0.000000
3 3 0.000000 0.000001 0.039188 0.960811 0.000000
3 3 0.000000 0.000000 0.021221 0.978779 0.000000
3 3 0.000000 0.000001 0.039739 0.960261 0.000000
3 3 0.000000 0.000000 0.038165 0.961834 0.000000
3 3 0.000000 0.000003 0.125849 0.874148 0.000000
3 3 0.000000 0.000001 0.038828 0.961171 0.000000
3 3 0.000000 0.000006 0.025165 0.974829 0.000000
3 3 0.000000 0.000004 0.201946 0.798050 0.000000
3 3 0.000000 0.000002 0.143867 0.856131 0.000000
3 3 0.000000 0.000001 0.078385 0.921614 0.000000
3 3 0.000000 0.000001 0.008871 0.991128 0.000000
3 3 0.000000 0.000001 0.013281 0.986718 0.000000
3 3 0.000000 0.000002 0.066722 0.933276 0.000000
3 3 0.000000 0.000001 0.059713 0.940286 0.000000
3 3 0.000000 0.000006 0.086134 0.913860 0.000000
3 3 0.000000 0.000009 0.230274 0.769716 0.000000
3 3 0.000000 0.000001 0.035805 0.964194 0.000000
3 3 0.000000 0.000001 0.046466 0.953534 0.000000
3 3 0.000000 0.000002 0.034629 0.965369 0.000000
3 3 0.000000 0.000001 0.031231 0.968768 0.000000
3 3 0.000000 0.000002 0.162160 0.837838 0.000000
3 3 0.000000 0.000003 0.056810 0.943187 0.000000
3 3 0.000000 0.000004 0.168923 0.831073 0.000000
3 3 0.000000 0.000001 0.079738 0.920261 0.000000
3 3 0.000000 0.000001 0.059964 0.940035 0.000000
3 3 0.000000 0.000014 0.048580 0.951405 0.000001
3 3 0.000000 0.000001 0.056399 0.943600 0.000000
3 3 0.000000 0.000002 0.115275 0.884723 0.000000
3 3 0.000000 0.000001 0.027555 0.972444 0.000000
3 3 0.000000 0.000001 0.037274 0.962725 0.000000
3 3 0.000000 0.000002 0.081716 0.918283 0.000000
3 3 0.000000 0.000000 0.023681 0.976319 0.000000
3 3 0.000000 0.000001 0.017022 0.982977 0.000000
3 3 0.000000 0.000001 0.047620 0.952379 0.000000
3 3 0.000000 0.000002 0.041049 0.958950 0.000000
3 3 0.000000 0.000002 0.033025 0.966972 0.000000
3 3 0.000000 0.000003 0.060007 0.939990 0.000000
3 3 0.000000 0.000002 0.024340 0.975658 0.000000
3 3 0.000385 0.001980 0.275104 0.722444 0.000087
2 3 0.000132 0.002006 0.529506 0.468315 0.000041
2 3 0.027973 0.135445 0.811015 0.017533 0.008034
2 3 0.010529 0.131481 0.844216 0.010375 0.003400
2 2 0.031862 0.227046 0.732415 0.001734 0.006943
0 2 0.482783 0.188704 0.288578 0.031114 0.008821
2 2 0.058731 0.342526 0.440825 0.001142 0.156776
0 1 0.615044 0.236005 0.110964 0.001084 0.036903
0 0 0.646785 0.207801 0.058601 0.000191 0.086622
0 0 0.482763 0.230417 0.083968 0.000558 0.202293
1 1 0.323364 0.450505 0.114133 0.000066 0.111930
0 0 0.614408 0.229656 0.079076 0.000225 0.076634
0 0 0.464329 0.362842 0.126430 0.000812 0.045587
0 1 0.503464 0.284816 0.073330 0.000098 0.138292
1 1 0.165337 0.477770 0.215720 0.000562 0.140611
2 2 0.005842 0.055457 0.922349 0.008924 0.007428
2 2 0.006547 0.072546 0.917049 0.001424 0.002435
2 2 0.000987 0.096376 0.886778 0.001780 0.014079
2 2 0.000123 0.016028 0.980591 0.002764 0.000494
2 2 0.000679 0.048475 0.948271 0.001055 0.001521
2 2 0.009003 0.152090 0.831647 0.000153 0.007106
2 2 0.002206 0.123246 0.853239 0.000849 0.020459
2 2 0.095141 0.295657 0.566521 0.001925 0.040757
2 2 0.010033 0.191321 0.784885 0.000132 0.013630
2 2 0.003106 0.050749 0.942909 0.000992 0.002244
2 2 0.001077 0.061412 0.930453 0.000426 0.006632
2 2 0.000440 0.014342 0.983726 0.001360 0.000132
2 2 0.001175 0.100224 0.879981 0.000123 0.018497
2 2 0.002070 0.075568 0.915534 0.000123 0.006705
2 2 0.014772 0.106816 0.844705 0.000484 0.033223
2 2 0.005378 0.096825 0.893044 0.000740 0.004013
2 2 0.000725 0.054981 0.941628 0.000281 0.002386
2 2 0.008913 0.275961 0.581184 0.000014 0.133927
2 2 0.001277 0.099402 0.875181 0.000364 0.023777
2 2 0.004621 0.157239 0.799255 0.000023 0.038863
2 2 0.001655 0.040496 0.953125 0.003605 0.001120
2 2 0.002809 0.080695 0.909184 0.000098 0.007214
2 2 0.005780 0.177642 0.802663 0.000057 0.013859
4 2 0.058529 0.191297 0.233296 0.000068 0.516811
2 2 0.003797 0.042474 0.948558 0.004546 0.000626
2 2 0.006621 0.123342 0.829544 0.000054 0.040439
4 2 0.072854 0.309632 0.077187 0.000020 0.540307
2 2 0.075380 0.273520 0.407455 0.000074 0.243571
4 4 0.082317 0.123588 0.103454 0.001574 0.689067
4 4 0.027263 0.110550 0.166897 0.000016 0.695274
4 4 0.043525 0.167836 0.231821 0.000013 0.556805
4 4 0.046778 0.088194 0.183737 0.000530 0.680760
1 4 0.017979 0.460645 0.392453 0.000013 0.128910
2 2 0.055377 0.349253 0.396019 0.000037 0.199313
4 2 0.234914 0.317993 0.061570 0.000009 0.385514
4 4 0.163086 0.074636 0.021745 0.000024 0.740509
4 4 0.045338 0.325794 0.112542 0.000012 0.516313
4 4 0.028586 0.225264 0.135021 0.000162 0.610967
4 4 0.046528 0.089329 0.013381 0.000000 0.850761
2 4 0.029136 0.357245 0.466194 0.000147 0.147278
2 4 0.005965 0.341096 0.469922 0.000007 0.183011
4 4 0.042216 0.115485 0.018902 0.000001 0.823397
2 4 0.017782 0.330970 0.402511 0.000106 0.248631
4 4 0.056611 0.081597 0.060037 0.000058 0.801696
2 2 0.002587 0.194934 0.759585 0.000186 0.042707
2 2 0.002017 0.091895 0.896821 0.000049 0.009219
2 2 0.016040 0.343284 0.532937 0.000076 0.107663
2 2 0.001651 0.025981 0.971780 0.000042 0.000546
2 2 0.000463 0.031818 0.961545 0.000050 0.006124
2 2 0.002927 0.035883 0.959302 0.000024 0.001863
2 2 0.001191 0.049114 0.938910 0.000068 0.010717
2 2 0.001268 0.019907 0.973521 0.000148 0.005157
2 2 0.001300 0.047235 0.908925 0.000274 0.042266
2 2 0.000099 0.013737 0.983882 0.000427 0.001855
2 2 0.000847 0.008982 0.985680 0.001172 0.003320
2 2 0.015490 0.033945 0.942547 0.002648 0.005370
2 2 0.001706 0.055883 0.937133 0.000236 0.005042
2 2 0.002056 0.046021 0.949028 0.000151 0.002743
2 2 0.000146 0.018347 0.977238 0.000151 0.004118
2 2 0.003097 0.022284 0.970871 0.000399 0.003349
2 1 0.192519 0.230172 0.558786 0.006579 0.011944
2 2 0.038210 0.220221 0.727851 0.000732 0.012986
2 2 0.004807 0.050134 0.943575 0.000127 0.001357
2 2 0.006171 0.035124 0.957836 0.000502 0.000367
2 2 0.011045 0.091229 0.891727 0.000315 0.005684
2 2 0.010384 0.090947 0.894875 0.000044 0.003750
2 2 0.002228 0.024035 0.973117 0.000129 0.000491
2 2 0.060037 0.042746 0.888950 0.000726 0.007542
2 2 0.008135 0.079605 0.908175 0.000323 0.003762
2 2 0.001818 0.017033 0.979800 0.001275 0.000074
2 2 0.001600 0.022924 0.974179 0.000100 0.001196
2 2 0.002941 0.052725 0.940172 0.002038 0.002124
2 2 0.000643 0.004294 0.991122 0.003918 0.000024
2 2 0.006513 0.033500 0.957009 0.001992 0.000986
2 2 0.003232 0.025971 0.970121 0.000512 0.000164
2 2 0.006216 0.018803 0.971358 0.000933 0.002690
2 2 0.031797 0.239263 0.718098 0.000079 0.010763
2 2 0.010829 0.009439 0.977636 0.001751 0.000345
1 1 0.328968 0.394342 0.251945 0.001841 0.022904
2 1 0.296423 0.204664 0.464473 0.000094 0.034347
2 2 0.005518 0.073360 0.917757 0.000304 0.003061
2 2 0.054983 0.335941 0.586446 0.000025 0.022605
2 2 0.001695 0.021776 0.975174 0.001047 0.000308
2 2 0.000263 0.001537 0.995551 0.002639 0.000010
2 2 0.000880 0.034088 0.960583 0.001365 0.003084
2 2 0.001902 0.011467 0.982369 0.004145 0.000117
2 2 0.009047 0.028127 0.962030 0.000197 0.000599
2 2 0.000337 0.006451 0.993007 0.000101 0.000104
2 2 0.020305 0.218985 0.751888 0.000240 0.008582
2 2 0.001228 0.008836 0.987782 0.001933 0.000220
2 2 0.000230 0.013098 0.985992 0.000158 0.000522
2 2 0.000556 0.005835 0.986049 0.007481 0.000079
2 2 0.005669 0.011680 0.974114 0.008219 0.000318
2 2 0.000483 0.038619 0.953325 0.000102 0.007471
2 2 0.000977 0.017872 0.978538 0.000546 0.002067
2 2 0.002263 0.018774 0.974694 0.002583 0.001686
2 2 0.001628 0.009673 0.987810 0.000715 0.000174
2 2 0.000391 0.016390 0.973710 0.009020 0.000489
2 2 0.000638 0.022890 0.974589 0.000820 0.001063
2 2 0.002562 0.026514 0.967093 0.000455 0.003377
2 2 0.001986 0.025851 0.969885 0.000055 0.002222
2 2 0.000771 0.005394 0.988405 0.005353 0.000077
2 2 0.000081 0.007548 0.990007 0.002060 0.000305
2 2 0.003532 0.020497 0.970775 0.002730 0.002467
2 2 0.000706 0.015803 0.979570 0.002281 0.001639
2 2 0.000490 0.015541 0.980400 0.003027 0.000542
2 2 0.000838 0.016976 0.979057 0.001904 0.001226
2 2 0.000314 0.003534 0.992001 0.004058 0.000093
2 2 0.000217 0.001879 0.989029 0.008870 0.000005
2 2 0.001003 0.026080 0.970043 0.001532 0.001342
2 2 0.002766 0.011140 0.983741 0.002086 0.000267
2 2 0.003135 0.011216 0.972769 0.012686 0.000193
2 2 0.000514 0.015134 0.967236 0.014820 0.002296
2 2 0.000275 0.007799 0.988976 0.002906 0.000044
2 2 0.003047 0.012442 0.977519 0.006611 0.000380
2 2 0.007051 0.015138 0.964702 0.012915 0.000194
2 2 0.000562 0.010613 0.982260 0.006458 0.000108
2 2 0.006411 0.011873 0.922274 0.058374 0.001068
2 2 0.003464 0.030467 0.945557 0.019273 0.001239
2 2 0.000771 0.009211 0.936948 0.052935 0.000134
2 2 0.000235 0.002302 0.954502 0.042937 0.000025
2 2 0.001017 0.027083 0.964632 0.005016 0.002251
2 2 0.001665 0.011762 0.959995 0.026310 0.000268
2 2 0.000230 0.002446 0.982541 0.014698 0.000084
2 2 0.000119 0.001665 0.954846 0.043351 0.000020
2 2 0.000084 0.002714 0.978319 0.018845 0.000037
2 2 0.002476 0.004847 0.977377 0.015221 0.000079
2 2 0.000767 0.006880 0.973504 0.018700 0.000149
2 2 0.005089 0.014368 0.968114 0.011864 0.000565
2 3 0.000032 0.000524 0.532771 0.466668 0.000005
2 3 0.001197 0.004724 0.926331 0.067655 0.000094
2 3 0.000011 0.000231 0.972930 0.026828 0.000000
2 3 0.000129 0.001095 0.787577 0.211175 0.000023
2 3 0.000291 0.001882 0.957170 0.040641 0.000017
2 3 0.000036 0.002054 0.981545 0.016347 0.000018
2 3 0.000024 0.000300 0.862384 0.137290 0.000002
2 3 0.000271 0.001960 0.883373 0.114296 0.000099
2 3 0.000020 0.000298 0.947428 0.052253 0.000001
2 3 0.000132 0.001171 0.907558 0.091128 0.000010
2 3 0.000284 0.001077 0.946204 0.052426 0.000010
2 3 0.000564 0.004876 0.869225 0.125148 0.000186
2 3 0.000799 0.004105 0.958660 0.036134 0.000303
2 3 0.000138 0.003288 0.916385 0.080116 0.000073
2 3 0.000296 0.002634 0.918439 0.078588 0.000043
2 3 0.000143 0.000565 0.807562 0.191714 0.000016
3 3 0.000040 0.000406 0.465732 0.533819 0.000004
2 3 0.012245 0.131539 0.825573 0.012609 0.018033
2 3 0.011081 0.012981 0.969195 0.006330 0.000413
2 2 0.009418 0.070119 0.916917 0.001113 0.002433
2 2 0.000134 0.003013 0.983426 0.013423 0.000004
2 2 0.000868 0.015062 0.983954 0.000027 0.000089
2 2 0.055721 0.055813 0.842781 0.043117 0.002569
1 1 0.222690 0.409352 0.341049 0.004014 0.022895
2 2 0.036376 0.342920 0.512553 0.000063 0.108089
2 2 0.033675 0.181339 0.771382 0.000114 0.013490
2 2 0.058693 0.157307 0.750654 0.000046 0.033301
2 2 0.010186 0.187696 0.780522 0.000181 0.021415
2 2 0.000950 0.018194 0.979152 0.001566 0.000139
2 2 0.020346 0.063872 0.909832 0.003870 0.002080
2 2 0.001419 0.058942 0.938353 0.000132 0.001154
2 2 0.000304 0.008389 0.988552 0.002712 0.000043
2 2 0.071464 0.228309 0.692408 0.002154 0.005665
2 2 0.005890 0.089743 0.900371 0.000149 0.003847
2 2 0.001598 0.012834 0.984590 0.000502 0.000477
2 2 0.015797 0.082719 0.896033 0.002677 0.002773
2 2 0.000324 0.004578 0.994111 0.000980 0.000006
2 2 0.001133 0.012299 0.983932 0.002427 0.000208
2 2 0.009174 0.056134 0.932518 0.001068 0.001106
2 2 0.003228 0.048974 0.941605 0.004982 0.001210
2 2 0.004297 0.019786 0.973423 0.002107 0.000387
2 2 0.000513 0.007350 0.987191 0.004888 0.000057
2 2 0.001509 0.020657 0.970822 0.001116 0.005897
2 2 0.003004 0.068914 0.924542 0.000608 0.002933
2 2 0.000044 0.003752 0.994500 0.001647 0.000057
2 2 0.001482 0.013285 0.983877 0.001166 0.000190
2 2 0.002427 0.014244 0.981643 0.001518 0.000169
2 2 0.015337 0.115874 0.865233 0.000396 0.003159
2 2 0.003444 0.048914 0.944654 0.000670 0.002318
2 2 0.006224 0.012355 0.980064 0.000878 0.000479
2 2 0.006517 0.022453 0.964322 0.006505 0.000203
2 2 0.019860 0.041487 0.936489 0.000894 0.001271
2 2 0.002426 0.020299 0.976605 0.000512 0.000159
2 2 0.000581 0.020193 0.977890 0.000956 0.000380
2 2 0.001727 0.023323 0.974356 0.000225 0.000369
2 2 0.006225 0.013633 0.976267 0.002899 0.000976
2 2 0.000223 0.005764 0.992006 0.001932 0.000075
2 2 0.000308 0.005484 0.993512 0.000507 0.000189
2 2 0.001391 0.010178 0.986306 0.002053 0.000072
2 2 0.001323 0.023191 0.972165 0.000443 0.002878
2 2 0.000149 0.004049 0.995523 0.000161 0.000118
2 2 0.002277 0.011710 0.984112 0.001597 0.000304
2 2 0.003170 0.011177 0.950335 0.035171 0.000147
2 2 0.007022 0.016022 0.969471 0.007216 0.000269
2 2 0.001036 0.011278 0.987039 0.000588 0.000059
2 2 0.000069 0.001881 0.983879 0.014148 0.000023
2 2 0.000820 0.005569 0.991405 0.002134 0.000072
2 2 0.000686 0.025363 0.972730 0.000890 0.000331
2 2 0.002699 0.032606 0.962841 0.001407 0.000446
2 2 0.002956 0.029948 0.964197 0.002524 0.000375
2 2 0.003047 0.031299 0.962883 0.001868 0.000902
2 2 0.002204 0.012837 0.981053 0.003812 0.000093
2 2 0.002403 0.008232 0.985696 0.003534 0.000135
2 2 0.000862 0.016115 0.978215 0.002896 0.001913
2 2 0.001588 0.009324 0.976381 0.012522 0.000185
2 2 0.001680 0.024068 0.973038 0.000704 0.000510
2 2 0.000115 0.000996 0.975149 0.023722 0.000017
2 2 0.002053 0.017185 0.969853 0.008760 0.002148
2 2 0.001068 0.005605 0.988948 0.004293 0.000087
2 2 0.024199 0.037461 0.932368 0.003226 0.002745
2 2 0.003058 0.007330 0.980242 0.009036 0.000334
2 2 0.000464 0.002697 0.961727 0.035070 0.000042
2 2 0.003368 0.009049 0.788981 0.198412 0.000190
2 2 0.004394 0.037177 0.957096 0.000863 0.000469
2 2 0.000477 0.010617 0.987219 0.001548 0.000140
2 1 0.075545 0.159050 0.734079 0.024786 0.006541
2 2 0.051081 0.188513 0.751458 0.003587 0.005361
2 2 0.009549 0.053190 0.935927 0.001123 0.000213
2 2 0.002698 0.022841 0.973009 0.001214 0.000239
2 2 0.190084 0.310507 0.490962 0.000268 0.008179
2 2 0.008313 0.055376 0.935298 0.000621 0.000392
2 2 0.000447 0.002801 0.991536 0.005213 0.000004
2 2 0.003381 0.023297 0.972408 0.000664 0.000249
2 2 0.003448 0.035780 0.960386 0.000062 0.000324
2 2 0.075887 0.210330 0.681460 0.000339 0.031985
2 2 0.061202 0.141133 0.782109 0.001500 0.014056
1 2 0.262919 0.507807 0.167218 0.000349 0.061707
2 2 0.006740 0.061739 0.930268 0.000288 0.000965
2 2 0.050955 0.294894 0.636959 0.000945 0.016246
2 2 0.015854 0.041111 0.942302 0.000496 0.000238
2 2 0.005061 0.067177 0.924989 0.001335 0.001437
2 2 0.000162 0.022519 0.975839 0.001082 0.000398
2 2 0.002363 0.005978 0.990975 0.000625 0.000059
2 2 0.017311 0.188813 0.781840 0.000122 0.011916
2 2 0.000644 0.019670 0.978840 0.000610 0.000235
2 2 0.000288 0.002677 0.995961 0.001065 0.000010
2 2 0.002913 0.019048 0.976195 0.001679 0.000164
2 2 0.019248 0.059555 0.918212 0.000099 0.002886
2 2 0.008008 0.113451 0.872666 0.000054 0.005822
2 2 0.018298 0.054223 0.925702 0.000077 0.001699
2 2 0.014025 0.191980 0.768997 0.000048 0.024951
2 2 0.009704 0.142177 0.840998 0.000086 0.007034
2 2 0.004281 0.033911 0.961007 0.000179 0.000621
2 2 0.035466 0.137143 0.822185 0.001121 0.004085
0 1 0.563133 0.327594 0.084360 0.000091 0.024822
0 1 0.462633 0.351462 0.068034 0.000008 0.117863
2 2 0.057735 0.280257 0.651358 0.002054 0.008597
2 2 0.009514 0.029975 0.959712 0.000637 0.000162
2 2 0.013294 0.062355 0.923150 0.000545 0.000656
2 2 0.043604 0.194872 0.754244 0.000024 0.007257
2 2 0.002305 0.073300 0.921086 0.000350 0.002959
2 2 0.005753 0.089640 0.900825 0.000282 0.003500
2 2 0.000111 0.009252 0.990331 0.000167 0.000139
2 2 0.002050 0.037162 0.959619 0.000308 0.000860
2 2 0.015341 0.040699 0.943369 0.000385 0.000205
2 2 0.000877 0.010005 0.984538 0.004486 0.000094
2 2 0.000090 0.003056 0.996199 0.000634 0.000020
2 2 0.000357 0.013489 0.985058 0.000765 0.000331
2 2 0.000666 0.008254 0.988824 0.002220 0.000036
2 2 0.000374 0.008157 0.989904 0.001439 0.000126
2 2 0.003902 0.031666 0.959932 0.000355 0.004146
2 2 0.025439 0.232184 0.713140 0.000731 0.028506
2 2 0.001041 0.008553 0.989729 0.000641 0.000037
2 2 0.001304 0.020971 0.977221 0.000231 0.000273
2 2 0.000109 0.004046 0.992683 0.003135 0.000026
1 2 0.174044 0.530601 0.207409 0.000146 0.087799
2 2 0.007367 0.105697 0.878175 0.000061 0.008700
2 2 0.006165 0.030536 0.961020 0.001647 0.000632
2 2 0.078846 0.238411 0.665942 0.001455 0.015346
2 2 0.002636 0.064110 0.930968 0.000024 0.002262
2 2 0.000416 0.014566 0.984625 0.000222 0.000170
2 2 0.003872 0.010863 0.984069 0.000867 0.000329
2 2 0.073402 0.265058 0.635684 0.009939 0.015917
2 2 0.001490 0.009011 0.986651 0.002798 0.000049
2 2 0.002991 0.038107 0.957922 0.000224 0.000756
2 2 0.011869 0.035318 0.951082 0.000419 0.001312
2 2 0.014392 0.052315 0.929722 0.000116 0.003455
0 0 0.515719 0.225447 0.233727 0.012204 0.012904
0 0 0.905532 0.065224 0.021101 0.000111 0.008032
0 0 0.820196 0.103123 0.061694 0.004907 0.010080
0 0 0.913176 0.059182 0.018622 0.000097 0.008923
0 0 0.851339 0.082448 0.017778 0.000011 0.048424
0 0 0.801644 0.072436 0.018610 0.000032 0.107279
0 0 0.875319 0.077012 0.010268 0.000000 0.037402
0 0 0.829077 0.105414 0.019572 0.000003 0.045933
0 0 0.768368 0.106344 0.032568 0.000119 0.092601
0 0 0.631800 0.176397 0.165503 0.010144 0.016157
0 0 0.659837 0.209801 0.036160 0.000007 0.094195
0 0 0.487949 0.292834 0.057013 0.000017 0.162187
0 0 0.492819 0.112740 0.025560 0.000019 0.368861
4 0 0.245459 0.315685 0.058260 0.000005 0.380590
0 0 0.351627 0.306011 0.062245 0.000023 0.280092
0 0 0.708314 0.102330 0.013618 0.000001 0.175737
0 0 0.774982 0.165043 0.026580 0.000003 0.033392
0 0 0.713462 0.119642 0.025932 0.000024 0.140939
0 0 0.663078 0.023478 0.005806 0.000007 0.307630
0 0 0.733777 0.159776 0.025478 0.000005 0.080964
1 0 0.233122 0.353098 0.070849 0.000010 0.342920
0 0 0.861317 0.067690 0.020591 0.000060 0.050341
0 0 0.699916 0.125038 0.033629 0.000087 0.141331
4 1 0.377889 0.198821 0.038040 0.000013 0.385238
0 1 0.735046 0.099057 0.023586 0.000043 0.142268
1 1 0.281514 0.324739 0.075215 0.000048 0.318484
1 1 0.125952 0.417408 0.095197 0.000013 0.361430
1 1 0.078981 0.526645 0.139343 0.000017 0.255014
1 2 0.053365 0.473280 0.158504 0.000041 0.314811
1 2 0.026007 0.543809 0.177951 0.000030 0.252203
1 2 0.025977 0.433625 0.286724 0.000098 0.253576
2 2 0.005196 0.211240 0.730389 0.000243 0.052932
2 2 0.003828 0.257203 0.657886 0.000242 0.080841
2 2 0.003367 0.111603 0.864394 0.000099 0.020537
2 2 0.000366 0.013652 0.984646 0.000769 0.000567
2 2 0.000313 0.044186 0.947376 0.000239 0.007886
2 2 0.000752 0.041734 0.956126 0.000055 0.001332
2 2 0.000440 0.020558 0.975508 0.000494 0.002999
2 2 0.000435 0.034848 0.963774 0.000056 0.000887
2 2 0.000618 0.058892 0.928179 0.000032 0.012279
2 2 0.001116 0.047559 0.949633 0.000225 0.001466
2 2 0.000154 0.020811 0.977896 0.000477 0.000663
2 2 0.001495 0.026373 0.971335 0.000385 0.000411
2 2 0.001316 0.021269 0.976757 0.000260 0.000398
2 2 0.000211 0.022320 0.976421 0.000031 0.001018
2 2 0.001961 0.028101 0.967543 0.000734 0.001660
2 2 0.001216 0.032462 0.964251 0.000082 0.001989
2 2 0.006962 0.083366 0.904970 0.000392 0.004309
2 2 0.000486 0.011725 0.987400 0.000076 0.000313
2 2 0.000371 0.024590 0.974427 0.000228 0.000384
2 2 0.000127 0.011757 0.987222 0.000043 0.000851
2 2 0.000596 0.016614 0.981961 0.000238 0.000591
2 2 0.000228 0.013608 0.985317 0.000048 0.000799
2 2 0.000145 0.025628 0.969796 0.000413 0.004019
2 2 0.000498 0.007337 0.989908 0.002178 0.000079
2 2 0.000233 0.007821 0.991466 0.000450 0.000030
2 2 0.000260 0.019589 0.979566 0.000154 0.000432
2 2 0.000294 0.013791 0.985479 0.000259 0.000177
2 2 0.000331 0.008756 0.989002 0.001348 0.000562
2 2 0.000737 0.015455 0.983070 0.000550 0.000187
2 2 0.000322 0.006794 0.992513 0.000281 0.000090
2 2 0.000112 0.004395 0.994512 0.000948 0.000033
2 2 0.000728 0.015448 0.983303 0.000122 0.000399
2 2 0.000589 0.008567 0.985415 0.005374 0.000055
2 2 0.000393 0.002141 0.977532 0.019915 0.000019
2 2 0.000451 0.002783 0.994758 0.001967 0.000042
2 2 0.000436 0.005292 0.991795 0.002366 0.000111
2 2 0.001103 0.009897 0.987555 0.000760 0.000685
2 2 0.000257 0.006189 0.991338 0.001978 0.000237
2 2 0.000107 0.003344 0.995288 0.001233 0.000027
2 2 0.000604 0.001731 0.986317 0.011334 0.000014
2 2 0.000147 0.002163 0.994251 0.003419 0.000019
2 2 0.000103 0.001075 0.971989 0.026829 0.000004
2 2 0.000097 0.001140 0.985834 0.012923 0.000007
2 2 0.000405 0.005226 0.990610 0.003626 0.000132
2 2 0.000103 0.001110 0.981672 0.017109 0.000006
2 2 0.001750 0.004039 0.982409 0.011703 0.000098
2 2 0.000025 0.000671 0.981272 0.018019 0.000013
2 2 0.000705 0.003253 0.983415 0.012584 0.000042
2 2 0.000598 0.001727 0.975917 0.021738 0.000020
2 2 0.000031 0.000156 0.857483 0.142328 0.000001
2 2 0.000657 0.002817 0.953276 0.043216 0.000034
2 2 0.000429 0.001253 0.926553 0.071750 0.000016
2 3 0.000094 0.000713 0.931102 0.068079 0.000012
2 3 0.002946 0.007702 0.946927 0.042004 0.000422
2 3 0.000206 0.000887 0.946291 0.052606 0.000010
2 3 0.002743 0.003797 0.985188 0.008219 0.000052
2 3 0.000821 0.002765 0.919384 0.077006 0.000025
2 3 0.000007 0.000192 0.762144 0.237656 0.000002
2 3 0.000141 0.000528 0.965896 0.033432 0.000004
2 3 0.000045 0.000301 0.795289 0.204358 0.000007
2 3 0.000107 0.000775 0.681824 0.317279 0.000014
2 3 0.000006 0.000180 0.897005 0.102808 0.000000
2 3 0.000014 0.000085 0.814131 0.185769 0.000000
2 3 0.000102 0.000523 0.962112 0.037261 0.000003
2 3 0.001036 0.002164 0.831379 0.165365 0.000056
2 3 0.000021 0.000186 0.827374 0.172417 0.000002
2 3 0.000194 0.000890 0.887616 0.111290 0.000010
2 3 0.000026 0.000428 0.917096 0.082444 0.000006
2 3 0.000007 0.000250 0.843619 0.156122 0.000003
2 3 0.000276 0.000815 0.837797 0.161085 0.000027
2 3 0.000016 0.000424 0.809489 0.190069 0.000002
2 3 0.000078 0.000891 0.893470 0.105551 0.000010
2 3 0.000006 0.000150 0.866757 0.133087 0.000000
2 3 0.000017 0.000183 0.840023 0.159776 0.000001
3 3 0.000490 0.001673 0.447188 0.550548 0.000101
2 3 0.000378 0.004189 0.881074 0.114288 0.000071
2 3 0.000014 0.000061 0.788310 0.211615 0.000000
2 3 0.000005 0.000150 0.634161 0.365683 0.000001
2 3 0.000654 0.002199 0.831333 0.165763 0.000051
2 3 0.000013 0.000365 0.763790 0.235831 0.000002
3 3 0.000468 0.002715 0.460506 0.535620 0.000691
2 3 0.000059 0.000282 0.841525 0.158132 0.000003
2 3 0.001147 0.002303 0.908042 0.088356 0.000153
2 3 0.000011 0.000095 0.890406 0.109488 0.000000
2 3 0.000027 0.000206 0.856366 0.143398 0.000003
2 3 0.000002 0.000058 0.880440 0.119500 0.000000
2 3 0.000060 0.001025 0.806628 0.192242 0.000045
2 3 0.000043 0.000293 0.834727 0.164935 0.000002
2 3 0.000139 0.000728 0.687394 0.311729 0.000010
2 3 0.000000 0.000021 0.525297 0.474681 0.000000
2 3 0.000358 0.001563 0.721217 0.276829 0.000033
2 3 0.000002 0.000057 0.728543 0.271397 0.000000
2 3 0.000019 0.000207 0.784741 0.215032 0.000001
2 3 0.000040 0.000453 0.805111 0.194390 0.000005
3 3 0.000003 0.000037 0.182376 0.817583 0.000001
2 3 0.000025 0.000265 0.799059 0.200650 0.000002
2 3 0.000008 0.000116 0.822468 0.177408 0.000001
2 3 0.000030 0.000371 0.653802 0.345791 0.000006
2 3 0.000095 0.001142 0.795542 0.203167 0.000053
2 3 0.000106 0.000735 0.919802 0.079353 0.000004
2 3 0.000076 0.001318 0.622981 0.375432 0.000193
3 3 0.000047 0.000375 0.359813 0.639746 0.000019
2 3 0.000129 0.000620 0.613403 0.385837 0.000012
3 3 0.000093 0.000568 0.467040 0.532291 0.000009
2 3 0.000005 0.000083 0.798922 0.200990 0.000000
2 3 0.000552 0.001070 0.608114 0.390212 0.000052
2 3 0.000052 0.000389 0.740624 0.258931 0.000003
2 3 0.000011 0.000098 0.693992 0.305899 0.000001
2 3 0.000012 0.000124 0.565752 0.434111 0.000001
2 3 0.002044 0.011913 0.627296 0.358004 0.000742
2 3 0.010754 0.032371 0.943586 0.012243 0.001045
2 3 0.023123 0.080501 0.885099 0.010556 0.000722
2 2 0.004042 0.066629 0.927866 0.000417 0.001045
2 2 0.001777 0.016792 0.980499 0.000718 0.000214
2 2 0.003467 0.043255 0.952414 0.000485 0.000379
2 2 0.008174 0.120980 0.863740 0.001022 0.006084
2 2 0.001135 0.020696 0.977431 0.000503 0.000236
2 2 0.003081 0.021777 0.974505 0.000513 0.000124
2 2 0.005374 0.235363 0.734551 0.000003 0.024709
2 2 0.026596 0.414415 0.459695 0.000032 0.099262
2 2 0.009981 0.135399 0.688368 0.000152 0.166100
4 2 0.123388 0.217438 0.064412 0.000022 0.594741
1 2 0.100779 0.537264 0.153634 0.000034 0.208289
2 2 0.078842 0.298629 0.352185 0.000057 0.270287
4 2 0.162763 0.213109 0.058299 0.000072 0.565757
4 2 0.221012 0.190562 0.154328 0.000128 0.433970
4 4 0.129620 0.163463 0.047991 0.000065 0.658861
4 4 0.107946 0.107848 0.026240 0.000010 0.757957
4 4 0.069739 0.151438 0.047873 0.000064 0.730886
4 4 0.242776 0.024416 0.010374 0.000116 0.722318
0 4 0.595301 0.028010 0.010727 0.000176 0.365786
4 4 0.402791 0.078293 0.033182 0.000571 0.485163
4 4 0.136299 0.027953 0.011258 0.000041 0.824449
4 4 0.197608 0.067971 0.024515 0.000266 0.709640
0 4 0.537563 0.028615 0.011446 0.000231 0.422146
4 4 0.148085 0.029501 0.018170 0.000288 0.803957
4 4 0.333361 0.049970 0.016292 0.000069 0.600308
4 4 0.116786 0.046255 0.016733 0.000102 0.820124
4 4 0.206129 0.081688 0.036261 0.001141 0.674781
4 4 0.185934 0.075125 0.024153 0.000060 0.714729
4 4 0.294082 0.025877 0.013583 0.000493 0.665965
4 4 0.213111 0.073058 0.034508 0.000868 0.678455
4 4 0.094313 0.158022 0.067901 0.001612 0.678153
4 4 0.331875 0.051402 0.017634 0.000102 0.598987
0 4 0.690375 0.102837 0.037790 0.000432 0.168567
1 4 0.266731 0.413359 0.131039 0.000008 0.188863
4 4 0.292606 0.172621 0.037474 0.000025 0.497274
4 4 0.056546 0.368165 0.118662 0.000255 0.456371
4 4 0.179942 0.046598 0.012784 0.000028 0.760648
4 4 0.394488 0.057459 0.017758 0.000114 0.530180
4 4 0.053772 0.264511 0.069945 0.000018 0.611754
4 4 0.409116 0.011009 0.004754 0.000058 0.575064
4 4 0.231257 0.015088 0.005034 0.000013 0.748609
4 4 0.141789 0.026060 0.009022 0.000040 0.823089
4 4 0.163468 0.095208 0.031720 0.000110 0.709494
4 4 0.259914 0.078572 0.025456 0.000073 0.635985
4 4 0.182300 0.058001 0.015765 0.000015 0.743919
4 4 0.110226 0.015983 0.007222 0.000075 0.866494
4 4 0.223473 0.036063 0.011295 0.000044 0.729125
4 4 0.084426 0.058590 0.014907 0.000020 0.842058
4 4 0.105529 0.194496 0.041170 0.000011 0.658794
4 4 0.131169 0.047892 0.016781 0.000084 0.804074
4 4 0.090098 0.179402 0.057935 0.000140 0.672425
1 1 0.231062 0.300775 0.299961 0.002218 0.165984
4 1 0.061541 0.295760 0.070942 0.000017 0.571740
4 2 0.023452 0.173895 0.056272 0.000054 0.746327
4 2 0.021475 0.270482 0.094299 0.000257 0.613487
4 4 0.322100 0.092945 0.033956 0.000273 0.550726
4 4 0.050907 0.308828 0.081110 0.000032 0.559123
4 4 0.066097 0.081710 0.035904 0.000161 0.816128
4 4 0.178711 0.025086 0.008496 0.000026 0.787680
4 4 0.048508 0.116574 0.030468 0.000015 0.804436
4 4 0.018862 0.162087 0.037801 0.000006 0.781244
4 4 0.096940 0.065805 0.020246 0.000058 0.816951
4 4 0.085751 0.054449 0.015685 0.000020 0.844095
4 4 0.350795 0.050946 0.016049 0.000076 0.582134
4 4 0.076257 0.042016 0.017365 0.000108 0.864254
4 4 0.108194 0.107158 0.026235 0.000022 0.758391
4 4 0.025614 0.088018 0.018477 0.000003 0.867889
4 4 0.091002 0.043184 0.013072 0.000025 0.852717
4 4 0.116900 0.111361 0.027852 0.000019 0.743868
4 4 0.039075 0.107116 0.033269 0.000055 0.820485
4 4 0.115268 0.049107 0.014422 0.000030 0.821173
4 4 0.230425 0.025647 0.009816 0.000054 0.734057
4 4 0.066138 0.033630 0.013748 0.000086 0.886398
1 4 0.013324 0.393874 0.212461 0.001466 0.378875
2 2 0.008545 0.317793 0.445565 0.001017 0.227079
4 2 0.035686 0.196890 0.049774 0.000027 0.717622
1 2 0.134364 0.464000 0.215553 0.000423 0.185659
1 2 0.045497 0.432488 0.112369 0.000011 0.409635
1 2 0.022095 0.528128 0.200276 0.000086 0.249415
4 2 0.057188 0.397643 0.098193 0.000011 0.446965
4 2 0.016585 0.233958 0.065847 0.000020 0.683590
2 2 0.016257 0.314946 0.471110 0.002826 0.194861
2 2 0.002113 0.256546 0.391601 0.002879 0.346862
1 2 0.016095 0.371222 0.242840 0.000009 0.369833
1 2 0.030629 0.475230 0.180484 0.000307 0.313351
2 2 0.002783 0.280138 0.591990 0.003375 0.121714
2 2 0.002686 0.267704 0.547886 0.002424 0.179299
2 2 0.007350 0.342252 0.449725 0.000975 0.199699
1 2 0.004100 0.406627 0.371007 0.000181 0.218085
1 2 0.009839 0.373273 0.281176 0.000084 0.335628
4 2 0.128579 0.079571 0.025768 0.000114 0.765968
1 2 0.010236 0.423113 0.199752 0.000175 0.366725
2 2 0.006695 0.313477 0.440157 0.002556 0.237114
4 2 0.010904 0.334963 0.118769 0.000068 0.535297
1 2 0.006826 0.360049 0.317119 0.000187 0.315820
4 2 0.031732 0.281886 0.074634 0.000020 0.611728
2 2 0.004786 0.274047 0.626084 0.008998 0.086085
2 2 0.000860 0.184893 0.739003 0.000204 0.075040
2 2 0.001206 0.147336 0.809900 0.000115 0.041443
2 2 0.107927 0.331818 0.539717 0.001619 0.018919
1 2 0.181201 0.480159 0.175363 0.000538 0.162737
2 2 0.008662 0.089646 0.899734 0.000022 0.001937
2 2 0.001722 0.039122 0.957166 0.000112 0.001878
2 2 0.002061 0.022436 0.974964 0.000265 0.000275
2 2 0.001949 0.053013 0.938765 0.000014 0.006259
2 2 0.000217 0.014952 0.983627 0.000011 0.001194
2 2 0.000930 0.049106 0.933623 0.000039 0.016301
2 2 0.001867 0.031883 0.960520 0.000074 0.005656
2 2 0.000313 0.041208 0.949384 0.000005 0.009089
2 2 0.002008 0.034322 0.957428 0.000085 0.006157
2 2 0.003456 0.011855 0.984178 0.000135 0.000376
2 2 0.000465 0.032577 0.963827 0.000016 0.003116
2 2 0.000095 0.010622 0.988222 0.000516 0.000545
2 2 0.000890 0.018956 0.978207 0.000479 0.001468
2 2 0.002142 0.037685 0.957068 0.000036 0.003069
2 2 0.000303 0.017269 0.981642 0.000166 0.000620
2 2 0.003271 0.038064 0.956984 0.000033 0.001648
2 2 0.001582 0.029092 0.966042 0.000071 0.003214
2 2 0.001944 0.024831 0.972564 0.000246 0.000414
2 2 0.000649 0.027759 0.969552 0.000219 0.001820
2 2 0.000621 0.002884 0.991496 0.004987 0.000012
2 2 0.001041 0.027244 0.969246 0.000307 0.002162
2 2 0.000365 0.025576 0.968631 0.000082 0.005346
2 2 0.005860 0.078748 0.912722 0.000038 0.002632
2 2 0.001676 0.046904 0.947105 0.000276 0.004039
2 2 0.002210 0.016487 0.980760 0.000232 0.000310
2 2 0.001500 0.015247 0.982893 0.000018 0.000342
2 2 0.001569 0.044630 0.949254 0.000033 0.004514
2 2 0.001637 0.009367 0.988296 0.000187 0.000513
2 2 0.000262 0.014403 0.984298 0.000322 0.000715
