0 0 0.858859 0.070680 0.053467 0.001013 0.015981
0 0 0.778689 0.131155 0.060355 0.002351 0.027450
0 0 0.559757 0.282514 0.122724 0.001651 0.033353
0 0 0.661118 0.231943 0.081795 0.001056 0.024088
0 0 0.797158 0.148090 0.043034 0.000215 0.011503
0 0 0.415174 0.344445 0.169492 0.003333 0.067556
0 0 0.408514 0.358904 0.164372 0.001643 0.066567
0 0 0.725794 0.153978 0.048549 0.000139 0.071540
0 0 0.440419 0.311617 0.098123 0.003327 0.146515
0 0 0.437020 0.333971 0.157306 0.001704 0.070000
1 1 0.195987 0.398266 0.274969 0.000839 0.129939
1 1 0.070952 0.501295 0.350175 0.007466 0.070112
2 2 0.008728 0.181549 0.726813 0.061346 0.021564
2 2 0.016385 0.092215 0.797707 0.083565 0.010128
2 2 0.012678 0.015777 0.689473 0.281019 0.001053
2 2 0.066103 0.117104 0.640473 0.170567 0.005753
2 2 0.262829 0.106623 0.607858 0.001936 0.020754
0 2 0.580410 0.092582 0.293774 0.001651 0.031583
2 2 0.094877 0.105733 0.785496 0.002086 0.011808
0 2 0.888246 0.025817 0.070294 0.000720 0.014923
2 2 0.244377 0.102828 0.621057 0.019936 0.011802
2 2 0.262425 0.109291 0.606487 0.009466 0.012331
0 2 0.515582 0.051495 0.414194 0.008757 0.009972
2 2 0.428668 0.052204 0.483888 0.026279 0.008961
0 1 0.680345 0.184604 0.098992 0.001237 0.034822
0 1 0.390455 0.375314 0.170118 0.007122 0.056991
2 1 0.206820 0.253819 0.415454 0.065392 0.058515
2 1 0.076043 0.262020 0.602632 0.049603 0.009703
0 0 0.995763 0.001781 0.000900 0.000000 0.001556
0 0 0.999979 0.000004 0.000004 0.000000 0.000013
0 1 0.999947 0.000005 0.000006 0.000000 0.000041
0 1 0.874991 0.062377 0.052011 0.004625 0.005995
0 0 0.616277 0.208829 0.086892 0.014228 0.073773
0 0 0.736073 0.159672 0.058305 0.000249 0.045701
0 0 0.446271 0.316712 0.150904 0.000582 0.085532
1 0 0.283485 0.481731 0.138892 0.000324 0.095568
1 1 0.153038 0.455363 0.191090 0.001143 0.199367
1 1 0.166599 0.428945 0.195838 0.002999 0.205619
1 1 0.178123 0.454475 0.299566 0.000822 0.067014
2 2 0.021294 0.236893 0.684594 0.006086 0.051133
2 2 0.007550 0.203411 0.751296 0.008889 0.028854
2 2 0.003581 0.042050 0.938502 0.007440 0.008428
2 2 0.000024 0.001180 0.967552 0.031170 0.000074
2 2 0.010189 0.079460 0.896166 0.006782 0.007403
2 2 0.003434 0.004519 0.982509 0.009118 0.000419
2 2 0.000082 0.001023 0.966935 0.031893 0.000067
2 2 0.000170 0.001430 0.932391 0.065902 0.000107
2 2 0.001621 0.003020 0.808446 0.186710 0.000203
2 2 0.000333 0.001069 0.682183 0.316324 0.000091
2 2 0.010055 0.005422 0.552335 0.430110 0.002078
3 2 0.001405 0.001770 0.327772 0.668797 0.000256
2 2 0.000370 0.003334 0.766857 0.229195 0.000244
3 2 0.008229 0.005541 0.338518 0.646946 0.000767
3 2 0.000099 0.000258 0.079140 0.920491 0.000012
3 3 0.003357 0.002020 0.257235 0.737215 0.000173
3 3 0.001680 0.003273 0.328638 0.665652 0.000757
3 3 0.002847 0.002929 0.242355 0.751035 0.000834
3 3 0.005747 0.013709 0.386187 0.590704 0.003653
3 3 0.003803 0.002480 0.096070 0.897191 0.000456
3 3 0.004745 0.004422 0.272241 0.718188 0.000405
3 3 0.000720 0.001101 0.162753 0.835203 0.000222
3 3 0.011369 0.014106 0.317326 0.650705 0.006494
3 3 0.000165 0.000766 0.090349 0.908617 0.000103
3 3 0.001122 0.001412 0.134547 0.862539 0.000380
3 3 0.001401 0.003300 0.098481 0.896311 0.000507
3 3 0.002378 0.003091 0.182297 0.811328 0.000905
3 3 0.000509 0.000890 0.036103 0.962199 0.000299
3 3 0.003338 0.003949 0.109065 0.882753 0.000894
3 3 0.000229 0.001761 0.114377 0.883409 0.000224
3 3 0.001251 0.006191 0.073227 0.917494 0.001837
3 3 0.001982 0.002959 0.080053 0.913674 0.001331
3 3 0.000524 0.001391 0.046906 0.950936 0.000242
3 3 0.000499 0.002476 0.103455 0.892804 0.000766
3 3 0.000036 0.000906 0.041600 0.957289 0.000169
3 3 0.000411 0.001303 0.038122 0.959930 0.000234
3 3 0.000679 0.001389 0.061680 0.935992 0.000261
3 3 0.001411 0.002737 0.069771 0.925667 0.000415
3 3 0.001718 0.005968 0.035791 0.953342 0.003181
3 3 0.000887 0.002698 0.046248 0.949669 0.000498
3 3 0.000444 0.001734 0.112050 0.885369 0.000403
3 3 0.000343 0.001119 0.039016 0.959295 0.000227
3 3 0.000522 0.003437 0.081570 0.913709 0.000762
3 3 0.000923 0.001798 0.056471 0.940399 0.000409
3 3 0.001008 0.002232 0.024093 0.972232 0.000435
3 3 0.002786 0.004311 0.054827 0.937061 0.001015
3 3 0.001172 0.002503 0.080796 0.915099 0.000430
3 3 0.001218 0.001534 0.030418 0.966553 0.000277
3 3 0.001124 0.002757 0.028410 0.966886 0.000823
3 3 0.000772 0.002700 0.035219 0.960383 0.000926
3 3 0.000872 0.009305 0.177431 0.808442 0.003950
3 3 0.000048 0.000345 0.019660 0.979909 0.000037
3 3 0.000534 0.006611 0.057086 0.933753 0.002016
3 3 0.000906 0.003999 0.065716 0.927952 0.001428
3 3 0.001941 0.004347 0.048583 0.944327 0.000801
3 3 0.001315 0.002363 0.027101 0.968739 0.000483
3 3 0.000674 0.001368 0.024900 0.972784 0.000274
3 3 0.000496 0.002005 0.028026 0.968882 0.000591
3 3 0.000943 0.003026 0.032400 0.962976 0.000655
3 3 0.000505 0.002079 0.062453 0.934482 0.000480
3 3 0.000789 0.002902 0.030167 0.965657 0.000485
3 3 0.003507 0.014870 0.082456 0.896936 0.002231
2 2 0.139599 0.231389 0.456188 0.075572 0.097251
1 1 0.381723 0.407316 0.156189 0.006482 0.048290
2 2 0.011697 0.148408 0.797458 0.016063 0.026374
0 2 0.691382 0.172783 0.082021 0.003994 0.049820
1 1 0.325788 0.387262 0.181629 0.024791 0.080531
0 1 0.561705 0.286881 0.111111 0.002781 0.037523
0 1 0.534559 0.260915 0.140981 0.004783 0.058762
0 1 0.522737 0.273272 0.093682 0.004363 0.105945
1 2 0.348698 0.353519 0.215707 0.001357 0.080719
1 2 0.218177 0.434961 0.289723 0.005591 0.051548
2 2 0.013172 0.168503 0.796166 0.006317 0.015842
2 2 0.041516 0.285705 0.643263 0.003913 0.025604
2 2 0.010389 0.112646 0.865168 0.003666 0.008131
2 2 0.014302 0.185222 0.777144 0.001521 0.021810
2 2 0.001375 0.029049 0.961977 0.004533 0.003066
2 2 0.019636 0.150131 0.810991 0.001912 0.017331
2 2 0.001142 0.016913 0.974905 0.004721 0.002320
2 2 0.006767 0.045694 0.931655 0.010127 0.005757
2 2 0.007140 0.109481 0.854073 0.010165 0.019141
2 2 0.000117 0.005228 0.987323 0.006878 0.000453
2 2 0.001063 0.027090 0.954084 0.013193 0.004570
2 2 0.091440 0.385664 0.472052 0.020210 0.030634
2 2 0.003019 0.023512 0.954511 0.014694 0.004263
2 2 0.004305 0.068944 0.907235 0.015195 0.004321
2 2 0.077365 0.101057 0.777044 0.001338 0.043196
2 2 0.002722 0.062448 0.921853 0.006516 0.006462
2 2 0.013618 0.125043 0.833931 0.004888 0.022520
2 2 0.000081 0.002837 0.991013 0.005722 0.000346
2 2 0.002460 0.018944 0.968194 0.005074 0.005329
2 2 0.001664 0.031595 0.922125 0.039058 0.005559
2 2 0.000082 0.002947 0.965783 0.030687 0.000502
2 2 0.003303 0.061436 0.919240 0.007303 0.008718
2 2 0.002622 0.014680 0.960412 0.019730 0.002557
2 2 0.000589 0.011381 0.967940 0.017898 0.002192
2 2 0.003826 0.084506 0.885371 0.019905 0.006393
2 2 0.002693 0.039174 0.929800 0.005951 0.022381
2 2 0.000131 0.009773 0.978708 0.008371 0.003016
2 2 0.001548 0.037945 0.930389 0.019614 0.010504
2 2 0.000263 0.008080 0.966730 0.023830 0.001097
2 2 0.002482 0.039561 0.937558 0.013341 0.007057
2 2 0.000188 0.003183 0.991488 0.004032 0.001108
2 2 0.015495 0.053192 0.901382 0.006299 0.023632
2 2 0.000650 0.011153 0.936516 0.049224 0.002457
2 2 0.001034 0.004168 0.957340 0.036687 0.000770
2 2 0.001422 0.026578 0.941408 0.024498 0.006095
2 2 0.000063 0.002838 0.870961 0.125376 0.000762
2 2 0.000724 0.014792 0.922916 0.058379 0.003188
2 2 0.000051 0.001596 0.932035 0.066036 0.000282
2 2 0.000508 0.003428 0.689982 0.305580 0.000502
2 2 0.000484 0.014679 0.941649 0.037246 0.005942
2 2 0.001759 0.004333 0.684644 0.308306 0.000958
2 2 0.003493 0.009578 0.781691 0.202623 0.002615
2 2 0.006118 0.033891 0.911620 0.036786 0.011584
2 2 0.001528 0.005324 0.919885 0.072362 0.000902
2 2 0.000147 0.001111 0.936783 0.061571 0.000388
2 2 0.006229 0.005976 0.795459 0.190741 0.001595
2 2 0.004746 0.007716 0.765626 0.215497 0.006415
2 2 0.002788 0.004641 0.661431 0.325709 0.005431
3 2 0.003083 0.017758 0.337671 0.633112 0.008376
2 2 0.011611 0.031419 0.699488 0.242546 0.014936
2 2 0.002337 0.006751 0.665786 0.324197 0.000929
2 2 0.006271 0.007269 0.633507 0.351779 0.001174
2 2 0.014114 0.007052 0.707490 0.266627 0.004717
3 2 0.002197 0.013254 0.214517 0.765788 0.004244
2 2 0.000644 0.005879 0.659419 0.332540 0.001517
2 2 0.005222 0.010380 0.498914 0.482322 0.003163
3 2 0.005740 0.002826 0.196748 0.794190 0.000496
3 3 0.001131 0.004408 0.198539 0.795103 0.000820
3 3 0.007628 0.008288 0.189996 0.791435 0.002652
3 3 0.001849 0.010959 0.329824 0.655424 0.001944
3 3 0.009831 0.007249 0.167199 0.813123 0.002598
3 3 0.014500 0.006359 0.309315 0.668173 0.001653
3 3 0.002863 0.017973 0.260370 0.711482 0.007312
3 3 0.000837 0.003130 0.135827 0.859440 0.000766
3 3 0.003758 0.003811 0.123758 0.867695 0.000978
3 3 0.000724 0.001104 0.035134 0.962843 0.000194
3 3 0.002485 0.004450 0.090540 0.901426 0.001099
3 3 0.002060 0.005570 0.099543 0.890921 0.001906
3 3 0.000418 0.001622 0.046268 0.951424 0.000268
3 3 0.005531 0.004318 0.106947 0.881366 0.001837
3 3 0.001857 0.006232 0.057737 0.931775 0.002399
3 3 0.016504 0.007823 0.092769 0.881128 0.001777
3 3 0.001332 0.002302 0.069273 0.923480 0.003613
3 3 0.000587 0.001310 0.082736 0.914605 0.000762
3 3 0.001516 0.003055 0.098769 0.894485 0.002176
3 3 0.000899 0.005771 0.172387 0.818215 0.002728
3 3 0.000618 0.001193 0.027292 0.970519 0.000379
3 3 0.000895 0.001281 0.032014 0.965405 0.000404
3 3 0.001015 0.003311 0.039121 0.955252 0.001302
3 3 0.001207 0.001768 0.059472 0.935063 0.002491
3 3 0.000699 0.001894 0.028504 0.968429 0.000473
3 3 0.002644 0.004021 0.048263 0.943380 0.001692
3 3 0.000146 0.001076 0.067804 0.930206 0.000768
3 3 0.000168 0.000678 0.017666 0.981330 0.000158
3 3 0.001412 0.006764 0.037375 0.950985 0.003464
3 3 0.003215 0.011725 0.087095 0.890208 0.007756
3 3 0.001986 0.002898 0.066998 0.927341 0.000778
3 3 0.001011 0.004302 0.142668 0.850838 0.001180
3 3 0.000660 0.001793 0.034104 0.963145 0.000299
3 3 0.000720 0.003458 0.127750 0.866841 0.001231
3 3 0.002617 0.008330 0.085826 0.898793 0.004434
3 3 0.000420 0.001879 0.130215 0.867132 0.000354
3 3 0.001630 0.003544 0.034111 0.959863 0.000851
3 3 0.001595 0.005319 0.043604 0.946556 0.002926
3 3 0.000999 0.002733 0.123350 0.872026 0.000892
3 3 0.001674 0.006413 0.051175 0.939426 0.001313
3 3 0.000380 0.001452 0.021970 0.975789 0.000410
3 3 0.000249 0.002975 0.086119 0.910048 0.000609
3 3 0.007735 0.008893 0.053553 0.927444 0.002375
3 3 0.001468 0.007853 0.094985 0.893123 0.002570
3 3 0.000486 0.003490 0.053584 0.941513 0.000927
3 3 0.000337 0.002226 0.039308 0.957509 0.000620
3 3 0.000724 0.001845 0.023718 0.973235 0.000478
3 3 0.000294 0.001093 0.017699 0.980775 0.000140
3 3 0.000152 0.000844 0.029642 0.969147 0.000215
3 3 0.002419 0.005348 0.042438 0.948438 0.001358
3 3 0.001315 0.010496 0.171004 0.807477 0.009708
3 3 0.000763 0.002202 0.020789 0.975337 0.000909
3 3 0.001047 0.002562 0.042596 0.952893 0.000902
3 3 0.000868 0.003372 0.034513 0.960113 0.001134
3 3 0.001042 0.002422 0.055278 0.940437 0.000820
3 3 0.004340 0.007183 0.040040 0.946550 0.001888
3 3 0.000611 0.001697 0.022162 0.975239 0.000291
3 3 0.003428 0.008299 0.087278 0.897013 0.003981
3 3 0.001094 0.005764 0.062072 0.927864 0.003206
3 3 0.000522 0.002695 0.067625 0.928492 0.000666
3 3 0.001776 0.003675 0.058628 0.935083 0.000838
3 3 0.002434 0.003438 0.034374 0.958859 0.000895
3 3 0.010848 0.009297 0.070844 0.906712 0.002298
3 3 0.000394 0.001806 0.018967 0.978147 0.000686
3 3 0.000340 0.002819 0.029378 0.966653 0.000809
3 3 0.000971 0.002289 0.059974 0.935578 0.001188
3 3 0.000282 0.002219 0.052756 0.944444 0.000299
3 3 0.002755 0.021828 0.130502 0.840368 0.004546
2 2 0.055319 0.182149 0.548676 0.173863 0.039993
2 2 0.007930 0.106684 0.850571 0.022816 0.011999
2 2 0.017888 0.350442 0.570025 0.008590 0.053055
2 2 0.011369 0.158444 0.791422 0.022950 0.015815
2 2 0.007276 0.082508 0.897780 0.007675 0.004761
2 2 0.075080 0.061865 0.842398 0.005567 0.015090
2 2 0.033811 0.271740 0.667918 0.002897 0.023635
2 2 0.013249 0.080610 0.893861 0.003264 0.009016
2 2 0.002922 0.079957 0.907150 0.002821 0.007150
2 2 0.003392 0.043209 0.945018 0.001045 0.007336
2 2 0.006512 0.157853 0.766278 0.055341 0.014016
2 2 0.013392 0.148460 0.819279 0.003582 0.015287
2 2 0.003472 0.048107 0.936407 0.005275 0.006739
2 2 0.000203 0.004863 0.914864 0.077223 0.002846
2 4 0.028243 0.281693 0.483382 0.003023 0.203659
2 4 0.008162 0.109586 0.839054 0.007994 0.035203
2 4 0.000301 0.031589 0.932724 0.017540 0.017846
2 4 0.019315 0.346185 0.352362 0.000791 0.281347
4 4 0.092602 0.302647 0.194077 0.000460 0.410214
4 4 0.024975 0.271384 0.159726 0.000661 0.543255
2 4 0.020865 0.090558 0.477431 0.001541 0.409605
2 4 0.018986 0.233764 0.590695 0.017794 0.138761
4 4 0.120766 0.324305 0.132696 0.000205 0.422029
4 4 0.128968 0.251415 0.112380 0.002089 0.505147
2 4 0.007377 0.158332 0.721695 0.005144 0.107452
4 4 0.209144 0.222822 0.110624 0.000561 0.456850
1 4 0.118906 0.384132 0.150441 0.001026 0.345495
4 4 0.020302 0.173871 0.115891 0.000549 0.689387
4 4 0.026565 0.295900 0.320801 0.001546 0.355188
1 4 0.029317 0.396658 0.233171 0.001676 0.339178
1 4 0.126954 0.451025 0.281958 0.000325 0.139737
0 4 0.405934 0.146710 0.093648 0.002475 0.351234
2 4 0.209856 0.323846 0.346556 0.035583 0.084159
2 4 0.010040 0.303987 0.363365 0.004415 0.318193
4 4 0.040700 0.136884 0.060973 0.000207 0.761237
4 4 0.172787 0.202908 0.072534 0.000331 0.551439
4 4 0.051627 0.136625 0.068262 0.000204 0.743282
4 4 0.207237 0.040915 0.016934 0.000057 0.734857
4 4 0.083897 0.094533 0.056143 0.000069 0.765358
4 4 0.252557 0.265964 0.062613 0.000102 0.418764
2 4 0.061810 0.244284 0.348155 0.001043 0.344708
2 4 0.017924 0.419194 0.445985 0.004589 0.112308
1 4 0.038767 0.400745 0.379220 0.000847 0.180422
4 4 0.010152 0.180278 0.231320 0.000986 0.577264
4 4 0.064255 0.226456 0.180648 0.000043 0.528598
2 4 0.016809 0.253491 0.513066 0.001679 0.214955
4 4 0.249961 0.208164 0.059021 0.000079 0.482775
1 4 0.023693 0.390418 0.361862 0.000357 0.223670
4 4 0.056008 0.068232 0.052127 0.000079 0.823553
4 4 0.121957 0.343381 0.181022 0.000037 0.353603
1 4 0.078243 0.409292 0.254015 0.000365 0.258085
1 4 0.093180 0.512299 0.204048 0.000537 0.189935
4 4 0.017792 0.195717 0.312639 0.001196 0.472657
4 4 0.016828 0.129576 0.097333 0.000151 0.756112
4 4 0.121823 0.317612 0.098461 0.000170 0.461935
1 4 0.071941 0.387610 0.280728 0.000448 0.259273
4 4 0.034536 0.187614 0.119210 0.000855 0.657785
2 4 0.001431 0.080401 0.872690 0.002113 0.043366
1 4 0.038265 0.376331 0.211603 0.000346 0.373454
2 4 0.004413 0.125455 0.657694 0.000956 0.211481
2 2 0.003011 0.166304 0.712724 0.016455 0.101506
2 2 0.001824 0.058070 0.914128 0.001115 0.024863
2 2 0.001906 0.019228 0.974125 0.001489 0.003252
2 2 0.000494 0.017082 0.974089 0.000402 0.007932
2 2 0.000560 0.057039 0.928570 0.003105 0.010726
2 2 0.001737 0.098122 0.877553 0.001285 0.021303
2 2 0.002566 0.015222 0.976606 0.000535 0.005071
2 2 0.000194 0.011538 0.983302 0.001277 0.003689
2 2 0.001029 0.015094 0.979200 0.000669 0.004007
2 2 0.000217 0.005910 0.987363 0.004938 0.001572
2 2 0.000243 0.018221 0.974374 0.001928 0.005234
2 2 0.002173 0.040452 0.933991 0.010842 0.012542
2 2 0.000408 0.028510 0.964332 0.002987 0.003763
2 2 0.000261 0.008479 0.973900 0.010125 0.007235
2 2 0.002856 0.034765 0.941176 0.012172 0.009031
2 2 0.000577 0.011736 0.973944 0.011081 0.002662
2 2 0.002609 0.027412 0.954860 0.007206 0.007913
2 2 0.001178 0.011244 0.978033 0.006714 0.002832
2 2 0.002905 0.021950 0.931589 0.035571 0.007986
2 2 0.002163 0.007228 0.942012 0.047164 0.001433
2 2 0.000361 0.004141 0.962640 0.032498 0.000362
2 2 0.000551 0.009699 0.955520 0.031760 0.002470
2 2 0.000548 0.003732 0.980240 0.013203 0.002276
2 2 0.000321 0.019361 0.933351 0.043145 0.003823
2 2 0.000183 0.009780 0.969017 0.018542 0.002478
2 2 0.004501 0.007506 0.954499 0.025966 0.007528
2 2 0.000120 0.004553 0.930398 0.063851 0.001078
2 2 0.004029 0.012496 0.926605 0.044170 0.012700
2 2 0.000705 0.008063 0.908230 0.080350 0.002652
2 2 0.000755 0.003013 0.953695 0.042101 0.000436
2 2 0.002264 0.011002 0.923163 0.059020 0.004551
2 2 0.002892 0.011829 0.921343 0.060578 0.003358
2 1 0.190589 0.353699 0.414559 0.011886 0.029268
2 1 0.022074 0.161234 0.795234 0.010054 0.011403
2 2 0.041861 0.264114 0.675180 0.002641 0.016204
2 2 0.002764 0.021610 0.969333 0.004127 0.002166
2 2 0.002480 0.038349 0.947193 0.009480 0.002498
2 2 0.004293 0.065220 0.913685 0.007350 0.009453
2 2 0.029776 0.131456 0.815989 0.001202 0.021577
2 2 0.001969 0.050742 0.938189 0.003044 0.006055
2 2 0.004179 0.053247 0.929305 0.007644 0.005625
2 2 0.003793 0.049766 0.930406 0.010079 0.005957
2 2 0.006939 0.048506 0.930749 0.008434 0.005372
2 2 0.000822 0.014041 0.962090 0.022379 0.000669
2 2 0.003306 0.035419 0.950928 0.007089 0.003259
2 2 0.012067 0.049857 0.869200 0.062086 0.006791
2 2 0.008146 0.025902 0.953504 0.009212 0.003236
2 2 0.031741 0.059966 0.858675 0.044096 0.005523
2 2 0.006668 0.050428 0.906184 0.030808 0.005912
2 2 0.032917 0.075692 0.829277 0.054708 0.007407
2 1 0.222386 0.197757 0.496158 0.052329 0.031370
2 1 0.029229 0.204754 0.737179 0.021517 0.007321
2 2 0.009389 0.080248 0.884051 0.021890 0.004422
2 2 0.031664 0.250061 0.692475 0.006752 0.019048
2 2 0.004341 0.054136 0.934944 0.001441 0.005139
2 2 0.010116 0.103877 0.871836 0.002253 0.011919
2 2 0.005114 0.035960 0.950342 0.004740 0.003845
2 2 0.023798 0.045071 0.915733 0.000820 0.014578
2 2 0.004508 0.013646 0.976099 0.003031 0.002716
2 2 0.008956 0.077314 0.888532 0.012049 0.013149
2 2 0.008922 0.109040 0.853838 0.014602 0.013597
2 2 0.022672 0.080616 0.871713 0.015057 0.009943
2 2 0.008151 0.230928 0.718719 0.020534 0.021669
2 2 0.024830 0.122341 0.816418 0.021969 0.014442
1 2 0.227323 0.398453 0.315019 0.012938 0.046268
1 2 0.113340 0.533323 0.290133 0.004624 0.058580
2 2 0.020859 0.191155 0.758940 0.004774 0.024272
0 0 0.702148 0.186349 0.074135 0.002254 0.035114
1 1 0.326214 0.417298 0.206267 0.003970 0.046251
2 2 0.040327 0.308664 0.614617 0.003872 0.032521
2 2 0.011111 0.083107 0.876926 0.016097 0.012759
2 2 0.001749 0.050789 0.938321 0.002291 0.006850
2 2 0.004535 0.083897 0.895676 0.003515 0.012376
2 2 0.000506 0.008461 0.987632 0.002579 0.000823
2 2 0.000430 0.010691 0.984532 0.003204 0.001143
2 2 0.016772 0.137128 0.822741 0.001693 0.021666
2 2 0.000449 0.013334 0.983034 0.001657 0.001527
2 2 0.003415 0.065370 0.920523 0.001547 0.009145
2 2 0.001112 0.021669 0.961167 0.014508 0.001543
2 2 0.001017 0.015236 0.971432 0.010556 0.001759
2 2 0.000257 0.012021 0.959136 0.027049 0.001537
2 2 0.001153 0.023569 0.966706 0.006522 0.002050
2 2 0.000385 0.013833 0.970651 0.013544 0.001587
2 2 0.006361 0.018689 0.947257 0.024560 0.003132
2 2 0.001842 0.024619 0.962640 0.008154 0.002745
2 2 0.001419 0.007979 0.925902 0.064246 0.000455
2 2 0.006368 0.019968 0.907672 0.063773 0.002220
2 2 0.015577 0.077779 0.886361 0.008836 0.011447
2 2 0.000324 0.011473 0.919180 0.068691 0.000334
2 2 0.003701 0.044266 0.942270 0.005906 0.003856
2 2 0.000134 0.004524 0.941704 0.053363 0.000274
2 2 0.004614 0.010772 0.941398 0.041592 0.001624
2 2 0.003808 0.036469 0.934405 0.019228 0.006090
2 2 0.002289 0.013440 0.958860 0.024865 0.000546
2 2 0.010973 0.041974 0.884288 0.057146 0.005619
2 2 0.003014 0.006649 0.866447 0.123568 0.000323
2 2 0.001318 0.007552 0.936369 0.053527 0.001234
2 2 0.001334 0.007476 0.662224 0.328497 0.000470
2 2 0.003344 0.015314 0.897657 0.081774 0.001911
2 2 0.000691 0.010391 0.883218 0.104714 0.000987
2 2 0.001564 0.010932 0.771822 0.213977 0.001705
2 2 0.006724 0.059023 0.761291 0.165175 0.007787
3 2 0.011584 0.008907 0.470676 0.508071 0.000762
2 2 0.003423 0.011830 0.747046 0.235808 0.001894
3 2 0.003217 0.004097 0.318099 0.674292 0.000295
3 2 0.007441 0.009486 0.406838 0.575376 0.000859
2 2 0.006631 0.032719 0.669100 0.285945 0.005605
2 3 0.003961 0.012721 0.736006 0.245118 0.002194
2 3 0.001571 0.011067 0.510973 0.475335 0.001054
3 3 0.003311 0.015269 0.480724 0.499694 0.001002
3 3 0.000852 0.006687 0.324250 0.667398 0.000814
3 3 0.003596 0.024099 0.397902 0.573054 0.001349
3 3 0.001846 0.004828 0.419688 0.573175 0.000464
3 3 0.006649 0.017395 0.408738 0.564670 0.002548
3 3 0.001863 0.005440 0.132766 0.859585 0.000346
3 3 0.006849 0.018171 0.372322 0.600218 0.002439
3 3 0.004250 0.009759 0.202799 0.782179 0.001013
3 3 0.008056 0.010460 0.159325 0.820899 0.001260
3 3 0.000875 0.014921 0.326424 0.656532 0.001247
3 3 0.001164 0.006759 0.150548 0.840981 0.000548
3 3 0.003098 0.018954 0.286006 0.690161 0.001780
3 3 0.004661 0.017225 0.356171 0.620160 0.001782
3 3 0.002580 0.008720 0.205152 0.782365 0.001183
3 3 0.004938 0.013774 0.328226 0.650350 0.002713
3 3 0.006553 0.010092 0.140562 0.840288 0.002505
3 3 0.003596 0.020662 0.206882 0.765088 0.003771
3 3 0.002118 0.007489 0.082059 0.906486 0.001848
3 3 0.002339 0.010475 0.140935 0.843180 0.003071
3 3 0.003346 0.007519 0.053633 0.933983 0.001518
3 3 0.000435 0.004514 0.128667 0.865789 0.000594
3 3 0.001642 0.002202 0.065174 0.930717 0.000265
3 3 0.010567 0.021700 0.216359 0.747062 0.004312
3 3 0.000956 0.001804 0.058086 0.938949 0.000205
3 3 0.002927 0.020478 0.094115 0.875980 0.006500
3 3 0.004173 0.005295 0.072003 0.917593 0.000937
3 3 0.016297 0.066163 0.299848 0.608518 0.009175
3 3 0.001357 0.001754 0.033065 0.963267 0.000556
3 3 0.004571 0.009642 0.152687 0.829783 0.003317
3 3 0.003720 0.016703 0.088698 0.888238 0.002640
3 3 0.009777 0.021748 0.235900 0.727630 0.004945
3 3 0.002515 0.009845 0.156081 0.829444 0.002115
3 3 0.003311 0.013637 0.223965 0.756680 0.002407
3 3 0.009050 0.015669 0.406363 0.565371 0.003547
3 3 0.001632 0.004124 0.201406 0.789648 0.003190
3 3 0.005159 0.008404 0.059561 0.925106 0.001769
3 3 0.003051 0.011351 0.079618 0.903489 0.002492
3 3 0.001578 0.004089 0.107576 0.886375 0.000382
3 3 0.002271 0.005813 0.085308 0.900982 0.005626
3 3 0.012674 0.014436 0.144241 0.824390 0.004259
3 3 0.001061 0.007250 0.069824 0.920591 0.001274
3 3 0.000721 0.004602 0.105443 0.888035 0.001198
3 3 0.001084 0.008592 0.081443 0.907272 0.001608
3 3 0.000608 0.005348 0.115775 0.876562 0.001707
3 3 0.002095 0.011875 0.168385 0.815806 0.001839
3 3 0.005676 0.010591 0.231511 0.751024 0.001197
3 3 0.001784 0.009119 0.159759 0.827059 0.002278
3 3 0.003228 0.011690 0.100443 0.881841 0.002798
3 3 0.000470 0.004006 0.075167 0.919441 0.000915
3 3 0.001956 0.010140 0.056628 0.928593 0.002683
2 2 0.014239 0.124918 0.815001 0.021942 0.023900
2 1 0.075488 0.171015 0.663445 0.074046 0.016005
2 1 0.052095 0.365801 0.540495 0.011424 0.030186
2 2 0.007035 0.075547 0.900934 0.005138 0.011347
2 2 0.005753 0.126146 0.850842 0.002391 0.014868
2 2 0.010651 0.145389 0.811218 0.012879 0.019864
2 2 0.002604 0.070901 0.913378 0.006719 0.006398
2 2 0.008490 0.154518 0.813064 0.003658 0.020271
2 2 0.011009 0.164903 0.806870 0.003077 0.014141
2 2 0.008641 0.104376 0.856756 0.024484 0.005743
2 2 0.021502 0.277225 0.654216 0.001893 0.045165
2 2 0.020535 0.305708 0.648837 0.002528 0.022393
2 2 0.012261 0.147194 0.825384 0.001043 0.014119
2 2 0.000085 0.005032 0.992464 0.001906 0.000513
2 2 0.000053 0.004755 0.991617 0.002912 0.000663
2 2 0.001214 0.056158 0.933443 0.001814 0.007371
2 2 0.003411 0.116012 0.765513 0.009148 0.105916
2 4 0.002341 0.186310 0.756080 0.007828 0.047440
2 4 0.002091 0.166995 0.756784 0.008825 0.065305
2 4 0.012885 0.346233 0.449937 0.002140 0.188804
4 4 0.022020 0.162815 0.175846 0.001882 0.637438
1 4 0.057878 0.472324 0.354218 0.000979 0.114602
4 4 0.120827 0.223959 0.150344 0.000224 0.504646
4 4 0.055880 0.111438 0.079088 0.000199 0.753395
2 4 0.040518 0.316544 0.334824 0.001924 0.306190
4 4 0.125111 0.316450 0.141540 0.000147 0.416752
4 4 0.052371 0.232537 0.298876 0.000917 0.415299
4 4 0.061329 0.086169 0.078816 0.001098 0.772589
4 4 0.368476 0.165490 0.047638 0.000109 0.418287
4 4 0.079068 0.224074 0.157952 0.000139 0.538768
0 4 0.399278 0.356668 0.160468 0.003629 0.079956
4 4 0.264071 0.299187 0.112482 0.000208 0.324052
1 4 0.165931 0.371624 0.096155 0.000666 0.365625
1 4 0.267463 0.326301 0.176962 0.000989 0.228286
4 4 0.120203 0.214694 0.078197 0.000137 0.586769
4 4 0.314683 0.124706 0.056950 0.000467 0.503193
4 4 0.361618 0.031932 0.010537 0.000047 0.595865
1 4 0.089495 0.519441 0.215530 0.001343 0.174191
0 0 0.593484 0.245629 0.116556 0.002347 0.041985
0 0 0.564963 0.303682 0.098345 0.002335 0.030675
1 1 0.187877 0.528693 0.196121 0.000228 0.087082
1 1 0.125146 0.530021 0.280617 0.000296 0.063919
1 1 0.195638 0.463126 0.249561 0.000272 0.091404
2 2 0.004952 0.136538 0.840080 0.001063 0.017368
2 2 0.001422 0.052858 0.934274 0.004132 0.007313
2 2 0.004702 0.107694 0.875053 0.002226 0.010325
2 2 0.003662 0.051460 0.937944 0.001776 0.005159
2 2 0.015172 0.212849 0.747196 0.000648 0.024134
2 2 0.000101 0.010700 0.985419 0.003004 0.000776
2 2 0.008920 0.133746 0.825183 0.000546 0.031605
2 2 0.000502 0.028771 0.958125 0.002520 0.010083
2 2 0.015911 0.237872 0.708789 0.000097 0.037332
2 2 0.000141 0.015943 0.980421 0.001861 0.001634
2 2 0.000036 0.004013 0.985502 0.009697 0.000753
2 2 0.002631 0.072937 0.909347 0.002007 0.013078
2 2 0.001023 0.030271 0.958065 0.004563 0.006079
2 2 0.001442 0.047418 0.935639 0.001734 0.013766
2 2 0.000426 0.013372 0.982604 0.000231 0.003366
2 2 0.000458 0.025887 0.969332 0.000134 0.004190
2 2 0.001759 0.077518 0.907381 0.002132 0.011210
2 2 0.006756 0.112293 0.860213 0.000292 0.020446
2 2 0.001172 0.032653 0.958242 0.000435 0.007499
2 2 0.004463 0.128534 0.843467 0.000838 0.022698
2 2 0.003145 0.166668 0.804924 0.000588 0.024675
2 2 0.005565 0.113272 0.849306 0.000515 0.031342
2 2 0.000728 0.029906 0.963378 0.000755 0.005232
2 2 0.002506 0.074808 0.910787 0.001950 0.009949
2 2 0.001653 0.082386 0.903192 0.000725 0.012045
2 2 0.005221 0.065980 0.916135 0.000392 0.012273
2 2 0.005546 0.143000 0.821693 0.001589 0.028172
2 2 0.001002 0.028992 0.960398 0.000443 0.009166
2 2 0.001140 0.055174 0.934763 0.002394 0.006529
2 2 0.001752 0.080519 0.895152 0.012592 0.009985
2 2 0.000701 0.022665 0.969076 0.003874 0.003683
2 2 0.000949 0.037551 0.952492 0.004361 0.004647
2 2 0.001344 0.033953 0.954528 0.002577 0.007598
2 2 0.001318 0.110784 0.869326 0.003212 0.015359
2 2 0.000015 0.004484 0.992279 0.002725 0.000497
2 1 0.066426 0.225012 0.680893 0.007915 0.019754
1 1 0.343312 0.463548 0.161302 0.002366 0.029471
2 2 0.196926 0.368270 0.408796 0.002995 0.023012
2 2 0.029013 0.308698 0.636652 0.000621 0.025016
2 2 0.010924 0.054360 0.925420 0.000658 0.008638
2 2 0.021519 0.069011 0.899340 0.002086 0.008044
2 2 0.026305 0.133095 0.825659 0.000677 0.014265
2 2 0.053052 0.265226 0.662681 0.010491 0.008550
2 2 0.022015 0.107628 0.855633 0.000414 0.014310
2 2 0.047368 0.245972 0.681857 0.012302 0.012501
1 2 0.245486 0.511193 0.211654 0.002183 0.029483
2 2 0.019769 0.200291 0.756561 0.003334 0.020044
2 2 0.002000 0.017162 0.977860 0.001471 0.001507
2 2 0.031876 0.223034 0.712931 0.001692 0.030467
2 2 0.050442 0.334993 0.587403 0.001832 0.025331
2 2 0.004606 0.067850 0.921030 0.000556 0.005957
2 2 0.018277 0.182823 0.779805 0.006099 0.012996
2 2 0.021530 0.113353 0.850330 0.001369 0.013418
2 2 0.011338 0.064468 0.918797 0.001651 0.003746
2 2 0.009142 0.100515 0.860046 0.014923 0.015374
2 2 0.008574 0.128020 0.850698 0.003129 0.009580
2 2 0.016825 0.143869 0.824259 0.001132 0.013915
2 2 0.007442 0.081851 0.902095 0.002565 0.006046
2 2 0.007972 0.142610 0.832934 0.004612 0.011872
2 2 0.015902 0.141270 0.832228 0.001496 0.009104
2 2 0.005284 0.071410 0.912256 0.004277 0.006774
2 2 0.030828 0.088893 0.867441 0.006624 0.006214
2 2 0.019149 0.142664 0.826035 0.001419 0.010733
2 2 0.023622 0.111594 0.852623 0.001993 0.010169
2 2 0.003145 0.066997 0.920508 0.005605 0.003745
2 2 0.025760 0.136460 0.819723 0.001261 0.016797
2 2 0.004963 0.070856 0.910569 0.009653 0.003960
2 2 0.004080 0.044021 0.945634 0.003654 0.002610
2 2 0.063555 0.103506 0.806992 0.016484 0.009464
2 2 0.061374 0.355064 0.549402 0.005498 0.028661
2 2 0.057752 0.273381 0.645081 0.011160 0.012625
1 2 0.098924 0.478224 0.391489 0.004487 0.026876
2 2 0.025445 0.206157 0.745515 0.000697 0.022186
2 2 0.024231 0.125031 0.822958 0.001081 0.026700
2 2 0.011353 0.100214 0.875948 0.000344 0.012140
2 2 0.003963 0.060507 0.926019 0.000585 0.008926
2 2 0.001814 0.027023 0.966383 0.002314 0.002466
2 2 0.021563 0.230706 0.712621 0.000331 0.034779
2 2 0.003403 0.063022 0.926585 0.002182 0.004808
2 2 0.001268 0.038505 0.955312 0.001326 0.003588
2 2 0.002433 0.046632 0.943753 0.002241 0.004941
2 2 0.019105 0.176971 0.782205 0.000936 0.020784
2 2 0.016086 0.140374 0.822795 0.002071 0.018674
2 2 0.003969 0.076602 0.907247 0.001245 0.010937
2 2 0.009960 0.035282 0.945047 0.004000 0.005711
2 2 0.096082 0.325386 0.525552 0.004564 0.048416
2 2 0.003604 0.037580 0.951748 0.000201 0.006867
2 2 0.000539 0.012605 0.970602 0.015323 0.000932
2 2 0.003293 0.056839 0.926001 0.005912 0.007955
2 2 0.102776 0.223935 0.623450 0.030385 0.019454
2 2 0.095844 0.347923 0.513023 0.002949 0.040261
1 2 0.108112 0.492290 0.372151 0.002987 0.024461
0 2 0.521538 0.327009 0.115130 0.002595 0.033729
2 2 0.034571 0.264960 0.670846 0.004890 0.024733
1 2 0.050723 0.496972 0.409889 0.000101 0.042315
1 2 0.336198 0.397619 0.179139 0.000979 0.086066
2 2 0.018499 0.113109 0.852334 0.001026 0.015031
2 2 0.000349 0.013634 0.982226 0.002592 0.001199
2 2 0.071589 0.267660 0.632345 0.000879 0.027527
1 2 0.167832 0.470568 0.308700 0.001772 0.051128
0 0 0.881654 0.069213 0.026922 0.000550 0.021661
0 0 0.778485 0.110316 0.059479 0.003246 0.048474
0 0 0.941132 0.031152 0.013243 0.000386 0.014087
0 0 0.950307 0.022462 0.010061 0.000052 0.017118
0 0 0.890662 0.068025 0.022332 0.000096 0.018885
0 0 0.757280 0.164908 0.058222 0.000608 0.018982
0 0 0.763501 0.168046 0.051279 0.000575 0.016599
0 0 0.560835 0.290197 0.113785 0.001983 0.033200
0 0 0.985817 0.004653 0.002900 0.000068 0.006562
0 0 0.801833 0.127070 0.043135 0.001632 0.026330
0 0 0.912034 0.035085 0.014610 0.000023 0.038247
0 0 0.931452 0.018648 0.014434 0.000011 0.035455
0 0 0.818170 0.085737 0.039782 0.000067 0.056244
0 0 0.963330 0.010577 0.006382 0.000152 0.019560
0 0 0.861925 0.040130 0.028667 0.000017 0.069261
0 0 0.899251 0.030441 0.019136 0.000287 0.050885
0 0 0.946299 0.029402 0.009263 0.000380 0.014656
0 0 0.823809 0.135374 0.023073 0.000093 0.017650
0 0 0.718382 0.213117 0.052782 0.000333 0.015386
0 0 0.886454 0.074184 0.014829 0.000052 0.024481
0 0 0.761527 0.164436 0.042597 0.000334 0.031106
0 0 0.481220 0.361345 0.130567 0.000581 0.026288
0 0 0.456734 0.401943 0.115851 0.000487 0.024985
0 0 0.638285 0.273825 0.061815 0.000236 0.025839
0 0 0.547697 0.351775 0.078614 0.000130 0.021784
1 0 0.293493 0.508010 0.162190 0.000579 0.035729
0 0 0.577430 0.311133 0.082644 0.000226 0.028566
0 0 0.620095 0.285545 0.052975 0.000010 0.041374
0 0 0.716177 0.198422 0.036763 0.000012 0.048625
1 0 0.177946 0.588474 0.171489 0.000125 0.061966
1 0 0.234851 0.510160 0.191854 0.000193 0.062942
1 1 0.073004 0.476161 0.391553 0.000201 0.059082
1 1 0.154829 0.523935 0.221114 0.000197 0.099926
2 1 0.003961 0.117546 0.861278 0.000588 0.016627
2 2 0.016166 0.254281 0.713074 0.000287 0.016193
2 2 0.002564 0.037186 0.954530 0.002560 0.003160
2 2 0.000925 0.016194 0.979672 0.001573 0.001636
2 2 0.003033 0.097160 0.889214 0.000860 0.009733
2 2 0.002069 0.106122 0.878010 0.002546 0.011253
2 2 0.000886 0.075136 0.898269 0.002706 0.023003
2 2 0.000275 0.023583 0.966633 0.004933 0.004577
1 4 0.242032 0.446353 0.117487 0.000095 0.194033
1 4 0.050830 0.437153 0.329505 0.000098 0.182415
4 4 0.004503 0.039876 0.080532 0.000346 0.874742
1 4 0.157436 0.533477 0.231396 0.000258 0.077433
4 4 0.047331 0.230108 0.189307 0.000154 0.533099
1 4 0.143439 0.469162 0.170396 0.000171 0.216832
4 4 0.115308 0.185214 0.121584 0.000318 0.577576
4 4 0.140874 0.174440 0.129219 0.000281 0.555186
4 4 0.398504 0.047578 0.014886 0.000173 0.538860
4 4 0.320249 0.105667 0.056686 0.000258 0.517139
4 4 0.207762 0.015933 0.011017 0.000147 0.765141
1 4 0.206742 0.357202 0.123972 0.000868 0.311217
2 4 0.059909 0.273291 0.473980 0.000443 0.192378
4 4 0.251041 0.227840 0.083757 0.000119 0.437243
4 4 0.312093 0.119125 0.042487 0.000097 0.526199
4 4 0.236167 0.117542 0.043291 0.000041 0.602960
0 0 0.528908 0.295929 0.116696 0.006380 0.052087
1 1 0.228485 0.348017 0.122663 0.000002 0.300833
4 1 0.118440 0.128946 0.060546 0.000039 0.692029
4 4 0.068433 0.233160 0.099338 0.000005 0.599065
4 4 0.101550 0.117038 0.044744 0.000086 0.736582
4 4 0.122556 0.194676 0.073808 0.000056 0.608904
4 4 0.035021 0.105556 0.076529 0.000026 0.782868
0 0 0.601040 0.232565 0.126331 0.001549 0.038515
0 0 0.948417 0.030081 0.012324 0.000138 0.009040
0 0 0.727790 0.211312 0.044682 0.000119 0.016098
0 0 0.763811 0.167648 0.048241 0.000089 0.020212
0 1 0.668482 0.264885 0.052180 0.000133 0.014319
1 1 0.111323 0.492801 0.226087 0.000039 0.169750
2 2 0.005782 0.179458 0.759876 0.002579 0.052304
2 2 0.004260 0.234377 0.543487 0.000920 0.216957
2 2 0.008189 0.221261 0.712583 0.001533 0.056433
4 4 0.006293 0.226224 0.315208 0.002373 0.449902
4 4 0.080103 0.333825 0.135550 0.000292 0.450230
2 4 0.009845 0.301331 0.466992 0.001604 0.220229
2 4 0.004975 0.254984 0.536921 0.000592 0.202527
4 4 0.027301 0.141785 0.112102 0.000419 0.718392
1 4 0.030301 0.461719 0.206065 0.000296 0.301619
4 4 0.065130 0.131867 0.090833 0.000267 0.711902
1 4 0.029333 0.426437 0.241126 0.000071 0.303032
4 4 0.149728 0.301391 0.127230 0.000187 0.421463
4 4 0.040238 0.104506 0.145384 0.000681 0.709191
4 4 0.143304 0.032388 0.015509 0.000020 0.808779
4 4 0.108256 0.034608 0.017895 0.000081 0.839160
1 4 0.085229 0.496478 0.190320 0.000045 0.227928
4 4 0.106210 0.081929 0.045320 0.000159 0.766382
4 4 0.293386 0.264773 0.119908 0.000935 0.320997
4 4 0.091461 0.091015 0.064614 0.000084 0.752825
2 4 0.017745 0.296766 0.398032 0.000549 0.286908
1 2 0.139493 0.367030 0.216453 0.000089 0.276935
1 2 0.158312 0.427241 0.205903 0.000282 0.208262
4 2 0.017204 0.364565 0.249304 0.000046 0.368881
2 2 0.000834 0.122676 0.824730 0.003303 0.048457
2 2 0.003564 0.257634 0.536929 0.001017 0.200855
2 2 0.004049 0.138806 0.777157 0.002179 0.077808
2 2 0.003879 0.159621 0.675522 0.003669 0.157309
2 2 0.001110 0.164087 0.670853 0.009882 0.154068
4 2 0.014853 0.255307 0.292048 0.000599 0.437193
2 4 0.007416 0.156787 0.509789 0.004674 0.321335
4 4 0.082623 0.349767 0.187661 0.001273 0.378676
4 4 0.150807 0.265266 0.206582 0.000214 0.377130
4 4 0.040312 0.101153 0.125186 0.001212 0.732137
4 4 0.042087 0.284898 0.192772 0.000293 0.479950
4 4 0.159394 0.308880 0.138569 0.000110 0.393047
1 4 0.183353 0.372974 0.161889 0.000547 0.281237
1 4 0.231872 0.356305 0.124524 0.000011 0.287289
4 4 0.038591 0.166575 0.076862 0.000073 0.717899
1 4 0.063513 0.513759 0.216549 0.000298 0.205881
4 4 0.125024 0.201297 0.096659 0.000073 0.576948
4 4 0.083148 0.034094 0.011605 0.000016 0.871137
4 4 0.170985 0.071014 0.035162 0.000004 0.722836
4 4 0.155688 0.082051 0.024117 0.000025 0.738119
4 4 0.192639 0.189082 0.098414 0.000064 0.519801
4 4 0.199741 0.085127 0.040687 0.000116 0.674328
4 4 0.094899 0.143566 0.079032 0.000024 0.682479
4 4 0.168968 0.311305 0.116735 0.000025 0.402968
4 4 0.352761 0.127200 0.042901 0.000038 0.477100
4 4 0.284665 0.300432 0.095280 0.000013 0.319610
4 4 0.163834 0.280022 0.100247 0.000025 0.455871
4 4 0.308083 0.180606 0.058943 0.000243 0.452125
2 4 0.052202 0.373524 0.435256 0.001648 0.137370
2 4 0.011681 0.304745 0.404753 0.000257 0.278565
4 4 0.119160 0.244013 0.125442 0.000181 0.511205
4 4 0.273280 0.308672 0.083577 0.000023 0.334449
1 4 0.150470 0.423582 0.176662 0.000018 0.249269
1 4 0.073902 0.399951 0.345518 0.000549 0.180080
2 4 0.008476 0.216169 0.602093 0.000353 0.172909
2 2 0.007982 0.288529 0.514322 0.000298 0.188870
2 2 0.003687 0.226550 0.718752 0.000868 0.050144
2 2 0.001128 0.064578 0.916335 0.003781 0.014177
2 2 0.002840 0.251105 0.411098 0.001990 0.332967
2 2 0.000336 0.056416 0.914857 0.002033 0.026358
2 2 0.001885 0.055399 0.912463 0.003372 0.026881
2 2 0.000181 0.012939 0.978544 0.002844 0.005492
2 2 0.000576 0.035504 0.953420 0.002372 0.008127
2 2 0.000310 0.036104 0.948864 0.003737 0.010984
2 2 0.000737 0.035724 0.945607 0.003302 0.014630
2 2 0.002582 0.061234 0.911762 0.001359 0.023064
2 2 0.000111 0.006507 0.991387 0.000639 0.001356
2 2 0.000678 0.017485 0.978703 0.001173 0.001961
2 2 0.000126 0.002640 0.990965 0.005739 0.000530
2 2 0.000246 0.008716 0.983680 0.005711 0.001647
2 2 0.000282 0.006432 0.990686 0.001467 0.001132
2 2 0.000085 0.004132 0.973891 0.021264 0.000628
2 2 0.003096 0.072965 0.891691 0.020351 0.011897
2 2 0.000239 0.008271 0.982399 0.008078 0.001014
2 2 0.000022 0.001923 0.995485 0.002466 0.000104
2 2 0.000425 0.016106 0.956437 0.024474 0.002558
2 2 0.000136 0.003171 0.990078 0.006053 0.000561
2 2 0.000009 0.000954 0.989396 0.009568 0.000073
2 2 0.000025 0.002695 0.971269 0.025779 0.000232
2 2 0.000155 0.004241 0.990974 0.003966 0.000663
2 2 0.000285 0.001818 0.974164 0.023532 0.000202
2 2 0.000866 0.008344 0.954684 0.034187 0.001918
2 2 0.000411 0.002933 0.962710 0.033722 0.000224
2 2 0.000267 0.002872 0.939321 0.057304 0.000235
2 2 0.000993 0.003751 0.950009 0.044348 0.000899
2 2 0.005802 0.046987 0.923131 0.013903 0.010177
2 2 0.000003 0.000777 0.986102 0.013071 0.000047
2 2 0.001093 0.007629 0.972329 0.017534 0.001415
2 2 0.000281 0.009051 0.971882 0.017261 0.001524
2 2 0.000102 0.001259 0.873260 0.125299 0.000080
2 2 0.000949 0.005075 0.970114 0.023171 0.000691
2 2 0.000711 0.004522 0.898491 0.095279 0.000998
2 2 0.000280 0.003893 0.920628 0.074783 0.000417
2 2 0.000189 0.003394 0.954974 0.040916 0.000527
2 2 0.000108 0.001429 0.896388 0.101946 0.000129
2 2 0.000343 0.007476 0.847385 0.144215 0.000581
2 2 0.000052 0.000846 0.826594 0.172321 0.000187
2 2 0.000728 0.002760 0.949795 0.046476 0.000242
2 2 0.001563 0.004821 0.771663 0.219738 0.002215
2 2 0.000780 0.003880 0.718310 0.276550 0.000480
2 2 0.000096 0.000821 0.689073 0.309886 0.000124
2 2 0.000331 0.004897 0.813486 0.180852 0.000434
2 2 0.000602 0.006392 0.785502 0.205492 0.002011
2 2 0.000118 0.001299 0.619526 0.378865 0.000191
2 2 0.001477 0.002863 0.692529 0.302728 0.000404
2 2 0.000749 0.006836 0.701451 0.290084 0.000881
2 2 0.002268 0.026951 0.713999 0.248277 0.008505
3 3 0.000123 0.002654 0.427368 0.569662 0.000192
3 3 0.001286 0.003432 0.427153 0.566827 0.001302
3 3 0.000536 0.003836 0.462191 0.533092 0.000344
2 3 0.004298 0.019559 0.814961 0.155982 0.005200
2 3 0.000469 0.011869 0.764962 0.221337 0.001363
2 3 0.000510 0.003929 0.829663 0.165367 0.000532
2 3 0.007550 0.019922 0.851066 0.118835 0.002626
2 3 0.000043 0.000455 0.539859 0.459624 0.000019
2 3 0.001661 0.004816 0.771508 0.221379 0.000636
2 3 0.000016 0.000516 0.874688 0.124756 0.000024
2 3 0.000732 0.003820 0.801849 0.193350 0.000248
2 3 0.004184 0.008170 0.705235 0.281186 0.001225
3 3 0.004657 0.005708 0.443410 0.543419 0.002806
2 3 0.000913 0.016325 0.841190 0.137844 0.003728
2 3 0.004518 0.006230 0.571788 0.415830 0.001634
2 3 0.002317 0.008858 0.734978 0.253186 0.000661
2 3 0.000535 0.004823 0.631572 0.361890 0.001180
2 3 0.013909 0.010269 0.570945 0.403855 0.001022
2 3 0.001151 0.011902 0.671847 0.312087 0.003012
3 3 0.000500 0.003469 0.496576 0.499068 0.000388
2 3 0.000709 0.006314 0.701466 0.290550 0.000961
3 3 0.001848 0.004727 0.127942 0.864637 0.000846
2 2 0.007133 0.187744 0.714943 0.037792 0.052387
2 2 0.007950 0.178358 0.779303 0.016705 0.017685
2 2 0.001407 0.028390 0.960211 0.008111 0.001881
2 2 0.085762 0.276168 0.603171 0.015578 0.019321
2 2 0.006963 0.064320 0.920208 0.000358 0.008150
2 2 0.008112 0.118017 0.860658 0.002270 0.010943
2 2 0.000552 0.014778 0.981944 0.001546 0.001181
2 2 0.037254 0.233437 0.694507 0.000884 0.033919
2 2 0.000894 0.022114 0.973924 0.001538 0.001531
2 2 0.000118 0.008701 0.987482 0.002773 0.000925
2 2 0.002611 0.054962 0.936436 0.001843 0.004148
2 2 0.001613 0.029982 0.964875 0.001317 0.002213
2 2 0.000850 0.037168 0.958015 0.001190 0.002777
2 2 0.000038 0.003998 0.986241 0.009587 0.000136
2 2 0.011628 0.135556 0.831092 0.000722 0.021002
2 2 0.016182 0.129353 0.833924 0.005096 0.015444
2 2 0.036862 0.258928 0.478892 0.001467 0.223851
