0 0 0.931510 0.013250 0.004871 0.000014 0.050355
0 0 0.963749 0.010043 0.005838 0.000041 0.020330
0 0 0.924091 0.012773 0.007958 0.000103 0.055076
0 0 0.893645 0.053792 0.012395 0.000007 0.040161
0 0 0.897132 0.029987 0.013207 0.000057 0.059617
0 0 0.878116 0.045134 0.012679 0.000017 0.064054
0 0 0.949487 0.020048 0.006231 0.000007 0.024227
0 0 0.962026 0.012791 0.005983 0.000014 0.019187
0 0 0.961043 0.010476 0.005509 0.000020 0.022953
0 0 0.960144 0.009269 0.003144 0.000007 0.027437
0 0 0.956284 0.017799 0.007042 0.000014 0.018862
0 0 0.952994 0.018373 0.005354 0.000008 0.023270
0 0 0.935080 0.025048 0.010399 0.000037 0.029436
0 0 0.903161 0.052184 0.010088 0.000004 0.034563
0 0 0.977608 0.009723 0.002280 0.000002 0.010387
0 0 0.949670 0.022518 0.006690 0.000016 0.021106
0 0 0.925741 0.028107 0.010178 0.000043 0.035931
0 0 0.965913 0.014316 0.003026 0.000001 0.016745
0 0 0.827555 0.108868 0.025153 0.000006 0.038417
0 0 0.949630 0.018472 0.008675 0.000034 0.023189
0 0 0.965907 0.014011 0.005520 0.000033 0.014529
0 0 0.947056 0.028135 0.008844 0.000008 0.015957
0 0 0.979245 0.011802 0.003603 0.000005 0.005345
0 0 0.947303 0.020165 0.007732 0.000029 0.024771
0 0 0.900521 0.061238 0.018602 0.000015 0.019624
0 0 0.941483 0.030585 0.008992 0.000010 0.018929
0 0 0.829743 0.079730 0.029009 0.000046 0.061471
0 0 0.901326 0.029778 0.008562 0.000013 0.060322
0 0 0.847451 0.058752 0.013828 0.000011 0.079958
0 0 0.867580 0.039105 0.013785 0.000031 0.079499
0 0 0.847249 0.025968 0.013320 0.000082 0.113381
0 0 0.934559 0.017890 0.007448 0.000031 0.040073
0 0 0.951459 0.018674 0.008893 0.000036 0.020938
0 0 0.956935 0.020226 0.007760 0.000024 0.015055
0 0 0.939952 0.014255 0.008144 0.000072 0.037576
0 0 0.919728 0.032765 0.015017 0.000160 0.032330
0 0 0.967475 0.008787 0.004359 0.000022 0.019356
0 0 0.961627 0.009963 0.005392 0.000040 0.022978
0 0 0.916002 0.028477 0.009520 0.000010 0.045991
0 0 0.973454 0.007535 0.002397 0.000003 0.016612
0 0 0.961014 0.016095 0.008513 0.000063 0.014315
0 0 0.958051 0.015662 0.007856 0.000034 0.018396
0 0 0.979152 0.008773 0.003133 0.000011 0.008931
0 0 0.982788 0.006400 0.002494 0.000007 0.008310
0 0 0.955230 0.019660 0.009198 0.000048 0.015865
0 0 0.947173 0.027480 0.008250 0.000017 0.017079
0 0 0.969671 0.009741 0.003541 0.000010 0.017038
0 0 0.950807 0.017446 0.009458 0.000073 0.022216
0 0 0.958004 0.007197 0.004410 0.000038 0.030351
0 0 0.973904 0.008339 0.003796 0.000028 0.013933
0 0 0.988927 0.003892 0.001965 0.000006 0.005209
0 0 0.963837 0.009918 0.004475 0.000022 0.021747
0 0 0.892157 0.032786 0.014255 0.000080 0.060722
0 0 0.965494 0.012527 0.004518 0.000007 0.017454
0 0 0.982819 0.009172 0.002575 0.000002 0.005432
0 0 0.982150 0.007421 0.003955 0.000023 0.006450
0 0 0.976765 0.013140 0.003596 0.000006 0.006494
0 0 0.966499 0.018764 0.005855 0.000006 0.008876
0 0 0.979984 0.006526 0.002939 0.000011 0.010540
0 0 0.923527 0.032917 0.015115 0.000109 0.028331
0 0 0.974751 0.011646 0.005018 0.000013 0.008572
0 0 0.968901 0.011567 0.004757 0.000017 0.014758
0 0 0.979855 0.009120 0.003631 0.000011 0.007383
0 0 0.954183 0.021394 0.006259 0.000004 0.018160
0 0 0.981481 0.007371 0.003234 0.000029 0.007885
0 0 0.981646 0.006914 0.003769 0.000020 0.007651
0 0 0.972460 0.005635 0.002706 0.000022 0.019176
0 0 0.981792 0.012148 0.002832 0.000001 0.003227
0 0 0.979233 0.013363 0.003258 0.000003 0.004142
0 0 0.978989 0.010043 0.004001 0.000006 0.006961
0 0 0.981500 0.009657 0.003168 0.000004 0.005670
0 0 0.982650 0.008484 0.002086 0.000003 0.006778
0 0 0.990285 0.004416 0.001450 0.000002 0.003847
0 0 0.975225 0.016382 0.003544 0.000002 0.004848
0 0 0.975598 0.013300 0.003317 0.000007 0.007778
0 0 0.985071 0.008571 0.001979 0.000001 0.004379
0 0 0.987928 0.004067 0.001829 0.000026 0.006150
0 0 0.987433 0.003836 0.001704 0.000037 0.006989
0 0 0.979252 0.007077 0.002601 0.000021 0.011049
0 0 0.913996 0.008199 0.002874 0.000087 0.074843
0 0 0.971767 0.004702 0.001711 0.000027 0.021792
0 0 0.981355 0.011123 0.002367 0.000001 0.005155
0 0 0.987266 0.004972 0.001318 0.000001 0.006444
0 0 0.985665 0.004901 0.002735 0.000014 0.006686
0 0 0.957129 0.017364 0.007071 0.000016 0.018420
0 0 0.986632 0.005320 0.001894 0.000002 0.006152
0 0 0.988169 0.003959 0.001841 0.000004 0.006027
0 0 0.978345 0.008926 0.004101 0.000018 0.008610
0 0 0.974375 0.011229 0.002923 0.000003 0.011470
0 0 0.982531 0.007664 0.002973 0.000007 0.006826
0 0 0.988334 0.005363 0.001544 0.000002 0.004758
0 0 0.980307 0.009237 0.002856 0.000002 0.007598
0 0 0.977296 0.010966 0.001480 0.000001 0.010257
0 0 0.980276 0.008810 0.003416 0.000010 0.007488
0 0 0.950786 0.027876 0.009968 0.000017 0.011353
0 0 0.983786 0.007576 0.002671 0.000005 0.005961
0 0 0.970333 0.013003 0.003122 0.000002 0.013540
0 0 0.970806 0.018380 0.003486 0.000001 0.007327
0 0 0.990317 0.004983 0.001238 0.000001 0.003462
0 0 0.980644 0.010732 0.002877 0.000001 0.005746
0 0 0.950982 0.031639 0.007147 0.000003 0.010230
0 0 0.979253 0.012349 0.003705 0.000010 0.004684
0 0 0.964442 0.014905 0.005377 0.000014 0.015262
0 0 0.947850 0.022476 0.007882 0.000031 0.021762
0 0 0.955689 0.021757 0.009390 0.000048 0.013117
0 0 0.828263 0.085246 0.040288 0.000540 0.045662
0 0 0.941174 0.029881 0.011365 0.000018 0.017562
0 0 0.960798 0.018800 0.008222 0.000029 0.012152
0 0 0.977940 0.009225 0.003768 0.000013 0.009055
0 0 0.962024 0.020060 0.005124 0.000003 0.012790
0 0 0.892950 0.041903 0.018344 0.000102 0.046701
0 0 0.977329 0.011111 0.003780 0.000016 0.007764
0 0 0.873756 0.067861 0.025696 0.000100 0.032587
0 0 0.915127 0.041092 0.009410 0.000005 0.034366
0 0 0.935196 0.037593 0.004911 0.000007 0.022293
0 0 0.977536 0.011490 0.002004 0.000003 0.008967
0 0 0.906594 0.051368 0.011107 0.000015 0.030916
0 0 0.913832 0.054319 0.012576 0.000005 0.019268
0 0 0.943007 0.020684 0.006951 0.000019 0.029339
0 0 0.973061 0.015304 0.003009 0.000004 0.008622
0 0 0.947093 0.027950 0.005155 0.000006 0.019797
0 0 0.913724 0.053433 0.010366 0.000011 0.022466
0 0 0.945869 0.027804 0.008162 0.000024 0.018140
0 0 0.952708 0.025336 0.006756 0.000009 0.015191
0 0 0.957830 0.023407 0.006351 0.000010 0.012403
0 0 0.945059 0.015361 0.002840 0.000007 0.036734
0 0 0.951773 0.020891 0.003866 0.000006 0.023464
0 0 0.892832 0.068968 0.007347 0.000005 0.030848
0 0 0.921339 0.046830 0.006072 0.000002 0.025757
0 0 0.978640 0.012201 0.001668 0.000002 0.007489
0 0 0.983406 0.009099 0.001486 0.000002 0.006007
0 0 0.900249 0.066731 0.014621 0.000011 0.018388
0 0 0.966788 0.021594 0.003138 0.000003 0.008477
0 0 0.959545 0.023576 0.004018 0.000004 0.012857
0 0 0.981052 0.009859 0.001713 0.000003 0.007373
0 0 0.979560 0.010844 0.001890 0.000002 0.007703
0 0 0.971251 0.014151 0.003418 0.000011 0.011169
0 0 0.920729 0.047189 0.006561 0.000002 0.025519
0 0 0.946422 0.035386 0.004120 0.000002 0.014070
0 0 0.964404 0.020541 0.004387 0.000005 0.010663
0 0 0.907758 0.053906 0.011420 0.000018 0.026898
0 0 0.973635 0.017872 0.002008 0.000001 0.006484
0 0 0.962183 0.016138 0.003103 0.000005 0.018570
0 0 0.913837 0.038321 0.007616 0.000012 0.040214
0 0 0.952984 0.024656 0.004184 0.000003 0.018174
0 0 0.980662 0.012292 0.002032 0.000002 0.005012
0 0 0.958330 0.031115 0.003916 0.000001 0.006637
0 0 0.919442 0.050927 0.014083 0.000016 0.015533
0 0 0.950186 0.031584 0.009456 0.000005 0.008769
0 0 0.978711 0.009312 0.003046 0.000006 0.008926
0 0 0.976119 0.009483 0.002580 0.000003 0.011816
0 0 0.897480 0.043385 0.022152 0.000048 0.036936
0 0 0.948896 0.025354 0.010514 0.000123 0.015113
0 0 0.947460 0.031294 0.008522 0.000023 0.012700
0 0 0.977596 0.007103 0.003636 0.000009 0.011656
0 0 0.964209 0.004573 0.002016 0.000004 0.029198
0 0 0.953484 0.024254 0.006166 0.000007 0.016090
0 0 0.931961 0.048613 0.012882 0.000010 0.006533
0 0 0.978387 0.012657 0.003528 0.000013 0.005415
0 0 0.970829 0.017196 0.005347 0.000003 0.006625
0 0 0.975352 0.011774 0.004522 0.000030 0.008322
0 0 0.965708 0.013939 0.005373 0.000040 0.014940
0 0 0.965238 0.007013 0.002893 0.000017 0.024839
0 0 0.963802 0.014502 0.006615 0.000019 0.015062
0 0 0.973500 0.008491 0.003716 0.000013 0.014279
0 0 0.959438 0.018585 0.005714 0.000019 0.016245
0 0 0.973019 0.014447 0.004374 0.000007 0.008154
0 0 0.917895 0.024116 0.009340 0.000091 0.048557
0 0 0.975145 0.007761 0.003656 0.000026 0.013413
0 0 0.970492 0.010826 0.003730 0.000010 0.014942
0 0 0.950930 0.020487 0.005292 0.000005 0.023285
0 0 0.971342 0.010934 0.004990 0.000025 0.012709
0 0 0.956014 0.012351 0.004286 0.000019 0.027329
0 0 0.897248 0.042662 0.015403 0.000134 0.044553
0 0 0.952304 0.016876 0.007322 0.000050 0.023448
0 0 0.956738 0.023700 0.008069 0.000017 0.011476
0 0 0.952603 0.024246 0.006995 0.000009 0.016148
0 0 0.946219 0.031935 0.008324 0.000009 0.013513
0 0 0.968733 0.017231 0.006395 0.000017 0.007624
0 0 0.789806 0.179377 0.021030 0.000000 0.009786
0 0 0.957144 0.032134 0.005583 0.000000 0.005139
0 0 0.976345 0.009445 0.005643 0.000032 0.008535
0 0 0.898921 0.056607 0.017479 0.000040 0.026952
0 0 0.836165 0.143070 0.012538 0.000000 0.008228
0 0 0.927579 0.059436 0.005190 0.000000 0.007795
0 0 0.765733 0.194341 0.020076 0.000000 0.019850
0 0 0.914246 0.070058 0.006187 0.000000 0.009509
0 0 0.888028 0.094543 0.007660 0.000000 0.009768
0 0 0.933278 0.050611 0.006521 0.000001 0.009589
0 0 0.917781 0.071748 0.006432 0.000000 0.004039
0 0 0.979210 0.016469 0.001709 0.000000 0.002611
0 0 0.912047 0.074000 0.005776 0.000000 0.008176
0 0 0.914234 0.061381 0.008199 0.000000 0.016186
0 0 0.871587 0.108492 0.010856 0.000000 0.009065
0 0 0.967281 0.026534 0.003055 0.000000 0.003130
0 0 0.948351 0.030164 0.009843 0.000031 0.011611
0 0 0.924554 0.038827 0.017557 0.000160 0.018902
0 0 0.983167 0.007989 0.003250 0.000008 0.005587
0 0 0.965433 0.020397 0.005857 0.000005 0.008308
0 0 0.888076 0.080577 0.018195 0.000009 0.013143
0 0 0.952199 0.027242 0.009733 0.000022 0.010804
0 0 0.934742 0.037247 0.014344 0.000040 0.013627
0 0 0.973127 0.011889 0.004073 0.000008 0.010903
0 0 0.969739 0.013704 0.005740 0.000023 0.010793
0 0 0.969708 0.015282 0.004310 0.000005 0.010695
0 0 0.974077 0.014446 0.003962 0.000003 0.007511
0 0 0.949106 0.022358 0.008672 0.000024 0.019841
0 0 0.943636 0.027653 0.005842 0.000005 0.022864
0 0 0.969972 0.014712 0.004375 0.000008 0.010933
0 0 0.927720 0.042663 0.012037 0.000013 0.017566
0 0 0.976180 0.010807 0.003953 0.000009 0.009051
0 0 0.981040 0.008272 0.003517 0.000011 0.007161
0 0 0.975480 0.010221 0.003825 0.000006 0.010469
0 0 0.976094 0.012024 0.005045 0.000012 0.006825
0 0 0.938708 0.037527 0.005667 0.000002 0.018096
0 0 0.667913 0.264980 0.046498 0.000002 0.020607
0 0 0.755730 0.217640 0.019286 0.000000 0.007345
0 0 0.755473 0.216239 0.018337 0.000000 0.009951
0 0 0.925513 0.063345 0.004871 0.000000 0.006271
0 0 0.689990 0.270363 0.026901 0.000000 0.012746
0 0 0.780836 0.196400 0.018134 0.000000 0.004630
0 0 0.653781 0.298246 0.035821 0.000000 0.012152
0 0 0.712360 0.243039 0.030776 0.000000 0.013825
0 0 0.684981 0.269621 0.029405 0.000000 0.015993
0 0 0.723081 0.233332 0.026113 0.000001 0.017473
0 0 0.903830 0.079772 0.008828 0.000001 0.007570
0 0 0.870465 0.097815 0.016376 0.000001 0.015343
0 0 0.839915 0.135471 0.010243 0.000000 0.014371
0 0 0.642362 0.307346 0.028972 0.000000 0.021319
0 0 0.687171 0.270737 0.024647 0.000000 0.017445
0 0 0.578050 0.354285 0.043147 0.000000 0.024518
0 0 0.877910 0.105666 0.010197 0.000000 0.006226
0 0 0.669664 0.283141 0.021192 0.000000 0.026003
0 0 0.886738 0.094689 0.007882 0.000000 0.010691
0 0 0.729382 0.236857 0.018422 0.000000 0.015338
0 0 0.816747 0.165577 0.011438 0.000000 0.006238
0 0 0.890202 0.095694 0.007504 0.000000 0.006600
0 0 0.659258 0.294505 0.030570 0.000000 0.015666
0 0 0.517776 0.394873 0.065462 0.000000 0.021889
0 0 0.698367 0.263143 0.024837 0.000000 0.013653
1 1 0.366020 0.473669 0.134394 0.000000 0.025917
1 1 0.276387 0.499260 0.198528 0.000000 0.025825
1 1 0.252085 0.517175 0.193930 0.000000 0.036810
1 1 0.203234 0.520015 0.245875 0.000001 0.030875
1 1 0.171491 0.542188 0.218595 0.000001 0.067725
2 1 0.026258 0.281067 0.676833 0.000130 0.015713
1 2 0.109745 0.529200 0.291588 0.000008 0.069459
2 2 0.016063 0.257538 0.694099 0.000508 0.031791
2 2 0.000496 0.026365 0.967891 0.004404 0.000845
2 2 0.000778 0.035141 0.958883 0.003575 0.001623
2 2 0.009367 0.197822 0.769762 0.000234 0.022815
2 2 0.004001 0.115239 0.865753 0.000363 0.014643
2 2 0.004230 0.081112 0.879612 0.004548 0.030499
2 2 0.000392 0.010123 0.918644 0.069146 0.001695
2 2 0.001050 0.042938 0.936760 0.006453 0.012799
2 2 0.002407 0.048224 0.904449 0.033752 0.011168
2 2 0.004747 0.032999 0.906675 0.045055 0.010525
2 2 0.002546 0.020332 0.908335 0.064454 0.004334
2 2 0.000758 0.008334 0.859896 0.129361 0.001650
2 2 0.003095 0.028518 0.819788 0.140744 0.007854
2 2 0.001070 0.010523 0.627188 0.356838 0.004382
2 3 0.001663 0.009903 0.530523 0.451524 0.006388
2 3 0.003220 0.010763 0.564423 0.416054 0.005541
2 3 0.002579 0.011063 0.674308 0.310205 0.001845
3 3 0.000724 0.002614 0.124020 0.871746 0.000895
3 3 0.003228 0.010308 0.385599 0.596264 0.004602
3 3 0.001455 0.002613 0.143946 0.850797 0.001188
3 3 0.000896 0.002106 0.108892 0.885336 0.002771
3 3 0.000840 0.004937 0.210339 0.780742 0.003141
3 3 0.000748 0.005481 0.368143 0.623928 0.001700
3 3 0.000217 0.000989 0.118574 0.879648 0.000573
3 3 0.000735 0.001374 0.058140 0.939006 0.000744
3 3 0.000091 0.000275 0.031144 0.968318 0.000172
3 3 0.000269 0.000744 0.076349 0.922199 0.000439
3 3 0.001313 0.002285 0.071024 0.923902 0.001476
3 3 0.000217 0.000257 0.013710 0.985635 0.000181
3 3 0.000982 0.000710 0.024840 0.972900 0.000567
3 3 0.001931 0.003021 0.106016 0.886581 0.002450
3 3 0.000275 0.000574 0.027795 0.970961 0.000395
3 3 0.000034 0.000123 0.018445 0.981336 0.000062
3 3 0.000211 0.000333 0.017517 0.981704 0.000234
3 3 0.000049 0.000116 0.016505 0.983284 0.000046
3 3 0.000391 0.000402 0.013503 0.985309 0.000396
3 3 0.000554 0.001027 0.039434 0.958302 0.000682
3 3 0.000434 0.000428 0.014554 0.984245 0.000340
3 3 0.000050 0.000096 0.015205 0.984607 0.000041
3 3 0.000484 0.001078 0.061335 0.936552 0.000550
3 3 0.000221 0.000297 0.012804 0.986450 0.000228
3 3 0.000277 0.000421 0.019251 0.979789 0.000262
3 3 0.000126 0.000110 0.006191 0.993470 0.000103
3 3 0.000105 0.000093 0.005209 0.994518 0.000076
3 3 0.000043 0.000049 0.005452 0.994416 0.000040
3 3 0.000183 0.000181 0.009327 0.990142 0.000167
3 3 0.000129 0.000090 0.006747 0.992961 0.000073
3 3 0.000087 0.000055 0.003772 0.996028 0.000058
3 3 0.000030 0.000034 0.004707 0.995197 0.000032
3 3 0.000131 0.000121 0.007575 0.992041 0.000133
3 3 0.000268 0.000157 0.006796 0.992583 0.000197
3 3 0.000098 0.000142 0.009476 0.990166 0.000119
3 3 0.000692 0.000475 0.014602 0.983711 0.000521
3 3 0.000201 0.000187 0.008749 0.990674 0.000190
3 3 0.000366 0.000182 0.006678 0.992553 0.000221
3 3 0.000378 0.000288 0.008744 0.990333 0.000257
3 3 0.000098 0.000145 0.015516 0.984144 0.000098
3 3 0.000105 0.000126 0.011075 0.988627 0.000066
3 3 0.000114 0.000185 0.012235 0.987386 0.000080
3 3 0.000127 0.000155 0.007606 0.992006 0.000106
3 3 0.000106 0.000101 0.007141 0.992568 0.000085
3 3 0.000049 0.000057 0.004526 0.995328 0.000039
3 3 0.000088 0.000066 0.004576 0.995210 0.000061
3 3 0.000068 0.000088 0.006647 0.993129 0.000069
3 3 0.000116 0.000073 0.004498 0.995236 0.000077
3 3 0.000134 0.000130 0.007177 0.992471 0.000088
3 3 0.000150 0.000099 0.005210 0.994441 0.000100
3 3 0.000134 0.000160 0.007777 0.991823 0.000106
3 3 0.000279 0.000212 0.007546 0.991772 0.000191
3 3 0.000080 0.000088 0.005802 0.993960 0.000069
3 3 0.000459 0.000379 0.010411 0.988439 0.000312
3 3 0.000008 0.000011 0.003466 0.996511 0.000005
3 3 0.000245 0.000255 0.010994 0.988315 0.000191
3 3 0.000030 0.000037 0.004914 0.994998 0.000021
3 3 0.000211 0.000145 0.007290 0.992225 0.000129
3 3 0.000698 0.000505 0.012355 0.985936 0.000506
3 3 0.000128 0.000104 0.007332 0.992362 0.000074
3 3 0.000450 0.000361 0.010413 0.988444 0.000332
3 3 0.000178 0.000191 0.009081 0.990420 0.000130
3 3 0.000212 0.000160 0.006539 0.992942 0.000146
3 3 0.000140 0.000140 0.007018 0.992591 0.000111
3 3 0.000720 0.000372 0.008879 0.989595 0.000434
3 3 0.000438 0.000132 0.004582 0.994619 0.000229
3 3 0.001180 0.000878 0.014518 0.982647 0.000777
3 3 0.000548 0.000618 0.018204 0.980220 0.000411
3 3 0.000083 0.000078 0.004997 0.994780 0.000062
3 3 0.000579 0.000284 0.007528 0.991263 0.000345
3 3 0.001242 0.000710 0.012068 0.985181 0.000799
3 3 0.000189 0.000153 0.007277 0.992256 0.000124
3 3 0.000907 0.000845 0.018889 0.978460 0.000899
3 3 0.000065 0.000050 0.003931 0.995907 0.000046
3 3 0.000082 0.000098 0.010219 0.989532 0.000069
3 3 0.000258 0.000147 0.005824 0.993607 0.000163
3 3 0.000153 0.000104 0.005075 0.994565 0.000103
3 3 0.000263 0.000307 0.015265 0.983979 0.000186
3 3 0.000748 0.000632 0.015978 0.982072 0.000570
3 3 0.000052 0.000053 0.004730 0.995124 0.000040
3 3 0.000220 0.000181 0.007884 0.991524 0.000190
3 3 0.000156 0.000256 0.016944 0.982471 0.000172
3 3 0.000490 0.000357 0.009835 0.988991 0.000328
3 3 0.000161 0.000132 0.006269 0.993324 0.000114
3 3 0.000016 0.000012 0.002041 0.997920 0.000011
3 3 0.000431 0.000249 0.007441 0.991608 0.000270
3 3 0.000190 0.000109 0.004946 0.994634 0.000121
3 3 0.000217 0.000163 0.006601 0.992871 0.000149
3 3 0.000924 0.000398 0.008446 0.989707 0.000525
3 3 0.000568 0.000333 0.008450 0.990294 0.000355
3 3 0.000063 0.000169 0.017370 0.982336 0.000062
3 3 0.000064 0.000085 0.009157 0.990656 0.000038
3 3 0.000194 0.000189 0.009306 0.990190 0.000121
3 3 0.000275 0.000252 0.012511 0.986809 0.000153
3 3 0.000346 0.000271 0.008238 0.990907 0.000238
2 2 0.087566 0.121035 0.709584 0.076353 0.005461
3 2 0.005501 0.007313 0.215022 0.770585 0.001579
2 2 0.009442 0.037172 0.642380 0.303893 0.007112
2 2 0.010406 0.013241 0.601144 0.373208 0.002001
3 2 0.002478 0.003631 0.199288 0.794182 0.000420
2 2 0.006515 0.020992 0.634986 0.335946 0.001561
2 2 0.007233 0.013612 0.541118 0.434872 0.003164
3 2 0.004350 0.008398 0.343683 0.642204 0.001365
2 2 0.003143 0.011005 0.688737 0.295837 0.001278
2 2 0.002740 0.012450 0.533519 0.448559 0.002731
2 2 0.006866 0.031613 0.812260 0.142281 0.006979
2 2 0.005646 0.101956 0.822460 0.012018 0.057920
2 2 0.000218 0.006796 0.843548 0.147727 0.001711
2 2 0.000334 0.037150 0.942052 0.014210 0.006254
2 2 0.007646 0.085157 0.798396 0.015666 0.093135
2 2 0.001184 0.014540 0.848317 0.131850 0.004109
2 2 0.006613 0.137322 0.832167 0.001621 0.022277
2 2 0.009817 0.186582 0.785352 0.003977 0.014271
2 2 0.001177 0.028065 0.932661 0.036635 0.001462
2 2 0.012576 0.035762 0.741549 0.207226 0.002888
2 2 0.001111 0.032809 0.937050 0.028423 0.000607
2 2 0.002193 0.025496 0.910644 0.061078 0.000589
2 2 0.000117 0.003148 0.700405 0.296208 0.000122
2 2 0.000947 0.074703 0.903523 0.003189 0.017637
2 2 0.001191 0.030761 0.930144 0.027460 0.010445
2 2 0.002978 0.105939 0.800739 0.042223 0.048121
4 2 0.016062 0.250598 0.082497 0.000114 0.650729
2 2 0.001574 0.045348 0.895655 0.020646 0.036776
2 2 0.010431 0.288376 0.528804 0.001628 0.170761
1 2 0.027864 0.407559 0.335933 0.000135 0.228510
2 2 0.001777 0.089820 0.883065 0.011057 0.014281
1 2 0.015550 0.338689 0.321032 0.000340 0.324389
4 2 0.014292 0.244227 0.157201 0.000242 0.584038
4 2 0.017631 0.281116 0.105142 0.000095 0.596016
2 2 0.001685 0.121530 0.820249 0.009714 0.046822
2 2 0.004739 0.081408 0.814253 0.027877 0.071721
2 2 0.005661 0.188399 0.618051 0.001046 0.186843
2 2 0.000542 0.040759 0.911566 0.040294 0.006839
2 2 0.003797 0.190736 0.674181 0.000405 0.130881
2 2 0.002007 0.120069 0.826553 0.000663 0.050708
2 2 0.003683 0.149053 0.799855 0.007888 0.039520
2 2 0.000649 0.069519 0.897839 0.001852 0.030141
2 2 0.001529 0.096495 0.854940 0.002868 0.044167
2 2 0.001106 0.047286 0.902869 0.035616 0.013123
2 2 0.002520 0.076447 0.870245 0.007399 0.043389
2 2 0.000081 0.008100 0.972243 0.018587 0.000989
2 2 0.000868 0.009060 0.885569 0.103693 0.000811
2 2 0.023689 0.299329 0.648765 0.002718 0.025499
2 2 0.000389 0.026993 0.968633 0.002622 0.001363
2 2 0.000787 0.028188 0.965913 0.003036 0.002076
2 2 0.000546 0.029805 0.966283 0.001041 0.002325
2 2 0.001952 0.078383 0.909355 0.000650 0.009661
2 2 0.001792 0.082798 0.896424 0.009205 0.009781
2 2 0.016021 0.274167 0.560367 0.007119 0.142327
2 2 0.008464 0.110261 0.834984 0.010395 0.035897
2 2 0.000730 0.026072 0.906997 0.064461 0.001740
2 2 0.001478 0.062818 0.927374 0.001829 0.006501
2 2 0.008728 0.121812 0.817316 0.008281 0.043862
2 2 0.000814 0.021561 0.971298 0.005862 0.000466
2 2 0.002534 0.019869 0.752536 0.222230 0.002831
2 2 0.000541 0.014349 0.955048 0.027952 0.002111
2 2 0.000530 0.005971 0.772727 0.220323 0.000449
2 2 0.004396 0.032999 0.843983 0.114065 0.004557
2 2 0.003443 0.026288 0.901400 0.066889 0.001979
2 2 0.002170 0.018445 0.912217 0.064946 0.002222
2 2 0.001784 0.008474 0.686869 0.302412 0.000462
2 2 0.004325 0.021739 0.857648 0.112196 0.004092
2 2 0.013121 0.018167 0.683333 0.284200 0.001179
2 2 0.014315 0.039645 0.751981 0.186007 0.008051
2 2 0.008267 0.029802 0.875302 0.084732 0.001897
2 2 0.003129 0.012914 0.599958 0.383370 0.000629
2 2 0.002816 0.017346 0.593508 0.384604 0.001726
2 2 0.003673 0.020611 0.792729 0.181378 0.001609
2 2 0.003247 0.036850 0.917355 0.041252 0.001295
3 2 0.002301 0.009726 0.412820 0.573608 0.001545
2 2 0.003215 0.006923 0.558421 0.430913 0.000528
3 2 0.002810 0.006067 0.477993 0.512534 0.000597
2 2 0.002191 0.017843 0.620967 0.355085 0.003915
2 2 0.007965 0.016551 0.509353 0.463989 0.002142
2 2 0.002924 0.019548 0.618119 0.357289 0.002120
2 2 0.002897 0.013194 0.619955 0.362089 0.001865
2 2 0.006871 0.025052 0.694015 0.270995 0.003068
3 2 0.001625 0.004209 0.309907 0.683932 0.000327
2 2 0.004916 0.019762 0.637493 0.335621 0.002208
3 2 0.001876 0.004703 0.344883 0.648201 0.000337
3 2 0.003836 0.009793 0.338824 0.646208 0.001339
3 2 0.002599 0.004546 0.229583 0.762152 0.001119
3 2 0.004892 0.014638 0.379837 0.594501 0.006132
3 2 0.002189 0.007374 0.297521 0.690693 0.002223
3 2 0.001660 0.008015 0.304944 0.683736 0.001644
3 2 0.002675 0.010032 0.303990 0.680753 0.002550
3 2 0.001024 0.001971 0.129818 0.866673 0.000513
3 2 0.002232 0.006102 0.119493 0.869611 0.002561
3 3 0.000751 0.002924 0.166253 0.829184 0.000887
3 3 0.002606 0.008893 0.374834 0.611541 0.002126
3 3 0.002668 0.001790 0.058075 0.936775 0.000692
3 3 0.001237 0.003410 0.190396 0.803793 0.001165
3 3 0.001004 0.002821 0.144902 0.850844 0.000430
3 3 0.001447 0.004656 0.246794 0.746419 0.000684
3 3 0.000373 0.000807 0.056147 0.942451 0.000222
3 3 0.005443 0.011667 0.162131 0.813345 0.007415
3 3 0.000612 0.001773 0.086987 0.909992 0.000637
3 3 0.001850 0.005239 0.174005 0.817055 0.001852
3 3 0.001955 0.002475 0.079688 0.915223 0.000659
3 3 0.001426 0.001193 0.037525 0.959334 0.000522
3 3 0.017898 0.029671 0.293640 0.636458 0.022333
3 3 0.000266 0.000668 0.048090 0.950784 0.000192
3 2 0.009183 0.005208 0.067202 0.915448 0.002959
2 2 0.034153 0.046950 0.787430 0.129550 0.001918
2 2 0.011811 0.099356 0.836996 0.047404 0.004433
2 2 0.024487 0.076694 0.827221 0.062142 0.009457
2 2 0.022984 0.107161 0.833406 0.033668 0.002781
2 2 0.006462 0.027780 0.813789 0.150392 0.001577
2 2 0.001310 0.031758 0.931042 0.035326 0.000565
2 2 0.010094 0.087166 0.892672 0.008810 0.001257
2 2 0.005847 0.034085 0.911418 0.047893 0.000757
2 2 0.013840 0.041317 0.835173 0.106686 0.002983
2 2 0.048413 0.164947 0.778920 0.005996 0.001725
2 2 0.000295 0.022922 0.973887 0.001666 0.001230
2 2 0.000572 0.007864 0.910752 0.080414 0.000397
2 2 0.011729 0.101150 0.877657 0.007837 0.001628
2 2 0.006599 0.126317 0.854672 0.005915 0.006498
2 2 0.000875 0.020053 0.960761 0.018140 0.000172
2 2 0.003872 0.053048 0.926496 0.011156 0.005429
2 2 0.001179 0.030032 0.961728 0.006565 0.000496
2 2 0.026069 0.121984 0.837734 0.008570 0.005643
2 2 0.031254 0.263259 0.695175 0.000560 0.009752
2 2 0.002498 0.052753 0.937354 0.004811 0.002584
2 2 0.000790 0.020223 0.960710 0.018054 0.000224
2 2 0.000666 0.014822 0.929772 0.054517 0.000224
2 2 0.009747 0.142482 0.841889 0.001305 0.004577
2 2 0.005933 0.059906 0.909829 0.022603 0.001729
2 2 0.041112 0.354487 0.576859 0.000119 0.027423
2 2 0.009251 0.043385 0.898282 0.047115 0.001967
2 2 0.008650 0.165500 0.813287 0.000275 0.012287
2 2 0.000938 0.021862 0.956420 0.020536 0.000245
2 2 0.001311 0.011538 0.960865 0.026121 0.000166
2 2 0.000519 0.022004 0.973973 0.003017 0.000486
2 2 0.000719 0.022833 0.963549 0.012609 0.000289
2 2 0.002750 0.034701 0.922766 0.039390 0.000393
2 2 0.000696 0.019483 0.974601 0.005038 0.000182
2 2 0.001610 0.027307 0.961834 0.008744 0.000505
2 2 0.001535 0.043009 0.945908 0.008617 0.000931
2 2 0.001441 0.037989 0.949926 0.009918 0.000727
2 2 0.002144 0.008300 0.794377 0.195011 0.000169
2 2 0.000562 0.020742 0.972107 0.006209 0.000380
2 2 0.001387 0.026020 0.955742 0.016437 0.000414
2 2 0.117580 0.407153 0.464149 0.000344 0.010774
2 2 0.048530 0.416599 0.482127 0.000029 0.052715
2 2 0.001518 0.066624 0.922525 0.002202 0.007131
2 2 0.005041 0.045261 0.901837 0.038316 0.009545
2 2 0.000213 0.008716 0.971262 0.019637 0.000173
2 2 0.000578 0.023000 0.957846 0.018114 0.000463
2 2 0.007384 0.047091 0.904617 0.039599 0.001308
2 2 0.002604 0.037135 0.926088 0.029198 0.004976
2 2 0.000201 0.005809 0.904225 0.089674 0.000091
2 2 0.000337 0.026458 0.969382 0.001488 0.002335
2 2 0.000348 0.022933 0.970174 0.005613 0.000933
2 2 0.000080 0.003099 0.890615 0.106182 0.000024
2 2 0.000950 0.022820 0.929415 0.046133 0.000682
2 2 0.001572 0.009364 0.917099 0.071870 0.000095
2 2 0.000514 0.008883 0.838579 0.151906 0.000118
2 2 0.001461 0.047761 0.947308 0.000575 0.002895
2 2 0.000262 0.006796 0.953311 0.039357 0.000274
2 2 0.000125 0.008598 0.946828 0.044055 0.000394
2 2 0.001569 0.026870 0.903306 0.060634 0.007621
2 2 0.001328 0.007993 0.826257 0.163995 0.000428
2 2 0.000447 0.021971 0.947337 0.028840 0.001404
2 2 0.009755 0.268004 0.568981 0.000325 0.152934
1 2 0.070242 0.463464 0.416287 0.000051 0.049957
2 2 0.028266 0.394869 0.422833 0.000305 0.153727
2 2 0.000829 0.021712 0.940007 0.035596 0.001856
4 2 0.033961 0.364059 0.127050 0.000019 0.474910
2 2 0.003570 0.154932 0.796026 0.000513 0.044958
2 2 0.004310 0.201597 0.680846 0.000392 0.112855
2 2 0.002616 0.144766 0.769497 0.000353 0.082767
4 2 0.021595 0.288094 0.094926 0.000046 0.595340
4 4 0.031884 0.352331 0.127858 0.000015 0.487912
4 4 0.027041 0.339710 0.154224 0.000092 0.478933
4 4 0.027956 0.347996 0.148828 0.000018 0.475203
4 4 0.024406 0.329734 0.133478 0.000009 0.512373
2 4 0.010909 0.287368 0.490711 0.000150 0.210862
4 4 0.025035 0.316058 0.113676 0.000011 0.545220
4 4 0.029872 0.306640 0.091609 0.000003 0.571875
4 4 0.024551 0.296221 0.091679 0.000035 0.587514
4 4 0.023758 0.058683 0.016079 0.000015 0.901465
4 4 0.044062 0.117246 0.025466 0.000009 0.813218
4 4 0.045860 0.263345 0.324239 0.000020 0.366537
4 4 0.056448 0.398678 0.115427 0.000001 0.429447
4 4 0.008615 0.245958 0.190073 0.000044 0.555309
4 4 0.046615 0.071539 0.017007 0.000056 0.864784
4 4 0.024084 0.277987 0.080172 0.000015 0.617741
4 4 0.082174 0.144513 0.028395 0.000041 0.744876
4 4 0.029122 0.304519 0.085377 0.000024 0.580959
4 4 0.034695 0.176890 0.057326 0.000136 0.730953
4 4 0.030558 0.360849 0.143093 0.000012 0.465487
4 4 0.036687 0.132927 0.048146 0.000140 0.782101
4 4 0.038490 0.349314 0.102220 0.000007 0.509969
4 4 0.169120 0.082884 0.027499 0.000571 0.719925
4 4 0.055993 0.069013 0.017055 0.000194 0.857745
4 4 0.067247 0.086649 0.033376 0.000130 0.812598
4 4 0.024067 0.352357 0.247823 0.000003 0.375750
4 4 0.059347 0.123689 0.029108 0.000019 0.787837
4 4 0.092024 0.052378 0.018770 0.000202 0.836626
4 4 0.056207 0.112649 0.025273 0.000171 0.805699
4 4 0.091476 0.078070 0.019658 0.000041 0.810755
4 4 0.046165 0.084818 0.023261 0.000057 0.845698
1 4 0.103248 0.428642 0.077331 0.000007 0.390771
1 4 0.058783 0.418282 0.149042 0.000004 0.373890
4 4 0.015489 0.241331 0.086902 0.000003 0.656274
4 4 0.013904 0.233302 0.086428 0.000005 0.666360
4 4 0.021012 0.256541 0.074894 0.000007 0.647546
4 4 0.018121 0.285789 0.271356 0.000383 0.424351
4 4 0.021592 0.274889 0.082536 0.000054 0.620928
2 4 0.008123 0.269631 0.408310 0.000571 0.313365
4 4 0.009692 0.255642 0.298993 0.000216 0.435457
4 4 0.009052 0.077232 0.041725 0.000138 0.871853
4 4 0.043051 0.080590 0.019835 0.000023 0.856501
4 4 0.011081 0.287938 0.264278 0.000039 0.436664
4 4 0.010071 0.221346 0.098358 0.000016 0.670209
4 4 0.017387 0.272041 0.100780 0.000032 0.609760
4 2 0.016752 0.317392 0.219221 0.000010 0.446624
4 2 0.014547 0.251502 0.102522 0.000005 0.631423
4 2 0.013592 0.248663 0.237283 0.000424 0.500038
4 2 0.013532 0.282849 0.201257 0.000047 0.502315
4 2 0.012794 0.282116 0.170537 0.000098 0.534455
4 2 0.006517 0.247961 0.361439 0.000171 0.383913
2 2 0.000947 0.094464 0.806375 0.000644 0.097571
2 2 0.005433 0.241337 0.519619 0.000805 0.232806
4 2 0.009262 0.233314 0.350794 0.001481 0.405150
2 2 0.000509 0.068098 0.891979 0.001553 0.037861
2 2 0.003357 0.100054 0.715398 0.000430 0.180761
2 2 0.000044 0.010706 0.983544 0.003112 0.002594
2 2 0.000439 0.062693 0.893400 0.002292 0.041176
2 2 0.001439 0.025821 0.951726 0.012514 0.008501
2 2 0.000170 0.025759 0.966828 0.000615 0.006629
2 2 0.000224 0.024855 0.943657 0.019402 0.011862
2 2 0.000109 0.020907 0.970505 0.004318 0.004161
2 2 0.000174 0.014593 0.968664 0.004207 0.012362
2 2 0.000136 0.023436 0.966366 0.004225 0.005837
2 2 0.000863 0.072921 0.882829 0.000098 0.043288
2 2 0.000395 0.066660 0.853389 0.000160 0.079396
2 2 0.000965 0.085034 0.831077 0.000031 0.082893
2 2 0.002001 0.122116 0.749563 0.000684 0.125635
2 2 0.000708 0.060633 0.914382 0.000164 0.024113
2 2 0.001061 0.057563 0.875405 0.000088 0.065883
2 2 0.000408 0.043066 0.926465 0.000341 0.029719
2 2 0.000260 0.037551 0.941516 0.001417 0.019256
2 2 0.000550 0.036343 0.945927 0.003398 0.013782
2 2 0.000881 0.020291 0.954590 0.010221 0.014017
2 2 0.000161 0.029326 0.958311 0.001675 0.010527
2 2 0.000317 0.012025 0.973624 0.009646 0.004387
2 2 0.000086 0.011272 0.982114 0.004167 0.002362
2 2 0.000780 0.056068 0.898488 0.000529 0.044135
2 2 0.000032 0.004049 0.955218 0.039410 0.001291
2 2 0.001348 0.026939 0.880851 0.053384 0.037477
2 2 0.001131 0.016640 0.879172 0.084372 0.018684
2 2 0.000269 0.005896 0.732957 0.255288 0.005589
2 2 0.001936 0.033900 0.901150 0.050310 0.012705
2 2 0.000265 0.007535 0.965511 0.024108 0.002581
2 2 0.000617 0.015431 0.924059 0.048368 0.011525
2 2 0.001356 0.014976 0.913522 0.062626 0.007520
2 2 0.002071 0.008732 0.696203 0.287884 0.005111
2 2 0.004447 0.019950 0.813618 0.092756 0.069229
2 2 0.000390 0.011564 0.928500 0.051591 0.007954
2 2 0.000451 0.006031 0.639468 0.348052 0.005997
2 2 0.001365 0.007060 0.516627 0.467116 0.007831
2 2 0.000230 0.003791 0.818300 0.173458 0.004221
3 2 0.000712 0.003753 0.442486 0.551869 0.001180
2 2 0.002291 0.014019 0.606033 0.363059 0.014597
3 2 0.000612 0.004041 0.310839 0.680922 0.003587
2 2 0.004900 0.015177 0.644835 0.304183 0.030905
2 2 0.001645 0.007259 0.508742 0.480764 0.001590
3 2 0.000669 0.002968 0.270114 0.724773 0.001477
3 2 0.000254 0.003627 0.449415 0.543833 0.002871
3 2 0.000174 0.001767 0.259102 0.737108 0.001849
3 3 0.000757 0.002468 0.142872 0.851122 0.002781
3 3 0.001050 0.006743 0.345844 0.641535 0.004828
3 3 0.000971 0.001392 0.046919 0.949625 0.001093
3 3 0.001481 0.007000 0.179494 0.809122 0.002903
3 3 0.000976 0.001017 0.038488 0.958670 0.000850
3 3 0.001813 0.005888 0.112929 0.873211 0.006158
3 3 0.001386 0.005928 0.173074 0.812566 0.007046
3 3 0.000280 0.000623 0.045625 0.953122 0.000350
3 3 0.000221 0.001700 0.094723 0.902307 0.001049
3 3 0.000473 0.001867 0.120416 0.876199 0.001045
3 3 0.000909 0.002405 0.076999 0.918845 0.000842
3 3 0.000315 0.001071 0.059839 0.938188 0.000586
3 3 0.005029 0.012672 0.193822 0.781344 0.007132
3 3 0.000113 0.000437 0.051102 0.948209 0.000139
3 3 0.000475 0.001020 0.030338 0.967412 0.000756
3 3 0.001106 0.001593 0.052685 0.943976 0.000640
3 3 0.010286 0.020935 0.377977 0.584500 0.006303
2 3 0.001745 0.011989 0.754310 0.230951 0.001005
3 3 0.000654 0.001613 0.213281 0.784297 0.000155
2 3 0.005023 0.062661 0.734269 0.187195 0.010853
3 3 0.000691 0.008841 0.404690 0.583810 0.001967
3 3 0.001410 0.010292 0.460354 0.525988 0.001956
3 3 0.005588 0.007907 0.229539 0.753375 0.003592
3 3 0.001508 0.008202 0.394335 0.593783 0.002172
3 3 0.001660 0.010642 0.276448 0.709441 0.001809
2 3 0.001441 0.011085 0.543316 0.442474 0.001686
3 3 0.001941 0.006337 0.298334 0.692444 0.000944
3 3 0.000843 0.002217 0.208221 0.788283 0.000435
3 3 0.002572 0.003381 0.224830 0.768644 0.000574
3 3 0.001251 0.003878 0.160459 0.833456 0.000957
2 3 0.012326 0.028531 0.605500 0.349630 0.004013
2 2 0.022620 0.058552 0.763468 0.149013 0.006347
2 2 0.008282 0.032371 0.719563 0.234637 0.005148
2 2 0.009707 0.072957 0.865677 0.047622 0.004037
2 2 0.004006 0.045712 0.910891 0.037211 0.002180
2 2 0.003671 0.009304 0.541121 0.445240 0.000663
2 2 0.008336 0.023205 0.849566 0.116116 0.002777
2 2 0.013166 0.045490 0.840281 0.099208 0.001854
2 2 0.006189 0.064405 0.921331 0.004292 0.003783
2 2 0.001223 0.034458 0.959771 0.003844 0.000703
2 2 0.009900 0.069322 0.914470 0.004276 0.002031
2 2 0.003929 0.073881 0.917467 0.002280 0.002443
2 2 0.003640 0.076761 0.910754 0.004925 0.003920
2 2 0.002131 0.032647 0.938532 0.025748 0.000943
2 2 0.010597 0.063709 0.881837 0.039116 0.004741
2 2 0.005147 0.083724 0.906923 0.001331 0.002876
2 2 0.003650 0.036884 0.829281 0.128610 0.001574
2 2 0.001224 0.013748 0.792288 0.192506 0.000233
2 2 0.007799 0.021984 0.572947 0.395887 0.001383
2 2 0.009069 0.066913 0.851381 0.069638 0.002998
3 2 0.000541 0.002706 0.382258 0.614401 0.000095
2 2 0.006099 0.029967 0.809855 0.152936 0.001143
2 2 0.005367 0.044815 0.849919 0.095100 0.004798
3 2 0.001424 0.006801 0.349926 0.641288 0.000561
2 2 0.001976 0.012220 0.799216 0.186386 0.000203
2 2 0.009110 0.018074 0.534763 0.436565 0.001488
2 2 0.003700 0.011223 0.586040 0.398014 0.001023
2 2 0.006746 0.024126 0.627030 0.340990 0.001108
2 2 0.002018 0.024239 0.705598 0.266474 0.001670
3 2 0.004010 0.010441 0.450000 0.534829 0.000721
2 2 0.005686 0.027991 0.826203 0.139384 0.000736
3 2 0.003582 0.008742 0.478042 0.509155 0.000479
2 2 0.001462 0.007096 0.561617 0.429484 0.000341
2 2 0.000867 0.005515 0.572765 0.420683 0.000170
2 2 0.004055 0.029867 0.710437 0.252127 0.003514
3 2 0.000525 0.002630 0.312221 0.684520 0.000103
2 2 0.004139 0.011618 0.498597 0.485055 0.000590
2 2 0.001103 0.012681 0.693577 0.292036 0.000604
3 2 0.002824 0.005576 0.278349 0.712694 0.000557
2 2 0.002335 0.014646 0.743260 0.239109 0.000651
2 2 0.003659 0.022091 0.649741 0.323016 0.001494
2 2 0.008601 0.023978 0.626263 0.337485 0.003673
2 2 0.003363 0.014227 0.543731 0.437720 0.000959
2 2 0.003432 0.010586 0.589729 0.395828 0.000424
2 2 0.002473 0.012492 0.583396 0.400840 0.000799
2 2 0.002421 0.009673 0.574373 0.412971 0.000562
2 2 0.003478 0.019206 0.529047 0.444296 0.003973
2 2 0.002618 0.011244 0.492741 0.492474 0.000922
2 2 0.121682 0.146117 0.691676 0.033311 0.007214
2 2 0.031262 0.117426 0.805847 0.042537 0.002927
2 2 0.021855 0.115720 0.841297 0.019320 0.001807
2 2 0.032348 0.254696 0.703139 0.000591 0.009226
2 2 0.001435 0.005690 0.573309 0.419277 0.000289
2 2 0.000534 0.013388 0.885277 0.100573 0.000227
2 2 0.003723 0.025818 0.950740 0.018831 0.000888
2 2 0.002415 0.062760 0.931047 0.000977 0.002801
2 2 0.000445 0.018181 0.980289 0.000794 0.000292
2 2 0.003804 0.025591 0.857005 0.113121 0.000479
2 2 0.002204 0.036832 0.945205 0.014074 0.001685
2 2 0.000499 0.007053 0.869491 0.122900 0.000057
2 2 0.002188 0.044822 0.944295 0.007958 0.000736
2 2 0.001001 0.031630 0.951807 0.014321 0.001241
2 2 0.005894 0.041021 0.907782 0.043955 0.001347
2 2 0.003404 0.076613 0.908225 0.009088 0.002670
2 2 0.000789 0.015620 0.899250 0.083950 0.000392
2 2 0.003756 0.013043 0.876808 0.105964 0.000429
2 2 0.004340 0.034144 0.916740 0.043347 0.001429
2 2 0.003050 0.016213 0.864418 0.115965 0.000354
2 2 0.002348 0.047619 0.928732 0.020473 0.000827
2 2 0.000733 0.007077 0.744936 0.246952 0.000303
2 2 0.003977 0.064630 0.927065 0.003114 0.001214
2 2 0.009838 0.026130 0.790134 0.172739 0.001159
2 2 0.008289 0.089129 0.879376 0.019473 0.003734
2 2 0.000819 0.017191 0.957196 0.024530 0.000263
2 2 0.003295 0.044826 0.895193 0.054461 0.002225
2 2 0.000752 0.021293 0.956733 0.020985 0.000238
2 2 0.000488 0.015965 0.936402 0.046858 0.000287
2 2 0.005472 0.084592 0.904638 0.002631 0.002667
2 2 0.034492 0.038092 0.732062 0.193264 0.002089
2 2 0.021542 0.238164 0.726323 0.001368 0.012604
2 2 0.001318 0.008716 0.837602 0.152047 0.000317
2 2 0.001209 0.029589 0.957519 0.011257 0.000427
2 2 0.000354 0.018107 0.967175 0.013980 0.000385
2 2 0.000973 0.006290 0.788396 0.204238 0.000103
2 2 0.000860 0.028200 0.955878 0.014574 0.000488
2 2 0.001717 0.010342 0.796161 0.191420 0.000359
2 2 0.000541 0.011934 0.904888 0.082392 0.000245
2 2 0.000515 0.032536 0.963945 0.000240 0.002765
2 2 0.007326 0.057025 0.900585 0.033151 0.001914
2 2 0.000667 0.008324 0.847647 0.143147 0.000215
2 2 0.000782 0.020782 0.959737 0.018483 0.000216
2 2 0.022259 0.101466 0.862817 0.011762 0.001695
2 2 0.132875 0.322587 0.533140 0.000412 0.010985
2 2 0.024322 0.218943 0.746912 0.002982 0.006841
2 2 0.000356 0.006228 0.893238 0.100022 0.000156
2 2 0.001980 0.028042 0.932762 0.036190 0.001025
2 2 0.000408 0.014032 0.976652 0.008797 0.000111
2 2 0.001063 0.029201 0.956234 0.012974 0.000527
2 2 0.000415 0.014088 0.980160 0.005201 0.000136
2 2 0.000557 0.022101 0.975788 0.001217 0.000337
2 2 0.000797 0.015390 0.917247 0.066301 0.000265
2 2 0.001493 0.046416 0.926123 0.022177 0.003790
2 2 0.004332 0.051225 0.932600 0.010809 0.001034
2 2 0.030559 0.290875 0.661207 0.000152 0.017207
2 2 0.002202 0.046621 0.940869 0.009569 0.000740
2 2 0.001747 0.024615 0.948145 0.025154 0.000339
2 2 0.000720 0.023449 0.962658 0.012786 0.000388
2 2 0.002345 0.062277 0.932243 0.000625 0.002510
2 2 0.000486 0.017297 0.955827 0.026074 0.000317
2 2 0.040963 0.118162 0.823339 0.011907 0.005630
2 2 0.057591 0.386651 0.531915 0.000021 0.023822
2 2 0.000858 0.023305 0.972018 0.003569 0.000251
2 2 0.000155 0.006431 0.955211 0.038165 0.000038
2 2 0.000790 0.025918 0.956507 0.015540 0.001244
2 2 0.004457 0.185840 0.730890 0.003289 0.075525
2 2 0.011994 0.307011 0.461347 0.000349 0.219299
2 2 0.003623 0.095007 0.839814 0.015497 0.046059
4 2 0.019755 0.343958 0.268532 0.000062 0.367694
2 2 0.003105 0.150500 0.783997 0.001583 0.060814
4 2 0.024072 0.273364 0.078153 0.000008 0.624403
2 4 0.010547 0.299038 0.418071 0.000424 0.271921
4 4 0.017036 0.277129 0.108141 0.000035 0.597659
4 4 0.018587 0.054088 0.029847 0.000446 0.897033
4 4 0.017834 0.323230 0.195745 0.000039 0.463152
4 4 0.034590 0.382472 0.150432 0.000010 0.432495
4 4 0.036895 0.234952 0.044072 0.000015 0.684065
4 4 0.045817 0.357161 0.092211 0.000008 0.504804
4 4 0.018628 0.321843 0.203485 0.000107 0.455937
2 4 0.021614 0.295078 0.374589 0.001192 0.307528
4 4 0.029751 0.154866 0.084389 0.000172 0.730822
4 4 0.019363 0.197985 0.062113 0.000037 0.720501
4 4 0.026746 0.244338 0.072792 0.000101 0.656023
4 4 0.034125 0.278086 0.073855 0.000043 0.613891
4 4 0.025579 0.330896 0.119926 0.000063 0.523536
4 4 0.019456 0.254801 0.074103 0.000047 0.651593
4 4 0.028432 0.167238 0.051963 0.000064 0.752303
4 4 0.031488 0.348899 0.122768 0.000034 0.496811
4 4 0.026085 0.125699 0.039420 0.000160 0.808635
4 4 0.030528 0.311888 0.115946 0.000033 0.541604
4 4 0.025401 0.265949 0.070307 0.000004 0.638339
4 4 0.029787 0.324503 0.104390 0.000009 0.541311
4 4 0.030408 0.348722 0.147885 0.000007 0.472977
4 4 0.028380 0.267930 0.063529 0.000007 0.640153
4 4 0.037667 0.243374 0.057755 0.000141 0.661063
4 4 0.059733 0.101820 0.027620 0.000309 0.810518
4 4 0.053575 0.400115 0.112332 0.000010 0.433968
4 4 0.013018 0.272037 0.136132 0.000024 0.578791
4 4 0.021150 0.288250 0.098125 0.000034 0.592442
4 4 0.023262 0.269987 0.076939 0.000012 0.629800
4 4 0.021579 0.295313 0.104220 0.000026 0.578861
4 4 0.022779 0.320453 0.137447 0.000050 0.519271
