0 0 0.945388 0.029541 0.009589 0.000812 0.014671
0 0 0.949293 0.025378 0.009166 0.001322 0.014840
0 0 0.935492 0.039448 0.010429 0.000318 0.014314
0 0 0.950050 0.024526 0.009073 0.001475 0.014876
0 0 0.949297 0.025374 0.009165 0.001323 0.014840
0 0 0.933939 0.040974 0.010542 0.000281 0.014263
0 0 0.932927 0.041968 0.010615 0.000259 0.014231
0 0 0.934627 0.040299 0.010493 0.000296 0.014285
0 0 0.930039 0.044799 0.010812 0.000209 0.014141
0 0 0.941897 0.033091 0.009913 0.000563 0.014536
0 0 0.947787 0.027021 0.009339 0.001082 0.014772
0 0 0.933543 0.041364 0.010571 0.000272 0.014250
0 0 0.914199 0.060292 0.011735 0.000078 0.013696
0 0 0.929358 0.045465 0.010857 0.000199 0.014120
0 0 0.941126 0.033865 0.009980 0.000522 0.014508
0 0 0.932405 0.042480 0.010651 0.000249 0.014214
0 0 0.950593 0.023899 0.009002 0.001602 0.014903
0 0 0.941952 0.033036 0.009908 0.000566 0.014538
0 0 0.939467 0.035519 0.010119 0.000447 0.014448
0 0 0.943417 0.031557 0.009776 0.000657 0.014593
0 0 0.942580 0.032403 0.009852 0.000603 0.014561
0 0 0.945616 0.029304 0.009566 0.000834 0.014680
0 0 0.946777 0.028092 0.009447 0.000955 0.014728
0 0 0.923758 0.050738 0.011278 0.000146 0.014079
0 0 0.901255 0.072989 0.012343 0.000041 0.013372
0 0 0.917423 0.057136 0.011566 0.000093 0.013781
0 0 0.941052 0.033938 0.009986 0.000519 0.014505
0 0 0.949853 0.024750 0.009097 0.001433 0.014867
0 0 0.949399 0.025261 0.009153 0.001342 0.014845
0 0 0.950878 0.023564 0.008964 0.001675 0.014918
0 0 0.950557 0.023941 0.009007 0.001593 0.014902
0 0 0.948490 0.026261 0.009260 0.001185 0.014803
0 0 0.952483 0.021562 0.008727 0.002221 0.015007
0 0 0.922778 0.050684 0.011688 0.000187 0.014663
0 0 0.946096 0.028806 0.009518 0.000881 0.014700
0 0 0.949479 0.025171 0.009143 0.001358 0.014849
0 0 0.937290 0.037675 0.010292 0.000369 0.014373
0 0 0.929469 0.045357 0.010850 0.000201 0.014124
0 0 0.942750 0.032232 0.009837 0.000613 0.014568
0 0 0.941977 0.033011 0.009906 0.000567 0.014539
0 0 0.911488 0.060250 0.012889 0.000148 0.015224
0 1 0.823910 0.121531 0.023517 0.000166 0.030876
0 1 0.609233 0.283050 0.042881 0.000025 0.064811
0 1 0.584241 0.328575 0.053450 0.000182 0.033552
1 1 0.415039 0.435240 0.115828 0.000447 0.033446
0 1 0.464739 0.398400 0.072835 0.000059 0.063968
0 1 0.429135 0.338208 0.155207 0.004364 0.073086
1 1 0.387569 0.465127 0.093799 0.000072 0.053434
2 2 0.037146 0.303806 0.481057 0.030294 0.147697
2 2 0.034322 0.287941 0.552621 0.032023 0.093093
4 2 0.017492 0.125623 0.090490 0.001020 0.765376
2 2 0.001144 0.058265 0.833756 0.036457 0.070379
2 2 0.003497 0.072666 0.877336 0.011364 0.035138
0 1 0.843030 0.127147 0.016994 0.000009 0.012820
2 1 0.090033 0.372842 0.515135 0.005240 0.016750
0 1 0.730854 0.205321 0.040914 0.000018 0.022893
0 1 0.746737 0.205023 0.027472 0.000046 0.020721
0 1 0.515585 0.282115 0.177182 0.001645 0.023473
1 1 0.296928 0.460531 0.194664 0.000138 0.047740
2 1 0.056522 0.292172 0.565491 0.059674 0.026140
1 1 0.175290 0.509194 0.294162 0.001360 0.019993
2 2 0.011577 0.142183 0.711736 0.063695 0.070809
2 2 0.002459 0.055882 0.912958 0.020382 0.008319
2 2 0.008467 0.110873 0.857727 0.005174 0.017759
2 2 0.009329 0.164414 0.780134 0.009049 0.037074
2 2 0.000000 0.000509 0.992479 0.006741 0.000271
2 2 0.000896 0.013674 0.951560 0.004352 0.029517
1 1 0.263537 0.453595 0.262101 0.001021 0.019747
2 2 0.001164 0.051657 0.918032 0.001681 0.027466
1 2 0.174852 0.399781 0.384294 0.001669 0.039404
2 2 0.004336 0.055952 0.912203 0.015715 0.011794
2 2 0.042559 0.376536 0.461898 0.009268 0.109739
2 2 0.000299 0.016539 0.960136 0.005070 0.017956
0 0 0.689105 0.233188 0.054613 0.000031 0.023062
0 0 0.873501 0.100378 0.013359 0.000013 0.012748
0 0 0.824513 0.143595 0.019096 0.000007 0.012788
0 0 0.857622 0.116137 0.013813 0.000008 0.012420
0 0 0.929792 0.045040 0.010829 0.000205 0.014134
0 0 0.922330 0.052338 0.011291 0.000125 0.013916
0 0 0.918376 0.056204 0.011514 0.000098 0.013807
0 0 0.922997 0.051685 0.011252 0.000130 0.013935
0 0 0.913384 0.054127 0.017260 0.000309 0.014920
0 0 0.856670 0.114095 0.016207 0.000013 0.013014
0 0 0.904516 0.063635 0.014967 0.000235 0.016648
0 0 0.884957 0.089047 0.012979 0.000020 0.012997
0 0 0.914999 0.059509 0.011694 0.000081 0.013717
0 0 0.881572 0.084894 0.016288 0.000123 0.017122
0 0 0.897659 0.076526 0.012495 0.000034 0.013286
0 0 0.918294 0.056285 0.011519 0.000098 0.013805
0 0 0.915039 0.056313 0.012843 0.000205 0.015599
0 0 0.922467 0.052204 0.011283 0.000126 0.013920
0 0 0.929592 0.045236 0.010842 0.000203 0.014128
0 0 0.918217 0.056360 0.011523 0.000097 0.013803
0 0 0.884017 0.088539 0.013639 0.000029 0.013776
0 0 0.904995 0.066275 0.013372 0.000116 0.015242
0 0 0.914332 0.060162 0.011729 0.000078 0.013699
0 0 0.922489 0.052182 0.011282 0.000126 0.013921
0 0 0.928091 0.046705 0.010940 0.000182 0.014082
0 0 0.923103 0.051582 0.011246 0.000131 0.013938
0 0 0.902243 0.068206 0.013811 0.000124 0.015616
0 0 0.937042 0.037920 0.010311 0.000361 0.014365
0 0 0.934406 0.040516 0.010509 0.000291 0.014278
0 0 0.847367 0.110898 0.021131 0.000182 0.020422
0 0 0.924933 0.049793 0.011137 0.000147 0.013990
0 0 0.939241 0.035743 0.010137 0.000438 0.014441
0 0 0.918643 0.055943 0.011500 0.000100 0.013814
0 0 0.931529 0.043338 0.010712 0.000233 0.014187
0 0 0.916302 0.057929 0.011740 0.000096 0.013934
0 0 0.922460 0.049042 0.012679 0.000320 0.015498
0 0 0.894691 0.072735 0.017772 0.000105 0.014697
0 0 0.867823 0.105179 0.014175 0.000013 0.012810
0 0 0.908522 0.065855 0.012015 0.000058 0.013550
0 0 0.926843 0.047925 0.011019 0.000167 0.014046
0 0 0.925794 0.048951 0.011084 0.000156 0.014015
0 0 0.945471 0.029455 0.009580 0.000820 0.014674
0 0 0.926403 0.046549 0.011641 0.000283 0.015123
0 0 0.886052 0.086581 0.013540 0.000031 0.013796
0 0 0.939219 0.035765 0.010139 0.000437 0.014440
0 0 0.933978 0.040937 0.010540 0.000281 0.014264
0 0 0.894898 0.079243 0.012606 0.000031 0.013222
0 0 0.869818 0.075741 0.017002 0.000145 0.037294
0 0 0.931036 0.043822 0.010745 0.000225 0.014172
0 0 0.895636 0.071795 0.017697 0.000110 0.014763
0 0 0.922520 0.052152 0.011280 0.000126 0.013921
0 0 0.909900 0.064504 0.011949 0.000062 0.013585
0 0 0.904790 0.069516 0.012188 0.000048 0.013458
0 0 0.924136 0.050572 0.011185 0.000140 0.013967
0 0 0.931275 0.043588 0.010729 0.000229 0.014179
0 0 0.921858 0.052465 0.011437 0.000135 0.014104
0 0 0.945451 0.029475 0.009582 0.000818 0.014673
0 0 0.939496 0.035490 0.010116 0.000449 0.014450
0 0 0.937990 0.036983 0.010237 0.000392 0.014397
0 0 0.927861 0.046929 0.010954 0.000179 0.014076
0 0 0.944014 0.030950 0.009721 0.000699 0.014616
0 0 0.939947 0.035041 0.010079 0.000468 0.014465
0 0 0.902840 0.071432 0.012274 0.000044 0.013410
0 0 0.933408 0.041496 0.010581 0.000269 0.014246
0 0 0.920990 0.053648 0.011369 0.000115 0.013879
0 0 0.920406 0.054219 0.011402 0.000111 0.013863
0 0 0.918367 0.054485 0.012138 0.000166 0.014844
0 0 0.931931 0.041526 0.011115 0.000375 0.015053
0 0 0.933681 0.041229 0.010561 0.000275 0.014255
0 0 0.914600 0.059899 0.011715 0.000079 0.013706
0 0 0.941541 0.033448 0.009944 0.000544 0.014523
0 0 0.912816 0.056825 0.013559 0.000284 0.016517
0 0 0.925894 0.047101 0.011660 0.000269 0.015076
0 0 0.924687 0.050033 0.011152 0.000145 0.013983
0 0 0.940609 0.033436 0.010252 0.000671 0.015032
0 0 0.922852 0.051827 0.011261 0.000129 0.013931
0 0 0.911030 0.063396 0.011894 0.000066 0.013614
0 0 0.926085 0.048321 0.011184 0.000177 0.014233
0 0 0.889251 0.084809 0.012823 0.000024 0.013093
0 0 0.904136 0.070158 0.012217 0.000046 0.013442
0 0 0.932242 0.042640 0.010663 0.000246 0.014209
0 0 0.854167 0.116235 0.015475 0.000017 0.014106
0 0 0.901038 0.073203 0.012353 0.000040 0.013367
0 0 0.919293 0.055307 0.011464 0.000104 0.013832
0 0 0.819721 0.145989 0.018601 0.000018 0.015671
0 0 0.901271 0.072851 0.012393 0.000042 0.013443
0 0 0.863594 0.106489 0.015358 0.000025 0.014533
0 0 0.929473 0.045352 0.010850 0.000201 0.014124
0 0 0.921481 0.053167 0.011340 0.000118 0.013892
0 0 0.908449 0.065927 0.012019 0.000057 0.013549
0 0 0.872514 0.098764 0.014557 0.000026 0.014140
0 0 0.924469 0.050247 0.011165 0.000143 0.013977
0 0 0.918074 0.056500 0.011531 0.000097 0.013799
0 0 0.932210 0.042672 0.010665 0.000246 0.014208
0 0 0.910145 0.060968 0.013185 0.000162 0.015540
0 0 0.903359 0.068624 0.013168 0.000087 0.014762
0 0 0.936112 0.038837 0.010382 0.000334 0.014334
0 0 0.898518 0.074945 0.012763 0.000044 0.013730
0 0 0.877316 0.083793 0.018593 0.000325 0.019973
0 0 0.868245 0.103481 0.014481 0.000020 0.013774
0 0 0.915033 0.058572 0.012031 0.000107 0.014257
0 0 0.853977 0.111289 0.019378 0.000039 0.015317
0 0 0.907539 0.066819 0.012062 0.000055 0.013526
0 0 0.913977 0.060509 0.011747 0.000077 0.013690
0 0 0.894093 0.078398 0.013325 0.000047 0.014137
0 0 0.889059 0.084261 0.013389 0.000028 0.013263
0 0 0.902848 0.071424 0.012274 0.000044 0.013410
0 0 0.862538 0.107975 0.015194 0.000022 0.014272
0 0 0.747144 0.219648 0.019522 0.000003 0.013683
0 0 0.875119 0.098776 0.013308 0.000014 0.012783
0 0 0.804792 0.168906 0.014883 0.000002 0.011417
0 0 0.649880 0.277713 0.054780 0.000024 0.017603
1 1 0.389476 0.483704 0.100178 0.000162 0.026480
0 1 0.785335 0.188443 0.015150 0.000001 0.011071
0 1 0.445686 0.415857 0.094118 0.000383 0.043955
1 1 0.330586 0.454870 0.178395 0.000557 0.035592
0 1 0.537032 0.361809 0.076906 0.000033 0.024219
0 1 0.462427 0.393123 0.108671 0.000976 0.034804
1 1 0.283573 0.498410 0.124392 0.000178 0.093447
2 1 0.098426 0.403000 0.412433 0.001344 0.084796
1 1 0.233083 0.487043 0.219943 0.000722 0.059209
1 1 0.172950 0.522187 0.196571 0.001506 0.106786
1 1 0.252135 0.517627 0.141068 0.000003 0.089166
1 1 0.241495 0.462078 0.138646 0.001699 0.156082
2 2 0.035192 0.390517 0.510518 0.006689 0.057084
2 2 0.004099 0.033364 0.879332 0.014154 0.069050
2 2 0.024619 0.249772 0.675402 0.025661 0.024547
2 2 0.000556 0.035886 0.922860 0.002779 0.037919
1 2 0.265316 0.529435 0.104302 0.000014 0.100933
2 2 0.001293 0.053535 0.875242 0.049856 0.020074
2 2 0.004059 0.073571 0.844394 0.026427 0.051548
2 2 0.000008 0.001729 0.983433 0.014041 0.000789
2 2 0.000006 0.001218 0.982835 0.015029 0.000913
2 2 0.000548 0.009652 0.969044 0.011900 0.008856
2 2 0.005998 0.108738 0.789730 0.000064 0.095471
2 2 0.000199 0.004397 0.967455 0.019234 0.008715
2 2 0.001654 0.015699 0.905839 0.020008 0.056800
2 2 0.017662 0.104583 0.834311 0.015752 0.027692
2 2 0.000006 0.002593 0.991956 0.001480 0.003966
2 2 0.000503 0.003247 0.915696 0.069818 0.010736
2 2 0.001227 0.007661 0.948698 0.032046 0.010368
2 2 0.001990 0.049444 0.875267 0.040795 0.032504
2 2 0.000103 0.001645 0.883331 0.113892 0.001029
2 2 0.000867 0.004094 0.822685 0.169995 0.002358
2 2 0.000000 0.000085 0.918391 0.081463 0.000061
2 3 0.000385 0.004683 0.765178 0.229010 0.000744
2 3 0.000123 0.001566 0.515505 0.481815 0.000991
3 3 0.000547 0.005168 0.443843 0.547677 0.002764
3 3 0.000137 0.000754 0.231480 0.767450 0.000179
3 3 0.000142 0.000587 0.123835 0.875358 0.000077
3 3 0.000050 0.000351 0.096914 0.902639 0.000047
3 3 0.007227 0.019801 0.428519 0.540122 0.004331
3 3 0.000416 0.001350 0.143330 0.854737 0.000167
3 3 0.001433 0.002030 0.041152 0.954771 0.000614
3 3 0.000120 0.001196 0.199844 0.796669 0.002172
3 3 0.000028 0.000093 0.028373 0.971500 0.000006
3 3 0.000637 0.000858 0.032870 0.965452 0.000182
3 3 0.000540 0.000630 0.024665 0.974063 0.000101
3 3 0.000824 0.002296 0.096277 0.899912 0.000691
3 3 0.000017 0.000075 0.023068 0.976834 0.000007
3 3 0.000051 0.000168 0.015240 0.984516 0.000025
3 3 0.000747 0.000664 0.015453 0.983052 0.000085
3 3 0.000844 0.001036 0.015808 0.982006 0.000306
3 3 0.000160 0.000567 0.025792 0.973339 0.000142
3 3 0.000173 0.000242 0.012703 0.986849 0.000033
3 3 0.000083 0.000201 0.015869 0.983809 0.000039
3 3 0.000029 0.000046 0.006980 0.992941 0.000003
3 3 0.000205 0.000220 0.005799 0.993746 0.000030
3 3 0.000008 0.000035 0.005720 0.994230 0.000006
3 3 0.001761 0.001407 0.011824 0.984594 0.000414
3 3 0.000060 0.000117 0.007358 0.992445 0.000021
3 3 0.000119 0.000144 0.003822 0.995894 0.000021
3 3 0.000220 0.000505 0.010032 0.989129 0.000115
3 3 0.000056 0.000136 0.009598 0.990187 0.000023
3 3 0.002529 0.001766 0.016380 0.978985 0.000339
3 3 0.000024 0.000118 0.011660 0.988172 0.000026
3 3 0.000086 0.000125 0.005692 0.994080 0.000018
3 3 0.000121 0.000226 0.006828 0.992761 0.000064
3 3 0.000028 0.000036 0.008205 0.991729 0.000002
3 3 0.000116 0.000150 0.003334 0.996376 0.000024
3 3 0.000016 0.000023 0.003288 0.996671 0.000002
3 3 0.000032 0.000065 0.003738 0.996156 0.000010
3 3 0.000011 0.000038 0.006335 0.993612 0.000005
3 3 0.002471 0.001516 0.016028 0.979533 0.000452
3 3 0.000211 0.000345 0.003952 0.995391 0.000101
3 3 0.000236 0.000493 0.022192 0.976967 0.000112
3 3 0.000113 0.000137 0.008370 0.991368 0.000012
3 3 0.000262 0.000541 0.009093 0.989836 0.000268
3 3 0.002275 0.002026 0.009175 0.985569 0.000955
3 3 0.000145 0.000153 0.004732 0.994950 0.000021
3 3 0.000023 0.000048 0.005717 0.994206 0.000006
3 3 0.000011 0.000043 0.003997 0.995939 0.000009
3 3 0.000510 0.000885 0.014212 0.983891 0.000502
3 3 0.000162 0.000304 0.005451 0.993985 0.000099
3 3 0.000117 0.000118 0.005322 0.994430 0.000014
3 3 0.000747 0.001153 0.036104 0.961261 0.000736
3 3 0.000109 0.000175 0.004730 0.994965 0.000021
3 3 0.000676 0.001137 0.005513 0.992011 0.000664
3 3 0.000036 0.000053 0.003745 0.996160 0.000006
3 3 0.000087 0.000108 0.003987 0.995804 0.000014
3 3 0.000118 0.000129 0.004788 0.994948 0.000017
3 3 0.000038 0.000065 0.004987 0.994904 0.000006
3 3 0.000038 0.000053 0.003569 0.996335 0.000005
3 3 0.000318 0.000370 0.017541 0.981722 0.000048
3 3 0.000793 0.000572 0.007558 0.990962 0.000115
3 3 0.000092 0.000150 0.003568 0.996160 0.000029
3 3 0.000033 0.000057 0.002931 0.996971 0.000007
3 3 0.000586 0.000414 0.008889 0.990046 0.000066
3 3 0.000126 0.000242 0.009067 0.990501 0.000065
3 3 0.000181 0.000308 0.012669 0.986762 0.000081
3 3 0.000279 0.000312 0.003896 0.995449 0.000064
3 3 0.000049 0.000068 0.006449 0.993426 0.000008
3 3 0.000107 0.000116 0.004721 0.995042 0.000014
3 3 0.000902 0.000913 0.007189 0.990684 0.000313
0 2 0.438141 0.169806 0.185608 0.112509 0.093936
2 2 0.033152 0.116269 0.606639 0.222501 0.021440
2 2 0.007348 0.033708 0.769575 0.172470 0.016899
2 2 0.087750 0.384769 0.454050 0.013631 0.059801
2 2 0.021098 0.141346 0.782364 0.047053 0.008139
2 2 0.000057 0.001838 0.972226 0.025085 0.000794
2 2 0.000564 0.008912 0.940283 0.047729 0.002513
2 2 0.000154 0.013278 0.976496 0.006254 0.003818
2 2 0.013975 0.134627 0.781056 0.041204 0.029137
2 2 0.005570 0.066339 0.903515 0.006417 0.018158
2 2 0.000220 0.017800 0.967887 0.005403 0.008690
2 2 0.000052 0.002847 0.985686 0.009385 0.002030
2 2 0.000673 0.008464 0.979715 0.005948 0.005200
2 2 0.000003 0.000338 0.987389 0.012123 0.000147
2 2 0.003942 0.026915 0.912086 0.047832 0.009224
2 2 0.000750 0.017677 0.955209 0.010741 0.015624
2 2 0.000006 0.002201 0.996015 0.000971 0.000807
2 2 0.000007 0.001396 0.969289 0.027733 0.001574
2 2 0.000105 0.004739 0.984187 0.007656 0.003313
2 2 0.004776 0.020320 0.890533 0.019397 0.064973
2 2 0.001782 0.078551 0.794015 0.032399 0.093252
2 2 0.000752 0.035697 0.894447 0.004090 0.065014
2 2 0.000603 0.055841 0.903203 0.005715 0.034638
4 4 0.013348 0.282583 0.237612 0.003661 0.462796
4 4 0.015547 0.311996 0.276630 0.001485 0.394340
2 4 0.006996 0.194580 0.670495 0.016736 0.111193
4 4 0.043050 0.197808 0.186135 0.001527 0.571480
4 4 0.010174 0.287396 0.243291 0.009982 0.449157
4 4 0.017087 0.114636 0.081786 0.002160 0.784331
1 4 0.087372 0.367410 0.215999 0.024206 0.305013
4 4 0.042148 0.267164 0.172651 0.002076 0.515961
4 4 0.006618 0.185685 0.245989 0.022403 0.539305
4 4 0.020953 0.303614 0.204307 0.001711 0.469415
1 4 0.054514 0.484944 0.277723 0.004615 0.178204
1 4 0.058274 0.448165 0.180827 0.001361 0.311373
1 4 0.030950 0.403231 0.316151 0.016141 0.233527
4 4 0.066619 0.359665 0.166553 0.002744 0.404418
2 4 0.012576 0.277904 0.450186 0.018332 0.241002
2 4 0.003909 0.126229 0.777514 0.029179 0.063169
2 2 0.000759 0.019411 0.947184 0.016185 0.016460
2 2 0.000064 0.006253 0.982181 0.002219 0.009282
2 2 0.000010 0.004388 0.992256 0.000774 0.002571
1 2 0.030764 0.416175 0.328853 0.012190 0.212018
2 2 0.001608 0.049812 0.866057 0.010778 0.071744
4 4 0.009003 0.236093 0.323046 0.023353 0.408505
4 4 0.029164 0.221748 0.156919 0.002454 0.589715
1 4 0.037743 0.448188 0.202887 0.000878 0.310304
2 4 0.013118 0.276180 0.473813 0.017353 0.219536
4 4 0.014258 0.165154 0.282269 0.000673 0.537645
4 4 0.016816 0.195083 0.167474 0.011960 0.608667
1 4 0.051014 0.397338 0.268002 0.008612 0.275034
1 4 0.059221 0.329416 0.302736 0.051875 0.256751
4 4 0.029867 0.044787 0.028988 0.000570 0.895788
1 4 0.055213 0.569297 0.232014 0.000734 0.142743
1 4 0.067591 0.437125 0.250356 0.001754 0.243174
2 4 0.027033 0.328125 0.412800 0.083239 0.148803
2 4 0.000377 0.028376 0.943822 0.005063 0.022362
2 2 0.000506 0.021420 0.960483 0.001594 0.015996
2 2 0.000015 0.004825 0.987061 0.000645 0.007453
2 2 0.000043 0.005347 0.971087 0.021834 0.001689
2 2 0.000203 0.010474 0.978175 0.004309 0.006839
2 2 0.000983 0.010638 0.972762 0.003990 0.011627
2 2 0.000247 0.010078 0.977769 0.000508 0.011399
2 2 0.000299 0.007852 0.979084 0.004695 0.008069
2 2 0.000075 0.002385 0.947799 0.046939 0.002801
2 2 0.000203 0.002971 0.963520 0.024216 0.009090
2 2 0.000748 0.005708 0.969778 0.017182 0.006584
2 2 0.000470 0.007724 0.973489 0.004352 0.013965
2 2 0.000873 0.010971 0.971545 0.003500 0.013111
2 2 0.000353 0.007128 0.940756 0.039549 0.012214
2 2 0.000462 0.004564 0.969316 0.022228 0.003430
2 2 0.001364 0.009760 0.941340 0.018435 0.029101
2 2 0.001828 0.011400 0.951204 0.015042 0.020526
2 2 0.000212 0.002394 0.960609 0.031983 0.004802
2 2 0.000031 0.001170 0.982592 0.014199 0.002009
2 2 0.001593 0.006534 0.902681 0.069208 0.019985
2 2 0.000129 0.003021 0.983803 0.008851 0.004196
2 2 0.004502 0.009653 0.877208 0.100442 0.008195
2 2 0.000181 0.002938 0.982323 0.010264 0.004295
2 2 0.001518 0.005406 0.867551 0.116109 0.009416
2 2 0.000521 0.006999 0.857289 0.127261 0.007929
2 2 0.000172 0.001921 0.946818 0.050992 0.000096
2 2 0.000056 0.001368 0.888540 0.109431 0.000606
2 2 0.001758 0.006919 0.886025 0.095599 0.009699
2 2 0.000147 0.003915 0.830100 0.163804 0.002034
2 2 0.000470 0.004692 0.962342 0.020867 0.011628
2 2 0.001698 0.004220 0.710366 0.278143 0.005574
2 2 0.000200 0.003049 0.868943 0.126922 0.000886
2 2 0.002011 0.012859 0.577398 0.395379 0.012353
2 2 0.002598 0.010641 0.677837 0.305157 0.003767
3 2 0.000089 0.001542 0.484085 0.512680 0.001604
2 2 0.002032 0.006227 0.722667 0.267137 0.001937
3 2 0.000025 0.000633 0.413075 0.586026 0.000240
2 2 0.000610 0.004249 0.783666 0.204829 0.006646
3 2 0.005255 0.021866 0.448044 0.518309 0.006526
3 2 0.013036 0.012675 0.301861 0.668076 0.004352
0 2 0.699739 0.210570 0.065502 0.000040 0.024150
0 2 0.834653 0.113564 0.037529 0.000092 0.014162
2 2 0.000390 0.004028 0.984059 0.010585 0.000938
2 2 0.000103 0.002392 0.889661 0.107442 0.000402
2 2 0.000282 0.003629 0.976080 0.019563 0.000447
2 2 0.002315 0.007837 0.882778 0.101279 0.005791
2 2 0.001030 0.004829 0.577413 0.413486 0.003241
2 2 0.002244 0.008403 0.874706 0.113554 0.001093
2 2 0.002719 0.017384 0.805902 0.166009 0.007987
2 2 0.000245 0.002453 0.557550 0.438778 0.000974
3 2 0.004655 0.010456 0.338947 0.643047 0.002895
3 2 0.002615 0.007396 0.347552 0.641159 0.001278
3 3 0.000686 0.003370 0.413559 0.582013 0.000372
3 3 0.004601 0.010164 0.231712 0.749544 0.003979
3 3 0.001512 0.003235 0.178134 0.816362 0.000757
3 3 0.004012 0.002761 0.049695 0.943180 0.000352
3 3 0.003212 0.003059 0.055132 0.937818 0.000779
3 3 0.005157 0.004220 0.019792 0.968921 0.001910
3 3 0.000978 0.000646 0.009299 0.988946 0.000131
3 3 0.002898 0.004101 0.075472 0.916351 0.001177
3 3 0.000450 0.000318 0.014090 0.985109 0.000033
3 3 0.001737 0.001102 0.014514 0.982450 0.000197
3 3 0.003868 0.002190 0.018590 0.974891 0.000461
3 3 0.003152 0.001456 0.017090 0.978004 0.000299
3 3 0.002332 0.001193 0.015248 0.980993 0.000233
3 3 0.001108 0.001105 0.016675 0.980779 0.000334
3 3 0.000900 0.000929 0.013261 0.984776 0.000134
3 3 0.002073 0.001855 0.009845 0.985648 0.000580
3 3 0.000172 0.000386 0.022602 0.976692 0.000147
3 3 0.000887 0.000794 0.017786 0.980398 0.000135
3 3 0.000065 0.000067 0.006502 0.993360 0.000005
3 3 0.001016 0.001358 0.016078 0.980775 0.000773
3 3 0.000066 0.000085 0.003654 0.996185 0.000010
3 3 0.001831 0.001184 0.008265 0.988402 0.000318
3 3 0.000145 0.000159 0.005379 0.994295 0.000023
3 3 0.000119 0.000131 0.004473 0.995260 0.000017
3 3 0.000676 0.001232 0.010625 0.986622 0.000845
3 3 0.000458 0.000432 0.010932 0.988107 0.000070
3 3 0.003306 0.001949 0.009021 0.985095 0.000629
3 3 0.001766 0.001317 0.006394 0.990108 0.000415
3 3 0.000353 0.000489 0.010274 0.988761 0.000122
3 3 0.002344 0.001711 0.011678 0.983866 0.000401
3 3 0.003092 0.001671 0.010674 0.984094 0.000468
3 3 0.001899 0.001429 0.012049 0.984231 0.000392
3 3 0.000042 0.000110 0.008084 0.991735 0.000029
3 3 0.000148 0.000335 0.008850 0.990526 0.000140
3 3 0.002062 0.001336 0.010632 0.985579 0.000391
3 3 0.000910 0.000910 0.006043 0.991834 0.000304
3 3 0.002725 0.002329 0.007799 0.986022 0.001125
3 3 0.000075 0.000089 0.004093 0.995733 0.000010
3 3 0.000231 0.000208 0.010957 0.988581 0.000024
3 3 0.000929 0.000701 0.006820 0.991388 0.000162
3 3 0.003409 0.001985 0.018837 0.975377 0.000393
3 3 0.000202 0.000203 0.004911 0.994653 0.000031
3 3 0.002565 0.001645 0.014214 0.981225 0.000351
3 3 0.001733 0.001365 0.006329 0.990144 0.000429
3 3 0.000149 0.000159 0.004591 0.995078 0.000023
3 3 0.000267 0.000255 0.005231 0.994206 0.000042
3 3 0.001347 0.001299 0.011405 0.985704 0.000246
3 3 0.000776 0.000799 0.005664 0.992567 0.000194
3 3 0.001960 0.001236 0.008558 0.987913 0.000334
3 3 0.000425 0.000403 0.005376 0.993717 0.000079
3 3 0.000038 0.000058 0.003008 0.996890 0.000006
3 3 0.001252 0.000962 0.015010 0.982630 0.000147
3 3 0.000553 0.000478 0.005704 0.993165 0.000101
3 3 0.001272 0.000952 0.010579 0.987011 0.000186
3 3 0.000982 0.001739 0.016610 0.979227 0.001442
3 3 0.001646 0.001079 0.008179 0.988817 0.000279
3 3 0.001088 0.000970 0.005785 0.991889 0.000267
3 3 0.000630 0.001118 0.011850 0.985817 0.000586
3 3 0.000881 0.000522 0.010676 0.987835 0.000087
3 3 0.000116 0.000158 0.003018 0.996682 0.000027
3 3 0.001627 0.001162 0.007001 0.989878 0.000332
3 3 0.000374 0.000344 0.005368 0.993849 0.000064
3 3 0.012635 0.004290 0.021123 0.960603 0.001350
3 3 0.006028 0.003530 0.040901 0.949023 0.000518
3 3 0.000297 0.000371 0.008287 0.990988 0.000058
3 3 0.000503 0.000445 0.005525 0.993436 0.000092
3 3 0.000657 0.000507 0.006858 0.991877 0.000101
3 3 0.003577 0.001773 0.012936 0.981250 0.000463
3 3 0.000282 0.000278 0.004911 0.994480 0.000049
3 3 0.001961 0.001413 0.006716 0.989461 0.000449
3 3 0.000808 0.000687 0.005591 0.992743 0.000171
2 2 0.196559 0.223285 0.368576 0.090500 0.121079
2 2 0.076417 0.196905 0.583334 0.132073 0.011271
2 2 0.006181 0.056467 0.872471 0.033403 0.031478
2 2 0.004976 0.016140 0.860143 0.074191 0.044551
2 2 0.000573 0.007237 0.949354 0.012698 0.030139
2 2 0.000267 0.010246 0.940106 0.043175 0.006206
2 2 0.002000 0.029909 0.931242 0.012752 0.024097
2 2 0.007579 0.024978 0.857030 0.082168 0.028245
2 2 0.000396 0.005194 0.977305 0.010247 0.006858
2 2 0.000909 0.010292 0.948542 0.029328 0.010929
2 2 0.000828 0.005804 0.956909 0.025903 0.010556
2 2 0.000376 0.011870 0.967259 0.009346 0.011150
2 2 0.001087 0.008579 0.965330 0.011014 0.013990
2 2 0.000815 0.013773 0.965300 0.001672 0.018440
2 2 0.002388 0.041016 0.899316 0.019289 0.037991
2 2 0.002047 0.011711 0.936270 0.019024 0.030948
2 2 0.005082 0.058801 0.830812 0.000535 0.104769
2 2 0.004086 0.027654 0.926973 0.021895 0.019392
2 2 0.000869 0.003681 0.939877 0.052915 0.002659
2 2 0.009487 0.034456 0.888090 0.009423 0.058545
2 2 0.002304 0.020263 0.968108 0.004411 0.004914
2 2 0.002412 0.027934 0.924685 0.016956 0.028013
2 2 0.000484 0.004447 0.978679 0.012869 0.003521
2 2 0.002237 0.017066 0.832120 0.145387 0.003189
2 2 0.014287 0.038774 0.869110 0.027724 0.050106
2 2 0.018168 0.031520 0.932050 0.009917 0.008345
2 2 0.007795 0.035164 0.841320 0.112639 0.003082
2 2 0.017239 0.058325 0.809720 0.092528 0.022188
2 2 0.000883 0.006851 0.888361 0.098774 0.005131
2 2 0.006920 0.033228 0.889357 0.066925 0.003570
2 2 0.003167 0.020825 0.954401 0.014280 0.007327
2 2 0.000782 0.012351 0.962064 0.021778 0.003025
2 2 0.000088 0.003477 0.986486 0.008297 0.001652
2 2 0.001325 0.008447 0.972107 0.010812 0.007309
2 2 0.000617 0.010482 0.962158 0.004075 0.022668
2 2 0.000511 0.004523 0.947079 0.039152 0.008735
2 2 0.000032 0.002303 0.987355 0.009216 0.001095
2 2 0.001256 0.006750 0.951348 0.032463 0.008183
2 2 0.000254 0.005082 0.983409 0.008148 0.003107
2 2 0.000068 0.002352 0.988853 0.008384 0.000343
2 2 0.000953 0.011154 0.957524 0.008324 0.022045
2 2 0.000100 0.003240 0.980698 0.013395 0.002567
2 2 0.003259 0.009183 0.930134 0.047176 0.010248
2 2 0.001333 0.005401 0.953950 0.037502 0.001813
2 2 0.000837 0.006586 0.975729 0.011108 0.005739
2 2 0.001090 0.007784 0.965501 0.021571 0.004053
2 2 0.000256 0.003567 0.966872 0.026810 0.002495
2 2 0.001021 0.008390 0.966256 0.020196 0.004137
2 2 0.000618 0.006699 0.978039 0.010462 0.004181
2 2 0.001077 0.011109 0.949159 0.035440 0.003215
2 2 0.011075 0.024617 0.918635 0.017542 0.028131
2 2 0.000417 0.003265 0.970471 0.022976 0.002870
2 2 0.000338 0.003337 0.975926 0.016648 0.003751
2 2 0.002439 0.012953 0.917176 0.062033 0.005400
2 2 0.001301 0.031679 0.941325 0.011804 0.013891
2 2 0.000199 0.003047 0.969473 0.026415 0.000866
2 2 0.000981 0.013343 0.960110 0.011082 0.014484
2 2 0.000805 0.008478 0.968932 0.020371 0.001414
2 2 0.000300 0.006581 0.972419 0.019415 0.001285
2 2 0.004501 0.008199 0.944354 0.040969 0.001977
2 2 0.003071 0.014403 0.951885 0.022710 0.007932
2 2 0.001447 0.009964 0.961623 0.023085 0.003881
2 2 0.000065 0.003925 0.987002 0.007109 0.001899
2 2 0.000067 0.002027 0.982999 0.013554 0.001352
2 2 0.000452 0.008811 0.958418 0.023720 0.008599
2 2 0.001453 0.012037 0.975523 0.003602 0.007386
2 2 0.011844 0.032586 0.889819 0.060915 0.004836
2 2 0.077504 0.074593 0.805125 0.019504 0.023274
2 2 0.008170 0.039419 0.875539 0.074437 0.002435
2 2 0.000623 0.010306 0.966367 0.019285 0.003419
2 2 0.000184 0.002554 0.853029 0.143916 0.000317
2 2 0.020814 0.284975 0.537033 0.001344 0.155835
4 4 0.015812 0.224569 0.289391 0.000477 0.469751
1 4 0.031653 0.375094 0.231764 0.000816 0.360673
4 4 0.025863 0.376669 0.174064 0.000163 0.423240
1 4 0.062111 0.463441 0.135909 0.000049 0.338490
1 4 0.054937 0.401661 0.204883 0.002852 0.335666
1 4 0.050708 0.428427 0.319264 0.022889 0.178711
4 4 0.023743 0.282351 0.279855 0.007198 0.406852
1 4 0.170960 0.470649 0.087913 0.000332 0.270146
1 4 0.182018 0.434369 0.158599 0.000517 0.224497
1 4 0.052449 0.415528 0.152676 0.000183 0.379164
0 0 0.623852 0.302781 0.045393 0.000004 0.027970
1 1 0.245114 0.574306 0.147915 0.000080 0.032585
1 1 0.214279 0.543853 0.180685 0.001893 0.059290
1 2 0.116780 0.525350 0.211191 0.001329 0.145350
2 2 0.021551 0.346846 0.527491 0.001494 0.102619
2 2 0.002347 0.065893 0.898015 0.014784 0.018960
2 2 0.001568 0.042605 0.893419 0.034870 0.027538
2 4 0.001520 0.056822 0.800824 0.003521 0.137314
4 4 0.018369 0.283208 0.279398 0.011317 0.407708
4 4 0.020452 0.057726 0.047930 0.004816 0.869077
1 4 0.034930 0.380160 0.221174 0.004578 0.359157
4 4 0.039962 0.026848 0.010952 0.000119 0.922118
4 4 0.064977 0.036092 0.015338 0.000195 0.883399
4 4 0.110506 0.035478 0.016752 0.000617 0.836647
0 4 0.459373 0.074115 0.028998 0.001033 0.436480
4 4 0.372501 0.050340 0.025441 0.002700 0.549017
1 4 0.037555 0.430747 0.206331 0.002615 0.322751
4 4 0.044188 0.298778 0.225093 0.006505 0.425436
4 4 0.016616 0.251139 0.282482 0.026030 0.423732
4 4 0.043931 0.041876 0.024176 0.000725 0.889292
4 4 0.016745 0.321277 0.298768 0.039337 0.323873
4 4 0.034653 0.118814 0.073449 0.001537 0.771548
4 4 0.027405 0.251617 0.172557 0.010966 0.537456
4 4 0.042220 0.168858 0.127873 0.005815 0.655234
4 4 0.024881 0.098485 0.079880 0.002834 0.793920
4 4 0.051930 0.177981 0.058784 0.000167 0.711139
4 4 0.008750 0.084954 0.068903 0.002841 0.834552
4 4 0.034290 0.018898 0.009282 0.000237 0.937293
4 4 0.023498 0.047183 0.025809 0.000532 0.902979
4 4 0.123748 0.098017 0.057230 0.001343 0.719662
1 4 0.062172 0.357171 0.216457 0.033984 0.330217
1 4 0.079439 0.490603 0.224559 0.007997 0.197401
4 4 0.054914 0.186743 0.131844 0.013991 0.612508
1 4 0.061921 0.381706 0.236517 0.004492 0.315364
4 4 0.020041 0.150751 0.115484 0.001025 0.712699
4 4 0.192552 0.049587 0.041208 0.003578 0.713074
4 4 0.408793 0.046741 0.025162 0.003924 0.515380
4 4 0.152582 0.227186 0.100918 0.002499 0.516814
4 4 0.083568 0.215034 0.043413 0.000064 0.657920
4 4 0.040095 0.122315 0.075076 0.001096 0.761418
4 4 0.042866 0.264595 0.160858 0.001438 0.530243
4 4 0.052066 0.128566 0.052494 0.000503 0.766371
4 4 0.078024 0.048467 0.019648 0.000407 0.853455
4 4 0.083064 0.043893 0.017966 0.000342 0.854736
4 4 0.068454 0.088487 0.025344 0.000074 0.817641
4 4 0.186501 0.043974 0.020929 0.001060 0.747536
4 4 0.030359 0.234133 0.195540 0.003809 0.536159
4 4 0.055635 0.307114 0.234640 0.006209 0.396402
4 4 0.024175 0.235700 0.247299 0.008201 0.484627
4 4 0.022811 0.334270 0.190066 0.007127 0.445726
4 4 0.055297 0.177277 0.070231 0.000356 0.696840
4 4 0.021316 0.254397 0.316504 0.071612 0.336171
4 4 0.017514 0.269379 0.221919 0.011144 0.480044
4 4 0.012435 0.304301 0.326253 0.018758 0.338254
4 4 0.008725 0.055421 0.036641 0.000548 0.898666
4 4 0.019615 0.302334 0.266609 0.006392 0.405050
4 4 0.010331 0.240125 0.241093 0.008513 0.499938
2 4 0.022851 0.300529 0.344377 0.040931 0.291312
1 4 0.032462 0.328361 0.257564 0.063175 0.318438
4 4 0.028356 0.210692 0.190662 0.015993 0.554297
4 4 0.019050 0.235390 0.336861 0.027450 0.381248
4 4 0.039680 0.190366 0.075456 0.000195 0.694303
2 4 0.017040 0.259568 0.384591 0.077277 0.261525
4 4 0.021539 0.314823 0.299519 0.013583 0.350536
4 4 0.016105 0.286298 0.338653 0.019112 0.339832
4 4 0.015198 0.286204 0.273803 0.009201 0.415594
4 4 0.018152 0.250912 0.162088 0.001486 0.567362
1 4 0.017936 0.378858 0.312374 0.009492 0.281340
4 4 0.011695 0.079424 0.055904 0.001094 0.851884
4 4 0.017363 0.053084 0.022913 0.000079 0.906562
1 4 0.021498 0.342779 0.312931 0.027868 0.294925
4 4 0.014206 0.156064 0.186374 0.006920 0.636436
4 4 0.018626 0.134874 0.083562 0.000580 0.762359
2 4 0.009199 0.266055 0.376630 0.044448 0.303668
4 4 0.022989 0.236806 0.173901 0.011410 0.554893
2 4 0.010915 0.279310 0.358325 0.026739 0.324711
2 4 0.002779 0.116575 0.736122 0.044744 0.099780
2 2 0.000811 0.064793 0.844984 0.006741 0.082671
2 2 0.003726 0.292636 0.383354 0.008585 0.311699
2 2 0.001004 0.015408 0.949048 0.003666 0.030875
2 2 0.001966 0.035674 0.908961 0.003381 0.050018
2 2 0.006421 0.258825 0.670996 0.003387 0.060371
2 2 0.000182 0.011479 0.957217 0.000656 0.030466
2 2 0.000300 0.011843 0.967015 0.002477 0.018366
2 2 0.000450 0.011349 0.965967 0.001449 0.020786
2 2 0.000082 0.003228 0.991096 0.002036 0.003558
2 2 0.000077 0.014032 0.936386 0.000054 0.049451
2 2 0.000611 0.009273 0.969586 0.004120 0.016409
2 2 0.000694 0.013392 0.964807 0.001585 0.019522
2 2 0.000123 0.005093 0.975046 0.002341 0.017398
2 2 0.000760 0.010059 0.953284 0.006568 0.029329
2 2 0.000425 0.008386 0.945049 0.005168 0.040971
2 2 0.002102 0.011985 0.962589 0.011675 0.011648
2 2 0.000503 0.009063 0.973516 0.003512 0.013407
2 2 0.000127 0.004487 0.983190 0.004999 0.007197
2 2 0.000724 0.006234 0.946108 0.027433 0.019501
2 2 0.000483 0.007670 0.977002 0.004277 0.010568
2 2 0.000120 0.003642 0.989014 0.003090 0.004134
2 2 0.000544 0.008138 0.961350 0.006659 0.023309
2 2 0.001007 0.008393 0.953915 0.017170 0.019514
2 2 0.000090 0.001952 0.982143 0.012270 0.003545
2 2 0.000194 0.003763 0.982711 0.007870 0.005463
2 2 0.000001 0.000336 0.994458 0.005000 0.000204
2 2 0.000169 0.004487 0.985021 0.003324 0.006999
2 2 0.000086 0.001365 0.967117 0.029279 0.002152
2 2 0.000739 0.004741 0.930680 0.051558 0.012283
2 2 0.000092 0.001966 0.956687 0.038654 0.002601
2 2 0.001077 0.012368 0.855062 0.012029 0.119465
2 2 0.000685 0.004404 0.937791 0.045596 0.011523
2 2 0.000297 0.002071 0.925403 0.069365 0.002865
2 2 0.000243 0.004876 0.972527 0.007787 0.014566
2 2 0.035415 0.169898 0.758152 0.005399 0.031136
2 2 0.003653 0.044035 0.904873 0.000685 0.046754
2 2 0.000147 0.005214 0.984806 0.001807 0.008026
2 2 0.000061 0.002740 0.985274 0.003541 0.008384
2 2 0.000955 0.012066 0.955272 0.004745 0.026962
2 2 0.000101 0.009218 0.977157 0.000162 0.013362
2 2 0.000332 0.008541 0.961489 0.002568 0.027070
2 2 0.000346 0.004600 0.975930 0.011273 0.007851
2 2 0.000286 0.005363 0.980306 0.007269 0.006776
2 2 0.001652 0.012258 0.957106 0.009193 0.019791
2 2 0.001591 0.013200 0.958499 0.007593 0.019117
2 2 0.000084 0.003081 0.982330 0.004659 0.009846
2 2 0.000170 0.005726 0.972410 0.002732 0.018962
2 2 0.000199 0.007357 0.978176 0.001191 0.013077
2 2 0.000308 0.005133 0.974149 0.008385 0.012026
2 2 0.000013 0.001868 0.995462 0.001958 0.000699
2 2 0.001256 0.015039 0.958481 0.003160 0.022064
2 2 0.000992 0.007383 0.946737 0.023812 0.021076
2 2 0.000579 0.006501 0.964408 0.013003 0.015508
2 2 0.000237 0.005596 0.982480 0.007963 0.003724
2 2 0.002486 0.007938 0.885898 0.078558 0.025119
2 2 0.000469 0.003893 0.969399 0.021600 0.004638
2 2 0.000014 0.000729 0.945313 0.053606 0.000337
2 2 0.000336 0.002704 0.937712 0.052299 0.006949
2 2 0.000618 0.006152 0.909313 0.082429 0.001488
2 2 0.000628 0.008916 0.933343 0.049733 0.007380
2 2 0.000262 0.003416 0.889243 0.104370 0.002709
2 2 0.000041 0.003041 0.790873 0.201815 0.004230
2 2 0.000174 0.002960 0.591982 0.402759 0.002125
2 2 0.001641 0.013840 0.687821 0.291219 0.005478
2 3 0.000152 0.002368 0.787387 0.207134 0.002958
3 3 0.000048 0.001364 0.487208 0.510769 0.000611
3 3 0.000361 0.003007 0.309871 0.685582 0.001178
2 3 0.000651 0.009370 0.693325 0.288051 0.008603
2 3 0.004519 0.011685 0.523394 0.455509 0.004893
3 3 0.000165 0.000844 0.149793 0.848855 0.000343
3 3 0.000302 0.001892 0.333268 0.663982 0.000557
2 3 0.003451 0.019407 0.517228 0.438040 0.021874
3 3 0.000676 0.003117 0.237462 0.756532 0.002213
3 3 0.002004 0.004073 0.090377 0.901434 0.002112
3 3 0.001754 0.009497 0.325438 0.659541 0.003770
3 3 0.000207 0.002540 0.320180 0.671313 0.005761
3 3 0.000384 0.001199 0.103751 0.894484 0.000182
2 3 0.002302 0.010002 0.561029 0.418087 0.008579
3 3 0.000493 0.001994 0.098113 0.898425 0.000975
3 3 0.000697 0.006191 0.250140 0.733045 0.009927
3 3 0.000112 0.003100 0.400900 0.594403 0.001485
3 3 0.001008 0.002311 0.044381 0.951065 0.001235
3 3 0.001276 0.009376 0.266418 0.716159 0.006772
3 3 0.000073 0.000747 0.173556 0.825433 0.000191
3 3 0.000784 0.001748 0.059079 0.937659 0.000730
3 3 0.002357 0.004586 0.086015 0.905561 0.001481
2 3 0.000721 0.007860 0.619424 0.369841 0.002154
3 3 0.001858 0.003633 0.088439 0.904652 0.001418
2 3 0.000636 0.004055 0.680099 0.302968 0.012242
2 3 0.001101 0.006085 0.562673 0.427376 0.002765
2 3 0.000515 0.005398 0.693365 0.297729 0.002992
2 3 0.003646 0.008189 0.511728 0.475695 0.000741
2 2 0.027093 0.071253 0.717668 0.142856 0.041130
2 2 0.001313 0.015876 0.927904 0.050826 0.004081
2 2 0.001683 0.013201 0.908773 0.073056 0.003287
2 2 0.000025 0.001474 0.979481 0.016514 0.002506
2 2 0.000144 0.005949 0.960234 0.031713 0.001960
2 2 0.000027 0.001319 0.964497 0.033793 0.000365
2 2 0.002018 0.034015 0.863383 0.077499 0.023086
2 2 0.000988 0.054776 0.915223 0.003731 0.025282
2 2 0.003769 0.072685 0.787551 0.099419 0.036576
4 1 0.207449 0.135656 0.111762 0.000815 0.544317
1 2 0.064245 0.450551 0.310999 0.007068 0.167138
2 2 0.003616 0.191397 0.594024 0.004189 0.206774
2 2 0.007823 0.092022 0.749121 0.075480 0.075555
2 4 0.018938 0.349595 0.355755 0.008968 0.266744
1 4 0.024335 0.380357 0.344512 0.010644 0.240152
4 4 0.040708 0.300227 0.160522 0.008975 0.489568
1 4 0.035735 0.422234 0.305571 0.011553 0.224907
2 4 0.043346 0.257727 0.416447 0.026222 0.256258
4 4 0.028264 0.232755 0.287293 0.052281 0.399407
1 4 0.018398 0.401550 0.246104 0.000486 0.333463
4 4 0.031163 0.214366 0.204710 0.017225 0.532536
4 4 0.028429 0.256770 0.220746 0.009899 0.484156
4 4 0.080023 0.268113 0.080274 0.000129 0.571461
1 4 0.072599 0.402717 0.272002 0.006650 0.246031
4 4 0.053871 0.202687 0.104119 0.000642 0.638681
1 4 0.024710 0.410642 0.242817 0.001166 0.320665
4 4 0.031255 0.352815 0.231091 0.006426 0.378412
4 4 0.089203 0.369864 0.126802 0.003042 0.411089
2 4 0.041532 0.307840 0.416780 0.059827 0.174021
2 4 0.016982 0.319794 0.427280 0.032679 0.203264
2 4 0.015820 0.291511 0.359926 0.032670 0.300073
4 4 0.036959 0.318217 0.222253 0.007555 0.415016
4 4 0.017351 0.152024 0.137410 0.000405 0.692810
1 4 0.146322 0.388394 0.191732 0.007536 0.266016
1 4 0.052056 0.389489 0.313152 0.037091 0.208211
4 4 0.043583 0.324196 0.212008 0.008790 0.411423
1 4 0.019129 0.438281 0.223537 0.000136 0.318916
4 4 0.049077 0.346426 0.133770 0.000112 0.470615
1 4 0.076940 0.506477 0.283708 0.023664 0.109211
1 4 0.068207 0.399976 0.181587 0.000865 0.349366
4 4 0.024909 0.271119 0.193550 0.001604 0.508819
4 4 0.095030 0.259109 0.107226 0.001221 0.537415
1 4 0.193661 0.378212 0.113479 0.003269 0.311379
4 1 0.052629 0.276322 0.077376 0.000004 0.593668
4 2 0.028485 0.324587 0.301526 0.014384 0.331018
2 4 0.028475 0.323544 0.337701 0.034121 0.276159
4 4 0.122232 0.288304 0.086462 0.003675 0.499327
4 4 0.032991 0.144795 0.094788 0.005465 0.721961
4 4 0.042662 0.230271 0.122798 0.002926 0.601343
4 4 0.063811 0.212537 0.111816 0.002374 0.609461
4 4 0.020800 0.316249 0.295497 0.009086 0.358368
4 4 0.033095 0.211810 0.169581 0.006251 0.579263
4 4 0.078090 0.241594 0.114426 0.000508 0.565382
4 4 0.180927 0.107416 0.045753 0.000609 0.665295
4 4 0.388313 0.076776 0.028922 0.000743 0.505246
4 4 0.307867 0.248226 0.088454 0.000682 0.354770
4 4 0.137408 0.187240 0.156803 0.001664 0.516885
0 4 0.705016 0.107453 0.035142 0.000405 0.151984
4 4 0.120804 0.341101 0.105713 0.000303 0.432079
4 4 0.042556 0.067998 0.021175 0.000126 0.868146
4 4 0.067494 0.197238 0.090602 0.007180 0.637486
0 4 0.585033 0.047543 0.025186 0.005108 0.337130
4 4 0.215411 0.232878 0.066614 0.001351 0.483746
4 4 0.090361 0.070126 0.025996 0.000092 0.813426
4 4 0.291504 0.042451 0.023114 0.002993 0.639938
4 4 0.270802 0.041344 0.022561 0.002817 0.662477
4 4 0.101332 0.031939 0.021431 0.001461 0.843837
4 4 0.151864 0.043556 0.019679 0.000687 0.784214
4 4 0.219441 0.114409 0.028931 0.000071 0.637148
4 4 0.032929 0.042357 0.022522 0.000085 0.902107
4 4 0.123321 0.100703 0.031817 0.000096 0.744063
4 4 0.062780 0.290686 0.137811 0.000723 0.507999
4 4 0.096223 0.218529 0.109179 0.002043 0.574026
4 4 0.147976 0.216956 0.030538 0.000003 0.604527
4 4 0.099314 0.038063 0.021053 0.000688 0.840883
4 4 0.098590 0.167483 0.065069 0.002350 0.666508
4 4 0.145710 0.100202 0.096645 0.003601 0.653842
4 4 0.063733 0.030894 0.013412 0.000248 0.891714
4 4 0.232731 0.094294 0.047279 0.001265 0.624431
4 4 0.075750 0.110292 0.054942 0.000085 0.758931
0 4 0.539051 0.047975 0.025524 0.004827 0.382623
4 4 0.019390 0.108437 0.064296 0.000110 0.807766
4 4 0.051038 0.046518 0.018957 0.000081 0.883405
4 4 0.098196 0.085981 0.024877 0.000043 0.790903
4 4 0.032547 0.295540 0.171193 0.004479 0.496241
4 4 0.050491 0.265150 0.166197 0.002987 0.515176
4 4 0.032556 0.344924 0.186287 0.001691 0.434543
4 4 0.033973 0.266383 0.195571 0.005502 0.498571
1 4 0.024019 0.354179 0.303813 0.013785 0.304204
4 4 0.015476 0.247993 0.248711 0.008307 0.479512
4 4 0.024069 0.042015 0.023111 0.000467 0.910338
4 4 0.027559 0.247526 0.208730 0.002893 0.513293
1 1 0.074823 0.409180 0.201445 0.001398 0.313154
4 1 0.027604 0.259810 0.179809 0.001839 0.530937
4 4 0.019530 0.244438 0.183950 0.003582 0.548499
4 4 0.046072 0.312029 0.225017 0.025503 0.391379
1 4 0.031558 0.483125 0.260868 0.004701 0.219748
4 4 0.007828 0.291463 0.308469 0.007495 0.384746
4 4 0.008644 0.280359 0.328774 0.015143 0.367081
