0 0 0.711163 0.073557 0.062823 0.129236 0.023222
0 0 0.996013 0.001715 0.001392 0.000162 0.000718
0 0 0.981845 0.010935 0.003483 0.000013 0.003723
0 0 0.993106 0.003717 0.002453 0.000009 0.000715
0 0 0.975292 0.014488 0.008491 0.000029 0.001699
0 0 0.990335 0.004375 0.004559 0.000109 0.000622
0 0 0.997710 0.001064 0.000294 0.000009 0.000922
0 0 0.996116 0.001838 0.001010 0.000061 0.000974
0 0 0.983741 0.009174 0.005576 0.000068 0.001440
0 0 0.937806 0.037506 0.022361 0.000018 0.002308
0 0 0.961769 0.020253 0.014932 0.000299 0.002747
0 0 0.999288 0.000360 0.000181 0.000009 0.000162
0 0 0.991758 0.003735 0.001575 0.000049 0.002884
0 0 0.989496 0.005813 0.003921 0.000023 0.000749
0 0 0.997977 0.001109 0.000420 0.000008 0.000485
0 0 0.996286 0.001444 0.000845 0.000118 0.001306
0 0 0.995636 0.002350 0.001520 0.000020 0.000474
0 0 0.975403 0.014258 0.008040 0.000065 0.002234
0 0 0.884704 0.057438 0.053695 0.000090 0.004073
0 0 0.947326 0.026857 0.022850 0.000139 0.002827
0 0 0.857650 0.079175 0.058127 0.000052 0.004996
0 0 0.857380 0.078256 0.060619 0.000061 0.003683
0 0 0.919326 0.047032 0.030672 0.000039 0.002930
0 0 0.977605 0.012379 0.008850 0.000027 0.001139
0 0 0.453260 0.394309 0.107322 0.000018 0.045092
0 0 0.727573 0.126168 0.062707 0.000025 0.083526
0 1 0.430783 0.350508 0.066450 0.000057 0.152202
0 1 0.358695 0.281386 0.106293 0.000069 0.253557
4 1 0.106653 0.349537 0.109981 0.000163 0.433665
1 2 0.031630 0.396960 0.256441 0.000084 0.314885
4 2 0.059681 0.361540 0.142194 0.000170 0.436416
4 2 0.048574 0.331816 0.147221 0.000145 0.472244
1 2 0.027590 0.446188 0.393624 0.000196 0.132402
1 1 0.178300 0.520888 0.141346 0.000027 0.159438
4 2 0.034272 0.362187 0.206985 0.000042 0.396514
2 2 0.008218 0.272356 0.468644 0.000274 0.250509
2 2 0.002621 0.195011 0.633779 0.000122 0.168466
2 2 0.015324 0.342951 0.432499 0.000952 0.208273
2 2 0.011159 0.354702 0.485937 0.000101 0.148101
2 2 0.001925 0.206728 0.710872 0.000026 0.080448
1 2 0.083406 0.541590 0.287261 0.000051 0.087692
2 2 0.011197 0.294523 0.436380 0.000543 0.257358
2 2 0.000954 0.135395 0.806405 0.000847 0.056399
2 2 0.000282 0.052726 0.928125 0.000108 0.018759
2 2 0.000182 0.076665 0.903164 0.000057 0.019932
2 2 0.000046 0.027806 0.966442 0.000208 0.005498
2 2 0.000151 0.024593 0.971255 0.000347 0.003654
2 2 0.000415 0.020539 0.968793 0.002060 0.008194
2 2 0.000362 0.048221 0.931807 0.000684 0.018926
2 2 0.000434 0.010299 0.945102 0.040352 0.003812
2 2 0.000272 0.007298 0.956827 0.034289 0.001314
2 2 0.000267 0.018478 0.974852 0.003437 0.002966
2 2 0.000486 0.015298 0.981318 0.002405 0.000493
2 2 0.001473 0.027206 0.944122 0.016354 0.010845
2 2 0.001738 0.013233 0.973110 0.011235 0.000684
2 2 0.000155 0.005855 0.904005 0.089173 0.000811
2 2 0.000173 0.003377 0.979160 0.017211 0.000079
2 2 0.000710 0.002931 0.794370 0.201612 0.000377
2 2 0.000758 0.005317 0.898263 0.095162 0.000500
2 2 0.000041 0.000312 0.521433 0.478193 0.000021
2 2 0.000032 0.000926 0.885968 0.112942 0.000132
2 2 0.002423 0.003971 0.655001 0.337715 0.000890
3 2 0.000642 0.001601 0.440959 0.556158 0.000639
2 3 0.000138 0.001080 0.708089 0.290572 0.000120
3 3 0.000961 0.001429 0.423023 0.573962 0.000625
2 3 0.000031 0.001139 0.892643 0.105870 0.000317
2 3 0.000409 0.001894 0.646375 0.351215 0.000107
3 3 0.000083 0.000376 0.272358 0.727136 0.000047
3 3 0.000355 0.000698 0.179746 0.819057 0.000144
3 3 0.000137 0.000342 0.198366 0.801057 0.000098
3 3 0.000094 0.000415 0.341678 0.657799 0.000013
2 3 0.000060 0.000586 0.550589 0.448696 0.000070
3 3 0.000190 0.000151 0.080465 0.919136 0.000059
3 3 0.000050 0.000175 0.058547 0.941174 0.000054
3 3 0.000111 0.000410 0.183312 0.816090 0.000078
3 3 0.000176 0.001101 0.163319 0.833733 0.001671
3 3 0.000045 0.000321 0.153121 0.846487 0.000026
3 3 0.000172 0.000230 0.101347 0.898245 0.000007
3 3 0.000071 0.000688 0.297243 0.701894 0.000104
3 3 0.000003 0.000009 0.025383 0.974605 0.000000
3 3 0.000074 0.000099 0.034884 0.964925 0.000018
3 3 0.000244 0.000276 0.043628 0.955508 0.000344
3 3 0.000020 0.000059 0.052347 0.947562 0.000012
3 3 0.000064 0.000195 0.077390 0.922260 0.000092
3 3 0.000010 0.000005 0.007866 0.992118 0.000000
3 3 0.000393 0.000785 0.079955 0.918580 0.000288
3 3 0.000293 0.000401 0.074025 0.925006 0.000274
2 2 0.136571 0.238989 0.536049 0.013377 0.075014
2 2 0.001000 0.069310 0.855012 0.026141 0.048536
2 2 0.018595 0.173440 0.735539 0.014013 0.058413
2 2 0.011312 0.214627 0.511841 0.002584 0.259636
2 2 0.001095 0.113617 0.753916 0.020508 0.110864
2 2 0.015219 0.104032 0.819997 0.013706 0.047046
2 2 0.002445 0.185843 0.729771 0.003601 0.078340
0 0 0.815372 0.084294 0.090271 0.001452 0.008611
0 0 0.598153 0.304923 0.078867 0.000024 0.018032
0 0 0.477418 0.393963 0.084970 0.000064 0.043584
0 0 0.744335 0.127237 0.122266 0.000308 0.005854
0 1 0.733919 0.188040 0.064353 0.000036 0.013652
2 1 0.018973 0.395748 0.523514 0.000727 0.061037
4 2 0.003982 0.144082 0.365914 0.001216 0.484806
2 2 0.003716 0.205263 0.668294 0.001982 0.120746
4 2 0.099063 0.402672 0.089669 0.000019 0.408577
2 2 0.006440 0.289126 0.612475 0.000719 0.091240
2 2 0.001978 0.182018 0.734252 0.000465 0.081286
2 2 0.005900 0.291983 0.624483 0.000404 0.077230
2 2 0.002820 0.171292 0.663696 0.011991 0.150201
2 2 0.000400 0.044495 0.934695 0.002001 0.018409
2 2 0.008245 0.267889 0.481122 0.000608 0.242135
0 1 0.349187 0.347199 0.270464 0.000408 0.032743
0 1 0.468797 0.320224 0.171712 0.000535 0.038732
1 1 0.383698 0.420570 0.152134 0.000037 0.043561
1 2 0.020182 0.422460 0.417111 0.000226 0.140021
0 1 0.496597 0.374182 0.107914 0.000036 0.021270
1 2 0.021411 0.391515 0.350501 0.000079 0.236494
2 2 0.001896 0.178504 0.758381 0.001753 0.059466
2 2 0.004014 0.243341 0.682375 0.001259 0.069011
2 2 0.000369 0.039715 0.948712 0.002042 0.009162
2 2 0.000353 0.084093 0.884153 0.003075 0.028326
2 2 0.000016 0.025043 0.970167 0.000040 0.004735
2 2 0.000278 0.076641 0.901178 0.004579 0.017323
2 2 0.000282 0.081696 0.911996 0.000092 0.005934
2 2 0.000025 0.029569 0.966034 0.000264 0.004109
2 2 0.000010 0.009072 0.990253 0.000404 0.000262
2 2 0.000448 0.094331 0.870983 0.002516 0.031722
2 2 0.000338 0.080506 0.881079 0.001740 0.036337
2 2 0.000362 0.059650 0.931580 0.000398 0.008010
2 1 0.049921 0.241074 0.653295 0.001465 0.054245
2 1 0.031945 0.382610 0.562281 0.001255 0.021907
2 2 0.019322 0.397405 0.421632 0.000662 0.160979
2 2 0.004106 0.148253 0.803723 0.004018 0.039900
1 2 0.165718 0.551435 0.228532 0.000044 0.054270
1 2 0.130272 0.518375 0.212311 0.000136 0.138906
2 2 0.001025 0.153937 0.814539 0.000179 0.030321
2 2 0.000141 0.061932 0.923900 0.000491 0.013537
1 2 0.036369 0.500978 0.397921 0.000061 0.064671
1 2 0.058754 0.556321 0.238542 0.000064 0.146319
1 2 0.051097 0.502268 0.303866 0.000090 0.142679
1 2 0.031026 0.546694 0.338012 0.000014 0.084254
2 2 0.000509 0.097932 0.829050 0.000834 0.071674
2 2 0.000388 0.092330 0.836246 0.000122 0.070914
2 2 0.001081 0.154616 0.813338 0.000394 0.030572
2 2 0.000003 0.001104 0.996292 0.002595 0.000007
2 2 0.000041 0.022595 0.971746 0.001162 0.004456
2 2 0.000001 0.000782 0.995192 0.003992 0.000034
2 2 0.000165 0.010822 0.972119 0.013719 0.003174
2 2 0.000145 0.008516 0.979946 0.009043 0.002350
2 2 0.000047 0.035395 0.952725 0.001122 0.010710
2 2 0.000029 0.004729 0.993130 0.001941 0.000172
2 2 0.000002 0.007004 0.991037 0.000859 0.001098
2 2 0.000001 0.000556 0.991386 0.008050 0.000007
2 2 0.000000 0.000824 0.997405 0.001755 0.000016
2 2 0.000020 0.013944 0.981810 0.002399 0.001827
2 2 0.000017 0.000854 0.961877 0.037205 0.000047
2 2 0.000067 0.003392 0.985917 0.010414 0.000209
2 2 0.000077 0.006967 0.955554 0.035530 0.001872
2 2 0.000005 0.001005 0.995666 0.003253 0.000071
2 2 0.000007 0.001357 0.985439 0.013145 0.000052
2 2 0.000006 0.001764 0.983565 0.014395 0.000271
2 2 0.000008 0.000674 0.815683 0.183602 0.000034
2 2 0.000114 0.001492 0.878302 0.119834 0.000259
2 2 0.000080 0.002477 0.901856 0.095365 0.000223
2 3 0.000136 0.003283 0.864924 0.130551 0.001106
2 3 0.000238 0.002325 0.903053 0.094277 0.000106
2 3 0.000085 0.000896 0.845478 0.153447 0.000093
2 3 0.000154 0.001700 0.657365 0.340426 0.000355
3 3 0.000107 0.000334 0.238762 0.760719 0.000079
3 3 0.000082 0.000242 0.145194 0.854403 0.000080
3 3 0.000075 0.000242 0.140391 0.859231 0.000060
3 3 0.000268 0.000497 0.114085 0.884954 0.000197
3 3 0.000218 0.000704 0.183265 0.815459 0.000354
3 3 0.000057 0.000070 0.046707 0.953125 0.000040
3 3 0.000088 0.000204 0.079552 0.920130 0.000025
3 3 0.000637 0.003073 0.198102 0.795234 0.002955
3 3 0.000063 0.000227 0.053755 0.945571 0.000384
3 3 0.000006 0.000017 0.040936 0.959041 0.000000
3 3 0.000013 0.000036 0.020611 0.979308 0.000033
3 3 0.000030 0.000045 0.067662 0.932259 0.000003
3 3 0.000418 0.000173 0.064810 0.934571 0.000028
3 3 0.000032 0.000071 0.016556 0.983272 0.000069
3 3 0.000079 0.000194 0.048947 0.950634 0.000146
3 3 0.000007 0.000014 0.008267 0.991710 0.000003
3 3 0.000236 0.000216 0.033170 0.966352 0.000026
3 3 0.000068 0.000058 0.023653 0.976206 0.000015
3 3 0.000015 0.000012 0.013716 0.986255 0.000002
3 3 0.000035 0.000018 0.009054 0.990880 0.000013
3 3 0.000037 0.000019 0.005183 0.994759 0.000001
3 3 0.062645 0.013745 0.170994 0.730347 0.022269
2 3 0.005299 0.054436 0.764168 0.157363 0.018735
0 2 0.422041 0.168693 0.376800 0.009355 0.023111
2 2 0.256746 0.334956 0.357767 0.000981 0.049550
2 2 0.003758 0.194937 0.628620 0.005445 0.167239
2 2 0.002155 0.154649 0.686350 0.005352 0.151493
2 2 0.000246 0.051322 0.755092 0.029025 0.164316
2 2 0.000227 0.055044 0.896700 0.017742 0.030287
2 2 0.001187 0.046088 0.870170 0.049188 0.033368
2 2 0.000044 0.030709 0.942226 0.004839 0.022182
2 2 0.000552 0.026083 0.951626 0.001962 0.019776
2 2 0.000005 0.013441 0.982789 0.002092 0.001673
2 2 0.000016 0.005087 0.980846 0.012316 0.001735
2 2 0.000088 0.008340 0.985639 0.001368 0.004566
2 2 0.000279 0.035356 0.891918 0.057483 0.014963
2 2 0.000600 0.030832 0.867605 0.093897 0.007066
2 2 0.000000 0.000791 0.994096 0.005053 0.000059
2 2 0.000001 0.001403 0.978072 0.020102 0.000422
2 2 0.000002 0.004948 0.979300 0.014871 0.000878
2 2 0.000180 0.016620 0.870175 0.105071 0.007955
2 2 0.000120 0.008141 0.980087 0.009803 0.001849
2 2 0.000011 0.001690 0.957697 0.040469 0.000133
2 3 0.000140 0.002966 0.760868 0.235368 0.000658
2 3 0.000022 0.000746 0.921268 0.077843 0.000122
2 3 0.000736 0.006528 0.700119 0.290360 0.002257
2 3 0.000003 0.000592 0.947557 0.051809 0.000039
3 3 0.000053 0.001264 0.420759 0.577536 0.000389
2 3 0.000079 0.001601 0.732415 0.265695 0.000210
2 3 0.000006 0.000299 0.578655 0.421000 0.000040
3 3 0.000118 0.001188 0.478235 0.520233 0.000226
3 3 0.000232 0.000739 0.246422 0.752496 0.000111
3 3 0.000373 0.001067 0.186558 0.811462 0.000540
3 3 0.000075 0.000621 0.316773 0.682236 0.000295
3 3 0.000121 0.000585 0.242127 0.756933 0.000234
3 3 0.000297 0.000501 0.143635 0.855130 0.000437
3 3 0.000086 0.000186 0.077383 0.922254 0.000091
3 3 0.000131 0.000273 0.088358 0.911033 0.000205
3 3 0.000472 0.001328 0.131395 0.863276 0.003528
3 3 0.000219 0.000244 0.092874 0.906630 0.000034
3 3 0.000048 0.000097 0.019226 0.980592 0.000037
3 3 0.000089 0.000457 0.198842 0.800369 0.000242
3 3 0.000510 0.001260 0.136717 0.861443 0.000069
3 3 0.037728 0.032587 0.455870 0.469008 0.004807
2 2 0.018064 0.086087 0.726094 0.134970 0.034785
2 2 0.002049 0.044195 0.804315 0.127443 0.021998
2 2 0.000126 0.020449 0.934174 0.028700 0.016551
2 2 0.000545 0.009233 0.863069 0.125875 0.001278
2 2 0.000038 0.003457 0.945782 0.050489 0.000234
2 2 0.000124 0.005543 0.966014 0.027435 0.000885
2 2 0.000003 0.001567 0.991645 0.006589 0.000197
2 2 0.001032 0.073254 0.859882 0.031483 0.034350
2 2 0.000012 0.001673 0.915639 0.082460 0.000216
2 2 0.000048 0.005451 0.950584 0.042128 0.001790
2 2 0.000058 0.001008 0.875426 0.123479 0.000028
2 2 0.000006 0.004451 0.973652 0.021279 0.000611
2 2 0.000068 0.003591 0.939795 0.055706 0.000840
2 2 0.000014 0.001558 0.947478 0.050663 0.000286
2 2 0.000414 0.006615 0.851748 0.140549 0.000674
2 2 0.000005 0.003000 0.995680 0.000946 0.000370
2 2 0.000238 0.006760 0.887330 0.105213 0.000459
2 2 0.000005 0.001151 0.969394 0.029412 0.000038
2 2 0.000265 0.013958 0.940497 0.040848 0.004432
2 2 0.000411 0.010848 0.972797 0.013061 0.002882
2 2 0.000095 0.002488 0.966567 0.030704 0.000146
2 2 0.000314 0.020931 0.971014 0.004827 0.002915
2 2 0.000073 0.022456 0.961233 0.000657 0.015581
4 2 0.030846 0.334123 0.172937 0.000006 0.462087
2 2 0.005369 0.246990 0.528345 0.000117 0.219180
1 2 0.042582 0.469788 0.214018 0.000005 0.273607
2 2 0.009463 0.334451 0.520362 0.000168 0.135556
1 2 0.042030 0.545771 0.213905 0.000000 0.198294
1 2 0.102021 0.429938 0.082388 0.000003 0.385650
4 4 0.008904 0.061672 0.034996 0.000019 0.894410
4 4 0.002525 0.012272 0.009073 0.000441 0.975689
4 4 0.003034 0.012945 0.007927 0.000210 0.975885
4 4 0.004209 0.026745 0.017789 0.000043 0.951215
2 4 0.004730 0.214520 0.471174 0.000090 0.309486
1 4 0.035361 0.428178 0.236269 0.000013 0.300179
2 2 0.012517 0.348726 0.382463 0.000012 0.256281
2 2 0.000322 0.060660 0.875820 0.002037 0.061161
1 2 0.024178 0.439340 0.322748 0.000022 0.213712
4 2 0.012089 0.292365 0.241649 0.000000 0.453896
4 2 0.013050 0.201075 0.198103 0.000074 0.587698
4 4 0.001195 0.007872 0.006709 0.000031 0.984194
4 4 0.008024 0.032706 0.014597 0.000070 0.944604
4 4 0.004259 0.096722 0.187407 0.001070 0.710542
1 4 0.029955 0.447095 0.221178 0.000000 0.301771
2 4 0.005125 0.274786 0.520075 0.000006 0.200008
2 2 0.007393 0.321807 0.531251 0.000027 0.139522
2 2 0.015025 0.365395 0.402212 0.000076 0.217292
2 2 0.000021 0.027311 0.944001 0.000005 0.028663
2 2 0.000030 0.033447 0.948970 0.000007 0.017547
2 2 0.000975 0.119498 0.853980 0.000487 0.025060
2 2 0.000001 0.007125 0.990913 0.000074 0.001886
2 2 0.000006 0.007199 0.987648 0.000363 0.004784
2 2 0.000001 0.006756 0.991305 0.000120 0.001819
2 2 0.000014 0.021887 0.962512 0.000055 0.015531
2 2 0.000004 0.011667 0.982239 0.000118 0.005972
2 2 0.000184 0.010069 0.969471 0.013480 0.006797
2 2 0.000110 0.021651 0.968104 0.002292 0.007843
2 2 0.000005 0.013493 0.978313 0.000111 0.008078
2 2 0.000003 0.002310 0.995926 0.001464 0.000297
2 2 0.000013 0.005556 0.987671 0.001627 0.005134
2 2 0.000002 0.002871 0.996222 0.000683 0.000222
2 2 0.000005 0.001359 0.982673 0.014901 0.001062
2 2 0.000071 0.005268 0.973172 0.014801 0.006688
2 2 0.000045 0.002973 0.885552 0.109879 0.001551
2 2 0.000000 0.000616 0.998013 0.001243 0.000128
2 2 0.000030 0.001885 0.975546 0.020629 0.001910
2 2 0.000245 0.007362 0.944582 0.043895 0.003917
2 2 0.000046 0.004534 0.962939 0.030386 0.002095
2 2 0.000067 0.005990 0.957817 0.031845 0.004281
2 2 0.001336 0.024782 0.846819 0.116048 0.011015
2 2 0.000087 0.007173 0.905036 0.083498 0.004206
2 2 0.000016 0.002334 0.943494 0.053017 0.001140
2 2 0.000054 0.001138 0.914767 0.083734 0.000307
2 2 0.000017 0.000586 0.762231 0.236829 0.000337
2 2 0.000274 0.004319 0.797847 0.194053 0.003507
2 2 0.000252 0.003718 0.607112 0.386421 0.002497
2 2 0.000196 0.006644 0.888628 0.099378 0.005154
2 2 0.000059 0.000910 0.779594 0.219393 0.000042
2 2 0.000895 0.003044 0.676493 0.318332 0.001236
3 2 0.000842 0.002019 0.412363 0.583668 0.001108
3 2 0.000034 0.000891 0.429281 0.569439 0.000354
2 2 0.000117 0.001533 0.694403 0.303335 0.000612
3 3 0.000702 0.002143 0.467904 0.528456 0.000794
3 3 0.000080 0.000730 0.320742 0.677808 0.000640
3 3 0.001711 0.001046 0.232146 0.764795 0.000302
3 3 0.000164 0.000359 0.097488 0.901837 0.000153
3 3 0.000098 0.000052 0.030091 0.969749 0.000010
3 3 0.000052 0.000051 0.019673 0.980206 0.000018
3 3 0.000053 0.000242 0.032281 0.967297 0.000127
3 3 0.000016 0.000029 0.030030 0.969900 0.000025
3 3 0.000150 0.000557 0.038729 0.959955 0.000610
3 3 0.000082 0.000053 0.020656 0.979195 0.000014
3 3 0.000064 0.000096 0.016443 0.983377 0.000019
3 3 0.000049 0.000043 0.028734 0.971162 0.000011
3 3 0.000009 0.000010 0.007795 0.992185 0.000002
3 3 0.000011 0.000031 0.016972 0.982973 0.000013
3 3 0.000065 0.000087 0.013224 0.986623 0.000002
3 3 0.000050 0.000033 0.019991 0.979920 0.000006
3 3 0.000059 0.000170 0.046127 0.953575 0.000069
3 3 0.000013 0.000013 0.009463 0.990506 0.000004
3 3 0.000047 0.000103 0.022164 0.977547 0.000139
3 3 0.000038 0.000035 0.014844 0.985080 0.000002
3 3 0.000119 0.000072 0.016109 0.983699 0.000001
2 2 0.094360 0.059135 0.538500 0.288498 0.019507
2 2 0.000942 0.018273 0.794735 0.169333 0.016717
2 2 0.000338 0.013569 0.896999 0.083523 0.005570
2 2 0.000009 0.002350 0.927876 0.068854 0.000911
2 2 0.000052 0.001651 0.912387 0.085619 0.000292
2 2 0.000032 0.001744 0.850551 0.146660 0.001012
2 2 0.000087 0.003851 0.827949 0.159967 0.008145
2 2 0.000076 0.003051 0.702989 0.292242 0.001641
3 2 0.000131 0.001559 0.451078 0.546512 0.000720
2 3 0.000066 0.001849 0.690433 0.306760 0.000892
3 3 0.000061 0.000875 0.440984 0.557704 0.000375
3 3 0.000265 0.001420 0.491104 0.506783 0.000428
2 3 0.000814 0.012107 0.561514 0.414018 0.011547
3 3 0.000132 0.000484 0.221865 0.777372 0.000147
3 3 0.003520 0.000843 0.129010 0.866509 0.000119
3 3 0.000147 0.007325 0.226996 0.754549 0.010983
3 3 0.000007 0.000454 0.358520 0.640906 0.000113
2 3 0.000061 0.002149 0.575236 0.421392 0.001162
2 3 0.000222 0.009330 0.890923 0.092426 0.007099
3 3 0.000215 0.001181 0.475032 0.523125 0.000446
3 3 0.000166 0.001335 0.345352 0.652714 0.000434
3 3 0.000030 0.000513 0.252732 0.746564 0.000162
3 3 0.000139 0.002144 0.434384 0.562479 0.000854
3 3 0.000085 0.001335 0.489789 0.507457 0.001334
3 3 0.000219 0.001660 0.356537 0.640581 0.001003
3 3 0.000215 0.001048 0.107177 0.890085 0.001475
3 3 0.000064 0.000320 0.104914 0.894588 0.000114
3 3 0.000139 0.000483 0.165710 0.833172 0.000496
3 3 0.000007 0.000052 0.048749 0.951157 0.000034
3 3 0.000016 0.000061 0.015217 0.984645 0.000060
3 3 0.000023 0.000145 0.026165 0.973425 0.000242
3 3 0.000054 0.000077 0.019949 0.979819 0.000100
3 3 0.000107 0.000134 0.022691 0.977006 0.000062
3 3 0.000052 0.000104 0.049238 0.950571 0.000034
3 3 0.000208 0.000443 0.048585 0.949808 0.000956
3 3 0.000039 0.000016 0.009649 0.990296 0.000001
3 3 0.000017 0.000024 0.006617 0.993336 0.000006
3 3 0.000018 0.000021 0.009837 0.990121 0.000002
0 3 0.534567 0.036821 0.247720 0.164443 0.016450
2 3 0.006073 0.027817 0.624401 0.327219 0.014489
2 3 0.001256 0.023464 0.649822 0.309604 0.015852
2 3 0.007212 0.052896 0.861931 0.066465 0.011495
2 3 0.001012 0.013716 0.954956 0.029586 0.000730
2 3 0.000721 0.007557 0.852664 0.137535 0.001523
2 3 0.000584 0.024853 0.914465 0.050881 0.009217
2 3 0.000604 0.011497 0.978279 0.007684 0.001935
2 3 0.000001 0.000650 0.996327 0.003013 0.000009
2 3 0.000011 0.005438 0.984724 0.009474 0.000354
2 2 0.000161 0.006948 0.917893 0.071746 0.003253
2 2 0.000051 0.009347 0.965490 0.023705 0.001408
2 2 0.000051 0.003177 0.943339 0.053108 0.000325
2 2 0.000166 0.006046 0.934081 0.058853 0.000854
2 2 0.000122 0.018729 0.951147 0.025731 0.004271
2 2 0.000333 0.003122 0.774612 0.221482 0.000451
2 2 0.000054 0.003573 0.894926 0.101191 0.000256
2 2 0.000152 0.002975 0.568327 0.427626 0.000921
2 3 0.000315 0.012936 0.620417 0.353403 0.012929
2 3 0.000687 0.016337 0.930858 0.044368 0.007751
2 3 0.000372 0.003150 0.525039 0.470848 0.000591
2 3 0.000339 0.004618 0.665655 0.328665 0.000722
2 3 0.000109 0.002770 0.640883 0.355931 0.000306
3 3 0.000533 0.001756 0.259308 0.737229 0.001174
3 3 0.000492 0.001870 0.356990 0.639534 0.001115
3 3 0.000079 0.000749 0.235561 0.763479 0.000132
3 3 0.000283 0.001725 0.415272 0.582493 0.000227
3 3 0.000339 0.001504 0.260357 0.737729 0.000071
3 3 0.000813 0.002889 0.420636 0.575000 0.000663
2 2 0.021298 0.026085 0.545540 0.405443 0.001634
2 2 0.001987 0.029344 0.549617 0.363203 0.055849
2 2 0.000811 0.013980 0.864282 0.115297 0.005631
2 2 0.000811 0.012462 0.767170 0.208191 0.011366
2 2 0.000023 0.002325 0.944054 0.053307 0.000291
2 2 0.000416 0.009241 0.780475 0.208869 0.000999
2 3 0.000121 0.002654 0.707422 0.289631 0.000171
2 3 0.000370 0.008964 0.782091 0.203587 0.004988
3 3 0.000002 0.000120 0.462508 0.537356 0.000014
2 3 0.000060 0.002130 0.913310 0.083720 0.000780
2 3 0.000033 0.001327 0.650105 0.348050 0.000485
3 3 0.000012 0.000641 0.335627 0.663380 0.000340
3 3 0.000121 0.003743 0.360465 0.625354 0.010318
2 3 0.000007 0.000573 0.793523 0.205759 0.000139
3 3 0.000337 0.000978 0.269322 0.729003 0.000360
2 3 0.000320 0.004262 0.563737 0.430726 0.000954
3 3 0.000036 0.000389 0.271808 0.727617 0.000150
3 3 0.000029 0.000270 0.194042 0.805528 0.000130
3 3 0.000167 0.001245 0.316809 0.679554 0.002225
3 3 0.000128 0.000686 0.265331 0.733486 0.000370
3 3 0.000102 0.001684 0.121533 0.872701 0.003980
3 3 0.000090 0.000139 0.091342 0.908378 0.000050
3 3 0.000137 0.000607 0.186821 0.812212 0.000223
3 3 0.000041 0.001084 0.309375 0.688745 0.000754
3 3 0.000051 0.000461 0.219359 0.779639 0.000490
3 3 0.000073 0.000271 0.067850 0.931615 0.000190
3 3 0.000029 0.000119 0.078346 0.921488 0.000018
3 3 0.000322 0.001516 0.154780 0.842583 0.000799
3 3 0.000070 0.000261 0.108097 0.891525 0.000047
2 2 0.161485 0.071617 0.570954 0.189334 0.006611
0 2 0.667346 0.029264 0.197742 0.091905 0.013743
2 1 0.326857 0.213645 0.429306 0.006930 0.023263
2 2 0.001835 0.064145 0.840533 0.027918 0.065568
2 2 0.001642 0.017026 0.972140 0.008228 0.000964
2 2 0.000019 0.001815 0.927476 0.070632 0.000058
2 2 0.000082 0.002914 0.954558 0.042160 0.000286
2 2 0.001854 0.024073 0.930727 0.039196 0.004149
2 2 0.000481 0.093857 0.862351 0.006553 0.036758
2 2 0.000759 0.070494 0.735551 0.004330 0.188867
4 2 0.012059 0.251065 0.303375 0.000106 0.433395
4 2 0.012017 0.182028 0.151404 0.000008 0.654543
4 2 0.004997 0.083779 0.108320 0.000065 0.802839
2 2 0.003874 0.227106 0.504402 0.000004 0.264615
4 2 0.004118 0.062018 0.093603 0.000904 0.839356
4 4 0.006316 0.031995 0.017503 0.000073 0.944112
4 4 0.007829 0.044454 0.021964 0.000014 0.925740
2 4 0.009493 0.345460 0.488184 0.000029 0.156835
4 4 0.021304 0.071516 0.019657 0.000011 0.887512
4 4 0.006749 0.074050 0.067507 0.000066 0.851628
4 4 0.017492 0.177610 0.108630 0.000013 0.696255
4 4 0.012484 0.073469 0.039611 0.000095 0.874341
4 4 0.002230 0.119987 0.352750 0.000034 0.524998
4 4 0.002241 0.008856 0.004716 0.000036 0.984151
1 4 0.063173 0.468989 0.176289 0.000034 0.291515
4 4 0.018233 0.181829 0.109546 0.000014 0.690378
2 4 0.011986 0.324613 0.344205 0.000004 0.319192
1 4 0.012503 0.356932 0.330801 0.000000 0.299763
2 2 0.002012 0.160271 0.561095 0.000084 0.276537
2 2 0.004746 0.230637 0.489891 0.000021 0.274704
4 2 0.013243 0.248966 0.189018 0.000001 0.548773
2 2 0.003923 0.231167 0.384717 0.000000 0.380193
4 2 0.016952 0.347301 0.288349 0.000003 0.347394
2 2 0.010706 0.351886 0.437979 0.000010 0.199420
4 2 0.010211 0.177162 0.197859 0.000079 0.614689
1 2 0.011889 0.382273 0.373744 0.000000 0.232095
2 2 0.004439 0.220555 0.459966 0.000012 0.315028
4 2 0.012083 0.140170 0.139805 0.000876 0.707066
2 2 0.002319 0.207381 0.681457 0.000038 0.108805
2 2 0.001677 0.136271 0.542478 0.000155 0.319419
4 2 0.019206 0.115388 0.054372 0.000048 0.810986
2 2 0.003027 0.206887 0.531359 0.000009 0.258719
4 2 0.017207 0.226367 0.166434 0.000027 0.589966
2 2 0.001047 0.142466 0.706246 0.000014 0.150227
1 2 0.025524 0.467429 0.266564 0.000000 0.240483
2 2 0.001731 0.165996 0.682039 0.000063 0.150172
2 2 0.000307 0.086494 0.825961 0.000014 0.087224
2 2 0.004393 0.269257 0.433634 0.000000 0.292716
1 2 0.021082 0.409333 0.335427 0.000013 0.234145
2 2 0.009032 0.299635 0.531842 0.001190 0.158303
2 2 0.000404 0.083070 0.832713 0.001874 0.081938
2 2 0.000049 0.035536 0.948329 0.000770 0.015316
2 2 0.000375 0.078458 0.780647 0.000941 0.139579
2 2 0.000296 0.074212 0.782555 0.000094 0.142843
2 2 0.000005 0.005632 0.993726 0.000108 0.000530
2 2 0.000025 0.028622 0.958491 0.000095 0.012768
2 2 0.000092 0.023034 0.965019 0.000495 0.011360
2 2 0.000450 0.072714 0.904224 0.000145 0.022467
2 2 0.000019 0.024478 0.971616 0.001848 0.002039
2 2 0.000009 0.005865 0.993207 0.000028 0.000890
2 2 0.000186 0.014053 0.975092 0.005326 0.005343
2 2 0.000065 0.010677 0.982994 0.003071 0.003193
2 2 0.000008 0.002579 0.996240 0.000749 0.000425
2 2 0.000009 0.016727 0.978947 0.001175 0.003143
2 2 0.000001 0.001513 0.992737 0.005576 0.000173
2 2 0.000005 0.004810 0.990001 0.004435 0.000749
2 2 0.000049 0.005963 0.989820 0.003031 0.001137
2 2 0.000120 0.018058 0.972845 0.001482 0.007495
2 2 0.000060 0.007112 0.990032 0.001491 0.001305
2 2 0.000046 0.005541 0.989559 0.003959 0.000894
2 2 0.000075 0.006146 0.984337 0.008193 0.001249
2 2 0.000193 0.011938 0.977401 0.004584 0.005884
2 2 0.000036 0.008785 0.950861 0.038124 0.002194
2 2 0.000129 0.011723 0.983455 0.003706 0.000988
2 2 0.000110 0.011136 0.985229 0.001962 0.001564
2 2 0.000055 0.002017 0.981583 0.016047 0.000298
2 2 0.000089 0.005233 0.935317 0.056137 0.003224
2 2 0.000250 0.005042 0.937242 0.055741 0.001725
2 2 0.000003 0.000767 0.990628 0.008523 0.000080
2 2 0.000116 0.026822 0.935336 0.028245 0.009482
2 2 0.000084 0.004080 0.954857 0.037239 0.003741
2 2 0.031560 0.061196 0.861424 0.029692 0.016128
2 2 0.000779 0.025282 0.943206 0.029002 0.001732
2 2 0.006544 0.065668 0.911091 0.012085 0.004612
2 2 0.000263 0.019911 0.966378 0.010259 0.003190
2 2 0.000000 0.000223 0.988732 0.011039 0.000006
2 2 0.000000 0.000582 0.994924 0.004461 0.000033
2 2 0.000174 0.029364 0.942450 0.013270 0.014742
2 2 0.000016 0.005587 0.925847 0.063474 0.005077
2 2 0.000025 0.005116 0.985544 0.008527 0.000789
2 2 0.000006 0.000898 0.985312 0.013665 0.000119
2 2 0.000003 0.000249 0.969139 0.030602 0.000008
2 2 0.000051 0.003382 0.945733 0.050652 0.000183
2 2 0.000067 0.007482 0.969632 0.020473 0.002346
2 2 0.000019 0.000990 0.945810 0.053020 0.000160
2 2 0.000007 0.000383 0.933537 0.066042 0.000031
2 2 0.000273 0.002524 0.878145 0.118861 0.000197
2 2 0.000832 0.003146 0.710303 0.283301 0.002418
2 2 0.000141 0.001508 0.691818 0.306131 0.000402
3 2 0.000497 0.002012 0.497583 0.499633 0.000275
3 2 0.000123 0.000525 0.368801 0.630495 0.000057
3 3 0.000378 0.001221 0.363084 0.635279 0.000039
2 3 0.001810 0.037956 0.770743 0.164926 0.024565
3 3 0.000037 0.000128 0.338027 0.661804 0.000004
2 3 0.000057 0.000245 0.561614 0.438080 0.000003
2 3 0.000317 0.002073 0.514670 0.481750 0.001189
3 3 0.001966 0.003266 0.301119 0.692900 0.000749
3 3 0.000077 0.000573 0.398823 0.600492 0.000035
3 3 0.000091 0.000348 0.245757 0.753774 0.000030
3 3 0.000043 0.000040 0.016138 0.983768 0.000011
3 3 0.000056 0.000451 0.081595 0.917656 0.000242
3 3 0.000053 0.000074 0.070226 0.929632 0.000015
3 3 0.000051 0.000075 0.033365 0.966448 0.000061
3 3 0.000070 0.000064 0.023511 0.976351 0.000003
3 3 0.000005 0.000019 0.009029 0.990938 0.000008
3 3 0.000012 0.000029 0.015423 0.984524 0.000013
3 3 0.001237 0.000406 0.058386 0.939847 0.000124
3 3 0.000036 0.000127 0.027376 0.972305 0.000156
3 3 0.000037 0.000116 0.014930 0.984860 0.000058
3 3 0.000019 0.000031 0.011847 0.988096 0.000008
3 3 0.000064 0.000059 0.025773 0.974076 0.000027
3 3 0.000049 0.000145 0.020988 0.978783 0.000035
3 3 0.000022 0.000037 0.012482 0.987427 0.000033
3 3 0.000019 0.000027 0.007975 0.991976 0.000002
3 3 0.000054 0.000007 0.005583 0.994355 0.000000
3 3 0.000013 0.000019 0.003826 0.996141 0.000001
3 3 0.000003 0.000019 0.017511 0.982463 0.000004
3 3 0.000066 0.000193 0.050291 0.949442 0.000008
3 3 0.007137 0.008324 0.269779 0.713593 0.001168
2 2 0.009356 0.075118 0.802762 0.083611 0.029153
2 2 0.001234 0.052905 0.852212 0.069717 0.023932
2 2 0.001878 0.093203 0.820420 0.003555 0.080944
2 2 0.000066 0.010900 0.969496 0.015836 0.003702
2 2 0.000450 0.021468 0.950885 0.019716 0.007481
2 2 0.000059 0.020414 0.970427 0.005314 0.003786
2 2 0.000057 0.014264 0.975547 0.001273 0.008859
2 2 0.000094 0.034550 0.911783 0.005012 0.048560
2 2 0.000105 0.019978 0.946852 0.026426 0.006638
2 2 0.000049 0.010338 0.965108 0.020260 0.004245
2 2 0.000003 0.004561 0.986468 0.008003 0.000965
2 2 0.000080 0.012519 0.967151 0.017811 0.002439
2 2 0.000211 0.025609 0.942323 0.019057 0.012800
2 2 0.000009 0.001753 0.972969 0.025029 0.000240
2 2 0.000108 0.005981 0.934139 0.054585 0.005186
2 2 0.000265 0.017068 0.965480 0.010771 0.006417
2 2 0.000122 0.020614 0.959152 0.015452 0.004659
2 2 0.000102 0.002336 0.797746 0.198023 0.001793
2 2 0.000002 0.002083 0.930817 0.066893 0.000205
2 2 0.000021 0.001228 0.672222 0.325175 0.001354
2 2 0.000251 0.009119 0.902671 0.081471 0.006488
2 2 0.000057 0.002678 0.858844 0.137672 0.000748
2 2 0.000305 0.003966 0.829893 0.165240 0.000596
2 2 0.000144 0.001567 0.589937 0.408057 0.000294
2 2 0.000249 0.007969 0.840725 0.143678 0.007380
2 1 0.133984 0.046116 0.689852 0.122433 0.007615
0 1 0.902996 0.045852 0.041463 0.000646 0.009042
2 1 0.002394 0.096999 0.819190 0.033071 0.048345
2 2 0.006906 0.150129 0.820804 0.005538 0.016623
2 2 0.000126 0.015591 0.969220 0.008915 0.006148
2 2 0.002094 0.057516 0.925411 0.007317 0.007662
2 2 0.003677 0.068100 0.894678 0.026526 0.007020
2 2 0.000000 0.000130 0.994151 0.005717 0.000002
2 2 0.000211 0.013890 0.976056 0.006912 0.002930
2 2 0.000027 0.014263 0.982669 0.001601 0.001439
2 2 0.000557 0.032247 0.948920 0.008290 0.009986
2 2 0.000001 0.002220 0.996211 0.001464 0.000104
2 2 0.000005 0.004554 0.992163 0.002108 0.001170
2 2 0.000000 0.001948 0.997051 0.000590 0.000411
2 2 0.000190 0.029637 0.941291 0.001703 0.027179
2 2 0.000011 0.001880 0.982242 0.015659 0.000209
2 2 0.000011 0.016921 0.972948 0.002579 0.007541
2 2 0.000006 0.000771 0.979911 0.019226 0.000086
2 2 0.000049 0.003865 0.951667 0.042668 0.001751
2 2 0.000271 0.018374 0.903286 0.028580 0.049489
2 2 0.000013 0.003502 0.971700 0.024317 0.000469
2 2 0.000062 0.001057 0.926660 0.072209 0.000013
2 2 0.000133 0.013438 0.961833 0.010153 0.014443
2 2 0.000422 0.005684 0.908874 0.083896 0.001124
2 2 0.004002 0.060930 0.919266 0.012604 0.003198
2 2 0.002076 0.067670 0.919855 0.001747 0.008652
0 0 0.811300 0.101350 0.073444 0.001637 0.012269
1 1 0.154420 0.650609 0.163401 0.000046 0.031524
2 2 0.002668 0.116231 0.871926 0.001537 0.007637
2 2 0.000110 0.056087 0.940888 0.000302 0.002612
2 2 0.000195 0.070332 0.926790 0.000513 0.002170
2 2 0.000952 0.038783 0.958950 0.000184 0.001131
2 2 0.006369 0.238921 0.744687 0.000229 0.009795
2 2 0.001666 0.075823 0.919087 0.001445 0.001979
2 2 0.001364 0.010082 0.981790 0.006471 0.000293
2 2 0.004412 0.308473 0.675059 0.000224 0.011833
2 2 0.001738 0.067203 0.918776 0.008523 0.003761
2 2 0.000049 0.027020 0.971925 0.000568 0.000438
2 2 0.000008 0.005846 0.991279 0.002847 0.000020
2 2 0.000003 0.015221 0.984418 0.000010 0.000347
0 2 0.440974 0.228630 0.321385 0.000570 0.008441
0 0 0.909366 0.041177 0.045960 0.000464 0.003033
0 0 0.967636 0.023141 0.006117 0.000007 0.003098
0 0 0.881741 0.076840 0.013525 0.000029 0.027865
1 1 0.304970 0.470746 0.121100 0.000105 0.103079
0 1 0.937597 0.045007 0.012479 0.000012 0.004905
1 1 0.302916 0.494748 0.177551 0.000155 0.024629
0 0 0.975069 0.016323 0.006910 0.000009 0.001690
0 0 0.898100 0.070166 0.027178 0.000012 0.004544
1 1 0.219956 0.525257 0.227530 0.000060 0.027197
1 1 0.103045 0.613544 0.218637 0.000060 0.064715
0 0 0.970275 0.017291 0.010182 0.000074 0.002179
0 0 0.990456 0.005579 0.003038 0.000023 0.000904
0 0 0.844234 0.090470 0.058719 0.000188 0.006389
0 1 0.705909 0.223521 0.056480 0.000016 0.014074
1 1 0.030267 0.408432 0.312841 0.000446 0.248015
2 1 0.022740 0.405415 0.512686 0.000161 0.058998
2 2 0.003439 0.233908 0.694732 0.000519 0.067402
2 2 0.002384 0.191794 0.657978 0.000077 0.147767
4 2 0.026273 0.355702 0.261510 0.000066 0.356448
4 2 0.008401 0.209703 0.249412 0.000005 0.532479
4 2 0.010392 0.148915 0.155310 0.000154 0.685229
4 2 0.009400 0.034061 0.013522 0.000067 0.942950
4 2 0.015698 0.216133 0.134387 0.000001 0.633781
4 4 0.003065 0.009486 0.007247 0.000284 0.979918
4 4 0.013327 0.065282 0.029124 0.000052 0.892214
4 4 0.016360 0.019460 0.006796 0.000074 0.957310
4 4 0.003238 0.012264 0.006518 0.000121 0.977859
4 4 0.001038 0.008398 0.010549 0.000588 0.979427
4 4 0.014867 0.007939 0.004937 0.000125 0.972132
4 4 0.008130 0.010841 0.004055 0.000099 0.976875
4 4 0.004661 0.005240 0.002533 0.000042 0.987524
4 4 0.002936 0.012350 0.006207 0.000020 0.978488
4 4 0.030766 0.332887 0.160982 0.000003 0.475362
4 4 0.015065 0.284504 0.194688 0.000000 0.505742
4 4 0.024082 0.137099 0.062710 0.000096 0.776014
4 4 0.003411 0.022224 0.015558 0.000039 0.958769
4 4 0.001624 0.005013 0.002431 0.000043 0.990889
4 4 0.005492 0.018342 0.008009 0.000115 0.968040
4 4 0.023657 0.027328 0.005338 0.000019 0.943659
4 4 0.001351 0.009072 0.009159 0.000456 0.979961
4 4 0.005431 0.010989 0.003969 0.000034 0.979577
4 4 0.007096 0.032281 0.013740 0.000011 0.946872
4 4 0.002945 0.011469 0.005842 0.000045 0.979700
4 4 0.003906 0.010786 0.004074 0.000044 0.981191
4 4 0.017202 0.035419 0.007807 0.000028 0.939545
4 4 0.007531 0.027868 0.010603 0.000019 0.953979
4 4 0.014377 0.164424 0.102322 0.000003 0.718873
4 4 0.016132 0.174689 0.097470 0.000002 0.711708
2 4 0.004401 0.222226 0.477406 0.000015 0.295952
4 4 0.011683 0.183799 0.159917 0.000009 0.644592
4 4 0.016439 0.224975 0.158511 0.000006 0.600069
4 4 0.021672 0.088295 0.027774 0.000012 0.862247
2 4 0.005677 0.269371 0.449180 0.000002 0.275771
4 4 0.011014 0.128987 0.091783 0.000007 0.768209
4 4 0.015203 0.072068 0.030270 0.000046 0.882413
4 4 0.009938 0.149337 0.147200 0.000038 0.693487
4 4 0.007394 0.093309 0.091734 0.000067 0.807496
4 4 0.005102 0.070068 0.070706 0.000017 0.854108
4 4 0.007591 0.064546 0.050781 0.000124 0.876958
4 4 0.010415 0.091138 0.061079 0.000031 0.837337
4 4 0.008990 0.076692 0.049423 0.000016 0.864879
4 4 0.003320 0.010347 0.004844 0.000145 0.981344
4 4 0.001387 0.009568 0.008524 0.000057 0.980464
4 4 0.006266 0.028304 0.017118 0.000646 0.947666
4 4 0.012583 0.070536 0.037401 0.000119 0.879361
4 4 0.004636 0.011489 0.004281 0.000115 0.979479
4 4 0.003571 0.008711 0.003185 0.000069 0.984463
4 4 0.003241 0.019767 0.013652 0.000051 0.963289
4 4 0.004899 0.017888 0.008060 0.000060 0.969093
4 4 0.005466 0.016297 0.006392 0.000081 0.971764
4 4 0.002979 0.008904 0.003530 0.000021 0.984565
4 4 0.014263 0.104776 0.048676 0.000003 0.832282
4 4 0.029282 0.122522 0.031674 0.000002 0.816520
4 4 0.004694 0.022041 0.012631 0.000119 0.960515
4 4 0.016685 0.158100 0.094031 0.000014 0.731171
4 4 0.006740 0.018979 0.006858 0.000081 0.967343
2 4 0.008899 0.339518 0.410163 0.000001 0.241419
2 4 0.000590 0.092353 0.583522 0.000009 0.323526
2 2 0.001007 0.127002 0.739373 0.000261 0.132358
2 2 0.000193 0.066816 0.862408 0.000061 0.070521
2 2 0.000533 0.119279 0.778692 0.000002 0.101494
2 2 0.000365 0.096180 0.798262 0.000004 0.105189
2 2 0.000082 0.046791 0.910184 0.000036 0.042906
2 2 0.000368 0.092535 0.791416 0.000015 0.115666
2 2 0.000491 0.104067 0.804725 0.000035 0.090681
2 2 0.000564 0.107812 0.812060 0.000159 0.079406
2 2 0.000258 0.078341 0.832290 0.000026 0.089084
2 2 0.000333 0.090222 0.817901 0.000010 0.091535
2 2 0.000252 0.064686 0.803146 0.000414 0.131502
2 2 0.000179 0.066423 0.879405 0.000076 0.053916
2 2 0.000040 0.031639 0.922470 0.000142 0.045709
2 2 0.000020 0.025149 0.966632 0.000548 0.007651
2 2 0.000717 0.120345 0.781198 0.000091 0.097649
2 2 0.000184 0.066396 0.877236 0.000091 0.056094
2 2 0.000056 0.040907 0.924349 0.000069 0.034620
2 2 0.000006 0.005178 0.992589 0.000947 0.001281
2 2 0.000047 0.035770 0.908445 0.000061 0.055676
2 2 0.000042 0.036774 0.949111 0.000152 0.013921
2 2 0.000000 0.002228 0.997239 0.000012 0.000521
2 2 0.000002 0.003660 0.995846 0.000056 0.000437
2 2 0.000010 0.016644 0.955560 0.000233 0.027553
2 2 0.000011 0.012683 0.983317 0.000118 0.003871
2 2 0.000000 0.000222 0.999341 0.000425 0.000012
2 2 0.000000 0.000580 0.997443 0.001954 0.000023
2 2 0.000164 0.017634 0.971651 0.001839 0.008712
2 2 0.000001 0.005316 0.991371 0.000222 0.003090
2 2 0.000000 0.000529 0.999243 0.000198 0.000029
2 2 0.000070 0.003425 0.954455 0.040444 0.001606
2 2 0.000030 0.007869 0.985286 0.003468 0.003347
2 2 0.000001 0.000397 0.996675 0.002917 0.000010
2 2 0.000009 0.002745 0.993450 0.002661 0.001135
2 2 0.000273 0.015082 0.968151 0.005602 0.010892
2 2 0.000006 0.000567 0.995758 0.003604 0.000063
2 2 0.000002 0.000687 0.995386 0.003904 0.000022
2 2 0.000012 0.002915 0.994054 0.001456 0.001563
2 2 0.000004 0.002856 0.988321 0.008036 0.000783
2 2 0.000168 0.010101 0.982721 0.003348 0.003662
2 2 0.000004 0.002997 0.993890 0.002590 0.000519
2 2 0.000131 0.003187 0.986838 0.008888 0.000955
2 2 0.000016 0.003362 0.984146 0.011052 0.001424
2 2 0.000017 0.001353 0.995702 0.002819 0.000110
2 2 0.000177 0.008359 0.986826 0.001368 0.003269
2 2 0.000001 0.000721 0.997485 0.001720 0.000073
2 2 0.000019 0.002198 0.972751 0.024879 0.000153
2 2 0.000032 0.001457 0.888766 0.109290 0.000454
2 2 0.000265 0.001338 0.500844 0.497138 0.000415
2 2 0.000000 0.000358 0.958039 0.041577 0.000026
2 2 0.000194 0.001882 0.870964 0.126063 0.000896
2 2 0.000105 0.006711 0.838172 0.147609 0.007403
2 2 0.000003 0.000102 0.868313 0.131581 0.000001
3 2 0.000013 0.000173 0.480079 0.519689 0.000046
2 2 0.000130 0.001540 0.560336 0.437760 0.000233
3 2 0.000010 0.000148 0.340215 0.659593 0.000034
3 2 0.000142 0.000357 0.211841 0.787591 0.000069
2 2 0.000038 0.000748 0.686212 0.312550 0.000452
3 3 0.000003 0.000044 0.440375 0.559577 0.000001
2 3 0.000183 0.001571 0.696930 0.300488 0.000828
3 3 0.000051 0.000748 0.454186 0.544684 0.000331
2 3 0.000002 0.000272 0.874724 0.124986 0.000017
2 3 0.000759 0.010435 0.596431 0.369836 0.022540
3 3 0.000024 0.000207 0.442412 0.557339 0.000019
3 3 0.000015 0.000192 0.388844 0.610918 0.000030
3 3 0.000005 0.000245 0.322668 0.676941 0.000142
3 3 0.000003 0.000013 0.036679 0.963303 0.000003
3 3 0.000070 0.000202 0.119533 0.879964 0.000231
3 3 0.000063 0.000083 0.071938 0.927867 0.000048
3 3 0.000015 0.000115 0.116774 0.883003 0.000092
3 3 0.000113 0.000230 0.076967 0.922577 0.000112
3 3 0.000265 0.000107 0.040757 0.958762 0.000110
3 3 0.000020 0.000077 0.189913 0.809986 0.000005
3 3 0.000001 0.000010 0.037007 0.962981 0.000002
3 3 0.000024 0.000058 0.069986 0.929929 0.000003
3 3 0.000007 0.000016 0.014694 0.985275 0.000008
3 3 0.000117 0.000094 0.040789 0.958986 0.000014
3 3 0.000034 0.000012 0.010739 0.989213 0.000001
3 3 0.000009 0.000026 0.037707 0.962222 0.000036
3 3 0.000357 0.000308 0.039946 0.959254 0.000136
3 3 0.000132 0.000050 0.022477 0.977304 0.000037
3 3 0.000118 0.000231 0.085442 0.914162 0.000048
3 3 0.000041 0.000089 0.041110 0.958715 0.000045
3 3 0.000050 0.000080 0.012686 0.987158 0.000025
3 3 0.000005 0.000028 0.030178 0.969782 0.000006
3 3 0.000062 0.000126 0.044142 0.955648 0.000022
3 3 0.000007 0.000028 0.016263 0.983684 0.000018
3 3 0.000120 0.000017 0.005365 0.994494 0.000003
3 3 0.000016 0.000014 0.009772 0.990192 0.000006
3 3 0.000006 0.000006 0.007809 0.992178 0.000001
3 3 0.000010 0.000011 0.004054 0.995923 0.000002
3 3 0.000044 0.000020 0.006586 0.993344 0.000006
3 3 0.000045 0.000028 0.011003 0.988917 0.000007
3 3 0.000041 0.000034 0.011743 0.988170 0.000013
3 3 0.000073 0.000095 0.021645 0.978066 0.000121
3 3 0.000005 0.000015 0.022332 0.977646 0.000002
3 3 0.000065 0.000070 0.020555 0.979237 0.000073
3 3 0.000017 0.000025 0.009195 0.990748 0.000016
3 3 0.000010 0.000033 0.012943 0.986999 0.000015
3 3 0.000123 0.000073 0.022358 0.977405 0.000041
3 2 0.019088 0.017028 0.184974 0.770280 0.008631
3 2 0.004312 0.043285 0.403651 0.521230 0.027523
2 2 0.005004 0.156602 0.778618 0.013124 0.046653
2 2 0.001564 0.029924 0.948997 0.012727 0.006787
2 2 0.001748 0.025601 0.865701 0.075593 0.031357
2 2 0.000272 0.015587 0.956311 0.019512 0.008319
2 2 0.000123 0.005556 0.971049 0.021788 0.001484
2 2 0.000063 0.010150 0.968430 0.011111 0.010245
2 2 0.000131 0.004484 0.922461 0.071596 0.001328
2 2 0.000222 0.023460 0.955482 0.008007 0.012829
2 2 0.000027 0.001728 0.985920 0.012245 0.000080
2 2 0.000129 0.015943 0.931114 0.031316 0.021499
2 2 0.000086 0.002139 0.964210 0.032249 0.001316
2 2 0.000155 0.003897 0.953690 0.038488 0.003770
2 2 0.000024 0.006636 0.961246 0.031108 0.000986
