0 0 0.974343 0.011129 0.004275 0.000426 0.009826
0 0 0.971301 0.018693 0.004972 0.000084 0.004950
0 0 0.934735 0.016071 0.008125 0.005582 0.035487
0 0 0.938363 0.028434 0.009939 0.001697 0.021567
0 0 0.890481 0.030030 0.011146 0.015320 0.053023
0 0 0.985624 0.004390 0.001917 0.000408 0.007662
0 0 0.978781 0.013647 0.003214 0.000091 0.004267
0 0 0.963404 0.027604 0.004354 0.000109 0.004529
0 0 0.887754 0.065277 0.008858 0.006890 0.031221
0 0 0.942898 0.032690 0.010573 0.000495 0.013344
0 0 0.904430 0.034415 0.015385 0.005099 0.040670
0 0 0.889749 0.045386 0.010706 0.012093 0.042067
0 0 0.880240 0.032269 0.011270 0.019223 0.056997
0 0 0.997250 0.001776 0.000315 0.000007 0.000652
0 0 0.995341 0.001882 0.000468 0.000085 0.002224
0 0 0.975576 0.014420 0.004136 0.000135 0.005732
0 0 0.738931 0.092337 0.024410 0.000019 0.144302
0 0 0.939704 0.021023 0.006918 0.000045 0.032309
0 0 0.951666 0.017770 0.006838 0.000057 0.023668
0 0 0.824757 0.045663 0.018846 0.000105 0.110628
0 0 0.800557 0.066754 0.021065 0.000251 0.111373
0 0 0.835078 0.112575 0.022692 0.000070 0.029585
0 0 0.884330 0.063503 0.025869 0.000349 0.025949
0 0 0.967571 0.010393 0.003295 0.000046 0.018694
0 0 0.952478 0.011549 0.003523 0.000281 0.032168
0 0 0.897394 0.058550 0.016635 0.000024 0.027396
0 0 0.953609 0.022963 0.007226 0.000012 0.016190
0 0 0.959850 0.024309 0.007443 0.000177 0.008221
0 0 0.974642 0.008673 0.004302 0.000035 0.012348
0 0 0.985939 0.006434 0.001936 0.000222 0.005469
0 0 0.957881 0.012404 0.003220 0.005248 0.021248
0 0 0.999008 0.000639 0.000080 0.000003 0.000271
0 0 0.997942 0.001478 0.000176 0.000004 0.000400
0 0 0.998360 0.001147 0.000147 0.000003 0.000343
0 0 0.995138 0.002816 0.000459 0.000004 0.001584
0 0 0.995217 0.003280 0.000549 0.000004 0.000951
0 0 0.998773 0.000851 0.000105 0.000002 0.000268
0 0 0.989923 0.005920 0.001271 0.000010 0.002877
0 0 0.981451 0.011454 0.002800 0.000013 0.004281
0 0 0.981302 0.010127 0.002491 0.000010 0.006069
0 0 0.970039 0.019415 0.005251 0.000038 0.005256
0 0 0.992561 0.004652 0.000949 0.000005 0.001833
0 0 0.971729 0.015363 0.004491 0.000018 0.008398
0 0 0.717313 0.109871 0.047877 0.000082 0.124857
0 0 0.940967 0.037820 0.009077 0.000049 0.012088
0 0 0.897025 0.056524 0.016443 0.000029 0.029978
0 0 0.946230 0.028150 0.009336 0.000051 0.016233
0 0 0.927939 0.039121 0.010041 0.000028 0.022871
0 0 0.860295 0.067003 0.023057 0.000046 0.049600
0 0 0.485653 0.170372 0.062525 0.000091 0.281358
0 0 0.983140 0.011631 0.002713 0.000008 0.002508
0 0 0.970887 0.012228 0.003883 0.000009 0.012992
0 0 0.984233 0.005632 0.001297 0.000023 0.008816
0 0 0.981258 0.003254 0.000772 0.000009 0.014706
0 0 0.909872 0.017302 0.006286 0.000031 0.066508
0 0 0.962231 0.012112 0.003793 0.000016 0.021848
0 0 0.883535 0.023849 0.009728 0.000025 0.082864
0 0 0.996772 0.001370 0.000277 0.000013 0.001568
0 0 0.911673 0.029901 0.011045 0.000034 0.047347
0 0 0.969273 0.016624 0.005004 0.000063 0.009035
0 0 0.963106 0.009347 0.002450 0.000009 0.025088
0 0 0.970997 0.006526 0.001759 0.000024 0.020694
0 0 0.841219 0.055495 0.018597 0.000045 0.084644
0 0 0.978434 0.007027 0.002165 0.000007 0.012367
0 0 0.927489 0.013214 0.004608 0.000021 0.054668
0 0 0.900817 0.027048 0.006985 0.000013 0.065137
0 0 0.831483 0.092966 0.027254 0.000038 0.048259
0 0 0.767787 0.054908 0.018106 0.000034 0.159165
0 0 0.968039 0.018547 0.004912 0.000013 0.008489
0 0 0.935673 0.048541 0.010427 0.000050 0.005309
0 0 0.962068 0.016232 0.004692 0.000011 0.016996
0 0 0.709194 0.139390 0.059936 0.000135 0.091344
0 0 0.640418 0.213346 0.085975 0.000174 0.060086
0 0 0.855296 0.090589 0.024157 0.000028 0.029929
0 0 0.933300 0.020240 0.007478 0.000033 0.038949
0 0 0.822598 0.133906 0.016034 0.003463 0.023999
0 0 0.889170 0.079751 0.013971 0.001013 0.016095
0 0 0.956067 0.022025 0.004355 0.000332 0.017220
0 0 0.967456 0.022533 0.003711 0.000254 0.006045
0 0 0.975017 0.013698 0.003036 0.000465 0.007784
0 0 0.975091 0.016815 0.003285 0.000129 0.004680
0 0 0.998643 0.001021 0.000111 0.000001 0.000222
0 0 0.998194 0.001022 0.000158 0.000010 0.000616
0 0 0.995669 0.002841 0.000510 0.000012 0.000968
0 0 0.925921 0.040664 0.010833 0.000058 0.022524
0 0 0.963009 0.025799 0.005909 0.000072 0.005211
0 0 0.940799 0.042326 0.008632 0.000028 0.008215
0 0 0.984076 0.007265 0.002105 0.000008 0.006547
0 0 0.926050 0.050003 0.012012 0.000081 0.011854
0 0 0.976089 0.007912 0.002126 0.000013 0.013860
2 0 0.082745 0.416965 0.441564 0.002414 0.056311
1 1 0.343498 0.345785 0.159630 0.000133 0.150955
2 1 0.084872 0.366453 0.528951 0.003551 0.016173
1 2 0.238160 0.493859 0.234482 0.000397 0.033102
2 2 0.027184 0.341077 0.557389 0.006640 0.067710
1 2 0.035539 0.418579 0.382100 0.002338 0.161444
2 2 0.010954 0.169678 0.744282 0.033465 0.041622
2 2 0.008275 0.172808 0.727433 0.038644 0.052840
2 2 0.006689 0.096383 0.765974 0.054140 0.076815
2 2 0.001051 0.021295 0.860989 0.051541 0.065123
2 2 0.001889 0.017890 0.932284 0.044462 0.003475
2 2 0.000130 0.006242 0.896537 0.054022 0.043069
2 2 0.000221 0.001535 0.943050 0.054815 0.000379
2 2 0.000552 0.002990 0.905525 0.087908 0.003026
2 2 0.000490 0.002121 0.826526 0.169841 0.001022
2 2 0.000104 0.001511 0.922817 0.073197 0.002371
2 2 0.000096 0.000575 0.691209 0.308018 0.000101
2 2 0.000293 0.001852 0.793902 0.198744 0.005209
2 2 0.000259 0.000654 0.753331 0.245659 0.000096
2 2 0.000236 0.002237 0.895235 0.098985 0.003307
2 2 0.000961 0.003474 0.928430 0.062015 0.005120
2 2 0.001151 0.002786 0.920512 0.073991 0.001560
2 2 0.000100 0.000727 0.800766 0.198197 0.000210
2 2 0.000117 0.000831 0.759895 0.238855 0.000303
2 2 0.000124 0.000587 0.822084 0.177179 0.000026
2 2 0.000657 0.002151 0.739387 0.256379 0.001425
3 2 0.004438 0.001755 0.332155 0.661222 0.000429
3 2 0.001011 0.001638 0.436359 0.560402 0.000589
2 2 0.001283 0.001867 0.612532 0.383469 0.000849
3 3 0.002126 0.001076 0.393089 0.603412 0.000298
2 3 0.001322 0.001770 0.624919 0.371812 0.000176
3 3 0.000191 0.000296 0.143545 0.855908 0.000060
3 3 0.000774 0.000458 0.073825 0.924575 0.000369
3 3 0.000578 0.000600 0.259777 0.738846 0.000198
3 3 0.000053 0.000117 0.143533 0.856292 0.000005
2 3 0.003196 0.003072 0.575378 0.417538 0.000816
2 3 0.000514 0.001212 0.549996 0.448094 0.000184
3 3 0.000048 0.000090 0.059047 0.940801 0.000014
3 3 0.001065 0.001594 0.384012 0.612968 0.000361
3 3 0.000486 0.000333 0.074547 0.924478 0.000156
3 3 0.000203 0.000257 0.084739 0.914740 0.000061
3 3 0.000283 0.000195 0.087890 0.911616 0.000016
3 3 0.000032 0.000023 0.015651 0.984291 0.000002
2 2 0.028600 0.204230 0.727733 0.029058 0.010379
2 2 0.004642 0.037533 0.670848 0.275248 0.011729
2 2 0.000740 0.004298 0.939016 0.054444 0.001502
2 2 0.004007 0.011723 0.944975 0.037007 0.002288
2 2 0.000032 0.001385 0.878740 0.118167 0.001676
2 2 0.000014 0.000194 0.773045 0.226736 0.000011
2 2 0.000388 0.002737 0.902620 0.093396 0.000859
2 2 0.000559 0.000834 0.622402 0.376114 0.000091
3 2 0.000831 0.000556 0.139912 0.858634 0.000066
3 2 0.001127 0.001080 0.255893 0.741519 0.000381
3 3 0.005120 0.002144 0.280500 0.711025 0.001211
3 3 0.000103 0.000129 0.121392 0.878374 0.000003
3 3 0.000281 0.000520 0.216447 0.781899 0.000852
3 3 0.001145 0.000738 0.131034 0.866869 0.000214
3 3 0.002958 0.001330 0.155912 0.839256 0.000544
3 3 0.000114 0.000081 0.038655 0.961147 0.000003
3 3 0.001326 0.000319 0.027995 0.970225 0.000135
3 3 0.001783 0.000502 0.032277 0.964634 0.000803
3 3 0.001086 0.000270 0.034377 0.964242 0.000026
3 3 0.001337 0.000808 0.132361 0.864024 0.001469
3 3 0.000223 0.000071 0.007751 0.991925 0.000029
3 3 0.000392 0.000183 0.015944 0.983440 0.000041
3 3 0.002005 0.000329 0.022709 0.974839 0.000118
3 3 0.000239 0.000190 0.055040 0.944489 0.000042
3 3 0.000670 0.000392 0.043306 0.955587 0.000045
3 3 0.000387 0.000108 0.011879 0.987602 0.000024
3 3 0.000560 0.000150 0.023595 0.975679 0.000015
3 3 0.000035 0.000027 0.005460 0.994468 0.000009
3 3 0.000062 0.000031 0.009174 0.990728 0.000005
3 3 0.000373 0.000100 0.014161 0.985351 0.000015
3 3 0.000105 0.000125 0.025805 0.973923 0.000041
3 3 0.000767 0.000427 0.029978 0.968778 0.000050
3 3 0.000046 0.000026 0.007473 0.992447 0.000007
3 3 0.000006 0.000009 0.006784 0.993200 0.000001
3 3 0.000022 0.000035 0.014648 0.985290 0.000006
3 3 0.000058 0.000044 0.016369 0.983518 0.000011
3 3 0.000027 0.000012 0.003812 0.996147 0.000002
3 3 0.000037 0.000047 0.011494 0.988415 0.000007
3 3 0.000030 0.000011 0.002993 0.996963 0.000004
3 3 0.000175 0.000076 0.011662 0.988081 0.000007
3 3 0.000063 0.000032 0.006884 0.993013 0.000009
3 3 0.000652 0.000215 0.013185 0.985890 0.000058
3 3 0.000016 0.000008 0.003019 0.996956 0.000001
3 3 0.000208 0.000072 0.011927 0.987782 0.000010
3 3 0.000340 0.000069 0.008718 0.990851 0.000021
3 3 0.002089 0.000182 0.009377 0.988273 0.000078
3 3 0.000139 0.000078 0.013309 0.986458 0.000017
3 3 0.000032 0.000023 0.009356 0.990586 0.000002
3 3 0.000006 0.000008 0.008057 0.991928 0.000001
3 3 0.000095 0.000040 0.004197 0.995630 0.000038
3 3 0.000899 0.000178 0.008042 0.990777 0.000104
3 3 0.000205 0.000033 0.004462 0.995285 0.000015
3 3 0.001316 0.000219 0.015321 0.982851 0.000293
3 3 0.000439 0.000036 0.001981 0.997403 0.000141
3 3 0.000392 0.000150 0.010645 0.988769 0.000044
3 2 0.003492 0.004327 0.197752 0.793644 0.000785
3 2 0.003160 0.004716 0.197686 0.792240 0.002198
3 2 0.000037 0.000220 0.419425 0.580300 0.000017
3 2 0.000440 0.001360 0.440036 0.557110 0.001054
3 2 0.000172 0.000164 0.113327 0.886319 0.000019
3 2 0.000271 0.000835 0.375739 0.622984 0.000170
3 2 0.000019 0.000088 0.081064 0.918778 0.000051
3 3 0.001960 0.000834 0.043814 0.953124 0.000267
3 3 0.000054 0.000219 0.137967 0.861336 0.000423
3 3 0.002571 0.000925 0.135113 0.860965 0.000426
3 3 0.000745 0.000562 0.055841 0.942101 0.000751
3 3 0.001392 0.000630 0.077406 0.920472 0.000099
3 3 0.000978 0.001879 0.484056 0.512618 0.000470
3 3 0.001010 0.002373 0.348042 0.646482 0.002093
2 2 0.000462 0.004684 0.898869 0.090205 0.005780
2 2 0.000066 0.003704 0.886853 0.104327 0.005049
2 2 0.000659 0.029792 0.828132 0.072809 0.068609
2 2 0.000209 0.004597 0.901103 0.089736 0.004356
2 2 0.000664 0.039574 0.841077 0.032565 0.086121
2 2 0.000934 0.036595 0.753498 0.014147 0.194827
2 2 0.002064 0.089590 0.652029 0.010251 0.246066
2 2 0.000042 0.002933 0.885983 0.099861 0.011182
4 2 0.004975 0.083146 0.343097 0.004742 0.564041
2 2 0.001098 0.072410 0.745328 0.008679 0.172485
2 2 0.001615 0.093559 0.674227 0.007039 0.223560
2 2 0.002372 0.088608 0.559904 0.005619 0.343497
4 2 0.007579 0.054524 0.129926 0.001574 0.806397
2 2 0.000868 0.049871 0.823235 0.040226 0.085800
2 2 0.000233 0.017244 0.891208 0.051638 0.039676
2 2 0.024319 0.282411 0.652419 0.007900 0.032951
2 2 0.000515 0.012647 0.916245 0.056048 0.014546
2 2 0.002435 0.027640 0.949350 0.015691 0.004884
0 2 0.500788 0.305948 0.144015 0.001624 0.047625
2 2 0.003572 0.080680 0.894900 0.011206 0.009642
2 2 0.000706 0.009172 0.961637 0.025945 0.002539
2 2 0.001808 0.023316 0.959480 0.013940 0.001456
2 2 0.006124 0.035016 0.889309 0.066388 0.003164
2 2 0.004911 0.094162 0.856576 0.025633 0.018717
2 2 0.000298 0.007628 0.960660 0.029011 0.002402
2 2 0.000406 0.001131 0.744704 0.253563 0.000197
2 2 0.000510 0.002426 0.636961 0.355650 0.004453
2 2 0.000103 0.001691 0.916113 0.078290 0.003804
2 2 0.000130 0.001542 0.916567 0.081527 0.000234
2 2 0.000259 0.001959 0.924810 0.072662 0.000309
2 2 0.000040 0.000563 0.937706 0.061639 0.000052
2 2 0.000173 0.000585 0.520131 0.478894 0.000218
2 2 0.001911 0.003314 0.742556 0.244896 0.007323
2 2 0.000252 0.001046 0.862395 0.136200 0.000108
2 2 0.002082 0.002250 0.627839 0.367318 0.000511
2 2 0.000328 0.001294 0.573234 0.424966 0.000178
2 3 0.000301 0.000659 0.608947 0.390068 0.000025
3 3 0.002199 0.001353 0.380748 0.615611 0.000090
2 3 0.001399 0.002717 0.682525 0.312991 0.000368
3 3 0.011134 0.004097 0.340169 0.643769 0.000831
2 3 0.005855 0.005866 0.646789 0.340511 0.000979
3 3 0.005074 0.002141 0.201121 0.790184 0.001481
3 3 0.003614 0.003401 0.376968 0.615836 0.000181
3 3 0.001153 0.000947 0.154633 0.843145 0.000122
3 3 0.000629 0.000216 0.026192 0.972935 0.000028
3 3 0.001646 0.000674 0.087694 0.909925 0.000061
3 3 0.007701 0.001761 0.145570 0.844555 0.000413
3 3 0.001293 0.000928 0.100072 0.897522 0.000185
3 3 0.000609 0.000519 0.156418 0.842418 0.000036
3 3 0.000113 0.000361 0.168086 0.831430 0.000009
3 3 0.007486 0.002716 0.136898 0.851522 0.001378
3 3 0.000792 0.000853 0.141191 0.857088 0.000076
3 3 0.001244 0.000819 0.061768 0.936038 0.000131
3 3 0.001410 0.000622 0.023213 0.974580 0.000175
3 3 0.005594 0.001033 0.043217 0.949981 0.000175
3 3 0.003057 0.000459 0.051157 0.945284 0.000042
3 3 0.010474 0.001366 0.036505 0.951321 0.000334
3 3 0.004474 0.001283 0.035135 0.958788 0.000319
3 2 0.003806 0.001170 0.067735 0.927112 0.000177
0 2 0.580097 0.205808 0.137757 0.019199 0.057139
2 2 0.054225 0.177072 0.658714 0.084948 0.025042
2 2 0.107674 0.198057 0.592009 0.084302 0.017959
2 2 0.000450 0.009241 0.820233 0.164440 0.005635
2 2 0.000263 0.004601 0.897227 0.088643 0.009266
2 2 0.000181 0.003582 0.936164 0.056255 0.003818
2 2 0.001426 0.006166 0.893924 0.097176 0.001308
2 2 0.000017 0.000570 0.790798 0.208393 0.000221
3 2 0.000104 0.000464 0.473048 0.526209 0.000175
2 2 0.000440 0.001927 0.787636 0.209681 0.000316
2 2 0.000021 0.000307 0.592810 0.406795 0.000066
3 2 0.000780 0.000994 0.488175 0.509862 0.000189
2 2 0.000291 0.001496 0.698126 0.299484 0.000602
2 2 0.002391 0.002863 0.511730 0.482772 0.000244
2 2 0.000012 0.000195 0.606936 0.392842 0.000015
3 2 0.000305 0.000510 0.146500 0.852631 0.000054
3 2 0.000485 0.000906 0.462454 0.536097 0.000058
2 2 0.000737 0.001326 0.532699 0.465056 0.000182
3 2 0.002743 0.001634 0.236383 0.759095 0.000144
3 2 0.000308 0.000683 0.497874 0.501067 0.000068
3 2 0.003801 0.003122 0.360411 0.630345 0.002322
3 2 0.003534 0.003799 0.369364 0.622517 0.000787
3 3 0.000052 0.000096 0.076253 0.923588 0.000012
3 3 0.006067 0.002013 0.149790 0.841995 0.000136
3 3 0.000102 0.000111 0.024452 0.975322 0.000012
3 3 0.000244 0.000270 0.090559 0.908913 0.000014
3 3 0.000676 0.001136 0.124458 0.873594 0.000136
3 3 0.001453 0.000931 0.095592 0.901951 0.000073
3 3 0.000266 0.000293 0.100611 0.898790 0.000040
3 3 0.000442 0.000535 0.103328 0.895574 0.000120
3 3 0.000324 0.000250 0.036330 0.963066 0.000030
3 3 0.000654 0.000232 0.024179 0.974867 0.000068
3 3 0.000500 0.000198 0.021558 0.977718 0.000026
3 3 0.001700 0.000776 0.025751 0.971533 0.000241
3 3 0.000790 0.000519 0.037473 0.961126 0.000092
3 2 0.009980 0.006999 0.149427 0.832847 0.000748
2 2 0.002096 0.014507 0.682758 0.297841 0.002798
2 2 0.008088 0.010463 0.733480 0.246455 0.001513
2 2 0.001088 0.005640 0.811929 0.178731 0.002613
2 2 0.001714 0.003240 0.628150 0.366831 0.000065
2 2 0.000334 0.003901 0.843134 0.151777 0.000854
2 2 0.000633 0.003191 0.831502 0.164634 0.000039
2 2 0.000042 0.000943 0.804223 0.194681 0.000111
2 2 0.000711 0.003083 0.865524 0.130636 0.000046
2 2 0.000182 0.002053 0.908223 0.089430 0.000112
2 2 0.001675 0.031692 0.752360 0.205665 0.008608
2 2 0.000118 0.001140 0.823913 0.174697 0.000132
2 2 0.000647 0.003391 0.774827 0.219507 0.001628
2 2 0.000343 0.001408 0.607966 0.390191 0.000092
3 2 0.000083 0.000718 0.462885 0.535686 0.000628
2 2 0.000100 0.002575 0.825257 0.170901 0.001168
2 2 0.000501 0.002473 0.853951 0.142830 0.000245
2 2 0.000190 0.001537 0.858878 0.138538 0.000858
2 2 0.000314 0.002213 0.777154 0.219443 0.000876
2 2 0.000242 0.000965 0.673843 0.324932 0.000018
2 2 0.000424 0.001953 0.691132 0.306116 0.000375
2 2 0.000767 0.005094 0.807721 0.184654 0.001763
2 2 0.001117 0.003760 0.814018 0.180622 0.000483
2 2 0.000066 0.000521 0.655970 0.343416 0.000027
2 2 0.000085 0.000589 0.679259 0.319963 0.000105
3 2 0.006931 0.007828 0.469386 0.514423 0.001433
2 2 0.000811 0.002271 0.635916 0.360914 0.000088
2 2 0.002745 0.005439 0.532554 0.457947 0.001315
2 2 0.000676 0.001907 0.751827 0.245196 0.000394
3 2 0.000406 0.000988 0.344525 0.653956 0.000125
3 2 0.000344 0.000966 0.381119 0.617453 0.000118
3 2 0.003539 0.001423 0.204696 0.790183 0.000159
2 2 0.000106 0.000504 0.531349 0.467991 0.000050
3 2 0.003209 0.002013 0.177289 0.817295 0.000194
3 2 0.001395 0.000995 0.317846 0.679724 0.000040
3 2 0.000334 0.001757 0.375512 0.622304 0.000092
3 2 0.004347 0.000709 0.079199 0.915558 0.000186
2 2 0.002357 0.004123 0.547916 0.445275 0.000329
3 2 0.000151 0.000307 0.110021 0.889492 0.000029
3 2 0.001418 0.002027 0.179584 0.815730 0.001240
3 2 0.000173 0.000539 0.193307 0.805845 0.000136
3 2 0.014281 0.007533 0.135643 0.840489 0.002054
2 2 0.274006 0.268759 0.397724 0.037225 0.022287
2 2 0.002061 0.020189 0.798621 0.174672 0.004457
2 2 0.000966 0.012166 0.633569 0.347899 0.005400
2 2 0.000210 0.001379 0.877624 0.120578 0.000209
2 2 0.000687 0.005439 0.681225 0.308760 0.003889
2 2 0.000773 0.003550 0.771075 0.222691 0.001911
2 2 0.003085 0.008176 0.681026 0.307316 0.000396
2 2 0.000059 0.002375 0.957372 0.039290 0.000905
2 2 0.000003 0.000185 0.849295 0.150512 0.000004
2 2 0.000231 0.001272 0.740725 0.257250 0.000523
2 2 0.000039 0.000800 0.721191 0.277857 0.000113
2 2 0.000001 0.000181 0.825397 0.174407 0.000013
2 2 0.002199 0.002691 0.628860 0.365901 0.000348
2 2 0.000072 0.000497 0.657260 0.342156 0.000015
2 2 0.000461 0.002347 0.624682 0.370930 0.001580
2 2 0.000651 0.002851 0.766150 0.229857 0.000491
2 2 0.000377 0.002196 0.712373 0.284438 0.000616
2 2 0.001904 0.004218 0.686097 0.307105 0.000676
2 2 0.003411 0.011304 0.811337 0.153855 0.020093
3 2 0.002137 0.001597 0.208486 0.787619 0.000162
3 2 0.000173 0.000327 0.187642 0.811833 0.000024
3 2 0.000759 0.001044 0.216171 0.781904 0.000122
3 2 0.000380 0.001043 0.373507 0.624972 0.000097
3 3 0.000820 0.000824 0.141724 0.856384 0.000248
3 3 0.004954 0.001331 0.065481 0.927774 0.000461
3 3 0.001957 0.001231 0.185463 0.811292 0.000056
3 3 0.001384 0.001200 0.157813 0.839508 0.000095
3 3 0.001178 0.001497 0.103595 0.893453 0.000277
3 3 0.002800 0.003096 0.244045 0.747489 0.002571
3 3 0.003183 0.003011 0.207762 0.785829 0.000215
3 3 0.002014 0.001365 0.087064 0.909496 0.000060
3 3 0.003933 0.001793 0.164846 0.829289 0.000139
3 3 0.001263 0.002264 0.100872 0.895331 0.000270
3 3 0.000093 0.000082 0.043365 0.956449 0.000010
3 3 0.003896 0.000991 0.043360 0.951636 0.000117
3 3 0.005532 0.002433 0.067495 0.923968 0.000573
3 3 0.000665 0.001642 0.237461 0.759778 0.000454
3 3 0.000615 0.000733 0.101678 0.896903 0.000071
3 3 0.011495 0.006234 0.200943 0.780172 0.001156
3 3 0.002620 0.003011 0.213108 0.780791 0.000470
3 3 0.000751 0.003525 0.431789 0.557507 0.006428
2 3 0.002931 0.003500 0.559269 0.433556 0.000744
2 4 0.006664 0.066453 0.483278 0.045213 0.398393
4 4 0.008814 0.054897 0.140102 0.002646 0.793541
4 4 0.007149 0.113812 0.213820 0.001813 0.663406
2 4 0.043860 0.204349 0.424374 0.015414 0.312003
4 4 0.010812 0.056043 0.113511 0.002471 0.817163
2 4 0.025372 0.136805 0.457148 0.014654 0.366020
4 4 0.004623 0.087772 0.387450 0.005652 0.514503
2 4 0.026397 0.258202 0.547814 0.012950 0.154637
4 4 0.010954 0.230802 0.162911 0.001099 0.594234
4 4 0.005169 0.150222 0.245651 0.000920 0.598037
4 4 0.011216 0.087801 0.092153 0.000882 0.807948
4 4 0.006226 0.170735 0.254684 0.001367 0.566988
4 4 0.005195 0.105549 0.371294 0.005087 0.512875
4 4 0.014125 0.040524 0.022219 0.000190 0.922941
4 4 0.024601 0.016034 0.010475 0.000120 0.948771
4 4 0.034388 0.020324 0.014084 0.000316 0.930888
2 4 0.004640 0.222758 0.560827 0.017572 0.194203
4 4 0.003755 0.112641 0.405024 0.003047 0.475533
2 4 0.001939 0.104745 0.616979 0.005205 0.271133
4 4 0.012240 0.115780 0.170272 0.003350 0.698358
4 4 0.025031 0.016849 0.012351 0.000387 0.945383
4 4 0.021380 0.126986 0.098236 0.000474 0.752923
2 4 0.002504 0.152037 0.580853 0.004977 0.259630
4 4 0.007600 0.102824 0.084721 0.000242 0.804613
4 4 0.013281 0.131756 0.044979 0.000151 0.809833
4 4 0.005874 0.178744 0.197054 0.000555 0.617773
4 4 0.040757 0.026119 0.020149 0.000254 0.912721
4 4 0.017127 0.012358 0.011338 0.000414 0.958762
4 4 0.009139 0.076043 0.331917 0.008855 0.574047
2 4 0.002399 0.111558 0.626504 0.009135 0.250404
4 4 0.019063 0.186366 0.114279 0.000949 0.679344
4 4 0.005978 0.093895 0.070535 0.000104 0.829487
4 4 0.012245 0.078330 0.031851 0.000117 0.877457
2 4 0.005399 0.135590 0.489624 0.013184 0.356203
2 4 0.001870 0.109166 0.614565 0.004503 0.269896
2 4 0.002292 0.095291 0.548671 0.004316 0.349431
4 4 0.004584 0.143771 0.217094 0.000519 0.634032
4 4 0.014097 0.015674 0.012334 0.000221 0.957674
4 4 0.018880 0.052143 0.035031 0.000690 0.893256
2 4 0.002866 0.174982 0.521130 0.003364 0.297658
4 4 0.009282 0.173386 0.257012 0.003470 0.556850
4 4 0.010791 0.143469 0.196772 0.002832 0.646136
2 4 0.002664 0.155379 0.462340 0.001719 0.377897
4 4 0.013473 0.055002 0.026731 0.000128 0.904665
4 4 0.024856 0.049850 0.036330 0.000312 0.888652
4 4 0.009649 0.113521 0.141643 0.001248 0.733939
4 4 0.041070 0.081911 0.044459 0.000713 0.831846
4 4 0.013279 0.204486 0.339165 0.003348 0.439722
4 4 0.027041 0.141715 0.193515 0.013915 0.623815
4 4 0.009555 0.147433 0.198816 0.002132 0.642065
2 4 0.003138 0.131922 0.468267 0.003056 0.393617
4 4 0.007912 0.203653 0.201410 0.001026 0.585999
4 4 0.011246 0.137424 0.304006 0.009362 0.537961
2 4 0.002749 0.183149 0.524660 0.003107 0.286335
4 4 0.021678 0.141429 0.151986 0.004119 0.680788
2 4 0.002148 0.105421 0.720956 0.029495 0.141981
2 4 0.001620 0.092215 0.732984 0.016613 0.156568
2 4 0.001887 0.090132 0.527065 0.002404 0.378513
4 4 0.005887 0.135710 0.295032 0.002390 0.560981
2 4 0.001437 0.084451 0.677308 0.006032 0.230772
2 4 0.001075 0.069212 0.778139 0.014879 0.136696
4 4 0.016465 0.116754 0.051186 0.000310 0.815285
4 4 0.006449 0.229565 0.362615 0.003786 0.397584
2 4 0.002158 0.081923 0.732090 0.052270 0.131559
2 4 0.002948 0.123628 0.482299 0.003208 0.387916
2 4 0.009647 0.125348 0.457321 0.046716 0.360968
4 4 0.005228 0.107778 0.183181 0.000630 0.703182
2 4 0.019662 0.165784 0.448284 0.008826 0.357444
2 4 0.005854 0.215265 0.507374 0.015271 0.256236
2 4 0.001094 0.072308 0.663843 0.003199 0.259555
4 4 0.004487 0.137288 0.281628 0.001099 0.575497
2 2 0.000786 0.067288 0.852139 0.013523 0.066263
2 2 0.000533 0.053512 0.821317 0.006647 0.117991
2 2 0.000441 0.039226 0.882130 0.033278 0.044924
2 2 0.000121 0.014563 0.920816 0.008721 0.055779
2 2 0.002514 0.042140 0.779247 0.037111 0.138989
2 2 0.010084 0.242980 0.501007 0.010519 0.235410
2 2 0.000525 0.032495 0.918304 0.003633 0.045042
2 2 0.000302 0.003439 0.979306 0.015645 0.001309
2 2 0.000263 0.003970 0.983653 0.011533 0.000581
2 2 0.000527 0.005681 0.944325 0.036914 0.012553
2 2 0.000235 0.009648 0.962456 0.016620 0.011041
2 2 0.000314 0.004993 0.886965 0.093356 0.014372
2 2 0.000082 0.002024 0.926407 0.070889 0.000599
2 2 0.000070 0.009846 0.973736 0.003257 0.013090
2 2 0.000418 0.005482 0.945568 0.043733 0.004799
2 2 0.000003 0.000558 0.921589 0.077414 0.000437
2 2 0.000744 0.004616 0.918877 0.074305 0.001458
2 2 0.000010 0.000447 0.893675 0.105842 0.000026
2 2 0.000713 0.009863 0.966086 0.018640 0.004698
2 2 0.000157 0.002216 0.960716 0.036234 0.000677
2 2 0.000531 0.006573 0.914518 0.074164 0.004214
2 2 0.000476 0.003139 0.847107 0.146602 0.002675
2 2 0.000166 0.001602 0.955351 0.042207 0.000674
2 2 0.000074 0.002622 0.960420 0.034428 0.002456
2 2 0.000059 0.001493 0.971909 0.024721 0.001818
2 2 0.000561 0.002290 0.930155 0.066516 0.000479
2 2 0.000052 0.000883 0.922597 0.076295 0.000173
2 2 0.000166 0.002698 0.891110 0.104878 0.001147
2 2 0.000018 0.000415 0.971016 0.028524 0.000027
2 2 0.000040 0.002006 0.981121 0.015539 0.001293
2 2 0.001438 0.006942 0.953812 0.034742 0.003065
2 2 0.000021 0.000499 0.829970 0.169432 0.000078
2 2 0.002012 0.009357 0.940667 0.046037 0.001928
2 2 0.006563 0.004391 0.842519 0.146043 0.000484
2 2 0.000657 0.002389 0.828266 0.168389 0.000300
2 2 0.000287 0.003730 0.960927 0.033809 0.001247
2 2 0.005067 0.008305 0.881770 0.102135 0.002723
2 2 0.000279 0.002539 0.818347 0.177745 0.001090
2 2 0.001260 0.003735 0.867487 0.127196 0.000322
2 2 0.000048 0.001039 0.833033 0.165377 0.000503
2 2 0.001652 0.004895 0.928837 0.064149 0.000466
2 2 0.202078 0.075348 0.626732 0.090938 0.004905
2 2 0.013273 0.072662 0.759487 0.148082 0.006496
2 2 0.003782 0.060717 0.887194 0.042673 0.005634
2 2 0.000058 0.006024 0.970182 0.021162 0.002574
2 2 0.000664 0.003709 0.914856 0.079849 0.000923
2 2 0.000054 0.001715 0.867737 0.128727 0.001767
2 2 0.000594 0.004855 0.916397 0.072675 0.005478
2 2 0.000192 0.002573 0.958655 0.037556 0.001024
2 2 0.000126 0.001434 0.947165 0.051151 0.000124
2 2 0.000087 0.002418 0.962813 0.032174 0.002508
2 2 0.000947 0.005532 0.940209 0.052493 0.000820
2 2 0.000295 0.003345 0.823067 0.170918 0.002375
2 2 0.000310 0.001613 0.916222 0.081669 0.000186
2 2 0.000202 0.002697 0.941696 0.054774 0.000631
2 2 0.000290 0.001645 0.764463 0.232716 0.000887
2 2 0.000143 0.001666 0.809318 0.188604 0.000269
2 2 0.000194 0.003323 0.970175 0.025487 0.000821
2 2 0.002789 0.004086 0.731100 0.261437 0.000588
2 2 0.000735 0.002700 0.915842 0.080196 0.000528
2 2 0.001423 0.002981 0.645464 0.348781 0.001352
2 2 0.000179 0.002955 0.872260 0.123759 0.000847
2 2 0.000527 0.002385 0.818838 0.177844 0.000406
2 2 0.000382 0.001755 0.867672 0.130051 0.000140
2 2 0.004406 0.007479 0.783747 0.203511 0.000858
2 2 0.001468 0.004658 0.831051 0.157900 0.004923
2 2 0.002009 0.004340 0.859183 0.133599 0.000868
2 2 0.003183 0.005929 0.742565 0.247050 0.001273
2 2 0.000778 0.002132 0.704068 0.292838 0.000183
3 2 0.000299 0.001446 0.338006 0.660107 0.000142
2 2 0.004595 0.009622 0.849495 0.135716 0.000573
2 2 0.000074 0.001370 0.920928 0.077587 0.000041
2 2 0.000010 0.000393 0.766612 0.232968 0.000017
2 2 0.000075 0.000738 0.912593 0.086543 0.000051
2 2 0.003360 0.009139 0.846208 0.138517 0.002775
2 2 0.000932 0.002138 0.633933 0.362846 0.000151
3 2 0.011115 0.003083 0.325879 0.659726 0.000198
2 2 0.002355 0.004447 0.649332 0.343368 0.000497
3 2 0.003865 0.003752 0.482468 0.509635 0.000280
2 2 0.000298 0.005281 0.872330 0.118249 0.003842
2 2 0.004635 0.005297 0.750866 0.238730 0.000471
3 2 0.003615 0.009480 0.425449 0.555711 0.005745
3 2 0.000979 0.001023 0.285974 0.711923 0.000101
2 2 0.004348 0.007224 0.597283 0.389962 0.001183
3 2 0.011442 0.003765 0.182941 0.801233 0.000619
3 2 0.025362 0.009880 0.247739 0.714013 0.003006
3 2 0.053665 0.011436 0.255851 0.677182 0.001866
3 3 0.002272 0.001006 0.087673 0.908862 0.000187
3 3 0.018143 0.011196 0.220648 0.738450 0.011562
3 3 0.007450 0.001721 0.084783 0.905817 0.000229
3 3 0.004144 0.002656 0.129372 0.863229 0.000599
3 3 0.003846 0.002598 0.184478 0.808957 0.000122
3 3 0.002717 0.001200 0.056908 0.938933 0.000242
3 3 0.020215 0.004549 0.198551 0.776324 0.000360
3 3 0.000150 0.000361 0.106825 0.892642 0.000023
3 3 0.003393 0.001595 0.061245 0.933533 0.000234
3 3 0.014762 0.005100 0.102772 0.876802 0.000565
3 3 0.001250 0.001190 0.076059 0.921062 0.000439
3 3 0.002474 0.000512 0.022538 0.974398 0.000078
3 3 0.019766 0.004603 0.040446 0.933466 0.001719
3 3 0.002922 0.000770 0.014678 0.981041 0.000589
3 3 0.015505 0.006382 0.088100 0.887687 0.002325
3 3 0.007766 0.001149 0.018706 0.971914 0.000464
3 3 0.006986 0.000928 0.015950 0.975693 0.000442
3 3 0.002715 0.001086 0.047352 0.948597 0.000249
3 3 0.015171 0.002005 0.032422 0.949928 0.000475
3 3 0.004229 0.001982 0.039245 0.953525 0.001020
3 3 0.001751 0.000595 0.014116 0.983310 0.000227
3 3 0.015426 0.004657 0.120405 0.859007 0.000504
3 3 0.015094 0.008341 0.103582 0.871251 0.001732
3 3 0.000896 0.000666 0.062999 0.935318 0.000121
3 3 0.010740 0.004328 0.109115 0.875242 0.000574
3 3 0.010181 0.004964 0.086875 0.897262 0.000718
3 3 0.004937 0.002631 0.089474 0.902557 0.000400
3 3 0.004941 0.001707 0.043150 0.949259 0.000943
3 3 0.000150 0.000349 0.051855 0.947533 0.000113
3 3 0.003993 0.003347 0.077965 0.913942 0.000753
3 3 0.005118 0.002993 0.099835 0.891388 0.000666
3 3 0.000990 0.000592 0.099976 0.898224 0.000219
3 3 0.010432 0.003283 0.118363 0.866603 0.001319
3 3 0.001497 0.000343 0.032478 0.965614 0.000068
3 3 0.002292 0.001140 0.041375 0.954830 0.000363
3 3 0.006533 0.001968 0.058668 0.932474 0.000357
3 3 0.001320 0.000534 0.026587 0.971351 0.000208
3 3 0.066923 0.009584 0.091663 0.828898 0.002931
3 3 0.002359 0.001025 0.029882 0.966473 0.000262
3 3 0.001771 0.001342 0.099683 0.897008 0.000196
3 3 0.001978 0.000476 0.020417 0.976992 0.000137
3 3 0.014154 0.006846 0.085584 0.891993 0.001422
3 3 0.019392 0.010503 0.085499 0.880847 0.003760
3 3 0.014853 0.004973 0.097261 0.882316 0.000597
3 3 0.026132 0.006832 0.050309 0.894680 0.022047
3 3 0.020359 0.004000 0.030177 0.943449 0.002014
3 3 0.005761 0.002207 0.118774 0.872143 0.001115
3 3 0.006107 0.006066 0.381196 0.605417 0.001214
2 3 0.036533 0.014315 0.580506 0.366381 0.002266
3 3 0.002455 0.001919 0.155442 0.838090 0.002094
3 3 0.004258 0.001269 0.069992 0.924176 0.000305
3 3 0.003310 0.001784 0.065523 0.929077 0.000305
3 3 0.008696 0.002628 0.072256 0.914566 0.001853
3 3 0.009993 0.010112 0.299704 0.678706 0.001485
3 3 0.013456 0.006473 0.097280 0.877042 0.005748
3 3 0.001936 0.004362 0.214198 0.776941 0.002564
3 3 0.032239 0.010116 0.255641 0.698969 0.003034
3 3 0.008286 0.004355 0.120495 0.866019 0.000844
3 3 0.004859 0.001858 0.070004 0.922362 0.000917
3 3 0.010170 0.003180 0.060909 0.924936 0.000805
3 3 0.007566 0.004946 0.330646 0.656480 0.000362
3 3 0.012680 0.004362 0.090273 0.891574 0.001111
3 3 0.002067 0.000821 0.029202 0.966972 0.000938
3 3 0.023443 0.013342 0.158315 0.793470 0.011430
3 3 0.007043 0.002129 0.054243 0.935643 0.000941
3 3 0.009796 0.008060 0.237102 0.744410 0.000631
3 3 0.042967 0.008150 0.149371 0.797640 0.001871
3 2 0.002045 0.001942 0.245505 0.750304 0.000204
3 2 0.004933 0.001661 0.142002 0.851228 0.000177
3 2 0.005545 0.006245 0.345471 0.637722 0.005018
3 2 0.012636 0.009556 0.371523 0.601520 0.004765
3 2 0.005390 0.001387 0.069427 0.923159 0.000637
3 2 0.020190 0.014507 0.396986 0.566347 0.001970
3 2 0.004409 0.005076 0.206880 0.781019 0.002617
3 2 0.001056 0.001116 0.164939 0.832535 0.000353
3 2 0.001892 0.002721 0.350997 0.643868 0.000522
3 2 0.063495 0.021627 0.350359 0.557653 0.006867
3 2 0.002855 0.005180 0.320128 0.667525 0.004312
3 2 0.046959 0.014216 0.366356 0.567115 0.005355
2 2 0.188417 0.183886 0.528273 0.071893 0.027531
2 2 0.002827 0.029539 0.841379 0.114289 0.011966
2 2 0.000938 0.017257 0.912483 0.065194 0.004128
2 2 0.001037 0.012195 0.930570 0.052786 0.003413
2 2 0.000021 0.001676 0.977889 0.020341 0.000072
2 2 0.000009 0.000599 0.851528 0.147714 0.000151
2 2 0.000010 0.000967 0.957236 0.041562 0.000225
2 2 0.000264 0.003876 0.949358 0.045848 0.000654
2 2 0.000253 0.003113 0.898632 0.097441 0.000560
2 2 0.000384 0.004796 0.917213 0.077128 0.000479
2 2 0.000193 0.002999 0.980833 0.015496 0.000479
2 2 0.000363 0.002755 0.925692 0.070160 0.001029
2 2 0.000150 0.003514 0.980681 0.014924 0.000731
2 2 0.000009 0.001095 0.916005 0.082455 0.000435
2 2 0.000489 0.005208 0.894777 0.098752 0.000774
2 2 0.000732 0.011696 0.969365 0.013227 0.004981
2 2 0.000085 0.003404 0.815936 0.176093 0.004481
2 2 0.001173 0.037192 0.803700 0.024186 0.133751
2 4 0.001672 0.071779 0.747505 0.029953 0.149090
4 4 0.004355 0.080283 0.444413 0.009233 0.461716
4 4 0.015856 0.100526 0.040367 0.000253 0.842998
2 4 0.025282 0.316853 0.583551 0.015114 0.059200
2 4 0.001902 0.055795 0.725156 0.118824 0.098322
4 4 0.017859 0.065520 0.032247 0.000366 0.884009
4 4 0.009656 0.140753 0.146133 0.001038 0.702421
4 4 0.028538 0.013438 0.011427 0.000806 0.945792
4 4 0.080733 0.035203 0.020471 0.000125 0.863468
4 4 0.019138 0.026082 0.023883 0.000164 0.930733
4 4 0.023448 0.020611 0.011817 0.000208 0.943915
2 4 0.006062 0.201453 0.518795 0.005849 0.267841
4 4 0.010043 0.022996 0.014695 0.000031 0.952236
4 4 0.065239 0.059553 0.037318 0.000456 0.837434
4 4 0.011823 0.026857 0.015094 0.000088 0.946137
4 4 0.008650 0.052779 0.090821 0.000957 0.846792
2 4 0.003596 0.144275 0.502682 0.005382 0.344064
4 4 0.006564 0.106812 0.171558 0.000904 0.714162
2 4 0.003454 0.158898 0.468930 0.001023 0.367695
4 4 0.020276 0.080350 0.038094 0.000531 0.860749
4 4 0.015225 0.159384 0.137108 0.002188 0.686094
4 4 0.012878 0.046327 0.095406 0.002411 0.842978
2 4 0.002289 0.113577 0.686780 0.017850 0.179504
4 4 0.011755 0.065339 0.124137 0.002987 0.795782
4 4 0.010149 0.039630 0.034283 0.000203 0.915734
4 4 0.010002 0.169252 0.299145 0.006787 0.514814
4 4 0.006037 0.125624 0.197635 0.000883 0.669821
4 4 0.005917 0.121054 0.201534 0.000930 0.670565
4 4 0.023931 0.157843 0.172293 0.001398 0.644535
2 4 0.011925 0.209153 0.511313 0.010381 0.257228
1 1 0.273857 0.453492 0.167247 0.002227 0.103177
2 1 0.006496 0.194234 0.508159 0.020566 0.270545
2 1 0.000616 0.041596 0.840542 0.020573 0.096674
2 2 0.000389 0.042067 0.871833 0.013084 0.072627
2 2 0.000256 0.014491 0.935285 0.036148 0.013820
2 2 0.000085 0.014743 0.956151 0.015946 0.013075
2 2 0.000372 0.022176 0.873934 0.041684 0.061834
2 2 0.000755 0.044402 0.831573 0.056070 0.067200
2 2 0.000084 0.010898 0.936455 0.028283 0.024280
2 2 0.000581 0.057008 0.852087 0.020851 0.069474
2 2 0.000021 0.005718 0.955029 0.034374 0.004859
2 2 0.000036 0.002283 0.970087 0.024983 0.002611
2 2 0.000087 0.010414 0.973556 0.006921 0.009021
2 2 0.000073 0.003599 0.953173 0.040974 0.002181
2 2 0.001132 0.036482 0.778862 0.042579 0.140946
2 2 0.000444 0.028067 0.843732 0.013353 0.114404
2 2 0.000067 0.008453 0.942966 0.021930 0.026583
4 2 0.005525 0.086978 0.196437 0.001132 0.709928
2 2 0.002085 0.062559 0.728977 0.059147 0.147232
4 2 0.030159 0.173496 0.069288 0.001923 0.725134
2 2 0.000810 0.045569 0.823744 0.029910 0.099967
2 2 0.000274 0.013277 0.939129 0.024290 0.023030
2 2 0.000151 0.020146 0.923334 0.015520 0.040849
2 2 0.001469 0.075003 0.716863 0.011702 0.194962
4 4 0.020195 0.049752 0.025242 0.000339 0.904472
4 4 0.007067 0.147674 0.199960 0.001082 0.644218
2 4 0.003042 0.117649 0.604623 0.012257 0.262428
2 4 0.003534 0.100807 0.613501 0.023046 0.259113
4 4 0.004566 0.100108 0.246459 0.001131 0.647735
4 4 0.012267 0.105231 0.118161 0.001534 0.762807
4 4 0.016336 0.131346 0.085412 0.001041 0.765865
2 4 0.003835 0.187290 0.540496 0.008082 0.260298
2 2 0.000689 0.049424 0.842018 0.045622 0.062248
4 2 0.005423 0.112629 0.397445 0.006667 0.477836
4 2 0.012120 0.124346 0.203132 0.004783 0.655619
2 2 0.002262 0.098662 0.694426 0.021241 0.183409
2 2 0.001748 0.039509 0.797274 0.081363 0.080106
2 2 0.001477 0.092949 0.711685 0.009246 0.184642
2 2 0.002332 0.110364 0.638766 0.009914 0.238624
4 2 0.009772 0.118538 0.147236 0.001340 0.723115
2 2 0.000609 0.065654 0.759245 0.002789 0.171703
4 2 0.006703 0.075738 0.181324 0.001722 0.734512
2 2 0.000979 0.065937 0.803025 0.020986 0.109072
4 2 0.003279 0.103547 0.345662 0.001419 0.546093
2 2 0.000186 0.024509 0.917374 0.003066 0.054865
2 2 0.000603 0.029692 0.932426 0.009790 0.027489
2 2 0.000063 0.003997 0.976327 0.017189 0.002424
2 2 0.000027 0.004058 0.992033 0.002851 0.001032
2 2 0.002998 0.012732 0.966978 0.006610 0.010681
2 2 0.000344 0.004944 0.961978 0.031214 0.001520
2 2 0.000176 0.003044 0.980444 0.015228 0.001108
2 2 0.001860 0.017878 0.936411 0.014631 0.029220
2 2 0.000124 0.006673 0.985031 0.002250 0.005921
2 2 0.000118 0.007848 0.978606 0.006375 0.007053
2 2 0.000105 0.003934 0.932359 0.056035 0.007568
2 2 0.000064 0.002662 0.962940 0.030359 0.003975
2 2 0.000016 0.002004 0.963711 0.032283 0.001987
2 2 0.000116 0.004646 0.913732 0.077578 0.003928
2 2 0.000214 0.006944 0.970536 0.011386 0.010919
2 2 0.000251 0.004195 0.951390 0.042189 0.001974
2 2 0.000061 0.002951 0.959847 0.032204 0.004937
2 2 0.000393 0.003252 0.918611 0.077050 0.000694
2 2 0.000070 0.003585 0.970384 0.023609 0.002351
2 2 0.000074 0.004251 0.974843 0.011214 0.009617
2 2 0.000063 0.002040 0.951816 0.043543 0.002538
2 2 0.005796 0.015768 0.922777 0.042956 0.012703
2 2 0.000013 0.001133 0.977068 0.020900 0.000887
2 2 0.000469 0.005910 0.969474 0.018539 0.005608
2 2 0.000130 0.002635 0.975859 0.018967 0.002409
2 2 0.000232 0.005274 0.983038 0.008671 0.002785
2 2 0.000034 0.001078 0.969092 0.029586 0.000211
2 2 0.001334 0.007856 0.964650 0.021579 0.004581
2 2 0.000402 0.003876 0.947358 0.042820 0.005544
2 2 0.000176 0.003167 0.985477 0.010067 0.001113
2 2 0.000345 0.006325 0.953283 0.032768 0.007279
2 2 0.000952 0.005673 0.961077 0.022844 0.009455
2 2 0.000116 0.001481 0.939684 0.058400 0.000319
2 2 0.000041 0.001218 0.937576 0.060750 0.000415
2 2 0.000016 0.001229 0.980549 0.017584 0.000622
2 2 0.000053 0.002419 0.942169 0.053563 0.001797
2 2 0.000033 0.001644 0.970800 0.026719 0.000804
2 2 0.000136 0.002032 0.937830 0.058495 0.001507
2 2 0.000295 0.002760 0.915826 0.080168 0.000951
2 2 0.000063 0.004094 0.975249 0.018924 0.001669
2 2 0.001797 0.012207 0.944251 0.014074 0.027670
2 2 0.000136 0.003693 0.986371 0.009560 0.000239
2 2 0.001563 0.004929 0.973140 0.019890 0.000477
2 2 0.000022 0.000979 0.966536 0.032257 0.000206
2 2 0.000040 0.001739 0.943809 0.053360 0.001051
2 2 0.000296 0.004354 0.952318 0.040522 0.002510
2 2 0.000122 0.001291 0.965547 0.032259 0.000780
2 2 0.000198 0.004761 0.986181 0.008014 0.000845
2 2 0.000123 0.001258 0.935797 0.062707 0.000115
2 2 0.000281 0.001845 0.953591 0.044054 0.000229
2 2 0.000742 0.004441 0.935169 0.057834 0.001814
0 1 0.532092 0.318660 0.091490 0.004375 0.053383
2 1 0.140176 0.325846 0.477702 0.005547 0.050728
2 2 0.014730 0.163073 0.808435 0.006895 0.006866
2 2 0.078385 0.394361 0.496127 0.004013 0.027113
0 0 0.858847 0.081877 0.037185 0.000246 0.021845
0 0 0.979772 0.016126 0.002467 0.000013 0.001623
0 0 0.886487 0.086310 0.020018 0.000075 0.007111
0 0 0.925555 0.061144 0.010220 0.000019 0.003062
0 0 0.625267 0.278260 0.081375 0.000040 0.015058
1 0 0.134613 0.412518 0.160485 0.000283 0.292102
1 0 0.294525 0.475494 0.197464 0.000005 0.032512
0 0 0.478584 0.350089 0.138461 0.000036 0.032831
0 0 0.374206 0.340447 0.240227 0.000075 0.045046
0 0 0.592108 0.292685 0.108251 0.000130 0.006825
0 0 0.944603 0.047791 0.006213 0.000004 0.001389
1 1 0.160419 0.490860 0.278939 0.000016 0.069766
2 1 0.060180 0.388494 0.464490 0.000084 0.086752
2 1 0.019222 0.331997 0.529103 0.002049 0.117628
2 2 0.028747 0.355462 0.528311 0.001699 0.085781
2 2 0.014955 0.282516 0.574160 0.002485 0.125884
2 2 0.033978 0.337941 0.570561 0.000389 0.057130
2 2 0.022392 0.345635 0.510597 0.000992 0.120384
2 2 0.027244 0.319189 0.589373 0.003284 0.060910
1 1 0.280405 0.397224 0.155245 0.000638 0.166488
1 1 0.198725 0.367159 0.184260 0.000938 0.248919
4 1 0.152054 0.248309 0.140054 0.000279 0.459305
2 1 0.019749 0.306221 0.518624 0.002415 0.152991
2 1 0.002815 0.067082 0.764948 0.054729 0.110426
2 2 0.000307 0.012252 0.844545 0.110101 0.032795
2 2 0.000104 0.021775 0.960818 0.001139 0.016163
2 2 0.000088 0.006846 0.968420 0.014903 0.009744
2 2 0.000036 0.003122 0.963453 0.031455 0.001934
2 2 0.000009 0.002505 0.985751 0.004932 0.006803
2 2 0.000064 0.004405 0.976493 0.017163 0.001875
2 2 0.000057 0.006170 0.951984 0.037041 0.004749
2 2 0.000140 0.003185 0.975084 0.020519 0.001073
2 2 0.000076 0.005087 0.958224 0.030445 0.006167
2 2 0.000048 0.004703 0.978704 0.007092 0.009452
2 2 0.000002 0.001032 0.995118 0.003508 0.000340
2 2 0.000067 0.004870 0.953665 0.037296 0.004102
2 2 0.000167 0.007011 0.893239 0.087084 0.012500
2 2 0.000345 0.015297 0.859225 0.065023 0.060110
2 2 0.002031 0.102732 0.674633 0.011585 0.209019
2 2 0.005185 0.091570 0.486590 0.017694 0.398960
2 2 0.001289 0.088989 0.764974 0.016480 0.128269
2 2 0.000176 0.011052 0.923075 0.054420 0.011277
4 2 0.004871 0.114421 0.274600 0.001518 0.604590
4 2 0.009193 0.123048 0.257261 0.004957 0.605541
4 2 0.006342 0.214641 0.339489 0.002965 0.436563
4 2 0.040523 0.133315 0.076472 0.000209 0.749482
0 0 0.000000 0.000000 0.000000 0.000000 0.000000
0 0 0.000000 0.000000 0.000000 0.000000 0.000000
