0 0 0.914380 0.043245 0.021831 0.000930 0.019613
0 0 0.978238 0.009390 0.004739 0.000293 0.007340
0 0 0.760918 0.191711 0.036549 0.000046 0.010775
0 0 0.853485 0.096486 0.034245 0.000240 0.015545
0 0 0.975737 0.012989 0.004460 0.000154 0.006660
0 0 0.946146 0.030887 0.013745 0.000272 0.008949
0 0 0.935247 0.037456 0.018095 0.000162 0.009039
0 0 0.970476 0.014869 0.007356 0.000224 0.007075
0 0 0.909161 0.030182 0.042780 0.004787 0.013090
0 0 0.975695 0.016087 0.004744 0.000023 0.003451
0 0 0.966574 0.020118 0.006952 0.000090 0.006265
0 0 0.914537 0.051326 0.018993 0.000359 0.014785
0 0 0.920759 0.035934 0.026556 0.001543 0.015209
0 0 0.954144 0.026314 0.009815 0.000209 0.009517
0 0 0.947129 0.030994 0.013097 0.000148 0.008632
0 0 0.973390 0.015075 0.005342 0.000109 0.006084
0 0 0.977789 0.012271 0.004526 0.000094 0.005321
0 0 0.969108 0.015422 0.007910 0.000192 0.007368
0 0 0.951607 0.027631 0.009704 0.000270 0.010788
0 0 0.928429 0.043298 0.019614 0.000111 0.008548
0 0 0.972046 0.014383 0.006423 0.000248 0.006900
0 0 0.937691 0.038524 0.015188 0.000115 0.008482
0 0 0.969184 0.014705 0.007359 0.000283 0.008469
0 0 0.943069 0.031290 0.014852 0.000251 0.010539
0 0 0.954150 0.026096 0.011534 0.000147 0.008073
0 0 0.962262 0.016081 0.009154 0.000686 0.011817
0 0 0.986033 0.006173 0.002619 0.000155 0.005020
0 0 0.962098 0.021085 0.007972 0.000200 0.008645
0 0 0.993644 0.002310 0.001216 0.000086 0.002745
0 0 0.959686 0.022249 0.010276 0.000149 0.007641
0 0 0.954718 0.027784 0.009254 0.000129 0.008114
0 0 0.981012 0.007724 0.006399 0.000480 0.004386
0 0 0.982744 0.009641 0.003127 0.000070 0.004418
0 0 0.978563 0.012382 0.003905 0.000079 0.005071
0 0 0.954818 0.020072 0.014591 0.000789 0.009731
0 0 0.985071 0.005021 0.003517 0.000564 0.005827
0 0 0.951393 0.026665 0.010548 0.000309 0.011085
0 0 0.952443 0.029428 0.009574 0.000134 0.008421
0 0 0.989039 0.005037 0.002082 0.000088 0.003753
0 0 0.984196 0.006636 0.003339 0.000263 0.005566
0 0 0.993360 0.001961 0.001208 0.000166 0.003304
0 0 0.979633 0.009182 0.004574 0.000211 0.006400
0 0 0.953952 0.025142 0.007995 0.000412 0.012498
0 0 0.981568 0.010699 0.003289 0.000062 0.004382
0 0 0.963883 0.021771 0.007520 0.000101 0.006726
0 0 0.982734 0.009143 0.003615 0.000078 0.004430
0 0 0.989314 0.004792 0.002032 0.000094 0.003767
0 0 0.949812 0.022041 0.009617 0.001165 0.017366
0 0 0.989862 0.004015 0.002018 0.000132 0.003974
0 0 0.925537 0.029262 0.025223 0.001681 0.018297
0 0 0.986078 0.005725 0.002597 0.000202 0.005397
0 0 0.993187 0.002953 0.001333 0.000052 0.002475
0 0 0.992958 0.001662 0.001188 0.000303 0.003889
0 0 0.991386 0.003230 0.001629 0.000127 0.003628
0 0 0.958872 0.023028 0.007142 0.000296 0.010662
0 0 0.974709 0.014229 0.004492 0.000127 0.006442
0 0 0.986207 0.006760 0.002593 0.000096 0.004344
0 0 0.979087 0.011156 0.004177 0.000110 0.005470
0 0 0.816838 0.110493 0.053760 0.000373 0.018536
0 0 0.984309 0.006883 0.003311 0.000169 0.005328
0 0 0.912305 0.049493 0.022009 0.000458 0.015736
0 0 0.983116 0.007366 0.004301 0.000268 0.004948
0 0 0.984148 0.008024 0.002940 0.000104 0.004784
0 0 0.986044 0.007300 0.002592 0.000071 0.003993
0 0 0.977287 0.013348 0.004906 0.000054 0.004405
0 0 0.954597 0.027660 0.008791 0.000157 0.008796
0 0 0.985859 0.007671 0.002606 0.000060 0.003804
0 0 0.941471 0.043000 0.008794 0.000047 0.006687
0 0 0.973474 0.017252 0.004630 0.000044 0.004600
0 0 0.958877 0.025268 0.009265 0.000083 0.006507
0 0 0.966715 0.019258 0.007477 0.000104 0.006446
0 0 0.981935 0.008874 0.004062 0.000115 0.005014
0 0 0.986056 0.006938 0.002607 0.000092 0.004307
0 0 0.975379 0.013957 0.005398 0.000080 0.005187
0 0 0.909188 0.048174 0.025530 0.000561 0.016547
0 0 0.991109 0.003993 0.001707 0.000069 0.003122
0 0 0.993394 0.002497 0.001291 0.000080 0.002739
0 0 0.984497 0.004714 0.002452 0.000159 0.008179
0 0 0.986692 0.005291 0.002479 0.000212 0.005327
0 0 0.987912 0.006271 0.002264 0.000059 0.003495
0 0 0.992298 0.003736 0.001485 0.000039 0.002442
0 0 0.989612 0.003440 0.002023 0.000240 0.004684
0 0 0.962634 0.019724 0.007360 0.000303 0.009979
0 0 0.989092 0.003230 0.001927 0.000362 0.005389
0 0 0.988770 0.004898 0.002128 0.000114 0.004089
0 0 0.962967 0.018365 0.007291 0.000416 0.010961
0 0 0.976994 0.009613 0.004962 0.000366 0.008066
0 0 0.979914 0.008059 0.005056 0.000283 0.006688
0 0 0.983216 0.006847 0.003512 0.000251 0.006173
0 0 0.976462 0.008290 0.004147 0.000770 0.010332
0 0 0.983341 0.008058 0.003263 0.000132 0.005206
0 0 0.986362 0.006987 0.002544 0.000076 0.004030
0 0 0.980932 0.010131 0.003479 0.000110 0.005347
0 0 0.992082 0.002965 0.001504 0.000112 0.003338
0 0 0.983471 0.008941 0.003498 0.000063 0.004027
0 0 0.975510 0.014462 0.004286 0.000089 0.005653
0 0 0.978734 0.011000 0.004811 0.000177 0.005278
0 0 0.979738 0.011324 0.003738 0.000093 0.005108
0 0 0.958052 0.026154 0.008762 0.000092 0.006941
0 0 0.973092 0.013874 0.005610 0.000188 0.007236
0 0 0.979770 0.009218 0.006236 0.000323 0.004452
0 0 0.972578 0.016511 0.004735 0.000094 0.006082
0 0 0.982671 0.009266 0.003619 0.000100 0.004344
0 0 0.980598 0.010144 0.004780 0.000146 0.004333
0 0 0.983067 0.008702 0.004367 0.000128 0.003736
0 0 0.970484 0.018125 0.005072 0.000093 0.006225
0 0 0.978245 0.012574 0.003859 0.000084 0.005239
0 0 0.977179 0.014812 0.003809 0.000039 0.004161
0 0 0.973011 0.014740 0.006795 0.000194 0.005260
0 0 0.979725 0.012548 0.003502 0.000046 0.004180
0 1 0.898887 0.073538 0.016331 0.000111 0.011133
0 1 0.506721 0.338052 0.134883 0.000216 0.020128
0 1 0.488617 0.346603 0.139103 0.000384 0.025292
0 0 0.983151 0.008539 0.004092 0.000136 0.004082
0 1 0.949863 0.032873 0.008029 0.000136 0.009098
0 1 0.948108 0.032909 0.009133 0.000170 0.009680
0 0 0.976628 0.012195 0.004235 0.000170 0.006772
0 1 0.559243 0.312235 0.098706 0.000283 0.029533
1 1 0.410471 0.446233 0.116296 0.000344 0.026655
1 2 0.291169 0.443619 0.202697 0.000360 0.062156
2 2 0.130162 0.279899 0.557976 0.012881 0.019081
2 2 0.031457 0.221518 0.717012 0.013576 0.016436
2 2 0.206888 0.296744 0.456388 0.003162 0.036818
2 2 0.073437 0.301010 0.584574 0.004277 0.036702
2 2 0.077665 0.291474 0.558002 0.003757 0.069103
2 2 0.009550 0.210893 0.746212 0.001100 0.032245
2 2 0.012965 0.214019 0.749418 0.003751 0.019847
2 2 0.009405 0.128767 0.830536 0.010759 0.020534
2 2 0.005778 0.084261 0.884919 0.009076 0.015966
2 2 0.010657 0.095696 0.861125 0.005794 0.026728
2 2 0.002912 0.038980 0.911520 0.037283 0.009306
2 2 0.004797 0.030055 0.918211 0.038790 0.008146
2 2 0.002302 0.031745 0.926809 0.034510 0.004634
2 2 0.001699 0.010572 0.891157 0.094695 0.001877
2 2 0.001779 0.024988 0.891057 0.079543 0.002633
2 2 0.000874 0.012731 0.923512 0.057776 0.005106
2 2 0.000515 0.009618 0.962851 0.026507 0.000509
2 2 0.000667 0.008368 0.917154 0.072481 0.001331
2 2 0.008995 0.027430 0.833456 0.118130 0.011989
2 2 0.000198 0.004216 0.921447 0.073440 0.000699
2 2 0.001202 0.012983 0.882378 0.098277 0.005160
3 2 0.001080 0.002374 0.461361 0.534140 0.001045
2 2 0.002155 0.009727 0.787198 0.197839 0.003081
2 2 0.002778 0.009565 0.733326 0.248420 0.005910
2 3 0.003188 0.005700 0.615847 0.372625 0.002640
2 3 0.000025 0.001804 0.857760 0.140194 0.000218
3 3 0.001894 0.004491 0.492983 0.499630 0.001001
2 3 0.000103 0.001121 0.518836 0.479792 0.000148
3 3 0.000242 0.001118 0.416749 0.581399 0.000491
3 3 0.000002 0.000019 0.109518 0.890460 0.000001
3 3 0.000454 0.001848 0.407100 0.589956 0.000641
3 3 0.002669 0.003815 0.289408 0.701566 0.002542
3 3 0.000055 0.000261 0.296882 0.702752 0.000049
3 3 0.002025 0.005481 0.388635 0.599189 0.004670
3 3 0.000269 0.001209 0.254568 0.743310 0.000644
3 3 0.000003 0.000054 0.147848 0.852086 0.000008
2 2 0.226634 0.154200 0.522028 0.029900 0.067237
0 0 0.741966 0.111049 0.081611 0.001609 0.063766
0 0 0.811107 0.086657 0.040215 0.000922 0.061098
0 0 0.936247 0.028658 0.020750 0.001640 0.012705
0 0 0.966392 0.014890 0.007186 0.000375 0.011157
0 0 0.964663 0.021677 0.006546 0.000133 0.006981
0 0 0.947365 0.035118 0.008304 0.000127 0.009087
0 0 0.879668 0.090435 0.016170 0.000145 0.013582
0 0 0.908801 0.065337 0.013561 0.000150 0.012151
0 0 0.888023 0.075939 0.019285 0.000125 0.016628
0 0 0.929244 0.048210 0.010906 0.000175 0.011465
1 1 0.250860 0.501862 0.210263 0.000213 0.036803
0 0 0.932484 0.045799 0.011310 0.000171 0.010236
0 0 0.937084 0.044032 0.009442 0.000109 0.009334
0 0 0.935688 0.044915 0.009662 0.000115 0.009620
0 1 0.777182 0.163818 0.044799 0.000115 0.014086
0 0 0.946512 0.036065 0.008362 0.000118 0.008943
0 0 0.848148 0.115830 0.022107 0.000126 0.013789
0 0 0.961302 0.024857 0.006356 0.000104 0.007381
0 1 0.812533 0.144769 0.025100 0.000186 0.017412
0 1 0.687675 0.250669 0.046397 0.000091 0.015168
0 0 0.960473 0.024622 0.006851 0.000140 0.007915
0 1 0.838534 0.104515 0.041039 0.000428 0.015484
0 1 0.873373 0.085758 0.023430 0.000500 0.016939
0 1 0.517820 0.322991 0.132790 0.000311 0.026088
1 2 0.193887 0.380233 0.292566 0.001693 0.131621
0 2 0.751500 0.134136 0.047523 0.000700 0.066141
0 2 0.539961 0.253902 0.151729 0.003028 0.051381
0 1 0.750545 0.183323 0.038745 0.000229 0.027158
1 2 0.105728 0.500101 0.318772 0.000690 0.074709
2 2 0.033626 0.254610 0.674828 0.001468 0.035467
1 2 0.226211 0.370749 0.254896 0.005279 0.142866
2 2 0.084512 0.376237 0.440746 0.002305 0.096200
1 2 0.039448 0.414251 0.402756 0.000190 0.143355
2 2 0.006282 0.115427 0.837615 0.004649 0.036027
2 2 0.002299 0.064934 0.905163 0.008144 0.019460
2 2 0.000956 0.008447 0.935526 0.053131 0.001940
2 2 0.001186 0.023870 0.964106 0.005724 0.005114
2 2 0.000207 0.014017 0.977054 0.006097 0.002625
2 2 0.000753 0.011389 0.967980 0.018947 0.000931
2 2 0.000455 0.007324 0.903479 0.087921 0.000822
2 2 0.000258 0.004208 0.917102 0.077653 0.000779
2 2 0.000162 0.005880 0.951413 0.041162 0.001383
2 2 0.000423 0.010076 0.959960 0.026469 0.003071
2 2 0.000025 0.000339 0.779937 0.219681 0.000018
2 2 0.000731 0.010979 0.935697 0.049749 0.002844
2 2 0.000197 0.001316 0.718813 0.279031 0.000643
2 2 0.003479 0.020081 0.814710 0.157789 0.003940
2 2 0.000020 0.000760 0.890347 0.108746 0.000128
2 2 0.000052 0.000765 0.633682 0.365402 0.000099
3 2 0.000024 0.000222 0.305990 0.693717 0.000047
3 3 0.000183 0.000626 0.306517 0.692463 0.000211
3 3 0.002989 0.006264 0.386222 0.581990 0.022535
3 3 0.000218 0.000837 0.473843 0.524606 0.000497
2 3 0.010263 0.009438 0.541023 0.423642 0.015633
3 3 0.004218 0.005445 0.246102 0.736541 0.007694
2 3 0.000230 0.002621 0.575822 0.420160 0.001167
3 3 0.000140 0.000408 0.117814 0.881453 0.000184
3 3 0.000204 0.001513 0.390214 0.606538 0.001531
2 3 0.001305 0.004552 0.585092 0.408277 0.000775
3 3 0.000012 0.000140 0.215844 0.783982 0.000022
3 3 0.000005 0.000056 0.081228 0.918696 0.000015
3 3 0.000026 0.000311 0.166886 0.832716 0.000061
3 3 0.000282 0.000577 0.102441 0.896058 0.000642
3 3 0.000007 0.000064 0.089171 0.910738 0.000020
3 3 0.000151 0.000748 0.157785 0.841056 0.000260
3 3 0.001387 0.001093 0.068249 0.928746 0.000525
3 3 0.000372 0.000924 0.137496 0.860555 0.000652
3 3 0.001211 0.001203 0.105609 0.890331 0.001646
3 3 0.000118 0.000338 0.087001 0.911946 0.000598
3 3 0.000211 0.000368 0.086250 0.912973 0.000199
3 3 0.000006 0.000059 0.059534 0.940370 0.000032
3 3 0.000678 0.001391 0.152988 0.842480 0.002463
3 3 0.000120 0.000419 0.079835 0.919419 0.000207
3 3 0.002064 0.002295 0.072245 0.917129 0.006267
3 3 0.005575 0.006969 0.210643 0.767807 0.009006
3 3 0.000015 0.000115 0.045129 0.954693 0.000048
3 3 0.006343 0.006258 0.154348 0.829653 0.003398
2 3 0.017128 0.031539 0.600754 0.347293 0.003286
2 2 0.010534 0.051411 0.846656 0.086641 0.004758
2 2 0.031372 0.115970 0.812703 0.029277 0.010678
2 2 0.003249 0.033002 0.918622 0.039409 0.005717
2 2 0.010543 0.115086 0.849217 0.015398 0.009756
2 2 0.005919 0.051009 0.920149 0.015954 0.006969
2 2 0.000860 0.013882 0.962713 0.022102 0.000443
2 2 0.150684 0.203122 0.558139 0.007166 0.080889
2 2 0.005208 0.137328 0.823922 0.004958 0.028584
2 2 0.012066 0.099973 0.844821 0.016842 0.026298
2 2 0.019345 0.043711 0.913073 0.016624 0.007247
2 2 0.017797 0.099377 0.762625 0.010481 0.109720
2 2 0.000351 0.002963 0.865803 0.130564 0.000319
2 2 0.042300 0.185334 0.576593 0.001965 0.193809
2 2 0.009711 0.099651 0.780375 0.035585 0.074677
2 2 0.002341 0.054061 0.933734 0.005855 0.004010
2 2 0.000934 0.025290 0.947234 0.024239 0.002303
2 2 0.005350 0.054611 0.915586 0.002686 0.021767
2 2 0.040905 0.122407 0.768055 0.014093 0.054540
2 2 0.007928 0.136785 0.829333 0.008953 0.017000
2 2 0.004328 0.017247 0.923752 0.041039 0.013634
2 2 0.014273 0.139951 0.809134 0.004298 0.032344
2 2 0.000652 0.043734 0.940425 0.008384 0.006805
2 2 0.001903 0.021425 0.964431 0.007261 0.004980
2 2 0.000002 0.001358 0.993993 0.004515 0.000131
2 2 0.015229 0.077202 0.857693 0.012781 0.037095
2 2 0.002435 0.035461 0.950043 0.003364 0.008696
2 2 0.000976 0.008769 0.905164 0.070698 0.014393
2 2 0.000263 0.008981 0.967044 0.022562 0.001149
2 2 0.029875 0.099171 0.792971 0.010668 0.067314
0 0 0.615721 0.198990 0.115379 0.001856 0.068054
0 0 0.930046 0.045359 0.010791 0.000129 0.013676
0 0 0.944115 0.037029 0.008839 0.000150 0.009868
0 0 0.914999 0.051831 0.020159 0.000463 0.012548
0 0 0.966790 0.017256 0.008428 0.000375 0.007151
0 0 0.930346 0.044731 0.011134 0.000284 0.013505
0 0 0.954714 0.026455 0.008526 0.000192 0.010113
0 0 0.964627 0.019438 0.007226 0.000284 0.008424
0 0 0.968570 0.018096 0.005486 0.000159 0.007689
0 0 0.947164 0.032334 0.010991 0.000276 0.009235
0 0 0.962783 0.022127 0.006868 0.000180 0.008041
0 0 0.960547 0.023781 0.006695 0.000173 0.008805
0 0 0.947242 0.032615 0.010112 0.000231 0.009800
0 0 0.956871 0.025886 0.007932 0.000217 0.009093
0 0 0.972724 0.013764 0.006099 0.000305 0.007108
0 0 0.966331 0.019951 0.005603 0.000095 0.008019
0 0 0.979067 0.011636 0.004029 0.000105 0.005163
0 1 0.903803 0.060870 0.017901 0.000311 0.017115
1 1 0.228226 0.472119 0.262808 0.001284 0.035563
1 1 0.390085 0.451994 0.093843 0.000445 0.063634
2 1 0.077744 0.423414 0.463684 0.001959 0.033199
1 1 0.250407 0.511177 0.195369 0.000239 0.042809
0 2 0.563597 0.226373 0.119174 0.000540 0.090317
1 2 0.206741 0.510454 0.233444 0.000155 0.049206
2 2 0.089517 0.424118 0.457203 0.005131 0.024032
2 2 0.045407 0.166218 0.757217 0.008242 0.022916
2 2 0.078507 0.329070 0.542703 0.001736 0.047985
2 2 0.001961 0.081098 0.909165 0.000660 0.007117
2 2 0.006104 0.118574 0.868517 0.001413 0.005392
2 2 0.021409 0.242757 0.681457 0.000328 0.054049
2 2 0.010411 0.205463 0.755900 0.000486 0.027740
2 2 0.021618 0.224345 0.715915 0.002473 0.035648
2 2 0.006897 0.102488 0.863289 0.001710 0.025617
2 2 0.002360 0.075876 0.908437 0.005837 0.007490
2 2 0.011369 0.101411 0.874349 0.002266 0.010604
2 2 0.001693 0.040079 0.947178 0.005699 0.005351
2 2 0.000207 0.026676 0.966934 0.000501 0.005683
2 2 0.004028 0.090339 0.812352 0.008245 0.085036
2 2 0.000004 0.000394 0.934166 0.065381 0.000055
2 2 0.030004 0.266544 0.642846 0.001292 0.059315
2 2 0.000151 0.022263 0.959060 0.012334 0.006192
2 2 0.001186 0.049953 0.939019 0.002169 0.007673
2 2 0.003356 0.053567 0.898320 0.008273 0.036483
2 2 0.000002 0.000309 0.920981 0.078659 0.000049
2 2 0.002871 0.068161 0.904293 0.009825 0.014850
2 2 0.000143 0.006631 0.959468 0.025742 0.008017
2 2 0.000685 0.031793 0.957288 0.002967 0.007266
2 2 0.014345 0.165004 0.682811 0.011558 0.126282
2 2 0.000100 0.005079 0.976581 0.017047 0.001193
2 2 0.000130 0.004193 0.984646 0.010726 0.000306
2 2 0.001438 0.034678 0.925224 0.018077 0.020583
2 2 0.000436 0.026092 0.963485 0.007661 0.002326
0 1 0.603796 0.192259 0.168417 0.002468 0.033061
2 1 0.052480 0.332452 0.577808 0.004507 0.032752
2 2 0.005598 0.121099 0.857133 0.009165 0.007004
2 2 0.014292 0.108338 0.866515 0.002491 0.008364
2 2 0.032004 0.195119 0.756738 0.001388 0.014751
2 2 0.001095 0.048760 0.945578 0.002762 0.001805
2 2 0.009795 0.107408 0.869558 0.005656 0.007584
2 2 0.019241 0.189475 0.762411 0.007856 0.021016
2 2 0.000884 0.040907 0.950600 0.004293 0.003316
2 2 0.014651 0.123327 0.849741 0.000667 0.011614
2 2 0.000086 0.013428 0.981544 0.004451 0.000490
2 2 0.059320 0.181907 0.742940 0.004282 0.011551
2 2 0.035668 0.190693 0.734705 0.002904 0.036031
2 2 0.016266 0.167657 0.798754 0.005508 0.011815
1 2 0.331974 0.337105 0.281491 0.001086 0.048344
0 0 0.889909 0.057801 0.018462 0.000195 0.033632
0 0 0.880731 0.072517 0.023264 0.000154 0.023335
0 0 0.908175 0.056312 0.013747 0.000240 0.021526
0 0 0.935383 0.034993 0.011941 0.000353 0.017330
0 0 0.906652 0.055369 0.016677 0.000457 0.020845
0 0 0.938775 0.038099 0.010110 0.000236 0.012780
0 0 0.960778 0.025206 0.006315 0.000082 0.007619
0 0 0.954856 0.027710 0.008858 0.000205 0.008371
0 0 0.925171 0.051106 0.011262 0.000160 0.012301
0 0 0.913658 0.054005 0.017529 0.000348 0.014460
0 0 0.951079 0.032030 0.008449 0.000136 0.008307
0 0 0.955986 0.028157 0.007206 0.000133 0.008518
0 0 0.972223 0.015933 0.005288 0.000140 0.006416
0 0 0.874855 0.088203 0.017001 0.000150 0.019792
0 1 0.481028 0.405501 0.092962 0.000165 0.020344
0 0 0.865694 0.103485 0.020973 0.000059 0.009790
0 0 0.962746 0.021114 0.008614 0.000265 0.007261
0 0 0.970443 0.017325 0.005142 0.000128 0.006962
0 0 0.977228 0.010973 0.005779 0.000299 0.005722
0 0 0.984816 0.007215 0.003251 0.000148 0.004571
0 0 0.976075 0.012120 0.005903 0.000248 0.005654
0 0 0.968848 0.017841 0.006794 0.000181 0.006336
0 0 0.972836 0.015199 0.004964 0.000152 0.006848
0 0 0.964723 0.020905 0.007176 0.000175 0.007021
0 0 0.968147 0.017395 0.008040 0.000257 0.006160
0 0 0.978783 0.012202 0.003774 0.000083 0.005157
0 0 0.977387 0.012183 0.004600 0.000148 0.005682
0 0 0.964088 0.021523 0.006038 0.000124 0.008227
0 0 0.958811 0.023972 0.007942 0.000252 0.009023
0 0 0.970138 0.017549 0.005702 0.000136 0.006476
0 0 0.980418 0.007885 0.006068 0.000537 0.005093
0 0 0.979848 0.009308 0.005776 0.000305 0.004763
0 0 0.978868 0.011424 0.004530 0.000133 0.005045
0 0 0.980005 0.010189 0.003614 0.000124 0.006068
0 0 0.974917 0.011564 0.008390 0.000411 0.004718
0 0 0.971515 0.011673 0.010483 0.000835 0.005494
0 0 0.975687 0.013897 0.004531 0.000112 0.005773
0 0 0.988048 0.005999 0.002997 0.000081 0.002874
0 0 0.982299 0.010390 0.003151 0.000053 0.004106
0 0 0.983076 0.009417 0.003361 0.000074 0.004072
0 0 0.983174 0.009544 0.003039 0.000061 0.004182
0 0 0.985510 0.007759 0.003008 0.000073 0.003651
0 0 0.970682 0.017065 0.006171 0.000145 0.005936
0 0 0.980840 0.009959 0.004911 0.000148 0.004143
0 0 0.985113 0.007672 0.003503 0.000100 0.003612
0 0 0.960319 0.024635 0.007209 0.000147 0.007689
0 0 0.965431 0.022519 0.005654 0.000076 0.006321
0 0 0.958541 0.027636 0.006615 0.000085 0.007123
0 0 0.828551 0.119938 0.032168 0.000213 0.019131
0 1 0.890609 0.080790 0.015024 0.000119 0.013458
0 1 0.857697 0.103429 0.020975 0.000117 0.017782
1 1 0.288280 0.449181 0.205624 0.000581 0.056334
0 0 0.947139 0.035426 0.008309 0.000123 0.009003
0 0 0.982618 0.008858 0.004531 0.000141 0.003853
0 0 0.974888 0.014908 0.004380 0.000089 0.005735
0 0 0.987994 0.006269 0.002247 0.000056 0.003435
0 0 0.980066 0.010694 0.004315 0.000127 0.004799
0 0 0.963662 0.021634 0.006223 0.000164 0.008318
0 0 0.965843 0.019396 0.006850 0.000218 0.007694
0 0 0.961165 0.018506 0.007651 0.000243 0.012435
0 0 0.945556 0.031629 0.011232 0.000423 0.011161
0 0 0.967338 0.019350 0.005632 0.000141 0.007538
0 1 0.726778 0.183268 0.063506 0.000625 0.025823
0 1 0.683610 0.159210 0.108204 0.001094 0.047882
0 1 0.720357 0.202021 0.039547 0.000600 0.037474
0 1 0.714486 0.206949 0.040623 0.000261 0.037681
2 2 0.061525 0.310998 0.593639 0.001056 0.032782
1 2 0.188534 0.368956 0.315712 0.000861 0.125937
1 2 0.182415 0.376444 0.357087 0.000728 0.083327
0 2 0.759097 0.145889 0.065703 0.000599 0.028712
1 2 0.373993 0.427259 0.160300 0.000609 0.037838
2 2 0.125214 0.377062 0.439687 0.001125 0.056912
0 0 0.952116 0.030649 0.007775 0.000145 0.009315
0 0 0.978671 0.011581 0.003854 0.000118 0.005777
0 0 0.966632 0.020775 0.005619 0.000103 0.006872
0 0 0.973848 0.015501 0.004627 0.000098 0.005926
0 0 0.924236 0.042915 0.010694 0.000087 0.022068
0 0 0.936293 0.040199 0.009678 0.000119 0.013710
0 0 0.956629 0.027695 0.007113 0.000132 0.008430
0 1 0.753495 0.158083 0.067356 0.000716 0.020350
0 1 0.509954 0.364569 0.094182 0.000515 0.030780
0 1 0.932568 0.043658 0.012373 0.000190 0.011212
0 0 0.967017 0.019817 0.006449 0.000140 0.006577
0 1 0.669371 0.262399 0.053795 0.000080 0.014355
0 1 0.703728 0.213530 0.065421 0.000164 0.017157
1 2 0.279981 0.422433 0.272206 0.001219 0.024161
1 2 0.172960 0.457359 0.348780 0.000914 0.019987
0 0 0.613270 0.212997 0.131247 0.002582 0.039903
0 0 0.935030 0.043126 0.009766 0.000109 0.011970
1 1 0.394442 0.440445 0.140381 0.000278 0.024454
2 2 0.023000 0.207394 0.750733 0.004133 0.014740
2 2 0.027662 0.302600 0.637016 0.000962 0.031759
2 2 0.015667 0.241417 0.716448 0.002475 0.023992
2 2 0.004549 0.089032 0.885364 0.006651 0.014404
2 2 0.009161 0.140560 0.831046 0.002662 0.016571
2 2 0.046921 0.348521 0.578329 0.001667 0.024562
2 2 0.024335 0.206135 0.758192 0.001163 0.010174
2 2 0.014841 0.077281 0.891858 0.007327 0.008694
2 2 0.003201 0.097766 0.891418 0.000611 0.007004
2 2 0.003487 0.054952 0.932286 0.007118 0.002157
2 2 0.002301 0.066132 0.925328 0.002568 0.003671
2 2 0.000295 0.029111 0.967562 0.001014 0.002018
2 2 0.005276 0.077922 0.905754 0.006127 0.004922
2 2 0.001558 0.029460 0.954420 0.008196 0.006366
2 2 0.007384 0.040372 0.924188 0.010269 0.017787
2 2 0.001683 0.045633 0.909330 0.002270 0.041083
2 2 0.000209 0.018225 0.962476 0.009093 0.009997
2 2 0.000146 0.005918 0.979594 0.012550 0.001792
2 2 0.000029 0.001391 0.983001 0.015445 0.000134
2 2 0.000312 0.024969 0.957788 0.004192 0.012739
2 2 0.000011 0.001530 0.960699 0.037326 0.000433
2 2 0.000596 0.009560 0.917058 0.040130 0.032655
2 2 0.013887 0.020191 0.776169 0.110989 0.078765
2 2 0.003463 0.026270 0.838455 0.043147 0.088665
2 2 0.000348 0.013387 0.971302 0.009122 0.005841
2 2 0.000000 0.000256 0.969164 0.030571 0.000008
2 2 0.000430 0.008431 0.948025 0.027149 0.015965
2 2 0.000067 0.002913 0.940334 0.050890 0.005795
2 2 0.003715 0.049281 0.863571 0.013099 0.070335
2 2 0.000222 0.005094 0.928731 0.054548 0.011405
2 2 0.000064 0.001844 0.943971 0.052081 0.002040
2 2 0.000637 0.015681 0.930695 0.036045 0.016942
2 2 0.002322 0.026323 0.926183 0.018564 0.026607
2 2 0.000323 0.005257 0.951945 0.039353 0.003122
2 3 0.000000 0.000109 0.874729 0.125156 0.000007
3 3 0.000473 0.001214 0.368838 0.627738 0.001737
2 3 0.000047 0.001058 0.722777 0.275263 0.000855
2 3 0.000120 0.001077 0.549158 0.448526 0.001119
2 2 0.002367 0.014651 0.808918 0.151792 0.022273
2 2 0.119910 0.080404 0.635025 0.140724 0.023937
2 2 0.085781 0.223887 0.628806 0.003882 0.057644
2 2 0.025701 0.071436 0.879412 0.013141 0.010311
2 2 0.012504 0.097744 0.863496 0.007073 0.019182
2 2 0.003963 0.070712 0.908456 0.008553 0.008316
2 2 0.007956 0.026109 0.912358 0.040092 0.013486
2 2 0.000000 0.000182 0.992105 0.007710 0.000002
2 2 0.002013 0.008613 0.872448 0.115785 0.001141
2 2 0.002550 0.045795 0.915269 0.005482 0.030903
2 2 0.000035 0.004423 0.984644 0.010481 0.000418
2 2 0.024191 0.094660 0.861068 0.016059 0.004022
2 2 0.024326 0.149273 0.796864 0.005791 0.023748
2 2 0.001875 0.055730 0.930454 0.007368 0.004573
2 2 0.000047 0.005077 0.965342 0.029435 0.000099
2 2 0.000585 0.006897 0.921730 0.070451 0.000337
2 2 0.000142 0.009084 0.979380 0.010897 0.000497
2 2 0.045180 0.112125 0.805907 0.027010 0.009779
2 2 0.002205 0.063337 0.918011 0.013915 0.002533
2 2 0.000021 0.004541 0.991777 0.003481 0.000180
2 2 0.003734 0.025761 0.900686 0.060455 0.009364
2 2 0.000035 0.004106 0.967415 0.028342 0.000102
2 2 0.000177 0.007504 0.978376 0.013582 0.000361
2 2 0.000291 0.010829 0.976974 0.010483 0.001423
2 3 0.000032 0.001560 0.806619 0.191630 0.000158
2 3 0.000031 0.002122 0.870623 0.126887 0.000337
3 3 0.000002 0.000093 0.383942 0.615959 0.000005
2 3 0.000349 0.002487 0.519785 0.476496 0.000883
2 3 0.013391 0.047433 0.689934 0.223175 0.026067
2 3 0.026050 0.043660 0.764023 0.152206 0.014061
2 0 0.206177 0.208944 0.517263 0.005892 0.061724
0 0 0.505568 0.235042 0.162752 0.000814 0.095823
2 1 0.053330 0.367661 0.539191 0.001479 0.038339
1 1 0.171504 0.443652 0.325248 0.000193 0.059403
1 1 0.258502 0.414888 0.257969 0.000568 0.068074
2 2 0.032110 0.282065 0.653636 0.002712 0.029477
2 2 0.140430 0.377542 0.394141 0.001585 0.086301
2 2 0.004523 0.112592 0.875001 0.000448 0.007436
0 2 0.677815 0.197027 0.072158 0.000254 0.052746
0 1 0.695228 0.213309 0.039742 0.000244 0.051477
0 0 0.828862 0.106142 0.029389 0.000196 0.035411
1 1 0.085023 0.495621 0.239916 0.000111 0.179329
2 2 0.018717 0.267755 0.679121 0.001463 0.032944
2 2 0.030430 0.234788 0.682750 0.002635 0.049398
2 2 0.002183 0.051392 0.927997 0.005498 0.012931
2 2 0.002808 0.075606 0.906924 0.003470 0.011192
1 2 0.097226 0.384419 0.369020 0.001728 0.147607
2 2 0.001497 0.040484 0.939155 0.010010 0.008854
2 2 0.000208 0.023336 0.973756 0.001384 0.001316
2 2 0.001113 0.086337 0.889270 0.000959 0.022321
2 2 0.021613 0.168616 0.775918 0.008572 0.025282
2 2 0.005337 0.035198 0.934243 0.011145 0.014077
2 2 0.000208 0.016773 0.976684 0.002920 0.003416
2 2 0.006191 0.066586 0.897681 0.007835 0.021707
2 2 0.001715 0.020816 0.917295 0.042471 0.017703
2 2 0.000759 0.033959 0.936453 0.009184 0.019645
2 2 0.000571 0.011762 0.952187 0.029557 0.005923
2 2 0.001561 0.022020 0.953343 0.007553 0.015523
2 2 0.000450 0.019808 0.949629 0.004175 0.025938
2 2 0.000572 0.012007 0.963613 0.019196 0.004612
2 2 0.000428 0.008849 0.946430 0.040953 0.003340
2 2 0.002005 0.024578 0.918384 0.042671 0.012361
2 2 0.000879 0.039350 0.929007 0.020195 0.010569
2 2 0.000033 0.004421 0.977463 0.016860 0.001223
2 2 0.000906 0.030307 0.924329 0.022241 0.022217
2 2 0.010733 0.144003 0.642713 0.010923 0.191627
2 2 0.049268 0.339297 0.383928 0.001233 0.226273
4 4 0.088159 0.041973 0.015209 0.000043 0.854616
4 4 0.062962 0.243647 0.056776 0.000031 0.636584
4 4 0.035375 0.217184 0.216331 0.000851 0.530259
4 4 0.016968 0.081795 0.047087 0.000035 0.854115
4 4 0.102593 0.087088 0.032261 0.000088 0.777970
4 4 0.038051 0.033713 0.017396 0.000622 0.910219
4 4 0.138171 0.067787 0.028754 0.001433 0.763856
4 4 0.069751 0.062958 0.022124 0.000106 0.845061
4 4 0.155672 0.044952 0.020235 0.000393 0.778748
4 4 0.057478 0.135509 0.063832 0.000232 0.742949
4 4 0.061297 0.035727 0.025709 0.001352 0.875915
4 4 0.064886 0.046508 0.018992 0.000356 0.869258
4 4 0.126055 0.157989 0.045227 0.000380 0.670348
4 4 0.129266 0.049652 0.022372 0.000727 0.797983
4 4 0.142989 0.041948 0.024977 0.005106 0.784980
4 4 0.038308 0.093524 0.023425 0.000055 0.844688
4 4 0.068965 0.221608 0.114488 0.000516 0.594423
4 4 0.061044 0.121391 0.031775 0.000024 0.785765
4 4 0.035400 0.294169 0.123904 0.000095 0.546432
4 4 0.141913 0.059496 0.023589 0.000291 0.774711
4 4 0.214577 0.054167 0.024499 0.000768 0.705989
4 4 0.079385 0.052652 0.021759 0.000212 0.845992
4 4 0.273003 0.026680 0.021950 0.003675 0.674692
4 4 0.128000 0.058386 0.037734 0.004636 0.771244
4 4 0.090854 0.023378 0.014468 0.000813 0.870487
4 4 0.111316 0.033123 0.016637 0.000305 0.838618
4 4 0.183131 0.059674 0.019191 0.000008 0.737995
4 4 0.174984 0.126419 0.037994 0.000389 0.660215
4 4 0.124609 0.010481 0.011856 0.001917 0.851138
4 4 0.081703 0.057604 0.028403 0.000684 0.831606
4 4 0.152307 0.041094 0.021536 0.000644 0.784419
4 4 0.114568 0.219613 0.079601 0.000254 0.585963
4 4 0.327127 0.041371 0.019107 0.000245 0.612150
4 4 0.076294 0.285914 0.061404 0.000038 0.576349
4 4 0.016501 0.131958 0.018210 0.000000 0.833331
4 4 0.065256 0.032682 0.015534 0.000402 0.886126
4 4 0.064930 0.255523 0.106554 0.000168 0.572825
4 4 0.034347 0.131946 0.076717 0.000392 0.756599
4 4 0.060191 0.125152 0.060463 0.000067 0.754127
4 4 0.034165 0.360153 0.129362 0.000131 0.476189
4 4 0.059944 0.309781 0.131288 0.000170 0.498817
4 4 0.176050 0.031342 0.016089 0.000311 0.776207
4 4 0.111657 0.030570 0.018204 0.002156 0.837413
4 4 0.110924 0.032796 0.018539 0.001655 0.836087
4 4 0.159804 0.024260 0.015584 0.001318 0.799034
4 4 0.126423 0.015020 0.011505 0.001398 0.845655
4 4 0.248908 0.096230 0.034597 0.000780 0.619485
4 4 0.034291 0.219259 0.073474 0.000159 0.672817
4 4 0.099196 0.027032 0.014932 0.000119 0.858721
4 4 0.071568 0.018998 0.013078 0.002088 0.894267
4 4 0.047441 0.242774 0.080457 0.000188 0.629141
4 4 0.263210 0.031819 0.020157 0.002748 0.682067
4 4 0.098340 0.079287 0.025043 0.000147 0.797184
4 4 0.042888 0.149217 0.055105 0.000339 0.752450
4 4 0.028799 0.024653 0.011810 0.000316 0.934422
4 4 0.046947 0.144331 0.069490 0.001171 0.738061
4 4 0.032874 0.202107 0.081776 0.000330 0.682913
4 4 0.028922 0.032143 0.020571 0.000839 0.917526
4 4 0.039492 0.294101 0.106466 0.000416 0.559525
4 4 0.019082 0.018976 0.012611 0.000041 0.949290
4 4 0.232120 0.143222 0.038921 0.000236 0.585500
0 4 0.534408 0.143534 0.065064 0.000723 0.256270
4 4 0.256165 0.172251 0.041414 0.000146 0.530024
4 2 0.153006 0.226033 0.176118 0.000761 0.444081
1 2 0.060188 0.383722 0.213117 0.000647 0.342326
2 2 0.021448 0.365230 0.388489 0.000371 0.224462
2 2 0.019173 0.313526 0.461260 0.000657 0.205384
2 2 0.012215 0.277173 0.461970 0.000309 0.248332
2 2 0.004729 0.134083 0.737504 0.008204 0.115480
2 2 0.007550 0.258366 0.450298 0.000098 0.283688
2 2 0.002395 0.084948 0.804451 0.008366 0.099839
2 2 0.004681 0.168290 0.709827 0.001055 0.116147
2 2 0.003575 0.152465 0.765168 0.000693 0.078099
2 2 0.023841 0.191704 0.556905 0.001328 0.226221
2 2 0.002456 0.070283 0.839158 0.008645 0.079459
2 2 0.005354 0.078867 0.861903 0.015423 0.038452
2 2 0.002005 0.117742 0.847924 0.006290 0.026040
2 2 0.002533 0.096561 0.841745 0.000712 0.058448
2 2 0.001226 0.046895 0.925131 0.008870 0.017879
2 2 0.001473 0.051575 0.894315 0.008346 0.044291
2 2 0.000558 0.017636 0.956418 0.018249 0.007140
2 2 0.000368 0.016139 0.968100 0.006335 0.009059
2 2 0.000568 0.012821 0.925975 0.049353 0.011283
2 2 0.000496 0.023393 0.952944 0.009898 0.013269
2 2 0.000214 0.007895 0.966505 0.022856 0.002531
2 2 0.000776 0.030788 0.920099 0.006281 0.042056
2 2 0.000084 0.002118 0.968647 0.020035 0.009116
2 2 0.000460 0.011923 0.930018 0.037593 0.020007
2 2 0.000143 0.003030 0.954091 0.040742 0.001995
2 2 0.000066 0.005511 0.958385 0.032617 0.003420
2 2 0.000038 0.003370 0.963907 0.027423 0.005263
2 2 0.000655 0.010231 0.855713 0.099274 0.034127
2 2 0.000296 0.002551 0.609476 0.386184 0.001494
2 2 0.000432 0.003468 0.824436 0.166140 0.005524
2 2 0.000145 0.001651 0.638605 0.357320 0.002279
2 2 0.000045 0.001248 0.520567 0.476629 0.001511
3 2 0.004017 0.005882 0.288600 0.668522 0.032979
2 2 0.039044 0.057761 0.726823 0.161984 0.014389
2 2 0.002692 0.028664 0.911569 0.047813 0.009262
2 2 0.007290 0.044529 0.877923 0.061787 0.008471
2 2 0.001010 0.016223 0.921695 0.058682 0.002390
2 2 0.000611 0.011915 0.966626 0.017887 0.002961
2 2 0.005084 0.014036 0.840684 0.137976 0.002219
2 2 0.001186 0.007701 0.820143 0.170003 0.000966
2 2 0.000359 0.004257 0.839116 0.155729 0.000539
2 2 0.000700 0.010302 0.927134 0.058307 0.003557
2 3 0.000012 0.000541 0.699979 0.299259 0.000209
2 3 0.000570 0.003254 0.750368 0.243264 0.002544
2 3 0.000963 0.012106 0.902641 0.067927 0.016364
2 3 0.000337 0.002087 0.589053 0.406271 0.002252
2 3 0.000017 0.000762 0.701471 0.297316 0.000434
3 3 0.000006 0.000288 0.433061 0.566610 0.000035
3 3 0.000124 0.000508 0.201825 0.796994 0.000549
3 3 0.000779 0.001988 0.320221 0.673218 0.003794
3 3 0.003589 0.003235 0.242421 0.748079 0.002676
2 3 0.000140 0.002354 0.592982 0.399463 0.005061
3 3 0.000004 0.000085 0.169108 0.830781 0.000021
3 3 0.000240 0.000685 0.093214 0.904999 0.000862
3 3 0.000171 0.001789 0.369209 0.627651 0.001181
3 3 0.000043 0.000086 0.062320 0.937504 0.000048
3 3 0.000048 0.000332 0.138338 0.861175 0.000107
3 3 0.002866 0.004010 0.190489 0.783236 0.019399
3 3 0.000415 0.000902 0.069828 0.928300 0.000555
3 3 0.000009 0.000107 0.081177 0.918678 0.000029
3 3 0.000549 0.001011 0.066556 0.931125 0.000759
3 3 0.000093 0.000419 0.058545 0.940487 0.000455
3 3 0.000052 0.000167 0.031080 0.968574 0.000127
3 3 0.000612 0.002130 0.130727 0.863056 0.003475
3 3 0.000099 0.000217 0.048322 0.951229 0.000133
3 3 0.000500 0.000816 0.072383 0.925388 0.000914
3 3 0.000171 0.000444 0.044545 0.954439 0.000402
3 3 0.000034 0.000136 0.041998 0.957786 0.000046
3 3 0.000065 0.000154 0.039491 0.960210 0.000080
3 3 0.000156 0.000163 0.010628 0.988860 0.000192
3 3 0.000061 0.000208 0.034963 0.964568 0.000200
3 3 0.000205 0.000206 0.021471 0.977883 0.000235
3 3 0.000015 0.000118 0.048877 0.950953 0.000038
3 3 0.000067 0.000542 0.107874 0.890895 0.000622
3 3 0.000179 0.000280 0.016802 0.982602 0.000136
3 3 0.000054 0.000085 0.012289 0.987544 0.000028
3 3 0.001635 0.001145 0.034057 0.960112 0.003051
3 3 0.000142 0.000413 0.061369 0.937671 0.000405
3 3 0.000337 0.000250 0.017051 0.981949 0.000413
3 3 0.000385 0.000545 0.045501 0.952873 0.000696
3 3 0.000502 0.001137 0.072825 0.924004 0.001532
3 3 0.000356 0.000485 0.022896 0.975245 0.001017
3 3 0.000482 0.000661 0.035593 0.962684 0.000580
3 3 0.000332 0.001454 0.127118 0.865945 0.005151
3 3 0.000812 0.000820 0.049802 0.947428 0.001137
3 3 0.000029 0.000111 0.031789 0.968012 0.000059
3 3 0.000020 0.000047 0.012118 0.987727 0.000088
3 3 0.001042 0.000517 0.017906 0.979885 0.000651
3 3 0.000035 0.000029 0.007632 0.992288 0.000016
3 3 0.000009 0.000045 0.013296 0.986624 0.000026
3 3 0.000108 0.000338 0.045929 0.953504 0.000121
3 3 0.000305 0.000380 0.022360 0.976382 0.000573
3 3 0.000265 0.000220 0.008195 0.991151 0.000170
3 3 0.000052 0.000232 0.047701 0.951874 0.000142
3 3 0.000087 0.000113 0.020400 0.979308 0.000092
3 3 0.000066 0.000362 0.052390 0.946972 0.000210
3 3 0.000011 0.000046 0.016751 0.983180 0.000013
3 3 0.000023 0.000015 0.004256 0.995700 0.000006
2 3 0.033609 0.059732 0.619937 0.242108 0.044615
2 3 0.012434 0.035542 0.704792 0.237863 0.009369
2 2 0.013759 0.045602 0.871268 0.052420 0.016952
2 2 0.010143 0.031313 0.792474 0.160969 0.005100
2 2 0.012274 0.032300 0.882725 0.064270 0.008430
2 2 0.009862 0.050438 0.864843 0.062467 0.012390
2 2 0.004588 0.049223 0.900517 0.042890 0.002782
2 2 0.004455 0.054507 0.912764 0.021523 0.006750
2 2 0.114844 0.359924 0.477867 0.001872 0.045493
2 2 0.012068 0.100656 0.850858 0.011831 0.024586
2 2 0.011378 0.117875 0.812710 0.027261 0.030776
2 2 0.003305 0.048621 0.910043 0.035351 0.002681
2 2 0.006309 0.040571 0.924933 0.017189 0.010997
2 2 0.002491 0.042176 0.883472 0.063574 0.008287
2 2 0.004407 0.027599 0.943230 0.009165 0.015598
2 2 0.006610 0.172106 0.776899 0.003094 0.041291
2 2 0.005059 0.053245 0.874469 0.024384 0.042844
2 2 0.000510 0.017932 0.956020 0.020812 0.004726
2 2 0.000094 0.003075 0.950093 0.045771 0.000967
2 2 0.001330 0.007458 0.938991 0.049006 0.003215
2 2 0.000160 0.016612 0.971950 0.006991 0.004288
2 2 0.000985 0.022587 0.951394 0.013249 0.011785
2 2 0.001193 0.034528 0.932261 0.003289 0.028730
2 2 0.000403 0.008380 0.978625 0.008496 0.004095
2 2 0.022998 0.253028 0.385716 0.000750 0.337509
2 2 0.003347 0.094418 0.837752 0.008226 0.056257
4 2 0.044215 0.253164 0.309036 0.001679 0.391906
2 2 0.014591 0.172550 0.651561 0.001744 0.159553
2 2 0.002531 0.071946 0.825137 0.006851 0.093534
4 2 0.037884 0.238368 0.259861 0.001282 0.462605
4 2 0.076696 0.113074 0.117877 0.003292 0.689062
2 2 0.021630 0.259261 0.401215 0.001174 0.316720
4 2 0.020106 0.292386 0.188547 0.000203 0.498758
2 2 0.031051 0.228076 0.409310 0.001153 0.330411
4 4 0.155804 0.106356 0.058459 0.002102 0.677279
4 4 0.077344 0.091811 0.094758 0.001398 0.734689
4 4 0.144855 0.160196 0.070170 0.000378 0.624401
4 4 0.303703 0.063555 0.033555 0.002532 0.596654
4 4 0.043848 0.172129 0.187916 0.000891 0.595217
4 4 0.024655 0.209428 0.365564 0.002620 0.397734
4 4 0.053575 0.270864 0.248262 0.002163 0.425135
4 4 0.091680 0.186992 0.100212 0.000459 0.620657
4 4 0.050789 0.251127 0.171051 0.000652 0.526381
4 4 0.026188 0.190266 0.207636 0.000325 0.575586
2 4 0.034318 0.277091 0.445970 0.000733 0.241887
2 4 0.009611 0.288951 0.407725 0.000414 0.293300
4 4 0.014303 0.207358 0.259387 0.000086 0.518865
4 4 0.018293 0.142311 0.240309 0.001554 0.597534
4 4 0.032200 0.065363 0.028932 0.000803 0.872702
4 4 0.041567 0.296903 0.105495 0.000086 0.555950
4 4 0.127592 0.167982 0.071971 0.000335 0.632120
4 4 0.018903 0.335939 0.306521 0.000053 0.338584
4 4 0.021439 0.160263 0.161483 0.000417 0.656398
4 4 0.085518 0.215603 0.086261 0.000245 0.612373
4 4 0.057395 0.016306 0.013392 0.000479 0.912429
4 4 0.088039 0.076103 0.028601 0.000745 0.806513
4 4 0.119145 0.166321 0.027963 0.000003 0.686567
4 4 0.039163 0.192246 0.061366 0.000006 0.707219
4 4 0.122233 0.195983 0.135579 0.000666 0.545539
1 4 0.051120 0.389851 0.239189 0.000276 0.319564
2 4 0.021648 0.246424 0.423470 0.001475 0.306983
1 4 0.080112 0.407792 0.325772 0.000421 0.185902
2 4 0.043002 0.276189 0.387423 0.004589 0.288798
2 2 0.008225 0.160755 0.706234 0.001459 0.123327
2 2 0.010577 0.083359 0.834265 0.003243 0.068556
2 2 0.002865 0.123787 0.809802 0.000692 0.062853
2 0 0.265769 0.266258 0.416085 0.014629 0.037260
0 0 0.740383 0.186971 0.033891 0.000599 0.038156
0 0 0.808371 0.126424 0.027084 0.000199 0.037922
1 1 0.143482 0.513830 0.267586 0.000404 0.074698
1 1 0.255411 0.411067 0.259607 0.000628 0.073286
1 1 0.107271 0.471799 0.339837 0.000613 0.080480
0 0 0.768153 0.125849 0.065189 0.001885 0.038924
1 1 0.223952 0.434215 0.171085 0.000139 0.170610
2 1 0.054063 0.427253 0.453757 0.001761 0.063167
1 2 0.164223 0.516423 0.259360 0.000457 0.059536
2 2 0.034077 0.354646 0.554813 0.000536 0.055928
2 2 0.083481 0.333966 0.534636 0.001142 0.046775
0 0 0.899811 0.047314 0.016686 0.000507 0.035682
0 0 0.857915 0.103811 0.019587 0.000284 0.018403
0 0 0.937151 0.033697 0.013449 0.000354 0.015349
0 0 0.801134 0.124775 0.031993 0.000796 0.041301
0 1 0.436591 0.329144 0.103230 0.000234 0.130801
1 1 0.309692 0.464663 0.152507 0.000304 0.072833
0 1 0.881520 0.064192 0.017808 0.000279 0.036201
1 1 0.106280 0.432428 0.402834 0.000422 0.058035
1 1 0.220994 0.301544 0.216485 0.000583 0.260394
1 1 0.109849 0.421926 0.416482 0.001253 0.050490
1 2 0.090252 0.441587 0.354109 0.000418 0.113633
2 2 0.053349 0.281007 0.638983 0.000404 0.026257
2 2 0.028228 0.225495 0.718870 0.006025 0.021381
2 2 0.063680 0.344207 0.575449 0.000690 0.015975
1 2 0.143197 0.428645 0.408959 0.000340 0.018859
2 2 0.130456 0.393479 0.443903 0.003014 0.029148
2 2 0.088931 0.419223 0.455513 0.000108 0.036225
2 2 0.045591 0.297072 0.643163 0.000549 0.013625
2 2 0.091902 0.283030 0.607207 0.003408 0.014453
2 2 0.046088 0.258245 0.670986 0.001808 0.022873
1 2 0.271262 0.416812 0.233971 0.000879 0.077076
2 2 0.093284 0.288321 0.597993 0.001341 0.019060
0 2 0.463569 0.238335 0.233776 0.004531 0.059791
2 2 0.076838 0.312667 0.579146 0.001083 0.030266
1 2 0.200729 0.509179 0.246460 0.000194 0.043438
1 2 0.113133 0.452404 0.400996 0.000402 0.033065
2 2 0.091175 0.374815 0.516132 0.000148 0.017730
2 2 0.038483 0.228631 0.703526 0.005584 0.023776
2 2 0.004241 0.098625 0.885254 0.008443 0.003437
2 2 0.004493 0.060285 0.930047 0.001940 0.003236
2 2 0.000408 0.021055 0.970852 0.004739 0.002946
2 2 0.009691 0.049401 0.920543 0.018280 0.002085
2 2 0.000254 0.017417 0.968816 0.010538 0.002975
2 2 0.000059 0.016316 0.978678 0.002791 0.002155
2 2 0.000002 0.003111 0.995799 0.000503 0.000584
2 2 0.000224 0.016306 0.964886 0.013565 0.005018
2 2 0.000024 0.002065 0.981430 0.016158 0.000323
2 2 0.000054 0.004586 0.985638 0.005967 0.003755
2 2 0.000018 0.003244 0.983886 0.012588 0.000264
2 2 0.000000 0.000993 0.998037 0.000808 0.000161
2 2 0.001663 0.033965 0.917144 0.035226 0.012002
2 2 0.000046 0.003979 0.985612 0.009555 0.000808
2 2 0.000086 0.013873 0.979339 0.004766 0.001936
2 2 0.000634 0.010453 0.968397 0.018720 0.001795
2 2 0.030406 0.137185 0.763935 0.001590 0.066883
2 2 0.000036 0.015628 0.978490 0.000933 0.004913
2 2 0.000000 0.000143 0.984215 0.015627 0.000015
2 2 0.000040 0.003666 0.961243 0.029244 0.005807
2 2 0.000059 0.006510 0.954077 0.035496 0.003857
2 2 0.001957 0.023251 0.955887 0.012350 0.006556
