0 0 0.982968 0.005959 0.002897 0.000411 0.007765
0 0 0.902332 0.013376 0.011096 0.002047 0.071148
0 0 0.970767 0.011298 0.004179 0.000428 0.013329
0 0 0.981143 0.005282 0.002360 0.000353 0.010863
0 0 0.977466 0.011122 0.003244 0.000280 0.007888
0 0 0.985902 0.005774 0.001936 0.000252 0.006137
0 0 0.969489 0.006270 0.002043 0.000092 0.022106
0 0 0.862098 0.010175 0.004495 0.000162 0.123070
0 0 0.986732 0.003005 0.000946 0.000037 0.009281
0 0 0.975882 0.010583 0.002929 0.000088 0.010518
0 0 0.988902 0.004032 0.001361 0.000176 0.005530
0 0 0.983847 0.003306 0.001814 0.000434 0.010600
0 0 0.967873 0.004982 0.002407 0.000261 0.024478
0 0 0.976925 0.005809 0.002461 0.000236 0.014569
0 0 0.994005 0.002889 0.000954 0.000105 0.002047
0 0 0.989178 0.003713 0.001243 0.000076 0.005789
0 0 0.988098 0.005634 0.002288 0.000277 0.003703
0 0 0.997256 0.001342 0.000430 0.000051 0.000921
0 0 0.996066 0.001908 0.000582 0.000094 0.001349
0 0 0.984766 0.007808 0.002066 0.000114 0.005246
0 0 0.993992 0.001890 0.000675 0.000065 0.003378
0 0 0.991915 0.002176 0.000874 0.000099 0.004936
0 0 0.994111 0.002892 0.000950 0.000068 0.001979
0 0 0.995598 0.001958 0.000497 0.000016 0.001932
0 0 0.970004 0.016879 0.006291 0.000351 0.006474
0 0 0.789767 0.137934 0.036434 0.000045 0.035820
0 0 0.949227 0.021442 0.004005 0.000020 0.025305
0 0 0.741585 0.136599 0.059601 0.000163 0.062052
0 0 0.908120 0.068643 0.014528 0.000034 0.008674
0 0 0.844508 0.102980 0.040604 0.000138 0.011769
0 0 0.906965 0.050327 0.008289 0.000027 0.034392
0 0 0.984751 0.004781 0.000908 0.000012 0.009548
0 0 0.973926 0.017861 0.002701 0.000015 0.005497
0 0 0.935410 0.041795 0.007811 0.000015 0.014969
0 0 0.963423 0.026047 0.004942 0.000016 0.005572
0 0 0.984979 0.005765 0.000916 0.000010 0.008329
0 0 0.985818 0.006062 0.001229 0.000009 0.006883
0 0 0.973020 0.017129 0.002603 0.000012 0.007235
0 0 0.941576 0.036074 0.004716 0.000005 0.017628
0 0 0.950766 0.036727 0.005116 0.000011 0.007380
0 0 0.984241 0.006596 0.001069 0.000009 0.008084
0 0 0.853164 0.092633 0.043209 0.000442 0.010552
0 0 0.702537 0.216407 0.058729 0.000183 0.022144
0 0 0.978506 0.012266 0.002239 0.000012 0.006977
0 0 0.969885 0.015794 0.003071 0.000020 0.011229
0 0 0.980448 0.013593 0.001966 0.000011 0.003983
0 0 0.890157 0.079073 0.011619 0.000013 0.019138
0 0 0.918076 0.060247 0.006725 0.000009 0.014944
0 0 0.968369 0.022557 0.003405 0.000010 0.005658
0 0 0.887641 0.093243 0.008703 0.000003 0.010410
1 0 0.279256 0.605537 0.094743 0.000016 0.020448
0 0 0.585183 0.366474 0.029647 0.000003 0.018693
0 0 0.673963 0.288258 0.016830 0.000001 0.020949
1 0 0.421794 0.490750 0.051121 0.000002 0.036333
0 0 0.591378 0.351736 0.027519 0.000008 0.029360
0 1 0.502522 0.424999 0.038462 0.000004 0.034014
1 1 0.266065 0.580619 0.100434 0.000076 0.052806
1 1 0.211452 0.622667 0.130484 0.000175 0.035223
1 0 0.189514 0.532093 0.254196 0.000141 0.024056
1 0 0.407981 0.470672 0.099077 0.000056 0.022215
1 1 0.404230 0.504764 0.061132 0.000026 0.029848
1 2 0.088427 0.639320 0.236908 0.001000 0.034345
2 2 0.014090 0.419453 0.529275 0.007943 0.029239
2 2 0.001550 0.124671 0.855987 0.004714 0.013078
2 2 0.006799 0.129483 0.825492 0.029698 0.008529
2 2 0.003733 0.131964 0.840847 0.010463 0.012994
2 2 0.000117 0.016373 0.977120 0.003165 0.003225
2 2 0.000162 0.015581 0.968387 0.008412 0.007458
2 2 0.000196 0.009756 0.946835 0.041337 0.001877
2 2 0.000152 0.006387 0.890312 0.102916 0.000233
2 2 0.000263 0.008583 0.933124 0.056560 0.001470
2 2 0.000448 0.007734 0.834034 0.156485 0.001299
2 2 0.000230 0.004528 0.794761 0.199606 0.000875
2 2 0.000035 0.001593 0.581390 0.416424 0.000558
3 2 0.000022 0.000821 0.353316 0.645372 0.000469
3 3 0.000000 0.000024 0.131038 0.868937 0.000000
3 3 0.000063 0.000741 0.286039 0.713080 0.000076
3 3 0.000267 0.001869 0.328242 0.669259 0.000363
3 3 0.000009 0.000227 0.135360 0.864298 0.000106
3 3 0.000007 0.000141 0.058133 0.941644 0.000074
3 3 0.004048 0.007833 0.485701 0.501008 0.001410
0 0 0.778001 0.093853 0.111045 0.006217 0.010884
0 0 0.816246 0.128543 0.037236 0.000225 0.017750
0 0 0.558845 0.340123 0.084696 0.000040 0.016295
0 0 0.556440 0.375241 0.048452 0.000013 0.019855
0 0 0.544490 0.374491 0.061977 0.000023 0.019019
0 0 0.472998 0.427874 0.045456 0.000007 0.053665
1 1 0.191627 0.575708 0.109811 0.000013 0.122841
1 1 0.126470 0.508001 0.112693 0.000008 0.252828
1 1 0.107954 0.582303 0.194741 0.000071 0.114930
1 2 0.092899 0.526170 0.169777 0.000368 0.210786
1 1 0.115567 0.603367 0.174833 0.000157 0.106077
1 2 0.013175 0.413327 0.406789 0.001080 0.165629
2 2 0.000488 0.087534 0.832545 0.003023 0.076410
2 2 0.000418 0.062625 0.908228 0.007769 0.020961
2 2 0.000058 0.007385 0.979954 0.010946 0.001656
2 2 0.000019 0.006363 0.965806 0.026519 0.001294
2 2 0.000012 0.000968 0.767521 0.231413 0.000085
2 2 0.000019 0.000502 0.675385 0.324070 0.000023
3 2 0.000133 0.001534 0.464402 0.533860 0.000071
2 2 0.000168 0.003748 0.651271 0.344389 0.000425
3 2 0.000009 0.000835 0.480264 0.518827 0.000066
3 2 0.000024 0.000215 0.111407 0.888317 0.000036
3 2 0.000024 0.000351 0.204508 0.795084 0.000033
3 2 0.000001 0.000006 0.008100 0.991893 0.000000
3 2 0.000017 0.000719 0.165612 0.833472 0.000180
3 2 0.000001 0.000013 0.010137 0.989848 0.000001
3 3 0.000006 0.000054 0.038227 0.961711 0.000002
3 3 0.000004 0.000044 0.026042 0.973908 0.000002
3 3 0.000004 0.000042 0.014200 0.985742 0.000011
3 3 0.000001 0.000016 0.010499 0.989483 0.000002
3 3 0.000001 0.000022 0.012077 0.987898 0.000002
3 3 0.000008 0.000084 0.011912 0.987986 0.000009
3 3 0.000004 0.000016 0.009868 0.990112 0.000000
3 3 0.000002 0.000029 0.016498 0.983469 0.000002
3 3 0.000000 0.000003 0.003542 0.996454 0.000000
3 3 0.000000 0.000000 0.001071 0.998928 0.000000
3 3 0.000002 0.000026 0.014630 0.985338 0.000003
3 3 0.000001 0.000006 0.004592 0.995401 0.000000
3 3 0.000000 0.000003 0.001883 0.998114 0.000000
3 3 0.000000 0.000000 0.000490 0.999510 0.000000
3 3 0.000000 0.000001 0.001633 0.998366 0.000000
3 3 0.000001 0.000012 0.003894 0.996089 0.000005
3 3 0.000002 0.000014 0.004552 0.995430 0.000002
3 3 0.000000 0.000004 0.002265 0.997730 0.000001
3 3 0.000011 0.000072 0.013107 0.986780 0.000030
3 3 0.000000 0.000006 0.005662 0.994332 0.000001
3 3 0.000003 0.000084 0.026265 0.973635 0.000013
3 3 0.000001 0.000006 0.004557 0.995435 0.000001
3 3 0.000001 0.000004 0.001642 0.998352 0.000000
3 3 0.000000 0.000003 0.002148 0.997849 0.000000
3 3 0.000000 0.000001 0.001959 0.998039 0.000000
3 3 0.000000 0.000003 0.001901 0.998095 0.000000
3 3 0.000001 0.000009 0.005424 0.994565 0.000001
3 2 0.000267 0.000086 0.005442 0.994192 0.000013
3 2 0.014946 0.006099 0.077232 0.900790 0.000933
2 2 0.005948 0.168888 0.740487 0.055063 0.029614
3 2 0.000011 0.000613 0.274900 0.724164 0.000312
2 2 0.000139 0.014781 0.881548 0.101241 0.002291
2 2 0.000462 0.007508 0.687531 0.303484 0.001014
2 2 0.000109 0.014156 0.939294 0.043545 0.002896
2 2 0.000230 0.007759 0.845051 0.144559 0.002401
3 3 0.000060 0.001646 0.442884 0.555093 0.000317
3 3 0.000002 0.000149 0.309459 0.690383 0.000007
3 3 0.000013 0.000281 0.124375 0.875309 0.000022
3 3 0.000041 0.000064 0.020831 0.979056 0.000008
3 3 0.002122 0.004678 0.074384 0.911150 0.007667
3 3 0.000292 0.006079 0.475875 0.514819 0.002934
3 3 0.000010 0.000156 0.047853 0.951941 0.000039
3 3 0.000005 0.000137 0.082900 0.916930 0.000028
3 3 0.000004 0.000049 0.030441 0.969501 0.000004
3 3 0.000000 0.000003 0.002608 0.997389 0.000000
3 3 0.000000 0.000000 0.001348 0.998652 0.000000
3 3 0.000002 0.000032 0.026633 0.973332 0.000002
3 3 0.000013 0.000044 0.006714 0.993214 0.000015
3 3 0.000000 0.000003 0.002996 0.997001 0.000000
3 3 0.000002 0.000005 0.001462 0.998530 0.000001
3 3 0.000000 0.000001 0.000591 0.999407 0.000000
3 3 0.000000 0.000009 0.007708 0.992281 0.000001
3 3 0.000000 0.000003 0.002526 0.997470 0.000000
3 3 0.000000 0.000003 0.001719 0.998277 0.000000
3 3 0.000000 0.000001 0.000807 0.999191 0.000000
3 3 0.000008 0.000044 0.007777 0.992154 0.000017
3 3 0.000003 0.000016 0.004283 0.995696 0.000002
3 3 0.000000 0.000000 0.000406 0.999594 0.000000
3 3 0.000000 0.000003 0.002775 0.997221 0.000000
3 3 0.000000 0.000002 0.001164 0.998833 0.000000
3 3 0.000001 0.000006 0.002332 0.997661 0.000001
3 3 0.000001 0.000008 0.004812 0.995178 0.000001
3 3 0.000000 0.000001 0.000765 0.999233 0.000000
3 3 0.000000 0.000003 0.001392 0.998605 0.000000
3 3 0.000000 0.000000 0.000670 0.999330 0.000000
3 3 0.000000 0.000001 0.000989 0.999010 0.000000
3 3 0.000000 0.000002 0.003019 0.996979 0.000000
3 3 0.000000 0.000004 0.001451 0.998544 0.000001
3 3 0.000000 0.000001 0.001276 0.998722 0.000000
3 3 0.000001 0.000005 0.002286 0.997707 0.000001
3 3 0.000000 0.000002 0.001173 0.998824 0.000000
3 3 0.000000 0.000000 0.000592 0.999407 0.000000
3 3 0.000000 0.000001 0.001565 0.998434 0.000000
3 3 0.000000 0.000001 0.001287 0.998711 0.000000
3 3 0.000000 0.000001 0.000414 0.999585 0.000000
3 3 0.000000 0.000001 0.000898 0.999101 0.000000
3 3 0.000001 0.000007 0.002017 0.997973 0.000001
3 3 0.000002 0.000008 0.001825 0.998162 0.000003
3 3 0.000000 0.000002 0.001055 0.998942 0.000001
3 3 0.000000 0.000009 0.003876 0.996114 0.000001
3 3 0.000000 0.000000 0.000910 0.999089 0.000000
3 3 0.000000 0.000004 0.001647 0.998349 0.000000
3 3 0.000000 0.000001 0.000586 0.999413 0.000000
3 3 0.000000 0.000000 0.000546 0.999453 0.000000
3 3 0.000000 0.000000 0.000743 0.999256 0.000000
3 3 0.000001 0.000009 0.001978 0.998009 0.000003
3 3 0.000000 0.000001 0.000871 0.999128 0.000000
3 3 0.000001 0.000005 0.001636 0.998356 0.000002
3 3 0.000000 0.000001 0.001009 0.998990 0.000000
3 3 0.000000 0.000001 0.000933 0.999066 0.000000
3 3 0.000002 0.000011 0.003240 0.996746 0.000001
3 3 0.000000 0.000004 0.001335 0.998660 0.000001
3 3 0.000001 0.000003 0.001036 0.998960 0.000001
3 3 0.000000 0.000003 0.001252 0.998745 0.000001
3 3 0.000000 0.000004 0.002290 0.997704 0.000001
3 3 0.000001 0.000002 0.000755 0.999243 0.000000
3 3 0.000000 0.000001 0.001158 0.998841 0.000000
3 3 0.000000 0.000003 0.001597 0.998399 0.000001
3 3 0.000000 0.000002 0.001837 0.998161 0.000000
3 3 0.000000 0.000001 0.000833 0.999167 0.000000
3 3 0.000001 0.000004 0.001292 0.998702 0.000001
3 3 0.000001 0.000004 0.001381 0.998613 0.000001
3 3 0.000001 0.000009 0.002810 0.997176 0.000004
3 3 0.000000 0.000004 0.002017 0.997979 0.000000
3 3 0.000001 0.000003 0.001174 0.998821 0.000001
3 3 0.000001 0.000005 0.001455 0.998538 0.000001
3 3 0.000003 0.000008 0.001596 0.998391 0.000003
3 3 0.000000 0.000000 0.000747 0.999253 0.000000
3 3 0.000000 0.000000 0.000503 0.999496 0.000000
3 3 0.000017 0.000079 0.005588 0.994283 0.000033
3 3 0.000000 0.000003 0.001440 0.998555 0.000001
3 3 0.000000 0.000005 0.002192 0.997801 0.000001
3 3 0.000001 0.000004 0.001473 0.998522 0.000001
3 3 0.000000 0.000001 0.000432 0.999566 0.000000
3 3 0.000002 0.000015 0.002944 0.997033 0.000005
3 3 0.000000 0.000003 0.002682 0.997315 0.000000
3 3 0.000005 0.000044 0.006715 0.993191 0.000044
3 3 0.000005 0.000019 0.002627 0.997343 0.000007
3 3 0.000000 0.000002 0.001125 0.998871 0.000001
3 3 0.000001 0.000008 0.003210 0.996778 0.000003
3 3 0.000000 0.000000 0.000360 0.999640 0.000000
3 3 0.000002 0.000010 0.002470 0.997512 0.000006
3 3 0.000000 0.000000 0.000700 0.999299 0.000000
3 3 0.000001 0.000012 0.002909 0.997074 0.000004
3 3 0.000000 0.000003 0.001005 0.998991 0.000001
3 3 0.000000 0.000001 0.000562 0.999437 0.000000
3 3 0.000000 0.000001 0.000988 0.999011 0.000000
3 3 0.000000 0.000002 0.000829 0.999168 0.000000
3 3 0.000000 0.000002 0.000772 0.999225 0.000000
3 3 0.000000 0.000002 0.001701 0.998297 0.000000
3 3 0.000000 0.000001 0.000663 0.999336 0.000000
3 3 0.000007 0.000017 0.002293 0.997679 0.000004
3 3 0.000002 0.000009 0.002125 0.997861 0.000003
3 3 0.000000 0.000002 0.002161 0.997837 0.000000
3 3 0.000004 0.000019 0.003590 0.996381 0.000006
3 3 0.000000 0.000001 0.001092 0.998906 0.000000
3 3 0.000000 0.000002 0.000854 0.999143 0.000000
3 3 0.000000 0.000001 0.001039 0.998960 0.000000
3 3 0.000001 0.000012 0.003065 0.996919 0.000003
3 3 0.000000 0.000000 0.000760 0.999239 0.000000
3 3 0.000014 0.000094 0.007308 0.992530 0.000053
3 3 0.000000 0.000002 0.001239 0.998758 0.000001
3 3 0.000002 0.000009 0.001766 0.998221 0.000003
3 3 0.000873 0.000470 0.012966 0.985373 0.000318
3 1 0.165239 0.074081 0.373649 0.378811 0.008220
2 2 0.003972 0.035337 0.683911 0.269751 0.007030
2 2 0.000032 0.003378 0.612640 0.383680 0.000270
3 2 0.000041 0.001619 0.212634 0.785564 0.000142
3 2 0.000027 0.000950 0.347295 0.651667 0.000060
2 2 0.000072 0.005599 0.833360 0.160794 0.000174
3 2 0.000043 0.002523 0.390605 0.606656 0.000173
2 2 0.009128 0.246244 0.399667 0.010216 0.334745
2 2 0.001761 0.064816 0.807334 0.071002 0.055087
2 2 0.002726 0.049773 0.867450 0.062103 0.017949
4 2 0.010431 0.283367 0.225257 0.000370 0.480575
2 2 0.004895 0.101802 0.538320 0.029932 0.325051
4 2 0.003351 0.210988 0.367123 0.001180 0.417358
2 2 0.014007 0.333742 0.355998 0.003313 0.292940
4 2 0.015632 0.126025 0.072771 0.003041 0.782531
4 2 0.014670 0.303218 0.216322 0.000895 0.464895
2 2 0.002718 0.055860 0.894401 0.030518 0.016503
4 2 0.006200 0.056817 0.033363 0.000438 0.903182
4 2 0.028702 0.208139 0.079314 0.000139 0.683706
4 2 0.012783 0.203790 0.108443 0.000022 0.674962
2 2 0.003582 0.137701 0.674231 0.008924 0.175562
2 2 0.005670 0.113159 0.650710 0.112814 0.117648
4 2 0.013097 0.212392 0.170086 0.001434 0.602991
4 2 0.030705 0.254281 0.096260 0.000040 0.618715
4 2 0.027193 0.181365 0.066447 0.000127 0.724868
4 2 0.005618 0.043927 0.017407 0.000015 0.933033
2 2 0.003525 0.074972 0.781061 0.100524 0.039919
2 2 0.005249 0.232160 0.472120 0.001071 0.289400
2 2 0.012076 0.164806 0.596191 0.012107 0.214820
4 4 0.104464 0.015982 0.005542 0.000031 0.873981
4 4 0.023364 0.023084 0.005804 0.000024 0.947724
2 2 0.001573 0.073633 0.838483 0.046911 0.039399
2 2 0.002778 0.210696 0.575952 0.008022 0.202552
2 2 0.005244 0.168082 0.642413 0.016987 0.167274
4 2 0.020248 0.253991 0.139103 0.000724 0.585933
4 2 0.017947 0.195468 0.118182 0.002320 0.666083
2 2 0.004031 0.252516 0.523264 0.004438 0.215752
4 2 0.012208 0.274193 0.221486 0.001865 0.490248
2 2 0.000007 0.005402 0.975594 0.017039 0.001957
2 2 0.000031 0.007534 0.968734 0.018827 0.004874
2 2 0.029788 0.289627 0.592456 0.000822 0.087307
2 2 0.000185 0.030303 0.946708 0.003531 0.019272
2 2 0.000036 0.007881 0.985684 0.003315 0.003085
2 2 0.000085 0.015304 0.970753 0.005672 0.008185
2 2 0.000444 0.049968 0.875757 0.005403 0.068429
2 2 0.000008 0.007697 0.987687 0.000543 0.004065
2 2 0.000598 0.013716 0.962507 0.019596 0.003583
2 2 0.000751 0.018548 0.938030 0.033564 0.009107
2 2 0.000032 0.010544 0.983419 0.004375 0.001629
1 1 0.122515 0.451290 0.401232 0.000933 0.024030
2 2 0.000233 0.020797 0.973147 0.003094 0.002729
2 2 0.000034 0.012612 0.981131 0.002158 0.004066
2 2 0.000187 0.040737 0.947208 0.000285 0.011584
2 2 0.001003 0.018915 0.960179 0.016573 0.003331
2 2 0.000233 0.008956 0.965293 0.023422 0.002096
2 2 0.002095 0.016121 0.946750 0.033029 0.002005
2 2 0.000905 0.013915 0.957569 0.026107 0.001503
2 2 0.000120 0.011495 0.950730 0.035187 0.002469
2 2 0.000276 0.009783 0.889446 0.098855 0.001640
2 2 0.000606 0.011619 0.826161 0.159770 0.001844
2 2 0.000100 0.003773 0.956934 0.039054 0.000139
2 2 0.002190 0.027459 0.887942 0.079436 0.002973
2 2 0.000852 0.011724 0.947996 0.038233 0.001195
2 2 0.000086 0.001583 0.896918 0.101407 0.000007
2 2 0.000629 0.008243 0.933144 0.057380 0.000603
2 2 0.001865 0.011454 0.902609 0.083146 0.000926
2 2 0.000230 0.004650 0.866455 0.127894 0.000772
2 2 0.001169 0.011448 0.930573 0.054632 0.002178
2 2 0.000569 0.010623 0.857909 0.130269 0.000630
2 2 0.000153 0.002700 0.844815 0.152189 0.000143
2 2 0.000012 0.002463 0.899511 0.097563 0.000451
2 2 0.000022 0.001006 0.672728 0.326221 0.000023
2 2 0.000355 0.006258 0.776565 0.216297 0.000525
2 2 0.000056 0.001585 0.637279 0.361047 0.000032
2 2 0.000250 0.003246 0.717445 0.278892 0.000167
2 2 0.000100 0.002290 0.897582 0.099946 0.000081
2 2 0.000146 0.003577 0.813012 0.182588 0.000677
2 1 0.048550 0.131427 0.726461 0.088563 0.004999
2 2 0.000611 0.040788 0.899515 0.054270 0.004816
2 2 0.000047 0.005325 0.936994 0.057378 0.000255
2 2 0.000167 0.003774 0.903712 0.092165 0.000183
2 2 0.000008 0.001610 0.878802 0.119509 0.000071
2 2 0.000013 0.001449 0.845130 0.153309 0.000098
2 2 0.000140 0.005231 0.851961 0.141743 0.000926
2 2 0.000027 0.001858 0.881137 0.116890 0.000089
2 1 0.311183 0.073377 0.441122 0.168679 0.005638
0 1 0.875408 0.077058 0.035617 0.000662 0.011255
2 1 0.039022 0.255765 0.666043 0.011151 0.028019
2 2 0.000644 0.046179 0.937541 0.009001 0.006636
2 2 0.000013 0.007298 0.990189 0.001173 0.001327
2 2 0.000019 0.003203 0.941418 0.054226 0.001134
2 2 0.000046 0.017818 0.962011 0.008263 0.011861
2 2 0.000038 0.005494 0.936245 0.055987 0.002236
2 2 0.000045 0.008109 0.968543 0.019149 0.004154
2 2 0.000024 0.004488 0.953333 0.041346 0.000810
2 2 0.000007 0.001743 0.869787 0.128153 0.000310
2 2 0.000907 0.018904 0.850391 0.108673 0.021125
2 2 0.000020 0.002361 0.903690 0.093585 0.000345
2 2 0.000659 0.006739 0.815507 0.175308 0.001787
2 2 0.000010 0.001611 0.883488 0.114621 0.000270
2 2 0.000381 0.009967 0.927923 0.058723 0.003005
2 2 0.000042 0.003267 0.642335 0.353842 0.000514
2 2 0.000011 0.002225 0.817661 0.179266 0.000838
3 2 0.000003 0.000494 0.461332 0.537995 0.000176
3 2 0.000161 0.001012 0.486312 0.512424 0.000091
3 2 0.000040 0.004350 0.490826 0.503965 0.000819
2 2 0.000357 0.002688 0.510442 0.486055 0.000458
3 2 0.000069 0.001127 0.162570 0.836017 0.000217
2 2 0.000084 0.011642 0.915155 0.070699 0.002420
2 2 0.000266 0.004709 0.898381 0.095601 0.001043
0 0 0.919624 0.048281 0.024729 0.000428 0.006938
2 1 0.006500 0.188546 0.780419 0.004876 0.019659
2 2 0.000030 0.004809 0.942052 0.052536 0.000573
2 2 0.000013 0.003291 0.963639 0.032653 0.000405
2 2 0.076064 0.102323 0.740604 0.030604 0.050405
2 0 0.348339 0.231902 0.390666 0.014468 0.014624
2 1 0.005561 0.156729 0.830754 0.003736 0.003221
2 2 0.015163 0.118250 0.841542 0.020050 0.004995
2 2 0.000204 0.025824 0.866722 0.106692 0.000557
2 2 0.000010 0.004058 0.962942 0.032883 0.000107
2 2 0.000151 0.013335 0.941414 0.044697 0.000403
2 2 0.000298 0.011236 0.888579 0.099550 0.000337
2 2 0.000348 0.011257 0.956384 0.031863 0.000148
2 2 0.001724 0.030965 0.942927 0.023647 0.000738
2 2 0.000076 0.006560 0.975545 0.017641 0.000179
2 2 0.000198 0.022696 0.941799 0.034457 0.000849
2 2 0.000144 0.006074 0.949294 0.044422 0.000066
3 2 0.010293 0.014572 0.478299 0.496095 0.000741
0 0 0.645658 0.164160 0.158242 0.003923 0.028016
1 0 0.356153 0.472555 0.142349 0.000316 0.028627
1 1 0.136482 0.621924 0.214409 0.000266 0.026919
1 1 0.033563 0.502211 0.448866 0.000811 0.014549
1 2 0.126304 0.604200 0.234171 0.000710 0.034616
2 2 0.027889 0.175439 0.756651 0.026172 0.013849
2 2 0.024463 0.160103 0.780311 0.024682 0.010441
2 2 0.000674 0.025470 0.958837 0.014175 0.000843
2 2 0.000048 0.008208 0.977891 0.013200 0.000653
2 2 0.000013 0.003037 0.968406 0.028508 0.000036
2 2 0.000130 0.008771 0.977136 0.013229 0.000735
2 2 0.000061 0.023102 0.974658 0.000542 0.001638
2 2 0.000273 0.004257 0.720371 0.275016 0.000084
2 2 0.004312 0.041268 0.943455 0.008762 0.002203
2 2 0.000170 0.023196 0.971849 0.003641 0.001143
2 2 0.000521 0.030615 0.951828 0.016080 0.000956
2 2 0.000406 0.010464 0.965704 0.023251 0.000175
2 2 0.002619 0.023253 0.918360 0.055303 0.000465
2 2 0.000228 0.052883 0.944530 0.000728 0.001632
2 2 0.000142 0.009550 0.979939 0.010149 0.000219
2 2 0.000059 0.017034 0.978671 0.003624 0.000611
2 2 0.000034 0.004490 0.976630 0.018776 0.000070
2 2 0.001646 0.033270 0.956626 0.006698 0.001759
2 2 0.000538 0.051462 0.941895 0.004845 0.001259
2 2 0.000071 0.007592 0.950452 0.041760 0.000125
2 2 0.000031 0.002366 0.937534 0.060038 0.000031
2 2 0.000262 0.029433 0.967489 0.000985 0.001831
2 2 0.000073 0.007121 0.979487 0.012896 0.000423
2 2 0.000092 0.008231 0.958984 0.032222 0.000472
2 2 0.000034 0.014811 0.975863 0.007989 0.001303
2 2 0.000014 0.004810 0.969632 0.025147 0.000397
2 2 0.000080 0.002557 0.949552 0.047761 0.000050
2 2 0.000007 0.001575 0.874439 0.123954 0.000025
2 2 0.000008 0.001255 0.813510 0.185199 0.000028
2 2 0.000004 0.001866 0.947364 0.050681 0.000085
2 2 0.000026 0.000901 0.523890 0.475172 0.000012
2 2 0.000165 0.004802 0.837311 0.157433 0.000289
2 2 0.000516 0.010912 0.868471 0.117670 0.002431
2 2 0.000023 0.003401 0.819267 0.177126 0.000183
2 2 0.000004 0.000452 0.578800 0.420737 0.000007
2 2 0.000088 0.003639 0.689151 0.306682 0.000441
2 2 0.000022 0.001692 0.615149 0.382986 0.000151
3 2 0.000718 0.006937 0.481457 0.510509 0.000379
2 2 0.000372 0.007654 0.820966 0.170667 0.000340
2 2 0.000088 0.004331 0.843045 0.152218 0.000318
2 2 0.000002 0.000611 0.690396 0.308982 0.000010
2 2 0.000018 0.000977 0.597267 0.401712 0.000026
3 2 0.000007 0.000523 0.456378 0.543084 0.000008
2 2 0.000402 0.003030 0.886108 0.110410 0.000051
0 0 0.956843 0.023190 0.013962 0.000812 0.005193
2 0 0.236372 0.324532 0.421323 0.004205 0.013568
0 0 0.511405 0.396295 0.065079 0.000058 0.027164
1 1 0.135879 0.464376 0.363802 0.006761 0.029183
2 1 0.059576 0.298000 0.626034 0.007380 0.009010
1 1 0.198866 0.601053 0.160093 0.000499 0.039488
2 2 0.022252 0.284597 0.670121 0.008021 0.015008
2 2 0.013012 0.215616 0.754339 0.007759 0.009274
2 2 0.009528 0.175796 0.786274 0.020739 0.007663
1 2 0.026035 0.499447 0.461888 0.001317 0.011312
2 2 0.003073 0.041595 0.894058 0.060457 0.000818
2 2 0.010756 0.071927 0.891024 0.022126 0.004166
2 2 0.000739 0.123536 0.871740 0.001286 0.002699
2 2 0.001635 0.130777 0.865469 0.000477 0.001643
2 2 0.000613 0.030800 0.967426 0.000850 0.000311
2 2 0.000093 0.049662 0.947776 0.000164 0.002304
2 2 0.000021 0.003717 0.946690 0.049073 0.000499
2 2 0.000001 0.002371 0.990846 0.006682 0.000100
2 2 0.000124 0.018684 0.977096 0.002687 0.001410
2 0 0.109430 0.401474 0.475683 0.002024 0.011389
0 0 0.679893 0.204466 0.092119 0.001185 0.022338
1 0 0.395770 0.514291 0.062659 0.000020 0.027260
1 0 0.230534 0.500762 0.210896 0.004807 0.053001
1 1 0.121877 0.533478 0.299945 0.005403 0.039297
2 1 0.037162 0.239721 0.692245 0.023277 0.007596
1 1 0.097636 0.563782 0.303673 0.002773 0.032137
2 2 0.009427 0.180345 0.774864 0.031275 0.004088
2 2 0.042379 0.271170 0.639755 0.025375 0.021321
2 2 0.000040 0.033542 0.962102 0.001713 0.002603
2 2 0.008474 0.263041 0.719526 0.000238 0.008721
2 2 0.000784 0.033048 0.953527 0.011590 0.001052
2 2 0.000914 0.080673 0.913299 0.001632 0.003483
2 2 0.002445 0.076421 0.914764 0.001123 0.005247
2 2 0.000249 0.010017 0.983180 0.005801 0.000753
2 2 0.000167 0.040196 0.939316 0.014049 0.006272
2 2 0.000122 0.027124 0.965858 0.002085 0.004810
2 2 0.000002 0.007141 0.991465 0.000911 0.000481
2 2 0.000122 0.009962 0.979971 0.009185 0.000760
2 2 0.000413 0.006818 0.893986 0.098681 0.000103
2 2 0.000543 0.009498 0.821040 0.168572 0.000348
2 2 0.002119 0.055504 0.914755 0.022557 0.005065
2 2 0.000281 0.021663 0.974237 0.001970 0.001850
2 2 0.000030 0.005098 0.981332 0.013334 0.000206
2 2 0.000542 0.014860 0.977784 0.006026 0.000788
2 2 0.000045 0.009710 0.977653 0.011754 0.000838
2 2 0.000106 0.008479 0.986347 0.004578 0.000490
2 2 0.000045 0.008475 0.978255 0.012648 0.000578
2 2 0.000751 0.017675 0.947072 0.033843 0.000658
2 2 0.000108 0.012840 0.981117 0.005354 0.000580
2 2 0.000078 0.010341 0.968097 0.019805 0.001679
2 1 0.251480 0.188638 0.517674 0.031830 0.010378
2 1 0.043484 0.253026 0.682589 0.011362 0.009539
2 2 0.001299 0.030369 0.865023 0.102410 0.000899
2 2 0.002476 0.016484 0.826145 0.154549 0.000347
2 2 0.001046 0.045924 0.939210 0.012987 0.000833
2 2 0.001384 0.031092 0.937426 0.029228 0.000869
2 2 0.001046 0.027505 0.969191 0.002042 0.000217
2 2 0.000159 0.024235 0.974763 0.000667 0.000176
2 2 0.000141 0.012239 0.973854 0.013638 0.000129
2 2 0.000062 0.015069 0.984017 0.000522 0.000330
2 2 0.000038 0.007427 0.951041 0.041429 0.000065
2 2 0.000407 0.013420 0.941902 0.043880 0.000391
2 2 0.000337 0.022261 0.962498 0.014045 0.000859
2 2 0.000464 0.013937 0.929925 0.055027 0.000647
2 2 0.000066 0.004147 0.961104 0.034615 0.000067
2 2 0.000049 0.004391 0.978904 0.016633 0.000023
2 2 0.000029 0.004564 0.937217 0.058096 0.000095
3 2 0.000024 0.000568 0.423127 0.576275 0.000005
2 2 0.000728 0.013708 0.934380 0.050481 0.000702
2 2 0.000102 0.006969 0.975326 0.017423 0.000180
2 2 0.000218 0.002464 0.916427 0.080864 0.000027
2 2 0.000027 0.005401 0.942389 0.052039 0.000145
2 2 0.000002 0.000259 0.744413 0.255326 0.000001
2 2 0.000989 0.034242 0.908448 0.054221 0.002100
2 2 0.000024 0.000590 0.528015 0.471370 0.000001
3 2 0.000041 0.001433 0.398530 0.599908 0.000087
2 2 0.097577 0.045306 0.714910 0.140066 0.002142
1 1 0.278099 0.373549 0.324638 0.003359 0.020355
1 1 0.263264 0.496519 0.221130 0.000298 0.018789
1 1 0.088369 0.620728 0.269529 0.000425 0.020948
2 2 0.010816 0.127991 0.812749 0.021702 0.026742
2 2 0.001080 0.023039 0.961740 0.013189 0.000952
2 2 0.002162 0.019900 0.906251 0.069732 0.001954
2 2 0.000056 0.009433 0.986414 0.003323 0.000773
2 2 0.000253 0.011553 0.976554 0.010646 0.000994
2 2 0.000642 0.084757 0.908596 0.003215 0.002790
2 2 0.000455 0.009610 0.930029 0.059747 0.000160
2 2 0.007330 0.082061 0.878906 0.025925 0.005778
2 2 0.000513 0.034879 0.960556 0.003554 0.000499
2 2 0.000227 0.012776 0.964771 0.021655 0.000572
2 2 0.000671 0.020588 0.944882 0.033071 0.000787
2 2 0.000026 0.006791 0.987412 0.005581 0.000191
2 2 0.000002 0.004967 0.993847 0.000871 0.000313
2 2 0.000162 0.009184 0.979528 0.010888 0.000239
2 2 0.000117 0.028637 0.968001 0.002413 0.000833
2 2 0.000150 0.003157 0.934914 0.061629 0.000150
2 2 0.000905 0.014787 0.970978 0.012838 0.000493
2 2 0.000006 0.004711 0.973215 0.021714 0.000354
2 2 0.000007 0.001568 0.979181 0.019160 0.000083
2 2 0.000014 0.002148 0.970296 0.027490 0.000051
2 2 0.000003 0.000927 0.912825 0.086223 0.000023
2 2 0.000188 0.014623 0.929937 0.052984 0.002268
2 2 0.000031 0.003077 0.926713 0.070076 0.000103
2 2 0.000001 0.000699 0.887113 0.112169 0.000019
2 2 0.000052 0.007352 0.971016 0.020920 0.000659
2 2 0.000029 0.001514 0.747026 0.251371 0.000061
2 2 0.000197 0.007455 0.942028 0.049660 0.000661
2 2 0.000241 0.003341 0.693425 0.302949 0.000044
2 3 0.000029 0.001087 0.523397 0.475408 0.000079
3 3 0.000424 0.002365 0.281072 0.715322 0.000816
2 3 0.000280 0.006407 0.671594 0.320875 0.000845
2 3 0.000044 0.001330 0.924964 0.073605 0.000056
2 3 0.000051 0.004974 0.971800 0.021675 0.001500
2 2 0.000222 0.010097 0.975911 0.011573 0.002197
2 2 0.000004 0.001160 0.932443 0.066206 0.000187
2 2 0.000013 0.003699 0.984487 0.011026 0.000775
2 2 0.000014 0.004463 0.898477 0.095347 0.001698
2 2 0.000323 0.010794 0.898475 0.085621 0.004787
3 2 0.000016 0.000759 0.455933 0.543240 0.000052
2 2 0.000243 0.006302 0.879437 0.112530 0.001487
3 2 0.000228 0.004519 0.350473 0.639932 0.004848
2 2 0.001091 0.006456 0.818057 0.173641 0.000754
2 2 0.003213 0.019972 0.650319 0.321398 0.005098
4 2 0.011323 0.309085 0.286774 0.002001 0.390816
4 2 0.015787 0.238957 0.145641 0.000740 0.598875
4 4 0.007697 0.027787 0.016590 0.000147 0.947780
4 4 0.008161 0.234777 0.257919 0.003180 0.495964
4 4 0.045093 0.055558 0.026542 0.000087 0.872719
4 4 0.015485 0.031409 0.011482 0.000086 0.941538
4 4 0.016998 0.187136 0.092908 0.000261 0.702697
4 4 0.052891 0.019243 0.005432 0.000013 0.922421
4 4 0.011466 0.258750 0.205775 0.000394 0.523615
4 4 0.024525 0.010993 0.004234 0.000015 0.960234
4 4 0.011151 0.046422 0.012251 0.000004 0.930171
4 4 0.021417 0.029088 0.008234 0.000008 0.941253
4 4 0.042071 0.009953 0.002663 0.000004 0.945309
4 4 0.022613 0.053503 0.017087 0.000069 0.906728
4 4 0.008040 0.009445 0.003971 0.000015 0.978529
4 4 0.034183 0.005138 0.002608 0.000013 0.958058
4 4 0.083188 0.055308 0.024927 0.000050 0.836527
4 4 0.109740 0.006555 0.003405 0.000021 0.880277
4 4 0.073951 0.014211 0.003868 0.000009 0.907961
4 4 0.087428 0.004738 0.003456 0.000033 0.904345
4 4 0.045088 0.008255 0.003129 0.000011 0.943517
4 4 0.016214 0.008863 0.003119 0.000011 0.971792
4 4 0.081301 0.010405 0.003450 0.000010 0.904834
4 4 0.031291 0.026217 0.007102 0.000016 0.935373
4 4 0.068543 0.008847 0.003927 0.000023 0.918660
4 4 0.042984 0.101985 0.025625 0.000058 0.829348
4 4 0.035085 0.090701 0.018428 0.000010 0.855777
4 4 0.054873 0.168855 0.041461 0.000095 0.734717
4 4 0.030932 0.207593 0.070235 0.000030 0.691211
4 4 0.026312 0.097763 0.033997 0.000030 0.841898
4 4 0.032743 0.064313 0.019176 0.000049 0.883719
4 4 0.014100 0.241641 0.152054 0.000375 0.591830
4 4 0.015479 0.261564 0.152486 0.000107 0.570363
4 4 0.026219 0.191713 0.076209 0.000261 0.705598
4 4 0.024094 0.043512 0.007238 0.000003 0.925152
4 4 0.013674 0.139291 0.069730 0.000208 0.777097
4 4 0.025960 0.289781 0.128317 0.000045 0.555897
4 4 0.015691 0.142861 0.064797 0.000224 0.776428
4 4 0.053360 0.080768 0.018397 0.000022 0.847453
4 4 0.005979 0.244097 0.287358 0.000642 0.461924
4 4 0.014014 0.149646 0.070288 0.000087 0.765965
4 4 0.012253 0.023542 0.008622 0.000024 0.955558
4 4 0.018624 0.055800 0.012375 0.000006 0.913195
4 4 0.014518 0.108366 0.038946 0.000012 0.838158
4 4 0.016737 0.178386 0.083883 0.000117 0.720878
1 1 0.193776 0.401581 0.328844 0.001446 0.074353
1 1 0.178583 0.631292 0.151105 0.000343 0.038677
1 2 0.040386 0.471428 0.237611 0.000911 0.249664
1 2 0.020939 0.407504 0.267708 0.000567 0.303282
2 2 0.006219 0.188388 0.652414 0.020141 0.132838
1 1 0.195529 0.615929 0.138356 0.000153 0.050034
2 1 0.017377 0.426572 0.448638 0.003072 0.104340
2 2 0.005328 0.330078 0.524080 0.001284 0.139229
2 2 0.007399 0.294038 0.470246 0.009204 0.219114
2 2 0.002277 0.201863 0.729150 0.005013 0.061697
2 2 0.008138 0.239678 0.507373 0.031262 0.213550
2 2 0.003129 0.228150 0.414195 0.000743 0.353783
2 2 0.003673 0.240450 0.458967 0.002032 0.294878
2 2 0.004484 0.246162 0.474147 0.005068 0.270140
4 2 0.002828 0.213948 0.386873 0.000414 0.395937
4 2 0.002121 0.215526 0.385991 0.000088 0.396275
2 2 0.002553 0.210337 0.489010 0.001976 0.296123
2 2 0.003195 0.222087 0.522551 0.005072 0.247095
2 2 0.002347 0.181413 0.500621 0.006408 0.309210
2 2 0.003354 0.222421 0.510346 0.005425 0.258455
2 2 0.004614 0.200456 0.569121 0.031888 0.193921
2 2 0.003702 0.176396 0.740958 0.014997 0.063947
2 2 0.001983 0.201037 0.602252 0.003415 0.191313
4 2 0.006604 0.278039 0.329430 0.001028 0.384899
4 2 0.006207 0.286070 0.344885 0.000774 0.362064
2 2 0.002196 0.208301 0.588173 0.003379 0.197951
2 2 0.001648 0.179492 0.639384 0.006217 0.173258
2 2 0.001184 0.102684 0.780903 0.024377 0.090852
2 2 0.001034 0.060452 0.861909 0.026363 0.050243
2 2 0.000003 0.011884 0.975457 0.004485 0.008170
2 2 0.000139 0.017322 0.962784 0.015512 0.004243
2 2 0.011865 0.413198 0.516917 0.000698 0.057321
2 2 0.000030 0.015454 0.970008 0.011622 0.002886
2 2 0.000002 0.003334 0.986650 0.009507 0.000507
2 2 0.000025 0.014638 0.981645 0.001468 0.002224
2 2 0.000004 0.005215 0.965704 0.027218 0.001859
2 2 0.000053 0.011871 0.978013 0.007715 0.002348
2 2 0.000009 0.005635 0.983961 0.009411 0.000985
2 2 0.000002 0.002380 0.978293 0.018938 0.000387
2 2 0.000002 0.001074 0.988825 0.010017 0.000083
2 2 0.000008 0.010587 0.987803 0.000330 0.001272
2 2 0.000142 0.011276 0.971595 0.015578 0.001408
2 2 0.000003 0.001603 0.943188 0.055146 0.000061
2 2 0.000037 0.002544 0.978332 0.019028 0.000060
2 2 0.000015 0.003040 0.946585 0.050038 0.000322
2 2 0.000009 0.002654 0.902287 0.094325 0.000725
2 2 0.000003 0.000998 0.850571 0.148253 0.000176
2 2 0.000010 0.004017 0.940389 0.054897 0.000686
2 2 0.000232 0.008328 0.838709 0.146952 0.005780
2 2 0.000010 0.002234 0.650126 0.347214 0.000415
2 2 0.000008 0.005377 0.722616 0.269336 0.002662
3 2 0.000008 0.000657 0.421290 0.577956 0.000090
2 2 0.000004 0.001829 0.934174 0.063652 0.000341
2 2 0.000050 0.004396 0.691294 0.302896 0.001364
3 2 0.000018 0.000785 0.291996 0.707122 0.000080
3 2 0.000005 0.000473 0.216051 0.783405 0.000066
3 3 0.000001 0.000419 0.326731 0.672642 0.000207
3 3 0.000002 0.000205 0.132424 0.867329 0.000040
2 3 0.000115 0.004548 0.546020 0.447011 0.002306
3 3 0.000073 0.002563 0.256820 0.739705 0.000840
2 3 0.000473 0.012414 0.814016 0.170150 0.002948
3 3 0.000001 0.000050 0.078434 0.921513 0.000001
3 3 0.000017 0.000766 0.078584 0.920314 0.000320
3 3 0.000020 0.000587 0.065894 0.933339 0.000160
3 3 0.000016 0.000104 0.030666 0.969210 0.000004
3 3 0.000043 0.000413 0.092251 0.907250 0.000042
3 3 0.000079 0.003673 0.367502 0.626096 0.002650
3 3 0.000034 0.000386 0.037382 0.962036 0.000162
3 3 0.000079 0.002305 0.236192 0.760643 0.000782
3 3 0.000030 0.000311 0.137926 0.861662 0.000071
3 3 0.000011 0.000270 0.049257 0.950380 0.000082
3 3 0.000015 0.000310 0.073634 0.925950 0.000091
3 3 0.000040 0.000450 0.077691 0.921744 0.000076
3 3 0.000059 0.000634 0.033209 0.965333 0.000765
3 3 0.000015 0.000333 0.044885 0.954663 0.000103
3 3 0.000101 0.000667 0.028542 0.969999 0.000691
3 3 0.000766 0.003998 0.252609 0.741705 0.000922
3 3 0.000007 0.000083 0.020739 0.979163 0.000008
3 3 0.000021 0.000415 0.058928 0.940299 0.000337
3 3 0.000007 0.000167 0.044959 0.954838 0.000029
3 3 0.000015 0.000248 0.037171 0.962334 0.000232
3 3 0.000091 0.001291 0.142103 0.856010 0.000505
3 3 0.000000 0.000029 0.019556 0.980404 0.000010
3 3 0.000007 0.000058 0.017385 0.982539 0.000010
3 3 0.000033 0.000123 0.017772 0.982046 0.000026
3 3 0.000002 0.000048 0.010675 0.989261 0.000014
3 3 0.000050 0.000803 0.074007 0.924803 0.000337
3 3 0.000004 0.000082 0.016200 0.983683 0.000031
3 3 0.000066 0.000225 0.013825 0.985778 0.000106
3 3 0.000001 0.000045 0.024622 0.975322 0.000009
3 3 0.000880 0.002722 0.075888 0.918659 0.001851
3 3 0.000257 0.008293 0.446726 0.541889 0.002835
2 3 0.000118 0.005307 0.797295 0.196823 0.000457
2 3 0.000028 0.002356 0.761783 0.235694 0.000139
2 3 0.000012 0.001363 0.677256 0.321321 0.000048
2 3 0.000017 0.001956 0.591524 0.406342 0.000161
2 3 0.000915 0.009216 0.663791 0.324639 0.001440
2 3 0.000034 0.001935 0.744345 0.253574 0.000112
3 3 0.000119 0.002642 0.285374 0.711572 0.000292
3 3 0.000030 0.001580 0.300458 0.697731 0.000201
3 3 0.000330 0.005845 0.369555 0.623680 0.000589
3 3 0.000047 0.001125 0.239323 0.759359 0.000146
3 3 0.000063 0.003637 0.419647 0.575902 0.000751
3 3 0.000031 0.001706 0.362280 0.635680 0.000303
3 3 0.000124 0.002212 0.255346 0.741945 0.000373
3 3 0.000059 0.000445 0.189262 0.810221 0.000013
3 3 0.000101 0.001926 0.234131 0.763426 0.000416
3 3 0.000007 0.000306 0.130409 0.869247 0.000031
3 3 0.000016 0.000555 0.101971 0.897415 0.000043
3 3 0.000008 0.000728 0.133759 0.865218 0.000288
3 3 0.000719 0.003078 0.115871 0.879422 0.000910
3 3 0.000030 0.000769 0.132379 0.866767 0.000056
3 2 0.000710 0.001811 0.107420 0.889942 0.000117
0 2 0.344112 0.130646 0.311970 0.190110 0.023162
2 2 0.001739 0.138288 0.738083 0.037641 0.084250
2 2 0.000012 0.008832 0.985374 0.002846 0.002937
2 2 0.000172 0.031508 0.923978 0.016936 0.027406
2 2 0.000241 0.036353 0.947051 0.000520 0.015835
2 2 0.000095 0.026199 0.939193 0.008162 0.026351
2 2 0.000021 0.013748 0.970798 0.009989 0.005444
2 2 0.000568 0.074243 0.840688 0.016411 0.068090
3 1 0.200113 0.039147 0.340302 0.416705 0.003733
2 1 0.055378 0.401086 0.530496 0.002156 0.010884
2 2 0.011072 0.203708 0.767198 0.001132 0.016890
2 2 0.000407 0.022415 0.953619 0.023173 0.000386
2 2 0.000042 0.021038 0.976217 0.000479 0.002223
2 2 0.000441 0.020557 0.968899 0.009336 0.000767
2 2 0.000591 0.130846 0.853229 0.000848 0.014486
2 2 0.001701 0.123603 0.839547 0.003655 0.031495
2 2 0.005907 0.013427 0.765204 0.214810 0.000653
1 1 0.269120 0.415911 0.299196 0.000751 0.015022
1 2 0.130036 0.589563 0.153705 0.000080 0.126616
2 2 0.003291 0.100980 0.883361 0.003010 0.009359
2 2 0.004932 0.039593 0.934217 0.014296 0.006962
2 2 0.000470 0.022730 0.972209 0.003312 0.001278
2 2 0.000053 0.030026 0.966075 0.000719 0.003127
2 2 0.000201 0.030334 0.951814 0.011360 0.006291
2 2 0.000091 0.025409 0.956271 0.009019 0.009210
2 2 0.000564 0.032346 0.956141 0.005097 0.005853
2 2 0.000107 0.022875 0.966274 0.006326 0.004417
2 2 0.001237 0.040894 0.938897 0.006904 0.012068
2 2 0.000350 0.007451 0.938547 0.053329 0.000323
2 2 0.000211 0.011385 0.965240 0.019134 0.004031
2 2 0.001489 0.117158 0.857207 0.000558 0.023588
2 2 0.000374 0.013034 0.960530 0.023367 0.002695
2 2 0.000177 0.047633 0.929361 0.012209 0.010620
2 2 0.000389 0.026576 0.961043 0.009787 0.002205
2 2 0.000154 0.006532 0.984760 0.007661 0.000892
2 2 0.000169 0.016639 0.974422 0.007429 0.001341
2 2 0.002166 0.182369 0.734847 0.010843 0.069775
2 2 0.000067 0.005516 0.980842 0.013092 0.000483
2 2 0.000517 0.025575 0.944373 0.027778 0.001756
2 2 0.000444 0.041078 0.939542 0.011709 0.007226
2 2 0.000442 0.040632 0.943874 0.004552 0.010500
2 2 0.000024 0.018594 0.975895 0.001850 0.003636
2 2 0.000058 0.012759 0.963903 0.022232 0.001049
2 2 0.000281 0.033061 0.916921 0.039764 0.009973
2 2 0.000026 0.004481 0.974083 0.020700 0.000711
2 2 0.000227 0.018695 0.969123 0.008494 0.003461
2 2 0.000092 0.031712 0.945546 0.016913 0.005737
2 2 0.000023 0.006811 0.983834 0.007439 0.001893
2 2 0.000039 0.006210 0.975539 0.017484 0.000727
2 2 0.000326 0.017254 0.941018 0.033099 0.008303
2 2 0.000898 0.029607 0.953354 0.011489 0.004652
2 2 0.000038 0.007487 0.954735 0.036819 0.000921
2 2 0.001114 0.034367 0.949467 0.011971 0.003080
2 2 0.000190 0.007585 0.932004 0.058990 0.001231
2 2 0.000209 0.025812 0.877690 0.091656 0.004632
2 2 0.000110 0.007350 0.977995 0.012732 0.001812
2 2 0.000052 0.020305 0.943187 0.027439 0.009017
2 2 0.001214 0.020917 0.951763 0.017767 0.008339
2 2 0.000300 0.014031 0.957706 0.024823 0.003140
2 2 0.000482 0.054609 0.902884 0.009311 0.032713
2 2 0.000116 0.014075 0.969979 0.011327 0.004503
2 2 0.000005 0.000464 0.732238 0.267275 0.000019
2 2 0.000167 0.011674 0.915052 0.070364 0.002742
2 2 0.001188 0.037192 0.826646 0.119547 0.015427
2 2 0.001044 0.062691 0.863795 0.057056 0.015414
2 2 0.007785 0.130743 0.782079 0.047606 0.031787
1 1 0.110365 0.511632 0.310131 0.004849 0.063024
1 2 0.024856 0.430554 0.299145 0.001483 0.243962
2 2 0.011569 0.234008 0.638785 0.020098 0.095540
4 2 0.028639 0.093752 0.022641 0.000026 0.854942
4 4 0.026835 0.122184 0.039669 0.000188 0.811124
4 4 0.021924 0.111805 0.034447 0.000036 0.831787
1 4 0.021478 0.398362 0.257665 0.000663 0.321831
4 4 0.009110 0.016416 0.003364 0.000004 0.971106
4 4 0.039718 0.040693 0.012218 0.000052 0.907320
4 4 0.048720 0.116330 0.028038 0.000043 0.806870
4 4 0.033679 0.142649 0.035990 0.000007 0.787674
4 4 0.023473 0.317875 0.164810 0.000124 0.493718
4 4 0.016833 0.266264 0.149988 0.000111 0.566805
4 4 0.032645 0.234832 0.077441 0.000010 0.655072
1 4 0.057105 0.510025 0.232692 0.000124 0.200054
4 4 0.059583 0.245887 0.060067 0.000011 0.634453
4 4 0.032504 0.027171 0.003166 0.000000 0.937158
4 4 0.042679 0.287984 0.094713 0.000026 0.574598
4 4 0.051354 0.316748 0.090636 0.000005 0.541258
4 4 0.072949 0.005444 0.003424 0.000033 0.918151
4 4 0.186238 0.034417 0.005911 0.000002 0.773432
4 4 0.037083 0.007300 0.002631 0.000007 0.952979
4 4 0.063391 0.008539 0.003592 0.000017 0.924461
4 4 0.017190 0.037166 0.012251 0.000030 0.933362
4 4 0.026175 0.117765 0.033012 0.000023 0.823026
4 4 0.019251 0.129439 0.044374 0.000019 0.806917
4 4 0.050401 0.024519 0.006562 0.000031 0.918487
4 4 0.074077 0.014313 0.004289 0.000005 0.907315
4 4 0.011577 0.009481 0.003123 0.000011 0.975807
4 4 0.015643 0.016566 0.003415 0.000003 0.964373
4 4 0.027674 0.131287 0.036800 0.000015 0.804224
4 4 0.040187 0.030607 0.009007 0.000013 0.920187
4 4 0.102497 0.008916 0.002608 0.000004 0.885975
4 4 0.033971 0.004447 0.002916 0.000028 0.958638
4 4 0.074763 0.008051 0.003564 0.000018 0.913603
4 4 0.052921 0.011788 0.005258 0.000027 0.930006
4 4 0.111346 0.011700 0.002866 0.000003 0.874085
4 4 0.062438 0.009113 0.002872 0.000006 0.925571
4 4 0.025355 0.007504 0.002563 0.000006 0.964572
4 4 0.021202 0.050023 0.016929 0.000029 0.911816
4 4 0.028197 0.023780 0.006914 0.000042 0.941067
