1 0 0.243847 0.574600 0.141878 0.000021 0.039654
0 0 0.628823 0.238111 0.052758 0.000004 0.080304
2 1 0.034853 0.391334 0.526717 0.002208 0.044888
2 1 0.019582 0.454837 0.460860 0.000371 0.064350
2 2 0.016856 0.301177 0.641301 0.000926 0.039740
1 2 0.148942 0.476850 0.226980 0.000008 0.147221
2 2 0.003752 0.221808 0.754929 0.000533 0.018979
2 2 0.014310 0.070857 0.867419 0.001056 0.046357
0 2 0.346441 0.203093 0.224206 0.000419 0.225840
2 2 0.000270 0.017450 0.979798 0.001190 0.001293
2 2 0.023211 0.159725 0.803507 0.003177 0.010380
2 2 0.002443 0.101352 0.891160 0.000394 0.004651
2 2 0.004738 0.113176 0.875536 0.000019 0.006531
2 2 0.001247 0.038520 0.958167 0.000678 0.001388
2 2 0.002252 0.050161 0.943967 0.001861 0.001758
2 2 0.004233 0.047383 0.941460 0.004856 0.002068
2 2 0.002779 0.052491 0.939129 0.002187 0.003415
2 2 0.001203 0.014738 0.971069 0.012484 0.000507
2 2 0.002293 0.030629 0.960783 0.004856 0.001438
2 2 0.002371 0.040859 0.943901 0.010833 0.002037
2 2 0.000808 0.019076 0.972446 0.006603 0.001066
2 2 0.003955 0.052065 0.935628 0.006486 0.001867
2 2 0.000659 0.011348 0.893449 0.094098 0.000446
2 2 0.001858 0.023631 0.864247 0.108746 0.001518
2 2 0.002156 0.011139 0.666386 0.319644 0.000674
2 2 0.002668 0.014335 0.716830 0.263646 0.002520
2 2 0.004008 0.026937 0.862473 0.101404 0.005178
3 2 0.001676 0.005068 0.486132 0.506777 0.000346
3 3 0.000476 0.001755 0.313279 0.684377 0.000113
3 3 0.000822 0.006930 0.393393 0.598139 0.000716
2 3 0.001986 0.019353 0.696476 0.280491 0.001695
2 3 0.001598 0.014669 0.581191 0.399567 0.002974
2 3 0.002131 0.015848 0.526674 0.454217 0.001130
3 3 0.000098 0.001771 0.257644 0.740218 0.000269
3 3 0.000983 0.006116 0.362543 0.629627 0.000732
3 3 0.000232 0.002195 0.274595 0.722573 0.000405
3 3 0.002073 0.009303 0.310289 0.677361 0.000973
3 3 0.000295 0.002297 0.181261 0.815841 0.000305
3 3 0.001063 0.003197 0.151020 0.844366 0.000354
3 3 0.001512 0.003547 0.263631 0.731067 0.000243
3 3 0.000282 0.002844 0.340694 0.655667 0.000512
3 3 0.001249 0.004878 0.248670 0.744461 0.000742
3 3 0.000655 0.003376 0.212282 0.783187 0.000499
3 3 0.000120 0.000625 0.079317 0.919856 0.000082
3 3 0.000652 0.003754 0.198282 0.796495 0.000818
3 3 0.000460 0.001895 0.140630 0.856651 0.000364
3 3 0.000440 0.004145 0.166087 0.828970 0.000359
3 3 0.000820 0.002552 0.108613 0.887739 0.000275
3 3 0.000550 0.001549 0.065290 0.932299 0.000311
3 3 0.000476 0.001237 0.131194 0.866844 0.000250
3 3 0.000107 0.000876 0.056811 0.941956 0.000251
3 3 0.001719 0.004055 0.186317 0.807309 0.000599
3 3 0.000826 0.001333 0.064843 0.932893 0.000105
3 3 0.001141 0.002086 0.090770 0.905343 0.000660
3 3 0.000151 0.001197 0.097860 0.900696 0.000097
3 3 0.005914 0.006636 0.183383 0.801693 0.002373
3 3 0.002918 0.009791 0.350958 0.634162 0.002171
3 3 0.000655 0.001978 0.082762 0.913977 0.000628
3 3 0.003542 0.009988 0.227571 0.756563 0.002335
3 3 0.002666 0.005989 0.298552 0.691838 0.000954
3 2 0.000960 0.002555 0.076418 0.919711 0.000357
0 2 0.490540 0.245757 0.163197 0.000683 0.099823
2 2 0.025398 0.186168 0.759295 0.011504 0.017635
2 2 0.115192 0.335218 0.492078 0.006155 0.051356
2 2 0.003430 0.093926 0.892163 0.004390 0.006091
2 2 0.026336 0.239519 0.711386 0.006094 0.016665
2 2 0.011862 0.199538 0.781536 0.003064 0.004000
2 2 0.010126 0.207510 0.769588 0.000558 0.012217
2 2 0.016064 0.146466 0.830770 0.002244 0.004456
2 2 0.011574 0.366587 0.609033 0.000332 0.012474
2 2 0.013013 0.236297 0.734792 0.000869 0.015030
2 2 0.012606 0.130819 0.849257 0.004706 0.002612
2 2 0.010969 0.192563 0.790851 0.000085 0.005532
2 2 0.004680 0.098440 0.892765 0.000563 0.003553
2 2 0.002191 0.068571 0.926774 0.001492 0.000972
2 2 0.002095 0.058999 0.934637 0.003346 0.000922
2 2 0.003444 0.094314 0.897137 0.003124 0.001981
2 2 0.005563 0.092388 0.898452 0.001526 0.002072
2 2 0.018844 0.186211 0.788335 0.002035 0.004574
2 2 0.006763 0.067919 0.913771 0.009042 0.002505
2 2 0.007199 0.063672 0.917270 0.010469 0.001390
2 2 0.009053 0.070841 0.908781 0.009553 0.001772
2 2 0.005228 0.046353 0.883778 0.064103 0.000538
2 2 0.021760 0.081672 0.877814 0.016338 0.002416
2 2 0.026984 0.121863 0.834711 0.013504 0.002937
2 2 0.011414 0.047268 0.784243 0.155649 0.001426
2 2 0.016353 0.174874 0.756111 0.042969 0.009694
2 2 0.004167 0.028240 0.839619 0.127080 0.000893
2 2 0.016737 0.126952 0.785363 0.068956 0.001992
2 2 0.007871 0.034069 0.734049 0.223547 0.000465
2 2 0.005349 0.047184 0.774624 0.171877 0.000965
2 2 0.005927 0.033434 0.688927 0.271373 0.000340
2 2 0.003921 0.020891 0.637285 0.337011 0.000892
3 2 0.007218 0.029638 0.475491 0.486253 0.001400
3 2 0.001075 0.006791 0.311786 0.680094 0.000254
2 2 0.001109 0.013652 0.498856 0.486137 0.000246
2 2 0.002204 0.016907 0.641807 0.338904 0.000178
2 2 0.005893 0.023120 0.522983 0.447559 0.000445
3 2 0.000642 0.005358 0.384169 0.609552 0.000279
2 2 0.023004 0.104169 0.465196 0.399250 0.008382
3 2 0.001535 0.005271 0.380944 0.612047 0.000203
2 2 0.033154 0.061175 0.525907 0.378405 0.001359
2 2 0.011348 0.072384 0.887271 0.018507 0.010489
1 2 0.107139 0.544766 0.299663 0.001772 0.046661
2 2 0.028075 0.163499 0.784532 0.011198 0.012695
2 2 0.015525 0.231343 0.741796 0.002927 0.008409
2 2 0.010516 0.099152 0.875948 0.000027 0.014357
2 2 0.025125 0.100200 0.850912 0.001443 0.022320
2 2 0.003221 0.058017 0.930046 0.005413 0.003303
2 2 0.012283 0.125394 0.857241 0.001719 0.003364
2 2 0.010821 0.147541 0.828257 0.000012 0.013369
2 2 0.001161 0.041307 0.955846 0.000275 0.001412
2 2 0.001255 0.065374 0.931665 0.000037 0.001669
2 2 0.001733 0.055427 0.940979 0.000431 0.001430
2 2 0.004009 0.067108 0.923019 0.004275 0.001588
2 2 0.000145 0.011986 0.985268 0.002414 0.000188
2 2 0.001141 0.045176 0.940216 0.012096 0.001371
2 2 0.002096 0.026696 0.962404 0.006722 0.002083
2 2 0.001545 0.034872 0.938682 0.023921 0.000981
2 2 0.001630 0.022052 0.886468 0.089220 0.000630
2 2 0.008155 0.064418 0.899815 0.026152 0.001461
2 2 0.016264 0.096441 0.839094 0.037472 0.010729
2 2 0.002011 0.059220 0.892827 0.041224 0.004717
2 3 0.001244 0.024862 0.797692 0.175581 0.000621
2 3 0.004143 0.032602 0.897032 0.064411 0.001812
2 3 0.000985 0.015178 0.772088 0.210776 0.000973
2 3 0.000682 0.007627 0.588947 0.401808 0.000937
2 3 0.001797 0.015488 0.607548 0.374155 0.001012
2 3 0.010835 0.060127 0.767572 0.156064 0.005403
3 3 0.000282 0.004592 0.402092 0.592584 0.000451
2 3 0.004236 0.029143 0.771513 0.194009 0.001099
2 3 0.001036 0.017684 0.554357 0.425643 0.001280
2 3 0.003313 0.029479 0.583699 0.381291 0.002218
2 3 0.004567 0.033582 0.649817 0.308109 0.003926
3 3 0.001264 0.005851 0.352057 0.640507 0.000321
2 3 0.015182 0.031948 0.640226 0.308114 0.004530
2 3 0.000672 0.013728 0.681600 0.303204 0.000795
2 3 0.003329 0.018905 0.775528 0.201101 0.001137
2 3 0.004948 0.064288 0.669315 0.259154 0.002295
3 3 0.000433 0.002384 0.179563 0.817395 0.000225
2 3 0.002595 0.015491 0.552597 0.428665 0.000651
3 3 0.000448 0.001176 0.085576 0.912637 0.000163
3 3 0.004223 0.021296 0.406621 0.563652 0.004208
3 3 0.000629 0.005035 0.257969 0.735851 0.000515
3 3 0.001282 0.004922 0.192665 0.799456 0.001674
3 3 0.000092 0.000614 0.060614 0.938608 0.000072
3 3 0.000890 0.006531 0.221258 0.769043 0.002278
3 3 0.002082 0.007594 0.188068 0.800214 0.002041
3 3 0.003188 0.014112 0.312995 0.660250 0.009454
2 2 0.026465 0.112534 0.749409 0.101410 0.010182
1 2 0.177727 0.501942 0.299748 0.001955 0.018628
1 2 0.087012 0.614836 0.269598 0.000152 0.028403
1 1 0.057293 0.518244 0.390451 0.000345 0.033667
2 1 0.038671 0.410455 0.528819 0.000343 0.021711
2 1 0.023084 0.298016 0.660646 0.000892 0.017362
2 1 0.019158 0.310769 0.659219 0.002460 0.008393
2 2 0.002262 0.140562 0.853265 0.000013 0.003898
2 2 0.000173 0.019137 0.980261 0.000318 0.000111
1 2 0.300633 0.459816 0.174687 0.000105 0.064759
2 2 0.025474 0.358581 0.584255 0.000568 0.031122
1 2 0.142601 0.491414 0.348113 0.000122 0.017750
1 1 0.069861 0.685232 0.209909 0.000026 0.034973
2 1 0.021153 0.418502 0.549806 0.001150 0.009389
2 1 0.014279 0.361529 0.615700 0.000056 0.008435
2 1 0.007983 0.202047 0.784468 0.000058 0.005444
2 2 0.017350 0.188029 0.787919 0.000451 0.006252
2 2 0.022749 0.410532 0.541919 0.000047 0.024752
2 2 0.001406 0.092353 0.880187 0.000152 0.025902
2 2 0.004764 0.117709 0.858001 0.000207 0.019319
2 2 0.008980 0.198983 0.755995 0.000088 0.035954
2 2 0.024007 0.282497 0.647694 0.000432 0.045371
2 2 0.010867 0.252109 0.586799 0.000031 0.150195
1 4 0.254363 0.462280 0.200493 0.000158 0.082706
2 4 0.038422 0.344032 0.429459 0.000600 0.187486
4 4 0.011344 0.209233 0.173457 0.000003 0.605963
4 4 0.011384 0.165755 0.372704 0.000207 0.449951
4 4 0.008792 0.105434 0.135188 0.000012 0.750574
4 4 0.039070 0.057976 0.010987 0.000000 0.891966
4 4 0.017757 0.069397 0.063699 0.000018 0.849129
4 4 0.009191 0.171496 0.192762 0.000013 0.626538
4 4 0.017009 0.263491 0.208472 0.000006 0.511022
2 4 0.007565 0.139667 0.506111 0.000077 0.346581
4 4 0.011310 0.102779 0.097410 0.000037 0.788464
4 4 0.015962 0.136705 0.211898 0.000074 0.635361
4 4 0.016259 0.215954 0.249973 0.000106 0.517709
4 4 0.033038 0.063072 0.030257 0.000002 0.873631
4 4 0.067637 0.076020 0.054928 0.000001 0.801414
4 4 0.064661 0.052054 0.021597 0.000004 0.861684
4 4 0.006331 0.132228 0.228655 0.000022 0.632764
4 4 0.021494 0.148403 0.171446 0.000022 0.658635
4 4 0.008013 0.189739 0.284629 0.000021 0.517598
4 4 0.095074 0.006766 0.000537 0.000000 0.897622
4 4 0.044308 0.014160 0.003471 0.000000 0.938061
4 4 0.077583 0.016454 0.004586 0.000000 0.901377
4 4 0.086082 0.014725 0.003166 0.000000 0.896026
4 4 0.063600 0.070564 0.030252 0.000000 0.835584
4 4 0.014304 0.230422 0.240173 0.000013 0.515088
4 4 0.039125 0.249681 0.315391 0.000015 0.395788
4 4 0.034971 0.045213 0.020207 0.000012 0.899598
4 4 0.024736 0.091583 0.071141 0.000220 0.812320
4 4 0.005706 0.095103 0.267143 0.000844 0.631205
4 4 0.036086 0.069338 0.083735 0.000120 0.810721
4 4 0.109748 0.176528 0.305645 0.000326 0.407753
2 4 0.027981 0.319513 0.414714 0.000055 0.237738
4 4 0.010248 0.169008 0.248182 0.000032 0.572529
4 4 0.020927 0.087140 0.095583 0.000041 0.796309
4 4 0.016377 0.154639 0.355149 0.000902 0.472933
2 4 0.023907 0.219149 0.595155 0.002170 0.159619
4 4 0.007941 0.113794 0.361283 0.000392 0.516590
4 4 0.019730 0.064039 0.056125 0.000024 0.860082
4 4 0.023506 0.050851 0.083874 0.000023 0.841747
4 4 0.030632 0.032054 0.025218 0.000007 0.912090
4 4 0.065884 0.003695 0.000517 0.000000 0.929904
4 4 0.049887 0.006313 0.001072 0.000000 0.942728
4 4 0.032482 0.023504 0.013219 0.000027 0.930769
4 4 0.060043 0.011169 0.003043 0.000000 0.925745
4 4 0.072642 0.024187 0.008941 0.000002 0.894229
4 4 0.023314 0.065854 0.048615 0.000010 0.862207
4 4 0.026865 0.019354 0.010737 0.000006 0.943038
4 4 0.088660 0.020142 0.003371 0.000000 0.887828
4 4 0.040495 0.053855 0.020378 0.000001 0.885272
4 4 0.015725 0.125680 0.151410 0.000078 0.707106
4 4 0.114173 0.005285 0.000654 0.000000 0.879888
4 4 0.059033 0.019638 0.007736 0.000003 0.913590
4 4 0.045748 0.035619 0.015738 0.000004 0.902891
4 4 0.079145 0.050283 0.015352 0.000001 0.855220
4 4 0.009827 0.131923 0.145514 0.000199 0.712537
4 4 0.013428 0.131348 0.320625 0.000603 0.533996
4 4 0.061536 0.024083 0.010941 0.000002 0.903438
4 4 0.039308 0.026101 0.012315 0.000007 0.922269
4 4 0.179812 0.242984 0.271051 0.001647 0.304506
4 1 0.010632 0.137884 0.157511 0.000036 0.693937
4 1 0.006188 0.126728 0.242025 0.000009 0.625050
4 1 0.002651 0.147026 0.358174 0.000011 0.492138
4 2 0.007754 0.150798 0.289780 0.000088 0.551580
4 2 0.004630 0.133905 0.394106 0.000001 0.467358
2 2 0.001917 0.065547 0.792440 0.000028 0.140068
2 2 0.001898 0.079445 0.700892 0.000002 0.217763
2 2 0.001307 0.041741 0.840663 0.000025 0.116264
2 2 0.000413 0.036801 0.883938 0.000003 0.078845
2 2 0.022544 0.131209 0.481046 0.000006 0.365194
2 2 0.003510 0.031430 0.834982 0.000006 0.130072
2 2 0.008551 0.133096 0.846493 0.004397 0.007463
2 2 0.018831 0.291987 0.669421 0.000074 0.019686
2 2 0.001880 0.070763 0.923066 0.000032 0.004259
2 2 0.000283 0.020043 0.978281 0.000207 0.001185
2 2 0.001565 0.041352 0.951703 0.002179 0.003201
2 2 0.005907 0.105251 0.883332 0.000312 0.005198
2 2 0.005982 0.132068 0.842003 0.000546 0.019400
2 2 0.004439 0.085061 0.904812 0.000307 0.005381
2 2 0.013926 0.162468 0.802067 0.000373 0.021166
2 2 0.005409 0.087941 0.903904 0.000013 0.002732
2 2 0.001362 0.045267 0.951680 0.000393 0.001297
2 2 0.001315 0.033590 0.958480 0.005493 0.001121
2 2 0.002659 0.063658 0.927305 0.004088 0.002291
2 2 0.002653 0.042157 0.946793 0.007120 0.001277
2 2 0.006098 0.134094 0.848795 0.000425 0.010588
2 2 0.001342 0.043637 0.953156 0.000321 0.001544
2 2 0.001878 0.027818 0.963436 0.006528 0.000341
2 2 0.000443 0.010777 0.986575 0.002077 0.000128
2 2 0.000683 0.014355 0.979630 0.004928 0.000403
2 2 0.004149 0.050115 0.934539 0.008199 0.002998
2 2 0.002473 0.035331 0.955546 0.005905 0.000746
2 2 0.003136 0.030422 0.943840 0.021597 0.001005
2 2 0.002638 0.021138 0.952441 0.023173 0.000611
2 2 0.002088 0.051915 0.940335 0.004403 0.001259
2 2 0.001095 0.013783 0.969406 0.015101 0.000614
2 2 0.000117 0.002425 0.971535 0.025904 0.000019
2 2 0.008443 0.078822 0.902218 0.005842 0.004674
2 2 0.001133 0.010863 0.944149 0.043468 0.000387
2 2 0.002839 0.023024 0.954154 0.018395 0.001587
2 2 0.001700 0.021876 0.947620 0.028376 0.000428
2 2 0.004613 0.027662 0.701240 0.262753 0.003733
2 2 0.003733 0.025038 0.894722 0.074595 0.001912
2 2 0.005282 0.041593 0.690932 0.258171 0.004022
2 2 0.002944 0.024892 0.879766 0.091862 0.000536
2 2 0.001916 0.011994 0.640304 0.345034 0.000752
2 3 0.001262 0.011743 0.498053 0.486900 0.002042
2 3 0.001765 0.018722 0.756249 0.222672 0.000593
2 3 0.001742 0.017076 0.716156 0.260824 0.004202
3 3 0.001569 0.019329 0.472736 0.501144 0.005222
3 3 0.001213 0.006372 0.278723 0.712016 0.001676
3 3 0.001702 0.014729 0.344660 0.637460 0.001448
3 3 0.002001 0.008041 0.454565 0.533370 0.002023
3 3 0.008691 0.018448 0.209822 0.759139 0.003900
3 3 0.000424 0.001157 0.191720 0.806572 0.000128
3 3 0.006616 0.081802 0.401268 0.494578 0.015736
3 3 0.001653 0.021248 0.206007 0.765332 0.005760
3 3 0.001019 0.007800 0.179547 0.810700 0.000934
3 3 0.002459 0.016869 0.210862 0.766260 0.003550
3 3 0.000273 0.001566 0.104035 0.893895 0.000231
3 3 0.007580 0.027911 0.232089 0.722003 0.010417
3 3 0.003224 0.009538 0.058243 0.924038 0.004957
3 3 0.004436 0.011066 0.114918 0.863951 0.005629
3 3 0.021145 0.022457 0.126504 0.789778 0.040116
3 3 0.059487 0.022136 0.074267 0.827166 0.016945
3 3 0.001460 0.005716 0.145886 0.843091 0.003847
3 3 0.000872 0.006427 0.091153 0.894682 0.006865
3 3 0.001175 0.006761 0.143046 0.845100 0.003917
3 3 0.001588 0.003803 0.051617 0.939135 0.003857
3 3 0.005816 0.015552 0.124523 0.825478 0.028632
3 3 0.002307 0.005267 0.032497 0.956534 0.003395
3 3 0.000038 0.000583 0.037855 0.961057 0.000468
3 3 0.001238 0.009374 0.185877 0.787926 0.015585
3 3 0.009432 0.022898 0.319011 0.621625 0.027034
3 3 0.001589 0.008765 0.051198 0.926726 0.011722
3 3 0.004168 0.014659 0.173949 0.785025 0.022199
3 3 0.006399 0.011006 0.110720 0.862014 0.009861
3 3 0.000599 0.010207 0.191169 0.784648 0.013377
3 3 0.000742 0.005320 0.109366 0.881803 0.002769
3 3 0.004653 0.009422 0.061312 0.915912 0.008701
3 3 0.000127 0.001477 0.108705 0.888175 0.001515
3 3 0.007923 0.047069 0.208501 0.679198 0.057308
3 3 0.002571 0.007537 0.084876 0.895482 0.009534
3 3 0.003970 0.009250 0.084767 0.894756 0.007258
3 3 0.000293 0.000589 0.035048 0.963869 0.000202
3 3 0.000975 0.009821 0.144326 0.836738 0.008139
3 3 0.001729 0.010630 0.088299 0.887939 0.011404
3 3 0.000346 0.000891 0.031672 0.966653 0.000439
3 3 0.001211 0.006072 0.105148 0.881566 0.006004
3 3 0.000789 0.004065 0.106223 0.884011 0.004912
3 3 0.001261 0.006755 0.142533 0.843015 0.006437
3 3 0.014437 0.051231 0.211109 0.579748 0.143476
3 3 0.005933 0.024572 0.224588 0.718988 0.025919
3 3 0.000439 0.002383 0.048760 0.947053 0.001366
3 3 0.000355 0.002858 0.121399 0.870835 0.004554
3 3 0.000547 0.004986 0.149978 0.836308 0.008181
3 3 0.012195 0.025650 0.143322 0.795329 0.023504
3 3 0.003027 0.006553 0.035998 0.949756 0.004667
3 3 0.002039 0.002529 0.024800 0.968716 0.001916
3 3 0.006618 0.013391 0.092968 0.876055 0.010967
3 3 0.007081 0.020029 0.095120 0.867166 0.010603
3 3 0.029373 0.022373 0.169711 0.773672 0.004871
2 0 0.077007 0.327416 0.518344 0.057394 0.019839
2 0 0.088992 0.286007 0.589192 0.020136 0.015673
1 0 0.230971 0.439112 0.242165 0.000446 0.087306
0 0 0.396351 0.348680 0.093006 0.000007 0.161957
2 0 0.011157 0.213415 0.766129 0.000356 0.008944
2 0 0.140361 0.310029 0.472102 0.005798 0.071711
2 1 0.009983 0.208816 0.739979 0.000048 0.041174
2 1 0.005259 0.161374 0.747430 0.000050 0.085887
2 0 0.084644 0.195163 0.517165 0.001836 0.201193
2 0 0.151628 0.307601 0.448417 0.001033 0.091322
1 0 0.319589 0.476947 0.142852 0.000037 0.060575
2 1 0.013709 0.337397 0.623764 0.000180 0.024951
2 1 0.014203 0.192654 0.782948 0.000140 0.010055
2 2 0.003154 0.106675 0.885555 0.000284 0.004332
2 2 0.004142 0.103173 0.889757 0.000392 0.002536
2 2 0.001974 0.051923 0.940858 0.003543 0.001702
2 2 0.002099 0.107322 0.885788 0.000640 0.004150
2 2 0.008411 0.160861 0.825283 0.000490 0.004954
2 2 0.005508 0.103915 0.884370 0.002921 0.003286
2 2 0.001059 0.060452 0.932690 0.002750 0.003049
2 2 0.004705 0.075390 0.913063 0.003878 0.002963
2 2 0.001419 0.054615 0.940534 0.002553 0.000879
2 2 0.001410 0.054151 0.940447 0.000834 0.003158
2 2 0.002671 0.040995 0.949907 0.005850 0.000577
2 2 0.006345 0.101060 0.864760 0.001850 0.025985
2 2 0.003683 0.117168 0.812828 0.000057 0.066264
2 2 0.001143 0.045480 0.908958 0.000025 0.044394
2 2 0.000256 0.019596 0.928697 0.004917 0.046535
2 2 0.000280 0.013587 0.921951 0.000063 0.064119
2 2 0.013430 0.284497 0.551431 0.000524 0.150119
2 2 0.071667 0.237295 0.622368 0.003021 0.065648
1 2 0.103703 0.664243 0.201506 0.000059 0.030489
2 2 0.015964 0.362266 0.607619 0.000728 0.013423
2 2 0.004776 0.158734 0.831358 0.000902 0.004230
2 2 0.004839 0.164500 0.827078 0.000046 0.003536
2 2 0.013611 0.224621 0.743243 0.000275 0.018249
2 2 0.001180 0.054438 0.941671 0.000333 0.002379
2 2 0.000545 0.063104 0.931929 0.000032 0.004391
2 2 0.000614 0.038030 0.947053 0.000172 0.014131
2 2 0.000731 0.032206 0.916272 0.000027 0.050764
2 2 0.001022 0.041257 0.891385 0.000191 0.066144
2 2 0.012707 0.130518 0.493657 0.000002 0.363116
2 2 0.010161 0.128823 0.611518 0.000043 0.249456
2 2 0.007364 0.108613 0.753074 0.000042 0.130906
2 2 0.001104 0.036208 0.923335 0.000008 0.039345
2 2 0.001839 0.065065 0.859165 0.000030 0.073900
2 2 0.001858 0.080136 0.869746 0.000210 0.048049
2 2 0.009381 0.099464 0.709511 0.000025 0.181619
2 2 0.008243 0.099068 0.750131 0.000049 0.142509
2 2 0.001674 0.041629 0.899138 0.000006 0.057553
2 2 0.010876 0.121420 0.671956 0.000080 0.195667
2 2 0.007068 0.121820 0.747328 0.000112 0.123672
2 2 0.001392 0.043267 0.925604 0.000529 0.029208
2 2 0.003085 0.067380 0.872912 0.000102 0.056521
2 2 0.006093 0.084957 0.816922 0.000397 0.091632
2 2 0.006195 0.137697 0.703708 0.000656 0.151744
2 2 0.008936 0.140412 0.722006 0.000116 0.128531
2 2 0.001772 0.031592 0.952986 0.001113 0.012537
2 2 0.004587 0.056279 0.885534 0.001359 0.052242
2 2 0.009412 0.070110 0.755013 0.000841 0.164624
2 2 0.001435 0.043682 0.930378 0.000938 0.023567
2 2 0.003363 0.047082 0.927752 0.004515 0.017289
2 2 0.013281 0.122286 0.755034 0.002341 0.107058
2 2 0.007384 0.093884 0.774104 0.000113 0.124515
2 2 0.001842 0.031949 0.953181 0.005676 0.007352
2 2 0.003950 0.053702 0.902090 0.008807 0.031451
2 2 0.005509 0.068037 0.865533 0.001390 0.059531
2 2 0.005314 0.050891 0.873467 0.000563 0.069765
2 2 0.004457 0.076676 0.845861 0.001384 0.071622
2 2 0.001867 0.037408 0.935265 0.001417 0.024043
2 2 0.002556 0.027340 0.953109 0.000833 0.016161
2 2 0.003024 0.066006 0.855761 0.000220 0.074988
2 2 0.002058 0.049738 0.931243 0.002637 0.014324
2 2 0.001963 0.039034 0.932979 0.011275 0.014749
2 2 0.000920 0.027192 0.953382 0.008178 0.010327
2 2 0.003759 0.080441 0.847660 0.000824 0.067317
2 2 0.004941 0.079229 0.830285 0.000209 0.085336
2 2 0.001836 0.031365 0.920649 0.000422 0.045728
2 2 0.006075 0.103831 0.816948 0.005394 0.067752
2 2 0.003901 0.068371 0.875297 0.000795 0.051636
2 2 0.004705 0.031214 0.914125 0.033580 0.016376
2 2 0.001096 0.036448 0.935299 0.001174 0.025983
2 2 0.011328 0.099418 0.795750 0.002654 0.090850
2 2 0.003357 0.034683 0.936692 0.017557 0.007710
2 2 0.003922 0.064425 0.897021 0.003223 0.031409
2 2 0.005954 0.070494 0.900064 0.003206 0.020282
2 2 0.004356 0.102730 0.868422 0.000969 0.023522
2 2 0.006717 0.110625 0.864984 0.001341 0.016334
2 2 0.015314 0.151556 0.802722 0.003030 0.027377
2 2 0.043413 0.152241 0.784865 0.013630 0.005851
1 0 0.137481 0.517531 0.323910 0.002512 0.018566
2 1 0.073745 0.446288 0.462192 0.000697 0.017077
1 1 0.155067 0.593025 0.209938 0.000005 0.041966
2 2 0.036824 0.428297 0.522820 0.000128 0.011930
1 2 0.177608 0.588914 0.200473 0.000022 0.032984
1 2 0.048743 0.565091 0.367490 0.000065 0.018611
1 2 0.041934 0.489604 0.441896 0.000040 0.026527
2 2 0.033840 0.314919 0.631261 0.001522 0.018458
2 2 0.063561 0.428141 0.488893 0.000498 0.018906
2 2 0.004645 0.144845 0.842172 0.000447 0.007891
2 2 0.020497 0.184093 0.759750 0.000015 0.035645
1 1 0.215052 0.534166 0.192958 0.000011 0.057814
1 1 0.065256 0.520513 0.385070 0.000000 0.029162
2 1 0.042568 0.371030 0.576032 0.000741 0.009629
2 1 0.040028 0.428889 0.497578 0.000001 0.033504
2 1 0.032704 0.251505 0.680213 0.000000 0.035578
2 2 0.003951 0.079153 0.910622 0.000003 0.006271
2 2 0.005680 0.116859 0.846812 0.000004 0.030644
2 2 0.009449 0.087673 0.876441 0.000016 0.026422
2 2 0.004408 0.104460 0.841263 0.000002 0.049868
2 2 0.000658 0.036624 0.957967 0.000045 0.004706
2 2 0.011258 0.114731 0.442077 0.000000 0.431935
2 2 0.008921 0.123485 0.511826 0.000000 0.355768
2 4 0.005633 0.091957 0.511911 0.000000 0.390499
4 4 0.038881 0.084526 0.431292 0.000032 0.445269
4 4 0.104497 0.102140 0.277392 0.000020 0.515951
4 4 0.105016 0.027300 0.046349 0.000001 0.821334
4 4 0.054443 0.111182 0.284942 0.000016 0.549418
2 4 0.048822 0.146819 0.432922 0.000084 0.371352
4 4 0.033992 0.137535 0.357119 0.000005 0.471349
4 4 0.078154 0.097660 0.195975 0.000019 0.628191
4 4 0.062810 0.125854 0.364185 0.000066 0.447085
4 4 0.165740 0.068093 0.038832 0.000002 0.727334
2 4 0.039512 0.254765 0.535699 0.000087 0.169938
4 4 0.338783 0.037948 0.010631 0.000000 0.612639
4 4 0.131723 0.053075 0.015252 0.000000 0.799949
4 4 0.315881 0.049626 0.008930 0.000000 0.625563
4 4 0.058430 0.219352 0.286721 0.000008 0.435490
4 4 0.104678 0.118496 0.085492 0.000001 0.691332
4 4 0.162196 0.093147 0.103843 0.000009 0.640804
0 4 0.530436 0.024641 0.004692 0.000000 0.440231
4 4 0.312869 0.036866 0.006305 0.000000 0.643960
4 4 0.250266 0.056605 0.006281 0.000000 0.686849
4 4 0.062251 0.209078 0.164058 0.000003 0.564610
4 4 0.050658 0.112440 0.193803 0.000004 0.643095
4 4 0.008656 0.083357 0.282929 0.000005 0.625053
4 4 0.015952 0.072942 0.118340 0.000003 0.792763
4 4 0.088001 0.006015 0.000399 0.000000 0.905585
4 4 0.043528 0.036244 0.023821 0.000000 0.896407
4 4 0.106066 0.012580 0.002820 0.000000 0.878534
4 4 0.053576 0.021846 0.008842 0.000000 0.915735
4 4 0.033313 0.084211 0.051133 0.000001 0.831342
4 4 0.054123 0.030251 0.004531 0.000000 0.911095
4 4 0.009876 0.073968 0.196017 0.000005 0.720134
4 4 0.009407 0.118773 0.393087 0.000014 0.478720
2 4 0.010479 0.072262 0.731022 0.000137 0.186100
2 4 0.032645 0.376878 0.436044 0.000040 0.154394
4 4 0.015570 0.158837 0.148194 0.000005 0.677394
4 4 0.011170 0.124304 0.335960 0.000001 0.528565
4 4 0.024611 0.090025 0.365210 0.000002 0.520151
2 0 0.135938 0.376492 0.480554 0.000607 0.006409
2 4 0.026335 0.225662 0.660931 0.000000 0.087072
2 4 0.004878 0.098115 0.755579 0.000001 0.141426
2 4 0.005293 0.083972 0.526473 0.000000 0.384261
2 4 0.004422 0.079357 0.575805 0.000000 0.340416
2 4 0.004573 0.088683 0.500026 0.000000 0.406717
2 4 0.005738 0.079247 0.483900 0.000000 0.431115
2 4 0.002446 0.063775 0.846494 0.000002 0.087284
2 4 0.011241 0.100619 0.473918 0.000000 0.414222
4 4 0.087184 0.079986 0.192550 0.000033 0.640247
4 4 0.075511 0.067728 0.033292 0.000000 0.823469
2 4 0.008091 0.132224 0.654728 0.000002 0.204954
2 4 0.018230 0.225899 0.418052 0.000002 0.337818
2 4 0.004662 0.082603 0.847130 0.000018 0.065587
2 4 0.005561 0.095461 0.525305 0.000000 0.373673
4 4 0.006824 0.097012 0.389515 0.000000 0.506649
4 4 0.021828 0.147179 0.410467 0.000001 0.420524
2 4 0.013799 0.134251 0.486836 0.000001 0.365114
4 4 0.060422 0.088038 0.127022 0.000001 0.724517
4 4 0.099691 0.095595 0.041946 0.000000 0.762768
4 4 0.028840 0.173034 0.320512 0.000001 0.477613
2 4 0.027078 0.317967 0.493423 0.000050 0.161482
2 4 0.015472 0.181154 0.442665 0.000001 0.360707
2 4 0.008742 0.103160 0.706878 0.000010 0.181210
2 4 0.007478 0.099869 0.711756 0.000008 0.180888
2 1 0.001299 0.042752 0.909726 0.000017 0.046207
2 2 0.010777 0.101267 0.572005 0.000001 0.315951
2 2 0.008940 0.098783 0.522691 0.000000 0.369586
4 2 0.017556 0.162862 0.362865 0.000000 0.456716
2 2 0.007671 0.105368 0.627939 0.000002 0.259021
2 2 0.011883 0.132595 0.541596 0.000001 0.313924
2 2 0.014977 0.115665 0.492864 0.000001 0.376493
2 2 0.014277 0.108376 0.529372 0.000009 0.347966
2 2 0.005756 0.052437 0.766694 0.000106 0.175007
4 2 0.020096 0.134092 0.356804 0.000000 0.489008
2 2 0.012943 0.150875 0.552668 0.000002 0.283512
2 2 0.007337 0.096767 0.630609 0.000000 0.265286
2 2 0.017000 0.119909 0.447228 0.000001 0.415862
2 2 0.012661 0.120468 0.599825 0.000063 0.266982
2 2 0.005387 0.076870 0.724725 0.000008 0.193010
2 2 0.013516 0.133815 0.581692 0.000028 0.270949
2 2 0.003043 0.033551 0.852778 0.000038 0.110590
2 2 0.014012 0.115900 0.504542 0.000001 0.365545
2 2 0.003064 0.080985 0.830559 0.000229 0.085162
2 2 0.012744 0.064504 0.799070 0.000292 0.123390
2 2 0.012182 0.101843 0.630127 0.000031 0.255818
2 2 0.018244 0.187737 0.517792 0.000050 0.276177
2 2 0.018311 0.154521 0.533840 0.000009 0.293319
2 2 0.012590 0.067697 0.725851 0.000079 0.193783
2 2 0.002786 0.074833 0.814413 0.000019 0.107949
2 2 0.013289 0.093453 0.593726 0.000121 0.299412
2 2 0.003698 0.086102 0.840759 0.000059 0.069381
2 2 0.009643 0.128967 0.617373 0.000002 0.244015
2 2 0.011662 0.123045 0.540286 0.000001 0.325006
2 2 0.008329 0.104456 0.818844 0.000267 0.068104
2 2 0.006204 0.092883 0.792320 0.000049 0.108545
2 2 0.005000 0.120609 0.784710 0.000039 0.089642
2 2 0.010306 0.084889 0.747987 0.000126 0.156693
2 2 0.010889 0.165202 0.644979 0.000018 0.178911
2 2 0.005002 0.079863 0.817160 0.000035 0.097940
2 2 0.029731 0.165935 0.610097 0.000181 0.194056
2 2 0.011888 0.112738 0.788296 0.000937 0.086141
2 2 0.039370 0.130672 0.779619 0.003490 0.046849
2 2 0.021770 0.161056 0.580516 0.000095 0.236563
2 2 0.004681 0.087990 0.839097 0.001137 0.067096
2 2 0.017240 0.116268 0.827370 0.007599 0.031522
2 2 0.007851 0.092585 0.856347 0.001392 0.041824
2 2 0.027142 0.136226 0.665138 0.000529 0.170964
2 2 0.021389 0.178093 0.700839 0.001374 0.098306
2 2 0.006289 0.083137 0.834975 0.003328 0.072271
2 2 0.007347 0.105991 0.836785 0.018430 0.031448
2 2 0.006266 0.074151 0.846704 0.001204 0.071674
2 2 0.006264 0.039363 0.813602 0.025921 0.114850
2 2 0.010407 0.120617 0.809165 0.006363 0.053448
2 2 0.018105 0.164562 0.759301 0.017550 0.040481
2 2 0.008805 0.086731 0.858410 0.010448 0.035606
2 2 0.005650 0.076941 0.846640 0.000875 0.069894
2 2 0.013436 0.118498 0.722724 0.001669 0.143673
2 2 0.009905 0.070518 0.885100 0.008713 0.025763
2 2 0.059200 0.398087 0.518002 0.000028 0.024683
2 2 0.007969 0.076973 0.911972 0.001905 0.001180
1 0 0.138898 0.501780 0.336434 0.003835 0.019052
2 1 0.003686 0.118515 0.869541 0.002417 0.005841
2 1 0.004027 0.171574 0.811395 0.002017 0.010987
2 2 0.004000 0.168750 0.814925 0.000621 0.011705
2 2 0.000375 0.033441 0.965187 0.000027 0.000971
2 2 0.002225 0.085332 0.907198 0.001779 0.003466
2 2 0.000357 0.024613 0.974769 0.000010 0.000251
2 2 0.000432 0.037634 0.960338 0.000321 0.001275
2 2 0.002463 0.119781 0.862541 0.001553 0.013662
2 2 0.000319 0.020566 0.975877 0.002778 0.000460
2 2 0.001085 0.048998 0.947884 0.000266 0.001768
2 2 0.000409 0.027052 0.967671 0.003331 0.001538
2 2 0.001881 0.078650 0.913681 0.001960 0.003828
2 2 0.009567 0.183414 0.791713 0.005554 0.009753
2 2 0.000894 0.060315 0.935800 0.001814 0.001177
2 2 0.009239 0.182594 0.802185 0.002756 0.003226
2 2 0.002429 0.074048 0.915855 0.004062 0.003606
2 2 0.002040 0.047988 0.946680 0.001221 0.002070
2 2 0.003416 0.102064 0.889742 0.001041 0.003737
2 2 0.001443 0.086724 0.906771 0.001696 0.003366
2 2 0.002182 0.048283 0.941297 0.006003 0.002236
2 2 0.002454 0.052896 0.937952 0.003521 0.003177
2 2 0.000762 0.049301 0.947461 0.000293 0.002183
2 2 0.009317 0.187487 0.783945 0.002442 0.016810
2 2 0.004837 0.109954 0.876767 0.000880 0.007562
2 2 0.004872 0.129022 0.857298 0.001328 0.007479
2 2 0.000166 0.011571 0.986345 0.001814 0.000103
2 2 0.000517 0.029284 0.968416 0.000923 0.000860
2 2 0.002385 0.064311 0.922889 0.001997 0.008418
2 2 0.000534 0.036855 0.961213 0.000783 0.000615
2 2 0.001158 0.045771 0.950048 0.000583 0.002440
2 2 0.000268 0.020312 0.978130 0.000936 0.000353
2 2 0.000725 0.028805 0.963613 0.000126 0.006731
2 2 0.000459 0.024907 0.970746 0.003197 0.000691
2 2 0.000641 0.021013 0.973086 0.004753 0.000507
2 2 0.000398 0.016105 0.978735 0.004376 0.000386
2 2 0.000345 0.018009 0.980155 0.001276 0.000215
2 2 0.000878 0.030565 0.960072 0.005910 0.002573
2 2 0.000553 0.018346 0.975669 0.004529 0.000903
2 2 0.000623 0.036599 0.959111 0.002659 0.001008
2 2 0.000146 0.016632 0.982213 0.000206 0.000803
2 2 0.001008 0.033232 0.959660 0.004780 0.001320
2 2 0.000553 0.023428 0.970756 0.004359 0.000904
2 2 0.000433 0.035809 0.961188 0.000758 0.001812
2 2 0.000169 0.012989 0.983472 0.002899 0.000470
2 2 0.001698 0.036145 0.953802 0.005453 0.002903
2 2 0.003640 0.053134 0.903236 0.031625 0.008366
2 2 0.000231 0.015648 0.981271 0.002604 0.000246
2 2 0.000189 0.011952 0.984088 0.003463 0.000308
2 2 0.000682 0.018278 0.968634 0.009650 0.002756
2 2 0.000244 0.010925 0.980064 0.007619 0.001148
2 2 0.000436 0.014721 0.964552 0.019590 0.000701
2 2 0.001279 0.031176 0.951057 0.014705 0.001783
2 2 0.001095 0.020703 0.930425 0.045469 0.002308
2 2 0.000371 0.017147 0.977583 0.004315 0.000585
2 2 0.000473 0.021137 0.965563 0.010817 0.002011
2 2 0.001493 0.029248 0.955537 0.011775 0.001947
2 2 0.000189 0.021919 0.971887 0.002536 0.003470
2 1 0.145630 0.360751 0.477044 0.005892 0.010683
2 2 0.115333 0.248487 0.630665 0.001587 0.003928
0 0 0.381969 0.378873 0.224108 0.002746 0.012304
1 0 0.435259 0.444474 0.088202 0.000008 0.032057
1 0 0.214263 0.485258 0.261556 0.000800 0.038122
1 0 0.084728 0.712429 0.184912 0.000040 0.017892
1 0 0.036317 0.645088 0.303709 0.000045 0.014842
1 1 0.035662 0.590512 0.353632 0.000002 0.020192
2 1 0.020174 0.381693 0.590920 0.000406 0.006807
1 1 0.113872 0.571507 0.287223 0.000056 0.027342
1 1 0.041925 0.621424 0.310240 0.000001 0.026410
1 2 0.023952 0.608756 0.351535 0.000023 0.015734
2 2 0.032834 0.471243 0.483581 0.000169 0.012174
1 2 0.055745 0.544767 0.377067 0.000018 0.022403
2 2 0.026760 0.346237 0.612604 0.000160 0.014239
2 2 0.034761 0.447349 0.497330 0.000003 0.020557
2 2 0.044911 0.436459 0.500762 0.000004 0.017864
2 2 0.039564 0.297500 0.650269 0.000071 0.012596
1 2 0.035645 0.508795 0.434729 0.000001 0.020830
2 2 0.019412 0.274923 0.693898 0.000004 0.011763
1 2 0.057553 0.541814 0.375292 0.000000 0.025340
2 2 0.048122 0.438308 0.478380 0.000002 0.035188
1 2 0.089670 0.564189 0.305257 0.000001 0.040883
2 2 0.022203 0.278639 0.686040 0.000007 0.013111
2 2 0.028937 0.291150 0.668666 0.000012 0.011236
1 2 0.139879 0.426364 0.382279 0.000001 0.051477
0 0 0.535102 0.270086 0.184414 0.001030 0.009368
0 0 0.414031 0.326190 0.245955 0.006297 0.007527
1 1 0.205149 0.488627 0.231102 0.000000 0.075121
2 1 0.109578 0.331442 0.469135 0.000000 0.089845
1 2 0.340888 0.443039 0.142584 0.000000 0.073489
2 2 0.057178 0.235810 0.641607 0.000000 0.065404
2 2 0.002333 0.045989 0.941412 0.000001 0.010265
2 2 0.014579 0.143821 0.811754 0.000000 0.029846
2 2 0.005791 0.075459 0.894920 0.000000 0.023830
2 2 0.012120 0.074322 0.893490 0.000001 0.020066
2 2 0.089138 0.310366 0.447328 0.000000 0.153168
2 2 0.007574 0.076651 0.885878 0.000000 0.029898
2 2 0.036282 0.169051 0.504723 0.000000 0.289943
2 2 0.026808 0.110518 0.839539 0.000000 0.023134
2 2 0.051932 0.205460 0.660201 0.000000 0.082407
2 2 0.020003 0.146031 0.781782 0.000000 0.052183
2 2 0.013610 0.115619 0.439192 0.000000 0.431580
2 2 0.096461 0.131423 0.468200 0.000000 0.303917
1 1 0.148250 0.537424 0.300927 0.002286 0.011113
2 1 0.001324 0.072074 0.923373 0.000067 0.003162
2 2 0.000681 0.044599 0.952761 0.001074 0.000886
2 2 0.012838 0.116999 0.599817 0.001012 0.269333
4 2 0.005466 0.173627 0.399415 0.000027 0.421465
4 2 0.004346 0.125084 0.305192 0.000182 0.565196
1 2 0.106775 0.581375 0.284262 0.000582 0.027006
2 4 0.016711 0.384623 0.412458 0.000315 0.185893
4 4 0.011726 0.063993 0.064026 0.000009 0.860246
4 4 0.029233 0.076173 0.083207 0.000050 0.811337
4 4 0.052541 0.013284 0.002660 0.000000 0.931516
2 4 0.008723 0.086802 0.777306 0.000495 0.126674
0 4 0.534088 0.306920 0.152388 0.000587 0.006017
1 4 0.441995 0.472192 0.080573 0.000015 0.005224
1 4 0.191574 0.688889 0.096427 0.000002 0.023109
1 4 0.073846 0.735286 0.165796 0.000001 0.025072
1 4 0.140353 0.592563 0.241256 0.000002 0.025825
1 4 0.185254 0.597843 0.185080 0.000000 0.031823
2 4 0.092630 0.338529 0.545295 0.000000 0.023546
2 4 0.100791 0.425143 0.440975 0.000000 0.033091
2 4 0.216191 0.285583 0.352549 0.000000 0.145678
4 4 0.066694 0.039879 0.066950 0.000000 0.826477
4 4 0.041583 0.048646 0.164558 0.000000 0.745213
4 4 0.115452 0.024576 0.052057 0.000000 0.807915
0 4 0.427087 0.159481 0.274531 0.001361 0.137540
2 1 0.039949 0.195567 0.565707 0.000000 0.198777
4 1 0.060540 0.202133 0.354032 0.000000 0.383295
4 1 0.135794 0.164631 0.173825 0.000000 0.525751
4 4 0.460501 0.028216 0.009852 0.000000 0.501432
4 4 0.035074 0.017537 0.034618 0.000000 0.912771
4 4 0.262075 0.028021 0.031410 0.000002 0.678491
4 4 0.017638 0.023875 0.100293 0.000000 0.858194
4 4 0.007601 0.056171 0.357614 0.000000 0.578614
4 4 0.063774 0.043956 0.258753 0.000021 0.633495
4 4 0.070123 0.012728 0.040346 0.000000 0.876803
4 4 0.137608 0.071335 0.149755 0.000013 0.641289
4 4 0.173516 0.028852 0.048438 0.000005 0.749188
4 4 0.055332 0.027216 0.072958 0.000000 0.844495
4 4 0.215296 0.032678 0.079849 0.000001 0.672176
4 4 0.202310 0.018294 0.028235 0.000000 0.751160
4 4 0.224306 0.044706 0.045242 0.000001 0.685746
4 4 0.117690 0.038487 0.044003 0.000000 0.799820
4 4 0.108890 0.031445 0.036851 0.000001 0.822813
2 4 0.347540 0.212719 0.410967 0.002006 0.026768
4 4 0.082388 0.046315 0.182957 0.000000 0.688340
4 4 0.019960 0.031762 0.068778 0.000000 0.879500
4 4 0.095974 0.043842 0.057660 0.000000 0.802524
4 4 0.113100 0.053058 0.054315 0.000000 0.779527
4 4 0.043247 0.028989 0.072179 0.000000 0.855585
4 4 0.213279 0.042404 0.032878 0.000000 0.711439
4 4 0.022058 0.009469 0.017091 0.000000 0.951382
4 4 0.060716 0.013857 0.018699 0.000000 0.906727
4 4 0.233410 0.050109 0.103151 0.000095 0.613235
4 4 0.018590 0.018854 0.124509 0.000000 0.838048
4 4 0.071561 0.028205 0.062610 0.000000 0.837625
4 4 0.356997 0.070895 0.089928 0.000012 0.482168
4 4 0.047272 0.031507 0.122226 0.000000 0.798996
4 4 0.004454 0.038068 0.157179 0.000000 0.800299
4 4 0.025725 0.037530 0.118245 0.000000 0.818500
4 4 0.005788 0.048337 0.311120 0.000000 0.634755
4 4 0.019560 0.021996 0.116924 0.000000 0.841521
4 4 0.002620 0.030188 0.147331 0.000000 0.819862
0 1 0.583604 0.210546 0.138479 0.000251 0.067120
2 1 0.012094 0.218798 0.651824 0.000022 0.117262
2 1 0.047634 0.372404 0.427235 0.000019 0.152707
2 1 0.025716 0.363098 0.407665 0.000005 0.203517
2 1 0.082751 0.288693 0.462671 0.000250 0.165635
4 1 0.283958 0.263457 0.035536 0.000000 0.417049
4 1 0.230208 0.300062 0.079734 0.000002 0.389994
1 1 0.040591 0.521192 0.205388 0.000001 0.232828
1 1 0.090764 0.510319 0.305315 0.000033 0.093569
4 1 0.115368 0.223145 0.062501 0.000001 0.598985
2 1 0.032289 0.247055 0.478868 0.000007 0.241780
2 1 0.019790 0.269602 0.515641 0.000000 0.194967
2 1 0.006143 0.195302 0.474366 0.000000 0.324189
2 1 0.007260 0.228417 0.406125 0.000000 0.358198
4 1 0.018808 0.125111 0.333918 0.000000 0.522163
2 1 0.004247 0.134032 0.523770 0.000000 0.337951
4 1 0.003035 0.091219 0.442517 0.000000 0.463229
4 1 0.003437 0.090996 0.419519 0.000000 0.486048
4 1 0.013806 0.087112 0.366114 0.000000 0.532969
4 1 0.017409 0.091666 0.301793 0.000000 0.589132
4 1 0.007522 0.064976 0.284776 0.000000 0.642726
0 1 0.395368 0.216657 0.229345 0.000890 0.157740
4 1 0.010291 0.086074 0.321784 0.000000 0.581851
4 1 0.017126 0.082363 0.329218 0.000000 0.571293
4 1 0.009861 0.062065 0.363464 0.000000 0.564611
4 1 0.007815 0.044765 0.305732 0.000000 0.641688
4 2 0.005917 0.034354 0.183984 0.000000 0.775745
4 2 0.005751 0.035469 0.239369 0.000000 0.719411
2 2 0.000749 0.023349 0.800915 0.000000 0.174987
4 2 0.006754 0.036908 0.248457 0.000000 0.707881
4 2 0.001963 0.032175 0.338140 0.000000 0.627722
2 2 0.002245 0.026191 0.608120 0.000000 0.363444
4 2 0.002759 0.036376 0.363119 0.000000 0.597746
2 2 0.002243 0.023839 0.498830 0.000000 0.475088
4 2 0.003294 0.031730 0.317736 0.000000 0.647239
2 2 0.002609 0.025892 0.570652 0.000000 0.400847
4 2 0.003135 0.035893 0.415780 0.000000 0.545192
4 2 0.003091 0.026016 0.225112 0.000000 0.745781
4 2 0.002602 0.027774 0.332870 0.000000 0.636753
4 2 0.004242 0.020606 0.200325 0.000000 0.774827
2 2 0.004023 0.022177 0.681707 0.000000 0.292094
2 2 0.004206 0.033395 0.522664 0.000000 0.439735
4 2 0.005454 0.024303 0.355340 0.000000 0.614903
2 2 0.002729 0.025346 0.571931 0.000000 0.399995
2 2 0.003383 0.027169 0.500594 0.000000 0.468853
2 2 0.004680 0.021820 0.508896 0.000000 0.464603
2 2 0.002707 0.027267 0.690813 0.000000 0.279213
2 2 0.006207 0.036836 0.632294 0.000000 0.324663
2 2 0.003023 0.021555 0.892706 0.000022 0.082694
2 2 0.004947 0.022902 0.732021 0.000000 0.240130
2 2 0.001009 0.023848 0.930114 0.000003 0.045026
2 2 0.001174 0.016032 0.931043 0.000004 0.051747
2 2 0.002500 0.022287 0.947946 0.000098 0.027170
2 2 0.007115 0.033419 0.811246 0.000033 0.148187
2 2 0.000808 0.013057 0.961739 0.000040 0.024356
2 2 0.007400 0.026153 0.893121 0.000726 0.072600
2 2 0.011187 0.043199 0.867901 0.000739 0.076974
2 2 0.011093 0.032365 0.946676 0.003200 0.006666
0 0 0.462698 0.352776 0.169249 0.000865 0.014411
2 1 0.024515 0.409810 0.526526 0.001013 0.038136
2 2 0.001811 0.130337 0.862159 0.000917 0.004777
2 2 0.001188 0.072962 0.921288 0.002022 0.002541
2 2 0.002373 0.099317 0.891010 0.000957 0.006342
2 2 0.000235 0.022750 0.975140 0.001612 0.000264
2 2 0.002590 0.110303 0.881306 0.000709 0.005092
2 2 0.002385 0.147771 0.844454 0.001289 0.004101
1 2 0.095154 0.580769 0.301559 0.000873 0.021644
2 2 0.012902 0.347536 0.468621 0.000175 0.170765
2 2 0.016870 0.329931 0.558242 0.000621 0.094336
2 2 0.001761 0.074551 0.906800 0.002862 0.014025
2 2 0.000851 0.061086 0.924264 0.001238 0.012561
2 2 0.000531 0.033292 0.955810 0.001082 0.009285
2 2 0.074339 0.243590 0.662378 0.010207 0.009485
0 0 0.826677 0.099920 0.061506 0.000949 0.010948
0 0 0.926664 0.044776 0.009766 0.000001 0.018793
0 0 0.584630 0.292642 0.050067 0.000000 0.072662
0 0 0.881500 0.095670 0.007737 0.000000 0.015094
0 0 0.651765 0.256282 0.039081 0.000000 0.052872
0 0 0.793432 0.152570 0.014913 0.000000 0.039085
0 0 0.583224 0.306072 0.087022 0.000000 0.023682
0 0 0.589020 0.318308 0.030711 0.000000 0.061961
1 1 0.254427 0.417289 0.199837 0.000000 0.128447
1 1 0.195703 0.460858 0.262268 0.000000 0.081172
1 1 0.399193 0.445400 0.074411 0.000000 0.080996
1 1 0.221104 0.481262 0.216465 0.000000 0.081169
1 1 0.403070 0.416846 0.085364 0.000000 0.094720
1 1 0.187295 0.424163 0.314123 0.000000 0.074419
1 1 0.167809 0.451628 0.288535 0.000000 0.092027
