0 0 0.988086 0.007371 0.001480 0.000000 0.003063
0 0 0.972876 0.018042 0.004282 0.000001 0.004799
0 0 0.985175 0.008813 0.001789 0.000000 0.004222
0 0 0.980885 0.011623 0.002487 0.000001 0.005004
0 0 0.987355 0.006130 0.001189 0.000000 0.005325
0 0 0.981805 0.008973 0.002082 0.000003 0.007138
0 0 0.990897 0.003790 0.000751 0.000000 0.004562
0 0 0.963589 0.013592 0.003033 0.000000 0.019786
0 0 0.996387 0.002095 0.000385 0.000000 0.001133
0 0 0.950699 0.029522 0.006770 0.000001 0.013007
0 0 0.885729 0.059380 0.043553 0.000101 0.011237
0 0 0.983965 0.010941 0.002236 0.000001 0.002858
0 0 0.992300 0.005236 0.001006 0.000000 0.001457
0 0 0.942935 0.032928 0.013489 0.000005 0.010643
0 0 0.958569 0.027587 0.009661 0.000009 0.004175
0 0 0.983522 0.011758 0.002346 0.000001 0.002374
0 0 0.979765 0.011309 0.002397 0.000000 0.006530
0 0 0.982275 0.010565 0.002368 0.000000 0.004791
0 0 0.971055 0.017451 0.003809 0.000001 0.007685
0 0 0.955169 0.031397 0.008047 0.000001 0.005386
0 0 0.971170 0.019948 0.004878 0.000005 0.004000
0 0 0.987264 0.007934 0.001609 0.000000 0.003192
0 0 0.996335 0.002515 0.000446 0.000000 0.000703
0 0 0.978748 0.014131 0.002859 0.000000 0.004261
0 0 0.921197 0.047164 0.010988 0.000000 0.020651
0 0 0.990973 0.005767 0.001088 0.000000 0.002172
0 0 0.974501 0.016997 0.003642 0.000001 0.004859
0 0 0.986997 0.008793 0.001761 0.000001 0.002448
0 0 0.991193 0.004906 0.000941 0.000000 0.002961
0 0 0.993089 0.004378 0.000834 0.000000 0.001698
0 0 0.985386 0.009470 0.001889 0.000000 0.003255
0 0 0.994373 0.003109 0.000584 0.000000 0.001933
0 0 0.987997 0.007586 0.001524 0.000000 0.002893
0 0 0.993743 0.003908 0.000738 0.000000 0.001610
0 0 0.996285 0.002507 0.000444 0.000000 0.000763
0 0 0.993550 0.003732 0.000692 0.000000 0.002026
0 0 0.996597 0.002153 0.000381 0.000000 0.000869
0 0 0.992922 0.004404 0.000823 0.000000 0.001851
0 0 0.995469 0.002683 0.000499 0.000000 0.001348
0 0 0.994676 0.002895 0.000547 0.000000 0.001882
0 0 0.990933 0.005340 0.001021 0.000000 0.002706
0 0 0.988526 0.006749 0.001335 0.000000 0.003390
0 0 0.980263 0.012909 0.002806 0.000004 0.004018
0 0 0.993553 0.003998 0.000740 0.000000 0.001709
0 0 0.996640 0.001656 0.000322 0.000000 0.001382
0 0 0.994213 0.003164 0.000678 0.000001 0.001944
0 0 0.992706 0.004329 0.000813 0.000000 0.002152
0 0 0.995504 0.002862 0.000515 0.000000 0.001119
0 0 0.985705 0.009115 0.001867 0.000001 0.003313
0 0 0.997586 0.001505 0.000270 0.000000 0.000639
0 0 0.974612 0.017170 0.003569 0.000001 0.004648
0 0 0.981130 0.014273 0.003070 0.000005 0.001521
0 0 0.925149 0.055781 0.012376 0.000003 0.006692
0 0 0.904953 0.070447 0.015801 0.000002 0.008797
0 0 0.895572 0.075902 0.017119 0.000001 0.011406
0 0 0.813801 0.143887 0.033214 0.000004 0.009094
0 0 0.766565 0.178903 0.041951 0.000003 0.012579
0 0 0.904883 0.072941 0.016299 0.000005 0.005873
0 0 0.842159 0.117949 0.027511 0.000003 0.012378
0 0 0.855242 0.107065 0.024961 0.000003 0.012729
0 0 0.989879 0.006691 0.001284 0.000000 0.002145
0 0 0.995016 0.003298 0.000598 0.000000 0.001088
0 0 0.995102 0.002645 0.000541 0.000001 0.001713
0 0 0.978629 0.012127 0.002690 0.000002 0.006553
0 0 0.991310 0.005439 0.001069 0.000000 0.002181
0 0 0.955495 0.028291 0.007307 0.000014 0.008892
0 0 0.988162 0.008538 0.001648 0.000000 0.001651
0 0 0.989531 0.006832 0.001373 0.000001 0.002264
0 0 0.993029 0.004641 0.000861 0.000000 0.001469
0 0 0.993149 0.004679 0.000849 0.000000 0.001324
0 0 0.991243 0.005330 0.001017 0.000000 0.002410
0 0 0.992759 0.005010 0.000941 0.000000 0.001289
0 0 0.992429 0.004562 0.000875 0.000000 0.002134
0 0 0.993325 0.004131 0.000784 0.000000 0.001761
0 0 0.997549 0.001524 0.000257 0.000000 0.000670
0 0 0.997915 0.001272 0.000215 0.000000 0.000599
0 0 0.997244 0.001754 0.000323 0.000000 0.000679
0 0 0.990815 0.006245 0.001228 0.000001 0.001711
0 0 0.941234 0.035931 0.016593 0.000017 0.006225
0 0 0.995305 0.002941 0.000553 0.000000 0.001201
0 0 0.987166 0.008908 0.001794 0.000001 0.002131
0 0 0.974601 0.019682 0.003996 0.000003 0.001717
0 0 0.885808 0.078173 0.030702 0.000024 0.005293
0 0 0.790936 0.160843 0.042978 0.000003 0.005240
0 0 0.543882 0.303672 0.136496 0.000013 0.015936
0 0 0.578359 0.280008 0.128537 0.000001 0.013095
0 0 0.463719 0.294616 0.231571 0.000017 0.010077
0 0 0.642237 0.249803 0.097891 0.000023 0.010045
1 0 0.271732 0.434371 0.280961 0.000005 0.012931
0 0 0.444618 0.370768 0.172120 0.000010 0.012484
0 0 0.910840 0.066734 0.014947 0.000003 0.007476
0 0 0.414606 0.372189 0.208080 0.000030 0.005095
1 0 0.093663 0.484272 0.399153 0.000095 0.022817
0 0 0.463003 0.361524 0.143076 0.000005 0.032392
0 0 0.848598 0.111661 0.033701 0.000019 0.006021
0 0 0.781780 0.165945 0.039065 0.000003 0.013206
0 0 0.620018 0.295155 0.071095 0.000003 0.013729
1 0 0.207683 0.578293 0.186103 0.000006 0.027914
0 0 0.914766 0.063102 0.013676 0.000001 0.008455
0 0 0.982470 0.012679 0.002614 0.000003 0.002235
0 0 0.990022 0.006996 0.001353 0.000001 0.001628
0 0 0.978725 0.014602 0.003029 0.000001 0.003643
0 0 0.986853 0.008828 0.001753 0.000000 0.002567
0 0 0.982248 0.012912 0.002703 0.000005 0.002132
0 0 0.981724 0.012781 0.002599 0.000001 0.002895
0 0 0.982061 0.012417 0.002540 0.000001 0.002982
0 0 0.979717 0.013836 0.002879 0.000001 0.003567
0 0 0.985585 0.009906 0.001980 0.000001 0.002529
0 0 0.965076 0.023921 0.005120 0.000001 0.005882
0 0 0.990639 0.006112 0.001200 0.000000 0.002048
0 0 0.953659 0.031029 0.007567 0.000001 0.007744
0 0 0.967558 0.024556 0.005101 0.000002 0.002783
0 0 0.962826 0.027003 0.005857 0.000003 0.004311
0 0 0.989333 0.008177 0.001518 0.000000 0.000972
0 0 0.985072 0.010615 0.002073 0.000000 0.002239
0 0 0.976898 0.016889 0.003560 0.000004 0.002650
0 0 0.992783 0.004608 0.000867 0.000000 0.001741
0 0 0.992341 0.005480 0.001035 0.000001 0.001144
0 0 0.988173 0.007744 0.001578 0.000001 0.002504
0 0 0.967979 0.022637 0.005153 0.000002 0.004229
0 0 0.980518 0.012460 0.002519 0.000000 0.004503
0 0 0.954443 0.031444 0.008624 0.000008 0.005481
0 0 0.941275 0.039966 0.009593 0.000017 0.009149
0 0 0.982031 0.012148 0.002478 0.000001 0.003343
0 0 0.984280 0.010994 0.002228 0.000001 0.002498
0 0 0.993636 0.003875 0.000717 0.000000 0.001772
0 0 0.993291 0.004169 0.000794 0.000000 0.001746
0 0 0.987345 0.008512 0.001672 0.000000 0.002470
0 0 0.991716 0.005553 0.001031 0.000000 0.001701
0 0 0.993345 0.004557 0.000822 0.000000 0.001275
0 0 0.995720 0.002413 0.000433 0.000000 0.001434
0 0 0.994088 0.003615 0.000680 0.000000 0.001617
0 0 0.996465 0.002145 0.000396 0.000000 0.000993
0 0 0.996915 0.001859 0.000323 0.000000 0.000903
0 0 0.995012 0.003487 0.000625 0.000000 0.000875
0 0 0.993884 0.004185 0.000764 0.000000 0.001167
0 0 0.995477 0.002961 0.000529 0.000000 0.001033
0 0 0.998058 0.001376 0.000227 0.000000 0.000338
0 0 0.994943 0.003449 0.000623 0.000000 0.000984
0 0 0.996725 0.002253 0.000398 0.000000 0.000624
0 0 0.995506 0.002981 0.000542 0.000000 0.000971
0 0 0.993280 0.004314 0.000787 0.000000 0.001619
0 0 0.979738 0.013743 0.002788 0.000000 0.003731
0 0 0.922242 0.061394 0.013519 0.000018 0.002826
0 0 0.882000 0.093551 0.019638 0.000001 0.004810
0 0 0.765132 0.186558 0.040787 0.000001 0.007521
0 0 0.861771 0.109684 0.023124 0.000001 0.005420
0 0 0.876862 0.097068 0.020492 0.000001 0.005579
0 0 0.931456 0.054447 0.011179 0.000001 0.002917
0 0 0.924098 0.060481 0.012356 0.000001 0.003063
0 0 0.950462 0.039566 0.007944 0.000002 0.002026
0 0 0.809737 0.149441 0.032068 0.000000 0.008754
0 0 0.811305 0.149040 0.032464 0.000001 0.007190
0 0 0.777682 0.174241 0.039270 0.000002 0.008805
0 0 0.450001 0.354751 0.179635 0.000003 0.015610
2 1 0.093697 0.384372 0.505306 0.000007 0.016618
1 1 0.207113 0.454688 0.322143 0.000007 0.016049
1 1 0.381088 0.418325 0.172150 0.000010 0.028427
1 1 0.251173 0.459375 0.243878 0.000047 0.045527
1 1 0.407871 0.425478 0.140815 0.000015 0.025821
1 2 0.275140 0.471569 0.215737 0.000009 0.037546
2 2 0.026623 0.260015 0.690742 0.001310 0.021310
2 2 0.028063 0.240105 0.702819 0.004131 0.024882
2 2 0.017411 0.190804 0.737668 0.001401 0.052716
2 2 0.013523 0.136298 0.819421 0.000366 0.030393
2 2 0.026519 0.265484 0.694171 0.001576 0.012250
2 2 0.026582 0.237891 0.701380 0.002196 0.031951
2 2 0.005772 0.102636 0.867027 0.000507 0.024058
2 2 0.021100 0.159606 0.802314 0.002280 0.014701
2 2 0.005596 0.063158 0.913246 0.003692 0.014308
1 1 0.299996 0.401064 0.285293 0.000029 0.013617
1 1 0.259539 0.446710 0.283458 0.000029 0.010264
0 0 0.642482 0.237707 0.113412 0.000057 0.006341
1 0 0.321878 0.465945 0.198063 0.000007 0.014107
0 0 0.667085 0.258587 0.060092 0.000001 0.014235
1 0 0.366906 0.387585 0.234168 0.000013 0.011327
0 0 0.730472 0.214540 0.048955 0.000006 0.006027
2 1 0.136624 0.387864 0.464155 0.000020 0.011337
2 1 0.071851 0.339243 0.583025 0.000731 0.005150
2 1 0.211482 0.365190 0.417468 0.000122 0.005737
0 1 0.439539 0.349630 0.199639 0.000067 0.011125
2 1 0.133273 0.375775 0.476365 0.000242 0.014345
2 2 0.162624 0.343184 0.481681 0.001305 0.011206
2 2 0.020075 0.168305 0.806351 0.003136 0.002133
2 2 0.091256 0.301659 0.597777 0.000365 0.008942
2 2 0.063320 0.224496 0.694000 0.005509 0.012676
2 2 0.011751 0.154298 0.826988 0.002445 0.004518
2 2 0.011597 0.062839 0.905623 0.018433 0.001507
2 2 0.008424 0.113977 0.871439 0.003078 0.003081
2 2 0.002665 0.050634 0.940773 0.004872 0.001055
2 2 0.006257 0.068897 0.903347 0.018375 0.003124
2 2 0.004506 0.057347 0.935660 0.001666 0.000821
2 2 0.001310 0.022822 0.962938 0.012141 0.000788
2 2 0.026033 0.150322 0.809087 0.010307 0.004251
2 2 0.006456 0.051392 0.938828 0.002338 0.000985
2 2 0.014858 0.061074 0.895283 0.026839 0.001946
2 2 0.002530 0.047836 0.932521 0.015228 0.001884
2 2 0.002793 0.029202 0.938135 0.028868 0.001001
2 3 0.006094 0.030436 0.873021 0.089780 0.000669
2 3 0.002756 0.005936 0.818956 0.172150 0.000202
2 3 0.005019 0.019305 0.748789 0.226398 0.000490
2 3 0.007062 0.011838 0.582985 0.397485 0.000631
3 3 0.002813 0.004076 0.456801 0.536190 0.000119
3 3 0.001400 0.002360 0.270637 0.725474 0.000129
3 3 0.021203 0.017742 0.470774 0.489244 0.001038
0 2 0.456065 0.264236 0.261196 0.003998 0.014504
2 2 0.089531 0.216470 0.667825 0.006047 0.020127
2 0 0.194440 0.374966 0.402498 0.000632 0.027464
2 0 0.207449 0.347965 0.423976 0.000413 0.020197
0 0 0.855482 0.114142 0.025372 0.000006 0.004999
0 0 0.852079 0.109629 0.027141 0.000030 0.011121
0 0 0.861331 0.101501 0.024342 0.000007 0.012819
0 0 0.725241 0.188281 0.048712 0.000004 0.037761
0 0 0.823106 0.131189 0.029738 0.000001 0.015967
0 0 0.824005 0.135369 0.031633 0.000007 0.008987
0 0 0.719393 0.206872 0.048150 0.000000 0.025584
0 0 0.773319 0.171717 0.039568 0.000001 0.015395
0 0 0.754861 0.195607 0.042983 0.000001 0.006546
0 0 0.514130 0.312903 0.156249 0.000080 0.016638
0 0 0.798286 0.149602 0.036728 0.000009 0.015376
0 0 0.750948 0.155705 0.067924 0.000039 0.025383
0 0 0.934591 0.048588 0.011216 0.000016 0.005588
0 0 0.853164 0.110855 0.026005 0.000006 0.009970
0 1 0.636380 0.246201 0.099929 0.000068 0.017422
0 1 0.670442 0.238019 0.078694 0.000036 0.012810
0 1 0.464267 0.371284 0.152746 0.000021 0.011681
0 1 0.589042 0.239622 0.148042 0.000006 0.023289
0 1 0.562183 0.304528 0.106494 0.000031 0.026764
1 1 0.302817 0.403962 0.272087 0.000018 0.021116
1 1 0.219492 0.462278 0.290256 0.000008 0.027967
1 1 0.234182 0.432175 0.292148 0.000003 0.041492
0 1 0.544879 0.337924 0.096021 0.000001 0.021176
0 1 0.838440 0.119221 0.030803 0.000011 0.011524
0 1 0.681080 0.239015 0.062085 0.000016 0.017805
0 1 0.554838 0.326662 0.107529 0.000029 0.010941
0 1 0.708543 0.203146 0.075043 0.000010 0.013257
1 1 0.214888 0.447732 0.304704 0.000751 0.031924
1 1 0.348013 0.448083 0.180478 0.000011 0.023415
2 1 0.121739 0.408597 0.421430 0.000041 0.048193
1 1 0.301892 0.442715 0.202528 0.000005 0.052859
2 1 0.107164 0.381770 0.495794 0.000404 0.014868
2 1 0.060696 0.393022 0.521192 0.000256 0.024833
1 1 0.278315 0.448838 0.262738 0.000031 0.010078
2 1 0.053424 0.375738 0.555363 0.001378 0.014096
2 1 0.099984 0.377153 0.507202 0.000368 0.015293
2 1 0.023484 0.228545 0.718766 0.001679 0.027526
2 2 0.000642 0.041811 0.953729 0.002669 0.001149
2 2 0.004545 0.072443 0.911978 0.000795 0.010239
1 0 0.375795 0.397375 0.210308 0.000020 0.016502
0 0 0.731355 0.172152 0.089263 0.000645 0.006584
0 0 0.873613 0.094353 0.022657 0.000017 0.009360
0 0 0.634009 0.285528 0.067006 0.000001 0.013455
0 0 0.707763 0.210677 0.074978 0.000051 0.006531
0 0 0.882990 0.093306 0.019371 0.000001 0.004332
0 0 0.747854 0.189053 0.057196 0.000029 0.005869
0 0 0.599095 0.278053 0.108953 0.000035 0.013864
0 0 0.461827 0.350686 0.160036 0.000013 0.027438
2 1 0.091344 0.357900 0.537151 0.000345 0.013260
2 1 0.102251 0.368976 0.504816 0.000134 0.023822
2 1 0.016790 0.180581 0.791931 0.004169 0.006530
2 2 0.004706 0.061976 0.931314 0.001140 0.000863
2 2 0.008855 0.162852 0.823855 0.001023 0.003416
2 2 0.004932 0.062026 0.916621 0.013798 0.002623
2 2 0.004578 0.062603 0.928069 0.003817 0.000932
2 2 0.041388 0.297250 0.643315 0.004828 0.013219
2 2 0.003842 0.066396 0.923128 0.000805 0.005829
2 2 0.013713 0.049274 0.926749 0.005563 0.004702
2 2 0.001895 0.020708 0.947049 0.029507 0.000840
2 2 0.167944 0.405170 0.408180 0.000335 0.018372
2 2 0.008079 0.070753 0.902376 0.011839 0.006953
2 2 0.005735 0.064784 0.914093 0.000577 0.014811
2 2 0.002384 0.019682 0.963731 0.006592 0.007611
2 2 0.001721 0.012372 0.980549 0.005093 0.000265
2 2 0.006307 0.027692 0.939953 0.022731 0.003317
2 2 0.010528 0.055713 0.895520 0.029486 0.008753
2 2 0.053259 0.214580 0.702107 0.021039 0.009014
2 2 0.003048 0.047885 0.918341 0.029658 0.001068
2 2 0.007409 0.039027 0.876965 0.074321 0.002277
2 2 0.010268 0.044685 0.882936 0.060116 0.001995
2 2 0.011445 0.035217 0.910444 0.041204 0.001690
2 2 0.001442 0.014916 0.926526 0.056832 0.000284
2 2 0.001730 0.016509 0.939168 0.041679 0.000914
2 3 0.001015 0.007448 0.713945 0.277438 0.000153
2 3 0.003893 0.011842 0.834516 0.149585 0.000165
2 3 0.000994 0.005711 0.615522 0.377385 0.000388
3 3 0.011224 0.018013 0.451304 0.516590 0.002869
3 3 0.000720 0.002357 0.341120 0.655769 0.000034
3 3 0.007364 0.007272 0.280378 0.703916 0.001070
3 3 0.001682 0.003190 0.347236 0.647724 0.000168
3 3 0.001023 0.002615 0.178996 0.817152 0.000215
3 3 0.003598 0.004475 0.236417 0.755351 0.000160
3 3 0.002623 0.002863 0.134594 0.859653 0.000267
3 3 0.000631 0.000864 0.057388 0.941076 0.000041
3 3 0.000668 0.001434 0.028389 0.968803 0.000705
3 3 0.003211 0.003968 0.112360 0.880146 0.000315
3 3 0.001216 0.002162 0.017828 0.974658 0.004137
3 3 0.000171 0.000659 0.034250 0.964740 0.000180
3 3 0.001421 0.002578 0.054806 0.940611 0.000584
3 3 0.003820 0.004189 0.053784 0.937425 0.000782
3 3 0.008113 0.007426 0.047738 0.929855 0.006868
3 3 0.001758 0.002693 0.077055 0.918001 0.000494
3 3 0.001990 0.002583 0.039237 0.955503 0.000687
3 3 0.001304 0.002428 0.030683 0.964457 0.001128
3 3 0.000913 0.002731 0.023661 0.969500 0.003195
3 3 0.000773 0.001552 0.024268 0.972775 0.000631
3 3 0.002770 0.002780 0.046072 0.947867 0.000512
3 3 0.000818 0.001599 0.020099 0.976703 0.000782
3 3 0.001039 0.001595 0.046512 0.950653 0.000202
3 3 0.001550 0.002396 0.029816 0.965492 0.000745
3 3 0.000468 0.001346 0.018733 0.978309 0.001144
3 3 0.004598 0.004789 0.064846 0.923813 0.001954
3 3 0.001439 0.002566 0.018116 0.975921 0.001958
3 3 0.000606 0.001748 0.010573 0.983577 0.003497
3 3 0.000861 0.001206 0.029621 0.968113 0.000199
3 3 0.012101 0.007324 0.051562 0.927516 0.001497
3 3 0.002835 0.004605 0.038159 0.951866 0.002535
3 3 0.003240 0.005131 0.031431 0.953074 0.007125
3 3 0.001870 0.002074 0.020662 0.974680 0.000714
3 3 0.000396 0.001161 0.014592 0.982849 0.001002
3 3 0.004317 0.005344 0.023290 0.962274 0.004776
3 3 0.002612 0.003587 0.022893 0.965212 0.005696
3 3 0.002483 0.002674 0.020107 0.973138 0.001599
3 3 0.001162 0.002227 0.017159 0.976914 0.002538
3 3 0.003300 0.004288 0.024312 0.963292 0.004808
3 3 0.001111 0.002114 0.024396 0.971177 0.001202
3 3 0.002210 0.003334 0.032471 0.959720 0.002265
3 3 0.003105 0.004191 0.049051 0.941503 0.002150
3 3 0.007294 0.009204 0.051883 0.921193 0.010426
3 3 0.001367 0.002779 0.031894 0.961025 0.002934
3 3 0.001094 0.002083 0.018329 0.976240 0.002255
3 3 0.000449 0.001027 0.008398 0.988726 0.001399
3 3 0.000629 0.001409 0.022484 0.973963 0.001516
3 3 0.000134 0.000308 0.010148 0.989289 0.000121
3 3 0.000902 0.002269 0.022226 0.972806 0.001798
3 3 0.001232 0.002295 0.013969 0.979094 0.003410
3 3 0.008201 0.008046 0.028988 0.950230 0.004535
3 3 0.001199 0.002252 0.017045 0.975754 0.003750
3 3 0.003241 0.004292 0.028397 0.960338 0.003732
3 3 0.003190 0.004379 0.016663 0.968775 0.006993
3 3 0.001345 0.002534 0.033117 0.960743 0.002262
3 3 0.006615 0.006919 0.045174 0.938317 0.002975
3 3 0.002309 0.003770 0.033808 0.954445 0.005668
3 3 0.002745 0.003066 0.030649 0.962589 0.000952
3 3 0.002052 0.003065 0.024733 0.968677 0.001472
3 3 0.006288 0.006389 0.032367 0.949644 0.005313
3 3 0.000698 0.001700 0.012804 0.980027 0.004771
3 3 0.003411 0.004539 0.026508 0.960952 0.004590
3 3 0.004110 0.003894 0.020394 0.969639 0.001963
3 3 0.019052 0.014202 0.057884 0.898499 0.010362
3 3 0.010417 0.007936 0.048968 0.925887 0.006792
3 3 0.002939 0.004206 0.031780 0.957964 0.003110
3 3 0.000533 0.001371 0.016632 0.979512 0.001952
3 3 0.001072 0.002218 0.026774 0.967196 0.002739
3 3 0.000910 0.001946 0.027611 0.967431 0.002102
3 3 0.001002 0.001855 0.010385 0.984279 0.002479
3 3 0.001267 0.002856 0.019152 0.970615 0.006110
3 3 0.001571 0.002533 0.012135 0.979720 0.004041
3 3 0.004224 0.003544 0.032346 0.958181 0.001704
3 3 0.008275 0.007423 0.047288 0.931472 0.005543
3 3 0.006872 0.005629 0.036410 0.947872 0.003218
3 3 0.000516 0.001475 0.013317 0.982121 0.002571
3 3 0.001751 0.002900 0.013792 0.977094 0.004464
3 3 0.001697 0.002772 0.018223 0.975248 0.002059
3 3 0.008075 0.008219 0.060380 0.920115 0.003211
3 3 0.003173 0.003093 0.028028 0.964861 0.000845
3 3 0.003362 0.004422 0.029071 0.959734 0.003410
3 3 0.003768 0.004365 0.025066 0.964590 0.002211
3 3 0.005457 0.005512 0.053340 0.933086 0.002605
3 3 0.007453 0.006995 0.088942 0.894877 0.001733
3 3 0.003107 0.003376 0.025927 0.966214 0.001375
3 3 0.000066 0.000321 0.011132 0.988234 0.000247
3 3 0.000553 0.001277 0.017187 0.980225 0.000759
3 3 0.004785 0.006749 0.045266 0.936156 0.007045
3 3 0.005967 0.007168 0.029089 0.941528 0.016248
3 3 0.001858 0.003235 0.017868 0.968769 0.008271
3 3 0.013964 0.014050 0.034340 0.900884 0.036762
3 3 0.002490 0.004096 0.024456 0.961642 0.007315
3 3 0.005282 0.006601 0.049961 0.929980 0.008175
2 0 0.091711 0.194888 0.637424 0.065916 0.010061
2 0 0.011555 0.108914 0.853389 0.018732 0.007409
2 1 0.011175 0.038929 0.830432 0.114864 0.004599
2 1 0.028856 0.056769 0.876374 0.031359 0.006642
2 1 0.008375 0.015344 0.932354 0.043270 0.000657
2 2 0.005758 0.048337 0.915870 0.025279 0.004755
2 2 0.009115 0.056839 0.913849 0.011309 0.008889
2 2 0.000524 0.007197 0.985488 0.005461 0.001330
2 2 0.001350 0.059514 0.896233 0.003032 0.039870
2 2 0.003785 0.035725 0.904674 0.003745 0.052071
2 2 0.003000 0.189251 0.425620 0.000412 0.381717
2 2 0.003476 0.084646 0.887771 0.001256 0.022851
2 2 0.000807 0.059622 0.863722 0.003857 0.071992
2 2 0.001457 0.135387 0.760399 0.001154 0.101603
2 2 0.005129 0.054406 0.919678 0.006343 0.014444
2 2 0.001803 0.080426 0.788505 0.003466 0.125801
2 2 0.003628 0.199948 0.445905 0.001305 0.349214
2 2 0.026056 0.182146 0.732102 0.000839 0.058857
2 2 0.000550 0.100061 0.665335 0.000440 0.233614
2 2 0.003439 0.182521 0.514238 0.000056 0.299747
2 2 0.011961 0.164333 0.617245 0.001585 0.204876
2 2 0.000803 0.052738 0.878648 0.002291 0.065521
2 2 0.004445 0.182080 0.512622 0.000740 0.300113
2 2 0.001616 0.044238 0.880683 0.002345 0.071117
2 2 0.008416 0.208007 0.437311 0.000020 0.346246
2 2 0.002254 0.145731 0.591940 0.000166 0.259909
2 2 0.002442 0.124029 0.600850 0.004605 0.268074
2 2 0.001748 0.165364 0.580585 0.000051 0.252251
2 2 0.004103 0.121533 0.704880 0.000557 0.168927
2 2 0.000830 0.088329 0.839914 0.000184 0.070743
2 2 0.003503 0.142533 0.677403 0.001796 0.174766
2 2 0.002185 0.107081 0.789083 0.000263 0.101388
2 2 0.008760 0.096329 0.872863 0.001186 0.020862
2 2 0.002947 0.106044 0.857481 0.000134 0.033394
2 2 0.004838 0.067336 0.867377 0.000057 0.060392
2 2 0.002962 0.097930 0.876006 0.000760 0.022342
2 2 0.004588 0.042502 0.942073 0.000904 0.009932
2 2 0.001612 0.059221 0.932679 0.000580 0.005909
2 2 0.089489 0.137322 0.705933 0.000531 0.066725
2 2 0.008117 0.031365 0.951313 0.001055 0.008150
2 2 0.009657 0.043428 0.872895 0.002052 0.071967
2 2 0.003335 0.040456 0.940211 0.001137 0.014860
2 2 0.007946 0.027719 0.956982 0.001228 0.006124
2 2 0.004498 0.027484 0.951284 0.002851 0.013883
2 2 0.006415 0.017770 0.968388 0.004898 0.002528
2 2 0.006785 0.051558 0.920206 0.000380 0.021070
2 2 0.005327 0.025670 0.962595 0.000996 0.005412
2 2 0.006811 0.022573 0.962792 0.003941 0.003884
2 2 0.054278 0.045906 0.890707 0.006277 0.002832
2 2 0.011245 0.019904 0.930910 0.034707 0.003234
2 2 0.009789 0.012949 0.957786 0.007815 0.011662
2 2 0.004244 0.008646 0.966765 0.020028 0.000316
2 2 0.121901 0.103695 0.724134 0.006561 0.043708
2 2 0.019652 0.043909 0.884971 0.014899 0.036569
2 2 0.033535 0.033934 0.914645 0.013912 0.003975
2 2 0.025097 0.031083 0.826849 0.076282 0.040689
2 2 0.022258 0.013477 0.909429 0.050122 0.004714
2 2 0.013674 0.012401 0.856774 0.113782 0.003368
2 2 0.030121 0.054349 0.722983 0.094309 0.098238
2 2 0.009732 0.023523 0.888722 0.073038 0.004986
2 2 0.033779 0.020831 0.825105 0.110538 0.009747
2 2 0.013596 0.025088 0.854101 0.074614 0.032602
2 2 0.028893 0.012281 0.811032 0.145942 0.001852
0 0 0.686175 0.219440 0.066750 0.000445 0.027191
0 0 0.377206 0.369326 0.220656 0.001371 0.031441
2 2 0.017551 0.134974 0.831103 0.005400 0.010971
2 2 0.075007 0.205528 0.696244 0.014618 0.008604
2 2 0.027308 0.098918 0.866859 0.003786 0.003129
2 2 0.007996 0.097586 0.891938 0.001279 0.001202
2 2 0.009673 0.058581 0.925582 0.004214 0.001951
2 2 0.007353 0.025399 0.957739 0.008968 0.000541
2 2 0.018300 0.128841 0.831886 0.009675 0.011298
2 2 0.076992 0.154516 0.760047 0.003876 0.004570
2 2 0.122121 0.305073 0.551205 0.002145 0.019455
2 2 0.034316 0.269588 0.682391 0.000926 0.012779
2 2 0.009774 0.027921 0.951231 0.010475 0.000598
2 2 0.015001 0.049003 0.925193 0.005014 0.005789
2 2 0.001067 0.019772 0.975642 0.002964 0.000555
2 2 0.001955 0.030907 0.950881 0.014885 0.001373
2 2 0.004522 0.031093 0.948499 0.015071 0.000815
2 2 0.035781 0.098691 0.836524 0.004210 0.024794
2 2 0.037056 0.093603 0.830000 0.028238 0.011103
2 2 0.001086 0.016387 0.971199 0.010806 0.000522
2 2 0.030956 0.140204 0.800343 0.020905 0.007592
2 2 0.005062 0.071918 0.912308 0.007953 0.002759
2 2 0.006670 0.022011 0.942029 0.026178 0.003111
0 0 0.557807 0.267694 0.155405 0.000281 0.018813
0 0 0.582173 0.317337 0.083849 0.000042 0.016598
2 2 0.126951 0.318609 0.506508 0.000832 0.047101
2 2 0.053244 0.123240 0.811644 0.001944 0.009928
2 2 0.017957 0.090241 0.884618 0.002896 0.004287
2 2 0.006056 0.048961 0.937895 0.006627 0.000461
2 2 0.025114 0.145893 0.822862 0.003633 0.002498
2 2 0.018945 0.053803 0.920287 0.006097 0.000867
0 0 0.495228 0.193417 0.293008 0.007273 0.011075
0 0 0.914588 0.064758 0.014791 0.000010 0.005852
0 0 0.665334 0.228201 0.089959 0.000032 0.016474
0 0 0.803209 0.126615 0.058756 0.000046 0.011373
0 0 0.675933 0.253226 0.065115 0.000011 0.005714
0 0 0.410204 0.362887 0.218189 0.000082 0.008638
1 0 0.375810 0.394249 0.222463 0.000034 0.007444
2 0 0.175057 0.338496 0.480050 0.000998 0.005399
1 0 0.253254 0.396670 0.338229 0.000117 0.011729
0 0 0.695481 0.234454 0.056262 0.000004 0.013800
0 0 0.541895 0.320956 0.126773 0.000138 0.010239
0 0 0.951656 0.033905 0.007767 0.000007 0.006665
0 0 0.909627 0.062516 0.015082 0.000009 0.012765
0 0 0.603249 0.279720 0.108265 0.000138 0.008628
0 0 0.755369 0.175778 0.060478 0.000095 0.008279
0 0 0.674730 0.239726 0.076120 0.000038 0.009386
0 0 0.550290 0.343159 0.095069 0.000020 0.011462
0 0 0.476601 0.374234 0.134243 0.000022 0.014900
1 0 0.279107 0.518002 0.188308 0.000014 0.014569
0 0 0.464506 0.399069 0.118566 0.000014 0.017845
0 0 0.479593 0.349238 0.160203 0.000099 0.010867
0 0 0.430894 0.387240 0.165579 0.000010 0.016277
0 1 0.504004 0.382104 0.099411 0.000023 0.014458
1 1 0.230757 0.508026 0.246928 0.000093 0.014196
2 1 0.054717 0.445102 0.487033 0.000690 0.012458
2 1 0.108355 0.377799 0.502585 0.001342 0.009920
2 1 0.021239 0.279757 0.684519 0.002364 0.012120
2 1 0.063086 0.377557 0.548653 0.001025 0.009679
1 1 0.276678 0.378971 0.328182 0.000290 0.015879
1 1 0.173158 0.430599 0.378280 0.000498 0.017465
1 1 0.133789 0.483637 0.362236 0.000054 0.020284
1 1 0.360427 0.423501 0.196924 0.000041 0.019107
0 0 0.739796 0.193661 0.050839 0.000074 0.015629
1 0 0.343057 0.495398 0.146853 0.000013 0.014679
1 0 0.168072 0.465941 0.344778 0.000074 0.021135
1 1 0.242782 0.465488 0.274915 0.000361 0.016453
2 1 0.097569 0.422252 0.466518 0.000247 0.013414
1 1 0.312227 0.411274 0.260208 0.000232 0.016060
2 0 0.182378 0.377887 0.420788 0.000154 0.018793
0 0 0.755397 0.182316 0.046770 0.000035 0.015481
0 0 0.889320 0.081564 0.020200 0.000058 0.008857
0 0 0.678217 0.225615 0.080850 0.000024 0.015294
0 0 0.673994 0.255199 0.062913 0.000018 0.007877
1 0 0.203541 0.482090 0.301689 0.000390 0.012289
0 0 0.447137 0.390412 0.154958 0.000053 0.007440
0 0 0.462530 0.359652 0.168506 0.000108 0.009204
1 0 0.170143 0.528553 0.280277 0.000017 0.021010
0 0 0.580183 0.318041 0.078849 0.000002 0.022925
0 0 0.699299 0.228965 0.060984 0.000008 0.010743
1 0 0.386961 0.456131 0.146246 0.000006 0.010656
1 0 0.350668 0.449991 0.180941 0.000068 0.018332
0 0 0.583028 0.325080 0.081405 0.000020 0.010467
1 0 0.295347 0.412097 0.283158 0.000239 0.009158
0 1 0.437514 0.406473 0.146334 0.000018 0.009661
2 1 0.040587 0.398912 0.550449 0.000915 0.009137
1 1 0.151891 0.472534 0.362218 0.000433 0.012924
0 1 0.432614 0.399664 0.153671 0.000006 0.014044
1 1 0.343372 0.367593 0.272452 0.000463 0.016120
0 0 0.482826 0.343637 0.144879 0.000434 0.028224
0 0 0.447488 0.342539 0.195346 0.000012 0.014615
0 0 0.454026 0.394599 0.131860 0.000005 0.019509
1 0 0.199130 0.497034 0.293204 0.000040 0.010592
1 0 0.345921 0.424638 0.209365 0.000051 0.020025
0 0 0.694344 0.225810 0.057146 0.000007 0.022693
1 0 0.190124 0.419405 0.376382 0.000194 0.013895
0 0 0.415429 0.365725 0.197898 0.000005 0.020943
0 0 0.356321 0.275255 0.353095 0.000243 0.015086
1 0 0.274758 0.451819 0.252003 0.000117 0.021304
1 0 0.290510 0.441519 0.244911 0.000008 0.023052
1 0 0.101828 0.593533 0.262285 0.000055 0.042298
0 0 0.628604 0.250593 0.105440 0.000083 0.015279
1 0 0.389093 0.392553 0.208239 0.000436 0.009679
0 0 0.698346 0.226602 0.054352 0.000001 0.020699
0 0 0.657347 0.247127 0.067649 0.000053 0.027825
0 0 0.747436 0.169533 0.046542 0.000005 0.036485
0 0 0.530946 0.326850 0.123693 0.000018 0.018493
0 0 0.366989 0.338524 0.276641 0.000129 0.017718
0 0 0.656259 0.259484 0.077010 0.000008 0.007238
1 0 0.194996 0.415262 0.380241 0.000136 0.009365
0 0 0.370825 0.339446 0.275266 0.000108 0.014356
0 0 0.833832 0.121485 0.035431 0.000009 0.009242
0 0 0.686876 0.236824 0.070494 0.000007 0.005799
0 0 0.794963 0.159501 0.037222 0.000007 0.008306
0 0 0.907068 0.058133 0.013871 0.000002 0.020927
0 0 0.880219 0.094023 0.021024 0.000008 0.004727
0 0 0.771384 0.158543 0.063498 0.000018 0.006557
0 0 0.491823 0.303106 0.196263 0.000268 0.008539
0 0 0.845747 0.118315 0.029934 0.000018 0.005986
0 0 0.873995 0.098277 0.021434 0.000002 0.006292
0 0 0.896294 0.082774 0.017227 0.000001 0.003704
0 0 0.895707 0.082429 0.016891 0.000000 0.004972
0 0 0.821824 0.142107 0.030182 0.000001 0.005886
0 0 0.630364 0.279117 0.076429 0.000007 0.014083
0 0 0.474127 0.353813 0.159662 0.000014 0.012383
1 0 0.273732 0.453673 0.253889 0.000014 0.018693
2 0 0.059436 0.401708 0.526935 0.000058 0.011864
2 0 0.026292 0.333764 0.628765 0.000540 0.010639
2 0 0.124043 0.406015 0.458778 0.000133 0.011031
1 0 0.315920 0.480117 0.179526 0.000024 0.024412
0 0 0.606421 0.304419 0.075532 0.000009 0.013619
0 0 0.706365 0.195496 0.053691 0.000021 0.044427
1 0 0.311315 0.430391 0.249570 0.000119 0.008606
2 1 0.055086 0.413739 0.512688 0.000256 0.018231
1 1 0.086415 0.544412 0.326386 0.000023 0.042764
2 1 0.041550 0.346478 0.584045 0.000911 0.027015
2 1 0.049075 0.382805 0.544445 0.000726 0.022950
2 1 0.009278 0.162592 0.821864 0.001235 0.005030
2 2 0.008936 0.103537 0.881592 0.003777 0.002158
2 2 0.007977 0.086602 0.900926 0.000188 0.004307
2 2 0.002044 0.061821 0.932539 0.001130 0.002466
2 2 0.006675 0.046946 0.944492 0.000882 0.001005
2 2 0.001516 0.030062 0.967354 0.000615 0.000454
2 2 0.001366 0.030617 0.966250 0.000937 0.000830
2 2 0.000942 0.045643 0.951287 0.000535 0.001593
2 2 0.001690 0.021451 0.974652 0.000761 0.001446
2 2 0.053759 0.245916 0.686230 0.002647 0.011449
2 2 0.017025 0.074555 0.904791 0.001596 0.002032
2 2 0.002744 0.080384 0.913019 0.002665 0.001188
2 2 0.006708 0.058179 0.929485 0.002647 0.002981
2 2 0.023946 0.122485 0.846168 0.000120 0.007281
2 2 0.010557 0.052098 0.935588 0.000823 0.000934
2 2 0.004567 0.089977 0.903847 0.001033 0.000577
2 2 0.003829 0.032079 0.954169 0.008195 0.001728
2 2 0.005326 0.072154 0.919580 0.000745 0.002195
2 2 0.062716 0.159096 0.768306 0.004347 0.005534
2 2 0.019416 0.087821 0.882065 0.000436 0.010263
2 2 0.000287 0.009777 0.984908 0.004808 0.000219
2 2 0.033538 0.082921 0.878199 0.002457 0.002886
2 2 0.004223 0.022283 0.970515 0.002352 0.000628
2 2 0.001513 0.013433 0.983127 0.001420 0.000506
2 2 0.006448 0.037982 0.952509 0.001501 0.001560
2 2 0.003626 0.019655 0.950945 0.025434 0.000341
2 2 0.001381 0.030394 0.963854 0.003573 0.000798
2 2 0.016906 0.043077 0.922315 0.014349 0.003354
2 2 0.006028 0.026731 0.960940 0.005490 0.000810
2 2 0.001793 0.011619 0.963308 0.023121 0.000158
2 2 0.002554 0.016125 0.974630 0.005991 0.000700
2 2 0.012601 0.032017 0.946017 0.007845 0.001521
2 2 0.003542 0.015038 0.954047 0.026982 0.000391
2 2 0.004930 0.030695 0.959160 0.004674 0.000541
2 2 0.001208 0.006478 0.974837 0.017268 0.000209
2 2 0.015638 0.026996 0.903485 0.051724 0.002157
2 2 0.001814 0.015218 0.938481 0.044020 0.000467
2 3 0.018550 0.026327 0.919896 0.034380 0.000847
2 3 0.003214 0.016049 0.954459 0.025642 0.000637
2 3 0.012070 0.027951 0.932105 0.027393 0.000481
2 3 0.002052 0.010339 0.914336 0.073018 0.000255
2 3 0.006746 0.015540 0.909142 0.067463 0.001109
2 3 0.005832 0.007744 0.834599 0.151500 0.000325
2 3 0.002109 0.008007 0.743246 0.246456 0.000183
2 3 0.001761 0.009537 0.560492 0.427343 0.000867
2 3 0.004550 0.017193 0.811259 0.166320 0.000678
2 3 0.002142 0.009217 0.736308 0.252099 0.000234
3 3 0.008636 0.008500 0.489116 0.491349 0.002399
2 3 0.011617 0.032606 0.687955 0.259761 0.008062
3 3 0.000354 0.001350 0.236143 0.762099 0.000054
3 3 0.000505 0.001395 0.168257 0.829791 0.000052
3 3 0.018988 0.029155 0.413429 0.527980 0.010449
3 3 0.002114 0.004037 0.244269 0.749253 0.000328
3 3 0.001329 0.003914 0.316827 0.677691 0.000239
3 3 0.003296 0.004917 0.414343 0.577234 0.000210
3 3 0.009933 0.010118 0.341254 0.637752 0.000943
3 3 0.001723 0.002781 0.172127 0.822650 0.000718
3 3 0.000248 0.001194 0.066123 0.932077 0.000358
3 3 0.001417 0.003666 0.166968 0.827429 0.000520
3 3 0.000514 0.001550 0.261219 0.736611 0.000105
3 3 0.003111 0.005529 0.092526 0.896590 0.002244
3 3 0.001086 0.001639 0.118479 0.878675 0.000120
3 3 0.000731 0.002223 0.109414 0.887353 0.000280
3 3 0.012147 0.009998 0.187951 0.788916 0.000988
3 3 0.001384 0.003164 0.189740 0.805384 0.000328
3 3 0.002953 0.005472 0.209022 0.782058 0.000494
3 3 0.003785 0.005339 0.105011 0.884144 0.001722
3 3 0.005698 0.006183 0.146849 0.840560 0.000709
3 3 0.000835 0.001897 0.039759 0.956788 0.000721
3 3 0.000846 0.001948 0.080915 0.915892 0.000399
3 3 0.002656 0.002830 0.083570 0.910775 0.000169
3 3 0.004290 0.006025 0.057895 0.928950 0.002840
3 3 0.003567 0.014336 0.311065 0.669196 0.001837
3 3 0.006182 0.005925 0.251116 0.735601 0.001176
2 2 0.035758 0.052622 0.824814 0.084367 0.002439
2 2 0.096051 0.131124 0.706683 0.063141 0.003001
2 2 0.034515 0.188857 0.768860 0.003944 0.003824
2 2 0.010048 0.025982 0.956855 0.006713 0.000402
2 2 0.007567 0.055013 0.928167 0.006374 0.002879
2 2 0.005742 0.029402 0.953675 0.010808 0.000373
2 2 0.005935 0.028208 0.960647 0.004289 0.000921
2 2 0.005245 0.024291 0.961602 0.008466 0.000396
2 2 0.040560 0.045214 0.908866 0.004213 0.001146
2 2 0.003931 0.016712 0.966371 0.011562 0.001423
2 2 0.004591 0.062494 0.908024 0.021835 0.003057
2 2 0.005617 0.025976 0.949564 0.017264 0.001580
2 2 0.007388 0.030069 0.953033 0.008189 0.001321
2 2 0.012318 0.066998 0.898416 0.019572 0.002695
2 2 0.017350 0.228914 0.732669 0.000622 0.020445
2 2 0.004932 0.033129 0.958000 0.002751 0.001188
2 2 0.001397 0.032055 0.943842 0.001439 0.021268
2 2 0.002093 0.046722 0.913480 0.000506 0.037198
2 2 0.002619 0.028682 0.960406 0.000752 0.007541
2 2 0.002682 0.216372 0.639410 0.000090 0.141446
2 2 0.001987 0.109981 0.716465 0.001432 0.170135
4 4 0.004880 0.165749 0.381449 0.000301 0.447621
2 4 0.001904 0.208379 0.416554 0.000242 0.372920
2 4 0.004651 0.170221 0.572468 0.000010 0.252650
4 4 0.001923 0.067667 0.251260 0.000059 0.679091
2 4 0.006373 0.152843 0.497094 0.002373 0.341317
2 4 0.000476 0.076962 0.709566 0.002118 0.210878
4 4 0.007425 0.114079 0.295847 0.000390 0.582258
4 4 0.006046 0.081942 0.228717 0.000161 0.683134
1 4 0.221851 0.344395 0.170282 0.000026 0.263446
4 4 0.039001 0.342977 0.197287 0.000009 0.420726
4 4 0.005656 0.159259 0.311056 0.000018 0.524010
4 4 0.010534 0.224366 0.212388 0.000039 0.552672
4 4 0.135055 0.059747 0.038226 0.000317 0.766655
4 4 0.069653 0.081532 0.081963 0.000007 0.766846
4 4 0.016166 0.183423 0.317422 0.000116 0.482873
2 4 0.044166 0.309726 0.435578 0.000122 0.210408
4 4 0.036983 0.126068 0.128383 0.000019 0.708547
2 4 0.017321 0.223982 0.458904 0.000019 0.299774
2 4 0.038610 0.282491 0.556343 0.000020 0.122536
4 4 0.050839 0.071718 0.043653 0.000048 0.833742
4 4 0.056509 0.062444 0.046116 0.000615 0.834316
4 4 0.111814 0.037305 0.015704 0.000004 0.835172
4 4 0.066181 0.050635 0.022050 0.000004 0.861130
4 4 0.041778 0.016503 0.008516 0.000008 0.933195
4 4 0.070576 0.014228 0.006400 0.000002 0.908794
4 4 0.084230 0.046913 0.020045 0.000003 0.848809
4 4 0.072562 0.019289 0.008734 0.000002 0.899412
4 4 0.081032 0.019043 0.012459 0.000096 0.887371
4 4 0.012589 0.028940 0.034160 0.000013 0.924299
4 4 0.045701 0.185082 0.116018 0.000001 0.653198
4 4 0.093202 0.153327 0.150448 0.000017 0.603006
4 4 0.022514 0.294239 0.124309 0.000000 0.558938
4 4 0.010969 0.124973 0.159724 0.000035 0.704299
4 4 0.022911 0.029547 0.027265 0.000010 0.920266
4 4 0.009214 0.265041 0.316511 0.000001 0.409233
4 4 0.056083 0.089314 0.274234 0.000917 0.579452
4 4 0.021427 0.088270 0.076242 0.000007 0.814054
4 4 0.015735 0.128683 0.280258 0.000072 0.575253
4 4 0.337425 0.207110 0.064963 0.000001 0.390501
4 4 0.009997 0.167430 0.333429 0.000005 0.489139
4 4 0.007207 0.087920 0.253386 0.000207 0.651280
2 4 0.004545 0.212327 0.400546 0.000112 0.382470
4 4 0.011377 0.077168 0.140808 0.000008 0.770639
4 4 0.018485 0.187607 0.287546 0.000028 0.506334
2 4 0.056193 0.351964 0.436666 0.000004 0.155174
4 4 0.002813 0.153968 0.398842 0.000012 0.444365
4 4 0.002795 0.040254 0.092444 0.000016 0.864490
4 4 0.102480 0.042920 0.018392 0.000005 0.836203
4 4 0.071550 0.039427 0.015925 0.000001 0.873097
4 4 0.024394 0.029518 0.029109 0.000008 0.916970
0 4 0.397549 0.270424 0.089568 0.000031 0.242428
4 4 0.047133 0.145223 0.099591 0.000004 0.708049
4 4 0.027051 0.132710 0.088745 0.000012 0.751482
4 4 0.064377 0.306549 0.213093 0.000001 0.415980
4 4 0.025700 0.295022 0.187304 0.000002 0.491973
4 4 0.041674 0.233722 0.269439 0.000003 0.455161
4 4 0.073342 0.082456 0.063673 0.000025 0.780505
4 4 0.011708 0.162713 0.105142 0.000000 0.720437
4 4 0.015942 0.195275 0.089158 0.000001 0.699623
2 4 0.023860 0.205210 0.472739 0.000038 0.298153
4 4 0.052560 0.307232 0.186426 0.000000 0.453782
4 4 0.028693 0.120685 0.390683 0.000133 0.459806
4 4 0.007194 0.142618 0.265892 0.000021 0.584277
4 4 0.014626 0.087204 0.242445 0.000048 0.655677
2 4 0.002561 0.117747 0.504150 0.000118 0.375424
4 4 0.023735 0.185191 0.379226 0.000005 0.411843
4 4 0.087028 0.211750 0.171091 0.000008 0.530122
2 4 0.027279 0.182889 0.433466 0.000009 0.356357
4 4 0.011786 0.113668 0.197215 0.000025 0.677306
2 4 0.005474 0.220115 0.399125 0.000013 0.375273
4 4 0.017165 0.269657 0.283362 0.000003 0.429813
4 4 0.004512 0.175831 0.216895 0.000013 0.602748
4 4 0.009254 0.134643 0.216565 0.000002 0.639537
2 4 0.003682 0.153156 0.628456 0.000194 0.214512
2 4 0.006441 0.242778 0.487611 0.000008 0.263161
4 2 0.017310 0.230473 0.333651 0.000003 0.418563
4 2 0.003477 0.148110 0.136290 0.000001 0.712123
2 2 0.022790 0.251699 0.392829 0.000016 0.332667
2 2 0.002635 0.139844 0.649083 0.000214 0.208224
2 2 0.014974 0.194806 0.526606 0.000095 0.263519
4 2 0.079675 0.291447 0.145887 0.000002 0.482989
2 2 0.051674 0.230971 0.450232 0.000031 0.267091
2 2 0.009361 0.184457 0.629498 0.000744 0.175939
2 2 0.008431 0.290651 0.439311 0.000042 0.261565
2 2 0.016452 0.125303 0.598999 0.000403 0.258844
2 2 0.004708 0.120118 0.456296 0.000115 0.418764
4 2 0.005749 0.244817 0.329343 0.000001 0.420090
2 2 0.019947 0.143341 0.523927 0.000139 0.312646
4 2 0.023326 0.179370 0.261816 0.000150 0.535338
4 2 0.070129 0.239593 0.310239 0.000009 0.380030
2 2 0.006864 0.178750 0.552554 0.000024 0.261808
4 2 0.015092 0.269938 0.339971 0.000008 0.374991
2 2 0.014253 0.210920 0.541853 0.000018 0.232955
2 2 0.006512 0.216334 0.615837 0.000034 0.161282
2 2 0.000207 0.095047 0.668117 0.000004 0.236625
2 2 0.016817 0.190895 0.476468 0.000090 0.315731
2 2 0.029138 0.224749 0.629755 0.000809 0.115550
2 2 0.004269 0.102229 0.796661 0.001057 0.095783
2 2 0.001634 0.092117 0.875593 0.000045 0.030611
2 2 0.019708 0.114006 0.797024 0.000064 0.069198
2 2 0.004695 0.058039 0.917089 0.000706 0.019470
2 2 0.000527 0.016473 0.982153 0.000364 0.000483
2 2 0.000823 0.041453 0.924506 0.000074 0.033144
2 2 0.002046 0.075275 0.891654 0.000083 0.030943
2 2 0.000893 0.016630 0.980635 0.000318 0.001525
2 2 0.002042 0.054743 0.919679 0.000059 0.023478
2 2 0.009058 0.044613 0.927487 0.000974 0.017868
2 2 0.009300 0.026578 0.956992 0.003629 0.003501
2 2 0.003318 0.025957 0.964586 0.001745 0.004394
2 2 0.005823 0.038176 0.948173 0.000594 0.007234
2 2 0.004534 0.025816 0.961219 0.003901 0.004530
2 2 0.001132 0.016291 0.961259 0.018475 0.002842
2 2 0.024497 0.022689 0.934481 0.013346 0.004988
2 2 0.002341 0.022563 0.960843 0.009646 0.004607
2 2 0.142836 0.268266 0.556123 0.000507 0.032268
2 2 0.002549 0.063729 0.921194 0.002440 0.010087
2 2 0.001867 0.042771 0.950400 0.004051 0.000911
2 2 0.002927 0.014181 0.963553 0.019077 0.000263
2 2 0.001929 0.022034 0.968828 0.006929 0.000280
2 2 0.000294 0.005997 0.986636 0.007045 0.000028
2 2 0.002787 0.040121 0.943017 0.012870 0.001205
2 2 0.012330 0.039843 0.935265 0.010477 0.002085
2 2 0.013459 0.046506 0.935638 0.003563 0.000833
2 2 0.003030 0.020289 0.950149 0.025551 0.000981
2 2 0.006660 0.035325 0.953538 0.002926 0.001552
2 2 0.001469 0.030191 0.957219 0.008761 0.002360
2 2 0.003911 0.047284 0.931755 0.014075 0.002975
2 2 0.002861 0.039100 0.938197 0.016903 0.002939
2 2 0.003444 0.012142 0.835103 0.149177 0.000134
2 2 0.022955 0.054364 0.821770 0.088020 0.012892
2 2 0.005775 0.026212 0.947941 0.019234 0.000838
2 2 0.002944 0.011741 0.807012 0.177435 0.000867
2 2 0.006222 0.012057 0.821932 0.159395 0.000394
2 3 0.004656 0.006677 0.514571 0.473968 0.000127
2 3 0.000351 0.007494 0.837633 0.154183 0.000338
2 3 0.007073 0.021527 0.821397 0.141892 0.008112
2 3 0.002115 0.013633 0.867996 0.115314 0.000943
2 3 0.004306 0.017505 0.769733 0.205559 0.002896
2 3 0.002953 0.016632 0.855236 0.124548 0.000631
2 3 0.024912 0.019005 0.535206 0.417683 0.003194
3 3 0.010825 0.012244 0.247170 0.727545 0.002216
3 3 0.003194 0.005104 0.201869 0.788949 0.000883
3 3 0.001787 0.003442 0.221654 0.772677 0.000439
