0 0 0.973764 0.015215 0.006551 0.000010 0.004459
0 0 0.972865 0.019766 0.003657 0.000049 0.003664
0 0 0.990455 0.006719 0.001465 0.000005 0.001356
0 0 0.998505 0.001025 0.000151 0.000001 0.000318
0 0 0.992252 0.005836 0.000815 0.000009 0.001088
0 0 0.983552 0.012329 0.001972 0.000023 0.002124
0 0 0.990900 0.006996 0.000955 0.000010 0.001139
0 0 0.984656 0.011319 0.001731 0.000030 0.002263
0 0 0.991919 0.006122 0.000867 0.000008 0.001084
0 0 0.983702 0.011848 0.002163 0.000020 0.002267
0 0 0.945293 0.036967 0.009056 0.000140 0.008545
0 0 0.986329 0.010091 0.002032 0.000007 0.001541
0 0 0.993209 0.004957 0.000720 0.000009 0.001105
0 0 0.975536 0.017570 0.002963 0.000070 0.003860
0 0 0.983292 0.012756 0.001851 0.000028 0.002073
0 0 0.967685 0.020624 0.005272 0.000074 0.006346
0 0 0.960629 0.027014 0.006346 0.000074 0.005937
0 0 0.990992 0.005720 0.001007 0.000025 0.002255
0 0 0.985025 0.010619 0.002020 0.000019 0.002317
0 0 0.993982 0.004407 0.000658 0.000006 0.000946
0 0 0.976862 0.015867 0.003562 0.000032 0.003677
0 0 0.988626 0.008161 0.001305 0.000020 0.001888
0 0 0.984427 0.010075 0.002617 0.000015 0.002866
0 0 0.992354 0.005622 0.000901 0.000007 0.001116
0 0 0.978753 0.014816 0.003890 0.000010 0.002531
0 0 0.996623 0.002427 0.000351 0.000003 0.000596
0 0 0.979632 0.013798 0.002995 0.000033 0.003541
0 0 0.979390 0.012453 0.003471 0.000034 0.004652
0 0 0.991751 0.005674 0.000908 0.000016 0.001650
0 0 0.978110 0.014015 0.003053 0.000063 0.004758
0 0 0.992824 0.005497 0.000741 0.000007 0.000931
0 0 0.986689 0.008670 0.001909 0.000020 0.002712
0 0 0.994447 0.003741 0.000593 0.000009 0.001210
0 0 0.994023 0.003548 0.000696 0.000012 0.001721
0 0 0.979496 0.014251 0.002433 0.000067 0.003753
0 0 0.965282 0.024813 0.004257 0.000137 0.005510
0 0 0.968305 0.020954 0.003944 0.000171 0.006626
0 0 0.955792 0.031333 0.006255 0.000130 0.006490
0 0 0.977504 0.016819 0.002595 0.000052 0.003031
0 0 0.983638 0.010296 0.002083 0.000053 0.003930
0 0 0.960245 0.027447 0.005888 0.000105 0.006314
0 0 0.966428 0.021531 0.005029 0.000110 0.006902
0 0 0.994955 0.003163 0.000535 0.000010 0.001336
0 0 0.981228 0.012926 0.002216 0.000061 0.003569
0 0 0.912698 0.068633 0.010638 0.000303 0.007727
0 0 0.733046 0.213650 0.034381 0.001537 0.017385
0 0 0.832318 0.123710 0.025442 0.000566 0.017964
0 0 0.632365 0.267307 0.057272 0.002846 0.040210
1 1 0.198220 0.557596 0.170621 0.001256 0.072308
2 1 0.167184 0.273812 0.492789 0.004896 0.061320
2 1 0.023029 0.320618 0.616936 0.003142 0.036275
2 1 0.004670 0.150848 0.828119 0.000736 0.015627
2 1 0.002690 0.082899 0.896897 0.013080 0.004434
2 2 0.000951 0.026571 0.951560 0.016858 0.004060
2 2 0.001433 0.040274 0.954048 0.002198 0.002047
2 2 0.000480 0.016153 0.976243 0.006911 0.000213
2 2 0.000046 0.003130 0.992572 0.004041 0.000210
2 2 0.007751 0.033043 0.916196 0.023633 0.019376
2 2 0.003857 0.022320 0.945358 0.019252 0.009212
2 2 0.000065 0.001997 0.955807 0.040130 0.002000
2 2 0.000144 0.002563 0.906529 0.083360 0.007405
2 2 0.001338 0.007336 0.935911 0.050101 0.005314
2 2 0.000038 0.000961 0.735198 0.263530 0.000273
2 2 0.000032 0.000441 0.635258 0.364203 0.000065
3 2 0.000178 0.000775 0.453899 0.544905 0.000244
3 2 0.000124 0.000349 0.367486 0.631988 0.000053
2 2 0.000172 0.002510 0.500368 0.494684 0.002266
2 3 0.000213 0.001390 0.644785 0.353356 0.000256
3 3 0.000006 0.000018 0.191497 0.808477 0.000001
3 3 0.000017 0.000036 0.079949 0.919991 0.000009
3 3 0.000233 0.000371 0.244588 0.754700 0.000109
3 3 0.000045 0.000041 0.036111 0.963798 0.000005
3 3 0.000043 0.000117 0.056000 0.943783 0.000056
3 3 0.000002 0.000003 0.024936 0.975059 0.000000
3 3 0.000094 0.000259 0.063560 0.935848 0.000240
3 3 0.000183 0.000123 0.043657 0.955999 0.000038
3 3 0.000000 0.000001 0.048836 0.951162 0.000000
3 3 0.000024 0.000023 0.028364 0.971584 0.000004
3 3 0.000107 0.000074 0.060406 0.939406 0.000007
3 3 0.000069 0.000019 0.032283 0.967624 0.000005
3 3 0.000019 0.000014 0.021342 0.978621 0.000004
3 3 0.000386 0.000094 0.015858 0.983614 0.000048
3 3 0.000005 0.000008 0.016513 0.983471 0.000003
3 3 0.000014 0.000020 0.021420 0.978543 0.000003
3 3 0.000001 0.000002 0.011581 0.988414 0.000001
3 3 0.000002 0.000002 0.008961 0.991035 0.000001
3 3 0.000006 0.000004 0.014198 0.985790 0.000002
3 3 0.000001 0.000001 0.019729 0.980270 0.000000
3 3 0.000001 0.000001 0.009958 0.990040 0.000000
3 3 0.000141 0.000113 0.035316 0.964399 0.000032
3 3 0.000003 0.000002 0.013022 0.986973 0.000001
3 3 0.000003 0.000002 0.005951 0.994042 0.000001
3 3 0.000004 0.000004 0.025943 0.974048 0.000001
3 3 0.000000 0.000000 0.011690 0.988309 0.000000
3 3 0.000001 0.000001 0.005255 0.994743 0.000000
3 3 0.000007 0.000009 0.006993 0.992987 0.000005
3 3 0.000001 0.000001 0.005687 0.994310 0.000000
3 3 0.000000 0.000001 0.002912 0.997086 0.000000
3 3 0.000005 0.000005 0.006421 0.993566 0.000003
3 3 0.000029 0.000013 0.011644 0.988308 0.000006
3 3 0.000003 0.000001 0.008988 0.991008 0.000000
3 3 0.000008 0.000007 0.012063 0.987919 0.000003
3 3 0.000001 0.000001 0.011197 0.988801 0.000000
3 3 0.000007 0.000002 0.012657 0.987334 0.000001
3 3 0.000002 0.000002 0.007726 0.992269 0.000000
3 3 0.000026 0.000009 0.017211 0.982752 0.000002
3 3 0.000024 0.000020 0.027751 0.972202 0.000003
3 3 0.004178 0.001400 0.284664 0.709628 0.000130
3 3 0.000249 0.001411 0.081680 0.916120 0.000540
3 3 0.001279 0.002656 0.275879 0.719782 0.000404
3 3 0.000055 0.000236 0.189422 0.810274 0.000013
3 3 0.000072 0.000198 0.072405 0.927304 0.000021
3 3 0.000068 0.000237 0.161490 0.838180 0.000025
3 3 0.000027 0.000056 0.130772 0.869143 0.000002
3 3 0.000083 0.000084 0.050523 0.949300 0.000011
3 3 0.000185 0.000118 0.080938 0.918748 0.000011
3 3 0.000031 0.000017 0.015924 0.984022 0.000007
3 3 0.000016 0.000020 0.031285 0.968675 0.000004
3 3 0.000004 0.000004 0.009996 0.989995 0.000001
3 3 0.000179 0.000068 0.026111 0.973621 0.000021
3 3 0.000230 0.000091 0.019803 0.979841 0.000036
3 3 0.000075 0.000026 0.030002 0.969892 0.000004
3 3 0.000047 0.000037 0.020913 0.978994 0.000009
3 3 0.000034 0.000012 0.010947 0.989003 0.000004
3 3 0.000039 0.000013 0.007513 0.992422 0.000014
3 3 0.000005 0.000003 0.005747 0.994244 0.000002
3 3 0.000005 0.000002 0.008762 0.991231 0.000001
3 3 0.000002 0.000001 0.003553 0.996442 0.000001
3 3 0.000001 0.000001 0.005502 0.994497 0.000000
3 3 0.000001 0.000001 0.020859 0.979139 0.000000
3 3 0.000003 0.000003 0.010287 0.989706 0.000001
3 3 0.000024 0.000008 0.003493 0.996460 0.000014
3 3 0.000005 0.000003 0.007482 0.992509 0.000001
3 3 0.000101 0.000018 0.010478 0.989389 0.000013
3 3 0.000143 0.000029 0.021924 0.977894 0.000010
3 3 0.000059 0.000018 0.013916 0.986000 0.000007
3 3 0.000005 0.000004 0.008030 0.991959 0.000002
3 3 0.000003 0.000002 0.010777 0.989217 0.000001
3 3 0.000002 0.000002 0.008486 0.991510 0.000001
3 3 0.000005 0.000002 0.006081 0.993911 0.000001
3 3 0.000002 0.000002 0.005282 0.994713 0.000001
3 3 0.000002 0.000001 0.003583 0.996413 0.000001
3 3 0.000002 0.000001 0.006356 0.993641 0.000000
3 3 0.000165 0.000021 0.004346 0.995440 0.000029
3 3 0.000015 0.000004 0.008814 0.991165 0.000001
3 3 0.000010 0.000006 0.006894 0.993087 0.000003
3 3 0.000000 0.000001 0.009263 0.990736 0.000000
3 3 0.000013 0.000003 0.005956 0.994026 0.000002
3 3 0.000069 0.000027 0.011509 0.988373 0.000022
3 3 0.000007 0.000005 0.007490 0.992496 0.000002
3 3 0.000029 0.000041 0.027055 0.972863 0.000012
2 2 0.012975 0.006426 0.540582 0.439657 0.000359
2 2 0.015671 0.018347 0.574812 0.389890 0.001281
2 2 0.084671 0.254873 0.552939 0.101776 0.005740
2 2 0.037653 0.087478 0.722400 0.146922 0.005548
2 2 0.027812 0.187095 0.751505 0.029702 0.003886
2 2 0.021424 0.103709 0.852389 0.021581 0.000898
2 2 0.056491 0.089427 0.835618 0.016160 0.002304
2 2 0.006287 0.048406 0.923966 0.020741 0.000599
2 2 0.016977 0.070256 0.902550 0.008863 0.001354
2 2 0.003012 0.040218 0.937074 0.019396 0.000299
2 2 0.004436 0.028363 0.943160 0.023290 0.000751
2 2 0.002254 0.013091 0.940247 0.044112 0.000297
2 2 0.002774 0.020534 0.937943 0.038179 0.000569
2 2 0.001256 0.012357 0.975022 0.010920 0.000446
2 2 0.002937 0.046006 0.935662 0.009298 0.006096
2 2 0.001679 0.053508 0.888599 0.053744 0.002471
2 2 0.001153 0.006459 0.843553 0.148646 0.000189
2 2 0.179033 0.188542 0.603545 0.024379 0.004501
2 2 0.005377 0.067899 0.875938 0.047515 0.003271
2 2 0.302101 0.317038 0.359190 0.013958 0.007712
2 2 0.001858 0.052449 0.924249 0.019289 0.002154
2 2 0.000125 0.001795 0.935742 0.062281 0.000056
2 2 0.000535 0.004248 0.949451 0.044843 0.000924
0 0 0.809078 0.151086 0.032603 0.000367 0.006866
0 0 0.662186 0.286372 0.038725 0.001008 0.011708
0 1 0.638672 0.280891 0.054914 0.001989 0.023534
2 2 0.035883 0.165541 0.770471 0.021956 0.006149
2 2 0.025978 0.130279 0.834526 0.007722 0.001495
2 2 0.007230 0.066033 0.912866 0.012661 0.001210
0 1 0.475150 0.205461 0.311801 0.001672 0.005916
1 1 0.311787 0.538860 0.118570 0.003490 0.027293
2 1 0.007223 0.123279 0.861465 0.004124 0.003909
2 2 0.010020 0.099857 0.867765 0.020169 0.002190
2 2 0.003900 0.033050 0.952903 0.008556 0.001591
2 2 0.029495 0.161874 0.784281 0.021205 0.003145
2 2 0.000699 0.022076 0.974673 0.002273 0.000279
2 2 0.000107 0.005122 0.988089 0.006556 0.000126
2 2 0.000068 0.001239 0.979831 0.018487 0.000375
2 2 0.000076 0.000984 0.933990 0.064710 0.000239
2 2 0.000492 0.011363 0.953943 0.032261 0.001941
2 2 0.000858 0.033626 0.819177 0.056968 0.089371
2 2 0.000079 0.007321 0.968220 0.018388 0.005992
2 2 0.000597 0.035911 0.889801 0.025638 0.048053
2 2 0.001729 0.052731 0.936350 0.003917 0.005272
2 2 0.002139 0.058357 0.572586 0.004244 0.362674
2 2 0.002766 0.094190 0.734943 0.002258 0.165844
4 2 0.004376 0.071467 0.164501 0.000441 0.759215
2 2 0.003993 0.219510 0.501549 0.001183 0.273765
2 2 0.007467 0.279034 0.491364 0.000820 0.221315
2 2 0.001052 0.121541 0.792950 0.002060 0.082396
2 2 0.007768 0.241469 0.699183 0.002056 0.049525
2 2 0.000317 0.040613 0.915253 0.018988 0.024830
2 2 0.008993 0.205505 0.760661 0.002324 0.022518
2 2 0.001337 0.048971 0.914649 0.006879 0.028166
2 2 0.001635 0.021837 0.950828 0.009538 0.016162
2 2 0.001778 0.071570 0.783972 0.032588 0.110091
2 2 0.000070 0.002713 0.988912 0.007977 0.000329
2 2 0.004200 0.049589 0.888241 0.000628 0.057342
2 2 0.000973 0.048579 0.871629 0.027475 0.051344
2 2 0.000060 0.003159 0.989540 0.006301 0.000939
2 2 0.000298 0.020063 0.943790 0.004988 0.030861
2 2 0.000128 0.007493 0.960194 0.018369 0.013816
2 2 0.000777 0.019431 0.864060 0.110780 0.004952
2 2 0.000802 0.039010 0.831845 0.110349 0.017995
2 2 0.000051 0.008375 0.964783 0.021870 0.004921
2 2 0.000916 0.028361 0.869464 0.076431 0.024828
2 2 0.001876 0.012066 0.949162 0.034509 0.002387
2 2 0.002996 0.024180 0.821155 0.147241 0.004427
2 2 0.000166 0.007566 0.876997 0.111052 0.004219
2 2 0.001592 0.018715 0.890899 0.086076 0.002719
2 2 0.002915 0.035774 0.838172 0.069203 0.053936
2 2 0.009155 0.010246 0.678937 0.301023 0.000639
0 0 0.812246 0.155167 0.025148 0.000322 0.007116
2 1 0.166359 0.351119 0.429803 0.041843 0.010876
2 2 0.001896 0.032820 0.952628 0.011455 0.001201
2 2 0.000672 0.015734 0.967995 0.014898 0.000701
2 2 0.000436 0.010393 0.960251 0.028622 0.000299
2 2 0.002481 0.029020 0.960855 0.005321 0.002323
2 2 0.000513 0.010826 0.926703 0.061474 0.000484
2 2 0.000569 0.003906 0.828203 0.167251 0.000072
2 2 0.001448 0.029884 0.885482 0.081653 0.001533
2 2 0.004636 0.015958 0.788965 0.189131 0.001309
2 2 0.001827 0.010547 0.691439 0.294805 0.001383
2 2 0.000063 0.000400 0.917437 0.082074 0.000025
2 2 0.000756 0.008270 0.835077 0.155312 0.000584
2 2 0.000094 0.000377 0.626841 0.372670 0.000018
2 2 0.000141 0.001836 0.696679 0.301093 0.000251
2 2 0.001545 0.007271 0.813985 0.175862 0.001337
2 2 0.002762 0.002017 0.674319 0.320783 0.000120
2 2 0.000791 0.005370 0.559524 0.433842 0.000473
3 2 0.002098 0.005254 0.482368 0.508097 0.002183
3 2 0.000018 0.000163 0.235324 0.764483 0.000012
2 2 0.288405 0.130615 0.565141 0.013083 0.002755
2 2 0.001895 0.045867 0.929307 0.021196 0.001735
2 2 0.001982 0.020368 0.954436 0.022190 0.001025
2 2 0.001658 0.003410 0.892633 0.102021 0.000278
0 1 0.411277 0.330799 0.241009 0.006985 0.009932
2 2 0.013779 0.063256 0.911483 0.010478 0.001004
2 2 0.029628 0.154732 0.794135 0.018202 0.003303
2 2 0.001380 0.023647 0.949767 0.024911 0.000296
2 2 0.004895 0.026499 0.959777 0.008252 0.000576
2 2 0.001825 0.010755 0.978159 0.009043 0.000217
2 2 0.000826 0.008904 0.911889 0.078148 0.000233
2 2 0.006907 0.023652 0.896322 0.072490 0.000630
2 2 0.001742 0.020103 0.920192 0.057400 0.000562
2 2 0.002558 0.014091 0.845437 0.137589 0.000325
2 2 0.000872 0.004079 0.680573 0.314376 0.000100
2 2 0.010956 0.027817 0.738070 0.220106 0.003051
2 2 0.001194 0.003408 0.706678 0.288635 0.000085
2 2 0.011278 0.018266 0.817596 0.152054 0.000806
2 2 0.000204 0.000913 0.654881 0.343952 0.000051
2 2 0.000528 0.003948 0.892729 0.102168 0.000627
2 2 0.000079 0.000348 0.569338 0.430230 0.000005
2 2 0.000498 0.001756 0.511010 0.486686 0.000050
2 2 0.001430 0.004831 0.537402 0.455998 0.000339
3 2 0.000842 0.005136 0.495016 0.498470 0.000536
3 2 0.005810 0.004625 0.225856 0.763302 0.000407
3 3 0.007239 0.003808 0.195720 0.792820 0.000412
3 3 0.000389 0.000399 0.168976 0.830209 0.000026
3 3 0.000211 0.002892 0.228305 0.767030 0.001563
3 3 0.000747 0.001272 0.117129 0.880508 0.000346
3 3 0.000560 0.000451 0.089084 0.909842 0.000062
3 3 0.001187 0.000942 0.078071 0.919304 0.000497
3 3 0.000007 0.000050 0.101767 0.898172 0.000004
3 3 0.000652 0.000317 0.099160 0.899836 0.000035
3 3 0.000168 0.000197 0.042692 0.956877 0.000065
3 3 0.000715 0.000232 0.035292 0.963679 0.000082
3 3 0.000152 0.000050 0.021538 0.978244 0.000016
3 3 0.000364 0.000333 0.032418 0.966786 0.000099
3 3 0.000152 0.000292 0.020617 0.978840 0.000098
3 3 0.000116 0.000190 0.025953 0.973706 0.000035
3 3 0.000451 0.000209 0.023123 0.976123 0.000094
3 3 0.000262 0.000390 0.017748 0.981427 0.000172
3 3 0.000358 0.000140 0.009335 0.990030 0.000137
3 3 0.002535 0.000905 0.039764 0.956445 0.000352
3 3 0.002536 0.000586 0.044752 0.951994 0.000133
3 3 0.000354 0.000173 0.021792 0.977628 0.000052
3 3 0.000295 0.000179 0.039047 0.960422 0.000057
3 3 0.001361 0.000172 0.034877 0.963544 0.000046
3 3 0.001698 0.003815 0.101915 0.892027 0.000545
3 3 0.007619 0.014485 0.221642 0.754103 0.002151
2 3 0.003887 0.012182 0.563615 0.419991 0.000325
3 3 0.048206 0.069680 0.371512 0.505276 0.005325
3 3 0.048345 0.027417 0.334222 0.588561 0.001456
3 3 0.003656 0.004707 0.215812 0.775516 0.000309
3 3 0.012854 0.022298 0.236309 0.719553 0.008987
3 3 0.013228 0.042976 0.399693 0.540972 0.003130
3 3 0.002123 0.001564 0.101553 0.894571 0.000189
3 3 0.032870 0.012796 0.130715 0.820238 0.003380
3 3 0.024417 0.006726 0.200459 0.767711 0.000687
3 3 0.000159 0.000142 0.032569 0.967078 0.000052
3 3 0.000605 0.000655 0.032258 0.966088 0.000393
3 3 0.001024 0.000372 0.027200 0.971274 0.000130
3 3 0.000664 0.000338 0.043994 0.954944 0.000060
3 3 0.000409 0.000238 0.035241 0.964052 0.000059
3 3 0.000291 0.000313 0.014951 0.984309 0.000136
3 3 0.000661 0.001349 0.053166 0.944499 0.000325
3 3 0.000850 0.000407 0.018820 0.979696 0.000226
3 3 0.000628 0.001100 0.053747 0.944303 0.000222
3 3 0.000190 0.000088 0.013561 0.986128 0.000032
3 3 0.001978 0.000910 0.055413 0.941521 0.000178
3 3 0.000031 0.000023 0.006887 0.993040 0.000018
3 3 0.000802 0.000316 0.024491 0.974275 0.000116
3 3 0.000418 0.000083 0.026692 0.972786 0.000021
3 3 0.002477 0.000887 0.030192 0.965985 0.000459
3 3 0.000715 0.000329 0.022251 0.976604 0.000101
3 3 0.059765 0.003679 0.096891 0.838118 0.001548
3 3 0.000067 0.000047 0.005545 0.994308 0.000033
3 3 0.002141 0.000382 0.043021 0.954375 0.000080
3 3 0.000073 0.000082 0.021319 0.978499 0.000028
3 3 0.000024 0.000062 0.015034 0.984859 0.000021
3 3 0.000145 0.000090 0.008933 0.990786 0.000046
3 3 0.011867 0.002665 0.054510 0.929451 0.001507
3 3 0.000475 0.000143 0.013694 0.985600 0.000089
3 3 0.000124 0.000149 0.016938 0.982735 0.000054
3 3 0.000566 0.000397 0.018792 0.979967 0.000278
2 2 0.395322 0.177444 0.401500 0.019537 0.006197
2 2 0.005428 0.051086 0.861281 0.081338 0.000866
2 2 0.048307 0.099921 0.744238 0.105589 0.001945
2 2 0.034092 0.224116 0.730683 0.006452 0.004657
2 2 0.021537 0.151960 0.813498 0.011196 0.001808
2 2 0.006497 0.089374 0.866664 0.035200 0.002265
2 2 0.018299 0.098369 0.875500 0.007373 0.000458
2 2 0.017956 0.148764 0.741079 0.088856 0.003344
2 2 0.060440 0.087191 0.807936 0.042625 0.001808
2 2 0.007374 0.102109 0.880933 0.007404 0.002181
2 2 0.001432 0.028116 0.943682 0.026508 0.000262
2 2 0.406716 0.141624 0.438903 0.007634 0.005123
2 2 0.046738 0.269911 0.663088 0.012245 0.008018
2 2 0.002460 0.028359 0.968276 0.000492 0.000412
2 2 0.000463 0.005903 0.983920 0.009687 0.000026
2 2 0.030886 0.107518 0.847545 0.013066 0.000985
2 2 0.008500 0.086120 0.894562 0.009157 0.001661
2 2 0.001493 0.026824 0.962340 0.009115 0.000228
2 2 0.002388 0.049644 0.932439 0.014682 0.000847
2 2 0.001745 0.049346 0.945017 0.002174 0.001718
2 2 0.002012 0.023887 0.969532 0.003014 0.001555
2 2 0.001419 0.020383 0.967352 0.010549 0.000297
2 2 0.000875 0.005209 0.931153 0.062689 0.000073
2 2 0.000513 0.002733 0.805190 0.191421 0.000143
2 2 0.003614 0.099327 0.857097 0.033031 0.006931
2 2 0.001613 0.036048 0.926481 0.033251 0.002607
2 2 0.000129 0.013320 0.963295 0.020321 0.002935
2 2 0.000232 0.006908 0.954529 0.036711 0.001621
2 2 0.000711 0.010201 0.969371 0.017644 0.002074
2 2 0.002665 0.050561 0.921870 0.021785 0.003119
2 2 0.000588 0.006534 0.957356 0.035219 0.000304
2 2 0.002218 0.020191 0.961851 0.011470 0.004270
2 1 0.138374 0.303521 0.542325 0.008186 0.007594
2 2 0.003963 0.047393 0.922177 0.025704 0.000764
2 2 0.002079 0.036967 0.957090 0.002166 0.001698
2 2 0.007901 0.050878 0.925594 0.015003 0.000624
2 2 0.001732 0.048661 0.936819 0.011392 0.001396
2 2 0.001150 0.028199 0.966741 0.003616 0.000295
2 2 0.004296 0.027140 0.944458 0.021450 0.002656
2 2 0.005010 0.113415 0.876037 0.000924 0.004615
2 2 0.058426 0.196073 0.726254 0.015301 0.003946
2 2 0.000846 0.018504 0.955965 0.024482 0.000202
2 2 0.001693 0.030861 0.961902 0.004892 0.000651
2 2 0.001996 0.043433 0.952293 0.001133 0.001145
0 1 0.635564 0.200059 0.158047 0.000793 0.005537
1 1 0.272408 0.368491 0.337025 0.003591 0.018485
2 2 0.022752 0.049767 0.914473 0.012096 0.000913
2 2 0.002956 0.021784 0.967429 0.007657 0.000174
2 2 0.000137 0.002336 0.977574 0.018922 0.001031
2 4 0.001228 0.089243 0.877156 0.000915 0.031458
4 4 0.004275 0.034923 0.100397 0.000341 0.860065
4 4 0.002963 0.031679 0.100759 0.000363 0.864236
4 4 0.011352 0.007519 0.013181 0.000136 0.967810
4 4 0.009154 0.042883 0.044629 0.000061 0.903272
4 4 0.009620 0.007155 0.012154 0.000064 0.971007
4 4 0.010136 0.019735 0.027152 0.000281 0.942695
4 4 0.005584 0.014425 0.049858 0.000403 0.929729
4 4 0.005984 0.024552 0.033664 0.000060 0.935740
4 4 0.003033 0.067108 0.221065 0.000167 0.708628
4 4 0.040534 0.004939 0.006962 0.000221 0.947343
4 4 0.015686 0.092048 0.113790 0.000210 0.778266
4 4 0.011614 0.012055 0.010468 0.000007 0.965855
4 4 0.001638 0.027629 0.086357 0.000038 0.884338
4 4 0.004392 0.104062 0.366830 0.000496 0.524220
4 4 0.023851 0.039671 0.023196 0.000078 0.913205
2 4 0.006058 0.198856 0.573301 0.000189 0.221596
4 4 0.005243 0.022623 0.023162 0.000060 0.948913
4 4 0.006800 0.016945 0.017068 0.000055 0.959132
4 4 0.002685 0.041831 0.083010 0.000100 0.872373
4 4 0.007432 0.205759 0.306491 0.000551 0.479768
4 4 0.005925 0.192887 0.156770 0.000328 0.644090
4 4 0.002648 0.006647 0.012295 0.000009 0.978401
1 1 0.134532 0.502755 0.170689 0.000119 0.191906
1 1 0.040838 0.483753 0.345080 0.000668 0.129660
2 1 0.030712 0.279792 0.674469 0.002211 0.012816
2 2 0.001357 0.109346 0.850995 0.003223 0.035078
2 2 0.000233 0.023667 0.974060 0.000621 0.001419
2 2 0.000276 0.016994 0.975738 0.002641 0.004351
2 2 0.000256 0.019723 0.977570 0.001599 0.000852
2 2 0.000288 0.033531 0.953048 0.000914 0.012218
2 2 0.000180 0.023413 0.973429 0.000966 0.002012
2 2 0.001232 0.074478 0.854168 0.006124 0.063998
2 2 0.000700 0.046187 0.927765 0.000059 0.025288
2 2 0.000255 0.033841 0.957097 0.001649 0.007158
2 2 0.000768 0.029813 0.952938 0.010323 0.006158
2 2 0.000524 0.035072 0.932226 0.015458 0.016720
2 2 0.000491 0.028031 0.969343 0.000664 0.001471
2 2 0.000470 0.018637 0.973503 0.002969 0.004421
2 2 0.000263 0.008737 0.974053 0.014180 0.002767
2 2 0.000530 0.040987 0.873134 0.022261 0.063088
2 2 0.000160 0.021955 0.957897 0.002595 0.017393
2 2 0.000098 0.009480 0.979108 0.008620 0.002694
2 2 0.000691 0.030959 0.937373 0.001495 0.029482
2 2 0.000644 0.024810 0.945354 0.006740 0.022452
2 2 0.000154 0.014246 0.969517 0.001625 0.014459
2 2 0.000454 0.027256 0.933756 0.002300 0.036234
2 2 0.000060 0.007471 0.984008 0.006540 0.001922
2 2 0.000308 0.014589 0.957012 0.015722 0.012369
2 2 0.000070 0.005279 0.984654 0.005092 0.004905
2 2 0.000171 0.021201 0.961253 0.006356 0.011020
2 2 0.000594 0.017262 0.966148 0.011423 0.004573
2 2 0.001279 0.034430 0.937699 0.002182 0.024410
2 2 0.000548 0.018364 0.947881 0.026198 0.007008
2 2 0.000621 0.021725 0.900011 0.037289 0.040352
2 2 0.003073 0.032346 0.927035 0.030725 0.006820
2 2 0.000600 0.030860 0.950611 0.004396 0.013533
2 2 0.000883 0.009165 0.980334 0.008350 0.001268
2 2 0.000294 0.003997 0.956263 0.038894 0.000552
2 2 0.013012 0.063421 0.861869 0.046225 0.015473
2 2 0.003053 0.037392 0.955894 0.003042 0.000619
2 2 0.000104 0.001960 0.981687 0.016089 0.000159
2 2 0.000611 0.016284 0.973393 0.009166 0.000546
2 2 0.000104 0.003553 0.985169 0.010961 0.000214
2 2 0.001851 0.036491 0.927248 0.027933 0.006476
2 2 0.000215 0.006315 0.884011 0.108270 0.001190
2 2 0.000955 0.017943 0.953118 0.016300 0.011683
2 2 0.000176 0.001468 0.923684 0.074542 0.000130
2 2 0.001582 0.022911 0.902516 0.064201 0.008791
2 2 0.000402 0.008990 0.986064 0.004321 0.000223
2 2 0.001514 0.022005 0.904232 0.060857 0.011393
2 2 0.001347 0.007668 0.958104 0.032044 0.000838
2 2 0.001462 0.024417 0.939774 0.029916 0.004432
2 2 0.000224 0.004654 0.878677 0.116354 0.000091
2 2 0.000644 0.017502 0.961386 0.016068 0.004400
2 2 0.000620 0.006090 0.936989 0.056076 0.000225
2 2 0.000355 0.006935 0.902213 0.087905 0.002593
2 2 0.001237 0.014960 0.954988 0.026174 0.002642
2 2 0.002140 0.013967 0.905977 0.076033 0.001883
2 2 0.001750 0.028821 0.880000 0.071922 0.017507
2 2 0.005384 0.048373 0.839816 0.096511 0.009916
2 2 0.001169 0.037911 0.869272 0.078346 0.013302
2 2 0.000643 0.006633 0.760129 0.231925 0.000670
2 2 0.000906 0.010170 0.966471 0.020168 0.002285
2 2 0.000044 0.001281 0.699845 0.297844 0.000987
2 2 0.002625 0.021032 0.823689 0.143877 0.008777
2 2 0.000343 0.003982 0.582051 0.412200 0.001424
2 2 0.005008 0.012938 0.829767 0.144086 0.008201
2 2 0.002218 0.022942 0.928362 0.039705 0.006773
2 2 0.007541 0.037339 0.839455 0.100867 0.014798
2 2 0.011462 0.016191 0.537457 0.426027 0.008864
2 2 0.001094 0.034724 0.876786 0.059540 0.027855
2 2 0.001211 0.004397 0.831214 0.162985 0.000193
2 2 0.000793 0.015275 0.853659 0.122155 0.008118
2 2 0.000108 0.002163 0.861439 0.135866 0.000423
2 2 0.001144 0.008616 0.587012 0.400653 0.002574
2 2 0.004179 0.022618 0.798011 0.172236 0.002955
2 2 0.000091 0.002122 0.645194 0.352233 0.000359
2 2 0.001271 0.009305 0.727307 0.260456 0.001660
2 2 0.009181 0.018280 0.702941 0.262350 0.007248
2 2 0.001048 0.002973 0.799790 0.195840 0.000350
2 2 0.001540 0.007222 0.661980 0.328135 0.001124
2 2 0.000028 0.000798 0.755327 0.243574 0.000273
3 2 0.001478 0.004284 0.436311 0.555984 0.001943
2 2 0.005532 0.011466 0.626661 0.349163 0.007178
2 2 0.001974 0.015477 0.767774 0.209635 0.005140
2 2 0.000029 0.000873 0.562309 0.436752 0.000037
3 2 0.003271 0.012572 0.414242 0.537382 0.032533
2 2 0.002898 0.018462 0.548960 0.422566 0.007114
3 2 0.005767 0.009479 0.399107 0.580068 0.005578
2 2 0.020488 0.011698 0.698498 0.269055 0.000262
2 2 0.011727 0.078447 0.894686 0.012119 0.003021
2 2 0.012492 0.034192 0.938985 0.012606 0.001726
2 2 0.003068 0.060901 0.912678 0.021414 0.001938
2 2 0.004280 0.051219 0.924719 0.019241 0.000541
2 2 0.041932 0.105634 0.805911 0.043583 0.002940
2 2 0.019830 0.121582 0.853177 0.003142 0.002270
2 2 0.080381 0.148569 0.760520 0.007593 0.002937
2 2 0.009998 0.108848 0.870227 0.009091 0.001836
2 2 0.004023 0.042801 0.948831 0.003790 0.000555
2 2 0.003192 0.070643 0.921586 0.002723 0.001856
2 2 0.004549 0.035804 0.939855 0.019295 0.000498
2 2 0.007589 0.110127 0.875271 0.004546 0.002466
2 2 0.010353 0.097429 0.881033 0.009173 0.002013
2 2 0.000387 0.010276 0.984198 0.004937 0.000202
2 2 0.020266 0.131737 0.841492 0.003095 0.003409
2 0 0.252520 0.366069 0.373528 0.000945 0.006937
2 1 0.103724 0.204171 0.627602 0.057156 0.007348
2 1 0.001735 0.055471 0.925696 0.014968 0.002129
2 2 0.004427 0.021342 0.970146 0.003545 0.000540
2 2 0.006551 0.105344 0.882786 0.002956 0.002362
2 2 0.000534 0.013602 0.978727 0.006312 0.000826
2 2 0.001377 0.049700 0.945897 0.001324 0.001702
2 2 0.000326 0.040164 0.952890 0.000552 0.006068
2 2 0.001241 0.044842 0.940606 0.010911 0.002400
2 2 0.000884 0.035828 0.958457 0.002486 0.002345
2 2 0.001180 0.064865 0.905218 0.006103 0.022634
2 1 0.057626 0.041889 0.876107 0.023984 0.000393
2 1 0.033860 0.199520 0.752579 0.010365 0.003677
2 2 0.000300 0.007511 0.990476 0.001599 0.000114
2 2 0.005069 0.037129 0.950439 0.005907 0.001457
2 2 0.006559 0.038224 0.937958 0.016426 0.000833
2 2 0.001161 0.012600 0.980854 0.005138 0.000247
2 2 0.008597 0.042525 0.947019 0.001465 0.000393
2 2 0.000287 0.013549 0.975615 0.006501 0.004048
2 2 0.000310 0.026790 0.967732 0.001863 0.003305
2 2 0.033397 0.038481 0.923541 0.003711 0.000871
2 2 0.017296 0.092725 0.884920 0.002302 0.002757
2 2 0.002619 0.095210 0.893335 0.001131 0.007705
2 2 0.002041 0.033122 0.959495 0.002576 0.002766
2 2 0.007869 0.057343 0.917529 0.012635 0.004624
0 0 0.446195 0.309234 0.230928 0.001262 0.012382
0 0 0.963617 0.026441 0.005892 0.000036 0.004014
0 0 0.964980 0.027071 0.004609 0.000044 0.003296
0 0 0.993267 0.004295 0.000839 0.000010 0.001589
0 0 0.962771 0.027358 0.006093 0.000030 0.003748
0 0 0.958293 0.032255 0.004902 0.000108 0.004442
0 0 0.924585 0.064417 0.007694 0.000084 0.003222
0 0 0.951201 0.037573 0.006271 0.000101 0.004854
0 0 0.933876 0.053280 0.007619 0.000152 0.005072
0 0 0.528565 0.412310 0.049023 0.000916 0.009187
0 0 0.639271 0.312773 0.038964 0.000598 0.008394
0 0 0.952147 0.040874 0.004788 0.000039 0.002153
0 0 0.966267 0.023635 0.004554 0.000102 0.005443
0 0 0.933890 0.051883 0.007910 0.000198 0.006120
0 0 0.930016 0.055217 0.008351 0.000206 0.006210
0 0 0.550450 0.368361 0.061310 0.001779 0.018100
1 1 0.387690 0.488360 0.099533 0.002220 0.022197
0 0 0.906292 0.074414 0.013935 0.000082 0.005277
0 0 0.964266 0.027934 0.004492 0.000049 0.003260
0 0 0.946056 0.042026 0.006413 0.000153 0.005352
0 0 0.950032 0.039361 0.005828 0.000123 0.004656
0 0 0.847097 0.126281 0.018881 0.000169 0.007573
0 0 0.600276 0.341391 0.040020 0.000562 0.017751
0 0 0.568552 0.329245 0.069033 0.000237 0.032933
0 0 0.539355 0.389266 0.049592 0.000839 0.020949
0 1 0.535780 0.338486 0.077868 0.004201 0.043665
1 1 0.154296 0.562361 0.230445 0.004186 0.048711
1 1 0.084921 0.487400 0.376775 0.002879 0.048026
1 1 0.228386 0.560830 0.152544 0.000386 0.057854
2 1 0.036614 0.305042 0.595051 0.008175 0.055117
2 1 0.112535 0.282095 0.569509 0.007325 0.028536
2 2 0.046624 0.299339 0.643913 0.001720 0.008403
2 2 0.004626 0.103299 0.886273 0.001674 0.004128
2 2 0.008410 0.141172 0.839033 0.005161 0.006225
2 2 0.003201 0.049743 0.943870 0.001228 0.001958
2 2 0.001342 0.029104 0.967647 0.001383 0.000525
2 2 0.028309 0.271933 0.687563 0.000483 0.011711
1 2 0.139294 0.445901 0.397423 0.004248 0.013134
0 0 0.617772 0.266514 0.090032 0.000631 0.025051
1 1 0.395527 0.464756 0.098480 0.000714 0.040523
1 1 0.232246 0.384927 0.359710 0.005983 0.017135
1 2 0.137707 0.424433 0.415980 0.001999 0.019881
2 2 0.125964 0.405210 0.453552 0.005170 0.010103
2 2 0.007195 0.082095 0.909343 0.000487 0.000879
2 2 0.006638 0.093161 0.896720 0.001625 0.001857
2 2 0.005655 0.083601 0.909505 0.000084 0.001154
2 2 0.002708 0.023050 0.972099 0.001883 0.000260
2 2 0.002198 0.067053 0.927266 0.000478 0.003005
2 2 0.001411 0.043053 0.954056 0.000353 0.001128
2 2 0.001386 0.042850 0.954576 0.000146 0.001041
2 2 0.000221 0.011872 0.987317 0.000441 0.000149
2 2 0.006139 0.096397 0.895068 0.000197 0.002199
2 2 0.002176 0.085178 0.905975 0.000082 0.006589
2 2 0.009644 0.094521 0.894646 0.000299 0.000890
2 2 0.000157 0.010886 0.988484 0.000287 0.000186
2 2 0.013747 0.060910 0.921590 0.002837 0.000916
2 2 0.000101 0.004737 0.994222 0.000907 0.000032
2 2 0.001894 0.041040 0.953752 0.002658 0.000656
2 2 0.005296 0.080958 0.909925 0.001250 0.002572
2 2 0.011081 0.127927 0.857984 0.000654 0.002353
2 2 0.000356 0.017643 0.981508 0.000236 0.000257
2 2 0.000146 0.012075 0.987408 0.000121 0.000249
2 2 0.000709 0.021050 0.974664 0.003007 0.000570
2 2 0.002047 0.028606 0.962169 0.005760 0.001417
2 2 0.002472 0.061008 0.933553 0.001319 0.001647
2 2 0.000369 0.008373 0.982628 0.008525 0.000105
2 2 0.001439 0.023148 0.972573 0.002520 0.000320
2 2 0.000860 0.011377 0.974997 0.012430 0.000336
2 2 0.000264 0.013395 0.983851 0.001388 0.001103
2 2 0.000504 0.029545 0.967830 0.001045 0.001076
2 2 0.000021 0.001776 0.996964 0.001175 0.000064
2 2 0.001144 0.019998 0.978188 0.000427 0.000243
2 2 0.001335 0.054144 0.940726 0.001470 0.002325
2 2 0.000013 0.004665 0.993622 0.001291 0.000410
2 2 0.000058 0.004818 0.989181 0.004926 0.001017
2 4 0.006477 0.030715 0.921245 0.018721 0.022843
4 4 0.005857 0.035177 0.096957 0.000564 0.861444
4 4 0.007831 0.016010 0.156822 0.004361 0.814976
4 4 0.008045 0.067847 0.135608 0.002773 0.785728
2 4 0.001183 0.165677 0.491168 0.000047 0.341924
4 4 0.003456 0.011671 0.022701 0.000032 0.962140
4 4 0.009735 0.006774 0.016402 0.000160 0.966928
4 4 0.005057 0.014540 0.043769 0.000080 0.936554
4 4 0.002688 0.216335 0.255309 0.000022 0.525646
4 4 0.150073 0.016800 0.014582 0.000166 0.818380
4 4 0.008626 0.037422 0.080996 0.000634 0.872322
4 4 0.014813 0.009924 0.020804 0.000015 0.954444
4 4 0.038116 0.009059 0.016294 0.000027 0.936504
4 4 0.093063 0.006144 0.009560 0.000080 0.891154
4 4 0.036758 0.004517 0.012850 0.000019 0.945856
4 4 0.012999 0.012209 0.014800 0.000150 0.959843
4 4 0.033589 0.007083 0.013167 0.000006 0.946154
4 4 0.014111 0.015550 0.020634 0.000033 0.949671
4 4 0.028416 0.010235 0.008490 0.000034 0.952825
4 4 0.043613 0.010731 0.022202 0.000053 0.923399
4 4 0.016270 0.061330 0.057485 0.000195 0.864721
4 4 0.007283 0.011693 0.028003 0.000148 0.952873
4 4 0.010905 0.037018 0.026663 0.000192 0.925222
4 4 0.020400 0.008158 0.012532 0.000133 0.958776
4 4 0.086463 0.035636 0.014652 0.000154 0.863095
4 4 0.006228 0.281160 0.193420 0.000055 0.519137
1 4 0.290039 0.560954 0.082892 0.000279 0.065836
4 4 0.006968 0.041900 0.040801 0.000024 0.910307
4 4 0.004432 0.053175 0.046198 0.000001 0.896194
4 4 0.000792 0.053899 0.152767 0.000035 0.792507
4 4 0.010057 0.024881 0.014802 0.000124 0.950136
4 4 0.191050 0.014105 0.011521 0.000125 0.783199
4 4 0.101602 0.009341 0.017641 0.000029 0.871388
4 4 0.001931 0.028104 0.040023 0.000015 0.929927
4 4 0.037547 0.010394 0.010842 0.000067 0.941150
4 4 0.009951 0.007176 0.008044 0.000002 0.974827
4 4 0.004821 0.005515 0.009896 0.000010 0.979758
4 4 0.014289 0.022219 0.016530 0.000027 0.946935
4 4 0.006259 0.070079 0.041864 0.000013 0.881785
4 4 0.028586 0.004828 0.007387 0.000132 0.959067
4 4 0.012717 0.050134 0.026362 0.000061 0.910726
4 4 0.008032 0.012341 0.024140 0.000012 0.955475
4 4 0.012048 0.004187 0.009257 0.000026 0.974483
4 4 0.012130 0.009862 0.011990 0.000074 0.965944
4 4 0.005611 0.004437 0.006866 0.000019 0.983067
4 4 0.020903 0.021592 0.018508 0.000036 0.938961
4 4 0.015086 0.009762 0.017144 0.000011 0.957997
4 4 0.056649 0.011919 0.012547 0.000026 0.918859
4 4 0.394410 0.018569 0.016090 0.000094 0.570838
4 4 0.112529 0.025358 0.065982 0.002286 0.793845
4 4 0.065431 0.006635 0.010802 0.000030 0.917102
4 4 0.032921 0.015827 0.018881 0.000077 0.932294
4 4 0.099114 0.018159 0.021099 0.000019 0.861607
4 4 0.089443 0.017697 0.019552 0.000073 0.873235
4 4 0.046476 0.013088 0.013618 0.000062 0.926756
4 4 0.019854 0.026453 0.039319 0.000008 0.914366
4 4 0.166023 0.015122 0.014695 0.000091 0.804069
4 4 0.027851 0.006857 0.011276 0.000040 0.953975
4 4 0.156520 0.009187 0.008946 0.000100 0.825247
4 4 0.175591 0.011866 0.014069 0.000069 0.798406
4 4 0.056494 0.004512 0.004265 0.000189 0.934541
4 4 0.060356 0.004336 0.004910 0.000147 0.930251
4 4 0.023540 0.008418 0.008364 0.000033 0.959645
4 4 0.088856 0.063683 0.032064 0.000181 0.815215
4 4 0.002551 0.046231 0.036552 0.000017 0.914649
4 4 0.011533 0.013942 0.020120 0.000021 0.954383
4 4 0.347888 0.009760 0.008736 0.000093 0.633522
4 4 0.071604 0.005077 0.005563 0.000048 0.917708
4 4 0.013449 0.011717 0.007871 0.000019 0.966944
4 4 0.006757 0.020792 0.026978 0.000061 0.945412
4 4 0.002564 0.013056 0.021045 0.000012 0.963322
4 4 0.002976 0.167993 0.168940 0.000007 0.660084
4 4 0.018894 0.015988 0.014490 0.000071 0.950557
4 4 0.006099 0.011076 0.014998 0.000010 0.967816
4 4 0.004210 0.117658 0.132781 0.000065 0.745286
4 4 0.001648 0.058152 0.233731 0.000281 0.706187
4 4 0.001154 0.087855 0.110092 0.000024 0.800875
4 4 0.001931 0.194420 0.369775 0.000024 0.433850
4 4 0.007119 0.264870 0.156198 0.000007 0.571807
4 4 0.020324 0.011599 0.018745 0.000106 0.949226
4 4 0.054827 0.008784 0.013335 0.000162 0.922892
4 4 0.008783 0.007408 0.009721 0.000057 0.974031
4 4 0.005465 0.008324 0.018120 0.000017 0.968073
4 4 0.002384 0.171743 0.296213 0.000080 0.529580
2 4 0.000656 0.125921 0.552725 0.000210 0.320488
2 4 0.001161 0.151310 0.476534 0.000031 0.370964
4 4 0.001313 0.162223 0.235407 0.000015 0.601042
2 4 0.000977 0.152695 0.472788 0.000052 0.373488
4 4 0.001834 0.123856 0.212865 0.000072 0.661373
1 1 0.153944 0.415724 0.098966 0.000644 0.330722
4 1 0.000825 0.140581 0.408390 0.000070 0.450133
4 1 0.001694 0.152755 0.401807 0.000087 0.443656
2 1 0.001005 0.126134 0.753721 0.000557 0.118583
2 1 0.002447 0.207205 0.583360 0.000267 0.206721
2 1 0.000322 0.062789 0.849899 0.001480 0.085510
2 1 0.001155 0.128256 0.501801 0.000041 0.368747
4 1 0.000393 0.104395 0.358139 0.000019 0.537055
2 1 0.001582 0.172613 0.664901 0.000109 0.160796
2 1 0.000964 0.144140 0.728960 0.000006 0.125930
4 1 0.005814 0.053198 0.036789 0.000019 0.904181
2 1 0.000513 0.111432 0.613123 0.000681 0.274251
2 1 0.000594 0.117460 0.628552 0.000368 0.253025
2 1 0.005067 0.151917 0.759869 0.000112 0.083036
2 1 0.001250 0.171924 0.442464 0.000072 0.384290
2 1 0.000881 0.114094 0.809077 0.000194 0.075755
2 1 0.000533 0.108696 0.717593 0.001431 0.171748
2 1 0.000299 0.080379 0.834751 0.000058 0.084513
2 2 0.001303 0.111584 0.844451 0.000681 0.041981
2 2 0.002444 0.204762 0.527739 0.000825 0.264230
2 2 0.002093 0.162360 0.780581 0.000448 0.054518
2 2 0.000998 0.136917 0.701213 0.000649 0.160224
2 2 0.000339 0.081536 0.821510 0.000796 0.095819
2 2 0.000442 0.064597 0.880191 0.000650 0.054121
2 2 0.000408 0.058241 0.902688 0.005492 0.033171
2 2 0.000163 0.040959 0.938997 0.001055 0.018826
2 2 0.001111 0.069352 0.885695 0.003722 0.040121
2 2 0.000389 0.077778 0.841492 0.001137 0.079205
2 2 0.000049 0.007202 0.974794 0.013292 0.004663
2 2 0.000146 0.010203 0.964473 0.016453 0.008725
2 2 0.000019 0.015939 0.966291 0.001384 0.016368
2 2 0.000045 0.004426 0.981698 0.012453 0.001378
2 2 0.000217 0.049387 0.918921 0.004862 0.026613
2 2 0.000012 0.001749 0.991446 0.006119 0.000674
2 2 0.000117 0.015817 0.970995 0.003427 0.009643
2 2 0.000052 0.019478 0.966934 0.003224 0.010312
2 2 0.000020 0.007750 0.977775 0.002235 0.012221
2 2 0.000000 0.000205 0.949059 0.050712 0.000024
2 2 0.000194 0.019448 0.933915 0.010581 0.035862
2 2 0.000015 0.005258 0.975376 0.017893 0.001456
2 2 0.000017 0.000902 0.974079 0.024696 0.000306
2 2 0.000099 0.013397 0.943577 0.029333 0.013595
2 2 0.000012 0.001176 0.955001 0.043526 0.000285
2 2 0.000044 0.001805 0.968383 0.027873 0.001896
2 2 0.000549 0.023710 0.926835 0.038354 0.010551
2 2 0.000314 0.025976 0.957537 0.014609 0.001564
2 2 0.000014 0.000493 0.830095 0.169325 0.000072
2 2 0.000006 0.001227 0.938703 0.059800 0.000265
2 2 0.000070 0.001651 0.800750 0.197263 0.000266
2 2 0.000288 0.015432 0.887982 0.090984 0.005314
2 2 0.000007 0.000227 0.777855 0.221902 0.000009
2 2 0.000010 0.001715 0.965250 0.032663 0.000361
2 2 0.000021 0.000483 0.773970 0.225322 0.000205
2 2 0.000667 0.011693 0.793102 0.190876 0.003662
2 2 0.000086 0.002376 0.734849 0.262389 0.000300
2 2 0.000036 0.001577 0.595094 0.402025 0.001268
2 2 0.001762 0.011864 0.710482 0.274117 0.001776
2 2 0.000065 0.001549 0.736205 0.261385 0.000796
2 2 0.000040 0.002004 0.592609 0.404702 0.000645
2 2 0.000116 0.005292 0.752233 0.239979 0.002381
2 2 0.000049 0.001243 0.671463 0.326971 0.000274
2 2 0.000734 0.009782 0.757645 0.230173 0.001665
3 2 0.000006 0.000418 0.460731 0.538785 0.000060
3 2 0.000308 0.000882 0.296019 0.702627 0.000164
2 2 0.000005 0.000291 0.576896 0.422785 0.000022
3 2 0.000016 0.000305 0.299439 0.700203 0.000037
2 2 0.000343 0.006102 0.631515 0.357804 0.004237
2 2 0.131179 0.078858 0.767461 0.018342 0.004161
1 0 0.409536 0.443318 0.117457 0.001873 0.027816
2 1 0.015212 0.164662 0.780839 0.020885 0.018402
2 1 0.002910 0.088150 0.890522 0.013081 0.005338
2 2 0.002058 0.031289 0.961902 0.002561 0.002191
2 2 0.002808 0.104817 0.879407 0.002800 0.010168
2 2 0.000131 0.017554 0.969479 0.011247 0.001589
2 2 0.000405 0.010561 0.980054 0.008365 0.000615
2 2 0.000118 0.009569 0.984538 0.004926 0.000849
2 2 0.000093 0.004762 0.951292 0.043556 0.000298
2 2 0.000118 0.019810 0.941814 0.016196 0.022061
2 2 0.000171 0.010328 0.977771 0.010700 0.001031
2 2 0.000412 0.012822 0.791754 0.193164 0.001848
2 2 0.000011 0.002601 0.956060 0.041261 0.000067
2 2 0.000132 0.021131 0.973500 0.002980 0.002258
2 2 0.000125 0.004621 0.978553 0.016427 0.000274
2 2 0.000005 0.001932 0.965728 0.031912 0.000423
2 2 0.000015 0.003495 0.945334 0.050328 0.000829
2 2 0.000035 0.002095 0.933454 0.063825 0.000591
2 2 0.000705 0.034962 0.916920 0.036378 0.011036
2 2 0.000001 0.000718 0.982192 0.017027 0.000062
2 2 0.000126 0.003271 0.909291 0.086831 0.000481
2 2 0.000034 0.006419 0.966821 0.025599 0.001127
2 2 0.000016 0.004134 0.965208 0.029118 0.001524
2 2 0.000004 0.000612 0.934742 0.064431 0.000211
2 2 0.001250 0.072127 0.847289 0.014073 0.065261
2 2 0.000051 0.001813 0.893688 0.104330 0.000117
2 2 0.000242 0.007632 0.980323 0.009342 0.002461
2 2 0.000452 0.020670 0.969512 0.006676 0.002689
2 2 0.000055 0.003458 0.951810 0.043467 0.001209
2 2 0.000040 0.002966 0.990187 0.006571 0.000236
2 2 0.000084 0.012251 0.934804 0.043873 0.008988
2 2 0.001825 0.007619 0.960204 0.028687 0.001666
2 2 0.000137 0.013473 0.958188 0.019858 0.008344
2 2 0.000005 0.000763 0.986499 0.012719 0.000013
2 2 0.000153 0.011652 0.945964 0.041442 0.000789
2 2 0.000434 0.032653 0.927569 0.023594 0.015750
2 2 0.000079 0.006356 0.956796 0.033143 0.003626
2 2 0.000011 0.002320 0.935566 0.059351 0.002752
2 2 0.000043 0.003955 0.978307 0.016706 0.000989
2 2 0.000604 0.044541 0.891358 0.039011 0.024485
2 2 0.003785 0.037452 0.941699 0.008520 0.008544
0 0 0.000000 0.000000 0.000000 0.000000 0.000000
0 0 0.000000 0.000000 0.000000 0.000000 0.000000
0 0 0.000000 0.000000 0.000000 0.000000 0.000000
