1 0 0.313325 0.407132 0.230353 0.006615 0.042575
0 0 0.791452 0.106073 0.058064 0.011231 0.033180
0 0 0.733269 0.155141 0.063863 0.006449 0.041280
0 0 0.508200 0.307843 0.153377 0.003189 0.027391
0 0 0.881760 0.063592 0.019437 0.003969 0.031242
0 0 0.788674 0.121779 0.058874 0.005168 0.025504
0 0 0.884428 0.075960 0.019365 0.001103 0.019144
0 0 0.782768 0.103722 0.072055 0.014918 0.026536
0 0 0.516647 0.270735 0.167841 0.008679 0.036098
0 0 0.793564 0.102921 0.059699 0.012135 0.031681
0 0 0.801793 0.109873 0.046373 0.006755 0.035207
0 0 0.830440 0.089274 0.060715 0.005450 0.014121
0 0 0.914919 0.040721 0.010961 0.003722 0.029677
0 0 0.711118 0.105216 0.129009 0.035403 0.019254
0 0 0.585446 0.253168 0.117355 0.005359 0.038672
0 0 0.808942 0.094487 0.043585 0.012453 0.040532
0 0 0.856363 0.063800 0.047484 0.014183 0.018170
0 0 0.917804 0.035881 0.013544 0.007804 0.024967
0 0 0.843370 0.073937 0.052660 0.011564 0.018469
0 0 0.908391 0.043108 0.028652 0.007618 0.012231
0 0 0.738490 0.144131 0.032944 0.005046 0.079390
0 0 0.861240 0.048772 0.024359 0.028062 0.037568
0 0 0.690802 0.114429 0.073068 0.056038 0.065663
0 0 0.413392 0.274689 0.192393 0.039006 0.080519
0 0 0.800819 0.112026 0.029088 0.004356 0.053711
0 0 0.683828 0.201140 0.051787 0.003378 0.059868
0 0 0.682112 0.162885 0.076568 0.015867 0.062568
0 0 0.458582 0.287503 0.178011 0.017375 0.058529
0 0 0.402060 0.258142 0.232643 0.050088 0.057066
0 0 0.701132 0.157717 0.057928 0.012229 0.070995
0 0 0.749006 0.151728 0.047959 0.004438 0.046869
0 0 0.797202 0.103554 0.031365 0.007706 0.060173
0 0 0.576852 0.223804 0.130289 0.015821 0.053234
0 0 0.911042 0.055227 0.018439 0.001191 0.014101
0 0 0.419302 0.374307 0.171181 0.002927 0.032283
0 0 0.817646 0.100250 0.040352 0.006488 0.035264
0 0 0.955267 0.024052 0.005619 0.001188 0.013875
0 0 0.889098 0.059287 0.007772 0.001031 0.042812
0 0 0.809006 0.108240 0.013011 0.001174 0.068570
0 0 0.919723 0.040399 0.008310 0.002042 0.029527
0 0 0.951846 0.026296 0.005003 0.000882 0.015973
0 0 0.544598 0.294459 0.117009 0.003640 0.040293
0 0 0.843278 0.087579 0.023814 0.003828 0.041500
0 0 0.766600 0.128851 0.069814 0.007203 0.027532
0 0 0.855909 0.083590 0.032425 0.003796 0.024280
0 0 0.932747 0.033469 0.005824 0.001358 0.026602
0 0 0.852788 0.071001 0.044889 0.010221 0.021101
0 0 0.964590 0.015858 0.003509 0.001523 0.014521
0 0 0.838258 0.104071 0.014201 0.000769 0.042700
0 0 0.591960 0.261713 0.038264 0.001928 0.106135
0 0 0.787272 0.106099 0.035613 0.009939 0.061077
0 0 0.837068 0.096222 0.025709 0.003014 0.037987
0 0 0.617826 0.258698 0.081222 0.002345 0.039909
0 0 0.930932 0.041978 0.014708 0.001405 0.010978
0 0 0.961359 0.024280 0.010389 0.000524 0.003448
0 0 0.952429 0.024074 0.021819 0.000517 0.001162
0 0 0.973674 0.015670 0.006798 0.000647 0.003211
0 0 0.943953 0.034135 0.017867 0.000641 0.003404
0 0 0.964972 0.016794 0.017372 0.000292 0.000570
0 0 0.949821 0.032079 0.013989 0.000490 0.003622
0 0 0.969107 0.017760 0.011472 0.000357 0.001304
0 0 0.930986 0.045247 0.020192 0.000344 0.003232
0 0 0.958142 0.022876 0.017453 0.000366 0.001163
0 0 0.949032 0.032490 0.014058 0.000533 0.003887
0 0 0.941003 0.034721 0.021786 0.000434 0.002056
0 0 0.945911 0.032619 0.019198 0.000352 0.001919
0 0 0.891080 0.065968 0.028289 0.002024 0.012639
0 0 0.899647 0.050826 0.010796 0.002574 0.036157
0 0 0.855020 0.078854 0.011915 0.001606 0.052606
0 0 0.493782 0.355316 0.074366 0.001984 0.074552
0 0 0.691970 0.224288 0.015532 0.000206 0.068004
0 0 0.732676 0.144042 0.045424 0.005134 0.072724
0 0 0.514882 0.231115 0.055234 0.001448 0.197321
0 0 0.828031 0.097579 0.004585 0.000160 0.069645
0 0 0.892488 0.055044 0.007872 0.001031 0.043565
0 0 0.678454 0.189653 0.028049 0.002318 0.101525
0 0 0.694157 0.172436 0.035364 0.004179 0.093864
0 0 0.800065 0.115473 0.006587 0.000259 0.077616
0 0 0.904214 0.047190 0.009860 0.002893 0.035843
0 0 0.517432 0.301080 0.092297 0.006148 0.083043
0 0 0.467403 0.254138 0.064539 0.000070 0.213850
0 0 0.477767 0.275626 0.142948 0.004496 0.099163
0 0 0.873138 0.074923 0.026360 0.000523 0.025055
0 0 0.942598 0.036337 0.014324 0.000780 0.005961
0 0 0.777794 0.116909 0.091751 0.001339 0.012208
0 0 0.689072 0.188562 0.095998 0.003592 0.022777
0 0 0.750259 0.202512 0.036461 0.000105 0.010662
0 0 0.877227 0.098499 0.019393 0.000061 0.004820
0 0 0.700179 0.216463 0.064331 0.000707 0.018319
0 0 0.588703 0.313548 0.088638 0.000160 0.008952
0 0 0.672447 0.210791 0.105242 0.000966 0.010554
0 0 0.748211 0.188305 0.054957 0.000220 0.008308
0 0 0.637877 0.258343 0.088291 0.000615 0.014873
0 0 0.590388 0.326320 0.077676 0.000051 0.005564
0 0 0.587241 0.326888 0.077385 0.000095 0.008391
0 0 0.793100 0.153053 0.040286 0.000411 0.013150
0 0 0.704332 0.215208 0.071511 0.000285 0.008664
0 0 0.518056 0.347381 0.123681 0.000096 0.010787
0 1 0.614785 0.326422 0.040307 0.000076 0.018409
0 1 0.782509 0.169238 0.021435 0.000225 0.026594
0 1 0.538535 0.382849 0.063493 0.000095 0.015028
0 1 0.617448 0.285490 0.073185 0.000034 0.023843
1 1 0.267208 0.584991 0.088794 0.000001 0.059006
1 1 0.439423 0.441934 0.073930 0.000005 0.044708
0 1 0.723239 0.216115 0.034504 0.000304 0.025837
1 1 0.213629 0.488352 0.212213 0.000213 0.085594
0 1 0.787246 0.103092 0.022926 0.002516 0.084220
0 1 0.406702 0.321864 0.107262 0.002718 0.161453
0 1 0.518355 0.251328 0.189278 0.001671 0.039368
1 1 0.299211 0.457171 0.151809 0.005567 0.086242
1 1 0.266864 0.506547 0.138067 0.003253 0.085269
0 1 0.413040 0.384753 0.113615 0.001866 0.086725
1 1 0.288562 0.495567 0.107854 0.002796 0.105221
1 2 0.146133 0.625518 0.178910 0.000578 0.048861
1 2 0.227454 0.588058 0.104925 0.000994 0.078569
1 2 0.147872 0.574849 0.150608 0.001778 0.124892
1 2 0.243014 0.457091 0.110633 0.000622 0.188641
1 2 0.221773 0.530340 0.168246 0.003628 0.076012
1 2 0.065730 0.638249 0.221210 0.002355 0.072456
1 2 0.128253 0.602304 0.201184 0.001491 0.066768
1 2 0.091787 0.672572 0.127581 0.001514 0.106547
1 2 0.086449 0.498131 0.382872 0.005048 0.027500
1 2 0.050361 0.632638 0.181551 0.000549 0.134901
1 1 0.092951 0.446479 0.396567 0.002771 0.061232
1 1 0.200301 0.461526 0.171910 0.000327 0.165936
0 2 0.408057 0.298499 0.166187 0.001329 0.125928
1 2 0.132112 0.631714 0.115573 0.000989 0.119612
1 2 0.170089 0.460084 0.220450 0.001837 0.147540
1 2 0.125396 0.653251 0.106107 0.001256 0.113991
1 2 0.040044 0.599089 0.181572 0.000635 0.178660
1 1 0.146253 0.485028 0.259278 0.003682 0.105759
1 2 0.113918 0.690186 0.103452 0.000668 0.091774
1 2 0.379653 0.443988 0.034073 0.000104 0.142182
1 2 0.072977 0.592033 0.152579 0.000665 0.181746
1 2 0.070829 0.597054 0.174116 0.007113 0.150888
1 2 0.076380 0.580376 0.294077 0.003864 0.045303
1 2 0.118147 0.618449 0.158096 0.003000 0.102308
1 2 0.146835 0.604455 0.207206 0.001402 0.040101
1 2 0.037750 0.514321 0.316067 0.010017 0.121846
1 2 0.090901 0.673914 0.178363 0.000365 0.056456
1 2 0.118920 0.609565 0.160841 0.000811 0.109864
2 2 0.026747 0.412568 0.531079 0.010580 0.019026
2 2 0.019210 0.336196 0.588409 0.035531 0.020654
2 2 0.015364 0.370268 0.535498 0.021440 0.057430
2 2 0.011522 0.189810 0.781188 0.008932 0.008549
2 2 0.006231 0.095505 0.872908 0.016017 0.009339
2 2 0.006876 0.105865 0.737077 0.141771 0.008410
2 2 0.004411 0.068142 0.862190 0.059645 0.005612
2 2 0.001918 0.030112 0.873947 0.085580 0.008443
2 2 0.002174 0.038582 0.901326 0.049111 0.008807
2 2 0.004005 0.049875 0.909001 0.032562 0.004557
2 2 0.001936 0.035317 0.880809 0.076045 0.005893
2 2 0.002926 0.027702 0.778772 0.186400 0.004199
2 2 0.002276 0.026390 0.841264 0.126670 0.003400
2 2 0.017373 0.079142 0.637038 0.251141 0.015306
3 2 0.000934 0.009397 0.337220 0.651980 0.000468
2 2 0.002918 0.027397 0.704210 0.260723 0.004752
2 1 0.094944 0.165118 0.588105 0.140011 0.011822
1 2 0.064580 0.521320 0.374604 0.005640 0.033857
2 2 0.010335 0.227911 0.691693 0.051935 0.018127
2 2 0.002479 0.042910 0.900457 0.052132 0.002022
2 2 0.010549 0.071856 0.836650 0.079262 0.001682
2 2 0.019930 0.317238 0.525249 0.099915 0.037668
2 2 0.007699 0.138288 0.834133 0.013948 0.005933
2 2 0.003989 0.043985 0.769306 0.180160 0.002560
2 2 0.004570 0.050446 0.629127 0.312139 0.003718
2 2 0.002215 0.025597 0.556682 0.412826 0.002680
3 2 0.001241 0.009560 0.319526 0.669178 0.000496
3 2 0.002993 0.010492 0.180104 0.805412 0.000998
3 3 0.007349 0.011460 0.097157 0.881975 0.002060
3 3 0.003578 0.018093 0.309154 0.667552 0.001622
3 3 0.009603 0.028609 0.223367 0.732661 0.005760
3 3 0.011010 0.009829 0.044496 0.930994 0.003671
3 3 0.001846 0.009825 0.217620 0.770120 0.000589
3 3 0.003298 0.019944 0.280100 0.693662 0.002996
3 3 0.016142 0.014363 0.071701 0.893875 0.003919
3 3 0.017191 0.013693 0.057055 0.907109 0.004952
3 3 0.012498 0.010835 0.050611 0.922423 0.003634
3 3 0.031243 0.010707 0.020377 0.927017 0.010656
3 3 0.012003 0.007812 0.040487 0.937635 0.002062
3 3 0.029620 0.007123 0.011504 0.942828 0.008925
3 3 0.016437 0.011352 0.046365 0.921656 0.004189
3 3 0.015915 0.009937 0.034635 0.934684 0.004829
3 3 0.056157 0.019199 0.030230 0.868292 0.026122
3 3 0.030071 0.008781 0.015466 0.935876 0.009806
3 3 0.033497 0.010863 0.020018 0.924581 0.011041
3 3 0.036057 0.015601 0.040216 0.899114 0.009011
3 3 0.082339 0.013600 0.016793 0.869695 0.017573
3 3 0.022616 0.008400 0.021813 0.941726 0.005446
3 3 0.054813 0.009834 0.013857 0.909649 0.011847
3 3 0.048152 0.016858 0.038176 0.886248 0.010566
3 3 0.033840 0.021961 0.071388 0.858039 0.014773
3 3 0.011661 0.009365 0.035213 0.938068 0.005693
3 3 0.014436 0.011127 0.040205 0.928733 0.005500
3 3 0.017450 0.011195 0.038207 0.927641 0.005507
3 3 0.029504 0.008880 0.015900 0.935955 0.009761
3 3 0.027190 0.008666 0.015063 0.939365 0.009716
3 3 0.057004 0.007173 0.007933 0.915784 0.012105
3 3 0.110492 0.011988 0.011741 0.846706 0.019074
3 3 0.090105 0.009770 0.009709 0.874072 0.016344
3 3 0.018533 0.016569 0.076916 0.883071 0.004912
2 2 0.012247 0.139057 0.672368 0.168690 0.007638
2 2 0.005575 0.045562 0.506234 0.440235 0.002393
2 2 0.013002 0.108104 0.716437 0.158062 0.004396
2 2 0.012951 0.126399 0.759972 0.096560 0.004118
2 2 0.004245 0.020554 0.639132 0.335681 0.000389
2 2 0.004023 0.036357 0.607328 0.350602 0.001690
2 2 0.003452 0.038783 0.879379 0.076670 0.001717
3 2 0.002079 0.015203 0.417302 0.564960 0.000456
2 2 0.003145 0.032946 0.508059 0.454173 0.001676
2 2 0.006112 0.029454 0.502591 0.460302 0.001541
3 2 0.002360 0.014842 0.289084 0.692928 0.000786
3 3 0.016407 0.009341 0.027873 0.940697 0.005682
3 3 0.004431 0.018642 0.206242 0.769059 0.001625
3 3 0.006819 0.006828 0.043331 0.941345 0.001676
3 3 0.004096 0.007465 0.077650 0.909768 0.001021
3 3 0.037157 0.011973 0.021836 0.917098 0.011935
3 3 0.026374 0.009558 0.023760 0.933986 0.006321
3 3 0.064946 0.011628 0.015205 0.893153 0.015067
3 3 0.027334 0.006918 0.011416 0.945654 0.008677
3 3 0.023383 0.007571 0.014282 0.946412 0.008351
3 3 0.010766 0.004636 0.014966 0.966925 0.002707
3 3 0.032969 0.009910 0.018849 0.928874 0.009398
3 3 0.053451 0.007382 0.008592 0.918686 0.011888
2 1 0.154314 0.229715 0.423547 0.153436 0.038987
1 1 0.236710 0.417294 0.270343 0.014835 0.060818
2 2 0.040535 0.435687 0.469638 0.018729 0.035412
2 2 0.023419 0.270711 0.694078 0.006900 0.004892
2 2 0.096326 0.279978 0.544173 0.056830 0.022694
2 2 0.030456 0.265224 0.648377 0.042153 0.013790
2 2 0.035707 0.397395 0.507886 0.026954 0.032059
2 2 0.027751 0.190084 0.720230 0.054464 0.007472
2 2 0.016531 0.120383 0.845432 0.011765 0.005888
1 2 0.062302 0.467475 0.409111 0.015078 0.046034
2 2 0.015083 0.161106 0.811708 0.010275 0.001828
2 2 0.006268 0.084616 0.860080 0.029369 0.019666
2 2 0.003375 0.049668 0.866913 0.073206 0.006838
2 2 0.004905 0.037238 0.837096 0.117374 0.003387
2 2 0.013180 0.067469 0.854689 0.038522 0.026140
2 2 0.001584 0.022109 0.854428 0.119086 0.002793
2 2 0.001906 0.013218 0.902305 0.081784 0.000787
2 2 0.002000 0.020765 0.896896 0.078806 0.001533
2 2 0.004689 0.087385 0.851028 0.039863 0.017035
2 2 0.001654 0.023251 0.706328 0.266461 0.002306
2 2 0.001484 0.019784 0.811520 0.163860 0.003351
2 2 0.001269 0.024610 0.690847 0.280713 0.002560
2 2 0.002238 0.032207 0.832855 0.127675 0.005025
2 2 0.000777 0.009233 0.742966 0.246550 0.000474
2 2 0.005801 0.043094 0.733980 0.211800 0.005325
2 2 0.005000 0.100618 0.771813 0.106375 0.016194
2 2 0.002759 0.050843 0.762085 0.181305 0.003008
2 2 0.001492 0.041599 0.791724 0.148816 0.016370
2 2 0.002076 0.022873 0.772254 0.196697 0.006099
2 2 0.002124 0.058148 0.752156 0.162178 0.025393
2 2 0.004702 0.121045 0.717212 0.082585 0.074456
2 2 0.007019 0.300160 0.450786 0.074988 0.167047
2 2 0.010181 0.277207 0.561004 0.058136 0.093472
2 2 0.009557 0.288783 0.415563 0.028953 0.257145
2 2 0.008710 0.197954 0.625449 0.088415 0.079472
2 2 0.005847 0.273781 0.368394 0.006810 0.345168
4 2 0.021388 0.169147 0.204943 0.006344 0.598179
1 2 0.008688 0.357275 0.309674 0.005594 0.318769
2 2 0.005686 0.299970 0.395591 0.005347 0.293406
2 2 0.004293 0.206576 0.404970 0.004062 0.380099
2 2 0.003487 0.212333 0.534875 0.013073 0.236233
2 2 0.006017 0.285289 0.489693 0.047943 0.171058
4 2 0.004574 0.285776 0.344921 0.005412 0.359317
4 2 0.004233 0.249757 0.333886 0.001525 0.410600
1 2 0.015950 0.378191 0.356767 0.018271 0.230820
4 2 0.006307 0.206521 0.264440 0.000940 0.521792
1 2 0.016221 0.392980 0.245940 0.005012 0.339846
4 2 0.011228 0.299804 0.273885 0.003585 0.411499
2 2 0.003127 0.197590 0.422666 0.003088 0.373529
4 2 0.017508 0.368083 0.210277 0.005417 0.398715
2 2 0.003592 0.211020 0.473989 0.015703 0.295696
4 2 0.015805 0.350452 0.261875 0.005899 0.365969
2 2 0.008656 0.297535 0.353439 0.003859 0.336512
4 2 0.041540 0.303123 0.173290 0.006199 0.475847
4 2 0.026428 0.269460 0.151550 0.007299 0.545262
1 2 0.072841 0.468140 0.086590 0.000678 0.371751
1 2 0.030514 0.405494 0.158068 0.006669 0.399256
4 2 0.012636 0.225998 0.354455 0.017034 0.389876
2 2 0.007618 0.278458 0.355005 0.015697 0.343222
2 2 0.007814 0.284378 0.445776 0.037004 0.225028
2 2 0.010307 0.232796 0.480856 0.018523 0.257519
4 2 0.016833 0.316952 0.224508 0.000951 0.440756
2 2 0.007128 0.236323 0.494567 0.010211 0.251770
2 2 0.008137 0.317260 0.396081 0.028071 0.250451
2 2 0.001809 0.200331 0.674830 0.013568 0.109461
2 2 0.002083 0.083374 0.840036 0.044214 0.030293
2 2 0.003846 0.155314 0.701968 0.018734 0.120137
2 2 0.001198 0.054061 0.915129 0.005440 0.024173
2 2 0.005296 0.095627 0.853736 0.021586 0.023753
2 2 0.002741 0.060051 0.899619 0.013192 0.024397
2 2 0.002360 0.047563 0.921818 0.020785 0.007474
2 2 0.003132 0.052460 0.914087 0.008176 0.022145
2 2 0.001612 0.034720 0.929697 0.023266 0.010705
2 2 0.005014 0.056700 0.869387 0.018325 0.050575
2 2 0.003852 0.061841 0.898672 0.025068 0.010567
2 2 0.007272 0.058538 0.749582 0.173078 0.011530
2 2 0.003044 0.044419 0.872708 0.065392 0.014437
2 2 0.005544 0.037091 0.754932 0.193664 0.008769
2 2 0.002106 0.028120 0.762021 0.203600 0.004154
2 2 0.004613 0.048229 0.686064 0.252733 0.008361
2 2 0.006388 0.038376 0.540093 0.411857 0.003287
2 2 0.005683 0.053124 0.644102 0.285368 0.011724
2 2 0.007744 0.060730 0.520570 0.405102 0.005854
2 2 0.007389 0.078524 0.681573 0.223582 0.008931
3 2 0.015160 0.020927 0.119028 0.840124 0.004760
3 2 0.010464 0.034626 0.266807 0.683998 0.004104
3 2 0.017948 0.019249 0.104938 0.852416 0.005449
3 2 0.012900 0.026590 0.247480 0.708269 0.004761
3 2 0.015763 0.021099 0.088658 0.866892 0.007587
3 2 0.016019 0.013422 0.054704 0.910829 0.005026
3 2 0.026042 0.012534 0.034315 0.918661 0.008447
3 2 0.033006 0.013852 0.031177 0.911488 0.010476
3 3 0.007333 0.011320 0.080896 0.898320 0.002130
3 3 0.019233 0.012770 0.045051 0.917186 0.005761
3 3 0.071514 0.015127 0.020396 0.875328 0.017634
3 3 0.027917 0.009488 0.016364 0.935856 0.010376
3 3 0.070803 0.010287 0.012043 0.891860 0.015007
3 3 0.033300 0.010394 0.016156 0.928229 0.011920
3 3 0.023916 0.010363 0.022584 0.933767 0.009370
3 3 0.104434 0.010461 0.009884 0.857424 0.017797
3 3 0.018755 0.007361 0.017932 0.950168 0.005784
3 3 0.050746 0.010757 0.015572 0.909731 0.013194
3 3 0.068044 0.007470 0.007620 0.903623 0.013244
3 3 0.072625 0.007202 0.006950 0.899772 0.013452
3 3 0.054296 0.009582 0.012075 0.910632 0.013415
3 3 0.021403 0.005841 0.010172 0.955226 0.007357
3 3 0.063540 0.013858 0.014748 0.888725 0.019128
3 3 0.049150 0.007420 0.009081 0.922866 0.011483
3 3 0.041376 0.008373 0.012011 0.927142 0.011098
3 3 0.016374 0.006510 0.013937 0.956399 0.006780
3 3 0.075889 0.011468 0.011343 0.883344 0.017956
3 3 0.029919 0.005543 0.007774 0.948388 0.008376
3 3 0.034133 0.005709 0.007356 0.943702 0.009101
3 3 0.038438 0.009379 0.014850 0.926169 0.011164
3 3 0.065333 0.009839 0.011792 0.898754 0.014282
3 3 0.040145 0.006568 0.008485 0.934713 0.010090
3 3 0.052569 0.005038 0.004887 0.927138 0.010368
3 3 0.041230 0.008213 0.011692 0.927857 0.011009
3 3 0.077289 0.010885 0.012468 0.883479 0.015879
3 3 0.009962 0.014026 0.085690 0.887398 0.002924
3 3 0.008390 0.019062 0.084357 0.882165 0.006026
3 3 0.019480 0.010917 0.027430 0.933468 0.008705
3 3 0.026245 0.011099 0.028114 0.927174 0.007368
3 3 0.008223 0.012138 0.037666 0.934426 0.007546
3 3 0.027272 0.010581 0.026641 0.928638 0.006868
3 3 0.028113 0.010133 0.019920 0.931847 0.009987
3 3 0.017565 0.008174 0.019921 0.947506 0.006834
3 3 0.032401 0.009089 0.015611 0.932647 0.010250
3 3 0.072743 0.010545 0.012306 0.889098 0.015308
3 3 0.118361 0.011578 0.010711 0.839950 0.019400
3 3 0.061865 0.012854 0.018168 0.891857 0.015256
3 3 0.053210 0.010779 0.015203 0.907331 0.013477
3 3 0.046577 0.006989 0.008561 0.926879 0.010994
3 3 0.090349 0.008682 0.008119 0.877125 0.015725
3 3 0.072700 0.008756 0.009313 0.894855 0.014376
3 3 0.115433 0.011866 0.011275 0.842067 0.019358
3 3 0.036113 0.005646 0.007182 0.941907 0.009153
3 3 0.039442 0.008477 0.012572 0.928596 0.010913
3 3 0.068959 0.008069 0.008491 0.900807 0.013673
3 3 0.061670 0.006972 0.007268 0.911687 0.012403
3 3 0.081924 0.011075 0.012376 0.878253 0.016372
3 3 0.033837 0.007212 0.010764 0.938522 0.009664
3 3 0.012361 0.004963 0.010878 0.966337 0.005461
3 3 0.072115 0.007520 0.007445 0.899312 0.013609
3 3 0.030415 0.006790 0.010445 0.943314 0.009037
3 3 0.087862 0.009740 0.009806 0.876437 0.016154
3 3 0.094601 0.005898 0.004426 0.881010 0.014066
3 3 0.028666 0.006122 0.009248 0.947462 0.008502
3 3 0.037028 0.004231 0.004591 0.945761 0.008389
3 3 0.021122 0.005629 0.009697 0.956327 0.007224
3 3 0.060631 0.008685 0.010205 0.907217 0.013261
3 3 0.034405 0.008162 0.012837 0.934446 0.010150
3 3 0.062423 0.005884 0.005594 0.914327 0.011771
3 3 0.028061 0.004395 0.005691 0.954326 0.007526
3 3 0.119053 0.008520 0.006737 0.848150 0.017541
3 3 0.018314 0.003348 0.004818 0.967835 0.005685
3 3 0.072642 0.006020 0.005308 0.903370 0.012660
3 3 0.034186 0.006601 0.009370 0.940421 0.009422
3 3 0.044286 0.007740 0.010268 0.926573 0.011132
3 3 0.048844 0.007192 0.008698 0.923934 0.011332
3 3 0.073010 0.008207 0.008431 0.896260 0.014092
3 3 0.065981 0.008465 0.009358 0.902561 0.013635
3 3 0.070738 0.007365 0.007296 0.901198 0.013402
3 3 0.035854 0.004464 0.005067 0.946193 0.008423
3 3 0.139211 0.006940 0.004524 0.831872 0.017454
3 3 0.042421 0.006848 0.008756 0.931493 0.010482
3 3 0.055535 0.008118 0.009696 0.914170 0.012481
3 3 0.052840 0.006619 0.007342 0.921799 0.011400
3 3 0.048095 0.005440 0.005770 0.930456 0.010240
3 3 0.077565 0.007353 0.006905 0.894245 0.013933
3 3 0.067488 0.008418 0.009161 0.901191 0.013742
3 3 0.017938 0.004791 0.008351 0.962557 0.006363
3 3 0.036730 0.005562 0.006955 0.941579 0.009174
3 3 0.134366 0.006956 0.004634 0.836828 0.017216
3 3 0.087418 0.006355 0.005180 0.887094 0.013953
3 3 0.067420 0.008676 0.009590 0.900438 0.013876
3 3 0.014614 0.004636 0.009492 0.966110 0.005149
3 3 0.035785 0.004806 0.005668 0.945111 0.008631
3 3 0.046317 0.008713 0.011957 0.921198 0.011814
3 3 0.082138 0.005445 0.004256 0.895266 0.012894
3 3 0.111173 0.007272 0.005524 0.859872 0.016159
3 3 0.071655 0.008094 0.008345 0.897993 0.013913
3 3 0.060872 0.007167 0.007632 0.911879 0.012450
3 3 0.121398 0.009626 0.008002 0.842548 0.018426
3 3 0.068630 0.009070 0.010147 0.897959 0.014193
3 3 0.060965 0.008614 0.010050 0.907114 0.013256
3 3 0.028414 0.004953 0.006762 0.951990 0.007882
3 3 0.114054 0.008059 0.006352 0.854626 0.016910
3 3 0.064017 0.009155 0.010709 0.902300 0.013819
3 3 0.117450 0.006903 0.004897 0.854396 0.016353
3 3 0.136043 0.007519 0.005171 0.833501 0.017766
3 3 0.075013 0.008244 0.008358 0.894107 0.014277
3 3 0.015542 0.010212 0.028208 0.938335 0.007702
3 1 0.005697 0.035974 0.458036 0.498463 0.001830
2 1 0.014254 0.109924 0.580637 0.287007 0.008177
2 2 0.004170 0.042342 0.510405 0.441080 0.002003
2 2 0.005775 0.039640 0.528076 0.424431 0.002078
2 2 0.009088 0.068518 0.646518 0.269902 0.005973
2 2 0.003942 0.029789 0.593613 0.371607 0.001050
2 2 0.004474 0.039519 0.608609 0.343078 0.004319
3 2 0.002026 0.017725 0.345422 0.633509 0.001318
2 2 0.003028 0.025937 0.604457 0.364261 0.002317
2 2 0.002470 0.028515 0.528976 0.436630 0.003408
2 2 0.002792 0.032897 0.621454 0.337088 0.005769
2 2 0.012873 0.042628 0.508279 0.427960 0.008260
3 2 0.009163 0.042336 0.377333 0.564997 0.006172
2 2 0.005176 0.052708 0.620988 0.313726 0.007402
2 1 0.033638 0.181605 0.643335 0.111332 0.030089
3 2 0.003135 0.028311 0.473402 0.491841 0.003311
2 2 0.001739 0.016140 0.504779 0.475943 0.001399
2 2 0.001001 0.014948 0.901882 0.078862 0.003307
2 2 0.001917 0.032111 0.840241 0.119636 0.006094
2 2 0.001439 0.038260 0.884014 0.017610 0.058677
2 2 0.002075 0.030924 0.852618 0.105560 0.008824
2 2 0.002962 0.084525 0.683618 0.207000 0.021896
2 2 0.006148 0.137544 0.642245 0.046948 0.167116
2 2 0.005394 0.136972 0.500203 0.027238 0.330193
4 2 0.010084 0.245810 0.226199 0.017698 0.500209
2 2 0.004658 0.146274 0.537336 0.028228 0.283505
2 2 0.009075 0.234180 0.466688 0.022472 0.267585
4 2 0.006441 0.180759 0.363297 0.015604 0.433899
4 2 0.010692 0.256774 0.342298 0.000821 0.389416
4 2 0.005508 0.193211 0.285601 0.008427 0.507252
4 2 0.016115 0.296831 0.245305 0.010855 0.430894
2 2 0.004519 0.260079 0.385783 0.038865 0.310754
4 4 0.005094 0.211322 0.343475 0.006256 0.433853
4 4 0.013819 0.232160 0.250021 0.006355 0.497646
4 4 0.011708 0.144090 0.057445 0.003253 0.783504
4 4 0.040943 0.212086 0.104461 0.003971 0.638538
4 4 0.026321 0.148519 0.074512 0.003416 0.747232
2 4 0.007524 0.298012 0.422700 0.051601 0.220163
4 4 0.007417 0.289064 0.292307 0.027617 0.383596
4 4 0.008035 0.239816 0.365270 0.015068 0.371811
4 4 0.030569 0.156332 0.107724 0.005892 0.699483
4 4 0.019471 0.122680 0.141400 0.018892 0.697556
1 4 0.057561 0.435591 0.140792 0.018766 0.347291
4 4 0.012912 0.220394 0.320244 0.002829 0.443620
1 4 0.013839 0.361404 0.289999 0.018392 0.316365
2 4 0.035439 0.239236 0.542383 0.026733 0.156209
2 4 0.005950 0.155730 0.614670 0.000004 0.223648
4 4 0.040826 0.369802 0.178091 0.000005 0.411275
4 4 0.101010 0.346621 0.021779 0.000023 0.530568
1 1 0.262723 0.360641 0.221167 0.050734 0.104736
4 1 0.068875 0.284233 0.280504 0.005651 0.360737
1 1 0.018018 0.415146 0.266706 0.007079 0.293050
2 1 0.005662 0.258197 0.440453 0.023969 0.271718
4 1 0.007104 0.235465 0.294382 0.009763 0.453287
2 1 0.018373 0.260820 0.442431 0.017407 0.260970
2 2 0.007607 0.313627 0.468547 0.028568 0.181651
1 2 0.010075 0.354625 0.310764 0.014251 0.310285
4 2 0.008229 0.221452 0.195070 0.001573 0.573675
2 2 0.012874 0.239144 0.383350 0.021933 0.342699
4 2 0.002744 0.165459 0.404753 0.001838 0.425207
2 2 0.005208 0.218683 0.609160 0.033161 0.133788
2 2 0.002909 0.083319 0.809244 0.046438 0.058090
2 2 0.003583 0.088066 0.776748 0.114723 0.016879
2 2 0.002266 0.069936 0.908084 0.008953 0.010760
2 2 0.005631 0.140645 0.791822 0.002719 0.059184
2 2 0.002027 0.058473 0.867489 0.038509 0.033501
2 2 0.000600 0.028052 0.943825 0.013247 0.014277
2 2 0.003012 0.046461 0.923221 0.016193 0.011113
2 2 0.002161 0.071459 0.876816 0.012058 0.037506
2 2 0.001025 0.052580 0.922499 0.001724 0.022173
2 2 0.001985 0.046320 0.911905 0.025754 0.014036
2 2 0.011215 0.276124 0.607601 0.026672 0.078388
2 2 0.003493 0.055728 0.883238 0.011701 0.045840
2 2 0.010540 0.143875 0.714077 0.072444 0.059064
2 2 0.001416 0.035910 0.901334 0.042984 0.018357
2 2 0.007127 0.065339 0.868624 0.018606 0.040305
2 2 0.003961 0.064405 0.850272 0.058146 0.023216
2 2 0.010379 0.199575 0.689942 0.071752 0.028353
2 2 0.006352 0.093802 0.803173 0.034816 0.061858
2 2 0.020729 0.153044 0.748370 0.038739 0.039117
2 2 0.006692 0.113930 0.793262 0.061746 0.024370
2 2 0.020989 0.120483 0.774191 0.055456 0.028881
2 2 0.008725 0.096967 0.813402 0.057646 0.023260
2 2 0.009277 0.134599 0.809011 0.024126 0.022989
2 2 0.010675 0.090255 0.720720 0.168403 0.009948
2 2 0.012933 0.115772 0.725351 0.137696 0.008248
2 2 0.003052 0.041748 0.881485 0.058490 0.015225
2 2 0.019101 0.079675 0.709673 0.175015 0.016536
2 1 0.064438 0.367459 0.511718 0.026670 0.029716
2 2 0.005119 0.088773 0.848409 0.046510 0.011188
2 2 0.004452 0.031468 0.891592 0.066568 0.005921
2 2 0.006274 0.041205 0.879466 0.069978 0.003077
2 2 0.006302 0.037652 0.815275 0.136013 0.004758
2 2 0.005057 0.039067 0.853828 0.097006 0.005042
2 1 0.049302 0.181089 0.634629 0.122196 0.012783
2 2 0.002529 0.038927 0.879527 0.064354 0.014664
2 2 0.003290 0.024888 0.927787 0.039176 0.004859
2 2 0.005161 0.042174 0.850932 0.095922 0.005810
2 2 0.010545 0.078356 0.855826 0.048076 0.007196
2 2 0.009132 0.054567 0.521554 0.411500 0.003247
2 2 0.241337 0.193448 0.248408 0.246058 0.070748
2 2 0.240898 0.340847 0.350517 0.026572 0.041166
0 2 0.385615 0.322182 0.210128 0.019630 0.062445
0 2 0.509014 0.233660 0.242133 0.004302 0.010890
0 2 0.387632 0.217019 0.352738 0.026076 0.016535
0 2 0.696302 0.107018 0.176048 0.012393 0.008239
0 2 0.619643 0.176335 0.165323 0.008506 0.030193
0 2 0.487073 0.215362 0.237008 0.029331 0.031226
0 2 0.357388 0.235108 0.339549 0.040809 0.027147
0 2 0.460590 0.269527 0.208687 0.018374 0.042822
2 2 0.265502 0.181192 0.285720 0.217891 0.049695
0 1 0.378419 0.202910 0.369977 0.032446 0.016248
1 1 0.305740 0.372383 0.211127 0.025793 0.084958
1 2 0.190220 0.381538 0.336538 0.030827 0.060877
0 2 0.368564 0.334852 0.133701 0.023331 0.139552
0 2 0.683422 0.172502 0.065264 0.010743 0.068070
2 2 0.269952 0.243307 0.394930 0.061405 0.030406
0 2 0.343017 0.273240 0.259762 0.060152 0.063829
1 2 0.383100 0.392585 0.162342 0.005364 0.056609
0 2 0.598929 0.165006 0.208526 0.013615 0.013924
2 2 0.215498 0.187897 0.544836 0.043023 0.008746
0 2 0.605246 0.219237 0.157972 0.003338 0.014206
0 2 0.615820 0.180450 0.191934 0.003748 0.008048
0 2 0.751846 0.130200 0.107211 0.002691 0.008053
0 2 0.505718 0.240354 0.239497 0.003953 0.010479
1 2 0.135650 0.601599 0.194191 0.002636 0.065924
1 2 0.081311 0.510122 0.345510 0.010251 0.052807
2 2 0.036744 0.307228 0.624384 0.018919 0.012724
2 2 0.045435 0.348266 0.579532 0.012290 0.014478
2 2 0.038046 0.343266 0.524549 0.058427 0.035713
2 2 0.030449 0.275721 0.657574 0.022006 0.014251
2 2 0.033457 0.291444 0.622109 0.033828 0.019162
2 2 0.010369 0.136480 0.802757 0.041392 0.009002
2 2 0.044122 0.365775 0.534686 0.012783 0.042634
2 2 0.028751 0.242556 0.666795 0.049655 0.012243
2 2 0.005909 0.102069 0.867668 0.009139 0.015215
2 2 0.003539 0.045670 0.910503 0.029151 0.011137
2 2 0.011232 0.110050 0.817515 0.054866 0.006338
2 2 0.007220 0.076763 0.849390 0.058708 0.007918
2 2 0.005438 0.086568 0.887668 0.003793 0.016533
2 2 0.002815 0.066633 0.894642 0.012567 0.023343
2 2 0.005150 0.036572 0.920162 0.029078 0.009039
2 2 0.014729 0.107834 0.828983 0.036484 0.011970
2 2 0.004290 0.083776 0.820267 0.067230 0.024437
2 2 0.013715 0.101750 0.808503 0.066260 0.009772
2 2 0.003932 0.064987 0.908460 0.011879 0.010741
2 2 0.012191 0.091095 0.806540 0.087117 0.003057
2 2 0.007561 0.139648 0.778178 0.051059 0.023553
2 2 0.001337 0.029853 0.935250 0.026867 0.006693
2 2 0.001753 0.035107 0.930493 0.028825 0.003823
2 2 0.003927 0.075740 0.881247 0.022861 0.016224
2 2 0.007649 0.031707 0.830074 0.121669 0.008901
2 2 0.003051 0.049558 0.872114 0.069243 0.006034
2 2 0.004076 0.051992 0.875833 0.062884 0.005216
2 2 0.002602 0.065332 0.896628 0.028458 0.006980
2 2 0.004698 0.038187 0.730086 0.224148 0.002881
2 2 0.005443 0.059167 0.791840 0.133039 0.010510
2 2 0.003389 0.043803 0.885149 0.060230 0.007429
2 2 0.003006 0.044083 0.784910 0.162330 0.005671
2 2 0.002831 0.030027 0.909896 0.053366 0.003879
2 2 0.010042 0.061069 0.641442 0.277061 0.010386
2 2 0.004795 0.035259 0.670957 0.284173 0.004817
2 2 0.002977 0.035747 0.814376 0.140433 0.006467
2 2 0.003101 0.054446 0.842231 0.092487 0.007736
2 2 0.021442 0.152911 0.647310 0.148092 0.030245
2 2 0.003088 0.040075 0.906800 0.045133 0.004903
2 2 0.003107 0.030165 0.779351 0.183322 0.004055
2 2 0.003105 0.037816 0.881192 0.071345 0.006542
2 2 0.002346 0.026990 0.660069 0.308894 0.001701
2 2 0.005891 0.054181 0.804058 0.132454 0.003416
2 2 0.004546 0.032651 0.666217 0.293516 0.003070
2 2 0.003629 0.048358 0.827027 0.112132 0.008855
2 2 0.002905 0.027169 0.570006 0.397564 0.002355
2 2 0.004497 0.040433 0.760852 0.189708 0.004510
2 2 0.002924 0.037358 0.540279 0.415524 0.003915
3 2 0.003055 0.019816 0.421063 0.553298 0.002768
2 2 0.002851 0.023206 0.761761 0.208008 0.004173
2 2 0.004951 0.048743 0.630079 0.306745 0.009482
2 2 0.003477 0.031136 0.517621 0.444640 0.003125
3 2 0.002811 0.015805 0.467541 0.513195 0.000648
2 2 0.002846 0.021900 0.525847 0.447329 0.002077
3 2 0.004424 0.021433 0.415840 0.555427 0.002877
3 2 0.006656 0.041448 0.405128 0.542969 0.003799
3 2 0.001570 0.011297 0.287450 0.698365 0.001317
3 2 0.003078 0.030166 0.366832 0.597944 0.001979
2 2 0.001506 0.023119 0.540446 0.433629 0.001300
2 1 0.095179 0.240410 0.507407 0.123648 0.033356
2 2 0.009492 0.052662 0.701623 0.234596 0.001627
2 2 0.009562 0.068143 0.815749 0.105282 0.001264
2 2 0.004098 0.050158 0.910933 0.033192 0.001619
2 2 0.007438 0.061607 0.831188 0.095368 0.004399
2 2 0.004911 0.046798 0.885214 0.060008 0.003069
2 2 0.003991 0.026764 0.646192 0.322511 0.000542
2 2 0.004438 0.036227 0.857083 0.100489 0.001762
2 2 0.008072 0.049403 0.842813 0.098352 0.001360
2 2 0.012834 0.082432 0.712580 0.189141 0.003014
2 1 0.054878 0.161215 0.646649 0.126311 0.010947
2 2 0.004934 0.051068 0.858780 0.079559 0.005659
2 2 0.003532 0.036753 0.853750 0.101423 0.004542
2 2 0.005123 0.044713 0.741870 0.200963 0.007331
2 2 0.005808 0.043285 0.820613 0.126571 0.003723
2 2 0.003571 0.054346 0.749281 0.182363 0.010440
2 2 0.001971 0.025432 0.826177 0.144108 0.002311
2 1 0.071816 0.279296 0.536960 0.080946 0.030982
2 2 0.006668 0.050027 0.796368 0.139815 0.007122
2 2 0.003848 0.078834 0.848535 0.058044 0.010740
2 2 0.001580 0.013149 0.768470 0.213948 0.002853
2 2 0.001464 0.025845 0.887483 0.079061 0.006147
2 2 0.002448 0.021081 0.518652 0.454171 0.003648
2 2 0.000938 0.020495 0.833023 0.139598 0.005946
2 2 0.011290 0.081677 0.389745 0.137865 0.379423
2 2 0.005276 0.128495 0.644578 0.066259 0.155392
2 2 0.003049 0.046547 0.861082 0.059680 0.029642
2 2 0.004755 0.158138 0.559714 0.025292 0.252101
2 2 0.006159 0.148483 0.572211 0.130566 0.142581
4 2 0.011585 0.206473 0.354355 0.057760 0.369828
4 2 0.005228 0.190047 0.296292 0.010712 0.497721
1 1 0.043492 0.428761 0.408247 0.010235 0.109266
4 2 0.008004 0.199296 0.269784 0.004765 0.518151
4 2 0.018242 0.266318 0.311588 0.009334 0.394518
4 2 0.006746 0.233609 0.368946 0.001754 0.388945
4 2 0.006473 0.171220 0.406671 0.002466 0.413170
4 4 0.003936 0.167168 0.353307 0.007088 0.468501
4 4 0.013168 0.263523 0.301665 0.009443 0.412201
2 4 0.009919 0.209399 0.464444 0.027059 0.289179
4 4 0.028961 0.131046 0.098000 0.000626 0.741367
1 4 0.025395 0.354449 0.244762 0.025490 0.349903
4 4 0.042209 0.116420 0.061714 0.002744 0.776913
4 4 0.058995 0.295995 0.095797 0.014686 0.534528
4 4 0.021210 0.266114 0.236509 0.004406 0.471761
2 4 0.050301 0.319359 0.319710 0.018090 0.292539
4 4 0.017901 0.335823 0.292478 0.001177 0.352621
2 4 0.008280 0.210544 0.432099 0.004730 0.344347
4 4 0.007688 0.260074 0.266591 0.001305 0.464342
2 4 0.006878 0.308142 0.367379 0.007332 0.310269
4 4 0.017507 0.247438 0.186035 0.005699 0.543321
4 4 0.029835 0.349766 0.255243 0.007546 0.357610
4 4 0.037208 0.291009 0.174994 0.001304 0.495486
4 4 0.010929 0.286118 0.265130 0.004239 0.433584
4 4 0.025765 0.098092 0.100191 0.002498 0.773454
4 4 0.010609 0.100767 0.113607 0.004805 0.770212
4 4 0.026007 0.140799 0.058952 0.000600 0.773643
4 4 0.016068 0.303869 0.195574 0.001444 0.483044
4 4 0.007851 0.081151 0.037305 0.000172 0.873520
4 4 0.026179 0.340080 0.215446 0.005061 0.413233
4 4 0.026396 0.243750 0.245981 0.005430 0.478443
4 4 0.065839 0.389282 0.102273 0.001576 0.441030
4 4 0.065638 0.212526 0.095049 0.001147 0.625641
4 4 0.044302 0.372901 0.173886 0.010218 0.398693
1 4 0.019709 0.494864 0.225705 0.020350 0.239371
2 4 0.010863 0.296029 0.375111 0.011586 0.306411
4 4 0.010900 0.252223 0.246221 0.004733 0.485922
1 4 0.023483 0.363417 0.255107 0.009343 0.348649
4 4 0.009440 0.259257 0.297241 0.003158 0.430904
1 4 0.094114 0.424969 0.223608 0.002210 0.255100
1 1 0.080011 0.392217 0.283844 0.001536 0.242392
4 1 0.004750 0.144953 0.277542 0.000056 0.572698
2 2 0.004606 0.191763 0.504820 0.020075 0.278737
2 2 0.004206 0.157021 0.480303 0.010142 0.348328
4 2 0.010589 0.187998 0.270798 0.002821 0.527794
4 4 0.023670 0.088802 0.054279 0.000113 0.833137
4 4 0.025274 0.216211 0.197342 0.002867 0.558307
4 4 0.016649 0.156572 0.336768 0.003136 0.486875
4 4 0.010023 0.263485 0.350326 0.003222 0.372943
4 4 0.005690 0.175664 0.331969 0.000964 0.485714
4 4 0.024183 0.289353 0.168289 0.004330 0.513845
4 4 0.009456 0.271493 0.344985 0.008332 0.365733
4 4 0.004622 0.139560 0.358066 0.000448 0.497305
4 4 0.018432 0.175146 0.202843 0.001891 0.601689
4 4 0.018604 0.333681 0.273097 0.010897 0.363721
4 4 0.066153 0.120837 0.073098 0.000809 0.739102
4 4 0.009496 0.109931 0.082691 0.000656 0.797227
4 4 0.046379 0.345805 0.090602 0.001925 0.515289
4 4 0.024785 0.182693 0.128836 0.001360 0.662326
2 4 0.013282 0.214266 0.435180 0.043248 0.294024
1 4 0.020167 0.362311 0.308284 0.013704 0.295534
4 4 0.055225 0.162297 0.126896 0.001590 0.653992
4 4 0.041868 0.209797 0.113351 0.001820 0.633164
4 4 0.019068 0.376746 0.220341 0.003514 0.380331
2 4 0.003825 0.173030 0.452290 0.008624 0.362232
4 4 0.010540 0.262475 0.295628 0.021246 0.410111
4 4 0.010310 0.184362 0.355807 0.020722 0.428799
2 4 0.010353 0.234698 0.476793 0.011976 0.266179
2 4 0.034892 0.308911 0.368318 0.002471 0.285408
1 1 0.046964 0.330130 0.311064 0.000573 0.311269
4 1 0.003377 0.147652 0.335124 0.000676 0.513171
2 2 0.001907 0.163381 0.576378 0.003973 0.254361
2 2 0.001732 0.109684 0.704207 0.021763 0.162614
2 2 0.001758 0.149998 0.647779 0.008907 0.191558
2 2 0.003805 0.254611 0.373881 0.127930 0.239774
2 2 0.004638 0.146261 0.441482 0.000879 0.406741
4 2 0.008417 0.125940 0.403184 0.005655 0.456805
4 2 0.012035 0.209529 0.178933 0.000248 0.599256
2 2 0.010946 0.218793 0.448790 0.009810 0.311661
2 2 0.005880 0.173514 0.484664 0.003085 0.332858
2 2 0.027941 0.283214 0.574533 0.008710 0.105602
1 1 0.205427 0.500855 0.182490 0.008717 0.102511
2 1 0.003836 0.190441 0.453974 0.011064 0.340685
2 2 0.005878 0.223899 0.503941 0.045181 0.221101
2 2 0.002111 0.137841 0.712268 0.020046 0.127735
2 2 0.016125 0.221202 0.638017 0.010090 0.114565
2 2 0.007577 0.247482 0.589766 0.026381 0.128795
2 2 0.003118 0.137462 0.760995 0.018238 0.080188
2 2 0.001011 0.045701 0.898780 0.015621 0.038888
2 2 0.002746 0.068232 0.891474 0.011276 0.026272
2 2 0.000917 0.033840 0.936375 0.007466 0.021401
2 2 0.000993 0.016960 0.957476 0.011174 0.013397
2 2 0.003893 0.090075 0.835397 0.051833 0.018802
2 2 0.001143 0.040566 0.910535 0.026482 0.021274
2 2 0.000880 0.028766 0.953211 0.006080 0.011063
2 2 0.001044 0.042046 0.896379 0.044371 0.016161
2 2 0.002113 0.037618 0.915751 0.015127 0.029390
2 2 0.001288 0.064314 0.868768 0.047806 0.017824
2 2 0.000479 0.030111 0.925116 0.030842 0.013453
2 2 0.001621 0.049665 0.898690 0.022534 0.027491
2 2 0.001596 0.081337 0.862384 0.006097 0.048586
2 2 0.000822 0.043621 0.924436 0.019244 0.011878
2 2 0.006369 0.119588 0.761623 0.057477 0.054943
2 2 0.000506 0.018220 0.956736 0.015405 0.009134
2 2 0.001071 0.041786 0.899877 0.044869 0.012397
2 2 0.000888 0.022104 0.899591 0.072148 0.005269
2 2 0.005008 0.081457 0.735922 0.125183 0.052430
2 2 0.002812 0.054015 0.731614 0.193113 0.018446
2 2 0.001659 0.031383 0.830104 0.126480 0.010373
2 2 0.001473 0.030104 0.848675 0.104032 0.015717
2 2 0.006769 0.155002 0.760967 0.024184 0.053078
2 2 0.000634 0.021614 0.932836 0.034585 0.010331
2 2 0.000596 0.017843 0.921092 0.052536 0.007933
2 2 0.001709 0.032278 0.557768 0.399157 0.009088
2 2 0.006102 0.102413 0.790850 0.061753 0.038882
2 2 0.001397 0.030015 0.845392 0.112829 0.010366
2 2 0.008212 0.098811 0.769484 0.086958 0.036535
2 2 0.001541 0.037290 0.856663 0.076434 0.028072
2 2 0.001354 0.032758 0.686671 0.270507 0.008710
2 2 0.007714 0.045655 0.725378 0.207409 0.013843
2 2 0.005694 0.157049 0.755263 0.018913 0.063081
2 2 0.006255 0.054003 0.746017 0.174643 0.019082
2 2 0.009431 0.037394 0.482003 0.455102 0.016071
2 2 0.009202 0.094043 0.600654 0.259263 0.036838
2 2 0.003747 0.066269 0.624134 0.290539 0.015311
2 2 0.005114 0.080517 0.719057 0.173381 0.021930
3 2 0.002992 0.036800 0.369508 0.582779 0.007922
2 2 0.009003 0.060790 0.624750 0.285388 0.020068
2 2 0.001132 0.026132 0.556689 0.411256 0.004791
2 2 0.007189 0.052216 0.672248 0.248225 0.020121
2 2 0.009860 0.109227 0.490452 0.356551 0.033909
2 1 0.044392 0.269451 0.541983 0.041990 0.102183
2 2 0.004051 0.123245 0.688195 0.138561 0.045949
2 2 0.003791 0.058246 0.707816 0.209201 0.020946
2 2 0.002832 0.021307 0.842522 0.128458 0.004880
2 2 0.003572 0.054773 0.763346 0.167815 0.010493
2 2 0.001816 0.064835 0.895166 0.025337 0.012846
2 2 0.004173 0.067406 0.641369 0.270381 0.016669
2 2 0.005052 0.055132 0.485908 0.440698 0.013209
2 2 0.013045 0.048215 0.639973 0.287891 0.010876
2 2 0.007591 0.047643 0.585484 0.346331 0.012951
3 2 0.006217 0.039883 0.371975 0.573033 0.008892
2 2 0.006905 0.039967 0.592615 0.353907 0.006607
3 2 0.010834 0.062985 0.389684 0.524212 0.012285
3 2 0.001406 0.015440 0.447125 0.532583 0.003445
3 2 0.009193 0.043413 0.424191 0.509912 0.013291
3 2 0.007584 0.046475 0.220615 0.715436 0.009890
3 2 0.015551 0.021580 0.091731 0.860103 0.011035
3 2 0.014148 0.050222 0.194280 0.722518 0.018832
3 2 0.008153 0.021348 0.192566 0.769602 0.008331
3 2 0.011206 0.044488 0.412549 0.519391 0.012366
3 2 0.041365 0.017050 0.037776 0.886995 0.016814
3 2 0.016905 0.028949 0.107144 0.832237 0.014765
3 2 0.028860 0.031626 0.064529 0.850272 0.024713
3 2 0.003964 0.006836 0.039324 0.947326 0.002550
3 2 0.022885 0.024964 0.066204 0.873921 0.012025
3 2 0.024001 0.012361 0.028219 0.925221 0.010198
3 2 0.022558 0.013008 0.042860 0.915496 0.006079
3 2 0.017831 0.011944 0.038738 0.925030 0.006456
3 2 0.013234 0.040539 0.085828 0.841867 0.018533
3 2 0.035974 0.012711 0.024327 0.914986 0.012003
3 3 0.020322 0.012855 0.027117 0.928882 0.010824
3 3 0.011989 0.012226 0.050799 0.920181 0.004805
3 3 0.004791 0.011232 0.092034 0.890077 0.001866
3 3 0.017360 0.016690 0.036335 0.917250 0.012366
3 3 0.013100 0.021346 0.106909 0.851027 0.007619
3 3 0.025919 0.015106 0.037956 0.910026 0.010994
3 3 0.008625 0.008405 0.043310 0.936901 0.002758
3 3 0.018216 0.013194 0.031326 0.927141 0.010123
3 3 0.052031 0.052187 0.101418 0.720556 0.073808
3 3 0.013923 0.010612 0.040721 0.929991 0.004753
3 3 0.028534 0.010266 0.019833 0.931172 0.010194
3 3 0.054846 0.033102 0.048256 0.836747 0.027048
3 3 0.015637 0.029560 0.065335 0.871668 0.017800
3 3 0.015932 0.011766 0.033579 0.930909 0.007813
3 3 0.015076 0.012345 0.027166 0.935414 0.009999
3 3 0.020430 0.009561 0.021885 0.939615 0.008508
3 3 0.025530 0.012627 0.028493 0.922880 0.010471
3 3 0.027567 0.010158 0.017537 0.933914 0.010824
3 3 0.017561 0.026141 0.039975 0.895790 0.020533
3 2 0.094354 0.015712 0.019576 0.851339 0.019019
2 2 0.043861 0.193960 0.522428 0.213429 0.026322
2 2 0.012105 0.156574 0.609374 0.188953 0.032994
2 2 0.005018 0.046076 0.863754 0.071521 0.013631
