0 0 0.988210 0.004789 0.003323 0.000737 0.002941
0 0 0.985256 0.006905 0.003290 0.000091 0.004458
0 0 0.981687 0.010269 0.004250 0.000101 0.003693
0 0 0.980061 0.011055 0.004124 0.000049 0.004712
0 0 0.986673 0.006008 0.003094 0.000121 0.004103
0 0 0.977366 0.012395 0.005314 0.000164 0.004760
0 0 0.982859 0.010277 0.004155 0.000059 0.002650
0 0 0.988209 0.005845 0.002881 0.000111 0.002954
0 0 0.988655 0.005638 0.002496 0.000046 0.003166
0 0 0.976586 0.011701 0.004388 0.000040 0.007285
0 0 0.990449 0.004928 0.002604 0.000121 0.001898
0 0 0.975452 0.015706 0.005485 0.000041 0.003316
0 0 0.958506 0.028292 0.008859 0.000132 0.004210
0 0 0.968121 0.017499 0.006192 0.000062 0.008126
0 0 0.975836 0.013935 0.004642 0.000033 0.005554
0 0 0.983037 0.011158 0.003822 0.000039 0.001945
0 0 0.988451 0.006533 0.002624 0.000043 0.002348
0 0 0.945669 0.039457 0.011458 0.000056 0.003361
0 0 0.980520 0.011940 0.004770 0.000154 0.002616
0 0 0.992928 0.002577 0.001518 0.000057 0.002920
0 0 0.984681 0.006949 0.003426 0.000110 0.004835
0 0 0.970880 0.016923 0.006410 0.000095 0.005691
0 0 0.989267 0.005497 0.002494 0.000059 0.002684
0 0 0.991148 0.004437 0.002284 0.000109 0.002022
0 0 0.971116 0.017725 0.006866 0.000112 0.004182
0 0 0.985520 0.008145 0.003451 0.000089 0.002795
0 0 0.991157 0.004580 0.002279 0.000099 0.001884
0 0 0.972632 0.017543 0.005260 0.000033 0.004532
0 0 0.985094 0.007304 0.002968 0.000034 0.004599
0 0 0.981298 0.011375 0.004021 0.000049 0.003258
0 0 0.975826 0.015208 0.004933 0.000045 0.003989
0 0 0.985527 0.007511 0.003216 0.000063 0.003684
0 0 0.973617 0.013780 0.004919 0.000040 0.007644
0 0 0.977795 0.014336 0.004656 0.000048 0.003165
0 0 0.978192 0.013226 0.004542 0.000048 0.003992
0 0 0.980128 0.013020 0.004640 0.000055 0.002157
0 0 0.983662 0.009546 0.003780 0.000071 0.002941
0 0 0.974079 0.017481 0.005075 0.000020 0.003344
0 0 0.984034 0.010556 0.003629 0.000055 0.001726
0 0 0.992778 0.003891 0.001857 0.000065 0.001410
0 0 0.993095 0.002684 0.001499 0.000047 0.002675
0 0 0.973904 0.016358 0.005835 0.000064 0.003839
0 0 0.976568 0.015575 0.005398 0.000081 0.002378
0 0 0.987950 0.007688 0.002985 0.000069 0.001309
0 0 0.980669 0.009610 0.004507 0.000131 0.005082
0 0 0.977643 0.014451 0.004913 0.000053 0.002940
0 0 0.981293 0.010211 0.005157 0.000256 0.003083
0 0 0.989103 0.004494 0.002663 0.000182 0.003557
0 0 0.993851 0.002876 0.001601 0.000083 0.001589
0 0 0.979119 0.011263 0.005049 0.000086 0.004483
0 0 0.978917 0.010231 0.005214 0.000158 0.005479
0 0 0.968153 0.005058 0.003165 0.000071 0.023553
1 1 0.404685 0.421690 0.142399 0.000108 0.031116
1 1 0.272405 0.491746 0.198420 0.000191 0.037237
1 1 0.185289 0.526252 0.244516 0.000761 0.043181
1 1 0.367284 0.432318 0.135856 0.000175 0.064367
1 1 0.127237 0.541484 0.288837 0.000317 0.042126
1 2 0.091420 0.535594 0.308446 0.001943 0.062597
1 2 0.096606 0.480802 0.401505 0.000208 0.020879
2 2 0.079536 0.431647 0.465397 0.000758 0.022662
2 2 0.028569 0.352551 0.603594 0.000256 0.015031
2 2 0.045535 0.276231 0.668923 0.000807 0.008503
2 2 0.031440 0.187880 0.768612 0.002264 0.009804
2 2 0.033446 0.335523 0.587553 0.007406 0.036072
2 2 0.004536 0.079921 0.911937 0.001753 0.001853
2 2 0.008813 0.140122 0.842549 0.003050 0.005466
2 2 0.029420 0.154596 0.774804 0.006590 0.034590
2 2 0.008109 0.130564 0.849895 0.005689 0.005743
2 2 0.008994 0.052273 0.889849 0.039466 0.009417
2 2 0.022640 0.146559 0.806276 0.018447 0.006078
2 2 0.005014 0.023468 0.880185 0.089580 0.001753
2 2 0.006377 0.063477 0.908222 0.020129 0.001795
2 2 0.037078 0.194891 0.748798 0.007849 0.011383
2 2 0.002645 0.052117 0.896698 0.046165 0.002376
2 2 0.002146 0.019909 0.860695 0.116390 0.000860
2 2 0.001181 0.026583 0.900873 0.070416 0.000946
2 2 0.003680 0.033780 0.855502 0.100540 0.006498
2 2 0.006414 0.006844 0.532671 0.453098 0.000974
2 2 0.000706 0.006578 0.728134 0.264182 0.000400
2 2 0.000238 0.003535 0.602410 0.393500 0.000317
3 2 0.000006 0.000211 0.389517 0.610253 0.000013
3 3 0.000002 0.000035 0.151294 0.848666 0.000005
3 3 0.002310 0.005440 0.462286 0.528995 0.000969
3 3 0.000828 0.001339 0.263187 0.734299 0.000347
2 3 0.002932 0.004809 0.536122 0.455533 0.000604
3 3 0.002192 0.001369 0.221032 0.774993 0.000415
3 3 0.000002 0.000021 0.072701 0.927271 0.000005
3 3 0.002707 0.002424 0.168382 0.824981 0.001506
3 3 0.000051 0.000136 0.097674 0.902091 0.000048
3 3 0.001033 0.001660 0.106488 0.889572 0.001247
3 3 0.000105 0.000350 0.142991 0.856447 0.000108
3 3 0.000012 0.000068 0.051616 0.948273 0.000032
3 3 0.000008 0.000075 0.113031 0.886870 0.000017
3 3 0.000013 0.000045 0.030449 0.969460 0.000034
3 3 0.000023 0.000115 0.074568 0.925244 0.000050
3 3 0.000020 0.000115 0.039259 0.960512 0.000094
3 3 0.000000 0.000010 0.052211 0.947776 0.000003
3 3 0.002407 0.002969 0.294148 0.699722 0.000754
3 3 0.000053 0.000297 0.094236 0.905207 0.000207
3 3 0.000006 0.000041 0.051375 0.948558 0.000019
3 3 0.000004 0.000038 0.042196 0.957744 0.000018
3 3 0.000021 0.000171 0.079713 0.920023 0.000072
3 3 0.000034 0.000198 0.083822 0.915867 0.000079
3 3 0.000003 0.000018 0.020414 0.979550 0.000014
3 3 0.000015 0.000077 0.030678 0.969156 0.000075
3 3 0.000025 0.000070 0.046534 0.953332 0.000039
3 3 0.000000 0.000006 0.020915 0.979075 0.000003
3 3 0.000005 0.000026 0.021093 0.978851 0.000025
3 3 0.000000 0.000002 0.017664 0.982334 0.000001
3 3 0.000005 0.000031 0.021390 0.978550 0.000025
3 3 0.000002 0.000028 0.025009 0.974934 0.000027
3 3 0.000081 0.000202 0.060947 0.938624 0.000146
3 2 0.024518 0.016974 0.308859 0.641899 0.007749
2 2 0.005003 0.013349 0.504775 0.474638 0.002235
3 2 0.000334 0.001551 0.351814 0.646049 0.000251
3 2 0.001583 0.002123 0.176230 0.819325 0.000739
3 3 0.000118 0.000419 0.144486 0.854855 0.000122
3 3 0.000581 0.000751 0.112269 0.886060 0.000339
3 3 0.000062 0.000118 0.087897 0.911884 0.000039
3 3 0.000001 0.000008 0.039757 0.960233 0.000002
3 3 0.000098 0.000076 0.044341 0.955441 0.000044
3 3 0.000019 0.000026 0.013394 0.986523 0.000038
3 3 0.000010 0.000029 0.025090 0.974850 0.000021
3 3 0.000010 0.000043 0.052788 0.947144 0.000016
3 3 0.000025 0.000090 0.046514 0.953309 0.000062
3 3 0.000002 0.000019 0.028752 0.971216 0.000011
3 3 0.000000 0.000003 0.015841 0.984154 0.000002
3 3 0.000330 0.000266 0.039959 0.959168 0.000277
3 3 0.000026 0.000656 0.264225 0.734991 0.000101
3 3 0.001121 0.001990 0.097099 0.898272 0.001518
3 3 0.002156 0.001472 0.076982 0.918064 0.001326
3 3 0.000379 0.000564 0.065324 0.933309 0.000424
3 3 0.000015 0.000077 0.065787 0.934091 0.000031
3 3 0.000026 0.000097 0.025180 0.974590 0.000108
3 3 0.000014 0.000040 0.025329 0.974582 0.000035
3 3 0.000068 0.000090 0.027891 0.971859 0.000093
3 3 0.000001 0.000009 0.037173 0.962814 0.000003
3 3 0.000161 0.000216 0.026599 0.972722 0.000302
3 3 0.000001 0.000016 0.030501 0.969474 0.000008
3 3 0.000004 0.000039 0.038663 0.961273 0.000021
3 3 0.000049 0.000120 0.037593 0.962144 0.000094
3 3 0.000003 0.000011 0.020695 0.979286 0.000005
3 3 0.000735 0.000341 0.020825 0.977289 0.000810
3 3 0.000000 0.000006 0.041625 0.958368 0.000001
3 3 0.000020 0.000068 0.030925 0.968931 0.000055
3 3 0.000009 0.000022 0.012670 0.987268 0.000032
3 3 0.000003 0.000017 0.025509 0.974461 0.000010
3 3 0.000002 0.000017 0.024784 0.975187 0.000010
3 3 0.000001 0.000009 0.017223 0.982761 0.000006
3 3 0.000012 0.000034 0.016106 0.983806 0.000042
3 3 0.000002 0.000006 0.007671 0.992312 0.000009
3 3 0.000002 0.000024 0.026548 0.973410 0.000016
3 3 0.000001 0.000007 0.011195 0.988790 0.000007
3 3 0.000004 0.000032 0.032200 0.967741 0.000022
3 3 0.000013 0.000024 0.017338 0.982601 0.000025
3 3 0.000002 0.000011 0.012813 0.987161 0.000013
3 3 0.000033 0.000032 0.012372 0.987501 0.000062
3 3 0.000001 0.000005 0.007062 0.992923 0.000009
3 3 0.000015 0.000070 0.040865 0.959007 0.000043
3 3 0.000034 0.000076 0.028961 0.970855 0.000073
3 3 0.000009 0.000030 0.018378 0.981555 0.000029
3 3 0.000005 0.000021 0.017251 0.982699 0.000023
3 3 0.000000 0.000001 0.005202 0.994797 0.000001
3 3 0.000218 0.000419 0.045033 0.953830 0.000500
3 3 0.000000 0.000005 0.014444 0.985548 0.000003
3 3 0.000001 0.000012 0.011058 0.988916 0.000014
3 3 0.000000 0.000002 0.013719 0.986278 0.000001
3 3 0.000056 0.000081 0.021227 0.978523 0.000113
3 3 0.000028 0.000050 0.011758 0.988067 0.000098
3 3 0.000010 0.000032 0.016329 0.983589 0.000039
3 3 0.000015 0.000043 0.020391 0.979504 0.000047
3 3 0.000001 0.000013 0.021325 0.978651 0.000010
3 3 0.000022 0.000041 0.012518 0.987342 0.000077
3 3 0.000022 0.000061 0.016000 0.983829 0.000089
3 3 0.000010 0.000019 0.005346 0.994568 0.000058
3 3 0.000003 0.000032 0.025103 0.974838 0.000024
3 3 0.000001 0.000005 0.005284 0.994700 0.000010
3 3 0.000000 0.000003 0.012000 0.987995 0.000001
3 3 0.000001 0.000020 0.023705 0.976257 0.000017
3 3 0.000000 0.000001 0.007846 0.992152 0.000001
3 3 0.000006 0.000021 0.013358 0.986590 0.000025
3 3 0.000050 0.000079 0.012668 0.987028 0.000175
3 3 0.000001 0.000008 0.018798 0.981188 0.000004
3 3 0.000004 0.000029 0.014404 0.985523 0.000040
3 3 0.000000 0.000006 0.024121 0.975871 0.000002
3 3 0.000000 0.000004 0.008384 0.991608 0.000004
3 3 0.000002 0.000025 0.023853 0.976098 0.000021
3 3 0.000003 0.000026 0.018880 0.981064 0.000026
3 3 0.000055 0.000103 0.014117 0.985523 0.000203
3 3 0.000010 0.000050 0.017596 0.982272 0.000073
3 3 0.000001 0.000007 0.009486 0.990498 0.000009
3 3 0.000002 0.000013 0.011659 0.988308 0.000018
3 3 0.000022 0.000045 0.008346 0.991468 0.000119
3 3 0.000055 0.000188 0.040939 0.958652 0.000166
3 3 0.000000 0.000007 0.017826 0.982163 0.000004
3 3 0.000001 0.000023 0.028283 0.971681 0.000012
3 3 0.000101 0.000132 0.018117 0.981409 0.000242
3 3 0.000032 0.000058 0.011400 0.988388 0.000122
3 3 0.000002 0.000012 0.015047 0.984928 0.000011
3 3 0.000018 0.000066 0.024369 0.975474 0.000074
3 3 0.000003 0.000028 0.018002 0.981941 0.000025
3 3 0.000001 0.000007 0.008345 0.991640 0.000007
3 3 0.000055 0.000157 0.032955 0.966666 0.000168
3 2 0.000697 0.004193 0.480413 0.505083 0.009614
2 2 0.003088 0.019421 0.775279 0.187086 0.015126
2 2 0.000432 0.017394 0.938585 0.035481 0.008109
2 2 0.002304 0.077855 0.674092 0.033407 0.212343
2 2 0.000418 0.019347 0.752499 0.200254 0.027483
2 2 0.000715 0.055456 0.830796 0.028394 0.084639
2 2 0.002168 0.110948 0.731241 0.013853 0.141790
2 2 0.005746 0.159507 0.721494 0.041168 0.072085
2 2 0.000328 0.030866 0.859273 0.089977 0.019556
2 2 0.000486 0.052058 0.877262 0.033297 0.036897
2 2 0.001954 0.123162 0.692359 0.009028 0.173496
2 2 0.000323 0.034161 0.871868 0.062168 0.031481
2 2 0.001907 0.105096 0.704023 0.016331 0.172643
2 2 0.003211 0.142691 0.553619 0.007044 0.293435
2 2 0.002585 0.148754 0.542583 0.002831 0.303248
2 2 0.003313 0.141268 0.622706 0.015384 0.217329
2 2 0.000772 0.075723 0.792772 0.007457 0.123276
2 2 0.000893 0.037777 0.795499 0.083103 0.082729
2 2 0.001367 0.056834 0.844522 0.047468 0.049810
4 2 0.004000 0.179531 0.371100 0.001163 0.444207
4 2 0.007204 0.115317 0.190911 0.001630 0.684937
2 2 0.016850 0.276434 0.518585 0.010192 0.177939
2 2 0.002655 0.134993 0.545120 0.004391 0.312840
2 2 0.005355 0.153654 0.471898 0.010617 0.358477
2 2 0.000555 0.051683 0.859167 0.049492 0.039103
2 2 0.000737 0.054145 0.826866 0.068570 0.049682
2 2 0.000040 0.008017 0.881954 0.102905 0.007083
2 2 0.000655 0.048200 0.813052 0.103296 0.034797
2 2 0.000029 0.006192 0.852777 0.139667 0.001336
2 2 0.000277 0.034478 0.905733 0.040562 0.018950
2 2 0.000754 0.078566 0.784302 0.005485 0.130893
2 2 0.000288 0.034732 0.888475 0.047790 0.028715
2 2 0.000006 0.002626 0.918733 0.077141 0.001495
2 2 0.000136 0.011617 0.962407 0.024011 0.001828
2 2 0.000222 0.020103 0.967563 0.001534 0.010578
2 2 0.000183 0.026434 0.908396 0.031143 0.033845
2 2 0.000262 0.009650 0.908222 0.077196 0.004671
2 2 0.000148 0.020916 0.897084 0.059317 0.022535
2 2 0.000048 0.009921 0.960779 0.020777 0.008475
2 2 0.000203 0.026560 0.939047 0.009255 0.024935
2 2 0.001008 0.018769 0.877782 0.059663 0.042778
2 2 0.000135 0.020201 0.913397 0.033218 0.033049
2 2 0.000116 0.013794 0.914295 0.035743 0.036052
2 2 0.000426 0.014551 0.898642 0.062115 0.024266
2 2 0.000932 0.025953 0.927481 0.015083 0.030551
2 2 0.000180 0.003348 0.846327 0.146249 0.003896
2 2 0.000150 0.011131 0.940376 0.031931 0.016412
2 2 0.000081 0.001541 0.852779 0.143791 0.001807
2 2 0.000077 0.002489 0.778253 0.216762 0.002419
2 2 0.000078 0.008935 0.892316 0.089936 0.008735
2 2 0.000099 0.006583 0.917629 0.065651 0.010038
2 2 0.000023 0.002443 0.888383 0.106320 0.002832
2 2 0.000782 0.019991 0.897577 0.044571 0.037079
2 2 0.000228 0.006558 0.931808 0.035437 0.025968
2 2 0.000226 0.002924 0.793355 0.197391 0.006104
2 2 0.000258 0.005912 0.906949 0.062010 0.024870
2 2 0.004023 0.011578 0.860520 0.098900 0.024979
2 2 0.000247 0.002384 0.737837 0.250500 0.009032
2 2 0.000496 0.004840 0.681729 0.282329 0.030606
2 2 0.001526 0.013625 0.765833 0.075476 0.143540
2 2 0.000407 0.003304 0.884941 0.108434 0.002913
2 2 0.000494 0.006140 0.839344 0.146298 0.007725
2 2 0.000202 0.002025 0.777443 0.217519 0.002812
2 2 0.001497 0.004374 0.657991 0.314146 0.021992
2 2 0.000087 0.002234 0.785465 0.208539 0.003676
2 2 0.008848 0.017468 0.844014 0.109768 0.019901
2 1 0.024074 0.092015 0.862973 0.016647 0.004291
2 2 0.000946 0.015050 0.904274 0.075962 0.003768
2 2 0.001843 0.019510 0.958427 0.014959 0.005260
2 2 0.002118 0.017723 0.947796 0.028212 0.004152
2 2 0.032313 0.071154 0.783434 0.026680 0.086418
2 2 0.000080 0.004861 0.954055 0.040146 0.000857
2 2 0.020256 0.097013 0.754116 0.052514 0.076101
2 2 0.004684 0.009938 0.830256 0.150671 0.004450
2 2 0.002851 0.014664 0.866621 0.110555 0.005309
2 2 0.004210 0.009497 0.764338 0.219745 0.002210
2 2 0.032018 0.019644 0.671169 0.264914 0.012255
2 2 0.004614 0.014895 0.895487 0.081483 0.003521
2 2 0.001926 0.005287 0.780948 0.211032 0.000807
2 2 0.003436 0.006697 0.740839 0.248015 0.001013
2 2 0.003961 0.003888 0.669317 0.322573 0.000261
2 2 0.001357 0.002517 0.721913 0.273787 0.000427
3 2 0.004257 0.007647 0.404556 0.581295 0.002246
2 2 0.011187 0.017250 0.777008 0.186156 0.008398
2 1 0.053008 0.154932 0.770043 0.009593 0.012424
2 2 0.005909 0.024688 0.844682 0.083719 0.041002
2 2 0.002334 0.005836 0.767459 0.214801 0.009570
2 2 0.000510 0.004876 0.677546 0.315448 0.001621
2 2 0.002589 0.019408 0.801737 0.108080 0.068187
2 2 0.001387 0.010825 0.777275 0.205215 0.005299
2 2 0.001983 0.007348 0.902310 0.088088 0.000272
2 2 0.003300 0.011797 0.798020 0.180174 0.006709
2 2 0.003358 0.015798 0.728910 0.243432 0.008502
2 2 0.000850 0.004782 0.850971 0.140388 0.003009
2 2 0.003070 0.006113 0.543420 0.446642 0.000755
3 3 0.000673 0.002227 0.408057 0.588608 0.000436
2 3 0.005404 0.005993 0.514159 0.472825 0.001620
2 3 0.003852 0.010189 0.636031 0.344100 0.005828
3 3 0.000915 0.004373 0.466578 0.525279 0.002855
3 3 0.001121 0.002312 0.354125 0.640127 0.002316
2 1 0.091258 0.048923 0.701869 0.153019 0.004931
2 2 0.004606 0.023817 0.929889 0.038139 0.003550
2 2 0.006312 0.013764 0.836592 0.104249 0.039083
2 2 0.004670 0.025571 0.794279 0.141287 0.034193
2 2 0.000146 0.000845 0.736710 0.262271 0.000027
2 2 0.012948 0.020939 0.804193 0.151457 0.010463
2 2 0.005353 0.021035 0.823584 0.140130 0.009897
2 2 0.017075 0.010420 0.637152 0.334356 0.000997
3 2 0.375615 0.003464 0.086342 0.413347 0.121232
2 2 0.004852 0.017770 0.758985 0.214204 0.004190
3 2 0.002036 0.002386 0.344091 0.651077 0.000410
2 2 0.006713 0.014045 0.644067 0.333476 0.001699
3 2 0.007574 0.004444 0.489023 0.498363 0.000595
2 1 0.121101 0.034623 0.704961 0.135618 0.003696
2 2 0.009974 0.019881 0.801520 0.167448 0.001177
2 2 0.030215 0.017637 0.739503 0.209491 0.003154
2 2 0.002920 0.007315 0.873586 0.115943 0.000237
2 2 0.009797 0.016739 0.849173 0.123585 0.000706
2 2 0.013355 0.052676 0.899133 0.032650 0.002186
2 2 0.009700 0.029729 0.864565 0.093323 0.002683
2 2 0.004028 0.027658 0.868722 0.098420 0.001172
2 1 0.085214 0.103706 0.696389 0.101343 0.013347
2 2 0.000545 0.010309 0.919068 0.069841 0.000237
2 2 0.004120 0.010203 0.829862 0.155350 0.000465
2 2 0.018117 0.047451 0.834749 0.097367 0.002316
2 2 0.003100 0.012947 0.845456 0.137927 0.000569
2 2 0.002345 0.007484 0.733478 0.256210 0.000483
2 1 0.130981 0.088782 0.757535 0.019477 0.003225
2 2 0.052473 0.202020 0.728443 0.007906 0.009158
1 1 0.366750 0.442728 0.168441 0.000376 0.021705
2 1 0.089263 0.133282 0.754520 0.014389 0.008546
2 1 0.163026 0.298985 0.528120 0.001946 0.007923
2 2 0.120399 0.070828 0.757347 0.048454 0.002972
2 2 0.087618 0.199613 0.707931 0.001526 0.003312
2 2 0.029648 0.141453 0.823680 0.002438 0.002781
2 1 0.135683 0.268002 0.585759 0.001013 0.009543
2 2 0.020397 0.225643 0.746226 0.000613 0.007121
2 2 0.046743 0.176990 0.768130 0.003871 0.004265
1 1 0.217150 0.469967 0.294068 0.000289 0.018526
2 2 0.046358 0.343027 0.586655 0.002800 0.021159
1 1 0.314278 0.471494 0.176027 0.000039 0.038163
2 1 0.068782 0.438982 0.468500 0.000548 0.023189
1 1 0.143407 0.520440 0.312402 0.000164 0.023587
2 1 0.107273 0.432379 0.449276 0.000081 0.010992
2 2 0.120892 0.381863 0.486449 0.000311 0.010485
2 2 0.016342 0.224957 0.752907 0.000170 0.005624
2 2 0.020897 0.112669 0.861852 0.002584 0.001997
2 2 0.148443 0.387420 0.450047 0.000396 0.013694
2 2 0.047166 0.197673 0.747046 0.002961 0.005154
2 2 0.022626 0.156593 0.817211 0.000685 0.002885
2 2 0.085729 0.293423 0.614343 0.000388 0.006117
2 2 0.008934 0.107504 0.879857 0.001348 0.002357
2 2 0.040894 0.299781 0.652942 0.000099 0.006284
1 2 0.086676 0.452899 0.448116 0.000053 0.012256
2 2 0.044801 0.382966 0.556997 0.000245 0.014991
2 2 0.077204 0.319647 0.592346 0.000855 0.009948
2 2 0.054957 0.229432 0.711502 0.000320 0.003789
1 2 0.193323 0.517570 0.272893 0.000048 0.016166
1 2 0.132109 0.434845 0.421091 0.000125 0.011830
2 2 0.056139 0.234672 0.704028 0.000557 0.004604
2 2 0.025220 0.179841 0.789019 0.001362 0.004557
2 2 0.047608 0.265013 0.681211 0.000323 0.005845
2 2 0.039672 0.163333 0.791353 0.002319 0.003323
2 2 0.025679 0.160596 0.810802 0.000415 0.002507
1 2 0.304863 0.449361 0.234258 0.000063 0.011455
2 2 0.103748 0.437145 0.442645 0.000280 0.016183
0 1 0.489625 0.371300 0.123650 0.000044 0.015381
2 1 0.075051 0.399264 0.504335 0.001097 0.020252
2 2 0.021693 0.210589 0.760114 0.000987 0.006617
2 2 0.074719 0.381918 0.534657 0.000077 0.008628
0 0 0.906127 0.066435 0.021092 0.000068 0.006278
0 1 0.528304 0.347195 0.105735 0.000046 0.018721
2 2 0.026875 0.245750 0.713963 0.002380 0.011032
2 2 0.011091 0.109709 0.873337 0.003062 0.002801
2 2 0.049194 0.278449 0.665018 0.000404 0.006935
2 2 0.060974 0.414806 0.509728 0.000150 0.014342
2 2 0.099234 0.362156 0.525286 0.000809 0.012515
1 1 0.136774 0.530920 0.313839 0.000049 0.018419
2 2 0.051534 0.360921 0.564621 0.001949 0.020975
2 2 0.005769 0.113056 0.875834 0.001752 0.003589
2 2 0.011800 0.124253 0.859771 0.001342 0.002834
0 0 0.528396 0.345474 0.115277 0.000118 0.010734
0 0 0.670692 0.252163 0.063257 0.000006 0.013882
1 1 0.046059 0.499480 0.401430 0.000005 0.053026
2 2 0.017990 0.209178 0.759219 0.000819 0.012794
2 2 0.135399 0.414916 0.418602 0.001779 0.029304
0 0 0.928577 0.051622 0.017379 0.000049 0.002373
1 1 0.252360 0.503255 0.209993 0.000003 0.034389
1 2 0.092951 0.443584 0.440595 0.000644 0.022227
1 2 0.171916 0.524974 0.285168 0.000058 0.017885
1 1 0.243342 0.505418 0.212379 0.000082 0.038780
2 2 0.011017 0.132122 0.852879 0.000920 0.003062
2 2 0.005257 0.059379 0.932774 0.001717 0.000873
2 2 0.004527 0.083776 0.907628 0.001947 0.002123
2 2 0.002141 0.035599 0.960071 0.001733 0.000455
2 2 0.000023 0.002356 0.989739 0.007861 0.000021
2 2 0.000257 0.018907 0.971837 0.008453 0.000546
2 2 0.014085 0.245374 0.645589 0.005872 0.089079
2 2 0.002929 0.134391 0.441392 0.002428 0.418860
2 2 0.007136 0.239235 0.527751 0.013024 0.212854
4 4 0.012148 0.065218 0.147407 0.006179 0.769047
4 4 0.007840 0.218673 0.320412 0.002701 0.450374
4 4 0.006588 0.140974 0.101689 0.000191 0.750559
2 4 0.003462 0.142295 0.438918 0.003236 0.412090
4 4 0.007427 0.139831 0.313890 0.005692 0.533160
4 4 0.013666 0.028450 0.017037 0.000142 0.940705
4 4 0.008510 0.116563 0.170008 0.001641 0.703278
4 4 0.011461 0.063200 0.163778 0.004455 0.757106
4 4 0.009186 0.082803 0.164792 0.002758 0.740460
2 4 0.003605 0.183958 0.439777 0.001514 0.371145
2 4 0.002209 0.152708 0.584441 0.002319 0.258323
4 4 0.008923 0.014310 0.021210 0.000227 0.955330
4 4 0.013203 0.083083 0.185993 0.009408 0.708313
4 4 0.008720 0.262508 0.341522 0.002597 0.384653
4 4 0.007044 0.187579 0.246062 0.001328 0.557987
4 4 0.008665 0.087611 0.117859 0.000987 0.784878
4 4 0.016937 0.075533 0.041287 0.000499 0.865744
2 4 0.003906 0.154246 0.528663 0.006687 0.306498
4 4 0.004010 0.149578 0.293200 0.000966 0.552247
4 4 0.005005 0.187509 0.190448 0.000204 0.616833
4 4 0.011118 0.095844 0.096011 0.000874 0.796154
4 4 0.005713 0.050030 0.093165 0.000400 0.850690
2 4 0.005085 0.170195 0.514347 0.002639 0.307734
2 4 0.004752 0.164318 0.584026 0.020404 0.226500
4 4 0.013003 0.028567 0.040920 0.000967 0.916544
4 4 0.006131 0.018003 0.035606 0.000333 0.939927
4 4 0.033817 0.008623 0.007246 0.000266 0.950048
4 4 0.019255 0.002736 0.004294 0.000449 0.973267
4 4 0.027826 0.030349 0.031777 0.002459 0.907589
4 4 0.024223 0.067759 0.046206 0.001539 0.860274
4 4 0.004984 0.164862 0.302060 0.001466 0.526628
4 4 0.007860 0.174624 0.151414 0.000505 0.665598
4 4 0.011127 0.084035 0.051329 0.000271 0.853238
4 4 0.016111 0.061888 0.080862 0.000208 0.840931
4 4 0.010496 0.274387 0.348929 0.000510 0.365677
4 4 0.013816 0.080170 0.119928 0.003083 0.783002
4 4 0.009457 0.053511 0.154065 0.006041 0.776925
4 4 0.014503 0.017044 0.009166 0.000135 0.959152
4 4 0.045076 0.030921 0.018137 0.000600 0.905266
4 4 0.009277 0.005056 0.007529 0.000183 0.977955
4 4 0.015399 0.008171 0.005830 0.000141 0.970458
4 4 0.016707 0.039379 0.047627 0.001694 0.894592
4 4 0.014938 0.027848 0.027021 0.000580 0.929613
2 4 0.003868 0.137593 0.523034 0.010918 0.324587
4 4 0.011733 0.091434 0.062779 0.000423 0.833631
2 4 0.003034 0.158410 0.491856 0.002388 0.344312
4 4 0.010372 0.018963 0.025240 0.000405 0.945021
4 4 0.005376 0.153682 0.241044 0.001110 0.598788
2 4 0.014436 0.239904 0.373530 0.003623 0.368508
4 4 0.003316 0.099761 0.228551 0.000760 0.667611
4 4 0.005484 0.038736 0.170135 0.003187 0.782458
4 4 0.014973 0.002426 0.003829 0.000281 0.978491
4 4 0.012420 0.003871 0.007322 0.000450 0.975937
4 4 0.013168 0.001598 0.001762 0.000078 0.983394
4 4 0.003882 0.001164 0.002766 0.000032 0.992155
0 1 0.452524 0.315100 0.107812 0.000198 0.124366
2 2 0.040133 0.425116 0.459245 0.001474 0.074032
2 2 0.008882 0.221329 0.712540 0.020085 0.037164
2 2 0.003542 0.194379 0.730621 0.001645 0.069813
2 2 0.001850 0.103969 0.814547 0.026516 0.053118
2 2 0.000808 0.060368 0.873420 0.041694 0.023710
2 2 0.014027 0.258727 0.617722 0.035364 0.074160
2 2 0.003486 0.133205 0.779284 0.034419 0.049607
2 2 0.006041 0.180174 0.734298 0.016248 0.063239
2 2 0.019452 0.265376 0.622599 0.029670 0.062903
1 1 0.240657 0.455549 0.272790 0.000427 0.030576
2 2 0.008135 0.209814 0.707503 0.015781 0.058768
2 2 0.000434 0.018221 0.964428 0.014990 0.001926
2 2 0.003023 0.150428 0.680934 0.001361 0.164255
2 2 0.000040 0.004703 0.941077 0.053971 0.000209
2 2 0.002521 0.116469 0.728053 0.021471 0.131486
2 2 0.001241 0.056874 0.887910 0.011060 0.042915
2 2 0.000307 0.044142 0.925763 0.005972 0.023816
2 2 0.001102 0.059936 0.897822 0.014624 0.026515
2 2 0.000286 0.030312 0.927678 0.019264 0.022459
2 2 0.001517 0.037681 0.925973 0.016640 0.018189
2 2 0.000814 0.031317 0.944044 0.019167 0.004657
2 2 0.000038 0.005389 0.982563 0.011205 0.000805
2 2 0.002193 0.080359 0.795191 0.002926 0.119331
2 2 0.000438 0.018552 0.957844 0.015725 0.007441
2 2 0.000238 0.024613 0.954450 0.005055 0.015644
2 2 0.000757 0.016202 0.847354 0.105726 0.029961
2 2 0.002123 0.029450 0.894237 0.035097 0.039092
2 2 0.001225 0.010385 0.881510 0.084094 0.022785
2 2 0.000295 0.004298 0.868305 0.124457 0.002645
2 2 0.015676 0.023604 0.885417 0.036552 0.038750
2 2 0.000253 0.004896 0.923481 0.067299 0.004071
2 2 0.000988 0.005102 0.757099 0.232153 0.004659
2 2 0.000460 0.006325 0.815247 0.160369 0.017598
2 2 0.001085 0.012877 0.873679 0.085334 0.027024
2 2 0.000340 0.005696 0.890845 0.101508 0.001611
2 2 0.000404 0.003974 0.792203 0.201436 0.001983
2 2 0.001826 0.007666 0.730448 0.234969 0.025091
2 2 0.004719 0.015676 0.862654 0.067783 0.049168
3 2 0.000175 0.001577 0.488372 0.508866 0.001010
2 2 0.001526 0.005000 0.557405 0.430098 0.005970
3 2 0.000237 0.002371 0.434808 0.560638 0.001946
2 2 0.002615 0.008307 0.751306 0.225088 0.012684
2 2 0.000063 0.000859 0.527966 0.470926 0.000186
3 2 0.003859 0.011308 0.486544 0.491194 0.007095
3 2 0.001812 0.004018 0.287786 0.701920 0.004464
3 3 0.000251 0.001326 0.188085 0.809568 0.000770
3 3 0.000179 0.001896 0.402189 0.595030 0.000706
3 3 0.000845 0.001622 0.148502 0.843271 0.005760
3 3 0.000088 0.000962 0.405191 0.593524 0.000234
3 3 0.000617 0.001514 0.159523 0.837518 0.000829
3 3 0.000081 0.000646 0.400516 0.598544 0.000213
3 3 0.001559 0.003945 0.295248 0.696405 0.002844
3 3 0.000333 0.001226 0.144307 0.853545 0.000590
3 3 0.000757 0.001978 0.125743 0.867166 0.004357
3 3 0.000258 0.000798 0.119990 0.878548 0.000406
3 3 0.000768 0.001318 0.174004 0.822721 0.001190
3 3 0.000413 0.001389 0.187901 0.808918 0.001379
3 3 0.001770 0.004919 0.288074 0.701946 0.003290
3 3 0.000988 0.001625 0.147773 0.848209 0.001405
3 3 0.000531 0.000582 0.057766 0.940616 0.000506
3 3 0.001969 0.005821 0.271442 0.716270 0.004498
3 3 0.000226 0.000690 0.050922 0.947539 0.000623
3 3 0.000478 0.001124 0.167974 0.829986 0.000438
3 3 0.000091 0.000229 0.054499 0.945034 0.000147
3 3 0.001354 0.001096 0.051389 0.941034 0.005127
3 3 0.000006 0.000085 0.069323 0.930539 0.000046
3 3 0.000002 0.000036 0.037672 0.962271 0.000018
3 3 0.001404 0.001282 0.078952 0.917438 0.000925
3 3 0.000000 0.000006 0.029466 0.970525 0.000002
3 3 0.001463 0.002324 0.144619 0.849507 0.002087
3 3 0.000656 0.000557 0.088717 0.909808 0.000263
3 3 0.000028 0.000122 0.036076 0.963672 0.000102
3 3 0.000002 0.000044 0.067559 0.932381 0.000014
3 3 0.000519 0.000428 0.028968 0.969303 0.000783
3 3 0.000440 0.000523 0.038365 0.959921 0.000752
3 3 0.000022 0.000085 0.028919 0.970883 0.000090
3 3 0.000120 0.000486 0.101638 0.897520 0.000236
3 3 0.000720 0.001009 0.119134 0.878585 0.000551
3 3 0.000007 0.000033 0.020939 0.978991 0.000030
3 3 0.000082 0.000199 0.031725 0.967772 0.000222
3 3 0.000090 0.000197 0.032259 0.967217 0.000237
3 3 0.000260 0.000483 0.053284 0.945436 0.000537
3 3 0.000195 0.000455 0.074888 0.924207 0.000255
3 3 0.000259 0.000622 0.109904 0.888910 0.000305
3 3 0.000316 0.000538 0.051890 0.946642 0.000615
3 3 0.000041 0.000076 0.030536 0.969290 0.000057
3 3 0.000318 0.000513 0.065554 0.933277 0.000338
3 3 0.000262 0.000288 0.020963 0.976910 0.001577
3 3 0.000056 0.000234 0.041080 0.958408 0.000223
3 3 0.000191 0.000342 0.045384 0.953795 0.000288
3 3 0.000284 0.000350 0.021985 0.976723 0.000658
3 3 0.000096 0.000138 0.029869 0.969760 0.000137
3 3 0.000122 0.000225 0.032333 0.966919 0.000401
3 3 0.000156 0.000186 0.020651 0.978694 0.000313
3 3 0.000203 0.000617 0.084433 0.913670 0.001077
3 3 0.000056 0.000385 0.086579 0.912825 0.000156
3 3 0.000067 0.000236 0.073447 0.926137 0.000112
3 3 0.000061 0.000206 0.045322 0.954246 0.000165
3 3 0.000211 0.000365 0.025899 0.972890 0.000635
3 3 0.000487 0.000523 0.047566 0.950855 0.000567
3 3 0.001695 0.000850 0.026666 0.968904 0.001885
3 3 0.001158 0.000639 0.037347 0.959857 0.000999
3 3 0.001429 0.001228 0.041749 0.951961 0.003633
3 3 0.000541 0.000544 0.029608 0.968368 0.000940
3 3 0.001628 0.001140 0.103883 0.892647 0.000702
3 3 0.000660 0.000678 0.037925 0.959495 0.001242
3 3 0.000117 0.000373 0.063714 0.935532 0.000264
3 3 0.001287 0.001510 0.123648 0.872740 0.000815
2 3 0.009165 0.019582 0.615255 0.353714 0.002285
2 3 0.009856 0.015318 0.571582 0.401122 0.002122
2 3 0.003816 0.011781 0.762341 0.220052 0.002011
2 3 0.010080 0.016142 0.804517 0.168211 0.001049
2 3 0.010263 0.028515 0.797059 0.160999 0.003163
2 3 0.010072 0.026421 0.721600 0.236905 0.005001
2 3 0.006719 0.005392 0.728350 0.259206 0.000333
2 3 0.002090 0.006655 0.600569 0.390214 0.000472
2 3 0.017171 0.028269 0.766729 0.181876 0.005954
2 3 0.007581 0.011349 0.753733 0.220120 0.007218
2 2 0.000421 0.019287 0.909712 0.069181 0.001398
2 2 0.004617 0.006572 0.655807 0.331427 0.001577
2 2 0.025515 0.013363 0.732579 0.227154 0.001390
2 2 0.004319 0.010087 0.820519 0.164520 0.000555
2 2 0.004572 0.009686 0.762273 0.221866 0.001603
2 2 0.009684 0.017914 0.749839 0.220832 0.001732
2 2 0.011134 0.012015 0.745341 0.230480 0.001029
2 2 0.005205 0.012880 0.699740 0.280829 0.001347
2 2 0.000461 0.004777 0.885396 0.109239 0.000126
2 2 0.013685 0.016570 0.662085 0.303929 0.003732
2 2 0.013860 0.015006 0.617262 0.345975 0.007897
2 2 0.016626 0.015797 0.824819 0.142026 0.000733
2 2 0.022450 0.048731 0.816068 0.102626 0.010124
2 2 0.003299 0.009386 0.809350 0.174503 0.003462
2 2 0.010811 0.014479 0.775952 0.193687 0.005071
2 2 0.001215 0.003063 0.558485 0.436846 0.000391
2 2 0.013444 0.025690 0.625253 0.329986 0.005627
2 2 0.002042 0.003345 0.743509 0.250794 0.000311
2 2 0.008107 0.021693 0.750954 0.216984 0.002261
0 0 0.897224 0.065744 0.025450 0.001291 0.010291
2 1 0.028250 0.174364 0.766539 0.022195 0.008652
2 2 0.014433 0.045817 0.917391 0.009358 0.013001
2 2 0.000202 0.018325 0.968998 0.003583 0.008892
2 2 0.000603 0.006737 0.932546 0.058835 0.001279
2 2 0.001876 0.038342 0.941861 0.013071 0.004849
2 2 0.002647 0.056497 0.898876 0.032994 0.008986
2 2 0.008213 0.059168 0.925625 0.003394 0.003601
2 2 0.004822 0.028508 0.934900 0.028296 0.003474
2 2 0.000971 0.014424 0.960873 0.023036 0.000696
2 2 0.001271 0.033417 0.952521 0.005638 0.007153
2 2 0.003344 0.045580 0.897564 0.017740 0.035771
2 2 0.004239 0.058135 0.899166 0.029378 0.009082
2 2 0.002400 0.046811 0.916620 0.024672 0.009498
2 2 0.000297 0.019335 0.894859 0.083991 0.001518
2 2 0.000304 0.023518 0.962237 0.010033 0.003909
2 2 0.000325 0.014650 0.932212 0.051531 0.001282
2 2 0.000364 0.037467 0.924722 0.005478 0.031968
2 2 0.003169 0.128601 0.738797 0.016026 0.113407
2 2 0.001578 0.089990 0.766482 0.031835 0.110115
2 2 0.001944 0.095249 0.667942 0.014593 0.220272
2 2 0.002900 0.134497 0.605715 0.010059 0.246829
4 2 0.006421 0.171689 0.378192 0.006243 0.437456
2 2 0.001880 0.086897 0.811083 0.003952 0.096189
2 2 0.005437 0.160360 0.567906 0.019519 0.246779
2 2 0.001236 0.099907 0.647601 0.002880 0.248375
4 2 0.005647 0.075601 0.393112 0.013968 0.511672
2 2 0.002439 0.100050 0.766871 0.044483 0.086157
2 1 0.131969 0.385986 0.441984 0.005553 0.034508
2 2 0.004181 0.142471 0.753771 0.034715 0.064863
2 2 0.007920 0.173633 0.666782 0.038164 0.113500
2 2 0.005941 0.147346 0.768995 0.052162 0.025555
2 2 0.003552 0.142259 0.678416 0.037827 0.137946
2 2 0.002965 0.172214 0.537769 0.002484 0.284568
2 2 0.001223 0.080332 0.799750 0.038076 0.080619
2 2 0.005961 0.214772 0.533756 0.010697 0.234814
2 2 0.002516 0.142187 0.687823 0.012260 0.155214
4 2 0.008122 0.214947 0.348753 0.004366 0.423812
4 2 0.004519 0.172715 0.326282 0.001209 0.495276
4 2 0.007594 0.110593 0.208484 0.002843 0.670485
2 2 0.003924 0.089751 0.687006 0.078116 0.141204
2 2 0.001662 0.096312 0.681125 0.011233 0.209669
2 2 0.004378 0.164825 0.576600 0.014281 0.239915
2 2 0.002046 0.102906 0.722814 0.028643 0.143591
2 2 0.002756 0.124562 0.728402 0.059127 0.085154
2 2 0.001727 0.109914 0.723182 0.012471 0.152705
2 2 0.000672 0.048971 0.820947 0.086051 0.043359
2 2 0.000754 0.052423 0.861233 0.038656 0.046934
2 2 0.008074 0.096805 0.798411 0.012823 0.083887
1 1 0.263697 0.483113 0.178343 0.000065 0.074782
2 2 0.037737 0.434319 0.450798 0.000720 0.076427
2 2 0.004823 0.088865 0.890122 0.012310 0.003880
2 2 0.003092 0.065842 0.924066 0.004526 0.002475
2 2 0.000520 0.021184 0.965777 0.011787 0.000731
2 2 0.013597 0.154678 0.804519 0.009846 0.017359
2 2 0.003131 0.044960 0.945111 0.005810 0.000989
2 2 0.006552 0.112745 0.870734 0.004750 0.005218
2 2 0.000282 0.019461 0.973817 0.005755 0.000685
2 2 0.001657 0.067199 0.921257 0.004337 0.005550
2 2 0.004617 0.094330 0.868443 0.024989 0.007621
2 2 0.006044 0.077754 0.890181 0.022989 0.003032
2 2 0.000448 0.024175 0.949735 0.023934 0.001707
2 2 0.008585 0.106783 0.869170 0.007510 0.007953
2 2 0.001977 0.056824 0.926191 0.012270 0.002738
2 2 0.000357 0.031517 0.961357 0.004704 0.002066
2 2 0.005951 0.084057 0.894299 0.010279 0.005414
2 2 0.000923 0.031968 0.911583 0.053755 0.001771
2 1 0.133106 0.355046 0.484144 0.001219 0.026484
2 2 0.001664 0.043901 0.947000 0.004669 0.002765
2 2 0.000158 0.010554 0.985799 0.003158 0.000331
2 2 0.002366 0.037466 0.936374 0.021589 0.002205
2 2 0.003692 0.059210 0.919484 0.014644 0.002970
2 2 0.000028 0.002303 0.983927 0.013718 0.000024
2 2 0.008294 0.114229 0.864215 0.004563 0.008699
2 2 0.002539 0.063770 0.923836 0.007588 0.002267
2 2 0.000216 0.007482 0.969398 0.022793 0.000111
2 2 0.004560 0.046249 0.934142 0.013485 0.001565
2 2 0.001052 0.017668 0.927325 0.053580 0.000375
2 2 0.005146 0.055847 0.926574 0.011152 0.001280
2 2 0.000574 0.014883 0.950600 0.033338 0.000606
2 2 0.001824 0.022695 0.946218 0.028557 0.000705
2 2 0.005739 0.032749 0.920059 0.039404 0.002050
2 2 0.002780 0.036110 0.927410 0.032525 0.001174
2 1 0.080653 0.142715 0.740091 0.029308 0.007233
2 2 0.030883 0.149208 0.809951 0.002124 0.007834
1 1 0.210924 0.425768 0.307913 0.000780 0.054614
2 2 0.004871 0.075385 0.902281 0.002143 0.015320
2 2 0.002266 0.046355 0.938144 0.011896 0.001339
2 2 0.008982 0.151405 0.829256 0.003579 0.006778
2 2 0.000999 0.045704 0.948468 0.003013 0.001816
2 2 0.003036 0.030473 0.949315 0.016680 0.000496
2 2 0.000859 0.028653 0.954322 0.015329 0.000837
2 2 0.000222 0.014400 0.979979 0.005115 0.000283
2 2 0.001807 0.033331 0.940342 0.023636 0.000884
2 2 0.003208 0.038346 0.952452 0.005334 0.000660
2 2 0.011647 0.085129 0.891206 0.008581 0.003437
2 2 0.007545 0.051716 0.932796 0.007164 0.000778
2 2 0.004965 0.044933 0.929043 0.020110 0.000949
2 2 0.002648 0.035778 0.926020 0.034612 0.000942
2 2 0.007427 0.053029 0.919610 0.018848 0.001086
2 2 0.001722 0.027736 0.922285 0.047510 0.000746
2 2 0.001401 0.023728 0.922361 0.051902 0.000608
2 2 0.000902 0.008836 0.943419 0.046658 0.000184
2 2 0.000837 0.023366 0.948765 0.026400 0.000633
2 2 0.023366 0.049105 0.887495 0.037696 0.002338
2 2 0.006083 0.049058 0.922442 0.021365 0.001053
2 2 0.007630 0.048460 0.927514 0.015567 0.000829
2 2 0.006631 0.040966 0.904870 0.045956 0.001577
2 2 0.005122 0.056552 0.889669 0.046654 0.002004
2 2 0.001341 0.014061 0.919237 0.064984 0.000377
2 2 0.003407 0.040708 0.913361 0.040819 0.001705
2 2 0.007525 0.041158 0.918703 0.031079 0.001535
2 2 0.003233 0.017613 0.926444 0.052205 0.000505
2 2 0.009307 0.051378 0.912605 0.025646 0.001063
2 2 0.001113 0.011430 0.981683 0.005701 0.000074
2 2 0.013431 0.077183 0.897040 0.010774 0.001571
2 1 0.220580 0.267292 0.486600 0.010165 0.015364
2 2 0.001792 0.059917 0.891622 0.033712 0.012955
2 2 0.002436 0.038609 0.950905 0.004589 0.003461
2 2 0.003068 0.070225 0.880834 0.038103 0.007771
2 2 0.000110 0.006226 0.925364 0.068160 0.000141
2 2 0.005654 0.135971 0.803171 0.020030 0.035174
2 2 0.000668 0.009945 0.919853 0.069032 0.000502
2 2 0.020150 0.058280 0.902082 0.016429 0.003060
2 2 0.000509 0.023684 0.943236 0.030220 0.002351
2 2 0.001184 0.031119 0.946471 0.017066 0.004159
2 2 0.000147 0.003070 0.848986 0.146467 0.001330
2 2 0.001573 0.020209 0.864375 0.111618 0.002226
2 2 0.000267 0.019627 0.964294 0.012282 0.003530
2 2 0.000366 0.012553 0.951304 0.033846 0.001931
2 2 0.000829 0.028418 0.908591 0.054974 0.007188
2 2 0.000116 0.003492 0.947634 0.048437 0.000321
2 2 0.000487 0.012222 0.942001 0.042665 0.002625
2 2 0.001829 0.016649 0.913290 0.054371 0.013861
2 2 0.000142 0.009323 0.922689 0.066024 0.001822
2 2 0.000836 0.009505 0.929521 0.057424 0.002714
2 2 0.000220 0.012277 0.965863 0.019509 0.002131
2 2 0.007375 0.018106 0.816745 0.148868 0.008906
2 2 0.001879 0.014488 0.912308 0.060223 0.011102
2 2 0.011755 0.041063 0.904628 0.038244 0.004309
2 2 0.000856 0.042944 0.934291 0.008596 0.013313
2 2 0.001182 0.013639 0.885804 0.090096 0.009279
2 2 0.000180 0.007370 0.945174 0.043540 0.003737
2 2 0.001665 0.011919 0.925490 0.058538 0.002389
2 2 0.001457 0.029326 0.944969 0.016986 0.007262
2 2 0.000175 0.007130 0.944063 0.047698 0.000933
2 2 0.001522 0.017064 0.909004 0.059745 0.012664
2 2 0.000828 0.007447 0.878232 0.104746 0.008748
2 2 0.354242 0.177820 0.418083 0.011303 0.038553
2 2 0.061282 0.249664 0.674117 0.003830 0.011107
2 2 0.008039 0.124158 0.850405 0.011206 0.006193
2 2 0.002478 0.018521 0.959710 0.019042 0.000249
2 2 0.007624 0.027636 0.839845 0.091946 0.032948
2 2 0.004521 0.146092 0.542584 0.016603 0.290200
2 2 0.005469 0.174166 0.453468 0.007487 0.359410
2 2 0.019161 0.252177 0.635689 0.032197 0.060776
2 2 0.004333 0.152090 0.579847 0.018793 0.244938
2 2 0.000897 0.056244 0.890960 0.018119 0.033780
2 2 0.004564 0.121330 0.441935 0.008983 0.423188
4 4 0.011266 0.153542 0.310172 0.013717 0.511302
4 4 0.011604 0.203177 0.313278 0.010308 0.461634
2 4 0.004732 0.162640 0.555054 0.015589 0.261985
2 4 0.007319 0.145968 0.731630 0.012379 0.102704
4 4 0.011674 0.027141 0.062653 0.002940 0.895592
4 4 0.013195 0.035229 0.070393 0.002364 0.878819
2 4 0.003279 0.093849 0.723711 0.044499 0.134662
4 4 0.024739 0.074896 0.259911 0.029625 0.610828
2 4 0.009731 0.117657 0.485358 0.021141 0.366113
4 4 0.013411 0.014239 0.049598 0.004207 0.918546
4 2 0.005651 0.058717 0.388426 0.023234 0.523973
4 2 0.013363 0.030003 0.060080 0.003207 0.893346
4 2 0.006336 0.013724 0.101381 0.004905 0.873654
4 2 0.013890 0.018765 0.034854 0.001900 0.930591
4 2 0.012993 0.007071 0.014972 0.000998 0.963966
4 2 0.017757 0.001406 0.004109 0.000858 0.975870
4 2 0.018631 0.000820 0.002846 0.000862 0.976840
0 1 0.696113 0.125139 0.040532 0.000350 0.137866
4 1 0.004919 0.181677 0.245624 0.000134 0.567647
2 2 0.000931 0.063358 0.824718 0.043392 0.067601
2 2 0.002889 0.153731 0.636623 0.008569 0.198188
4 2 0.009064 0.070214 0.128223 0.001999 0.790500
4 4 0.020099 0.006291 0.016379 0.002735 0.954496
4 4 0.009356 0.077415 0.282602 0.012831 0.617796
4 4 0.012468 0.209300 0.321361 0.013414 0.443457
4 4 0.022361 0.237692 0.155238 0.004521 0.580188
4 4 0.015897 0.019743 0.061965 0.007349 0.895045
4 4 0.006176 0.138057 0.287740 0.002603 0.565424
1 4 0.107400 0.387551 0.214578 0.000883 0.289587
2 4 0.006190 0.167254 0.692166 0.036163 0.098227
4 4 0.006574 0.160386 0.288414 0.003217 0.541409
4 4 0.008661 0.076240 0.255238 0.003596 0.656266
4 4 0.010945 0.087509 0.076472 0.000544 0.824530
4 4 0.009150 0.014385 0.016768 0.000238 0.959459
4 4 0.007331 0.191100 0.237973 0.001257 0.562339
4 4 0.008833 0.264542 0.279570 0.001267 0.445788
4 4 0.005385 0.154042 0.322008 0.002964 0.515601
4 4 0.008379 0.259171 0.307546 0.001621 0.423284
4 1 0.029646 0.218636 0.224447 0.000305 0.526966
4 1 0.009496 0.177546 0.136363 0.000060 0.676536
4 1 0.008960 0.255029 0.221792 0.000363 0.513855
4 4 0.007687 0.095863 0.123383 0.000896 0.772171
4 4 0.015329 0.016468 0.015696 0.000478 0.952030
4 4 0.010296 0.002342 0.002360 0.000048 0.984954
4 4 0.011924 0.109561 0.148423 0.003003 0.727088
4 4 0.018552 0.073305 0.104437 0.004237 0.799469
4 4 0.013027 0.145289 0.215464 0.006105 0.620115
4 4 0.013574 0.091268 0.145721 0.003523 0.745915
4 4 0.013422 0.067488 0.052229 0.000674 0.866187
4 4 0.014930 0.021967 0.011028 0.000151 0.951924
4 4 0.019462 0.015968 0.010179 0.000274 0.954116
4 4 0.012513 0.037214 0.041605 0.000735 0.907933
2 4 0.007006 0.197011 0.408381 0.006868 0.380733
4 4 0.011131 0.137092 0.102617 0.000734 0.748426
4 4 0.015438 0.085493 0.127680 0.004689 0.766700
4 4 0.021892 0.061073 0.026026 0.000466 0.890543
2 4 0.003860 0.148751 0.454886 0.004469 0.388033
4 4 0.009023 0.027919 0.014381 0.000070 0.948607
4 4 0.009769 0.193245 0.211425 0.001972 0.583589
4 4 0.036448 0.233865 0.254934 0.001739 0.473015
4 4 0.019837 0.088349 0.109678 0.002560 0.779576
