0 0 0.968178 0.016339 0.011547 0.000001 0.003935
0 0 0.995234 0.002888 0.001178 0.000002 0.000699
0 0 0.992141 0.004718 0.002172 0.000007 0.000962
0 0 0.991855 0.004676 0.002557 0.000016 0.000895
0 0 0.977014 0.013372 0.007512 0.000046 0.002056
0 0 0.996319 0.002232 0.000949 0.000006 0.000494
0 0 0.972666 0.016168 0.009475 0.000118 0.001574
0 0 0.969659 0.014611 0.010342 0.000024 0.005363
0 0 0.987620 0.006895 0.004347 0.000018 0.001120
0 0 0.977924 0.012648 0.005837 0.000013 0.003579
0 0 0.956277 0.023508 0.016926 0.000141 0.003148
0 0 0.914927 0.040995 0.021477 0.000087 0.022514
0 0 0.980228 0.011101 0.006186 0.000024 0.002460
0 0 0.937992 0.031414 0.024703 0.000122 0.005770
0 0 0.936889 0.040388 0.015873 0.000017 0.006833
0 0 0.755343 0.126836 0.079770 0.000538 0.037512
0 0 0.819638 0.079899 0.022141 0.000090 0.078232
0 0 0.819265 0.079895 0.020125 0.000035 0.080680
0 0 0.720968 0.166004 0.047152 0.000177 0.065699
0 0 0.872464 0.060695 0.044319 0.000649 0.021873
0 0 0.876370 0.070812 0.013591 0.000227 0.039000
0 0 0.741637 0.099402 0.011267 0.000474 0.147220
0 0 0.662711 0.234203 0.046165 0.001120 0.055801
0 0 0.854439 0.089640 0.025347 0.000241 0.030333
0 0 0.808096 0.127360 0.024334 0.003065 0.037144
0 1 0.344355 0.276106 0.041704 0.001601 0.336235
1 1 0.230738 0.470434 0.102595 0.004476 0.191757
1 1 0.144792 0.473221 0.159776 0.027297 0.194914
1 1 0.174428 0.424966 0.148756 0.004811 0.247038
1 1 0.068248 0.356569 0.244729 0.038809 0.291644
4 2 0.085233 0.297203 0.174419 0.025613 0.417532
4 2 0.092482 0.361480 0.156124 0.009012 0.380902
1 2 0.039551 0.371363 0.311583 0.040977 0.236525
4 2 0.094390 0.310444 0.100740 0.006341 0.488085
1 2 0.078109 0.432678 0.178274 0.010308 0.300630
1 2 0.126053 0.540762 0.205316 0.004489 0.123380
1 2 0.049467 0.307850 0.297547 0.058660 0.286476
1 2 0.144356 0.435079 0.137218 0.018099 0.265248
1 2 0.145859 0.398737 0.205796 0.008429 0.241178
2 2 0.050613 0.152351 0.400817 0.189498 0.206721
1 2 0.164292 0.273054 0.262639 0.169724 0.130290
2 2 0.033984 0.113938 0.601992 0.152784 0.097302
2 2 0.085238 0.358085 0.363878 0.091555 0.101243
2 2 0.033669 0.110206 0.483466 0.297102 0.075558
3 2 0.000523 0.004242 0.107058 0.887309 0.000867
3 2 0.000359 0.005445 0.255186 0.737553 0.001457
2 2 0.001267 0.015242 0.539020 0.441310 0.003162
3 2 0.000586 0.007837 0.155208 0.832100 0.004269
3 2 0.006718 0.019710 0.235576 0.730476 0.007520
3 2 0.002388 0.005078 0.050205 0.941663 0.000666
3 2 0.002158 0.005367 0.080028 0.912230 0.000216
3 2 0.000191 0.003326 0.203829 0.792135 0.000520
3 3 0.000062 0.000747 0.034488 0.964623 0.000080
3 3 0.000010 0.000275 0.027073 0.972606 0.000035
3 3 0.000049 0.000518 0.016237 0.983127 0.000068
3 3 0.000183 0.001455 0.041090 0.957058 0.000214
3 3 0.000013 0.000385 0.035799 0.963753 0.000051
3 3 0.000027 0.000316 0.017166 0.982470 0.000021
3 3 0.000050 0.000385 0.009457 0.990045 0.000063
3 3 0.000014 0.000271 0.011121 0.988558 0.000036
3 3 0.000039 0.000679 0.035531 0.963640 0.000111
3 3 0.000768 0.002863 0.030378 0.964830 0.001162
3 3 0.000035 0.000339 0.010449 0.989104 0.000072
3 3 0.000004 0.000185 0.015938 0.983820 0.000053
3 3 0.000004 0.000118 0.006960 0.992908 0.000010
3 3 0.000010 0.000371 0.023635 0.975871 0.000113
3 3 0.000004 0.000123 0.009293 0.990560 0.000021
3 3 0.000038 0.000379 0.013540 0.985905 0.000138
3 3 0.000002 0.000060 0.005251 0.994679 0.000008
3 3 0.000025 0.000437 0.018516 0.980886 0.000136
3 3 0.000006 0.000219 0.013845 0.985914 0.000017
3 3 0.000017 0.000214 0.007865 0.991881 0.000023
3 3 0.000030 0.000268 0.006914 0.992761 0.000028
3 3 0.000006 0.000096 0.005343 0.994542 0.000013
3 3 0.000000 0.000020 0.007739 0.992236 0.000005
3 3 0.000015 0.000309 0.015431 0.984183 0.000062
3 3 0.000033 0.000398 0.011518 0.987991 0.000060
3 3 0.000004 0.000125 0.008758 0.991096 0.000018
3 3 0.000001 0.000035 0.005400 0.994559 0.000005
3 3 0.000076 0.001147 0.040674 0.957288 0.000815
3 3 0.000009 0.000123 0.006842 0.992999 0.000028
3 3 0.000007 0.000075 0.003029 0.996884 0.000005
3 3 0.000035 0.000307 0.010569 0.988994 0.000095
3 3 0.000272 0.000814 0.010404 0.988328 0.000181
3 3 0.000007 0.000196 0.014406 0.985327 0.000064
3 3 0.000006 0.000122 0.006851 0.993007 0.000015
3 3 0.000028 0.000263 0.008228 0.991437 0.000044
3 3 0.000099 0.000320 0.006078 0.993431 0.000072
3 3 0.000002 0.000060 0.004801 0.995130 0.000006
3 3 0.000008 0.000122 0.007350 0.992490 0.000030
3 3 0.000001 0.000029 0.003819 0.996147 0.000005
3 3 0.000002 0.000058 0.005346 0.994587 0.000008
3 3 0.000002 0.000138 0.016968 0.982845 0.000046
3 3 0.000006 0.000121 0.009043 0.990793 0.000037
3 3 0.000118 0.000449 0.009061 0.990229 0.000144
3 3 0.000049 0.000469 0.015825 0.983463 0.000193
3 3 0.000113 0.000516 0.009304 0.989962 0.000105
3 3 0.000003 0.000085 0.007701 0.992196 0.000016
3 3 0.000021 0.000323 0.015394 0.984135 0.000127
3 3 0.000024 0.000417 0.015945 0.983524 0.000090
3 3 0.000004 0.000140 0.012061 0.987757 0.000038
3 3 0.000052 0.000401 0.009966 0.989507 0.000074
3 3 0.000001 0.000039 0.007026 0.992926 0.000010
3 3 0.000015 0.000245 0.010781 0.988912 0.000048
3 3 0.000122 0.000575 0.011063 0.988086 0.000154
3 3 0.000002 0.000086 0.011259 0.988630 0.000025
3 3 0.000001 0.000042 0.006155 0.993793 0.000009
3 3 0.000015 0.000242 0.015362 0.984235 0.000147
3 3 0.000000 0.000023 0.004417 0.995554 0.000005
3 3 0.000008 0.000183 0.014911 0.984795 0.000103
3 3 0.000279 0.000833 0.012196 0.986400 0.000292
3 3 0.000008 0.000161 0.011515 0.988252 0.000064
3 3 0.000053 0.000386 0.010515 0.988949 0.000098
3 3 0.000021 0.000212 0.008915 0.990788 0.000064
3 3 0.000130 0.000864 0.017189 0.981570 0.000247
3 3 0.000006 0.000099 0.008517 0.991327 0.000051
3 3 0.000000 0.000033 0.008658 0.991297 0.000012
3 3 0.000003 0.000087 0.007746 0.992141 0.000023
3 3 0.000088 0.000681 0.013304 0.985817 0.000110
3 3 0.000028 0.000163 0.005491 0.994278 0.000040
3 3 0.000027 0.000484 0.020223 0.979104 0.000162
3 3 0.000005 0.000158 0.011859 0.987941 0.000036
3 3 0.000011 0.000168 0.007503 0.992292 0.000026
3 3 0.000003 0.000083 0.006011 0.993893 0.000010
3 3 0.000002 0.000107 0.013087 0.986782 0.000023
3 3 0.000001 0.000062 0.006499 0.993430 0.000008
3 3 0.003586 0.011502 0.055284 0.927452 0.002176
2 2 0.133171 0.284677 0.346502 0.215583 0.020067
3 2 0.002915 0.047614 0.222438 0.722242 0.004790
2 2 0.012484 0.090919 0.583512 0.302880 0.010204
2 2 0.004451 0.050333 0.586831 0.357492 0.000893
2 2 0.006725 0.095900 0.766195 0.126285 0.004895
2 2 0.004220 0.028903 0.515445 0.451004 0.000428
2 2 0.013548 0.115305 0.673564 0.194368 0.003215
2 2 0.010788 0.074330 0.725434 0.187631 0.001817
2 2 0.000403 0.024007 0.919525 0.055825 0.000240
2 2 0.013889 0.091975 0.710793 0.180500 0.002843
2 2 0.009315 0.084359 0.736500 0.168772 0.001055
2 2 0.012056 0.080224 0.731016 0.170491 0.006213
2 2 0.053377 0.217033 0.669938 0.047823 0.011829
2 2 0.000323 0.012004 0.781268 0.206307 0.000099
2 2 0.004625 0.055981 0.854372 0.082107 0.002915
2 2 0.010732 0.074484 0.708199 0.205285 0.001300
2 2 0.001859 0.033525 0.786084 0.175308 0.003224
3 1 0.000009 0.000739 0.254413 0.744820 0.000020
1 1 0.115571 0.428438 0.421119 0.015957 0.018915
2 2 0.000751 0.028145 0.923804 0.045087 0.002212
2 2 0.000001 0.001001 0.787755 0.211091 0.000153
2 2 0.000191 0.010923 0.637265 0.350317 0.001305
2 2 0.001131 0.050322 0.873464 0.061522 0.013562
2 2 0.001209 0.028511 0.921113 0.048614 0.000554
2 2 0.137516 0.334727 0.501378 0.011379 0.015000
2 2 0.013446 0.105501 0.736097 0.051712 0.093244
2 2 0.001095 0.036994 0.759068 0.184886 0.017957
2 2 0.011124 0.117454 0.840112 0.024631 0.006678
2 2 0.028599 0.223878 0.676657 0.024266 0.046600
2 2 0.000154 0.029698 0.943702 0.018747 0.007699
2 2 0.036170 0.186293 0.737575 0.022924 0.017039
2 2 0.020240 0.251924 0.646653 0.014327 0.066856
2 2 0.008336 0.193662 0.669443 0.071964 0.056595
2 2 0.011050 0.179621 0.797625 0.004641 0.007062
2 2 0.083692 0.371978 0.468955 0.014246 0.061130
2 2 0.010801 0.168865 0.755097 0.013388 0.051849
2 2 0.003998 0.046851 0.866935 0.080841 0.001375
1 2 0.066940 0.407443 0.393601 0.014513 0.117503
2 2 0.023595 0.231298 0.665770 0.023900 0.055438
2 2 0.079327 0.358065 0.510326 0.002970 0.049312
2 2 0.028655 0.259411 0.614921 0.037777 0.059236
2 2 0.056795 0.363759 0.483262 0.003168 0.093015
2 2 0.000695 0.022791 0.911661 0.062986 0.001867
2 2 0.076458 0.264885 0.592947 0.033128 0.032582
2 2 0.007490 0.126627 0.813263 0.011564 0.041056
2 2 0.000226 0.013996 0.912168 0.073241 0.000369
2 2 0.000579 0.032541 0.911476 0.050924 0.004481
2 2 0.008419 0.092816 0.853816 0.040285 0.004664
2 2 0.026131 0.251404 0.686778 0.015668 0.020020
2 2 0.000406 0.029322 0.928684 0.038938 0.002651
2 2 0.000496 0.016792 0.921877 0.060305 0.000531
2 2 0.000114 0.010305 0.874086 0.115079 0.000416
2 2 0.001920 0.039232 0.804458 0.152699 0.001691
2 2 0.007521 0.040037 0.607965 0.342177 0.002300
1 1 0.221435 0.451740 0.312591 0.003322 0.010912
0 0 0.809890 0.115271 0.047861 0.000488 0.026490
0 0 0.537511 0.309284 0.130833 0.007254 0.015119
1 1 0.413377 0.437361 0.137786 0.000674 0.010802
1 2 0.122219 0.470237 0.363907 0.028236 0.015402
2 2 0.082223 0.328759 0.569021 0.013339 0.006658
2 2 0.025813 0.237966 0.684541 0.041563 0.010117
2 2 0.039438 0.299685 0.631011 0.018852 0.011015
2 2 0.077792 0.278567 0.606890 0.028483 0.008268
2 2 0.063638 0.332878 0.538282 0.038045 0.027158
2 2 0.009743 0.117308 0.794414 0.072282 0.006253
2 2 0.031608 0.148839 0.779187 0.037087 0.003279
2 2 0.020360 0.170623 0.781009 0.024262 0.003747
2 2 0.132917 0.336195 0.511126 0.014033 0.005729
2 2 0.082837 0.246430 0.635345 0.027013 0.008375
2 2 0.038484 0.239878 0.674677 0.035920 0.011042
1 2 0.166425 0.414033 0.388542 0.015570 0.015430
2 2 0.050047 0.219748 0.674986 0.048849 0.006370
2 2 0.030169 0.188658 0.763769 0.014443 0.002961
2 2 0.034752 0.125999 0.654658 0.179899 0.004693
2 2 0.063622 0.261993 0.624271 0.045843 0.004271
0 0 0.449369 0.386626 0.145298 0.011362 0.007345
1 1 0.320487 0.487003 0.177348 0.004136 0.011025
2 1 0.081784 0.407727 0.478555 0.021479 0.010456
2 2 0.048057 0.256730 0.614676 0.073210 0.007327
0 2 0.393108 0.393035 0.201250 0.003579 0.009029
0 0 0.887319 0.054924 0.049744 0.003379 0.004634
0 0 0.916863 0.040418 0.038379 0.000269 0.004071
0 0 0.928843 0.040268 0.026732 0.000302 0.003855
0 0 0.721457 0.213122 0.055679 0.000944 0.008798
1 1 0.306678 0.503623 0.179023 0.000945 0.009731
1 1 0.230602 0.520171 0.232164 0.007130 0.009933
1 1 0.111646 0.440072 0.380625 0.032806 0.034851
2 1 0.013123 0.239704 0.679720 0.054616 0.012837
2 2 0.004592 0.095004 0.788645 0.108631 0.003128
2 2 0.002147 0.039705 0.845915 0.111725 0.000508
2 2 0.000988 0.024000 0.915628 0.059068 0.000316
2 2 0.000071 0.003873 0.808338 0.187682 0.000035
2 2 0.000233 0.006979 0.842316 0.150368 0.000104
2 2 0.001033 0.028923 0.794330 0.174754 0.000959
2 2 0.000002 0.000439 0.676038 0.323520 0.000001
2 2 0.000123 0.004882 0.918105 0.076854 0.000036
2 2 0.001010 0.017097 0.766918 0.214816 0.000159
2 2 0.021472 0.055604 0.607949 0.314517 0.000457
2 2 0.000411 0.008710 0.824777 0.166030 0.000072
2 2 0.000055 0.004342 0.535258 0.460253 0.000093
2 2 0.000573 0.004421 0.521730 0.473246 0.000030
2 2 0.000240 0.005316 0.716312 0.278098 0.000034
2 2 0.000977 0.021747 0.730844 0.245772 0.000659
3 2 0.000249 0.006311 0.491431 0.501972 0.000037
3 2 0.000041 0.001244 0.403553 0.595145 0.000018
2 2 0.000517 0.007283 0.564916 0.427217 0.000068
3 2 0.000090 0.001183 0.214619 0.784093 0.000014
2 2 0.001041 0.011845 0.578133 0.408832 0.000147
3 2 0.002175 0.009849 0.380407 0.607463 0.000106
3 2 0.000213 0.002721 0.148401 0.848590 0.000076
3 2 0.004916 0.023272 0.328361 0.643200 0.000251
2 2 0.008821 0.037938 0.643973 0.308926 0.000342
3 2 0.000395 0.004740 0.267696 0.727131 0.000037
2 2 0.000522 0.013882 0.794974 0.190497 0.000124
3 2 0.000541 0.004077 0.332684 0.662639 0.000059
2 2 0.000248 0.004071 0.523916 0.471730 0.000034
3 2 0.002239 0.012076 0.338034 0.647167 0.000484
2 2 0.000142 0.006425 0.523459 0.469747 0.000227
3 2 0.000121 0.003043 0.387634 0.609126 0.000076
2 2 0.001433 0.028262 0.750291 0.218484 0.001530
3 2 0.000070 0.001891 0.233926 0.764044 0.000069
2 2 0.002157 0.037254 0.723454 0.234322 0.002813
2 2 0.000044 0.003220 0.556458 0.440079 0.000200
2 2 0.001166 0.014261 0.825665 0.158747 0.000161
2 2 0.000241 0.015882 0.827338 0.155565 0.000974
2 2 0.000271 0.012054 0.684845 0.302309 0.000521
2 2 0.000517 0.011123 0.607656 0.380423 0.000281
2 2 0.000082 0.003036 0.812234 0.184631 0.000017
3 2 0.000045 0.002873 0.455428 0.541601 0.000052
2 2 0.000366 0.010195 0.663212 0.325992 0.000235
3 2 0.000192 0.007212 0.492112 0.500223 0.000261
3 2 0.001064 0.006537 0.419462 0.572726 0.000211
2 2 0.000170 0.004853 0.524489 0.470184 0.000303
2 2 0.000031 0.003894 0.561286 0.434713 0.000076
2 2 0.002124 0.024027 0.730932 0.242354 0.000563
3 2 0.000150 0.003076 0.455189 0.541512 0.000072
3 2 0.000042 0.002168 0.396351 0.601417 0.000022
2 2 0.000184 0.007564 0.585276 0.406911 0.000066
2 2 0.000017 0.002387 0.619561 0.378011 0.000024
3 2 0.000013 0.001610 0.438766 0.559550 0.000061
3 2 0.000030 0.001381 0.175758 0.822703 0.000128
3 2 0.000340 0.004202 0.189193 0.806029 0.000236
3 2 0.000532 0.005526 0.381381 0.612436 0.000125
3 2 0.000038 0.000725 0.150100 0.849117 0.000020
3 2 0.000003 0.000143 0.084251 0.915597 0.000007
3 2 0.000008 0.000200 0.073692 0.926090 0.000011
3 3 0.000037 0.000797 0.037847 0.961277 0.000042
3 3 0.000007 0.001168 0.111839 0.886675 0.000311
3 3 0.000268 0.004643 0.265611 0.729008 0.000469
3 3 0.000147 0.001013 0.045346 0.953474 0.000020
3 3 0.001147 0.004966 0.151088 0.842105 0.000694
3 3 0.000091 0.001407 0.082300 0.915995 0.000208
3 3 0.000065 0.001861 0.107004 0.890921 0.000149
3 3 0.000254 0.001679 0.113716 0.884308 0.000042
3 3 0.000167 0.001076 0.028770 0.969776 0.000212
3 3 0.000077 0.000775 0.031283 0.967647 0.000217
3 3 0.000172 0.001192 0.017727 0.980718 0.000190
3 3 0.000006 0.000176 0.028411 0.971394 0.000012
3 3 0.000009 0.000294 0.040021 0.959660 0.000016
3 3 0.000174 0.001578 0.051477 0.946415 0.000357
3 3 0.000060 0.000735 0.031715 0.967388 0.000102
3 3 0.000067 0.001009 0.052165 0.946654 0.000106
3 3 0.000024 0.000457 0.023674 0.975788 0.000056
3 3 0.002964 0.005498 0.028709 0.961937 0.000892
3 3 0.000029 0.000614 0.037230 0.962015 0.000113
3 3 0.000013 0.000456 0.024850 0.974568 0.000112
3 3 0.000008 0.000178 0.018473 0.981312 0.000029
3 3 0.000050 0.000542 0.014499 0.984800 0.000109
3 3 0.000394 0.001037 0.014738 0.983729 0.000102
3 3 0.000022 0.000455 0.036098 0.963347 0.000077
3 3 0.000151 0.001383 0.037595 0.960310 0.000561
3 3 0.000169 0.001226 0.021606 0.976678 0.000321
3 3 0.000120 0.000950 0.032679 0.966179 0.000072
3 3 0.000308 0.002327 0.034688 0.961947 0.000730
3 3 0.000004 0.000052 0.003718 0.996218 0.000009
3 3 0.000499 0.002025 0.021775 0.975209 0.000492
3 3 0.005197 0.006614 0.024875 0.961881 0.001433
3 3 0.000005 0.000203 0.036898 0.962860 0.000034
3 3 0.000122 0.001346 0.032098 0.965895 0.000538
3 3 0.000886 0.002007 0.019622 0.976626 0.000860
3 3 0.000000 0.000031 0.007704 0.992254 0.000010
4 2 0.082069 0.116673 0.128816 0.060774 0.611669
1 2 0.184872 0.339886 0.274744 0.039944 0.160553
1 2 0.090594 0.488078 0.153752 0.010919 0.256657
1 2 0.114571 0.488818 0.171970 0.007051 0.217590
1 1 0.331608 0.408102 0.210028 0.021447 0.028815
1 1 0.146180 0.505699 0.266079 0.023519 0.058524
2 1 0.044207 0.312663 0.437303 0.114562 0.091264
2 2 0.009170 0.102010 0.611243 0.262962 0.014616
1 2 0.030545 0.427576 0.276214 0.010805 0.254860
1 2 0.067725 0.531278 0.267586 0.053422 0.079988
2 2 0.017384 0.316038 0.577539 0.005959 0.083080
2 2 0.050094 0.303274 0.581198 0.021953 0.043480
1 1 0.227102 0.475184 0.210823 0.022954 0.063937
2 1 0.051861 0.374328 0.433441 0.105761 0.034609
2 1 0.072420 0.372884 0.429539 0.066215 0.058941
2 2 0.033352 0.233677 0.658387 0.058235 0.016350
2 2 0.121391 0.344747 0.475802 0.024244 0.033816
2 2 0.083092 0.297800 0.561135 0.034741 0.023233
2 2 0.063778 0.253326 0.619814 0.047188 0.015895
2 2 0.151046 0.330396 0.488015 0.017428 0.013116
1 1 0.178723 0.419338 0.373564 0.012723 0.015653
2 2 0.005530 0.092781 0.832325 0.061859 0.007505
2 2 0.007591 0.059152 0.844404 0.085740 0.003113
2 2 0.009934 0.140449 0.840875 0.005501 0.003241
1 2 0.095997 0.445936 0.391388 0.012615 0.054064
1 2 0.141297 0.525924 0.292541 0.013400 0.026839
2 2 0.000267 0.028878 0.964583 0.005015 0.001257
2 2 0.000339 0.023837 0.917521 0.057701 0.000602
2 2 0.001615 0.048215 0.923680 0.025315 0.001175
2 2 0.018035 0.135261 0.791759 0.049471 0.005473
2 2 0.001609 0.048616 0.934715 0.013905 0.001155
2 2 0.004618 0.058826 0.907750 0.027461 0.001345
2 2 0.015559 0.136025 0.830098 0.011122 0.007196
2 2 0.014768 0.170399 0.794970 0.007790 0.012074
2 2 0.000709 0.026720 0.947989 0.023560 0.001023
2 2 0.022394 0.142599 0.801110 0.021128 0.012769
2 2 0.019570 0.175538 0.754473 0.035609 0.014809
2 2 0.013645 0.147630 0.804433 0.025698 0.008594
2 2 0.001938 0.042525 0.906483 0.047785 0.001268
2 2 0.003452 0.054409 0.906533 0.034435 0.001171
2 2 0.000112 0.010653 0.938229 0.050644 0.000362
2 2 0.002423 0.059731 0.915933 0.017924 0.003989
2 2 0.007909 0.166195 0.802847 0.018830 0.004218
2 2 0.000537 0.022959 0.938795 0.037440 0.000270
2 2 0.012193 0.066100 0.815402 0.099871 0.006435
2 2 0.018482 0.195277 0.661608 0.043443 0.081191
2 2 0.001167 0.024320 0.902100 0.070167 0.002245
2 2 0.000049 0.004229 0.859189 0.135632 0.000901
2 2 0.038996 0.230803 0.708737 0.012232 0.009232
2 2 0.002301 0.036173 0.930883 0.029883 0.000759
2 2 0.000027 0.005074 0.941578 0.053197 0.000124
1 1 0.251149 0.507064 0.222912 0.002154 0.016721
2 1 0.051716 0.338655 0.522529 0.078105 0.008995
2 2 0.019343 0.188873 0.745155 0.039616 0.007013
0 0 0.374900 0.325733 0.262912 0.023550 0.012905
1 1 0.212993 0.494797 0.262052 0.014508 0.015650
2 1 0.006040 0.169942 0.782671 0.026177 0.015170
2 2 0.000000 0.000498 0.914900 0.084557 0.000045
2 2 0.000532 0.060374 0.880372 0.019610 0.039112
2 2 0.008690 0.222740 0.490755 0.033635 0.244180
1 4 0.090418 0.420456 0.147833 0.004978 0.336316
4 4 0.026742 0.020548 0.005497 0.000155 0.947058
4 4 0.022770 0.013946 0.002399 0.000039 0.960846
4 4 0.017482 0.021506 0.003031 0.000022 0.957958
4 4 0.031517 0.013782 0.001458 0.000020 0.953224
4 4 0.014678 0.010981 0.002156 0.000028 0.972156
4 4 0.097092 0.065155 0.013687 0.000841 0.823225
4 4 0.022536 0.217085 0.199820 0.012097 0.548462
4 4 0.022116 0.030943 0.010681 0.000289 0.935971
4 4 0.018676 0.061308 0.050240 0.003105 0.866671
4 4 0.069775 0.031684 0.005747 0.000273 0.892522
4 4 0.101983 0.031600 0.003365 0.000136 0.862915
4 4 0.214911 0.183858 0.050211 0.005597 0.545423
1 4 0.291220 0.421470 0.209284 0.005616 0.072409
1 4 0.100914 0.455801 0.121480 0.002004 0.319801
4 4 0.186754 0.068782 0.015687 0.002549 0.726229
1 4 0.193203 0.370950 0.096648 0.001363 0.337837
1 4 0.087245 0.502233 0.105447 0.003822 0.301253
1 4 0.027674 0.421536 0.142668 0.002137 0.405984
4 4 0.053088 0.323465 0.090972 0.002168 0.530307
1 4 0.121479 0.541467 0.200215 0.003835 0.133004
1 4 0.064660 0.547188 0.126600 0.002058 0.259494
1 4 0.031363 0.537553 0.269596 0.002515 0.158972
1 4 0.033399 0.532241 0.282464 0.018311 0.133585
2 4 0.017386 0.286896 0.573911 0.027274 0.094534
2 2 0.000536 0.046352 0.846775 0.095766 0.010570
1 2 0.087382 0.437390 0.338012 0.010057 0.127160
2 2 0.018770 0.280037 0.466875 0.040543 0.193775
2 2 0.004264 0.125472 0.822790 0.025407 0.022066
2 2 0.000013 0.005247 0.952024 0.041961 0.000755
1 2 0.110272 0.432137 0.380666 0.009741 0.067184
2 2 0.008953 0.171587 0.792105 0.004908 0.022448
2 2 0.000318 0.025630 0.952901 0.016161 0.004989
2 2 0.018243 0.324629 0.626769 0.008797 0.021562
2 2 0.000245 0.029415 0.914673 0.048371 0.007296
2 2 0.000307 0.025566 0.944019 0.026220 0.003888
2 2 0.001203 0.036113 0.885972 0.074858 0.001854
2 2 0.001691 0.057179 0.908932 0.016003 0.016195
2 2 0.000899 0.019883 0.947958 0.030000 0.001261
2 2 0.000956 0.034911 0.895158 0.066983 0.001992
2 2 0.001885 0.047552 0.931732 0.016396 0.002435
2 2 0.002572 0.079732 0.884259 0.017833 0.015603
2 2 0.000200 0.005934 0.851324 0.142346 0.000196
2 2 0.000648 0.023488 0.949594 0.025540 0.000730
2 2 0.001572 0.042043 0.898971 0.056082 0.001332
2 2 0.001173 0.021880 0.924193 0.052033 0.000720
2 2 0.091979 0.239723 0.607335 0.032222 0.028741
2 2 0.021159 0.162528 0.795777 0.007946 0.012590
2 2 0.000164 0.008364 0.798242 0.193089 0.000141
2 2 0.000615 0.038048 0.890062 0.068943 0.002332
2 2 0.000586 0.012128 0.965816 0.021196 0.000274
2 2 0.001754 0.027911 0.890409 0.079604 0.000321
2 2 0.000312 0.015356 0.952360 0.031637 0.000335
2 2 0.000114 0.006017 0.841553 0.152254 0.000062
2 2 0.003571 0.044904 0.808450 0.138689 0.004387
2 2 0.001150 0.031746 0.852733 0.113798 0.000573
2 2 0.001999 0.023369 0.782708 0.191424 0.000501
2 2 0.000784 0.027927 0.828257 0.141958 0.001074
2 2 0.000753 0.032103 0.890401 0.075956 0.000786
2 2 0.000560 0.016754 0.797406 0.184687 0.000593
2 2 0.000551 0.017007 0.797565 0.184458 0.000420
2 2 0.062157 0.160285 0.722360 0.047193 0.008005
2 2 0.015228 0.092505 0.819920 0.065162 0.007185
2 2 0.000020 0.003057 0.818010 0.178874 0.000039
2 2 0.008996 0.076057 0.858858 0.050432 0.005657
2 2 0.043774 0.206109 0.719689 0.014835 0.015593
0 0 0.745865 0.139236 0.099473 0.010543 0.004884
1 1 0.130292 0.571508 0.276293 0.002021 0.019886
2 1 0.003595 0.110067 0.872830 0.006777 0.006731
2 2 0.000543 0.016892 0.910849 0.071205 0.000512
2 2 0.000373 0.012520 0.967335 0.019602 0.000169
2 2 0.000006 0.000828 0.887796 0.111366 0.000004
2 2 0.000064 0.005813 0.940753 0.053324 0.000045
2 2 0.000081 0.005533 0.848667 0.145651 0.000068
2 2 0.000154 0.018572 0.940810 0.040159 0.000305
2 2 0.001065 0.018581 0.813211 0.166860 0.000283
2 2 0.000635 0.014221 0.782977 0.201974 0.000193
2 2 0.000025 0.000945 0.505117 0.493896 0.000018
2 2 0.000144 0.005588 0.832336 0.161869 0.000063
2 2 0.000138 0.011240 0.797377 0.191020 0.000226
2 2 0.000132 0.004303 0.793721 0.201808 0.000037
2 2 0.000016 0.001712 0.691668 0.306575 0.000028
2 2 0.000817 0.014699 0.747002 0.237277 0.000205
2 2 0.000616 0.010145 0.779361 0.209629 0.000250
3 2 0.000092 0.002764 0.411852 0.585223 0.000069
3 2 0.000006 0.000353 0.296009 0.703626 0.000006
2 2 0.002349 0.033785 0.827967 0.135374 0.000524
2 2 0.000049 0.002652 0.566441 0.430848 0.000010
3 2 0.000734 0.005404 0.352449 0.641309 0.000104
2 2 0.000850 0.017432 0.675318 0.306240 0.000160
3 2 0.000070 0.002755 0.413083 0.584061 0.000031
2 2 0.001184 0.014038 0.669645 0.314967 0.000166
3 2 0.000051 0.001376 0.360176 0.638383 0.000014
2 2 0.000085 0.003459 0.647188 0.349215 0.000054
3 2 0.000124 0.003519 0.272124 0.724079 0.000154
2 2 0.001226 0.034182 0.614234 0.348139 0.002219
3 2 0.000010 0.000435 0.201883 0.797664 0.000007
3 2 0.000074 0.001064 0.201898 0.796938 0.000026
3 2 0.000056 0.001450 0.175679 0.822719 0.000097
3 2 0.000171 0.002697 0.351180 0.645913 0.000039
3 2 0.000363 0.002655 0.224926 0.772006 0.000051
3 3 0.000129 0.001991 0.072977 0.924602 0.000300
3 3 0.000097 0.002473 0.275417 0.721911 0.000102
3 3 0.000008 0.000498 0.149185 0.850263 0.000046
3 3 0.000025 0.000790 0.121530 0.877596 0.000059
3 3 0.000029 0.000825 0.082888 0.916205 0.000052
3 3 0.000068 0.002623 0.209416 0.787519 0.000374
3 3 0.000007 0.000151 0.046169 0.953665 0.000009
3 3 0.000105 0.001820 0.151991 0.845937 0.000147
3 3 0.000257 0.002248 0.150986 0.846408 0.000102
3 3 0.000271 0.002990 0.140297 0.855908 0.000534
3 3 0.000106 0.001154 0.055079 0.943555 0.000106
3 3 0.000011 0.000357 0.105824 0.893784 0.000024
3 3 0.000007 0.000283 0.027457 0.972180 0.000073
3 3 0.000227 0.002153 0.060528 0.936538 0.000553
3 3 0.000021 0.000544 0.128958 0.870402 0.000075
3 3 0.000036 0.000679 0.072600 0.926581 0.000103
3 3 0.000028 0.000415 0.026776 0.972746 0.000035
3 3 0.000174 0.002342 0.298464 0.698554 0.000465
3 3 0.000334 0.002008 0.053524 0.942969 0.001165
3 3 0.000023 0.000571 0.036752 0.962575 0.000078
3 3 0.000012 0.000713 0.074610 0.924566 0.000100
3 3 0.000011 0.000374 0.043685 0.955907 0.000023
3 3 0.000553 0.002532 0.057439 0.938585 0.000891
3 3 0.000077 0.000859 0.025988 0.972886 0.000190
3 3 0.000003 0.000164 0.047892 0.951912 0.000030
3 3 0.000051 0.000613 0.041164 0.958049 0.000122
3 3 0.000452 0.002728 0.045555 0.950604 0.000661
3 3 0.000265 0.001327 0.037004 0.961303 0.000100
3 3 0.000001 0.000052 0.030139 0.969806 0.000002
3 3 0.001408 0.003248 0.061549 0.933537 0.000258
3 3 0.000030 0.000755 0.063278 0.935820 0.000117
3 3 0.000198 0.002740 0.091075 0.904758 0.001229
3 3 0.000035 0.000954 0.079959 0.918944 0.000108
3 3 0.000136 0.003298 0.087920 0.908196 0.000450
3 3 0.000020 0.000604 0.039106 0.960178 0.000092
3 3 0.000028 0.000385 0.026726 0.972813 0.000049
3 3 0.000028 0.000537 0.038141 0.961260 0.000033
3 3 0.000008 0.000350 0.026590 0.972960 0.000092
3 3 0.000012 0.000205 0.022274 0.977446 0.000064
3 3 0.000211 0.001338 0.017370 0.980899 0.000183
3 3 0.000048 0.000969 0.041921 0.956905 0.000157
3 3 0.000027 0.000416 0.037161 0.962334 0.000062
3 3 0.000024 0.000412 0.026604 0.972931 0.000028
3 3 0.000012 0.000390 0.059180 0.940369 0.000048
3 3 0.000945 0.005602 0.068207 0.924445 0.000801
3 3 0.000003 0.000157 0.077161 0.922664 0.000015
3 3 0.000008 0.000343 0.053956 0.945658 0.000034
3 3 0.000082 0.000965 0.030227 0.968576 0.000150
3 3 0.000037 0.000817 0.037675 0.961267 0.000204
3 3 0.000042 0.000840 0.041333 0.957651 0.000134
3 3 0.000000 0.000041 0.056377 0.943577 0.000005
3 3 0.000095 0.001617 0.064083 0.932997 0.001207
3 3 0.000020 0.000379 0.049439 0.950120 0.000042
3 3 0.000370 0.004243 0.090989 0.898842 0.005556
3 3 0.000046 0.000981 0.044041 0.954599 0.000333
3 3 0.000052 0.001680 0.063305 0.934501 0.000461
3 2 0.026341 0.059402 0.367087 0.541456 0.005714
2 2 0.000834 0.046960 0.656771 0.282347 0.013089
1 2 0.114863 0.414651 0.109219 0.007284 0.353983
4 4 0.025059 0.078705 0.170372 0.016767 0.709098
4 4 0.031088 0.089610 0.029226 0.000616 0.849459
4 4 0.175093 0.140939 0.030725 0.003201 0.650042
4 4 0.185225 0.089840 0.024086 0.004211 0.696638
4 4 0.027591 0.265745 0.192588 0.010559 0.503517
4 4 0.076237 0.170578 0.045102 0.001804 0.706279
1 1 0.236909 0.380416 0.319401 0.003383 0.059890
2 1 0.114769 0.293091 0.487458 0.012941 0.091741
4 4 0.107061 0.294355 0.181503 0.001513 0.415567
4 4 0.066387 0.227362 0.037132 0.000616 0.668503
4 4 0.031834 0.054972 0.014969 0.000326 0.897898
4 4 0.104180 0.194375 0.045949 0.000750 0.654747
1 4 0.055192 0.470255 0.144689 0.002004 0.327860
4 4 0.061274 0.072429 0.018815 0.000784 0.846698
4 4 0.196656 0.120462 0.031811 0.002872 0.648200
1 4 0.099030 0.431043 0.269642 0.006650 0.193635
1 1 0.099595 0.506050 0.258485 0.005119 0.130751
1 2 0.221099 0.405493 0.192944 0.009934 0.170530
1 2 0.052970 0.567937 0.208235 0.008047 0.162810
1 2 0.064627 0.556550 0.219892 0.019381 0.139551
1 2 0.054131 0.531796 0.251372 0.003246 0.159456
2 2 0.015602 0.292120 0.638332 0.018143 0.035803
2 2 0.039887 0.186240 0.702964 0.039455 0.031454
1 2 0.090607 0.441875 0.426721 0.005144 0.035654
2 2 0.001038 0.040342 0.944223 0.012437 0.001960
2 2 0.000927 0.039312 0.891876 0.064251 0.003635
2 2 0.000056 0.017091 0.932831 0.047335 0.002688
2 2 0.000123 0.014741 0.971823 0.012219 0.001095
2 2 0.002843 0.168194 0.772209 0.002292 0.054461
4 2 0.067128 0.382886 0.044475 0.000453 0.505058
4 2 0.061132 0.324111 0.105204 0.003074 0.506479
1 2 0.068867 0.514464 0.143354 0.005409 0.267906
4 4 0.017274 0.071671 0.013876 0.000081 0.897098
4 4 0.035090 0.128573 0.042151 0.000898 0.793288
1 4 0.126124 0.489317 0.205041 0.013860 0.165658
1 4 0.067945 0.426436 0.148784 0.007250 0.349584
1 4 0.075443 0.444942 0.088918 0.002261 0.388436
4 4 0.033595 0.370903 0.113910 0.001707 0.479884
4 4 0.138464 0.183415 0.030577 0.001321 0.646223
1 4 0.074932 0.489506 0.109288 0.001824 0.324450
4 4 0.042511 0.370917 0.110187 0.002142 0.474244
4 4 0.070121 0.053116 0.012457 0.000360 0.863945
1 1 0.157664 0.480232 0.207797 0.006797 0.147510
4 4 0.056471 0.235314 0.044636 0.000719 0.662860
1 4 0.234581 0.368474 0.250907 0.003535 0.142503
1 4 0.042048 0.570140 0.255758 0.002470 0.129584
1 4 0.044689 0.565733 0.233452 0.012724 0.143403
4 1 0.012591 0.207961 0.276675 0.015366 0.487406
2 2 0.012345 0.215173 0.683833 0.007102 0.081547
2 2 0.000677 0.029374 0.912863 0.051073 0.006013
2 2 0.001192 0.066418 0.897674 0.020691 0.014024
2 2 0.000384 0.041974 0.944700 0.003911 0.009031
2 2 0.000784 0.061100 0.904171 0.023949 0.009995
1 2 0.057044 0.566162 0.301133 0.004294 0.071367
2 2 0.004356 0.182593 0.745102 0.005188 0.062761
2 2 0.002290 0.052789 0.925509 0.013294 0.006117
2 2 0.008526 0.206809 0.743995 0.009128 0.031541
2 2 0.000156 0.018378 0.978417 0.001553 0.001496
2 2 0.001047 0.024557 0.953259 0.015908 0.005229
2 2 0.000089 0.011129 0.872660 0.114813 0.001310
2 2 0.007287 0.127744 0.808569 0.025470 0.030930
2 2 0.000221 0.018560 0.974524 0.004684 0.002011
2 2 0.000257 0.013808 0.945216 0.040359 0.000361
2 2 0.020157 0.190562 0.771471 0.004152 0.013657
2 2 0.000105 0.012059 0.977587 0.009037 0.001211
2 2 0.000246 0.015850 0.941750 0.040338 0.001815
2 2 0.000156 0.011565 0.984481 0.003199 0.000600
2 2 0.001623 0.036332 0.838712 0.120637 0.002695
2 1 0.047380 0.223828 0.504386 0.215204 0.009202
2 2 0.001582 0.059653 0.929138 0.004711 0.004915
2 2 0.000006 0.003615 0.994789 0.001156 0.000434
2 2 0.000009 0.004310 0.969080 0.026297 0.000304
2 2 0.000000 0.000638 0.988566 0.010744 0.000052
2 2 0.000006 0.001969 0.949903 0.047939 0.000183
2 2 0.000106 0.011181 0.982994 0.002477 0.003243
2 2 0.000006 0.002653 0.986607 0.010525 0.000209
2 2 0.000003 0.003016 0.967026 0.029552 0.000403
2 2 0.000018 0.005918 0.979932 0.011482 0.002650
2 2 0.000007 0.002724 0.973574 0.023400 0.000296
2 2 0.000035 0.003649 0.909261 0.086779 0.000275
2 2 0.000010 0.002190 0.981834 0.015882 0.000083
2 2 0.000181 0.011945 0.977836 0.004591 0.005447
2 2 0.000105 0.004936 0.884766 0.109723 0.000470
2 2 0.000005 0.001966 0.867727 0.129995 0.000307
2 2 0.001891 0.053266 0.922904 0.004885 0.017054
2 2 0.000245 0.022269 0.947052 0.025986 0.004449
2 2 0.000311 0.015498 0.976141 0.006005 0.002044
2 2 0.000314 0.011766 0.974985 0.011178 0.001757
2 2 0.000088 0.003914 0.662266 0.333432 0.000299
2 2 0.000249 0.010118 0.980216 0.008996 0.000421
2 2 0.000128 0.010923 0.983710 0.004640 0.000599
2 2 0.000008 0.002223 0.915137 0.082579 0.000053
2 2 0.000068 0.007903 0.971845 0.019821 0.000363
2 2 0.000158 0.006182 0.750033 0.243348 0.000279
2 2 0.000022 0.003346 0.940910 0.055437 0.000285
2 2 0.000195 0.010827 0.978172 0.010388 0.000418
2 2 0.000011 0.001990 0.955085 0.042876 0.000038
2 2 0.000088 0.005817 0.917659 0.076152 0.000285
2 2 0.000006 0.002140 0.974970 0.022814 0.000070
2 2 0.000177 0.009973 0.872847 0.116827 0.000176
2 2 0.000004 0.001345 0.936960 0.061572 0.000118
2 2 0.000214 0.012713 0.890929 0.095794 0.000351
2 2 0.000124 0.007836 0.969904 0.021279 0.000858
2 2 0.000643 0.012439 0.906080 0.079729 0.001109
2 2 0.000096 0.004410 0.886678 0.108482 0.000334
2 2 0.000086 0.003075 0.695587 0.301176 0.000077
2 2 0.000020 0.003840 0.923700 0.072327 0.000114
2 2 0.000013 0.001196 0.743263 0.255460 0.000069
2 2 0.000005 0.001037 0.860103 0.138834 0.000020
2 2 0.000072 0.002548 0.947013 0.050323 0.000044
2 2 0.000153 0.007467 0.793161 0.198731 0.000488
2 2 0.000137 0.007621 0.972431 0.019285 0.000526
2 2 0.000063 0.004973 0.794178 0.200366 0.000421
2 2 0.000028 0.002209 0.905757 0.091980 0.000026
2 2 0.000409 0.016284 0.926675 0.054900 0.001733
2 2 0.000182 0.009911 0.919586 0.069402 0.000920
2 2 0.000051 0.003859 0.783270 0.212550 0.000269
2 2 0.000052 0.004424 0.861540 0.133611 0.000373
2 2 0.000068 0.005102 0.928062 0.066693 0.000075
2 2 0.003027 0.033202 0.784547 0.176151 0.003073
2 2 0.002498 0.078800 0.894588 0.020570 0.003545
2 2 0.000352 0.016339 0.952130 0.030987 0.000191
2 2 0.000072 0.008236 0.798352 0.193099 0.000241
2 2 0.000052 0.003150 0.837486 0.159275 0.000038
2 2 0.000459 0.020485 0.935077 0.043421 0.000558
2 2 0.000073 0.004750 0.752150 0.242874 0.000152
2 2 0.000038 0.005657 0.917993 0.076219 0.000093
2 2 0.000020 0.002499 0.709491 0.287932 0.000058
2 2 0.000542 0.021853 0.886044 0.091070 0.000491
2 2 0.000090 0.008312 0.928079 0.063372 0.000147
3 2 0.000067 0.003138 0.465960 0.530773 0.000061
2 2 0.000494 0.011962 0.831457 0.155544 0.000542
2 2 0.000251 0.012244 0.861220 0.125914 0.000371
2 2 0.000104 0.006587 0.839461 0.153709 0.000139
2 2 0.000119 0.006768 0.670959 0.321386 0.000768
2 2 0.000351 0.007572 0.673158 0.318714 0.000205
2 2 0.000872 0.017882 0.700204 0.280776 0.000267
2 2 0.000652 0.018344 0.764326 0.215396 0.001282
2 2 0.000004 0.001209 0.912121 0.086605 0.000061
2 2 0.000307 0.022015 0.835171 0.139720 0.002787
2 2 0.000033 0.004555 0.930780 0.064330 0.000301
2 2 0.000001 0.000438 0.675329 0.324213 0.000019
2 2 0.000287 0.021799 0.946268 0.029424 0.002222
2 2 0.000025 0.003921 0.967182 0.028760 0.000112
2 2 0.000008 0.002059 0.724646 0.273254 0.000033
2 2 0.000014 0.002234 0.801705 0.195977 0.000070
2 2 0.000012 0.001355 0.663047 0.335529 0.000056
2 2 0.000099 0.016595 0.753045 0.227555 0.002706
2 2 0.000028 0.005286 0.921800 0.072746 0.000141
2 2 0.000030 0.001954 0.532230 0.465551 0.000235
2 2 0.000018 0.004716 0.961441 0.033551 0.000274
3 2 0.000064 0.002677 0.344507 0.652473 0.000280
3 2 0.000033 0.002832 0.447553 0.549506 0.000076
2 2 0.000023 0.003049 0.591720 0.404860 0.000349
2 2 0.000012 0.002134 0.882218 0.115114 0.000521
2 2 0.000038 0.003402 0.822110 0.174030 0.000421
3 2 0.000023 0.001695 0.436668 0.561495 0.000119
2 2 0.000042 0.004341 0.849757 0.145385 0.000474
2 2 0.004031 0.043824 0.889406 0.061348 0.001391
2 2 0.000815 0.017591 0.963883 0.016534 0.001176
2 2 0.000055 0.010634 0.965090 0.023314 0.000907
2 2 0.000340 0.022914 0.919752 0.055782 0.001213
2 2 0.002154 0.050252 0.717545 0.226800 0.003249
2 2 0.000808 0.031338 0.958645 0.007471 0.001739
2 1 0.163485 0.379993 0.400538 0.028170 0.027814
2 2 0.009911 0.188282 0.750949 0.031862 0.018996
2 2 0.001189 0.061542 0.918809 0.009225 0.009236
2 1 0.255581 0.303237 0.372831 0.025054 0.043297
1 1 0.068527 0.556412 0.313789 0.006228 0.055043
2 1 0.087154 0.279569 0.499298 0.017639 0.116340
1 1 0.161073 0.382297 0.346430 0.007465 0.102735
2 1 0.097285 0.218084 0.611660 0.058418 0.014552
1 1 0.380132 0.383960 0.211352 0.001015 0.023541
1 1 0.134323 0.525246 0.317537 0.008179 0.014715
1 1 0.119618 0.490555 0.343483 0.030024 0.016321
1 1 0.164981 0.567235 0.255802 0.002943 0.009039
0 0 0.748618 0.128130 0.087587 0.025383 0.010282
1 1 0.266473 0.465798 0.137975 0.000425 0.129329
0 1 0.452131 0.305882 0.136832 0.008861 0.096294
1 1 0.081727 0.534204 0.126616 0.005383 0.252070
1 1 0.042989 0.545194 0.224742 0.001806 0.185269
2 1 0.007540 0.351668 0.449791 0.017286 0.173715
2 2 0.012030 0.251682 0.669766 0.005850 0.060673
2 2 0.034214 0.312002 0.502185 0.020736 0.130862
2 2 0.000528 0.035662 0.860317 0.089045 0.014449
4 2 0.061836 0.349837 0.151972 0.008843 0.427512
4 4 0.067094 0.260810 0.062726 0.001684 0.607687
1 4 0.038216 0.509377 0.145228 0.001759 0.305421
1 1 0.124140 0.436351 0.106973 0.001511 0.331025
4 1 0.084623 0.279872 0.131150 0.000336 0.504019
1 2 0.210122 0.396485 0.229698 0.007404 0.156290
1 2 0.062311 0.552285 0.174562 0.002100 0.208743
1 1 0.240148 0.504378 0.210961 0.026224 0.018290
1 1 0.142992 0.586499 0.220956 0.013890 0.035662
1 1 0.084524 0.619643 0.264752 0.002984 0.028097
1 1 0.133393 0.572692 0.240445 0.013531 0.039939
1 1 0.046373 0.597665 0.244988 0.011058 0.099916
1 1 0.230009 0.510869 0.206251 0.008411 0.044460
1 2 0.116924 0.528320 0.270789 0.005039 0.078928
1 2 0.109677 0.407808 0.145959 0.004973 0.331583
1 2 0.174924 0.412785 0.168344 0.003563 0.240384
1 2 0.062495 0.329875 0.283984 0.013705 0.309942
1 1 0.127774 0.461252 0.351306 0.005389 0.054278
1 1 0.141094 0.488191 0.263699 0.002222 0.104795
1 1 0.104442 0.568494 0.259105 0.008105 0.059854
1 2 0.126173 0.501554 0.243597 0.001843 0.126833
1 2 0.077641 0.580427 0.293366 0.016028 0.032539
1 2 0.092697 0.539899 0.269575 0.005913 0.091915
1 2 0.051149 0.496907 0.251315 0.009476 0.191153
1 2 0.120662 0.444379 0.355816 0.069586 0.009556
1 2 0.129353 0.491000 0.290430 0.010122 0.079094
1 2 0.036087 0.588532 0.226517 0.009085 0.139778
1 2 0.133598 0.487922 0.195605 0.002760 0.180115
1 2 0.060481 0.573988 0.201806 0.000704 0.163021
2 2 0.038220 0.432738 0.456145 0.009854 0.063044
2 2 0.003458 0.136972 0.821501 0.028203 0.009866
1 2 0.058288 0.517358 0.336423 0.000900 0.087031
1 2 0.181381 0.491937 0.256122 0.013050 0.057510
2 2 0.004782 0.178357 0.797633 0.002615 0.016613
2 2 0.010816 0.256426 0.709024 0.005844 0.017889
2 2 0.045785 0.395566 0.495506 0.003652 0.059491
2 2 0.003039 0.195591 0.739395 0.002169 0.059806
1 2 0.059846 0.545314 0.227054 0.000751 0.167035
1 2 0.118031 0.566076 0.143041 0.001517 0.171334
1 2 0.067874 0.589263 0.170016 0.005939 0.166909
1 2 0.199209 0.456799 0.250920 0.022589 0.070483
1 4 0.151080 0.468711 0.272595 0.001236 0.106379
1 4 0.040070 0.496332 0.174941 0.004778 0.283880
1 4 0.011729 0.505871 0.168935 0.000728 0.312738
4 4 0.069123 0.218078 0.055253 0.001713 0.655832
4 4 0.109013 0.144043 0.047654 0.004334 0.694956
4 4 0.160328 0.098680 0.034437 0.004386 0.702169
4 4 0.108600 0.308045 0.121207 0.002087 0.460062
4 4 0.048473 0.348858 0.091250 0.000946 0.510474
4 4 0.079494 0.047523 0.016306 0.001647 0.855031
4 4 0.051270 0.066250 0.023096 0.001150 0.858235
4 4 0.058275 0.057803 0.019497 0.001172 0.863253
4 4 0.035918 0.020348 0.003850 0.000068 0.939816
0 1 0.423476 0.230235 0.197560 0.039165 0.109564
4 4 0.039631 0.044147 0.009352 0.000220 0.906650
4 4 0.193191 0.062324 0.011093 0.001454 0.731937
4 4 0.157430 0.067258 0.013607 0.000191 0.761514
4 4 0.036762 0.024776 0.007806 0.000268 0.930389
4 4 0.051797 0.018152 0.002533 0.000031 0.927488
4 4 0.029263 0.044102 0.014026 0.000371 0.912238
4 4 0.137406 0.033302 0.004366 0.000109 0.824818
4 4 0.224308 0.200793 0.131858 0.008975 0.434067
4 4 0.281275 0.212472 0.130152 0.000101 0.376000
4 4 0.394807 0.147468 0.033688 0.001625 0.422412
1 1 0.227279 0.356090 0.336140 0.003341 0.077150
1 1 0.141070 0.518158 0.049534 0.000703 0.290536
4 4 0.060064 0.178567 0.032934 0.000601 0.727833
4 4 0.103159 0.324985 0.138381 0.000669 0.432807
4 4 0.049759 0.127737 0.045751 0.000027 0.776727
4 4 0.077250 0.330542 0.115469 0.002063 0.474677
4 4 0.123637 0.125321 0.036332 0.000919 0.713791
1 1 0.332736 0.357923 0.108972 0.000128 0.200241
4 4 0.045824 0.122081 0.030338 0.000655 0.801102
4 4 0.044269 0.150669 0.046939 0.000764 0.757358
4 4 0.035597 0.333324 0.061868 0.000505 0.568706
4 4 0.060428 0.172683 0.046335 0.000641 0.719913
4 4 0.092508 0.123205 0.026206 0.001158 0.756923
1 4 0.137458 0.393389 0.126376 0.005709 0.337068
4 4 0.286103 0.062810 0.006922 0.000895 0.643270
4 4 0.023101 0.016810 0.003280 0.000058 0.956751
4 4 0.117830 0.049252 0.010527 0.000978 0.821413
1 4 0.156641 0.471534 0.218863 0.023145 0.129817
4 4 0.039530 0.020436 0.003434 0.000090 0.936511
4 4 0.196933 0.043584 0.003657 0.000231 0.755595
4 4 0.354968 0.099555 0.022576 0.008445 0.514456
0 4 0.340402 0.233160 0.092044 0.002500 0.331894
4 4 0.037137 0.020566 0.003825 0.000104 0.938368
4 4 0.043706 0.022913 0.004197 0.000130 0.929053
4 4 0.060427 0.028584 0.005160 0.000213 0.905616
4 4 0.140898 0.046144 0.006775 0.000521 0.805663
4 4 0.106918 0.056507 0.009394 0.000526 0.826656
4 4 0.065101 0.036269 0.009518 0.000608 0.888504
4 4 0.043714 0.023348 0.004440 0.000143 0.928355
1 4 0.183672 0.299998 0.201972 0.056934 0.257424
1 4 0.057913 0.457764 0.267219 0.014729 0.202376
4 4 0.061497 0.041438 0.006254 0.000175 0.890636
4 4 0.104255 0.034288 0.006175 0.000200 0.855082
4 4 0.236512 0.078643 0.017476 0.003655 0.663714
4 4 0.050604 0.023838 0.003842 0.000121 0.921596
0 4 0.617172 0.050394 0.012090 0.000274 0.320071
4 4 0.040931 0.027577 0.008036 0.000370 0.923086
4 4 0.108560 0.045382 0.009193 0.000746 0.836120
1 1 0.203677 0.407221 0.310613 0.020617 0.057871
