0 0 0.952204 0.028958 0.009796 0.000362 0.008680
0 0 0.964283 0.014433 0.001821 0.000132 0.019332
0 0 0.975653 0.014363 0.003242 0.000114 0.006629
0 0 0.677711 0.227232 0.030931 0.000840 0.063287
0 0 0.737091 0.113585 0.005900 0.000027 0.143397
0 0 0.713701 0.179149 0.011999 0.000025 0.095126
0 0 0.620696 0.189155 0.020985 0.000165 0.169000
0 0 0.486969 0.330861 0.018692 0.000003 0.163475
0 0 0.750695 0.181552 0.014294 0.000063 0.053396
1 0 0.394492 0.438174 0.048480 0.000003 0.118851
0 0 0.501404 0.395140 0.042918 0.000042 0.060496
0 0 0.658513 0.250937 0.015801 0.000019 0.074730
1 0 0.184182 0.551860 0.111262 0.000024 0.152672
0 0 0.923540 0.054124 0.002625 0.000002 0.019709
0 0 0.528173 0.310188 0.030217 0.000034 0.131388
0 0 0.755691 0.171658 0.021360 0.000065 0.051225
0 0 0.945024 0.012352 0.000910 0.000034 0.041680
0 0 0.507285 0.321842 0.027737 0.000050 0.143085
0 0 0.646703 0.130603 0.016567 0.000074 0.206052
0 0 0.866932 0.087986 0.009790 0.000046 0.035247
1 1 0.120678 0.471164 0.074670 0.000034 0.333453
0 1 0.896598 0.060526 0.002351 0.000024 0.040501
0 1 0.634426 0.206887 0.020442 0.000069 0.138177
1 1 0.213625 0.458809 0.055960 0.000007 0.271599
0 0 0.675036 0.219188 0.088090 0.000564 0.017121
0 0 0.980022 0.012632 0.003319 0.000085 0.003942
0 0 0.917914 0.052035 0.011568 0.000464 0.018019
0 0 0.988155 0.007945 0.000574 0.000007 0.003318
0 0 0.807691 0.135882 0.024564 0.000515 0.031348
4 0 0.230795 0.356608 0.035346 0.000017 0.377234
0 0 0.659871 0.271932 0.027653 0.000047 0.040496
1 1 0.183751 0.573553 0.132309 0.000494 0.109892
1 1 0.157730 0.560067 0.100168 0.000041 0.181994
1 1 0.294650 0.503963 0.122055 0.000331 0.079001
1 1 0.042386 0.514589 0.132955 0.000097 0.309974
1 1 0.019231 0.596586 0.178704 0.001102 0.204377
1 2 0.016760 0.556940 0.339192 0.000561 0.086548
1 2 0.026431 0.544950 0.161047 0.000803 0.266769
1 1 0.232565 0.544813 0.065197 0.000015 0.157410
1 2 0.022470 0.540579 0.240738 0.002713 0.193500
1 2 0.016008 0.483411 0.361158 0.007626 0.131797
2 2 0.003119 0.164670 0.755719 0.048213 0.028279
2 2 0.000273 0.063960 0.899871 0.011534 0.024362
2 2 0.003402 0.310638 0.624730 0.004337 0.056894
2 2 0.000372 0.097231 0.841636 0.033719 0.027042
2 2 0.000283 0.088342 0.870606 0.025942 0.014827
2 2 0.000280 0.041232 0.934905 0.017230 0.006354
2 2 0.001553 0.102101 0.812878 0.074842 0.008625
2 2 0.000093 0.013182 0.948014 0.038343 0.000369
2 2 0.000779 0.135651 0.807177 0.022682 0.033711
2 2 0.000062 0.007467 0.913701 0.078608 0.000163
2 2 0.002583 0.190821 0.743297 0.018038 0.045260
2 2 0.000263 0.033490 0.946006 0.018388 0.001854
2 2 0.000687 0.098793 0.872800 0.020050 0.007671
2 2 0.000067 0.018269 0.969210 0.011705 0.000748
2 2 0.000117 0.029736 0.933114 0.034874 0.002159
2 2 0.000024 0.004476 0.926442 0.068982 0.000076
2 2 0.000032 0.006881 0.669412 0.323307 0.000367
2 2 0.000122 0.024561 0.943014 0.030432 0.001872
2 2 0.000009 0.003346 0.674342 0.322233 0.000071
2 2 0.000054 0.006393 0.789004 0.204050 0.000499
2 2 0.000137 0.023301 0.947753 0.027050 0.001759
2 2 0.000018 0.001652 0.560162 0.438151 0.000017
2 2 0.000226 0.020557 0.579769 0.397123 0.002324
3 2 0.000091 0.003747 0.294864 0.701166 0.000132
2 2 0.000009 0.002508 0.508348 0.488981 0.000154
3 2 0.000001 0.000234 0.225602 0.774155 0.000008
2 2 0.000665 0.063149 0.704258 0.211222 0.020706
3 2 0.000458 0.007089 0.479168 0.513139 0.000146
3 2 0.000110 0.007356 0.339725 0.652008 0.000800
3 3 0.000090 0.002571 0.121549 0.875532 0.000258
3 3 0.000008 0.001124 0.117016 0.881722 0.000129
3 3 0.000019 0.001427 0.149497 0.848925 0.000133
3 3 0.000001 0.000055 0.056439 0.943503 0.000001
3 3 0.000052 0.002026 0.068338 0.929127 0.000458
3 3 0.000039 0.003772 0.191853 0.803944 0.000392
3 3 0.000002 0.000250 0.060431 0.939298 0.000019
3 3 0.000011 0.000317 0.033023 0.966615 0.000033
3 3 0.000016 0.000702 0.072477 0.926750 0.000055
3 3 0.000005 0.000223 0.034799 0.964935 0.000038
3 3 0.000049 0.001418 0.107451 0.890878 0.000204
3 3 0.000003 0.000281 0.041909 0.957765 0.000042
3 3 0.000014 0.000598 0.036048 0.963251 0.000089
3 3 0.000010 0.000185 0.020145 0.979642 0.000018
3 3 0.000003 0.000086 0.009020 0.990884 0.000006
3 3 0.000002 0.000149 0.032488 0.967351 0.000009
3 3 0.000002 0.000038 0.012089 0.987868 0.000003
3 3 0.000005 0.000422 0.054536 0.945004 0.000033
3 3 0.000002 0.000064 0.012447 0.987483 0.000004
3 3 0.000084 0.000504 0.008436 0.990805 0.000171
3 3 0.000053 0.001837 0.069294 0.928628 0.000188
3 3 0.000002 0.000188 0.049597 0.950198 0.000015
3 3 0.000013 0.000455 0.106480 0.893024 0.000028
3 3 0.000021 0.001405 0.084785 0.913462 0.000328
3 3 0.000191 0.002002 0.041011 0.955854 0.000942
3 3 0.000002 0.000107 0.027762 0.972121 0.000008
3 3 0.000003 0.000150 0.019443 0.980392 0.000012
3 3 0.000001 0.000101 0.016965 0.982922 0.000010
3 3 0.000001 0.000121 0.018908 0.980959 0.000012
3 3 0.000001 0.000119 0.029945 0.969926 0.000009
3 3 0.000017 0.000256 0.015240 0.984438 0.000049
3 3 0.000000 0.000030 0.012762 0.987205 0.000003
3 3 0.000001 0.000024 0.003192 0.996778 0.000004
3 3 0.000004 0.000201 0.019490 0.980274 0.000030
3 3 0.000003 0.000056 0.005829 0.994107 0.000006
3 3 0.000047 0.000561 0.011991 0.987287 0.000115
3 3 0.000002 0.000067 0.009495 0.990421 0.000015
3 3 0.000001 0.000051 0.010051 0.989892 0.000006
3 3 0.000001 0.000058 0.014252 0.985682 0.000008
3 3 0.000000 0.000012 0.002213 0.997774 0.000001
3 3 0.000012 0.000137 0.005244 0.994577 0.000030
3 3 0.000008 0.000092 0.006446 0.993444 0.000010
3 3 0.000015 0.000390 0.022753 0.976793 0.000050
3 3 0.000001 0.000034 0.005135 0.994821 0.000009
3 3 0.000004 0.000208 0.016276 0.983493 0.000019
3 3 0.000007 0.000290 0.019835 0.979836 0.000033
3 3 0.000002 0.000033 0.002372 0.997586 0.000007
3 3 0.000000 0.000004 0.003563 0.996432 0.000000
3 3 0.000036 0.000216 0.004984 0.994692 0.000072
3 3 0.000001 0.000037 0.005763 0.994189 0.000010
3 3 0.000000 0.000012 0.007988 0.992000 0.000000
3 3 0.000007 0.000079 0.003931 0.995961 0.000021
3 3 0.000001 0.000030 0.004690 0.995275 0.000003
3 3 0.000001 0.000045 0.010846 0.989105 0.000003
3 3 0.000001 0.000034 0.012008 0.987956 0.000001
3 3 0.000025 0.000490 0.029832 0.969621 0.000032
3 3 0.002321 0.024156 0.245773 0.725387 0.002363
3 3 0.001043 0.045968 0.341001 0.606282 0.005706
2 2 0.002327 0.282625 0.638079 0.016974 0.059994
2 2 0.000036 0.009575 0.738424 0.251534 0.000430
2 2 0.000697 0.138992 0.795221 0.026553 0.038537
2 2 0.000096 0.027370 0.915017 0.054391 0.003127
2 2 0.000052 0.012897 0.900133 0.086004 0.000915
2 2 0.000021 0.006453 0.806486 0.186753 0.000288
2 2 0.000991 0.087639 0.716817 0.182137 0.012416
2 2 0.000063 0.011737 0.925929 0.061666 0.000606
2 2 0.000017 0.006303 0.757837 0.235248 0.000595
2 2 0.000192 0.021556 0.807007 0.168650 0.002595
2 2 0.000323 0.040283 0.534613 0.420399 0.004382
2 2 0.000068 0.019464 0.774768 0.203003 0.002696
2 2 0.000339 0.035107 0.587392 0.372603 0.004559
2 2 0.000060 0.008484 0.773606 0.217498 0.000351
3 2 0.000060 0.004160 0.282079 0.713393 0.000309
3 2 0.000036 0.007172 0.413339 0.578625 0.000826
2 2 0.000035 0.004255 0.501062 0.494507 0.000141
3 2 0.000056 0.004731 0.392268 0.602712 0.000233
3 2 0.000020 0.003573 0.397295 0.599001 0.000110
2 2 0.000009 0.002560 0.825850 0.171541 0.000040
3 2 0.000001 0.000541 0.284872 0.714565 0.000020
3 3 0.000010 0.001572 0.232989 0.765325 0.000104
2 3 0.000043 0.009697 0.720514 0.268333 0.001413
3 3 0.000141 0.012654 0.471630 0.513928 0.001648
3 3 0.000058 0.002011 0.358367 0.639491 0.000073
3 3 0.000007 0.000595 0.120911 0.878470 0.000016
3 3 0.000035 0.003541 0.309728 0.686462 0.000234
3 3 0.000004 0.000232 0.038288 0.961463 0.000013
3 3 0.000096 0.004260 0.241840 0.753513 0.000292
3 3 0.000003 0.000366 0.070406 0.929209 0.000016
3 3 0.000032 0.002467 0.110745 0.886425 0.000331
3 3 0.000001 0.000099 0.026613 0.973278 0.000010
3 3 0.000001 0.000031 0.020785 0.979182 0.000001
3 3 0.000010 0.000776 0.048366 0.950792 0.000055
3 3 0.000006 0.000421 0.081267 0.918287 0.000018
3 3 0.000015 0.000454 0.041042 0.958465 0.000024
3 3 0.000001 0.000042 0.009161 0.990791 0.000005
3 3 0.000110 0.001972 0.083943 0.913845 0.000130
3 3 0.000012 0.000556 0.033632 0.965709 0.000090
3 3 0.000004 0.000169 0.013625 0.986187 0.000014
3 3 0.000000 0.000018 0.010674 0.989307 0.000001
3 3 0.000082 0.001019 0.023273 0.975269 0.000356
3 3 0.000223 0.001470 0.020261 0.977306 0.000740
3 3 0.000009 0.000239 0.017907 0.981814 0.000031
3 3 0.000010 0.000141 0.006199 0.993621 0.000029
3 3 0.013404 0.036491 0.218990 0.724984 0.006131
3 2 0.002181 0.011713 0.246799 0.738737 0.000570
2 2 0.060520 0.343691 0.545427 0.030450 0.019913
2 2 0.006416 0.352101 0.545908 0.020815 0.074761
2 2 0.000382 0.070489 0.905322 0.014724 0.009083
2 2 0.000025 0.008527 0.934039 0.057121 0.000288
2 2 0.000025 0.011969 0.968187 0.019412 0.000407
2 2 0.046889 0.340296 0.567892 0.023133 0.021790
2 2 0.005648 0.267747 0.691482 0.003806 0.031317
2 2 0.000030 0.021577 0.969948 0.005529 0.002916
1 0 0.352301 0.399826 0.202148 0.004660 0.041065
1 1 0.021350 0.579579 0.265898 0.000612 0.132561
2 2 0.001503 0.095549 0.892047 0.005876 0.005025
2 2 0.000238 0.065224 0.912676 0.014553 0.007309
2 2 0.000223 0.061674 0.917242 0.013094 0.007766
2 2 0.000663 0.066829 0.915718 0.009675 0.007115
2 2 0.001015 0.184397 0.755345 0.007885 0.051358
2 2 0.000307 0.120838 0.838527 0.021727 0.018601
2 2 0.000539 0.060629 0.912000 0.020991 0.005841
2 2 0.000897 0.184215 0.745356 0.012803 0.056728
2 2 0.000105 0.009935 0.980248 0.009373 0.000338
2 2 0.000072 0.018103 0.968927 0.011861 0.001038
2 2 0.000016 0.005854 0.955260 0.038766 0.000103
2 2 0.000255 0.103655 0.853396 0.015162 0.027532
2 2 0.000059 0.025223 0.967153 0.006074 0.001491
2 2 0.000285 0.117462 0.861185 0.004148 0.016919
2 2 0.002214 0.137743 0.846185 0.006468 0.007391
2 2 0.002859 0.308100 0.599164 0.013235 0.076641
2 2 0.001494 0.159353 0.815551 0.010480 0.013122
2 2 0.006712 0.381759 0.453102 0.006438 0.151989
1 2 0.011994 0.582011 0.297942 0.002391 0.105662
1 2 0.018985 0.583197 0.225890 0.003393 0.168536
1 2 0.012422 0.529541 0.221647 0.001300 0.235090
1 2 0.013670 0.624348 0.245836 0.001787 0.114358
2 2 0.008342 0.430651 0.512866 0.003631 0.044509
1 2 0.013097 0.564915 0.218758 0.001407 0.201823
2 2 0.001865 0.185999 0.755410 0.014439 0.042287
1 4 0.009480 0.508550 0.233971 0.000971 0.247027
1 4 0.019864 0.513459 0.129364 0.000672 0.336641
1 4 0.024906 0.568536 0.201484 0.003679 0.201396
1 4 0.014894 0.563956 0.166317 0.000764 0.254069
1 4 0.017312 0.457917 0.211304 0.002187 0.311280
1 4 0.008018 0.538213 0.314328 0.002486 0.136955
1 4 0.053790 0.628772 0.162171 0.001331 0.153936
1 4 0.013671 0.538171 0.227927 0.001777 0.218455
1 4 0.033405 0.625222 0.161299 0.001085 0.178989
1 4 0.014005 0.581499 0.168409 0.000711 0.235376
4 4 0.038782 0.109483 0.034295 0.001185 0.816256
1 4 0.030283 0.438297 0.213276 0.001554 0.316590
1 4 0.007748 0.545777 0.151086 0.000175 0.295214
1 4 0.010839 0.493496 0.300826 0.001469 0.193370
1 4 0.025528 0.523539 0.123972 0.000950 0.326011
1 4 0.011829 0.576932 0.193427 0.000790 0.217022
1 4 0.012960 0.585064 0.175231 0.000695 0.226050
4 4 0.006803 0.399509 0.151891 0.000182 0.441615
4 4 0.012767 0.291559 0.110500 0.000404 0.584770
1 4 0.012766 0.550062 0.228051 0.001539 0.207581
1 4 0.011793 0.597255 0.234812 0.001642 0.154499
2 2 0.009077 0.395434 0.520756 0.003173 0.071560
1 2 0.012083 0.471619 0.235421 0.001555 0.279323
2 2 0.000459 0.133743 0.843077 0.007633 0.015088
2 2 0.008318 0.358653 0.552613 0.001206 0.079210
2 2 0.001280 0.190332 0.734157 0.001364 0.072868
2 2 0.001325 0.210564 0.727912 0.000853 0.059345
2 2 0.000212 0.068252 0.912602 0.000369 0.018565
2 2 0.000550 0.144969 0.812079 0.010839 0.031563
2 2 0.000738 0.164310 0.782429 0.003421 0.049103
2 2 0.000134 0.025610 0.969110 0.002645 0.002500
2 2 0.000558 0.113914 0.813675 0.001583 0.070270
2 2 0.004034 0.065934 0.922510 0.005851 0.001671
2 2 0.004123 0.197106 0.781983 0.001631 0.015157
2 2 0.002944 0.133996 0.845030 0.002432 0.015598
2 2 0.000601 0.087800 0.890083 0.001542 0.019974
2 2 0.000399 0.092231 0.894627 0.000574 0.012169
2 2 0.000148 0.044952 0.938988 0.003339 0.012573
2 2 0.000075 0.012125 0.961613 0.025829 0.000358
2 2 0.001265 0.177175 0.791064 0.009203 0.021292
2 2 0.000153 0.051525 0.936274 0.001970 0.010077
2 2 0.000135 0.030003 0.963925 0.001943 0.003995
2 2 0.002986 0.259934 0.621758 0.017747 0.097575
2 2 0.000899 0.037120 0.953281 0.006202 0.002497
2 2 0.000379 0.078352 0.884849 0.012379 0.024041
2 2 0.000208 0.058369 0.928909 0.004520 0.007995
2 2 0.000169 0.052450 0.929246 0.005328 0.012806
2 2 0.000547 0.167575 0.765212 0.002959 0.063708
2 2 0.000072 0.021972 0.971568 0.004535 0.001853
2 2 0.057829 0.157275 0.763977 0.018208 0.002712
1 0 0.120879 0.577161 0.246960 0.001054 0.053945
1 1 0.071354 0.508528 0.208724 0.001131 0.210264
1 0 0.228366 0.510146 0.216946 0.000359 0.044182
0 0 0.488433 0.406714 0.056367 0.000016 0.048469
1 1 0.059231 0.599971 0.137295 0.000053 0.203450
1 1 0.202921 0.628333 0.104969 0.000042 0.063735
1 2 0.015685 0.620248 0.205082 0.000534 0.158450
1 2 0.039654 0.615081 0.250673 0.002253 0.092339
2 2 0.000110 0.060131 0.919446 0.008274 0.012038
2 2 0.003543 0.259736 0.710857 0.001077 0.024787
2 2 0.000142 0.036085 0.953272 0.005958 0.004544
2 2 0.001084 0.162976 0.796135 0.007856 0.031950
2 2 0.000528 0.038872 0.937703 0.019130 0.003767
2 2 0.001475 0.108375 0.870668 0.011145 0.008337
2 2 0.000511 0.177996 0.772563 0.001766 0.047163
2 2 0.000290 0.065794 0.916722 0.004891 0.012302
2 2 0.000121 0.067330 0.904240 0.014720 0.013589
2 2 0.000263 0.134034 0.842194 0.003093 0.020416
2 2 0.000088 0.024673 0.956184 0.017013 0.002041
2 2 0.014890 0.245451 0.729962 0.002966 0.006732
2 2 0.000081 0.030973 0.922160 0.037925 0.008861
2 2 0.000314 0.088008 0.866296 0.025964 0.019418
2 2 0.000336 0.051897 0.937622 0.001969 0.008176
2 2 0.000026 0.013611 0.971557 0.013316 0.001490
2 2 0.000635 0.114173 0.829359 0.013166 0.042667
2 2 0.000016 0.012438 0.975411 0.011398 0.000736
2 2 0.000036 0.010317 0.953927 0.035215 0.000505
2 2 0.000035 0.014493 0.965348 0.018836 0.001288
2 2 0.000235 0.093591 0.871912 0.018792 0.015470
2 2 0.000780 0.124861 0.802539 0.033294 0.038525
2 2 0.000319 0.110981 0.854477 0.006158 0.028065
2 2 0.000030 0.006372 0.964516 0.028876 0.000206
2 2 0.000046 0.015792 0.831984 0.151306 0.000872
2 2 0.000639 0.029007 0.951228 0.016879 0.002247
2 2 0.000020 0.003397 0.567409 0.429026 0.000148
2 2 0.000028 0.014410 0.788904 0.195153 0.001505
2 2 0.000245 0.054840 0.900349 0.034202 0.010363
2 2 0.000141 0.023992 0.886113 0.088005 0.001749
2 2 0.000059 0.017824 0.720622 0.259384 0.002111
2 2 0.000015 0.006336 0.955231 0.038142 0.000276
2 2 0.000019 0.002282 0.730400 0.267209 0.000090
2 2 0.000032 0.004137 0.759219 0.236263 0.000350
2 2 0.000032 0.005548 0.497621 0.496287 0.000512
2 2 0.000041 0.003979 0.606627 0.389233 0.000119
3 2 0.000003 0.000791 0.273223 0.725966 0.000018
2 2 0.000055 0.028744 0.861630 0.104445 0.005126
2 2 0.000025 0.003468 0.785963 0.210414 0.000130
2 2 0.000009 0.001867 0.622814 0.375258 0.000051
3 2 0.000046 0.003815 0.169925 0.825376 0.000838
2 2 0.000265 0.009359 0.511743 0.478039 0.000594
3 2 0.000017 0.002038 0.284679 0.713111 0.000154
2 2 0.000099 0.018438 0.583967 0.394473 0.003023
3 2 0.000135 0.002718 0.147716 0.849151 0.000279
3 3 0.000074 0.001676 0.069535 0.928459 0.000257
3 3 0.000054 0.001223 0.068556 0.930082 0.000085
3 3 0.000032 0.000432 0.020284 0.979158 0.000094
3 3 0.000020 0.000356 0.025783 0.973815 0.000026
3 3 0.000076 0.000871 0.026395 0.972491 0.000167
3 3 0.000107 0.001262 0.025354 0.973055 0.000223
3 3 0.000010 0.000330 0.023582 0.976041 0.000036
3 3 0.000041 0.000618 0.020554 0.978549 0.000237
3 3 0.000046 0.001387 0.051711 0.946471 0.000385
3 3 0.000004 0.000125 0.009753 0.990090 0.000027
3 3 0.000016 0.000244 0.009486 0.990198 0.000055
3 3 0.000044 0.000952 0.029554 0.969222 0.000228
3 3 0.000004 0.000182 0.039691 0.960112 0.000011
3 3 0.000007 0.000175 0.012913 0.986885 0.000021
3 3 0.000027 0.000520 0.015901 0.983456 0.000096
3 3 0.000113 0.001285 0.022757 0.975582 0.000263
3 3 0.000108 0.001171 0.029177 0.969276 0.000268
3 3 0.000001 0.000034 0.009141 0.990823 0.000002
3 3 0.000024 0.000391 0.029143 0.970393 0.000049
3 3 0.000002 0.000032 0.004541 0.995422 0.000003
3 3 0.000003 0.000094 0.009355 0.990524 0.000023
3 3 0.000029 0.000350 0.012268 0.987239 0.000114
3 3 0.000000 0.000012 0.003754 0.996232 0.000001
3 3 0.000001 0.000071 0.016628 0.983292 0.000008
3 3 0.000015 0.000071 0.002574 0.997319 0.000020
3 3 0.000000 0.000007 0.002279 0.997713 0.000001
3 3 0.000008 0.000094 0.004000 0.995876 0.000021
3 3 0.000000 0.000005 0.000879 0.999115 0.000001
3 3 0.000016 0.000253 0.011396 0.988260 0.000075
3 3 0.000015 0.000262 0.012520 0.987112 0.000091
3 3 0.000092 0.001092 0.031668 0.966326 0.000822
3 3 0.000006 0.000045 0.002912 0.997028 0.000009
3 3 0.000020 0.000158 0.004710 0.995067 0.000044
3 3 0.000001 0.000012 0.002931 0.997055 0.000001
3 3 0.000006 0.000083 0.005710 0.994172 0.000029
3 3 0.000071 0.001047 0.031920 0.966391 0.000571
3 3 0.000002 0.000050 0.006062 0.993880 0.000006
3 3 0.000002 0.000037 0.003368 0.996585 0.000008
3 3 0.000020 0.000385 0.013888 0.985632 0.000074
3 3 0.000002 0.000056 0.004868 0.995066 0.000007
3 3 0.000002 0.000045 0.005302 0.994647 0.000005
3 3 0.000001 0.000023 0.003677 0.996297 0.000002
3 3 0.000027 0.000167 0.004230 0.995521 0.000054
3 3 0.000003 0.000027 0.001565 0.998397 0.000007
3 3 0.000001 0.000020 0.002172 0.997804 0.000003
2 1 0.254421 0.133914 0.395856 0.194800 0.021009
2 1 0.048940 0.339980 0.590143 0.011206 0.009731
2 2 0.006317 0.384574 0.507851 0.009481 0.091776
2 2 0.002866 0.156903 0.779849 0.025017 0.035365
2 2 0.001075 0.133434 0.830628 0.012694 0.022170
1 2 0.053498 0.519924 0.401958 0.003475 0.021145
2 2 0.008961 0.223281 0.722070 0.012966 0.032723
2 2 0.000248 0.094176 0.852761 0.008274 0.044542
2 2 0.003665 0.405308 0.532161 0.003548 0.055318
2 2 0.001743 0.071351 0.885555 0.037640 0.003711
2 2 0.000743 0.072692 0.908721 0.005819 0.012024
2 2 0.000226 0.102564 0.882596 0.002298 0.012315
2 2 0.002370 0.357137 0.566333 0.000696 0.073465
2 2 0.000359 0.075055 0.905702 0.005323 0.013562
2 2 0.001352 0.170548 0.799965 0.002254 0.025880
2 2 0.016748 0.379285 0.562638 0.003420 0.037910
2 2 0.001169 0.133605 0.837662 0.001206 0.026358
2 2 0.000403 0.130795 0.837365 0.004019 0.027419
2 2 0.000776 0.141088 0.825266 0.009650 0.023221
2 2 0.000085 0.044166 0.947070 0.001722 0.006956
2 2 0.000021 0.008236 0.987393 0.003996 0.000353
2 2 0.000098 0.021177 0.975273 0.001560 0.001891
2 2 0.000196 0.029796 0.946148 0.018928 0.004933
2 2 0.000014 0.010595 0.985900 0.002793 0.000697
2 2 0.000454 0.120030 0.844298 0.001186 0.034031
2 2 0.000772 0.074356 0.915576 0.001197 0.008099
2 2 0.000010 0.005426 0.962038 0.031839 0.000688
2 2 0.000023 0.014651 0.972290 0.012197 0.000838
2 1 0.033271 0.314363 0.635492 0.007112 0.009762
2 2 0.001497 0.151936 0.816283 0.003419 0.026864
2 2 0.000325 0.083097 0.888487 0.014159 0.013933
2 2 0.007918 0.375979 0.550574 0.000323 0.065206
2 2 0.000006 0.003217 0.979997 0.016681 0.000099
2 2 0.000136 0.030690 0.956133 0.007006 0.006035
2 2 0.000088 0.008623 0.944257 0.046790 0.000242
2 2 0.000116 0.059518 0.926891 0.001874 0.011602
2 2 0.000330 0.042190 0.937046 0.012288 0.008146
2 2 0.000541 0.083850 0.890645 0.005107 0.019858
2 2 0.000097 0.016353 0.966160 0.016673 0.000716
2 2 0.000049 0.019340 0.968218 0.010116 0.002277
2 2 0.000044 0.011633 0.982068 0.005508 0.000747
2 2 0.000369 0.077365 0.891486 0.004904 0.025875
2 2 0.000008 0.005044 0.992987 0.001787 0.000174
2 2 0.000226 0.060684 0.927925 0.001613 0.009553
2 2 0.000169 0.084693 0.899143 0.001548 0.014446
2 2 0.000255 0.026297 0.921276 0.047634 0.004538
2 2 0.000862 0.191628 0.757231 0.007680 0.042599
2 2 0.000047 0.030095 0.960865 0.002692 0.006301
2 2 0.000960 0.037509 0.899386 0.058298 0.003846
2 2 0.000055 0.006763 0.913723 0.079025 0.000434
2 2 0.000056 0.011443 0.967197 0.020792 0.000512
2 2 0.000046 0.012889 0.967489 0.018657 0.000919
2 2 0.000694 0.125304 0.838450 0.005269 0.030284
2 2 0.000019 0.005944 0.992923 0.000941 0.000173
2 2 0.000081 0.031084 0.955987 0.010744 0.002104
1 1 0.131211 0.505379 0.340558 0.002437 0.020415
2 2 0.001195 0.145714 0.822994 0.007713 0.022384
2 2 0.000053 0.011033 0.874867 0.113781 0.000266
2 2 0.000145 0.020041 0.970501 0.007476 0.001837
2 2 0.000362 0.069268 0.898259 0.020078 0.012033
2 2 0.000041 0.008896 0.983784 0.006882 0.000397
2 2 0.000046 0.012722 0.923430 0.062905 0.000897
2 2 0.000510 0.054284 0.900601 0.034418 0.010186
2 2 0.000361 0.031203 0.925938 0.041058 0.001440
1 1 0.128071 0.531440 0.301646 0.004546 0.034297
2 2 0.000822 0.099722 0.868547 0.006221 0.024688
2 2 0.000542 0.076122 0.898555 0.015742 0.009040
2 2 0.000186 0.095002 0.877117 0.004872 0.022823
2 2 0.000138 0.022612 0.945183 0.030222 0.001846
2 2 0.000172 0.021393 0.947969 0.029161 0.001306
2 2 0.000479 0.059366 0.927579 0.004802 0.007775
2 2 0.000314 0.052836 0.933729 0.004652 0.008470
2 2 0.000255 0.018077 0.912447 0.067082 0.002139
2 2 0.000216 0.052447 0.926759 0.007093 0.013486
2 2 0.000193 0.050878 0.939567 0.001968 0.007395
2 2 0.000188 0.040110 0.943535 0.010225 0.005942
2 2 0.000048 0.018008 0.953823 0.027129 0.000992
2 2 0.000291 0.036998 0.919907 0.037308 0.005496
2 2 0.000107 0.009292 0.961965 0.028181 0.000455
2 2 0.000026 0.008058 0.981195 0.010278 0.000444
2 2 0.000015 0.005902 0.948380 0.045473 0.000230
2 2 0.000754 0.082322 0.897358 0.008924 0.010641
2 2 0.000200 0.061821 0.853733 0.071480 0.012766
2 2 0.000089 0.016194 0.975188 0.007090 0.001438
2 2 0.000003 0.001354 0.990401 0.008229 0.000013
2 2 0.000040 0.016652 0.943959 0.038383 0.000966
2 2 0.031570 0.162600 0.654785 0.042667 0.108378
1 4 0.030901 0.522242 0.228941 0.005100 0.212817
1 4 0.031515 0.531383 0.119364 0.001259 0.316479
4 4 0.017830 0.158066 0.117114 0.002531 0.704459
1 4 0.014009 0.457471 0.141751 0.000492 0.386277
4 4 0.033049 0.136516 0.065331 0.000843 0.764262
1 4 0.013386 0.512225 0.192463 0.000973 0.280952
4 4 0.017521 0.247550 0.121694 0.001199 0.612037
4 4 0.030049 0.294571 0.082387 0.000942 0.592052
4 4 0.061361 0.081612 0.047305 0.000854 0.808867
4 4 0.018333 0.105465 0.060756 0.001252 0.814194
4 4 0.011366 0.215526 0.097138 0.000400 0.675569
4 4 0.123541 0.049583 0.028050 0.001535 0.797291
4 4 0.013260 0.389999 0.158705 0.000710 0.437326
4 4 0.017182 0.049627 0.029754 0.000940 0.902496
4 4 0.017578 0.055832 0.027678 0.000553 0.898360
4 4 0.023738 0.078348 0.047506 0.001376 0.849033
4 4 0.012241 0.136193 0.053618 0.000269 0.797678
4 4 0.003379 0.230441 0.116070 0.000061 0.650050
1 4 0.028549 0.437303 0.189649 0.000385 0.344113
1 4 0.023148 0.464023 0.127004 0.000525 0.385300
4 4 0.008444 0.387783 0.105942 0.000112 0.497719
1 4 0.013449 0.462408 0.112840 0.000216 0.411088
4 4 0.016026 0.178624 0.155038 0.004251 0.646061
1 4 0.006518 0.469925 0.242811 0.000135 0.280611
4 4 0.052172 0.044621 0.016381 0.001527 0.885299
4 4 0.171148 0.033236 0.015322 0.000176 0.780119
4 4 0.051127 0.029521 0.014514 0.000438 0.904400
4 4 0.104340 0.046031 0.040694 0.000816 0.808119
4 4 0.191183 0.041932 0.017719 0.000359 0.748807
4 4 0.087396 0.168770 0.090421 0.003110 0.650303
4 4 0.007970 0.068216 0.034500 0.000159 0.889155
4 4 0.019277 0.043018 0.025541 0.001094 0.911070
4 4 0.208804 0.215296 0.151358 0.003071 0.421471
1 1 0.086035 0.548565 0.157826 0.000504 0.207070
4 1 0.009310 0.374658 0.082920 0.000065 0.533047
1 1 0.049159 0.399023 0.186061 0.009049 0.356708
1 1 0.021891 0.513606 0.122204 0.000693 0.341606
4 1 0.014080 0.414807 0.110103 0.000289 0.460721
1 1 0.012840 0.424104 0.158612 0.000607 0.403837
1 1 0.046631 0.512658 0.111768 0.000605 0.328338
4 1 0.017763 0.383029 0.069572 0.000160 0.529476
1 1 0.046478 0.528162 0.147138 0.000232 0.277991
1 1 0.073721 0.489909 0.054210 0.000014 0.382146
1 1 0.015334 0.496204 0.077317 0.000116 0.411029
1 1 0.040357 0.492436 0.081155 0.000274 0.385778
4 4 0.028369 0.138086 0.045032 0.000796 0.787716
1 4 0.010227 0.450429 0.160310 0.000387 0.378646
1 4 0.017482 0.560209 0.133909 0.000560 0.287840
1 4 0.018154 0.535267 0.099979 0.000114 0.346485
1 4 0.062268 0.577847 0.177961 0.000452 0.181473
1 4 0.009927 0.526565 0.155481 0.000302 0.307725
4 4 0.012393 0.425535 0.103829 0.000145 0.458098
4 4 0.025072 0.332959 0.128825 0.001667 0.511476
1 4 0.005337 0.440933 0.186172 0.000181 0.367376
4 4 0.003993 0.198941 0.133743 0.000151 0.663173
4 4 0.004979 0.059473 0.026991 0.000055 0.908502
4 4 0.034927 0.032716 0.013486 0.000115 0.918756
4 4 0.052666 0.216430 0.078914 0.004092 0.647898
4 4 0.033856 0.164325 0.066487 0.001973 0.733357
4 4 0.054272 0.059178 0.024794 0.000638 0.861119
4 4 0.116578 0.085696 0.038003 0.003034 0.756690
4 4 0.025644 0.221223 0.068708 0.000387 0.684038
4 4 0.009510 0.116040 0.029328 0.000056 0.845066
4 4 0.018227 0.119906 0.065833 0.001130 0.794904
4 4 0.050055 0.027434 0.013682 0.000349 0.908480
4 4 0.348518 0.140138 0.133192 0.027391 0.350761
4 4 0.070004 0.076358 0.076957 0.007057 0.769624
4 4 0.056658 0.211412 0.117308 0.008619 0.606004
1 4 0.307917 0.451494 0.092711 0.000365 0.147513
1 4 0.263339 0.444127 0.047208 0.000053 0.245273
4 4 0.015461 0.409392 0.070963 0.000032 0.504152
1 4 0.010822 0.464066 0.134896 0.000265 0.389951
1 4 0.007388 0.463752 0.143014 0.000154 0.385692
1 4 0.007454 0.511795 0.218159 0.000484 0.262110
1 4 0.008130 0.532690 0.195644 0.000210 0.263326
1 4 0.006291 0.552107 0.211774 0.000323 0.229506
1 4 0.009219 0.508284 0.295859 0.000601 0.186036
1 4 0.007851 0.519389 0.216790 0.000519 0.255450
1 4 0.005237 0.444276 0.159723 0.000115 0.390649
4 4 0.007534 0.314687 0.106185 0.000126 0.571469
1 4 0.006450 0.481062 0.151091 0.000135 0.361263
1 4 0.009549 0.544272 0.217489 0.000754 0.227935
4 4 0.009741 0.247733 0.133576 0.000516 0.608434
4 4 0.033522 0.043078 0.021573 0.000954 0.900873
4 4 0.028919 0.224499 0.123573 0.003715 0.619294
4 4 0.015397 0.173630 0.050346 0.000218 0.760409
1 4 0.003953 0.451966 0.207946 0.000140 0.335995
1 2 0.007685 0.560481 0.216847 0.000509 0.214478
1 2 0.010199 0.540051 0.215037 0.000821 0.233893
1 2 0.006001 0.559062 0.208579 0.000283 0.226074
4 2 0.011484 0.336885 0.119647 0.000324 0.531660
1 2 0.006284 0.498514 0.211065 0.000322 0.283815
1 2 0.010183 0.482640 0.136271 0.000118 0.370788
1 2 0.007772 0.515985 0.155107 0.000194 0.320943
1 2 0.006042 0.493574 0.277513 0.000793 0.222078
2 2 0.007803 0.387183 0.509620 0.001253 0.094141
1 2 0.004540 0.456859 0.281581 0.000505 0.256516
2 2 0.003323 0.282662 0.614377 0.004214 0.095424
1 2 0.003392 0.436736 0.410813 0.001565 0.147494
1 2 0.012623 0.575136 0.177851 0.000238 0.234152
1 2 0.008597 0.478240 0.219158 0.000651 0.293354
1 2 0.005153 0.500741 0.211892 0.000226 0.281988
1 2 0.012196 0.472751 0.288960 0.001393 0.224700
2 2 0.005829 0.339888 0.548145 0.003873 0.102265
2 2 0.002972 0.322595 0.513574 0.004020 0.156838
2 2 0.007951 0.415417 0.439025 0.001093 0.136515
1 2 0.004471 0.539174 0.254510 0.000339 0.201506
1 2 0.005290 0.445151 0.406071 0.002387 0.141102
2 2 0.002302 0.271201 0.586831 0.002813 0.136854
2 2 0.002149 0.380138 0.454432 0.000826 0.162455
2 2 0.000901 0.202629 0.762320 0.002238 0.031912
2 2 0.003330 0.292634 0.668318 0.000151 0.035567
2 2 0.002695 0.244391 0.697550 0.004023 0.051341
2 2 0.001937 0.251688 0.650746 0.010991 0.084639
2 2 0.000549 0.138721 0.825667 0.001032 0.034031
2 2 0.001135 0.101970 0.875667 0.001546 0.019681
2 2 0.001664 0.217054 0.732134 0.001504 0.047643
2 2 0.002469 0.240441 0.675664 0.002693 0.078733
2 2 0.000069 0.037908 0.951015 0.004693 0.006315
2 2 0.000159 0.028044 0.969250 0.000783 0.001763
2 2 0.002048 0.194380 0.731323 0.006398 0.065851
2 2 0.000207 0.087109 0.900409 0.000942 0.011332
2 2 0.003579 0.360580 0.466730 0.003223 0.165888
2 2 0.001059 0.121882 0.840147 0.002096 0.034816
2 2 0.000062 0.027338 0.962433 0.006253 0.003914
2 2 0.000267 0.085409 0.895944 0.007401 0.010979
2 2 0.000269 0.038448 0.938948 0.016771 0.005563
2 2 0.001187 0.260783 0.680701 0.002858 0.054471
2 2 0.001093 0.149915 0.810849 0.000493 0.037649
2 2 0.000241 0.041342 0.952129 0.004142 0.002147
2 2 0.000213 0.032470 0.962781 0.003050 0.001486
2 2 0.000109 0.020295 0.910128 0.067588 0.001879
2 2 0.000115 0.043604 0.948265 0.004653 0.003363
2 2 0.002901 0.113699 0.861838 0.009160 0.012402
1 0 0.120635 0.638729 0.143309 0.000282 0.097045
1 1 0.012502 0.567922 0.232038 0.000326 0.187212
1 1 0.011372 0.563308 0.290619 0.000026 0.134676
1 2 0.059682 0.502679 0.351538 0.000238 0.085863
1 2 0.061870 0.568073 0.143301 0.000096 0.226660
2 2 0.006134 0.440448 0.476646 0.000428 0.076343
2 2 0.001086 0.381220 0.485768 0.000484 0.131442
2 2 0.000167 0.069079 0.895986 0.002754 0.032013
2 2 0.001377 0.258670 0.652521 0.000712 0.086720
2 2 0.000107 0.077960 0.902435 0.002861 0.016637
2 2 0.000597 0.257009 0.671506 0.000321 0.070566
2 2 0.001043 0.256909 0.676607 0.000814 0.064627
2 2 0.000685 0.244858 0.678363 0.002492 0.073602
2 2 0.000374 0.074504 0.903591 0.006844 0.014686
2 2 0.000269 0.150909 0.789159 0.001599 0.058065
2 2 0.000141 0.053702 0.925382 0.003051 0.017725
2 2 0.000480 0.151755 0.782778 0.000903 0.064085
2 2 0.000028 0.021394 0.962568 0.012889 0.003121
2 2 0.000704 0.267376 0.639043 0.001466 0.091410
2 2 0.000023 0.021041 0.972138 0.003252 0.003547
2 2 0.000252 0.094208 0.874488 0.001669 0.029383
2 2 0.000401 0.103522 0.868214 0.002724 0.025138
2 2 0.000008 0.002447 0.994692 0.002784 0.000070
2 2 0.000069 0.021125 0.933157 0.043207 0.002442
2 2 0.000039 0.018255 0.959107 0.019706 0.002894
2 2 0.000098 0.039695 0.935227 0.008199 0.016781
2 2 0.000288 0.048090 0.916211 0.022354 0.013057
2 2 0.000058 0.016351 0.981629 0.001324 0.000638
2 2 0.000108 0.017912 0.795525 0.181837 0.004618
2 2 0.000001 0.000953 0.897673 0.101357 0.000016
2 2 0.000047 0.018878 0.969763 0.009794 0.001517
2 2 0.000806 0.030963 0.866072 0.097288 0.004871
2 2 0.000021 0.014166 0.953018 0.029037 0.003758
2 2 0.000020 0.004127 0.592162 0.403372 0.000319
2 2 0.000104 0.030413 0.908566 0.055280 0.005637
2 2 0.000057 0.012080 0.918428 0.068895 0.000540
2 2 0.000176 0.029026 0.917567 0.049786 0.003446
2 2 0.000093 0.017333 0.910013 0.068584 0.003976
2 2 0.002702 0.092328 0.790661 0.069555 0.044754
2 2 0.000244 0.024754 0.706855 0.258885 0.009262
2 2 0.000033 0.008412 0.786133 0.204291 0.001132
2 2 0.000005 0.003860 0.673928 0.321845 0.000362
2 3 0.000039 0.008839 0.857156 0.131421 0.002545
2 3 0.000130 0.009953 0.534248 0.453129 0.002540
2 3 0.000250 0.030927 0.746912 0.218115 0.003796
3 3 0.000057 0.003592 0.374020 0.621961 0.000369
3 3 0.000208 0.014291 0.414809 0.561959 0.008733
2 3 0.000036 0.007910 0.575402 0.415839 0.000813
3 3 0.000013 0.001154 0.207149 0.791592 0.000093
2 3 0.000031 0.006289 0.563676 0.428464 0.001540
3 3 0.000229 0.008786 0.216311 0.772148 0.002527
3 3 0.000041 0.002918 0.224410 0.772161 0.000469
3 3 0.000078 0.001476 0.048854 0.948869 0.000722
3 3 0.000091 0.007274 0.316664 0.672354 0.003616
3 3 0.001322 0.017267 0.179997 0.787539 0.013874
3 3 0.000003 0.000400 0.089220 0.910347 0.000029
3 3 0.000179 0.004077 0.148950 0.846172 0.000622
3 3 0.000034 0.002332 0.173128 0.824336 0.000170
3 3 0.000065 0.007549 0.351608 0.638236 0.002542
3 3 0.000008 0.000422 0.099255 0.900293 0.000022
3 3 0.000256 0.011295 0.219229 0.766263 0.002956
3 3 0.000047 0.000591 0.022069 0.977216 0.000077
3 3 0.000155 0.002820 0.049363 0.947012 0.000650
3 3 0.000040 0.001035 0.048233 0.950492 0.000201
3 3 0.000863 0.008946 0.127110 0.859000 0.004081
2 2 0.011766 0.092831 0.659165 0.232006 0.004232
2 2 0.024656 0.384736 0.511566 0.015435 0.063606
1 2 0.079894 0.550577 0.319798 0.001438 0.048293
1 2 0.009341 0.594585 0.211413 0.000696 0.183965
2 2 0.002079 0.207785 0.693332 0.019610 0.077193
2 2 0.000873 0.183479 0.781641 0.001982 0.032025
2 2 0.001176 0.216253 0.722147 0.000476 0.059948
2 2 0.006569 0.122284 0.845270 0.015695 0.010182
1 2 0.023255 0.552040 0.295208 0.000158 0.129339
1 2 0.019877 0.536965 0.198323 0.000270 0.244566
1 2 0.005463 0.474188 0.215982 0.000166 0.304201
1 2 0.226443 0.399769 0.144120 0.000554 0.229113
1 1 0.203910 0.595684 0.153341 0.000130 0.046935
1 1 0.009807 0.527564 0.161609 0.000144 0.300876
1 2 0.010390 0.520461 0.385835 0.000174 0.083140
2 2 0.010788 0.422120 0.473025 0.004916 0.089151
1 2 0.004712 0.454020 0.338722 0.000557 0.201990
2 2 0.000524 0.127443 0.835378 0.001053 0.035602
2 2 0.002685 0.292633 0.655431 0.000816 0.048435
1 1 0.163871 0.634038 0.124594 0.000109 0.077389
4 2 0.156680 0.293322 0.102597 0.000239 0.447162
1 2 0.081761 0.511804 0.125579 0.000111 0.280745
1 2 0.007289 0.457425 0.439358 0.001454 0.094474
2 2 0.001571 0.258165 0.678239 0.001238 0.060788
1 2 0.084612 0.618476 0.083420 0.000004 0.213487
1 2 0.016178 0.585717 0.166179 0.000108 0.231818
4 1 0.260748 0.220900 0.069598 0.000172 0.448582
0 1 0.465442 0.076551 0.022353 0.000191 0.435463
0 0 0.915840 0.034918 0.015877 0.000679 0.032686
0 0 0.779769 0.122089 0.023153 0.000287 0.074701
1 0 0.389847 0.427740 0.078755 0.000059 0.103599
0 0 0.813900 0.043632 0.005410 0.000066 0.136992
0 0 0.767810 0.100198 0.017952 0.000100 0.113940
0 0 0.967079 0.015390 0.005651 0.000143 0.011737
0 0 0.920012 0.020376 0.006469 0.000088 0.053054
0 0 0.962596 0.019613 0.010431 0.000436 0.006924
0 0 0.918608 0.030920 0.015692 0.000405 0.034375
0 0 0.942819 0.025645 0.015461 0.000431 0.015643
0 0 0.751826 0.150668 0.071350 0.000661 0.025496
0 0 0.973227 0.015418 0.006635 0.000239 0.004481
0 0 0.942033 0.023891 0.011715 0.000301 0.022059
0 0 0.978991 0.012136 0.005725 0.000153 0.002995
0 0 0.960939 0.019062 0.009126 0.000274 0.010598
0 0 0.907261 0.053856 0.028374 0.000714 0.009795
0 0 0.903458 0.054880 0.033940 0.000530 0.007191
0 0 0.957843 0.022599 0.009619 0.000584 0.009356
0 0 0.934175 0.024497 0.006016 0.000281 0.035030
0 0 0.975091 0.013986 0.003488 0.000145 0.007290
0 0 0.954851 0.027386 0.008250 0.000198 0.009316
0 0 0.570771 0.276748 0.095268 0.000711 0.056502
0 0 0.847530 0.101979 0.035621 0.000473 0.014397
0 0 0.689407 0.227230 0.061174 0.000411 0.021778
0 0 0.574996 0.339330 0.064086 0.000052 0.021536
0 0 0.520523 0.340451 0.066424 0.000249 0.072353
1 0 0.273675 0.534911 0.096817 0.000044 0.094553
1 1 0.237324 0.504527 0.100001 0.000014 0.158133
0 1 0.447163 0.405977 0.077150 0.000070 0.069641
1 1 0.288420 0.490953 0.095144 0.000165 0.125319
1 1 0.105156 0.546616 0.208099 0.000474 0.139656
1 1 0.129411 0.574607 0.150852 0.000040 0.145090
1 1 0.137789 0.520178 0.077553 0.000009 0.264471
1 1 0.304471 0.504496 0.056561 0.000012 0.134460
1 1 0.046300 0.498765 0.115494 0.000023 0.339418
1 1 0.089462 0.568244 0.120097 0.000018 0.222180
1 1 0.236411 0.465657 0.089113 0.000148 0.208671
1 1 0.320333 0.464399 0.067235 0.000008 0.148025
1 1 0.021903 0.507412 0.113206 0.000038 0.357442
1 1 0.109866 0.568682 0.088145 0.000004 0.233303
1 1 0.309157 0.442192 0.049907 0.000005 0.198739
1 1 0.080426 0.575535 0.148845 0.001389 0.193805
1 1 0.025410 0.586877 0.156097 0.000110 0.231507
1 1 0.033955 0.613101 0.138555 0.000136 0.214253
1 1 0.007219 0.445073 0.159706 0.000103 0.387900
1 2 0.006298 0.574021 0.209657 0.000318 0.209705
1 2 0.004105 0.553432 0.236360 0.000223 0.205880
1 2 0.004421 0.471587 0.343699 0.000290 0.180005
1 2 0.002741 0.515366 0.229841 0.000096 0.251957
2 2 0.001641 0.392649 0.438498 0.000565 0.166646
1 2 0.001916 0.436345 0.402046 0.000244 0.159450
2 2 0.000884 0.262854 0.658400 0.000027 0.077835
2 2 0.001247 0.207992 0.748940 0.000837 0.040985
2 2 0.002721 0.300997 0.636633 0.000684 0.058965
1 2 0.003402 0.462794 0.398088 0.000686 0.135030
2 2 0.001598 0.158031 0.819875 0.004076 0.016420
1 2 0.003985 0.427133 0.398072 0.001748 0.169063
2 2 0.002230 0.226429 0.717779 0.000636 0.052927
1 2 0.009320 0.471044 0.157039 0.000186 0.362411
2 2 0.000988 0.257547 0.667234 0.000235 0.073997
2 2 0.001423 0.367677 0.530722 0.001443 0.098736
2 2 0.005734 0.441214 0.467929 0.001520 0.083602
2 2 0.002065 0.346312 0.556046 0.000397 0.095179
2 2 0.004790 0.366997 0.489583 0.007558 0.131071
1 2 0.004211 0.535474 0.269298 0.000379 0.190637
1 2 0.003967 0.492035 0.245078 0.000234 0.258685
1 4 0.008919 0.525531 0.218041 0.000668 0.246841
4 4 0.003600 0.354720 0.284891 0.000275 0.356513
1 4 0.007565 0.562170 0.213088 0.000465 0.216711
1 4 0.005446 0.486894 0.204520 0.000177 0.302963
1 4 0.008715 0.565711 0.265546 0.000877 0.159151
1 4 0.012294 0.531882 0.221357 0.001271 0.233196
1 4 0.006844 0.526536 0.214646 0.000391 0.251583
1 4 0.006293 0.510700 0.183526 0.000212 0.299269
4 4 0.019635 0.284199 0.106830 0.000853 0.588483
1 4 0.012539 0.545369 0.220415 0.001308 0.220369
4 4 0.028707 0.130021 0.056213 0.000800 0.784259
1 1 0.064100 0.558186 0.223212 0.000297 0.154205
1 1 0.004974 0.491541 0.305412 0.000820 0.197252
1 1 0.004487 0.519544 0.263137 0.000382 0.212450
1 1 0.006577 0.494133 0.259436 0.000235 0.239620
1 4 0.007565 0.543774 0.208813 0.000294 0.239554
1 4 0.006226 0.599931 0.210745 0.000331 0.182767
4 4 0.012405 0.402609 0.177863 0.000819 0.406304
4 4 0.015287 0.345727 0.119508 0.000525 0.518953
4 4 0.013988 0.244035 0.128190 0.000925 0.612863
1 4 0.011570 0.491290 0.180962 0.000634 0.315544
4 4 0.005704 0.095819 0.101010 0.000586 0.796881
4 4 0.032645 0.046159 0.018794 0.001230 0.901172
4 4 0.031241 0.197839 0.114425 0.004510 0.651985
4 4 0.048455 0.066119 0.032261 0.001399 0.851766
4 4 0.028417 0.105910 0.054719 0.002209 0.808746
1 4 0.008367 0.477058 0.245021 0.000908 0.268646
1 4 0.026233 0.410914 0.174986 0.003078 0.384789
4 4 0.074118 0.144861 0.147033 0.016870 0.617119
4 4 0.006708 0.369244 0.132766 0.000139 0.491143
4 4 0.020021 0.102223 0.035770 0.000444 0.841543
4 4 0.015181 0.398285 0.114091 0.000205 0.472237
4 4 0.009602 0.077387 0.030396 0.000139 0.882475
4 4 0.043189 0.242126 0.082239 0.000664 0.631782
4 4 0.015951 0.168754 0.057186 0.000331 0.757779
4 4 0.027922 0.277584 0.083800 0.000548 0.610147
4 4 0.034899 0.330635 0.139764 0.001873 0.492830
1 4 0.008872 0.480977 0.154241 0.000254 0.355655
4 4 0.011938 0.344452 0.196937 0.001221 0.445452
4 4 0.011614 0.335415 0.140970 0.000050 0.511952
1 4 0.023532 0.416737 0.143167 0.001448 0.415116
4 4 0.062815 0.090660 0.034665 0.000393 0.811468
4 4 0.073314 0.037323 0.016545 0.000771 0.872048
4 4 0.043003 0.028629 0.021839 0.000496 0.906033
4 4 0.075661 0.046139 0.024750 0.001241 0.852209
4 4 0.125910 0.097970 0.072320 0.001752 0.702048
4 4 0.179201 0.066562 0.050297 0.001949 0.701990
4 4 0.024459 0.031094 0.024618 0.000861 0.918967
4 4 0.010024 0.131876 0.046199 0.000138 0.811763
4 4 0.032519 0.261186 0.166268 0.003044 0.536984
4 4 0.054079 0.091698 0.048053 0.000971 0.805199
4 4 0.241808 0.060552 0.038027 0.001060 0.658552
4 4 0.020338 0.198051 0.162290 0.004310 0.615012
4 4 0.233468 0.076169 0.068676 0.001626 0.620061
4 4 0.053795 0.203239 0.085907 0.002540 0.654519
1 4 0.017665 0.484020 0.120591 0.000470 0.377254
4 4 0.018496 0.048416 0.022902 0.000580 0.909605
4 4 0.049517 0.068320 0.037314 0.000315 0.844534
4 4 0.163329 0.106733 0.105163 0.003980 0.620794
4 4 0.060224 0.122598 0.055422 0.005746 0.756010
4 4 0.015803 0.168523 0.069424 0.000514 0.745735
4 4 0.016979 0.144571 0.099585 0.001999 0.736866
4 4 0.057366 0.051116 0.018689 0.000826 0.872003
1 4 0.089655 0.589104 0.158508 0.000640 0.162094
1 4 0.007406 0.390111 0.273547 0.001311 0.327625
1 4 0.008135 0.538654 0.253361 0.000577 0.199273
1 4 0.003414 0.551917 0.222302 0.000037 0.222331
1 4 0.007852 0.634281 0.160223 0.000222 0.197422
4 4 0.007765 0.203168 0.081757 0.000144 0.707166
4 4 0.021163 0.071171 0.060578 0.003366 0.843722
4 4 0.084267 0.045838 0.023524 0.001396 0.844975
4 4 0.200140 0.039217 0.014392 0.000298 0.745953
4 4 0.312512 0.075542 0.083997 0.003626 0.524322
4 4 0.076827 0.084113 0.075199 0.002481 0.761381
4 4 0.053779 0.108243 0.046449 0.000326 0.791203
4 4 0.052162 0.055320 0.026730 0.000113 0.865675
4 4 0.142028 0.051152 0.035765 0.000668 0.770387
4 4 0.027254 0.187304 0.118754 0.004388 0.662300
