0 0 0.954575 0.026000 0.013963 0.000410 0.005052
0 0 0.927182 0.040629 0.023843 0.001411 0.006936
0 0 0.971236 0.009489 0.008501 0.001503 0.009270
0 0 0.975021 0.008433 0.004929 0.000391 0.011226
0 0 0.857881 0.017106 0.008628 0.000392 0.115993
0 0 0.850122 0.044288 0.023364 0.001501 0.080725
0 0 0.781936 0.020921 0.011735 0.000399 0.185009
0 0 0.849919 0.016090 0.010201 0.000965 0.122825
0 0 0.894291 0.036338 0.018390 0.001373 0.049608
0 0 0.866251 0.073970 0.040514 0.003623 0.015643
0 0 0.950761 0.025218 0.015071 0.001044 0.007906
0 0 0.949181 0.021581 0.012899 0.001489 0.014851
0 0 0.963296 0.018267 0.011725 0.000868 0.005845
0 0 0.981250 0.009333 0.004950 0.000116 0.004351
0 0 0.929794 0.037279 0.022666 0.001840 0.008420
0 0 0.898744 0.051795 0.029591 0.003247 0.016623
0 0 0.846247 0.061421 0.061949 0.004389 0.025995
0 0 0.979820 0.011169 0.005801 0.000094 0.003115
0 0 0.879925 0.043955 0.021880 0.000878 0.053362
0 0 0.765733 0.046992 0.022277 0.000537 0.164462
0 0 0.886639 0.042945 0.021219 0.001608 0.047588
0 0 0.960344 0.016054 0.008440 0.000523 0.014638
0 0 0.878126 0.025913 0.013927 0.001439 0.080595
0 0 0.417060 0.141336 0.060518 0.000454 0.380633
0 0 0.866291 0.045187 0.026269 0.001961 0.060291
0 0 0.727610 0.065406 0.041041 0.001507 0.164437
0 0 0.641399 0.048249 0.024836 0.001793 0.283722
0 0 0.784558 0.010840 0.007727 0.001972 0.194903
4 0 0.105685 0.089994 0.040444 0.000774 0.763103
4 0 0.206907 0.049671 0.023350 0.000580 0.719492
0 0 0.548953 0.164948 0.050007 0.000104 0.235988
0 0 0.850987 0.016217 0.013227 0.003424 0.116146
0 0 0.767107 0.087974 0.044383 0.005984 0.094552
0 0 0.918270 0.037882 0.015207 0.000215 0.028427
0 0 0.881505 0.059631 0.034328 0.004610 0.019927
0 0 0.584277 0.079011 0.038309 0.000585 0.297818
0 0 0.652410 0.058722 0.032873 0.002422 0.253573
0 0 0.571481 0.029969 0.019975 0.000762 0.377813
0 0 0.923236 0.029630 0.026008 0.005902 0.015223
0 0 0.820279 0.103260 0.053567 0.004489 0.018405
0 0 0.767343 0.085482 0.039140 0.003148 0.104886
0 0 0.965170 0.016171 0.008950 0.000482 0.009227
0 0 0.863335 0.048292 0.061110 0.009949 0.017314
0 0 0.970587 0.008144 0.004681 0.000278 0.016310
0 0 0.940626 0.030587 0.018281 0.001436 0.009070
0 0 0.906658 0.042331 0.019032 0.000794 0.031185
0 0 0.900548 0.049921 0.032733 0.003600 0.013198
0 0 0.946808 0.027179 0.013712 0.000601 0.011700
0 0 0.888205 0.018039 0.009677 0.000482 0.083597
0 0 0.785980 0.032911 0.020577 0.001950 0.158582
0 0 0.949476 0.021933 0.011299 0.000690 0.016602
0 0 0.940426 0.032727 0.017323 0.000757 0.008767
0 0 0.970247 0.011141 0.005662 0.000263 0.012687
0 0 0.888847 0.050973 0.025509 0.001675 0.032995
0 0 0.897572 0.060220 0.028062 0.000999 0.013147
0 0 0.395164 0.369428 0.127831 0.000751 0.106826
4 4 0.325262 0.207577 0.062949 0.000273 0.403939
4 4 0.119995 0.236285 0.081663 0.000378 0.561679
4 4 0.152430 0.243523 0.071118 0.000214 0.532717
4 4 0.229643 0.219027 0.078244 0.000622 0.472463
4 4 0.068083 0.087919 0.038525 0.000455 0.805018
4 4 0.219134 0.048295 0.026487 0.002980 0.703103
4 4 0.219712 0.150756 0.052033 0.000735 0.576763
4 4 0.205559 0.077293 0.035776 0.000256 0.681116
4 4 0.193730 0.064534 0.025340 0.000081 0.716315
4 4 0.092965 0.048983 0.022567 0.000361 0.835125
0 4 0.603378 0.134338 0.051034 0.000950 0.210300
1 4 0.098672 0.390982 0.142045 0.000471 0.367830
4 4 0.070917 0.275226 0.091902 0.000055 0.561899
4 4 0.176301 0.234294 0.079839 0.000149 0.509417
4 4 0.143849 0.311682 0.107035 0.000209 0.437225
4 4 0.226522 0.210322 0.059611 0.000066 0.503478
4 4 0.410049 0.068890 0.033089 0.000670 0.487302
4 4 0.155911 0.218541 0.059402 0.000037 0.566108
4 4 0.086051 0.251657 0.080415 0.000085 0.581792
4 4 0.112800 0.200130 0.054144 0.000006 0.632920
4 4 0.078858 0.189094 0.062401 0.000135 0.669513
0 4 0.639451 0.043151 0.017084 0.000140 0.300174
4 4 0.156457 0.254593 0.072825 0.000080 0.516045
0 4 0.458330 0.070493 0.027969 0.000329 0.442879
4 4 0.162840 0.151775 0.051819 0.000224 0.633342
4 4 0.058426 0.241849 0.083202 0.000120 0.616404
4 4 0.254758 0.067321 0.029532 0.000532 0.647857
4 4 0.156831 0.183930 0.073581 0.001295 0.584363
4 4 0.049039 0.204281 0.067344 0.000024 0.679312
4 4 0.170191 0.136978 0.035968 0.000014 0.656849
4 4 0.174288 0.124820 0.048616 0.000659 0.651618
4 4 0.276790 0.168940 0.057185 0.000527 0.496558
4 4 0.132320 0.315364 0.107441 0.000204 0.444671
0 4 0.582624 0.151588 0.068132 0.001190 0.196466
0 4 0.401374 0.237034 0.082905 0.000858 0.277829
0 4 0.523016 0.075120 0.033284 0.000524 0.368056
4 4 0.217099 0.318166 0.088709 0.000046 0.375980
4 4 0.147271 0.148638 0.047121 0.000059 0.656911
1 4 0.060875 0.407545 0.262398 0.001306 0.267877
4 4 0.122947 0.345017 0.111148 0.000113 0.420776
4 4 0.041719 0.324936 0.131881 0.000539 0.500925
1 4 0.167321 0.369892 0.117038 0.000272 0.345478
2 4 0.050618 0.332265 0.383975 0.006203 0.226940
2 2 0.011117 0.218751 0.719435 0.001997 0.048699
2 2 0.044113 0.336216 0.518790 0.005282 0.095599
2 2 0.013748 0.343040 0.506425 0.000804 0.135982
2 2 0.001859 0.069181 0.923351 0.001384 0.004226
2 2 0.001695 0.040726 0.941590 0.015364 0.000625
2 2 0.006518 0.152949 0.815808 0.001805 0.022920
2 2 0.004340 0.074268 0.914331 0.005929 0.001132
2 2 0.001234 0.030679 0.961826 0.005236 0.001025
2 2 0.012134 0.158008 0.798921 0.011860 0.019077
2 2 0.003088 0.091742 0.883983 0.002896 0.018291
2 2 0.001193 0.029796 0.938961 0.029656 0.000394
2 2 0.001611 0.043617 0.927003 0.026709 0.001060
2 2 0.003508 0.077895 0.906361 0.009921 0.002316
2 2 0.002421 0.012436 0.909633 0.075214 0.000296
2 2 0.000406 0.010789 0.893797 0.094867 0.000142
2 2 0.001371 0.019379 0.915406 0.063432 0.000412
2 2 0.004826 0.031628 0.942912 0.018702 0.001932
2 3 0.001078 0.015091 0.905494 0.078093 0.000244
2 3 0.000198 0.003341 0.597246 0.399097 0.000117
2 3 0.002280 0.016253 0.853529 0.127407 0.000531
2 3 0.000648 0.004590 0.797965 0.196614 0.000184
2 3 0.002615 0.018200 0.920225 0.058673 0.000287
2 3 0.001106 0.010126 0.737842 0.250632 0.000295
2 3 0.000732 0.010427 0.803959 0.184437 0.000445
2 3 0.003342 0.015609 0.525180 0.454241 0.001628
2 3 0.000149 0.002902 0.624844 0.372024 0.000081
2 3 0.003501 0.033965 0.919786 0.042103 0.000645
2 3 0.000240 0.005537 0.801666 0.192439 0.000118
2 3 0.003045 0.011719 0.788911 0.195918 0.000406
2 3 0.000937 0.006419 0.584680 0.407526 0.000438
2 3 0.000415 0.004039 0.520818 0.474647 0.000081
2 3 0.000850 0.011488 0.854760 0.132537 0.000364
3 3 0.000040 0.000556 0.330140 0.669257 0.000007
3 3 0.000056 0.000689 0.290783 0.708450 0.000023
3 3 0.000047 0.000803 0.366673 0.632465 0.000012
2 3 0.001754 0.011886 0.575274 0.410710 0.000376
3 3 0.000026 0.000550 0.296839 0.702567 0.000018
2 3 0.000129 0.001624 0.600551 0.397663 0.000033
3 3 0.000335 0.003745 0.382273 0.613208 0.000440
2 3 0.005236 0.019837 0.675185 0.297536 0.002206
2 3 0.000031 0.001622 0.804717 0.193597 0.000033
2 3 0.000119 0.001465 0.574622 0.423770 0.000025
3 3 0.000006 0.000104 0.188747 0.811141 0.000001
2 3 0.005658 0.024868 0.766457 0.202245 0.000773
3 3 0.000022 0.000346 0.223537 0.776089 0.000007
3 3 0.000033 0.000663 0.355606 0.643680 0.000018
3 3 0.000070 0.000878 0.191962 0.807015 0.000075
3 3 0.000050 0.001094 0.379749 0.619082 0.000025
3 3 0.000068 0.001045 0.332919 0.665946 0.000022
3 3 0.000536 0.004330 0.447896 0.546934 0.000303
3 3 0.000362 0.003542 0.414155 0.581651 0.000290
3 3 0.001594 0.010915 0.325977 0.660637 0.000876
2 2 0.086242 0.143699 0.588016 0.166495 0.015548
2 2 0.015740 0.147991 0.762393 0.061846 0.012030
2 2 0.069374 0.248092 0.364411 0.008744 0.309379
2 2 0.032201 0.282440 0.530308 0.029765 0.125286
1 2 0.174055 0.387589 0.324220 0.006362 0.107773
2 2 0.046908 0.412428 0.434830 0.006591 0.099243
2 2 0.033336 0.356391 0.567049 0.007217 0.036008
2 2 0.012441 0.186159 0.762994 0.003041 0.035365
1 2 0.055051 0.450352 0.318509 0.000680 0.175409
2 2 0.015659 0.271436 0.673312 0.003852 0.035741
2 2 0.060229 0.410688 0.429091 0.001291 0.098702
2 2 0.014915 0.220364 0.737995 0.003008 0.023718
2 2 0.006836 0.187842 0.782953 0.004539 0.017830
2 2 0.004806 0.103994 0.882205 0.002891 0.006104
2 2 0.014344 0.258210 0.682512 0.007076 0.037859
2 2 0.030492 0.264640 0.685580 0.002581 0.016707
2 2 0.003779 0.038987 0.944979 0.009951 0.002304
2 2 0.016551 0.184951 0.781398 0.004158 0.012942
2 2 0.003291 0.054094 0.936570 0.002935 0.003110
2 2 0.008678 0.097771 0.876257 0.012236 0.005058
2 2 0.026287 0.274954 0.660878 0.001772 0.036109
2 2 0.004975 0.037919 0.940632 0.014316 0.002158
2 2 0.029418 0.274481 0.659599 0.004892 0.031610
2 2 0.015325 0.235726 0.712099 0.004732 0.032118
2 2 0.028295 0.272968 0.645530 0.006371 0.046837
2 2 0.007243 0.090088 0.893800 0.002959 0.005910
2 2 0.005205 0.108060 0.865259 0.016317 0.005160
2 2 0.011783 0.113541 0.828842 0.040766 0.005068
2 2 0.007313 0.179222 0.785400 0.015525 0.012540
2 2 0.145786 0.326407 0.442066 0.015603 0.070137
2 2 0.038852 0.306824 0.600475 0.009812 0.044038
2 2 0.013012 0.133451 0.842081 0.001716 0.009739
1 2 0.108426 0.468412 0.359769 0.003114 0.060280
2 2 0.033551 0.291236 0.636085 0.000998 0.038130
2 2 0.009317 0.097761 0.888049 0.001835 0.003038
2 2 0.001074 0.034955 0.959669 0.003168 0.001134
2 2 0.007808 0.136100 0.845837 0.003271 0.006985
2 2 0.004947 0.119490 0.865330 0.005847 0.004386
2 2 0.001967 0.039306 0.941009 0.017081 0.000637
2 2 0.004580 0.056813 0.929121 0.006917 0.002569
2 2 0.004878 0.085024 0.898441 0.006511 0.005146
2 2 0.001851 0.030747 0.880876 0.085799 0.000727
2 2 0.007154 0.086930 0.886378 0.017679 0.001859
2 2 0.003166 0.068023 0.912665 0.013711 0.002435
2 2 0.012180 0.174875 0.794154 0.007789 0.011001
2 2 0.087607 0.295656 0.557491 0.023107 0.036138
2 1 0.086495 0.289033 0.567284 0.017045 0.040143
1 1 0.134333 0.448595 0.274347 0.001187 0.141538
2 2 0.030527 0.325396 0.570931 0.002178 0.070968
1 2 0.043904 0.417971 0.382025 0.001348 0.154753
2 2 0.003756 0.052217 0.931910 0.010066 0.002052
2 2 0.022753 0.227068 0.714200 0.001619 0.034360
2 2 0.003822 0.070513 0.917752 0.004852 0.003061
2 2 0.002005 0.050435 0.942726 0.003006 0.001827
2 2 0.008559 0.115136 0.870140 0.001032 0.005133
2 2 0.005795 0.075131 0.905059 0.009113 0.004903
2 2 0.006702 0.089228 0.894789 0.005726 0.003556
2 2 0.007034 0.137806 0.839842 0.004881 0.010437
2 2 0.006903 0.070262 0.908064 0.010771 0.003999
2 2 0.017536 0.105839 0.854866 0.005632 0.016128
2 2 0.005436 0.082140 0.896318 0.012552 0.003554
2 0 0.031817 0.112870 0.782893 0.066369 0.006051
2 0 0.212371 0.184777 0.510313 0.073003 0.019536
2 0 0.330413 0.268755 0.363580 0.017390 0.019862
2 1 0.035185 0.415658 0.479010 0.009417 0.060730
1 1 0.056460 0.416582 0.391119 0.002338 0.133501
2 2 0.002564 0.058623 0.931445 0.005597 0.001771
2 2 0.034404 0.345500 0.554534 0.003472 0.062090
1 2 0.174702 0.481826 0.205911 0.001158 0.136402
1 1 0.192711 0.483252 0.224822 0.001901 0.097314
1 1 0.087905 0.423662 0.396836 0.014521 0.077076
0 1 0.386750 0.293901 0.097764 0.000169 0.221416
1 1 0.278238 0.403243 0.132253 0.000469 0.185797
1 1 0.110774 0.503299 0.250793 0.002237 0.132897
1 1 0.059143 0.447481 0.187490 0.001374 0.304511
4 1 0.078654 0.380566 0.144145 0.000863 0.395773
4 1 0.095197 0.380031 0.135479 0.000388 0.388905
1 1 0.044396 0.419134 0.334053 0.002493 0.199925
2 2 0.000728 0.037467 0.958381 0.001480 0.001945
2 2 0.002210 0.107231 0.858007 0.000095 0.032457
2 2 0.000291 0.024110 0.972326 0.000933 0.002339
2 2 0.000781 0.021350 0.976239 0.000994 0.000636
2 2 0.003059 0.070441 0.920368 0.000170 0.005962
2 2 0.001289 0.044257 0.949363 0.000718 0.004373
2 2 0.002352 0.054608 0.938380 0.002338 0.002322
2 2 0.001030 0.034535 0.959830 0.002950 0.001655
2 2 0.003468 0.042014 0.928631 0.023457 0.002431
2 2 0.005571 0.101009 0.881358 0.001303 0.010759
1 0 0.142004 0.465764 0.330777 0.002215 0.059240
2 0 0.236420 0.290565 0.425991 0.015129 0.031894
2 1 0.208117 0.316157 0.379760 0.016170 0.079797
0 0 0.429905 0.270676 0.158977 0.003138 0.137305
1 1 0.190540 0.478047 0.245708 0.002109 0.083596
0 0 0.702063 0.160494 0.088457 0.009109 0.039877
0 1 0.536735 0.233981 0.110598 0.001177 0.117509
0 1 0.662924 0.124883 0.064073 0.002563 0.145558
1 0 0.285380 0.354475 0.166153 0.004490 0.189502
1 1 0.228854 0.441256 0.132656 0.000057 0.197177
1 1 0.131775 0.472625 0.163725 0.000165 0.231711
1 1 0.147571 0.507447 0.175770 0.000162 0.169050
1 1 0.071627 0.496748 0.315209 0.001957 0.114459
1 2 0.084085 0.534238 0.214781 0.000540 0.166356
1 2 0.079430 0.522570 0.232718 0.001286 0.163996
2 2 0.006323 0.096495 0.889881 0.002877 0.004424
2 2 0.010235 0.130419 0.852334 0.002013 0.004999
2 2 0.003520 0.089804 0.903147 0.001846 0.001682
2 2 0.011097 0.164931 0.813901 0.000504 0.009567
2 2 0.002373 0.085140 0.906203 0.002744 0.003540
2 2 0.001420 0.057955 0.938100 0.000689 0.001837
2 2 0.005664 0.119869 0.861726 0.002875 0.009866
2 2 0.001819 0.053455 0.942489 0.001362 0.000874
2 2 0.005174 0.064412 0.926602 0.002557 0.001254
2 2 0.015869 0.193846 0.776510 0.006653 0.007122
2 2 0.003549 0.064073 0.922348 0.007431 0.002599
2 2 0.008215 0.132433 0.850146 0.002766 0.006440
2 2 0.004372 0.108300 0.880211 0.003344 0.003773
2 2 0.005996 0.072860 0.916654 0.002258 0.002231
2 2 0.018073 0.287560 0.645839 0.000881 0.047646
2 2 0.010991 0.075164 0.900377 0.011570 0.001897
2 2 0.004686 0.102936 0.882288 0.003254 0.006837
2 2 0.007702 0.195857 0.773701 0.001425 0.021314
2 2 0.004252 0.059274 0.930498 0.004527 0.001449
2 2 0.053507 0.317535 0.595351 0.004120 0.029487
2 1 0.020304 0.263822 0.685098 0.012759 0.018017
2 2 0.014599 0.138503 0.838141 0.001149 0.007608
2 2 0.001921 0.044546 0.945856 0.005564 0.002113
2 2 0.006587 0.078285 0.908116 0.004555 0.002457
2 2 0.001767 0.036501 0.952069 0.008612 0.001051
2 2 0.007395 0.066390 0.918841 0.004736 0.002638
2 2 0.006843 0.092150 0.885112 0.008917 0.006977
2 2 0.012926 0.042802 0.930618 0.011438 0.002216
2 2 0.002121 0.062523 0.925092 0.007966 0.002297
2 2 0.006518 0.053276 0.929490 0.008687 0.002030
2 2 0.005050 0.039779 0.941450 0.011763 0.001958
2 2 0.001808 0.025092 0.867822 0.103592 0.001687
2 0 0.036443 0.112276 0.718234 0.123285 0.009763
2 0 0.063887 0.188534 0.684926 0.055477 0.007175
2 0 0.139293 0.183270 0.580252 0.081152 0.016032
2 1 0.037784 0.384414 0.524424 0.006345 0.047032
0 0 0.641400 0.234608 0.099714 0.002411 0.021867
1 1 0.120669 0.553148 0.216371 0.001368 0.108444
1 1 0.052035 0.491829 0.440211 0.000625 0.015299
2 2 0.009938 0.222524 0.751281 0.001794 0.014463
2 2 0.002038 0.072900 0.921788 0.001375 0.001898
2 2 0.001038 0.026139 0.970034 0.002249 0.000540
2 2 0.004746 0.082388 0.906264 0.002406 0.004196
2 2 0.001578 0.076290 0.917038 0.000432 0.004662
2 2 0.000455 0.034569 0.962300 0.001287 0.001389
2 2 0.000464 0.028149 0.953178 0.017419 0.000790
2 2 0.000384 0.023487 0.968407 0.006842 0.000880
2 2 0.000331 0.018147 0.976271 0.004806 0.000446
2 2 0.001320 0.075352 0.898729 0.018875 0.005723
2 2 0.000422 0.016168 0.974857 0.008208 0.000345
2 2 0.000426 0.021844 0.964890 0.012290 0.000550
2 2 0.001318 0.023617 0.967833 0.006653 0.000579
2 2 0.001512 0.023556 0.923561 0.050770 0.000602
2 2 0.000147 0.005695 0.975354 0.018654 0.000149
2 2 0.000812 0.026335 0.964005 0.008291 0.000557
2 2 0.002990 0.026682 0.932607 0.036905 0.000816
2 2 0.000148 0.003417 0.890025 0.106325 0.000085
2 2 0.001881 0.052324 0.921347 0.021367 0.003081
2 2 0.000947 0.015351 0.919696 0.063119 0.000887
2 2 0.002179 0.028329 0.903565 0.064292 0.001634
2 2 0.000560 0.025587 0.932881 0.039695 0.001276
2 2 0.005356 0.077357 0.881384 0.032633 0.003270
2 0 0.131197 0.408648 0.423522 0.016385 0.020248
2 0 0.007251 0.087633 0.872258 0.031305 0.001553
2 2 0.003531 0.068475 0.923362 0.003730 0.000903
2 2 0.002059 0.057003 0.933766 0.006372 0.000801
2 2 0.007391 0.089971 0.879954 0.020682 0.002001
2 2 0.000376 0.025951 0.968072 0.005157 0.000444
2 2 0.002153 0.088332 0.889154 0.015487 0.004874
2 2 0.029139 0.349729 0.580882 0.012681 0.027569
1 0 0.379309 0.411569 0.171339 0.008815 0.028968
2 1 0.033030 0.324376 0.617047 0.010092 0.015455
2 2 0.030053 0.380323 0.553431 0.007299 0.028894
1 0 0.172800 0.574135 0.216970 0.001227 0.034868
2 1 0.012101 0.219791 0.754958 0.004939 0.008211
2 2 0.034182 0.441626 0.461392 0.008301 0.054499
2 2 0.000886 0.042845 0.953237 0.002466 0.000565
2 2 0.000342 0.028370 0.967818 0.002774 0.000697
2 2 0.003429 0.094646 0.887773 0.011162 0.002990
2 2 0.000342 0.019425 0.969236 0.010675 0.000322
2 2 0.000653 0.036650 0.956910 0.004518 0.001269
2 2 0.000666 0.028952 0.962113 0.007884 0.000385
2 2 0.000983 0.021083 0.974893 0.002814 0.000228
2 2 0.000723 0.038054 0.954791 0.005430 0.001002
2 2 0.000353 0.019249 0.959988 0.020062 0.000347
2 2 0.000904 0.044562 0.929651 0.023098 0.001785
2 2 0.001879 0.072819 0.896540 0.023439 0.005322
2 1 0.030091 0.289076 0.652326 0.015166 0.013340
2 0 0.050360 0.312649 0.597986 0.025118 0.013886
1 0 0.187097 0.511005 0.268349 0.003417 0.030133
1 0 0.246425 0.533671 0.189181 0.001526 0.029197
1 1 0.050356 0.492073 0.390086 0.001246 0.066238
1 1 0.082634 0.592107 0.275136 0.000498 0.049625
2 1 0.028398 0.297972 0.657603 0.003821 0.012207
1 1 0.058560 0.579756 0.299284 0.001324 0.061076
2 2 0.001153 0.081823 0.913426 0.000445 0.003153
2 2 0.000553 0.064946 0.930285 0.001313 0.002902
2 2 0.002941 0.083397 0.909326 0.000620 0.003716
2 2 0.005229 0.147179 0.837716 0.004588 0.005288
2 2 0.008478 0.200476 0.773712 0.002043 0.015292
2 2 0.002733 0.032374 0.963310 0.001302 0.000281
2 2 0.000435 0.023395 0.974560 0.000162 0.001448
2 1 0.000872 0.087452 0.905058 0.001650 0.004969
2 2 0.000931 0.034349 0.962232 0.002238 0.000250
2 2 0.000332 0.017327 0.981081 0.000940 0.000320
2 2 0.001535 0.058288 0.934608 0.004522 0.001046
2 2 0.001206 0.037211 0.958388 0.002076 0.001120
1 1 0.051182 0.477901 0.440717 0.002683 0.027517
2 2 0.000957 0.029122 0.968189 0.001307 0.000425
2 2 0.000483 0.025037 0.970915 0.002309 0.001256
2 2 0.000600 0.024844 0.969212 0.004821 0.000523
2 2 0.001076 0.034442 0.958912 0.004862 0.000708
2 2 0.000270 0.021857 0.967300 0.010030 0.000544
2 2 0.002548 0.095385 0.894887 0.003204 0.003975
2 2 0.000623 0.015595 0.981230 0.002024 0.000528
2 2 0.002355 0.074474 0.902865 0.017661 0.002645
2 2 0.000739 0.031760 0.959154 0.007805 0.000542
2 2 0.000050 0.004455 0.978927 0.016535 0.000033
2 2 0.002301 0.045543 0.925082 0.025436 0.001637
2 2 0.000378 0.012087 0.976146 0.011246 0.000143
2 2 0.000704 0.026956 0.949980 0.021859 0.000501
2 2 0.001153 0.030678 0.941994 0.025274 0.000902
2 2 0.000875 0.023798 0.949550 0.025337 0.000440
2 2 0.002079 0.033977 0.903347 0.059546 0.001051
2 2 0.001240 0.013949 0.924473 0.059931 0.000408
2 3 0.000375 0.003412 0.774019 0.222070 0.000124
2 2 0.000977 0.014754 0.877299 0.106722 0.000247
2 2 0.000358 0.009659 0.930588 0.059168 0.000227
2 2 0.002947 0.055784 0.910860 0.029149 0.001259
2 2 0.000086 0.003891 0.950998 0.044956 0.000070
2 2 0.000314 0.008665 0.863722 0.127175 0.000124
2 2 0.001262 0.009053 0.514974 0.473969 0.000742
2 2 0.018088 0.129288 0.675676 0.168256 0.008693
2 2 0.040602 0.296693 0.614274 0.032833 0.015598
2 2 0.021337 0.268549 0.665821 0.024863 0.019431
2 2 0.025928 0.287479 0.650104 0.016273 0.020216
1 2 0.058318 0.504128 0.408685 0.001964 0.026905
2 2 0.075373 0.336137 0.564789 0.015020 0.008682
1 0 0.186700 0.571138 0.214665 0.001366 0.026130
1 0 0.141334 0.591677 0.235935 0.001493 0.029561
1 0 0.136968 0.593294 0.234560 0.000963 0.034214
1 0 0.363337 0.469597 0.152117 0.001332 0.013616
0 0 0.681901 0.208072 0.097256 0.003443 0.009327
1 1 0.117510 0.546016 0.199348 0.000107 0.137019
1 1 0.089032 0.536197 0.213734 0.000556 0.160481
1 1 0.058081 0.483185 0.204257 0.000791 0.253687
1 1 0.092072 0.430557 0.156173 0.000191 0.321006
2 2 0.019010 0.301304 0.639749 0.001180 0.038757
2 2 0.010461 0.163426 0.805088 0.006265 0.014759
2 2 0.001792 0.046135 0.923229 0.027884 0.000960
2 2 0.003114 0.080303 0.913158 0.000661 0.002763
2 2 0.021457 0.333915 0.602643 0.000906 0.041078
2 2 0.004474 0.067913 0.921366 0.005265 0.000982
2 2 0.000491 0.045564 0.940416 0.010747 0.002780
2 2 0.013579 0.146172 0.830227 0.002052 0.007971
2 2 0.005895 0.127437 0.855212 0.004843 0.006614
2 2 0.001087 0.027585 0.958871 0.012182 0.000276
2 2 0.006758 0.100452 0.885421 0.004677 0.002692
2 2 0.001588 0.054285 0.935999 0.006301 0.001827
2 2 0.002080 0.055318 0.933765 0.006361 0.002477
2 2 0.007926 0.124413 0.857737 0.003957 0.005968
2 2 0.016602 0.176914 0.774728 0.000879 0.030877
2 2 0.046810 0.330106 0.529932 0.000803 0.092349
1 1 0.255995 0.495055 0.160614 0.000475 0.087862
1 1 0.219907 0.525200 0.181302 0.000905 0.072686
0 0 0.850667 0.102947 0.040577 0.000346 0.005463
1 0 0.179882 0.557311 0.206287 0.001475 0.055045
1 0 0.087065 0.541555 0.212020 0.000215 0.159144
1 0 0.116548 0.546267 0.208859 0.000564 0.127762
1 0 0.043797 0.447706 0.397871 0.000857 0.109769
2 0 0.118332 0.266577 0.555231 0.025418 0.034442
1 0 0.169640 0.493685 0.166730 0.000211 0.169734
1 0 0.097264 0.457160 0.167688 0.000245 0.277644
1 0 0.039343 0.464447 0.413872 0.002984 0.079355
2 1 0.023185 0.363760 0.444661 0.003067 0.165327
1 1 0.099098 0.525766 0.247064 0.002761 0.125310
1 1 0.053469 0.476470 0.371020 0.003852 0.095188
1 1 0.106269 0.533375 0.196510 0.000103 0.163743
1 1 0.091191 0.547805 0.218904 0.000549 0.141551
1 1 0.109104 0.518086 0.198286 0.000731 0.173792
1 1 0.109682 0.518193 0.198609 0.000798 0.172719
1 1 0.166524 0.416575 0.143976 0.000801 0.272125
4 1 0.273383 0.224665 0.082374 0.000998 0.418580
1 1 0.088599 0.492277 0.283474 0.002264 0.133385
4 1 0.060149 0.330974 0.122260 0.000178 0.486438
4 4 0.316047 0.053848 0.031501 0.002103 0.596501
4 4 0.041069 0.208688 0.073932 0.000090 0.676220
4 4 0.137729 0.245084 0.087827 0.000728 0.528632
4 4 0.090156 0.250403 0.078491 0.000059 0.580892
4 4 0.101867 0.159497 0.061283 0.000563 0.676790
0 4 0.424806 0.161524 0.075523 0.001750 0.336397
4 4 0.235066 0.103158 0.046902 0.002062 0.612812
4 4 0.065189 0.091100 0.030675 0.000059 0.812976
4 4 0.124412 0.155231 0.058469 0.000470 0.661417
0 4 0.510834 0.164063 0.139173 0.011407 0.174523
4 4 0.177295 0.231579 0.083077 0.000807 0.507242
4 4 0.182818 0.097192 0.040698 0.001211 0.678080
4 4 0.067474 0.175435 0.079305 0.002786 0.674999
4 4 0.058451 0.285537 0.101149 0.000098 0.554766
1 0 0.326071 0.426305 0.124403 0.000202 0.123020
4 0 0.130028 0.308230 0.096346 0.000137 0.465259
4 1 0.067509 0.308600 0.111734 0.000345 0.511813
4 1 0.072933 0.357636 0.129334 0.000166 0.439931
0 0 0.420013 0.287290 0.069990 0.000042 0.222665
0 0 0.754368 0.116974 0.064925 0.002527 0.061207
0 0 0.427330 0.370462 0.095232 0.000027 0.106949
1 0 0.266723 0.507354 0.160412 0.000145 0.065366
0 0 0.717542 0.154907 0.066610 0.002895 0.058046
0 0 0.634888 0.225495 0.069289 0.000190 0.070138
0 0 0.673471 0.183165 0.056784 0.000146 0.086433
1 0 0.331572 0.359839 0.093985 0.000019 0.214584
1 0 0.349849 0.462170 0.138972 0.000231 0.048778
0 0 0.752757 0.139465 0.057351 0.001857 0.048571
0 0 0.718778 0.188487 0.067989 0.001396 0.023350
0 0 0.413831 0.385427 0.172500 0.006314 0.021928
1 0 0.208012 0.501386 0.168592 0.000516 0.121494
0 0 0.835875 0.085432 0.036384 0.001624 0.040685
4 1 0.262411 0.080748 0.040876 0.004731 0.611234
4 1 0.281893 0.137466 0.062736 0.007696 0.510210
4 1 0.102263 0.205574 0.060195 0.000051 0.631917
0 1 0.330694 0.305840 0.079970 0.000088 0.283408
1 1 0.153651 0.522807 0.183502 0.000241 0.139799
1 1 0.145552 0.510570 0.185769 0.000882 0.157228
1 1 0.252818 0.485779 0.158316 0.000696 0.102392
0 0 0.662254 0.200028 0.084989 0.002188 0.050540
1 0 0.387974 0.397839 0.155142 0.002030 0.057014
0 0 0.853767 0.078247 0.047058 0.002586 0.018342
0 0 0.778421 0.165200 0.035089 0.000025 0.021265
0 0 0.684961 0.143996 0.048882 0.000593 0.121567
0 0 0.441825 0.383244 0.105843 0.000278 0.068810
0 0 0.477163 0.372398 0.098698 0.000092 0.051649
1 0 0.282399 0.470587 0.145889 0.000283 0.100842
1 0 0.182360 0.558671 0.198917 0.000384 0.059668
1 0 0.088481 0.564999 0.225815 0.000296 0.120409
1 0 0.135645 0.570937 0.215002 0.000418 0.077998
1 0 0.278289 0.495270 0.154952 0.000173 0.071316
1 0 0.106436 0.581826 0.228401 0.000320 0.083017
1 0 0.192203 0.525119 0.181604 0.000497 0.100577
1 0 0.182188 0.554008 0.201984 0.001041 0.060779
0 0 0.616622 0.163069 0.152236 0.015198 0.052875
1 0 0.301934 0.454494 0.136097 0.000167 0.107308
1 0 0.237613 0.513185 0.176067 0.001489 0.071646
0 0 0.656089 0.214409 0.099605 0.002103 0.027794
1 0 0.229893 0.478734 0.160548 0.001480 0.129345
0 0 0.605259 0.203827 0.056171 0.000148 0.134596
1 0 0.401176 0.402049 0.107821 0.000039 0.088915
1 0 0.117064 0.563858 0.212498 0.000217 0.106363
1 0 0.099068 0.590552 0.235713 0.000286 0.074381
1 0 0.117927 0.599740 0.223415 0.000050 0.058868
1 0 0.200374 0.553470 0.183143 0.000051 0.062962
1 0 0.143315 0.584761 0.223378 0.000559 0.047987
1 0 0.211612 0.535747 0.178735 0.000157 0.073750
1 0 0.144718 0.576104 0.215759 0.000411 0.063008
1 0 0.110436 0.582075 0.242372 0.003097 0.062021
1 0 0.177874 0.562504 0.197345 0.000177 0.062101
0 0 0.513302 0.283329 0.132288 0.006308 0.064774
1 0 0.184136 0.420031 0.160647 0.001074 0.234112
1 1 0.208190 0.558353 0.195322 0.000325 0.037810
1 1 0.132124 0.528254 0.245811 0.001382 0.092430
1 1 0.108238 0.574367 0.217448 0.000118 0.099829
1 1 0.096668 0.604912 0.247002 0.000328 0.051090
1 1 0.073322 0.555639 0.308931 0.000767 0.061342
1 0 0.356972 0.436781 0.144329 0.000567 0.061351
1 1 0.359640 0.366730 0.108565 0.000168 0.164898
0 0 0.463656 0.356946 0.144030 0.002601 0.032767
1 0 0.080047 0.591524 0.252687 0.000816 0.074926
1 1 0.037897 0.517125 0.343439 0.001333 0.100206
1 1 0.021226 0.443467 0.436962 0.006110 0.092235
2 1 0.011081 0.360565 0.570765 0.003298 0.054292
1 1 0.019436 0.478975 0.417884 0.001575 0.082129
2 2 0.009853 0.328488 0.608958 0.003559 0.049142
2 1 0.015371 0.394392 0.543953 0.002277 0.044007
2 2 0.000528 0.042881 0.954326 0.001437 0.000827
2 2 0.021872 0.304715 0.647000 0.001139 0.025273
1 1 0.121838 0.516523 0.333634 0.004413 0.023592
0 0 0.371887 0.366240 0.184892 0.005020 0.071961
1 1 0.061378 0.438255 0.174651 0.000322 0.325393
1 1 0.127435 0.476030 0.178754 0.001029 0.216752
1 1 0.061724 0.401976 0.158808 0.000532 0.376960
1 0 0.343174 0.365075 0.214653 0.015492 0.061605
1 1 0.061648 0.606041 0.291352 0.000095 0.040865
1 1 0.025277 0.498152 0.423054 0.001118 0.052399
1 1 0.039104 0.508763 0.419741 0.000611 0.031781
2 1 0.015227 0.292165 0.669682 0.004865 0.018061
2 2 0.003254 0.076611 0.917605 0.001281 0.001249
2 2 0.006156 0.175872 0.804447 0.000617 0.012909
1 2 0.028178 0.475963 0.445548 0.002018 0.048293
2 2 0.006339 0.136243 0.845432 0.007854 0.004133
2 2 0.008651 0.320009 0.635127 0.001137 0.035076
2 2 0.002631 0.075533 0.918858 0.002039 0.000939
2 2 0.000205 0.021640 0.975782 0.002037 0.000336
2 2 0.000539 0.028761 0.967891 0.002401 0.000407
2 2 0.000500 0.028190 0.969605 0.000954 0.000751
2 2 0.000463 0.020032 0.970588 0.008725 0.000192
2 2 0.000475 0.023010 0.967251 0.008970 0.000294
2 2 0.000678 0.040344 0.957380 0.000955 0.000644
2 2 0.000162 0.017643 0.977976 0.003905 0.000314
2 2 0.000932 0.026183 0.960307 0.012148 0.000430
2 2 0.002037 0.068489 0.922968 0.002319 0.004187
2 2 0.000953 0.047037 0.948950 0.001380 0.001680
2 2 0.000474 0.027731 0.968506 0.002780 0.000508
2 2 0.000061 0.006051 0.968533 0.025275 0.000081
2 2 0.000795 0.039540 0.955347 0.003341 0.000977
2 2 0.000924 0.026897 0.965902 0.006053 0.000223
2 2 0.001634 0.056491 0.931651 0.008298 0.001925
2 2 0.000485 0.033758 0.959948 0.005055 0.000754
2 2 0.000667 0.028321 0.932879 0.037376 0.000757
2 2 0.000853 0.027859 0.966274 0.004497 0.000517
2 2 0.002956 0.104991 0.883126 0.005342 0.003586
2 2 0.000304 0.016642 0.973948 0.008878 0.000229
2 2 0.000617 0.024222 0.964029 0.010705 0.000427
2 2 0.000290 0.014495 0.950776 0.034089 0.000350
2 2 0.000407 0.019442 0.962337 0.017531 0.000283
2 2 0.000469 0.012733 0.882544 0.103911 0.000343
2 2 0.001759 0.060757 0.905086 0.029903 0.002494
2 2 0.001077 0.031553 0.940007 0.026854 0.000510
2 2 0.000919 0.023662 0.955261 0.019792 0.000365
2 2 0.000377 0.017599 0.918963 0.062385 0.000677
2 2 0.000348 0.018945 0.958155 0.022199 0.000353
2 2 0.000394 0.013006 0.901735 0.084674 0.000191
2 2 0.000285 0.007568 0.856457 0.135531 0.000159
2 2 0.000282 0.013163 0.929786 0.056540 0.000228
3 2 0.000049 0.001273 0.417419 0.581222 0.000038
2 2 0.002056 0.076300 0.837763 0.076611 0.007270
2 2 0.000268 0.016504 0.918135 0.064555 0.000537
2 2 0.000124 0.007145 0.846503 0.146022 0.000207
2 3 0.000192 0.005766 0.745907 0.247982 0.000153
2 3 0.000137 0.004059 0.701457 0.294250 0.000097
2 3 0.001266 0.018466 0.844359 0.135605 0.000304
3 3 0.000001 0.000030 0.129116 0.870853 0.000001
2 3 0.001192 0.024695 0.622902 0.349133 0.002078
2 3 0.000069 0.003122 0.642923 0.353714 0.000173
3 3 0.000045 0.001400 0.382863 0.615645 0.000047
2 3 0.000061 0.002098 0.578376 0.419427 0.000038
2 3 0.000001 0.000156 0.534682 0.465159 0.000002
3 3 0.000012 0.000774 0.430024 0.569164 0.000027
2 3 0.000024 0.001625 0.610071 0.388229 0.000051
3 3 0.000032 0.000775 0.401375 0.597807 0.000011
2 3 0.000278 0.007544 0.716396 0.275591 0.000191
3 3 0.000001 0.000066 0.146349 0.853583 0.000002
3 3 0.000042 0.001338 0.365168 0.633401 0.000050
2 3 0.000191 0.004223 0.710653 0.284835 0.000098
3 3 0.000021 0.000606 0.258919 0.740437 0.000017
2 3 0.000305 0.008719 0.639727 0.350861 0.000388
2 3 0.000016 0.000989 0.569228 0.429745 0.000021
3 3 0.000011 0.000709 0.428469 0.570786 0.000025
3 3 0.000016 0.000532 0.353125 0.646312 0.000016
2 3 0.001653 0.016676 0.531313 0.449103 0.001255
3 3 0.000002 0.000122 0.309174 0.690700 0.000001
3 3 0.000001 0.000064 0.369956 0.629979 0.000001
2 3 0.000020 0.001248 0.697234 0.301482 0.000016
2 3 0.000136 0.002917 0.624313 0.372557 0.000077
3 3 0.000003 0.000131 0.173601 0.826262 0.000003
3 3 0.000002 0.000123 0.334063 0.665810 0.000002
3 3 0.000014 0.000322 0.114811 0.884831 0.000022
2 3 0.000071 0.002342 0.723524 0.274025 0.000039
3 3 0.000017 0.000574 0.414863 0.584534 0.000013
3 3 0.000509 0.005515 0.479487 0.514295 0.000195
3 3 0.000085 0.002070 0.392316 0.605430 0.000100
3 3 0.000018 0.000637 0.455039 0.544296 0.000011
3 3 0.000026 0.000398 0.177086 0.822473 0.000018
2 3 0.000012 0.000703 0.574942 0.424321 0.000022
3 3 0.000033 0.000765 0.374854 0.624333 0.000015
2 3 0.000057 0.003236 0.532757 0.463791 0.000158
3 3 0.000450 0.004994 0.394945 0.599401 0.000210
2 3 0.000403 0.006814 0.686953 0.305486 0.000343
2 3 0.000035 0.001694 0.672962 0.325259 0.000049
3 3 0.000006 0.000365 0.485511 0.514114 0.000004
3 3 0.000138 0.002425 0.291009 0.706227 0.000202
3 3 0.000029 0.000587 0.329712 0.669656 0.000016
3 3 0.000018 0.000572 0.414359 0.585043 0.000008
2 3 0.000018 0.001306 0.594390 0.404251 0.000035
2 3 0.000067 0.002167 0.526103 0.471602 0.000062
3 3 0.000016 0.000308 0.197147 0.802517 0.000011
3 3 0.000004 0.000236 0.320101 0.679656 0.000004
3 3 0.000008 0.000237 0.146882 0.852864 0.000009
3 3 0.000000 0.000032 0.189449 0.810518 0.000001
3 3 0.000342 0.003667 0.338518 0.657194 0.000278
2 3 0.000152 0.003994 0.632408 0.363300 0.000146
2 3 0.000002 0.000249 0.600293 0.399452 0.000003
2 3 0.000013 0.000857 0.567208 0.431906 0.000016
2 3 0.000022 0.001072 0.536494 0.462389 0.000023
2 3 0.000056 0.002479 0.527480 0.469897 0.000089
2 3 0.000439 0.003198 0.707365 0.288902 0.000096
3 3 0.000010 0.000391 0.266467 0.733121 0.000011
3 3 0.000018 0.000522 0.340264 0.659187 0.000009
3 3 0.000092 0.001594 0.195583 0.802539 0.000192
3 3 0.000035 0.000730 0.212080 0.787100 0.000054
3 3 0.000014 0.000500 0.329775 0.669694 0.000017
2 3 0.000004 0.000492 0.686286 0.313211 0.000007
3 3 0.000002 0.000174 0.284530 0.715290 0.000005
3 3 0.000002 0.000195 0.182441 0.817350 0.000011
2 3 0.000221 0.008191 0.676654 0.314543 0.000390
3 3 0.000537 0.008889 0.422104 0.567454 0.001015
3 3 0.000024 0.001075 0.467458 0.531412 0.000031
2 3 0.000270 0.004574 0.525592 0.469391 0.000173
3 3 0.000030 0.000926 0.289276 0.709733 0.000035
3 3 0.000208 0.005097 0.437776 0.556703 0.000217
3 3 0.000045 0.001269 0.389252 0.609399 0.000034
2 3 0.009816 0.069287 0.673267 0.244187 0.003444
1 0 0.157008 0.505550 0.288806 0.009354 0.039282
2 0 0.079926 0.272183 0.545497 0.079308 0.023086
2 0 0.084771 0.404160 0.472764 0.013074 0.025231
1 1 0.145571 0.518232 0.214026 0.008001 0.114171
1 2 0.058618 0.576394 0.266039 0.002562 0.096388
1 1 0.078739 0.588715 0.260915 0.002875 0.068756
2 2 0.019670 0.435279 0.491553 0.002245 0.051253
2 2 0.017685 0.358740 0.578467 0.005998 0.039110
2 2 0.023083 0.305474 0.649920 0.006520 0.015003
2 2 0.001649 0.084643 0.907526 0.002538 0.003645
2 2 0.009036 0.285818 0.678858 0.002668 0.023620
2 2 0.013986 0.378704 0.566095 0.002060 0.039156
2 2 0.022468 0.384174 0.537935 0.006161 0.049262
1 0 0.085504 0.527325 0.321039 0.000798 0.065333
1 0 0.116794 0.580161 0.232825 0.001276 0.068944
1 1 0.026126 0.470066 0.428969 0.003753 0.071086
1 1 0.066898 0.509327 0.307655 0.005359 0.110762
1 4 0.088596 0.413003 0.160322 0.001489 0.336589
4 4 0.007220 0.194154 0.094782 0.000099 0.703745
4 4 0.013709 0.264773 0.125053 0.000271 0.596194
4 4 0.207760 0.044743 0.028897 0.008514 0.710086
4 4 0.017610 0.223300 0.110932 0.000359 0.647799
1 0 0.145178 0.524801 0.186462 0.000253 0.143306
4 4 0.124748 0.108028 0.055596 0.002639 0.708989
2 1 0.078243 0.366710 0.380094 0.013468 0.161486
4 1 0.019012 0.328688 0.150531 0.000155 0.501614
4 4 0.105872 0.235724 0.104227 0.003075 0.551102
4 4 0.211504 0.121613 0.058352 0.006714 0.601817
1 4 0.127225 0.452969 0.160210 0.000439 0.259156
4 4 0.035479 0.146503 0.080968 0.002458 0.734592
4 4 0.067671 0.194941 0.062127 0.000101 0.675160
4 4 0.027212 0.116049 0.038333 0.000027 0.818380
4 4 0.045350 0.119415 0.051012 0.000403 0.783820
4 4 0.020375 0.041748 0.017349 0.000038 0.920490
4 4 0.030863 0.170061 0.066181 0.000446 0.732450
4 4 0.105207 0.284225 0.087709 0.000035 0.522824
4 4 0.088670 0.036573 0.023627 0.000863 0.850267
1 4 0.174524 0.369565 0.143270 0.002484 0.310157
4 4 0.145574 0.034425 0.020976 0.002439 0.796586
4 4 0.305554 0.125722 0.045169 0.000353 0.523202
4 4 0.138863 0.134803 0.052181 0.001850 0.672302
4 4 0.168972 0.268140 0.092107 0.004266 0.466516
4 4 0.069179 0.192126 0.060247 0.000071 0.678376
0 4 0.421639 0.192397 0.058880 0.000257 0.326826
4 4 0.386789 0.052167 0.021262 0.000485 0.539297
4 4 0.046643 0.132801 0.041545 0.000063 0.778949
4 4 0.013656 0.181020 0.073915 0.000019 0.731390
4 4 0.034824 0.186133 0.066679 0.000101 0.712263
4 4 0.038301 0.378308 0.155974 0.000143 0.427274
4 4 0.301275 0.170227 0.062093 0.000373 0.466032
0 4 0.588979 0.097503 0.044840 0.002045 0.266634
4 4 0.165958 0.157833 0.045224 0.000095 0.630891
4 4 0.045079 0.300433 0.114336 0.000152 0.539999
4 4 0.112272 0.049850 0.021742 0.000545 0.815591
4 4 0.163858 0.116435 0.056741 0.003835 0.659131
4 4 0.091194 0.354455 0.127590 0.000760 0.426000
4 4 0.153645 0.359209 0.106191 0.000014 0.380941
4 4 0.152456 0.343863 0.106371 0.000112 0.397198
1 4 0.060672 0.450049 0.176927 0.000136 0.312216
1 4 0.075304 0.416885 0.163066 0.001103 0.343642
1 4 0.050174 0.483827 0.241469 0.000203 0.224327
1 4 0.054043 0.431418 0.169846 0.000092 0.344600
1 4 0.207403 0.452397 0.143890 0.000204 0.196106
1 4 0.084256 0.527355 0.208229 0.000325 0.179834
1 4 0.173109 0.483591 0.165100 0.000459 0.177741
0 0 0.843537 0.091673 0.042343 0.000953 0.021494
1 1 0.150822 0.491070 0.203554 0.000706 0.153848
1 1 0.171527 0.488254 0.171863 0.001231 0.167125
4 1 0.082434 0.359473 0.123784 0.000058 0.434250
4 1 0.069078 0.356552 0.132694 0.000347 0.441328
4 1 0.097703 0.363907 0.128461 0.000410 0.409519
1 1 0.085998 0.453380 0.172198 0.000420 0.288005
1 1 0.073525 0.479772 0.191962 0.000570 0.254171
1 1 0.119729 0.514633 0.200524 0.002883 0.162232
1 1 0.050016 0.435830 0.186197 0.000657 0.327301
1 1 0.094610 0.425460 0.156886 0.000489 0.322554
1 1 0.332314 0.387637 0.132042 0.000555 0.147452
4 1 0.040260 0.274969 0.104975 0.000155 0.579642
1 1 0.106723 0.516205 0.198017 0.000715 0.178339
1 1 0.252194 0.454185 0.143724 0.000529 0.149368
0 0 0.514403 0.209793 0.145615 0.002900 0.127289
4 1 0.107494 0.260009 0.077792 0.000026 0.554679
4 1 0.117013 0.306163 0.097430 0.000136 0.479258
4 4 0.106045 0.145604 0.070361 0.005111 0.672880
4 4 0.071244 0.260012 0.093454 0.000244 0.575045
4 1 0.229787 0.235707 0.118664 0.004109 0.411733
1 1 0.110246 0.412757 0.149290 0.000919 0.326788
4 1 0.084874 0.308932 0.106783 0.000302 0.499109
1 1 0.124480 0.397663 0.131202 0.000089 0.346566
4 1 0.041928 0.232463 0.082178 0.000041 0.643391
4 1 0.042199 0.276694 0.110806 0.001325 0.568976
4 1 0.026823 0.212171 0.082859 0.000148 0.677998
4 1 0.021064 0.237872 0.101575 0.000316 0.639173
4 1 0.081730 0.352704 0.130156 0.000936 0.434473
4 1 0.048102 0.307443 0.115557 0.000125 0.528773
4 4 0.086945 0.377025 0.135177 0.000269 0.400584
1 4 0.093253 0.464401 0.174955 0.000432 0.266959
1 4 0.152618 0.457398 0.152821 0.000158 0.237005
0 0 0.794993 0.115146 0.052236 0.001702 0.035924
1 1 0.131254 0.531065 0.209180 0.005204 0.123297
1 1 0.046993 0.588354 0.269079 0.000291 0.095282
1 4 0.123186 0.585110 0.232462 0.001013 0.058230
1 4 0.152642 0.554638 0.210803 0.001850 0.080067
1 4 0.088254 0.599934 0.251220 0.000557 0.060035
1 4 0.028745 0.511215 0.430362 0.000384 0.029294
1 4 0.030768 0.517731 0.399436 0.001131 0.050933
1 4 0.035182 0.511293 0.417438 0.000895 0.035191
1 4 0.040386 0.554331 0.372287 0.000223 0.032773
2 4 0.021035 0.396732 0.547291 0.002601 0.032341
1 4 0.065371 0.564065 0.319650 0.001804 0.049109
1 4 0.086921 0.506778 0.319536 0.009835 0.076930
1 1 0.070298 0.536115 0.216676 0.000181 0.176730
1 1 0.081133 0.603085 0.285094 0.000541 0.030146
2 1 0.013586 0.386918 0.548006 0.002437 0.049053
2 2 0.001730 0.122685 0.867878 0.001415 0.006292
2 2 0.003569 0.136046 0.854117 0.001952 0.004316
2 2 0.003726 0.052938 0.942276 0.000274 0.000785
2 2 0.000688 0.041245 0.954097 0.001554 0.002416
2 2 0.010615 0.144698 0.835350 0.000240 0.009098
1 2 0.199155 0.567788 0.193380 0.000076 0.039601
0 0 0.734047 0.171205 0.067938 0.000935 0.025875
1 1 0.190512 0.518895 0.190842 0.000621 0.099129
1 1 0.070253 0.524634 0.218871 0.000765 0.185476
2 1 0.003073 0.131387 0.830177 0.003319 0.032043
1 1 0.029087 0.430198 0.371294 0.000346 0.169076
2 1 0.026623 0.339846 0.459731 0.005061 0.168740
2 1 0.003751 0.145943 0.815774 0.002158 0.032373
2 1 0.013206 0.320213 0.444725 0.001215 0.220641
2 1 0.017733 0.329142 0.513752 0.001417 0.137956
2 1 0.017595 0.301489 0.443832 0.001024 0.236060
2 1 0.011733 0.211661 0.704821 0.003093 0.068692
4 1 0.032544 0.328253 0.141462 0.000803 0.496938
4 1 0.021639 0.239772 0.099665 0.000127 0.638796
4 1 0.088190 0.382712 0.139501 0.000495 0.389103
4 0 0.337217 0.111190 0.046449 0.001199 0.503945
4 1 0.047269 0.183941 0.076604 0.000687 0.691499
4 1 0.043134 0.275713 0.103897 0.000152 0.577105
4 1 0.102197 0.331263 0.113277 0.000426 0.452837
4 1 0.132187 0.230476 0.086124 0.000995 0.550218
4 1 0.019325 0.163638 0.064202 0.000120 0.752716
4 1 0.135682 0.162459 0.061035 0.000523 0.640302
1 1 0.192336 0.423645 0.264527 0.003246 0.116245
4 1 0.197682 0.192342 0.080070 0.002437 0.527468
4 1 0.081791 0.059344 0.054079 0.005859 0.798927
4 1 0.076506 0.176729 0.061869 0.000412 0.684484
4 1 0.134255 0.307838 0.116922 0.001468 0.439517
4 1 0.088099 0.327483 0.125909 0.000742 0.457767
4 1 0.065585 0.248196 0.085535 0.000245 0.600439
4 1 0.042802 0.202679 0.072800 0.000264 0.681455
4 1 0.228940 0.130704 0.070379 0.003062 0.566916
4 1 0.266717 0.076613 0.036836 0.001423 0.618411
4 1 0.348754 0.198651 0.079984 0.004459 0.368152
4 1 0.229462 0.297641 0.109700 0.001933 0.361264
1 4 0.263445 0.302575 0.126790 0.005184 0.302007
4 4 0.141655 0.328665 0.126437 0.004357 0.398886
4 4 0.131171 0.268793 0.105923 0.003428 0.490685
4 4 0.059321 0.213202 0.079295 0.000963 0.647219
4 4 0.087362 0.183009 0.060616 0.000213 0.668800
4 4 0.173468 0.340297 0.103381 0.000151 0.382702
4 4 0.089570 0.277607 0.089527 0.000074 0.543223
4 4 0.099021 0.354268 0.125288 0.000700 0.420724
1 1 0.109132 0.403772 0.148988 0.002252 0.335856
