4 0 0.114821 0.260219 0.081384 0.000094 0.543482
1 0 0.203374 0.494580 0.110464 0.000013 0.191568
0 0 0.569819 0.195386 0.039871 0.000498 0.194427
4 0 0.279288 0.199623 0.055112 0.000039 0.465938
4 0 0.104943 0.309210 0.097774 0.000001 0.488071
4 1 0.053409 0.261016 0.137366 0.000226 0.547983
1 0 0.032234 0.439489 0.370053 0.000026 0.158198
1 0 0.128509 0.402647 0.127933 0.000056 0.340854
4 0 0.025954 0.201236 0.146617 0.000021 0.626171
4 0 0.086034 0.341893 0.129712 0.000005 0.442358
4 1 0.101168 0.363199 0.130561 0.000025 0.405047
4 1 0.028091 0.254051 0.182197 0.000006 0.535656
4 1 0.010460 0.158980 0.180004 0.000003 0.650553
4 1 0.012747 0.164110 0.171770 0.000012 0.651360
4 1 0.028918 0.303924 0.237757 0.000096 0.429306
4 1 0.013815 0.154035 0.143827 0.000002 0.688321
4 1 0.021166 0.201225 0.160554 0.000005 0.617051
4 1 0.012529 0.163620 0.177560 0.000037 0.646253
4 1 0.009956 0.152524 0.214639 0.000015 0.622867
4 1 0.009278 0.109966 0.119993 0.000005 0.760758
4 1 0.012314 0.159251 0.160366 0.000001 0.668067
4 1 0.004771 0.105847 0.165809 0.000001 0.723572
4 1 0.005110 0.116890 0.186653 0.000003 0.691345
4 1 0.008131 0.134457 0.177264 0.000025 0.680124
4 1 0.017502 0.172917 0.150761 0.000011 0.658809
4 1 0.005640 0.110484 0.176453 0.000094 0.707329
2 1 0.007650 0.230645 0.459892 0.001252 0.300561
2 2 0.005028 0.187690 0.737934 0.009147 0.060201
4 2 0.013069 0.237366 0.369334 0.001466 0.378766
2 2 0.003422 0.166001 0.646514 0.001430 0.182634
2 2 0.000845 0.079651 0.811142 0.000287 0.108076
2 2 0.000156 0.030378 0.828883 0.000021 0.140563
2 2 0.000347 0.041790 0.740812 0.000429 0.216622
2 2 0.000142 0.033345 0.936643 0.001146 0.028724
2 2 0.000383 0.049804 0.912852 0.006454 0.030507
2 2 0.000393 0.052311 0.879246 0.002165 0.065884
2 2 0.004019 0.147177 0.701335 0.011599 0.135870
2 2 0.001023 0.080669 0.813851 0.004951 0.099506
2 2 0.000934 0.078369 0.818476 0.006540 0.095682
2 2 0.000205 0.009627 0.819786 0.167972 0.002410
2 2 0.000328 0.039597 0.867263 0.029082 0.063731
2 3 0.003702 0.086761 0.826003 0.053854 0.029680
2 3 0.002175 0.111628 0.772984 0.022814 0.090399
2 3 0.005851 0.068363 0.562591 0.324273 0.038923
3 3 0.001309 0.014569 0.344879 0.636276 0.002967
3 3 0.002257 0.020131 0.299438 0.652394 0.025780
3 3 0.000753 0.008543 0.208909 0.778552 0.003244
3 3 0.000799 0.006183 0.142695 0.848280 0.002043
3 3 0.000099 0.001095 0.045730 0.952538 0.000539
3 3 0.002291 0.007595 0.095216 0.888147 0.006751
3 3 0.000003 0.000034 0.009835 0.990116 0.000012
3 3 0.000065 0.000349 0.020973 0.978484 0.000130
3 3 0.000272 0.001369 0.039556 0.958069 0.000734
3 3 0.000010 0.000279 0.046348 0.953221 0.000142
3 3 0.000069 0.000811 0.043448 0.955241 0.000431
3 3 0.000020 0.000164 0.015125 0.984634 0.000056
3 3 0.000010 0.000214 0.034736 0.964925 0.000116
3 3 0.000028 0.000111 0.008930 0.990900 0.000031
3 3 0.000117 0.000332 0.015885 0.983523 0.000143
3 3 0.000135 0.000365 0.014898 0.984474 0.000128
3 3 0.000055 0.000259 0.015365 0.984238 0.000083
3 3 0.000036 0.000180 0.011269 0.988464 0.000051
3 3 0.000189 0.000307 0.013517 0.985845 0.000142
3 3 0.000034 0.000116 0.007796 0.992025 0.000029
3 3 0.000025 0.000072 0.009286 0.990584 0.000032
3 3 0.000002 0.000017 0.005209 0.994768 0.000004
3 3 0.000006 0.000029 0.004970 0.994988 0.000007
3 3 0.000028 0.000203 0.016291 0.983401 0.000077
3 3 0.000006 0.000047 0.007788 0.992146 0.000013
3 3 0.000162 0.000412 0.015589 0.983683 0.000153
3 3 0.000053 0.000140 0.008088 0.991686 0.000034
3 3 0.000226 0.000337 0.011611 0.987716 0.000110
3 3 0.000007 0.000051 0.007355 0.992573 0.000014
3 3 0.000106 0.000285 0.012301 0.987229 0.000081
3 3 0.000229 0.000721 0.021114 0.977651 0.000285
3 3 0.000058 0.000231 0.014365 0.985268 0.000078
3 3 0.001582 0.001785 0.025379 0.970378 0.000875
3 3 0.000015 0.000058 0.006256 0.993657 0.000014
3 3 0.000077 0.000135 0.007858 0.991889 0.000042
3 3 0.000007 0.000020 0.003301 0.996669 0.000004
3 3 0.000004 0.000015 0.003749 0.996229 0.000003
3 3 0.000008 0.000022 0.003471 0.996494 0.000005
3 3 0.000001 0.000002 0.001119 0.998878 0.000000
3 3 0.000006 0.000023 0.004302 0.995664 0.000005
3 3 0.000057 0.000289 0.013239 0.986331 0.000084
3 3 0.000002 0.000010 0.003995 0.995991 0.000002
3 3 0.000004 0.000023 0.005067 0.994901 0.000006
3 3 0.000004 0.000012 0.002839 0.997142 0.000003
3 3 0.000010 0.000031 0.004144 0.995808 0.000007
3 3 0.000030 0.000082 0.006456 0.993413 0.000020
3 3 0.000002 0.000012 0.003778 0.996205 0.000003
3 3 0.000007 0.000026 0.004574 0.995386 0.000007
3 3 0.000039 0.000111 0.007322 0.992502 0.000026
3 3 0.000010 0.000041 0.004965 0.994975 0.000009
3 3 0.000059 0.000107 0.006612 0.993197 0.000024
3 3 0.000030 0.000075 0.006076 0.993801 0.000018
3 3 0.000002 0.000006 0.001850 0.998142 0.000001
3 3 0.000003 0.000014 0.003318 0.996662 0.000003
3 3 0.000005 0.000008 0.002027 0.997959 0.000002
3 3 0.000001 0.000004 0.002471 0.997523 0.000001
3 3 0.000005 0.000039 0.006691 0.993255 0.000010
3 3 0.000005 0.000040 0.007564 0.992380 0.000011
3 3 0.000012 0.000038 0.004521 0.995421 0.000008
3 3 0.000025 0.000059 0.005220 0.994684 0.000013
3 3 0.000041 0.000122 0.007741 0.992066 0.000029
3 3 0.000009 0.000042 0.005757 0.994183 0.000010
3 3 0.000003 0.000010 0.002472 0.997513 0.000002
3 3 0.000004 0.000010 0.002322 0.997662 0.000002
3 3 0.000002 0.000011 0.003178 0.996807 0.000002
3 3 0.000027 0.000052 0.004771 0.995139 0.000011
3 3 0.000012 0.000019 0.002982 0.996983 0.000004
3 3 0.000006 0.000023 0.003754 0.996213 0.000005
3 3 0.000002 0.000011 0.002840 0.997145 0.000002
3 3 0.000005 0.000015 0.002955 0.997022 0.000003
3 3 0.000014 0.000028 0.003697 0.996255 0.000006
3 3 0.000037 0.000079 0.006136 0.993728 0.000020
3 3 0.000012 0.000020 0.002919 0.997046 0.000004
3 3 0.000003 0.000006 0.001783 0.998207 0.000001
3 3 0.000002 0.000007 0.002393 0.997596 0.000001
3 3 0.000014 0.000053 0.006236 0.993683 0.000014
3 3 0.000002 0.000008 0.002964 0.997024 0.000002
3 3 0.000008 0.000017 0.002973 0.996998 0.000004
3 3 0.000001 0.000006 0.003425 0.996567 0.000001
3 3 0.000001 0.000006 0.002196 0.997796 0.000001
3 3 0.000004 0.000008 0.001996 0.997990 0.000001
3 3 0.000004 0.000023 0.004339 0.995628 0.000005
3 3 0.000000 0.000001 0.001158 0.998840 0.000000
3 3 0.000001 0.000007 0.002176 0.997814 0.000001
3 3 0.000007 0.000020 0.003888 0.996081 0.000005
3 3 0.000001 0.000004 0.001463 0.998531 0.000001
3 3 0.000002 0.000004 0.001596 0.998397 0.000001
3 3 0.000000 0.000001 0.000942 0.999056 0.000000
3 3 0.000001 0.000003 0.001758 0.998237 0.000001
3 3 0.000030 0.000041 0.004633 0.995283 0.000014
3 3 0.000006 0.000008 0.001967 0.998017 0.000002
3 3 0.000001 0.000002 0.001198 0.998798 0.000000
3 3 0.000000 0.000001 0.001014 0.998984 0.000000
3 3 0.000002 0.000005 0.001608 0.998385 0.000001
3 3 0.000004 0.000006 0.001645 0.998345 0.000001
3 3 0.000001 0.000002 0.001228 0.998768 0.000000
3 3 0.000003 0.000006 0.001921 0.998069 0.000001
3 3 0.000002 0.000005 0.001750 0.998242 0.000001
3 3 0.000001 0.000002 0.001087 0.998910 0.000000
3 3 0.000005 0.000010 0.002312 0.997671 0.000002
3 3 0.000009 0.000014 0.002555 0.997419 0.000003
3 3 0.000001 0.000004 0.001683 0.998312 0.000001
3 3 0.000016 0.000028 0.003682 0.996268 0.000007
3 3 0.000002 0.000003 0.001251 0.998744 0.000000
3 3 0.000001 0.000004 0.001487 0.998507 0.000001
3 3 0.000000 0.000000 0.000806 0.999194 0.000000
3 3 0.000001 0.000006 0.002015 0.997976 0.000001
3 3 0.000001 0.000005 0.001708 0.998285 0.000001
3 3 0.000005 0.000008 0.001891 0.998094 0.000001
3 3 0.000000 0.000003 0.001598 0.998398 0.000000
3 3 0.000000 0.000001 0.001036 0.998962 0.000000
3 3 0.000001 0.000007 0.002508 0.997483 0.000001
3 3 0.000000 0.000001 0.000767 0.999232 0.000000
3 3 0.000000 0.000001 0.000857 0.999142 0.000000
3 3 0.000000 0.000000 0.000478 0.999522 0.000000
3 3 0.000005 0.000013 0.002721 0.997258 0.000002
3 3 0.000000 0.000001 0.001060 0.998939 0.000000
3 3 0.000000 0.000001 0.000777 0.999221 0.000000
3 3 0.000003 0.000004 0.001429 0.998563 0.000001
3 3 0.000187 0.000148 0.006736 0.992894 0.000035
3 3 0.000190 0.000400 0.012638 0.986666 0.000106
3 3 0.032981 0.079154 0.359982 0.513469 0.014415
2 2 0.013237 0.192654 0.469318 0.262431 0.062360
2 2 0.007876 0.142882 0.593884 0.191860 0.063498
2 2 0.018955 0.228942 0.445465 0.195222 0.111415
2 2 0.017490 0.278402 0.575629 0.073189 0.055290
2 2 0.053874 0.278291 0.532107 0.075289 0.060439
2 1 0.024812 0.350671 0.468896 0.018948 0.136673
2 1 0.024493 0.325363 0.364800 0.002532 0.282812
2 1 0.013487 0.249859 0.407301 0.009838 0.319515
2 1 0.014102 0.240991 0.519881 0.046746 0.178281
4 1 0.026312 0.201423 0.179889 0.002029 0.590346
4 1 0.005616 0.174404 0.349997 0.000267 0.469716
2 1 0.002208 0.104537 0.717851 0.038614 0.136789
4 1 0.006082 0.148315 0.244794 0.000050 0.600758
4 1 0.030374 0.311389 0.268672 0.001039 0.388526
4 1 0.026273 0.306231 0.286839 0.000147 0.380511
2 1 0.012771 0.259680 0.427926 0.000829 0.298794
4 1 0.034201 0.221815 0.143100 0.000061 0.600823
1 1 0.051415 0.445087 0.267063 0.000270 0.236165
2 1 0.019935 0.326663 0.442208 0.001410 0.209785
4 1 0.045164 0.313820 0.238538 0.001218 0.401260
1 1 0.190971 0.465227 0.303508 0.004068 0.036225
0 1 0.497397 0.288936 0.114015 0.015530 0.084123
0 0 0.501855 0.269411 0.156744 0.005543 0.066447
4 0 0.036019 0.180678 0.102437 0.000018 0.680848
4 0 0.033504 0.272667 0.277250 0.001548 0.415031
0 0 0.786045 0.120374 0.038284 0.002830 0.052466
4 0 0.223398 0.228108 0.056560 0.000152 0.491782
0 0 0.915733 0.041175 0.017251 0.003576 0.022265
0 0 0.597089 0.188840 0.210666 0.000442 0.002963
0 0 0.783420 0.121160 0.054895 0.000441 0.040084
0 0 0.971768 0.013933 0.004887 0.000896 0.008515
0 0 0.873272 0.058010 0.023436 0.010580 0.034701
2 0 0.198421 0.311445 0.373658 0.014927 0.101550
0 0 0.663592 0.116029 0.051935 0.004077 0.164367
4 0 0.179182 0.229392 0.094960 0.001230 0.495236
4 0 0.078330 0.229486 0.143679 0.002368 0.546137
1 0 0.083315 0.385311 0.193852 0.000443 0.337078
1 0 0.031625 0.342531 0.341893 0.001153 0.282798
1 0 0.099200 0.460265 0.192561 0.000658 0.247316
1 0 0.063127 0.426803 0.382021 0.015274 0.112774
1 0 0.182987 0.451855 0.135432 0.000577 0.229149
0 0 0.671541 0.190133 0.071448 0.007733 0.059145
1 0 0.082940 0.489456 0.253495 0.000531 0.173579
2 0 0.020341 0.366809 0.545519 0.005719 0.061613
1 0 0.033156 0.431583 0.430714 0.006430 0.098117
1 0 0.196939 0.402419 0.230391 0.006936 0.163316
1 0 0.293744 0.335989 0.191023 0.011482 0.167762
1 0 0.165125 0.530460 0.198893 0.000876 0.104646
4 0 0.235509 0.309159 0.139328 0.004264 0.311741
0 0 0.679667 0.177720 0.063675 0.008215 0.070722
1 0 0.277260 0.357959 0.276292 0.029777 0.058713
1 0 0.319885 0.355822 0.197123 0.006546 0.120624
1 0 0.071140 0.407657 0.187720 0.000033 0.333451
4 0 0.065680 0.343250 0.186270 0.000430 0.404370
1 0 0.118623 0.509676 0.176611 0.000269 0.194821
1 0 0.207291 0.575358 0.126445 0.000253 0.090653
1 0 0.092002 0.560980 0.268612 0.001954 0.076452
1 0 0.061504 0.522001 0.296597 0.000352 0.119546
0 0 0.381532 0.293720 0.124437 0.001446 0.198866
1 0 0.170714 0.455231 0.252395 0.001343 0.120318
1 0 0.086632 0.448033 0.296847 0.000090 0.168398
1 0 0.068822 0.537709 0.253641 0.000223 0.139604
1 0 0.068119 0.539647 0.291454 0.001043 0.099736
1 0 0.078219 0.576820 0.238167 0.000066 0.106729
1 1 0.066481 0.587357 0.300387 0.001725 0.044050
1 1 0.070729 0.570547 0.254374 0.000154 0.104196
1 1 0.053468 0.538387 0.310712 0.001205 0.096228
1 1 0.046356 0.556515 0.309867 0.000055 0.087208
1 0 0.236139 0.488443 0.197082 0.001465 0.076871
1 0 0.205420 0.531052 0.183849 0.003853 0.075826
1 0 0.184907 0.509304 0.170042 0.000593 0.135154
0 0 0.519082 0.331080 0.070149 0.000210 0.079478
0 0 0.603999 0.271791 0.040704 0.000027 0.083480
1 0 0.180642 0.537383 0.239303 0.001471 0.041200
1 0 0.078012 0.587259 0.231856 0.000010 0.102863
1 1 0.106291 0.588065 0.207301 0.000331 0.098012
1 1 0.124986 0.533930 0.178131 0.000405 0.162548
0 0 0.401272 0.369524 0.180157 0.005037 0.044010
0 0 0.571638 0.291551 0.094159 0.000725 0.041927
1 0 0.185169 0.579417 0.130497 0.000010 0.104907
1 0 0.109910 0.510222 0.175506 0.000018 0.204344
1 1 0.072598 0.511830 0.235969 0.000124 0.179478
1 1 0.252657 0.548465 0.129533 0.000250 0.069095
0 0 0.508144 0.243966 0.090059 0.000697 0.157133
0 0 0.547977 0.294377 0.115407 0.003515 0.038723
1 0 0.399454 0.439344 0.085921 0.000094 0.075187
1 0 0.264812 0.491927 0.139154 0.001088 0.103019
0 0 0.595646 0.232087 0.086463 0.001759 0.084045
1 0 0.074238 0.425925 0.322521 0.006043 0.171272
0 0 0.437749 0.360505 0.128872 0.002541 0.070333
0 0 0.614892 0.162662 0.076138 0.003469 0.142839
0 0 0.400544 0.337959 0.141384 0.000755 0.119359
1 0 0.121262 0.399022 0.359992 0.031651 0.088072
4 0 0.124382 0.343593 0.178312 0.000774 0.352939
1 0 0.195909 0.397553 0.153491 0.000409 0.252638
1 0 0.033551 0.435194 0.417743 0.001167 0.112345
2 0 0.021282 0.399446 0.522482 0.002347 0.054443
1 0 0.038497 0.460503 0.404011 0.000343 0.096646
1 0 0.157696 0.509710 0.140867 0.000020 0.191707
1 0 0.099569 0.523303 0.226582 0.000349 0.150197
1 0 0.073583 0.571056 0.265904 0.000081 0.089376
1 0 0.068570 0.591556 0.271103 0.000130 0.068640
1 0 0.053843 0.531459 0.326044 0.000197 0.088457
1 0 0.044846 0.475633 0.441900 0.003106 0.034516
1 0 0.101567 0.584405 0.207775 0.000122 0.106132
1 0 0.092249 0.480820 0.318129 0.002689 0.106113
1 1 0.038857 0.548746 0.369631 0.000069 0.042696
1 1 0.095192 0.629392 0.215812 0.000042 0.059563
1 1 0.063117 0.542096 0.261263 0.000067 0.133457
1 1 0.042437 0.527402 0.370082 0.000191 0.059888
1 1 0.045905 0.561242 0.332387 0.000048 0.060417
2 1 0.013725 0.389803 0.496340 0.000157 0.099974
2 1 0.021310 0.414096 0.503672 0.001295 0.059626
1 1 0.049482 0.526407 0.330192 0.000583 0.093336
1 1 0.121768 0.617288 0.182148 0.000028 0.078768
1 2 0.033527 0.473116 0.427803 0.000491 0.065062
1 2 0.101266 0.561633 0.299261 0.001579 0.036261
1 2 0.061330 0.572564 0.295467 0.000164 0.070474
1 2 0.092037 0.623969 0.230607 0.000107 0.053279
1 2 0.048023 0.485184 0.410324 0.000848 0.055622
1 0 0.168850 0.501328 0.264505 0.010297 0.055020
1 0 0.249833 0.314741 0.137159 0.000171 0.298096
1 0 0.174701 0.468882 0.120129 0.000033 0.236255
1 0 0.044551 0.395402 0.294753 0.000154 0.265139
1 0 0.125790 0.581876 0.181635 0.000136 0.110563
1 0 0.071285 0.472309 0.221115 0.000074 0.235217
1 0 0.048776 0.510691 0.333657 0.000254 0.106622
1 0 0.077046 0.414094 0.404647 0.003456 0.100756
1 0 0.059791 0.478086 0.387399 0.001496 0.073229
1 0 0.175916 0.363752 0.347952 0.008926 0.103454
1 0 0.070732 0.483008 0.309111 0.000636 0.136513
0 0 0.785628 0.125107 0.035465 0.000271 0.053529
0 0 0.338324 0.298985 0.101181 0.000095 0.261416
1 0 0.044770 0.409753 0.256632 0.000123 0.288722
1 1 0.035356 0.414035 0.296772 0.000133 0.253704
0 0 0.367793 0.283897 0.162569 0.025321 0.160421
1 0 0.105078 0.505300 0.202752 0.000226 0.186643
0 0 0.357371 0.323878 0.147955 0.001659 0.169137
0 0 0.487006 0.220219 0.248308 0.004542 0.039925
0 0 0.761054 0.127376 0.039383 0.000144 0.072043
4 0 0.081417 0.374360 0.167458 0.000401 0.376364
0 0 0.728661 0.140091 0.069146 0.002220 0.059882
1 0 0.295137 0.320382 0.306326 0.006466 0.071689
1 0 0.246922 0.448600 0.222953 0.005703 0.075822
2 0 0.302355 0.307903 0.337776 0.022172 0.029793
1 0 0.100859 0.544348 0.272066 0.000566 0.082162
2 0 0.084689 0.412642 0.422998 0.010911 0.068761
1 0 0.121961 0.582800 0.216775 0.001421 0.077042
2 0 0.089269 0.422091 0.437325 0.016866 0.034450
1 0 0.176013 0.557337 0.207124 0.000917 0.058608
1 1 0.104032 0.591151 0.238520 0.002002 0.064295
1 1 0.069658 0.542176 0.329638 0.004537 0.053992
1 2 0.064705 0.587247 0.312961 0.001718 0.033369
1 2 0.059729 0.498269 0.254158 0.000050 0.187794
1 0 0.279170 0.516633 0.154063 0.000652 0.049483
0 0 0.496863 0.343511 0.112066 0.000560 0.046999
1 0 0.194311 0.449838 0.326267 0.002953 0.026631
0 0 0.841970 0.097104 0.024790 0.000383 0.035753
0 0 0.775397 0.114084 0.023981 0.000198 0.086340
0 0 0.405370 0.227087 0.060924 0.000203 0.306417
1 1 0.091021 0.553974 0.250839 0.001886 0.102279
1 1 0.068404 0.519245 0.258887 0.000574 0.152889
1 1 0.059550 0.495884 0.275089 0.001628 0.167849
1 1 0.117884 0.537432 0.187184 0.000584 0.156917
1 0 0.137073 0.451809 0.229684 0.002250 0.179184
1 0 0.215189 0.378232 0.161364 0.000275 0.244940
4 0 0.297054 0.219101 0.071894 0.000472 0.411478
1 0 0.366212 0.416938 0.122436 0.000305 0.094109
1 0 0.258308 0.391703 0.273322 0.012327 0.064340
0 0 0.474185 0.295901 0.179045 0.012964 0.037906
0 0 0.808934 0.097087 0.036803 0.002312 0.054864
1 0 0.097635 0.561714 0.295174 0.000584 0.044893
1 0 0.114340 0.587684 0.195901 0.000202 0.101874
1 0 0.085766 0.575247 0.230457 0.000206 0.108323
1 1 0.092662 0.577631 0.220301 0.000186 0.109220
1 1 0.245109 0.533882 0.147076 0.000783 0.073150
1 0 0.139095 0.560874 0.243699 0.000361 0.055971
0 0 0.403334 0.334959 0.222777 0.004758 0.034171
0 0 0.609789 0.268585 0.062378 0.000255 0.058993
1 0 0.147596 0.583774 0.219230 0.000474 0.048927
1 0 0.130462 0.610981 0.189895 0.000370 0.068292
1 0 0.105963 0.460873 0.161487 0.000010 0.271667
1 1 0.087029 0.524262 0.211796 0.000050 0.176862
1 1 0.053624 0.562090 0.297675 0.000660 0.085950
4 1 0.060021 0.364959 0.180439 0.000013 0.394567
1 1 0.039071 0.395693 0.258738 0.000023 0.306476
4 1 0.063612 0.358282 0.170745 0.000014 0.407346
1 1 0.114649 0.503955 0.257806 0.000338 0.123252
1 0 0.133691 0.450152 0.326796 0.002935 0.086426
0 0 0.712188 0.185387 0.071634 0.001403 0.029388
0 0 0.867920 0.084083 0.030297 0.001015 0.016686
0 0 0.510703 0.268782 0.192961 0.008915 0.018639
0 0 0.595121 0.246231 0.092057 0.006478 0.060113
1 0 0.246837 0.451533 0.172243 0.000544 0.128844
1 0 0.318555 0.409932 0.175655 0.005364 0.090494
0 0 0.595762 0.271277 0.072692 0.000598 0.059670
2 0 0.233339 0.296543 0.396583 0.047269 0.026266
2 0 0.092822 0.351891 0.497135 0.031170 0.026982
0 0 0.742765 0.172526 0.059823 0.000926 0.023960
0 0 0.554660 0.313759 0.096654 0.000247 0.034680
0 0 0.706606 0.171395 0.058704 0.000123 0.063171
1 0 0.131033 0.408042 0.391743 0.010487 0.058695
0 0 0.557833 0.291422 0.079586 0.000233 0.070927
0 0 0.414216 0.251004 0.083883 0.000175 0.250722
0 0 0.571434 0.298223 0.074554 0.000345 0.055444
0 0 0.483293 0.314666 0.073794 0.000123 0.128124
1 0 0.243672 0.369329 0.130259 0.000114 0.256626
1 0 0.204397 0.395510 0.094297 0.000011 0.305784
2 0 0.127480 0.345735 0.407044 0.008454 0.111287
1 0 0.354970 0.424204 0.128520 0.000955 0.091351
1 0 0.063585 0.496527 0.367438 0.003009 0.069440
1 0 0.338856 0.411957 0.140574 0.000421 0.108191
0 0 0.489677 0.348760 0.090154 0.000232 0.071177
1 0 0.271779 0.495976 0.108882 0.000184 0.123180
1 0 0.278383 0.317255 0.098384 0.000046 0.305933
0 0 0.416479 0.330612 0.112803 0.000680 0.139425
0 0 0.522724 0.316052 0.092297 0.001313 0.067615
1 0 0.174279 0.514135 0.139744 0.000033 0.171809
4 0 0.149979 0.334949 0.086271 0.000003 0.428798
1 0 0.195441 0.447374 0.158550 0.000568 0.198066
1 0 0.088459 0.379277 0.364720 0.005233 0.162311
0 0 0.651892 0.212025 0.064488 0.000502 0.071093
0 0 0.549086 0.230603 0.061178 0.000064 0.159070
1 0 0.322398 0.495385 0.073012 0.000008 0.109196
1 0 0.123702 0.467766 0.144529 0.000003 0.264000
0 0 0.488775 0.283138 0.127460 0.004562 0.096067
0 0 0.661911 0.209243 0.059890 0.000231 0.068725
1 0 0.168276 0.531905 0.131665 0.000004 0.168149
1 0 0.081958 0.509626 0.213196 0.000010 0.195209
1 0 0.075678 0.483489 0.214473 0.000035 0.226324
1 1 0.085359 0.528522 0.219171 0.000119 0.166829
1 1 0.186076 0.549923 0.128813 0.000020 0.135168
1 0 0.089692 0.586059 0.254352 0.000121 0.069776
1 0 0.101245 0.650299 0.197156 0.000007 0.051293
1 0 0.180676 0.459306 0.124477 0.000033 0.235508
0 0 0.543485 0.335042 0.073641 0.000104 0.047728
0 0 0.888470 0.065715 0.019304 0.000304 0.026207
0 0 0.753777 0.156768 0.032960 0.000046 0.056449
4 0 0.286896 0.250111 0.075931 0.000020 0.387042
0 0 0.424751 0.304054 0.104651 0.000265 0.166278
0 0 0.510363 0.242328 0.192327 0.020946 0.034036
0 0 0.478551 0.348252 0.123883 0.001446 0.047869
0 0 0.573316 0.307854 0.072274 0.000161 0.046394
0 0 0.582280 0.298775 0.064844 0.000114 0.053986
0 0 0.695514 0.230341 0.036345 0.000010 0.037789
0 0 0.596887 0.289521 0.060576 0.000080 0.052937
1 0 0.149793 0.566718 0.148325 0.000004 0.135160
1 1 0.158698 0.563967 0.150158 0.000057 0.127120
1 1 0.063944 0.496805 0.281784 0.000556 0.156911
1 0 0.329428 0.367654 0.123198 0.000798 0.178923
0 0 0.459454 0.373313 0.098688 0.000630 0.067915
0 0 0.572353 0.253467 0.094504 0.002553 0.077123
0 0 0.486919 0.316785 0.115576 0.004356 0.076365
0 0 0.887379 0.061058 0.014697 0.000374 0.036492
0 0 0.956669 0.026208 0.010724 0.000496 0.005902
0 0 0.714339 0.193569 0.050527 0.000225 0.041341
0 0 0.570183 0.253970 0.112990 0.003006 0.059850
1 0 0.332803 0.404680 0.137826 0.000569 0.124123
0 0 0.688709 0.179843 0.059615 0.000777 0.071056
0 0 0.690892 0.172610 0.045707 0.000592 0.090198
1 0 0.314907 0.368568 0.124865 0.000061 0.191600
0 0 0.615818 0.188122 0.062539 0.000092 0.133430
0 0 0.631069 0.107433 0.047532 0.003052 0.210915
0 0 0.747123 0.075809 0.022927 0.000630 0.153512
2 0 0.223525 0.266717 0.343880 0.021615 0.144264
0 0 0.330001 0.288767 0.108914 0.000858 0.271461
0 0 0.602529 0.228536 0.090848 0.001833 0.076254
0 0 0.763727 0.117409 0.050465 0.003365 0.065033
0 0 0.817250 0.103851 0.029839 0.001194 0.047866
4 0 0.237924 0.298344 0.055391 0.000005 0.408335
4 0 0.112602 0.350295 0.117549 0.000038 0.419516
4 0 0.088931 0.321685 0.120533 0.000013 0.468838
4 1 0.026176 0.264489 0.203237 0.000011 0.506086
0 0 0.692653 0.120298 0.031583 0.000974 0.154493
0 0 0.924700 0.028191 0.006376 0.000060 0.040674
0 0 0.707147 0.126711 0.044267 0.000440 0.121435
0 0 0.853130 0.067567 0.022841 0.000949 0.055513
4 0 0.216921 0.323925 0.085756 0.000009 0.373389
1 0 0.162129 0.509448 0.142097 0.000213 0.186113
0 0 0.581937 0.172112 0.067890 0.000700 0.177361
1 0 0.227878 0.355398 0.261834 0.003033 0.151856
4 0 0.076485 0.365276 0.146615 0.000001 0.411622
1 0 0.062984 0.397337 0.196382 0.000030 0.343269
4 0 0.031262 0.310457 0.218784 0.000006 0.439491
1 0 0.039981 0.377428 0.242838 0.000023 0.339731
1 0 0.041445 0.380568 0.236208 0.000011 0.341769
4 1 0.012032 0.172279 0.175566 0.000000 0.640123
4 1 0.011976 0.180494 0.184953 0.000000 0.622576
4 1 0.026422 0.177324 0.116020 0.000002 0.680232
4 1 0.016562 0.213964 0.181985 0.000000 0.587490
4 1 0.019439 0.153766 0.117952 0.000004 0.708838
4 1 0.012842 0.190671 0.201242 0.000003 0.595243
4 1 0.022854 0.219594 0.167434 0.000002 0.590115
4 1 0.085201 0.303605 0.111239 0.000003 0.499952
4 4 0.068949 0.201712 0.078834 0.000026 0.650478
4 4 0.081738 0.245651 0.084479 0.000001 0.588130
4 4 0.288273 0.097008 0.020179 0.000004 0.594535
4 4 0.318930 0.095597 0.034067 0.000064 0.551341
4 4 0.064803 0.328515 0.161681 0.000099 0.444901
4 4 0.021088 0.244994 0.204399 0.000003 0.529516
0 4 0.385009 0.190577 0.072495 0.000775 0.351144
4 4 0.024284 0.226600 0.195019 0.000040 0.554057
4 2 0.046685 0.171439 0.076518 0.000002 0.705355
4 2 0.036370 0.183250 0.101876 0.000008 0.678496
4 2 0.081502 0.285956 0.108104 0.000006 0.524432
4 0 0.052269 0.275341 0.136892 0.000006 0.535491
4 0 0.092635 0.316609 0.112204 0.000004 0.478548
4 0 0.041350 0.270212 0.149073 0.000001 0.539364
4 1 0.005536 0.129889 0.204618 0.000003 0.659954
4 1 0.008616 0.144791 0.184080 0.000009 0.662505
4 1 0.012385 0.156758 0.151040 0.000000 0.679816
4 1 0.021585 0.296474 0.267424 0.000029 0.414489
4 1 0.008546 0.149612 0.188754 0.000003 0.653085
4 1 0.022488 0.293463 0.252447 0.000011 0.431590
4 1 0.017265 0.273788 0.267835 0.000005 0.441106
4 0 0.077475 0.262649 0.161283 0.001106 0.497487
4 0 0.092797 0.359221 0.132821 0.000008 0.415153
0 0 0.784998 0.109901 0.024298 0.000237 0.080566
0 0 0.542655 0.205414 0.059708 0.000077 0.192145
4 0 0.086905 0.350592 0.137999 0.000024 0.424480
4 1 0.013054 0.161141 0.162015 0.000005 0.663785
4 1 0.018243 0.244484 0.237126 0.000046 0.500101
4 1 0.013637 0.231654 0.259730 0.000022 0.494958
4 1 0.018685 0.296519 0.300866 0.000138 0.383792
4 1 0.015055 0.231511 0.239578 0.000009 0.513847
2 1 0.002258 0.153033 0.711136 0.000111 0.133461
2 1 0.002003 0.131843 0.659900 0.000019 0.206234
2 2 0.008851 0.272905 0.631285 0.000081 0.086878
2 2 0.000881 0.103732 0.822037 0.000073 0.073277
2 2 0.001777 0.127145 0.719412 0.000010 0.151655
2 2 0.000503 0.059870 0.878490 0.000066 0.061072
2 2 0.001259 0.116226 0.850076 0.000055 0.032385
2 2 0.000727 0.078110 0.834252 0.000224 0.086687
2 2 0.000153 0.041786 0.927861 0.000056 0.030144
2 2 0.000376 0.058137 0.919078 0.000081 0.022328
2 2 0.000697 0.073963 0.858528 0.000063 0.066749
2 2 0.000503 0.079899 0.894674 0.000139 0.024785
2 2 0.000509 0.065223 0.908891 0.000104 0.025274
2 2 0.000327 0.054175 0.911762 0.000271 0.033464
2 2 0.001119 0.101090 0.876239 0.001387 0.020165
2 2 0.002422 0.149437 0.795775 0.000686 0.051680
2 2 0.017497 0.267651 0.629382 0.043019 0.042452
2 2 0.006697 0.263948 0.668929 0.000080 0.060347
2 2 0.001268 0.106448 0.873582 0.001619 0.017083
2 2 0.001581 0.082716 0.891782 0.000395 0.023526
2 2 0.001500 0.115342 0.805284 0.000030 0.077843
2 2 0.000311 0.049742 0.941156 0.000240 0.008551
2 2 0.001141 0.103490 0.859390 0.000281 0.035698
2 2 0.000825 0.042598 0.949509 0.000979 0.006088
2 2 0.000467 0.045223 0.947910 0.001459 0.004942
2 2 0.000325 0.041985 0.939714 0.000148 0.017828
2 2 0.000553 0.076325 0.909305 0.000408 0.013410
2 2 0.008331 0.117430 0.835870 0.017745 0.020624
2 2 0.001881 0.124414 0.848068 0.000527 0.025110
2 2 0.000157 0.034217 0.960350 0.000676 0.004600
2 2 0.000169 0.004443 0.967448 0.027791 0.000150
2 2 0.005509 0.102688 0.843839 0.022311 0.025652
2 2 0.000527 0.023984 0.945889 0.027197 0.002403
2 2 0.003531 0.112992 0.824561 0.033922 0.024994
2 2 0.000235 0.025820 0.963452 0.006043 0.004450
2 2 0.004857 0.054233 0.844583 0.091922 0.004405
2 2 0.001230 0.044146 0.904930 0.043365 0.006329
2 2 0.000313 0.007944 0.844876 0.146488 0.000378
2 3 0.006487 0.072528 0.662565 0.246764 0.011656
2 3 0.003035 0.080053 0.892977 0.014607 0.009328
2 3 0.000340 0.006978 0.910015 0.082482 0.000185
2 3 0.000997 0.037119 0.905351 0.052019 0.004514
2 3 0.002286 0.054751 0.895503 0.040031 0.007428
2 3 0.001701 0.024752 0.747014 0.223130 0.003403
2 3 0.005432 0.092246 0.794239 0.095426 0.012659
2 3 0.001530 0.020769 0.887481 0.089206 0.001013
2 3 0.005543 0.059131 0.692021 0.234984 0.008320
2 3 0.002219 0.050304 0.881234 0.062600 0.003643
2 2 0.002498 0.034100 0.863675 0.096750 0.002977
2 3 0.006478 0.051977 0.577191 0.354242 0.010112
2 3 0.001426 0.057724 0.884906 0.049326 0.006617
2 3 0.000436 0.021272 0.897140 0.079462 0.001690
2 3 0.000890 0.020309 0.949415 0.027966 0.001421
2 3 0.000909 0.039031 0.928603 0.023738 0.007719
2 2 0.005649 0.046527 0.692591 0.251305 0.003927
2 2 0.002079 0.030503 0.720355 0.241483 0.005580
2 2 0.001702 0.026578 0.906000 0.064842 0.000878
2 2 0.007593 0.090915 0.852003 0.044273 0.005215
2 2 0.005564 0.119936 0.840229 0.025857 0.008414
2 0 0.066507 0.244142 0.543411 0.109190 0.036749
2 0 0.117854 0.354300 0.378070 0.011868 0.137907
2 1 0.015272 0.208021 0.629091 0.082922 0.064694
2 2 0.003749 0.099829 0.856163 0.023592 0.016666
2 2 0.003489 0.178567 0.777217 0.000523 0.040205
2 2 0.001679 0.057625 0.911380 0.011405 0.017911
2 2 0.007586 0.174748 0.691698 0.000694 0.125275
2 2 0.006620 0.173401 0.769387 0.002325 0.048267
2 2 0.001452 0.086915 0.885582 0.007124 0.018926
2 2 0.006706 0.189490 0.763021 0.011123 0.029660
2 2 0.008021 0.137586 0.802136 0.010440 0.041817
2 2 0.000404 0.023926 0.967537 0.005247 0.002886
2 2 0.003485 0.127366 0.828529 0.011818 0.028802
2 2 0.003536 0.165432 0.800437 0.005175 0.025420
2 2 0.008132 0.117166 0.836739 0.019330 0.018632
2 2 0.002622 0.119071 0.841501 0.011436 0.025370
2 2 0.006570 0.153150 0.776216 0.035049 0.029015
2 2 0.002811 0.039534 0.806167 0.148060 0.003427
2 2 0.060192 0.107052 0.617155 0.209452 0.006149
2 2 0.040087 0.220514 0.596645 0.111201 0.031552
2 2 0.016822 0.220108 0.649441 0.049393 0.064237
2 2 0.006458 0.160427 0.757725 0.041739 0.033652
2 2 0.001733 0.116047 0.853139 0.004333 0.024747
2 2 0.001376 0.076870 0.819896 0.019448 0.082410
2 2 0.000672 0.069248 0.908704 0.004658 0.016718
2 2 0.001724 0.106093 0.790304 0.003224 0.098654
2 2 0.010093 0.268496 0.633413 0.006057 0.081941
2 2 0.002839 0.153544 0.800369 0.003292 0.039956
2 2 0.061887 0.198147 0.559392 0.145429 0.035145
2 2 0.011250 0.257506 0.654277 0.015425 0.061542
2 2 0.006318 0.095095 0.777057 0.103891 0.017640
2 2 0.003364 0.083472 0.868204 0.011812 0.033147
2 2 0.001832 0.129625 0.817126 0.001612 0.049805
2 2 0.000407 0.046395 0.884580 0.000220 0.068398
2 2 0.008440 0.138701 0.782130 0.017093 0.053637
2 2 0.001512 0.058739 0.898800 0.025196 0.015753
2 2 0.000975 0.038007 0.938093 0.007766 0.015159
2 2 0.002345 0.091611 0.857183 0.015550 0.033311
2 2 0.004100 0.155999 0.702481 0.018178 0.119242
2 2 0.003144 0.059086 0.696202 0.222695 0.018872
2 2 0.006384 0.157879 0.686736 0.060549 0.088452
2 2 0.010155 0.161331 0.745440 0.039409 0.043664
2 2 0.002264 0.038520 0.628825 0.320521 0.009870
2 2 0.004139 0.106259 0.804368 0.036102 0.049133
2 2 0.021346 0.245131 0.641766 0.068729 0.023028
2 2 0.003145 0.068566 0.826767 0.077296 0.024225
2 2 0.002889 0.128762 0.844213 0.004059 0.020077
2 2 0.003180 0.096618 0.872945 0.010335 0.016921
2 2 0.004433 0.141334 0.823713 0.013090 0.017431
2 2 0.003144 0.074595 0.909380 0.008865 0.004016
2 2 0.004432 0.191797 0.773095 0.003400 0.027276
2 2 0.011185 0.156578 0.777375 0.035137 0.019725
2 2 0.004946 0.117331 0.840965 0.026026 0.010731
2 2 0.006433 0.180299 0.751696 0.027421 0.034151
2 2 0.016288 0.221743 0.692581 0.045773 0.023614
2 2 0.005199 0.129944 0.787966 0.047617 0.029274
2 2 0.001955 0.063477 0.901398 0.024138 0.009032
2 2 0.007598 0.098465 0.730668 0.149606 0.013664
2 2 0.011547 0.104965 0.728458 0.132029 0.023003
2 2 0.005202 0.081366 0.840750 0.067507 0.005175
2 2 0.004386 0.053983 0.820017 0.114849 0.006765
2 2 0.003254 0.033421 0.501388 0.456197 0.005740
2 2 0.006715 0.071998 0.539866 0.367773 0.013649
2 2 0.006423 0.097851 0.774006 0.106374 0.015346
2 3 0.001152 0.044264 0.883698 0.062194 0.008693
2 3 0.011621 0.149182 0.626611 0.181753 0.030833
3 3 0.003888 0.035136 0.409681 0.545793 0.005502
2 3 0.003561 0.070209 0.735244 0.180820 0.010167
2 3 0.007787 0.075133 0.771325 0.139264 0.006492
2 3 0.019503 0.166430 0.683970 0.116952 0.013145
2 3 0.005769 0.070927 0.704399 0.210795 0.008110
2 3 0.004260 0.049699 0.874467 0.066850 0.004724
2 3 0.005090 0.114490 0.784932 0.073836 0.021652
2 3 0.003833 0.057276 0.657457 0.275412 0.006022
2 3 0.005906 0.121651 0.673785 0.170062 0.028597
2 3 0.006457 0.063618 0.470548 0.448611 0.010766
2 3 0.004166 0.068067 0.702682 0.211172 0.013914
2 3 0.021213 0.129744 0.458473 0.359498 0.031073
2 3 0.005445 0.069723 0.505437 0.407357 0.012038
2 3 0.005431 0.054690 0.597559 0.335758 0.006561
3 3 0.001202 0.009279 0.246708 0.741938 0.000873
2 3 0.022804 0.124893 0.642569 0.172943 0.036792
2 0 0.084927 0.301335 0.561416 0.034484 0.017838
1 0 0.076929 0.462102 0.420166 0.005619 0.035184
1 0 0.282760 0.514702 0.155218 0.000632 0.046688
1 0 0.039543 0.446648 0.387734 0.004018 0.122056
2 0 0.055019 0.402636 0.429659 0.016308 0.096378
2 1 0.022255 0.345677 0.559922 0.023872 0.048274
2 1 0.002174 0.094146 0.868561 0.020355 0.014764
2 1 0.006209 0.129512 0.801224 0.038022 0.025033
2 2 0.004873 0.126965 0.823767 0.002872 0.041523
2 2 0.004389 0.092216 0.883644 0.006148 0.013602
2 2 0.010758 0.097129 0.870644 0.003603 0.017866
2 2 0.002316 0.050187 0.939269 0.003442 0.004785
2 2 0.000271 0.037408 0.949462 0.004278 0.008582
2 2 0.001819 0.103533 0.875188 0.006626 0.012833
2 2 0.002647 0.078227 0.876911 0.032615 0.009599
2 2 0.001526 0.031833 0.914302 0.049270 0.003069
2 2 0.002843 0.054544 0.844072 0.093358 0.005184
2 2 0.001489 0.051953 0.929949 0.012207 0.004403
2 2 0.009407 0.062552 0.702641 0.217570 0.007831
2 2 0.006548 0.163448 0.798362 0.009248 0.022393
2 2 0.004673 0.145140 0.793613 0.014107 0.042467
2 2 0.005887 0.123092 0.753041 0.076262 0.041718
2 2 0.004283 0.163618 0.767502 0.018421 0.046177
2 2 0.001430 0.045443 0.860892 0.082049 0.010186
2 2 0.003696 0.083665 0.849817 0.051418 0.011404
2 2 0.002645 0.062357 0.881227 0.045619 0.008153
2 2 0.004327 0.045786 0.647146 0.294849 0.007892
2 2 0.002742 0.064402 0.835882 0.079998 0.016975
2 2 0.004395 0.072818 0.766731 0.145930 0.010126
2 2 0.006347 0.077322 0.722624 0.168497 0.025210
2 2 0.008175 0.068358 0.716471 0.199835 0.007162
2 2 0.002618 0.050872 0.877917 0.051532 0.017061
2 2 0.003973 0.043794 0.594607 0.350610 0.007017
3 2 0.001096 0.013357 0.449813 0.534415 0.001319
2 3 0.003898 0.049373 0.589408 0.348818 0.008502
3 3 0.006634 0.039328 0.170358 0.766361 0.017318
3 3 0.006054 0.035971 0.235672 0.714526 0.007777
3 3 0.000868 0.014315 0.454297 0.527947 0.002573
3 3 0.001969 0.016617 0.475171 0.505038 0.001205
2 3 0.005958 0.101665 0.692265 0.171655 0.028458
3 3 0.002839 0.022144 0.479957 0.492360 0.002700
2 3 0.014230 0.112024 0.444693 0.408500 0.020553
2 3 0.008505 0.091321 0.571890 0.313189 0.015094
2 3 0.006051 0.059665 0.673479 0.253416 0.007389
2 3 0.005728 0.075473 0.508070 0.396649 0.014080
3 3 0.003144 0.031026 0.408627 0.551767 0.005435
3 3 0.000920 0.011311 0.192307 0.793106 0.002356
2 3 0.002223 0.031075 0.494528 0.467121 0.005053
3 3 0.009342 0.036301 0.350937 0.599528 0.003892
3 3 0.005627 0.034793 0.341660 0.613466 0.004454
3 3 0.001540 0.014958 0.369405 0.612433 0.001664
3 3 0.005592 0.041833 0.326088 0.618976 0.007512
3 3 0.000163 0.001304 0.091655 0.906764 0.000114
3 3 0.000173 0.002161 0.143424 0.853766 0.000476
3 3 0.000394 0.003533 0.147119 0.848452 0.000502
3 3 0.000172 0.000956 0.060488 0.938267 0.000118
3 3 0.000160 0.001196 0.050095 0.948343 0.000207
3 3 0.000267 0.001364 0.040353 0.957615 0.000401
3 3 0.000059 0.000213 0.010416 0.989256 0.000056
3 3 0.000143 0.000543 0.016362 0.982790 0.000161
3 3 0.000222 0.000768 0.019389 0.979393 0.000228
3 3 0.000183 0.002064 0.091004 0.906236 0.000513
3 3 0.000072 0.000290 0.018540 0.981036 0.000061
3 3 0.000333 0.001091 0.022030 0.976200 0.000346
3 3 0.000099 0.000745 0.030753 0.968100 0.000301
3 3 0.000009 0.000104 0.013754 0.986097 0.000036
3 3 0.000089 0.000205 0.009392 0.990263 0.000051
3 3 0.000049 0.000209 0.010701 0.988984 0.000056
3 3 0.000092 0.000469 0.021125 0.978208 0.000107
3 3 0.000026 0.000154 0.012909 0.986862 0.000048
3 3 0.000184 0.000380 0.012349 0.986985 0.000102
3 3 0.000158 0.000354 0.012095 0.987299 0.000094
3 3 0.001049 0.003260 0.036207 0.958312 0.001172
3 3 0.000253 0.000517 0.014175 0.984914 0.000141
3 3 0.000038 0.000122 0.007854 0.991955 0.000030
3 3 0.000178 0.000408 0.013430 0.985856 0.000127
3 3 0.000014 0.000091 0.007835 0.992037 0.000023
3 3 0.000059 0.000165 0.008830 0.990905 0.000041
3 3 0.000016 0.000084 0.008316 0.991561 0.000023
3 3 0.000081 0.000756 0.032678 0.966162 0.000322
3 3 0.000006 0.000040 0.006082 0.993862 0.000010
3 3 0.000033 0.000133 0.009116 0.990682 0.000035
3 3 0.000034 0.000208 0.012465 0.987231 0.000061
3 3 0.000013 0.000047 0.005181 0.994749 0.000010
3 3 0.001521 0.001584 0.023814 0.972299 0.000782
3 3 0.000006 0.000021 0.003442 0.996528 0.000004
3 3 0.000007 0.000053 0.007732 0.992193 0.000015
3 3 0.000014 0.000061 0.005991 0.993921 0.000014
3 3 0.000018 0.000062 0.005790 0.994115 0.000014
3 3 0.000030 0.000153 0.009557 0.990219 0.000040
3 3 0.000008 0.000054 0.006483 0.993441 0.000013
3 3 0.000009 0.000025 0.003622 0.996338 0.000005
3 3 0.000010 0.000045 0.005216 0.994719 0.000010
3 3 0.000005 0.000020 0.003599 0.996372 0.000004
3 3 0.000039 0.000187 0.013584 0.986122 0.000069
3 3 0.000035 0.000126 0.008213 0.991594 0.000032
3 3 0.000003 0.000013 0.002949 0.997032 0.000003
3 3 0.000018 0.000069 0.006202 0.993695 0.000016
3 3 0.000119 0.000165 0.007909 0.991765 0.000042
3 3 0.000000 0.000004 0.001778 0.998217 0.000001
3 3 0.000004 0.000026 0.004938 0.995025 0.000006
3 3 0.000055 0.000127 0.007515 0.992273 0.000030
3 3 0.000008 0.000046 0.006447 0.993488 0.000012
3 3 0.000019 0.000089 0.007504 0.992366 0.000022
3 3 0.000018 0.000039 0.004269 0.995667 0.000008
3 3 0.000139 0.000389 0.013198 0.986167 0.000107
3 3 0.000048 0.000143 0.008340 0.991433 0.000035
3 3 0.000016 0.000049 0.005083 0.994841 0.000011
3 3 0.000026 0.000104 0.007606 0.992238 0.000026
3 3 0.000002 0.000008 0.002555 0.997434 0.000002
3 3 0.000002 0.000004 0.001442 0.998552 0.000001
3 3 0.000011 0.000041 0.004886 0.995053 0.000009
3 3 0.000008 0.000013 0.002410 0.997566 0.000002
3 3 0.000011 0.000075 0.008108 0.991786 0.000020
3 3 0.000003 0.000013 0.003003 0.996979 0.000003
3 3 0.000036 0.000110 0.007411 0.992415 0.000026
3 3 0.000003 0.000009 0.002397 0.997589 0.000002
3 3 0.000006 0.000021 0.003489 0.996479 0.000004
3 3 0.000011 0.000035 0.004378 0.995568 0.000007
3 3 0.000028 0.000069 0.005738 0.994150 0.000015
3 3 0.000004 0.000022 0.004350 0.995619 0.000005
3 3 0.000002 0.000009 0.002454 0.997533 0.000002
3 3 0.000002 0.000005 0.001569 0.998424 0.000001
3 3 0.000010 0.000019 0.003132 0.996835 0.000005
3 3 0.000086 0.000545 0.018113 0.981083 0.000172
3 3 0.004662 0.034120 0.400817 0.553566 0.006835
2 2 0.016762 0.313690 0.577504 0.015572 0.076472
4 2 0.014579 0.211321 0.339158 0.030179 0.404763
2 2 0.025795 0.337067 0.423275 0.019984 0.193880
2 2 0.006959 0.185976 0.506849 0.013918 0.286297
2 2 0.005664 0.191230 0.567673 0.004868 0.230564
4 2 0.013251 0.227578 0.341070 0.001303 0.416798
4 2 0.024820 0.298439 0.298770 0.000719 0.377251
4 2 0.006640 0.157998 0.302316 0.000198 0.532848
4 2 0.010159 0.186039 0.277408 0.000103 0.526291
4 4 0.012965 0.036504 0.021947 0.000067 0.928516
4 4 0.139958 0.025978 0.009274 0.000193 0.824596
4 4 0.245889 0.277190 0.101148 0.000135 0.375639
1 4 0.106498 0.443774 0.241948 0.001573 0.206206
2 4 0.026416 0.345949 0.552416 0.016201 0.059019
4 4 0.011261 0.123848 0.124695 0.000005 0.740191
4 4 0.012763 0.064671 0.048294 0.000019 0.874253
4 4 0.073282 0.078124 0.036227 0.000173 0.812195
2 4 0.019241 0.335176 0.392815 0.000504 0.252263
4 4 0.147528 0.277273 0.109274 0.000031 0.465894
4 4 0.102957 0.308031 0.180167 0.007476 0.401369
4 4 0.007859 0.072921 0.077515 0.000015 0.841690
4 4 0.023949 0.132145 0.088986 0.000048 0.754873
4 4 0.086102 0.049532 0.022533 0.000086 0.841747
4 4 0.108048 0.226111 0.067629 0.000016 0.598196
4 4 0.172402 0.091204 0.039569 0.000397 0.696428
4 4 0.069050 0.312740 0.184449 0.002921 0.430839
4 4 0.026762 0.106573 0.060210 0.000019 0.806436
4 4 0.036213 0.188263 0.112093 0.000090 0.663342
4 4 0.019467 0.072279 0.042786 0.000016 0.865452
2 4 0.122348 0.351925 0.381912 0.016570 0.127244
4 4 0.022076 0.088170 0.054167 0.000047 0.835540
4 4 0.120266 0.063568 0.015789 0.000005 0.800373
4 4 0.072746 0.158623 0.071497 0.000452 0.696681
4 4 0.020284 0.153032 0.174974 0.000208 0.651502
4 4 0.121410 0.179918 0.077881 0.000210 0.620581
0 4 0.819552 0.026171 0.005418 0.000022 0.148836
0 4 0.515027 0.010590 0.003667 0.000017 0.470700
4 4 0.059943 0.016553 0.006478 0.000014 0.917011
0 4 0.576217 0.057319 0.015385 0.000135 0.350944
2 4 0.133447 0.168421 0.640904 0.036386 0.020842
2 4 0.056178 0.181087 0.551528 0.013598 0.197609
4 4 0.032594 0.158353 0.109587 0.000200 0.699266
4 4 0.061748 0.081585 0.022925 0.000003 0.833739
1 4 0.305383 0.312053 0.268917 0.015283 0.098364
0 4 0.642052 0.176439 0.063402 0.002426 0.115680
4 4 0.110482 0.161767 0.195472 0.007164 0.525115
1 4 0.044952 0.454027 0.437677 0.001745 0.061599
4 4 0.041509 0.251553 0.160235 0.000340 0.546363
4 4 0.031026 0.039371 0.012698 0.000002 0.916902
0 4 0.684963 0.024346 0.010337 0.000784 0.279570
0 4 0.520655 0.026675 0.006442 0.000002 0.446226
4 4 0.118942 0.112122 0.054948 0.000151 0.713838
4 4 0.023232 0.015328 0.005747 0.000035 0.955658
4 4 0.215927 0.075143 0.021769 0.000009 0.687152
4 4 0.189938 0.042301 0.013672 0.000035 0.754054
4 4 0.042377 0.056393 0.029532 0.000087 0.871611
4 4 0.100821 0.043434 0.014181 0.000006 0.841558
4 4 0.028732 0.046363 0.017545 0.000010 0.907350
