0 0 0.761350 0.147482 0.064460 0.002641 0.024067
0 0 0.667184 0.146429 0.043120 0.000103 0.143164
0 0 0.793993 0.092132 0.062354 0.014297 0.037223
1 0 0.235609 0.456743 0.277474 0.009266 0.020908
1 0 0.213794 0.564243 0.158224 0.000891 0.062849
1 1 0.175088 0.568330 0.134925 0.000307 0.121350
1 1 0.395694 0.460880 0.101679 0.000392 0.041356
1 1 0.138773 0.579553 0.166598 0.002255 0.112821
1 1 0.198708 0.545637 0.132916 0.001377 0.121362
1 1 0.244450 0.393305 0.124354 0.001394 0.236498
4 1 0.144487 0.189592 0.052998 0.000204 0.612718
1 1 0.341104 0.385657 0.064709 0.000464 0.208067
1 1 0.314556 0.465315 0.093508 0.000675 0.125947
1 1 0.381741 0.445715 0.144000 0.001700 0.026845
0 2 0.611793 0.262868 0.054427 0.000846 0.070066
0 2 0.486598 0.320233 0.136849 0.003292 0.053027
1 2 0.331652 0.450486 0.169553 0.002953 0.045356
0 2 0.650970 0.177891 0.121489 0.010837 0.038813
0 2 0.798389 0.106207 0.020613 0.000306 0.074484
0 2 0.420160 0.358648 0.094026 0.000513 0.126653
1 2 0.264131 0.554323 0.120584 0.000724 0.060238
0 2 0.623733 0.232963 0.047970 0.000266 0.095069
0 4 0.502954 0.293911 0.097719 0.000060 0.105355
1 4 0.351331 0.484615 0.112875 0.000253 0.050926
1 4 0.313328 0.526394 0.124935 0.001465 0.033878
1 4 0.219479 0.558362 0.162098 0.000581 0.059479
1 4 0.381379 0.469177 0.080611 0.000147 0.068685
1 1 0.190981 0.568132 0.151492 0.000415 0.088980
0 1 0.429577 0.425481 0.096131 0.000944 0.047867
2 1 0.176555 0.278716 0.434684 0.085448 0.024596
1 1 0.333077 0.471370 0.122964 0.001824 0.070765
1 1 0.293479 0.505357 0.144632 0.001179 0.055353
0 1 0.510477 0.300538 0.051409 0.000240 0.137336
0 1 0.586580 0.294600 0.086233 0.000778 0.031810
0 1 0.602831 0.285025 0.042446 0.000160 0.069537
1 1 0.376713 0.385800 0.173701 0.002885 0.060901
0 1 0.584913 0.312471 0.052977 0.000103 0.049537
0 4 0.753933 0.152738 0.032101 0.000281 0.060946
1 4 0.248093 0.550748 0.152564 0.000876 0.047718
1 4 0.159388 0.574806 0.163256 0.000911 0.101639
1 4 0.391680 0.478146 0.101224 0.000173 0.028778
0 4 0.520813 0.330084 0.107216 0.000202 0.041685
1 4 0.174663 0.574767 0.179750 0.002944 0.067876
1 4 0.246820 0.538630 0.143135 0.001064 0.070351
1 4 0.135139 0.570934 0.208128 0.003130 0.082668
1 4 0.177614 0.560000 0.204686 0.001416 0.056284
1 4 0.146810 0.552888 0.238782 0.002398 0.059122
2 4 0.057765 0.435204 0.454839 0.007024 0.045168
1 2 0.208413 0.383445 0.317821 0.006372 0.083949
1 2 0.181515 0.564862 0.169664 0.000544 0.083415
1 2 0.165846 0.559081 0.214716 0.001784 0.058574
2 2 0.022197 0.248510 0.693394 0.021388 0.014510
2 2 0.028774 0.235513 0.709263 0.014283 0.012167
1 2 0.296562 0.513512 0.165309 0.002467 0.022150
2 2 0.026778 0.278076 0.660433 0.016658 0.018055
2 2 0.007537 0.060089 0.917082 0.013099 0.002194
2 2 0.005067 0.087623 0.893398 0.010508 0.003403
2 2 0.010871 0.086226 0.880156 0.019863 0.002885
2 2 0.003085 0.039511 0.936534 0.020201 0.000669
2 2 0.002849 0.038033 0.931132 0.027143 0.000843
2 2 0.002178 0.007979 0.919735 0.069984 0.000124
2 2 0.001877 0.014350 0.926672 0.056711 0.000389
2 2 0.002489 0.009300 0.815112 0.172823 0.000276
2 2 0.022674 0.052599 0.774825 0.147152 0.002751
2 2 0.006593 0.025994 0.738932 0.226227 0.002254
2 2 0.004496 0.016058 0.788945 0.189639 0.000862
2 2 0.018287 0.020313 0.786878 0.173734 0.000788
3 2 0.004176 0.006584 0.410868 0.577885 0.000487
2 2 0.017470 0.023375 0.560094 0.397302 0.001760
2 2 0.028176 0.086975 0.579244 0.296612 0.008993
2 2 0.014293 0.070953 0.766373 0.141597 0.006785
2 2 0.008163 0.012493 0.561751 0.416356 0.001237
2 3 0.009550 0.016588 0.727180 0.245836 0.000846
3 3 0.011281 0.013702 0.429062 0.544644 0.001310
2 3 0.019726 0.025720 0.506421 0.445785 0.002349
3 3 0.002328 0.005792 0.334436 0.656848 0.000597
3 3 0.006385 0.004862 0.103111 0.883352 0.002290
3 3 0.003885 0.003994 0.229595 0.761766 0.000760
3 3 0.000630 0.001449 0.202357 0.795443 0.000121
3 3 0.001277 0.002205 0.111573 0.884547 0.000398
3 3 0.001286 0.001817 0.091842 0.904662 0.000392
3 3 0.001120 0.001455 0.077479 0.919562 0.000383
3 3 0.001207 0.002834 0.205325 0.790083 0.000552
3 3 0.000108 0.000246 0.050117 0.949489 0.000040
3 3 0.000798 0.002053 0.128589 0.867825 0.000735
3 3 0.001505 0.001555 0.075299 0.921220 0.000422
3 3 0.000231 0.000425 0.048967 0.950286 0.000090
3 3 0.001038 0.001466 0.111872 0.885320 0.000303
3 3 0.000262 0.000277 0.032837 0.966536 0.000087
3 3 0.005362 0.006292 0.142610 0.843269 0.002466
3 3 0.000190 0.000267 0.026905 0.972550 0.000089
3 3 0.000196 0.000289 0.049598 0.949858 0.000058
3 3 0.000314 0.000535 0.042766 0.956232 0.000154
3 3 0.000304 0.000448 0.051993 0.947155 0.000100
3 3 0.000111 0.000189 0.034834 0.964824 0.000042
3 3 0.001126 0.000789 0.034110 0.963590 0.000385
3 3 0.000148 0.000270 0.036845 0.962674 0.000063
3 3 0.000459 0.000702 0.062650 0.936031 0.000158
3 3 0.001151 0.001545 0.052287 0.944497 0.000519
3 3 0.000160 0.000275 0.045015 0.954495 0.000056
3 3 0.013359 0.008067 0.083599 0.890977 0.003999
3 3 0.009055 0.009930 0.106908 0.870525 0.003582
2 3 0.025697 0.050219 0.700430 0.212505 0.011149
3 3 0.002504 0.010183 0.442857 0.543225 0.001232
2 3 0.013315 0.020162 0.504803 0.460098 0.001623
3 3 0.033232 0.029450 0.346442 0.584214 0.006662
2 3 0.043239 0.119535 0.632233 0.188735 0.016258
2 3 0.017450 0.043155 0.756768 0.180879 0.001749
2 3 0.021608 0.044641 0.747027 0.184809 0.001915
2 3 0.023424 0.052853 0.670903 0.249135 0.003685
2 3 0.017684 0.023784 0.533391 0.423211 0.001929
3 3 0.006087 0.009175 0.323168 0.660578 0.000992
2 3 0.017510 0.052606 0.606157 0.319506 0.004221
2 3 0.015429 0.045485 0.659668 0.276895 0.002524
3 3 0.000981 0.002612 0.271216 0.725003 0.000188
3 3 0.019986 0.022142 0.241898 0.711368 0.004607
3 3 0.013391 0.027326 0.423159 0.533421 0.002703
2 3 0.014525 0.025250 0.626920 0.331822 0.001483
3 3 0.006286 0.009476 0.335586 0.647657 0.000995
3 3 0.002630 0.004300 0.196937 0.795549 0.000584
3 3 0.002013 0.003567 0.166894 0.827008 0.000517
3 3 0.017712 0.010235 0.263991 0.706109 0.001953
3 3 0.006587 0.010320 0.201161 0.780113 0.001819
2 3 0.013580 0.027305 0.510975 0.446008 0.002133
2 3 0.027726 0.056490 0.650602 0.261701 0.003481
2 3 0.011774 0.024242 0.773616 0.189521 0.000847
2 3 0.004959 0.021149 0.515628 0.457087 0.001176
3 3 0.006571 0.013035 0.314476 0.664454 0.001465
3 3 0.002059 0.006011 0.329026 0.662458 0.000446
3 3 0.005008 0.016793 0.446553 0.530502 0.001144
2 3 0.009190 0.034573 0.538209 0.415608 0.002420
3 3 0.004502 0.008218 0.428561 0.558130 0.000588
2 3 0.061951 0.083988 0.561041 0.285070 0.007950
2 3 0.102428 0.136872 0.585464 0.162777 0.012458
2 3 0.127477 0.311973 0.487272 0.055313 0.017966
1 3 0.127328 0.464772 0.368275 0.019786 0.019838
2 3 0.029860 0.138673 0.713781 0.107372 0.010314
2 3 0.015774 0.062403 0.761307 0.158082 0.002434
2 3 0.011522 0.066661 0.772735 0.145725 0.003358
2 3 0.013817 0.064511 0.804938 0.113336 0.003398
2 3 0.027661 0.119747 0.769439 0.078531 0.004621
2 3 0.007672 0.060290 0.822957 0.106014 0.003068
2 3 0.007064 0.035648 0.812869 0.143411 0.001008
2 3 0.006287 0.058814 0.840002 0.092800 0.002097
2 3 0.004499 0.018864 0.779158 0.196845 0.000635
3 3 0.000700 0.004984 0.384516 0.609547 0.000253
2 3 0.021647 0.080908 0.672493 0.217464 0.007489
2 3 0.044112 0.066543 0.568759 0.314546 0.006040
2 3 0.027970 0.108071 0.676161 0.181920 0.005878
3 3 0.025856 0.030061 0.446260 0.494379 0.003444
2 3 0.045326 0.280556 0.617581 0.043594 0.012944
2 3 0.011477 0.025977 0.775372 0.186286 0.000888
2 3 0.268112 0.225069 0.394520 0.080996 0.031303
1 3 0.183097 0.483913 0.307169 0.008242 0.017579
1 3 0.188317 0.478501 0.306928 0.008455 0.017798
1 3 0.171917 0.473339 0.308102 0.020357 0.026285
1 2 0.135183 0.489489 0.329944 0.021266 0.024118
1 2 0.139481 0.496307 0.325153 0.013455 0.025605
2 2 0.049632 0.332211 0.563229 0.040306 0.014622
2 2 0.008833 0.071319 0.849363 0.069264 0.001222
2 2 0.016208 0.132971 0.760910 0.084726 0.005186
2 2 0.004306 0.042518 0.879968 0.071812 0.001395
2 2 0.018540 0.140724 0.794494 0.042668 0.003574
2 2 0.007072 0.059984 0.903333 0.028937 0.000673
2 2 0.009635 0.040973 0.782054 0.165316 0.002021
0 0 0.760823 0.129098 0.071291 0.009827 0.028961
1 0 0.410627 0.456237 0.116633 0.000441 0.016062
0 0 0.610126 0.261881 0.093969 0.002882 0.031142
0 0 0.931561 0.030992 0.015889 0.001378 0.020181
0 0 0.943543 0.028394 0.013206 0.000078 0.014778
0 0 0.978077 0.009895 0.004696 0.000091 0.007241
0 0 0.963413 0.016708 0.006413 0.000125 0.013342
0 0 0.903832 0.055649 0.021093 0.000441 0.018985
0 0 0.886087 0.066592 0.020925 0.000296 0.026100
1 0 0.377489 0.470897 0.134659 0.000808 0.016146
0 0 0.663038 0.209845 0.070842 0.001459 0.054817
1 0 0.261193 0.475343 0.247112 0.002765 0.013586
0 1 0.412305 0.412128 0.130294 0.001441 0.043832
1 1 0.312224 0.481779 0.189318 0.001838 0.014841
0 0 0.759802 0.143766 0.065279 0.003833 0.027319
0 0 0.595373 0.270435 0.107348 0.003098 0.023747
0 0 0.500837 0.401632 0.084449 0.000093 0.012989
1 0 0.370866 0.468140 0.145683 0.001037 0.014274
1 0 0.333298 0.492687 0.153733 0.000999 0.019283
1 0 0.249548 0.533176 0.185916 0.002561 0.028798
0 0 0.688009 0.187149 0.071717 0.002558 0.050567
0 0 0.494693 0.259981 0.113601 0.001732 0.129993
1 1 0.144572 0.550644 0.250066 0.003057 0.051661
1 1 0.245853 0.549076 0.164957 0.003331 0.036784
1 1 0.199511 0.564424 0.181466 0.002519 0.052080
1 1 0.220758 0.550944 0.187407 0.005282 0.035610
1 1 0.114927 0.560793 0.243542 0.005755 0.074983
1 2 0.127544 0.493285 0.326174 0.026301 0.026696
1 2 0.093936 0.479519 0.377384 0.014961 0.034201
2 2 0.050178 0.379366 0.522882 0.010207 0.037367
2 2 0.012419 0.134364 0.824396 0.023640 0.005181
2 2 0.038144 0.327065 0.600058 0.013822 0.020911
1 2 0.193367 0.521331 0.252798 0.006451 0.026053
2 2 0.064642 0.415788 0.480650 0.009776 0.029143
2 2 0.005098 0.084224 0.851556 0.051362 0.007760
2 2 0.016326 0.206298 0.748742 0.017540 0.011095
2 2 0.011349 0.153297 0.818906 0.010066 0.006382
2 2 0.031984 0.292736 0.644162 0.014103 0.017014
2 2 0.019780 0.186409 0.764707 0.018361 0.010743
2 2 0.008822 0.054472 0.890904 0.043866 0.001936
2 2 0.005112 0.102135 0.883689 0.004206 0.004858
2 2 0.004240 0.084437 0.902192 0.006034 0.003097
2 2 0.009679 0.154068 0.806727 0.021825 0.007701
2 2 0.001600 0.045784 0.934145 0.017180 0.001292
2 2 0.005392 0.078601 0.877853 0.034080 0.004075
2 2 0.009299 0.148966 0.815046 0.019434 0.007255
2 2 0.035819 0.143561 0.752176 0.063903 0.004540
2 2 0.021725 0.185701 0.770128 0.014449 0.007997
2 2 0.054608 0.284936 0.634500 0.008489 0.017467
2 2 0.089656 0.431583 0.436359 0.021096 0.021306
1 2 0.139397 0.436664 0.399420 0.010816 0.013702
2 2 0.021559 0.117065 0.784967 0.068184 0.008225
2 2 0.003048 0.044503 0.902462 0.048116 0.001871
2 2 0.032144 0.137679 0.778931 0.042291 0.008954
2 2 0.031742 0.073815 0.838525 0.053904 0.002014
2 2 0.011644 0.107640 0.843346 0.033707 0.003662
2 2 0.013711 0.140871 0.815520 0.026566 0.003333
2 2 0.004348 0.050494 0.895243 0.048243 0.001672
2 2 0.013496 0.159517 0.787187 0.034485 0.005314
2 2 0.003022 0.027154 0.851874 0.116787 0.001163
2 2 0.015816 0.051203 0.764445 0.165534 0.003002
2 2 0.006106 0.037787 0.843985 0.110807 0.001315
2 2 0.010451 0.101744 0.837280 0.047368 0.003157
2 2 0.061797 0.096589 0.611904 0.222225 0.007485
2 2 0.023315 0.105264 0.812129 0.054978 0.004314
2 2 0.121670 0.395043 0.462501 0.010592 0.010194
2 2 0.071201 0.232439 0.616186 0.069923 0.010252
2 2 0.018417 0.108644 0.715694 0.151571 0.005674
2 2 0.036598 0.148852 0.736825 0.071183 0.006542
2 2 0.003980 0.044534 0.892245 0.058187 0.001055
2 2 0.006691 0.056090 0.872897 0.063129 0.001193
2 2 0.005504 0.029070 0.806155 0.158297 0.000975
2 2 0.006762 0.064603 0.865484 0.059654 0.003497
2 2 0.001434 0.020517 0.749396 0.227501 0.001151
2 2 0.015054 0.167644 0.767093 0.043215 0.006994
2 2 0.009404 0.040635 0.762664 0.185845 0.001453
2 2 0.018401 0.041579 0.856025 0.080250 0.003745
2 2 0.011599 0.109253 0.776613 0.097928 0.004607
2 2 0.048445 0.128971 0.741177 0.076731 0.004676
2 2 0.093221 0.332649 0.516713 0.043007 0.014410
2 2 0.064537 0.357890 0.531634 0.031850 0.014089
2 2 0.031454 0.168901 0.705298 0.086337 0.008009
2 2 0.001287 0.013037 0.813587 0.171289 0.000800
2 2 0.008479 0.051562 0.819367 0.117876 0.002716
2 2 0.005114 0.064033 0.894058 0.032635 0.004159
2 2 0.003916 0.043021 0.916896 0.033945 0.002221
2 2 0.033000 0.279384 0.645246 0.029468 0.012902
2 2 0.022071 0.057367 0.838576 0.078360 0.003626
2 2 0.023408 0.082968 0.797490 0.093715 0.002419
2 2 0.003995 0.104565 0.864592 0.020220 0.006628
2 2 0.010040 0.065505 0.825408 0.096982 0.002065
1 2 0.226934 0.423867 0.324442 0.008520 0.016237
2 2 0.081196 0.412864 0.446089 0.039074 0.020778
2 2 0.015903 0.099978 0.801492 0.078409 0.004219
2 2 0.013366 0.096430 0.835193 0.048465 0.006546
2 2 0.011942 0.131296 0.794757 0.058282 0.003723
2 2 0.019037 0.166537 0.764353 0.044840 0.005233
2 2 0.003149 0.041271 0.872189 0.081974 0.001417
2 2 0.021767 0.066702 0.816633 0.089369 0.005530
2 2 0.008341 0.123751 0.805481 0.055422 0.007005
2 2 0.015654 0.094617 0.835757 0.050588 0.003383
2 2 0.096287 0.424762 0.446257 0.014226 0.018469
1 2 0.082121 0.445929 0.419856 0.024367 0.027727
0 2 0.334871 0.328051 0.272163 0.032394 0.032520
1 2 0.323964 0.499644 0.155145 0.002031 0.019215
1 2 0.234087 0.532781 0.200475 0.005376 0.027281
1 2 0.100406 0.442674 0.404305 0.032092 0.020523
1 2 0.103967 0.460204 0.384258 0.027766 0.023805
2 2 0.006006 0.105727 0.859575 0.023535 0.005157
2 2 0.045676 0.306714 0.585556 0.036347 0.025706
0 2 0.492202 0.326723 0.100212 0.001364 0.079499
1 2 0.341038 0.478507 0.163784 0.000802 0.015870
1 2 0.158314 0.557710 0.229757 0.004507 0.049713
0 2 0.525135 0.308980 0.120885 0.007602 0.037398
1 2 0.326628 0.497903 0.154624 0.001953 0.018891
1 2 0.311621 0.507619 0.157527 0.002435 0.020799
1 2 0.243654 0.536857 0.185934 0.004852 0.028702
0 2 0.446019 0.384540 0.127222 0.003527 0.038692
0 0 0.598037 0.224918 0.122290 0.015793 0.038961
1 0 0.362213 0.488514 0.124556 0.000319 0.024398
0 0 0.683354 0.247243 0.051039 0.000079 0.018284
1 0 0.331147 0.504354 0.122683 0.000041 0.041775
1 0 0.287991 0.517757 0.163988 0.000463 0.029801
1 1 0.259172 0.530768 0.179804 0.002906 0.027350
1 1 0.355375 0.498892 0.119684 0.000856 0.025194
1 0 0.394326 0.469933 0.116452 0.000525 0.018764
1 0 0.403532 0.453220 0.128084 0.000436 0.014728
1 0 0.383250 0.469312 0.127970 0.000243 0.019224
1 0 0.283691 0.501053 0.194220 0.001120 0.019915
1 0 0.356250 0.489814 0.129165 0.000293 0.024478
0 0 0.502383 0.377855 0.083396 0.000081 0.036285
1 0 0.331196 0.435238 0.207427 0.000573 0.025566
1 0 0.278789 0.516504 0.170685 0.000160 0.033862
1 0 0.297135 0.508671 0.166585 0.000321 0.027288
1 0 0.278426 0.524263 0.152107 0.000182 0.045022
1 0 0.348299 0.472098 0.163599 0.000917 0.015087
1 0 0.364046 0.485803 0.127997 0.000503 0.021650
1 1 0.222786 0.521020 0.227933 0.003241 0.025021
0 0 0.439981 0.344364 0.159223 0.003592 0.052840
0 0 0.612972 0.299985 0.068949 0.000039 0.018055
1 0 0.190799 0.473594 0.313634 0.006593 0.015380
1 0 0.333842 0.496860 0.148173 0.001655 0.019470
1 1 0.353349 0.477698 0.152089 0.000994 0.015869
1 1 0.208592 0.507875 0.255414 0.007197 0.020922
1 1 0.282953 0.525425 0.162818 0.003748 0.025057
1 1 0.300107 0.514902 0.159696 0.002890 0.022405
1 1 0.122092 0.499790 0.316432 0.021381 0.040306
1 1 0.167797 0.508139 0.286416 0.013503 0.024146
1 1 0.208014 0.530558 0.225313 0.009067 0.027048
1 1 0.150639 0.522155 0.286566 0.008265 0.032374
1 1 0.140444 0.484037 0.335608 0.017969 0.021942
1 1 0.098232 0.443639 0.425269 0.010317 0.022543
2 2 0.064492 0.360962 0.524148 0.035826 0.014573
1 2 0.111020 0.509169 0.326265 0.015382 0.038163
1 2 0.076690 0.451502 0.427752 0.009302 0.034755
2 2 0.055036 0.377289 0.525213 0.019958 0.022504
2 2 0.012745 0.178146 0.776912 0.023297 0.008900
2 2 0.038723 0.328510 0.598055 0.013867 0.020845
2 2 0.066510 0.292864 0.617476 0.014127 0.009023
2 2 0.010132 0.121436 0.848559 0.016804 0.003068
2 2 0.019416 0.178981 0.746238 0.048265 0.007100
2 2 0.015909 0.147146 0.805413 0.026321 0.005211
2 2 0.004128 0.056331 0.923862 0.014974 0.000705
2 2 0.022100 0.184270 0.742193 0.046959 0.004477
2 2 0.015265 0.128309 0.816065 0.038365 0.001995
1 2 0.175192 0.458161 0.345465 0.007207 0.013975
2 2 0.048401 0.264415 0.657881 0.023116 0.006188
2 2 0.043928 0.302129 0.623873 0.017875 0.012195
1 2 0.248475 0.486592 0.245828 0.003562 0.015543
1 2 0.297102 0.515502 0.161967 0.002983 0.022445
1 2 0.224148 0.552528 0.181185 0.006413 0.035724
2 2 0.005729 0.097809 0.836423 0.056428 0.003611
2 2 0.021372 0.192594 0.734489 0.037799 0.013747
2 2 0.003729 0.097143 0.858940 0.034772 0.005415
2 2 0.011789 0.159102 0.806578 0.015832 0.006699
2 2 0.023127 0.136795 0.765918 0.064879 0.009282
2 2 0.009438 0.058016 0.868892 0.060879 0.002775
2 2 0.017486 0.166812 0.756331 0.055096 0.004275
2 2 0.000744 0.020356 0.934154 0.044332 0.000414
2 2 0.009573 0.082841 0.839062 0.064160 0.004363
2 2 0.011824 0.056909 0.807304 0.121359 0.002605
2 2 0.010199 0.063299 0.790148 0.131116 0.005237
2 2 0.004525 0.025818 0.670450 0.297362 0.001845
2 2 0.006036 0.042013 0.850883 0.097791 0.003277
2 2 0.004322 0.020123 0.756541 0.218124 0.000891
2 2 0.009802 0.106458 0.784230 0.094106 0.005403
2 2 0.007593 0.049171 0.819725 0.121124 0.002387
3 2 0.000750 0.004527 0.429439 0.565064 0.000219
2 2 0.011468 0.049264 0.813520 0.121673 0.004076
2 2 0.013328 0.042112 0.703669 0.238584 0.002307
2 2 0.010538 0.044071 0.763231 0.179659 0.002501
2 2 0.003493 0.015752 0.632732 0.347027 0.000997
2 2 0.015085 0.043112 0.735999 0.202450 0.003353
2 2 0.031269 0.072534 0.621538 0.268793 0.005867
2 2 0.016995 0.042670 0.669532 0.267986 0.002817
2 2 0.014578 0.062228 0.718944 0.200824 0.003426
2 2 0.014259 0.044900 0.652849 0.285293 0.002699
2 2 0.008215 0.027253 0.564839 0.397279 0.002415
2 2 0.001122 0.007909 0.529756 0.460831 0.000381
2 2 0.001270 0.007455 0.553048 0.437816 0.000410
3 2 0.001735 0.009036 0.416295 0.572031 0.000903
3 2 0.011388 0.017913 0.296771 0.670722 0.003206
3 2 0.001668 0.003849 0.256206 0.737929 0.000348
3 3 0.005986 0.006497 0.136215 0.849689 0.001612
3 3 0.001216 0.002910 0.207379 0.788135 0.000361
3 3 0.003645 0.004471 0.151077 0.839942 0.000865
3 3 0.001248 0.002968 0.235616 0.759902 0.000266
3 3 0.000187 0.000364 0.040863 0.958503 0.000084
3 3 0.000654 0.001632 0.143307 0.854210 0.000197
3 3 0.002011 0.002720 0.109220 0.885468 0.000581
3 3 0.004719 0.007714 0.158548 0.827107 0.001912
3 3 0.000203 0.000550 0.071332 0.927836 0.000081
3 3 0.006753 0.011344 0.286493 0.693662 0.001748
3 3 0.000827 0.001510 0.086344 0.911023 0.000296
3 3 0.000391 0.000533 0.076739 0.922244 0.000093
3 3 0.001032 0.001030 0.042026 0.955506 0.000406
3 3 0.003236 0.004799 0.137012 0.853739 0.001214
3 3 0.001120 0.001133 0.049435 0.947912 0.000400
3 3 0.000405 0.000835 0.054780 0.943788 0.000192
3 3 0.000052 0.000147 0.031509 0.968264 0.000028
3 3 0.014049 0.011755 0.175302 0.795857 0.003038
3 3 0.000706 0.000964 0.054448 0.943614 0.000269
3 3 0.000975 0.000873 0.047067 0.950777 0.000309
3 3 0.000278 0.000402 0.043847 0.955373 0.000100
3 3 0.001192 0.001287 0.042992 0.954010 0.000519
3 3 0.005179 0.003494 0.035644 0.953042 0.002641
3 3 0.000266 0.000358 0.024195 0.975037 0.000144
3 3 0.000428 0.000655 0.035231 0.963463 0.000223
3 3 0.000101 0.000126 0.012953 0.986758 0.000063
3 3 0.000032 0.000073 0.016768 0.983108 0.000020
3 3 0.000102 0.000182 0.019406 0.980245 0.000064
3 3 0.004931 0.006785 0.125296 0.861296 0.001691
3 3 0.036743 0.067420 0.402012 0.484704 0.009121
2 3 0.094304 0.249384 0.554061 0.077948 0.024303
1 3 0.098488 0.437174 0.433399 0.009913 0.021027
1 2 0.136963 0.454154 0.363983 0.016787 0.028113
1 2 0.159695 0.550962 0.238869 0.004783 0.045691
1 2 0.138780 0.539257 0.264511 0.004799 0.052653
1 2 0.161102 0.524039 0.277067 0.006180 0.031613
1 2 0.244501 0.548891 0.164925 0.001906 0.039778
1 2 0.183731 0.544698 0.164331 0.001200 0.106040
1 2 0.163220 0.407411 0.130886 0.001043 0.297440
1 2 0.053804 0.503800 0.225761 0.001044 0.215591
4 4 0.118760 0.368176 0.143696 0.000647 0.368722
1 4 0.069514 0.530718 0.227200 0.001332 0.171237
1 4 0.080690 0.537620 0.215885 0.000703 0.165102
1 4 0.162082 0.516830 0.184079 0.002671 0.134337
1 4 0.057466 0.505614 0.272318 0.000791 0.163811
1 4 0.092453 0.506395 0.202048 0.001162 0.197942
1 4 0.122050 0.458701 0.175962 0.001952 0.241336
4 4 0.086099 0.324491 0.159002 0.000812 0.429596
1 4 0.177226 0.566427 0.176963 0.000566 0.078818
1 4 0.120993 0.562611 0.155947 0.000571 0.159878
1 4 0.109878 0.512779 0.199560 0.001354 0.176429
4 4 0.089145 0.352170 0.148781 0.000991 0.408913
4 4 0.142639 0.105343 0.068616 0.000117 0.683285
4 4 0.136992 0.270901 0.096758 0.000464 0.494884
1 4 0.148465 0.397800 0.165888 0.000409 0.287437
1 4 0.084968 0.403491 0.162340 0.000438 0.348763
1 4 0.085738 0.460849 0.160983 0.000444 0.291986
1 4 0.119804 0.553334 0.218371 0.000361 0.108131
4 4 0.106488 0.309879 0.100106 0.000158 0.483369
4 4 0.123891 0.130707 0.098575 0.000686 0.646142
4 4 0.093730 0.364400 0.170020 0.001739 0.370110
1 4 0.167981 0.441401 0.156695 0.000141 0.233781
1 4 0.076877 0.404247 0.170847 0.000599 0.347430
1 4 0.116896 0.466150 0.198037 0.000305 0.218612
4 4 0.182339 0.282789 0.131492 0.000303 0.403076
1 4 0.112181 0.556368 0.197523 0.000459 0.133467
0 0 0.371679 0.279159 0.151395 0.001158 0.196608
1 1 0.411309 0.467851 0.094076 0.000331 0.026433
1 1 0.360113 0.493731 0.121535 0.000692 0.023930
1 1 0.396360 0.474950 0.106000 0.000428 0.022262
1 1 0.354556 0.492601 0.128030 0.000409 0.024404
1 1 0.371667 0.465867 0.141067 0.001056 0.020344
0 0 0.695824 0.152063 0.114947 0.010822 0.026344
1 0 0.255057 0.548568 0.149430 0.000895 0.046050
1 1 0.376103 0.497942 0.089749 0.000377 0.035828
1 1 0.249402 0.554285 0.144012 0.000963 0.051338
1 1 0.251801 0.547899 0.160940 0.004494 0.034866
1 4 0.380196 0.393252 0.097011 0.000649 0.128891
1 4 0.246256 0.487641 0.196350 0.005055 0.064699
1 4 0.262696 0.539722 0.153649 0.001248 0.042686
1 4 0.285677 0.512363 0.136444 0.001297 0.064218
1 4 0.263450 0.551112 0.140134 0.002102 0.043203
1 4 0.168852 0.553839 0.223588 0.012067 0.041655
1 4 0.160077 0.571540 0.199895 0.003866 0.064621
1 4 0.236251 0.524533 0.124701 0.000407 0.114108
1 4 0.325172 0.432164 0.225868 0.002663 0.014134
1 0 0.360101 0.482371 0.138785 0.001075 0.017668
1 1 0.308201 0.500115 0.170736 0.001310 0.019638
1 1 0.400429 0.453970 0.131358 0.000616 0.013628
1 1 0.431699 0.439329 0.115142 0.000344 0.013486
1 1 0.352936 0.479184 0.150110 0.000773 0.016997
1 1 0.380342 0.461595 0.143708 0.000908 0.013448
1 1 0.284594 0.524437 0.162525 0.003655 0.024789
0 1 0.637955 0.234693 0.086846 0.000454 0.040052
0 0 0.440684 0.440633 0.102669 0.000251 0.015763
1 1 0.363708 0.474365 0.145460 0.001124 0.015344
1 1 0.232610 0.519578 0.218944 0.005955 0.022913
1 1 0.332334 0.494838 0.152579 0.001778 0.018470
1 1 0.300954 0.514372 0.159538 0.002854 0.022282
1 1 0.199549 0.551870 0.203845 0.008057 0.036679
1 1 0.294717 0.518254 0.160692 0.003135 0.023203
1 1 0.269442 0.533380 0.165167 0.004619 0.027393
1 1 0.298843 0.497725 0.159224 0.005118 0.039090
1 1 0.262509 0.486128 0.232876 0.000916 0.017570
1 1 0.304914 0.510003 0.156956 0.000391 0.027737
1 1 0.351972 0.489274 0.138411 0.001176 0.019167
1 1 0.238295 0.533365 0.195832 0.003722 0.028786
1 1 0.215054 0.566991 0.163614 0.004089 0.050252
1 1 0.215981 0.528917 0.220935 0.008029 0.026139
1 1 0.278088 0.509537 0.188847 0.003322 0.020206
1 1 0.239141 0.511869 0.191361 0.003850 0.053779
1 1 0.204225 0.558852 0.184362 0.001395 0.051166
1 1 0.238479 0.549597 0.170748 0.002331 0.038845
1 1 0.210513 0.544799 0.204103 0.008179 0.032406
0 0 0.778212 0.120042 0.058373 0.002071 0.041302
1 0 0.420402 0.434145 0.134325 0.000514 0.010614
1 0 0.418118 0.448682 0.108259 0.000644 0.024297
1 0 0.361488 0.477791 0.143403 0.001124 0.016195
1 0 0.370835 0.468162 0.145689 0.001037 0.014277
1 0 0.277314 0.497961 0.204220 0.002970 0.017534
2 1 0.084928 0.347423 0.549270 0.009040 0.009339
1 1 0.249735 0.468098 0.266565 0.002903 0.012698
1 1 0.205540 0.426887 0.355215 0.003253 0.009105
2 1 0.092517 0.324127 0.567323 0.009790 0.006242
2 1 0.157615 0.398667 0.430243 0.005134 0.008340
2 1 0.075276 0.292947 0.614849 0.011567 0.005362
2 1 0.021885 0.122636 0.834032 0.017317 0.004130
2 1 0.056062 0.242318 0.686247 0.011588 0.003785
2 1 0.082404 0.277115 0.630989 0.005434 0.004058
2 1 0.073442 0.325126 0.584934 0.007805 0.008693
2 1 0.049179 0.212565 0.727359 0.008074 0.002823
2 1 0.077282 0.261888 0.650853 0.006492 0.003486
2 0 0.192163 0.356495 0.437454 0.005608 0.008280
2 1 0.076398 0.303255 0.601592 0.012760 0.005995
2 1 0.090170 0.276804 0.622174 0.006749 0.004104
2 1 0.052754 0.245099 0.691763 0.005846 0.004538
2 1 0.084959 0.251145 0.657115 0.004059 0.002722
2 2 0.029594 0.127983 0.820818 0.019804 0.001802
2 2 0.044282 0.196008 0.747657 0.009689 0.002365
2 2 0.062273 0.260064 0.662719 0.010596 0.004348
2 2 0.072439 0.297119 0.610716 0.013834 0.005892
2 2 0.039451 0.187488 0.759439 0.011303 0.002320
2 2 0.054306 0.244743 0.682973 0.013927 0.004051
2 2 0.072963 0.326070 0.572119 0.020563 0.008286
2 2 0.144560 0.314417 0.535166 0.002261 0.003596
1 2 0.286164 0.383372 0.313387 0.004756 0.012322
2 2 0.102408 0.332627 0.545221 0.012128 0.007616
2 2 0.022526 0.094226 0.803879 0.076808 0.002561
2 2 0.020197 0.181880 0.772592 0.020278 0.005053
2 2 0.024154 0.196604 0.742837 0.031278 0.005128
2 2 0.008671 0.096905 0.830059 0.062786 0.001578
2 2 0.009703 0.091241 0.850650 0.047038 0.001367
2 2 0.014792 0.066431 0.815263 0.101812 0.001702
2 2 0.028993 0.198075 0.732137 0.036742 0.004053
2 2 0.003886 0.050342 0.892352 0.052327 0.001093
2 2 0.014184 0.129257 0.797022 0.057107 0.002430
2 2 0.009411 0.099888 0.832975 0.056155 0.001572
2 2 0.007059 0.071289 0.890095 0.030833 0.000724
2 2 0.014215 0.135301 0.787438 0.060407 0.002639
2 2 0.026112 0.126494 0.793603 0.050992 0.002799
2 2 0.012404 0.090336 0.800931 0.094231 0.002098
2 2 0.007390 0.066903 0.850661 0.073939 0.001107
2 2 0.013069 0.101342 0.815349 0.068235 0.002005
2 2 0.035720 0.191586 0.726555 0.041617 0.004522
2 2 0.011528 0.051270 0.762129 0.173402 0.001671
2 2 0.006160 0.048640 0.905584 0.039086 0.000530
2 2 0.012101 0.082457 0.833716 0.070133 0.001594
2 2 0.003199 0.036530 0.864161 0.095593 0.000517
2 2 0.004871 0.021821 0.581917 0.390380 0.001010
2 2 0.009559 0.094983 0.839483 0.054500 0.001474
2 2 0.009104 0.078820 0.816421 0.094031 0.001624
2 2 0.024289 0.180092 0.737040 0.053313 0.005266
2 2 0.019437 0.137420 0.805125 0.035754 0.002265
2 2 0.007646 0.066817 0.787677 0.136249 0.001612
2 2 0.005036 0.048774 0.830428 0.113829 0.001934
2 2 0.021311 0.146260 0.731841 0.096207 0.004381
2 2 0.009794 0.064208 0.850856 0.073967 0.001175
2 2 0.008940 0.093192 0.823447 0.072386 0.002035
2 2 0.014953 0.055611 0.671709 0.255072 0.002655
2 2 0.009431 0.054994 0.644914 0.288208 0.002452
0 2 0.653474 0.153282 0.152186 0.017623 0.023434
1 2 0.336035 0.491702 0.152767 0.001704 0.017792
1 0 0.261312 0.488684 0.228512 0.003889 0.017603
1 0 0.349402 0.482762 0.150084 0.001406 0.016345
1 0 0.286445 0.519081 0.168229 0.002606 0.023639
2 0 0.099680 0.412793 0.452824 0.019462 0.015242
1 0 0.204851 0.475980 0.298580 0.005508 0.015081
1 2 0.277109 0.511274 0.187570 0.003414 0.020635
2 2 0.067202 0.395347 0.505746 0.009671 0.022035
1 2 0.121471 0.448391 0.406949 0.002965 0.020225
2 2 0.017179 0.178174 0.788981 0.009440 0.006226
2 2 0.027532 0.286031 0.654664 0.012417 0.019355
2 2 0.011906 0.149987 0.825797 0.006617 0.005693
2 2 0.054801 0.402072 0.504278 0.006189 0.032660
2 2 0.007296 0.097926 0.889790 0.002341 0.002648
2 2 0.014721 0.152461 0.809896 0.012710 0.010211
2 2 0.008590 0.047353 0.927448 0.015250 0.001359
2 2 0.006132 0.105970 0.861395 0.022762 0.003742
1 2 0.188042 0.464697 0.326797 0.006278 0.014186
2 2 0.024922 0.235286 0.693386 0.036741 0.009665
2 2 0.023460 0.201136 0.759697 0.009383 0.006324
2 2 0.001126 0.026728 0.961426 0.009825 0.000895
2 2 0.007708 0.120078 0.861107 0.006415 0.004692
2 2 0.007240 0.113090 0.851486 0.024321 0.003863
2 2 0.005645 0.099101 0.879435 0.012365 0.003455
2 2 0.004638 0.066640 0.908394 0.019154 0.001174
2 2 0.002510 0.048276 0.895620 0.052827 0.000768
2 2 0.004911 0.069097 0.885792 0.038752 0.001448
2 2 0.004143 0.038245 0.823343 0.131629 0.002639
2 2 0.005223 0.084518 0.898728 0.009304 0.002226
2 2 0.002574 0.028568 0.803730 0.164115 0.001013
2 2 0.012536 0.105496 0.811848 0.065126 0.004994
2 2 0.007529 0.052725 0.854714 0.083609 0.001423
2 2 0.005852 0.074633 0.839925 0.075512 0.004078
2 2 0.003721 0.031616 0.715440 0.247647 0.001577
2 2 0.008260 0.078605 0.773819 0.134403 0.004913
2 2 0.001839 0.024027 0.836203 0.136748 0.001183
2 2 0.012022 0.058066 0.828107 0.098003 0.003802
2 2 0.007869 0.060439 0.812486 0.115191 0.004016
2 2 0.002768 0.023030 0.801714 0.171521 0.000967
2 2 0.003622 0.045419 0.789553 0.158006 0.003399
2 2 0.002166 0.030331 0.923492 0.043331 0.000681
2 2 0.005999 0.064556 0.830049 0.095535 0.003861
2 2 0.002293 0.019447 0.826166 0.150666 0.001428
2 2 0.001640 0.032979 0.888549 0.075804 0.001028
2 2 0.004676 0.081644 0.845043 0.048693 0.019945
2 2 0.001176 0.020464 0.900158 0.077662 0.000541
2 2 0.004584 0.025103 0.772489 0.196095 0.001729
2 2 0.010638 0.064524 0.675077 0.245181 0.004579
2 3 0.014275 0.040637 0.666486 0.276578 0.002025
2 3 0.004702 0.024343 0.676756 0.292638 0.001561
2 3 0.004025 0.034868 0.819792 0.138712 0.002602
2 3 0.006692 0.033519 0.879471 0.077925 0.002393
2 3 0.000830 0.024666 0.889646 0.083640 0.001219
2 3 0.002185 0.018792 0.828495 0.149552 0.000975
2 3 0.005263 0.028014 0.578854 0.386000 0.001870
2 3 0.008010 0.121813 0.800721 0.060561 0.008895
2 3 0.003238 0.027272 0.687757 0.278125 0.003608
2 3 0.060526 0.094364 0.736233 0.104570 0.004307
1 3 0.142438 0.436074 0.397684 0.010486 0.013318
1 3 0.238987 0.529182 0.200159 0.006086 0.025586
1 2 0.149757 0.501052 0.310878 0.013305 0.025007
2 2 0.041687 0.327843 0.564510 0.048389 0.017570
2 2 0.030116 0.247487 0.694724 0.016814 0.010860
1 2 0.284482 0.490503 0.206620 0.001723 0.016672
1 2 0.212050 0.509879 0.252403 0.002850 0.022819
1 2 0.178640 0.517788 0.272127 0.002335 0.029110
1 2 0.166860 0.504331 0.299437 0.003957 0.025415
1 2 0.264451 0.523318 0.184730 0.002004 0.025497
1 2 0.229248 0.526332 0.214864 0.001966 0.027590
1 2 0.318350 0.498372 0.162605 0.001556 0.019118
1 2 0.155966 0.479862 0.337067 0.007269 0.019836
2 2 0.033069 0.236217 0.703664 0.020234 0.006817
2 2 0.011202 0.146823 0.830925 0.005190 0.005860
2 2 0.024343 0.188763 0.765764 0.016602 0.004528
2 2 0.017443 0.156090 0.814787 0.007896 0.003783
2 2 0.006202 0.078441 0.905120 0.008898 0.001340
2 2 0.038513 0.265015 0.657592 0.020343 0.018538
2 2 0.001786 0.021178 0.836417 0.139443 0.001176
2 2 0.008621 0.114547 0.842240 0.031597 0.002995
2 2 0.003192 0.060822 0.893194 0.039747 0.003045
2 2 0.024520 0.218110 0.710994 0.039004 0.007371
2 2 0.016583 0.136458 0.751156 0.087898 0.007905
2 2 0.004268 0.056379 0.905666 0.031161 0.002526
2 2 0.024907 0.214605 0.718632 0.035048 0.006808
1 2 0.115362 0.448430 0.404671 0.012326 0.019211
2 2 0.065948 0.375089 0.518376 0.023640 0.016947
1 2 0.177799 0.534082 0.248407 0.007763 0.031948
0 2 0.410616 0.404765 0.132021 0.002804 0.049793
1 0 0.284754 0.389327 0.309796 0.004007 0.012117
0 0 0.560274 0.276835 0.081607 0.000456 0.080829
0 0 0.710886 0.197595 0.040512 0.000340 0.050667
1 0 0.442104 0.444269 0.089455 0.000039 0.024132
1 0 0.201769 0.557940 0.193054 0.003330 0.043907
1 0 0.145892 0.559254 0.217218 0.000713 0.076923
1 1 0.133396 0.451233 0.181146 0.000350 0.233876
4 4 0.112965 0.221445 0.096361 0.000532 0.568698
4 4 0.077683 0.126931 0.074364 0.000054 0.720967
1 4 0.080634 0.491243 0.226751 0.002200 0.199171
0 0 0.780881 0.110664 0.035841 0.001034 0.071580
0 0 0.492280 0.288480 0.155634 0.001965 0.061642
0 0 0.461605 0.349809 0.117704 0.000059 0.070823
1 1 0.247949 0.456221 0.147145 0.000958 0.147727
1 1 0.208390 0.346753 0.121021 0.000318 0.323519
1 2 0.109579 0.421132 0.188813 0.001881 0.278595
4 4 0.293627 0.281953 0.125030 0.000873 0.298517
0 4 0.318898 0.239857 0.124225 0.000843 0.316177
4 4 0.127827 0.285822 0.132582 0.001640 0.452130
1 4 0.258152 0.529597 0.151755 0.000764 0.059732
4 4 0.146290 0.226329 0.138919 0.000635 0.487826
4 4 0.226216 0.207126 0.071331 0.000213 0.495113
1 4 0.191682 0.448793 0.211965 0.001836 0.145724
0 4 0.378312 0.186098 0.089598 0.000319 0.345673
1 4 0.184645 0.561240 0.157289 0.000158 0.096668
4 4 0.154263 0.301869 0.153595 0.000392 0.389882
4 4 0.203690 0.161625 0.089035 0.000631 0.545019
4 4 0.172555 0.168751 0.082870 0.000071 0.575753
1 4 0.165244 0.357464 0.144024 0.000377 0.332891
1 4 0.306234 0.442676 0.142983 0.001553 0.106555
1 4 0.099328 0.450682 0.212062 0.000468 0.237461
4 4 0.254795 0.046323 0.026705 0.000066 0.672111
4 4 0.335158 0.092049 0.038834 0.000292 0.533667
4 4 0.175164 0.050103 0.033698 0.000332 0.740703
4 4 0.359261 0.168046 0.082221 0.000367 0.390104
1 4 0.095935 0.530511 0.218402 0.000920 0.154232
4 4 0.156008 0.238262 0.113279 0.000201 0.492250
0 4 0.344677 0.308099 0.112989 0.001221 0.233013
4 4 0.320795 0.228081 0.096843 0.000900 0.353381
0 4 0.734052 0.183584 0.063170 0.000670 0.018524
0 4 0.490436 0.409143 0.085067 0.000054 0.015301
1 0 0.392023 0.470937 0.096732 0.000008 0.040299
1 0 0.377085 0.494599 0.082617 0.000097 0.045602
1 0 0.289586 0.515412 0.164999 0.000373 0.029629
0 0 0.591444 0.297153 0.050261 0.000017 0.061125
1 0 0.248388 0.547747 0.114847 0.000078 0.088940
1 0 0.198596 0.555532 0.169254 0.000153 0.076465
1 0 0.206432 0.565524 0.155260 0.000583 0.072202
1 1 0.158738 0.522666 0.239757 0.001351 0.077489
1 1 0.134128 0.567663 0.171890 0.000576 0.125743
1 1 0.158552 0.566039 0.179701 0.003527 0.092181
1 2 0.265809 0.369966 0.088530 0.000211 0.275484
4 2 0.292372 0.182816 0.077031 0.000398 0.447383
1 2 0.302088 0.465287 0.111005 0.000164 0.121455
1 2 0.165325 0.388681 0.154621 0.000895 0.290479
4 4 0.295438 0.233058 0.094640 0.002113 0.374751
1 4 0.276368 0.446218 0.123649 0.000375 0.153389
1 4 0.118113 0.558903 0.188265 0.000986 0.133734
4 4 0.204118 0.308564 0.119842 0.000602 0.366874
4 4 0.291665 0.258802 0.117910 0.000549 0.331074
1 4 0.156586 0.569945 0.179084 0.000696 0.093689
1 4 0.179163 0.567200 0.177317 0.000704 0.075617
1 4 0.100752 0.556841 0.229196 0.001769 0.111442
1 0 0.269676 0.416330 0.255959 0.009297 0.048738
1 0 0.238196 0.548068 0.156742 0.000245 0.056749
1 1 0.231949 0.557630 0.138367 0.000288 0.071766
1 1 0.127000 0.564657 0.207113 0.000985 0.100245
1 1 0.166869 0.570438 0.195526 0.002806 0.064360
1 2 0.249302 0.558871 0.125193 0.000638 0.065996
0 2 0.544493 0.283168 0.093911 0.001654 0.076773
1 2 0.393629 0.465413 0.123764 0.000595 0.016599
1 0 0.395463 0.466960 0.116769 0.000195 0.020613
1 0 0.275060 0.538840 0.123132 0.000111 0.062858
1 0 0.192936 0.539029 0.228273 0.001151 0.038610
1 1 0.328446 0.513640 0.106746 0.000230 0.050938
1 1 0.204333 0.564519 0.171358 0.001302 0.058487
1 1 0.226418 0.556916 0.169069 0.002030 0.045568
1 1 0.253127 0.550107 0.150348 0.001154 0.045264
1 1 0.267351 0.533759 0.166839 0.004471 0.027579
1 1 0.264872 0.544913 0.131707 0.000237 0.058271
1 1 0.179770 0.557264 0.209273 0.001570 0.052124
1 1 0.170552 0.569243 0.182112 0.000945 0.077147
1 1 0.146466 0.566720 0.209136 0.007240 0.070437
1 1 0.108944 0.565526 0.208522 0.002098 0.114909
1 1 0.162933 0.572546 0.193214 0.002890 0.068417
1 1 0.112949 0.559134 0.243434 0.003580 0.080903
1 2 0.120008 0.556558 0.238584 0.001420 0.083429
1 2 0.089031 0.552157 0.229553 0.002123 0.127136
1 2 0.076111 0.469679 0.402759 0.007964 0.043488
1 2 0.107241 0.561760 0.219268 0.001840 0.109892
1 2 0.139753 0.545541 0.257464 0.001438 0.055803
1 2 0.261623 0.541733 0.156974 0.001162 0.038508
0 2 0.654735 0.189398 0.085483 0.000324 0.070060
0 2 0.464063 0.439535 0.070919 0.000094 0.025389
0 2 0.496520 0.406213 0.081772 0.000050 0.015445
0 0 0.447494 0.438163 0.097834 0.000213 0.016295
0 0 0.437467 0.431297 0.116571 0.000081 0.014584
0 0 0.443884 0.438467 0.101877 0.000239 0.015534
1 2 0.312331 0.517170 0.136099 0.000337 0.034063
1 2 0.232095 0.542735 0.189210 0.003929 0.032031
1 2 0.162933 0.550917 0.236602 0.002636 0.046911
1 2 0.257823 0.524556 0.189598 0.001882 0.026141
1 2 0.147612 0.566410 0.205258 0.001189 0.079531
1 2 0.111722 0.513978 0.325331 0.006634 0.042335
1 2 0.210341 0.561166 0.179031 0.003255 0.046207
1 2 0.092013 0.508769 0.339761 0.008985 0.050471
1 2 0.083121 0.495484 0.360859 0.009517 0.051019
2 2 0.016656 0.207465 0.752343 0.012221 0.011316
0 2 0.572791 0.275230 0.112849 0.001917 0.037213
0 0 0.466098 0.424399 0.094826 0.000166 0.014511
1 0 0.392626 0.453038 0.141123 0.000764 0.012448
1 0 0.331321 0.471549 0.182269 0.001415 0.013446
1 0 0.158419 0.433202 0.389162 0.007429 0.011788
1 2 0.251597 0.491196 0.237289 0.003607 0.016311
2 2 0.054903 0.290949 0.634562 0.011626 0.007960
2 2 0.100656 0.343998 0.538246 0.009942 0.007158
1 2 0.155866 0.447710 0.376348 0.005768 0.014308
2 2 0.061126 0.168190 0.736193 0.024600 0.009890
2 2 0.042929 0.202102 0.740072 0.012176 0.002721
2 2 0.014054 0.111411 0.854053 0.018806 0.001676
2 2 0.022418 0.138875 0.820249 0.016827 0.001631
2 2 0.006650 0.049740 0.876340 0.066526 0.000743
2 2 0.011707 0.075852 0.883403 0.028156 0.000883
2 2 0.001177 0.008957 0.908530 0.081252 0.000084
2 2 0.010373 0.063062 0.811919 0.112693 0.001952
2 2 0.008860 0.036159 0.891062 0.063337 0.000583
2 2 0.003901 0.008745 0.711102 0.275973 0.000278
2 2 0.007677 0.026478 0.827410 0.137793 0.000641
2 2 0.004591 0.010506 0.758606 0.225995 0.000302
2 3 0.001917 0.006028 0.647926 0.343947 0.000182
2 3 0.002324 0.005788 0.691901 0.299821 0.000166
2 3 0.011231 0.022489 0.520924 0.443731 0.001626
3 3 0.003537 0.007310 0.481776 0.506958 0.000419
2 3 0.000979 0.004255 0.545838 0.448794 0.000135
3 3 0.003087 0.004354 0.488308 0.504012 0.000239
3 3 0.008450 0.014059 0.276906 0.698629 0.001955
3 3 0.001181 0.003203 0.290553 0.704834 0.000228
3 3 0.000627 0.001744 0.186709 0.810764 0.000156
3 3 0.000667 0.001420 0.143561 0.854186 0.000166
3 3 0.000560 0.001154 0.218878 0.779322 0.000087
3 3 0.001993 0.003465 0.188092 0.806000 0.000449
3 3 0.002522 0.002430 0.102215 0.892235 0.000598
3 3 0.001006 0.001368 0.163199 0.834261 0.000165
3 3 0.000156 0.000436 0.116014 0.883355 0.000039
3 3 0.000206 0.000493 0.086358 0.912881 0.000062
3 3 0.000356 0.000536 0.072451 0.926562 0.000095
3 3 0.002392 0.002002 0.073269 0.921690 0.000648
3 3 0.000602 0.001140 0.167658 0.830487 0.000113
3 3 0.001685 0.002880 0.162736 0.832294 0.000405
3 3 0.000555 0.000708 0.067555 0.931030 0.000153
3 3 0.001556 0.001611 0.100979 0.895511 0.000344
3 3 0.000366 0.000675 0.141026 0.857866 0.000067
3 3 0.001495 0.001888 0.075759 0.920352 0.000505
3 3 0.002896 0.002869 0.122384 0.871222 0.000629
3 3 0.000235 0.000393 0.077419 0.921896 0.000057
3 3 0.000037 0.000171 0.064813 0.934963 0.000016
3 3 0.001649 0.002013 0.113636 0.882310 0.000392
3 3 0.000103 0.000210 0.050938 0.948716 0.000033
3 3 0.000828 0.000854 0.065655 0.932448 0.000216
3 3 0.000484 0.000746 0.063524 0.935084 0.000162
3 3 0.004080 0.003991 0.185895 0.805367 0.000668
3 3 0.005123 0.003520 0.117114 0.873273 0.000970
3 3 0.000703 0.001002 0.072031 0.926044 0.000220
3 3 0.000322 0.000488 0.043260 0.955801 0.000129
3 3 0.000407 0.000658 0.093468 0.905370 0.000097
3 3 0.000391 0.000558 0.059705 0.939226 0.000120
3 3 0.002571 0.001728 0.048370 0.946513 0.000817
3 3 0.000874 0.000916 0.063085 0.934881 0.000244
3 3 0.002148 0.001599 0.058494 0.937150 0.000608
3 3 0.000358 0.000423 0.066197 0.932940 0.000081
3 3 0.001040 0.000955 0.046821 0.950838 0.000346
3 3 0.000492 0.000734 0.078826 0.919814 0.000133
3 3 0.000637 0.001099 0.126377 0.871743 0.000143
3 3 0.001573 0.001194 0.092453 0.904501 0.000279
3 3 0.000437 0.000643 0.047340 0.951407 0.000173
3 3 0.000812 0.000704 0.043585 0.954648 0.000251
3 3 0.000484 0.000678 0.063448 0.935242 0.000148
3 3 0.003651 0.004442 0.178481 0.812686 0.000739
3 3 0.008045 0.003947 0.058852 0.926875 0.002280
