0 0 0.962008 0.019072 0.008535 0.001144 0.009241
0 0 0.963993 0.021694 0.008157 0.001535 0.004620
0 0 0.864501 0.024761 0.011384 0.000175 0.099179
0 0 0.722820 0.049104 0.024461 0.001867 0.201748
4 0 0.139532 0.021915 0.011005 0.000519 0.827029
0 0 0.721645 0.048200 0.023289 0.002548 0.204318
0 0 0.947773 0.020518 0.008744 0.001079 0.021886
0 0 0.967334 0.015585 0.006430 0.001057 0.009594
0 0 0.813876 0.054403 0.028447 0.003067 0.100207
0 0 0.951286 0.019641 0.007753 0.000957 0.020362
4 0 0.374349 0.054289 0.030456 0.001363 0.539543
0 0 0.637667 0.052393 0.029310 0.000503 0.280126
0 0 0.857479 0.038281 0.018858 0.001025 0.084356
4 0 0.319022 0.102606 0.041662 0.000046 0.536663
4 0 0.353173 0.134044 0.067801 0.000319 0.444662
0 0 0.868665 0.047403 0.024533 0.002345 0.057054
0 0 0.809505 0.062357 0.034542 0.003508 0.090088
0 0 0.919956 0.027344 0.012646 0.000853 0.039201
0 0 0.861226 0.054957 0.029720 0.001277 0.052820
0 0 0.766541 0.080755 0.053885 0.002219 0.096600
0 0 0.782494 0.058284 0.031813 0.002063 0.125346
0 0 0.783733 0.089957 0.055041 0.015178 0.056091
0 0 0.939452 0.020677 0.009921 0.000115 0.029835
0 0 0.849783 0.071800 0.036102 0.006964 0.035352
0 0 0.627719 0.168571 0.082557 0.004906 0.116247
0 0 0.987012 0.006808 0.002482 0.000207 0.003491
0 0 0.599309 0.197459 0.079640 0.000902 0.122690
0 0 0.641723 0.070816 0.042863 0.001106 0.243493
0 0 0.853312 0.033413 0.016553 0.000368 0.096354
0 0 0.909563 0.032874 0.016118 0.001068 0.040377
0 0 0.935237 0.029249 0.014205 0.001566 0.019744
0 0 0.944473 0.022410 0.010186 0.000713 0.022218
1 0 0.329573 0.350619 0.147919 0.002077 0.169812
0 0 0.890852 0.040089 0.019685 0.002844 0.046530
0 0 0.584999 0.098386 0.046621 0.002857 0.267137
1 0 0.162395 0.642497 0.135137 0.000015 0.059957
1 0 0.048291 0.548791 0.319560 0.000735 0.082622
4 0 0.191466 0.344236 0.107426 0.000046 0.356825
0 0 0.605117 0.228647 0.132093 0.016850 0.017292
0 0 0.696758 0.197723 0.073522 0.004251 0.027745
0 0 0.731660 0.117308 0.055502 0.016980 0.078549
0 0 0.938879 0.033212 0.013949 0.001423 0.012537
0 0 0.862639 0.066332 0.032175 0.003246 0.035609
0 0 0.792562 0.133486 0.038449 0.000137 0.035366
0 0 0.778204 0.132774 0.036422 0.000024 0.052576
0 0 0.804332 0.125137 0.044743 0.003602 0.022186
0 0 0.920665 0.034267 0.015716 0.008326 0.021025
0 0 0.504470 0.288001 0.120823 0.002158 0.084548
0 0 0.795810 0.074445 0.042557 0.007828 0.079360
0 0 0.890052 0.047382 0.024309 0.006981 0.031276
0 0 0.861435 0.078362 0.030813 0.003535 0.025855
0 0 0.953631 0.015510 0.006275 0.000386 0.024198
0 0 0.928290 0.031096 0.014071 0.005702 0.020841
0 0 0.763736 0.052184 0.028914 0.000718 0.154448
0 0 0.887715 0.019427 0.007656 0.000438 0.084764
0 0 0.802704 0.048902 0.025091 0.001738 0.121565
0 0 0.878494 0.051126 0.027070 0.005536 0.037773
0 0 0.548353 0.236667 0.122827 0.050109 0.042043
0 0 0.908595 0.041601 0.020599 0.010735 0.018469
1 0 0.303192 0.472380 0.155184 0.000495 0.068749
0 0 0.545654 0.277784 0.112316 0.003588 0.060657
0 0 0.567644 0.139089 0.069356 0.000270 0.223641
0 0 0.791415 0.073303 0.041991 0.003977 0.089314
0 0 0.800855 0.124063 0.047116 0.016258 0.011708
0 0 0.917718 0.023395 0.011039 0.000202 0.047645
0 0 0.827863 0.101984 0.041834 0.009197 0.019122
0 0 0.892300 0.050512 0.023851 0.018950 0.014387
0 0 0.891336 0.046839 0.019580 0.000094 0.042151
0 0 0.942860 0.028027 0.013080 0.004403 0.011630
0 0 0.938655 0.030483 0.014320 0.001442 0.015099
0 0 0.937180 0.035470 0.015021 0.004113 0.008216
0 0 0.948707 0.017206 0.007324 0.000306 0.026456
0 0 0.593236 0.121653 0.079988 0.013737 0.191386
0 0 0.691478 0.188703 0.056415 0.000239 0.063165
0 0 0.930251 0.031591 0.015412 0.002192 0.020554
0 0 0.938750 0.034253 0.012939 0.000300 0.013758
0 0 0.856259 0.067222 0.032255 0.008159 0.036105
1 0 0.139208 0.421337 0.184122 0.000406 0.254926
0 0 0.546182 0.115585 0.054014 0.000423 0.283796
0 0 0.845956 0.060797 0.028192 0.005565 0.059491
0 0 0.887653 0.045247 0.022110 0.008727 0.036262
0 0 0.878520 0.082678 0.025900 0.000757 0.012145
0 0 0.586731 0.158687 0.161980 0.054369 0.038234
0 0 0.889757 0.052502 0.024108 0.001724 0.031909
0 0 0.948980 0.016780 0.007132 0.000266 0.026843
0 0 0.983349 0.008983 0.003201 0.000234 0.004232
0 0 0.892233 0.043676 0.019617 0.003640 0.040834
0 0 0.873134 0.052231 0.026613 0.011470 0.036551
1 0 0.157934 0.555835 0.171890 0.000577 0.113763
1 0 0.064432 0.417166 0.116048 0.000011 0.402343
2 0 0.235424 0.275288 0.284113 0.000781 0.204393
1 0 0.054771 0.567251 0.324594 0.000433 0.052952
4 0 0.321016 0.253616 0.074777 0.000022 0.350569
4 0 0.128626 0.341341 0.132977 0.000520 0.396535
1 0 0.067487 0.448120 0.164030 0.000495 0.319868
0 0 0.430818 0.333462 0.141546 0.059582 0.034592
0 0 0.839006 0.112951 0.033557 0.000747 0.013738
0 0 0.709868 0.193488 0.062652 0.001155 0.032837
0 0 0.813884 0.054632 0.027879 0.001794 0.101811
1 0 0.145533 0.641309 0.169611 0.000317 0.043230
1 0 0.316630 0.466461 0.127125 0.000507 0.089276
0 0 0.558290 0.201626 0.070640 0.000274 0.169170
1 0 0.241059 0.413815 0.139209 0.000190 0.205728
4 0 0.029596 0.380065 0.104561 0.000009 0.485768
4 1 0.024118 0.182367 0.045754 0.000002 0.747760
4 1 0.018826 0.287993 0.083897 0.000021 0.609263
4 1 0.031277 0.172040 0.047100 0.000003 0.749579
4 1 0.032702 0.251361 0.089491 0.000058 0.626389
4 1 0.032685 0.396139 0.075283 0.000000 0.495892
4 1 0.031911 0.200899 0.073040 0.000049 0.694100
4 1 0.024128 0.319650 0.062466 0.000001 0.593756
4 4 0.018807 0.025096 0.013487 0.000075 0.942536
4 4 0.020193 0.019086 0.007917 0.000004 0.952800
4 4 0.025944 0.029074 0.013075 0.000014 0.931892
4 4 0.018486 0.045295 0.018617 0.000019 0.917584
4 4 0.026932 0.059294 0.022742 0.000011 0.891021
4 4 0.027847 0.129151 0.051743 0.000064 0.791196
4 4 0.057301 0.367006 0.078740 0.000001 0.496953
4 4 0.019252 0.273532 0.074944 0.000005 0.632267
4 4 0.022290 0.283981 0.114685 0.000022 0.579022
4 4 0.025658 0.380302 0.076064 0.000001 0.517975
4 4 0.024224 0.242063 0.075243 0.000022 0.658448
4 4 0.025451 0.049548 0.023789 0.000066 0.901145
4 4 0.028478 0.127796 0.058417 0.000200 0.785109
4 4 0.024828 0.172514 0.051613 0.000008 0.751037
4 4 0.013766 0.186578 0.054595 0.000014 0.745046
4 4 0.011750 0.227193 0.045200 0.000001 0.715855
4 4 0.038211 0.139652 0.045689 0.000009 0.776440
4 4 0.017057 0.077287 0.033676 0.000090 0.871889
4 4 0.022766 0.172923 0.065987 0.000020 0.738304
4 4 0.037254 0.073386 0.027481 0.000010 0.861870
4 4 0.032343 0.074206 0.021614 0.000001 0.871836
1 4 0.020338 0.437547 0.172227 0.000084 0.369805
4 4 0.041020 0.365458 0.088923 0.000003 0.504596
4 4 0.016805 0.176976 0.085045 0.000043 0.721130
1 4 0.010094 0.410977 0.261012 0.000018 0.317899
4 4 0.024172 0.244074 0.169829 0.000022 0.561903
1 4 0.010549 0.527949 0.160940 0.000001 0.300560
1 4 0.007219 0.488043 0.184067 0.000006 0.320665
1 4 0.001842 0.441061 0.333473 0.000202 0.223423
1 4 0.003904 0.457433 0.390969 0.000555 0.147139
2 4 0.001885 0.377910 0.484046 0.000378 0.135781
2 4 0.002131 0.357157 0.455943 0.000672 0.184097
2 2 0.000649 0.228940 0.706998 0.000507 0.062906
2 2 0.005135 0.265694 0.655766 0.002345 0.071059
2 2 0.001945 0.185789 0.475911 0.012801 0.323554
2 2 0.000379 0.060517 0.905042 0.015081 0.018981
2 2 0.000009 0.004336 0.971335 0.022938 0.001383
2 2 0.000324 0.029336 0.914716 0.027816 0.027809
2 2 0.000030 0.008869 0.968147 0.015361 0.007593
2 2 0.000050 0.026293 0.959260 0.003720 0.010677
2 2 0.000014 0.005153 0.991601 0.002203 0.001029
2 2 0.000011 0.003840 0.992603 0.002265 0.001280
2 2 0.000009 0.003885 0.992004 0.002244 0.001858
2 2 0.000328 0.040917 0.909594 0.012567 0.036593
2 2 0.037980 0.186267 0.747160 0.024058 0.004535
2 2 0.002104 0.177452 0.673610 0.022516 0.124318
2 2 0.000067 0.014878 0.976688 0.001584 0.006782
2 2 0.000881 0.019798 0.972013 0.004777 0.002532
2 2 0.000168 0.007841 0.990773 0.000320 0.000898
2 2 0.000307 0.025137 0.961178 0.001176 0.012203
2 2 0.000149 0.003020 0.988777 0.007521 0.000533
2 2 0.000183 0.003264 0.984689 0.008758 0.003106
2 2 0.000128 0.001607 0.990021 0.008038 0.000205
2 2 0.003427 0.015528 0.947438 0.030908 0.002699
2 2 0.000349 0.003855 0.929554 0.065924 0.000319
2 2 0.002886 0.003637 0.927338 0.065848 0.000291
2 2 0.000573 0.009081 0.972190 0.009958 0.008198
2 2 0.000476 0.002072 0.722461 0.274951 0.000040
2 2 0.001238 0.003605 0.745949 0.249086 0.000122
2 2 0.000431 0.006489 0.904201 0.086457 0.002421
2 2 0.001939 0.004872 0.709009 0.283868 0.000312
2 2 0.000232 0.001754 0.756493 0.241429 0.000091
2 2 0.000334 0.008307 0.613535 0.374551 0.003273
2 3 0.000128 0.003888 0.903390 0.092428 0.000167
2 3 0.002257 0.009478 0.830524 0.157187 0.000553
2 3 0.000985 0.003654 0.787193 0.208080 0.000087
3 3 0.000021 0.000154 0.296689 0.703136 0.000000
3 3 0.000259 0.002363 0.480007 0.517227 0.000143
2 3 0.000051 0.002335 0.623360 0.373941 0.000313
3 3 0.000001 0.000042 0.184403 0.815553 0.000001
3 3 0.000983 0.001906 0.237868 0.759215 0.000028
3 3 0.000360 0.002736 0.374258 0.622237 0.000409
3 3 0.000196 0.002062 0.399288 0.598410 0.000045
3 3 0.000628 0.002503 0.165134 0.831488 0.000247
3 3 0.000070 0.001404 0.239731 0.758699 0.000095
3 3 0.000078 0.000567 0.361092 0.638256 0.000007
3 3 0.000271 0.002474 0.347583 0.649526 0.000146
3 3 0.000061 0.000244 0.089660 0.910034 0.000001
3 3 0.000014 0.000426 0.218222 0.781288 0.000050
3 3 0.000004 0.000064 0.133126 0.866805 0.000001
3 3 0.000047 0.000888 0.254528 0.744460 0.000077
3 3 0.000549 0.000855 0.056636 0.941939 0.000021
3 3 0.000690 0.002662 0.157369 0.839169 0.000110
3 3 0.000157 0.000976 0.079549 0.919251 0.000065
3 3 0.000100 0.000632 0.108620 0.890619 0.000029
3 3 0.000023 0.000094 0.035500 0.964381 0.000002
3 3 0.000163 0.001160 0.079580 0.918990 0.000107
3 3 0.000025 0.000385 0.066287 0.933227 0.000076
3 3 0.000022 0.000191 0.044927 0.954854 0.000006
3 3 0.000068 0.000825 0.172779 0.826295 0.000033
3 3 0.000066 0.000224 0.055935 0.943772 0.000003
3 3 0.000011 0.000152 0.094234 0.905599 0.000004
3 3 0.000038 0.000385 0.030475 0.969062 0.000041
3 3 0.000074 0.000690 0.083322 0.915862 0.000051
3 3 0.000025 0.000281 0.143531 0.856158 0.000006
3 3 0.000154 0.000631 0.028228 0.970928 0.000059
3 3 0.000002 0.000013 0.032749 0.967237 0.000000
3 3 0.000011 0.000085 0.028349 0.971552 0.000003
3 3 0.000000 0.000002 0.023782 0.976216 0.000000
3 3 0.000749 0.002504 0.082645 0.913788 0.000314
3 3 0.000005 0.000032 0.026501 0.973462 0.000000
3 3 0.000035 0.000204 0.050901 0.948858 0.000003
3 3 0.000173 0.001506 0.088444 0.909609 0.000268
3 3 0.000002 0.000084 0.074697 0.925212 0.000005
3 3 0.000104 0.000750 0.033211 0.965838 0.000097
3 3 0.000015 0.000167 0.101395 0.898421 0.000003
3 3 0.000012 0.000162 0.028598 0.971209 0.000019
3 3 0.000037 0.000257 0.048673 0.951023 0.000009
3 3 0.000105 0.000950 0.083233 0.915601 0.000112
3 3 0.000014 0.000051 0.011243 0.988691 0.000001
3 3 0.000002 0.000045 0.051226 0.948726 0.000001
3 3 0.000032 0.000512 0.033692 0.965584 0.000180
3 3 0.000039 0.000439 0.033851 0.965600 0.000070
3 3 0.000005 0.000092 0.058919 0.940981 0.000003
3 3 0.000019 0.000185 0.028408 0.971378 0.000010
3 3 0.000002 0.000043 0.016445 0.983505 0.000004
3 3 0.000559 0.001650 0.046717 0.950930 0.000143
3 3 0.000093 0.000845 0.048469 0.950471 0.000124
3 3 0.000007 0.000059 0.025724 0.974208 0.000002
3 3 0.000001 0.000016 0.050378 0.949606 0.000000
3 3 0.000014 0.000102 0.028460 0.971420 0.000003
3 3 0.000496 0.000832 0.005996 0.992402 0.000274
3 3 0.001675 0.015526 0.184201 0.794778 0.003820
3 3 0.000268 0.002229 0.086250 0.911009 0.000244
3 3 0.002362 0.027783 0.265002 0.697333 0.007522
2 3 0.001919 0.018488 0.557905 0.418126 0.003562
2 3 0.001151 0.009810 0.772637 0.214610 0.001792
2 3 0.002952 0.026555 0.803916 0.162425 0.004151
2 3 0.001331 0.012975 0.785259 0.199900 0.000535
2 2 0.006148 0.091329 0.663714 0.153271 0.085538
2 2 0.002758 0.020693 0.606996 0.359731 0.009823
2 2 0.003689 0.036239 0.774698 0.170680 0.014694
2 2 0.003987 0.042074 0.708737 0.230671 0.014531
3 2 0.001915 0.008257 0.492477 0.495416 0.001934
2 2 0.000625 0.007822 0.861945 0.126447 0.003160
2 2 0.083448 0.073357 0.544079 0.292285 0.006831
3 2 0.032794 0.129213 0.341447 0.476543 0.020003
2 2 0.000972 0.007928 0.734472 0.256218 0.000410
2 2 0.001098 0.004920 0.786181 0.207577 0.000224
2 2 0.007512 0.100687 0.719258 0.164786 0.007758
2 2 0.000347 0.004311 0.562949 0.432146 0.000247
2 2 0.002278 0.023062 0.755443 0.215421 0.003796
2 2 0.002054 0.008837 0.841517 0.146672 0.000920
2 2 0.001553 0.008243 0.739500 0.249775 0.000929
2 2 0.001239 0.010155 0.583623 0.403340 0.001642
2 2 0.001418 0.001828 0.617379 0.379357 0.000018
2 2 0.001158 0.012931 0.773697 0.209042 0.003172
2 2 0.000679 0.003052 0.567130 0.428998 0.000142
2 2 0.000165 0.002863 0.923213 0.073419 0.000340
2 2 0.004226 0.015721 0.509838 0.467318 0.002897
2 2 0.000177 0.001115 0.577326 0.421374 0.000008
2 2 0.014388 0.037061 0.764420 0.176351 0.007780
2 2 0.002517 0.013618 0.910776 0.070819 0.002270
2 2 0.001145 0.022373 0.959274 0.011132 0.006077
2 2 0.005984 0.038619 0.821536 0.128299 0.005563
2 2 0.001931 0.020373 0.930348 0.043996 0.003352
2 2 0.001824 0.055736 0.848865 0.050143 0.043431
2 2 0.002423 0.026631 0.881282 0.076426 0.013238
2 2 0.000879 0.033681 0.927208 0.010880 0.027352
2 2 0.002229 0.024341 0.923746 0.039548 0.010137
2 2 0.000984 0.009503 0.977587 0.008716 0.003210
2 2 0.010148 0.031229 0.729819 0.218481 0.010323
2 2 0.008239 0.034515 0.662028 0.284272 0.010947
2 2 0.007716 0.028414 0.855955 0.101884 0.006031
3 2 0.056617 0.042038 0.449683 0.450888 0.000774
2 2 0.016176 0.091860 0.564663 0.322580 0.004722
2 2 0.003725 0.052901 0.648464 0.291464 0.003447
2 2 0.001157 0.012183 0.642368 0.342495 0.001798
2 2 0.002724 0.051921 0.876855 0.047172 0.021329
2 2 0.001245 0.021697 0.947743 0.020687 0.008627
2 2 0.000176 0.020391 0.967421 0.005944 0.006068
2 2 0.001998 0.010472 0.945588 0.037365 0.004578
2 2 0.002190 0.017213 0.925120 0.048133 0.007344
2 2 0.000320 0.033905 0.943718 0.001871 0.020186
2 2 0.001507 0.009170 0.928434 0.060455 0.000434
2 2 0.000893 0.014302 0.962308 0.013327 0.009171
2 2 0.004636 0.025863 0.881743 0.079818 0.007940
2 2 0.001868 0.035354 0.869600 0.061571 0.031608
2 2 0.000173 0.006373 0.951658 0.039266 0.002530
2 2 0.001622 0.022555 0.944829 0.019592 0.011401
2 2 0.001407 0.008738 0.900123 0.086438 0.003294
2 2 0.001429 0.018487 0.893819 0.077371 0.008894
2 2 0.002608 0.015307 0.900235 0.078578 0.003272
2 2 0.001278 0.009619 0.789493 0.198273 0.001337
2 2 0.003603 0.026943 0.694149 0.268975 0.006330
2 2 0.016500 0.021012 0.776724 0.185073 0.000690
3 2 0.009675 0.026029 0.285901 0.677823 0.000573
2 2 0.001478 0.023025 0.577854 0.390345 0.007298
2 2 0.014149 0.026922 0.600626 0.357102 0.001200
2 2 0.012299 0.057501 0.846739 0.078161 0.005300
2 0 0.175585 0.201802 0.590381 0.020556 0.011676
0 0 0.531448 0.187112 0.206887 0.058638 0.015914
0 0 0.816016 0.107269 0.046163 0.004202 0.026349
0 0 0.522278 0.157302 0.188216 0.062213 0.069992
2 0 0.213707 0.193834 0.390347 0.194713 0.007399
1 0 0.126474 0.488163 0.244820 0.000842 0.139701
1 0 0.017547 0.398586 0.279899 0.001234 0.302733
2 0 0.210229 0.213638 0.386945 0.077557 0.111632
0 0 0.970032 0.016690 0.005634 0.000075 0.007569
0 0 0.475919 0.178257 0.065990 0.000451 0.279382
1 0 0.152255 0.488682 0.178524 0.000618 0.179920
1 0 0.030694 0.522772 0.223694 0.001607 0.221234
1 1 0.014943 0.575584 0.201577 0.000104 0.207792
2 1 0.007608 0.314434 0.426848 0.011336 0.239775
1 1 0.009047 0.386043 0.379719 0.000511 0.224678
2 1 0.006906 0.352827 0.406866 0.005585 0.227816
1 0 0.115592 0.524141 0.288537 0.001038 0.070692
1 0 0.097636 0.493886 0.184386 0.000647 0.223444
2 0 0.004644 0.269230 0.640640 0.005088 0.080397
1 0 0.093424 0.521339 0.310020 0.004019 0.071198
1 1 0.150918 0.640959 0.173854 0.001976 0.032294
1 1 0.030740 0.424061 0.330789 0.000231 0.214179
1 1 0.020668 0.420581 0.238526 0.000409 0.319817
1 1 0.026583 0.432730 0.282706 0.005990 0.251992
2 1 0.006904 0.313223 0.500438 0.001395 0.178040
2 1 0.005610 0.122644 0.791514 0.024926 0.055307
2 1 0.003089 0.231169 0.660896 0.007531 0.097315
2 1 0.001471 0.133505 0.784895 0.014956 0.065174
2 1 0.001733 0.140386 0.791133 0.005711 0.061036
2 1 0.001905 0.125275 0.825846 0.007755 0.039218
1 1 0.104696 0.406678 0.400860 0.001425 0.086340
1 1 0.135535 0.572969 0.208530 0.002498 0.080467
1 2 0.039035 0.362810 0.359624 0.000753 0.237778
2 2 0.003113 0.233318 0.634804 0.010456 0.118309
2 2 0.009284 0.324242 0.398946 0.007373 0.260155
2 2 0.009243 0.307205 0.446501 0.015453 0.221598
2 2 0.001913 0.190685 0.723729 0.004106 0.079568
2 2 0.000773 0.058456 0.876998 0.009968 0.053805
2 2 0.000877 0.082286 0.889348 0.000588 0.026900
2 2 0.000357 0.028602 0.951818 0.003401 0.015822
2 2 0.001149 0.109593 0.854415 0.001028 0.033815
2 2 0.000447 0.021897 0.966407 0.001167 0.010082
2 2 0.053769 0.161650 0.725281 0.056220 0.003080
1 2 0.009850 0.428346 0.362408 0.001414 0.197981
2 2 0.031722 0.387482 0.470595 0.014627 0.095574
2 2 0.015061 0.275988 0.682489 0.007809 0.018654
2 2 0.034526 0.291766 0.610420 0.030977 0.032311
2 2 0.001166 0.092304 0.859708 0.001044 0.045778
2 2 0.024472 0.139328 0.751441 0.048694 0.036065
1 2 0.030193 0.520888 0.302946 0.002086 0.143888
2 2 0.003420 0.102804 0.807394 0.008078 0.078303
2 2 0.006912 0.260408 0.652735 0.011610 0.068336
2 2 0.002438 0.227752 0.691468 0.005201 0.073141
2 2 0.007215 0.231361 0.713878 0.007061 0.040485
2 2 0.008022 0.263583 0.642326 0.015987 0.070083
2 2 0.021443 0.341402 0.525531 0.028141 0.083483
2 2 0.008815 0.301725 0.433148 0.016090 0.240223
2 2 0.002403 0.072037 0.868234 0.028463 0.028864
2 2 0.001759 0.068000 0.831920 0.013250 0.085070
2 2 0.000671 0.087074 0.831291 0.038114 0.042851
2 2 0.000899 0.058728 0.898618 0.006365 0.035390
2 2 0.002955 0.175525 0.661164 0.002665 0.157691
2 2 0.000872 0.105801 0.801719 0.004122 0.087486
2 2 0.001303 0.075050 0.864228 0.002258 0.057161
1 1 0.110855 0.344378 0.320558 0.003259 0.220950
1 1 0.250017 0.433863 0.173484 0.003192 0.139444
1 1 0.133203 0.472512 0.213321 0.005127 0.175837
1 1 0.040317 0.641432 0.214656 0.000781 0.102815
4 1 0.035994 0.374193 0.124559 0.000055 0.465199
1 1 0.022241 0.451865 0.306323 0.000045 0.219526
4 1 0.038774 0.230440 0.082416 0.000044 0.648325
4 4 0.030379 0.121707 0.043441 0.000019 0.804454
4 4 0.019593 0.179016 0.065756 0.000073 0.735562
4 4 0.029416 0.038339 0.021583 0.000153 0.910509
4 4 0.023884 0.191148 0.080399 0.000225 0.704343
4 4 0.030418 0.031939 0.023341 0.000430 0.913872
4 4 0.022216 0.134797 0.048824 0.000035 0.794128
4 4 0.115737 0.110309 0.064210 0.000865 0.708879
4 4 0.017692 0.101635 0.036092 0.000022 0.844559
4 4 0.058204 0.029708 0.020394 0.000583 0.891111
4 4 0.028575 0.049364 0.028748 0.000335 0.892978
4 4 0.030978 0.069181 0.029488 0.000034 0.870319
4 4 0.030419 0.103475 0.043350 0.000059 0.822696
4 4 0.042530 0.017244 0.011438 0.000113 0.928675
4 4 0.025645 0.098242 0.058430 0.001507 0.816176
4 4 0.030244 0.028700 0.017243 0.000160 0.923653
4 4 0.041002 0.026753 0.019213 0.000522 0.912510
4 4 0.025951 0.060854 0.024303 0.000018 0.888873
4 4 0.044412 0.145366 0.042716 0.000003 0.767503
4 4 0.045012 0.020735 0.013600 0.000317 0.920334
4 4 0.029687 0.015510 0.010461 0.000156 0.944186
4 4 0.023934 0.014549 0.009735 0.000161 0.951621
4 4 0.047286 0.036287 0.027035 0.001150 0.888242
4 4 0.025405 0.270470 0.094687 0.000033 0.609405
4 4 0.015733 0.310939 0.104706 0.000019 0.568603
4 4 0.035307 0.108010 0.047058 0.000078 0.809546
4 4 0.027325 0.064450 0.039873 0.000965 0.867387
4 4 0.019513 0.286527 0.184091 0.000117 0.509752
4 4 0.036903 0.065853 0.032730 0.000103 0.864411
4 4 0.026618 0.256960 0.081604 0.000000 0.634817
4 4 0.009219 0.324365 0.220074 0.000093 0.446250
4 4 0.012387 0.301990 0.131599 0.000003 0.554022
4 2 0.013514 0.334479 0.245176 0.001317 0.405514
4 2 0.017000 0.301918 0.255996 0.000384 0.424702
2 2 0.011293 0.310343 0.454582 0.003510 0.220272
4 2 0.017767 0.271300 0.105091 0.000260 0.605581
1 2 0.032627 0.357715 0.333132 0.003283 0.273242
4 2 0.008218 0.350035 0.176505 0.000018 0.465223
2 2 0.002510 0.313168 0.371383 0.003404 0.309535
2 2 0.001497 0.144397 0.760587 0.014874 0.078645
2 2 0.005090 0.306226 0.427123 0.003070 0.258491
1 2 0.015378 0.413568 0.362057 0.000341 0.208655
2 2 0.007383 0.376786 0.377686 0.004194 0.233952
2 2 0.000349 0.043472 0.926127 0.006186 0.023864
2 2 0.002681 0.219786 0.743533 0.000554 0.033447
1 2 0.013189 0.464981 0.359293 0.001932 0.160606
1 2 0.006131 0.416258 0.414986 0.001199 0.161426
2 2 0.001058 0.176190 0.698858 0.001048 0.122846
2 0 0.020830 0.067195 0.839676 0.069450 0.002849
2 0 0.129617 0.193522 0.631419 0.031756 0.013686
2 0 0.078627 0.348905 0.488328 0.024713 0.059427
1 0 0.243919 0.394761 0.138691 0.001519 0.221110
4 1 0.026273 0.359979 0.133902 0.000192 0.479654
1 1 0.014541 0.427745 0.273679 0.002588 0.281448
1 1 0.016336 0.460575 0.284586 0.002065 0.236438
2 1 0.005854 0.340635 0.414171 0.000206 0.239134
2 1 0.006364 0.207019 0.613361 0.001444 0.171812
1 1 0.008354 0.461589 0.298124 0.000478 0.231456
2 2 0.002043 0.199666 0.649940 0.009128 0.139224
2 2 0.005138 0.341264 0.492160 0.003981 0.157457
2 2 0.000290 0.059761 0.918451 0.009645 0.011853
2 2 0.028003 0.273852 0.537244 0.002057 0.158844
2 2 0.000905 0.126521 0.802126 0.015049 0.055399
2 2 0.000365 0.039751 0.943409 0.003046 0.013429
2 2 0.001859 0.183150 0.717246 0.000494 0.097251
2 2 0.001928 0.082918 0.838549 0.007655 0.068950
2 2 0.000205 0.015247 0.972596 0.001071 0.010881
2 2 0.002111 0.056665 0.916359 0.018355 0.006510
2 2 0.015479 0.351429 0.595907 0.003931 0.033254
2 2 0.002488 0.124039 0.799829 0.033318 0.040325
2 2 0.000844 0.051557 0.898750 0.005971 0.042878
2 2 0.005499 0.100318 0.780421 0.074231 0.039532
2 2 0.000400 0.010016 0.981844 0.001178 0.006562
2 2 0.001576 0.050538 0.917100 0.013763 0.017023
2 2 0.000862 0.059194 0.890450 0.005325 0.044170
2 2 0.002334 0.070325 0.889538 0.008929 0.028874
2 2 0.001050 0.068873 0.904400 0.005235 0.020443
2 2 0.006204 0.141718 0.802527 0.003779 0.045773
2 2 0.010035 0.177558 0.768731 0.002640 0.041035
2 2 0.001061 0.038176 0.946979 0.002737 0.011046
2 2 0.000596 0.059565 0.925279 0.000979 0.013581
2 2 0.000327 0.017833 0.960262 0.019123 0.002454
2 2 0.000898 0.048896 0.932722 0.008149 0.009335
2 2 0.000717 0.049192 0.931293 0.000789 0.018010
2 2 0.000375 0.024639 0.959810 0.006817 0.008360
2 2 0.002557 0.092685 0.855567 0.003302 0.045889
2 2 0.000439 0.013783 0.965295 0.013277 0.007206
2 2 0.022906 0.092518 0.718120 0.157122 0.009334
2 2 0.014044 0.067232 0.835768 0.080439 0.002517
2 2 0.031831 0.153857 0.742899 0.000586 0.070827
2 2 0.000274 0.026672 0.946024 0.000526 0.026506
2 2 0.000363 0.031158 0.945533 0.000909 0.022037
2 2 0.000052 0.006937 0.984911 0.004130 0.003970
2 2 0.000532 0.025510 0.943645 0.004896 0.025416
2 2 0.001942 0.038141 0.941649 0.004368 0.013900
2 2 0.001023 0.014129 0.961770 0.016453 0.006625
2 2 0.000298 0.019564 0.959108 0.004980 0.016050
2 2 0.000318 0.031260 0.943310 0.001429 0.023683
2 2 0.000079 0.006957 0.981710 0.006114 0.005140
2 2 0.000413 0.013494 0.972169 0.007935 0.005988
2 2 0.000314 0.027590 0.932161 0.006788 0.033147
2 2 0.001914 0.023659 0.926739 0.031281 0.016407
2 2 0.000282 0.002904 0.981596 0.013911 0.001307
2 2 0.000878 0.002658 0.813162 0.183266 0.000036
2 2 0.001611 0.010083 0.980191 0.004575 0.003539
2 2 0.000157 0.006637 0.962888 0.025134 0.005185
2 2 0.000604 0.012980 0.903026 0.076069 0.007321
2 2 0.004965 0.025660 0.820177 0.121362 0.027837
3 2 0.000787 0.005346 0.346018 0.647462 0.000387
2 2 0.000746 0.005389 0.623009 0.370499 0.000357
2 2 0.083799 0.104101 0.586046 0.222972 0.003081
2 2 0.138024 0.215111 0.588556 0.029830 0.028479
2 2 0.024191 0.357854 0.539018 0.013091 0.065847
2 2 0.009083 0.213911 0.618744 0.064766 0.093496
2 2 0.008071 0.191612 0.691331 0.015291 0.093695
2 2 0.000905 0.070368 0.893848 0.019071 0.015808
2 2 0.000635 0.008293 0.966716 0.023867 0.000490
2 2 0.006996 0.121125 0.845453 0.004426 0.022000
2 2 0.020992 0.214037 0.741630 0.009473 0.013867
2 2 0.001189 0.106497 0.824855 0.007256 0.060203
2 2 0.001856 0.053007 0.914998 0.026943 0.003196
2 2 0.000130 0.020677 0.955913 0.005162 0.018117
2 2 0.000309 0.014913 0.974424 0.004552 0.005801
2 2 0.000113 0.008609 0.984297 0.002177 0.004804
2 2 0.000275 0.018573 0.971051 0.002779 0.007322
2 2 0.000106 0.023661 0.953822 0.004855 0.017556
2 2 0.000155 0.018636 0.967043 0.000067 0.014098
2 2 0.000189 0.015584 0.970970 0.000506 0.012751
2 2 0.000022 0.004829 0.987105 0.004681 0.003364
2 2 0.000519 0.017167 0.966120 0.000517 0.015678
2 2 0.001668 0.029952 0.940310 0.001276 0.026794
2 2 0.000596 0.044998 0.919258 0.000732 0.034417
2 2 0.001786 0.011700 0.961269 0.016577 0.008668
2 2 0.000182 0.013593 0.971058 0.000358 0.014809
2 2 0.000712 0.004732 0.941296 0.050857 0.002402
2 2 0.000834 0.028676 0.933285 0.020579 0.016626
2 2 0.001642 0.072645 0.833209 0.025539 0.066964
2 2 0.000604 0.010017 0.945922 0.040289 0.003168
3 2 0.033729 0.047351 0.367034 0.549946 0.001939
2 2 0.021889 0.175198 0.707285 0.085848 0.009780
2 2 0.011337 0.075969 0.817940 0.087744 0.007009
2 2 0.005399 0.038216 0.789561 0.161351 0.005473
2 2 0.012442 0.224466 0.721141 0.022605 0.019346
2 2 0.088210 0.335571 0.512790 0.042650 0.020779
2 2 0.004338 0.206835 0.642027 0.012241 0.134558
2 2 0.002234 0.063930 0.868739 0.033881 0.031215
2 2 0.000257 0.015306 0.878239 0.101541 0.004657
2 2 0.001087 0.013287 0.968869 0.015748 0.001010
2 2 0.000538 0.062694 0.897249 0.008800 0.030719
2 2 0.000148 0.011239 0.983993 0.003136 0.001484
2 2 0.003385 0.084733 0.887702 0.013078 0.011102
2 2 0.011530 0.081424 0.839003 0.049885 0.018158
1 2 0.051805 0.512626 0.380958 0.001057 0.053553
2 2 0.006173 0.303085 0.596540 0.006007 0.088195
1 2 0.070767 0.509039 0.397432 0.002002 0.020760
4 2 0.021578 0.382941 0.176132 0.001066 0.418283
2 2 0.015121 0.390346 0.440488 0.007299 0.146746
2 2 0.003599 0.083282 0.871830 0.029637 0.011653
2 2 0.000640 0.038334 0.840217 0.110955 0.009854
2 2 0.001552 0.055174 0.929228 0.001960 0.012086
2 2 0.000272 0.018462 0.964998 0.013877 0.002391
2 2 0.000519 0.018339 0.961354 0.016373 0.003415
2 2 0.000425 0.030322 0.964660 0.000499 0.004095
2 2 0.003121 0.059108 0.921038 0.013583 0.003151
2 2 0.009053 0.033949 0.918050 0.038104 0.000844
2 2 0.001571 0.153139 0.769616 0.013584 0.062091
2 2 0.001711 0.020841 0.875412 0.094701 0.007335
2 2 0.000971 0.029598 0.958099 0.007359 0.003973
2 2 0.000137 0.005663 0.971283 0.021402 0.001515
2 2 0.000916 0.077888 0.884100 0.003050 0.034047
2 2 0.000981 0.033113 0.946293 0.000226 0.019387
2 2 0.000201 0.020421 0.974876 0.000500 0.004002
2 2 0.000339 0.027342 0.952046 0.003228 0.017045
2 2 0.000304 0.013032 0.981116 0.001915 0.003632
2 2 0.000984 0.048458 0.901410 0.022755 0.026393
2 2 0.000114 0.020659 0.959020 0.005526 0.014680
2 2 0.000875 0.028389 0.953669 0.005016 0.012051
2 2 0.000338 0.021392 0.928381 0.038793 0.011096
2 2 0.000702 0.022176 0.949191 0.002227 0.025705
2 2 0.001146 0.016162 0.908786 0.072962 0.000943
2 2 0.000345 0.018601 0.942530 0.022350 0.016174
2 2 0.001320 0.006424 0.978584 0.013427 0.000245
2 2 0.002020 0.089634 0.784292 0.056494 0.067560
2 2 0.006482 0.033131 0.876387 0.082131 0.001871
2 2 0.000713 0.022863 0.964290 0.005717 0.006416
2 2 0.004926 0.038646 0.862825 0.076451 0.017152
2 2 0.000263 0.009813 0.977631 0.009680 0.002613
2 2 0.000757 0.028749 0.931154 0.000214 0.039125
2 2 0.001040 0.013682 0.949378 0.024126 0.011774
2 2 0.005295 0.041058 0.903599 0.032274 0.017773
2 2 0.003160 0.013800 0.952268 0.028890 0.001881
2 2 0.001430 0.042589 0.866027 0.048923 0.041030
2 2 0.006627 0.007281 0.925433 0.057342 0.003316
3 2 0.061025 0.083229 0.393815 0.450798 0.011133
2 2 0.002513 0.018555 0.961134 0.008921 0.008877
2 2 0.000385 0.019740 0.915864 0.050970 0.013042
2 2 0.000368 0.006422 0.956330 0.036403 0.000477
2 2 0.001502 0.029879 0.943228 0.011562 0.013828
2 2 0.001980 0.019564 0.965556 0.004445 0.008455
2 2 0.002804 0.022770 0.860251 0.105120 0.009056
2 2 0.000687 0.010508 0.949567 0.036524 0.002712
2 2 0.001389 0.024890 0.919568 0.045299 0.008854
3 2 0.001200 0.001661 0.303045 0.694084 0.000010
2 2 0.129051 0.091812 0.471719 0.295159 0.012259
3 2 0.019866 0.074987 0.401682 0.498727 0.004738
2 2 0.008977 0.030948 0.786732 0.167459 0.005884
2 2 0.003371 0.053583 0.821985 0.109713 0.011349
2 2 0.000740 0.006617 0.950821 0.040984 0.000839
2 2 0.000516 0.002476 0.962435 0.034429 0.000144
2 2 0.000030 0.000915 0.720645 0.278376 0.000034
2 2 0.012224 0.018698 0.800052 0.168639 0.000388
2 2 0.001468 0.005919 0.789698 0.202241 0.000673
2 2 0.001442 0.008744 0.925723 0.063433 0.000659
2 2 0.000789 0.009600 0.828048 0.159438 0.002126
2 2 0.003619 0.031117 0.882842 0.074185 0.008237
2 2 0.012731 0.197161 0.559855 0.019074 0.211179
2 2 0.001138 0.067829 0.886336 0.020604 0.024093
2 2 0.007470 0.097795 0.791492 0.063102 0.040141
4 2 0.011727 0.104758 0.393669 0.030633 0.459211
2 2 0.002695 0.132748 0.736636 0.005327 0.122595
4 4 0.020103 0.008309 0.005232 0.000041 0.966315
4 4 0.051935 0.030127 0.018829 0.000145 0.898964
4 4 0.013343 0.014251 0.010247 0.000532 0.961628
4 4 0.040372 0.009203 0.005012 0.000058 0.945355
4 4 0.083384 0.040662 0.028412 0.000895 0.846647
4 4 0.023072 0.090949 0.057267 0.002448 0.826264
4 4 0.028516 0.077858 0.053185 0.003142 0.837300
4 4 0.024263 0.019417 0.012799 0.000231 0.943290
4 4 0.031658 0.015490 0.009891 0.000271 0.942691
4 4 0.020531 0.013136 0.008927 0.000180 0.957226
4 4 0.257378 0.130263 0.080060 0.004068 0.528230
4 4 0.017177 0.010145 0.006712 0.000107 0.965858
4 4 0.020027 0.008537 0.005402 0.000045 0.965988
4 4 0.035397 0.016719 0.010713 0.000278 0.936892
4 4 0.083100 0.046203 0.032410 0.001807 0.836481
4 4 0.052731 0.012679 0.007521 0.000046 0.927024
4 4 0.028889 0.015263 0.010284 0.000157 0.945407
4 4 0.153336 0.064775 0.043797 0.003315 0.734776
4 4 0.040347 0.035771 0.021052 0.000147 0.902683
4 4 0.024469 0.088399 0.043084 0.000183 0.843865
1 4 0.036255 0.403583 0.332423 0.009383 0.218357
4 4 0.022315 0.086506 0.047937 0.000734 0.842506
4 4 0.023904 0.174373 0.082346 0.000546 0.718832
4 4 0.016202 0.069255 0.045116 0.002942 0.866485
4 4 0.024979 0.080262 0.055038 0.003918 0.835803
4 4 0.025282 0.162275 0.064395 0.000095 0.747953
4 4 0.046544 0.254604 0.049821 0.000000 0.649031
4 4 0.024242 0.084059 0.028760 0.000008 0.862931
4 4 0.007641 0.301650 0.279216 0.000544 0.410949
4 4 0.029315 0.034686 0.025877 0.001631 0.908491
4 4 0.016247 0.143196 0.070152 0.000798 0.769606
1 4 0.026862 0.379314 0.236000 0.000095 0.357729
4 4 0.055805 0.059524 0.029102 0.000055 0.855514
4 4 0.031212 0.022449 0.012185 0.000040 0.934114
4 4 0.036608 0.021631 0.015138 0.000318 0.926305
4 4 0.069134 0.072505 0.048210 0.000891 0.809260
4 4 0.040731 0.134074 0.059122 0.000110 0.765963
4 4 0.044791 0.014792 0.009508 0.000061 0.930847
4 4 0.038903 0.043488 0.024152 0.000128 0.893329
4 4 0.097266 0.030543 0.019781 0.000304 0.852106
4 4 0.026196 0.015641 0.009575 0.000075 0.948514
4 4 0.059627 0.013177 0.007730 0.000046 0.919421
4 4 0.020351 0.007961 0.004949 0.000037 0.966702
4 4 0.024305 0.007651 0.004624 0.000024 0.963396
4 4 0.020769 0.006148 0.003665 0.000014 0.969405
4 4 0.038770 0.053071 0.030758 0.000268 0.877133
4 4 0.037402 0.050530 0.027754 0.000157 0.884157
4 4 0.026370 0.007219 0.004226 0.000021 0.962163
4 4 0.074044 0.014277 0.008263 0.000044 0.903372
4 4 0.028348 0.010058 0.006326 0.000040 0.955227
4 4 0.044304 0.013771 0.008692 0.000055 0.933178
4 4 0.048537 0.056567 0.038876 0.001110 0.854910
4 4 0.027730 0.021866 0.015752 0.000556 0.934097
4 4 0.037894 0.033160 0.024121 0.000927 0.903898
4 4 0.020666 0.023076 0.013482 0.000124 0.942652
4 4 0.024637 0.065450 0.030549 0.000087 0.879277
4 4 0.051803 0.029813 0.021333 0.000483 0.896567
4 4 0.013098 0.202402 0.086732 0.000536 0.697231
4 4 0.063220 0.077243 0.045893 0.000580 0.813064
4 4 0.016851 0.271834 0.102571 0.000218 0.608526
4 4 0.010811 0.172627 0.140960 0.000146 0.675456
4 4 0.012585 0.267625 0.243864 0.000707 0.475220
4 4 0.020437 0.203405 0.136528 0.002561 0.637068
4 4 0.023300 0.104954 0.042057 0.000053 0.829636
1 4 0.171557 0.331616 0.154756 0.013063 0.329009
4 4 0.008659 0.254233 0.178524 0.000733 0.557852
4 4 0.012425 0.187614 0.075410 0.000279 0.724271
4 4 0.019951 0.146143 0.075685 0.001109 0.757112
4 4 0.018960 0.237039 0.095644 0.000281 0.648076
4 4 0.020018 0.306307 0.110987 0.000019 0.562668
4 4 0.019366 0.231296 0.093877 0.000279 0.655182
4 4 0.016666 0.282712 0.100459 0.000137 0.600025
4 4 0.013198 0.361570 0.198341 0.000127 0.426764
1 4 0.022676 0.449744 0.131414 0.000036 0.396130
1 4 0.012092 0.407518 0.237656 0.000224 0.342510
2 4 0.004662 0.312099 0.442171 0.001242 0.239825
4 4 0.014493 0.343470 0.177413 0.000137 0.464486
2 4 0.013703 0.291817 0.494623 0.002114 0.197743
4 4 0.018778 0.234566 0.132967 0.000194 0.613495
1 4 0.064185 0.419567 0.175049 0.001007 0.340192
4 4 0.020075 0.350216 0.181833 0.000159 0.447717
1 4 0.016687 0.404561 0.187868 0.002635 0.388249
2 1 0.002152 0.353100 0.360009 0.000244 0.284495
2 1 0.001107 0.255500 0.541412 0.003553 0.198428
2 1 0.001305 0.169603 0.703197 0.014564 0.111331
2 2 0.000382 0.077116 0.832537 0.012473 0.077492
1 2 0.003602 0.359481 0.346097 0.000040 0.290780
2 2 0.004207 0.277275 0.404146 0.010329 0.304043
2 2 0.003063 0.222833 0.517364 0.001844 0.254896
4 2 0.006485 0.268767 0.327079 0.001739 0.395930
2 2 0.000266 0.049735 0.922086 0.000027 0.027887
2 2 0.001532 0.120055 0.749534 0.005048 0.123830
2 2 0.000111 0.028414 0.941285 0.003464 0.026726
2 2 0.000194 0.014905 0.971057 0.002442 0.011402
2 2 0.000710 0.027718 0.949325 0.000288 0.021958
2 2 0.002318 0.151071 0.754330 0.012961 0.079321
2 2 0.000760 0.066555 0.857353 0.002352 0.072980
2 2 0.006400 0.311372 0.534059 0.001116 0.147053
2 2 0.000803 0.066688 0.900656 0.000342 0.031511
2 2 0.001038 0.130918 0.797476 0.003675 0.066892
2 2 0.000875 0.073713 0.875246 0.033439 0.016726
2 2 0.009358 0.271948 0.641964 0.014006 0.062724
2 2 0.017018 0.316181 0.401973 0.002481 0.262348
0 2 0.343652 0.340594 0.156891 0.019538 0.139326
1 2 0.022037 0.545103 0.186550 0.000026 0.246284
1 2 0.017173 0.477281 0.229452 0.001571 0.274523
2 2 0.005229 0.296369 0.502477 0.005259 0.190665
2 2 0.006615 0.288737 0.542046 0.011313 0.151288
2 2 0.002019 0.158126 0.735929 0.000723 0.103203
2 2 0.000680 0.036935 0.941487 0.000054 0.020844
2 2 0.000119 0.039198 0.939359 0.000896 0.020428
2 2 0.000280 0.017593 0.969319 0.000991 0.011817
2 2 0.000043 0.004888 0.993109 0.000136 0.001824
2 2 0.001043 0.055659 0.899297 0.000130 0.043871
2 2 0.040290 0.410783 0.523636 0.006365 0.018926
2 2 0.017272 0.379745 0.410275 0.010796 0.181912
2 2 0.004242 0.288933 0.553785 0.006840 0.146201
2 2 0.001911 0.171614 0.723954 0.003562 0.098960
2 2 0.001564 0.145551 0.779191 0.001568 0.072126
2 2 0.005729 0.201443 0.670677 0.007238 0.114914
2 2 0.000819 0.047670 0.931086 0.001889 0.018536
2 2 0.000994 0.081919 0.892315 0.001458 0.023314
2 2 0.004539 0.297891 0.623655 0.001464 0.072451
2 2 0.000360 0.031777 0.942969 0.014185 0.010710
2 2 0.002148 0.234445 0.661663 0.000417 0.101326
2 2 0.000400 0.041673 0.930826 0.006043 0.021059
2 2 0.016671 0.368452 0.442850 0.000040 0.171987
2 2 0.007120 0.342077 0.380836 0.003586 0.266381
2 2 0.023362 0.388665 0.391633 0.007017 0.189324
1 1 0.008437 0.367639 0.322535 0.003602 0.297788
2 1 0.002629 0.153078 0.666453 0.002302 0.175539
1 1 0.016033 0.413268 0.200017 0.000068 0.370614
1 1 0.032517 0.544891 0.251635 0.000015 0.170941
2 1 0.003746 0.276903 0.565061 0.000891 0.153400
2 2 0.005551 0.237314 0.426448 0.002981 0.327706
2 2 0.002462 0.123894 0.809086 0.019343 0.045215
2 2 0.002903 0.131577 0.777963 0.020730 0.066826
2 2 0.004037 0.074461 0.845886 0.003180 0.072435
2 2 0.002688 0.155449 0.655720 0.012209 0.173935
2 2 0.000042 0.014681 0.978672 0.002357 0.004249
2 2 0.001099 0.013096 0.979173 0.001423 0.005209
2 2 0.000181 0.030561 0.953980 0.001394 0.013885
2 2 0.000581 0.041078 0.924493 0.000965 0.032884
2 2 0.000126 0.014581 0.978495 0.001385 0.005412
2 2 0.000498 0.016937 0.961401 0.011914 0.009250
2 2 0.001924 0.042243 0.932009 0.003510 0.020315
2 2 0.000692 0.028351 0.956429 0.000518 0.014010
2 2 0.002305 0.062783 0.893084 0.032767 0.009062
2 2 0.002855 0.104985 0.828638 0.016550 0.046972
2 2 0.000433 0.026219 0.947567 0.003470 0.022311
2 2 0.001556 0.072487 0.877648 0.001524 0.046786
2 2 0.000908 0.063090 0.895555 0.001203 0.039244
2 2 0.001041 0.065656 0.902164 0.006394 0.024745
2 2 0.000862 0.032402 0.957549 0.005820 0.003367
2 2 0.000095 0.005816 0.990586 0.001590 0.001913
2 2 0.000102 0.023907 0.949636 0.007715 0.018640
2 2 0.001520 0.102824 0.819222 0.000131 0.076303
2 2 0.000347 0.017735 0.957191 0.000762 0.023966
2 2 0.000038 0.003918 0.994501 0.000540 0.001003
2 2 0.000374 0.025186 0.950803 0.000716 0.022921
2 2 0.000394 0.037787 0.937868 0.000748 0.023203
2 2 0.000138 0.013408 0.982180 0.001306 0.002969
2 2 0.000468 0.055932 0.895952 0.001516 0.046133
2 2 0.000063 0.012217 0.982864 0.000708 0.004147
2 2 0.001043 0.008045 0.974854 0.015263 0.000795
2 2 0.000990 0.015413 0.977487 0.003371 0.002740
2 2 0.000497 0.015661 0.964597 0.011353 0.007891
2 2 0.000079 0.002029 0.986542 0.011031 0.000318
2 2 0.000245 0.012680 0.972539 0.005175 0.009361
2 2 0.000065 0.003495 0.966879 0.028302 0.001260
2 2 0.001210 0.004354 0.955017 0.038398 0.001021
2 2 0.000225 0.011208 0.930177 0.053686 0.004705
2 2 0.002613 0.019097 0.954496 0.011495 0.012299
2 2 0.002501 0.016791 0.885978 0.085116 0.009615
2 2 0.000682 0.008353 0.825906 0.164559 0.000501
2 2 0.001717 0.022684 0.914147 0.056822 0.004630
2 2 0.011323 0.014554 0.860669 0.111331 0.002123
2 2 0.001123 0.006702 0.696011 0.295185 0.000980
2 2 0.000209 0.002547 0.536377 0.460130 0.000737
2 2 0.000269 0.002757 0.578622 0.418257 0.000095
2 2 0.001876 0.009543 0.763300 0.222155 0.003126
2 2 0.000246 0.005093 0.555283 0.438226 0.001152
2 2 0.004132 0.025640 0.803347 0.162932 0.003948
2 2 0.000278 0.003541 0.555754 0.439999 0.000428
2 2 0.019344 0.014167 0.672327 0.293984 0.000178
2 0 0.116546 0.119743 0.454568 0.305408 0.003735
0 0 0.401107 0.306898 0.217563 0.041324 0.033108
0 0 0.576206 0.162870 0.160570 0.087077 0.013278
0 0 0.922065 0.033750 0.016260 0.002993 0.024932
0 0 0.900681 0.060837 0.020056 0.001504 0.016921
0 0 0.784134 0.154085 0.045951 0.005221 0.010608
0 0 0.815603 0.070651 0.040746 0.004313 0.068686
0 0 0.687017 0.102650 0.118874 0.047550 0.043909
2 0 0.179997 0.141540 0.418614 0.164046 0.095803
1 0 0.122541 0.362803 0.269813 0.002381 0.242463
4 0 0.206170 0.161985 0.083569 0.001376 0.546901
4 0 0.311412 0.223176 0.123065 0.001420 0.340927
1 0 0.147442 0.564292 0.186380 0.000360 0.101526
4 0 0.097153 0.174425 0.070247 0.000089 0.658086
1 0 0.149988 0.440116 0.157695 0.000148 0.252053
4 0 0.415402 0.109686 0.038038 0.000018 0.436855
0 0 0.617899 0.044721 0.024248 0.000301 0.312832
4 0 0.444503 0.027751 0.014405 0.000054 0.513288
4 0 0.333421 0.062370 0.037990 0.001298 0.564922
1 0 0.061710 0.397288 0.147793 0.000277 0.392932
4 0 0.108689 0.288886 0.141324 0.001836 0.459265
4 0 0.325429 0.094315 0.060747 0.005756 0.513753
1 0 0.139123 0.397083 0.245584 0.003244 0.214966
4 0 0.053521 0.319929 0.112179 0.000060 0.514312
1 0 0.025749 0.420278 0.144682 0.000124 0.409166
1 1 0.206919 0.363366 0.256448 0.001940 0.171327
1 1 0.306058 0.496909 0.133275 0.000209 0.063550
4 1 0.171450 0.212515 0.082245 0.000124 0.533666
1 1 0.159167 0.367160 0.133088 0.000236 0.340349
4 1 0.078766 0.275251 0.099143 0.000031 0.546809
0 1 0.375532 0.329709 0.214634 0.014287 0.065838
0 1 0.495716 0.363501 0.092228 0.000194 0.048362
0 1 0.392255 0.313515 0.117169 0.000673 0.176388
1 1 0.309413 0.359461 0.138184 0.000208 0.192733
1 1 0.150884 0.591273 0.173519 0.000173 0.084152
1 1 0.150704 0.506356 0.147125 0.000052 0.195762
0 1 0.632433 0.191069 0.111936 0.002880 0.061681
0 1 0.906998 0.045628 0.021614 0.002074 0.023686
1 1 0.210774 0.631468 0.131883 0.000166 0.025709
1 1 0.126138 0.641899 0.190418 0.001040 0.040505
