0 0 0.645766 0.167767 0.035023 0.000087 0.151357
1 0 0.200260 0.343500 0.162030 0.002951 0.291259
0 0 0.769674 0.034286 0.001819 0.000017 0.194204
0 0 0.550435 0.184878 0.020201 0.000040 0.244445
1 1 0.133248 0.716981 0.069560 0.000064 0.080147
1 1 0.165132 0.599354 0.021433 0.000001 0.214081
1 1 0.276447 0.575046 0.041592 0.000074 0.106841
0 0 0.661446 0.085286 0.046938 0.003320 0.203010
0 0 0.888573 0.071685 0.026541 0.000292 0.012909
0 0 0.973361 0.014207 0.007085 0.000680 0.004667
0 0 0.961778 0.019333 0.003317 0.000151 0.015422
0 0 0.914310 0.048603 0.007951 0.000625 0.028512
1 0 0.436666 0.452212 0.033269 0.000128 0.077725
1 0 0.420941 0.456705 0.011455 0.000001 0.110898
0 0 0.530109 0.357687 0.015382 0.000064 0.096758
1 1 0.180857 0.664449 0.058021 0.000012 0.096662
1 1 0.135383 0.682482 0.063640 0.000001 0.118495
1 1 0.373761 0.515653 0.041390 0.000044 0.069152
1 1 0.121153 0.648459 0.024644 0.000004 0.205741
1 1 0.030569 0.579211 0.064737 0.000005 0.325478
1 1 0.125777 0.454719 0.030294 0.000032 0.389178
1 1 0.040535 0.622654 0.077242 0.000033 0.259536
1 1 0.229973 0.498955 0.028552 0.000078 0.242444
1 1 0.154938 0.576149 0.112603 0.000095 0.156215
1 1 0.133772 0.590828 0.163562 0.001455 0.110384
1 1 0.078653 0.649902 0.145943 0.000549 0.124953
1 4 0.181797 0.538432 0.176071 0.000734 0.102965
0 4 0.539674 0.349402 0.029524 0.000216 0.081183
1 4 0.067272 0.639645 0.181877 0.000109 0.111098
1 4 0.100981 0.646320 0.144874 0.000204 0.107621
4 4 0.166388 0.369876 0.090980 0.001691 0.371065
1 4 0.060961 0.530622 0.288479 0.001898 0.118041
1 4 0.120477 0.497131 0.127556 0.001544 0.253293
2 4 0.026549 0.324728 0.539832 0.007170 0.101721
1 4 0.030338 0.558346 0.315358 0.001156 0.094801
2 4 0.002874 0.078996 0.895463 0.010167 0.012500
2 4 0.013867 0.227325 0.646421 0.002377 0.110009
2 4 0.011400 0.199598 0.727706 0.004093 0.057203
2 2 0.003540 0.048760 0.899874 0.041262 0.006563
2 2 0.003358 0.049701 0.899961 0.026885 0.020096
1 2 0.110187 0.567821 0.248301 0.004044 0.069647
1 2 0.095317 0.479854 0.351353 0.003538 0.069938
2 2 0.098836 0.371445 0.437370 0.010524 0.081825
0 4 0.483228 0.302699 0.146457 0.005818 0.061798
2 4 0.009948 0.139021 0.725093 0.116277 0.009661
2 4 0.007130 0.083330 0.895233 0.007595 0.006713
2 2 0.004270 0.208995 0.698558 0.061254 0.026923
2 2 0.008160 0.057269 0.894307 0.032368 0.007897
2 2 0.078381 0.156249 0.694309 0.015945 0.055116
2 2 0.010207 0.107136 0.856507 0.017560 0.008589
2 2 0.002366 0.028411 0.919356 0.047207 0.002659
2 2 0.001212 0.021267 0.850445 0.124340 0.002736
2 2 0.000246 0.007094 0.933473 0.058541 0.000646
2 2 0.000888 0.005287 0.745426 0.248301 0.000098
2 2 0.002983 0.077304 0.854859 0.060511 0.004343
2 2 0.000777 0.013781 0.853421 0.131742 0.000279
2 2 0.001146 0.038491 0.745381 0.212755 0.002227
2 2 0.002026 0.011088 0.773368 0.213134 0.000384
2 2 0.000197 0.009719 0.616417 0.373276 0.000391
2 2 0.002107 0.016133 0.891087 0.089222 0.001450
2 2 0.000284 0.003897 0.600791 0.394885 0.000143
2 2 0.005854 0.079742 0.830951 0.080351 0.003102
2 2 0.001098 0.023203 0.866473 0.108877 0.000349
3 2 0.000456 0.007973 0.454814 0.536636 0.000122
2 2 0.001187 0.009369 0.782018 0.207294 0.000132
2 2 0.000323 0.002472 0.610839 0.386349 0.000017
2 2 0.001260 0.016566 0.517293 0.464514 0.000367
2 2 0.002479 0.043502 0.572931 0.379751 0.001338
2 2 0.003245 0.020767 0.670642 0.305098 0.000247
2 2 0.001666 0.009177 0.591619 0.397463 0.000075
3 2 0.000041 0.000612 0.283444 0.715899 0.000004
3 2 0.000082 0.000981 0.411294 0.587640 0.000003
2 2 0.001029 0.011365 0.622017 0.365393 0.000195
3 2 0.000165 0.001761 0.183489 0.814562 0.000023
3 2 0.000209 0.005083 0.279044 0.715523 0.000142
2 2 0.000342 0.010911 0.625665 0.362530 0.000551
3 2 0.000149 0.002207 0.398448 0.599162 0.000034
3 2 0.000585 0.003666 0.398063 0.597588 0.000098
2 2 0.000848 0.009612 0.538511 0.450631 0.000397
3 2 0.000114 0.001751 0.298072 0.700028 0.000035
3 2 0.000025 0.000714 0.406320 0.592922 0.000018
3 2 0.000164 0.002839 0.249311 0.747624 0.000061
3 2 0.000073 0.003389 0.214824 0.781531 0.000184
3 2 0.000098 0.000976 0.177299 0.821605 0.000021
2 2 0.072959 0.138386 0.560357 0.218597 0.009703
2 2 0.013583 0.080864 0.652850 0.249840 0.002863
2 2 0.001612 0.015769 0.496803 0.485526 0.000290
2 2 0.003156 0.033747 0.492733 0.469297 0.001066
2 2 0.006345 0.147097 0.790372 0.053488 0.002698
2 2 0.002473 0.037559 0.651985 0.306802 0.001181
2 2 0.003787 0.042804 0.772886 0.179954 0.000569
2 2 0.002428 0.037850 0.815258 0.144099 0.000365
2 2 0.002192 0.030993 0.748681 0.217784 0.000350
2 2 0.000472 0.026881 0.646765 0.325354 0.000528
2 2 0.000910 0.047603 0.894803 0.055272 0.001411
2 2 0.000918 0.015686 0.587293 0.395812 0.000292
2 2 0.000731 0.016361 0.494961 0.487614 0.000334
3 2 0.001024 0.010980 0.435976 0.551847 0.000173
2 2 0.004294 0.048485 0.735351 0.211046 0.000825
2 2 0.004865 0.032912 0.666605 0.293637 0.001981
2 2 0.001560 0.027169 0.844000 0.125296 0.001975
2 2 0.001829 0.032946 0.791187 0.171668 0.002369
2 2 0.000839 0.026221 0.809978 0.161018 0.001944
3 2 0.000153 0.001609 0.164294 0.833860 0.000085
2 2 0.003634 0.044243 0.673424 0.276498 0.002201
2 2 0.017982 0.175400 0.733175 0.051164 0.022279
2 2 0.007150 0.069192 0.728501 0.190011 0.005146
2 2 0.026831 0.230548 0.680546 0.034155 0.027919
2 2 0.013073 0.111747 0.757992 0.112784 0.004405
2 2 0.020857 0.103696 0.801908 0.064072 0.009467
2 2 0.004497 0.052715 0.823094 0.115293 0.004401
2 2 0.004818 0.066781 0.757906 0.163507 0.006988
2 2 0.004114 0.047051 0.688128 0.257223 0.003484
2 2 0.006336 0.065060 0.825545 0.101452 0.001607
2 2 0.014467 0.111814 0.825486 0.043971 0.004262
2 2 0.001841 0.030080 0.559316 0.408120 0.000643
2 2 0.006555 0.041551 0.815631 0.135544 0.000719
2 2 0.009238 0.096936 0.835291 0.056226 0.002309
2 2 0.001176 0.033121 0.752021 0.213226 0.000457
2 2 0.029594 0.137647 0.766324 0.062335 0.004101
2 2 0.027581 0.240011 0.718212 0.009797 0.004398
2 2 0.019577 0.118274 0.782652 0.076968 0.002529
2 2 0.006662 0.073820 0.804071 0.113596 0.001851
2 2 0.012658 0.096279 0.765250 0.122909 0.002905
2 2 0.020887 0.139836 0.799611 0.036001 0.003666
2 2 0.015440 0.210370 0.755269 0.012510 0.006411
2 2 0.014499 0.097721 0.859655 0.024484 0.003640
2 2 0.026245 0.185835 0.720644 0.061723 0.005553
2 2 0.035952 0.356661 0.585650 0.011825 0.009912
2 2 0.025054 0.274492 0.676819 0.014250 0.009384
0 2 0.449714 0.315684 0.204319 0.003674 0.026609
0 2 0.975376 0.014308 0.005761 0.000306 0.004249
0 0 0.970295 0.016597 0.005614 0.000494 0.007000
0 0 0.961817 0.021355 0.006302 0.000343 0.010182
0 0 0.785888 0.142632 0.047422 0.001051 0.023008
0 0 0.796766 0.138067 0.036539 0.000809 0.027818
1 0 0.380438 0.470110 0.076793 0.000736 0.071924
1 0 0.407463 0.433182 0.107053 0.001177 0.051124
0 0 0.559717 0.302324 0.079401 0.001891 0.056667
1 0 0.195298 0.578500 0.163842 0.002014 0.060346
1 0 0.282550 0.412464 0.270040 0.005564 0.029382
0 0 0.451606 0.419111 0.072189 0.000544 0.056550
0 0 0.878201 0.081684 0.023840 0.000509 0.015767
0 0 0.877972 0.071167 0.023678 0.000374 0.026809
1 0 0.400821 0.421727 0.114351 0.001933 0.061167
0 0 0.745161 0.140721 0.082929 0.004004 0.027184
0 0 0.941374 0.038238 0.012395 0.000273 0.007721
0 0 0.872724 0.071261 0.040144 0.002408 0.013463
0 0 0.664682 0.222327 0.066248 0.001072 0.045671
0 0 0.973913 0.016544 0.004478 0.000141 0.004924
0 0 0.904702 0.063457 0.014727 0.000418 0.016697
0 0 0.866037 0.066675 0.026489 0.000675 0.040124
0 0 0.647043 0.190554 0.128258 0.006338 0.027806
0 0 0.882413 0.067538 0.016075 0.000315 0.033659
0 0 0.867531 0.077070 0.030918 0.002184 0.022298
0 0 0.821458 0.097062 0.032529 0.000535 0.048417
0 0 0.806885 0.118478 0.036547 0.002206 0.035884
0 0 0.808914 0.114623 0.039178 0.003079 0.034207
0 0 0.812028 0.135341 0.026497 0.000341 0.025794
0 0 0.678620 0.233484 0.053824 0.000586 0.033485
0 0 0.422970 0.382949 0.154013 0.002097 0.037971
0 1 0.856825 0.099479 0.022763 0.000398 0.020535
0 0 0.828436 0.126353 0.026735 0.000222 0.018254
0 0 0.647227 0.185406 0.078473 0.000424 0.088470
1 0 0.253959 0.345624 0.344654 0.004756 0.051007
1 0 0.145876 0.532224 0.278497 0.001435 0.041968
1 0 0.131858 0.489968 0.326794 0.000959 0.050420
0 0 0.716812 0.166234 0.093910 0.002780 0.020263
0 0 0.908402 0.050494 0.016653 0.000935 0.023517
0 0 0.964607 0.021203 0.006512 0.000202 0.007476
0 0 0.886518 0.078545 0.011917 0.000116 0.022903
0 0 0.878789 0.075943 0.018140 0.000348 0.026779
0 1 0.797688 0.141101 0.037752 0.000477 0.022982
0 1 0.969644 0.016730 0.008088 0.000589 0.004949
0 0 0.841213 0.111309 0.030281 0.000367 0.016830
0 0 0.962685 0.022572 0.007179 0.000242 0.007323
0 0 0.805320 0.137092 0.026861 0.000486 0.030241
0 0 0.864977 0.089035 0.022490 0.000741 0.022757
0 0 0.815504 0.127709 0.030920 0.000572 0.025295
1 0 0.368646 0.461936 0.097225 0.001339 0.070854
1 0 0.307383 0.575783 0.077889 0.000117 0.038828
1 0 0.150835 0.720836 0.076859 0.000090 0.051380
4 4 0.059107 0.321934 0.072499 0.000108 0.546352
1 4 0.093263 0.722088 0.079752 0.000031 0.104867
1 4 0.116181 0.608883 0.058884 0.000057 0.215994
1 4 0.194400 0.549101 0.064582 0.000063 0.191856
1 4 0.021065 0.547201 0.100164 0.000003 0.331567
1 4 0.045639 0.509157 0.059876 0.000003 0.385326
1 4 0.056658 0.660818 0.081732 0.000003 0.200789
1 4 0.021697 0.474653 0.069257 0.000001 0.434392
1 4 0.079949 0.516828 0.104696 0.000140 0.298388
1 4 0.082925 0.576348 0.069899 0.000048 0.270780
1 4 0.080311 0.573798 0.103543 0.000081 0.242266
4 4 0.079901 0.165360 0.029514 0.000035 0.725191
4 4 0.034633 0.278631 0.074234 0.000053 0.612448
4 4 0.162177 0.075240 0.015362 0.000021 0.747201
4 4 0.038403 0.310255 0.094340 0.000160 0.556842
4 4 0.083992 0.041496 0.010907 0.000219 0.863385
4 4 0.093185 0.076226 0.031659 0.000077 0.798853
4 4 0.123383 0.081625 0.034291 0.000483 0.760218
4 4 0.107291 0.041905 0.030974 0.000502 0.819327
4 4 0.408113 0.079763 0.025491 0.000273 0.486359
4 4 0.244871 0.341201 0.065289 0.000143 0.348496
4 4 0.053876 0.307770 0.097953 0.000040 0.540361
4 4 0.099909 0.349755 0.091036 0.000091 0.459210
4 4 0.076740 0.079541 0.018557 0.000039 0.825123
0 4 0.564185 0.043740 0.011535 0.000140 0.380400
4 4 0.234816 0.143500 0.066153 0.000261 0.555270
4 4 0.171798 0.167400 0.039101 0.000208 0.621494
4 4 0.264458 0.350641 0.022489 0.000003 0.362408
1 4 0.277977 0.554843 0.025078 0.000024 0.142078
1 4 0.224636 0.608757 0.043482 0.000048 0.123076
0 4 0.639714 0.264630 0.037238 0.000482 0.057936
1 4 0.423297 0.462831 0.050058 0.000211 0.063604
1 4 0.234380 0.624573 0.089396 0.000164 0.051486
1 4 0.277156 0.599636 0.073150 0.000151 0.049907
0 4 0.508209 0.400819 0.053286 0.000129 0.037558
0 0 0.706902 0.172275 0.097458 0.002943 0.020421
0 0 0.658153 0.241766 0.059573 0.000935 0.039573
0 0 0.795520 0.147115 0.031280 0.000386 0.025700
0 0 0.582663 0.309314 0.059440 0.000624 0.047958
1 0 0.360927 0.476383 0.114042 0.000801 0.047847
0 0 0.991132 0.005614 0.001100 0.000029 0.002125
0 0 0.985423 0.007960 0.003453 0.000148 0.003017
0 0 0.888998 0.074517 0.011375 0.000187 0.024923
0 0 0.781777 0.140201 0.021037 0.000335 0.056650
0 0 0.861564 0.064131 0.014678 0.000643 0.058984
0 0 0.895647 0.068832 0.012805 0.000377 0.022339
0 0 0.850087 0.102060 0.015812 0.000371 0.031671
1 0 0.358209 0.475130 0.108393 0.001166 0.057102
0 0 0.516404 0.318346 0.117410 0.003203 0.044637
0 0 0.701057 0.198184 0.045731 0.001613 0.053415
0 0 0.611928 0.238931 0.115825 0.003394 0.029923
0 0 0.692741 0.221692 0.049444 0.000611 0.035512
0 0 0.852709 0.105818 0.019912 0.000255 0.021306
0 0 0.921980 0.048844 0.014454 0.000613 0.014108
0 0 0.755999 0.167687 0.043032 0.000881 0.032401
0 0 0.717272 0.136161 0.081755 0.000919 0.063893
0 0 0.720121 0.183331 0.066532 0.001704 0.028311
0 0 0.807774 0.120388 0.043309 0.001806 0.026723
1 0 0.139612 0.479024 0.329911 0.010937 0.040516
1 0 0.067369 0.745950 0.149388 0.000299 0.036994
1 0 0.104483 0.706490 0.139310 0.000493 0.049223
1 1 0.131368 0.629809 0.196700 0.001085 0.041039
1 4 0.134765 0.503828 0.325974 0.005025 0.030408
1 4 0.060728 0.458662 0.447526 0.010583 0.022501
2 4 0.032807 0.395032 0.533439 0.020322 0.018400
1 4 0.054300 0.501365 0.410363 0.007803 0.026169
2 4 0.035840 0.415890 0.521772 0.008391 0.018107
2 2 0.057292 0.380957 0.508134 0.015287 0.038329
2 2 0.041610 0.327136 0.607459 0.014288 0.009507
0 2 0.652016 0.214930 0.110440 0.001489 0.021126
0 2 0.573125 0.275123 0.105914 0.002564 0.043273
1 2 0.154791 0.583913 0.222908 0.001451 0.036938
1 2 0.145624 0.664916 0.141454 0.000540 0.047466
1 2 0.145441 0.482768 0.206515 0.001320 0.163955
1 2 0.113865 0.585015 0.209947 0.000200 0.090974
1 2 0.128313 0.684486 0.135229 0.000447 0.051525
2 2 0.080462 0.169573 0.642138 0.071171 0.036656
1 2 0.235730 0.591618 0.131251 0.000442 0.040959
0 2 0.639912 0.164770 0.149681 0.004858 0.040779
0 2 0.559574 0.298216 0.101216 0.001846 0.039147
0 2 0.453167 0.377995 0.123658 0.001635 0.043545
1 2 0.420117 0.441898 0.092292 0.000530 0.045163
0 2 0.679459 0.235274 0.058869 0.000407 0.025991
0 0 0.856691 0.098405 0.018004 0.000395 0.026504
0 0 0.589959 0.299852 0.050186 0.000701 0.059303
1 0 0.105997 0.648681 0.178959 0.000432 0.065930
1 1 0.052236 0.562346 0.321715 0.002926 0.060777
2 1 0.012684 0.376423 0.519953 0.001174 0.089766
2 2 0.013459 0.176663 0.760630 0.015249 0.033998
1 2 0.261206 0.466650 0.209861 0.001806 0.060478
0 2 0.718113 0.177598 0.059458 0.000455 0.044376
1 2 0.413070 0.432374 0.113784 0.000778 0.039995
1 2 0.111076 0.584154 0.266953 0.002411 0.035406
1 2 0.062117 0.440310 0.395816 0.003317 0.098440
1 2 0.207060 0.407608 0.353959 0.007664 0.023710
2 2 0.050379 0.291910 0.615570 0.022077 0.020064
2 2 0.015988 0.163309 0.770564 0.038705 0.011434
2 2 0.002881 0.065405 0.844784 0.084783 0.002148
2 2 0.011667 0.125378 0.841706 0.002451 0.018797
1 2 0.064315 0.508966 0.398242 0.005933 0.022545
2 2 0.003661 0.073580 0.890209 0.030974 0.001576
2 2 0.000882 0.049702 0.909244 0.036158 0.004015
2 2 0.000029 0.011384 0.962520 0.024849 0.001219
2 2 0.001090 0.019419 0.943032 0.035297 0.001162
2 2 0.059414 0.430783 0.488767 0.006736 0.014300
2 2 0.003102 0.060114 0.910298 0.024321 0.002165
2 2 0.000128 0.009831 0.949428 0.040490 0.000124
2 2 0.003423 0.042330 0.743819 0.209803 0.000625
2 2 0.005777 0.065155 0.865052 0.063157 0.000859
2 2 0.003056 0.029285 0.841986 0.125070 0.000603
2 2 0.012794 0.113919 0.785020 0.084218 0.004049
2 2 0.000892 0.059558 0.921251 0.015224 0.003075
2 2 0.005242 0.104954 0.854233 0.024846 0.010725
2 2 0.000473 0.011293 0.975543 0.012278 0.000413
2 2 0.020282 0.109860 0.824206 0.037652 0.008001
2 2 0.013868 0.171192 0.804198 0.005911 0.004829
2 2 0.000708 0.017146 0.846019 0.133654 0.002473
1 2 0.162337 0.509387 0.305531 0.002096 0.020650
2 2 0.010628 0.108999 0.867937 0.006616 0.005820
2 2 0.009528 0.106813 0.849055 0.024231 0.010373
2 2 0.005205 0.102584 0.867958 0.019474 0.004780
2 2 0.005900 0.068444 0.847187 0.076232 0.002236
2 2 0.001388 0.062383 0.915454 0.014828 0.005947
2 2 0.001627 0.030120 0.953007 0.013970 0.001276
2 2 0.004869 0.057982 0.726285 0.209223 0.001641
2 2 0.002363 0.061995 0.767302 0.165636 0.002705
2 2 0.006393 0.067951 0.851583 0.059095 0.014977
2 2 0.001325 0.021732 0.965985 0.009519 0.001439
3 2 0.000188 0.007590 0.444156 0.547786 0.000281
2 2 0.000190 0.008533 0.692924 0.297591 0.000761
2 2 0.006198 0.017171 0.657014 0.318985 0.000632
2 2 0.064600 0.350193 0.565548 0.009651 0.010008
2 2 0.002523 0.103124 0.754615 0.136717 0.003021
2 2 0.001320 0.087571 0.826390 0.082828 0.001891
2 2 0.064991 0.135136 0.691194 0.103904 0.004775
2 4 0.041172 0.275109 0.656060 0.020031 0.007629
2 4 0.004284 0.046889 0.608280 0.339289 0.001258
2 4 0.005401 0.039255 0.859050 0.095973 0.000321
2 4 0.001081 0.020949 0.780209 0.197366 0.000395
2 4 0.000569 0.008274 0.831611 0.159474 0.000072
2 4 0.001333 0.029012 0.638787 0.330176 0.000692
2 2 0.010731 0.048898 0.735635 0.203178 0.001558
2 2 0.094919 0.307641 0.559204 0.025241 0.012995
2 2 0.014627 0.074791 0.812863 0.096536 0.001183
2 2 0.000667 0.023885 0.867964 0.107097 0.000388
2 2 0.002180 0.039941 0.863980 0.092946 0.000953
2 2 0.007450 0.107386 0.846734 0.037189 0.001242
2 2 0.010230 0.062159 0.697745 0.226447 0.003420
0 2 0.795518 0.101138 0.084152 0.005212 0.013980
1 2 0.167493 0.589257 0.194191 0.001656 0.047403
1 2 0.325205 0.349048 0.283630 0.011975 0.030141
1 2 0.121673 0.577475 0.258757 0.002803 0.039291
1 2 0.329401 0.330109 0.307345 0.005301 0.027844
0 0 0.837977 0.095736 0.044979 0.001723 0.019585
0 0 0.613683 0.313711 0.039862 0.000102 0.032641
1 0 0.261772 0.531230 0.159384 0.001317 0.046297
1 1 0.098380 0.668810 0.186771 0.001018 0.045021
2 1 0.036991 0.398585 0.543368 0.004872 0.016184
2 2 0.011580 0.162807 0.773161 0.041917 0.010535
2 2 0.000420 0.013458 0.946970 0.038951 0.000201
2 2 0.000295 0.029985 0.956417 0.011101 0.002202
2 2 0.000192 0.015587 0.974549 0.009032 0.000639
2 2 0.000751 0.026218 0.929941 0.042438 0.000653
2 2 0.000665 0.013934 0.842394 0.141432 0.001575
2 2 0.002074 0.042967 0.935201 0.014325 0.005432
2 2 0.000514 0.011793 0.728016 0.259339 0.000338
2 2 0.011836 0.043515 0.816912 0.122139 0.005597
0 2 0.406265 0.404174 0.148319 0.002091 0.039151
1 2 0.070631 0.470849 0.436795 0.004737 0.016988
2 2 0.005920 0.086883 0.755363 0.149932 0.001902
2 2 0.003199 0.049502 0.803793 0.142807 0.000699
2 2 0.002617 0.047999 0.677218 0.271204 0.000961
2 2 0.000387 0.017347 0.937568 0.044484 0.000214
2 2 0.000634 0.019855 0.934423 0.044968 0.000120
2 2 0.000422 0.007242 0.853795 0.138424 0.000117
2 2 0.163063 0.140037 0.623829 0.062935 0.010136
1 2 0.357104 0.387590 0.192808 0.005319 0.057178
2 2 0.058692 0.418011 0.493196 0.011493 0.018608
2 2 0.007738 0.058748 0.842841 0.087968 0.002705
2 2 0.009700 0.093582 0.794928 0.098931 0.002858
2 2 0.027051 0.243560 0.696098 0.026951 0.006340
2 2 0.004333 0.056648 0.831320 0.105702 0.001996
2 2 0.036580 0.106506 0.827659 0.026509 0.002747
2 2 0.092751 0.415017 0.467205 0.008276 0.016750
2 2 0.007690 0.086661 0.856019 0.047805 0.001825
2 2 0.014922 0.079507 0.722985 0.180595 0.001990
2 2 0.019552 0.154792 0.765813 0.056270 0.003573
2 2 0.012587 0.126461 0.786398 0.071915 0.002639
2 2 0.006233 0.125910 0.847419 0.018963 0.001475
2 2 0.000052 0.004649 0.919453 0.075823 0.000024
2 2 0.000385 0.012803 0.921600 0.065096 0.000117
2 2 0.000462 0.019111 0.807422 0.172782 0.000224
2 2 0.000647 0.010159 0.745789 0.243319 0.000086
2 2 0.002456 0.034914 0.619779 0.342138 0.000713
2 2 0.004361 0.021709 0.582411 0.390692 0.000827
2 2 0.001419 0.042876 0.702613 0.250190 0.002902
2 2 0.001458 0.042763 0.842092 0.109481 0.004206
2 2 0.000699 0.014119 0.570563 0.414034 0.000585
2 2 0.000119 0.010339 0.919878 0.068638 0.001025
2 2 0.000400 0.053121 0.905716 0.023096 0.017666
2 2 0.000078 0.009357 0.956460 0.033140 0.000965
2 2 0.000722 0.026932 0.732375 0.237693 0.002279
3 2 0.000204 0.002563 0.220830 0.776349 0.000055
2 2 0.000574 0.030189 0.867033 0.101754 0.000450
3 2 0.002550 0.018074 0.391801 0.587049 0.000526
0 2 0.360885 0.223040 0.348404 0.018030 0.049641
1 2 0.132528 0.579523 0.245837 0.002497 0.039614
2 2 0.037475 0.402987 0.522382 0.018317 0.018838
2 2 0.003277 0.052998 0.838838 0.104332 0.000555
2 2 0.010497 0.221475 0.753966 0.009091 0.004971
2 2 0.000597 0.012094 0.791740 0.195328 0.000240
2 2 0.002061 0.022190 0.755683 0.219798 0.000268
2 2 0.006055 0.124441 0.818517 0.046318 0.004669
2 2 0.001397 0.024285 0.784522 0.188111 0.001686
2 2 0.000361 0.052784 0.933999 0.008034 0.004823
2 2 0.000845 0.050057 0.920597 0.026765 0.001736
2 2 0.000708 0.021872 0.909879 0.067343 0.000197
2 2 0.000319 0.005534 0.509149 0.484955 0.000044
2 2 0.000497 0.031027 0.697919 0.269926 0.000631
2 2 0.000614 0.020595 0.862951 0.115357 0.000484
2 2 0.003852 0.042766 0.821833 0.130983 0.000565
3 2 0.000811 0.023476 0.462067 0.513095 0.000550
3 2 0.000882 0.003329 0.188166 0.807547 0.000077
2 2 0.004760 0.048916 0.582819 0.361139 0.002365
2 2 0.000930 0.032588 0.728165 0.237631 0.000686
2 2 0.002063 0.011734 0.528100 0.457956 0.000147
2 2 0.067071 0.133432 0.773464 0.015878 0.010155
0 2 0.499338 0.309895 0.086484 0.000329 0.103953
2 2 0.062244 0.370032 0.538366 0.014204 0.015155
2 2 0.038989 0.117331 0.763959 0.071599 0.008121
2 2 0.043980 0.308947 0.616755 0.019984 0.010333
2 2 0.001520 0.081135 0.891948 0.022874 0.002523
2 2 0.000120 0.013563 0.969666 0.015758 0.000893
2 2 0.023211 0.097715 0.824652 0.036697 0.017724
2 2 0.017746 0.175729 0.787246 0.014956 0.004323
2 2 0.015629 0.022730 0.885660 0.075022 0.000960
2 2 0.031794 0.254864 0.704080 0.001707 0.007555
2 2 0.010242 0.148432 0.828386 0.005101 0.007839
2 2 0.000002 0.000784 0.891736 0.107435 0.000043
2 2 0.001671 0.026346 0.927386 0.043250 0.001347
2 2 0.001904 0.024957 0.839910 0.132685 0.000543
2 2 0.001524 0.045105 0.906677 0.044161 0.002532
2 2 0.000022 0.002729 0.955835 0.041181 0.000234
2 2 0.000003 0.000831 0.911956 0.087184 0.000026
2 2 0.000088 0.008110 0.985820 0.004885 0.001097
2 2 0.000008 0.002523 0.933036 0.064344 0.000088
2 2 0.000028 0.003625 0.955384 0.040470 0.000494
2 2 0.000030 0.001168 0.693063 0.305726 0.000013
2 2 0.000399 0.011960 0.835885 0.151179 0.000578
3 2 0.000030 0.002402 0.460328 0.537190 0.000049
2 2 0.000094 0.006010 0.751823 0.241832 0.000242
2 2 0.000024 0.001309 0.623601 0.375020 0.000045
3 2 0.000027 0.002333 0.470282 0.527301 0.000058
2 2 0.000123 0.001887 0.615618 0.382339 0.000034
3 2 0.000003 0.000158 0.088863 0.910974 0.000002
2 2 0.000072 0.003221 0.508570 0.488056 0.000082
2 2 0.000056 0.001034 0.725282 0.273614 0.000014
3 2 0.000069 0.001827 0.375462 0.622617 0.000026
3 2 0.000030 0.002594 0.347751 0.649570 0.000056
3 3 0.000037 0.000452 0.303437 0.696071 0.000003
2 3 0.000038 0.002889 0.583191 0.413802 0.000079
3 3 0.000031 0.002154 0.218475 0.779254 0.000086
3 3 0.000037 0.001790 0.249339 0.748766 0.000068
3 3 0.000064 0.003500 0.165634 0.830681 0.000120
3 3 0.000037 0.001130 0.245352 0.753466 0.000014
3 3 0.000014 0.000490 0.204466 0.795026 0.000004
3 3 0.000053 0.002955 0.232493 0.764449 0.000050
3 3 0.000006 0.000542 0.156092 0.843353 0.000006
3 3 0.000015 0.001210 0.257007 0.741747 0.000021
3 3 0.000038 0.001450 0.335612 0.662884 0.000015
3 3 0.000025 0.000813 0.128333 0.870820 0.000008
3 3 0.000393 0.008551 0.454495 0.536373 0.000187
3 3 0.000021 0.000380 0.173035 0.826561 0.000002
3 3 0.000360 0.003633 0.274619 0.721314 0.000074
3 3 0.000039 0.000981 0.161592 0.837377 0.000010
3 3 0.000401 0.006853 0.366872 0.625764 0.000110
3 3 0.000171 0.003215 0.274155 0.722404 0.000056
3 3 0.000022 0.000904 0.234020 0.765042 0.000012
3 3 0.000520 0.011151 0.344834 0.642278 0.001217
3 3 0.000150 0.002769 0.240455 0.756574 0.000052
3 3 0.000040 0.001104 0.177483 0.821345 0.000028
3 3 0.000253 0.005731 0.371214 0.622474 0.000327
3 3 0.000087 0.003110 0.227156 0.769520 0.000127
3 3 0.000010 0.000949 0.175635 0.823315 0.000091
3 3 0.000149 0.004743 0.332199 0.662655 0.000255
3 3 0.000428 0.011645 0.285973 0.701076 0.000878
3 3 0.000032 0.001605 0.146187 0.852084 0.000093
2 3 0.000509 0.009731 0.521602 0.466705 0.001453
3 3 0.000290 0.003093 0.284844 0.711666 0.000107
3 3 0.000358 0.006680 0.322289 0.670260 0.000413
3 3 0.035223 0.048887 0.365487 0.546267 0.004135
2 3 0.122607 0.119054 0.547749 0.202050 0.008540
2 0 0.143802 0.327488 0.456265 0.045246 0.027199
2 2 0.024064 0.266766 0.623538 0.071745 0.013887
2 2 0.025600 0.332219 0.613654 0.017905 0.010622
2 2 0.002898 0.066842 0.764575 0.163820 0.001866
2 2 0.013333 0.142554 0.750688 0.089569 0.003856
2 2 0.034847 0.271389 0.663375 0.022605 0.007784
1 2 0.074918 0.525044 0.373616 0.003940 0.022482
2 2 0.036349 0.373493 0.558128 0.017231 0.014799
2 2 0.008466 0.151110 0.819989 0.014555 0.005880
2 2 0.024139 0.234338 0.706055 0.029441 0.006027
1 1 0.069968 0.684295 0.212787 0.000730 0.032220
2 4 0.021563 0.240035 0.711308 0.017042 0.010052
1 4 0.019438 0.493684 0.439665 0.001743 0.045471
1 4 0.043518 0.432891 0.160294 0.000019 0.363278
4 4 0.018804 0.384101 0.184084 0.000012 0.412998
4 4 0.073166 0.221437 0.099320 0.000437 0.605640
4 4 0.117297 0.216531 0.078102 0.000112 0.587958
4 4 0.313857 0.129104 0.063821 0.000461 0.492757
4 4 0.075234 0.152226 0.074793 0.001032 0.696715
4 4 0.060533 0.057840 0.017247 0.000090 0.864289
4 4 0.229216 0.048389 0.018223 0.000390 0.703782
4 4 0.099705 0.057928 0.004383 0.000003 0.837981
4 4 0.038575 0.362506 0.121138 0.000368 0.477413
1 4 0.030321 0.457837 0.095298 0.000058 0.416486
4 4 0.096303 0.190948 0.041312 0.000092 0.671346
1 4 0.075148 0.544721 0.088510 0.000079 0.291542
4 4 0.052769 0.167710 0.058572 0.000037 0.720911
4 4 0.148539 0.080431 0.028441 0.000101 0.742487
0 4 0.606873 0.034380 0.003341 0.000021 0.355386
4 4 0.101325 0.122608 0.035866 0.000468 0.739734
4 4 0.145857 0.266684 0.068782 0.000101 0.518575
4 4 0.143056 0.388212 0.046901 0.000012 0.421819
4 4 0.034624 0.167290 0.032102 0.000017 0.765967
4 4 0.053284 0.211285 0.040382 0.000009 0.695039
1 4 0.200168 0.583126 0.152557 0.000055 0.064095
0 4 0.816035 0.137341 0.010643 0.000072 0.035909
1 4 0.047055 0.633840 0.104869 0.000002 0.214234
4 4 0.038003 0.406044 0.104540 0.000216 0.451197
1 4 0.025749 0.484500 0.133101 0.000003 0.356647
4 4 0.043990 0.263125 0.057493 0.000013 0.635379
4 4 0.038729 0.230193 0.062860 0.000004 0.668214
4 4 0.086279 0.264285 0.050436 0.000135 0.598865
4 4 0.014189 0.374915 0.144038 0.000001 0.466857
4 4 0.229739 0.191099 0.018014 0.000166 0.560982
4 4 0.262361 0.220127 0.020576 0.000001 0.496935
1 4 0.207143 0.584004 0.044729 0.000098 0.164026
1 4 0.022635 0.450345 0.101364 0.000002 0.425653
4 4 0.257949 0.245178 0.046360 0.000072 0.450442
0 4 0.539710 0.391631 0.009822 0.000006 0.058831
1 4 0.305444 0.494652 0.063993 0.000156 0.135755
1 4 0.071352 0.501991 0.074131 0.000014 0.352512
1 4 0.204898 0.463609 0.034354 0.000038 0.297102
1 4 0.054774 0.583284 0.079792 0.000000 0.282150
4 4 0.052508 0.144245 0.029032 0.000014 0.774201
4 4 0.152843 0.294857 0.028815 0.000061 0.523423
4 4 0.071960 0.088637 0.013185 0.000003 0.826214
1 4 0.043669 0.600458 0.121220 0.000003 0.234649
1 4 0.163170 0.455013 0.017456 0.000001 0.364360
1 4 0.220469 0.460462 0.020524 0.000001 0.298544
1 4 0.067582 0.609550 0.065090 0.000003 0.257775
4 4 0.017819 0.392133 0.126849 0.000005 0.463194
4 4 0.018723 0.384771 0.131156 0.000006 0.465344
1 0 0.374816 0.394063 0.066374 0.000137 0.164610
1 0 0.424603 0.508437 0.015104 0.000006 0.051849
1 0 0.266774 0.647701 0.030757 0.000018 0.054750
1 0 0.170428 0.756043 0.037849 0.000008 0.035673
1 0 0.093313 0.780359 0.084017 0.000008 0.042303
1 0 0.139907 0.773914 0.056383 0.000005 0.029790
1 0 0.378471 0.569301 0.023795 0.000004 0.028429
1 0 0.179537 0.691709 0.039171 0.000076 0.089507
1 0 0.184948 0.711114 0.069779 0.000039 0.034120
1 0 0.374060 0.474465 0.087696 0.000821 0.062958
0 0 0.458445 0.417324 0.077542 0.000446 0.046243
1 0 0.360526 0.574606 0.037227 0.000010 0.027632
1 0 0.291688 0.554366 0.081831 0.000526 0.071590
1 0 0.314669 0.412806 0.233028 0.004982 0.034514
0 0 0.536845 0.375800 0.041314 0.000128 0.045912
1 0 0.436573 0.446757 0.071026 0.000273 0.045371
1 0 0.311907 0.548305 0.100900 0.000252 0.038636
1 0 0.197899 0.627157 0.121338 0.000533 0.053073
1 0 0.175977 0.667227 0.103904 0.000302 0.052589
1 0 0.286666 0.569456 0.092900 0.000324 0.050654
0 0 0.869826 0.084643 0.029105 0.000299 0.016127
0 0 0.869354 0.088459 0.024219 0.000485 0.017484
0 0 0.572127 0.275196 0.102035 0.001450 0.049193
0 0 0.772868 0.178917 0.012956 0.000047 0.035211
0 0 0.604003 0.299825 0.034232 0.000302 0.061639
1 0 0.222514 0.707384 0.034949 0.000000 0.035152
1 0 0.238324 0.639335 0.095145 0.000068 0.027128
0 0 0.653268 0.261280 0.050420 0.000363 0.034669
0 0 0.636567 0.259682 0.036270 0.000644 0.066837
0 0 0.585811 0.333777 0.007740 0.000008 0.072664
0 0 0.658338 0.288984 0.009451 0.000007 0.043220
1 0 0.337947 0.610226 0.015615 0.000002 0.036211
1 0 0.456889 0.485943 0.036509 0.000008 0.020651
0 0 0.845129 0.105998 0.029790 0.000562 0.018522
0 0 0.545874 0.307463 0.107602 0.002102 0.036958
0 0 0.752152 0.187307 0.011789 0.000063 0.048689
1 0 0.421162 0.475486 0.060590 0.000135 0.042627
1 0 0.349992 0.563854 0.042390 0.000036 0.043728
1 0 0.182615 0.666868 0.074857 0.000285 0.075374
0 0 0.567535 0.338536 0.028390 0.000149 0.065391
0 1 0.547873 0.291631 0.051827 0.000698 0.107971
1 1 0.313992 0.586325 0.077841 0.000034 0.021808
1 1 0.335266 0.549903 0.044158 0.000116 0.070558
1 1 0.074669 0.703774 0.177441 0.000494 0.043622
1 1 0.047621 0.768213 0.163448 0.000110 0.020609
1 1 0.063573 0.711435 0.196825 0.000381 0.027787
1 1 0.042190 0.710339 0.217827 0.000581 0.029063
1 1 0.040646 0.727712 0.197671 0.000309 0.033661
1 4 0.047935 0.715289 0.215459 0.000138 0.021179
1 4 0.051919 0.590034 0.169662 0.000127 0.188258
2 4 0.020854 0.424679 0.451339 0.000062 0.103065
2 4 0.010294 0.342062 0.568184 0.000024 0.079435
2 4 0.008179 0.309532 0.591698 0.000013 0.090577
2 4 0.001923 0.131205 0.848093 0.000426 0.018353
1 2 0.014990 0.601143 0.250495 0.000012 0.133361
2 2 0.001239 0.056638 0.909317 0.000272 0.032533
1 2 0.043631 0.585709 0.313788 0.000084 0.056787
2 2 0.000978 0.084135 0.903337 0.000169 0.011382
2 2 0.002006 0.155115 0.822534 0.000029 0.020317
2 2 0.001378 0.102227 0.867324 0.000593 0.028477
2 2 0.012545 0.437147 0.459910 0.000026 0.090371
2 2 0.000431 0.019940 0.975418 0.000280 0.003931
2 2 0.004720 0.146160 0.819636 0.000291 0.029193
2 2 0.000208 0.017149 0.979646 0.000589 0.002408
2 2 0.001601 0.082362 0.892203 0.000025 0.023809
2 2 0.004059 0.243501 0.705447 0.000132 0.046861
2 2 0.005850 0.175557 0.797719 0.000435 0.020438
2 2 0.004056 0.131690 0.821063 0.000689 0.042502
2 2 0.001988 0.082688 0.900925 0.001270 0.013130
2 2 0.001544 0.137609 0.844993 0.000412 0.015442
2 2 0.006809 0.084777 0.874042 0.001012 0.033360
2 2 0.000130 0.018243 0.976755 0.001866 0.003007
2 2 0.000467 0.067323 0.911916 0.000519 0.019775
2 2 0.002573 0.181183 0.796818 0.000132 0.019293
2 2 0.000152 0.018353 0.979131 0.000150 0.002214
2 2 0.000162 0.022764 0.965556 0.000899 0.010618
2 2 0.004042 0.276370 0.636151 0.000033 0.083404
1 2 0.172881 0.579341 0.122264 0.000267 0.125248
2 2 0.008760 0.270634 0.651219 0.002153 0.067233
2 2 0.002795 0.184216 0.751485 0.001632 0.059872
2 2 0.000339 0.064059 0.891251 0.000051 0.044301
2 2 0.000027 0.016144 0.976105 0.001737 0.005987
2 2 0.000243 0.037892 0.950568 0.000292 0.011005
2 2 0.000297 0.040520 0.953999 0.000823 0.004360
2 2 0.000034 0.011425 0.984037 0.001317 0.003186
2 2 0.008992 0.250457 0.701297 0.000618 0.038637
1 2 0.048712 0.605898 0.300456 0.000134 0.044800
2 2 0.003227 0.262632 0.646038 0.000037 0.088066
0 0 0.630987 0.238270 0.085385 0.002955 0.042403
0 0 0.799154 0.153497 0.027513 0.000144 0.019692
0 0 0.744979 0.199050 0.019935 0.000099 0.035936
1 0 0.240930 0.655455 0.050360 0.000054 0.053200
1 0 0.209385 0.668116 0.083772 0.000092 0.038635
1 0 0.399607 0.476264 0.080291 0.000279 0.043558
0 0 0.658691 0.242780 0.054289 0.000866 0.043374
0 0 0.501799 0.390493 0.074621 0.000241 0.032846
0 0 0.848579 0.105089 0.030106 0.000331 0.015894
0 0 0.775488 0.175876 0.021895 0.000100 0.026641
1 0 0.394274 0.486402 0.084324 0.000186 0.034814
1 0 0.166898 0.743481 0.061881 0.000017 0.027723
1 0 0.247802 0.656552 0.064426 0.000033 0.031188
1 1 0.307603 0.554054 0.083974 0.000198 0.054171
1 1 0.416913 0.530244 0.034833 0.000004 0.018005
1 1 0.115595 0.679511 0.139124 0.000050 0.065720
1 1 0.099172 0.681740 0.147481 0.000072 0.071534
1 1 0.046205 0.583626 0.288158 0.000037 0.081974
2 1 0.010313 0.387712 0.546454 0.000008 0.055513
1 2 0.099022 0.659579 0.180794 0.000027 0.060579
2 2 0.013110 0.369551 0.586566 0.000249 0.030524
1 2 0.052187 0.648027 0.235123 0.000030 0.064632
2 2 0.001486 0.116939 0.866154 0.000142 0.015279
2 2 0.007011 0.286568 0.676362 0.000007 0.030052
2 2 0.004173 0.156633 0.803637 0.010648 0.024909
2 4 0.005546 0.115553 0.852569 0.000627 0.025704
1 4 0.101955 0.571844 0.262329 0.000694 0.063178
1 4 0.058036 0.559452 0.310433 0.000127 0.071951
2 2 0.011210 0.347249 0.595675 0.000382 0.045484
1 2 0.064744 0.554195 0.321729 0.000058 0.059273
1 2 0.206543 0.657751 0.113894 0.000063 0.021749
1 2 0.125581 0.639470 0.203176 0.000361 0.031411
1 4 0.127858 0.457858 0.397881 0.002655 0.013749
2 4 0.011244 0.152085 0.803577 0.001382 0.031710
2 4 0.086462 0.444917 0.451852 0.000161 0.016608
2 2 0.002023 0.029628 0.959585 0.004981 0.003783
2 2 0.047774 0.361929 0.524472 0.000640 0.065185
2 2 0.002290 0.084121 0.900565 0.000115 0.012909
2 2 0.006176 0.069736 0.914356 0.003035 0.006697
2 2 0.000845 0.035799 0.958433 0.001912 0.003012
2 2 0.010273 0.130185 0.839160 0.010000 0.010382
2 2 0.003058 0.071798 0.912857 0.005900 0.006387
2 2 0.024101 0.202456 0.753901 0.004065 0.015476
2 2 0.001411 0.027047 0.958271 0.002423 0.010848
2 2 0.017977 0.354304 0.608526 0.000163 0.019030
2 2 0.004557 0.075466 0.895021 0.004740 0.020216
2 2 0.010694 0.218038 0.737388 0.000534 0.033345
2 2 0.002062 0.049288 0.939097 0.002967 0.006587
2 2 0.005564 0.125652 0.854151 0.000541 0.014091
2 2 0.022397 0.171579 0.767096 0.008804 0.030123
1 2 0.062549 0.478038 0.428390 0.002372 0.028651
2 2 0.022936 0.244757 0.720515 0.004325 0.007468
2 2 0.001726 0.063859 0.931905 0.000928 0.001583
2 2 0.001138 0.063949 0.915755 0.014608 0.004549
0 4 0.844641 0.102983 0.021212 0.000675 0.030488
0 0 0.768862 0.183373 0.027589 0.000085 0.020091
0 0 0.575927 0.295965 0.071169 0.001104 0.055836
0 0 0.575043 0.340815 0.033830 0.000129 0.050183
1 0 0.199795 0.643836 0.051157 0.000033 0.105178
1 1 0.030902 0.686154 0.163441 0.000003 0.119501
1 1 0.060801 0.737417 0.113977 0.000015 0.087790
1 1 0.140452 0.679127 0.095052 0.000136 0.085234
1 2 0.033082 0.495892 0.425854 0.000245 0.044927
1 2 0.039074 0.706032 0.200637 0.000037 0.054220
2 2 0.004114 0.254618 0.640231 0.000323 0.100714
2 2 0.009344 0.102530 0.868636 0.002733 0.016758
2 2 0.002169 0.098984 0.891013 0.000536 0.007298
2 2 0.002014 0.161360 0.820351 0.004005 0.012269
2 2 0.001222 0.060403 0.927772 0.003096 0.007508
2 2 0.000674 0.047662 0.941281 0.003761 0.006621
2 2 0.002531 0.172989 0.794707 0.000586 0.029187
2 2 0.000013 0.002951 0.988947 0.007538 0.000551
2 2 0.000726 0.046519 0.945361 0.000284 0.007109
2 2 0.001325 0.078678 0.911619 0.000501 0.007876
2 2 0.000073 0.020350 0.971200 0.001907 0.006470
2 2 0.000008 0.000640 0.957183 0.042140 0.000030
2 2 0.000791 0.074230 0.910013 0.000030 0.014937
2 2 0.000271 0.043178 0.950793 0.000910 0.004847
2 2 0.000029 0.009141 0.985723 0.003043 0.002064
2 2 0.000141 0.021644 0.970528 0.003051 0.004635
2 2 0.000146 0.013108 0.933468 0.051681 0.001598
1 2 0.169100 0.622606 0.136168 0.000404 0.071723
2 2 0.000497 0.023512 0.960465 0.014277 0.001250
2 2 0.000861 0.029287 0.962532 0.003367 0.003953
2 2 0.000081 0.017164 0.977116 0.000239 0.005401
2 2 0.000458 0.047987 0.939660 0.000328 0.011567
2 2 0.000042 0.007198 0.990697 0.000844 0.001219
2 2 0.002908 0.062635 0.917108 0.009213 0.008134
2 2 0.000515 0.051673 0.931488 0.002913 0.013411
2 2 0.000064 0.006706 0.952931 0.039449 0.000850
2 2 0.000562 0.074039 0.903866 0.004399 0.017135
2 2 0.000030 0.003687 0.992651 0.003419 0.000213
2 2 0.001183 0.103904 0.863737 0.010387 0.020789
2 2 0.000189 0.031812 0.954328 0.010218 0.003453
2 2 0.000222 0.002720 0.885619 0.111334 0.000104
2 2 0.004842 0.046738 0.935693 0.008315 0.004411
2 2 0.006165 0.060352 0.870836 0.052742 0.009905
2 2 0.001285 0.060256 0.914634 0.000489 0.023337
1 2 0.025631 0.518813 0.425395 0.000027 0.030134
2 2 0.000232 0.028844 0.962058 0.004221 0.004646
2 2 0.000594 0.031370 0.925847 0.037908 0.004281
2 2 0.000350 0.031960 0.950402 0.010958 0.006330
2 2 0.000362 0.046310 0.935498 0.001319 0.016512
2 2 0.000021 0.001926 0.977953 0.019996 0.000104
2 2 0.000007 0.002190 0.986039 0.011456 0.000309
2 2 0.000112 0.022849 0.964419 0.009965 0.002655
2 2 0.000495 0.053412 0.934644 0.001092 0.010357
2 2 0.000134 0.013411 0.966942 0.017925 0.001588
2 2 0.000816 0.022556 0.854540 0.119176 0.002912
2 2 0.012025 0.160139 0.774909 0.026068 0.026859
2 2 0.000025 0.004586 0.989564 0.005228 0.000598
2 2 0.000571 0.017856 0.956099 0.022447 0.003027
2 2 0.000107 0.012560 0.978132 0.007755 0.001446
2 2 0.000265 0.016545 0.969537 0.003451 0.010202
2 2 0.000074 0.017501 0.973877 0.005959 0.002590
2 2 0.000240 0.015915 0.970154 0.011488 0.002203
2 2 0.000746 0.075431 0.905438 0.000324 0.018061
2 2 0.000012 0.001524 0.980776 0.017458 0.000230
2 2 0.003017 0.091590 0.877901 0.012894 0.014598
2 2 0.000224 0.015386 0.980809 0.000966 0.002616
1 2 0.044042 0.484582 0.444413 0.000377 0.026587
2 2 0.002292 0.066263 0.914182 0.014071 0.003191
2 2 0.017431 0.204109 0.751665 0.001091 0.025704
1 2 0.064518 0.596703 0.327340 0.000290 0.011149
2 2 0.014633 0.285046 0.690624 0.000668 0.009029
2 2 0.000754 0.034928 0.939826 0.021234 0.003258
2 2 0.030385 0.379663 0.557989 0.000456 0.031508
1 2 0.076813 0.661232 0.204410 0.000154 0.057391
2 2 0.001470 0.057646 0.935234 0.001887 0.003762
2 2 0.002847 0.101504 0.883576 0.000329 0.011744
1 2 0.057082 0.629218 0.284325 0.000037 0.029338
1 2 0.055885 0.734169 0.173607 0.000012 0.036326
1 2 0.048890 0.666388 0.199718 0.000022 0.084981
2 2 0.007484 0.212783 0.742726 0.005730 0.031277
2 2 0.000230 0.021555 0.949991 0.024601 0.003622
2 2 0.006928 0.297138 0.676396 0.000052 0.019487
2 2 0.000565 0.028377 0.966633 0.002254 0.002170
2 2 0.000954 0.060775 0.931949 0.003080 0.003242
2 2 0.100202 0.240381 0.546633 0.000847 0.111937
1 2 0.074221 0.785176 0.104333 0.000095 0.036174
1 2 0.094566 0.691783 0.170421 0.000040 0.043190
1 2 0.067678 0.595850 0.315734 0.000079 0.020659
1 2 0.037126 0.474882 0.436648 0.000027 0.051317
1 2 0.056098 0.768564 0.141254 0.000021 0.034063
1 2 0.259881 0.581084 0.116629 0.000365 0.042041
0 0 0.356432 0.265427 0.320711 0.013724 0.043706
1 0 0.398069 0.500161 0.045733 0.000103 0.055933
1 0 0.100721 0.708600 0.117247 0.000006 0.073426
1 1 0.075666 0.693498 0.135890 0.000021 0.094925
1 1 0.076754 0.731813 0.124711 0.000031 0.066692
1 1 0.167185 0.670008 0.089494 0.000009 0.073304
1 1 0.082800 0.740048 0.103446 0.000008 0.073697
1 2 0.036655 0.550180 0.262422 0.000115 0.150628
1 2 0.039573 0.684954 0.143924 0.000003 0.131545
1 2 0.025589 0.578614 0.297968 0.000024 0.097805
1 2 0.059219 0.701236 0.165604 0.000015 0.073927
1 2 0.080827 0.646717 0.123446 0.000061 0.148949
2 2 0.028951 0.425474 0.450924 0.000459 0.094191
0 2 0.499303 0.355270 0.016798 0.000025 0.128605
0 2 0.697874 0.216684 0.028676 0.000094 0.056672
1 0 0.407043 0.547397 0.017637 0.000002 0.027921
1 0 0.290539 0.580463 0.022763 0.000003 0.106232
0 0 0.675577 0.236373 0.030586 0.000415 0.057049
0 0 0.642384 0.262625 0.017758 0.000034 0.077200
1 0 0.414094 0.484150 0.035224 0.000086 0.066446
1 0 0.216625 0.673910 0.051244 0.000009 0.058212
1 0 0.197560 0.581391 0.041974 0.000009 0.179066
4 0 0.025921 0.351442 0.062376 0.000004 0.560257
4 1 0.012773 0.276996 0.092985 0.000006 0.617241
4 1 0.024618 0.110480 0.029388 0.000132 0.835382
4 1 0.013436 0.072850 0.036525 0.000014 0.877174
4 4 0.022263 0.247555 0.062373 0.000033 0.667776
4 4 0.076621 0.246584 0.132906 0.003074 0.540815
4 4 0.064487 0.105305 0.035608 0.000023 0.794577
0 4 0.489142 0.060635 0.024476 0.000696 0.425051
4 4 0.054899 0.089782 0.066964 0.002321 0.786033
4 4 0.043504 0.056687 0.020683 0.000115 0.879011
4 4 0.242988 0.334720 0.056120 0.000357 0.365814
1 4 0.156380 0.561247 0.085667 0.000323 0.196383
1 4 0.107907 0.472087 0.042029 0.000001 0.377975
4 4 0.066182 0.187000 0.036381 0.000151 0.710286
1 4 0.240183 0.351865 0.115221 0.002881 0.289849
1 4 0.097447 0.443392 0.040749 0.000002 0.418410
1 4 0.022026 0.406669 0.201146 0.000055 0.370104
4 4 0.048851 0.158521 0.014339 0.000001 0.778288
4 4 0.062304 0.299046 0.037721 0.000003 0.600926
4 4 0.039266 0.081947 0.018073 0.000087 0.860626
1 4 0.263973 0.468404 0.060578 0.000061 0.206984
4 4 0.006533 0.330123 0.218753 0.000022 0.444569
4 4 0.029794 0.340782 0.127904 0.000410 0.501111
4 4 0.014234 0.120705 0.074696 0.000032 0.790333
4 4 0.060956 0.123229 0.039144 0.000045 0.776626
