0 0 0.975638 0.008996 0.001902 0.000009 0.013455
0 0 0.915358 0.060778 0.012934 0.000117 0.010813
0 0 0.938333 0.015865 0.003767 0.000025 0.042011
0 0 0.972689 0.015240 0.003256 0.000035 0.008781
0 0 0.956114 0.029836 0.004225 0.000007 0.009818
0 0 0.965994 0.011057 0.002056 0.000004 0.020889
0 0 0.929105 0.037471 0.009151 0.000214 0.024060
0 0 0.946887 0.017935 0.002874 0.000003 0.032301
0 0 0.968247 0.013718 0.002960 0.000021 0.015055
0 0 0.972358 0.011755 0.002179 0.000006 0.013701
0 0 0.983708 0.006004 0.000879 0.000000 0.009409
0 0 0.950459 0.021978 0.004274 0.000018 0.023270
0 0 0.925911 0.041448 0.007216 0.000027 0.025398
0 0 0.951351 0.010241 0.001889 0.000002 0.036518
0 0 0.964729 0.014955 0.002238 0.000002 0.018075
0 0 0.954082 0.030362 0.005612 0.000035 0.009909
0 0 0.940715 0.029533 0.005826 0.000025 0.023901
0 0 0.651989 0.268385 0.052292 0.000082 0.027252
0 0 0.911049 0.043168 0.009064 0.000036 0.036684
1 0 0.130031 0.620058 0.130807 0.000003 0.119102
1 0 0.312120 0.443769 0.070003 0.000004 0.174103
4 0 0.140222 0.167449 0.035557 0.000003 0.656770
1 1 0.083044 0.495524 0.129301 0.000001 0.292130
4 1 0.038153 0.334028 0.138176 0.000002 0.489641
4 1 0.042022 0.398716 0.149630 0.000000 0.409631
4 1 0.017726 0.114342 0.030516 0.000000 0.837416
4 1 0.059146 0.292219 0.070929 0.000001 0.577704
4 4 0.016585 0.120217 0.044589 0.000000 0.818608
4 4 0.038529 0.325959 0.136599 0.000003 0.498910
4 4 0.024937 0.225379 0.091679 0.000000 0.658005
4 4 0.128377 0.078037 0.014755 0.000016 0.778815
4 1 0.061919 0.114279 0.014315 0.000000 0.809486
4 1 0.042304 0.111959 0.023044 0.000000 0.822693
4 1 0.050392 0.233980 0.058006 0.000001 0.657620
4 1 0.024220 0.305927 0.184957 0.000003 0.484893
4 1 0.043568 0.297396 0.119739 0.000018 0.539279
4 4 0.009438 0.079566 0.036273 0.000000 0.874722
4 4 0.043921 0.058718 0.014676 0.000010 0.882674
4 4 0.088335 0.037422 0.011394 0.000050 0.862799
4 1 0.047383 0.158845 0.025135 0.000000 0.768637
4 1 0.056644 0.181798 0.036907 0.000001 0.724651
4 1 0.027758 0.190868 0.057570 0.000000 0.723804
4 1 0.070895 0.039113 0.007719 0.000006 0.882266
4 1 0.010808 0.091261 0.043851 0.000001 0.854079
4 1 0.016313 0.245521 0.148464 0.000000 0.589702
4 1 0.027799 0.303985 0.129368 0.000000 0.538849
4 1 0.079526 0.405750 0.104446 0.000003 0.410275
4 1 0.019261 0.270579 0.162358 0.000000 0.547801
1 1 0.025821 0.405869 0.291430 0.000006 0.276874
1 1 0.032454 0.393829 0.244972 0.000016 0.328728
1 1 0.041592 0.487085 0.375038 0.000415 0.095870
2 1 0.008780 0.285428 0.667566 0.000126 0.038099
2 2 0.000425 0.070468 0.924170 0.000021 0.004916
2 2 0.000211 0.038399 0.950688 0.000731 0.009971
2 2 0.000287 0.050409 0.946509 0.000107 0.002688
2 2 0.006933 0.175565 0.805144 0.000907 0.011451
2 2 0.000033 0.005779 0.993035 0.000836 0.000317
2 2 0.002105 0.062639 0.921113 0.007360 0.006783
2 2 0.001697 0.045186 0.949857 0.001325 0.001935
2 2 0.000143 0.010015 0.984147 0.005297 0.000400
2 2 0.000131 0.009372 0.985102 0.005217 0.000178
2 2 0.000107 0.003504 0.969840 0.026432 0.000118
2 3 0.000000 0.000076 0.621472 0.378450 0.000001
2 3 0.001119 0.014601 0.911533 0.071727 0.001020
3 3 0.000001 0.000043 0.301547 0.698407 0.000001
3 3 0.000022 0.000488 0.353668 0.645802 0.000020
3 3 0.000000 0.000018 0.172854 0.827127 0.000000
2 3 0.000083 0.001328 0.568896 0.429629 0.000064
3 3 0.000000 0.000003 0.115417 0.884580 0.000000
3 3 0.000175 0.001644 0.453230 0.544856 0.000094
3 3 0.000000 0.000014 0.150805 0.849180 0.000000
3 3 0.000000 0.000002 0.056804 0.943194 0.000000
3 3 0.000000 0.000000 0.017470 0.982530 0.000000
3 3 0.000001 0.000022 0.110979 0.888998 0.000000
3 3 0.000000 0.000000 0.014515 0.985484 0.000000
3 3 0.000000 0.000010 0.113045 0.886945 0.000000
3 3 0.000000 0.000010 0.110020 0.889969 0.000000
3 3 0.000000 0.000000 0.017409 0.982590 0.000000
3 3 0.000000 0.000002 0.034726 0.965272 0.000000
3 3 0.000001 0.000007 0.047960 0.952032 0.000000
3 3 0.000004 0.000026 0.052258 0.947709 0.000002
3 3 0.000000 0.000001 0.016788 0.983210 0.000000
3 3 0.000001 0.000011 0.031913 0.968074 0.000000
3 3 0.000000 0.000002 0.024501 0.975497 0.000000
3 3 0.000001 0.000010 0.048372 0.951616 0.000000
3 3 0.000000 0.000001 0.017890 0.982109 0.000000
3 3 0.000000 0.000002 0.032745 0.967253 0.000000
3 3 0.000000 0.000001 0.037035 0.962964 0.000000
3 3 0.000000 0.000002 0.027434 0.972563 0.000000
3 3 0.000000 0.000002 0.040026 0.959972 0.000000
3 3 0.000000 0.000003 0.019735 0.980262 0.000000
3 3 0.000000 0.000000 0.011311 0.988689 0.000000
3 3 0.000000 0.000001 0.019997 0.980002 0.000000
3 3 0.000002 0.000013 0.050207 0.949777 0.000001
3 3 0.000013 0.000123 0.103619 0.896236 0.000009
3 3 0.000003 0.000035 0.104745 0.895216 0.000001
3 3 0.000000 0.000013 0.088540 0.911446 0.000000
3 3 0.000011 0.000063 0.054024 0.945899 0.000004
3 3 0.000000 0.000005 0.038737 0.961257 0.000000
3 3 0.000000 0.000004 0.022436 0.977559 0.000000
3 3 0.000034 0.000121 0.076005 0.923829 0.000011
3 3 0.000003 0.000018 0.043540 0.956439 0.000001
3 3 0.000000 0.000002 0.011167 0.988830 0.000000
3 3 0.000000 0.000002 0.018090 0.981908 0.000000
3 3 0.000000 0.000005 0.020455 0.979540 0.000000
3 3 0.000000 0.000003 0.019730 0.980267 0.000000
3 3 0.000000 0.000002 0.015356 0.984642 0.000000
3 3 0.000000 0.000004 0.023286 0.976710 0.000000
3 3 0.000000 0.000003 0.017666 0.982331 0.000000
3 3 0.000000 0.000001 0.013058 0.986940 0.000000
3 3 0.000000 0.000003 0.012863 0.987134 0.000000
3 3 0.000000 0.000001 0.014180 0.985820 0.000000
3 3 0.000000 0.000003 0.019824 0.980173 0.000000
3 3 0.000000 0.000001 0.010203 0.989796 0.000000
3 3 0.000001 0.000007 0.011084 0.988906 0.000001
3 3 0.000000 0.000003 0.015286 0.984711 0.000000
3 3 0.000000 0.000001 0.010434 0.989565 0.000000
3 3 0.000001 0.000007 0.030330 0.969662 0.000000
3 3 0.000000 0.000001 0.011810 0.988189 0.000000
3 3 0.000000 0.000002 0.015019 0.984979 0.000000
3 3 0.000002 0.000012 0.031985 0.968000 0.000000
3 3 0.000000 0.000001 0.009975 0.990024 0.000000
3 3 0.000000 0.000003 0.013402 0.986594 0.000000
3 3 0.000000 0.000000 0.006308 0.993691 0.000000
3 3 0.000000 0.000002 0.013623 0.986375 0.000000
3 3 0.000000 0.000003 0.021197 0.978800 0.000000
3 3 0.000000 0.000002 0.011472 0.988526 0.000000
3 3 0.000000 0.000002 0.017765 0.982233 0.000000
3 3 0.000000 0.000003 0.014160 0.985837 0.000000
3 3 0.000000 0.000004 0.014632 0.985364 0.000000
3 3 0.000000 0.000002 0.015027 0.984970 0.000000
3 3 0.000000 0.000002 0.025415 0.974582 0.000000
3 3 0.000000 0.000002 0.018249 0.981748 0.000000
3 3 0.000000 0.000001 0.010437 0.989562 0.000000
3 3 0.000000 0.000000 0.005638 0.994362 0.000000
3 3 0.000000 0.000002 0.012327 0.987671 0.000000
3 3 0.000000 0.000003 0.016716 0.983280 0.000000
3 3 0.000005 0.000025 0.038972 0.960996 0.000002
3 3 0.000000 0.000001 0.008926 0.991073 0.000000
3 3 0.000001 0.000007 0.017419 0.982572 0.000000
3 3 0.000000 0.000002 0.015465 0.984533 0.000000
3 3 0.000000 0.000004 0.021225 0.978771 0.000000
3 3 0.000000 0.000001 0.017622 0.982377 0.000000
3 3 0.000003 0.000018 0.023629 0.976349 0.000001
3 3 0.000001 0.000006 0.019953 0.980040 0.000000
3 3 0.000000 0.000000 0.009734 0.990266 0.000000
3 3 0.000001 0.000007 0.015735 0.984256 0.000000
3 3 0.000000 0.000001 0.016094 0.983905 0.000000
3 3 0.000004 0.000013 0.015036 0.984947 0.000001
3 3 0.000001 0.000004 0.013881 0.986115 0.000000
3 3 0.000000 0.000004 0.015030 0.984966 0.000000
3 3 0.000001 0.000004 0.010626 0.989369 0.000000
3 3 0.000001 0.000004 0.017284 0.982711 0.000000
3 3 0.001441 0.002926 0.296688 0.698798 0.000147
3 3 0.000002 0.000143 0.257815 0.742034 0.000005
2 2 0.019974 0.196933 0.695569 0.041240 0.046284
2 2 0.002678 0.035591 0.900257 0.056784 0.004690
2 2 0.008333 0.258683 0.689644 0.001731 0.041610
2 2 0.004801 0.110550 0.853789 0.012180 0.018680
2 2 0.001014 0.098154 0.893369 0.000825 0.006638
2 2 0.001424 0.056792 0.916829 0.020750 0.004205
2 2 0.000126 0.016530 0.980003 0.002680 0.000660
2 2 0.000343 0.033600 0.960951 0.000984 0.004122
2 2 0.010357 0.286230 0.653627 0.003487 0.046299
2 2 0.002320 0.133050 0.835813 0.002910 0.025906
2 2 0.000642 0.087163 0.904185 0.000032 0.007978
2 2 0.001010 0.071883 0.922230 0.000655 0.004222
2 2 0.001016 0.097623 0.878612 0.000619 0.022131
2 2 0.000545 0.056798 0.937979 0.000111 0.004567
2 2 0.000353 0.058883 0.933205 0.000106 0.007454
2 2 0.001263 0.113635 0.854567 0.000127 0.030408
2 2 0.002384 0.134244 0.845366 0.001089 0.016917
2 2 0.000938 0.035798 0.956103 0.000917 0.006245
1 2 0.034033 0.481913 0.432593 0.000075 0.051385
0 0 0.347383 0.302953 0.175421 0.011370 0.162873
1 0 0.076384 0.431687 0.408707 0.001116 0.082105
2 2 0.001683 0.131222 0.860365 0.000204 0.006526
2 2 0.000941 0.093644 0.898196 0.000399 0.006820
2 2 0.005451 0.220388 0.730038 0.000077 0.044045
2 2 0.001949 0.140712 0.849055 0.000593 0.007692
2 2 0.002137 0.138839 0.831523 0.000414 0.027087
2 2 0.000153 0.026911 0.960019 0.001216 0.011701
2 2 0.000957 0.049715 0.938914 0.000093 0.010322
2 2 0.000595 0.072701 0.915143 0.000234 0.011327
2 2 0.000176 0.035208 0.952689 0.000391 0.011536
2 2 0.000316 0.049184 0.936940 0.000497 0.013063
2 2 0.000306 0.049820 0.910107 0.000050 0.039717
2 2 0.001660 0.095096 0.846429 0.000219 0.056596
2 2 0.000676 0.043324 0.943113 0.003356 0.009531
2 2 0.002122 0.060274 0.924609 0.005089 0.007905
2 2 0.000387 0.015581 0.979529 0.002794 0.001709
1 2 0.347974 0.422575 0.173392 0.000526 0.055533
1 2 0.253876 0.506773 0.163423 0.000136 0.075791
1 1 0.190994 0.572151 0.188701 0.000091 0.048063
1 1 0.160960 0.622861 0.144024 0.000028 0.072127
1 1 0.038642 0.511761 0.371321 0.000028 0.078248
2 1 0.071338 0.439983 0.440056 0.001196 0.047427
2 1 0.009732 0.293883 0.628504 0.000116 0.067766
1 1 0.029620 0.426477 0.333276 0.000061 0.210567
1 1 0.025897 0.456363 0.406982 0.000009 0.110749
2 2 0.000523 0.051560 0.937454 0.002165 0.008298
2 2 0.000244 0.043924 0.939409 0.000324 0.016099
2 2 0.000147 0.035125 0.946394 0.000095 0.018238
2 2 0.000020 0.010526 0.984470 0.000906 0.004077
2 2 0.000144 0.036209 0.950930 0.000039 0.012678
2 2 0.000531 0.060337 0.926740 0.000163 0.012229
2 2 0.000366 0.038962 0.949089 0.000954 0.010629
2 2 0.000141 0.012500 0.983905 0.002402 0.001052
2 2 0.000568 0.066279 0.915349 0.000378 0.017426
2 2 0.000112 0.012253 0.982800 0.000166 0.004670
2 2 0.000252 0.034170 0.951619 0.000426 0.013533
2 2 0.000243 0.019247 0.975943 0.001901 0.002665
2 2 0.000074 0.013135 0.983441 0.001286 0.002065
2 2 0.000300 0.039093 0.952467 0.000376 0.007764
2 2 0.006219 0.137660 0.840302 0.000657 0.015163
2 1 0.059200 0.397007 0.504672 0.002176 0.036945
1 1 0.286642 0.470290 0.145310 0.000232 0.097526
1 1 0.136882 0.641878 0.134557 0.000002 0.086680
0 1 0.437002 0.338401 0.078989 0.000195 0.145414
1 1 0.102262 0.679431 0.180436 0.000004 0.037867
1 1 0.071571 0.600507 0.239702 0.000022 0.088198
1 1 0.156380 0.641554 0.150056 0.000027 0.051984
1 1 0.033649 0.500599 0.400073 0.000020 0.065659
2 1 0.016200 0.373414 0.563319 0.000239 0.046827
2 2 0.000480 0.045699 0.949597 0.000434 0.003790
2 2 0.000041 0.008764 0.989357 0.001151 0.000687
2 2 0.001328 0.077391 0.908724 0.000125 0.012432
2 2 0.000945 0.057632 0.934165 0.000295 0.006963
2 2 0.000487 0.070386 0.921429 0.000033 0.007665
2 2 0.000283 0.033773 0.962934 0.000102 0.002908
2 2 0.002364 0.148593 0.836301 0.000539 0.012203
0 1 0.514838 0.292390 0.086360 0.001345 0.105067
1 1 0.132591 0.673934 0.143454 0.000004 0.050018
1 1 0.081808 0.629084 0.211850 0.000008 0.077251
1 1 0.112188 0.673003 0.175594 0.000010 0.039205
1 1 0.065236 0.607665 0.292416 0.000071 0.034612
2 1 0.006221 0.238822 0.738594 0.001095 0.015268
2 2 0.002596 0.106243 0.881551 0.000516 0.009093
2 2 0.000761 0.042386 0.952377 0.000907 0.003569
2 2 0.000461 0.039155 0.954465 0.000130 0.005789
2 2 0.000085 0.021219 0.976400 0.000131 0.002164
2 2 0.000548 0.051013 0.938350 0.000042 0.010048
2 2 0.000419 0.036374 0.957650 0.000113 0.005444
2 2 0.000535 0.025632 0.970926 0.000232 0.002675
2 2 0.000559 0.018940 0.976859 0.000783 0.002859
2 2 0.000415 0.056490 0.937632 0.000042 0.005422
2 2 0.000583 0.058392 0.935493 0.000454 0.005079
2 2 0.001828 0.102257 0.882027 0.000090 0.013798
2 2 0.000360 0.030448 0.963795 0.000151 0.005246
2 2 0.000099 0.014092 0.984350 0.000877 0.000582
2 2 0.003971 0.078244 0.904188 0.009961 0.003635
2 2 0.000475 0.050904 0.941814 0.001280 0.005527
2 2 0.005807 0.058760 0.931511 0.001572 0.002350
1 2 0.126930 0.444098 0.408701 0.001337 0.018934
0 0 0.646829 0.230616 0.060741 0.000440 0.061373
0 0 0.890263 0.077790 0.020484 0.000405 0.011057
0 0 0.959669 0.026102 0.004209 0.000013 0.010006
0 0 0.809149 0.139684 0.024153 0.000125 0.026889
0 0 0.963895 0.023535 0.002856 0.000002 0.009712
0 0 0.985581 0.008181 0.001058 0.000001 0.005180
0 0 0.971200 0.018543 0.004824 0.000089 0.005344
0 0 0.873016 0.086165 0.025404 0.000790 0.014625
0 0 0.824450 0.139041 0.019296 0.000032 0.017181
0 0 0.902853 0.042934 0.007217 0.000015 0.046981
0 0 0.526893 0.287688 0.147210 0.002942 0.035267
0 0 0.968544 0.006412 0.001064 0.000001 0.023980
0 0 0.477401 0.283471 0.050226 0.000025 0.188878
1 1 0.141163 0.606957 0.113310 0.000002 0.138569
1 1 0.088145 0.620232 0.199579 0.000010 0.092033
1 1 0.082256 0.570847 0.182870 0.000006 0.164021
1 1 0.086370 0.612196 0.194061 0.000006 0.107367
1 1 0.092014 0.628771 0.202094 0.000017 0.077104
1 1 0.059185 0.567253 0.297513 0.000061 0.075988
1 1 0.048487 0.533532 0.323842 0.000035 0.094104
1 1 0.032935 0.492973 0.349715 0.000011 0.124366
1 1 0.052972 0.562240 0.311407 0.000047 0.073335
1 1 0.052512 0.534665 0.258758 0.000015 0.154051
1 1 0.039185 0.519346 0.314262 0.000011 0.127195
2 2 0.000733 0.084710 0.902559 0.000291 0.011706
2 2 0.004454 0.234384 0.711492 0.000063 0.049606
2 2 0.000417 0.054285 0.936962 0.000497 0.007840
2 2 0.002498 0.161351 0.801949 0.000048 0.034155
2 2 0.000558 0.043232 0.951601 0.000364 0.004246
2 2 0.000200 0.044418 0.948874 0.000034 0.006474
2 2 0.000165 0.040372 0.946176 0.000021 0.013266
2 2 0.000037 0.009289 0.989200 0.000245 0.001230
2 2 0.001078 0.110913 0.860329 0.000010 0.027670
2 2 0.000091 0.019727 0.975980 0.000013 0.004188
2 2 0.000589 0.028908 0.967717 0.000222 0.002563
2 2 0.000302 0.048353 0.940095 0.000031 0.011219
2 2 0.000266 0.012689 0.984541 0.001798 0.000706
2 2 0.000162 0.037792 0.958693 0.000275 0.003078
2 2 0.000566 0.041216 0.952987 0.000580 0.004651
2 0 0.269852 0.302490 0.385688 0.011700 0.030270
0 0 0.731485 0.216530 0.026063 0.000006 0.025916
1 0 0.259164 0.490271 0.138866 0.000114 0.111585
1 1 0.026021 0.460457 0.426560 0.000018 0.086942
1 1 0.039980 0.518019 0.390717 0.000091 0.051193
2 1 0.036963 0.423086 0.503055 0.000219 0.036677
2 1 0.020107 0.420424 0.513697 0.000045 0.045727
2 2 0.000134 0.033827 0.962186 0.000259 0.003595
2 2 0.000060 0.017724 0.981431 0.000065 0.000720
2 2 0.006803 0.142170 0.828853 0.000867 0.021307
2 2 0.025489 0.453394 0.487771 0.000125 0.033220
2 2 0.001621 0.059993 0.935254 0.000609 0.002523
2 2 0.001612 0.055297 0.940041 0.000665 0.002385
2 2 0.000550 0.037146 0.960451 0.000160 0.001694
2 2 0.000357 0.027077 0.969567 0.000043 0.002957
2 2 0.000857 0.092336 0.898237 0.000103 0.008466
2 2 0.000281 0.037470 0.959520 0.000045 0.002684
2 2 0.001415 0.085754 0.902992 0.000248 0.009591
2 2 0.000806 0.033322 0.962946 0.001286 0.001639
2 2 0.007801 0.084139 0.903374 0.000261 0.004425
0 0 0.911479 0.064522 0.014484 0.000280 0.009234
0 0 0.518986 0.421744 0.045776 0.000013 0.013481
1 0 0.295453 0.605656 0.073828 0.000004 0.025058
1 0 0.256665 0.577093 0.117879 0.000220 0.048143
1 0 0.135290 0.606934 0.216869 0.000397 0.040509
1 0 0.157717 0.618517 0.137653 0.000091 0.086023
1 1 0.045924 0.498059 0.313438 0.000082 0.142498
2 1 0.020501 0.424247 0.512402 0.000077 0.042773
2 2 0.000999 0.102253 0.865851 0.000031 0.030865
2 2 0.001045 0.105154 0.851679 0.000030 0.042092
2 2 0.000285 0.047499 0.931575 0.000414 0.020226
2 2 0.000354 0.024433 0.968388 0.000757 0.006067
2 2 0.000065 0.023308 0.969065 0.000082 0.007480
2 2 0.000011 0.008800 0.984368 0.000041 0.006780
2 2 0.000023 0.007248 0.989450 0.002034 0.001246
2 2 0.002460 0.157948 0.715337 0.000012 0.124244
2 2 0.000158 0.036495 0.935549 0.000023 0.027775
2 2 0.001000 0.073004 0.858051 0.000057 0.067888
2 2 0.000426 0.060671 0.867046 0.000033 0.071824
2 2 0.000288 0.018785 0.975777 0.001598 0.003552
2 2 0.000261 0.011923 0.962556 0.022061 0.003200
2 2 0.003901 0.102482 0.866391 0.001569 0.025657
2 2 0.000584 0.040334 0.951914 0.000580 0.006588
2 2 0.000631 0.070079 0.878214 0.000227 0.050850
2 2 0.000043 0.007466 0.987530 0.002419 0.002542
2 2 0.000281 0.016476 0.979931 0.000985 0.002327
2 2 0.000944 0.041727 0.939383 0.003047 0.014900
2 2 0.030190 0.155742 0.774796 0.003211 0.036061
1 0 0.273989 0.442231 0.231315 0.002868 0.049597
1 0 0.166916 0.563406 0.214753 0.001250 0.053675
1 0 0.180090 0.511290 0.261804 0.002072 0.044745
0 0 0.543374 0.331968 0.082504 0.000288 0.041866
1 0 0.086397 0.591461 0.223754 0.000054 0.098335
1 0 0.048843 0.489884 0.273598 0.000060 0.187615
2 1 0.002471 0.164016 0.795387 0.000053 0.038074
2 2 0.000539 0.062925 0.915302 0.001431 0.019802
2 2 0.000474 0.064711 0.912856 0.000080 0.021879
2 2 0.000163 0.037577 0.953214 0.000057 0.008989
2 2 0.000624 0.029724 0.965777 0.001344 0.002530
2 2 0.000146 0.035224 0.950915 0.000116 0.013599
2 2 0.000096 0.025776 0.968610 0.000149 0.005368
2 2 0.000431 0.030864 0.965280 0.000393 0.003032
2 2 0.000132 0.011643 0.987281 0.000428 0.000516
2 2 0.000104 0.028355 0.965706 0.000247 0.005588
2 2 0.000287 0.042629 0.951842 0.000146 0.005095
2 2 0.000044 0.011167 0.986401 0.001445 0.000944
2 2 0.000097 0.028011 0.962976 0.000146 0.008770
2 2 0.000885 0.063881 0.921222 0.000209 0.013803
2 2 0.000456 0.017190 0.977062 0.003394 0.001899
2 2 0.000264 0.046161 0.944158 0.000348 0.009068
2 2 0.000005 0.000974 0.996076 0.002919 0.000027
2 2 0.000449 0.029836 0.962735 0.000913 0.006067
2 2 0.000329 0.025749 0.968431 0.001971 0.003519
2 2 0.000208 0.025684 0.968868 0.000256 0.004983
2 2 0.000139 0.008432 0.976223 0.014603 0.000603
2 2 0.000112 0.020451 0.973353 0.000233 0.005850
2 2 0.001338 0.052081 0.934775 0.001942 0.009864
2 2 0.000843 0.089758 0.879486 0.000246 0.029667
2 2 0.015901 0.085500 0.889461 0.002459 0.006680
0 0 0.898157 0.069558 0.019664 0.000513 0.012107
0 0 0.928584 0.055103 0.008694 0.000025 0.007594
0 0 0.834233 0.102424 0.015767 0.000033 0.047542
0 0 0.496202 0.338641 0.125598 0.001381 0.038177
0 0 0.677145 0.224678 0.070076 0.000871 0.027230
0 0 0.739010 0.180244 0.037178 0.000153 0.043415
0 0 0.885293 0.074843 0.019638 0.000165 0.020061
0 0 0.722260 0.175474 0.021039 0.000010 0.081217
1 0 0.166144 0.471922 0.168653 0.000158 0.193124
0 0 0.660535 0.241216 0.046349 0.000058 0.051842
0 0 0.601884 0.317033 0.045346 0.000033 0.035704
1 0 0.230500 0.578442 0.111492 0.000049 0.079517
0 0 0.383298 0.369592 0.071742 0.000014 0.175355
1 0 0.387833 0.433893 0.128777 0.000589 0.048909
0 0 0.466410 0.396531 0.093917 0.000699 0.042443
1 0 0.249557 0.517325 0.073761 0.000001 0.159355
4 0 0.066949 0.122516 0.028684 0.000003 0.781849
4 0 0.160912 0.049808 0.009882 0.000004 0.779394
4 0 0.086755 0.254745 0.071464 0.000006 0.587030
4 0 0.082228 0.338684 0.087765 0.000029 0.491295
4 0 0.029925 0.077484 0.019669 0.000001 0.872922
0 0 0.567847 0.118346 0.024929 0.000119 0.288759
4 0 0.344911 0.067692 0.011790 0.000008 0.575598
0 0 0.540069 0.150294 0.023492 0.000026 0.286119
4 0 0.101826 0.054354 0.010599 0.000005 0.833216
4 0 0.125400 0.087554 0.021541 0.000020 0.765485
4 0 0.227897 0.123846 0.029161 0.000044 0.619052
0 0 0.851082 0.079104 0.015763 0.000102 0.053949
0 0 0.415353 0.371739 0.082830 0.000254 0.129824
4 0 0.066329 0.046763 0.009140 0.000000 0.877768
4 0 0.095918 0.127092 0.022695 0.000001 0.754294
1 0 0.323274 0.381504 0.092655 0.000776 0.201791
0 0 0.527699 0.141377 0.016677 0.000003 0.314243
0 0 0.882382 0.084795 0.017312 0.000167 0.015343
0 0 0.802624 0.138604 0.041842 0.000523 0.016407
0 0 0.666568 0.252344 0.044493 0.000638 0.035957
0 0 0.657479 0.244843 0.052578 0.000954 0.044146
0 0 0.585969 0.231900 0.036015 0.000052 0.146064
0 0 0.388716 0.353882 0.080710 0.000120 0.176573
4 0 0.058567 0.140908 0.037657 0.000001 0.762867
4 0 0.158761 0.145659 0.021939 0.000000 0.673641
0 0 0.425272 0.366566 0.083180 0.000160 0.124822
1 0 0.129649 0.387980 0.106069 0.000002 0.376301
1 0 0.121558 0.437785 0.094654 0.000007 0.345996
4 0 0.030060 0.205729 0.093635 0.000040 0.670535
4 0 0.133733 0.147536 0.024832 0.000003 0.693895
4 0 0.055838 0.254781 0.079198 0.000012 0.610171
4 0 0.133793 0.141190 0.027645 0.000010 0.697361
4 0 0.065413 0.114594 0.027729 0.000007 0.792257
4 0 0.043056 0.032144 0.008595 0.000031 0.916174
4 0 0.251767 0.034975 0.007043 0.000003 0.706212
4 0 0.163864 0.270465 0.046631 0.000008 0.519032
4 0 0.043986 0.066225 0.013280 0.000001 0.876508
4 0 0.159649 0.217844 0.041556 0.000006 0.580945
4 1 0.111330 0.239863 0.053001 0.000003 0.595803
4 1 0.157543 0.222266 0.058849 0.000021 0.561320
1 1 0.109637 0.437629 0.088383 0.000003 0.364348
4 1 0.027724 0.276891 0.133207 0.000002 0.562177
1 1 0.052939 0.429354 0.155204 0.000001 0.362503
1 1 0.043148 0.402714 0.195654 0.000013 0.358471
1 1 0.089530 0.480380 0.144914 0.000028 0.285149
4 1 0.069780 0.337808 0.091466 0.000007 0.500939
4 1 0.027256 0.361859 0.219042 0.000003 0.391841
1 1 0.056874 0.456560 0.189080 0.000013 0.297474
1 1 0.030870 0.381627 0.227510 0.000006 0.359987
1 1 0.027967 0.447210 0.368159 0.000006 0.156658
4 1 0.067088 0.387722 0.108346 0.000002 0.436842
1 1 0.047962 0.520960 0.272316 0.000018 0.158744
1 1 0.029537 0.481468 0.409312 0.000027 0.079656
1 1 0.025406 0.444114 0.423952 0.000018 0.106509
1 1 0.386235 0.417138 0.103569 0.000080 0.092978
1 1 0.048313 0.452139 0.179174 0.000001 0.320373
1 1 0.035990 0.420740 0.223584 0.000003 0.319683
1 1 0.048638 0.514097 0.248058 0.000006 0.189201
1 1 0.039805 0.526378 0.336199 0.000010 0.097608
2 1 0.019061 0.391923 0.466342 0.000036 0.122639
2 1 0.017189 0.350185 0.439716 0.000022 0.192888
2 2 0.016785 0.340002 0.406290 0.000115 0.236808
2 2 0.000894 0.101975 0.878495 0.000026 0.018610
2 2 0.004157 0.207880 0.673794 0.000004 0.114165
2 2 0.002996 0.168394 0.778814 0.000328 0.049468
2 2 0.000128 0.036035 0.958820 0.000059 0.004957
2 2 0.000163 0.039276 0.953913 0.000062 0.006585
2 2 0.000846 0.087394 0.839702 0.000085 0.071974
2 2 0.000974 0.097307 0.871515 0.000027 0.030178
2 2 0.001100 0.109040 0.838647 0.000019 0.051195
2 2 0.000806 0.088169 0.890211 0.000114 0.020700
2 2 0.000806 0.092429 0.889215 0.000039 0.017511
2 2 0.005870 0.166236 0.798919 0.000035 0.028940
2 2 0.004807 0.232078 0.728751 0.000008 0.034356
2 2 0.002091 0.110224 0.876583 0.000081 0.011021
2 2 0.000246 0.047373 0.941263 0.000053 0.011064
2 2 0.000216 0.032571 0.964246 0.000124 0.002843
2 2 0.000145 0.022014 0.976317 0.000123 0.001402
2 2 0.000360 0.063713 0.933615 0.000045 0.002267
2 2 0.066704 0.349420 0.553540 0.005959 0.024376
0 0 0.943349 0.041700 0.008837 0.000124 0.005990
0 1 0.420609 0.351085 0.054553 0.000033 0.173720
1 1 0.240829 0.569273 0.062099 0.000000 0.127798
0 0 0.981328 0.013922 0.002780 0.000056 0.001914
0 0 0.587934 0.279861 0.100559 0.000996 0.030648
0 0 0.542924 0.396068 0.034761 0.000015 0.026232
0 0 0.498251 0.420004 0.041035 0.000031 0.040678
1 0 0.205601 0.580529 0.136667 0.000273 0.076930
1 1 0.329055 0.515350 0.101235 0.000613 0.053748
1 2 0.088943 0.593826 0.252065 0.000258 0.064908
2 2 0.000853 0.040737 0.953321 0.000434 0.004655
2 2 0.024555 0.431669 0.448488 0.000065 0.095224
2 2 0.003389 0.197771 0.766753 0.000012 0.032074
2 2 0.001482 0.123839 0.868981 0.000134 0.005564
2 2 0.006065 0.107343 0.878330 0.000797 0.007465
2 2 0.008705 0.209907 0.764945 0.000154 0.016289
2 2 0.001292 0.076276 0.912583 0.000311 0.009538
2 2 0.001632 0.125500 0.861855 0.000147 0.010866
2 2 0.005262 0.067440 0.919918 0.002138 0.005242
2 2 0.016809 0.274527 0.690986 0.001994 0.015685
2 2 0.004083 0.088975 0.898506 0.002360 0.006075
2 2 0.002074 0.044193 0.948326 0.002933 0.002474
2 2 0.011606 0.236356 0.741103 0.000222 0.010713
2 2 0.020457 0.404165 0.541536 0.000167 0.033675
2 2 0.000782 0.022103 0.972705 0.003534 0.000876
2 2 0.013365 0.086338 0.882554 0.011894 0.005849
2 2 0.001673 0.096912 0.894930 0.001121 0.005364
2 2 0.003300 0.067114 0.923366 0.002007 0.004213
2 2 0.007525 0.059772 0.913456 0.016366 0.002882
2 2 0.001270 0.028500 0.962966 0.006624 0.000641
2 2 0.008354 0.136827 0.842419 0.003103 0.009297
2 2 0.002242 0.039199 0.938841 0.015045 0.004673
2 3 0.000196 0.001484 0.540444 0.457837 0.000039
2 2 0.055657 0.317388 0.586498 0.012369 0.028088
2 2 0.003343 0.048921 0.934221 0.010772 0.002743
2 2 0.001175 0.031819 0.960619 0.004364 0.002023
2 2 0.000358 0.006884 0.950054 0.042179 0.000525
2 2 0.000216 0.013230 0.970285 0.015909 0.000360
2 2 0.000903 0.017709 0.963185 0.016599 0.001605
2 2 0.005767 0.064843 0.912505 0.015717 0.001168
2 2 0.002537 0.074675 0.906276 0.011498 0.005013
2 2 0.000439 0.016468 0.981024 0.001282 0.000789
2 2 0.002109 0.054894 0.941226 0.000519 0.001251
2 2 0.001931 0.134088 0.857438 0.000947 0.005596
2 2 0.000931 0.058700 0.935939 0.002320 0.002109
2 2 0.000155 0.006090 0.975537 0.018158 0.000061
2 2 0.001267 0.028466 0.967228 0.001867 0.001172
2 2 0.001795 0.040474 0.952498 0.003665 0.001569
2 2 0.000385 0.009501 0.982187 0.007833 0.000093
2 2 0.000170 0.007709 0.974497 0.017396 0.000228
2 2 0.001100 0.021996 0.948365 0.027816 0.000724
2 2 0.001539 0.020742 0.939598 0.037693 0.000428
2 2 0.001167 0.045253 0.947887 0.003461 0.002232
2 3 0.000142 0.002019 0.590025 0.407716 0.000098
2 3 0.000054 0.001225 0.686341 0.312366 0.000014
2 3 0.003699 0.061617 0.903922 0.029144 0.001618
2 3 0.000056 0.001549 0.715179 0.283191 0.000024
2 3 0.000684 0.007239 0.907536 0.084163 0.000377
2 3 0.000004 0.000185 0.541422 0.458388 0.000001
2 3 0.000166 0.001163 0.559897 0.438748 0.000026
3 3 0.000352 0.002404 0.358936 0.638120 0.000188
3 3 0.000002 0.000285 0.448208 0.551502 0.000003
3 3 0.000014 0.000312 0.323638 0.676032 0.000004
3 3 0.000030 0.000647 0.387349 0.611965 0.000010
2 3 0.000000 0.000111 0.604922 0.394966 0.000001
3 3 0.000019 0.000191 0.250169 0.749618 0.000002
3 3 0.000000 0.000021 0.122472 0.877507 0.000000
3 3 0.000002 0.000022 0.074129 0.925847 0.000001
3 3 0.000025 0.000220 0.133518 0.866232 0.000006
3 3 0.000013 0.000104 0.132711 0.867167 0.000004
3 3 0.000013 0.000089 0.128394 0.871503 0.000002
3 3 0.000000 0.000010 0.104541 0.895448 0.000000
3 3 0.000026 0.000199 0.091455 0.908313 0.000008
3 3 0.000002 0.000035 0.074898 0.925064 0.000001
3 3 0.000005 0.000031 0.056223 0.943739 0.000001
3 3 0.000179 0.001008 0.138383 0.860340 0.000090
3 3 0.000100 0.000284 0.094927 0.904676 0.000012
3 3 0.000020 0.000095 0.102504 0.897379 0.000002
3 3 0.000669 0.001151 0.131820 0.866274 0.000086
3 3 0.000012 0.000061 0.063721 0.936204 0.000002
3 3 0.000007 0.000040 0.069254 0.930697 0.000001
3 3 0.000037 0.000146 0.060941 0.938869 0.000007
3 3 0.000034 0.000095 0.072462 0.927406 0.000004
3 3 0.000005 0.000023 0.035111 0.964860 0.000001
3 3 0.000072 0.000127 0.059465 0.940325 0.000011
3 3 0.000003 0.000013 0.019887 0.980097 0.000000
3 3 0.000002 0.000014 0.038004 0.961979 0.000000
3 3 0.002050 0.001532 0.113250 0.883040 0.000127
3 3 0.000001 0.000005 0.022614 0.977380 0.000000
3 3 0.000021 0.000099 0.065900 0.933975 0.000005
3 3 0.000001 0.000008 0.043575 0.956417 0.000000
3 3 0.001055 0.000983 0.080406 0.917425 0.000130
3 3 0.000013 0.000047 0.035973 0.963965 0.000002
3 3 0.000006 0.000021 0.030720 0.969253 0.000001
3 3 0.000042 0.000081 0.042244 0.957629 0.000004
3 3 0.000211 0.000479 0.108106 0.891152 0.000052
3 3 0.000002 0.000012 0.026971 0.973015 0.000000
3 3 0.000618 0.000918 0.113717 0.884634 0.000113
3 3 0.000026 0.000087 0.058767 0.941116 0.000004
3 3 0.000003 0.000010 0.021281 0.978706 0.000000
3 3 0.000008 0.000034 0.042276 0.957681 0.000001
3 3 0.000002 0.000016 0.051663 0.948319 0.000000
3 3 0.000007 0.000024 0.039295 0.960674 0.000001
3 3 0.000061 0.000124 0.062868 0.936941 0.000007
3 3 0.000052 0.000120 0.055734 0.944086 0.000008
3 3 0.000015 0.000040 0.033169 0.966774 0.000002
3 3 0.000113 0.000277 0.100497 0.899098 0.000016
3 3 0.000115 0.000210 0.060132 0.939521 0.000022
3 3 0.000076 0.000211 0.071938 0.927762 0.000013
3 3 0.000872 0.000905 0.092503 0.905591 0.000129
3 3 0.000020 0.000064 0.054403 0.945510 0.000002
3 3 0.000006 0.000025 0.039096 0.960872 0.000001
3 3 0.000024 0.000056 0.025675 0.974241 0.000004
3 3 0.000050 0.000113 0.044044 0.955784 0.000010
3 3 0.000014 0.000056 0.069045 0.930884 0.000001
3 3 0.000320 0.000485 0.070556 0.928581 0.000059
3 3 0.000002 0.000020 0.059247 0.940730 0.000000
3 3 0.000004 0.000033 0.066554 0.933408 0.000001
3 3 0.000208 0.000454 0.104346 0.894949 0.000043
3 3 0.000001 0.000008 0.030535 0.969455 0.000000
3 3 0.000003 0.000026 0.055248 0.944722 0.000001
3 3 0.000335 0.000404 0.059205 0.940015 0.000041
3 3 0.000002 0.000016 0.035878 0.964103 0.000001
3 3 0.000002 0.000014 0.026398 0.973585 0.000001
3 3 0.000004 0.000035 0.055750 0.944210 0.000001
2 3 0.180088 0.103777 0.615609 0.093680 0.006845
2 2 0.018183 0.233066 0.715298 0.016866 0.016587
2 2 0.069743 0.327087 0.566380 0.012966 0.023824
2 2 0.040451 0.388884 0.499997 0.000777 0.069892
0 1 0.506304 0.321880 0.112935 0.001153 0.057728
1 1 0.073588 0.527699 0.223644 0.000160 0.174908
1 1 0.173351 0.436079 0.141435 0.000375 0.248760
1 0 0.375877 0.446901 0.127010 0.000586 0.049626
0 0 0.724685 0.208993 0.035129 0.000123 0.031069
1 0 0.347743 0.416505 0.131220 0.002704 0.101828
4 1 0.015947 0.119405 0.050102 0.000001 0.814544
4 1 0.125449 0.246816 0.045692 0.000005 0.582039
4 0 0.027000 0.077554 0.022967 0.000003 0.872476
0 0 0.569126 0.172388 0.044407 0.001107 0.212972
4 0 0.363004 0.201898 0.065438 0.000138 0.369522
4 0 0.057489 0.194247 0.049661 0.000004 0.698599
4 0 0.395500 0.066299 0.013123 0.000019 0.525060
4 0 0.021686 0.028464 0.008200 0.000009 0.941642
4 0 0.094625 0.126265 0.030889 0.000004 0.748216
4 0 0.070571 0.054757 0.013438 0.000008 0.861226
4 1 0.091856 0.227644 0.043436 0.000000 0.637063
4 1 0.094721 0.091509 0.017610 0.000005 0.796154
0 1 0.686822 0.095547 0.016751 0.000030 0.200849
4 1 0.196058 0.217600 0.035967 0.000006 0.550369
4 1 0.321878 0.090649 0.012271 0.000000 0.575202
0 1 0.635187 0.085981 0.014538 0.000004 0.264290
0 0 0.733972 0.079048 0.015923 0.000060 0.170997
0 0 0.557541 0.055313 0.008660 0.000002 0.378484
4 0 0.037478 0.049018 0.013185 0.000010 0.900310
0 0 0.630886 0.180280 0.031187 0.000058 0.157589
4 0 0.163685 0.056964 0.015431 0.000020 0.763900
4 0 0.296772 0.050911 0.007462 0.000001 0.644853
0 0 0.726690 0.019350 0.003071 0.000001 0.250888
4 0 0.307658 0.022529 0.004957 0.000002 0.664854
4 0 0.147596 0.180882 0.043410 0.000011 0.628101
0 0 0.887660 0.039506 0.006483 0.000008 0.066343
4 0 0.070162 0.030277 0.005163 0.000001 0.894397
4 0 0.133999 0.072887 0.013377 0.000011 0.779726
4 0 0.397159 0.035999 0.006828 0.000004 0.560010
0 0 0.841914 0.049960 0.012482 0.000159 0.095485
4 0 0.339224 0.059500 0.012855 0.000025 0.588396
4 0 0.136504 0.012015 0.002398 0.000000 0.849083
4 0 0.090637 0.023194 0.005651 0.000009 0.880509
0 0 0.746738 0.027821 0.003703 0.000000 0.221737
4 0 0.068017 0.017313 0.003512 0.000002 0.911157
4 0 0.063524 0.052371 0.010249 0.000010 0.873847
4 0 0.085850 0.027208 0.005762 0.000005 0.881176
4 0 0.121322 0.040629 0.004917 0.000000 0.833132
4 0 0.017123 0.058079 0.019456 0.000002 0.905339
4 0 0.048605 0.052550 0.013985 0.000003 0.884857
1 0 0.146305 0.443919 0.063177 0.000000 0.346599
4 0 0.190231 0.360417 0.069743 0.000009 0.379601
1 0 0.143551 0.479963 0.067900 0.000000 0.308586
4 0 0.132838 0.227760 0.050165 0.000013 0.589224
4 0 0.071620 0.025025 0.004408 0.000001 0.898946
4 0 0.028210 0.018194 0.003508 0.000000 0.950087
0 0 0.480074 0.235841 0.039166 0.000024 0.244895
4 0 0.016389 0.044797 0.009712 0.000002 0.929099
4 0 0.026879 0.093763 0.018827 0.000000 0.860531
4 0 0.040593 0.259601 0.075854 0.000000 0.623952
4 0 0.093362 0.161787 0.030517 0.000001 0.714332
4 0 0.138728 0.139728 0.024032 0.000001 0.697511
4 0 0.011659 0.048475 0.015252 0.000006 0.924609
4 0 0.039208 0.221353 0.050733 0.000000 0.688706
1 0 0.287982 0.489843 0.041325 0.000001 0.180849
4 0 0.031398 0.291578 0.100684 0.000000 0.576340
1 0 0.393542 0.414934 0.106524 0.000661 0.084339
1 0 0.343537 0.491402 0.029947 0.000000 0.135114
1 1 0.139637 0.413793 0.058739 0.000001 0.387830
4 1 0.070972 0.342565 0.111722 0.000105 0.474636
4 1 0.119085 0.263325 0.037872 0.000001 0.579716
4 4 0.018195 0.078140 0.031541 0.000005 0.872119
4 4 0.150426 0.139254 0.023210 0.000007 0.687104
4 4 0.101793 0.103134 0.020823 0.000042 0.774208
4 4 0.116538 0.017115 0.005684 0.000038 0.860624
4 4 0.083233 0.067693 0.027093 0.000748 0.821233
4 4 0.297999 0.041511 0.007485 0.000004 0.653000
4 4 0.095724 0.300458 0.061158 0.000014 0.542646
0 4 0.665361 0.082043 0.009318 0.000001 0.243278
0 1 0.610660 0.267709 0.031794 0.000028 0.089809
0 1 0.582845 0.306040 0.044123 0.000157 0.066835
0 1 0.567112 0.337613 0.024433 0.000002 0.070840
0 1 0.523205 0.384337 0.020109 0.000000 0.072349
1 1 0.355883 0.501945 0.039649 0.000001 0.102522
1 1 0.273593 0.359162 0.048625 0.000001 0.318619
1 1 0.180664 0.468722 0.081382 0.000001 0.269231
4 1 0.185824 0.360267 0.070196 0.000002 0.383711
1 1 0.255738 0.548525 0.054769 0.000001 0.140968
1 1 0.221315 0.573081 0.060487 0.000000 0.145117
1 1 0.143223 0.583643 0.098440 0.000001 0.174693
0 1 0.549724 0.319814 0.043320 0.000094 0.087048
0 1 0.648943 0.265375 0.043126 0.000366 0.042190
0 1 0.580873 0.342590 0.027039 0.000005 0.049494
1 1 0.428534 0.478845 0.039606 0.000005 0.053010
0 1 0.453743 0.422769 0.057437 0.000052 0.065999
1 1 0.250221 0.535820 0.080293 0.000015 0.133651
1 1 0.109144 0.627618 0.186582 0.000035 0.076621
1 1 0.109534 0.613785 0.174324 0.000027 0.102331
1 1 0.250224 0.556904 0.120558 0.000057 0.072257
1 1 0.136016 0.648671 0.160813 0.000058 0.054442
1 1 0.157176 0.626649 0.114673 0.000004 0.101497
1 1 0.146133 0.593548 0.167440 0.000031 0.092848
1 1 0.152088 0.623612 0.123510 0.000009 0.100781
1 1 0.218953 0.593691 0.141685 0.000167 0.045503
1 1 0.100152 0.531370 0.174919 0.000185 0.193374
4 1 0.037920 0.366029 0.148099 0.000000 0.447951
4 1 0.155828 0.357959 0.081078 0.000061 0.405074
1 1 0.092988 0.493950 0.140791 0.000015 0.272256
1 1 0.103620 0.447418 0.071764 0.000000 0.377198
4 1 0.048933 0.377946 0.127810 0.000001 0.445311
1 1 0.051068 0.458671 0.210143 0.000014 0.280103
1 1 0.033952 0.454678 0.262679 0.000003 0.248688
1 1 0.017918 0.341116 0.335153 0.000028 0.305785
2 1 0.015308 0.350787 0.466426 0.000006 0.167474
2 1 0.015219 0.365189 0.466522 0.000009 0.153062
4 1 0.016074 0.286012 0.221609 0.000001 0.476304
1 1 0.057072 0.490906 0.193683 0.000004 0.258335
2 1 0.016270 0.372799 0.497816 0.000027 0.113090
1 1 0.068672 0.541915 0.209475 0.000014 0.179925
1 1 0.120587 0.455949 0.341789 0.000857 0.080818
1 1 0.092554 0.548529 0.156010 0.000006 0.202902
1 1 0.063374 0.528263 0.208390 0.000008 0.199966
1 1 0.044689 0.501941 0.239808 0.000002 0.213560
1 1 0.042119 0.507989 0.357251 0.000064 0.092577
2 1 0.016592 0.396856 0.478240 0.000017 0.108295
1 1 0.045471 0.543628 0.275303 0.000003 0.135595
2 2 0.020408 0.433419 0.478055 0.000024 0.068094
1 2 0.028971 0.433116 0.284594 0.000004 0.253316
2 2 0.005915 0.219004 0.749468 0.000990 0.024622
2 2 0.013224 0.355640 0.576491 0.000065 0.054579
2 2 0.002204 0.160389 0.806785 0.000011 0.030611
2 2 0.000655 0.082155 0.902181 0.000016 0.014992
2 2 0.000279 0.049808 0.947386 0.000123 0.002403
2 2 0.009314 0.309146 0.624982 0.000022 0.056536
2 2 0.000145 0.024618 0.974276 0.000057 0.000904
2 2 0.005436 0.252636 0.717101 0.000063 0.024763
2 2 0.000315 0.059324 0.935732 0.000020 0.004610
2 2 0.000262 0.048961 0.948133 0.000022 0.002621
2 2 0.000170 0.031368 0.966100 0.000034 0.002328
2 2 0.000392 0.026414 0.972161 0.000043 0.000990
2 2 0.005976 0.203890 0.773876 0.000411 0.015846
2 2 0.002288 0.100721 0.889299 0.000062 0.007630
2 2 0.000149 0.040712 0.957702 0.000010 0.001428
2 2 0.000197 0.010383 0.989056 0.000123 0.000241
2 2 0.002749 0.166612 0.814206 0.000006 0.016426
2 2 0.000345 0.035291 0.960778 0.000113 0.003473
2 2 0.001221 0.100121 0.889906 0.000017 0.008736
2 2 0.002157 0.130139 0.854877 0.000205 0.012621
2 2 0.002647 0.099386 0.892960 0.000722 0.004285
2 2 0.005552 0.211575 0.767574 0.000128 0.015171
2 2 0.000180 0.026169 0.972514 0.000141 0.000997
2 2 0.000050 0.012881 0.985464 0.000134 0.001472
2 2 0.002934 0.174528 0.802862 0.000049 0.019628
2 2 0.000389 0.031737 0.966124 0.000010 0.001741
2 2 0.000463 0.051665 0.944994 0.000031 0.002847
2 2 0.000103 0.023471 0.973673 0.000063 0.002690
2 2 0.000581 0.082743 0.908755 0.000012 0.007908
2 2 0.000646 0.076947 0.914387 0.000015 0.008005
2 2 0.001818 0.072805 0.918314 0.001540 0.005523
2 2 0.000967 0.073029 0.919271 0.000092 0.006642
2 2 0.001512 0.119687 0.859879 0.000120 0.018802
2 2 0.001568 0.050798 0.944415 0.000133 0.003086
2 2 0.003017 0.126483 0.847650 0.000746 0.022104
2 2 0.000491 0.050119 0.943381 0.000044 0.005965
2 2 0.000040 0.017434 0.980507 0.000047 0.001972
2 2 0.007234 0.139579 0.836990 0.000090 0.016108
1 2 0.048526 0.513685 0.339762 0.001012 0.097015
2 2 0.018543 0.399479 0.524037 0.000110 0.057831
2 2 0.022229 0.355555 0.597355 0.000318 0.024543
0 0 0.480753 0.344238 0.139803 0.001094 0.034112
1 0 0.338303 0.428697 0.187082 0.001517 0.044400
0 0 0.587348 0.285749 0.083110 0.001543 0.042250
0 0 0.721215 0.230687 0.024462 0.000025 0.023611
1 0 0.099811 0.579255 0.136989 0.000001 0.183945
1 0 0.230654 0.496014 0.073342 0.000009 0.199980
1 0 0.042645 0.420658 0.181869 0.000001 0.354827
1 0 0.046989 0.432717 0.179132 0.000002 0.341160
4 0 0.041827 0.369780 0.138788 0.000000 0.449605
1 1 0.044572 0.476084 0.251214 0.000009 0.228122
1 1 0.111376 0.615847 0.153803 0.000005 0.118969
1 1 0.061846 0.548412 0.238949 0.000020 0.150773
1 1 0.044431 0.465478 0.214339 0.000002 0.275750
1 1 0.041466 0.535855 0.328291 0.000016 0.094373
1 1 0.141411 0.499415 0.166543 0.000048 0.192583
1 1 0.068825 0.541890 0.179488 0.000001 0.209796
1 1 0.056574 0.501148 0.247696 0.000052 0.194530
1 1 0.123353 0.559458 0.109942 0.000001 0.207247
1 1 0.119024 0.599446 0.147635 0.000010 0.133885
1 1 0.058506 0.525996 0.212837 0.000004 0.202657
1 1 0.075501 0.476173 0.134434 0.000001 0.313891
1 1 0.217816 0.526044 0.098201 0.000001 0.157938
1 1 0.250233 0.514644 0.143157 0.003195 0.088771
1 1 0.078740 0.441647 0.128436 0.000007 0.351170
1 1 0.094238 0.570447 0.165698 0.000008 0.169610
4 4 0.046901 0.295225 0.105918 0.000010 0.551946
1 4 0.093348 0.417505 0.103416 0.000010 0.385721
4 4 0.036158 0.108163 0.025157 0.000001 0.830520
0 1 0.527263 0.237712 0.048538 0.000070 0.186417
4 1 0.102928 0.302457 0.082628 0.000012 0.511975
4 1 0.074587 0.182437 0.050180 0.000022 0.692774
4 1 0.081223 0.285092 0.074000 0.000013 0.559672
4 1 0.063980 0.331995 0.115408 0.000049 0.488568
4 1 0.149635 0.154296 0.027512 0.000002 0.668555
0 4 0.413004 0.171077 0.026024 0.000011 0.389884
4 4 0.296489 0.128912 0.026544 0.000017 0.548038
4 4 0.193598 0.155924 0.047012 0.000144 0.603322
4 4 0.090897 0.306379 0.049052 0.000000 0.553672
0 4 0.512517 0.230494 0.059969 0.000325 0.196696
0 4 0.526863 0.092823 0.018889 0.000021 0.361404
0 1 0.470570 0.362035 0.093230 0.000571 0.073594
4 1 0.184440 0.195317 0.052606 0.000031 0.567606
0 1 0.489625 0.160990 0.035062 0.000053 0.314270
1 1 0.187139 0.431317 0.114868 0.000072 0.266603
0 0 0.545899 0.065997 0.015048 0.000058 0.372998
4 0 0.111956 0.037311 0.007493 0.000002 0.843238
4 0 0.192751 0.285784 0.086362 0.000076 0.435028
0 0 0.361448 0.337419 0.064107 0.000048 0.236978
4 0 0.242928 0.227574 0.088037 0.001329 0.440131
1 0 0.104595 0.572916 0.126653 0.000001 0.195836
4 1 0.016102 0.104906 0.042668 0.000004 0.836321
4 1 0.095060 0.124868 0.023910 0.000004 0.756159
4 1 0.049476 0.350856 0.088944 0.000000 0.510724
4 1 0.245561 0.242098 0.058178 0.000011 0.454152
