4 0 0.301801 0.285194 0.090754 0.000430 0.321822
4 0 0.097495 0.169761 0.058008 0.000199 0.674536
4 1 0.056402 0.254664 0.044312 0.000003 0.644619
4 1 0.069002 0.302006 0.056938 0.000006 0.572048
4 1 0.040655 0.196970 0.038384 0.000007 0.723984
4 4 0.043191 0.385941 0.111349 0.000111 0.459408
4 4 0.040599 0.384493 0.102619 0.000068 0.472221
1 4 0.303437 0.414104 0.090592 0.000030 0.191838
1 4 0.133095 0.524778 0.140545 0.000101 0.201481
1 4 0.031174 0.498137 0.105571 0.000016 0.365102
4 4 0.029857 0.370814 0.093375 0.000051 0.505903
4 4 0.049153 0.411059 0.095922 0.000027 0.443839
4 4 0.180083 0.164233 0.054766 0.000178 0.600739
4 4 0.055828 0.094011 0.035284 0.000318 0.814559
4 4 0.015064 0.365859 0.107841 0.000170 0.511067
1 4 0.034139 0.481744 0.155445 0.000237 0.328435
4 4 0.055721 0.123204 0.040797 0.000163 0.780116
4 4 0.015424 0.248329 0.063161 0.000057 0.673028
4 4 0.014289 0.253886 0.082230 0.000288 0.649307
1 4 0.015346 0.431451 0.154921 0.000607 0.397675
1 2 0.018096 0.469871 0.139733 0.000171 0.372129
2 2 0.006140 0.355485 0.410380 0.005635 0.222359
2 2 0.001386 0.356737 0.448218 0.004364 0.189295
2 2 0.001071 0.284309 0.623086 0.014784 0.076749
2 2 0.000077 0.023600 0.939846 0.032600 0.003878
2 2 0.000242 0.034839 0.944297 0.009687 0.010935
2 2 0.000067 0.014768 0.965799 0.015100 0.004266
2 2 0.000013 0.001479 0.738652 0.259686 0.000170
2 3 0.000006 0.000547 0.754519 0.244906 0.000022
3 3 0.000003 0.000387 0.364565 0.635019 0.000026
3 3 0.000001 0.000084 0.149203 0.850703 0.000008
3 3 0.000000 0.000069 0.124135 0.875791 0.000005
3 3 0.000000 0.000010 0.071143 0.928846 0.000000
3 3 0.000013 0.000882 0.309252 0.689771 0.000081
3 3 0.000000 0.000014 0.042739 0.957247 0.000000
3 3 0.000000 0.000014 0.063642 0.936344 0.000000
3 3 0.000003 0.000053 0.022685 0.977256 0.000004
3 3 0.000002 0.000047 0.034617 0.965331 0.000003
3 3 0.000000 0.000000 0.002960 0.997040 0.000000
3 3 0.000002 0.000037 0.019566 0.980392 0.000002
3 3 0.000000 0.000006 0.008840 0.991153 0.000000
3 3 0.000000 0.000011 0.022376 0.977613 0.000000
3 3 0.000000 0.000004 0.008160 0.991835 0.000000
3 3 0.000000 0.000001 0.004778 0.995221 0.000000
3 3 0.000000 0.000004 0.003511 0.996484 0.000000
3 3 0.000001 0.000009 0.005742 0.994248 0.000000
3 3 0.000001 0.000013 0.010391 0.989594 0.000001
3 3 0.000000 0.000006 0.013630 0.986364 0.000000
3 3 0.000000 0.000002 0.002834 0.997163 0.000000
3 3 0.000001 0.000005 0.001739 0.998255 0.000000
3 3 0.000000 0.000001 0.002201 0.997797 0.000000
3 3 0.000000 0.000004 0.003837 0.996158 0.000000
3 3 0.000000 0.000001 0.001749 0.998250 0.000000
3 3 0.000000 0.000004 0.002393 0.997602 0.000000
3 3 0.000003 0.000009 0.002345 0.997643 0.000000
3 3 0.000000 0.000001 0.001299 0.998699 0.000000
3 3 0.000001 0.000004 0.002848 0.997147 0.000000
3 3 0.000000 0.000001 0.001710 0.998289 0.000000
3 3 0.000000 0.000001 0.001234 0.998765 0.000000
3 3 0.000001 0.000005 0.002812 0.997182 0.000000
3 3 0.000000 0.000001 0.002701 0.997298 0.000000
3 3 0.000000 0.000001 0.001745 0.998253 0.000000
3 3 0.000000 0.000000 0.001032 0.998967 0.000000
3 3 0.000000 0.000000 0.001418 0.998581 0.000000
3 3 0.000000 0.000001 0.001592 0.998407 0.000000
3 3 0.000000 0.000001 0.001196 0.998803 0.000000
3 3 0.000000 0.000002 0.001678 0.998320 0.000000
3 3 0.000001 0.000005 0.001519 0.998475 0.000000
3 3 0.000000 0.000002 0.002081 0.997917 0.000000
3 3 0.000000 0.000001 0.001544 0.998456 0.000000
3 3 0.000000 0.000001 0.000482 0.999517 0.000000
3 3 0.000000 0.000001 0.001561 0.998438 0.000000
3 3 0.000000 0.000000 0.000677 0.999323 0.000000
3 3 0.000000 0.000003 0.001526 0.998471 0.000000
3 3 0.000001 0.000002 0.000653 0.999344 0.000000
3 3 0.000001 0.000004 0.002381 0.997614 0.000000
3 3 0.000000 0.000001 0.001781 0.998218 0.000000
3 3 0.000001 0.000003 0.001177 0.998819 0.000000
3 3 0.000000 0.000002 0.001732 0.998266 0.000000
3 3 0.000001 0.000002 0.001472 0.998524 0.000000
3 3 0.000000 0.000002 0.002459 0.997539 0.000000
3 3 0.000000 0.000001 0.000512 0.999487 0.000000
3 3 0.000000 0.000001 0.000912 0.999087 0.000000
3 3 0.000003 0.000013 0.003109 0.996875 0.000000
3 3 0.000000 0.000003 0.001606 0.998391 0.000000
3 3 0.000005 0.000019 0.002127 0.997847 0.000001
3 3 0.000000 0.000001 0.001242 0.998757 0.000000
3 3 0.000000 0.000000 0.000852 0.999147 0.000000
3 3 0.000000 0.000001 0.001446 0.998552 0.000000
3 3 0.000000 0.000001 0.000668 0.999331 0.000000
3 3 0.000000 0.000001 0.001114 0.998885 0.000000
3 3 0.000002 0.000007 0.001343 0.998649 0.000000
3 3 0.000000 0.000001 0.001633 0.998366 0.000000
3 3 0.000000 0.000001 0.001493 0.998505 0.000000
3 3 0.002977 0.002770 0.029076 0.965067 0.000111
3 3 0.003065 0.003095 0.031463 0.962235 0.000142
3 3 0.000112 0.000348 0.023072 0.976456 0.000013
3 3 0.000003 0.000071 0.066128 0.933796 0.000002
3 3 0.000004 0.000268 0.251588 0.748127 0.000013
3 3 0.000000 0.000025 0.281470 0.718505 0.000000
3 3 0.000065 0.001088 0.141124 0.857641 0.000083
3 3 0.000002 0.000024 0.069879 0.930095 0.000000
3 3 0.000001 0.000028 0.060486 0.939484 0.000001
3 3 0.000005 0.000130 0.086699 0.913160 0.000006
3 3 0.000001 0.000010 0.020653 0.979336 0.000000
3 3 0.000228 0.002514 0.111735 0.885216 0.000308
3 3 0.000001 0.000016 0.059154 0.940829 0.000000
3 3 0.000010 0.000179 0.135413 0.864394 0.000004
3 3 0.000001 0.000009 0.028560 0.971430 0.000000
3 3 0.013894 0.024984 0.318885 0.641176 0.001060
3 3 0.005118 0.027113 0.421701 0.544323 0.001745
3 3 0.000772 0.005776 0.208542 0.784467 0.000442
3 3 0.000038 0.001374 0.469988 0.528554 0.000047
3 3 0.000006 0.000128 0.088059 0.911804 0.000003
2 3 0.000016 0.000907 0.508319 0.490723 0.000034
3 3 0.000007 0.000246 0.218234 0.781506 0.000006
3 3 0.000000 0.000018 0.134188 0.865794 0.000000
3 3 0.000050 0.000964 0.242379 0.756566 0.000042
3 3 0.000001 0.000057 0.178331 0.821610 0.000001
3 3 0.000009 0.000250 0.154402 0.845329 0.000010
3 3 0.000001 0.000025 0.101541 0.898434 0.000000
3 3 0.000006 0.000095 0.066636 0.933260 0.000003
2 3 0.100115 0.183342 0.426671 0.271970 0.017903
3 3 0.017668 0.058761 0.454701 0.464627 0.004243
3 3 0.000018 0.000369 0.144047 0.855552 0.000013
3 3 0.000540 0.005335 0.268461 0.725262 0.000402
3 3 0.000072 0.001292 0.330906 0.667681 0.000048
3 3 0.000008 0.000252 0.170330 0.829401 0.000010
3 3 0.000008 0.000181 0.112478 0.887327 0.000006
2 3 0.007410 0.033333 0.484099 0.472397 0.002761
3 3 0.005338 0.010343 0.127243 0.856533 0.000543
3 3 0.000018 0.000280 0.203692 0.796005 0.000005
3 3 0.000531 0.012705 0.371613 0.613054 0.002095
3 3 0.000057 0.001732 0.270308 0.727761 0.000142
2 3 0.000071 0.002879 0.631817 0.365089 0.000144
3 3 0.000065 0.000796 0.147771 0.851335 0.000033
3 3 0.000005 0.000055 0.069818 0.930122 0.000001
3 3 0.000005 0.000078 0.086764 0.913152 0.000001
3 3 0.000005 0.000083 0.045246 0.954663 0.000003
3 3 0.000010 0.000070 0.055562 0.944357 0.000001
3 3 0.000149 0.000529 0.059758 0.939550 0.000014
2 3 0.275270 0.181165 0.365735 0.170658 0.007171
3 3 0.000344 0.003850 0.395250 0.600421 0.000134
3 3 0.000064 0.000952 0.169959 0.828974 0.000052
3 3 0.038929 0.097314 0.387336 0.469411 0.007010
2 3 0.020801 0.085823 0.601232 0.286998 0.005146
2 3 0.005004 0.080937 0.633988 0.268390 0.011681
3 3 0.000006 0.000130 0.116145 0.883715 0.000003
2 3 0.000008 0.000394 0.662620 0.336975 0.000004
2 3 0.000001 0.000043 0.621632 0.378324 0.000000
2 3 0.000001 0.000097 0.625763 0.374138 0.000000
3 3 0.000005 0.000053 0.295089 0.704853 0.000000
2 3 0.000675 0.004622 0.701588 0.293087 0.000028
2 3 0.000007 0.000500 0.559440 0.440042 0.000011
3 3 0.000008 0.000089 0.206169 0.793733 0.000000
3 3 0.000028 0.000609 0.216611 0.782731 0.000020
2 3 0.000074 0.003072 0.682771 0.313795 0.000288
2 3 0.000021 0.001115 0.703814 0.295027 0.000022
2 3 0.000075 0.006401 0.752313 0.240632 0.000579
2 3 0.000158 0.010583 0.817354 0.170866 0.001038
1 2 0.003276 0.369018 0.352580 0.032550 0.242575
2 2 0.001404 0.130597 0.644048 0.167239 0.056712
2 2 0.002581 0.216642 0.616129 0.079953 0.084696
2 2 0.002982 0.282595 0.435286 0.054520 0.224617
2 2 0.001299 0.206402 0.669943 0.044472 0.077884
2 2 0.001981 0.188843 0.625195 0.108211 0.075770
2 2 0.001372 0.133751 0.602269 0.197640 0.064968
2 3 0.002235 0.350484 0.365973 0.006989 0.274318
1 3 0.004931 0.401392 0.355777 0.010551 0.227349
2 3 0.000139 0.016058 0.878695 0.103115 0.001992
2 3 0.000770 0.056632 0.755428 0.175319 0.011851
2 3 0.000163 0.001082 0.989645 0.009049 0.000061
2 3 0.000006 0.000893 0.901058 0.097987 0.000056
2 3 0.000115 0.008945 0.983553 0.005323 0.002064
2 3 0.011796 0.307251 0.614832 0.012870 0.053252
1 3 0.328677 0.436469 0.193043 0.006195 0.035617
1 3 0.213270 0.514279 0.237441 0.008808 0.026203
1 3 0.108220 0.599009 0.251651 0.003890 0.037230
1 3 0.137274 0.560285 0.254443 0.006275 0.041722
1 3 0.111685 0.563380 0.264606 0.007346 0.052982
1 3 0.223620 0.530336 0.188732 0.001241 0.056071
0 3 0.827930 0.078619 0.039755 0.004713 0.048982
0 0 0.862037 0.088542 0.032839 0.001022 0.015560
0 2 0.494872 0.335799 0.122428 0.001538 0.045364
1 1 0.324006 0.396424 0.196066 0.010183 0.073320
1 1 0.128274 0.549929 0.257544 0.006738 0.057515
1 1 0.113161 0.564519 0.263141 0.006917 0.052262
1 1 0.128727 0.588875 0.217515 0.001274 0.063609
1 1 0.077895 0.566239 0.276103 0.008718 0.071045
1 1 0.093214 0.572888 0.265898 0.006037 0.061963
1 1 0.147124 0.547475 0.254918 0.007317 0.043166
0 1 0.472072 0.305555 0.153331 0.003516 0.065526
1 1 0.142940 0.537578 0.261144 0.009601 0.048737
1 1 0.321204 0.331905 0.274541 0.035664 0.036686
1 1 0.378622 0.383478 0.174712 0.006806 0.056382
1 1 0.208905 0.410244 0.306237 0.036123 0.038491
0 1 0.468404 0.347011 0.125156 0.001312 0.058117
1 1 0.160483 0.532964 0.256895 0.010500 0.039158
0 1 0.634288 0.219796 0.102237 0.005353 0.038326
0 0 0.961040 0.022323 0.009509 0.001121 0.006007
0 0 0.601246 0.227713 0.114196 0.009606 0.047239
1 0 0.282294 0.450948 0.226588 0.015730 0.024440
1 0 0.282395 0.459720 0.223457 0.013650 0.020778
1 1 0.230458 0.498105 0.235078 0.010043 0.026316
1 1 0.218851 0.522349 0.230599 0.007144 0.021057
1 1 0.247953 0.481344 0.232850 0.011940 0.025913
0 1 0.637974 0.244820 0.097400 0.003378 0.016428
0 1 0.554096 0.303882 0.123290 0.004591 0.014141
0 1 0.748448 0.146783 0.056131 0.001216 0.047422
1 1 0.232106 0.500499 0.231878 0.008927 0.026590
0 1 0.412346 0.390593 0.160280 0.003941 0.032840
0 1 0.741371 0.163798 0.065258 0.002131 0.027441
1 1 0.226190 0.501427 0.235876 0.009739 0.026768
1 1 0.241249 0.491994 0.230934 0.009844 0.025979
0 1 0.420457 0.359555 0.175740 0.011717 0.032530
0 1 0.660329 0.202528 0.085595 0.002910 0.048639
1 1 0.312595 0.453975 0.194578 0.005199 0.033652
1 1 0.197575 0.515681 0.243756 0.008836 0.034152
1 1 0.294992 0.444250 0.222641 0.016224 0.021894
1 1 0.228032 0.474557 0.241660 0.014300 0.041451
1 1 0.273807 0.431138 0.255052 0.019622 0.020381
0 0 0.920125 0.048670 0.020596 0.001822 0.008788
0 0 0.966613 0.018781 0.007602 0.000803 0.006201
0 0 0.859479 0.083751 0.034628 0.002062 0.020079
0 0 0.817738 0.113211 0.049780 0.004034 0.015237
0 0 0.860200 0.090305 0.037951 0.002931 0.008613
0 0 0.739539 0.177819 0.068799 0.002615 0.011228
0 0 0.875223 0.083033 0.033163 0.002189 0.006392
0 0 0.888920 0.067397 0.024647 0.000837 0.018199
0 0 0.891373 0.071350 0.026405 0.001043 0.009828
0 0 0.932499 0.038713 0.018275 0.003472 0.007040
0 0 0.849951 0.099255 0.036281 0.001077 0.013436
0 0 0.613394 0.278876 0.091042 0.001031 0.015657
0 0 0.664155 0.232453 0.089270 0.003007 0.011116
0 0 0.816273 0.122850 0.049530 0.002873 0.008475
0 0 0.839122 0.116083 0.037258 0.000667 0.006870
0 0 0.730106 0.180246 0.075613 0.004808 0.009227
0 0 0.802369 0.130643 0.054443 0.003678 0.008867
0 0 0.563609 0.304643 0.117633 0.003752 0.010362
0 0 0.616726 0.273543 0.095542 0.001722 0.012468
0 0 0.742250 0.176382 0.062097 0.001175 0.018096
0 0 0.690549 0.202192 0.076378 0.001710 0.029172
0 1 0.702218 0.219367 0.067444 0.000700 0.010271
0 1 0.758615 0.165323 0.065056 0.003161 0.007846
0 1 0.735398 0.192823 0.060866 0.000762 0.010150
0 1 0.765276 0.168300 0.056378 0.001065 0.008982
0 1 0.637280 0.253875 0.086018 0.001095 0.021732
0 1 0.622696 0.281368 0.085610 0.000789 0.009536
0 1 0.809039 0.132226 0.047359 0.001316 0.010061
0 1 0.477690 0.370177 0.135120 0.002516 0.014496
0 1 0.544170 0.305346 0.130161 0.006353 0.013970
0 1 0.571101 0.297061 0.115638 0.003630 0.012570
0 1 0.528713 0.333056 0.119423 0.002029 0.016779
0 0 0.717430 0.196383 0.069085 0.001329 0.015773
0 0 0.952599 0.026052 0.011696 0.001980 0.007672
0 1 0.834533 0.091612 0.047489 0.013080 0.013286
0 1 0.568118 0.285993 0.117119 0.003806 0.024963
0 1 0.708331 0.183056 0.078323 0.003721 0.026569
0 1 0.876043 0.067586 0.030657 0.002661 0.023054
0 1 0.407254 0.381059 0.175753 0.008869 0.027064
0 0 0.950198 0.028069 0.011790 0.001080 0.008863
0 0 0.780489 0.142323 0.054658 0.001675 0.020854
0 0 0.950706 0.030152 0.013595 0.002816 0.002730
1 0 0.359982 0.444799 0.155388 0.001356 0.038474
1 1 0.253113 0.486575 0.228111 0.010581 0.021620
1 1 0.228566 0.512558 0.229864 0.007955 0.021057
1 1 0.200899 0.539237 0.232304 0.005947 0.021612
0 0 0.670077 0.206763 0.082418 0.002211 0.038531
0 0 0.992921 0.004142 0.001122 0.000025 0.001791
0 0 0.992149 0.004536 0.001261 0.000032 0.002021
0 0 0.430349 0.359947 0.169936 0.009719 0.030048
0 1 0.742851 0.167901 0.060507 0.001125 0.027616
1 1 0.322939 0.410158 0.194879 0.008019 0.064005
1 1 0.223363 0.491212 0.240859 0.011571 0.032994
1 1 0.274221 0.468257 0.224225 0.012364 0.020933
1 1 0.180721 0.551144 0.237259 0.005401 0.025475
1 1 0.290443 0.451616 0.188311 0.003254 0.066375
1 1 0.157221 0.560986 0.243910 0.004991 0.032892
1 1 0.192522 0.532525 0.239618 0.006946 0.028388
1 1 0.214771 0.514304 0.236324 0.008390 0.026211
1 1 0.300493 0.480036 0.190136 0.003513 0.025821
1 1 0.245835 0.489894 0.223591 0.007531 0.033149
1 1 0.298687 0.470607 0.197267 0.004811 0.028627
0 0 0.771545 0.152380 0.054653 0.001140 0.020282
1 1 0.230264 0.503152 0.233125 0.009250 0.024209
1 1 0.382926 0.417796 0.159083 0.002343 0.037851
1 1 0.367151 0.411705 0.187562 0.008575 0.025006
0 1 0.586382 0.289150 0.094174 0.000815 0.029479
1 1 0.381119 0.416953 0.157236 0.002098 0.042594
1 1 0.335456 0.437333 0.188131 0.005325 0.033755
0 1 0.457320 0.339128 0.161035 0.009532 0.032985
0 1 0.499223 0.338374 0.137133 0.004116 0.021153
0 1 0.430343 0.371635 0.165587 0.007291 0.025144
1 1 0.311039 0.468865 0.186476 0.003394 0.030226
0 1 0.647386 0.228253 0.095722 0.003895 0.024744
1 1 0.268834 0.491929 0.204663 0.004444 0.030131
1 1 0.217149 0.519180 0.229543 0.006473 0.027655
1 1 0.344730 0.454129 0.171548 0.002573 0.027021
1 1 0.236746 0.504235 0.219625 0.005536 0.033858
0 1 0.573298 0.289704 0.098717 0.000997 0.037284
1 1 0.192299 0.539584 0.236675 0.006198 0.025244
0 1 0.386893 0.383563 0.187112 0.012906 0.029526
1 1 0.238712 0.475155 0.240260 0.015717 0.030156
1 1 0.323380 0.466386 0.174662 0.002236 0.033336
1 1 0.272034 0.460439 0.214432 0.008122 0.044974
0 1 0.575713 0.257517 0.119882 0.007468 0.039420
0 1 0.550971 0.286610 0.120560 0.003907 0.037952
1 1 0.342342 0.425027 0.186412 0.005565 0.040653
1 1 0.294735 0.452329 0.207592 0.007615 0.037729
1 1 0.254989 0.475627 0.222789 0.008412 0.038182
1 1 0.281493 0.464668 0.214950 0.008667 0.030222
0 1 0.610362 0.248041 0.109755 0.005758 0.026083
1 1 0.293506 0.456268 0.202830 0.006224 0.041173
0 1 0.469025 0.357237 0.143290 0.003589 0.026859
0 1 0.610318 0.236237 0.082326 0.000789 0.070331
1 1 0.365747 0.390395 0.188541 0.010979 0.044339
1 1 0.323141 0.456982 0.178026 0.002683 0.039168
0 1 0.685335 0.203725 0.073435 0.001163 0.036342
1 1 0.297659 0.489806 0.179840 0.002031 0.030664
0 1 0.423377 0.370616 0.164132 0.006098 0.035776
0 1 0.516790 0.289344 0.137722 0.008023 0.048121
1 1 0.345884 0.433397 0.178831 0.003904 0.037983
0 1 0.450122 0.359531 0.150218 0.004161 0.035967
1 1 0.271855 0.454489 0.217633 0.010551 0.045472
0 1 0.454454 0.342250 0.151677 0.005529 0.046090
0 1 0.427299 0.381979 0.155689 0.003831 0.031203
0 1 0.441935 0.373900 0.122466 0.000711 0.060989
0 1 0.521766 0.289651 0.137205 0.008117 0.043261
1 1 0.275459 0.493689 0.181090 0.001662 0.048100
1 1 0.285736 0.483092 0.191636 0.003071 0.036466
0 1 0.418977 0.360076 0.121906 0.000700 0.098341
1 1 0.283645 0.477667 0.182008 0.002006 0.054674
0 1 0.702606 0.173872 0.068370 0.001574 0.053578
1 1 0.375727 0.431646 0.156775 0.001821 0.034031
0 1 0.474445 0.355058 0.140173 0.003223 0.027101
0 1 0.488768 0.353872 0.127835 0.001803 0.027722
1 1 0.261001 0.515469 0.195124 0.002595 0.025811
1 1 0.364792 0.430630 0.166237 0.002629 0.035713
1 1 0.310257 0.460407 0.195174 0.005150 0.029011
1 1 0.174369 0.568935 0.231861 0.004105 0.020731
1 1 0.234341 0.499354 0.226779 0.007321 0.032205
1 1 0.267184 0.537541 0.166793 0.000718 0.027765
1 1 0.215953 0.564872 0.191779 0.001250 0.026146
1 1 0.238210 0.496730 0.231702 0.009816 0.023542
1 1 0.279230 0.510643 0.183533 0.001922 0.024672
1 1 0.240688 0.491175 0.232696 0.010609 0.024832
1 1 0.255538 0.531511 0.181392 0.001260 0.030300
1 1 0.313970 0.445156 0.193710 0.005221 0.041943
1 1 0.288806 0.475046 0.201825 0.005181 0.029142
1 1 0.195282 0.527967 0.229165 0.004714 0.042871
1 1 0.131286 0.574985 0.249595 0.004486 0.039648
1 1 0.189119 0.539684 0.238219 0.006281 0.026697
1 1 0.235474 0.523746 0.208262 0.003310 0.029207
1 1 0.177934 0.558818 0.235058 0.004808 0.023382
1 1 0.236910 0.502717 0.224308 0.006827 0.029238
1 1 0.205315 0.522151 0.237740 0.007745 0.027050
1 1 0.121216 0.590601 0.249242 0.004118 0.034823
1 1 0.086173 0.571954 0.274304 0.008883 0.058685
1 1 0.116945 0.576228 0.258847 0.006141 0.041839
2 1 0.001213 0.043491 0.943289 0.011120 0.000887
2 1 0.006694 0.118937 0.860291 0.011491 0.002587
2 2 0.000621 0.008506 0.988245 0.002587 0.000042
2 2 0.000911 0.040824 0.949850 0.007755 0.000660
2 2 0.003965 0.020245 0.975021 0.000382 0.000388
2 2 0.000597 0.016782 0.981767 0.000633 0.000221
2 2 0.001068 0.025831 0.961987 0.010829 0.000285
2 2 0.000109 0.012714 0.985256 0.001775 0.000146
2 2 0.000406 0.018439 0.978895 0.002042 0.000217
2 2 0.000828 0.042673 0.950717 0.005282 0.000500
2 2 0.000082 0.004004 0.976250 0.019653 0.000011
2 2 0.000716 0.016173 0.955571 0.027450 0.000090
2 2 0.000070 0.007428 0.985132 0.007308 0.000062
2 2 0.000398 0.011423 0.958244 0.029850 0.000085
2 2 0.001088 0.025755 0.967984 0.004687 0.000486
2 2 0.000131 0.008499 0.975407 0.015853 0.000109
2 2 0.012289 0.143276 0.784371 0.052964 0.007100
0 0 0.924949 0.043412 0.017978 0.001263 0.012398
0 0 0.919815 0.038248 0.015698 0.000817 0.025422
0 0 0.593261 0.265382 0.112232 0.004518 0.024607
1 1 0.162854 0.542724 0.223175 0.002702 0.068546
1 1 0.056514 0.559438 0.287783 0.013210 0.083056
2 1 0.001178 0.141524 0.840291 0.003107 0.013900
2 2 0.002236 0.071511 0.904818 0.000083 0.021352
2 2 0.000702 0.025509 0.970410 0.002902 0.000476
2 2 0.002866 0.006390 0.989286 0.001046 0.000412
2 2 0.000266 0.012520 0.986530 0.000309 0.000376
2 2 0.000135 0.005001 0.993599 0.000710 0.000555
2 2 0.000121 0.004438 0.991588 0.003780 0.000073
2 2 0.000064 0.005104 0.992961 0.001803 0.000068
2 2 0.000009 0.002021 0.975786 0.022154 0.000030
2 2 0.000071 0.004713 0.873120 0.121920 0.000176
2 2 0.000037 0.004636 0.977703 0.017558 0.000067
2 3 0.000180 0.014265 0.962965 0.021976 0.000613
2 3 0.000033 0.001571 0.907046 0.091339 0.000011
2 3 0.000006 0.000610 0.852317 0.147059 0.000008
2 3 0.000121 0.005343 0.773722 0.220568 0.000245
2 3 0.000205 0.011134 0.799812 0.188098 0.000751
3 3 0.000003 0.000113 0.307517 0.692366 0.000001
3 3 0.000002 0.000070 0.275580 0.724348 0.000000
3 3 0.000018 0.001146 0.337597 0.661134 0.000104
3 3 0.000002 0.000053 0.078408 0.921536 0.000001
3 3 0.002029 0.007638 0.258034 0.731885 0.000414
0 0 0.970070 0.016698 0.006139 0.000317 0.006776
0 0 0.702434 0.158867 0.083241 0.014380 0.041077
0 1 0.537113 0.251360 0.120370 0.005912 0.085245
2 1 0.029746 0.326574 0.575513 0.037926 0.030241
2 1 0.007042 0.193315 0.753791 0.026198 0.019655
2 1 0.000010 0.001197 0.989718 0.009061 0.000015
2 2 0.000005 0.001156 0.986572 0.012255 0.000012
2 2 0.000027 0.004601 0.990035 0.005294 0.000043
2 2 0.000026 0.008410 0.984397 0.006728 0.000439
2 2 0.000007 0.001784 0.990349 0.007843 0.000018
2 2 0.000178 0.007953 0.964904 0.026754 0.000212
2 2 0.000002 0.001073 0.989563 0.009348 0.000014
2 2 0.000103 0.007435 0.920326 0.071886 0.000250
2 2 0.000004 0.001265 0.955401 0.043299 0.000031
2 2 0.000020 0.000700 0.816084 0.183193 0.000003
2 2 0.000006 0.001069 0.865539 0.133355 0.000032
3 2 0.000001 0.000050 0.481584 0.518365 0.000000
2 2 0.000003 0.000279 0.751870 0.247844 0.000004
3 2 0.000002 0.000124 0.386978 0.612894 0.000002
3 2 0.000002 0.000095 0.161833 0.838066 0.000003
3 3 0.000010 0.000377 0.199485 0.800114 0.000014
3 3 0.000000 0.000011 0.041982 0.958007 0.000000
3 3 0.000019 0.000373 0.244492 0.755111 0.000006
3 3 0.000000 0.000010 0.056161 0.943828 0.000000
3 3 0.000000 0.000015 0.026358 0.973626 0.000001
3 3 0.000001 0.000029 0.053473 0.946496 0.000001
3 3 0.000003 0.000021 0.011607 0.988368 0.000000
3 3 0.000001 0.000005 0.006055 0.993938 0.000000
3 3 0.000000 0.000010 0.021302 0.978687 0.000000
3 3 0.000001 0.000003 0.003449 0.996547 0.000000
3 3 0.000006 0.000023 0.005165 0.994805 0.000001
3 3 0.000002 0.000010 0.003732 0.996256 0.000000
3 3 0.000015 0.000132 0.020579 0.979265 0.000009
3 3 0.000023 0.000128 0.014787 0.985054 0.000008
3 3 0.000005 0.000015 0.002437 0.997543 0.000000
3 3 0.000006 0.000022 0.002897 0.997074 0.000001
3 3 0.000001 0.000003 0.002221 0.997775 0.000000
3 3 0.000001 0.000006 0.002942 0.997051 0.000000
3 3 0.000014 0.000032 0.003426 0.996526 0.000001
3 3 0.000002 0.000024 0.013711 0.986263 0.000001
3 3 0.000000 0.000002 0.002777 0.997221 0.000000
3 3 0.000002 0.000014 0.005599 0.994385 0.000001
3 3 0.000001 0.000003 0.002461 0.997535 0.000000
3 3 0.000004 0.000025 0.004801 0.995169 0.000001
3 3 0.000001 0.000003 0.001536 0.998460 0.000000
3 3 0.000004 0.000023 0.003525 0.996447 0.000001
3 3 0.000002 0.000008 0.001900 0.998090 0.000000
3 3 0.000001 0.000006 0.002466 0.997527 0.000000
3 3 0.000007 0.000023 0.002634 0.997335 0.000001
3 3 0.000003 0.000017 0.003325 0.996654 0.000001
3 3 0.000003 0.000006 0.001066 0.998925 0.000000
3 3 0.000001 0.000002 0.000879 0.999119 0.000000
3 3 0.000001 0.000003 0.002007 0.997990 0.000000
3 3 0.000007 0.000022 0.002412 0.997557 0.000001
3 3 0.000001 0.000005 0.002570 0.997424 0.000000
3 3 0.000009 0.000039 0.005417 0.994533 0.000002
3 3 0.000004 0.000023 0.006066 0.993906 0.000001
3 3 0.000001 0.000005 0.002521 0.997474 0.000000
3 3 0.000001 0.000005 0.001462 0.998532 0.000000
3 3 0.000001 0.000006 0.002356 0.997638 0.000000
3 3 0.000002 0.000014 0.003223 0.996760 0.000001
3 3 0.000002 0.000009 0.001895 0.998094 0.000000
3 3 0.000010 0.000031 0.002175 0.997782 0.000002
3 3 0.000000 0.000001 0.002106 0.997893 0.000000
3 3 0.000002 0.000012 0.001479 0.998505 0.000001
3 3 0.000001 0.000003 0.001608 0.998388 0.000000
3 3 0.000004 0.000008 0.000836 0.999152 0.000000
3 3 0.000001 0.000004 0.001774 0.998221 0.000000
3 3 0.000001 0.000003 0.001483 0.998514 0.000000
3 3 0.000000 0.000001 0.001211 0.998787 0.000000
3 3 0.000028 0.000069 0.004663 0.995237 0.000003
3 3 0.000010 0.000031 0.003061 0.996897 0.000001
3 3 0.000009 0.000055 0.011673 0.988259 0.000003
3 3 0.000022 0.000417 0.162862 0.836680 0.000019
3 3 0.000014 0.000170 0.084227 0.915586 0.000004
3 3 0.001358 0.009986 0.266873 0.720898 0.000885
2 3 0.104552 0.165354 0.500319 0.218349 0.011426
2 3 0.047825 0.235519 0.539264 0.150621 0.026771
2 2 0.055526 0.362136 0.408135 0.092651 0.081552
2 2 0.008570 0.304479 0.508670 0.080608 0.097672
2 2 0.000063 0.004026 0.664415 0.331242 0.000253
2 2 0.000302 0.019904 0.875661 0.102244 0.001889
1 2 0.010725 0.406756 0.332573 0.015874 0.234072
1 2 0.019555 0.445385 0.314865 0.038710 0.181484
2 2 0.006545 0.258092 0.485243 0.087202 0.162918
4 2 0.006552 0.228788 0.205038 0.016301 0.543321
4 2 0.005031 0.280877 0.249986 0.017591 0.446516
4 2 0.010926 0.221023 0.125137 0.005388 0.637526
4 2 0.004561 0.326255 0.222939 0.007249 0.438996
4 2 0.002318 0.240639 0.289067 0.009773 0.458204
4 2 0.011048 0.313473 0.137704 0.001856 0.535919
4 2 0.020436 0.317515 0.182210 0.002565 0.477274
4 2 0.019125 0.218669 0.096949 0.001965 0.663292
4 2 0.010960 0.313991 0.188800 0.005231 0.481019
4 2 0.009576 0.189768 0.127983 0.003111 0.669561
4 2 0.012181 0.387754 0.159573 0.001561 0.438931
4 2 0.012890 0.353724 0.198529 0.004287 0.430570
4 2 0.008371 0.294447 0.220917 0.004885 0.471379
4 2 0.002099 0.259671 0.229847 0.001868 0.506515
4 2 0.006425 0.284890 0.232600 0.002371 0.473715
4 2 0.010684 0.331682 0.176271 0.008235 0.473129
4 2 0.012547 0.356574 0.168814 0.002162 0.459903
1 2 0.021011 0.433477 0.201981 0.003818 0.339713
4 1 0.009876 0.377981 0.192964 0.005495 0.413684
4 1 0.007132 0.128999 0.058642 0.002308 0.802919
4 1 0.014038 0.254588 0.133226 0.001715 0.596433
4 1 0.029578 0.147246 0.067466 0.001807 0.753904
4 1 0.012554 0.301779 0.140547 0.001828 0.543291
1 1 0.194875 0.476352 0.216736 0.005230 0.106807
1 1 0.184653 0.511539 0.200449 0.001663 0.101696
4 1 0.021703 0.381860 0.120157 0.000237 0.476043
4 1 0.012143 0.246492 0.106746 0.001985 0.632634
1 1 0.017913 0.397044 0.195005 0.004519 0.385519
1 1 0.010206 0.398174 0.240983 0.006111 0.344526
1 1 0.020660 0.504689 0.237211 0.004125 0.233316
4 1 0.011756 0.338382 0.147903 0.002111 0.499848
1 1 0.004893 0.518957 0.260924 0.005878 0.209347
1 2 0.006158 0.414170 0.394011 0.011440 0.174221
1 2 0.029066 0.493112 0.236831 0.005267 0.235724
1 2 0.210889 0.448494 0.206833 0.005074 0.128710
1 2 0.298896 0.441936 0.170232 0.001740 0.087195
1 2 0.172456 0.513293 0.234464 0.006088 0.073699
1 2 0.074515 0.617370 0.221657 0.000894 0.085564
1 2 0.199424 0.511623 0.194380 0.001542 0.093031
1 2 0.070862 0.542440 0.268142 0.008182 0.110373
1 2 0.059059 0.505122 0.239941 0.005748 0.190130
1 2 0.112347 0.419403 0.201205 0.006069 0.260976
1 2 0.076231 0.451336 0.192209 0.002210 0.278014
0 2 0.435926 0.205650 0.078989 0.001052 0.278383
1 2 0.308099 0.410659 0.192025 0.006740 0.082476
0 2 0.731860 0.137053 0.052994 0.001020 0.077073
1 1 0.205086 0.468103 0.194021 0.002503 0.130286
0 0 0.641923 0.190240 0.102275 0.012836 0.052726
0 0 0.645069 0.260173 0.076081 0.000456 0.018222
0 1 0.493294 0.322240 0.145946 0.007042 0.031478
1 1 0.322155 0.478975 0.164302 0.001284 0.033284
1 1 0.286578 0.489350 0.193953 0.003468 0.026651
0 1 0.536948 0.315742 0.106984 0.000985 0.039341
1 1 0.349729 0.425226 0.184198 0.005452 0.035395
1 1 0.279916 0.485723 0.190495 0.002713 0.041154
0 1 0.636041 0.259026 0.081512 0.000674 0.022747
0 1 0.489511 0.335831 0.124437 0.001660 0.048561
0 1 0.438996 0.346865 0.152711 0.004761 0.056668
1 1 0.200616 0.518317 0.241867 0.008730 0.030470
1 1 0.176430 0.545644 0.241706 0.006001 0.030219
0 1 0.516240 0.321610 0.113604 0.001208 0.047338
1 1 0.191900 0.510132 0.235404 0.006340 0.056225
1 1 0.158718 0.565678 0.241302 0.004625 0.029677
1 1 0.183550 0.521519 0.249225 0.009732 0.035975
1 1 0.339708 0.429994 0.170974 0.002603 0.056721
0 1 0.651785 0.209089 0.075987 0.001008 0.062130
0 1 0.749822 0.110976 0.040759 0.000663 0.097780
0 1 0.777527 0.132797 0.050410 0.001170 0.038097
0 1 0.888750 0.060356 0.026520 0.001973 0.022402
0 1 0.422319 0.352135 0.151245 0.003762 0.070540
0 0 0.848923 0.094379 0.040005 0.002684 0.014009
1 0 0.289642 0.438102 0.184463 0.003249 0.084545
0 1 0.563042 0.169176 0.072611 0.001915 0.193256
1 1 0.365799 0.382494 0.151209 0.001914 0.098584
1 1 0.128159 0.521758 0.242433 0.005262 0.102388
1 1 0.177307 0.476432 0.218175 0.005393 0.122694
1 1 0.183205 0.525568 0.207756 0.001948 0.081523
1 1 0.128118 0.545816 0.244021 0.004368 0.077677
1 1 0.190220 0.432961 0.184224 0.002951 0.189644
1 4 0.091768 0.511097 0.280319 0.018666 0.098150
0 4 0.536292 0.096645 0.046350 0.003141 0.317573
0 4 0.488037 0.216151 0.096324 0.003104 0.196385
0 4 0.371741 0.313792 0.151088 0.006398 0.156981
1 4 0.148773 0.438172 0.223130 0.009495 0.180430
0 4 0.422222 0.299963 0.137525 0.004000 0.136290
1 4 0.360903 0.370853 0.150167 0.002042 0.116034
1 4 0.025143 0.554337 0.267317 0.004183 0.149020
1 4 0.062018 0.554685 0.227515 0.001973 0.153809
0 4 0.516859 0.255590 0.099493 0.001557 0.126501
1 4 0.309848 0.377734 0.153770 0.002702 0.155947
0 4 0.523258 0.199128 0.084490 0.001907 0.191217
0 4 0.797863 0.112639 0.050481 0.003118 0.035899
1 4 0.290763 0.435438 0.177419 0.002397 0.093983
1 4 0.129565 0.492115 0.220354 0.004158 0.153807
1 4 0.302975 0.383586 0.192492 0.010146 0.110802
1 4 0.274915 0.415692 0.216836 0.014317 0.078240
1 4 0.253996 0.392374 0.122399 0.000260 0.230971
1 4 0.105003 0.365980 0.167932 0.003622 0.357463
1 4 0.215838 0.426960 0.148420 0.000580 0.208202
1 4 0.176894 0.393801 0.148942 0.001006 0.279357
1 4 0.123383 0.426184 0.181143 0.002495 0.266795
1 4 0.019052 0.563468 0.268828 0.004668 0.143984
1 4 0.061122 0.506110 0.223731 0.003259 0.205778
1 4 0.031068 0.514742 0.225983 0.002760 0.225447
1 4 0.070920 0.490585 0.247487 0.008969 0.182039
1 4 0.070598 0.461265 0.218786 0.005250 0.244101
1 4 0.159123 0.395522 0.182673 0.004582 0.258101
2 1 0.007276 0.331144 0.518646 0.010389 0.132545
2 1 0.000195 0.050394 0.942633 0.002397 0.004382
2 2 0.002127 0.012037 0.979703 0.000120 0.006013
2 2 0.003067 0.039497 0.946519 0.000205 0.010712
2 2 0.000550 0.020741 0.973180 0.000570 0.004960
2 2 0.000225 0.030869 0.965487 0.000054 0.003365
2 2 0.000156 0.018128 0.974468 0.003756 0.003493
2 2 0.001483 0.010894 0.986861 0.000197 0.000565
2 2 0.000519 0.045967 0.949662 0.001978 0.001875
2 2 0.001482 0.013825 0.982921 0.000114 0.001658
2 2 0.000116 0.022399 0.975931 0.000761 0.000793
2 2 0.001668 0.024934 0.969826 0.000268 0.003303
2 2 0.000190 0.014730 0.980063 0.002434 0.002584
2 2 0.000263 0.049487 0.944010 0.000864 0.005377
2 2 0.000021 0.004713 0.989343 0.005851 0.000073
2 2 0.000617 0.016880 0.978246 0.003427 0.000830
2 2 0.002186 0.024039 0.968945 0.001156 0.003674
2 2 0.001047 0.036024 0.957691 0.000933 0.004305
2 2 0.000418 0.010060 0.980554 0.008792 0.000176
2 2 0.000267 0.009112 0.989047 0.000578 0.000996
2 2 0.000516 0.027488 0.969324 0.000625 0.002047
2 2 0.001947 0.015003 0.980052 0.002217 0.000782
2 2 0.000016 0.011227 0.986329 0.001998 0.000431
2 2 0.007244 0.076139 0.910077 0.002600 0.003940
2 2 0.000045 0.005139 0.992121 0.002470 0.000225
2 2 0.002330 0.021642 0.943625 0.032013 0.000391
2 2 0.000422 0.012894 0.975876 0.010654 0.000154
2 2 0.001826 0.045312 0.942591 0.008895 0.001376
0 2 0.376483 0.336859 0.247076 0.019703 0.019880
1 2 0.119417 0.510028 0.327267 0.007736 0.035552
1 2 0.167409 0.516228 0.258591 0.012409 0.045363
1 2 0.102837 0.557248 0.270355 0.008835 0.060724
1 2 0.061323 0.555036 0.284272 0.011640 0.087729
1 2 0.064173 0.489006 0.308027 0.020933 0.117861
1 2 0.096659 0.550903 0.271435 0.008611 0.072392
1 2 0.125668 0.591782 0.233243 0.002161 0.047147
1 1 0.089772 0.569372 0.270557 0.007475 0.062824
2 1 0.002346 0.039033 0.892952 0.064400 0.001269
2 1 0.000028 0.006195 0.990403 0.003060 0.000314
2 2 0.000110 0.005161 0.988335 0.006334 0.000060
2 2 0.000102 0.008736 0.989000 0.001968 0.000195
2 2 0.000149 0.003139 0.994490 0.002178 0.000044
2 2 0.000037 0.004388 0.986422 0.009120 0.000034
2 2 0.000304 0.006811 0.982885 0.009927 0.000074
2 2 0.001005 0.007553 0.990665 0.000294 0.000483
2 2 0.000167 0.009558 0.989440 0.000611 0.000224
2 2 0.000592 0.009912 0.974530 0.014851 0.000116
2 2 0.000196 0.022606 0.972412 0.004349 0.000437
2 2 0.000007 0.001185 0.981660 0.017140 0.000007
2 2 0.000160 0.016043 0.981712 0.001479 0.000606
2 2 0.002441 0.035502 0.956565 0.003255 0.002238
2 2 0.000269 0.001613 0.875046 0.123068 0.000004
2 2 0.000029 0.002444 0.994398 0.003059 0.000070
2 2 0.000457 0.013171 0.959544 0.026676 0.000153
2 2 0.000242 0.005210 0.982651 0.011843 0.000054
2 2 0.000159 0.003362 0.982322 0.014134 0.000023
2 2 0.000414 0.005787 0.973929 0.019839 0.000032
2 2 0.001398 0.028423 0.963082 0.005317 0.001780
2 2 0.000595 0.007230 0.970344 0.021563 0.000267
2 2 0.000167 0.006727 0.947793 0.045170 0.000142
2 2 0.001241 0.011194 0.964702 0.022401 0.000462
2 2 0.000073 0.003293 0.951137 0.045470 0.000027
2 2 0.028844 0.144632 0.765534 0.057107 0.003884
1 2 0.203128 0.477053 0.282298 0.012799 0.024723
1 2 0.239255 0.449948 0.245052 0.019524 0.046220
0 2 0.442797 0.368253 0.134865 0.001544 0.052542
0 0 0.986893 0.007914 0.002550 0.000099 0.002544
0 0 0.940502 0.032822 0.015415 0.002592 0.008668
1 0 0.183157 0.511056 0.252274 0.010980 0.042533
0 0 0.490987 0.235806 0.163601 0.003377 0.106228
1 0 0.211188 0.448189 0.275917 0.011996 0.052710
1 0 0.082237 0.489123 0.338733 0.016898 0.073009
1 0 0.188906 0.506795 0.252556 0.006047 0.045696
1 0 0.149363 0.436607 0.336674 0.041635 0.035721
1 0 0.195691 0.488404 0.267586 0.003648 0.044671
1 1 0.326761 0.409090 0.176611 0.003998 0.083540
1 1 0.175244 0.465144 0.314632 0.007578 0.037402
1 1 0.172159 0.431307 0.338555 0.017060 0.040919
1 1 0.263220 0.488325 0.193949 0.002643 0.051863
1 1 0.158021 0.455567 0.336499 0.021732 0.028181
1 1 0.342126 0.359547 0.195203 0.009804 0.093321
1 1 0.107250 0.472830 0.367090 0.020767 0.032063
1 1 0.149073 0.506967 0.237001 0.005874 0.101084
1 1 0.226304 0.519382 0.205737 0.002666 0.045911
1 1 0.154584 0.525891 0.257020 0.009833 0.052672
1 1 0.188654 0.528372 0.217214 0.002977 0.062783
1 1 0.237034 0.440014 0.238691 0.010620 0.073640
1 1 0.291101 0.397654 0.271545 0.010975 0.028725
1 1 0.207628 0.526042 0.230416 0.005846 0.030069
1 1 0.163731 0.514777 0.262075 0.014752 0.044665
1 1 0.315059 0.414258 0.203733 0.011368 0.055582
1 1 0.329792 0.410972 0.191652 0.008412 0.059173
1 1 0.164305 0.526293 0.258988 0.013063 0.037351
1 1 0.172805 0.510826 0.260968 0.017252 0.038149
1 1 0.193970 0.552824 0.220009 0.003148 0.030049
1 1 0.162019 0.514334 0.264482 0.017320 0.041845
1 1 0.208180 0.561833 0.204839 0.002044 0.023104
1 1 0.187947 0.416821 0.251790 0.003914 0.139528
1 1 0.150456 0.467795 0.090166 0.000009 0.291574
4 1 0.059841 0.234249 0.061955 0.000050 0.643905
4 1 0.031010 0.315712 0.102942 0.000263 0.550074
4 1 0.020694 0.297930 0.136351 0.002614 0.542411
4 1 0.038061 0.086287 0.028459 0.000143 0.847050
4 4 0.079064 0.054602 0.022217 0.000352 0.843764
4 4 0.047298 0.097508 0.044706 0.001274 0.809214
4 4 0.021222 0.228136 0.092846 0.000369 0.657427
4 4 0.047737 0.092963 0.035816 0.000393 0.823091
4 4 0.043873 0.018524 0.008285 0.000388 0.928930
4 4 0.071741 0.020741 0.008116 0.000150 0.899251
1 4 0.045704 0.416198 0.182771 0.002240 0.353085
4 4 0.035670 0.211166 0.075724 0.000408 0.677032
4 4 0.026966 0.102075 0.036768 0.000311 0.833880
4 4 0.053386 0.024873 0.008536 0.000077 0.913128
4 4 0.042940 0.254894 0.083056 0.000223 0.618887
4 4 0.019292 0.361711 0.129773 0.000570 0.488655
4 4 0.064738 0.189173 0.057207 0.000107 0.688775
4 4 0.065860 0.273711 0.114429 0.001249 0.544752
4 4 0.081563 0.068252 0.023272 0.000125 0.826787
4 4 0.038127 0.020977 0.010360 0.000842 0.929695
4 4 0.096339 0.216848 0.251117 0.004504 0.431192
4 4 0.084377 0.025963 0.009716 0.000123 0.879821
4 4 0.150453 0.307064 0.118219 0.000800 0.423464
4 4 0.073917 0.106071 0.032950 0.000090 0.786972
4 4 0.044934 0.046717 0.022361 0.001098 0.884890
4 4 0.182294 0.031236 0.011599 0.000204 0.774666
4 4 0.048845 0.013185 0.004972 0.000097 0.932902
4 4 0.145487 0.149565 0.077000 0.004775 0.623173
4 4 0.043045 0.122891 0.043739 0.000281 0.790044
4 4 0.026051 0.125943 0.074842 0.003961 0.769203
4 4 0.055597 0.244489 0.077475 0.000170 0.622269
4 4 0.064804 0.115461 0.037662 0.000136 0.781937
4 4 0.029701 0.381508 0.143175 0.000678 0.444938
4 4 0.056641 0.023609 0.008069 0.000071 0.911609
4 4 0.053943 0.297946 0.102075 0.000304 0.545731
4 4 0.047408 0.289600 0.130042 0.000415 0.532534
4 4 0.092582 0.076712 0.030910 0.000387 0.799408
4 4 0.168983 0.098288 0.027962 0.000046 0.704721
4 4 0.141557 0.083342 0.020856 0.000015 0.754230
4 4 0.287473 0.153468 0.050149 0.000192 0.508717
4 4 0.172397 0.218916 0.080621 0.000475 0.527592
4 4 0.096197 0.219045 0.087097 0.000743 0.596918
1 4 0.034229 0.416169 0.143935 0.000383 0.405284
4 4 0.046208 0.310522 0.105053 0.000297 0.537921
1 4 0.016766 0.472396 0.139811 0.000169 0.370858
1 4 0.026647 0.448345 0.173791 0.000905 0.350312
1 4 0.026826 0.532511 0.151932 0.000111 0.288620
1 4 0.020469 0.430266 0.147231 0.000413 0.401622
1 4 0.125805 0.390801 0.158934 0.001466 0.322993
1 4 0.109130 0.432514 0.161204 0.000843 0.296309
4 4 0.229870 0.143915 0.046575 0.000143 0.579497
1 4 0.043112 0.429140 0.146773 0.000384 0.380591
4 4 0.066883 0.303859 0.140013 0.003054 0.486190
4 4 0.087666 0.227884 0.080191 0.000317 0.603941
1 4 0.063720 0.447666 0.167399 0.000906 0.320309
4 4 0.041533 0.266797 0.095218 0.000415 0.596036
4 4 0.078788 0.281765 0.066248 0.000023 0.573177
1 4 0.262008 0.367109 0.099938 0.000095 0.270851
4 4 0.126509 0.148230 0.038908 0.000032 0.686321
4 4 0.116019 0.352114 0.125154 0.000520 0.406193
4 4 0.224297 0.198326 0.056722 0.000095 0.520559
4 4 0.074908 0.255084 0.124830 0.001303 0.543875
1 4 0.083446 0.559232 0.115773 0.000014 0.241535
0 4 0.419517 0.267353 0.087414 0.000411 0.225305
1 4 0.297852 0.353248 0.089995 0.000073 0.258832
4 4 0.158383 0.347150 0.104686 0.000193 0.389589
1 4 0.140672 0.558376 0.132404 0.000048 0.168500
1 4 0.201094 0.385505 0.115917 0.000189 0.297295
1 4 0.131310 0.456702 0.140194 0.000232 0.271562
1 4 0.051815 0.554148 0.165863 0.000179 0.227995
1 4 0.240027 0.347037 0.116608 0.000406 0.295922
1 4 0.151163 0.525654 0.185947 0.000747 0.136488
1 4 0.078748 0.544338 0.186976 0.000534 0.189403
1 4 0.236571 0.466500 0.182921 0.001834 0.112174
1 0 0.368599 0.464973 0.131462 0.000369 0.034597
1 0 0.384899 0.463335 0.140238 0.000904 0.010623
1 0 0.436548 0.440532 0.111101 0.000268 0.011551
1 0 0.278923 0.554681 0.155705 0.000563 0.010129
1 0 0.232420 0.556395 0.197823 0.002374 0.010987
1 0 0.206935 0.594519 0.171239 0.000430 0.026876
1 0 0.349878 0.460276 0.168301 0.002401 0.019145
1 1 0.225789 0.546479 0.202179 0.002277 0.023276
1 1 0.108287 0.641739 0.227637 0.001454 0.020883
1 1 0.055017 0.597488 0.263351 0.003397 0.080746
1 1 0.061334 0.582593 0.301317 0.004591 0.050165
1 1 0.021232 0.540037 0.324166 0.006473 0.108093
2 1 0.012890 0.288893 0.670767 0.007050 0.020400
2 1 0.000937 0.178636 0.811209 0.000363 0.008855
2 1 0.000836 0.064501 0.926798 0.004598 0.003267
2 2 0.000328 0.008909 0.987304 0.003311 0.000148
2 2 0.000249 0.024271 0.974046 0.000368 0.001065
2 2 0.073530 0.348993 0.543885 0.018489 0.015103
1 2 0.092969 0.591007 0.262133 0.005162 0.048728
1 2 0.112511 0.574022 0.242910 0.003181 0.067376
1 2 0.071982 0.523501 0.343200 0.013867 0.047449
2 2 0.003555 0.317480 0.637489 0.003390 0.038086
2 2 0.000047 0.019428 0.977901 0.001772 0.000852
2 2 0.001337 0.108913 0.869529 0.006445 0.013775
2 2 0.000004 0.001111 0.995879 0.003002 0.000005
2 2 0.000028 0.000722 0.962856 0.036393 0.000001
2 2 0.000064 0.005155 0.992642 0.002043 0.000097
2 2 0.000542 0.005935 0.992319 0.000973 0.000231
2 2 0.000549 0.002268 0.995325 0.001842 0.000016
2 2 0.000373 0.006637 0.990296 0.002607 0.000086
2 2 0.000027 0.003324 0.995896 0.000725 0.000028
2 2 0.000009 0.001193 0.997966 0.000828 0.000004
2 2 0.000025 0.001488 0.987639 0.010844 0.000005
2 2 0.000435 0.004064 0.978849 0.016639 0.000013
2 2 0.000073 0.003000 0.972141 0.024774 0.000012
2 2 0.000612 0.006767 0.992311 0.000190 0.000120
2 2 0.000003 0.000702 0.992815 0.006478 0.000001
2 2 0.000026 0.003963 0.988765 0.007214 0.000033
2 2 0.000016 0.001990 0.974018 0.023958 0.000018
2 2 0.000003 0.000334 0.975308 0.024354 0.000001
2 2 0.000136 0.005515 0.936779 0.057508 0.000061
2 2 0.000005 0.000210 0.901532 0.098253 0.000000
2 2 0.000025 0.004476 0.986512 0.008927 0.000060
2 2 0.000008 0.000480 0.876903 0.122608 0.000002
2 2 0.000002 0.000211 0.907768 0.092018 0.000001
2 2 0.000002 0.000429 0.973890 0.025676 0.000003
2 3 0.000072 0.003758 0.910281 0.085809 0.000081
2 3 0.000001 0.000054 0.657784 0.342161 0.000000
2 3 0.000006 0.000436 0.728790 0.270764 0.000004
