1 1 0.085486 0.596802 0.124470 0.000004 0.193238
0 1 0.422774 0.322467 0.067040 0.000004 0.187715
1 1 0.088621 0.489899 0.406252 0.000113 0.015116
1 1 0.029534 0.473106 0.455757 0.000006 0.041597
4 1 0.014532 0.117855 0.043400 0.000001 0.824212
4 1 0.007126 0.165236 0.093110 0.000080 0.734446
4 1 0.008823 0.308783 0.245077 0.000315 0.437002
1 1 0.027831 0.500646 0.284932 0.000021 0.186571
1 1 0.021904 0.467095 0.204130 0.000266 0.306605
2 1 0.048561 0.212814 0.547849 0.080743 0.110033
1 1 0.276713 0.296708 0.245641 0.003014 0.177924
1 1 0.133748 0.383450 0.170557 0.001140 0.311105
0 1 0.951083 0.027385 0.002863 0.000000 0.018669
0 1 0.969349 0.013977 0.002397 0.000002 0.014275
0 1 0.560949 0.204063 0.068562 0.000046 0.166380
0 1 0.857989 0.055658 0.019361 0.000057 0.066935
1 1 0.161303 0.627280 0.161148 0.000006 0.050264
1 1 0.033734 0.462584 0.382968 0.000236 0.120478
2 1 0.110721 0.191718 0.529773 0.043694 0.124094
0 0 0.892646 0.060974 0.015400 0.000036 0.030944
1 0 0.079714 0.516928 0.334514 0.000050 0.068794
1 1 0.036526 0.473605 0.421579 0.002189 0.066100
2 1 0.039077 0.347063 0.585842 0.009033 0.018984
2 1 0.044262 0.322502 0.601008 0.018062 0.014166
2 1 0.037138 0.265157 0.679373 0.011313 0.007019
2 1 0.021395 0.246903 0.701310 0.022349 0.008043
2 1 0.011959 0.135017 0.825589 0.021664 0.005771
2 1 0.008925 0.116809 0.826066 0.043169 0.005030
2 2 0.011593 0.113862 0.793317 0.078456 0.002771
2 2 0.031935 0.231949 0.688901 0.017223 0.029992
2 2 0.030917 0.229412 0.703959 0.019670 0.016042
2 2 0.009469 0.093154 0.877186 0.018748 0.001443
2 2 0.010141 0.144501 0.808782 0.032823 0.003753
2 2 0.008531 0.091842 0.837683 0.060293 0.001651
2 2 0.010684 0.094481 0.836505 0.056367 0.001963
2 2 0.005084 0.059853 0.826425 0.107633 0.001006
2 2 0.007389 0.110318 0.736326 0.142033 0.003934
2 2 0.003871 0.068203 0.757923 0.168683 0.001321
2 2 0.004528 0.062812 0.712342 0.218831 0.001487
3 2 0.004298 0.055712 0.405120 0.531974 0.002897
2 2 0.003713 0.061557 0.702093 0.231256 0.001381
2 2 0.005691 0.083656 0.671926 0.236260 0.002467
2 2 0.003218 0.054217 0.487643 0.452937 0.001985
3 2 0.005460 0.043920 0.426511 0.521807 0.002302
3 3 0.006837 0.023217 0.354299 0.614129 0.001518
3 3 0.007342 0.023761 0.276929 0.689872 0.002096
3 3 0.010388 0.024461 0.323589 0.639448 0.002114
3 3 0.008515 0.016080 0.152670 0.820127 0.002607
3 3 0.008511 0.012601 0.164864 0.812199 0.001825
3 3 0.005134 0.012588 0.108847 0.871212 0.002218
3 3 0.003507 0.016253 0.215303 0.763638 0.001298
3 3 0.003341 0.011598 0.100524 0.882713 0.001825
3 3 0.004946 0.009835 0.124434 0.859340 0.001445
3 3 0.005287 0.019544 0.269883 0.703781 0.001504
3 3 0.016555 0.034944 0.311257 0.633243 0.004002
3 3 0.010083 0.012035 0.122277 0.853118 0.002487
3 3 0.006708 0.008119 0.080251 0.902921 0.002001
3 3 0.007674 0.006763 0.072361 0.911313 0.001888
3 3 0.005457 0.013752 0.174805 0.804401 0.001586
3 3 0.000812 0.002152 0.032993 0.963628 0.000415
3 3 0.006064 0.007302 0.077406 0.907471 0.001757
3 3 0.002911 0.002777 0.048807 0.944847 0.000657
3 3 0.006850 0.005833 0.071726 0.914058 0.001532
3 3 0.012336 0.004214 0.031074 0.949436 0.002939
3 3 0.011216 0.013267 0.136693 0.836218 0.002607
3 3 0.014509 0.012325 0.122927 0.847287 0.002952
3 3 0.015096 0.021970 0.140515 0.817304 0.005114
3 3 0.007052 0.006200 0.051789 0.932697 0.002262
3 3 0.004367 0.003576 0.061572 0.929649 0.000836
3 3 0.009048 0.004474 0.042208 0.942186 0.002084
3 3 0.034583 0.017467 0.099026 0.841210 0.007713
3 3 0.005943 0.011413 0.173929 0.807382 0.001332
3 3 0.001619 0.003098 0.051939 0.942793 0.000551
3 3 0.002629 0.003730 0.044752 0.947930 0.000960
3 3 0.014859 0.017001 0.178507 0.786644 0.002989
3 3 0.000886 0.004122 0.081559 0.913043 0.000390
3 3 0.002949 0.002651 0.032205 0.961272 0.000922
3 3 0.015206 0.008169 0.050843 0.921447 0.004336
3 3 0.009966 0.003238 0.026101 0.958361 0.002335
3 3 0.014467 0.012965 0.138842 0.830951 0.002775
3 3 0.002571 0.001871 0.027805 0.967085 0.000668
3 3 0.010756 0.005679 0.043231 0.937453 0.002881
3 3 0.004144 0.001988 0.023660 0.969194 0.001014
3 3 0.007409 0.004714 0.032423 0.952848 0.002606
3 3 0.003612 0.004393 0.070645 0.920491 0.000860
3 3 0.000931 0.002463 0.042556 0.953644 0.000405
3 3 0.005608 0.004100 0.044052 0.944754 0.001486
3 3 0.004366 0.002621 0.028409 0.963401 0.001203
3 3 0.001651 0.001503 0.021109 0.975180 0.000557
3 3 0.001736 0.001977 0.042555 0.953325 0.000407
3 3 0.002565 0.001905 0.024450 0.970313 0.000767
3 3 0.007675 0.002194 0.014718 0.973140 0.002274
3 3 0.005958 0.002954 0.028394 0.961122 0.001572
3 3 0.011722 0.005309 0.036894 0.942874 0.003201
3 3 0.001305 0.001345 0.034173 0.962893 0.000284
3 3 0.009917 0.006990 0.050714 0.929332 0.003048
3 3 0.006905 0.003562 0.024264 0.962870 0.002399
3 3 0.015522 0.006809 0.051231 0.922917 0.003522
3 3 0.007661 0.003517 0.027204 0.959400 0.002218
3 3 0.003401 0.003120 0.066015 0.926861 0.000602
3 3 0.007678 0.005914 0.058332 0.926091 0.001984
3 3 0.002784 0.002111 0.020900 0.973171 0.001034
3 3 0.000960 0.000709 0.014315 0.983747 0.000268
3 3 0.000314 0.000390 0.011740 0.987455 0.000101
3 3 0.003608 0.001691 0.017449 0.976199 0.001053
3 3 0.002090 0.001849 0.020244 0.975004 0.000812
3 3 0.000088 0.000241 0.015571 0.984074 0.000026
3 3 0.001360 0.000893 0.015401 0.981968 0.000377
3 3 0.010732 0.004277 0.030018 0.952058 0.002916
3 3 0.001725 0.000848 0.012750 0.984211 0.000467
3 3 0.001803 0.001928 0.017677 0.977684 0.000909
3 3 0.001029 0.001681 0.028917 0.967983 0.000389
3 3 0.001619 0.001783 0.034451 0.961720 0.000427
3 3 0.001451 0.001207 0.016736 0.980099 0.000508
3 3 0.000323 0.000447 0.009280 0.989802 0.000149
3 3 0.002792 0.001077 0.009557 0.985594 0.000981
3 3 0.005591 0.003020 0.028922 0.960924 0.001544
3 3 0.002667 0.001716 0.023236 0.971656 0.000725
3 3 0.000618 0.000504 0.012246 0.986460 0.000173
3 3 0.008688 0.009418 0.096947 0.882742 0.002205
3 3 0.000420 0.000424 0.012426 0.986611 0.000119
3 3 0.002456 0.002185 0.029483 0.965133 0.000742
3 3 0.006294 0.006018 0.048159 0.937296 0.002233
3 3 0.002522 0.001367 0.018691 0.976753 0.000667
3 3 0.000903 0.000555 0.008708 0.989524 0.000311
3 3 0.000402 0.000384 0.008254 0.990807 0.000153
3 3 0.001833 0.000843 0.011651 0.985155 0.000517
3 3 0.000594 0.000561 0.010601 0.988023 0.000221
3 3 0.002006 0.001274 0.026878 0.969443 0.000399
3 3 0.004978 0.002750 0.021096 0.969406 0.001770
3 3 0.006813 0.003012 0.028004 0.960449 0.001721
3 3 0.029210 0.007191 0.039178 0.918190 0.006231
2 3 0.132401 0.078883 0.404633 0.368243 0.015840
2 3 0.023602 0.049836 0.515323 0.407465 0.003774
2 3 0.048681 0.124158 0.552135 0.263219 0.011807
2 3 0.022220 0.117977 0.487394 0.361089 0.011319
2 3 0.062550 0.158428 0.478602 0.280172 0.020248
3 3 0.158737 0.090640 0.184651 0.515568 0.050404
2 3 0.221751 0.161600 0.288301 0.062262 0.266086
2 3 0.205519 0.267640 0.342505 0.037191 0.147146
1 3 0.220138 0.371700 0.280437 0.010385 0.117340
0 3 0.324373 0.280512 0.307000 0.006021 0.082094
0 2 0.339342 0.329370 0.209139 0.001452 0.120698
1 2 0.329457 0.497591 0.114583 0.000009 0.058360
1 0 0.136513 0.464030 0.384856 0.000390 0.014211
0 0 0.451022 0.422210 0.095737 0.000049 0.030982
2 2 0.144532 0.355100 0.480430 0.001442 0.018496
1 2 0.096268 0.452902 0.406651 0.000677 0.043502
2 2 0.071611 0.415210 0.474399 0.001329 0.037452
1 2 0.040752 0.465294 0.428112 0.000718 0.065125
1 2 0.094025 0.439507 0.336590 0.013349 0.116528
4 2 0.040394 0.098727 0.063446 0.001726 0.795707
0 2 0.321221 0.293066 0.143658 0.010716 0.231340
4 2 0.299800 0.231698 0.120555 0.001665 0.346282
2 2 0.040089 0.355096 0.504286 0.054114 0.046416
1 2 0.219170 0.537561 0.169291 0.002588 0.071389
0 2 0.663273 0.083177 0.037487 0.000349 0.215713
0 2 0.540172 0.134925 0.053718 0.000388 0.270797
0 2 0.954350 0.015968 0.004550 0.000017 0.025115
0 2 0.375802 0.189197 0.076270 0.000217 0.358514
0 2 0.778056 0.089106 0.024947 0.000057 0.107833
0 2 0.822639 0.072954 0.010246 0.000000 0.094161
0 2 0.944557 0.023887 0.003235 0.000000 0.028319
0 2 0.763204 0.149724 0.023132 0.000003 0.063937
0 2 0.650864 0.134950 0.055567 0.000319 0.158301
0 2 0.853830 0.074567 0.009626 0.000000 0.061977
0 2 0.952040 0.019035 0.003337 0.000002 0.025586
0 2 0.986148 0.003024 0.000619 0.000001 0.010208
1 2 0.110526 0.533882 0.170626 0.000672 0.184294
4 2 0.120030 0.253777 0.137039 0.008524 0.480631
4 2 0.011497 0.251052 0.142037 0.002659 0.592754
4 4 0.003344 0.020006 0.018458 0.000166 0.958026
4 4 0.021351 0.067745 0.041433 0.000487 0.868984
4 4 0.020788 0.091148 0.039136 0.000064 0.848865
1 4 0.022565 0.404803 0.212851 0.006136 0.353645
4 4 0.024790 0.166723 0.069292 0.000322 0.738874
4 4 0.010556 0.090048 0.094823 0.007231 0.797341
4 4 0.058862 0.225074 0.082151 0.000095 0.633819
4 4 0.020919 0.073801 0.053846 0.000801 0.850633
4 4 0.014250 0.224400 0.126426 0.002581 0.632344
4 4 0.041228 0.330249 0.147783 0.004832 0.475907
4 4 0.049229 0.096308 0.071467 0.003415 0.779581
4 4 0.052981 0.070681 0.039542 0.002220 0.834575
4 4 0.047980 0.074990 0.025127 0.000341 0.851562
4 4 0.068122 0.028148 0.017207 0.000779 0.885745
4 4 0.036542 0.020903 0.008236 0.000016 0.934304
4 4 0.041691 0.107776 0.086045 0.044844 0.719644
4 4 0.022246 0.103313 0.063190 0.004571 0.806679
4 4 0.034983 0.013782 0.004720 0.000032 0.946484
4 4 0.079526 0.095318 0.035053 0.000774 0.789328
4 4 0.041730 0.008754 0.005905 0.000256 0.943354
4 4 0.028392 0.014745 0.007697 0.000030 0.949136
4 4 0.015891 0.333585 0.272796 0.015448 0.362280
4 4 0.004965 0.240122 0.296122 0.009485 0.449306
2 4 0.070546 0.251749 0.348497 0.034306 0.294903
4 4 0.008471 0.255493 0.197905 0.017310 0.520821
0 4 0.469845 0.131551 0.058837 0.000177 0.339590
2 4 0.053126 0.390723 0.437370 0.000738 0.118043
4 4 0.025732 0.335093 0.208332 0.000720 0.430124
4 4 0.002924 0.074352 0.072113 0.000197 0.850413
1 4 0.029210 0.335594 0.281014 0.021282 0.332899
1 2 0.237257 0.264787 0.247206 0.014423 0.236328
0 2 0.495059 0.182128 0.065213 0.002454 0.255146
1 2 0.213374 0.323418 0.269534 0.002425 0.191249
1 2 0.100155 0.472405 0.324996 0.000160 0.102283
4 2 0.222144 0.197234 0.125900 0.004712 0.450010
0 2 0.834626 0.035836 0.013633 0.000226 0.115679
0 2 0.960082 0.005662 0.000881 0.000000 0.033375
0 2 0.366966 0.186626 0.121842 0.003485 0.321081
0 2 0.805400 0.073553 0.027732 0.000305 0.093009
0 2 0.483952 0.172656 0.148405 0.003526 0.191461
4 2 0.393359 0.038249 0.033735 0.001183 0.533473
0 2 0.867777 0.053882 0.009048 0.000002 0.069292
0 2 0.800484 0.091541 0.013610 0.000001 0.094364
0 0 0.777587 0.142947 0.020989 0.000002 0.058475
0 0 0.603543 0.197799 0.028525 0.000001 0.170133
0 2 0.910438 0.027455 0.003005 0.000000 0.059103
2 2 0.026588 0.235708 0.656624 0.008008 0.073073
0 2 0.466545 0.171590 0.105551 0.001231 0.255082
0 2 0.342645 0.252709 0.105795 0.000264 0.298588
1 2 0.073622 0.416698 0.334638 0.000216 0.174826
0 2 0.958657 0.009976 0.001989 0.000001 0.029377
0 2 0.837313 0.074272 0.037146 0.000442 0.050828
1 2 0.342502 0.455004 0.074671 0.000002 0.127821
1 2 0.047439 0.455060 0.442236 0.005303 0.049962
2 2 0.011228 0.422907 0.442173 0.000603 0.123089
1 2 0.026289 0.550817 0.284948 0.002699 0.135247
1 2 0.015768 0.436428 0.372136 0.016596 0.159073
1 2 0.034780 0.559926 0.239519 0.001687 0.164088
1 2 0.030280 0.518133 0.361028 0.006078 0.084481
2 2 0.015615 0.252409 0.694586 0.011347 0.026044
2 2 0.006974 0.227316 0.691628 0.034248 0.039833
2 2 0.004241 0.135438 0.833877 0.001691 0.024754
2 2 0.000570 0.044390 0.936921 0.008844 0.009275
2 2 0.002262 0.062714 0.927948 0.003105 0.003972
2 2 0.004815 0.117058 0.863443 0.002794 0.011891
2 2 0.034820 0.377591 0.541783 0.001866 0.043940
2 2 0.053185 0.335001 0.592476 0.000647 0.018691
0 0 0.763979 0.137329 0.025088 0.000005 0.073599
1 2 0.023447 0.421020 0.358972 0.000226 0.196334
2 2 0.009005 0.310560 0.482222 0.021505 0.176707
2 2 0.014842 0.283432 0.638753 0.005760 0.057213
2 2 0.001441 0.048497 0.943492 0.002666 0.003904
2 2 0.000520 0.025847 0.967447 0.004288 0.001898
2 2 0.024910 0.219342 0.695148 0.003066 0.057534
2 2 0.026360 0.334038 0.533264 0.003511 0.102828
2 2 0.005084 0.146116 0.826073 0.002905 0.019822
2 2 0.015408 0.156403 0.815850 0.003584 0.008756
2 2 0.009987 0.168925 0.767482 0.002353 0.051252
2 2 0.010440 0.173372 0.778636 0.002559 0.034993
2 2 0.001854 0.051635 0.940971 0.003737 0.001803
2 2 0.022937 0.235952 0.700335 0.014726 0.026051
2 2 0.027646 0.226814 0.717236 0.000676 0.027629
2 2 0.006739 0.130850 0.846012 0.000819 0.015579
2 2 0.008783 0.109234 0.828378 0.048238 0.005367
2 2 0.019435 0.181822 0.770015 0.022855 0.005874
2 2 0.032614 0.181667 0.756029 0.024589 0.005102
2 2 0.027304 0.204760 0.729155 0.014175 0.024606
2 2 0.005336 0.087539 0.889975 0.014036 0.003115
2 2 0.013685 0.127676 0.805349 0.049382 0.003908
2 2 0.031393 0.156251 0.776954 0.028417 0.006985
2 2 0.004734 0.082991 0.885821 0.023479 0.002975
2 2 0.003122 0.060425 0.890115 0.043197 0.003141
2 2 0.012363 0.074121 0.861172 0.050311 0.002033
2 2 0.010921 0.142219 0.768818 0.071113 0.006930
2 2 0.012251 0.124380 0.646546 0.211190 0.005634
2 2 0.007072 0.076110 0.800331 0.113569 0.002918
2 2 0.007475 0.076763 0.741963 0.171407 0.002392
2 2 0.010147 0.115383 0.796323 0.073200 0.004947
2 2 0.008498 0.094949 0.746485 0.147467 0.002600
2 2 0.025957 0.118187 0.652000 0.197184 0.006672
2 2 0.013141 0.115678 0.723476 0.143069 0.004636
2 2 0.008044 0.097162 0.763161 0.128317 0.003316
2 2 0.007230 0.086794 0.777320 0.125360 0.003295
2 2 0.005150 0.063239 0.760389 0.169260 0.001963
3 2 0.000376 0.011842 0.427500 0.560112 0.000170
2 2 0.005491 0.080032 0.629937 0.279874 0.004667
2 2 0.006022 0.049960 0.598526 0.343340 0.002152
3 2 0.003210 0.039479 0.394776 0.560554 0.001981
2 2 0.003049 0.050161 0.527191 0.417631 0.001967
2 2 0.002557 0.050206 0.645346 0.300785 0.001106
3 3 0.001640 0.028704 0.451082 0.517197 0.001376
3 3 0.001645 0.020323 0.277499 0.699590 0.000944
2 3 0.005906 0.089601 0.625633 0.275804 0.003056
2 3 0.005123 0.073687 0.552496 0.365852 0.002843
2 3 0.004849 0.065383 0.502253 0.424732 0.002783
3 3 0.001350 0.028747 0.471587 0.497608 0.000708
3 3 0.003680 0.054211 0.378406 0.560766 0.002937
2 3 0.026351 0.094147 0.551612 0.317886 0.010004
2 3 0.089840 0.117542 0.668156 0.115456 0.009006
2 3 0.059101 0.121325 0.672985 0.138283 0.008306
2 3 0.321072 0.273610 0.339290 0.022884 0.043144
2 3 0.024345 0.251997 0.645414 0.067416 0.010828
2 3 0.034963 0.177602 0.692158 0.086679 0.008598
2 3 0.022964 0.209017 0.745701 0.015235 0.007084
2 3 0.024874 0.239102 0.696347 0.032258 0.007420
2 3 0.014696 0.131774 0.824657 0.026129 0.002744
2 3 0.014274 0.179549 0.720951 0.079616 0.005610
2 3 0.006864 0.084210 0.788097 0.119000 0.001828
2 3 0.010244 0.120933 0.788217 0.077777 0.002829
2 3 0.013650 0.160917 0.735036 0.085511 0.004886
2 3 0.006423 0.096447 0.640908 0.252951 0.003270
2 3 0.005714 0.079494 0.759955 0.153049 0.001789
2 3 0.004183 0.060500 0.781257 0.152943 0.001117
2 3 0.007859 0.108901 0.659107 0.220331 0.003801
2 3 0.008073 0.110979 0.695106 0.182339 0.003503
2 3 0.010117 0.057549 0.516577 0.412614 0.003142
2 3 0.001200 0.028368 0.508633 0.461196 0.000603
2 3 0.003323 0.033622 0.600160 0.362011 0.000885
2 3 0.011711 0.073806 0.589657 0.321213 0.003613
3 3 0.005019 0.043700 0.463098 0.486184 0.002000
2 3 0.003574 0.063705 0.650914 0.280187 0.001621
2 3 0.001414 0.028373 0.617065 0.352655 0.000493
2 3 0.005606 0.061440 0.547136 0.383366 0.002453
2 3 0.005945 0.090998 0.630321 0.269663 0.003074
3 3 0.014011 0.030422 0.344502 0.608208 0.002858
2 3 0.015870 0.067999 0.530010 0.381754 0.004367
2 3 0.009116 0.126647 0.574354 0.283917 0.005966
2 3 0.005090 0.085790 0.781647 0.125780 0.001694
2 3 0.011484 0.131812 0.584018 0.266063 0.006624
3 3 0.004787 0.076682 0.435068 0.479503 0.003960
3 3 0.006052 0.040849 0.405220 0.545525 0.002353
2 3 0.002562 0.039917 0.504154 0.452138 0.001228
3 3 0.009491 0.059716 0.430888 0.495884 0.004021
2 3 0.074506 0.125692 0.601858 0.186232 0.011711
2 3 0.013880 0.075694 0.651604 0.255459 0.003364
3 3 0.010367 0.078003 0.450861 0.454189 0.006579
2 3 0.067752 0.131762 0.450549 0.326909 0.023029
0 3 0.640235 0.121541 0.197581 0.011504 0.029140
0 0 0.981334 0.009432 0.001342 0.000001 0.007891
0 0 0.792885 0.112315 0.027085 0.000018 0.067697
0 0 0.966843 0.016687 0.002379 0.000001 0.014090
0 0 0.791448 0.109193 0.031829 0.000049 0.067481
0 0 0.870425 0.041755 0.011770 0.000011 0.076039
0 0 0.878488 0.061567 0.017588 0.000075 0.042283
0 0 0.951221 0.025045 0.005164 0.000008 0.018561
0 0 0.944475 0.021960 0.006862 0.000058 0.026644
0 0 0.988506 0.001911 0.000336 0.000000 0.009245
0 0 0.974376 0.003821 0.000622 0.000000 0.021181
0 0 0.843253 0.062178 0.030734 0.001861 0.061974
0 0 0.979744 0.004539 0.001178 0.000004 0.014535
0 0 0.869664 0.041835 0.016820 0.000200 0.071482
0 0 0.963587 0.016949 0.002439 0.000001 0.017025
0 0 0.446081 0.333760 0.099219 0.000032 0.120907
0 0 0.984532 0.007094 0.001204 0.000002 0.007168
0 0 0.927893 0.044972 0.008940 0.000015 0.018181
0 0 0.425508 0.189120 0.104801 0.003753 0.276818
2 1 0.207403 0.257793 0.362266 0.067470 0.105068
0 1 0.578262 0.198586 0.080522 0.002375 0.140255
0 0 0.806375 0.073471 0.011812 0.000001 0.108341
0 0 0.968000 0.014143 0.001650 0.000000 0.016206
0 0 0.492600 0.318259 0.120017 0.001050 0.068074
0 0 0.662958 0.221227 0.057595 0.000191 0.058029
0 0 0.989264 0.003623 0.000606 0.000001 0.006505
0 0 0.986567 0.002897 0.000434 0.000000 0.010101
0 0 0.959411 0.012149 0.002110 0.000001 0.026330
0 0 0.924189 0.028861 0.009838 0.000054 0.037059
0 0 0.976302 0.006810 0.000872 0.000000 0.016017
0 0 0.994578 0.001401 0.000254 0.000001 0.003767
0 0 0.967503 0.010557 0.001586 0.000000 0.020354
0 0 0.940431 0.018242 0.001997 0.000000 0.039330
0 0 0.554978 0.262843 0.066541 0.000023 0.115614
0 0 0.399373 0.168154 0.078150 0.000112 0.354211
1 0 0.040819 0.488083 0.429194 0.000042 0.041863
1 1 0.356236 0.378760 0.149590 0.000149 0.115266
0 1 0.406993 0.289054 0.104282 0.000058 0.199612
0 1 0.738995 0.032793 0.011653 0.000014 0.216546
0 1 0.993036 0.003724 0.000210 0.000000 0.003031
0 0 0.983329 0.006776 0.000562 0.000000 0.009332
0 0 0.946091 0.020464 0.001947 0.000000 0.031498
0 0 0.967202 0.015326 0.002264 0.000001 0.015207
0 0 0.972786 0.007861 0.002426 0.000018 0.016909
0 0 0.752570 0.035149 0.023903 0.002954 0.185424
0 0 0.502002 0.066183 0.026099 0.000259 0.405456
0 0 0.581716 0.280076 0.110522 0.000148 0.027538
0 0 0.726025 0.171137 0.049749 0.000111 0.052978
0 0 0.279414 0.276952 0.201450 0.006507 0.235677
1 0 0.127530 0.385472 0.113665 0.000628 0.372704
4 1 0.041895 0.282889 0.108508 0.000070 0.566638
4 1 0.021822 0.149673 0.061441 0.000019 0.767044
4 1 0.020555 0.152555 0.079722 0.000082 0.747085
4 4 0.068779 0.011381 0.002897 0.000001 0.916942
4 4 0.029954 0.041188 0.011576 0.000007 0.917275
4 4 0.155089 0.017278 0.006399 0.000038 0.821196
4 4 0.116152 0.101473 0.043985 0.000590 0.737800
4 4 0.013650 0.045022 0.028445 0.000258 0.912625
4 4 0.023122 0.170064 0.135752 0.009012 0.662051
4 4 0.019518 0.143087 0.115867 0.005690 0.715838
4 4 0.230611 0.016533 0.008611 0.000178 0.744066
4 4 0.022726 0.010479 0.005420 0.000010 0.961364
4 4 0.049738 0.016916 0.008392 0.000287 0.924667
4 4 0.128426 0.020738 0.009068 0.000095 0.841673
4 4 0.029336 0.008100 0.004497 0.000077 0.957990
4 4 0.032579 0.138176 0.104555 0.001277 0.723412
4 4 0.026938 0.035910 0.031818 0.000974 0.904360
2 4 0.064746 0.365349 0.529600 0.000844 0.039462
4 4 0.010938 0.013955 0.006772 0.000005 0.968330
4 4 0.049396 0.007228 0.002811 0.000008 0.940556
4 4 0.036205 0.154338 0.078366 0.005109 0.725982
4 4 0.044448 0.051913 0.019070 0.000023 0.884546
4 4 0.036801 0.048126 0.019059 0.000176 0.895838
4 4 0.005956 0.201028 0.326997 0.005428 0.460590
4 4 0.039979 0.265014 0.170777 0.026188 0.498041
4 4 0.039699 0.061542 0.040613 0.004605 0.853540
4 4 0.024033 0.043545 0.023927 0.001476 0.907019
4 4 0.059391 0.176538 0.247771 0.053701 0.462599
4 4 0.013773 0.036897 0.028975 0.001275 0.919079
4 4 0.053037 0.072572 0.028579 0.000041 0.845772
4 4 0.011334 0.024850 0.022545 0.000356 0.940915
4 4 0.027360 0.176222 0.177769 0.024120 0.594529
4 4 0.007893 0.155829 0.112992 0.001454 0.721832
4 4 0.003847 0.008713 0.003470 0.000005 0.983965
4 4 0.033347 0.189160 0.107093 0.012468 0.657932
4 4 0.036690 0.202962 0.121639 0.002987 0.635722
4 4 0.057688 0.109767 0.082597 0.035303 0.714645
4 4 0.005791 0.309596 0.298805 0.006197 0.379611
4 4 0.036778 0.358795 0.225909 0.002469 0.376050
4 4 0.015684 0.294715 0.213078 0.007473 0.469050
4 4 0.032932 0.243747 0.171717 0.007767 0.543837
4 4 0.006087 0.290093 0.338093 0.012336 0.353391
2 4 0.013749 0.288168 0.602975 0.047093 0.048016
1 2 0.043281 0.516729 0.326332 0.002856 0.110802
2 2 0.007034 0.272643 0.462450 0.008242 0.249632
2 2 0.019450 0.304145 0.585967 0.013384 0.077055
1 2 0.044381 0.358770 0.323771 0.009203 0.263875
1 2 0.007120 0.362803 0.320313 0.008721 0.301044
2 2 0.008392 0.264000 0.403580 0.004172 0.319857
2 2 0.004451 0.217665 0.555440 0.015064 0.207381
2 2 0.008714 0.292968 0.612098 0.010839 0.075381
1 2 0.030541 0.446251 0.293075 0.034251 0.195882
2 2 0.012691 0.347245 0.460613 0.007766 0.171684
1 2 0.088337 0.445260 0.310136 0.004656 0.151611
1 2 0.157458 0.554377 0.217914 0.000063 0.070189
2 2 0.025364 0.269092 0.516472 0.006501 0.182571
2 2 0.050199 0.354105 0.412310 0.002022 0.181364
1 2 0.040773 0.458305 0.419295 0.021595 0.060033
1 2 0.026271 0.461386 0.449031 0.003174 0.060139
1 2 0.046746 0.480221 0.408744 0.001251 0.063039
2 2 0.011049 0.279333 0.606830 0.015551 0.087237
2 2 0.018167 0.357573 0.495503 0.021093 0.107664
2 2 0.008128 0.144697 0.829096 0.003341 0.014738
2 2 0.001832 0.088902 0.892368 0.000158 0.016740
2 2 0.006156 0.140844 0.770156 0.064026 0.018818
2 2 0.009542 0.181654 0.797261 0.000377 0.011166
2 2 0.005616 0.112373 0.857742 0.015734 0.008536
2 2 0.000822 0.028743 0.958755 0.009532 0.002148
2 2 0.000992 0.032632 0.955549 0.008269 0.002559
2 2 0.001073 0.038570 0.943159 0.013790 0.003408
2 2 0.002857 0.057383 0.923476 0.013910 0.002374
2 2 0.002662 0.064168 0.924901 0.003929 0.004340
2 2 0.000348 0.016748 0.967992 0.014045 0.000868
2 2 0.000807 0.024310 0.937987 0.035706 0.001189
2 2 0.000416 0.015546 0.951432 0.032278 0.000328
2 2 0.000503 0.018335 0.950257 0.030146 0.000760
2 2 0.000889 0.024464 0.896674 0.076869 0.001104
2 2 0.003416 0.050806 0.850965 0.093764 0.001050
2 2 0.000342 0.014695 0.941120 0.043410 0.000433
2 2 0.000231 0.011068 0.953361 0.035148 0.000191
2 2 0.001011 0.024314 0.818763 0.155462 0.000449
2 2 0.002295 0.034593 0.740387 0.222013 0.000711
2 2 0.000536 0.012914 0.673639 0.312795 0.000117
2 2 0.000810 0.017668 0.664843 0.316363 0.000317
2 2 0.000374 0.016604 0.905302 0.077029 0.000691
2 2 0.000512 0.015964 0.784401 0.198874 0.000249
2 2 0.001320 0.023285 0.698627 0.276376 0.000391
3 2 0.002044 0.032950 0.450015 0.513951 0.001040
3 2 0.000132 0.006012 0.486485 0.507329 0.000043
3 2 0.000213 0.007925 0.400822 0.590902 0.000138
3 2 0.000763 0.014984 0.304738 0.679077 0.000438
2 2 0.000555 0.017782 0.571978 0.409465 0.000220
3 2 0.000836 0.016564 0.358454 0.623719 0.000427
3 2 0.000848 0.019245 0.319661 0.659667 0.000579
3 2 0.002029 0.016833 0.295349 0.685013 0.000776
3 2 0.001048 0.006756 0.175882 0.815963 0.000351
3 2 0.001597 0.007535 0.168265 0.822106 0.000496
3 3 0.000389 0.009075 0.198079 0.792167 0.000290
3 3 0.000959 0.013547 0.119835 0.864560 0.001099
3 3 0.004497 0.023927 0.207991 0.761262 0.002322
3 3 0.014099 0.033604 0.364902 0.584387 0.003008
3 3 0.000916 0.004572 0.106336 0.887831 0.000346
3 3 0.003056 0.006496 0.070932 0.918260 0.001257
3 3 0.005145 0.012227 0.129573 0.851240 0.001815
3 3 0.008036 0.025397 0.289052 0.675271 0.002243
3 3 0.001099 0.001927 0.039996 0.956632 0.000346
3 3 0.001963 0.002827 0.049183 0.945462 0.000565
3 3 0.002999 0.008643 0.127713 0.859658 0.000987
3 3 0.008676 0.029941 0.257675 0.700554 0.003154
3 3 0.007265 0.013043 0.158760 0.819085 0.001847
3 3 0.000284 0.000870 0.022789 0.975925 0.000133
3 3 0.000798 0.002317 0.039153 0.957350 0.000383
3 3 0.000062 0.000289 0.015059 0.984561 0.000029
3 3 0.000247 0.000749 0.025765 0.973145 0.000094
3 3 0.002976 0.002420 0.027260 0.966371 0.000973
3 3 0.000655 0.002898 0.039602 0.956393 0.000452
3 3 0.012582 0.011347 0.085133 0.887335 0.003602
3 3 0.005857 0.014906 0.093695 0.882256 0.003286
3 3 0.001412 0.002077 0.042946 0.953174 0.000392
3 3 0.000314 0.000891 0.023838 0.974821 0.000137
3 3 0.000555 0.000392 0.009505 0.989393 0.000156
3 3 0.001371 0.002221 0.051037 0.945016 0.000356
3 3 0.000184 0.000247 0.008417 0.991087 0.000065
3 3 0.006253 0.006392 0.084385 0.901564 0.001407
3 3 0.001681 0.001943 0.020891 0.974723 0.000763
3 3 0.003025 0.006760 0.119461 0.869958 0.000796
3 3 0.006315 0.004068 0.035297 0.952417 0.001903
3 3 0.000251 0.000256 0.009953 0.989474 0.000066
3 3 0.000233 0.000389 0.017092 0.982223 0.000063
3 3 0.001908 0.001880 0.021471 0.973987 0.000755
3 3 0.000202 0.000272 0.008556 0.990896 0.000074
3 3 0.000781 0.001468 0.018795 0.978512 0.000443
3 3 0.000433 0.000357 0.007501 0.991551 0.000158
3 3 0.000574 0.000386 0.009114 0.989765 0.000162
3 3 0.000951 0.000739 0.016978 0.981093 0.000239
3 3 0.001631 0.000690 0.007829 0.989285 0.000564
3 3 0.000179 0.000361 0.008477 0.990885 0.000099
3 3 0.002252 0.002673 0.036224 0.958104 0.000746
3 3 0.000708 0.000529 0.010215 0.988319 0.000229
3 3 0.000566 0.001088 0.022529 0.975586 0.000232
3 3 0.001031 0.000732 0.019329 0.978691 0.000217
3 3 0.000703 0.002912 0.036298 0.959579 0.000507
3 3 0.000275 0.000479 0.014079 0.985064 0.000103
3 3 0.003589 0.001898 0.018854 0.974542 0.001117
3 3 0.000415 0.000592 0.017143 0.981720 0.000130
3 3 0.001565 0.000620 0.008573 0.988792 0.000450
3 3 0.000216 0.000687 0.016956 0.982023 0.000119
3 3 0.000880 0.000921 0.015778 0.982102 0.000319
3 3 0.002160 0.002029 0.028177 0.966960 0.000674
3 3 0.000353 0.000427 0.010526 0.988563 0.000131
3 3 0.002219 0.001820 0.033216 0.962230 0.000515
3 3 0.004824 0.002741 0.032924 0.958360 0.001151
3 3 0.002148 0.002019 0.041535 0.953831 0.000466
3 3 0.000291 0.000322 0.009671 0.989622 0.000094
3 3 0.002044 0.001196 0.015121 0.981001 0.000637
3 3 0.002767 0.001417 0.016027 0.978956 0.000832
3 3 0.000861 0.000631 0.014098 0.984184 0.000227
3 3 0.002336 0.001376 0.017064 0.978517 0.000707
3 3 0.005341 0.002689 0.019336 0.970710 0.001924
3 3 0.000886 0.000863 0.015812 0.982143 0.000296
3 3 0.001415 0.000855 0.016274 0.981110 0.000346
3 3 0.001631 0.001807 0.026055 0.969943 0.000564
3 3 0.000378 0.000368 0.010744 0.988399 0.000111
3 3 0.000052 0.000113 0.010048 0.989775 0.000013
3 3 0.001657 0.000820 0.009945 0.987023 0.000555
3 3 0.001090 0.000799 0.015295 0.982511 0.000304
3 3 0.001069 0.000443 0.007859 0.990347 0.000282
3 3 0.001170 0.000848 0.015528 0.982123 0.000331
3 3 0.003304 0.001606 0.012873 0.980950 0.001267
3 3 0.001693 0.000964 0.012715 0.984089 0.000539
3 3 0.001011 0.000635 0.009304 0.988690 0.000358
3 3 0.002793 0.000859 0.005889 0.989278 0.001181
3 3 0.000060 0.000391 0.021062 0.978456 0.000030
3 3 0.002563 0.002214 0.019598 0.974504 0.001121
3 3 0.000239 0.000194 0.003908 0.995547 0.000111
3 3 0.033751 0.020309 0.173649 0.767039 0.005253
3 3 0.036666 0.060717 0.231795 0.653386 0.017437
0 0 0.818281 0.044810 0.048866 0.006450 0.081593
2 0 0.101577 0.224967 0.326316 0.030414 0.316726
2 2 0.014207 0.328542 0.471010 0.148821 0.037420
2 2 0.010227 0.304094 0.536934 0.089420 0.059325
0 2 0.734986 0.037416 0.019614 0.000449 0.207535
0 2 0.964322 0.022155 0.001956 0.000000 0.011567
0 2 0.492938 0.275507 0.134235 0.001176 0.096144
0 2 0.674792 0.189854 0.043019 0.000020 0.092314
0 2 0.952869 0.017786 0.004578 0.000036 0.024730
0 2 0.844508 0.043115 0.015582 0.000116 0.096679
0 2 0.505276 0.249386 0.164273 0.010818 0.070247
1 2 0.190382 0.516468 0.157718 0.013551 0.121881
1 2 0.019603 0.448697 0.397109 0.038270 0.096322
2 2 0.024744 0.239834 0.600185 0.056100 0.079138
0 2 0.584483 0.094304 0.045689 0.007896 0.267628
0 2 0.681922 0.061670 0.031543 0.000246 0.224619
1 2 0.040302 0.421964 0.174188 0.001217 0.362329
1 2 0.023041 0.477409 0.292945 0.011203 0.195402
2 2 0.013373 0.338989 0.358928 0.003111 0.285598
1 2 0.018727 0.478292 0.260922 0.001692 0.240367
2 2 0.010341 0.340301 0.388156 0.007783 0.253420
1 2 0.025459 0.450776 0.265772 0.013502 0.244491
0 2 0.469795 0.106897 0.051614 0.000399 0.371295
4 2 0.009176 0.238654 0.156799 0.006601 0.588771
4 2 0.036589 0.068658 0.023921 0.000008 0.870824
4 2 0.008085 0.178081 0.116495 0.002750 0.694590
4 2 0.009423 0.023126 0.016650 0.000660 0.950141
4 4 0.009981 0.046668 0.035715 0.003610 0.904026
4 4 0.046096 0.034071 0.022077 0.001550 0.896206
4 4 0.033779 0.063752 0.025891 0.000448 0.876130
4 4 0.020332 0.027478 0.020793 0.001370 0.930028
4 4 0.032295 0.093355 0.050006 0.001392 0.822951
4 4 0.010158 0.056420 0.034981 0.000354 0.898088
4 4 0.007146 0.018154 0.016729 0.000287 0.957684
4 4 0.085953 0.159913 0.168361 0.040934 0.544839
4 4 0.129693 0.163379 0.091731 0.007156 0.608042
4 4 0.027897 0.058199 0.035023 0.001339 0.877541
4 4 0.021295 0.060075 0.033731 0.000167 0.884732
1 4 0.036333 0.422201 0.410317 0.041178 0.089971
2 4 0.005704 0.238712 0.450308 0.031246 0.274031
4 4 0.020618 0.302062 0.203111 0.011189 0.463020
4 4 0.020402 0.117421 0.065692 0.001440 0.795045
4 4 0.024130 0.041189 0.026836 0.000255 0.907589
4 4 0.020099 0.154815 0.101997 0.004453 0.718636
4 4 0.011130 0.123499 0.158184 0.019866 0.687322
4 4 0.012833 0.033770 0.017405 0.000220 0.935772
4 4 0.111444 0.102911 0.056490 0.002238 0.726917
4 4 0.275135 0.221256 0.081435 0.000251 0.421922
0 0 0.731849 0.031656 0.018684 0.000183 0.217628
4 2 0.106873 0.206813 0.143424 0.006089 0.536801
4 2 0.117178 0.110543 0.059174 0.000267 0.712837
0 2 0.616533 0.180964 0.068364 0.000601 0.133538
1 2 0.019589 0.442501 0.251975 0.005481 0.280454
0 2 0.818730 0.019021 0.020963 0.006107 0.135178
0 2 0.917971 0.042938 0.011679 0.000041 0.027370
4 2 0.125416 0.141757 0.330204 0.059060 0.343563
2 2 0.055870 0.335221 0.482106 0.009158 0.117646
4 2 0.045102 0.153006 0.132018 0.035660 0.634214
0 2 0.468447 0.045729 0.024073 0.000095 0.461656
0 2 0.804036 0.013502 0.010107 0.000971 0.171384
0 2 0.990532 0.000887 0.000208 0.000004 0.008370
0 2 0.996738 0.000415 0.000079 0.000000 0.002768
0 2 0.900124 0.051982 0.010557 0.000007 0.037330
0 2 0.988630 0.003023 0.000466 0.000000 0.007881
0 2 0.900038 0.021601 0.005533 0.000007 0.072821
4 2 0.083918 0.089993 0.039381 0.000201 0.786507
1 2 0.013816 0.425896 0.419054 0.031104 0.110129
1 2 0.018484 0.381849 0.213156 0.008503 0.378008
2 2 0.016700 0.371687 0.452168 0.009566 0.149880
1 2 0.025344 0.456344 0.328041 0.007801 0.182471
1 2 0.026115 0.485949 0.331829 0.003001 0.153106
2 2 0.007350 0.231786 0.584637 0.025160 0.151066
2 2 0.011242 0.340557 0.503288 0.017440 0.127473
1 2 0.036069 0.508845 0.249820 0.017276 0.187991
2 2 0.014541 0.310494 0.595170 0.000375 0.079420
2 2 0.010780 0.312273 0.472825 0.072580 0.131542
2 2 0.014140 0.331145 0.538829 0.000505 0.115381
1 2 0.021491 0.444050 0.231538 0.001117 0.301803
1 2 0.011256 0.378236 0.338877 0.007992 0.263640
1 2 0.013923 0.363785 0.306973 0.002825 0.312494
2 2 0.007778 0.258744 0.542744 0.015191 0.175542
2 2 0.012673 0.322272 0.427477 0.009663 0.227915
2 2 0.012214 0.336418 0.456965 0.036912 0.157490
0 2 0.745573 0.138073 0.040961 0.000059 0.075335
1 0 0.107569 0.509382 0.315767 0.000227 0.067055
2 2 0.028457 0.403868 0.520225 0.002938 0.044513
2 2 0.018171 0.310711 0.583189 0.043914 0.044015
2 2 0.026539 0.406833 0.495771 0.012643 0.058214
2 2 0.014323 0.261015 0.663991 0.033258 0.027413
2 2 0.013286 0.210851 0.742440 0.013084 0.020338
2 2 0.011962 0.173720 0.787912 0.015803 0.010603
2 2 0.006314 0.121733 0.846986 0.013313 0.011654
2 2 0.006208 0.140543 0.835730 0.003972 0.013548
2 2 0.007680 0.145520 0.825399 0.014331 0.007069
2 2 0.006132 0.121771 0.861759 0.002221 0.008116
2 2 0.005806 0.091401 0.891825 0.007413 0.003554
2 2 0.004606 0.085843 0.897391 0.009292 0.002868
2 2 0.004238 0.083966 0.904156 0.003443 0.004197
2 2 0.004236 0.079563 0.891194 0.020184 0.004823
2 2 0.023925 0.238963 0.709098 0.019080 0.008935
2 2 0.001709 0.052335 0.938065 0.005102 0.002789
2 2 0.014888 0.150532 0.815953 0.011280 0.007348
2 2 0.025355 0.212223 0.748746 0.004951 0.008724
2 2 0.033793 0.320638 0.503031 0.000973 0.141565
2 2 0.029629 0.321099 0.607011 0.002193 0.040068
2 2 0.011265 0.184672 0.770988 0.012290 0.020786
2 2 0.002227 0.070002 0.910576 0.006791 0.010404
2 2 0.006680 0.094078 0.888797 0.006190 0.004254
2 2 0.003996 0.074420 0.894892 0.021917 0.004775
2 2 0.001202 0.042301 0.948200 0.004106 0.004191
2 2 0.004555 0.099917 0.851683 0.037131 0.006714
2 2 0.001814 0.048106 0.934185 0.013841 0.002054
2 2 0.006077 0.087696 0.880057 0.021537 0.004632
2 2 0.011919 0.123400 0.853159 0.003433 0.008088
2 2 0.003300 0.054603 0.912291 0.027846 0.001961
2 2 0.008510 0.105495 0.861873 0.020116 0.004006
2 2 0.008835 0.093459 0.785247 0.109288 0.003171
2 2 0.014093 0.140142 0.819222 0.020480 0.006064
2 2 0.020999 0.216109 0.743189 0.012560 0.007143
2 2 0.013359 0.166830 0.764361 0.045734 0.009716
2 2 0.006415 0.093705 0.853904 0.042225 0.003751
2 2 0.010747 0.137585 0.790944 0.049902 0.010823
2 2 0.021199 0.175637 0.757544 0.039917 0.005703
2 2 0.015531 0.157787 0.711588 0.106845 0.008248
2 2 0.012084 0.128812 0.790199 0.065292 0.003614
2 2 0.004724 0.070692 0.869511 0.053060 0.002013
2 2 0.020807 0.182552 0.734652 0.056165 0.005824
2 2 0.011644 0.120684 0.762055 0.101924 0.003693
2 2 0.013619 0.137436 0.758092 0.086875 0.003977
2 2 0.002811 0.023729 0.821096 0.151412 0.000953
2 2 0.006917 0.096693 0.698990 0.194387 0.003013
2 2 0.010594 0.118184 0.840151 0.027364 0.003707
2 2 0.018412 0.170941 0.745245 0.056870 0.008532
2 2 0.003603 0.054689 0.852020 0.088352 0.001336
2 2 0.007180 0.086308 0.790175 0.114451 0.001886
2 2 0.004025 0.065519 0.730824 0.198230 0.001402
2 2 0.010646 0.113829 0.593306 0.276804 0.005414
2 2 0.008864 0.107681 0.732855 0.147488 0.003112
2 2 0.073650 0.115345 0.690640 0.112561 0.007804
2 2 0.024539 0.106594 0.734370 0.126277 0.008219
2 2 0.018579 0.140451 0.785739 0.051488 0.003743
2 2 0.025433 0.166599 0.706037 0.094841 0.007090
2 2 0.010023 0.074833 0.761065 0.151576 0.002503
2 2 0.010676 0.110717 0.806625 0.069535 0.002447
2 2 0.007086 0.090369 0.500426 0.397475 0.004643
2 2 0.008611 0.084848 0.792069 0.112366 0.002106
2 2 0.001853 0.031666 0.775143 0.190844 0.000495
2 2 0.009035 0.096034 0.806356 0.085524 0.003051
2 2 0.007347 0.107032 0.695039 0.187321 0.003261
2 2 0.006925 0.067316 0.659923 0.263637 0.002199
2 2 0.003023 0.044462 0.797568 0.154038 0.000909
2 2 0.017870 0.170765 0.699293 0.105477 0.006595
2 2 0.010793 0.120837 0.694104 0.170003 0.004262
2 2 0.005099 0.064957 0.741725 0.186739 0.001480
2 2 0.004824 0.063807 0.766337 0.163719 0.001314
2 2 0.009798 0.101399 0.706833 0.178624 0.003345
2 2 0.003049 0.048480 0.739385 0.208198 0.000888
2 2 0.001548 0.030127 0.613054 0.354719 0.000553
2 2 0.005778 0.075308 0.721616 0.195370 0.001927
2 2 0.003868 0.065091 0.539714 0.389039 0.002287
2 2 0.001937 0.036489 0.536592 0.424071 0.000911
2 2 0.000929 0.022468 0.578074 0.398180 0.000350
2 2 0.003323 0.038531 0.555730 0.401264 0.001152
2 2 0.005511 0.055897 0.480963 0.455020 0.002609
2 2 0.003667 0.062760 0.661244 0.270760 0.001568
2 2 0.000944 0.022155 0.570093 0.406455 0.000353
2 2 0.002231 0.039800 0.606938 0.350139 0.000892
2 2 0.003490 0.050648 0.513928 0.430158 0.001777
2 2 0.004753 0.057718 0.633389 0.302424 0.001716
3 2 0.001572 0.027452 0.432539 0.537641 0.000796
2 2 0.005030 0.065443 0.697927 0.229912 0.001687
3 2 0.000814 0.013900 0.367557 0.617392 0.000336
3 2 0.001869 0.026553 0.398705 0.571967 0.000906
2 2 0.005242 0.075072 0.523314 0.393212 0.003161
2 2 0.005254 0.034824 0.531255 0.427347 0.001320
3 2 0.002388 0.030072 0.375459 0.590842 0.001238
3 2 0.000413 0.009057 0.260343 0.729963 0.000225
2 2 0.006649 0.089237 0.592463 0.308158 0.003492
3 2 0.002096 0.030412 0.327124 0.638982 0.001386
2 2 0.002239 0.036444 0.596200 0.364285 0.000832
3 2 0.001061 0.009056 0.175347 0.814040 0.000496
3 2 0.000204 0.006214 0.212116 0.781332 0.000134
3 2 0.002681 0.030798 0.324466 0.640285 0.001771
2 2 0.004478 0.081356 0.600992 0.309686 0.003488
3 2 0.001446 0.029724 0.406016 0.561907 0.000906
2 2 0.011195 0.069085 0.536267 0.379652 0.003800
3 2 0.001266 0.017791 0.239638 0.740458 0.000847
2 2 0.008575 0.076959 0.480814 0.428597 0.005055
3 2 0.000662 0.011239 0.188058 0.799552 0.000489
2 2 0.002708 0.027354 0.485250 0.483828 0.000861
3 2 0.001312 0.024925 0.403870 0.569176 0.000717
3 2 0.003587 0.021739 0.257245 0.715905 0.001524
3 2 0.000839 0.016663 0.289991 0.691964 0.000543
3 2 0.002228 0.041439 0.476397 0.478635 0.001300
3 2 0.000593 0.014211 0.315321 0.669517 0.000358
3 2 0.002995 0.020963 0.224733 0.749748 0.001561
3 2 0.006835 0.052786 0.369875 0.566837 0.003668
3 2 0.004968 0.031203 0.443886 0.518509 0.001435
3 2 0.005720 0.026581 0.250575 0.714734 0.002389
3 2 0.001183 0.021124 0.355420 0.621614 0.000658
3 2 0.000522 0.011889 0.235336 0.751877 0.000376
3 2 0.000765 0.016161 0.260664 0.721847 0.000564
3 2 0.001206 0.022430 0.327299 0.648287 0.000778
2 2 0.016891 0.062626 0.542075 0.374444 0.003964
3 2 0.002682 0.040465 0.283531 0.670843 0.002478
3 3 0.000375 0.010296 0.245217 0.743846 0.000266
3 3 0.001269 0.025368 0.307834 0.664551 0.000978
3 3 0.001586 0.029448 0.368609 0.599315 0.001042
3 3 0.001090 0.018789 0.282019 0.697388 0.000715
3 3 0.001141 0.015746 0.208136 0.774163 0.000814
3 3 0.002157 0.016741 0.239998 0.740121 0.000983
3 3 0.001804 0.011542 0.204653 0.781300 0.000700
3 3 0.009723 0.024994 0.332322 0.630912 0.002048
3 3 0.000421 0.004025 0.146267 0.849128 0.000159
3 3 0.001790 0.014662 0.226215 0.756502 0.000831
3 3 0.001673 0.018738 0.273698 0.705012 0.000878
3 3 0.002210 0.004397 0.079534 0.913229 0.000629
3 3 0.000237 0.005046 0.209846 0.784758 0.000113
3 3 0.000326 0.006709 0.169415 0.823327 0.000223
3 3 0.003002 0.019352 0.225281 0.750944 0.001421
3 3 0.003209 0.032415 0.321785 0.640782 0.001809
3 3 0.000138 0.001262 0.068481 0.930064 0.000054
3 3 0.000917 0.010142 0.184088 0.804344 0.000507
3 3 0.004983 0.009835 0.124419 0.859313 0.001450
3 3 0.001456 0.009130 0.108345 0.880153 0.000915
3 3 0.000100 0.001960 0.067649 0.930211 0.000080
3 3 0.000074 0.000862 0.078128 0.920912 0.000024
3 3 0.000213 0.003768 0.104664 0.891201 0.000153
3 3 0.000895 0.004108 0.070418 0.924131 0.000448
3 3 0.001293 0.004553 0.093075 0.900628 0.000451
3 3 0.001079 0.024013 0.399578 0.574689 0.000641
3 3 0.006023 0.012037 0.114975 0.864830 0.002136
3 3 0.001895 0.001735 0.054507 0.941576 0.000288
3 3 0.000104 0.000704 0.055677 0.943486 0.000030
3 3 0.016268 0.016292 0.170139 0.794199 0.003101
3 3 0.045359 0.086046 0.412314 0.424147 0.032135
3 3 0.067851 0.098860 0.306724 0.412487 0.114078
2 3 0.038547 0.162800 0.393526 0.291911 0.113217
2 3 0.253184 0.350734 0.360868 0.005407 0.029807
2 3 0.008431 0.147736 0.521204 0.308443 0.014185
2 3 0.013026 0.359273 0.514721 0.026405 0.086575
2 3 0.029588 0.172598 0.478314 0.146784 0.172717
0 0 0.988089 0.001656 0.000331 0.000000 0.009924
0 0 0.947532 0.009505 0.001920 0.000001 0.041042
0 2 0.470745 0.260725 0.104112 0.001225 0.163193
2 2 0.006537 0.332944 0.426332 0.021045 0.213141
2 2 0.016009 0.277226 0.552988 0.063053 0.090724
2 2 0.009777 0.269338 0.501158 0.156765 0.062963
1 2 0.032019 0.488911 0.340900 0.035227 0.102942
1 2 0.008146 0.389473 0.306610 0.040610 0.255161
2 2 0.006473 0.257002 0.434777 0.161239 0.140510
4 2 0.009992 0.067836 0.050817 0.006069 0.865286
4 2 0.008919 0.021359 0.026886 0.003382 0.939454
0 2 0.912980 0.030193 0.011119 0.000064 0.045645
4 2 0.052248 0.013010 0.004296 0.000003 0.930443
4 4 0.040256 0.093779 0.111485 0.028448 0.726032
3 4 0.017271 0.121309 0.272138 0.487080 0.102202
2 4 0.006887 0.218051 0.367913 0.171235 0.235913
4 4 0.022900 0.085590 0.122154 0.054414 0.714942
4 4 0.003421 0.222384 0.153170 0.008458 0.612567
4 4 0.011542 0.002437 0.001493 0.000011 0.984517
