0 0 0.769261 0.175815 0.038046 0.000014 0.016864
0 0 0.969480 0.017494 0.005024 0.000024 0.007978
0 0 0.971303 0.018537 0.004966 0.000038 0.005156
0 0 0.998911 0.000584 0.000198 0.000000 0.000307
0 0 0.995834 0.002340 0.000733 0.000002 0.001091
0 0 0.998613 0.000711 0.000247 0.000001 0.000428
0 0 0.992619 0.003312 0.001203 0.000024 0.002841
0 0 0.994352 0.003047 0.000956 0.000002 0.001643
0 0 0.996332 0.001797 0.000630 0.000005 0.001237
0 0 0.991956 0.004784 0.001427 0.000007 0.001825
0 0 0.996795 0.001838 0.000577 0.000002 0.000789
0 0 0.965233 0.020945 0.005685 0.000014 0.008123
0 0 0.998803 0.000520 0.000201 0.000001 0.000475
0 0 0.982256 0.012542 0.003037 0.000007 0.002159
0 0 0.990802 0.005648 0.001632 0.000008 0.001911
0 0 0.994356 0.003295 0.001007 0.000004 0.001338
0 0 0.902047 0.070017 0.016100 0.000125 0.011711
0 0 0.983052 0.011741 0.002927 0.000008 0.002274
0 0 0.995529 0.002747 0.000806 0.000002 0.000917
0 0 0.994982 0.003122 0.000902 0.000002 0.000991
0 0 0.983553 0.010264 0.002883 0.000019 0.003281
0 0 0.988653 0.007671 0.001989 0.000005 0.001682
0 0 0.998215 0.000815 0.000303 0.000002 0.000665
0 0 0.997173 0.001596 0.000509 0.000002 0.000720
0 0 0.998064 0.000887 0.000329 0.000002 0.000718
0 0 0.998517 0.000703 0.000257 0.000001 0.000522
0 0 0.999016 0.000474 0.000173 0.000001 0.000336
0 0 0.995418 0.002539 0.000813 0.000004 0.001226
0 0 0.993857 0.003646 0.001096 0.000005 0.001396
0 0 0.982773 0.011018 0.003016 0.000017 0.003176
0 0 0.983370 0.011399 0.002882 0.000008 0.002341
0 0 0.993950 0.003593 0.001080 0.000005 0.001372
0 0 0.985049 0.009041 0.002621 0.000020 0.003270
0 0 0.993320 0.003943 0.001189 0.000006 0.001542
0 0 0.980320 0.013816 0.003371 0.000009 0.002484
0 0 0.994526 0.003423 0.000982 0.000003 0.001066
0 0 0.983813 0.009609 0.002775 0.000013 0.003790
0 0 0.994171 0.003553 0.001044 0.000004 0.001229
0 0 0.991124 0.005366 0.001574 0.000008 0.001929
0 0 0.994949 0.002113 0.000805 0.000016 0.002117
0 0 0.991513 0.004908 0.001498 0.000010 0.002071
0 0 0.987777 0.006102 0.002054 0.000038 0.004029
0 0 0.997947 0.000941 0.000348 0.000002 0.000761
0 0 0.992534 0.004211 0.001315 0.000009 0.001931
0 0 0.983590 0.009656 0.002862 0.000027 0.003866
0 0 0.979387 0.012846 0.003711 0.000027 0.004029
0 0 0.989440 0.005869 0.001816 0.000011 0.002864
0 0 0.997711 0.001052 0.000387 0.000003 0.000847
0 0 0.997282 0.001320 0.000468 0.000003 0.000927
0 0 0.997289 0.001308 0.000466 0.000003 0.000933
0 0 0.996243 0.002031 0.000665 0.000003 0.001058
0 0 0.997189 0.001573 0.000505 0.000002 0.000731
0 0 0.993441 0.003359 0.001123 0.000010 0.002067
0 0 0.983864 0.010013 0.002829 0.000019 0.003275
0 0 0.994592 0.002710 0.000928 0.000009 0.001761
0 0 0.982796 0.009069 0.002920 0.000054 0.005161
0 0 0.992664 0.004133 0.001292 0.000009 0.001901
0 0 0.995384 0.002496 0.000814 0.000005 0.001302
0 0 0.997428 0.001114 0.000423 0.000004 0.001030
0 0 0.993112 0.003861 0.001214 0.000008 0.001805
0 0 0.959696 0.025901 0.006924 0.000072 0.007408
0 0 0.957640 0.017532 0.006101 0.000144 0.018583
0 0 0.978949 0.006214 0.002541 0.000072 0.012224
0 0 0.990588 0.004030 0.001448 0.000015 0.003919
0 0 0.990123 0.004218 0.001563 0.000046 0.004050
0 0 0.965478 0.012687 0.004649 0.000095 0.017091
0 0 0.998553 0.000605 0.000237 0.000002 0.000603
0 0 0.994232 0.003413 0.001030 0.000004 0.001321
0 0 0.886166 0.058592 0.030230 0.000417 0.024595
0 0 0.985771 0.009823 0.002447 0.000004 0.001955
0 0 0.906456 0.059279 0.015264 0.000110 0.018892
0 0 0.995092 0.002277 0.000819 0.000010 0.001801
0 0 0.978763 0.009883 0.003347 0.000057 0.007950
0 0 0.996098 0.002206 0.000698 0.000003 0.000995
0 0 0.986751 0.008295 0.002334 0.000012 0.002608
0 0 0.995310 0.002635 0.000834 0.000004 0.001217
0 0 0.994176 0.003991 0.001030 0.000001 0.000803
0 0 0.988560 0.007144 0.002021 0.000010 0.002265
0 0 0.933395 0.041086 0.016549 0.000126 0.008845
0 0 0.954080 0.025663 0.010380 0.000187 0.009690
0 0 0.989249 0.004838 0.001687 0.000016 0.004210
0 0 0.996824 0.001679 0.000559 0.000002 0.000936
0 0 0.997711 0.000977 0.000375 0.000004 0.000933
0 0 0.997974 0.000904 0.000340 0.000003 0.000780
0 0 0.998371 0.000644 0.000259 0.000003 0.000723
0 0 0.996965 0.001488 0.000523 0.000004 0.001021
0 0 0.990961 0.003782 0.001396 0.000024 0.003837
0 0 0.996623 0.001719 0.000589 0.000004 0.001066
0 0 0.937721 0.035326 0.011590 0.000113 0.015250
0 0 0.987929 0.006387 0.002069 0.000029 0.003587
0 0 0.981239 0.008373 0.003077 0.000121 0.007190
0 0 0.968915 0.017838 0.005209 0.000046 0.007991
0 0 0.960308 0.020313 0.006438 0.000152 0.012788
0 0 0.981721 0.008509 0.002927 0.000068 0.006776
0 0 0.976999 0.013612 0.003848 0.000014 0.005527
0 0 0.978602 0.013541 0.003713 0.000022 0.004121
0 0 0.993207 0.003100 0.001099 0.000011 0.002583
0 0 0.996458 0.001408 0.000555 0.000010 0.001570
0 0 0.990602 0.003493 0.001566 0.000064 0.004274
0 0 0.993854 0.002347 0.000915 0.000016 0.002868
0 0 0.990970 0.004184 0.001664 0.000029 0.003153
0 0 0.988793 0.005889 0.001911 0.000022 0.003385
0 0 0.992006 0.005173 0.001421 0.000004 0.001396
0 0 0.867745 0.085354 0.034974 0.000190 0.011737
0 0 0.992871 0.003848 0.001244 0.000010 0.002027
0 0 0.997632 0.001259 0.000422 0.000002 0.000685
0 0 0.984995 0.009650 0.002634 0.000012 0.002708
0 0 0.990451 0.005365 0.001671 0.000014 0.002499
0 0 0.995490 0.002622 0.000808 0.000003 0.001077
0 0 0.970537 0.018336 0.005097 0.000053 0.005976
0 0 0.992398 0.004537 0.001351 0.000007 0.001707
0 0 0.988266 0.007567 0.002010 0.000003 0.002154
0 0 0.993087 0.003470 0.001180 0.000014 0.002249
0 0 0.988938 0.004873 0.001771 0.000051 0.004367
0 0 0.977452 0.013459 0.004400 0.000039 0.004649
0 0 0.992643 0.004349 0.001307 0.000007 0.001694
0 0 0.998201 0.000781 0.000299 0.000002 0.000717
0 0 0.865581 0.100404 0.023869 0.000069 0.010077
0 0 0.902271 0.074205 0.015388 0.000049 0.008087
0 0 0.942527 0.036873 0.009423 0.000033 0.011145
0 0 0.960065 0.025768 0.006861 0.000068 0.007239
0 0 0.936448 0.040282 0.010467 0.000055 0.012747
0 0 0.993052 0.004062 0.001234 0.000006 0.001646
0 0 0.992266 0.003917 0.001264 0.000004 0.002549
0 0 0.997773 0.000807 0.000337 0.000006 0.001077
0 0 0.996917 0.001491 0.000529 0.000004 0.001059
0 0 0.986972 0.007723 0.002286 0.000018 0.003001
0 0 0.938804 0.032010 0.012029 0.000364 0.016793
0 0 0.969764 0.014994 0.004690 0.000027 0.010526
0 0 0.766560 0.108164 0.084254 0.002350 0.038673
0 0 0.987683 0.005960 0.002044 0.000043 0.004270
0 0 0.777395 0.076006 0.113948 0.004594 0.028058
0 0 0.959281 0.023303 0.009455 0.000187 0.007774
0 0 0.920526 0.043065 0.011785 0.000017 0.024607
0 0 0.996094 0.002050 0.000685 0.000004 0.001167
0 0 0.934922 0.041554 0.012949 0.000068 0.010507
0 0 0.979581 0.012850 0.003563 0.000025 0.003981
0 0 0.984802 0.008992 0.002629 0.000016 0.003562
0 0 0.976075 0.015689 0.004151 0.000024 0.004060
0 0 0.966598 0.018291 0.005567 0.000088 0.009455
0 0 0.962197 0.023318 0.006343 0.000035 0.008107
0 0 0.967250 0.018513 0.005527 0.000083 0.008627
0 0 0.984219 0.008588 0.002577 0.000007 0.004609
0 0 0.984101 0.010207 0.002788 0.000014 0.002890
0 0 0.983021 0.010827 0.002974 0.000017 0.003161
0 0 0.951883 0.031787 0.008138 0.000054 0.008138
0 0 0.902376 0.068284 0.015843 0.000068 0.013428
0 0 0.971799 0.018279 0.004871 0.000033 0.005019
0 0 0.965781 0.023928 0.006659 0.000017 0.003614
0 0 0.979772 0.013316 0.003521 0.000017 0.003374
0 0 0.954657 0.028162 0.007399 0.000019 0.009762
0 0 0.946608 0.037483 0.008822 0.000028 0.007060
0 0 0.984227 0.010381 0.002760 0.000011 0.002620
0 0 0.893553 0.071898 0.016644 0.000022 0.017882
0 0 0.917901 0.055975 0.017395 0.000134 0.008595
0 0 0.951688 0.030671 0.008079 0.000046 0.009516
0 0 0.860470 0.090042 0.037005 0.000249 0.012233
0 0 0.971309 0.017480 0.004867 0.000029 0.006315
0 0 0.978776 0.014329 0.003666 0.000014 0.003216
0 0 0.981328 0.012075 0.003261 0.000017 0.003318
0 0 0.890301 0.071071 0.021567 0.000175 0.016886
0 0 0.986123 0.009442 0.002406 0.000005 0.002023
0 0 0.938761 0.040740 0.010351 0.000098 0.010051
0 0 0.799933 0.112370 0.039716 0.000187 0.047794
0 0 0.695877 0.225485 0.045788 0.000140 0.032711
0 0 0.936504 0.040201 0.010333 0.000036 0.012927
0 0 0.784160 0.172130 0.030743 0.000029 0.012937
1 1 0.223502 0.538521 0.159854 0.000243 0.077881
1 1 0.142896 0.547956 0.202951 0.000149 0.106048
1 2 0.103007 0.524431 0.179983 0.000274 0.192305
1 2 0.112930 0.525711 0.180594 0.001381 0.179384
1 1 0.083714 0.495407 0.160902 0.000451 0.259525
1 2 0.098809 0.476420 0.122751 0.000011 0.302010
1 2 0.062631 0.494538 0.291561 0.000555 0.150715
1 2 0.062711 0.481378 0.328944 0.000917 0.126049
1 2 0.132483 0.508275 0.180289 0.000030 0.178924
1 2 0.065616 0.469708 0.172844 0.000172 0.291660
4 1 0.133537 0.260942 0.159333 0.001589 0.444598
4 1 0.042833 0.391964 0.137352 0.000204 0.427647
4 1 0.022253 0.352710 0.236174 0.000188 0.388675
4 1 0.022772 0.361150 0.237658 0.000020 0.378400
1 1 0.049509 0.464874 0.272683 0.000260 0.212672
1 1 0.061652 0.388662 0.320449 0.001343 0.227894
1 1 0.060057 0.470180 0.273970 0.000157 0.195636
1 1 0.344722 0.410284 0.153776 0.000190 0.091027
1 1 0.039821 0.408572 0.173414 0.000226 0.377966
1 0 0.173148 0.525151 0.151637 0.000039 0.150025
0 0 0.691306 0.129405 0.036780 0.000048 0.142460
0 1 0.867806 0.096130 0.021147 0.000110 0.014808
1 1 0.182101 0.515438 0.217705 0.000355 0.084402
1 1 0.080149 0.445976 0.414752 0.001747 0.057377
2 2 0.051757 0.404392 0.487669 0.002453 0.053730
2 2 0.015358 0.198029 0.767889 0.000244 0.018479
2 2 0.003137 0.065001 0.926862 0.002811 0.002189
2 2 0.003984 0.092063 0.891481 0.003757 0.008714
2 2 0.005826 0.070573 0.920197 0.001647 0.001757
2 2 0.003636 0.059328 0.919485 0.015487 0.002063
2 2 0.011371 0.074112 0.875575 0.028701 0.010241
2 2 0.025161 0.132300 0.814430 0.021518 0.006592
2 2 0.014890 0.087522 0.881187 0.014319 0.002082
2 2 0.023164 0.058057 0.823705 0.091149 0.003926
2 2 0.073358 0.097836 0.670872 0.141943 0.015991
2 2 0.004952 0.027784 0.808784 0.157264 0.001215
2 2 0.016273 0.062030 0.748211 0.166810 0.006676
2 1 0.011219 0.011359 0.566079 0.410540 0.000803
2 2 0.099979 0.190943 0.596740 0.099570 0.012768
2 2 0.012360 0.090021 0.859890 0.036079 0.001650
2 1 0.014513 0.125963 0.837255 0.019907 0.002362
2 2 0.016472 0.116995 0.844029 0.020505 0.001999
2 2 0.006197 0.087016 0.875717 0.027454 0.003616
2 2 0.014389 0.127350 0.824837 0.027380 0.006045
2 2 0.043756 0.181169 0.740395 0.018835 0.015845
2 2 0.016664 0.071285 0.810858 0.096026 0.005167
2 2 0.040467 0.167373 0.769423 0.013287 0.009450
2 2 0.009645 0.021907 0.510699 0.455480 0.002268
2 2 0.045266 0.074915 0.596308 0.272159 0.011353
2 2 0.029954 0.034942 0.597341 0.331200 0.006564
3 2 0.010616 0.013933 0.461550 0.512137 0.001764
2 2 0.022989 0.039985 0.617236 0.314389 0.005402
3 3 0.018394 0.010702 0.235856 0.732385 0.002663
3 3 0.010132 0.008745 0.164531 0.813942 0.002650
3 3 0.017308 0.010137 0.186943 0.782329 0.003282
3 3 0.012841 0.008735 0.175514 0.799894 0.003016
3 3 0.012617 0.014335 0.233303 0.734736 0.005009
3 3 0.016981 0.014876 0.311666 0.653314 0.003163
3 3 0.011570 0.013006 0.246812 0.724116 0.004496
3 3 0.008882 0.005584 0.172939 0.811097 0.001498
3 3 0.003660 0.004115 0.164842 0.826427 0.000957
3 3 0.042189 0.025294 0.240372 0.680636 0.011509
3 3 0.008151 0.013771 0.289037 0.686049 0.002992
3 3 0.014081 0.006429 0.101007 0.874771 0.003712
3 3 0.004526 0.004690 0.116556 0.872757 0.001472
3 3 0.005738 0.003832 0.082637 0.906476 0.001317
3 3 0.001175 0.000997 0.050924 0.946486 0.000418
3 3 0.009564 0.003967 0.107842 0.876738 0.001889
3 3 0.003205 0.003752 0.123015 0.868852 0.001175
3 3 0.001528 0.001294 0.046080 0.950427 0.000671
3 3 0.001955 0.001856 0.066826 0.928737 0.000625
3 3 0.002008 0.002908 0.110945 0.883282 0.000856
3 3 0.003184 0.001976 0.055956 0.937773 0.001110
3 3 0.001480 0.001955 0.101787 0.894302 0.000476
3 3 0.002560 0.001937 0.063363 0.931120 0.001021
3 3 0.003468 0.005828 0.149442 0.839662 0.001599
3 3 0.009840 0.007328 0.107023 0.872198 0.003611
3 3 0.001710 0.003094 0.143749 0.850628 0.000819
3 3 0.003360 0.001737 0.054850 0.939187 0.000866
3 3 0.001513 0.002984 0.106895 0.887694 0.000914
3 3 0.005272 0.002332 0.044494 0.946495 0.001407
3 3 0.005406 0.003721 0.071571 0.917206 0.002096
3 3 0.000373 0.000488 0.039848 0.959110 0.000181
3 3 0.001778 0.001348 0.052791 0.943406 0.000677
3 3 0.003062 0.003440 0.089887 0.902433 0.001178
3 3 0.006491 0.006382 0.076723 0.907763 0.002641
3 3 0.001257 0.005392 0.242752 0.748847 0.001753
3 2 0.019604 0.039142 0.424051 0.502359 0.014844
2 2 0.075362 0.098424 0.455331 0.357181 0.013702
2 2 0.018166 0.050977 0.553252 0.372358 0.005246
2 1 0.045879 0.115331 0.674461 0.146156 0.018174
2 2 0.017350 0.130624 0.746775 0.097690 0.007562
2 2 0.033934 0.082950 0.672807 0.195006 0.015303
2 2 0.055827 0.076612 0.555082 0.299739 0.012740
2 2 0.015583 0.033061 0.526471 0.420485 0.004400
3 2 0.034993 0.029487 0.316126 0.611055 0.008338
3 2 0.019592 0.011453 0.147458 0.816093 0.005403
2 2 0.056240 0.077138 0.536901 0.319587 0.010134
2 2 0.020512 0.114719 0.800717 0.061172 0.002880
2 2 0.017727 0.069527 0.794236 0.115183 0.003326
2 2 0.063438 0.145921 0.705760 0.078078 0.006803
2 2 0.038066 0.111774 0.769348 0.075577 0.005234
2 2 0.035407 0.218817 0.712687 0.016862 0.016228
2 3 0.035465 0.153879 0.747388 0.049948 0.013319
2 3 0.039756 0.090784 0.662506 0.189394 0.017560
3 2 0.015224 0.028057 0.470498 0.481115 0.005106
3 2 0.013949 0.029532 0.453659 0.498509 0.004351
2 2 0.058731 0.092937 0.550536 0.267737 0.030060
2 2 0.019720 0.061846 0.682458 0.226223 0.009752
3 3 0.019559 0.027508 0.402831 0.543893 0.006209
3 2 0.018546 0.021362 0.253333 0.698339 0.008421
2 2 0.037800 0.077420 0.542615 0.335067 0.007097
2 2 0.031425 0.052752 0.532626 0.375269 0.007929
2 2 0.018639 0.050989 0.546179 0.376210 0.007983
2 2 0.008803 0.021525 0.487261 0.478221 0.004190
2 2 0.016306 0.036444 0.587603 0.352647 0.007000
2 2 0.013679 0.028246 0.519988 0.432529 0.005558
3 3 0.022864 0.043936 0.422211 0.498135 0.012854
3 3 0.006838 0.005099 0.145947 0.840643 0.001474
3 3 0.008786 0.006618 0.117679 0.864212 0.002706
3 3 0.015661 0.007565 0.104484 0.867718 0.004572
3 3 0.011560 0.013367 0.273347 0.696699 0.005027
3 2 0.012988 0.022778 0.322452 0.635125 0.006656
2 2 0.056630 0.097256 0.683047 0.151786 0.011281
2 2 0.021738 0.075018 0.743369 0.153982 0.005893
2 2 0.011593 0.084615 0.807710 0.088276 0.007806
3 2 0.016898 0.032322 0.451163 0.495432 0.004186
2 2 0.034007 0.069649 0.616252 0.266415 0.013678
2 2 0.056618 0.149693 0.610464 0.156749 0.026476
2 2 0.019075 0.028275 0.514934 0.433124 0.004593
2 2 0.003085 0.026518 0.688768 0.279924 0.001705
2 2 0.044803 0.066687 0.482649 0.390938 0.014923
2 1 0.071557 0.120813 0.693304 0.107269 0.007056
2 1 0.031514 0.126961 0.826005 0.012358 0.003162
2 2 0.020094 0.118253 0.844228 0.015598 0.001827
2 1 0.050328 0.126993 0.777658 0.041126 0.003895
2 2 0.112928 0.134824 0.716273 0.030293 0.005681
2 1 0.127593 0.221001 0.606561 0.030301 0.014544
2 1 0.127771 0.122287 0.695976 0.047213 0.006753
2 2 0.013466 0.083047 0.839598 0.061267 0.002623
2 2 0.003996 0.048153 0.925191 0.022061 0.000599
2 2 0.004420 0.052074 0.922772 0.019578 0.001156
2 2 0.015357 0.129680 0.848832 0.002313 0.003819
2 2 0.004439 0.069148 0.911344 0.012656 0.002412
2 2 0.009303 0.119158 0.849985 0.014832 0.006722
2 2 0.001670 0.032988 0.955205 0.009019 0.001118
2 2 0.003174 0.075320 0.915431 0.002407 0.003668
2 2 0.021696 0.126500 0.827070 0.017098 0.007636
2 2 0.020640 0.219646 0.737164 0.006052 0.016498
2 2 0.011335 0.063821 0.864552 0.057852 0.002440
2 1 0.012345 0.113680 0.862680 0.009065 0.002230
2 1 0.030611 0.219698 0.734750 0.009027 0.005915
2 1 0.009670 0.098144 0.883502 0.006876 0.001808
2 2 0.008818 0.103488 0.875274 0.009711 0.002709
2 2 0.005903 0.070683 0.902956 0.019155 0.001304
2 2 0.005440 0.064350 0.906043 0.023139 0.001028
2 2 0.016188 0.145798 0.829481 0.004048 0.004485
2 2 0.002517 0.039780 0.942965 0.014299 0.000439
2 2 0.002296 0.048260 0.940942 0.006820 0.001681
2 2 0.003801 0.069738 0.918933 0.004922 0.002607
2 2 0.018094 0.113646 0.847683 0.016602 0.003975
2 2 0.012736 0.060845 0.866981 0.055394 0.004045
2 2 0.020531 0.134677 0.826562 0.009478 0.008751
2 2 0.011200 0.097772 0.876561 0.010012 0.004454
2 0 0.025620 0.091229 0.803794 0.073047 0.006310
0 1 0.898106 0.077060 0.016118 0.000061 0.008655
2 2 0.020555 0.161595 0.809264 0.005918 0.002668
2 2 0.010921 0.099879 0.845176 0.042124 0.001899
2 2 0.010164 0.107252 0.862513 0.017380 0.002691
2 2 0.010852 0.106161 0.847797 0.032062 0.003128
2 2 0.007621 0.069718 0.899243 0.022617 0.000800
2 2 0.015676 0.144446 0.821883 0.013275 0.004720
2 1 0.009906 0.090431 0.886789 0.011126 0.001749
2 1 0.022211 0.128256 0.828834 0.018325 0.002373
2 2 0.015945 0.110039 0.861002 0.011507 0.001507
2 2 0.008482 0.078267 0.906261 0.005908 0.001083
2 2 0.006588 0.078672 0.900237 0.012319 0.002183
2 2 0.005841 0.078020 0.886015 0.027777 0.002348
2 2 0.006137 0.072724 0.910828 0.008782 0.001529
2 2 0.007560 0.057711 0.835617 0.096634 0.002478
2 2 0.030982 0.173982 0.771255 0.016210 0.007571
2 2 0.024663 0.150469 0.808733 0.009521 0.006614
2 2 0.027435 0.116542 0.835477 0.015259 0.005288
2 2 0.052908 0.139075 0.750464 0.045905 0.011648
2 2 0.021480 0.097155 0.817616 0.058455 0.005294
2 2 0.007855 0.043601 0.791933 0.153460 0.003151
2 2 0.032444 0.056814 0.752804 0.154143 0.003795
2 1 0.054280 0.116417 0.758707 0.066870 0.003727
2 1 0.213604 0.259621 0.486002 0.022257 0.018517
2 1 0.310161 0.291652 0.371418 0.002865 0.023905
2 1 0.258016 0.302005 0.426773 0.004154 0.009052
2 2 0.034802 0.199102 0.752910 0.009210 0.003976
2 2 0.014954 0.114106 0.858342 0.010751 0.001847
2 2 0.014451 0.123812 0.849496 0.009637 0.002604
2 2 0.017855 0.152421 0.820605 0.003308 0.005811
2 2 0.018756 0.115328 0.861129 0.002380 0.002407
2 2 0.022949 0.176020 0.781636 0.011342 0.008054
2 2 0.016982 0.121375 0.832521 0.023276 0.005846
2 2 0.009915 0.100957 0.869304 0.017547 0.002276
2 2 0.014243 0.137034 0.837002 0.006498 0.005223
2 2 0.020340 0.191924 0.768690 0.005712 0.013334
2 2 0.077629 0.236479 0.636740 0.021730 0.027421
2 2 0.011927 0.117531 0.863070 0.003889 0.003584
2 2 0.033858 0.172699 0.728161 0.039804 0.025478
2 2 0.029991 0.131945 0.787255 0.038113 0.012697
2 2 0.041311 0.123018 0.717859 0.107145 0.010666
2 2 0.047662 0.137015 0.712598 0.090174 0.012551
2 2 0.031177 0.124696 0.761935 0.069733 0.012459
2 2 0.029612 0.104568 0.750381 0.106509 0.008930
2 2 0.007072 0.034014 0.608171 0.346877 0.003865
2 2 0.057610 0.075060 0.508198 0.341412 0.017720
2 2 0.035236 0.080853 0.621843 0.248695 0.013373
2 2 0.046573 0.101370 0.666965 0.169511 0.015580
2 2 0.041434 0.116342 0.722494 0.108471 0.011260
2 2 0.041604 0.073365 0.664096 0.210281 0.010654
2 2 0.043117 0.138884 0.721506 0.083204 0.013289
2 2 0.033910 0.070566 0.595348 0.293632 0.006544
2 1 0.035463 0.061812 0.662201 0.236018 0.004506
2 1 0.056062 0.155891 0.766886 0.016062 0.005099
2 1 0.031868 0.212843 0.742632 0.007884 0.004773
2 2 0.062349 0.281298 0.643991 0.006030 0.006331
2 2 0.021464 0.132643 0.836453 0.005696 0.003743
2 2 0.093476 0.382421 0.495138 0.002534 0.026431
2 2 0.018099 0.129939 0.831720 0.015397 0.004844
2 2 0.026213 0.210457 0.747868 0.006555 0.008906
2 2 0.042081 0.142817 0.794142 0.010419 0.010541
2 2 0.013844 0.135090 0.841194 0.005508 0.004365
2 2 0.011301 0.108227 0.853351 0.024169 0.002952
2 2 0.022424 0.187508 0.777864 0.004975 0.007229
2 2 0.012852 0.118894 0.860695 0.004837 0.002722
2 2 0.026377 0.228584 0.723123 0.004742 0.017175
2 2 0.010481 0.057261 0.811693 0.116951 0.003615
2 2 0.009158 0.103597 0.847982 0.034941 0.004321
2 1 0.023192 0.092421 0.740764 0.130327 0.013296
2 1 0.045622 0.159919 0.774872 0.015255 0.004332
2 1 0.118722 0.221478 0.629798 0.017429 0.012573
2 2 0.227549 0.285164 0.449736 0.007706 0.029844
2 2 0.011263 0.108588 0.845751 0.032251 0.002147
2 2 0.008722 0.089346 0.893549 0.006420 0.001963
2 2 0.003329 0.046746 0.917303 0.031693 0.000929
2 2 0.002942 0.051652 0.936725 0.007430 0.001251
2 2 0.002400 0.043394 0.949862 0.003517 0.000828
2 2 0.008369 0.088299 0.887205 0.013930 0.002196
2 2 0.003669 0.058684 0.928961 0.007128 0.001558
2 2 0.005905 0.062799 0.918842 0.009320 0.003135
2 2 0.002433 0.048406 0.938153 0.009520 0.001489
2 2 0.017780 0.163988 0.808208 0.003105 0.006919
2 0 0.131228 0.157686 0.637226 0.061042 0.012818
0 0 0.997944 0.001051 0.000363 0.000002 0.000640
0 0 0.998790 0.000577 0.000211 0.000001 0.000421
0 0 0.998456 0.000603 0.000234 0.000001 0.000707
0 0 0.997701 0.001238 0.000411 0.000001 0.000649
0 0 0.990073 0.005968 0.001755 0.000010 0.002194
0 0 0.942200 0.041716 0.009562 0.000042 0.006479
0 0 0.823573 0.143456 0.023834 0.000004 0.009133
0 0 0.658613 0.274520 0.045421 0.000009 0.021436
0 0 0.599914 0.339615 0.049376 0.000006 0.011088
0 0 0.886536 0.090048 0.017717 0.000019 0.005680
0 0 0.851131 0.114660 0.021964 0.000014 0.012230
0 0 0.523942 0.379996 0.081177 0.000027 0.014858
1 0 0.379989 0.451262 0.153028 0.000035 0.015686
0 0 0.509220 0.399459 0.076944 0.000008 0.014368
2 0 0.160784 0.383558 0.448559 0.000306 0.006793
0 0 0.432572 0.423983 0.128741 0.000055 0.014649
0 0 0.563727 0.364417 0.055248 0.000021 0.016586
1 0 0.432655 0.449095 0.096294 0.000017 0.021940
0 0 0.562805 0.353556 0.073888 0.000015 0.009736
0 0 0.984923 0.009311 0.002640 0.000016 0.003111
0 0 0.936587 0.045473 0.010347 0.000030 0.007562
0 0 0.681322 0.265415 0.043991 0.000004 0.009267
0 0 0.626817 0.290265 0.073304 0.000037 0.009577
0 0 0.649061 0.284315 0.051748 0.000007 0.014869
0 0 0.696339 0.253526 0.038259 0.000005 0.011870
0 1 0.525890 0.391536 0.066025 0.000005 0.016544
1 1 0.248696 0.519617 0.192626 0.000027 0.039035
1 0 0.303961 0.497483 0.155903 0.000030 0.042624
0 1 0.445952 0.442008 0.090193 0.000014 0.021833
1 1 0.328128 0.501278 0.135395 0.000025 0.035174
1 1 0.414806 0.459286 0.098752 0.000003 0.027153
0 1 0.462979 0.429149 0.090190 0.000015 0.017668
0 0 0.457866 0.430512 0.093398 0.000004 0.018220
0 1 0.725884 0.226029 0.036220 0.000013 0.011853
0 1 0.441331 0.438435 0.102244 0.000012 0.017977
1 1 0.372013 0.461906 0.144385 0.000016 0.021680
0 1 0.459837 0.429391 0.092717 0.000007 0.018048
1 1 0.302999 0.484517 0.188775 0.000097 0.023612
1 1 0.200938 0.505206 0.163952 0.000138 0.129766
1 1 0.303497 0.518692 0.110808 0.000009 0.066993
1 1 0.330350 0.499969 0.113078 0.000009 0.056594
0 1 0.564679 0.299772 0.059633 0.000012 0.075904
1 0 0.355213 0.491405 0.098513 0.000013 0.054856
0 0 0.960589 0.028828 0.006494 0.000015 0.004074
0 1 0.790045 0.158541 0.034858 0.000187 0.016369
1 1 0.371173 0.485002 0.113748 0.000039 0.030037
1 1 0.231725 0.545681 0.126076 0.000301 0.096217
1 1 0.151614 0.511986 0.280153 0.000485 0.055762
1 1 0.260007 0.489489 0.214522 0.001157 0.034824
1 1 0.310684 0.511829 0.141240 0.000050 0.036197
0 1 0.430095 0.321886 0.077073 0.000176 0.170771
1 1 0.116367 0.514998 0.142221 0.000079 0.226334
0 1 0.425852 0.365830 0.079303 0.000085 0.128929
0 1 0.497322 0.357094 0.071612 0.000058 0.073913
0 1 0.667570 0.219440 0.050383 0.000220 0.062388
0 1 0.558911 0.222326 0.058143 0.000159 0.160461
1 1 0.305991 0.340921 0.088681 0.000678 0.263729
1 1 0.150884 0.419347 0.099860 0.000187 0.329722
1 1 0.307625 0.370836 0.086604 0.000077 0.234858
0 0 0.448213 0.411420 0.080280 0.000344 0.059743
0 1 0.337464 0.293378 0.079355 0.000402 0.289401
0 1 0.374542 0.239275 0.067809 0.000197 0.318177
4 1 0.219391 0.345513 0.085549 0.000063 0.349484
4 1 0.159491 0.364169 0.092529 0.000212 0.383599
1 1 0.175293 0.478612 0.121366 0.000221 0.224508
1 1 0.150187 0.452687 0.102632 0.000127 0.294367
1 1 0.188288 0.471001 0.105327 0.000248 0.235136
0 1 0.380494 0.234562 0.067057 0.000220 0.317666
1 1 0.101810 0.471577 0.109569 0.000464 0.316580
1 1 0.047132 0.423699 0.167514 0.000732 0.360923
1 0 0.037645 0.406099 0.218125 0.000162 0.337969
0 0 0.670503 0.214003 0.049944 0.000239 0.065311
0 1 0.946016 0.038968 0.008849 0.000024 0.006142
1 1 0.421294 0.447280 0.112766 0.000036 0.018625
0 1 0.459379 0.420436 0.106421 0.000066 0.013698
1 1 0.271619 0.493910 0.212314 0.000157 0.022000
1 1 0.269168 0.521264 0.171357 0.000053 0.038158
1 1 0.199888 0.545521 0.173596 0.000098 0.080897
1 1 0.118987 0.529405 0.235636 0.000444 0.115528
1 1 0.097151 0.487825 0.342048 0.000511 0.072465
1 1 0.128503 0.520381 0.258993 0.000311 0.091812
2 1 0.042754 0.350647 0.570606 0.001187 0.034806
2 2 0.001342 0.063045 0.927977 0.000343 0.007293
2 2 0.015090 0.236594 0.703949 0.001561 0.042804
2 1 0.053200 0.395776 0.448412 0.000336 0.102275
1 1 0.300384 0.474939 0.191757 0.000081 0.032839
2 2 0.016508 0.193836 0.776984 0.002127 0.010545
2 2 0.043414 0.316574 0.616399 0.000470 0.023144
2 2 0.004726 0.090873 0.899657 0.000712 0.004033
2 2 0.003231 0.076789 0.913966 0.000316 0.005698
2 2 0.006930 0.101367 0.887414 0.000429 0.003859
2 2 0.000329 0.022215 0.976122 0.000110 0.001223
2 2 0.001467 0.049990 0.943267 0.000800 0.004477
2 2 0.002553 0.063964 0.929278 0.001343 0.002862
2 2 0.003862 0.113899 0.865230 0.001284 0.015725
2 2 0.001178 0.052582 0.941012 0.000562 0.004666
2 2 0.004118 0.088797 0.898459 0.000764 0.007862
2 2 0.002381 0.052211 0.942692 0.001154 0.001561
2 2 0.000567 0.031578 0.964965 0.000408 0.002481
2 2 0.002947 0.060866 0.926472 0.006971 0.002744
2 2 0.008692 0.116941 0.867172 0.001579 0.005616
2 2 0.005791 0.114374 0.863765 0.005444 0.010625
2 2 0.005676 0.084766 0.904609 0.001041 0.003908
2 2 0.005194 0.081218 0.905279 0.004756 0.003553
2 2 0.020215 0.183969 0.776672 0.008727 0.010416
2 2 0.004076 0.071790 0.915478 0.005971 0.002685
2 2 0.020949 0.146375 0.818800 0.006942 0.006933
2 2 0.012426 0.150533 0.819857 0.007578 0.009607
2 2 0.010489 0.125633 0.852883 0.005232 0.005763
2 2 0.006456 0.085230 0.899196 0.006065 0.003053
2 2 0.035679 0.308543 0.606860 0.004070 0.044849
2 2 0.005380 0.072402 0.903412 0.016333 0.002473
2 2 0.014402 0.181079 0.786097 0.004559 0.013863
2 2 0.012691 0.060732 0.789552 0.131013 0.006011
2 2 0.002009 0.050713 0.941791 0.003592 0.001895
2 2 0.003502 0.066006 0.915724 0.011794 0.002973
2 1 0.004592 0.080978 0.885965 0.024769 0.003697
2 0 0.312810 0.270445 0.378216 0.010171 0.028359
0 1 0.949210 0.037001 0.008380 0.000030 0.005380
0 1 0.607355 0.283045 0.082239 0.000321 0.027041
2 2 0.103888 0.353297 0.536325 0.000466 0.006024
2 2 0.047985 0.245871 0.698385 0.001237 0.006523
2 2 0.050233 0.273902 0.666898 0.001043 0.007924
2 2 0.113949 0.403591 0.464072 0.000292 0.018096
2 2 0.047166 0.226281 0.720557 0.002255 0.003740
2 2 0.018273 0.177269 0.797052 0.001967 0.005440
2 2 0.069133 0.337427 0.573065 0.001010 0.019366
2 2 0.043193 0.220623 0.724604 0.004644 0.006936
2 2 0.013100 0.083250 0.868614 0.032108 0.002928
2 2 0.030755 0.234937 0.721240 0.002074 0.010994
2 2 0.040997 0.224477 0.720187 0.003435 0.010903
2 2 0.021289 0.169158 0.802629 0.001690 0.005234
2 2 0.018741 0.156880 0.817117 0.002551 0.004711
2 2 0.052603 0.269995 0.662946 0.004699 0.009757
2 2 0.044730 0.280137 0.655409 0.003031 0.016693
2 2 0.012767 0.122623 0.848737 0.012570 0.003302
2 2 0.027270 0.132676 0.798051 0.033388 0.008615
2 2 0.054069 0.230794 0.686884 0.010060 0.018193
2 2 0.031932 0.201600 0.750461 0.008427 0.007580
2 2 0.014777 0.127068 0.841135 0.011965 0.005055
2 3 0.015964 0.108850 0.813053 0.056411 0.005722
2 2 0.005636 0.019900 0.596581 0.375310 0.002573
2 2 0.042177 0.148261 0.726322 0.067465 0.015776
2 2 0.019434 0.182502 0.782296 0.006728 0.009039
2 2 0.012891 0.053905 0.807240 0.118586 0.007378
2 2 0.034427 0.154902 0.768933 0.030340 0.011397
2 2 0.030515 0.173372 0.753673 0.029131 0.013308
2 2 0.008822 0.048237 0.834002 0.105277 0.003663
2 2 0.023515 0.094445 0.811677 0.064124 0.006240
2 1 0.017511 0.099627 0.726388 0.147918 0.008556
2 1 0.104356 0.248864 0.637930 0.004454 0.004397
2 2 0.077287 0.322963 0.584054 0.002019 0.013677
2 1 0.027490 0.147634 0.813640 0.009202 0.002033
0 1 0.355730 0.293310 0.344330 0.000960 0.005670
2 2 0.019265 0.142178 0.831141 0.005367 0.002048
2 2 0.083696 0.251521 0.659327 0.002398 0.003058
2 2 0.026222 0.140272 0.828577 0.003247 0.001682
2 2 0.048115 0.176078 0.768786 0.005142 0.001879
2 2 0.011840 0.106953 0.878742 0.000916 0.001549
2 2 0.039801 0.205337 0.746788 0.003594 0.004479
2 2 0.019579 0.121803 0.851680 0.005660 0.001278
2 2 0.038773 0.191907 0.764822 0.002267 0.002231
2 2 0.019171 0.117929 0.852435 0.008951 0.001514
2 1 0.031453 0.173945 0.786781 0.005408 0.002412
1 2 0.294928 0.462796 0.227427 0.000094 0.014756
2 2 0.029782 0.146645 0.818119 0.003994 0.001460
1 1 0.230110 0.385446 0.379104 0.000352 0.004987
1 2 0.220426 0.400234 0.373700 0.000269 0.005371
2 2 0.069853 0.244542 0.681777 0.000944 0.002883
2 2 0.040846 0.197605 0.756748 0.001602 0.003199
2 2 0.024854 0.190867 0.777409 0.001061 0.005809
2 2 0.006731 0.081154 0.900197 0.010306 0.001613
2 2 0.030116 0.191363 0.772672 0.000924 0.004925
2 2 0.029792 0.191481 0.773749 0.000813 0.004163
2 2 0.050402 0.219211 0.725080 0.001861 0.003446
0 0 0.405257 0.340478 0.246185 0.000830 0.007249
0 0 0.925125 0.055952 0.011386 0.000004 0.007532
0 1 0.882771 0.087521 0.018690 0.000097 0.010921
0 1 0.692552 0.245531 0.044011 0.000116 0.017791
1 1 0.277792 0.513295 0.182212 0.000343 0.026359
1 1 0.099709 0.469679 0.388108 0.002621 0.039883
2 2 0.066144 0.415186 0.473660 0.002330 0.042679
2 2 0.021047 0.242461 0.713471 0.002391 0.020630
2 1 0.011005 0.167898 0.800586 0.002338 0.018173
2 1 0.067036 0.403542 0.480115 0.001386 0.047921
2 1 0.041427 0.368288 0.549308 0.001150 0.039827
2 2 0.043009 0.272861 0.669786 0.001140 0.013204
2 2 0.005144 0.133923 0.838003 0.000496 0.022435
2 2 0.006497 0.147720 0.829636 0.000604 0.015542
2 2 0.004352 0.093620 0.895293 0.000363 0.006371
2 2 0.068569 0.417433 0.466266 0.000726 0.047006
2 2 0.010666 0.183261 0.787854 0.001913 0.016306
2 2 0.000705 0.048875 0.941508 0.001291 0.007621
2 2 0.026521 0.370090 0.483288 0.001073 0.119028
2 2 0.022057 0.304228 0.600168 0.000956 0.072590
2 2 0.006234 0.141140 0.832150 0.000478 0.019998
2 2 0.022457 0.297738 0.626528 0.000747 0.052530
2 2 0.011482 0.165520 0.800618 0.007808 0.014572
1 1 0.259612 0.391956 0.094397 0.000268 0.253768
1 1 0.065823 0.449662 0.418165 0.001930 0.064420
2 1 0.096014 0.423160 0.434999 0.002985 0.042842
1 1 0.120535 0.493378 0.318506 0.004275 0.063305
1 1 0.110633 0.512577 0.166003 0.000132 0.210655
1 1 0.189411 0.457044 0.189668 0.001446 0.162430
0 1 0.436606 0.312913 0.074014 0.000080 0.176387
1 0 0.170193 0.395151 0.166360 0.000411 0.267885
1 4 0.268243 0.480240 0.145423 0.001066 0.105028
0 4 0.788421 0.062654 0.021792 0.000170 0.126962
0 0 0.608273 0.136650 0.042016 0.000138 0.212924
0 0 0.616510 0.146915 0.042182 0.000043 0.194350
0 4 0.382399 0.349493 0.142070 0.000705 0.125333
4 4 0.190567 0.335195 0.095011 0.000287 0.378939
0 4 0.610654 0.085590 0.029700 0.000050 0.274007
1 4 0.154431 0.458120 0.098272 0.000026 0.289152
1 4 0.163837 0.450994 0.099464 0.000053 0.285652
0 4 0.317676 0.304898 0.080582 0.000250 0.296595
0 4 0.458699 0.279086 0.073133 0.000562 0.188520
1 4 0.238147 0.526025 0.098330 0.000022 0.137476
1 4 0.276337 0.491451 0.094703 0.000027 0.137482
0 4 0.445628 0.289468 0.117586 0.001667 0.145651
4 4 0.188094 0.276928 0.081537 0.000935 0.452505
4 4 0.283544 0.300690 0.082511 0.000487 0.332768
0 4 0.457160 0.193267 0.059057 0.000499 0.290018
1 4 0.088728 0.479108 0.128234 0.000316 0.303613
1 4 0.168852 0.523716 0.107526 0.000101 0.199805
1 4 0.302827 0.424850 0.092734 0.000102 0.179488
0 4 0.399059 0.337480 0.080733 0.000195 0.182534
4 4 0.227474 0.332131 0.090110 0.000784 0.349501
4 4 0.285640 0.290025 0.078477 0.000194 0.345663
0 4 0.373342 0.363227 0.079488 0.000022 0.183921
1 4 0.154407 0.399074 0.132727 0.000715 0.313077
4 0 0.280005 0.270617 0.070812 0.000026 0.378539
1 4 0.242276 0.430593 0.231507 0.006505 0.089119
1 4 0.160417 0.520503 0.114061 0.000022 0.204998
1 4 0.169047 0.507743 0.112252 0.000631 0.210327
1 4 0.270622 0.353972 0.088185 0.000181 0.287040
4 1 0.147663 0.095716 0.037377 0.000302 0.718941
1 4 0.296776 0.452980 0.090975 0.000023 0.159246
1 4 0.268421 0.386464 0.093303 0.000258 0.251553
4 4 0.095959 0.395605 0.096085 0.000142 0.412210
1 4 0.118816 0.504955 0.125476 0.000514 0.250238
0 4 0.434027 0.243013 0.067044 0.000231 0.255684
4 4 0.044752 0.199708 0.058093 0.000052 0.697395
4 4 0.340764 0.225841 0.064541 0.000091 0.368764
1 4 0.363894 0.380819 0.085929 0.000130 0.169227
0 4 0.430418 0.300281 0.076528 0.000404 0.192368
4 4 0.208890 0.313569 0.089164 0.001511 0.386866
0 4 0.641651 0.148973 0.044366 0.000328 0.164682
0 4 0.728027 0.132407 0.038126 0.000460 0.100980
0 4 0.452068 0.280013 0.097793 0.001641 0.168485
1 4 0.069038 0.459707 0.212157 0.001216 0.257882
1 4 0.046037 0.449306 0.314985 0.003198 0.186474
1 0 0.086809 0.427508 0.192068 0.000519 0.293096
0 1 0.596141 0.288367 0.092103 0.000106 0.023283
0 1 0.564354 0.306271 0.109740 0.000297 0.019338
1 1 0.151058 0.451889 0.377051 0.000655 0.019348
1 1 0.326773 0.498478 0.142419 0.000064 0.032265
0 1 0.865885 0.105737 0.020125 0.000047 0.008207
1 1 0.381927 0.450222 0.150123 0.000050 0.017678
0 1 0.526000 0.347851 0.110961 0.000284 0.014904
0 1 0.947672 0.040046 0.008288 0.000015 0.003980
0 1 0.524297 0.382819 0.079398 0.000021 0.013465
1 1 0.254034 0.500371 0.224419 0.000027 0.021149
0 1 0.603652 0.319805 0.059119 0.000015 0.017409
1 0 0.308614 0.514051 0.130043 0.000022 0.047271
0 0 0.847854 0.109296 0.024216 0.000121 0.018512
0 1 0.679266 0.202925 0.078167 0.000164 0.039477
1 1 0.358879 0.475701 0.141679 0.000179 0.023562
1 1 0.265593 0.511996 0.185076 0.000172 0.037164
2 1 0.075296 0.362631 0.544602 0.002654 0.014817
2 1 0.076008 0.421539 0.473118 0.000475 0.028861
2 1 0.048089 0.342343 0.585886 0.003161 0.020521
1 1 0.093026 0.463060 0.400519 0.001789 0.041606
2 1 0.043266 0.336866 0.596916 0.003501 0.019451
2 2 0.029513 0.244846 0.710654 0.000548 0.014439
2 2 0.000328 0.024054 0.973400 0.000071 0.002147
2 2 0.002870 0.072444 0.920295 0.000526 0.003865
2 2 0.001575 0.049296 0.945806 0.000270 0.003053
2 2 0.000766 0.038305 0.957991 0.000121 0.002817
2 2 0.002361 0.055084 0.937041 0.003159 0.002355
2 2 0.003196 0.088050 0.899984 0.000068 0.008703
2 2 0.003188 0.068548 0.924646 0.000266 0.003352
2 2 0.001676 0.048112 0.946219 0.001908 0.002084
2 2 0.012432 0.166033 0.810259 0.000393 0.010883
2 1 0.019549 0.216903 0.744179 0.001387 0.017982
2 1 0.033271 0.223048 0.737605 0.001029 0.005047
2 1 0.034458 0.268998 0.679868 0.000312 0.016364
2 1 0.010701 0.164571 0.811706 0.000121 0.012901
2 1 0.004609 0.072960 0.919635 0.000630 0.002165
2 2 0.016755 0.170430 0.804914 0.001080 0.006821
2 2 0.009108 0.137397 0.844392 0.000592 0.008510
2 2 0.008687 0.116411 0.870544 0.000240 0.004117
2 2 0.026522 0.196053 0.766131 0.002190 0.009104
2 2 0.017914 0.160049 0.814013 0.002373 0.005652
2 2 0.004336 0.070631 0.917100 0.005606 0.002327
2 2 0.005419 0.084128 0.904421 0.003117 0.002915
2 2 0.027505 0.213470 0.744673 0.003010 0.011342
2 2 0.007937 0.116328 0.869168 0.001546 0.005021
2 2 0.003552 0.070520 0.920652 0.002828 0.002448
2 2 0.037521 0.235147 0.705164 0.007102 0.015067
2 2 0.010865 0.124979 0.854703 0.004165 0.005288
2 2 0.007663 0.100910 0.879817 0.007462 0.004148
2 2 0.016112 0.133950 0.844256 0.001549 0.004132
2 1 0.110432 0.331190 0.548548 0.000563 0.009267
2 2 0.110972 0.273551 0.609174 0.002000 0.004303
2 2 0.018890 0.170954 0.801034 0.003500 0.005622
2 2 0.003498 0.070416 0.922981 0.000561 0.002545
2 2 0.007429 0.099917 0.885150 0.003301 0.004204
2 2 0.010098 0.130083 0.852924 0.000460 0.006435
2 2 0.037244 0.242553 0.704788 0.003198 0.012217
2 2 0.009710 0.111575 0.864635 0.010648 0.003431
2 2 0.034510 0.256228 0.690529 0.003323 0.015410
2 2 0.011214 0.125141 0.855737 0.003882 0.004026
2 2 0.005550 0.073189 0.904273 0.015187 0.001802
2 1 0.120029 0.166603 0.641894 0.059255 0.012219
2 1 0.040912 0.138107 0.806086 0.011664 0.003231
2 1 0.083347 0.406406 0.475577 0.004746 0.029924
2 1 0.012222 0.146324 0.831978 0.001552 0.007924
0 1 0.623747 0.246569 0.075811 0.000216 0.053657
0 1 0.801870 0.140309 0.042221 0.000385 0.015215
1 1 0.292724 0.477322 0.207654 0.000284 0.022016
1 1 0.278997 0.434634 0.268540 0.001307 0.016522
1 1 0.158834 0.453703 0.370207 0.000335 0.016920
2 2 0.046140 0.286071 0.655934 0.003561 0.008294
2 2 0.002296 0.050489 0.945566 0.000664 0.000985
2 2 0.007916 0.108476 0.878587 0.001187 0.003834
2 2 0.004257 0.064820 0.929611 0.000244 0.001068
2 2 0.008155 0.108626 0.877237 0.002445 0.003537
2 2 0.002468 0.054114 0.940529 0.000929 0.001961
2 2 0.007730 0.101079 0.883277 0.004375 0.003539
2 2 0.030904 0.241184 0.713041 0.002050 0.012821
2 2 0.006365 0.088267 0.899371 0.003533 0.002463
2 2 0.014586 0.130467 0.827227 0.023262 0.004458
2 2 0.006196 0.079767 0.890206 0.021442 0.002390
2 2 0.014287 0.119000 0.842062 0.019142 0.005509
2 2 0.002705 0.041401 0.936671 0.018555 0.000669
2 2 0.011646 0.078800 0.850176 0.056364 0.003014
2 2 0.012828 0.066226 0.837076 0.078680 0.005190
2 2 0.007308 0.030701 0.630168 0.329721 0.002103
2 2 0.015610 0.092220 0.849630 0.036379 0.006161
2 2 0.004294 0.035436 0.768048 0.189423 0.002799
2 2 0.017197 0.087469 0.764476 0.122767 0.008092
2 2 0.039306 0.031482 0.526792 0.397174 0.005247
2 3 0.029788 0.055915 0.659114 0.249707 0.005477
2 2 0.008027 0.024700 0.619525 0.345048 0.002699
2 2 0.050060 0.061421 0.523114 0.352622 0.012782
2 2 0.013396 0.031351 0.521212 0.428195 0.005846
2 2 0.014363 0.044715 0.628708 0.307244 0.004970
3 2 0.002270 0.007112 0.339248 0.650335 0.001035
3 2 0.008130 0.022404 0.459148 0.507117 0.003200
2 2 0.023682 0.036159 0.467643 0.463544 0.008971
3 3 0.006353 0.014709 0.377752 0.598180 0.003006
3 3 0.010999 0.023189 0.330463 0.629555 0.005793
3 3 0.009515 0.015152 0.355161 0.617071 0.003102
3 2 0.002637 0.003797 0.128176 0.864422 0.000968
3 2 0.011494 0.026309 0.435512 0.520429 0.006256
3 2 0.002427 0.007023 0.234980 0.753898 0.001672
3 3 0.010233 0.008004 0.157947 0.820361 0.003455
3 3 0.010756 0.009804 0.136077 0.839306 0.004057
3 3 0.009549 0.023950 0.304799 0.655098 0.006604
3 3 0.007521 0.006250 0.113443 0.870574 0.002211
3 3 0.004280 0.004520 0.170701 0.819270 0.001229
3 3 0.007217 0.011919 0.240939 0.736201 0.003723
3 3 0.001403 0.003115 0.117491 0.877095 0.000895
3 3 0.002685 0.003665 0.092295 0.900043 0.001312
3 3 0.010748 0.010498 0.197219 0.777541 0.003994
3 3 0.011082 0.011426 0.164763 0.807141 0.005588
3 3 0.011991 0.009253 0.111249 0.863156 0.004351
3 3 0.001999 0.002354 0.101800 0.893200 0.000647
3 3 0.000231 0.000801 0.069305 0.929417 0.000245
3 3 0.008392 0.013843 0.190327 0.782687 0.004750
3 3 0.008464 0.014108 0.206951 0.765266 0.005211
3 3 0.001878 0.003600 0.149533 0.843917 0.001071
3 3 0.000221 0.000909 0.088109 0.910562 0.000200
3 3 0.000425 0.001130 0.060347 0.937781 0.000317
3 3 0.001898 0.003294 0.099521 0.893995 0.001293
3 3 0.002867 0.007032 0.216798 0.771025 0.002277
3 3 0.011638 0.010260 0.130023 0.842114 0.005964
3 3 0.003038 0.007765 0.178430 0.807999 0.002768
3 3 0.001333 0.004892 0.230224 0.762042 0.001510
3 3 0.001842 0.001843 0.049100 0.946458 0.000757
3 3 0.000810 0.001469 0.076442 0.920912 0.000367
3 3 0.001243 0.001601 0.089284 0.907428 0.000444
3 3 0.001128 0.001306 0.049481 0.947478 0.000607
3 3 0.001226 0.002783 0.102478 0.892616 0.000898
3 3 0.001056 0.003069 0.131264 0.863935 0.000677
3 3 0.000347 0.000661 0.046830 0.951977 0.000185
3 3 0.001204 0.001405 0.059680 0.937237 0.000474
3 2 0.015525 0.010787 0.142509 0.825597 0.005582
3 3 0.036328 0.043135 0.314169 0.587626 0.018742
3 2 0.015925 0.012004 0.127255 0.839815 0.005002
3 2 0.047065 0.061868 0.392513 0.483116 0.015439
2 2 0.007038 0.048037 0.636291 0.303361 0.005273
2 2 0.015134 0.037537 0.561713 0.380702 0.004914
3 2 0.010997 0.030557 0.419948 0.533135 0.005363
2 2 0.014617 0.079419 0.828903 0.070317 0.006745
2 3 0.009797 0.040573 0.647732 0.297575 0.004324
3 2 0.006491 0.010310 0.349567 0.631949 0.001683
2 2 0.022069 0.049705 0.490475 0.429286 0.008465
2 2 0.039220 0.114184 0.636398 0.197856 0.012343
2 3 0.036042 0.101216 0.636149 0.210364 0.016230
