0 0 0.869408 0.074000 0.040416 0.000007 0.016168
0 0 0.842402 0.099848 0.034903 0.000003 0.022845
0 0 0.502765 0.254530 0.211416 0.000246 0.031044
0 0 0.587562 0.252352 0.127474 0.000523 0.032089
0 1 0.456694 0.396105 0.122838 0.000011 0.024351
1 1 0.337871 0.463579 0.133430 0.000038 0.065082
1 1 0.378023 0.416228 0.119914 0.000031 0.085804
1 1 0.249087 0.468011 0.135244 0.000098 0.147559
0 4 0.777939 0.049686 0.024286 0.000056 0.148034
0 4 0.563875 0.111544 0.060259 0.000056 0.264266
1 4 0.247018 0.341095 0.111711 0.000059 0.300117
0 4 0.350701 0.246179 0.120529 0.000397 0.282194
0 4 0.360536 0.223185 0.081649 0.000060 0.334571
4 4 0.225345 0.219275 0.154607 0.000142 0.400632
1 4 0.299954 0.505632 0.083920 0.000019 0.110476
1 4 0.366614 0.387103 0.079161 0.000030 0.167091
1 4 0.130851 0.540257 0.090285 0.000064 0.238543
4 4 0.323978 0.200072 0.092593 0.000054 0.383302
4 4 0.236316 0.072911 0.037115 0.000076 0.653582
1 4 0.167750 0.435241 0.158303 0.000605 0.238101
0 4 0.402839 0.220111 0.095306 0.000050 0.281693
4 4 0.317916 0.137703 0.077573 0.000038 0.466770
4 4 0.192868 0.191631 0.101480 0.000241 0.513780
1 4 0.174403 0.346647 0.264343 0.000337 0.214270
0 4 0.448366 0.166681 0.066565 0.000507 0.317881
0 4 0.571443 0.187577 0.056057 0.000016 0.184907
1 4 0.040218 0.549268 0.233592 0.000171 0.176751
1 4 0.062170 0.472438 0.344125 0.000319 0.120947
1 1 0.208100 0.587872 0.121938 0.000105 0.081985
1 1 0.154713 0.552186 0.194649 0.000039 0.098414
1 1 0.075584 0.522354 0.302850 0.000191 0.099021
1 1 0.036909 0.532034 0.320298 0.000491 0.110268
1 1 0.019555 0.431374 0.415644 0.000454 0.132973
1 1 0.055695 0.568549 0.286253 0.000828 0.088675
2 1 0.041754 0.302222 0.623605 0.001799 0.030621
2 1 0.018803 0.417127 0.491191 0.001150 0.071729
2 1 0.022293 0.413306 0.504988 0.004974 0.054439
2 2 0.009515 0.284314 0.680758 0.005189 0.020225
2 2 0.006980 0.182229 0.791049 0.002287 0.017455
2 2 0.006772 0.162474 0.816753 0.004120 0.009881
2 2 0.014468 0.077083 0.889944 0.011892 0.006613
2 2 0.021054 0.252635 0.691663 0.008856 0.025792
2 2 0.020320 0.103630 0.870165 0.001909 0.003977
2 2 0.005587 0.061576 0.920609 0.005211 0.007018
2 2 0.003823 0.056852 0.936283 0.002227 0.000814
2 3 0.001201 0.016171 0.969974 0.012154 0.000499
2 3 0.002696 0.013531 0.922723 0.060854 0.000196
2 3 0.007267 0.033788 0.910360 0.047345 0.001240
2 3 0.011866 0.073274 0.894354 0.016912 0.003593
2 3 0.018647 0.046024 0.913858 0.019580 0.001891
2 3 0.007890 0.046679 0.905520 0.036133 0.003778
2 3 0.010940 0.035599 0.928952 0.023004 0.001505
2 3 0.006091 0.026965 0.881555 0.084945 0.000444
2 3 0.006661 0.025820 0.913967 0.052055 0.001497
2 3 0.002501 0.007702 0.699175 0.290456 0.000166
3 3 0.001127 0.005316 0.445113 0.548327 0.000117
3 3 0.001287 0.003187 0.231240 0.764086 0.000201
2 3 0.002782 0.005658 0.606053 0.385425 0.000082
3 3 0.001649 0.002157 0.196205 0.799950 0.000038
3 3 0.001309 0.003089 0.271075 0.724422 0.000105
2 3 0.015893 0.015107 0.517468 0.450860 0.000672
3 3 0.002633 0.002884 0.303953 0.690451 0.000079
3 3 0.001428 0.004574 0.412695 0.581224 0.000079
3 3 0.001482 0.004587 0.409618 0.584195 0.000118
3 3 0.000708 0.002390 0.255027 0.741808 0.000067
3 3 0.004887 0.005780 0.222810 0.766199 0.000325
3 3 0.000816 0.000674 0.116957 0.881545 0.000007
3 3 0.001929 0.002232 0.148326 0.847400 0.000113
3 3 0.000681 0.001220 0.083040 0.915007 0.000054
3 3 0.000406 0.000404 0.035697 0.963481 0.000012
3 3 0.000267 0.000770 0.105162 0.893776 0.000025
3 3 0.000718 0.000621 0.032275 0.966352 0.000034
3 3 0.000012 0.000039 0.029713 0.970235 0.000000
3 3 0.000673 0.000724 0.058767 0.939809 0.000027
3 3 0.000165 0.000391 0.047345 0.952092 0.000006
3 3 0.000368 0.000421 0.029919 0.969283 0.000008
3 3 0.000819 0.000814 0.062355 0.935999 0.000013
3 3 0.000902 0.000940 0.028083 0.969982 0.000093
3 3 0.003350 0.002093 0.071291 0.923142 0.000123
3 3 0.000036 0.000092 0.024263 0.975606 0.000003
3 3 0.000008 0.000024 0.014374 0.985595 0.000000
3 3 0.000420 0.000419 0.044606 0.954546 0.000009
3 3 0.001416 0.001261 0.055301 0.941947 0.000076
3 3 0.000415 0.000324 0.009003 0.990233 0.000025
3 3 0.000550 0.000835 0.069089 0.929483 0.000043
3 3 0.000043 0.000093 0.014807 0.985055 0.000002
3 3 0.000144 0.000209 0.018388 0.981251 0.000007
3 3 0.000058 0.000169 0.027154 0.972615 0.000004
3 3 0.000373 0.000378 0.022444 0.976785 0.000020
3 3 0.001136 0.000736 0.027531 0.970551 0.000046
3 3 0.000428 0.000286 0.018722 0.980552 0.000011
3 3 0.000030 0.000040 0.013744 0.986186 0.000000
3 3 0.000095 0.000121 0.013861 0.985920 0.000003
3 3 0.000827 0.000547 0.019544 0.979044 0.000037
3 3 0.000043 0.000059 0.015249 0.984649 0.000001
3 3 0.000465 0.000230 0.014685 0.984613 0.000007
3 3 0.000495 0.000392 0.016622 0.982465 0.000026
3 3 0.000311 0.000464 0.032135 0.967076 0.000014
3 3 0.000726 0.000660 0.042800 0.955781 0.000033
3 3 0.000005 0.000005 0.002481 0.997508 0.000000
3 3 0.000236 0.000266 0.010558 0.988917 0.000022
3 3 0.000123 0.000087 0.009287 0.990501 0.000002
3 3 0.000053 0.000076 0.013862 0.986008 0.000002
3 3 0.000023 0.000022 0.003544 0.996412 0.000000
3 3 0.000135 0.000180 0.015155 0.984524 0.000006
3 3 0.000026 0.000061 0.005851 0.994059 0.000003
3 3 0.000007 0.000012 0.003169 0.996813 0.000000
3 3 0.000110 0.000092 0.008201 0.991594 0.000002
3 3 0.000007 0.000016 0.007083 0.992894 0.000000
3 3 0.000015 0.000040 0.007488 0.992455 0.000002
3 3 0.000016 0.000027 0.004900 0.995056 0.000001
3 3 0.000057 0.000081 0.011524 0.988336 0.000002
3 3 0.000056 0.000069 0.004614 0.995258 0.000003
3 3 0.000180 0.000306 0.013420 0.986058 0.000037
3 3 0.000008 0.000008 0.003902 0.996082 0.000000
3 3 0.000081 0.000125 0.008937 0.990848 0.000009
3 3 0.000302 0.000223 0.015914 0.983552 0.000009
3 3 0.000030 0.000027 0.004080 0.995862 0.000000
3 3 0.000006 0.000020 0.006603 0.993371 0.000000
3 3 0.000888 0.000535 0.025520 0.973031 0.000026
3 3 0.000006 0.000010 0.003370 0.996615 0.000000
3 3 0.000136 0.000226 0.013065 0.986554 0.000019
3 3 0.000019 0.000022 0.004374 0.995584 0.000000
3 3 0.000617 0.000345 0.013375 0.985643 0.000020
3 3 0.000015 0.000049 0.008611 0.991324 0.000002
3 3 0.000010 0.000015 0.004092 0.995883 0.000000
3 3 0.000032 0.000028 0.004451 0.995488 0.000000
3 3 0.000067 0.000073 0.004780 0.995076 0.000003
3 3 0.000041 0.000055 0.008705 0.991198 0.000002
3 3 0.000007 0.000023 0.005253 0.994717 0.000001
3 3 0.000298 0.000160 0.005591 0.993945 0.000006
3 3 0.000003 0.000017 0.007165 0.992815 0.000000
3 3 0.000447 0.000335 0.015872 0.983317 0.000030
3 3 0.000010 0.000019 0.005247 0.994723 0.000000
3 3 0.000045 0.000041 0.004372 0.995540 0.000001
3 3 0.019542 0.011059 0.130355 0.838127 0.000917
2 3 0.035794 0.108665 0.676724 0.170317 0.008500
2 2 0.009314 0.053972 0.639667 0.294381 0.002665
2 2 0.037948 0.052582 0.678868 0.226036 0.004565
2 2 0.008375 0.026758 0.708174 0.255076 0.001617
2 2 0.032252 0.065808 0.804643 0.093562 0.003735
2 2 0.148906 0.225482 0.585223 0.028137 0.012253
2 1 0.144843 0.374972 0.453217 0.020456 0.006511
0 1 0.751091 0.143715 0.075731 0.000338 0.029124
0 0 0.449135 0.283725 0.214163 0.001586 0.051392
2 1 0.093049 0.327083 0.560883 0.011684 0.007301
2 1 0.041801 0.270528 0.656799 0.018973 0.011899
0 0 0.665733 0.201472 0.090815 0.000758 0.041222
1 1 0.340064 0.414564 0.190550 0.000822 0.053999
2 1 0.011592 0.307755 0.656078 0.003507 0.021068
2 1 0.003307 0.103988 0.860757 0.019789 0.012158
2 2 0.005722 0.065680 0.887982 0.036428 0.004188
2 2 0.004241 0.041052 0.932143 0.021249 0.001314
2 2 0.006017 0.021408 0.924986 0.047036 0.000552
2 2 0.000573 0.085150 0.891998 0.005767 0.016512
2 2 0.015969 0.218484 0.730952 0.020211 0.014384
2 2 0.001165 0.150789 0.799359 0.010324 0.038363
2 2 0.004292 0.131978 0.836075 0.002194 0.025461
1 2 0.015657 0.469703 0.442170 0.000257 0.072213
2 2 0.016931 0.344363 0.602469 0.002832 0.033406
2 2 0.003849 0.219822 0.705224 0.001452 0.069653
2 2 0.012225 0.351156 0.596127 0.000614 0.039878
2 2 0.005984 0.275466 0.674597 0.002373 0.041581
2 2 0.004619 0.163327 0.804974 0.006867 0.020213
2 2 0.003433 0.188669 0.747653 0.001027 0.059218
2 2 0.012621 0.193088 0.771368 0.004163 0.018760
2 2 0.002429 0.125512 0.826444 0.010158 0.035457
2 2 0.003521 0.082600 0.902258 0.006158 0.005463
2 2 0.003438 0.069943 0.912573 0.002973 0.011073
2 2 0.004224 0.100894 0.870366 0.001946 0.022571
2 2 0.004682 0.123178 0.858483 0.000892 0.012765
2 2 0.020617 0.431570 0.503115 0.000995 0.043703
2 2 0.014125 0.221614 0.708612 0.001543 0.054106
1 2 0.024458 0.521927 0.390434 0.002197 0.060984
2 2 0.012911 0.344282 0.591223 0.001995 0.049588
2 2 0.026025 0.281788 0.625140 0.003792 0.063255
1 2 0.027280 0.474040 0.430344 0.001291 0.067046
1 2 0.147300 0.492700 0.250153 0.000785 0.109063
0 0 0.834553 0.086708 0.062454 0.000632 0.015653
1 1 0.109178 0.647364 0.219157 0.000497 0.023804
2 1 0.004817 0.144778 0.811294 0.031107 0.008003
2 2 0.002108 0.013313 0.964302 0.019712 0.000566
2 2 0.011187 0.114323 0.868454 0.002543 0.003493
2 2 0.008904 0.030291 0.946288 0.014034 0.000483
2 2 0.038177 0.382153 0.567056 0.000079 0.012535
2 2 0.012292 0.099443 0.884187 0.001174 0.002904
2 2 0.053557 0.079448 0.853763 0.011350 0.001882
2 2 0.024013 0.163493 0.799568 0.006808 0.006118
2 2 0.012693 0.095041 0.890168 0.001110 0.000988
2 2 0.001376 0.043069 0.951511 0.003459 0.000585
2 2 0.007303 0.056360 0.933599 0.001068 0.001670
2 2 0.012608 0.108818 0.870210 0.003133 0.005232
2 2 0.022952 0.143535 0.828327 0.001787 0.003399
2 2 0.024119 0.106304 0.846059 0.018710 0.004808
2 2 0.011201 0.057354 0.928337 0.002174 0.000935
2 2 0.038745 0.195827 0.757366 0.001699 0.006363
2 2 0.012974 0.139765 0.821478 0.022574 0.003210
2 2 0.030326 0.210933 0.751866 0.003320 0.003556
2 2 0.011622 0.153628 0.826320 0.004811 0.003619
2 2 0.007468 0.041989 0.944286 0.004888 0.001369
2 2 0.026820 0.233261 0.735758 0.000311 0.003850
2 2 0.022606 0.147086 0.809645 0.015374 0.005290
2 2 0.008397 0.046873 0.938156 0.004617 0.001957
2 2 0.078766 0.366485 0.540387 0.000245 0.014117
2 2 0.030575 0.218973 0.741976 0.004979 0.003497
0 0 0.619618 0.240626 0.115238 0.000056 0.024461
0 0 0.450802 0.338616 0.161150 0.000074 0.049358
2 0 0.013751 0.269671 0.698530 0.005118 0.012930
2 1 0.002292 0.067147 0.915289 0.006427 0.008846
2 1 0.003878 0.063945 0.926715 0.000664 0.004798
2 2 0.005866 0.167809 0.799599 0.001014 0.025713
2 2 0.035602 0.300137 0.649836 0.000705 0.013719
2 2 0.032854 0.109702 0.836065 0.008759 0.012621
2 2 0.037826 0.350526 0.589779 0.002550 0.019318
1 2 0.083513 0.534106 0.356609 0.001168 0.024604
2 2 0.007457 0.077517 0.906229 0.003076 0.005721
2 2 0.019249 0.083153 0.882071 0.008952 0.006574
2 2 0.080197 0.441647 0.463860 0.000037 0.014260
1 2 0.093478 0.540069 0.356080 0.000166 0.010207
2 2 0.048413 0.248951 0.690700 0.004456 0.007480
2 2 0.013246 0.215186 0.760282 0.009165 0.002121
2 2 0.008275 0.130857 0.857576 0.001217 0.002076
2 2 0.004358 0.042930 0.949447 0.002730 0.000535
2 2 0.179705 0.325551 0.482150 0.002728 0.009866
2 2 0.049697 0.427984 0.514482 0.003040 0.004798
2 2 0.003815 0.091143 0.892615 0.011975 0.000452
2 2 0.024136 0.263619 0.703620 0.001123 0.007501
2 2 0.025536 0.077983 0.886248 0.006271 0.003962
2 2 0.006480 0.060388 0.926028 0.001492 0.005613
2 2 0.040469 0.389116 0.561102 0.002586 0.006727
1 2 0.229020 0.582588 0.173024 0.000027 0.015341
1 2 0.128563 0.586452 0.270277 0.000104 0.014604
2 2 0.031100 0.388410 0.573387 0.002211 0.004892
2 2 0.029896 0.253795 0.702742 0.010123 0.003444
1 2 0.344180 0.473679 0.154309 0.002748 0.025084
0 0 0.673591 0.232684 0.064313 0.001250 0.028162
1 0 0.374742 0.508763 0.079887 0.002228 0.034381
1 0 0.207273 0.585813 0.182609 0.001293 0.023013
1 1 0.166327 0.669582 0.139643 0.000601 0.023847
1 1 0.222922 0.614861 0.148434 0.000662 0.013120
2 1 0.061213 0.388512 0.536284 0.004824 0.009166
1 1 0.392257 0.487095 0.102911 0.000022 0.017716
1 1 0.232419 0.652387 0.106836 0.000089 0.008269
1 1 0.297966 0.557342 0.130091 0.000173 0.014428
1 1 0.159986 0.635303 0.182926 0.001489 0.020296
2 1 0.053988 0.327803 0.603486 0.002381 0.012342
1 1 0.156649 0.612230 0.211851 0.000746 0.018524
1 1 0.156339 0.652014 0.174111 0.000007 0.017528
0 0 0.970621 0.017934 0.007947 0.000205 0.003292
0 0 0.981944 0.009854 0.005222 0.000024 0.002957
0 0 0.976083 0.011096 0.005992 0.000019 0.006810
0 0 0.959091 0.019101 0.014316 0.000063 0.007429
0 0 0.973258 0.012819 0.008162 0.000032 0.005730
0 0 0.971109 0.015212 0.007976 0.000029 0.005675
0 0 0.975377 0.008933 0.003914 0.000024 0.011751
0 0 0.920242 0.026038 0.011499 0.000017 0.042204
0 0 0.955391 0.019503 0.010320 0.000019 0.014768
0 0 0.965441 0.012851 0.005116 0.000008 0.016583
0 0 0.843729 0.052352 0.030663 0.000072 0.073183
0 0 0.474550 0.353636 0.102130 0.003405 0.066278
0 0 0.464480 0.301509 0.115957 0.000691 0.117363
1 0 0.311424 0.446077 0.171167 0.000241 0.071091
1 0 0.246330 0.476592 0.128235 0.001053 0.147790
1 0 0.232442 0.568929 0.113672 0.000066 0.084891
1 0 0.328984 0.526767 0.079842 0.000007 0.064400
1 0 0.287219 0.544731 0.108287 0.000058 0.059705
1 0 0.275901 0.544212 0.092468 0.000011 0.087408
1 1 0.129026 0.654727 0.109162 0.000007 0.107079
1 1 0.366855 0.482224 0.093734 0.000029 0.057157
1 1 0.047851 0.479751 0.091833 0.000010 0.380554
1 1 0.070927 0.595072 0.204288 0.000519 0.129194
1 1 0.060925 0.643203 0.200816 0.000257 0.094798
1 1 0.043248 0.610315 0.155681 0.000088 0.190667
1 1 0.057814 0.531749 0.134159 0.000010 0.276268
1 1 0.069868 0.600855 0.157798 0.000022 0.171457
1 1 0.022485 0.459969 0.356405 0.000329 0.160812
1 1 0.109075 0.636047 0.133363 0.000029 0.121486
0 0 0.774582 0.128018 0.064498 0.000086 0.032817
2 0 0.110497 0.200240 0.584304 0.098233 0.006726
0 0 0.777778 0.110668 0.054776 0.000085 0.056693
0 0 0.485930 0.190570 0.279787 0.016901 0.026812
0 0 0.965982 0.012536 0.005262 0.000019 0.016202
0 0 0.977075 0.011952 0.006985 0.000033 0.003955
0 0 0.959085 0.018675 0.009845 0.000015 0.012379
1 0 0.327972 0.433655 0.205301 0.001135 0.031938
0 0 0.784653 0.102131 0.076118 0.001854 0.035243
0 0 0.655267 0.180389 0.096746 0.000322 0.067276
1 0 0.316480 0.438332 0.208153 0.000133 0.036902
1 0 0.239706 0.540484 0.189386 0.000287 0.030137
1 0 0.134969 0.600855 0.163725 0.000386 0.100066
1 0 0.075134 0.569415 0.145223 0.000840 0.209388
1 0 0.096129 0.592852 0.099878 0.000197 0.210944
1 0 0.057216 0.574924 0.152575 0.000138 0.215148
1 0 0.258888 0.525556 0.099833 0.001782 0.113941
4 0 0.133811 0.310759 0.071373 0.000479 0.483577
0 0 0.402802 0.184668 0.042485 0.000040 0.370005
1 0 0.185801 0.536471 0.127514 0.002819 0.147395
4 0 0.044958 0.338197 0.098522 0.000011 0.518311
0 0 0.473798 0.203435 0.033736 0.000034 0.288997
1 0 0.247797 0.382221 0.094437 0.000955 0.274589
1 0 0.108940 0.630095 0.126936 0.001676 0.132353
0 0 0.438309 0.262310 0.063365 0.000141 0.235874
1 0 0.152682 0.534639 0.210951 0.000901 0.100827
0 0 0.531825 0.198083 0.041223 0.000063 0.228807
0 0 0.437232 0.142954 0.055168 0.000157 0.364489
4 0 0.395320 0.148588 0.050869 0.000019 0.405204
1 0 0.153743 0.530948 0.139109 0.000987 0.175214
1 0 0.247006 0.519414 0.121463 0.000354 0.111763
1 0 0.169721 0.382838 0.080244 0.000461 0.366736
1 0 0.270758 0.515864 0.120418 0.000910 0.092051
1 0 0.287308 0.526556 0.068511 0.000919 0.116705
1 0 0.155092 0.562192 0.146225 0.004082 0.132408
1 0 0.209093 0.444330 0.139981 0.002429 0.204167
1 0 0.235108 0.351484 0.087456 0.000402 0.325550
4 0 0.106453 0.310594 0.261078 0.002097 0.319777
1 0 0.244031 0.324929 0.224540 0.000651 0.205849
1 0 0.151041 0.494147 0.226478 0.008272 0.120062
1 0 0.092503 0.587420 0.167840 0.001212 0.151024
1 0 0.123255 0.382761 0.333176 0.006078 0.154730
4 1 0.116548 0.295598 0.282539 0.001302 0.304014
1 1 0.075779 0.419553 0.412221 0.004678 0.087769
1 1 0.032403 0.554271 0.293795 0.001515 0.118015
1 1 0.082046 0.539799 0.319717 0.003623 0.054816
0 0 0.491557 0.160649 0.213798 0.005760 0.128236
1 0 0.045556 0.462325 0.457225 0.001665 0.033229
1 1 0.115658 0.644824 0.111368 0.000155 0.127994
1 1 0.067842 0.609227 0.283393 0.001713 0.037825
1 1 0.143179 0.454954 0.353584 0.001344 0.046939
1 1 0.040586 0.594375 0.156892 0.000020 0.208126
1 1 0.029121 0.525681 0.388505 0.001225 0.055468
1 1 0.042301 0.465100 0.450792 0.002921 0.038886
2 1 0.022577 0.415318 0.511028 0.001439 0.049638
1 1 0.042284 0.469005 0.402950 0.001011 0.084750
1 2 0.055955 0.455334 0.453176 0.002461 0.033074
2 2 0.014355 0.399716 0.488678 0.001906 0.095345
2 2 0.004380 0.187668 0.771815 0.005011 0.031127
2 2 0.000933 0.073431 0.895738 0.002651 0.027247
2 2 0.002529 0.064753 0.927188 0.000076 0.005454
2 2 0.001027 0.058473 0.933936 0.000946 0.005619
2 2 0.003519 0.085559 0.894694 0.000669 0.015558
2 2 0.067161 0.169710 0.746711 0.005951 0.010467
2 1 0.168838 0.392794 0.415764 0.001956 0.020647
0 1 0.513658 0.316247 0.144579 0.000114 0.025401
2 1 0.080850 0.365580 0.533566 0.000502 0.019503
0 0 0.859003 0.062488 0.043392 0.000076 0.035042
1 1 0.350633 0.490914 0.125246 0.000030 0.033178
1 1 0.044505 0.569214 0.341452 0.000744 0.044085
2 2 0.028358 0.273488 0.680758 0.003879 0.013518
2 2 0.024975 0.122064 0.845402 0.002180 0.005379
2 2 0.003409 0.055705 0.934306 0.003554 0.003027
2 2 0.005465 0.070420 0.914939 0.000652 0.008524
2 2 0.017743 0.167677 0.801135 0.000970 0.012474
2 2 0.008905 0.061849 0.923706 0.001709 0.003831
2 2 0.001858 0.065573 0.918836 0.000673 0.013060
2 2 0.020292 0.090381 0.881950 0.004639 0.002738
0 0 0.404417 0.361018 0.212977 0.000035 0.021552
0 0 0.423015 0.358575 0.199445 0.000021 0.018944
0 0 0.431450 0.366989 0.166559 0.000540 0.034462
2 1 0.053913 0.460424 0.467729 0.000043 0.017890
2 1 0.004048 0.099188 0.878718 0.001710 0.016337
2 2 0.005422 0.070162 0.911320 0.001169 0.011927
2 2 0.001976 0.046495 0.948037 0.000154 0.003338
2 2 0.004121 0.026659 0.966798 0.001728 0.000694
2 2 0.001719 0.122114 0.833795 0.000062 0.042311
2 2 0.005358 0.043452 0.936719 0.009958 0.004513
2 2 0.015526 0.215040 0.758776 0.003354 0.007303
2 2 0.038775 0.095438 0.859109 0.003365 0.003313
2 2 0.213698 0.338113 0.428935 0.000289 0.018965
0 2 0.490231 0.353863 0.122311 0.000004 0.033591
2 2 0.021581 0.467067 0.480122 0.000086 0.031144
2 2 0.008736 0.137320 0.838407 0.001679 0.013859
2 2 0.009809 0.079884 0.900410 0.004296 0.005601
1 0 0.246683 0.401278 0.337568 0.000179 0.014293
0 0 0.569250 0.310541 0.084001 0.000006 0.036201
2 1 0.016797 0.217194 0.738406 0.000333 0.027270
2 2 0.005567 0.081996 0.899437 0.002866 0.010134
2 2 0.043852 0.237569 0.708839 0.000794 0.008946
2 2 0.039171 0.347903 0.597148 0.000158 0.015619
1 2 0.056299 0.464084 0.444885 0.000195 0.034537
2 2 0.007877 0.136684 0.844230 0.004869 0.006340
2 2 0.003009 0.083804 0.889937 0.001013 0.022237
2 2 0.009563 0.161980 0.814014 0.000672 0.013771
2 2 0.003146 0.057884 0.934262 0.001456 0.003251
2 2 0.006263 0.105202 0.880860 0.001318 0.006357
2 2 0.010667 0.093151 0.878199 0.008148 0.009835
2 2 0.011693 0.114430 0.845125 0.002556 0.026195
2 2 0.004387 0.109732 0.864303 0.002002 0.019576
2 2 0.002368 0.083047 0.887426 0.014537 0.012623
2 2 0.005328 0.069397 0.921108 0.001013 0.003155
2 2 0.002450 0.036511 0.954925 0.002333 0.003781
2 2 0.004354 0.091873 0.890006 0.005872 0.007895
2 2 0.004769 0.056761 0.927329 0.008441 0.002700
2 2 0.014021 0.053070 0.880070 0.050316 0.002523
2 2 0.004868 0.039954 0.942756 0.009343 0.003078
2 2 0.002952 0.050390 0.933203 0.010457 0.002998
2 2 0.006787 0.084911 0.884161 0.012758 0.011383
2 2 0.012623 0.025970 0.857588 0.103041 0.000778
2 2 0.002568 0.020616 0.661938 0.313372 0.001506
2 2 0.007494 0.086547 0.853138 0.042653 0.010168
2 2 0.007649 0.033705 0.794333 0.162009 0.002305
2 2 0.010474 0.074762 0.876385 0.030243 0.008136
2 3 0.012723 0.045228 0.879327 0.058291 0.004432
2 3 0.003217 0.009303 0.564597 0.422618 0.000265
2 3 0.005569 0.030140 0.745160 0.215006 0.004125
3 3 0.007117 0.023636 0.476732 0.488994 0.003521
2 3 0.005082 0.016877 0.587338 0.390007 0.000696
2 3 0.004481 0.011973 0.562134 0.420935 0.000478
2 3 0.008512 0.022429 0.716571 0.251806 0.000682
3 3 0.002350 0.012191 0.363378 0.620923 0.001158
2 3 0.011647 0.024907 0.532992 0.429534 0.000919
3 3 0.006696 0.010506 0.291740 0.690329 0.000729
2 3 0.004454 0.024735 0.612410 0.357409 0.000992
3 3 0.002591 0.008954 0.386062 0.601708 0.000685
3 3 0.003614 0.007858 0.226404 0.761795 0.000329
3 3 0.002782 0.010111 0.249320 0.736775 0.001012
2 3 0.018809 0.027888 0.621966 0.330507 0.000829
3 3 0.003104 0.006373 0.260039 0.730113 0.000370
3 3 0.003198 0.004547 0.124749 0.867148 0.000359
3 3 0.003601 0.008068 0.286585 0.701272 0.000475
3 3 0.001726 0.002470 0.078705 0.916976 0.000123
3 3 0.002711 0.002988 0.106321 0.887765 0.000216
3 3 0.000856 0.001597 0.091116 0.906391 0.000038
3 3 0.002697 0.002799 0.090903 0.903515 0.000086
3 3 0.000167 0.000525 0.032817 0.966464 0.000027
3 3 0.002486 0.004357 0.140771 0.852158 0.000228
3 3 0.001771 0.004797 0.121814 0.871253 0.000365
3 3 0.000812 0.000871 0.029855 0.968413 0.000049
3 3 0.000475 0.000410 0.017625 0.981464 0.000026
3 3 0.000711 0.001427 0.060027 0.937778 0.000056
3 3 0.000517 0.000296 0.010901 0.988268 0.000017
3 3 0.001135 0.001019 0.024021 0.973696 0.000130
3 3 0.000320 0.000481 0.017290 0.981867 0.000042
3 3 0.000644 0.000898 0.024375 0.974013 0.000070
3 3 0.000079 0.000151 0.011093 0.988669 0.000009
3 3 0.001200 0.001818 0.030774 0.965872 0.000336
3 3 0.001161 0.001725 0.044543 0.952372 0.000200
3 3 0.000034 0.000077 0.009565 0.990322 0.000002
3 3 0.000385 0.000928 0.024157 0.974402 0.000127
3 3 0.000761 0.000786 0.019783 0.978604 0.000065
3 3 0.000030 0.000055 0.004749 0.995163 0.000002
3 3 0.000040 0.000100 0.006082 0.993771 0.000007
3 3 0.000276 0.000300 0.010374 0.989026 0.000025
3 3 0.000522 0.000269 0.006581 0.992614 0.000015
3 3 0.000179 0.000329 0.006668 0.992777 0.000048
3 3 0.000040 0.000065 0.004540 0.995352 0.000003
3 3 0.000933 0.001042 0.024672 0.973292 0.000062
3 3 0.000569 0.001079 0.021319 0.976862 0.000171
3 3 0.000347 0.000193 0.005249 0.994202 0.000009
3 3 0.000156 0.000284 0.010914 0.988627 0.000018
3 3 0.000185 0.000376 0.013005 0.986399 0.000035
3 3 0.000329 0.000448 0.012160 0.987016 0.000047
3 3 0.000277 0.000319 0.008995 0.990373 0.000035
3 3 0.000124 0.000208 0.006223 0.993424 0.000021
3 3 0.000053 0.000096 0.006554 0.993291 0.000006
3 3 0.000545 0.000524 0.013777 0.985113 0.000041
3 3 0.000363 0.000254 0.005585 0.993781 0.000016
3 3 0.000576 0.001122 0.014713 0.983293 0.000297
3 3 0.000659 0.000821 0.009890 0.988454 0.000175
3 3 0.000206 0.000538 0.019033 0.980172 0.000052
3 3 0.000334 0.000285 0.006425 0.992932 0.000023
3 3 0.000319 0.000246 0.006206 0.993212 0.000017
3 3 0.000212 0.000246 0.005226 0.994294 0.000022
3 3 0.000408 0.000461 0.010435 0.988646 0.000049
3 3 0.000294 0.000329 0.005886 0.993458 0.000034
3 3 0.000244 0.000343 0.006462 0.992908 0.000043
3 3 0.005879 0.006142 0.072650 0.914860 0.000469
2 1 0.058391 0.325156 0.590375 0.007709 0.018370
2 1 0.019018 0.234833 0.712625 0.023607 0.009916
2 1 0.023439 0.171463 0.759840 0.037669 0.007589
2 1 0.015075 0.135459 0.800186 0.044709 0.004572
2 1 0.015693 0.097423 0.802578 0.079110 0.005196
2 2 0.012412 0.099712 0.878023 0.006677 0.003177
2 2 0.013214 0.062386 0.897216 0.024553 0.002631
2 2 0.010429 0.091060 0.882492 0.012532 0.003486
2 2 0.008636 0.050097 0.910531 0.029578 0.001158
2 2 0.015922 0.172483 0.788437 0.001516 0.021642
2 2 0.009920 0.357236 0.560562 0.000784 0.071498
1 2 0.045553 0.464048 0.446140 0.002782 0.041476
1 2 0.048572 0.559662 0.330373 0.001007 0.060387
2 2 0.025379 0.449010 0.479104 0.002180 0.044327
2 2 0.027587 0.347600 0.586312 0.011433 0.027068
1 2 0.042221 0.473223 0.422148 0.001634 0.060773
1 2 0.013561 0.533014 0.340521 0.000450 0.112455
1 2 0.010525 0.482115 0.426599 0.000341 0.080420
2 2 0.009581 0.446526 0.467384 0.001058 0.075451
1 2 0.054322 0.529809 0.348939 0.000732 0.066199
1 2 0.032193 0.562399 0.294491 0.000284 0.110633
1 2 0.037764 0.539201 0.354483 0.000846 0.067707
4 1 0.155477 0.230828 0.103385 0.001579 0.508731
1 1 0.304659 0.432524 0.148663 0.001806 0.112349
1 1 0.047976 0.539728 0.343993 0.000766 0.067537
1 1 0.120896 0.631280 0.154509 0.000659 0.092655
2 1 0.021438 0.396924 0.445144 0.001018 0.135477
4 1 0.048549 0.376690 0.130325 0.000149 0.444286
1 1 0.043728 0.524599 0.327387 0.001692 0.102594
2 1 0.021072 0.321893 0.418760 0.000464 0.237811
1 1 0.031985 0.440374 0.380247 0.002292 0.145101
1 1 0.058101 0.560012 0.213957 0.000057 0.167873
1 1 0.029011 0.472896 0.302934 0.000310 0.194848
1 1 0.056854 0.536038 0.181399 0.000104 0.225606
1 1 0.041542 0.531471 0.185159 0.000797 0.241031
1 1 0.099206 0.518090 0.120791 0.000011 0.261901
1 1 0.100640 0.537344 0.124372 0.000035 0.237609
1 1 0.029209 0.460518 0.235508 0.000263 0.274502
1 1 0.066967 0.563793 0.157994 0.000072 0.211173
1 1 0.124538 0.497795 0.158770 0.001812 0.217084
1 1 0.037728 0.463139 0.383271 0.001447 0.114415
1 1 0.071114 0.438760 0.158490 0.000022 0.331613
0 0 0.546818 0.269998 0.133285 0.000151 0.049748
1 1 0.228565 0.584313 0.155025 0.000221 0.031875
1 1 0.032620 0.522088 0.403541 0.001911 0.039840
1 1 0.243084 0.596570 0.121771 0.000016 0.038560
1 1 0.210061 0.569102 0.184942 0.000179 0.035716
1 1 0.048572 0.538497 0.390281 0.001509 0.021140
1 1 0.121312 0.568625 0.281875 0.000631 0.027556
1 1 0.164563 0.597796 0.207506 0.000044 0.030090
1 1 0.155257 0.560596 0.265267 0.000446 0.018435
1 1 0.141217 0.559735 0.277007 0.000392 0.021648
1 1 0.190999 0.585595 0.196425 0.000016 0.026965
1 1 0.064469 0.471068 0.443858 0.000591 0.020014
1 1 0.108078 0.480194 0.384179 0.000207 0.027342
0 1 0.422580 0.395151 0.125755 0.000174 0.056340
1 1 0.225915 0.564136 0.182081 0.000954 0.026913
1 1 0.033499 0.586135 0.296593 0.000413 0.083360
1 1 0.044144 0.489760 0.425849 0.001156 0.039091
1 1 0.131685 0.566418 0.277053 0.000692 0.024153
1 1 0.031156 0.544385 0.392139 0.005610 0.026710
1 1 0.103525 0.619564 0.263707 0.001154 0.012051
2 1 0.026363 0.406163 0.547883 0.009491 0.010100
2 1 0.007798 0.135210 0.847630 0.002526 0.006835
2 2 0.012025 0.132924 0.848926 0.000739 0.005385
2 2 0.061857 0.456440 0.465061 0.000413 0.016229
2 2 0.057525 0.462092 0.468699 0.001306 0.010379
2 2 0.028726 0.347815 0.609987 0.001676 0.011797
2 2 0.016234 0.225788 0.746087 0.005947 0.005945
2 2 0.004894 0.082144 0.908136 0.001300 0.003526
2 2 0.002520 0.026942 0.955551 0.013403 0.001584
2 2 0.005260 0.053511 0.937253 0.000974 0.003002
2 2 0.013955 0.078207 0.901527 0.003670 0.002641
2 2 0.009272 0.200278 0.787487 0.000111 0.002853
2 2 0.008381 0.092455 0.895460 0.000666 0.003036
2 2 0.019679 0.281076 0.685154 0.000548 0.013544
2 2 0.062759 0.355741 0.563521 0.000492 0.017488
1 0 0.204822 0.467647 0.304721 0.000076 0.022735
1 0 0.087716 0.504530 0.398163 0.000647 0.008944
2 1 0.070082 0.421647 0.491817 0.001370 0.015083
2 1 0.020635 0.291972 0.676976 0.002454 0.007963
1 1 0.095132 0.511294 0.378706 0.002165 0.012704
1 1 0.177973 0.609585 0.187095 0.000924 0.024423
1 1 0.174927 0.621303 0.159630 0.000227 0.043913
2 2 0.011668 0.223942 0.722309 0.003987 0.038094
2 2 0.013643 0.300268 0.680527 0.000215 0.005346
2 2 0.025546 0.408716 0.556603 0.001264 0.007871
1 2 0.242524 0.548534 0.177724 0.000371 0.030847
1 2 0.162011 0.618853 0.193579 0.000486 0.025071
1 1 0.242674 0.593387 0.140008 0.000414 0.023518
1 1 0.037672 0.514464 0.425874 0.001248 0.020743
1 1 0.278670 0.395747 0.231909 0.005501 0.088173
0 1 0.575591 0.273047 0.096313 0.000116 0.054933
0 0 0.842819 0.050258 0.016496 0.000010 0.090418
0 0 0.983604 0.008973 0.003420 0.000004 0.003998
0 0 0.806028 0.099089 0.068406 0.000026 0.026450
0 0 0.817164 0.065605 0.025769 0.000004 0.091459
0 0 0.826335 0.084661 0.049203 0.000619 0.039181
0 0 0.428204 0.406199 0.109690 0.000141 0.055766
1 0 0.075931 0.561657 0.309639 0.001098 0.051675
1 1 0.036410 0.641696 0.232632 0.000100 0.089162
1 1 0.021952 0.521513 0.410851 0.001134 0.044550
2 1 0.011854 0.242203 0.716122 0.003967 0.025853
1 1 0.108854 0.623849 0.169841 0.000056 0.097400
1 1 0.080885 0.629806 0.207027 0.000034 0.082248
1 1 0.026584 0.523988 0.377778 0.000232 0.071417
2 1 0.012921 0.333775 0.632553 0.001022 0.019728
2 2 0.002989 0.063260 0.916589 0.012605 0.004557
2 2 0.016982 0.335592 0.591262 0.001820 0.054344
2 2 0.050482 0.240471 0.641646 0.000077 0.067325
1 2 0.186885 0.624930 0.100926 0.000008 0.087251
1 2 0.086007 0.648765 0.161259 0.000041 0.103928
1 2 0.218043 0.564384 0.132580 0.000089 0.084903
1 2 0.160347 0.548728 0.226370 0.000506 0.064049
1 1 0.130498 0.639131 0.178785 0.000028 0.051558
1 1 0.144036 0.605464 0.178555 0.000006 0.071939
1 1 0.112030 0.599478 0.245920 0.000453 0.042117
1 1 0.123891 0.618598 0.177716 0.000057 0.079739
1 1 0.259548 0.346581 0.300137 0.000596 0.093138
1 1 0.368364 0.504594 0.076012 0.000011 0.051018
0 1 0.539747 0.350069 0.058493 0.000018 0.051672
1 1 0.189729 0.591469 0.106302 0.000020 0.112479
1 1 0.059207 0.629228 0.161296 0.000127 0.150141
1 1 0.093704 0.577062 0.208539 0.000644 0.120051
1 1 0.208824 0.512863 0.175048 0.000254 0.103011
0 0 0.386925 0.386416 0.184286 0.000413 0.041961
1 1 0.240184 0.616226 0.104049 0.000008 0.039533
1 1 0.121099 0.632399 0.210348 0.000652 0.035503
1 1 0.118038 0.609679 0.220746 0.001114 0.050422
1 1 0.044509 0.547950 0.374233 0.001481 0.031827
2 1 0.017703 0.411818 0.557044 0.003879 0.009556
1 1 0.054551 0.582938 0.321567 0.000270 0.040674
1 1 0.170100 0.568620 0.236076 0.001823 0.023381
1 1 0.286989 0.544442 0.118185 0.000132 0.050251
1 1 0.101075 0.688443 0.163091 0.000455 0.046936
1 1 0.087442 0.647498 0.228699 0.000444 0.035917
1 1 0.065245 0.582530 0.334475 0.000045 0.017705
1 1 0.263666 0.579009 0.134410 0.000026 0.022889
1 1 0.035055 0.481618 0.454987 0.000423 0.027916
1 1 0.037725 0.492026 0.447145 0.000030 0.023073
1 1 0.300605 0.559241 0.116434 0.000047 0.023674
1 1 0.281789 0.453905 0.198427 0.000371 0.065508
0 1 0.661081 0.153865 0.059617 0.000021 0.125416
1 1 0.202042 0.614810 0.111187 0.000022 0.071939
1 1 0.151038 0.649097 0.112076 0.000095 0.087693
1 1 0.120967 0.624891 0.222642 0.000192 0.031308
1 1 0.188388 0.567809 0.195381 0.000607 0.047815
1 1 0.167691 0.634598 0.165743 0.000660 0.031308
1 1 0.140820 0.574284 0.239764 0.000157 0.044975
2 1 0.110458 0.300494 0.573305 0.006318 0.009425
0 0 0.901073 0.059456 0.033333 0.000037 0.006101
0 0 0.979331 0.012675 0.004972 0.000212 0.002810
0 0 0.974436 0.012369 0.004738 0.000009 0.008449
0 0 0.990685 0.005222 0.001595 0.000004 0.002495
0 0 0.957382 0.021171 0.013737 0.000021 0.007689
0 0 0.977709 0.010078 0.005789 0.000031 0.006392
0 0 0.994644 0.003031 0.001083 0.000005 0.001236
0 0 0.723068 0.180897 0.053884 0.034534 0.007616
1 0 0.394964 0.448349 0.121525 0.000082 0.035080
0 0 0.504818 0.325600 0.120742 0.000840 0.048000
0 0 0.836264 0.083329 0.060480 0.000068 0.019859
0 0 0.756958 0.129025 0.091105 0.001976 0.020934
0 0 0.745703 0.134341 0.075066 0.000073 0.044816
0 0 0.520529 0.335139 0.086089 0.000853 0.057390
1 0 0.317455 0.513437 0.111965 0.006464 0.050679
1 0 0.235374 0.484999 0.199212 0.004369 0.076046
1 0 0.152436 0.439283 0.105864 0.000207 0.302210
1 0 0.255216 0.413133 0.105161 0.000064 0.226426
1 0 0.125347 0.616274 0.118171 0.000054 0.140154
1 1 0.103123 0.591249 0.140694 0.001084 0.163851
4 1 0.233842 0.303322 0.113940 0.000419 0.348477
0 4 0.339897 0.317398 0.070609 0.000321 0.271775
4 4 0.330086 0.163843 0.084055 0.000441 0.421576
4 4 0.279760 0.129188 0.059452 0.000194 0.531406
4 4 0.185207 0.113907 0.050865 0.000056 0.649966
0 4 0.367486 0.326634 0.077579 0.000342 0.227959
4 4 0.241113 0.113062 0.058517 0.000194 0.587113
4 4 0.231254 0.281502 0.084287 0.000049 0.402908
1 4 0.156072 0.547710 0.106829 0.000416 0.188974
4 4 0.216869 0.122055 0.069928 0.000081 0.591068
0 4 0.507676 0.111129 0.055810 0.000028 0.325358
0 4 0.317263 0.253993 0.132541 0.002284 0.293919
0 4 0.632485 0.057965 0.033153 0.000236 0.276161
0 4 0.614033 0.143805 0.045980 0.000052 0.196130
0 4 0.457089 0.110082 0.056017 0.000035 0.376779
4 4 0.323750 0.265462 0.058763 0.000444 0.351581
4 4 0.322175 0.045304 0.026802 0.000670 0.605048
4 4 0.157293 0.129719 0.054201 0.000058 0.658730
4 4 0.198243 0.309158 0.120810 0.000960 0.370829
4 4 0.070612 0.064776 0.038105 0.000071 0.826436
0 4 0.602123 0.087058 0.040427 0.000026 0.270366
4 4 0.174859 0.099719 0.080421 0.000715 0.644286
1 4 0.158173 0.342283 0.272880 0.003936 0.222729
1 4 0.406731 0.415387 0.075278 0.000026 0.102578
0 4 0.476716 0.194667 0.069765 0.000507 0.258345
4 4 0.088949 0.313322 0.268372 0.004380 0.324976
4 4 0.236122 0.095306 0.044112 0.000023 0.624437
4 4 0.410807 0.078404 0.035793 0.000041 0.474955
4 4 0.351596 0.140322 0.063993 0.000055 0.444033
2 4 0.227676 0.221527 0.273940 0.004034 0.272823
2 4 0.059326 0.299880 0.337548 0.002468 0.300778
4 4 0.239619 0.066231 0.032279 0.000072 0.661799
1 4 0.308771 0.328889 0.085829 0.001256 0.275256
4 4 0.193532 0.099242 0.058176 0.000189 0.648861
1 4 0.310805 0.314375 0.085133 0.000114 0.289573
4 4 0.090215 0.071640 0.046466 0.000196 0.791483
2 4 0.083631 0.358329 0.408165 0.002439 0.147436
1 4 0.120600 0.405505 0.134483 0.001290 0.338122
1 4 0.045665 0.503810 0.311941 0.000663 0.137922
1 4 0.239175 0.454454 0.170675 0.000605 0.135092
0 4 0.590718 0.131840 0.043786 0.000057 0.233598
1 4 0.274986 0.314952 0.172335 0.000331 0.237396
1 4 0.132352 0.667631 0.102839 0.000050 0.097128
1 4 0.037887 0.586906 0.188184 0.000081 0.186943
1 1 0.165323 0.556692 0.113951 0.000209 0.163825
1 4 0.306135 0.351235 0.099540 0.001271 0.241820
1 4 0.161082 0.530006 0.136263 0.001252 0.171397
1 4 0.186599 0.445014 0.208449 0.000719 0.159219
4 4 0.278514 0.156388 0.052669 0.000200 0.512230
1 4 0.084331 0.547191 0.152742 0.000230 0.215506
1 4 0.184997 0.504975 0.141156 0.000775 0.168097
2 4 0.022501 0.391151 0.526390 0.002255 0.057703
1 4 0.147232 0.416870 0.228743 0.000323 0.206832
0 4 0.340892 0.230594 0.103819 0.000820 0.323876
1 4 0.072106 0.532778 0.279857 0.006861 0.108398
4 4 0.262533 0.139320 0.055215 0.000004 0.542928
4 4 0.100700 0.298727 0.191004 0.003302 0.406266
1 4 0.104604 0.478573 0.256925 0.001906 0.157992
4 4 0.146517 0.237831 0.106378 0.000057 0.509217
1 4 0.226332 0.417610 0.088083 0.000272 0.267703
1 4 0.249660 0.488395 0.236598 0.000788 0.024560
1 1 0.073132 0.518389 0.299687 0.001148 0.107643
1 1 0.068065 0.571173 0.299718 0.001982 0.059063
1 1 0.283145 0.463236 0.110631 0.001396 0.141592
1 1 0.130329 0.582052 0.174140 0.001065 0.112414
1 1 0.068103 0.551534 0.286273 0.000338 0.093753
1 4 0.259076 0.509211 0.132881 0.000077 0.098754
0 4 0.429363 0.262996 0.070418 0.000413 0.236809
1 4 0.062192 0.591596 0.136197 0.000080 0.209935
1 1 0.024190 0.495733 0.214866 0.000025 0.265185
1 1 0.063914 0.471534 0.367686 0.000396 0.096470
1 1 0.056857 0.479353 0.382535 0.000294 0.080961
1 0 0.337819 0.425511 0.148850 0.001068 0.086753
1 1 0.127288 0.630358 0.181235 0.002297 0.058822
1 1 0.188409 0.589413 0.140834 0.000878 0.080465
1 1 0.116627 0.616276 0.187085 0.004026 0.075986
1 1 0.089686 0.562783 0.294413 0.001763 0.051355
2 1 0.025174 0.421238 0.463377 0.000651 0.089560
1 1 0.196895 0.563013 0.183901 0.000557 0.055633
1 1 0.212649 0.486222 0.187417 0.000247 0.113464
1 1 0.194944 0.566290 0.188769 0.000072 0.049925
1 1 0.266438 0.537218 0.119430 0.000085 0.076829
1 1 0.248164 0.539870 0.117484 0.000315 0.094167
1 1 0.074820 0.466209 0.427169 0.000709 0.031093
1 1 0.131088 0.630338 0.151768 0.000234 0.086572
2 1 0.058726 0.409158 0.470521 0.001674 0.059921
1 1 0.060714 0.629852 0.233692 0.000517 0.075225
1 1 0.110759 0.614062 0.198474 0.000727 0.075979
1 1 0.049897 0.531482 0.269579 0.000709 0.148332
1 1 0.032656 0.562038 0.312720 0.000478 0.092108
1 1 0.038031 0.480672 0.419965 0.001149 0.060184
2 2 0.026688 0.356797 0.574728 0.001901 0.039886
2 2 0.014847 0.375348 0.466857 0.000589 0.142360
2 2 0.010188 0.133334 0.845562 0.002127 0.008789
2 2 0.002747 0.125792 0.852356 0.000792 0.018313
2 2 0.000752 0.056528 0.931552 0.000181 0.010988
2 2 0.001155 0.074701 0.904903 0.002463 0.016779
2 2 0.002576 0.142845 0.783191 0.000363 0.071025
2 2 0.002559 0.093579 0.883682 0.000334 0.019846
2 2 0.001004 0.038999 0.955376 0.000629 0.003992
2 2 0.002551 0.089681 0.857594 0.000918 0.049256
2 2 0.001175 0.089264 0.856880 0.001195 0.051485
2 2 0.004165 0.074827 0.897511 0.001496 0.022001
2 2 0.104824 0.314096 0.549712 0.002355 0.029014
1 1 0.194764 0.474634 0.287330 0.000930 0.042343
1 1 0.108361 0.592478 0.194874 0.000374 0.103914
2 2 0.004799 0.196793 0.742872 0.002820 0.052716
2 2 0.001106 0.037550 0.957159 0.002740 0.001444
2 2 0.004982 0.085294 0.898602 0.000530 0.010591
2 2 0.002900 0.066330 0.925208 0.000608 0.004955
2 2 0.000549 0.039553 0.942083 0.000407 0.017408
2 2 0.009212 0.110886 0.860691 0.000213 0.018998
2 2 0.002394 0.069264 0.892578 0.004975 0.030790
2 2 0.005090 0.090126 0.887967 0.002632 0.014185
2 2 0.000471 0.039180 0.947085 0.001273 0.011992
2 2 0.026372 0.351826 0.595994 0.000234 0.025574
2 2 0.002220 0.218575 0.716813 0.000581 0.061811
0 0 0.578310 0.284416 0.118151 0.000026 0.019097
2 1 0.015366 0.263318 0.687077 0.000531 0.033708
0 2 0.437562 0.414291 0.127663 0.000005 0.020479
2 2 0.009592 0.245211 0.705980 0.001958 0.037259
2 2 0.002250 0.138468 0.792809 0.005390 0.061083
2 2 0.004023 0.144445 0.837930 0.000452 0.013151
0 2 0.443726 0.308351 0.209446 0.000110 0.038366
1 2 0.332234 0.535340 0.073127 0.000093 0.059206
1 2 0.229269 0.566702 0.121606 0.000032 0.082391
1 2 0.024759 0.496324 0.345081 0.000516 0.133320
2 2 0.007517 0.213111 0.733886 0.006721 0.038766
2 2 0.001986 0.145277 0.810500 0.000090 0.042147
2 2 0.000681 0.034198 0.961111 0.000376 0.003632
2 2 0.005616 0.095407 0.880533 0.002428 0.016016
2 2 0.000985 0.059364 0.916224 0.000185 0.023242
2 2 0.000555 0.060643 0.907700 0.001018 0.030083
2 2 0.003156 0.049601 0.930921 0.010585 0.005736
2 2 0.009257 0.144254 0.773293 0.002669 0.070528
2 2 0.003163 0.103333 0.865189 0.004307 0.024008
2 2 0.015529 0.168409 0.766139 0.000394 0.049529
2 2 0.006405 0.147248 0.839578 0.000610 0.006158
1 2 0.356024 0.408528 0.215383 0.000044 0.020020
2 2 0.020803 0.225690 0.747012 0.001444 0.005051
2 2 0.005315 0.133299 0.818930 0.001044 0.041413
2 2 0.010106 0.064323 0.922666 0.000721 0.002184
1 2 0.322704 0.431803 0.232237 0.000263 0.012992
1 1 0.275485 0.482445 0.226472 0.000051 0.015547
1 1 0.198938 0.551084 0.178378 0.000005 0.071596
1 1 0.035912 0.521069 0.385488 0.001720 0.055810
2 2 0.013270 0.313055 0.647418 0.000464 0.025794
2 2 0.001958 0.127063 0.838435 0.001021 0.031522
2 2 0.001527 0.103969 0.864809 0.001040 0.028654
2 2 0.008431 0.053380 0.928045 0.004003 0.006141
2 2 0.001156 0.088658 0.863768 0.000343 0.046075
2 2 0.002717 0.072070 0.907670 0.001732 0.015810
2 2 0.000626 0.056038 0.934606 0.000475 0.008255
2 2 0.002448 0.045699 0.936309 0.005067 0.010477
2 2 0.002364 0.085000 0.901844 0.002111 0.008682
2 2 0.007318 0.118233 0.853649 0.001983 0.018817
2 2 0.003808 0.059470 0.930571 0.001059 0.005093
2 2 0.005268 0.135724 0.806510 0.001484 0.051014
2 2 0.003877 0.040128 0.929889 0.023472 0.002634
2 2 0.008030 0.085432 0.890420 0.003300 0.012817
2 2 0.001500 0.053300 0.916562 0.021290 0.007348
2 2 0.003253 0.045081 0.919411 0.027049 0.005205
2 2 0.007990 0.073603 0.897697 0.015975 0.004734
2 3 0.001655 0.035374 0.942639 0.016783 0.003549
2 3 0.006729 0.092164 0.868502 0.021367 0.011238
2 3 0.015995 0.070548 0.887595 0.020909 0.004953
2 3 0.004398 0.042774 0.885642 0.061766 0.005420
2 3 0.007036 0.028734 0.779027 0.183747 0.001456
2 3 0.005882 0.031442 0.872712 0.087467 0.002497
2 3 0.024102 0.044142 0.789798 0.140629 0.001329
2 3 0.102329 0.078849 0.719140 0.094425 0.005257
2 3 0.019222 0.081178 0.891932 0.006613 0.001056
2 3 0.023312 0.095133 0.847482 0.028712 0.005361
2 3 0.023845 0.073509 0.883212 0.017795 0.001640
2 2 0.017304 0.062015 0.903815 0.015080 0.001786
2 2 0.003300 0.042687 0.938892 0.011808 0.003313
2 2 0.024586 0.154147 0.809173 0.006270 0.005824
2 2 0.014874 0.119840 0.852529 0.003065 0.009692
2 2 0.014618 0.092507 0.860326 0.020449 0.012100
2 2 0.008784 0.025407 0.921624 0.043289 0.000896
