0 4 0.782768 0.112809 0.022446 0.004899 0.077077
1 4 0.206335 0.565386 0.047655 0.000292 0.180333
1 4 0.325374 0.549853 0.068445 0.000262 0.056066
0 4 0.773793 0.112164 0.025957 0.000502 0.087584
0 4 0.523696 0.297429 0.053217 0.002361 0.123296
1 4 0.368588 0.426793 0.070324 0.000571 0.133724
1 4 0.376461 0.466948 0.035733 0.000387 0.120471
1 4 0.365650 0.479187 0.049725 0.000557 0.104880
1 4 0.150769 0.567425 0.075646 0.000144 0.206015
1 4 0.267034 0.460084 0.047610 0.000157 0.225116
0 4 0.412330 0.343620 0.041407 0.000365 0.202278
1 4 0.130619 0.623385 0.080597 0.000345 0.165054
1 4 0.272941 0.574470 0.083998 0.000452 0.068138
1 4 0.223937 0.614170 0.102147 0.000342 0.059403
1 4 0.245393 0.457464 0.265990 0.002784 0.028368
1 4 0.249484 0.485916 0.216553 0.003504 0.044542
1 4 0.395385 0.476652 0.083811 0.000497 0.043655
1 4 0.093552 0.612762 0.227173 0.001641 0.064872
0 0 0.821728 0.137924 0.028608 0.000688 0.011052
0 1 0.517644 0.366128 0.051502 0.000601 0.064125
1 1 0.124214 0.657886 0.120541 0.000380 0.096980
1 1 0.342090 0.516943 0.096989 0.000440 0.043539
1 1 0.232089 0.596234 0.111740 0.000483 0.059454
1 1 0.120935 0.458596 0.398382 0.002280 0.019807
1 2 0.085389 0.475879 0.417503 0.001112 0.020116
2 2 0.055407 0.435382 0.478242 0.001081 0.029887
2 2 0.105732 0.201285 0.686056 0.004565 0.002362
2 2 0.083738 0.242730 0.666134 0.002211 0.005187
2 2 0.069604 0.259396 0.661977 0.003034 0.005989
2 2 0.096947 0.316648 0.574175 0.003251 0.008980
2 2 0.032918 0.138968 0.817008 0.009181 0.001925
2 2 0.060629 0.186341 0.745294 0.004370 0.003366
2 2 0.051234 0.247368 0.692481 0.004278 0.004640
2 2 0.043851 0.182260 0.767687 0.003790 0.002413
2 2 0.038010 0.099060 0.850660 0.010746 0.001523
2 2 0.074196 0.108311 0.804338 0.012258 0.000897
2 2 0.048377 0.159893 0.780237 0.007698 0.003795
2 2 0.097011 0.077149 0.804873 0.020421 0.000545
2 3 0.040607 0.091783 0.846821 0.019837 0.000952
2 2 0.063867 0.082668 0.804279 0.048209 0.000976
2 3 0.094142 0.040781 0.715870 0.148855 0.000353
2 3 0.070322 0.051715 0.780075 0.097371 0.000516
2 3 0.043328 0.055221 0.800387 0.100392 0.000671
2 3 0.030596 0.041442 0.748610 0.178747 0.000606
2 3 0.015139 0.024376 0.841009 0.119284 0.000191
2 3 0.088297 0.058512 0.725913 0.126462 0.000817
2 3 0.091848 0.060357 0.664408 0.182387 0.001001
2 3 0.050614 0.027407 0.673195 0.248493 0.000291
2 3 0.027539 0.023826 0.614230 0.334078 0.000327
2 3 0.070941 0.062456 0.703884 0.161603 0.001115
3 3 0.030864 0.014526 0.454196 0.500232 0.000182
3 3 0.090372 0.021934 0.402044 0.485320 0.000331
3 3 0.036612 0.011803 0.311877 0.639516 0.000192
3 3 0.051567 0.019995 0.398699 0.529403 0.000337
3 3 0.026038 0.007957 0.274179 0.691717 0.000109
3 3 0.027444 0.008993 0.333269 0.630184 0.000110
3 3 0.009755 0.004729 0.270775 0.714684 0.000058
3 3 0.062060 0.020688 0.384519 0.532355 0.000378
3 3 0.012533 0.004165 0.174776 0.808458 0.000068
2 3 0.056057 0.037239 0.584441 0.321625 0.000637
3 3 0.058662 0.017261 0.313864 0.609866 0.000347
3 3 0.027521 0.011094 0.242750 0.718373 0.000263
2 3 0.060515 0.026747 0.501348 0.410939 0.000451
3 3 0.059532 0.006793 0.113066 0.820433 0.000176
3 3 0.051848 0.018669 0.402292 0.526875 0.000315
3 3 0.029951 0.020154 0.419859 0.529623 0.000413
3 3 0.030993 0.008838 0.231481 0.728519 0.000169
2 3 0.040380 0.041992 0.588270 0.328404 0.000954
3 3 0.014454 0.009084 0.245673 0.730574 0.000215
2 3 0.033443 0.030508 0.515027 0.420167 0.000855
3 3 0.026771 0.013729 0.280009 0.679150 0.000341
3 3 0.025669 0.009891 0.343656 0.620645 0.000140
3 3 0.011380 0.002450 0.131660 0.854476 0.000035
3 3 0.023624 0.010523 0.335804 0.629887 0.000162
3 3 0.020945 0.007006 0.187774 0.784111 0.000164
3 3 0.029410 0.013016 0.339232 0.618096 0.000247
3 3 0.035677 0.013632 0.435071 0.515443 0.000176
3 3 0.033331 0.017555 0.391090 0.557689 0.000335
3 3 0.034303 0.008589 0.232280 0.724682 0.000147
3 3 0.040827 0.012558 0.352080 0.594355 0.000179
3 3 0.015507 0.009336 0.267691 0.707265 0.000201
3 3 0.003593 0.001967 0.119823 0.874579 0.000038
2 3 0.050456 0.030529 0.512107 0.406334 0.000574
3 3 0.013307 0.003481 0.174300 0.808867 0.000045
3 3 0.025243 0.005588 0.169927 0.799145 0.000097
2 3 0.037127 0.040177 0.640752 0.281084 0.000859
2 3 0.027040 0.089002 0.830736 0.051399 0.001824
2 2 0.044228 0.143690 0.778509 0.030043 0.003531
2 3 0.054625 0.178175 0.735427 0.026361 0.005412
2 3 0.068071 0.208353 0.708406 0.010787 0.004383
2 3 0.031001 0.187485 0.762687 0.013597 0.005229
2 3 0.047960 0.181303 0.752275 0.014091 0.004372
2 2 0.076426 0.284836 0.618671 0.009879 0.010188
2 2 0.049445 0.250815 0.689168 0.005161 0.005410
2 2 0.029890 0.142529 0.810932 0.014051 0.002598
2 2 0.078525 0.258219 0.649520 0.007440 0.006296
2 2 0.018895 0.205431 0.761612 0.008277 0.005785
2 2 0.093487 0.293640 0.602758 0.003255 0.006861
2 2 0.055770 0.207178 0.723235 0.009463 0.004353
2 2 0.022248 0.270671 0.692988 0.005232 0.008861
2 2 0.060818 0.162259 0.758542 0.015181 0.003200
2 2 0.070555 0.268737 0.645891 0.007101 0.007716
2 2 0.112186 0.278852 0.598668 0.004143 0.006152
2 2 0.102201 0.282195 0.604812 0.004416 0.006375
2 2 0.103825 0.402308 0.478966 0.002191 0.012709
2 2 0.065873 0.164695 0.748416 0.017483 0.003534
2 2 0.062759 0.287871 0.638701 0.003895 0.006773
2 2 0.041781 0.256905 0.690908 0.003982 0.006423
2 2 0.059929 0.322019 0.606290 0.003322 0.008440
2 2 0.033773 0.227336 0.731057 0.003642 0.004191
2 2 0.077972 0.263181 0.651398 0.002936 0.004513
2 2 0.019349 0.197299 0.770170 0.007910 0.005271
2 2 0.058010 0.228058 0.708099 0.002681 0.003153
2 2 0.064730 0.407528 0.516077 0.001081 0.010584
2 2 0.044723 0.249286 0.699028 0.002649 0.004314
2 2 0.029753 0.140760 0.820503 0.007018 0.001966
2 2 0.031747 0.191040 0.769727 0.004366 0.003120
2 2 0.098878 0.235716 0.657033 0.004510 0.003863
2 2 0.051418 0.304108 0.635033 0.002537 0.006904
2 2 0.105018 0.319715 0.565499 0.002644 0.007125
2 2 0.087371 0.255405 0.648696 0.003775 0.004753
2 2 0.034136 0.187756 0.766462 0.007672 0.003973
2 2 0.045399 0.220707 0.729105 0.001980 0.002808
2 2 0.043725 0.234670 0.715880 0.002247 0.003478
2 2 0.072120 0.292770 0.626453 0.002705 0.005951
2 2 0.056779 0.373859 0.560193 0.001035 0.008134
2 2 0.150065 0.325500 0.511847 0.003734 0.008854
2 2 0.069886 0.397597 0.517526 0.002044 0.012947
2 2 0.091926 0.426300 0.472280 0.000619 0.008874
2 2 0.098474 0.346854 0.543942 0.002303 0.008427
2 2 0.073422 0.304885 0.610273 0.003519 0.007901
2 2 0.063265 0.257161 0.671527 0.003268 0.004780
2 2 0.065086 0.279960 0.645169 0.003567 0.006218
2 2 0.080077 0.370209 0.537959 0.001842 0.009913
2 2 0.055117 0.316914 0.615370 0.003561 0.009038
2 2 0.058575 0.262561 0.670121 0.003305 0.005437
2 2 0.101650 0.345794 0.543944 0.001561 0.007050
1 2 0.187876 0.559912 0.225939 0.000476 0.025797
1 2 0.344556 0.494555 0.140699 0.000233 0.019958
1 2 0.227497 0.589506 0.153113 0.000231 0.029654
1 2 0.212662 0.555654 0.205575 0.000394 0.025715
1 2 0.198106 0.502638 0.285753 0.000347 0.013156
1 2 0.109769 0.501209 0.375363 0.000442 0.013218
2 2 0.078349 0.401497 0.507307 0.001401 0.011446
1 2 0.217205 0.532545 0.228798 0.000399 0.021053
1 2 0.114313 0.447700 0.425509 0.000745 0.011732
2 2 0.029338 0.319009 0.643137 0.001267 0.007249
1 2 0.138082 0.506548 0.340935 0.000431 0.014004
2 2 0.063214 0.351879 0.576802 0.001024 0.007082
2 2 0.058940 0.227888 0.708111 0.002009 0.003053
2 2 0.055878 0.296371 0.642989 0.000882 0.003880
2 2 0.120444 0.361190 0.510523 0.001201 0.006642
1 2 0.188488 0.579643 0.207917 0.000262 0.023690
1 2 0.083803 0.470091 0.433715 0.000602 0.011789
1 2 0.115169 0.535376 0.326894 0.000796 0.021765
1 2 0.103705 0.486149 0.397871 0.000459 0.011816
1 2 0.286730 0.491117 0.209764 0.000183 0.012206
1 2 0.090391 0.457045 0.436855 0.001074 0.014634
2 2 0.107573 0.429653 0.451148 0.000964 0.010661
1 2 0.100852 0.491001 0.399152 0.000264 0.008731
2 2 0.113705 0.392779 0.487048 0.000515 0.005953
2 2 0.091808 0.436722 0.457264 0.001196 0.013010
1 2 0.223539 0.414860 0.350757 0.000836 0.010008
2 2 0.037734 0.210028 0.745635 0.003353 0.003250
2 2 0.073758 0.236385 0.684581 0.002177 0.003099
2 2 0.044523 0.183094 0.767547 0.002875 0.001960
2 2 0.030893 0.277819 0.685343 0.001268 0.004677
2 2 0.025582 0.225795 0.744042 0.001422 0.003159
2 2 0.085608 0.338416 0.567726 0.001515 0.006735
2 2 0.058245 0.265028 0.669262 0.002875 0.004590
2 2 0.063552 0.314667 0.613219 0.002112 0.006449
2 2 0.057178 0.255030 0.675664 0.005766 0.006362
2 2 0.055215 0.237353 0.702690 0.001789 0.002952
1 2 0.096479 0.514817 0.374690 0.000500 0.013514
2 2 0.076305 0.290332 0.625854 0.002294 0.005215
2 2 0.123859 0.232089 0.630875 0.008417 0.004760
2 2 0.040989 0.350313 0.599387 0.001280 0.008031
2 2 0.063990 0.162752 0.761850 0.006530 0.004879
2 2 0.036118 0.186609 0.770497 0.001703 0.005072
2 2 0.069147 0.239632 0.678089 0.005074 0.008058
2 2 0.080802 0.297454 0.610015 0.004475 0.007254
2 2 0.071427 0.104811 0.810503 0.012445 0.000814
2 2 0.032274 0.131519 0.831766 0.001905 0.002536
2 2 0.062022 0.296351 0.633318 0.001744 0.006565
2 2 0.062920 0.333672 0.594947 0.001685 0.006776
2 2 0.060152 0.312303 0.618149 0.001915 0.007481
2 2 0.070473 0.207284 0.715524 0.002242 0.004476
2 2 0.070305 0.440478 0.470426 0.001970 0.016821
2 2 0.029336 0.397083 0.561970 0.000397 0.011214
2 2 0.071627 0.313694 0.605801 0.002302 0.006575
1 2 0.121319 0.544696 0.307300 0.000895 0.025790
1 2 0.105296 0.472648 0.407782 0.000815 0.013459
0 4 0.531947 0.358902 0.057109 0.000375 0.051667
1 4 0.256393 0.530146 0.190489 0.000354 0.022618
1 4 0.184820 0.589212 0.195770 0.000343 0.029855
1 4 0.203574 0.550805 0.195876 0.001463 0.048281
1 4 0.102169 0.498844 0.379005 0.000989 0.018993
1 4 0.172346 0.615689 0.171672 0.000387 0.039905
1 4 0.265883 0.530344 0.170912 0.000603 0.032258
1 4 0.297696 0.551286 0.112840 0.000317 0.037860
0 4 0.512612 0.355208 0.111893 0.000792 0.019496
0 4 0.606014 0.305185 0.063298 0.000687 0.024816
0 0 0.859599 0.108360 0.012617 0.000926 0.018499
1 4 0.335565 0.547806 0.046316 0.000185 0.070128
1 4 0.254336 0.601718 0.061390 0.000266 0.082289
1 4 0.376556 0.503378 0.078097 0.000299 0.041671
0 4 0.478536 0.424264 0.069240 0.000234 0.027726
1 4 0.314089 0.531978 0.097220 0.000627 0.056086
1 4 0.351962 0.488590 0.110919 0.000911 0.047618
1 4 0.278508 0.502102 0.190991 0.000846 0.027553
1 4 0.269696 0.495691 0.205592 0.001133 0.027888
1 4 0.230498 0.549284 0.180136 0.000917 0.039165
1 4 0.298085 0.558435 0.116942 0.000153 0.026385
1 1 0.165782 0.520269 0.287128 0.001152 0.025670
0 0 0.902804 0.073363 0.015021 0.001088 0.007724
1 1 0.331014 0.503750 0.138261 0.000368 0.026606
1 1 0.136278 0.566735 0.271089 0.000566 0.025332
1 1 0.148207 0.565960 0.257761 0.000679 0.027392
1 1 0.344570 0.431330 0.207619 0.000684 0.015797
0 0 0.847228 0.114635 0.026876 0.001088 0.010173
1 1 0.224548 0.573288 0.178979 0.000226 0.022959
1 1 0.194387 0.593797 0.182486 0.000280 0.029050
2 1 0.121648 0.418408 0.445278 0.001763 0.012904
2 1 0.111667 0.374668 0.497037 0.003372 0.013255
2 1 0.105808 0.412005 0.470527 0.001206 0.010455
1 1 0.122787 0.447627 0.417940 0.000693 0.010953
1 1 0.101373 0.459775 0.420626 0.001405 0.016821
1 1 0.257862 0.495879 0.227489 0.000497 0.018274
0 0 0.457544 0.405947 0.113253 0.000522 0.022734
1 1 0.211890 0.618692 0.114539 0.000342 0.054537
1 1 0.188079 0.519172 0.278491 0.000356 0.013902
2 1 0.064373 0.233651 0.694009 0.003933 0.004034
2 4 0.037154 0.340886 0.612710 0.001402 0.007848
2 2 0.064481 0.362021 0.565106 0.001160 0.007231
2 2 0.130723 0.299735 0.561172 0.002809 0.005561
2 2 0.079977 0.319107 0.590129 0.003122 0.007665
2 2 0.053987 0.216363 0.723232 0.003217 0.003200
2 2 0.053803 0.283329 0.657928 0.001164 0.003776
2 2 0.121895 0.275816 0.592720 0.004120 0.005449
2 2 0.037632 0.219725 0.736618 0.002653 0.003371
1 2 0.106378 0.473098 0.404435 0.001011 0.015078
2 2 0.089940 0.187054 0.716590 0.004449 0.001968
2 2 0.085392 0.327679 0.579406 0.001639 0.005885
2 2 0.060403 0.363756 0.567133 0.001144 0.007563
2 2 0.038979 0.207344 0.746267 0.004109 0.003301
2 2 0.085411 0.341205 0.561687 0.002869 0.008828
2 2 0.070964 0.301816 0.620109 0.001801 0.005310
2 2 0.042044 0.259467 0.691345 0.002577 0.004567
2 2 0.115047 0.245375 0.625995 0.007980 0.005603
2 2 0.042462 0.258744 0.689828 0.003734 0.005233
2 2 0.101059 0.145275 0.740640 0.011378 0.001648
2 2 0.136435 0.199793 0.649891 0.010217 0.003664
2 2 0.068438 0.195552 0.722444 0.009108 0.004458
1 2 0.104876 0.446157 0.437023 0.000898 0.011045
2 2 0.062023 0.141862 0.778413 0.015240 0.002461
2 2 0.036596 0.165963 0.783479 0.010711 0.003250
2 2 0.069969 0.313376 0.603589 0.004072 0.008995
2 2 0.068585 0.325808 0.596354 0.002060 0.007194
2 2 0.139204 0.315311 0.532109 0.004588 0.008787
2 2 0.125772 0.281864 0.586110 0.001968 0.004286
2 2 0.045134 0.247733 0.698225 0.003690 0.005217
2 2 0.033775 0.154379 0.804301 0.005598 0.001947
2 2 0.032615 0.175654 0.783807 0.005119 0.002804
2 2 0.063234 0.286147 0.641794 0.002876 0.005950
2 2 0.096577 0.263733 0.633169 0.002466 0.004055
2 2 0.069852 0.288405 0.630404 0.004166 0.007173
2 2 0.092009 0.322279 0.575281 0.002800 0.007632
2 2 0.072458 0.218737 0.703503 0.002491 0.002811
2 2 0.052805 0.235072 0.703424 0.004037 0.004663
2 2 0.077450 0.376478 0.534169 0.001655 0.010247
1 2 0.416922 0.452494 0.113666 0.000167 0.016751
2 2 0.135557 0.375341 0.473660 0.003105 0.012336
1 1 0.234697 0.534968 0.204821 0.000464 0.025050
2 1 0.057096 0.311276 0.626186 0.000874 0.004567
1 2 0.088380 0.565453 0.328144 0.000318 0.017706
2 2 0.052092 0.163391 0.776801 0.005559 0.002157
2 2 0.062402 0.215123 0.714019 0.004852 0.003605
2 2 0.033456 0.249704 0.712682 0.000989 0.003168
2 2 0.092318 0.329864 0.572347 0.000888 0.004583
1 2 0.266078 0.388322 0.331716 0.001593 0.012291
2 2 0.059836 0.266669 0.666279 0.002551 0.004664
2 2 0.265627 0.327603 0.394031 0.003183 0.009556
0 1 0.448707 0.363463 0.175439 0.000623 0.011768
0 0 0.898134 0.074030 0.017176 0.001845 0.008816
0 1 0.737675 0.196759 0.037924 0.001676 0.025966
1 1 0.331647 0.522173 0.103869 0.000441 0.041869
1 1 0.259374 0.516322 0.190079 0.001032 0.033193
1 1 0.169815 0.633739 0.167526 0.000158 0.028762
2 1 0.097054 0.384656 0.504212 0.002162 0.011916
1 1 0.218613 0.500605 0.250973 0.001490 0.028320
1 1 0.217720 0.570303 0.186032 0.000289 0.025657
2 1 0.102628 0.387671 0.499295 0.001260 0.009145
2 1 0.093155 0.442309 0.450837 0.001042 0.012657
2 1 0.184778 0.334244 0.459907 0.007459 0.013612
2 2 0.101085 0.375269 0.511308 0.002180 0.010159
1 2 0.124366 0.435489 0.421039 0.002147 0.016958
1 2 0.118045 0.568368 0.291475 0.000407 0.021705
1 2 0.075775 0.469566 0.439614 0.000802 0.014242
1 2 0.315696 0.524076 0.130062 0.000337 0.029830
2 2 0.062488 0.381994 0.533617 0.001461 0.020440
2 2 0.062199 0.224989 0.703704 0.005144 0.003964
2 2 0.042134 0.253734 0.697883 0.002062 0.004188
2 2 0.043095 0.335470 0.613772 0.001230 0.006433
2 2 0.055476 0.170960 0.767142 0.004496 0.001925
1 2 0.062974 0.474292 0.449031 0.000643 0.013060
2 2 0.060405 0.349142 0.582453 0.001244 0.006756
2 2 0.077614 0.427671 0.481908 0.001119 0.011687
2 2 0.047772 0.135119 0.805742 0.009719 0.001648
2 2 0.067158 0.155765 0.768199 0.007052 0.001826
2 2 0.066947 0.261576 0.662664 0.003462 0.005351
2 2 0.048837 0.305806 0.639437 0.001063 0.004858
1 2 0.192798 0.438931 0.355785 0.000925 0.011562
2 2 0.136353 0.400294 0.452764 0.001144 0.009446
2 2 0.068264 0.318818 0.606370 0.001152 0.005396
1 2 0.170540 0.467424 0.347178 0.000754 0.014105
2 2 0.088679 0.325495 0.578224 0.001545 0.006057
0 2 0.520230 0.276463 0.188811 0.002607 0.011889
0 0 0.951512 0.031147 0.007795 0.004099 0.005446
0 0 0.809067 0.129928 0.037897 0.002523 0.020585
0 0 0.962649 0.021808 0.007351 0.005000 0.003192
0 0 0.898333 0.067353 0.024492 0.002058 0.007765
0 0 0.978071 0.014538 0.002345 0.001884 0.003162
0 0 0.964042 0.025066 0.004660 0.001951 0.004280
0 0 0.943771 0.038006 0.009318 0.003092 0.005813
0 0 0.821612 0.112081 0.047454 0.006024 0.012828
0 0 0.599257 0.288871 0.085842 0.001814 0.024216
0 0 0.776502 0.152969 0.054921 0.002877 0.012731
0 0 0.445777 0.411170 0.102941 0.001462 0.038649
0 4 0.522016 0.324111 0.056888 0.000462 0.096522
0 4 0.521359 0.373325 0.055558 0.000496 0.049263
1 4 0.170020 0.589850 0.055116 0.000582 0.184432
0 4 0.621409 0.247860 0.032937 0.001617 0.096177
0 4 0.574251 0.337223 0.040218 0.000642 0.047665
0 4 0.542888 0.185469 0.038261 0.000687 0.232695
4 4 0.386356 0.182380 0.014782 0.000540 0.415943
0 4 0.405675 0.348843 0.024554 0.000995 0.219934
0 4 0.431979 0.247940 0.038525 0.000607 0.280948
0 4 0.694573 0.080447 0.016999 0.009185 0.198796
0 4 0.575180 0.067498 0.012918 0.005088 0.339315
0 4 0.565137 0.142551 0.030124 0.001738 0.260450
0 4 0.514655 0.062661 0.008289 0.001146 0.413250
0 4 0.801099 0.048369 0.008954 0.002853 0.138725
0 4 0.513913 0.137268 0.033361 0.003332 0.312126
0 4 0.624580 0.140525 0.019171 0.000623 0.215101
0 4 0.707828 0.106170 0.019648 0.001488 0.164866
0 4 0.702429 0.095666 0.017541 0.002750 0.181613
4 4 0.310535 0.288880 0.031951 0.001231 0.367402
0 4 0.659596 0.164548 0.038997 0.001168 0.135691
0 4 0.624632 0.233311 0.021744 0.000589 0.119724
0 4 0.485931 0.092527 0.015773 0.003904 0.401865
0 4 0.531319 0.055072 0.008440 0.002970 0.402200
0 4 0.441711 0.329023 0.067768 0.000542 0.160955
0 4 0.535930 0.272698 0.037964 0.000587 0.152821
0 4 0.773589 0.052549 0.012935 0.002962 0.157965
0 4 0.641311 0.210639 0.026308 0.001197 0.120545
4 4 0.332132 0.171487 0.028179 0.002178 0.466024
0 4 0.874744 0.040460 0.008579 0.005641 0.070575
0 4 0.750045 0.140150 0.014661 0.001503 0.093641
0 4 0.666423 0.145969 0.038935 0.004601 0.144071
0 4 0.476764 0.059491 0.015975 0.001958 0.445813
0 4 0.610672 0.097598 0.016189 0.003067 0.272475
0 4 0.808173 0.041506 0.010694 0.003782 0.135845
0 4 0.489206 0.104185 0.013794 0.002426 0.390389
0 4 0.876655 0.032460 0.006553 0.002139 0.082193
0 4 0.526669 0.371309 0.046099 0.000546 0.055376
0 4 0.390174 0.258255 0.040330 0.001601 0.309640
0 4 0.460221 0.427137 0.015728 0.000119 0.096796
0 4 0.770167 0.055340 0.010002 0.006967 0.157524
0 4 0.854110 0.057735 0.011063 0.018321 0.058771
0 4 0.605291 0.126616 0.021370 0.001620 0.245104
0 4 0.562173 0.089403 0.019851 0.001216 0.327358
0 4 0.638262 0.149715 0.024322 0.002261 0.185441
0 4 0.919252 0.025319 0.004174 0.004739 0.046517
0 4 0.845034 0.040757 0.004068 0.005651 0.104490
0 4 0.932916 0.019494 0.003332 0.002144 0.042113
4 4 0.225830 0.213637 0.026525 0.000286 0.533722
1 4 0.158298 0.599934 0.065679 0.001060 0.175030
1 4 0.245687 0.393588 0.025946 0.000191 0.334588
0 4 0.759586 0.161653 0.013030 0.000263 0.065468
1 4 0.359671 0.366349 0.051888 0.001996 0.220096
1 4 0.395822 0.423198 0.019264 0.000499 0.161216
1 4 0.303549 0.424193 0.045440 0.000537 0.226281
1 4 0.275053 0.470042 0.048505 0.000673 0.205728
1 4 0.180174 0.466205 0.056059 0.000501 0.297060
1 4 0.176256 0.596102 0.052557 0.000719 0.174366
0 4 0.537839 0.338727 0.045493 0.001238 0.076703
1 1 0.236772 0.544585 0.155182 0.001572 0.061889
0 4 0.644869 0.188426 0.044384 0.000787 0.121534
1 4 0.147419 0.567817 0.065453 0.000270 0.219042
1 4 0.183298 0.634602 0.055220 0.000328 0.126551
1 4 0.206051 0.466358 0.032949 0.000279 0.294363
1 4 0.189370 0.550873 0.040937 0.000212 0.218608
1 4 0.171302 0.449251 0.042689 0.000193 0.336565
1 4 0.167142 0.507357 0.052030 0.000358 0.273113
1 4 0.105771 0.650220 0.107822 0.001079 0.135107
1 4 0.258094 0.552554 0.038327 0.000371 0.150654
1 4 0.278138 0.556912 0.097908 0.000687 0.066355
0 4 0.383863 0.340293 0.060757 0.003807 0.211279
1 4 0.232270 0.515206 0.033597 0.000479 0.218448
4 4 0.401802 0.131260 0.016193 0.000630 0.450115
0 4 0.443559 0.398986 0.043016 0.001876 0.112563
1 4 0.193376 0.585158 0.050060 0.000715 0.170692
1 4 0.157612 0.634732 0.060119 0.000474 0.147062
1 4 0.187274 0.469356 0.037851 0.000190 0.305330
1 4 0.204268 0.564349 0.052504 0.001033 0.177846
0 4 0.534294 0.357287 0.042596 0.000560 0.065264
1 4 0.250952 0.543016 0.059350 0.001219 0.145463
1 4 0.394175 0.459514 0.079914 0.001198 0.065197
0 0 0.699518 0.224298 0.049438 0.000877 0.025869
0 4 0.733244 0.209627 0.021923 0.000708 0.034499
1 4 0.219260 0.578153 0.073174 0.001040 0.128372
1 4 0.259111 0.545003 0.147263 0.000937 0.047686
1 4 0.173198 0.565047 0.199195 0.002263 0.060297
1 4 0.238281 0.583309 0.140040 0.000346 0.038024
1 4 0.163573 0.616564 0.158240 0.000728 0.060894
1 4 0.195664 0.555059 0.215512 0.000934 0.032831
1 4 0.400889 0.455295 0.114252 0.000507 0.029056
0 4 0.532182 0.323857 0.101713 0.003503 0.038745
1 1 0.111712 0.530401 0.299541 0.003865 0.054481
1 1 0.072580 0.619560 0.249081 0.000454 0.058325
1 1 0.075242 0.594021 0.297191 0.000773 0.032773
2 2 0.051459 0.398394 0.524037 0.001643 0.024467
2 2 0.072290 0.362980 0.550209 0.003063 0.011458
2 4 0.053744 0.359129 0.567290 0.001918 0.017919
0 4 0.417288 0.322255 0.241546 0.003885 0.015025
0 0 0.559121 0.352287 0.054296 0.000495 0.033800
1 1 0.153117 0.525699 0.299042 0.000810 0.021332
2 2 0.113255 0.328047 0.547262 0.003061 0.008374
0 2 0.555969 0.282527 0.139790 0.002898 0.018815
0 1 0.417107 0.377712 0.079901 0.000683 0.124597
2 2 0.045664 0.336119 0.606011 0.002046 0.010160
2 2 0.035962 0.410305 0.522507 0.000942 0.030284
2 2 0.060651 0.336544 0.543349 0.000975 0.058481
2 2 0.039061 0.371200 0.579673 0.001286 0.008780
2 2 0.055764 0.255989 0.678847 0.003958 0.005442
2 2 0.059186 0.384034 0.537031 0.001088 0.018660
2 2 0.076699 0.069108 0.843253 0.009950 0.000991
2 2 0.048150 0.452939 0.470287 0.002704 0.025920
0 1 0.394150 0.215662 0.380446 0.004312 0.005430
2 2 0.048423 0.398017 0.538426 0.000673 0.014460
2 2 0.044153 0.221515 0.726817 0.002752 0.004763
2 2 0.032297 0.182871 0.773736 0.004542 0.006553
2 2 0.029125 0.152087 0.815726 0.000989 0.002073
2 2 0.041108 0.282564 0.660439 0.003590 0.012299
2 2 0.049647 0.244710 0.697832 0.002214 0.005598
2 2 0.034742 0.120703 0.833094 0.010046 0.001415
2 2 0.094053 0.352854 0.538788 0.003133 0.011171
2 2 0.054018 0.290999 0.634123 0.008386 0.012475
2 2 0.044401 0.330846 0.609069 0.000827 0.014857
2 2 0.049686 0.259559 0.666745 0.014131 0.009880
2 2 0.053558 0.267367 0.668665 0.001236 0.009174
2 2 0.044584 0.191855 0.758413 0.002478 0.002670
2 2 0.035927 0.197777 0.758428 0.003557 0.004311
2 2 0.036388 0.164222 0.780800 0.012739 0.005851
2 2 0.026031 0.214552 0.749980 0.002729 0.006708
1 2 0.113744 0.441452 0.413596 0.004843 0.026366
2 2 0.075670 0.264764 0.645358 0.006989 0.007219
2 2 0.045937 0.240304 0.702651 0.005684 0.005424
2 2 0.046615 0.219337 0.725307 0.002563 0.006179
2 2 0.059518 0.126121 0.804017 0.009102 0.001242
2 2 0.040509 0.115779 0.822530 0.019478 0.001704
2 2 0.034592 0.210801 0.743732 0.005523 0.005353
2 2 0.014430 0.119987 0.840454 0.022149 0.002981
2 2 0.102026 0.291806 0.590684 0.006591 0.008893
2 2 0.043083 0.303645 0.640947 0.003525 0.008799
2 2 0.050716 0.375113 0.561764 0.001403 0.011003
1 2 0.087155 0.465782 0.431399 0.000800 0.014864
2 2 0.040398 0.147990 0.802852 0.006348 0.002412
2 2 0.050149 0.174066 0.760136 0.012305 0.003344
2 2 0.043410 0.213208 0.731602 0.007218 0.004562
2 2 0.011495 0.090312 0.885027 0.011973 0.001192
2 2 0.040822 0.187620 0.765028 0.004053 0.002477
2 2 0.057459 0.217285 0.707789 0.012023 0.005444
2 2 0.057449 0.218475 0.714862 0.004429 0.004785
2 2 0.090227 0.143707 0.740684 0.023004 0.002378
2 2 0.018553 0.204958 0.767758 0.003561 0.005170
2 2 0.037343 0.148207 0.800669 0.011307 0.002475
2 2 0.082209 0.150328 0.731910 0.030935 0.004618
2 2 0.035123 0.099700 0.854006 0.010255 0.000916
2 2 0.081746 0.169155 0.740166 0.006157 0.002776
2 2 0.085675 0.112193 0.787106 0.013564 0.001462
2 2 0.076512 0.121565 0.753334 0.046207 0.002383
2 2 0.041244 0.070516 0.852177 0.035047 0.001017
2 2 0.071934 0.105344 0.789457 0.031829 0.001435
2 2 0.047162 0.066534 0.822775 0.062716 0.000813
2 2 0.043583 0.140242 0.793736 0.019977 0.002462
2 2 0.049475 0.160438 0.769262 0.016633 0.004192
2 2 0.052499 0.087795 0.818482 0.039649 0.001575
2 2 0.048061 0.118242 0.793634 0.037755 0.002309
2 2 0.049841 0.201886 0.723425 0.018939 0.005909
2 3 0.052382 0.083506 0.755930 0.106285 0.001897
2 3 0.091156 0.148761 0.720610 0.035927 0.003546
2 2 0.051260 0.226055 0.709424 0.008015 0.005246
2 2 0.061515 0.173414 0.753234 0.008860 0.002976
2 2 0.066510 0.291337 0.622065 0.007414 0.012674
2 2 0.128858 0.125979 0.710797 0.032429 0.001937
2 2 0.074458 0.237183 0.667932 0.013410 0.007016
2 2 0.055492 0.230488 0.707776 0.002886 0.003359
2 2 0.037794 0.154385 0.790467 0.014474 0.002879
2 2 0.057188 0.217902 0.713689 0.006901 0.004320
2 2 0.087178 0.162078 0.728608 0.019126 0.003010
2 2 0.056442 0.169574 0.747733 0.022320 0.003931
2 2 0.059162 0.285671 0.642732 0.004963 0.007472
2 2 0.042666 0.217186 0.722002 0.012094 0.006053
2 2 0.054676 0.121290 0.797852 0.024312 0.001870
2 2 0.046055 0.155384 0.781724 0.013921 0.002916
2 2 0.054740 0.163683 0.769295 0.009621 0.002661
2 2 0.075307 0.210555 0.703632 0.006722 0.003784
2 2 0.054536 0.268240 0.664888 0.005708 0.006628
2 2 0.063646 0.071546 0.795005 0.068813 0.000990
2 2 0.018385 0.130739 0.831315 0.016547 0.003015
2 2 0.048064 0.139240 0.802349 0.008648 0.001699
2 2 0.060727 0.141124 0.781669 0.014474 0.002006
2 2 0.030565 0.195571 0.764871 0.005427 0.003565
2 2 0.056130 0.115762 0.777983 0.047703 0.002422
2 2 0.069099 0.188561 0.726094 0.012331 0.003915
2 2 0.025141 0.179338 0.786093 0.006053 0.003374
2 2 0.012137 0.129453 0.852816 0.004071 0.001523
2 2 0.052929 0.198447 0.725478 0.017644 0.005502
2 2 0.057755 0.059449 0.823392 0.058819 0.000586
2 2 0.029020 0.120758 0.836529 0.011989 0.001704
2 2 0.036878 0.096702 0.842570 0.022583 0.001267
2 3 0.080821 0.122969 0.757487 0.036593 0.002129
2 3 0.076197 0.049908 0.591150 0.281669 0.001075
2 2 0.040047 0.254579 0.696276 0.003673 0.005425
2 2 0.018716 0.146570 0.823166 0.008924 0.002624
2 2 0.026242 0.173396 0.784905 0.011334 0.004123
2 2 0.077441 0.233112 0.672141 0.011040 0.006266
2 2 0.047374 0.196019 0.737015 0.014426 0.005167
2 2 0.044665 0.218278 0.728510 0.004723 0.003823
2 2 0.066485 0.159703 0.758842 0.012594 0.002377
2 2 0.055203 0.211836 0.726347 0.002628 0.003987
2 2 0.059992 0.335374 0.592304 0.002888 0.009442
2 2 0.034929 0.248572 0.708902 0.002857 0.004740
2 2 0.024714 0.216660 0.753544 0.001496 0.003585
2 2 0.059391 0.237275 0.688373 0.008759 0.006202
2 2 0.056688 0.278281 0.655433 0.002062 0.007535
2 2 0.045742 0.115790 0.821347 0.015650 0.001470
2 2 0.064364 0.222216 0.701904 0.005945 0.005572
2 2 0.064543 0.341029 0.581808 0.002982 0.009638
2 2 0.056203 0.203534 0.732366 0.004707 0.003190
2 2 0.076292 0.169982 0.742455 0.008870 0.002401
2 2 0.049214 0.248403 0.685432 0.009434 0.007516
1 1 0.072105 0.563273 0.341894 0.000519 0.022209
1 2 0.121714 0.479951 0.381479 0.000910 0.015946
2 2 0.057803 0.266620 0.667727 0.002910 0.004941
2 2 0.041865 0.319685 0.629415 0.001840 0.007195
2 1 0.019099 0.393131 0.571884 0.001220 0.014666
1 1 0.172825 0.502259 0.283296 0.002214 0.039407
1 4 0.252737 0.576767 0.111899 0.000561 0.058036
1 4 0.223007 0.590150 0.156835 0.000242 0.029767
1 4 0.186921 0.494804 0.286038 0.001910 0.030327
1 4 0.082034 0.557099 0.341153 0.000352 0.019363
1 1 0.142950 0.569034 0.242321 0.001485 0.044210
2 1 0.021796 0.446803 0.515932 0.000673 0.014795
2 2 0.040059 0.393889 0.557336 0.000563 0.008154
1 4 0.098751 0.533881 0.334341 0.001419 0.031609
1 4 0.145266 0.623223 0.177214 0.000652 0.053645
1 4 0.171221 0.640773 0.132774 0.000354 0.054878
1 4 0.318546 0.468369 0.186182 0.000877 0.026026
1 1 0.199273 0.601031 0.175657 0.000166 0.023873
1 1 0.092796 0.611651 0.268771 0.000339 0.026444
1 1 0.093361 0.548282 0.339525 0.000393 0.018439
1 1 0.153874 0.659195 0.154758 0.000132 0.032041
1 4 0.360290 0.513025 0.082273 0.000338 0.044074
0 4 0.436619 0.401942 0.119904 0.001899 0.039635
2 2 0.054897 0.211536 0.726297 0.004119 0.003151
1 4 0.092717 0.655705 0.142985 0.000978 0.107614
2 2 0.079508 0.413771 0.496255 0.001041 0.009426
2 2 0.067091 0.423759 0.497977 0.000985 0.010187
1 2 0.079928 0.583035 0.313355 0.000477 0.023205
2 2 0.050722 0.334032 0.605628 0.001487 0.008131
2 2 0.211055 0.286796 0.494204 0.002476 0.005470
1 2 0.118623 0.511074 0.351477 0.000767 0.018059
2 2 0.020247 0.315371 0.654109 0.001602 0.008673
2 2 0.063945 0.310327 0.620673 0.000912 0.004143
1 2 0.087936 0.539045 0.352192 0.000634 0.020193
2 2 0.063900 0.402624 0.528085 0.000310 0.005081
1 2 0.109847 0.476331 0.399620 0.000710 0.013492
2 2 0.082484 0.278122 0.626351 0.005656 0.007388
2 2 0.062239 0.362675 0.567217 0.001053 0.006816
2 2 0.015659 0.083347 0.895736 0.004514 0.000743
1 2 0.101884 0.577736 0.298861 0.000423 0.021096
2 2 0.048102 0.318531 0.625024 0.001784 0.006558
2 2 0.086713 0.389501 0.516164 0.000789 0.006833
2 2 0.063882 0.378721 0.549861 0.000813 0.006724
2 2 0.041089 0.229947 0.718933 0.005166 0.004865
1 2 0.082903 0.509602 0.394793 0.000342 0.012360
1 2 0.062101 0.511296 0.411819 0.000365 0.014419
2 2 0.032403 0.263334 0.697749 0.001734 0.004780
2 2 0.076895 0.397404 0.514195 0.001370 0.010135
1 0 0.245088 0.418187 0.313267 0.002927 0.020531
1 1 0.084448 0.656722 0.198157 0.000546 0.060126
1 2 0.120885 0.480964 0.383815 0.000709 0.013627
1 1 0.158759 0.510946 0.299834 0.001641 0.028820
2 2 0.038505 0.376438 0.567841 0.001456 0.015760
2 2 0.023164 0.335610 0.607036 0.002940 0.031250
2 2 0.041443 0.320897 0.618400 0.003210 0.016050
1 2 0.055566 0.654441 0.194243 0.000110 0.095640
2 2 0.153936 0.345004 0.486290 0.001092 0.013678
1 1 0.238215 0.607329 0.075606 0.000349 0.078501
1 2 0.177269 0.496165 0.296424 0.001846 0.028296
1 2 0.196125 0.638417 0.101344 0.000151 0.063964
1 2 0.055233 0.559819 0.338758 0.001167 0.045023
1 2 0.179456 0.638819 0.067301 0.000389 0.114034
1 2 0.053204 0.500300 0.414747 0.002359 0.029389
2 2 0.045837 0.311095 0.630143 0.003881 0.009045
1 2 0.153774 0.502793 0.318517 0.001389 0.023526
2 2 0.111675 0.342035 0.534390 0.003120 0.008781
2 2 0.032997 0.423623 0.526994 0.001280 0.015105
2 2 0.039786 0.163185 0.789542 0.005247 0.002240
1 2 0.058137 0.467956 0.460365 0.000657 0.012885
1 2 0.183971 0.611626 0.170415 0.000280 0.033707
2 2 0.023265 0.174742 0.795126 0.003860 0.003006
1 2 0.115225 0.616098 0.240753 0.000332 0.027591
0 1 0.485695 0.389063 0.059651 0.001402 0.064189
2 1 0.084448 0.394753 0.509681 0.001310 0.009808
2 2 0.026797 0.337590 0.627449 0.000922 0.007243
2 2 0.025877 0.154769 0.814666 0.003077 0.001611
2 2 0.064985 0.440828 0.485328 0.000453 0.008405
2 2 0.047584 0.462948 0.476754 0.000503 0.012212
1 2 0.207315 0.533489 0.233009 0.000592 0.025595
1 2 0.122046 0.555768 0.300227 0.000521 0.021438
2 2 0.072935 0.366318 0.546102 0.002864 0.011782
2 2 0.070657 0.395827 0.525285 0.000681 0.007551
2 2 0.032893 0.264644 0.693002 0.003242 0.006218
2 2 0.155076 0.380550 0.449525 0.002694 0.012155
1 2 0.105519 0.600629 0.262439 0.000464 0.030949
1 2 0.059791 0.519427 0.407312 0.000299 0.013171
1 2 0.068296 0.484713 0.425804 0.001175 0.020012
2 2 0.072377 0.289945 0.627096 0.003690 0.006892
1 4 0.138544 0.631106 0.177803 0.000542 0.052005
1 4 0.335071 0.505035 0.128029 0.000441 0.031424
1 4 0.159957 0.675990 0.096632 0.000207 0.067214
1 4 0.232072 0.578519 0.152228 0.000392 0.036789
1 4 0.285294 0.495479 0.195598 0.000584 0.023045
1 4 0.255355 0.531677 0.166421 0.001118 0.045428
1 4 0.140231 0.649445 0.178171 0.000177 0.031976
1 4 0.193257 0.594843 0.183889 0.000256 0.027755
0 4 0.583790 0.329195 0.055888 0.000579 0.030549
1 4 0.311769 0.553669 0.068582 0.000345 0.065635
1 4 0.399009 0.457026 0.107793 0.000666 0.035506
1 4 0.257053 0.560183 0.127936 0.000739 0.054089
0 4 0.532309 0.361638 0.064651 0.000916 0.040486
1 4 0.216820 0.602585 0.122815 0.000500 0.057280
1 4 0.120048 0.646296 0.177546 0.000507 0.055603
1 4 0.175884 0.646173 0.099888 0.000388 0.077668
1 4 0.268985 0.548430 0.141083 0.000575 0.040926
2 4 0.034768 0.449305 0.495937 0.001316 0.018673
1 4 0.106130 0.611781 0.235585 0.000799 0.045704
1 4 0.186916 0.598885 0.167291 0.000577 0.046331
1 4 0.314704 0.509502 0.127408 0.000950 0.047436
1 4 0.116335 0.699170 0.113240 0.000226 0.071029
1 4 0.149904 0.674770 0.089013 0.000278 0.086034
1 4 0.085356 0.532496 0.149825 0.000482 0.231841
1 4 0.119473 0.620420 0.151556 0.001230 0.107321
1 4 0.160126 0.619849 0.060918 0.000646 0.158461
1 4 0.138070 0.577717 0.068468 0.000135 0.215610
1 4 0.197503 0.489358 0.084651 0.001176 0.227312
1 4 0.347688 0.414392 0.081349 0.000340 0.156231
0 4 0.576247 0.154070 0.024230 0.006397 0.239056
0 4 0.757580 0.101818 0.015342 0.007791 0.117469
4 4 0.414536 0.134259 0.027101 0.006314 0.417790
0 4 0.487751 0.278148 0.041611 0.003555 0.188935
1 4 0.289381 0.371749 0.038388 0.001621 0.298860
0 4 0.581928 0.118132 0.019424 0.007546 0.272969
0 4 0.548755 0.232418 0.025451 0.002916 0.190460
1 4 0.227361 0.515675 0.110082 0.001590 0.145293
0 4 0.613648 0.233855 0.050418 0.004114 0.097965
0 4 0.584601 0.264534 0.043886 0.005386 0.101593
0 4 0.335437 0.328605 0.025916 0.000442 0.309601
4 4 0.178377 0.106564 0.020550 0.002697 0.691812
0 4 0.591654 0.108537 0.018898 0.005587 0.275323
0 4 0.533355 0.060438 0.009184 0.003613 0.393409
4 4 0.446612 0.076393 0.013055 0.004901 0.459039
0 4 0.896598 0.033685 0.008429 0.007090 0.054197
0 4 0.531531 0.300093 0.040508 0.001997 0.125870
0 4 0.876995 0.060751 0.007427 0.005208 0.049619
0 4 0.513694 0.126285 0.021203 0.007645 0.331173
0 4 0.469292 0.104406 0.011008 0.009922 0.405372
0 4 0.776612 0.044946 0.008678 0.004497 0.165267
1 4 0.312037 0.352892 0.033584 0.001128 0.300360
0 4 0.610103 0.094811 0.019297 0.000618 0.275171
0 4 0.809886 0.054378 0.007986 0.008672 0.119079
0 4 0.719499 0.082232 0.008640 0.006517 0.183112
0 4 0.699795 0.134405 0.018428 0.003346 0.144026
0 4 0.902334 0.023491 0.004613 0.002977 0.066585
0 4 0.620683 0.229652 0.026809 0.003789 0.119067
0 4 0.850384 0.049467 0.005330 0.005375 0.089444
0 4 0.635177 0.214943 0.023828 0.001472 0.124580
0 4 0.819659 0.053796 0.008108 0.004366 0.114071
0 4 0.843714 0.041435 0.006831 0.000968 0.107052
0 4 0.897574 0.027787 0.004456 0.004124 0.066058
0 4 0.419570 0.337952 0.055957 0.001669 0.184852
0 4 0.559207 0.068541 0.012630 0.005035 0.354588
0 4 0.514357 0.240326 0.019111 0.000416 0.225790
0 4 0.715143 0.192083 0.024109 0.001275 0.067389
1 4 0.214678 0.541900 0.035574 0.000599 0.207248
0 4 0.494233 0.343585 0.030969 0.001869 0.129344
0 4 0.670495 0.154536 0.017105 0.010429 0.147436
0 4 0.931538 0.026480 0.005268 0.007944 0.028769
0 4 0.674235 0.123379 0.020595 0.010420 0.171371
1 4 0.357140 0.452132 0.033652 0.001115 0.155961
0 4 0.594294 0.240537 0.016045 0.003571 0.145552
0 4 0.861395 0.111696 0.010316 0.000379 0.016214
0 4 0.433383 0.425942 0.048571 0.001182 0.090921
1 4 0.097595 0.685451 0.132983 0.000457 0.083514
1 4 0.196789 0.572548 0.136845 0.002233 0.091585
1 4 0.232094 0.607411 0.077754 0.000401 0.082339
1 4 0.166156 0.665792 0.088092 0.000265 0.079695
1 4 0.301288 0.493478 0.127777 0.002721 0.074736
1 4 0.156494 0.650391 0.136474 0.000349 0.056292
1 4 0.196062 0.559779 0.194583 0.001195 0.048380
1 4 0.334026 0.505353 0.113279 0.000764 0.046577
1 4 0.266449 0.545620 0.130296 0.000969 0.056666
1 4 0.097861 0.449069 0.418528 0.004906 0.029636
1 4 0.114907 0.606318 0.233741 0.000720 0.044314
1 4 0.128317 0.609986 0.228488 0.000388 0.032821
1 4 0.091656 0.569467 0.298207 0.001129 0.039541
1 4 0.247888 0.526652 0.180411 0.001255 0.043795
1 4 0.200784 0.617684 0.127099 0.000407 0.054026
0 0 0.747918 0.182747 0.042684 0.002529 0.024122
1 4 0.364645 0.490450 0.067808 0.000588 0.076510
1 4 0.118943 0.649044 0.095463 0.000660 0.135890
1 4 0.283623 0.507666 0.108583 0.001429 0.098700
1 4 0.142997 0.602909 0.209139 0.000680 0.044275
1 4 0.194608 0.538500 0.198933 0.003043 0.064917
1 4 0.120387 0.635190 0.194142 0.000537 0.049743
0 4 0.498345 0.373806 0.091715 0.001202 0.034932
0 4 0.815652 0.119314 0.014460 0.000496 0.050078
0 0 0.576303 0.306624 0.085795 0.001805 0.029473
1 4 0.408595 0.418782 0.046027 0.001794 0.124803
1 4 0.354571 0.370115 0.065212 0.003579 0.206524
0 4 0.481949 0.392853 0.084174 0.001055 0.039969
1 4 0.185908 0.574304 0.195913 0.000824 0.043052
1 4 0.378120 0.452256 0.091951 0.002279 0.075394
0 4 0.477769 0.339450 0.062582 0.005677 0.114522
0 4 0.592432 0.259609 0.066070 0.005963 0.075927
0 4 0.424017 0.418710 0.116941 0.001435 0.038897
1 4 0.191690 0.614126 0.143478 0.000451 0.050255
1 4 0.194522 0.623551 0.129058 0.000373 0.052495
1 4 0.342619 0.480367 0.102083 0.001715 0.073216
1 4 0.091370 0.476634 0.404221 0.002114 0.025661
2 4 0.033954 0.395274 0.553395 0.002001 0.015377
1 4 0.219561 0.550402 0.157651 0.001569 0.070817
1 2 0.063361 0.605478 0.304950 0.000230 0.025980
0 4 0.457974 0.343340 0.091217 0.001235 0.106235
2 2 0.065425 0.433691 0.482132 0.001943 0.016808
1 2 0.098567 0.648324 0.210037 0.000412 0.042660
2 2 0.137324 0.259824 0.590411 0.005978 0.006463
2 2 0.068289 0.374807 0.538234 0.002139 0.016532
1 1 0.132093 0.498027 0.341874 0.001996 0.026010
2 2 0.037116 0.314954 0.634370 0.000803 0.012756
2 2 0.080097 0.269297 0.631383 0.000861 0.018362
2 2 0.064520 0.141997 0.788425 0.003572 0.001486
2 2 0.039417 0.180980 0.770526 0.000978 0.008098
2 2 0.004742 0.147602 0.838133 0.000477 0.009045
2 2 0.033940 0.186804 0.772725 0.002148 0.004384
2 2 0.031558 0.140993 0.818555 0.005462 0.003432
2 1 0.035836 0.286007 0.653701 0.005956 0.018500
2 2 0.034833 0.311832 0.647560 0.000750 0.005025
2 2 0.030539 0.179865 0.784212 0.001320 0.004064
2 2 0.037254 0.197840 0.755678 0.005845 0.003383
2 2 0.041577 0.155585 0.793910 0.005401 0.003528
2 2 0.056302 0.082227 0.848619 0.011765 0.001088
2 2 0.029427 0.191644 0.772367 0.001079 0.005483
2 2 0.031487 0.121934 0.839441 0.003178 0.003960
2 2 0.023251 0.078609 0.892231 0.005335 0.000574
2 1 0.052704 0.237950 0.690381 0.009901 0.009064
2 2 0.032283 0.139986 0.820100 0.003938 0.003694
2 2 0.038698 0.109279 0.843061 0.006512 0.002450
2 2 0.034214 0.128597 0.822435 0.012266 0.002488
2 2 0.027482 0.169444 0.798894 0.001708 0.002472
2 2 0.010902 0.111380 0.872739 0.003396 0.001583
2 2 0.077344 0.129714 0.775432 0.015512 0.001998
2 2 0.043507 0.287066 0.653931 0.005818 0.009678
2 2 0.018810 0.070116 0.900488 0.009712 0.000874
2 3 0.032034 0.078957 0.857848 0.029444 0.001717
2 2 0.034798 0.131169 0.818529 0.013626 0.001878
2 2 0.034292 0.107154 0.843142 0.013538 0.001874
2 2 0.038394 0.129907 0.821111 0.007549 0.003040
2 1 0.029797 0.276370 0.674530 0.008523 0.010780
2 2 0.040961 0.096426 0.831198 0.030075 0.001339
2 2 0.025832 0.218953 0.733979 0.013051 0.008185
2 2 0.042602 0.122210 0.820377 0.011606 0.003205
2 2 0.011944 0.116533 0.866325 0.003247 0.001951
2 2 0.034341 0.100946 0.852813 0.009778 0.002122
2 3 0.038765 0.064348 0.845284 0.050534 0.001069
2 2 0.023670 0.231198 0.724601 0.009494 0.011036
2 3 0.023133 0.081151 0.876286 0.017857 0.001572
2 3 0.039621 0.107745 0.838275 0.012753 0.001608
2 2 0.042836 0.242562 0.701934 0.006862 0.005805
2 2 0.065999 0.178508 0.746061 0.006783 0.002648
2 2 0.059471 0.241740 0.688389 0.005482 0.004917
2 2 0.031220 0.113467 0.828573 0.024774 0.001965
2 2 0.052787 0.080199 0.844321 0.021438 0.001255
2 2 0.064884 0.187643 0.738458 0.006183 0.002833
2 2 0.061742 0.249438 0.678257 0.004999 0.005564
2 2 0.020371 0.189794 0.779328 0.006369 0.004137
2 2 0.062830 0.230948 0.697658 0.004420 0.004143
2 3 0.020540 0.044348 0.817263 0.117230 0.000617
2 2 0.031563 0.230600 0.730610 0.003137 0.004091
2 3 0.025572 0.061961 0.878390 0.033461 0.000617
2 2 0.037884 0.199127 0.748350 0.009155 0.005484
2 2 0.048436 0.189293 0.748333 0.009876 0.004062
2 2 0.080207 0.136714 0.769932 0.011525 0.001622
2 2 0.021869 0.084714 0.868225 0.024040 0.001152
2 2 0.031999 0.178659 0.775919 0.009759 0.003664
2 2 0.031283 0.106783 0.843109 0.017296 0.001529
2 2 0.022414 0.112304 0.839993 0.023015 0.002275
2 2 0.034931 0.118728 0.822705 0.021635 0.002001
2 2 0.039115 0.115666 0.799172 0.043520 0.002526
2 2 0.044311 0.140323 0.798072 0.014993 0.002300
2 2 0.038779 0.116995 0.814884 0.027176 0.002166
2 3 0.035881 0.068961 0.823110 0.070773 0.001274
2 2 0.019692 0.073699 0.872157 0.033424 0.001028
