0 0 0.951939 0.023665 0.005142 0.000041 0.019213
0 0 0.982576 0.011505 0.001950 0.000003 0.003965
0 0 0.979095 0.010396 0.001606 0.000004 0.008899
0 0 0.991162 0.003972 0.000601 0.000003 0.004261
0 0 0.955876 0.031063 0.007097 0.000023 0.005941
0 0 0.916088 0.067650 0.005621 0.000002 0.010639
0 0 0.742433 0.201158 0.030784 0.000049 0.025577
0 1 0.510055 0.375120 0.068120 0.000259 0.046445
1 1 0.298751 0.418785 0.215776 0.004647 0.062040
0 1 0.564350 0.301248 0.077460 0.001488 0.055455
0 1 0.613199 0.276884 0.046545 0.000570 0.062802
0 1 0.812948 0.126021 0.011433 0.000004 0.049595
0 1 0.403938 0.356678 0.127026 0.000830 0.111527
0 1 0.419719 0.414106 0.103283 0.000156 0.062735
0 1 0.435054 0.397086 0.077126 0.000064 0.090671
0 1 0.412025 0.361927 0.075863 0.000346 0.149838
1 1 0.339986 0.422042 0.061451 0.000006 0.176515
1 4 0.274553 0.368385 0.129416 0.000012 0.227634
4 4 0.308393 0.202649 0.085797 0.000041 0.403119
1 4 0.284834 0.472673 0.092926 0.000690 0.148878
1 4 0.312018 0.410694 0.088921 0.000255 0.188112
1 4 0.241148 0.498270 0.072410 0.000013 0.188158
1 4 0.366517 0.442119 0.069639 0.000074 0.121651
4 4 0.235059 0.317934 0.125507 0.000322 0.321178
0 4 0.688880 0.085935 0.017094 0.000014 0.208077
0 4 0.521551 0.313805 0.033390 0.000004 0.131250
0 4 0.453471 0.363242 0.060010 0.000182 0.123095
0 4 0.525404 0.317269 0.058524 0.000079 0.098725
1 4 0.332595 0.431342 0.077339 0.000016 0.158708
1 4 0.136576 0.503044 0.159641 0.000052 0.200687
1 4 0.316820 0.486779 0.103010 0.000079 0.093312
0 4 0.416948 0.301713 0.050551 0.000016 0.230772
1 4 0.324898 0.366563 0.074425 0.000020 0.234094
0 4 0.490198 0.347089 0.055905 0.000021 0.106787
0 4 0.533996 0.248552 0.049941 0.000023 0.167488
1 4 0.352600 0.458357 0.072306 0.000011 0.116727
1 4 0.370576 0.381836 0.066169 0.000033 0.181386
0 4 0.419525 0.388238 0.119068 0.000214 0.072955
1 4 0.227689 0.505222 0.114883 0.000006 0.152200
1 4 0.215726 0.518508 0.145523 0.000257 0.119985
1 4 0.194341 0.518942 0.234882 0.000352 0.051483
1 4 0.307082 0.446352 0.191383 0.005205 0.049978
0 4 0.437937 0.332508 0.158132 0.002567 0.068857
1 4 0.325140 0.382388 0.212535 0.020973 0.058964
1 4 0.148061 0.461642 0.341050 0.006968 0.042279
2 4 0.094114 0.324760 0.518192 0.045962 0.016971
2 4 0.063443 0.285473 0.507200 0.124910 0.018974
1 4 0.161943 0.395162 0.370676 0.037312 0.034907
2 4 0.133893 0.379527 0.424538 0.006087 0.055956
1 2 0.210906 0.418113 0.305676 0.015292 0.050012
2 2 0.008738 0.109281 0.551124 0.327202 0.003656
2 2 0.016358 0.103659 0.567191 0.309117 0.003676
3 2 0.004868 0.061610 0.417043 0.514317 0.002162
2 2 0.006235 0.106720 0.635316 0.249213 0.002517
2 2 0.010423 0.122627 0.559871 0.302749 0.004329
2 2 0.006638 0.134121 0.719097 0.137619 0.002525
3 2 0.000369 0.015413 0.406042 0.577988 0.000187
3 2 0.001322 0.031084 0.413241 0.553764 0.000589
2 2 0.002933 0.056000 0.521945 0.417320 0.001801
3 2 0.001679 0.026928 0.295525 0.675085 0.000784
3 2 0.000563 0.015571 0.300498 0.683107 0.000262
3 2 0.001358 0.031812 0.417900 0.548326 0.000604
3 2 0.001470 0.018323 0.193325 0.786162 0.000720
3 3 0.000203 0.005762 0.158220 0.835714 0.000101
3 3 0.000476 0.007438 0.122800 0.869041 0.000244
3 3 0.000387 0.006575 0.119749 0.873090 0.000199
3 3 0.000404 0.008489 0.166234 0.824671 0.000201
3 3 0.002277 0.019452 0.154117 0.823011 0.001143
3 3 0.001078 0.014754 0.178563 0.805072 0.000532
3 3 0.000100 0.002707 0.090184 0.906956 0.000053
3 3 0.000248 0.004761 0.104540 0.890322 0.000129
3 3 0.001177 0.014451 0.163036 0.820748 0.000587
3 3 0.000661 0.009145 0.129903 0.859954 0.000337
3 3 0.000360 0.006291 0.118655 0.874510 0.000185
3 3 0.001382 0.011420 0.104341 0.882136 0.000721
3 3 0.000730 0.007739 0.095317 0.895831 0.000384
3 3 0.000017 0.000492 0.029585 0.969891 0.000014
3 3 0.000402 0.003741 0.051923 0.943711 0.000223
3 3 0.000738 0.006108 0.067414 0.925340 0.000400
3 3 0.000675 0.008427 0.113913 0.876636 0.000349
3 3 0.000366 0.005223 0.090031 0.904187 0.000193
3 3 0.000183 0.002526 0.052533 0.944656 0.000101
3 3 0.000601 0.010105 0.159774 0.829219 0.000300
3 3 0.002255 0.027746 0.257548 0.710912 0.001539
3 3 0.000430 0.006558 0.110649 0.882140 0.000222
3 3 0.000214 0.003939 0.089183 0.906549 0.000115
3 3 0.000969 0.009778 0.108263 0.880486 0.000503
3 3 0.001496 0.018300 0.191949 0.787477 0.000778
3 3 0.000184 0.004971 0.137780 0.856972 0.000093
3 3 0.000354 0.007427 0.151664 0.840378 0.000177
3 3 0.000065 0.002154 0.089041 0.908705 0.000034
3 3 0.000582 0.007100 0.099407 0.892607 0.000304
3 3 0.000182 0.003853 0.096723 0.899146 0.000095
3 3 0.000309 0.004424 0.080162 0.914940 0.000165
3 3 0.000233 0.003199 0.061995 0.934447 0.000127
3 3 0.000183 0.003904 0.098148 0.897669 0.000096
3 3 0.000155 0.002302 0.051856 0.945601 0.000086
3 3 0.000095 0.001633 0.045308 0.952910 0.000053
3 3 0.000390 0.004443 0.068082 0.926874 0.000211
3 3 0.000009 0.000335 0.026112 0.973539 0.000005
3 3 0.000225 0.003465 0.071260 0.924929 0.000121
3 3 0.000058 0.002133 0.097940 0.899829 0.000039
3 3 0.000817 0.004006 0.033930 0.960776 0.000472
3 3 0.000551 0.004869 0.054800 0.939346 0.000434
3 3 0.000931 0.008838 0.099879 0.889699 0.000653
3 3 0.000528 0.008681 0.143003 0.847500 0.000287
3 3 0.000183 0.004978 0.138880 0.855868 0.000092
3 3 0.000557 0.008390 0.138370 0.852203 0.000480
3 3 0.000123 0.003812 0.142076 0.853826 0.000164
3 3 0.000011 0.000593 0.056011 0.943375 0.000011
3 3 0.000277 0.005888 0.141194 0.852365 0.000276
3 3 0.000185 0.002305 0.045700 0.951706 0.000104
3 3 0.000539 0.006722 0.087530 0.904749 0.000461
3 3 0.000168 0.006262 0.204654 0.788828 0.000088
3 3 0.000237 0.005842 0.152346 0.841241 0.000334
3 3 0.000457 0.016122 0.357874 0.624669 0.000878
2 3 0.109982 0.183606 0.481856 0.190033 0.034523
2 2 0.006125 0.077667 0.476680 0.426885 0.012642
2 2 0.020799 0.100179 0.476479 0.395269 0.007274
2 2 0.006637 0.106582 0.643444 0.238426 0.004912
2 2 0.009424 0.101596 0.501527 0.373855 0.013599
2 0 0.075069 0.330878 0.485469 0.056803 0.051781
2 2 0.039127 0.358394 0.481592 0.058848 0.062041
2 2 0.048424 0.209526 0.497790 0.216303 0.027957
2 2 0.048412 0.201332 0.687820 0.044092 0.018343
2 2 0.012055 0.140995 0.683285 0.156376 0.007289
2 2 0.031479 0.153805 0.763863 0.038564 0.012289
2 2 0.088831 0.350053 0.521981 0.024413 0.014723
2 2 0.095895 0.302125 0.519130 0.065476 0.017374
2 2 0.017576 0.177882 0.759681 0.040657 0.004204
2 2 0.003563 0.091726 0.738406 0.164215 0.002089
2 2 0.003203 0.076137 0.700762 0.216659 0.003239
2 2 0.003987 0.153685 0.817379 0.023113 0.001836
2 2 0.002482 0.094019 0.821959 0.079945 0.001595
2 2 0.001162 0.044078 0.804731 0.148560 0.001469
2 2 0.001567 0.054334 0.699417 0.241067 0.003615
3 2 0.000914 0.026032 0.433056 0.539442 0.000556
3 2 0.001269 0.025488 0.337160 0.635398 0.000685
2 2 0.000809 0.042221 0.790491 0.165254 0.001226
2 2 0.001814 0.051242 0.680079 0.265408 0.001457
3 2 0.001281 0.033372 0.480029 0.484410 0.000909
2 2 0.002779 0.057190 0.553393 0.384767 0.001872
2 2 0.000681 0.029802 0.784801 0.177544 0.007172
2 2 0.002266 0.085654 0.822553 0.086346 0.003181
2 2 0.000307 0.015387 0.532561 0.450703 0.001042
3 2 0.000295 0.014476 0.457344 0.527543 0.000340
2 2 0.002843 0.050984 0.514140 0.428273 0.003760
2 2 0.022752 0.090969 0.442022 0.437458 0.006799
2 2 0.167806 0.376518 0.381883 0.028323 0.045470
2 2 0.015632 0.249838 0.630019 0.042806 0.061705
2 2 0.003614 0.058591 0.475322 0.460735 0.001739
2 2 0.003166 0.085911 0.751441 0.156506 0.002976
2 2 0.001502 0.052890 0.700805 0.243731 0.001072
2 2 0.000217 0.018507 0.742456 0.238171 0.000648
2 2 0.001609 0.052071 0.673230 0.271886 0.001204
2 2 0.005498 0.114499 0.729189 0.146463 0.004352
3 2 0.001420 0.027885 0.353105 0.616787 0.000804
2 2 0.001743 0.040779 0.697889 0.255916 0.003672
2 2 0.001659 0.042138 0.559673 0.394628 0.001902
3 2 0.000700 0.022784 0.459878 0.515892 0.000746
2 2 0.001685 0.043358 0.574108 0.378822 0.002027
3 2 0.000081 0.006567 0.417821 0.575354 0.000177
2 2 0.002357 0.076716 0.754555 0.162011 0.004360
3 2 0.000687 0.022414 0.462036 0.512990 0.001872
2 2 0.005565 0.137718 0.689130 0.139915 0.027672
2 2 0.000897 0.026676 0.501210 0.469584 0.001633
2 2 0.008299 0.083729 0.528264 0.375477 0.004231
2 2 0.000718 0.042580 0.846282 0.108314 0.002106
2 2 0.001005 0.052431 0.864979 0.077075 0.004511
2 2 0.001011 0.038832 0.640062 0.318118 0.001977
2 2 0.003117 0.105307 0.795159 0.088901 0.007516
2 2 0.000518 0.028145 0.679403 0.290291 0.001643
2 2 0.000295 0.021435 0.796533 0.180570 0.001167
3 2 0.000223 0.012475 0.491045 0.495496 0.000762
2 2 0.000643 0.026595 0.594938 0.376279 0.001544
2 2 0.001160 0.038054 0.587731 0.371049 0.002006
3 2 0.000083 0.005549 0.346705 0.647329 0.000334
3 2 0.000748 0.024192 0.454163 0.520386 0.000511
3 2 0.002717 0.049489 0.416993 0.519955 0.010846
2 2 0.003315 0.045457 0.477653 0.470646 0.002928
2 4 0.092466 0.197678 0.410768 0.075114 0.223974
2 4 0.137071 0.317146 0.481598 0.028403 0.035783
2 4 0.036498 0.196789 0.483422 0.216334 0.066958
2 4 0.001373 0.057109 0.783552 0.154924 0.003041
2 4 0.001777 0.049505 0.676394 0.267423 0.004902
2 2 0.010766 0.141999 0.652515 0.185136 0.009583
2 2 0.023091 0.210870 0.723152 0.008303 0.034584
2 2 0.000387 0.029520 0.650980 0.312196 0.006918
2 2 0.005033 0.055188 0.488684 0.440760 0.010336
1 2 0.159081 0.395712 0.369401 0.016051 0.059755
0 2 0.431008 0.220946 0.118799 0.006907 0.222341
1 2 0.232411 0.397756 0.169939 0.002986 0.196909
2 2 0.067977 0.357234 0.407875 0.035297 0.131617
2 2 0.025586 0.318647 0.571838 0.033713 0.050215
2 2 0.058497 0.174881 0.582953 0.130821 0.052849
2 4 0.103554 0.337515 0.513925 0.013720 0.031286
2 4 0.048716 0.208966 0.578306 0.153348 0.010664
1 4 0.188815 0.380707 0.345015 0.020042 0.065421
2 0 0.178279 0.291043 0.478461 0.005342 0.046875
0 1 0.624926 0.301982 0.046003 0.000005 0.027084
0 1 0.508776 0.336053 0.101748 0.000643 0.052781
2 2 0.076782 0.395356 0.452704 0.008611 0.066547
2 2 0.015909 0.200012 0.746565 0.021744 0.015770
2 2 0.018938 0.167071 0.722834 0.083228 0.007928
2 2 0.011238 0.175341 0.763374 0.041740 0.008306
2 2 0.001472 0.030146 0.862219 0.104545 0.001618
2 2 0.004345 0.081286 0.897783 0.011324 0.005261
2 2 0.003959 0.061332 0.853682 0.077124 0.003904
1 2 0.146725 0.463639 0.316386 0.006496 0.066754
0 0 0.397080 0.263164 0.138984 0.000442 0.200330
0 1 0.826404 0.121551 0.015667 0.000016 0.036363
1 1 0.297809 0.473076 0.146500 0.002323 0.080292
1 2 0.171909 0.491155 0.177651 0.000800 0.158484
2 2 0.093532 0.295720 0.506658 0.014520 0.089570
1 2 0.283038 0.430733 0.227248 0.001397 0.057585
2 2 0.115970 0.339173 0.466592 0.023237 0.055028
0 2 0.383760 0.310755 0.257654 0.004408 0.043424
2 2 0.006993 0.121491 0.724479 0.140463 0.006574
2 2 0.002145 0.059481 0.737553 0.199902 0.000919
2 2 0.029535 0.187265 0.695204 0.070580 0.017416
0 2 0.453146 0.334479 0.147076 0.003673 0.061627
1 2 0.319089 0.397500 0.098545 0.000126 0.184740
0 0 0.605423 0.291499 0.046100 0.000027 0.056950
0 1 0.488581 0.386783 0.070595 0.000032 0.054009
1 1 0.132787 0.420966 0.307793 0.003817 0.134637
0 2 0.423540 0.372765 0.145644 0.004682 0.053370
1 2 0.255237 0.487327 0.208065 0.000471 0.048899
2 2 0.115946 0.323483 0.433120 0.003750 0.123701
2 2 0.046108 0.328617 0.562586 0.008287 0.054402
2 2 0.004989 0.148219 0.784939 0.052987 0.008867
2 2 0.005585 0.045156 0.923442 0.022420 0.003397
2 2 0.005170 0.080033 0.837120 0.073612 0.004066
1 2 0.213595 0.327715 0.245427 0.025791 0.187473
2 2 0.027564 0.289251 0.592245 0.041819 0.049121
2 2 0.013403 0.158895 0.706956 0.095530 0.025216
2 2 0.000383 0.021194 0.577179 0.399253 0.001991
2 2 0.015497 0.160764 0.681468 0.109445 0.032825
0 2 0.535270 0.308702 0.109416 0.000788 0.045823
0 0 0.392975 0.363300 0.179312 0.000475 0.063938
1 0 0.291878 0.378186 0.206670 0.000119 0.123147
0 0 0.493059 0.284822 0.166750 0.001705 0.053663
0 0 0.837667 0.126005 0.014224 0.000020 0.022084
0 1 0.443528 0.373315 0.101108 0.000202 0.081846
0 1 0.592810 0.308556 0.060793 0.000070 0.037771
0 2 0.690636 0.128937 0.026059 0.000057 0.154311
1 2 0.187893 0.378494 0.177987 0.000329 0.255297
0 0 0.618382 0.306912 0.040999 0.000046 0.033660
0 0 0.822396 0.123295 0.012011 0.000072 0.042226
0 1 0.499706 0.338856 0.073567 0.000778 0.087094
0 2 0.494050 0.342216 0.112417 0.000827 0.050490
2 2 0.086393 0.330756 0.531003 0.019098 0.032750
2 2 0.129434 0.388933 0.392901 0.049744 0.038989
2 2 0.020445 0.207852 0.720363 0.039522 0.011816
0 2 0.401961 0.204033 0.248317 0.018442 0.127246
2 2 0.000352 0.028826 0.823160 0.145542 0.002120
2 2 0.009567 0.191861 0.731624 0.036245 0.030703
2 2 0.001289 0.035375 0.826846 0.133029 0.003460
2 2 0.006002 0.058128 0.819773 0.103973 0.012123
2 2 0.008366 0.078808 0.853739 0.040683 0.018405
0 0 0.514347 0.287399 0.099739 0.000502 0.098012
0 0 0.928380 0.043486 0.005967 0.000005 0.022161
0 0 0.857841 0.090720 0.026918 0.000711 0.023811
0 0 0.915397 0.062668 0.005382 0.000008 0.016545
0 0 0.636516 0.284324 0.045460 0.000087 0.033612
0 0 0.675064 0.226007 0.060297 0.000745 0.037887
0 1 0.533203 0.310746 0.072469 0.000358 0.083223
0 1 0.756112 0.137388 0.056546 0.002905 0.047050
0 1 0.743930 0.188691 0.041316 0.000123 0.025941
0 2 0.825395 0.062651 0.016389 0.000067 0.095499
0 2 0.758919 0.200272 0.018713 0.000005 0.022091
1 2 0.394486 0.467942 0.101194 0.000210 0.036168
0 2 0.512766 0.277953 0.108087 0.000959 0.100235
2 4 0.115622 0.379566 0.403847 0.008888 0.092077
0 4 0.602305 0.246534 0.108720 0.003726 0.038716
2 4 0.298576 0.320308 0.320616 0.005798 0.054702
2 4 0.038233 0.207133 0.709380 0.030853 0.014401
2 4 0.008640 0.142303 0.802391 0.038018 0.008647
2 2 0.047751 0.187876 0.722934 0.023240 0.018199
0 2 0.444959 0.261422 0.204415 0.008554 0.080650
0 2 0.496827 0.343990 0.133396 0.000349 0.025438
0 2 0.469759 0.326182 0.145879 0.001109 0.057072
2 2 0.014047 0.282758 0.673980 0.007515 0.021700
2 2 0.007406 0.107313 0.827925 0.040706 0.016649
2 2 0.005965 0.119495 0.822162 0.048988 0.003391
2 2 0.007117 0.094130 0.860455 0.034708 0.003590
2 2 0.005675 0.083637 0.862160 0.042290 0.006238
2 2 0.005478 0.103037 0.772005 0.114987 0.004493
2 2 0.000454 0.048434 0.935848 0.013722 0.001541
2 2 0.004763 0.125616 0.790132 0.075242 0.004247
2 2 0.036955 0.125458 0.795244 0.027727 0.014616
2 2 0.010850 0.122152 0.750720 0.110576 0.005702
2 2 0.001750 0.058227 0.805347 0.133416 0.001260
2 2 0.015239 0.101618 0.823246 0.054176 0.005721
2 2 0.000512 0.029920 0.754090 0.215316 0.000161
2 2 0.023202 0.151282 0.776650 0.042726 0.006139
2 2 0.162788 0.337905 0.429583 0.023141 0.046583
0 2 0.618209 0.270558 0.090377 0.000257 0.020599
0 1 0.611035 0.303015 0.048998 0.000110 0.036841
1 1 0.283389 0.384383 0.271323 0.018946 0.041959
2 2 0.010674 0.144665 0.777819 0.063923 0.002920
0 0 0.590381 0.263630 0.101770 0.002317 0.041901
1 1 0.325545 0.440348 0.204324 0.001440 0.028343
2 2 0.065815 0.201332 0.619398 0.104487 0.008969
2 2 0.033714 0.210869 0.688923 0.060879 0.005615
2 2 0.034367 0.185762 0.712093 0.059082 0.008696
2 2 0.028636 0.169525 0.766264 0.022535 0.013040
2 2 0.012364 0.170224 0.777957 0.036115 0.003340
2 2 0.004930 0.072271 0.718439 0.202874 0.001487
2 2 0.091553 0.195021 0.619009 0.082211 0.012205
2 2 0.018011 0.163611 0.659138 0.149061 0.010179
2 2 0.003630 0.073295 0.799482 0.122585 0.001008
2 2 0.003897 0.072756 0.670908 0.249847 0.002592
2 2 0.003907 0.077494 0.777566 0.139970 0.001065
2 2 0.016872 0.146924 0.618226 0.212960 0.005019
2 2 0.021863 0.171612 0.738434 0.062797 0.005293
2 2 0.018235 0.140189 0.623006 0.213883 0.004688
2 2 0.007454 0.092533 0.618368 0.279380 0.002265
2 2 0.026101 0.156933 0.751448 0.058992 0.006527
2 2 0.003644 0.070983 0.718548 0.205674 0.001151
2 2 0.015522 0.109299 0.657339 0.214926 0.002914
2 2 0.015877 0.205826 0.660299 0.111960 0.006038
2 2 0.007774 0.089960 0.483036 0.415874 0.003355
2 2 0.002612 0.054191 0.673164 0.269006 0.001027
2 2 0.006053 0.063920 0.656580 0.270891 0.002556
3 2 0.001350 0.020803 0.243647 0.733556 0.000645
2 2 0.001664 0.041343 0.501009 0.455266 0.000718
3 2 0.003130 0.040656 0.332214 0.622561 0.001439
2 2 0.033729 0.174762 0.563024 0.219163 0.009323
2 2 0.300950 0.297670 0.331342 0.023918 0.046119
2 2 0.049736 0.292781 0.496554 0.135054 0.025876
1 2 0.184464 0.429477 0.357898 0.001748 0.026414
2 2 0.022847 0.135912 0.742857 0.088592 0.009792
0 2 0.590173 0.224792 0.092784 0.003782 0.088469
2 2 0.179719 0.325178 0.439382 0.017585 0.038136
0 2 0.426020 0.323305 0.177773 0.001927 0.070975
0 0 0.464973 0.321032 0.106207 0.001208 0.106579
0 1 0.717950 0.224846 0.030671 0.000034 0.026500
1 1 0.331754 0.455900 0.103239 0.000092 0.109015
2 2 0.031179 0.196931 0.673592 0.061034 0.037264
2 2 0.001903 0.061164 0.894037 0.041170 0.001727
2 2 0.000487 0.049924 0.914646 0.033688 0.001255
2 2 0.002150 0.090147 0.869525 0.034981 0.003196
2 2 0.009620 0.093576 0.853715 0.037115 0.005975
2 2 0.000232 0.024910 0.912671 0.061373 0.000814
2 2 0.000928 0.044290 0.851176 0.102333 0.001273
2 2 0.004513 0.099229 0.799250 0.090240 0.006768
2 2 0.004620 0.072425 0.748551 0.169322 0.005082
2 2 0.011404 0.134941 0.783740 0.054446 0.015468
2 2 0.004618 0.122056 0.799117 0.067471 0.006738
2 2 0.007582 0.125355 0.789049 0.069559 0.008455
2 2 0.003920 0.122692 0.812371 0.057897 0.003121
2 2 0.001760 0.073662 0.856204 0.067443 0.000930
2 2 0.012735 0.151613 0.687868 0.144019 0.003766
2 2 0.002541 0.066165 0.648115 0.282165 0.001015
2 2 0.000534 0.043511 0.861560 0.094095 0.000300
2 2 0.001814 0.071658 0.775429 0.150408 0.000692
3 2 0.000367 0.015431 0.392682 0.591355 0.000164
2 2 0.000582 0.030512 0.641889 0.326778 0.000239
2 2 0.000887 0.049610 0.787149 0.162017 0.000337
2 2 0.001222 0.055771 0.760202 0.182335 0.000471
2 2 0.001454 0.045126 0.591341 0.361473 0.000607
3 2 0.000122 0.007436 0.338786 0.653551 0.000105
3 2 0.000631 0.021005 0.407475 0.570607 0.000282
3 2 0.001523 0.035957 0.455065 0.506712 0.000744
3 2 0.000239 0.013268 0.427072 0.559315 0.000106
3 2 0.000080 0.005621 0.292508 0.701755 0.000037
3 2 0.000173 0.008407 0.317440 0.673823 0.000157
2 2 0.000302 0.028451 0.853156 0.117596 0.000495
3 2 0.004655 0.056084 0.389322 0.547498 0.002440
2 2 0.003489 0.068217 0.624751 0.298320 0.005224
2 2 0.000244 0.016467 0.938546 0.044438 0.000305
3 2 0.000493 0.013375 0.297646 0.687904 0.000582
2 2 0.000295 0.021465 0.712483 0.265277 0.000479
3 2 0.000725 0.020743 0.401469 0.576292 0.000772
2 2 0.000668 0.024239 0.522227 0.451913 0.000953
3 2 0.001216 0.027546 0.392689 0.577704 0.000844
2 2 0.001868 0.034725 0.526215 0.435841 0.001352
2 2 0.000098 0.009351 0.517260 0.473202 0.000088
3 2 0.000316 0.011790 0.334142 0.653436 0.000317
3 2 0.002457 0.043622 0.436867 0.515525 0.001530
2 2 0.001291 0.043277 0.622143 0.332504 0.000785
2 2 0.000454 0.011897 0.531638 0.455607 0.000404
2 2 0.000399 0.018772 0.497052 0.483473 0.000303
2 2 0.000964 0.040944 0.671632 0.285968 0.000492
3 2 0.000208 0.012130 0.455131 0.532310 0.000221
3 2 0.000497 0.013209 0.279483 0.706403 0.000407
3 2 0.000158 0.004427 0.130772 0.864564 0.000080
3 2 0.002364 0.029480 0.287093 0.678679 0.002384
2 2 0.009431 0.087985 0.477979 0.415933 0.008673
2 2 0.003209 0.084679 0.645689 0.248626 0.017797
2 2 0.002127 0.091191 0.817719 0.082688 0.006275
2 2 0.001098 0.068465 0.856168 0.071244 0.003026
2 2 0.005710 0.102793 0.713224 0.165358 0.012915
0 2 0.392834 0.205058 0.174836 0.003051 0.224221
0 0 0.919671 0.051998 0.018560 0.000197 0.009574
0 0 0.485800 0.285188 0.166995 0.014861 0.047156
0 0 0.782791 0.153885 0.034284 0.000169 0.028871
0 0 0.806229 0.125478 0.027654 0.000802 0.039837
0 0 0.447373 0.387477 0.074001 0.001812 0.089336
1 1 0.147961 0.548862 0.202432 0.016107 0.084639
1 2 0.117110 0.442694 0.276480 0.041320 0.122396
1 2 0.158800 0.485282 0.100251 0.002081 0.253586
4 2 0.030370 0.372303 0.140508 0.008485 0.448333
4 2 0.039569 0.334350 0.152984 0.009037 0.464060
1 4 0.028575 0.423018 0.209318 0.005978 0.333113
4 4 0.091898 0.226024 0.109471 0.002557 0.570050
4 4 0.007583 0.005313 0.003919 0.000011 0.983175
4 4 0.160813 0.040346 0.039492 0.001441 0.757909
4 4 0.052279 0.076305 0.031929 0.000321 0.839166
4 4 0.022419 0.025403 0.016631 0.000566 0.934981
4 4 0.004226 0.060850 0.055306 0.002841 0.876778
4 4 0.028079 0.044637 0.024226 0.000419 0.902639
4 4 0.061083 0.018709 0.010883 0.000084 0.909241
4 4 0.078249 0.190292 0.058825 0.000100 0.672534
0 4 0.490204 0.111862 0.024126 0.000018 0.373790
1 4 0.204794 0.371133 0.151953 0.003000 0.269120
0 4 0.439189 0.342760 0.070734 0.000140 0.147178
0 4 0.413024 0.195766 0.031684 0.000057 0.359470
0 4 0.344909 0.292023 0.079996 0.000185 0.282887
4 4 0.145314 0.250360 0.056083 0.000005 0.548238
4 4 0.274318 0.056765 0.021695 0.000019 0.647204
4 4 0.357039 0.129123 0.032928 0.000024 0.480887
0 4 0.453010 0.077176 0.021176 0.000069 0.448569
0 4 0.422351 0.404875 0.060009 0.000011 0.112754
1 4 0.124117 0.389562 0.108959 0.000096 0.377266
4 4 0.222183 0.165011 0.044558 0.000005 0.568243
0 4 0.446080 0.164487 0.022763 0.000003 0.366666
4 4 0.202301 0.229876 0.095219 0.000506 0.472098
4 4 0.303868 0.299091 0.061708 0.000021 0.335312
4 4 0.086083 0.169571 0.130287 0.000798 0.613261
1 4 0.222107 0.522272 0.073296 0.000009 0.182315
1 4 0.268964 0.458269 0.058188 0.000001 0.214578
0 4 0.334936 0.305650 0.078404 0.000494 0.280516
1 4 0.353328 0.409637 0.083525 0.000045 0.153465
0 4 0.689920 0.225656 0.023185 0.000052 0.061186
4 4 0.360000 0.213738 0.034269 0.000010 0.391983
0 4 0.420627 0.379555 0.061163 0.000033 0.138623
0 4 0.388386 0.379702 0.131034 0.000722 0.100156
0 4 0.645158 0.271865 0.039169 0.000132 0.043676
0 4 0.417031 0.395650 0.102427 0.000085 0.084807
0 0 0.720142 0.128987 0.027885 0.000308 0.122679
0 0 0.662083 0.201760 0.054632 0.000152 0.081374
0 0 0.991645 0.003375 0.000735 0.000033 0.004212
0 0 0.991744 0.002469 0.000500 0.000015 0.005273
0 0 0.973997 0.010066 0.002715 0.000041 0.013182
0 0 0.993093 0.001408 0.000223 0.000002 0.005275
0 0 0.994854 0.002446 0.000417 0.000010 0.002273
0 0 0.985075 0.005676 0.001722 0.000116 0.007411
0 0 0.622889 0.069726 0.018601 0.000054 0.288730
0 0 0.920595 0.054129 0.006621 0.000038 0.018617
0 0 0.916544 0.063881 0.005386 0.000005 0.014184
0 0 0.799162 0.149568 0.012527 0.000005 0.038738
0 0 0.637682 0.216774 0.077200 0.000564 0.067779
0 0 0.856155 0.111956 0.016701 0.000020 0.015169
0 0 0.890278 0.081389 0.006567 0.000010 0.021757
1 1 0.432272 0.446071 0.058877 0.000032 0.062748
1 1 0.401082 0.415158 0.139399 0.000496 0.043865
1 1 0.319413 0.484595 0.136731 0.000990 0.058270
0 1 0.487275 0.325179 0.086592 0.000861 0.100093
0 1 0.686888 0.172515 0.069450 0.000406 0.070740
0 1 0.854613 0.051847 0.012903 0.000089 0.080547
1 1 0.340556 0.385226 0.146419 0.001964 0.125835
1 1 0.273352 0.442851 0.205327 0.001587 0.076883
1 1 0.141716 0.446705 0.361526 0.004669 0.045384
1 1 0.090684 0.425483 0.412826 0.002119 0.068889
1 1 0.211164 0.429031 0.291536 0.002170 0.066099
2 2 0.004264 0.124047 0.796768 0.063819 0.011102
2 2 0.003216 0.112300 0.826088 0.052034 0.006361
2 2 0.003728 0.092688 0.890811 0.007876 0.004897
2 2 0.002329 0.106443 0.871720 0.016042 0.003466
2 2 0.009046 0.186659 0.749849 0.048434 0.006012
2 2 0.002624 0.090685 0.831914 0.069149 0.005628
2 2 0.002200 0.089086 0.827682 0.080296 0.000737
2 2 0.000870 0.055799 0.866220 0.076433 0.000678
2 2 0.005739 0.117891 0.751454 0.123059 0.001858
2 2 0.005115 0.181868 0.792313 0.018999 0.001704
2 2 0.002631 0.067690 0.852616 0.075876 0.001188
2 2 0.003654 0.094985 0.884267 0.014905 0.002189
2 2 0.004012 0.107473 0.788087 0.095698 0.004730
2 2 0.002089 0.046439 0.505282 0.445178 0.001013
2 2 0.004576 0.114392 0.832188 0.046494 0.002350
2 2 0.008872 0.101769 0.785629 0.098637 0.005093
2 2 0.001971 0.073500 0.782836 0.140528 0.001165
2 2 0.001570 0.047601 0.864781 0.084763 0.001284
2 2 0.000969 0.071732 0.888970 0.037836 0.000492
2 2 0.001773 0.053949 0.672056 0.270081 0.002140
2 2 0.001769 0.072803 0.900518 0.024011 0.000899
2 2 0.000375 0.025337 0.784688 0.189376 0.000224
2 2 0.001410 0.053945 0.702892 0.241193 0.000561
2 2 0.000668 0.030336 0.827262 0.141532 0.000202
2 2 0.000428 0.022674 0.578217 0.398415 0.000266
2 2 0.000896 0.030088 0.502400 0.466229 0.000387
2 2 0.007358 0.118073 0.761646 0.108793 0.004130
2 2 0.011882 0.127405 0.818249 0.032687 0.009776
2 2 0.003743 0.079141 0.833341 0.078217 0.005559
2 2 0.001774 0.049868 0.802940 0.142935 0.002484
2 2 0.000314 0.017176 0.674192 0.308006 0.000311
2 2 0.000208 0.018727 0.899546 0.081024 0.000495
2 2 0.001862 0.042852 0.525067 0.428467 0.001752
2 2 0.006292 0.105992 0.632297 0.252694 0.002725
2 2 0.000801 0.050185 0.863881 0.083824 0.001309
2 2 0.001180 0.042310 0.859756 0.095889 0.000865
2 2 0.000324 0.015104 0.830696 0.153507 0.000369
2 2 0.004381 0.069195 0.811737 0.101379 0.013308
2 2 0.000194 0.012664 0.510265 0.476617 0.000260
2 2 0.000781 0.043384 0.791544 0.163586 0.000705
3 2 0.000578 0.018788 0.440025 0.540108 0.000501
2 2 0.002886 0.093219 0.807612 0.090079 0.006205
2 2 0.000200 0.013230 0.514825 0.471535 0.000210
3 2 0.000341 0.017905 0.471569 0.507427 0.002758
3 2 0.000082 0.004767 0.248377 0.746698 0.000076
3 3 0.000318 0.014871 0.451806 0.532636 0.000369
2 3 0.000429 0.019757 0.529999 0.449270 0.000546
3 3 0.000083 0.006403 0.371669 0.621747 0.000098
3 3 0.000395 0.015597 0.424468 0.559006 0.000533
3 3 0.000301 0.011261 0.308100 0.680154 0.000185
3 3 0.000306 0.008383 0.223864 0.767025 0.000422
3 3 0.000218 0.013379 0.490119 0.495712 0.000571
3 3 0.000227 0.009234 0.300649 0.689674 0.000216
3 3 0.000178 0.006749 0.215502 0.777484 0.000086
0 3 0.614804 0.237170 0.125890 0.001309 0.020828
2 0 0.021028 0.168193 0.647650 0.157666 0.005465
2 2 0.005876 0.106894 0.652717 0.232160 0.002353
2 2 0.003162 0.086570 0.719557 0.189478 0.001232
2 2 0.001897 0.058422 0.851264 0.087623 0.000794
2 2 0.002768 0.046932 0.527037 0.422174 0.001089
2 2 0.004999 0.087303 0.593826 0.311805 0.002067
2 2 0.001853 0.059857 0.783470 0.154126 0.000694
2 2 0.000918 0.053007 0.814750 0.130914 0.000411
2 2 0.002973 0.099687 0.804169 0.091391 0.001780
2 2 0.002080 0.068358 0.757486 0.170572 0.001504
2 2 0.000403 0.019713 0.552960 0.426356 0.000568
3 2 0.000149 0.009742 0.422395 0.567576 0.000137
3 2 0.000123 0.003201 0.101547 0.895049 0.000080
3 2 0.000531 0.009169 0.152473 0.837561 0.000266
0 2 0.395133 0.350397 0.189428 0.005638 0.059403
2 2 0.008969 0.113281 0.562008 0.302664 0.013078
2 2 0.004477 0.098807 0.766665 0.127217 0.002834
2 2 0.011127 0.118617 0.556811 0.304417 0.009027
2 2 0.011920 0.139120 0.784816 0.058097 0.006048
2 2 0.000361 0.023944 0.874160 0.101255 0.000280
2 2 0.000630 0.025026 0.546946 0.426694 0.000705
2 2 0.003063 0.073328 0.696810 0.222835 0.003964
2 2 0.004821 0.089333 0.689067 0.212000 0.004780
2 2 0.007251 0.105457 0.820719 0.061962 0.004611
2 2 0.030339 0.166951 0.716690 0.081522 0.004498
2 2 0.030066 0.178968 0.594235 0.189059 0.007673
2 2 0.036986 0.159850 0.563019 0.232386 0.007758
2 2 0.008447 0.099771 0.551775 0.336821 0.003186
2 2 0.007160 0.112030 0.723714 0.155072 0.002023
2 2 0.032267 0.151472 0.564730 0.244492 0.007038
2 2 0.047931 0.159483 0.572744 0.212077 0.007764
2 2 0.039547 0.103497 0.504420 0.347216 0.005321
2 2 0.011238 0.097842 0.584130 0.303816 0.002974
3 2 0.018724 0.080140 0.373685 0.522479 0.004971
2 2 0.021080 0.109932 0.532289 0.332004 0.004695
2 2 0.085147 0.233411 0.475578 0.187252 0.018612
3 2 0.001977 0.022651 0.209896 0.764516 0.000961
3 2 0.006609 0.065861 0.430413 0.494678 0.002439
3 2 0.003672 0.032649 0.223850 0.738058 0.001772
3 2 0.001232 0.024860 0.327301 0.646039 0.000567
3 2 0.000345 0.011546 0.281893 0.706054 0.000162
2 3 0.004824 0.049318 0.548064 0.395920 0.001875
2 2 0.053984 0.368700 0.490390 0.064694 0.022232
2 2 0.003950 0.074257 0.641567 0.273356 0.006870
2 2 0.000393 0.022189 0.733426 0.242284 0.001708
2 2 0.000641 0.027556 0.741266 0.228534 0.002003
2 2 0.000741 0.028985 0.731678 0.235334 0.003261
2 2 0.000207 0.017317 0.646453 0.334813 0.001210
2 2 0.001222 0.035484 0.662840 0.298409 0.002044
3 2 0.000272 0.012536 0.409251 0.577587 0.000354
3 2 0.000136 0.008606 0.408774 0.582259 0.000225
2 2 0.000045 0.006242 0.552835 0.440721 0.000157
3 2 0.000456 0.014043 0.347869 0.636750 0.000881
3 2 0.000149 0.007776 0.326047 0.665853 0.000176
3 2 0.000390 0.012223 0.310476 0.676432 0.000478
3 2 0.000099 0.005062 0.256851 0.737796 0.000193
3 2 0.000059 0.003432 0.212256 0.784149 0.000103
3 2 0.000097 0.006299 0.335764 0.657619 0.000221
3 3 0.000040 0.002243 0.153692 0.843964 0.000061
3 3 0.000601 0.019694 0.392750 0.585745 0.001209
3 3 0.000054 0.002775 0.153398 0.843732 0.000041
3 3 0.000016 0.000935 0.078488 0.920549 0.000012
3 3 0.000174 0.006306 0.206733 0.786672 0.000115
3 3 0.000050 0.001162 0.044248 0.954511 0.000028
3 3 0.000008 0.000724 0.093445 0.905814 0.000009
3 3 0.000068 0.003000 0.140695 0.856199 0.000038
3 3 0.000036 0.001685 0.099898 0.898357 0.000024
3 3 0.000062 0.002205 0.099734 0.897950 0.000049
3 3 0.000031 0.001467 0.098562 0.899896 0.000044
3 3 0.000024 0.001967 0.178477 0.819506 0.000026
3 3 0.000073 0.003239 0.153711 0.842919 0.000057
3 3 0.000017 0.000754 0.057150 0.942064 0.000016
3 3 0.000035 0.001515 0.092470 0.905940 0.000040
3 3 0.000017 0.000800 0.056936 0.942237 0.000009
3 3 0.000010 0.000547 0.048285 0.951151 0.000006
3 3 0.000041 0.001103 0.048082 0.950750 0.000024
3 3 0.000012 0.000581 0.048928 0.950468 0.000011
3 3 0.000501 0.009568 0.174239 0.815359 0.000333
3 3 0.000197 0.004197 0.103325 0.892179 0.000102
3 3 0.000119 0.001921 0.048666 0.949228 0.000066
3 3 0.000804 0.008397 0.117422 0.873029 0.000348
3 3 0.000280 0.003848 0.070653 0.925068 0.000151
2 3 0.014095 0.142070 0.547923 0.290062 0.005849
3 2 0.002432 0.038889 0.369962 0.587616 0.001102
3 2 0.000773 0.024313 0.428729 0.545843 0.000342
1 2 0.260807 0.424778 0.257590 0.009371 0.047453
2 2 0.018078 0.148522 0.674563 0.143490 0.015347
2 2 0.090813 0.196079 0.516572 0.136635 0.059901
2 2 0.013371 0.210798 0.649916 0.080859 0.045057
2 2 0.009951 0.185820 0.730112 0.058721 0.015397
2 2 0.024111 0.275984 0.559399 0.106062 0.034444
2 2 0.001289 0.076248 0.821005 0.091395 0.010063
2 0 0.013337 0.130321 0.840095 0.006587 0.009659
0 0 0.562763 0.316596 0.093020 0.000323 0.027297
1 2 0.304963 0.459025 0.187152 0.003050 0.045810
1 2 0.143337 0.454307 0.192002 0.001201 0.209153
4 2 0.165889 0.032407 0.011010 0.000069 0.790626
4 4 0.041037 0.015115 0.006069 0.000009 0.937770
4 4 0.272595 0.080966 0.027064 0.000039 0.619337
4 4 0.277237 0.019797 0.005088 0.000011 0.697867
4 4 0.275162 0.126638 0.036955 0.000040 0.561206
4 4 0.409489 0.091610 0.046744 0.000223 0.451934
4 4 0.235584 0.040978 0.017250 0.000011 0.706178
4 4 0.479916 0.012138 0.004236 0.000009 0.503701
4 4 0.178911 0.020452 0.004357 0.000001 0.796278
4 4 0.213902 0.009766 0.005493 0.000011 0.770828
4 4 0.215259 0.022479 0.008388 0.000013 0.753861
0 4 0.453453 0.192168 0.023636 0.000016 0.330726
4 4 0.066650 0.025703 0.008925 0.000007 0.898715
4 4 0.297284 0.086505 0.023274 0.000005 0.592932
4 4 0.331021 0.008795 0.002203 0.000001 0.657979
0 4 0.404041 0.306613 0.033932 0.000008 0.255406
4 4 0.170663 0.294889 0.049450 0.000019 0.484979
4 4 0.188305 0.332647 0.091607 0.000095 0.387346
4 4 0.175951 0.262674 0.050546 0.000004 0.510825
1 4 0.209547 0.395334 0.134742 0.000086 0.260291
4 4 0.137042 0.297894 0.073443 0.000022 0.491599
4 4 0.138841 0.200646 0.068151 0.000256 0.592106
1 4 0.108841 0.442038 0.118246 0.000018 0.330858
1 4 0.315630 0.368242 0.083010 0.000011 0.233108
4 4 0.277936 0.064360 0.023478 0.000016 0.634211
1 4 0.248664 0.334748 0.108935 0.000135 0.307517
4 4 0.174225 0.272004 0.079195 0.000127 0.474449
4 4 0.145068 0.300019 0.108900 0.000095 0.445918
1 4 0.166801 0.363799 0.133320 0.001546 0.334534
1 4 0.233877 0.404135 0.132297 0.000143 0.229548
0 4 0.541768 0.188581 0.041943 0.000061 0.227647
4 4 0.349144 0.061986 0.026217 0.000030 0.562622
4 4 0.164075 0.084560 0.015792 0.000006 0.735566
1 4 0.214081 0.366224 0.164034 0.003218 0.252443
0 4 0.614413 0.130354 0.019072 0.000004 0.236157
4 4 0.303622 0.162171 0.040319 0.000012 0.493876
0 4 0.480738 0.192362 0.036368 0.000005 0.290527
4 4 0.431328 0.048997 0.008103 0.000006 0.511566
4 4 0.360758 0.109039 0.022696 0.000009 0.507498
4 4 0.291897 0.299941 0.084796 0.000014 0.323351
0 4 0.534840 0.246153 0.025699 0.000005 0.193303
1 4 0.293964 0.441635 0.057669 0.000000 0.206731
1 4 0.183334 0.482701 0.179458 0.001131 0.153376
0 4 0.522136 0.290391 0.099320 0.000602 0.087551
1 4 0.283240 0.533322 0.064944 0.000061 0.118433
0 4 0.678720 0.255522 0.041257 0.000042 0.024459
1 4 0.349826 0.350241 0.072767 0.000025 0.227142
0 4 0.872588 0.047180 0.006684 0.000015 0.073533
0 4 0.763905 0.121465 0.013190 0.000010 0.101430
0 4 0.793065 0.101557 0.008427 0.000016 0.096936
0 4 0.404273 0.343204 0.083718 0.000033 0.168773
0 4 0.598692 0.188966 0.053457 0.000104 0.158781
4 4 0.295532 0.295765 0.097586 0.000793 0.310324
1 4 0.264195 0.436715 0.114522 0.000378 0.184189
0 4 0.585485 0.284219 0.057615 0.000278 0.072403
0 4 0.441395 0.341232 0.051853 0.000027 0.165493
0 4 0.461651 0.274244 0.081804 0.000398 0.181904
0 4 0.512385 0.262954 0.039930 0.000110 0.184621
4 4 0.099322 0.321377 0.166666 0.007503 0.405132
4 4 0.078906 0.353043 0.110724 0.000866 0.456460
4 4 0.050299 0.309015 0.121941 0.007354 0.511390
1 4 0.022011 0.454171 0.274935 0.003315 0.245568
2 4 0.037636 0.322675 0.458339 0.037033 0.144316
2 4 0.012614 0.284964 0.494634 0.024072 0.183716
1 4 0.019729 0.394547 0.205678 0.003278 0.376767
2 4 0.003009 0.209521 0.694398 0.009850 0.083223
1 4 0.088660 0.505281 0.207235 0.004207 0.194618
2 4 0.009437 0.285359 0.577110 0.010506 0.117587
2 2 0.021059 0.299689 0.579114 0.026788 0.073350
2 2 0.019096 0.275706 0.654062 0.009418 0.041717
1 2 0.084316 0.398047 0.375776 0.009878 0.131983
2 2 0.026627 0.319402 0.558827 0.001019 0.094124
1 2 0.342424 0.426929 0.151893 0.001372 0.077382
2 2 0.050687 0.350614 0.556726 0.010336 0.031638
2 2 0.041536 0.329843 0.588906 0.007599 0.032116
2 2 0.009259 0.118272 0.857917 0.007020 0.007533
2 2 0.106719 0.361470 0.453554 0.017588 0.060669
0 0 0.482845 0.069738 0.046664 0.000991 0.399761
0 0 0.885513 0.086415 0.009422 0.000004 0.018645
0 1 0.709646 0.214581 0.042751 0.000074 0.032948
0 1 0.588319 0.298398 0.081727 0.000384 0.031172
0 1 0.528174 0.306804 0.132253 0.001645 0.031124
0 1 0.481715 0.322272 0.149575 0.003543 0.042897
0 4 0.541582 0.309372 0.075962 0.000105 0.072978
0 4 0.536817 0.299882 0.086965 0.000235 0.076100
0 4 0.517749 0.309766 0.107475 0.000563 0.064447
1 4 0.268184 0.338242 0.161178 0.007308 0.225089
2 4 0.127475 0.320789 0.483271 0.024523 0.043943
0 4 0.326836 0.324375 0.214300 0.001626 0.132863
1 4 0.239181 0.345494 0.268238 0.004888 0.142199
2 4 0.101791 0.324460 0.512309 0.005895 0.055546
2 4 0.038451 0.233730 0.661708 0.016553 0.049558
1 4 0.039208 0.418367 0.402712 0.000898 0.138815
1 2 0.330172 0.409774 0.148617 0.000493 0.110943
4 2 0.218180 0.320832 0.137178 0.000341 0.323469
0 2 0.595774 0.301516 0.061929 0.000008 0.040773
0 2 0.399620 0.326683 0.134933 0.000810 0.137953
1 2 0.228994 0.445596 0.189747 0.000472 0.135193
1 2 0.163285 0.436788 0.248059 0.000644 0.151224
1 2 0.120895 0.462344 0.127918 0.001163 0.287680
4 2 0.263352 0.215516 0.090813 0.000293 0.430026
0 0 0.759090 0.152838 0.037555 0.000241 0.050276
0 0 0.425417 0.343799 0.102707 0.000176 0.127901
0 0 0.928270 0.055275 0.003989 0.000002 0.012463
0 0 0.732579 0.232713 0.020648 0.000002 0.014058
0 1 0.579463 0.273678 0.061026 0.000152 0.085681
0 1 0.446623 0.384557 0.092746 0.001417 0.074658
0 2 0.552475 0.157610 0.063461 0.000863 0.225591
0 2 0.703375 0.194903 0.031088 0.000094 0.070540
4 2 0.321297 0.166149 0.078718 0.001535 0.432301
2 2 0.098273 0.269480 0.482836 0.011168 0.138243
2 2 0.014727 0.188533 0.736825 0.018879 0.041036
2 2 0.004261 0.121961 0.861215 0.002888 0.009675
2 2 0.000478 0.035944 0.948159 0.013092 0.002327
2 2 0.001986 0.064229 0.923297 0.001859 0.008629
2 2 0.000980 0.066965 0.924667 0.003925 0.003463
2 2 0.005459 0.086234 0.900556 0.003258 0.004493
2 2 0.000287 0.012583 0.885633 0.101345 0.000152
2 2 0.001610 0.056051 0.933733 0.004857 0.003749
2 2 0.001086 0.082992 0.906751 0.003955 0.005216
2 2 0.001362 0.022280 0.955577 0.019422 0.001359
2 2 0.002480 0.065046 0.923634 0.006218 0.002623
2 2 0.001533 0.065907 0.910315 0.019723 0.002522
2 2 0.000218 0.017551 0.938229 0.043735 0.000267
2 2 0.001812 0.055030 0.867343 0.074349 0.001466
2 2 0.000532 0.025703 0.955753 0.017475 0.000537
2 2 0.006947 0.125654 0.837156 0.024781 0.005462
2 2 0.003494 0.116678 0.852172 0.025041 0.002615
2 2 0.001738 0.050317 0.895188 0.051774 0.000983
2 2 0.000127 0.009145 0.869876 0.120819 0.000033
2 2 0.003927 0.112683 0.870287 0.009011 0.004092
2 2 0.001724 0.045452 0.819756 0.132616 0.000452
2 2 0.000836 0.048352 0.910672 0.039028 0.001113
2 2 0.002693 0.090594 0.873208 0.032291 0.001215
2 2 0.000721 0.042642 0.792458 0.163730 0.000448
2 2 0.002948 0.067217 0.886252 0.042399 0.001184
2 2 0.001387 0.066849 0.808412 0.122837 0.000515
2 2 0.001368 0.053949 0.876140 0.067912 0.000632
2 2 0.001845 0.031994 0.867233 0.098393 0.000535
2 2 0.000175 0.016117 0.630633 0.353002 0.000072
2 2 0.009132 0.120439 0.817615 0.049759 0.003054
2 2 0.000145 0.016654 0.859811 0.123273 0.000118
2 2 0.000664 0.032759 0.643281 0.323023 0.000272
2 2 0.001541 0.059367 0.744458 0.193770 0.000864
2 2 0.000317 0.023225 0.768076 0.208192 0.000189
2 2 0.001826 0.078262 0.837762 0.080261 0.001889
2 2 0.001089 0.045335 0.762782 0.190145 0.000650
2 2 0.000116 0.017310 0.915903 0.066611 0.000059
2 2 0.000616 0.040784 0.805792 0.152437 0.000370
3 2 0.000313 0.013338 0.361871 0.624336 0.000142
1 2 0.238147 0.511909 0.201699 0.003043 0.045202
2 2 0.013385 0.160508 0.680087 0.124414 0.021605
2 2 0.002357 0.086792 0.886652 0.018083 0.006116
2 2 0.002803 0.074802 0.877918 0.032517 0.011960
2 2 0.004695 0.059267 0.841790 0.087062 0.007186
2 2 0.000870 0.055218 0.893184 0.049080 0.001647
2 2 0.009433 0.062096 0.895328 0.022736 0.010407
2 2 0.001681 0.071797 0.877086 0.044107 0.005329
2 2 0.003253 0.077710 0.879802 0.028654 0.010581
2 2 0.015385 0.104782 0.832040 0.034180 0.013613
2 2 0.000767 0.044846 0.810506 0.140375 0.003507
2 2 0.001681 0.052224 0.863499 0.077188 0.005407
2 2 0.006057 0.055224 0.843475 0.088477 0.006767
2 2 0.000675 0.040282 0.825800 0.131567 0.001676
2 2 0.001089 0.040107 0.667184 0.289024 0.002597
2 2 0.002104 0.085435 0.847564 0.057530 0.007368
2 2 0.000659 0.031310 0.803910 0.158284 0.005838
2 2 0.003377 0.076564 0.874803 0.037591 0.007664
2 2 0.000258 0.029835 0.928375 0.039003 0.002529
2 2 0.002684 0.088418 0.824585 0.077407 0.006907
2 2 0.001791 0.075552 0.870532 0.049119 0.003007
2 2 0.005611 0.097838 0.769807 0.116739 0.010005
2 2 0.053408 0.185622 0.550980 0.199739 0.010251
2 2 0.044000 0.185855 0.723283 0.009404 0.037459
2 2 0.006265 0.117516 0.715701 0.156018 0.004501
2 2 0.001519 0.034179 0.896934 0.064915 0.002453
2 2 0.002884 0.070341 0.920851 0.001705 0.004218
2 2 0.001562 0.041185 0.855610 0.100019 0.001624
2 2 0.009769 0.151040 0.788393 0.030338 0.020460
2 2 0.001512 0.054355 0.933804 0.007597 0.002732
2 2 0.002084 0.076097 0.910299 0.008720 0.002800
2 2 0.000286 0.025419 0.905210 0.068301 0.000783
2 2 0.006477 0.054136 0.926672 0.007351 0.005364
2 2 0.000146 0.006361 0.793362 0.200004 0.000127
2 2 0.002519 0.095634 0.873186 0.023126 0.005535
2 2 0.000626 0.025036 0.964743 0.008150 0.001445
2 2 0.000371 0.016751 0.948640 0.033912 0.000327
2 2 0.000287 0.020444 0.870997 0.107639 0.000633
2 2 0.001049 0.015841 0.822222 0.160329 0.000560
2 2 0.001705 0.061653 0.846483 0.087082 0.003078
2 2 0.000194 0.014972 0.633348 0.351100 0.000385
2 2 0.002833 0.056689 0.871665 0.067339 0.001474
2 2 0.004191 0.093566 0.795174 0.102194 0.004876
2 2 0.000829 0.060667 0.921929 0.005802 0.010774
2 2 0.001053 0.041664 0.877685 0.077303 0.002295
2 2 0.006886 0.120182 0.814397 0.044517 0.014018
2 2 0.000915 0.051343 0.872575 0.071596 0.003571
2 2 0.001960 0.106502 0.869756 0.013432 0.008350
2 2 0.000337 0.021300 0.762993 0.214138 0.001232
