0 0 0.984475 0.011305 0.002349 0.000017 0.001853
0 0 0.802250 0.136908 0.045881 0.000519 0.014442
0 0 0.913013 0.061699 0.020335 0.000182 0.004771
0 0 0.989374 0.007621 0.001501 0.000013 0.001491
0 0 0.992545 0.005274 0.000855 0.000004 0.001322
0 0 0.987623 0.007708 0.001008 0.000002 0.003659
0 0 0.993277 0.004897 0.000878 0.000007 0.000941
0 0 0.997065 0.002199 0.000381 0.000003 0.000352
0 0 0.997235 0.001890 0.000380 0.000005 0.000490
0 0 0.996617 0.002056 0.000330 0.000002 0.000996
0 0 0.982168 0.012084 0.002018 0.000010 0.003720
0 0 0.817952 0.095050 0.014242 0.000017 0.072739
0 0 0.825809 0.116685 0.026861 0.000097 0.030547
0 0 0.482067 0.339603 0.100074 0.000512 0.077744
1 0 0.325644 0.431388 0.132670 0.000732 0.109566
0 0 0.515600 0.319268 0.134460 0.000417 0.030256
0 0 0.916285 0.058465 0.019540 0.000609 0.005101
0 0 0.980399 0.013574 0.003743 0.000163 0.002121
0 0 0.977223 0.015895 0.004675 0.000200 0.002007
0 0 0.996083 0.001920 0.000333 0.000002 0.001661
0 0 0.989475 0.003687 0.000485 0.000001 0.006352
0 0 0.819047 0.073280 0.010632 0.000008 0.097033
0 0 0.864442 0.079514 0.014600 0.000044 0.041399
0 0 0.955680 0.031091 0.006544 0.000032 0.006654
0 1 0.988283 0.007977 0.001250 0.000005 0.002486
0 1 0.595608 0.223052 0.039742 0.000029 0.141569
0 1 0.557962 0.265319 0.054867 0.000054 0.121799
1 1 0.259443 0.372843 0.077311 0.000075 0.290328
1 0 0.200876 0.402519 0.070317 0.000003 0.326285
0 0 0.426116 0.299328 0.081484 0.000243 0.192829
0 0 0.992899 0.004979 0.000783 0.000003 0.001335
0 0 0.983658 0.011131 0.001856 0.000009 0.003346
0 0 0.987902 0.006912 0.000814 0.000001 0.004370
0 0 0.977897 0.014889 0.002545 0.000014 0.004656
0 0 0.946261 0.026876 0.003168 0.000002 0.023693
0 1 0.888667 0.065369 0.010926 0.000033 0.035006
0 1 0.410500 0.368296 0.094663 0.000250 0.126291
0 1 0.548058 0.277877 0.060043 0.000058 0.113964
1 1 0.334366 0.413249 0.106710 0.000172 0.145503
1 2 0.036594 0.456757 0.438645 0.002926 0.065079
1 2 0.058196 0.435754 0.430488 0.011349 0.064214
1 2 0.057291 0.462718 0.409774 0.004458 0.065759
1 2 0.170213 0.525185 0.180511 0.000767 0.123324
2 2 0.086342 0.425027 0.437926 0.002619 0.048087
1 2 0.156523 0.439824 0.326276 0.002021 0.075356
2 2 0.029773 0.343918 0.584532 0.008137 0.033640
2 2 0.088747 0.376769 0.489033 0.006192 0.039259
2 2 0.060059 0.347760 0.545025 0.003427 0.043729
2 2 0.018155 0.199879 0.763497 0.006760 0.011710
2 2 0.128454 0.395630 0.417315 0.015542 0.043058
2 2 0.005922 0.100054 0.876984 0.012535 0.004506
2 2 0.005251 0.135337 0.848629 0.003950 0.006833
2 2 0.011761 0.096830 0.858722 0.028941 0.003746
2 2 0.012095 0.104206 0.848107 0.031228 0.004364
2 0 0.049754 0.220547 0.706318 0.012162 0.011218
0 1 0.598214 0.264418 0.080254 0.001329 0.055785
1 2 0.158026 0.510361 0.155506 0.000654 0.175454
2 2 0.062245 0.334293 0.500377 0.020505 0.082580
1 2 0.178678 0.466872 0.260914 0.001426 0.092110
2 2 0.016656 0.141747 0.817498 0.017145 0.006954
2 2 0.034069 0.266320 0.667972 0.007014 0.024626
2 1 0.050227 0.306332 0.579569 0.011057 0.052815
2 2 0.075841 0.340237 0.529230 0.018254 0.036438
2 1 0.016281 0.300694 0.648658 0.004382 0.029985
0 2 0.567765 0.235104 0.151782 0.002449 0.042901
4 2 0.150697 0.270591 0.078466 0.000273 0.499974
2 2 0.045194 0.210576 0.670706 0.046270 0.027253
2 2 0.007000 0.217018 0.744789 0.000096 0.031097
1 2 0.158774 0.379160 0.372380 0.011525 0.078161
2 2 0.017443 0.324500 0.615710 0.007676 0.034671
2 2 0.014072 0.152108 0.796402 0.028769 0.008649
2 2 0.053436 0.330730 0.562846 0.020126 0.032862
2 2 0.027617 0.245151 0.684185 0.024646 0.018401
2 2 0.006842 0.161038 0.817922 0.005057 0.009140
2 2 0.044876 0.201226 0.693575 0.025557 0.034765
1 2 0.072935 0.458453 0.400125 0.004868 0.063618
2 1 0.010185 0.143565 0.833873 0.004502 0.007876
2 2 0.001320 0.048217 0.940159 0.008387 0.001917
2 2 0.014317 0.191306 0.770972 0.012040 0.011365
2 2 0.016496 0.238872 0.718404 0.009811 0.016418
2 2 0.008540 0.107265 0.865253 0.014409 0.004534
2 2 0.016034 0.099621 0.828870 0.051503 0.003972
2 2 0.025416 0.213990 0.715919 0.028768 0.015907
2 2 0.011201 0.129604 0.836907 0.016238 0.006050
2 2 0.054649 0.342285 0.567479 0.004108 0.031479
2 2 0.029433 0.093138 0.758352 0.115743 0.003334
2 2 0.042029 0.185080 0.694250 0.068082 0.010559
2 2 0.005484 0.080393 0.895432 0.015532 0.003159
2 2 0.013997 0.058631 0.779360 0.146036 0.001976
2 2 0.018477 0.045961 0.652583 0.281175 0.001804
1 2 0.051418 0.448101 0.394471 0.005160 0.100851
2 2 0.002421 0.054934 0.925796 0.014722 0.002127
2 2 0.003433 0.087890 0.896785 0.007533 0.004359
2 1 0.020766 0.101180 0.789120 0.084758 0.004176
2 2 0.048395 0.279843 0.627972 0.023596 0.020195
2 2 0.030784 0.138776 0.752278 0.071512 0.006650
2 2 0.016296 0.092247 0.777307 0.109562 0.004588
2 2 0.029254 0.157922 0.724590 0.079438 0.008795
2 2 0.024085 0.160895 0.743153 0.062557 0.009310
2 2 0.009732 0.067121 0.861586 0.059223 0.002338
2 1 0.024561 0.133596 0.790843 0.045216 0.005783
2 2 0.020912 0.114551 0.807710 0.052127 0.004700
2 2 0.012519 0.153547 0.798605 0.026237 0.009091
2 2 0.018349 0.103689 0.787354 0.085958 0.004650
2 2 0.003314 0.092302 0.893519 0.006538 0.004326
2 2 0.005936 0.028489 0.839405 0.125500 0.000670
2 2 0.020317 0.089247 0.805351 0.081841 0.003245
2 2 0.014035 0.135133 0.816588 0.027524 0.006719
2 2 0.007752 0.070942 0.890669 0.028222 0.002414
2 2 0.013415 0.080850 0.838375 0.064364 0.002997
2 2 0.015844 0.064552 0.762289 0.155005 0.002310
2 2 0.010854 0.065317 0.846838 0.074747 0.002243
2 2 0.013454 0.047565 0.782436 0.155185 0.001359
2 2 0.018302 0.112848 0.784644 0.078814 0.005392
2 2 0.024509 0.209539 0.691468 0.058092 0.016391
2 2 0.021610 0.144040 0.801257 0.025036 0.008058
2 2 0.010757 0.084733 0.831641 0.069171 0.003699
2 2 0.019696 0.144773 0.797387 0.031277 0.006868
2 2 0.006727 0.070935 0.879635 0.039913 0.002790
2 2 0.008264 0.120411 0.852148 0.013452 0.005724
2 2 0.025751 0.191135 0.761451 0.011084 0.010579
2 2 0.063240 0.412736 0.462521 0.003951 0.057551
2 2 0.002552 0.028632 0.928141 0.039945 0.000730
2 2 0.040821 0.210406 0.674061 0.061634 0.013079
2 2 0.008497 0.085840 0.877219 0.025149 0.003296
2 2 0.016802 0.094770 0.821371 0.063345 0.003712
2 2 0.022621 0.139531 0.766206 0.064463 0.007179
2 2 0.012944 0.166442 0.794264 0.016789 0.009562
2 2 0.008693 0.057626 0.901681 0.030451 0.001549
2 2 0.022441 0.158987 0.776343 0.034188 0.008041
2 2 0.069141 0.345550 0.554375 0.001708 0.029225
2 2 0.074676 0.152520 0.741820 0.023439 0.007544
2 2 0.026166 0.129839 0.794436 0.043128 0.006431
2 2 0.014807 0.157798 0.800686 0.018469 0.008239
2 2 0.033202 0.134254 0.793202 0.034537 0.004806
2 1 0.024014 0.201154 0.737589 0.024687 0.012555
1 2 0.075219 0.439148 0.412531 0.001531 0.071570
2 2 0.005262 0.083236 0.903748 0.004789 0.002965
2 2 0.021811 0.409524 0.518682 0.002275 0.047707
2 2 0.010015 0.088094 0.872179 0.025718 0.003994
2 2 0.077233 0.341428 0.529029 0.023785 0.028526
2 2 0.031575 0.270316 0.671120 0.010502 0.016487
2 2 0.024295 0.379040 0.560202 0.001024 0.035440
2 2 0.011104 0.131976 0.831748 0.018670 0.006502
2 2 0.006757 0.127178 0.857371 0.002339 0.006354
2 0 0.065971 0.231132 0.669167 0.011649 0.022082
0 1 0.950431 0.034937 0.010055 0.000432 0.004146
0 1 0.689251 0.201517 0.054057 0.000976 0.054199
1 1 0.345530 0.411542 0.131084 0.002605 0.109238
1 2 0.243598 0.468219 0.156089 0.003219 0.128875
2 0 0.037672 0.431592 0.463613 0.004908 0.062215
1 0 0.390981 0.405383 0.130304 0.000312 0.073020
0 0 0.931690 0.042417 0.008783 0.000090 0.017019
0 0 0.980632 0.013139 0.003396 0.000109 0.002724
0 1 0.713647 0.174931 0.035801 0.000091 0.075529
0 1 0.580607 0.272295 0.064554 0.000065 0.082479
1 0 0.261016 0.458917 0.123467 0.000160 0.156440
0 0 0.510711 0.326216 0.083303 0.000043 0.079727
0 1 0.413896 0.390080 0.135578 0.000684 0.059762
1 1 0.092422 0.564833 0.214168 0.000955 0.127623
2 1 0.024447 0.243964 0.686934 0.026507 0.018148
2 1 0.044150 0.338836 0.577004 0.014206 0.025804
1 1 0.186396 0.436101 0.348321 0.001256 0.027926
1 1 0.261258 0.371092 0.327898 0.004214 0.035539
2 1 0.017206 0.133134 0.841693 0.003432 0.004536
2 1 0.050857 0.293699 0.638793 0.000324 0.016327
1 1 0.135913 0.483759 0.334574 0.000176 0.045578
2 1 0.028641 0.310995 0.636952 0.003070 0.020342
2 2 0.035769 0.297070 0.648602 0.000380 0.018178
2 2 0.057145 0.394752 0.519205 0.000459 0.028439
2 1 0.022644 0.320983 0.632586 0.000584 0.023203
2 1 0.014539 0.079799 0.890847 0.012881 0.001933
2 0 0.025866 0.370583 0.577609 0.000064 0.025878
0 1 0.609068 0.229620 0.147772 0.000752 0.012787
1 0 0.307795 0.380463 0.267696 0.001343 0.042703
0 1 0.529980 0.315671 0.113116 0.000933 0.040300
1 1 0.198138 0.515861 0.219928 0.001653 0.064420
2 1 0.055893 0.387302 0.514537 0.009239 0.033029
1 1 0.313389 0.438326 0.201930 0.001095 0.045260
1 1 0.342944 0.426056 0.181425 0.003120 0.046455
1 1 0.197112 0.425317 0.331973 0.004895 0.040704
1 0 0.118976 0.428680 0.425612 0.000299 0.026433
0 0 0.957114 0.030045 0.009462 0.000405 0.002974
0 0 0.977410 0.011702 0.003157 0.000102 0.007629
0 0 0.997162 0.002051 0.000340 0.000002 0.000445
0 0 0.981541 0.011811 0.003955 0.000377 0.002315
0 0 0.878841 0.069268 0.029854 0.006582 0.015455
0 0 0.883292 0.054160 0.006520 0.000003 0.056024
0 0 0.988539 0.007127 0.000940 0.000001 0.003392
0 0 0.939170 0.041060 0.012759 0.000818 0.006193
0 0 0.854622 0.098698 0.027890 0.000928 0.017862
0 4 0.927875 0.049250 0.009843 0.000021 0.013012
0 4 0.875159 0.044917 0.004386 0.000001 0.075536
0 4 0.639365 0.197378 0.034566 0.000033 0.128657
4 4 0.165709 0.086346 0.013128 0.000002 0.734815
4 4 0.308341 0.101406 0.018443 0.000017 0.571793
4 4 0.461572 0.059516 0.009151 0.000016 0.469746
4 4 0.309569 0.114605 0.024112 0.000073 0.551641
1 4 0.251454 0.376865 0.096763 0.000095 0.274824
4 4 0.099723 0.311057 0.101006 0.000099 0.488116
4 4 0.164068 0.281228 0.083283 0.000485 0.470936
4 4 0.174919 0.190145 0.035471 0.000007 0.599458
4 4 0.075704 0.075684 0.016056 0.000003 0.832552
4 4 0.061339 0.016743 0.003795 0.000022 0.918101
4 4 0.359206 0.078122 0.018358 0.000132 0.544181
0 4 0.511023 0.224655 0.069841 0.001395 0.193086
0 4 0.723008 0.065048 0.015439 0.000085 0.196421
4 4 0.253176 0.074438 0.014121 0.000018 0.658247
4 4 0.349114 0.119026 0.044622 0.003061 0.484177
0 1 0.703716 0.038342 0.007272 0.000033 0.250637
0 4 0.740135 0.177825 0.045990 0.000090 0.035961
4 4 0.246062 0.030520 0.007133 0.000058 0.716226
4 4 0.339886 0.078849 0.022894 0.000520 0.557850
4 4 0.265119 0.116037 0.033684 0.000757 0.584402
4 4 0.303150 0.064001 0.013405 0.000071 0.619373
1 4 0.222272 0.486154 0.162697 0.000629 0.128248
4 4 0.123478 0.284262 0.059600 0.000003 0.532658
4 4 0.117070 0.348867 0.080081 0.000006 0.453977
4 4 0.102104 0.080604 0.016168 0.000005 0.801119
1 4 0.088061 0.453093 0.142304 0.000050 0.316491
1 4 0.141537 0.519759 0.148469 0.000183 0.190053
1 4 0.108611 0.435766 0.135498 0.000112 0.320013
1 4 0.092178 0.520464 0.154595 0.000038 0.232726
1 4 0.068658 0.404600 0.137637 0.000041 0.389064
1 2 0.102669 0.535366 0.174364 0.000196 0.187405
2 2 0.007819 0.253584 0.713330 0.001933 0.023334
2 1 0.024481 0.306179 0.636957 0.000380 0.032003
1 2 0.118892 0.415592 0.411727 0.005980 0.047809
2 2 0.020653 0.404340 0.524956 0.001475 0.048576
2 2 0.006268 0.197259 0.776021 0.000381 0.020071
1 2 0.213801 0.499576 0.200524 0.003719 0.082380
2 2 0.006693 0.231390 0.740743 0.000882 0.020292
2 2 0.023800 0.313833 0.629427 0.000241 0.032700
2 2 0.013253 0.176366 0.793895 0.006818 0.009669
2 2 0.009479 0.128599 0.848805 0.007131 0.005987
2 2 0.012801 0.241487 0.723988 0.000197 0.021527
2 2 0.005653 0.151999 0.827719 0.000606 0.014023
2 2 0.015098 0.126413 0.837102 0.016343 0.005044
2 2 0.018272 0.427718 0.503674 0.000647 0.049690
2 2 0.005805 0.097505 0.885429 0.007408 0.003852
2 1 0.007153 0.151481 0.830519 0.003533 0.007314
2 1 0.011098 0.163916 0.811199 0.003907 0.009879
2 2 0.048617 0.235471 0.680437 0.017529 0.017946
2 2 0.010503 0.157923 0.819135 0.002892 0.009548
2 2 0.014607 0.184760 0.777302 0.012733 0.010598
2 2 0.063593 0.345759 0.544890 0.017843 0.027915
2 2 0.010288 0.273714 0.689909 0.000466 0.025623
2 2 0.007606 0.103299 0.863341 0.020942 0.004812
2 1 0.014641 0.118970 0.837310 0.024142 0.004937
2 2 0.123795 0.376281 0.444506 0.014509 0.040909
2 2 0.012522 0.198526 0.763923 0.011992 0.013037
2 2 0.015798 0.227991 0.736533 0.006064 0.013614
2 2 0.007999 0.126884 0.854666 0.004523 0.005927
2 2 0.010147 0.110108 0.860529 0.014767 0.004449
2 2 0.014595 0.144983 0.827192 0.006657 0.006573
2 2 0.011597 0.164300 0.802710 0.012276 0.009117
2 1 0.024385 0.165456 0.733740 0.066441 0.009978
2 2 0.018281 0.177981 0.780706 0.013974 0.009059
2 2 0.026576 0.242674 0.711347 0.005763 0.013640
2 2 0.033079 0.154978 0.761824 0.041876 0.008242
2 2 0.025139 0.139340 0.786313 0.043042 0.006166
2 2 0.009868 0.149523 0.824522 0.008622 0.007465
2 2 0.010074 0.149523 0.821060 0.011471 0.007872
2 2 0.009422 0.128818 0.853409 0.002936 0.005415
2 2 0.013420 0.082851 0.883737 0.017678 0.002314
2 2 0.012759 0.071569 0.855475 0.057857 0.002340
2 2 0.011381 0.123396 0.834292 0.024940 0.005990
2 2 0.017514 0.154446 0.774354 0.044675 0.009012
2 2 0.013944 0.163825 0.777402 0.034270 0.010559
2 2 0.020472 0.093152 0.793322 0.089441 0.003613
2 2 0.088135 0.296909 0.583239 0.007074 0.024643
2 2 0.013273 0.123225 0.827105 0.030549 0.005848
2 2 0.011726 0.065359 0.794729 0.125664 0.002523
2 2 0.013717 0.077192 0.805463 0.100567 0.003061
2 0 0.032172 0.071965 0.799589 0.094470 0.001804
2 1 0.193700 0.125795 0.540370 0.136836 0.003300
1 1 0.143956 0.403519 0.377148 0.021304 0.054073
2 2 0.050605 0.268691 0.648490 0.013683 0.018531
2 0 0.026500 0.119221 0.795348 0.054284 0.004646
0 1 0.584457 0.181409 0.196044 0.022368 0.015723
1 2 0.327083 0.427482 0.147228 0.003461 0.094746
1 2 0.180478 0.483664 0.244162 0.011295 0.080401
2 1 0.073391 0.286686 0.549993 0.065877 0.024054
2 2 0.162101 0.374904 0.425028 0.001216 0.036751
2 1 0.070906 0.341541 0.509368 0.048463 0.029722
2 2 0.068712 0.290434 0.586222 0.035790 0.018842
2 1 0.039930 0.213674 0.688773 0.045061 0.012561
1 2 0.317457 0.390101 0.254115 0.003559 0.034768
2 1 0.029008 0.187644 0.734054 0.038796 0.010498
2 1 0.063094 0.161574 0.734143 0.035743 0.005446
1 2 0.102206 0.446937 0.396508 0.008034 0.046316
2 1 0.021681 0.235559 0.717570 0.008341 0.016849
2 1 0.017045 0.170291 0.803541 0.000980 0.008143
2 1 0.031388 0.245284 0.710429 0.001362 0.011537
2 1 0.148754 0.239877 0.590144 0.008943 0.012281
1 2 0.180957 0.461769 0.285144 0.008067 0.064063
2 1 0.016469 0.170146 0.793850 0.010954 0.008580
1 1 0.080583 0.495930 0.353966 0.003930 0.065590
2 2 0.128431 0.377410 0.437579 0.017325 0.039255
2 0 0.039788 0.344056 0.584591 0.000679 0.030886
1 1 0.183139 0.433994 0.336313 0.003590 0.042963
1 1 0.318328 0.437167 0.191409 0.004938 0.048158
2 1 0.129626 0.384178 0.443256 0.006240 0.036701
1 1 0.120370 0.481618 0.350300 0.001671 0.046041
1 1 0.365947 0.414011 0.160021 0.001652 0.058369
2 1 0.036248 0.306792 0.616568 0.017201 0.023191
2 1 0.092400 0.329782 0.549564 0.009778 0.018476
1 1 0.193541 0.454367 0.299761 0.005496 0.046835
2 1 0.144331 0.400012 0.422189 0.003572 0.029896
2 1 0.058375 0.245537 0.671822 0.007383 0.016883
1 2 0.272146 0.379125 0.294122 0.015385 0.039222
2 1 0.080431 0.344897 0.503121 0.033904 0.037648
2 1 0.053422 0.335775 0.570275 0.013758 0.026770
1 1 0.207605 0.511081 0.207304 0.001513 0.072497
1 1 0.258030 0.473441 0.198416 0.004219 0.065894
2 1 0.185650 0.284393 0.492962 0.014600 0.022395
1 1 0.292008 0.408608 0.238646 0.010869 0.049869
2 1 0.110564 0.420951 0.422971 0.008660 0.036855
2 1 0.084726 0.277144 0.594834 0.026893 0.016403
2 1 0.052977 0.398481 0.507323 0.005232 0.035986
2 1 0.062770 0.282216 0.600497 0.036083 0.018434
2 1 0.156233 0.312186 0.488725 0.023076 0.019780
2 2 0.022667 0.122031 0.782331 0.067453 0.005518
2 1 0.031599 0.289266 0.657788 0.004036 0.017312
2 0 0.041285 0.305683 0.634400 0.000659 0.017974
2 0 0.137978 0.360112 0.481579 0.000769 0.019562
1 1 0.382755 0.412531 0.146575 0.000454 0.057685
2 1 0.043523 0.445494 0.457504 0.004722 0.048757
2 1 0.045747 0.267005 0.656245 0.011599 0.019404
0 1 0.482711 0.275863 0.106630 0.002476 0.132320
1 0 0.200035 0.390909 0.371450 0.003808 0.033798
0 1 0.630847 0.196754 0.132193 0.013345 0.026861
1 1 0.248228 0.471185 0.138676 0.000406 0.141504
2 1 0.098124 0.327173 0.477875 0.070003 0.026826
2 1 0.065907 0.435004 0.445065 0.001452 0.052572
1 1 0.211430 0.409332 0.334478 0.010499 0.034261
2 1 0.115599 0.405618 0.439883 0.003051 0.035849
1 1 0.132165 0.452203 0.375552 0.000867 0.039214
2 1 0.093666 0.318923 0.551813 0.017206 0.018392
2 0 0.073706 0.426413 0.467636 0.000842 0.031403
0 0 0.390876 0.375194 0.195836 0.003430 0.034664
0 0 0.902370 0.068647 0.022309 0.000364 0.006310
0 0 0.795734 0.139672 0.044516 0.000974 0.019104
0 0 0.937713 0.043815 0.010815 0.000134 0.007522
0 0 0.862190 0.094731 0.024376 0.000219 0.018483
0 0 0.684096 0.208366 0.087797 0.003328 0.016413
0 0 0.962761 0.026836 0.007765 0.000139 0.002499
0 0 0.966813 0.019764 0.002846 0.000007 0.010571
0 1 0.838995 0.092837 0.015898 0.000041 0.052229
0 1 0.787259 0.137195 0.030976 0.000192 0.044379
0 1 0.555808 0.291490 0.101969 0.003510 0.047223
1 1 0.248752 0.474163 0.146518 0.000625 0.129942
1 1 0.335809 0.431273 0.157246 0.002111 0.073562
1 1 0.174990 0.409481 0.348666 0.020489 0.046374
2 2 0.004235 0.122359 0.861322 0.005502 0.006582
2 2 0.073803 0.240602 0.637805 0.033262 0.014528
1 2 0.118714 0.470905 0.344522 0.007044 0.058815
2 2 0.010569 0.092843 0.881968 0.011673 0.002947
2 2 0.039931 0.231791 0.708944 0.003562 0.015772
2 2 0.007055 0.063864 0.917671 0.009648 0.001762
2 2 0.033765 0.253157 0.695061 0.002856 0.015160
2 2 0.040683 0.256727 0.688357 0.000945 0.013289
2 2 0.015149 0.081590 0.876576 0.024397 0.002288
2 2 0.009478 0.156078 0.813890 0.011681 0.008873
2 2 0.012611 0.106102 0.857638 0.019654 0.003995
2 2 0.014707 0.170654 0.789808 0.015485 0.009346
2 2 0.005492 0.053160 0.924504 0.015451 0.001394
2 2 0.010833 0.091242 0.831917 0.061855 0.004152
2 2 0.027137 0.124765 0.786619 0.056385 0.005094
2 2 0.015380 0.088928 0.816328 0.075800 0.003564
2 2 0.020485 0.107933 0.815377 0.052002 0.004202
2 2 0.018898 0.062258 0.820090 0.097036 0.001717
2 2 0.022043 0.131205 0.746479 0.093179 0.007094
2 2 0.011497 0.065113 0.831460 0.089607 0.002322
2 3 0.020280 0.107586 0.753852 0.113080 0.005203
2 3 0.018898 0.047599 0.675093 0.256976 0.001433
2 3 0.022369 0.097462 0.721056 0.154585 0.004528
2 3 0.021370 0.057656 0.727553 0.191669 0.001752
2 3 0.019596 0.076631 0.751085 0.149290 0.003398
2 3 0.023797 0.104708 0.719908 0.146557 0.005030
2 3 0.034015 0.087573 0.704938 0.170264 0.003210
2 3 0.024012 0.044816 0.681898 0.248001 0.001273
2 3 0.008731 0.038623 0.718583 0.232785 0.001277
2 3 0.020286 0.070753 0.696273 0.209497 0.003190
2 3 0.012278 0.031325 0.604360 0.350814 0.001223
2 3 0.020320 0.035467 0.583861 0.359032 0.001320
2 3 0.015748 0.046850 0.672062 0.263248 0.002092
2 3 0.008869 0.029015 0.534422 0.426245 0.001450
2 3 0.013041 0.032234 0.574573 0.378863 0.001289
2 3 0.014227 0.024643 0.523111 0.436842 0.001177
2 3 0.012889 0.049117 0.684599 0.251052 0.002342
3 3 0.008761 0.019508 0.480560 0.490425 0.000746
2 3 0.015975 0.027928 0.576797 0.378471 0.000828
2 3 0.006361 0.031288 0.594586 0.365903 0.001862
3 3 0.010502 0.023887 0.457679 0.506305 0.001627
3 3 0.010125 0.014738 0.429258 0.545442 0.000437
2 3 0.011465 0.024357 0.518733 0.444236 0.001208
2 3 0.012972 0.022059 0.483431 0.480515 0.001023
3 3 0.006649 0.008959 0.325478 0.658559 0.000354
2 3 0.015129 0.039268 0.569256 0.374219 0.002128
3 3 0.003513 0.003850 0.237454 0.755064 0.000120
3 3 0.006609 0.013301 0.421081 0.558580 0.000429
3 3 0.007435 0.020224 0.470965 0.500264 0.001112
3 3 0.011734 0.030971 0.473327 0.481387 0.002580
3 3 0.005509 0.005917 0.267739 0.720608 0.000227
3 3 0.007817 0.014205 0.303486 0.673234 0.001258
3 3 0.001244 0.004670 0.415959 0.577959 0.000168
3 3 0.014076 0.017149 0.295095 0.672429 0.001251
2 3 0.008543 0.023041 0.505898 0.461175 0.001344
3 3 0.004833 0.006903 0.240533 0.747311 0.000420
3 3 0.003210 0.003540 0.143143 0.849881 0.000227
3 3 0.003036 0.006447 0.310023 0.680197 0.000297
3 3 0.008783 0.017834 0.313517 0.658267 0.001599
3 3 0.012194 0.014230 0.310529 0.662332 0.000715
3 3 0.011028 0.027677 0.453671 0.505368 0.002256
3 3 0.001993 0.003267 0.277835 0.716795 0.000110
3 3 0.006604 0.010906 0.323691 0.658225 0.000573
3 3 0.009629 0.011882 0.300196 0.677682 0.000611
3 3 0.005674 0.016443 0.432970 0.543972 0.000942
3 3 0.016312 0.022119 0.367715 0.592560 0.001294
3 3 0.012484 0.020609 0.376600 0.589065 0.001243
3 3 0.030036 0.033311 0.407321 0.527606 0.001725
3 3 0.015450 0.012676 0.310676 0.660640 0.000557
3 3 0.008620 0.015608 0.396105 0.578879 0.000788
3 3 0.012025 0.023223 0.366003 0.597309 0.001441
3 3 0.010091 0.015470 0.366593 0.607065 0.000781
3 3 0.003345 0.006422 0.288117 0.701702 0.000415
3 3 0.007306 0.013290 0.321368 0.657374 0.000662
2 3 0.014296 0.032371 0.537703 0.413942 0.001688
3 3 0.014108 0.013875 0.194796 0.775969 0.001252
3 3 0.009625 0.011658 0.236126 0.741857 0.000734
3 3 0.012016 0.018633 0.368711 0.599540 0.001100
3 3 0.008051 0.014780 0.328978 0.647034 0.001157
2 3 0.013864 0.042765 0.494129 0.445475 0.003767
3 3 0.008416 0.012528 0.290575 0.687702 0.000779
3 3 0.004240 0.007042 0.229269 0.758917 0.000531
3 3 0.022406 0.036012 0.460147 0.479444 0.001991
3 3 0.021583 0.030849 0.375072 0.570575 0.001921
3 3 0.011422 0.013811 0.257778 0.716084 0.000905
3 3 0.005833 0.009025 0.323071 0.661614 0.000457
3 3 0.005292 0.006908 0.203281 0.784013 0.000507
3 3 0.008969 0.013727 0.259004 0.717166 0.001134
3 3 0.017901 0.012994 0.264377 0.704097 0.000630
3 3 0.018568 0.022663 0.306213 0.650868 0.001687
3 3 0.005183 0.007903 0.246780 0.739560 0.000574
3 3 0.005459 0.007786 0.257647 0.728648 0.000460
3 3 0.008860 0.015398 0.300394 0.673891 0.001456
2 3 0.009309 0.031491 0.512147 0.444844 0.002209
3 3 0.013654 0.030276 0.423496 0.530258 0.002316
3 3 0.016228 0.026851 0.337627 0.617222 0.002072
3 3 0.005271 0.019040 0.452603 0.521687 0.001400
3 3 0.009551 0.011192 0.327376 0.651498 0.000383
3 3 0.018224 0.016221 0.319767 0.645071 0.000717
3 3 0.009880 0.015831 0.288955 0.684126 0.001208
3 3 0.008181 0.014441 0.299719 0.676569 0.001090
3 3 0.007897 0.009305 0.261458 0.720804 0.000536
3 3 0.013593 0.022447 0.372415 0.590239 0.001305
3 3 0.006663 0.011513 0.246884 0.733906 0.001033
3 3 0.009472 0.016552 0.337408 0.635531 0.001036
3 3 0.012499 0.013851 0.270378 0.702368 0.000904
3 3 0.019135 0.030921 0.376701 0.571055 0.002188
3 3 0.017090 0.025881 0.371952 0.583485 0.001592
3 3 0.003366 0.002711 0.153374 0.840441 0.000108
3 3 0.009180 0.008054 0.179259 0.803004 0.000503
3 3 0.010376 0.023981 0.435235 0.529024 0.001384
3 3 0.010706 0.012260 0.351710 0.624911 0.000413
3 3 0.008480 0.011886 0.322052 0.656996 0.000586
3 3 0.007088 0.011979 0.261205 0.718854 0.000874
3 3 0.005030 0.006347 0.126810 0.860981 0.000833
3 0 0.001064 0.000457 0.032150 0.966283 0.000046
0 0 0.331277 0.150503 0.264911 0.210937 0.042371
0 2 0.845609 0.103212 0.036881 0.002655 0.011643
0 2 0.289314 0.278701 0.128010 0.022772 0.281204
0 1 0.336655 0.254328 0.294124 0.067743 0.047150
1 1 0.331123 0.379235 0.124054 0.003119 0.162469
1 0 0.326560 0.423738 0.151304 0.006561 0.091837
0 0 0.436426 0.340953 0.116626 0.005010 0.100985
0 1 0.635746 0.161824 0.050966 0.002070 0.149393
1 1 0.198642 0.436263 0.127636 0.000982 0.236477
1 1 0.120162 0.448619 0.361778 0.010099 0.059342
1 1 0.289430 0.447070 0.156473 0.004372 0.102655
1 1 0.236028 0.483193 0.166565 0.001880 0.112334
1 1 0.226414 0.463154 0.163681 0.001403 0.145348
1 1 0.185306 0.522508 0.220983 0.001773 0.069431
1 1 0.114347 0.550804 0.245735 0.000857 0.088257
1 1 0.190791 0.533354 0.190850 0.000167 0.084838
1 1 0.257782 0.486358 0.194834 0.000823 0.060202
1 1 0.144207 0.456765 0.344036 0.003826 0.051166
1 1 0.239834 0.378196 0.333622 0.013771 0.034577
1 1 0.193460 0.491980 0.255587 0.001687 0.057287
1 2 0.237379 0.472788 0.197516 0.003703 0.088614
1 2 0.229634 0.481939 0.204518 0.009725 0.074184
1 2 0.123055 0.545984 0.257571 0.004636 0.068754
1 2 0.195491 0.490800 0.246370 0.001148 0.066191
1 2 0.391388 0.405013 0.158938 0.000752 0.043909
2 1 0.217161 0.359664 0.375181 0.020503 0.027491
1 1 0.202171 0.512417 0.197571 0.001516 0.086324
1 1 0.270007 0.430236 0.166345 0.002038 0.131374
0 1 0.533065 0.311228 0.127275 0.001274 0.027158
1 1 0.302615 0.457453 0.194100 0.000945 0.044887
1 1 0.236416 0.453754 0.266263 0.000501 0.043066
1 1 0.150703 0.527735 0.237327 0.002052 0.082183
2 1 0.074981 0.294334 0.591419 0.021546 0.017720
0 1 0.576423 0.257588 0.149205 0.000085 0.016699
1 1 0.367110 0.425917 0.162365 0.000244 0.044364
1 1 0.115364 0.464051 0.370319 0.003855 0.046411
2 1 0.054698 0.341366 0.575475 0.006280 0.022182
1 1 0.075150 0.546880 0.306140 0.000231 0.071599
2 1 0.051500 0.417729 0.493700 0.002569 0.034502
2 1 0.039939 0.336400 0.587597 0.006424 0.029639
2 1 0.037321 0.233475 0.683266 0.031600 0.014338
2 1 0.027808 0.271742 0.661672 0.018691 0.020086
2 1 0.053374 0.396939 0.518604 0.000948 0.030135
2 2 0.070306 0.420137 0.455828 0.011709 0.042021
2 1 0.018004 0.230936 0.726447 0.009906 0.014707
1 1 0.179532 0.411789 0.295845 0.018849 0.093985
2 1 0.067045 0.306553 0.572334 0.032952 0.021116
2 1 0.056916 0.293749 0.623113 0.002887 0.023334
1 1 0.374508 0.401700 0.166955 0.002563 0.054274
1 1 0.252377 0.479853 0.207386 0.000899 0.059484
1 1 0.157963 0.438454 0.361052 0.006477 0.036053
1 1 0.178670 0.529945 0.223754 0.000436 0.067195
2 1 0.157781 0.358838 0.448807 0.007689 0.026885
1 1 0.118281 0.468619 0.365987 0.003631 0.043481
0 1 0.467746 0.356364 0.131358 0.000821 0.043711
1 1 0.355488 0.414613 0.160002 0.004924 0.064972
1 1 0.273072 0.478063 0.193841 0.000703 0.054321
1 1 0.218850 0.448838 0.284911 0.003218 0.044183
2 1 0.037305 0.334895 0.596113 0.008036 0.023650
1 1 0.181747 0.486490 0.274772 0.001237 0.055754
1 1 0.112331 0.484539 0.351221 0.001525 0.050384
2 1 0.085003 0.407895 0.462985 0.007072 0.037045
0 1 0.456083 0.364126 0.125898 0.000620 0.053272
1 1 0.156496 0.431689 0.352384 0.008193 0.051238
1 1 0.306691 0.452589 0.173042 0.001551 0.066127
0 1 0.410924 0.367634 0.173399 0.001395 0.046648
1 1 0.149258 0.455353 0.358517 0.000547 0.036325
2 1 0.053182 0.197837 0.716427 0.023338 0.009216
0 1 0.483755 0.358004 0.123365 0.000042 0.034833
0 0 0.488352 0.350278 0.135705 0.000081 0.025584
0 1 0.773257 0.155227 0.052968 0.000959 0.017589
1 1 0.291214 0.449843 0.124660 0.000164 0.134119
1 2 0.282726 0.448965 0.145397 0.002226 0.120686
1 2 0.117065 0.535193 0.248606 0.003066 0.096070
1 2 0.152026 0.451474 0.325330 0.003035 0.068135
2 2 0.026115 0.212385 0.700224 0.046312 0.014964
2 4 0.053272 0.393686 0.500778 0.009654 0.042609
1 4 0.081772 0.479583 0.195287 0.000756 0.242603
4 4 0.286909 0.087352 0.017515 0.000044 0.608180
4 4 0.079488 0.159138 0.049860 0.000079 0.711434
4 4 0.323353 0.043730 0.007324 0.000009 0.625583
4 4 0.104359 0.038977 0.008146 0.000032 0.848486
0 4 0.744303 0.139963 0.025003 0.000095 0.090636
0 4 0.553724 0.029312 0.008106 0.000157 0.408702
4 4 0.380332 0.131437 0.033168 0.000339 0.454724
0 4 0.471464 0.067229 0.017486 0.000267 0.443555
4 4 0.180636 0.051854 0.011425 0.000029 0.756056
4 4 0.297991 0.036978 0.009181 0.000101 0.655749
4 4 0.290542 0.070100 0.011679 0.000009 0.627670
4 4 0.442696 0.054845 0.010622 0.000045 0.491793
4 4 0.290800 0.022467 0.004115 0.000012 0.682606
0 4 0.814428 0.044913 0.009808 0.000091 0.130761
0 4 0.765457 0.023023 0.004486 0.000023 0.207012
4 4 0.340044 0.077195 0.025935 0.001077 0.555749
0 4 0.761711 0.070372 0.019775 0.000518 0.147624
4 4 0.190293 0.025173 0.005770 0.000042 0.778723
0 4 0.915216 0.012138 0.002759 0.000031 0.069856
4 4 0.353074 0.169075 0.047993 0.000356 0.429502
4 4 0.189392 0.152319 0.046907 0.000411 0.610971
0 4 0.597763 0.033058 0.008534 0.000128 0.360517
4 4 0.241670 0.029809 0.006633 0.000044 0.721844
0 4 0.529678 0.054115 0.010955 0.000060 0.405192
0 4 0.658113 0.067647 0.022861 0.001165 0.250214
0 4 0.461997 0.317817 0.072330 0.000230 0.147627
4 4 0.186930 0.056884 0.010548 0.000011 0.745627
4 4 0.252387 0.058837 0.013922 0.000126 0.674728
4 4 0.069465 0.312508 0.090374 0.000008 0.527644
4 4 0.214884 0.085328 0.018846 0.000028 0.680915
4 4 0.326059 0.131020 0.027598 0.000143 0.515179
0 4 0.820444 0.022866 0.004784 0.000035 0.151871
0 4 0.664447 0.026064 0.003401 0.000003 0.306084
0 4 0.501659 0.023605 0.005008 0.000031 0.469697
0 4 0.734430 0.041832 0.008432 0.000051 0.215255
4 4 0.230607 0.331616 0.075117 0.000069 0.362590
4 4 0.153467 0.087641 0.016961 0.000018 0.741913
4 4 0.237611 0.173001 0.042820 0.000287 0.546280
4 2 0.080328 0.068993 0.015136 0.000007 0.835536
1 2 0.148643 0.410346 0.093826 0.000015 0.347170
1 2 0.215001 0.383299 0.087612 0.000085 0.314002
0 2 0.444580 0.327059 0.067753 0.000027 0.160581
1 2 0.114545 0.524483 0.160206 0.000080 0.200687
1 2 0.152360 0.497650 0.123390 0.000029 0.226571
1 2 0.082651 0.475171 0.161307 0.000095 0.280777
1 2 0.090783 0.442445 0.157409 0.000233 0.309131
4 2 0.071883 0.387676 0.142384 0.000118 0.397940
1 2 0.076981 0.489956 0.201089 0.000657 0.231318
1 2 0.090808 0.496027 0.194831 0.000847 0.217487
2 2 0.010797 0.262463 0.674282 0.013185 0.039273
2 2 0.095746 0.405067 0.425893 0.004694 0.068600
2 2 0.015238 0.359247 0.560053 0.000285 0.065178
2 2 0.005368 0.149172 0.827418 0.005621 0.012420
2 2 0.055572 0.317040 0.587093 0.000103 0.040193
2 2 0.004345 0.174231 0.806639 0.001148 0.013637
2 2 0.005299 0.086503 0.895274 0.003561 0.009363
2 2 0.005983 0.225226 0.740759 0.000988 0.027044
2 2 0.003236 0.105894 0.880912 0.000431 0.009528
2 2 0.003174 0.062276 0.927808 0.001723 0.005020
2 2 0.016717 0.313725 0.604426 0.000097 0.065035
2 2 0.006238 0.178525 0.797077 0.001108 0.017053
2 2 0.006064 0.191092 0.776566 0.000152 0.026125
2 2 0.011729 0.185105 0.743321 0.002024 0.057821
2 2 0.023848 0.310021 0.602528 0.000086 0.063516
2 2 0.010079 0.292691 0.657829 0.000145 0.039256
2 2 0.009513 0.185638 0.784036 0.000209 0.020604
2 2 0.003181 0.068678 0.922676 0.001380 0.004085
2 2 0.010202 0.215414 0.746773 0.000342 0.027269
2 2 0.015547 0.195572 0.759185 0.000503 0.029193
1 2 0.035751 0.479455 0.421942 0.000149 0.062703
2 2 0.042445 0.252306 0.660241 0.029148 0.015859
2 2 0.045378 0.433613 0.442383 0.000069 0.078556
2 2 0.020548 0.253812 0.703312 0.002049 0.020279
1 2 0.267517 0.465052 0.211385 0.001090 0.054955
2 2 0.094351 0.420745 0.453366 0.002658 0.028880
2 2 0.045315 0.345553 0.577787 0.004889 0.026456
2 0 0.076401 0.407476 0.485992 0.000084 0.030047
0 2 0.945155 0.038842 0.011959 0.000351 0.003693
0 0 0.438124 0.359028 0.145041 0.009509 0.048298
0 1 0.721215 0.155059 0.046235 0.001441 0.076050
1 1 0.372898 0.381174 0.110427 0.000452 0.135049
1 1 0.172313 0.516958 0.225955 0.007116 0.077658
2 1 0.070783 0.399065 0.461147 0.023985 0.045019
1 1 0.264210 0.484377 0.154586 0.000163 0.096664
1 1 0.149531 0.475356 0.303901 0.007080 0.064132
0 1 0.461439 0.319880 0.098875 0.000335 0.119470
1 1 0.166305 0.535349 0.210016 0.001040 0.087289
1 1 0.086726 0.524231 0.329697 0.001387 0.057959
1 2 0.278425 0.458068 0.186369 0.006639 0.070499
1 0 0.134994 0.515733 0.188464 0.000876 0.159934
1 1 0.272929 0.448517 0.210282 0.004456 0.063816
1 1 0.306724 0.450728 0.177314 0.002160 0.063074
1 1 0.114842 0.479497 0.341793 0.003587 0.060281
1 1 0.253440 0.492136 0.182581 0.000433 0.071409
1 1 0.216805 0.504872 0.202301 0.001688 0.074334
1 1 0.191337 0.463610 0.279927 0.005558 0.059569
2 1 0.066494 0.372868 0.525887 0.000929 0.033822
1 2 0.173283 0.497494 0.185012 0.000968 0.143243
1 1 0.078970 0.453492 0.396528 0.012249 0.058760
1 1 0.251405 0.442716 0.251087 0.001781 0.053011
1 0 0.293535 0.462339 0.171398 0.001039 0.071688
1 0 0.324387 0.356248 0.264627 0.006434 0.048303
0 1 0.458279 0.279097 0.235956 0.006379 0.020289
1 2 0.251414 0.362308 0.069870 0.000025 0.316382
1 2 0.164500 0.424244 0.147567 0.000606 0.263083
1 2 0.185462 0.442356 0.176441 0.002099 0.193641
1 2 0.157591 0.529814 0.217006 0.003622 0.091966
2 2 0.042612 0.271587 0.652443 0.010640 0.022718
2 2 0.019991 0.261211 0.692990 0.000254 0.025553
2 2 0.039673 0.295118 0.637274 0.000970 0.026966
1 2 0.288477 0.468450 0.173833 0.000675 0.068565
2 2 0.006110 0.147665 0.834411 0.000382 0.011432
2 2 0.050668 0.429132 0.471889 0.000554 0.047757
2 2 0.009024 0.175579 0.804624 0.002175 0.008599
2 2 0.008099 0.154025 0.828017 0.000561 0.009299
2 2 0.012420 0.200669 0.774134 0.000293 0.012484
2 2 0.023678 0.275638 0.679495 0.001569 0.019620
2 2 0.021736 0.250113 0.709972 0.000646 0.017532
2 1 0.022267 0.279251 0.662804 0.000087 0.035591
2 1 0.012788 0.256371 0.712595 0.001368 0.016877
2 1 0.055964 0.396567 0.511270 0.000204 0.035995
2 2 0.065167 0.378249 0.530505 0.000526 0.025553
2 2 0.181553 0.335866 0.455674 0.001163 0.025744
2 2 0.007737 0.204350 0.771760 0.003218 0.012935
2 2 0.044988 0.379391 0.533573 0.000198 0.041851
1 2 0.123609 0.493212 0.333414 0.000483 0.049281
2 2 0.062101 0.245650 0.661140 0.017961 0.013148
2 2 0.004285 0.143853 0.841809 0.001826 0.008228
2 2 0.012058 0.216460 0.752574 0.000202 0.018706
2 1 0.041528 0.300984 0.636447 0.002598 0.018443
2 1 0.034935 0.308299 0.633322 0.000301 0.023143
2 2 0.044564 0.316869 0.611056 0.000636 0.026875
2 2 0.020783 0.267419 0.686606 0.000160 0.025032
2 2 0.073893 0.423013 0.462447 0.001862 0.038785
2 2 0.057328 0.292835 0.629454 0.000694 0.019689
2 2 0.047521 0.308789 0.622109 0.000257 0.021324
2 2 0.049354 0.374209 0.542202 0.003512 0.030724
2 2 0.013542 0.131524 0.848085 0.000933 0.005916
2 2 0.015444 0.150019 0.826423 0.001043 0.007072
2 2 0.112377 0.361450 0.498363 0.002189 0.025621
2 1 0.012466 0.269633 0.692105 0.000040 0.025757
1 2 0.074649 0.454448 0.419348 0.000048 0.051508
2 2 0.049497 0.412319 0.504462 0.002606 0.031115
2 2 0.034283 0.316146 0.622299 0.000430 0.026841
2 0 0.028118 0.233742 0.723777 0.000717 0.013646
0 0 0.873728 0.088038 0.029202 0.000522 0.008510
0 1 0.580111 0.262835 0.071987 0.001942 0.083125
0 0 0.519334 0.293323 0.070278 0.000362 0.116703
0 1 0.837489 0.110756 0.032302 0.000428 0.019025
0 0 0.422907 0.279042 0.070732 0.000764 0.226555
0 1 0.915771 0.047663 0.016624 0.001460 0.018482
0 1 0.763590 0.153594 0.038292 0.000569 0.043955
0 1 0.559290 0.271465 0.090154 0.003964 0.075126
1 1 0.302157 0.447553 0.166894 0.001918 0.081478
0 1 0.644679 0.243313 0.083962 0.000427 0.027620
1 1 0.339055 0.408275 0.107699 0.000196 0.144775
1 1 0.139649 0.528477 0.171803 0.000772 0.159299
1 1 0.141801 0.525788 0.199668 0.005329 0.127414
1 1 0.178110 0.534095 0.176776 0.000159 0.110861
1 1 0.197468 0.518420 0.208129 0.001181 0.074802
1 1 0.179448 0.498492 0.244660 0.005660 0.071740
1 1 0.155156 0.531176 0.241436 0.003193 0.069039
1 1 0.282267 0.398231 0.230779 0.010208 0.078516
0 1 0.705648 0.169949 0.059785 0.003072 0.061545
1 1 0.257363 0.478603 0.171925 0.001426 0.090683
1 1 0.345873 0.425844 0.154434 0.001920 0.071929
0 1 0.474606 0.343312 0.109922 0.001435 0.070724
1 1 0.154262 0.541928 0.198032 0.000599 0.105179
0 4 0.439256 0.356382 0.154316 0.010925 0.039121
1 1 0.215620 0.463443 0.211359 0.003134 0.106445
1 1 0.233051 0.496560 0.216283 0.000277 0.053830
1 1 0.202174 0.489263 0.257801 0.003004 0.047759
1 1 0.237787 0.440608 0.276847 0.001037 0.043721
1 1 0.244265 0.480452 0.181258 0.003492 0.090533
1 1 0.324314 0.442954 0.163304 0.001189 0.068239
0 1 0.466145 0.333381 0.122399 0.001914 0.076162
0 1 0.445915 0.376132 0.143669 0.000188 0.034096
1 1 0.337592 0.338347 0.289409 0.009690 0.024962
1 1 0.357055 0.420899 0.185102 0.000390 0.036554
0 1 0.465304 0.354270 0.127233 0.001512 0.051681
0 1 0.426586 0.371411 0.125891 0.002608 0.073505
1 1 0.366130 0.401428 0.180771 0.003975 0.047695
1 1 0.145861 0.450382 0.120854 0.000084 0.282818
0 1 0.708690 0.198324 0.069244 0.000988 0.022754
2 1 0.049530 0.443211 0.452060 0.001654 0.053545
1 1 0.184190 0.509733 0.241273 0.007045 0.057758
2 0 0.015812 0.291149 0.663815 0.001406 0.027817
0 0 0.865232 0.092608 0.026562 0.000660 0.014938
0 1 0.385105 0.360379 0.114784 0.000731 0.139001
1 1 0.353672 0.434017 0.141738 0.000154 0.070418
1 1 0.164534 0.535685 0.208445 0.001063 0.090273
0 1 0.535610 0.307238 0.098188 0.001161 0.057804
0 1 0.423613 0.385067 0.141715 0.000710 0.048895
1 1 0.225165 0.508806 0.192225 0.000442 0.073362
1 1 0.174797 0.536864 0.202159 0.000418 0.085762
1 1 0.176602 0.523223 0.228646 0.002928 0.068601
0 1 0.616407 0.223376 0.083451 0.002912 0.073854
1 1 0.273636 0.474380 0.157664 0.000417 0.093902
1 1 0.350685 0.428314 0.170745 0.001106 0.049151
1 1 0.087658 0.577416 0.234402 0.000633 0.099892
0 1 0.446257 0.358167 0.147980 0.005986 0.041610
0 1 0.460913 0.354913 0.116151 0.001122 0.066901
1 1 0.302942 0.448957 0.190727 0.001315 0.056058
1 1 0.092188 0.576653 0.232707 0.000089 0.098363
2 2 0.034612 0.393558 0.532442 0.001399 0.037989
2 2 0.017990 0.281411 0.678772 0.001348 0.020478
1 2 0.111215 0.494136 0.339716 0.000840 0.054092
2 2 0.009404 0.196401 0.779598 0.001006 0.013590
2 2 0.022545 0.335383 0.614770 0.000135 0.027167
2 2 0.055940 0.336351 0.581208 0.000201 0.026299
2 2 0.052621 0.401440 0.505021 0.005000 0.035916
2 2 0.011124 0.250101 0.715916 0.000312 0.022547
1 2 0.115173 0.511479 0.295621 0.000099 0.077628
2 2 0.070876 0.391922 0.502997 0.004090 0.030115
2 2 0.035374 0.345696 0.595298 0.000399 0.023234
1 2 0.200001 0.522884 0.213494 0.000043 0.063577
2 2 0.122176 0.365791 0.476154 0.003775 0.032104
2 2 0.218923 0.324850 0.415286 0.010420 0.030522
2 1 0.079099 0.176829 0.599198 0.129312 0.015562
2 2 0.297387 0.143658 0.338290 0.200003 0.020662
0 2 0.537378 0.233284 0.144825 0.022844 0.061669
0 2 0.603219 0.126543 0.206885 0.048479 0.014874
0 1 0.769797 0.044247 0.097849 0.082037 0.006070
0 2 0.944703 0.034128 0.011660 0.001044 0.008465
0 2 0.838225 0.088423 0.046707 0.008605 0.018039
0 2 0.732412 0.178072 0.069615 0.003392 0.016509
2 1 0.238037 0.272365 0.396719 0.057694 0.035185
0 2 0.616371 0.249660 0.105085 0.006148 0.022736
2 2 0.243750 0.232763 0.422693 0.078871 0.021923
0 2 0.586095 0.193790 0.191927 0.012851 0.015337
2 2 0.334916 0.022113 0.443759 0.198516 0.000696
0 2 0.737459 0.109053 0.103439 0.031070 0.018979
0 2 0.950014 0.015230 0.023517 0.007489 0.003750
0 2 0.908738 0.017265 0.056381 0.016535 0.001080
0 2 0.849399 0.020611 0.089928 0.037768 0.002294
0 2 0.644410 0.042901 0.238730 0.069230 0.004729
2 2 0.379660 0.067571 0.435954 0.108346 0.008468
0 2 0.494577 0.102065 0.311142 0.083334 0.008883
2 2 0.187402 0.102639 0.471821 0.218471 0.019667
0 2 0.426760 0.198056 0.334306 0.017121 0.023757
2 2 0.150792 0.072487 0.438280 0.294117 0.044324
2 2 0.295004 0.310976 0.327041 0.033908 0.033070
2 2 0.103798 0.228055 0.585197 0.064455 0.018495
1 2 0.330130 0.344580 0.278220 0.007951 0.039119
2 2 0.040443 0.181777 0.722917 0.045968 0.008895
2 2 0.051961 0.094820 0.758722 0.089742 0.004754
2 2 0.100567 0.292406 0.530763 0.026717 0.049548
2 2 0.051973 0.175679 0.742674 0.008976 0.020697
2 2 0.049590 0.291920 0.619041 0.019200 0.020249
0 2 0.875583 0.085785 0.027935 0.001033 0.009664
0 2 0.788911 0.138256 0.060947 0.002710 0.009177
0 0 0.754640 0.162565 0.061206 0.004428 0.017161
0 0 0.845673 0.078362 0.060202 0.005437 0.010326
0 0 0.975050 0.017805 0.004443 0.000126 0.002576
0 0 0.653714 0.126047 0.160517 0.053942 0.005778
0 0 0.974430 0.017362 0.003505 0.000038 0.004665
0 1 0.972109 0.018863 0.003409 0.000023 0.005597
0 1 0.946057 0.036698 0.007776 0.000095 0.009373
0 1 0.763169 0.142987 0.051692 0.004941 0.037211
0 1 0.891351 0.062840 0.030176 0.004273 0.011360
0 1 0.451674 0.214658 0.255160 0.002197 0.076311
1 1 0.350116 0.390489 0.144475 0.009620 0.105300
0 1 0.637760 0.200449 0.080571 0.010839 0.070382
1 2 0.316160 0.354453 0.274216 0.021680 0.033491
1 1 0.214264 0.383650 0.340074 0.016337 0.045674
0 0 0.744365 0.160257 0.074605 0.006149 0.014625
0 1 0.727118 0.172190 0.055760 0.003028 0.041904
0 1 0.745079 0.136095 0.068994 0.016073 0.033759
