4 1 0.044410 0.247936 0.117537 0.000015 0.590103
1 1 0.097923 0.430482 0.161542 0.000178 0.309875
4 1 0.180876 0.257190 0.188509 0.000689 0.372735
0 0 0.556471 0.281167 0.118460 0.000130 0.043772
1 0 0.171973 0.394240 0.342672 0.007192 0.083923
1 1 0.161458 0.373934 0.148413 0.000365 0.315830
4 1 0.032661 0.387565 0.125889 0.000024 0.453860
4 1 0.029478 0.201840 0.117275 0.000011 0.651396
4 1 0.004049 0.068222 0.060419 0.000007 0.867302
4 1 0.011005 0.366672 0.165735 0.000013 0.456575
4 1 0.125947 0.118606 0.059033 0.000620 0.695794
1 1 0.075662 0.591767 0.117030 0.000018 0.215523
4 1 0.003618 0.179118 0.166103 0.000048 0.651114
1 1 0.016561 0.380489 0.323213 0.000076 0.279661
4 1 0.017629 0.319816 0.251867 0.000118 0.410570
4 1 0.020426 0.284635 0.164349 0.000023 0.530567
4 1 0.023894 0.360445 0.218593 0.000235 0.396833
4 1 0.004080 0.163003 0.231489 0.000260 0.601168
4 1 0.025588 0.377979 0.120366 0.000002 0.476065
4 1 0.006416 0.202533 0.160945 0.000052 0.630054
4 1 0.007667 0.235737 0.275481 0.001088 0.480027
4 1 0.006806 0.254283 0.209082 0.000016 0.529812
4 1 0.002118 0.154298 0.221342 0.000000 0.622241
1 1 0.038766 0.443532 0.331378 0.000242 0.186083
1 1 0.009705 0.447152 0.176311 0.000077 0.366755
4 1 0.021264 0.322096 0.232105 0.000415 0.424121
1 1 0.006215 0.385121 0.298637 0.000142 0.309884
1 1 0.015393 0.495091 0.323130 0.000734 0.165652
1 1 0.027566 0.467895 0.400385 0.004294 0.099860
2 1 0.011095 0.350064 0.592315 0.002439 0.044086
1 1 0.023337 0.443802 0.427165 0.029859 0.075837
2 1 0.015023 0.307771 0.606595 0.013199 0.057412
2 1 0.024322 0.335298 0.581365 0.018402 0.040613
2 1 0.014493 0.232161 0.700914 0.035544 0.016888
2 1 0.007588 0.231295 0.714076 0.026781 0.020259
1 1 0.113671 0.446793 0.344014 0.000535 0.094987
1 2 0.074626 0.447193 0.404483 0.000736 0.072962
0 2 0.914300 0.061900 0.013945 0.000155 0.009700
0 2 0.414655 0.412427 0.156638 0.000745 0.015535
2 2 0.042267 0.427403 0.513181 0.002975 0.014174
2 2 0.008734 0.269207 0.680681 0.002643 0.038736
2 2 0.004111 0.112968 0.786728 0.089715 0.006478
2 2 0.005513 0.153867 0.826773 0.008562 0.005285
2 2 0.001243 0.025945 0.966675 0.006060 0.000077
2 2 0.048869 0.333202 0.594155 0.001103 0.022671
0 2 0.965221 0.022701 0.006005 0.000156 0.005918
0 2 0.482939 0.404368 0.095033 0.000246 0.017413
0 2 0.785488 0.159488 0.037688 0.000279 0.017056
0 2 0.496884 0.367480 0.102908 0.000142 0.032586
1 2 0.370785 0.408125 0.171060 0.001501 0.048531
2 2 0.017743 0.345654 0.613623 0.006016 0.016963
0 2 0.440045 0.303173 0.205505 0.000899 0.050379
0 2 0.641226 0.264460 0.054617 0.000084 0.039613
2 2 0.062638 0.401221 0.489678 0.006109 0.040354
2 2 0.009467 0.227088 0.698495 0.043464 0.021486
1 2 0.136350 0.479744 0.366808 0.000658 0.016440
2 2 0.025013 0.370037 0.591289 0.007923 0.005737
1 2 0.160249 0.486109 0.313185 0.002087 0.038371
2 2 0.104890 0.245117 0.612099 0.015617 0.022276
1 2 0.183975 0.541281 0.250712 0.002308 0.021724
1 2 0.098719 0.474243 0.396310 0.004761 0.025967
2 2 0.018882 0.184144 0.728761 0.044985 0.023229
0 2 0.391562 0.388611 0.153926 0.000623 0.065279
0 2 0.504571 0.284402 0.182996 0.005483 0.022548
0 2 0.921605 0.061358 0.008071 0.000033 0.008933
1 2 0.069067 0.650883 0.256024 0.000095 0.023932
1 2 0.344927 0.479030 0.145886 0.001167 0.028989
2 2 0.031883 0.391251 0.516271 0.000609 0.059987
2 2 0.017003 0.231048 0.657095 0.083534 0.011321
2 2 0.006236 0.141376 0.802581 0.039891 0.009917
2 2 0.004942 0.082038 0.881738 0.030299 0.000983
0 2 0.574114 0.266696 0.127963 0.001353 0.029873
1 2 0.420256 0.429158 0.126539 0.000740 0.023308
0 2 0.893666 0.077500 0.019656 0.000171 0.009007
0 2 0.879774 0.083645 0.021775 0.000393 0.014414
0 2 0.911449 0.063820 0.015899 0.000165 0.008667
0 0 0.963479 0.023997 0.005751 0.000142 0.006630
0 0 0.908227 0.062163 0.020835 0.000349 0.008425
0 0 0.983815 0.009810 0.002388 0.000088 0.003899
0 0 0.969436 0.018142 0.005068 0.000141 0.007214
0 0 0.899754 0.063791 0.020572 0.000365 0.015517
0 0 0.988530 0.007117 0.001688 0.000048 0.002617
0 0 0.969399 0.018888 0.004718 0.000183 0.006811
0 0 0.563345 0.209402 0.076961 0.004872 0.145420
1 1 0.047959 0.451552 0.209450 0.000019 0.291019
1 1 0.082476 0.525050 0.268674 0.000096 0.123704
1 1 0.015789 0.420699 0.318369 0.000144 0.244999
4 1 0.002528 0.262218 0.201951 0.000040 0.533262
4 1 0.013512 0.401807 0.122994 0.000001 0.461685
4 1 0.003475 0.195033 0.366539 0.000029 0.434925
4 1 0.050903 0.196492 0.083775 0.000085 0.668745
4 1 0.007822 0.277296 0.227759 0.000119 0.487004
4 1 0.014906 0.237957 0.150752 0.000055 0.596330
4 1 0.009471 0.215629 0.226455 0.000034 0.548410
4 1 0.007716 0.231185 0.163922 0.000066 0.597111
4 1 0.022299 0.196763 0.130497 0.000465 0.649976
4 4 0.003274 0.037374 0.034374 0.000022 0.924956
4 4 0.004913 0.205041 0.223951 0.000065 0.566030
4 4 0.004842 0.026587 0.025951 0.000023 0.942597
4 4 0.021487 0.030762 0.027330 0.000263 0.920159
4 4 0.007887 0.019218 0.038835 0.000219 0.933841
4 4 0.011724 0.091260 0.144621 0.002098 0.750298
4 4 0.004677 0.062819 0.102332 0.000257 0.829914
4 4 0.006099 0.057145 0.046304 0.000041 0.890412
4 4 0.005108 0.096969 0.114292 0.000191 0.783441
4 4 0.005187 0.140799 0.081961 0.000005 0.772049
1 4 0.054496 0.343382 0.308357 0.002587 0.291178
4 4 0.066234 0.235345 0.225542 0.000201 0.472678
4 4 0.062768 0.262613 0.095443 0.000025 0.579152
4 4 0.019661 0.175469 0.108131 0.000130 0.696609
4 4 0.010620 0.242397 0.218293 0.000299 0.528391
4 4 0.007670 0.257405 0.340695 0.000244 0.393987
4 4 0.004262 0.133325 0.157889 0.000167 0.704357
4 4 0.009729 0.269318 0.354501 0.000462 0.365990
4 4 0.019386 0.243681 0.175284 0.000606 0.561043
4 4 0.009118 0.152177 0.156703 0.000116 0.681884
4 4 0.032711 0.224535 0.160288 0.000361 0.582105
4 4 0.004846 0.232096 0.253517 0.000087 0.509453
4 4 0.001835 0.130403 0.289768 0.000148 0.577846
4 4 0.008284 0.217179 0.242371 0.000124 0.532041
4 4 0.005391 0.116227 0.219633 0.000848 0.657901
4 4 0.009368 0.181838 0.195625 0.000271 0.612897
4 4 0.006784 0.114070 0.321954 0.000592 0.556600
4 4 0.008037 0.163390 0.306376 0.000412 0.521785
4 4 0.014348 0.083622 0.064062 0.000067 0.837902
4 4 0.039323 0.339761 0.232863 0.001784 0.386269
1 4 0.027001 0.369493 0.353414 0.001414 0.248679
0 4 0.490190 0.326866 0.109254 0.005198 0.068493
0 4 0.948500 0.034891 0.007499 0.000151 0.008958
1 4 0.282782 0.541834 0.131061 0.001235 0.043088
1 4 0.014334 0.371139 0.282954 0.003095 0.328477
1 4 0.013897 0.455091 0.375448 0.000672 0.154892
4 2 0.005049 0.304457 0.241575 0.000120 0.448799
1 2 0.014416 0.361715 0.262401 0.000760 0.360708
4 2 0.046673 0.226406 0.146842 0.000416 0.579664
4 2 0.013430 0.124406 0.115000 0.000406 0.746758
4 2 0.007465 0.114012 0.251103 0.000127 0.627293
2 2 0.010417 0.320937 0.373274 0.000439 0.294933
2 2 0.007876 0.275568 0.517786 0.001305 0.197466
1 2 0.024198 0.492598 0.330266 0.000439 0.152500
2 2 0.011096 0.354632 0.458209 0.005777 0.170285
1 2 0.023704 0.390728 0.281970 0.003196 0.300403
1 2 0.016898 0.471979 0.276230 0.003997 0.230896
2 2 0.009945 0.395043 0.437301 0.002446 0.155265
2 2 0.012954 0.259907 0.625941 0.005725 0.095473
1 2 0.016725 0.466892 0.286896 0.004948 0.224539
2 2 0.017947 0.352133 0.576365 0.001141 0.052415
2 2 0.016356 0.424132 0.442417 0.039657 0.077438
1 2 0.027130 0.441480 0.399736 0.039391 0.092263
2 2 0.006623 0.165990 0.720405 0.029703 0.077278
2 2 0.003107 0.081535 0.737189 0.162845 0.015324
3 2 0.000945 0.023098 0.476598 0.494987 0.004372
2 2 0.001411 0.025675 0.611315 0.359250 0.002348
2 2 0.002601 0.020878 0.619667 0.355723 0.001131
2 2 0.001119 0.016312 0.893177 0.088827 0.000564
2 2 0.001243 0.023428 0.518273 0.455231 0.001826
3 2 0.002381 0.021770 0.408026 0.566258 0.001566
2 2 0.002462 0.024163 0.611087 0.361589 0.000699
2 2 0.001229 0.012800 0.538756 0.446879 0.000336
3 2 0.000835 0.006062 0.257701 0.735221 0.000181
3 2 0.001395 0.008447 0.166889 0.822396 0.000873
3 2 0.000115 0.001929 0.080366 0.917266 0.000324
3 2 0.000153 0.001184 0.036193 0.962206 0.000265
3 2 0.000210 0.002533 0.074101 0.922490 0.000666
3 2 0.000637 0.003607 0.031999 0.961902 0.001854
3 2 0.000212 0.001238 0.055048 0.943379 0.000122
3 2 0.001742 0.006436 0.114416 0.876579 0.000828
3 2 0.000016 0.000121 0.005196 0.994615 0.000052
3 2 0.000289 0.001515 0.019658 0.977730 0.000807
3 3 0.000366 0.001318 0.014778 0.982563 0.000975
3 3 0.000069 0.000310 0.007008 0.992406 0.000206
3 3 0.000202 0.001396 0.026878 0.971095 0.000429
3 3 0.000039 0.000195 0.005637 0.994006 0.000124
3 3 0.000188 0.000909 0.013492 0.984849 0.000561
3 3 0.000319 0.000973 0.011481 0.986337 0.000889
3 3 0.000082 0.000349 0.007351 0.991975 0.000243
3 3 0.000183 0.000824 0.012372 0.986078 0.000543
3 3 0.000286 0.000857 0.010548 0.987485 0.000824
3 3 0.000438 0.001698 0.017661 0.979038 0.001166
3 3 0.000271 0.000875 0.011080 0.987020 0.000754
3 3 0.000064 0.000355 0.008339 0.991041 0.000201
3 3 0.000047 0.000217 0.005742 0.993845 0.000149
3 3 0.000126 0.000500 0.008795 0.990220 0.000358
3 3 0.000059 0.000259 0.006278 0.993223 0.000181
3 3 0.000235 0.000782 0.010512 0.987810 0.000660
3 3 0.000211 0.000666 0.009326 0.989174 0.000623
3 3 0.000117 0.000452 0.008160 0.990928 0.000344
3 3 0.000112 0.000415 0.007613 0.991520 0.000340
3 3 0.000091 0.000354 0.007105 0.992173 0.000277
3 3 0.000171 0.000631 0.009733 0.988987 0.000479
3 3 0.000086 0.000328 0.006730 0.992587 0.000268
3 3 0.000032 0.000164 0.005145 0.994559 0.000101
3 3 0.000113 0.000414 0.007590 0.991542 0.000341
3 3 0.000412 0.001211 0.012814 0.984442 0.001122
3 3 0.000452 0.001276 0.012974 0.984062 0.001236
3 3 0.000225 0.000699 0.009529 0.988886 0.000661
3 3 0.000414 0.001211 0.012788 0.984459 0.001129
3 3 0.000549 0.001582 0.014863 0.981573 0.001433
3 3 0.000302 0.000947 0.011451 0.986464 0.000836
3 3 0.000245 0.000798 0.010525 0.987739 0.000693
3 3 0.000091 0.000368 0.007375 0.991892 0.000273
3 3 0.000110 0.000427 0.007929 0.991211 0.000323
3 3 0.000172 0.000633 0.009754 0.988957 0.000485
3 3 0.000255 0.000792 0.010254 0.987968 0.000732
3 3 0.000107 0.000417 0.007816 0.991341 0.000318
3 3 0.000253 0.000752 0.009734 0.988514 0.000747
3 3 0.000120 0.000425 0.007545 0.991541 0.000369
3 3 0.000011 0.000069 0.003357 0.996523 0.000039
3 3 0.000147 0.000511 0.008355 0.990547 0.000439
3 3 0.000099 0.000378 0.007337 0.991888 0.000299
3 3 0.000249 0.000760 0.010084 0.988203 0.000704
3 3 0.000268 0.000799 0.010105 0.988046 0.000782
3 3 0.000122 0.000444 0.007854 0.991211 0.000368
3 3 0.000136 0.000456 0.007687 0.991303 0.000419
3 3 0.000048 0.000215 0.005638 0.993946 0.000153
3 3 0.000107 0.000395 0.007400 0.991774 0.000325
3 3 0.000065 0.000278 0.006421 0.993035 0.000201
3 3 0.000154 0.000563 0.009075 0.989768 0.000441
3 3 0.000128 0.000451 0.007808 0.991226 0.000388
3 3 0.000182 0.000616 0.009214 0.989461 0.000528
3 3 0.000400 0.001191 0.012765 0.984557 0.001087
3 3 0.000155 0.000515 0.008206 0.990652 0.000471
3 3 0.000129 0.000474 0.008192 0.990821 0.000384
3 3 0.000160 0.000541 0.008531 0.990291 0.000477
3 3 0.000057 0.000242 0.005924 0.993600 0.000179
3 3 0.000479 0.001407 0.014008 0.982839 0.001267
3 3 0.000040 0.000176 0.005026 0.994628 0.000130
3 3 0.000384 0.001053 0.011423 0.986041 0.001099
3 3 0.000264 0.000892 0.011418 0.986684 0.000742
3 3 0.000213 0.000671 0.009369 0.989121 0.000626
3 3 0.000163 0.000565 0.008845 0.989949 0.000479
3 3 0.000091 0.000330 0.006600 0.992691 0.000288
3 3 0.000067 0.000273 0.006221 0.993229 0.000210
3 3 0.000131 0.000463 0.007938 0.991072 0.000396
3 3 0.000148 0.000511 0.008327 0.990570 0.000443
3 3 0.000191 0.000643 0.009421 0.989194 0.000552
3 3 0.000196 0.000623 0.008998 0.989598 0.000584
3 3 0.000055 0.000225 0.005585 0.993958 0.000177
3 3 0.000095 0.000356 0.006994 0.992260 0.000295
3 3 0.000593 0.001717 0.015629 0.980539 0.001523
3 3 0.000571 0.001565 0.014412 0.981927 0.001524
3 3 0.000472 0.002918 0.029546 0.965730 0.001333
3 3 0.000368 0.003093 0.111558 0.884777 0.000204
3 3 0.001993 0.010677 0.199817 0.786749 0.000765
3 3 0.001127 0.004448 0.103163 0.890781 0.000480
3 3 0.002371 0.010712 0.259274 0.727095 0.000548
2 3 0.014374 0.053627 0.589986 0.340044 0.001970
3 3 0.002423 0.006989 0.194258 0.795687 0.000644
2 3 0.003254 0.044097 0.770131 0.181235 0.001283
3 3 0.002103 0.006553 0.266236 0.724870 0.000238
3 3 0.004792 0.010801 0.174968 0.808307 0.001132
3 3 0.001355 0.012345 0.227590 0.757950 0.000760
2 3 0.004760 0.014123 0.521722 0.458517 0.000878
3 3 0.000866 0.005415 0.147949 0.845396 0.000375
3 3 0.001209 0.008411 0.268906 0.721167 0.000307
3 3 0.001330 0.007231 0.281384 0.709826 0.000228
3 3 0.002012 0.010353 0.223715 0.763287 0.000634
3 3 0.003173 0.010779 0.245202 0.740187 0.000659
3 3 0.163199 0.095990 0.332384 0.391711 0.016716
3 3 0.002461 0.011241 0.151070 0.833844 0.001385
0 3 0.345111 0.272056 0.337779 0.024956 0.020097
2 3 0.020435 0.124024 0.608629 0.240424 0.006488
2 3 0.025819 0.143453 0.451302 0.363072 0.016354
3 3 0.001449 0.015343 0.256118 0.726178 0.000912
2 3 0.001571 0.021670 0.612528 0.363766 0.000465
2 3 0.002166 0.016835 0.918201 0.062690 0.000109
1 2 0.251498 0.409343 0.308403 0.002383 0.028373
1 2 0.121379 0.448033 0.401131 0.010357 0.019099
2 2 0.009449 0.169092 0.746264 0.039365 0.035830
2 2 0.004347 0.123424 0.634465 0.189602 0.048163
2 2 0.017636 0.267495 0.461187 0.081725 0.171958
2 2 0.004287 0.154152 0.574496 0.011576 0.255489
2 2 0.003869 0.078433 0.645718 0.070037 0.201944
2 2 0.011031 0.271120 0.472875 0.020818 0.224156
4 2 0.006722 0.210070 0.377121 0.002901 0.403185
2 2 0.004209 0.080520 0.640963 0.130705 0.143603
4 2 0.011793 0.295987 0.279090 0.002235 0.410896
2 2 0.009976 0.210357 0.444683 0.014128 0.320857
2 2 0.003205 0.125537 0.530437 0.005168 0.335653
2 2 0.005831 0.175803 0.588662 0.025359 0.204346
2 2 0.005433 0.116134 0.631565 0.089790 0.157077
2 2 0.004209 0.126628 0.511444 0.007798 0.349921
2 2 0.008454 0.256042 0.495946 0.014844 0.224714
2 2 0.011337 0.219643 0.493132 0.033323 0.242565
2 2 0.006433 0.203454 0.469298 0.007000 0.313815
4 2 0.009634 0.161066 0.347831 0.006899 0.474570
2 2 0.006046 0.190619 0.506141 0.009603 0.287591
4 2 0.005722 0.182395 0.341326 0.001717 0.468839
4 2 0.006024 0.071659 0.090136 0.000261 0.831920
2 2 0.004396 0.186302 0.530120 0.006177 0.273005
4 2 0.007320 0.070787 0.240852 0.004099 0.676942
4 2 0.004850 0.136550 0.416981 0.003928 0.437691
4 2 0.010966 0.233040 0.302181 0.001185 0.452628
4 2 0.008891 0.145999 0.222035 0.001592 0.621484
2 1 0.004357 0.130710 0.443863 0.004284 0.416786
4 1 0.006750 0.311032 0.310063 0.000687 0.371468
2 1 0.004386 0.166012 0.531188 0.007086 0.291328
2 1 0.009541 0.312462 0.397762 0.005530 0.274705
2 1 0.011268 0.246150 0.579306 0.011432 0.151844
2 1 0.085403 0.272615 0.507630 0.052356 0.081997
1 1 0.067028 0.529979 0.342391 0.000070 0.060533
2 1 0.009682 0.352250 0.553729 0.001836 0.082504
3 1 0.004844 0.094179 0.358907 0.519610 0.022460
2 1 0.004849 0.102858 0.628145 0.246119 0.018029
2 1 0.005118 0.130556 0.702091 0.148692 0.013543
2 1 0.022263 0.287463 0.598115 0.068783 0.023376
2 2 0.009964 0.273053 0.675760 0.017659 0.023564
2 2 0.002139 0.025073 0.613875 0.358390 0.000523
2 2 0.005054 0.152908 0.819085 0.004647 0.018306
2 2 0.011455 0.180231 0.780479 0.019069 0.008765
2 2 0.027444 0.268560 0.691301 0.001408 0.011287
2 2 0.020468 0.364206 0.577798 0.015766 0.021762
2 2 0.004466 0.041622 0.658402 0.294277 0.001233
2 2 0.006402 0.209164 0.777826 0.001057 0.005551
2 2 0.013555 0.218646 0.745058 0.009581 0.013160
2 2 0.017822 0.251353 0.700742 0.005639 0.024443
1 2 0.320352 0.498493 0.153077 0.000016 0.028062
2 2 0.003414 0.207274 0.747223 0.010466 0.031622
2 2 0.001643 0.032109 0.919212 0.046234 0.000802
2 2 0.001738 0.038119 0.948454 0.011372 0.000317
2 2 0.001621 0.039773 0.954160 0.003834 0.000612
2 2 0.009187 0.080935 0.849162 0.059139 0.001577
2 2 0.013914 0.113779 0.857465 0.011084 0.003759
2 2 0.020835 0.349651 0.587445 0.010844 0.031225
2 2 0.004122 0.135714 0.846919 0.004198 0.009046
2 2 0.012638 0.312396 0.644169 0.011139 0.019659
2 2 0.012545 0.183932 0.784241 0.006855 0.012427
2 2 0.002457 0.051362 0.891957 0.051895 0.002330
2 2 0.001739 0.070167 0.921574 0.002368 0.004152
2 2 0.001756 0.038476 0.957999 0.000902 0.000867
2 2 0.002341 0.024509 0.964840 0.008165 0.000145
2 2 0.010298 0.102346 0.878594 0.000554 0.008208
2 2 0.074556 0.242339 0.650856 0.022095 0.010154
2 2 0.013972 0.172022 0.790460 0.014441 0.009105
2 2 0.004106 0.093091 0.884526 0.014729 0.003548
2 2 0.015545 0.330451 0.642902 0.001534 0.009568
2 2 0.002127 0.069056 0.917550 0.010474 0.000794
2 2 0.002109 0.017800 0.928133 0.051673 0.000285
2 2 0.001825 0.070042 0.926426 0.000047 0.001659
2 2 0.033662 0.316115 0.615671 0.023483 0.011070
2 2 0.006666 0.070084 0.858290 0.064233 0.000726
2 2 0.005218 0.063146 0.925792 0.004419 0.001425
2 2 0.003198 0.038704 0.943853 0.013852 0.000393
2 2 0.013795 0.182469 0.786300 0.011876 0.005560
2 2 0.002193 0.022078 0.906768 0.068798 0.000162
2 2 0.110802 0.394119 0.467636 0.001201 0.026241
0 2 0.505811 0.350071 0.107855 0.000419 0.035844
1 2 0.039694 0.484295 0.453650 0.003956 0.018405
2 2 0.004565 0.136021 0.830906 0.022462 0.006046
2 2 0.005084 0.089219 0.769487 0.134581 0.001629
2 2 0.026614 0.270099 0.681359 0.010016 0.011912
2 2 0.039465 0.428211 0.497335 0.018718 0.016271
2 2 0.010241 0.266528 0.705973 0.002375 0.014882
2 2 0.019221 0.311744 0.640182 0.014977 0.013875
2 2 0.017337 0.260798 0.703730 0.002229 0.015906
0 2 0.841375 0.102107 0.030946 0.001310 0.024262
2 2 0.022688 0.407522 0.534430 0.000737 0.034624
2 2 0.056543 0.405794 0.500867 0.004627 0.032169
0 2 0.404936 0.401456 0.140990 0.000959 0.051659
2 2 0.034672 0.345918 0.582508 0.007356 0.029546
2 2 0.006819 0.170393 0.794397 0.014672 0.013719
2 2 0.036257 0.470557 0.479985 0.001280 0.011921
2 2 0.017415 0.376653 0.582095 0.002538 0.021299
0 2 0.510544 0.246532 0.151800 0.010344 0.080781
0 2 0.967033 0.020843 0.004861 0.000158 0.007105
1 1 0.361162 0.442867 0.171830 0.000529 0.023612
2 1 0.019570 0.328344 0.617485 0.009563 0.025038
2 4 0.006882 0.221050 0.746512 0.001204 0.024353
2 4 0.009752 0.184795 0.699835 0.043560 0.062057
2 4 0.006518 0.288914 0.360250 0.000681 0.343637
2 4 0.005458 0.246200 0.491243 0.002298 0.254799
4 4 0.006890 0.266289 0.289751 0.000883 0.436187
1 4 0.015375 0.458912 0.311432 0.001493 0.212788
4 4 0.009479 0.246258 0.334358 0.000085 0.409820
4 4 0.007748 0.179760 0.310313 0.002431 0.499748
4 4 0.011124 0.174306 0.158169 0.000032 0.656369
1 4 0.008753 0.349767 0.317026 0.000035 0.324420
1 4 0.026764 0.374293 0.330359 0.000441 0.268143
4 4 0.008546 0.219583 0.172058 0.000179 0.599635
4 4 0.007834 0.175187 0.213201 0.000837 0.602941
4 4 0.020070 0.159918 0.374609 0.003739 0.441665
0 4 0.412812 0.223238 0.181335 0.008539 0.174075
1 4 0.044735 0.484316 0.358416 0.000310 0.112224
4 4 0.010866 0.154002 0.150368 0.000649 0.684114
4 4 0.004813 0.055345 0.095091 0.000288 0.844463
4 4 0.010391 0.086125 0.080219 0.000349 0.822915
2 4 0.003572 0.104401 0.555840 0.011156 0.325030
4 4 0.006012 0.030092 0.035600 0.000155 0.928141
1 4 0.213271 0.466847 0.191810 0.003268 0.124804
4 4 0.007097 0.048219 0.054662 0.000241 0.889781
4 4 0.010608 0.022646 0.035401 0.000838 0.930508
4 4 0.048325 0.308056 0.256534 0.004603 0.382483
4 4 0.006971 0.197313 0.353869 0.001369 0.440478
4 4 0.003892 0.038124 0.075220 0.000225 0.882539
2 4 0.040334 0.210264 0.462434 0.001615 0.285353
4 4 0.023021 0.226842 0.141133 0.000283 0.608721
4 4 0.014511 0.083094 0.098242 0.000097 0.804056
2 4 0.004276 0.190855 0.415543 0.001808 0.387518
4 4 0.008534 0.062362 0.140672 0.000234 0.788197
4 4 0.008577 0.212078 0.340669 0.003345 0.435331
4 4 0.031790 0.257292 0.145753 0.000587 0.564579
4 4 0.044498 0.113453 0.133800 0.001070 0.707179
4 4 0.009714 0.102295 0.161975 0.001532 0.724484
4 4 0.006523 0.185762 0.344858 0.002303 0.460554
2 4 0.003430 0.137792 0.476891 0.003178 0.378709
1 4 0.009889 0.368774 0.252044 0.000968 0.368325
4 4 0.015682 0.259187 0.259304 0.003767 0.462060
4 4 0.012820 0.158084 0.300224 0.008009 0.520862
4 4 0.004541 0.105235 0.439131 0.006433 0.444661
4 4 0.021466 0.248727 0.209615 0.000093 0.520099
2 4 0.008255 0.193874 0.564353 0.027920 0.205599
4 4 0.009044 0.235360 0.277316 0.000496 0.477784
4 4 0.007719 0.220771 0.347087 0.002688 0.421735
4 4 0.005346 0.240596 0.306661 0.000193 0.447203
2 4 0.002243 0.104839 0.523625 0.002963 0.366331
2 4 0.007198 0.236726 0.466161 0.007534 0.282382
4 4 0.005649 0.259243 0.349277 0.001162 0.384669
2 4 0.005898 0.226556 0.386679 0.001750 0.379116
2 2 0.010143 0.276843 0.480163 0.018531 0.214321
2 2 0.006176 0.227983 0.548773 0.006720 0.210348
2 2 0.005081 0.214839 0.632853 0.006204 0.141022
2 2 0.004934 0.142590 0.486608 0.007334 0.358535
1 2 0.244797 0.370900 0.119515 0.000781 0.264007
1 2 0.052025 0.416419 0.356878 0.004123 0.170555
1 2 0.043592 0.492931 0.414955 0.011419 0.037104
2 2 0.014971 0.327842 0.534990 0.037339 0.084857
2 2 0.002484 0.131364 0.808878 0.005474 0.051800
0 2 0.841374 0.099405 0.032185 0.001697 0.025339
1 2 0.195190 0.593971 0.188624 0.000267 0.021947
1 2 0.045224 0.578317 0.340871 0.003736 0.031851
1 2 0.040694 0.535432 0.370905 0.002143 0.050827
2 2 0.017637 0.329279 0.608226 0.007298 0.037560
2 2 0.012213 0.237208 0.702718 0.030688 0.017173
2 2 0.003388 0.078246 0.907110 0.008323 0.002933
2 2 0.001581 0.057947 0.937858 0.000273 0.002341
2 2 0.008610 0.183798 0.800396 0.003329 0.003868
2 2 0.005262 0.075491 0.903672 0.014106 0.001469
2 2 0.002673 0.074756 0.916635 0.001436 0.004500
2 2 0.002243 0.025886 0.956866 0.014825 0.000179
2 2 0.009000 0.170230 0.811572 0.002880 0.006317
2 2 0.009684 0.082043 0.890372 0.017034 0.000867
1 2 0.193624 0.484964 0.302515 0.001486 0.017412
2 2 0.009805 0.203090 0.736163 0.017311 0.033631
2 2 0.154713 0.294465 0.538242 0.006764 0.005817
1 2 0.266708 0.564517 0.151000 0.000351 0.017425
2 2 0.031673 0.457029 0.460535 0.007286 0.043477
2 2 0.001660 0.048823 0.765390 0.178922 0.005204
2 2 0.001881 0.068760 0.916364 0.007714 0.005281
2 2 0.046261 0.381669 0.520767 0.012347 0.038957
2 2 0.008571 0.132626 0.851169 0.001996 0.005638
2 2 0.003960 0.030248 0.845686 0.119045 0.001062
2 2 0.000844 0.037372 0.937021 0.021000 0.003763
2 2 0.000707 0.022176 0.975186 0.001505 0.000427
2 2 0.003294 0.043040 0.949506 0.002523 0.001638
2 2 0.001360 0.024685 0.965313 0.007973 0.000668
2 2 0.001984 0.027478 0.967668 0.002334 0.000537
2 2 0.083429 0.226254 0.645181 0.035648 0.009487
1 2 0.312432 0.460670 0.207861 0.001467 0.017570
2 2 0.018605 0.206048 0.753155 0.008358 0.013834
2 2 0.018926 0.308803 0.659991 0.003206 0.009074
2 2 0.006140 0.102452 0.837778 0.051141 0.002489
2 2 0.005373 0.060705 0.913289 0.019562 0.001071
2 2 0.056298 0.242816 0.667491 0.019340 0.014055
2 2 0.082583 0.417622 0.480823 0.002447 0.016524
2 2 0.010076 0.174632 0.799570 0.009031 0.006691
0 2 0.559709 0.282120 0.127671 0.000584 0.029917
0 2 0.750270 0.169275 0.060182 0.001116 0.019157
2 2 0.034861 0.438717 0.485624 0.001289 0.039509
1 2 0.030745 0.533341 0.420512 0.001283 0.014119
2 2 0.012661 0.286081 0.676821 0.006573 0.017865
2 2 0.084965 0.403588 0.492217 0.005139 0.014092
2 2 0.006627 0.105345 0.849257 0.034430 0.004341
2 2 0.002185 0.032283 0.959961 0.005318 0.000252
2 2 0.005185 0.059454 0.927765 0.006846 0.000750
2 2 0.004305 0.089290 0.903644 0.001975 0.000786
2 2 0.004973 0.041761 0.854859 0.098030 0.000376
2 2 0.001952 0.053139 0.940113 0.003357 0.001438
2 2 0.003474 0.040266 0.880047 0.075862 0.000349
2 2 0.001125 0.022042 0.941058 0.035389 0.000386
2 2 0.002239 0.029273 0.790370 0.177533 0.000586
2 2 0.004197 0.030724 0.742745 0.221954 0.000380
2 2 0.003016 0.047003 0.894574 0.054291 0.001117
2 2 0.003741 0.054419 0.781605 0.158076 0.002159
3 2 0.001372 0.007877 0.344603 0.645963 0.000185
2 2 0.189607 0.113626 0.418495 0.265215 0.013057
0 2 0.535847 0.271977 0.176022 0.002543 0.013611
1 2 0.193309 0.548831 0.228822 0.002494 0.026544
1 2 0.276070 0.388021 0.301341 0.010182 0.024386
0 2 0.658588 0.236954 0.071490 0.001493 0.031474
2 2 0.096164 0.293522 0.548840 0.033352 0.028122
0 0 0.924792 0.041109 0.015900 0.001007 0.017192
0 0 0.862837 0.084163 0.036448 0.001606 0.014946
0 0 0.983882 0.009166 0.002333 0.000129 0.004489
0 0 0.990642 0.005406 0.001167 0.000046 0.002739
0 0 0.858698 0.092543 0.032022 0.000937 0.015799
1 0 0.192336 0.614233 0.179574 0.000206 0.013652
0 1 0.420009 0.419330 0.134627 0.000804 0.025231
1 1 0.063397 0.543025 0.377101 0.001030 0.015445
2 1 0.059093 0.348436 0.548429 0.020661 0.023382
0 1 0.895532 0.074852 0.021823 0.000189 0.007604
0 1 0.838492 0.118121 0.034606 0.000196 0.008584
1 1 0.088804 0.616367 0.257117 0.000070 0.037642
0 0 0.681534 0.155196 0.073870 0.005295 0.084105
0 0 0.955372 0.026467 0.006459 0.000129 0.011572
0 0 0.970172 0.017154 0.002775 0.000040 0.009859
0 0 0.975198 0.014225 0.003704 0.000221 0.006652
1 0 0.288454 0.423390 0.223507 0.013538 0.051111
0 0 0.409944 0.401035 0.123086 0.002202 0.063733
2 0 0.067758 0.385612 0.497422 0.016973 0.032236
1 1 0.076948 0.520149 0.354259 0.014780 0.033864
2 1 0.036497 0.357667 0.555541 0.017187 0.033108
1 1 0.056903 0.567054 0.310794 0.000484 0.064765
4 1 0.010193 0.269493 0.215133 0.000069 0.505111
4 1 0.004066 0.229589 0.372732 0.000839 0.392774
4 1 0.006347 0.169601 0.208793 0.000407 0.614851
4 4 0.006537 0.104211 0.131708 0.000237 0.757307
4 4 0.026031 0.044618 0.035131 0.000196 0.894024
4 4 0.026495 0.072107 0.110579 0.001202 0.789618
4 4 0.004698 0.028921 0.026044 0.000050 0.940287
4 4 0.031016 0.215181 0.156212 0.001127 0.596464
4 4 0.016911 0.061597 0.091636 0.001163 0.828693
4 4 0.015891 0.340106 0.207144 0.001042 0.435816
4 4 0.007390 0.188963 0.234371 0.000822 0.568454
4 4 0.002533 0.096860 0.138340 0.000069 0.762198
4 4 0.019397 0.082699 0.086414 0.002182 0.809308
4 4 0.004964 0.020793 0.033537 0.000177 0.940528
4 4 0.029993 0.273632 0.216472 0.001438 0.478465
4 4 0.004718 0.088838 0.126845 0.000238 0.779361
4 4 0.009168 0.114611 0.166610 0.001206 0.708406
4 4 0.013570 0.237789 0.256980 0.002967 0.488693
4 4 0.007661 0.068032 0.071866 0.000284 0.852156
4 4 0.009717 0.262792 0.278104 0.001642 0.447746
4 4 0.004330 0.043483 0.067987 0.000166 0.884033
4 4 0.010071 0.071188 0.065670 0.000268 0.852804
4 4 0.010285 0.090838 0.136166 0.000717 0.761994
4 4 0.003565 0.029853 0.031520 0.000040 0.935022
4 4 0.011630 0.196427 0.278784 0.003609 0.509550
4 4 0.009746 0.056006 0.035871 0.000144 0.898234
4 4 0.015736 0.281666 0.259538 0.003494 0.439565
4 4 0.006126 0.143320 0.111689 0.000140 0.738725
4 4 0.005411 0.088845 0.425466 0.009031 0.471246
4 4 0.007204 0.301182 0.297249 0.000939 0.393425
4 4 0.013418 0.146228 0.128889 0.000161 0.711305
4 4 0.004608 0.120058 0.142928 0.000183 0.732224
4 4 0.004546 0.073518 0.091117 0.000142 0.830677
4 4 0.003563 0.105862 0.116430 0.000058 0.774088
2 4 0.004526 0.172794 0.502941 0.005453 0.314286
2 4 0.002397 0.173465 0.476884 0.001061 0.346193
1 4 0.012858 0.454250 0.320529 0.001025 0.211339
2 4 0.004213 0.258963 0.457983 0.001978 0.276863
2 4 0.006888 0.311907 0.423472 0.001694 0.256039
1 4 0.032022 0.369517 0.320937 0.024672 0.252852
2 4 0.009308 0.237558 0.594985 0.086577 0.071572
2 4 0.010787 0.385016 0.409487 0.002105 0.192605
2 4 0.006682 0.103310 0.802016 0.063899 0.024093
2 1 0.002629 0.124007 0.748172 0.055791 0.069401
2 1 0.010431 0.211245 0.630297 0.044774 0.103253
2 1 0.003062 0.144758 0.768795 0.017958 0.065427
2 1 0.005646 0.081981 0.540949 0.359392 0.012033
2 1 0.003862 0.084626 0.746650 0.143356 0.021507
2 1 0.005731 0.096196 0.847294 0.040681 0.010098
2 1 0.001886 0.026850 0.900866 0.068436 0.001962
2 1 0.000488 0.020072 0.883607 0.093095 0.002738
2 2 0.002097 0.032466 0.914580 0.045380 0.005477
2 2 0.000842 0.009974 0.959585 0.029415 0.000184
2 2 0.000309 0.009049 0.650175 0.338983 0.001484
2 2 0.057311 0.266932 0.661959 0.001769 0.012029
1 2 0.196033 0.425438 0.317172 0.001203 0.060153
0 2 0.887204 0.073786 0.025567 0.000714 0.012729
1 2 0.112150 0.611551 0.260215 0.000237 0.015847
1 2 0.044984 0.523242 0.413457 0.000766 0.017551
1 2 0.043430 0.495501 0.439523 0.007275 0.014271
2 2 0.012666 0.222488 0.718315 0.040133 0.006397
1 2 0.249425 0.470296 0.235797 0.000839 0.043642
2 2 0.003524 0.120429 0.835155 0.026298 0.014593
2 2 0.054568 0.279056 0.650919 0.005883 0.009574
2 2 0.011343 0.302242 0.668688 0.000862 0.016865
2 2 0.010675 0.119322 0.847309 0.019119 0.003575
2 2 0.009204 0.180822 0.785513 0.017905 0.006556
2 2 0.002274 0.112848 0.879213 0.000565 0.005101
2 2 0.001843 0.020818 0.905141 0.072119 0.000079
2 2 0.001447 0.013166 0.944444 0.040782 0.000160
2 2 0.001026 0.045032 0.949613 0.003041 0.001288
2 2 0.004456 0.038814 0.844008 0.111799 0.000923
2 2 0.001278 0.027760 0.967412 0.003358 0.000192
2 2 0.001553 0.020277 0.933348 0.044600 0.000222
2 2 0.000756 0.014359 0.954093 0.030711 0.000081
2 2 0.001886 0.016001 0.876190 0.105782 0.000142
2 2 0.002118 0.022898 0.699540 0.274876 0.000568
2 2 0.001357 0.017139 0.665966 0.315275 0.000263
2 2 0.006363 0.046778 0.772667 0.173364 0.000829
2 2 0.001068 0.008586 0.703071 0.287199 0.000076
3 2 0.001346 0.008642 0.383968 0.605865 0.000179
3 3 0.001381 0.004889 0.214560 0.778982 0.000188
2 3 0.000254 0.004914 0.579540 0.415258 0.000034
3 3 0.001272 0.014464 0.354505 0.629071 0.000689
3 3 0.001300 0.010839 0.259808 0.727533 0.000520
3 3 0.001066 0.012606 0.304283 0.681346 0.000700
3 3 0.000604 0.009081 0.162192 0.827378 0.000745
3 3 0.000439 0.003277 0.219659 0.776548 0.000078
3 3 0.000925 0.008510 0.276912 0.713332 0.000322
3 3 0.000720 0.007376 0.270635 0.720807 0.000461
2 3 0.002859 0.015210 0.519135 0.462512 0.000284
3 3 0.000166 0.002156 0.054862 0.942545 0.000271
3 3 0.000267 0.001875 0.043482 0.954031 0.000344
3 3 0.000091 0.001190 0.039231 0.959279 0.000209
3 3 0.000144 0.000931 0.029212 0.969540 0.000173
3 3 0.000328 0.002493 0.062470 0.934380 0.000328
3 3 0.000204 0.001657 0.032305 0.965435 0.000399
3 3 0.000318 0.001360 0.025691 0.972162 0.000469
3 3 0.000132 0.001210 0.034487 0.963963 0.000207
3 3 0.000308 0.002111 0.035383 0.961613 0.000585
3 3 0.000051 0.000594 0.015656 0.983525 0.000173
3 3 0.000145 0.000859 0.014513 0.984061 0.000421
3 3 0.000242 0.001177 0.024772 0.973447 0.000361
3 3 0.000046 0.000242 0.006889 0.992690 0.000133
3 3 0.000774 0.002682 0.035778 0.959759 0.001006
3 3 0.000203 0.000845 0.014636 0.983871 0.000444
3 3 0.000323 0.001147 0.015845 0.981973 0.000713
3 3 0.000150 0.000555 0.009047 0.989820 0.000429
3 3 0.000266 0.000903 0.011530 0.986553 0.000748
3 3 0.000188 0.000663 0.009799 0.988816 0.000533
3 3 0.000007 0.000053 0.003196 0.996722 0.000023
3 3 0.000191 0.000549 0.010445 0.988454 0.000360
3 3 0.000109 0.000444 0.008322 0.990809 0.000317
3 3 0.000067 0.000293 0.006707 0.992730 0.000203
3 3 0.000552 0.001593 0.014932 0.981482 0.001440
3 3 0.000418 0.001158 0.012134 0.985117 0.001173
3 3 0.000169 0.000617 0.009579 0.989159 0.000476
3 3 0.000113 0.000460 0.008481 0.990624 0.000322
3 3 0.000081 0.000339 0.007167 0.992171 0.000242
3 3 0.000188 0.000645 0.009522 0.989105 0.000541
3 3 0.000408 0.001313 0.013983 0.983175 0.001121
3 3 0.000196 0.000679 0.009859 0.988708 0.000557
3 3 0.000124 0.000442 0.007782 0.991278 0.000374
3 3 0.000151 0.000541 0.008762 0.990106 0.000440
3 3 0.000127 0.000496 0.008675 0.990336 0.000365
3 3 0.000061 0.000262 0.006208 0.993278 0.000191
3 3 0.000853 0.002335 0.018219 0.976475 0.002117
3 3 0.005539 0.007811 0.044082 0.937134 0.005434
3 3 0.004178 0.014533 0.147588 0.831510 0.002192
2 3 0.078938 0.250658 0.533898 0.117136 0.019370
3 3 0.011809 0.059864 0.438292 0.485748 0.004287
2 3 0.019544 0.105532 0.617469 0.252479 0.004976
2 3 0.057780 0.265544 0.644072 0.026052 0.006551
2 3 0.012153 0.070611 0.767239 0.148691 0.001307
2 3 0.018772 0.094700 0.776810 0.107890 0.001829
2 3 0.048144 0.229191 0.686512 0.031061 0.005093
2 3 0.015146 0.114164 0.779032 0.089187 0.002470
2 3 0.015138 0.208320 0.739182 0.033781 0.003579
2 3 0.010307 0.119061 0.831441 0.037855 0.001336
2 3 0.009256 0.067204 0.835106 0.087674 0.000760
2 3 0.211369 0.367455 0.375048 0.021419 0.024710
2 3 0.014221 0.062599 0.821968 0.099652 0.001560
2 3 0.003158 0.050950 0.898506 0.045602 0.001785
2 3 0.000946 0.010367 0.878472 0.110104 0.000110
2 2 0.002240 0.018022 0.741739 0.237750 0.000248
2 2 0.005224 0.051584 0.845728 0.095682 0.001782
2 2 0.000330 0.005749 0.953010 0.040881 0.000029
2 2 0.001849 0.041726 0.910298 0.045228 0.000900
2 2 0.002093 0.014425 0.786046 0.197351 0.000086
2 2 0.006822 0.088707 0.877385 0.025372 0.001713
2 2 0.021890 0.116173 0.845953 0.013002 0.002982
2 2 0.061611 0.404076 0.478244 0.033064 0.023006
3 2 0.000618 0.013646 0.206898 0.777273 0.001565
2 2 0.001685 0.028818 0.642079 0.326191 0.001227
2 2 0.000257 0.016182 0.768581 0.213623 0.001356
2 2 0.000324 0.009373 0.788476 0.201171 0.000656
2 2 0.003628 0.137757 0.667481 0.029306 0.161827
2 2 0.004714 0.201825 0.522468 0.006152 0.264840
4 2 0.019022 0.111969 0.187299 0.008126 0.673584
4 4 0.009186 0.061068 0.112947 0.001450 0.815348
2 4 0.002263 0.128029 0.520688 0.002152 0.346868
4 4 0.007221 0.154361 0.413706 0.007535 0.417176
2 4 0.030690 0.289257 0.492959 0.006315 0.180779
4 4 0.002460 0.201847 0.204842 0.000051 0.590801
4 4 0.006225 0.103750 0.202475 0.001132 0.686418
2 4 0.011593 0.233930 0.541750 0.008883 0.203844
4 4 0.003951 0.101766 0.366889 0.002578 0.524816
4 4 0.008356 0.111433 0.120027 0.000270 0.759914
4 4 0.034427 0.166806 0.188604 0.003541 0.606621
4 4 0.004554 0.097755 0.168420 0.000370 0.728900
4 4 0.004607 0.064445 0.192881 0.001144 0.736924
4 4 0.003770 0.138209 0.324408 0.000906 0.532707
4 4 0.013749 0.152502 0.230402 0.004292 0.599055
4 4 0.013056 0.292453 0.299012 0.003612 0.391867
4 4 0.024143 0.143218 0.204206 0.000511 0.627922
1 4 0.008409 0.358819 0.300403 0.001216 0.331153
4 4 0.007612 0.263807 0.338199 0.001929 0.388453
4 4 0.003367 0.086024 0.363407 0.002394 0.544808
4 4 0.005562 0.073313 0.139386 0.000580 0.781159
4 4 0.013154 0.078369 0.122516 0.002341 0.783620
4 4 0.002923 0.219853 0.316638 0.000240 0.460346
4 4 0.005873 0.147974 0.287937 0.000942 0.557275
4 4 0.003998 0.028616 0.057085 0.000202 0.910099
4 4 0.005721 0.271789 0.297779 0.000636 0.424075
4 4 0.005106 0.178465 0.260700 0.000567 0.555161
4 4 0.002545 0.155108 0.203520 0.000084 0.638742
1 4 0.011487 0.381102 0.291658 0.002073 0.313680
4 4 0.007211 0.192552 0.334461 0.002437 0.463339
2 4 0.004395 0.143979 0.718584 0.001663 0.131378
2 4 0.003613 0.140525 0.672990 0.026042 0.156830
0 4 0.702487 0.212204 0.051589 0.000932 0.032788
1 1 0.203612 0.442981 0.214488 0.000859 0.138060
2 1 0.007173 0.327885 0.612894 0.001478 0.050570
2 1 0.008194 0.224863 0.696852 0.047880 0.022210
2 1 0.006589 0.199145 0.733569 0.044512 0.016185
2 1 0.009440 0.245585 0.699528 0.028980 0.016467
2 1 0.008054 0.237280 0.735307 0.005846 0.013512
2 1 0.002311 0.075489 0.825540 0.088889 0.007771
2 1 0.002102 0.039871 0.938371 0.018689 0.000967
2 1 0.008727 0.236418 0.728526 0.011553 0.014777
2 1 0.005947 0.142690 0.819046 0.021161 0.011157
2 2 0.004327 0.056870 0.876170 0.061531 0.001102
2 2 0.001771 0.059511 0.926784 0.009660 0.002275
1 2 0.138855 0.528120 0.292049 0.000780 0.040195
2 2 0.009556 0.200555 0.730725 0.029130 0.030034
2 2 0.000365 0.015961 0.950616 0.032774 0.000283
2 2 0.001266 0.024224 0.973418 0.000581 0.000510
2 2 0.000343 0.018694 0.976888 0.003458 0.000617
2 2 0.002314 0.027130 0.920130 0.049762 0.000663
2 2 0.001797 0.068973 0.908459 0.017855 0.002916
2 2 0.002833 0.028105 0.902761 0.064840 0.001461
2 2 0.003551 0.024216 0.917771 0.053905 0.000557
2 2 0.002180 0.032260 0.915898 0.048444 0.001219
2 2 0.000476 0.013909 0.984073 0.001370 0.000171
2 2 0.000840 0.023853 0.962193 0.012756 0.000358
2 2 0.000647 0.014141 0.983246 0.001507 0.000460
2 2 0.000489 0.013224 0.978700 0.007286 0.000300
2 2 0.000212 0.010432 0.980665 0.008465 0.000226
2 2 0.001975 0.035707 0.952006 0.007222 0.003090
2 2 0.002228 0.037323 0.944827 0.014769 0.000853
2 2 0.087229 0.335345 0.560173 0.010100 0.007154
2 2 0.013012 0.094090 0.696310 0.191021 0.005567
2 2 0.008973 0.090878 0.852908 0.046405 0.000836
2 2 0.014565 0.071024 0.882645 0.031321 0.000445
2 2 0.010672 0.191199 0.754351 0.040559 0.003220
2 2 0.012508 0.206237 0.763027 0.014995 0.003232
2 2 0.008447 0.117952 0.868882 0.003368 0.001351
2 2 0.010435 0.088196 0.883155 0.017303 0.000911
0 0 0.902559 0.059168 0.018289 0.000828 0.019157
0 0 0.778137 0.163303 0.038826 0.000394 0.019341
1 0 0.088150 0.658656 0.236281 0.000157 0.016755
1 1 0.350349 0.393276 0.215761 0.007271 0.033343
2 1 0.023721 0.341484 0.616023 0.008161 0.010611
2 1 0.071199 0.422285 0.483219 0.010584 0.012713
2 1 0.164343 0.352777 0.444074 0.015237 0.023570
0 1 0.962665 0.019057 0.005019 0.000597 0.012662
1 1 0.096001 0.558500 0.272185 0.002054 0.071261
1 1 0.115408 0.582654 0.223681 0.010843 0.067414
2 1 0.029621 0.380166 0.529273 0.028848 0.032092
2 1 0.005310 0.067882 0.659428 0.262704 0.004676
2 1 0.003962 0.087816 0.824324 0.077449 0.006448
2 1 0.002887 0.060023 0.895765 0.040431 0.000894
2 1 0.002099 0.017578 0.944484 0.035627 0.000213
2 2 0.002563 0.034660 0.931951 0.029898 0.000928
2 2 0.036760 0.255385 0.641907 0.056725 0.009222
2 2 0.007454 0.101997 0.768321 0.119722 0.002506
2 2 0.006719 0.066143 0.846811 0.077824 0.002504
2 2 0.037385 0.228550 0.718981 0.009350 0.005734
2 2 0.002069 0.060842 0.891786 0.042714 0.002589
2 2 0.000808 0.010933 0.874174 0.113979 0.000105
2 2 0.007030 0.091048 0.806637 0.092385 0.002900
2 2 0.002631 0.042069 0.731408 0.223064 0.000827
2 2 0.009074 0.029851 0.746587 0.214101 0.000387
2 2 0.001126 0.032331 0.959664 0.005019 0.001860
2 2 0.000834 0.018695 0.880656 0.099277 0.000538
2 2 0.003345 0.021616 0.936281 0.038407 0.000351
2 2 0.028958 0.086281 0.858401 0.023482 0.002877
2 2 0.024635 0.105882 0.652767 0.188065 0.028651
2 2 0.004660 0.049989 0.759557 0.182760 0.003032
2 2 0.000885 0.015837 0.542828 0.438225 0.002224
2 2 0.000822 0.036955 0.946597 0.014681 0.000944
2 2 0.003165 0.026133 0.899342 0.070756 0.000604
2 2 0.000949 0.009091 0.879478 0.110423 0.000058
2 2 0.001399 0.017051 0.939180 0.042105 0.000265
2 2 0.005090 0.032906 0.837717 0.123236 0.001051
2 2 0.001608 0.014167 0.929456 0.054284 0.000485
2 2 0.006558 0.044099 0.655705 0.292113 0.001525
2 2 0.143215 0.340496 0.462959 0.017970 0.035361
2 3 0.002746 0.079823 0.815912 0.094963 0.006557
2 3 0.003290 0.051714 0.886688 0.054558 0.003751
2 3 0.000884 0.011833 0.744018 0.243067 0.000199
2 3 0.000367 0.015133 0.968432 0.015674 0.000394
2 3 0.001784 0.016769 0.926289 0.054943 0.000215
2 3 0.000229 0.007451 0.978429 0.013830 0.000060
2 3 0.002146 0.016596 0.913979 0.067094 0.000185
0 3 0.528691 0.230363 0.205369 0.013453 0.022123
2 3 0.005879 0.107764 0.703318 0.178989 0.004051
2 3 0.006810 0.117536 0.673723 0.197737 0.004194
2 3 0.011094 0.129965 0.755223 0.100816 0.002902
2 3 0.003520 0.029448 0.505288 0.460840 0.000905
2 3 0.000579 0.013263 0.973463 0.012585 0.000110
2 3 0.004948 0.052672 0.759376 0.181501 0.001503
3 3 0.001745 0.014425 0.441826 0.541670 0.000335
2 2 0.001150 0.032095 0.893346 0.072311 0.001098
2 2 0.000971 0.014726 0.909269 0.074700 0.000334
2 2 0.001608 0.038273 0.944663 0.013895 0.001562
2 2 0.000852 0.017094 0.961252 0.020695 0.000106
2 2 0.001646 0.028164 0.896338 0.073168 0.000685
2 2 0.000897 0.023642 0.934678 0.040257 0.000526
2 2 0.000567 0.013585 0.824455 0.161223 0.000170
2 2 0.000870 0.023734 0.790942 0.182954 0.001500
2 2 0.001601 0.026206 0.841219 0.130499 0.000476
2 2 0.001303 0.038138 0.798789 0.160768 0.001002
2 2 0.001993 0.028064 0.739921 0.229377 0.000644
2 2 0.001402 0.021719 0.861585 0.114736 0.000558
2 2 0.001279 0.016913 0.573041 0.408353 0.000413
2 2 0.002035 0.022987 0.639855 0.334473 0.000651
3 2 0.000729 0.012010 0.313657 0.673096 0.000508
3 2 0.000414 0.006116 0.200175 0.793042 0.000253
3 2 0.001546 0.014865 0.487918 0.495096 0.000574
2 2 0.001176 0.016309 0.577307 0.404752 0.000455
3 2 0.002005 0.016950 0.461320 0.519316 0.000409
2 2 0.000564 0.008313 0.512343 0.478575 0.000204
3 2 0.012939 0.030118 0.382027 0.573076 0.001839
