0 0 0.440847 0.325557 0.070656 0.000006 0.162934
0 0 0.679595 0.031556 0.006726 0.000001 0.282122
4 0 0.349464 0.084514 0.022766 0.000004 0.543253
0 0 0.698659 0.004883 0.000829 0.000000 0.295629
0 0 0.754871 0.018416 0.004081 0.000000 0.222633
0 0 0.720152 0.017845 0.005673 0.000004 0.256325
0 0 0.604133 0.205265 0.058365 0.000022 0.132215
0 0 0.483857 0.314616 0.127083 0.000833 0.073611
0 0 0.694427 0.162811 0.047573 0.000016 0.095172
0 0 0.367566 0.336428 0.097017 0.000028 0.198962
0 0 0.463374 0.319930 0.086830 0.000009 0.129856
0 0 0.517200 0.244371 0.064501 0.000024 0.173905
0 0 0.400302 0.273261 0.053733 0.000001 0.272702
0 0 0.811453 0.020939 0.005179 0.000006 0.162423
0 0 0.860582 0.027738 0.007981 0.000008 0.103691
4 0 0.251139 0.281515 0.074441 0.000028 0.392877
1 0 0.071957 0.472198 0.162337 0.000051 0.293456
1 1 0.147366 0.459414 0.149871 0.000024 0.243325
0 1 0.478011 0.226409 0.063173 0.000071 0.232337
0 1 0.385488 0.380729 0.109212 0.000051 0.124521
0 1 0.671598 0.121995 0.040347 0.000019 0.166040
1 1 0.325395 0.446506 0.102310 0.000015 0.125774
1 1 0.139212 0.547774 0.174571 0.000320 0.138122
1 1 0.119880 0.577308 0.150365 0.000033 0.152414
1 1 0.062806 0.458695 0.185246 0.000099 0.293153
1 1 0.062398 0.547815 0.219098 0.001550 0.169140
1 1 0.064306 0.553387 0.237939 0.002732 0.141637
2 1 0.011508 0.311588 0.438414 0.012482 0.226008
2 1 0.008706 0.256012 0.548109 0.017319 0.169853
2 1 0.004596 0.174328 0.728480 0.022455 0.070142
2 1 0.026331 0.384554 0.453093 0.039891 0.096132
2 1 0.003937 0.075682 0.888790 0.025241 0.006349
2 2 0.000373 0.017778 0.919457 0.058116 0.004276
2 2 0.009691 0.204657 0.692873 0.034932 0.057847
2 2 0.001629 0.105015 0.754594 0.090080 0.048682
2 2 0.000347 0.020718 0.910168 0.064933 0.003834
2 2 0.000584 0.021648 0.880172 0.080308 0.017288
3 2 0.000266 0.002889 0.242213 0.754166 0.000465
2 2 0.005607 0.020689 0.548866 0.420591 0.004248
2 2 0.000826 0.025097 0.688044 0.282336 0.003697
3 2 0.000001 0.000200 0.445745 0.554040 0.000014
2 2 0.003919 0.029401 0.500792 0.459837 0.006050
3 2 0.000110 0.001534 0.208968 0.789032 0.000356
3 2 0.001932 0.010692 0.298417 0.683464 0.005494
3 2 0.000002 0.000188 0.155192 0.844558 0.000060
3 3 0.000370 0.001327 0.103961 0.892961 0.001381
3 3 0.000003 0.000042 0.033962 0.965979 0.000014
3 3 0.000063 0.000103 0.018160 0.981612 0.000063
3 3 0.000014 0.000222 0.068927 0.930711 0.000127
3 3 0.000006 0.000035 0.006920 0.993010 0.000029
3 3 0.000003 0.000013 0.002440 0.997538 0.000006
3 3 0.000209 0.000226 0.008544 0.990831 0.000190
3 3 0.000000 0.000008 0.005623 0.994363 0.000006
3 3 0.000006 0.000022 0.005289 0.994619 0.000064
3 3 0.000000 0.000003 0.002756 0.997240 0.000001
3 3 0.000001 0.000003 0.001004 0.998990 0.000002
3 3 0.000011 0.000017 0.001935 0.998027 0.000010
3 3 0.000002 0.000004 0.000863 0.999129 0.000003
3 3 0.000005 0.000019 0.003570 0.996374 0.000032
3 3 0.000006 0.000016 0.002976 0.996991 0.000012
3 3 0.000008 0.000012 0.001426 0.998542 0.000012
3 3 0.000005 0.000011 0.002029 0.997937 0.000019
3 3 0.000014 0.000009 0.000931 0.999027 0.000019
3 3 0.000001 0.000006 0.001980 0.998011 0.000002
3 3 0.000002 0.000003 0.000717 0.999276 0.000002
3 3 0.000002 0.000004 0.000875 0.999116 0.000003
3 3 0.000003 0.000006 0.000995 0.998993 0.000003
3 3 0.000007 0.000012 0.001483 0.998489 0.000010
3 3 0.000002 0.000004 0.000897 0.999094 0.000002
3 3 0.000001 0.000003 0.000968 0.999026 0.000002
3 3 0.000007 0.000004 0.000555 0.999429 0.000005
3 3 0.000002 0.000005 0.000937 0.999053 0.000003
3 3 0.000002 0.000006 0.001377 0.998613 0.000003
3 3 0.000002 0.000003 0.000717 0.999275 0.000002
3 3 0.000002 0.000005 0.000871 0.999121 0.000001
3 3 0.000004 0.000004 0.000677 0.999310 0.000005
3 3 0.000005 0.000004 0.000532 0.999456 0.000004
3 3 0.000001 0.000003 0.000541 0.999454 0.000001
3 3 0.000073 0.000047 0.002234 0.997598 0.000047
3 3 0.000249 0.000243 0.005430 0.993972 0.000107
3 3 0.000004 0.000094 0.033321 0.966575 0.000005
3 3 0.000170 0.000183 0.008579 0.990868 0.000200
3 3 0.000492 0.000970 0.032311 0.965732 0.000494
3 3 0.000121 0.000270 0.021790 0.977688 0.000131
3 3 0.001276 0.001328 0.037481 0.959514 0.000401
3 3 0.001171 0.002701 0.074596 0.919742 0.001790
3 3 0.000061 0.000767 0.111737 0.887345 0.000091
3 3 0.000842 0.005661 0.287146 0.704726 0.001625
3 3 0.000270 0.001397 0.101576 0.896355 0.000401
3 3 0.001246 0.001138 0.017999 0.979067 0.000550
3 3 0.000039 0.000254 0.014426 0.985202 0.000079
3 3 0.000030 0.000392 0.091505 0.908020 0.000052
3 3 0.000018 0.000269 0.065909 0.933773 0.000030
3 3 0.000351 0.001407 0.085652 0.911552 0.001038
3 3 0.000423 0.007924 0.453384 0.537153 0.001116
3 3 0.000138 0.001380 0.153862 0.844342 0.000278
3 3 0.000024 0.001448 0.421043 0.577390 0.000094
3 3 0.001003 0.005961 0.226616 0.760268 0.006152
3 3 0.000061 0.001542 0.193436 0.804828 0.000132
3 3 0.000010 0.000543 0.203032 0.796386 0.000030
3 3 0.000937 0.001353 0.051697 0.943750 0.002263
3 3 0.000014 0.000251 0.068507 0.931137 0.000090
3 3 0.000036 0.000205 0.020131 0.979499 0.000128
3 3 0.000080 0.001211 0.109983 0.888549 0.000178
3 3 0.000768 0.000725 0.024673 0.973226 0.000607
3 3 0.000092 0.001501 0.138651 0.859666 0.000090
3 3 0.000154 0.001696 0.258192 0.739292 0.000666
3 3 0.000232 0.000776 0.022956 0.975774 0.000261
3 3 0.000013 0.000527 0.156978 0.842395 0.000087
3 3 0.000093 0.002323 0.380744 0.616621 0.000219
3 3 0.001954 0.002142 0.074109 0.921219 0.000576
2 3 0.091001 0.147576 0.686392 0.053371 0.021660
3 3 0.000062 0.000326 0.031533 0.967980 0.000100
3 3 0.000818 0.002893 0.147278 0.847874 0.001137
3 3 0.000874 0.002566 0.084687 0.911243 0.000629
3 3 0.000532 0.003293 0.227703 0.767900 0.000572
3 3 0.000782 0.003039 0.198066 0.796842 0.001271
3 3 0.001889 0.010497 0.399734 0.585942 0.001939
3 3 0.000761 0.005685 0.164044 0.827579 0.001931
3 3 0.000081 0.002042 0.389392 0.608137 0.000348
3 3 0.000062 0.002961 0.401636 0.595188 0.000153
3 3 0.000108 0.001761 0.188196 0.809697 0.000238
3 3 0.001572 0.009600 0.436461 0.550655 0.001713
3 3 0.006289 0.009880 0.099988 0.879054 0.004790
3 3 0.000818 0.003718 0.162971 0.831713 0.000780
2 3 0.000419 0.003223 0.532714 0.463126 0.000518
3 3 0.002934 0.010853 0.300244 0.653058 0.032911
3 3 0.000113 0.001584 0.340869 0.656811 0.000623
3 3 0.009859 0.016920 0.205256 0.755917 0.012049
3 3 0.000161 0.002920 0.336607 0.659834 0.000479
2 3 0.000177 0.004800 0.636833 0.357341 0.000849
3 3 0.000253 0.001038 0.063782 0.934577 0.000350
3 3 0.000630 0.006435 0.378686 0.613568 0.000681
3 3 0.007377 0.016942 0.282719 0.687956 0.005005
3 3 0.000003 0.000096 0.042168 0.957718 0.000015
3 3 0.000111 0.001171 0.112814 0.885795 0.000109
3 3 0.000031 0.000167 0.017015 0.982757 0.000031
3 3 0.003259 0.002019 0.038383 0.955284 0.001055
3 3 0.001560 0.001035 0.018872 0.976928 0.001605
2 3 0.078276 0.144167 0.440149 0.106822 0.230587
1 1 0.073541 0.412815 0.313796 0.030127 0.169722
1 1 0.212437 0.478521 0.268142 0.010296 0.030603
2 1 0.023491 0.145659 0.402710 0.141177 0.286963
3 1 0.003214 0.020048 0.332115 0.627157 0.017467
2 2 0.013403 0.113012 0.670481 0.153414 0.049689
2 2 0.006263 0.061925 0.726762 0.192771 0.012279
2 2 0.005112 0.199719 0.640141 0.045622 0.109405
4 2 0.019069 0.156200 0.215580 0.004169 0.604982
2 2 0.010242 0.305849 0.480546 0.012813 0.190550
4 2 0.015177 0.218497 0.104540 0.000241 0.661545
4 4 0.018964 0.217148 0.244475 0.001426 0.517987
4 4 0.048167 0.314873 0.196960 0.003562 0.436437
4 4 0.015725 0.261327 0.254541 0.000311 0.468095
2 4 0.006776 0.239658 0.521755 0.011570 0.220241
4 4 0.042496 0.185550 0.067432 0.000055 0.704467
4 4 0.024492 0.129389 0.060770 0.000836 0.784514
2 4 0.015994 0.338131 0.347423 0.000291 0.298161
4 4 0.093120 0.056910 0.024842 0.000023 0.825105
1 4 0.161223 0.545373 0.201838 0.000061 0.091505
4 4 0.016217 0.192014 0.280141 0.002180 0.509448
4 4 0.016854 0.239183 0.187486 0.000083 0.556393
4 4 0.013618 0.276944 0.263565 0.000073 0.445800
4 4 0.048463 0.219363 0.074191 0.000017 0.657966
4 4 0.009274 0.282617 0.288333 0.000431 0.419345
4 4 0.008521 0.272055 0.356765 0.000593 0.362065
4 4 0.035824 0.241455 0.138720 0.001134 0.582867
4 4 0.023360 0.330752 0.250834 0.000319 0.394735
1 4 0.032173 0.413171 0.277228 0.000302 0.277127
1 4 0.023299 0.368084 0.303813 0.000843 0.303961
2 4 0.008198 0.269324 0.431283 0.002621 0.288574
1 4 0.032265 0.402683 0.254550 0.001448 0.309055
2 4 0.006678 0.204833 0.656601 0.008533 0.123355
2 4 0.005833 0.196454 0.650123 0.015819 0.131772
2 4 0.004894 0.178014 0.667989 0.006369 0.142734
2 4 0.007281 0.128520 0.774718 0.059375 0.030106
2 2 0.005077 0.177230 0.685296 0.030161 0.102236
2 2 0.003942 0.129933 0.719965 0.104201 0.041959
2 2 0.000622 0.026794 0.864265 0.104629 0.003690
2 2 0.012128 0.149434 0.821779 0.008111 0.008548
1 2 0.086370 0.571992 0.195225 0.000020 0.146393
1 2 0.026804 0.424197 0.396304 0.000605 0.152090
2 2 0.008688 0.177255 0.731448 0.018605 0.064003
1 2 0.171072 0.544632 0.212563 0.003118 0.068615
4 2 0.070111 0.347642 0.153069 0.000165 0.429013
1 2 0.332161 0.338463 0.133853 0.002099 0.193424
4 2 0.374563 0.153746 0.044205 0.000010 0.427477
4 2 0.357983 0.126354 0.052288 0.000084 0.463291
4 2 0.255631 0.234294 0.094191 0.000413 0.415471
1 2 0.068926 0.576794 0.201455 0.000751 0.152074
2 2 0.020980 0.341254 0.478703 0.035312 0.123751
2 2 0.003513 0.072985 0.812762 0.100891 0.009849
2 2 0.002616 0.067108 0.890899 0.028469 0.010908
2 2 0.002099 0.056815 0.909446 0.023980 0.007660
2 2 0.001706 0.030436 0.942060 0.023236 0.002562
2 2 0.001049 0.041388 0.910110 0.030647 0.016806
2 2 0.015607 0.198596 0.715702 0.029650 0.040445
1 2 0.128083 0.332206 0.292617 0.003997 0.243097
2 2 0.019100 0.246946 0.548198 0.038395 0.147361
2 2 0.004006 0.054054 0.867142 0.062358 0.012440
2 2 0.001184 0.054808 0.827082 0.105482 0.011445
2 2 0.000912 0.020203 0.928447 0.046330 0.004109
2 2 0.000316 0.016808 0.928334 0.052932 0.001610
2 2 0.000661 0.023302 0.879140 0.093423 0.003475
2 2 0.000538 0.012878 0.755702 0.228819 0.002063
2 2 0.000572 0.021691 0.912931 0.063151 0.001655
2 2 0.000450 0.014026 0.893239 0.087187 0.005098
2 2 0.000491 0.008636 0.774551 0.212305 0.004017
2 2 0.000327 0.015642 0.889996 0.091494 0.002541
2 2 0.000459 0.009932 0.748940 0.237212 0.003457
3 2 0.001190 0.004152 0.187750 0.806615 0.000294
2 2 0.000595 0.006136 0.568607 0.422908 0.001755
2 3 0.002628 0.051457 0.753130 0.166441 0.026344
2 3 0.000405 0.007702 0.645653 0.345414 0.000827
2 3 0.000530 0.023366 0.786569 0.186931 0.002604
2 3 0.000002 0.001020 0.712194 0.286718 0.000066
3 3 0.000394 0.002165 0.266807 0.730014 0.000620
3 3 0.000158 0.003629 0.405187 0.589975 0.001051
3 3 0.000112 0.000761 0.064781 0.934207 0.000139
3 3 0.000068 0.001801 0.234121 0.763569 0.000441
2 3 0.000115 0.004384 0.659840 0.334379 0.001282
2 3 0.000945 0.012747 0.627847 0.356782 0.001678
2 3 0.000112 0.003327 0.547657 0.448321 0.000584
3 3 0.000129 0.002565 0.337764 0.659225 0.000317
3 3 0.000162 0.003808 0.264984 0.730517 0.000530
3 3 0.000008 0.000260 0.115762 0.883943 0.000028
3 3 0.000008 0.000124 0.039836 0.960020 0.000012
3 3 0.000089 0.000625 0.086165 0.912917 0.000205
3 3 0.000293 0.001867 0.104926 0.892236 0.000677
3 3 0.000003 0.000045 0.014941 0.985005 0.000006
3 3 0.000644 0.002028 0.146701 0.849870 0.000757
3 3 0.000048 0.000402 0.043906 0.955599 0.000044
3 3 0.000299 0.001626 0.146264 0.851368 0.000444
3 3 0.000013 0.000220 0.058457 0.941291 0.000019
3 3 0.000013 0.000056 0.009251 0.990671 0.000009
3 3 0.000953 0.001881 0.047071 0.949116 0.000979
3 3 0.000012 0.000073 0.011406 0.988481 0.000028
3 3 0.000046 0.000171 0.013300 0.986424 0.000059
3 3 0.000132 0.000366 0.027427 0.972015 0.000059
3 3 0.000008 0.000058 0.012822 0.987090 0.000023
3 3 0.000002 0.000022 0.005149 0.994824 0.000003
3 3 0.000021 0.000057 0.005970 0.993929 0.000022
3 3 0.000001 0.000005 0.001686 0.998307 0.000001
3 3 0.000066 0.000054 0.002700 0.997160 0.000019
3 3 0.000010 0.000016 0.001659 0.998310 0.000005
3 3 0.000008 0.000025 0.003980 0.995980 0.000007
3 3 0.000006 0.000007 0.000890 0.999093 0.000004
3 3 0.000022 0.000017 0.001556 0.998393 0.000012
3 3 0.000001 0.000003 0.000802 0.999193 0.000001
3 3 0.000000 0.000003 0.001112 0.998883 0.000001
3 3 0.000003 0.000006 0.000887 0.999102 0.000002
3 3 0.000042 0.000023 0.001404 0.998489 0.000042
3 3 0.000015 0.000024 0.002072 0.997880 0.000010
3 3 0.000016 0.000016 0.001695 0.998270 0.000004
3 3 0.000019 0.000022 0.001652 0.998295 0.000012
3 3 0.000008 0.000007 0.000736 0.999244 0.000004
3 3 0.000011 0.000012 0.000868 0.999106 0.000002
3 3 0.000013 0.000008 0.000714 0.999257 0.000009
3 3 0.000024 0.000015 0.001014 0.998933 0.000013
3 3 0.000004 0.000007 0.000994 0.998993 0.000002
3 3 0.000007 0.000004 0.000456 0.999531 0.000002
3 3 0.000016 0.000015 0.001170 0.998791 0.000009
3 3 0.000082 0.000015 0.000571 0.999312 0.000020
3 3 0.000004 0.000004 0.000526 0.999464 0.000002
3 3 0.000036 0.000016 0.000792 0.999147 0.000010
3 3 0.000085 0.000019 0.000688 0.999187 0.000020
3 3 0.000003 0.000004 0.000600 0.999393 0.000001
3 3 0.000040 0.000014 0.000721 0.999214 0.000012
3 3 0.000050 0.000008 0.000426 0.999498 0.000017
3 3 0.000047 0.000011 0.000540 0.999389 0.000013
3 3 0.000414 0.000093 0.001807 0.997564 0.000121
3 3 0.000005 0.000007 0.001101 0.998879 0.000008
3 3 0.000019 0.000008 0.000588 0.999379 0.000006
3 3 0.000021 0.000023 0.001620 0.998322 0.000014
3 3 0.000002 0.000004 0.000863 0.999129 0.000001
3 3 0.000007 0.000009 0.000982 0.998998 0.000004
3 3 0.000028 0.000009 0.000597 0.999355 0.000012
3 3 0.000021 0.000007 0.000459 0.999508 0.000006
3 3 0.000031 0.000021 0.001323 0.998605 0.000020
3 3 0.000004 0.000010 0.001303 0.998680 0.000003
3 3 0.000001 0.000002 0.000485 0.999512 0.000000
3 3 0.000004 0.000008 0.001058 0.998927 0.000003
3 3 0.000019 0.000006 0.000452 0.999515 0.000007
3 3 0.000011 0.000005 0.000427 0.999554 0.000004
3 3 0.000002 0.000004 0.000588 0.999405 0.000001
3 3 0.000010 0.000005 0.000482 0.999499 0.000004
3 3 0.000035 0.000008 0.000500 0.999440 0.000017
3 3 0.000005 0.000003 0.000480 0.999509 0.000003
3 3 0.000006 0.000004 0.000473 0.999513 0.000003
3 3 0.000004 0.000004 0.000508 0.999483 0.000002
3 3 0.000005 0.000005 0.000509 0.999480 0.000001
3 3 0.000027 0.000010 0.000640 0.999311 0.000011
3 3 0.000006 0.000006 0.000676 0.999310 0.000003
3 3 0.000070 0.000018 0.000733 0.999159 0.000019
3 3 0.000012 0.000006 0.000597 0.999377 0.000007
3 3 0.000020 0.000009 0.000624 0.999341 0.000006
3 3 0.000007 0.000005 0.000516 0.999468 0.000004
3 3 0.000002 0.000002 0.000435 0.999560 0.000001
3 3 0.000043 0.000034 0.002309 0.997561 0.000054
3 3 0.000093 0.000034 0.001018 0.998841 0.000014
3 3 0.435031 0.031929 0.025025 0.500414 0.007601
3 3 0.187417 0.079199 0.225374 0.474221 0.033790
3 3 0.016499 0.056784 0.232332 0.682209 0.012176
3 3 0.013378 0.008178 0.079621 0.896952 0.001871
3 3 0.019046 0.014152 0.101179 0.864699 0.000925
0 3 0.373919 0.123677 0.279080 0.218887 0.004436
3 3 0.036907 0.018689 0.110798 0.832908 0.000698
2 3 0.152368 0.250148 0.396474 0.190914 0.010096
2 3 0.115972 0.287003 0.309736 0.217513 0.069775
0 2 0.652901 0.265343 0.063097 0.006360 0.012300
0 2 0.477277 0.345457 0.130922 0.013379 0.032965
0 2 0.785914 0.152567 0.049738 0.006000 0.005782
0 2 0.776594 0.132711 0.069285 0.016795 0.004615
0 2 0.782980 0.143973 0.053727 0.013530 0.005790
0 2 0.664995 0.224955 0.077852 0.025887 0.006311
0 1 0.754927 0.167494 0.049249 0.000535 0.027795
0 1 0.789523 0.147859 0.050196 0.003209 0.009213
0 1 0.818783 0.135466 0.033437 0.001079 0.011234
0 1 0.693504 0.224385 0.066328 0.001410 0.014372
0 1 0.781278 0.168862 0.044757 0.001258 0.003844
0 1 0.602921 0.291961 0.059545 0.000136 0.045436
0 1 0.763679 0.148827 0.051257 0.034645 0.001592
1 1 0.382056 0.424057 0.158611 0.001607 0.033670
1 1 0.050605 0.429417 0.299136 0.002105 0.218737
1 1 0.032184 0.431921 0.239848 0.000410 0.295637
1 1 0.028152 0.408413 0.231625 0.001526 0.330284
4 1 0.006134 0.251076 0.321247 0.002843 0.418700
4 1 0.016969 0.361042 0.161385 0.000681 0.459922
4 1 0.030346 0.200762 0.109200 0.002132 0.657560
4 4 0.025181 0.005116 0.002333 0.000117 0.967253
4 4 0.032319 0.016787 0.008929 0.000547 0.941419
4 4 0.021533 0.027226 0.014407 0.000406 0.936428
4 4 0.020349 0.020565 0.009297 0.000107 0.949682
4 4 0.026986 0.175049 0.076589 0.000237 0.721139
4 4 0.049998 0.028489 0.015732 0.000274 0.905507
4 4 0.026926 0.095147 0.045222 0.000156 0.832549
4 4 0.028612 0.180252 0.092202 0.000524 0.698410
4 4 0.055684 0.025626 0.010362 0.000062 0.908265
4 4 0.026276 0.020266 0.008743 0.000057 0.944658
4 4 0.052254 0.352316 0.136110 0.000111 0.459209
4 4 0.047387 0.148027 0.083240 0.001451 0.719895
4 4 0.072332 0.186514 0.115668 0.000306 0.625181
4 4 0.029805 0.251860 0.177251 0.000088 0.540996
4 4 0.031449 0.166482 0.090198 0.000285 0.711586
4 4 0.042305 0.216244 0.108645 0.000419 0.632387
4 4 0.032423 0.127510 0.041711 0.000006 0.798349
4 4 0.079258 0.225215 0.136906 0.001100 0.557521
4 4 0.065904 0.125864 0.059489 0.000088 0.748655
4 4 0.107514 0.037557 0.011484 0.000002 0.843443
4 4 0.073660 0.197763 0.093827 0.000716 0.634034
4 4 0.027562 0.204388 0.110849 0.000039 0.657161
4 4 0.016689 0.281020 0.220490 0.000122 0.481680
4 4 0.012188 0.145436 0.140763 0.000993 0.700621
4 4 0.049446 0.019347 0.007515 0.000013 0.923679
4 4 0.032225 0.015180 0.005571 0.000019 0.947004
4 4 0.045568 0.109428 0.039048 0.000074 0.805881
4 4 0.029891 0.051301 0.019053 0.000017 0.899738
4 4 0.024852 0.275501 0.263435 0.001192 0.435020
4 4 0.037217 0.096619 0.034151 0.000010 0.832003
4 4 0.028078 0.235851 0.182363 0.000869 0.552839
4 4 0.016799 0.212001 0.200125 0.000091 0.570984
4 4 0.046213 0.176423 0.178714 0.000908 0.597742
4 4 0.023543 0.182908 0.127302 0.000304 0.665942
4 4 0.023093 0.272218 0.166410 0.000082 0.538198
4 1 0.022086 0.203645 0.249495 0.000342 0.524433
4 1 0.013345 0.284581 0.271764 0.000071 0.430239
4 1 0.018515 0.232792 0.136183 0.000025 0.612484
4 2 0.011958 0.248786 0.292628 0.000932 0.445696
4 2 0.013848 0.293616 0.243735 0.000113 0.448687
4 2 0.014573 0.246105 0.259159 0.000068 0.480095
4 2 0.014002 0.249506 0.254639 0.000128 0.481726
2 2 0.013034 0.192418 0.492578 0.003403 0.298567
4 2 0.011431 0.203267 0.256708 0.000670 0.527924
2 2 0.005682 0.254180 0.372532 0.000752 0.366853
4 2 0.014135 0.225508 0.352667 0.000520 0.407170
4 2 0.012790 0.293306 0.296124 0.001193 0.396587
2 2 0.023767 0.304445 0.340147 0.002307 0.329334
2 2 0.021473 0.243011 0.430269 0.005987 0.299261
2 2 0.015830 0.203660 0.430204 0.003103 0.347203
2 2 0.007171 0.229807 0.563241 0.008557 0.191223
2 2 0.011169 0.237853 0.524274 0.001754 0.224950
4 2 0.025769 0.214161 0.312506 0.000552 0.447012
2 2 0.022450 0.277101 0.476162 0.013535 0.210752
4 2 0.025804 0.296899 0.315532 0.000163 0.361603
2 2 0.011698 0.188572 0.438312 0.003195 0.358223
0 2 0.568530 0.151349 0.045746 0.000034 0.234341
0 1 0.378918 0.368219 0.084782 0.000007 0.168074
4 1 0.064246 0.193272 0.078199 0.000045 0.664238
1 1 0.239023 0.449028 0.199705 0.001305 0.110939
1 1 0.272821 0.376822 0.121463 0.000056 0.228838
1 1 0.060262 0.544451 0.181870 0.000204 0.213213
1 1 0.036006 0.445220 0.247866 0.000241 0.270667
2 1 0.008775 0.322694 0.376978 0.001658 0.289895
4 1 0.042762 0.343266 0.213844 0.000861 0.399267
2 1 0.010495 0.232082 0.641842 0.014995 0.100585
2 1 0.005968 0.228491 0.566584 0.023555 0.175402
2 1 0.010178 0.126829 0.705524 0.040490 0.116979
2 1 0.002289 0.094863 0.841697 0.023025 0.038126
2 1 0.001586 0.072769 0.776003 0.119635 0.030007
2 2 0.000481 0.030388 0.947432 0.006689 0.015011
2 2 0.000826 0.033921 0.919976 0.034753 0.010524
2 2 0.000377 0.024568 0.957962 0.010287 0.006806
2 2 0.001040 0.041883 0.924767 0.014245 0.018065
2 2 0.000361 0.021088 0.953290 0.019455 0.005807
2 2 0.002110 0.101451 0.792248 0.021533 0.082657
2 2 0.002893 0.062275 0.862405 0.030157 0.042270
2 2 0.000765 0.022582 0.922070 0.049909 0.004674
2 2 0.000973 0.039061 0.885091 0.058529 0.016346
2 2 0.002499 0.052847 0.879960 0.032361 0.032332
2 2 0.003510 0.078882 0.846399 0.023261 0.047948
2 2 0.001729 0.034098 0.878376 0.067255 0.018541
2 2 0.001133 0.031223 0.879639 0.080221 0.007785
2 2 0.009683 0.095318 0.690629 0.166396 0.037973
2 2 0.002156 0.057222 0.831940 0.063284 0.045398
2 2 0.002264 0.039443 0.766048 0.168678 0.023567
2 2 0.003604 0.031419 0.803627 0.124070 0.037279
2 2 0.001445 0.022625 0.865212 0.102594 0.008124
2 2 0.001880 0.057062 0.794533 0.068882 0.077642
2 2 0.000528 0.023417 0.924810 0.044628 0.006616
2 2 0.000232 0.013013 0.886977 0.096935 0.002843
3 2 0.017237 0.037818 0.376382 0.559359 0.009205
2 2 0.017793 0.129705 0.623477 0.212733 0.016293
2 2 0.002153 0.040014 0.739034 0.212684 0.006114
2 2 0.000264 0.011464 0.927204 0.060098 0.000970
2 2 0.003531 0.035780 0.763718 0.183686 0.013286
2 2 0.002105 0.028137 0.804629 0.148945 0.016185
2 2 0.001245 0.026677 0.853360 0.114440 0.004278
2 2 0.003596 0.070085 0.754862 0.150972 0.020485
2 2 0.000287 0.011963 0.778434 0.208627 0.000688
2 2 0.010275 0.057200 0.563526 0.333263 0.035736
3 2 0.019256 0.032488 0.439604 0.497736 0.010915
3 2 0.008447 0.044810 0.449213 0.488254 0.009276
2 2 0.001189 0.015272 0.686244 0.289036 0.008259
2 2 0.001782 0.050416 0.782365 0.130074 0.035364
2 2 0.000467 0.019433 0.877291 0.099116 0.003692
2 2 0.003167 0.031254 0.807350 0.142372 0.015857
2 2 0.002150 0.045397 0.757704 0.182325 0.012426
3 2 0.000556 0.007007 0.433371 0.557613 0.001453
2 2 0.001250 0.016313 0.871346 0.101235 0.009857
2 2 0.000617 0.019209 0.720878 0.256922 0.002374
2 2 0.003198 0.027013 0.522543 0.440470 0.006776
3 2 0.000758 0.008849 0.382017 0.605788 0.002587
2 2 0.000033 0.004057 0.812647 0.182869 0.000394
2 2 0.005256 0.040868 0.642364 0.242928 0.068583
2 2 0.002663 0.039798 0.614209 0.337169 0.006160
2 2 0.000818 0.008806 0.558406 0.430884 0.001087
2 2 0.000540 0.015976 0.737610 0.244763 0.001110
2 2 0.005957 0.037520 0.670485 0.271002 0.015036
2 2 0.000060 0.004807 0.773813 0.221007 0.000313
2 2 0.005968 0.052469 0.701184 0.228936 0.011444
2 2 0.000037 0.002608 0.661558 0.335462 0.000335
3 2 0.002253 0.011290 0.360065 0.619182 0.007209
2 2 0.000738 0.008835 0.549949 0.436496 0.003982
3 2 0.001554 0.012842 0.390506 0.569013 0.026084
2 2 0.000294 0.008924 0.741649 0.246305 0.002829
2 2 0.000133 0.005424 0.530114 0.463680 0.000648
3 3 0.000326 0.004608 0.323935 0.669219 0.001911
3 3 0.001590 0.006132 0.157720 0.829220 0.005338
3 3 0.000043 0.001529 0.332910 0.665429 0.000090
3 3 0.000477 0.004375 0.249805 0.742677 0.002666
3 3 0.004292 0.002825 0.048118 0.944326 0.000439
3 3 0.000141 0.000310 0.015067 0.984376 0.000107
3 3 0.005271 0.038612 0.336957 0.581392 0.037768
2 3 0.015847 0.140287 0.698499 0.120940 0.024427
3 3 0.000121 0.001993 0.168531 0.829031 0.000325
3 3 0.001820 0.009172 0.350361 0.630557 0.008090
3 3 0.000143 0.001698 0.205913 0.791934 0.000313
2 3 0.000888 0.016744 0.646024 0.331603 0.004741
2 3 0.006082 0.044595 0.529249 0.405906 0.014168
2 3 0.005677 0.045819 0.666205 0.273581 0.008718
2 3 0.003436 0.042854 0.607365 0.330957 0.015389
3 3 0.000465 0.006404 0.394438 0.597025 0.001669
2 3 0.001214 0.015153 0.727788 0.253658 0.002187
2 3 0.000302 0.009665 0.726927 0.261616 0.001490
2 3 0.001141 0.019279 0.724123 0.251859 0.003597
2 3 0.000076 0.005771 0.840769 0.152849 0.000535
3 3 0.000152 0.003977 0.368124 0.627275 0.000472
3 3 0.001193 0.007041 0.196727 0.793569 0.001469
2 3 0.000050 0.002768 0.634255 0.362740 0.000186
2 3 0.000071 0.003970 0.502329 0.493288 0.000342
3 3 0.000237 0.003320 0.292784 0.702962 0.000698
3 3 0.000439 0.001293 0.073642 0.923101 0.001526
2 3 0.000377 0.004657 0.590000 0.402934 0.002032
3 3 0.007660 0.030967 0.407629 0.535037 0.018708
3 3 0.000703 0.004345 0.304522 0.689190 0.001239
2 3 0.003317 0.024287 0.578033 0.384387 0.009976
3 3 0.005642 0.010877 0.155525 0.826671 0.001284
3 3 0.001685 0.007852 0.242625 0.744247 0.003590
2 3 0.001538 0.012911 0.609640 0.369846 0.006065
3 3 0.000462 0.001676 0.066678 0.930724 0.000460
2 3 0.001175 0.016459 0.597811 0.378739 0.005815
3 3 0.000709 0.005801 0.318591 0.673841 0.001058
2 3 0.000779 0.015210 0.687679 0.293402 0.002929
2 3 0.001525 0.024549 0.767821 0.202360 0.003745
2 3 0.001686 0.012945 0.512293 0.468488 0.004588
3 3 0.000120 0.001731 0.145016 0.852180 0.000952
3 3 0.002208 0.004563 0.109472 0.880594 0.003163
3 3 0.002909 0.011447 0.253100 0.730228 0.002316
3 3 0.002764 0.013504 0.398780 0.581103 0.003849
3 3 0.001323 0.004609 0.171071 0.821678 0.001319
3 3 0.032587 0.022475 0.339800 0.591418 0.013720
3 3 0.085068 0.079276 0.342405 0.442581 0.050670
2 3 0.072384 0.294309 0.341071 0.097352 0.194884
2 3 0.023315 0.122450 0.625560 0.166990 0.061685
2 3 0.017068 0.082910 0.595067 0.231843 0.073112
3 3 0.000194 0.006162 0.393235 0.599899 0.000510
2 3 0.001411 0.014789 0.566854 0.412690 0.004256
2 3 0.000064 0.005082 0.694376 0.300206 0.000272
2 3 0.022799 0.063081 0.731631 0.163306 0.019183
2 3 0.035955 0.267397 0.516960 0.014345 0.165342
3 3 0.007048 0.023274 0.223497 0.727279 0.018902
2 3 0.002037 0.013348 0.535689 0.441695 0.007231
2 3 0.000209 0.010443 0.776807 0.211701 0.000840
2 3 0.000622 0.018902 0.871590 0.106651 0.002235
1 3 0.235421 0.434333 0.160892 0.000386 0.168968
2 3 0.023622 0.315496 0.508936 0.037576 0.114371
2 3 0.007464 0.045758 0.599178 0.335471 0.012129
2 3 0.001176 0.021015 0.886831 0.087061 0.003917
2 3 0.000100 0.004682 0.842416 0.152654 0.000149
2 3 0.000731 0.017824 0.581586 0.396308 0.003552
2 3 0.001462 0.027594 0.745835 0.220273 0.004835
2 2 0.004015 0.102336 0.748247 0.100305 0.045097
2 2 0.007365 0.046519 0.575205 0.365160 0.005751
2 2 0.007962 0.249967 0.685177 0.039530 0.017364
1 2 0.034122 0.459706 0.408944 0.006320 0.090907
2 2 0.004938 0.119129 0.798873 0.051886 0.025174
2 2 0.000010 0.001348 0.588773 0.409842 0.000027
2 2 0.001817 0.026533 0.864362 0.101661 0.005628
2 2 0.000572 0.020140 0.917824 0.059783 0.001681
2 2 0.000590 0.011462 0.844079 0.142117 0.001751
2 2 0.000091 0.006204 0.697542 0.295967 0.000195
2 2 0.003750 0.044012 0.855761 0.085351 0.011125
2 2 0.004798 0.080330 0.862870 0.035426 0.016576
2 2 0.015909 0.318502 0.528915 0.047811 0.088862
2 2 0.000136 0.009017 0.795234 0.194665 0.000948
2 2 0.001409 0.020239 0.699297 0.272353 0.006702
2 2 0.005698 0.051577 0.792447 0.127044 0.023235
2 2 0.000310 0.010894 0.824493 0.161049 0.003254
2 2 0.002104 0.019764 0.883713 0.084404 0.010015
2 2 0.008863 0.078275 0.874721 0.030320 0.007821
1 2 0.081424 0.460363 0.407992 0.005967 0.044254
1 2 0.089832 0.482382 0.339850 0.001035 0.086902
2 2 0.009654 0.173754 0.733326 0.015395 0.067871
2 2 0.000756 0.019973 0.852757 0.123609 0.002904
2 2 0.000148 0.007923 0.734235 0.256144 0.001550
2 2 0.000334 0.010597 0.814136 0.174716 0.000218
2 2 0.001188 0.043515 0.852793 0.088151 0.014353
2 2 0.127991 0.362195 0.408970 0.000124 0.100721
1 2 0.241592 0.598091 0.112569 0.000004 0.047744
2 2 0.025080 0.241798 0.674423 0.031731 0.026969
2 2 0.027022 0.206781 0.660147 0.093311 0.012739
2 2 0.002501 0.071163 0.901382 0.021026 0.003928
2 2 0.000870 0.024283 0.771953 0.201946 0.000949
2 2 0.008492 0.117202 0.800927 0.065257 0.008123
2 2 0.014973 0.220702 0.718588 0.021717 0.024020
2 2 0.001651 0.038180 0.893457 0.063786 0.002926
0 2 0.714408 0.240677 0.038518 0.000002 0.006395
1 2 0.188279 0.513105 0.189098 0.001039 0.108479
1 2 0.052205 0.502123 0.356676 0.005616 0.083380
1 2 0.073318 0.566434 0.256376 0.002810 0.101063
2 2 0.009907 0.301921 0.398102 0.007209 0.282862
2 2 0.004329 0.106978 0.863051 0.006645 0.018997
2 2 0.011185 0.226685 0.580219 0.095085 0.086826
2 2 0.001373 0.072461 0.857607 0.044802 0.023758
2 2 0.013220 0.284813 0.531673 0.002415 0.167879
2 2 0.008084 0.283245 0.370896 0.001387 0.336388
2 2 0.022697 0.338666 0.456913 0.003109 0.178615
4 2 0.023356 0.276380 0.266907 0.000761 0.432596
4 2 0.024597 0.324808 0.296461 0.001611 0.352524
4 2 0.035739 0.221373 0.148806 0.002431 0.591651
2 4 0.007934 0.236103 0.424158 0.000605 0.331200
4 4 0.031438 0.131906 0.104617 0.000640 0.731399
4 4 0.041533 0.215124 0.083014 0.000297 0.660032
4 4 0.041370 0.139182 0.064912 0.000369 0.754166
4 4 0.026936 0.085239 0.069271 0.001454 0.817100
4 4 0.021572 0.197830 0.150624 0.000443 0.629531
4 4 0.083503 0.282297 0.109635 0.000153 0.524412
4 4 0.081350 0.173136 0.075481 0.000313 0.669720
4 4 0.029831 0.052159 0.025809 0.000192 0.892010
4 4 0.026096 0.070687 0.026949 0.000037 0.876230
4 4 0.061234 0.018270 0.009713 0.000150 0.910633
4 4 0.063729 0.310962 0.190742 0.001706 0.432861
4 4 0.044618 0.099789 0.044125 0.000105 0.811364
4 4 0.052173 0.103320 0.048817 0.000454 0.795236
4 4 0.040238 0.023049 0.007664 0.000004 0.929044
4 4 0.084477 0.049376 0.019259 0.000067 0.846821
4 4 0.149588 0.284693 0.108247 0.000178 0.457294
4 4 0.027273 0.048338 0.022187 0.000109 0.902092
4 4 0.051551 0.046127 0.016460 0.000057 0.885805
4 4 0.053093 0.113230 0.053792 0.000036 0.779848
4 4 0.166020 0.230309 0.063697 0.000013 0.539961
4 4 0.049406 0.022770 0.009023 0.000053 0.918748
4 4 0.047448 0.019321 0.007426 0.000022 0.925783
4 4 0.052768 0.011509 0.004224 0.000021 0.931478
4 4 0.029023 0.038615 0.015429 0.000144 0.916789
4 4 0.035752 0.013864 0.006167 0.000052 0.944166
4 4 0.073841 0.046319 0.019710 0.000137 0.859993
4 4 0.065710 0.132113 0.043121 0.000003 0.759052
4 4 0.026093 0.131808 0.105363 0.000415 0.736320
4 4 0.028036 0.244507 0.272545 0.006793 0.448119
4 4 0.069168 0.122459 0.063521 0.000263 0.744589
4 4 0.037906 0.070552 0.027239 0.000053 0.864250
1 4 0.063352 0.460663 0.140080 0.000038 0.335867
4 4 0.022120 0.036244 0.012329 0.000010 0.929297
4 4 0.026607 0.337892 0.162394 0.000065 0.473041
4 4 0.030371 0.290407 0.135130 0.000021 0.544071
1 4 0.195683 0.395593 0.150527 0.000042 0.258154
4 4 0.019522 0.267909 0.153264 0.000011 0.559294
4 4 0.036352 0.222602 0.078109 0.000020 0.662917
4 4 0.026164 0.282197 0.234864 0.000301 0.456474
4 4 0.059523 0.230935 0.077818 0.000008 0.631717
4 4 0.031868 0.138070 0.057011 0.000097 0.772954
4 4 0.027480 0.144696 0.057529 0.000033 0.770262
4 4 0.015592 0.294096 0.311709 0.000968 0.377635
1 4 0.085708 0.390523 0.174942 0.000057 0.348770
4 4 0.032243 0.195671 0.090012 0.000011 0.682063
1 4 0.041139 0.388575 0.235384 0.000819 0.334084
4 4 0.033139 0.229712 0.182133 0.000869 0.554146
4 4 0.019271 0.214850 0.206350 0.000324 0.559205
1 4 0.022074 0.368975 0.345538 0.000594 0.262819
4 4 0.093707 0.196594 0.107902 0.000111 0.601686
0 4 0.800165 0.145267 0.034893 0.000090 0.019585
0 4 0.863156 0.006942 0.001504 0.000001 0.128396
4 4 0.199371 0.270334 0.089263 0.000010 0.441022
4 4 0.041562 0.280659 0.206009 0.001605 0.470165
1 4 0.022717 0.381716 0.232444 0.000666 0.362456
2 4 0.022469 0.250459 0.486537 0.026110 0.214424
2 4 0.015128 0.340637 0.404933 0.005766 0.233536
4 4 0.011232 0.240994 0.353495 0.001268 0.393011
2 4 0.008423 0.108720 0.771921 0.017543 0.093392
1 4 0.040759 0.427263 0.226461 0.000733 0.304783
2 4 0.013082 0.319936 0.443433 0.012366 0.211183
1 4 0.072220 0.374830 0.244280 0.002058 0.306612
4 4 0.013888 0.329238 0.282467 0.001584 0.372822
2 4 0.004305 0.162425 0.683465 0.029890 0.119915
2 4 0.008751 0.238605 0.561599 0.024030 0.167016
2 4 0.004971 0.180842 0.667185 0.024088 0.122915
2 4 0.002479 0.132988 0.751001 0.015138 0.098395
2 4 0.020501 0.365887 0.401734 0.000997 0.210882
2 4 0.015228 0.209062 0.564761 0.024111 0.186838
1 4 0.156291 0.456716 0.149360 0.000018 0.237614
1 4 0.101483 0.496814 0.250138 0.000145 0.151421
1 4 0.078633 0.605163 0.179530 0.000259 0.136416
1 4 0.113835 0.580489 0.197323 0.000352 0.108001
0 4 0.610745 0.251840 0.076762 0.000051 0.060602
1 4 0.173584 0.538729 0.198946 0.000027 0.088715
4 1 0.013183 0.322203 0.262079 0.001339 0.401196
2 1 0.001035 0.081431 0.834743 0.047266 0.035524
2 1 0.009870 0.241352 0.602545 0.000949 0.145284
2 1 0.001936 0.103430 0.778297 0.041636 0.074700
2 1 0.005463 0.153006 0.689958 0.032645 0.118929
2 1 0.000659 0.067553 0.860951 0.026293 0.044545
2 1 0.000511 0.023036 0.922051 0.037239 0.017162
2 2 0.001755 0.030744 0.918923 0.012972 0.035606
2 2 0.000038 0.003962 0.910731 0.084311 0.000958
2 2 0.001073 0.040053 0.898663 0.023498 0.036713
2 2 0.000159 0.008472 0.696413 0.292939 0.002017
2 2 0.000368 0.011727 0.931564 0.050866 0.005476
2 2 0.000670 0.034209 0.917509 0.038887 0.008725
2 2 0.000029 0.003522 0.906911 0.089084 0.000454
2 2 0.000997 0.015345 0.606138 0.369091 0.008430
2 2 0.001365 0.054883 0.893761 0.019911 0.030081
2 2 0.001533 0.029054 0.825567 0.136841 0.007005
2 2 0.002445 0.072718 0.769914 0.057264 0.097659
2 2 0.000534 0.025180 0.845644 0.122272 0.006371
2 2 0.000167 0.006435 0.917514 0.074308 0.001575
2 2 0.000825 0.016620 0.766320 0.208298 0.007937
2 2 0.001954 0.032201 0.779013 0.174802 0.012029
2 2 0.000879 0.032520 0.904816 0.044258 0.017527
2 2 0.000072 0.005012 0.878738 0.115148 0.001030
2 2 0.001045 0.024912 0.834153 0.134631 0.005259
3 2 0.001067 0.015283 0.428911 0.548852 0.005887
2 2 0.000175 0.006787 0.659572 0.331924 0.001542
2 2 0.001549 0.017790 0.701727 0.263900 0.015034
2 2 0.000368 0.006517 0.730320 0.258109 0.004685
3 2 0.000320 0.004081 0.450589 0.541395 0.003615
2 2 0.002245 0.029305 0.599356 0.359502 0.009593
3 3 0.000043 0.001246 0.277354 0.720982 0.000374
3 3 0.001918 0.011364 0.289238 0.689169 0.008312
3 3 0.000220 0.000933 0.087293 0.910470 0.001084
3 3 0.000944 0.005412 0.258772 0.731178 0.003695
3 3 0.000577 0.002587 0.156600 0.838437 0.001799
3 3 0.000385 0.000975 0.041164 0.956141 0.001336
3 3 0.000701 0.002936 0.158998 0.833875 0.003490
3 3 0.000118 0.000582 0.045034 0.953711 0.000555
3 3 0.000067 0.000284 0.030308 0.968968 0.000373
3 3 0.000072 0.000459 0.070074 0.928687 0.000708
3 3 0.000112 0.000362 0.034231 0.965035 0.000261
3 3 0.000541 0.000606 0.020968 0.976463 0.001422
3 3 0.000105 0.000575 0.027476 0.971664 0.000179
3 3 0.000908 0.001176 0.022436 0.972723 0.002756
3 3 0.000043 0.000056 0.005334 0.994507 0.000061
3 3 0.000310 0.000307 0.011393 0.987837 0.000153
3 3 0.000045 0.000099 0.007678 0.992050 0.000128
3 3 0.000179 0.000104 0.004161 0.995214 0.000343
3 3 0.000198 0.000237 0.009185 0.990042 0.000338
3 3 0.000063 0.000137 0.007227 0.992527 0.000046
3 3 0.000077 0.000075 0.003825 0.995983 0.000040
3 3 0.000031 0.000062 0.005244 0.994599 0.000063
3 3 0.000173 0.000066 0.001876 0.997813 0.000073
3 3 0.000099 0.000160 0.008818 0.990861 0.000062
3 3 0.000106 0.000110 0.005837 0.993783 0.000164
3 3 0.000003 0.000020 0.004574 0.995400 0.000003
3 3 0.000019 0.000032 0.004300 0.995618 0.000031
3 3 0.000013 0.000020 0.001888 0.998065 0.000014
3 3 0.000239 0.000118 0.003359 0.996075 0.000208
3 3 0.000089 0.000073 0.003746 0.995948 0.000143
3 3 0.000066 0.000060 0.002906 0.996909 0.000060
3 3 0.002037 0.000382 0.008383 0.987981 0.001218
3 3 0.000049 0.000040 0.003726 0.996105 0.000081
3 3 0.000156 0.000092 0.003480 0.996254 0.000018
3 3 0.001001 0.000270 0.003933 0.994366 0.000431
3 3 0.001139 0.001200 0.023247 0.973652 0.000762
2 3 0.064906 0.312100 0.544173 0.057473 0.021348
2 3 0.014080 0.059259 0.681433 0.226212 0.019016
2 3 0.012349 0.058128 0.575330 0.313651 0.040543
2 3 0.005694 0.039076 0.719889 0.232325 0.003017
2 3 0.000962 0.009328 0.591554 0.395337 0.002819
2 3 0.003422 0.037138 0.821094 0.119368 0.018977
2 3 0.010160 0.052806 0.684867 0.232630 0.019536
2 3 0.001032 0.025950 0.865820 0.104356 0.002843
2 3 0.008613 0.096559 0.598815 0.234481 0.061532
2 3 0.000824 0.019577 0.700147 0.276629 0.002824
2 2 0.001713 0.036823 0.874888 0.080972 0.005604
2 2 0.009351 0.099024 0.616780 0.251227 0.023618
2 2 0.000962 0.032126 0.742195 0.220397 0.004320
2 2 0.007619 0.062777 0.847248 0.074516 0.007839
2 2 0.018185 0.173138 0.673945 0.072126 0.062606
2 2 0.018637 0.110850 0.702639 0.135777 0.032097
2 2 0.002791 0.052006 0.850204 0.089305 0.005695
2 2 0.007861 0.077915 0.652831 0.233221 0.028172
2 2 0.001986 0.026278 0.912499 0.053911 0.005325
2 2 0.001618 0.029808 0.812204 0.145770 0.010600
2 2 0.001520 0.026798 0.718576 0.247524 0.005582
2 2 0.006142 0.112520 0.765597 0.042958 0.072782
2 2 0.002915 0.079164 0.879588 0.017678 0.020654
2 2 0.001275 0.026154 0.844835 0.117095 0.010641
2 2 0.004197 0.063054 0.783304 0.112564 0.036881
2 2 0.000643 0.024978 0.836971 0.135051 0.002357
2 2 0.005232 0.037680 0.694956 0.243561 0.018572
2 2 0.000105 0.008109 0.785248 0.205926 0.000612
2 2 0.000162 0.012481 0.916766 0.069349 0.001242
3 2 0.011280 0.036973 0.428512 0.503916 0.019319
3 2 0.011726 0.034125 0.382525 0.551039 0.020585
2 2 0.000542 0.010874 0.702436 0.283781 0.002366
2 2 0.012041 0.083086 0.582803 0.261374 0.060695
2 2 0.009302 0.067454 0.642020 0.262005 0.019219
2 2 0.001735 0.018799 0.757237 0.218187 0.004042
2 2 0.002136 0.031088 0.721975 0.238752 0.006049
2 2 0.005949 0.031602 0.758275 0.184974 0.019200
2 2 0.003346 0.030400 0.648899 0.305566 0.011789
2 2 0.000427 0.009413 0.757210 0.231599 0.001350
3 2 0.001928 0.009074 0.440633 0.543225 0.005140
2 2 0.005613 0.032608 0.543336 0.404272 0.014171
2 2 0.008526 0.093415 0.709295 0.158051 0.030714
2 2 0.000262 0.011815 0.698294 0.289229 0.000400
2 2 0.021702 0.043644 0.530165 0.395019 0.009469
2 2 0.002390 0.043153 0.638010 0.311272 0.005176
2 2 0.012086 0.104628 0.596937 0.230349 0.056000
2 2 0.005134 0.030450 0.736447 0.216042 0.011926
3 2 0.000008 0.000976 0.396847 0.602150 0.000020
2 2 0.000934 0.029502 0.916479 0.049629 0.003457
2 2 0.003190 0.019575 0.585581 0.388231 0.003422
2 2 0.001875 0.025726 0.691087 0.277102 0.004211
2 2 0.001487 0.026841 0.799218 0.156243 0.016212
2 2 0.002900 0.027984 0.684609 0.278525 0.005982
2 2 0.001037 0.012770 0.766820 0.218742 0.000631
2 2 0.000961 0.022500 0.787569 0.186057 0.002912
2 2 0.000343 0.013336 0.810731 0.174500 0.001090
2 2 0.001547 0.028395 0.735956 0.221511 0.012591
2 2 0.003099 0.048085 0.762059 0.147534 0.039224
2 2 0.007460 0.116651 0.813377 0.032334 0.030179
4 2 0.013741 0.324311 0.309530 0.004873 0.347545
4 2 0.013839 0.229319 0.166821 0.001703 0.588317
4 2 0.021260 0.296636 0.138582 0.000120 0.543402
4 4 0.033554 0.173542 0.069630 0.000074 0.723200
4 4 0.022106 0.224893 0.189803 0.000239 0.562958
4 4 0.084247 0.047302 0.017691 0.000082 0.850678
4 4 0.066966 0.065523 0.027384 0.000039 0.840088
4 4 0.043293 0.042687 0.022780 0.000319 0.890922
0 4 0.811184 0.098282 0.028422 0.000051 0.062061
4 4 0.085526 0.037084 0.021895 0.000299 0.855196
4 4 0.025551 0.125907 0.055428 0.000087 0.793028
4 4 0.044629 0.031402 0.015462 0.000458 0.908050
4 4 0.090182 0.113724 0.055912 0.000750 0.739432
4 4 0.044638 0.022163 0.010557 0.000138 0.922504
4 4 0.238824 0.072156 0.037866 0.001258 0.649897
4 4 0.020514 0.045374 0.019588 0.000083 0.914442
4 4 0.049219 0.009258 0.003150 0.000007 0.938366
4 4 0.036907 0.010920 0.004600 0.000039 0.947534
4 4 0.042446 0.045591 0.022872 0.000153 0.888938
4 4 0.044951 0.140142 0.100466 0.004209 0.710232
4 4 0.041335 0.059405 0.025652 0.000046 0.873562
4 4 0.086830 0.070317 0.031045 0.000314 0.811494
4 4 0.036903 0.049301 0.027500 0.000430 0.885866
4 4 0.047675 0.019831 0.007812 0.000019 0.924663
4 4 0.115084 0.211817 0.088161 0.000186 0.584752
4 4 0.059172 0.084031 0.056286 0.000673 0.799838
4 4 0.044307 0.035531 0.016488 0.000075 0.903598
4 4 0.064936 0.083238 0.035138 0.000059 0.816629
4 4 0.029950 0.145241 0.110646 0.000132 0.714031
1 4 0.124201 0.426013 0.139144 0.000079 0.310562
4 4 0.056970 0.305505 0.208363 0.006318 0.422843
4 4 0.051926 0.213856 0.118962 0.000102 0.615154
4 4 0.023614 0.182400 0.132228 0.000147 0.661612
1 4 0.141642 0.354450 0.184878 0.002627 0.316403
4 4 0.117891 0.311023 0.123106 0.000039 0.447942
4 4 0.007321 0.228850 0.292414 0.000274 0.471141
4 4 0.012033 0.167477 0.255370 0.002255 0.562864
4 4 0.016321 0.214970 0.220177 0.000311 0.548222
4 4 0.008513 0.223493 0.254259 0.000324 0.513411
4 4 0.011708 0.270045 0.243165 0.000047 0.475034
4 4 0.016702 0.268890 0.180606 0.000068 0.533734
4 4 0.007523 0.293540 0.196174 0.000010 0.502753
4 4 0.039364 0.234919 0.192657 0.000200 0.532859
4 4 0.023377 0.231958 0.217222 0.000295 0.527147
4 4 0.008457 0.235975 0.359618 0.001009 0.394941
