0 0 0.349437 0.232068 0.095809 0.003589 0.319096
0 0 0.393927 0.280717 0.071300 0.000962 0.253094
1 0 0.051390 0.575564 0.274212 0.006736 0.092099
1 0 0.074972 0.478673 0.279137 0.014504 0.152714
4 0 0.073621 0.235178 0.069048 0.000087 0.622065
1 0 0.084683 0.447583 0.140567 0.008649 0.318518
1 0 0.057472 0.517098 0.212307 0.012671 0.200452
1 0 0.044588 0.426613 0.302434 0.004315 0.222050
1 0 0.101901 0.487811 0.113918 0.000491 0.295880
0 0 0.563002 0.244379 0.046079 0.000501 0.146040
4 0 0.051042 0.242548 0.108543 0.001544 0.596324
0 0 0.626555 0.223145 0.057242 0.001322 0.091737
1 0 0.170226 0.375732 0.131457 0.002725 0.319861
1 0 0.069710 0.612514 0.213650 0.010475 0.093650
4 0 0.051298 0.322044 0.113581 0.002362 0.510716
1 0 0.342497 0.370603 0.082324 0.002416 0.202160
0 0 0.617004 0.107738 0.018000 0.000233 0.257026
0 0 0.436352 0.248743 0.103206 0.001583 0.210117
0 0 0.832589 0.103325 0.029480 0.000037 0.034569
0 0 0.504722 0.276353 0.111895 0.003371 0.103658
0 0 0.553415 0.245084 0.078358 0.005167 0.117976
1 0 0.303381 0.360209 0.118367 0.001511 0.216531
1 0 0.268008 0.323343 0.108233 0.001847 0.298569
0 0 0.583121 0.234521 0.062934 0.000907 0.118517
0 0 0.686913 0.152479 0.045679 0.000241 0.114687
0 0 0.748511 0.146132 0.062314 0.003817 0.039227
1 0 0.289986 0.385910 0.156791 0.002039 0.165274
0 0 0.318628 0.251826 0.102853 0.008719 0.317974
0 0 0.642096 0.206141 0.061479 0.002426 0.087857
4 0 0.294063 0.162745 0.035810 0.000067 0.507316
0 0 0.572903 0.228752 0.055803 0.001551 0.140991
4 0 0.218975 0.106242 0.036626 0.001967 0.636191
0 0 0.657573 0.099510 0.029941 0.001162 0.211814
0 0 0.515479 0.184131 0.066469 0.012572 0.221348
4 0 0.245442 0.278744 0.093793 0.000151 0.381869
0 0 0.702178 0.167007 0.058399 0.003495 0.068921
0 0 0.799835 0.129596 0.029974 0.000256 0.040340
0 0 0.715168 0.177520 0.068882 0.003483 0.034947
0 0 0.725131 0.152530 0.070216 0.008281 0.043842
0 0 0.821552 0.099095 0.032128 0.001136 0.046090
0 0 0.399883 0.302877 0.136868 0.001058 0.159314
0 0 0.694685 0.195393 0.052740 0.000990 0.056192
0 0 0.736330 0.125548 0.047902 0.004948 0.085272
0 0 0.637819 0.225315 0.079723 0.001977 0.055166
1 0 0.305043 0.352001 0.143008 0.008231 0.191717
0 0 0.725909 0.161380 0.055745 0.002630 0.054336
1 0 0.152718 0.425283 0.291940 0.021552 0.108508
0 0 0.759968 0.103629 0.032350 0.000155 0.103898
0 0 0.820818 0.111296 0.023480 0.000152 0.044253
1 0 0.350936 0.392360 0.107133 0.005065 0.144506
0 0 0.774979 0.131294 0.036811 0.000841 0.056075
0 0 0.536036 0.293282 0.099165 0.004980 0.066536
0 0 0.730876 0.127399 0.056706 0.001312 0.083707
1 0 0.334056 0.372618 0.151957 0.027531 0.113838
1 1 0.048637 0.489534 0.230284 0.014594 0.216951
1 1 0.033844 0.381282 0.228709 0.002731 0.353435
4 4 0.022597 0.134188 0.055076 0.000292 0.787847
4 4 0.007494 0.023498 0.008479 0.000024 0.960504
4 4 0.007268 0.038299 0.017411 0.000026 0.936996
4 4 0.015866 0.032003 0.009444 0.000010 0.942677
4 4 0.027469 0.239376 0.138980 0.007543 0.586632
4 4 0.011437 0.038813 0.014393 0.000094 0.935263
4 4 0.007667 0.020451 0.006885 0.000056 0.964940
4 4 0.054742 0.154637 0.072381 0.000640 0.717600
4 4 0.015618 0.112720 0.058980 0.000109 0.812573
4 4 0.021632 0.286671 0.256060 0.001274 0.434363
1 4 0.071221 0.407046 0.120068 0.005828 0.395837
1 4 0.035736 0.430460 0.286621 0.002893 0.244289
2 4 0.154984 0.353056 0.428901 0.032558 0.030502
2 4 0.019496 0.368612 0.468077 0.005612 0.138203
4 4 0.010520 0.077530 0.043801 0.000287 0.867862
4 4 0.005314 0.018191 0.005784 0.000187 0.970524
4 4 0.008688 0.044643 0.019218 0.000044 0.927407
4 4 0.042981 0.346101 0.153348 0.003821 0.453749
4 4 0.018687 0.121609 0.055852 0.000311 0.803541
1 4 0.040634 0.438166 0.236054 0.005402 0.279744
2 4 0.073739 0.236901 0.562564 0.074749 0.052047
2 4 0.015477 0.343255 0.504258 0.005172 0.131837
4 4 0.010683 0.070768 0.036314 0.000287 0.881948
4 4 0.046077 0.261477 0.088908 0.000487 0.603050
4 4 0.020757 0.097279 0.055191 0.000336 0.826437
4 4 0.008514 0.045293 0.033202 0.000175 0.912816
4 4 0.017283 0.189911 0.181647 0.008011 0.603148
4 4 0.031543 0.155361 0.089041 0.000117 0.723939
1 4 0.038727 0.444023 0.250874 0.007509 0.258867
2 4 0.039832 0.397597 0.404092 0.023295 0.135184
2 4 0.267872 0.301755 0.317479 0.047636 0.065258
0 4 0.568430 0.190376 0.095437 0.014029 0.131728
4 4 0.025874 0.228854 0.127052 0.002120 0.616101
1 4 0.162937 0.379563 0.215165 0.024493 0.217841
4 4 0.009613 0.211832 0.379542 0.018054 0.380959
1 4 0.030599 0.412274 0.294405 0.006269 0.256453
4 4 0.006715 0.085460 0.098720 0.001509 0.807596
4 4 0.025485 0.260495 0.163857 0.009694 0.540469
2 4 0.019415 0.341523 0.377152 0.014711 0.247199
1 4 0.032396 0.424602 0.295007 0.020703 0.227292
1 4 0.043889 0.474000 0.252497 0.014441 0.215173
1 4 0.033220 0.401433 0.273008 0.008773 0.283566
4 4 0.019407 0.205905 0.138583 0.002414 0.633690
4 4 0.004613 0.012875 0.004062 0.000006 0.978444
4 4 0.012505 0.023750 0.005153 0.000037 0.958554
2 4 0.018019 0.359591 0.444243 0.025018 0.153130
4 4 0.016489 0.138562 0.201111 0.067656 0.576182
2 4 0.019156 0.356758 0.432016 0.044138 0.147932
2 4 0.021067 0.369398 0.390428 0.019573 0.199534
2 4 0.018058 0.318921 0.356831 0.004440 0.301750
2 4 0.009984 0.266213 0.531643 0.018685 0.173475
2 4 0.002952 0.151593 0.752244 0.015409 0.077802
2 4 0.009202 0.268280 0.574031 0.048790 0.099697
2 4 0.010722 0.275670 0.521354 0.030738 0.161517
2 4 0.001211 0.093855 0.843403 0.016224 0.045307
2 4 0.003237 0.158518 0.732961 0.037505 0.067779
2 4 0.002304 0.127178 0.757440 0.082582 0.030496
2 4 0.000239 0.018119 0.885932 0.091804 0.003906
2 4 0.003404 0.161822 0.696792 0.089215 0.048767
2 2 0.000371 0.032284 0.794532 0.167819 0.004995
2 2 0.002759 0.083670 0.714903 0.166832 0.031835
2 2 0.007926 0.255565 0.606579 0.060168 0.069762
2 2 0.002715 0.112549 0.586105 0.261600 0.037031
2 2 0.004037 0.071884 0.581323 0.321852 0.020903
2 3 0.004090 0.147954 0.554835 0.224511 0.068610
3 3 0.001383 0.018827 0.289153 0.682219 0.008418
2 3 0.002736 0.057153 0.587587 0.335598 0.016927
3 3 0.005890 0.015964 0.268042 0.696014 0.014091
3 3 0.005276 0.026320 0.264052 0.673293 0.031059
3 3 0.003343 0.035393 0.263873 0.668671 0.028720
3 3 0.002216 0.012719 0.286808 0.691446 0.006809
3 3 0.002421 0.026867 0.280121 0.670067 0.020523
3 3 0.002129 0.006293 0.119961 0.865175 0.006442
3 3 0.000598 0.002484 0.051182 0.943479 0.002258
3 3 0.000120 0.000196 0.018120 0.981477 0.000088
3 3 0.001436 0.001188 0.040062 0.956109 0.001204
3 3 0.000644 0.001648 0.070060 0.926449 0.001198
3 3 0.000308 0.000552 0.021667 0.977029 0.000445
3 3 0.001016 0.001653 0.040031 0.955434 0.001866
3 3 0.001255 0.002780 0.059615 0.932019 0.004331
3 3 0.046925 0.034412 0.364103 0.539757 0.014803
3 3 0.006492 0.009502 0.135108 0.832973 0.015924
3 3 0.000414 0.001526 0.060530 0.936633 0.000897
3 3 0.001780 0.003769 0.122038 0.870271 0.002142
3 3 0.002682 0.005320 0.111944 0.876057 0.003998
3 3 0.000542 0.000493 0.025068 0.973631 0.000267
3 3 0.000128 0.000190 0.011029 0.988417 0.000235
3 3 0.000303 0.000440 0.015440 0.983256 0.000562
3 3 0.000135 0.000247 0.029829 0.969729 0.000062
3 3 0.000849 0.001550 0.043423 0.952513 0.001665
3 3 0.001362 0.000249 0.013961 0.984249 0.000179
3 3 0.000049 0.000064 0.010355 0.989500 0.000033
3 3 0.000065 0.000079 0.012677 0.987148 0.000031
3 3 0.000140 0.000163 0.010344 0.989167 0.000186
3 3 0.000155 0.000116 0.012468 0.987205 0.000056
3 3 0.000721 0.000412 0.017127 0.981432 0.000308
3 3 0.000145 0.000048 0.007224 0.992556 0.000026
3 3 0.000688 0.000301 0.016737 0.982120 0.000154
3 3 0.000041 0.000021 0.004864 0.995059 0.000015
3 3 0.000045 0.000057 0.011456 0.988422 0.000021
3 3 0.000101 0.000125 0.013805 0.985909 0.000061
3 3 0.000356 0.000289 0.015554 0.983597 0.000205
3 3 0.000199 0.000092 0.009167 0.990480 0.000060
3 3 0.000112 0.000073 0.007565 0.992185 0.000065
3 3 0.000034 0.000039 0.007528 0.992375 0.000024
3 3 0.000107 0.000043 0.005457 0.994352 0.000041
3 3 0.000031 0.000025 0.006571 0.993361 0.000012
3 3 0.000271 0.000118 0.009266 0.990254 0.000091
3 3 0.000077 0.000112 0.011398 0.988333 0.000080
3 3 0.000026 0.000036 0.008051 0.991869 0.000019
3 3 0.000278 0.000086 0.007020 0.992524 0.000092
3 3 0.000060 0.000051 0.008773 0.991090 0.000026
3 3 0.000340 0.000200 0.010639 0.988605 0.000216
3 3 0.000096 0.000045 0.007188 0.992645 0.000026
3 3 0.000118 0.000103 0.009336 0.990355 0.000089
3 3 0.000172 0.000087 0.006752 0.992880 0.000108
3 3 0.000059 0.000051 0.007429 0.992423 0.000037
3 3 0.000257 0.000105 0.009187 0.990377 0.000073
3 3 0.000155 0.000087 0.008215 0.991471 0.000073
3 3 0.000025 0.000028 0.007749 0.992186 0.000012
3 3 0.000038 0.000038 0.008012 0.991893 0.000019
3 3 0.000071 0.000031 0.005417 0.994458 0.000023
3 3 0.000034 0.000014 0.004156 0.995787 0.000009
3 3 0.000019 0.000012 0.005143 0.994821 0.000005
3 3 0.000153 0.000047 0.006795 0.992978 0.000027
3 3 0.000036 0.000027 0.005803 0.994115 0.000018
3 3 0.000097 0.000027 0.005090 0.994769 0.000017
3 3 0.000054 0.000037 0.007726 0.992166 0.000017
3 3 0.000112 0.000156 0.010450 0.989106 0.000177
3 3 0.000036 0.000027 0.007541 0.992387 0.000010
3 3 0.000130 0.000073 0.009675 0.990087 0.000036
3 3 0.000133 0.000041 0.006993 0.992813 0.000020
3 3 0.000057 0.000043 0.008104 0.991775 0.000022
3 3 0.000088 0.000053 0.008416 0.991416 0.000027
3 3 0.000035 0.000016 0.005653 0.994290 0.000006
3 3 0.000064 0.000024 0.005100 0.994796 0.000015
3 3 0.000053 0.000017 0.004912 0.995009 0.000008
3 3 0.000033 0.000025 0.006375 0.993555 0.000012
3 3 0.000092 0.000067 0.006987 0.992785 0.000069
3 3 0.000042 0.000019 0.005351 0.994579 0.000009
3 3 0.000101 0.000080 0.012219 0.987570 0.000030
3 3 0.000045 0.000018 0.005588 0.994341 0.000008
3 3 0.000046 0.000031 0.004992 0.994899 0.000032
3 3 0.000071 0.000038 0.006009 0.993852 0.000029
3 3 0.000045 0.000021 0.005444 0.994480 0.000010
3 3 0.000043 0.000031 0.007006 0.992905 0.000015
3 3 0.000043 0.000047 0.005829 0.994024 0.000058
3 3 0.000033 0.000028 0.007787 0.992141 0.000011
3 3 0.000051 0.000049 0.007375 0.992489 0.000036
3 3 0.000109 0.000036 0.005387 0.994441 0.000027
3 3 0.000049 0.000024 0.005854 0.994061 0.000013
3 3 0.000186 0.000103 0.008694 0.990928 0.000089
3 3 0.000059 0.000019 0.005023 0.994891 0.000009
3 3 0.000031 0.000031 0.006231 0.993685 0.000022
3 3 0.000049 0.000036 0.007231 0.992664 0.000020
3 3 0.000136 0.000032 0.005254 0.994558 0.000021
3 3 0.000070 0.000018 0.004127 0.995773 0.000012
3 3 0.000062 0.000053 0.008609 0.991246 0.000029
3 3 0.000394 0.000100 0.007563 0.991835 0.000108
3 3 0.000044 0.000024 0.004504 0.995407 0.000022
3 3 0.000072 0.000013 0.002674 0.997226 0.000015
3 3 0.000109 0.000052 0.006335 0.993458 0.000046
3 3 0.000027 0.000009 0.003812 0.996147 0.000004
3 3 0.000023 0.000022 0.007009 0.992937 0.000009
3 3 0.000010 0.000007 0.003928 0.996051 0.000003
3 3 0.000158 0.000115 0.009820 0.989815 0.000092
3 3 0.000126 0.000037 0.005186 0.994620 0.000031
3 3 0.000028 0.000011 0.005100 0.994858 0.000003
3 3 0.000024 0.000029 0.007091 0.992839 0.000016
3 3 0.000016 0.000016 0.006669 0.993294 0.000005
3 3 0.000010 0.000007 0.003918 0.996063 0.000003
3 3 0.000057 0.000021 0.004391 0.995514 0.000017
3 3 0.000107 0.000042 0.005331 0.994480 0.000041
3 3 0.000015 0.000019 0.006544 0.993413 0.000009
3 3 0.000053 0.000045 0.006507 0.993356 0.000040
3 3 0.000249 0.000121 0.007811 0.991676 0.000144
3 3 0.000090 0.000060 0.009080 0.990738 0.000031
3 3 0.003935 0.001503 0.040379 0.953632 0.000551
3 3 0.011249 0.025501 0.327101 0.630511 0.005639
3 3 0.002374 0.009787 0.089408 0.888360 0.010071
3 3 0.004825 0.002031 0.055624 0.936863 0.000658
3 3 0.006074 0.012944 0.267261 0.706600 0.007122
2 3 0.007279 0.072307 0.518108 0.347020 0.055286
2 3 0.008482 0.053256 0.548599 0.362297 0.027366
3 3 0.006284 0.032977 0.425014 0.520156 0.015570
2 1 0.008477 0.087551 0.717802 0.151767 0.034402
2 1 0.022896 0.399107 0.471747 0.017796 0.088454
2 1 0.010519 0.282189 0.544530 0.042570 0.120191
2 1 0.004365 0.129396 0.769282 0.074027 0.022929
2 1 0.010304 0.279777 0.550482 0.021240 0.138197
2 1 0.012950 0.310818 0.507858 0.034202 0.134173
1 1 0.024973 0.422523 0.391621 0.016740 0.144142
2 1 0.016628 0.346086 0.456660 0.017082 0.163544
1 1 0.027931 0.362525 0.255669 0.001287 0.352587
2 1 0.014251 0.309693 0.458324 0.017775 0.199957
2 1 0.014341 0.317569 0.473521 0.027274 0.167294
2 4 0.017025 0.277940 0.535657 0.005555 0.163823
1 4 0.023258 0.385164 0.367316 0.008385 0.215877
2 4 0.013270 0.308060 0.486724 0.011110 0.180836
4 4 0.014872 0.197103 0.175530 0.002159 0.610336
4 4 0.005626 0.028272 0.030987 0.000985 0.934130
4 4 0.014946 0.147164 0.098634 0.001742 0.737513
4 4 0.021950 0.290367 0.238455 0.011141 0.438088
1 4 0.023519 0.419165 0.409835 0.010369 0.137111
4 4 0.007928 0.128603 0.179988 0.027783 0.655698
2 4 0.009708 0.259029 0.521611 0.075638 0.134014
2 4 0.015115 0.317345 0.447150 0.021094 0.199296
2 4 0.008050 0.217959 0.484629 0.007671 0.281691
1 4 0.022893 0.383950 0.374551 0.011962 0.206645
2 4 0.012511 0.277604 0.437447 0.006211 0.266228
2 4 0.016048 0.359053 0.491282 0.039030 0.094588
2 4 0.003231 0.161462 0.707643 0.093521 0.034143
2 4 0.006385 0.237502 0.670198 0.022379 0.063536
2 4 0.003613 0.173714 0.721233 0.060668 0.040772
2 4 0.007008 0.207816 0.709851 0.025259 0.050065
2 4 0.004215 0.104413 0.742802 0.131599 0.016972
2 4 0.001594 0.026113 0.857336 0.112882 0.002076
2 4 0.001938 0.037004 0.910479 0.047954 0.002626
2 2 0.002159 0.087949 0.869539 0.018894 0.021458
2 2 0.003275 0.167664 0.761580 0.017634 0.049847
2 2 0.001863 0.031836 0.795335 0.167908 0.003057
2 2 0.002120 0.045220 0.873405 0.073088 0.006167
2 2 0.028248 0.216571 0.687578 0.058361 0.009242
2 2 0.030491 0.204421 0.667393 0.084889 0.012806
2 2 0.005687 0.090068 0.817526 0.078925 0.007795
2 2 0.001585 0.036555 0.844190 0.110030 0.007640
2 2 0.011668 0.295071 0.576628 0.020143 0.096489
2 2 0.001506 0.053713 0.838943 0.094404 0.011434
2 2 0.004129 0.131240 0.790279 0.036875 0.037476
2 2 0.001911 0.043246 0.901760 0.046116 0.006967
2 2 0.004576 0.086302 0.689841 0.204997 0.014284
2 2 0.002783 0.095750 0.768119 0.107740 0.025609
2 2 0.001673 0.022721 0.877842 0.095898 0.001866
2 2 0.004010 0.028250 0.736569 0.226823 0.004348
2 3 0.004986 0.025206 0.708081 0.257098 0.004629
2 3 0.001561 0.072983 0.823503 0.079673 0.022279
2 3 0.003689 0.019772 0.580076 0.389661 0.006802
2 3 0.003736 0.017117 0.522989 0.452154 0.004003
2 3 0.002474 0.015826 0.516958 0.462217 0.002525
2 3 0.008063 0.025099 0.646572 0.312672 0.007594
3 3 0.013141 0.015293 0.281811 0.687868 0.001887
2 3 0.006802 0.025208 0.521573 0.443048 0.003369
2 3 0.005793 0.028495 0.623546 0.334130 0.008036
2 3 0.006819 0.100430 0.800641 0.060571 0.031539
2 3 0.039594 0.104794 0.655527 0.186277 0.013808
2 3 0.007354 0.030485 0.512490 0.441523 0.008148
2 3 0.014950 0.158477 0.723829 0.085352 0.017392
2 3 0.005950 0.081458 0.726263 0.173486 0.012843
2 3 0.003001 0.019339 0.586393 0.387830 0.003438
2 3 0.003233 0.049911 0.844818 0.092368 0.009671
2 3 0.002323 0.119870 0.780480 0.067497 0.029831
2 3 0.002121 0.049786 0.764249 0.174192 0.009653
2 3 0.009392 0.045380 0.756270 0.174393 0.014564
2 3 0.003671 0.030904 0.692003 0.267768 0.005654
2 3 0.005092 0.039819 0.750949 0.196641 0.007499
2 3 0.001588 0.017891 0.547819 0.428122 0.004580
2 3 0.003829 0.060585 0.560181 0.346952 0.028454
3 3 0.004848 0.023233 0.389635 0.575601 0.006682
3 3 0.003077 0.007624 0.253987 0.734279 0.001034
2 3 0.006223 0.021989 0.615625 0.352543 0.003619
3 3 0.001877 0.012301 0.441038 0.542406 0.002379
3 3 0.007699 0.013422 0.465550 0.510013 0.003316
2 3 0.005957 0.019353 0.500237 0.470320 0.004133
3 3 0.005182 0.010020 0.421069 0.561540 0.002189
3 3 0.002844 0.007668 0.309812 0.678012 0.001664
3 3 0.002723 0.008441 0.246986 0.739985 0.001865
3 3 0.000776 0.002560 0.216229 0.779978 0.000456
3 3 0.007330 0.011377 0.261346 0.715791 0.004155
3 3 0.001017 0.002115 0.154543 0.841743 0.000582
3 3 0.004059 0.007470 0.189646 0.796391 0.002434
3 3 0.000768 0.002116 0.132608 0.864026 0.000481
3 3 0.006220 0.017927 0.197223 0.772731 0.005899
3 3 0.002886 0.001819 0.086109 0.908770 0.000414
3 3 0.005203 0.008610 0.184341 0.798280 0.003567
3 3 0.001916 0.004773 0.137996 0.853378 0.001937
3 3 0.000437 0.000589 0.061652 0.937173 0.000149
3 3 0.001400 0.005724 0.240514 0.750918 0.001444
3 3 0.000745 0.001213 0.084182 0.913651 0.000209
3 3 0.009529 0.010428 0.201382 0.775635 0.003025
3 3 0.000604 0.000689 0.060134 0.938408 0.000165
3 3 0.000868 0.001041 0.106262 0.891578 0.000250
3 3 0.001436 0.002035 0.055120 0.940344 0.001065
3 3 0.009047 0.009533 0.352428 0.628244 0.000748
0 3 0.431030 0.229510 0.170800 0.005375 0.163285
3 3 0.011233 0.020543 0.256219 0.704333 0.007673
3 3 0.006197 0.019549 0.252197 0.710390 0.011668
2 3 0.009039 0.018212 0.523294 0.443855 0.005600
2 3 0.009592 0.056386 0.463935 0.447354 0.022734
2 3 0.003748 0.034278 0.631342 0.317417 0.013215
2 3 0.005121 0.027994 0.606964 0.354085 0.005835
3 3 0.003391 0.005794 0.158275 0.830798 0.001742
1 3 0.121289 0.388396 0.364128 0.065122 0.061066
2 3 0.005626 0.134499 0.667346 0.175294 0.017236
2 3 0.016127 0.171908 0.569553 0.201997 0.040415
2 3 0.007952 0.055790 0.567264 0.349865 0.019129
3 3 0.006108 0.013736 0.367761 0.606450 0.005945
2 3 0.004003 0.032359 0.719684 0.236921 0.007032
2 3 0.006313 0.086937 0.600228 0.285391 0.021131
2 3 0.012720 0.248715 0.589561 0.039011 0.109992
2 3 0.004361 0.056361 0.739390 0.187015 0.012874
2 3 0.002280 0.007930 0.511369 0.477702 0.000719
2 3 0.006498 0.023425 0.502552 0.463071 0.004454
2 3 0.002952 0.088555 0.774718 0.124997 0.008777
2 3 0.004015 0.028344 0.577571 0.384711 0.005358
2 3 0.003861 0.064892 0.807273 0.116347 0.007627
2 3 0.008488 0.149203 0.737928 0.085878 0.018502
1 3 0.023455 0.455799 0.443873 0.012058 0.064815
2 3 0.062602 0.337501 0.537159 0.041293 0.021445
2 3 0.006605 0.153711 0.653644 0.151068 0.034971
2 3 0.011970 0.293051 0.553410 0.097926 0.043643
2 3 0.001317 0.022280 0.784837 0.187897 0.003669
2 3 0.002548 0.066929 0.711933 0.208128 0.010462
2 3 0.002732 0.032772 0.792506 0.168216 0.003775
2 3 0.002653 0.028466 0.490452 0.476112 0.002317
2 3 0.002562 0.075394 0.718817 0.189973 0.013253
2 3 0.005909 0.036785 0.628068 0.319053 0.010185
2 3 0.003497 0.051797 0.473724 0.464862 0.006120
2 3 0.002959 0.044373 0.622044 0.326295 0.004330
2 3 0.004263 0.021158 0.515698 0.454709 0.004171
2 3 0.003835 0.044537 0.546185 0.397050 0.008393
3 3 0.008280 0.012695 0.258720 0.716930 0.003376
2 3 0.005234 0.053208 0.634182 0.299531 0.007845
3 3 0.001278 0.001439 0.111554 0.885601 0.000128
2 3 0.003251 0.032994 0.647455 0.312134 0.004166
2 3 0.003584 0.059379 0.626444 0.301368 0.009224
2 3 0.001881 0.015677 0.496331 0.483589 0.002522
2 3 0.003001 0.026468 0.549075 0.416247 0.005209
3 3 0.004738 0.040552 0.464308 0.475728 0.014674
2 3 0.004499 0.019202 0.604416 0.368180 0.003704
2 3 0.005306 0.016834 0.505494 0.468980 0.003386
3 3 0.003147 0.009929 0.279469 0.705138 0.002316
3 3 0.006451 0.033530 0.401898 0.553688 0.004434
3 3 0.000786 0.001578 0.100396 0.896957 0.000283
3 3 0.000645 0.003979 0.283151 0.711447 0.000778
3 3 0.003348 0.011708 0.323189 0.659082 0.002674
3 3 0.005362 0.013675 0.331099 0.646975 0.002889
3 3 0.000926 0.001336 0.074356 0.922991 0.000391
3 3 0.000984 0.002110 0.079994 0.916399 0.000513
3 3 0.000084 0.000152 0.026392 0.973340 0.000033
3 3 0.000987 0.001279 0.050307 0.946978 0.000450
3 3 0.000327 0.000592 0.027444 0.971331 0.000305
3 3 0.000359 0.000259 0.022914 0.976398 0.000069
3 3 0.000843 0.001734 0.087645 0.909274 0.000505
3 3 0.000507 0.001206 0.112505 0.885606 0.000176
3 3 0.003438 0.004371 0.137244 0.853803 0.001144
3 3 0.018823 0.022169 0.187567 0.764529 0.006912
2 3 0.008787 0.087518 0.694310 0.199277 0.010108
3 3 0.008448 0.045462 0.408944 0.532070 0.005077
2 3 0.029899 0.210880 0.475975 0.119991 0.163255
2 3 0.020431 0.328893 0.555317 0.056302 0.039057
2 3 0.008759 0.182369 0.552456 0.162698 0.093719
2 3 0.016708 0.402939 0.519611 0.016812 0.043930
2 3 0.013474 0.203938 0.710390 0.051049 0.021149
2 0 0.013495 0.344069 0.537462 0.042500 0.062474
1 0 0.178302 0.521067 0.235609 0.011059 0.053962
1 0 0.125001 0.614203 0.169428 0.008002 0.083365
1 0 0.244166 0.537751 0.144732 0.004017 0.069333
0 0 0.590793 0.222761 0.065945 0.003233 0.117268
0 0 0.439448 0.140084 0.029700 0.000609 0.390158
0 0 0.446723 0.122483 0.025022 0.001103 0.404669
0 0 0.671420 0.093544 0.046669 0.003397 0.184970
4 1 0.010305 0.209476 0.339979 0.016726 0.423514
2 1 0.008213 0.221403 0.492967 0.091656 0.185761
4 4 0.006907 0.065442 0.048138 0.006169 0.873344
4 4 0.018266 0.187090 0.175190 0.017803 0.601651
2 4 0.012198 0.277242 0.457758 0.076289 0.176513
2 4 0.017430 0.334591 0.408904 0.008594 0.230482
4 4 0.025256 0.317958 0.230531 0.003981 0.422275
4 4 0.011038 0.194219 0.268880 0.003400 0.522463
1 4 0.106459 0.569843 0.166964 0.016376 0.140358
4 4 0.027358 0.337095 0.261594 0.010903 0.363049
4 4 0.043676 0.354677 0.191215 0.003601 0.406830
4 4 0.063931 0.201942 0.090007 0.003435 0.640685
2 4 0.011244 0.281801 0.507008 0.070539 0.129408
1 4 0.180679 0.592708 0.124173 0.002050 0.100390
4 4 0.006412 0.015354 0.008337 0.000046 0.969852
4 4 0.008365 0.057717 0.031415 0.001735 0.900768
4 4 0.003898 0.035093 0.041670 0.003296 0.916043
2 4 0.012156 0.213320 0.571803 0.131404 0.071316
4 4 0.003194 0.023191 0.020940 0.002024 0.950650
4 4 0.005138 0.029311 0.029354 0.001066 0.935130
4 4 0.009222 0.106363 0.094608 0.005607 0.784201
2 4 0.009257 0.139990 0.366911 0.119706 0.364135
4 4 0.044449 0.124651 0.106654 0.021851 0.702396
4 4 0.008315 0.045355 0.020832 0.001029 0.924469
4 4 0.022486 0.083545 0.087859 0.023932 0.782179
4 4 0.008757 0.109595 0.139674 0.007286 0.734688
4 4 0.009626 0.169617 0.242548 0.007726 0.570482
4 4 0.027038 0.075729 0.133986 0.044671 0.718577
4 4 0.004017 0.056933 0.071815 0.000849 0.866386
4 4 0.012624 0.083531 0.076738 0.003071 0.824035
4 4 0.017463 0.157867 0.208744 0.024311 0.591615
4 4 0.016684 0.208188 0.209964 0.040752 0.524413
4 4 0.003412 0.026989 0.018720 0.010518 0.940362
4 4 0.006653 0.099872 0.131748 0.016747 0.744980
1 4 0.021975 0.364491 0.364190 0.010824 0.238519
4 4 0.016861 0.158740 0.127342 0.001841 0.695216
2 4 0.010812 0.236056 0.404754 0.034165 0.314212
4 4 0.008442 0.096093 0.080990 0.001483 0.812992
4 4 0.012939 0.152785 0.122496 0.001745 0.710036
4 4 0.031401 0.292463 0.158737 0.004919 0.512479
4 4 0.035071 0.180276 0.102681 0.003995 0.677977
1 4 0.091637 0.513195 0.132517 0.014076 0.248575
1 4 0.125776 0.480411 0.148390 0.018178 0.227246
1 4 0.027511 0.344479 0.268872 0.016840 0.342297
1 4 0.023663 0.385678 0.363447 0.012404 0.214809
2 4 0.016254 0.327933 0.434765 0.023676 0.197372
2 4 0.013980 0.299676 0.446609 0.059838 0.179897
2 4 0.007567 0.243245 0.584970 0.097231 0.066986
2 4 0.019752 0.357838 0.429346 0.018822 0.174243
2 4 0.004047 0.167011 0.638906 0.106210 0.083826
1 4 0.083798 0.446713 0.326827 0.028351 0.114311
2 4 0.022024 0.437734 0.454467 0.019319 0.066456
1 4 0.025151 0.430646 0.398193 0.029466 0.116544
1 4 0.025842 0.429959 0.409294 0.055213 0.079692
2 4 0.024213 0.379512 0.418124 0.074856 0.103295
2 4 0.019255 0.372403 0.434811 0.034164 0.139367
1 4 0.049567 0.501011 0.229202 0.032331 0.187889
1 4 0.034406 0.509011 0.363076 0.032182 0.061325
4 4 0.160677 0.344218 0.110843 0.029787 0.354475
1 4 0.111174 0.374522 0.348482 0.052603 0.113220
1 4 0.048972 0.414724 0.178199 0.017861 0.340244
2 1 0.007190 0.234984 0.611994 0.029162 0.116670
2 1 0.003819 0.168571 0.688279 0.062177 0.077154
2 1 0.003515 0.162028 0.701812 0.059834 0.072812
2 1 0.000658 0.053575 0.689259 0.243966 0.012542
2 1 0.013117 0.157779 0.708275 0.015392 0.105438
2 1 0.022125 0.409812 0.425464 0.015962 0.126637
1 1 0.045984 0.533788 0.282163 0.018194 0.119871
1 0 0.053226 0.522931 0.234145 0.004904 0.184794
1 0 0.107593 0.337882 0.236340 0.025731 0.292453
0 0 0.673297 0.202675 0.082095 0.005043 0.036890
1 0 0.200002 0.573864 0.146378 0.003873 0.075883
2 1 0.012040 0.251520 0.392914 0.127670 0.215857
4 1 0.012695 0.050773 0.017053 0.000802 0.918677
1 1 0.087349 0.570314 0.162371 0.015138 0.164829
4 1 0.020011 0.295426 0.290952 0.027813 0.365797
4 1 0.050926 0.381746 0.152095 0.004766 0.410467
4 1 0.028187 0.180524 0.111535 0.020739 0.659016
2 1 0.012850 0.302832 0.494005 0.018252 0.172061
2 1 0.015714 0.338077 0.469418 0.022615 0.154176
1 1 0.025064 0.387608 0.338023 0.006241 0.243064
1 1 0.060508 0.582984 0.260569 0.015652 0.080288
0 1 0.513783 0.320908 0.118993 0.005708 0.040608
1 1 0.084840 0.632122 0.182521 0.012792 0.087724
1 1 0.046083 0.560074 0.316027 0.023204 0.054611
1 1 0.039392 0.442873 0.429621 0.017714 0.070400
1 1 0.037617 0.442592 0.262432 0.008362 0.248998
1 0 0.072045 0.570693 0.266945 0.016640 0.073676
0 0 0.532959 0.290120 0.103206 0.006357 0.067359
0 0 0.839823 0.114928 0.019534 0.000038 0.025678
0 0 0.630099 0.274317 0.062820 0.000398 0.032366
0 0 0.779379 0.157708 0.045358 0.000428 0.017126
0 0 0.504602 0.336057 0.100901 0.002813 0.055627
0 0 0.909338 0.056175 0.012890 0.000078 0.021519
0 0 0.521268 0.329283 0.102790 0.002726 0.043932
2 0 0.017378 0.293838 0.355714 0.007671 0.325400
2 0 0.074207 0.340770 0.400036 0.066877 0.118111
4 0 0.225322 0.146528 0.071392 0.001389 0.555369
0 0 0.342046 0.340495 0.168987 0.005765 0.142708
1 0 0.063952 0.473404 0.383150 0.027432 0.052062
2 0 0.034456 0.216293 0.638083 0.075986 0.035182
1 1 0.044423 0.468947 0.265117 0.014999 0.206514
1 1 0.058638 0.477582 0.191691 0.004174 0.267915
1 1 0.034219 0.496462 0.382314 0.031903 0.055102
2 1 0.042738 0.424752 0.454202 0.047800 0.030508
1 1 0.154352 0.614501 0.147236 0.002788 0.081124
1 1 0.127690 0.552085 0.111155 0.003357 0.205713
1 1 0.051613 0.564424 0.260017 0.007032 0.116914
4 1 0.050434 0.341843 0.126228 0.010631 0.470864
1 0 0.074488 0.442286 0.132549 0.008077 0.342601
0 0 0.691868 0.139320 0.029129 0.000451 0.139232
0 0 0.397822 0.292786 0.095084 0.011371 0.202938
1 0 0.126734 0.352362 0.174689 0.005923 0.340293
4 0 0.215072 0.271602 0.117843 0.016975 0.378508
1 0 0.032865 0.465262 0.359444 0.013487 0.128941
1 0 0.049216 0.404427 0.374978 0.055471 0.115908
0 0 0.457030 0.306820 0.107395 0.010276 0.118480
1 0 0.054942 0.407151 0.323628 0.082846 0.131433
0 0 0.471718 0.254978 0.088490 0.004985 0.179829
0 0 0.464578 0.194135 0.065034 0.000114 0.276139
0 0 0.346779 0.336604 0.128147 0.000511 0.187959
4 0 0.184969 0.169403 0.063555 0.001457 0.580616
0 0 0.827732 0.113414 0.032185 0.000237 0.026432
0 0 0.916936 0.041512 0.013400 0.000379 0.027773
0 0 0.689124 0.151558 0.071416 0.001835 0.086067
0 0 0.596160 0.267230 0.088018 0.002912 0.045680
0 0 0.526053 0.249333 0.115173 0.006230 0.103211
0 0 0.672058 0.154424 0.076577 0.010099 0.086842
0 0 0.598885 0.262411 0.104978 0.004998 0.028728
0 0 0.819181 0.102896 0.029298 0.000219 0.048405
0 0 0.762062 0.160008 0.059600 0.001464 0.016866
0 0 0.799895 0.115148 0.039018 0.001534 0.044404
1 0 0.246724 0.341192 0.167951 0.000691 0.243442
0 0 0.741877 0.153526 0.057699 0.003156 0.043743
0 0 0.688226 0.158537 0.065752 0.003689 0.083796
0 0 0.541588 0.235303 0.082908 0.002643 0.137559
0 0 0.634366 0.167792 0.086224 0.006894 0.104724
0 0 0.647662 0.225796 0.081089 0.003484 0.041970
0 0 0.771432 0.156825 0.050631 0.000843 0.020269
0 0 0.718391 0.171030 0.070901 0.004631 0.035047
0 0 0.573490 0.230976 0.100787 0.012385 0.082362
0 0 0.787499 0.126113 0.053869 0.002837 0.029682
0 0 0.613521 0.241613 0.078084 0.003088 0.063694
2 0 0.118758 0.286919 0.452081 0.103893 0.038348
4 0 0.374883 0.181271 0.063615 0.003210 0.377021
0 0 0.588770 0.253228 0.055976 0.000799 0.101227
0 0 0.744729 0.146897 0.060723 0.003948 0.043704
0 0 0.485524 0.195141 0.085074 0.000114 0.234147
0 0 0.627136 0.163920 0.049786 0.003539 0.155619
0 0 0.343907 0.325372 0.090313 0.002907 0.237501
0 0 0.605396 0.207468 0.051758 0.001501 0.133877
1 0 0.065299 0.355338 0.221867 0.083164 0.274331
1 1 0.028959 0.410112 0.315022 0.009838 0.236069
2 1 0.018819 0.345508 0.399825 0.019520 0.216329
2 1 0.009887 0.219476 0.382613 0.006368 0.381657
4 1 0.015625 0.243726 0.250286 0.001471 0.488892
4 1 0.042961 0.190785 0.087029 0.001953 0.677272
4 4 0.026181 0.064740 0.035711 0.000520 0.872848
4 4 0.011426 0.171975 0.193750 0.002187 0.620663
4 4 0.006735 0.039798 0.019641 0.000901 0.932925
4 4 0.010956 0.127828 0.113395 0.001986 0.745835
4 4 0.024971 0.047062 0.019665 0.000176 0.908126
4 4 0.010408 0.035668 0.013751 0.000624 0.939548
4 4 0.014899 0.085200 0.036606 0.000143 0.863152
4 4 0.021527 0.144430 0.133436 0.003321 0.697286
4 4 0.005962 0.019229 0.007421 0.000115 0.967273
4 4 0.010711 0.034030 0.015789 0.001118 0.938352
4 4 0.009423 0.032694 0.023698 0.000166 0.934018
4 4 0.006719 0.033531 0.014599 0.000055 0.945096
4 4 0.008088 0.107921 0.114090 0.004061 0.765840
4 4 0.011034 0.059581 0.031051 0.000241 0.898093
4 4 0.013637 0.093485 0.047334 0.000401 0.845144
4 4 0.017184 0.040840 0.020797 0.000474 0.920706
4 4 0.122306 0.144409 0.057825 0.002361 0.673099
4 4 0.007198 0.046285 0.024628 0.000287 0.921602
4 4 0.006247 0.057447 0.043046 0.000200 0.893061
4 4 0.005277 0.046219 0.033742 0.000590 0.914173
4 4 0.011509 0.140279 0.125162 0.001933 0.721116
4 4 0.012569 0.039365 0.022618 0.000137 0.925311
4 4 0.005263 0.033795 0.018598 0.001239 0.941105
4 4 0.020938 0.038904 0.018566 0.000282 0.921311
4 4 0.021675 0.106831 0.038517 0.001046 0.831931
4 4 0.017051 0.049525 0.023060 0.000107 0.910257
4 4 0.028832 0.061086 0.023176 0.000343 0.886563
4 4 0.019443 0.066514 0.034125 0.000445 0.879473
4 4 0.006902 0.060198 0.065706 0.002462 0.864732
4 4 0.016559 0.286362 0.336070 0.009066 0.351944
4 4 0.005819 0.094170 0.136480 0.006962 0.756570
1 4 0.024383 0.360253 0.319751 0.015662 0.279950
2 4 0.012748 0.310071 0.531047 0.020648 0.125486
2 4 0.015272 0.316379 0.435502 0.010202 0.222644
2 4 0.011870 0.296607 0.519571 0.036893 0.135059
2 4 0.015645 0.317893 0.432964 0.027120 0.206379
2 4 0.008393 0.253329 0.585827 0.028856 0.123595
2 4 0.019571 0.374750 0.435371 0.027059 0.143249
2 4 0.016672 0.305902 0.363433 0.003562 0.310430
1 2 0.033575 0.423535 0.274733 0.006197 0.261961
2 2 0.009282 0.266056 0.558634 0.071081 0.094947
1 2 0.037989 0.418341 0.232855 0.011109 0.299707
2 2 0.019350 0.357698 0.404684 0.010126 0.208142
1 2 0.029103 0.414590 0.351168 0.001766 0.203373
1 2 0.031233 0.404175 0.275531 0.004730 0.284331
4 2 0.010903 0.179164 0.220728 0.003070 0.586135
1 2 0.020845 0.327874 0.318807 0.008320 0.324154
4 2 0.025489 0.236465 0.134587 0.004149 0.599310
1 2 0.029318 0.424338 0.371885 0.012633 0.161826
1 2 0.046019 0.396255 0.188452 0.005192 0.364082
4 2 0.017140 0.239438 0.225562 0.010427 0.507432
4 2 0.037111 0.257114 0.126249 0.000930 0.578596
4 2 0.032694 0.119439 0.089067 0.006435 0.752366
0 2 0.583788 0.229223 0.090567 0.010192 0.086231
2 2 0.021864 0.187981 0.491809 0.039005 0.259342
4 2 0.041277 0.379881 0.185616 0.006325 0.386901
2 2 0.010458 0.271389 0.521186 0.051832 0.145135
2 2 0.005833 0.206640 0.622191 0.059902 0.105434
2 2 0.003914 0.169785 0.655556 0.114075 0.056670
2 2 0.004423 0.185958 0.678285 0.066421 0.064912
2 2 0.017590 0.343009 0.425385 0.017636 0.196380
2 2 0.003016 0.144375 0.644843 0.162799 0.044966
2 2 0.001192 0.089033 0.812167 0.070815 0.026793
2 2 0.001033 0.084734 0.822006 0.062434 0.029794
2 2 0.002501 0.134454 0.721499 0.089580 0.051967
2 2 0.001198 0.091163 0.814661 0.053358 0.039620
2 2 0.001931 0.123269 0.788866 0.052532 0.033402
2 3 0.001764 0.055727 0.815052 0.110360 0.017097
2 3 0.002305 0.124448 0.706985 0.102149 0.064113
2 3 0.001057 0.041552 0.800575 0.149392 0.007424
2 3 0.000460 0.054767 0.896830 0.028504 0.019440
2 3 0.002608 0.102935 0.776702 0.058744 0.059011
2 3 0.000702 0.022622 0.729132 0.237346 0.010199
2 3 0.002134 0.076411 0.762519 0.135790 0.023146
2 3 0.000575 0.014973 0.711855 0.268452 0.004146
2 3 0.000689 0.039788 0.663078 0.284903 0.011542
2 3 0.002133 0.019973 0.728284 0.247134 0.002476
2 3 0.000366 0.023425 0.670403 0.299216 0.006590
2 3 0.000891 0.055106 0.644848 0.275647 0.023508
2 3 0.000822 0.038085 0.690844 0.260369 0.009880
2 3 0.000636 0.009979 0.757683 0.228263 0.003439
2 3 0.001300 0.069425 0.665531 0.237282 0.026462
2 3 0.001278 0.042515 0.563603 0.375869 0.016735
2 3 0.000865 0.010978 0.550241 0.434075 0.003841
3 3 0.000983 0.009201 0.427283 0.559391 0.003142
3 3 0.000889 0.013830 0.346477 0.631394 0.007410
2 3 0.002048 0.041040 0.529858 0.400586 0.026468
3 3 0.000494 0.012656 0.335818 0.646735 0.004297
3 3 0.001081 0.007335 0.299960 0.689309 0.002315
3 3 0.001235 0.008328 0.357822 0.627041 0.005574
3 3 0.001135 0.005058 0.265504 0.725801 0.002503
3 3 0.000909 0.007328 0.281475 0.707511 0.002776
3 3 0.000283 0.003223 0.163812 0.830358 0.002324
3 3 0.000847 0.004317 0.089975 0.899509 0.005352
3 3 0.002006 0.013346 0.193985 0.777852 0.012811
3 3 0.001725 0.009258 0.203230 0.781863 0.003923
3 3 0.001986 0.006934 0.089634 0.893818 0.007628
3 3 0.002367 0.013286 0.175034 0.798211 0.011102
3 3 0.000227 0.001044 0.040713 0.957180 0.000837
3 3 0.000990 0.004177 0.107647 0.882984 0.004201
3 3 0.001227 0.002403 0.060958 0.933493 0.001919
3 3 0.000617 0.000932 0.046452 0.951335 0.000664
3 3 0.001182 0.002244 0.058379 0.935415 0.002780
3 3 0.000776 0.002584 0.077986 0.916170 0.002484
3 3 0.000147 0.000598 0.092612 0.906401 0.000242
3 3 0.001721 0.001029 0.018276 0.976628 0.002346
3 3 0.000311 0.000818 0.033118 0.964664 0.001090
3 3 0.001109 0.003087 0.083784 0.909700 0.002320
3 3 0.000379 0.000370 0.022245 0.976846 0.000160
3 3 0.000237 0.000365 0.017502 0.981474 0.000422
3 3 0.000987 0.001624 0.065996 0.929756 0.001637
3 3 0.000368 0.000395 0.021670 0.977202 0.000366
3 3 0.004315 0.002973 0.048451 0.941669 0.002593
3 3 0.000267 0.000618 0.029748 0.968710 0.000657
3 3 0.000240 0.000253 0.016605 0.982746 0.000155
3 3 0.000383 0.000319 0.012135 0.986725 0.000438
3 3 0.000430 0.001365 0.029108 0.967146 0.001951
3 3 0.000092 0.000126 0.009527 0.990112 0.000143
3 3 0.000496 0.000874 0.020666 0.976789 0.001175
3 3 0.000128 0.000069 0.009505 0.990264 0.000034
3 3 0.000195 0.000295 0.015731 0.983524 0.000255
3 3 0.000325 0.000295 0.013582 0.985503 0.000295
3 3 0.000359 0.000849 0.058340 0.940096 0.000355
3 3 0.000135 0.000186 0.021604 0.978022 0.000052
3 3 0.000816 0.001124 0.017948 0.976448 0.003665
3 3 0.000573 0.000472 0.017409 0.981065 0.000481
3 3 0.000537 0.000239 0.010841 0.988091 0.000291
3 3 0.000039 0.000033 0.005914 0.993986 0.000027
3 3 0.000564 0.000413 0.019414 0.979252 0.000358
3 3 0.001380 0.001712 0.049946 0.945402 0.001560
3 3 0.002175 0.001453 0.029383 0.965604 0.001385
3 3 0.000411 0.000736 0.022289 0.975842 0.000723
3 3 0.000382 0.000278 0.009991 0.988874 0.000475
3 3 0.000132 0.000138 0.013997 0.985655 0.000079
3 3 0.000464 0.000254 0.007971 0.990716 0.000594
3 3 0.000034 0.000048 0.007717 0.992166 0.000036
3 3 0.000096 0.000163 0.013665 0.985962 0.000115
3 3 0.000165 0.000174 0.011800 0.987706 0.000154
3 3 0.000592 0.000443 0.015388 0.983120 0.000458
3 3 0.000214 0.000119 0.006807 0.992664 0.000196
3 3 0.000266 0.000145 0.008768 0.990657 0.000164
3 3 0.000393 0.000492 0.016659 0.981895 0.000560
3 3 0.000338 0.000211 0.011057 0.988179 0.000215
3 3 0.000188 0.000213 0.012210 0.987175 0.000214
3 3 0.000082 0.000051 0.008023 0.991816 0.000029
3 3 0.000237 0.000186 0.010156 0.989200 0.000220
3 3 0.000137 0.000095 0.009468 0.990234 0.000068
3 3 0.000156 0.000097 0.009792 0.989892 0.000064
3 3 0.000056 0.000066 0.007282 0.992526 0.000070
3 3 0.000078 0.000087 0.008662 0.991092 0.000081
3 3 0.000162 0.000143 0.012097 0.987503 0.000094
3 3 0.000044 0.000045 0.008388 0.991499 0.000024
3 3 0.000102 0.000088 0.014446 0.985338 0.000025
3 3 0.000408 0.000247 0.010076 0.988921 0.000349
3 3 0.000216 0.000202 0.010861 0.988485 0.000235
3 3 0.000204 0.000127 0.007274 0.992194 0.000201
3 3 0.000045 0.000024 0.006329 0.993591 0.000011
3 3 0.000236 0.000380 0.019806 0.979324 0.000255
3 3 0.000181 0.000065 0.008125 0.991592 0.000037
3 3 0.000054 0.000127 0.013907 0.985835 0.000077
3 3 0.000045 0.000055 0.008652 0.991212 0.000036
3 3 0.000089 0.000124 0.009559 0.990090 0.000138
3 3 0.000063 0.000032 0.006070 0.993815 0.000020
3 3 0.000081 0.000062 0.006925 0.992872 0.000060
3 3 0.000298 0.000082 0.005517 0.993982 0.000121
3 3 0.000318 0.000286 0.011412 0.987580 0.000404
3 3 0.000074 0.000076 0.009430 0.990368 0.000051
3 3 0.000368 0.000206 0.009731 0.989434 0.000261
3 3 0.000155 0.000093 0.009602 0.990090 0.000060
3 3 0.000222 0.000149 0.011207 0.988311 0.000110
3 3 0.000195 0.000220 0.011431 0.987890 0.000263
3 3 0.000138 0.000152 0.011898 0.987693 0.000119
3 3 0.000791 0.001391 0.024001 0.971764 0.002052
3 3 0.003217 0.006734 0.087982 0.897423 0.004644
3 3 0.004623 0.007644 0.138788 0.846390 0.002555
3 3 0.000606 0.000977 0.098677 0.899479 0.000260
3 3 0.002731 0.004078 0.167528 0.824943 0.000720
2 3 0.010082 0.026332 0.653031 0.306884 0.003671
2 1 0.037231 0.197231 0.664873 0.075608 0.025057
2 1 0.030627 0.208353 0.429991 0.078753 0.252276
2 1 0.009184 0.300172 0.620597 0.036097 0.033950
2 1 0.015600 0.349051 0.488934 0.041279 0.105136
2 1 0.011082 0.292617 0.541716 0.044207 0.110378
2 1 0.013263 0.308160 0.491036 0.022951 0.164590
2 1 0.010215 0.306419 0.597332 0.032527 0.053507
2 1 0.008998 0.245452 0.525786 0.060223 0.159541
2 1 0.018393 0.318264 0.359441 0.022221 0.281682
1 1 0.025345 0.378085 0.317066 0.004251 0.275253
1 1 0.023588 0.363397 0.329670 0.010149 0.273196
2 1 0.012466 0.274477 0.433443 0.008110 0.271504
2 1 0.010969 0.274438 0.502325 0.012337 0.199931
2 1 0.015167 0.316262 0.430552 0.004018 0.234001
2 1 0.016495 0.374284 0.500989 0.010812 0.097420
2 1 0.008735 0.259772 0.582816 0.026772 0.121905
4 1 0.030972 0.159717 0.090793 0.001717 0.716801
4 1 0.013640 0.248272 0.328998 0.015716 0.393374
4 1 0.013852 0.210844 0.225132 0.003936 0.546236
2 1 0.009440 0.230278 0.448729 0.014228 0.297325
2 1 0.011845 0.280848 0.482626 0.019537 0.205143
2 1 0.007700 0.241294 0.595439 0.034093 0.121475
2 1 0.008370 0.254054 0.583461 0.054647 0.099468
2 1 0.009859 0.270033 0.545653 0.053151 0.121305
2 1 0.015826 0.329624 0.447873 0.013850 0.192826
2 1 0.005664 0.207892 0.636008 0.067542 0.082895
2 1 0.007942 0.243438 0.574907 0.076976 0.096737
2 1 0.005730 0.203613 0.627212 0.023055 0.140390
2 1 0.003392 0.158240 0.713221 0.033406 0.091742
2 1 0.002364 0.142294 0.792676 0.031976 0.030689
2 1 0.009252 0.264163 0.565663 0.029676 0.131247
2 1 0.003596 0.158441 0.677815 0.061479 0.098669
2 1 0.010157 0.305523 0.604907 0.025724 0.053688
2 1 0.006853 0.225342 0.607243 0.033195 0.127366
1 1 0.028627 0.463597 0.393250 0.015666 0.098859
1 1 0.031131 0.429152 0.332934 0.002418 0.204365
1 1 0.064239 0.530654 0.293473 0.017348 0.094286
0 0 0.556736 0.318185 0.072800 0.000653 0.051628
0 0 0.645610 0.211706 0.068347 0.003046 0.071291
0 0 0.798707 0.124160 0.056993 0.003201 0.016939
0 0 0.520770 0.313384 0.123979 0.006755 0.035112
0 0 0.826193 0.094509 0.057663 0.005873 0.015763
2 0 0.011021 0.274381 0.533081 0.115124 0.066392
2 1 0.009831 0.265617 0.538465 0.041717 0.144369
2 1 0.005755 0.202558 0.620653 0.036578 0.134457
2 1 0.015704 0.324840 0.445301 0.028461 0.185694
2 1 0.010081 0.220870 0.381962 0.009998 0.377089
2 1 0.010949 0.270567 0.497258 0.047428 0.173798
2 1 0.021816 0.396336 0.415064 0.020877 0.145907
2 1 0.014758 0.266114 0.345052 0.046741 0.327336
4 1 0.009252 0.050468 0.022449 0.000399 0.917431
4 4 0.019802 0.147983 0.075387 0.000483 0.756344
4 4 0.016163 0.138699 0.081879 0.001162 0.762098
4 4 0.010190 0.039006 0.025236 0.000702 0.924866
4 4 0.004596 0.017150 0.008603 0.000516 0.969135
4 4 0.015508 0.167607 0.123517 0.009123 0.684245
4 4 0.013315 0.099331 0.054107 0.000661 0.832586
1 4 0.194150 0.465126 0.157611 0.001414 0.181699
2 4 0.044390 0.310058 0.354634 0.016141 0.274778
4 4 0.006915 0.029997 0.026129 0.001778 0.935181
2 4 0.012484 0.240372 0.352044 0.088441 0.306659
2 4 0.019341 0.395596 0.483562 0.038745 0.062757
4 4 0.017198 0.272751 0.297237 0.036391 0.376424
4 4 0.017965 0.174807 0.123057 0.005499 0.678672
