0 0 0.938074 0.043289 0.008567 0.000077 0.009993
0 0 0.978129 0.012216 0.002396 0.000021 0.007239
0 0 0.941142 0.022437 0.005464 0.000055 0.030902
0 0 0.958988 0.021115 0.005067 0.000115 0.014714
0 0 0.990004 0.005764 0.001132 0.000023 0.003076
0 0 0.908344 0.033679 0.009484 0.000206 0.048287
0 0 0.945632 0.022514 0.005632 0.000089 0.026133
0 0 0.956664 0.015349 0.004303 0.000181 0.023503
0 0 0.966523 0.008083 0.001929 0.000017 0.023448
0 0 0.822659 0.103083 0.030989 0.001846 0.041422
0 0 0.940682 0.028890 0.008539 0.000773 0.021116
0 0 0.806284 0.011505 0.003004 0.000004 0.179203
0 0 0.983101 0.008340 0.002048 0.000122 0.006390
0 0 0.836798 0.029462 0.008066 0.000037 0.125636
0 0 0.906033 0.015580 0.004343 0.000039 0.074005
0 0 0.911354 0.011030 0.002818 0.000011 0.074787
0 0 0.683617 0.033456 0.011721 0.000141 0.271065
0 0 0.853882 0.016092 0.004537 0.000022 0.125467
0 0 0.911651 0.021046 0.006334 0.000156 0.060814
0 0 0.954763 0.010698 0.002728 0.000031 0.031780
0 0 0.977301 0.011632 0.002368 0.000022 0.008678
4 0 0.471548 0.034554 0.007623 0.000001 0.486274
0 0 0.744210 0.017033 0.004966 0.000013 0.233778
0 0 0.989543 0.004586 0.000975 0.000020 0.004876
0 0 0.995142 0.002935 0.000490 0.000005 0.001427
0 0 0.997166 0.001569 0.000263 0.000004 0.000999
0 0 0.996484 0.002207 0.000335 0.000002 0.000971
0 0 0.994019 0.004072 0.000587 0.000002 0.001320
0 0 0.963529 0.011191 0.002094 0.000003 0.023184
0 0 0.915955 0.006884 0.001563 0.000002 0.075595
0 0 0.938848 0.030230 0.009029 0.000911 0.020982
0 0 0.950218 0.010151 0.002551 0.000021 0.037059
0 0 0.973988 0.012427 0.003347 0.000280 0.009958
0 0 0.944671 0.030229 0.008130 0.000461 0.016509
0 0 0.981980 0.012002 0.002157 0.000020 0.003841
0 0 0.988622 0.005773 0.001303 0.000057 0.004245
0 0 0.984984 0.007973 0.001806 0.000070 0.005167
0 0 0.903009 0.072660 0.013247 0.000060 0.011024
0 0 0.925201 0.052999 0.010499 0.000086 0.011215
0 0 0.967880 0.022348 0.004071 0.000031 0.005671
0 0 0.773170 0.188096 0.027693 0.000024 0.011017
0 0 0.975019 0.019367 0.002727 0.000005 0.002882
0 0 0.917866 0.060261 0.011267 0.000064 0.010543
0 0 0.945858 0.035325 0.007668 0.000125 0.011024
0 0 0.958587 0.027568 0.005590 0.000070 0.008186
0 0 0.926155 0.048787 0.008024 0.000008 0.017026
0 0 0.967273 0.018933 0.003024 0.000003 0.010767
0 0 0.712197 0.178552 0.031188 0.000009 0.078053
0 0 0.986366 0.008160 0.001614 0.000029 0.003831
0 0 0.952832 0.035617 0.005370 0.000008 0.006172
0 0 0.929768 0.032825 0.007524 0.000053 0.029829
0 0 0.934421 0.039186 0.008625 0.000089 0.017679
0 0 0.952288 0.031652 0.006583 0.000089 0.009388
0 0 0.951304 0.018166 0.004797 0.000115 0.025618
0 0 0.739930 0.177768 0.040627 0.000259 0.041416
0 0 0.948943 0.027757 0.005230 0.000013 0.018057
0 0 0.974327 0.016607 0.003277 0.000044 0.005746
0 0 0.915069 0.065628 0.010735 0.000026 0.008543
0 0 0.972516 0.019396 0.003284 0.000016 0.004789
0 0 0.971752 0.018929 0.003598 0.000037 0.005684
0 0 0.967866 0.023111 0.003964 0.000021 0.005038
0 0 0.938620 0.036614 0.008721 0.000198 0.015847
0 0 0.947477 0.036280 0.007167 0.000068 0.009008
0 0 0.995601 0.002611 0.000438 0.000005 0.001346
0 0 0.969506 0.015635 0.004073 0.000257 0.010529
0 0 0.949673 0.026253 0.007269 0.000514 0.016291
0 0 0.884435 0.023002 0.006429 0.000055 0.086079
0 0 0.973876 0.015626 0.003236 0.000048 0.007214
0 0 0.870890 0.083335 0.015981 0.000032 0.029762
0 1 0.650641 0.236174 0.055451 0.000286 0.057448
1 1 0.101049 0.685242 0.152954 0.000001 0.060753
1 1 0.096203 0.549988 0.225190 0.000542 0.128076
2 2 0.014156 0.133577 0.841374 0.006808 0.004086
2 2 0.001723 0.112353 0.871572 0.000019 0.014333
2 2 0.000418 0.030002 0.967870 0.001081 0.000630
2 1 0.008559 0.283037 0.692143 0.000282 0.015979
2 2 0.001892 0.095819 0.893512 0.000497 0.008279
2 2 0.000049 0.007283 0.976957 0.015668 0.000043
2 2 0.000919 0.014548 0.906809 0.077577 0.000147
2 2 0.001038 0.075993 0.913579 0.001016 0.008373
2 2 0.007490 0.114071 0.807824 0.065001 0.005614
2 2 0.018584 0.260137 0.682159 0.001241 0.037878
0 0 0.411808 0.373222 0.136410 0.004925 0.073636
2 1 0.043581 0.372552 0.561329 0.000088 0.022450
2 2 0.001678 0.067158 0.929277 0.000299 0.001588
2 2 0.000202 0.021017 0.976323 0.002369 0.000088
2 2 0.000561 0.022930 0.974907 0.001424 0.000177
2 2 0.001061 0.067236 0.929741 0.000324 0.001638
2 2 0.001885 0.059518 0.933757 0.004410 0.000431
2 2 0.001635 0.014126 0.882182 0.101965 0.000092
2 2 0.001690 0.043838 0.939597 0.014336 0.000539
2 2 0.001175 0.018786 0.893863 0.085931 0.000244
0 2 0.541881 0.229712 0.129692 0.027123 0.071592
2 2 0.044554 0.280224 0.645281 0.013160 0.016780
1 2 0.285138 0.390603 0.244668 0.022090 0.057501
2 2 0.053494 0.214061 0.694234 0.002679 0.035533
2 2 0.238978 0.315755 0.360505 0.018302 0.066460
0 2 0.378454 0.225847 0.315226 0.016616 0.063857
0 0 0.885141 0.074869 0.019704 0.000368 0.019918
0 0 0.436698 0.417457 0.101120 0.000786 0.043939
1 1 0.035642 0.497309 0.348905 0.000458 0.117686
2 2 0.009223 0.172973 0.808603 0.001642 0.007559
2 2 0.000667 0.043093 0.949792 0.002303 0.004146
2 2 0.004440 0.096442 0.884561 0.000561 0.013995
2 2 0.000213 0.015731 0.964861 0.019069 0.000126
2 2 0.000264 0.024203 0.965495 0.008716 0.001321
2 2 0.000249 0.010204 0.933242 0.056192 0.000112
2 2 0.000791 0.023003 0.961084 0.014450 0.000672
2 2 0.000079 0.002946 0.630480 0.366465 0.000030
2 2 0.000897 0.017071 0.784585 0.197133 0.000313
3 3 0.000003 0.000282 0.413867 0.585846 0.000002
2 2 0.000046 0.001367 0.562851 0.435728 0.000007
2 2 0.000576 0.017009 0.570338 0.409903 0.002175
3 2 0.000078 0.002256 0.424603 0.572968 0.000094
3 2 0.000068 0.002232 0.240955 0.756594 0.000151
2 2 0.000097 0.004166 0.657472 0.338142 0.000124
3 2 0.000016 0.000806 0.317701 0.681453 0.000024
3 2 0.000187 0.004237 0.325102 0.670311 0.000164
3 2 0.000017 0.001154 0.338481 0.660308 0.000040
3 2 0.000220 0.008853 0.409445 0.581044 0.000438
2 3 0.001168 0.018776 0.555141 0.422049 0.002866
3 2 0.000100 0.003588 0.229403 0.766177 0.000732
3 2 0.000009 0.000883 0.320647 0.678397 0.000064
3 2 0.000017 0.000662 0.163740 0.835548 0.000033
2 2 0.000846 0.009531 0.758617 0.230138 0.000868
3 2 0.000163 0.009634 0.491753 0.497121 0.001328
3 2 0.000053 0.001391 0.103513 0.894800 0.000243
3 2 0.000002 0.000116 0.061863 0.938015 0.000004
3 2 0.000012 0.001052 0.188231 0.810665 0.000040
3 2 0.000004 0.000444 0.250507 0.749034 0.000011
3 2 0.000034 0.001469 0.148968 0.849323 0.000207
3 2 0.000008 0.000967 0.260767 0.738226 0.000032
3 2 0.000000 0.000054 0.161134 0.838811 0.000001
3 2 0.000028 0.001482 0.150431 0.847897 0.000162
3 2 0.000012 0.000589 0.115932 0.883422 0.000045
3 2 0.000059 0.002438 0.246523 0.750802 0.000179
3 2 0.000008 0.000799 0.315048 0.684126 0.000018
3 2 0.000000 0.000015 0.077279 0.922706 0.000000
3 2 0.000002 0.000207 0.094441 0.905331 0.000019
3 2 0.000039 0.002773 0.270126 0.726898 0.000164
3 2 0.000009 0.000466 0.103358 0.896136 0.000031
3 2 0.000019 0.001825 0.350983 0.647022 0.000151
3 3 0.000000 0.000032 0.075121 0.924845 0.000001
3 2 0.000005 0.000312 0.143288 0.856373 0.000023
3 2 0.000040 0.001339 0.122017 0.876485 0.000119
3 2 0.000058 0.003290 0.264000 0.732334 0.000317
3 2 0.000046 0.003791 0.439551 0.556405 0.000207
3 2 0.000009 0.000325 0.168995 0.830646 0.000024
3 3 0.000036 0.001326 0.141487 0.857040 0.000111
3 2 0.000002 0.000124 0.060657 0.939209 0.000009
3 2 0.000044 0.002534 0.396492 0.600722 0.000208
3 3 0.000003 0.000219 0.104690 0.895082 0.000007
2 3 0.000066 0.005929 0.602604 0.390238 0.001163
3 2 0.000033 0.001378 0.123256 0.875038 0.000295
3 2 0.000112 0.004149 0.291313 0.703768 0.000657
3 2 0.000001 0.000120 0.090189 0.909683 0.000007
3 3 0.000025 0.001401 0.153633 0.844688 0.000253
3 3 0.000005 0.000264 0.064791 0.934912 0.000028
3 2 0.000018 0.000876 0.131929 0.867049 0.000128
3 2 0.000105 0.004954 0.471055 0.523566 0.000320
3 2 0.000077 0.002210 0.115753 0.881651 0.000309
3 2 0.000007 0.000573 0.149805 0.849576 0.000039
3 2 0.000143 0.003121 0.324256 0.672232 0.000247
3 2 0.000255 0.009813 0.294481 0.693043 0.002409
3 2 0.000038 0.001545 0.136638 0.861616 0.000162
3 2 0.000083 0.002180 0.093019 0.904137 0.000581
3 2 0.000017 0.000995 0.117661 0.881166 0.000160
3 2 0.000042 0.001165 0.092046 0.906500 0.000247
3 2 0.000094 0.003017 0.216093 0.780526 0.000270
3 2 0.000050 0.002170 0.175882 0.821476 0.000423
3 2 0.000003 0.000390 0.167124 0.832465 0.000017
3 2 0.000051 0.001547 0.162154 0.835867 0.000381
3 2 0.000313 0.012007 0.454320 0.531219 0.002141
3 2 0.000011 0.002404 0.459562 0.537710 0.000313
3 2 0.000013 0.000528 0.169754 0.829661 0.000044
3 2 0.000015 0.000956 0.187325 0.811647 0.000057
3 2 0.000013 0.000726 0.111487 0.887679 0.000095
3 2 0.000047 0.001537 0.102930 0.895273 0.000212
3 2 0.000004 0.000328 0.122534 0.877116 0.000017
3 2 0.000173 0.005870 0.345824 0.647148 0.000986
3 2 0.000037 0.001971 0.210836 0.787052 0.000104
3 2 0.000091 0.005754 0.447101 0.545871 0.001184
3 2 0.003662 0.021925 0.201763 0.768201 0.004449
1 0 0.159199 0.420739 0.380548 0.005659 0.033855
1 0 0.363843 0.477751 0.113419 0.000186 0.044801
0 1 0.406985 0.354132 0.131599 0.009773 0.097510
1 1 0.056621 0.670770 0.243694 0.000102 0.028814
2 1 0.005693 0.383171 0.421674 0.000029 0.189433
2 2 0.006866 0.225425 0.697522 0.000373 0.069814
2 2 0.002228 0.085112 0.871848 0.003549 0.037263
2 2 0.003601 0.113482 0.837355 0.000010 0.045551
2 2 0.000517 0.051795 0.931425 0.005078 0.011184
2 2 0.003776 0.131396 0.805138 0.000637 0.059054
2 2 0.003390 0.203670 0.544702 0.000084 0.248155
4 4 0.004531 0.296639 0.281581 0.000002 0.417247
4 4 0.015735 0.397392 0.071922 0.000000 0.514950
4 4 0.009967 0.325685 0.182223 0.000001 0.482124
4 4 0.008970 0.329887 0.049345 0.000000 0.611798
4 4 0.011217 0.413576 0.082471 0.000000 0.492736
4 4 0.007265 0.317126 0.126254 0.000000 0.549354
4 4 0.011307 0.346850 0.114607 0.000001 0.527236
4 4 0.004363 0.248622 0.052576 0.000000 0.694440
4 4 0.008273 0.306849 0.080208 0.000000 0.604670
1 4 0.014419 0.460250 0.119212 0.000000 0.406119
4 4 0.008362 0.408438 0.083644 0.000000 0.499556
4 4 0.029686 0.436775 0.060219 0.000000 0.473321
4 4 0.009772 0.411435 0.081531 0.000000 0.497262
4 4 0.013369 0.198877 0.044273 0.000000 0.743481
4 4 0.005544 0.217212 0.054797 0.000000 0.722447
4 4 0.011559 0.388774 0.103635 0.000000 0.496031
1 4 0.012836 0.444573 0.167212 0.000001 0.375378
4 4 0.008062 0.268881 0.084916 0.000000 0.638141
4 4 0.013256 0.346198 0.138859 0.000000 0.501686
1 4 0.017152 0.540451 0.174709 0.000002 0.267686
1 4 0.011095 0.392374 0.281381 0.000000 0.315150
1 4 0.011395 0.469745 0.329751 0.000001 0.189108
1 4 0.016386 0.522716 0.327784 0.000003 0.133111
2 4 0.002366 0.138282 0.838928 0.000051 0.020373
2 2 0.001550 0.039384 0.956145 0.000024 0.002898
2 2 0.003158 0.083893 0.901861 0.000001 0.011087
2 2 0.001312 0.044976 0.948944 0.000003 0.004766
2 2 0.002178 0.064763 0.927173 0.000032 0.005854
2 2 0.002371 0.071007 0.919359 0.000021 0.007242
2 2 0.001374 0.040832 0.955907 0.001251 0.000635
2 2 0.001554 0.050457 0.943607 0.000027 0.004355
2 2 0.003225 0.059265 0.935188 0.001070 0.001252
2 2 0.005468 0.111573 0.879795 0.001673 0.001490
2 2 0.003550 0.099240 0.893889 0.000444 0.002877
2 2 0.003450 0.075962 0.918877 0.000749 0.000962
1 2 0.328597 0.403795 0.173745 0.017464 0.076399
0 2 0.691142 0.150325 0.062481 0.018585 0.077467
0 2 0.829854 0.088946 0.029613 0.003310 0.048278
0 2 0.753272 0.130674 0.045646 0.005450 0.064958
2 2 0.025300 0.282627 0.648273 0.000837 0.042963
2 2 0.021760 0.370632 0.576048 0.000028 0.031533
1 2 0.141706 0.610133 0.095814 0.000001 0.152345
2 2 0.009426 0.258344 0.713656 0.000022 0.018551
2 2 0.011867 0.174133 0.797168 0.000046 0.016786
2 2 0.008890 0.124446 0.829592 0.000217 0.036855
1 2 0.206561 0.555476 0.173235 0.002731 0.061997
2 2 0.006771 0.078765 0.908339 0.003163 0.002961
0 2 0.848401 0.079349 0.025914 0.002755 0.043581
0 0 0.434174 0.424537 0.071456 0.000014 0.069819
1 1 0.155254 0.677905 0.095634 0.000001 0.071206
1 1 0.079706 0.451635 0.445785 0.000029 0.022844
2 2 0.007629 0.163746 0.821207 0.000036 0.007381
2 2 0.213764 0.305796 0.456398 0.003752 0.020289
1 2 0.058643 0.656790 0.250558 0.000001 0.034008
0 2 0.450846 0.388756 0.108479 0.001357 0.050562
1 2 0.260997 0.405866 0.289938 0.002968 0.040230
1 2 0.298532 0.448425 0.221702 0.001126 0.030215
0 2 0.662497 0.173029 0.065736 0.010538 0.088201
0 0 0.723764 0.180315 0.049770 0.001391 0.044760
1 1 0.234976 0.597783 0.082157 0.000001 0.085082
1 1 0.051910 0.569821 0.176827 0.000001 0.201441
2 1 0.021097 0.232225 0.736113 0.004528 0.006038
2 1 0.005215 0.167874 0.820607 0.000033 0.006271
2 2 0.002104 0.058782 0.938318 0.000038 0.000758
2 2 0.001196 0.040265 0.957188 0.001196 0.000155
2 2 0.001880 0.061462 0.935838 0.000010 0.000810
2 2 0.000170 0.026933 0.972122 0.000020 0.000755
2 2 0.001091 0.045988 0.951177 0.001270 0.000473
2 2 0.001135 0.051524 0.945788 0.001108 0.000446
1 2 0.283334 0.421360 0.211147 0.018026 0.066133
1 2 0.247344 0.420311 0.285642 0.004221 0.042482
0 2 0.806829 0.105399 0.034370 0.003156 0.050246
1 2 0.353255 0.423457 0.137856 0.005001 0.080431
0 2 0.801646 0.100872 0.035267 0.004834 0.057380
0 2 0.815367 0.098540 0.032598 0.003346 0.050149
1 2 0.362216 0.427874 0.132271 0.003531 0.074107
1 2 0.134496 0.586300 0.118517 0.000015 0.160671
2 2 0.001716 0.087896 0.897674 0.000891 0.011822
2 2 0.004654 0.052364 0.918873 0.023229 0.000879
1 2 0.186727 0.363769 0.354548 0.010111 0.084846
2 2 0.001925 0.124923 0.860808 0.000006 0.012339
2 2 0.000333 0.013310 0.985753 0.000361 0.000243
2 2 0.001039 0.032798 0.957819 0.005995 0.002349
2 2 0.001060 0.035032 0.961845 0.000585 0.001479
2 2 0.002504 0.066427 0.928756 0.000275 0.002038
0 2 0.843102 0.083861 0.027001 0.002587 0.043449
0 2 0.729466 0.154573 0.050741 0.003954 0.061266
0 2 0.753061 0.134326 0.045731 0.004682 0.062199
1 2 0.389300 0.503873 0.081625 0.000041 0.025161
1 2 0.083031 0.545020 0.348510 0.000077 0.023362
2 2 0.013012 0.247838 0.725024 0.000027 0.014099
2 2 0.009232 0.123273 0.865888 0.000021 0.001586
2 2 0.001542 0.073204 0.923781 0.000242 0.001230
2 2 0.001380 0.050094 0.947999 0.000047 0.000479
2 2 0.000583 0.030430 0.968200 0.000039 0.000748
2 2 0.004098 0.109976 0.880080 0.000005 0.005841
2 2 0.000748 0.031024 0.963979 0.003943 0.000305
2 2 0.003588 0.071488 0.923980 0.000117 0.000827
2 2 0.007702 0.109325 0.881622 0.000007 0.001343
2 2 0.001652 0.037130 0.958458 0.002356 0.000404
2 2 0.002864 0.088984 0.902779 0.000006 0.005366
2 2 0.002648 0.062196 0.933975 0.000814 0.000367
2 2 0.000998 0.022488 0.975515 0.000748 0.000251
2 2 0.001292 0.039101 0.940606 0.018645 0.000356
2 2 0.000703 0.016605 0.973816 0.008801 0.000076
2 2 0.014078 0.107350 0.863355 0.013661 0.001555
2 2 0.000503 0.022579 0.975678 0.001012 0.000228
0 2 0.782684 0.128858 0.039078 0.002182 0.047198
0 2 0.806841 0.090065 0.034158 0.007794 0.061142
0 2 0.814490 0.105022 0.032747 0.002359 0.045381
0 0 0.768516 0.162441 0.035877 0.000230 0.032936
0 0 0.880883 0.091989 0.015939 0.000049 0.011141
0 0 0.609126 0.327831 0.048467 0.000030 0.014546
1 0 0.184609 0.706330 0.085001 0.000001 0.024059
1 1 0.043748 0.710505 0.225899 0.000002 0.019846
1 1 0.070156 0.644879 0.266906 0.000021 0.018037
1 1 0.037288 0.468391 0.456065 0.000034 0.038222
2 2 0.001687 0.050665 0.947291 0.000044 0.000313
2 2 0.002088 0.084835 0.911496 0.000050 0.001531
2 2 0.000810 0.063174 0.933489 0.000003 0.002524
2 2 0.001727 0.050757 0.946624 0.000350 0.000542
2 2 0.000429 0.031473 0.967806 0.000064 0.000229
2 2 0.229865 0.215704 0.526274 0.012478 0.015680
0 2 0.818365 0.103385 0.031941 0.002206 0.044103
1 0 0.161812 0.571101 0.171381 0.001361 0.094344
1 1 0.030113 0.662593 0.207502 0.000009 0.099783
2 2 0.009008 0.263758 0.688856 0.000265 0.038113
2 2 0.000969 0.050064 0.941322 0.000010 0.007635
2 2 0.001546 0.063913 0.917064 0.000001 0.017477
2 2 0.007429 0.079076 0.909210 0.000337 0.003947
2 2 0.007314 0.094038 0.889829 0.000028 0.008791
2 2 0.000046 0.002642 0.970610 0.026689 0.000012
2 2 0.001156 0.047173 0.944798 0.002152 0.004721
2 2 0.001393 0.038921 0.952755 0.000261 0.006669
2 2 0.002874 0.020690 0.938649 0.036745 0.001042
2 2 0.000510 0.025271 0.970507 0.001604 0.002107
2 2 0.000888 0.034988 0.958848 0.002055 0.003221
2 2 0.000840 0.037928 0.955532 0.000349 0.005350
2 2 0.003440 0.035085 0.903629 0.053881 0.003964
2 2 0.002909 0.040485 0.945516 0.009111 0.001978
1 1 0.114595 0.604979 0.215782 0.002229 0.062416
2 1 0.014965 0.160751 0.806927 0.000843 0.016515
2 2 0.000814 0.028870 0.948010 0.021557 0.000748
2 1 0.011067 0.092914 0.892787 0.002036 0.001196
2 2 0.005028 0.089814 0.903989 0.000230 0.000939
2 2 0.002671 0.057184 0.939503 0.000069 0.000574
2 2 0.007554 0.144256 0.845291 0.000063 0.002837
2 2 0.075036 0.118470 0.774592 0.027806 0.004097
0 2 0.865771 0.080332 0.022352 0.000984 0.030561
1 2 0.277123 0.453057 0.163878 0.009360 0.096582
0 2 0.455654 0.270287 0.122591 0.038983 0.112485
1 2 0.349318 0.441690 0.107789 0.000260 0.100944
1 1 0.293892 0.572077 0.091892 0.000018 0.042120
1 1 0.045287 0.579506 0.300492 0.000019 0.074697
2 1 0.024812 0.440075 0.513639 0.000008 0.021466
2 2 0.001690 0.081816 0.913341 0.001306 0.001847
2 2 0.001283 0.060655 0.936820 0.000137 0.001105
2 2 0.002934 0.061273 0.934751 0.000581 0.000461
2 2 0.026661 0.123481 0.844809 0.002349 0.002700
1 2 0.096725 0.567677 0.318488 0.000011 0.017098
2 1 0.014349 0.316286 0.623492 0.000002 0.045871
2 2 0.004789 0.085164 0.905673 0.002747 0.001627
2 2 0.017588 0.318077 0.616753 0.000021 0.047561
2 2 0.006550 0.213391 0.731903 0.000007 0.048149
2 2 0.017765 0.200166 0.760574 0.000127 0.021367
2 2 0.003052 0.055999 0.937900 0.000652 0.002397
2 2 0.001453 0.053966 0.936198 0.000010 0.008373
2 2 0.000448 0.018981 0.979797 0.000060 0.000713
2 2 0.001836 0.030663 0.963612 0.001216 0.002673
2 2 0.010423 0.194121 0.779576 0.000551 0.015329
0 1 0.534668 0.321032 0.087475 0.001526 0.055300
0 1 0.518949 0.373852 0.064711 0.000035 0.042453
1 1 0.230437 0.670400 0.078958 0.000002 0.020202
1 1 0.051069 0.684306 0.235675 0.000001 0.028950
2 1 0.003119 0.100182 0.894957 0.000034 0.001708
2 2 0.001210 0.034295 0.964219 0.000127 0.000149
2 2 0.007585 0.130976 0.859701 0.000204 0.001534
2 2 0.001551 0.059232 0.938159 0.000003 0.001055
2 2 0.001365 0.105834 0.890584 0.000000 0.002216
2 2 0.008680 0.098892 0.891443 0.000126 0.000860
1 2 0.336264 0.442591 0.165173 0.002462 0.053511
0 0 0.790822 0.155692 0.031906 0.000189 0.021390
0 0 0.529191 0.386036 0.063064 0.000050 0.021658
1 1 0.121846 0.730106 0.116816 0.000001 0.031231
1 1 0.088807 0.770752 0.114460 0.000000 0.025981
1 1 0.113761 0.770664 0.081055 0.000000 0.034519
1 0 0.374770 0.460873 0.142818 0.000172 0.021368
0 0 0.936961 0.027125 0.006317 0.000049 0.029548
0 0 0.918684 0.069249 0.008146 0.000003 0.003917
1 1 0.074260 0.714203 0.146627 0.000000 0.064910
1 1 0.258133 0.488064 0.164731 0.000002 0.089069
0 0 0.957485 0.025640 0.005137 0.000036 0.011701
0 0 0.915125 0.063221 0.010607 0.000023 0.011023
0 0 0.943337 0.028017 0.007291 0.000224 0.021131
0 0 0.782936 0.054466 0.012844 0.000015 0.149739
0 0 0.960172 0.020442 0.003989 0.000015 0.015382
0 0 0.966740 0.024137 0.004089 0.000020 0.005014
0 0 0.980520 0.012580 0.002389 0.000029 0.004481
0 0 0.982449 0.011875 0.002077 0.000016 0.003583
0 0 0.955645 0.027484 0.005284 0.000027 0.011561
0 0 0.987099 0.008328 0.001489 0.000015 0.003069
0 0 0.991920 0.004964 0.000880 0.000011 0.002226
0 0 0.964345 0.021217 0.004880 0.000136 0.009422
0 0 0.935138 0.039248 0.009670 0.000302 0.015642
0 0 0.979410 0.011238 0.002336 0.000033 0.006984
0 0 0.975876 0.015552 0.003055 0.000041 0.005476
0 0 0.984043 0.010791 0.001863 0.000014 0.003290
0 0 0.979776 0.014528 0.002344 0.000011 0.003342
0 0 0.941675 0.041840 0.007825 0.000052 0.008608
0 0 0.938266 0.047670 0.007503 0.000017 0.006544
1 1 0.273839 0.633906 0.068242 0.000001 0.024011
1 1 0.063785 0.460630 0.458808 0.000003 0.016774
0 0 0.643120 0.296088 0.036944 0.000003 0.023845
1 1 0.021749 0.565451 0.376051 0.000000 0.036749
1 1 0.027616 0.609061 0.328168 0.000001 0.035155
2 1 0.020656 0.468875 0.495449 0.000072 0.014948
2 1 0.022871 0.418973 0.549695 0.000034 0.008427
2 2 0.030306 0.468439 0.480965 0.000027 0.020263
2 2 0.000415 0.041790 0.956655 0.000017 0.001123
2 2 0.001157 0.051191 0.947370 0.000007 0.000275
2 2 0.002072 0.082732 0.914482 0.000026 0.000688
2 2 0.000366 0.020234 0.979159 0.000012 0.000228
2 2 0.042294 0.129073 0.827017 0.000676 0.000939
1 2 0.180847 0.565372 0.198633 0.001730 0.053418
2 2 0.002265 0.112696 0.882949 0.000609 0.001482
1 2 0.156796 0.577526 0.195425 0.005656 0.064598
2 2 0.001272 0.030458 0.967831 0.000308 0.000131
2 2 0.007757 0.126537 0.858741 0.000021 0.006943
2 2 0.006893 0.094390 0.892907 0.001950 0.003861
2 2 0.000919 0.067598 0.926855 0.000050 0.004579
1 2 0.305007 0.438646 0.154903 0.008171 0.093274
2 2 0.000785 0.029789 0.964968 0.000001 0.004457
2 2 0.001609 0.065842 0.918584 0.000062 0.013902
2 2 0.004758 0.088141 0.900194 0.001158 0.005750
2 2 0.076797 0.216014 0.677301 0.000421 0.029466
0 0 0.807884 0.100030 0.034076 0.004073 0.053938
0 1 0.599095 0.285336 0.052143 0.000028 0.063398
1 1 0.077720 0.723170 0.104363 0.000001 0.094746
1 1 0.264579 0.599439 0.092122 0.000011 0.043849
0 0 0.853246 0.122426 0.016768 0.000012 0.007547
0 1 0.521308 0.385276 0.047094 0.000001 0.046321
1 1 0.057848 0.616931 0.241404 0.000001 0.083816
1 1 0.051248 0.623401 0.232437 0.000004 0.092909
1 1 0.069371 0.503567 0.241093 0.000007 0.185962
2 1 0.014305 0.418025 0.455596 0.000084 0.111990
2 2 0.002913 0.153694 0.827722 0.000044 0.015626
2 2 0.004883 0.074443 0.916350 0.000015 0.004309
2 2 0.001332 0.059259 0.937235 0.000006 0.002169
2 2 0.008067 0.118180 0.863652 0.000047 0.010053
2 2 0.001655 0.074665 0.921604 0.000003 0.002074
2 2 0.001692 0.048602 0.945400 0.000062 0.004245
2 2 0.000572 0.037518 0.953957 0.000001 0.007951
2 2 0.009042 0.048025 0.924283 0.018045 0.000605
0 2 0.768470 0.120754 0.042336 0.005374 0.063066
0 0 0.417346 0.374836 0.105584 0.000951 0.101282
1 1 0.242900 0.687450 0.052906 0.000000 0.016744
1 1 0.066421 0.623874 0.295013 0.000005 0.014688
2 2 0.016719 0.209648 0.771720 0.000044 0.001869
0 2 0.596113 0.290971 0.071248 0.000754 0.040914
0 0 0.873640 0.067589 0.021029 0.001850 0.035891
0 0 0.790707 0.120166 0.018978 0.000003 0.070146
0 0 0.703661 0.242200 0.037368 0.000028 0.016743
1 1 0.138883 0.698322 0.127077 0.000027 0.035691
1 1 0.168628 0.602064 0.095866 0.000002 0.133440
1 1 0.013298 0.506088 0.199516 0.000001 0.281097
1 1 0.030688 0.556501 0.166657 0.000001 0.246154
1 1 0.023482 0.430243 0.355643 0.000003 0.190628
1 1 0.024125 0.466724 0.096877 0.000000 0.412275
4 4 0.018664 0.327156 0.051899 0.000000 0.602282
4 4 0.010210 0.281501 0.123872 0.000000 0.584417
4 4 0.012416 0.347845 0.064444 0.000000 0.575295
4 4 0.014823 0.189512 0.048464 0.000001 0.747200
4 4 0.028560 0.066234 0.023215 0.000004 0.881987
4 4 0.045487 0.022020 0.009641 0.000011 0.922841
4 4 0.016097 0.125767 0.023877 0.000000 0.834259
4 4 0.069327 0.014428 0.005842 0.000005 0.910397
4 4 0.094570 0.091069 0.031015 0.000017 0.783328
4 4 0.197794 0.043731 0.014019 0.000008 0.744448
4 4 0.070787 0.112835 0.023425 0.000000 0.792952
4 4 0.009523 0.212386 0.083202 0.000000 0.694889
4 4 0.037568 0.082867 0.028940 0.000007 0.850618
4 4 0.033386 0.024190 0.010187 0.000007 0.932230
4 4 0.017935 0.113851 0.027067 0.000000 0.841147
4 4 0.010880 0.134064 0.026107 0.000000 0.828949
4 4 0.028541 0.269105 0.044698 0.000000 0.657655
4 4 0.060922 0.020086 0.010333 0.000062 0.908597
4 4 0.026475 0.144341 0.029358 0.000000 0.799826
4 4 0.016203 0.018972 0.006203 0.000000 0.958622
4 4 0.016549 0.012629 0.004498 0.000000 0.966324
4 4 0.020094 0.082627 0.019285 0.000000 0.877993
4 4 0.043687 0.077615 0.021814 0.000001 0.856884
4 4 0.032319 0.212012 0.039680 0.000000 0.715990
4 4 0.028329 0.013922 0.006785 0.000011 0.950954
4 4 0.073827 0.137487 0.027645 0.000000 0.761040
4 4 0.071236 0.103279 0.022367 0.000000 0.803117
4 4 0.046742 0.048851 0.021174 0.000032 0.883202
4 4 0.237989 0.208020 0.028428 0.000000 0.525562
4 4 0.066866 0.250131 0.041475 0.000000 0.641528
4 4 0.014056 0.300389 0.094983 0.000000 0.590572
4 4 0.080748 0.143841 0.025310 0.000000 0.750101
0 0 0.711807 0.086033 0.019121 0.000011 0.183027
4 4 0.017927 0.142520 0.021070 0.000000 0.818484
4 4 0.031316 0.124411 0.024834 0.000000 0.819438
4 4 0.049098 0.284129 0.048758 0.000000 0.618015
4 4 0.036760 0.236813 0.036706 0.000000 0.689721
4 4 0.010084 0.163155 0.036635 0.000000 0.790126
4 4 0.096951 0.145326 0.035564 0.000002 0.722158
4 4 0.054125 0.059780 0.025980 0.000051 0.860064
4 4 0.015613 0.092637 0.018689 0.000000 0.873062
4 4 0.008725 0.024335 0.007261 0.000000 0.959679
4 4 0.048182 0.042002 0.012809 0.000001 0.897006
4 4 0.004263 0.206971 0.064683 0.000000 0.724083
4 4 0.009400 0.240130 0.110253 0.000001 0.640217
4 4 0.029417 0.037443 0.012132 0.000001 0.921007
4 4 0.031311 0.016578 0.005406 0.000000 0.946705
4 4 0.068619 0.049679 0.013780 0.000001 0.867922
4 4 0.021877 0.145490 0.033042 0.000000 0.799591
4 4 0.079706 0.054249 0.014937 0.000001 0.851107
4 4 0.055190 0.045324 0.014795 0.000002 0.884689
4 4 0.132472 0.038109 0.012425 0.000005 0.816989
4 4 0.041253 0.026580 0.009693 0.000002 0.922472
4 4 0.048858 0.243086 0.046106 0.000000 0.661950
4 4 0.018058 0.251876 0.044131 0.000000 0.685935
4 4 0.052709 0.088437 0.027026 0.000003 0.831824
4 4 0.071312 0.131254 0.026553 0.000000 0.770880
4 4 0.064055 0.016620 0.007182 0.000010 0.912134
4 4 0.152833 0.037494 0.011233 0.000002 0.798437
4 4 0.022459 0.023845 0.006834 0.000000 0.946862
4 4 0.004502 0.165611 0.022816 0.000000 0.807070
4 4 0.032068 0.146157 0.032527 0.000000 0.789247
4 4 0.101017 0.011933 0.004731 0.000004 0.882315
4 4 0.107626 0.021104 0.007742 0.000005 0.863523
4 4 0.101339 0.023717 0.008011 0.000002 0.866930
4 4 0.008492 0.179467 0.028920 0.000000 0.783121
4 4 0.022013 0.242265 0.045042 0.000000 0.690681
4 4 0.035700 0.117959 0.031416 0.000001 0.814924
4 4 0.011584 0.214859 0.034118 0.000000 0.739439
4 4 0.006432 0.172701 0.029736 0.000000 0.791130
4 4 0.048969 0.042687 0.016161 0.000008 0.892176
4 4 0.051830 0.018987 0.008436 0.000012 0.920735
4 4 0.036616 0.076486 0.019832 0.000000 0.867066
4 4 0.091310 0.095990 0.023679 0.000001 0.789021
4 4 0.014926 0.146168 0.027669 0.000000 0.811237
4 4 0.016489 0.156266 0.032510 0.000000 0.794735
4 4 0.012267 0.286462 0.049435 0.000000 0.651836
4 4 0.005205 0.162283 0.093653 0.000000 0.738859
4 4 0.005623 0.185178 0.092211 0.000000 0.716987
4 4 0.019856 0.099403 0.026184 0.000000 0.854556
4 4 0.045280 0.120436 0.025479 0.000000 0.808804
4 4 0.009079 0.186031 0.064607 0.000000 0.740283
4 4 0.002991 0.206568 0.137993 0.000000 0.652448
4 4 0.007987 0.243074 0.110707 0.000000 0.638233
4 4 0.006474 0.253584 0.071867 0.000000 0.668074
4 4 0.011800 0.266770 0.083950 0.000000 0.637481
4 4 0.003818 0.274213 0.121333 0.000000 0.600635
4 4 0.013659 0.286335 0.080211 0.000000 0.619795
0 0 0.604280 0.255502 0.058879 0.000161 0.081178
1 1 0.096341 0.623360 0.059270 0.000000 0.221029
1 1 0.021185 0.465721 0.068537 0.000000 0.444557
4 1 0.010348 0.358668 0.054307 0.000000 0.576677
1 1 0.033482 0.502924 0.072148 0.000000 0.391446
4 1 0.022887 0.409336 0.072276 0.000000 0.495501
4 1 0.013497 0.306125 0.062407 0.000000 0.617971
4 1 0.030824 0.338596 0.078502 0.000000 0.552079
1 1 0.021809 0.494668 0.346539 0.000010 0.136974
2 1 0.007557 0.347125 0.405234 0.000017 0.240067
2 1 0.003362 0.216550 0.693636 0.000015 0.086438
2 2 0.002746 0.072164 0.910813 0.000077 0.014200
2 2 0.002131 0.200423 0.767858 0.000001 0.029587
2 2 0.005416 0.187231 0.776164 0.000002 0.031188
2 2 0.001403 0.064601 0.918314 0.000012 0.015669
2 2 0.003175 0.095856 0.851639 0.000000 0.049330
2 2 0.000368 0.047456 0.946351 0.000094 0.005731
2 2 0.000682 0.049504 0.942507 0.000040 0.007266
2 2 0.000706 0.033525 0.962607 0.000035 0.003126
2 2 0.000240 0.029249 0.967742 0.000011 0.002758
2 2 0.001703 0.049198 0.940835 0.000200 0.008064
2 2 0.000908 0.027214 0.970087 0.000191 0.001600
1 2 0.049380 0.502345 0.344166 0.001322 0.102788
2 2 0.000678 0.058229 0.909024 0.000042 0.032026
2 2 0.000533 0.010442 0.987206 0.001262 0.000557
2 2 0.004365 0.067446 0.894252 0.000086 0.033851
2 2 0.000666 0.029161 0.952825 0.000172 0.017176
2 2 0.000852 0.045118 0.942286 0.000982 0.010761
2 2 0.000329 0.049750 0.914351 0.000974 0.034595
2 2 0.000749 0.037849 0.935821 0.000047 0.025535
2 2 0.000282 0.036824 0.942391 0.000108 0.020394
2 2 0.001196 0.053643 0.921584 0.000081 0.023496
2 2 0.002312 0.075230 0.888552 0.002630 0.031276
2 2 0.000470 0.035972 0.950653 0.000236 0.012668
2 2 0.000131 0.015804 0.979378 0.000864 0.003822
2 2 0.000293 0.032894 0.955207 0.000786 0.010820
2 2 0.001339 0.054372 0.891149 0.003838 0.049302
2 2 0.000528 0.017280 0.974622 0.006443 0.001127
2 2 0.009117 0.112623 0.862729 0.005354 0.010177
2 2 0.006891 0.145307 0.761653 0.000588 0.085562
2 2 0.047188 0.319045 0.603971 0.000647 0.029149
2 2 0.008445 0.059966 0.926832 0.002289 0.002467
1 1 0.066645 0.516553 0.294316 0.019681 0.102805
2 1 0.009520 0.121388 0.863058 0.000196 0.005838
0 1 0.801918 0.117110 0.035118 0.001937 0.043917
2 1 0.006580 0.159712 0.812291 0.000031 0.021387
2 2 0.000155 0.038984 0.955562 0.000043 0.005257
2 2 0.010256 0.090477 0.887906 0.006146 0.005215
2 2 0.002387 0.053104 0.940100 0.000010 0.004400
2 2 0.000718 0.058791 0.936467 0.000016 0.004008
2 2 0.001161 0.043990 0.953015 0.000676 0.001158
2 2 0.016192 0.111830 0.865655 0.000711 0.005611
2 2 0.001440 0.054237 0.941122 0.000385 0.002816
2 2 0.000720 0.025980 0.966633 0.006009 0.000659
2 2 0.001532 0.058250 0.935172 0.001559 0.003487
2 2 0.000643 0.028666 0.963311 0.006178 0.001202
2 2 0.002604 0.062172 0.927063 0.001098 0.007064
2 2 0.000378 0.012129 0.985114 0.001929 0.000449
2 2 0.002213 0.052212 0.934817 0.004283 0.006475
2 2 0.000952 0.031592 0.963631 0.001692 0.002133
2 2 0.000511 0.011334 0.928945 0.059131 0.000078
2 2 0.003089 0.055870 0.928003 0.011481 0.001557
2 1 0.005639 0.124901 0.801140 0.059516 0.008805
2 2 0.003029 0.093866 0.896065 0.000031 0.007010
2 2 0.000655 0.050172 0.939228 0.006138 0.003807
2 2 0.001736 0.030915 0.943232 0.022980 0.001138
2 2 0.000586 0.029775 0.953679 0.014575 0.001385
2 2 0.001935 0.055292 0.921414 0.020715 0.000645
2 2 0.000684 0.025083 0.970734 0.002619 0.000881
2 2 0.001425 0.028451 0.940492 0.028940 0.000692
2 2 0.000332 0.010289 0.883110 0.105864 0.000405
2 2 0.001634 0.027287 0.886947 0.083523 0.000609
2 2 0.001611 0.027750 0.911129 0.057807 0.001704
2 2 0.001389 0.062746 0.908094 0.022971 0.004800
2 2 0.002034 0.054446 0.933157 0.003264 0.007098
2 2 0.001717 0.036469 0.929774 0.029462 0.002577
2 2 0.001651 0.070346 0.906832 0.007257 0.013913
2 2 0.000575 0.021596 0.953544 0.022881 0.001404
2 2 0.001241 0.041447 0.932803 0.018473 0.006036
2 2 0.001969 0.060598 0.911803 0.018617 0.007012
2 2 0.000486 0.011462 0.772643 0.215228 0.000181
2 2 0.000538 0.009157 0.704507 0.285442 0.000355
2 2 0.000727 0.058173 0.929234 0.005508 0.006359
2 2 0.003824 0.044308 0.832312 0.116202 0.003354
2 2 0.004590 0.036008 0.887946 0.070028 0.001427
2 2 0.000601 0.054147 0.923764 0.006416 0.015073
2 2 0.001470 0.017620 0.867278 0.111363 0.002270
2 2 0.002427 0.089375 0.810647 0.055560 0.041992
2 2 0.003462 0.130535 0.820539 0.005634 0.039830
2 2 0.007845 0.135665 0.813238 0.027111 0.016141
2 2 0.001789 0.082419 0.897937 0.007333 0.010521
2 2 0.001038 0.038927 0.942262 0.007589 0.010184
2 2 0.000609 0.020011 0.946579 0.031688 0.001114
2 2 0.001201 0.052738 0.889945 0.053541 0.002575
2 2 0.001421 0.064775 0.922346 0.005481 0.005977
2 2 0.001610 0.040102 0.928277 0.028248 0.001763
2 2 0.000590 0.019710 0.954827 0.024465 0.000408
2 2 0.001163 0.030202 0.954962 0.011959 0.001713
2 2 0.001077 0.020021 0.933836 0.044561 0.000504
2 2 0.002372 0.066503 0.905368 0.021015 0.004742
2 2 0.000918 0.044942 0.896441 0.057024 0.000676
2 2 0.002480 0.070165 0.868078 0.056531 0.002747
2 2 0.000663 0.014662 0.909233 0.075152 0.000290
2 2 0.000747 0.044956 0.905197 0.046305 0.002795
2 2 0.001461 0.030880 0.881051 0.085870 0.000738
2 2 0.000803 0.023780 0.696364 0.278166 0.000886
2 2 0.001128 0.027258 0.877225 0.093807 0.000581
2 2 0.000173 0.007520 0.821109 0.170983 0.000215
2 2 0.001433 0.043380 0.902486 0.051464 0.001237
2 2 0.000797 0.010969 0.701027 0.287030 0.000177
2 2 0.000496 0.029207 0.811813 0.157872 0.000611
2 2 0.000357 0.008336 0.748205 0.243010 0.000092
2 2 0.000700 0.024929 0.939128 0.034189 0.001055
2 2 0.001625 0.029503 0.732076 0.236158 0.000638
2 2 0.000781 0.016938 0.498951 0.482806 0.000524
2 2 0.001324 0.059332 0.879631 0.054087 0.005627
2 2 0.000440 0.022307 0.713876 0.262928 0.000449
2 2 0.000685 0.021553 0.517606 0.459706 0.000450
2 2 0.000433 0.011280 0.815633 0.172572 0.000083
2 2 0.000249 0.006393 0.516074 0.477067 0.000217
2 2 0.000438 0.015790 0.542729 0.440748 0.000295
2 2 0.000931 0.024835 0.757074 0.216883 0.000276
2 2 0.000380 0.009628 0.561360 0.428484 0.000146
2 2 0.001104 0.041995 0.746413 0.208965 0.001523
2 2 0.000249 0.008326 0.688945 0.302116 0.000363
2 2 0.000996 0.065088 0.847240 0.074650 0.012025
2 2 0.000775 0.017598 0.653147 0.322024 0.006455
2 2 0.000939 0.010908 0.578597 0.408561 0.000995
2 2 0.000383 0.018702 0.677241 0.301916 0.001758
3 2 0.000097 0.002765 0.143799 0.853070 0.000270
2 2 0.000981 0.035402 0.681813 0.277003 0.004801
2 2 0.001735 0.028079 0.567777 0.400611 0.001798
2 2 0.001136 0.021877 0.599061 0.377197 0.000728
2 2 0.003307 0.075368 0.752557 0.164528 0.004241
3 2 0.000081 0.002666 0.305381 0.691828 0.000044
2 2 0.000497 0.023093 0.661212 0.314527 0.000671
3 2 0.000498 0.007834 0.371461 0.620009 0.000198
2 2 0.000770 0.025188 0.684113 0.288705 0.001224
2 2 0.000937 0.016130 0.739950 0.242800 0.000184
3 2 0.001076 0.008527 0.312246 0.677768 0.000382
2 0 0.108835 0.392580 0.438201 0.028525 0.031859
1 1 0.202075 0.628482 0.103953 0.000002 0.065488
1 2 0.080564 0.504446 0.393878 0.000364 0.020747
0 2 0.564255 0.270983 0.122037 0.002082 0.040643
0 2 0.676116 0.174281 0.063626 0.008293 0.077684
0 2 0.528037 0.299144 0.113857 0.002952 0.056009
0 2 0.700558 0.166972 0.062895 0.005385 0.064190
2 2 0.005764 0.283792 0.601708 0.000090 0.108646
2 2 0.000440 0.028915 0.967075 0.000057 0.003514
2 2 0.008174 0.118116 0.825346 0.000045 0.048318
1 2 0.246815 0.357800 0.261405 0.052017 0.081962
2 2 0.005086 0.274450 0.630408 0.000014 0.090042
2 2 0.003726 0.320850 0.546230 0.000001 0.129193
2 2 0.000481 0.052254 0.921412 0.000228 0.025625
1 2 0.062117 0.528487 0.208329 0.000570 0.200496
2 2 0.000261 0.052047 0.929503 0.000059 0.018129
2 2 0.000456 0.048573 0.915585 0.000020 0.035367
2 2 0.001654 0.154137 0.734780 0.000003 0.109426
2 2 0.002830 0.131038 0.724728 0.000134 0.141270
2 2 0.001719 0.202323 0.631558 0.000005 0.164394
2 2 0.000649 0.074780 0.868383 0.000001 0.056187
2 2 0.004123 0.194305 0.538948 0.000002 0.262622
4 2 0.008874 0.305748 0.249810 0.000004 0.435563
2 2 0.001974 0.152672 0.709890 0.000002 0.135463
2 2 0.033971 0.322782 0.584461 0.000016 0.058770
0 2 0.808850 0.112024 0.033754 0.001954 0.043419
0 2 0.484523 0.351987 0.100543 0.002179 0.060769
1 2 0.041227 0.507655 0.359521 0.000009 0.091589
2 2 0.009036 0.166200 0.805899 0.000213 0.018652
2 2 0.008178 0.198057 0.751619 0.000012 0.042135
2 2 0.005447 0.165716 0.808178 0.000007 0.020651
2 2 0.001304 0.077165 0.907537 0.000006 0.013987
2 2 0.003638 0.100727 0.878821 0.001549 0.015264
2 2 0.002244 0.204811 0.548591 0.000014 0.244340
4 2 0.007056 0.264762 0.067391 0.000000 0.660791
4 2 0.004518 0.322948 0.236677 0.000001 0.435855
1 2 0.014612 0.575538 0.095965 0.000000 0.313885
1 2 0.243506 0.530303 0.100181 0.000016 0.125994
0 2 0.488359 0.332137 0.102575 0.003338 0.073591
1 2 0.028638 0.581043 0.300690 0.000002 0.089628
2 2 0.010738 0.267142 0.683845 0.000018 0.038258
1 2 0.049870 0.525441 0.330718 0.000009 0.093961
2 2 0.009247 0.253871 0.713918 0.000018 0.022946
2 2 0.005775 0.146344 0.842122 0.000035 0.005724
0 2 0.614287 0.254087 0.073151 0.002091 0.056384
0 0 0.836186 0.098268 0.028106 0.001306 0.036135
0 0 0.875973 0.066856 0.016142 0.000142 0.040886
0 0 0.662557 0.247853 0.033456 0.000002 0.056132
1 1 0.051016 0.521622 0.073626 0.000000 0.353735
1 1 0.042769 0.638365 0.058592 0.000000 0.260274
1 1 0.102249 0.639570 0.068407 0.000000 0.189775
0 1 0.525043 0.356933 0.041846 0.000000 0.076178
1 1 0.089177 0.745554 0.096957 0.000000 0.068312
1 1 0.023040 0.549876 0.347467 0.000008 0.079609
1 1 0.022634 0.514809 0.365091 0.000002 0.097464
1 1 0.105956 0.681448 0.075590 0.000000 0.137005
1 1 0.236761 0.572052 0.075914 0.000001 0.115272
0 0 0.878315 0.082368 0.015491 0.000035 0.023791
0 0 0.828155 0.134495 0.016703 0.000002 0.020646
1 0 0.293554 0.531620 0.076170 0.000002 0.098653
4 1 0.033023 0.433118 0.071386 0.000000 0.462472
4 1 0.013302 0.437853 0.063928 0.000000 0.484917
1 1 0.010272 0.363513 0.286475 0.000011 0.339728
1 1 0.038028 0.473841 0.083838 0.000000 0.404293
2 1 0.009322 0.344477 0.368553 0.000003 0.277645
4 1 0.017999 0.421197 0.094068 0.000000 0.466736
1 1 0.015825 0.385531 0.273738 0.000003 0.324903
0 0 0.460855 0.445232 0.059547 0.000005 0.034361
0 1 0.505129 0.417383 0.057449 0.000012 0.020026
1 1 0.025417 0.486308 0.453105 0.000020 0.035150
1 1 0.040169 0.698333 0.206100 0.000001 0.055398
1 1 0.069682 0.735961 0.139870 0.000001 0.054486
2 1 0.008784 0.219677 0.763276 0.000008 0.008254
2 2 0.000661 0.073936 0.922783 0.000026 0.002594
2 2 0.003827 0.114650 0.878276 0.000013 0.003234
2 2 0.003556 0.085245 0.909961 0.000025 0.001213
2 2 0.000836 0.042824 0.953896 0.001432 0.001011
2 2 0.004120 0.080391 0.909292 0.000036 0.006160
2 2 0.002905 0.082888 0.908990 0.000003 0.005214
2 2 0.000399 0.057992 0.937707 0.000030 0.003872
2 2 0.002298 0.082207 0.896301 0.000006 0.019188
2 2 0.004846 0.076975 0.915034 0.000068 0.003076
2 2 0.000571 0.040471 0.933654 0.000001 0.025302
2 2 0.000843 0.038780 0.949831 0.000107 0.010440
2 2 0.000272 0.024927 0.961018 0.000429 0.013353
4 4 0.003331 0.145547 0.396692 0.000006 0.454424
2 4 0.003250 0.159240 0.552190 0.000017 0.285302
4 4 0.011499 0.271940 0.347963 0.000006 0.368592
4 4 0.024604 0.126758 0.035389 0.000001 0.813247
4 4 0.018573 0.257505 0.124413 0.000002 0.599507
4 4 0.010302 0.272200 0.202631 0.000002 0.514864
4 4 0.023618 0.295132 0.258297 0.000005 0.422947
0 0 0.761636 0.116507 0.031892 0.000317 0.089648
0 0 0.550741 0.397269 0.039606 0.000001 0.012383
1 4 0.057185 0.511219 0.062085 0.000000 0.369512
4 4 0.051913 0.286897 0.034982 0.000000 0.626208
4 4 0.059671 0.045760 0.013757 0.000001 0.880810
4 4 0.020483 0.064022 0.016558 0.000000 0.898937
4 4 0.028561 0.052698 0.016195 0.000001 0.902545
4 4 0.033512 0.169478 0.031300 0.000000 0.765710
4 4 0.045157 0.019889 0.007811 0.000004 0.927140
4 4 0.041504 0.025318 0.008533 0.000001 0.924644
4 4 0.059263 0.017616 0.008368 0.000024 0.914729
4 4 0.046188 0.013554 0.005071 0.000001 0.935186
4 4 0.061683 0.058862 0.018286 0.000002 0.861166
4 4 0.034738 0.012317 0.006497 0.000023 0.946424
4 4 0.079981 0.031588 0.013105 0.000020 0.875306
4 4 0.113372 0.149681 0.021859 0.000000 0.715088
0 0 0.796340 0.097081 0.031931 0.001907 0.072741
4 1 0.106133 0.143877 0.034143 0.000001 0.715846
4 4 0.037620 0.128741 0.031838 0.000001 0.801799
4 4 0.041913 0.063640 0.019678 0.000002 0.874767
4 4 0.004788 0.189348 0.034652 0.000000 0.771213
4 4 0.035416 0.076233 0.019026 0.000000 0.869326
4 4 0.112964 0.102986 0.026118 0.000002 0.757931
4 4 0.012696 0.221359 0.051582 0.000000 0.714363
4 4 0.006929 0.207306 0.039420 0.000000 0.746344
4 4 0.043249 0.055280 0.018342 0.000003 0.883125
4 4 0.052271 0.011862 0.004520 0.000002 0.931345
4 4 0.025873 0.297918 0.044531 0.000000 0.631679
4 4 0.044791 0.184839 0.038737 0.000000 0.731632
4 4 0.013651 0.158713 0.030844 0.000000 0.796792
4 4 0.012317 0.159416 0.040744 0.000000 0.787523
4 4 0.013153 0.186405 0.029874 0.000000 0.770568
4 4 0.079339 0.153711 0.040427 0.000003 0.726521
1 4 0.079486 0.480256 0.058096 0.000000 0.382162
