0 0 0.621709 0.151499 0.165535 0.053635 0.007622
0 0 0.629486 0.151494 0.152642 0.057683 0.008695
0 0 0.631580 0.152120 0.151169 0.056345 0.008786
0 0 0.632793 0.152317 0.149442 0.056498 0.008950
0 0 0.632421 0.152983 0.150120 0.055547 0.008929
0 0 0.639280 0.153270 0.145422 0.052938 0.009090
0 0 0.646115 0.152845 0.141746 0.050240 0.009054
0 0 0.678427 0.165220 0.049313 0.013691 0.093349
4 1 0.043867 0.286735 0.179004 0.000889 0.489505
4 1 0.196210 0.143012 0.035146 0.000419 0.625214
4 1 0.197710 0.160866 0.045422 0.000590 0.595411
4 1 0.063160 0.198268 0.070026 0.000081 0.668465
4 1 0.048378 0.348906 0.155520 0.000070 0.447125
4 1 0.228474 0.251804 0.080633 0.000543 0.438545
1 1 0.068181 0.466066 0.206998 0.000240 0.258516
4 1 0.076858 0.267824 0.086704 0.000044 0.568570
4 4 0.061252 0.138909 0.056365 0.000430 0.743045
0 4 0.402565 0.144458 0.051035 0.003595 0.398347
0 4 0.862453 0.063123 0.014511 0.002077 0.057836
1 0 0.279525 0.342460 0.281203 0.018020 0.078792
0 0 0.704926 0.149055 0.108413 0.028733 0.008873
0 0 0.693035 0.133400 0.045619 0.013416 0.114531
4 0 0.392731 0.118503 0.045155 0.006444 0.437168
0 0 0.721466 0.138785 0.038085 0.008278 0.093387
0 0 0.763452 0.123745 0.033569 0.008007 0.071227
0 0 0.724302 0.150444 0.040916 0.003419 0.080919
1 0 0.304392 0.344440 0.212265 0.019199 0.119704
0 0 0.382429 0.338687 0.196245 0.003308 0.079331
1 0 0.205747 0.399734 0.182627 0.001825 0.210066
1 0 0.092335 0.450371 0.217108 0.002411 0.237775
2 1 0.027998 0.337463 0.526912 0.023887 0.083739
2 1 0.028358 0.373688 0.533559 0.008622 0.055772
2 1 0.036328 0.272902 0.643407 0.021366 0.025997
2 1 0.008840 0.148004 0.828472 0.006495 0.008189
2 2 0.014312 0.072850 0.890801 0.016332 0.005704
2 2 0.014078 0.039558 0.936378 0.009226 0.000760
2 2 0.018858 0.059681 0.913747 0.002606 0.005108
2 2 0.033205 0.038400 0.917640 0.009409 0.001346
2 2 0.035192 0.047382 0.908396 0.007928 0.001101
2 2 0.026669 0.030064 0.912126 0.030408 0.000732
2 2 0.007021 0.024398 0.961712 0.005185 0.001685
2 2 0.011874 0.047257 0.924257 0.014837 0.001776
2 2 0.011791 0.035352 0.933367 0.018570 0.000921
2 2 0.010013 0.042711 0.922784 0.023134 0.001359
2 2 0.008500 0.020756 0.967414 0.002681 0.000648
2 2 0.004810 0.012062 0.973151 0.009833 0.000144
2 2 0.010443 0.006620 0.980628 0.002170 0.000139
2 2 0.000996 0.007284 0.981128 0.010505 0.000087
2 2 0.007592 0.017125 0.972097 0.002770 0.000416
2 2 0.003325 0.021163 0.969462 0.004910 0.001139
2 2 0.002996 0.003123 0.982458 0.011376 0.000047
2 2 0.004665 0.019410 0.961844 0.013584 0.000498
2 2 0.035999 0.082937 0.836018 0.043186 0.001860
2 2 0.001995 0.052639 0.936758 0.005895 0.002712
2 2 0.006235 0.012684 0.972343 0.008539 0.000200
2 2 0.005996 0.030872 0.956032 0.004052 0.003047
2 2 0.002816 0.013600 0.981411 0.001802 0.000371
2 2 0.002021 0.014269 0.980284 0.003047 0.000380
2 2 0.000408 0.003690 0.990194 0.005686 0.000021
2 2 0.010121 0.010440 0.969002 0.010237 0.000200
2 2 0.000993 0.002248 0.976673 0.020073 0.000013
2 2 0.002608 0.005176 0.965738 0.026442 0.000036
2 2 0.003944 0.012180 0.918337 0.065304 0.000236
2 2 0.001342 0.002633 0.952262 0.043743 0.000020
2 2 0.000310 0.001398 0.932424 0.065863 0.000006
2 2 0.000940 0.008388 0.958183 0.032378 0.000110
2 2 0.015249 0.035640 0.842859 0.105052 0.001201
2 2 0.006420 0.060832 0.911741 0.019463 0.001543
2 2 0.005832 0.025963 0.945822 0.022146 0.000237
2 2 0.005589 0.021500 0.968124 0.004298 0.000490
2 2 0.002734 0.009626 0.955587 0.032005 0.000048
2 2 0.005151 0.009545 0.973673 0.011542 0.000088
2 2 0.006722 0.015653 0.969303 0.008095 0.000227
2 2 0.006091 0.019206 0.966433 0.008025 0.000246
2 2 0.321471 0.222829 0.427104 0.022566 0.006029
2 0 0.070524 0.117448 0.754624 0.054303 0.003101
2 2 0.018454 0.069599 0.891994 0.013693 0.006260
2 2 0.010951 0.048614 0.937350 0.001984 0.001101
2 2 0.036405 0.262304 0.689655 0.002066 0.009570
2 2 0.007815 0.089896 0.898923 0.001674 0.001692
2 2 0.000699 0.010609 0.985183 0.003470 0.000040
2 2 0.005657 0.027088 0.964546 0.002391 0.000317
2 2 0.002272 0.018143 0.972685 0.006752 0.000148
2 0 0.214348 0.240415 0.517486 0.019533 0.008218
2 0 0.052797 0.281167 0.641336 0.008108 0.016592
2 0 0.068078 0.208990 0.694808 0.020219 0.007905
2 0 0.077876 0.314329 0.559389 0.018550 0.029855
0 0 0.450321 0.275526 0.096320 0.003366 0.174467
1 1 0.142335 0.407237 0.336006 0.009721 0.104702
0 1 0.467979 0.318582 0.105440 0.001203 0.106796
0 0 0.848387 0.072973 0.015919 0.001821 0.060901
1 1 0.114935 0.508414 0.224700 0.000312 0.151638
1 1 0.041217 0.475857 0.361933 0.006049 0.114944
2 1 0.021008 0.257568 0.685724 0.011972 0.023729
1 1 0.124077 0.413430 0.398777 0.004850 0.058866
0 0 0.672022 0.199108 0.059371 0.002422 0.067076
0 0 0.546033 0.238462 0.068458 0.001209 0.145838
0 0 0.913280 0.053648 0.012983 0.004179 0.015911
0 0 0.642361 0.235183 0.077854 0.002348 0.042255
1 0 0.092630 0.531724 0.279911 0.001105 0.094630
0 0 0.448831 0.351602 0.145125 0.002481 0.051961
0 0 0.927840 0.046144 0.011372 0.004705 0.009938
0 0 0.915556 0.046385 0.009658 0.001563 0.026839
0 0 0.847598 0.071451 0.014318 0.000474 0.066160
0 0 0.762552 0.140788 0.037929 0.002177 0.056554
0 0 0.625228 0.196177 0.054770 0.002113 0.121712
0 0 0.560616 0.253478 0.078743 0.002154 0.105009
0 0 0.400390 0.333795 0.161467 0.013400 0.090948
0 0 0.511012 0.217590 0.116739 0.014083 0.140576
0 0 0.631883 0.214477 0.067212 0.005248 0.081179
1 0 0.252843 0.336621 0.119942 0.003298 0.287296
4 0 0.061212 0.167028 0.052690 0.000032 0.719038
4 1 0.040652 0.254650 0.133615 0.000106 0.570977
4 1 0.060565 0.272237 0.083375 0.000011 0.583812
4 1 0.080508 0.366743 0.148822 0.000143 0.403783
4 1 0.081355 0.269377 0.100301 0.000073 0.548895
4 4 0.017540 0.050093 0.034586 0.000101 0.897679
4 4 0.042403 0.127732 0.050484 0.000033 0.779348
4 4 0.038815 0.093051 0.042131 0.000119 0.825885
4 4 0.038349 0.021706 0.006534 0.000123 0.933288
4 4 0.157135 0.159692 0.045904 0.001875 0.635394
4 4 0.030821 0.029063 0.013981 0.000765 0.925370
4 4 0.059546 0.043126 0.024660 0.002612 0.870057
4 4 0.098514 0.082254 0.032902 0.002588 0.783742
0 4 0.869044 0.082111 0.019548 0.001063 0.028235
0 0 0.804758 0.075384 0.013967 0.000187 0.105704
0 0 0.880550 0.053834 0.011597 0.001433 0.052586
0 0 0.969501 0.018747 0.003316 0.000529 0.007906
0 0 0.951944 0.022029 0.003483 0.000255 0.022289
0 0 0.738491 0.140977 0.041027 0.012381 0.067125
1 0 0.254850 0.384298 0.177383 0.001840 0.181630
1 0 0.221169 0.407862 0.211174 0.002030 0.157765
1 0 0.123215 0.401390 0.369776 0.002416 0.103203
4 0 0.349199 0.189042 0.047642 0.000594 0.413523
1 0 0.224790 0.349965 0.161044 0.001421 0.262781
4 0 0.093373 0.341547 0.125790 0.000337 0.438953
4 0 0.051356 0.298559 0.154321 0.000428 0.495336
4 1 0.039082 0.297485 0.153548 0.000064 0.509822
4 1 0.037676 0.266202 0.128233 0.000027 0.567861
4 1 0.028645 0.338781 0.253953 0.000341 0.378280
4 1 0.034086 0.338164 0.225208 0.000327 0.402216
4 1 0.050891 0.325430 0.152761 0.000160 0.470758
4 1 0.041241 0.249079 0.117863 0.000046 0.591771
4 1 0.045993 0.314070 0.176471 0.000115 0.463351
4 1 0.039821 0.309205 0.194979 0.000208 0.455787
4 1 0.045759 0.288387 0.128348 0.000047 0.537459
4 1 0.047355 0.374452 0.185455 0.000179 0.392559
4 1 0.023980 0.231101 0.231274 0.001519 0.512125
4 1 0.020896 0.218853 0.188228 0.000139 0.571883
4 1 0.038119 0.314267 0.175249 0.000114 0.472251
1 1 0.101914 0.432766 0.204118 0.000429 0.260771
1 1 0.058115 0.387918 0.358389 0.001053 0.194525
4 1 0.033421 0.289091 0.186760 0.000191 0.490536
1 1 0.037318 0.383718 0.239420 0.000393 0.339150
2 1 0.063217 0.383085 0.420115 0.002648 0.130935
1 1 0.091990 0.416243 0.161932 0.000178 0.329657
1 1 0.057349 0.382380 0.221546 0.000603 0.338123
4 2 0.039059 0.300947 0.186219 0.000368 0.473407
1 2 0.035205 0.421052 0.240723 0.000135 0.302886
2 2 0.076864 0.376658 0.447088 0.005879 0.093511
0 0 0.449955 0.311302 0.129224 0.005807 0.103712
0 0 0.873422 0.077479 0.023061 0.014493 0.011544
0 0 0.487402 0.304169 0.097302 0.000987 0.110141
1 0 0.039392 0.414624 0.245338 0.000397 0.300250
1 0 0.078290 0.519039 0.280307 0.001846 0.120519
0 0 0.809381 0.118396 0.042160 0.006912 0.023151
0 0 0.940393 0.033897 0.006630 0.001039 0.018041
0 0 0.953029 0.025438 0.004489 0.000527 0.016517
1 0 0.335181 0.355879 0.234762 0.004389 0.069788
1 0 0.259408 0.425292 0.167104 0.000842 0.147354
1 0 0.108617 0.448992 0.325090 0.001206 0.116094
2 0 0.036579 0.421704 0.463787 0.005162 0.072768
2 1 0.008369 0.217273 0.717422 0.010377 0.046559
2 1 0.031578 0.268082 0.678748 0.002812 0.018780
0 0 0.906919 0.046606 0.009081 0.000677 0.036717
0 0 0.554514 0.282569 0.099843 0.003949 0.059125
4 0 0.039286 0.308375 0.205281 0.000797 0.446261
2 1 0.017610 0.314982 0.587664 0.008880 0.070863
2 1 0.001803 0.016303 0.978323 0.002968 0.000602
2 1 0.002614 0.081413 0.897633 0.004774 0.013566
0 0 0.734317 0.179040 0.055022 0.001707 0.029914
0 0 0.969143 0.017545 0.002888 0.000319 0.010105
0 0 0.862735 0.083218 0.023648 0.011663 0.018736
1 0 0.225016 0.423953 0.169442 0.002111 0.179479
1 0 0.082789 0.501715 0.245080 0.000607 0.169809
2 1 0.016764 0.186022 0.778319 0.002034 0.016862
2 2 0.008277 0.056979 0.927899 0.001904 0.004941
0 0 0.730304 0.173981 0.051875 0.002253 0.041588
0 0 0.877110 0.051590 0.009817 0.000847 0.060636
1 0 0.218197 0.426097 0.165386 0.001172 0.189148
0 0 0.619386 0.147204 0.037134 0.003438 0.192838
0 0 0.920098 0.024990 0.003623 0.000143 0.051147
0 0 0.862501 0.066620 0.014362 0.001914 0.054603
0 0 0.926650 0.037644 0.007368 0.000943 0.027394
0 0 0.894567 0.063831 0.015383 0.003340 0.022880
1 0 0.148627 0.380480 0.357665 0.027880 0.085348
1 0 0.043979 0.447394 0.353349 0.002230 0.153048
2 1 0.022798 0.355603 0.505283 0.009086 0.107229
2 2 0.003231 0.064251 0.922025 0.003905 0.006588
2 2 0.023181 0.038283 0.935202 0.000621 0.002712
0 2 0.750274 0.161298 0.048866 0.003593 0.035970
0 0 0.946287 0.034244 0.007456 0.002093 0.009919
0 0 0.940194 0.017662 0.002316 0.000074 0.039753
1 0 0.076321 0.450551 0.217381 0.002058 0.253691
2 2 0.024196 0.391244 0.399044 0.004071 0.181445
2 2 0.018654 0.107930 0.825498 0.022313 0.025605
0 0 0.932238 0.040915 0.008827 0.001976 0.016043
0 0 0.961226 0.021825 0.003785 0.000468 0.012696
0 0 0.729287 0.097228 0.020461 0.000931 0.152093
0 0 0.842034 0.089806 0.028028 0.014235 0.025897
1 0 0.269648 0.388415 0.132631 0.000443 0.208863
2 0 0.030607 0.285880 0.536872 0.010856 0.135784
2 2 0.014644 0.059837 0.913981 0.005085 0.006454
2 2 0.002557 0.064532 0.925365 0.000991 0.006554
2 2 0.006727 0.023489 0.966726 0.001900 0.001159
2 2 0.001736 0.016978 0.979063 0.000497 0.001726
2 2 0.001519 0.009284 0.987771 0.001287 0.000139
2 2 0.012340 0.028498 0.955611 0.000937 0.002614
2 2 0.001550 0.004767 0.992903 0.000366 0.000414
2 2 0.001529 0.004646 0.991232 0.002518 0.000075
2 2 0.018072 0.020364 0.955141 0.004100 0.002322
2 2 0.000943 0.007962 0.986896 0.003873 0.000325
2 2 0.002114 0.011422 0.984487 0.001290 0.000687
2 2 0.002597 0.005890 0.987751 0.003595 0.000168
2 2 0.002985 0.014728 0.980165 0.001288 0.000833
2 2 0.000353 0.006430 0.991166 0.001791 0.000260
2 2 0.000440 0.009909 0.988145 0.000592 0.000913
2 2 0.005850 0.007211 0.983790 0.002914 0.000236
2 2 0.001623 0.007900 0.987025 0.002837 0.000615
2 2 0.003115 0.008238 0.982534 0.005484 0.000629
2 2 0.001020 0.011672 0.982735 0.003347 0.001227
2 2 0.000851 0.001695 0.985694 0.011751 0.000009
2 2 0.000491 0.012127 0.957690 0.029234 0.000458
2 2 0.001397 0.004904 0.985689 0.007664 0.000346
2 2 0.000298 0.005224 0.923551 0.070753 0.000174
2 2 0.001842 0.012293 0.964100 0.021636 0.000129
2 2 0.000304 0.004168 0.992717 0.002720 0.000091
2 2 0.020769 0.038684 0.812294 0.125786 0.002468
3 2 0.227739 0.099331 0.246069 0.416053 0.010808
2 2 0.060950 0.110776 0.540477 0.250789 0.037009
0 0 0.923469 0.048804 0.012329 0.005524 0.009874
2 0 0.047273 0.273538 0.629662 0.026271 0.023256
2 0 0.054982 0.240364 0.664796 0.025307 0.014550
2 0 0.319323 0.186325 0.409647 0.059258 0.025447
0 0 0.961979 0.025348 0.005414 0.001825 0.005433
1 0 0.044503 0.485913 0.269962 0.000533 0.199089
2 2 0.001846 0.072927 0.919047 0.001177 0.005003
2 2 0.123526 0.338562 0.457545 0.011489 0.068879
0 0 0.961640 0.025223 0.005221 0.001490 0.006426
0 0 0.762834 0.106550 0.064071 0.038432 0.028112
1 0 0.034969 0.406796 0.342596 0.002301 0.213338
2 2 0.007419 0.059052 0.921654 0.009941 0.001934
2 2 0.002069 0.073098 0.905094 0.007899 0.011840
2 2 0.005746 0.004866 0.984703 0.004642 0.000043
2 2 0.019191 0.028244 0.948692 0.002103 0.001770
2 2 0.003400 0.005601 0.989323 0.001630 0.000046
2 2 0.002653 0.004540 0.986544 0.006196 0.000067
2 2 0.005659 0.007186 0.979679 0.007148 0.000329
2 2 0.001180 0.002017 0.991529 0.005256 0.000018
2 2 0.003602 0.008828 0.985829 0.001573 0.000168
2 2 0.003313 0.012528 0.977753 0.006123 0.000283
2 2 0.007116 0.008958 0.981789 0.001916 0.000222
2 2 0.002768 0.017078 0.976028 0.003718 0.000409
2 2 0.190492 0.307911 0.425416 0.048708 0.027474
0 0 0.914292 0.051720 0.011964 0.003113 0.018911
0 0 0.835070 0.089617 0.022433 0.005018 0.047862
4 0 0.114464 0.245763 0.112100 0.000852 0.526821
2 2 0.004425 0.042914 0.946481 0.004073 0.002106
2 2 0.013417 0.114817 0.831174 0.028407 0.012185
0 2 0.939859 0.041889 0.009948 0.001625 0.006680
0 0 0.946902 0.027610 0.004873 0.000528 0.020086
0 0 0.880652 0.044931 0.012901 0.002454 0.059063
0 0 0.907876 0.053554 0.012083 0.002641 0.023845
0 0 0.959579 0.020725 0.003382 0.000314 0.015999
0 0 0.898771 0.038058 0.006457 0.000401 0.056312
0 0 0.946401 0.031402 0.006141 0.001037 0.015019
0 0 0.487137 0.231530 0.205327 0.045528 0.030477
1 1 0.068674 0.405351 0.307881 0.008157 0.209936
2 2 0.040819 0.414445 0.423545 0.001963 0.119228
2 2 0.009441 0.124380 0.842302 0.008903 0.014975
2 2 0.066355 0.137736 0.644115 0.131401 0.020393
0 0 0.703481 0.167486 0.067680 0.028807 0.032545
1 0 0.189478 0.388494 0.301481 0.011075 0.109472
2 2 0.039832 0.349577 0.513511 0.010603 0.086477
2 2 0.014449 0.026276 0.955491 0.001396 0.002388
2 2 0.000868 0.032834 0.955455 0.001416 0.009427
2 2 0.008036 0.259594 0.639862 0.002723 0.089785
4 2 0.031686 0.231701 0.169983 0.000489 0.566141
4 4 0.048580 0.122177 0.055909 0.000331 0.773002
4 4 0.060575 0.225607 0.110055 0.000949 0.602814
4 4 0.065110 0.223447 0.094280 0.000420 0.616743
4 4 0.037373 0.080659 0.045215 0.000839 0.835914
4 4 0.048347 0.120304 0.069698 0.001311 0.760340
4 4 0.023365 0.063132 0.042864 0.000340 0.870300
4 4 0.036459 0.190693 0.122579 0.000453 0.649816
4 4 0.056933 0.120091 0.048201 0.000318 0.774457
4 4 0.123385 0.042954 0.016687 0.000918 0.816055
4 4 0.160538 0.035225 0.020660 0.002551 0.781025
4 4 0.076771 0.043838 0.016224 0.000742 0.862424
4 4 0.431184 0.072318 0.018262 0.000824 0.477411
4 4 0.096228 0.056347 0.023601 0.001655 0.822168
4 4 0.192360 0.159706 0.066964 0.010452 0.570518
4 4 0.266080 0.076868 0.027934 0.002284 0.626833
4 4 0.042314 0.061568 0.032389 0.002124 0.861604
4 4 0.014864 0.017840 0.016009 0.002221 0.949065
4 4 0.037227 0.035515 0.015851 0.000846 0.910561
4 4 0.047347 0.173645 0.108041 0.002308 0.668659
4 4 0.056333 0.057051 0.022006 0.001187 0.863422
4 4 0.029668 0.145338 0.130254 0.003611 0.691129
4 4 0.018477 0.030148 0.020739 0.000504 0.930132
4 4 0.074239 0.130206 0.065366 0.005594 0.724595
4 4 0.028003 0.080346 0.056498 0.000892 0.834260
4 4 0.035924 0.126201 0.067749 0.000165 0.769961
4 4 0.028683 0.275834 0.213778 0.000402 0.481302
4 4 0.037896 0.292511 0.236844 0.001845 0.430904
1 4 0.034530 0.363456 0.289256 0.000425 0.312334
1 4 0.045023 0.400620 0.189345 0.000089 0.364923
1 2 0.030091 0.445822 0.282340 0.000189 0.241558
1 2 0.023301 0.337608 0.333836 0.001815 0.303440
2 2 0.025121 0.330375 0.373509 0.002599 0.268397
4 2 0.016286 0.286333 0.328834 0.000553 0.367995
1 2 0.021465 0.393192 0.384645 0.000486 0.200212
1 2 0.046871 0.467540 0.248685 0.000677 0.236227
1 2 0.042084 0.407133 0.396160 0.000486 0.154137
1 2 0.039677 0.398997 0.268989 0.001605 0.290731
1 2 0.070943 0.405651 0.169191 0.000337 0.353877
4 2 0.026982 0.304108 0.267904 0.001061 0.399946
1 2 0.031523 0.425235 0.326739 0.002207 0.214296
0 0 0.352471 0.332090 0.214673 0.012140 0.088626
1 0 0.214147 0.429247 0.170858 0.001608 0.184140
4 0 0.072763 0.300892 0.172168 0.010942 0.443235
0 0 0.683138 0.132600 0.035217 0.004893 0.144152
0 0 0.550270 0.210362 0.128621 0.045629 0.065117
0 0 0.389601 0.258038 0.077521 0.002178 0.272662
4 1 0.161497 0.209468 0.084599 0.002265 0.542172
0 0 0.856144 0.072519 0.036863 0.014177 0.020296
1 0 0.048139 0.373636 0.207284 0.000643 0.370298
2 1 0.018442 0.317414 0.411825 0.001416 0.250902
2 1 0.020937 0.386616 0.474051 0.006929 0.111467
2 1 0.005560 0.228590 0.716166 0.002265 0.047419
2 1 0.002648 0.125897 0.832165 0.013756 0.025535
2 1 0.004528 0.192999 0.733858 0.002529 0.066086
2 2 0.003034 0.020256 0.975277 0.000611 0.000822
2 2 0.001317 0.019188 0.976260 0.000119 0.003116
2 2 0.001617 0.020668 0.973769 0.000422 0.003523
2 2 0.002833 0.007200 0.988302 0.000645 0.001021
2 2 0.000356 0.003488 0.995304 0.000565 0.000286
2 2 0.000699 0.006644 0.991222 0.000997 0.000438
2 2 0.005531 0.010399 0.982345 0.000540 0.001185
2 2 0.001933 0.019455 0.974360 0.001774 0.002478
2 2 0.000461 0.002336 0.994691 0.002458 0.000054
2 2 0.002477 0.009524 0.985657 0.002063 0.000280
2 2 0.000375 0.001263 0.994329 0.003996 0.000037
2 2 0.000516 0.005500 0.992743 0.000796 0.000444
2 2 0.001725 0.002040 0.983335 0.012870 0.000029
2 2 0.000434 0.005351 0.986662 0.007342 0.000210
2 2 0.000215 0.001252 0.921164 0.077357 0.000013
2 2 0.000267 0.001543 0.959217 0.038958 0.000015
2 2 0.000318 0.007348 0.950915 0.041279 0.000139
2 2 0.000387 0.003821 0.988489 0.006978 0.000325
2 2 0.001247 0.004954 0.857154 0.136520 0.000126
2 2 0.000658 0.008173 0.833032 0.157848 0.000288
2 2 0.000775 0.002049 0.709456 0.287692 0.000028
2 2 0.000516 0.005708 0.860796 0.132864 0.000115
2 2 0.000147 0.000922 0.583711 0.415208 0.000012
2 2 0.000455 0.003014 0.640379 0.356080 0.000072
3 2 0.000811 0.002808 0.423255 0.573033 0.000094
3 3 0.000518 0.001445 0.486590 0.511427 0.000020
2 3 0.002529 0.008711 0.497988 0.490348 0.000424
3 3 0.000588 0.001029 0.152743 0.845592 0.000048
3 3 0.000403 0.000652 0.226980 0.771953 0.000012
3 3 0.000450 0.001621 0.311176 0.686692 0.000061
3 3 0.000305 0.000498 0.153732 0.845453 0.000011
3 3 0.000170 0.000299 0.093076 0.906441 0.000014
3 3 0.000581 0.000530 0.092543 0.906326 0.000021
3 3 0.000018 0.000037 0.058633 0.941311 0.000001
3 3 0.000628 0.000935 0.102641 0.895732 0.000063
3 3 0.000125 0.000207 0.072840 0.926820 0.000009
3 3 0.000169 0.000218 0.042252 0.957345 0.000016
3 3 0.000237 0.000326 0.095892 0.903533 0.000012
3 3 0.000512 0.000475 0.050526 0.948451 0.000037
3 3 0.000301 0.000364 0.057463 0.941847 0.000026
3 3 0.000290 0.000341 0.070836 0.928517 0.000017
3 3 0.000102 0.000077 0.033202 0.966616 0.000003
3 3 0.000196 0.000217 0.045642 0.953930 0.000015
3 3 0.000986 0.000748 0.059257 0.938946 0.000063
3 3 0.000029 0.000026 0.015895 0.984050 0.000001
3 3 0.000063 0.000062 0.016583 0.983288 0.000005
3 3 0.000185 0.000230 0.052392 0.947179 0.000014
3 3 0.000048 0.000065 0.028377 0.971506 0.000003
3 3 0.000143 0.000100 0.014438 0.985307 0.000012
3 3 0.000024 0.000021 0.014616 0.985338 0.000001
3 3 0.000369 0.000494 0.060070 0.939023 0.000044
3 3 0.004089 0.001623 0.066229 0.927955 0.000103
3 3 0.008781 0.003882 0.079974 0.906980 0.000383
2 3 0.000994 0.006166 0.788997 0.203583 0.000260
2 3 0.000363 0.001994 0.832305 0.165314 0.000024
2 2 0.001770 0.004408 0.874964 0.118751 0.000107
2 2 0.000349 0.002951 0.926667 0.070005 0.000028
2 2 0.001564 0.022676 0.966959 0.006661 0.002140
2 2 0.000818 0.006274 0.922495 0.070321 0.000092
3 2 0.032455 0.036251 0.427029 0.502052 0.002214
2 0 0.019912 0.061214 0.653646 0.260738 0.004490
0 0 0.399648 0.095210 0.178969 0.316977 0.009197
2 2 0.047146 0.165907 0.759349 0.021527 0.006070
2 2 0.002425 0.020057 0.961732 0.015458 0.000328
2 2 0.001106 0.008626 0.986464 0.003749 0.000055
2 2 0.005250 0.010640 0.977217 0.006656 0.000236
2 2 0.010215 0.021651 0.958785 0.007740 0.001609
2 2 0.007746 0.031733 0.953223 0.004889 0.002410
2 2 0.013489 0.090685 0.879214 0.002941 0.013671
2 2 0.347388 0.214007 0.360663 0.067231 0.010711
2 2 0.023663 0.059505 0.802430 0.112500 0.001902
2 2 0.003336 0.030855 0.961681 0.003482 0.000646
2 2 0.002862 0.007828 0.976283 0.012887 0.000140
2 2 0.001780 0.002847 0.981152 0.014213 0.000008
2 2 0.005033 0.011663 0.969482 0.013597 0.000224
2 2 0.001339 0.007022 0.964846 0.026695 0.000098
2 2 0.001348 0.093241 0.878567 0.000858 0.025986
2 2 0.005202 0.190547 0.705037 0.007154 0.092060
2 2 0.004909 0.171790 0.706224 0.007380 0.109697
2 2 0.007406 0.249418 0.644053 0.003608 0.095515
2 2 0.021548 0.313564 0.340761 0.002531 0.321596
4 2 0.033420 0.313817 0.244369 0.001316 0.407078
4 4 0.022880 0.056774 0.061151 0.024169 0.835026
4 4 0.019262 0.209301 0.351517 0.010316 0.409604
4 4 0.025247 0.210225 0.209440 0.002137 0.552952
4 4 0.047207 0.117008 0.070074 0.003292 0.762419
4 4 0.044548 0.293623 0.201240 0.002507 0.458081
4 4 0.036455 0.209768 0.171437 0.003898 0.578443
4 4 0.047459 0.169773 0.110331 0.003633 0.668804
4 4 0.026034 0.198503 0.199817 0.003032 0.572614
4 4 0.093255 0.259744 0.145014 0.007114 0.494872
4 4 0.037697 0.334637 0.205048 0.000277 0.422341
4 4 0.039195 0.358118 0.240762 0.001048 0.360877
1 4 0.042360 0.437030 0.255225 0.000736 0.264648
0 0 0.696359 0.183042 0.068128 0.006702 0.045769
1 0 0.209975 0.390454 0.241355 0.016591 0.141625
0 0 0.301456 0.299011 0.197940 0.020712 0.180880
0 0 0.624912 0.226742 0.086349 0.026124 0.035873
1 0 0.259297 0.390622 0.144775 0.001697 0.203609
1 0 0.285113 0.387650 0.151691 0.004854 0.170691
0 0 0.730113 0.131009 0.080463 0.029251 0.029164
0 0 0.452832 0.272485 0.156420 0.061206 0.057057
1 0 0.084040 0.416366 0.182884 0.001181 0.315529
1 2 0.076086 0.475732 0.228057 0.000985 0.219140
2 2 0.036094 0.377186 0.474845 0.023088 0.088787
1 2 0.264127 0.411486 0.207129 0.003412 0.113847
0 2 0.901285 0.052347 0.011121 0.001733 0.033514
1 0 0.184831 0.407011 0.156377 0.001209 0.250573
2 0 0.031170 0.394731 0.402804 0.003990 0.167305
2 0 0.018898 0.242200 0.708897 0.008340 0.021665
1 0 0.134599 0.389113 0.387851 0.007464 0.080973
0 0 0.808643 0.101032 0.038084 0.032446 0.019796
1 0 0.203933 0.346592 0.111821 0.000266 0.337387
4 0 0.141062 0.252152 0.104810 0.000360 0.501616
1 0 0.137039 0.363983 0.225630 0.011245 0.262102
0 0 0.901698 0.057329 0.014543 0.004360 0.022069
1 0 0.197756 0.459571 0.191825 0.001319 0.149529
4 2 0.030742 0.340966 0.260156 0.000678 0.367459
2 2 0.016099 0.295979 0.569526 0.017738 0.100657
2 2 0.021591 0.355456 0.469339 0.006005 0.147610
2 2 0.012836 0.012622 0.970369 0.003748 0.000425
2 2 0.051202 0.035778 0.908923 0.002475 0.001623
2 2 0.002619 0.019845 0.975192 0.000223 0.002122
2 2 0.005057 0.025665 0.966782 0.000725 0.001772
2 2 0.014810 0.045762 0.933319 0.000178 0.005930
2 2 0.010581 0.032041 0.953189 0.000304 0.003884
2 2 0.005831 0.005145 0.987994 0.000771 0.000259
2 2 0.020712 0.022800 0.952768 0.001678 0.002043
2 2 0.013109 0.020705 0.963147 0.001261 0.001777
2 2 0.002631 0.023416 0.972029 0.000901 0.001023
2 2 0.003936 0.026524 0.966749 0.000320 0.002471
2 2 0.027436 0.031716 0.936783 0.001556 0.002510
2 2 0.001294 0.006137 0.991269 0.001035 0.000266
2 2 0.018655 0.014315 0.965628 0.000508 0.000893
2 2 0.001747 0.012512 0.984386 0.000754 0.000600
2 2 0.003156 0.011581 0.981965 0.002399 0.000900
2 2 0.004552 0.028919 0.962937 0.001344 0.002248
2 2 0.001538 0.029570 0.964041 0.000374 0.004477
2 2 0.000773 0.008384 0.982633 0.007549 0.000661
2 2 0.003563 0.010014 0.981431 0.004718 0.000274
2 2 0.005720 0.006535 0.986344 0.001153 0.000248
2 2 0.000399 0.008290 0.990609 0.000226 0.000476
2 2 0.003257 0.024490 0.967723 0.002554 0.001976
2 2 0.004787 0.009476 0.982053 0.003264 0.000421
2 2 0.010186 0.014771 0.967122 0.007636 0.000285
2 2 0.000770 0.011002 0.985407 0.002405 0.000416
2 2 0.003979 0.023534 0.966651 0.005221 0.000615
2 2 0.005964 0.007389 0.973111 0.013446 0.000089
2 2 0.001168 0.049770 0.938408 0.004166 0.006488
2 2 0.003108 0.008372 0.982194 0.006054 0.000272
2 2 0.002092 0.007594 0.985135 0.004260 0.000919
2 2 0.000260 0.002610 0.984749 0.012311 0.000070
2 2 0.002816 0.020123 0.972233 0.001782 0.003047
2 2 0.001844 0.010223 0.966577 0.020833 0.000524
2 2 0.001189 0.010104 0.948059 0.040394 0.000254
2 2 0.001283 0.003812 0.989901 0.004933 0.000071
2 2 0.001785 0.013930 0.967513 0.016556 0.000216
2 2 0.000609 0.006398 0.979211 0.013669 0.000113
2 2 0.000642 0.004273 0.974821 0.020229 0.000035
2 2 0.000380 0.010644 0.979355 0.009201 0.000419
2 2 0.000848 0.008739 0.968494 0.021521 0.000397
2 2 0.001663 0.007720 0.970144 0.019849 0.000625
2 2 0.001352 0.006053 0.844597 0.147881 0.000117
2 2 0.001158 0.009159 0.942216 0.047292 0.000175
2 2 0.000940 0.017731 0.947031 0.033241 0.001056
2 2 0.000415 0.021969 0.973654 0.003043 0.000920
2 2 0.000598 0.004128 0.873637 0.121592 0.000045
2 2 0.001642 0.008002 0.923163 0.067029 0.000165
2 2 0.001680 0.017773 0.966265 0.012718 0.001564
2 2 0.001576 0.013711 0.953381 0.031023 0.000310
2 2 0.001692 0.012075 0.955684 0.030293 0.000257
2 2 0.000563 0.017149 0.890255 0.090781 0.001251
2 2 0.001377 0.005448 0.884670 0.108464 0.000042
2 2 0.000279 0.003560 0.977940 0.018092 0.000129
2 2 0.002626 0.011288 0.946436 0.038835 0.000814
2 2 0.000554 0.008932 0.974223 0.016012 0.000280
2 2 0.021926 0.033691 0.536971 0.405779 0.001633
2 2 0.010185 0.034686 0.770094 0.182972 0.002063
2 2 0.003535 0.040971 0.927914 0.026618 0.000962
2 2 0.001526 0.003747 0.977636 0.017032 0.000059
2 2 0.000598 0.004326 0.904530 0.090431 0.000116
2 2 0.000854 0.020019 0.968602 0.009756 0.000769
2 2 0.003636 0.016749 0.946910 0.032493 0.000212
2 2 0.001192 0.005554 0.973596 0.019577 0.000080
2 2 0.000802 0.005205 0.971618 0.022301 0.000075
2 2 0.004976 0.019219 0.963136 0.012022 0.000648
2 2 0.003734 0.021496 0.966560 0.006647 0.001564
2 2 0.010697 0.015086 0.958523 0.015383 0.000311
2 2 0.000848 0.005730 0.953807 0.039523 0.000091
2 2 0.000577 0.021879 0.967779 0.008880 0.000884
2 2 0.002072 0.009714 0.976193 0.011624 0.000397
2 2 0.024395 0.077526 0.855285 0.039881 0.002912
2 2 0.053347 0.129752 0.796480 0.017707 0.002713
0 2 0.358215 0.282679 0.302085 0.036818 0.020203
0 2 0.457276 0.270923 0.186630 0.047034 0.038137
2 2 0.002270 0.121870 0.850811 0.004572 0.020478
2 2 0.002394 0.042523 0.947412 0.006903 0.000768
2 2 0.004737 0.022095 0.953104 0.019859 0.000204
2 2 0.002163 0.021735 0.971372 0.004004 0.000727
2 2 0.007516 0.019886 0.954638 0.017438 0.000522
2 2 0.004984 0.019840 0.964200 0.010417 0.000559
2 2 0.004135 0.011630 0.980019 0.003914 0.000302
2 2 0.007847 0.007290 0.945942 0.038784 0.000136
2 2 0.008925 0.031481 0.938043 0.019879 0.001672
2 2 0.003581 0.037119 0.954201 0.001628 0.003471
2 2 0.001218 0.016753 0.938446 0.042750 0.000833
2 2 0.012417 0.092019 0.869848 0.019561 0.006155
2 2 0.002627 0.152773 0.807923 0.004802 0.031875
1 4 0.031415 0.331375 0.305296 0.006129 0.325786
1 4 0.032189 0.348768 0.278940 0.001649 0.338453
4 4 0.047687 0.256570 0.178346 0.004655 0.512742
4 4 0.058238 0.111927 0.065136 0.012142 0.752558
4 4 0.025295 0.198246 0.223863 0.007847 0.544749
4 4 0.032972 0.148989 0.133120 0.007001 0.677918
4 4 0.036402 0.222454 0.195807 0.007713 0.537625
1 4 0.143179 0.410668 0.289675 0.045673 0.110804
4 4 0.071739 0.109777 0.042417 0.001359 0.774707
4 4 0.031473 0.188714 0.168192 0.003600 0.608020
4 4 0.047328 0.157418 0.108082 0.006717 0.680454
4 4 0.152556 0.090878 0.038888 0.003544 0.714134
4 4 0.057306 0.262432 0.147924 0.002193 0.530145
4 4 0.054225 0.258335 0.274732 0.013539 0.399169
1 4 0.096531 0.387800 0.163312 0.000942 0.351414
1 4 0.097475 0.396136 0.267429 0.015107 0.223853
4 4 0.074988 0.280875 0.204521 0.005469 0.434147
4 4 0.069580 0.127400 0.058766 0.003892 0.740362
4 4 0.068445 0.197377 0.096612 0.002732 0.634833
4 4 0.047061 0.242376 0.144212 0.000979 0.565372
4 4 0.056880 0.129475 0.083577 0.020197 0.709871
4 4 0.048903 0.244724 0.131956 0.000502 0.573914
4 4 0.108896 0.189867 0.076704 0.003278 0.621255
0 4 0.350576 0.262345 0.087839 0.002951 0.296290
4 4 0.049680 0.080165 0.042370 0.003534 0.824251
4 4 0.135834 0.269349 0.109070 0.001970 0.483777
4 4 0.045625 0.226045 0.165234 0.005976 0.557121
1 4 0.040654 0.419402 0.262850 0.001023 0.276072
1 4 0.043245 0.398409 0.279858 0.004887 0.273601
1 4 0.063846 0.460717 0.213837 0.000232 0.261369
1 1 0.075368 0.357357 0.296379 0.020263 0.250633
4 1 0.064621 0.269213 0.134347 0.001582 0.530237
4 2 0.079837 0.349836 0.167190 0.001400 0.401737
4 2 0.083957 0.343928 0.155968 0.002367 0.413781
4 2 0.050759 0.359138 0.190225 0.000364 0.399515
4 2 0.030403 0.323313 0.274223 0.001782 0.370279
1 2 0.139509 0.482689 0.203056 0.000447 0.174300
2 0 0.048315 0.273126 0.487598 0.063469 0.127492
4 0 0.071884 0.368731 0.149981 0.000489 0.408915
1 0 0.118465 0.444184 0.269723 0.006219 0.161409
0 0 0.377945 0.213041 0.194950 0.124240 0.089824
4 0 0.064531 0.317254 0.134742 0.000324 0.483149
4 2 0.034040 0.353134 0.240309 0.000434 0.372082
1 2 0.029674 0.386751 0.297910 0.000861 0.284804
1 2 0.264549 0.358516 0.132212 0.003734 0.240989
4 2 0.096629 0.362179 0.142950 0.000867 0.397375
0 0 0.513804 0.145204 0.048865 0.008065 0.284062
0 0 0.897717 0.060405 0.017806 0.009540 0.014531
0 0 0.314401 0.248313 0.104359 0.031473 0.301454
4 0 0.085854 0.344043 0.138137 0.001192 0.430775
1 0 0.062855 0.416937 0.194072 0.000587 0.325549
1 0 0.057953 0.422062 0.207165 0.000897 0.311923
1 0 0.096386 0.401330 0.191142 0.000482 0.310660
4 0 0.129464 0.355054 0.156035 0.002751 0.356696
0 0 0.529865 0.231991 0.092309 0.006153 0.139682
4 0 0.065592 0.277817 0.118090 0.000383 0.538117
1 0 0.113148 0.443448 0.213177 0.006989 0.223237
1 1 0.078462 0.485782 0.242040 0.001562 0.192154
0 1 0.435109 0.260083 0.083563 0.006486 0.214758
0 0 0.592249 0.076376 0.025436 0.002985 0.302954
0 0 0.418796 0.280626 0.211554 0.017881 0.071143
4 0 0.042627 0.331594 0.207967 0.000816 0.416997
4 1 0.029649 0.271657 0.199694 0.000298 0.498701
1 1 0.036518 0.441656 0.306584 0.002231 0.213012
2 1 0.019170 0.315898 0.560425 0.006147 0.098360
1 1 0.027030 0.433147 0.376191 0.005226 0.158408
0 1 0.364478 0.355739 0.128067 0.002823 0.148893
0 0 0.348893 0.249707 0.268540 0.084772 0.048088
1 1 0.049837 0.383837 0.217632 0.001089 0.347605
1 1 0.052557 0.432288 0.229311 0.001119 0.284725
1 1 0.062903 0.455105 0.253524 0.010602 0.217865
0 0 0.317489 0.267066 0.116529 0.031430 0.267486
0 0 0.387161 0.249277 0.173280 0.086142 0.104139
0 0 0.496415 0.198941 0.082004 0.022351 0.200290
1 4 0.070517 0.422361 0.204813 0.003353 0.298956
1 4 0.037763 0.404213 0.229156 0.000176 0.328691
2 2 0.011640 0.290671 0.585573 0.011746 0.100369
1 2 0.091907 0.502168 0.281778 0.007755 0.116392
1 2 0.051588 0.474704 0.327295 0.009361 0.137051
2 2 0.019707 0.386575 0.399859 0.002296 0.191563
1 2 0.023191 0.422057 0.392621 0.003675 0.158456
1 2 0.119160 0.367367 0.326697 0.031512 0.155265
1 2 0.076225 0.446734 0.272056 0.008928 0.196057
1 2 0.163866 0.391401 0.362979 0.028201 0.053554
0 2 0.598106 0.157415 0.041599 0.005530 0.197351
1 2 0.048179 0.380769 0.208224 0.000577 0.362251
1 2 0.091059 0.439887 0.251241 0.005441 0.212372
4 0 0.297435 0.235662 0.112139 0.016779 0.337985
0 0 0.652742 0.156474 0.052942 0.015664 0.122178
0 0 0.936437 0.033990 0.007650 0.001481 0.020443
0 0 0.370293 0.297723 0.097893 0.003415 0.230676
1 0 0.107086 0.448681 0.191032 0.000680 0.252520
4 0 0.142013 0.271457 0.254990 0.036366 0.295173
0 0 0.386322 0.216528 0.298035 0.083995 0.015120
1 0 0.090871 0.454098 0.279470 0.001832 0.173729
1 0 0.058270 0.427728 0.212881 0.001132 0.299989
1 1 0.035108 0.513314 0.297273 0.000609 0.153697
2 1 0.023777 0.355166 0.495798 0.021082 0.104178
2 1 0.011996 0.328073 0.576541 0.003705 0.079685
2 2 0.004233 0.057126 0.928392 0.004070 0.006178
2 2 0.013379 0.063510 0.910362 0.002206 0.010543
2 2 0.002342 0.035668 0.953934 0.001794 0.006262
2 2 0.001114 0.006771 0.990204 0.001582 0.000330
2 2 0.009004 0.245506 0.598080 0.002643 0.144767
2 2 0.001080 0.009037 0.986620 0.002392 0.000872
2 2 0.000499 0.053795 0.933419 0.006400 0.005887
2 2 0.002983 0.066061 0.919011 0.004155 0.007790
2 2 0.003042 0.015241 0.980192 0.000650 0.000875
2 2 0.001031 0.019580 0.973252 0.002552 0.003585
2 2 0.001057 0.022797 0.969477 0.000704 0.005966
1 2 0.292840 0.349022 0.308259 0.003479 0.046399
0 0 0.697392 0.111423 0.033885 0.006111 0.151188
4 0 0.116667 0.297453 0.179462 0.003549 0.402868
1 2 0.048234 0.437721 0.276038 0.004868 0.233139
4 2 0.092871 0.220351 0.079643 0.000762 0.606373
2 2 0.047191 0.304344 0.435346 0.042815 0.170304
0 0 0.769048 0.077573 0.061304 0.073280 0.018796
1 0 0.217487 0.364736 0.290508 0.029239 0.098030
4 0 0.060285 0.360777 0.172535 0.000670 0.405733
1 1 0.032024 0.338263 0.298803 0.001956 0.328954
2 1 0.013699 0.281224 0.604014 0.023325 0.077739
2 1 0.006120 0.100983 0.855615 0.012224 0.025057
2 1 0.066886 0.373515 0.462911 0.020549 0.076139
0 0 0.624307 0.172174 0.069228 0.034094 0.100197
0 0 0.723694 0.153509 0.048088 0.019723 0.054986
1 0 0.071710 0.418700 0.201832 0.003464 0.304294
1 2 0.067523 0.419144 0.195032 0.001519 0.316782
2 2 0.015475 0.315171 0.546431 0.013079 0.109844
2 2 0.004068 0.122819 0.867484 0.000933 0.004695
2 2 0.002516 0.051010 0.938754 0.001754 0.005966
2 2 0.002334 0.029457 0.965783 0.001139 0.001287
2 2 0.001488 0.007858 0.986622 0.003702 0.000329
2 2 0.001260 0.011486 0.986309 0.000631 0.000313
2 2 0.006021 0.008035 0.983413 0.002297 0.000234
2 2 0.005412 0.019086 0.971478 0.003080 0.000944
2 2 0.013234 0.011810 0.972461 0.001888 0.000608
2 2 0.002894 0.005192 0.987233 0.004591 0.000089
2 2 0.005129 0.046773 0.941054 0.003267 0.003777
2 2 0.000931 0.040199 0.950539 0.001634 0.006697
2 2 0.002572 0.037310 0.948900 0.008692 0.002527
2 2 0.000268 0.005281 0.988866 0.005419 0.000166
2 2 0.000598 0.031468 0.954376 0.010958 0.002600
1 2 0.029193 0.407791 0.394467 0.008324 0.160225
2 2 0.001527 0.015167 0.977037 0.004047 0.002223
2 2 0.000873 0.005165 0.993173 0.000610 0.000180
2 2 0.001031 0.014693 0.980988 0.001652 0.001636
2 2 0.000526 0.023186 0.971956 0.002036 0.002297
2 2 0.003217 0.027567 0.965091 0.001066 0.003059
2 2 0.002121 0.004979 0.989889 0.002750 0.000260
2 2 0.003190 0.009490 0.985131 0.001386 0.000803
2 2 0.001885 0.004191 0.990828 0.003025 0.000072
2 2 0.006736 0.017339 0.973009 0.000683 0.002234
2 2 0.003684 0.006020 0.988709 0.000956 0.000631
2 2 0.001355 0.004567 0.989965 0.003590 0.000524
2 2 0.000842 0.003599 0.993072 0.002385 0.000102
2 2 0.008530 0.021740 0.964090 0.001835 0.003806
2 2 0.012796 0.015934 0.967660 0.002557 0.001053
2 2 0.009648 0.011053 0.965341 0.013354 0.000605
2 2 0.002449 0.007082 0.985829 0.003780 0.000860
2 2 0.000698 0.004007 0.994054 0.001128 0.000113
2 2 0.000881 0.003283 0.992068 0.003585 0.000182
2 2 0.000223 0.005833 0.992888 0.000773 0.000284
2 2 0.000735 0.004029 0.980566 0.014581 0.000090
2 2 0.002101 0.029534 0.922002 0.044297 0.002065
2 2 0.003372 0.016441 0.969093 0.010117 0.000977
2 2 0.000835 0.002964 0.987724 0.008387 0.000090
2 2 0.000802 0.004928 0.979740 0.014305 0.000225
2 2 0.000464 0.009612 0.969434 0.019641 0.000849
2 2 0.000063 0.000692 0.947936 0.051305 0.000003
2 2 0.000770 0.003978 0.958608 0.036524 0.000119
2 2 0.001863 0.004686 0.636163 0.357194 0.000094
2 2 0.000411 0.004308 0.758940 0.236220 0.000121
2 2 0.002006 0.005716 0.726437 0.265748 0.000093
2 2 0.001330 0.011557 0.891279 0.095581 0.000253
2 2 0.002707 0.010978 0.712050 0.273305 0.000959
3 2 0.000144 0.000244 0.310131 0.689480 0.000001
3 3 0.002477 0.005691 0.423478 0.568098 0.000256
3 3 0.000068 0.000294 0.271693 0.727940 0.000004
3 3 0.000287 0.001113 0.330348 0.668222 0.000030
3 3 0.000247 0.000638 0.108896 0.890168 0.000051
3 3 0.000416 0.001220 0.303798 0.694532 0.000034
3 3 0.001159 0.000993 0.091025 0.906765 0.000058
3 3 0.000665 0.001541 0.253701 0.744037 0.000055
3 3 0.000576 0.000648 0.078701 0.920035 0.000041
3 3 0.000380 0.000392 0.070495 0.928715 0.000018
3 3 0.001249 0.001503 0.160904 0.836264 0.000080
3 3 0.000225 0.000388 0.086763 0.912607 0.000018
3 3 0.000667 0.000953 0.114022 0.884302 0.000056
3 3 0.000180 0.000247 0.043382 0.956170 0.000021
3 3 0.000209 0.000449 0.136487 0.862840 0.000016
3 3 0.000178 0.000377 0.049769 0.949628 0.000048
3 3 0.000287 0.000175 0.019888 0.979632 0.000018
3 3 0.000056 0.000063 0.032263 0.967616 0.000002
3 3 0.000337 0.000380 0.061915 0.937344 0.000024
3 3 0.000112 0.000094 0.017486 0.982298 0.000009
3 3 0.000519 0.000418 0.053498 0.945541 0.000024
3 3 0.000243 0.000270 0.042994 0.956472 0.000021
3 3 0.000056 0.000051 0.016090 0.983799 0.000004
3 3 0.000227 0.000189 0.031210 0.968360 0.000014
3 3 0.000118 0.000146 0.025603 0.974119 0.000015
3 3 0.000174 0.000110 0.013660 0.986042 0.000015
3 3 0.000063 0.000037 0.009365 0.990532 0.000003
3 3 0.000247 0.000137 0.016934 0.982669 0.000013
3 3 0.000044 0.000097 0.055896 0.943958 0.000005
3 3 0.000180 0.000123 0.019585 0.980103 0.000010
3 3 0.000074 0.000039 0.008949 0.990935 0.000003
3 3 0.000093 0.000033 0.007114 0.992757 0.000002
3 3 0.000033 0.000015 0.006550 0.993402 0.000001
3 3 0.000334 0.000245 0.027173 0.972221 0.000026
3 3 0.000044 0.000020 0.006630 0.993304 0.000002
3 3 0.000125 0.000062 0.011452 0.988356 0.000006
3 3 0.000048 0.000016 0.004411 0.995523 0.000001
3 3 0.000340 0.000227 0.028844 0.970568 0.000020
3 3 0.000018 0.000040 0.022064 0.977874 0.000003
3 3 0.000654 0.000465 0.039947 0.958894 0.000040
3 3 0.000079 0.000070 0.019891 0.979956 0.000004
3 3 0.000072 0.000066 0.015624 0.984232 0.000005
3 3 0.000032 0.000027 0.010955 0.988984 0.000002
3 3 0.000229 0.000120 0.015927 0.983714 0.000011
3 3 0.000131 0.000092 0.018429 0.981341 0.000007
3 3 0.000018 0.000012 0.005435 0.994533 0.000001
3 3 0.000110 0.000047 0.007378 0.992460 0.000005
3 3 0.000070 0.000060 0.019242 0.980624 0.000004
3 3 0.000164 0.000110 0.024523 0.975197 0.000006
3 3 0.000125 0.000063 0.009669 0.990135 0.000007
3 3 0.000203 0.000066 0.008089 0.991634 0.000007
3 3 0.000041 0.000038 0.013425 0.986492 0.000003
3 3 0.000047 0.000068 0.019842 0.980037 0.000006
3 3 0.000106 0.000093 0.026728 0.973067 0.000005
3 3 0.000070 0.000084 0.021817 0.978021 0.000007
3 3 0.000037 0.000035 0.013393 0.986534 0.000002
3 3 0.000067 0.000050 0.009702 0.990175 0.000007
3 3 0.000171 0.000094 0.012594 0.987131 0.000010
3 3 0.000016 0.000010 0.005668 0.994304 0.000001
3 3 0.000243 0.000510 0.081481 0.917726 0.000041
3 3 0.000047 0.000032 0.008581 0.991336 0.000003
3 3 0.000018 0.000011 0.004386 0.995584 0.000001
3 3 0.000369 0.000128 0.016841 0.982652 0.000010
3 3 0.000014 0.000012 0.006392 0.993582 0.000001
3 3 0.016410 0.013523 0.127146 0.840637 0.002283
3 3 0.009768 0.019610 0.307616 0.660669 0.002337
2 3 0.017075 0.059834 0.685380 0.232221 0.005490
2 3 0.029424 0.133621 0.677019 0.097692 0.062244
2 3 0.006555 0.110124 0.764484 0.100289 0.018548
2 3 0.069696 0.334051 0.435179 0.074166 0.086908
1 2 0.092641 0.377850 0.274559 0.016569 0.238380
2 2 0.015521 0.275105 0.610645 0.030484 0.068245
2 2 0.022485 0.278000 0.604582 0.014505 0.080428
2 2 0.122101 0.331538 0.497996 0.016097 0.032268
1 2 0.038407 0.374127 0.296026 0.006192 0.285249
4 2 0.072559 0.217732 0.116480 0.008407 0.584822
4 2 0.039420 0.178627 0.139059 0.005041 0.637853
4 2 0.055517 0.246792 0.172296 0.014945 0.510450
4 2 0.024411 0.199771 0.219669 0.004653 0.551496
4 4 0.045441 0.125573 0.179213 0.020228 0.629545
4 4 0.031015 0.054155 0.040188 0.007400 0.867242
4 4 0.037292 0.089982 0.059496 0.002794 0.810435
4 4 0.031455 0.075828 0.061849 0.008514 0.822354
4 4 0.097525 0.046317 0.036296 0.008411 0.811450
4 4 0.104565 0.159137 0.153197 0.041603 0.541499
4 4 0.072465 0.075971 0.049673 0.009780 0.792111
4 4 0.029484 0.027581 0.013450 0.000732 0.928752
4 4 0.036090 0.069401 0.048344 0.006502 0.839664
4 4 0.028578 0.032723 0.023834 0.003205 0.911659
4 4 0.013628 0.026973 0.031496 0.009139 0.918764
4 4 0.014746 0.017247 0.013338 0.001340 0.953329
