0 0 0.415654 0.414741 0.079484 0.002650 0.087470
4 0 0.179065 0.293475 0.123729 0.001451 0.402280
0 0 0.481433 0.236936 0.068607 0.002280 0.210744
0 0 0.791664 0.075583 0.051498 0.010066 0.071189
0 0 0.894285 0.052934 0.026493 0.003225 0.023064
0 0 0.859796 0.076264 0.036729 0.003147 0.024063
0 0 0.804160 0.126172 0.047078 0.001847 0.020742
0 0 0.862353 0.085448 0.031388 0.001687 0.019125
0 0 0.598541 0.262333 0.111938 0.002700 0.024487
0 0 0.848045 0.106974 0.029086 0.000853 0.015042
0 0 0.856906 0.082901 0.035696 0.002447 0.022049
0 0 0.855797 0.083224 0.036199 0.002508 0.022273
0 0 0.821284 0.111797 0.043653 0.002027 0.021239
0 0 0.756039 0.173295 0.051939 0.001130 0.017598
1 1 0.126696 0.458484 0.172989 0.001376 0.240454
4 1 0.094700 0.330451 0.147226 0.009183 0.418441
4 1 0.191780 0.318360 0.085984 0.004071 0.399805
1 1 0.072858 0.469395 0.061254 0.019724 0.376768
2 1 0.054866 0.321968 0.326367 0.005009 0.291789
4 1 0.222946 0.262170 0.066867 0.006446 0.441572
4 1 0.222422 0.261676 0.108427 0.002881 0.404593
1 1 0.249075 0.403257 0.113051 0.006532 0.228084
4 1 0.126620 0.326970 0.061427 0.004327 0.480655
1 1 0.089540 0.432810 0.098534 0.004292 0.374824
1 1 0.173978 0.351565 0.147805 0.000671 0.325981
0 1 0.651198 0.245813 0.052200 0.001613 0.049177
1 1 0.141881 0.396304 0.142406 0.008324 0.311086
4 1 0.032290 0.257252 0.149968 0.001962 0.558529
4 4 0.122650 0.287846 0.111642 0.002732 0.475130
4 4 0.037621 0.163775 0.127493 0.002080 0.669032
4 4 0.187655 0.308431 0.064070 0.003456 0.436388
4 4 0.043762 0.090378 0.111504 0.004018 0.750338
4 4 0.064773 0.111355 0.120870 0.019343 0.683659
4 4 0.029007 0.076399 0.055731 0.006472 0.832392
4 4 0.025290 0.137792 0.219835 0.007070 0.610014
4 4 0.029091 0.208447 0.262942 0.007804 0.491716
1 4 0.138725 0.412056 0.321879 0.000792 0.126547
1 4 0.173743 0.376353 0.068950 0.004742 0.376212
4 4 0.140199 0.271066 0.087589 0.000513 0.500632
4 4 0.130669 0.378748 0.077165 0.001617 0.411801
1 4 0.018734 0.447991 0.174253 0.001645 0.357377
4 4 0.066616 0.160861 0.048924 0.001077 0.722521
1 4 0.041931 0.417455 0.173603 0.002599 0.364412
2 4 0.071699 0.325781 0.457060 0.004151 0.141308
2 4 0.071767 0.338750 0.521151 0.011550 0.056782
4 4 0.033773 0.123931 0.059112 0.001209 0.781974
1 4 0.239762 0.392311 0.081706 0.000525 0.285696
1 4 0.094609 0.470249 0.131939 0.001058 0.302146
0 4 0.595342 0.252093 0.057459 0.001700 0.093406
1 4 0.152202 0.467167 0.125638 0.001458 0.253536
1 4 0.100100 0.430755 0.165966 0.002275 0.300905
1 4 0.278231 0.398790 0.101867 0.001464 0.219648
1 4 0.149743 0.465892 0.172474 0.001110 0.210782
4 4 0.042735 0.362495 0.131114 0.005907 0.457750
4 4 0.107145 0.379122 0.105792 0.008969 0.398972
4 4 0.036510 0.217587 0.121812 0.002213 0.621879
4 4 0.030369 0.263744 0.209472 0.009624 0.486791
4 4 0.092391 0.231481 0.077221 0.006309 0.592598
1 4 0.099297 0.450491 0.138937 0.001901 0.309375
1 4 0.067249 0.384585 0.231363 0.001426 0.315377
4 4 0.012725 0.193398 0.172079 0.001194 0.620604
1 4 0.057072 0.428968 0.125333 0.011848 0.376779
1 4 0.156982 0.452823 0.074180 0.004399 0.311616
4 4 0.103545 0.363556 0.060531 0.008359 0.464010
1 4 0.158091 0.423109 0.170217 0.004547 0.244036
2 4 0.111556 0.387416 0.461627 0.005385 0.034017
4 4 0.088286 0.374017 0.149508 0.001624 0.386564
1 4 0.074593 0.401433 0.155143 0.003225 0.365605
2 4 0.015391 0.168564 0.783837 0.004648 0.027559
1 4 0.032314 0.400802 0.335230 0.003787 0.227867
1 4 0.050011 0.460401 0.323069 0.002846 0.163673
1 4 0.196542 0.501769 0.169094 0.002743 0.129852
1 4 0.144898 0.468803 0.244083 0.001962 0.140254
2 4 0.026242 0.279418 0.636620 0.003614 0.054106
2 4 0.029821 0.285696 0.642222 0.004045 0.038216
2 4 0.014838 0.194993 0.729842 0.004990 0.055336
2 4 0.001071 0.091044 0.870801 0.016987 0.020097
2 4 0.012375 0.180998 0.783892 0.003183 0.019552
2 4 0.002859 0.110373 0.859452 0.006480 0.020836
2 4 0.011218 0.134083 0.813578 0.022833 0.018288
2 4 0.020493 0.208375 0.734301 0.007396 0.029435
2 2 0.048250 0.183320 0.732104 0.018502 0.017825
2 2 0.021393 0.103982 0.827481 0.035424 0.011720
2 2 0.040074 0.291442 0.610112 0.007973 0.050399
2 2 0.040210 0.227479 0.696857 0.007935 0.027518
2 2 0.048949 0.233148 0.648440 0.002942 0.066520
2 2 0.006590 0.180189 0.784748 0.002042 0.026431
2 2 0.022817 0.148618 0.786112 0.027315 0.015139
2 2 0.006709 0.108795 0.813717 0.041288 0.029491
2 2 0.006759 0.094658 0.864653 0.017086 0.016843
2 2 0.000685 0.033333 0.937121 0.026468 0.002392
2 2 0.016500 0.185835 0.730386 0.008055 0.059224
2 2 0.014556 0.162898 0.789313 0.015650 0.017583
2 2 0.002501 0.056950 0.894788 0.042596 0.003164
2 2 0.002446 0.059002 0.919108 0.016677 0.002767
2 2 0.001232 0.020679 0.878993 0.098292 0.000805
2 2 0.000180 0.007604 0.877290 0.114757 0.000168
2 2 0.001317 0.030808 0.906374 0.060296 0.001206
2 2 0.000841 0.017387 0.877330 0.103814 0.000627
2 2 0.000078 0.008644 0.944001 0.047086 0.000191
2 2 0.000963 0.019703 0.924487 0.053453 0.001394
2 2 0.004671 0.081625 0.826047 0.071663 0.015994
2 2 0.000196 0.010759 0.945412 0.043364 0.000270
2 2 0.000671 0.014333 0.959891 0.024578 0.000526
2 2 0.000154 0.005270 0.819061 0.175430 0.000086
2 2 0.000413 0.008307 0.706901 0.284230 0.000149
2 2 0.000475 0.007856 0.660019 0.331502 0.000147
2 2 0.000009 0.001198 0.674042 0.324742 0.000009
2 2 0.000064 0.002499 0.650554 0.346848 0.000035
2 2 0.000064 0.002538 0.563233 0.434135 0.000031
3 2 0.000242 0.004480 0.488876 0.506296 0.000106
3 2 0.000147 0.005068 0.473653 0.520855 0.000276
3 2 0.000414 0.006179 0.286743 0.706340 0.000324
2 2 0.000289 0.008710 0.641377 0.349262 0.000361
3 2 0.000286 0.006679 0.435529 0.557289 0.000217
2 2 0.006026 0.046052 0.849050 0.096989 0.001883
2 2 0.027859 0.159944 0.770653 0.027389 0.014156
2 2 0.084258 0.388249 0.475591 0.003306 0.048596
2 2 0.002291 0.097829 0.860953 0.028022 0.010904
2 2 0.001449 0.037338 0.953362 0.006184 0.001666
2 2 0.004044 0.073885 0.889789 0.025800 0.006482
2 2 0.006055 0.102954 0.850061 0.020473 0.020457
2 2 0.000549 0.016655 0.942130 0.040286 0.000380
2 2 0.005208 0.088194 0.807665 0.091986 0.006947
2 2 0.001742 0.031907 0.874571 0.091079 0.000701
2 2 0.000402 0.033507 0.929565 0.033174 0.003351
2 2 0.000789 0.018826 0.815561 0.164058 0.000766
2 2 0.000004 0.000674 0.693903 0.305414 0.000005
2 2 0.000182 0.005351 0.616718 0.377608 0.000140
3 2 0.000152 0.003793 0.277045 0.718706 0.000304
2 2 0.000884 0.010405 0.754689 0.233675 0.000348
3 2 0.000001 0.000281 0.470229 0.529486 0.000003
2 2 0.000206 0.009113 0.658865 0.331487 0.000328
2 2 0.000034 0.002169 0.780210 0.217557 0.000030
3 2 0.000047 0.002173 0.414538 0.583166 0.000076
2 2 0.000326 0.006013 0.619459 0.374102 0.000100
3 2 0.000052 0.002061 0.377225 0.620631 0.000031
2 2 0.000045 0.003563 0.613484 0.382729 0.000178
3 2 0.000562 0.006375 0.304286 0.688466 0.000311
3 2 0.000390 0.004252 0.288327 0.706893 0.000138
3 2 0.000034 0.001135 0.297538 0.701261 0.000032
3 2 0.000112 0.003186 0.431351 0.565273 0.000077
3 2 0.000187 0.002874 0.184334 0.812303 0.000302
3 2 0.000284 0.005981 0.249259 0.743911 0.000565
3 2 0.000008 0.000214 0.137678 0.862097 0.000003
3 2 0.000023 0.000799 0.203485 0.795675 0.000018
3 2 0.000319 0.002818 0.219985 0.776749 0.000129
3 2 0.000015 0.000448 0.142449 0.857072 0.000016
3 2 0.000038 0.001323 0.248500 0.750110 0.000029
3 3 0.000078 0.000726 0.107297 0.891861 0.000039
3 3 0.000069 0.001422 0.142589 0.855799 0.000122
2 2 0.003946 0.014156 0.761655 0.219839 0.000404
1 2 0.169419 0.400776 0.319390 0.006630 0.103785
0 1 0.413726 0.396872 0.114429 0.005766 0.069208
1 1 0.113889 0.474800 0.274401 0.003384 0.133526
2 1 0.020614 0.247756 0.657890 0.018201 0.055539
2 1 0.068660 0.389799 0.479904 0.002360 0.059277
2 1 0.008055 0.175032 0.798264 0.005722 0.012927
2 1 0.006390 0.120983 0.853311 0.009251 0.010065
2 1 0.065725 0.383754 0.479233 0.002051 0.069237
2 1 0.010891 0.273813 0.645325 0.009155 0.060816
2 1 0.005662 0.094355 0.881205 0.010918 0.007860
2 1 0.011813 0.185341 0.767447 0.006746 0.028654
2 1 0.000554 0.026614 0.966522 0.005003 0.001308
2 1 0.006497 0.183052 0.750782 0.005015 0.054654
2 1 0.051005 0.375092 0.442988 0.002962 0.127953
1 1 0.102469 0.481335 0.285295 0.002666 0.128236
2 1 0.006614 0.186704 0.780154 0.006488 0.020041
2 1 0.003796 0.105705 0.866155 0.015279 0.009065
2 1 0.003389 0.104332 0.861290 0.006293 0.024696
2 1 0.005464 0.123167 0.833506 0.009875 0.027988
2 1 0.015459 0.130520 0.842826 0.001400 0.009796
1 1 0.074151 0.456605 0.244788 0.002587 0.221868
1 1 0.061579 0.422313 0.386400 0.007471 0.122238
2 1 0.023409 0.311516 0.627573 0.005350 0.032152
2 1 0.017700 0.260188 0.655974 0.007041 0.059097
1 1 0.069166 0.472257 0.326494 0.001656 0.130427
1 1 0.181219 0.492720 0.186788 0.002187 0.137087
2 1 0.010883 0.143386 0.819860 0.005264 0.020606
2 1 0.009194 0.089097 0.877342 0.014548 0.009819
2 1 0.008055 0.245132 0.695563 0.004291 0.046959
1 1 0.047979 0.465734 0.222388 0.001101 0.262798
1 0 0.133114 0.497623 0.217121 0.002493 0.149649
0 0 0.772101 0.172118 0.036058 0.001405 0.018319
1 0 0.183305 0.495527 0.235734 0.002130 0.083304
0 0 0.559978 0.299484 0.114772 0.002459 0.023308
0 0 0.705195 0.227660 0.046333 0.001390 0.019422
0 0 0.821063 0.118859 0.039352 0.001553 0.019173
0 0 0.812379 0.138619 0.031451 0.001073 0.016478
0 0 0.832096 0.122893 0.029095 0.000852 0.015064
0 0 0.846716 0.111581 0.027310 0.000668 0.013725
0 0 0.753710 0.171772 0.053007 0.001601 0.019910
0 0 0.801969 0.146589 0.032604 0.001275 0.017563
0 0 0.837878 0.097381 0.040460 0.002305 0.021977
0 0 0.830766 0.106441 0.040390 0.001883 0.020520
0 0 0.801001 0.114813 0.055125 0.003308 0.025753
0 0 0.899660 0.053099 0.023872 0.002500 0.020870
0 0 0.903865 0.039864 0.023771 0.005497 0.027004
0 0 0.745560 0.161593 0.066985 0.002409 0.023453
0 0 0.869795 0.080418 0.029357 0.001645 0.018785
0 0 0.898395 0.059844 0.022226 0.001623 0.017912
0 0 0.880692 0.079492 0.023479 0.000990 0.015347
0 0 0.832117 0.115142 0.034318 0.001193 0.017231
0 0 0.685181 0.249580 0.048513 0.000897 0.015828
0 0 0.785306 0.147679 0.042393 0.002339 0.022283
0 0 0.823719 0.115307 0.040198 0.001557 0.019220
0 0 0.897952 0.050890 0.025313 0.003150 0.022695
0 0 0.859667 0.097384 0.025054 0.001210 0.016685
0 0 0.770278 0.167087 0.043637 0.001218 0.017780
0 0 0.829384 0.120294 0.030733 0.001431 0.018158
0 0 0.879461 0.073795 0.026789 0.001599 0.018357
0 0 0.887386 0.067426 0.025090 0.001668 0.018429
0 0 0.929462 0.032734 0.015605 0.002593 0.019606
0 0 0.943403 0.028609 0.011023 0.001510 0.015456
0 0 0.907307 0.042819 0.022901 0.003617 0.023356
0 0 0.934613 0.030462 0.013999 0.002337 0.018590
0 0 0.917656 0.041567 0.018698 0.002379 0.019699
0 0 0.876947 0.082801 0.024055 0.000959 0.015237
0 0 0.932037 0.038058 0.013376 0.001292 0.015237
0 0 0.891172 0.061930 0.026187 0.002096 0.018616
0 0 0.949431 0.022872 0.009775 0.001836 0.016086
0 0 0.903927 0.061841 0.018533 0.000978 0.014722
0 0 0.759897 0.174699 0.048163 0.000928 0.016312
0 0 0.537215 0.314165 0.062895 0.002234 0.083492
1 0 0.153192 0.389474 0.125949 0.002610 0.328775
1 0 0.310823 0.342810 0.071168 0.003100 0.272099
1 1 0.239289 0.350453 0.065191 0.013436 0.331632
0 1 0.342827 0.296757 0.062607 0.009905 0.287905
4 1 0.077704 0.275293 0.113345 0.005007 0.528651
1 1 0.013681 0.494327 0.093980 0.001312 0.396699
1 1 0.285126 0.402419 0.083024 0.000532 0.228899
1 1 0.100620 0.437803 0.153352 0.006564 0.301662
1 1 0.134129 0.440710 0.085374 0.001119 0.338668
4 1 0.118427 0.215916 0.086947 0.001879 0.576832
4 1 0.041251 0.196491 0.167432 0.002857 0.591970
1 1 0.064191 0.480547 0.173669 0.003081 0.278512
1 1 0.282319 0.370119 0.072721 0.003598 0.271243
0 1 0.352713 0.255315 0.061653 0.003459 0.326860
4 1 0.140395 0.331082 0.068762 0.003809 0.455952
1 1 0.138126 0.448447 0.158677 0.003940 0.250810
1 1 0.313823 0.450345 0.078295 0.002956 0.154581
4 1 0.034917 0.290684 0.156468 0.002863 0.515068
4 1 0.194555 0.275211 0.140190 0.001123 0.388921
1 1 0.140867 0.476847 0.077125 0.002396 0.302764
1 1 0.099371 0.484523 0.160676 0.000463 0.254967
1 1 0.154566 0.478643 0.103961 0.000743 0.262087
1 1 0.119646 0.454701 0.068804 0.008857 0.347992
1 1 0.173618 0.485338 0.082401 0.001216 0.257427
4 1 0.148992 0.320115 0.075838 0.000587 0.454468
1 1 0.062151 0.464014 0.164859 0.003639 0.305337
1 1 0.036405 0.523774 0.197748 0.003378 0.238694
1 1 0.267836 0.405410 0.096385 0.002789 0.227580
4 1 0.147042 0.251157 0.060197 0.001156 0.540448
1 1 0.234901 0.463990 0.105528 0.003601 0.191980
1 1 0.101862 0.515111 0.173964 0.003940 0.205123
1 1 0.192756 0.494994 0.130987 0.000447 0.180815
1 1 0.271538 0.446441 0.077712 0.003513 0.200796
1 1 0.027167 0.536572 0.062668 0.002259 0.371334
1 1 0.129141 0.505844 0.123209 0.000827 0.240979
1 1 0.142959 0.553303 0.080560 0.002608 0.220570
1 1 0.221445 0.465962 0.092130 0.000152 0.220310
0 1 0.782489 0.156157 0.037853 0.001713 0.021788
1 1 0.135678 0.554392 0.156155 0.000606 0.153169
1 1 0.038526 0.486686 0.200026 0.002530 0.272231
1 1 0.084860 0.415103 0.236849 0.005536 0.257651
1 1 0.347033 0.418302 0.074929 0.003725 0.156010
1 1 0.175740 0.445343 0.081726 0.000805 0.296386
1 1 0.111071 0.527487 0.185509 0.002817 0.173116
1 1 0.193977 0.490435 0.190900 0.002542 0.122146
2 1 0.032402 0.324497 0.566210 0.006447 0.070444
2 1 0.029123 0.317358 0.482849 0.001236 0.169434
1 1 0.391405 0.411373 0.146888 0.002073 0.048261
2 1 0.086252 0.402892 0.473509 0.002170 0.035177
0 0 0.838539 0.109567 0.033755 0.001153 0.016986
0 0 0.762940 0.166930 0.046900 0.001990 0.021240
0 1 0.531224 0.341855 0.090675 0.002197 0.034050
1 1 0.164988 0.508405 0.257342 0.005997 0.063268
1 1 0.240895 0.495099 0.148073 0.000520 0.115412
0 0 0.901043 0.056586 0.022057 0.001801 0.018512
0 0 0.846927 0.105996 0.029093 0.001173 0.016810
0 0 0.906229 0.050199 0.021591 0.002224 0.019757
0 0 0.847313 0.103331 0.031560 0.001120 0.016675
0 0 0.892846 0.068623 0.021609 0.001123 0.015798
0 0 0.882969 0.069379 0.026697 0.001817 0.019138
0 0 0.876488 0.059754 0.033307 0.004262 0.026190
0 0 0.865754 0.094805 0.024614 0.000750 0.014077
0 0 0.920288 0.047932 0.015627 0.001135 0.015018
0 0 0.842468 0.093767 0.039372 0.002350 0.022043
0 0 0.740451 0.127911 0.089660 0.007718 0.034260
0 0 0.868924 0.071479 0.033511 0.002921 0.023165
0 0 0.920925 0.042865 0.016922 0.001753 0.017536
0 0 0.895751 0.068852 0.019905 0.000916 0.014576
0 0 0.846962 0.083520 0.041144 0.003369 0.025005
0 0 0.924720 0.044195 0.014796 0.001189 0.015100
0 0 0.915851 0.049820 0.017106 0.001296 0.015927
0 0 0.895659 0.067980 0.020346 0.000993 0.015023
0 0 0.856351 0.103104 0.025949 0.000706 0.013890
0 0 0.833465 0.123296 0.029119 0.000622 0.013498
0 0 0.812307 0.128946 0.040003 0.001197 0.017547
0 0 0.894400 0.070014 0.020127 0.000907 0.014553
0 0 0.887412 0.075938 0.021240 0.000879 0.014531
0 0 0.849925 0.108754 0.026861 0.000680 0.013779
0 0 0.812939 0.137115 0.034603 0.000738 0.014605
0 0 0.801997 0.142998 0.038524 0.000866 0.015614
0 0 0.774431 0.157968 0.047234 0.001425 0.018942
0 0 0.857324 0.102251 0.025809 0.000710 0.013907
0 0 0.857945 0.101051 0.026084 0.000747 0.014173
0 0 0.688505 0.242950 0.047677 0.001580 0.019287
0 0 0.724174 0.206314 0.042551 0.001365 0.025597
0 0 0.781805 0.167656 0.035389 0.000713 0.014438
0 0 0.762630 0.164601 0.050998 0.001660 0.020110
0 0 0.507020 0.355953 0.084755 0.001391 0.050882
0 0 0.712022 0.218610 0.045210 0.000649 0.023509
0 0 0.753794 0.177134 0.051036 0.001031 0.017005
0 0 0.610860 0.257919 0.107198 0.002258 0.021765
0 0 0.892502 0.071648 0.020437 0.000894 0.014519
0 0 0.840590 0.114887 0.027873 0.000970 0.015679
0 0 0.791910 0.156492 0.033952 0.001069 0.016578
0 0 0.713597 0.224141 0.042307 0.001430 0.018525
0 0 0.837545 0.119682 0.028569 0.000636 0.013568
0 0 0.642115 0.256917 0.077720 0.001911 0.021338
0 0 0.672886 0.244756 0.055679 0.002812 0.023867
0 0 0.885794 0.077439 0.021515 0.000852 0.014401
0 0 0.914400 0.052917 0.016700 0.001072 0.014911
0 0 0.840841 0.116339 0.028064 0.000707 0.014049
0 0 0.582364 0.284613 0.105311 0.002909 0.024803
0 0 0.731411 0.206724 0.047225 0.000616 0.014023
1 1 0.365631 0.405601 0.169828 0.002242 0.056699
1 1 0.290454 0.432498 0.141381 0.001292 0.134376
1 1 0.129845 0.484186 0.252488 0.001404 0.132077
2 1 0.021950 0.212108 0.703941 0.006969 0.055032
2 1 0.041598 0.349994 0.561467 0.001961 0.044979
1 1 0.058366 0.536610 0.290469 0.000560 0.113994
1 1 0.067752 0.518137 0.253775 0.001759 0.158578
0 1 0.542434 0.299863 0.121341 0.001119 0.035244
1 1 0.221059 0.483527 0.100610 0.001183 0.193623
2 1 0.025178 0.408213 0.428704 0.001782 0.136124
2 1 0.015389 0.146514 0.824412 0.003576 0.010109
2 1 0.001742 0.081124 0.910196 0.003952 0.002986
2 1 0.050690 0.217645 0.685997 0.002952 0.042717
2 1 0.005963 0.098756 0.863782 0.022236 0.009262
2 1 0.003124 0.115101 0.868001 0.005321 0.008452
2 1 0.011426 0.183548 0.750864 0.005081 0.049081
2 1 0.000812 0.032256 0.955707 0.010210 0.001015
2 1 0.000128 0.011860 0.973530 0.014139 0.000342
2 1 0.000999 0.038674 0.937299 0.019633 0.003395
2 1 0.017536 0.125604 0.844710 0.006299 0.005851
1 1 0.178376 0.494597 0.275662 0.001612 0.049753
0 1 0.574022 0.285770 0.115511 0.002179 0.022519
1 1 0.390421 0.460479 0.090868 0.001150 0.057081
2 1 0.015446 0.290063 0.607410 0.009604 0.077477
2 1 0.000660 0.042007 0.949463 0.006879 0.000991
2 1 0.000133 0.013029 0.974119 0.012295 0.000424
2 1 0.011912 0.204474 0.746077 0.012243 0.025293
2 1 0.000170 0.020443 0.976455 0.001845 0.001086
2 1 0.003328 0.074662 0.917478 0.001142 0.003389
2 1 0.020983 0.201951 0.731898 0.002673 0.042495
2 1 0.000015 0.002952 0.960966 0.036047 0.000020
2 1 0.000050 0.004932 0.934768 0.060210 0.000040
2 1 0.001165 0.052933 0.936010 0.003669 0.006223
1 1 0.096857 0.499550 0.373441 0.001933 0.028218
2 1 0.002620 0.044649 0.887507 0.062786 0.002438
2 1 0.000051 0.007895 0.982035 0.009823 0.000196
2 1 0.000832 0.055693 0.920782 0.017323 0.005370
2 1 0.000331 0.010192 0.864151 0.125207 0.000119
2 1 0.001877 0.071471 0.913183 0.007017 0.006452
2 1 0.003111 0.073497 0.909103 0.008061 0.006228
2 1 0.020231 0.227431 0.730623 0.000454 0.021261
0 1 0.632034 0.259960 0.087067 0.001446 0.019493
1 1 0.124153 0.543472 0.292781 0.001155 0.038439
2 1 0.049256 0.306855 0.627736 0.003007 0.013145
2 1 0.036992 0.207994 0.740427 0.005241 0.009346
2 1 0.008957 0.132268 0.840433 0.012017 0.006325
2 1 0.046750 0.315203 0.619336 0.001747 0.016964
2 1 0.008022 0.142851 0.840415 0.001662 0.007050
2 1 0.039769 0.256460 0.681454 0.003398 0.018919
1 1 0.092275 0.458365 0.401917 0.002787 0.044655
1 1 0.144473 0.460450 0.366513 0.002133 0.026431
2 1 0.043948 0.327224 0.491853 0.006632 0.130343
2 1 0.023004 0.204469 0.757261 0.002417 0.012849
2 1 0.042442 0.365106 0.538868 0.004302 0.049282
2 1 0.054066 0.327445 0.576049 0.003226 0.039214
1 1 0.081805 0.502242 0.369472 0.001973 0.044508
2 1 0.042997 0.398574 0.500864 0.000602 0.056963
1 1 0.114564 0.445401 0.349557 0.005643 0.084835
2 1 0.047697 0.411164 0.440434 0.001634 0.099070
0 1 0.546415 0.333961 0.063862 0.001011 0.054750
1 1 0.131341 0.444981 0.267096 0.001444 0.155138
0 1 0.768893 0.117935 0.071918 0.006804 0.034450
0 0 0.872314 0.081816 0.027250 0.001326 0.017294
0 0 0.865016 0.094518 0.025225 0.000801 0.014440
0 0 0.895049 0.058280 0.024494 0.002168 0.020009
0 0 0.937591 0.032745 0.012410 0.001497 0.015758
0 0 0.796360 0.109218 0.060653 0.004625 0.029144
0 0 0.881675 0.073820 0.025537 0.001425 0.017543
0 0 0.950129 0.022619 0.009396 0.001842 0.016014
0 0 0.932816 0.037407 0.013221 0.001305 0.015252
0 0 0.918582 0.049196 0.016004 0.001136 0.015082
0 0 0.922371 0.046174 0.015239 0.001160 0.015057
0 0 0.907072 0.059154 0.017991 0.001004 0.014778
0 0 0.759541 0.153502 0.061916 0.002254 0.022786
0 0 0.880147 0.072329 0.027031 0.001707 0.018786
0 0 0.825383 0.117087 0.038122 0.001326 0.018083
0 0 0.815437 0.134422 0.034112 0.000831 0.015199
1 0 0.404107 0.404276 0.074533 0.001908 0.115176
1 1 0.239065 0.432122 0.072545 0.009620 0.246647
1 1 0.213742 0.451606 0.073616 0.008669 0.252367
1 1 0.299993 0.330898 0.085157 0.002424 0.281528
1 1 0.259355 0.337605 0.060525 0.035985 0.306530
4 1 0.176604 0.365588 0.070355 0.002622 0.384830
1 1 0.144112 0.563624 0.073085 0.015785 0.203393
1 1 0.240758 0.472979 0.076478 0.006194 0.203591
1 1 0.106544 0.473472 0.067781 0.011311 0.340893
4 1 0.058998 0.280134 0.051576 0.001602 0.607690
4 4 0.035457 0.246204 0.097941 0.009379 0.611019
4 4 0.073344 0.226266 0.108326 0.003100 0.588965
4 4 0.020610 0.098045 0.116994 0.003778 0.760574
4 4 0.069001 0.119562 0.040558 0.000379 0.770499
4 4 0.228462 0.162998 0.087974 0.002090 0.518476
1 4 0.071222 0.588591 0.078053 0.001045 0.261088
4 4 0.070588 0.164098 0.093340 0.001627 0.670346
4 4 0.098905 0.093998 0.030744 0.000566 0.775787
1 4 0.141533 0.415513 0.144482 0.003182 0.295290
1 4 0.068180 0.586642 0.075622 0.001639 0.267916
4 4 0.165943 0.240145 0.085811 0.002788 0.505314
1 4 0.135808 0.541369 0.084217 0.000906 0.237699
1 4 0.162710 0.501811 0.074319 0.008906 0.252253
1 4 0.155017 0.464683 0.114002 0.004045 0.262253
4 4 0.189286 0.272684 0.074050 0.002940 0.461040
4 4 0.024349 0.033904 0.021010 0.003939 0.916798
4 4 0.223327 0.232642 0.098038 0.002722 0.443272
1 4 0.135605 0.462037 0.089601 0.002763 0.309994
4 4 0.078449 0.256759 0.136285 0.011853 0.516655
4 4 0.029533 0.041298 0.014785 0.000392 0.913992
4 4 0.033119 0.044660 0.018257 0.002125 0.901840
4 4 0.058636 0.106256 0.043601 0.002323 0.789184
4 4 0.115239 0.121427 0.067460 0.001238 0.694635
4 4 0.150964 0.193994 0.048397 0.002389 0.604256
1 4 0.231715 0.544029 0.079408 0.004583 0.140264
1 4 0.314634 0.492994 0.081570 0.001297 0.109505
1 4 0.239378 0.465034 0.092202 0.001238 0.202148
1 4 0.323889 0.437752 0.076742 0.003328 0.158290
1 4 0.118934 0.472360 0.181535 0.003174 0.223998
0 4 0.362452 0.308044 0.067218 0.003759 0.258528
1 4 0.241276 0.409592 0.138999 0.001210 0.208923
1 4 0.251939 0.560285 0.080565 0.002780 0.104432
1 4 0.233148 0.509408 0.074921 0.011452 0.171071
1 4 0.151667 0.423161 0.068597 0.009882 0.346693
1 4 0.302553 0.438222 0.090422 0.000521 0.168282
2 4 0.005176 0.318447 0.587850 0.001349 0.087178
1 4 0.088735 0.498375 0.281813 0.002145 0.128932
1 4 0.143126 0.507088 0.150270 0.005309 0.194206
4 4 0.185553 0.329385 0.083275 0.000714 0.401071
4 4 0.149631 0.123103 0.056467 0.000417 0.670382
1 4 0.255041 0.444181 0.084256 0.002863 0.213659
1 4 0.159852 0.553240 0.131810 0.004055 0.151042
2 4 0.017235 0.242788 0.418728 0.001581 0.319668
4 4 0.049764 0.029204 0.012503 0.000552 0.907978
4 4 0.025077 0.150895 0.142415 0.006743 0.674870
4 4 0.038693 0.029240 0.014494 0.002239 0.915335
0 4 0.463728 0.179313 0.093318 0.001340 0.262302
1 4 0.227531 0.542148 0.077263 0.007591 0.145467
1 4 0.188410 0.439877 0.084610 0.002214 0.284889
1 4 0.144681 0.473100 0.205738 0.000521 0.175959
1 4 0.242992 0.510992 0.102483 0.001958 0.141574
1 4 0.133473 0.504141 0.185291 0.001833 0.175262
1 4 0.138163 0.482351 0.283439 0.001017 0.095031
1 4 0.092423 0.509240 0.304055 0.002139 0.092143
2 4 0.003392 0.182875 0.772721 0.006861 0.034151
2 4 0.006144 0.151127 0.820614 0.001745 0.020370
2 4 0.011452 0.170610 0.800133 0.003658 0.014147
2 4 0.011116 0.221858 0.725145 0.002797 0.039084
2 4 0.011140 0.285728 0.658304 0.000837 0.043991
2 4 0.036238 0.395512 0.447468 0.000881 0.119901
1 4 0.236101 0.499561 0.205120 0.000707 0.058511
1 4 0.122113 0.512849 0.270414 0.000776 0.093848
1 4 0.089627 0.495347 0.306375 0.004057 0.104595
1 4 0.111033 0.470008 0.258830 0.005089 0.155040
1 4 0.138707 0.497225 0.303660 0.001203 0.059206
2 4 0.019466 0.300818 0.618505 0.000643 0.060568
1 4 0.221735 0.421699 0.187909 0.002102 0.166555
0 4 0.889641 0.074115 0.020900 0.000875 0.014469
0 4 0.868817 0.088630 0.023568 0.001437 0.017548
0 4 0.834159 0.100082 0.029179 0.000984 0.035596
0 4 0.873898 0.070770 0.030825 0.002566 0.021941
0 4 0.904409 0.058005 0.019212 0.001452 0.016923
0 4 0.850785 0.097305 0.028817 0.002207 0.020886
1 4 0.354171 0.467010 0.112721 0.006254 0.059845
0 4 0.595206 0.296651 0.056073 0.002648 0.049423
1 4 0.073869 0.526420 0.208866 0.001892 0.188953
1 4 0.220477 0.440344 0.078866 0.002168 0.258146
1 4 0.017796 0.445649 0.350095 0.000981 0.185480
2 4 0.025969 0.413877 0.424288 0.002593 0.133274
1 4 0.269717 0.495563 0.085772 0.000766 0.148182
1 4 0.169140 0.466816 0.116410 0.002744 0.244890
1 4 0.061071 0.478666 0.306723 0.004988 0.148552
2 1 0.022734 0.277636 0.649934 0.000463 0.049233
2 1 0.091723 0.327331 0.500406 0.002344 0.078195
1 1 0.066501 0.525916 0.213959 0.001362 0.192262
2 2 0.007609 0.107843 0.835654 0.039445 0.009450
1 2 0.057475 0.465177 0.252630 0.000626 0.224092
2 2 0.047133 0.416820 0.435989 0.001903 0.098155
2 2 0.021718 0.263256 0.628067 0.011421 0.075538
2 1 0.042478 0.317800 0.617268 0.001437 0.021017
1 1 0.086251 0.476375 0.319554 0.007625 0.110195
2 1 0.013798 0.226186 0.727558 0.003324 0.029135
2 1 0.040244 0.304159 0.603628 0.000862 0.051107
2 1 0.002335 0.085156 0.895552 0.005013 0.011944
2 1 0.001429 0.082234 0.906877 0.000546 0.008914
2 2 0.002969 0.076610 0.897852 0.013847 0.008722
2 2 0.001335 0.077786 0.900590 0.011599 0.008690
2 2 0.003477 0.096709 0.884406 0.003519 0.011890
2 2 0.002689 0.133530 0.832108 0.003533 0.028141
2 2 0.005017 0.078145 0.910432 0.001869 0.004538
1 2 0.099123 0.457229 0.265546 0.003871 0.174231
1 2 0.342976 0.432029 0.187409 0.001261 0.036326
1 2 0.161928 0.521211 0.170853 0.000795 0.145213
1 2 0.152131 0.521482 0.245144 0.002065 0.079177
2 2 0.036506 0.266450 0.666676 0.003637 0.026730
2 1 0.100745 0.380730 0.445984 0.003596 0.068945
1 1 0.123518 0.436204 0.221490 0.000692 0.218097
1 1 0.149591 0.474294 0.160555 0.001745 0.213815
0 0 0.871269 0.090053 0.023758 0.000773 0.014147
1 1 0.204186 0.557005 0.119603 0.001788 0.117418
1 1 0.318745 0.479464 0.088566 0.001023 0.112202
1 1 0.175251 0.473527 0.203559 0.000809 0.146854
1 1 0.056963 0.503999 0.342811 0.007165 0.089062
2 1 0.016163 0.287108 0.663217 0.003306 0.030205
2 1 0.005672 0.232847 0.703212 0.000872 0.057397
2 1 0.044478 0.340318 0.543159 0.003668 0.068377
2 1 0.031294 0.306337 0.639163 0.002491 0.020714
1 1 0.182432 0.447569 0.281765 0.000463 0.087771
1 1 0.201216 0.499196 0.202921 0.001855 0.094812
1 1 0.199933 0.467782 0.253933 0.000837 0.077515
1 1 0.404426 0.435500 0.108593 0.000520 0.050961
1 1 0.076429 0.508222 0.278766 0.004974 0.131609
2 1 0.063191 0.369649 0.523904 0.001779 0.041477
1 0 0.186692 0.473501 0.169827 0.000610 0.169371
1 1 0.281306 0.523897 0.083772 0.002060 0.108966
1 1 0.252900 0.512126 0.125429 0.006942 0.102604
1 1 0.207218 0.466325 0.233583 0.001724 0.091149
1 1 0.050437 0.502677 0.334172 0.003286 0.109428
2 1 0.038814 0.304382 0.604003 0.000559 0.052243
0 0 0.769988 0.159592 0.048992 0.001607 0.019820
1 1 0.210111 0.543063 0.111111 0.009132 0.126583
1 1 0.192313 0.570999 0.109786 0.003010 0.123892
0 1 0.479487 0.384009 0.068251 0.001802 0.066451
0 0 0.837618 0.117089 0.028224 0.001030 0.016039
0 0 0.812337 0.136973 0.031367 0.001292 0.018031
0 0 0.649101 0.249397 0.064339 0.001039 0.036125
0 0 0.851239 0.105287 0.026349 0.001063 0.016061
0 0 0.879475 0.080730 0.022148 0.001223 0.016424
0 0 0.874438 0.079880 0.026922 0.001358 0.017402
0 0 0.926566 0.030640 0.016269 0.003903 0.022622
0 0 0.886933 0.060154 0.026227 0.003306 0.023379
0 0 0.909677 0.048332 0.020516 0.002138 0.019338
0 0 0.888176 0.063047 0.026349 0.002172 0.020256
0 0 0.906188 0.049548 0.021800 0.002341 0.020122
0 0 0.924156 0.037112 0.016927 0.002399 0.019406
0 0 0.910370 0.056343 0.017416 0.001033 0.014838
0 0 0.932563 0.036774 0.013497 0.001423 0.015743
0 0 0.909805 0.047952 0.020565 0.002188 0.019490
0 0 0.887807 0.065361 0.025680 0.001888 0.019265
0 0 0.933120 0.037153 0.013160 0.001310 0.015257
0 0 0.907722 0.055270 0.019170 0.001356 0.016482
0 0 0.880802 0.059771 0.031167 0.003639 0.024621
0 0 0.881768 0.080925 0.022148 0.000828 0.014330
0 0 0.896484 0.053169 0.025379 0.002884 0.022084
0 0 0.936509 0.030610 0.013258 0.002030 0.017593
0 0 0.950564 0.022711 0.009419 0.001706 0.015601
0 0 0.958619 0.016119 0.007451 0.002037 0.015773
0 0 0.813285 0.098875 0.054696 0.004531 0.028614
0 0 0.878948 0.083372 0.022587 0.000812 0.014281
0 0 0.941415 0.030254 0.011449 0.001465 0.015417
0 0 0.894682 0.069197 0.020341 0.000954 0.014826
0 0 0.901879 0.063594 0.018881 0.000961 0.014685
0 0 0.920670 0.047610 0.015556 0.001139 0.015025
0 0 0.575304 0.290594 0.072420 0.000362 0.061320
0 0 0.930910 0.028761 0.015552 0.003403 0.021374
0 0 0.862143 0.070813 0.037379 0.003861 0.025804
0 0 0.914152 0.053128 0.016744 0.001070 0.014906
0 0 0.897578 0.067282 0.019602 0.000929 0.014609
0 0 0.816655 0.120700 0.041843 0.001545 0.019257
0 0 0.823851 0.123425 0.035490 0.000994 0.016241
0 0 0.856695 0.100338 0.026886 0.000901 0.015180
0 0 0.737415 0.193120 0.052380 0.000897 0.016189
0 0 0.807023 0.138587 0.037782 0.000888 0.015720
0 0 0.636468 0.275726 0.069153 0.000569 0.018084
0 0 0.646181 0.254244 0.079855 0.001250 0.018471
0 0 0.849694 0.092510 0.035605 0.001908 0.020282
0 0 0.922098 0.045888 0.015181 0.001276 0.015556
0 0 0.872258 0.087270 0.023308 0.001118 0.016046
0 0 0.756010 0.119965 0.076320 0.004389 0.043317
0 0 0.914039 0.042101 0.020146 0.002765 0.020949
0 0 0.930032 0.032118 0.015481 0.002651 0.019717
0 0 0.930627 0.038558 0.013846 0.001365 0.015604
0 0 0.910191 0.055311 0.017908 0.001150 0.015440
0 1 0.497142 0.335793 0.066945 0.001956 0.098164
1 1 0.240733 0.472887 0.082199 0.001606 0.202574
1 1 0.261509 0.454818 0.071047 0.017999 0.194626
1 1 0.242520 0.438243 0.070358 0.017432 0.231446
1 1 0.297044 0.407953 0.076905 0.002520 0.215579
0 1 0.519955 0.295447 0.065484 0.001296 0.117819
1 1 0.233037 0.524418 0.104297 0.003881 0.134366
4 4 0.109628 0.233081 0.088238 0.004830 0.564224
4 4 0.021376 0.060888 0.045656 0.012385 0.859695
4 4 0.014463 0.026322 0.020990 0.022349 0.915877
4 4 0.038337 0.136799 0.061559 0.002085 0.761220
4 4 0.012914 0.038031 0.041343 0.001932 0.905779
4 4 0.109648 0.054472 0.021054 0.001311 0.813515
4 4 0.045150 0.117954 0.045010 0.001571 0.790315
4 4 0.069674 0.039572 0.018966 0.001869 0.869919
4 4 0.038291 0.059279 0.090730 0.006767 0.804933
4 4 0.144041 0.095677 0.053535 0.001229 0.705518
4 4 0.165389 0.176210 0.044433 0.005230 0.608738
4 4 0.016778 0.037184 0.021865 0.003476 0.920697
4 4 0.109126 0.374950 0.107009 0.001256 0.407659
4 4 0.152952 0.321398 0.085675 0.006017 0.433957
4 4 0.075299 0.300792 0.065133 0.000106 0.558670
4 4 0.059234 0.134372 0.091811 0.008191 0.706393
4 4 0.045038 0.062273 0.027124 0.000374 0.865191
4 4 0.152510 0.108733 0.037766 0.000313 0.700678
0 4 0.668326 0.255259 0.055443 0.001566 0.019405
4 4 0.173688 0.294924 0.089765 0.002763 0.438859
1 4 0.260335 0.428289 0.077142 0.003177 0.231057
1 4 0.064008 0.461380 0.111463 0.002325 0.360824
1 4 0.058718 0.422519 0.181552 0.001679 0.335532
4 4 0.100001 0.361717 0.079670 0.001405 0.457207
4 4 0.045588 0.127452 0.053494 0.000839 0.772626
4 4 0.177131 0.245327 0.059084 0.001540 0.516917
1 4 0.087723 0.357198 0.279244 0.015724 0.260111
4 4 0.049029 0.396299 0.153082 0.003740 0.397850
4 4 0.002139 0.023886 0.050341 0.007432 0.916203
4 4 0.034536 0.110935 0.065840 0.004023 0.784665
4 4 0.055579 0.112366 0.065065 0.002544 0.764445
1 4 0.092251 0.451620 0.186341 0.001498 0.268290
4 4 0.071967 0.255565 0.090256 0.002517 0.579696
4 4 0.063157 0.309096 0.198086 0.010350 0.419310
4 4 0.015231 0.037443 0.027358 0.000500 0.919469
4 4 0.093795 0.217748 0.070154 0.005312 0.612990
1 4 0.150047 0.458161 0.166178 0.000848 0.224766
1 4 0.058855 0.592693 0.105216 0.001535 0.241701
4 4 0.152612 0.244536 0.101387 0.001091 0.500374
4 4 0.053511 0.275340 0.125047 0.009055 0.537048
4 4 0.115346 0.334718 0.119405 0.001658 0.428872
1 4 0.045543 0.490556 0.123008 0.002040 0.338853
1 4 0.076602 0.409282 0.190331 0.000747 0.323038
1 4 0.125875 0.514347 0.166517 0.005889 0.187372
4 4 0.008214 0.033207 0.025263 0.003579 0.929738
4 4 0.026966 0.045041 0.019361 0.001279 0.907353
4 4 0.059921 0.162545 0.088015 0.000830 0.688689
1 4 0.113887 0.522956 0.089829 0.005516 0.267812
1 4 0.041807 0.457320 0.245189 0.002431 0.253253
4 4 0.047716 0.186129 0.107061 0.003533 0.655562
1 4 0.111242 0.446265 0.125690 0.001088 0.315715
1 4 0.060196 0.494129 0.180134 0.000694 0.264847
1 1 0.098834 0.439492 0.085581 0.000599 0.375494
1 1 0.155389 0.449750 0.096124 0.005479 0.293258
1 1 0.036095 0.437522 0.205819 0.002613 0.317952
1 1 0.140576 0.515211 0.102925 0.002048 0.239240
1 1 0.036428 0.428783 0.168995 0.001482 0.364311
1 1 0.063373 0.484874 0.227207 0.001870 0.222677
4 1 0.106411 0.185294 0.047290 0.000680 0.660325
4 1 0.116042 0.355472 0.094179 0.001664 0.432644
1 1 0.051422 0.514504 0.151542 0.002140 0.280391
1 1 0.124316 0.598330 0.116407 0.002490 0.158457
1 1 0.122397 0.502732 0.228788 0.001731 0.144352
1 1 0.067756 0.461862 0.153936 0.001452 0.314995
1 1 0.219807 0.485936 0.121767 0.001105 0.171384
1 1 0.030436 0.412601 0.312308 0.006185 0.238470
2 1 0.003484 0.101534 0.883200 0.001595 0.010187
1 1 0.094151 0.555277 0.171393 0.002444 0.176734
1 1 0.052462 0.479229 0.380847 0.001288 0.086174
2 1 0.000715 0.073447 0.901029 0.003514 0.021296
1 1 0.034476 0.434041 0.390770 0.001020 0.139693
2 2 0.004567 0.150198 0.791797 0.004776 0.048661
0 2 0.550242 0.276050 0.083706 0.014834 0.075168
1 2 0.164473 0.543360 0.156329 0.001175 0.134663
1 2 0.151605 0.428703 0.098829 0.003839 0.317025
2 2 0.031869 0.328176 0.498831 0.006005 0.135119
1 2 0.071554 0.427313 0.395736 0.000898 0.104499
1 2 0.386800 0.465030 0.089344 0.000494 0.058332
1 2 0.124807 0.390038 0.353099 0.003351 0.128704
1 1 0.104136 0.429943 0.287017 0.000833 0.178071
1 1 0.178098 0.539147 0.195685 0.000658 0.086412
1 1 0.242121 0.473576 0.089001 0.000342 0.194959
1 1 0.136673 0.524722 0.206086 0.000909 0.131610
1 1 0.083020 0.521090 0.210136 0.001231 0.184522
0 0 0.573079 0.313128 0.062289 0.000694 0.050811
0 0 0.734426 0.174348 0.063586 0.002872 0.024768
1 1 0.217500 0.394637 0.099866 0.003939 0.284057
1 1 0.149158 0.604429 0.104563 0.003403 0.138448
2 1 0.019478 0.281013 0.651759 0.000908 0.046842
2 1 0.009691 0.221455 0.737347 0.000693 0.030814
1 2 0.051056 0.455018 0.410507 0.001748 0.081672
2 2 0.001494 0.090960 0.895880 0.002198 0.009467
2 2 0.002160 0.058685 0.936157 0.001324 0.001675
2 2 0.001052 0.040332 0.949842 0.006986 0.001787
2 2 0.007262 0.285302 0.644278 0.000273 0.062885
2 2 0.040048 0.337022 0.498634 0.004094 0.120203
2 2 0.005661 0.234092 0.694888 0.004049 0.061310
2 2 0.001530 0.103630 0.884075 0.001869 0.008896
2 2 0.005182 0.166473 0.810715 0.000207 0.017423
2 2 0.000316 0.029226 0.967107 0.001188 0.002162
2 2 0.000737 0.056468 0.938343 0.001289 0.003164
2 2 0.000317 0.032363 0.957107 0.008421 0.001792
2 2 0.000022 0.005417 0.985635 0.008843 0.000082
2 2 0.000015 0.003323 0.968563 0.027950 0.000149
2 2 0.000041 0.006593 0.955627 0.037468 0.000271
2 2 0.000115 0.005302 0.896556 0.097935 0.000091
2 2 0.000013 0.001851 0.925421 0.072699 0.000015
2 2 0.000131 0.004708 0.857377 0.137702 0.000082
2 2 0.000208 0.008077 0.943411 0.048136 0.000169
2 2 0.000387 0.009535 0.816391 0.173099 0.000588
2 2 0.000018 0.002232 0.916028 0.081693 0.000030
2 2 0.000476 0.009271 0.607811 0.382167 0.000276
3 2 0.000002 0.000189 0.296817 0.702989 0.000003
2 2 0.000066 0.002250 0.550766 0.446885 0.000033
3 2 0.000046 0.001028 0.244370 0.754513 0.000043
3 2 0.000343 0.007844 0.430039 0.561310 0.000464
3 2 0.000167 0.002251 0.374169 0.623341 0.000072
2 2 0.000258 0.009075 0.803961 0.186226 0.000480
2 2 0.000227 0.004796 0.504023 0.490833 0.000121
2 2 0.011217 0.038674 0.857803 0.090745 0.001561
0 0 0.488607 0.346819 0.141086 0.002071 0.021418
1 1 0.103679 0.506915 0.332857 0.003168 0.053382
2 1 0.066134 0.401760 0.501047 0.000654 0.030405
1 1 0.134321 0.544959 0.287181 0.000399 0.033139
1 1 0.122820 0.588328 0.204376 0.000886 0.083591
1 1 0.029916 0.462937 0.446479 0.003230 0.057437
2 1 0.022574 0.292640 0.651462 0.000420 0.032904
1 1 0.111124 0.566624 0.170284 0.000552 0.151416
1 1 0.095318 0.553697 0.297169 0.000091 0.053726
2 1 0.018737 0.416961 0.491376 0.001232 0.071694
1 1 0.039818 0.459531 0.365972 0.001562 0.133117
2 1 0.005733 0.138402 0.846336 0.000522 0.009008
1 1 0.077024 0.497600 0.278524 0.001005 0.145846
1 1 0.048621 0.530981 0.338465 0.000606 0.081328
1 1 0.138474 0.628655 0.122191 0.000965 0.109716
1 1 0.062301 0.525768 0.273936 0.004624 0.133371
2 1 0.012881 0.335606 0.587981 0.001174 0.062357
1 1 0.077673 0.481063 0.303132 0.000299 0.137833
2 1 0.043829 0.402412 0.483075 0.000831 0.069854
1 1 0.354725 0.501159 0.075842 0.002015 0.066258
1 1 0.286774 0.475846 0.081262 0.001830 0.154288
1 1 0.141311 0.466685 0.120167 0.001078 0.270758
1 1 0.309686 0.541666 0.075892 0.003462 0.069293
1 1 0.328793 0.464718 0.078683 0.002239 0.125567
1 1 0.226800 0.476181 0.082378 0.001553 0.213089
1 1 0.126897 0.557376 0.153898 0.001398 0.160431
1 1 0.161184 0.540962 0.113216 0.000495 0.184142
1 1 0.188340 0.596471 0.087357 0.000780 0.127053
1 1 0.123534 0.572231 0.177846 0.000495 0.125894
1 1 0.162902 0.554202 0.156683 0.002972 0.123241
1 1 0.244560 0.526720 0.119138 0.002806 0.106776
1 1 0.094104 0.471290 0.179814 0.000595 0.254198
0 1 0.386464 0.372922 0.111127 0.000093 0.129394
0 1 0.527938 0.344112 0.060861 0.004675 0.062414
1 1 0.130710 0.563399 0.150914 0.001903 0.153075
1 1 0.111757 0.554799 0.187013 0.001803 0.144627
1 1 0.033354 0.449308 0.389785 0.000385 0.127167
2 1 0.018742 0.327104 0.594320 0.002149 0.057685
2 1 0.019614 0.346237 0.590468 0.000226 0.043454
2 1 0.009513 0.268548 0.672182 0.002689 0.047067
2 1 0.046144 0.391508 0.424997 0.001885 0.135465
2 1 0.006204 0.119838 0.861263 0.005086 0.007609
2 2 0.034183 0.358290 0.578900 0.000410 0.028217
1 2 0.051923 0.499422 0.299895 0.003680 0.145081
2 2 0.058212 0.369154 0.517566 0.000247 0.054821
2 2 0.025350 0.328412 0.618919 0.000325 0.026994
2 2 0.019061 0.207314 0.757315 0.001153 0.015157
1 2 0.065689 0.459091 0.311033 0.004088 0.160099
2 2 0.007192 0.200881 0.765234 0.002061 0.024632
2 2 0.007217 0.179847 0.791282 0.001044 0.020610
2 2 0.008270 0.194411 0.775180 0.001809 0.020329
2 2 0.008147 0.119340 0.863427 0.002135 0.006951
2 2 0.019530 0.287749 0.656476 0.001477 0.034768
2 2 0.012430 0.299036 0.612638 0.002657 0.073240
2 2 0.014375 0.229873 0.725954 0.005736 0.024062
2 2 0.007184 0.119860 0.860067 0.002080 0.010809
2 2 0.019476 0.261862 0.660498 0.001643 0.056521
1 2 0.289072 0.482262 0.115409 0.001145 0.112112
1 2 0.390508 0.459143 0.081606 0.001228 0.067515
1 2 0.062811 0.549083 0.317057 0.001899 0.069150
1 2 0.274594 0.534343 0.085259 0.000784 0.105019
2 2 0.014449 0.419014 0.500918 0.000412 0.065207
1 2 0.105471 0.492897 0.234882 0.001438 0.165311
1 2 0.104028 0.540592 0.194966 0.000692 0.159722
1 2 0.392934 0.440018 0.077331 0.001072 0.088645
1 1 0.123283 0.491030 0.180803 0.000844 0.204040
1 1 0.124874 0.543023 0.160890 0.000197 0.171015
1 0 0.404351 0.454754 0.070783 0.003710 0.066402
1 0 0.197874 0.520686 0.080769 0.003060 0.197611
0 0 0.748142 0.172302 0.058382 0.001507 0.019666
0 0 0.832545 0.115193 0.033402 0.001275 0.017586
0 0 0.828266 0.121864 0.033459 0.000889 0.015522
0 0 0.554456 0.300374 0.061040 0.002374 0.081757
0 0 0.378991 0.377979 0.081312 0.000375 0.161343
0 0 0.419803 0.358762 0.070276 0.003329 0.147831
0 0 0.551896 0.323099 0.060616 0.002676 0.061713
1 0 0.380781 0.422777 0.075409 0.002313 0.118720
0 0 0.530188 0.348255 0.064208 0.001450 0.055900
1 0 0.160455 0.526792 0.154548 0.002975 0.155229
1 1 0.183214 0.513798 0.077277 0.006026 0.219685
1 1 0.080535 0.469130 0.142554 0.004566 0.303215
1 1 0.038754 0.446536 0.092081 0.004958 0.417671
4 1 0.025105 0.333790 0.086316 0.004087 0.550702
4 1 0.116799 0.260737 0.060350 0.000439 0.561676
0 1 0.372175 0.280344 0.073142 0.000332 0.274007
1 1 0.272778 0.547313 0.084699 0.000827 0.094383
1 4 0.204712 0.350632 0.100615 0.000937 0.343104
4 4 0.273264 0.315158 0.071273 0.001281 0.339024
4 4 0.069672 0.128948 0.048580 0.002020 0.750780
4 4 0.046228 0.085759 0.059980 0.002427 0.805606
0 4 0.489782 0.220075 0.080373 0.001396 0.208374
4 4 0.100467 0.352039 0.067614 0.007710 0.472170
