0 0 0.570553 0.165439 0.039057 0.000023 0.224929
0 0 0.762659 0.071475 0.009837 0.000001 0.156029
1 0 0.281527 0.517856 0.097631 0.000008 0.102978
1 1 0.123443 0.483497 0.088334 0.000002 0.304723
1 1 0.038725 0.450049 0.237183 0.000114 0.273928
1 1 0.104149 0.480073 0.087947 0.000095 0.327736
1 1 0.051115 0.457595 0.155610 0.000257 0.335424
1 1 0.045163 0.429750 0.155333 0.000004 0.369750
4 1 0.028538 0.364641 0.129145 0.000006 0.477670
1 1 0.042770 0.444365 0.172430 0.000193 0.340242
4 1 0.047852 0.391873 0.098213 0.000001 0.462061
1 1 0.033038 0.415205 0.177516 0.000094 0.374146
1 1 0.095122 0.468063 0.096032 0.000004 0.340780
4 1 0.033620 0.388060 0.129397 0.000032 0.448891
4 4 0.106129 0.046235 0.005311 0.000000 0.842325
4 4 0.032464 0.033849 0.007397 0.000000 0.926289
4 4 0.049458 0.357447 0.065100 0.000007 0.527987
4 4 0.045564 0.394697 0.098120 0.000017 0.461601
1 4 0.126169 0.510624 0.103761 0.000052 0.259395
1 4 0.050610 0.466226 0.187342 0.000098 0.295724
1 1 0.101111 0.505961 0.131735 0.000015 0.261179
1 1 0.039968 0.416083 0.149283 0.000011 0.394656
1 1 0.058719 0.465238 0.135234 0.000753 0.340055
4 1 0.035752 0.391617 0.124050 0.000036 0.448545
4 1 0.028088 0.382030 0.167350 0.000003 0.422530
1 1 0.053761 0.463787 0.148362 0.000972 0.333118
1 1 0.053905 0.438785 0.126972 0.000025 0.380313
1 1 0.026116 0.409435 0.205682 0.003207 0.355559
1 1 0.036797 0.453800 0.336428 0.002147 0.170827
1 1 0.056366 0.458379 0.131980 0.000709 0.352566
1 1 0.055682 0.493603 0.260820 0.021260 0.168635
1 1 0.104913 0.539463 0.169637 0.005379 0.180607
1 2 0.031333 0.391667 0.391120 0.068190 0.117691
1 2 0.050292 0.433254 0.419858 0.015974 0.080623
2 2 0.009122 0.098245 0.658338 0.218719 0.015576
2 2 0.014860 0.079683 0.525176 0.361514 0.018767
2 2 0.004664 0.087022 0.815634 0.087121 0.005559
3 2 0.016329 0.049047 0.434004 0.493745 0.006875
2 2 0.015509 0.138463 0.676562 0.160579 0.008887
2 3 0.031777 0.060024 0.562216 0.340880 0.005103
2 3 0.063973 0.096785 0.421300 0.407023 0.010918
3 3 0.044092 0.073058 0.302796 0.564022 0.016032
3 3 0.014839 0.028069 0.260973 0.690532 0.005587
3 3 0.049168 0.044200 0.278555 0.619661 0.008416
3 3 0.054172 0.076723 0.217484 0.619814 0.031807
3 3 0.019596 0.027855 0.131426 0.803784 0.017339
3 3 0.025885 0.026960 0.118206 0.809860 0.019089
3 3 0.028593 0.015510 0.067869 0.869081 0.018947
3 3 0.006375 0.004647 0.031531 0.947451 0.009996
3 3 0.026690 0.014282 0.071570 0.872185 0.015274
3 3 0.027899 0.030042 0.139242 0.785701 0.017115
3 3 0.037730 0.034197 0.133027 0.773007 0.022039
3 3 0.012471 0.008439 0.053602 0.914541 0.010946
3 3 0.006106 0.004450 0.038585 0.944111 0.006748
3 3 0.017537 0.027532 0.112916 0.819799 0.022216
3 3 0.007582 0.008304 0.047617 0.923007 0.013491
3 3 0.015231 0.020593 0.075870 0.861400 0.026906
3 3 0.070959 0.040026 0.127138 0.733096 0.028780
3 3 0.016152 0.012342 0.083077 0.878557 0.009872
3 3 0.008151 0.008605 0.058784 0.914335 0.010126
3 3 0.102438 0.030917 0.092594 0.740866 0.033185
3 3 0.014307 0.010851 0.045360 0.907996 0.021486
3 3 0.005505 0.002777 0.019931 0.962979 0.008809
3 3 0.007181 0.002508 0.018301 0.963717 0.008295
3 3 0.015289 0.009573 0.041029 0.913767 0.020342
3 3 0.018295 0.016409 0.049367 0.875722 0.040208
3 3 0.023690 0.011850 0.043913 0.895658 0.024889
3 3 0.018489 0.010715 0.053259 0.901665 0.015872
3 3 0.019564 0.008577 0.044676 0.912748 0.014435
3 3 0.011087 0.004310 0.021978 0.947763 0.014862
3 3 0.007938 0.002605 0.016575 0.962625 0.010256
3 3 0.006058 0.001730 0.013545 0.971429 0.007237
3 3 0.013953 0.008432 0.034763 0.921243 0.021611
3 3 0.005245 0.002353 0.016697 0.966851 0.008854
3 3 0.008144 0.002755 0.029027 0.955460 0.004614
3 3 0.004349 0.001747 0.014562 0.972589 0.006753
3 3 0.004318 0.002112 0.013190 0.969496 0.010884
3 3 0.018529 0.010048 0.043949 0.908077 0.019396
3 3 0.006682 0.004556 0.025494 0.949773 0.013496
3 3 0.006619 0.006112 0.034820 0.938971 0.013478
3 3 0.010923 0.004888 0.019164 0.942254 0.022770
3 3 0.024504 0.009165 0.044296 0.906065 0.015969
3 3 0.013370 0.008456 0.037440 0.921348 0.019387
3 3 0.008004 0.002877 0.021356 0.959653 0.008110
3 3 0.004000 0.000974 0.009412 0.980575 0.005039
3 3 0.006533 0.001755 0.011271 0.970596 0.009845
3 3 0.008891 0.005035 0.037746 0.939997 0.008331
3 3 0.009839 0.002199 0.018367 0.963175 0.006421
3 3 0.014418 0.004484 0.018649 0.942081 0.020368
3 3 0.007946 0.005386 0.020399 0.941309 0.024960
3 3 0.009360 0.003931 0.025894 0.950844 0.009971
3 3 0.025120 0.007005 0.032890 0.918647 0.016338
3 3 0.011680 0.008505 0.036065 0.921364 0.022386
3 3 0.017154 0.027885 0.106434 0.823449 0.025077
3 3 0.011867 0.007072 0.047126 0.923873 0.010061
3 3 0.014262 0.031739 0.135542 0.797440 0.021018
3 3 0.010820 0.004894 0.039849 0.937286 0.007150
3 3 0.024066 0.011103 0.055059 0.894234 0.015538
3 3 0.009282 0.008575 0.050797 0.918747 0.012600
3 3 0.009427 0.008105 0.039097 0.925960 0.017412
3 3 0.021111 0.013704 0.095147 0.860897 0.009141
3 3 0.006922 0.004836 0.055283 0.928664 0.004295
3 3 0.008404 0.005352 0.036128 0.940162 0.009954
3 3 0.014918 0.011506 0.079009 0.884956 0.009611
3 3 0.005959 0.004293 0.038261 0.945035 0.006452
3 3 0.027581 0.010122 0.048203 0.897843 0.016251
3 3 0.012121 0.006914 0.048094 0.923517 0.009355
3 3 0.023251 0.009452 0.050239 0.903244 0.013814
3 3 0.003901 0.000723 0.008788 0.983196 0.003392
3 3 0.007357 0.002612 0.024176 0.960156 0.005698
3 3 0.007504 0.003640 0.032894 0.949867 0.006096
3 3 0.006481 0.004194 0.024085 0.952357 0.012884
3 3 0.011280 0.004877 0.031709 0.941923 0.010210
3 3 0.019474 0.008083 0.043771 0.915158 0.013513
3 3 0.012814 0.008847 0.052262 0.913766 0.012311
3 3 0.006621 0.004267 0.030966 0.949265 0.008881
3 3 0.009115 0.004747 0.027195 0.946245 0.012697
3 3 0.017592 0.006301 0.042292 0.924319 0.009496
3 3 0.015842 0.010671 0.055597 0.902956 0.014935
3 3 0.012556 0.004586 0.030871 0.942479 0.009509
3 3 0.005859 0.001789 0.016986 0.970000 0.005366
3 3 0.009482 0.005159 0.033771 0.941276 0.010312
3 3 0.008040 0.005272 0.030224 0.942314 0.014149
3 3 0.079468 0.019018 0.058645 0.813685 0.029183
3 3 0.006565 0.002201 0.018439 0.966169 0.006626
3 3 0.007633 0.001925 0.014066 0.968369 0.008006
3 3 0.009560 0.003183 0.019829 0.956779 0.010649
3 3 0.007962 0.002597 0.017226 0.962616 0.009598
3 3 0.003462 0.001898 0.017299 0.971313 0.006028
3 3 0.011396 0.002771 0.016256 0.958217 0.011359
3 3 0.019138 0.006969 0.025952 0.923735 0.024205
3 3 0.006884 0.004242 0.028463 0.950390 0.010022
3 3 0.023101 0.006251 0.025414 0.924746 0.020489
3 3 0.005829 0.002161 0.015423 0.967975 0.008613
3 3 0.007637 0.002197 0.017667 0.965527 0.006973
3 3 0.004500 0.001104 0.008787 0.978732 0.006877
3 3 0.004481 0.001168 0.015755 0.975592 0.003004
3 3 0.008915 0.003535 0.022856 0.954483 0.010210
3 3 0.005891 0.001152 0.008722 0.976925 0.007309
3 3 0.005712 0.002671 0.021133 0.962990 0.007494
3 3 0.005429 0.002292 0.019921 0.965974 0.006383
3 3 0.012783 0.003486 0.020448 0.951773 0.011510
3 3 0.006245 0.002982 0.016940 0.961128 0.012706
3 3 0.001555 0.000536 0.006615 0.987841 0.003453
3 3 0.006088 0.002615 0.011582 0.961157 0.018557
3 3 0.010962 0.002854 0.018870 0.957847 0.009465
3 3 0.015232 0.009086 0.038803 0.916490 0.020389
3 3 0.007146 0.002520 0.015473 0.963954 0.010908
3 3 0.012903 0.006230 0.029381 0.934325 0.017161
3 3 0.003827 0.000911 0.009500 0.981309 0.004452
3 3 0.007321 0.003793 0.018640 0.954107 0.016138
3 3 0.002320 0.001539 0.012258 0.976343 0.007541
3 3 0.014273 0.005529 0.035240 0.934536 0.010421
3 3 0.017042 0.011031 0.051109 0.902877 0.017942
3 3 0.034414 0.016171 0.085756 0.850099 0.013560
3 3 0.188511 0.113161 0.337490 0.345023 0.015815
3 3 0.069681 0.038373 0.263618 0.621299 0.007029
3 3 0.038549 0.065658 0.358914 0.527197 0.009683
2 2 0.027527 0.140510 0.500524 0.301460 0.029979
1 1 0.172358 0.439110 0.338344 0.012003 0.038185
1 1 0.249422 0.515148 0.189261 0.007889 0.038280
2 1 0.049514 0.276668 0.640878 0.019559 0.013380
2 1 0.015337 0.212102 0.622812 0.122588 0.027161
2 2 0.004150 0.112188 0.682069 0.181020 0.020573
2 2 0.016182 0.309756 0.393623 0.061895 0.218543
2 2 0.013706 0.244040 0.677437 0.014973 0.049844
2 2 0.011626 0.221685 0.658793 0.065392 0.042504
2 2 0.001553 0.086141 0.713789 0.173640 0.024878
2 2 0.009299 0.202528 0.672416 0.070334 0.045423
2 2 0.005607 0.144597 0.589773 0.212291 0.047733
2 2 0.012066 0.199405 0.604656 0.096214 0.087659
1 2 0.015586 0.350454 0.321448 0.042517 0.269994
2 2 0.009860 0.308225 0.385360 0.049521 0.247034
1 2 0.078098 0.516858 0.277358 0.008993 0.118692
1 2 0.124475 0.531491 0.263293 0.006403 0.074337
2 2 0.035834 0.345838 0.535310 0.033968 0.049050
2 2 0.035246 0.264367 0.658015 0.024911 0.017461
1 2 0.108730 0.478152 0.355389 0.009663 0.048067
1 2 0.173329 0.517887 0.262239 0.002376 0.044170
1 2 0.174616 0.541389 0.209948 0.000528 0.073518
0 2 0.798272 0.151566 0.033270 0.000014 0.016878
1 2 0.231581 0.504448 0.229455 0.000351 0.034166
1 2 0.173755 0.492210 0.297942 0.002735 0.033357
1 2 0.159811 0.445519 0.371665 0.001390 0.021616
1 2 0.196631 0.491930 0.281724 0.000680 0.029036
0 1 0.633661 0.274353 0.074088 0.000071 0.017827
1 1 0.174452 0.547251 0.197210 0.002476 0.078612
1 1 0.215719 0.532990 0.189681 0.008546 0.053065
2 1 0.063939 0.316583 0.582038 0.021148 0.016292
2 1 0.085501 0.374729 0.510534 0.007942 0.021295
2 1 0.076950 0.360368 0.501583 0.038419 0.022679
2 1 0.050712 0.264810 0.668863 0.005102 0.010513
2 1 0.047267 0.273303 0.580660 0.083278 0.015492
2 1 0.050309 0.261125 0.643775 0.033782 0.011009
2 1 0.031713 0.263809 0.678724 0.007065 0.018688
2 2 0.017658 0.172339 0.665497 0.133135 0.011370
2 2 0.010223 0.155255 0.773273 0.047812 0.013437
2 2 0.016377 0.177914 0.736050 0.057649 0.012010
2 2 0.011748 0.142649 0.740384 0.096098 0.009121
2 2 0.021573 0.223199 0.562206 0.170020 0.023002
2 2 0.033960 0.217934 0.551670 0.171299 0.025136
2 2 0.017320 0.192172 0.629482 0.141679 0.019347
2 2 0.013042 0.159055 0.648343 0.162989 0.016570
2 2 0.011352 0.141500 0.660940 0.170810 0.015398
2 2 0.025699 0.191677 0.499304 0.255411 0.027909
2 2 0.010407 0.148284 0.685854 0.141100 0.014354
2 2 0.011722 0.137685 0.760678 0.081614 0.008301
3 2 0.017159 0.114535 0.350247 0.491517 0.026543
2 2 0.014984 0.152712 0.710809 0.112811 0.008684
2 2 0.023621 0.118580 0.507572 0.333582 0.016645
3 2 0.035709 0.115688 0.346861 0.477172 0.024569
3 2 0.010997 0.084380 0.379734 0.510292 0.014597
3 2 0.018147 0.055275 0.306892 0.607349 0.012338
3 2 0.013379 0.112275 0.388032 0.451898 0.034417
3 2 0.009135 0.053578 0.358925 0.570063 0.008299
2 3 0.025021 0.122780 0.442570 0.390571 0.019057
3 3 0.010867 0.038530 0.248304 0.692177 0.010121
2 3 0.059325 0.204374 0.529543 0.167786 0.038972
1 3 0.223465 0.518867 0.212504 0.005187 0.039977
1 2 0.170115 0.524821 0.251926 0.003652 0.049487
0 2 0.437647 0.375342 0.145461 0.001384 0.040166
0 0 0.788791 0.074131 0.033586 0.000242 0.103250
1 0 0.174714 0.540832 0.214943 0.003378 0.066133
2 0 0.055676 0.355072 0.498137 0.058010 0.033104
2 1 0.041365 0.242234 0.661894 0.043619 0.010888
2 1 0.084832 0.338850 0.542803 0.018466 0.015049
1 1 0.228805 0.507834 0.226513 0.003118 0.033729
1 1 0.150285 0.516726 0.278090 0.003630 0.051268
1 0 0.233265 0.477155 0.264712 0.001823 0.023045
0 0 0.796253 0.136308 0.040336 0.000034 0.027069
1 0 0.150496 0.516123 0.249487 0.025973 0.057921
2 1 0.032219 0.234368 0.698006 0.022809 0.012598
2 1 0.025723 0.245648 0.697620 0.011855 0.019153
2 1 0.025204 0.226586 0.724678 0.008956 0.014577
2 1 0.026649 0.213342 0.713894 0.034369 0.011746
2 2 0.022484 0.202868 0.747313 0.015665 0.011670
2 2 0.020695 0.166769 0.776565 0.029162 0.006809
2 2 0.058209 0.386020 0.486116 0.028598 0.041057
2 2 0.047198 0.247736 0.688369 0.007544 0.009152
2 2 0.031475 0.325711 0.575116 0.023424 0.044274
2 2 0.012164 0.143052 0.803238 0.033587 0.007960
2 2 0.020799 0.217581 0.680094 0.063367 0.018160
2 2 0.021009 0.186884 0.765486 0.017023 0.009598
2 2 0.024688 0.242321 0.673322 0.039125 0.020544
2 2 0.025499 0.249207 0.609008 0.092120 0.024166
2 2 0.021876 0.212953 0.669567 0.079371 0.016232
2 2 0.043770 0.317964 0.596392 0.015978 0.025895
2 2 0.026210 0.208482 0.721994 0.032299 0.011016
2 2 0.030074 0.244021 0.610636 0.096943 0.018326
2 2 0.015243 0.158575 0.777698 0.039894 0.008591
2 2 0.024796 0.091320 0.542146 0.332338 0.009400
2 2 0.014615 0.169030 0.627225 0.175075 0.014055
2 2 0.011470 0.135519 0.776351 0.069078 0.007582
1 2 0.291023 0.476151 0.190362 0.004435 0.038029
0 2 0.563013 0.313278 0.082288 0.000326 0.041095
1 2 0.389516 0.441479 0.114710 0.001123 0.053171
1 2 0.162413 0.541718 0.220630 0.001208 0.074031
2 2 0.036508 0.241730 0.673482 0.035875 0.012404
2 2 0.033798 0.246410 0.656703 0.048104 0.014984
2 2 0.025692 0.268136 0.653258 0.025477 0.027437
2 2 0.032478 0.251694 0.651221 0.047622 0.016986
2 2 0.023252 0.241812 0.685187 0.028260 0.021489
2 2 0.030511 0.256175 0.526697 0.162204 0.024413
2 2 0.030802 0.321278 0.543486 0.057516 0.046919
2 2 0.023613 0.281987 0.567485 0.084869 0.042046
2 2 0.010591 0.130215 0.581124 0.261154 0.016916
2 2 0.013410 0.157544 0.599184 0.210834 0.019027
2 2 0.007113 0.126508 0.552404 0.298107 0.015868
2 2 0.012611 0.196246 0.573832 0.187687 0.029623
2 2 0.057093 0.253882 0.506828 0.133457 0.048740
0 2 0.791588 0.153479 0.036929 0.000107 0.017897
0 0 0.955409 0.013885 0.005014 0.000011 0.025681
1 0 0.249884 0.508140 0.204201 0.004222 0.033554
0 0 0.961984 0.010679 0.006160 0.000149 0.021028
0 0 0.780853 0.080199 0.043570 0.000121 0.095258
1 1 0.109315 0.524771 0.283013 0.004805 0.078096
1 1 0.027023 0.420839 0.237851 0.029153 0.285134
1 2 0.067026 0.507736 0.275069 0.012958 0.137211
1 2 0.038783 0.462370 0.274686 0.018622 0.205538
4 2 0.008727 0.299205 0.227594 0.001044 0.463429
1 2 0.022792 0.408137 0.263551 0.019909 0.285612
4 4 0.077820 0.225441 0.127554 0.004542 0.564643
1 4 0.028848 0.416764 0.194088 0.003203 0.357097
4 4 0.112210 0.052190 0.032373 0.000145 0.803082
4 4 0.067431 0.218310 0.114777 0.001543 0.597939
4 4 0.062703 0.230647 0.108388 0.002689 0.595573
4 4 0.021608 0.188382 0.139426 0.002528 0.648056
1 4 0.057039 0.434894 0.194854 0.005350 0.307864
1 4 0.047861 0.456266 0.374887 0.009797 0.111190
1 4 0.020839 0.400206 0.274746 0.019178 0.285031
1 4 0.209983 0.308986 0.179470 0.002632 0.298929
1 1 0.094451 0.516199 0.302308 0.002940 0.084102
2 1 0.007304 0.296541 0.379362 0.013411 0.303383
1 1 0.013351 0.355572 0.279518 0.015208 0.336352
4 1 0.012133 0.338879 0.266556 0.014712 0.367720
2 1 0.009198 0.310158 0.376433 0.034872 0.269339
2 1 0.010341 0.305448 0.386404 0.077743 0.220064
1 1 0.016068 0.372742 0.356612 0.010584 0.243994
1 1 0.013966 0.360324 0.281123 0.015031 0.329557
2 1 0.014185 0.298862 0.432322 0.129161 0.125470
0 0 0.421451 0.362529 0.168455 0.002152 0.045413
1 0 0.252411 0.534312 0.132681 0.000150 0.080445
0 0 0.565062 0.328388 0.063763 0.000063 0.042725
0 0 0.986797 0.004468 0.001497 0.000002 0.007236
1 0 0.389483 0.430563 0.118881 0.000330 0.060742
1 0 0.184261 0.533771 0.220817 0.006023 0.055128
1 0 0.233260 0.529115 0.185095 0.001458 0.051072
1 0 0.290464 0.507192 0.162722 0.000809 0.038813
1 0 0.231885 0.487987 0.249420 0.003871 0.026837
1 0 0.223132 0.509895 0.229605 0.002673 0.034696
1 0 0.236018 0.514105 0.208281 0.004754 0.036843
1 0 0.355946 0.458460 0.141248 0.012996 0.031349
1 0 0.259875 0.512274 0.181982 0.008740 0.037129
1 0 0.229419 0.517581 0.208543 0.005376 0.039081
1 0 0.199345 0.496063 0.263327 0.008154 0.033112
1 0 0.240186 0.520317 0.187194 0.010178 0.042125
1 0 0.206254 0.490948 0.259932 0.011546 0.031321
0 0 0.418299 0.366109 0.164826 0.012666 0.038099
1 0 0.278391 0.410927 0.271692 0.006478 0.032511
0 0 0.735884 0.185290 0.064232 0.001544 0.013050
0 0 0.887571 0.076147 0.031032 0.002445 0.002807
0 0 0.654171 0.135035 0.137431 0.055742 0.017622
1 0 0.168611 0.531836 0.237503 0.006193 0.055857
2 0 0.019325 0.197656 0.763549 0.006962 0.012508
2 1 0.018400 0.170858 0.784794 0.017602 0.008347
2 1 0.043420 0.310992 0.602155 0.019167 0.024267
2 1 0.069386 0.401372 0.473971 0.017595 0.037676
2 1 0.036600 0.258776 0.665789 0.023472 0.015364
2 1 0.036779 0.272640 0.654282 0.018093 0.018206
2 2 0.033091 0.249628 0.648432 0.052579 0.016270
2 2 0.053266 0.349776 0.534837 0.031346 0.030775
2 2 0.045315 0.287082 0.601777 0.047595 0.018231
2 2 0.020716 0.189904 0.730066 0.048298 0.011015
2 2 0.045483 0.293493 0.579191 0.061535 0.020298
2 2 0.019082 0.152579 0.638484 0.178288 0.011568
2 2 0.031833 0.195697 0.519743 0.228072 0.024655
3 2 0.056149 0.133691 0.367765 0.418050 0.024345
2 2 0.027857 0.143005 0.464070 0.348246 0.016822
2 3 0.022197 0.157039 0.431145 0.365941 0.023678
2 3 0.023082 0.126187 0.502916 0.334963 0.012852
2 3 0.018775 0.183741 0.637829 0.146569 0.013087
2 3 0.014597 0.160155 0.672007 0.142177 0.011065
3 3 0.044507 0.098549 0.340647 0.496672 0.019625
3 3 0.011991 0.042408 0.253932 0.680525 0.011143
3 3 0.024639 0.081173 0.319664 0.556293 0.018231
3 3 0.011965 0.022098 0.127059 0.825714 0.013164
3 3 0.015269 0.045479 0.260857 0.666825 0.011570
2 3 0.023865 0.092302 0.478454 0.396667 0.008712
3 3 0.013454 0.027809 0.313443 0.641275 0.004019
3 3 0.027234 0.031005 0.167791 0.760897 0.013073
3 3 0.026382 0.055497 0.226986 0.671649 0.019486
3 3 0.032632 0.056207 0.190778 0.693821 0.026563
3 3 0.015009 0.015921 0.105110 0.853671 0.010290
3 3 0.027067 0.019659 0.088340 0.846594 0.018340
3 3 0.016992 0.018107 0.097309 0.853271 0.014321
3 3 0.011331 0.009598 0.054705 0.911107 0.013258
3 3 0.011909 0.016662 0.085511 0.869933 0.015985
3 3 0.013719 0.009307 0.056198 0.908935 0.011841
3 3 0.013962 0.014300 0.087483 0.872495 0.011760
3 3 0.009635 0.002838 0.018790 0.959186 0.009551
3 3 0.021667 0.015671 0.077535 0.869140 0.015987
3 3 0.007280 0.003110 0.024302 0.957709 0.007598
3 3 0.007007 0.002047 0.016645 0.967446 0.006855
3 3 0.003154 0.001244 0.012902 0.977977 0.004724
3 3 0.006842 0.003548 0.023774 0.955956 0.009880
3 3 0.008381 0.002720 0.029180 0.955254 0.004465
3 3 0.010787 0.004576 0.029948 0.944604 0.010085
3 3 0.012408 0.004954 0.030166 0.941225 0.011248
3 3 0.006399 0.003977 0.029878 0.951370 0.008375
3 3 0.005528 0.002814 0.020020 0.962698 0.008940
3 3 0.007584 0.001730 0.016558 0.968968 0.005161
3 3 0.007310 0.003802 0.023431 0.954163 0.011293
3 3 0.008553 0.002589 0.018185 0.961967 0.008706
3 3 0.008613 0.002763 0.017264 0.960822 0.010539
3 3 0.016430 0.009114 0.041580 0.914651 0.018225
3 3 0.007810 0.003299 0.030455 0.952616 0.005820
3 3 0.008263 0.001463 0.011582 0.971903 0.006790
3 3 0.006635 0.001749 0.015059 0.970371 0.006186
3 3 0.009412 0.005506 0.025589 0.941622 0.017872
3 3 0.005550 0.001561 0.015280 0.972545 0.005063
3 3 0.007308 0.002638 0.024804 0.959685 0.005565
3 3 0.007126 0.002010 0.013311 0.968098 0.009454
3 3 0.006667 0.002506 0.018211 0.964212 0.008405
3 3 0.005322 0.001422 0.012234 0.974849 0.006173
3 3 0.008811 0.002343 0.018668 0.963141 0.007036
3 3 0.007062 0.002889 0.015850 0.960963 0.013235
3 3 0.012270 0.003441 0.029053 0.948773 0.006464
3 3 0.004706 0.000713 0.008953 0.982462 0.003166
3 3 0.014755 0.005376 0.027287 0.937701 0.014882
3 3 0.002811 0.001002 0.012563 0.980174 0.003450
3 3 0.005830 0.001508 0.014133 0.973150 0.005379
3 3 0.009230 0.003018 0.022063 0.957443 0.008246
3 3 0.006040 0.002969 0.022730 0.960317 0.007944
3 3 0.008351 0.004098 0.033011 0.947202 0.007337
3 3 0.004049 0.001320 0.013492 0.976372 0.004766
3 3 0.006005 0.001578 0.011782 0.972908 0.007727
3 3 0.008878 0.002830 0.020337 0.959508 0.008447
3 3 0.011166 0.004194 0.022843 0.948449 0.013348
3 3 0.018784 0.004941 0.025002 0.936779 0.014494
3 3 0.004886 0.002052 0.014335 0.969732 0.008996
3 3 0.003272 0.000677 0.009479 0.983841 0.002731
3 3 0.003491 0.001889 0.016208 0.971788 0.006625
3 3 0.006081 0.001819 0.016429 0.969872 0.005800
3 3 0.003843 0.001094 0.010209 0.979435 0.005419
3 3 0.003111 0.000727 0.008214 0.984059 0.003888
3 3 0.005010 0.002382 0.014163 0.966680 0.011765
3 3 0.013860 0.002949 0.021243 0.953839 0.008109
3 3 0.007383 0.002130 0.019219 0.965461 0.005808
3 3 0.004250 0.001416 0.012500 0.975798 0.006036
3 3 0.003482 0.001032 0.011953 0.979678 0.003855
3 3 0.007194 0.003113 0.024485 0.957679 0.007529
3 3 0.005498 0.001855 0.016502 0.970138 0.006007
3 3 0.004497 0.000976 0.008690 0.980154 0.005682
3 3 0.004015 0.001017 0.014301 0.977875 0.002793
3 3 0.007747 0.002446 0.015853 0.964043 0.009912
3 3 0.006529 0.004515 0.028249 0.949391 0.011317
3 3 0.005986 0.001117 0.015492 0.974620 0.002785
3 3 0.001911 0.001123 0.010805 0.980673 0.005488
3 3 0.002015 0.000727 0.009361 0.984619 0.003278
3 3 0.005144 0.001340 0.013142 0.975376 0.004998
3 3 0.003122 0.001179 0.010139 0.979237 0.006324
3 3 0.009446 0.003672 0.027458 0.951336 0.008087
3 3 0.003100 0.000866 0.008997 0.982503 0.004533
3 3 0.007131 0.002335 0.017268 0.965200 0.008066
3 3 0.002441 0.001197 0.009518 0.979529 0.007316
3 3 0.004656 0.009742 0.079317 0.898261 0.008024
3 3 0.013989 0.040802 0.168874 0.754675 0.021660
0 0 0.529973 0.305682 0.138986 0.004999 0.020359
2 0 0.098862 0.411963 0.434181 0.026323 0.028671
2 0 0.012974 0.195144 0.719022 0.050825 0.022036
1 0 0.036631 0.367792 0.330651 0.166737 0.098189
2 2 0.013780 0.233452 0.543670 0.160452 0.048647
1 2 0.027457 0.405971 0.174429 0.016196 0.375946
4 2 0.029788 0.287430 0.287454 0.044654 0.350673
2 2 0.014998 0.313986 0.351197 0.147629 0.172190
2 2 0.022559 0.327589 0.510498 0.060801 0.078552
2 2 0.015629 0.323640 0.343250 0.129272 0.188209
2 2 0.010352 0.287752 0.432212 0.087629 0.182054
2 2 0.007461 0.270374 0.461834 0.059890 0.200441
4 4 0.014202 0.150797 0.278302 0.012333 0.544366
2 4 0.009740 0.308242 0.385159 0.036469 0.260390
2 4 0.011809 0.261376 0.382514 0.029683 0.314618
2 4 0.013951 0.267172 0.380193 0.044407 0.294277
2 4 0.006110 0.223190 0.525896 0.115145 0.129659
2 4 0.013782 0.187932 0.413053 0.088529 0.296703
4 4 0.024259 0.133494 0.198318 0.019458 0.624472
2 4 0.013805 0.261350 0.388646 0.185865 0.150335
2 4 0.012791 0.270473 0.345659 0.036549 0.334528
4 4 0.023354 0.049581 0.046638 0.001062 0.879365
4 4 0.047281 0.125449 0.111328 0.005044 0.710898
4 4 0.036852 0.237253 0.180969 0.018611 0.526315
4 4 0.009936 0.323868 0.321452 0.008364 0.336380
4 4 0.015147 0.179651 0.244161 0.010803 0.550238
1 4 0.016415 0.339783 0.338026 0.091055 0.214722
2 4 0.002542 0.143783 0.621830 0.154475 0.077370
4 4 0.021124 0.192594 0.269203 0.030952 0.486126
4 4 0.059461 0.171172 0.117533 0.009027 0.642806
1 4 0.048543 0.482860 0.285216 0.013278 0.170105
2 4 0.004670 0.249764 0.463590 0.022328 0.259648
2 4 0.016287 0.340194 0.356928 0.073671 0.212920
4 4 0.032316 0.224621 0.255982 0.065584 0.421496
2 4 0.004291 0.211241 0.556802 0.080277 0.147389
2 4 0.009804 0.263404 0.434327 0.148648 0.143817
1 4 0.071416 0.505662 0.286671 0.015482 0.120769
1 2 0.110970 0.456019 0.330501 0.014164 0.088346
1 1 0.084922 0.509275 0.315018 0.003235 0.087550
1 1 0.031180 0.441521 0.278263 0.018114 0.230922
1 2 0.027384 0.422880 0.308415 0.024330 0.216992
1 2 0.030613 0.414699 0.387031 0.024428 0.143230
1 2 0.040028 0.452111 0.339443 0.017743 0.150675
2 2 0.027088 0.337314 0.551231 0.022206 0.062161
1 0 0.104905 0.466988 0.363119 0.018550 0.046439
1 0 0.328997 0.464260 0.172582 0.001659 0.032502
1 0 0.363998 0.464301 0.147174 0.000525 0.024002
1 0 0.327317 0.505090 0.101955 0.000083 0.065555
1 0 0.133949 0.530072 0.261859 0.000497 0.073623
1 0 0.093292 0.520133 0.290374 0.005391 0.090809
1 0 0.206147 0.549361 0.154293 0.001898 0.088301
1 0 0.273232 0.499277 0.195454 0.000832 0.031205
1 0 0.165714 0.529199 0.246924 0.000974 0.057188
1 0 0.078204 0.500936 0.322497 0.006625 0.091739
2 0 0.027235 0.326860 0.568514 0.023071 0.054320
2 0 0.045078 0.384070 0.509814 0.009088 0.051949
2 0 0.021556 0.265210 0.659278 0.021301 0.032656
2 0 0.014338 0.149505 0.801761 0.026983 0.007413
2 0 0.023972 0.247083 0.679371 0.027272 0.022301
2 1 0.010984 0.142497 0.808431 0.029227 0.008860
2 1 0.016245 0.224418 0.713719 0.020148 0.025469
2 2 0.013714 0.184895 0.768458 0.017083 0.015850
2 2 0.034072 0.330583 0.579373 0.014730 0.041242
2 2 0.033057 0.253695 0.673556 0.023462 0.016230
2 2 0.029444 0.258807 0.682891 0.009517 0.019341
2 2 0.019800 0.192314 0.741071 0.034936 0.011880
2 2 0.017324 0.192925 0.765696 0.010659 0.013397
2 2 0.014461 0.173933 0.764531 0.034603 0.012472
2 2 0.029033 0.274933 0.638970 0.030957 0.026107
2 2 0.021920 0.244043 0.664412 0.044821 0.024804
2 2 0.020869 0.226865 0.704160 0.028493 0.019613
2 2 0.015640 0.186528 0.674059 0.107471 0.016301
2 2 0.021009 0.227127 0.680771 0.050670 0.020423
2 2 0.012217 0.140012 0.611797 0.225993 0.009981
2 2 0.008989 0.151019 0.724164 0.100159 0.015670
2 2 0.045457 0.330029 0.530756 0.061758 0.032001
2 2 0.015797 0.187092 0.725648 0.056525 0.014938
2 2 0.020425 0.173844 0.725645 0.071488 0.008598
2 2 0.014169 0.178112 0.660353 0.131030 0.016337
2 2 0.013724 0.139536 0.758601 0.081337 0.006803
2 2 0.024936 0.224417 0.651641 0.082324 0.016683
2 2 0.011565 0.139821 0.711344 0.128144 0.009126
2 2 0.018447 0.239326 0.684744 0.029573 0.027911
2 2 0.011945 0.147555 0.716503 0.113703 0.010294
2 2 0.024576 0.196107 0.692973 0.075912 0.010433
2 2 0.017392 0.194064 0.654965 0.116941 0.016639
2 3 0.009671 0.132044 0.599723 0.247195 0.011366
1 2 0.168822 0.434423 0.373057 0.004613 0.019085
2 0 0.184305 0.304344 0.473958 0.021076 0.016316
2 0 0.030694 0.222062 0.677225 0.058150 0.011870
2 0 0.051263 0.351045 0.523272 0.040858 0.033562
2 0 0.042761 0.354065 0.504189 0.053785 0.045201
2 0 0.022689 0.276140 0.620744 0.042993 0.037434
2 1 0.041620 0.293368 0.555494 0.083503 0.026014
1 1 0.103428 0.509937 0.264884 0.036400 0.085351
2 1 0.021749 0.239807 0.666266 0.048499 0.023679
2 1 0.011788 0.136113 0.714787 0.129168 0.008144
2 1 0.019537 0.221360 0.652640 0.084738 0.021725
2 1 0.025588 0.222342 0.650181 0.086161 0.015728
2 1 0.036679 0.215865 0.623082 0.114857 0.009517
2 1 0.033064 0.274342 0.639582 0.031031 0.021981
2 1 0.034274 0.285160 0.609811 0.045693 0.025063
2 1 0.033661 0.267682 0.636873 0.041688 0.020095
1 2 0.098629 0.424751 0.397273 0.044480 0.034867
2 2 0.058291 0.363178 0.500917 0.044438 0.033176
1 2 0.066671 0.405770 0.397876 0.079601 0.050082
2 2 0.033666 0.268492 0.562341 0.112169 0.023333
2 2 0.051078 0.349643 0.490645 0.072788 0.035845
2 2 0.018845 0.153076 0.718120 0.098754 0.011205
2 2 0.021329 0.203844 0.678719 0.081695 0.014413
2 2 0.044360 0.276212 0.599645 0.063049 0.016734
2 2 0.034185 0.244811 0.533790 0.169116 0.018096
2 2 0.056501 0.323116 0.560189 0.038821 0.021372
2 2 0.040043 0.186102 0.625245 0.138570 0.010041
2 2 0.067466 0.336728 0.443549 0.121656 0.030601
2 2 0.025016 0.190861 0.658179 0.116022 0.009921
2 2 0.035953 0.256484 0.646704 0.044918 0.015941
2 2 0.026592 0.218661 0.655798 0.084860 0.014088
2 2 0.038992 0.291232 0.562446 0.082428 0.024902
2 2 0.042497 0.225564 0.635549 0.083694 0.012696
1 0 0.373194 0.380473 0.213263 0.005957 0.027113
1 0 0.116401 0.442276 0.369865 0.017987 0.053471
2 0 0.042075 0.251386 0.627910 0.065911 0.012719
2 0 0.059610 0.298548 0.604708 0.022851 0.014283
2 1 0.076103 0.399902 0.468110 0.022178 0.033707
2 1 0.069530 0.286715 0.621894 0.011943 0.009919
2 1 0.033080 0.246346 0.681956 0.024011 0.014607
2 1 0.028356 0.168213 0.767150 0.031518 0.004762
2 1 0.035887 0.266621 0.657914 0.022092 0.017487
2 1 0.023279 0.224239 0.689965 0.045550 0.016967
1 0 0.206844 0.533099 0.203413 0.001011 0.055634
1 0 0.241287 0.516064 0.201490 0.002132 0.039027
0 0 0.739891 0.177710 0.063753 0.000334 0.018312
2 0 0.061622 0.343788 0.512486 0.056529 0.025575
2 0 0.037423 0.287412 0.613993 0.038418 0.022755
2 0 0.015757 0.220429 0.633319 0.101439 0.029056
2 0 0.008771 0.162334 0.627632 0.177699 0.023564
2 2 0.005282 0.127379 0.785581 0.065367 0.016392
2 2 0.017017 0.312449 0.555535 0.027484 0.087515
2 2 0.010002 0.310354 0.446178 0.024991 0.208475
2 2 0.008477 0.286689 0.459082 0.024144 0.221607
4 2 0.010018 0.322169 0.261567 0.009800 0.396445
2 2 0.009291 0.303150 0.394559 0.042475 0.250524
2 2 0.005565 0.245880 0.498368 0.060754 0.189434
1 2 0.012806 0.349957 0.311340 0.019439 0.306457
1 2 0.017553 0.379587 0.258256 0.025351 0.319253
1 2 0.114583 0.541230 0.190870 0.000356 0.152961
1 2 0.019436 0.396397 0.330861 0.006229 0.247078
2 2 0.009837 0.314034 0.394346 0.035295 0.246488
1 4 0.026357 0.414418 0.224779 0.015395 0.319051
4 4 0.012944 0.339218 0.250844 0.009348 0.387646
4 4 0.022981 0.101251 0.092279 0.002779 0.780711
4 4 0.045970 0.124238 0.059430 0.000051 0.770311
4 4 0.034117 0.335910 0.165659 0.003200 0.461113
4 4 0.090075 0.238534 0.131188 0.003403 0.536800
1 4 0.031805 0.434325 0.216442 0.003383 0.314046
4 4 0.134282 0.289155 0.170577 0.006424 0.399561
2 4 0.012744 0.354128 0.372540 0.002576 0.258012
4 4 0.017679 0.245985 0.170557 0.003371 0.562408
4 4 0.026518 0.043287 0.037565 0.000838 0.891792
4 4 0.065277 0.069713 0.049678 0.001366 0.813966
0 4 0.302053 0.281094 0.123759 0.000741 0.292352
1 4 0.084678 0.524473 0.230570 0.002042 0.158237
1 4 0.021854 0.407905 0.311515 0.007187 0.251539
1 4 0.033124 0.433953 0.199951 0.003011 0.329962
4 4 0.040738 0.158488 0.098274 0.000217 0.702282
1 4 0.016442 0.367643 0.292916 0.015278 0.307721
1 1 0.039014 0.429204 0.419433 0.006614 0.105735
1 1 0.048983 0.479141 0.324102 0.005311 0.142464
1 0 0.054950 0.451515 0.398692 0.009613 0.085230
0 0 0.784414 0.144816 0.058039 0.001347 0.011384
2 0 0.022021 0.266908 0.669628 0.010039 0.031405
2 1 0.034443 0.390406 0.415517 0.062181 0.097453
1 1 0.125692 0.544220 0.205736 0.002279 0.122074
1 1 0.283664 0.361528 0.148003 0.000706 0.206098
1 1 0.039376 0.463772 0.309365 0.008635 0.178851
1 1 0.015802 0.373271 0.284620 0.014714 0.311593
2 1 0.013717 0.337703 0.436612 0.027630 0.184339
2 2 0.013946 0.335369 0.440723 0.034037 0.175925
1 2 0.020727 0.393910 0.359310 0.015010 0.211044
2 2 0.020232 0.271192 0.638940 0.030203 0.039434
2 2 0.023071 0.345470 0.516774 0.027016 0.087670
2 2 0.028156 0.311048 0.602921 0.016119 0.041756
2 2 0.017526 0.271588 0.631367 0.031440 0.048079
2 2 0.004341 0.096397 0.852843 0.038493 0.007926
2 2 0.006922 0.150972 0.712060 0.107882 0.022164
2 2 0.016338 0.211107 0.685912 0.064427 0.022215
2 2 0.005918 0.114780 0.847142 0.022891 0.009270
2 2 0.012668 0.153016 0.772918 0.051591 0.009807
2 2 0.011359 0.213317 0.736324 0.006751 0.032249
2 2 0.013744 0.190160 0.771094 0.008080 0.016923
0 0 0.395662 0.390173 0.176235 0.002010 0.035920
1 0 0.198364 0.527973 0.222407 0.001616 0.049640
0 0 0.594490 0.322902 0.054456 0.000010 0.028142
1 0 0.078143 0.508856 0.308245 0.002082 0.102673
1 0 0.433812 0.442998 0.092792 0.000097 0.030301
1 0 0.153247 0.525065 0.264249 0.003437 0.054001
1 0 0.121069 0.526162 0.278281 0.004339 0.070150
1 0 0.078668 0.511129 0.302584 0.005179 0.102440
2 1 0.014414 0.211174 0.717039 0.032776 0.024598
1 1 0.067584 0.437657 0.436694 0.004474 0.053592
2 1 0.024141 0.263914 0.650767 0.032685 0.028492
2 2 0.026966 0.225946 0.698676 0.034244 0.014168
2 2 0.034766 0.275533 0.653360 0.016153 0.020188
2 2 0.033573 0.285043 0.648606 0.009418 0.023361
2 2 0.033227 0.344039 0.562596 0.010828 0.049310
2 2 0.034560 0.301630 0.624726 0.011061 0.028022
2 2 0.017996 0.246694 0.689979 0.014379 0.030951
2 0 0.225754 0.330327 0.395605 0.008644 0.039670
0 0 0.635124 0.257974 0.090598 0.000299 0.016005
0 0 0.630504 0.265949 0.077732 0.000450 0.025365
1 0 0.253233 0.368248 0.234266 0.006512 0.137741
0 0 0.632363 0.223254 0.109359 0.002857 0.032167
1 0 0.154033 0.536424 0.239694 0.001404 0.068444
1 0 0.046517 0.454105 0.376953 0.009538 0.112886
1 0 0.049271 0.485289 0.251853 0.008098 0.205488
1 0 0.143326 0.439254 0.210660 0.003962 0.202798
0 0 0.447573 0.396480 0.106134 0.000314 0.049499
1 0 0.256604 0.526649 0.161714 0.000549 0.054483
0 0 0.778381 0.148072 0.046529 0.000544 0.026474
1 0 0.229013 0.370170 0.135063 0.000276 0.265478
1 0 0.310405 0.365456 0.150228 0.002380 0.171531
1 0 0.110953 0.540414 0.189958 0.000494 0.158181
1 0 0.113632 0.535056 0.250930 0.009286 0.091096
1 0 0.032187 0.444860 0.322128 0.007079 0.193745
1 1 0.017744 0.386556 0.300243 0.011225 0.284232
1 1 0.012848 0.352725 0.287068 0.012952 0.334407
4 4 0.022620 0.269592 0.129581 0.000444 0.577763
4 4 0.025633 0.100708 0.073039 0.001798 0.798822
4 4 0.037413 0.051810 0.036773 0.000480 0.873524
4 4 0.019966 0.127967 0.100186 0.002227 0.749653
4 4 0.069795 0.253721 0.125560 0.001638 0.549286
4 4 0.060236 0.066527 0.032959 0.000179 0.840099
4 4 0.110094 0.203802 0.069191 0.000380 0.616533
1 4 0.080080 0.489214 0.129663 0.000123 0.300921
4 4 0.150529 0.037697 0.016674 0.000003 0.795096
4 4 0.063876 0.005911 0.005588 0.000029 0.924596
4 4 0.113442 0.299791 0.112605 0.000429 0.473733
4 4 0.057447 0.032288 0.011945 0.000004 0.898316
4 4 0.157909 0.039150 0.019702 0.000052 0.783188
4 4 0.080877 0.182409 0.096301 0.000454 0.639958
4 4 0.057310 0.032018 0.021657 0.000067 0.888948
4 4 0.196728 0.016262 0.009817 0.000029 0.777164
4 4 0.143989 0.013035 0.010941 0.000030 0.832004
0 4 0.669595 0.027007 0.013765 0.000039 0.289594
4 4 0.099204 0.162199 0.075148 0.000635 0.662813
4 4 0.159174 0.211554 0.098557 0.000256 0.530460
4 4 0.089922 0.009204 0.007282 0.000017 0.893575
4 4 0.111977 0.069523 0.023861 0.000029 0.794610
4 4 0.183023 0.037972 0.012760 0.000004 0.766241
4 4 0.068913 0.042475 0.030336 0.000178 0.858098
4 4 0.048467 0.019835 0.013678 0.000133 0.917886
4 4 0.060692 0.080970 0.030759 0.000142 0.827438
4 4 0.142556 0.011459 0.008861 0.000082 0.837042
4 4 0.109662 0.013297 0.009439 0.000050 0.867552
4 4 0.278834 0.019122 0.007619 0.000003 0.694422
4 4 0.092420 0.022937 0.022360 0.000388 0.861894
4 4 0.052845 0.063156 0.034651 0.000171 0.849177
4 4 0.169031 0.038844 0.018752 0.000005 0.773369
4 4 0.146697 0.031540 0.014663 0.000006 0.807094
4 4 0.036617 0.007566 0.007270 0.000022 0.948524
4 0 0.104217 0.354895 0.119296 0.000125 0.421467
4 0 0.062224 0.351675 0.174296 0.000679 0.411125
4 4 0.035503 0.355789 0.110237 0.000057 0.498414
1 4 0.034885 0.449098 0.238417 0.003871 0.273729
1 4 0.056622 0.484301 0.185300 0.000829 0.272948
1 4 0.025920 0.408456 0.202420 0.004736 0.358469
4 4 0.065606 0.017967 0.014083 0.000525 0.901819
4 4 0.084692 0.026474 0.014078 0.000005 0.874752
4 4 0.049065 0.126467 0.062619 0.000334 0.761515
4 4 0.031031 0.187338 0.083656 0.000911 0.697064
4 4 0.110480 0.028197 0.021871 0.000020 0.839432
4 4 0.222646 0.080236 0.026888 0.000019 0.670212
4 4 0.041966 0.073358 0.039849 0.000101 0.844725
4 4 0.039739 0.356851 0.158009 0.000890 0.444512
1 4 0.069975 0.416518 0.201082 0.004931 0.307494
4 4 0.030435 0.064748 0.033186 0.000165 0.871467
4 4 0.054384 0.390788 0.154797 0.001386 0.398645
4 4 0.195298 0.278744 0.114076 0.001942 0.409940
4 4 0.035632 0.096942 0.042122 0.000220 0.825084
4 4 0.050258 0.273484 0.099406 0.001384 0.575469
4 4 0.060527 0.151180 0.084991 0.000911 0.702390
4 4 0.033328 0.010851 0.007518 0.000007 0.948295
4 4 0.107718 0.035010 0.016258 0.000039 0.840975
4 4 0.047437 0.285818 0.138409 0.001772 0.526564
4 4 0.136470 0.055141 0.031370 0.000971 0.776048
4 4 0.116790 0.217061 0.060267 0.000051 0.605831
1 4 0.021711 0.404495 0.270026 0.012126 0.291642
4 4 0.382073 0.069891 0.037138 0.000210 0.510687
4 1 0.032507 0.261198 0.185514 0.001416 0.519365
1 1 0.058585 0.497719 0.289391 0.003884 0.150422
1 1 0.026486 0.426957 0.306463 0.008612 0.231481
1 1 0.035777 0.455532 0.303729 0.010184 0.194778
1 1 0.020086 0.391581 0.260504 0.001547 0.326283
1 1 0.040047 0.464191 0.273625 0.001446 0.220691
1 1 0.019085 0.391223 0.311672 0.001348 0.276672
1 1 0.038713 0.461403 0.319104 0.007003 0.173777
1 1 0.039373 0.463487 0.312718 0.008011 0.176411
1 1 0.024180 0.416237 0.321347 0.002276 0.235960
1 1 0.022198 0.408717 0.342282 0.004915 0.221888
1 1 0.031486 0.426116 0.356343 0.021798 0.164257
1 1 0.039088 0.461211 0.327083 0.005821 0.166797
1 1 0.022833 0.412280 0.307727 0.010016 0.247143
1 1 0.021134 0.404584 0.308436 0.009824 0.256022
1 1 0.029800 0.434127 0.243893 0.007025 0.285155
1 1 0.038248 0.462344 0.269288 0.008919 0.221201
1 1 0.035610 0.454963 0.285146 0.015251 0.209030
1 1 0.057381 0.499197 0.257447 0.006293 0.179682
1 1 0.068659 0.510241 0.274382 0.009591 0.137128
1 1 0.041658 0.463804 0.316244 0.013390 0.164904
2 1 0.021988 0.386143 0.399469 0.024040 0.168360
1 1 0.050328 0.485627 0.269096 0.018757 0.176192
1 1 0.060300 0.462395 0.343156 0.037032 0.097116
1 0 0.335723 0.500354 0.109371 0.000148 0.054405
1 0 0.122978 0.524440 0.281817 0.003738 0.067026
1 0 0.201247 0.532054 0.206790 0.007956 0.051953
1 0 0.109016 0.533965 0.246426 0.013919 0.096673
1 0 0.090298 0.524516 0.268601 0.010402 0.106184
1 0 0.096499 0.526943 0.268078 0.009449 0.099031
1 0 0.084069 0.449795 0.411409 0.007273 0.047454
2 0 0.030815 0.269394 0.672164 0.006748 0.020879
2 1 0.018365 0.211760 0.734132 0.018121 0.017622
1 0 0.099730 0.522460 0.287168 0.005182 0.085460
1 0 0.096905 0.523455 0.282357 0.006288 0.090995
1 0 0.080699 0.515594 0.289705 0.007025 0.106978
1 1 0.040949 0.421888 0.421110 0.019765 0.096287
2 2 0.017379 0.226605 0.710155 0.021590 0.024272
2 2 0.010035 0.181022 0.753962 0.032255 0.022727
2 2 0.021434 0.261348 0.641553 0.042920 0.032744
2 2 0.008244 0.143228 0.782120 0.052869 0.013539
2 2 0.005965 0.102182 0.785514 0.099291 0.007049
2 2 0.009645 0.142365 0.723339 0.111340 0.013310
2 2 0.008622 0.140757 0.815532 0.023668 0.011421
2 2 0.003333 0.096471 0.784505 0.103409 0.012282
2 2 0.014462 0.216899 0.615783 0.121141 0.031716
2 2 0.014429 0.208721 0.698610 0.053701 0.024538
2 2 0.019073 0.281198 0.639822 0.013224 0.046682
2 2 0.002527 0.073622 0.831463 0.085427 0.006960
2 2 0.016701 0.209425 0.623779 0.126699 0.023396
2 2 0.005596 0.104699 0.842309 0.039829 0.007567
2 2 0.009677 0.128712 0.684760 0.167686 0.009165
2 2 0.008251 0.131855 0.716193 0.132160 0.011541
2 2 0.012876 0.187383 0.691765 0.087436 0.020540
2 3 0.005612 0.113049 0.718000 0.151805 0.011534
2 3 0.011143 0.121327 0.628722 0.224505 0.014303
2 3 0.015485 0.150982 0.587660 0.229824 0.016048
2 3 0.010199 0.102985 0.584632 0.293738 0.008447
2 3 0.004092 0.047257 0.481613 0.460758 0.006279
2 3 0.010008 0.108905 0.602190 0.269525 0.009373
3 3 0.010672 0.034186 0.324362 0.625894 0.004885
2 3 0.015692 0.078586 0.527537 0.368840 0.009345
3 3 0.013883 0.115733 0.385249 0.463256 0.021878
2 3 0.008331 0.077409 0.485023 0.420340 0.008897
3 3 0.009309 0.072570 0.329336 0.572784 0.016000
3 3 0.007524 0.055914 0.277646 0.643638 0.015277
3 3 0.006260 0.040048 0.234490 0.706671 0.012532
3 3 0.010063 0.052541 0.241579 0.678247 0.017571
3 3 0.010270 0.053237 0.229787 0.687050 0.019656
3 3 0.010556 0.029365 0.229980 0.722648 0.007450
3 3 0.013234 0.049075 0.206921 0.710356 0.020413
3 3 0.015198 0.057717 0.273852 0.636964 0.016269
3 3 0.014567 0.074820 0.288307 0.601305 0.021001
3 3 0.012917 0.064732 0.338579 0.571530 0.012243
3 3 0.025825 0.083621 0.272724 0.591783 0.026046
3 3 0.012407 0.057515 0.233964 0.675012 0.021103
3 3 0.015531 0.051137 0.209087 0.703190 0.021055
3 3 0.006294 0.009218 0.060946 0.912577 0.010965
3 3 0.004374 0.012504 0.075733 0.894165 0.013224
3 3 0.005518 0.010162 0.050316 0.916219 0.017785
3 3 0.012467 0.012167 0.057222 0.899996 0.018147
3 3 0.009489 0.016595 0.087231 0.870995 0.015690
3 3 0.017504 0.020032 0.070605 0.863368 0.028491
3 3 0.008774 0.014881 0.081148 0.880349 0.014848
3 3 0.007603 0.008118 0.057417 0.917265 0.009598
3 3 0.015220 0.022789 0.084467 0.850845 0.026679
3 3 0.015870 0.023245 0.097076 0.841952 0.021856
3 3 0.009011 0.019583 0.101554 0.853726 0.016126
3 3 0.017224 0.026552 0.115597 0.820459 0.020168
3 3 0.021209 0.023874 0.101603 0.832744 0.020569
3 3 0.017721 0.012159 0.051676 0.897802 0.020642
3 3 0.005469 0.005043 0.030550 0.946718 0.012221
3 3 0.009304 0.015035 0.065339 0.888947 0.021375
3 3 0.009800 0.005244 0.030515 0.942024 0.012417
3 3 0.012937 0.012068 0.048940 0.903139 0.022915
3 3 0.012159 0.013462 0.069761 0.889000 0.015618
3 3 0.010529 0.009191 0.029774 0.917899 0.032607
3 3 0.010365 0.006468 0.037428 0.933050 0.012689
3 3 0.018254 0.024397 0.095454 0.837909 0.023987
3 3 0.009419 0.008779 0.042678 0.921821 0.017303
