0 0 0.982911 0.013203 0.002303 0.000001 0.001582
0 0 0.971028 0.022333 0.004301 0.000002 0.002337
0 0 0.953257 0.037451 0.004475 0.000001 0.004816
1 1 0.315004 0.378083 0.265509 0.000128 0.041276
2 1 0.068975 0.253434 0.646805 0.000337 0.030448
2 1 0.002243 0.039010 0.955432 0.001098 0.002217
2 1 0.002454 0.028646 0.966513 0.000783 0.001604
2 1 0.083669 0.337694 0.529441 0.000089 0.049107
2 2 0.000958 0.023608 0.973677 0.000239 0.001517
2 2 0.003752 0.061884 0.927112 0.000685 0.006567
2 2 0.002896 0.031935 0.960213 0.000801 0.004155
2 2 0.000588 0.017501 0.980369 0.000277 0.001266
2 2 0.001086 0.027514 0.966235 0.002595 0.002570
2 2 0.002948 0.046506 0.946953 0.001634 0.001959
2 2 0.000246 0.005726 0.979217 0.014376 0.000435
0 2 0.471517 0.169473 0.352615 0.000259 0.006137
2 2 0.087678 0.246974 0.635251 0.001797 0.028300
2 2 0.030992 0.150535 0.805272 0.000174 0.013026
2 2 0.139543 0.119682 0.732045 0.003220 0.005509
0 2 0.608873 0.250483 0.117987 0.000023 0.022634
2 2 0.055002 0.122337 0.812196 0.004788 0.005677
2 2 0.143549 0.258616 0.583647 0.000414 0.013775
2 2 0.002498 0.029340 0.964450 0.000468 0.003244
2 2 0.000434 0.013726 0.984507 0.000589 0.000743
2 2 0.003496 0.048157 0.937316 0.005331 0.005700
2 2 0.000280 0.002475 0.989139 0.007999 0.000107
2 2 0.001208 0.013563 0.978987 0.004902 0.001339
2 2 0.000123 0.001478 0.985023 0.013356 0.000020
2 2 0.004611 0.029958 0.962972 0.001770 0.000689
2 2 0.002943 0.026836 0.966566 0.001156 0.002499
2 2 0.001973 0.029086 0.967618 0.000343 0.000980
2 2 0.000792 0.008894 0.988883 0.001221 0.000210
2 2 0.000635 0.014371 0.982166 0.002346 0.000482
2 2 0.065278 0.103314 0.814968 0.008847 0.007593
2 2 0.016701 0.129873 0.837282 0.000024 0.016121
2 2 0.027248 0.124986 0.835301 0.000233 0.012232
1 2 0.276282 0.361117 0.217564 0.000063 0.144975
2 2 0.039662 0.191172 0.752867 0.000192 0.016106
0 2 0.312080 0.277656 0.125624 0.000008 0.284633
2 1 0.140750 0.147846 0.707195 0.000552 0.003658
1 1 0.218045 0.464319 0.147255 0.000000 0.170381
0 1 0.385478 0.370311 0.136362 0.000010 0.107839
0 1 0.572965 0.165197 0.042520 0.000009 0.219309
0 1 0.684874 0.247792 0.025740 0.000001 0.041594
0 1 0.484360 0.358019 0.050896 0.000000 0.106726
0 1 0.692564 0.165362 0.065875 0.000082 0.076117
1 1 0.193327 0.514817 0.091578 0.000002 0.200277
0 1 0.664350 0.227456 0.052990 0.000003 0.055201
0 1 0.441929 0.267236 0.045001 0.000003 0.245831
0 1 0.828252 0.129017 0.017256 0.000001 0.025475
0 1 0.574994 0.232438 0.083464 0.000005 0.109100
0 1 0.539838 0.093320 0.014665 0.000000 0.352177
0 1 0.882374 0.084705 0.007488 0.000001 0.025432
0 1 0.558108 0.273863 0.072222 0.000006 0.095801
0 1 0.603231 0.325202 0.023838 0.000000 0.047729
0 1 0.560439 0.261676 0.015592 0.000000 0.162294
0 1 0.615912 0.261116 0.019882 0.000000 0.103091
0 1 0.565427 0.339450 0.014063 0.000000 0.081060
1 1 0.318166 0.387292 0.053117 0.000000 0.241425
0 1 0.716294 0.205322 0.021769 0.000000 0.056614
0 1 0.826120 0.095187 0.007289 0.000000 0.071403
0 1 0.790269 0.151075 0.018407 0.000001 0.040248
0 1 0.545252 0.297015 0.031196 0.000000 0.126537
0 1 0.442963 0.201005 0.009410 0.000000 0.346623
0 1 0.550902 0.334283 0.040395 0.000000 0.074420
1 1 0.361603 0.437407 0.101768 0.000001 0.099220
0 1 0.885774 0.080312 0.018171 0.000007 0.015735
0 1 0.873160 0.098458 0.004819 0.000000 0.023563
0 4 0.640070 0.221446 0.017199 0.000000 0.121285
0 4 0.585075 0.184568 0.061322 0.000012 0.169023
0 4 0.922580 0.027204 0.002516 0.000000 0.047700
0 4 0.823526 0.081843 0.010987 0.000000 0.083644
0 4 0.623256 0.287570 0.038492 0.000001 0.050682
0 4 0.498259 0.265699 0.078772 0.000001 0.157269
0 4 0.939952 0.035762 0.008906 0.000002 0.015379
0 4 0.517401 0.326744 0.062723 0.000003 0.093129
2 4 0.017358 0.130189 0.838036 0.000532 0.013886
1 4 0.362077 0.398178 0.181522 0.000028 0.058195
0 4 0.498302 0.260068 0.080954 0.000025 0.160650
0 4 0.933771 0.038891 0.006170 0.000004 0.021164
0 4 0.697768 0.217689 0.018959 0.000000 0.065584
0 4 0.651806 0.259158 0.031495 0.000001 0.057541
0 4 0.849786 0.038349 0.005311 0.000000 0.106554
0 4 0.622406 0.203175 0.021858 0.000003 0.152559
0 4 0.709871 0.217812 0.057747 0.000048 0.014522
0 4 0.487295 0.378701 0.023650 0.000000 0.110354
0 4 0.445309 0.408840 0.058942 0.000000 0.086909
0 4 0.636502 0.222475 0.039832 0.000002 0.101189
0 4 0.439101 0.318407 0.061872 0.000014 0.180606
1 4 0.330435 0.455835 0.071577 0.000000 0.142152
1 4 0.291941 0.471260 0.073643 0.000000 0.163155
0 4 0.505442 0.354996 0.087221 0.000002 0.052339
2 4 0.150081 0.293216 0.481010 0.000047 0.075646
2 4 0.008629 0.100171 0.879468 0.000257 0.011475
2 2 0.009686 0.118286 0.856044 0.000385 0.015598
2 2 0.016848 0.139836 0.826974 0.000137 0.016205
2 2 0.001697 0.033419 0.961796 0.001024 0.002064
2 2 0.003791 0.057808 0.933143 0.001108 0.004150
2 2 0.001828 0.030613 0.965517 0.000994 0.001047
2 2 0.013160 0.033508 0.937876 0.011668 0.003789
2 2 0.046716 0.154306 0.777679 0.001003 0.020296
2 2 0.004348 0.035188 0.955610 0.003726 0.001129
2 2 0.004459 0.060259 0.918487 0.004498 0.012297
2 2 0.001381 0.026229 0.969584 0.001822 0.000984
2 2 0.004236 0.049898 0.934713 0.009757 0.001395
2 2 0.022847 0.071876 0.888711 0.004834 0.011732
2 2 0.003552 0.015415 0.958208 0.022454 0.000371
2 2 0.005825 0.044473 0.939240 0.009414 0.001048
2 2 0.004266 0.013078 0.968664 0.013483 0.000509
2 2 0.010037 0.046641 0.936859 0.004579 0.001884
2 2 0.007969 0.024551 0.935711 0.031435 0.000334
2 2 0.007211 0.082388 0.903988 0.003212 0.003201
2 2 0.003196 0.008893 0.894212 0.093053 0.000647
2 2 0.020249 0.046243 0.915651 0.016882 0.000975
2 2 0.004985 0.020719 0.923529 0.050516 0.000252
2 2 0.009784 0.015314 0.865931 0.108508 0.000463
2 2 0.005555 0.014140 0.932095 0.047936 0.000274
2 2 0.011359 0.009514 0.911666 0.067223 0.000238
3 2 0.022725 0.009092 0.475586 0.491571 0.001027
3 2 0.002268 0.008293 0.471290 0.517472 0.000676
2 2 0.007696 0.008131 0.548311 0.435396 0.000466
2 2 0.006566 0.014145 0.785032 0.193608 0.000649
2 3 0.008298 0.010185 0.560127 0.420825 0.000566
2 3 0.012812 0.012986 0.776274 0.197468 0.000459
2 3 0.002067 0.002993 0.543391 0.451376 0.000173
2 3 0.008068 0.010222 0.537028 0.443369 0.001313
2 3 0.003416 0.008275 0.522648 0.465102 0.000559
3 3 0.008801 0.005743 0.470470 0.514544 0.000442
2 3 0.005517 0.017845 0.768737 0.201537 0.006364
2 3 0.003659 0.010242 0.873495 0.112363 0.000241
2 3 0.015104 0.016047 0.640110 0.327218 0.001520
2 3 0.002909 0.017543 0.933411 0.045474 0.000663
2 3 0.003339 0.006552 0.739454 0.250514 0.000140
2 3 0.026753 0.013457 0.691962 0.266921 0.000908
2 3 0.001625 0.013160 0.944207 0.039754 0.001254
3 3 0.005788 0.011665 0.391673 0.589858 0.001016
2 2 0.007441 0.019079 0.795157 0.177837 0.000487
2 2 0.002214 0.009501 0.595074 0.392617 0.000594
2 2 0.002861 0.011919 0.904608 0.080443 0.000168
3 2 0.003176 0.004374 0.438315 0.553894 0.000240
3 2 0.000407 0.000821 0.099366 0.899305 0.000101
2 2 0.001135 0.004634 0.581171 0.412828 0.000233
3 2 0.004550 0.008176 0.246311 0.738489 0.002475
2 2 0.010198 0.016198 0.586694 0.385837 0.001072
2 2 0.017501 0.020951 0.635831 0.321733 0.003983
2 2 0.003842 0.005707 0.498143 0.491955 0.000352
2 2 0.044819 0.054458 0.730028 0.167148 0.003547
3 2 0.004600 0.003079 0.298404 0.693437 0.000480
2 2 0.000888 0.003468 0.524097 0.471368 0.000179
3 2 0.015446 0.008242 0.373583 0.601680 0.001050
2 2 0.002692 0.022666 0.825713 0.147247 0.001683
2 2 0.024658 0.036409 0.690942 0.244228 0.003763
2 3 0.015866 0.017564 0.795808 0.169637 0.001125
2 3 0.013412 0.101771 0.832483 0.048125 0.004210
2 3 0.004682 0.011981 0.924798 0.058088 0.000451
2 2 0.006643 0.044188 0.884740 0.060711 0.003718
2 2 0.002660 0.005804 0.738875 0.252551 0.000110
2 2 0.002340 0.012892 0.840355 0.144227 0.000186
2 2 0.012282 0.018417 0.820548 0.148246 0.000506
2 2 0.016830 0.025153 0.874476 0.082724 0.000817
2 2 0.020864 0.045519 0.838123 0.093646 0.001847
2 2 0.003682 0.015159 0.898745 0.082063 0.000350
2 2 0.010608 0.011100 0.617838 0.359241 0.001213
2 2 0.017081 0.021131 0.868759 0.088684 0.004345
2 2 0.020478 0.022777 0.905356 0.050712 0.000677
2 2 0.013678 0.009550 0.623489 0.352745 0.000537
2 2 0.008832 0.060124 0.877977 0.047229 0.005839
2 2 0.051458 0.055603 0.860611 0.030243 0.002084
2 2 0.013308 0.038001 0.836584 0.110403 0.001703
2 2 0.005470 0.024383 0.887642 0.081277 0.001227
2 2 0.001611 0.014051 0.920921 0.062762 0.000655
2 2 0.002058 0.012385 0.959476 0.025940 0.000140
2 0 0.307124 0.080968 0.581996 0.022930 0.006982
0 0 0.601031 0.156988 0.220072 0.003914 0.017995
0 1 0.652096 0.180399 0.134531 0.000821 0.032152
2 1 0.187744 0.293246 0.492852 0.000702 0.025456
2 1 0.001358 0.007476 0.985719 0.005248 0.000198
2 1 0.000454 0.010528 0.986333 0.002450 0.000235
2 2 0.004364 0.022500 0.963724 0.007857 0.001554
2 2 0.000536 0.005942 0.937009 0.056394 0.000119
2 2 0.003081 0.050911 0.942318 0.000570 0.003121
2 2 0.000347 0.006038 0.977392 0.016065 0.000158
2 2 0.003175 0.009559 0.959760 0.027217 0.000289
2 2 0.000091 0.000962 0.861763 0.137170 0.000013
2 2 0.005624 0.012279 0.937374 0.042670 0.002053
3 2 0.001302 0.001827 0.411694 0.585061 0.000117
2 2 0.002863 0.006875 0.625339 0.363820 0.001102
3 2 0.001263 0.002533 0.193567 0.802346 0.000291
3 3 0.000056 0.000166 0.044835 0.954886 0.000057
3 3 0.000160 0.000728 0.168097 0.830941 0.000073
3 3 0.000175 0.000208 0.072189 0.927402 0.000025
3 3 0.008770 0.003980 0.208605 0.775441 0.003204
3 3 0.000133 0.000299 0.058162 0.941331 0.000075
3 3 0.000951 0.000646 0.054983 0.943268 0.000153
3 3 0.000072 0.000208 0.014044 0.985529 0.000147
3 3 0.000306 0.001072 0.122080 0.876286 0.000257
3 3 0.000392 0.002718 0.152200 0.843657 0.001032
3 3 0.015448 0.016929 0.331552 0.632413 0.003657
2 3 0.002317 0.009422 0.609024 0.377496 0.001740
2 2 0.000692 0.005752 0.764216 0.228829 0.000511
2 2 0.001357 0.005032 0.528114 0.462747 0.002750
3 2 0.002639 0.002169 0.134340 0.860322 0.000530
3 2 0.002838 0.004825 0.364216 0.627360 0.000761
3 2 0.000091 0.000666 0.185835 0.813297 0.000111
3 2 0.000635 0.001143 0.069964 0.928072 0.000186
2 2 0.025782 0.028059 0.540973 0.391650 0.013536
2 2 0.001043 0.017981 0.940981 0.037659 0.002336
3 2 0.001692 0.001993 0.471335 0.524820 0.000159
2 2 0.000625 0.007963 0.702869 0.288071 0.000473
2 2 0.004928 0.014425 0.894112 0.084485 0.002049
2 2 0.002290 0.008545 0.504162 0.484405 0.000598
3 2 0.000886 0.001437 0.273728 0.723810 0.000139
3 2 0.000727 0.001717 0.158666 0.838260 0.000630
3 2 0.002058 0.003529 0.127922 0.865351 0.001140
3 2 0.000237 0.000438 0.074439 0.924838 0.000047
3 3 0.000638 0.000537 0.033473 0.964967 0.000385
3 3 0.001134 0.000815 0.031125 0.966488 0.000438
3 3 0.002891 0.000783 0.022171 0.973512 0.000642
3 3 0.001935 0.002852 0.028388 0.964122 0.002702
2 3 0.105123 0.030301 0.539579 0.319666 0.005331
2 3 0.028325 0.057545 0.752003 0.152795 0.009331
2 3 0.047536 0.077984 0.849695 0.020376 0.004410
2 3 0.006870 0.029119 0.921818 0.039512 0.002682
2 3 0.013275 0.031875 0.909277 0.044590 0.000982
2 3 0.022476 0.034890 0.869598 0.068228 0.004808
2 3 0.002032 0.010779 0.953550 0.032906 0.000732
2 3 0.001954 0.009121 0.650578 0.337840 0.000507
3 3 0.001876 0.005586 0.441549 0.550154 0.000834
3 3 0.001526 0.004484 0.441445 0.552196 0.000350
3 3 0.002696 0.005492 0.347305 0.643588 0.000920
3 3 0.001600 0.004342 0.304764 0.688691 0.000602
2 3 0.005700 0.012534 0.525322 0.455275 0.001168
2 3 0.028060 0.038258 0.790663 0.141206 0.001813
3 3 0.003322 0.006529 0.430287 0.559137 0.000725
2 3 0.015334 0.031293 0.758010 0.193166 0.002196
2 3 0.032770 0.030658 0.641909 0.291454 0.003209
2 3 0.030412 0.028307 0.810261 0.129422 0.001597
2 1 0.032440 0.110274 0.841174 0.013471 0.002641
2 1 0.174476 0.158612 0.647314 0.013167 0.006432
2 1 0.013731 0.030130 0.853649 0.101734 0.000755
2 1 0.080541 0.113005 0.775157 0.027521 0.003776
2 2 0.320704 0.147404 0.510393 0.012392 0.009107
2 2 0.103809 0.037136 0.768497 0.088293 0.002265
0 2 0.800835 0.099319 0.068208 0.002646 0.028992
2 1 0.376592 0.175452 0.394114 0.029861 0.023981
2 2 0.006733 0.059903 0.917129 0.014048 0.002188
2 2 0.003257 0.014372 0.955400 0.026281 0.000690
2 2 0.002417 0.014593 0.960523 0.021781 0.000686
2 4 0.016424 0.036470 0.930086 0.008876 0.008144
4 4 0.447721 0.031725 0.005564 0.000036 0.514954
4 4 0.167687 0.045098 0.002982 0.000000 0.784232
0 4 0.834986 0.010311 0.000804 0.000006 0.153893
4 4 0.217861 0.006430 0.001603 0.000034 0.774072
0 4 0.744363 0.032994 0.009251 0.000029 0.213364
4 4 0.388643 0.113461 0.026908 0.000013 0.470975
4 4 0.237250 0.025173 0.001439 0.000000 0.736137
4 4 0.075719 0.039810 0.004294 0.000000 0.880178
4 4 0.027032 0.160006 0.057750 0.000014 0.755199
4 4 0.342550 0.030232 0.002265 0.000000 0.624954
4 4 0.218201 0.136276 0.011100 0.000000 0.634423
4 4 0.174417 0.055053 0.006002 0.000000 0.764528
4 4 0.070846 0.325680 0.104486 0.000015 0.498973
4 4 0.092268 0.370047 0.053524 0.000000 0.484161
4 4 0.046666 0.097486 0.055613 0.000015 0.800220
4 4 0.135807 0.059621 0.021001 0.000004 0.783567
4 4 0.409397 0.068194 0.006225 0.000000 0.516184
4 4 0.177581 0.021154 0.001436 0.000000 0.799829
4 4 0.127597 0.053734 0.008304 0.000000 0.810366
0 4 0.516143 0.331098 0.075620 0.000002 0.077136
0 4 0.678496 0.242530 0.034577 0.000000 0.044396
2 4 0.025730 0.204894 0.740207 0.000279 0.028891
2 4 0.165295 0.326370 0.463262 0.000331 0.044742
2 4 0.044285 0.173461 0.755347 0.000609 0.026298
2 4 0.029388 0.089008 0.875292 0.002175 0.004137
2 4 0.063102 0.082718 0.848406 0.001125 0.004649
2 4 0.012743 0.135092 0.832534 0.001623 0.018008
2 4 0.121509 0.210051 0.651830 0.004004 0.012606
2 4 0.003447 0.033283 0.960372 0.000965 0.001933
2 4 0.023153 0.096962 0.869641 0.001217 0.009027
2 4 0.001126 0.020997 0.976128 0.000946 0.000803
2 2 0.035135 0.218349 0.711685 0.000011 0.034820
2 2 0.005206 0.029657 0.957888 0.006446 0.000804
2 2 0.003938 0.054026 0.938186 0.000894 0.002957
2 2 0.034158 0.115235 0.832015 0.012010 0.006582
2 2 0.003936 0.058647 0.932994 0.000680 0.003742
2 2 0.268429 0.098545 0.616739 0.011031 0.005255
2 2 0.268717 0.311579 0.402065 0.000606 0.017033
2 2 0.010712 0.076279 0.907508 0.004009 0.001492
2 2 0.009977 0.067434 0.914711 0.006901 0.000977
2 2 0.054005 0.142520 0.785837 0.012132 0.005506
2 2 0.029902 0.137388 0.824875 0.002331 0.005505
0 2 0.354085 0.342228 0.290975 0.001035 0.011677
2 2 0.020026 0.102071 0.872314 0.000679 0.004910
2 2 0.040148 0.106342 0.822779 0.027556 0.003174
2 2 0.039937 0.084373 0.865543 0.007967 0.002181
2 2 0.016226 0.093584 0.868706 0.020353 0.001133
2 2 0.009828 0.063667 0.924166 0.001429 0.000909
2 2 0.017238 0.042661 0.929500 0.009468 0.001133
0 2 0.399108 0.376419 0.191668 0.000498 0.032306
2 2 0.008722 0.041250 0.945284 0.001935 0.002809
2 2 0.004733 0.031786 0.961721 0.000042 0.001718
2 2 0.004826 0.063318 0.925123 0.000018 0.006715
2 2 0.004038 0.039059 0.953412 0.000166 0.003325
2 2 0.000245 0.008498 0.989289 0.001504 0.000464
2 2 0.002720 0.023509 0.971990 0.001190 0.000591
2 2 0.001487 0.018901 0.970821 0.006071 0.002721
2 2 0.004602 0.014014 0.979879 0.001254 0.000250
2 2 0.001061 0.018602 0.966646 0.012929 0.000762
2 2 0.004908 0.014100 0.970795 0.009448 0.000749
2 2 0.001752 0.010978 0.886659 0.098506 0.002105
2 2 0.004354 0.005628 0.914979 0.074497 0.000541
2 2 0.013162 0.012315 0.937165 0.033596 0.003762
2 2 0.002256 0.002360 0.831695 0.163323 0.000366
2 2 0.001309 0.010570 0.503550 0.482088 0.002482
2 2 0.000601 0.006630 0.537619 0.452720 0.002430
3 2 0.001391 0.001564 0.282727 0.714197 0.000122
2 2 0.006401 0.012928 0.554371 0.422338 0.003961
3 2 0.004859 0.007292 0.384312 0.600345 0.003191
3 2 0.003976 0.004859 0.199002 0.791506 0.000657
2 2 0.001072 0.023464 0.886267 0.060462 0.028734
2 2 0.000798 0.007323 0.934330 0.056749 0.000800
2 2 0.000525 0.003375 0.849566 0.146325 0.000210
2 2 0.003731 0.013663 0.678305 0.301686 0.002615
2 2 0.001720 0.006721 0.734298 0.255716 0.001545
2 2 0.001518 0.005709 0.643461 0.347419 0.001894
2 2 0.004663 0.008244 0.735299 0.249326 0.002467
3 2 0.003344 0.004578 0.103825 0.884924 0.003329
3 2 0.010707 0.014279 0.412473 0.556499 0.006042
2 2 0.002256 0.013278 0.833044 0.146363 0.005059
2 2 0.002696 0.007455 0.773211 0.215562 0.001076
2 2 0.000718 0.005211 0.600968 0.389503 0.003600
3 2 0.011717 0.008467 0.381748 0.595851 0.002217
3 2 0.001681 0.004191 0.480472 0.512403 0.001252
3 2 0.000019 0.000192 0.212002 0.787770 0.000017
3 2 0.003376 0.003356 0.197747 0.792607 0.002913
3 2 0.004575 0.003205 0.123348 0.867947 0.000925
3 3 0.004593 0.005847 0.134424 0.853218 0.001918
3 3 0.008049 0.005562 0.152661 0.831009 0.002719
3 3 0.005751 0.003612 0.141997 0.847212 0.001427
3 3 0.002279 0.001530 0.111907 0.883971 0.000313
3 3 0.001882 0.001949 0.050989 0.944362 0.000818
3 3 0.002686 0.003685 0.069785 0.920676 0.003168
3 3 0.000525 0.001653 0.092563 0.903220 0.002040
3 3 0.001374 0.002779 0.167084 0.827473 0.001290
3 3 0.002935 0.003876 0.169394 0.822499 0.001296
3 3 0.001927 0.001568 0.043508 0.951706 0.001291
3 3 0.001948 0.001897 0.068418 0.925926 0.001811
3 3 0.000211 0.000661 0.071469 0.926639 0.001019
3 3 0.000682 0.001206 0.070347 0.927514 0.000251
3 3 0.003331 0.002520 0.075899 0.917057 0.001193
3 3 0.000860 0.002097 0.104982 0.891798 0.000263
3 3 0.000905 0.001245 0.038001 0.958437 0.001411
3 3 0.000289 0.000827 0.090807 0.907842 0.000235
3 3 0.000830 0.002058 0.092455 0.903868 0.000790
3 3 0.002556 0.001392 0.032958 0.962341 0.000753
3 3 0.006099 0.003030 0.046657 0.942444 0.001771
3 3 0.000494 0.000518 0.030958 0.967835 0.000195
3 3 0.008170 0.006005 0.065210 0.917818 0.002797
3 3 0.004289 0.002956 0.054319 0.935714 0.002722
3 3 0.004734 0.004955 0.075520 0.911614 0.003177
3 3 0.010654 0.004274 0.051900 0.930230 0.002941
3 3 0.005277 0.004648 0.045221 0.939715 0.005138
3 3 0.001879 0.001364 0.025908 0.968463 0.002386
3 3 0.001952 0.001611 0.070717 0.925131 0.000588
3 3 0.002363 0.002479 0.044219 0.946109 0.004830
3 3 0.005673 0.006079 0.036353 0.947382 0.004513
3 3 0.003184 0.002683 0.035370 0.957376 0.001387
3 3 0.005257 0.007945 0.062205 0.920673 0.003921
3 3 0.004960 0.005407 0.132921 0.855415 0.001297
3 3 0.005896 0.005009 0.076264 0.909170 0.003662
2 3 0.035610 0.023590 0.524408 0.407152 0.009241
2 3 0.038361 0.154359 0.742818 0.048939 0.015523
2 3 0.007398 0.054004 0.897605 0.034764 0.006230
2 2 0.004419 0.034261 0.943029 0.016265 0.002026
2 2 0.003578 0.027908 0.962834 0.004381 0.001299
2 2 0.001315 0.030480 0.959815 0.006401 0.001989
2 2 0.003647 0.021585 0.950370 0.021115 0.003284
2 2 0.000908 0.011098 0.949589 0.036553 0.001851
2 2 0.001040 0.019791 0.907183 0.069874 0.002111
2 2 0.006930 0.033386 0.897783 0.058761 0.003140
2 2 0.002431 0.011807 0.931494 0.053227 0.001041
2 2 0.000856 0.008795 0.964053 0.025921 0.000374
2 2 0.001055 0.015486 0.820979 0.161129 0.001350
2 2 0.003068 0.011204 0.868129 0.115267 0.002332
2 2 0.004406 0.017075 0.924183 0.047191 0.007146
2 2 0.000398 0.006512 0.831286 0.160009 0.001796
2 2 0.017256 0.021641 0.718363 0.240362 0.002378
2 2 0.005175 0.007956 0.498544 0.487500 0.000824
2 2 0.008239 0.015927 0.698713 0.272845 0.004275
3 2 0.001135 0.003442 0.149833 0.841161 0.004430
3 2 0.000591 0.002167 0.368437 0.628486 0.000319
3 2 0.004155 0.007441 0.350585 0.635293 0.002527
3 2 0.004367 0.006604 0.250935 0.735959 0.002135
3 2 0.001903 0.003590 0.234051 0.759018 0.001439
3 3 0.002898 0.009440 0.195165 0.783085 0.009411
2 3 0.001186 0.005431 0.576494 0.415684 0.001206
3 3 0.010249 0.011595 0.318546 0.653192 0.006418
3 3 0.006485 0.006631 0.339066 0.646819 0.000999
3 3 0.001424 0.008251 0.124363 0.861658 0.004303
2 3 0.004489 0.027065 0.758698 0.205660 0.004087
3 3 0.006109 0.010513 0.481902 0.500421 0.001055
2 3 0.000530 0.005815 0.603237 0.389852 0.000566
3 3 0.003952 0.007328 0.337667 0.650116 0.000937
2 3 0.003249 0.012693 0.527614 0.452266 0.004179
3 3 0.001336 0.004204 0.168794 0.824766 0.000900
2 3 0.005433 0.017973 0.721621 0.246889 0.008084
2 3 0.003259 0.014986 0.603439 0.376905 0.001411
3 3 0.000613 0.002586 0.243589 0.752527 0.000684
3 3 0.009328 0.019946 0.277331 0.687416 0.005979
3 3 0.004708 0.003165 0.132184 0.858576 0.001366
3 3 0.002583 0.011514 0.239374 0.743839 0.002691
3 3 0.004728 0.010534 0.196002 0.782565 0.006171
3 3 0.000265 0.001441 0.089432 0.906781 0.002082
3 3 0.004296 0.005667 0.130699 0.855939 0.003399
3 2 0.000775 0.001879 0.139072 0.857632 0.000643
2 2 0.007857 0.025402 0.867675 0.092659 0.006407
2 2 0.001895 0.009092 0.750748 0.237634 0.000631
2 2 0.037735 0.064455 0.876637 0.013373 0.007799
2 2 0.007207 0.029045 0.955053 0.007558 0.001136
2 2 0.001559 0.027992 0.967102 0.002567 0.000779
2 2 0.003085 0.027483 0.951631 0.016621 0.001180
2 2 0.002946 0.027351 0.966794 0.001771 0.001138
2 2 0.022846 0.038223 0.897398 0.034801 0.006731
2 2 0.002048 0.024304 0.960053 0.011226 0.002369
2 2 0.000752 0.013661 0.943632 0.041006 0.000948
2 1 0.006924 0.041926 0.936932 0.007070 0.007147
2 1 0.003070 0.009085 0.831753 0.153930 0.002162
4 1 0.272422 0.168958 0.020609 0.000001 0.538010
4 1 0.358117 0.128686 0.010143 0.000000 0.503053
1 1 0.326050 0.371269 0.094563 0.000622 0.207496
4 1 0.104974 0.109996 0.019737 0.000005 0.765288
4 4 0.096434 0.103372 0.038691 0.000052 0.761451
2 4 0.154365 0.268621 0.448202 0.000113 0.128699
0 4 0.746866 0.146335 0.038316 0.000130 0.068353
0 4 0.492104 0.297597 0.128967 0.000444 0.080888
0 4 0.794028 0.092333 0.027322 0.000019 0.086298
0 4 0.472678 0.216623 0.266002 0.005491 0.039206
2 4 0.216951 0.170346 0.591614 0.002483 0.018606
0 4 0.435800 0.217975 0.289952 0.001735 0.054537
0 4 0.708391 0.196906 0.038243 0.000002 0.056458
0 4 0.493728 0.285628 0.114937 0.000019 0.105689
2 4 0.304008 0.298869 0.352588 0.001755 0.042779
0 4 0.516889 0.319307 0.097762 0.000512 0.065530
2 4 0.031051 0.220501 0.703967 0.000472 0.044009
2 4 0.108415 0.253453 0.369526 0.000529 0.268077
0 4 0.495917 0.335671 0.057574 0.000008 0.110831
1 4 0.040403 0.444742 0.247514 0.000096 0.267245
2 4 0.012952 0.116907 0.843567 0.000516 0.026058
0 4 0.506527 0.272541 0.035581 0.000012 0.185339
0 4 0.415833 0.170138 0.011074 0.000005 0.402951
4 4 0.224466 0.071060 0.009670 0.000002 0.694803
4 4 0.363585 0.006518 0.001609 0.000001 0.628288
4 4 0.136485 0.019802 0.005517 0.000007 0.838189
4 4 0.116278 0.022920 0.006437 0.000008 0.854357
4 4 0.063613 0.012245 0.002912 0.000000 0.921229
4 4 0.305249 0.021529 0.002897 0.000001 0.670324
0 4 0.877933 0.005981 0.000405 0.000001 0.115680
0 4 0.797023 0.099181 0.028160 0.000443 0.075193
1 4 0.243050 0.418894 0.049362 0.000001 0.288693
4 4 0.076489 0.405778 0.057142 0.000000 0.460591
0 4 0.537780 0.067331 0.010220 0.000000 0.384669
4 4 0.383976 0.131296 0.013740 0.000000 0.470988
4 4 0.172074 0.166809 0.035877 0.000004 0.625236
4 4 0.113012 0.011337 0.002327 0.000002 0.873322
4 4 0.147232 0.346627 0.059052 0.000019 0.447070
4 4 0.047248 0.012596 0.002818 0.000001 0.937337
4 4 0.176220 0.116416 0.024218 0.000001 0.683144
4 4 0.225776 0.351730 0.040287 0.000000 0.382207
4 4 0.252000 0.071152 0.011478 0.000003 0.665367
4 4 0.086450 0.355682 0.104922 0.000008 0.452938
4 4 0.068748 0.403968 0.111960 0.000000 0.415324
4 4 0.053342 0.277595 0.057888 0.000000 0.611175
4 4 0.139792 0.249557 0.031202 0.000001 0.579448
1 4 0.081451 0.390556 0.370586 0.000011 0.157395
2 4 0.003613 0.060007 0.930304 0.000101 0.005974
0 4 0.451310 0.310400 0.054920 0.000000 0.183371
1 4 0.097228 0.379049 0.237628 0.000025 0.286070
4 4 0.114740 0.344914 0.050369 0.000002 0.489976
4 4 0.193050 0.173736 0.039426 0.000001 0.593787
4 4 0.152500 0.141775 0.019426 0.000001 0.686298
4 4 0.094132 0.118433 0.050264 0.000003 0.737168
1 4 0.109783 0.402260 0.090085 0.000002 0.397870
0 4 0.658950 0.080268 0.008743 0.000000 0.252039
1 4 0.230592 0.462298 0.106563 0.000006 0.200541
2 4 0.011454 0.218424 0.686466 0.000029 0.083628
2 4 0.024292 0.163088 0.787202 0.000046 0.025372
2 4 0.026635 0.165816 0.766224 0.000123 0.041202
2 4 0.002243 0.045558 0.947449 0.000092 0.004657
2 4 0.002730 0.045593 0.945999 0.000013 0.005665
2 4 0.003447 0.074232 0.906811 0.000025 0.015485
2 4 0.041731 0.267833 0.643621 0.000028 0.046788
1 2 0.086509 0.417123 0.351081 0.000003 0.145283
2 2 0.007820 0.206758 0.649360 0.000043 0.136019
1 2 0.051709 0.400047 0.267835 0.000001 0.280409
4 2 0.061340 0.219527 0.061251 0.000027 0.657854
2 2 0.030326 0.301206 0.529078 0.000018 0.139372
4 2 0.048104 0.331507 0.261108 0.000030 0.359252
2 2 0.017470 0.127476 0.824838 0.000157 0.030058
2 2 0.065766 0.222162 0.673125 0.000009 0.038937
2 2 0.007572 0.119572 0.852932 0.000027 0.019898
2 2 0.003839 0.077582 0.903094 0.000014 0.015471
2 2 0.002055 0.017912 0.977049 0.000302 0.002683
2 2 0.001199 0.028678 0.966892 0.000036 0.003195
2 2 0.001470 0.041051 0.949117 0.000040 0.008323
2 2 0.001980 0.035304 0.960377 0.000064 0.002275
2 2 0.000344 0.011386 0.987531 0.000057 0.000682
2 2 0.000671 0.014280 0.983336 0.000190 0.001522
2 2 0.003438 0.056010 0.933082 0.000014 0.007456
2 2 0.000200 0.013258 0.983235 0.001361 0.001946
2 2 0.000310 0.013282 0.985126 0.000451 0.000831
2 2 0.001955 0.051881 0.934253 0.000469 0.011443
2 2 0.000695 0.012687 0.985617 0.000196 0.000805
2 2 0.001243 0.020064 0.977566 0.000017 0.001110
2 2 0.004174 0.059484 0.931843 0.000057 0.004443
2 2 0.000687 0.023756 0.973063 0.000072 0.002422
2 2 0.001464 0.021914 0.975560 0.000191 0.000872
2 2 0.000156 0.006892 0.992272 0.000213 0.000466
2 2 0.003248 0.032841 0.962267 0.000050 0.001595
2 2 0.000614 0.029622 0.965139 0.000313 0.004312
2 2 0.001044 0.018879 0.978240 0.000302 0.001535
2 2 0.001112 0.011814 0.986005 0.000282 0.000787
2 2 0.000527 0.013308 0.984372 0.000157 0.001636
2 2 0.000474 0.012217 0.985629 0.000266 0.001414
2 2 0.000675 0.011740 0.985596 0.000735 0.001253
2 2 0.000363 0.008761 0.983691 0.005586 0.001599
2 2 0.000722 0.014047 0.981951 0.002184 0.001097
2 2 0.002654 0.014373 0.980395 0.001475 0.001103
2 2 0.003399 0.028879 0.962426 0.003034 0.002262
2 2 0.000700 0.020426 0.975850 0.001436 0.001588
2 2 0.000644 0.011126 0.984482 0.002785 0.000963
2 2 0.002799 0.025344 0.965996 0.003074 0.002788
2 2 0.000550 0.010856 0.986675 0.001176 0.000742
2 2 0.001824 0.012290 0.971396 0.011567 0.002923
2 2 0.001045 0.012747 0.981806 0.003445 0.000957
2 2 0.001060 0.011615 0.977200 0.009182 0.000943
2 2 0.001189 0.011973 0.981886 0.004083 0.000870
2 2 0.002197 0.020555 0.969552 0.006870 0.000826
2 2 0.000850 0.009225 0.889169 0.100069 0.000687
2 2 0.000938 0.010061 0.975255 0.013175 0.000572
2 2 0.000457 0.008717 0.978360 0.011876 0.000590
2 2 0.002254 0.022582 0.968284 0.004192 0.002689
2 2 0.001372 0.014558 0.980584 0.002185 0.001301
2 2 0.001320 0.010242 0.974910 0.012635 0.000893
2 2 0.000241 0.010679 0.968518 0.018766 0.001795
2 2 0.002474 0.024832 0.962545 0.007848 0.002302
2 2 0.001675 0.010040 0.960265 0.027515 0.000505
2 2 0.000654 0.013131 0.944540 0.038832 0.002843
2 2 0.001119 0.007698 0.957771 0.031813 0.001599
2 2 0.000564 0.006336 0.729690 0.261856 0.001553
2 2 0.009189 0.027654 0.901329 0.057801 0.004027
2 2 0.002609 0.030558 0.947002 0.012413 0.007418
2 2 0.000860 0.007578 0.763819 0.224151 0.003592
2 2 0.000634 0.005725 0.830932 0.161904 0.000805
2 2 0.004921 0.029677 0.851109 0.101559 0.012734
2 2 0.001450 0.008246 0.636514 0.353450 0.000339
2 2 0.002840 0.015322 0.871657 0.108489 0.001693
2 2 0.009122 0.034807 0.737222 0.204878 0.013971
2 2 0.001089 0.008663 0.799736 0.187688 0.002824
2 2 0.000665 0.008878 0.677485 0.311279 0.001693
2 2 0.001388 0.011507 0.876473 0.098881 0.011750
3 2 0.001004 0.003560 0.392516 0.602481 0.000439
2 2 0.003092 0.017324 0.782837 0.191609 0.005139
2 2 0.001164 0.007768 0.782327 0.207569 0.001172
2 2 0.009407 0.026410 0.777407 0.180867 0.005908
2 2 0.001681 0.012702 0.790431 0.192824 0.002362
2 2 0.043436 0.042641 0.577342 0.330939 0.005642
2 2 0.348493 0.103089 0.515003 0.024270 0.009145
0 2 0.452873 0.289523 0.244235 0.000760 0.012608
2 2 0.125833 0.185558 0.679220 0.003421 0.005967
2 2 0.011567 0.047101 0.937275 0.002039 0.002019
2 2 0.005841 0.060221 0.930206 0.001819 0.001913
2 2 0.009758 0.078188 0.908233 0.000443 0.003377
2 2 0.002589 0.029245 0.967127 0.000286 0.000753
2 2 0.002489 0.015885 0.968777 0.012356 0.000493
2 2 0.012982 0.078274 0.903636 0.000242 0.004867
2 2 0.007330 0.073142 0.915411 0.000345 0.003772
2 2 0.012530 0.034189 0.944749 0.005980 0.002552
2 2 0.004160 0.036301 0.953674 0.004456 0.001409
2 2 0.016156 0.051031 0.918033 0.012024 0.002756
2 2 0.010646 0.041384 0.932711 0.011855 0.003404
2 2 0.008393 0.049211 0.936332 0.001184 0.004879
2 2 0.011924 0.046338 0.933028 0.004632 0.004078
2 2 0.013154 0.042681 0.911770 0.030575 0.001820
2 2 0.005674 0.034658 0.951186 0.006317 0.002165
2 2 0.003525 0.038736 0.949132 0.004679 0.003928
2 2 0.034329 0.045787 0.909832 0.007983 0.002069
2 2 0.005769 0.018343 0.952930 0.021633 0.001324
2 2 0.005680 0.024305 0.948707 0.017648 0.003660
2 2 0.003289 0.023932 0.944247 0.026578 0.001954
2 2 0.004351 0.016225 0.940728 0.034221 0.004475
2 2 0.009107 0.013258 0.840451 0.133824 0.003360
2 2 0.151428 0.149866 0.667008 0.023021 0.008676
2 2 0.053306 0.103777 0.793459 0.043819 0.005639
2 2 0.019895 0.038696 0.926547 0.013338 0.001525
2 2 0.001270 0.014290 0.980397 0.003677 0.000367
2 2 0.002783 0.040217 0.951747 0.004290 0.000963
2 2 0.001540 0.022533 0.957284 0.018405 0.000238
2 2 0.009064 0.051809 0.933870 0.003513 0.001744
2 2 0.003732 0.027786 0.966064 0.001946 0.000471
2 2 0.002824 0.025806 0.967837 0.002878 0.000654
2 2 0.004488 0.032483 0.957967 0.004023 0.001039
2 2 0.000678 0.004697 0.973776 0.020738 0.000110
2 2 0.014339 0.081120 0.899723 0.003599 0.001219
2 2 0.022021 0.086596 0.879709 0.009046 0.002628
2 2 0.007214 0.011860 0.972619 0.008001 0.000305
2 2 0.001215 0.016632 0.969269 0.012637 0.000247
2 2 0.001140 0.016947 0.976462 0.005193 0.000258
2 2 0.002913 0.038733 0.950256 0.006798 0.001299
2 2 0.102595 0.103428 0.774613 0.013678 0.005686
2 2 0.143334 0.087123 0.762408 0.002206 0.004929
2 2 0.011782 0.093707 0.889740 0.000498 0.004273
2 2 0.004754 0.041637 0.951903 0.000399 0.001307
2 2 0.001278 0.014413 0.973531 0.010225 0.000553
2 2 0.008140 0.033446 0.956859 0.000506 0.001049
2 2 0.002980 0.029908 0.963820 0.002348 0.000944
2 2 0.005501 0.023957 0.949947 0.019811 0.000784
2 2 0.006008 0.026798 0.957543 0.005504 0.004147
2 2 0.011031 0.030941 0.950982 0.005822 0.001224
2 2 0.012635 0.062666 0.918886 0.002979 0.002834
2 2 0.007875 0.040016 0.887644 0.062057 0.002408
2 2 0.005621 0.042271 0.935488 0.010836 0.005784
2 2 0.019702 0.029840 0.939280 0.010187 0.000991
2 2 0.004096 0.020244 0.940453 0.034785 0.000422
2 2 0.000945 0.011202 0.981042 0.006556 0.000255
2 2 0.009785 0.032444 0.913964 0.042419 0.001387
2 2 0.001861 0.025676 0.948949 0.020614 0.002899
2 2 0.001548 0.006414 0.937404 0.054522 0.000112
2 2 0.008862 0.051457 0.929058 0.007189 0.003434
2 2 0.003374 0.016549 0.915191 0.063618 0.001268
2 2 0.148836 0.048170 0.718519 0.080522 0.003953
2 2 0.056205 0.079289 0.842124 0.015250 0.007131
2 1 0.007748 0.073376 0.907899 0.006955 0.004021
2 1 0.001214 0.010015 0.983053 0.005434 0.000285
2 1 0.041849 0.159386 0.749507 0.001214 0.048043
1 4 0.159581 0.429041 0.318577 0.000005 0.092796
1 4 0.265757 0.365833 0.288673 0.000899 0.078838
0 4 0.613785 0.246461 0.071332 0.000036 0.068386
1 4 0.167686 0.356715 0.345823 0.000147 0.129629
4 4 0.369300 0.111190 0.034265 0.000005 0.485240
4 4 0.069741 0.432243 0.065552 0.000001 0.432463
4 4 0.029756 0.033499 0.007764 0.000003 0.928979
4 4 0.188614 0.314060 0.080835 0.000005 0.416487
4 4 0.108502 0.077175 0.013587 0.000001 0.800735
4 4 0.059779 0.022026 0.005558 0.000020 0.912617
0 4 0.755270 0.109852 0.011863 0.000001 0.123014
0 4 0.435465 0.222071 0.022237 0.000000 0.320227
4 4 0.147545 0.063171 0.009947 0.000001 0.779337
4 4 0.181899 0.209268 0.017332 0.000002 0.591499
4 4 0.191014 0.226645 0.027078 0.000001 0.555262
4 4 0.091122 0.061421 0.007776 0.000000 0.839681
4 4 0.190563 0.265403 0.042361 0.000004 0.501668
4 4 0.135746 0.032950 0.007685 0.000015 0.823603
4 4 0.445424 0.014558 0.000968 0.000000 0.539050
4 4 0.068595 0.051414 0.002805 0.000000 0.877186
4 4 0.187055 0.016338 0.003984 0.000001 0.792622
0 4 0.639736 0.017658 0.003648 0.000000 0.338957
0 4 0.548567 0.016732 0.003284 0.000001 0.431416
0 4 0.734352 0.184377 0.041524 0.000060 0.039687
0 4 0.456324 0.396195 0.039573 0.000000 0.107909
1 4 0.237261 0.395933 0.112475 0.000007 0.254324
0 4 0.705847 0.167530 0.007400 0.000000 0.119222
1 4 0.275524 0.407943 0.067016 0.000001 0.249516
4 4 0.285251 0.157604 0.024695 0.000001 0.532450
1 4 0.257508 0.446643 0.107380 0.000000 0.188470
0 4 0.546368 0.259649 0.109052 0.000031 0.084900
1 1 0.247374 0.396715 0.336022 0.002622 0.017266
0 1 0.395579 0.230512 0.345890 0.000725 0.027293
0 1 0.755618 0.161626 0.056241 0.000018 0.026497
2 1 0.337029 0.188272 0.437147 0.000324 0.037230
0 1 0.822199 0.128065 0.028377 0.000018 0.021342
0 1 0.454624 0.254932 0.273025 0.001268 0.016151
1 1 0.247730 0.379763 0.332944 0.001136 0.038426
2 1 0.166164 0.246102 0.560540 0.003532 0.023662
2 1 0.072890 0.118875 0.798916 0.002850 0.006470
2 2 0.129243 0.250396 0.602966 0.001081 0.016314
2 2 0.057106 0.196017 0.722197 0.000102 0.024578
2 2 0.115098 0.135260 0.744933 0.001770 0.002939
2 2 0.011036 0.084379 0.900542 0.000281 0.003761
2 2 0.012403 0.075361 0.907505 0.002202 0.002528
2 2 0.029799 0.098523 0.862062 0.003701 0.005914
2 2 0.115814 0.356297 0.501096 0.000338 0.026454
2 2 0.199532 0.074194 0.686342 0.033523 0.006409
0 2 0.951906 0.040422 0.003353 0.000000 0.004319
2 1 0.044657 0.278431 0.577463 0.000012 0.099436
0 1 0.465062 0.208916 0.311118 0.000520 0.014384
2 1 0.166444 0.340699 0.465543 0.000079 0.027235
2 1 0.004030 0.074723 0.905120 0.000106 0.016021
2 1 0.009638 0.054096 0.932603 0.000550 0.003112
2 1 0.001355 0.031876 0.963872 0.000109 0.002787
2 1 0.000831 0.018948 0.978438 0.000015 0.001769
2 1 0.001672 0.051548 0.935400 0.000101 0.011278
2 1 0.001420 0.023930 0.973595 0.000249 0.000806
2 1 0.001481 0.031637 0.961115 0.000034 0.005732
2 1 0.000970 0.022166 0.974872 0.000017 0.001974
2 1 0.000667 0.028539 0.966123 0.000098 0.004572
2 1 0.112134 0.175470 0.703739 0.001917 0.006739
0 0 0.921218 0.054030 0.009877 0.000025 0.014850
0 0 0.938740 0.040456 0.010588 0.000068 0.010148
0 0 0.894410 0.078347 0.015290 0.000052 0.011901
0 0 0.959265 0.017383 0.004518 0.000342 0.018492
0 0 0.899790 0.053125 0.037737 0.000233 0.009115
0 0 0.818080 0.113018 0.056755 0.000211 0.011936
0 0 0.919834 0.041634 0.028896 0.000256 0.009381
0 0 0.974578 0.014006 0.002095 0.000028 0.009294
0 0 0.968776 0.013020 0.001205 0.000003 0.016996
0 0 0.983183 0.007587 0.003118 0.000007 0.006105
0 0 0.959969 0.013423 0.006181 0.000181 0.020246
0 0 0.995065 0.003312 0.000399 0.000000 0.001224
0 0 0.993287 0.004943 0.000916 0.000000 0.000854
0 0 0.993089 0.005411 0.000589 0.000000 0.000911
0 0 0.987912 0.008318 0.002211 0.000002 0.001558
0 0 0.994905 0.003845 0.000438 0.000000 0.000812
0 0 0.990241 0.008121 0.000720 0.000000 0.000917
0 0 0.991789 0.005819 0.001107 0.000001 0.001283
0 0 0.996724 0.002169 0.000335 0.000000 0.000772
0 0 0.993915 0.005243 0.000396 0.000000 0.000446
0 0 0.989405 0.008677 0.000600 0.000000 0.001318
0 0 0.989159 0.009155 0.000720 0.000000 0.000967
0 0 0.960738 0.031711 0.001579 0.000000 0.005972
0 1 0.909184 0.056676 0.009221 0.000001 0.024917
0 1 0.969443 0.025404 0.002686 0.000001 0.002466
0 1 0.976606 0.020332 0.001746 0.000000 0.001316
0 1 0.795569 0.151943 0.015744 0.000002 0.036742
0 1 0.674975 0.224720 0.048928 0.000007 0.051370
0 1 0.405298 0.385596 0.148896 0.000019 0.060191
0 1 0.866141 0.107021 0.011237 0.000000 0.015600
0 1 0.692223 0.210128 0.045740 0.000006 0.051903
0 1 0.553101 0.305024 0.096023 0.000016 0.045836
0 1 0.866812 0.115535 0.009987 0.000000 0.007665
0 1 0.742183 0.169182 0.047760 0.000003 0.040872
0 0 0.921270 0.057077 0.013099 0.000003 0.008552
0 0 0.952686 0.025936 0.007744 0.000001 0.013633
0 0 0.984556 0.004847 0.000585 0.000000 0.010013
0 0 0.967549 0.025453 0.003551 0.000003 0.003444
0 1 0.917666 0.069045 0.007825 0.000004 0.005460
1 1 0.361210 0.457241 0.126999 0.000021 0.054528
0 1 0.598611 0.271980 0.109571 0.000114 0.019724
0 1 0.809705 0.140128 0.029604 0.000032 0.020531
0 1 0.586334 0.313514 0.052504 0.000002 0.047646
0 1 0.403182 0.377106 0.185366 0.000016 0.034329
2 1 0.028351 0.211433 0.733521 0.000425 0.026270
2 1 0.013436 0.109376 0.870455 0.000662 0.006071
0 1 0.564324 0.330859 0.079022 0.000002 0.025792
2 1 0.170512 0.373308 0.419144 0.000049 0.036987
2 1 0.041293 0.168868 0.777461 0.000663 0.011714
2 1 0.006845 0.067268 0.921308 0.000047 0.004531
2 1 0.009900 0.104563 0.874013 0.000327 0.011197
2 1 0.001256 0.034109 0.960803 0.000260 0.003572
2 1 0.033189 0.183809 0.770800 0.000754 0.011448
2 1 0.002460 0.040695 0.954144 0.000462 0.002238
2 2 0.003074 0.046050 0.947112 0.000049 0.003716
2 2 0.002787 0.025868 0.968371 0.002696 0.000277
1 2 0.209794 0.424135 0.304581 0.000006 0.061484
2 2 0.011065 0.114126 0.866282 0.000584 0.007943
2 2 0.039688 0.219821 0.695172 0.000018 0.045300
2 2 0.004976 0.065187 0.924148 0.000635 0.005053
2 2 0.000967 0.019100 0.978710 0.000697 0.000525
2 2 0.004771 0.058845 0.932145 0.000197 0.004041
2 2 0.004263 0.053565 0.938890 0.000565 0.002717
2 2 0.004204 0.026564 0.967010 0.001747 0.000475
2 2 0.000926 0.027497 0.969035 0.000144 0.002398
2 2 0.004014 0.046734 0.947093 0.000332 0.001827
2 2 0.002663 0.033888 0.962128 0.000024 0.001297
2 2 0.004579 0.040874 0.953324 0.000193 0.001029
2 2 0.003773 0.038168 0.956476 0.000761 0.000822
2 2 0.000816 0.012477 0.986384 0.000153 0.000170
1 2 0.209085 0.500787 0.247615 0.000747 0.041766
2 2 0.055363 0.307405 0.536314 0.000108 0.100810
2 2 0.003266 0.023120 0.972951 0.000114 0.000548
2 2 0.006022 0.031491 0.960523 0.001208 0.000754
2 2 0.001865 0.010973 0.985731 0.000902 0.000529
2 2 0.001845 0.027831 0.968920 0.000487 0.000917
2 2 0.006253 0.030745 0.961112 0.001025 0.000865
2 2 0.002498 0.034716 0.960878 0.000209 0.001699
2 2 0.110929 0.097989 0.788173 0.000244 0.002666
2 2 0.004647 0.055749 0.936103 0.000209 0.003291
2 2 0.011973 0.054203 0.925103 0.006770 0.001951
2 2 0.007348 0.024139 0.959681 0.008028 0.000804
2 2 0.005113 0.025149 0.960110 0.008777 0.000852
0 2 0.725453 0.184051 0.071511 0.000091 0.018895
2 2 0.033628 0.144370 0.801697 0.001165 0.019141
2 2 0.006549 0.056842 0.933044 0.001671 0.001893
2 2 0.008365 0.053152 0.935986 0.000601 0.001895
2 2 0.009059 0.052665 0.932357 0.000412 0.005507
2 2 0.032284 0.193231 0.750276 0.000221 0.023988
2 2 0.035933 0.194948 0.748645 0.000086 0.020388
1 2 0.253075 0.447774 0.243009 0.000372 0.055770
2 2 0.035960 0.216672 0.716073 0.000213 0.031082
1 2 0.348845 0.487288 0.125022 0.000236 0.038609
1 2 0.191782 0.424994 0.307718 0.000003 0.075502
0 1 0.758017 0.153712 0.079012 0.000116 0.009144
1 1 0.393522 0.436472 0.097306 0.000004 0.072696
0 1 0.817565 0.121138 0.044103 0.000002 0.017191
2 1 0.181938 0.370115 0.374044 0.000030 0.073873
2 1 0.018025 0.054874 0.912956 0.004296 0.009849
2 1 0.028131 0.136715 0.818943 0.000345 0.015865
0 1 0.661002 0.256900 0.043709 0.000000 0.038388
2 1 0.014044 0.155581 0.800518 0.000116 0.029740
2 1 0.051923 0.166276 0.770374 0.000171 0.011256
2 1 0.000325 0.013010 0.985268 0.000110 0.001287
0 2 0.577176 0.211083 0.107241 0.000114 0.104385
1 2 0.132869 0.394984 0.385455 0.000005 0.086686
0 2 0.739460 0.160782 0.016792 0.000000 0.082965
1 2 0.262816 0.451934 0.188811 0.000000 0.096439
2 2 0.081662 0.366894 0.457024 0.000012 0.094409
0 2 0.545908 0.218597 0.060617 0.000068 0.174809
0 2 0.946334 0.035077 0.002291 0.000000 0.016298
0 2 0.539738 0.247216 0.026963 0.000000 0.186083
0 4 0.530132 0.221439 0.055259 0.000001 0.193170
0 4 0.581041 0.239555 0.025395 0.000000 0.154009
4 4 0.237851 0.260751 0.063437 0.000007 0.437953
0 4 0.887751 0.062725 0.010113 0.000005 0.039406
1 4 0.101611 0.492686 0.188765 0.000008 0.216930
1 4 0.244434 0.427549 0.096774 0.000005 0.231237
4 4 0.127699 0.343757 0.088793 0.000002 0.439748
4 4 0.389376 0.046328 0.012296 0.000007 0.551993
