0 0 0.857508 0.046922 0.022081 0.000813 0.072675
0 0 0.682749 0.095922 0.051594 0.001234 0.168501
0 0 0.891144 0.031293 0.009977 0.001009 0.066577
0 0 0.762128 0.059882 0.026774 0.004173 0.147043
0 0 0.843192 0.050169 0.019404 0.003963 0.083271
0 0 0.665614 0.068630 0.030864 0.005215 0.229676
0 0 0.946259 0.025294 0.008115 0.001325 0.019006
0 0 0.897741 0.039961 0.018429 0.000532 0.043337
0 0 0.945446 0.023537 0.009005 0.000286 0.021726
0 0 0.963642 0.012692 0.003254 0.000037 0.020375
0 0 0.713960 0.078696 0.041829 0.000934 0.164581
0 0 0.522422 0.170095 0.086565 0.001371 0.219547
0 0 0.924935 0.027652 0.011941 0.004364 0.031108
0 0 0.668527 0.152599 0.057715 0.000752 0.120407
0 0 0.740856 0.102995 0.063460 0.000134 0.092555
0 0 0.925949 0.042090 0.015464 0.000671 0.015826
0 0 0.916193 0.050965 0.016676 0.000949 0.015218
1 1 0.030290 0.607476 0.218096 0.000846 0.143291
1 1 0.017098 0.674666 0.096016 0.000867 0.211353
1 1 0.024736 0.615812 0.098293 0.001187 0.259972
1 1 0.027006 0.560600 0.129337 0.005016 0.278040
1 1 0.029518 0.625443 0.097619 0.001141 0.246280
1 4 0.031127 0.495863 0.103612 0.001616 0.367782
4 4 0.091251 0.152346 0.053112 0.003869 0.699422
4 4 0.083167 0.200442 0.061770 0.003359 0.651262
4 4 0.048976 0.214184 0.079029 0.007665 0.650147
4 4 0.033249 0.275778 0.105867 0.004262 0.580845
4 4 0.021413 0.170938 0.055295 0.000858 0.751496
1 4 0.028805 0.510324 0.167583 0.005250 0.288037
4 4 0.034191 0.179740 0.083028 0.001640 0.701400
4 4 0.103458 0.092243 0.032779 0.002079 0.769440
4 4 0.058198 0.132992 0.044081 0.002415 0.762315
4 4 0.038160 0.135284 0.049237 0.003556 0.773763
4 4 0.031449 0.099302 0.036350 0.002302 0.830597
4 4 0.085094 0.109539 0.037337 0.002159 0.765872
4 4 0.114714 0.135303 0.044967 0.002728 0.702288
4 4 0.071728 0.061755 0.026798 0.000908 0.838811
4 4 0.078911 0.078520 0.028494 0.000597 0.813478
4 4 0.082085 0.277266 0.071159 0.002497 0.566992
4 4 0.035300 0.402186 0.084631 0.001760 0.476123
4 4 0.057350 0.234131 0.062920 0.002239 0.643360
4 4 0.037241 0.434775 0.085279 0.000784 0.441920
4 4 0.048265 0.233188 0.044696 0.000243 0.673608
4 4 0.030721 0.318031 0.079948 0.002539 0.568761
1 4 0.032520 0.614418 0.111345 0.002163 0.239554
1 4 0.008287 0.558990 0.162022 0.000725 0.269976
1 4 0.021982 0.566751 0.182111 0.004297 0.224860
1 4 0.011651 0.525539 0.250061 0.003852 0.208897
0 4 0.672823 0.067038 0.033841 0.001835 0.224463
0 0 0.821556 0.086284 0.035985 0.001458 0.054717
0 0 0.837528 0.028007 0.015001 0.000236 0.119228
0 0 0.846648 0.042378 0.009896 0.000220 0.100858
0 0 0.883068 0.037253 0.015058 0.002239 0.062382
0 0 0.886464 0.030337 0.011248 0.001815 0.070136
0 0 0.989201 0.005855 0.001698 0.000263 0.002984
0 0 0.968050 0.011696 0.006083 0.000186 0.013985
0 0 0.989235 0.004469 0.001877 0.000018 0.004401
0 0 0.957675 0.017813 0.008774 0.000034 0.015704
0 0 0.515761 0.168994 0.047605 0.003052 0.264587
0 0 0.676080 0.093615 0.028402 0.001223 0.200680
0 0 0.503653 0.137309 0.052522 0.003262 0.303254
0 0 0.430491 0.173117 0.051512 0.000606 0.344274
4 0 0.145178 0.370208 0.105147 0.007107 0.372361
4 1 0.122649 0.330816 0.066317 0.000415 0.479804
4 1 0.083155 0.289348 0.090169 0.001302 0.536025
1 1 0.211520 0.505651 0.124241 0.008721 0.149868
0 1 0.392847 0.277885 0.087691 0.002675 0.238901
4 1 0.037843 0.332149 0.171121 0.004016 0.454871
1 1 0.053905 0.443316 0.184866 0.005517 0.312396
1 1 0.020165 0.600450 0.250859 0.014472 0.114054
1 1 0.022810 0.585364 0.277830 0.008894 0.105102
2 1 0.004874 0.217681 0.738505 0.012804 0.026137
1 1 0.012691 0.485141 0.394888 0.013016 0.094263
2 1 0.010424 0.366633 0.514176 0.010804 0.097963
2 1 0.008738 0.092795 0.882115 0.007699 0.008652
2 1 0.001641 0.043653 0.945135 0.003512 0.006059
2 1 0.003546 0.077949 0.910123 0.002608 0.005775
2 2 0.009746 0.187455 0.764458 0.024122 0.014219
2 2 0.005452 0.070155 0.901725 0.013582 0.009087
2 2 0.005067 0.071140 0.903563 0.012731 0.007499
2 2 0.005198 0.057775 0.909455 0.022894 0.004677
2 2 0.005666 0.066470 0.909159 0.010361 0.008344
2 2 0.002772 0.040811 0.803665 0.149379 0.003374
2 2 0.005254 0.020762 0.741158 0.231706 0.001120
2 2 0.004184 0.063225 0.609484 0.311713 0.011394
2 2 0.001412 0.033710 0.876611 0.085855 0.002412
2 2 0.006998 0.050561 0.653339 0.284531 0.004571
3 3 0.002520 0.021541 0.430323 0.542797 0.002819
2 3 0.004189 0.030791 0.491996 0.467850 0.005172
3 3 0.003150 0.055723 0.292522 0.637705 0.010901
3 3 0.004440 0.015876 0.161123 0.812643 0.005918
3 3 0.002949 0.017609 0.193789 0.782339 0.003314
3 3 0.003298 0.008102 0.064647 0.919273 0.004679
3 3 0.000872 0.002050 0.028677 0.966813 0.001587
3 3 0.001438 0.002240 0.033008 0.962037 0.001277
3 3 0.002039 0.007067 0.059336 0.927348 0.004209
3 3 0.002175 0.006080 0.052841 0.934726 0.004178
3 3 0.000287 0.000717 0.016617 0.981870 0.000509
3 3 0.000950 0.002395 0.031554 0.963331 0.001769
3 3 0.003058 0.004283 0.038982 0.949015 0.004662
3 3 0.000391 0.000872 0.017882 0.980154 0.000701
3 3 0.000978 0.001774 0.025378 0.970238 0.001632
3 3 0.000740 0.001430 0.022827 0.973739 0.001263
3 3 0.000406 0.000899 0.018154 0.979813 0.000727
3 3 0.000408 0.000834 0.017917 0.980226 0.000615
3 3 0.000610 0.001231 0.021199 0.975905 0.001056
3 3 0.000660 0.001309 0.021850 0.975045 0.001136
3 3 0.000285 0.000682 0.015839 0.982670 0.000524
3 3 0.000228 0.000574 0.014543 0.984229 0.000427
3 3 0.000392 0.000874 0.017903 0.980128 0.000703
3 3 0.000160 0.000437 0.012700 0.986394 0.000308
3 3 0.000571 0.001170 0.020672 0.976593 0.000994
3 3 0.000176 0.000469 0.013163 0.985856 0.000336
3 3 0.002077 0.003177 0.033732 0.957748 0.003265
3 3 0.000084 0.000264 0.009899 0.989583 0.000170
3 3 0.001347 0.002273 0.028650 0.965538 0.002191
3 3 0.000401 0.000890 0.018068 0.979922 0.000719
3 3 0.000229 0.000576 0.014562 0.984206 0.000428
3 3 0.000528 0.001101 0.020064 0.977382 0.000925
3 3 0.000110 0.000327 0.011003 0.988341 0.000219
3 3 0.000357 0.000814 0.017282 0.980901 0.000646
3 3 0.000624 0.001253 0.021391 0.975652 0.001079
3 3 0.000201 0.000518 0.013853 0.985051 0.000376
3 3 0.000068 0.000224 0.009108 0.990461 0.000139
3 3 0.000105 0.000314 0.010777 0.988597 0.000208
3 3 0.000604 0.001222 0.021126 0.976000 0.001047
3 3 0.000337 0.000777 0.016893 0.981382 0.000611
3 3 0.000234 0.000586 0.014687 0.984056 0.000437
3 3 0.000070 0.000229 0.009207 0.990351 0.000143
3 3 0.000047 0.000169 0.007928 0.991756 0.000100
3 3 0.000085 0.000267 0.009948 0.989528 0.000172
3 3 0.000190 0.000497 0.013546 0.985407 0.000360
3 3 0.000103 0.000310 0.010717 0.988664 0.000205
3 3 0.000034 0.000132 0.007017 0.992742 0.000075
3 3 0.001876 0.002936 0.032464 0.959752 0.002973
3 3 0.000306 0.000721 0.016280 0.982134 0.000559
3 3 0.000345 0.000792 0.017049 0.981189 0.000625
3 3 0.000137 0.000387 0.011961 0.987248 0.000267
3 3 0.000294 0.000700 0.016040 0.982426 0.000540
3 3 0.000284 0.000680 0.015819 0.982695 0.000522
3 3 0.000700 0.001369 0.022343 0.974389 0.001199
3 3 0.000126 0.000362 0.011576 0.987688 0.000247
3 3 0.000460 0.000989 0.019032 0.978705 0.000814
3 3 0.000039 0.000145 0.007343 0.992390 0.000083
3 3 0.000476 0.001016 0.019291 0.978375 0.000841
3 3 0.000046 0.000167 0.007879 0.991808 0.000099
3 3 0.000594 0.001206 0.020991 0.976178 0.001031
3 3 0.000183 0.000483 0.013355 0.985632 0.000348
3 3 0.000122 0.000353 0.011427 0.987859 0.000239
3 3 0.000417 0.000917 0.018330 0.979592 0.000744
3 3 0.000160 0.000437 0.012700 0.986395 0.000308
3 3 0.000057 0.000195 0.008519 0.991110 0.000119
3 3 0.000043 0.000157 0.007632 0.992077 0.000091
3 3 0.000152 0.000420 0.012453 0.986681 0.000294
3 3 0.000231 0.000580 0.014619 0.984138 0.000432
3 3 0.000148 0.000411 0.012326 0.986827 0.000287
3 3 0.000515 0.001080 0.019873 0.977629 0.000904
3 3 0.000401 0.000857 0.017936 0.980144 0.000662
3 3 0.000677 0.001335 0.022064 0.974761 0.001163
3 3 0.000106 0.000317 0.010833 0.988533 0.000211
3 3 0.000337 0.000777 0.016895 0.981379 0.000612
3 3 0.000425 0.000931 0.018468 0.979419 0.000758
3 3 0.000158 0.000419 0.012562 0.986576 0.000285
3 3 0.000185 0.000487 0.013412 0.985565 0.000351
3 3 0.000090 0.000278 0.010155 0.989296 0.000181
3 3 0.000970 0.001763 0.025295 0.970353 0.001619
3 3 0.004429 0.020680 0.120198 0.840106 0.014586
3 3 0.003793 0.042639 0.234257 0.702834 0.016477
3 3 0.007877 0.039933 0.214116 0.724541 0.013533
3 3 0.014278 0.042039 0.328479 0.596828 0.018375
3 3 0.007797 0.048454 0.360494 0.568155 0.015101
3 3 0.020943 0.113826 0.380966 0.448211 0.036053
2 2 0.013949 0.066112 0.561816 0.331022 0.027101
2 2 0.009646 0.134871 0.603431 0.189856 0.062196
2 2 0.016389 0.254355 0.373405 0.232768 0.123084
2 2 0.018975 0.285988 0.360932 0.227541 0.106564
2 4 0.040069 0.283288 0.284628 0.143602 0.248413
1 4 0.018582 0.357986 0.352026 0.126994 0.144413
4 4 0.052390 0.354292 0.145870 0.020813 0.426635
1 4 0.025771 0.448168 0.290840 0.074040 0.161180
1 4 0.025349 0.413851 0.302982 0.077619 0.180199
1 4 0.023789 0.438080 0.321944 0.088004 0.128183
1 4 0.016983 0.367344 0.366012 0.137217 0.112445
1 4 0.022794 0.420311 0.308314 0.081287 0.167295
2 4 0.014247 0.374133 0.423352 0.079987 0.108281
2 2 0.013479 0.291383 0.448257 0.093333 0.153548
2 2 0.005812 0.127678 0.664245 0.159277 0.042988
1 2 0.025146 0.404942 0.385419 0.041355 0.143137
1 2 0.016592 0.418723 0.354491 0.074012 0.136182
2 2 0.015108 0.282011 0.403902 0.165665 0.133314
2 2 0.009490 0.172804 0.461132 0.216189 0.140386
2 2 0.009345 0.282084 0.511719 0.051582 0.145271
2 2 0.010612 0.075175 0.819279 0.068092 0.026842
2 2 0.003979 0.090377 0.684682 0.201866 0.019095
2 2 0.010002 0.056965 0.883476 0.032890 0.016667
2 2 0.002689 0.039677 0.896369 0.049160 0.012105
2 2 0.004198 0.075705 0.906443 0.004783 0.008870
2 2 0.006273 0.113987 0.852160 0.012612 0.014967
2 2 0.013152 0.161645 0.790906 0.018846 0.015450
2 2 0.014188 0.303670 0.582872 0.032987 0.066282
2 2 0.001334 0.099187 0.844205 0.044799 0.010476
2 2 0.017232 0.258848 0.654145 0.020418 0.049356
2 2 0.001916 0.072515 0.904184 0.017840 0.003546
2 2 0.005656 0.069318 0.877134 0.039564 0.008328
2 2 0.003865 0.157999 0.767506 0.053910 0.016721
2 2 0.007776 0.174385 0.708234 0.092004 0.017601
2 2 0.003082 0.103278 0.795902 0.089893 0.007844
2 2 0.009586 0.199991 0.706691 0.051545 0.032187
1 2 0.051004 0.376910 0.280163 0.011108 0.280815
2 2 0.012482 0.364969 0.511772 0.065795 0.044982
2 2 0.014311 0.408218 0.454431 0.057382 0.065657
2 2 0.005078 0.135905 0.693881 0.082517 0.082618
2 2 0.011880 0.408375 0.475198 0.045432 0.059114
2 2 0.004267 0.208546 0.725487 0.028999 0.032701
2 2 0.023788 0.381077 0.454587 0.067015 0.073533
2 2 0.005328 0.406535 0.522514 0.030301 0.035322
2 2 0.006407 0.217020 0.713964 0.038995 0.023615
2 2 0.003095 0.175762 0.762303 0.047885 0.010954
2 2 0.001070 0.044791 0.948737 0.002714 0.002688
2 2 0.003417 0.085856 0.765525 0.137055 0.008147
2 2 0.002562 0.035149 0.855764 0.105584 0.000941
2 2 0.004160 0.083869 0.844119 0.060026 0.007826
2 2 0.005557 0.110423 0.713016 0.164195 0.006809
2 2 0.003777 0.081847 0.845990 0.062024 0.006362
2 2 0.004809 0.105426 0.725454 0.155823 0.008488
2 2 0.001103 0.032664 0.727705 0.235029 0.003499
2 2 0.003106 0.093376 0.821471 0.068121 0.013925
2 2 0.009240 0.169436 0.672504 0.088682 0.060139
2 2 0.004936 0.090113 0.755842 0.135276 0.013833
2 2 0.008041 0.209337 0.692579 0.038331 0.051712
2 2 0.016237 0.329974 0.502229 0.083817 0.067743
2 2 0.003320 0.164228 0.698499 0.118994 0.014959
2 2 0.002556 0.104456 0.806656 0.074792 0.011540
2 2 0.005803 0.112060 0.814668 0.055591 0.011879
2 2 0.004016 0.067472 0.813042 0.108859 0.006611
2 2 0.004007 0.119461 0.808306 0.060318 0.007909
2 2 0.005554 0.068723 0.687855 0.234696 0.003173
2 2 0.004457 0.091845 0.820486 0.078214 0.004998
2 2 0.008003 0.129321 0.733701 0.117124 0.011851
2 2 0.003527 0.070550 0.752550 0.167059 0.006314
2 2 0.003285 0.072412 0.767789 0.143806 0.012709
2 2 0.010477 0.178059 0.730518 0.061385 0.019561
2 2 0.001758 0.047750 0.884713 0.062408 0.003372
2 2 0.001213 0.086694 0.776531 0.130921 0.004641
2 2 0.003276 0.104794 0.654929 0.229907 0.007095
2 2 0.002085 0.102715 0.780634 0.106809 0.007756
2 2 0.006807 0.130478 0.819423 0.026775 0.016517
2 2 0.039856 0.275006 0.598454 0.012711 0.073973
2 2 0.002450 0.146803 0.649741 0.185816 0.015189
2 2 0.003016 0.106594 0.803246 0.071051 0.016092
2 2 0.015069 0.263875 0.522882 0.150742 0.047432
2 2 0.018973 0.322095 0.505934 0.076461 0.076537
2 2 0.019091 0.327635 0.516267 0.059145 0.077861
1 2 0.021231 0.532645 0.306679 0.053354 0.086091
1 2 0.040918 0.403104 0.299295 0.026485 0.230198
2 2 0.006676 0.170747 0.545426 0.224738 0.052412
2 2 0.005147 0.133320 0.733314 0.108323 0.019896
2 2 0.003595 0.089237 0.866981 0.014491 0.025696
2 2 0.013003 0.376322 0.464678 0.087136 0.058861
2 2 0.006757 0.274232 0.649332 0.024464 0.045214
2 2 0.006353 0.167063 0.788793 0.016252 0.021540
2 2 0.008110 0.337358 0.506689 0.106349 0.041494
2 2 0.010171 0.372948 0.519521 0.044450 0.052910
1 2 0.010639 0.504965 0.395359 0.032019 0.057018
2 2 0.009573 0.418941 0.472257 0.048297 0.050931
2 2 0.000963 0.061250 0.910443 0.024628 0.002716
2 2 0.008856 0.144672 0.774453 0.061923 0.010096
2 2 0.002929 0.122732 0.796123 0.068035 0.010181
2 2 0.004132 0.161383 0.743483 0.079709 0.011293
2 2 0.011692 0.399375 0.470765 0.069959 0.048209
2 2 0.007672 0.067121 0.832781 0.089093 0.003332
2 2 0.004813 0.089089 0.886616 0.013016 0.006467
2 2 0.016778 0.312493 0.570555 0.023836 0.076338
2 2 0.011996 0.367151 0.476549 0.088771 0.055532
2 2 0.015473 0.187061 0.699516 0.063402 0.034548
1 2 0.236331 0.414679 0.167845 0.032568 0.148577
0 0 0.473087 0.339460 0.093701 0.007687 0.086064
1 0 0.120318 0.763465 0.090153 0.001311 0.024753
1 0 0.050208 0.795980 0.115740 0.002736 0.035336
1 0 0.027099 0.606332 0.313355 0.013103 0.040110
1 1 0.030451 0.730902 0.176602 0.010509 0.051535
1 1 0.023340 0.482409 0.306672 0.101557 0.086022
1 2 0.014688 0.532395 0.348111 0.034590 0.070215
1 2 0.030731 0.500728 0.276769 0.087560 0.104212
1 2 0.016787 0.419833 0.404433 0.063377 0.095570
1 2 0.026536 0.397666 0.347434 0.056894 0.171470
1 2 0.024563 0.448562 0.311009 0.106597 0.109270
2 2 0.010047 0.279157 0.533206 0.071529 0.106061
1 2 0.019077 0.447939 0.330438 0.129243 0.073303
2 2 0.003706 0.091836 0.774146 0.118289 0.012023
2 2 0.002702 0.083790 0.779779 0.126345 0.007384
2 2 0.008823 0.319857 0.567596 0.064642 0.039082
2 2 0.001977 0.042335 0.939677 0.012418 0.003592
2 2 0.005127 0.249558 0.652158 0.062531 0.030625
1 2 0.138965 0.447162 0.302064 0.011992 0.099817
0 0 0.370580 0.277811 0.159145 0.019491 0.172974
1 0 0.066660 0.430472 0.285962 0.010721 0.206185
1 1 0.018999 0.589118 0.288792 0.014892 0.088198
1 1 0.019944 0.444739 0.390194 0.028266 0.116857
2 2 0.013903 0.335998 0.573371 0.016800 0.059928
1 2 0.019830 0.478877 0.394589 0.027454 0.079250
1 2 0.037016 0.430867 0.400777 0.019141 0.112199
1 2 0.042398 0.534055 0.275048 0.017378 0.131120
1 2 0.041991 0.515511 0.281466 0.031664 0.129368
1 2 0.041381 0.400119 0.178514 0.009526 0.370459
1 2 0.017287 0.490685 0.325140 0.026258 0.140630
2 2 0.016924 0.395544 0.429539 0.044586 0.113406
1 2 0.027993 0.437488 0.306201 0.006378 0.221941
1 2 0.026033 0.461765 0.357233 0.056174 0.098796
1 2 0.059922 0.579339 0.256211 0.021518 0.083009
1 2 0.084096 0.672414 0.162011 0.008531 0.072947
1 0 0.060164 0.631010 0.205192 0.011547 0.092087
0 0 0.685748 0.149748 0.051933 0.009668 0.102903
1 0 0.067009 0.588539 0.206053 0.020267 0.118132
1 0 0.043439 0.412785 0.240565 0.011128 0.292085
1 1 0.017754 0.607663 0.261500 0.004756 0.108327
1 1 0.028479 0.578205 0.247460 0.017243 0.128613
1 1 0.026963 0.603468 0.252743 0.023964 0.092862
1 2 0.009818 0.593362 0.341099 0.008870 0.046852
1 2 0.058258 0.420402 0.373032 0.017544 0.130764
1 2 0.014460 0.474990 0.411008 0.029063 0.070481
1 2 0.011462 0.461545 0.397422 0.073986 0.055585
2 2 0.009659 0.404667 0.497581 0.035700 0.052392
1 2 0.013096 0.571375 0.325837 0.022569 0.067122
2 2 0.013796 0.378224 0.500845 0.041720 0.065415
1 2 0.164003 0.336389 0.142857 0.022625 0.334126
1 0 0.112813 0.587469 0.176981 0.016929 0.105807
0 0 0.491443 0.216615 0.096291 0.014731 0.180919
1 0 0.047326 0.664918 0.173702 0.017553 0.096502
0 0 0.718713 0.150259 0.049826 0.001468 0.079734
0 0 0.633893 0.188239 0.069639 0.018257 0.089972
0 0 0.430938 0.228728 0.097046 0.001427 0.241861
1 0 0.147745 0.555775 0.187018 0.011897 0.097565
1 0 0.354061 0.357466 0.188333 0.007641 0.092499
1 0 0.353298 0.412920 0.102501 0.007015 0.124265
1 0 0.190442 0.453475 0.145488 0.015395 0.195200
1 1 0.022829 0.543384 0.351713 0.013505 0.068569
1 2 0.016640 0.518156 0.340743 0.008704 0.115757
1 2 0.016127 0.472006 0.376386 0.064725 0.070755
1 2 0.011253 0.563986 0.339336 0.025223 0.060202
2 2 0.008795 0.323002 0.572787 0.048568 0.046847
2 2 0.003180 0.160934 0.811973 0.017229 0.006684
2 2 0.002190 0.119654 0.860733 0.005201 0.012221
2 2 0.003443 0.111596 0.829679 0.050739 0.004542
2 2 0.002307 0.124202 0.854001 0.009114 0.010376
2 2 0.002052 0.142592 0.786727 0.053399 0.015230
2 2 0.005131 0.143608 0.755763 0.087269 0.008228
2 2 0.002643 0.104231 0.679305 0.206813 0.007008
2 2 0.006777 0.339498 0.584208 0.047969 0.021548
2 2 0.005311 0.147703 0.746076 0.093944 0.006966
2 2 0.003196 0.190764 0.714476 0.076886 0.014678
2 2 0.010171 0.368006 0.528684 0.052943 0.040197
2 2 0.010629 0.307527 0.570033 0.059777 0.052034
2 2 0.006154 0.348222 0.557313 0.051427 0.036884
2 2 0.017597 0.337175 0.540035 0.041213 0.063980
2 2 0.017801 0.277143 0.636379 0.043919 0.024758
2 2 0.009890 0.371237 0.514403 0.042995 0.061475
2 2 0.009785 0.320829 0.582449 0.036760 0.050177
1 2 0.015605 0.466648 0.403925 0.054041 0.059782
2 2 0.043343 0.256734 0.638095 0.022170 0.039659
1 2 0.030749 0.512453 0.344340 0.024220 0.088237
1 2 0.023530 0.629009 0.249597 0.023867 0.073997
1 2 0.094197 0.523473 0.256286 0.012222 0.113822
0 0 0.935430 0.021215 0.006371 0.000598 0.036386
0 0 0.889474 0.037429 0.019710 0.000432 0.052954
0 0 0.875432 0.042946 0.020604 0.000352 0.060666
1 0 0.271640 0.375706 0.116720 0.013922 0.222011
1 2 0.014478 0.454873 0.299950 0.005018 0.225680
1 2 0.018880 0.428147 0.231359 0.005660 0.315954
1 2 0.022830 0.367529 0.327030 0.033058 0.249553
1 2 0.018489 0.444530 0.202490 0.002426 0.332065
1 2 0.026257 0.403895 0.292313 0.060824 0.216711
1 2 0.020505 0.495897 0.215026 0.006906 0.261666
4 2 0.015675 0.352839 0.191370 0.001180 0.438936
1 2 0.011267 0.498607 0.175327 0.001434 0.313365
4 2 0.016549 0.197562 0.132977 0.000699 0.652214
4 4 0.053355 0.182275 0.071638 0.007983 0.684750
4 4 0.022497 0.190818 0.093079 0.001418 0.692187
4 4 0.024269 0.268052 0.099997 0.001016 0.606665
4 4 0.043040 0.155759 0.058411 0.005033 0.737757
4 4 0.043654 0.145620 0.073007 0.004262 0.733457
4 4 0.072293 0.154481 0.070282 0.012262 0.690682
4 4 0.074537 0.195941 0.086042 0.015101 0.628378
4 4 0.129091 0.182781 0.057687 0.003459 0.626982
4 4 0.035220 0.127455 0.081532 0.000872 0.754922
1 4 0.066608 0.425424 0.096169 0.002895 0.408904
1 4 0.060806 0.487736 0.115833 0.004669 0.330955
1 4 0.037752 0.438943 0.128694 0.009086 0.385525
1 4 0.038346 0.395920 0.177693 0.008233 0.379807
4 4 0.036090 0.183321 0.078166 0.002154 0.700270
1 4 0.017694 0.454632 0.193396 0.002765 0.331513
1 4 0.030121 0.503934 0.201793 0.018922 0.245230
1 4 0.025365 0.445698 0.156466 0.004638 0.367833
4 4 0.077385 0.212173 0.103402 0.016266 0.590774
1 1 0.100779 0.507413 0.168636 0.027175 0.195997
0 1 0.303730 0.269946 0.151750 0.011464 0.263109
1 1 0.048794 0.449514 0.284208 0.019417 0.198067
1 1 0.057781 0.545421 0.198909 0.028992 0.168897
1 0 0.174386 0.422901 0.158508 0.021019 0.223186
1 0 0.069415 0.515071 0.210681 0.030240 0.174593
1 0 0.259270 0.398684 0.213785 0.012252 0.116009
1 0 0.046920 0.490527 0.255484 0.034186 0.172883
1 0 0.090206 0.482912 0.220743 0.009583 0.196556
4 0 0.101225 0.304252 0.176015 0.012445 0.406063
4 0 0.223609 0.173412 0.075425 0.008097 0.519457
1 0 0.128230 0.415454 0.122946 0.010412 0.322958
1 0 0.103736 0.539238 0.224965 0.015359 0.116703
1 1 0.049368 0.571582 0.211488 0.020014 0.147548
1 1 0.031523 0.494611 0.218023 0.008981 0.246863
1 1 0.041029 0.576884 0.176108 0.008279 0.197700
1 0 0.104989 0.437647 0.224009 0.046573 0.186781
1 1 0.016156 0.583208 0.301036 0.022676 0.076924
1 1 0.026801 0.669367 0.191950 0.020088 0.091794
1 1 0.110497 0.504932 0.182656 0.042769 0.159147
1 1 0.115545 0.528984 0.180185 0.009788 0.165498
1 1 0.044070 0.654122 0.186377 0.016934 0.098497
1 1 0.025196 0.363375 0.280053 0.004156 0.327220
1 1 0.043138 0.656984 0.191528 0.014547 0.093802
1 1 0.020048 0.549694 0.337341 0.011577 0.081340
1 1 0.009282 0.503124 0.420856 0.009886 0.056852
2 1 0.026912 0.387168 0.421045 0.044940 0.119936
1 1 0.012219 0.585049 0.320599 0.016608 0.065525
1 1 0.011543 0.533660 0.371705 0.020814 0.062278
2 2 0.007610 0.329601 0.564026 0.056756 0.042007
2 2 0.006644 0.308840 0.620120 0.031785 0.032611
2 2 0.017966 0.325638 0.547569 0.037968 0.070858
2 2 0.009208 0.338336 0.575190 0.043077 0.034189
2 2 0.007386 0.320282 0.592557 0.037331 0.042444
2 2 0.007946 0.323934 0.604627 0.029546 0.033947
2 2 0.001866 0.145369 0.794842 0.049340 0.008582
2 2 0.001098 0.053359 0.940262 0.003205 0.002076
2 2 0.012556 0.303941 0.609179 0.037854 0.036471
1 2 0.057919 0.442131 0.371178 0.008912 0.119861
1 2 0.089461 0.525787 0.299189 0.006040 0.079522
0 2 0.840254 0.077253 0.027672 0.006375 0.048447
1 1 0.154179 0.526400 0.173046 0.023045 0.123330
0 0 0.401576 0.385922 0.109246 0.014648 0.088608
1 0 0.080574 0.569913 0.229144 0.013093 0.107276
1 0 0.073295 0.563729 0.300605 0.008017 0.054354
1 1 0.014413 0.616266 0.272249 0.027193 0.069879
1 1 0.066232 0.471406 0.265013 0.012499 0.184850
1 1 0.028007 0.618921 0.218912 0.027372 0.106787
1 1 0.074495 0.496738 0.318269 0.034064 0.076433
0 0 0.922970 0.030605 0.008596 0.000352 0.037477
0 0 0.441847 0.292667 0.086301 0.008744 0.170441
0 0 0.596502 0.152170 0.113439 0.002118 0.135771
4 0 0.103916 0.272578 0.127032 0.027775 0.468699
1 1 0.020239 0.432239 0.373878 0.039267 0.134378
1 2 0.027588 0.444723 0.345956 0.040194 0.141538
1 2 0.029253 0.431213 0.385759 0.022942 0.130834
2 2 0.008258 0.375847 0.544008 0.026868 0.045020
2 2 0.031871 0.219981 0.609331 0.079468 0.059350
2 2 0.017250 0.370086 0.454090 0.097879 0.060696
2 2 0.040227 0.331628 0.532726 0.015228 0.080190
1 2 0.116199 0.443385 0.341499 0.016272 0.082645
1 2 0.084419 0.532577 0.261217 0.008558 0.113229
0 1 0.371967 0.340656 0.187475 0.007503 0.092399
0 0 0.657673 0.108441 0.046670 0.001048 0.186169
1 0 0.041003 0.609120 0.222283 0.005996 0.121598
1 1 0.020575 0.539539 0.311733 0.036744 0.091409
1 1 0.021114 0.509567 0.307027 0.016260 0.146032
1 1 0.033171 0.412697 0.339445 0.032442 0.182245
2 1 0.029817 0.348389 0.501660 0.070907 0.049228
2 2 0.008588 0.316284 0.623680 0.032907 0.018542
2 2 0.002967 0.149925 0.818108 0.020214 0.008786
2 2 0.002658 0.085292 0.887543 0.021430 0.003077
2 2 0.013661 0.380254 0.497542 0.043785 0.064758
1 2 0.049695 0.559290 0.215167 0.032517 0.143331
1 1 0.068675 0.486668 0.327647 0.008216 0.108794
2 1 0.060787 0.397988 0.411067 0.024787 0.105371
2 2 0.006307 0.446021 0.493790 0.015137 0.038745
2 2 0.007024 0.114696 0.788812 0.077995 0.011474
2 2 0.002501 0.139466 0.831126 0.021205 0.005702
2 2 0.004017 0.114085 0.739253 0.116028 0.026616
2 2 0.003176 0.075417 0.907389 0.011692 0.002325
2 2 0.004702 0.170320 0.718182 0.095734 0.011063
2 2 0.001140 0.107864 0.813743 0.072736 0.004518
2 2 0.000868 0.039140 0.873726 0.084905 0.001361
2 2 0.005257 0.187458 0.590334 0.199674 0.017278
2 2 0.006816 0.181906 0.547320 0.248020 0.015939
2 2 0.002187 0.127680 0.809271 0.054803 0.006058
2 2 0.004047 0.091681 0.805871 0.092289 0.006112
2 2 0.003591 0.099160 0.774026 0.118345 0.004878
2 2 0.002637 0.190007 0.653991 0.138137 0.015229
2 2 0.003370 0.138478 0.671615 0.171755 0.014782
2 2 0.005524 0.255423 0.602915 0.105287 0.030850
2 2 0.004187 0.081131 0.710281 0.188905 0.015496
2 2 0.003561 0.132163 0.740109 0.103074 0.021092
1 2 0.265874 0.419354 0.151738 0.028638 0.134395
0 0 0.908864 0.026402 0.012902 0.000525 0.051307
1 0 0.204983 0.466048 0.206811 0.012290 0.109868
0 0 0.466588 0.333516 0.098639 0.014877 0.086380
0 0 0.401749 0.370793 0.131951 0.010150 0.085358
1 0 0.024671 0.649914 0.241795 0.024438 0.059183
1 1 0.063847 0.648201 0.191822 0.010532 0.085598
1 2 0.014411 0.565605 0.324673 0.024134 0.071176
2 2 0.025630 0.388755 0.491863 0.047148 0.046605
1 2 0.086567 0.643166 0.173225 0.011326 0.085716
1 2 0.105351 0.547864 0.245288 0.018167 0.083330
1 1 0.314106 0.463287 0.124635 0.012330 0.085642
1 1 0.029388 0.480889 0.406382 0.020296 0.063044
1 1 0.201240 0.398594 0.174215 0.059350 0.166601
0 1 0.362298 0.360848 0.093056 0.005827 0.177971
0 0 0.783482 0.059975 0.039752 0.002373 0.114418
0 0 0.967225 0.012592 0.003821 0.000441 0.015922
0 0 0.776196 0.051859 0.037885 0.002885 0.131174
0 0 0.912288 0.032560 0.011759 0.000281 0.043113
1 0 0.261851 0.416079 0.164167 0.024987 0.132916
1 2 0.077064 0.615671 0.110449 0.002424 0.194392
1 2 0.031761 0.437364 0.126702 0.007342 0.396830
4 2 0.033048 0.228167 0.071975 0.004083 0.662727
4 4 0.041036 0.152960 0.056585 0.004596 0.744823
4 4 0.041135 0.227338 0.077787 0.005917 0.647823
4 4 0.045237 0.114725 0.046764 0.004671 0.788603
4 4 0.029444 0.025044 0.012249 0.000823 0.932441
4 4 0.040784 0.093503 0.038396 0.003570 0.823748
4 4 0.026627 0.142384 0.091111 0.001052 0.738826
4 4 0.072546 0.053377 0.030700 0.007478 0.835900
4 4 0.046365 0.270981 0.092535 0.007848 0.582272
4 4 0.070469 0.034359 0.015376 0.001371 0.878424
4 4 0.102709 0.204247 0.076126 0.006196 0.610721
4 4 0.053524 0.065045 0.030576 0.003967 0.846889
4 4 0.069700 0.036905 0.014890 0.000965 0.877540
4 4 0.052670 0.159726 0.061504 0.005988 0.720112
4 4 0.030692 0.043290 0.019129 0.001638 0.905251
4 4 0.041497 0.050856 0.024134 0.002865 0.880649
4 4 0.066519 0.119035 0.055453 0.009188 0.749805
4 4 0.042419 0.143951 0.054115 0.004527 0.754987
4 4 0.053698 0.149150 0.061211 0.007165 0.728775
4 4 0.024631 0.281886 0.115521 0.001558 0.576405
4 4 0.065204 0.134694 0.060670 0.009471 0.729962
4 4 0.105793 0.131320 0.061775 0.011742 0.689370
4 4 0.033486 0.061907 0.032543 0.001472 0.870592
4 4 0.022688 0.398640 0.160849 0.003017 0.414806
1 4 0.034429 0.446863 0.238040 0.030802 0.249866
4 4 0.047857 0.338059 0.114568 0.011028 0.488488
1 4 0.039530 0.420027 0.129158 0.010385 0.400900
4 4 0.028755 0.363303 0.108480 0.004692 0.494770
1 4 0.022097 0.494446 0.209643 0.007074 0.266740
4 4 0.028210 0.167071 0.065586 0.002278 0.736856
1 4 0.015855 0.567224 0.168393 0.003163 0.245364
1 4 0.017259 0.505237 0.195351 0.002566 0.279588
1 4 0.047071 0.512444 0.219940 0.024007 0.196537
2 4 0.010470 0.375714 0.435449 0.013694 0.164673
1 4 0.017042 0.505298 0.225927 0.005620 0.246113
1 4 0.015664 0.489173 0.301888 0.008881 0.184394
1 4 0.009179 0.551158 0.299775 0.004784 0.135104
1 2 0.013680 0.601526 0.231311 0.005482 0.148002
1 2 0.018781 0.603707 0.201249 0.006193 0.170070
1 2 0.012023 0.437718 0.379572 0.013508 0.157178
2 2 0.020597 0.402806 0.422459 0.019588 0.134549
1 2 0.097508 0.469921 0.160725 0.019417 0.252430
0 0 0.825254 0.068340 0.022890 0.003271 0.080245
4 0 0.361667 0.149898 0.066849 0.015308 0.406278
1 0 0.273161 0.387544 0.136455 0.002923 0.199917
0 0 0.492100 0.154141 0.065814 0.015969 0.271977
1 0 0.071193 0.551525 0.247948 0.003214 0.126120
4 2 0.075734 0.264258 0.257674 0.014247 0.388086
1 2 0.020466 0.533507 0.311263 0.015034 0.119730
1 2 0.068752 0.657294 0.175732 0.011967 0.086255
0 0 0.929664 0.029714 0.010963 0.002586 0.027072
0 0 0.770162 0.104146 0.050597 0.009399 0.065695
1 0 0.117374 0.552390 0.167389 0.009898 0.152948
1 1 0.019831 0.479816 0.351738 0.031311 0.117304
1 1 0.013503 0.459848 0.412915 0.026905 0.086829
1 1 0.036088 0.557504 0.227121 0.038616 0.140672
1 1 0.031159 0.373751 0.372415 0.133085 0.089590
1 1 0.008889 0.520878 0.382473 0.008169 0.079591
1 1 0.014338 0.491926 0.367930 0.023586 0.102219
2 2 0.007917 0.289063 0.660632 0.028470 0.013918
2 2 0.003107 0.128340 0.834454 0.027950 0.006150
1 2 0.025614 0.506513 0.351324 0.071919 0.044629
2 2 0.002139 0.078335 0.900949 0.014657 0.003920
2 2 0.004792 0.128744 0.845385 0.005911 0.015169
2 2 0.002955 0.096075 0.854843 0.037871 0.008257
2 2 0.002096 0.092914 0.895811 0.005756 0.003423
2 2 0.001407 0.074381 0.907425 0.014162 0.002626
2 2 0.001967 0.085174 0.891919 0.017217 0.003724
2 2 0.001324 0.029828 0.941467 0.026432 0.000950
2 2 0.004404 0.109632 0.740754 0.139674 0.005537
2 2 0.002497 0.061102 0.888677 0.046517 0.001207
2 2 0.003049 0.062686 0.766140 0.165753 0.002371
2 2 0.002747 0.054921 0.747761 0.192356 0.002215
2 2 0.002919 0.054330 0.674544 0.265321 0.002886
2 2 0.001549 0.063952 0.472502 0.456764 0.005233
2 2 0.002794 0.069132 0.720731 0.204203 0.003139
2 2 0.002507 0.026178 0.542727 0.426973 0.001616
2 2 0.001946 0.035520 0.635743 0.325244 0.001547
3 3 0.001557 0.030452 0.313533 0.649911 0.004548
2 3 0.002360 0.028231 0.593757 0.373139 0.002514
3 3 0.003566 0.054492 0.209614 0.720300 0.012028
3 3 0.000826 0.009432 0.097239 0.889894 0.002608
3 3 0.002304 0.014994 0.105343 0.872773 0.004587
3 3 0.001826 0.013962 0.096601 0.882703 0.004907
3 3 0.000968 0.006062 0.060454 0.930076 0.002440
3 3 0.001291 0.008502 0.072854 0.914048 0.003305
3 3 0.000867 0.003913 0.045326 0.947933 0.001961
3 3 0.001187 0.004111 0.044503 0.947743 0.002455
3 3 0.002310 0.020218 0.119217 0.851768 0.006486
3 3 0.000956 0.002758 0.034835 0.959591 0.001861
3 3 0.000571 0.001169 0.020670 0.976596 0.000994
3 3 0.000223 0.000564 0.014421 0.984373 0.000418
3 3 0.001066 0.003789 0.042789 0.950130 0.002225
3 3 0.000280 0.000673 0.015729 0.982804 0.000515
3 3 0.002735 0.007035 0.056275 0.928848 0.005106
3 3 0.000418 0.000919 0.018358 0.979557 0.000747
3 3 0.000837 0.001573 0.023919 0.972258 0.001414
3 3 0.000577 0.001179 0.020752 0.976489 0.001003
3 3 0.000478 0.001019 0.019315 0.978344 0.000844
3 3 0.000969 0.002329 0.030833 0.964092 0.001776
3 3 0.000812 0.001546 0.023755 0.972509 0.001378
3 3 0.001172 0.002041 0.027180 0.967680 0.001928
3 3 0.000168 0.000453 0.012930 0.986128 0.000322
3 3 0.000746 0.001439 0.022897 0.973645 0.001272
3 3 0.000336 0.000776 0.016880 0.981398 0.000610
3 3 0.000362 0.000889 0.018373 0.979706 0.000670
3 3 0.000268 0.000650 0.015466 0.983122 0.000495
3 3 0.000291 0.000693 0.015965 0.982518 0.000534
3 3 0.000676 0.001333 0.022051 0.974778 0.001162
3 3 0.000345 0.000792 0.017054 0.981183 0.000625
3 3 0.000206 0.000530 0.013977 0.984900 0.000388
3 3 0.000429 0.000936 0.018526 0.979346 0.000763
3 3 0.000264 0.000643 0.015384 0.983220 0.000488
3 3 0.000057 0.000196 0.008528 0.991100 0.000119
3 3 0.001211 0.002093 0.027517 0.967192 0.001987
3 3 0.001035 0.001854 0.025926 0.969467 0.001719
3 3 0.000516 0.001081 0.019883 0.977616 0.000905
3 3 0.000283 0.000678 0.015796 0.982723 0.000520
3 3 0.000341 0.000784 0.016970 0.981288 0.000618
3 3 0.000273 0.000659 0.015577 0.982988 0.000503
3 3 0.000317 0.000741 0.016501 0.981863 0.000578
3 3 0.000160 0.000437 0.012707 0.986387 0.000309
3 3 0.000639 0.001276 0.021580 0.975403 0.001103
3 3 0.000523 0.001092 0.019989 0.977479 0.000917
3 3 0.000163 0.000443 0.012786 0.986295 0.000313
3 3 0.000503 0.001243 0.022059 0.975262 0.000933
3 3 0.001144 0.002003 0.026932 0.968035 0.001886
3 3 0.000328 0.000760 0.016715 0.981601 0.000596
3 3 0.000426 0.000932 0.018484 0.979398 0.000759
3 3 0.000429 0.000937 0.018527 0.979344 0.000763
3 3 0.000675 0.001331 0.022032 0.974803 0.001159
3 3 0.000282 0.000676 0.015770 0.982754 0.000518
3 3 0.000465 0.000998 0.019119 0.978594 0.000823
3 3 0.000419 0.000920 0.018369 0.979544 0.000748
3 3 0.000194 0.000506 0.013663 0.985269 0.000367
3 3 0.000172 0.000460 0.013037 0.986003 0.000328
3 3 0.000704 0.001376 0.022394 0.974320 0.001206
3 3 0.000366 0.000828 0.017437 0.980708 0.000660
3 3 0.000470 0.001007 0.019200 0.978491 0.000832
3 3 0.000365 0.000826 0.017412 0.980739 0.000658
3 3 0.000391 0.000872 0.017882 0.980155 0.000701
3 3 0.000232 0.000582 0.014639 0.984114 0.000433
3 3 0.000291 0.000693 0.015966 0.982517 0.000534
3 3 0.000187 0.000492 0.013477 0.985488 0.000356
3 3 0.000170 0.000458 0.013003 0.986042 0.000326
3 3 0.000467 0.001002 0.019150 0.978554 0.000827
3 3 0.000736 0.001424 0.022778 0.973806 0.001256
3 3 0.000260 0.000637 0.015307 0.983314 0.000482
3 3 0.000150 0.000415 0.012386 0.986759 0.000290
3 3 0.000832 0.001566 0.023867 0.972328 0.001407
3 3 0.000438 0.000953 0.018683 0.979147 0.000779
3 3 0.000590 0.001200 0.020933 0.976253 0.001025
3 3 0.000927 0.001703 0.024869 0.970947 0.001554
3 3 0.000200 0.000519 0.013829 0.985075 0.000378
3 3 0.000064 0.000199 0.008790 0.990834 0.000113
3 3 0.000272 0.000659 0.015573 0.982992 0.000503
3 3 0.000216 0.000550 0.014233 0.984597 0.000405
3 3 0.000882 0.001639 0.024405 0.971589 0.001485
3 3 0.000200 0.000520 0.013842 0.985058 0.000379
3 3 0.000387 0.000865 0.017810 0.980245 0.000694
3 3 0.000402 0.000891 0.018077 0.979911 0.000720
3 3 0.000783 0.001494 0.023321 0.973072 0.001330
3 3 0.000347 0.000796 0.017092 0.981136 0.000629
3 3 0.000546 0.001130 0.020329 0.977039 0.000955
3 3 0.000174 0.000466 0.013109 0.985918 0.000333
3 3 0.000458 0.000986 0.018999 0.978747 0.000811
3 3 0.000302 0.000715 0.016211 0.982218 0.000554
3 3 0.000386 0.000863 0.017797 0.980260 0.000693
3 3 0.000831 0.001565 0.023858 0.972341 0.001405
3 3 0.000132 0.000376 0.011785 0.987449 0.000258
3 3 0.000120 0.000348 0.011354 0.987942 0.000236
3 3 0.000246 0.000609 0.014972 0.983715 0.000458
3 3 0.000310 0.000729 0.016369 0.982025 0.000567
3 3 0.001706 0.002729 0.031326 0.961514 0.002725
3 3 0.001052 0.001877 0.026089 0.969236 0.001745
3 3 0.000213 0.000545 0.014168 0.984674 0.000401
3 3 0.006775 0.042229 0.175158 0.752557 0.023281
2 3 0.010920 0.153497 0.458086 0.338470 0.039026
2 2 0.038288 0.260019 0.395190 0.145954 0.160550
1 2 0.028078 0.428438 0.320493 0.128596 0.094396
1 2 0.032489 0.374087 0.310780 0.184247 0.098397
1 2 0.045370 0.419517 0.295212 0.042437 0.197464
1 2 0.027869 0.397034 0.353028 0.069550 0.152519
1 2 0.036196 0.459772 0.268886 0.081974 0.153172
1 2 0.031380 0.372196 0.314446 0.169773 0.112205
1 2 0.031895 0.479309 0.280003 0.057670 0.151122
1 2 0.027254 0.464580 0.270950 0.058967 0.178248
1 2 0.037557 0.385545 0.253668 0.067571 0.255659
4 4 0.075180 0.240848 0.171155 0.065988 0.446829
1 4 0.020415 0.353093 0.323454 0.031309 0.271728
4 4 0.030957 0.276717 0.212165 0.017260 0.462900
4 4 0.051359 0.206549 0.078105 0.008116 0.655871
4 4 0.076258 0.267525 0.112217 0.020355 0.523644
4 4 0.047118 0.097282 0.041732 0.004630 0.809238
4 4 0.076958 0.093218 0.048336 0.010502 0.770987
4 4 0.078170 0.246132 0.105656 0.019731 0.550311
4 4 0.030251 0.220884 0.155153 0.002303 0.591410
4 4 0.026649 0.091862 0.038749 0.001570 0.841170
4 4 0.055406 0.177665 0.071170 0.008386 0.687373
4 4 0.082859 0.060244 0.035399 0.009869 0.811628
4 4 0.058128 0.305561 0.127849 0.018946 0.489516
4 4 0.062298 0.112177 0.057999 0.007446 0.760079
4 4 0.060389 0.222369 0.088091 0.011371 0.617781
4 4 0.052608 0.063999 0.031399 0.004661 0.847333
4 4 0.038279 0.051576 0.023695 0.002519 0.883931
4 4 0.045881 0.028225 0.015057 0.002142 0.908695
4 4 0.028074 0.067861 0.026475 0.001667 0.875923
4 4 0.040765 0.026253 0.013927 0.001873 0.917182
4 4 0.064816 0.213418 0.103471 0.018597 0.599698
4 4 0.041530 0.049392 0.033284 0.002005 0.873789
4 4 0.026498 0.155770 0.083108 0.001656 0.732968
4 4 0.054909 0.135917 0.057348 0.007076 0.744749
4 4 0.049268 0.104386 0.046790 0.005027 0.794529
4 4 0.094496 0.044922 0.018006 0.001273 0.841302
4 4 0.077671 0.055881 0.024276 0.002379 0.839793
4 4 0.041620 0.043873 0.025826 0.002418 0.886263
4 4 0.106660 0.038163 0.020664 0.000833 0.833680
4 4 0.041813 0.040483 0.020310 0.002665 0.894729
4 4 0.029249 0.040754 0.019680 0.001397 0.908920
4 4 0.032387 0.040003 0.018356 0.001739 0.907515
4 4 0.058141 0.087542 0.037753 0.004174 0.812389
4 4 0.029846 0.144118 0.085700 0.001884 0.738452
4 4 0.041527 0.339663 0.147128 0.014033 0.457649
4 4 0.040001 0.242011 0.186724 0.012810 0.518455
1 4 0.066584 0.336903 0.215162 0.046161 0.335190
1 4 0.022005 0.405195 0.197691 0.003325 0.371784
4 4 0.101498 0.198632 0.080198 0.011117 0.608554
1 1 0.165180 0.331124 0.172777 0.007804 0.323115
4 1 0.050341 0.204920 0.092093 0.005146 0.647500
2 1 0.014453 0.334042 0.433118 0.023424 0.194962
1 1 0.013156 0.408243 0.288289 0.003306 0.287006
1 2 0.037719 0.420544 0.209265 0.014896 0.317576
4 2 0.041094 0.320468 0.117865 0.007473 0.513099
1 2 0.196839 0.456321 0.213900 0.014234 0.118705
0 0 0.750242 0.083412 0.035988 0.010689 0.119669
0 0 0.674426 0.092956 0.041184 0.011584 0.179850
1 0 0.045451 0.448369 0.242405 0.050703 0.213072
1 0 0.023292 0.340868 0.301817 0.016856 0.317167
1 1 0.028848 0.368559 0.291505 0.034356 0.276732
4 1 0.045944 0.282208 0.176377 0.006696 0.488775
1 1 0.016991 0.413164 0.394598 0.026348 0.148899
1 1 0.025507 0.499437 0.359326 0.015656 0.100075
1 4 0.023673 0.572612 0.273733 0.034592 0.095390
1 4 0.032086 0.510675 0.315774 0.038787 0.102679
1 4 0.068595 0.498012 0.195327 0.053924 0.184143
4 4 0.258878 0.218138 0.101504 0.030098 0.391382
4 1 0.105759 0.349576 0.151739 0.040933 0.351993
1 1 0.023197 0.467044 0.360026 0.056010 0.093722
1 1 0.053300 0.388551 0.260406 0.104908 0.192835
1 1 0.055485 0.540219 0.195038 0.043226 0.166031
1 1 0.037879 0.530560 0.264360 0.019495 0.147706
1 1 0.048548 0.514096 0.171655 0.024428 0.241273
1 1 0.212879 0.375561 0.238482 0.007978 0.165100
1 1 0.029879 0.470448 0.295886 0.028145 0.175642
1 1 0.023949 0.617652 0.234436 0.021911 0.102052
1 1 0.038667 0.437944 0.308922 0.094277 0.120190
4 1 0.057402 0.364601 0.196716 0.008897 0.372383
1 1 0.026836 0.506369 0.313058 0.053260 0.100477
1 1 0.030113 0.489484 0.321639 0.038821 0.119943
1 1 0.074432 0.590349 0.181278 0.027816 0.126125
2 1 0.017249 0.356857 0.427485 0.023921 0.174488
1 1 0.029448 0.548205 0.240351 0.010950 0.171046
1 2 0.050921 0.515219 0.247076 0.045095 0.141689
1 2 0.012604 0.495819 0.389938 0.023963 0.077676
1 2 0.017276 0.495809 0.353263 0.035619 0.098033
1 2 0.020844 0.557581 0.318756 0.023579 0.079240
1 2 0.022611 0.416038 0.404714 0.069024 0.087613
1 2 0.051327 0.557265 0.197574 0.042499 0.151335
1 2 0.016089 0.553826 0.324231 0.011162 0.094693
2 2 0.019923 0.307169 0.517392 0.033877 0.121640
2 2 0.007195 0.365421 0.511482 0.076060 0.039842
2 2 0.010561 0.417549 0.476826 0.022559 0.072505
1 2 0.011437 0.499779 0.392127 0.028182 0.068475
2 2 0.005107 0.294827 0.619976 0.038581 0.041510
2 2 0.013599 0.429173 0.443317 0.049430 0.064481
1 2 0.007322 0.480588 0.407871 0.013325 0.090894
2 2 0.006844 0.168731 0.769802 0.031121 0.023502
2 2 0.002109 0.223073 0.721834 0.028172 0.024812
2 2 0.006996 0.386672 0.529308 0.034261 0.042763
2 2 0.007369 0.259472 0.605668 0.089245 0.038246
2 1 0.018646 0.267916 0.636703 0.045524 0.031212
1 1 0.010944 0.515260 0.387534 0.006227 0.080036
1 1 0.014086 0.534230 0.344622 0.039543 0.067518
1 1 0.008647 0.446791 0.445722 0.051362 0.047478
2 2 0.003204 0.308737 0.637472 0.026054 0.024533
2 2 0.002829 0.109903 0.847932 0.033606 0.005730
2 2 0.002681 0.195871 0.728605 0.053737 0.019106
2 2 0.001127 0.138009 0.825450 0.027090 0.008324
2 2 0.002337 0.073059 0.821107 0.100222 0.003274
2 2 0.002202 0.095678 0.844485 0.052269 0.005366
2 2 0.003127 0.228260 0.695978 0.060247 0.012389
2 2 0.003032 0.130971 0.781758 0.076127 0.008111
2 2 0.002339 0.124761 0.831135 0.036138 0.005627
2 2 0.003713 0.176994 0.767412 0.045060 0.006821
2 2 0.001073 0.079896 0.849167 0.060467 0.009398
2 2 0.003291 0.182342 0.682350 0.111635 0.020382
2 2 0.010382 0.134526 0.798040 0.045980 0.011072
2 2 0.002294 0.171823 0.768686 0.048358 0.008838
2 2 0.003009 0.118539 0.757033 0.115040 0.006380
2 2 0.001071 0.085393 0.829246 0.078856 0.005435
2 2 0.000656 0.028103 0.764840 0.205040 0.001361
2 2 0.007887 0.287442 0.595816 0.067167 0.041688
2 2 0.008239 0.314154 0.639141 0.016413 0.022053
2 2 0.003377 0.086796 0.793109 0.113266 0.003452
2 2 0.004014 0.174025 0.742708 0.049945 0.029308
2 2 0.002437 0.095248 0.633552 0.262255 0.006508
