0 0 0.934710 0.011247 0.008025 0.000045 0.045973
0 0 0.963957 0.015286 0.005439 0.000095 0.015222
0 0 0.968657 0.008654 0.002607 0.000037 0.020046
0 0 0.849632 0.014017 0.009142 0.000007 0.127202
0 0 0.946651 0.013361 0.008015 0.000041 0.031932
0 0 0.801486 0.011041 0.008689 0.000023 0.178762
0 0 0.877613 0.011406 0.009455 0.000014 0.101513
0 0 0.820715 0.019094 0.020396 0.000041 0.139754
0 0 0.837209 0.020341 0.015320 0.000013 0.127118
0 0 0.702273 0.049058 0.034001 0.000067 0.214601
0 0 0.924191 0.012370 0.005992 0.000013 0.057434
0 0 0.671069 0.024584 0.013504 0.000018 0.290825
0 0 0.644641 0.028347 0.022862 0.000018 0.304132
0 0 0.790266 0.021138 0.017404 0.000032 0.171161
0 0 0.765929 0.043736 0.055579 0.000036 0.134720
0 0 0.886000 0.031879 0.021150 0.000035 0.060936
0 0 0.947200 0.018686 0.007657 0.000014 0.026443
0 0 0.975947 0.011272 0.003127 0.000052 0.009602
0 0 0.978776 0.011072 0.003283 0.000021 0.006849
0 0 0.924860 0.018159 0.015203 0.000029 0.041750
0 0 0.965381 0.014493 0.004570 0.000007 0.015550
0 0 0.908879 0.019296 0.014491 0.000067 0.057267
0 0 0.964223 0.013714 0.006286 0.000036 0.015740
0 0 0.925796 0.021589 0.014855 0.000015 0.037745
0 0 0.690211 0.049639 0.056411 0.000117 0.203621
0 0 0.862735 0.018411 0.012486 0.000005 0.106362
0 0 0.939403 0.017441 0.006870 0.000014 0.036273
0 0 0.832159 0.013589 0.003660 0.000169 0.150423
0 0 0.991604 0.003438 0.000740 0.000011 0.004207
0 0 0.990068 0.004273 0.000873 0.000016 0.004770
0 0 0.762555 0.023122 0.016384 0.000006 0.197933
0 0 0.980034 0.004862 0.001545 0.000071 0.013488
0 0 0.986638 0.005617 0.002200 0.000006 0.005539
0 0 0.987852 0.007709 0.001377 0.000009 0.003052
0 0 0.974448 0.009071 0.003816 0.000009 0.012656
0 0 0.965653 0.010170 0.004007 0.000010 0.020161
0 0 0.828772 0.012225 0.010119 0.000010 0.148874
0 0 0.980421 0.005472 0.002241 0.000024 0.011842
0 0 0.907512 0.011816 0.005282 0.000031 0.075359
0 0 0.826510 0.030693 0.022139 0.000047 0.120611
0 0 0.896342 0.027686 0.008462 0.000012 0.067498
0 0 0.961786 0.008430 0.004202 0.000133 0.025448
0 0 0.930249 0.009229 0.004186 0.000060 0.056276
0 0 0.962324 0.009055 0.004702 0.000079 0.023840
0 0 0.887256 0.015948 0.011132 0.000026 0.085638
0 0 0.971036 0.009481 0.003851 0.000069 0.015563
0 0 0.943857 0.009035 0.005613 0.000036 0.041460
0 0 0.968653 0.009906 0.003761 0.000105 0.017575
0 0 0.962851 0.008680 0.005219 0.000043 0.023207
0 0 0.911543 0.014909 0.009122 0.000065 0.064360
0 0 0.804382 0.049549 0.033245 0.000114 0.112710
0 0 0.815209 0.038415 0.016502 0.003463 0.126411
0 0 0.975587 0.008444 0.001414 0.000309 0.014246
0 0 0.903864 0.040569 0.005944 0.000385 0.049238
0 0 0.820741 0.089618 0.011014 0.000206 0.078421
0 0 0.913179 0.055590 0.007632 0.000138 0.023461
0 4 0.698765 0.141592 0.011995 0.000057 0.147591
4 4 0.058579 0.149179 0.022772 0.000015 0.769454
4 4 0.066114 0.084264 0.018233 0.000015 0.831374
1 4 0.076243 0.462110 0.070785 0.000032 0.390831
4 4 0.029747 0.427437 0.073606 0.000011 0.469198
4 4 0.024078 0.352298 0.101842 0.000011 0.521771
4 4 0.072585 0.169945 0.032452 0.000131 0.724887
4 4 0.026095 0.358083 0.082711 0.000015 0.533095
4 4 0.021112 0.298741 0.106174 0.000019 0.573955
4 4 0.012634 0.327573 0.159023 0.000012 0.500758
4 4 0.020262 0.407096 0.138376 0.000046 0.434219
4 4 0.018409 0.358661 0.117078 0.000005 0.505847
1 4 0.022588 0.457367 0.113619 0.000006 0.406419
4 4 0.014626 0.325797 0.093244 0.000007 0.566326
4 4 0.044540 0.330772 0.084171 0.000037 0.540480
4 4 0.039112 0.091551 0.046872 0.000013 0.822452
1 4 0.016990 0.435852 0.131689 0.000009 0.415460
4 4 0.047254 0.436642 0.061577 0.000012 0.454516
4 4 0.022101 0.333188 0.126245 0.000020 0.518446
4 4 0.019032 0.400881 0.128871 0.000002 0.451215
1 4 0.050434 0.496791 0.081432 0.000006 0.371338
4 4 0.128435 0.191549 0.039080 0.000136 0.640800
1 4 0.061499 0.533643 0.087073 0.000018 0.317767
1 1 0.069921 0.437285 0.065952 0.000014 0.426828
1 4 0.212004 0.436459 0.065473 0.000059 0.286005
4 4 0.027767 0.164852 0.045411 0.000009 0.761960
4 4 0.023304 0.161433 0.034055 0.000004 0.781205
1 4 0.066548 0.462898 0.104130 0.000002 0.366422
1 4 0.098728 0.479322 0.047397 0.000012 0.374541
4 4 0.026487 0.431538 0.084137 0.000002 0.457836
1 4 0.075797 0.457433 0.058809 0.000020 0.407941
4 1 0.034824 0.384684 0.071336 0.000008 0.509148
1 1 0.040942 0.597304 0.126440 0.000005 0.235308
1 1 0.076248 0.726082 0.118569 0.000002 0.079100
1 1 0.061701 0.741251 0.117997 0.000003 0.079048
1 1 0.124510 0.703229 0.099779 0.000005 0.072477
1 1 0.249651 0.539981 0.055381 0.000020 0.154967
1 0 0.121100 0.684573 0.125205 0.000108 0.069014
1 1 0.349381 0.531083 0.066887 0.000057 0.052593
1 0 0.293544 0.553610 0.062631 0.000012 0.090203
0 1 0.701678 0.228180 0.025821 0.000053 0.044269
1 1 0.373818 0.497250 0.059461 0.000062 0.069408
1 1 0.147030 0.685269 0.100441 0.000019 0.067240
1 1 0.126172 0.659802 0.146020 0.000093 0.067912
1 1 0.162819 0.612240 0.165587 0.000034 0.059321
1 1 0.091128 0.639095 0.221002 0.000431 0.048345
1 2 0.067895 0.599164 0.292813 0.000444 0.039684
1 2 0.189061 0.617267 0.155517 0.000081 0.038075
2 2 0.038544 0.329125 0.509909 0.008403 0.114018
1 4 0.040596 0.466721 0.396867 0.001945 0.093871
1 4 0.172056 0.556942 0.213669 0.000790 0.056543
1 4 0.238310 0.394851 0.143061 0.000257 0.223522
1 2 0.082408 0.443434 0.402166 0.000132 0.071860
2 4 0.020863 0.261854 0.696782 0.003428 0.017075
1 4 0.094423 0.532680 0.309602 0.003671 0.059624
1 4 0.175960 0.508878 0.240468 0.001158 0.073536
1 0 0.070272 0.568680 0.275100 0.000474 0.085474
0 1 0.661354 0.175973 0.056161 0.000238 0.106275
1 1 0.072655 0.737116 0.114143 0.000014 0.076072
1 2 0.080707 0.609276 0.273067 0.000955 0.035996
1 2 0.042213 0.509637 0.416160 0.000531 0.031457
1 2 0.112912 0.653120 0.180328 0.000464 0.053176
2 2 0.008261 0.140598 0.809694 0.036407 0.005041
1 2 0.061318 0.526015 0.362303 0.001421 0.048943
2 2 0.008450 0.163412 0.816227 0.003700 0.008210
2 2 0.016208 0.274082 0.687232 0.006081 0.016398
2 2 0.000367 0.007699 0.749845 0.242012 0.000076
2 2 0.026990 0.303200 0.635215 0.022580 0.012016
2 2 0.032065 0.332106 0.610104 0.010987 0.014738
2 2 0.033030 0.351176 0.574856 0.010889 0.030049
2 2 0.025197 0.348742 0.599924 0.001842 0.024295
2 2 0.026398 0.301444 0.647489 0.012087 0.012583
2 2 0.001752 0.048667 0.883452 0.064751 0.001379
2 2 0.005651 0.063650 0.736999 0.189685 0.004015
2 2 0.005540 0.042726 0.778662 0.171715 0.001357
2 3 0.010492 0.180526 0.770023 0.029927 0.009031
2 3 0.002956 0.022224 0.589680 0.383497 0.001642
2 3 0.008696 0.056249 0.558937 0.370763 0.005356
2 3 0.003378 0.013814 0.518547 0.463229 0.001032
2 3 0.002680 0.026492 0.538476 0.428675 0.003677
3 3 0.000717 0.007354 0.406719 0.584885 0.000325
3 3 0.001008 0.006090 0.250230 0.741895 0.000777
3 3 0.000320 0.001712 0.254262 0.743570 0.000136
3 3 0.004284 0.006071 0.159831 0.828062 0.001751
3 3 0.012065 0.022465 0.265621 0.692318 0.007530
3 3 0.001232 0.006307 0.187754 0.802364 0.002343
3 3 0.000463 0.005998 0.298874 0.693007 0.001658
3 3 0.000094 0.000925 0.139112 0.859584 0.000285
3 3 0.000026 0.000175 0.089505 0.910266 0.000030
3 3 0.000387 0.002369 0.144333 0.852674 0.000237
3 3 0.001168 0.002181 0.109695 0.886078 0.000877
3 3 0.001170 0.002261 0.120173 0.875455 0.000941
3 3 0.001190 0.005520 0.180746 0.810469 0.002074
3 3 0.000049 0.000258 0.048602 0.951005 0.000087
3 3 0.001854 0.005451 0.073728 0.915067 0.003900
3 3 0.001039 0.004191 0.168221 0.825112 0.001437
3 3 0.000251 0.002148 0.081419 0.915404 0.000778
3 3 0.000762 0.003026 0.130923 0.864303 0.000985
3 3 0.000099 0.000523 0.070213 0.929048 0.000118
3 3 0.000618 0.002792 0.104911 0.890854 0.000825
3 3 0.000627 0.002258 0.098840 0.897411 0.000864
3 3 0.000706 0.001781 0.073424 0.923599 0.000490
3 3 0.000943 0.003868 0.115876 0.877595 0.001717
3 3 0.000073 0.000404 0.037012 0.962320 0.000190
3 3 0.001447 0.005188 0.095620 0.895492 0.002253
3 3 0.000698 0.002183 0.081222 0.915071 0.000826
3 3 0.000013 0.000116 0.019507 0.980302 0.000061
3 3 0.001692 0.006309 0.121941 0.867351 0.002708
3 3 0.000693 0.003482 0.116242 0.878072 0.001510
3 3 0.001850 0.007463 0.147259 0.840137 0.003291
3 3 0.000095 0.000774 0.063664 0.935142 0.000325
3 3 0.000216 0.001794 0.069871 0.927546 0.000573
3 3 0.003983 0.011693 0.101212 0.873712 0.009400
3 3 0.000151 0.000975 0.073978 0.924671 0.000225
3 3 0.000199 0.000740 0.046326 0.952327 0.000408
3 3 0.001745 0.003643 0.105989 0.887384 0.001239
3 3 0.000036 0.000297 0.040737 0.958822 0.000109
3 3 0.000746 0.002496 0.046453 0.948189 0.002116
3 3 0.001061 0.003799 0.096529 0.896243 0.002368
3 3 0.000065 0.000556 0.063565 0.935634 0.000179
3 3 0.000038 0.000300 0.035489 0.964044 0.000129
3 3 0.002480 0.011861 0.209780 0.770055 0.005823
3 3 0.000223 0.001039 0.048494 0.949775 0.000469
3 3 0.000437 0.001886 0.050702 0.946233 0.000743
3 3 0.001140 0.009178 0.142940 0.840392 0.006350
3 3 0.000036 0.000302 0.039093 0.960482 0.000087
3 3 0.000289 0.000828 0.044681 0.953935 0.000267
3 3 0.000340 0.002335 0.073308 0.923140 0.000877
3 3 0.002384 0.007520 0.069571 0.914654 0.005871
3 3 0.001236 0.003044 0.074542 0.919534 0.001643
3 3 0.000172 0.000959 0.036535 0.961802 0.000531
3 3 0.000800 0.002739 0.042853 0.951602 0.002006
3 3 0.000212 0.000923 0.064191 0.934093 0.000581
3 3 0.001431 0.003670 0.052642 0.940336 0.001921
3 3 0.000045 0.000424 0.064685 0.934704 0.000142
3 3 0.000165 0.001094 0.039422 0.958784 0.000535
3 3 0.000002 0.000036 0.017091 0.982859 0.000012
3 3 0.000023 0.000269 0.044507 0.955082 0.000120
3 3 0.000048 0.000277 0.054314 0.945233 0.000128
3 3 0.000056 0.000327 0.047167 0.952286 0.000164
3 3 0.000244 0.000901 0.066988 0.931403 0.000464
3 3 0.000231 0.000994 0.035931 0.962269 0.000575
3 3 0.000132 0.001341 0.061259 0.936722 0.000545
3 3 0.000043 0.000355 0.043664 0.955748 0.000190
3 3 0.002704 0.011699 0.103933 0.873487 0.008177
3 3 0.000054 0.000395 0.054051 0.945377 0.000123
3 3 0.000308 0.003272 0.168230 0.827359 0.000831
3 3 0.003719 0.011194 0.099616 0.873486 0.011985
3 3 0.000426 0.002622 0.088012 0.907970 0.000971
3 2 0.015002 0.071166 0.358504 0.520835 0.034493
2 2 0.221832 0.299880 0.344258 0.077572 0.056458
0 2 0.437109 0.356981 0.177979 0.003161 0.024769
2 2 0.073139 0.441970 0.462612 0.005165 0.017114
2 2 0.067693 0.321833 0.538150 0.050379 0.021945
2 2 0.037193 0.413981 0.526880 0.006136 0.015810
1 2 0.095904 0.601387 0.262828 0.001182 0.038698
1 2 0.077526 0.573912 0.303300 0.002175 0.043087
1 2 0.059471 0.523539 0.388937 0.002538 0.025515
1 2 0.065352 0.485156 0.420037 0.004865 0.024590
1 2 0.059210 0.490480 0.425186 0.003598 0.021525
1 2 0.084277 0.445381 0.438837 0.008017 0.023488
2 0 0.067050 0.289357 0.610387 0.016140 0.017066
1 1 0.287722 0.395140 0.238751 0.011816 0.066571
0 0 0.452291 0.375510 0.117299 0.001882 0.053018
0 0 0.686542 0.214793 0.070950 0.002081 0.025634
0 0 0.816770 0.122650 0.024271 0.000627 0.035682
0 0 0.846449 0.077691 0.025203 0.000500 0.050157
0 1 0.683070 0.207165 0.025569 0.000152 0.084043
1 1 0.294480 0.464575 0.064905 0.000242 0.175797
1 2 0.153816 0.645887 0.096092 0.000129 0.104075
1 2 0.050031 0.479715 0.437610 0.005246 0.027398
1 2 0.076119 0.625287 0.261875 0.000703 0.036016
2 2 0.027286 0.344299 0.597153 0.010390 0.020872
2 2 0.051860 0.449295 0.460162 0.009431 0.029253
1 2 0.067671 0.582375 0.305114 0.001537 0.043303
2 2 0.043385 0.448334 0.476531 0.003414 0.028336
1 2 0.069157 0.595270 0.287866 0.001158 0.046550
2 2 0.011987 0.224721 0.730899 0.011696 0.020698
2 2 0.062996 0.452773 0.461794 0.000852 0.021585
1 2 0.121669 0.642957 0.133253 0.000430 0.101690
2 2 0.039983 0.339441 0.585545 0.018456 0.016576
1 2 0.199736 0.618008 0.112178 0.000200 0.069878
1 2 0.058615 0.571845 0.328477 0.001851 0.039213
2 2 0.024121 0.237943 0.714757 0.006644 0.016535
1 2 0.173899 0.494458 0.272783 0.004106 0.054753
2 2 0.045055 0.357278 0.568636 0.002696 0.026336
1 2 0.085048 0.573625 0.286365 0.000625 0.054336
1 2 0.174475 0.532607 0.239232 0.001718 0.051967
1 1 0.193336 0.602349 0.120443 0.000126 0.083745
1 1 0.241963 0.527985 0.140246 0.000577 0.089228
1 2 0.164286 0.591218 0.188368 0.001249 0.054879
1 2 0.323796 0.452330 0.162932 0.000891 0.060051
0 2 0.563481 0.301947 0.066886 0.001044 0.066642
1 2 0.410771 0.418874 0.113596 0.000757 0.056002
1 2 0.368507 0.448801 0.070007 0.000287 0.112399
1 2 0.247993 0.529649 0.132879 0.000540 0.088939
1 2 0.238947 0.563485 0.130627 0.000301 0.066640
1 2 0.347082 0.476293 0.096892 0.000344 0.079389
1 2 0.284339 0.462715 0.198182 0.001450 0.053314
1 0 0.264052 0.538640 0.147788 0.001010 0.048509
0 1 0.568431 0.317561 0.062132 0.000497 0.051380
1 1 0.207405 0.558213 0.102779 0.000452 0.131151
1 1 0.096612 0.621544 0.188512 0.000463 0.092870
1 1 0.278248 0.526777 0.102039 0.000478 0.092458
1 1 0.257576 0.579256 0.088118 0.000140 0.074911
1 1 0.167672 0.583343 0.195209 0.000997 0.052780
1 1 0.084491 0.522311 0.349178 0.002190 0.041829
1 2 0.180527 0.580450 0.199117 0.001087 0.038820
1 2 0.116081 0.514202 0.333502 0.004524 0.031691
1 2 0.135879 0.522427 0.298430 0.002646 0.040617
1 2 0.167247 0.617582 0.148649 0.000257 0.066264
1 2 0.066784 0.487414 0.408258 0.000906 0.036639
2 2 0.029727 0.215074 0.731866 0.009454 0.013879
1 2 0.090465 0.517143 0.322128 0.000512 0.069753
2 2 0.065591 0.419084 0.480598 0.000973 0.033754
1 2 0.164978 0.523413 0.263570 0.001395 0.046643
2 2 0.047080 0.311542 0.610706 0.007937 0.022735
1 2 0.170834 0.504298 0.273320 0.001427 0.050121
1 2 0.164042 0.592766 0.189443 0.000695 0.053054
0 2 0.415995 0.355287 0.158249 0.001414 0.069055
1 2 0.191137 0.572437 0.177927 0.000251 0.058248
1 2 0.142534 0.542198 0.230988 0.000497 0.083784
1 2 0.401686 0.408051 0.126908 0.000682 0.062673
1 2 0.305021 0.507762 0.139634 0.000723 0.046860
0 2 0.431806 0.394873 0.093775 0.000795 0.078751
0 2 0.474171 0.398756 0.075149 0.000363 0.051561
1 2 0.236780 0.537808 0.150709 0.000537 0.074166
1 2 0.265214 0.513822 0.132555 0.000594 0.087815
1 2 0.330267 0.501499 0.113748 0.000434 0.054052
1 2 0.392415 0.444967 0.109666 0.000733 0.052219
2 2 0.102510 0.338795 0.514620 0.008354 0.035721
2 2 0.092154 0.278312 0.594696 0.014608 0.020230
1 2 0.311882 0.463758 0.148177 0.000717 0.075467
0 2 0.472764 0.400891 0.091131 0.000543 0.034672
0 2 0.556306 0.340069 0.048339 0.000141 0.055145
0 2 0.613274 0.278538 0.074401 0.000873 0.032914
0 2 0.451471 0.398269 0.094375 0.000944 0.054941
1 0 0.345822 0.475979 0.127610 0.000849 0.049741
0 1 0.542240 0.291131 0.046608 0.000470 0.119552
1 1 0.351032 0.388062 0.039042 0.000092 0.221773
1 1 0.229269 0.564903 0.090307 0.000238 0.115283
1 0 0.257837 0.586339 0.075852 0.000077 0.079895
0 0 0.477326 0.362496 0.048617 0.000189 0.111373
0 0 0.955632 0.025730 0.006258 0.000144 0.012236
0 0 0.511957 0.242974 0.031887 0.000364 0.212818
0 0 0.536434 0.261969 0.031759 0.000216 0.169622
0 0 0.721764 0.161804 0.026370 0.000384 0.089678
0 0 0.449022 0.318361 0.062277 0.000851 0.169489
0 1 0.529646 0.286116 0.030499 0.000113 0.153626
1 1 0.359537 0.387782 0.055955 0.000356 0.196370
1 1 0.192532 0.620265 0.104888 0.000197 0.082118
1 1 0.311948 0.496651 0.090135 0.000427 0.100839
1 1 0.389393 0.446805 0.068521 0.000237 0.095043
0 1 0.478036 0.425926 0.029860 0.000008 0.066169
0 1 0.451418 0.430354 0.036040 0.000020 0.082168
0 1 0.534658 0.361733 0.047895 0.000102 0.055612
1 1 0.328356 0.516535 0.107880 0.000387 0.046842
1 1 0.376601 0.467448 0.082392 0.000320 0.073239
0 0 0.603208 0.302714 0.052819 0.000268 0.040990
1 1 0.370377 0.416314 0.112552 0.001992 0.098765
1 1 0.339379 0.431042 0.049043 0.000119 0.180416
1 1 0.273798 0.571779 0.049218 0.000020 0.105186
1 1 0.376457 0.487251 0.042944 0.000024 0.093324
1 1 0.306129 0.547045 0.081362 0.000125 0.065338
1 1 0.387169 0.455292 0.073518 0.000259 0.083761
1 1 0.361633 0.492042 0.072459 0.000150 0.073716
0 1 0.480567 0.412417 0.056046 0.000047 0.050923
0 0 0.493137 0.373507 0.075540 0.000551 0.057265
0 0 0.868202 0.075679 0.017457 0.000240 0.038422
0 0 0.913709 0.043359 0.010520 0.000048 0.032364
0 0 0.963527 0.020365 0.003998 0.000134 0.011977
0 0 0.680297 0.184903 0.022662 0.000198 0.111940
0 0 0.654412 0.202433 0.029661 0.000389 0.113105
0 0 0.599699 0.265103 0.035922 0.000221 0.099056
0 0 0.466697 0.367989 0.052177 0.000235 0.112902
0 0 0.585882 0.311960 0.036725 0.000081 0.065352
0 0 0.551069 0.323142 0.050675 0.000267 0.074846
0 0 0.704854 0.172771 0.039562 0.001617 0.081196
1 4 0.239771 0.550517 0.045776 0.000024 0.163911
4 4 0.230193 0.293282 0.032719 0.000177 0.443628
4 4 0.127991 0.278166 0.030213 0.000023 0.563606
4 4 0.111540 0.396138 0.054052 0.000128 0.438143
4 4 0.315863 0.123991 0.065491 0.000136 0.494519
1 4 0.237048 0.474917 0.041400 0.000044 0.246591
4 4 0.176772 0.180020 0.051477 0.000352 0.591378
4 4 0.215890 0.195049 0.036962 0.000107 0.551992
4 4 0.078786 0.092425 0.030205 0.000040 0.798544
4 4 0.082976 0.157050 0.042875 0.000030 0.717069
4 4 0.123764 0.281382 0.034198 0.000046 0.560610
1 4 0.179059 0.411718 0.053961 0.000123 0.355140
4 4 0.031619 0.173393 0.067685 0.000066 0.727237
4 4 0.049612 0.294098 0.110756 0.000006 0.545528
4 4 0.151003 0.126530 0.014088 0.000030 0.708348
4 4 0.066538 0.345747 0.063416 0.000069 0.524231
4 4 0.079182 0.093066 0.037340 0.000081 0.790330
4 4 0.077956 0.102555 0.030556 0.000030 0.788903
4 4 0.107395 0.131389 0.025434 0.000061 0.735720
4 4 0.047401 0.166572 0.049430 0.000021 0.736577
4 4 0.087299 0.055341 0.027542 0.000056 0.829761
1 4 0.240596 0.399183 0.053950 0.000075 0.306196
0 4 0.487808 0.167540 0.031449 0.001613 0.311589
4 4 0.152875 0.057099 0.008801 0.000021 0.781204
4 4 0.039905 0.357348 0.084515 0.000042 0.518190
4 4 0.061917 0.085872 0.026513 0.000029 0.825670
1 4 0.101170 0.458996 0.068884 0.000053 0.370898
0 4 0.368709 0.279536 0.028373 0.000152 0.323230
4 4 0.131898 0.129179 0.026914 0.000041 0.711968
1 4 0.069550 0.469645 0.051542 0.000009 0.409255
1 4 0.334738 0.383924 0.037333 0.000085 0.243919
1 4 0.177827 0.417783 0.039785 0.000081 0.364524
4 4 0.067132 0.314862 0.061399 0.000032 0.556575
1 0 0.110007 0.450483 0.050917 0.000042 0.388550
0 0 0.375747 0.362919 0.091165 0.002563 0.167606
0 0 0.516480 0.331626 0.071434 0.001011 0.079448
0 4 0.522490 0.286009 0.049963 0.000763 0.140775
0 4 0.472442 0.136338 0.017737 0.000681 0.372802
4 1 0.138805 0.218445 0.018865 0.000026 0.623860
0 4 0.401006 0.368398 0.038107 0.000098 0.192392
4 4 0.103667 0.362454 0.039142 0.000110 0.494627
4 4 0.042150 0.370661 0.057410 0.000009 0.529770
4 0 0.073373 0.406034 0.081849 0.000049 0.438695
1 0 0.359880 0.403090 0.043378 0.000107 0.193546
0 4 0.553811 0.304445 0.035411 0.000116 0.106216
4 4 0.064877 0.405098 0.053062 0.000049 0.476914
1 1 0.042321 0.458964 0.094787 0.000003 0.403925
1 4 0.236669 0.514088 0.030813 0.000003 0.218427
4 4 0.283648 0.290865 0.034613 0.000298 0.390576
1 1 0.189695 0.409410 0.032402 0.000009 0.368484
1 1 0.373743 0.426390 0.048089 0.000104 0.151674
1 1 0.203798 0.572627 0.058837 0.000052 0.164686
1 1 0.131918 0.661157 0.073789 0.000035 0.133101
1 0 0.228720 0.599323 0.051017 0.000019 0.120921
0 0 0.502416 0.335606 0.113361 0.001463 0.047154
0 0 0.767386 0.148607 0.022472 0.000310 0.061225
0 1 0.729639 0.166764 0.018690 0.000116 0.084791
1 1 0.278607 0.482327 0.048051 0.000064 0.190951
1 1 0.130774 0.633798 0.052804 0.000019 0.182605
1 0 0.228524 0.573050 0.058000 0.000045 0.140381
1 0 0.347811 0.460064 0.052318 0.000094 0.139713
0 1 0.603859 0.269088 0.048030 0.000544 0.078479
1 1 0.389570 0.398563 0.061368 0.000376 0.150123
0 0 0.755012 0.203207 0.021228 0.000024 0.020530
0 0 0.919640 0.044335 0.008286 0.000167 0.027571
0 0 0.976542 0.014946 0.003189 0.000020 0.005303
0 0 0.972223 0.009099 0.004306 0.000011 0.014361
0 0 0.964704 0.008192 0.004283 0.000011 0.022809
0 0 0.987541 0.006776 0.001953 0.000005 0.003725
0 0 0.959336 0.011532 0.006115 0.000038 0.022979
0 0 0.908048 0.018138 0.014580 0.000032 0.059201
0 0 0.941246 0.012074 0.009256 0.000026 0.037398
0 0 0.988285 0.007418 0.001337 0.000008 0.002952
0 0 0.907770 0.046570 0.013768 0.001077 0.030815
0 0 0.921503 0.046177 0.008140 0.000411 0.023768
0 0 0.962154 0.012476 0.006110 0.000035 0.019226
0 0 0.923967 0.047578 0.006146 0.000110 0.022199
0 0 0.783804 0.111441 0.017969 0.000606 0.086180
0 0 0.952319 0.030562 0.005115 0.000212 0.011793
0 0 0.881892 0.067051 0.012642 0.000629 0.037786
0 0 0.945755 0.037548 0.005957 0.000144 0.010596
0 0 0.941574 0.031207 0.010847 0.000416 0.015955
0 0 0.950432 0.017862 0.002867 0.000124 0.028714
0 0 0.922044 0.036838 0.007620 0.000881 0.032617
0 0 0.834541 0.074221 0.011779 0.000625 0.078833
0 0 0.939528 0.034470 0.005429 0.000255 0.020318
0 0 0.916442 0.045541 0.009804 0.000828 0.027385
0 0 0.927274 0.026971 0.006928 0.000034 0.038793
0 0 0.920148 0.045229 0.006913 0.000265 0.027445
0 0 0.829767 0.088712 0.011316 0.000219 0.069987
1 1 0.402987 0.498644 0.048050 0.000020 0.050298
1 1 0.196472 0.643783 0.067991 0.000033 0.091721
1 1 0.242325 0.646978 0.036150 0.000002 0.074544
1 1 0.358015 0.519619 0.042578 0.000015 0.079772
1 1 0.157337 0.702882 0.053461 0.000007 0.086313
1 1 0.234258 0.668906 0.050203 0.000005 0.046627
1 1 0.311228 0.578949 0.041369 0.000007 0.068447
1 1 0.199984 0.670188 0.050801 0.000007 0.079020
1 0 0.217546 0.663668 0.040451 0.000003 0.078332
0 0 0.599475 0.265280 0.042592 0.000080 0.092574
0 1 0.786786 0.153361 0.018260 0.000084 0.041509
1 1 0.249979 0.628808 0.038338 0.000004 0.082871
1 1 0.042451 0.780204 0.088420 0.000002 0.088923
1 1 0.079271 0.776289 0.079156 0.000013 0.065271
1 1 0.284350 0.570404 0.050705 0.000021 0.094520
1 1 0.101745 0.760487 0.067839 0.000001 0.069928
1 1 0.110466 0.685426 0.132959 0.000019 0.071129
1 1 0.241108 0.580169 0.153783 0.000156 0.024785
1 1 0.264872 0.584094 0.085999 0.000109 0.064926
1 1 0.120818 0.726787 0.090522 0.000034 0.061839
1 2 0.113924 0.718330 0.114363 0.000024 0.053359
1 2 0.116991 0.667926 0.162013 0.000153 0.052917
1 2 0.180384 0.700935 0.084837 0.000011 0.033834
1 2 0.313570 0.555790 0.087565 0.000095 0.042980
1 2 0.136867 0.700795 0.103192 0.000069 0.059077
1 2 0.157667 0.721779 0.081400 0.000017 0.039137
1 0 0.199194 0.674287 0.094168 0.000040 0.032312
1 1 0.312909 0.334343 0.296251 0.002658 0.053839
1 1 0.144903 0.593068 0.062557 0.000019 0.199453
1 1 0.118366 0.597166 0.078282 0.000039 0.206147
1 2 0.051373 0.695567 0.124663 0.000090 0.128307
1 2 0.029478 0.474565 0.382006 0.000842 0.113109
1 2 0.013743 0.499955 0.358367 0.000035 0.127900
2 2 0.005017 0.287182 0.641270 0.000322 0.066209
1 2 0.038713 0.535097 0.235773 0.000108 0.190310
1 2 0.033937 0.627545 0.237722 0.000013 0.100783
2 2 0.009973 0.219497 0.748956 0.002050 0.019524
1 2 0.095119 0.713492 0.128680 0.000115 0.062594
1 2 0.028063 0.484160 0.439628 0.000491 0.047657
2 2 0.025816 0.439827 0.471965 0.000026 0.062366
1 2 0.074915 0.702007 0.169383 0.000011 0.053685
1 2 0.071848 0.659215 0.221953 0.000099 0.046885
1 2 0.058590 0.476015 0.449546 0.000804 0.015046
2 2 0.019634 0.336957 0.614510 0.000277 0.028622
2 2 0.032485 0.464124 0.484075 0.000258 0.019057
1 2 0.150908 0.695944 0.064965 0.000016 0.088167
1 2 0.137021 0.714504 0.122554 0.000031 0.025890
1 2 0.089436 0.622984 0.250410 0.000269 0.036900
1 2 0.075823 0.581369 0.295352 0.000062 0.047394
2 2 0.033524 0.359838 0.590416 0.000893 0.015329
1 2 0.055453 0.495623 0.408066 0.001603 0.039255
1 2 0.121407 0.550057 0.285813 0.001620 0.041103
1 2 0.103643 0.599608 0.265331 0.000474 0.030944
1 1 0.287880 0.414213 0.260561 0.002013 0.035333
1 2 0.112924 0.720865 0.114083 0.000017 0.052111
1 2 0.047926 0.603680 0.312783 0.000121 0.035490
1 2 0.080514 0.634887 0.234868 0.000085 0.049645
1 2 0.132457 0.639411 0.195362 0.000114 0.032656
2 2 0.012580 0.207291 0.772424 0.001325 0.006380
2 2 0.014816 0.192138 0.783028 0.003727 0.006291
1 1 0.145692 0.480241 0.354729 0.000727 0.018610
1 2 0.144882 0.589809 0.232321 0.000217 0.032771
1 2 0.100161 0.664914 0.200769 0.000242 0.033914
2 2 0.038890 0.393413 0.537191 0.000391 0.030115
1 2 0.047569 0.475212 0.454132 0.001015 0.022072
2 2 0.038006 0.336402 0.604576 0.000653 0.020363
1 2 0.077545 0.600928 0.276298 0.000294 0.044936
2 2 0.011562 0.187211 0.786169 0.003839 0.011219
1 2 0.050183 0.485639 0.423683 0.002183 0.038313
2 2 0.033539 0.395898 0.544009 0.002958 0.023597
1 2 0.046661 0.557954 0.351921 0.000605 0.042859
1 2 0.065902 0.572219 0.330740 0.000183 0.030957
2 2 0.023876 0.243245 0.722330 0.002430 0.008119
2 2 0.012932 0.198721 0.769857 0.007228 0.011261
1 2 0.034830 0.491235 0.427156 0.000506 0.046274
2 2 0.028603 0.315812 0.617237 0.004968 0.033381
2 2 0.060417 0.449805 0.464082 0.000659 0.025037
2 2 0.026840 0.359421 0.573210 0.008534 0.031995
2 1 0.129438 0.384503 0.451041 0.013734 0.021284
1 1 0.183334 0.599834 0.076457 0.000100 0.140275
1 0 0.061375 0.674409 0.210990 0.000327 0.052900
0 1 0.335742 0.328482 0.285757 0.001620 0.048399
1 1 0.408310 0.457475 0.049701 0.000054 0.084460
1 2 0.136213 0.674052 0.138567 0.000059 0.051109
2 2 0.012063 0.177279 0.788411 0.006726 0.015521
2 2 0.027397 0.383314 0.565399 0.002513 0.021377
2 2 0.006155 0.210160 0.769569 0.001323 0.012793
2 2 0.006456 0.185025 0.796907 0.002460 0.009152
2 2 0.014661 0.228334 0.728272 0.015373 0.013360
2 2 0.010738 0.097392 0.873448 0.014971 0.003451
2 2 0.005061 0.084836 0.860460 0.044563 0.005081
2 2 0.008287 0.130479 0.824873 0.030891 0.005471
2 2 0.004431 0.095938 0.881069 0.013523 0.005039
2 2 0.023310 0.303964 0.645874 0.009741 0.017111
2 2 0.040582 0.354917 0.559988 0.024012 0.020501
2 2 0.011005 0.111131 0.745745 0.127993 0.004126
2 2 0.041454 0.394624 0.543417 0.005748 0.014757
2 2 0.021661 0.263724 0.697201 0.006550 0.010864
2 2 0.014100 0.225211 0.742861 0.007601 0.010227
2 2 0.019263 0.200599 0.678241 0.080902 0.020995
2 2 0.012667 0.119343 0.756636 0.106605 0.004749
2 2 0.030344 0.350376 0.579023 0.015770 0.024487
2 2 0.012187 0.126598 0.824063 0.026314 0.010838
2 2 0.031267 0.371313 0.576690 0.003294 0.017436
2 2 0.007878 0.108615 0.849359 0.029431 0.004717
2 2 0.039088 0.334992 0.564300 0.034436 0.027184
2 2 0.035134 0.373031 0.561536 0.006899 0.023400
2 1 0.070035 0.360391 0.538906 0.008815 0.021852
1 1 0.157180 0.574450 0.217998 0.000801 0.049571
2 2 0.023560 0.335738 0.626558 0.001258 0.012885
2 2 0.011043 0.179293 0.784746 0.008153 0.016765
2 2 0.025121 0.269238 0.690201 0.002842 0.012598
2 2 0.016776 0.222702 0.741290 0.008813 0.010419
2 2 0.007071 0.146696 0.834633 0.004056 0.007544
2 2 0.005239 0.102010 0.863940 0.021175 0.007636
2 2 0.027003 0.301779 0.645904 0.004331 0.020983
2 2 0.005288 0.133368 0.837821 0.016470 0.007053
2 2 0.028543 0.384582 0.556073 0.002482 0.028321
2 2 0.014500 0.230898 0.706932 0.013719 0.033951
2 2 0.003249 0.057850 0.856289 0.077342 0.005269
2 2 0.019288 0.233877 0.711942 0.013548 0.021346
2 2 0.009242 0.107844 0.821404 0.055285 0.006225
2 2 0.014346 0.226577 0.737635 0.005230 0.016212
2 3 0.010090 0.143294 0.787182 0.044477 0.014957
2 2 0.011562 0.061822 0.702849 0.221061 0.002706
2 2 0.025421 0.243602 0.702877 0.010494 0.017606
2 2 0.034659 0.274109 0.642518 0.005636 0.043079
2 2 0.022405 0.268246 0.660542 0.018822 0.029986
2 2 0.035963 0.351448 0.561921 0.011731 0.038937
2 2 0.041291 0.430206 0.442465 0.001815 0.084223
2 2 0.024412 0.287668 0.638349 0.008486 0.041086
2 2 0.007582 0.106473 0.868650 0.010226 0.007069
2 2 0.017147 0.206396 0.741751 0.010732 0.023974
2 2 0.002590 0.060866 0.917102 0.012154 0.007289
2 2 0.018378 0.258872 0.673032 0.020119 0.029599
2 2 0.004643 0.066126 0.881690 0.045642 0.001900
2 2 0.011908 0.152371 0.763159 0.061324 0.011238
2 2 0.012316 0.204784 0.753840 0.006974 0.022086
2 2 0.034114 0.430021 0.459615 0.003912 0.072338
2 2 0.005900 0.084415 0.859127 0.043537 0.007023
2 2 0.012671 0.174850 0.768005 0.026221 0.018253
2 2 0.018642 0.194338 0.735985 0.037726 0.013309
2 2 0.016729 0.160632 0.736165 0.077863 0.008610
2 2 0.009391 0.093390 0.814042 0.074793 0.008384
2 2 0.006707 0.045865 0.596388 0.347260 0.003780
2 2 0.002472 0.052467 0.778304 0.162620 0.004137
2 2 0.011805 0.085821 0.772202 0.124155 0.006018
2 2 0.008903 0.097269 0.748883 0.141549 0.003395
2 3 0.016766 0.163403 0.695633 0.098366 0.025832
2 2 0.007046 0.061027 0.663012 0.265625 0.003290
2 2 0.010054 0.063427 0.673550 0.246167 0.006802
2 2 0.009851 0.110879 0.711645 0.156419 0.011206
2 2 0.013493 0.125591 0.692256 0.159054 0.009606
2 2 0.016333 0.076735 0.647095 0.254998 0.004839
2 2 0.009453 0.086516 0.749362 0.138136 0.016532
2 2 0.011539 0.158831 0.706598 0.104429 0.018603
2 2 0.006350 0.083685 0.794304 0.110822 0.004839
2 2 0.014919 0.070922 0.649383 0.257967 0.006809
2 2 0.006683 0.107170 0.832664 0.041935 0.011547
2 2 0.003714 0.047862 0.678229 0.267176 0.003019
2 3 0.014155 0.086449 0.646913 0.239088 0.013394
2 2 0.013671 0.124862 0.698516 0.151417 0.011534
2 2 0.008570 0.082664 0.775861 0.126633 0.006272
2 2 0.009968 0.061879 0.670471 0.254942 0.002740
2 3 0.003200 0.030996 0.558639 0.403749 0.003415
2 0 0.012407 0.073006 0.533207 0.371110 0.010270
0 2 0.425606 0.189321 0.306925 0.044105 0.034044
1 2 0.062328 0.485815 0.424657 0.003059 0.024141
1 2 0.093420 0.652042 0.210354 0.000473 0.043710
2 2 0.002148 0.046646 0.913881 0.034856 0.002469
2 2 0.012394 0.157689 0.817407 0.005520 0.006990
2 2 0.016581 0.140351 0.812979 0.026380 0.003709
1 2 0.047056 0.524366 0.399013 0.002430 0.027135
2 2 0.021811 0.307774 0.653710 0.002704 0.014001
2 1 0.033227 0.297495 0.652819 0.002975 0.013485
1 2 0.108141 0.628642 0.217614 0.000427 0.045177
2 2 0.036553 0.340819 0.595947 0.005612 0.021070
1 2 0.060048 0.494527 0.419071 0.000437 0.025916
1 2 0.160690 0.651299 0.132203 0.000160 0.055649
2 2 0.031523 0.392744 0.549168 0.001897 0.024668
2 2 0.006105 0.126611 0.846325 0.010310 0.010648
2 2 0.011861 0.188637 0.786030 0.002880 0.010591
2 2 0.031791 0.257734 0.692590 0.004039 0.013846
2 2 0.011115 0.199692 0.778887 0.002375 0.007931
2 2 0.016025 0.287414 0.678541 0.002042 0.015979
2 2 0.006632 0.119989 0.863305 0.006385 0.003688
2 2 0.018477 0.231439 0.738180 0.002081 0.009822
2 2 0.011721 0.173246 0.774516 0.028130 0.012387
2 2 0.019363 0.314569 0.637829 0.002958 0.025280
2 2 0.007771 0.131831 0.844142 0.010599 0.005657
2 2 0.006131 0.085352 0.782742 0.120318 0.005457
2 2 0.009968 0.208313 0.757327 0.009699 0.014693
2 2 0.006727 0.153782 0.817630 0.002333 0.019528
2 2 0.039651 0.305992 0.628238 0.010900 0.015220
2 2 0.032370 0.329161 0.593882 0.018180 0.026407
2 2 0.007729 0.067194 0.778287 0.143112 0.003679
2 2 0.023421 0.355103 0.585965 0.003129 0.032383
2 2 0.011360 0.145604 0.819655 0.017671 0.005709
2 2 0.011713 0.141184 0.768045 0.070180 0.008878
2 2 0.012221 0.140900 0.793604 0.035975 0.017300
2 2 0.008561 0.151350 0.796315 0.028164 0.015610
2 2 0.011155 0.144901 0.780033 0.047491 0.016420
2 2 0.019497 0.194645 0.709013 0.063627 0.013219
2 2 0.011167 0.177169 0.732705 0.051110 0.027850
2 2 0.010577 0.195541 0.685837 0.063181 0.044864
2 2 0.006321 0.085421 0.722224 0.182163 0.003870
2 2 0.006538 0.114794 0.781299 0.087766 0.009603
2 2 0.009081 0.085332 0.695947 0.198038 0.011601
2 2 0.009272 0.091116 0.783535 0.109813 0.006265
2 2 0.009442 0.086687 0.814805 0.073613 0.015452
2 2 0.011585 0.110567 0.711214 0.156414 0.010220
2 2 0.026449 0.144359 0.663451 0.157504 0.008237
2 3 0.003898 0.047027 0.836398 0.110713 0.001964
2 2 0.011866 0.121075 0.735093 0.115815 0.016152
2 2 0.011372 0.092389 0.624935 0.257068 0.014235
2 2 0.005481 0.103997 0.814324 0.062161 0.014037
2 2 0.007183 0.063163 0.679064 0.246463 0.004127
2 2 0.007843 0.137418 0.812813 0.030619 0.011307
2 2 0.005528 0.077850 0.860993 0.051993 0.003635
2 2 0.009487 0.151113 0.729488 0.094298 0.015614
2 0 0.011382 0.140140 0.733850 0.101993 0.012634
2 0 0.323419 0.307258 0.324494 0.023349 0.021481
0 0 0.662762 0.235210 0.039501 0.000360 0.062167
1 1 0.288875 0.453760 0.033121 0.000022 0.224222
1 1 0.199069 0.427330 0.046286 0.000052 0.327263
1 1 0.134320 0.631018 0.070542 0.000055 0.164065
1 1 0.147121 0.664523 0.074364 0.000043 0.113948
1 1 0.081088 0.703453 0.125496 0.000072 0.089891
1 1 0.069330 0.613597 0.258926 0.000952 0.057195
1 2 0.071729 0.646185 0.222597 0.000444 0.059045
1 2 0.109880 0.658653 0.147938 0.000175 0.083354
2 0 0.048857 0.440608 0.478766 0.000578 0.031191
0 0 0.793003 0.149535 0.031719 0.000561 0.025183
0 1 0.479368 0.425439 0.039101 0.000021 0.056071
1 1 0.310143 0.529318 0.046515 0.000025 0.113999
1 1 0.180277 0.526347 0.062455 0.000024 0.230897
1 1 0.251059 0.532756 0.051153 0.000045 0.164987
1 1 0.055372 0.642361 0.162040 0.000042 0.140185
1 1 0.107714 0.717789 0.088588 0.000011 0.085897
1 1 0.064056 0.617617 0.249792 0.000123 0.068413
1 1 0.076683 0.612950 0.215826 0.000097 0.094444
1 2 0.058756 0.595125 0.303176 0.000053 0.042889
1 2 0.048327 0.563378 0.367421 0.000243 0.020631
2 2 0.022744 0.287462 0.670477 0.000194 0.019123
1 2 0.061756 0.517857 0.379671 0.000089 0.040626
1 2 0.091375 0.679917 0.152704 0.000008 0.075996
1 2 0.065339 0.581587 0.294821 0.000118 0.058135
2 2 0.015119 0.218953 0.748444 0.000249 0.017235
2 2 0.033699 0.363162 0.583769 0.000455 0.018915
2 2 0.022956 0.307136 0.652162 0.000394 0.017352
2 2 0.012281 0.227424 0.749913 0.000314 0.010067
1 2 0.085264 0.605806 0.249100 0.000541 0.059289
2 2 0.023832 0.404633 0.543635 0.000129 0.027772
2 2 0.020114 0.330189 0.625398 0.000185 0.024115
1 2 0.080924 0.540404 0.352173 0.000386 0.026113
2 1 0.074214 0.355041 0.536250 0.000773 0.033722
0 0 0.430504 0.392969 0.089153 0.000778 0.086595
0 0 0.920927 0.056778 0.004826 0.000015 0.017453
0 0 0.812949 0.127663 0.031457 0.000615 0.027317
0 0 0.758191 0.157978 0.045122 0.001246 0.037462
0 0 0.881591 0.091790 0.017376 0.000180 0.009063
0 0 0.704085 0.218925 0.035110 0.000234 0.041646
0 0 0.702612 0.185651 0.032654 0.000524 0.078559
0 0 0.860605 0.097609 0.020485 0.000460 0.020840
0 1 0.600124 0.300230 0.040379 0.000130 0.059138
1 4 0.267666 0.492403 0.061290 0.000114 0.178527
4 4 0.079159 0.320754 0.173608 0.000488 0.425991
4 4 0.071261 0.372756 0.056937 0.000058 0.498989
1 4 0.089335 0.493800 0.058495 0.000076 0.358294
4 4 0.047448 0.181303 0.059497 0.000006 0.711745
4 4 0.031972 0.242404 0.046299 0.000013 0.679312
4 4 0.019434 0.344491 0.083179 0.000006 0.552889
4 4 0.082645 0.251421 0.058619 0.000122 0.607193
4 4 0.051553 0.215451 0.046859 0.000027 0.686110
4 4 0.073354 0.171803 0.035984 0.000034 0.718826
4 4 0.034916 0.110658 0.018974 0.000068 0.835385
4 4 0.023704 0.358446 0.117650 0.000046 0.500154
4 4 0.016147 0.056400 0.029000 0.000010 0.898443
4 4 0.032155 0.169437 0.062735 0.000019 0.735653
1 4 0.106483 0.466924 0.101485 0.000071 0.325037
4 4 0.102689 0.159750 0.023184 0.000004 0.714372
4 4 0.032785 0.054664 0.015223 0.000022 0.897307
4 4 0.026106 0.246901 0.098931 0.000009 0.628054
4 4 0.029710 0.372585 0.113133 0.000130 0.484441
4 4 0.064212 0.068476 0.026676 0.000045 0.840591
4 4 0.032260 0.385521 0.115850 0.000005 0.466365
4 4 0.022569 0.203490 0.079414 0.000017 0.694510
4 4 0.041498 0.078018 0.018885 0.000002 0.861598
4 4 0.023813 0.131128 0.037530 0.000022 0.807507
4 4 0.039949 0.367335 0.084671 0.000022 0.508023
4 4 0.031552 0.079401 0.015621 0.000021 0.873405
4 4 0.054575 0.154604 0.036873 0.000043 0.753905
4 4 0.028320 0.392743 0.109673 0.000014 0.469249
4 4 0.029550 0.135679 0.030809 0.000007 0.803955
4 4 0.028308 0.314797 0.086997 0.000007 0.569890
4 4 0.048608 0.127665 0.056782 0.000025 0.766921
4 4 0.060261 0.388392 0.081384 0.000028 0.469934
4 4 0.044759 0.309233 0.051827 0.000013 0.594169
4 4 0.071975 0.154172 0.028419 0.000012 0.745422
4 4 0.059921 0.041381 0.010082 0.000027 0.888590
4 4 0.074892 0.401044 0.062170 0.000013 0.461882
4 4 0.028625 0.093124 0.028173 0.000006 0.850072
4 4 0.061969 0.179649 0.038791 0.000007 0.719585
4 4 0.098374 0.170210 0.022624 0.000023 0.708768
4 4 0.020003 0.019300 0.014684 0.000003 0.946010
4 4 0.022438 0.102526 0.044716 0.000026 0.830294
4 4 0.190797 0.182554 0.118319 0.000973 0.507357
4 4 0.095775 0.068074 0.013891 0.000047 0.822212
4 4 0.027459 0.306492 0.077820 0.000024 0.588206
4 4 0.027675 0.162996 0.050666 0.000007 0.758655
4 4 0.082578 0.098832 0.018944 0.000030 0.799616
1 4 0.092173 0.431581 0.077912 0.000006 0.398328
4 4 0.030177 0.035098 0.009876 0.000007 0.924842
4 4 0.038029 0.396990 0.094174 0.000005 0.470803
4 4 0.034560 0.363985 0.086855 0.000009 0.514591
4 4 0.029654 0.360871 0.077144 0.000006 0.532325
4 4 0.041842 0.373713 0.084210 0.000015 0.500220
4 4 0.019890 0.377850 0.120328 0.000013 0.481919
4 4 0.030896 0.280443 0.093036 0.000006 0.595620
4 4 0.027285 0.291831 0.066647 0.000013 0.614223
1 4 0.062440 0.478904 0.068276 0.000043 0.390337
1 4 0.117728 0.512218 0.069576 0.000066 0.300412
4 4 0.045674 0.335750 0.083031 0.000013 0.535532
1 4 0.030863 0.540466 0.218264 0.000392 0.210016
1 4 0.085254 0.496452 0.071974 0.000056 0.346264
1 4 0.035049 0.436042 0.169814 0.000123 0.358972
1 1 0.055188 0.636182 0.073548 0.000014 0.235068
1 1 0.051410 0.540115 0.081740 0.000085 0.326651
1 1 0.091051 0.561774 0.095453 0.000084 0.251638
1 1 0.015774 0.477944 0.210326 0.000055 0.295901
1 1 0.085583 0.550158 0.151082 0.000324 0.212852
1 1 0.054429 0.547938 0.117481 0.000112 0.280040
1 1 0.079086 0.625296 0.070502 0.000061 0.225055
1 1 0.051542 0.522562 0.116476 0.000105 0.309315
1 1 0.148782 0.582650 0.067653 0.000086 0.200829
1 1 0.077686 0.539249 0.077742 0.000139 0.305184
1 0 0.113796 0.650090 0.064950 0.000013 0.171151
0 1 0.368616 0.247158 0.345090 0.016999 0.022137
1 1 0.211917 0.533040 0.055643 0.000032 0.199368
1 1 0.076391 0.668250 0.071196 0.000039 0.184124
1 1 0.054312 0.702301 0.085996 0.000006 0.157385
1 1 0.058602 0.709637 0.168126 0.000138 0.063497
2 2 0.034831 0.387788 0.531901 0.005195 0.040285
1 2 0.108466 0.714435 0.114253 0.000090 0.062756
1 2 0.040099 0.559734 0.346058 0.000151 0.053958
2 2 0.022252 0.320804 0.633150 0.001329 0.022465
1 2 0.050995 0.638450 0.216842 0.000055 0.093658
1 2 0.059842 0.602403 0.201048 0.000013 0.136694
1 2 0.090397 0.671078 0.193606 0.000045 0.044873
2 2 0.002321 0.069727 0.924904 0.000473 0.002574
2 2 0.026978 0.371585 0.569237 0.000291 0.031908
2 2 0.004543 0.089596 0.896878 0.003568 0.005414
2 2 0.009273 0.154590 0.829878 0.001327 0.004932
2 2 0.005800 0.156646 0.821673 0.000280 0.015601
2 2 0.008730 0.197195 0.779044 0.000579 0.014451
2 2 0.002853 0.069071 0.919632 0.005205 0.003239
2 2 0.015442 0.358617 0.562804 0.000960 0.062178
2 2 0.001555 0.046821 0.942913 0.007679 0.001032
2 2 0.004397 0.091346 0.896813 0.002187 0.005257
2 2 0.004557 0.094427 0.885687 0.011081 0.004249
2 2 0.003187 0.052633 0.925307 0.015717 0.003157
2 2 0.001876 0.037477 0.890683 0.067111 0.002853
2 2 0.005749 0.075691 0.884084 0.031066 0.003410
2 2 0.007948 0.137169 0.801860 0.040106 0.012918
2 2 0.003831 0.042748 0.936901 0.015008 0.001511
2 2 0.002305 0.031035 0.921098 0.043438 0.002124
2 2 0.006517 0.100615 0.827315 0.054410 0.011142
2 2 0.009041 0.079314 0.788867 0.112422 0.010357
2 2 0.005039 0.052730 0.746719 0.191303 0.004209
2 2 0.010222 0.100491 0.837770 0.045565 0.005951
2 3 0.009350 0.093068 0.713597 0.162273 0.021712
2 3 0.000751 0.007362 0.624598 0.366839 0.000449
2 3 0.002224 0.035104 0.536954 0.421078 0.004640
2 3 0.003049 0.051926 0.746758 0.193504 0.004762
2 3 0.002286 0.031938 0.697537 0.264234 0.004004
2 3 0.011336 0.130658 0.650777 0.195060 0.012169
2 3 0.003726 0.038245 0.643195 0.309046 0.005788
3 3 0.000893 0.011597 0.469275 0.517311 0.000925
2 3 0.009747 0.072860 0.469264 0.426167 0.021962
3 3 0.001852 0.013142 0.325878 0.656956 0.002173
3 3 0.001415 0.007409 0.235565 0.753697 0.001914
3 3 0.000506 0.003661 0.364401 0.631148 0.000283
2 3 0.001642 0.025587 0.514439 0.453229 0.005102
3 3 0.002961 0.025832 0.315286 0.645913 0.010007
2 2 0.008413 0.179184 0.665800 0.117381 0.029222
2 2 0.016996 0.177453 0.761728 0.028804 0.015018
2 2 0.014485 0.202456 0.744316 0.015393 0.023351
2 2 0.036062 0.349238 0.562811 0.024156 0.027732
2 2 0.007667 0.153951 0.805608 0.024025 0.008749
2 2 0.009466 0.109965 0.802517 0.069475 0.008577
2 2 0.003272 0.076491 0.853335 0.061516 0.005386
2 2 0.002368 0.058603 0.781345 0.153806 0.003878
