0 0 0.979004 0.010574 0.004409 0.001734 0.004279
0 0 0.953666 0.023738 0.009560 0.003409 0.009627
0 0 0.940454 0.025517 0.011032 0.005629 0.017369
0 0 0.743915 0.142485 0.050876 0.004720 0.058004
0 0 0.680518 0.202323 0.071739 0.017960 0.027460
0 0 0.945747 0.029238 0.011280 0.003206 0.010530
0 0 0.982896 0.007785 0.002857 0.000359 0.006103
0 0 0.975434 0.008344 0.003916 0.002464 0.009841
0 0 0.878821 0.054175 0.024016 0.019169 0.023819
1 0 0.350193 0.460476 0.139268 0.002361 0.047703
1 0 0.169549 0.562061 0.188026 0.002787 0.077578
1 0 0.158555 0.439097 0.361141 0.018265 0.022942
1 0 0.228881 0.458362 0.266090 0.029463 0.017205
1 0 0.123901 0.593520 0.210031 0.004322 0.068226
1 1 0.111987 0.596421 0.217260 0.002054 0.072277
1 1 0.062082 0.623118 0.205255 0.000178 0.109367
1 1 0.041590 0.486304 0.432092 0.001307 0.038707
1 1 0.019189 0.579517 0.271596 0.000476 0.129222
1 1 0.027857 0.583268 0.266877 0.000815 0.121182
1 1 0.020580 0.536916 0.194554 0.000107 0.247843
4 1 0.112894 0.279176 0.086476 0.000296 0.521159
4 4 0.058170 0.299621 0.089409 0.000030 0.552770
4 4 0.028366 0.254500 0.079127 0.000016 0.637991
4 4 0.033226 0.339836 0.102260 0.000009 0.524669
1 4 0.037672 0.541853 0.178723 0.000058 0.241694
4 4 0.036861 0.363852 0.107629 0.000007 0.491650
4 4 0.023424 0.216088 0.076416 0.000034 0.684037
1 4 0.063902 0.509797 0.172788 0.000354 0.253158
1 4 0.020681 0.422086 0.145432 0.000044 0.411757
4 4 0.026438 0.391179 0.135777 0.000094 0.446512
4 4 0.020873 0.289408 0.096716 0.000032 0.592971
1 4 0.019213 0.414936 0.157762 0.000293 0.407796
4 4 0.042633 0.303957 0.095212 0.000040 0.558158
4 4 0.054460 0.254213 0.075868 0.000030 0.615429
1 4 0.048080 0.467570 0.162016 0.000308 0.322026
1 4 0.030233 0.571767 0.216581 0.000621 0.180798
1 4 0.042526 0.515545 0.179423 0.000242 0.262264
1 4 0.033606 0.449797 0.157186 0.000168 0.359242
1 4 0.053726 0.450356 0.159571 0.000646 0.335700
0 0 0.555023 0.236305 0.088894 0.013563 0.106215
1 0 0.074424 0.634744 0.239332 0.002002 0.049497
1 1 0.030346 0.643494 0.278543 0.000451 0.047166
1 1 0.024210 0.553400 0.366438 0.001795 0.054157
1 2 0.063315 0.590141 0.312596 0.002355 0.031593
1 2 0.052321 0.625394 0.281914 0.001210 0.039160
1 2 0.026213 0.567030 0.356879 0.001437 0.048441
2 2 0.020604 0.383875 0.571810 0.006155 0.017556
2 2 0.008610 0.242987 0.728830 0.010154 0.009419
2 2 0.004370 0.135172 0.839274 0.018022 0.003163
2 2 0.004940 0.149651 0.832535 0.010168 0.002706
2 2 0.001172 0.047309 0.919622 0.031386 0.000510
2 2 0.004487 0.100345 0.859418 0.034205 0.001545
2 2 0.001459 0.033806 0.917101 0.047338 0.000296
2 2 0.001906 0.055916 0.913788 0.027802 0.000588
2 2 0.001779 0.040076 0.876897 0.080913 0.000335
2 2 0.007171 0.229478 0.749157 0.006959 0.007235
2 2 0.082692 0.417481 0.453976 0.029178 0.016673
2 2 0.009501 0.162031 0.789962 0.034728 0.003778
2 2 0.005457 0.143464 0.825838 0.021822 0.003420
2 2 0.000339 0.014561 0.909815 0.075214 0.000071
2 2 0.001584 0.042518 0.926574 0.028939 0.000385
2 2 0.001268 0.016399 0.908083 0.074191 0.000059
2 2 0.002305 0.080651 0.874245 0.040960 0.001839
2 2 0.002901 0.028466 0.768398 0.199868 0.000368
2 2 0.000485 0.006291 0.645715 0.347469 0.000040
2 2 0.005091 0.071182 0.796203 0.126471 0.001054
3 2 0.000402 0.004018 0.424960 0.570603 0.000017
2 2 0.001256 0.018876 0.645750 0.333920 0.000197
3 2 0.000109 0.001194 0.234522 0.764165 0.000009
3 2 0.000253 0.004321 0.410027 0.585362 0.000038
3 2 0.000077 0.001013 0.219916 0.778985 0.000010
3 2 0.000236 0.002541 0.264531 0.732655 0.000037
3 3 0.000265 0.001359 0.125494 0.872866 0.000016
3 3 0.001895 0.010493 0.321078 0.666362 0.000171
3 3 0.000065 0.000605 0.071635 0.927680 0.000015
3 3 0.000019 0.000152 0.037347 0.962480 0.000003
3 3 0.000127 0.001060 0.135974 0.862829 0.000010
3 3 0.000069 0.000488 0.044718 0.954703 0.000022
3 3 0.000297 0.001718 0.118956 0.879000 0.000029
3 3 0.000002 0.000055 0.027035 0.972905 0.000002
3 3 0.000002 0.000027 0.013915 0.986055 0.000001
3 3 0.000021 0.000148 0.025066 0.974759 0.000006
3 3 0.000032 0.000356 0.048969 0.950627 0.000016
3 3 0.000004 0.000042 0.017965 0.981988 0.000001
3 3 0.000005 0.000058 0.020775 0.979160 0.000002
3 3 0.000005 0.000050 0.015647 0.984295 0.000002
3 3 0.000003 0.000047 0.022731 0.977217 0.000001
3 3 0.000004 0.000092 0.025344 0.974551 0.000008
3 3 0.000000 0.000005 0.006104 0.993890 0.000000
3 3 0.000004 0.000046 0.018031 0.981918 0.000002
3 3 0.000002 0.000020 0.008045 0.991932 0.000001
3 3 0.000003 0.000036 0.011305 0.988653 0.000003
3 3 0.000001 0.000014 0.009282 0.990702 0.000001
3 3 0.000002 0.000023 0.008170 0.991803 0.000002
3 3 0.000011 0.000086 0.016902 0.982997 0.000005
3 3 0.000002 0.000030 0.013735 0.986231 0.000001
3 3 0.000005 0.000042 0.014804 0.985148 0.000002
3 3 0.000001 0.000006 0.004649 0.995344 0.000000
3 3 0.000004 0.000026 0.008337 0.991632 0.000002
3 3 0.000004 0.000029 0.007099 0.992865 0.000003
3 3 0.000002 0.000023 0.009829 0.990144 0.000001
3 3 0.000000 0.000005 0.004600 0.995394 0.000000
3 3 0.000000 0.000010 0.007557 0.992431 0.000001
3 3 0.000000 0.000005 0.005418 0.994577 0.000000
3 3 0.000000 0.000002 0.002695 0.997303 0.000000
3 3 0.000003 0.000019 0.004476 0.995499 0.000003
3 3 0.000002 0.000021 0.006799 0.993176 0.000003
3 3 0.000000 0.000003 0.003705 0.996292 0.000000
3 3 0.000000 0.000004 0.005798 0.994197 0.000000
3 3 0.000001 0.000007 0.004221 0.995770 0.000001
3 3 0.000000 0.000005 0.006599 0.993395 0.000000
3 3 0.000000 0.000001 0.003161 0.996838 0.000000
3 3 0.000001 0.000008 0.003804 0.996185 0.000001
3 3 0.000000 0.000003 0.004188 0.995809 0.000000
3 3 0.000000 0.000006 0.004166 0.995827 0.000001
3 3 0.000000 0.000001 0.001622 0.998378 0.000000
3 3 0.000000 0.000006 0.004775 0.995219 0.000001
3 3 0.000001 0.000008 0.004678 0.995312 0.000001
3 3 0.000000 0.000006 0.004209 0.995784 0.000000
3 3 0.000001 0.000006 0.003455 0.996537 0.000001
3 3 0.000004 0.000029 0.010414 0.989552 0.000001
3 3 0.000000 0.000003 0.003334 0.996662 0.000000
3 3 0.000001 0.000011 0.005223 0.994764 0.000001
3 3 0.000000 0.000003 0.004716 0.995280 0.000000
3 3 0.000001 0.000008 0.004102 0.995889 0.000001
3 3 0.000002 0.000014 0.006979 0.993005 0.000001
3 3 0.000001 0.000008 0.007132 0.992858 0.000000
3 3 0.000001 0.000007 0.005173 0.994819 0.000000
3 3 0.000198 0.000280 0.006467 0.992935 0.000119
3 3 0.000013 0.000164 0.037265 0.962551 0.000006
3 3 0.022142 0.015846 0.084221 0.876588 0.001204
2 0 0.220764 0.087742 0.416780 0.256754 0.017960
0 0 0.690907 0.085470 0.078779 0.096878 0.047966
3 1 0.247761 0.136521 0.290057 0.308384 0.017277
0 1 0.540768 0.037668 0.156926 0.191893 0.072745
3 1 0.048959 0.032665 0.255157 0.656671 0.006547
0 1 0.510636 0.039808 0.062742 0.315900 0.070914
0 0 0.906914 0.004452 0.004663 0.016682 0.067289
0 0 0.518484 0.022037 0.019812 0.037662 0.402004
0 0 0.572630 0.074823 0.093422 0.104917 0.154207
0 0 0.314108 0.103848 0.280685 0.272276 0.029083
3 0 0.091938 0.096990 0.306380 0.477169 0.027523
0 0 0.353688 0.192039 0.343181 0.088869 0.022223
3 0 0.009485 0.036443 0.331416 0.621322 0.001334
3 0 0.051719 0.058595 0.196205 0.690091 0.003390
3 0 0.044183 0.045872 0.147183 0.756021 0.006741
3 0 0.055489 0.027008 0.135732 0.778277 0.003494
2 2 0.000396 0.005743 0.864006 0.129825 0.000029
3 2 0.096701 0.070323 0.235730 0.591920 0.005325
2 2 0.102571 0.285829 0.417137 0.178864 0.015599
2 2 0.085039 0.312428 0.471448 0.116914 0.014171
0 0 0.601074 0.158121 0.140040 0.035906 0.064859
3 0 0.273963 0.147856 0.259157 0.291534 0.027490
3 0 0.165602 0.104035 0.324076 0.395606 0.010681
2 0 0.030457 0.049005 0.577469 0.342106 0.000963
2 0 0.002438 0.026467 0.899245 0.071736 0.000114
2 0 0.246196 0.066365 0.614125 0.071523 0.001792
0 0 0.985345 0.003360 0.001825 0.002274 0.007196
0 0 0.954832 0.014231 0.006695 0.004498 0.019744
0 0 0.970938 0.013596 0.005655 0.002067 0.007744
2 0 0.061018 0.430248 0.470805 0.018714 0.019216
1 1 0.037773 0.505163 0.401119 0.007759 0.048185
1 1 0.044472 0.529013 0.382940 0.005155 0.038420
2 2 0.014020 0.203923 0.739758 0.036295 0.006004
2 2 0.003320 0.070710 0.885905 0.039380 0.000684
2 2 0.013475 0.192966 0.765320 0.024469 0.003770
1 2 0.073727 0.497667 0.393844 0.010509 0.024253
0 2 0.650655 0.214326 0.083790 0.008318 0.042911
1 2 0.055281 0.546413 0.332829 0.008184 0.057294
1 2 0.057828 0.604277 0.276277 0.003110 0.058507
2 2 0.022845 0.341187 0.597902 0.018817 0.019249
2 2 0.007778 0.139277 0.821537 0.029041 0.002368
2 2 0.001810 0.051308 0.913352 0.033123 0.000407
1 2 0.051372 0.523094 0.400496 0.002549 0.022488
1 2 0.116956 0.519854 0.330755 0.010614 0.021821
0 2 0.444757 0.306770 0.136310 0.019241 0.092922
1 2 0.187080 0.532713 0.227447 0.001281 0.051478
1 2 0.083574 0.531454 0.322581 0.014843 0.047549
1 2 0.042627 0.579180 0.288566 0.004326 0.085301
1 2 0.026791 0.522268 0.394042 0.003623 0.053276
2 2 0.004939 0.176316 0.808299 0.006106 0.004340
2 2 0.000530 0.019421 0.953780 0.026159 0.000110
2 2 0.001840 0.019264 0.958515 0.020207 0.000174
2 2 0.004647 0.063179 0.916237 0.015398 0.000539
0 0 0.840336 0.077516 0.042147 0.022950 0.017052
2 0 0.302569 0.306974 0.330013 0.052131 0.008312
1 0 0.046589 0.484373 0.452686 0.002948 0.013404
2 0 0.033317 0.252036 0.676001 0.033941 0.004705
2 1 0.004159 0.049465 0.880534 0.065326 0.000516
1 1 0.105523 0.547056 0.329078 0.003554 0.014789
0 1 0.928862 0.041062 0.014856 0.003039 0.012181
1 0 0.177390 0.485399 0.280730 0.029802 0.026679
1 0 0.206990 0.511852 0.225155 0.010014 0.045989
0 0 0.504510 0.328102 0.105263 0.003108 0.059018
1 0 0.353215 0.454295 0.153685 0.017619 0.021186
1 1 0.040283 0.568758 0.349435 0.002262 0.039263
1 1 0.052203 0.604325 0.299738 0.001919 0.041815
1 2 0.114406 0.621763 0.218128 0.003184 0.042519
1 2 0.153298 0.597790 0.206820 0.004916 0.037177
2 0 0.287305 0.251846 0.389767 0.064260 0.006822
2 0 0.147580 0.388393 0.414647 0.038164 0.011216
1 1 0.287900 0.515244 0.163831 0.004281 0.028744
2 1 0.056561 0.285879 0.610822 0.039569 0.007168
1 1 0.409815 0.418423 0.138226 0.007598 0.025938
0 0 0.956074 0.014722 0.007455 0.009889 0.011860
0 0 0.973850 0.008095 0.003932 0.002991 0.011133
0 0 0.966360 0.009031 0.004209 0.002187 0.018213
0 0 0.842117 0.069768 0.031535 0.032662 0.023918
1 0 0.242308 0.490684 0.173078 0.016986 0.076943
2 1 0.084052 0.427466 0.433481 0.033717 0.021285
1 1 0.047794 0.642710 0.238781 0.001295 0.069420
1 1 0.100711 0.592706 0.241586 0.006958 0.058039
0 0 0.589552 0.116468 0.126544 0.157245 0.010190
1 0 0.126314 0.524270 0.330768 0.005454 0.013194
1 0 0.075662 0.549945 0.354852 0.002708 0.016834
1 0 0.270747 0.487645 0.207946 0.007259 0.026403
0 0 0.869003 0.086398 0.028962 0.004306 0.011331
0 1 0.933483 0.026795 0.011862 0.006928 0.020932
0 1 0.962284 0.010538 0.005306 0.005223 0.016649
0 1 0.948096 0.017533 0.008844 0.011924 0.013603
0 1 0.933603 0.018689 0.009472 0.011127 0.027109
0 1 0.853777 0.049914 0.024334 0.031129 0.040846
0 0 0.788299 0.102380 0.038738 0.010203 0.060382
0 0 0.886901 0.034039 0.016953 0.020833 0.041274
0 0 0.811308 0.042581 0.022545 0.038764 0.084803
0 0 0.978773 0.006014 0.002922 0.001983 0.010308
0 0 0.908296 0.044758 0.018354 0.008075 0.020517
0 0 0.906620 0.034123 0.016058 0.014784 0.028414
0 0 0.551388 0.128150 0.211073 0.045175 0.064215
2 0 0.203300 0.318409 0.440569 0.022638 0.015085
0 0 0.733959 0.152672 0.077938 0.020112 0.015319
0 0 0.915862 0.050494 0.020137 0.006026 0.007481
0 0 0.942720 0.014409 0.007958 0.016999 0.017914
0 0 0.948133 0.025522 0.010903 0.006141 0.009302
0 0 0.944189 0.023229 0.007646 0.000502 0.024433
0 0 0.798186 0.107008 0.044219 0.015103 0.035484
0 0 0.993114 0.002467 0.001074 0.000319 0.003025
0 0 0.913687 0.027645 0.013404 0.013281 0.031983
0 0 0.957446 0.012059 0.006334 0.009228 0.014932
0 0 0.965280 0.012345 0.006051 0.006144 0.010180
0 0 0.987859 0.003694 0.001512 0.000280 0.006655
0 0 0.987277 0.003963 0.001828 0.000825 0.006107
0 0 0.950658 0.019931 0.008651 0.004083 0.016676
0 0 0.879895 0.033427 0.015710 0.007447 0.063521
0 0 0.811224 0.072616 0.034165 0.040972 0.041024
0 0 0.809411 0.081103 0.036124 0.016383 0.056980
0 0 0.895946 0.023298 0.010371 0.004228 0.066157
0 0 0.858625 0.057330 0.025140 0.016087 0.042817
0 0 0.779708 0.110393 0.042033 0.012136 0.055730
0 0 0.657181 0.167534 0.068066 0.028229 0.078990
0 0 0.399474 0.277553 0.187836 0.113304 0.021833
0 0 0.881360 0.038811 0.019069 0.023363 0.037397
0 0 0.900138 0.047666 0.018588 0.005407 0.028201
0 0 0.945712 0.027889 0.010838 0.003009 0.012552
0 0 0.971540 0.017930 0.005905 0.000583 0.004042
0 0 0.882142 0.065272 0.045731 0.003641 0.003214
0 0 0.913557 0.054295 0.019120 0.004052 0.008976
0 0 0.806943 0.099362 0.081668 0.007768 0.004259
0 0 0.453890 0.390335 0.135615 0.003050 0.017109
0 0 0.500421 0.254541 0.219678 0.021320 0.004041
0 0 0.522492 0.318804 0.128842 0.018650 0.011213
0 0 0.806633 0.094374 0.079888 0.011555 0.007550
0 0 0.872762 0.063901 0.042818 0.011886 0.008633
0 0 0.938206 0.039121 0.012846 0.001455 0.008372
0 0 0.940546 0.014034 0.007068 0.006625 0.031727
0 0 0.823530 0.036190 0.017083 0.011216 0.111982
0 0 0.876114 0.035484 0.016363 0.010207 0.061832
0 0 0.911685 0.015603 0.007646 0.005189 0.059877
0 0 0.830891 0.087985 0.034522 0.005895 0.040707
0 0 0.900824 0.050420 0.019787 0.006502 0.022467
0 0 0.894239 0.048077 0.020911 0.013952 0.022821
0 0 0.943672 0.027882 0.009501 0.000948 0.017997
0 0 0.568112 0.276590 0.097238 0.005100 0.052960
0 0 0.496888 0.227482 0.126315 0.112410 0.036905
1 1 0.127583 0.560306 0.174206 0.000286 0.137619
1 1 0.030095 0.646543 0.274825 0.000428 0.048108
1 1 0.163130 0.540537 0.152727 0.000070 0.143536
0 0 0.794188 0.126110 0.034279 0.000356 0.045066
0 0 0.980827 0.002559 0.001091 0.000177 0.015346
0 0 0.586440 0.275587 0.071438 0.000478 0.066057
0 0 0.726577 0.006233 0.002876 0.000290 0.264024
0 0 0.788622 0.076191 0.026209 0.001149 0.107828
0 0 0.897327 0.031124 0.009442 0.000158 0.061949
4 0 0.141917 0.005895 0.003369 0.000201 0.848618
4 4 0.046201 0.078595 0.036889 0.000339 0.837976
4 4 0.035164 0.138318 0.058716 0.000198 0.767605
4 4 0.019692 0.151095 0.074097 0.000364 0.754752
4 4 0.054486 0.135151 0.070073 0.003921 0.736368
4 4 0.022945 0.203657 0.073918 0.000037 0.699443
4 4 0.033903 0.245118 0.097708 0.000356 0.622914
1 4 0.056549 0.501899 0.189748 0.002663 0.249142
4 4 0.039278 0.188895 0.065236 0.000053 0.706539
4 4 0.055506 0.224705 0.064065 0.000013 0.655710
4 4 0.032922 0.184714 0.063447 0.000033 0.718884
4 4 0.029574 0.378552 0.157848 0.001957 0.432069
4 4 0.041709 0.156330 0.065714 0.000323 0.735923
1 4 0.033063 0.507973 0.185207 0.000365 0.273392
4 4 0.027587 0.258563 0.100045 0.000194 0.613612
1 4 0.017034 0.479825 0.175619 0.000091 0.327432
4 4 0.036726 0.235485 0.078517 0.000028 0.649244
1 4 0.019253 0.459182 0.181802 0.000640 0.339122
1 4 0.010193 0.412461 0.204712 0.000342 0.372293
1 4 0.016484 0.555829 0.315368 0.001582 0.110738
1 4 0.015310 0.551247 0.330585 0.000720 0.102139
1 4 0.031274 0.539208 0.258557 0.001413 0.169547
1 4 0.016054 0.563335 0.263852 0.001397 0.155362
1 4 0.023371 0.572140 0.263260 0.001214 0.140015
1 4 0.011543 0.473638 0.453836 0.002036 0.058948
1 4 0.029833 0.549948 0.368178 0.002488 0.049553
2 4 0.010499 0.397391 0.539087 0.005235 0.047788
1 4 0.041175 0.490905 0.429250 0.006910 0.031760
0 0 0.816381 0.090574 0.038904 0.033502 0.020639
0 0 0.719946 0.081170 0.031822 0.002808 0.164255
0 1 0.472464 0.362499 0.108431 0.001584 0.055022
1 1 0.037158 0.633870 0.286354 0.000663 0.041955
1 1 0.025229 0.591944 0.336314 0.000539 0.045974
1 1 0.111762 0.565101 0.254979 0.001495 0.066664
1 1 0.205450 0.507554 0.259882 0.002898 0.024215
0 0 0.564394 0.260022 0.099465 0.024512 0.051606
1 0 0.123952 0.610777 0.217370 0.004241 0.043660
0 1 0.786645 0.093441 0.042262 0.047838 0.029814
2 1 0.139918 0.401952 0.402847 0.037005 0.018278
1 1 0.128204 0.591702 0.253865 0.003175 0.023054
1 1 0.195412 0.528316 0.208393 0.004865 0.063013
0 1 0.583297 0.251596 0.094876 0.026528 0.043703
1 1 0.296471 0.493151 0.160102 0.002719 0.047556
1 4 0.214322 0.527363 0.190950 0.012691 0.054674
1 4 0.041971 0.481800 0.440828 0.007168 0.028234
1 4 0.050236 0.533871 0.373055 0.005535 0.037303
2 4 0.016681 0.288819 0.661536 0.019440 0.013523
2 4 0.006189 0.243014 0.735584 0.005589 0.009625
2 4 0.004684 0.184222 0.801529 0.003386 0.006178
2 4 0.008242 0.216165 0.765922 0.004255 0.005416
2 2 0.012677 0.359857 0.612318 0.002466 0.012683
2 2 0.004176 0.119071 0.872292 0.001370 0.003091
2 2 0.009466 0.157555 0.824377 0.003023 0.005580
2 2 0.003595 0.111289 0.880185 0.002623 0.002308
2 2 0.002160 0.056300 0.936742 0.003845 0.000953
2 2 0.003845 0.120027 0.872186 0.002060 0.001883
2 2 0.002740 0.150789 0.837529 0.004361 0.004581
2 2 0.002172 0.064421 0.913204 0.019250 0.000953
2 2 0.001962 0.067583 0.909808 0.019596 0.001050
2 2 0.000903 0.048350 0.941249 0.008826 0.000673
2 2 0.001962 0.074302 0.896246 0.026278 0.001211
2 2 0.001962 0.079227 0.897425 0.020112 0.001273
2 2 0.001509 0.050534 0.913765 0.033699 0.000493
2 2 0.004427 0.098188 0.849763 0.045823 0.001799
2 2 0.001527 0.030076 0.894433 0.073789 0.000175
2 2 0.065281 0.334800 0.539149 0.050124 0.010646
2 2 0.004422 0.090555 0.817466 0.085374 0.002184
2 2 0.006181 0.150767 0.810920 0.026537 0.005595
2 2 0.002381 0.047408 0.905817 0.043890 0.000504
2 2 0.002046 0.044537 0.885021 0.068039 0.000357
2 2 0.012049 0.108072 0.688164 0.187283 0.004432
2 2 0.016797 0.287986 0.657649 0.022720 0.014848
2 2 0.030074 0.092510 0.574240 0.295971 0.007206
2 2 0.095063 0.194514 0.343473 0.335740 0.031210
2 2 0.118195 0.240373 0.520885 0.089688 0.030859
2 2 0.001886 0.026367 0.715026 0.256468 0.000253
2 2 0.018613 0.103572 0.602624 0.271129 0.004062
3 2 0.036706 0.036484 0.373363 0.551846 0.001601
0 2 0.524760 0.073850 0.104419 0.155413 0.141557
3 2 0.118094 0.098205 0.217824 0.553610 0.012267
3 2 0.030914 0.067835 0.403899 0.486528 0.010824
2 2 0.277761 0.166340 0.314949 0.218706 0.022243
0 2 0.352065 0.310169 0.226536 0.096477 0.014754
1 2 0.117078 0.474222 0.338327 0.036606 0.033767
2 2 0.042872 0.309680 0.594972 0.042156 0.010320
2 2 0.017643 0.184109 0.739882 0.054330 0.004036
2 2 0.012981 0.162470 0.787161 0.034820 0.002568
2 2 0.034001 0.296044 0.635213 0.026907 0.007835
2 2 0.053223 0.390112 0.522272 0.020331 0.014062
2 2 0.175537 0.357055 0.445332 0.007056 0.015020
2 2 0.043436 0.370528 0.544135 0.025539 0.016363
2 2 0.021836 0.237666 0.702558 0.032027 0.005912
2 2 0.005072 0.071471 0.882363 0.040149 0.000945
2 2 0.073005 0.418451 0.436367 0.028926 0.043252
0 0 0.699068 0.172406 0.067953 0.020600 0.039974
0 0 0.569623 0.240327 0.091555 0.004445 0.094051
0 0 0.667881 0.165020 0.081218 0.058311 0.027570
1 0 0.100300 0.591679 0.238341 0.002690 0.066990
1 1 0.016613 0.502655 0.411520 0.002749 0.066464
2 1 0.022134 0.364163 0.593324 0.006963 0.013416
2 2 0.003672 0.072071 0.857964 0.065344 0.000949
2 2 0.000552 0.028505 0.935955 0.034724 0.000264
2 2 0.000360 0.010630 0.930027 0.058910 0.000074
2 2 0.000793 0.033737 0.918836 0.046254 0.000380
2 2 0.003369 0.064665 0.832616 0.098352 0.000999
2 2 0.000636 0.021110 0.911573 0.066520 0.000161
2 2 0.001942 0.060724 0.882597 0.053751 0.000986
2 2 0.003059 0.053786 0.866271 0.076420 0.000464
2 2 0.004296 0.096702 0.860590 0.036909 0.001503
2 2 0.001146 0.025923 0.897203 0.075531 0.000197
2 2 0.005621 0.119277 0.830705 0.041812 0.002586
2 2 0.002587 0.048083 0.873560 0.075392 0.000378
2 2 0.001904 0.038465 0.811332 0.147831 0.000468
2 2 0.005212 0.080254 0.771366 0.141383 0.001785
2 2 0.002165 0.027200 0.655306 0.314966 0.000363
2 2 0.002669 0.048436 0.852554 0.095884 0.000457
2 2 0.002152 0.031787 0.697534 0.268021 0.000506
2 2 0.000708 0.011623 0.659545 0.328050 0.000073
3 3 0.017866 0.070290 0.441445 0.467703 0.002695
2 3 0.002018 0.040129 0.817882 0.139505 0.000465
2 3 0.002312 0.014676 0.544043 0.438844 0.000125
2 3 0.001988 0.049097 0.893296 0.055003 0.000616
2 2 0.003023 0.078464 0.864243 0.052853 0.001417
2 2 0.000976 0.015470 0.662479 0.320922 0.000153
2 2 0.001589 0.020748 0.788030 0.189532 0.000101
2 2 0.001677 0.018304 0.807725 0.172203 0.000092
2 2 0.001091 0.019407 0.793097 0.186206 0.000200
2 2 0.000907 0.016080 0.639993 0.342846 0.000173
2 2 0.005155 0.062705 0.765589 0.165700 0.000850
2 2 0.000929 0.015743 0.669298 0.313878 0.000152
2 2 0.004856 0.038601 0.566700 0.389135 0.000709
2 2 0.004694 0.065627 0.743071 0.185197 0.001411
3 2 0.001203 0.012009 0.426463 0.560130 0.000195
2 2 0.010687 0.066032 0.508270 0.412695 0.002315
2 2 0.081850 0.307099 0.518896 0.083390 0.008765
2 2 0.048113 0.372916 0.477252 0.066623 0.035096
2 2 0.018555 0.111168 0.582914 0.283428 0.003935
2 2 0.010766 0.142939 0.774152 0.068800 0.003344
2 2 0.035009 0.353545 0.565811 0.027696 0.017938
2 2 0.012746 0.127199 0.726604 0.130409 0.003041
2 2 0.026448 0.240866 0.671780 0.053549 0.007358
2 2 0.017000 0.192808 0.747709 0.038571 0.003911
2 2 0.003559 0.059851 0.801739 0.133922 0.000929
2 2 0.004796 0.081353 0.847172 0.065620 0.001060
2 2 0.017576 0.251598 0.691603 0.029806 0.009417
2 2 0.003719 0.065768 0.816574 0.112881 0.001059
2 2 0.004806 0.095544 0.807898 0.089257 0.002495
2 2 0.005797 0.112644 0.771804 0.105493 0.004261
2 2 0.009188 0.123266 0.773343 0.091275 0.002928
2 2 0.006681 0.083457 0.692650 0.214235 0.002976
2 2 0.005407 0.056560 0.738590 0.198759 0.000685
2 2 0.001990 0.030757 0.663761 0.302969 0.000522
2 2 0.002948 0.041528 0.675950 0.278741 0.000834
3 2 0.004476 0.025218 0.451391 0.518505 0.000410
3 2 0.087336 0.115031 0.362201 0.429070 0.006362
3 2 0.006850 0.013783 0.229652 0.749139 0.000576
2 2 0.003104 0.038900 0.550415 0.406171 0.001410
0 2 0.591619 0.178885 0.101977 0.066722 0.060798
1 0 0.126636 0.491527 0.290466 0.038160 0.053212
3 0 0.016599 0.041075 0.219677 0.719836 0.002813
3 0 0.010493 0.045208 0.382304 0.560408 0.001588
2 0 0.045979 0.069188 0.551036 0.332077 0.001720
1 4 0.268935 0.495836 0.177187 0.018905 0.039136
0 4 0.823882 0.098844 0.039936 0.019434 0.017903
0 4 0.936325 0.019405 0.010225 0.019127 0.014918
1 1 0.143211 0.492930 0.253129 0.043213 0.067516
1 1 0.113728 0.591217 0.218186 0.008574 0.068295
1 4 0.030276 0.538208 0.371485 0.003609 0.056422
2 4 0.017720 0.447058 0.485042 0.005230 0.044950
2 4 0.015836 0.394017 0.545997 0.008289 0.035861
2 4 0.018769 0.311545 0.640089 0.015599 0.013998
2 4 0.008295 0.122761 0.797342 0.069010 0.002591
2 4 0.001264 0.041514 0.920934 0.035971 0.000318
1 4 0.081223 0.609926 0.246672 0.004127 0.058052
0 4 0.546622 0.286493 0.106618 0.012460 0.047808
0 0 0.742583 0.113191 0.069898 0.059606 0.014722
1 0 0.091287 0.577105 0.209204 0.003292 0.119112
1 0 0.029350 0.565309 0.291648 0.003587 0.110106
1 4 0.034708 0.499307 0.402025 0.008684 0.055276
2 4 0.027980 0.450134 0.465936 0.011084 0.044866
2 4 0.013253 0.345895 0.603681 0.010208 0.026962
2 4 0.000815 0.035953 0.900813 0.061918 0.000501
2 4 0.012390 0.251625 0.681752 0.036780 0.017454
2 2 0.004456 0.104937 0.841198 0.047067 0.002342
2 2 0.003669 0.136016 0.829558 0.025555 0.005202
2 2 0.005013 0.103091 0.846042 0.044065 0.001789
2 2 0.002190 0.063059 0.882249 0.051563 0.000939
2 2 0.068080 0.312553 0.593520 0.012026 0.013821
1 2 0.168713 0.581322 0.202739 0.007291 0.039935
0 0 0.874027 0.063175 0.026798 0.018528 0.017473
1 0 0.048013 0.615382 0.237043 0.002703 0.096860
1 1 0.049477 0.603263 0.233027 0.003037 0.111197
1 1 0.116132 0.512522 0.185716 0.002890 0.182740
1 1 0.275939 0.371548 0.201884 0.013724 0.136904
2 0 0.061016 0.343620 0.467785 0.097263 0.030317
2 0 0.009869 0.103914 0.797088 0.084728 0.004402
2 2 0.007398 0.138917 0.808748 0.041675 0.003262
2 2 0.002362 0.031836 0.930798 0.034778 0.000225
2 2 0.021448 0.272306 0.664144 0.031357 0.010746
1 2 0.051760 0.576395 0.288206 0.005670 0.077969
2 2 0.015256 0.232688 0.715773 0.028480 0.007803
2 2 0.001148 0.037472 0.949081 0.011746 0.000553
2 2 0.001057 0.039985 0.939332 0.019126 0.000500
2 2 0.023280 0.153282 0.812085 0.005976 0.005376
0 2 0.940164 0.024268 0.011171 0.008929 0.015469
1 2 0.295515 0.463831 0.171928 0.030367 0.038359
0 0 0.961096 0.007167 0.003816 0.004172 0.023749
0 0 0.937837 0.024307 0.011717 0.013843 0.012296
0 0 0.831428 0.049074 0.024727 0.035589 0.059183
0 0 0.935428 0.020361 0.010321 0.013794 0.020097
0 0 0.990995 0.002541 0.001284 0.000990 0.004190
0 0 0.903683 0.024078 0.013467 0.039394 0.019378
0 0 0.941091 0.023086 0.010635 0.008105 0.017083
0 0 0.918698 0.035974 0.015683 0.009597 0.020048
1 0 0.229524 0.499727 0.214986 0.024688 0.031074
1 1 0.051172 0.609400 0.265393 0.002803 0.071231
1 1 0.042010 0.592614 0.227041 0.001730 0.136605
4 4 0.024610 0.344363 0.125812 0.000209 0.505006
4 4 0.024305 0.379036 0.142039 0.000393 0.454227
1 4 0.021754 0.417582 0.162064 0.000592 0.398009
4 4 0.091027 0.152391 0.063649 0.001097 0.691836
4 4 0.025235 0.355220 0.150809 0.001338 0.467399
4 4 0.051403 0.118512 0.058524 0.001567 0.769994
4 4 0.041968 0.075061 0.035390 0.000271 0.847310
4 4 0.023713 0.351673 0.135299 0.000355 0.488960
4 4 0.093268 0.241044 0.116368 0.009077 0.540244
4 4 0.053664 0.252342 0.104042 0.001423 0.588529
4 4 0.034237 0.193972 0.071170 0.000082 0.700539
4 4 0.057091 0.073562 0.036032 0.000727 0.832588
4 4 0.080676 0.063911 0.034955 0.003771 0.816687
4 4 0.022943 0.324729 0.113412 0.000090 0.538825
4 4 0.010887 0.399525 0.174254 0.000582 0.414752
4 4 0.056439 0.146608 0.066775 0.001231 0.728947
4 4 0.056050 0.035741 0.020351 0.001036 0.886821
4 4 0.057495 0.146784 0.071665 0.002721 0.721335
4 4 0.030214 0.188530 0.076186 0.000170 0.704900
4 4 0.041775 0.283649 0.103453 0.000312 0.570811
4 4 0.031072 0.357381 0.155130 0.002691 0.453726
4 4 0.071893 0.096971 0.040606 0.000361 0.790168
4 4 0.011522 0.350693 0.125441 0.000030 0.512314
4 4 0.043216 0.173417 0.082461 0.001660 0.699245
4 4 0.088264 0.242642 0.102426 0.002053 0.564616
4 4 0.097495 0.052103 0.025347 0.001135 0.823921
4 4 0.070522 0.207846 0.083052 0.001065 0.637516
1 4 0.023530 0.463095 0.197042 0.004527 0.311806
1 4 0.017894 0.476737 0.209208 0.004590 0.291570
4 4 0.043189 0.344728 0.138994 0.001984 0.471104
4 4 0.031813 0.033179 0.016072 0.000054 0.918882
4 4 0.100147 0.181077 0.078570 0.004006 0.636199
4 4 0.056080 0.135279 0.058426 0.000579 0.749635
4 4 0.017180 0.381752 0.145044 0.000239 0.455786
4 4 0.042447 0.293880 0.128177 0.002618 0.532878
1 4 0.016941 0.436188 0.179072 0.001059 0.366740
1 4 0.041331 0.514605 0.209419 0.006063 0.228582
1 4 0.027254 0.564771 0.221526 0.001055 0.185393
1 4 0.032391 0.541803 0.203865 0.000657 0.221284
1 4 0.021937 0.563302 0.222653 0.000759 0.191350
1 4 0.311850 0.461015 0.161207 0.014342 0.051586
1 4 0.053508 0.621566 0.253236 0.002306 0.069385
1 2 0.067077 0.540385 0.308577 0.013942 0.070018
1 2 0.037974 0.607563 0.238701 0.002363 0.113400
1 2 0.041687 0.618607 0.239057 0.002088 0.098560
1 2 0.067535 0.481102 0.227797 0.001821 0.221745
0 2 0.332044 0.294860 0.131122 0.002360 0.239614
1 2 0.097682 0.545157 0.253745 0.001772 0.101645
1 2 0.039715 0.617492 0.250939 0.001916 0.089938
1 2 0.048882 0.611672 0.236414 0.003017 0.100014
1 2 0.047942 0.551119 0.314026 0.008107 0.078806
1 2 0.037206 0.562764 0.348873 0.002804 0.048353
2 2 0.030718 0.440336 0.458801 0.018076 0.052069
1 2 0.050285 0.490778 0.405837 0.012671 0.040430
1 2 0.046724 0.482634 0.419191 0.012463 0.038989
2 2 0.037593 0.383083 0.525669 0.028313 0.025343
1 2 0.051883 0.466893 0.421519 0.019547 0.040159
1 2 0.041219 0.455400 0.443121 0.017829 0.042431
1 3 0.052744 0.444050 0.427032 0.031950 0.044224
1 3 0.069145 0.490329 0.336234 0.007710 0.096581
1 3 0.078705 0.520495 0.354376 0.007557 0.038866
1 2 0.019066 0.558399 0.376444 0.000871 0.045219
1 2 0.018043 0.498777 0.445481 0.001662 0.036038
2 2 0.007794 0.260606 0.716160 0.005698 0.009741
2 2 0.009636 0.321678 0.630616 0.009809 0.028262
1 2 0.069455 0.503820 0.368317 0.016587 0.041822
1 2 0.065261 0.473484 0.285382 0.002691 0.173181
2 2 0.024325 0.449804 0.460202 0.011007 0.054661
2 2 0.006340 0.252463 0.702369 0.015854 0.022973
2 2 0.007952 0.221274 0.715833 0.036958 0.017983
2 2 0.000311 0.016499 0.980231 0.002520 0.000439
2 2 0.000500 0.011432 0.981698 0.006121 0.000248
2 2 0.000877 0.027888 0.932379 0.038040 0.000816
2 2 0.000677 0.011232 0.966872 0.021042 0.000178
2 2 0.001593 0.014228 0.964959 0.018881 0.000340
2 2 0.000873 0.015341 0.976002 0.007583 0.000202
2 2 0.000354 0.013100 0.951514 0.034892 0.000141
2 2 0.000334 0.018133 0.864572 0.116730 0.000230
2 2 0.001122 0.027999 0.877074 0.093551 0.000254
2 2 0.000393 0.013209 0.932164 0.054092 0.000142
2 2 0.000277 0.008934 0.849288 0.141425 0.000076
2 2 0.000850 0.010100 0.700760 0.288190 0.000101
2 2 0.003017 0.057283 0.740548 0.197676 0.001476
2 2 0.000521 0.016246 0.824188 0.158828 0.000216
2 2 0.000343 0.005894 0.626476 0.367254 0.000032
2 2 0.000272 0.003293 0.633846 0.362574 0.000015
2 2 0.000529 0.006601 0.734254 0.258584 0.000031
2 2 0.000441 0.011129 0.688775 0.299504 0.000151
2 2 0.001845 0.029472 0.764141 0.203703 0.000839
3 2 0.001783 0.007309 0.269072 0.721676 0.000160
3 2 0.000015 0.000483 0.187672 0.811825 0.000004
3 2 0.000232 0.003358 0.353639 0.642728 0.000043
3 2 0.000079 0.002117 0.186412 0.811253 0.000138
3 3 0.000018 0.000473 0.136040 0.863462 0.000007
3 3 0.000036 0.000266 0.046099 0.953593 0.000006
3 3 0.000468 0.003443 0.112065 0.883783 0.000241
3 3 0.000011 0.000136 0.036616 0.963234 0.000004
3 3 0.000002 0.000027 0.019877 0.980094 0.000001
3 3 0.000336 0.001769 0.101017 0.896837 0.000041
3 3 0.000002 0.000039 0.020905 0.979052 0.000001
3 3 0.000001 0.000016 0.007623 0.992359 0.000001
3 3 0.000000 0.000010 0.007087 0.992901 0.000001
3 3 0.000022 0.000290 0.050735 0.948942 0.000011
3 3 0.000320 0.001159 0.053181 0.945287 0.000052
3 3 0.000328 0.002269 0.127953 0.869398 0.000051
3 3 0.000056 0.000525 0.089644 0.909768 0.000007
3 3 0.000047 0.000357 0.051015 0.948573 0.000009
3 3 0.000035 0.000321 0.047783 0.951851 0.000010
3 3 0.000012 0.000202 0.041237 0.958538 0.000011
3 3 0.000019 0.000134 0.022147 0.977694 0.000006
3 3 0.000003 0.000043 0.019915 0.980038 0.000001
3 3 0.000020 0.000284 0.036565 0.963104 0.000027
3 3 0.000024 0.000190 0.036098 0.963683 0.000005
3 3 0.000012 0.000103 0.016617 0.983260 0.000008
3 3 0.000009 0.000105 0.020861 0.979018 0.000007
3 3 0.000004 0.000048 0.012867 0.987077 0.000004
3 3 0.000021 0.000163 0.026242 0.973566 0.000007
3 3 0.000006 0.000054 0.011220 0.988714 0.000005
3 3 0.000014 0.000111 0.028325 0.971548 0.000003
3 3 0.000004 0.000034 0.010158 0.989801 0.000002
3 3 0.000000 0.000010 0.007873 0.992116 0.000001
3 3 0.000000 0.000004 0.004017 0.995978 0.000000
3 3 0.000003 0.000028 0.009347 0.990620 0.000002
3 3 0.000004 0.000037 0.012083 0.987874 0.000002
3 3 0.000023 0.000145 0.018137 0.981685 0.000011
3 3 0.000002 0.000026 0.010827 0.989143 0.000001
3 3 0.000000 0.000006 0.005344 0.994650 0.000000
3 3 0.000001 0.000010 0.006630 0.993359 0.000001
3 3 0.000001 0.000010 0.006215 0.993773 0.000001
3 3 0.000003 0.000015 0.005501 0.994480 0.000001
3 3 0.000001 0.000013 0.005663 0.994321 0.000001
3 3 0.000001 0.000007 0.005475 0.994517 0.000000
3 3 0.000011 0.000049 0.006963 0.992970 0.000007
3 3 0.000000 0.000002 0.003421 0.996577 0.000000
3 3 0.000001 0.000014 0.006587 0.993397 0.000001
3 3 0.000004 0.000038 0.013177 0.986779 0.000002
3 3 0.000007 0.000041 0.009025 0.990924 0.000003
3 3 0.000001 0.000008 0.005191 0.994799 0.000001
3 3 0.000001 0.000013 0.004928 0.995056 0.000002
3 3 0.000000 0.000003 0.002965 0.997031 0.000000
3 3 0.000001 0.000004 0.002895 0.997100 0.000000
3 3 0.000000 0.000004 0.003356 0.996639 0.000001
3 3 0.000001 0.000007 0.004640 0.995351 0.000001
3 3 0.000001 0.000011 0.005090 0.994897 0.000001
3 3 0.000000 0.000003 0.003792 0.996205 0.000000
3 3 0.000005 0.000036 0.007323 0.992632 0.000005
3 3 0.000000 0.000001 0.001925 0.998073 0.000000
3 3 0.000001 0.000007 0.003984 0.996007 0.000001
3 3 0.000000 0.000002 0.003915 0.996082 0.000000
3 3 0.000001 0.000007 0.002991 0.997000 0.000001
3 3 0.000001 0.000010 0.005787 0.994201 0.000001
3 3 0.000001 0.000007 0.005063 0.994929 0.000000
3 3 0.000000 0.000004 0.002809 0.997185 0.000001
3 3 0.000001 0.000006 0.004085 0.995908 0.000000
3 3 0.000004 0.000032 0.008794 0.991168 0.000003
3 3 0.000001 0.000033 0.019669 0.980295 0.000003
3 3 0.000016 0.000061 0.007839 0.992078 0.000007
3 3 0.000303 0.002077 0.085968 0.911506 0.000146
3 3 0.024655 0.040054 0.198375 0.730524 0.006392
3 3 0.003637 0.015145 0.316846 0.664104 0.000268
3 3 0.000838 0.004760 0.318433 0.675928 0.000041
2 3 0.001057 0.013685 0.623501 0.361643 0.000114
2 2 0.009475 0.356739 0.460615 0.020151 0.153020
2 2 0.005143 0.130929 0.797565 0.051731 0.014632
2 2 0.002179 0.061656 0.824084 0.108119 0.003963
2 2 0.004858 0.231409 0.641305 0.057177 0.065251
2 2 0.005647 0.276748 0.591693 0.037060 0.088852
2 2 0.005386 0.286567 0.583242 0.019228 0.105576
1 2 0.009219 0.403747 0.398510 0.011502 0.177022
4 2 0.008412 0.309372 0.148150 0.000370 0.533696
1 2 0.004639 0.380531 0.353576 0.001688 0.259566
2 2 0.003544 0.253501 0.640279 0.023507 0.079169
1 2 0.009351 0.467386 0.387960 0.003151 0.132151
1 2 0.028682 0.520470 0.268188 0.003467 0.179193
1 2 0.023799 0.405101 0.176093 0.000986 0.394022
1 2 0.006550 0.408677 0.386315 0.004788 0.193669
2 2 0.003653 0.376513 0.411323 0.002313 0.206198
4 4 0.007564 0.223831 0.129410 0.000912 0.638283
1 4 0.022738 0.491675 0.255556 0.006335 0.223696
1 4 0.018724 0.410090 0.177367 0.001335 0.392484
4 4 0.010292 0.342741 0.262604 0.003706 0.380658
1 4 0.009732 0.434336 0.285124 0.002211 0.268596
4 4 0.011147 0.355907 0.217811 0.003899 0.411236
4 4 0.032863 0.335096 0.202613 0.003285 0.426143
1 4 0.006145 0.428715 0.262057 0.000672 0.302412
1 4 0.007534 0.429759 0.184979 0.000353 0.377374
1 4 0.008043 0.393853 0.248677 0.000441 0.348986
2 4 0.008631 0.390445 0.422825 0.012929 0.165170
1 4 0.004283 0.417553 0.353387 0.001922 0.222854
2 4 0.003923 0.363677 0.476546 0.004891 0.150963
1 4 0.009868 0.415943 0.330687 0.003400 0.240103
2 4 0.016140 0.430788 0.445309 0.012412 0.095350
2 4 0.004496 0.235971 0.712524 0.017605 0.029403
2 4 0.011435 0.296634 0.644103 0.021013 0.026815
2 4 0.009625 0.096372 0.877542 0.012857 0.003604
2 2 0.051566 0.361218 0.535024 0.003614 0.048578
2 2 0.052696 0.394679 0.471385 0.006063 0.075177
2 2 0.005134 0.190693 0.795933 0.003015 0.005225
2 2 0.004195 0.071257 0.920828 0.001848 0.001873
2 2 0.001396 0.035323 0.954929 0.008096 0.000255
2 2 0.001053 0.029915 0.955456 0.013294 0.000282
2 2 0.001974 0.049503 0.937136 0.010615 0.000771
2 2 0.002258 0.060886 0.923892 0.012207 0.000756
2 2 0.002547 0.083388 0.901947 0.010277 0.001843
1 2 0.137254 0.502878 0.264095 0.017887 0.077886
1 2 0.253770 0.519310 0.196909 0.003889 0.026121
1 2 0.079879 0.453430 0.401892 0.032951 0.031849
2 2 0.015404 0.322687 0.623051 0.016506 0.022353
2 2 0.005392 0.067943 0.917880 0.007501 0.001284
2 2 0.007387 0.187158 0.785562 0.013086 0.006806
2 2 0.001079 0.047110 0.940802 0.010299 0.000710
2 2 0.007154 0.148857 0.814553 0.026258 0.003178
2 2 0.002548 0.034865 0.900398 0.061820 0.000370
2 2 0.004487 0.076870 0.886796 0.031005 0.000842
2 2 0.002872 0.094182 0.871374 0.029621 0.001951
2 2 0.001792 0.051983 0.925467 0.020142 0.000616
2 2 0.002006 0.030079 0.885500 0.082272 0.000144
2 2 0.002730 0.063778 0.872374 0.060287 0.000831
2 2 0.006020 0.142267 0.823260 0.025221 0.003232
2 2 0.019571 0.200821 0.711921 0.062056 0.005630
2 2 0.069706 0.372151 0.515050 0.028484 0.014608
1 2 0.078857 0.528760 0.335605 0.013296 0.043481
1 2 0.118435 0.561651 0.231673 0.015959 0.072282
1 2 0.022687 0.566234 0.308401 0.002179 0.100500
2 2 0.001156 0.023205 0.850334 0.125026 0.000279
2 2 0.001703 0.052413 0.866579 0.078387 0.000918
2 2 0.000883 0.020335 0.969400 0.009138 0.000244
2 2 0.000712 0.031063 0.910400 0.057482 0.000342
2 2 0.001564 0.047590 0.912062 0.037647 0.001137
2 2 0.000583 0.021219 0.946745 0.031214 0.000238
2 2 0.005148 0.135361 0.837055 0.016458 0.005978
2 2 0.002982 0.072671 0.875930 0.047018 0.001400
2 2 0.005826 0.158487 0.783503 0.044348 0.007835
2 2 0.002866 0.089516 0.827208 0.077048 0.003361
2 2 0.002978 0.052813 0.844989 0.098254 0.000966
2 2 0.009174 0.074593 0.808967 0.105292 0.001974
2 2 0.004546 0.061199 0.854059 0.078290 0.001906
2 2 0.000526 0.023769 0.887332 0.087937 0.000437
2 2 0.001936 0.045604 0.850601 0.101277 0.000582
2 2 0.003549 0.042048 0.797746 0.155891 0.000766
2 2 0.000423 0.018801 0.877334 0.103232 0.000210
2 2 0.004812 0.090141 0.844703 0.056508 0.003837
2 2 0.145258 0.313051 0.457858 0.059297 0.024535
1 0 0.291230 0.357911 0.261751 0.050123 0.038986
0 0 0.429193 0.367100 0.138277 0.025691 0.039740
2 0 0.023818 0.277069 0.618295 0.062854 0.017964
2 2 0.008783 0.078841 0.735104 0.175632 0.001639
2 2 0.008685 0.155033 0.803459 0.029652 0.003171
2 2 0.006433 0.097084 0.806000 0.088672 0.001810
2 2 0.001661 0.025271 0.885625 0.087293 0.000150
2 2 0.001799 0.043047 0.859847 0.094818 0.000490
2 2 0.002552 0.079598 0.889456 0.027252 0.001142
2 2 0.015935 0.159265 0.765130 0.057000 0.002669
2 2 0.003885 0.083321 0.849329 0.062013 0.001453
2 2 0.002865 0.031588 0.788421 0.176880 0.000246
1 2 0.243652 0.315322 0.287742 0.138775 0.014509
2 2 0.017053 0.212441 0.718377 0.045532 0.006598
2 2 0.001372 0.016030 0.904418 0.078032 0.000148
2 2 0.000669 0.009493 0.863213 0.126579 0.000046
2 2 0.002766 0.055348 0.819399 0.121607 0.000880
2 2 0.002469 0.030180 0.811501 0.155564 0.000286
0 2 0.945178 0.025809 0.011533 0.009295 0.008185
0 0 0.914950 0.018839 0.010286 0.018653 0.037272
1 0 0.189054 0.465446 0.282279 0.012658 0.050562
1 2 0.119801 0.600727 0.217025 0.006346 0.056102
2 2 0.017742 0.460132 0.469262 0.004548 0.048317
1 4 0.037514 0.535928 0.391605 0.002783 0.032171
1 4 0.041386 0.540936 0.382922 0.002959 0.031797
1 4 0.027058 0.586267 0.317551 0.001516 0.067608
1 4 0.023705 0.467897 0.464954 0.005053 0.038391
2 4 0.021001 0.462906 0.481614 0.003375 0.031104
2 2 0.006307 0.137744 0.806130 0.045662 0.004156
2 2 0.004908 0.128614 0.826218 0.036536 0.003724
2 2 0.001759 0.048657 0.871867 0.077055 0.000662
2 2 0.002007 0.039788 0.928913 0.028791 0.000501
2 2 0.014227 0.361196 0.592879 0.007476 0.024222
1 2 0.184674 0.551961 0.210425 0.012929 0.040011
1 2 0.333687 0.435785 0.160152 0.025332 0.045043
1 2 0.082919 0.630015 0.227968 0.002739 0.056360
1 4 0.036095 0.559950 0.348035 0.003086 0.052834
2 4 0.028407 0.445614 0.479293 0.009727 0.036958
1 4 0.060404 0.520953 0.346461 0.014405 0.057777
2 4 0.010691 0.317462 0.643054 0.008344 0.020450
2 4 0.006408 0.291792 0.668017 0.007728 0.026055
2 4 0.004284 0.166940 0.797877 0.022252 0.008646
2 2 0.003396 0.093919 0.875598 0.025682 0.001405
2 2 0.000718 0.019618 0.967263 0.012194 0.000206
2 2 0.001606 0.023687 0.931014 0.043508 0.000186
2 2 0.000767 0.033711 0.915773 0.049388 0.000361
2 2 0.001514 0.052048 0.941772 0.003909 0.000757
2 2 0.030043 0.234638 0.700675 0.029833 0.004810
1 2 0.108757 0.560837 0.291066 0.007492 0.031849
1 2 0.048845 0.545218 0.376191 0.002888 0.026858
2 2 0.032870 0.445671 0.501633 0.004023 0.015803
2 2 0.011196 0.331297 0.647207 0.001888 0.008412
2 2 0.003985 0.123000 0.856221 0.014647 0.002147
2 2 0.002157 0.095698 0.885347 0.014940 0.001859
2 2 0.004262 0.176396 0.809047 0.005936 0.004359
2 2 0.002507 0.085391 0.887929 0.022833 0.001340
2 2 0.004847 0.178266 0.798284 0.012292 0.006311
2 2 0.001328 0.043191 0.893170 0.061764 0.000547
2 2 0.007199 0.260691 0.717014 0.005083 0.010012
2 2 0.003811 0.142603 0.838734 0.011451 0.003400
2 2 0.017068 0.257395 0.697933 0.019657 0.007947
2 2 0.059532 0.406162 0.473900 0.033162 0.027244
2 2 0.058580 0.408994 0.491024 0.023346 0.018057
1 2 0.097092 0.567045 0.250360 0.006737 0.078766
1 2 0.041966 0.563097 0.328129 0.004396 0.062412
1 2 0.061249 0.462820 0.427255 0.018815 0.029861
1 2 0.015673 0.517993 0.361211 0.002761 0.102362
2 2 0.018262 0.426926 0.474502 0.012564 0.067746
2 2 0.003545 0.116158 0.838539 0.033777 0.007981
1 2 0.089059 0.457310 0.377708 0.017669 0.058254
0 0 0.675416 0.158260 0.063309 0.025830 0.077186
1 0 0.372397 0.401878 0.142991 0.016901 0.065833
1 0 0.091331 0.561169 0.262948 0.013474 0.071078
