0 0 0.849949 0.076351 0.020702 0.002921 0.050077
0 0 0.874238 0.067740 0.017204 0.002040 0.038779
0 0 0.972843 0.012663 0.003942 0.001678 0.008873
0 0 0.839502 0.107779 0.020359 0.000568 0.031793
0 0 0.939008 0.026903 0.008737 0.003313 0.022039
0 0 0.880015 0.059048 0.020309 0.003310 0.037318
0 0 0.845514 0.093839 0.019856 0.001126 0.039665
0 0 0.924783 0.031783 0.010710 0.004337 0.028387
0 0 0.945139 0.011606 0.006105 0.015742 0.021408
0 0 0.929392 0.035175 0.010015 0.002217 0.023200
0 0 0.932007 0.034823 0.009802 0.001937 0.021431
0 0 0.928918 0.023625 0.009673 0.008379 0.029404
0 0 0.959079 0.006266 0.003704 0.017464 0.013487
0 0 0.934778 0.021125 0.008805 0.008426 0.026865
0 0 0.901224 0.051345 0.013759 0.002167 0.031505
0 0 0.923490 0.034541 0.010913 0.003453 0.027603
0 0 0.941008 0.028742 0.008429 0.002213 0.019607
0 0 0.888277 0.062102 0.015184 0.001638 0.032800
0 0 0.921871 0.033134 0.011120 0.004376 0.029500
0 0 0.840215 0.093723 0.025193 0.001501 0.039368
0 0 0.939031 0.023963 0.008634 0.004840 0.023533
0 0 0.905572 0.045157 0.013356 0.003072 0.032843
0 0 0.931162 0.022665 0.009342 0.008397 0.028435
0 0 0.881510 0.070373 0.015594 0.001152 0.031370
0 0 0.879074 0.059055 0.016934 0.003179 0.041758
0 0 0.916242 0.036588 0.011920 0.004097 0.031153
0 0 0.960784 0.013381 0.005374 0.005316 0.015144
0 0 0.927361 0.028735 0.010275 0.005266 0.028363
0 0 0.962852 0.012833 0.005109 0.004977 0.014228
0 0 0.912774 0.042449 0.013858 0.002878 0.028040
0 0 0.926279 0.031142 0.010501 0.004292 0.027787
0 0 0.945006 0.022320 0.007834 0.004121 0.020720
0 0 0.939184 0.025358 0.008679 0.004012 0.022767
0 0 0.929844 0.034858 0.009957 0.002235 0.023106
0 0 0.910587 0.038088 0.012695 0.004643 0.033987
0 0 0.935966 0.018334 0.008267 0.010830 0.026602
0 0 0.879508 0.060443 0.016801 0.002816 0.040432
0 0 0.878357 0.069553 0.016292 0.001458 0.034341
0 0 0.931500 0.024814 0.009537 0.006562 0.027587
0 0 0.961334 0.008012 0.004208 0.012262 0.014185
0 0 0.940941 0.014636 0.007145 0.013223 0.024055
0 0 0.920204 0.027815 0.010996 0.007989 0.032995
0 0 0.937165 0.025574 0.008939 0.004422 0.023900
0 0 0.961315 0.011495 0.005040 0.007065 0.015085
0 0 0.881732 0.064281 0.016168 0.001893 0.035927
0 0 0.896545 0.049652 0.014589 0.003170 0.036044
0 0 0.945498 0.018176 0.007424 0.006994 0.021909
0 0 0.855705 0.065413 0.020236 0.004711 0.053935
0 0 0.948361 0.015574 0.006790 0.008410 0.020865
0 0 0.851341 0.071667 0.020712 0.003707 0.052573
0 0 0.947195 0.012127 0.006134 0.013658 0.020887
0 0 0.956815 0.011996 0.005477 0.008666 0.017045
0 0 0.935024 0.015890 0.007825 0.014488 0.026774
0 0 0.959546 0.009133 0.004625 0.011391 0.015306
0 0 0.924627 0.019268 0.009290 0.014967 0.031848
0 0 0.949209 0.010827 0.005664 0.014678 0.019621
0 0 0.962101 0.008996 0.004442 0.010100 0.014361
0 0 0.903350 0.044747 0.013696 0.003547 0.034660
0 0 0.603493 0.302347 0.037883 0.000221 0.056056
0 0 0.921490 0.033810 0.011182 0.004159 0.029358
0 0 0.850417 0.082327 0.020179 0.001972 0.045104
0 0 0.944306 0.017013 0.007364 0.008627 0.022690
0 0 0.956991 0.007899 0.004375 0.015316 0.015419
0 0 0.960867 0.005250 0.003236 0.018650 0.011997
0 0 0.962458 0.008649 0.004330 0.010452 0.014110
0 0 0.934135 0.023953 0.009180 0.006337 0.026394
0 0 0.967473 0.006619 0.003483 0.010893 0.011531
0 0 0.911732 0.040572 0.012542 0.003480 0.031673
0 0 0.947168 0.014484 0.006683 0.010265 0.021400
0 0 0.865327 0.060990 0.018928 0.004575 0.050181
0 0 0.898894 0.041672 0.014288 0.005560 0.039586
0 0 0.919233 0.026760 0.010978 0.009156 0.033873
0 0 0.945760 0.019909 0.007584 0.005472 0.021275
0 0 0.933395 0.024408 0.009299 0.006249 0.026649
0 0 0.839960 0.087778 0.021559 0.002068 0.048635
0 0 0.959020 0.012504 0.005400 0.006987 0.016089
0 0 0.936325 0.016147 0.007798 0.013450 0.026280
0 0 0.900595 0.031561 0.013332 0.011554 0.042958
0 0 0.942942 0.018991 0.007768 0.007242 0.023057
0 0 0.956990 0.009688 0.004919 0.011983 0.016419
0 0 0.955371 0.011892 0.005558 0.009545 0.017635
0 0 0.914150 0.026242 0.011375 0.011491 0.036742
0 0 0.915542 0.034717 0.011974 0.005079 0.032688
0 0 0.926756 0.011131 0.006760 0.028604 0.026749
0 0 0.951489 0.011681 0.005762 0.011945 0.019123
0 0 0.924640 0.025746 0.010334 0.008121 0.031160
0 0 0.922606 0.014405 0.008095 0.024138 0.030756
0 0 0.956840 0.011249 0.005316 0.009661 0.016934
0 0 0.953947 0.002782 0.002139 0.032121 0.009010
0 0 0.943887 0.007141 0.004554 0.026469 0.017949
0 0 0.926128 0.030853 0.010512 0.004465 0.028042
0 0 0.955626 0.017471 0.006303 0.003959 0.016642
0 0 0.951423 0.019785 0.006932 0.003780 0.018080
0 0 0.961907 0.010465 0.004797 0.008060 0.014771
0 0 0.956869 0.007299 0.004172 0.016675 0.014985
0 0 0.960191 0.012390 0.005285 0.006574 0.015560
0 0 0.967718 0.007946 0.003839 0.008466 0.012031
0 0 0.969035 0.010268 0.004196 0.004817 0.011683
0 0 0.875144 0.071067 0.016738 0.001513 0.035537
0 0 0.959884 0.009707 0.004755 0.010263 0.015392
0 0 0.961522 0.007910 0.004168 0.012330 0.014070
0 0 0.965803 0.010352 0.004482 0.006237 0.013126
0 0 0.968702 0.007756 0.003732 0.008184 0.011626
0 0 0.970749 0.008871 0.003828 0.005549 0.011003
0 0 0.966480 0.011331 0.004575 0.004878 0.012735
0 0 0.960169 0.016534 0.005709 0.003153 0.014435
0 0 0.964693 0.012757 0.004919 0.004311 0.013320
0 0 0.957972 0.015247 0.005863 0.004789 0.016129
0 0 0.962568 0.015392 0.005361 0.003123 0.013556
0 0 0.958640 0.019094 0.005968 0.002240 0.014058
0 1 0.687299 0.238806 0.030211 0.000205 0.043479
0 1 0.500355 0.421682 0.040398 0.000039 0.037527
0 1 0.488986 0.428400 0.042464 0.000044 0.040106
0 0 0.973358 0.007996 0.003466 0.005283 0.009897
0 1 0.945194 0.028582 0.007762 0.001575 0.016888
0 1 0.931102 0.035111 0.009742 0.001978 0.022066
0 0 0.961353 0.014380 0.005426 0.004242 0.014598
0 1 0.571104 0.360387 0.033334 0.000050 0.035125
0 1 0.584889 0.334507 0.035155 0.000108 0.045341
0 2 0.481567 0.419736 0.047136 0.000083 0.051478
2 2 0.067197 0.411933 0.482348 0.000385 0.038137
2 2 0.041263 0.354209 0.572752 0.000434 0.031342
2 2 0.063957 0.288823 0.595578 0.001974 0.049668
2 2 0.045366 0.378598 0.539865 0.000307 0.035864
1 2 0.055655 0.498792 0.366199 0.000211 0.079144
2 2 0.027646 0.353455 0.570266 0.000300 0.048334
2 2 0.027970 0.344563 0.588249 0.000338 0.038880
2 2 0.033263 0.272872 0.648064 0.001461 0.044340
2 2 0.014716 0.189709 0.761170 0.001645 0.032761
2 2 0.012411 0.149571 0.815380 0.001966 0.020672
2 2 0.012598 0.085350 0.818001 0.052517 0.031533
2 2 0.005808 0.062767 0.915017 0.007734 0.008674
2 2 0.010582 0.116886 0.847148 0.004810 0.020574
2 2 0.000902 0.012751 0.913534 0.070259 0.002553
2 2 0.002639 0.031945 0.899472 0.057674 0.008269
2 2 0.000695 0.012706 0.930147 0.053902 0.002551
2 2 0.000429 0.010000 0.975694 0.012820 0.001057
2 2 0.000788 0.012095 0.952072 0.033344 0.001701
2 2 0.007548 0.064709 0.848049 0.059789 0.019905
2 2 0.000294 0.008099 0.962259 0.027950 0.001398
2 2 0.001843 0.018239 0.867592 0.108183 0.004144
2 2 0.002033 0.007711 0.628759 0.359540 0.001958
2 2 0.006103 0.025135 0.665914 0.293216 0.009632
2 2 0.003774 0.021790 0.770900 0.196309 0.007228
2 3 0.004451 0.011396 0.534438 0.446353 0.003361
2 3 0.001029 0.005988 0.660393 0.331577 0.001013
3 3 0.002351 0.006397 0.432832 0.556927 0.001493
2 3 0.002210 0.009928 0.648444 0.337325 0.002093
3 3 0.002711 0.006343 0.407741 0.581549 0.001656
3 3 0.001198 0.002332 0.251711 0.744321 0.000439
3 3 0.092658 0.071911 0.342745 0.436972 0.055714
3 3 0.042258 0.025420 0.116617 0.773936 0.041769
3 3 0.013118 0.016832 0.320057 0.640135 0.009858
3 3 0.086928 0.063106 0.180727 0.568150 0.101088
3 3 0.022740 0.014413 0.105596 0.838443 0.018808
3 3 0.015625 0.007744 0.072588 0.894695 0.009348
0 2 0.635855 0.161131 0.118238 0.012624 0.072153
0 0 0.888083 0.054926 0.015699 0.002996 0.038296
0 0 0.929433 0.031537 0.010083 0.003430 0.025517
0 0 0.959511 0.015078 0.005686 0.004364 0.015362
0 0 0.946353 0.022750 0.007682 0.003523 0.019691
0 0 0.954516 0.018793 0.006508 0.003471 0.016712
0 0 0.939173 0.028012 0.008716 0.002820 0.021279
0 0 0.786541 0.153416 0.023136 0.000345 0.036561
0 0 0.837183 0.096000 0.026374 0.001472 0.038971
0 0 0.847060 0.101764 0.020005 0.000601 0.030569
0 0 0.885694 0.067860 0.015068 0.001137 0.030242
1 1 0.247810 0.633766 0.082374 0.000014 0.036036
0 0 0.901076 0.056759 0.013803 0.001316 0.027046
0 0 0.902891 0.060187 0.012556 0.000802 0.023564
0 0 0.887564 0.063625 0.017277 0.001559 0.029975
1 1 0.391929 0.504322 0.070138 0.000031 0.033580
0 0 0.936378 0.028506 0.009110 0.003206 0.022800
0 0 0.664858 0.252432 0.041808 0.000237 0.040664
0 0 0.924995 0.033991 0.010703 0.003367 0.026945
0 1 0.604319 0.328102 0.031062 0.000068 0.036449
0 1 0.533266 0.391614 0.037998 0.000046 0.037076
0 0 0.951323 0.021196 0.006994 0.003041 0.017447
0 1 0.686006 0.217436 0.061856 0.000408 0.034294
0 1 0.877385 0.075415 0.015788 0.000939 0.030474
1 1 0.161465 0.490865 0.303902 0.000165 0.043603
1 2 0.135368 0.549772 0.211507 0.000269 0.103084
0 2 0.431551 0.325449 0.134270 0.002259 0.106471
1 2 0.176030 0.548730 0.199709 0.000205 0.075326
0 1 0.489672 0.372996 0.069652 0.000327 0.067352
1 2 0.056215 0.578201 0.323555 0.000036 0.041993
2 2 0.046830 0.358478 0.551976 0.000655 0.042061
1 2 0.166802 0.501795 0.226565 0.000784 0.104055
1 2 0.062145 0.438527 0.425817 0.000359 0.073152
1 2 0.045515 0.515091 0.358523 0.000152 0.080719
2 2 0.013758 0.159011 0.800460 0.001978 0.024793
2 2 0.006428 0.152188 0.812335 0.001779 0.027270
2 2 0.001735 0.026842 0.952648 0.014904 0.003873
2 2 0.000778 0.018119 0.974704 0.004252 0.002146
2 2 0.001684 0.039830 0.944724 0.006204 0.007557
2 2 0.000794 0.015706 0.962511 0.019177 0.001813
2 2 0.001051 0.020470 0.955973 0.019204 0.003302
2 2 0.000419 0.008445 0.961342 0.028603 0.001191
2 2 0.000408 0.010385 0.969248 0.018424 0.001535
2 2 0.000308 0.008746 0.968857 0.020568 0.001522
2 2 0.000100 0.002291 0.958774 0.038607 0.000228
2 2 0.001715 0.018082 0.873547 0.101002 0.005655
2 2 0.001109 0.008846 0.833866 0.154266 0.001914
2 2 0.009688 0.062301 0.821209 0.090888 0.015913
2 2 0.000602 0.005179 0.847897 0.145515 0.000808
2 2 0.001258 0.006008 0.664725 0.326954 0.001054
3 2 0.001971 0.006201 0.479154 0.511229 0.001444
3 3 0.002330 0.004046 0.301388 0.691107 0.001130
3 3 0.017419 0.018890 0.181722 0.762207 0.019761
3 3 0.002456 0.006795 0.491995 0.496890 0.001865
3 3 0.005223 0.008569 0.277383 0.705361 0.003464
3 3 0.009467 0.005268 0.054826 0.925758 0.004680
3 3 0.003459 0.008113 0.331804 0.654456 0.002168
3 3 0.004521 0.002681 0.059942 0.931312 0.001544
3 3 0.005182 0.006274 0.129870 0.855476 0.003198
3 3 0.003080 0.005881 0.315652 0.673902 0.001485
3 3 0.001518 0.001473 0.087981 0.908627 0.000401
3 3 0.002957 0.001268 0.027858 0.967131 0.000786
3 3 0.006213 0.002714 0.036913 0.951896 0.002264
3 3 0.006911 0.002773 0.035601 0.952213 0.002502
3 3 0.004078 0.001659 0.029026 0.964027 0.001210
3 3 0.004608 0.002649 0.047094 0.943968 0.001681
3 3 0.009084 0.002934 0.032467 0.952280 0.003236
3 3 0.007649 0.002739 0.033349 0.953561 0.002701
3 3 0.015966 0.004689 0.037287 0.935318 0.006740
3 3 0.011277 0.002902 0.028642 0.953332 0.003847
3 3 0.006034 0.003314 0.045166 0.943010 0.002476
3 3 0.004008 0.001036 0.018754 0.975287 0.000915
3 3 0.006404 0.002297 0.031056 0.958132 0.002111
3 3 0.004784 0.001335 0.021722 0.970936 0.001222
3 3 0.014575 0.003838 0.032462 0.943550 0.005575
3 3 0.008519 0.003810 0.042901 0.941208 0.003562
3 3 0.005528 0.001026 0.015660 0.976599 0.001188
3 3 0.011908 0.006280 0.057146 0.918409 0.006257
3 3 0.016374 0.030545 0.363222 0.576493 0.013365
2 2 0.017299 0.085389 0.812584 0.070083 0.014645
2 2 0.027216 0.120982 0.794886 0.034319 0.022597
2 2 0.003555 0.031752 0.834104 0.124282 0.006307
2 2 0.045332 0.200685 0.714618 0.011092 0.028274
2 2 0.008785 0.048476 0.856889 0.077372 0.008479
2 2 0.008523 0.064057 0.911539 0.008049 0.007831
2 2 0.126822 0.347071 0.470112 0.002048 0.053948
2 2 0.041297 0.261013 0.635678 0.002576 0.059436
2 2 0.026416 0.239227 0.689166 0.002821 0.042371
2 2 0.016601 0.086989 0.865264 0.014357 0.016790
2 2 0.039665 0.297480 0.589890 0.002849 0.070116
2 2 0.001753 0.011714 0.879240 0.105088 0.002204
2 2 0.055577 0.274369 0.596075 0.003894 0.070084
2 2 0.027601 0.215669 0.645912 0.013406 0.097412
2 2 0.020418 0.183513 0.774706 0.000921 0.020442
2 2 0.004338 0.048716 0.930919 0.009297 0.006730
2 2 0.015668 0.119654 0.829241 0.005893 0.029545
2 2 0.081614 0.325932 0.531592 0.002712 0.058151
2 2 0.033442 0.214450 0.717486 0.001600 0.033021
2 2 0.003976 0.041425 0.901718 0.042675 0.010205
2 2 0.050725 0.303663 0.604062 0.001243 0.040307
2 2 0.011885 0.135192 0.825784 0.004480 0.022659
2 2 0.009861 0.073022 0.905265 0.003473 0.008379
2 2 0.000621 0.015076 0.956597 0.024521 0.003184
2 2 0.024335 0.190725 0.742600 0.005753 0.036586
2 2 0.005839 0.067362 0.910136 0.005863 0.010799
2 2 0.003195 0.027512 0.872962 0.087761 0.008570
2 2 0.006848 0.061263 0.914710 0.007803 0.009376
2 2 0.025870 0.146023 0.775998 0.015395 0.036714
0 0 0.564906 0.315904 0.061824 0.000365 0.057000
0 0 0.810390 0.094391 0.039044 0.004046 0.052128
0 0 0.819294 0.089136 0.045533 0.003958 0.042079
0 0 0.860463 0.073785 0.021337 0.002461 0.041953
0 0 0.941402 0.027875 0.008391 0.002433 0.019900
0 0 0.820461 0.095365 0.030224 0.002785 0.051164
0 0 0.944024 0.022495 0.007961 0.004295 0.021225
0 0 0.959257 0.013613 0.005547 0.005728 0.015855
0 0 0.945725 0.020898 0.007666 0.004789 0.020921
0 0 0.901402 0.043116 0.013981 0.004456 0.037044
0 0 0.920639 0.035393 0.011311 0.003687 0.028969
0 0 0.935865 0.028175 0.009178 0.003459 0.023323
0 0 0.912533 0.038142 0.012436 0.004221 0.032668
0 0 0.926196 0.036700 0.010459 0.002287 0.024357
0 0 0.952635 0.016715 0.006559 0.005556 0.018535
0 0 0.911649 0.047678 0.012228 0.001706 0.026739
0 0 0.951041 0.017829 0.006835 0.005236 0.019059
0 1 0.783177 0.140364 0.026232 0.000833 0.049394
1 1 0.220870 0.616768 0.113029 0.000036 0.049296
1 1 0.301563 0.533586 0.081203 0.000122 0.083526
1 1 0.174494 0.629688 0.152600 0.000032 0.043186
1 1 0.244660 0.621127 0.079549 0.000029 0.054635
0 2 0.645717 0.211155 0.056572 0.001830 0.084726
1 2 0.168454 0.643136 0.135022 0.000035 0.053352
1 2 0.125021 0.595382 0.237965 0.000047 0.041585
1 2 0.101044 0.423829 0.403326 0.000811 0.070990
1 2 0.119795 0.506685 0.311062 0.000215 0.062243
2 2 0.032994 0.327076 0.607422 0.000345 0.032164
1 2 0.090477 0.456751 0.398063 0.000249 0.054460
2 2 0.067621 0.417170 0.467849 0.000239 0.047120
2 2 0.055714 0.443437 0.448921 0.000183 0.051744
1 2 0.145921 0.493285 0.276989 0.000402 0.083403
2 2 0.037865 0.336770 0.541666 0.000858 0.082840
2 2 0.046159 0.321326 0.558403 0.001007 0.073105
2 2 0.032720 0.211031 0.728688 0.000933 0.026629
2 2 0.019676 0.198435 0.747456 0.001600 0.032833
2 2 0.004154 0.086013 0.894157 0.001898 0.013779
2 2 0.003756 0.077491 0.890642 0.007929 0.020182
2 2 0.000065 0.002071 0.970265 0.027413 0.000186
1 2 0.063181 0.474402 0.413505 0.000153 0.048760
2 2 0.000596 0.016257 0.952249 0.027109 0.003788
2 2 0.005287 0.080107 0.905311 0.001451 0.007845
2 2 0.011693 0.150777 0.804009 0.002631 0.030890
2 2 0.000049 0.001536 0.966569 0.031701 0.000145
2 2 0.009735 0.133197 0.838719 0.001631 0.016718
2 2 0.000527 0.011509 0.928263 0.056962 0.002738
2 2 0.003126 0.047277 0.936886 0.004964 0.007747
2 2 0.022027 0.208945 0.708657 0.006824 0.053546
2 2 0.000576 0.009402 0.940969 0.047002 0.002051
2 2 0.000381 0.007976 0.968509 0.022187 0.000947
2 2 0.000869 0.017169 0.917159 0.060573 0.004229
2 2 0.000766 0.015303 0.953754 0.027383 0.002794
1 1 0.337398 0.391667 0.213715 0.000660 0.056560
1 1 0.059404 0.454472 0.432210 0.000269 0.053645
2 2 0.016586 0.155867 0.806477 0.002855 0.018216
2 2 0.023662 0.184206 0.777042 0.000958 0.014132
2 2 0.070120 0.350617 0.550362 0.000329 0.028573
2 2 0.003883 0.062703 0.926068 0.001911 0.005435
2 2 0.023508 0.187713 0.761008 0.001885 0.025886
2 2 0.023670 0.197527 0.752720 0.002073 0.024010
2 2 0.004119 0.064875 0.910691 0.006172 0.014144
2 2 0.015137 0.132765 0.838135 0.000794 0.013169
2 2 0.000318 0.008902 0.970795 0.018822 0.001164
2 2 0.034552 0.206421 0.741017 0.001362 0.016647
2 2 0.070643 0.329875 0.562764 0.000984 0.035735
2 2 0.029810 0.182189 0.763953 0.002152 0.021896
0 2 0.468038 0.397853 0.082063 0.000192 0.051853
0 0 0.941161 0.026754 0.008438 0.002905 0.020742
0 0 0.904423 0.045266 0.013526 0.003218 0.033567
0 0 0.963392 0.015325 0.005257 0.002913 0.013113
0 0 0.976556 0.007232 0.003078 0.004567 0.008567
0 0 0.962490 0.015195 0.005360 0.003273 0.013682
0 0 0.966448 0.013673 0.004802 0.002996 0.012082
0 0 0.925463 0.036712 0.010574 0.002397 0.024853
0 0 0.962689 0.014175 0.005265 0.003920 0.013951
0 0 0.949345 0.022612 0.007282 0.002852 0.017909
0 0 0.930456 0.035353 0.009836 0.002010 0.022346
0 0 0.948143 0.023665 0.007454 0.002667 0.018071
0 0 0.958268 0.018100 0.006007 0.002812 0.014814
0 0 0.970323 0.011591 0.004214 0.003128 0.010744
0 0 0.883498 0.072519 0.014914 0.000848 0.028222
0 1 0.572493 0.358049 0.033486 0.000053 0.035918
0 0 0.848091 0.075266 0.040564 0.003429 0.032650
0 0 0.967452 0.011099 0.004455 0.004686 0.012308
0 0 0.964129 0.014353 0.005116 0.003300 0.013102
0 0 0.971321 0.009633 0.003901 0.004438 0.010707
0 0 0.953483 0.013550 0.006026 0.008373 0.018568
0 0 0.978320 0.006731 0.002851 0.004257 0.007841
0 0 0.968318 0.011911 0.004460 0.003621 0.011691
0 0 0.953897 0.019694 0.006619 0.003142 0.016648
0 0 0.956786 0.018544 0.006212 0.002976 0.015482
0 0 0.970914 0.010487 0.004047 0.003801 0.010750
0 0 0.961457 0.016433 0.005544 0.002835 0.013731
0 0 0.959798 0.016289 0.005742 0.003417 0.014755
0 0 0.940466 0.026789 0.008536 0.003039 0.021169
0 0 0.949912 0.017479 0.006914 0.005927 0.019767
0 0 0.965942 0.013413 0.004844 0.003343 0.012459
0 0 0.974096 0.008522 0.003494 0.004318 0.009571
0 0 0.978227 0.007214 0.002938 0.003753 0.007868
0 0 0.973396 0.007659 0.003398 0.005688 0.009858
0 0 0.953408 0.018690 0.006636 0.003861 0.017406
0 0 0.975441 0.008520 0.003372 0.003703 0.008965
0 0 0.966894 0.011650 0.004576 0.004405 0.012475
0 0 0.958586 0.013944 0.005653 0.005690 0.016127
0 0 0.974556 0.009555 0.003579 0.003134 0.009176
0 0 0.973312 0.010279 0.003778 0.003028 0.009602
0 0 0.971938 0.011485 0.004022 0.002637 0.009918
0 0 0.968972 0.013227 0.004471 0.002479 0.010850
0 0 0.978379 0.007447 0.002958 0.003438 0.007780
0 0 0.954682 0.020877 0.006530 0.002382 0.015530
0 0 0.977917 0.007399 0.002992 0.003704 0.007988
0 0 0.975211 0.008724 0.003420 0.003606 0.009039
0 0 0.958178 0.021114 0.005996 0.001572 0.013140
0 0 0.934061 0.036449 0.009140 0.001301 0.019049
0 0 0.946250 0.028007 0.007617 0.001565 0.016561
0 0 0.771606 0.175541 0.022157 0.000172 0.030525
0 1 0.785543 0.167635 0.020173 0.000136 0.026513
0 1 0.834902 0.103305 0.020755 0.000952 0.040086
1 1 0.389591 0.492753 0.067780 0.000063 0.049813
0 0 0.936997 0.035997 0.008637 0.001064 0.017306
0 0 0.976173 0.008486 0.003299 0.003411 0.008631
0 0 0.979351 0.004383 0.002230 0.007154 0.006881
0 0 0.977002 0.007120 0.003023 0.004472 0.008383
0 0 0.976124 0.009008 0.003361 0.002965 0.008541
0 0 0.962516 0.016544 0.005409 0.002483 0.013049
0 0 0.957007 0.019973 0.006200 0.002238 0.014582
0 0 0.934074 0.027755 0.009406 0.004072 0.024693
0 0 0.928459 0.033425 0.010209 0.002916 0.024991
0 0 0.936723 0.028295 0.009061 0.003220 0.022701
0 1 0.571440 0.332817 0.039488 0.000178 0.056078
0 1 0.753878 0.170372 0.027742 0.000511 0.047497
0 1 0.610930 0.301473 0.036102 0.000181 0.051315
0 1 0.647529 0.250895 0.037674 0.000442 0.063461
1 2 0.210943 0.635557 0.090257 0.000036 0.063208
1 2 0.324942 0.407919 0.106314 0.001333 0.159493
0 2 0.428368 0.426106 0.066324 0.000236 0.078967
0 2 0.859015 0.068457 0.019659 0.003506 0.049363
1 2 0.434948 0.472080 0.049276 0.000041 0.043654
1 2 0.285249 0.522495 0.126412 0.000147 0.065697
0 0 0.926724 0.032212 0.010459 0.003720 0.026885
0 0 0.919461 0.035557 0.011474 0.003858 0.029650
0 0 0.935842 0.028380 0.009183 0.003375 0.023220
0 0 0.961584 0.012856 0.005231 0.005482 0.014847
0 0 0.838193 0.089630 0.021708 0.001971 0.048499
0 0 0.873358 0.074195 0.016742 0.001289 0.034416
0 0 0.939855 0.025213 0.008590 0.003916 0.022427
0 1 0.669692 0.247901 0.032799 0.000254 0.049355
0 1 0.587018 0.308187 0.040834 0.000283 0.063677
0 1 0.892959 0.050843 0.015096 0.003368 0.037734
0 0 0.948826 0.021564 0.007328 0.003498 0.018783
0 1 0.464248 0.449460 0.045224 0.000041 0.041027
0 1 0.479420 0.422030 0.049615 0.000079 0.048856
1 2 0.327933 0.563350 0.065210 0.000027 0.043480
1 2 0.252617 0.625334 0.074384 0.000021 0.047645
0 0 0.772235 0.136581 0.028986 0.001424 0.060774
0 0 0.796716 0.133260 0.024410 0.000741 0.044874
1 1 0.167968 0.553064 0.225006 0.000119 0.053842
2 2 0.047206 0.442953 0.465090 0.000241 0.044511
2 2 0.037993 0.376772 0.542846 0.000282 0.042106
2 2 0.028305 0.325861 0.602681 0.000504 0.042649
2 2 0.017329 0.205497 0.742579 0.002417 0.032179
2 2 0.022654 0.264571 0.681044 0.000581 0.031149
1 2 0.077469 0.443306 0.438376 0.000161 0.040688
2 2 0.043514 0.355964 0.576095 0.000228 0.024198
2 2 0.010051 0.086322 0.888656 0.004613 0.010358
2 2 0.008958 0.098611 0.877440 0.002605 0.012385
2 2 0.009448 0.114875 0.865334 0.001196 0.009147
2 2 0.017089 0.176478 0.789509 0.000908 0.016016
2 2 0.003573 0.075944 0.910506 0.001814 0.008163
2 2 0.025912 0.237636 0.717651 0.000649 0.018152
2 2 0.004715 0.061720 0.916309 0.005616 0.011641
2 2 0.002287 0.031221 0.953100 0.009350 0.004043
2 2 0.015728 0.153457 0.788763 0.003817 0.038235
2 2 0.000476 0.012557 0.966829 0.018163 0.001975
2 2 0.000367 0.007218 0.959105 0.032044 0.001265
2 2 0.000259 0.008065 0.978170 0.012603 0.000903
2 2 0.000523 0.016492 0.968534 0.011307 0.003144
2 2 0.000149 0.005883 0.970234 0.022838 0.000895
2 2 0.002377 0.021006 0.832051 0.136688 0.007878
2 2 0.005235 0.022013 0.706057 0.258226 0.008469
2 2 0.002744 0.022564 0.860748 0.107240 0.006704
2 2 0.000615 0.016249 0.973212 0.007592 0.002332
2 2 0.000180 0.005640 0.968926 0.024427 0.000826
2 2 0.001271 0.010472 0.851128 0.134398 0.002731
2 2 0.000619 0.009171 0.904337 0.083924 0.001949
2 2 0.008073 0.084057 0.886879 0.006948 0.014044
2 2 0.000646 0.008265 0.897606 0.091785 0.001698
2 2 0.000943 0.006099 0.728374 0.263477 0.001107
2 2 0.002682 0.037341 0.887155 0.063279 0.009543
2 2 0.002932 0.022933 0.867912 0.100331 0.005893
2 2 0.000431 0.007008 0.914125 0.077430 0.001007
2 3 0.000186 0.002318 0.850251 0.147032 0.000213
3 3 0.002476 0.004017 0.285443 0.707072 0.000992
2 3 0.000678 0.003686 0.638129 0.357040 0.000467
3 3 0.002785 0.004742 0.271828 0.719234 0.001412
2 2 0.002522 0.012267 0.644175 0.337352 0.003685
2 2 0.060047 0.057531 0.494613 0.364224 0.023585
2 2 0.070206 0.307342 0.580471 0.002136 0.039844
2 2 0.012616 0.086408 0.855061 0.026415 0.019499
2 2 0.019849 0.133606 0.828634 0.005186 0.012725
2 2 0.009918 0.087670 0.884672 0.006679 0.011061
2 2 0.007651 0.034331 0.736919 0.210237 0.010862
2 2 0.000036 0.002425 0.984109 0.013240 0.000189
2 2 0.002137 0.013994 0.918724 0.062759 0.002386
2 2 0.011505 0.096458 0.863704 0.012263 0.016069
2 2 0.000261 0.006728 0.953327 0.038769 0.000915
2 2 0.055484 0.161190 0.760691 0.006792 0.015844
2 2 0.023977 0.157421 0.767497 0.014617 0.036489
2 2 0.002662 0.037616 0.946754 0.009190 0.003778
2 2 0.000498 0.011380 0.963460 0.023492 0.001170
2 2 0.000885 0.007132 0.824045 0.166766 0.001172
2 2 0.004444 0.050767 0.928549 0.009764 0.006476
2 2 0.040599 0.146512 0.781231 0.011097 0.020562
2 2 0.009300 0.111920 0.865763 0.002751 0.010266
2 2 0.000248 0.006609 0.961924 0.030299 0.000920
2 2 0.002240 0.023522 0.886350 0.083627 0.004260
2 2 0.000837 0.020102 0.969480 0.007629 0.001953
2 2 0.000321 0.009018 0.982072 0.007829 0.000760
2 2 0.002186 0.028599 0.942267 0.021842 0.005106
2 3 0.000823 0.007454 0.837528 0.152735 0.001460
2 3 0.001011 0.008368 0.768728 0.220339 0.001554
3 3 0.001251 0.003650 0.368744 0.625603 0.000752
3 3 0.019325 0.019799 0.217512 0.727367 0.015997
3 3 0.035959 0.069883 0.314156 0.509574 0.070428
2 3 0.015359 0.038525 0.704850 0.230667 0.010599
1 0 0.254766 0.382525 0.313892 0.000851 0.047966
0 0 0.586877 0.270995 0.063038 0.000948 0.078142
2 1 0.040254 0.314293 0.606848 0.001289 0.037316
1 1 0.129391 0.558331 0.269988 0.000072 0.042218
1 1 0.318363 0.463481 0.153946 0.000295 0.063914
2 2 0.052284 0.409788 0.483042 0.000406 0.054481
1 2 0.127306 0.436511 0.367045 0.000950 0.068188
2 2 0.033558 0.309551 0.631961 0.000284 0.024646
0 2 0.467301 0.362957 0.121350 0.000399 0.047992
0 1 0.515033 0.355160 0.059706 0.000345 0.069757
0 0 0.602258 0.195140 0.131350 0.004518 0.066735
1 1 0.081228 0.543483 0.290298 0.000185 0.084806
1 2 0.056392 0.456140 0.433616 0.000276 0.053576
2 2 0.030657 0.245353 0.675284 0.002455 0.046251
2 2 0.002133 0.033395 0.946194 0.013312 0.004966
2 2 0.003007 0.046977 0.932844 0.008756 0.008415
1 2 0.100115 0.549626 0.260012 0.000261 0.089987
2 2 0.005056 0.064930 0.908078 0.011391 0.010545
2 2 0.003869 0.061217 0.924505 0.002928 0.007481
2 2 0.008155 0.107395 0.857606 0.003835 0.023009
2 2 0.040723 0.268371 0.666800 0.000958 0.023147
2 2 0.005004 0.087156 0.867667 0.008802 0.031371
2 2 0.003461 0.070002 0.907009 0.002474 0.017054
2 2 0.009540 0.186954 0.754619 0.001025 0.047862
2 2 0.004498 0.036889 0.875061 0.069603 0.013949
2 2 0.002465 0.066622 0.883225 0.010670 0.037017
2 2 0.003510 0.042455 0.902264 0.035452 0.016318
2 2 0.002297 0.056114 0.915354 0.005164 0.021071
2 2 0.001873 0.061155 0.910453 0.003864 0.022654
2 2 0.000455 0.017626 0.964929 0.011693 0.005296
2 2 0.000763 0.012158 0.920862 0.062613 0.003604
2 2 0.013070 0.102582 0.841679 0.015421 0.027248
2 2 0.002748 0.052971 0.917219 0.011185 0.015877
2 2 0.000414 0.016838 0.969284 0.008222 0.005242
2 2 0.005298 0.089469 0.857202 0.014692 0.033340
2 2 0.023411 0.326746 0.504555 0.001726 0.143562
1 2 0.113759 0.527576 0.157424 0.000554 0.200688
4 4 0.087772 0.266997 0.147429 0.014806 0.482996
1 4 0.093575 0.432266 0.170978 0.001921 0.301260
1 4 0.034912 0.499440 0.249862 0.000439 0.215347
1 4 0.031832 0.452448 0.230533 0.000793 0.284394
4 4 0.101272 0.362061 0.160224 0.004728 0.371715
4 4 0.033597 0.187526 0.158245 0.027181 0.593451
4 4 0.062818 0.258768 0.160405 0.014208 0.503801
4 4 0.054376 0.312925 0.182873 0.006576 0.443250
4 4 0.193648 0.214947 0.098011 0.032939 0.460455
1 4 0.109216 0.387217 0.159128 0.003526 0.340914
4 4 0.075179 0.218910 0.138265 0.026237 0.541408
4 4 0.114399 0.326037 0.148197 0.007635 0.403733
1 4 0.120100 0.398465 0.154871 0.003114 0.323450
4 4 0.109431 0.224542 0.124511 0.027688 0.513828
4 4 0.116574 0.141590 0.088357 0.089749 0.563730
4 4 0.180545 0.227442 0.104397 0.028075 0.459540
4 4 0.137949 0.313420 0.136435 0.009215 0.402981
4 4 0.185935 0.201224 0.095581 0.039916 0.477344
4 4 0.205697 0.293116 0.112621 0.011467 0.377099
4 4 0.116574 0.141590 0.088357 0.089749 0.563730
4 4 0.116574 0.141590 0.088357 0.089749 0.563730
4 4 0.116574 0.141590 0.088357 0.089749 0.563730
4 4 0.116574 0.141590 0.088357 0.089749 0.563730
4 4 0.116574 0.141590 0.088357 0.089749 0.563730
4 4 0.116574 0.141590 0.088357 0.089749 0.563730
4 4 0.116574 0.141590 0.088357 0.089749 0.563730
4 4 0.170320 0.188776 0.094873 0.047613 0.498419
4 4 0.118896 0.178941 0.104371 0.052652 0.545140
4 4 0.116574 0.141590 0.088357 0.089749 0.563730
4 4 0.116574 0.141590 0.088357 0.089749 0.563730
4 4 0.116574 0.141590 0.088357 0.089749 0.563730
4 4 0.166727 0.267534 0.117902 0.016644 0.431194
4 4 0.116574 0.141590 0.088357 0.089749 0.563730
4 4 0.240426 0.240654 0.095036 0.021750 0.402134
4 4 0.262323 0.266377 0.095760 0.014502 0.361038
4 4 0.116574 0.141590 0.088357 0.089749 0.563730
4 4 0.167016 0.264054 0.117032 0.017413 0.434485
4 4 0.054163 0.159059 0.123548 0.053748 0.609483
4 4 0.128286 0.152486 0.090419 0.077769 0.551040
4 4 0.158912 0.309070 0.128494 0.009774 0.393750
4 4 0.158088 0.242638 0.114220 0.023058 0.461996
4 4 0.116574 0.141590 0.088357 0.089749 0.563730
4 4 0.116574 0.141590 0.088357 0.089749 0.563730
4 4 0.116574 0.141590 0.088357 0.089749 0.563730
4 4 0.116574 0.141590 0.088357 0.089749 0.563730
4 4 0.116574 0.141590 0.088357 0.089749 0.563730
4 4 0.164839 0.184279 0.094515 0.050682 0.505685
4 4 0.098373 0.340696 0.158479 0.006107 0.396346
4 4 0.116574 0.141590 0.088357 0.089749 0.563730
4 4 0.116574 0.141590 0.088357 0.089749 0.563730
4 4 0.100515 0.339726 0.157204 0.006222 0.396333
4 4 0.116574 0.141590 0.088357 0.089749 0.563730
4 4 0.108532 0.244802 0.131315 0.021148 0.494203
4 4 0.084371 0.274861 0.151484 0.013184 0.476100
4 4 0.079296 0.151925 0.106149 0.069596 0.593033
4 4 0.061919 0.292242 0.171083 0.009166 0.465589
4 4 0.043984 0.336530 0.199193 0.004300 0.415993
4 4 0.101169 0.145816 0.094939 0.081817 0.576260
1 4 0.060030 0.480334 0.196451 0.000855 0.262330
4 4 0.038640 0.185589 0.151247 0.030309 0.594215
4 4 0.279942 0.265501 0.092297 0.013945 0.348315
4 4 0.321104 0.230123 0.086939 0.019107 0.342726
4 4 0.186375 0.201568 0.095595 0.039719 0.476743
4 2 0.275295 0.294291 0.097289 0.009447 0.323678
4 2 0.097449 0.367483 0.162996 0.004369 0.367702
1 2 0.082959 0.429260 0.177525 0.001913 0.308344
1 2 0.070254 0.411567 0.185396 0.002218 0.330565
4 2 0.026426 0.354430 0.230056 0.002390 0.386698
4 2 0.011114 0.233237 0.279623 0.006801 0.469225
1 2 0.019693 0.378736 0.250475 0.001379 0.349717
2 2 0.013817 0.241839 0.401550 0.006849 0.335945
1 2 0.032119 0.370608 0.287790 0.002282 0.307201
2 2 0.007361 0.259846 0.603728 0.000960 0.128105
1 2 0.031796 0.371714 0.223115 0.002207 0.371167
2 2 0.005029 0.088315 0.839206 0.025316 0.042135
2 2 0.011333 0.123537 0.803054 0.020782 0.041294
2 2 0.006272 0.101112 0.862101 0.009357 0.021158
2 2 0.006542 0.104345 0.846673 0.009995 0.032445
2 2 0.005294 0.085087 0.878367 0.011062 0.020191
2 2 0.001879 0.046153 0.908507 0.026901 0.016560
2 2 0.000561 0.011410 0.938822 0.046969 0.002239
2 2 0.000346 0.011370 0.957876 0.028000 0.002408
2 2 0.001421 0.009205 0.766303 0.220972 0.002100
2 2 0.000689 0.015087 0.954332 0.026746 0.003146
2 2 0.000192 0.004750 0.957015 0.037401 0.000641
2 2 0.000589 0.022344 0.946963 0.021921 0.008183
2 2 0.000217 0.004181 0.949902 0.045042 0.000658
2 2 0.001648 0.011453 0.792772 0.191213 0.002914
2 2 0.000226 0.004385 0.938725 0.056131 0.000532
2 2 0.000425 0.006961 0.907427 0.083913 0.001274
2 2 0.000826 0.007905 0.848528 0.141049 0.001693
2 2 0.002425 0.014825 0.726107 0.250888 0.005756
2 2 0.001859 0.006632 0.549945 0.439951 0.001613
2 2 0.000944 0.007453 0.779953 0.210055 0.001595
2 2 0.000739 0.003452 0.615816 0.379504 0.000489
3 2 0.001856 0.003524 0.247649 0.745936 0.001036
3 2 0.024625 0.012409 0.073660 0.872438 0.016868
2 2 0.027151 0.114524 0.772657 0.062954 0.022714
2 2 0.004914 0.027065 0.694192 0.263860 0.009969
2 2 0.006611 0.051448 0.888370 0.043253 0.010318
2 2 0.001407 0.014054 0.793858 0.187608 0.003073
2 2 0.002166 0.025181 0.916963 0.050809 0.004881
2 2 0.001549 0.015152 0.849732 0.129401 0.004165
2 2 0.002340 0.010478 0.645415 0.339258 0.002509
2 2 0.003500 0.013181 0.614176 0.365954 0.003189
2 2 0.001761 0.009994 0.759157 0.227251 0.001837
3 3 0.001154 0.004160 0.480341 0.513659 0.000686
3 3 0.003591 0.008832 0.436524 0.548817 0.002236
3 3 0.003255 0.009424 0.426373 0.558248 0.002700
3 3 0.004018 0.003940 0.127099 0.863337 0.001607
3 3 0.002179 0.003003 0.169778 0.824148 0.000892
3 3 0.003283 0.002772 0.105906 0.886944 0.001095
3 3 0.004711 0.002217 0.039538 0.951989 0.001545
3 3 0.012379 0.004736 0.043105 0.934290 0.005491
3 3 0.009043 0.002646 0.029536 0.955734 0.003041
3 3 0.009679 0.008232 0.102698 0.873185 0.006207
3 3 0.002143 0.001939 0.080261 0.914936 0.000720
3 3 0.008443 0.002465 0.028661 0.957670 0.002761
3 3 0.008929 0.005057 0.054441 0.927216 0.004357
3 3 0.007925 0.002920 0.034751 0.951520 0.002884
3 3 0.006426 0.002170 0.029385 0.959968 0.002050
3 3 0.027598 0.006254 0.036280 0.917339 0.012529
3 3 0.006735 0.001667 0.022345 0.967416 0.001837
3 3 0.005728 0.001580 0.023149 0.967984 0.001559
3 3 0.014321 0.002854 0.024802 0.953378 0.004645
3 3 0.005730 0.001282 0.018993 0.972608 0.001387
3 3 0.008015 0.001855 0.022529 0.965349 0.002252
3 3 0.011805 0.002858 0.027544 0.953833 0.003960
3 3 0.003812 0.001408 0.025776 0.967960 0.001044
3 3 0.006704 0.001558 0.021003 0.968974 0.001761
3 3 0.010156 0.001651 0.017772 0.967855 0.002567
3 3 0.009671 0.002582 0.027847 0.956729 0.003171
3 3 0.006812 0.001306 0.017621 0.972644 0.001616
3 3 0.010692 0.001280 0.013579 0.972126 0.002323
3 3 0.011115 0.001261 0.013107 0.972138 0.002379
3 3 0.018487 0.001860 0.014405 0.960733 0.004516
3 3 0.005197 0.001397 0.021695 0.970369 0.001342
3 3 0.008348 0.002113 0.024927 0.962105 0.002507
3 3 0.009677 0.001236 0.013856 0.973133 0.002097
3 3 0.004597 0.000565 0.009797 0.984310 0.000731
3 3 0.019633 0.002000 0.014938 0.958483 0.004946
3 3 0.005742 0.001262 0.018689 0.972930 0.001377
3 3 0.011295 0.001170 0.012095 0.973129 0.002311
3 3 0.014148 0.001541 0.013927 0.967131 0.003252
3 3 0.011626 0.002940 0.028519 0.952942 0.003974
3 3 0.009249 0.001284 0.014723 0.972681 0.002063
3 3 0.006583 0.001006 0.014008 0.977045 0.001358
3 3 0.011146 0.003014 0.029860 0.952088 0.003892
3 3 0.011162 0.001361 0.014059 0.970927 0.002491
3 3 0.006459 0.000872 0.012346 0.979089 0.001234
3 3 0.009732 0.000829 0.009436 0.978318 0.001685
3 3 0.015777 0.001979 0.016644 0.961504 0.004097
3 3 0.008235 0.000799 0.009968 0.979562 0.001437
3 3 0.005642 0.000712 0.010942 0.981719 0.000985
3 3 0.007577 0.001421 0.018039 0.971112 0.001851
3 3 0.010476 0.001070 0.011573 0.974815 0.002066
3 3 0.009281 0.001170 0.013443 0.974143 0.001964
3 3 0.008293 0.001333 0.016167 0.972284 0.001924
3 3 0.009887 0.001448 0.015922 0.970411 0.002332
3 3 0.008088 0.001235 0.015241 0.973630 0.001806
3 3 0.005629 0.000765 0.011736 0.980846 0.001024
3 3 0.005051 0.000511 0.008452 0.985240 0.000747
3 3 0.040533 0.030565 0.121914 0.762517 0.044470
3 3 0.011335 0.021733 0.281854 0.673953 0.011125
2 2 0.026804 0.145615 0.748764 0.031340 0.047477
2 2 0.020917 0.084319 0.776283 0.097697 0.020785
2 2 0.006321 0.040093 0.893463 0.053370 0.006752
2 2 0.010443 0.079315 0.842496 0.050668 0.017077
2 2 0.014337 0.104290 0.861010 0.007155 0.013207
2 2 0.008851 0.073793 0.885276 0.019405 0.012675
1 2 0.089965 0.474028 0.391046 0.000237 0.044724
2 2 0.034932 0.232222 0.676435 0.004720 0.051690
2 2 0.015952 0.167051 0.764936 0.007956 0.044106
2 2 0.010494 0.108517 0.862145 0.004661 0.014184
2 2 0.008091 0.056132 0.898041 0.027171 0.010566
2 2 0.005777 0.069193 0.899124 0.016269 0.009637
2 2 0.003980 0.041315 0.936824 0.012350 0.005531
2 2 0.008547 0.128619 0.834794 0.004445 0.023596
2 2 0.003182 0.035253 0.844137 0.097914 0.019514
2 2 0.000460 0.012809 0.939990 0.044241 0.002500
2 2 0.000628 0.005258 0.848854 0.144399 0.000861
2 2 0.001086 0.009418 0.851379 0.136472 0.001644
2 2 0.002738 0.044246 0.927788 0.014790 0.010438
2 2 0.002934 0.029876 0.880453 0.076367 0.010370
2 2 0.000612 0.019403 0.968048 0.008212 0.003725
2 2 0.001012 0.015071 0.955354 0.025699 0.002865
2 2 0.022814 0.371569 0.416223 0.001138 0.188256
2 2 0.010221 0.106681 0.841556 0.009980 0.031562
2 2 0.031262 0.304019 0.475841 0.008890 0.179988
2 2 0.020332 0.260162 0.609061 0.004964 0.105482
2 2 0.008571 0.139430 0.789036 0.007096 0.055868
1 2 0.034696 0.376189 0.345765 0.002498 0.240852
4 2 0.066443 0.314437 0.195556 0.009676 0.413888
2 2 0.037501 0.382015 0.417899 0.001749 0.160836
4 2 0.011898 0.282465 0.254475 0.003274 0.447888
1 2 0.046236 0.382663 0.204657 0.002498 0.363946
4 4 0.053482 0.174869 0.132468 0.042071 0.597109
4 4 0.052607 0.224359 0.155879 0.020562 0.546593
4 4 0.205404 0.272119 0.108915 0.015139 0.398422
4 4 0.106928 0.198964 0.116282 0.038896 0.538930
4 4 0.033930 0.298996 0.203193 0.005840 0.458042
4 4 0.012254 0.251703 0.240213 0.005207 0.490624
4 4 0.068958 0.344725 0.177508 0.005022 0.403786
4 4 0.032724 0.286509 0.201245 0.006706 0.472815
4 4 0.020597 0.297030 0.228988 0.004168 0.449217
4 4 0.015409 0.268044 0.234490 0.004943 0.477114
4 4 0.033280 0.345408 0.215796 0.003182 0.402334
4 4 0.008281 0.292496 0.279220 0.002077 0.417925
4 4 0.021513 0.339293 0.238105 0.002472 0.398617
4 4 0.010175 0.212162 0.230150 0.008181 0.539332
4 4 0.023949 0.170347 0.162987 0.028998 0.613719
1 4 0.050499 0.393596 0.201339 0.002306 0.352260
4 4 0.050520 0.311263 0.186182 0.006435 0.445600
1 4 0.024309 0.444288 0.244827 0.000706 0.285870
4 4 0.052664 0.348901 0.192278 0.004118 0.402040
4 4 0.043245 0.343100 0.201455 0.003917 0.408283
4 4 0.092037 0.148351 0.099305 0.076864 0.583442
4 4 0.098378 0.226712 0.129726 0.026083 0.519101
4 4 0.148718 0.332761 0.135735 0.007241 0.375545
4 4 0.071921 0.258444 0.154039 0.015219 0.500377
4 4 0.173421 0.282369 0.119166 0.013690 0.411355
1 4 0.046101 0.402136 0.207193 0.001957 0.342613
1 4 0.026062 0.385703 0.236038 0.001587 0.350610
1 4 0.150630 0.487459 0.142568 0.000941 0.218403
1 4 0.198196 0.527162 0.126039 0.000415 0.148187
2 2 0.036116 0.350646 0.371407 0.002765 0.239065
2 2 0.068413 0.335595 0.519660 0.001357 0.074976
2 2 0.037820 0.369897 0.516630 0.000529 0.075125
0 0 0.391038 0.169711 0.360755 0.032860 0.045636
0 0 0.749916 0.143854 0.032378 0.001891 0.071962
0 0 0.719055 0.205820 0.029234 0.000313 0.045577
1 1 0.360941 0.514443 0.064441 0.000067 0.060108
1 1 0.415096 0.455808 0.060052 0.000128 0.068916
1 1 0.211006 0.582987 0.129495 0.000106 0.076406
0 0 0.813439 0.109575 0.027023 0.001561 0.048402
1 1 0.249365 0.595661 0.085561 0.000056 0.069358
1 1 0.158793 0.607558 0.149172 0.000102 0.084376
1 2 0.264766 0.548939 0.091289 0.000144 0.094861
1 2 0.097530 0.604504 0.228946 0.000081 0.068939
1 2 0.134035 0.520241 0.287060 0.000178 0.058486
0 0 0.887356 0.054167 0.015841 0.003281 0.039355
0 0 0.829921 0.078976 0.029010 0.005815 0.056279
0 0 0.929645 0.028857 0.010002 0.004608 0.026887
0 0 0.692095 0.226226 0.031744 0.000313 0.049622
1 1 0.412135 0.447618 0.062624 0.000175 0.077449
1 1 0.265181 0.576127 0.088658 0.000070 0.069965
0 1 0.816182 0.100317 0.024664 0.002251 0.056586
1 1 0.321686 0.529725 0.074824 0.000095 0.073670
1 1 0.296841 0.469203 0.115444 0.000524 0.117987
1 1 0.169535 0.624497 0.141811 0.000058 0.064099
1 2 0.118332 0.663401 0.143374 0.000045 0.074849
1 2 0.090443 0.523035 0.349116 0.000071 0.037336
1 2 0.154751 0.572745 0.210080 0.000111 0.062313
1 2 0.189338 0.577210 0.186616 0.000068 0.046768
1 2 0.078323 0.583870 0.309061 0.000024 0.028724
1 2 0.094844 0.555490 0.311087 0.000056 0.038523
1 2 0.052012 0.527178 0.393997 0.000027 0.026787
2 2 0.045194 0.377191 0.554532 0.000089 0.022995
1 2 0.086542 0.446169 0.432539 0.000174 0.034576
2 2 0.058660 0.285877 0.618990 0.001421 0.035053
1 2 0.163291 0.571775 0.204562 0.000107 0.060265
1 2 0.078052 0.453584 0.433975 0.000139 0.034250
2 2 0.132437 0.375804 0.416736 0.003390 0.071634
1 2 0.096364 0.440964 0.434257 0.000106 0.028310
1 2 0.236143 0.578387 0.136986 0.000059 0.048426
1 2 0.103540 0.594029 0.266310 0.000036 0.036085
1 2 0.084100 0.517790 0.366428 0.000054 0.031627
1 2 0.070073 0.464269 0.420187 0.000207 0.045264
2 2 0.019927 0.205707 0.757623 0.000598 0.016145
2 2 0.015386 0.161859 0.804600 0.000727 0.017429
2 2 0.001515 0.029947 0.958882 0.005490 0.004167
2 2 0.007050 0.054815 0.920591 0.010337 0.007206
2 2 0.002381 0.053927 0.927551 0.006171 0.009971
2 2 0.000622 0.021294 0.966521 0.007473 0.004091
2 2 0.000271 0.014996 0.970381 0.009703 0.004649
2 2 0.000578 0.020877 0.964074 0.010497 0.003973
2 2 0.000281 0.008182 0.957586 0.032619 0.001332
2 2 0.000112 0.004748 0.979454 0.014982 0.000704
2 2 0.000361 0.015217 0.973411 0.007538 0.003473
2 2 0.000069 0.005307 0.984853 0.008921 0.000850
2 2 0.007226 0.089234 0.834182 0.029944 0.039415
2 2 0.000228 0.006668 0.965413 0.026687 0.001004
2 2 0.003257 0.069298 0.911856 0.002980 0.012609
2 2 0.000646 0.010196 0.934759 0.052139 0.002261
2 2 0.034460 0.221634 0.705715 0.002702 0.035490
2 2 0.000360 0.018268 0.960745 0.016441 0.004187
2 2 0.000155 0.003906 0.952403 0.043099 0.000438
2 2 0.000573 0.006714 0.881053 0.110486 0.001174
2 2 0.000219 0.004976 0.942719 0.051455 0.000631
2 2 0.002471 0.026586 0.939719 0.026989 0.004235
