0 0 0.895066 0.043070 0.018723 0.002188 0.040953
0 0 0.734755 0.125688 0.039789 0.003890 0.095878
0 0 0.765419 0.105077 0.044780 0.006583 0.078140
0 0 0.664815 0.158398 0.062077 0.009186 0.105524
0 0 0.698871 0.147817 0.036075 0.002480 0.114757
0 0 0.737125 0.118024 0.052634 0.008628 0.083590
0 0 0.700105 0.129382 0.070233 0.016198 0.084082
0 0 0.930716 0.027109 0.011956 0.001262 0.028958
0 0 0.529944 0.247884 0.055070 0.003984 0.163118
0 0 0.810046 0.077931 0.044207 0.009285 0.058532
0 0 0.453984 0.273694 0.106435 0.019595 0.146292
0 0 0.956863 0.016103 0.006327 0.000487 0.020221
0 0 0.614693 0.184903 0.072549 0.011396 0.116459
0 0 0.879963 0.048675 0.024573 0.003752 0.043038
0 0 0.883240 0.047286 0.023708 0.003552 0.042214
0 0 0.862368 0.056111 0.029313 0.004915 0.047294
0 0 0.730354 0.117257 0.060131 0.012257 0.080001
0 0 0.861149 0.056625 0.029647 0.005001 0.047579
0 0 0.443150 0.296155 0.082936 0.009398 0.168361
0 0 0.583685 0.199988 0.081421 0.013991 0.120915
0 0 0.518272 0.239366 0.090060 0.014741 0.137561
0 0 0.550302 0.224112 0.079255 0.011418 0.134913
0 0 0.560581 0.214237 0.083759 0.013885 0.127538
0 0 0.908403 0.036593 0.017280 0.002198 0.035526
0 0 0.967833 0.011582 0.004235 0.000268 0.016082
0 0 0.963076 0.013534 0.005097 0.000351 0.017943
0 0 0.873738 0.055028 0.013977 0.000757 0.056500
0 0 0.701417 0.142598 0.047854 0.005347 0.102784
0 0 0.918881 0.033041 0.011446 0.000874 0.035758
0 0 0.882297 0.049428 0.019885 0.002140 0.046250
0 0 0.910286 0.036400 0.015132 0.001576 0.036607
0 0 0.622865 0.189308 0.052861 0.004904 0.130062
0 0 0.859568 0.061675 0.018949 0.001425 0.058383
0 0 0.909567 0.037301 0.013102 0.001056 0.038975
0 0 0.850677 0.065702 0.021909 0.001906 0.059807
0 0 0.757096 0.111529 0.041933 0.005162 0.084280
0 0 0.931225 0.027566 0.007118 0.000328 0.033763
0 0 0.806191 0.084147 0.038153 0.005770 0.065739
0 0 0.898742 0.042384 0.014698 0.001203 0.042974
0 0 0.660568 0.169020 0.043220 0.003350 0.123841
0 0 0.720346 0.133785 0.041097 0.003913 0.100859
0 0 0.897039 0.042951 0.015924 0.001451 0.042635
0 0 0.938053 0.024001 0.010300 0.001009 0.026637
0 0 0.915257 0.033677 0.015602 0.001884 0.033580
0 0 0.921919 0.030845 0.014006 0.001601 0.031630
0 0 0.901601 0.039487 0.018978 0.002533 0.037402
0 0 0.855537 0.060317 0.028798 0.004282 0.051066
0 0 0.934756 0.025396 0.011037 0.001119 0.027691
0 0 0.900381 0.040006 0.019285 0.002596 0.037732
0 0 0.927348 0.028538 0.012733 0.001387 0.029994
0 0 0.927429 0.028503 0.012714 0.001384 0.029970
0 0 0.934354 0.025567 0.011128 0.001133 0.027818
0 0 0.877351 0.049781 0.025266 0.003915 0.043687
0 0 0.735822 0.123870 0.042849 0.004790 0.092669
0 0 0.682559 0.153668 0.049049 0.005200 0.109523
0 0 0.858833 0.060127 0.025226 0.003062 0.052752
0 0 0.635487 0.181837 0.051650 0.004847 0.126179
0 0 0.667013 0.159002 0.058442 0.007827 0.107715
0 0 0.814941 0.075911 0.042770 0.008817 0.057561
0 0 0.822846 0.072640 0.040466 0.008088 0.055959
0 0 0.720503 0.120192 0.064716 0.014368 0.080220
0 0 0.923639 0.030113 0.013600 0.001531 0.031116
0 0 0.983198 0.005486 0.001708 0.000070 0.009538
0 0 0.936192 0.024788 0.010715 0.001070 0.027234
0 0 0.986579 0.004212 0.001240 0.000043 0.007925
0 0 0.942686 0.022045 0.009283 0.000863 0.025123
0 0 0.939419 0.023424 0.009998 0.000965 0.026195
0 0 0.921944 0.030834 0.014000 0.001600 0.031622
0 0 0.917595 0.032683 0.015038 0.001782 0.032902
0 0 0.834823 0.067660 0.037020 0.007044 0.053453
0 0 0.878132 0.049450 0.025058 0.003866 0.043493
0 0 0.844429 0.063647 0.034295 0.006258 0.051370
0 0 0.908886 0.036388 0.017160 0.002175 0.035391
0 0 0.673726 0.148751 0.068053 0.012571 0.096899
0 0 0.875829 0.050425 0.025672 0.004011 0.044062
0 0 0.883521 0.047166 0.023634 0.003536 0.042143
0 0 0.902147 0.039255 0.018840 0.002505 0.037253
0 0 0.963241 0.013502 0.004562 0.000265 0.018430
0 0 0.887729 0.048061 0.013781 0.000868 0.049561
0 0 0.937733 0.024137 0.010371 0.001019 0.026740
0 0 0.921478 0.031453 0.012787 0.001237 0.033046
0 0 0.908009 0.036761 0.017377 0.002217 0.035636
0 0 0.932793 0.026228 0.011482 0.001187 0.028310
0 0 0.940346 0.023032 0.009794 0.000935 0.025893
0 0 0.930522 0.027845 0.008893 0.000572 0.032169
0 0 0.951936 0.018281 0.006528 0.000447 0.022807
0 0 0.938217 0.023932 0.010264 0.001003 0.026584
0 0 0.890221 0.046920 0.010885 0.000490 0.051485
0 0 0.928644 0.028700 0.009136 0.000589 0.032930
0 0 0.833628 0.075124 0.020206 0.001308 0.069734
0 0 0.747596 0.121015 0.020856 0.000781 0.109752
0 0 0.565490 0.226870 0.046833 0.002909 0.157898
0 0 0.729917 0.130284 0.033499 0.002395 0.103905
0 0 0.778178 0.104261 0.017931 0.000639 0.098991
0 0 0.926987 0.028691 0.012817 0.001401 0.030104
0 1 0.836045 0.072387 0.009545 0.000202 0.081820
0 1 0.775480 0.105580 0.017462 0.000587 0.100891
0 1 0.822910 0.080868 0.016901 0.000755 0.078566
0 1 0.839278 0.072279 0.014120 0.000549 0.073774
0 0 0.861769 0.056364 0.029477 0.004957 0.047434
0 0 0.856256 0.063597 0.017767 0.001162 0.061218
0 0 0.827749 0.078103 0.021223 0.001411 0.071514
0 1 0.681991 0.158206 0.030510 0.001488 0.127806
0 1 0.755034 0.115826 0.033502 0.002770 0.092868
0 0 0.805609 0.088738 0.027867 0.002412 0.075374
0 0 0.551369 0.234799 0.052069 0.003670 0.158094
0 0 0.437905 0.303677 0.074190 0.006861 0.177367
0 0 0.930163 0.027645 0.011007 0.000996 0.030190
0 0 0.559246 0.224924 0.066148 0.007131 0.142552
0 0 0.410506 0.321685 0.077407 0.007207 0.183195
0 0 0.947719 0.019926 0.008205 0.000718 0.023432
0 0 0.948215 0.019718 0.008100 0.000704 0.023263
0 0 0.960083 0.014767 0.005693 0.000416 0.019041
0 0 0.948066 0.019780 0.008132 0.000708 0.023314
0 0 0.935114 0.025245 0.010957 0.001107 0.027577
0 0 0.953342 0.017570 0.007037 0.000570 0.021480
0 0 0.961479 0.014190 0.005423 0.000387 0.018522
0 0 0.967919 0.011547 0.004220 0.000266 0.016048
0 0 0.941311 0.022625 0.009582 0.000905 0.025577
0 0 0.898091 0.040980 0.019866 0.002715 0.038349
0 0 0.915608 0.033475 0.015998 0.001838 0.033081
0 0 0.965668 0.012499 0.005795 0.000280 0.015757
0 0 0.957892 0.015674 0.007176 0.000433 0.018824
0 0 0.910729 0.035132 0.019757 0.001887 0.032495
0 0 0.941871 0.022364 0.010011 0.000865 0.024889
0 0 0.902570 0.039845 0.016746 0.001818 0.039021
0 0 0.820602 0.075484 0.038218 0.006651 0.059045
0 0 0.835600 0.074073 0.020264 0.001341 0.068723
0 0 0.685110 0.156399 0.028672 0.001287 0.128531
0 0 0.643218 0.180747 0.033059 0.001557 0.141418
0 0 0.679146 0.156232 0.016767 0.000328 0.147527
0 0 0.641560 0.179222 0.021149 0.000503 0.157565
0 0 0.463965 0.291004 0.036705 0.001184 0.207141
0 0 0.575910 0.219125 0.026504 0.000707 0.177754
0 0 0.524023 0.251920 0.031366 0.000928 0.191763
0 0 0.466821 0.288795 0.035204 0.001073 0.208107
0 0 0.419234 0.321466 0.043157 0.001612 0.214531
0 0 0.424206 0.317471 0.039186 0.001277 0.217859
0 0 0.384342 0.345056 0.043030 0.001490 0.226082
0 0 0.371622 0.354601 0.052281 0.002385 0.219111
0 0 0.409226 0.327223 0.038397 0.001175 0.223979
0 0 0.390281 0.340275 0.039631 0.001225 0.228587
1 0 0.349152 0.370403 0.049729 0.002014 0.228702
0 1 0.363529 0.359753 0.044920 0.001597 0.230201
1 1 0.345020 0.373002 0.060615 0.003319 0.218044
1 1 0.323012 0.389321 0.051431 0.002096 0.234140
1 1 0.233459 0.456693 0.072031 0.004362 0.233455
1 1 0.194205 0.488664 0.076805 0.004925 0.235401
0 1 0.439896 0.304289 0.030490 0.000686 0.224639
0 1 0.581435 0.216509 0.028432 0.000858 0.172766
1 1 0.212821 0.437256 0.038874 0.000602 0.310446
1 1 0.191036 0.397967 0.060470 0.000871 0.349656
1 1 0.150415 0.498000 0.045608 0.000889 0.305089
1 1 0.353318 0.361827 0.031277 0.000633 0.252945
1 1 0.230529 0.437586 0.041023 0.000806 0.290057
1 1 0.110486 0.465533 0.087187 0.001112 0.335682
1 1 0.220968 0.399904 0.026779 0.000195 0.352153
1 1 0.225339 0.384170 0.045416 0.000484 0.344591
1 1 0.334230 0.348829 0.028500 0.000356 0.288085
1 1 0.325487 0.377441 0.026710 0.000408 0.269953
1 1 0.357393 0.358010 0.029701 0.000561 0.254335
1 1 0.263172 0.394117 0.029695 0.000336 0.312681
1 1 0.296788 0.371155 0.034556 0.000492 0.297009
1 1 0.143015 0.437542 0.063568 0.000938 0.354937
1 1 0.200772 0.432347 0.040943 0.000569 0.325369
1 1 0.178329 0.454895 0.051549 0.000982 0.314245
1 1 0.126873 0.497298 0.061380 0.001368 0.313080
1 1 0.160553 0.468907 0.064698 0.001640 0.304202
1 1 0.148434 0.516655 0.064895 0.002524 0.267491
1 1 0.100835 0.485311 0.097539 0.001139 0.315176
1 1 0.207046 0.428332 0.063644 0.001614 0.299365
1 1 0.095288 0.544891 0.069164 0.002143 0.288514
1 2 0.096876 0.510181 0.067143 0.001004 0.324797
1 2 0.073936 0.522781 0.111088 0.001648 0.290546
1 2 0.086011 0.503246 0.093462 0.001292 0.315989
1 2 0.091068 0.386944 0.305451 0.002191 0.214346
1 1 0.243171 0.447355 0.041374 0.001075 0.267025
1 1 0.110538 0.557575 0.066965 0.001278 0.263644
1 1 0.056132 0.587609 0.094404 0.002008 0.259847
1 1 0.090167 0.561667 0.083669 0.003316 0.261181
1 1 0.046415 0.456654 0.382805 0.006774 0.107352
2 1 0.026597 0.425803 0.437444 0.003966 0.106188
2 1 0.012032 0.321263 0.580998 0.002751 0.082956
1 1 0.095896 0.559775 0.153197 0.006869 0.184263
1 1 0.074997 0.563467 0.195794 0.005319 0.160422
2 1 0.017696 0.320033 0.599294 0.003753 0.059224
1 1 0.067392 0.489987 0.317165 0.008696 0.116760
1 1 0.106532 0.558443 0.127684 0.007135 0.200206
1 1 0.108345 0.521235 0.192454 0.012154 0.165812
1 1 0.061674 0.528686 0.261876 0.005879 0.141885
1 1 0.112747 0.540884 0.148370 0.009664 0.188335
2 1 0.032347 0.249959 0.656497 0.002476 0.058722
2 2 0.018521 0.376551 0.516979 0.003076 0.084873
2 2 0.011873 0.261606 0.666186 0.003844 0.056491
2 2 0.051437 0.381767 0.466737 0.013600 0.086459
2 2 0.016857 0.307566 0.599443 0.004743 0.071390
2 2 0.016156 0.146786 0.802105 0.001680 0.033273
2 2 0.000786 0.039680 0.950005 0.000354 0.009175
2 2 0.012574 0.133173 0.816412 0.001088 0.036754
2 2 0.005215 0.065800 0.914252 0.001669 0.013063
2 2 0.001434 0.077465 0.900982 0.001927 0.018191
2 2 0.001941 0.064408 0.916310 0.001393 0.015949
2 2 0.001677 0.053198 0.929967 0.000581 0.014576
2 3 0.001233 0.041267 0.946477 0.003758 0.007265
2 3 0.003346 0.120240 0.825541 0.004999 0.045873
2 3 0.002484 0.055199 0.922651 0.007968 0.011698
2 3 0.002769 0.098047 0.869313 0.003893 0.025978
2 3 0.002052 0.045137 0.935067 0.008409 0.009335
2 3 0.004015 0.036484 0.932587 0.022108 0.004806
2 3 0.009506 0.073595 0.868089 0.034375 0.014435
2 3 0.008409 0.047016 0.790968 0.128002 0.025605
2 3 0.013031 0.049284 0.765846 0.153863 0.017976
2 3 0.012186 0.137601 0.675730 0.050228 0.124255
2 3 0.006243 0.062758 0.814233 0.070608 0.046159
2 3 0.004553 0.029499 0.831087 0.118073 0.016787
2 3 0.009567 0.048306 0.645330 0.238540 0.058256
2 3 0.006261 0.022283 0.521395 0.416193 0.033869
2 3 0.006718 0.029114 0.752766 0.194552 0.016850
3 3 0.011942 0.024754 0.342684 0.582589 0.038031
2 3 0.015470 0.046025 0.672297 0.244036 0.022172
2 3 0.013673 0.033101 0.572679 0.359830 0.020717
2 3 0.014932 0.035092 0.490330 0.428508 0.031138
3 3 0.015605 0.032090 0.384322 0.529142 0.038842
3 3 0.024813 0.040993 0.409748 0.494313 0.030132
2 3 0.008074 0.021700 0.534697 0.415657 0.019871
3 3 0.011556 0.020849 0.342450 0.599385 0.025760
3 3 0.008968 0.012944 0.211429 0.742326 0.024333
3 3 0.014555 0.025736 0.288770 0.629805 0.041134
3 3 0.015228 0.023308 0.233947 0.686048 0.041469
3 3 0.009046 0.012507 0.188714 0.763790 0.025943
3 3 0.006836 0.008790 0.174894 0.791670 0.017810
3 3 0.004730 0.007097 0.215917 0.758907 0.013349
2 3 0.024920 0.059338 0.524227 0.349951 0.041564
3 3 0.006960 0.010215 0.233402 0.732646 0.016777
3 3 0.012036 0.022759 0.362989 0.574981 0.027235
3 3 0.005730 0.005916 0.100210 0.870400 0.017744
3 3 0.008265 0.013936 0.190231 0.748114 0.039454
3 3 0.012586 0.020552 0.291598 0.646690 0.028574
3 3 0.007701 0.009925 0.182879 0.780462 0.019032
3 3 0.009437 0.013214 0.232841 0.724109 0.020399
3 3 0.011069 0.014474 0.212005 0.739307 0.023145
3 3 0.015404 0.025899 0.379744 0.555500 0.023452
3 3 0.010863 0.010292 0.099264 0.851620 0.027962
3 3 0.008769 0.010166 0.151303 0.808194 0.021568
3 3 0.023236 0.037863 0.316271 0.578114 0.044516
3 3 0.017608 0.026477 0.252728 0.662714 0.040472
2 3 0.027566 0.053241 0.442133 0.435854 0.041205
2 3 0.029897 0.067446 0.451362 0.391414 0.059881
2 3 0.038212 0.091262 0.470115 0.326893 0.073518
3 3 0.023912 0.046329 0.312061 0.544860 0.072838
2 3 0.054262 0.145711 0.534463 0.194207 0.071357
2 3 0.044767 0.132474 0.482030 0.231777 0.108951
3 3 0.059389 0.071569 0.292373 0.510436 0.066233
2 3 0.031635 0.057285 0.437693 0.433074 0.040313
3 3 0.016432 0.027528 0.383226 0.548511 0.024302
2 3 0.028713 0.049202 0.446153 0.444679 0.031253
3 3 0.010657 0.016012 0.278691 0.673735 0.020905
2 3 0.026493 0.067982 0.469836 0.369002 0.066687
2 3 0.044378 0.150020 0.545871 0.169894 0.089837
2 3 0.122107 0.205090 0.441631 0.178074 0.053098
2 2 0.062830 0.339923 0.455031 0.032582 0.109634
2 2 0.024916 0.175174 0.719198 0.035078 0.045635
2 2 0.022406 0.182022 0.722925 0.026803 0.045844
2 2 0.013354 0.120790 0.814378 0.024917 0.026562
2 2 0.023322 0.129123 0.780858 0.042719 0.023977
2 2 0.012672 0.068904 0.863974 0.044447 0.010003
2 2 0.026131 0.103170 0.785119 0.068578 0.017002
2 2 0.049127 0.107128 0.778339 0.043997 0.021409
2 2 0.059987 0.344475 0.465264 0.027855 0.102418
2 2 0.005067 0.130157 0.805291 0.008390 0.051096
2 2 0.003710 0.119460 0.834115 0.003749 0.038965
2 2 0.005412 0.225216 0.658145 0.003289 0.107937
2 2 0.001695 0.067075 0.913243 0.003133 0.014854
2 2 0.004884 0.163729 0.773742 0.004082 0.053563
2 2 0.003412 0.087522 0.875752 0.007548 0.025765
2 2 0.002885 0.082637 0.880789 0.007093 0.026596
2 2 0.072171 0.291538 0.514619 0.022500 0.099171
2 2 0.021979 0.287723 0.540976 0.006173 0.143150
2 2 0.004090 0.134506 0.805844 0.005327 0.050233
2 2 0.019968 0.229811 0.672402 0.003212 0.074607
2 2 0.003652 0.159981 0.777660 0.002621 0.056086
2 2 0.005076 0.147397 0.796704 0.002321 0.048502
2 2 0.007493 0.145941 0.804344 0.002865 0.039356
2 2 0.004330 0.153135 0.790224 0.002755 0.049555
2 2 0.011719 0.169536 0.747492 0.002355 0.068898
2 2 0.009967 0.228904 0.666127 0.002165 0.092837
2 2 0.006404 0.199906 0.695011 0.003436 0.095244
2 2 0.005229 0.074942 0.899171 0.002479 0.018179
2 2 0.002286 0.128708 0.819584 0.001243 0.048179
2 2 0.002039 0.128187 0.809429 0.002353 0.057992
2 2 0.001067 0.045235 0.938285 0.001333 0.014081
2 2 0.005247 0.069160 0.904357 0.003840 0.017396
2 2 0.000711 0.046857 0.939338 0.000680 0.012414
2 2 0.001689 0.134166 0.792793 0.001804 0.069548
2 2 0.002790 0.084341 0.888059 0.001958 0.022852
2 2 0.066967 0.386604 0.409904 0.004656 0.131868
2 2 0.000916 0.070859 0.903054 0.001605 0.023565
2 2 0.001890 0.072911 0.903334 0.001362 0.020502
2 2 0.017758 0.269911 0.624962 0.004105 0.083264
2 2 0.001625 0.095687 0.867688 0.002268 0.032733
2 2 0.000900 0.051556 0.935092 0.001417 0.011034
2 2 0.001431 0.068832 0.909455 0.000889 0.019394
2 2 0.002715 0.128466 0.815123 0.003220 0.050476
2 2 0.004224 0.131852 0.814812 0.005223 0.043889
2 2 0.008686 0.238285 0.671998 0.004265 0.076766
2 2 0.002009 0.079122 0.897138 0.001349 0.020382
2 2 0.001233 0.034948 0.954312 0.002735 0.006772
2 2 0.080390 0.357824 0.445875 0.012150 0.103762
1 2 0.105368 0.456193 0.207718 0.004241 0.226479
1 2 0.121970 0.504251 0.156699 0.005273 0.211807
1 2 0.049544 0.459220 0.332574 0.007191 0.151471
2 2 0.000720 0.052074 0.935634 0.001172 0.010400
2 2 0.006646 0.124728 0.831635 0.001625 0.035365
2 2 0.004499 0.060591 0.920565 0.000388 0.013957
2 2 0.010244 0.232586 0.685892 0.002917 0.068362
2 2 0.003219 0.145689 0.799475 0.001363 0.050254
2 2 0.001667 0.048841 0.936993 0.000752 0.011747
2 2 0.008615 0.191667 0.729480 0.002992 0.067246
2 2 0.005856 0.182804 0.743096 0.003135 0.065109
2 2 0.000982 0.062800 0.914975 0.000886 0.020358
2 2 0.016084 0.196349 0.729873 0.002495 0.055198
2 2 0.000773 0.059264 0.914616 0.000784 0.024563
2 2 0.001218 0.105003 0.846390 0.001357 0.046032
2 2 0.001379 0.091732 0.867009 0.002041 0.037839
2 2 0.000713 0.042199 0.941808 0.002622 0.012658
2 2 0.000549 0.029778 0.961241 0.001238 0.007194
2 2 0.008698 0.143043 0.787655 0.008178 0.052426
2 2 0.004279 0.091173 0.873587 0.004691 0.026270
2 2 0.005628 0.141870 0.787741 0.001565 0.063195
2 2 0.002908 0.096651 0.864658 0.001057 0.034726
2 2 0.000216 0.025299 0.966147 0.000992 0.007346
2 2 0.000552 0.045323 0.935652 0.001871 0.016602
2 2 0.001478 0.067873 0.905185 0.003612 0.021853
2 2 0.008695 0.112318 0.834814 0.003554 0.040620
2 2 0.001260 0.087240 0.869908 0.002394 0.039198
2 2 0.000308 0.025910 0.967333 0.001152 0.005297
2 2 0.016872 0.315952 0.544626 0.001360 0.121190
2 2 0.001940 0.086261 0.888189 0.001941 0.021670
2 2 0.014647 0.224740 0.654709 0.002510 0.103393
2 2 0.006343 0.141475 0.801538 0.001120 0.049525
2 2 0.000648 0.051919 0.930245 0.001526 0.015662
2 2 0.004023 0.086514 0.880562 0.002357 0.026544
2 2 0.011382 0.172153 0.741978 0.000839 0.073648
2 2 0.000386 0.030417 0.960933 0.000431 0.007832
2 2 0.003202 0.104523 0.864331 0.000716 0.027228
2 2 0.000550 0.025839 0.968324 0.000799 0.004488
2 2 0.005791 0.101598 0.862703 0.003235 0.026673
2 2 0.001411 0.043772 0.940502 0.002220 0.012096
2 2 0.001455 0.095271 0.865907 0.002078 0.035289
2 2 0.000586 0.056704 0.920814 0.001325 0.020570
2 2 0.000369 0.034984 0.952421 0.001354 0.010873
2 2 0.000424 0.022641 0.969435 0.002614 0.004885
2 2 0.002096 0.103833 0.837728 0.004211 0.052132
2 3 0.001372 0.086459 0.877924 0.002293 0.031952
2 3 0.003142 0.059796 0.899823 0.016199 0.021040
2 3 0.007000 0.157405 0.751383 0.010916 0.073296
2 3 0.002833 0.045791 0.917539 0.019486 0.014352
2 3 0.012476 0.135547 0.793814 0.021694 0.036469
2 3 0.002314 0.081452 0.875960 0.006617 0.033657
2 3 0.001785 0.047578 0.933030 0.006755 0.010852
2 3 0.005099 0.080594 0.850917 0.024344 0.039046
2 3 0.008033 0.053875 0.791717 0.111747 0.034628
2 3 0.009224 0.066985 0.828046 0.068533 0.027212
2 3 0.011431 0.042898 0.685808 0.231977 0.027886
2 3 0.011217 0.043108 0.750549 0.176082 0.019044
2 3 0.012722 0.031750 0.587982 0.348142 0.019404
2 3 0.006733 0.017141 0.590319 0.374825 0.010982
2 3 0.015212 0.059703 0.651194 0.228468 0.045423
2 3 0.010641 0.043461 0.712523 0.206191 0.027184
3 3 0.014309 0.026044 0.427057 0.511400 0.021190
3 3 0.018463 0.032446 0.426405 0.497925 0.024761
2 3 0.016419 0.036875 0.591193 0.337145 0.018368
3 3 0.023567 0.041159 0.443422 0.463848 0.028004
3 3 0.015735 0.025781 0.364671 0.569629 0.024183
2 3 0.019031 0.038467 0.516256 0.402853 0.023393
3 3 0.013188 0.021287 0.339276 0.603932 0.022317
3 3 0.013938 0.025675 0.432984 0.506701 0.020702
3 3 0.010556 0.014258 0.223670 0.729371 0.022145
3 3 0.012358 0.022284 0.406387 0.539133 0.019837
3 3 0.019347 0.027738 0.300183 0.623141 0.029591
3 3 0.018251 0.026867 0.310920 0.615766 0.028196
3 3 0.039690 0.061429 0.401299 0.457853 0.039729
3 3 0.024223 0.030871 0.252891 0.656118 0.035897
2 3 0.068837 0.129839 0.534694 0.226846 0.039784
2 3 0.033998 0.075644 0.572806 0.283394 0.034157
3 3 0.044619 0.069955 0.416567 0.427481 0.041377
3 3 0.029399 0.043659 0.353923 0.537355 0.035664
3 3 0.030516 0.048299 0.369497 0.511893 0.039794
2 3 0.022977 0.045925 0.536045 0.370805 0.024248
2 3 0.032043 0.057464 0.485068 0.393990 0.031435
3 3 0.030242 0.045504 0.364281 0.524183 0.035790
3 3 0.011759 0.014005 0.176866 0.772236 0.025133
2 3 0.024453 0.043335 0.456601 0.447493 0.028118
3 3 0.015162 0.018605 0.204276 0.733455 0.028503
3 3 0.020158 0.030130 0.328120 0.592223 0.029369
3 3 0.012437 0.017304 0.249876 0.696559 0.023824
3 3 0.025232 0.036986 0.334177 0.570223 0.033383
3 3 0.014271 0.019297 0.245580 0.694745 0.026107
3 3 0.017145 0.024778 0.295175 0.635272 0.027630
3 3 0.010629 0.016434 0.294616 0.657823 0.020497
3 3 0.051989 0.074439 0.368216 0.457410 0.047946
3 3 0.030630 0.050221 0.421211 0.464423 0.033514
3 3 0.022969 0.038606 0.414959 0.494859 0.028607
3 3 0.006553 0.007810 0.145727 0.821886 0.018024
3 3 0.015723 0.022809 0.290434 0.644704 0.026330
3 3 0.017706 0.025557 0.297049 0.631565 0.028123
2 3 0.026124 0.049657 0.510669 0.386488 0.027061
2 3 0.031277 0.052990 0.444763 0.438119 0.032851
3 3 0.013717 0.019138 0.258645 0.683419 0.025081
3 3 0.023292 0.034198 0.328899 0.581589 0.032023
3 3 0.047968 0.074592 0.415203 0.419213 0.043024
3 3 0.021997 0.027135 0.230499 0.685593 0.034777
3 3 0.024293 0.034162 0.306587 0.601232 0.033726
3 3 0.049915 0.065567 0.275206 0.545309 0.064004
3 3 0.037072 0.052377 0.339896 0.529193 0.041463
3 3 0.023038 0.033078 0.314686 0.596846 0.032353
3 3 0.020437 0.028863 0.295851 0.624093 0.030756
3 3 0.022231 0.032089 0.315020 0.599009 0.031651
3 3 0.024334 0.029433 0.227688 0.681425 0.037120
3 3 0.034564 0.054736 0.406940 0.467212 0.036548
3 3 0.030328 0.047578 0.391298 0.496149 0.034647
3 3 0.012984 0.016221 0.202279 0.742601 0.025914
3 3 0.018497 0.020291 0.170676 0.756829 0.033707
2 3 0.069773 0.110688 0.439434 0.331092 0.049014
3 3 0.017365 0.019367 0.155753 0.769899 0.037617
3 3 0.025058 0.041019 0.404387 0.499025 0.030511
3 3 0.060370 0.082286 0.310168 0.481541 0.065635
3 3 0.020728 0.033520 0.380372 0.537305 0.028076
3 3 0.030207 0.047091 0.386899 0.501042 0.034762
3 3 0.009140 0.009148 0.109982 0.848153 0.023577
3 3 0.035612 0.058313 0.431005 0.439109 0.035961
3 3 0.018663 0.033023 0.432146 0.491424 0.024745
3 3 0.030052 0.046775 0.326009 0.549808 0.047356
2 3 0.023488 0.042066 0.460630 0.446493 0.027323
3 3 0.037460 0.049831 0.303586 0.565055 0.044067
3 3 0.026141 0.041054 0.380461 0.520120 0.032223
3 3 0.026802 0.046391 0.360418 0.519952 0.046435
3 3 0.008774 0.012145 0.222155 0.737206 0.019720
3 3 0.011415 0.015778 0.240304 0.709684 0.022820
3 3 0.027080 0.041498 0.367437 0.530554 0.033430
3 3 0.039878 0.057875 0.350691 0.507172 0.044384
3 3 0.054590 0.072119 0.322283 0.498353 0.052655
3 3 0.024703 0.036056 0.329917 0.576192 0.033132
3 3 0.011989 0.013535 0.158267 0.790126 0.026083
3 3 0.015506 0.017136 0.164094 0.772815 0.030448
3 3 0.026183 0.034373 0.273713 0.629037 0.036694
3 3 0.023564 0.029991 0.250348 0.660689 0.035408
3 3 0.016858 0.024369 0.293979 0.637412 0.027381
3 3 0.030096 0.047067 0.350970 0.529836 0.042032
3 3 0.024216 0.033105 0.290282 0.618077 0.034320
3 3 0.025957 0.055947 0.384793 0.466141 0.067162
2 3 0.033832 0.238612 0.495906 0.035402 0.196248
2 3 0.020421 0.068744 0.631269 0.235423 0.044144
1 2 0.051150 0.457814 0.279877 0.010335 0.200824
2 2 0.017829 0.319905 0.500630 0.008305 0.153331
1 2 0.022909 0.396956 0.357703 0.006314 0.216118
2 2 0.053472 0.335998 0.390397 0.003530 0.216604
1 2 0.023199 0.412491 0.302220 0.002075 0.260015
4 2 0.004144 0.361969 0.142810 0.000410 0.490667
2 2 0.011169 0.295441 0.361184 0.000568 0.331637
4 2 0.002768 0.290579 0.199159 0.000604 0.506891
4 2 0.001646 0.244394 0.133082 0.000297 0.620581
4 2 0.027828 0.349685 0.076122 0.000182 0.546184
4 2 0.006115 0.265471 0.111278 0.000291 0.616845
4 2 0.002141 0.206713 0.152612 0.000532 0.638002
4 2 0.006900 0.223012 0.108957 0.000458 0.660672
4 2 0.015049 0.104467 0.075016 0.000711 0.804757
4 4 0.007565 0.060097 0.070193 0.000930 0.861215
4 4 0.002064 0.015373 0.044311 0.000390 0.937863
4 4 0.007075 0.114723 0.071332 0.000144 0.806726
4 4 0.001833 0.182184 0.149253 0.000457 0.666273
4 4 0.004610 0.140009 0.099751 0.000183 0.755447
4 4 0.002573 0.179197 0.119384 0.000268 0.698578
4 4 0.005262 0.242963 0.137816 0.000485 0.613474
4 4 0.003315 0.076708 0.094651 0.000604 0.824722
4 4 0.008825 0.245369 0.107292 0.000294 0.638221
4 4 0.003601 0.112326 0.089348 0.000183 0.794542
4 4 0.004784 0.007776 0.022636 0.000393 0.964411
4 4 0.002956 0.063570 0.076467 0.000274 0.856733
4 4 0.003968 0.088119 0.090979 0.000450 0.816485
4 4 0.002995 0.207262 0.070038 0.000035 0.719670
4 4 0.003512 0.143407 0.084806 0.000095 0.768179
4 4 0.007989 0.393500 0.127837 0.000336 0.470338
4 4 0.001743 0.111612 0.066717 0.000061 0.819867
4 4 0.020677 0.216608 0.034144 0.000018 0.728553
4 4 0.001960 0.203074 0.085706 0.000065 0.709195
4 4 0.002615 0.149020 0.075022 0.000063 0.773280
4 4 0.005031 0.191442 0.068302 0.000052 0.735173
4 4 0.010582 0.189671 0.037604 0.000020 0.762124
4 4 0.004847 0.316121 0.082823 0.000079 0.596130
4 4 0.002932 0.223987 0.066028 0.000054 0.706999
4 4 0.013609 0.261204 0.052320 0.000028 0.672840
4 4 0.008673 0.248932 0.055224 0.000034 0.687137
4 4 0.033024 0.303961 0.082645 0.000161 0.580209
4 4 0.007031 0.285261 0.063818 0.000040 0.643849
4 4 0.013158 0.267965 0.043563 0.000022 0.675291
4 4 0.002266 0.158520 0.069745 0.000056 0.769413
4 1 0.028973 0.401788 0.067991 0.000222 0.501025
4 1 0.003214 0.276357 0.127366 0.000169 0.592893
4 1 0.007319 0.252784 0.046643 0.000021 0.693232
4 1 0.019341 0.365928 0.045883 0.000059 0.568791
4 1 0.002884 0.165526 0.089013 0.000101 0.742476
4 2 0.003498 0.305254 0.099438 0.000135 0.591675
4 2 0.007535 0.214380 0.098428 0.000075 0.679581
4 2 0.010254 0.266049 0.095962 0.000064 0.627671
4 2 0.008847 0.281161 0.206221 0.000133 0.503638
2 2 0.010531 0.257457 0.390400 0.000368 0.341245
2 2 0.002502 0.226767 0.483275 0.000165 0.287291
4 2 0.025055 0.381956 0.149338 0.000198 0.443454
4 2 0.005814 0.248272 0.209489 0.000067 0.536359
2 2 0.011407 0.166504 0.766210 0.001503 0.054377
2 2 0.024420 0.138261 0.801157 0.001722 0.034439
2 2 0.103429 0.356303 0.425673 0.007887 0.106707
2 2 0.025678 0.255480 0.622832 0.002536 0.093475
2 2 0.032736 0.234072 0.642560 0.000751 0.089881
2 2 0.025431 0.219350 0.659036 0.002124 0.094060
2 2 0.031873 0.218065 0.680739 0.001358 0.067965
1 2 0.182805 0.496482 0.092627 0.005500 0.222586
1 2 0.309565 0.328908 0.185483 0.014593 0.161451
1 2 0.079305 0.566687 0.180526 0.005436 0.168046
1 2 0.088789 0.549451 0.190540 0.006305 0.164915
1 2 0.064519 0.452185 0.314130 0.004633 0.164533
1 1 0.170497 0.349845 0.337527 0.015695 0.126437
1 1 0.194222 0.493817 0.070406 0.001967 0.239588
1 2 0.125481 0.551911 0.104158 0.003018 0.215432
2 2 0.076164 0.351960 0.413794 0.002700 0.155382
1 2 0.188463 0.497685 0.073131 0.002505 0.238216
1 2 0.159656 0.519123 0.088466 0.004628 0.228127
1 2 0.237078 0.449512 0.086703 0.007126 0.219582
1 2 0.153161 0.515050 0.131859 0.003874 0.196056
2 2 0.037724 0.291848 0.602030 0.002431 0.065968
1 2 0.061850 0.451056 0.341739 0.002262 0.143092
2 2 0.010074 0.131937 0.822952 0.000581 0.034457
2 2 0.008579 0.182966 0.761045 0.001053 0.046356
1 2 0.102867 0.431651 0.289265 0.001945 0.174272
2 2 0.018448 0.160226 0.764522 0.000480 0.056323
2 2 0.023413 0.252658 0.649645 0.001861 0.072423
2 2 0.043306 0.148942 0.757479 0.000952 0.049321
1 2 0.065006 0.398873 0.392906 0.002915 0.140300
1 2 0.155528 0.427863 0.208898 0.001963 0.205748
2 2 0.025086 0.231107 0.670168 0.004590 0.069049
2 2 0.035881 0.306282 0.558617 0.001516 0.097705
2 2 0.023998 0.233251 0.652086 0.000802 0.089863
2 2 0.035620 0.396024 0.415755 0.002394 0.150208
2 2 0.008752 0.092494 0.873638 0.000510 0.024605
1 1 0.094973 0.498073 0.253495 0.013183 0.140276
1 2 0.069195 0.447734 0.364597 0.009242 0.109232
1 1 0.146468 0.376053 0.343317 0.012538 0.121624
1 1 0.296870 0.407537 0.081736 0.003758 0.210099
1 1 0.076895 0.513688 0.266576 0.008751 0.134090
2 2 0.043434 0.421648 0.433955 0.007715 0.093248
2 2 0.043770 0.399705 0.454280 0.009578 0.092667
2 2 0.022607 0.212369 0.718860 0.005290 0.040874
2 2 0.005173 0.046146 0.940990 0.001804 0.005886
1 2 0.110476 0.523562 0.200105 0.004430 0.161428
2 2 0.070060 0.380326 0.436793 0.003497 0.109324
2 2 0.015831 0.112720 0.845126 0.001320 0.025002
1 2 0.083557 0.413689 0.391954 0.008116 0.102683
2 2 0.005721 0.067767 0.913061 0.001037 0.012414
2 2 0.047035 0.345861 0.513124 0.004822 0.089158
2 2 0.021986 0.154536 0.788754 0.002517 0.032207
2 2 0.023139 0.101854 0.848451 0.003524 0.023033
1 2 0.053962 0.461658 0.368003 0.005978 0.110399
2 2 0.022364 0.339579 0.546535 0.004250 0.087272
2 2 0.015206 0.223390 0.702519 0.003265 0.055620
2 2 0.013388 0.232323 0.695804 0.002674 0.055810
2 2 0.013187 0.152392 0.796692 0.000849 0.036881
2 2 0.035145 0.387396 0.431261 0.002355 0.143843
2 2 0.005224 0.059020 0.924727 0.000844 0.010185
2 2 0.024453 0.274196 0.614890 0.001481 0.084980
2 2 0.016066 0.202337 0.704607 0.000448 0.076542
2 2 0.003978 0.083240 0.882654 0.000283 0.029845
2 2 0.009273 0.234080 0.683864 0.002122 0.070660
2 2 0.013741 0.208723 0.723069 0.001680 0.052788
2 2 0.003348 0.090840 0.880923 0.000512 0.024378
2 2 0.003907 0.090793 0.884192 0.001134 0.019975
2 2 0.018259 0.266212 0.637925 0.002080 0.075524
2 0 0.296513 0.197223 0.424638 0.009145 0.072481
1 1 0.054093 0.445601 0.364496 0.002641 0.133169
1 1 0.135984 0.536618 0.093729 0.007919 0.225750
2 2 0.037303 0.414666 0.448520 0.006587 0.092924
2 0 0.113787 0.262974 0.550247 0.014615 0.058377
1 0 0.180232 0.496562 0.099181 0.006313 0.217712
1 1 0.112184 0.550350 0.142603 0.004384 0.190478
2 1 0.021888 0.299050 0.592253 0.006888 0.079921
1 2 0.060788 0.456101 0.345804 0.003524 0.133783
1 2 0.092392 0.444687 0.326167 0.003550 0.133204
2 2 0.003908 0.073607 0.908196 0.001259 0.013030
1 2 0.033801 0.433756 0.396715 0.003402 0.132326
2 2 0.008463 0.091545 0.883385 0.001968 0.014638
2 2 0.038444 0.355129 0.505405 0.002742 0.098280
2 2 0.013365 0.141395 0.805406 0.001759 0.038075
2 2 0.038563 0.386954 0.478871 0.002634 0.092978
2 2 0.016681 0.264315 0.660736 0.001973 0.056294
1 0 0.256711 0.419891 0.124324 0.011487 0.187587
2 0 0.060779 0.355221 0.489519 0.009951 0.084530
1 1 0.146724 0.534815 0.076625 0.001807 0.240029
1 1 0.068743 0.540391 0.138901 0.001702 0.250263
1 1 0.065082 0.523863 0.165195 0.002092 0.243769
2 2 0.006795 0.241400 0.683560 0.002410 0.065835
2 2 0.006790 0.319040 0.507632 0.000923 0.165615
2 2 0.001313 0.110004 0.844741 0.000313 0.043630
2 2 0.006446 0.305471 0.520307 0.001489 0.166286
2 2 0.001427 0.153289 0.776625 0.000890 0.067769
2 2 0.002619 0.108465 0.859215 0.001710 0.027991
2 2 0.000468 0.066754 0.913402 0.000522 0.018854
2 2 0.009739 0.306559 0.523602 0.000908 0.159193
2 2 0.001059 0.062773 0.922054 0.001520 0.012593
1 2 0.063061 0.402433 0.381114 0.003660 0.149731
2 2 0.009747 0.202710 0.713379 0.000945 0.073219
2 2 0.001746 0.073746 0.901174 0.000630 0.022703
2 2 0.007359 0.190973 0.728999 0.001615 0.071054
2 2 0.006978 0.174303 0.745330 0.000346 0.073042
2 2 0.003773 0.169739 0.765830 0.001053 0.059605
2 2 0.004992 0.188773 0.741776 0.003074 0.061385
2 2 0.002549 0.136035 0.819135 0.001960 0.040321
2 2 0.012239 0.290952 0.575414 0.001127 0.120269
2 2 0.003086 0.111740 0.852158 0.000537 0.032479
2 2 0.004979 0.266280 0.623350 0.000957 0.104435
2 2 0.013637 0.141560 0.811690 0.003840 0.029273
2 2 0.004208 0.135144 0.822828 0.003028 0.034791
2 2 0.003760 0.131872 0.821929 0.001217 0.041222
2 2 0.002621 0.088731 0.885302 0.001765 0.021581
2 2 0.001842 0.070736 0.908141 0.000735 0.018545
2 2 0.008865 0.228798 0.687522 0.002324 0.072491
2 2 0.001463 0.042578 0.946897 0.000595 0.008466
2 2 0.000830 0.038791 0.952623 0.001348 0.006408
2 1 0.021904 0.283781 0.625836 0.001213 0.067267
2 2 0.005046 0.249284 0.657720 0.001078 0.086872
1 2 0.054876 0.456945 0.333511 0.004249 0.150418
2 2 0.014930 0.346730 0.525748 0.003271 0.109322
2 2 0.003798 0.111334 0.845674 0.000389 0.038805
2 2 0.001377 0.073755 0.905634 0.001408 0.017827
2 2 0.007427 0.167242 0.782355 0.003363 0.039613
1 2 0.109393 0.512224 0.140379 0.005652 0.232352
1 2 0.024488 0.416978 0.404461 0.003339 0.150735
2 2 0.005781 0.188468 0.748316 0.001754 0.055681
2 2 0.005386 0.121732 0.839736 0.002064 0.031083
2 2 0.013500 0.208749 0.616699 0.001441 0.159610
2 2 0.000743 0.085851 0.889325 0.000579 0.023502
2 2 0.003682 0.213264 0.697493 0.000545 0.085016
2 2 0.008423 0.155132 0.788129 0.003932 0.044384
2 2 0.001975 0.128676 0.825887 0.001309 0.042153
2 2 0.001261 0.081364 0.891682 0.000409 0.025285
2 2 0.001543 0.114554 0.843854 0.001430 0.038618
2 2 0.005635 0.190167 0.712851 0.001135 0.090212
2 2 0.002040 0.077122 0.899177 0.003427 0.018234
2 2 0.003558 0.188261 0.713166 0.002643 0.092372
2 2 0.002800 0.135462 0.808236 0.002881 0.050622
2 2 0.006672 0.227035 0.673094 0.003785 0.089415
2 2 0.002207 0.096595 0.873727 0.002318 0.025152
2 2 0.001406 0.050590 0.932895 0.003516 0.011594
2 2 0.002056 0.108753 0.857014 0.001995 0.030182
2 2 0.003097 0.108615 0.854141 0.003973 0.030174
2 2 0.004106 0.115968 0.844571 0.005104 0.030251
2 2 0.002542 0.124116 0.825439 0.002882 0.045021
2 3 0.010135 0.140255 0.817872 0.008240 0.023499
2 2 0.004320 0.103458 0.872423 0.001621 0.018178
2 2 0.003125 0.125131 0.843866 0.000976 0.026902
2 2 0.005163 0.184448 0.766568 0.002387 0.041433
2 2 0.022181 0.357612 0.518705 0.005448 0.096053
2 2 0.005452 0.151601 0.810357 0.003394 0.029195
2 2 0.007029 0.148610 0.808298 0.002608 0.033454
2 2 0.013309 0.317878 0.574075 0.003625 0.091114
2 2 0.013218 0.250104 0.662018 0.006304 0.068357
2 2 0.007670 0.173763 0.774405 0.005081 0.039080
2 2 0.004611 0.122338 0.843263 0.004373 0.025415
2 2 0.006551 0.163146 0.786308 0.004836 0.039158
2 2 0.007986 0.182255 0.747518 0.006566 0.055675
2 2 0.009075 0.142758 0.810748 0.008897 0.028521
2 2 0.023803 0.308163 0.562419 0.010269 0.095346
2 3 0.010566 0.243106 0.677064 0.004635 0.064628
2 3 0.018029 0.187417 0.724572 0.019373 0.050609
2 3 0.010626 0.136019 0.808296 0.014233 0.030826
2 3 0.024295 0.240467 0.647061 0.018524 0.069654
2 3 0.025444 0.238820 0.653779 0.018634 0.063323
2 3 0.013487 0.170024 0.762893 0.013463 0.040133
2 3 0.016120 0.158342 0.759817 0.023230 0.042491
2 3 0.024596 0.175139 0.731479 0.029765 0.039021
2 3 0.037685 0.173894 0.691891 0.056953 0.039576
2 3 0.038737 0.355406 0.438017 0.017594 0.150246
2 3 0.019862 0.223754 0.668210 0.017466 0.070706
2 3 0.028921 0.176966 0.709472 0.040775 0.043865
2 3 0.017572 0.194710 0.695786 0.022210 0.069723
2 3 0.028101 0.169164 0.705564 0.048815 0.048355
2 3 0.028521 0.134613 0.745648 0.061627 0.029591
2 3 0.031119 0.252927 0.615237 0.024557 0.076160
2 3 0.015411 0.092541 0.838968 0.038158 0.014922
2 3 0.024249 0.223774 0.656991 0.023722 0.071265
2 3 0.034537 0.208439 0.667765 0.037394 0.051865
1 3 0.070255 0.415028 0.333350 0.022124 0.159243
1 3 0.050042 0.386787 0.358876 0.020123 0.184172
2 3 0.032553 0.178755 0.702055 0.044864 0.041773
2 3 0.045383 0.200709 0.654330 0.054402 0.045176
2 3 0.027874 0.170675 0.722990 0.039032 0.039429
2 3 0.049301 0.331803 0.490031 0.024630 0.104235
2 3 0.045740 0.307701 0.510954 0.029216 0.106388
0 0 0.442865 0.282854 0.109536 0.016248 0.148497
1 0 0.177820 0.486656 0.131778 0.008549 0.195197
1 1 0.040061 0.416243 0.350016 0.009859 0.183821
2 2 0.016578 0.187636 0.733589 0.015684 0.046512
1 2 0.124007 0.526795 0.148614 0.012172 0.188412
2 2 0.006374 0.195039 0.745095 0.003358 0.050133
2 2 0.005828 0.082693 0.890817 0.001127 0.019535
2 2 0.012836 0.221659 0.691793 0.004240 0.069472
2 2 0.003321 0.129073 0.825226 0.003391 0.038988
1 2 0.026247 0.464278 0.231124 0.003754 0.274597
4 2 0.018380 0.389379 0.116367 0.000570 0.475304
4 4 0.016058 0.363961 0.139044 0.000678 0.480259
1 4 0.021948 0.455894 0.150258 0.002295 0.369605
1 4 0.027081 0.442690 0.176373 0.003700 0.350156
4 4 0.040242 0.377606 0.114623 0.001294 0.466235
1 4 0.124600 0.442949 0.072389 0.001126 0.358937
1 4 0.032799 0.481126 0.145698 0.003399 0.336979
1 4 0.025244 0.461937 0.154545 0.002861 0.355414
0 4 0.427186 0.272192 0.119964 0.018281 0.162376
1 4 0.040974 0.380735 0.213705 0.000964 0.363623
4 4 0.015535 0.356522 0.141751 0.000546 0.485647
4 4 0.037391 0.347620 0.085296 0.000269 0.529424
1 4 0.034750 0.470580 0.140400 0.002825 0.351445
4 4 0.016149 0.394260 0.064117 0.000139 0.525334
1 4 0.023276 0.460932 0.096510 0.000752 0.418530
4 4 0.016065 0.374152 0.052420 0.000076 0.557287
4 4 0.012508 0.302936 0.071945 0.000076 0.612535
4 4 0.028301 0.238058 0.020900 0.000010 0.712730
4 4 0.006773 0.204925 0.063258 0.000064 0.724980
4 4 0.027667 0.287199 0.032669 0.000018 0.652447
4 4 0.023425 0.359592 0.055521 0.000091 0.561371
4 4 0.017018 0.415245 0.054566 0.000119 0.513052
4 4 0.007157 0.332204 0.040487 0.000023 0.620129
4 4 0.023066 0.306604 0.039074 0.000040 0.631217
4 4 0.018133 0.369543 0.049619 0.000069 0.562636
4 4 0.023868 0.356812 0.051291 0.000080 0.567949
4 4 0.023155 0.282134 0.057849 0.000134 0.636728
4 4 0.013681 0.348332 0.048261 0.000049 0.589677
4 4 0.008473 0.095074 0.028420 0.000038 0.867995
4 4 0.023849 0.316817 0.046273 0.000071 0.612990
4 4 0.015321 0.272653 0.039308 0.000032 0.672686
4 4 0.027944 0.270550 0.053114 0.000125 0.648267
4 4 0.008459 0.030557 0.016495 0.000051 0.944438
4 4 0.014694 0.078520 0.022068 0.000026 0.884693
1 4 0.055116 0.448383 0.071582 0.000544 0.424374
4 4 0.017846 0.025676 0.018700 0.000071 0.937706
4 4 0.026419 0.047279 0.038180 0.000319 0.887803
4 4 0.025304 0.190422 0.027151 0.000025 0.757097
4 4 0.059641 0.385494 0.027848 0.000045 0.526972
1 4 0.123966 0.467864 0.078935 0.001796 0.327440
1 4 0.020634 0.459516 0.079720 0.000441 0.439690
4 4 0.079203 0.383034 0.131755 0.001809 0.404200
4 4 0.032004 0.275354 0.098154 0.001123 0.593365
4 4 0.059425 0.324568 0.053328 0.000103 0.562577
4 4 0.013098 0.346637 0.028006 0.000015 0.612245
4 4 0.034040 0.161142 0.031551 0.000067 0.773200
4 4 0.100423 0.283307 0.087247 0.000807 0.528217
4 4 0.067467 0.358346 0.057008 0.000285 0.516894
1 4 0.019929 0.530599 0.049884 0.000277 0.399312
4 4 0.013848 0.166781 0.013935 0.000003 0.805433
4 4 0.015812 0.193335 0.015824 0.000004 0.775024
4 4 0.020568 0.249330 0.011799 0.000002 0.718303
4 4 0.006740 0.336574 0.030983 0.000013 0.625691
4 4 0.016826 0.274390 0.014482 0.000003 0.694299
4 4 0.024706 0.358439 0.045846 0.000062 0.570947
1 4 0.014358 0.482751 0.033665 0.000069 0.469157
1 4 0.019055 0.473881 0.045545 0.000137 0.461382
4 4 0.006360 0.136348 0.027847 0.000017 0.829428
4 4 0.039301 0.346009 0.026692 0.000024 0.587975
4 4 0.023362 0.367411 0.022502 0.000015 0.586709
4 4 0.014107 0.308086 0.017970 0.000005 0.659832
4 4 0.035205 0.399086 0.065055 0.000218 0.500437
4 4 0.016231 0.221071 0.025890 0.000018 0.736791
4 4 0.011254 0.163532 0.028391 0.000024 0.796799
4 4 0.018829 0.429070 0.031220 0.000043 0.520837
4 4 0.013536 0.392955 0.024163 0.000017 0.569328
4 4 0.015984 0.355052 0.023847 0.000013 0.605103
4 4 0.009086 0.336509 0.025611 0.000010 0.628783
4 4 0.037353 0.388378 0.025966 0.000030 0.548272
4 4 0.019990 0.313817 0.016312 0.000005 0.649876
4 4 0.020228 0.381425 0.039283 0.000049 0.559015
4 4 0.009848 0.112970 0.021456 0.000016 0.855709
4 4 0.072300 0.272758 0.032540 0.000045 0.622357
4 4 0.023523 0.416695 0.075168 0.000285 0.484329
4 4 0.009637 0.333572 0.038203 0.000023 0.618565
1 4 0.035862 0.559777 0.065958 0.000956 0.337447
1 1 0.346386 0.346886 0.079478 0.003261 0.223989
1 1 0.058468 0.519015 0.124385 0.004891 0.293241
1 1 0.144827 0.428109 0.121633 0.004755 0.300677
4 1 0.040804 0.414894 0.077088 0.000398 0.466816
4 1 0.044087 0.416758 0.080018 0.000462 0.458676
4 1 0.047123 0.417296 0.078596 0.000464 0.456521
1 1 0.016291 0.465748 0.066684 0.000276 0.451001
4 1 0.003448 0.368720 0.061629 0.000056 0.566148
4 2 0.007240 0.329116 0.044694 0.000027 0.618922
4 2 0.016341 0.453370 0.057108 0.000176 0.473005
4 2 0.007632 0.318962 0.048527 0.000031 0.624849
4 2 0.008042 0.390955 0.049533 0.000058 0.551412
4 2 0.008340 0.277526 0.068790 0.000047 0.645298
4 2 0.026026 0.438202 0.065596 0.000263 0.469913
1 2 0.019542 0.523683 0.068722 0.000534 0.387519
4 2 0.016999 0.443315 0.087569 0.000437 0.451679
4 2 0.005242 0.412859 0.073583 0.000139 0.508177
4 2 0.005742 0.356986 0.078142 0.000104 0.559026
4 2 0.004005 0.386266 0.092002 0.000168 0.517559
4 2 0.008435 0.367835 0.057440 0.000068 0.566222
4 2 0.014583 0.385210 0.050198 0.000073 0.549936
2 2 0.007144 0.332040 0.365433 0.000890 0.294493
4 2 0.011961 0.353241 0.078369 0.000091 0.556338
4 2 0.019253 0.378462 0.115223 0.000143 0.486919
4 2 0.006003 0.339630 0.122514 0.000105 0.531747
1 2 0.009765 0.400820 0.194070 0.000136 0.395209
4 2 0.027376 0.337899 0.125190 0.000020 0.509514
2 2 0.003609 0.236396 0.658385 0.000823 0.100788
2 2 0.005414 0.292411 0.549173 0.000581 0.152421
2 2 0.091853 0.395548 0.398664 0.018856 0.095079
2 2 0.030904 0.411843 0.425850 0.006378 0.125024
2 2 0.008334 0.200151 0.739982 0.002272 0.049261
2 2 0.008601 0.180895 0.767123 0.004202 0.039179
