0 0 0.773526 0.135896 0.013692 0.000164 0.076723
0 0 0.778592 0.135149 0.011759 0.000107 0.074394
0 0 0.783599 0.134313 0.010022 0.000068 0.071998
0 0 0.790638 0.132968 0.007873 0.000034 0.068487
0 0 0.798145 0.131317 0.005808 0.000015 0.064716
0 0 0.787342 0.133813 0.005919 0.000014 0.072912
0 0 0.753859 0.139943 0.007163 0.000019 0.099016
0 0 0.606987 0.251962 0.012823 0.000015 0.128212
0 0 0.760911 0.138813 0.008704 0.000037 0.091535
0 0 0.494811 0.305474 0.019173 0.000021 0.180521
0 0 0.650057 0.248555 0.011421 0.000013 0.089954
0 0 0.682440 0.198831 0.008733 0.000011 0.109985
1 0 0.305875 0.419728 0.036123 0.000030 0.238244
0 0 0.794264 0.132197 0.006897 0.000024 0.066618
0 0 0.559152 0.233929 0.014791 0.000024 0.192104
0 0 0.773111 0.136448 0.010493 0.000072 0.079876
0 0 0.785500 0.133969 0.009408 0.000057 0.071066
0 0 0.603127 0.252300 0.013056 0.000015 0.131501
0 0 0.742070 0.141568 0.010755 0.000062 0.105545
0 0 0.792824 0.132510 0.007274 0.000028 0.067365
1 1 0.301313 0.376186 0.033806 0.000032 0.288663
0 1 0.788183 0.133614 0.006594 0.000020 0.071589
0 1 0.647384 0.216456 0.010960 0.000016 0.125185
0 1 0.406404 0.392524 0.030032 0.000031 0.171009
0 0 0.757344 0.137653 0.020979 0.000553 0.083471
0 0 0.764449 0.136996 0.017580 0.000334 0.080641
0 0 0.771035 0.136228 0.014705 0.000201 0.077831
0 0 0.789530 0.133193 0.008188 0.000038 0.069050
0 0 0.764617 0.138217 0.007403 0.000023 0.089740
0 0 0.357040 0.342101 0.028447 0.000031 0.272381
1 0 0.131166 0.511458 0.158512 0.000593 0.198271
1 1 0.027839 0.547042 0.265789 0.000418 0.158912
1 1 0.017773 0.511915 0.263801 0.000282 0.206229
1 1 0.032911 0.556044 0.255841 0.000432 0.154772
1 1 0.013589 0.503183 0.316027 0.000395 0.166806
1 1 0.007569 0.439217 0.382691 0.000540 0.169984
2 2 0.006938 0.423073 0.435052 0.000848 0.134089
2 2 0.013478 0.368278 0.371399 0.001478 0.245367
1 1 0.035296 0.602350 0.243579 0.000337 0.118439
2 2 0.008544 0.397198 0.445978 0.001368 0.146912
2 2 0.007327 0.340966 0.478145 0.002154 0.171407
2 2 0.005306 0.099208 0.852881 0.024083 0.018522
2 2 0.000665 0.018862 0.964195 0.006882 0.009395
2 2 0.005362 0.182869 0.724473 0.003836 0.083460
2 2 0.000468 0.019909 0.963228 0.010907 0.005488
2 2 0.000405 0.008925 0.976801 0.012653 0.001216
2 2 0.000461 0.017288 0.969945 0.006535 0.005770
2 2 0.000568 0.017058 0.972218 0.006258 0.003899
2 2 0.000485 0.010813 0.977619 0.009919 0.001163
2 2 0.001362 0.041832 0.928745 0.006063 0.021998
2 2 0.000090 0.003278 0.988428 0.007745 0.000459
2 2 0.001729 0.060228 0.914318 0.005382 0.018343
2 2 0.000357 0.007519 0.976042 0.014499 0.001583
2 2 0.000551 0.017935 0.972376 0.005387 0.003750
2 2 0.000156 0.005396 0.986883 0.006709 0.000856
2 2 0.000103 0.003547 0.986386 0.009353 0.000611
2 2 0.000255 0.003405 0.976678 0.019075 0.000587
2 2 0.000229 0.004175 0.942760 0.052303 0.000533
2 2 0.000202 0.005011 0.982279 0.011403 0.001106
2 2 0.000074 0.001286 0.971802 0.026613 0.000226
2 2 0.000085 0.001096 0.756925 0.241616 0.000278
2 2 0.000124 0.002731 0.958179 0.038645 0.000320
2 2 0.000057 0.000934 0.778630 0.220164 0.000215
2 2 0.000155 0.002519 0.874423 0.122454 0.000449
2 2 0.000186 0.002225 0.729607 0.267408 0.000575
2 2 0.000035 0.000690 0.818647 0.180485 0.000143
2 2 0.000017 0.000272 0.596538 0.403086 0.000087
2 2 0.000265 0.004113 0.886814 0.108033 0.000775
2 2 0.000091 0.000973 0.741696 0.256971 0.000269
2 2 0.000422 0.002491 0.540944 0.455155 0.000988
3 3 0.000689 0.002898 0.366242 0.628653 0.001518
3 3 0.000849 0.002742 0.299842 0.694885 0.001682
3 3 0.000460 0.002405 0.438013 0.558016 0.001106
3 3 0.000081 0.000700 0.411634 0.587276 0.000308
3 3 0.000563 0.001641 0.241466 0.755177 0.001154
2 3 0.000150 0.001801 0.631355 0.366159 0.000535
3 3 0.000235 0.001049 0.283938 0.714144 0.000633
3 3 0.000313 0.000928 0.231828 0.766250 0.000681
3 3 0.000268 0.000902 0.233453 0.764739 0.000638
3 3 0.000231 0.000897 0.258290 0.739993 0.000588
3 3 0.000592 0.003430 0.386566 0.607829 0.001583
3 3 0.000634 0.001296 0.149612 0.847268 0.001189
3 3 0.000716 0.001496 0.153243 0.843202 0.001342
3 3 0.000141 0.000450 0.136736 0.862278 0.000396
3 3 0.000685 0.001225 0.086294 0.910433 0.001364
3 3 0.000450 0.001115 0.156717 0.840756 0.000962
3 3 0.000224 0.000605 0.121279 0.877323 0.000568
3 3 0.000257 0.001000 0.238763 0.759312 0.000668
3 3 0.000288 0.000685 0.094573 0.903745 0.000709
3 3 0.000606 0.001108 0.079947 0.917082 0.001258
3 3 0.002980 0.004132 0.158441 0.830563 0.003885
3 3 0.000564 0.001680 0.195990 0.800513 0.001253
3 3 0.000422 0.001912 0.452861 0.543889 0.000915
3 3 0.000704 0.002074 0.197359 0.798333 0.001529
3 3 0.002547 0.003689 0.194027 0.796491 0.003246
3 3 0.000426 0.000929 0.112263 0.885457 0.000925
3 3 0.001145 0.001657 0.066658 0.928478 0.002062
3 3 0.001550 0.002190 0.093416 0.900376 0.002468
3 3 0.001463 0.002103 0.093079 0.900987 0.002367
3 3 0.000318 0.000769 0.119216 0.878957 0.000739
3 3 0.000804 0.001400 0.096550 0.899734 0.001513
3 3 0.000990 0.001571 0.083710 0.911931 0.001798
3 3 0.000257 0.000561 0.051996 0.946482 0.000704
3 3 0.001417 0.002057 0.093194 0.901022 0.002311
3 3 0.000621 0.001095 0.069421 0.927558 0.001305
3 3 0.001320 0.001897 0.079757 0.914788 0.002239
3 3 0.001337 0.001804 0.059686 0.934828 0.002345
3 3 0.001227 0.001772 0.073211 0.921646 0.002144
3 3 0.001028 0.001606 0.082195 0.913318 0.001854
3 3 0.001073 0.001482 0.048294 0.947107 0.002043
3 3 0.001442 0.001839 0.050913 0.943279 0.002527
3 3 0.000213 0.000510 0.062075 0.936602 0.000599
3 3 0.002360 0.003043 0.112901 0.878416 0.003279
3 3 0.000811 0.001242 0.052340 0.943960 0.001646
3 3 0.001531 0.002054 0.071080 0.922798 0.002536
3 3 0.001862 0.002583 0.112970 0.879832 0.002753
3 3 0.001212 0.001540 0.038685 0.956269 0.002294
3 3 0.000626 0.001079 0.062859 0.934107 0.001329
3 3 0.002033 0.002299 0.047575 0.944811 0.003283
3 3 0.000502 0.000936 0.066056 0.931383 0.001122
3 3 0.000323 0.000757 0.104773 0.893386 0.000761
3 3 0.001486 0.001948 0.060836 0.933202 0.002528
3 3 0.000345 0.000732 0.070920 0.927162 0.000842
3 3 0.001077 0.001694 0.091115 0.904223 0.001892
3 3 0.000218 0.000571 0.099245 0.899392 0.000574
3 3 0.001846 0.002597 0.119554 0.873291 0.002712
3 3 0.009003 0.012518 0.397815 0.572739 0.007925
2 3 0.007821 0.031693 0.562773 0.386342 0.011371
2 2 0.002680 0.031252 0.839550 0.121208 0.005310
2 2 0.000246 0.002577 0.811122 0.185456 0.000600
2 2 0.001039 0.016599 0.906842 0.072730 0.002791
2 2 0.000352 0.006851 0.912971 0.078878 0.000947
2 2 0.000225 0.003419 0.867257 0.128479 0.000620
2 2 0.000034 0.000793 0.903493 0.095553 0.000126
2 2 0.001543 0.018745 0.784923 0.191016 0.003773
2 2 0.000353 0.004587 0.897575 0.096705 0.000780
2 2 0.000047 0.001066 0.877461 0.121246 0.000180
2 2 0.000314 0.005495 0.855363 0.137876 0.000951
2 2 0.001094 0.012189 0.776322 0.207740 0.002654
2 2 0.000321 0.004163 0.876312 0.118443 0.000761
2 2 0.000546 0.005371 0.780186 0.212615 0.001281
2 2 0.000288 0.003025 0.839833 0.156198 0.000657
2 2 0.000247 0.002534 0.605286 0.391138 0.000795
2 2 0.000139 0.002191 0.775813 0.221371 0.000487
2 2 0.000295 0.003243 0.703690 0.291904 0.000868
2 2 0.000138 0.001541 0.780155 0.217782 0.000384
2 2 0.000047 0.000655 0.566314 0.432772 0.000213
2 2 0.000045 0.000963 0.905323 0.093516 0.000153
2 2 0.000066 0.000978 0.720008 0.278694 0.000253
2 3 0.000280 0.002457 0.545693 0.450706 0.000864
2 3 0.000097 0.001916 0.829724 0.167900 0.000364
2 3 0.000613 0.003385 0.516276 0.478347 0.001379
2 3 0.000633 0.003209 0.645667 0.349328 0.001162
3 3 0.000465 0.001741 0.301326 0.695418 0.001050
2 3 0.000368 0.002296 0.603100 0.393396 0.000840
3 3 0.000392 0.000977 0.139942 0.857813 0.000876
2 3 0.000486 0.002311 0.511074 0.485116 0.001013
3 3 0.000249 0.001122 0.234844 0.763068 0.000718
3 3 0.001227 0.003374 0.264846 0.728316 0.002237
3 3 0.000313 0.000955 0.203442 0.794566 0.000723
3 3 0.000926 0.001653 0.135972 0.859851 0.001597
3 3 0.001668 0.002571 0.162106 0.831256 0.002399
3 3 0.000870 0.001946 0.228163 0.767531 0.001490
3 3 0.000564 0.001492 0.181145 0.815610 0.001189
3 3 0.000783 0.001410 0.109605 0.886746 0.001457
3 3 0.001561 0.002476 0.146850 0.846750 0.002363
3 3 0.001955 0.002689 0.116708 0.875807 0.002840
3 3 0.001529 0.002154 0.090235 0.903625 0.002456
3 3 0.000378 0.000842 0.103508 0.894417 0.000856
3 3 0.002284 0.002865 0.093681 0.897884 0.003286
3 3 0.004450 0.004688 0.109498 0.876106 0.005257
3 3 0.001205 0.001785 0.080356 0.914563 0.002091
3 3 0.001994 0.002323 0.053327 0.939164 0.003193
3 3 0.045761 0.027169 0.245027 0.657421 0.024622
3 2 0.019039 0.017662 0.342869 0.607429 0.013000
2 2 0.047451 0.098282 0.780413 0.051180 0.022674
2 2 0.018104 0.150647 0.689827 0.089806 0.051616
2 2 0.000884 0.011547 0.933652 0.052385 0.001532
2 2 0.000295 0.003781 0.878288 0.116942 0.000694
2 2 0.000527 0.005936 0.909980 0.082572 0.000985
2 2 0.022101 0.077134 0.873514 0.015959 0.011292
2 2 0.010712 0.289116 0.606894 0.004132 0.089147
2 2 0.000219 0.005812 0.984674 0.008529 0.000766
1 0 0.295879 0.363865 0.243816 0.004943 0.091496
2 1 0.008472 0.409737 0.424099 0.000964 0.156728
2 2 0.003663 0.104551 0.865639 0.004234 0.021913
2 2 0.001509 0.029025 0.948154 0.016201 0.005111
2 2 0.000155 0.006351 0.986743 0.005860 0.000890
2 2 0.001793 0.026433 0.944276 0.024875 0.002624
2 2 0.002544 0.091874 0.872483 0.005317 0.027781
2 2 0.004751 0.081655 0.872458 0.025752 0.015385
2 2 0.000827 0.018287 0.967845 0.010536 0.002505
2 2 0.003568 0.101696 0.858087 0.012225 0.024424
2 2 0.000564 0.008514 0.975898 0.014033 0.000992
2 2 0.000184 0.005593 0.986488 0.006748 0.000987
2 2 0.000305 0.007087 0.973534 0.018290 0.000784
2 2 0.000964 0.030294 0.942986 0.021649 0.004106
2 2 0.000140 0.003741 0.988067 0.007052 0.000999
2 2 0.001058 0.043930 0.939359 0.003610 0.012043
2 2 0.005620 0.055134 0.910906 0.012392 0.015947
2 2 0.009100 0.211899 0.694323 0.011912 0.072767
2 2 0.002131 0.053647 0.925648 0.007413 0.011160
2 2 0.006214 0.180571 0.730157 0.007249 0.075809
2 2 0.010047 0.277978 0.557241 0.005677 0.149056
2 2 0.012894 0.378247 0.487300 0.003464 0.118095
2 2 0.008442 0.346732 0.442350 0.001839 0.200636
2 2 0.008529 0.285265 0.538941 0.003737 0.163528
2 2 0.004844 0.144752 0.777295 0.007264 0.065846
2 2 0.009549 0.336815 0.480373 0.003068 0.170196
2 2 0.002159 0.050105 0.921594 0.015190 0.010952
4 4 0.006106 0.306553 0.317040 0.000584 0.369717
4 4 0.003853 0.284153 0.310723 0.000400 0.400871
2 4 0.004776 0.295203 0.356224 0.000714 0.343083
4 4 0.003911 0.259098 0.343187 0.000726 0.393078
4 4 0.005215 0.297336 0.316218 0.000527 0.380705
4 4 0.004450 0.269826 0.316273 0.000577 0.408874
2 4 0.006046 0.299822 0.348882 0.000416 0.344833
4 4 0.005400 0.261005 0.273274 0.000497 0.459824
4 4 0.004203 0.265789 0.269495 0.000339 0.460173
4 4 0.004112 0.270856 0.296020 0.000422 0.428590
4 4 0.007330 0.082256 0.185657 0.001329 0.723428
4 4 0.007138 0.244373 0.274299 0.000530 0.473660
4 4 0.003244 0.273774 0.267069 0.000226 0.455686
2 4 0.005117 0.298749 0.350069 0.000707 0.345358
4 4 0.006329 0.288926 0.243119 0.000309 0.461317
4 4 0.004498 0.297527 0.299419 0.000373 0.398183
4 4 0.005236 0.296074 0.292392 0.000417 0.405881
4 4 0.004727 0.253572 0.243462 0.000322 0.497917
4 4 0.005307 0.184464 0.143360 0.000177 0.666691
4 4 0.005899 0.275943 0.327790 0.000839 0.389529
2 4 0.006088 0.333504 0.465686 0.001676 0.193046
1 2 0.009731 0.350646 0.294169 0.000270 0.345184
4 2 0.003956 0.275351 0.353321 0.000681 0.366691
2 2 0.002664 0.070560 0.865090 0.003850 0.057837
4 2 0.009627 0.328942 0.263841 0.000450 0.397140
2 2 0.002421 0.142790 0.645177 0.001434 0.208177
2 2 0.001260 0.089159 0.795881 0.001079 0.112621
2 2 0.000406 0.019882 0.943516 0.000548 0.035648
2 2 0.001837 0.064828 0.850594 0.002825 0.079916
2 2 0.000905 0.056044 0.891547 0.001911 0.049594
2 2 0.000488 0.016601 0.975509 0.001927 0.005475
2 2 0.001398 0.070772 0.870788 0.001543 0.055500
2 2 0.006601 0.025098 0.952646 0.011463 0.004192
2 2 0.008655 0.210884 0.732562 0.006840 0.041059
2 2 0.005783 0.114911 0.845216 0.003695 0.030395
2 2 0.001962 0.051466 0.923737 0.004994 0.017841
2 2 0.001057 0.034755 0.953274 0.003533 0.007380
2 2 0.000817 0.023100 0.964654 0.005611 0.005819
2 2 0.005452 0.027749 0.947156 0.013504 0.006139
2 2 0.001915 0.065357 0.913589 0.005223 0.013916
2 2 0.000462 0.016007 0.976353 0.001849 0.005330
2 2 0.000428 0.012385 0.981589 0.001815 0.003782
2 2 0.006416 0.194885 0.702209 0.005371 0.091120
2 2 0.001444 0.012180 0.978623 0.006083 0.001669
2 2 0.001589 0.059258 0.902459 0.003818 0.032877
2 2 0.000926 0.027151 0.957337 0.007736 0.006850
2 2 0.000774 0.014999 0.972766 0.008729 0.002732
2 2 0.002012 0.072342 0.885927 0.004588 0.035131
2 2 0.000934 0.017632 0.972505 0.004055 0.004873
2 2 0.060276 0.095219 0.814021 0.012115 0.018369
1 0 0.056937 0.529118 0.331394 0.001305 0.081246
1 1 0.014069 0.507329 0.368133 0.000698 0.109772
1 0 0.143243 0.436266 0.342841 0.002693 0.074957
1 0 0.134400 0.569587 0.192006 0.000913 0.103095
1 1 0.022291 0.558484 0.314220 0.000555 0.104450
1 1 0.067496 0.632874 0.224272 0.000524 0.074834
2 2 0.010353 0.393203 0.447609 0.001774 0.147061
2 2 0.010767 0.397445 0.443233 0.001745 0.146810
2 2 0.001439 0.027904 0.947158 0.016723 0.006777
2 2 0.002085 0.089519 0.886819 0.003015 0.018561
2 2 0.000353 0.007769 0.980362 0.010437 0.001079
2 2 0.001409 0.032787 0.935298 0.025880 0.004626
2 2 0.000678 0.013262 0.973893 0.009116 0.003050
2 2 0.000407 0.007558 0.966396 0.024608 0.001031
2 2 0.001593 0.041315 0.927479 0.021532 0.008080
2 2 0.000402 0.010857 0.980836 0.005673 0.002232
2 2 0.000201 0.008526 0.964557 0.025662 0.001054
2 2 0.000090 0.005213 0.987254 0.006143 0.001301
2 2 0.000308 0.004127 0.958332 0.036715 0.000517
2 2 0.017488 0.175238 0.775777 0.004024 0.027473
2 2 0.000638 0.009720 0.950844 0.037586 0.001212
2 2 0.000225 0.006111 0.944681 0.048321 0.000662
2 2 0.000134 0.006463 0.983704 0.008649 0.001050
2 2 0.000129 0.003123 0.980016 0.016231 0.000500
2 2 0.000689 0.018079 0.957449 0.020766 0.003016
2 2 0.000033 0.001422 0.978557 0.019858 0.000130
2 2 0.000203 0.005607 0.975899 0.017312 0.000979
2 2 0.000222 0.004730 0.972755 0.021791 0.000502
2 2 0.000592 0.015071 0.952829 0.029948 0.001559
2 2 0.002637 0.039469 0.905994 0.044234 0.007667
2 2 0.000365 0.010445 0.973042 0.014673 0.001475
2 2 0.000720 0.007695 0.957557 0.033065 0.000962
2 2 0.000393 0.008252 0.949915 0.040543 0.000897
2 2 0.002356 0.016338 0.935247 0.043383 0.002675
2 2 0.000159 0.001964 0.863310 0.134171 0.000396
2 2 0.000241 0.004086 0.894985 0.100034 0.000654
2 2 0.001563 0.016429 0.904304 0.075154 0.002550
2 2 0.000295 0.005392 0.939660 0.053969 0.000684
2 2 0.000150 0.003511 0.893744 0.102076 0.000519
2 2 0.000078 0.001935 0.945847 0.051905 0.000235
2 2 0.000135 0.001675 0.854722 0.143120 0.000348
2 2 0.000117 0.001664 0.806024 0.191827 0.000368
2 2 0.000135 0.001670 0.793434 0.204368 0.000393
2 2 0.000122 0.001290 0.789400 0.208863 0.000325
2 2 0.000346 0.002139 0.516983 0.479665 0.000867
2 2 0.000338 0.004605 0.809837 0.184264 0.000957
2 2 0.000450 0.003158 0.774305 0.221218 0.000870
2 2 0.000116 0.001614 0.745825 0.252048 0.000397
3 2 0.002503 0.008789 0.416148 0.568284 0.004276
2 2 0.000686 0.003719 0.551227 0.442911 0.001457
2 2 0.000357 0.002414 0.500788 0.495479 0.000962
2 2 0.000768 0.007221 0.615906 0.373961 0.002144
3 2 0.001202 0.002712 0.243018 0.751080 0.001989
3 3 0.000763 0.001998 0.245650 0.750165 0.001424
3 3 0.001004 0.001699 0.117766 0.877800 0.001732
3 3 0.003101 0.003630 0.106123 0.883100 0.004047
3 3 0.000690 0.001344 0.133230 0.863447 0.001289
3 3 0.005427 0.005763 0.155434 0.827612 0.005764
3 3 0.002778 0.003192 0.081976 0.908189 0.003865
3 3 0.002485 0.003079 0.100250 0.890721 0.003465
3 3 0.002198 0.002793 0.094235 0.897581 0.003192
3 3 0.004038 0.004346 0.104972 0.881721 0.004923
3 3 0.000803 0.001350 0.080896 0.915404 0.001548
3 3 0.002034 0.002519 0.073909 0.918427 0.003112
3 3 0.002615 0.003138 0.092557 0.898053 0.003637
3 3 0.000988 0.001775 0.155220 0.840376 0.001641
3 3 0.001341 0.002003 0.098495 0.895959 0.002202
3 3 0.001589 0.002186 0.085220 0.908460 0.002545
3 3 0.002023 0.002718 0.109262 0.883056 0.002941
3 3 0.001653 0.002362 0.108795 0.884655 0.002535
3 3 0.001181 0.001715 0.071039 0.923972 0.002093
3 3 0.002227 0.002790 0.089627 0.902112 0.003244
3 3 0.001611 0.001986 0.050966 0.942695 0.002742
3 3 0.002783 0.002971 0.057417 0.932781 0.004048
3 3 0.001843 0.002338 0.071574 0.921339 0.002906
3 3 0.001678 0.001993 0.045324 0.948139 0.002865
3 3 0.001328 0.001864 0.071598 0.922929 0.002281
3 3 0.000935 0.001195 0.027158 0.968743 0.001969
3 3 0.001823 0.002068 0.041028 0.951999 0.003082
3 3 0.001647 0.001939 0.042212 0.951354 0.002849
3 3 0.001246 0.001493 0.030499 0.964359 0.002404
3 3 0.002858 0.002966 0.052138 0.937863 0.004176
3 3 0.002817 0.003086 0.066315 0.923770 0.004012
3 3 0.005400 0.005017 0.079179 0.904068 0.006336
3 3 0.002251 0.002434 0.044516 0.947231 0.003568
3 3 0.004801 0.004480 0.067729 0.917061 0.005928
3 3 0.000343 0.000653 0.041441 0.956669 0.000895
3 3 0.002690 0.002814 0.049500 0.940977 0.004019
3 3 0.004276 0.004171 0.070603 0.915535 0.005415
3 3 0.001699 0.001945 0.038605 0.954805 0.002946
3 3 0.001062 0.001406 0.038747 0.956703 0.002081
3 3 0.004093 0.003981 0.065228 0.921402 0.005296
3 3 0.000983 0.001325 0.037740 0.957983 0.001970
3 3 0.002685 0.002820 0.050309 0.940180 0.004005
3 3 0.001496 0.001891 0.051517 0.942504 0.002593
3 3 0.001997 0.002154 0.036873 0.955640 0.003337
3 3 0.000478 0.000761 0.028891 0.968679 0.001191
3 3 0.000913 0.001185 0.028273 0.967702 0.001927
3 1 0.165786 0.069760 0.292277 0.413630 0.058547
1 1 0.143753 0.418044 0.349141 0.011102 0.077961
2 2 0.016610 0.228637 0.652177 0.013079 0.089498
2 2 0.007537 0.081942 0.844956 0.042443 0.023122
2 2 0.002825 0.045061 0.917761 0.027326 0.007027
2 2 0.014063 0.291886 0.654180 0.001992 0.037878
2 2 0.008655 0.111890 0.851197 0.011588 0.016670
2 2 0.001829 0.052101 0.913322 0.018663 0.014085
2 2 0.003263 0.109667 0.852037 0.007147 0.027886
2 2 0.004294 0.038251 0.880944 0.070658 0.005853
2 2 0.001025 0.021676 0.966035 0.006255 0.005008
2 2 0.000539 0.017857 0.967228 0.009475 0.004901
2 2 0.005282 0.168647 0.773430 0.008461 0.044179
2 2 0.002128 0.029298 0.938651 0.025830 0.004092
2 2 0.000993 0.028456 0.955195 0.009772 0.005583
2 2 0.011108 0.259306 0.677054 0.004604 0.047927
2 2 0.001017 0.045852 0.931218 0.002943 0.018970
2 2 0.001292 0.028282 0.942475 0.023026 0.004925
2 2 0.001061 0.038014 0.940554 0.014106 0.006264
2 2 0.000227 0.010133 0.983746 0.003296 0.002597
2 2 0.000566 0.009818 0.972900 0.014882 0.001834
2 2 0.000606 0.016110 0.973408 0.006689 0.003187
2 2 0.000597 0.017167 0.955908 0.022046 0.004283
2 2 0.000412 0.009831 0.974936 0.013225 0.001596
2 2 0.000704 0.035342 0.945315 0.003439 0.015199
2 2 0.001455 0.030769 0.950207 0.010895 0.006674
2 2 0.000118 0.003166 0.986828 0.009187 0.000701
2 2 0.000426 0.008402 0.970990 0.019246 0.000936
2 1 0.019237 0.142629 0.811171 0.003460 0.023502
2 2 0.003611 0.089084 0.881488 0.008516 0.017301
2 2 0.001314 0.026566 0.946770 0.021694 0.003655
2 2 0.004496 0.242160 0.610055 0.001541 0.141749
2 2 0.000144 0.002720 0.942885 0.053897 0.000355
2 2 0.000473 0.011559 0.968547 0.018126 0.001295
2 2 0.000421 0.004133 0.867711 0.126896 0.000839
2 2 0.000579 0.016624 0.971080 0.008653 0.003064
2 2 0.000599 0.014120 0.968335 0.015162 0.001784
2 2 0.000747 0.018071 0.954958 0.023120 0.003105
2 2 0.000446 0.006700 0.963303 0.028818 0.000733
2 2 0.000194 0.004737 0.973233 0.021416 0.000419
2 2 0.000477 0.008239 0.961938 0.028494 0.000852
2 2 0.000315 0.008142 0.971047 0.019593 0.000903
2 2 0.000343 0.005864 0.981172 0.012115 0.000505
2 2 0.000315 0.009079 0.978927 0.010108 0.001571
2 2 0.000213 0.009962 0.984128 0.004083 0.001614
2 2 0.000691 0.008465 0.927717 0.061776 0.001351
2 2 0.002184 0.059234 0.910323 0.015236 0.013023
2 2 0.000070 0.003272 0.989732 0.006412 0.000514
2 2 0.000598 0.008262 0.932822 0.057189 0.001129
2 2 0.000088 0.001789 0.925103 0.072761 0.000258
2 2 0.000132 0.002424 0.950915 0.046222 0.000307
2 2 0.000140 0.002639 0.971597 0.025350 0.000274
2 2 0.001751 0.031305 0.939883 0.022227 0.004833
2 2 0.000314 0.005025 0.978945 0.015100 0.000616
2 2 0.000359 0.006445 0.951282 0.041166 0.000748
2 1 0.090480 0.266126 0.599330 0.004842 0.039223
2 2 0.001890 0.030068 0.933006 0.029986 0.005049
2 2 0.000192 0.004533 0.945721 0.049030 0.000523
2 2 0.000149 0.003569 0.976221 0.019747 0.000315
2 2 0.000410 0.010506 0.969945 0.018138 0.001001
2 2 0.000076 0.002317 0.970765 0.026629 0.000214
2 2 0.000307 0.005604 0.913966 0.079323 0.000800
2 2 0.001084 0.016723 0.951950 0.028164 0.002079
2 2 0.000277 0.004267 0.961428 0.033531 0.000498
2 1 0.131306 0.328079 0.484524 0.003725 0.052365
2 2 0.004010 0.035987 0.937222 0.018482 0.004299
2 2 0.002285 0.022977 0.932162 0.039667 0.002909
2 2 0.000776 0.020630 0.957462 0.018617 0.002515
2 2 0.001705 0.014600 0.947742 0.034058 0.001895
2 2 0.001049 0.010651 0.937121 0.049676 0.001503
2 2 0.002638 0.029139 0.947627 0.017373 0.003223
2 2 0.001912 0.021366 0.945827 0.028223 0.002673
2 2 0.000721 0.008534 0.922855 0.066144 0.001746
2 2 0.001092 0.020731 0.937813 0.035205 0.005159
2 2 0.000744 0.009256 0.970617 0.018466 0.000918
2 2 0.001912 0.023483 0.927822 0.043212 0.003572
2 2 0.000556 0.008254 0.967922 0.022438 0.000830
2 2 0.001533 0.018901 0.922117 0.054930 0.002518
2 2 0.001032 0.011958 0.935867 0.049531 0.001611
2 2 0.000446 0.004877 0.950772 0.043230 0.000675
2 2 0.000579 0.005584 0.919191 0.073706 0.000939
2 2 0.001921 0.022732 0.950702 0.020946 0.003698
2 2 0.001733 0.025948 0.897369 0.071463 0.003487
2 2 0.000373 0.005380 0.947713 0.045839 0.000695
2 2 0.000086 0.001785 0.973407 0.024539 0.000183
2 2 0.000078 0.001703 0.953324 0.044689 0.000207
2 2 0.003329 0.028601 0.855814 0.098048 0.014208
2 4 0.026394 0.355364 0.480925 0.008747 0.128569
2 4 0.020160 0.395015 0.439413 0.003562 0.141850
2 4 0.021624 0.110978 0.444008 0.024540 0.398850
2 4 0.017616 0.344662 0.440506 0.004309 0.192907
4 4 0.022315 0.168785 0.293439 0.003175 0.512286
4 4 0.009860 0.221459 0.135079 0.000177 0.633426
4 4 0.015165 0.094869 0.052115 0.000185 0.837666
4 4 0.023073 0.160658 0.053001 0.000068 0.763200
4 4 0.109798 0.056557 0.016615 0.000256 0.816775
4 4 0.019970 0.043927 0.020286 0.000138 0.915679
4 4 0.019563 0.107177 0.041277 0.000085 0.831897
4 4 0.102486 0.053812 0.014900 0.000196 0.828606
4 4 0.011771 0.229273 0.089397 0.000055 0.669504
4 4 0.027400 0.023702 0.017911 0.000791 0.930196
4 4 0.029733 0.054167 0.021296 0.000137 0.894668
4 4 0.024356 0.032674 0.017265 0.000247 0.925458
4 4 0.011780 0.093230 0.039528 0.000063 0.855399
4 4 0.009888 0.151463 0.072576 0.000079 0.765994
4 4 0.027922 0.185949 0.053939 0.000058 0.732132
4 4 0.020185 0.202608 0.058865 0.000041 0.718302
4 4 0.015421 0.205416 0.072884 0.000055 0.706225
4 4 0.010439 0.224009 0.093391 0.000059 0.672103
4 4 0.021434 0.033622 0.020766 0.000344 0.923834
4 4 0.011872 0.216111 0.084003 0.000055 0.687959
4 4 0.041795 0.039313 0.016693 0.000243 0.901955
4 4 0.111022 0.057322 0.026142 0.000987 0.804527
4 4 0.061001 0.037270 0.015941 0.000389 0.885398
4 4 0.136952 0.066281 0.026733 0.000882 0.769153
4 4 0.073710 0.042710 0.016981 0.000393 0.866205
4 4 0.085391 0.047352 0.015551 0.000263 0.851443
4 4 0.025393 0.068101 0.027972 0.000133 0.878401
4 4 0.037302 0.026473 0.013196 0.000339 0.922690
4 4 0.188120 0.082053 0.026610 0.000678 0.702539
4 1 0.105046 0.239193 0.038921 0.000048 0.616792
4 1 0.010605 0.195827 0.064022 0.000028 0.729519
4 1 0.022435 0.178674 0.072210 0.000124 0.726557
4 1 0.007963 0.201662 0.092296 0.000056 0.698022
4 1 0.005343 0.160531 0.088279 0.000060 0.745788
4 1 0.006354 0.201335 0.133229 0.000135 0.658946
4 1 0.012358 0.247251 0.083674 0.000038 0.656679
4 1 0.006857 0.203851 0.097442 0.000054 0.691795
4 1 0.019566 0.203096 0.106108 0.000237 0.670993
4 1 0.031649 0.259462 0.058185 0.000032 0.650671
4 1 0.008592 0.205070 0.074597 0.000031 0.711710
4 1 0.014381 0.217639 0.071928 0.000041 0.696010
4 4 0.014949 0.073376 0.034685 0.000112 0.876879
4 4 0.005226 0.194018 0.108172 0.000063 0.692520
4 4 0.003988 0.196319 0.128911 0.000077 0.670705
4 4 0.008218 0.226829 0.085367 0.000033 0.679554
4 4 0.019674 0.234556 0.078643 0.000063 0.667064
4 4 0.004355 0.228881 0.191391 0.000186 0.575188
4 4 0.004542 0.200772 0.118643 0.000065 0.675978
4 4 0.006761 0.150568 0.106482 0.000169 0.736019
4 4 0.003939 0.216606 0.132818 0.000063 0.646574
4 4 0.004205 0.080029 0.090487 0.000319 0.824960
4 4 0.008806 0.063652 0.043879 0.000190 0.883472
4 4 0.049170 0.031829 0.013421 0.000287 0.905293
4 4 0.026906 0.074967 0.043427 0.000403 0.854298
4 4 0.012721 0.079414 0.041958 0.000129 0.865777
4 4 0.049700 0.032112 0.014409 0.000351 0.903428
4 4 0.034689 0.027465 0.021353 0.001159 0.915333
4 4 0.009721 0.111713 0.064022 0.000129 0.814414
4 4 0.004982 0.100435 0.063861 0.000082 0.830639
4 4 0.013507 0.070362 0.042446 0.000209 0.873476
4 4 0.055292 0.037715 0.018458 0.000253 0.888282
4 4 0.199324 0.090390 0.057474 0.003404 0.649409
4 4 0.037539 0.033791 0.045651 0.003436 0.879583
4 4 0.017003 0.102261 0.075358 0.000522 0.804857
4 4 0.078965 0.283823 0.080737 0.000196 0.556278
4 4 0.073698 0.278466 0.049474 0.000043 0.598320
4 4 0.009617 0.254123 0.100375 0.000046 0.635838
4 4 0.006635 0.272920 0.178560 0.000146 0.541739
4 4 0.006405 0.299709 0.161043 0.000078 0.532765
4 4 0.004576 0.275526 0.210035 0.000154 0.509708
4 4 0.006193 0.277319 0.182334 0.000138 0.534016
4 4 0.003853 0.297008 0.260189 0.000201 0.438749
4 4 0.004304 0.269701 0.281473 0.000384 0.444139
4 4 0.003140 0.263653 0.270248 0.000251 0.462708
4 4 0.006724 0.248061 0.153688 0.000123 0.591403
4 4 0.005935 0.213716 0.140708 0.000124 0.639517
4 4 0.004045 0.226421 0.137981 0.000064 0.631489
4 4 0.003370 0.267992 0.279076 0.000288 0.449274
4 4 0.006971 0.178695 0.155415 0.000340 0.658579
4 4 0.031860 0.026308 0.022447 0.001378 0.918008
4 4 0.014602 0.155454 0.089160 0.000216 0.740568
4 4 0.008851 0.129271 0.069791 0.000099 0.791989
4 4 0.003657 0.242774 0.178594 0.000104 0.574872
4 2 0.004713 0.283697 0.290104 0.000406 0.421080
4 2 0.004418 0.256987 0.213860 0.000191 0.524544
4 2 0.003243 0.297870 0.260419 0.000164 0.438304
4 2 0.008736 0.301562 0.129328 0.000056 0.560318
4 2 0.004479 0.277720 0.216056 0.000161 0.501583
4 2 0.007298 0.280239 0.151453 0.000091 0.560919
4 2 0.004084 0.221831 0.173638 0.000140 0.600307
4 2 0.004990 0.271386 0.295179 0.000519 0.427925
2 2 0.009585 0.157026 0.720363 0.004362 0.108664
2 2 0.003752 0.265488 0.509634 0.001322 0.219805
2 2 0.003838 0.094838 0.842755 0.005996 0.052573
2 2 0.003201 0.205157 0.683483 0.002837 0.105322
2 2 0.007390 0.311727 0.394525 0.001376 0.284981
2 2 0.005240 0.316548 0.453571 0.001474 0.223166
2 2 0.003753 0.311305 0.423452 0.000832 0.260658
2 2 0.005583 0.283306 0.523200 0.001222 0.186688
2 2 0.005339 0.221398 0.648779 0.002730 0.121755
2 2 0.002172 0.104210 0.831928 0.004356 0.057334
2 2 0.005453 0.285561 0.534086 0.000819 0.174081
2 2 0.004434 0.294938 0.532953 0.001683 0.165993
2 2 0.003989 0.112898 0.827279 0.007511 0.048323
2 2 0.003619 0.116610 0.791028 0.003103 0.085641
2 2 0.002425 0.123300 0.791624 0.003677 0.078974
2 2 0.001455 0.074083 0.880205 0.003475 0.040782
2 2 0.000943 0.087878 0.850347 0.000824 0.060009
2 2 0.003245 0.108249 0.832734 0.003938 0.051835
2 2 0.003276 0.081715 0.869628 0.007171 0.038211
2 2 0.001350 0.067421 0.884432 0.002722 0.044076
2 2 0.002065 0.063636 0.891503 0.003566 0.039230
2 2 0.000470 0.038947 0.944157 0.001674 0.014753
2 2 0.002702 0.141975 0.758165 0.001675 0.095483
2 2 0.000434 0.013055 0.977451 0.002050 0.007010
2 2 0.000243 0.008820 0.985702 0.001300 0.003935
2 2 0.002485 0.078441 0.859739 0.010972 0.048363
2 2 0.000287 0.016387 0.970865 0.001115 0.011347
2 2 0.004271 0.191529 0.686306 0.003833 0.114061
2 2 0.000857 0.034407 0.950346 0.002760 0.011630
2 2 0.000748 0.019014 0.969522 0.002521 0.008195
2 2 0.000490 0.018315 0.972575 0.002974 0.005646
2 2 0.000370 0.006992 0.982924 0.007544 0.002171
2 2 0.002432 0.084171 0.856054 0.005272 0.052071
2 2 0.000449 0.025053 0.957720 0.001463 0.015315
2 2 0.000651 0.015542 0.973526 0.007657 0.002623
2 2 0.000430 0.014376 0.978658 0.001778 0.004758
2 2 0.000793 0.016845 0.956336 0.022994 0.003032
2 2 0.000161 0.007182 0.986546 0.004717 0.001393
2 2 0.008026 0.038825 0.933089 0.010633 0.009428
1 0 0.071696 0.444215 0.387741 0.001318 0.095031
2 1 0.007856 0.347186 0.436599 0.001402 0.206958
2 1 0.005436 0.349213 0.480959 0.000842 0.163550
2 2 0.015098 0.197947 0.703338 0.003541 0.080076
1 2 0.011744 0.469685 0.337526 0.000453 0.180593
2 2 0.006498 0.279315 0.595940 0.001723 0.116523
2 2 0.004556 0.191806 0.694780 0.004244 0.104614
2 2 0.001325 0.041024 0.929571 0.011563 0.016517
2 2 0.001749 0.098274 0.837408 0.003041 0.059529
2 2 0.001204 0.040982 0.935882 0.003734 0.018199
2 2 0.000779 0.060346 0.892983 0.001243 0.044649
2 2 0.001279 0.075888 0.880050 0.003166 0.039617
2 2 0.002274 0.118425 0.805750 0.004134 0.069417
2 2 0.000966 0.034850 0.945068 0.005654 0.013461
2 2 0.000804 0.055526 0.912697 0.003698 0.027275
2 2 0.000690 0.028621 0.956179 0.003582 0.010928
2 2 0.000735 0.055578 0.910194 0.002758 0.030735
2 2 0.000184 0.006373 0.981245 0.011337 0.000861
2 2 0.001416 0.081260 0.876444 0.003480 0.037399
2 2 0.000352 0.011405 0.980227 0.006123 0.001894
2 2 0.000901 0.033568 0.948983 0.002776 0.013771
2 2 0.000442 0.015924 0.966132 0.014374 0.003128
2 2 0.000075 0.001918 0.978558 0.019271 0.000178
2 2 0.000385 0.006381 0.932037 0.060344 0.000853
2 2 0.000168 0.002988 0.954075 0.042403 0.000367
2 2 0.000149 0.004443 0.966241 0.028660 0.000507
2 2 0.000199 0.007334 0.968027 0.023466 0.000974
2 2 0.000086 0.002458 0.977289 0.019876 0.000291
2 2 0.000397 0.003748 0.850983 0.144067 0.000807
2 2 0.000028 0.000784 0.938298 0.060787 0.000102
2 2 0.000050 0.001872 0.971485 0.026428 0.000165
2 2 0.000328 0.003972 0.890473 0.104514 0.000713
2 2 0.000130 0.003806 0.953164 0.042501 0.000399
2 2 0.000086 0.001339 0.865247 0.133071 0.000258
2 2 0.000198 0.005018 0.925452 0.068414 0.000918
2 2 0.000074 0.001664 0.928470 0.069563 0.000230
2 2 0.000184 0.003421 0.909548 0.086333 0.000514
2 2 0.000385 0.005081 0.910217 0.083502 0.000815
2 2 0.000972 0.012426 0.929241 0.053287 0.004074
2 2 0.000432 0.005800 0.833613 0.159019 0.001136
2 2 0.000034 0.000979 0.893640 0.105199 0.000148
2 2 0.000038 0.000900 0.840181 0.158714 0.000167
2 3 0.000175 0.002480 0.902769 0.093855 0.000721
2 3 0.000695 0.004282 0.712500 0.281205 0.001318
2 3 0.000084 0.001553 0.858252 0.139825 0.000286
2 3 0.000351 0.004669 0.778324 0.215623 0.001033
3 3 0.000653 0.002893 0.474230 0.520802 0.001422
2 3 0.000379 0.003389 0.673639 0.321593 0.001000
2 3 0.000587 0.003133 0.604759 0.390347 0.001174
2 3 0.000181 0.002263 0.845947 0.151138 0.000470
2 3 0.000487 0.003327 0.611712 0.383326 0.001147
3 3 0.002825 0.008298 0.412839 0.571753 0.004285
3 3 0.008856 0.012385 0.232283 0.736889 0.009588
3 3 0.005347 0.014836 0.417793 0.554589 0.007435
3 3 0.010280 0.016366 0.261078 0.697920 0.014356
3 3 0.001271 0.003408 0.316810 0.676378 0.002133
3 3 0.001113 0.004972 0.481780 0.509952 0.002182
3 3 0.001733 0.006416 0.419972 0.568754 0.003126
3 3 0.005276 0.013726 0.322266 0.650880 0.007853
3 3 0.001854 0.003988 0.300452 0.691018 0.002688
3 3 0.004072 0.011123 0.380689 0.598160 0.005956
3 3 0.002572 0.003343 0.134435 0.856247 0.003403
3 3 0.004688 0.006974 0.195805 0.786707 0.005826
3 3 0.004936 0.005733 0.168691 0.815186 0.005455
3 3 0.005882 0.010294 0.294638 0.682216 0.006971
2 2 0.077478 0.087291 0.682890 0.118690 0.033651
2 2 0.028610 0.187483 0.690695 0.061880 0.031331
1 2 0.082399 0.432440 0.425243 0.003121 0.056797
2 2 0.026434 0.336579 0.495304 0.011351 0.130332
2 2 0.006305 0.061795 0.853838 0.053583 0.024479
2 2 0.001789 0.035399 0.930713 0.024321 0.007779
2 2 0.002451 0.060994 0.896159 0.018327 0.022070
2 2 0.006524 0.033372 0.921607 0.033686 0.004811
2 2 0.020466 0.351387 0.451001 0.005316 0.171831
2 2 0.034343 0.322524 0.472187 0.008679 0.162266
2 2 0.020424 0.381272 0.433935 0.003761 0.160607
2 2 0.186685 0.311986 0.408233 0.008708 0.084388
1 1 0.114616 0.451545 0.372441 0.002134 0.059264
1 1 0.020318 0.426783 0.423327 0.002615 0.126957
2 2 0.017086 0.259540 0.651332 0.010183 0.061858
2 2 0.028799 0.260373 0.614166 0.020720 0.075942
4 2 0.067965 0.399661 0.111362 0.000169 0.420843
4 2 0.064556 0.321024 0.160609 0.000911 0.452900
1 2 0.139107 0.413359 0.128457 0.000567 0.318509
0 1 0.788437 0.138321 0.006656 0.000018 0.066567
0 2 0.796437 0.131709 0.006354 0.000019 0.065481
0 2 0.575837 0.298625 0.015613 0.000016 0.109908
1 2 0.124522 0.462702 0.100023 0.000169 0.312585
4 2 0.083712 0.358159 0.166238 0.001016 0.390875
0 2 0.706500 0.203281 0.008584 0.000011 0.081624
1 2 0.344100 0.413806 0.033279 0.000029 0.208786
0 1 0.782510 0.134503 0.010385 0.000075 0.072527
0 1 0.793966 0.132263 0.006973 0.000024 0.066773
0 0 0.781788 0.134626 0.010631 0.000080 0.072875
0 0 0.803634 0.129953 0.004771 0.000008 0.061634
0 0 0.804372 0.129761 0.004627 0.000008 0.061233
0 0 0.797713 0.131413 0.006049 0.000016 0.064808
0 0 0.792359 0.132609 0.007398 0.000029 0.067605
0 0 0.792040 0.132677 0.007485 0.000030 0.067769
0 0 0.790763 0.132943 0.007838 0.000034 0.068423
0 0 0.780618 0.134822 0.011036 0.000089 0.073435
0 0 0.783354 0.134356 0.010103 0.000070 0.072118
0 0 0.773566 0.135890 0.013676 0.000164 0.076704
0 0 0.773021 0.135965 0.013894 0.000171 0.076949
0 0 0.768941 0.136489 0.015589 0.000237 0.078744
0 0 0.763990 0.137043 0.017790 0.000346 0.080831
0 0 0.776722 0.135436 0.012452 0.000126 0.075265
0 0 0.780214 0.134889 0.011178 0.000093 0.073627
0 0 0.769887 0.136373 0.015186 0.000220 0.078334
0 0 0.764310 0.137010 0.017643 0.000338 0.080699
0 0 0.780510 0.134840 0.011073 0.000090 0.073486
0 0 0.689892 0.146467 0.015572 0.000148 0.147921
0 0 0.765629 0.136870 0.017044 0.000306 0.080151
0 0 0.748229 0.140143 0.015864 0.000215 0.095548
0 0 0.589776 0.180516 0.018238 0.000100 0.211370
0 0 0.725925 0.143231 0.015558 0.000177 0.115110
0 0 0.677768 0.165522 0.012221 0.000049 0.144441
0 0 0.476978 0.321277 0.025551 0.000041 0.176153
0 0 0.411540 0.223209 0.023115 0.000066 0.342070
1 0 0.209369 0.416321 0.042294 0.000030 0.331986
1 1 0.157260 0.475109 0.050902 0.000026 0.316702
4 1 0.334275 0.297814 0.026726 0.000034 0.341151
1 1 0.225126 0.430931 0.043672 0.000033 0.300238
1 1 0.083327 0.523351 0.099273 0.000073 0.293976
1 1 0.162004 0.475345 0.056065 0.000036 0.306549
4 1 0.109104 0.401101 0.049879 0.000025 0.439890
1 1 0.153274 0.455366 0.044707 0.000019 0.346634
1 1 0.040176 0.512317 0.089840 0.000024 0.357643
4 1 0.069711 0.397500 0.072025 0.000046 0.460718
4 1 0.144775 0.351673 0.047235 0.000043 0.456274
4 1 0.197224 0.344916 0.042970 0.000049 0.414841
1 1 0.027381 0.469908 0.089172 0.000019 0.413519
1 1 0.093958 0.424439 0.057558 0.000028 0.424018
4 1 0.223662 0.337794 0.039222 0.000046 0.399276
4 1 0.035196 0.419737 0.109794 0.000066 0.435207
4 1 0.034932 0.421269 0.083565 0.000028 0.460206
4 1 0.032640 0.402327 0.077584 0.000023 0.487426
4 1 0.011431 0.349907 0.108258 0.000029 0.530374
4 2 0.005392 0.302444 0.242082 0.000223 0.449858
4 2 0.006140 0.368146 0.225227 0.000119 0.400369
4 2 0.010703 0.378171 0.185154 0.000113 0.425859
2 2 0.003453 0.266993 0.420133 0.001025 0.308396
2 2 0.002848 0.265080 0.572376 0.001625 0.158071
2 2 0.003238 0.245065 0.530660 0.000937 0.220100
2 2 0.000800 0.080684 0.844275 0.000869 0.073371
2 2 0.002729 0.071251 0.868405 0.005679 0.051936
2 2 0.002592 0.143616 0.713761 0.001336 0.138695
2 2 0.003729 0.284644 0.431194 0.000829 0.279605
2 2 0.002021 0.063463 0.904309 0.004670 0.025537
2 2 0.005068 0.197736 0.664583 0.003496 0.129118
2 2 0.002107 0.054907 0.881864 0.002808 0.058314
4 2 0.004446 0.278552 0.237584 0.000213 0.479205
2 2 0.001244 0.099919 0.807348 0.001314 0.090174
2 2 0.006471 0.256576 0.517389 0.003011 0.216553
2 2 0.002015 0.140707 0.762130 0.001439 0.093709
2 2 0.001569 0.161294 0.676311 0.000788 0.160038
2 2 0.003843 0.164803 0.741311 0.005450 0.084593
2 2 0.004018 0.285458 0.412344 0.001041 0.297139
2 2 0.005830 0.304684 0.389627 0.001104 0.298754
2 4 0.005605 0.325466 0.413657 0.001079 0.254193
4 4 0.003896 0.208647 0.238843 0.000307 0.548306
2 4 0.004031 0.302626 0.365576 0.000598 0.327169
4 4 0.004507 0.306409 0.299296 0.000344 0.389444
4 4 0.004153 0.297385 0.336461 0.000496 0.361505
2 4 0.004110 0.298877 0.350105 0.000550 0.346358
2 4 0.004337 0.305694 0.349343 0.000545 0.340081
4 4 0.003024 0.247259 0.286932 0.000349 0.462437
4 4 0.008297 0.216818 0.219296 0.000691 0.554899
4 4 0.005073 0.307108 0.306712 0.000423 0.380683
4 4 0.016370 0.144574 0.106303 0.000520 0.732232
1 1 0.034358 0.468958 0.231746 0.000279 0.264659
4 1 0.004996 0.223550 0.177078 0.000182 0.594194
4 1 0.005289 0.253041 0.190035 0.000170 0.551466
4 1 0.005338 0.236063 0.212726 0.000298 0.545576
4 4 0.005922 0.299789 0.176031 0.000094 0.518164
2 4 0.005526 0.293239 0.375585 0.001022 0.324629
4 4 0.006445 0.184076 0.168689 0.000368 0.640423
4 4 0.006299 0.173363 0.105865 0.000102 0.714372
4 4 0.007212 0.095790 0.055680 0.000094 0.841225
4 4 0.006036 0.231435 0.153901 0.000133 0.608494
4 4 0.017220 0.069757 0.053057 0.000558 0.859409
4 4 0.039724 0.027242 0.012427 0.000281 0.920325
4 4 0.015356 0.073599 0.047793 0.000304 0.862949
4 4 0.028127 0.046422 0.033110 0.000552 0.891789
4 4 0.017124 0.064512 0.046714 0.000473 0.871178
4 4 0.008948 0.243007 0.131695 0.000112 0.616238
4 4 0.008107 0.127973 0.092116 0.000215 0.771590
4 4 0.032924 0.053622 0.043614 0.001364 0.868476
4 4 0.006673 0.236039 0.135034 0.000094 0.622160
4 4 0.012883 0.091844 0.055913 0.000209 0.839151
4 4 0.012214 0.230612 0.104785 0.000092 0.652297
4 4 0.023573 0.073448 0.038923 0.000267 0.863788
4 4 0.012556 0.157760 0.070157 0.000084 0.759443
4 4 0.012307 0.089964 0.045113 0.000110 0.852506
4 4 0.013447 0.210386 0.081092 0.000061 0.695013
4 4 0.025280 0.144241 0.061091 0.000159 0.769229
4 4 0.005336 0.197186 0.107032 0.000060 0.690386
4 4 0.009235 0.172916 0.132278 0.000314 0.685257
4 4 0.012679 0.224705 0.112511 0.000129 0.649976
4 4 0.008498 0.186970 0.103733 0.000108 0.700692
4 4 0.060175 0.042206 0.029438 0.000546 0.867635
4 4 0.070314 0.041224 0.015033 0.000285 0.873144
4 4 0.137540 0.066425 0.024874 0.000708 0.770454
4 4 0.133474 0.065224 0.031667 0.001501 0.768134
4 4 0.125055 0.061931 0.017186 0.000253 0.795575
4 4 0.131430 0.064169 0.018828 0.000319 0.785253
4 4 0.048713 0.031452 0.009739 0.000111 0.909985
4 4 0.042072 0.055984 0.014135 0.000053 0.887756
4 4 0.052500 0.093506 0.018415 0.000034 0.835544
4 4 0.099759 0.053012 0.019718 0.000465 0.827045
4 4 0.171421 0.077111 0.025399 0.000631 0.725438
4 4 0.050958 0.088381 0.026569 0.000118 0.833974
4 4 0.149162 0.070187 0.024400 0.000625 0.755626
4 4 0.058547 0.067591 0.013704 0.000041 0.860118
4 4 0.018581 0.160922 0.042515 0.000027 0.777956
4 4 0.073020 0.043177 0.017383 0.000401 0.866019
4 4 0.060773 0.037087 0.013746 0.000251 0.888142
4 4 0.082250 0.046068 0.014606 0.000226 0.856849
4 4 0.109468 0.056149 0.011811 0.000092 0.822479
4 4 0.018869 0.076898 0.024756 0.000046 0.879431
4 4 0.030085 0.081145 0.027295 0.000090 0.861385
4 4 0.044765 0.029532 0.008722 0.000087 0.916894
4 4 0.187237 0.196008 0.018638 0.000018 0.598099
4 4 0.017167 0.136042 0.043153 0.000042 0.803597
4 4 0.023819 0.229778 0.054079 0.000026 0.692299
4 4 0.012457 0.187253 0.068267 0.000046 0.731976
4 4 0.010745 0.234545 0.100565 0.000067 0.654077
4 4 0.018252 0.106703 0.029243 0.000028 0.845774
4 4 0.039944 0.027996 0.013977 0.000369 0.917713
4 4 0.103260 0.054355 0.021045 0.000549 0.820792
4 4 0.185479 0.081237 0.024876 0.000559 0.707850
0 4 0.524939 0.143440 0.034566 0.001115 0.295940
4 4 0.099743 0.052826 0.015440 0.000224 0.831767
4 4 0.129014 0.062980 0.012476 0.000094 0.795435
4 4 0.142011 0.067707 0.019737 0.000344 0.770201
4 4 0.178165 0.078909 0.020065 0.000302 0.722559
4 4 0.058220 0.087102 0.018735 0.000050 0.835893
