0 0 0.491926 0.153848 0.098509 0.103589 0.152128
0 0 0.491926 0.153848 0.098509 0.103589 0.152128
0 0 0.491926 0.153848 0.098509 0.103589 0.152128
0 0 0.491926 0.153848 0.098509 0.103589 0.152128
0 0 0.491926 0.153848 0.098509 0.103589 0.152128
0 0 0.491926 0.153848 0.098509 0.103589 0.152128
0 0 0.491926 0.153848 0.098509 0.103589 0.152128
0 0 0.491926 0.153848 0.098509 0.103589 0.152128
0 0 0.491926 0.153848 0.098509 0.103589 0.152128
0 0 0.491926 0.153848 0.098509 0.103589 0.152128
0 0 0.491926 0.153848 0.098509 0.103589 0.152128
0 0 0.491926 0.153848 0.098509 0.103589 0.152128
0 0 0.491926 0.153848 0.098509 0.103589 0.152128
0 0 0.491926 0.153848 0.098509 0.103589 0.152128
0 0 0.491926 0.153848 0.098509 0.103589 0.152128
0 0 0.491926 0.153848 0.098509 0.103589 0.152128
0 0 0.491926 0.153848 0.098509 0.103589 0.152128
0 0 0.491926 0.153848 0.098509 0.103589 0.152128
0 0 0.491926 0.153848 0.098509 0.103589 0.152128
0 0 0.491926 0.153848 0.098509 0.103589 0.152128
0 0 0.491926 0.153848 0.098509 0.103589 0.152128
0 0 0.491926 0.153848 0.098509 0.103589 0.152128
0 0 0.491926 0.153848 0.098509 0.103589 0.152128
0 0 0.491926 0.153848 0.098509 0.103589 0.152128
0 0 0.491926 0.153848 0.098509 0.103589 0.152128
0 0 0.491926 0.153848 0.098509 0.103589 0.152128
0 0 0.491926 0.153848 0.098509 0.103589 0.152128
0 0 0.491926 0.153848 0.098509 0.103589 0.152128
0 0 0.491926 0.153848 0.098509 0.103589 0.152128
0 0 0.491926 0.153848 0.098509 0.103589 0.152128
0 0 0.433407 0.162152 0.099575 0.073759 0.231108
4 0 0.263800 0.147612 0.082522 0.027825 0.478241
0 0 0.395220 0.163098 0.097891 0.059862 0.283930
0 0 0.491926 0.153848 0.098509 0.103589 0.152128
4 0 0.223013 0.137531 0.075163 0.020956 0.543337
0 0 0.489274 0.154463 0.098686 0.101887 0.155690
4 1 0.284334 0.151749 0.085777 0.031725 0.446415
4 1 0.255444 0.155417 0.085796 0.024690 0.478652
4 2 0.125820 0.102328 0.052428 0.008510 0.710914
4 2 0.076808 0.198857 0.093118 0.004630 0.626587
4 2 0.092205 0.368888 0.155239 0.001504 0.382164
2 2 0.019992 0.242012 0.589537 0.002319 0.146141
4 2 0.237529 0.259388 0.132957 0.012785 0.357341
2 2 0.001223 0.038364 0.946343 0.002873 0.011198
1 2 0.052803 0.387809 0.364199 0.001859 0.193330
4 2 0.049235 0.314732 0.259786 0.001540 0.374707
2 2 0.012467 0.135683 0.803840 0.006644 0.041368
4 2 0.283485 0.224506 0.121062 0.021418 0.349529
1 2 0.053132 0.408892 0.376730 0.001745 0.159502
2 2 0.003763 0.087412 0.852522 0.002463 0.053841
2 2 0.036854 0.349842 0.448480 0.001832 0.162991
2 2 0.031874 0.232223 0.609865 0.006054 0.119984
2 2 0.007140 0.097517 0.859291 0.006009 0.030043
2 2 0.000565 0.021822 0.969118 0.002852 0.005643
2 2 0.002601 0.058604 0.918683 0.003764 0.016348
2 2 0.000840 0.025033 0.964332 0.004180 0.005615
2 2 0.002463 0.047294 0.927691 0.005696 0.016856
2 2 0.000654 0.011901 0.969158 0.015006 0.003281
1 2 0.134066 0.436201 0.318749 0.005738 0.105247
2 2 0.007674 0.160901 0.767120 0.001709 0.062595
2 2 0.000017 0.000944 0.988497 0.010453 0.000090
2 1 0.026634 0.203109 0.748036 0.009344 0.012876
2 2 0.001594 0.036564 0.949385 0.005616 0.006841
2 2 0.005855 0.066638 0.889612 0.031575 0.006319
2 2 0.000153 0.004961 0.983800 0.010676 0.000410
2 2 0.000010 0.000620 0.987505 0.011799 0.000066
2 2 0.000018 0.000804 0.980304 0.018764 0.000110
2 2 0.000286 0.005777 0.957284 0.035806 0.000846
2 2 0.003671 0.049432 0.931741 0.011536 0.003620
2 2 0.000001 0.000124 0.967381 0.032473 0.000020
2 2 0.000039 0.000788 0.796899 0.201956 0.000317
2 2 0.000009 0.000516 0.981895 0.017512 0.000068
2 2 0.000012 0.000456 0.956015 0.043414 0.000103
2 2 0.000007 0.000315 0.935997 0.063608 0.000073
2 3 0.000008 0.000262 0.739984 0.259631 0.000115
2 3 0.000007 0.000233 0.734800 0.264857 0.000103
2 3 0.000043 0.000891 0.819065 0.179669 0.000331
2 3 0.000003 0.000153 0.807257 0.192534 0.000054
2 3 0.000008 0.000210 0.556374 0.443281 0.000126
2 3 0.000006 0.000167 0.660914 0.338818 0.000095
2 3 0.000004 0.000140 0.708391 0.291396 0.000068
3 3 0.000006 0.000121 0.345531 0.654232 0.000110
3 3 0.000002 0.000043 0.169477 0.830425 0.000052
3 3 0.000002 0.000041 0.131587 0.868316 0.000055
3 3 0.000009 0.000107 0.144775 0.854964 0.000144
3 3 0.000004 0.000103 0.333548 0.666257 0.000087
3 3 0.000006 0.000085 0.173139 0.826662 0.000109
3 3 0.000107 0.000907 0.346285 0.651933 0.000768
2 3 0.002252 0.031037 0.882911 0.079669 0.004131
2 3 0.000198 0.004277 0.874677 0.119984 0.000864
2 3 0.000232 0.003369 0.868374 0.127034 0.000991
2 3 0.000011 0.000470 0.953954 0.045468 0.000096
2 3 0.000126 0.001968 0.857655 0.139585 0.000666
2 3 0.000010 0.000400 0.946259 0.053239 0.000092
2 3 0.000012 0.000228 0.525628 0.473964 0.000168
2 3 0.000079 0.001304 0.842301 0.155818 0.000498
2 3 0.000005 0.000144 0.614549 0.385215 0.000087
2 3 0.000006 0.000143 0.556247 0.443507 0.000098
3 3 0.000004 0.000060 0.177592 0.822271 0.000074
3 3 0.000012 0.000129 0.182554 0.817136 0.000169
3 3 0.000003 0.000050 0.156735 0.843146 0.000066
3 3 0.000011 0.000111 0.126502 0.873222 0.000155
3 3 0.000003 0.000047 0.120563 0.879317 0.000070
3 3 0.000023 0.000249 0.251770 0.747685 0.000274
3 3 0.000007 0.000105 0.279638 0.720135 0.000115
3 3 0.000011 0.000113 0.135236 0.864478 0.000162
3 3 0.000007 0.000069 0.084873 0.914943 0.000108
3 3 0.000003 0.000041 0.121783 0.878115 0.000058
3 3 0.000066 0.000461 0.154697 0.844213 0.000563
3 3 0.000065 0.000979 0.459173 0.539227 0.000556
2 2 0.000040 0.000980 0.937878 0.060846 0.000256
2 2 0.000367 0.004398 0.747851 0.245805 0.001578
2 2 0.000059 0.000900 0.760908 0.237680 0.000453
2 2 0.000056 0.001488 0.962254 0.035925 0.000277
2 2 0.001075 0.010331 0.832958 0.152659 0.002977
2 2 0.000170 0.003456 0.924356 0.071326 0.000692
2 2 0.000080 0.001560 0.910488 0.087440 0.000431
2 2 0.000229 0.003306 0.913809 0.081763 0.000892
2 2 0.000386 0.006540 0.957359 0.034671 0.001044
2 2 0.000033 0.000886 0.903000 0.095839 0.000242
2 2 0.000046 0.001642 0.982047 0.016022 0.000243
2 2 0.031458 0.282297 0.655886 0.004566 0.025793
2 2 0.000469 0.009854 0.973427 0.014412 0.001837
2 2 0.000168 0.006702 0.986121 0.006072 0.000937
2 2 0.000150 0.004175 0.968138 0.027026 0.000511
2 2 0.008508 0.045665 0.884721 0.051847 0.009259
2 2 0.062575 0.328468 0.511464 0.007440 0.090053
2 2 0.000478 0.017207 0.975911 0.004088 0.002316
2 2 0.000059 0.002760 0.988944 0.007949 0.000287
2 2 0.000587 0.017289 0.974713 0.005830 0.001582
2 2 0.000555 0.015207 0.975723 0.007167 0.001348
2 2 0.000020 0.001476 0.993147 0.005172 0.000184
2 2 0.000326 0.008147 0.974196 0.016252 0.001080
2 2 0.000024 0.001150 0.984257 0.014382 0.000187
2 2 0.000085 0.002001 0.959540 0.038002 0.000372
2 2 0.000802 0.020622 0.967437 0.009890 0.001248
2 2 0.000018 0.000848 0.980799 0.018225 0.000110
2 2 0.002402 0.020583 0.882848 0.089657 0.004510
2 2 0.000030 0.001564 0.986401 0.011708 0.000297
2 2 0.000428 0.007427 0.967472 0.023661 0.001013
2 2 0.000012 0.000886 0.990736 0.008249 0.000117
2 2 0.000204 0.004996 0.973863 0.020269 0.000667
2 2 0.001225 0.011610 0.886172 0.098084 0.002908
2 2 0.000325 0.006174 0.970273 0.022404 0.000824
2 2 0.000450 0.008295 0.960572 0.028822 0.001862
2 2 0.000042 0.001030 0.893302 0.105336 0.000290
2 2 0.000080 0.001929 0.951439 0.046170 0.000381
2 2 0.000343 0.006083 0.968690 0.023962 0.000922
2 2 0.018960 0.174782 0.784361 0.007911 0.013986
2 2 0.000026 0.001513 0.990570 0.007600 0.000291
2 2 0.000274 0.004118 0.928787 0.065868 0.000953
2 2 0.000063 0.001590 0.963890 0.034157 0.000299
2 2 0.000325 0.004412 0.882465 0.111586 0.001213
2 2 0.000046 0.001135 0.908047 0.090472 0.000300
2 2 0.000089 0.002027 0.935519 0.061928 0.000437
2 2 0.000032 0.000850 0.930422 0.068478 0.000218
2 2 0.000120 0.002710 0.969725 0.027005 0.000441
2 2 0.000026 0.000703 0.912412 0.086659 0.000200
2 2 0.000104 0.001864 0.897933 0.099551 0.000548
2 2 0.000059 0.001137 0.896408 0.102029 0.000367
2 2 0.000143 0.001749 0.742547 0.254731 0.000829
2 2 0.000044 0.000812 0.783779 0.215003 0.000362
2 2 0.000029 0.000645 0.778311 0.220744 0.000271
2 2 0.000107 0.001477 0.859408 0.138419 0.000590
3 2 0.000167 0.001427 0.412110 0.585230 0.001066
2 2 0.000029 0.000613 0.733581 0.265505 0.000272
2 2 0.000054 0.000932 0.794644 0.203965 0.000405
2 3 0.000018 0.000341 0.572545 0.426875 0.000221
2 3 0.000009 0.000210 0.585618 0.414025 0.000138
3 3 0.000024 0.000215 0.186706 0.812778 0.000276
3 3 0.000076 0.000579 0.241688 0.757035 0.000622
3 3 0.000016 0.000153 0.167775 0.831850 0.000206
3 3 0.000192 0.000721 0.127694 0.870283 0.001110
3 3 0.000008 0.000091 0.102224 0.897552 0.000126
3 3 0.000023 0.000177 0.099184 0.900359 0.000257
3 3 0.000097 0.000511 0.136045 0.862635 0.000712
3 3 0.000003 0.000047 0.195004 0.804886 0.000061
3 3 0.000043 0.000243 0.092434 0.906887 0.000393
3 3 0.000006 0.000048 0.041124 0.958726 0.000096
3 3 0.000024 0.000178 0.107292 0.892241 0.000265
3 3 0.000013 0.000084 0.049909 0.949833 0.000161
3 3 0.000191 0.000531 0.054192 0.944063 0.001023
3 3 0.000169 0.000412 0.036074 0.962444 0.000900
3 3 0.000097 0.000196 0.011805 0.987352 0.000550
3 3 0.000097 0.000344 0.050915 0.948000 0.000645
3 3 0.000150 0.000382 0.037240 0.961399 0.000830
3 3 0.000021 0.000170 0.125050 0.874520 0.000240
3 3 0.000054 0.000241 0.057999 0.941267 0.000439
3 3 0.000031 0.000147 0.047230 0.952301 0.000291
3 3 0.000080 0.000279 0.047387 0.951698 0.000556
3 3 0.000100 0.000346 0.051666 0.947231 0.000657
3 3 0.000436 0.000728 0.029207 0.967947 0.001682
3 3 0.000205 0.000338 0.014611 0.983916 0.000931
3 3 0.000266 0.000618 0.041168 0.956694 0.001254
3 3 0.000108 0.000350 0.045127 0.953729 0.000686
3 3 0.000086 0.000272 0.036249 0.962822 0.000571
3 3 0.000086 0.000273 0.034650 0.964420 0.000570
3 3 0.000059 0.000166 0.023244 0.976116 0.000415
3 3 0.000131 0.000272 0.017904 0.980990 0.000704
3 3 0.000132 0.000312 0.025297 0.973526 0.000733
3 3 0.000106 0.000248 0.020041 0.978986 0.000618
3 3 0.000021 0.000103 0.042847 0.956813 0.000216
3 3 0.000059 0.000199 0.034753 0.964556 0.000434
3 3 0.000069 0.000242 0.041284 0.957908 0.000496
3 3 0.000205 0.000460 0.037987 0.960326 0.001023
3 3 0.000162 0.000294 0.014453 0.984297 0.000795
3 3 0.000100 0.000275 0.027494 0.971516 0.000616
3 3 0.000075 0.000221 0.025807 0.973394 0.000503
3 3 0.000157 0.000452 0.045072 0.953434 0.000884
3 3 0.000067 0.000181 0.021143 0.978160 0.000449
3 3 0.000300 0.000566 0.030658 0.967169 0.001307
3 3 0.000048 0.000216 0.058388 0.940947 0.000401
3 3 0.000061 0.000218 0.034199 0.965072 0.000450
3 3 0.000028 0.000109 0.022351 0.977263 0.000250
3 3 0.000038 0.000122 0.018295 0.981244 0.000302
3 3 0.000252 0.000475 0.022001 0.976141 0.001131
3 3 0.000156 0.000339 0.022465 0.976226 0.000814
3 3 0.000039 0.000146 0.028840 0.970650 0.000324
3 3 0.000046 0.000208 0.053871 0.945487 0.000388
3 3 0.000075 0.000200 0.020598 0.978640 0.000487
3 3 0.000149 0.000365 0.023793 0.974889 0.000805
3 3 0.000021 0.000114 0.045592 0.954048 0.000225
3 3 0.000056 0.000225 0.049205 0.950076 0.000438
3 3 0.000052 0.000154 0.019467 0.979951 0.000377
3 3 0.000117 0.000275 0.018843 0.980103 0.000662
3 3 0.000260 0.000486 0.020967 0.977130 0.001156
3 3 0.000055 0.000194 0.029983 0.969353 0.000415
3 3 0.000034 0.000170 0.054543 0.944939 0.000314
3 3 0.000102 0.000302 0.036612 0.962345 0.000639
3 3 0.000015 0.000123 0.101080 0.898591 0.000192
3 3 0.000092 0.000253 0.027185 0.971891 0.000579
3 3 0.000084 0.000227 0.021427 0.977728 0.000534
3 3 0.000184 0.000410 0.024532 0.973946 0.000928
3 3 0.000070 0.000240 0.034543 0.964650 0.000497
3 3 0.000024 0.000149 0.069794 0.929777 0.000256
3 3 0.000071 0.000256 0.043220 0.955942 0.000511
3 3 0.000034 0.000141 0.032918 0.966606 0.000301
3 3 0.000051 0.000235 0.070529 0.928757 0.000427
3 3 0.000066 0.000181 0.018681 0.980628 0.000444
3 3 0.000165 0.000423 0.030875 0.967651 0.000886
3 3 0.000813 0.001134 0.029272 0.966193 0.002588
3 3 0.000658 0.001161 0.052997 0.942823 0.002361
3 3 0.001322 0.001593 0.030511 0.962952 0.003621
3 3 0.001443 0.001719 0.033593 0.959374 0.003871
3 3 0.001502 0.001774 0.033163 0.959582 0.003979
3 3 0.002155 0.002357 0.027917 0.962476 0.005094
3 3 0.002340 0.002528 0.029879 0.959836 0.005417
3 3 0.000710 0.001181 0.040021 0.955640 0.002446
3 3 0.000822 0.001078 0.027212 0.968316 0.002573
3 3 0.001523 0.001807 0.037699 0.954928 0.004044
3 3 0.001260 0.001604 0.034175 0.959416 0.003545
3 3 0.002205 0.002422 0.033176 0.956974 0.005221
3 3 0.013074 0.011479 0.110054 0.846019 0.019375
3 3 0.001355 0.005547 0.373029 0.615778 0.004291
2 3 0.035657 0.104670 0.661295 0.167319 0.031060
2 3 0.036323 0.155105 0.705280 0.076864 0.026428
2 2 0.048543 0.183779 0.708243 0.032953 0.026483
0 2 0.491926 0.153848 0.098509 0.103589 0.152128
2 2 0.117007 0.252872 0.373407 0.041510 0.215205
0 1 0.475233 0.190756 0.118225 0.077825 0.137961
0 0 0.482340 0.176961 0.110970 0.086479 0.143251
0 0 0.455048 0.166303 0.103153 0.080272 0.195225
0 1 0.463887 0.210064 0.128157 0.067276 0.130616
0 0 0.427187 0.253220 0.154544 0.050265 0.114784
0 0 0.426363 0.240538 0.155640 0.057758 0.119702
0 1 0.458084 0.219117 0.132727 0.062867 0.127204
2 1 0.173422 0.330731 0.409321 0.028325 0.058201
2 2 0.014736 0.051770 0.800052 0.116836 0.016606
2 2 0.001809 0.017445 0.941299 0.036489 0.002959
2 2 0.016976 0.141692 0.754650 0.022747 0.063935
2 2 0.000124 0.004864 0.986503 0.007535 0.000974
2 2 0.000758 0.031348 0.960297 0.002167 0.005429
2 2 0.001056 0.030472 0.958323 0.004132 0.006016
2 2 0.001492 0.047646 0.924378 0.002436 0.024048
1 2 0.138060 0.357525 0.351297 0.011856 0.141262
2 2 0.002387 0.080207 0.894245 0.001556 0.021604
2 2 0.000584 0.010450 0.968705 0.017745 0.002516
2 2 0.000727 0.023664 0.960741 0.003804 0.011064
2 2 0.000187 0.005965 0.983350 0.009373 0.001124
2 2 0.000501 0.028096 0.957236 0.001271 0.012896
2 2 0.000255 0.012928 0.980817 0.002661 0.003339
2 2 0.007341 0.103701 0.851193 0.005639 0.032126
2 2 0.002028 0.046198 0.937200 0.004660 0.009913
2 2 0.001404 0.037201 0.941122 0.006143 0.014130
2 2 0.006586 0.210294 0.693877 0.000776 0.088466
2 2 0.000963 0.037237 0.941696 0.002036 0.018069
2 2 0.002312 0.075767 0.895569 0.001725 0.024627
2 2 0.000943 0.021034 0.965759 0.008805 0.003459
2 2 0.000439 0.021467 0.969324 0.001986 0.006784
2 2 0.000902 0.039107 0.947705 0.001688 0.010597
2 2 0.039236 0.279612 0.404302 0.002943 0.273907
2 2 0.000990 0.015693 0.963398 0.018073 0.001847
2 2 0.007418 0.155820 0.793056 0.001901 0.041804
4 2 0.029668 0.248777 0.265167 0.001150 0.455240
2 2 0.020336 0.267921 0.582828 0.001879 0.127037
4 4 0.046988 0.172767 0.169902 0.003073 0.607270
4 4 0.027949 0.236231 0.293889 0.001370 0.440560
2 4 0.025388 0.225798 0.422526 0.002359 0.323929
4 4 0.044310 0.225418 0.244618 0.002611 0.483043
2 4 0.012759 0.342981 0.564473 0.000518 0.079269
1 2 0.030554 0.440677 0.401833 0.000604 0.126332
1 2 0.076313 0.427285 0.169052 0.000730 0.326619
4 4 0.052221 0.152760 0.063727 0.000909 0.730383
1 4 0.019738 0.368780 0.290153 0.000292 0.321037
1 4 0.025380 0.412038 0.368478 0.000442 0.193662
4 4 0.025462 0.246967 0.157438 0.001326 0.568807
2 4 0.010647 0.324501 0.566085 0.000395 0.098372
2 4 0.005216 0.307015 0.565567 0.000118 0.122083
4 4 0.040980 0.285315 0.125499 0.000398 0.547807
2 4 0.010617 0.351748 0.508197 0.000453 0.128985
4 4 0.036378 0.183422 0.163000 0.001558 0.615642
2 2 0.001582 0.104285 0.846946 0.000361 0.046827
2 2 0.002544 0.111691 0.859319 0.000737 0.025709
2 2 0.008741 0.315283 0.537437 0.000253 0.138285
2 2 0.000102 0.010530 0.985260 0.000827 0.003281
2 2 0.000099 0.009608 0.984843 0.000995 0.004456
2 2 0.000178 0.014143 0.980447 0.001090 0.004142
2 2 0.000243 0.025098 0.951453 0.000449 0.022757
2 2 0.000069 0.007082 0.987651 0.001047 0.004151
2 2 0.000252 0.023204 0.952054 0.000587 0.023904
2 2 0.000059 0.006572 0.987965 0.000966 0.004439
2 2 0.000093 0.008319 0.981890 0.001180 0.008518
2 2 0.002084 0.041510 0.929570 0.005798 0.021039
2 2 0.000227 0.016859 0.972509 0.001088 0.009316
2 2 0.000133 0.014418 0.978693 0.000637 0.006119
2 2 0.000109 0.011076 0.980774 0.000808 0.007233
2 2 0.000162 0.011174 0.981914 0.001611 0.005139
1 1 0.164390 0.422528 0.360182 0.011077 0.041823
2 2 0.016508 0.296402 0.632050 0.001202 0.053838
2 2 0.000074 0.006879 0.989981 0.001313 0.001753
2 2 0.000113 0.005367 0.988968 0.005184 0.000368
2 2 0.001846 0.035701 0.952248 0.007749 0.002456
2 2 0.000417 0.018610 0.976998 0.002716 0.001259
2 2 0.000042 0.002440 0.991542 0.005832 0.000145
2 2 0.000818 0.017893 0.969580 0.009021 0.002688
2 2 0.000194 0.009054 0.986270 0.004015 0.000466
2 2 0.000033 0.002350 0.993361 0.004117 0.000138
2 2 0.000154 0.006180 0.986805 0.006263 0.000598
2 2 0.000320 0.008697 0.971507 0.018694 0.000782
2 2 0.000040 0.001286 0.973890 0.024586 0.000199
2 2 0.000471 0.010848 0.976065 0.011720 0.000896
2 2 0.000025 0.002006 0.994096 0.003719 0.000153
2 2 0.000849 0.015726 0.968296 0.013014 0.002116
2 2 0.002467 0.079015 0.912581 0.001901 0.004036
2 2 0.000115 0.005416 0.988959 0.005001 0.000508
1 1 0.105587 0.441886 0.420276 0.005896 0.026355
2 1 0.012200 0.147966 0.825458 0.005815 0.008561
2 2 0.000379 0.015565 0.979462 0.003555 0.001039
2 2 0.008068 0.211839 0.773659 0.001137 0.005297
2 2 0.000714 0.013004 0.969330 0.015669 0.001283
2 2 0.000015 0.000863 0.988745 0.010296 0.000082
2 2 0.000284 0.014282 0.980748 0.002562 0.002123
2 2 0.000119 0.003055 0.976632 0.019796 0.000398
2 2 0.000076 0.004950 0.991441 0.003180 0.000353
2 2 0.000029 0.002044 0.993380 0.004332 0.000215
2 2 0.004704 0.116771 0.873256 0.002200 0.003069
2 2 0.000013 0.000791 0.989073 0.010039 0.000085
2 2 0.000070 0.004113 0.991199 0.004126 0.000491
2 2 0.000066 0.002399 0.984055 0.013235 0.000245
2 2 0.000122 0.003198 0.977638 0.018644 0.000399
2 2 0.000024 0.001780 0.993305 0.004527 0.000364
2 2 0.000053 0.002431 0.988379 0.008945 0.000192
2 2 0.000067 0.002972 0.988337 0.008057 0.000567
2 2 0.000041 0.001434 0.980636 0.017704 0.000185
2 2 0.000316 0.007729 0.955017 0.036032 0.000906
2 2 0.000064 0.002786 0.988161 0.008687 0.000302
2 2 0.000056 0.002358 0.986688 0.010688 0.000210
2 2 0.000044 0.002765 0.992160 0.004662 0.000370
2 2 0.000059 0.001747 0.958932 0.038969 0.000293
2 2 0.000110 0.003563 0.983162 0.012505 0.000659
2 2 0.000035 0.001131 0.973039 0.025607 0.000188
2 2 0.000010 0.000856 0.993667 0.005361 0.000107
2 2 0.000051 0.002064 0.982935 0.014739 0.000211
2 2 0.000027 0.001304 0.985555 0.012934 0.000180
2 2 0.000009 0.000649 0.990452 0.008825 0.000064
2 2 0.000003 0.000179 0.909042 0.090735 0.000041
2 2 0.000038 0.001309 0.950788 0.047633 0.000232
2 2 0.000009 0.000539 0.983551 0.015834 0.000066
2 2 0.000039 0.001099 0.945603 0.053019 0.000241
2 2 0.000138 0.003129 0.958519 0.037688 0.000526
2 2 0.000014 0.000882 0.987188 0.011834 0.000082
2 2 0.000051 0.001572 0.966405 0.031716 0.000255
2 2 0.000046 0.001325 0.961082 0.037300 0.000247
2 2 0.000043 0.001196 0.944988 0.053517 0.000256
2 2 0.000200 0.002600 0.833801 0.162465 0.000934
2 2 0.000139 0.003054 0.945813 0.050431 0.000563
2 2 0.000021 0.000818 0.949196 0.049814 0.000151
2 2 0.000047 0.001261 0.899721 0.098657 0.000314
2 2 0.000048 0.001695 0.970497 0.027525 0.000235
2 2 0.000055 0.001415 0.923541 0.074659 0.000329
2 2 0.000155 0.001978 0.795947 0.201084 0.000836
2 2 0.000020 0.000544 0.851954 0.147289 0.000192
2 2 0.000050 0.001255 0.936813 0.061590 0.000291
2 2 0.000028 0.000805 0.918581 0.080377 0.000209
2 2 0.000161 0.002364 0.886895 0.109834 0.000747
2 2 0.000386 0.004205 0.879158 0.114867 0.001384
3 3 0.000119 0.001041 0.413253 0.584750 0.000837
2 3 0.000058 0.001132 0.794000 0.204380 0.000430
2 3 0.000026 0.000672 0.839241 0.159827 0.000234
2 3 0.000146 0.001731 0.759503 0.237798 0.000823
2 3 0.000104 0.001695 0.883584 0.114063 0.000555
2 3 0.000069 0.001153 0.776227 0.222060 0.000490
2 3 0.000047 0.000724 0.667424 0.331396 0.000408
2 3 0.000211 0.002249 0.786499 0.210010 0.001031
2 3 0.000040 0.000766 0.756672 0.242182 0.000341
2 3 0.000058 0.000819 0.682925 0.315732 0.000466
2 3 0.000078 0.001223 0.756150 0.242008 0.000541
2 3 0.000217 0.001950 0.500524 0.496048 0.001261
2 3 0.000299 0.003691 0.899700 0.095202 0.001108
2 3 0.000069 0.001355 0.776768 0.221313 0.000494
2 3 0.000142 0.001818 0.748946 0.248281 0.000814
2 3 0.000068 0.001019 0.722871 0.275536 0.000506
3 3 0.000156 0.001215 0.420405 0.577213 0.001011
2 3 0.005569 0.046533 0.876980 0.063555 0.007363
2 3 0.000427 0.004794 0.935293 0.058241 0.001245
2 2 0.001415 0.018870 0.955816 0.021648 0.002250
2 2 0.000009 0.000395 0.912847 0.086656 0.000094
2 2 0.000047 0.002194 0.988642 0.008943 0.000174
2 2 0.011094 0.046608 0.849084 0.080776 0.012438
2 1 0.137760 0.325499 0.463933 0.024357 0.048452
2 2 0.011723 0.181809 0.766951 0.002896 0.036622
2 2 0.004608 0.086211 0.901511 0.004419 0.003251
2 2 0.000530 0.021167 0.972433 0.002939 0.002931
2 2 0.004218 0.114748 0.872709 0.001828 0.006497
2 2 0.000158 0.006358 0.986584 0.006488 0.000413
2 2 0.000714 0.014694 0.971246 0.012132 0.001213
2 2 0.000182 0.012499 0.984737 0.001645 0.000938
2 2 0.000029 0.001353 0.986556 0.011923 0.000139
2 2 0.006064 0.074400 0.905149 0.009664 0.004723
2 2 0.000189 0.011831 0.984341 0.001969 0.001669
2 2 0.000072 0.002824 0.986675 0.010091 0.000338
2 2 0.006089 0.072564 0.905715 0.010682 0.004949
2 2 0.000010 0.001032 0.995586 0.003272 0.000100
2 2 0.000295 0.006668 0.973946 0.018354 0.000737
2 2 0.000358 0.009843 0.979472 0.009521 0.000806
2 2 0.000255 0.006658 0.979616 0.012860 0.000611
2 2 0.000224 0.005052 0.975324 0.018791 0.000609
2 2 0.000048 0.001965 0.985810 0.011899 0.000277
2 2 0.000166 0.005414 0.983996 0.009558 0.000866
2 2 0.000134 0.007557 0.988480 0.003138 0.000691
2 2 0.000015 0.001397 0.994916 0.003523 0.000149
2 2 0.000116 0.005245 0.988366 0.005708 0.000565
2 2 0.000068 0.002182 0.980158 0.017323 0.000269
2 2 0.003579 0.075044 0.913688 0.004861 0.002828
2 2 0.000830 0.033463 0.959603 0.002230 0.003875
2 2 0.000109 0.005003 0.988751 0.005757 0.000381
2 2 0.000290 0.004260 0.951094 0.043462 0.000895
2 2 0.000358 0.009879 0.979990 0.008987 0.000786
2 2 0.000064 0.003266 0.990170 0.006251 0.000249
2 2 0.000097 0.003884 0.987007 0.008686 0.000326
2 2 0.000022 0.001582 0.993118 0.005176 0.000103
2 2 0.000039 0.001518 0.983095 0.015136 0.000211
2 2 0.000025 0.001151 0.982140 0.016550 0.000133
2 2 0.000021 0.001326 0.991389 0.007121 0.000142
2 2 0.000014 0.000844 0.988417 0.010643 0.000082
2 2 0.000096 0.004105 0.987779 0.007180 0.000842
2 2 0.000021 0.001193 0.989516 0.009169 0.000102
2 2 0.000028 0.001794 0.992294 0.005709 0.000175
2 2 0.000219 0.003425 0.907512 0.087970 0.000874
2 2 0.000113 0.002932 0.974392 0.022162 0.000401
2 2 0.000009 0.000780 0.993826 0.005337 0.000048
2 2 0.000015 0.000725 0.966318 0.032835 0.000107
2 2 0.000024 0.001171 0.980710 0.017960 0.000134
2 2 0.000065 0.002555 0.984565 0.012576 0.000239
2 2 0.000055 0.003081 0.991193 0.005498 0.000172
2 2 0.000092 0.004132 0.988636 0.006878 0.000262
2 2 0.000120 0.004477 0.986148 0.008921 0.000334
2 2 0.000032 0.001734 0.990149 0.007955 0.000130
2 2 0.000048 0.001651 0.976736 0.021343 0.000222
2 2 0.000090 0.004210 0.988869 0.006315 0.000515
2 2 0.000134 0.002752 0.956370 0.040217 0.000527
2 2 0.000051 0.002413 0.988968 0.008386 0.000182
2 2 0.000051 0.001608 0.956846 0.041227 0.000268
2 2 0.000160 0.003294 0.957627 0.038335 0.000584
2 2 0.000030 0.001262 0.979394 0.019159 0.000155
2 2 0.000061 0.002334 0.985550 0.011834 0.000221
2 2 0.000119 0.002560 0.953866 0.042972 0.000483
2 2 0.000029 0.000929 0.964088 0.034777 0.000177
2 2 0.000413 0.004821 0.803472 0.189694 0.001599
2 2 0.000040 0.001798 0.987271 0.010727 0.000164
2 2 0.000238 0.008945 0.984043 0.005688 0.001086
2 1 0.046038 0.218128 0.695862 0.017988 0.021985
2 2 0.018209 0.156937 0.804788 0.009908 0.010159
2 2 0.001420 0.030508 0.959150 0.007231 0.001692
2 2 0.000814 0.014428 0.967789 0.015524 0.001446
2 2 0.043012 0.391744 0.550780 0.002599 0.011865
2 2 0.001601 0.035125 0.955142 0.006304 0.001828
2 2 0.000244 0.005140 0.970509 0.023433 0.000674
2 2 0.000107 0.003700 0.984850 0.010981 0.000363
2 2 0.000070 0.004314 0.991518 0.003605 0.000493
2 2 0.021516 0.203000 0.755304 0.006251 0.013929
2 2 0.012952 0.127694 0.839699 0.009330 0.010325
1 2 0.118687 0.452713 0.393454 0.006083 0.029063
2 2 0.000520 0.028244 0.966898 0.001462 0.002876
2 2 0.077469 0.399305 0.495478 0.005859 0.021890
2 2 0.000529 0.012150 0.975558 0.010667 0.001096
2 2 0.000726 0.014037 0.970140 0.013470 0.001627
2 2 0.000077 0.006117 0.991131 0.001920 0.000756
2 2 0.000331 0.007848 0.977809 0.013290 0.000723
2 2 0.011390 0.234077 0.739142 0.001478 0.013912
2 2 0.000135 0.005682 0.987585 0.006119 0.000478
2 2 0.000040 0.001372 0.978939 0.019459 0.000190
2 2 0.000400 0.007728 0.972102 0.018810 0.000960
2 2 0.001169 0.025854 0.962481 0.006918 0.003579
2 2 0.003894 0.071152 0.915069 0.005169 0.004716
2 2 0.003400 0.058817 0.928239 0.006314 0.003232
2 2 0.004650 0.103113 0.880901 0.002807 0.008529
2 2 0.002984 0.111898 0.878535 0.001049 0.005534
2 2 0.000614 0.015732 0.974589 0.007637 0.001428
2 2 0.006728 0.059938 0.907957 0.019275 0.006101
1 1 0.198148 0.471887 0.281226 0.007570 0.041168
1 1 0.198744 0.475047 0.278054 0.007336 0.040820
2 2 0.029157 0.347755 0.592892 0.002017 0.028178
2 2 0.000272 0.007314 0.980479 0.011325 0.000610
2 2 0.001400 0.021432 0.959677 0.015476 0.002015
2 2 0.005310 0.090698 0.895017 0.004733 0.004242
2 2 0.000418 0.020161 0.973792 0.002200 0.003429
2 2 0.000861 0.027611 0.965510 0.003785 0.002233
2 2 0.000046 0.002494 0.990782 0.006458 0.000220
2 2 0.000329 0.011350 0.981385 0.005773 0.001164
2 2 0.000269 0.011840 0.982608 0.003612 0.001671
2 2 0.000090 0.002274 0.968094 0.029175 0.000367
2 2 0.000026 0.001677 0.992112 0.006004 0.000181
2 2 0.000101 0.005513 0.989453 0.003854 0.001079
2 2 0.000030 0.002136 0.993189 0.004351 0.000293
2 2 0.000090 0.003352 0.985804 0.010192 0.000562
2 2 0.001529 0.021824 0.954680 0.016631 0.005336
2 2 0.006135 0.116230 0.863519 0.003341 0.010775
2 2 0.000041 0.001587 0.983221 0.014968 0.000182
2 2 0.000086 0.003262 0.986416 0.009928 0.000307
2 2 0.000116 0.003811 0.983735 0.011845 0.000493
2 2 0.075343 0.428734 0.472171 0.004281 0.019472
2 2 0.000274 0.018828 0.976857 0.001252 0.002789
2 2 0.000094 0.002720 0.978938 0.017912 0.000336
2 2 0.021256 0.171667 0.784697 0.009609 0.012770
2 2 0.000257 0.011180 0.983666 0.003884 0.001013
2 2 0.000063 0.005593 0.991936 0.001677 0.000731
2 2 0.000171 0.004006 0.975271 0.020038 0.000514
2 2 0.064335 0.329459 0.574963 0.008887 0.022355
2 2 0.000056 0.002110 0.984401 0.013215 0.000217
2 2 0.017806 0.137645 0.814376 0.012009 0.018165
2 2 0.045962 0.162926 0.729728 0.035007 0.026376
2 2 0.023724 0.162358 0.769293 0.012237 0.032388
0 0 0.491926 0.153848 0.098509 0.103589 0.152128
0 0 0.491926 0.153848 0.098509 0.103589 0.152128
0 0 0.491926 0.153848 0.098509 0.103589 0.152128
0 0 0.491926 0.153848 0.098509 0.103589 0.152128
0 0 0.491926 0.153848 0.098509 0.103589 0.152128
0 0 0.491926 0.153848 0.098509 0.103589 0.152128
0 0 0.491926 0.153848 0.098509 0.103589 0.152128
0 0 0.485714 0.169646 0.107069 0.091509 0.146062
0 0 0.491926 0.153848 0.098509 0.103589 0.152128
0 0 0.491926 0.153848 0.098509 0.103589 0.152128
0 0 0.491926 0.153848 0.098509 0.103589 0.152128
0 0 0.487420 0.165678 0.104936 0.094379 0.147588
0 0 0.491926 0.153848 0.098509 0.103589 0.152128
0 0 0.428765 0.260079 0.152728 0.046319 0.112109
0 0 0.491926 0.153848 0.098509 0.103589 0.152128
0 0 0.491926 0.153848 0.098509 0.103589 0.152128
0 0 0.491926 0.153848 0.098509 0.103589 0.152128
0 0 0.491926 0.153848 0.098509 0.103589 0.152128
0 0 0.491926 0.153848 0.098509 0.103589 0.152128
0 0 0.491087 0.156243 0.099818 0.101641 0.151211
0 0 0.480867 0.179973 0.112565 0.084501 0.142094
0 0 0.491926 0.153848 0.098509 0.103589 0.152128
0 0 0.491926 0.153848 0.098509 0.103589 0.152128
0 1 0.491926 0.153848 0.098509 0.103589 0.152128
0 1 0.491926 0.153848 0.098509 0.103589 0.152128
0 1 0.480090 0.181527 0.113386 0.083500 0.141498
0 1 0.373061 0.266235 0.150033 0.033030 0.177642
1 1 0.013412 0.464743 0.409330 0.000202 0.112314
2 2 0.011552 0.401278 0.466991 0.000282 0.119897
2 2 0.008170 0.400310 0.526358 0.000144 0.065018
2 2 0.007419 0.339182 0.570532 0.000340 0.082527
2 2 0.002754 0.121994 0.847361 0.000723 0.027169
2 2 0.004085 0.229181 0.715791 0.000342 0.050600
2 2 0.000835 0.037538 0.947777 0.001649 0.012201
2 2 0.000067 0.003447 0.990114 0.005745 0.000628
2 2 0.000178 0.011790 0.984937 0.001796 0.001299
2 2 0.000103 0.009713 0.988137 0.001124 0.000923
2 2 0.000249 0.011758 0.982410 0.003215 0.002368
2 2 0.000036 0.003960 0.993983 0.001441 0.000580
2 2 0.000292 0.024291 0.967675 0.000732 0.007010
2 2 0.000049 0.005379 0.992758 0.001202 0.000611
2 2 0.000033 0.003277 0.994299 0.001891 0.000500
2 2 0.000093 0.005063 0.989977 0.004255 0.000613
2 2 0.000041 0.002547 0.991960 0.005065 0.000387
2 2 0.000008 0.001854 0.997104 0.000596 0.000438
2 2 0.000073 0.003018 0.985043 0.011577 0.000288
2 2 0.000135 0.008323 0.987221 0.002481 0.001841
2 2 0.001316 0.033716 0.957257 0.004643 0.003068
2 2 0.000008 0.001253 0.996940 0.001305 0.000495
2 2 0.000002 0.000682 0.998346 0.000777 0.000193
2 2 0.000004 0.000986 0.998040 0.000676 0.000295
2 2 0.000011 0.001408 0.996470 0.001845 0.000266
2 2 0.000003 0.000834 0.998035 0.000805 0.000323
2 2 0.000030 0.004195 0.993191 0.000868 0.001716
2 2 0.000063 0.003606 0.991234 0.004689 0.000408
2 2 0.000007 0.001006 0.996901 0.001944 0.000143
2 2 0.000009 0.002449 0.996275 0.000370 0.000897
2 2 0.000004 0.000597 0.997294 0.002042 0.000064
2 2 0.000030 0.001641 0.989856 0.008254 0.000219
2 2 0.000027 0.001733 0.992262 0.005873 0.000106
2 2 0.000003 0.000344 0.993048 0.006578 0.000026
2 2 0.000002 0.000283 0.991576 0.008116 0.000023
2 2 0.000007 0.000630 0.992544 0.006738 0.000081
2 2 0.000004 0.000338 0.981601 0.018015 0.000040
2 2 0.000013 0.000662 0.958600 0.040617 0.000107
2 2 0.000006 0.000448 0.988511 0.010988 0.000047
2 2 0.000007 0.000537 0.989323 0.010086 0.000048
2 2 0.000003 0.000317 0.993895 0.005755 0.000030
2 2 0.000014 0.000705 0.976380 0.022805 0.000096
2 2 0.000001 0.000088 0.985345 0.014558 0.000009
2 2 0.000004 0.000239 0.957532 0.042173 0.000051
2 2 0.000005 0.000413 0.990001 0.009541 0.000040
2 2 0.000004 0.000308 0.952946 0.046689 0.000052
2 2 0.000002 0.000160 0.976994 0.022822 0.000022
2 2 0.000005 0.000434 0.987429 0.012090 0.000041
2 2 0.000002 0.000197 0.976936 0.022840 0.000026
2 2 0.000005 0.000337 0.978174 0.021436 0.000048
2 2 0.000006 0.000338 0.932307 0.067279 0.000070
2 2 0.000002 0.000175 0.963636 0.036158 0.000029
2 2 0.000007 0.000362 0.957113 0.042453 0.000066
2 2 0.000008 0.000296 0.753275 0.246304 0.000117
2 2 0.000004 0.000276 0.954222 0.045446 0.000052
2 2 0.000002 0.000139 0.936934 0.062894 0.000031
2 3 0.000012 0.000465 0.903811 0.095592 0.000120
2 3 0.000017 0.000667 0.951497 0.047684 0.000135
2 3 0.000007 0.000317 0.893589 0.106003 0.000084
2 3 0.000003 0.000244 0.980749 0.018974 0.000030
2 3 0.000003 0.000132 0.708719 0.291081 0.000064
2 3 0.000011 0.000302 0.704183 0.295359 0.000145
2 3 0.000017 0.000448 0.844929 0.154430 0.000176
2 3 0.000008 0.000223 0.697253 0.302395 0.000121
3 3 0.000035 0.000449 0.372499 0.626651 0.000366
2 3 0.000005 0.000173 0.676005 0.323729 0.000087
2 3 0.000001 0.000061 0.586573 0.413326 0.000038
2 3 0.000004 0.000129 0.666752 0.333044 0.000071
2 3 0.000056 0.000839 0.603648 0.394987 0.000469
2 3 0.000005 0.000148 0.568744 0.431013 0.000090
2 3 0.000020 0.000314 0.504435 0.494989 0.000243
2 3 0.000010 0.000286 0.713172 0.286396 0.000136
2 3 0.000006 0.000197 0.619109 0.380589 0.000099
2 3 0.000020 0.000379 0.719096 0.280288 0.000216
3 3 0.000007 0.000170 0.471314 0.528383 0.000125
2 3 0.000002 0.000108 0.834953 0.164901 0.000036
2 3 0.000002 0.000085 0.584871 0.414990 0.000052
3 3 0.000006 0.000158 0.498900 0.500828 0.000108
3 3 0.000045 0.000410 0.250883 0.748226 0.000436
2 3 0.000011 0.000408 0.851197 0.148254 0.000130
3 3 0.000002 0.000057 0.403221 0.596674 0.000047
3 3 0.000004 0.000112 0.378312 0.621496 0.000077
2 3 0.000023 0.000415 0.668250 0.331065 0.000247
3 3 0.000035 0.000519 0.475288 0.523803 0.000355
2 3 0.000206 0.001899 0.551668 0.445037 0.001190
3 3 0.000007 0.000140 0.449230 0.550506 0.000116
2 3 0.000039 0.000541 0.623816 0.375239 0.000365
2 3 0.000001 0.000067 0.671420 0.328477 0.000035
3 3 0.000002 0.000076 0.488608 0.511260 0.000054
3 3 0.000008 0.000146 0.380332 0.619384 0.000129
2 3 0.000068 0.000835 0.612671 0.385886 0.000540
2 3 0.000088 0.000844 0.537194 0.461224 0.000649
3 3 0.000127 0.000914 0.351276 0.646814 0.000868
3 3 0.000015 0.000178 0.215825 0.783778 0.000204
3 3 0.000050 0.000562 0.448818 0.550108 0.000462
2 3 0.000007 0.000185 0.591421 0.408275 0.000111
2 3 0.000008 0.000185 0.577909 0.421778 0.000120
2 3 0.000032 0.000597 0.723663 0.275413 0.000295
3 3 0.000026 0.000234 0.170623 0.828831 0.000287
3 3 0.000035 0.000329 0.283604 0.715666 0.000366
2 3 0.000015 0.000297 0.623936 0.375567 0.000185
3 3 0.000063 0.000555 0.269387 0.729444 0.000551
2 3 0.000029 0.000448 0.592449 0.406766 0.000308
2 3 0.000046 0.000631 0.573781 0.425129 0.000413
3 3 0.000236 0.001642 0.459118 0.537674 0.001330
3 3 0.000092 0.000679 0.314880 0.683629 0.000720
3 3 0.000067 0.000549 0.309954 0.688851 0.000578
3 3 0.000041 0.000409 0.328803 0.670342 0.000406
3 3 0.000021 0.000386 0.491560 0.507785 0.000248
3 3 0.000057 0.000525 0.399639 0.599263 0.000516
2 3 0.000035 0.000460 0.500224 0.498931 0.000350
3 3 0.000029 0.000305 0.295958 0.703389 0.000320
3 3 0.000023 0.000242 0.245490 0.753977 0.000268
3 3 0.000249 0.002301 0.459936 0.536132 0.001382
2 3 0.001209 0.007511 0.785295 0.202517 0.003469
2 3 0.003460 0.029818 0.905540 0.056007 0.005175
2 2 0.000490 0.008646 0.967057 0.022701 0.001106
2 2 0.000117 0.002649 0.961647 0.035127 0.000459
2 2 0.000123 0.002475 0.963569 0.033367 0.000466
2 2 0.000745 0.010481 0.955814 0.031361 0.001600
2 2 0.010565 0.143098 0.705108 0.003401 0.137829
2 2 0.008261 0.116497 0.668638 0.003182 0.203422
4 2 0.149918 0.218084 0.104662 0.005749 0.521586
4 2 0.197040 0.277912 0.136427 0.008055 0.380565
4 2 0.052675 0.167612 0.094899 0.004613 0.680201
4 2 0.181997 0.124763 0.066523 0.015081 0.611636
4 2 0.269299 0.276469 0.144363 0.015712 0.294157
4 2 0.122454 0.184392 0.087129 0.004448 0.601577
4 2 0.122335 0.100715 0.051455 0.008155 0.717340
4 2 0.116952 0.098165 0.049927 0.007619 0.727337
4 4 0.133370 0.105725 0.054493 0.009299 0.697113
4 4 0.151043 0.113186 0.059109 0.011259 0.665402
4 4 0.094309 0.087621 0.044388 0.006977 0.766705
4 4 0.078586 0.077620 0.038007 0.004219 0.801567
4 4 0.242008 0.142538 0.078739 0.024018 0.512697
4 4 0.210201 0.133837 0.072601 0.019016 0.564344
4 4 0.081521 0.079361 0.038991 0.004453 0.795674
4 4 0.148204 0.112032 0.058388 0.010934 0.670443
4 4 0.191410 0.127940 0.068620 0.016345 0.595685
4 4 0.107671 0.093594 0.047215 0.006728 0.744792
4 4 0.121568 0.100356 0.051239 0.008078 0.718759
4 4 0.138808 0.108092 0.055945 0.009885 0.687270
4 4 0.132947 0.105538 0.054379 0.009254 0.697882
4 4 0.171394 0.120998 0.064074 0.013715 0.629819
4 4 0.093978 0.086410 0.043023 0.005493 0.771095
4 4 0.120821 0.100005 0.051028 0.008003 0.720143
4 4 0.141132 0.109084 0.056557 0.010141 0.683086
4 4 0.165011 0.118632 0.062555 0.012922 0.640880
4 4 0.245078 0.143296 0.079293 0.024535 0.507799
4 4 0.192266 0.128222 0.068807 0.016462 0.594243
4 4 0.147984 0.111941 0.058331 0.010909 0.670835
4 4 0.106509 0.115238 0.056497 0.005394 0.716362
4 4 0.070644 0.072740 0.035274 0.003610 0.817732
4 4 0.091810 0.085221 0.042337 0.005307 0.775326
4 4 0.069988 0.072764 0.035227 0.003539 0.818483
4 4 0.021290 0.034380 0.015317 0.000821 0.928192
4 4 0.069430 0.072000 0.034879 0.003546 0.820146
4 4 0.096300 0.087668 0.043751 0.005696 0.766586
4 4 0.109688 0.094607 0.047812 0.006918 0.740975
4 4 0.067899 0.070993 0.034303 0.003407 0.823397
4 4 0.107549 0.093532 0.047178 0.006717 0.745024
4 4 0.048819 0.057805 0.027132 0.002113 0.864131
4 4 0.064562 0.068821 0.033104 0.003166 0.830347
4 4 0.087444 0.082778 0.040936 0.004938 0.783904
4 4 0.064333 0.069534 0.034011 0.003986 0.828136
4 4 0.078941 0.077832 0.038127 0.004247 0.800853
4 4 0.119798 0.099522 0.050739 0.007900 0.722041
4 1 0.105949 0.092720 0.046700 0.006568 0.748063
4 1 0.084689 0.098952 0.047518 0.003855 0.764985
4 2 0.036124 0.081637 0.039693 0.004676 0.837871
4 2 0.047663 0.123208 0.056800 0.002980 0.769350
4 4 0.066100 0.069829 0.033660 0.003276 0.827134
4 4 0.088033 0.083244 0.041285 0.005144 0.782295
4 4 0.044991 0.056735 0.027625 0.003444 0.867206
4 4 0.026847 0.041736 0.020049 0.002496 0.908873
4 4 0.055548 0.062683 0.029754 0.002546 0.849469
4 4 0.039337 0.052493 0.025516 0.003253 0.879402
4 4 0.051496 0.061698 0.030355 0.004107 0.852343
4 4 0.049302 0.059616 0.028943 0.003381 0.858757
4 4 0.079675 0.078270 0.038373 0.004305 0.799377
4 4 0.022088 0.035165 0.015687 0.000845 0.926215
4 4 0.019438 0.034596 0.016647 0.002335 0.926983
4 4 0.023825 0.036876 0.016516 0.000912 0.921870
4 4 0.029310 0.042242 0.019289 0.001264 0.907896
4 4 0.025667 0.039203 0.017962 0.001278 0.915891
4 4 0.025214 0.039412 0.018428 0.001686 0.915259
4 4 0.030596 0.042931 0.019383 0.001092 0.905999
4 4 0.034611 0.046449 0.021175 0.001291 0.896474
4 4 0.026815 0.040046 0.018248 0.001198 0.913694
4 4 0.014289 0.173470 0.113632 0.001535 0.697073
4 2 0.015962 0.192270 0.112785 0.000901 0.678082
4 2 0.018961 0.072772 0.032557 0.001604 0.874106
4 2 0.073961 0.120196 0.054946 0.002389 0.748509
4 2 0.029305 0.276440 0.109738 0.000782 0.583736
4 2 0.015928 0.256927 0.110561 0.000543 0.616041
4 2 0.035990 0.155464 0.065666 0.001169 0.741711
4 2 0.030204 0.092608 0.039443 0.000920 0.836825
4 2 0.026063 0.292013 0.186835 0.001083 0.494006
4 2 0.011308 0.176800 0.154936 0.002165 0.654791
4 2 0.027672 0.176775 0.070319 0.000608 0.724625
4 2 0.015200 0.199550 0.116173 0.001563 0.667513
4 2 0.010702 0.220006 0.241183 0.001702 0.526407
4 2 0.009846 0.204148 0.194054 0.001222 0.590730
4 2 0.014014 0.242786 0.192298 0.001401 0.549501
4 2 0.007356 0.196161 0.119935 0.000859 0.675688
4 2 0.015636 0.189793 0.087591 0.000679 0.706300
4 2 0.019420 0.035572 0.017763 0.003905 0.923340
4 2 0.018697 0.177784 0.081087 0.000879 0.721554
4 2 0.023295 0.178429 0.104123 0.001603 0.692550
4 2 0.014449 0.184146 0.086197 0.001082 0.714125
2 2 0.004051 0.295581 0.631035 0.000100 0.069233
2 2 0.009747 0.406483 0.426977 0.000185 0.156608
2 2 0.002777 0.159996 0.810737 0.000434 0.026055
2 2 0.001333 0.139562 0.820000 0.000137 0.038969
2 2 0.000327 0.046189 0.945650 0.000198 0.007637
2 2 0.110042 0.286486 0.530335 0.028547 0.044590
1 2 0.030947 0.464314 0.436634 0.000747 0.067358
2 2 0.000052 0.008611 0.989408 0.000429 0.001501
2 2 0.000047 0.008339 0.989963 0.000410 0.001240
2 2 0.000037 0.005547 0.992430 0.000654 0.001333
2 2 0.000014 0.004213 0.994285 0.000235 0.001253
2 2 0.000011 0.003085 0.995567 0.000330 0.001006
2 2 0.000024 0.005350 0.991585 0.000333 0.002707
2 2 0.000047 0.007881 0.989796 0.000450 0.001827
2 2 0.000029 0.007981 0.987671 0.000175 0.004144
2 2 0.000038 0.005815 0.992244 0.000637 0.001266
2 2 0.000030 0.004354 0.993940 0.000788 0.000888
2 2 0.000041 0.008300 0.989096 0.000309 0.002254
2 2 0.000020 0.004105 0.994299 0.000451 0.001125
2 2 0.000036 0.004627 0.993097 0.000998 0.001242
2 2 0.000024 0.003963 0.994314 0.000684 0.001015
2 2 0.000007 0.001788 0.997261 0.000511 0.000433
2 2 0.000018 0.002897 0.995680 0.000829 0.000576
2 2 0.000036 0.006228 0.991541 0.000469 0.001727
2 2 0.000027 0.003306 0.994806 0.001305 0.000557
2 2 0.000041 0.007483 0.989675 0.000387 0.002414
2 2 0.000007 0.000858 0.996187 0.002862 0.000085
2 2 0.000043 0.007015 0.991145 0.000508 0.001288
2 2 0.000021 0.003473 0.994501 0.000727 0.001277
2 2 0.000020 0.004370 0.994388 0.000409 0.000813
2 2 0.000024 0.003064 0.994974 0.001273 0.000664
2 2 0.000039 0.003258 0.993829 0.002628 0.000246
2 2 0.000015 0.001649 0.995732 0.002422 0.000182
2 2 0.000016 0.002785 0.996066 0.000782 0.000351
2 2 0.000015 0.001642 0.995675 0.002327 0.000342
2 2 0.000040 0.003217 0.993638 0.002768 0.000337
