0 0 0.976317 0.011784 0.004969 0.005262 0.001669
0 0 0.957245 0.022057 0.009223 0.007481 0.003993
0 0 0.854747 0.091099 0.030207 0.005567 0.018380
0 0 0.947670 0.033034 0.008701 0.002800 0.007795
0 0 0.888195 0.070365 0.020784 0.004389 0.016269
0 0 0.795600 0.126790 0.044777 0.006945 0.025889
0 0 0.738393 0.165437 0.056878 0.006342 0.032951
0 0 0.825759 0.110207 0.027901 0.003750 0.032383
0 0 0.850220 0.091372 0.029685 0.006307 0.022416
0 0 0.772937 0.143961 0.048756 0.006005 0.028341
0 1 0.618183 0.235686 0.083415 0.007671 0.055044
1 1 0.161937 0.447886 0.309675 0.014530 0.065972
1 2 0.184072 0.408437 0.288536 0.022409 0.096546
2 2 0.080736 0.218920 0.635360 0.043502 0.021482
2 2 0.190083 0.119392 0.640463 0.039592 0.010470
0 2 0.822952 0.051806 0.068839 0.051661 0.004742
2 2 0.135166 0.195543 0.627689 0.024104 0.017497
2 2 0.151433 0.196994 0.607674 0.026216 0.017683
2 2 0.061518 0.205783 0.696279 0.014381 0.022039
0 2 0.409587 0.180102 0.356645 0.037787 0.015879
2 2 0.122391 0.262248 0.565925 0.027392 0.022044
2 2 0.059341 0.125028 0.781066 0.026807 0.007757
2 2 0.109412 0.208540 0.635338 0.030695 0.016014
2 2 0.298024 0.124789 0.519655 0.044975 0.012557
0 1 0.914971 0.049857 0.017883 0.006662 0.010627
0 1 0.715335 0.150306 0.092544 0.021175 0.020640
0 1 0.659152 0.153049 0.124390 0.042506 0.020903
0 1 0.773868 0.069248 0.092496 0.058668 0.005720
0 0 0.851264 0.037643 0.081565 0.023871 0.005657
0 0 0.945950 0.005836 0.037674 0.010364 0.000176
0 1 0.508426 0.025482 0.441546 0.024202 0.000345
0 1 0.901437 0.020996 0.026111 0.049447 0.002010
0 0 0.816239 0.092104 0.035831 0.017183 0.038643
0 0 0.804868 0.116657 0.037696 0.007347 0.033432
0 0 0.607783 0.233091 0.096380 0.011210 0.051536
0 0 0.427431 0.334351 0.139726 0.011357 0.087135
1 1 0.256244 0.427410 0.191501 0.010315 0.114530
1 1 0.278555 0.402862 0.193156 0.013600 0.111827
1 1 0.226784 0.427962 0.238221 0.014337 0.092696
1 2 0.086207 0.421719 0.353641 0.010727 0.127707
2 2 0.035299 0.362241 0.432198 0.007097 0.163165
2 2 0.001773 0.049611 0.938791 0.004756 0.005070
2 2 0.001703 0.025855 0.967308 0.003285 0.001850
2 2 0.089176 0.357260 0.486354 0.014987 0.052225
2 2 0.027224 0.047838 0.910969 0.010107 0.003863
2 2 0.014461 0.050156 0.921335 0.011048 0.003000
2 2 0.008036 0.043263 0.938042 0.008320 0.002338
2 2 0.007271 0.036581 0.944496 0.009665 0.001986
2 2 0.000988 0.015940 0.955451 0.026609 0.001012
2 2 0.008528 0.047803 0.908853 0.032955 0.001862
2 2 0.004002 0.029677 0.929146 0.035533 0.001642
2 2 0.001324 0.016487 0.964136 0.017292 0.000762
2 2 0.012193 0.045631 0.844873 0.095612 0.001690
2 2 0.003627 0.011509 0.595602 0.388711 0.000550
2 3 0.026030 0.029533 0.716303 0.226592 0.001541
2 3 0.004461 0.036187 0.881125 0.075380 0.002847
2 3 0.004599 0.032469 0.821633 0.139158 0.002141
2 3 0.010225 0.048396 0.771793 0.166435 0.003152
2 3 0.008888 0.017675 0.499783 0.472532 0.001121
2 3 0.009131 0.029757 0.815112 0.144805 0.001195
3 3 0.002130 0.008695 0.432855 0.555028 0.001292
2 3 0.008748 0.035237 0.561444 0.390954 0.003617
3 3 0.003817 0.010830 0.329383 0.654444 0.001526
3 3 0.003827 0.015278 0.350858 0.626840 0.003197
3 3 0.004323 0.010929 0.215467 0.767263 0.002017
3 3 0.005685 0.020090 0.436723 0.534621 0.002881
3 3 0.006270 0.009848 0.190733 0.788800 0.004349
3 3 0.010040 0.019513 0.268461 0.698586 0.003400
3 3 0.001674 0.010663 0.341651 0.643522 0.002490
3 3 0.010083 0.017320 0.188530 0.776791 0.007276
3 3 0.006365 0.010785 0.266573 0.712117 0.004161
3 3 0.005941 0.006596 0.104825 0.879411 0.003227
3 3 0.003307 0.010886 0.218232 0.763530 0.004045
3 3 0.003491 0.010169 0.156737 0.823288 0.006316
3 3 0.007525 0.013632 0.154140 0.815970 0.008734
3 3 0.009047 0.009575 0.164752 0.812584 0.004043
3 3 0.008526 0.011160 0.151529 0.824802 0.003984
3 3 0.015529 0.014433 0.110480 0.843080 0.016479
3 3 0.010097 0.010854 0.133618 0.840435 0.004994
3 3 0.004563 0.011537 0.193520 0.786467 0.003913
3 3 0.003340 0.007441 0.135578 0.850025 0.003616
3 3 0.004914 0.012130 0.175040 0.801641 0.006276
3 3 0.007246 0.009418 0.200723 0.778922 0.003691
3 3 0.011680 0.006641 0.065871 0.907557 0.008252
3 3 0.020208 0.013239 0.135399 0.826668 0.004487
3 3 0.004470 0.008853 0.155865 0.827051 0.003761
3 3 0.005713 0.006371 0.101949 0.882698 0.003269
3 3 0.011056 0.010864 0.118966 0.852203 0.006911
3 3 0.008943 0.008499 0.097907 0.877935 0.006717
3 3 0.005238 0.017915 0.228165 0.740825 0.007857
3 3 0.009507 0.008793 0.129253 0.848965 0.003482
3 3 0.014703 0.026316 0.219019 0.727604 0.012359
3 3 0.018712 0.016006 0.158185 0.800053 0.007043
3 3 0.022612 0.028867 0.236113 0.704215 0.008192
3 3 0.050896 0.025262 0.174715 0.742574 0.006553
3 3 0.028948 0.018895 0.202252 0.743817 0.006088
3 3 0.014945 0.013747 0.126868 0.835547 0.008892
3 3 0.015713 0.016406 0.156423 0.803965 0.007493
3 3 0.018717 0.021735 0.233245 0.722188 0.004116
3 3 0.012724 0.010094 0.111943 0.859831 0.005408
3 3 0.023399 0.021582 0.238801 0.709195 0.007023
0 2 0.455333 0.177830 0.221203 0.097707 0.047926
0 1 0.778914 0.113832 0.057602 0.022055 0.027597
1 2 0.079439 0.409280 0.405843 0.029325 0.076113
0 2 0.909105 0.042198 0.024318 0.014315 0.010065
0 1 0.878338 0.059865 0.027902 0.017860 0.016034
0 1 0.887353 0.052034 0.025916 0.020872 0.013826
0 1 0.858540 0.063328 0.039868 0.020200 0.018064
0 1 0.843187 0.086592 0.035097 0.012440 0.022685
0 2 0.627838 0.200954 0.102011 0.021408 0.047790
0 2 0.375082 0.303866 0.240774 0.036173 0.044104
2 2 0.092572 0.335766 0.472861 0.019007 0.079795
1 2 0.216626 0.396334 0.274958 0.025739 0.086344
2 2 0.079390 0.274439 0.583819 0.017505 0.044846
1 2 0.088965 0.470459 0.318795 0.013554 0.108227
2 2 0.006863 0.082168 0.889252 0.006436 0.015280
2 2 0.120003 0.316490 0.491866 0.023872 0.047768
2 2 0.025734 0.095585 0.855602 0.012321 0.010759
2 2 0.066713 0.122847 0.768989 0.031241 0.010211
2 2 0.021521 0.201028 0.718328 0.009180 0.049943
2 2 0.000149 0.014679 0.982284 0.000668 0.002219
2 2 0.001505 0.052429 0.931617 0.002472 0.011978
1 2 0.146859 0.433941 0.328915 0.018511 0.071774
2 2 0.001664 0.050801 0.936860 0.006556 0.004118
2 2 0.006159 0.100967 0.872511 0.003311 0.017052
2 2 0.031462 0.150527 0.776273 0.007671 0.034067
2 2 0.001466 0.076946 0.904540 0.001419 0.015629
2 2 0.002868 0.113635 0.850247 0.001697 0.031552
2 2 0.000227 0.014452 0.982818 0.000763 0.001740
2 2 0.000739 0.044797 0.943600 0.000854 0.010011
2 2 0.000377 0.029324 0.964185 0.003422 0.002692
2 2 0.000054 0.007496 0.988176 0.002811 0.001464
2 2 0.002572 0.101600 0.863006 0.001459 0.031363
2 2 0.000940 0.041961 0.947847 0.001425 0.007827
2 2 0.000164 0.013540 0.980476 0.003563 0.002256
2 2 0.004277 0.135417 0.826926 0.003635 0.029745
2 2 0.002130 0.078631 0.894450 0.001708 0.023081
2 2 0.000631 0.030091 0.959511 0.001030 0.008738
2 2 0.000966 0.050122 0.934792 0.000951 0.013169
2 2 0.000412 0.028208 0.966781 0.001730 0.002869
2 2 0.000864 0.051093 0.938030 0.001322 0.008691
2 2 0.000491 0.026528 0.965511 0.001011 0.006459
2 2 0.005994 0.104567 0.861350 0.003717 0.024371
2 2 0.001459 0.058072 0.928461 0.004385 0.007622
2 2 0.001013 0.023440 0.969703 0.003542 0.002302
2 2 0.001292 0.045904 0.943199 0.002960 0.006646
2 2 0.000040 0.005914 0.989894 0.002546 0.001606
2 2 0.000637 0.030938 0.957854 0.005273 0.005297
2 2 0.000073 0.009170 0.986945 0.002158 0.001654
2 2 0.000850 0.018958 0.952679 0.025577 0.001936
2 2 0.000683 0.032210 0.949792 0.012684 0.004631
2 2 0.001692 0.017654 0.881377 0.098344 0.000934
2 2 0.003982 0.024279 0.875606 0.094455 0.001679
2 2 0.005981 0.119652 0.843939 0.016046 0.014382
2 2 0.002318 0.017631 0.961435 0.017437 0.001179
2 2 0.000520 0.011499 0.967207 0.019578 0.001195
2 2 0.002942 0.031920 0.935275 0.026316 0.003548
2 2 0.003130 0.042319 0.890005 0.057397 0.007150
2 2 0.001071 0.016614 0.865378 0.114989 0.001949
2 2 0.001896 0.021836 0.530752 0.442125 0.003391
2 2 0.005448 0.051977 0.798840 0.139527 0.004209
2 2 0.003884 0.024731 0.828849 0.141257 0.001278
2 2 0.004610 0.029345 0.828584 0.135179 0.002282
2 2 0.002866 0.018741 0.797237 0.179638 0.001517
3 2 0.003440 0.020856 0.430356 0.543134 0.002214
2 2 0.002271 0.030338 0.830581 0.133557 0.003254
2 2 0.003654 0.027658 0.728533 0.237753 0.002403
2 2 0.003738 0.011368 0.634876 0.349304 0.000714
3 3 0.001675 0.010039 0.396384 0.590483 0.001419
2 3 0.009991 0.022686 0.615819 0.349129 0.002374
2 3 0.002112 0.021051 0.567779 0.406426 0.002632
3 3 0.004532 0.013438 0.368039 0.612731 0.001261
3 3 0.002454 0.009204 0.473788 0.513657 0.000898
2 3 0.007064 0.047849 0.500407 0.438489 0.006191
3 3 0.001620 0.008247 0.380624 0.608518 0.000992
3 3 0.003919 0.007910 0.241444 0.744993 0.001734
3 3 0.001925 0.003861 0.140314 0.853156 0.000743
3 3 0.002351 0.008872 0.275132 0.711956 0.001689
3 3 0.002450 0.011961 0.327738 0.655273 0.002577
3 3 0.002385 0.005093 0.242942 0.748741 0.000838
3 3 0.008650 0.014118 0.256829 0.716202 0.004203
3 3 0.011324 0.014139 0.153503 0.814405 0.006629
3 3 0.008934 0.009860 0.163568 0.813738 0.003900
3 3 0.008902 0.014020 0.169118 0.802160 0.005799
3 3 0.006143 0.015136 0.223536 0.747856 0.007329
3 3 0.006262 0.010473 0.151132 0.827731 0.004401
3 3 0.002583 0.009842 0.263245 0.720901 0.003429
3 3 0.015908 0.006374 0.059232 0.911060 0.007427
3 3 0.007636 0.008563 0.115165 0.863536 0.005099
3 3 0.010154 0.010555 0.137970 0.836054 0.005267
3 3 0.005722 0.011662 0.177211 0.795816 0.009589
3 3 0.016768 0.010386 0.106998 0.860581 0.005267
3 3 0.010300 0.008589 0.129765 0.846554 0.004792
3 3 0.004569 0.011508 0.199442 0.778360 0.006120
3 3 0.006160 0.005313 0.079140 0.905590 0.003796
3 3 0.015652 0.011152 0.080002 0.873299 0.019895
3 3 0.031691 0.039196 0.211925 0.692446 0.024743
3 3 0.007284 0.010057 0.176994 0.802125 0.003540
3 3 0.007090 0.019631 0.391960 0.577582 0.003737
3 3 0.007398 0.007706 0.098745 0.880579 0.005573
3 3 0.007276 0.013481 0.193290 0.778127 0.007826
3 3 0.014077 0.014380 0.153551 0.812383 0.005609
3 3 0.004166 0.010805 0.264060 0.718891 0.002077
3 3 0.015453 0.008317 0.094398 0.876575 0.005258
3 3 0.014626 0.014993 0.141442 0.820524 0.008414
3 3 0.005455 0.012963 0.251683 0.726025 0.003874
3 3 0.009477 0.014103 0.160932 0.808835 0.006654
3 3 0.014906 0.011111 0.120500 0.843810 0.009673
3 3 0.003730 0.011038 0.177174 0.802993 0.005065
3 3 0.014065 0.010193 0.109357 0.860905 0.005479
3 3 0.024898 0.016173 0.134043 0.813490 0.011396
3 3 0.014127 0.015295 0.134054 0.825189 0.011334
3 3 0.010248 0.010958 0.124189 0.848307 0.006298
3 3 0.016783 0.008472 0.076644 0.890023 0.008078
3 3 0.010943 0.007857 0.088698 0.885996 0.006506
3 3 0.007919 0.006250 0.085257 0.896506 0.004069
3 3 0.008123 0.007279 0.116625 0.863609 0.004363
3 3 0.010649 0.027692 0.302433 0.653365 0.005860
3 3 0.019194 0.007574 0.058470 0.902925 0.011836
3 3 0.027539 0.011252 0.081208 0.869149 0.010851
3 3 0.018937 0.009991 0.092462 0.868807 0.009803
3 3 0.022288 0.012813 0.158715 0.800455 0.005730
3 3 0.026136 0.014654 0.105384 0.841905 0.011921
3 3 0.012789 0.008369 0.080522 0.889671 0.008649
3 3 0.012919 0.017689 0.180835 0.781479 0.007077
3 3 0.016120 0.014434 0.124362 0.834592 0.010492
3 3 0.014015 0.011283 0.131741 0.838868 0.004092
3 3 0.009699 0.013483 0.189433 0.782839 0.004546
3 3 0.017471 0.007914 0.066990 0.898003 0.009622
3 3 0.039433 0.012839 0.109902 0.832878 0.004947
3 3 0.013467 0.010863 0.095779 0.868451 0.011439
3 3 0.012416 0.011442 0.096879 0.864889 0.014375
3 3 0.007760 0.012448 0.152823 0.820634 0.006334
3 3 0.010398 0.010162 0.130255 0.843894 0.005291
3 3 0.021216 0.020023 0.156358 0.791283 0.011120
2 2 0.117532 0.148300 0.436113 0.281098 0.016957
2 2 0.024563 0.148307 0.757077 0.060178 0.009875
2 2 0.046775 0.358829 0.516411 0.035856 0.042129
2 2 0.031774 0.273962 0.630705 0.040566 0.022993
2 2 0.008964 0.088302 0.873541 0.025620 0.003574
1 2 0.292904 0.329901 0.232220 0.009141 0.135834
1 2 0.065150 0.506743 0.319698 0.007734 0.100676
2 2 0.025453 0.186824 0.716989 0.005483 0.065250
2 2 0.007189 0.209130 0.703286 0.002093 0.078302
2 2 0.017703 0.189405 0.699593 0.002758 0.090541
2 2 0.041576 0.386632 0.426051 0.017300 0.128441
2 2 0.014611 0.281293 0.631983 0.005059 0.067054
2 2 0.007917 0.195906 0.734767 0.004006 0.057404
2 2 0.001418 0.044504 0.941734 0.003513 0.008831
1 4 0.028103 0.338801 0.296501 0.001864 0.334732
2 4 0.022340 0.271341 0.432020 0.002256 0.272043
2 4 0.007822 0.165303 0.640455 0.000796 0.185624
4 4 0.030342 0.320760 0.188288 0.001031 0.459579
1 4 0.044840 0.411831 0.195499 0.003005 0.344825
4 4 0.043479 0.335105 0.137137 0.001496 0.482782
4 4 0.051991 0.275131 0.091189 0.001304 0.580385
1 4 0.048310 0.385500 0.267619 0.005556 0.293015
1 4 0.144405 0.423194 0.113662 0.004072 0.314667
4 4 0.104503 0.396062 0.093056 0.002889 0.403490
4 4 0.031492 0.311480 0.273270 0.001886 0.381873
1 4 0.177051 0.363339 0.102209 0.006696 0.350705
4 4 0.069367 0.360750 0.081074 0.002387 0.486422
4 4 0.040289 0.345651 0.150088 0.001448 0.462523
4 4 0.043296 0.382316 0.175364 0.002208 0.396816
4 4 0.052485 0.349575 0.137941 0.002279 0.457721
1 4 0.112673 0.453041 0.148861 0.005149 0.280277
0 4 0.455011 0.263389 0.075180 0.010224 0.196196
0 4 0.551551 0.219139 0.065937 0.012204 0.151169
4 4 0.028189 0.344310 0.275958 0.001667 0.349877
4 4 0.077851 0.240889 0.036161 0.001292 0.643807
4 4 0.051524 0.150363 0.017985 0.000653 0.779476
4 4 0.042804 0.167413 0.032882 0.000381 0.756520
4 4 0.176766 0.204715 0.019912 0.000788 0.597819
4 4 0.110805 0.200007 0.021909 0.000881 0.666398
4 4 0.064565 0.169470 0.015543 0.000443 0.749978
4 4 0.058526 0.219476 0.063991 0.001152 0.656854
4 4 0.040755 0.352605 0.136956 0.001351 0.468332
4 4 0.037731 0.317806 0.154033 0.001245 0.489186
4 4 0.021498 0.181055 0.092792 0.000218 0.704438
4 4 0.044904 0.182926 0.040968 0.000460 0.730742
4 4 0.029990 0.215599 0.081394 0.000374 0.672644
4 4 0.059736 0.161375 0.013537 0.000341 0.765010
4 4 0.029554 0.347224 0.210888 0.001203 0.411131
4 4 0.076736 0.188550 0.021220 0.000803 0.712691
4 4 0.037302 0.262381 0.082759 0.000602 0.616955
4 4 0.044186 0.236011 0.060122 0.000623 0.659057
4 4 0.039761 0.287391 0.081291 0.000689 0.590868
4 4 0.027984 0.187616 0.077687 0.000311 0.706402
4 4 0.024429 0.146496 0.045039 0.000170 0.783866
4 4 0.067085 0.173570 0.016645 0.000505 0.742195
4 4 0.035811 0.255145 0.109366 0.000720 0.598958
4 4 0.031705 0.162110 0.047105 0.000260 0.758819
4 4 0.011296 0.187890 0.378228 0.000352 0.422234
4 4 0.025455 0.224386 0.102922 0.000338 0.646899
4 4 0.013119 0.143516 0.154349 0.000138 0.688878
4 2 0.014510 0.221674 0.368943 0.000576 0.394296
2 2 0.006272 0.130067 0.666852 0.000542 0.196267
2 2 0.006204 0.116701 0.693903 0.000625 0.182568
2 2 0.003027 0.081135 0.789545 0.000322 0.125972
2 2 0.006347 0.147276 0.638764 0.000479 0.207134
2 2 0.002794 0.097800 0.820287 0.000496 0.078622
2 2 0.001234 0.049326 0.918365 0.000496 0.030579
2 2 0.001437 0.059374 0.896514 0.000399 0.042275
2 2 0.002281 0.073259 0.858777 0.000492 0.065191
2 2 0.000525 0.029200 0.959935 0.000536 0.009803
2 2 0.002252 0.079989 0.853472 0.000477 0.063809
2 2 0.006083 0.141485 0.712562 0.000823 0.139047
2 2 0.001092 0.051615 0.920306 0.000466 0.026521
2 2 0.004112 0.105788 0.779905 0.000629 0.109566
2 2 0.003142 0.097219 0.834445 0.000821 0.064373
2 2 0.002413 0.084169 0.872870 0.001023 0.039525
2 2 0.003698 0.097223 0.811056 0.000734 0.087289
2 2 0.000937 0.042185 0.940159 0.000739 0.015981
2 2 0.003540 0.100689 0.833151 0.001079 0.061541
2 2 0.000937 0.038763 0.944894 0.000866 0.014540
2 2 0.001515 0.058727 0.916108 0.001028 0.022622
2 2 0.002579 0.081107 0.884493 0.001701 0.030120
2 2 0.001411 0.052539 0.918224 0.000735 0.027091
2 2 0.001213 0.049211 0.928749 0.000848 0.019979
2 2 0.000559 0.029780 0.960553 0.000738 0.008370
2 2 0.002257 0.066930 0.894355 0.001151 0.035308
2 2 0.000590 0.032432 0.958822 0.000972 0.007184
2 2 0.003130 0.094227 0.859019 0.001471 0.042153
2 2 0.000555 0.029677 0.958918 0.000931 0.009920
2 2 0.005064 0.053863 0.928135 0.005056 0.007883
2 2 0.002712 0.083266 0.866499 0.001031 0.046492
2 2 0.004313 0.062851 0.914357 0.006388 0.012091
1 1 0.207298 0.419917 0.299962 0.017109 0.055714
1 1 0.068410 0.429945 0.408347 0.006731 0.086567
2 2 0.048918 0.379343 0.497943 0.007228 0.066567
2 2 0.013613 0.127080 0.831016 0.003415 0.024876
2 2 0.004903 0.090166 0.890494 0.003089 0.011348
2 2 0.004982 0.139163 0.823274 0.001998 0.030583
2 2 0.030668 0.266092 0.654029 0.004831 0.044380
2 2 0.006217 0.128555 0.835897 0.002049 0.027282
2 2 0.008140 0.133469 0.837219 0.003255 0.017917
2 2 0.015659 0.174323 0.773578 0.003539 0.032901
2 2 0.026595 0.245727 0.679565 0.004299 0.043814
2 2 0.003826 0.059565 0.928136 0.003350 0.005123
2 2 0.007250 0.138808 0.829249 0.002454 0.022240
2 2 0.009997 0.112054 0.862653 0.009480 0.005815
2 2 0.014727 0.091519 0.877161 0.005689 0.010903
2 2 0.027802 0.176271 0.767478 0.008977 0.019471
2 2 0.029111 0.188111 0.754122 0.011547 0.017109
2 2 0.033928 0.190845 0.743285 0.013125 0.018818
0 1 0.526355 0.256106 0.166589 0.020773 0.030177
1 1 0.145793 0.425246 0.358452 0.017065 0.053444
2 2 0.033458 0.252601 0.668996 0.008180 0.036764
1 2 0.121193 0.442057 0.353480 0.011085 0.072184
2 2 0.014465 0.179149 0.762212 0.002887 0.041286
2 2 0.027481 0.197926 0.718822 0.004052 0.051719
2 2 0.004496 0.097846 0.878951 0.002635 0.016073
2 2 0.022184 0.151351 0.788032 0.004271 0.034162
2 2 0.010421 0.111250 0.854362 0.003326 0.020641
2 2 0.005788 0.137025 0.832407 0.004023 0.020757
2 2 0.006942 0.188410 0.770583 0.003179 0.030886
2 2 0.050309 0.238380 0.669130 0.008650 0.033530
2 2 0.027903 0.330462 0.580680 0.008395 0.052559
2 2 0.132079 0.356227 0.447234 0.025686 0.038775
0 2 0.511072 0.263497 0.160207 0.022739 0.042484
1 2 0.191808 0.446390 0.282584 0.012899 0.066320
2 2 0.045537 0.296965 0.576564 0.009903 0.071032
0 0 0.789377 0.107505 0.060691 0.022867 0.019560
0 1 0.374099 0.343812 0.210950 0.018708 0.052431
1 2 0.121590 0.463011 0.299706 0.007797 0.107896
2 2 0.015152 0.148015 0.806787 0.007728 0.022318
2 2 0.006414 0.108467 0.861266 0.002366 0.021487
2 2 0.014571 0.222991 0.697467 0.002963 0.062008
2 2 0.002132 0.055102 0.931904 0.001999 0.008864
2 2 0.001897 0.076547 0.897707 0.001117 0.022732
2 2 0.009454 0.179327 0.768122 0.002727 0.040370
2 2 0.001940 0.054399 0.926968 0.001202 0.015491
2 2 0.006102 0.119642 0.845445 0.001947 0.026864
2 2 0.001205 0.033646 0.960136 0.002602 0.002410
2 2 0.002722 0.070971 0.913352 0.002238 0.010717
2 2 0.003311 0.075958 0.909307 0.003804 0.007619
2 2 0.006347 0.089855 0.887941 0.004055 0.011802
2 2 0.001547 0.058547 0.931373 0.002905 0.005628
2 2 0.008259 0.084374 0.891696 0.004880 0.010792
2 2 0.006066 0.112494 0.861578 0.003303 0.016559
2 2 0.004665 0.049316 0.937214 0.005761 0.003045
2 2 0.010857 0.085001 0.889043 0.008868 0.006231
2 2 0.007085 0.086876 0.891395 0.005488 0.009156
2 2 0.002235 0.036958 0.954133 0.004642 0.002032
2 2 0.002674 0.076078 0.909833 0.002574 0.008840
2 2 0.003552 0.050361 0.937706 0.004908 0.003472
2 2 0.006444 0.056336 0.924879 0.007809 0.004532
2 2 0.004131 0.067085 0.918103 0.006390 0.004291
2 2 0.003554 0.042502 0.945988 0.005475 0.002481
2 2 0.014022 0.128840 0.835284 0.009555 0.012299
2 2 0.017884 0.051145 0.889984 0.039651 0.001335
2 2 0.005039 0.051577 0.915623 0.025834 0.001926
2 2 0.006392 0.042429 0.849059 0.100616 0.001504
2 2 0.008846 0.054431 0.910543 0.024308 0.001872
2 2 0.003482 0.043629 0.925911 0.025272 0.001706
2 2 0.009164 0.053866 0.888202 0.046404 0.002364
2 2 0.032417 0.185105 0.716183 0.057507 0.008789
2 2 0.010675 0.033321 0.806603 0.148375 0.001028
2 2 0.022863 0.066987 0.841681 0.066109 0.002360
2 2 0.007317 0.027524 0.752388 0.211688 0.001082
2 2 0.007127 0.034740 0.832534 0.124517 0.001082
2 2 0.016996 0.070222 0.745099 0.163806 0.003877
2 3 0.005009 0.029472 0.865308 0.098346 0.001865
2 3 0.008217 0.044437 0.825847 0.119393 0.002106
2 3 0.004882 0.028199 0.697977 0.267863 0.001079
2 3 0.006049 0.035270 0.692807 0.264190 0.001684
2 3 0.038548 0.088469 0.558660 0.310395 0.003928
2 3 0.004309 0.024584 0.799045 0.171138 0.000925
2 3 0.006410 0.030765 0.667195 0.293791 0.001839
3 3 0.006256 0.012112 0.341208 0.639411 0.001013
2 3 0.016137 0.048775 0.671079 0.262036 0.001973
3 3 0.005530 0.015224 0.374990 0.602750 0.001506
3 3 0.007976 0.018766 0.359335 0.612165 0.001759
2 3 0.009088 0.049895 0.620698 0.317327 0.002991
3 3 0.007957 0.023136 0.388791 0.578082 0.002033
3 3 0.004579 0.022049 0.475994 0.494248 0.003129
2 3 0.009727 0.032222 0.646145 0.310088 0.001818
3 3 0.009599 0.020132 0.394774 0.573734 0.001761
2 3 0.013364 0.046907 0.605553 0.331753 0.002423
3 3 0.008302 0.015789 0.245020 0.728528 0.002361
3 3 0.036358 0.042562 0.313927 0.601033 0.006120
3 3 0.008952 0.014764 0.245482 0.727486 0.003315
3 3 0.009107 0.018848 0.247818 0.720352 0.003875
3 3 0.038185 0.015729 0.127708 0.811962 0.006415
3 3 0.016589 0.025794 0.270615 0.682523 0.004480
3 3 0.016288 0.012099 0.162219 0.805446 0.003948
3 3 0.023026 0.030218 0.341606 0.600688 0.004463
3 3 0.008844 0.008848 0.158335 0.821379 0.002594
3 3 0.029729 0.041550 0.287071 0.631533 0.010118
3 3 0.017254 0.015143 0.226377 0.738693 0.002533
3 3 0.055169 0.061069 0.333686 0.539937 0.010139
3 3 0.021416 0.013452 0.175893 0.784533 0.004707
3 3 0.017069 0.020755 0.277210 0.681201 0.003766
3 3 0.040878 0.034366 0.227043 0.688458 0.009256
3 3 0.027215 0.028340 0.261611 0.678618 0.004216
3 3 0.017384 0.027634 0.276990 0.670560 0.007432
3 3 0.008891 0.029083 0.418168 0.541787 0.002071
2 3 0.017664 0.037524 0.502711 0.437701 0.004399
3 3 0.010713 0.029931 0.465567 0.489174 0.004616
3 3 0.011153 0.012536 0.150801 0.820846 0.004663
3 3 0.011804 0.017314 0.201557 0.764515 0.004809
3 3 0.013061 0.014538 0.271471 0.698293 0.002637
3 3 0.015483 0.030960 0.260939 0.682036 0.010583
3 3 0.024295 0.028332 0.313496 0.631282 0.002595
3 3 0.012599 0.013053 0.133438 0.833537 0.007374
3 3 0.009359 0.018485 0.234368 0.733426 0.004362
3 3 0.027458 0.032773 0.241904 0.688394 0.009470
3 3 0.005984 0.017980 0.238836 0.731368 0.005831
3 3 0.018771 0.020949 0.217416 0.738191 0.004674
3 3 0.009702 0.028554 0.462947 0.493474 0.005323
3 3 0.018551 0.053652 0.425521 0.492435 0.009842
3 3 0.031943 0.056273 0.391530 0.504013 0.016240
3 3 0.006120 0.022591 0.305175 0.661247 0.004868
3 3 0.003561 0.017324 0.352420 0.624190 0.002505
2 2 0.026120 0.312360 0.581433 0.012113 0.067974
0 1 0.352425 0.267524 0.281837 0.051486 0.046728
1 1 0.131445 0.476441 0.302107 0.011014 0.078993
2 2 0.008095 0.163950 0.767708 0.003776 0.056471
2 2 0.019971 0.376311 0.492220 0.004441 0.107058
2 2 0.013490 0.304071 0.606581 0.005869 0.069989
2 2 0.008518 0.192801 0.744157 0.003479 0.051045
2 2 0.026991 0.291281 0.593667 0.004556 0.083505
2 2 0.014738 0.257548 0.666957 0.003856 0.056901
2 2 0.030908 0.368657 0.537579 0.010832 0.052025
1 2 0.047231 0.422925 0.414343 0.006684 0.108816
2 2 0.023636 0.383522 0.507024 0.006277 0.079540
2 2 0.020851 0.199410 0.704598 0.003546 0.071595
2 2 0.005652 0.081638 0.882453 0.002186 0.028071
2 2 0.001349 0.053190 0.925679 0.001105 0.018677
2 2 0.003361 0.119165 0.829120 0.001310 0.047044
2 2 0.017980 0.297923 0.467771 0.002097 0.214230
2 4 0.011899 0.230071 0.562594 0.001359 0.194078
2 4 0.007761 0.203913 0.658851 0.001214 0.128261
1 4 0.027003 0.341787 0.310596 0.001901 0.318713
1 4 0.054684 0.373282 0.235482 0.005511 0.331041
1 4 0.079079 0.459968 0.214691 0.005675 0.240587
1 4 0.060924 0.397152 0.152984 0.003940 0.385000
4 4 0.072182 0.367524 0.126754 0.003985 0.429556
1 4 0.039736 0.364626 0.303140 0.004371 0.288126
4 4 0.064293 0.372701 0.127088 0.003332 0.432585
1 4 0.183804 0.399778 0.112786 0.005557 0.298075
4 4 0.227506 0.252818 0.044771 0.003661 0.471244
1 4 0.325659 0.340289 0.073313 0.003824 0.256914
1 4 0.122452 0.410388 0.105191 0.003639 0.358330
0 4 0.779960 0.116348 0.026738 0.005570 0.071383
1 4 0.170138 0.438534 0.121314 0.004162 0.265853
1 4 0.187477 0.430286 0.112902 0.003891 0.265443
0 4 0.405295 0.333744 0.105718 0.008125 0.147118
1 4 0.211607 0.382385 0.079843 0.002899 0.323266
0 4 0.494882 0.210721 0.042490 0.005828 0.246079
0 4 0.413169 0.222205 0.031939 0.002453 0.330234
1 4 0.239224 0.420329 0.158007 0.008900 0.173540
0 0 0.717045 0.152661 0.050176 0.011611 0.068507
0 0 0.790353 0.110098 0.019194 0.002859 0.077496
1 1 0.250546 0.454596 0.157789 0.005327 0.131742
1 1 0.134674 0.517509 0.235897 0.005447 0.106473
1 1 0.191015 0.492529 0.193904 0.005278 0.117274
2 2 0.026851 0.332544 0.492374 0.003156 0.145075
2 2 0.006331 0.147405 0.754875 0.001629 0.089760
2 2 0.011416 0.289346 0.599850 0.002808 0.096580
2 2 0.005740 0.145328 0.798619 0.002250 0.048063
2 2 0.017769 0.392326 0.486747 0.003809 0.099349
2 2 0.002192 0.073833 0.889932 0.001152 0.032891
2 2 0.020200 0.328337 0.466993 0.003155 0.181316
2 2 0.003738 0.098482 0.819665 0.000884 0.077230
2 2 0.025330 0.328594 0.494614 0.003375 0.148086
2 2 0.001158 0.049421 0.925209 0.000622 0.023590
2 2 0.002885 0.087667 0.868456 0.001413 0.039579
2 2 0.012510 0.274518 0.579237 0.002409 0.131326
2 2 0.005070 0.111114 0.802325 0.001427 0.080063
2 2 0.003724 0.135101 0.778711 0.000703 0.081761
2 2 0.000264 0.016965 0.975590 0.000278 0.006902
2 2 0.001784 0.062442 0.879467 0.000404 0.055903
2 2 0.003933 0.144778 0.767227 0.000735 0.083327
2 2 0.004436 0.125424 0.798409 0.001250 0.070481
2 2 0.001449 0.061065 0.902695 0.000532 0.034260
2 2 0.007817 0.182613 0.664481 0.001105 0.143984
2 2 0.007017 0.218703 0.662076 0.001187 0.111017
2 2 0.002335 0.088757 0.851298 0.000571 0.057039
2 2 0.001331 0.059018 0.909381 0.000555 0.029715
2 2 0.010874 0.205578 0.604010 0.001403 0.178135
2 2 0.002808 0.110000 0.822815 0.000636 0.063741
2 2 0.002348 0.085342 0.870497 0.000922 0.040891
2 2 0.005218 0.181099 0.732133 0.001185 0.080364
2 2 0.001087 0.048915 0.910649 0.000280 0.039068
2 2 0.002130 0.092740 0.863389 0.000737 0.041005
2 2 0.008224 0.199652 0.692835 0.002044 0.097244
2 2 0.002330 0.091268 0.865756 0.000919 0.039727
2 2 0.001381 0.068739 0.903573 0.000685 0.025622
2 2 0.002507 0.084990 0.863970 0.000850 0.047682
2 2 0.004875 0.175703 0.721040 0.000805 0.097578
2 2 0.000631 0.033708 0.949606 0.000387 0.015668
1 1 0.302270 0.330880 0.275549 0.019097 0.072205
0 1 0.389283 0.365151 0.159265 0.009920 0.076382
1 2 0.258127 0.414067 0.255090 0.013996 0.058719
2 2 0.016599 0.291263 0.612586 0.002560 0.076992
2 2 0.002208 0.078604 0.901236 0.001235 0.016717
2 2 0.021971 0.227084 0.680314 0.002470 0.068161
2 2 0.010452 0.201217 0.736422 0.001997 0.049911
1 2 0.092404 0.433852 0.414438 0.011415 0.047891
2 2 0.054131 0.299467 0.561270 0.004188 0.080944
1 2 0.177195 0.406497 0.362519 0.018855 0.034935
1 2 0.197483 0.473512 0.266552 0.007535 0.054918
2 2 0.056487 0.422622 0.464184 0.006432 0.050275
2 2 0.001883 0.041499 0.949238 0.001666 0.005714
2 2 0.036558 0.315782 0.592183 0.005483 0.049994
2 2 0.022419 0.353248 0.562144 0.003256 0.058933
2 2 0.002603 0.097281 0.877786 0.001034 0.021296
2 2 0.027468 0.332293 0.590394 0.005282 0.044563
2 2 0.019106 0.393553 0.535063 0.003369 0.048909
2 2 0.009315 0.147524 0.810814 0.002188 0.030159
2 2 0.012239 0.239828 0.714712 0.004028 0.029192
2 2 0.005303 0.183742 0.780353 0.001970 0.028632
2 2 0.024870 0.230183 0.678171 0.002876 0.063899
2 2 0.007824 0.146953 0.819946 0.002484 0.022794
2 2 0.004839 0.194035 0.771910 0.002136 0.027081
2 2 0.018352 0.221166 0.714650 0.003114 0.042718
2 2 0.002649 0.112600 0.867311 0.001465 0.015976
2 2 0.083430 0.273480 0.598368 0.012645 0.032077
2 2 0.015328 0.326918 0.610082 0.002717 0.044955
2 2 0.026133 0.229810 0.693478 0.003591 0.046989
2 2 0.005581 0.128558 0.838615 0.001747 0.025499
2 2 0.014654 0.239068 0.699546 0.002483 0.044249
2 2 0.002945 0.110018 0.867986 0.001624 0.017427
2 2 0.014819 0.195831 0.753979 0.002698 0.032674
2 2 0.038336 0.215851 0.706086 0.006888 0.032840
1 2 0.078202 0.481671 0.384647 0.008705 0.046774
1 2 0.251909 0.381420 0.306871 0.017617 0.042184
1 2 0.160159 0.491812 0.276325 0.007263 0.064441
2 2 0.044977 0.331038 0.548250 0.004010 0.071726
2 2 0.111740 0.286567 0.513060 0.009237 0.079397
2 2 0.036053 0.283655 0.606680 0.004293 0.069318
2 2 0.027353 0.239456 0.655629 0.003179 0.074382
2 2 0.024703 0.228082 0.697296 0.004278 0.045642
2 2 0.033753 0.347189 0.521569 0.003732 0.093757
2 2 0.018228 0.171799 0.766733 0.003655 0.039584
2 2 0.012172 0.211408 0.701895 0.002421 0.072104
2 2 0.014871 0.182452 0.755262 0.003624 0.043792
2 2 0.014652 0.227720 0.689346 0.002705 0.065576
2 2 0.025821 0.320891 0.587169 0.003945 0.062174
2 2 0.011676 0.196316 0.750297 0.003376 0.038335
2 2 0.047568 0.195146 0.713560 0.008878 0.034849
1 2 0.110580 0.472976 0.332009 0.011991 0.072445
2 2 0.010678 0.136294 0.801069 0.002545 0.049414
2 2 0.003345 0.043708 0.944556 0.003008 0.005383
2 2 0.014995 0.162977 0.783582 0.003674 0.034771
0 2 0.441324 0.274947 0.218539 0.029467 0.035722
1 2 0.265563 0.427032 0.220560 0.010790 0.076055
1 2 0.148083 0.489297 0.291154 0.007989 0.063476
0 2 0.732503 0.158990 0.051664 0.008026 0.048816
1 2 0.201172 0.466090 0.238239 0.008942 0.085558
1 2 0.186975 0.447106 0.241115 0.008039 0.116764
0 2 0.447456 0.350251 0.111796 0.005139 0.085357
2 2 0.042542 0.211599 0.666680 0.003800 0.075379
2 2 0.002396 0.061560 0.920675 0.001596 0.013773
1 2 0.229795 0.452060 0.209146 0.008815 0.100184
1 2 0.342156 0.396262 0.171171 0.008804 0.081607
0 0 0.788553 0.126504 0.028043 0.003610 0.053290
0 0 0.916153 0.044916 0.016308 0.009256 0.013367
0 0 0.961624 0.023754 0.005631 0.002286 0.006705
0 0 0.975922 0.016081 0.002118 0.000459 0.005420
0 0 0.955249 0.027717 0.003075 0.000449 0.013510
0 0 0.960351 0.025222 0.003471 0.000689 0.010268
0 0 0.958936 0.026008 0.003517 0.000675 0.010864
0 0 0.954691 0.028289 0.005595 0.001702 0.009723
0 0 0.987109 0.009074 0.001124 0.000269 0.002425
0 0 0.967998 0.020730 0.003606 0.001029 0.006637
0 0 0.960739 0.024851 0.002991 0.000502 0.010917
0 0 0.929651 0.041046 0.004624 0.000605 0.024074
0 0 0.865682 0.081563 0.011295 0.001048 0.040411
0 0 0.982732 0.011816 0.001782 0.000505 0.003164
0 0 0.927560 0.042251 0.004934 0.000669 0.024586
0 0 0.985451 0.010071 0.001527 0.000459 0.002493
0 0 0.984475 0.010767 0.001242 0.000258 0.003258
0 0 0.930757 0.038010 0.002756 0.000210 0.028267
0 0 0.936500 0.037405 0.004019 0.000510 0.021567
0 0 0.929894 0.038975 0.003084 0.000261 0.027786
0 0 0.954290 0.027627 0.002486 0.000278 0.015320
0 0 0.865166 0.081503 0.010793 0.000947 0.041591
0 0 0.810987 0.115919 0.018083 0.001435 0.053576
0 0 0.887157 0.066691 0.008679 0.000935 0.036539
0 0 0.796556 0.124074 0.015753 0.000868 0.062749
0 0 0.625652 0.240011 0.047322 0.002149 0.084865
0 0 0.892754 0.058821 0.006823 0.000819 0.040784
0 0 0.828163 0.095594 0.009661 0.000585 0.065996
0 0 0.893692 0.054769 0.004278 0.000316 0.046946
0 0 0.567073 0.275166 0.056283 0.002337 0.099142
0 0 0.526866 0.298812 0.060822 0.002296 0.111205
0 1 0.385083 0.381511 0.093377 0.003163 0.136867
0 1 0.450360 0.343187 0.076643 0.002744 0.127065
2 1 0.013503 0.258173 0.558159 0.001999 0.168167
1 2 0.050950 0.433332 0.388276 0.004948 0.122494
2 2 0.010311 0.179538 0.714277 0.002587 0.093287
2 2 0.010182 0.200893 0.657175 0.002018 0.129731
2 2 0.013257 0.277332 0.587776 0.003105 0.118530
2 2 0.012669 0.254287 0.545182 0.001526 0.186335
2 2 0.009782 0.188343 0.532157 0.000623 0.269095
2 2 0.005600 0.144785 0.731970 0.000895 0.116750
4 4 0.206057 0.335222 0.063616 0.002851 0.392255
1 4 0.047422 0.464827 0.197612 0.003212 0.286928
4 4 0.029546 0.173611 0.086047 0.000379 0.710417
1 4 0.281916 0.396965 0.127445 0.007136 0.186537
1 4 0.047607 0.431182 0.177983 0.003150 0.340079
1 4 0.195298 0.395882 0.082596 0.002660 0.323564
4 4 0.180817 0.300790 0.048934 0.002118 0.467341
1 4 0.145501 0.416347 0.103068 0.003445 0.331638
0 4 0.497296 0.196106 0.027553 0.002435 0.276609
0 4 0.541957 0.179028 0.021592 0.001657 0.255766
0 4 0.485484 0.194158 0.024612 0.001898 0.293848
0 4 0.577595 0.173782 0.023165 0.002080 0.223379
1 4 0.160083 0.396018 0.095120 0.003652 0.345128
0 4 0.388255 0.264442 0.045407 0.003137 0.298759
0 4 0.369351 0.281132 0.047640 0.002789 0.299089
4 4 0.155036 0.211460 0.023265 0.001013 0.609226
0 0 0.882619 0.066203 0.014776 0.003942 0.032461
1 1 0.195181 0.391147 0.078150 0.002434 0.333087
4 1 0.102297 0.356216 0.075107 0.002532 0.463848
4 4 0.055463 0.344553 0.077510 0.001395 0.521079
4 4 0.076787 0.207979 0.027532 0.000992 0.686710
4 4 0.192077 0.310133 0.050859 0.002117 0.444815
4 4 0.057908 0.246851 0.039171 0.000754 0.655316
0 0 0.833628 0.087886 0.013939 0.002161 0.062386
0 0 0.958490 0.026302 0.004496 0.001162 0.009550
0 0 0.870324 0.067249 0.006719 0.000634 0.055074
0 0 0.778683 0.106899 0.012925 0.001289 0.100204
0 1 0.815456 0.089134 0.008902 0.000754 0.085754
1 1 0.124103 0.497278 0.144673 0.003036 0.230911
1 2 0.029595 0.356534 0.275696 0.001904 0.336272
4 2 0.020024 0.274611 0.221552 0.000519 0.483294
4 2 0.028796 0.292315 0.216000 0.001060 0.461829
4 4 0.038739 0.272657 0.101920 0.000799 0.585885
4 4 0.066244 0.290873 0.044447 0.001077 0.597359
4 4 0.034722 0.372903 0.170595 0.001325 0.420455
4 4 0.021977 0.279621 0.237254 0.000691 0.460457
4 4 0.070303 0.265661 0.046803 0.001321 0.615912
4 4 0.046332 0.369098 0.098283 0.001267 0.485019
4 4 0.072625 0.196195 0.022015 0.000738 0.708427
4 4 0.045289 0.325564 0.102253 0.001173 0.525721
4 4 0.133640 0.319418 0.048657 0.001420 0.496865
4 4 0.100923 0.217313 0.031957 0.001473 0.648335
4 4 0.181553 0.196088 0.016561 0.000559 0.605239
4 4 0.267455 0.205437 0.019288 0.000828 0.506992
1 4 0.124171 0.409519 0.083255 0.002006 0.381050
4 4 0.072195 0.181386 0.018891 0.000643 0.726885
0 4 0.403292 0.211545 0.027758 0.002058 0.355348
4 4 0.179956 0.224941 0.025561 0.001114 0.568428
4 4 0.038388 0.323564 0.151638 0.001278 0.485132
4 2 0.160241 0.309929 0.050285 0.001919 0.477626
1 2 0.287274 0.359949 0.063409 0.002086 0.287283
4 2 0.028018 0.296440 0.169762 0.000743 0.505037
4 2 0.009207 0.138370 0.248988 0.000121 0.603314
4 2 0.009625 0.157651 0.218801 0.000111 0.613811
4 2 0.012734 0.167926 0.288074 0.000277 0.530989
4 2 0.010414 0.181055 0.320753 0.000223 0.487555
4 2 0.007670 0.141086 0.326431 0.000124 0.524688
4 2 0.013974 0.188170 0.194636 0.000201 0.603019
4 4 0.018851 0.142074 0.098188 0.000341 0.740546
4 4 0.057377 0.171295 0.020513 0.000433 0.750382
4 4 0.040504 0.267493 0.099257 0.000847 0.591899
4 4 0.038976 0.165770 0.035472 0.000309 0.759472
4 4 0.039303 0.224541 0.054696 0.000452 0.681008
4 4 0.056437 0.181544 0.026096 0.000506 0.735417
4 4 0.054078 0.217779 0.043931 0.000711 0.683500
4 4 0.061624 0.229649 0.030959 0.000700 0.677068
4 4 0.038907 0.156517 0.025322 0.000236 0.779017
4 4 0.061653 0.225915 0.042408 0.000905 0.669120
4 4 0.039092 0.228708 0.055648 0.000455 0.676097
4 4 0.088052 0.187172 0.019009 0.000659 0.705107
4 4 0.060839 0.163252 0.013983 0.000363 0.761563
4 4 0.055017 0.153146 0.011707 0.000260 0.779871
4 4 0.073126 0.278705 0.049725 0.001279 0.597165
4 4 0.065324 0.170846 0.015942 0.000463 0.747426
4 4 0.067716 0.198121 0.024376 0.000694 0.709094
4 4 0.045813 0.206970 0.032132 0.000393 0.714692
4 4 0.171535 0.188232 0.014283 0.000418 0.625532
4 4 0.137023 0.253649 0.037829 0.001826 0.569674
4 4 0.060025 0.224994 0.026596 0.000586 0.687800
4 4 0.199200 0.211001 0.021962 0.000974 0.566863
4 4 0.047832 0.310038 0.102258 0.001283 0.538590
4 4 0.014126 0.192133 0.226221 0.000247 0.567274
4 4 0.043502 0.321265 0.146241 0.001574 0.487418
1 4 0.083539 0.432012 0.143004 0.004099 0.337346
2 4 0.016658 0.315308 0.418399 0.001346 0.248289
2 4 0.018277 0.376381 0.419483 0.002257 0.183602
2 4 0.004969 0.149935 0.663583 0.000366 0.181147
2 2 0.004869 0.160457 0.657695 0.000353 0.176626
2 2 0.003137 0.113626 0.737024 0.000240 0.145974
2 2 0.003419 0.097134 0.777565 0.000396 0.121487
2 2 0.004108 0.122234 0.623696 0.000170 0.249791
2 2 0.001153 0.056227 0.855269 0.000099 0.087252
2 2 0.001307 0.063726 0.891696 0.000317 0.042955
2 2 0.001217 0.047454 0.897086 0.000227 0.054016
2 2 0.000581 0.034710 0.945289 0.000250 0.019171
2 2 0.001316 0.058283 0.883532 0.000228 0.056641
2 2 0.000965 0.051594 0.919411 0.000348 0.027682
2 2 0.004026 0.117027 0.743999 0.000430 0.134518
2 2 0.000484 0.023234 0.962949 0.000342 0.012992
2 2 0.000679 0.043197 0.938185 0.000348 0.017591
2 2 0.000169 0.013324 0.983076 0.000379 0.003052
2 2 0.000622 0.036578 0.947782 0.000402 0.014617
2 2 0.000889 0.039069 0.936679 0.000425 0.022937
2 2 0.000371 0.020484 0.973387 0.000765 0.004993
2 2 0.000569 0.036606 0.954414 0.000806 0.007605
2 2 0.000478 0.029420 0.957730 0.000339 0.012033
2 2 0.000176 0.012574 0.983094 0.000307 0.003849
2 2 0.000577 0.034184 0.952032 0.000425 0.012781
2 2 0.000399 0.021960 0.970644 0.000621 0.006376
2 2 0.000162 0.013931 0.982819 0.000567 0.002520
2 2 0.000036 0.006063 0.992166 0.000607 0.001128
2 2 0.000152 0.012600 0.983785 0.000299 0.003165
2 2 0.000132 0.008888 0.988356 0.001475 0.001149
2 2 0.000222 0.015509 0.979518 0.002736 0.002015
2 2 0.000055 0.007387 0.989247 0.002196 0.001115
2 2 0.000590 0.014225 0.980826 0.003085 0.001274
2 2 0.000219 0.011913 0.984128 0.002521 0.001219
2 2 0.002065 0.054252 0.933003 0.005591 0.005090
2 2 0.000009 0.002865 0.995672 0.000895 0.000558
2 2 0.000394 0.022872 0.971257 0.001425 0.004052
2 2 0.000089 0.009780 0.985972 0.002109 0.002049
2 2 0.000080 0.006777 0.987223 0.005214 0.000706
2 2 0.000635 0.019008 0.976199 0.002916 0.001242
2 2 0.000119 0.012330 0.981441 0.004106 0.002004
2 2 0.000148 0.013596 0.979782 0.004077 0.002397
2 2 0.000104 0.011408 0.985118 0.001542 0.001828
2 2 0.000204 0.013688 0.981455 0.003151 0.001502
2 2 0.000124 0.010779 0.984649 0.003388 0.001060
2 2 0.000503 0.020980 0.963735 0.009837 0.004945
2 2 0.000176 0.007431 0.983254 0.008707 0.000432
2 2 0.001204 0.026714 0.943797 0.025529 0.002756
2 2 0.000213 0.010281 0.971508 0.016844 0.001153
2 2 0.000046 0.006729 0.980621 0.011049 0.001555
2 2 0.000138 0.006581 0.915544 0.077072 0.000665
2 2 0.000766 0.038521 0.944288 0.008912 0.007513
2 2 0.000480 0.018068 0.903859 0.075988 0.001605
2 2 0.000865 0.026185 0.947463 0.020677 0.004810
2 2 0.000474 0.017144 0.952795 0.027780 0.001807
2 2 0.001235 0.040861 0.864335 0.085284 0.008286
2 3 0.000600 0.011710 0.862156 0.123935 0.001600
2 3 0.000611 0.015438 0.856887 0.125408 0.001656
2 3 0.000599 0.016093 0.916837 0.065651 0.000820
2 3 0.002567 0.043602 0.883820 0.066731 0.003281
2 3 0.000797 0.030429 0.955194 0.010758 0.002822
2 3 0.001125 0.016849 0.952464 0.028551 0.001009
2 3 0.002926 0.038833 0.945213 0.010437 0.002591
2 3 0.000235 0.008001 0.956980 0.033991 0.000793
2 3 0.001135 0.024375 0.942065 0.030896 0.001529
2 3 0.000091 0.006296 0.988560 0.004290 0.000764
2 3 0.000675 0.013162 0.955212 0.030122 0.000828
2 3 0.004531 0.032368 0.893050 0.067584 0.002467
2 3 0.002090 0.025334 0.821409 0.147475 0.003692
2 3 0.001958 0.078358 0.905396 0.006322 0.007966
2 3 0.001919 0.022935 0.884365 0.087145 0.003636
2 3 0.003110 0.031075 0.944732 0.019729 0.001355
2 3 0.001991 0.040664 0.914031 0.038335 0.004980
2 3 0.019782 0.059286 0.870768 0.047751 0.002412
2 3 0.001079 0.027890 0.906076 0.062658 0.002297
2 3 0.001415 0.019034 0.894101 0.083827 0.001623
2 3 0.000989 0.020202 0.930079 0.046535 0.002196
3 3 0.001336 0.008625 0.295724 0.693027 0.001289
2 2 0.016152 0.308071 0.603949 0.010685 0.061143
2 2 0.013422 0.264663 0.665554 0.006437 0.049924
2 2 0.001637 0.039487 0.952493 0.003291 0.003092
2 2 0.159860 0.381106 0.389721 0.030176 0.039137
2 2 0.006420 0.213274 0.735029 0.002160 0.043117
2 2 0.009219 0.222271 0.708880 0.003608 0.056022
2 2 0.000346 0.022767 0.973235 0.000842 0.002809
2 2 0.048507 0.396153 0.482837 0.007671 0.064831
2 2 0.003341 0.065488 0.914533 0.001568 0.015070
2 2 0.000420 0.020388 0.975021 0.000993 0.003179
2 2 0.002898 0.049533 0.937320 0.002450 0.007799
2 2 0.010327 0.241492 0.683060 0.002080 0.063041
2 2 0.006018 0.153740 0.816034 0.002563 0.021644
2 2 0.000430 0.023823 0.971774 0.001071 0.002902
2 2 0.025521 0.338246 0.534488 0.003363 0.098382
2 2 0.138131 0.322053 0.441436 0.010712 0.087668
1 2 0.067043 0.437774 0.298013 0.005448 0.191722
