0 0 0.907187 0.074243 0.007380 0.000149 0.011040
1 0 0.315023 0.485342 0.176925 0.001017 0.021693
0 0 0.745451 0.147762 0.084846 0.004011 0.017930
0 0 0.737089 0.133123 0.093960 0.011276 0.024550
0 0 0.691466 0.104140 0.182101 0.012085 0.010208
0 0 0.922741 0.044297 0.021233 0.002373 0.009355
0 0 0.913422 0.066800 0.008945 0.000248 0.010585
0 0 0.898920 0.080405 0.008180 0.000178 0.012317
0 0 0.504717 0.374098 0.089129 0.000753 0.031303
0 0 0.834458 0.133382 0.017327 0.000242 0.014591
0 0 0.529894 0.367213 0.068009 0.000288 0.034597
1 0 0.334450 0.476308 0.113910 0.000788 0.074544
0 0 0.561291 0.341298 0.063618 0.000358 0.033434
1 0 0.235590 0.563628 0.134079 0.000273 0.066430
1 0 0.158318 0.565815 0.168572 0.000789 0.106505
1 0 0.066897 0.575351 0.267143 0.001285 0.089325
1 1 0.096325 0.565063 0.163588 0.000600 0.174425
1 1 0.166082 0.568648 0.157540 0.000600 0.107130
1 1 0.096599 0.580199 0.207738 0.000909 0.114556
1 1 0.176065 0.558088 0.138126 0.000499 0.127222
1 1 0.070921 0.562663 0.215360 0.001157 0.149899
1 1 0.051437 0.547805 0.241378 0.001534 0.157846
1 2 0.039111 0.546986 0.248330 0.001210 0.164363
1 2 0.037339 0.533483 0.348540 0.002521 0.078118
2 2 0.011008 0.361319 0.567016 0.005414 0.055242
2 2 0.012965 0.311311 0.633589 0.003053 0.039082
2 2 0.015435 0.179897 0.770082 0.002565 0.032021
2 2 0.001340 0.025277 0.965031 0.001179 0.007172
2 2 0.024402 0.233332 0.692724 0.003376 0.046165
1 1 0.140699 0.563877 0.178617 0.000987 0.115821
2 0 0.081881 0.379902 0.471574 0.003212 0.063431
2 1 0.005598 0.342832 0.528020 0.001528 0.122022
1 1 0.026448 0.566641 0.274485 0.000374 0.132051
2 1 0.021595 0.440683 0.450380 0.000679 0.086662
2 2 0.005165 0.325075 0.574877 0.001198 0.093685
2 2 0.004372 0.201767 0.717445 0.000488 0.075928
2 2 0.005527 0.231420 0.648263 0.000714 0.114076
2 2 0.000607 0.066368 0.908927 0.005497 0.018601
2 2 0.000140 0.010128 0.983095 0.000708 0.005930
2 2 0.004293 0.097998 0.873804 0.001388 0.022517
2 1 0.024296 0.270633 0.647867 0.000930 0.056275
2 1 0.005400 0.301095 0.570565 0.000918 0.122022
2 1 0.000514 0.065108 0.909853 0.001477 0.023047
2 2 0.000317 0.033341 0.959608 0.002126 0.004608
2 2 0.001901 0.090284 0.881401 0.010705 0.015709
2 2 0.003898 0.147536 0.800828 0.001495 0.046244
2 2 0.000307 0.018600 0.973571 0.001378 0.006144
2 2 0.000040 0.003191 0.994436 0.000873 0.001460
2 2 0.000082 0.004207 0.991321 0.001234 0.003156
2 2 0.000204 0.003354 0.992193 0.001161 0.003089
2 2 0.000116 0.001210 0.995116 0.001852 0.001707
2 2 0.000186 0.003505 0.992048 0.002150 0.002110
2 2 0.000265 0.004134 0.988494 0.004309 0.002799
2 2 0.000564 0.021728 0.965004 0.002179 0.010525
2 2 0.000159 0.010809 0.985363 0.000985 0.002685
2 2 0.000111 0.005273 0.990982 0.001127 0.002507
2 2 0.000225 0.007109 0.984856 0.002285 0.005524
2 2 0.000177 0.000507 0.992936 0.005735 0.000645
2 2 0.000250 0.003845 0.984078 0.007886 0.003941
2 2 0.000218 0.001989 0.992445 0.003291 0.002058
2 2 0.000603 0.001037 0.911504 0.085443 0.001413
2 2 0.000581 0.000754 0.868017 0.129557 0.001091
2 2 0.001371 0.004096 0.943579 0.047836 0.003118
2 2 0.000683 0.002270 0.860208 0.135232 0.001608
2 2 0.000500 0.000741 0.871784 0.126189 0.000785
2 3 0.001198 0.005695 0.838640 0.152047 0.002420
2 3 0.001201 0.002370 0.702011 0.293111 0.001307
3 3 0.001557 0.001889 0.492986 0.502740 0.000828
2 3 0.000589 0.000968 0.763460 0.234165 0.000819
2 3 0.000753 0.001426 0.795074 0.201703 0.001044
2 3 0.000950 0.000746 0.613164 0.384640 0.000500
3 3 0.000897 0.000534 0.261132 0.737236 0.000201
2 3 0.001551 0.001685 0.541642 0.454178 0.000944
2 3 0.001237 0.002866 0.772819 0.221195 0.001883
2 3 0.001036 0.001210 0.596202 0.400772 0.000780
2 3 0.000913 0.001206 0.593510 0.403719 0.000652
3 3 0.002226 0.000737 0.093146 0.903680 0.000210
3 3 0.001993 0.001259 0.282365 0.713841 0.000542
3 3 0.001832 0.001019 0.172638 0.824227 0.000285
3 3 0.003211 0.002171 0.241955 0.751903 0.000760
3 3 0.001409 0.001091 0.341927 0.655120 0.000453
3 3 0.001137 0.000541 0.229277 0.768809 0.000236
3 3 0.004783 0.004948 0.237597 0.751597 0.001075
3 3 0.002999 0.001134 0.107193 0.888344 0.000329
3 3 0.001685 0.000412 0.070498 0.927279 0.000125
3 3 0.002788 0.001581 0.224943 0.770073 0.000615
3 3 0.004149 0.001672 0.116847 0.876819 0.000513
3 3 0.002857 0.000703 0.075398 0.920800 0.000242
3 3 0.003290 0.002126 0.226075 0.767782 0.000727
3 3 0.001876 0.002171 0.428964 0.566177 0.000812
3 3 0.003227 0.002720 0.264586 0.728653 0.000815
3 3 0.001752 0.001325 0.291120 0.705335 0.000469
3 3 0.004398 0.002293 0.143504 0.849164 0.000641
3 3 0.003399 0.003966 0.278970 0.712801 0.000865
3 3 0.004457 0.005289 0.273221 0.715887 0.001145
2 3 0.002934 0.006687 0.615149 0.372793 0.002437
3 3 0.002450 0.001067 0.117029 0.879177 0.000278
2 3 0.006557 0.056114 0.778056 0.144671 0.014602
2 3 0.001643 0.007018 0.757266 0.231927 0.002146
2 2 0.002702 0.165282 0.688380 0.003690 0.139946
2 2 0.001943 0.047121 0.919388 0.018524 0.013024
2 2 0.003337 0.130247 0.807544 0.019525 0.039348
2 2 0.001464 0.081247 0.868387 0.006379 0.042523
2 2 0.001117 0.049947 0.921279 0.011085 0.016572
2 2 0.003741 0.153274 0.559077 0.002453 0.281455
2 2 0.002498 0.119530 0.735627 0.003780 0.138566
2 2 0.004612 0.176575 0.681484 0.007781 0.129548
2 2 0.002224 0.129448 0.758154 0.004249 0.105925
2 2 0.001414 0.061081 0.825707 0.002843 0.108957
2 2 0.007184 0.228863 0.458336 0.004199 0.301419
2 2 0.004898 0.153717 0.652861 0.005999 0.182526
2 2 0.003100 0.161074 0.613035 0.002604 0.220188
2 1 0.060550 0.232418 0.622814 0.002398 0.081820
2 1 0.004973 0.176546 0.627353 0.003515 0.187613
2 2 0.002694 0.101002 0.802807 0.007294 0.086203
2 2 0.000451 0.025693 0.946039 0.003590 0.024228
2 2 0.000625 0.015771 0.957846 0.017625 0.008133
2 2 0.000213 0.004195 0.987874 0.005742 0.001976
2 2 0.000145 0.008089 0.983532 0.003084 0.005150
2 2 0.000289 0.008022 0.981269 0.005352 0.005068
2 2 0.000115 0.010199 0.980424 0.002553 0.006709
2 2 0.000082 0.002607 0.988713 0.006799 0.001799
2 2 0.000285 0.006531 0.987301 0.001274 0.004610
2 2 0.000405 0.008008 0.962615 0.025316 0.003656
2 2 0.000250 0.001895 0.993508 0.002884 0.001462
2 2 0.000123 0.004909 0.986670 0.005280 0.003017
2 2 0.000159 0.001899 0.988165 0.008365 0.001411
2 2 0.000101 0.008175 0.983245 0.002535 0.005944
2 2 0.000092 0.000698 0.993509 0.004823 0.000878
2 2 0.000129 0.011535 0.974821 0.001674 0.011841
2 2 0.000092 0.003307 0.989371 0.004098 0.003132
2 2 0.000069 0.001727 0.994467 0.002779 0.000958
2 2 0.000127 0.004847 0.983924 0.008487 0.002616
2 2 0.000066 0.001241 0.988309 0.009297 0.001088
2 2 0.000112 0.003564 0.988926 0.005015 0.002383
2 2 0.000097 0.003333 0.988962 0.005055 0.002553
2 2 0.000223 0.008163 0.981152 0.006072 0.004390
2 2 0.000289 0.001344 0.970370 0.026872 0.001126
2 2 0.000114 0.005368 0.985505 0.005893 0.003120
2 2 0.000138 0.001818 0.991684 0.004617 0.001742
2 2 0.000202 0.000803 0.944553 0.053675 0.000766
2 2 0.000350 0.000828 0.863305 0.134975 0.000541
2 2 0.000103 0.001068 0.979357 0.018378 0.001094
2 2 0.000174 0.000860 0.958126 0.040026 0.000814
2 2 0.000282 0.002680 0.954937 0.040343 0.001758
2 2 0.000684 0.002745 0.929051 0.066071 0.001450
2 2 0.000411 0.002846 0.930596 0.064392 0.001756
2 2 0.000296 0.000791 0.966748 0.031458 0.000707
2 2 0.000506 0.002168 0.983528 0.011585 0.002213
2 2 0.000162 0.000756 0.992915 0.005360 0.000807
2 3 0.002083 0.003589 0.721445 0.270100 0.002782
2 3 0.000358 0.001065 0.896547 0.100928 0.001102
2 3 0.000762 0.001230 0.771384 0.225476 0.001148
2 3 0.001768 0.001885 0.607380 0.387563 0.001403
2 3 0.003945 0.012692 0.838332 0.139425 0.005606
2 3 0.001701 0.003657 0.746653 0.245591 0.002398
3 3 0.005443 0.007154 0.349206 0.636238 0.001959
2 3 0.002931 0.007744 0.739278 0.245839 0.004208
3 3 0.004584 0.004836 0.347495 0.641419 0.001667
3 3 0.007846 0.011102 0.311360 0.667177 0.002515
2 3 0.002969 0.004831 0.524357 0.466003 0.001841
3 3 0.002572 0.003051 0.390230 0.603150 0.000997
3 3 0.003279 0.004494 0.364066 0.627008 0.001153
3 3 0.004439 0.004451 0.348990 0.640487 0.001633
3 3 0.003160 0.002623 0.227406 0.766146 0.000665
3 3 0.002195 0.002152 0.372349 0.622499 0.000806
3 3 0.010696 0.017844 0.386545 0.580120 0.004794
3 3 0.007004 0.011975 0.475959 0.500954 0.004107
2 3 0.001962 0.002970 0.510753 0.483212 0.001103
3 3 0.004560 0.004015 0.211518 0.778989 0.000918
3 3 0.002244 0.001565 0.222874 0.772861 0.000456
3 3 0.003949 0.005607 0.470008 0.518299 0.002135
3 3 0.005360 0.004602 0.252242 0.736430 0.001366
3 3 0.005123 0.010101 0.426913 0.555567 0.002297
3 3 0.006961 0.010895 0.465213 0.512955 0.003976
3 3 0.005268 0.005591 0.355431 0.631693 0.002017
3 3 0.014384 0.019312 0.305837 0.655413 0.005053
2 3 0.007891 0.023571 0.713515 0.246288 0.008735
2 3 0.007959 0.018594 0.498947 0.469551 0.004949
2 3 0.001954 0.004815 0.589470 0.402408 0.001353
3 3 0.010612 0.019883 0.448109 0.515453 0.005942
3 3 0.008279 0.014028 0.477677 0.494970 0.005046
3 3 0.006970 0.012418 0.449532 0.527421 0.003659
3 3 0.007689 0.011796 0.465366 0.510660 0.004489
2 3 0.019845 0.053251 0.692866 0.219153 0.014886
3 3 0.011334 0.012857 0.301947 0.669997 0.003866
3 3 0.007010 0.007602 0.455542 0.526571 0.003276
3 3 0.010326 0.013844 0.383608 0.587495 0.004727
2 3 0.010470 0.028802 0.598839 0.351671 0.010217
3 3 0.005022 0.005034 0.355860 0.632151 0.001934
3 3 0.015974 0.012814 0.221070 0.745958 0.004184
2 3 0.012097 0.043504 0.656381 0.272067 0.015951
2 3 0.015229 0.031992 0.514287 0.426594 0.011898
3 3 0.011772 0.014323 0.318581 0.651035 0.004289
2 3 0.007981 0.017808 0.495047 0.474237 0.004927
3 3 0.012985 0.018459 0.314682 0.649270 0.004604
3 3 0.008007 0.010392 0.333824 0.645306 0.002471
2 3 0.008895 0.020999 0.519991 0.443976 0.006139
3 3 0.009029 0.006767 0.201268 0.780975 0.001960
3 3 0.009150 0.015042 0.419946 0.551302 0.004560
3 3 0.004912 0.006201 0.387685 0.599156 0.002046
3 3 0.012009 0.019892 0.381456 0.581245 0.005398
2 3 0.006744 0.031800 0.714899 0.236908 0.009651
2 2 0.002590 0.028740 0.893985 0.061863 0.012822
2 2 0.001728 0.024619 0.923366 0.037307 0.012979
2 2 0.001039 0.014067 0.942582 0.033933 0.008380
2 2 0.000755 0.009715 0.967032 0.016850 0.005647
2 2 0.001229 0.032595 0.931588 0.018035 0.016553
2 2 0.000913 0.006628 0.951525 0.035363 0.005570
2 0 0.255742 0.299787 0.379993 0.019476 0.045001
0 0 0.426712 0.414582 0.128481 0.001489 0.028735
1 1 0.310010 0.466888 0.185096 0.003008 0.034998
0 1 0.477158 0.379137 0.109716 0.001770 0.032219
1 1 0.216970 0.531803 0.192648 0.001639 0.056941
0 0 0.865594 0.049790 0.054480 0.016839 0.013298
0 0 0.891082 0.037173 0.045907 0.015721 0.010117
0 0 0.959433 0.012605 0.019913 0.004720 0.003330
0 0 0.953742 0.017174 0.019260 0.002940 0.006885
0 0 0.948316 0.034546 0.010045 0.000490 0.006604
0 0 0.927069 0.053250 0.010365 0.000406 0.008909
0 0 0.944401 0.018618 0.024125 0.004576 0.008281
0 0 0.920052 0.028497 0.032313 0.006855 0.012283
0 0 0.893853 0.047794 0.037798 0.008444 0.012110
0 0 0.916384 0.037157 0.028910 0.004695 0.012854
0 0 0.951191 0.033473 0.009359 0.000447 0.005531
0 0 0.905964 0.075373 0.007336 0.000145 0.011182
0 0 0.908902 0.073256 0.006993 0.000133 0.010716
0 0 0.905000 0.076065 0.007450 0.000150 0.011335
0 0 0.922798 0.047025 0.017580 0.001377 0.011220
0 0 0.842711 0.096595 0.037739 0.003500 0.019455
0 0 0.971362 0.018886 0.006519 0.000294 0.002939
0 0 0.960746 0.029748 0.005248 0.000131 0.004127
0 0 0.937710 0.049114 0.006072 0.000127 0.006976
0 0 0.839435 0.125097 0.016560 0.000414 0.018495
0 0 0.910760 0.071912 0.006779 0.000125 0.010424
0 0 0.920454 0.064524 0.005922 0.000099 0.009000
0 0 0.721652 0.214351 0.038906 0.000755 0.024336
0 0 0.868143 0.106186 0.012263 0.000199 0.013209
0 0 0.921341 0.064169 0.005603 0.000088 0.008799
0 0 0.671657 0.253231 0.050406 0.000745 0.023961
0 0 0.599286 0.303430 0.069623 0.000999 0.026661
0 1 0.498473 0.373564 0.093501 0.001023 0.033440
1 1 0.327523 0.478084 0.132300 0.001167 0.060926
1 1 0.172095 0.551987 0.198828 0.001492 0.075597
1 1 0.283364 0.500528 0.164532 0.001493 0.050083
0 0 0.709390 0.221446 0.041685 0.000922 0.026557
0 0 0.918422 0.065653 0.006421 0.000118 0.009386
0 0 0.907696 0.068179 0.011865 0.000465 0.011794
2 0 0.254395 0.228480 0.439547 0.050111 0.027467
0 0 0.683246 0.217462 0.063727 0.002922 0.032642
0 0 0.779428 0.155706 0.029108 0.001939 0.033819
0 0 0.756978 0.168740 0.024670 0.001138 0.048474
0 0 0.799439 0.105499 0.052216 0.009914 0.032932
0 0 0.859265 0.089583 0.028152 0.002782 0.020218
0 0 0.827028 0.110417 0.032959 0.003480 0.026116
0 0 0.722594 0.193203 0.037692 0.002830 0.043682
0 0 0.909670 0.061419 0.016152 0.001011 0.011749
0 0 0.951152 0.036738 0.006525 0.000184 0.005402
0 0 0.829608 0.137567 0.018094 0.000238 0.014493
0 0 0.915277 0.068624 0.006268 0.000108 0.009722
0 0 0.760419 0.181915 0.030609 0.000862 0.026195
1 1 0.260152 0.507365 0.170530 0.001799 0.060153
0 1 0.507740 0.362876 0.088516 0.001233 0.039634
0 0 0.947985 0.041015 0.005276 0.000105 0.005618
0 0 0.951265 0.034684 0.008229 0.000326 0.005497
0 0 0.732068 0.085495 0.139184 0.027800 0.015453
0 0 0.796829 0.048113 0.100564 0.042496 0.011997
0 0 0.955831 0.021853 0.015459 0.001792 0.005065
0 0 0.949650 0.020308 0.021374 0.004214 0.004454
0 0 0.774633 0.091213 0.108797 0.011922 0.013436
0 0 0.942358 0.038022 0.010280 0.000447 0.008894
0 0 0.909444 0.069717 0.009376 0.000268 0.011195
0 0 0.858420 0.105962 0.015349 0.000621 0.019648
0 0 0.906485 0.074999 0.007275 0.000143 0.011099
0 0 0.915936 0.059648 0.013088 0.000638 0.010691
0 0 0.837781 0.121754 0.016660 0.000684 0.023120
0 0 0.863084 0.105121 0.012913 0.000421 0.018461
0 0 0.611209 0.293367 0.040650 0.000253 0.054521
0 0 0.520154 0.321830 0.043490 0.000386 0.114140
1 0 0.298790 0.464451 0.088257 0.000569 0.147933
1 1 0.201020 0.529712 0.141197 0.000972 0.127099
1 1 0.078650 0.560149 0.173983 0.000507 0.186711
1 0 0.286662 0.501842 0.119679 0.000717 0.091100
1 1 0.035798 0.525082 0.188856 0.000647 0.249618
1 1 0.024028 0.495235 0.212194 0.000972 0.267573
1 1 0.014513 0.460616 0.252782 0.001659 0.270430
1 1 0.015676 0.441046 0.264039 0.001629 0.277610
1 1 0.021519 0.472019 0.220541 0.001413 0.284507
2 1 0.003828 0.301937 0.468388 0.001569 0.224278
2 1 0.011315 0.341992 0.433649 0.002640 0.210405
2 1 0.020045 0.281066 0.574102 0.002176 0.122611
1 1 0.017423 0.439619 0.235586 0.001407 0.305965
1 1 0.029603 0.468832 0.196113 0.001588 0.303864
2 1 0.002929 0.222423 0.669142 0.005202 0.100304
1 0 0.295028 0.329167 0.256517 0.001510 0.117779
1 1 0.050613 0.551095 0.198749 0.000768 0.198776
1 1 0.047290 0.529531 0.209639 0.001268 0.212271
1 1 0.069783 0.526784 0.155084 0.000707 0.247642
1 1 0.210597 0.407221 0.256099 0.001904 0.124179
0 0 0.705378 0.225812 0.029195 0.000245 0.039370
1 0 0.288950 0.476600 0.084145 0.000367 0.149937
1 1 0.070178 0.543683 0.163594 0.000644 0.221900
1 0 0.312827 0.402482 0.197165 0.013925 0.073601
1 0 0.241336 0.418190 0.199633 0.014347 0.126495
0 0 0.353305 0.352446 0.109870 0.002834 0.181546
1 0 0.326301 0.378952 0.060513 0.000768 0.233466
1 1 0.017865 0.446383 0.251710 0.001335 0.282706
4 1 0.008084 0.350714 0.273895 0.002295 0.365012
2 1 0.007719 0.333381 0.448239 0.003893 0.206768
2 1 0.006367 0.335706 0.482721 0.006066 0.169140
2 1 0.013886 0.356567 0.452917 0.002035 0.174594
1 0 0.223429 0.430347 0.174238 0.006090 0.165896
1 1 0.010730 0.404928 0.227832 0.002114 0.354397
1 1 0.013108 0.439908 0.301535 0.003608 0.241842
1 0 0.087825 0.357345 0.346950 0.000377 0.207503
0 0 0.572030 0.301864 0.063156 0.001023 0.061927
1 1 0.012956 0.415890 0.213070 0.001744 0.356340
1 1 0.023014 0.400119 0.328533 0.003832 0.244502
1 1 0.028263 0.445282 0.140477 0.000577 0.385402
1 0 0.367200 0.424758 0.088734 0.001098 0.118211
1 1 0.019581 0.447519 0.178370 0.000650 0.353879
0 1 0.586309 0.292799 0.040344 0.000385 0.080163
1 1 0.050454 0.540549 0.170632 0.000531 0.237834
1 1 0.066436 0.534957 0.196893 0.000811 0.200903
1 1 0.392739 0.402221 0.058738 0.000322 0.145979
1 0 0.269432 0.453794 0.082012 0.000568 0.194193
1 0 0.344423 0.403845 0.101199 0.001404 0.149128
0 0 0.746646 0.173165 0.016004 0.000170 0.064015
1 1 0.044224 0.556741 0.219984 0.000814 0.178238
1 1 0.012831 0.471953 0.342124 0.002679 0.170413
2 1 0.005724 0.192817 0.483899 0.003249 0.314311
2 2 0.003428 0.163695 0.619244 0.003114 0.210518
2 2 0.004333 0.214002 0.497619 0.002526 0.281520
2 2 0.000688 0.051419 0.860320 0.001496 0.086078
2 2 0.000850 0.026145 0.918300 0.003907 0.050798
2 2 0.000555 0.015221 0.951241 0.001140 0.031843
2 2 0.001717 0.073658 0.678651 0.001381 0.244593
4 2 0.003934 0.179161 0.392401 0.001276 0.423228
4 2 0.004954 0.136223 0.267973 0.000955 0.589895
4 2 0.005028 0.195618 0.238916 0.000868 0.559570
4 4 0.006118 0.144456 0.200385 0.000887 0.648154
4 4 0.007416 0.104104 0.265025 0.001596 0.621859
4 4 0.007495 0.165898 0.132025 0.000741 0.693842
4 4 0.010152 0.155931 0.080809 0.000678 0.752430
4 4 0.012643 0.076858 0.082652 0.000958 0.826890
4 4 0.046902 0.103069 0.104539 0.006749 0.738741
4 4 0.019903 0.142718 0.126858 0.002563 0.707958
4 4 0.010458 0.116263 0.113134 0.000982 0.759163
4 4 0.013511 0.034844 0.028892 0.000448 0.922305
4 4 0.011757 0.145481 0.083645 0.000628 0.758489
4 4 0.008198 0.155928 0.136624 0.000861 0.698389
4 4 0.007983 0.140680 0.095679 0.000582 0.755076
4 4 0.073619 0.179068 0.210065 0.001318 0.535930
4 1 0.039157 0.252561 0.051415 0.000187 0.656680
4 1 0.006129 0.132690 0.398733 0.002244 0.460204
4 4 0.009559 0.238418 0.172876 0.001420 0.577727
4 4 0.005455 0.160511 0.166893 0.000625 0.666516
4 4 0.010787 0.228382 0.114035 0.001058 0.645737
4 4 0.008190 0.171633 0.072140 0.000461 0.747576
4 4 0.014039 0.047489 0.043720 0.000650 0.894101
4 4 0.016661 0.146091 0.030391 0.000397 0.806461
4 4 0.009465 0.106862 0.071525 0.000558 0.811591
4 4 0.008084 0.115526 0.100767 0.000626 0.774999
4 4 0.010750 0.105404 0.046494 0.000445 0.836907
4 4 0.014019 0.139011 0.040512 0.000550 0.805908
4 4 0.011552 0.151072 0.030183 0.000328 0.806866
4 4 0.009629 0.129582 0.088724 0.000693 0.771372
4 1 0.066129 0.188284 0.128277 0.001354 0.615956
4 1 0.005288 0.143040 0.144465 0.000514 0.706694
4 1 0.007619 0.125662 0.068401 0.000400 0.797919
4 1 0.008432 0.116579 0.047018 0.000325 0.827646
4 1 0.008926 0.114696 0.055138 0.000405 0.820835
4 1 0.006917 0.136921 0.065743 0.000339 0.790080
4 1 0.026460 0.055508 0.016637 0.000228 0.901166
4 1 0.008053 0.142898 0.035338 0.000235 0.813477
4 4 0.009178 0.026011 0.011192 0.000125 0.953494
4 4 0.017067 0.271587 0.052521 0.000130 0.658695
4 4 0.023185 0.221648 0.036383 0.000160 0.718625
4 4 0.009508 0.129877 0.045097 0.000365 0.815153
4 4 0.011564 0.061404 0.030719 0.000357 0.895957
4 4 0.011741 0.117397 0.020662 0.000242 0.849958
4 4 0.018841 0.120706 0.044744 0.000580 0.815128
4 4 0.013613 0.057274 0.013949 0.000224 0.914939
4 4 0.008878 0.140317 0.049545 0.000362 0.800898
4 4 0.015658 0.141439 0.054656 0.000833 0.787414
4 4 0.015412 0.113376 0.017790 0.000305 0.853117
4 4 0.009237 0.079290 0.046065 0.000370 0.865039
4 4 0.022140 0.093778 0.015709 0.000215 0.868158
4 4 0.012496 0.066962 0.034929 0.000438 0.885175
4 4 0.215194 0.202697 0.047570 0.002034 0.532505
4 4 0.012278 0.126244 0.021823 0.000269 0.839386
4 4 0.008780 0.081986 0.088886 0.000581 0.819766
4 4 0.012254 0.168661 0.081871 0.000881 0.736333
4 4 0.014655 0.065368 0.040089 0.000612 0.879277
4 4 0.013077 0.034998 0.019358 0.000303 0.932263
4 4 0.019188 0.052997 0.012217 0.000318 0.915280
4 4 0.016229 0.068058 0.043134 0.000743 0.871835
4 4 0.016715 0.041984 0.036397 0.000707 0.904197
4 4 0.007698 0.155445 0.065619 0.000388 0.770850
4 4 0.010448 0.134901 0.067057 0.000592 0.787002
4 4 0.012831 0.049329 0.041194 0.000545 0.896101
4 4 0.012330 0.145792 0.028187 0.000336 0.813354
4 4 0.010751 0.065120 0.041822 0.000423 0.881883
4 4 0.011849 0.057973 0.020533 0.000261 0.909384
4 4 0.015858 0.042919 0.016205 0.000325 0.924693
4 4 0.011911 0.119817 0.022523 0.000266 0.845483
4 4 0.010041 0.117106 0.075143 0.000628 0.797083
4 4 0.022728 0.066863 0.026195 0.000629 0.883585
4 4 0.010186 0.066544 0.028281 0.000278 0.894710
4 4 0.010605 0.162069 0.055100 0.000503 0.771724
4 4 0.008412 0.119666 0.056854 0.000384 0.814684
4 4 0.010820 0.134195 0.063997 0.000593 0.790395
4 4 0.008048 0.114059 0.069199 0.000436 0.808258
4 4 0.005982 0.161191 0.052281 0.000227 0.780319
4 4 0.080490 0.154826 0.018364 0.000307 0.746013
4 4 0.008766 0.147965 0.091057 0.000627 0.751585
4 4 0.008710 0.170609 0.061899 0.000433 0.758349
4 4 0.014089 0.263629 0.145994 0.000587 0.575701
4 4 0.004755 0.164576 0.141026 0.000438 0.689206
4 1 0.033042 0.074976 0.083223 0.000602 0.808158
4 1 0.005033 0.138375 0.389556 0.001673 0.465362
2 1 0.003260 0.175953 0.497478 0.001594 0.321714
2 1 0.002950 0.222034 0.426822 0.001095 0.347099
2 1 0.003642 0.218518 0.478238 0.001840 0.297761
2 1 0.002524 0.149311 0.701201 0.002597 0.144367
2 1 0.001360 0.114855 0.737693 0.001667 0.144424
2 1 0.001687 0.224484 0.651630 0.000995 0.121204
2 2 0.004662 0.190512 0.508467 0.001476 0.294883
2 2 0.002334 0.180774 0.570306 0.000992 0.245594
2 2 0.000231 0.021735 0.955877 0.001854 0.020304
2 2 0.001332 0.126899 0.711068 0.001406 0.159295
2 2 0.000659 0.050604 0.880383 0.001852 0.066501
2 2 0.002443 0.128625 0.525569 0.001149 0.342215
2 2 0.000476 0.025569 0.944364 0.000903 0.028688
2 2 0.000876 0.051543 0.887362 0.003108 0.057111
2 2 0.000450 0.044498 0.853614 0.000757 0.100682
2 2 0.000130 0.009447 0.973905 0.000705 0.015813
2 2 0.000416 0.027713 0.944939 0.003256 0.023675
2 2 0.000095 0.010063 0.971972 0.000568 0.017301
2 2 0.000319 0.023609 0.949762 0.002364 0.023946
2 2 0.000430 0.010606 0.977003 0.001665 0.010297
2 2 0.000407 0.015766 0.970562 0.000641 0.012624
2 2 0.000587 0.025664 0.931344 0.000978 0.041428
2 2 0.000961 0.068563 0.766606 0.001079 0.162791
2 2 0.000163 0.009071 0.985659 0.000956 0.004151
2 2 0.000168 0.009697 0.978965 0.001718 0.009453
2 2 0.000352 0.022795 0.938041 0.001758 0.037054
2 2 0.000270 0.008195 0.983363 0.000494 0.007678
2 2 0.017145 0.023911 0.922535 0.015310 0.021099
0 0 0.812778 0.124078 0.033760 0.002793 0.026591
0 0 0.674546 0.173024 0.111725 0.011121 0.029584
0 0 0.895641 0.079347 0.011219 0.000369 0.013424
0 0 0.668435 0.239417 0.051231 0.002198 0.038720
0 0 0.791473 0.157573 0.023896 0.000740 0.026318
0 0 0.883211 0.090546 0.009034 0.000193 0.017016
0 0 0.886421 0.089189 0.009750 0.000248 0.014393
1 0 0.220247 0.502038 0.142565 0.000732 0.134418
1 1 0.023604 0.493656 0.189567 0.000632 0.292541
2 1 0.006717 0.315287 0.442196 0.003249 0.232551
2 1 0.004782 0.279269 0.401882 0.002066 0.312000
2 1 0.004141 0.266024 0.557726 0.003562 0.168547
2 1 0.005681 0.319523 0.367721 0.002390 0.304686
2 2 0.002395 0.156156 0.775647 0.005659 0.060142
2 2 0.003813 0.230141 0.560629 0.003204 0.202213
2 2 0.002166 0.118668 0.765750 0.004083 0.109333
2 2 0.002076 0.108012 0.731780 0.002704 0.155427
2 2 0.001283 0.059295 0.883773 0.001645 0.054004
2 2 0.000842 0.039536 0.931392 0.002810 0.025420
2 2 0.000355 0.018315 0.965710 0.000626 0.014995
2 2 0.004642 0.207489 0.683902 0.001985 0.101982
2 2 0.000662 0.029159 0.939608 0.001600 0.028970
2 2 0.000397 0.024006 0.961234 0.001250 0.013112
2 2 0.000285 0.017037 0.965004 0.001789 0.015884
2 2 0.000353 0.016329 0.971804 0.001265 0.010248
2 2 0.000172 0.012975 0.975930 0.001062 0.009861
2 2 0.000254 0.009758 0.979529 0.002175 0.008285
2 2 0.000270 0.016994 0.968994 0.003752 0.009990
2 2 0.000309 0.011790 0.978175 0.001483 0.008243
2 2 0.000174 0.005832 0.986691 0.001898 0.005405
2 2 0.000235 0.011568 0.975726 0.001557 0.010914
2 2 0.000227 0.012853 0.972404 0.003707 0.010809
2 2 0.000202 0.004394 0.982261 0.009508 0.003635
2 2 0.000642 0.004373 0.942997 0.048027 0.003961
2 2 0.000630 0.032924 0.933689 0.004517 0.028240
2 2 0.000079 0.001699 0.994095 0.002197 0.001930
2 2 0.000191 0.006932 0.980646 0.004936 0.007296
2 2 0.000181 0.007340 0.981689 0.001537 0.009254
2 2 0.000183 0.002715 0.981231 0.013627 0.002244
2 2 0.000119 0.003530 0.986087 0.007235 0.003028
2 2 0.000109 0.003925 0.987061 0.005261 0.003644
2 2 0.000825 0.010475 0.976158 0.005988 0.006555
2 2 0.001355 0.047056 0.928440 0.010192 0.012958
2 2 0.001600 0.038489 0.934840 0.009769 0.015302
2 2 0.003166 0.095363 0.853310 0.006793 0.041368
2 2 0.001073 0.027568 0.961089 0.002645 0.007625
2 2 0.000824 0.005292 0.956263 0.033357 0.004264
2 2 0.006125 0.084741 0.876242 0.009708 0.023184
2 2 0.002094 0.022105 0.952168 0.016548 0.007085
2 2 0.004779 0.085445 0.885151 0.007150 0.017475
2 2 0.007990 0.080991 0.869082 0.025465 0.016473
2 2 0.006038 0.095830 0.877608 0.004624 0.015900
2 3 0.002532 0.015666 0.862381 0.114061 0.005360
2 3 0.003056 0.068299 0.893512 0.018174 0.016959
2 3 0.009601 0.110416 0.839339 0.011914 0.028731
2 3 0.001998 0.052188 0.926503 0.006563 0.012748
2 3 0.002168 0.024105 0.916869 0.050434 0.006424
2 3 0.006957 0.083932 0.857731 0.029948 0.021433
2 3 0.017653 0.114575 0.807031 0.035915 0.024826
2 3 0.003887 0.052385 0.888398 0.039784 0.015547
2 3 0.002378 0.043134 0.923729 0.020409 0.010351
2 3 0.007028 0.041066 0.794705 0.140113 0.017088
2 3 0.011082 0.182049 0.734521 0.036071 0.036277
2 3 0.016660 0.066409 0.690788 0.193094 0.033049
2 3 0.014634 0.067932 0.688123 0.203095 0.026216
2 3 0.020061 0.077597 0.621576 0.252132 0.028634
2 3 0.013026 0.060085 0.723225 0.175903 0.027761
2 3 0.013376 0.039560 0.627651 0.303377 0.016037
2 3 0.007831 0.030863 0.724237 0.226444 0.010625
2 3 0.016869 0.105644 0.679243 0.162444 0.035799
2 3 0.011545 0.056771 0.793559 0.121083 0.017042
3 3 0.017830 0.024256 0.436387 0.512160 0.009367
2 3 0.016497 0.119912 0.696342 0.120627 0.046622
2 3 0.016108 0.066164 0.678874 0.210257 0.028597
2 3 0.016150 0.040151 0.595651 0.329990 0.018057
3 3 0.010860 0.016687 0.482562 0.482652 0.007238
3 3 0.019422 0.016910 0.331751 0.623163 0.008754
2 3 0.017655 0.032553 0.508626 0.426874 0.014292
2 3 0.017094 0.039381 0.559810 0.367065 0.016651
2 3 0.009255 0.037034 0.688289 0.252468 0.012954
3 3 0.011353 0.010514 0.317895 0.655924 0.004314
2 3 0.019858 0.033464 0.501175 0.429178 0.016326
2 3 0.011190 0.028987 0.663695 0.280846 0.015282
2 3 0.012469 0.051243 0.677587 0.239977 0.018724
3 3 0.017884 0.021131 0.370555 0.581588 0.008841
3 3 0.023175 0.025378 0.367762 0.571519 0.012166
3 3 0.012313 0.014916 0.438873 0.526508 0.007390
3 3 0.020607 0.015838 0.235394 0.722019 0.006142
3 3 0.012413 0.018401 0.321765 0.642954 0.004467
3 3 0.014049 0.009535 0.220658 0.752049 0.003709
3 3 0.036588 0.063346 0.421359 0.452301 0.026405
3 3 0.009637 0.012479 0.318491 0.656041 0.003352
2 3 0.013384 0.053104 0.716677 0.189677 0.027157
2 3 0.007308 0.016954 0.570073 0.399726 0.005940
2 3 0.012072 0.051528 0.658623 0.261758 0.016019
2 3 0.003913 0.007426 0.530400 0.455745 0.002517
2 3 0.009228 0.034242 0.846715 0.097739 0.012076
2 3 0.010763 0.053178 0.778806 0.145255 0.011998
2 2 0.007322 0.030001 0.856668 0.098360 0.007648
2 2 0.001556 0.088628 0.871990 0.011300 0.026525
2 2 0.004149 0.091685 0.879908 0.008082 0.016176
2 2 0.002221 0.067118 0.883699 0.026304 0.020658
2 2 0.001378 0.070844 0.891313 0.011824 0.024640
2 2 0.005713 0.131665 0.827841 0.006098 0.028683
2 2 0.006299 0.098367 0.868804 0.006657 0.019873
2 2 0.015542 0.061782 0.883561 0.019860 0.019255
2 2 0.003999 0.143174 0.800771 0.002981 0.049074
2 2 0.003980 0.079680 0.847312 0.046031 0.022997
2 2 0.004609 0.177631 0.745063 0.005335 0.067361
2 2 0.008082 0.145825 0.775444 0.017641 0.053008
2 2 0.005767 0.028489 0.930283 0.021354 0.014106
2 2 0.001166 0.033744 0.943937 0.003269 0.017884
2 2 0.001573 0.067210 0.902912 0.006103 0.022203
2 2 0.003587 0.034759 0.936706 0.008989 0.015959
2 2 0.009277 0.176895 0.769298 0.009861 0.034668
2 2 0.005637 0.097400 0.872474 0.006719 0.017770
2 2 0.005147 0.091546 0.871676 0.007618 0.024013
2 2 0.003228 0.103096 0.842206 0.003127 0.048342
2 2 0.003273 0.083624 0.864494 0.006457 0.042151
2 2 0.008512 0.125864 0.831022 0.004697 0.029906
2 2 0.006720 0.076974 0.890540 0.005383 0.020382
2 2 0.004978 0.091897 0.862162 0.001023 0.039940
2 2 0.001786 0.083026 0.868878 0.002146 0.044163
2 2 0.004375 0.077430 0.883028 0.002633 0.032534
2 2 0.000710 0.013213 0.977369 0.001675 0.007032
2 2 0.002657 0.033903 0.936863 0.002741 0.023836
2 2 0.002014 0.091637 0.849348 0.002330 0.054671
2 2 0.001245 0.035412 0.941903 0.003420 0.018019
2 2 0.001975 0.060780 0.901300 0.003313 0.032632
2 2 0.022039 0.220465 0.666806 0.002041 0.088649
2 2 0.002986 0.174899 0.473221 0.001268 0.347625
2 2 0.000406 0.022232 0.951729 0.001712 0.023921
4 2 0.009495 0.128745 0.366815 0.003484 0.491461
4 4 0.004960 0.297260 0.339068 0.000966 0.357746
2 4 0.004194 0.248850 0.472771 0.000735 0.273450
2 4 0.007283 0.250744 0.496489 0.001602 0.243881
2 4 0.004399 0.171596 0.418907 0.001645 0.403453
4 4 0.007092 0.283386 0.271938 0.000791 0.436793
4 4 0.014205 0.179941 0.179110 0.002393 0.624351
4 4 0.004057 0.157072 0.330441 0.000990 0.507440
4 4 0.006561 0.234094 0.303540 0.001773 0.454032
2 4 0.004178 0.123646 0.455053 0.001707 0.415416
1 1 0.027134 0.467597 0.160045 0.000627 0.344596
1 1 0.017860 0.396138 0.224619 0.002241 0.359142
4 1 0.004543 0.199885 0.384573 0.001529 0.409470
2 2 0.000317 0.026401 0.947960 0.002161 0.023161
2 2 0.003356 0.112923 0.793667 0.001094 0.088960
4 4 0.009789 0.229610 0.261019 0.000960 0.498621
4 4 0.008935 0.315020 0.215981 0.001436 0.458628
4 4 0.004970 0.253820 0.244026 0.000930 0.496254
4 4 0.004155 0.169143 0.313366 0.000953 0.512383
2 4 0.004258 0.142078 0.435659 0.001639 0.416366
4 4 0.005749 0.200802 0.182717 0.000754 0.609977
4 4 0.169489 0.222475 0.059459 0.002010 0.546568
4 4 0.023730 0.116365 0.068553 0.001790 0.789562
4 4 0.032505 0.114573 0.114162 0.003167 0.735593
4 4 0.017594 0.326173 0.118432 0.000362 0.537439
4 4 0.014254 0.173197 0.134173 0.001756 0.676620
4 4 0.030725 0.241475 0.103844 0.000747 0.623210
4 4 0.009429 0.246564 0.139904 0.000590 0.603513
4 4 0.007560 0.158645 0.131157 0.000743 0.701896
4 4 0.015513 0.295988 0.118016 0.000664 0.569819
4 4 0.005777 0.126408 0.165408 0.000666 0.701741
4 4 0.014948 0.094954 0.059945 0.000870 0.829283
4 4 0.011324 0.227287 0.113251 0.001119 0.647019
4 4 0.032472 0.305141 0.252532 0.002078 0.407777
4 1 0.011720 0.230325 0.301687 0.003766 0.452502
4 2 0.006627 0.185764 0.139364 0.000671 0.667574
4 2 0.004540 0.202036 0.372030 0.001447 0.419948
2 2 0.002664 0.114567 0.511903 0.001193 0.369673
2 2 0.003651 0.166888 0.451062 0.001475 0.376924
2 2 0.001801 0.052209 0.812325 0.000993 0.132672
2 2 0.007716 0.177661 0.592845 0.000898 0.220880
2 2 0.002734 0.097244 0.592554 0.001726 0.305742
2 2 0.008437 0.112004 0.689369 0.002984 0.187205
2 2 0.002363 0.067715 0.895649 0.001798 0.032474
2 2 0.002275 0.088348 0.689323 0.002176 0.217877
2 2 0.003792 0.079668 0.814124 0.001659 0.100757
2 2 0.001795 0.071826 0.667180 0.001378 0.257822
2 2 0.000864 0.038474 0.927045 0.004176 0.029441
2 2 0.001127 0.046227 0.865980 0.002992 0.083674
2 2 0.000211 0.017578 0.967257 0.000729 0.014224
2 2 0.000125 0.011913 0.974707 0.001621 0.011635
2 2 0.000089 0.006489 0.987607 0.001807 0.004008
2 2 0.000312 0.016069 0.974991 0.000297 0.008330
2 2 0.000156 0.011942 0.976188 0.002788 0.008927
2 2 0.000047 0.003475 0.994191 0.000540 0.001746
2 2 0.000195 0.009219 0.985193 0.000927 0.004466
2 2 0.000256 0.013382 0.979429 0.000967 0.005967
2 2 0.000065 0.005442 0.986716 0.001465 0.006312
2 2 0.000112 0.004282 0.988816 0.004121 0.002669
2 2 0.000084 0.006484 0.988140 0.002089 0.003204
2 2 0.000151 0.011700 0.979108 0.000637 0.008403
2 2 0.000261 0.007269 0.985397 0.002166 0.004907
2 2 0.000429 0.028454 0.953844 0.002499 0.014774
2 2 0.000097 0.003636 0.992142 0.001827 0.002299
2 2 0.000241 0.016711 0.968559 0.003879 0.010610
2 2 0.000152 0.008138 0.985169 0.001865 0.004676
2 2 0.000080 0.006087 0.986515 0.001859 0.005460
2 2 0.000080 0.006605 0.986579 0.002824 0.003912
2 2 0.000065 0.001219 0.987243 0.010291 0.001182
2 2 0.000175 0.009527 0.980838 0.002481 0.006980
2 2 0.000088 0.005622 0.984585 0.001698 0.008007
2 2 0.000168 0.003481 0.981967 0.011316 0.003067
2 2 0.000115 0.007674 0.983863 0.001716 0.006632
2 2 0.000060 0.003474 0.992238 0.001506 0.002721
2 2 0.000092 0.001999 0.987839 0.007830 0.002240
2 2 0.000222 0.009004 0.977597 0.008067 0.005109
2 2 0.001052 0.032996 0.955418 0.002839 0.007695
2 2 0.001037 0.033622 0.947029 0.001169 0.017143
2 2 0.001716 0.055405 0.924772 0.006751 0.011356
2 2 0.001068 0.054105 0.915109 0.014230 0.015488
2 2 0.000511 0.008819 0.983983 0.002123 0.004563
2 2 0.000224 0.014744 0.971799 0.004227 0.009006
2 2 0.001039 0.014781 0.972600 0.006576 0.005004
2 2 0.000105 0.002824 0.983391 0.012085 0.001596
2 2 0.000131 0.006384 0.987107 0.001323 0.005055
2 2 0.000421 0.013611 0.980722 0.000977 0.004269
2 2 0.000170 0.009698 0.977377 0.002961 0.009794
2 2 0.000143 0.003698 0.986077 0.007292 0.002790
2 2 0.000129 0.003360 0.983721 0.010434 0.002357
2 2 0.000091 0.005067 0.987074 0.003062 0.004706
2 2 0.000363 0.006272 0.987470 0.002084 0.003810
2 2 0.000083 0.001419 0.991351 0.006219 0.000929
2 2 0.000288 0.005664 0.986734 0.003497 0.003817
2 2 0.000037 0.001933 0.992916 0.003716 0.001399
2 2 0.000076 0.003503 0.990614 0.003157 0.002650
2 2 0.000083 0.004915 0.988382 0.002938 0.003683
2 2 0.000124 0.001015 0.977063 0.020913 0.000884
2 2 0.000147 0.008945 0.980906 0.003746 0.006257
2 2 0.000134 0.002808 0.983859 0.010708 0.002491
2 2 0.000094 0.001647 0.993626 0.003596 0.001037
2 2 0.000646 0.022995 0.966930 0.002720 0.006708
2 2 0.000439 0.017890 0.975021 0.001788 0.004861
2 2 0.000163 0.002478 0.989167 0.006702 0.001491
2 2 0.000441 0.007548 0.982314 0.005586 0.004111
2 2 0.000072 0.001645 0.989441 0.007306 0.001536
2 2 0.000162 0.002502 0.991704 0.003799 0.001832
2 2 0.000166 0.005715 0.988038 0.003408 0.002674
2 2 0.000147 0.007136 0.985811 0.003025 0.003881
2 2 0.000730 0.008379 0.972632 0.014660 0.003599
2 2 0.000295 0.007876 0.972888 0.014796 0.004146
2 2 0.000196 0.001052 0.991991 0.005720 0.001041
2 2 0.000266 0.011509 0.976805 0.005027 0.006393
2 2 0.000744 0.011914 0.979251 0.005009 0.003083
2 2 0.001330 0.004695 0.964130 0.027038 0.002807
2 2 0.002354 0.040026 0.940262 0.005158 0.012199
2 2 0.001155 0.015941 0.952087 0.026167 0.004649
2 2 0.000735 0.021080 0.961635 0.006797 0.009753
2 2 0.004600 0.052651 0.908671 0.010246 0.023832
2 2 0.001478 0.012611 0.958713 0.022733 0.004466
2 2 0.001894 0.028816 0.933732 0.026710 0.008847
2 2 0.000235 0.001291 0.961636 0.035684 0.001154
2 2 0.002756 0.010537 0.917854 0.064946 0.003907
2 2 0.000604 0.005471 0.965641 0.024397 0.003887
2 2 0.001364 0.021006 0.943344 0.026827 0.007459
2 2 0.000681 0.009114 0.954146 0.031183 0.004876
2 2 0.003151 0.027444 0.926049 0.034709 0.008647
2 2 0.001653 0.014859 0.940981 0.037414 0.005092
2 2 0.000700 0.035321 0.941476 0.009534 0.012968
2 2 0.000989 0.007714 0.938058 0.051085 0.002154
2 2 0.002178 0.044817 0.939357 0.005027 0.008620
2 2 0.002788 0.019946 0.918314 0.050835 0.008117
2 2 0.001506 0.030555 0.954495 0.005627 0.007817
2 2 0.001642 0.031034 0.950389 0.007245 0.009690
2 2 0.001534 0.019498 0.945958 0.028169 0.004841
2 2 0.001266 0.046617 0.939372 0.003593 0.009152
2 2 0.000449 0.014836 0.969780 0.007836 0.007099
2 2 0.000545 0.014501 0.968665 0.009561 0.006728
2 2 0.000743 0.001997 0.944496 0.051167 0.001598
1 0 0.278097 0.463001 0.218378 0.003376 0.037148
1 0 0.051369 0.512961 0.191533 0.001175 0.242962
1 1 0.021667 0.442990 0.344150 0.003529 0.187665
0 0 0.464135 0.286584 0.124392 0.001347 0.123542
4 0 0.012562 0.346093 0.241129 0.001419 0.398797
2 0 0.082887 0.288891 0.413316 0.001467 0.213439
0 0 0.764886 0.161954 0.022211 0.000960 0.049988
4 1 0.016762 0.393702 0.167198 0.001227 0.421112
4 1 0.007154 0.336298 0.256377 0.001197 0.398974
2 1 0.003256 0.199464 0.552190 0.002222 0.242869
2 1 0.007567 0.242872 0.486480 0.002114 0.260967
2 1 0.027764 0.196971 0.468377 0.002141 0.304747
4 1 0.006181 0.213170 0.347329 0.001965 0.431356
2 2 0.005108 0.175814 0.651290 0.002573 0.165215
2 2 0.003173 0.218500 0.541149 0.001608 0.235570
4 2 0.008851 0.274750 0.290093 0.002608 0.423698
4 2 0.004928 0.181330 0.283459 0.001046 0.529237
4 2 0.006623 0.223982 0.230208 0.001218 0.537969
4 2 0.010895 0.225954 0.212488 0.001580 0.549083
4 4 0.006217 0.213175 0.195118 0.000909 0.584581
4 4 0.006222 0.203346 0.195027 0.000903 0.594503
4 4 0.007627 0.157845 0.244088 0.001504 0.588936
4 4 0.010052 0.138447 0.119268 0.000978 0.731256
4 4 0.099848 0.213456 0.169959 0.002205 0.514532
0 1 0.478637 0.265219 0.031605 0.000654 0.223886
4 4 0.006242 0.217738 0.315937 0.001727 0.458356
4 4 0.009721 0.230213 0.260220 0.002170 0.497676
4 4 0.026416 0.228777 0.178882 0.000678 0.565248
0 1 0.726620 0.156980 0.012772 0.000201 0.103427
4 1 0.007511 0.188550 0.265402 0.001673 0.536864
4 1 0.015679 0.152746 0.259329 0.001183 0.571063
4 4 0.065643 0.265101 0.093167 0.001955 0.574134
4 4 0.019815 0.348095 0.127541 0.001530 0.503020
1 4 0.031206 0.382340 0.220202 0.001980 0.364271
4 4 0.097513 0.291041 0.058082 0.001423 0.551941
0 4 0.774369 0.152785 0.017673 0.000544 0.054629
0 0 0.820246 0.125161 0.011834 0.000239 0.042520
1 1 0.039734 0.438591 0.167312 0.001010 0.353353
4 1 0.031171 0.382143 0.139563 0.000459 0.446664
1 1 0.020097 0.348285 0.296103 0.000797 0.334718
4 1 0.016793 0.352445 0.276117 0.001096 0.353549
1 1 0.099496 0.426623 0.109597 0.000869 0.363416
0 0 0.851805 0.109646 0.011074 0.000249 0.027227
0 0 0.866463 0.091066 0.005358 0.000041 0.037072
0 0 0.863161 0.095203 0.009546 0.000171 0.031918
0 0 0.859140 0.100931 0.008720 0.000137 0.031072
1 0 0.051854 0.445821 0.093983 0.000237 0.408105
0 0 0.802200 0.128773 0.010372 0.000154 0.058501
0 0 0.529705 0.266743 0.030092 0.000416 0.173044
0 0 0.710422 0.152651 0.012519 0.000149 0.124260
0 0 0.840671 0.109718 0.008366 0.000109 0.041135
0 0 0.880279 0.086274 0.005625 0.000052 0.027771
0 0 0.873017 0.090735 0.006118 0.000061 0.030068
0 0 0.838905 0.112584 0.009311 0.000143 0.039058
1 0 0.050346 0.449393 0.127775 0.000825 0.371660
0 0 0.889977 0.080617 0.006460 0.000080 0.022866
0 0 0.910633 0.067972 0.004073 0.000031 0.017290
0 0 0.909187 0.068824 0.004411 0.000037 0.017540
0 0 0.812324 0.120105 0.008443 0.000095 0.059032
0 0 0.558059 0.236155 0.024663 0.000314 0.180808
0 0 0.875506 0.092053 0.007201 0.000096 0.025144
0 0 0.931612 0.048188 0.008393 0.000229 0.011578
0 0 0.962609 0.027106 0.005628 0.000154 0.004502
0 0 0.954390 0.024197 0.015040 0.001664 0.004709
0 0 0.914249 0.031842 0.028590 0.003974 0.021345
0 0 0.797875 0.113084 0.041921 0.005211 0.041909
0 0 0.773059 0.142930 0.042194 0.005223 0.036593
0 0 0.608926 0.267318 0.054359 0.002477 0.066919
0 0 0.918425 0.052477 0.012359 0.000495 0.016244
0 0 0.873813 0.070579 0.028201 0.002794 0.024614
0 0 0.816687 0.129857 0.021522 0.001119 0.030815
0 0 0.942955 0.036333 0.010672 0.000483 0.009557
0 0 0.849115 0.088384 0.030325 0.002911 0.029266
0 0 0.878112 0.069497 0.028756 0.003153 0.020481
0 0 0.922336 0.037367 0.015036 0.000760 0.024501
0 0 0.906962 0.049557 0.021675 0.001797 0.020009
0 0 0.837156 0.078422 0.032563 0.002978 0.048881
0 0 0.882118 0.059525 0.024387 0.001884 0.032087
0 0 0.862074 0.064103 0.029916 0.002750 0.041157
0 0 0.928639 0.031563 0.019215 0.001599 0.018983
0 0 0.890894 0.055580 0.019554 0.001122 0.032850
0 0 0.958449 0.024325 0.008978 0.000395 0.007853
0 0 0.950678 0.038456 0.004704 0.000079 0.006084
0 0 0.936556 0.045861 0.005864 0.000099 0.011621
0 0 0.905787 0.070920 0.008143 0.000170 0.014979
0 0 0.852567 0.111409 0.013303 0.000414 0.022307
0 0 0.914722 0.067711 0.007332 0.000156 0.010078
0 0 0.906174 0.071706 0.007103 0.000122 0.014894
0 0 0.927854 0.056858 0.006815 0.000149 0.008324
0 0 0.968610 0.019010 0.007106 0.000294 0.004980
0 0 0.966074 0.018761 0.010593 0.000861 0.003711
