0 0 0.974046 0.005069 0.001410 0.000025 0.019449
0 0 0.959684 0.010398 0.003350 0.000086 0.026482
0 0 0.957067 0.013474 0.004546 0.000111 0.024801
0 0 0.954055 0.012389 0.004143 0.000120 0.029292
0 0 0.949799 0.013734 0.004698 0.000149 0.031619
0 0 0.953498 0.013880 0.004732 0.000131 0.027760
0 0 0.956364 0.011617 0.003831 0.000106 0.028083
0 0 0.953734 0.012280 0.004102 0.000121 0.029763
0 0 0.956775 0.012549 0.004188 0.000109 0.026380
0 0 0.953086 0.014009 0.004786 0.000134 0.027985
0 0 0.950437 0.012100 0.004050 0.000135 0.033278
0 0 0.955528 0.012568 0.004204 0.000115 0.027585
0 0 0.952264 0.011199 0.003691 0.000120 0.032725
0 0 0.930997 0.019591 0.006716 0.000237 0.042459
0 0 0.955337 0.012773 0.004285 0.000117 0.027488
0 0 0.955466 0.011603 0.003590 0.000085 0.029257
0 0 0.952414 0.016620 0.005838 0.000146 0.024983
0 0 0.962840 0.010375 0.003324 0.000075 0.023386
0 0 0.959389 0.011225 0.003664 0.000092 0.025630
0 0 0.954572 0.015039 0.005183 0.000129 0.025077
0 0 0.963342 0.011430 0.003717 0.000077 0.021435
0 0 0.954562 0.012733 0.004274 0.000120 0.028311
0 0 0.971444 0.006365 0.001850 0.000035 0.020305
0 0 0.970914 0.008459 0.002581 0.000043 0.018003
0 0 0.961214 0.012633 0.004190 0.000089 0.021874
0 0 0.942064 0.017159 0.006146 0.000218 0.034414
0 0 0.952876 0.012681 0.004215 0.000122 0.030106
0 0 0.951180 0.014957 0.005177 0.000148 0.028537
0 0 0.944541 0.016850 0.005999 0.000199 0.032411
0 0 0.956622 0.010906 0.003558 0.000101 0.028814
0 0 0.906652 0.019494 0.007376 0.000541 0.065938
0 0 0.858157 0.026950 0.008909 0.000575 0.105409
0 0 0.911178 0.014456 0.005177 0.000389 0.068800
0 0 0.917045 0.012567 0.004208 0.000265 0.065916
0 0 0.897457 0.018190 0.006796 0.000577 0.076981
0 0 0.900690 0.020409 0.007244 0.000458 0.071198
0 0 0.895842 0.015801 0.005810 0.000536 0.082011
0 0 0.882900 0.019859 0.006315 0.000364 0.090562
0 0 0.905298 0.019223 0.006703 0.000398 0.068379
0 0 0.915567 0.011074 0.003609 0.000235 0.069515
0 0 0.888452 0.019353 0.006764 0.000497 0.084934
0 0 0.896177 0.023650 0.007908 0.000389 0.071876
0 0 0.913166 0.009816 0.003279 0.000258 0.073481
0 0 0.884724 0.018239 0.006927 0.000714 0.089395
0 0 0.867759 0.030201 0.011138 0.000818 0.090084
0 0 0.855695 0.046354 0.014538 0.000480 0.082932
0 0 0.888776 0.028015 0.007875 0.000216 0.075117
0 0 0.721372 0.091192 0.024867 0.000748 0.161821
0 1 0.468555 0.289145 0.060416 0.000578 0.181308
0 1 0.549407 0.204431 0.057767 0.001627 0.186768
1 1 0.166645 0.480181 0.123083 0.003208 0.226883
2 1 0.057189 0.334982 0.351221 0.007383 0.249224
2 1 0.026134 0.212913 0.679823 0.005419 0.075712
2 2 0.019108 0.088666 0.844684 0.005800 0.041741
2 2 0.008663 0.056539 0.901875 0.001544 0.031378
2 2 0.005127 0.046587 0.928330 0.004236 0.015720
2 2 0.007266 0.032306 0.943379 0.003226 0.013823
2 2 0.022226 0.050529 0.865508 0.004894 0.056843
2 2 0.041850 0.075443 0.809281 0.006046 0.067380
2 2 0.018946 0.032323 0.892005 0.017501 0.039225
2 2 0.001289 0.006658 0.920914 0.067545 0.003593
2 2 0.002331 0.011915 0.864830 0.115646 0.005279
2 2 0.001440 0.007704 0.829965 0.156837 0.004054
2 2 0.001058 0.004181 0.521371 0.469919 0.003472
2 2 0.003528 0.009502 0.559702 0.421135 0.006132
2 2 0.002162 0.008149 0.680408 0.305174 0.004108
3 2 0.006238 0.013008 0.382228 0.578761 0.019765
3 3 0.003067 0.008665 0.385707 0.591509 0.011052
3 3 0.003121 0.003718 0.068662 0.920618 0.003881
3 3 0.002469 0.003940 0.115740 0.873441 0.004410
3 3 0.003425 0.005621 0.141543 0.843007 0.006405
3 3 0.004074 0.004702 0.072383 0.913931 0.004910
3 3 0.004552 0.005234 0.075477 0.909259 0.005478
3 3 0.001865 0.002211 0.053659 0.939995 0.002269
3 3 0.007643 0.008713 0.112723 0.860590 0.010331
3 3 0.003845 0.004446 0.070813 0.916260 0.004636
3 3 0.001076 0.001299 0.043296 0.953012 0.001317
3 3 0.002690 0.003149 0.061797 0.929105 0.003258
3 3 0.004684 0.005380 0.076291 0.908009 0.005635
3 3 0.001906 0.002258 0.054111 0.939406 0.002319
3 3 0.002116 0.002497 0.056336 0.936481 0.002570
3 3 0.004837 0.005550 0.077218 0.906578 0.005817
3 3 0.002362 0.002778 0.058785 0.933209 0.002866
3 3 0.002920 0.003409 0.063771 0.926366 0.003534
3 3 0.001632 0.001943 0.050945 0.943491 0.001989
3 3 0.002326 0.002737 0.058435 0.933680 0.002822
3 3 0.001692 0.002012 0.051661 0.942575 0.002060
3 3 0.001229 0.001477 0.045606 0.950187 0.001502
3 3 0.001345 0.001612 0.047243 0.948159 0.001642
3 3 0.002780 0.003250 0.062575 0.928029 0.003365
3 3 0.001306 0.001567 0.046705 0.948828 0.001595
3 3 0.002006 0.002372 0.055188 0.937996 0.002438
3 3 0.001723 0.002048 0.052030 0.942102 0.002098
3 3 0.000845 0.001029 0.039388 0.957700 0.001038
3 3 0.001377 0.001649 0.047683 0.947610 0.001681
3 3 0.003117 0.003631 0.065383 0.924099 0.003769
3 3 0.001401 0.001676 0.048000 0.947213 0.001710
3 3 0.001117 0.001348 0.043945 0.952222 0.001368
3 3 0.002376 0.002793 0.058914 0.933034 0.002882
3 3 0.001739 0.002067 0.052222 0.941854 0.002118
3 3 0.000814 0.000992 0.038809 0.958384 0.001000
3 3 0.001758 0.002088 0.052435 0.941580 0.002140
3 3 0.000794 0.000969 0.038432 0.958828 0.000976
3 3 0.000922 0.001120 0.040763 0.956063 0.001132
3 3 0.001501 0.001792 0.049309 0.945568 0.001830
3 3 0.001001 0.001212 0.042095 0.954464 0.001227
3 3 0.003300 0.003837 0.066820 0.922056 0.003987
3 3 0.012622 0.015435 0.188557 0.777412 0.005973
3 3 0.008058 0.009494 0.102445 0.869820 0.010183
3 3 0.005391 0.008182 0.149462 0.828283 0.008682
3 3 0.004669 0.007149 0.165797 0.817565 0.004821
3 3 0.005344 0.007055 0.126575 0.856120 0.004906
3 3 0.003901 0.006855 0.213687 0.771517 0.004040
3 3 0.002874 0.003407 0.069034 0.921652 0.003033
3 3 0.003382 0.003928 0.067445 0.921160 0.004085
3 3 0.003232 0.003800 0.070469 0.918957 0.003541
3 3 0.002189 0.002581 0.057083 0.935489 0.002658
3 3 0.003001 0.003500 0.064439 0.925430 0.003630
3 3 0.001589 0.001894 0.050422 0.944157 0.001937
3 3 0.002206 0.002600 0.057255 0.935260 0.002678
3 3 0.002381 0.002799 0.058958 0.932975 0.002887
3 3 0.002129 0.002513 0.056477 0.936294 0.002586
3 3 0.002235 0.002634 0.057546 0.934872 0.002713
3 3 0.001438 0.001720 0.048496 0.946592 0.001755
3 3 0.001577 0.001880 0.050275 0.944345 0.001923
3 3 0.001719 0.002043 0.051981 0.942165 0.002093
3 3 0.001164 0.001402 0.044651 0.951360 0.001424
3 3 0.000919 0.001115 0.040697 0.956142 0.001127
3 3 0.001150 0.001386 0.044449 0.951607 0.001408
3 3 0.000815 0.000994 0.038834 0.958355 0.001002
3 3 0.001377 0.001649 0.047681 0.947612 0.001681
3 3 0.002015 0.002382 0.055282 0.937872 0.002449
3 3 0.001466 0.001752 0.048868 0.946124 0.001789
3 3 0.002625 0.003076 0.061216 0.929903 0.003180
3 3 0.001567 0.001868 0.050144 0.944511 0.001910
3 3 0.002044 0.002415 0.055591 0.937465 0.002484
3 3 0.001455 0.001740 0.048724 0.946305 0.001776
3 3 0.001128 0.001361 0.044115 0.952015 0.001381
3 3 0.001303 0.001563 0.046665 0.948877 0.001592
3 3 0.001234 0.001483 0.045687 0.950086 0.001509
3 3 0.001257 0.001510 0.046018 0.949678 0.001537
3 3 0.001105 0.001333 0.043752 0.952458 0.001353
3 3 0.001077 0.001301 0.043320 0.952983 0.001319
3 3 0.003103 0.003615 0.065270 0.924259 0.003752
3 3 0.001012 0.001224 0.042269 0.954255 0.001240
3 3 0.001380 0.001653 0.047730 0.947551 0.001685
3 3 0.000806 0.000982 0.038647 0.958575 0.000990
3 3 0.001266 0.001520 0.046142 0.949526 0.001547
3 3 0.003184 0.003706 0.065912 0.923349 0.003848
3 3 0.001747 0.002076 0.052311 0.941739 0.002127
3 3 0.005056 0.005793 0.078512 0.904561 0.006077
3 2 0.029738 0.035899 0.272046 0.650861 0.011456
2 2 0.025432 0.046723 0.530686 0.383368 0.013791
2 2 0.053046 0.114024 0.715115 0.101192 0.016623
2 2 0.019733 0.047362 0.889164 0.032846 0.010896
2 2 0.037246 0.128742 0.810463 0.015341 0.008208
2 2 0.012225 0.051656 0.914807 0.017749 0.003563
2 2 0.012978 0.047107 0.921796 0.012025 0.006092
2 2 0.003289 0.023463 0.963219 0.007780 0.002248
2 2 0.003744 0.026144 0.961613 0.006490 0.002010
2 2 0.000562 0.006382 0.988226 0.004359 0.000471
2 2 0.000696 0.006481 0.981157 0.011003 0.000663
2 2 0.003032 0.016602 0.947311 0.031153 0.001901
2 2 0.002093 0.012440 0.943743 0.039621 0.002103
2 2 0.000691 0.006219 0.978396 0.013976 0.000717
2 2 0.003219 0.021843 0.964978 0.006905 0.003055
2 2 0.017205 0.053769 0.829393 0.088813 0.010821
2 2 0.001440 0.007236 0.883244 0.106872 0.001209
2 2 0.033292 0.096401 0.819844 0.040710 0.009754
2 2 0.004813 0.026136 0.938545 0.026209 0.004297
2 2 0.056834 0.135347 0.753025 0.043750 0.011043
2 2 0.003159 0.020898 0.957354 0.015447 0.003142
2 2 0.000487 0.004102 0.965057 0.029769 0.000585
2 2 0.001063 0.006988 0.951820 0.039260 0.000869
0 0 0.366180 0.299622 0.298705 0.019402 0.016091
0 0 0.422072 0.304203 0.230119 0.015614 0.027991
0 1 0.611726 0.214350 0.134299 0.007956 0.031670
2 2 0.008425 0.044910 0.932575 0.010328 0.003761
2 2 0.010988 0.061160 0.918153 0.006666 0.003033
2 2 0.002591 0.020380 0.969801 0.005592 0.001637
2 1 0.143694 0.138145 0.681467 0.010023 0.026671
1 1 0.229496 0.425230 0.263381 0.016750 0.065142
2 1 0.004261 0.046883 0.937952 0.001425 0.009479
2 2 0.002918 0.026450 0.963826 0.003085 0.003721
2 2 0.000695 0.005875 0.989788 0.002658 0.000983
2 2 0.004102 0.037664 0.947527 0.005336 0.005370
2 2 0.000486 0.007591 0.989753 0.001419 0.000751
2 2 0.000602 0.007177 0.985782 0.005351 0.001088
2 2 0.000529 0.004963 0.985429 0.008034 0.001045
2 2 0.000099 0.001746 0.992597 0.005279 0.000278
2 2 0.000394 0.004991 0.986405 0.007242 0.000968
2 2 0.010163 0.076060 0.750763 0.006192 0.156822
2 2 0.000228 0.004625 0.988876 0.004163 0.002108
2 2 0.001687 0.031160 0.943440 0.005422 0.018292
2 2 0.000879 0.029502 0.956660 0.000982 0.011977
2 2 0.009854 0.106660 0.493600 0.009806 0.380080
2 2 0.003834 0.104680 0.729238 0.004551 0.157696
4 2 0.010558 0.214425 0.192225 0.007220 0.575571
4 2 0.006339 0.227521 0.290957 0.008957 0.466226
2 2 0.006381 0.301667 0.372910 0.006133 0.312908
2 2 0.007976 0.221055 0.448483 0.012320 0.310166
2 2 0.006323 0.238691 0.670035 0.003792 0.081159
2 2 0.000953 0.037383 0.929685 0.003269 0.028711
2 2 0.008713 0.199854 0.737928 0.004292 0.049212
2 2 0.000452 0.011814 0.977155 0.000819 0.009759
2 2 0.000621 0.009265 0.984145 0.002746 0.003222
2 2 0.004051 0.072510 0.757845 0.006564 0.159031
2 2 0.000042 0.001160 0.997169 0.001457 0.000172
2 2 0.002280 0.018402 0.964964 0.001998 0.012356
2 2 0.002954 0.040345 0.882309 0.008834 0.065558
2 2 0.000144 0.002374 0.991893 0.005188 0.000401
2 2 0.000345 0.005117 0.990109 0.001800 0.002629
2 2 0.001234 0.009085 0.972017 0.013255 0.004409
2 2 0.011444 0.046446 0.891399 0.034735 0.015976
2 2 0.006944 0.053638 0.885904 0.025468 0.028047
2 2 0.000367 0.005020 0.988140 0.005489 0.000985
2 2 0.001494 0.014541 0.960956 0.017624 0.005384
2 2 0.001611 0.012484 0.965875 0.017550 0.002480
2 2 0.003686 0.020831 0.938438 0.032780 0.004265
2 2 0.006013 0.031011 0.911048 0.035939 0.015989
2 2 0.002310 0.017169 0.965655 0.012209 0.002658
2 2 0.013333 0.033767 0.891006 0.038822 0.023073
2 2 0.012018 0.029408 0.647015 0.303148 0.008412
0 0 0.356412 0.252999 0.317454 0.032961 0.040173
2 1 0.053893 0.120007 0.753576 0.052766 0.019759
2 2 0.002258 0.018300 0.971989 0.004841 0.002612
2 2 0.001621 0.014704 0.976029 0.005941 0.001704
2 2 0.000858 0.008309 0.981149 0.008641 0.001044
2 2 0.001937 0.013726 0.973338 0.008397 0.002601
2 2 0.001377 0.010323 0.961900 0.024262 0.002137
2 2 0.001349 0.006843 0.867258 0.123115 0.001434
2 2 0.003200 0.016357 0.940432 0.035305 0.004706
2 2 0.004200 0.016117 0.794990 0.177780 0.006913
2 2 0.008668 0.023022 0.634000 0.322321 0.011989
2 2 0.000841 0.005295 0.911215 0.081488 0.001161
2 2 0.001835 0.008742 0.805562 0.179919 0.003942
2 2 0.001968 0.007475 0.625840 0.360132 0.004585
2 2 0.004156 0.014921 0.664707 0.304496 0.011720
2 2 0.003353 0.010708 0.698328 0.282305 0.005306
2 2 0.023552 0.047259 0.616360 0.302352 0.010478
3 2 0.008573 0.018076 0.424304 0.539911 0.009136
2 2 0.007108 0.016116 0.550504 0.417090 0.009183
3 2 0.002692 0.006429 0.329925 0.656909 0.004046
2 2 0.138989 0.172666 0.485850 0.181353 0.021141
2 2 0.001870 0.014984 0.971057 0.010071 0.002017
2 2 0.001050 0.008204 0.967892 0.021582 0.001272
2 2 0.002481 0.011773 0.885877 0.097396 0.002475
2 1 0.193508 0.273293 0.462156 0.051876 0.019166
2 2 0.001871 0.014542 0.973000 0.009192 0.001394
2 2 0.003203 0.022736 0.962237 0.009220 0.002604
2 2 0.000830 0.008129 0.982593 0.007582 0.000866
2 2 0.000400 0.004489 0.987069 0.007615 0.000427
2 2 0.001017 0.008016 0.972740 0.017321 0.000906
2 2 0.001088 0.006932 0.938644 0.052197 0.001139
2 2 0.002687 0.012963 0.902078 0.079852 0.002420
2 2 0.000767 0.005409 0.942791 0.050032 0.001001
2 2 0.001245 0.007123 0.906217 0.083903 0.001511
2 2 0.003764 0.011711 0.658859 0.322226 0.003440
2 2 0.012880 0.029713 0.606709 0.340696 0.010002
2 2 0.002697 0.010028 0.750807 0.233829 0.002640
2 2 0.004348 0.015408 0.763279 0.212225 0.004739
2 2 0.003313 0.009690 0.545916 0.436906 0.004175
2 2 0.001112 0.006814 0.910392 0.079886 0.001797
2 2 0.002614 0.008318 0.634562 0.352341 0.002165
3 2 0.004802 0.010050 0.349876 0.630595 0.004677
2 2 0.003013 0.009976 0.652427 0.331106 0.003478
2 2 0.003282 0.011300 0.657931 0.322079 0.005408
3 2 0.028240 0.036000 0.280173 0.641729 0.013858
3 3 0.014656 0.016755 0.139782 0.816059 0.012748
3 3 0.009168 0.010860 0.132906 0.840487 0.006579
3 3 0.009445 0.017314 0.282723 0.673392 0.017126
3 3 0.011231 0.016611 0.226219 0.735258 0.010681
3 3 0.004498 0.005304 0.086652 0.899247 0.004299
3 3 0.012442 0.014431 0.139698 0.823647 0.009782
3 3 0.004899 0.007062 0.138885 0.843274 0.005880
3 3 0.008881 0.010354 0.119395 0.853886 0.007483
3 3 0.003981 0.004598 0.071751 0.914871 0.004798
3 3 0.005632 0.006428 0.081736 0.899444 0.006760
3 3 0.002906 0.003394 0.063654 0.926529 0.003517
3 3 0.007030 0.007962 0.088722 0.887871 0.008415
3 3 0.008517 0.009581 0.095155 0.876577 0.010171
3 3 0.004585 0.005270 0.075680 0.908947 0.005517
3 3 0.005696 0.006499 0.082081 0.898888 0.006836
3 3 0.005859 0.006678 0.082945 0.897489 0.007029
3 3 0.004816 0.005527 0.077094 0.906771 0.005792
3 3 0.008109 0.009139 0.093478 0.879584 0.009690
3 3 0.002978 0.003474 0.064246 0.925700 0.003602
3 3 0.003929 0.004540 0.071397 0.915397 0.004737
3 3 0.002797 0.003270 0.062725 0.927821 0.003386
3 3 0.001814 0.002152 0.053079 0.940748 0.002207
3 3 0.008729 0.009921 0.102286 0.869667 0.009397
3 3 0.022964 0.033668 0.299534 0.624210 0.019625
2 3 0.011098 0.027887 0.649755 0.302849 0.008411
3 3 0.019228 0.032855 0.365799 0.561877 0.020240
3 3 0.019232 0.024654 0.240976 0.704988 0.010151
3 3 0.018305 0.023923 0.243959 0.703741 0.010072
3 3 0.029682 0.038234 0.238947 0.665205 0.027932
3 3 0.019334 0.034889 0.418143 0.509139 0.018495
3 3 0.011677 0.013445 0.129494 0.835326 0.010058
3 3 0.016623 0.019195 0.159430 0.792470 0.012281
3 3 0.053013 0.062729 0.318657 0.546228 0.019372
3 3 0.006867 0.007825 0.090659 0.886821 0.007828
3 3 0.006348 0.007216 0.085449 0.893378 0.007609
3 3 0.005585 0.006376 0.081479 0.899856 0.006704
3 3 0.003901 0.004509 0.071203 0.915683 0.004703
3 3 0.004860 0.005576 0.077356 0.906364 0.005844
3 3 0.004088 0.004718 0.072477 0.913791 0.004926
3 3 0.008896 0.010172 0.107045 0.864901 0.008986
3 3 0.005458 0.006237 0.080788 0.900963 0.006554
3 3 0.008367 0.009419 0.094546 0.877674 0.009994
3 3 0.002935 0.003426 0.063896 0.926191 0.003551
3 3 0.010808 0.012814 0.146274 0.822850 0.007254
3 3 0.004357 0.005017 0.074241 0.911139 0.005246
3 3 0.004048 0.004674 0.072210 0.914189 0.004879
3 3 0.002550 0.002991 0.060542 0.930826 0.003091
3 3 0.003085 0.003595 0.065124 0.924465 0.003731
3 3 0.005820 0.006720 0.089020 0.892239 0.006201
3 3 0.006174 0.007025 0.084576 0.894822 0.007403
3 3 0.003330 0.003871 0.067052 0.921723 0.004023
3 3 0.005555 0.006343 0.081318 0.900115 0.006669
3 3 0.004005 0.004626 0.071920 0.914621 0.004828
3 3 0.002991 0.003488 0.064353 0.925550 0.003617
3 3 0.004066 0.004693 0.072326 0.914016 0.004900
3 3 0.006186 0.007037 0.084633 0.894728 0.007416
3 3 0.002741 0.003207 0.062239 0.928495 0.003319
3 3 0.005345 0.006112 0.080158 0.901966 0.006420
3 3 0.007170 0.008115 0.089367 0.886766 0.008581
2 2 0.164121 0.198409 0.445373 0.168190 0.023907
2 2 0.014629 0.045217 0.839596 0.093529 0.007029
2 2 0.014319 0.051459 0.880450 0.046937 0.006835
2 2 0.025996 0.124824 0.832652 0.008269 0.008259
2 2 0.006122 0.034448 0.946683 0.010235 0.002512
2 2 0.003933 0.025354 0.956578 0.011345 0.002790
2 2 0.003337 0.024920 0.964916 0.005060 0.001767
2 2 0.016359 0.063958 0.884494 0.027170 0.008019
2 2 0.012569 0.042708 0.879112 0.060846 0.004765
2 2 0.004816 0.030811 0.951872 0.009270 0.003232
2 2 0.000804 0.007860 0.984055 0.006633 0.000649
2 2 0.055625 0.119247 0.787047 0.027756 0.010324
2 2 0.024072 0.127788 0.829153 0.009708 0.009279
2 2 0.000388 0.005803 0.991785 0.001638 0.000387
2 2 0.000429 0.004295 0.982712 0.012147 0.000417
2 2 0.004498 0.028000 0.957319 0.008311 0.001872
2 2 0.000986 0.010375 0.983794 0.003962 0.000882
2 2 0.000107 0.001660 0.991744 0.006325 0.000163
2 2 0.002063 0.015363 0.970728 0.010334 0.001512
2 2 0.000910 0.010150 0.983747 0.004025 0.001167
2 2 0.000869 0.009352 0.984913 0.003608 0.001257
2 2 0.000577 0.005621 0.982860 0.010391 0.000550
2 2 0.000145 0.001915 0.988396 0.009370 0.000175
2 2 0.000806 0.004997 0.910852 0.082396 0.000950
2 2 0.007544 0.039240 0.920314 0.024325 0.008577
2 2 0.001049 0.010495 0.977977 0.008386 0.002093
2 2 0.000350 0.004978 0.990187 0.003793 0.000692
2 2 0.000638 0.005861 0.971880 0.020397 0.001224
2 2 0.000679 0.005980 0.966942 0.025002 0.001397
2 2 0.002077 0.015850 0.962648 0.015891 0.003534
2 2 0.000642 0.005356 0.972088 0.021284 0.000630
2 2 0.005398 0.028638 0.943315 0.019478 0.003172
2 1 0.077943 0.209065 0.686565 0.015083 0.011343
2 2 0.005243 0.046923 0.931949 0.003211 0.012674
2 2 0.000956 0.020101 0.970540 0.001066 0.007338
2 2 0.005596 0.037445 0.941436 0.006288 0.009234
2 2 0.005126 0.054502 0.921408 0.002432 0.016533
2 2 0.001909 0.021660 0.971150 0.000994 0.004287
2 2 0.001592 0.011918 0.978741 0.004272 0.003477
2 2 0.009840 0.065943 0.897452 0.002520 0.024245
2 2 0.036043 0.135790 0.767545 0.010820 0.049803
2 2 0.001175 0.012387 0.981857 0.001920 0.002661
2 2 0.002233 0.020768 0.967685 0.001140 0.008174
2 2 0.003669 0.023261 0.962710 0.000655 0.009706
2 1 0.196252 0.227726 0.438041 0.008857 0.129124
2 1 0.062473 0.228631 0.523074 0.004367 0.181454
2 2 0.007666 0.028504 0.947804 0.006952 0.009073
2 2 0.000507 0.005956 0.991855 0.000474 0.001207
2 2 0.002225 0.013811 0.963848 0.011704 0.008412
2 4 0.003184 0.113397 0.801182 0.003646 0.078591
4 4 0.015053 0.098236 0.100940 0.001840 0.783930
4 4 0.015216 0.104797 0.147607 0.002803 0.729578
4 4 0.050970 0.030431 0.015634 0.000455 0.902509
4 4 0.015794 0.113882 0.081133 0.001926 0.787265
4 4 0.056295 0.040202 0.007209 0.000400 0.895894
4 4 0.061178 0.087610 0.030331 0.002266 0.818615
4 4 0.037284 0.059959 0.027683 0.000877 0.874198
4 4 0.021326 0.077197 0.076077 0.001487 0.823913
4 4 0.015294 0.093573 0.126391 0.002130 0.762611
4 4 0.349644 0.009651 0.002784 0.000520 0.637401
4 4 0.029614 0.106514 0.062677 0.002499 0.798697
4 4 0.038825 0.041613 0.017631 0.000449 0.901482
4 4 0.007635 0.093189 0.156173 0.001433 0.741570
4 4 0.010622 0.096188 0.343511 0.005022 0.544658
4 4 0.039134 0.083362 0.048581 0.001977 0.826945
4 4 0.008643 0.195200 0.386598 0.006873 0.402686
4 4 0.019360 0.084757 0.079605 0.001581 0.814697
4 4 0.018539 0.050745 0.049164 0.000595 0.880957
4 4 0.008970 0.126970 0.144974 0.002246 0.716839
4 4 0.007754 0.163710 0.306329 0.006731 0.515477
4 4 0.007146 0.207384 0.245642 0.006630 0.533198
4 4 0.019901 0.068018 0.031951 0.000648 0.879482
1 1 0.050782 0.541106 0.143291 0.007124 0.257697
1 1 0.020258 0.449446 0.416926 0.005475 0.107896
2 1 0.012917 0.326691 0.595292 0.003793 0.061308
2 2 0.003792 0.084807 0.783884 0.003516 0.124001
2 2 0.001003 0.028620 0.957236 0.000926 0.012214
2 2 0.000350 0.007379 0.987545 0.000483 0.004242
2 2 0.000287 0.010355 0.985504 0.001000 0.002854
2 2 0.000986 0.023218 0.956033 0.001102 0.018662
2 2 0.000200 0.008283 0.987349 0.000521 0.003646
2 2 0.004129 0.068655 0.713335 0.004805 0.209076
2 2 0.000757 0.015391 0.966594 0.000588 0.016670
2 2 0.001050 0.027576 0.934828 0.000780 0.035766
2 2 0.001114 0.013926 0.974784 0.001682 0.008495
2 2 0.001262 0.031418 0.940135 0.003077 0.024108
2 2 0.000456 0.013318 0.979742 0.000592 0.005891
2 2 0.000852 0.011668 0.979660 0.000358 0.007461
2 2 0.000893 0.010214 0.980990 0.001840 0.006063
2 2 0.004050 0.058973 0.641296 0.005187 0.290495
2 2 0.001498 0.025728 0.935399 0.002359 0.035015
2 2 0.000247 0.010057 0.971784 0.005244 0.012668
2 2 0.000604 0.009893 0.977782 0.000512 0.011209
2 2 0.001109 0.010229 0.968943 0.015720 0.003998
2 2 0.000288 0.006375 0.989756 0.001898 0.001683
2 2 0.000290 0.005308 0.990041 0.002023 0.002337
2 2 0.000356 0.004666 0.985074 0.008627 0.001277
2 2 0.002244 0.016216 0.968271 0.006318 0.006951
2 2 0.000271 0.004295 0.990516 0.003993 0.000925
2 2 0.000193 0.003576 0.992597 0.002815 0.000819
2 2 0.000554 0.006342 0.983257 0.008554 0.001292
2 2 0.001450 0.011214 0.981160 0.003294 0.002883
2 2 0.000881 0.009349 0.980015 0.007815 0.001940
2 2 0.001811 0.014712 0.971001 0.008686 0.003791
2 2 0.001895 0.012445 0.941779 0.040216 0.003665
2 2 0.000814 0.011004 0.980424 0.005053 0.002704
2 2 0.000196 0.002716 0.988838 0.007842 0.000407
2 2 0.000381 0.004057 0.971892 0.022408 0.001262
2 2 0.006866 0.029760 0.902525 0.051824 0.009026
2 2 0.000900 0.009371 0.983100 0.005558 0.001070
2 2 0.000220 0.003336 0.991213 0.004724 0.000507
2 2 0.001647 0.013021 0.963668 0.018381 0.003282
2 2 0.000231 0.002825 0.981872 0.014492 0.000580
2 2 0.000617 0.006432 0.978287 0.013118 0.001546
2 2 0.001320 0.009369 0.947989 0.038714 0.002608
2 2 0.000425 0.005061 0.987109 0.006296 0.001108
2 2 0.000627 0.004228 0.903825 0.090167 0.001152
2 2 0.004315 0.017251 0.869981 0.099645 0.008807
2 2 0.000815 0.007300 0.974715 0.015921 0.001249
2 2 0.001242 0.008702 0.929606 0.056703 0.003747
2 2 0.001558 0.009588 0.924837 0.061310 0.002706
2 2 0.001576 0.011041 0.957145 0.027371 0.002867
2 2 0.000642 0.005439 0.963668 0.029111 0.001139
2 2 0.002325 0.014683 0.929829 0.047356 0.005807
2 2 0.002576 0.012461 0.874326 0.106918 0.003718
2 2 0.001384 0.008508 0.895799 0.090426 0.003883
2 2 0.001765 0.011730 0.939676 0.043068 0.003761
2 2 0.001737 0.009629 0.948118 0.038239 0.002276
2 2 0.004711 0.025129 0.919623 0.042854 0.007683
2 2 0.005529 0.024203 0.891997 0.066757 0.011513
2 2 0.008553 0.028557 0.914890 0.033121 0.014879
2 2 0.003659 0.012803 0.687030 0.290468 0.006039
2 2 0.000996 0.008108 0.961786 0.026947 0.002164
2 2 0.001182 0.007738 0.896695 0.090106 0.004279
2 2 0.010129 0.038922 0.828717 0.103609 0.018624
2 2 0.001901 0.008734 0.776479 0.208424 0.004462
2 2 0.004826 0.014224 0.911527 0.064579 0.004844
2 2 0.001289 0.009100 0.943929 0.042907 0.002774
2 2 0.007894 0.025225 0.796435 0.155155 0.015291
3 2 0.017029 0.032974 0.448048 0.475486 0.026463
2 2 0.003101 0.018257 0.911902 0.057342 0.009398
2 2 0.001755 0.009136 0.898649 0.088616 0.001844
2 2 0.003549 0.019218 0.900806 0.067465 0.008961
2 2 0.001496 0.008556 0.887772 0.099028 0.003148
2 2 0.004869 0.018874 0.812739 0.155567 0.007952
2 2 0.010857 0.033832 0.766149 0.177180 0.011982
2 2 0.002125 0.010346 0.849784 0.134032 0.003714
2 2 0.003321 0.014150 0.812004 0.163372 0.007154
2 2 0.032536 0.071756 0.640974 0.220965 0.033770
2 2 0.002413 0.009951 0.771974 0.212068 0.003593
2 2 0.004391 0.015779 0.728866 0.243465 0.007499
2 2 0.001164 0.007534 0.914741 0.073880 0.002680
2 2 0.005830 0.017093 0.522816 0.435802 0.018459
2 2 0.008164 0.024943 0.736483 0.222311 0.008100
2 2 0.004386 0.018243 0.836371 0.134420 0.006580
2 2 0.001243 0.006199 0.831903 0.158966 0.001688
2 2 0.012317 0.023905 0.500871 0.440083 0.022823
3 2 0.006014 0.015575 0.477523 0.489145 0.011744
3 2 0.010921 0.020219 0.336736 0.618052 0.014072
2 2 0.014690 0.028573 0.564907 0.386937 0.004893
2 2 0.004152 0.025012 0.952354 0.015484 0.002998
2 2 0.001882 0.014469 0.971460 0.010586 0.001603
2 2 0.004324 0.026609 0.949466 0.015627 0.003973
2 2 0.001887 0.014435 0.971206 0.010861 0.001612
2 2 0.024490 0.066849 0.867396 0.028310 0.012955
2 2 0.002301 0.017704 0.969500 0.008566 0.001929
2 2 0.004656 0.026958 0.952832 0.013237 0.002317
2 2 0.005682 0.037068 0.944875 0.008543 0.003833
2 2 0.000602 0.006492 0.985747 0.006489 0.000669
2 2 0.000592 0.007459 0.988135 0.003095 0.000718
2 2 0.001246 0.009290 0.966987 0.021170 0.001308
2 2 0.002154 0.020776 0.972758 0.002635 0.001677
2 2 0.005386 0.036088 0.948713 0.006323 0.003492
2 2 0.000593 0.006161 0.982520 0.009835 0.000892
2 2 0.006922 0.036833 0.937267 0.015038 0.003940
2 0 0.127398 0.385431 0.465908 0.007691 0.013573
2 1 0.031472 0.096625 0.810899 0.045055 0.015948
2 1 0.001058 0.010475 0.979798 0.007120 0.001550
2 2 0.000448 0.004956 0.988218 0.006022 0.000356
2 2 0.000879 0.011038 0.985489 0.001779 0.000814
2 2 0.000461 0.005641 0.987341 0.005777 0.000780
2 2 0.000723 0.008989 0.986746 0.002688 0.000854
2 2 0.003283 0.036330 0.951929 0.003476 0.004982
2 2 0.006988 0.041652 0.934486 0.010839 0.006034
2 2 0.008344 0.051387 0.930480 0.001598 0.008191
2 2 0.037435 0.241680 0.661782 0.005682 0.053422
2 1 0.035092 0.075172 0.858135 0.020909 0.010692
2 1 0.138748 0.336591 0.493172 0.005599 0.025890
2 2 0.002539 0.021859 0.970960 0.003235 0.001407
2 2 0.017491 0.081420 0.888073 0.003128 0.009887
2 2 0.004645 0.028443 0.953384 0.010321 0.003207
2 2 0.005706 0.027036 0.956773 0.005988 0.004496
2 2 0.006689 0.030827 0.957507 0.001275 0.003702
2 2 0.002691 0.019552 0.971248 0.003175 0.003334
2 2 0.005237 0.051219 0.931192 0.002459 0.009894
2 2 0.020604 0.060174 0.899302 0.013401 0.006519
2 2 0.016873 0.062182 0.909025 0.001436 0.010484
2 2 0.005921 0.045897 0.939517 0.001335 0.007331
2 2 0.008035 0.041184 0.940490 0.003879 0.006412
2 2 0.035575 0.108162 0.833111 0.004405 0.018747
0 0 0.404445 0.366369 0.164271 0.005550 0.059364
0 0 0.914665 0.035288 0.014544 0.000561 0.034941
0 0 0.909818 0.033133 0.013610 0.000651 0.042788
0 0 0.939063 0.012072 0.004091 0.000187 0.044586
0 0 0.877667 0.052568 0.023742 0.001266 0.044757
0 0 0.899113 0.036741 0.015483 0.000846 0.047817
0 0 0.894692 0.054733 0.024317 0.000709 0.025549
0 0 0.920875 0.036154 0.014824 0.000446 0.027701
0 0 0.896790 0.052072 0.021882 0.000613 0.028645
1 0 0.403320 0.427677 0.140598 0.000818 0.027587
0 0 0.539489 0.310777 0.111227 0.001172 0.037336
0 0 0.887863 0.058250 0.023698 0.000586 0.029603
0 0 0.884197 0.042553 0.018568 0.001171 0.053511
0 0 0.916164 0.026501 0.009686 0.000396 0.047252
0 0 0.911108 0.031098 0.011202 0.000395 0.046196
0 0 0.605125 0.247736 0.066894 0.000641 0.079604
0 1 0.444583 0.377458 0.098555 0.000766 0.078637
0 0 0.850079 0.065366 0.019239 0.000348 0.064969
0 0 0.932646 0.022225 0.008238 0.000302 0.036589
0 0 0.923670 0.026755 0.010491 0.000439 0.038644
0 0 0.932535 0.022838 0.008654 0.000327 0.035646
0 0 0.861466 0.069145 0.021003 0.000305 0.048081
0 0 0.812675 0.114025 0.029960 0.000198 0.043142
0 0 0.716400 0.163848 0.049127 0.000669 0.069956
0 0 0.640571 0.238181 0.061606 0.000391 0.059251
0 1 0.732678 0.145618 0.049141 0.001039 0.071524
1 1 0.300271 0.486566 0.132577 0.001220 0.079366
1 1 0.266193 0.517298 0.120130 0.000815 0.095564
0 1 0.399519 0.392612 0.101991 0.001045 0.104834
1 1 0.265878 0.474954 0.171923 0.002973 0.084272
0 1 0.556219 0.243330 0.071108 0.001417 0.127925
1 2 0.122762 0.488016 0.277307 0.001525 0.110391
2 2 0.077316 0.256800 0.614298 0.001792 0.049794
2 2 0.047074 0.270069 0.621155 0.003533 0.058169
2 2 0.015776 0.084730 0.872583 0.001790 0.025120
2 2 0.009107 0.050738 0.927290 0.000544 0.012321
1 2 0.254824 0.503940 0.110426 0.000861 0.129950
1 2 0.283600 0.519214 0.138495 0.000878 0.057813
0 0 0.697909 0.176412 0.047658 0.000503 0.077518
0 1 0.568467 0.287700 0.073291 0.000493 0.070049
0 1 0.641767 0.190811 0.084177 0.001600 0.081645
0 2 0.436711 0.378630 0.106600 0.001032 0.077026
1 2 0.331061 0.469341 0.134440 0.001157 0.064001
2 2 0.000503 0.007969 0.990529 0.000684 0.000316
2 2 0.000579 0.009783 0.988510 0.000570 0.000558
2 2 0.000569 0.009004 0.989270 0.000711 0.000446
2 2 0.000413 0.005471 0.991466 0.002353 0.000297
2 2 0.002020 0.021522 0.971659 0.002751 0.002048
2 2 0.002499 0.030558 0.962372 0.001942 0.002629
2 2 0.000585 0.008319 0.988375 0.001871 0.000850
2 2 0.000176 0.002836 0.993391 0.003312 0.000285
2 2 0.000902 0.011436 0.985221 0.001622 0.000819
2 2 0.000979 0.020208 0.976233 0.000825 0.001755
2 2 0.000906 0.012254 0.985310 0.000926 0.000604
2 2 0.000216 0.004139 0.994297 0.001025 0.000323
2 2 0.000530 0.006773 0.989554 0.002654 0.000489
2 2 0.000062 0.001285 0.996484 0.002088 0.000081
2 2 0.000412 0.006357 0.991131 0.001571 0.000528
2 2 0.003718 0.035298 0.954380 0.002739 0.003864
2 2 0.001770 0.017816 0.976856 0.002344 0.001213
2 2 0.000203 0.003685 0.994657 0.001220 0.000234
2 2 0.000283 0.004849 0.993146 0.001339 0.000384
2 2 0.000339 0.004938 0.991275 0.002921 0.000526
2 2 0.000711 0.006634 0.979766 0.012071 0.000818
2 2 0.000650 0.010138 0.987869 0.000750 0.000593
2 2 0.000153 0.002028 0.985651 0.011869 0.000299
2 2 0.000162 0.002804 0.994364 0.002414 0.000256
2 2 0.000374 0.004040 0.984455 0.010683 0.000447
2 2 0.000169 0.003038 0.994540 0.001974 0.000278
2 2 0.000416 0.005817 0.990037 0.003056 0.000675
2 2 0.000076 0.001537 0.995763 0.002481 0.000143
2 2 0.000287 0.004107 0.992000 0.003246 0.000361
2 2 0.003652 0.034671 0.950386 0.006646 0.004646
2 2 0.000378 0.011312 0.944279 0.000560 0.043471
2 2 0.001307 0.019066 0.919225 0.000911 0.059492
4 4 0.020223 0.092887 0.152684 0.003186 0.731021
4 4 0.006735 0.024044 0.011699 0.000043 0.957478
4 4 0.013272 0.011785 0.007830 0.000028 0.967085
4 4 0.012766 0.039641 0.007949 0.000098 0.939546
4 4 0.004875 0.109897 0.045598 0.000450 0.839180
4 4 0.039823 0.024749 0.004284 0.000105 0.931039
4 4 0.033907 0.011941 0.003217 0.000035 0.950899
4 4 0.007575 0.014444 0.021683 0.000042 0.956257
4 4 0.009852 0.109353 0.028431 0.000576 0.851788
4 4 0.103484 0.008523 0.000926 0.000032 0.887035
4 4 0.018353 0.025183 0.009810 0.000094 0.946561
4 4 0.020079 0.009604 0.001725 0.000012 0.968580
4 4 0.108947 0.008152 0.000739 0.000027 0.882135
4 4 0.198502 0.006012 0.000654 0.000035 0.794796
4 4 0.084840 0.005078 0.000352 0.000008 0.909722
4 4 0.062924 0.013327 0.001140 0.000036 0.922574
4 4 0.043995 0.008144 0.002126 0.000023 0.945711
4 4 0.010440 0.009732 0.003797 0.000012 0.976019
4 4 0.014150 0.005802 0.001188 0.000004 0.978855
4 4 0.064537 0.011124 0.003122 0.000057 0.921161
4 4 0.019459 0.031929 0.011072 0.000137 0.937402
4 4 0.022982 0.015140 0.005583 0.000046 0.956249
4 4 0.032167 0.022815 0.004996 0.000088 0.939933
4 4 0.057069 0.013594 0.003087 0.000063 0.926188
4 4 0.081049 0.022158 0.002516 0.000127 0.894150
4 4 0.009232 0.098256 0.021339 0.000396 0.870777
4 4 0.215699 0.137546 0.020216 0.000419 0.626120
4 4 0.022547 0.030754 0.011240 0.000151 0.935309
4 4 0.023120 0.030449 0.003530 0.000072 0.942829
4 4 0.009558 0.056864 0.011284 0.000143 0.922152
4 4 0.036815 0.022867 0.001920 0.000054 0.938343
4 4 0.135604 0.009363 0.000984 0.000048 0.854002
4 4 0.016659 0.007333 0.002661 0.000010 0.973336
4 4 0.007255 0.016926 0.003925 0.000016 0.971878
4 4 0.118741 0.007733 0.001032 0.000035 0.872459
4 4 0.040505 0.007773 0.001110 0.000014 0.950599
4 4 0.020155 0.006781 0.002000 0.000009 0.971055
4 4 0.044016 0.014648 0.002383 0.000046 0.938907
4 4 0.014709 0.031695 0.006281 0.000074 0.947240
4 4 0.098000 0.005735 0.000440 0.000012 0.895812
4 4 0.039396 0.028209 0.003494 0.000105 0.928797
4 4 0.014205 0.008338 0.003014 0.000011 0.974432
4 4 0.060943 0.005104 0.000423 0.000007 0.933523
4 4 0.018237 0.013183 0.003951 0.000026 0.964603
4 4 0.096267 0.006328 0.000499 0.000015 0.896893
4 4 0.044315 0.007341 0.001904 0.000019 0.946421
4 4 0.019510 0.007069 0.002301 0.000010 0.971111
4 4 0.043004 0.007332 0.001170 0.000014 0.948481
4 4 0.196672 0.007721 0.000911 0.000056 0.794639
4 4 0.055128 0.015297 0.005734 0.000102 0.923740
4 4 0.051470 0.003863 0.001724 0.000011 0.942932
4 4 0.037988 0.010178 0.004009 0.000038 0.947787
4 4 0.099328 0.008012 0.000694 0.000024 0.891942
4 4 0.146215 0.003142 0.000358 0.000009 0.850275
4 4 0.053984 0.006980 0.001699 0.000020 0.937316
4 4 0.010149 0.009072 0.002121 0.000007 0.978650
4 4 0.101336 0.010425 0.001840 0.000059 0.886341
4 4 0.070257 0.005794 0.000755 0.000013 0.923182
4 4 0.108044 0.007192 0.000622 0.000021 0.884121
4 4 0.086011 0.009655 0.001351 0.000038 0.902945
4 4 0.217362 0.002467 0.000208 0.000008 0.779956
4 4 0.092284 0.001997 0.000104 0.000002 0.905613
4 4 0.096768 0.013241 0.001351 0.000059 0.888581
4 4 0.039121 0.013250 0.005747 0.000065 0.941817
4 4 0.015063 0.043355 0.009535 0.000139 0.931908
4 4 0.016032 0.011736 0.004738 0.000024 0.967470
4 4 0.109176 0.005532 0.000440 0.000013 0.884838
4 4 0.116729 0.011971 0.001280 0.000062 0.869959
4 4 0.029949 0.010118 0.001779 0.000018 0.958135
4 4 0.020005 0.019398 0.008241 0.000068 0.952287
4 4 0.032642 0.025022 0.004536 0.000093 0.937707
4 4 0.011574 0.090403 0.025330 0.000486 0.872207
4 4 0.030902 0.014414 0.003965 0.000046 0.950674
4 4 0.023562 0.018839 0.005150 0.000056 0.952392
4 4 0.018451 0.079524 0.021443 0.000555 0.880027
4 4 0.010205 0.056419 0.024924 0.000253 0.908198
4 4 0.006003 0.075182 0.016061 0.000168 0.902585
4 4 0.007220 0.109290 0.050414 0.000664 0.832411
4 4 0.013827 0.089616 0.016349 0.000417 0.879790
4 4 0.038222 0.013963 0.001815 0.000032 0.945968
4 4 0.122713 0.007089 0.000646 0.000025 0.869527
4 4 0.023512 0.013276 0.004559 0.000036 0.958617
4 4 0.011055 0.007826 0.004489 0.000011 0.976618
4 4 0.008588 0.084057 0.030891 0.000399 0.876066
4 4 0.006009 0.106880 0.048290 0.000538 0.838282
4 4 0.008895 0.100657 0.035088 0.000554 0.854806
4 4 0.005979 0.107873 0.026466 0.000357 0.859325
4 4 0.006076 0.115897 0.038653 0.000512 0.838862
4 4 0.004999 0.171613 0.103046 0.001520 0.718822
4 1 0.054345 0.255154 0.109430 0.003966 0.577105
4 1 0.001958 0.141520 0.308778 0.001742 0.546002
4 1 0.003164 0.120160 0.296451 0.001955 0.578270
4 1 0.001763 0.156983 0.404408 0.002954 0.433892
4 1 0.001900 0.174060 0.365873 0.003053 0.455113
2 1 0.001386 0.087162 0.568572 0.002361 0.340519
4 1 0.004105 0.122620 0.273387 0.002234 0.597655
4 1 0.001971 0.152566 0.257655 0.001519 0.586289
4 1 0.001910 0.220886 0.248999 0.002479 0.525727
4 1 0.001789 0.162972 0.388267 0.002926 0.444044
4 1 0.005541 0.085915 0.079146 0.000561 0.828837
4 1 0.001806 0.122561 0.337323 0.001527 0.536783
4 1 0.001747 0.136954 0.270061 0.001258 0.589981
4 1 0.003208 0.072305 0.326399 0.001195 0.596894
4 1 0.002669 0.172958 0.233886 0.002068 0.588419
2 1 0.001830 0.128463 0.451085 0.002832 0.415791
4 1 0.002634 0.121665 0.353548 0.002227 0.519925
2 1 0.001188 0.076862 0.652318 0.002859 0.266772
4 2 0.004253 0.139112 0.375289 0.004452 0.476895
4 2 0.003221 0.160179 0.328020 0.003457 0.505123
2 2 0.000605 0.047599 0.788364 0.002391 0.161041
4 2 0.001123 0.132784 0.422455 0.001725 0.441913
2 2 0.000661 0.059589 0.621223 0.001025 0.317503
2 2 0.001628 0.085463 0.616252 0.003459 0.293197
2 2 0.001291 0.040407 0.754672 0.002642 0.200987
2 2 0.000181 0.011858 0.954704 0.000664 0.032592
2 2 0.001868 0.051147 0.675547 0.002764 0.268674
2 2 0.001472 0.069842 0.653611 0.003004 0.272071
2 2 0.000338 0.008330 0.969398 0.000504 0.021430
2 2 0.001364 0.019245 0.945874 0.015126 0.018392
2 2 0.000116 0.005823 0.990478 0.000834 0.002749
2 2 0.000310 0.004019 0.981651 0.012551 0.001469
2 2 0.000211 0.009877 0.983185 0.001293 0.005433
2 2 0.000030 0.000971 0.997784 0.001043 0.000173
2 2 0.000243 0.006434 0.989259 0.001866 0.002198
2 2 0.000105 0.003113 0.993107 0.002207 0.001469
2 2 0.000196 0.007482 0.985367 0.001652 0.005303
2 2 0.000097 0.001542 0.983201 0.014607 0.000553
2 2 0.000716 0.012775 0.976120 0.002702 0.007687
2 2 0.000714 0.007985 0.976671 0.011520 0.003110
2 2 0.000283 0.003247 0.976115 0.019467 0.000888
2 2 0.001759 0.023573 0.945035 0.012250 0.017383
2 2 0.000143 0.002321 0.987591 0.009137 0.000808
2 2 0.000202 0.002757 0.980588 0.015387 0.001066
2 2 0.001943 0.014319 0.926602 0.047611 0.009525
2 2 0.000981 0.009986 0.970846 0.013878 0.004310
2 2 0.000249 0.002655 0.953553 0.042305 0.001239
2 2 0.000323 0.003278 0.954860 0.040101 0.001438
2 2 0.000579 0.004437 0.920031 0.073165 0.001789
2 2 0.002990 0.018763 0.868090 0.088978 0.021180
2 2 0.000138 0.001562 0.953148 0.044645 0.000506
2 2 0.000835 0.006245 0.904116 0.084216 0.004589
2 2 0.001113 0.006799 0.868598 0.119889 0.003601
2 2 0.003301 0.013762 0.715213 0.254406 0.013318
2 2 0.001238 0.006700 0.807244 0.180718 0.004101
2 2 0.003486 0.014199 0.656214 0.305042 0.021059
2 2 0.014527 0.032903 0.469783 0.450316 0.032472
2 2 0.002353 0.010013 0.682124 0.295644 0.009866
2 2 0.002794 0.010018 0.560881 0.414918 0.011389
2 2 0.002426 0.013122 0.860696 0.114962 0.008794
2 2 0.000945 0.005413 0.810971 0.179433 0.003237
2 2 0.005698 0.016273 0.495580 0.464219 0.018230
2 2 0.001666 0.005971 0.530768 0.457159 0.004436
3 2 0.004233 0.007055 0.172706 0.809588 0.006418
2 2 0.000936 0.005058 0.775475 0.215525 0.003006
3 2 0.003148 0.008647 0.383421 0.595066 0.009719
2 2 0.003730 0.011898 0.518349 0.452887 0.013136
2 2 0.047138 0.096525 0.707807 0.128552 0.019978
1 0 0.228730 0.474253 0.259126 0.009083 0.028808
2 1 0.037138 0.200175 0.693709 0.020714 0.048264
2 1 0.006082 0.074979 0.900201 0.005203 0.013535
2 2 0.001797 0.020304 0.973689 0.001701 0.002508
2 2 0.002950 0.045763 0.941259 0.002946 0.007081
2 2 0.001594 0.019182 0.970901 0.004583 0.003741
2 2 0.000182 0.002797 0.991194 0.005387 0.000441
2 2 0.000120 0.002701 0.995362 0.001402 0.000414
2 2 0.000247 0.003493 0.988217 0.007293 0.000750
2 2 0.001321 0.021145 0.953305 0.006586 0.017643
2 2 0.000531 0.006295 0.982265 0.009202 0.001707
2 2 0.001082 0.008300 0.936999 0.049319 0.004300
2 2 0.000095 0.001565 0.989722 0.008328 0.000290
2 2 0.000508 0.008994 0.985609 0.002667 0.002222
2 2 0.000377 0.005257 0.989205 0.004305 0.000856
2 2 0.000436 0.005480 0.981695 0.010390 0.002000
2 2 0.000103 0.001631 0.983468 0.014207 0.000591
2 2 0.000494 0.004373 0.951842 0.041791 0.001500
2 2 0.001757 0.018326 0.951528 0.017521 0.010868
2 2 0.000139 0.002149 0.990238 0.007122 0.000353
2 2 0.000257 0.003445 0.984328 0.010978 0.000992
