4 0 0.277435 0.149852 0.044591 0.004578 0.523544
1 0 0.108367 0.352078 0.236560 0.005054 0.297941
4 0 0.356041 0.167360 0.037390 0.002809 0.436401
0 0 0.573929 0.133402 0.082295 0.017236 0.193138
0 0 0.607809 0.201777 0.045952 0.004994 0.139468
2 0 0.063931 0.160434 0.444387 0.006576 0.324671
4 0 0.057888 0.371150 0.188397 0.001652 0.380914
4 0 0.212394 0.186393 0.047773 0.002449 0.550991
1 0 0.127191 0.441691 0.144724 0.002956 0.283438
1 0 0.213286 0.360812 0.104491 0.003490 0.317921
4 0 0.391758 0.116580 0.034011 0.005695 0.451956
1 0 0.142096 0.397799 0.121899 0.002750 0.335456
1 0 0.228045 0.420141 0.125630 0.004078 0.222107
4 0 0.317798 0.115609 0.034455 0.005162 0.526976
0 0 0.460675 0.112732 0.029074 0.005083 0.392436
0 0 0.890393 0.051303 0.014973 0.012738 0.030594
0 0 0.531353 0.239262 0.092846 0.017344 0.119194
4 0 0.194441 0.167973 0.049999 0.003282 0.584305
4 0 0.347248 0.104410 0.025358 0.003310 0.519674
1 0 0.277989 0.319549 0.084651 0.003555 0.314257
4 0 0.131209 0.211660 0.069968 0.002985 0.584178
4 0 0.082840 0.266984 0.091525 0.002139 0.556512
1 0 0.109907 0.468095 0.151056 0.002482 0.268460
1 0 0.119925 0.450546 0.127218 0.001911 0.300400
4 0 0.177737 0.217613 0.061942 0.002724 0.539984
1 0 0.064162 0.458282 0.155139 0.001675 0.320742
4 0 0.423824 0.103821 0.023878 0.003484 0.444992
1 0 0.201490 0.386942 0.096629 0.002271 0.312668
1 0 0.113952 0.436909 0.128389 0.002012 0.318738
4 0 0.168872 0.321468 0.106924 0.003951 0.398785
4 0 0.054021 0.299104 0.187145 0.001438 0.458292
1 0 0.160399 0.412816 0.120979 0.002761 0.303045
1 0 0.103119 0.424974 0.122807 0.001749 0.347351
4 0 0.099044 0.365447 0.138912 0.003180 0.393417
1 0 0.096599 0.469793 0.152336 0.002221 0.279051
4 0 0.116548 0.342128 0.137301 0.003441 0.400582
4 0 0.080599 0.308771 0.231408 0.004134 0.375088
4 0 0.078702 0.334530 0.105733 0.001676 0.479359
4 0 0.137944 0.149161 0.071711 0.003819 0.637366
1 0 0.159356 0.371661 0.103838 0.002413 0.362732
4 0 0.294645 0.184265 0.064808 0.007523 0.448759
0 0 0.416771 0.224773 0.096763 0.017809 0.243885
0 0 0.492072 0.169529 0.060826 0.012390 0.265183
1 0 0.242719 0.343026 0.096318 0.003638 0.314298
4 0 0.313148 0.200171 0.058124 0.004906 0.423651
4 0 0.424570 0.113878 0.030809 0.005315 0.425428
4 0 0.215957 0.114905 0.040656 0.005532 0.622951
2 0 0.049950 0.272275 0.370683 0.005536 0.301555
4 0 0.180326 0.129247 0.044608 0.004397 0.641421
4 0 0.119003 0.333921 0.106643 0.002554 0.437878
4 0 0.063856 0.407794 0.116028 0.001061 0.411261
4 0 0.050935 0.329860 0.137620 0.001444 0.480142
4 0 0.038502 0.208264 0.129524 0.001206 0.622504
4 0 0.098443 0.314824 0.107778 0.002537 0.476419
1 0 0.148178 0.401710 0.115735 0.002446 0.331931
4 0 0.077181 0.310532 0.161129 0.002883 0.448275
1 0 0.093290 0.368529 0.225760 0.007352 0.305070
4 0 0.063438 0.112409 0.046617 0.001508 0.776028
0 0 0.819131 0.076106 0.027985 0.021610 0.055169
0 0 0.849966 0.059455 0.012288 0.005053 0.073239
0 0 0.961592 0.016686 0.001210 0.000368 0.020143
0 0 0.980022 0.009661 0.000519 0.000170 0.009628
0 0 0.929892 0.036734 0.003728 0.000875 0.028771
0 0 0.956243 0.023377 0.002186 0.000714 0.017481
0 0 0.918339 0.045328 0.003021 0.000298 0.033015
0 0 0.885751 0.076426 0.005661 0.000388 0.031775
0 0 0.958398 0.019357 0.001762 0.000661 0.019822
0 0 0.936301 0.035772 0.002189 0.000241 0.025497
0 0 0.806549 0.132805 0.012115 0.000620 0.047911
0 0 0.943269 0.031383 0.002185 0.000336 0.022827
0 0 0.967199 0.018673 0.002677 0.002137 0.009313
0 0 0.885845 0.064436 0.010370 0.002794 0.036555
0 0 0.948376 0.022534 0.002127 0.000723 0.026240
0 0 0.936502 0.028527 0.003443 0.001354 0.030175
0 0 0.909196 0.043379 0.004404 0.000863 0.042158
0 0 0.911101 0.038587 0.005931 0.002482 0.041899
0 0 0.896396 0.050973 0.007540 0.002248 0.042843
0 0 0.925686 0.033152 0.004605 0.001932 0.034626
0 0 0.910361 0.038041 0.005556 0.002174 0.043868
0 0 0.882438 0.067458 0.013316 0.004710 0.032078
0 0 0.740431 0.157122 0.037809 0.006887 0.057751
0 0 0.951069 0.025514 0.003831 0.002397 0.017190
0 0 0.943889 0.026392 0.003239 0.001420 0.025060
0 0 0.949755 0.023142 0.002428 0.000950 0.023725
0 0 0.937507 0.028758 0.003681 0.001577 0.028477
0 0 0.930439 0.030430 0.003775 0.001448 0.033909
0 0 0.968326 0.018311 0.002908 0.002780 0.007675
0 0 0.976783 0.013762 0.001586 0.001216 0.006654
0 0 0.979450 0.012530 0.001478 0.001290 0.005253
0 0 0.963658 0.019945 0.002660 0.001773 0.011964
0 0 0.997827 0.001368 0.000015 0.000003 0.000788
0 0 0.987278 0.007628 0.000501 0.000283 0.004310
0 0 0.968777 0.018484 0.001474 0.000477 0.010788
0 0 0.925489 0.051551 0.003723 0.000372 0.018864
0 0 0.941855 0.041595 0.003109 0.000410 0.013032
0 0 0.971969 0.018449 0.001310 0.000356 0.007916
0 0 0.822391 0.145995 0.012100 0.000499 0.019014
0 0 0.898342 0.082496 0.006633 0.000489 0.012040
0 0 0.983155 0.009288 0.000603 0.000276 0.006679
0 0 0.944748 0.040474 0.002764 0.000326 0.011688
0 0 0.977348 0.013665 0.000950 0.000333 0.007703
0 0 0.971303 0.018583 0.001286 0.000333 0.008496
0 0 0.965771 0.019116 0.001411 0.000390 0.013313
0 0 0.949526 0.030600 0.002285 0.000405 0.017183
0 0 0.888185 0.090878 0.006836 0.000410 0.013692
0 0 0.903147 0.073828 0.005252 0.000357 0.017416
0 0 0.996970 0.002295 0.000122 0.000159 0.000455
0 0 0.995138 0.003478 0.000198 0.000193 0.000993
0 0 0.994145 0.003987 0.000209 0.000156 0.001503
0 0 0.994340 0.004015 0.000261 0.000271 0.001113
0 0 0.994545 0.003847 0.000227 0.000211 0.001171
0 0 0.995878 0.002963 0.000145 0.000130 0.000884
0 0 0.997545 0.001981 0.000072 0.000060 0.000342
0 0 0.995569 0.003246 0.000221 0.000303 0.000660
0 0 0.978291 0.014731 0.001598 0.001050 0.004331
0 0 0.989302 0.006359 0.000348 0.000177 0.003814
0 0 0.989272 0.007890 0.000512 0.000277 0.002049
0 0 0.997380 0.002011 0.000102 0.000142 0.000366
0 0 0.994383 0.004006 0.000273 0.000306 0.001033
0 0 0.993264 0.004732 0.000378 0.000461 0.001166
0 0 0.952688 0.024984 0.006042 0.008152 0.008135
0 0 0.973015 0.015827 0.002097 0.001744 0.007316
0 0 0.961107 0.020878 0.002732 0.001688 0.013594
0 0 0.977698 0.012754 0.001199 0.000721 0.007628
0 0 0.970564 0.017208 0.002779 0.002900 0.006549
0 0 0.974514 0.015211 0.002237 0.002278 0.005760
0 0 0.990977 0.006084 0.000486 0.000467 0.001987
0 0 0.947276 0.028148 0.005628 0.005000 0.013948
0 0 0.891287 0.059652 0.006283 0.000946 0.041832
0 0 0.927647 0.042038 0.002747 0.000285 0.027282
0 0 0.928715 0.045405 0.004487 0.000827 0.020566
0 0 0.945050 0.030504 0.002265 0.000396 0.021785
0 0 0.933615 0.035000 0.003349 0.000754 0.027281
0 0 0.923321 0.040112 0.003353 0.000531 0.032682
0 0 0.885998 0.070903 0.006524 0.000672 0.035901
0 0 0.881072 0.076891 0.007686 0.000830 0.033521
0 0 0.856006 0.093392 0.007934 0.000537 0.042131
0 0 0.891158 0.070460 0.005203 0.000385 0.032794
0 0 0.707817 0.180664 0.018993 0.000797 0.091729
0 0 0.663641 0.270457 0.025108 0.000559 0.040235
0 0 0.755725 0.185820 0.017075 0.000605 0.040776
0 0 0.756895 0.151402 0.017945 0.001145 0.072613
0 1 0.452906 0.374447 0.051104 0.001052 0.120491
0 1 0.515765 0.360016 0.044770 0.000939 0.078510
1 1 0.376733 0.451768 0.060663 0.000856 0.109980
0 1 0.573026 0.323606 0.040805 0.001072 0.061491
0 0 0.719479 0.204669 0.030767 0.002042 0.043042
1 1 0.251526 0.547540 0.090970 0.001014 0.108950
1 1 0.375596 0.478387 0.061764 0.000775 0.083478
1 2 0.074464 0.697327 0.160037 0.000737 0.067436
2 2 0.004309 0.110110 0.778561 0.000288 0.106732
2 2 0.001807 0.093619 0.872158 0.000271 0.032145
2 2 0.001546 0.039514 0.926332 0.000194 0.032414
2 2 0.000485 0.009591 0.980702 0.000105 0.009117
2 2 0.001915 0.050302 0.894341 0.000147 0.053295
2 2 0.000612 0.014008 0.976493 0.000184 0.008703
2 2 0.000586 0.008922 0.979080 0.000159 0.011252
2 2 0.000970 0.013416 0.958946 0.000096 0.026572
2 2 0.000873 0.008522 0.974518 0.000161 0.015925
2 2 0.000963 0.008177 0.973514 0.000178 0.017168
2 2 0.001302 0.010224 0.956332 0.000136 0.032006
2 2 0.001462 0.014396 0.941447 0.000115 0.042581
2 2 0.000702 0.004506 0.981074 0.000738 0.012980
2 2 0.000490 0.004597 0.987334 0.001069 0.006509
2 2 0.002898 0.013604 0.950504 0.004734 0.028260
2 2 0.000379 0.002599 0.990395 0.001433 0.005195
2 2 0.000131 0.001623 0.983476 0.012947 0.001823
2 3 0.000783 0.003939 0.976343 0.009013 0.009922
2 3 0.000258 0.002429 0.975022 0.019084 0.003207
2 3 0.000796 0.006714 0.978269 0.003828 0.010394
2 3 0.001603 0.008424 0.954601 0.020049 0.015323
2 3 0.000336 0.002711 0.958202 0.034593 0.004158
2 3 0.000436 0.002653 0.959687 0.032656 0.004568
2 3 0.000292 0.001882 0.968627 0.025801 0.003398
2 3 0.000181 0.001932 0.960361 0.034945 0.002580
2 3 0.000794 0.004286 0.889180 0.098040 0.007701
2 3 0.001244 0.005712 0.900071 0.078675 0.014299
2 3 0.000246 0.002010 0.863206 0.130845 0.003693
2 3 0.000526 0.004383 0.920103 0.069218 0.005771
2 3 0.000096 0.001849 0.962446 0.033860 0.001749
2 3 0.000954 0.005570 0.800163 0.183846 0.009467
2 3 0.000556 0.004149 0.770685 0.217826 0.006784
2 3 0.000362 0.003308 0.737587 0.253527 0.005215
2 3 0.000297 0.003132 0.680591 0.311301 0.004680
2 3 0.000414 0.003949 0.668647 0.321141 0.005848
2 3 0.000243 0.002358 0.786369 0.207125 0.003906
2 3 0.001525 0.009073 0.678150 0.297587 0.013664
2 3 0.000246 0.002730 0.692673 0.300231 0.004120
2 2 0.004337 0.043436 0.883409 0.045251 0.023567
2 2 0.004540 0.080255 0.871076 0.001397 0.042732
2 2 0.001778 0.024273 0.960251 0.003430 0.010268
2 2 0.002745 0.021709 0.951813 0.002270 0.021463
2 2 0.003317 0.076979 0.878083 0.000685 0.040936
2 2 0.023505 0.263719 0.618152 0.003246 0.091378
1 1 0.063151 0.500124 0.382893 0.007516 0.046317
2 2 0.006795 0.325660 0.517589 0.000412 0.149545
2 2 0.002835 0.073008 0.894215 0.000809 0.029133
2 2 0.002094 0.087809 0.873760 0.000313 0.036024
2 2 0.001342 0.024143 0.952416 0.000322 0.021777
2 2 0.001333 0.018721 0.963261 0.000384 0.016301
2 2 0.001513 0.015963 0.962978 0.000395 0.019151
2 2 0.000324 0.004331 0.990061 0.001122 0.004162
2 2 0.002708 0.020033 0.942901 0.000591 0.033767
2 2 0.000343 0.003958 0.989175 0.001278 0.005245
2 2 0.000764 0.008819 0.980596 0.000816 0.009005
2 2 0.000549 0.004632 0.985621 0.000870 0.008329
2 2 0.000665 0.005269 0.979090 0.007562 0.007414
2 2 0.000272 0.002731 0.991766 0.002628 0.002603
2 3 0.000385 0.004639 0.987807 0.003667 0.003503
2 3 0.000207 0.002257 0.972733 0.022139 0.002663
2 3 0.000539 0.004067 0.906833 0.082613 0.005947
2 3 0.000384 0.002941 0.918775 0.073259 0.004641
2 3 0.000248 0.002589 0.736818 0.256273 0.004072
2 3 0.000794 0.004680 0.899221 0.087651 0.007654
2 3 0.005524 0.017128 0.833612 0.102699 0.041037
2 3 0.000269 0.002507 0.788866 0.204190 0.004168
2 3 0.000833 0.005673 0.738215 0.246286 0.008993
2 3 0.000404 0.004162 0.603744 0.385847 0.005842
2 3 0.000314 0.003407 0.638715 0.352648 0.004915
2 3 0.000708 0.005749 0.644340 0.340842 0.008361
2 3 0.000417 0.004410 0.563413 0.425760 0.006000
2 3 0.000674 0.006382 0.814371 0.170852 0.007722
3 3 0.000591 0.006054 0.452123 0.533656 0.007577
3 3 0.000213 0.003025 0.484712 0.508180 0.003871
2 3 0.000719 0.006509 0.524238 0.459922 0.008611
2 3 0.000493 0.004339 0.684889 0.303758 0.006521
3 3 0.000435 0.005085 0.414731 0.573570 0.006179
3 3 0.000565 0.006066 0.407828 0.578205 0.007336
2 3 0.000181 0.002497 0.586475 0.407395 0.003451
3 3 0.000416 0.005068 0.377393 0.611144 0.005979
2 2 0.001017 0.017375 0.935012 0.037662 0.008934
2 2 0.005538 0.038853 0.875209 0.022092 0.058309
2 2 0.000137 0.004089 0.969002 0.024550 0.002223
2 3 0.001182 0.008800 0.931083 0.049393 0.009541
2 3 0.000341 0.003246 0.882062 0.109760 0.004591
2 3 0.000452 0.005544 0.850427 0.137721 0.005856
2 3 0.000271 0.003233 0.814039 0.178234 0.004223
2 3 0.004051 0.017438 0.648649 0.303921 0.025942
2 3 0.000168 0.002383 0.563565 0.430700 0.003184
2 3 0.000582 0.005434 0.573581 0.412943 0.007460
2 3 0.000180 0.002569 0.514760 0.479214 0.003277
3 3 0.000535 0.005205 0.299225 0.690095 0.004941
3 3 0.000619 0.006853 0.311003 0.673868 0.007657
3 3 0.000311 0.004235 0.256071 0.735116 0.004267
3 3 0.003229 0.019415 0.360197 0.594332 0.022826
3 3 0.001504 0.010779 0.277030 0.700315 0.010373
3 3 0.001038 0.009959 0.251508 0.726952 0.010543
3 3 0.000717 0.006057 0.227025 0.761191 0.005010
3 3 0.000365 0.004153 0.215751 0.776174 0.003556
3 3 0.000387 0.004302 0.416926 0.573524 0.004861
3 3 0.000258 0.003780 0.344895 0.646727 0.004339
3 3 0.000141 0.001660 0.176091 0.821055 0.001053
3 3 0.000271 0.002973 0.213242 0.781248 0.002266
3 3 0.000364 0.003774 0.183814 0.809204 0.002844
3 3 0.000339 0.004456 0.258277 0.732449 0.004479
3 3 0.000545 0.004718 0.199216 0.791995 0.003527
3 3 0.000871 0.007802 0.299039 0.684341 0.007947
3 3 0.000402 0.003901 0.151886 0.841106 0.002704
3 3 0.000767 0.007440 0.189364 0.795821 0.006608
3 3 0.000129 0.001607 0.183426 0.813783 0.001055
3 3 0.000804 0.007114 0.217131 0.768736 0.006216
3 3 0.000409 0.004895 0.263199 0.726651 0.004846
3 3 0.000337 0.004759 0.249320 0.740585 0.004999
3 3 0.000754 0.007971 0.253506 0.729409 0.008359
3 3 0.000189 0.002150 0.151711 0.844576 0.001374
3 3 0.000191 0.002611 0.184101 0.811037 0.002060
3 3 0.000149 0.002383 0.241454 0.753836 0.002178
3 3 0.000644 0.005995 0.137465 0.851445 0.004452
3 3 0.000270 0.003717 0.249955 0.742459 0.003599
3 3 0.000376 0.004369 0.140883 0.851011 0.003362
3 3 0.001792 0.012521 0.231851 0.742225 0.011611
3 3 0.003033 0.014437 0.198763 0.772977 0.010790
3 3 0.001810 0.009499 0.175741 0.806581 0.006370
3 3 0.002284 0.015501 0.245657 0.721161 0.015396
3 3 0.001414 0.011718 0.315503 0.658180 0.013185
2 2 0.024508 0.059783 0.518830 0.357335 0.039544
2 2 0.006488 0.071525 0.849841 0.041342 0.030804
1 1 0.156128 0.467517 0.271997 0.015150 0.089208
2 2 0.014330 0.357514 0.494031 0.001980 0.132145
2 2 0.073360 0.338217 0.384764 0.024131 0.179527
1 2 0.110061 0.526794 0.269747 0.008200 0.085198
1 2 0.109510 0.505855 0.256844 0.007954 0.119837
1 2 0.062592 0.563964 0.295601 0.005104 0.072738
1 2 0.184376 0.536759 0.237390 0.009282 0.032192
2 2 0.010952 0.381560 0.455258 0.001064 0.151166
2 2 0.009705 0.310832 0.586798 0.001865 0.090801
2 2 0.008165 0.247034 0.587315 0.000586 0.156900
2 2 0.006105 0.144708 0.776483 0.001071 0.071634
2 2 0.009929 0.158263 0.756930 0.002941 0.071937
2 2 0.004649 0.036255 0.916571 0.001387 0.041138
2 2 0.004807 0.066289 0.896057 0.002294 0.030554
2 2 0.000853 0.016013 0.974752 0.000719 0.007662
2 2 0.003664 0.032673 0.936411 0.001679 0.025574
2 2 0.006833 0.097661 0.853107 0.003339 0.039060
2 2 0.002672 0.026084 0.953914 0.004558 0.012772
2 2 0.009993 0.160897 0.761751 0.003554 0.063806
2 2 0.001046 0.027176 0.959665 0.000372 0.011742
2 2 0.024779 0.160365 0.718165 0.017130 0.079561
2 2 0.016264 0.289331 0.570147 0.003628 0.120630
2 2 0.000258 0.005290 0.991567 0.000825 0.002060
2 2 0.007881 0.158489 0.712893 0.000848 0.119889
2 2 0.002097 0.026847 0.906792 0.000136 0.064127
2 2 0.000987 0.010648 0.964003 0.000114 0.024249
2 2 0.003122 0.039681 0.888611 0.000286 0.068301
1 2 0.015114 0.359512 0.316196 0.000663 0.308515
2 2 0.005096 0.156340 0.566449 0.000096 0.272019
2 2 0.001770 0.026066 0.875673 0.000052 0.096439
4 2 0.005942 0.112525 0.429095 0.000058 0.452381
2 2 0.007574 0.124107 0.500925 0.000137 0.367256
4 2 0.013890 0.130157 0.128194 0.000118 0.727641
4 2 0.009841 0.122365 0.324696 0.000118 0.542980
4 2 0.007104 0.118183 0.421312 0.000084 0.453318
4 2 0.007687 0.128505 0.339284 0.000075 0.524449
4 4 0.013062 0.081790 0.157819 0.000106 0.747223
4 4 0.022684 0.089982 0.260037 0.000513 0.626784
4 4 0.013274 0.215001 0.267023 0.000233 0.504469
4 4 0.010138 0.125558 0.273411 0.000105 0.590789
4 4 0.013677 0.091580 0.162153 0.000121 0.732469
4 4 0.016398 0.133240 0.149630 0.000186 0.700546
4 4 0.009026 0.125215 0.194388 0.000061 0.671310
4 4 0.021942 0.024491 0.022752 0.000152 0.930663
4 4 0.014978 0.135750 0.182542 0.000176 0.666553
4 4 0.012590 0.127624 0.166017 0.000112 0.693657
4 4 0.019498 0.035942 0.043552 0.000173 0.900835
4 4 0.024198 0.035311 0.040910 0.000189 0.899393
4 4 0.010215 0.115208 0.245121 0.000094 0.629363
4 4 0.009548 0.096034 0.312193 0.000098 0.582127
4 4 0.012281 0.123043 0.191564 0.000116 0.672996
4 4 0.015204 0.035851 0.051526 0.000077 0.897343
4 4 0.011567 0.187168 0.355669 0.000228 0.445367
4 4 0.009328 0.155580 0.372950 0.000139 0.462003
2 4 0.006837 0.120421 0.470795 0.000095 0.401852
4 4 0.009185 0.148193 0.360184 0.000125 0.482312
4 4 0.025332 0.059488 0.071294 0.000275 0.843611
4 4 0.026642 0.083288 0.068076 0.000315 0.821680
4 4 0.016441 0.137317 0.151386 0.000190 0.694667
4 4 0.020785 0.110739 0.117935 0.000256 0.750285
4 4 0.012398 0.206712 0.169732 0.000132 0.611026
4 4 0.011740 0.108628 0.293615 0.000148 0.585870
4 4 0.049368 0.302031 0.141576 0.002156 0.504869
4 4 0.009229 0.171038 0.300949 0.000108 0.518676
4 4 0.015384 0.164554 0.196576 0.000211 0.623275
2 4 0.006258 0.163648 0.514783 0.000116 0.315195
2 4 0.007869 0.262958 0.532655 0.000381 0.196137
2 2 0.019870 0.276618 0.452902 0.001801 0.248809
2 2 0.005600 0.058263 0.852890 0.000739 0.082508
2 2 0.002917 0.036937 0.843647 0.000113 0.116386
2 2 0.002041 0.043684 0.891788 0.000134 0.062353
2 2 0.003772 0.039639 0.863738 0.000272 0.092579
2 2 0.009804 0.075438 0.754090 0.000892 0.159776
2 2 0.003416 0.043093 0.869773 0.000257 0.083461
2 2 0.002201 0.029866 0.934956 0.000404 0.032573
2 2 0.042637 0.106041 0.537022 0.006878 0.307422
2 2 0.003001 0.037754 0.885490 0.000236 0.073519
2 2 0.004031 0.064699 0.845497 0.000352 0.085421
2 2 0.005770 0.079565 0.722688 0.000222 0.191755
2 2 0.002229 0.022889 0.912914 0.000163 0.061804
2 2 0.002707 0.020676 0.934304 0.000432 0.041882
2 2 0.002828 0.038369 0.902755 0.000313 0.055735
2 2 0.006598 0.065247 0.774835 0.000416 0.152905
2 2 0.004688 0.057864 0.903868 0.002083 0.031496
2 2 0.004596 0.045152 0.896723 0.000946 0.052583
2 2 0.007087 0.049248 0.894957 0.002873 0.045833
2 2 0.006990 0.054024 0.891175 0.002872 0.044940
2 2 0.001627 0.014698 0.964329 0.001868 0.017477
2 2 0.001815 0.036624 0.943927 0.000698 0.016935
2 2 0.003832 0.036544 0.932639 0.002437 0.024547
2 2 0.005118 0.029408 0.931958 0.006950 0.026566
2 2 0.005718 0.036842 0.910293 0.021622 0.025525
2 2 0.003884 0.024070 0.934481 0.018942 0.018624
2 2 0.005995 0.066922 0.882705 0.003046 0.041332
2 3 0.009754 0.069909 0.854972 0.003626 0.061739
2 3 0.000612 0.009287 0.982579 0.002630 0.004891
2 3 0.008146 0.069778 0.877138 0.004635 0.040303
2 3 0.009499 0.053460 0.851334 0.047275 0.038432
2 3 0.005029 0.028156 0.917267 0.014418 0.035131
2 3 0.001296 0.014402 0.969272 0.002837 0.012193
2 3 0.004507 0.038055 0.921207 0.010657 0.025575
2 3 0.002770 0.021583 0.947442 0.013784 0.014421
2 3 0.001364 0.011632 0.964505 0.012863 0.009636
2 3 0.010033 0.035606 0.825978 0.086861 0.041523
2 3 0.006446 0.029750 0.900239 0.033670 0.029895
2 3 0.002775 0.019582 0.948873 0.014373 0.014398
2 3 0.004534 0.019282 0.903825 0.049239 0.023120
2 3 0.004194 0.032524 0.932434 0.006430 0.024417
2 3 0.012730 0.029207 0.868056 0.035580 0.054425
2 3 0.003506 0.020027 0.925315 0.032573 0.018579
2 3 0.003782 0.022133 0.912823 0.041030 0.020233
2 3 0.009874 0.050093 0.838796 0.048006 0.053232
2 3 0.002354 0.015745 0.930097 0.037203 0.014601
2 3 0.004859 0.029402 0.880137 0.058927 0.026676
2 3 0.001458 0.012976 0.893999 0.079645 0.011921
2 3 0.002559 0.022813 0.904821 0.053170 0.016637
2 3 0.004586 0.020506 0.745778 0.201752 0.027378
2 3 0.003273 0.023778 0.891117 0.062094 0.019738
2 3 0.013240 0.037964 0.659601 0.234443 0.054752
2 3 0.004265 0.026902 0.832276 0.111413 0.025144
2 3 0.002654 0.013237 0.656009 0.308446 0.019654
2 3 0.003985 0.013551 0.800358 0.158422 0.023683
2 3 0.005362 0.020985 0.715933 0.227277 0.030442
2 3 0.003564 0.020671 0.747291 0.204858 0.023616
2 3 0.002835 0.026721 0.908964 0.043997 0.017482
2 3 0.002103 0.017469 0.820884 0.143183 0.016360
2 3 0.002796 0.013169 0.687656 0.276216 0.020163
3 3 0.003547 0.018952 0.475823 0.477222 0.024455
2 3 0.015230 0.050425 0.579680 0.292911 0.061753
2 3 0.009976 0.033601 0.553282 0.356032 0.047109
3 3 0.005146 0.022352 0.443512 0.503012 0.025978
2 3 0.003171 0.015963 0.588885 0.369495 0.022485
2 3 0.001361 0.009069 0.613506 0.363149 0.012914
2 3 0.008814 0.033277 0.483467 0.430536 0.043906
2 3 0.000628 0.010421 0.920609 0.061509 0.006832
2 3 0.003390 0.017709 0.522882 0.432328 0.023691
3 3 0.002447 0.010652 0.208996 0.770837 0.007068
2 3 0.006705 0.024873 0.610079 0.322158 0.036185
2 3 0.001333 0.008928 0.693816 0.288318 0.007605
2 1 0.034551 0.047776 0.471227 0.417214 0.029232
2 2 0.004662 0.030721 0.852808 0.085840 0.025969
2 2 0.021906 0.227702 0.664004 0.015233 0.071155
2 1 0.208160 0.150209 0.515260 0.075861 0.050510
1 1 0.085482 0.484863 0.316754 0.006134 0.106767
2 2 0.014036 0.252353 0.564594 0.001648 0.167369
2 2 0.004126 0.120640 0.795988 0.000411 0.078836
2 2 0.001004 0.009334 0.980719 0.000957 0.007985
1 2 0.025014 0.441377 0.401081 0.001692 0.130838
1 2 0.048709 0.564821 0.272616 0.001902 0.111951
2 2 0.005020 0.282587 0.611523 0.000407 0.100463
2 2 0.007897 0.142006 0.710326 0.000685 0.139086
2 2 0.001387 0.029688 0.946845 0.000274 0.021806
2 2 0.003725 0.128831 0.805293 0.000475 0.061675
2 2 0.000324 0.009811 0.985557 0.000782 0.003526
2 2 0.002001 0.057815 0.894521 0.000204 0.045460
2 2 0.002980 0.057162 0.889616 0.000411 0.049831
2 2 0.000713 0.031519 0.960460 0.000355 0.006952
2 2 0.001057 0.012889 0.973595 0.000392 0.012067
2 2 0.001320 0.025132 0.947477 0.000193 0.025878
2 2 0.001514 0.029190 0.949347 0.000512 0.019437
2 2 0.001185 0.014387 0.960980 0.000178 0.023269
2 2 0.000308 0.005521 0.990161 0.000365 0.003644
2 2 0.015978 0.185539 0.739029 0.003805 0.055649
2 2 0.001692 0.026566 0.950727 0.000454 0.020561
2 2 0.000932 0.012655 0.973101 0.000248 0.013065
2 2 0.000922 0.010295 0.979571 0.000429 0.008784
2 2 0.001380 0.021405 0.948908 0.000187 0.028121
2 2 0.000601 0.009425 0.982337 0.000325 0.007311
2 2 0.001218 0.011523 0.974055 0.000450 0.012754
2 2 0.002071 0.030399 0.928872 0.000280 0.038378
2 2 0.004028 0.025569 0.945526 0.002936 0.021941
2 2 0.009217 0.050611 0.869082 0.002781 0.068309
2 2 0.003363 0.160446 0.779771 0.000437 0.055982
2 2 0.000693 0.008124 0.981920 0.000358 0.008905
2 2 0.002597 0.055843 0.911236 0.000657 0.029667
2 2 0.054967 0.131137 0.723758 0.026993 0.063145
1 1 0.301225 0.486258 0.146118 0.005467 0.060932
1 2 0.009335 0.388253 0.386268 0.000431 0.215713
2 2 0.004163 0.121264 0.814367 0.000632 0.059575
2 2 0.001659 0.023754 0.959635 0.000743 0.014209
2 2 0.001083 0.030432 0.953939 0.000303 0.014243
2 2 0.000704 0.012522 0.974044 0.000145 0.012585
2 2 0.000392 0.005072 0.988511 0.000596 0.005429
2 2 0.002268 0.040535 0.894504 0.000166 0.062526
2 2 0.001132 0.019983 0.960329 0.000549 0.018007
2 2 0.001347 0.017271 0.953041 0.000177 0.028164
2 2 0.005190 0.062573 0.884054 0.001450 0.046734
2 2 0.001489 0.021486 0.946305 0.000477 0.030243
2 2 0.001776 0.024067 0.941923 0.000264 0.031970
2 2 0.001007 0.016915 0.968198 0.000276 0.013605
2 2 0.000841 0.013502 0.968765 0.000139 0.016753
2 2 0.001398 0.027228 0.937191 0.000146 0.034038
2 2 0.017352 0.058514 0.885896 0.008326 0.029912
2 2 0.008021 0.290438 0.638053 0.001699 0.061788
2 2 0.003490 0.025940 0.920975 0.000587 0.049008
2 2 0.004181 0.157935 0.769162 0.000518 0.068204
2 2 0.001194 0.015891 0.954636 0.000137 0.028141
2 2 0.000387 0.005199 0.988984 0.000302 0.005128
2 2 0.001569 0.013216 0.957635 0.000254 0.027327
2 2 0.005395 0.136723 0.759046 0.000518 0.098317
2 2 0.003455 0.053264 0.878243 0.000384 0.064654
2 2 0.000290 0.004878 0.990589 0.000222 0.004022
2 2 0.010620 0.180770 0.728340 0.002002 0.078268
2 2 0.007861 0.310058 0.483847 0.000365 0.197870
2 2 0.004655 0.070760 0.821442 0.000361 0.102780
2 2 0.003394 0.127147 0.791477 0.000278 0.077705
2 2 0.000379 0.005115 0.988432 0.001208 0.004865
2 2 0.026241 0.414739 0.445929 0.003103 0.109988
2 2 0.001722 0.034766 0.934722 0.000293 0.028496
2 2 0.001567 0.031839 0.938355 0.000247 0.027993
2 2 0.001501 0.020335 0.953218 0.000270 0.024677
1 2 0.072609 0.457584 0.388210 0.005940 0.075657
2 2 0.010303 0.285350 0.615526 0.000904 0.087917
2 1 0.240218 0.313824 0.337014 0.058133 0.050810
1 2 0.031820 0.507544 0.338215 0.002493 0.119929
2 2 0.015766 0.310338 0.428568 0.001119 0.244209
2 2 0.000905 0.026669 0.961306 0.000309 0.010811
2 2 0.001535 0.032694 0.950998 0.000637 0.014135
2 2 0.001960 0.020785 0.962441 0.001754 0.013060
2 2 0.000531 0.010794 0.980890 0.000165 0.007619
2 2 0.000802 0.013165 0.972950 0.000184 0.012900
2 2 0.003758 0.105098 0.806261 0.000306 0.084577
2 2 0.002730 0.037211 0.876453 0.000160 0.083446
2 2 0.000284 0.003751 0.991013 0.000384 0.004568
2 2 0.001054 0.019293 0.966932 0.000349 0.012371
2 2 0.001855 0.022650 0.939726 0.000248 0.035521
2 2 0.000614 0.009121 0.979199 0.000133 0.010933
2 2 0.000406 0.008504 0.985327 0.000836 0.004927
2 2 0.001102 0.016474 0.955407 0.000124 0.026892
2 2 0.000404 0.007273 0.984788 0.000313 0.007222
2 2 0.001676 0.016480 0.952140 0.000263 0.029441
2 2 0.000691 0.010311 0.980332 0.000709 0.007956
2 2 0.001684 0.021595 0.947952 0.000279 0.028490
2 2 0.000477 0.007374 0.986107 0.000351 0.005691
2 2 0.000393 0.005756 0.987482 0.000778 0.005590
2 2 0.001526 0.014624 0.967094 0.000511 0.016246
2 2 0.002059 0.029949 0.930327 0.000288 0.037377
2 2 0.002402 0.035596 0.931561 0.000551 0.029890
2 2 0.001044 0.018107 0.967729 0.000326 0.012794
2 2 0.001914 0.029546 0.939701 0.000367 0.028472
2 2 0.000929 0.012659 0.975865 0.000353 0.010195
2 2 0.000234 0.006063 0.990419 0.000501 0.002783
2 2 0.001906 0.030357 0.944973 0.000520 0.022244
2 2 0.001552 0.029077 0.954016 0.000613 0.014743
2 2 0.000549 0.007528 0.983577 0.000229 0.008117
2 2 0.002237 0.031881 0.933808 0.000599 0.031475
2 2 0.000811 0.013153 0.972079 0.000171 0.013786
2 2 0.000909 0.011614 0.974554 0.000368 0.012555
2 2 0.000268 0.003976 0.991332 0.000891 0.003533
2 2 0.001032 0.013407 0.969261 0.000227 0.016073
2 2 0.000362 0.008819 0.981390 0.005929 0.003499
2 2 0.001218 0.014028 0.960687 0.000187 0.023879
2 2 0.000623 0.009246 0.981731 0.000455 0.007946
2 2 0.000704 0.010211 0.970774 0.011942 0.006370
2 2 0.000365 0.005552 0.987929 0.000959 0.005196
2 2 0.001187 0.009766 0.973205 0.004394 0.011448
2 2 0.001329 0.011722 0.974643 0.004430 0.007877
2 2 0.000465 0.005845 0.981512 0.008087 0.004092
2 2 0.000777 0.007348 0.968471 0.016853 0.006550
2 3 0.001559 0.021696 0.959280 0.000810 0.016654
2 3 0.008126 0.046164 0.868447 0.001845 0.075418
2 3 0.000451 0.006954 0.982987 0.002215 0.007393
2 3 0.002601 0.029593 0.930847 0.001006 0.035954
2 3 0.001489 0.012759 0.958918 0.017048 0.009786
2 3 0.006099 0.059482 0.898918 0.006022 0.029480
2 3 0.000395 0.007045 0.980935 0.007866 0.003760
2 3 0.002882 0.024232 0.952775 0.005371 0.014741
2 3 0.002432 0.024509 0.948628 0.011308 0.013123
2 3 0.000258 0.005013 0.977579 0.014087 0.003064
2 3 0.001900 0.016465 0.957026 0.013412 0.011198
2 3 0.002126 0.017881 0.941231 0.025565 0.013197
2 3 0.000805 0.005908 0.961604 0.025017 0.006666
2 3 0.002201 0.016192 0.942809 0.023814 0.014984
2 3 0.000663 0.006516 0.962504 0.024354 0.005964
2 3 0.002125 0.013938 0.890891 0.078059 0.014987
2 3 0.000365 0.004462 0.977414 0.014028 0.003731
2 3 0.002509 0.029930 0.937523 0.015211 0.014828
2 3 0.001989 0.011630 0.873737 0.098055 0.014589
2 3 0.002582 0.016620 0.885210 0.078476 0.017113
2 3 0.002587 0.015214 0.797251 0.166357 0.018591
2 3 0.003649 0.013388 0.907625 0.055607 0.019731
2 0 0.059692 0.363454 0.523419 0.022372 0.031063
2 0 0.119008 0.279794 0.514248 0.013488 0.073462
1 0 0.179137 0.521612 0.227115 0.006885 0.065251
0 0 0.453986 0.450193 0.068995 0.001446 0.025380
0 0 0.617968 0.277663 0.066133 0.005836 0.032400
0 0 0.735503 0.131024 0.033894 0.008134 0.091445
0 0 0.786630 0.097567 0.024453 0.007881 0.083469
0 0 0.606367 0.268172 0.050676 0.003150 0.071634
1 0 0.377679 0.407589 0.150558 0.011406 0.052769
1 0 0.234515 0.570391 0.128888 0.002093 0.064113
1 0 0.334322 0.509232 0.094345 0.001757 0.060344
1 1 0.032948 0.701525 0.207624 0.000650 0.057254
1 1 0.035770 0.627288 0.179588 0.000638 0.156715
4 1 0.018190 0.357712 0.240186 0.000655 0.383258
0 0 0.552044 0.185209 0.063754 0.013029 0.185964
0 0 0.800271 0.084740 0.015787 0.003721 0.095482
0 0 0.821636 0.095265 0.011384 0.001235 0.070480
0 0 0.764470 0.147404 0.019942 0.001621 0.066562
0 0 0.676799 0.196018 0.044425 0.005476 0.077281
0 0 0.468442 0.398479 0.074061 0.002413 0.056606
0 0 0.698916 0.220213 0.029546 0.001490 0.049835
0 0 0.658477 0.247659 0.033412 0.001435 0.059017
0 0 0.460324 0.397776 0.067489 0.001877 0.072534
0 0 0.432692 0.418128 0.075288 0.002065 0.071827
0 0 0.621415 0.285073 0.035493 0.001114 0.056905
0 0 0.664844 0.253579 0.030491 0.001081 0.050005
0 0 0.487320 0.405398 0.057924 0.001281 0.048076
1 0 0.400661 0.457278 0.072781 0.001407 0.067873
0 0 0.430073 0.420242 0.063922 0.001333 0.084430
1 0 0.371726 0.459448 0.067690 0.001073 0.100063
1 0 0.144947 0.645775 0.110230 0.000648 0.098399
1 1 0.266809 0.536683 0.100464 0.001455 0.094589
1 1 0.096840 0.688505 0.148158 0.000802 0.065694
1 1 0.048125 0.697620 0.176923 0.000627 0.076705
1 1 0.075748 0.689475 0.133053 0.000479 0.101245
1 1 0.149714 0.620824 0.101655 0.000599 0.127208
1 2 0.123877 0.513771 0.117598 0.001162 0.243592
1 1 0.145282 0.648001 0.106117 0.000584 0.100016
1 1 0.229757 0.604246 0.094395 0.000800 0.070802
1 1 0.409419 0.451309 0.069534 0.001320 0.068418
1 1 0.325807 0.501673 0.074377 0.000966 0.097177
1 1 0.195117 0.607592 0.101133 0.000804 0.095353
1 1 0.029683 0.621971 0.197496 0.000696 0.150154
1 1 0.011458 0.589709 0.280025 0.000510 0.118298
2 1 0.006107 0.378272 0.442815 0.000255 0.172551
2 2 0.004281 0.295788 0.580445 0.000224 0.119263
2 2 0.004240 0.124717 0.703242 0.000141 0.167660
2 2 0.002294 0.035754 0.918115 0.000289 0.043547
2 2 0.003557 0.068250 0.809767 0.000167 0.118260
2 2 0.001822 0.051113 0.888149 0.000115 0.058801
2 2 0.001687 0.036214 0.932035 0.000301 0.029763
2 2 0.003558 0.060521 0.814530 0.000161 0.121230
2 2 0.001587 0.041313 0.892703 0.000075 0.064321
2 2 0.001525 0.023831 0.938455 0.000177 0.036012
2 2 0.001093 0.009935 0.969700 0.000279 0.018994
2 2 0.000216 0.005237 0.990890 0.000280 0.003376
2 2 0.001152 0.018514 0.952842 0.000133 0.027359
2 2 0.001187 0.020333 0.948906 0.000127 0.029447
2 2 0.000117 0.002090 0.995385 0.000266 0.002143
2 2 0.000911 0.012215 0.963283 0.000101 0.023491
2 2 0.003268 0.038907 0.872027 0.000226 0.085572
2 2 0.007357 0.271766 0.477538 0.000234 0.243104
2 2 0.003602 0.084475 0.790025 0.000163 0.121734
2 2 0.002794 0.048360 0.861073 0.000157 0.087617
2 2 0.001468 0.021759 0.955144 0.000319 0.021310
2 2 0.004016 0.079543 0.774943 0.000164 0.141333
2 2 0.001866 0.034800 0.914281 0.000158 0.048896
2 2 0.000744 0.009210 0.977894 0.000176 0.011976
2 2 0.000587 0.011443 0.978748 0.000159 0.009064
2 2 0.000330 0.006273 0.988268 0.000110 0.005019
2 2 0.000530 0.006518 0.984337 0.000302 0.008312
2 2 0.000640 0.008104 0.983113 0.000231 0.007912
2 2 0.000070 0.001387 0.997234 0.000401 0.000907
2 2 0.002012 0.034253 0.931273 0.000342 0.032120
2 2 0.000037 0.000957 0.997696 0.000769 0.000541
2 2 0.000695 0.007397 0.980596 0.000180 0.011132
2 2 0.000311 0.003604 0.991247 0.000444 0.004393
2 2 0.000419 0.004787 0.988700 0.000893 0.005200
2 2 0.005204 0.037189 0.878673 0.000685 0.078248
2 2 0.002096 0.037295 0.916138 0.000234 0.044237
2 2 0.001334 0.021746 0.947422 0.000164 0.029335
2 2 0.000057 0.001402 0.996410 0.001317 0.000814
2 2 0.001573 0.038581 0.927993 0.000208 0.031645
2 2 0.000488 0.008590 0.983111 0.000136 0.007675
2 2 0.000499 0.004962 0.985597 0.000118 0.008824
2 2 0.000441 0.007450 0.984269 0.000267 0.007573
2 2 0.000150 0.002809 0.994535 0.000516 0.001990
2 2 0.000974 0.014074 0.972087 0.000571 0.012294
2 2 0.000568 0.014585 0.975397 0.000270 0.009181
2 2 0.008434 0.081675 0.801703 0.001184 0.107004
2 2 0.004874 0.159379 0.649154 0.000158 0.186435
2 2 0.003367 0.049700 0.863418 0.000250 0.083265
2 2 0.000769 0.009692 0.978391 0.000280 0.010868
2 2 0.000809 0.010271 0.972093 0.000128 0.016699
2 2 0.000203 0.004535 0.990976 0.000173 0.004114
2 2 0.003593 0.096717 0.841217 0.000486 0.057987
2 2 0.001454 0.046517 0.918012 0.000160 0.033857
2 2 0.008526 0.212420 0.611452 0.000593 0.167009
2 2 0.001296 0.035794 0.935604 0.000173 0.027132
2 2 0.003729 0.096553 0.830737 0.000410 0.068570
1 2 0.037181 0.597129 0.250633 0.001180 0.113877
2 2 0.039945 0.330176 0.364585 0.001821 0.263474
1 1 0.215313 0.482367 0.092622 0.001253 0.208446
1 1 0.199860 0.582987 0.097031 0.000820 0.119302
1 1 0.088896 0.536875 0.177534 0.002177 0.194517
1 1 0.052244 0.484976 0.220200 0.001508 0.241072
1 1 0.019388 0.508985 0.207878 0.000649 0.263100
2 2 0.004298 0.137990 0.776549 0.000430 0.080733
1 2 0.014373 0.439565 0.180525 0.000361 0.365176
1 1 0.182757 0.451501 0.085225 0.001020 0.279497
1 1 0.139450 0.504731 0.094705 0.000781 0.260334
0 0 0.621848 0.217354 0.083338 0.019526 0.057933
0 0 0.623453 0.203671 0.031903 0.001965 0.139007
0 0 0.566691 0.218434 0.031127 0.001412 0.182336
0 0 0.549171 0.233981 0.037795 0.001895 0.177159
0 0 0.609739 0.187983 0.047931 0.006662 0.147685
0 0 0.684290 0.180577 0.030828 0.002665 0.101640
0 0 0.619655 0.121850 0.023659 0.003286 0.231550
0 0 0.555820 0.226499 0.030851 0.001237 0.185593
0 0 0.471824 0.304311 0.049286 0.001674 0.172905
1 1 0.071825 0.602541 0.142774 0.000762 0.182098
1 1 0.123208 0.623415 0.119843 0.000750 0.132784
1 1 0.065724 0.647410 0.146871 0.000630 0.139365
1 1 0.033144 0.653571 0.154273 0.000363 0.158649
2 2 0.008037 0.246666 0.539284 0.000373 0.205640
1 2 0.111561 0.436468 0.095559 0.000928 0.355484
1 2 0.040454 0.531003 0.136586 0.000539 0.291418
1 2 0.012185 0.445210 0.237623 0.000393 0.304588
2 2 0.007592 0.322394 0.453929 0.000293 0.215792
2 2 0.001982 0.033484 0.928436 0.000283 0.035816
2 2 0.005729 0.106231 0.741892 0.000329 0.145820
2 2 0.002515 0.107144 0.834886 0.000246 0.055208
2 2 0.003196 0.058550 0.865620 0.000276 0.072357
2 2 0.006222 0.200120 0.487617 0.000118 0.305922
2 2 0.001145 0.012929 0.965668 0.000205 0.020054
2 2 0.003428 0.098227 0.727477 0.000088 0.170780
2 2 0.000593 0.009101 0.976239 0.000125 0.013942
2 2 0.002324 0.036246 0.878717 0.000116 0.082596
2 2 0.000712 0.008892 0.972985 0.000093 0.017318
2 2 0.000912 0.011601 0.975393 0.000273 0.011822
2 2 0.005034 0.114048 0.619305 0.000102 0.261511
2 2 0.000748 0.005728 0.976530 0.000106 0.016887
2 2 0.000963 0.015345 0.965197 0.000163 0.018333
2 2 0.000369 0.006568 0.986599 0.000121 0.006343
2 2 0.000546 0.007368 0.978503 0.000076 0.013507
2 2 0.001443 0.016446 0.944523 0.000135 0.037454
2 2 0.001551 0.019051 0.955599 0.000310 0.023489
2 2 0.004366 0.116429 0.764373 0.000266 0.114566
1 1 0.123416 0.504506 0.152873 0.002372 0.216834
1 2 0.016389 0.483154 0.168885 0.000325 0.331246
4 2 0.014571 0.320028 0.320637 0.000526 0.344238
1 2 0.043198 0.523353 0.178054 0.001173 0.254223
1 1 0.157519 0.467518 0.123455 0.002095 0.249412
1 1 0.026256 0.482761 0.167347 0.000540 0.323096
2 2 0.007586 0.291316 0.481700 0.000291 0.219106
2 2 0.008293 0.216437 0.511477 0.000273 0.263519
2 2 0.000383 0.007026 0.987092 0.000431 0.005068
4 2 0.011296 0.350292 0.283992 0.000284 0.354135
2 2 0.001102 0.017849 0.955303 0.000133 0.025613
2 2 0.003293 0.085871 0.819740 0.000209 0.090887
2 2 0.001578 0.023592 0.941861 0.000199 0.032771
2 2 0.003855 0.079468 0.795854 0.000191 0.120632
2 2 0.001541 0.011270 0.959742 0.000246 0.027201
2 2 0.002926 0.057617 0.847803 0.000162 0.091491
2 2 0.001035 0.019034 0.957633 0.000144 0.022153
2 2 0.000163 0.002870 0.993985 0.000101 0.002881
2 2 0.000991 0.011709 0.970784 0.000231 0.016286
2 2 0.000827 0.011831 0.963575 0.000081 0.023686
2 2 0.000310 0.004383 0.990655 0.000202 0.004450
2 2 0.000207 0.002973 0.993637 0.000978 0.002205
2 2 0.000793 0.007249 0.982307 0.000528 0.009123
2 2 0.002171 0.025750 0.935950 0.000457 0.035673
2 2 0.005927 0.084327 0.711027 0.000222 0.198497
2 2 0.000236 0.002630 0.992250 0.000122 0.004762
2 2 0.000044 0.000850 0.997236 0.001125 0.000745
2 2 0.001293 0.013386 0.946660 0.000102 0.038558
2 2 0.000376 0.005441 0.985464 0.000112 0.008606
2 2 0.000319 0.004769 0.989038 0.000349 0.005526
2 2 0.000097 0.003291 0.992005 0.003275 0.001333
2 2 0.000323 0.004490 0.989808 0.000872 0.004508
2 2 0.000310 0.003006 0.991930 0.000785 0.003969
2 2 0.001917 0.026346 0.933860 0.000245 0.037633
2 2 0.000481 0.007359 0.983275 0.000140 0.008745
4 2 0.012743 0.097634 0.316253 0.000530 0.572840
2 4 0.011290 0.157891 0.417875 0.000255 0.412690
4 4 0.023989 0.163283 0.233187 0.000631 0.578910
4 4 0.066424 0.067418 0.022113 0.001437 0.842608
2 4 0.011185 0.142141 0.556071 0.000455 0.290148
4 4 0.016262 0.107781 0.270855 0.000273 0.604829
4 4 0.017883 0.061653 0.130009 0.000177 0.790279
4 4 0.011726 0.140646 0.366734 0.000212 0.480682
4 4 0.076034 0.076832 0.028030 0.002161 0.816942
4 4 0.021984 0.023055 0.003444 0.000063 0.951453
4 4 0.040763 0.034185 0.005763 0.000159 0.919130
4 1 0.131380 0.089078 0.017078 0.000708 0.761756
4 1 0.017170 0.085269 0.013881 0.000067 0.883613
4 2 0.009784 0.045805 0.010181 0.000017 0.934213
4 2 0.011598 0.040878 0.007848 0.000022 0.939654
4 4 0.013302 0.014146 0.001512 0.000016 0.971025
4 4 0.019213 0.024170 0.003385 0.000047 0.953185
4 4 0.020831 0.021879 0.003152 0.000055 0.954083
4 4 0.017579 0.018946 0.002519 0.000038 0.960919
4 4 0.011077 0.011839 0.001122 0.000010 0.975952
4 4 0.012781 0.014903 0.001571 0.000015 0.970729
4 4 0.022521 0.023602 0.003584 0.000068 0.950225
4 4 0.015832 0.016756 0.002009 0.000026 0.965377
4 4 0.015746 0.016668 0.001992 0.000026 0.965569
4 4 0.020121 0.021154 0.002977 0.000050 0.955698
4 4 0.022253 0.023330 0.003514 0.000065 0.950837
4 4 0.028557 0.029728 0.005306 0.000130 0.936279
4 4 0.014801 0.015694 0.001800 0.000022 0.967683
4 4 0.015318 0.018781 0.002776 0.000045 0.963080
4 4 0.019696 0.020720 0.002875 0.000047 0.956662
4 4 0.017892 0.018851 0.004055 0.000043 0.959160
4 4 0.015483 0.016397 0.001938 0.000024 0.966157
4 4 0.016124 0.017056 0.002071 0.000027 0.964722
4 4 0.013704 0.082533 0.011884 0.000039 0.891840
4 4 0.013904 0.014755 0.002419 0.000021 0.968902
4 4 0.012974 0.065587 0.015529 0.000037 0.905873
4 4 0.019529 0.020549 0.002835 0.000046 0.957041
4 4 0.012694 0.013517 0.001401 0.000014 0.972374
4 4 0.018274 0.019263 0.002542 0.000038 0.959883
4 4 0.025762 0.026897 0.004474 0.000098 0.942770
4 4 0.027189 0.021524 0.002482 0.000040 0.948765
4 4 0.150158 0.049113 0.005709 0.000217 0.794803
4 4 0.022308 0.023386 0.003528 0.000066 0.950712
4 4 0.013596 0.014450 0.001567 0.000017 0.970369
4 4 0.017575 0.018547 0.002384 0.000034 0.961460
4 4 0.017632 0.022852 0.004077 0.000086 0.955354
4 4 0.019421 0.020438 0.002809 0.000045 0.957286
4 4 0.020644 0.021688 0.003106 0.000053 0.954510
4 4 0.016863 0.017816 0.002228 0.000031 0.963063
4 4 0.027655 0.024999 0.003543 0.000069 0.943733
4 4 0.017255 0.018219 0.002314 0.000033 0.962180
4 4 0.022569 0.023651 0.003596 0.000068 0.950116
4 4 0.052541 0.030836 0.003711 0.000085 0.912827
4 4 0.049225 0.022440 0.001778 0.000027 0.926530
4 4 0.081220 0.039500 0.005021 0.000150 0.874110
4 4 0.009617 0.022996 0.007036 0.000229 0.960122
4 4 0.020072 0.021104 0.002966 0.000049 0.955808
4 4 0.017159 0.018120 0.002293 0.000032 0.962395
4 4 0.080726 0.046262 0.007469 0.000277 0.865266
4 4 0.019440 0.020458 0.002814 0.000045 0.957243
4 4 0.013217 0.012068 0.001029 0.000009 0.973677
4 4 0.032582 0.023272 0.002631 0.000045 0.941470
4 4 0.021352 0.022411 0.003283 0.000058 0.952896
4 4 0.045946 0.044520 0.010176 0.000393 0.898965
4 4 0.015415 0.019249 0.002941 0.000050 0.962346
4 4 0.029965 0.021807 0.002385 0.000038 0.945804
4 4 0.015714 0.016635 0.001985 0.000025 0.965640
4 4 0.045828 0.025474 0.002559 0.000046 0.926092
4 4 0.014656 0.015545 0.001771 0.000021 0.968007
4 4 0.019356 0.075753 0.104140 0.000191 0.800560
4 4 0.011053 0.088652 0.105141 0.000060 0.795094
4 4 0.008697 0.059680 0.142686 0.000040 0.788896
4 4 0.010991 0.061641 0.109811 0.000057 0.817500
4 4 0.009982 0.056949 0.080955 0.000058 0.852056
4 4 0.012965 0.114241 0.135839 0.000102 0.736853
