0 0 0.981790 0.000560 0.003690 0.000470 0.013491
0 0 0.971763 0.001906 0.004511 0.000209 0.021612
0 0 0.971307 0.004703 0.002853 0.000023 0.021115
0 0 0.972441 0.001000 0.001698 0.000027 0.024834
0 0 0.963856 0.006466 0.002824 0.000015 0.026839
0 0 0.975210 0.001936 0.002513 0.000043 0.020299
0 0 0.987447 0.000473 0.001161 0.000025 0.010893
0 0 0.968947 0.002040 0.002159 0.000025 0.026829
0 0 0.982414 0.000842 0.001431 0.000022 0.015290
0 0 0.973297 0.003005 0.002714 0.000032 0.020952
0 0 0.982994 0.001514 0.001657 0.000019 0.013816
0 0 0.962798 0.000741 0.002068 0.000063 0.034330
0 0 0.968903 0.001648 0.003158 0.000089 0.026201
0 0 0.977947 0.001099 0.003166 0.000149 0.017639
0 0 0.987231 0.000927 0.001638 0.000032 0.010172
0 0 0.989430 0.000956 0.001296 0.000016 0.008301
0 0 0.968659 0.002567 0.003182 0.000057 0.025536
0 0 0.993212 0.000224 0.000623 0.000011 0.005930
0 0 0.989631 0.000413 0.000855 0.000013 0.009088
0 0 0.982688 0.002832 0.002067 0.000018 0.012394
0 0 0.993071 0.000191 0.000482 0.000006 0.006250
0 0 0.993302 0.000242 0.000725 0.000015 0.005716
0 0 0.990049 0.000689 0.001360 0.000027 0.007875
0 0 0.991542 0.000380 0.000904 0.000017 0.007158
0 0 0.982809 0.002210 0.002564 0.000042 0.012374
0 0 0.867457 0.042270 0.006966 0.000020 0.083287
0 0 0.933371 0.009866 0.002515 0.000007 0.054240
0 0 0.895381 0.045816 0.009555 0.000047 0.049202
0 0 0.873859 0.047185 0.008090 0.000027 0.070839
0 0 0.909616 0.033491 0.006994 0.000028 0.049870
0 0 0.868365 0.044178 0.008205 0.000030 0.079222
0 0 0.957720 0.004023 0.001452 0.000004 0.036802
0 0 0.947404 0.019435 0.003217 0.000006 0.029938
0 0 0.879923 0.041183 0.005936 0.000013 0.072945
0 0 0.947325 0.015869 0.003777 0.000012 0.033017
0 0 0.965538 0.005008 0.001822 0.000006 0.027626
0 0 0.970487 0.002854 0.001166 0.000003 0.025490
0 0 0.974181 0.005228 0.001411 0.000003 0.019177
0 0 0.906973 0.047595 0.004965 0.000007 0.040460
0 0 0.944173 0.029703 0.004243 0.000008 0.021872
0 0 0.979475 0.003131 0.001327 0.000004 0.016063
0 0 0.916263 0.038248 0.013295 0.000152 0.032042
0 0 0.783172 0.123119 0.029362 0.000354 0.063993
0 0 0.961282 0.009688 0.002362 0.000006 0.026663
0 0 0.966474 0.006391 0.002146 0.000007 0.024981
0 0 0.964405 0.012872 0.002836 0.000007 0.019879
0 0 0.898365 0.060592 0.006657 0.000012 0.034374
0 0 0.914731 0.053116 0.005093 0.000007 0.027053
0 0 0.960951 0.014099 0.003142 0.000008 0.021799
0 0 0.816294 0.130615 0.009795 0.000014 0.043281
1 0 0.253871 0.666407 0.029393 0.000074 0.050255
0 0 0.519051 0.427690 0.022902 0.000049 0.030308
1 0 0.295698 0.597493 0.020427 0.000025 0.086357
1 0 0.218138 0.702774 0.024882 0.000045 0.054162
1 0 0.402943 0.519266 0.025227 0.000052 0.052512
1 1 0.189828 0.698621 0.032597 0.000100 0.078853
1 1 0.165854 0.683671 0.041292 0.000207 0.108975
1 1 0.183159 0.694615 0.035174 0.000126 0.086926
1 0 0.299243 0.582110 0.040365 0.000190 0.078093
1 0 0.438008 0.465837 0.033517 0.000127 0.062511
1 1 0.357839 0.559195 0.042908 0.000242 0.039815
1 2 0.075728 0.589822 0.179764 0.001697 0.152989
1 2 0.054412 0.443158 0.331351 0.007428 0.163651
2 2 0.008248 0.206961 0.705398 0.006823 0.072569
2 2 0.030372 0.285084 0.570058 0.015038 0.099447
2 2 0.029174 0.300010 0.588282 0.008198 0.074335
2 2 0.001122 0.033442 0.951155 0.006192 0.008089
2 2 0.002847 0.052775 0.896388 0.003923 0.044067
2 2 0.002523 0.054439 0.908824 0.017456 0.016758
2 2 0.003843 0.039219 0.901180 0.043295 0.012462
2 2 0.005669 0.049017 0.890219 0.041174 0.013921
2 2 0.008305 0.057797 0.813495 0.092583 0.027820
2 2 0.005121 0.030771 0.819923 0.128541 0.015645
2 2 0.011817 0.043452 0.745392 0.177102 0.022238
2 2 0.017218 0.027536 0.474377 0.458849 0.022020
3 3 0.010111 0.011652 0.350763 0.616255 0.011218
3 3 0.019886 0.025393 0.406183 0.526402 0.022137
3 3 0.038609 0.043183 0.368738 0.512876 0.036593
3 3 0.022500 0.010835 0.152422 0.800898 0.013345
3 3 0.031044 0.011334 0.116935 0.825395 0.015292
3 3 0.030121 0.028557 0.364609 0.545744 0.030968
0 0 0.745684 0.052658 0.124599 0.057851 0.019208
0 0 0.845788 0.084533 0.046692 0.002284 0.020704
0 0 0.581880 0.329383 0.064242 0.001313 0.023182
0 0 0.576084 0.353923 0.052415 0.000702 0.016876
0 0 0.556284 0.366642 0.056692 0.000838 0.019544
0 0 0.467323 0.444748 0.057475 0.000695 0.029760
1 1 0.146224 0.638104 0.082003 0.000795 0.132873
1 1 0.062766 0.594541 0.117008 0.001253 0.224432
1 1 0.303611 0.551418 0.071288 0.001054 0.072629
1 2 0.046952 0.471425 0.345341 0.003902 0.132380
1 1 0.093662 0.496044 0.344623 0.002596 0.063076
1 2 0.027579 0.427670 0.416986 0.003252 0.124514
2 2 0.008099 0.153465 0.788963 0.007333 0.042139
2 2 0.010720 0.127400 0.802279 0.020961 0.038640
2 2 0.003567 0.029204 0.924206 0.035986 0.007038
2 2 0.002415 0.024067 0.922394 0.043772 0.007352
2 2 0.000808 0.004996 0.872065 0.119912 0.002219
2 2 0.001364 0.005323 0.809131 0.181665 0.002517
2 2 0.001994 0.005708 0.670520 0.318045 0.003733
2 2 0.004958 0.012789 0.606073 0.366637 0.009542
2 2 0.004787 0.013587 0.749584 0.225324 0.006718
3 2 0.007356 0.003991 0.151326 0.832085 0.005242
3 2 0.005583 0.004535 0.230579 0.754023 0.005280
3 2 0.012818 0.002411 0.043360 0.937056 0.004355
3 2 0.025261 0.019394 0.256956 0.678499 0.019890
3 2 0.010708 0.001843 0.037480 0.946479 0.003490
3 3 0.013273 0.003614 0.070408 0.906980 0.005725
3 3 0.012672 0.002370 0.042961 0.937702 0.004294
3 3 0.014453 0.002887 0.047782 0.929828 0.005051
3 3 0.010574 0.002814 0.066036 0.915986 0.004590
3 3 0.012433 0.002303 0.042301 0.938768 0.004194
3 3 0.018898 0.004322 0.059313 0.910430 0.007037
3 3 0.010852 0.001880 0.037886 0.945835 0.003547
3 3 0.011550 0.002063 0.039851 0.942705 0.003830
3 3 0.009948 0.001651 0.035304 0.949910 0.003187
3 3 0.006266 0.000831 0.024240 0.966857 0.001807
3 3 0.012551 0.002336 0.042627 0.938243 0.004244
3 3 0.008861 0.001390 0.032139 0.954846 0.002765
3 3 0.006953 0.000969 0.026385 0.963641 0.002053
3 3 0.002440 0.000206 0.011222 0.985562 0.000570
3 3 0.006083 0.000795 0.023661 0.967720 0.001742
3 3 0.008652 0.001341 0.031521 0.955801 0.002685
3 3 0.006662 0.000910 0.025480 0.965001 0.001948
3 3 0.007775 0.001144 0.028896 0.959830 0.002354
3 3 0.013182 0.002515 0.044355 0.935440 0.004508
3 3 0.010028 0.001671 0.035535 0.949547 0.003219
3 3 0.019181 0.004420 0.060025 0.909207 0.007168
3 3 0.007086 0.000997 0.026795 0.963020 0.002101
3 3 0.003518 0.000354 0.015136 0.980101 0.000891
3 3 0.006244 0.000826 0.024172 0.966959 0.001799
3 3 0.005668 0.000716 0.022339 0.969679 0.001598
3 3 0.005664 0.000715 0.022323 0.969702 0.001596
3 3 0.007127 0.001005 0.026920 0.962833 0.002116
3 2 0.005866 0.000753 0.022973 0.968741 0.001666
3 2 0.025872 0.007544 0.084383 0.871246 0.010955
2 2 0.010778 0.083311 0.783593 0.076223 0.046096
3 2 0.005292 0.006252 0.335812 0.646289 0.006356
2 2 0.012681 0.045916 0.873141 0.058225 0.010037
2 2 0.004969 0.012587 0.599966 0.373016 0.009462
2 2 0.013704 0.055103 0.870471 0.049179 0.011543
2 2 0.008805 0.025497 0.831688 0.125757 0.008253
3 3 0.006745 0.011478 0.469675 0.502238 0.009863
3 3 0.004552 0.005113 0.487054 0.500012 0.003270
3 3 0.010266 0.007227 0.213213 0.760928 0.008366
3 3 0.006276 0.001280 0.042975 0.947067 0.002402
3 3 0.040248 0.013982 0.109236 0.817831 0.018703
3 3 0.008646 0.012332 0.416581 0.551349 0.011092
3 3 0.009668 0.002553 0.064469 0.919100 0.004210
3 3 0.009734 0.004888 0.143658 0.835293 0.006427
3 3 0.009619 0.001990 0.046919 0.937900 0.003572
3 3 0.004725 0.000547 0.019255 0.974195 0.001278
3 3 0.002938 0.000271 0.013061 0.983016 0.000715
3 3 0.007094 0.001714 0.054720 0.933471 0.003000
3 3 0.010516 0.001794 0.036934 0.947342 0.003413
3 3 0.005543 0.000693 0.021935 0.970275 0.001555
3 3 0.004513 0.000511 0.018547 0.975222 0.001208
3 3 0.003692 0.000380 0.015743 0.979240 0.000945
3 3 0.008690 0.001350 0.031634 0.955626 0.002699
3 3 0.005233 0.000636 0.020928 0.971755 0.001449
3 3 0.004713 0.000545 0.019215 0.974253 0.001274
3 3 0.002738 0.000244 0.012331 0.984031 0.000656
3 3 0.008605 0.001330 0.031381 0.956018 0.002667
3 3 0.008331 0.001268 0.030568 0.957270 0.002563
3 3 0.003021 0.000282 0.013363 0.982594 0.000739
3 3 0.004644 0.000533 0.018987 0.974585 0.001252
3 3 0.004577 0.000522 0.018761 0.974911 0.001229
3 3 0.006719 0.000921 0.025658 0.964734 0.001968
3 3 0.006646 0.000906 0.025430 0.965076 0.001942
3 3 0.003554 0.000359 0.015262 0.979923 0.000902
3 3 0.004443 0.000499 0.018313 0.975560 0.001186
3 3 0.004676 0.000538 0.019092 0.974432 0.001262
3 3 0.003275 0.000318 0.014275 0.981316 0.000816
3 3 0.005017 0.000598 0.020221 0.972788 0.001376
3 3 0.004642 0.000533 0.018980 0.974594 0.001251
3 3 0.006097 0.000798 0.023705 0.967653 0.001747
3 3 0.006031 0.000785 0.023498 0.967961 0.001724
3 3 0.004622 0.000529 0.018914 0.974690 0.001244
3 3 0.004243 0.000466 0.017639 0.976531 0.001121
3 3 0.004551 0.000517 0.018675 0.975036 0.001221
3 3 0.006058 0.000790 0.023584 0.967834 0.001734
3 3 0.003333 0.000326 0.014480 0.981027 0.000834
3 3 0.004567 0.000520 0.018730 0.974957 0.001226
3 3 0.005071 0.000607 0.020401 0.972527 0.001394
3 3 0.003021 0.000282 0.013361 0.982597 0.000739
3 3 0.004376 0.000488 0.018088 0.975883 0.001164
3 3 0.009118 0.001450 0.032895 0.953673 0.002864
3 3 0.004036 0.000433 0.016931 0.977546 0.001054
3 3 0.004302 0.000476 0.017836 0.976246 0.001140
3 3 0.003144 0.000299 0.013804 0.981976 0.000776
3 3 0.003526 0.000355 0.015163 0.980062 0.000893
3 3 0.003549 0.000358 0.015242 0.979951 0.000900
3 3 0.004935 0.000583 0.019952 0.973182 0.001348
3 3 0.004426 0.000496 0.018254 0.975644 0.001180
3 3 0.004687 0.000540 0.019129 0.974379 0.001266
3 3 0.006016 0.000782 0.023451 0.968032 0.001719
3 3 0.004929 0.000582 0.019932 0.973211 0.001346
3 3 0.006702 0.000918 0.025606 0.964811 0.001962
3 3 0.003712 0.000383 0.015813 0.979141 0.000951
3 3 0.004723 0.000546 0.019248 0.974205 0.001278
3 3 0.005476 0.000680 0.021719 0.970593 0.001532
3 3 0.008222 0.001243 0.030240 0.957773 0.002522
3 3 0.003396 0.000336 0.014702 0.980713 0.000853
3 3 0.004077 0.000440 0.017071 0.977346 0.001067
3 3 0.004773 0.000555 0.019417 0.973960 0.001294
3 3 0.005164 0.000624 0.020703 0.972085 0.001425
3 3 0.003134 0.000298 0.013771 0.982023 0.000774
3 3 0.004772 0.000555 0.019413 0.973966 0.001294
3 3 0.004640 0.000532 0.018972 0.974606 0.001250
3 3 0.006602 0.000898 0.025295 0.965279 0.001926
3 3 0.006210 0.000820 0.024063 0.967122 0.001787
3 3 0.003863 0.000406 0.016337 0.978394 0.000999
3 3 0.004566 0.000520 0.018725 0.974964 0.001226
3 3 0.004352 0.000484 0.018005 0.976003 0.001156
3 3 0.004066 0.000438 0.017032 0.977401 0.001063
3 3 0.002852 0.000259 0.012748 0.983451 0.000689
3 3 0.010242 0.001724 0.036150 0.948580 0.003304
3 3 0.004184 0.000457 0.017438 0.976819 0.001102
3 3 0.007373 0.001057 0.027676 0.961687 0.002206
3 3 0.005867 0.000753 0.022974 0.968740 0.001667
3 3 0.002997 0.000279 0.013276 0.982716 0.000732
3 3 0.007087 0.000997 0.026797 0.963019 0.002101
3 3 0.005883 0.000756 0.023025 0.968663 0.001672
3 3 0.007042 0.000899 0.025716 0.964238 0.002104
3 3 0.007120 0.001004 0.026898 0.962865 0.002113
3 3 0.004887 0.000575 0.019792 0.973414 0.001332
3 3 0.006699 0.000917 0.025596 0.964828 0.001961
3 3 0.002432 0.000205 0.011189 0.985607 0.000567
3 3 0.005270 0.000643 0.021049 0.971578 0.001461
3 3 0.003499 0.000351 0.015067 0.980198 0.000885
3 3 0.007662 0.001120 0.028554 0.960352 0.002312
3 3 0.005529 0.000690 0.021889 0.970342 0.001550
3 3 0.003401 0.000336 0.014723 0.980684 0.000855
3 3 0.004508 0.000510 0.018532 0.975243 0.001207
3 3 0.005802 0.000741 0.022766 0.969047 0.001644
3 3 0.004308 0.000477 0.017857 0.976217 0.001142
3 3 0.005097 0.000612 0.020484 0.972405 0.001403
3 3 0.002521 0.000216 0.011526 0.985144 0.000593
3 3 0.005860 0.000752 0.022952 0.968771 0.001664
3 3 0.007036 0.000986 0.026640 0.963255 0.002083
3 3 0.007242 0.001030 0.027274 0.962296 0.002158
3 3 0.008626 0.001335 0.031443 0.955921 0.002675
3 3 0.006470 0.000871 0.024883 0.965896 0.001879
3 3 0.004338 0.000482 0.017958 0.976072 0.001151
3 3 0.007097 0.000999 0.026828 0.962972 0.002105
3 3 0.010536 0.001799 0.036991 0.947253 0.003421
3 3 0.006090 0.000796 0.023683 0.967686 0.001745
3 3 0.011054 0.001933 0.038460 0.944924 0.003629
3 3 0.005017 0.000572 0.019885 0.973145 0.001382
3 3 0.007225 0.001026 0.027222 0.962376 0.002152
3 3 0.009460 0.000878 0.027952 0.958006 0.003704
3 1 0.043508 0.010733 0.099104 0.834203 0.012452
3 2 0.028013 0.034943 0.400381 0.507314 0.029349
3 2 0.015073 0.023870 0.468542 0.473078 0.019438
3 2 0.021654 0.015055 0.228703 0.718313 0.016275
3 2 0.005667 0.008062 0.400148 0.578550 0.007573
2 2 0.005841 0.015672 0.829325 0.143934 0.005229
3 2 0.006380 0.008003 0.362177 0.615636 0.007805
2 2 0.017461 0.219551 0.611411 0.026811 0.124766
2 2 0.013899 0.095084 0.753147 0.084912 0.052959
2 2 0.015355 0.056879 0.723416 0.174514 0.029835
2 2 0.010259 0.317628 0.488085 0.005216 0.178812
2 2 0.017566 0.133133 0.695559 0.047307 0.106435
2 2 0.008705 0.309009 0.475101 0.005342 0.201842
2 2 0.026065 0.354673 0.457147 0.008617 0.153498
1 2 0.065130 0.337173 0.264035 0.023180 0.310481
2 2 0.008059 0.295062 0.503771 0.005476 0.187632
2 2 0.010193 0.092216 0.810721 0.049255 0.037615
4 2 0.069463 0.193124 0.135793 0.007462 0.594158
2 2 0.020625 0.347222 0.370889 0.010621 0.250643
4 2 0.011694 0.283244 0.132145 0.000824 0.572092
2 2 0.012677 0.263462 0.474470 0.006706 0.242685
2 2 0.015574 0.318020 0.442034 0.010031 0.214340
4 2 0.038155 0.268745 0.249445 0.008454 0.435201
4 2 0.022423 0.338107 0.082271 0.001442 0.555756
4 2 0.029230 0.277448 0.094550 0.001986 0.596785
4 2 0.026975 0.081013 0.028995 0.000372 0.862645
2 2 0.031907 0.290157 0.418779 0.021020 0.238137
2 2 0.011358 0.331160 0.420402 0.005900 0.231180
4 2 0.024865 0.241531 0.291772 0.005329 0.436503
4 4 0.234643 0.009438 0.010839 0.000501 0.744579
4 4 0.167359 0.053759 0.015731 0.000236 0.762915
2 2 0.017684 0.277526 0.513742 0.016589 0.174459
2 2 0.008733 0.315546 0.439273 0.004277 0.232171
2 2 0.016379 0.328295 0.361910 0.006484 0.286931
4 2 0.031918 0.326608 0.133430 0.003650 0.504395
4 2 0.043965 0.237614 0.085767 0.002844 0.629810
2 2 0.012045 0.327196 0.344752 0.003786 0.312221
4 2 0.018589 0.309954 0.183095 0.002379 0.485983
2 2 0.009860 0.110006 0.674211 0.006776 0.199146
2 2 0.007654 0.133739 0.718918 0.008928 0.130762
4 2 0.244223 0.235224 0.137913 0.002673 0.379968
2 2 0.004101 0.080894 0.723540 0.002306 0.189159
2 2 0.005532 0.073115 0.746029 0.000998 0.174326
2 2 0.007719 0.107539 0.650625 0.004008 0.230110
4 2 0.010696 0.122077 0.430110 0.002102 0.435015
2 2 0.010103 0.095077 0.689480 0.004021 0.201319
2 2 0.008089 0.116963 0.762081 0.013716 0.099151
2 2 0.006448 0.098521 0.737190 0.005701 0.152141
2 2 0.011399 0.077706 0.778249 0.002776 0.129870
2 1 0.184560 0.242578 0.509972 0.032138 0.030752
2 2 0.010838 0.112629 0.861812 0.004638 0.010084
2 2 0.008546 0.073235 0.894664 0.002917 0.020639
2 2 0.016126 0.133740 0.810025 0.001854 0.038255
2 2 0.017328 0.086393 0.873551 0.013767 0.008961
2 2 0.008808 0.040261 0.921094 0.021077 0.008759
2 2 0.021876 0.062122 0.832395 0.069718 0.013888
2 2 0.009717 0.042289 0.898765 0.041231 0.007999
2 2 0.009241 0.053694 0.867114 0.054961 0.014990
2 2 0.014724 0.057830 0.769676 0.132674 0.025096
2 2 0.013414 0.043033 0.818885 0.110686 0.013982
2 2 0.005554 0.021672 0.881093 0.085511 0.006171
2 2 0.012877 0.049558 0.860475 0.064883 0.012206
2 2 0.009664 0.039944 0.883326 0.057807 0.009258
2 2 0.003127 0.006534 0.723056 0.264276 0.003007
2 2 0.013444 0.035492 0.877520 0.066567 0.006977
2 2 0.014573 0.022252 0.798853 0.158253 0.006068
2 2 0.006668 0.018674 0.790454 0.176601 0.007602
2 2 0.011522 0.036176 0.868956 0.074796 0.008551
2 2 0.020783 0.041704 0.784343 0.140702 0.012468
2 2 0.005748 0.015086 0.773518 0.199194 0.006454
2 2 0.009082 0.043820 0.812761 0.115684 0.018652
2 2 0.004117 0.007499 0.639313 0.344911 0.004160
2 2 0.014119 0.026589 0.772724 0.177677 0.008892
2 2 0.010362 0.011067 0.661546 0.312835 0.004189
2 2 0.007508 0.015070 0.634953 0.333565 0.008903
2 2 0.003856 0.009377 0.580752 0.398731 0.007283
2 2 0.012772 0.027154 0.594823 0.347073 0.018178
3 1 0.193675 0.024451 0.167781 0.579922 0.034171
2 2 0.028718 0.139992 0.779088 0.026949 0.025254
2 2 0.009888 0.049690 0.898827 0.032771 0.008824
2 2 0.005065 0.012782 0.846585 0.131767 0.003801
2 2 0.004691 0.023212 0.852191 0.110689 0.009217
2 2 0.004582 0.020833 0.894877 0.073897 0.005812
2 2 0.010229 0.037811 0.718452 0.211248 0.022260
2 2 0.004853 0.017880 0.840687 0.129919 0.006660
3 1 0.367992 0.039049 0.191213 0.390556 0.011190
0 1 0.783053 0.054642 0.107430 0.036429 0.018446
2 1 0.058669 0.248577 0.588874 0.033442 0.070439
2 2 0.003577 0.061614 0.927843 0.002541 0.004425
2 2 0.011316 0.058561 0.901819 0.000755 0.027548
2 2 0.003940 0.031744 0.901245 0.053075 0.009995
2 2 0.003160 0.063234 0.905201 0.003248 0.025157
2 2 0.006427 0.033964 0.897266 0.048900 0.013443
2 2 0.004442 0.054484 0.898468 0.008782 0.033824
2 2 0.003744 0.026175 0.927188 0.037057 0.005836
2 2 0.002127 0.008813 0.744396 0.239087 0.005578
2 2 0.006607 0.036123 0.829206 0.111789 0.016275
2 2 0.002346 0.010931 0.765450 0.214466 0.006808
2 2 0.003643 0.015592 0.780853 0.191347 0.008564
2 2 0.003623 0.014015 0.724663 0.248642 0.009057
2 2 0.005948 0.024331 0.822343 0.137139 0.010239
2 2 0.006524 0.016750 0.612329 0.352230 0.012167
2 2 0.003655 0.013143 0.783240 0.193437 0.006525
3 2 0.005668 0.008146 0.403682 0.574882 0.007622
3 2 0.006479 0.006331 0.285246 0.695161 0.006783
2 2 0.010090 0.025101 0.610824 0.336343 0.017642
3 2 0.011430 0.014664 0.389852 0.570682 0.013372
3 2 0.034020 0.018378 0.181186 0.745575 0.020840
2 2 0.003015 0.028465 0.885603 0.070928 0.011989
2 2 0.005307 0.022168 0.850358 0.114026 0.008141
0 0 0.845782 0.037756 0.080928 0.025354 0.010181
2 1 0.035042 0.176491 0.745409 0.016701 0.026356
2 2 0.002646 0.028242 0.946540 0.017696 0.004876
2 2 0.003348 0.031940 0.937266 0.021502 0.005945
2 2 0.149915 0.114096 0.641968 0.070021 0.023999
0 0 0.435476 0.128246 0.301292 0.112819 0.022166
2 1 0.061491 0.306478 0.604130 0.003763 0.024138
2 2 0.047417 0.173098 0.745766 0.014357 0.019362
2 2 0.023185 0.100035 0.847452 0.017743 0.011585
2 2 0.004426 0.029263 0.935220 0.026090 0.005002
2 2 0.010806 0.088803 0.887369 0.005994 0.007028
2 2 0.019520 0.076249 0.838145 0.049670 0.016417
2 2 0.009306 0.043406 0.916502 0.024760 0.006027
2 2 0.031940 0.152251 0.791703 0.010075 0.014030
2 2 0.004629 0.033703 0.949568 0.009082 0.003018
2 2 0.010288 0.076313 0.873854 0.024899 0.014645
2 2 0.019249 0.063183 0.871761 0.036159 0.009648
3 2 0.027189 0.017521 0.336999 0.605846 0.012444
0 0 0.574060 0.137002 0.237877 0.037052 0.014009
0 0 0.544058 0.361190 0.071743 0.001394 0.021616
1 1 0.226579 0.553432 0.182095 0.000998 0.036895
1 1 0.170565 0.409111 0.385109 0.004150 0.031065
1 2 0.155694 0.560825 0.230967 0.001369 0.051146
2 2 0.039473 0.215559 0.678350 0.020182 0.046435
2 2 0.042113 0.199639 0.722832 0.011638 0.023778
2 2 0.015657 0.105342 0.861377 0.008224 0.009399
2 2 0.004249 0.045038 0.940109 0.006513 0.004091
2 2 0.003093 0.029246 0.962205 0.003774 0.001682
2 2 0.003865 0.039129 0.942210 0.009763 0.005033
2 2 0.015066 0.097711 0.877479 0.002303 0.007441
2 2 0.003789 0.015219 0.814256 0.159792 0.006944
2 2 0.032095 0.145407 0.796146 0.012110 0.014243
2 2 0.016090 0.084583 0.887275 0.006566 0.005486
2 2 0.017253 0.110600 0.856754 0.006844 0.008548
2 2 0.008620 0.040879 0.937554 0.009877 0.003070
2 2 0.016156 0.059671 0.848128 0.061900 0.014145
2 2 0.011367 0.121015 0.860676 0.001532 0.005410
2 2 0.012612 0.085161 0.890168 0.006035 0.006024
2 2 0.010726 0.082962 0.898860 0.001441 0.006012
2 2 0.002554 0.027117 0.960391 0.007352 0.002585
2 2 0.035680 0.147371 0.805587 0.004399 0.006963
2 2 0.023152 0.139954 0.805290 0.013022 0.018582
2 2 0.003218 0.022419 0.945310 0.025252 0.003801
2 2 0.005218 0.026484 0.927424 0.036052 0.004822
2 2 0.022179 0.133629 0.830448 0.001010 0.012734
2 2 0.004158 0.042226 0.942226 0.007352 0.004038
2 2 0.008699 0.071558 0.900786 0.010767 0.008190
2 2 0.007388 0.102634 0.853230 0.013400 0.023348
2 2 0.001871 0.027186 0.956900 0.010183 0.003860
2 2 0.004075 0.017957 0.933524 0.041210 0.003234
2 2 0.004327 0.022662 0.885267 0.080416 0.007328
2 2 0.003690 0.014324 0.798378 0.176680 0.006927
2 2 0.002286 0.028989 0.955542 0.009530 0.003654
2 2 0.006442 0.012224 0.606848 0.366859 0.007626
2 2 0.009276 0.033536 0.795593 0.147337 0.014258
2 2 0.014572 0.051369 0.827488 0.091092 0.015479
2 2 0.003681 0.016552 0.886069 0.088535 0.005164
2 2 0.007518 0.016434 0.703793 0.264092 0.008163
2 2 0.011921 0.030196 0.618038 0.319165 0.020680
2 2 0.006162 0.017914 0.676405 0.288070 0.011450
2 2 0.009947 0.020227 0.544202 0.410110 0.015514
2 2 0.019353 0.044299 0.894880 0.036138 0.005329
2 2 0.008627 0.022351 0.771957 0.187797 0.009268
2 2 0.004423 0.011725 0.673071 0.303509 0.007272
2 2 0.011228 0.017286 0.638083 0.324779 0.008623
2 2 0.007460 0.013368 0.491580 0.476459 0.011133
2 2 0.004068 0.009260 0.754560 0.228120 0.003992
0 0 0.768108 0.028815 0.110509 0.086787 0.005781
0 0 0.597550 0.187221 0.176887 0.021744 0.016599
0 0 0.540544 0.336362 0.091724 0.003600 0.027771
1 1 0.284066 0.367913 0.284214 0.014423 0.049384
2 1 0.103495 0.239401 0.619410 0.013736 0.023957
1 1 0.303701 0.440448 0.226033 0.002594 0.027224
2 2 0.043540 0.277811 0.617309 0.010523 0.050817
2 2 0.041867 0.253951 0.643277 0.012973 0.047932
2 2 0.025989 0.163697 0.774554 0.012639 0.023121
1 2 0.073572 0.462188 0.436955 0.000909 0.026377
2 2 0.021241 0.070966 0.860458 0.036228 0.011107
2 2 0.021259 0.116963 0.844365 0.008072 0.009341
2 2 0.026810 0.208133 0.752584 0.001823 0.010650
2 2 0.029017 0.210695 0.737261 0.004369 0.018658
2 2 0.030991 0.146047 0.812392 0.003824 0.006746
2 2 0.015614 0.090078 0.880826 0.000518 0.012963
2 2 0.002169 0.035710 0.946287 0.010262 0.005571
2 2 0.001648 0.032800 0.960863 0.002481 0.002207
2 2 0.008650 0.075376 0.904797 0.005476 0.005702
2 0 0.309064 0.251910 0.404143 0.016501 0.018383
0 0 0.723858 0.119043 0.122079 0.024885 0.010135
1 0 0.409967 0.473241 0.089891 0.000755 0.026147
1 0 0.217981 0.484878 0.219777 0.005213 0.072151
1 1 0.217857 0.412300 0.310974 0.008415 0.050454
2 1 0.110687 0.301106 0.519570 0.019583 0.049053
1 1 0.202814 0.515675 0.240804 0.001763 0.038944
2 2 0.046388 0.144801 0.773091 0.019089 0.016631
2 2 0.057533 0.349742 0.549166 0.004133 0.039426
2 2 0.003149 0.077454 0.910454 0.001994 0.006949
2 2 0.030174 0.302417 0.636188 0.002262 0.028959
2 2 0.023262 0.126207 0.829057 0.009875 0.011598
2 2 0.005738 0.108424 0.875098 0.001950 0.008790
2 2 0.009139 0.104119 0.878950 0.001089 0.006703
2 2 0.004080 0.056069 0.934749 0.002188 0.002913
2 2 0.005144 0.098792 0.869424 0.007373 0.019266
2 2 0.009377 0.119838 0.849778 0.005771 0.015235
2 2 0.006355 0.127563 0.850044 0.001897 0.014141
2 2 0.002379 0.044646 0.946033 0.003286 0.003657
2 2 0.012218 0.026083 0.871618 0.084790 0.005290
2 2 0.007722 0.023750 0.714760 0.240247 0.013520
2 2 0.017450 0.108475 0.834599 0.021590 0.017886
2 2 0.004540 0.070334 0.919407 0.001123 0.004595
2 2 0.008747 0.041677 0.928397 0.016030 0.005148
2 2 0.007454 0.057774 0.927311 0.001872 0.005588
2 2 0.015387 0.108134 0.844600 0.008153 0.023726
2 2 0.004042 0.055488 0.933107 0.003461 0.003902
2 2 0.003208 0.045297 0.936697 0.008843 0.005954
2 2 0.008419 0.067740 0.892367 0.019929 0.011545
2 2 0.006612 0.070295 0.912959 0.004751 0.005383
2 2 0.003615 0.048296 0.923412 0.015618 0.009059
0 1 0.588743 0.132503 0.185730 0.072500 0.020525
2 1 0.081027 0.334310 0.537522 0.007263 0.039878
2 2 0.018731 0.061094 0.860252 0.048542 0.011380
2 2 0.013806 0.026422 0.839141 0.114335 0.006296
2 2 0.028439 0.127312 0.830032 0.006375 0.007842
2 2 0.011623 0.092114 0.884278 0.005343 0.006642
2 2 0.006736 0.062780 0.926775 0.001582 0.002127
2 2 0.009499 0.070532 0.913463 0.003154 0.003351
2 2 0.013310 0.069645 0.907212 0.005781 0.004052
2 2 0.022577 0.116575 0.855806 0.001147 0.003895
2 2 0.003207 0.017938 0.967631 0.009821 0.001403
2 2 0.011593 0.049755 0.900370 0.030582 0.007699
2 2 0.010950 0.057976 0.918007 0.008688 0.004378
2 2 0.010802 0.060973 0.900739 0.019281 0.008205
2 2 0.010713 0.039625 0.908147 0.035402 0.006113
2 2 0.006727 0.034079 0.940244 0.015414 0.003536
2 2 0.005923 0.034667 0.924173 0.029203 0.006034
3 2 0.006986 0.006808 0.289792 0.689233 0.007180
2 2 0.021848 0.090908 0.854069 0.021554 0.011621
2 2 0.013121 0.066851 0.883180 0.026270 0.010577
2 2 0.005934 0.014722 0.811682 0.162510 0.005152
2 2 0.008849 0.042827 0.878156 0.059069 0.011099
2 2 0.002375 0.009082 0.903514 0.082646 0.002383
2 2 0.012657 0.048690 0.890535 0.039662 0.008456
2 2 0.002840 0.005040 0.541520 0.446983 0.003618
2 2 0.012475 0.016241 0.492175 0.467925 0.011184
2 2 0.083162 0.050592 0.661357 0.194228 0.010661
2 1 0.309236 0.257825 0.387322 0.021919 0.023698
1 1 0.304747 0.373239 0.298336 0.004035 0.019641
1 1 0.164929 0.440618 0.368557 0.001987 0.023909
2 2 0.051227 0.225333 0.651354 0.024626 0.047459
2 2 0.010442 0.061005 0.911579 0.011179 0.005796
2 2 0.007615 0.026396 0.846157 0.111188 0.008644
2 2 0.013161 0.073278 0.903785 0.001677 0.008100
2 2 0.013931 0.060025 0.917056 0.004917 0.004072
2 2 0.054169 0.228849 0.702863 0.003116 0.011003
2 2 0.007908 0.014928 0.865495 0.108400 0.003269
2 2 0.027004 0.129752 0.809783 0.017169 0.016293
2 2 0.016970 0.111437 0.864949 0.002353 0.004291
2 2 0.009696 0.057339 0.916709 0.010894 0.005362
2 2 0.009000 0.040100 0.923600 0.022282 0.005018
2 2 0.005082 0.049598 0.938928 0.003518 0.002873
2 2 0.001650 0.033637 0.960112 0.001970 0.002632
2 2 0.011048 0.062777 0.893046 0.023420 0.009709
2 2 0.010711 0.079481 0.902339 0.001624 0.005846
2 2 0.004190 0.015118 0.883096 0.093299 0.004297
2 2 0.014691 0.054268 0.917075 0.010256 0.003710
2 2 0.006202 0.041772 0.911920 0.031658 0.008447
2 2 0.002645 0.021064 0.959962 0.013776 0.002553
2 2 0.004756 0.021018 0.951267 0.020580 0.002380
2 2 0.003315 0.016133 0.923372 0.053511 0.003669
2 2 0.008155 0.049298 0.871625 0.056651 0.014271
2 2 0.002816 0.013482 0.912421 0.067726 0.003555
2 2 0.004183 0.011222 0.902859 0.079381 0.002356
2 2 0.007010 0.053183 0.924997 0.009582 0.005228
2 2 0.002453 0.005862 0.629733 0.358048 0.003905
2 2 0.003921 0.016997 0.881833 0.091906 0.005344
2 2 0.007052 0.013044 0.617688 0.354455 0.007761
2 3 0.009489 0.014526 0.616621 0.351617 0.007747
3 3 0.010796 0.007197 0.201981 0.771568 0.008458
2 3 0.009523 0.019792 0.550596 0.404977 0.015111
2 3 0.004167 0.010755 0.772485 0.207954 0.004638
2 3 0.009175 0.070195 0.821130 0.020410 0.079089
2 2 0.004622 0.100353 0.817796 0.011227 0.066003
2 2 0.007746 0.075811 0.834715 0.047885 0.033843
2 2 0.010631 0.053094 0.846800 0.005034 0.084441
2 2 0.014608 0.090828 0.774738 0.033817 0.086009
2 2 0.018752 0.083924 0.766114 0.046421 0.084788
2 2 0.019153 0.054211 0.650674 0.241412 0.034550
2 2 0.015648 0.050108 0.748050 0.143453 0.042740
3 2 0.138959 0.039523 0.190986 0.519162 0.111370
2 2 0.031219 0.065226 0.606777 0.253106 0.043671
2 2 0.070205 0.101725 0.472836 0.263937 0.091296
1 2 0.026078 0.420824 0.143195 0.004066 0.405837
4 2 0.048265 0.268564 0.073127 0.003054 0.606990
4 4 0.081103 0.045686 0.014571 0.000321 0.858319
1 4 0.017326 0.412295 0.208426 0.003679 0.358274
4 4 0.064560 0.070972 0.019241 0.000254 0.844974
4 4 0.062048 0.045439 0.015480 0.000435 0.876598
4 4 0.074100 0.204517 0.046802 0.001188 0.673393
4 4 0.455920 0.014954 0.005990 0.000048 0.523088
4 4 0.019495 0.353884 0.122049 0.001842 0.502730
4 4 0.137753 0.010166 0.006816 0.000175 0.845090
4 4 0.097107 0.034264 0.011632 0.000222 0.856775
4 4 0.063092 0.021301 0.007934 0.000163 0.907510
4 4 0.337096 0.016252 0.010852 0.000240 0.635561
4 4 0.118455 0.091823 0.022825 0.000413 0.766484
4 4 0.077249 0.012796 0.007438 0.000231 0.902286
4 4 0.248308 0.002287 0.004060 0.000153 0.745192
4 4 0.147165 0.018444 0.007337 0.000088 0.826966
0 4 0.591821 0.002640 0.004005 0.000087 0.401447
4 4 0.295739 0.010166 0.005022 0.000052 0.689021
4 4 0.441163 0.000642 0.000958 0.000009 0.557229
4 4 0.128547 0.002302 0.001013 0.000005 0.868134
4 4 0.174020 0.005581 0.001619 0.000006 0.818773
4 4 0.156951 0.002494 0.001208 0.000006 0.839341
4 4 0.040086 0.006838 0.002726 0.000038 0.950312
4 4 0.127213 0.001950 0.000938 0.000005 0.869894
4 4 0.028749 0.026844 0.005601 0.000064 0.938742
4 4 0.025082 0.023490 0.002974 0.000013 0.948441
4 4 0.074474 0.060679 0.009897 0.000076 0.854873
4 4 0.028911 0.093038 0.009587 0.000063 0.868401
4 4 0.038527 0.084858 0.009505 0.000061 0.867050
4 4 0.070468 0.031638 0.006477 0.000052 0.891365
4 4 0.022091 0.104726 0.013717 0.000174 0.859291
4 4 0.015762 0.162518 0.014464 0.000138 0.807118
4 4 0.022433 0.069789 0.010311 0.000126 0.897341
4 4 0.084164 0.021223 0.004354 0.000025 0.890234
4 4 0.024273 0.079501 0.012113 0.000164 0.883949
4 4 0.020853 0.141158 0.012860 0.000102 0.825026
4 4 0.029782 0.077032 0.014068 0.000239 0.878878
4 4 0.089863 0.028110 0.005723 0.000038 0.876266
4 4 0.024507 0.112805 0.015832 0.000229 0.846627
4 4 0.020402 0.125926 0.014745 0.000177 0.838751
4 4 0.024705 0.006219 0.001420 0.000008 0.967649
4 4 0.052731 0.027129 0.004153 0.000020 0.915967
4 4 0.019841 0.025125 0.004518 0.000044 0.950471
4 4 0.020370 0.076368 0.010152 0.000112 0.892998
4 1 0.297949 0.198722 0.028063 0.000197 0.475069
1 1 0.120327 0.706960 0.023746 0.000045 0.148923
4 2 0.026133 0.270091 0.026609 0.000341 0.676826
4 2 0.020190 0.212356 0.022145 0.000302 0.745006
2 2 0.028240 0.320069 0.335545 0.011457 0.304689
1 1 0.190656 0.648987 0.083326 0.000470 0.076561
1 1 0.056881 0.510976 0.192614 0.000966 0.238563
2 2 0.007623 0.294043 0.357330 0.001620 0.339385
2 2 0.008720 0.298039 0.448552 0.004104 0.240586
2 2 0.007882 0.260544 0.579693 0.006603 0.145278
2 2 0.008947 0.324379 0.443654 0.004824 0.218196
4 2 0.009115 0.261236 0.227440 0.001036 0.501172
4 2 0.009754 0.332847 0.314984 0.002435 0.339980
2 2 0.012542 0.311155 0.346168 0.003752 0.326383
4 2 0.009165 0.277755 0.236926 0.001163 0.474991
4 2 0.005993 0.281200 0.233897 0.000661 0.478248
4 2 0.008933 0.299179 0.315670 0.001894 0.374324
1 2 0.011008 0.362421 0.320839 0.003390 0.302342
4 2 0.011722 0.269837 0.314360 0.002411 0.401670
2 2 0.011831 0.327781 0.345690 0.003726 0.310972
2 2 0.015008 0.341338 0.352752 0.005769 0.285132
2 2 0.007602 0.255504 0.565156 0.006279 0.165459
2 2 0.007987 0.295756 0.374311 0.002254 0.319692
1 2 0.009553 0.379789 0.235950 0.001750 0.372958
1 2 0.009098 0.389445 0.257370 0.001959 0.342128
1 2 0.009349 0.371937 0.338455 0.003196 0.277064
2 2 0.009003 0.241538 0.428436 0.002814 0.318210
2 2 0.015123 0.245313 0.409645 0.005206 0.324713
2 2 0.009584 0.126384 0.694829 0.008967 0.160236
2 2 0.001692 0.113034 0.734216 0.001053 0.150004
2 2 0.005126 0.122885 0.790445 0.006084 0.075459
1 2 0.027731 0.477898 0.348787 0.002195 0.143388
2 2 0.003297 0.093323 0.759760 0.002383 0.141236
2 2 0.001060 0.043547 0.935300 0.001251 0.018843
2 2 0.005078 0.049550 0.935647 0.000774 0.008951
2 2 0.001686 0.036576 0.933491 0.017073 0.011173
2 2 0.004193 0.051748 0.931804 0.005510 0.006746
2 2 0.000957 0.019518 0.968973 0.007528 0.003023
2 2 0.001521 0.018814 0.960436 0.015999 0.003230
2 2 0.002878 0.023826 0.965657 0.003493 0.004145
2 2 0.001988 0.049591 0.937903 0.001520 0.008999
2 2 0.005510 0.037816 0.944035 0.007552 0.005087
2 2 0.000896 0.009936 0.983391 0.005015 0.000763
2 2 0.002925 0.020119 0.958564 0.015927 0.002465
2 2 0.001673 0.013599 0.956855 0.025407 0.002466
2 2 0.001970 0.012009 0.863997 0.114331 0.007692
2 2 0.003134 0.011567 0.953974 0.027450 0.003874
2 2 0.001965 0.017241 0.942097 0.034614 0.004083
2 2 0.009716 0.046581 0.758430 0.157311 0.027962
2 2 0.006416 0.026831 0.776544 0.176126 0.014084
2 2 0.008739 0.054602 0.806106 0.104921 0.025631
3 2 0.006621 0.008447 0.369165 0.607614 0.008153
2 2 0.001968 0.017408 0.896135 0.077207 0.007282
2 2 0.010610 0.034730 0.689211 0.243936 0.021512
3 2 0.021878 0.028772 0.414068 0.510991 0.024290
3 2 0.009479 0.009757 0.313346 0.657543 0.009875
2 3 0.010710 0.021558 0.587076 0.361919 0.018738
3 3 0.010362 0.010422 0.309238 0.659432 0.010547
2 3 0.013724 0.030185 0.575515 0.358939 0.021637
3 3 0.026377 0.028239 0.352409 0.567607 0.025369
2 3 0.009355 0.028644 0.671790 0.271676 0.018534
3 3 0.010074 0.005303 0.152644 0.825144 0.006834
3 3 0.016314 0.015771 0.310824 0.641605 0.015487
3 3 0.046874 0.019036 0.134384 0.776527 0.023178
3 3 0.015079 0.003076 0.049446 0.927076 0.005322
3 3 0.008425 0.002264 0.064524 0.921030 0.003759
3 3 0.014389 0.020979 0.439527 0.507352 0.017753
3 3 0.022605 0.005976 0.073241 0.889080 0.009097
3 3 0.026395 0.021758 0.276772 0.653450 0.021625
3 3 0.014115 0.006032 0.183686 0.790249 0.005919
3 3 0.019684 0.006726 0.099176 0.864930 0.009483
3 3 0.020470 0.006369 0.088729 0.875186 0.009245
3 3 0.017269 0.003856 0.056757 0.915732 0.006385
3 3 0.026055 0.007039 0.076715 0.879701 0.010490
3 3 0.024560 0.007877 0.094387 0.862058 0.011117
3 3 0.025048 0.006628 0.074340 0.883996 0.009987
3 3 0.025649 0.016281 0.210819 0.729351 0.017899
3 3 0.012711 0.002381 0.043067 0.937531 0.004310
3 3 0.022444 0.007283 0.094653 0.865295 0.010325
3 3 0.022892 0.005779 0.069177 0.893224 0.008928
3 3 0.022804 0.005166 0.066260 0.896796 0.008974
3 3 0.031582 0.013427 0.136745 0.801517 0.016730
3 3 0.019352 0.005817 0.084318 0.881920 0.008593
3 3 0.013119 0.002496 0.044181 0.935722 0.004482
3 3 0.014273 0.002833 0.047299 0.930623 0.004973
3 3 0.016262 0.003446 0.052552 0.921897 0.005843
3 3 0.028878 0.011483 0.125093 0.819763 0.014784
3 3 0.022840 0.005759 0.069051 0.893447 0.008903
3 3 0.017251 0.003766 0.055114 0.917584 0.006285
3 3 0.017947 0.003998 0.056899 0.914556 0.006601
3 3 0.018727 0.004263 0.058879 0.911173 0.006958
2 3 0.014159 0.025431 0.509715 0.430904 0.019791
2 3 0.007490 0.020385 0.741984 0.220243 0.009898
2 3 0.004068 0.013014 0.701230 0.273496 0.008192
2 3 0.010610 0.025993 0.697387 0.252329 0.013680
2 3 0.010440 0.019675 0.519338 0.435048 0.015499
3 3 0.018761 0.026167 0.430561 0.502585 0.021927
2 3 0.008031 0.020437 0.672665 0.286705 0.012162
3 3 0.021793 0.026694 0.391175 0.537141 0.023197
2 3 0.014247 0.028774 0.625626 0.314401 0.016952
3 3 0.024495 0.033768 0.430675 0.483428 0.027634
3 3 0.019150 0.013758 0.291838 0.663152 0.012101
2 3 0.017587 0.034609 0.542102 0.380381 0.025320
3 3 0.015693 0.014270 0.291891 0.663745 0.014400
3 3 0.018887 0.018354 0.352402 0.594518 0.015839
3 3 0.019707 0.008292 0.127850 0.833293 0.010858
3 3 0.016809 0.018460 0.350606 0.596922 0.017203
3 3 0.023510 0.010059 0.133298 0.820263 0.012871
3 3 0.018121 0.014358 0.257673 0.694802 0.015046
3 3 0.039999 0.032957 0.282823 0.612852 0.031369
3 3 0.043401 0.020529 0.159179 0.753051 0.023839
3 3 0.029405 0.013571 0.149410 0.791080 0.016534
3 2 0.024249 0.006308 0.072438 0.887414 0.009592
3 2 0.092081 0.031029 0.166862 0.682753 0.027275
2 2 0.015441 0.197826 0.650852 0.028120 0.107760
2 2 0.006437 0.091624 0.877223 0.007037 0.017680
2 2 0.017633 0.168592 0.719028 0.019663 0.075083
2 2 0.020407 0.148415 0.789331 0.003303 0.038543
2 2 0.005899 0.086896 0.867452 0.011288 0.028464
2 2 0.004274 0.080354 0.869536 0.018809 0.027027
2 2 0.014526 0.167244 0.758826 0.013747 0.045657
3 1 0.121831 0.020737 0.222692 0.625374 0.009367
2 1 0.140804 0.233646 0.565201 0.029222 0.031127
2 2 0.031979 0.202435 0.739200 0.006298 0.020087
2 2 0.006756 0.071009 0.911832 0.004890 0.005513
2 2 0.010670 0.133574 0.811927 0.001086 0.042742
2 2 0.016014 0.111973 0.849925 0.009984 0.012103
2 2 0.008015 0.183128 0.785637 0.001813 0.021407
2 2 0.015623 0.266476 0.657943 0.003393 0.056566
2 2 0.018592 0.030241 0.686862 0.251560 0.012745
0 1 0.416904 0.318053 0.241415 0.006120 0.017509
1 2 0.153692 0.571123 0.197947 0.001825 0.075414
2 2 0.032956 0.165398 0.745348 0.024831 0.031466
2 2 0.011797 0.106402 0.848964 0.014678 0.018159
2 2 0.009596 0.083505 0.890841 0.007902 0.008156
2 2 0.015346 0.137946 0.816451 0.002811 0.027446
2 2 0.006320 0.115556 0.856152 0.004775 0.017197
2 2 0.004390 0.088674 0.876699 0.006829 0.023408
2 2 0.012468 0.152867 0.794403 0.002858 0.037404
2 2 0.009620 0.134926 0.806510 0.002669 0.046275
2 2 0.012974 0.119097 0.835621 0.006963 0.025345
2 2 0.003886 0.027924 0.945499 0.018707 0.003984
2 2 0.002636 0.043753 0.931586 0.013613 0.008413
2 2 0.015066 0.245156 0.697565 0.003181 0.039032
2 2 0.008516 0.069247 0.894921 0.016744 0.010572
2 2 0.004740 0.115239 0.830108 0.006427 0.043486
2 2 0.008330 0.106537 0.870118 0.004370 0.010645
2 2 0.002516 0.031435 0.959597 0.004174 0.002279
2 2 0.006003 0.071531 0.909257 0.005107 0.008102
2 2 0.025588 0.311889 0.587755 0.005508 0.069260
2 2 0.004793 0.037754 0.932732 0.018891 0.005830
2 2 0.019673 0.095123 0.845536 0.024903 0.014766
2 2 0.008172 0.148853 0.813169 0.004792 0.025014
2 2 0.010231 0.107826 0.863366 0.006399 0.012177
2 2 0.006644 0.142306 0.802758 0.002211 0.046082
2 2 0.008104 0.067645 0.880927 0.028338 0.014986
2 2 0.005258 0.110348 0.829685 0.014843 0.039866
2 2 0.002491 0.030036 0.935142 0.025226 0.007104
2 2 0.012758 0.090577 0.866266 0.010658 0.019741
2 2 0.005643 0.140053 0.822676 0.004248 0.027380
2 2 0.004900 0.069110 0.889644 0.005551 0.030795
2 2 0.002823 0.046379 0.919922 0.018759 0.012117
2 2 0.014251 0.096225 0.825448 0.039290 0.024787
2 2 0.009460 0.094331 0.865052 0.014600 0.016557
2 2 0.003906 0.053598 0.916431 0.015519 0.010547
2 2 0.013042 0.099298 0.869836 0.008239 0.009585
2 2 0.009859 0.041420 0.851436 0.081925 0.015360
2 2 0.013392 0.129323 0.748153 0.047874 0.061258
2 2 0.004811 0.033949 0.926658 0.026726 0.007856
2 2 0.003226 0.083221 0.862424 0.014700 0.036430
2 2 0.013301 0.097990 0.856288 0.013674 0.018748
2 2 0.009328 0.083964 0.890290 0.007937 0.008480
2 2 0.006256 0.127062 0.810727 0.012178 0.043777
2 2 0.009297 0.122598 0.806821 0.012583 0.048702
2 2 0.001856 0.009615 0.786987 0.195690 0.005852
2 2 0.004020 0.041771 0.878211 0.059180 0.016817
2 2 0.031284 0.141576 0.640167 0.109964 0.077010
2 2 0.018927 0.165821 0.718826 0.033151 0.063274
2 2 0.051279 0.189382 0.582478 0.090358 0.086503
0 1 0.398375 0.332835 0.177003 0.024565 0.067223
1 2 0.023890 0.439546 0.409923 0.002415 0.124226
2 2 0.033956 0.233342 0.611621 0.031230 0.089850
4 2 0.070961 0.305841 0.147822 0.003068 0.472308
4 4 0.124551 0.333715 0.192208 0.002996 0.346530
4 4 0.030995 0.031733 0.005498 0.000047 0.931727
4 4 0.011558 0.295630 0.018437 0.000155 0.674220
4 4 0.015821 0.009740 0.001843 0.000012 0.972583
4 4 0.016555 0.007854 0.001742 0.000013 0.973835
4 4 0.035303 0.057800 0.006203 0.000030 0.900664
4 4 0.015953 0.036868 0.004923 0.000039 0.942216
4 4 0.016334 0.234812 0.020146 0.000225 0.728484
4 4 0.017709 0.170890 0.016602 0.000182 0.794617
4 4 0.017196 0.088047 0.009775 0.000091 0.884890
4 4 0.054341 0.251684 0.020823 0.000130 0.673021
4 4 0.013088 0.100788 0.008598 0.000060 0.877465
4 4 0.040873 0.015150 0.002119 0.000007 0.941851
4 4 0.016711 0.130873 0.010202 0.000064 0.842151
4 4 0.033314 0.190532 0.012693 0.000055 0.763407
4 4 0.234230 0.000864 0.000432 0.000001 0.764473
4 4 0.440099 0.009671 0.002054 0.000004 0.548172
4 4 0.197845 0.002773 0.001250 0.000005 0.798127
4 4 0.452815 0.003428 0.001175 0.000003 0.542579
4 4 0.050963 0.013013 0.002966 0.000020 0.933038
4 4 0.014536 0.063395 0.006693 0.000050 0.915326
4 4 0.014763 0.058974 0.006437 0.000048 0.919778
4 4 0.104173 0.011959 0.002357 0.000008 0.881503
4 4 0.191222 0.005812 0.001276 0.000002 0.801687
4 4 0.030582 0.001940 0.000553 0.000002 0.966922
4 4 0.116546 0.008401 0.001564 0.000004 0.873485
4 4 0.031806 0.032541 0.004696 0.000029 0.930928
4 4 0.045893 0.008479 0.001983 0.000011 0.943635
4 4 0.207906 0.001969 0.000536 0.000001 0.789588
4 4 0.091318 0.000408 0.000279 0.000001 0.907993
0 4 0.571527 0.001668 0.000952 0.000003 0.425850
4 4 0.110560 0.004036 0.001939 0.000016 0.883449
4 4 0.201288 0.004249 0.001519 0.000006 0.792939
0 4 0.566932 0.003650 0.001109 0.000002 0.428307
4 4 0.390879 0.005460 0.001852 0.000006 0.601802
4 4 0.066552 0.022736 0.005105 0.000041 0.905567
4 4 0.057186 0.011886 0.002812 0.000018 0.928098
