1 0 0.119650 0.414627 0.271853 0.028479 0.165392
1 0 0.154258 0.401130 0.200864 0.020310 0.223438
1 1 0.038911 0.518881 0.264380 0.005722 0.172107
1 1 0.026749 0.520526 0.278413 0.003721 0.170592
1 2 0.026527 0.483891 0.315151 0.004273 0.170157
1 2 0.070315 0.467776 0.276732 0.013428 0.171750
2 2 0.011870 0.385545 0.443213 0.002443 0.156929
2 2 0.011850 0.121094 0.762516 0.010162 0.094379
2 2 0.041934 0.282638 0.455849 0.010876 0.208704
2 2 0.001101 0.050422 0.908468 0.002884 0.037125
2 2 0.020088 0.175349 0.676917 0.013802 0.113845
2 2 0.001485 0.069919 0.873320 0.001992 0.053284
2 2 0.003783 0.110546 0.804987 0.003396 0.077287
2 2 0.001488 0.037738 0.920647 0.004024 0.036103
2 2 0.001119 0.036806 0.928420 0.004828 0.028827
2 2 0.002140 0.063773 0.883465 0.004783 0.045839
2 2 0.002989 0.079265 0.858838 0.005773 0.053134
2 2 0.000790 0.019052 0.955179 0.007957 0.017022
2 2 0.000569 0.020538 0.956499 0.004835 0.017559
2 2 0.001003 0.031208 0.937611 0.005919 0.024259
2 2 0.000370 0.018967 0.961384 0.003105 0.016174
2 2 0.000820 0.021213 0.952246 0.006582 0.019139
2 2 0.000499 0.008071 0.949424 0.035993 0.006013
2 2 0.001297 0.023797 0.930437 0.030551 0.013918
2 2 0.001501 0.017416 0.901293 0.069800 0.009991
2 2 0.002632 0.023425 0.883351 0.076673 0.013919
2 2 0.001605 0.026628 0.930567 0.023425 0.017774
2 2 0.001152 0.013429 0.820074 0.161400 0.003944
2 3 0.002385 0.019824 0.717607 0.255624 0.004560
2 3 0.001694 0.020193 0.823140 0.148282 0.006691
2 3 0.002806 0.024691 0.640542 0.327349 0.004612
3 3 0.003801 0.018664 0.340622 0.635175 0.001738
2 3 0.001831 0.015664 0.541010 0.439451 0.002045
3 3 0.001763 0.010633 0.292625 0.694231 0.000748
3 3 0.002275 0.014293 0.338022 0.644224 0.001186
3 3 0.001919 0.013498 0.390261 0.593088 0.001234
3 3 0.004183 0.019825 0.330724 0.643328 0.001939
3 3 0.001410 0.009398 0.257642 0.730979 0.000571
3 3 0.002417 0.009296 0.168960 0.818822 0.000505
3 3 0.001343 0.007879 0.214680 0.775661 0.000437
3 3 0.002440 0.016976 0.447739 0.530972 0.001873
3 3 0.002741 0.012613 0.238585 0.745230 0.000831
3 3 0.003546 0.009484 0.136313 0.850005 0.000652
3 3 0.001926 0.006287 0.119377 0.872074 0.000337
3 3 0.002585 0.008598 0.142469 0.845808 0.000540
3 3 0.002875 0.009113 0.158902 0.828425 0.000685
3 3 0.001131 0.008745 0.322816 0.666699 0.000609
3 3 0.001261 0.004401 0.100415 0.893754 0.000169
3 3 0.003389 0.005875 0.087981 0.902301 0.000454
3 3 0.002199 0.005123 0.092038 0.900360 0.000279
3 3 0.002788 0.004323 0.070868 0.921709 0.000313
3 3 0.002846 0.008845 0.151167 0.836572 0.000570
3 3 0.001580 0.003738 0.078584 0.915898 0.000200
3 3 0.003667 0.006344 0.092311 0.897111 0.000567
3 3 0.001486 0.005646 0.119568 0.873056 0.000245
3 3 0.007383 0.012247 0.127972 0.851095 0.001304
3 3 0.003467 0.010177 0.147790 0.837826 0.000740
3 3 0.003563 0.007303 0.106366 0.882207 0.000561
3 3 0.005625 0.014445 0.173126 0.805625 0.001179
3 3 0.003279 0.013430 0.266234 0.715854 0.001203
3 2 0.010821 0.021169 0.184893 0.780727 0.002390
0 2 0.724251 0.071841 0.036317 0.092196 0.075395
2 2 0.082079 0.363396 0.374510 0.035964 0.144051
1 2 0.156021 0.388478 0.269089 0.042510 0.143902
2 2 0.063221 0.365461 0.393296 0.021570 0.156452
1 2 0.078222 0.404544 0.332567 0.021656 0.163011
2 2 0.025978 0.304638 0.509138 0.008699 0.151547
1 2 0.087590 0.443674 0.280212 0.018616 0.169907
1 2 0.126164 0.377215 0.299227 0.035292 0.162102
1 2 0.050352 0.499731 0.269093 0.008229 0.172595
1 2 0.074046 0.466647 0.273566 0.014233 0.171508
2 2 0.039551 0.263994 0.533415 0.017136 0.145903
2 2 0.044225 0.324906 0.457998 0.014735 0.158135
2 2 0.019091 0.182904 0.666940 0.011279 0.119786
2 2 0.036065 0.282776 0.517646 0.014091 0.149422
2 2 0.010978 0.159308 0.720679 0.008309 0.100726
2 2 0.013586 0.194449 0.676746 0.010537 0.104681
2 2 0.008970 0.145307 0.752863 0.010731 0.082129
2 2 0.036864 0.254779 0.548396 0.016526 0.143435
2 2 0.008042 0.148376 0.759414 0.014621 0.069547
2 2 0.003229 0.090295 0.851800 0.015787 0.038889
2 2 0.009356 0.116043 0.790344 0.024735 0.059521
2 2 0.002343 0.047922 0.903530 0.019626 0.026578
2 2 0.018932 0.187411 0.679162 0.025418 0.089077
2 2 0.010617 0.139799 0.759592 0.025091 0.064900
2 2 0.002769 0.045705 0.888336 0.041831 0.021359
2 2 0.009471 0.214339 0.682781 0.014164 0.079245
2 2 0.002279 0.040972 0.903751 0.032119 0.020879
2 2 0.002057 0.051029 0.903311 0.017096 0.026507
2 2 0.004884 0.068169 0.855422 0.039380 0.032145
2 2 0.003932 0.033601 0.764304 0.187466 0.010697
2 2 0.002138 0.036276 0.866952 0.081205 0.013428
2 2 0.002060 0.023822 0.861376 0.101920 0.010823
2 2 0.004273 0.037109 0.830854 0.110717 0.017046
2 2 0.002586 0.020712 0.675442 0.297032 0.004228
2 2 0.002085 0.033927 0.847660 0.104654 0.011674
2 2 0.001053 0.015627 0.891409 0.084675 0.007236
2 2 0.002807 0.023106 0.788979 0.177735 0.007372
2 2 0.003143 0.027764 0.708545 0.254246 0.006302
2 2 0.007919 0.059150 0.737360 0.178519 0.017052
2 2 0.001864 0.014776 0.633400 0.347475 0.002485
2 2 0.007513 0.041066 0.667532 0.273103 0.010786
2 2 0.012408 0.079141 0.778445 0.092080 0.037927
1 2 0.152718 0.415414 0.236774 0.027954 0.167139
2 2 0.045660 0.284116 0.514582 0.033043 0.122600
2 2 0.011370 0.179617 0.704064 0.010942 0.094007
2 2 0.004939 0.083870 0.837529 0.006333 0.067329
2 2 0.022904 0.142181 0.709674 0.018457 0.106784
2 2 0.010953 0.154606 0.730011 0.009750 0.094680
2 2 0.005446 0.084154 0.839070 0.008948 0.062382
2 2 0.005407 0.081389 0.834732 0.005736 0.072735
2 2 0.002257 0.049477 0.900723 0.005727 0.041816
2 2 0.004134 0.090678 0.826841 0.003889 0.074458
2 2 0.002747 0.053094 0.893878 0.007312 0.042970
2 2 0.002213 0.054953 0.895395 0.006092 0.041347
2 2 0.000541 0.015582 0.962017 0.009477 0.012384
2 2 0.001118 0.040257 0.926387 0.008713 0.023524
2 2 0.002350 0.032902 0.922199 0.016140 0.026408
2 2 0.001629 0.029679 0.926291 0.024289 0.018111
2 2 0.002067 0.021803 0.926385 0.032710 0.017036
2 2 0.002074 0.019290 0.912384 0.052549 0.013703
2 2 0.004012 0.042360 0.854543 0.079449 0.019635
2 2 0.001957 0.032057 0.915329 0.032527 0.018129
2 3 0.001980 0.021217 0.846490 0.121874 0.008440
2 3 0.002798 0.026565 0.861731 0.095439 0.013467
2 3 0.000572 0.010505 0.856808 0.128933 0.003182
2 3 0.000871 0.011064 0.750074 0.235722 0.002269
2 3 0.002874 0.021525 0.622798 0.348950 0.003852
2 3 0.003427 0.027823 0.811916 0.146179 0.010656
3 3 0.001565 0.011131 0.424310 0.561927 0.001067
2 3 0.003357 0.033399 0.817084 0.132696 0.013464
2 3 0.004668 0.029401 0.549880 0.411231 0.004821
2 3 0.003197 0.026595 0.672749 0.291800 0.005659
2 3 0.004063 0.030558 0.686245 0.271911 0.007223
3 3 0.001733 0.008521 0.247447 0.741768 0.000531
2 3 0.003888 0.028131 0.631204 0.331246 0.005531
2 3 0.001313 0.016500 0.740504 0.238116 0.003568
2 3 0.001736 0.016925 0.690490 0.287546 0.003303
2 3 0.005711 0.035510 0.595029 0.356830 0.006920
3 3 0.002819 0.013835 0.255660 0.726717 0.000969
3 3 0.002553 0.015939 0.403480 0.576430 0.001598
3 3 0.001501 0.005166 0.112726 0.880346 0.000261
3 3 0.004666 0.016303 0.205370 0.772511 0.001149
3 3 0.002179 0.011178 0.263057 0.722828 0.000757
3 3 0.008252 0.016820 0.164895 0.808143 0.001889
3 3 0.002665 0.006606 0.108646 0.881685 0.000398
3 3 0.002751 0.012199 0.209713 0.774537 0.000799
3 3 0.004107 0.012854 0.170113 0.812046 0.000880
3 3 0.011225 0.038196 0.321970 0.624334 0.004275
2 2 0.012112 0.085280 0.720958 0.151464 0.030186
1 2 0.104813 0.433648 0.274535 0.023524 0.163479
1 2 0.102856 0.433010 0.272187 0.022546 0.169402
1 1 0.065013 0.478507 0.272489 0.011822 0.172169
1 1 0.053287 0.495238 0.269971 0.008915 0.172589
1 1 0.047009 0.505034 0.267945 0.007468 0.172545
1 1 0.038992 0.518733 0.264422 0.005739 0.172114
2 2 0.007494 0.202138 0.668481 0.003261 0.118626
2 2 0.004451 0.128661 0.772428 0.002837 0.091624
1 2 0.232502 0.350859 0.171853 0.029143 0.215643
1 2 0.056690 0.490196 0.270855 0.009732 0.172527
4 2 0.220660 0.319896 0.116077 0.013663 0.329704
1 1 0.089024 0.474154 0.282326 0.018897 0.135599
1 1 0.046967 0.505103 0.267929 0.007458 0.172543
1 1 0.058137 0.488103 0.271190 0.010086 0.172485
1 1 0.052340 0.496673 0.269700 0.008691 0.172596
1 2 0.080470 0.458628 0.273971 0.016033 0.170897
1 2 0.051608 0.497792 0.269483 0.008520 0.172598
2 2 0.003232 0.167662 0.725184 0.001445 0.102477
2 2 0.012678 0.307914 0.529306 0.003652 0.146449
2 2 0.015522 0.305892 0.526094 0.004695 0.147797
1 2 0.047921 0.503566 0.268275 0.007673 0.172565
1 2 0.019470 0.434564 0.376762 0.003622 0.165582
1 4 0.079520 0.463371 0.248447 0.012458 0.196204
1 4 0.023069 0.545795 0.258926 0.002831 0.169379
1 4 0.010331 0.547442 0.277567 0.001099 0.163561
1 4 0.015079 0.488421 0.298296 0.001673 0.196531
1 4 0.008226 0.405448 0.358093 0.000836 0.227397
1 4 0.060073 0.426042 0.115297 0.002063 0.396525
1 4 0.026297 0.386693 0.210106 0.001387 0.375516
1 4 0.008033 0.482290 0.304243 0.000723 0.204711
4 4 0.003693 0.200084 0.102577 0.000035 0.693611
4 4 0.003130 0.122546 0.152809 0.000047 0.721468
4 4 0.003936 0.061809 0.076434 0.000034 0.857787
4 4 0.003731 0.104287 0.095997 0.000036 0.795949
4 4 0.004393 0.151409 0.116233 0.000052 0.727913
4 4 0.004755 0.037693 0.042952 0.000027 0.914573
4 4 0.007627 0.038288 0.034532 0.000039 0.919514
4 4 0.005330 0.039467 0.023986 0.000017 0.931199
4 4 0.001999 0.115008 0.119459 0.000020 0.763513
4 4 0.003836 0.111838 0.090250 0.000034 0.794043
4 4 0.002582 0.157175 0.141717 0.000033 0.698493
4 4 0.007965 0.007739 0.003703 0.000007 0.980587
4 4 0.006946 0.008857 0.004898 0.000007 0.979292
4 4 0.007172 0.010748 0.006435 0.000010 0.975635
4 4 0.008086 0.010107 0.008126 0.000014 0.973667
4 4 0.003804 0.072762 0.051179 0.000020 0.872235
4 4 0.003519 0.174162 0.106280 0.000035 0.716005
4 4 0.052338 0.188675 0.047119 0.000514 0.711355
4 4 0.006990 0.049493 0.033926 0.000032 0.909559
4 4 0.005991 0.051284 0.054347 0.000042 0.888336
4 4 0.003833 0.087836 0.128611 0.000053 0.779667
4 4 0.005831 0.030030 0.025832 0.000022 0.938285
4 4 0.155675 0.104055 0.026586 0.001454 0.712230
4 4 0.023100 0.330566 0.090517 0.000362 0.555455
4 4 0.003240 0.145953 0.115351 0.000035 0.735421
4 4 0.003322 0.054754 0.050988 0.000018 0.890918
4 4 0.005084 0.129409 0.124479 0.000070 0.740959
4 4 0.015615 0.222575 0.098891 0.000226 0.662693
4 4 0.003020 0.089207 0.178095 0.000058 0.729621
4 4 0.003975 0.069182 0.058051 0.000025 0.868767
4 4 0.002248 0.020912 0.025783 0.000007 0.951050
4 4 0.002760 0.020262 0.019449 0.000007 0.957522
4 4 0.003866 0.001562 0.000932 0.000001 0.993639
4 4 0.003414 0.003594 0.001685 0.000001 0.991306
4 4 0.002363 0.006663 0.009331 0.000004 0.981639
4 4 0.002748 0.002609 0.002401 0.000002 0.992240
4 4 0.003784 0.005789 0.003172 0.000002 0.987252
4 4 0.002451 0.017747 0.023636 0.000007 0.956159
4 4 0.002882 0.007355 0.011634 0.000006 0.978124
4 4 0.003462 0.003858 0.001795 0.000001 0.990884
4 4 0.003032 0.015740 0.007612 0.000003 0.973613
4 4 0.002101 0.043592 0.051134 0.000011 0.903163
4 4 0.005426 0.002354 0.001077 0.000002 0.991141
4 4 0.003280 0.002470 0.000602 0.000001 0.993648
4 4 0.003630 0.007195 0.004814 0.000003 0.984359
4 4 0.005532 0.011081 0.005671 0.000006 0.977710
4 4 0.002170 0.035019 0.049844 0.000011 0.912956
4 4 0.002545 0.059209 0.080148 0.000020 0.858077
4 4 0.003598 0.005152 0.003174 0.000002 0.988074
4 4 0.002996 0.019461 0.013074 0.000005 0.964464
4 4 0.059467 0.122242 0.027851 0.000372 0.790069
4 1 0.001944 0.046515 0.041971 0.000008 0.909563
4 1 0.001527 0.067697 0.091568 0.000012 0.839197
4 1 0.001009 0.069546 0.119022 0.000009 0.810414
4 2 0.001777 0.066074 0.090830 0.000014 0.841305
4 2 0.001555 0.087205 0.144088 0.000019 0.767133
4 2 0.001475 0.093846 0.232726 0.000031 0.671921
4 2 0.001101 0.068477 0.412970 0.000054 0.517398
4 2 0.001738 0.074481 0.295791 0.000057 0.627933
4 2 0.000975 0.069870 0.407213 0.000045 0.521896
2 2 0.001864 0.073552 0.858983 0.001723 0.063878
2 2 0.001456 0.058836 0.882680 0.001582 0.055446
2 2 0.025848 0.322850 0.501488 0.011059 0.138755
2 2 0.023482 0.376601 0.436805 0.006240 0.156872
2 2 0.000920 0.057099 0.888305 0.000927 0.052749
2 2 0.000401 0.034722 0.926889 0.000536 0.037453
2 2 0.001370 0.083812 0.846657 0.001038 0.067123
2 2 0.005377 0.160628 0.727304 0.002818 0.103873
2 2 0.004556 0.251426 0.616062 0.001374 0.126582
2 2 0.001857 0.109311 0.808540 0.001153 0.079139
2 2 0.005629 0.213529 0.659279 0.002161 0.119401
2 2 0.001104 0.061204 0.881046 0.001084 0.055562
2 2 0.000975 0.055305 0.890658 0.001027 0.052033
2 2 0.001284 0.062105 0.880753 0.001435 0.054423
2 2 0.003422 0.134184 0.768472 0.001969 0.091953
2 2 0.002210 0.082551 0.844467 0.001894 0.068879
2 2 0.003803 0.151003 0.744851 0.001976 0.098367
2 2 0.001994 0.110674 0.806028 0.001243 0.080062
2 2 0.000520 0.026456 0.946475 0.002052 0.024497
2 2 0.000464 0.020672 0.954904 0.002009 0.021951
2 2 0.000929 0.038917 0.922343 0.002173 0.035638
2 2 0.005599 0.198125 0.678865 0.002355 0.115056
2 2 0.001932 0.061757 0.881909 0.002982 0.051420
2 2 0.000846 0.035729 0.931345 0.003164 0.028916
2 2 0.000682 0.019312 0.956458 0.006479 0.017069
2 2 0.003016 0.117744 0.793586 0.002036 0.083618
2 2 0.000912 0.034670 0.932037 0.003452 0.028929
2 2 0.000637 0.010567 0.940000 0.041905 0.006890
2 2 0.004212 0.103577 0.807449 0.003319 0.081443
2 2 0.000882 0.018840 0.953456 0.010789 0.016034
2 2 0.003428 0.029556 0.897243 0.049485 0.020289
2 2 0.001604 0.017878 0.900856 0.069206 0.010456
2 2 0.004413 0.038872 0.752498 0.191943 0.012275
2 2 0.006630 0.046731 0.735022 0.196019 0.015598
2 2 0.007512 0.045044 0.692063 0.242383 0.012998
2 2 0.004312 0.039221 0.781691 0.160577 0.014199
2 2 0.005930 0.034196 0.574538 0.378985 0.006350
3 3 0.006052 0.030242 0.393210 0.566679 0.003817
2 3 0.001352 0.015050 0.724057 0.256442 0.003099
2 3 0.013040 0.044678 0.504829 0.426400 0.011052
3 3 0.005547 0.029033 0.477160 0.484143 0.004116
3 3 0.005251 0.019061 0.229396 0.744686 0.001606
3 3 0.008017 0.034012 0.357948 0.596151 0.003871
3 3 0.007507 0.028739 0.390130 0.569053 0.004572
3 3 0.012113 0.026851 0.213352 0.744745 0.002939
3 3 0.002280 0.007183 0.129430 0.860700 0.000407
3 3 0.015701 0.051931 0.365592 0.559553 0.007224
3 3 0.008414 0.015139 0.145933 0.829174 0.001339
3 3 0.006156 0.014553 0.161818 0.816198 0.001276
3 3 0.010563 0.019154 0.166873 0.801203 0.002206
3 3 0.003034 0.006587 0.101958 0.888031 0.000390
3 3 0.008912 0.019015 0.178348 0.791638 0.002088
3 3 0.007398 0.007411 0.078852 0.905457 0.000881
3 3 0.012356 0.010380 0.087982 0.887608 0.001674
3 3 0.011364 0.012014 0.106137 0.868363 0.002121
3 3 0.012732 0.007097 0.060335 0.918413 0.001424
3 3 0.005903 0.009548 0.110345 0.873353 0.000851
3 3 0.016193 0.015593 0.115953 0.849452 0.002810
3 3 0.007319 0.006769 0.072601 0.912479 0.000833
3 3 0.009483 0.006952 0.067100 0.915338 0.001128
3 3 0.024905 0.014646 0.091392 0.865042 0.004015
3 3 0.008208 0.005424 0.055160 0.930534 0.000674
3 3 0.004082 0.003067 0.042626 0.949934 0.000290
3 3 0.028661 0.018284 0.105157 0.843530 0.004368
3 3 0.025022 0.016851 0.103436 0.850793 0.003898
3 3 0.016528 0.008020 0.060074 0.913805 0.001573
3 3 0.032239 0.016822 0.093081 0.852710 0.005149
3 3 0.012747 0.006984 0.058805 0.920250 0.001215
3 3 0.012449 0.010277 0.086616 0.889063 0.001596
3 3 0.009917 0.008326 0.077306 0.903408 0.001043
3 3 0.012375 0.007112 0.060686 0.918607 0.001221
3 3 0.004261 0.004611 0.062667 0.928051 0.000410
3 3 0.043458 0.025081 0.118256 0.805779 0.007426
3 3 0.011732 0.007081 0.062016 0.917946 0.001225
3 3 0.007406 0.006644 0.070361 0.914861 0.000728
3 3 0.003789 0.003459 0.049763 0.942671 0.000318
3 3 0.027092 0.019882 0.116826 0.831606 0.004595
3 3 0.024543 0.014691 0.091773 0.865332 0.003662
3 3 0.008726 0.003726 0.036922 0.950113 0.000513
3 3 0.012136 0.007588 0.064827 0.914302 0.001148
3 3 0.010870 0.008330 0.075122 0.904366 0.001311
3 3 0.014390 0.009336 0.073610 0.901198 0.001465
3 3 0.043652 0.021388 0.101934 0.825998 0.007029
3 3 0.030062 0.020858 0.116661 0.827454 0.004965
3 3 0.007817 0.005998 0.062990 0.922337 0.000858
3 3 0.011941 0.009635 0.082896 0.894033 0.001496
3 3 0.014732 0.010236 0.080438 0.892740 0.001855
3 3 0.017836 0.013880 0.098215 0.867879 0.002190
3 3 0.008934 0.003707 0.036724 0.950028 0.000607
3 3 0.009749 0.005535 0.052464 0.931424 0.000828
3 3 0.069969 0.052123 0.184296 0.676018 0.017595
3 3 0.023263 0.019190 0.119533 0.834518 0.003496
3 3 0.164840 0.053395 0.121605 0.639095 0.021064
1 0 0.111755 0.399007 0.315309 0.041084 0.132845
1 0 0.141795 0.400548 0.271365 0.036800 0.149491
1 0 0.224711 0.344423 0.165405 0.026279 0.239182
0 0 0.666610 0.104812 0.042646 0.052470 0.133463
1 0 0.056354 0.383019 0.378897 0.015093 0.166637
1 0 0.149521 0.368568 0.276735 0.040400 0.164777
2 1 0.074313 0.342264 0.397472 0.024249 0.161702
2 1 0.020832 0.318637 0.501868 0.006303 0.152361
0 0 0.407567 0.206946 0.103892 0.040857 0.240738
0 0 0.695917 0.085860 0.037156 0.060642 0.120424
1 0 0.254907 0.321536 0.167622 0.035221 0.220714
1 1 0.059077 0.486756 0.271395 0.010318 0.172453
2 1 0.040192 0.294714 0.497627 0.015113 0.152353
2 2 0.031865 0.377443 0.418891 0.008099 0.163702
2 2 0.021027 0.257141 0.573036 0.008449 0.140348
2 2 0.041365 0.380376 0.402057 0.010794 0.165409
2 2 0.015285 0.299053 0.545474 0.006196 0.133992
2 2 0.046613 0.380853 0.394275 0.012330 0.165929
2 2 0.032778 0.342135 0.456155 0.009697 0.159234
2 2 0.006388 0.169423 0.736979 0.007708 0.079501
2 2 0.015475 0.226670 0.641399 0.013507 0.102950
2 2 0.016777 0.233326 0.615773 0.008607 0.125518
2 2 0.010717 0.145377 0.742826 0.010464 0.090617
2 2 0.001927 0.051860 0.903784 0.007774 0.034655
1 2 0.051677 0.409403 0.357676 0.012293 0.168951
1 2 0.041982 0.449784 0.328924 0.008268 0.171043
2 2 0.004295 0.125966 0.776557 0.002778 0.090403
2 2 0.000983 0.038171 0.917163 0.001476 0.042207
2 2 0.000650 0.035421 0.923727 0.000954 0.039248
2 2 0.006460 0.407639 0.431231 0.001078 0.153593
1 2 0.161128 0.373316 0.263920 0.044285 0.157351
1 2 0.049201 0.501533 0.268716 0.007964 0.172585
1 2 0.016695 0.484302 0.329581 0.002486 0.166936
2 2 0.008888 0.269857 0.582267 0.002829 0.136159
2 2 0.003212 0.202872 0.680491 0.001158 0.112267
2 2 0.007797 0.307763 0.540244 0.002035 0.142161
2 2 0.000434 0.040500 0.917829 0.000526 0.040710
2 2 0.000262 0.043758 0.914296 0.000256 0.041428
2 2 0.000301 0.031022 0.933879 0.000418 0.034380
2 2 0.000299 0.032765 0.931074 0.000396 0.035466
2 2 0.000556 0.056445 0.891962 0.000506 0.050532
2 2 0.000971 0.140597 0.762148 0.000356 0.095928
2 2 0.000465 0.098706 0.831686 0.000230 0.068913
2 2 0.000288 0.042906 0.915260 0.000293 0.041253
2 2 0.000131 0.022164 0.950867 0.000205 0.026634
2 2 0.000183 0.034994 0.929103 0.000203 0.035518
2 2 0.000742 0.088479 0.844164 0.000464 0.066151
2 2 0.000241 0.040726 0.919262 0.000247 0.039524
2 2 0.000388 0.055298 0.895323 0.000331 0.048660
2 2 0.000272 0.039073 0.921417 0.000297 0.038942
2 2 0.000618 0.089005 0.844514 0.000368 0.065495
2 2 0.000708 0.104526 0.822271 0.000370 0.072125
2 2 0.000798 0.044693 0.908050 0.000984 0.045474
2 2 0.000426 0.051067 0.901263 0.000401 0.046843
2 2 0.000848 0.050704 0.898452 0.000941 0.049055
2 2 0.000703 0.081415 0.854441 0.000471 0.062970
2 2 0.000508 0.076281 0.863532 0.000337 0.059342
2 2 0.000992 0.021272 0.947253 0.003461 0.027022
2 2 0.002942 0.057583 0.880541 0.004447 0.054487
2 2 0.002259 0.042034 0.904635 0.003741 0.047331
2 2 0.001467 0.032680 0.929115 0.005188 0.031550
2 2 0.001408 0.023840 0.941578 0.006015 0.027160
2 2 0.003517 0.079802 0.843360 0.003460 0.069861
2 2 0.000356 0.026160 0.941328 0.000603 0.031553
2 2 0.000777 0.012355 0.960050 0.014844 0.011975
2 2 0.002039 0.029931 0.928415 0.007423 0.032191
2 2 0.002758 0.078188 0.853289 0.003298 0.062467
2 2 0.000898 0.027271 0.937188 0.002139 0.032505
2 2 0.001536 0.031512 0.926200 0.003467 0.037285
2 2 0.001073 0.023031 0.941737 0.002711 0.031449
2 2 0.000380 0.005530 0.976888 0.009131 0.008071
2 2 0.000894 0.026232 0.937199 0.001870 0.033805
2 2 0.001981 0.046446 0.899681 0.003018 0.048874
2 2 0.001015 0.020036 0.950815 0.010229 0.017904
2 2 0.003031 0.033256 0.915395 0.020859 0.027458
2 2 0.002767 0.075930 0.851741 0.002711 0.066851
2 2 0.001251 0.059259 0.883122 0.001304 0.055064
2 2 0.000900 0.023890 0.941113 0.002055 0.032043
2 2 0.005454 0.056988 0.873325 0.011463 0.052769
2 2 0.000979 0.027276 0.937538 0.002608 0.031599
2 2 0.001742 0.015715 0.911683 0.060403 0.010458
2 2 0.001474 0.026573 0.937708 0.006463 0.027782
2 2 0.001593 0.045483 0.902385 0.002261 0.048278
2 2 0.001247 0.025460 0.940353 0.014378 0.018562
2 2 0.011680 0.132879 0.749674 0.009696 0.096072
2 2 0.002438 0.078589 0.854137 0.002833 0.062003
2 2 0.001449 0.069765 0.868308 0.001455 0.059022
2 2 0.007156 0.174916 0.703902 0.003632 0.110394
2 2 0.007743 0.166640 0.713033 0.004217 0.108367
2 2 0.032099 0.170640 0.659537 0.028106 0.109617
1 0 0.176957 0.400698 0.260972 0.045802 0.115572
1 1 0.125358 0.420040 0.275153 0.030737 0.148713
1 1 0.116277 0.430567 0.276669 0.027548 0.148939
1 2 0.062280 0.482254 0.272027 0.011122 0.172316
1 2 0.132521 0.426672 0.278831 0.033767 0.128208
1 2 0.076383 0.468934 0.275434 0.014929 0.164319
1 2 0.083124 0.464689 0.277094 0.016900 0.158193
1 2 0.098750 0.449203 0.277889 0.021709 0.152449
1 2 0.076956 0.462977 0.273783 0.015040 0.171244
1 2 0.057508 0.399414 0.360410 0.014413 0.168256
1 2 0.095862 0.356947 0.354873 0.029627 0.162691
1 1 0.119932 0.416819 0.272726 0.028623 0.161900
1 1 0.101438 0.447366 0.278145 0.022590 0.150461
1 1 0.129748 0.404211 0.270357 0.032080 0.163604
2 1 0.041420 0.331591 0.454803 0.013283 0.158903
2 1 0.026760 0.217966 0.609283 0.013748 0.132243
2 2 0.049137 0.247307 0.536756 0.023845 0.142955
2 2 0.008568 0.137430 0.749104 0.005873 0.099025
2 2 0.005530 0.075482 0.842739 0.006351 0.069899
2 2 0.006789 0.117156 0.781039 0.005233 0.089783
2 2 0.003655 0.062443 0.868115 0.004613 0.061175
2 2 0.034006 0.297699 0.503993 0.012292 0.152009
2 2 0.033460 0.289461 0.514228 0.012525 0.150327
2 4 0.009675 0.168073 0.706383 0.005472 0.110397
2 4 0.104733 0.336432 0.355944 0.032467 0.170424
2 4 0.125938 0.270924 0.375865 0.043306 0.183966
0 4 0.393432 0.130830 0.099071 0.033277 0.343390
4 4 0.191618 0.150264 0.023516 0.001689 0.632913
4 4 0.189653 0.232200 0.052465 0.003906 0.521776
4 4 0.132797 0.263619 0.055069 0.002364 0.546152
4 4 0.112160 0.119729 0.049160 0.001661 0.717290
4 4 0.180378 0.124485 0.016505 0.001088 0.677543
4 4 0.139410 0.066497 0.008751 0.000436 0.784906
4 4 0.173004 0.254611 0.059817 0.003932 0.508636
4 4 0.311525 0.044603 0.004168 0.000792 0.638912
4 4 0.230856 0.069618 0.007271 0.000778 0.691478
4 4 0.386024 0.030044 0.002521 0.000755 0.580656
4 4 0.132928 0.243486 0.046967 0.001970 0.574649
4 4 0.176293 0.110510 0.013379 0.000863 0.698955
4 4 0.388405 0.049866 0.005460 0.001432 0.554837
4 4 0.429743 0.016347 0.000969 0.000383 0.552558
4 4 0.341763 0.024556 0.001675 0.000419 0.631588
4 4 0.200857 0.047932 0.003772 0.000354 0.747086
4 4 0.105549 0.155020 0.018639 0.000536 0.720256
4 4 0.072854 0.132349 0.012342 0.000212 0.782243
4 4 0.007575 0.147343 0.087586 0.000078 0.757418
4 4 0.007944 0.101022 0.049807 0.000048 0.841180
4 4 0.017946 0.013949 0.003175 0.000015 0.964915
4 4 0.016420 0.036247 0.014569 0.000045 0.932718
4 4 0.028365 0.015807 0.003692 0.000030 0.952106
4 4 0.028386 0.018047 0.005557 0.000043 0.947966
4 4 0.018375 0.057991 0.019089 0.000061 0.904484
4 4 0.025226 0.041449 0.007781 0.000041 0.925503
4 4 0.010438 0.130708 0.057554 0.000076 0.801223
4 4 0.005554 0.160626 0.110965 0.000067 0.722788
4 4 0.072688 0.180222 0.105240 0.001979 0.639871
4 4 0.028509 0.371568 0.058886 0.000307 0.540730
1 4 0.007019 0.449307 0.326261 0.000628 0.216785
2 4 0.002467 0.335491 0.485452 0.000320 0.176269
4 4 0.024353 0.277062 0.304127 0.001929 0.392528
1 0 0.085668 0.452351 0.274110 0.017541 0.170329
2 4 0.029103 0.326103 0.479745 0.009045 0.156004
2 4 0.009610 0.199631 0.666453 0.004471 0.119835
2 4 0.002665 0.105382 0.810469 0.001864 0.079620
2 4 0.003059 0.090152 0.830274 0.002584 0.073931
2 4 0.002896 0.149625 0.749963 0.001430 0.096085
2 4 0.000583 0.071554 0.869572 0.000425 0.057865
2 4 0.008393 0.253829 0.602668 0.002851 0.132259
2 4 0.014845 0.345291 0.482350 0.003761 0.153754
4 4 0.119941 0.252406 0.190787 0.009206 0.427660
4 4 0.059121 0.327624 0.151759 0.002499 0.458997
2 4 0.012407 0.387669 0.439813 0.002554 0.157557
1 4 0.020613 0.506527 0.300986 0.002914 0.168961
2 4 0.023525 0.275430 0.547057 0.008843 0.145145
2 4 0.001814 0.169889 0.728515 0.000703 0.099079
2 4 0.007870 0.329706 0.514738 0.001873 0.145813
1 4 0.012701 0.420473 0.403584 0.002307 0.160935
1 4 0.014078 0.500516 0.317501 0.001908 0.165996
1 4 0.051007 0.393345 0.246045 0.004711 0.304892
4 4 0.067722 0.282090 0.183055 0.003735 0.463398
1 4 0.023427 0.551732 0.252736 0.002811 0.169294
1 4 0.026623 0.543947 0.255884 0.003361 0.170184
1 4 0.011193 0.485531 0.338077 0.001541 0.163658
1 4 0.012540 0.442771 0.380105 0.002083 0.162501
2 4 0.005597 0.314273 0.538536 0.001324 0.140271
2 1 0.008482 0.229298 0.632311 0.003268 0.126640
2 2 0.008338 0.315158 0.530360 0.002137 0.144007
2 2 0.001161 0.121478 0.795862 0.000582 0.080918
1 2 0.007259 0.455337 0.378041 0.001032 0.158331
2 2 0.000793 0.130903 0.786095 0.000337 0.081872
2 2 0.002402 0.224391 0.657208 0.000722 0.115277
2 2 0.002570 0.317671 0.542375 0.000493 0.136892
2 2 0.003372 0.261279 0.583399 0.000728 0.151223
2 2 0.003635 0.145885 0.752175 0.001940 0.096366
2 2 0.007911 0.378649 0.433335 0.001243 0.178861
2 2 0.003798 0.289903 0.572772 0.000920 0.132607
2 2 0.002244 0.245729 0.631968 0.000596 0.119463
2 2 0.003924 0.315358 0.542630 0.000857 0.137231
2 2 0.004215 0.362700 0.487673 0.000768 0.144643
2 2 0.001260 0.131250 0.782155 0.000594 0.084741
2 2 0.001646 0.161396 0.740163 0.000659 0.096136
2 2 0.001324 0.066139 0.872503 0.001257 0.058777
2 2 0.002503 0.218094 0.664502 0.000785 0.114116
2 2 0.001728 0.207240 0.681875 0.000530 0.108628
2 2 0.005182 0.132124 0.765516 0.003322 0.093857
2 2 0.004253 0.270109 0.578275 0.000999 0.146364
2 2 0.004610 0.338493 0.513732 0.000945 0.142220
2 2 0.006764 0.369238 0.455763 0.001148 0.167087
2 2 0.002515 0.132518 0.774174 0.001369 0.089423
2 2 0.000477 0.078701 0.860422 0.000303 0.060098
2 2 0.005976 0.263249 0.541728 0.001150 0.187896
2 2 0.007404 0.273505 0.581529 0.002230 0.135332
2 2 0.001011 0.138426 0.774389 0.000429 0.085745
2 2 0.000661 0.119249 0.802826 0.000297 0.076967
2 2 0.010714 0.391407 0.439120 0.002111 0.156648
2 2 0.001241 0.091249 0.836866 0.000845 0.069800
2 2 0.003809 0.284730 0.578828 0.000945 0.131689
2 2 0.038793 0.257616 0.541945 0.017287 0.144359
2 2 0.022461 0.327226 0.489329 0.006639 0.154345
2 2 0.027388 0.285466 0.528792 0.010095 0.148258
2 2 0.036232 0.367543 0.423190 0.009784 0.163250
2 2 0.025432 0.296072 0.519871 0.008816 0.149810
2 2 0.023128 0.209352 0.626471 0.012134 0.128915
2 2 0.014966 0.290296 0.545303 0.004820 0.144615
2 2 0.026485 0.312184 0.499701 0.008606 0.153024
2 2 0.013281 0.145571 0.736456 0.014019 0.090673
2 2 0.035955 0.324831 0.470494 0.011626 0.157094
2 2 0.023584 0.266334 0.557600 0.009260 0.143221
2 2 0.027191 0.280098 0.535327 0.010262 0.147122
2 2 0.015943 0.187634 0.677581 0.012403 0.106439
2 2 0.027315 0.210549 0.621036 0.016765 0.124335
2 2 0.013793 0.194591 0.663423 0.007121 0.121073
2 2 0.015413 0.071365 0.792583 0.075294 0.045345
2 2 0.040952 0.343572 0.442372 0.012453 0.160651
2 2 0.046241 0.277826 0.518192 0.030197 0.127544
2 2 0.025264 0.189843 0.657985 0.027918 0.098990
2 2 0.023080 0.253817 0.573254 0.009591 0.140259
2 2 0.012408 0.168032 0.700056 0.007393 0.112111
2 2 0.069757 0.208912 0.544723 0.043169 0.133438
1 2 0.068468 0.442465 0.303501 0.014530 0.171035
2 2 0.027812 0.179183 0.654058 0.018031 0.120916
1 0 0.114262 0.436467 0.278156 0.026931 0.144183
2 1 0.011808 0.332692 0.511666 0.003701 0.140133
1 1 0.017506 0.427075 0.405787 0.004919 0.144712
1 2 0.028933 0.471981 0.324387 0.005012 0.169687
2 2 0.004585 0.154351 0.737904 0.002423 0.100736
2 2 0.012865 0.322190 0.538346 0.006678 0.119921
2 2 0.001313 0.070719 0.865839 0.001166 0.060962
2 2 0.002111 0.129626 0.779807 0.001131 0.087326
2 2 0.003736 0.232138 0.642308 0.001189 0.120629
2 2 0.003266 0.133323 0.790249 0.004068 0.069094
2 2 0.002089 0.085184 0.841224 0.001714 0.069789
2 2 0.002504 0.113739 0.809948 0.002385 0.071425
2 2 0.005818 0.244793 0.620303 0.001911 0.127176
2 2 0.009115 0.238044 0.635646 0.005170 0.112025
2 2 0.003352 0.141405 0.761885 0.001986 0.091373
2 2 0.014892 0.322488 0.519793 0.005454 0.137372
2 2 0.002142 0.106299 0.825335 0.002541 0.063683
2 2 0.003219 0.137862 0.775007 0.002571 0.081342
2 2 0.002923 0.141143 0.779461 0.003001 0.073472
2 2 0.009574 0.317478 0.524826 0.002499 0.145623
2 2 0.005412 0.163818 0.742212 0.005331 0.083227
2 2 0.005002 0.155946 0.743495 0.003550 0.092008
2 2 0.004795 0.182639 0.701572 0.002180 0.108814
1 2 0.017077 0.422231 0.407083 0.004367 0.149242
2 2 0.006324 0.204501 0.668608 0.002618 0.117949
2 2 0.006254 0.213700 0.672339 0.003729 0.103978
2 2 0.000929 0.050353 0.910385 0.002486 0.035847
2 2 0.004987 0.151221 0.754204 0.004327 0.085260
2 2 0.006489 0.191016 0.685150 0.002921 0.114425
2 2 0.000727 0.058923 0.886899 0.000674 0.052778
2 2 0.005334 0.234879 0.633793 0.001808 0.124186
2 2 0.000496 0.045903 0.908472 0.000534 0.044595
2 2 0.000940 0.061866 0.881059 0.000881 0.055253
2 2 0.001443 0.085558 0.843777 0.001085 0.068137
2 2 0.001199 0.047482 0.908161 0.002456 0.040702
2 2 0.001403 0.061623 0.880693 0.001600 0.054680
2 2 0.002413 0.087247 0.837409 0.002039 0.070891
2 2 0.006041 0.194159 0.691441 0.003393 0.104966
2 2 0.006928 0.189647 0.697326 0.004485 0.101614
2 2 0.006310 0.203540 0.672203 0.002795 0.115152
2 2 0.000855 0.047171 0.910670 0.001618 0.039685
2 2 0.004117 0.119503 0.797765 0.004433 0.074182
2 2 0.005687 0.178781 0.710956 0.003390 0.101186
2 2 0.003449 0.120890 0.786284 0.002218 0.087158
2 2 0.002081 0.093982 0.829914 0.001617 0.072405
2 2 0.006852 0.185168 0.691602 0.003232 0.113146
2 2 0.004410 0.107673 0.820080 0.008628 0.059209
2 2 0.004763 0.150415 0.742517 0.002610 0.099695
2 2 0.003844 0.122544 0.782676 0.002497 0.088439
2 2 0.003371 0.094974 0.825653 0.003168 0.072835
2 2 0.004004 0.111652 0.812781 0.005746 0.065816
2 2 0.001852 0.070619 0.882489 0.006615 0.038424
2 2 0.004147 0.123157 0.793843 0.004509 0.074344
2 2 0.005612 0.108726 0.807814 0.007641 0.070209
2 2 0.002407 0.092753 0.844214 0.003844 0.056782
2 2 0.004176 0.128085 0.776979 0.002912 0.087849
2 2 0.006925 0.124072 0.790208 0.012820 0.065975
2 2 0.002560 0.091590 0.830166 0.002045 0.073639
0 1 0.308206 0.279585 0.201042 0.089584 0.121583
1 2 0.133690 0.400216 0.269690 0.033529 0.162874
0 0 0.437965 0.236374 0.112809 0.052735 0.160117
0 0 0.387405 0.250817 0.154258 0.081319 0.126201
1 0 0.154670 0.408907 0.254766 0.034584 0.147073
1 0 0.088964 0.476996 0.283136 0.018926 0.131978
1 0 0.078666 0.467533 0.276048 0.015587 0.162166
1 1 0.108265 0.446507 0.279869 0.024967 0.140392
1 1 0.082341 0.463016 0.276224 0.016642 0.161776
1 1 0.160857 0.415542 0.278680 0.046043 0.098878
1 1 0.135380 0.425806 0.279036 0.034923 0.124856
1 2 0.071962 0.478403 0.276232 0.013744 0.159660
1 2 0.070310 0.471462 0.273198 0.013218 0.171812
1 2 0.109944 0.445007 0.279838 0.025540 0.139671
1 2 0.077912 0.466064 0.275232 0.015349 0.165443
1 2 0.119255 0.437427 0.279672 0.028825 0.134821
1 2 0.117830 0.431369 0.277326 0.028142 0.145333
1 2 0.089139 0.450220 0.274785 0.018596 0.167261
1 2 0.132772 0.423737 0.277908 0.033776 0.131805
1 2 0.092913 0.445763 0.274705 0.019741 0.166878
1 2 0.123918 0.426573 0.277098 0.030340 0.142070
1 2 0.110159 0.431033 0.275198 0.025345 0.158265
1 2 0.145049 0.412411 0.276088 0.038558 0.127894
1 2 0.088111 0.365419 0.357271 0.026305 0.162894
2 2 0.069428 0.318883 0.428506 0.024989 0.158194
1 2 0.178909 0.371840 0.265311 0.052533 0.131407
0 0 0.580197 0.142086 0.076412 0.086170 0.115135
0 0 0.657966 0.095606 0.054360 0.108547 0.083520
1 1 0.282085 0.318119 0.200302 0.063358 0.136137
1 1 0.246119 0.330771 0.222856 0.063075 0.137178
1 2 0.269520 0.327335 0.216098 0.069075 0.117972
1 2 0.159561 0.341004 0.308661 0.053179 0.137596
2 2 0.121594 0.296899 0.393097 0.047966 0.140444
2 2 0.181837 0.297948 0.315462 0.058368 0.146384
2 2 0.040124 0.210772 0.593695 0.022943 0.132467
2 2 0.045133 0.238106 0.553731 0.022685 0.140346
1 2 0.210339 0.355754 0.245210 0.057583 0.131114
2 2 0.023588 0.184196 0.656281 0.014389 0.121545
2 2 0.097541 0.243096 0.465233 0.042258 0.151873
2 2 0.212607 0.276936 0.298135 0.070217 0.142106
2 2 0.083944 0.298096 0.434463 0.034089 0.149408
2 2 0.093454 0.249212 0.472920 0.043636 0.140778
2 2 0.154437 0.301459 0.339616 0.049953 0.154535
0 2 0.659438 0.107719 0.048246 0.064454 0.120142
1 1 0.100384 0.486098 0.267092 0.018724 0.127701
2 1 0.011889 0.287474 0.554785 0.003704 0.142148
2 2 0.011893 0.272519 0.572448 0.003970 0.139170
2 2 0.016764 0.350948 0.472463 0.004246 0.155578
1 2 0.013111 0.474796 0.345540 0.001939 0.164614
1 2 0.016245 0.521349 0.292987 0.002079 0.167339
1 2 0.101039 0.434676 0.273695 0.022260 0.168330
1 4 0.023640 0.551191 0.252962 0.002847 0.169360
1 4 0.036683 0.515160 0.225349 0.003567 0.219240
1 4 0.056433 0.492846 0.252254 0.008168 0.190299
4 4 0.126974 0.196408 0.083408 0.003430 0.589780
1 4 0.185377 0.373232 0.211694 0.031648 0.198049
0 4 0.315971 0.301264 0.180734 0.063919 0.138112
1 4 0.330863 0.336814 0.152292 0.039798 0.140232
1 4 0.146195 0.429498 0.281589 0.039828 0.102891
1 4 0.111682 0.446515 0.280773 0.026209 0.134820
1 4 0.126499 0.425335 0.277228 0.031312 0.139626
1 4 0.141274 0.411952 0.275357 0.036927 0.134489
1 4 0.120210 0.392927 0.296786 0.032137 0.157940
1 4 0.125436 0.416314 0.273847 0.030682 0.153721
1 4 0.228850 0.340538 0.227476 0.056999 0.146137
0 4 0.531439 0.156408 0.092015 0.082001 0.138137
2 4 0.130274 0.247028 0.392114 0.046885 0.183698
0 4 0.739421 0.066669 0.029042 0.064814 0.100054
0 4 0.897574 0.017990 0.005773 0.042850 0.035813
1 1 0.209462 0.359112 0.239956 0.053429 0.138041
1 1 0.270902 0.309173 0.205242 0.058883 0.155800
0 1 0.459850 0.209427 0.117994 0.077485 0.135244
0 4 0.728123 0.070881 0.034975 0.087267 0.078754
2 4 0.196510 0.256734 0.304182 0.056414 0.186161
0 4 0.872454 0.021595 0.003890 0.011307 0.090753
2 4 0.189204 0.208101 0.344026 0.059470 0.199199
2 4 0.048499 0.230589 0.550641 0.024040 0.146232
0 4 0.606452 0.121633 0.048805 0.044457 0.178652
0 4 0.785489 0.042049 0.015496 0.036034 0.120932
0 4 0.636575 0.110307 0.047204 0.053924 0.151990
0 4 0.910143 0.013755 0.003374 0.022451 0.050278
0 4 0.688052 0.088374 0.042944 0.078565 0.102065
0 4 0.734620 0.068612 0.030575 0.067998 0.098195
0 4 0.784469 0.051867 0.021892 0.065809 0.075962
0 4 0.799567 0.048953 0.016672 0.041705 0.093103
0 4 0.327530 0.211675 0.215740 0.086367 0.158689
0 4 0.719517 0.062264 0.018389 0.025587 0.174243
0 4 0.759004 0.060466 0.027296 0.074057 0.079177
0 4 0.329478 0.190583 0.210154 0.076877 0.192907
2 4 0.111766 0.235613 0.433485 0.042382 0.176755
0 4 0.505076 0.175175 0.100189 0.082722 0.136838
0 4 0.530962 0.160703 0.095014 0.090997 0.122325
0 4 0.491034 0.170598 0.113301 0.085420 0.139647
0 4 0.773062 0.055686 0.024412 0.070785 0.076054
0 4 0.393170 0.180915 0.156557 0.066433 0.202925
0 4 0.705231 0.079083 0.036885 0.071830 0.106970
0 4 0.775521 0.052903 0.015495 0.028410 0.127671
2 4 0.096490 0.195774 0.475866 0.040116 0.191754
0 4 0.683110 0.083020 0.035808 0.056290 0.141773
0 4 0.827169 0.035590 0.011637 0.037786 0.087818
0 4 0.488034 0.139206 0.120620 0.086903 0.165237
2 4 0.014588 0.162856 0.701776 0.009299 0.111481
2 4 0.070476 0.186335 0.542292 0.036838 0.164059
2 4 0.029828 0.238278 0.579640 0.014029 0.138226
2 4 0.092022 0.181574 0.504907 0.042322 0.179174
2 4 0.016125 0.175085 0.682932 0.009679 0.116179
0 1 0.886520 0.022923 0.006451 0.031467 0.052639
1 1 0.059901 0.485587 0.271568 0.010523 0.172422
1 1 0.056919 0.489862 0.270909 0.009788 0.172521
1 1 0.045752 0.507084 0.267469 0.007188 0.172508
1 1 0.107095 0.448874 0.250322 0.018678 0.175031
0 1 0.569497 0.151884 0.059912 0.042494 0.176212
1 1 0.187410 0.387087 0.201550 0.027438 0.196514
1 1 0.036331 0.523659 0.262961 0.005196 0.171853
1 1 0.058019 0.500673 0.274825 0.010139 0.156344
1 1 0.132044 0.418265 0.191911 0.014446 0.243334
1 1 0.058274 0.487906 0.271220 0.010120 0.172481
1 1 0.052166 0.496937 0.269649 0.008651 0.172597
1 1 0.041719 0.513898 0.265757 0.006311 0.172315
1 1 0.039624 0.517595 0.264746 0.005870 0.172166
1 1 0.107988 0.432672 0.249268 0.019464 0.190609
1 1 0.050109 0.486891 0.281832 0.008636 0.172532
2 1 0.035684 0.368388 0.423076 0.009581 0.163272
2 1 0.033926 0.301706 0.499585 0.012039 0.152743
1 1 0.149685 0.399785 0.253059 0.033350 0.164121
2 1 0.041144 0.298949 0.491407 0.015229 0.153271
2 1 0.034875 0.304777 0.494621 0.012260 0.153467
0 1 0.953907 0.005969 0.001090 0.013182 0.025852
2 1 0.002683 0.092715 0.828091 0.002139 0.074372
2 1 0.005622 0.116410 0.785421 0.004187 0.088359
2 1 0.005797 0.098463 0.809568 0.005159 0.081013
2 1 0.002516 0.052467 0.887498 0.003455 0.054063
2 2 0.002350 0.049076 0.893370 0.003388 0.051815
2 2 0.001910 0.041072 0.907746 0.003113 0.046159
2 2 0.000579 0.026580 0.938758 0.001082 0.033001
2 2 0.003634 0.060759 0.870679 0.004703 0.060225
2 2 0.001021 0.032553 0.925988 0.001797 0.038641
2 2 0.000736 0.022124 0.945213 0.001722 0.030205
2 2 0.000843 0.024650 0.940191 0.001842 0.032474
2 2 0.000624 0.021357 0.947322 0.001454 0.029242
2 2 0.001619 0.036047 0.917110 0.002877 0.042347
2 2 0.000570 0.016919 0.955527 0.001611 0.025373
2 2 0.000615 0.024782 0.941523 0.001244 0.031835
2 2 0.000710 0.029164 0.933516 0.001275 0.035334
2 2 0.000682 0.024963 0.940740 0.001403 0.032211
2 2 0.001140 0.034262 0.922526 0.001962 0.040110
2 2 0.000351 0.013501 0.963579 0.001095 0.021473
2 2 0.000650 0.024535 0.941694 0.001344 0.031778
2 2 0.000663 0.021808 0.946263 0.001537 0.029729
2 2 0.000762 0.025969 0.938499 0.001549 0.033220
2 2 0.000297 0.018963 0.954244 0.000650 0.025846
2 2 0.000734 0.019729 0.949368 0.001909 0.028260
2 2 0.000520 0.015781 0.957960 0.001536 0.024203
2 2 0.000799 0.025235 0.939488 0.001688 0.032789
2 2 0.001742 0.025368 0.933734 0.004370 0.034787
2 2 0.000933 0.016787 0.953121 0.002978 0.026181
2 2 0.000103 0.007551 0.977979 0.000410 0.013957
2 2 0.000793 0.017545 0.952778 0.002339 0.026546
2 2 0.020707 0.089494 0.780303 0.026342 0.083155
2 2 0.007820 0.037581 0.887211 0.021163 0.046224
2 2 0.003590 0.029648 0.918698 0.013243 0.034820
2 2 0.009587 0.040617 0.868639 0.040535 0.040622
2 2 0.060712 0.111291 0.658357 0.072767 0.096873
2 2 0.016371 0.056469 0.821444 0.054821 0.050896
0 0 0.762564 0.053595 0.028160 0.114372 0.041310
1 1 0.032099 0.514854 0.285188 0.005685 0.162175
1 2 0.019062 0.429192 0.384766 0.003738 0.163243
2 2 0.012595 0.344729 0.508726 0.005142 0.128808
1 2 0.020054 0.413608 0.398116 0.004074 0.164147
2 2 0.003938 0.143258 0.764240 0.003015 0.085549
1 2 0.025393 0.408510 0.395182 0.005484 0.165431
1 2 0.021389 0.430440 0.385365 0.004825 0.157981
1 2 0.125901 0.408146 0.270964 0.030689 0.164299
1 2 0.024326 0.549469 0.253675 0.002963 0.169567
1 2 0.027755 0.541349 0.256883 0.003563 0.170451
2 2 0.014894 0.361474 0.464098 0.003532 0.156003
2 2 0.019697 0.378990 0.436256 0.004583 0.160474
2 2 0.013565 0.269676 0.572381 0.004713 0.139665
1 2 0.276030 0.297160 0.228178 0.095910 0.102722
0 0 0.857998 0.035802 0.010461 0.034751 0.060988
0 0 0.912467 0.014377 0.004048 0.031984 0.037125
0 0 0.508832 0.184810 0.108665 0.098192 0.099500
0 0 0.755743 0.058307 0.029722 0.101337 0.054891
0 0 0.468523 0.204760 0.125274 0.098725 0.102719
0 0 0.538505 0.151900 0.097114 0.118905 0.093576
0 0 0.483395 0.190801 0.118652 0.103281 0.103871
0 0 0.422671 0.235658 0.141699 0.086311 0.113661
1 1 0.297391 0.302927 0.198853 0.072834 0.127995
