0 0 0.815386 0.114382 0.028909 0.000197 0.041126
0 0 0.762481 0.151075 0.028623 0.000179 0.057642
0 0 0.432527 0.424044 0.091115 0.000168 0.052146
1 1 0.185797 0.586518 0.188238 0.000386 0.039062
0 1 0.587524 0.234453 0.072984 0.002369 0.102670
0 1 0.914812 0.031021 0.008381 0.000563 0.045224
1 1 0.289870 0.520007 0.141160 0.000317 0.048646
1 1 0.132395 0.599409 0.231085 0.000676 0.036436
1 1 0.137115 0.579325 0.239750 0.001163 0.042647
1 1 0.087526 0.577896 0.295487 0.002048 0.037043
1 2 0.054528 0.492023 0.409053 0.006438 0.037957
2 2 0.027242 0.273201 0.661308 0.014272 0.023977
2 2 0.094235 0.409958 0.436965 0.004528 0.054314
2 2 0.079475 0.354894 0.512827 0.005629 0.047175
2 2 0.012097 0.114585 0.832656 0.022286 0.018376
2 2 0.061507 0.281396 0.600167 0.012651 0.044280
2 2 0.032595 0.164941 0.701599 0.063547 0.037318
2 3 0.059416 0.074075 0.682461 0.150706 0.033343
2 3 0.044776 0.207321 0.641258 0.066452 0.040194
2 3 0.018396 0.033032 0.664667 0.268262 0.015643
2 3 0.053516 0.066962 0.569686 0.274291 0.035546
2 3 0.028810 0.045296 0.522146 0.382980 0.020767
3 3 0.018939 0.009629 0.112538 0.852098 0.006796
3 3 0.030463 0.021784 0.252428 0.677834 0.017491
2 3 0.092602 0.189217 0.590683 0.052035 0.075463
1 2 0.363753 0.393069 0.177183 0.002241 0.063755
1 2 0.179956 0.549606 0.216089 0.001408 0.052940
2 2 0.235103 0.215693 0.477136 0.011716 0.060352
1 2 0.167888 0.531825 0.241270 0.002111 0.056906
1 2 0.156480 0.558333 0.239812 0.000891 0.044484
2 2 0.013612 0.036023 0.778344 0.158725 0.013296
2 2 0.007618 0.020830 0.804839 0.160002 0.006711
2 2 0.011973 0.027137 0.795500 0.155315 0.010075
2 3 0.006460 0.014542 0.767976 0.206455 0.004568
3 3 0.017193 0.013472 0.250760 0.710864 0.007711
3 3 0.016423 0.007337 0.092131 0.879068 0.005041
3 3 0.013903 0.005426 0.074286 0.902758 0.003627
3 3 0.012103 0.006323 0.121504 0.856031 0.004039
3 3 0.010562 0.002732 0.037434 0.947622 0.001650
3 3 0.010558 0.002731 0.037427 0.947635 0.001649
3 3 0.019608 0.006790 0.060605 0.908722 0.004276
3 3 0.011852 0.003217 0.040594 0.942382 0.001955
3 3 0.010384 0.002667 0.036991 0.948347 0.001609
3 3 0.011255 0.002990 0.039147 0.944797 0.001812
3 3 0.009727 0.002432 0.035327 0.951052 0.001462
3 3 0.010469 0.002698 0.037203 0.948001 0.001629
3 3 0.004380 0.000789 0.020077 0.974299 0.000455
3 3 0.014676 0.004359 0.047154 0.931132 0.002679
3 3 0.007994 0.001842 0.030757 0.958310 0.001096
3 3 0.005647 0.001128 0.024048 0.968518 0.000659
3 3 0.008949 0.002161 0.033310 0.954287 0.001294
3 3 0.010975 0.002885 0.038461 0.945933 0.001746
3 3 0.007017 0.001533 0.028048 0.962497 0.000906
3 3 0.010895 0.002855 0.038262 0.946261 0.001727
3 3 0.006465 0.001365 0.026469 0.964897 0.000803
3 3 0.007197 0.001588 0.028556 0.961719 0.000940
3 3 0.005718 0.001148 0.024261 0.968202 0.000671
3 3 0.006377 0.001339 0.026211 0.965285 0.000787
3 3 0.008529 0.002019 0.032197 0.956051 0.001205
3 3 0.008119 0.001883 0.031098 0.957778 0.001122
3 3 0.010727 0.002793 0.037847 0.946944 0.001688
3 3 0.006596 0.001404 0.026847 0.964325 0.000827
3 3 0.006640 0.001418 0.026973 0.964134 0.000835
3 3 0.007626 0.001724 0.029750 0.959877 0.001023
3 3 0.004592 0.000843 0.020762 0.973316 0.000487
3 3 0.004895 0.000923 0.021728 0.971919 0.000535
3 3 0.005246 0.001017 0.022822 0.970323 0.000592
3 3 0.004241 0.000754 0.019623 0.974948 0.000434
3 3 0.004808 0.000900 0.021454 0.972317 0.000521
3 3 0.003827 0.000653 0.018242 0.976904 0.000374
3 3 0.006569 0.001396 0.026768 0.964445 0.000822
3 3 0.004016 0.000698 0.018878 0.976007 0.000401
3 3 0.006395 0.001345 0.026266 0.965203 0.000791
3 3 0.004951 0.000937 0.021904 0.971663 0.000544
3 3 0.007571 0.001706 0.029599 0.960111 0.001012
3 3 0.004227 0.000750 0.019577 0.975014 0.000432
3 3 0.004868 0.000915 0.021642 0.972044 0.000531
3 3 0.005243 0.001016 0.022815 0.970333 0.000592
3 3 0.004837 0.000907 0.021544 0.972186 0.000526
3 3 0.004364 0.000785 0.020025 0.974374 0.000453
3 3 0.004311 0.000772 0.019854 0.974619 0.000445
3 3 0.005714 0.001147 0.024250 0.968218 0.000671
3 3 0.005587 0.001111 0.023867 0.968785 0.000649
3 3 0.003372 0.000546 0.016670 0.979101 0.000311
3 3 0.003619 0.000603 0.017530 0.977904 0.000344
3 3 0.004223 0.000749 0.019563 0.975034 0.000431
3 3 0.005127 0.000985 0.022454 0.970862 0.000573
3 3 0.004677 0.000865 0.021036 0.972922 0.000501
3 3 0.002752 0.000410 0.014422 0.982184 0.000231
3 3 0.007709 0.001750 0.029977 0.959525 0.001039
3 3 0.005259 0.001021 0.022864 0.970262 0.000594
3 3 0.012818 0.003596 0.042889 0.938503 0.002194
3 3 0.006754 0.001452 0.027301 0.963636 0.000857
3 3 0.008433 0.001987 0.031942 0.956452 0.001186
3 3 0.009816 0.002463 0.035553 0.950687 0.001482
3 3 0.005526 0.001094 0.023681 0.969061 0.000639
3 3 0.007625 0.001723 0.029747 0.959882 0.001023
3 3 0.008366 0.001965 0.031763 0.956734 0.001172
3 3 0.004450 0.000807 0.020306 0.973971 0.000466
3 3 0.006291 0.001314 0.025960 0.965663 0.000772
3 3 0.006599 0.001406 0.026857 0.964310 0.000828
3 3 0.005410 0.001062 0.023327 0.969582 0.000619
3 3 0.004083 0.000715 0.019101 0.975691 0.000411
3 3 0.006007 0.001231 0.025126 0.966914 0.000722
3 3 0.005076 0.000971 0.022297 0.971091 0.000564
3 3 0.013246 0.003768 0.043889 0.936794 0.002303
3 3 0.095338 0.065919 0.337171 0.469360 0.032211
2 3 0.123678 0.109555 0.441042 0.270184 0.055541
3 3 0.048036 0.059045 0.401822 0.458159 0.032938
2 3 0.041828 0.036202 0.556329 0.347355 0.018286
2 1 0.135938 0.189585 0.589847 0.023698 0.060932
2 1 0.146119 0.287512 0.462263 0.017433 0.086673
2 1 0.145724 0.272234 0.487493 0.020947 0.073601
2 1 0.181070 0.298769 0.424344 0.012702 0.083115
2 1 0.131060 0.259607 0.515110 0.020622 0.073601
2 1 0.184263 0.290188 0.426395 0.012832 0.086322
2 1 0.209871 0.250389 0.457112 0.010728 0.071899
2 1 0.258262 0.217816 0.438141 0.016096 0.069685
2 1 0.206904 0.155306 0.556981 0.021573 0.059236
0 1 0.425204 0.208589 0.282811 0.015565 0.067830
1 1 0.398035 0.477807 0.082161 0.000036 0.041962
0 1 0.622043 0.292033 0.042950 0.000037 0.042937
0 1 0.700085 0.216603 0.032212 0.000062 0.051039
0 0 0.869224 0.079534 0.008880 0.000028 0.042334
0 0 0.695746 0.242540 0.028194 0.000012 0.033508
0 0 0.750420 0.189071 0.022183 0.000017 0.038309
0 0 0.832151 0.113310 0.018066 0.000044 0.036429
0 0 0.794355 0.112711 0.059268 0.000841 0.032825
0 0 0.759373 0.151610 0.049007 0.000313 0.039696
0 0 0.732986 0.202466 0.031351 0.000026 0.033172
0 0 0.643345 0.287812 0.035467 0.000013 0.033363
0 0 0.543000 0.367155 0.053769 0.000024 0.036052
0 0 0.576190 0.337603 0.049691 0.000025 0.036490
0 0 0.593940 0.330727 0.039556 0.000009 0.035767
0 0 0.470053 0.435574 0.059762 0.000012 0.034599
1 0 0.440402 0.444822 0.073994 0.000035 0.040747
0 0 0.538955 0.377360 0.051084 0.000014 0.032587
1 0 0.418852 0.467820 0.068609 0.000016 0.044702
0 0 0.497763 0.414032 0.055835 0.000012 0.032359
1 0 0.341129 0.534958 0.085872 0.000018 0.038023
0 0 0.483998 0.416574 0.053707 0.000010 0.045710
1 0 0.356137 0.522584 0.080758 0.000016 0.040506
1 0 0.363850 0.515748 0.081721 0.000018 0.038662
1 0 0.316584 0.556768 0.088851 0.000015 0.037782
1 0 0.412022 0.471925 0.071602 0.000019 0.044432
1 0 0.437822 0.455648 0.062281 0.000012 0.044238
1 0 0.392476 0.498188 0.071501 0.000012 0.037822
0 0 0.455077 0.447239 0.059934 0.000010 0.037739
1 0 0.331116 0.544399 0.077819 0.000010 0.046657
1 0 0.142205 0.647650 0.165701 0.000078 0.044366
0 0 0.456752 0.389851 0.059772 0.000039 0.093587
1 0 0.371901 0.473712 0.064548 0.000013 0.089826
0 0 0.520586 0.313989 0.035843 0.000012 0.129570
1 0 0.308946 0.478788 0.055993 0.000006 0.156267
1 0 0.429785 0.437340 0.071997 0.000040 0.060838
0 0 0.533521 0.341770 0.039003 0.000009 0.085697
0 0 0.620468 0.284121 0.036602 0.000021 0.058787
0 0 0.411943 0.405327 0.049691 0.000011 0.133028
0 0 0.682387 0.222833 0.026942 0.000021 0.067817
0 0 0.425838 0.408865 0.060383 0.000029 0.104884
1 0 0.340778 0.459042 0.053208 0.000006 0.146966
0 0 0.565362 0.313405 0.040441 0.000021 0.080771
0 0 0.521065 0.341735 0.044955 0.000021 0.092224
0 0 0.589225 0.293783 0.039515 0.000028 0.077449
1 0 0.354967 0.455373 0.052437 0.000006 0.137218
0 0 0.707739 0.199744 0.029140 0.000067 0.063311
0 0 0.852042 0.090697 0.010686 0.000038 0.046537
0 0 0.930401 0.030738 0.003122 0.000024 0.035715
0 0 0.623890 0.219743 0.019127 0.000004 0.137236
0 0 0.437129 0.372713 0.042111 0.000009 0.148040
0 0 0.551834 0.320204 0.036244 0.000010 0.091707
1 0 0.367159 0.488035 0.068873 0.000014 0.075920
1 1 0.284189 0.497610 0.062915 0.000008 0.155279
1 1 0.136721 0.568036 0.089163 0.000011 0.206068
1 1 0.078870 0.505206 0.080290 0.000009 0.335625
1 1 0.201925 0.541454 0.071419 0.000007 0.185196
1 1 0.130647 0.494294 0.068329 0.000007 0.306724
1 1 0.075458 0.588387 0.120933 0.000025 0.215197
1 1 0.141925 0.551364 0.088375 0.000014 0.218322
1 1 0.079630 0.538389 0.101468 0.000020 0.280493
4 1 0.093116 0.362089 0.046552 0.000005 0.498237
4 1 0.108268 0.251457 0.026315 0.000003 0.613957
4 1 0.122655 0.275654 0.028114 0.000003 0.573574
4 1 0.099838 0.239408 0.026398 0.000004 0.634352
4 1 0.132641 0.175740 0.014082 0.000001 0.677536
4 1 0.108289 0.118094 0.010247 0.000002 0.763369
4 1 0.086195 0.203854 0.022670 0.000004 0.687276
4 1 0.138436 0.169617 0.014516 0.000002 0.677429
4 1 0.149561 0.264897 0.026800 0.000003 0.558739
4 4 0.330248 0.086025 0.008927 0.000022 0.574778
4 4 0.164141 0.294931 0.038499 0.000013 0.502416
4 4 0.206751 0.029433 0.001807 0.000002 0.762007
4 4 0.294853 0.064758 0.003620 0.000001 0.636768
4 4 0.127539 0.188880 0.014577 0.000001 0.669003
4 4 0.314805 0.277137 0.029699 0.000009 0.378351
4 4 0.105033 0.288554 0.032959 0.000004 0.573449
4 4 0.193109 0.169295 0.017765 0.000008 0.619823
4 4 0.123427 0.111039 0.008498 0.000001 0.757035
4 4 0.117236 0.038131 0.002681 0.000002 0.841950
4 4 0.242355 0.031659 0.001683 0.000001 0.724302
4 4 0.277083 0.031116 0.001868 0.000002 0.689931
4 4 0.373656 0.038745 0.002697 0.000005 0.584896
4 4 0.092024 0.022463 0.001407 0.000001 0.884105
4 4 0.063463 0.272500 0.034275 0.000004 0.629758
4 4 0.161132 0.276303 0.028300 0.000003 0.534262
4 4 0.112082 0.186007 0.017248 0.000002 0.684661
4 0 0.109760 0.285686 0.031249 0.000003 0.573302
4 0 0.063468 0.323239 0.047774 0.000008 0.565512
4 0 0.294609 0.276594 0.027581 0.000005 0.401211
0 0 0.426009 0.307077 0.035136 0.000013 0.231765
1 0 0.392746 0.469095 0.075219 0.000030 0.062910
0 0 0.615178 0.263280 0.034953 0.000032 0.086558
0 0 0.609294 0.286018 0.045856 0.000070 0.058762
0 0 0.487844 0.331687 0.044851 0.000028 0.135590
1 0 0.300876 0.518873 0.113669 0.000117 0.066465
1 0 0.360100 0.476579 0.084066 0.000050 0.079206
0 0 0.449057 0.407833 0.079698 0.000117 0.063295
0 0 0.778895 0.139038 0.020971 0.000115 0.060980
1 0 0.345440 0.477468 0.073349 0.000025 0.103718
1 0 0.204489 0.557765 0.099900 0.000032 0.137814
1 0 0.332548 0.469273 0.074144 0.000031 0.124003
1 0 0.226802 0.537006 0.080282 0.000015 0.155896
0 0 0.499484 0.344252 0.040223 0.000011 0.116030
0 0 0.666609 0.227788 0.025973 0.000016 0.079614
0 0 0.436091 0.414904 0.059091 0.000023 0.089892
1 0 0.310663 0.475458 0.058399 0.000008 0.155474
1 0 0.282880 0.477593 0.062902 0.000011 0.176614
1 0 0.319163 0.421155 0.048380 0.000007 0.211295
1 0 0.386700 0.454449 0.070926 0.000030 0.087895
0 0 0.608707 0.195416 0.022446 0.000024 0.173407
1 0 0.378733 0.426799 0.049814 0.000008 0.144646
1 0 0.194476 0.582178 0.083044 0.000008 0.140293
1 1 0.177241 0.571547 0.091973 0.000016 0.159224
1 1 0.310439 0.466812 0.061703 0.000012 0.161033
1 1 0.347578 0.485063 0.065803 0.000012 0.101544
1 1 0.289162 0.486235 0.062581 0.000009 0.162013
1 1 0.112505 0.613751 0.113723 0.000019 0.160002
1 1 0.305684 0.497742 0.075863 0.000022 0.120690
1 1 0.168002 0.583431 0.085567 0.000009 0.162991
1 1 0.027457 0.642135 0.218463 0.000082 0.111864
1 1 0.028084 0.667346 0.174184 0.000020 0.130367
1 1 0.022911 0.599641 0.328790 0.000566 0.048093
1 1 0.041272 0.662067 0.260507 0.000169 0.035986
2 1 0.002938 0.086967 0.878042 0.000219 0.031835
2 2 0.024345 0.449920 0.500972 0.000639 0.024125
2 2 0.002896 0.111998 0.867293 0.000815 0.016999
2 2 0.004513 0.208053 0.755853 0.000467 0.031113
2 2 0.017599 0.392361 0.537431 0.000225 0.052384
1 2 0.082754 0.661276 0.208051 0.000130 0.047788
1 2 0.216353 0.579690 0.134631 0.000102 0.069224
1 2 0.231929 0.567346 0.138104 0.000140 0.062482
1 2 0.029441 0.644538 0.146829 0.000012 0.179180
1 2 0.060679 0.591923 0.244876 0.000168 0.102355
1 2 0.044239 0.606555 0.155595 0.000041 0.193570
1 2 0.083334 0.671767 0.169729 0.000048 0.075123
1 2 0.038205 0.647576 0.244093 0.000171 0.069955
1 2 0.025504 0.675967 0.209095 0.000038 0.089396
2 2 0.005761 0.182230 0.753598 0.000209 0.058202
2 2 0.008316 0.158023 0.785308 0.000330 0.048022
2 2 0.018339 0.290143 0.623413 0.000249 0.067856
1 2 0.064949 0.487450 0.244463 0.000039 0.203098
1 2 0.129810 0.659496 0.141090 0.000032 0.069573
1 2 0.071597 0.667213 0.229497 0.000145 0.031548
2 2 0.004198 0.100998 0.864926 0.000276 0.029603
2 2 0.004788 0.114234 0.869022 0.000780 0.011175
2 2 0.008744 0.158124 0.804041 0.000683 0.028409
2 2 0.003478 0.076067 0.907452 0.000421 0.012582
2 2 0.007044 0.097049 0.876870 0.000816 0.018220
1 2 0.085164 0.456899 0.400946 0.000339 0.056652
2 2 0.046083 0.274395 0.644675 0.000499 0.034349
2 2 0.005238 0.101496 0.882019 0.002108 0.009138
2 2 0.010344 0.090589 0.879626 0.003091 0.016351
2 2 0.007069 0.110351 0.869836 0.003818 0.008927
2 2 0.007490 0.108599 0.870556 0.001957 0.011398
2 2 0.004598 0.085975 0.898635 0.001140 0.009652
2 2 0.004637 0.101569 0.879285 0.004594 0.009916
2 2 0.004411 0.107558 0.874999 0.003704 0.009328
2 2 0.008264 0.086478 0.882968 0.006021 0.016269
2 2 0.011208 0.088561 0.876848 0.006393 0.016990
2 2 0.114411 0.316895 0.530762 0.003365 0.034567
2 2 0.007320 0.085119 0.882106 0.015279 0.010176
2 2 0.016894 0.121603 0.838366 0.003877 0.019261
2 2 0.005950 0.035719 0.891376 0.058677 0.008278
2 2 0.041836 0.258662 0.666572 0.005662 0.027267
2 2 0.009243 0.142247 0.827740 0.007806 0.012963
2 2 0.001569 0.029225 0.960435 0.004908 0.003863
2 2 0.005540 0.087710 0.894020 0.003679 0.009051
2 2 0.010320 0.082018 0.885284 0.012001 0.010377
2 2 0.007744 0.103854 0.864858 0.011486 0.012058
2 2 0.006995 0.095951 0.876651 0.010838 0.009567
2 2 0.010637 0.150916 0.813903 0.009490 0.015053
2 2 0.003520 0.043530 0.932589 0.014639 0.005722
2 3 0.041536 0.113307 0.802184 0.018631 0.024342
2 3 0.016026 0.081006 0.860036 0.026897 0.016035
2 3 0.024778 0.122836 0.819294 0.009884 0.023208
2 3 0.005176 0.109794 0.871509 0.004656 0.008864
2 3 0.043713 0.304213 0.620445 0.004911 0.026718
2 3 0.019490 0.263112 0.698225 0.002399 0.016775
2 2 0.042920 0.316891 0.600696 0.004383 0.035109
2 2 0.027212 0.297310 0.655022 0.001068 0.019388
2 2 0.013443 0.138400 0.817236 0.009748 0.021173
2 2 0.004401 0.086382 0.897750 0.003043 0.008424
2 2 0.024759 0.203331 0.745930 0.001909 0.024072
2 2 0.004488 0.104832 0.872515 0.004756 0.013408
2 2 0.009024 0.069325 0.903328 0.004911 0.013412
2 2 0.006296 0.106349 0.868694 0.002372 0.016289
2 2 0.029596 0.151836 0.788064 0.003312 0.027191
2 2 0.010071 0.079968 0.861986 0.032843 0.015131
2 2 0.023623 0.160142 0.785691 0.003724 0.026820
2 2 0.002473 0.053630 0.935570 0.002752 0.005574
2 2 0.003737 0.076800 0.910662 0.002593 0.006208
2 2 0.017242 0.201752 0.765183 0.002624 0.013199
2 2 0.011885 0.142214 0.829632 0.003378 0.012890
2 2 0.006581 0.094614 0.879644 0.008943 0.010218
2 2 0.003424 0.054812 0.932573 0.002811 0.006379
2 2 0.111771 0.394052 0.452870 0.002372 0.038936
1 2 0.046604 0.592169 0.342498 0.000515 0.018214
2 2 0.004919 0.157993 0.801251 0.000665 0.035172
1 2 0.049703 0.490412 0.418047 0.000690 0.041149
1 2 0.064423 0.642572 0.249900 0.000303 0.042802
2 2 0.013422 0.243770 0.720322 0.005026 0.017460
2 2 0.004664 0.076672 0.907447 0.002303 0.008914
2 2 0.047096 0.420392 0.498834 0.000637 0.033041
2 2 0.034632 0.293696 0.649046 0.000836 0.021790
2 2 0.032424 0.389716 0.555367 0.001357 0.021136
1 2 0.067553 0.608079 0.288465 0.000358 0.035545
1 2 0.114639 0.625902 0.230327 0.000376 0.028756
1 2 0.017300 0.553737 0.392857 0.000404 0.035702
2 2 0.013487 0.439272 0.522106 0.001074 0.024061
2 2 0.003757 0.061265 0.922717 0.001153 0.011108
2 2 0.003405 0.073783 0.914686 0.001147 0.006979
2 2 0.040308 0.297428 0.640553 0.000962 0.020749
2 2 0.006043 0.091966 0.891448 0.001283 0.009261
2 2 0.003946 0.050495 0.938057 0.001262 0.006240
1 2 0.103921 0.632309 0.236837 0.000351 0.026582
1 2 0.214859 0.588043 0.161495 0.000183 0.035420
1 2 0.064051 0.638422 0.264141 0.000376 0.033010
2 2 0.015678 0.440401 0.523661 0.001654 0.018606
2 2 0.002177 0.059697 0.928910 0.003222 0.005994
2 2 0.005159 0.150583 0.833585 0.000511 0.010162
2 2 0.007204 0.091209 0.884010 0.001317 0.016259
2 2 0.003386 0.084773 0.901214 0.003569 0.007057
2 2 0.007193 0.096664 0.882930 0.001918 0.011296
2 2 0.005216 0.069393 0.909140 0.008112 0.008139
2 2 0.005146 0.083019 0.898425 0.002416 0.010994
2 2 0.024777 0.362714 0.584016 0.000493 0.028000
1 2 0.227496 0.576487 0.158131 0.000204 0.037682
1 2 0.044008 0.642998 0.269069 0.000289 0.043637
2 2 0.003387 0.124751 0.854772 0.000882 0.016207
2 2 0.004645 0.130161 0.848522 0.000956 0.015715
1 2 0.071562 0.629548 0.272853 0.000372 0.025664
1 2 0.047934 0.639985 0.264598 0.000313 0.047169
1 2 0.060101 0.589001 0.317584 0.000351 0.032963
1 2 0.133636 0.632405 0.204516 0.000220 0.029222
1 2 0.144757 0.648093 0.157062 0.000062 0.050026
1 2 0.053058 0.708528 0.205310 0.000038 0.033066
1 1 0.067224 0.674390 0.228475 0.000119 0.029791
2 1 0.011141 0.393956 0.576658 0.001254 0.016991
1 1 0.037720 0.642104 0.297911 0.000303 0.021962
1 1 0.043306 0.658555 0.268318 0.000198 0.029623
1 2 0.169511 0.481071 0.283346 0.000377 0.065695
1 2 0.366708 0.506880 0.079082 0.000019 0.047310
1 2 0.345750 0.514781 0.082826 0.000023 0.056621
1 2 0.103324 0.562112 0.297632 0.001003 0.035928
1 2 0.288013 0.534168 0.122052 0.000097 0.055669
0 2 0.518139 0.380760 0.057863 0.000030 0.043209
0 2 0.441389 0.441005 0.065666 0.000021 0.051919
1 2 0.400747 0.470833 0.072940 0.000023 0.055457
0 2 0.552388 0.352597 0.048452 0.000020 0.046543
0 0 0.603145 0.301508 0.042119 0.000029 0.053199
0 0 0.613651 0.288044 0.030230 0.000007 0.068068
0 0 0.947517 0.016258 0.001435 0.000022 0.034768
0 0 0.913631 0.040828 0.003581 0.000014 0.041946
0 0 0.959343 0.012632 0.001681 0.000040 0.026304
0 0 0.968743 0.008908 0.001368 0.000031 0.020950
0 0 0.966243 0.008959 0.000959 0.000013 0.023827
0 0 0.944753 0.017594 0.004190 0.000222 0.033242
0 0 0.936979 0.030582 0.003066 0.000015 0.029359
0 0 0.975348 0.007363 0.001313 0.000037 0.015939
0 0 0.964104 0.010525 0.000854 0.000010 0.024506
0 0 0.614842 0.277332 0.031576 0.000012 0.076237
1 0 0.430819 0.440328 0.056439 0.000011 0.072403
1 0 0.407856 0.451038 0.060128 0.000013 0.080965
0 0 0.660878 0.250739 0.027065 0.000009 0.061308
0 0 0.694904 0.201488 0.019791 0.000008 0.083809
0 0 0.949573 0.017142 0.002285 0.000049 0.030950
0 0 0.773261 0.156820 0.017163 0.000016 0.052740
0 0 0.787343 0.124153 0.011895 0.000011 0.076598
0 0 0.678111 0.225121 0.024074 0.000011 0.072683
0 0 0.909464 0.043892 0.003613 0.000009 0.043022
0 0 0.891825 0.030631 0.003227 0.000060 0.074257
0 0 0.865220 0.041272 0.003786 0.000024 0.089698
0 0 0.841362 0.054106 0.004081 0.000007 0.100445
0 0 0.824952 0.022536 0.001344 0.000004 0.151164
0 0 0.836965 0.036803 0.002495 0.000005 0.123731
0 0 0.671806 0.131627 0.013451 0.000020 0.183096
0 0 0.601238 0.229419 0.023146 0.000010 0.146187
1 0 0.403113 0.404181 0.041475 0.000004 0.151227
0 0 0.535387 0.304743 0.032648 0.000009 0.127214
0 0 0.586551 0.211869 0.020783 0.000009 0.180789
0 0 0.621296 0.221459 0.020278 0.000006 0.136961
0 0 0.747860 0.130845 0.012504 0.000012 0.108780
0 0 0.606263 0.278975 0.026507 0.000005 0.088251
0 0 0.706118 0.155405 0.012190 0.000003 0.126283
0 0 0.467974 0.258062 0.023821 0.000005 0.250137
0 0 0.537964 0.273082 0.025250 0.000005 0.163699
0 0 0.474244 0.272355 0.022844 0.000003 0.230553
0 0 0.543737 0.286068 0.028485 0.000007 0.141704
0 0 0.465237 0.383388 0.056886 0.000033 0.094455
0 0 0.535777 0.303928 0.028555 0.000004 0.131736
0 0 0.627993 0.223619 0.020572 0.000006 0.127810
0 0 0.834762 0.078237 0.007023 0.000012 0.079966
0 0 0.727375 0.177781 0.018295 0.000012 0.076538
0 0 0.671062 0.188853 0.019110 0.000012 0.120963
0 0 0.605364 0.217709 0.017540 0.000003 0.159384
0 0 0.566484 0.214449 0.018853 0.000005 0.200209
0 0 0.546162 0.262838 0.023307 0.000004 0.167689
0 0 0.504343 0.293733 0.027380 0.000005 0.174540
1 0 0.345605 0.428583 0.047409 0.000006 0.178397
1 0 0.244467 0.443524 0.047727 0.000004 0.264278
1 0 0.270896 0.491559 0.062554 0.000008 0.174983
0 0 0.690622 0.202447 0.019421 0.000007 0.087503
0 0 0.838796 0.041670 0.003461 0.000015 0.116058
0 0 0.563588 0.272925 0.031544 0.000016 0.131927
0 0 0.747389 0.120109 0.011364 0.000013 0.121125
0 0 0.837874 0.057601 0.004227 0.000005 0.100292
0 0 0.536496 0.313980 0.031956 0.000006 0.117561
0 0 0.749243 0.159892 0.016578 0.000013 0.074273
0 0 0.891331 0.044036 0.005862 0.000085 0.058686
0 0 0.714207 0.191609 0.023962 0.000031 0.070192
0 0 0.855031 0.087416 0.011374 0.000050 0.046129
0 0 0.884367 0.054741 0.005547 0.000027 0.055318
0 0 0.725023 0.183856 0.019256 0.000012 0.071853
0 0 0.500525 0.359944 0.040808 0.000009 0.098713
0 0 0.561538 0.285767 0.025747 0.000004 0.126944
1 0 0.347737 0.472194 0.061192 0.000011 0.118866
0 0 0.842429 0.068536 0.006274 0.000015 0.082746
1 0 0.266694 0.551550 0.079086 0.000011 0.102658
1 0 0.196047 0.569361 0.075281 0.000006 0.159305
1 1 0.227471 0.573070 0.077706 0.000007 0.121745
0 1 0.430071 0.421066 0.052735 0.000011 0.096117
1 1 0.240364 0.556026 0.071613 0.000006 0.131991
1 1 0.162408 0.628583 0.103544 0.000012 0.105453
1 1 0.339668 0.504131 0.068489 0.000011 0.087700
1 1 0.163423 0.637206 0.110775 0.000015 0.088582
1 1 0.276302 0.532178 0.086800 0.000025 0.104696
1 1 0.297841 0.515161 0.073052 0.000013 0.113933
1 1 0.189709 0.584976 0.077703 0.000006 0.147607
1 1 0.101915 0.680483 0.123397 0.000011 0.094193
1 1 0.098068 0.681038 0.143834 0.000021 0.077039
1 1 0.022122 0.593317 0.368679 0.000160 0.015721
2 2 0.011104 0.437876 0.537847 0.000676 0.012498
2 2 0.007516 0.399876 0.571399 0.000456 0.020753
1 2 0.030034 0.589293 0.363002 0.000194 0.017477
2 2 0.007408 0.312789 0.670407 0.000738 0.008658
2 2 0.005555 0.220321 0.766078 0.001088 0.006958
2 2 0.025418 0.469048 0.492562 0.000367 0.012604
2 2 0.001512 0.063723 0.931145 0.000524 0.003095
2 2 0.002463 0.079987 0.910480 0.000537 0.006533
2 2 0.005204 0.081520 0.904751 0.000336 0.008189
2 2 0.005141 0.108007 0.878508 0.000439 0.007904
2 2 0.005346 0.200278 0.786685 0.000953 0.006737
2 2 0.001938 0.046732 0.947080 0.000457 0.003794
2 2 0.031550 0.397508 0.555291 0.000340 0.015312
2 2 0.042554 0.382586 0.552327 0.000423 0.022111
2 2 0.002839 0.097189 0.893984 0.000946 0.005043
2 2 0.003758 0.078793 0.907771 0.000783 0.008895
2 2 0.013388 0.270269 0.700655 0.000309 0.015379
2 2 0.003171 0.118096 0.868852 0.000635 0.009246
2 2 0.003515 0.086583 0.900441 0.002239 0.007222
2 2 0.001370 0.050879 0.942752 0.000745 0.004254
2 2 0.015799 0.323846 0.642560 0.001296 0.016499
2 2 0.008285 0.157124 0.822518 0.001242 0.010831
2 2 0.001536 0.043639 0.949061 0.000916 0.004848
1 0 0.223463 0.438316 0.301311 0.000834 0.036076
2 0 0.009288 0.219020 0.764262 0.000237 0.007194
2 0 0.007219 0.126085 0.858181 0.001095 0.007419
2 0 0.010331 0.146829 0.829752 0.002192 0.010895
2 2 0.005529 0.156493 0.827898 0.002374 0.007705
2 2 0.007755 0.222454 0.758589 0.002055 0.009148
2 2 0.004216 0.015936 0.919120 0.056381 0.004347
2 3 0.003758 0.009612 0.736464 0.246953 0.003213
2 3 0.004707 0.017890 0.844120 0.128964 0.004319
2 3 0.013785 0.021971 0.579363 0.376532 0.008350
2 3 0.006120 0.014673 0.703054 0.270795 0.005358
2 3 0.003576 0.006662 0.611243 0.375823 0.002697
3 3 0.011330 0.012579 0.369944 0.600910 0.005237
3 3 0.013537 0.015056 0.368719 0.596482 0.006206
3 3 0.014776 0.016802 0.433570 0.527481 0.007371
3 3 0.005758 0.005489 0.308861 0.677295 0.002597
3 3 0.009073 0.003985 0.090785 0.893374 0.002783
3 3 0.009821 0.003293 0.058034 0.926694 0.002158
3 3 0.012362 0.005187 0.083713 0.895166 0.003571
3 3 0.011893 0.004451 0.069507 0.911177 0.002972
3 3 0.007728 0.003145 0.082118 0.905081 0.001928
3 3 0.016517 0.009118 0.133774 0.835367 0.005224
3 3 0.009146 0.002564 0.042966 0.943722 0.001602
3 3 0.008179 0.001903 0.031259 0.957526 0.001134
3 3 0.014578 0.004362 0.047738 0.930635 0.002687
3 3 0.007508 0.001702 0.029919 0.959858 0.001013
3 3 0.011785 0.003191 0.040433 0.942653 0.001938
3 3 0.007960 0.001831 0.030665 0.958454 0.001089
3 3 0.006649 0.001421 0.027001 0.964092 0.000837
3 3 0.008787 0.002106 0.032882 0.954966 0.001259
3 3 0.008702 0.002077 0.032659 0.955320 0.001242
3 3 0.009929 0.002503 0.035841 0.950220 0.001507
3 3 0.011626 0.003395 0.045937 0.936932 0.002110
3 3 0.009208 0.002250 0.033988 0.953205 0.001349
3 3 0.007329 0.001630 0.028925 0.961151 0.000965
3 3 0.006626 0.001414 0.026934 0.964193 0.000833
3 3 0.005985 0.001225 0.025061 0.967011 0.000718
3 3 0.004437 0.000803 0.020264 0.974032 0.000464
3 3 0.010337 0.002650 0.036872 0.948543 0.001598
3 3 0.004050 0.000707 0.018991 0.975846 0.000406
3 3 0.004482 0.000815 0.020411 0.973821 0.000471
3 3 0.003362 0.000544 0.016635 0.979149 0.000309
3 3 0.009383 0.002311 0.034441 0.952479 0.001387
3 3 0.006292 0.001314 0.025963 0.965659 0.000772
3 3 0.004172 0.000737 0.019396 0.975271 0.000424
3 3 0.007244 0.001603 0.028688 0.961515 0.000949
3 3 0.006769 0.001457 0.027342 0.963573 0.000859
3 3 0.005378 0.001053 0.023228 0.969727 0.000614
3 3 0.005101 0.000978 0.022372 0.970982 0.000568
3 3 0.005303 0.001033 0.022998 0.970065 0.000601
3 3 0.005692 0.001141 0.024185 0.968315 0.000667
3 3 0.006173 0.001279 0.025614 0.966183 0.000751
3 3 0.004850 0.000911 0.021587 0.972123 0.000528
3 3 0.002936 0.000450 0.015105 0.981255 0.000254
3 3 0.006109 0.001260 0.025427 0.966464 0.000740
3 3 0.004478 0.000814 0.020397 0.973841 0.000470
3 3 0.005672 0.001135 0.024122 0.968408 0.000664
3 3 0.003329 0.000536 0.016518 0.979311 0.000305
3 3 0.005342 0.001043 0.023118 0.969889 0.000608
3 3 0.007137 0.001570 0.028388 0.961977 0.000929
3 3 0.004412 0.000797 0.020183 0.974148 0.000460
3 3 0.004050 0.000707 0.018991 0.975847 0.000406
3 3 0.005501 0.001087 0.023605 0.969172 0.000635
3 3 0.003554 0.000588 0.017306 0.978217 0.000336
3 3 0.003987 0.000691 0.018780 0.976145 0.000397
3 3 0.005636 0.001125 0.024016 0.968565 0.000658
3 3 0.019373 0.005555 0.053958 0.917619 0.003495
3 3 0.018664 0.006036 0.055383 0.916156 0.003761
3 3 0.018245 0.005946 0.054881 0.917231 0.003697
3 3 0.022061 0.007783 0.062532 0.902732 0.004891
3 3 0.041059 0.011931 0.080164 0.858883 0.007963
3 3 0.033995 0.014583 0.084120 0.857913 0.009390
3 3 0.078124 0.087597 0.294075 0.487083 0.053121
2 2 0.291852 0.285684 0.327004 0.028092 0.067367
2 2 0.027806 0.093273 0.796431 0.056800 0.025689
2 2 0.052975 0.130908 0.585754 0.169414 0.060948
2 2 0.035022 0.229931 0.649822 0.036195 0.049031
2 2 0.026905 0.112430 0.732802 0.097382 0.030481
2 2 0.035927 0.054747 0.701158 0.177815 0.030354
1 2 0.278931 0.419416 0.223014 0.003808 0.074830
2 2 0.056006 0.325640 0.526902 0.029740 0.061711
2 2 0.021808 0.160000 0.757918 0.032894 0.027379
2 2 0.025399 0.205824 0.706403 0.025791 0.036584
2 2 0.013304 0.157177 0.792766 0.013915 0.022838
1 2 0.117847 0.534916 0.254419 0.003232 0.089586
2 2 0.114818 0.394084 0.425782 0.005854 0.059462
1 2 0.083926 0.487508 0.339305 0.003302 0.085958
1 1 0.147854 0.425507 0.146521 0.001458 0.278660
1 1 0.209069 0.439705 0.141681 0.001179 0.208366
0 1 0.420151 0.338196 0.126114 0.004375 0.111165
1 1 0.148887 0.501770 0.214308 0.002996 0.132038
1 1 0.174113 0.500475 0.219620 0.003717 0.102074
1 1 0.335261 0.382549 0.142109 0.004561 0.135521
0 0 0.529524 0.288622 0.096756 0.001715 0.083382
0 0 0.391387 0.311637 0.088229 0.001729 0.207018
4 0 0.224938 0.322048 0.090802 0.001108 0.361104
4 0 0.109018 0.046571 0.003884 0.000003 0.840524
4 0 0.223883 0.030118 0.001847 0.000002 0.744150
4 0 0.187332 0.032711 0.001918 0.000001 0.778037
4 0 0.113205 0.052550 0.004702 0.000004 0.829539
4 0 0.230435 0.024086 0.001202 0.000001 0.744277
4 0 0.148086 0.027896 0.001803 0.000002 0.822214
0 0 0.486181 0.038876 0.002700 0.000006 0.472236
0 0 0.520295 0.035607 0.002300 0.000004 0.441793
4 0 0.377801 0.071197 0.008680 0.000070 0.542252
4 0 0.414585 0.031363 0.001790 0.000002 0.552259
4 0 0.196631 0.036801 0.002796 0.000004 0.763768
4 0 0.089093 0.084024 0.007098 0.000002 0.819784
4 2 0.067563 0.084643 0.008671 0.000004 0.839119
4 4 0.130336 0.035592 0.002978 0.000005 0.831089
4 4 0.239651 0.035512 0.002481 0.000003 0.722353
4 4 0.140420 0.017630 0.000773 0.000000 0.841177
4 4 0.107609 0.032457 0.002270 0.000001 0.857663
4 4 0.161019 0.026043 0.001543 0.000001 0.811394
4 4 0.259607 0.027596 0.001510 0.000001 0.711286
4 4 0.187153 0.035065 0.002588 0.000004 0.775191
4 4 0.173458 0.063244 0.005277 0.000004 0.758017
4 4 0.124789 0.055655 0.005444 0.000008 0.814104
4 4 0.063041 0.147353 0.016589 0.000004 0.773014
4 4 0.148784 0.077913 0.006596 0.000003 0.766704
4 4 0.184632 0.034530 0.002301 0.000002 0.778534
4 4 0.163913 0.052205 0.004270 0.000004 0.779608
4 4 0.081140 0.106245 0.010978 0.000004 0.801633
4 4 0.114128 0.159400 0.014958 0.000002 0.711513
4 4 0.109499 0.233995 0.026325 0.000004 0.630177
4 4 0.156260 0.052642 0.004206 0.000003 0.786889
0 4 0.562712 0.255867 0.031207 0.000024 0.150191
1 4 0.196555 0.519454 0.065643 0.000006 0.218342
1 1 0.093409 0.533511 0.092731 0.000015 0.280334
1 1 0.183705 0.492932 0.065308 0.000008 0.258047
1 1 0.248205 0.479024 0.068599 0.000016 0.204156
1 1 0.258695 0.373568 0.039817 0.000005 0.327916
1 1 0.216507 0.491149 0.066072 0.000010 0.226261
1 1 0.190296 0.520909 0.067258 0.000006 0.221531
1 0 0.289670 0.435998 0.065969 0.000028 0.208335
1 0 0.344530 0.407966 0.074284 0.000094 0.173127
1 0 0.202994 0.415692 0.046468 0.000004 0.334841
1 0 0.170523 0.535049 0.078588 0.000011 0.215829
1 0 0.066001 0.599990 0.115059 0.000014 0.218936
1 0 0.102835 0.496732 0.071406 0.000007 0.329020
1 0 0.129487 0.573308 0.118944 0.000047 0.178214
1 0 0.245564 0.476952 0.071148 0.000020 0.206316
1 0 0.074710 0.584420 0.111872 0.000017 0.228980
0 0 0.473511 0.355716 0.058195 0.000068 0.112509
0 0 0.523802 0.334175 0.044800 0.000025 0.097198
0 0 0.646971 0.235594 0.028396 0.000022 0.089017
0 0 0.474936 0.380498 0.058329 0.000040 0.086197
1 0 0.195846 0.490208 0.086300 0.000039 0.227606
4 0 0.041640 0.208341 0.047413 0.000053 0.702553
4 0 0.041641 0.208341 0.047412 0.000053 0.702553
4 0 0.041641 0.208341 0.047412 0.000053 0.702553
4 0 0.041641 0.208341 0.047412 0.000053 0.702553
4 0 0.040028 0.245986 0.050169 0.000036 0.663780
1 1 0.220240 0.515069 0.096284 0.000053 0.168354
1 1 0.305645 0.477572 0.084653 0.000055 0.132076
1 1 0.130733 0.499924 0.072483 0.000009 0.296851
1 1 0.049603 0.558334 0.127147 0.000030 0.264885
1 1 0.048813 0.561289 0.111002 0.000014 0.278882
1 1 0.047349 0.535874 0.103676 0.000013 0.313088
1 1 0.032322 0.618014 0.170153 0.000040 0.179472
1 1 0.008813 0.571870 0.274964 0.000175 0.144179
1 1 0.046867 0.646996 0.161412 0.000031 0.144694
1 1 0.083153 0.660503 0.143827 0.000026 0.112491
1 1 0.053246 0.660789 0.155821 0.000025 0.130119
1 1 0.238525 0.547050 0.102844 0.000047 0.111535
1 1 0.059316 0.640322 0.134273 0.000017 0.166072
1 1 0.048474 0.649168 0.144818 0.000018 0.157521
1 1 0.046793 0.635268 0.136055 0.000015 0.181869
1 1 0.023905 0.641143 0.216159 0.000068 0.118725
1 1 0.149087 0.556527 0.089193 0.000014 0.205179
1 1 0.095611 0.660717 0.160969 0.000049 0.082655
1 1 0.040738 0.514563 0.105021 0.000016 0.339662
1 1 0.020333 0.624999 0.224021 0.000084 0.130564
1 1 0.021994 0.642604 0.246908 0.000110 0.088385
1 1 0.017213 0.574826 0.269687 0.000275 0.137999
2 2 0.006148 0.190647 0.649131 0.000225 0.153850
2 2 0.007066 0.418942 0.523609 0.000299 0.050085
2 2 0.006681 0.129590 0.784528 0.000303 0.078898
2 2 0.008146 0.275531 0.657325 0.000749 0.058250
1 2 0.149876 0.601911 0.147881 0.000105 0.100228
2 2 0.003181 0.118684 0.814402 0.000147 0.063585
2 2 0.008755 0.166746 0.785389 0.000489 0.038620
2 2 0.001749 0.100579 0.876977 0.000694 0.020002
2 2 0.012035 0.294041 0.570847 0.000178 0.122899
2 2 0.004951 0.208439 0.748292 0.000601 0.037717
2 2 0.052190 0.379039 0.408586 0.001098 0.159087
2 2 0.017090 0.298345 0.664340 0.000410 0.019815
2 2 0.041829 0.258905 0.673420 0.000750 0.025096
2 2 0.002833 0.085202 0.905260 0.001492 0.005213
2 2 0.003571 0.146435 0.838907 0.001469 0.009618
2 2 0.002642 0.054233 0.936270 0.000627 0.006228
2 2 0.009086 0.101581 0.872350 0.001160 0.015823
2 2 0.005049 0.155052 0.829713 0.002073 0.008113
2 2 0.002762 0.067365 0.921971 0.000634 0.007268
2 2 0.002981 0.086029 0.903120 0.001758 0.006112
2 2 0.005355 0.163186 0.821401 0.001877 0.008182
1 2 0.032807 0.549816 0.396789 0.001568 0.019020
2 2 0.003598 0.097849 0.891036 0.001225 0.006292
2 2 0.003452 0.066796 0.922487 0.001640 0.005624
2 2 0.004607 0.113901 0.869147 0.003341 0.009004
2 2 0.022551 0.287582 0.671661 0.002243 0.015962
2 2 0.092402 0.402322 0.466557 0.001327 0.037392
2 2 0.015408 0.251278 0.714542 0.001039 0.017733
2 2 0.024785 0.345100 0.604988 0.002486 0.022641
1 2 0.052116 0.546582 0.368669 0.001150 0.031484
2 2 0.002589 0.058640 0.929841 0.002929 0.006002
2 2 0.001662 0.067444 0.918468 0.001942 0.010485
2 2 0.006614 0.101907 0.872370 0.005765 0.013344
2 2 0.002562 0.106005 0.878479 0.000771 0.012184
2 2 0.007244 0.129108 0.806804 0.000701 0.056144
2 2 0.003208 0.087469 0.895976 0.001544 0.011803
2 2 0.003394 0.098006 0.875764 0.001236 0.021600
2 2 0.008720 0.198438 0.753869 0.000412 0.038560
2 2 0.004697 0.099994 0.882763 0.001505 0.011042
2 2 0.130510 0.331304 0.478560 0.002224 0.057402
2 2 0.019983 0.308562 0.630877 0.003407 0.037171
1 2 0.145154 0.544266 0.242535 0.000738 0.067308
2 2 0.019024 0.300819 0.639657 0.002248 0.038251
2 2 0.009254 0.153069 0.813741 0.001533 0.022404
2 2 0.005555 0.106311 0.865730 0.001240 0.021164
2 2 0.009658 0.168783 0.795558 0.000552 0.025449
2 2 0.002120 0.076259 0.912265 0.001108 0.008249
2 2 0.025679 0.297557 0.628597 0.001250 0.046917
2 2 0.080108 0.388154 0.494056 0.001034 0.036648
1 2 0.129245 0.613331 0.207954 0.000365 0.049105
0 1 0.591909 0.293413 0.054636 0.000154 0.059887
1 1 0.106952 0.671839 0.143860 0.000026 0.077324
1 1 0.054201 0.652882 0.262066 0.000245 0.030606
1 1 0.030883 0.622073 0.302294 0.000447 0.044302
1 1 0.039482 0.608436 0.323517 0.000517 0.028047
2 2 0.006624 0.180099 0.797235 0.002859 0.013184
2 2 0.003009 0.103190 0.883317 0.002127 0.008357
2 2 0.013744 0.204613 0.753492 0.000756 0.027396
2 2 0.023744 0.238818 0.717597 0.001116 0.018725
2 2 0.047491 0.415676 0.500907 0.000459 0.035466
2 2 0.017504 0.186730 0.778159 0.001554 0.016054
1 2 0.212732 0.587809 0.138522 0.000101 0.060835
1 2 0.241256 0.572007 0.110127 0.000043 0.076567
1 2 0.059961 0.662046 0.226051 0.000144 0.051797
1 2 0.055074 0.665373 0.231382 0.000138 0.048032
1 2 0.217715 0.591851 0.150860 0.000129 0.039446
1 1 0.060929 0.674063 0.186185 0.000055 0.078768
0 0 0.596838 0.259090 0.087175 0.000682 0.056214
1 0 0.281168 0.554804 0.121450 0.000082 0.042495
1 0 0.286893 0.557050 0.098534 0.000029 0.057494
0 0 0.409764 0.366743 0.179765 0.001061 0.042667
0 0 0.508856 0.278397 0.029577 0.000010 0.183159
1 1 0.219183 0.523733 0.086283 0.000026 0.170774
1 1 0.357822 0.424065 0.061198 0.000025 0.156890
0 1 0.489477 0.217175 0.022055 0.000011 0.271282
4 1 0.161305 0.209080 0.022778 0.000006 0.606831
4 1 0.077104 0.399016 0.068347 0.000018 0.455515
1 1 0.062738 0.425640 0.095226 0.000056 0.416340
4 1 0.037946 0.367310 0.081066 0.000035 0.513643
4 1 0.069888 0.273807 0.045296 0.000020 0.610989
4 1 0.084439 0.296709 0.045957 0.000016 0.572880
4 1 0.119872 0.362989 0.055794 0.000018 0.461328
4 1 0.096376 0.237946 0.028143 0.000005 0.637530
4 1 0.084274 0.295150 0.038705 0.000006 0.581865
4 1 0.101788 0.282086 0.041058 0.000014 0.575054
4 1 0.174701 0.262958 0.035939 0.000020 0.526383
4 1 0.071438 0.193227 0.024749 0.000007 0.710579
4 1 0.185481 0.161540 0.023478 0.000047 0.629455
4 1 0.102626 0.114239 0.011909 0.000005 0.771220
4 1 0.055452 0.157769 0.021508 0.000008 0.765264
4 4 0.264957 0.036616 0.002568 0.000004 0.695855
4 4 0.089385 0.302621 0.097156 0.000922 0.509915
4 4 0.391276 0.042323 0.003179 0.000007 0.563215
4 4 0.204357 0.098472 0.009225 0.000007 0.687940
4 4 0.175608 0.185716 0.021554 0.000011 0.617111
4 4 0.216403 0.051325 0.004634 0.000010 0.727628
4 4 0.407994 0.048310 0.004085 0.000013 0.539598
4 4 0.230807 0.026463 0.001435 0.000001 0.741293
4 4 0.270800 0.084957 0.008340 0.000013 0.635889
4 4 0.266156 0.074068 0.008864 0.000044 0.650869
4 4 0.407935 0.037871 0.002565 0.000005 0.551626
4 4 0.173931 0.020945 0.001000 0.000000 0.804124
4 4 0.249686 0.032771 0.002109 0.000002 0.715431
4 4 0.208345 0.040212 0.003256 0.000006 0.748180
4 4 0.357540 0.022737 0.000987 0.000000 0.618736
4 4 0.124782 0.106996 0.011078 0.000006 0.757137
4 4 0.383059 0.029585 0.001612 0.000002 0.585742
4 4 0.240346 0.029100 0.001700 0.000001 0.728852
4 4 0.164150 0.058352 0.005118 0.000006 0.772374
4 4 0.196735 0.035473 0.002608 0.000004 0.765180
4 4 0.194020 0.116996 0.010566 0.000005 0.678413
4 4 0.223057 0.034108 0.002340 0.000003 0.740492
4 4 0.238167 0.033017 0.002164 0.000002 0.726649
4 4 0.302448 0.034338 0.002212 0.000003 0.660998
4 4 0.388191 0.027287 0.001381 0.000001 0.583141
4 4 0.333341 0.018968 0.000708 0.000000 0.646983
4 4 0.391183 0.040263 0.002890 0.000006 0.565658
4 4 0.211822 0.193648 0.023849 0.000018 0.570663
4 4 0.285873 0.037510 0.002645 0.000004 0.673968
4 4 0.191949 0.020668 0.000947 0.000000 0.786435
4 4 0.202084 0.023207 0.001161 0.000001 0.773547
4 4 0.275747 0.029981 0.001743 0.000002 0.692527
4 4 0.104685 0.037285 0.002889 0.000002 0.855138
4 4 0.237031 0.039876 0.003099 0.000006 0.719988
4 4 0.189440 0.055471 0.006170 0.000025 0.748893
4 4 0.153816 0.099880 0.012807 0.000028 0.733469
4 4 0.204600 0.033558 0.002322 0.000003 0.759517
4 4 0.136187 0.030497 0.002192 0.000002 0.831122
4 4 0.134053 0.111690 0.015466 0.000034 0.738758
4 4 0.086962 0.040486 0.003967 0.000007 0.868579
4 4 0.098165 0.061307 0.005648 0.000004 0.834875
4 4 0.261483 0.238555 0.033419 0.000038 0.466505
4 4 0.113731 0.345339 0.047843 0.000010 0.493076
1 4 0.033289 0.439512 0.109356 0.000046 0.417797
4 4 0.037019 0.417804 0.099833 0.000045 0.445300
1 4 0.058414 0.458140 0.091048 0.000024 0.392374
4 4 0.135080 0.352686 0.072973 0.000109 0.439152
4 4 0.044176 0.371917 0.065778 0.000012 0.518116
1 1 0.054645 0.461057 0.085248 0.000015 0.399036
4 1 0.045881 0.253881 0.041215 0.000012 0.659012
4 1 0.062832 0.303897 0.051139 0.000017 0.582115
4 1 0.032843 0.353307 0.085578 0.000051 0.528221
4 1 0.094998 0.300176 0.047309 0.000020 0.557498
1 1 0.043810 0.425804 0.405661 0.004916 0.119809
1 1 0.087579 0.420287 0.073897 0.000022 0.418214
4 2 0.180611 0.343636 0.078912 0.000269 0.396572
4 2 0.039067 0.379847 0.075009 0.000019 0.506059
4 2 0.046210 0.369622 0.081348 0.000043 0.502778
1 2 0.056142 0.517957 0.136724 0.000089 0.289087
4 2 0.037681 0.229426 0.034776 0.000007 0.698110
1 2 0.129920 0.534951 0.100926 0.000033 0.234169
1 2 0.073050 0.546343 0.139572 0.000090 0.240945
4 2 0.033578 0.406694 0.112080 0.000090 0.447558
4 2 0.062264 0.352190 0.058332 0.000013 0.527200
4 2 0.032996 0.393066 0.114888 0.000127 0.458923
1 2 0.053125 0.439839 0.091419 0.000030 0.415588
4 2 0.053204 0.310751 0.047335 0.000008 0.588701
1 2 0.025009 0.448435 0.126949 0.000064 0.399544
1 2 0.045959 0.429567 0.148237 0.000408 0.375828
1 2 0.137460 0.417752 0.073552 0.000037 0.371199
1 2 0.068441 0.544921 0.140839 0.000090 0.245710
1 1 0.172867 0.444387 0.305377 0.004064 0.073304
1 1 0.125682 0.549931 0.277588 0.001627 0.045171
1 1 0.197103 0.553143 0.192244 0.000813 0.056697
1 1 0.052275 0.613859 0.266646 0.000563 0.066657
1 1 0.082791 0.587726 0.267153 0.001257 0.061073
1 1 0.031177 0.487899 0.457551 0.002291 0.021082
