4 0 0.029998 0.245825 0.023204 0.000027 0.700946
4 0 0.008969 0.416587 0.042299 0.000018 0.532127
4 0 0.080272 0.113422 0.010708 0.000040 0.795558
4 0 0.109043 0.245063 0.018150 0.000039 0.627705
4 0 0.011482 0.363368 0.030402 0.000013 0.594735
4 1 0.010136 0.161920 0.027494 0.000076 0.800373
1 0 0.015796 0.492862 0.019421 0.000003 0.471917
4 0 0.012779 0.337400 0.025389 0.000010 0.624420
4 0 0.007166 0.424779 0.034130 0.000009 0.533916
4 0 0.007303 0.401046 0.026291 0.000006 0.565354
4 1 0.006729 0.455108 0.046108 0.000016 0.492039
1 1 0.004649 0.483263 0.048799 0.000013 0.463276
1 1 0.005937 0.476697 0.051789 0.000012 0.465566
1 1 0.003902 0.500403 0.058718 0.000015 0.436964
1 1 0.007093 0.468473 0.061370 0.000024 0.463041
4 1 0.003919 0.465885 0.052984 0.000017 0.477195
1 1 0.006247 0.475235 0.054567 0.000021 0.463930
4 1 0.005491 0.412430 0.053442 0.000028 0.528610
4 1 0.007888 0.431709 0.063266 0.000043 0.497094
4 1 0.004421 0.453629 0.052440 0.000018 0.489491
1 1 0.004626 0.516131 0.080929 0.000016 0.398298
1 1 0.005390 0.519066 0.097566 0.000020 0.377957
1 1 0.004067 0.527160 0.102768 0.000016 0.365988
1 1 0.005570 0.512040 0.086201 0.000028 0.396161
4 1 0.004637 0.451593 0.058267 0.000025 0.485478
1 1 0.004211 0.496469 0.112997 0.000045 0.386279
1 1 0.002507 0.561478 0.125728 0.000062 0.310224
1 2 0.014207 0.428804 0.159100 0.000543 0.397346
4 2 0.008299 0.458175 0.068413 0.000046 0.465067
1 2 0.003815 0.497144 0.166270 0.000074 0.332697
2 2 0.002156 0.071609 0.860597 0.012122 0.053517
2 2 0.000677 0.023551 0.933933 0.015094 0.026745
2 2 0.000905 0.039022 0.896533 0.016929 0.046612
2 2 0.001185 0.048466 0.888374 0.016732 0.045243
2 2 0.000913 0.038203 0.904572 0.018863 0.037450
2 2 0.001538 0.082831 0.820032 0.013158 0.082441
2 2 0.003992 0.114740 0.640115 0.037229 0.203923
2 2 0.003635 0.100844 0.615817 0.054235 0.225469
2 2 0.002145 0.100354 0.696226 0.028745 0.172530
2 2 0.002347 0.034513 0.729668 0.145030 0.088443
2 2 0.001819 0.067246 0.705474 0.063088 0.162372
2 3 0.013174 0.120962 0.401530 0.096740 0.367593
2 3 0.003545 0.123441 0.572917 0.038343 0.261754
3 3 0.006831 0.046613 0.297679 0.419216 0.229661
2 3 0.011343 0.115199 0.432349 0.209909 0.231199
3 3 0.004205 0.023693 0.203597 0.650386 0.118120
3 3 0.002810 0.033864 0.303261 0.438688 0.221377
3 3 0.003421 0.026864 0.227444 0.578704 0.163568
3 3 0.001021 0.007785 0.108549 0.804273 0.078372
4 3 0.002013 0.031192 0.230655 0.351361 0.384779
3 3 0.000822 0.003075 0.051596 0.924024 0.020484
3 3 0.001137 0.004603 0.069040 0.894020 0.031199
3 3 0.001186 0.006820 0.092235 0.856640 0.043119
3 3 0.002519 0.012084 0.128537 0.804450 0.052410
3 3 0.001070 0.007314 0.098955 0.842352 0.050309
3 3 0.000847 0.003171 0.052749 0.922043 0.021190
3 3 0.000834 0.005163 0.077611 0.879646 0.036747
3 3 0.000702 0.003834 0.060902 0.902050 0.032512
3 3 0.000787 0.004835 0.072922 0.875679 0.045776
3 3 0.000785 0.003856 0.062383 0.905043 0.027933
3 3 0.001843 0.005794 0.070155 0.893685 0.028523
3 3 0.001224 0.003704 0.054295 0.925832 0.014945
3 3 0.002736 0.010726 0.102319 0.817289 0.066930
3 3 0.001444 0.004536 0.059734 0.913060 0.021226
3 3 0.001329 0.005013 0.063427 0.898496 0.031735
3 3 0.001079 0.003663 0.054673 0.923842 0.016743
3 3 0.000876 0.002985 0.047025 0.933916 0.015198
3 3 0.002349 0.010266 0.105489 0.830136 0.051759
3 3 0.001692 0.007188 0.082189 0.869685 0.039245
3 3 0.002199 0.007843 0.084684 0.868872 0.036401
3 3 0.001744 0.005767 0.071746 0.897163 0.023580
3 3 0.002243 0.007732 0.083984 0.872551 0.033489
3 3 0.001316 0.003773 0.054007 0.927286 0.013619
3 3 0.001520 0.005762 0.072448 0.893748 0.026523
3 3 0.001872 0.006323 0.072407 0.889727 0.029671
3 3 0.001870 0.006258 0.076030 0.889676 0.026167
3 3 0.003109 0.010361 0.097422 0.833659 0.055449
3 3 0.001066 0.003488 0.051712 0.927664 0.016070
3 3 0.001909 0.006628 0.074324 0.877007 0.040131
3 3 0.000938 0.002497 0.039311 0.947214 0.010041
3 3 0.001367 0.004157 0.056718 0.917942 0.019816
3 3 0.001063 0.003036 0.046767 0.937269 0.011865
3 3 0.000889 0.002584 0.040512 0.944390 0.011624
3 3 0.001365 0.004586 0.060178 0.906025 0.027846
3 3 0.001989 0.009525 0.101217 0.833292 0.053977
3 3 0.000780 0.003209 0.049923 0.927330 0.018758
3 3 0.001095 0.003975 0.055346 0.915002 0.024582
3 3 0.001122 0.004438 0.057948 0.905506 0.030985
3 3 0.001595 0.005599 0.067209 0.892133 0.033464
3 3 0.001575 0.005016 0.062626 0.904050 0.026733
3 3 0.000915 0.003065 0.047451 0.936956 0.011614
3 3 0.001422 0.004078 0.054593 0.919940 0.019968
3 3 0.001536 0.005987 0.073648 0.892425 0.026404
3 3 0.001069 0.003176 0.046444 0.936768 0.012542
3 3 0.001076 0.002970 0.044535 0.940611 0.010808
3 3 0.001217 0.004404 0.058208 0.915827 0.020344
3 3 0.000685 0.001826 0.032324 0.957654 0.007511
3 3 0.000746 0.002471 0.041200 0.943602 0.011981
3 3 0.000671 0.002075 0.035285 0.952535 0.009434
3 3 0.000673 0.002148 0.036481 0.951941 0.008757
3 3 0.001261 0.005192 0.066484 0.900534 0.026529
3 3 0.001133 0.004113 0.056083 0.919405 0.019265
3 3 0.001024 0.003129 0.045823 0.936580 0.013444
3 3 0.000834 0.003069 0.046863 0.935098 0.014136
3 3 0.000970 0.003391 0.049473 0.931383 0.014783
3 3 0.001729 0.007774 0.086794 0.858031 0.045672
3 3 0.000754 0.002261 0.037027 0.950759 0.009198
3 3 0.000517 0.001615 0.030049 0.960328 0.007491
3 3 0.000544 0.001730 0.032240 0.957595 0.007891
3 3 0.000960 0.002459 0.038302 0.948992 0.009288
3 3 0.000648 0.002354 0.038706 0.947959 0.010333
3 3 0.000859 0.003368 0.049930 0.928494 0.017349
3 3 0.000778 0.002708 0.042695 0.940233 0.013586
3 3 0.000828 0.002726 0.042584 0.941579 0.012283
3 3 0.000900 0.002538 0.039406 0.947322 0.009834
3 3 0.001369 0.004630 0.058513 0.911378 0.024109
3 3 0.000757 0.002371 0.038232 0.947780 0.010860
3 3 0.000880 0.002998 0.044430 0.935004 0.016688
3 3 0.000564 0.001716 0.030850 0.959163 0.007707
3 3 0.000930 0.002604 0.040691 0.944051 0.011723
3 3 0.000608 0.001614 0.029340 0.962603 0.005835
3 3 0.000942 0.002669 0.040351 0.945542 0.010497
3 3 0.000991 0.002693 0.041668 0.945480 0.009168
3 3 0.000725 0.001958 0.033425 0.957275 0.006616
3 3 0.000512 0.001233 0.023950 0.969935 0.004370
3 3 0.000855 0.003111 0.047954 0.936838 0.011241
3 3 0.000599 0.001756 0.031277 0.960205 0.006163
3 3 0.000644 0.002243 0.038200 0.950256 0.008657
3 3 0.000738 0.001940 0.033117 0.957693 0.006512
3 3 0.000626 0.001437 0.026208 0.967218 0.004511
3 3 0.000627 0.002117 0.036627 0.952364 0.008265
3 3 0.000397 0.001442 0.028387 0.963507 0.006266
3 3 0.000521 0.001734 0.031101 0.959464 0.007180
3 3 0.000903 0.002800 0.042910 0.941932 0.011455
3 3 0.000768 0.002757 0.042689 0.939924 0.013863
3 3 0.000408 0.001351 0.026809 0.965726 0.005707
3 3 0.000355 0.001129 0.023686 0.969773 0.005057
3 3 0.000530 0.001278 0.024441 0.969412 0.004340
3 3 0.000517 0.001219 0.023248 0.971301 0.003714
3 3 0.000549 0.001637 0.030117 0.961451 0.006246
3 3 0.000515 0.001690 0.030330 0.960847 0.006618
3 3 0.000714 0.001746 0.030179 0.962004 0.005357
3 3 0.000525 0.001633 0.030279 0.961046 0.006516
3 3 0.000711 0.002449 0.039450 0.947639 0.009751
3 3 0.000771 0.001864 0.031478 0.959716 0.006171
3 3 0.000496 0.001669 0.031124 0.959506 0.007205
3 3 0.000855 0.002151 0.035367 0.954661 0.006966
3 3 0.000547 0.001737 0.031453 0.959760 0.006504
3 3 0.000467 0.001121 0.022229 0.972393 0.003791
3 3 0.000352 0.001034 0.021751 0.972759 0.004105
3 3 0.000485 0.001122 0.022263 0.972224 0.003906
3 3 0.000512 0.001322 0.025656 0.967319 0.005191
3 3 0.000884 0.001955 0.031676 0.957717 0.007768
3 3 0.000534 0.001194 0.023327 0.970643 0.004302
3 3 0.000492 0.001179 0.023275 0.970759 0.004296
3 3 0.000712 0.001810 0.031530 0.959735 0.006214
3 3 0.000457 0.000881 0.018499 0.977047 0.003117
3 3 0.000633 0.001234 0.023589 0.970186 0.004358
3 3 0.000466 0.000808 0.016875 0.979427 0.002424
3 3 0.000895 0.002411 0.038770 0.949782 0.008143
3 3 0.000495 0.000877 0.018051 0.977811 0.002766
3 3 0.000372 0.000722 0.016108 0.980175 0.002623
3 3 0.000472 0.000975 0.020280 0.974449 0.003824
3 3 0.001950 0.004787 0.061027 0.917209 0.015027
3 3 0.001353 0.002266 0.034152 0.956872 0.005357
2 3 0.057341 0.153141 0.432685 0.274583 0.082250
2 2 0.023790 0.137681 0.449563 0.236917 0.152049
2 2 0.030014 0.156663 0.460283 0.202561 0.150479
2 2 0.014016 0.119749 0.432983 0.204851 0.228400
2 2 0.029160 0.136327 0.416646 0.214137 0.203730
2 2 0.066060 0.218478 0.383476 0.086306 0.245680
2 1 0.021000 0.270689 0.442701 0.034767 0.230843
2 1 0.017930 0.195914 0.396848 0.039676 0.349632
4 1 0.009361 0.211890 0.377564 0.022111 0.379074
2 1 0.008659 0.114778 0.472887 0.101743 0.301933
2 1 0.015478 0.165364 0.430792 0.053176 0.335191
2 1 0.010016 0.168863 0.616901 0.021170 0.183051
2 1 0.005489 0.064534 0.531532 0.175502 0.222944
2 1 0.012207 0.163844 0.488146 0.043119 0.292683
2 1 0.029131 0.252360 0.442784 0.044995 0.230731
1 1 0.028886 0.648070 0.089902 0.000121 0.233022
1 1 0.031834 0.648590 0.124219 0.000280 0.195077
1 1 0.076810 0.543131 0.078914 0.000236 0.300908
1 1 0.043762 0.679917 0.078533 0.000111 0.197678
1 1 0.073750 0.532893 0.104498 0.000458 0.288401
1 1 0.271522 0.350907 0.065432 0.000830 0.311309
1 1 0.316293 0.558017 0.046033 0.000215 0.079441
0 1 0.715489 0.160514 0.033345 0.001796 0.088856
0 0 0.854983 0.062664 0.011084 0.000946 0.070323
4 0 0.072818 0.439033 0.046602 0.000094 0.441453
4 0 0.220171 0.257895 0.049132 0.000612 0.472190
0 0 0.895830 0.040447 0.006038 0.000558 0.057126
4 0 0.276172 0.293037 0.039626 0.000355 0.390811
0 0 0.958308 0.017394 0.002533 0.000440 0.021325
0 0 0.929348 0.043759 0.011989 0.003116 0.011788
0 0 0.918103 0.030943 0.007257 0.001500 0.042197
0 0 0.947606 0.021760 0.003893 0.000754 0.025987
0 0 0.914831 0.033839 0.009024 0.002115 0.040192
0 0 0.516371 0.247561 0.039546 0.000836 0.195686
0 0 0.871696 0.030181 0.005380 0.000669 0.092074
0 0 0.557426 0.182406 0.019117 0.000280 0.240771
4 0 0.210725 0.265998 0.048972 0.000556 0.473749
1 0 0.171722 0.417607 0.047120 0.000199 0.363352
1 0 0.022118 0.473193 0.102235 0.000221 0.402233
1 0 0.140786 0.576053 0.052295 0.000130 0.230735
1 0 0.345771 0.443286 0.048809 0.000359 0.161775
1 0 0.307837 0.431449 0.043125 0.000249 0.217339
0 0 0.879504 0.068383 0.011474 0.000974 0.039665
1 0 0.161124 0.623363 0.051924 0.000129 0.163461
1 0 0.069175 0.653692 0.101708 0.000305 0.175120
1 0 0.026247 0.597795 0.120012 0.000252 0.255694
4 0 0.214870 0.317621 0.044531 0.000331 0.422647
0 0 0.391721 0.242315 0.043539 0.000827 0.321598
1 0 0.106122 0.603311 0.083109 0.000292 0.207166
0 0 0.343652 0.301846 0.048381 0.000646 0.305475
0 0 0.450671 0.179481 0.055467 0.002803 0.311579
1 0 0.316005 0.423134 0.051620 0.000402 0.208838
0 0 0.441000 0.279119 0.046365 0.000842 0.232675
1 0 0.014228 0.512852 0.084588 0.000091 0.388241
4 0 0.037551 0.416474 0.071039 0.000170 0.474765
1 0 0.013476 0.528747 0.080636 0.000074 0.377067
1 0 0.040839 0.609854 0.074131 0.000107 0.275069
1 0 0.065033 0.689014 0.091466 0.000211 0.154275
1 0 0.015774 0.658436 0.090455 0.000078 0.235258
4 0 0.279014 0.305548 0.046590 0.000485 0.368362
1 0 0.163801 0.561841 0.056502 0.000183 0.217673
1 0 0.030201 0.631461 0.106498 0.000193 0.231646
1 0 0.019037 0.540941 0.085446 0.000105 0.354471
1 0 0.020160 0.650048 0.093925 0.000103 0.235764
1 0 0.016140 0.679592 0.093210 0.000081 0.210977
1 1 0.016719 0.749565 0.107729 0.000105 0.125881
1 1 0.019942 0.625864 0.106762 0.000146 0.247285
1 1 0.010018 0.615648 0.146295 0.000195 0.227844
1 1 0.020450 0.592433 0.095264 0.000123 0.291729
1 0 0.114850 0.647805 0.064116 0.000152 0.173077
1 0 0.155580 0.597498 0.078789 0.000355 0.167778
1 0 0.088665 0.630385 0.079937 0.000218 0.200796
4 0 0.291526 0.307673 0.030515 0.000185 0.370101
0 0 0.339486 0.311980 0.025516 0.000136 0.322882
1 0 0.155785 0.675071 0.046737 0.000089 0.122318
1 0 0.028281 0.688423 0.052731 0.000031 0.230533
1 1 0.016498 0.617242 0.081304 0.000068 0.284888
1 1 0.026535 0.589487 0.066591 0.000064 0.317323
1 0 0.306869 0.404134 0.072874 0.000947 0.215176
0 0 0.761348 0.110116 0.010523 0.000250 0.117763
1 0 0.048701 0.664527 0.048650 0.000040 0.238082
1 0 0.021915 0.571715 0.059553 0.000045 0.346771
1 1 0.016048 0.618972 0.072511 0.000051 0.292418
1 1 0.118513 0.433525 0.036481 0.000078 0.411404
0 0 0.453195 0.148067 0.013728 0.000154 0.384857
0 0 0.574995 0.218944 0.028375 0.000534 0.177152
1 0 0.188679 0.492449 0.033794 0.000075 0.285002
1 0 0.288156 0.517330 0.032558 0.000093 0.161862
0 0 0.422572 0.248049 0.035459 0.000527 0.293393
1 0 0.071094 0.600568 0.068643 0.000138 0.259557
0 0 0.418466 0.263985 0.025273 0.000213 0.292064
0 0 0.678453 0.085147 0.017160 0.001045 0.218196
0 0 0.500994 0.191907 0.019941 0.000253 0.286904
0 0 0.431198 0.286426 0.048693 0.000885 0.232799
4 0 0.076476 0.288190 0.038044 0.000126 0.597163
1 0 0.139862 0.464429 0.039685 0.000095 0.355929
1 0 0.025856 0.512154 0.075450 0.000106 0.386434
1 0 0.016812 0.684599 0.113711 0.000133 0.184745
1 0 0.027453 0.750508 0.078294 0.000070 0.143675
1 0 0.225721 0.424243 0.026899 0.000065 0.323071
1 0 0.057423 0.549847 0.057732 0.000090 0.334907
1 0 0.021947 0.711015 0.068373 0.000046 0.198620
1 0 0.020623 0.725264 0.069611 0.000044 0.184457
1 0 0.022385 0.733491 0.076944 0.000059 0.167121
1 0 0.043802 0.722301 0.073576 0.000088 0.160234
1 0 0.036727 0.640037 0.106557 0.000219 0.216460
1 0 0.031420 0.645837 0.120380 0.000259 0.202104
1 1 0.012128 0.705027 0.126648 0.000132 0.156065
1 1 0.026693 0.721781 0.093539 0.000109 0.157877
1 1 0.032418 0.540151 0.096468 0.000204 0.330759
1 1 0.011021 0.756269 0.123226 0.000108 0.109377
1 1 0.009226 0.757364 0.122642 0.000094 0.110675
1 1 0.009534 0.545478 0.214287 0.000153 0.230547
1 1 0.007608 0.589015 0.189566 0.000232 0.213579
1 1 0.019248 0.600796 0.133004 0.000256 0.246695
1 1 0.048110 0.617883 0.087937 0.000178 0.245892
1 2 0.035191 0.678905 0.114027 0.000231 0.171646
1 2 0.104075 0.662834 0.077767 0.000217 0.155107
1 2 0.027088 0.708762 0.100468 0.000134 0.163549
1 2 0.022259 0.668620 0.112113 0.000162 0.196846
1 2 0.086497 0.675991 0.089786 0.000258 0.147468
1 0 0.277024 0.411663 0.082953 0.001140 0.227220
4 0 0.272480 0.296185 0.034711 0.000253 0.396371
1 0 0.089948 0.439502 0.053176 0.000149 0.417224
1 0 0.052705 0.584793 0.094852 0.000246 0.267403
1 0 0.031641 0.627581 0.083075 0.000112 0.257591
1 0 0.021381 0.561880 0.084774 0.000105 0.331861
1 0 0.011332 0.628693 0.144040 0.000199 0.215736
1 0 0.156389 0.544850 0.097628 0.000675 0.200458
1 0 0.117170 0.708532 0.071188 0.000181 0.102929
4 0 0.221539 0.301498 0.074142 0.001223 0.401598
1 0 0.105944 0.564302 0.094309 0.000433 0.235013
0 0 0.561306 0.162527 0.020704 0.000415 0.255049
4 0 0.239287 0.358543 0.038516 0.000209 0.363444
1 0 0.008442 0.525198 0.124565 0.000150 0.341645
1 1 0.013328 0.501983 0.098913 0.000130 0.385647
0 0 0.409037 0.283560 0.066664 0.001790 0.238949
1 0 0.249288 0.437634 0.055278 0.000362 0.257438
0 0 0.352195 0.252023 0.043117 0.000688 0.351977
0 0 0.744128 0.119775 0.024960 0.001572 0.109566
0 0 0.742850 0.078473 0.008018 0.000232 0.170428
4 0 0.114209 0.414002 0.049064 0.000163 0.422562
0 0 0.801532 0.079226 0.009188 0.000353 0.109701
0 0 0.488627 0.252677 0.053697 0.001562 0.203438
1 0 0.140748 0.553934 0.069487 0.000270 0.235561
0 0 0.768389 0.148511 0.026727 0.001411 0.054962
1 0 0.046413 0.679973 0.067016 0.000079 0.206518
1 0 0.071799 0.663325 0.108057 0.000357 0.156462
1 0 0.020195 0.763532 0.115929 0.000143 0.100201
1 0 0.156444 0.643280 0.069917 0.000245 0.130114
1 0 0.052020 0.749745 0.093665 0.000174 0.104397
1 1 0.043162 0.728290 0.091378 0.000146 0.137025
1 1 0.030441 0.771228 0.117851 0.000201 0.080279
1 2 0.025537 0.805438 0.094295 0.000099 0.074630
1 2 0.024649 0.681508 0.083780 0.000085 0.209978
1 0 0.277926 0.536894 0.044347 0.000177 0.140656
1 0 0.366295 0.432332 0.032108 0.000148 0.169117
1 0 0.352084 0.439955 0.063432 0.000689 0.143840
0 0 0.737971 0.108359 0.013435 0.000432 0.139803
0 0 0.729796 0.112486 0.011274 0.000264 0.146180
4 0 0.225383 0.287438 0.031931 0.000189 0.455060
1 1 0.074334 0.669616 0.079298 0.000172 0.176580
1 1 0.025017 0.656410 0.095522 0.000123 0.222927
1 1 0.018232 0.610483 0.129317 0.000225 0.241743
1 1 0.047168 0.511582 0.080486 0.000191 0.360574
1 0 0.249150 0.439381 0.072680 0.000685 0.238103
0 0 0.430464 0.290573 0.025019 0.000182 0.253763
0 0 0.403201 0.170852 0.022555 0.000340 0.403053
1 0 0.219194 0.568583 0.053836 0.000207 0.158181
1 0 0.252613 0.541692 0.080002 0.000650 0.125044
0 0 0.780121 0.106779 0.018628 0.001048 0.093423
0 0 0.686669 0.134716 0.034464 0.002419 0.141731
1 0 0.126276 0.706094 0.074350 0.000216 0.093064
1 0 0.016548 0.696267 0.093973 0.000082 0.193130
1 0 0.022217 0.683208 0.094070 0.000104 0.200402
1 1 0.022079 0.628664 0.111503 0.000173 0.237580
1 1 0.156131 0.659261 0.065799 0.000207 0.118602
1 0 0.075033 0.763016 0.060923 0.000081 0.100947
0 0 0.801679 0.123281 0.016978 0.000714 0.057349
0 0 0.436065 0.410349 0.024771 0.000105 0.128710
1 0 0.060883 0.811512 0.063000 0.000072 0.064533
1 0 0.092403 0.762557 0.062014 0.000101 0.082925
1 0 0.037832 0.657731 0.056161 0.000047 0.248228
1 1 0.019240 0.660893 0.096835 0.000105 0.222928
1 1 0.015555 0.707270 0.157485 0.000271 0.119419
1 1 0.032863 0.523425 0.080692 0.000142 0.362878
1 1 0.025717 0.581816 0.086901 0.000120 0.305445
1 1 0.022394 0.571263 0.084987 0.000106 0.321249
1 1 0.288100 0.463845 0.052194 0.000329 0.195532
1 0 0.245188 0.576155 0.066807 0.000381 0.111470
0 0 0.812269 0.126130 0.016990 0.000722 0.043889
0 0 0.932717 0.035786 0.004319 0.000375 0.026804
0 0 0.745383 0.188012 0.022625 0.000630 0.043349
0 0 0.634220 0.183314 0.029826 0.000915 0.151725
1 0 0.291854 0.517916 0.044633 0.000198 0.145399
1 0 0.340615 0.405565 0.036062 0.000198 0.217559
0 0 0.437158 0.305295 0.031702 0.000295 0.225550
0 0 0.626241 0.213491 0.031626 0.000804 0.127838
1 0 0.262078 0.514367 0.074008 0.000596 0.148950
0 0 0.879068 0.071060 0.005022 0.000131 0.044719
0 0 0.506602 0.393957 0.020606 0.000089 0.078745
0 0 0.801564 0.080497 0.009827 0.000402 0.107711
0 0 0.540576 0.211886 0.028277 0.000521 0.218740
0 0 0.730194 0.149097 0.009918 0.000122 0.110669
0 0 0.504025 0.259520 0.018429 0.000126 0.217900
0 0 0.701903 0.176608 0.008587 0.000062 0.112840
0 0 0.484205 0.295389 0.022167 0.000151 0.198089
1 0 0.325676 0.370808 0.028396 0.000126 0.274995
1 0 0.309713 0.380449 0.023949 0.000078 0.285811
1 0 0.214826 0.437418 0.061589 0.000412 0.285755
0 0 0.714431 0.186534 0.012659 0.000145 0.086231
1 0 0.143647 0.581873 0.054013 0.000141 0.220326
0 0 0.409892 0.313954 0.024711 0.000148 0.251294
1 0 0.346313 0.426689 0.034944 0.000173 0.191880
1 0 0.160756 0.575522 0.041630 0.000085 0.222008
1 0 0.298753 0.379003 0.025641 0.000089 0.296514
0 0 0.375166 0.365552 0.033043 0.000209 0.226031
0 0 0.386799 0.262957 0.029817 0.000294 0.320133
1 0 0.214691 0.536340 0.033540 0.000072 0.215357
1 0 0.139987 0.464180 0.026061 0.000036 0.369735
1 0 0.292997 0.444897 0.038272 0.000172 0.223662
1 0 0.171984 0.519919 0.052331 0.000179 0.255587
0 0 0.669745 0.164024 0.014522 0.000221 0.151488
0 0 0.533900 0.176645 0.014915 0.000159 0.274380
1 0 0.219463 0.458231 0.029834 0.000071 0.292400
1 0 0.138290 0.575727 0.042057 0.000077 0.243849
0 0 0.606024 0.127996 0.032583 0.001979 0.231419
0 0 0.699972 0.119451 0.009391 0.000147 0.171039
1 0 0.108650 0.683028 0.037468 0.000038 0.170815
1 0 0.072419 0.465597 0.039031 0.000056 0.422896
1 0 0.030492 0.479672 0.052433 0.000057 0.437346
1 1 0.024790 0.635596 0.079067 0.000082 0.260464
1 1 0.089852 0.560621 0.039506 0.000050 0.309971
1 0 0.087385 0.719972 0.058002 0.000085 0.134556
1 0 0.049695 0.690391 0.049557 0.000040 0.210317
1 0 0.162046 0.529745 0.030779 0.000048 0.277383
0 0 0.508835 0.312536 0.023949 0.000175 0.154505
0 0 0.902319 0.040194 0.004400 0.000276 0.052810
0 0 0.661843 0.161985 0.010351 0.000101 0.165721
0 0 0.406855 0.177274 0.015407 0.000132 0.400332
1 0 0.335032 0.347090 0.030656 0.000172 0.287050
0 0 0.721664 0.136256 0.038570 0.003364 0.100145
0 0 0.402982 0.395836 0.031012 0.000171 0.169999
0 0 0.486709 0.341595 0.023862 0.000143 0.147690
0 0 0.440276 0.367767 0.024347 0.000120 0.167491
0 0 0.511007 0.297044 0.013356 0.000049 0.178543
1 0 0.344670 0.413321 0.030719 0.000134 0.211157
1 0 0.030194 0.746963 0.055349 0.000033 0.167461
1 1 0.031155 0.694140 0.071797 0.000068 0.202840
1 1 0.022054 0.591528 0.086894 0.000105 0.299419
1 0 0.327866 0.342140 0.040048 0.000323 0.289624
0 0 0.625582 0.189584 0.023879 0.000504 0.160451
0 0 0.746962 0.136104 0.013250 0.000290 0.103395
0 0 0.501324 0.308100 0.023542 0.000169 0.166865
0 0 0.866422 0.042595 0.006794 0.000612 0.083577
0 0 0.941333 0.020668 0.003153 0.000485 0.034361
0 0 0.636183 0.129164 0.012379 0.000216 0.222058
0 0 0.796247 0.119674 0.008561 0.000147 0.075371
0 0 0.544966 0.224131 0.018631 0.000181 0.212091
0 0 0.718268 0.075471 0.009076 0.000317 0.196869
0 0 0.537949 0.113123 0.011683 0.000201 0.337044
4 0 0.225984 0.335331 0.029480 0.000120 0.409084
0 0 0.429640 0.165249 0.013312 0.000112 0.391687
0 0 0.648314 0.062328 0.008296 0.000323 0.280739
0 0 0.602759 0.046238 0.011696 0.001165 0.338142
0 0 0.457188 0.090261 0.016986 0.000622 0.434944
0 0 0.357516 0.298738 0.031028 0.000241 0.312477
0 0 0.629428 0.095358 0.013919 0.000481 0.260814
0 0 0.639104 0.080985 0.009508 0.000271 0.270131
0 0 0.890887 0.031168 0.002805 0.000147 0.074993
4 0 0.202948 0.231400 0.019504 0.000081 0.546067
4 0 0.182987 0.372766 0.029385 0.000084 0.414779
1 0 0.059078 0.511338 0.043868 0.000054 0.385661
1 1 0.013987 0.483870 0.056608 0.000039 0.445497
0 0 0.627710 0.085635 0.011258 0.000356 0.275041
0 0 0.821154 0.062950 0.005164 0.000145 0.110588
0 0 0.871346 0.032398 0.003751 0.000254 0.092250
0 0 0.777150 0.041856 0.009346 0.001094 0.170553
4 0 0.307486 0.252607 0.017367 0.000074 0.422466
1 0 0.082015 0.576036 0.053029 0.000089 0.288831
0 0 0.781954 0.054141 0.007170 0.000374 0.156361
0 0 0.394818 0.210029 0.047601 0.001317 0.346235
4 0 0.018796 0.456134 0.037554 0.000020 0.487495
4 0 0.020918 0.399377 0.038947 0.000030 0.540727
4 0 0.020475 0.324519 0.041048 0.000048 0.613911
1 0 0.003302 0.558158 0.069949 0.000018 0.368573
1 0 0.004230 0.546752 0.111653 0.000027 0.337337
1 1 0.006492 0.505009 0.141452 0.000028 0.347019
1 1 0.005676 0.518105 0.133647 0.000020 0.342551
4 1 0.011702 0.412910 0.061261 0.000040 0.514087
1 1 0.008143 0.464378 0.075492 0.000021 0.451966
4 1 0.009090 0.369877 0.048720 0.000037 0.572277
1 1 0.007207 0.473255 0.076048 0.000023 0.443467
4 1 0.010047 0.423163 0.055549 0.000026 0.511216
4 1 0.015225 0.347578 0.036645 0.000026 0.600526
4 4 0.045653 0.188340 0.016609 0.000027 0.749370
4 4 0.023531 0.255953 0.019438 0.000014 0.701063
4 4 0.020820 0.056078 0.008941 0.000082 0.914079
4 4 0.030962 0.060624 0.013142 0.000214 0.895057
4 4 0.016644 0.335438 0.037653 0.000032 0.610232
4 4 0.013282 0.387673 0.051573 0.000044 0.547429
4 4 0.041357 0.068191 0.012293 0.000153 0.878007
4 4 0.010454 0.363998 0.056175 0.000058 0.569316
4 2 0.019830 0.238245 0.028918 0.000043 0.712964
4 2 0.013992 0.210257 0.023343 0.000030 0.752378
4 2 0.012438 0.335759 0.033174 0.000021 0.618609
4 0 0.012538 0.352989 0.038725 0.000027 0.595722
4 0 0.012265 0.359008 0.031478 0.000015 0.597234
1 0 0.004527 0.503396 0.048945 0.000012 0.443121
1 1 0.003975 0.530652 0.125424 0.000034 0.339916
1 1 0.005281 0.525885 0.116349 0.000050 0.352435
1 1 0.006587 0.497993 0.096001 0.000030 0.399389
4 1 0.007447 0.459514 0.057719 0.000028 0.475292
1 1 0.005712 0.508463 0.084009 0.000031 0.401785
1 1 0.006232 0.487070 0.065571 0.000030 0.441096
1 1 0.005760 0.466610 0.301325 0.000187 0.226119
4 0 0.056197 0.253537 0.093549 0.001086 0.595630
4 0 0.012124 0.437725 0.105136 0.000176 0.444840
4 0 0.286321 0.190848 0.047217 0.001172 0.474443
4 0 0.224192 0.328158 0.069840 0.000927 0.376883
1 0 0.066534 0.497621 0.107710 0.000509 0.327626
1 1 0.005505 0.522320 0.152147 0.000152 0.319876
1 1 0.007708 0.482121 0.201154 0.000386 0.308631
1 1 0.004143 0.525799 0.226810 0.000173 0.243075
1 1 0.005821 0.509820 0.190665 0.000231 0.293463
1 1 0.004436 0.488143 0.296379 0.000220 0.210821
2 1 0.003498 0.344881 0.542993 0.000378 0.108250
2 1 0.002149 0.280068 0.650524 0.000178 0.067082
1 2 0.012961 0.401722 0.304164 0.000401 0.280751
2 2 0.004698 0.312886 0.571297 0.000318 0.110802
2 2 0.002748 0.179568 0.771196 0.000186 0.046302
2 2 0.001523 0.102556 0.875689 0.000272 0.019960
2 2 0.002048 0.174092 0.784507 0.000145 0.039208
2 2 0.002371 0.189188 0.762587 0.000320 0.045534
2 2 0.001331 0.149878 0.821061 0.000129 0.027601
2 2 0.001050 0.061216 0.927318 0.000215 0.010200
2 2 0.002103 0.124852 0.844642 0.000249 0.028153
2 2 0.001205 0.179299 0.787661 0.000233 0.031601
2 2 0.002564 0.164150 0.792269 0.000354 0.040664
2 2 0.001477 0.138740 0.832817 0.000405 0.026562
2 2 0.002874 0.195886 0.749110 0.000778 0.051352
2 2 0.004171 0.388534 0.468402 0.000454 0.138439
1 2 0.033456 0.519229 0.283084 0.003042 0.161190
2 2 0.003954 0.311499 0.582894 0.000310 0.101343
2 2 0.003575 0.256691 0.662372 0.000993 0.076370
2 2 0.000867 0.017234 0.971571 0.005197 0.005131
2 2 0.000776 0.024586 0.969788 0.001169 0.003682
2 2 0.000642 0.015019 0.977373 0.003361 0.003605
2 2 0.002293 0.044160 0.928411 0.007305 0.017831
2 2 0.001043 0.017852 0.968336 0.006828 0.005941
2 2 0.001039 0.021116 0.963614 0.006679 0.007553
2 2 0.000838 0.022215 0.967054 0.003705 0.006188
2 2 0.002376 0.082645 0.893654 0.001797 0.019528
2 2 0.003475 0.057416 0.889981 0.014434 0.034694
2 2 0.002098 0.060000 0.919459 0.002639 0.015804
2 2 0.000521 0.012593 0.979395 0.004095 0.003396
2 2 0.001136 0.009872 0.909310 0.073243 0.006439
2 2 0.001840 0.036601 0.925765 0.013952 0.021842
2 2 0.002449 0.031447 0.919719 0.029231 0.017154
2 2 0.003091 0.055087 0.895032 0.016693 0.030097
2 2 0.005294 0.060343 0.904556 0.012267 0.017540
2 2 0.004672 0.041487 0.864581 0.063300 0.025960
2 2 0.002955 0.032788 0.896446 0.045449 0.022361
2 2 0.001646 0.011279 0.784829 0.191341 0.010905
2 3 0.007521 0.056785 0.773607 0.114891 0.047196
2 3 0.009087 0.108313 0.829677 0.015032 0.037891
2 3 0.003261 0.023470 0.823232 0.130853 0.019184
2 3 0.001931 0.030262 0.919846 0.027978 0.019983
2 3 0.002753 0.036402 0.883148 0.046923 0.030774
2 3 0.004172 0.024964 0.602536 0.341575 0.026752
2 3 0.006592 0.070313 0.843057 0.046500 0.033537
2 3 0.005318 0.026060 0.774225 0.176280 0.018116
2 3 0.005442 0.034489 0.706594 0.223492 0.029983
2 3 0.005724 0.059981 0.876497 0.030763 0.027034
2 2 0.004642 0.028032 0.780108 0.163523 0.023696
2 3 0.020861 0.088122 0.529582 0.281364 0.080071
2 3 0.010683 0.137819 0.776170 0.019175 0.056153
2 3 0.007306 0.058088 0.856004 0.052585 0.026017
2 3 0.005771 0.032105 0.810921 0.132653 0.018550
2 3 0.008320 0.081724 0.849030 0.023960 0.036966
2 2 0.010422 0.094163 0.805450 0.042480 0.047485
2 2 0.004843 0.042198 0.649778 0.230873 0.072308
2 2 0.002764 0.028580 0.909939 0.041781 0.016936
2 2 0.008263 0.110079 0.823984 0.013276 0.044397
2 2 0.020948 0.189746 0.726736 0.013782 0.048788
2 0 0.069336 0.246427 0.508219 0.060622 0.115395
1 0 0.067002 0.377582 0.326423 0.011856 0.217136
2 1 0.011627 0.200529 0.569111 0.023710 0.195023
2 2 0.008870 0.112423 0.745637 0.026753 0.106316
2 2 0.005589 0.076364 0.879943 0.007757 0.030348
2 2 0.006778 0.121773 0.791209 0.011826 0.068414
2 2 0.013221 0.168026 0.697888 0.016310 0.104555
2 2 0.006638 0.097444 0.838791 0.009525 0.047604
2 2 0.003969 0.080663 0.877409 0.005915 0.032043
2 2 0.010813 0.175117 0.693135 0.012935 0.108000
2 2 0.014639 0.137328 0.716323 0.029186 0.102525
2 2 0.002282 0.019504 0.947803 0.020578 0.009834
2 2 0.005926 0.113161 0.824217 0.007766 0.048930
2 2 0.007542 0.156835 0.767932 0.004650 0.063042
2 2 0.044878 0.277261 0.559077 0.021299 0.097485
2 2 0.010951 0.187505 0.742112 0.005685 0.053747
2 2 0.007357 0.099992 0.818700 0.019489 0.054462
2 2 0.015608 0.081530 0.710677 0.147968 0.044218
2 2 0.120795 0.124909 0.426576 0.263116 0.064604
2 2 0.039234 0.218467 0.521163 0.050911 0.170226
2 2 0.044376 0.333489 0.344077 0.013796 0.264262
2 2 0.013683 0.368565 0.374543 0.007975 0.235233
2 2 0.010765 0.216872 0.645769 0.006335 0.120259
2 2 0.004158 0.093659 0.789299 0.021269 0.091615
2 2 0.003263 0.092751 0.857291 0.005464 0.041232
2 2 0.006438 0.178002 0.664784 0.009857 0.140920
2 2 0.006071 0.276851 0.608171 0.001848 0.107059
2 2 0.006159 0.171730 0.755706 0.003216 0.063188
2 2 0.117473 0.280351 0.360113 0.050205 0.191857
1 2 0.016410 0.366750 0.322920 0.004470 0.289450
2 2 0.007851 0.157017 0.626619 0.022541 0.185972
2 2 0.002878 0.075106 0.873623 0.008245 0.040148
2 2 0.006130 0.182399 0.729553 0.003775 0.078144
2 2 0.001348 0.054119 0.918897 0.004205 0.021431
2 2 0.008275 0.182179 0.702479 0.006674 0.100392
2 2 0.003810 0.100120 0.842444 0.006196 0.047430
2 2 0.004910 0.076864 0.843185 0.018614 0.056427
2 2 0.006272 0.144721 0.734324 0.010869 0.103815
2 2 0.004288 0.171948 0.721761 0.004884 0.097118
2 2 0.007179 0.112467 0.652366 0.059262 0.168726
2 2 0.010781 0.181324 0.589640 0.024229 0.194027
2 2 0.009129 0.189149 0.652490 0.010217 0.139014
2 2 0.007905 0.072497 0.681349 0.163169 0.075080
2 2 0.030142 0.235342 0.556075 0.016007 0.162433
2 2 0.038410 0.408496 0.412733 0.010095 0.130266
2 2 0.006766 0.141200 0.619867 0.030053 0.202114
2 2 0.005422 0.164237 0.766309 0.003153 0.060878
2 2 0.008800 0.167949 0.742237 0.005623 0.075390
2 2 0.006947 0.153651 0.775750 0.004249 0.059403
2 2 0.003970 0.090424 0.866428 0.004924 0.034254
2 2 0.008283 0.144080 0.792192 0.005733 0.049712
2 2 0.015340 0.128798 0.788041 0.022673 0.045149
2 2 0.008901 0.073964 0.832522 0.044969 0.039645
2 2 0.026053 0.241564 0.662968 0.013128 0.056288
2 2 0.018558 0.165779 0.744941 0.019841 0.050880
2 2 0.019300 0.160385 0.711356 0.038255 0.070704
2 2 0.011763 0.112916 0.787108 0.037900 0.050312
2 2 0.012654 0.091885 0.779639 0.073279 0.042543
2 2 0.013699 0.068363 0.742399 0.128287 0.047252
2 2 0.023226 0.124072 0.736820 0.070471 0.045411
2 2 0.012467 0.072444 0.722805 0.148240 0.044043
2 2 0.014735 0.069452 0.611819 0.258150 0.045845
2 2 0.022041 0.104222 0.611858 0.198000 0.063879
2 2 0.022735 0.144958 0.712779 0.061307 0.058221
2 3 0.007281 0.048572 0.812197 0.101897 0.030054
2 3 0.024830 0.191115 0.659539 0.050406 0.074111
3 3 0.011238 0.041411 0.421439 0.475208 0.050704
2 3 0.008733 0.069006 0.818721 0.073591 0.029949
2 3 0.011644 0.061809 0.772716 0.121348 0.032482
2 3 0.017836 0.134440 0.740874 0.050392 0.056458
2 3 0.016037 0.099973 0.782722 0.064456 0.036813
2 3 0.006812 0.043649 0.842802 0.083830 0.022908
2 3 0.023193 0.147336 0.744050 0.035831 0.049589
2 3 0.026098 0.128716 0.638109 0.148345 0.058733
2 3 0.010109 0.105894 0.783258 0.051265 0.049474
2 3 0.011709 0.050059 0.627247 0.278552 0.032432
2 3 0.007663 0.042332 0.742188 0.179192 0.028625
2 3 0.017965 0.066478 0.498769 0.356747 0.060041
2 3 0.014272 0.072742 0.602779 0.256298 0.053909
2 3 0.009157 0.038284 0.593538 0.325244 0.033777
3 3 0.008989 0.031666 0.328181 0.591718 0.039446
2 3 0.114810 0.192981 0.384934 0.145355 0.161920
1 0 0.140570 0.427660 0.326736 0.018368 0.086667
1 0 0.154391 0.538326 0.222781 0.005353 0.079149
1 0 0.164755 0.564353 0.192810 0.003711 0.074371
1 0 0.018528 0.493184 0.321669 0.002965 0.163655
2 0 0.046583 0.398392 0.412377 0.013161 0.129487
2 1 0.033006 0.411874 0.420602 0.008283 0.126234
2 1 0.008935 0.145709 0.787101 0.006452 0.051802
2 1 0.009097 0.152093 0.758594 0.007846 0.072371
2 2 0.007530 0.125898 0.804672 0.006727 0.055173
2 2 0.005113 0.081962 0.880416 0.005181 0.027328
2 2 0.006754 0.085888 0.867629 0.007249 0.032478
2 2 0.001361 0.020546 0.965118 0.006544 0.006431
2 2 0.003383 0.073983 0.896449 0.003746 0.022439
2 2 0.011533 0.109659 0.818738 0.020029 0.040041
2 2 0.007984 0.142344 0.788123 0.008634 0.052916
2 2 0.008059 0.054682 0.839768 0.074139 0.023353
2 2 0.008774 0.090953 0.853324 0.021511 0.025439
2 2 0.007316 0.079918 0.857074 0.016412 0.039280
2 2 0.008095 0.082367 0.829610 0.034976 0.044953
2 2 0.009967 0.194122 0.709731 0.005281 0.080898
2 2 0.006019 0.129324 0.808972 0.004792 0.050893
2 2 0.010247 0.149899 0.775484 0.009287 0.055083
2 2 0.015502 0.215477 0.688442 0.009267 0.071312
2 2 0.014713 0.099174 0.782381 0.056128 0.047604
2 2 0.015491 0.180771 0.713373 0.016755 0.073610
2 2 0.008375 0.084072 0.830410 0.032982 0.044161
2 2 0.004737 0.047464 0.822892 0.086413 0.038493
2 2 0.003052 0.055186 0.876690 0.021215 0.043857
2 2 0.003741 0.018341 0.679074 0.282657 0.016186
2 2 0.002333 0.012774 0.593616 0.369568 0.021709
2 2 0.003020 0.013842 0.625698 0.343990 0.013450
2 2 0.004022 0.020201 0.655772 0.296072 0.023933
3 2 0.002558 0.008959 0.364431 0.614152 0.009899
3 2 0.001243 0.005423 0.261472 0.722270 0.009592
3 3 0.003692 0.013659 0.326130 0.639477 0.017041
3 3 0.007952 0.035626 0.397737 0.510251 0.048435
3 3 0.003688 0.014904 0.343375 0.614084 0.023949
3 3 0.001557 0.005439 0.217057 0.767353 0.008594
3 3 0.001363 0.006905 0.377796 0.602812 0.011123
2 3 0.005334 0.025458 0.555350 0.387417 0.026441
3 3 0.001031 0.006185 0.391036 0.590235 0.011513
2 3 0.007344 0.033433 0.525534 0.402081 0.031609
3 3 0.003632 0.016079 0.423848 0.533200 0.023241
3 3 0.005198 0.019522 0.438672 0.516271 0.020337
2 3 0.008835 0.041263 0.510160 0.393735 0.046007
3 3 0.001399 0.005671 0.271294 0.713343 0.008293
3 3 0.003237 0.009230 0.230234 0.744463 0.012836
3 3 0.002562 0.008896 0.319282 0.657288 0.011971
3 3 0.001259 0.004474 0.197056 0.790634 0.006577
3 3 0.001991 0.005874 0.193700 0.789368 0.009067
3 3 0.003277 0.008645 0.241525 0.735753 0.010800
3 3 0.002859 0.011134 0.239513 0.725101 0.021392
3 3 0.000747 0.003189 0.178366 0.812526 0.005172
3 3 0.001164 0.003615 0.126963 0.861123 0.007135
3 3 0.000951 0.002607 0.083043 0.907859 0.005541
3 3 0.001103 0.002550 0.061952 0.927856 0.006538
3 3 0.001069 0.002083 0.044642 0.947118 0.005088
3 3 0.002770 0.005878 0.073589 0.903987 0.013776
3 3 0.001323 0.004084 0.056591 0.924837 0.013165
3 3 0.001219 0.002497 0.038372 0.950393 0.007519
3 3 0.001606 0.004211 0.056162 0.926121 0.011900
3 3 0.001846 0.004285 0.056518 0.924959 0.012392
3 3 0.001089 0.001974 0.032412 0.958209 0.006315
3 3 0.001970 0.004516 0.057793 0.923982 0.011739
3 3 0.001780 0.004756 0.061936 0.916952 0.014576
3 3 0.001000 0.001829 0.030242 0.961708 0.005221
3 3 0.001146 0.002111 0.033970 0.956115 0.006658
3 3 0.001093 0.002184 0.034989 0.954897 0.006836
3 3 0.001128 0.002082 0.033326 0.957348 0.006116
3 3 0.001427 0.003272 0.046241 0.940200 0.008861
3 3 0.001510 0.003776 0.051310 0.933492 0.009912
3 3 0.001162 0.002958 0.044473 0.941731 0.009676
3 3 0.002016 0.005292 0.066069 0.911523 0.015101
3 3 0.001223 0.002510 0.037765 0.951988 0.006513
3 3 0.001021 0.002160 0.034718 0.955540 0.006562
3 3 0.001263 0.003384 0.048526 0.936725 0.010102
3 3 0.001339 0.002580 0.038747 0.950064 0.007270
3 3 0.001129 0.002452 0.037438 0.952435 0.006545
3 3 0.000906 0.002365 0.038087 0.950771 0.007871
3 3 0.001842 0.004979 0.062939 0.916867 0.013374
3 3 0.001001 0.002589 0.040234 0.948117 0.008060
3 3 0.001116 0.002569 0.039021 0.950228 0.007066
3 3 0.001346 0.003395 0.047804 0.938267 0.009188
3 3 0.000582 0.001047 0.020415 0.974770 0.003186
3 3 0.001198 0.002825 0.041965 0.946045 0.007967
3 3 0.000658 0.001046 0.019841 0.975688 0.002768
3 3 0.001164 0.002424 0.037167 0.952565 0.006681
3 3 0.000651 0.001608 0.028946 0.963210 0.005585
3 3 0.000975 0.002364 0.036723 0.953689 0.006249
3 3 0.001328 0.003751 0.052249 0.931734 0.010937
3 3 0.001042 0.003143 0.046135 0.940776 0.008904
3 3 0.000679 0.002007 0.033830 0.957301 0.006183
3 3 0.000935 0.001970 0.032099 0.959540 0.005456
3 3 0.000840 0.001660 0.028096 0.965004 0.004401
3 3 0.001396 0.004099 0.055734 0.926922 0.011849
3 3 0.000887 0.002373 0.037478 0.952476 0.006785
3 3 0.000679 0.001939 0.033255 0.957700 0.006426
3 3 0.001345 0.003258 0.046124 0.940689 0.008584
3 3 0.000809 0.002463 0.039012 0.950462 0.007254
3 3 0.000629 0.000940 0.017987 0.978245 0.002199
3 3 0.000809 0.001691 0.028676 0.964242 0.004582
3 3 0.001189 0.002872 0.041831 0.946973 0.007136
3 3 0.001058 0.002785 0.042221 0.945596 0.008340
3 3 0.001104 0.002485 0.037975 0.951693 0.006744
3 3 0.000919 0.001506 0.025539 0.968385 0.003651
3 3 0.001620 0.004661 0.060555 0.920322 0.012842
3 3 0.000650 0.001585 0.028119 0.964837 0.004809
3 3 0.000924 0.002623 0.040540 0.948261 0.007653
3 3 0.001054 0.002364 0.036409 0.954056 0.006116
3 3 0.000812 0.001664 0.028238 0.964861 0.004426
3 3 0.000461 0.000856 0.017516 0.978767 0.002400
3 3 0.000798 0.001646 0.027877 0.965477 0.004202
3 3 0.000877 0.001364 0.023672 0.970803 0.003285
3 3 0.001147 0.002064 0.032550 0.958849 0.005389
3 3 0.000778 0.001094 0.019741 0.976044 0.002343
3 3 0.001110 0.002983 0.043881 0.943854 0.008171
3 3 0.000662 0.001208 0.022091 0.972989 0.003050
3 3 0.001067 0.002114 0.033507 0.957584 0.005729
3 3 0.001160 0.002857 0.041527 0.942157 0.012298
3 3 0.000782 0.001743 0.030503 0.959878 0.007094
3 3 0.000837 0.001528 0.027207 0.965240 0.005189
3 3 0.000697 0.001638 0.029674 0.961626 0.006365
3 3 0.000680 0.001404 0.025625 0.965606 0.006686
3 3 0.000886 0.001602 0.026519 0.963272 0.007721
3 3 0.004688 0.019145 0.162507 0.764994 0.048666
3 3 0.039350 0.074973 0.298963 0.476832 0.109882
1 2 0.057300 0.389927 0.232704 0.004308 0.315762
4 2 0.008365 0.261812 0.355868 0.010650 0.363303
4 2 0.018741 0.225748 0.244367 0.009564 0.501579
4 2 0.011682 0.240087 0.266182 0.008135 0.473914
4 2 0.010836 0.333108 0.295933 0.004123 0.355999
1 2 0.020261 0.357017 0.274758 0.003736 0.344228
1 2 0.021476 0.393809 0.249423 0.002474 0.332818
1 2 0.021635 0.372536 0.255069 0.002882 0.347878
4 2 0.031158 0.339204 0.245346 0.003992 0.380300
4 4 0.032784 0.055432 0.045554 0.006374 0.859856
4 4 0.048120 0.053390 0.040908 0.006246 0.851335
4 4 0.117510 0.252864 0.106733 0.002436 0.520458
1 4 0.151036 0.363759 0.187503 0.005942 0.291759
1 4 0.105123 0.385753 0.220101 0.006018 0.283005
4 4 0.034036 0.284591 0.171067 0.002868 0.507437
4 4 0.040824 0.134163 0.089012 0.004248 0.731754
4 4 0.044950 0.172490 0.113562 0.004352 0.664647
4 4 0.042894 0.312944 0.200503 0.003552 0.440106
4 4 0.173895 0.194203 0.078378 0.002565 0.550959
4 4 0.044195 0.103093 0.119579 0.018718 0.714415
4 4 0.022424 0.230051 0.155745 0.003359 0.588421
4 4 0.045044 0.176159 0.097049 0.002768 0.678979
4 4 0.075166 0.040830 0.010134 0.000419 0.873451
4 4 0.097705 0.112242 0.010231 0.000040 0.779782
4 4 0.111796 0.063634 0.009536 0.000141 0.814893
4 4 0.096087 0.108282 0.016821 0.000152 0.778658
4 4 0.088478 0.135855 0.015422 0.000067 0.760178
4 4 0.044618 0.212811 0.024134 0.000051 0.718386
4 4 0.035373 0.128661 0.018001 0.000079 0.817886
0 4 0.430131 0.140810 0.022698 0.000516 0.405845
4 4 0.065515 0.067627 0.025665 0.001222 0.839971
4 4 0.181206 0.055268 0.004995 0.000046 0.758485
4 4 0.069916 0.110544 0.017498 0.000141 0.801901
4 4 0.068978 0.077975 0.022534 0.000632 0.829881
4 4 0.098556 0.085595 0.017592 0.000308 0.797949
4 4 0.233292 0.030416 0.007155 0.000570 0.728567
4 4 0.148368 0.017617 0.004035 0.000402 0.829578
4 4 0.076794 0.022612 0.006529 0.000581 0.893484
4 4 0.267635 0.025459 0.003867 0.000178 0.702862
4 4 0.161152 0.147992 0.155460 0.031932 0.503465
4 4 0.169213 0.127285 0.076715 0.007445 0.619342
4 4 0.058504 0.192692 0.025362 0.000084 0.723359
4 4 0.059625 0.080805 0.011112 0.000091 0.848367
4 4 0.310683 0.135075 0.020922 0.000352 0.532968
4 4 0.316182 0.108434 0.020789 0.000524 0.554071
4 4 0.072830 0.077305 0.033363 0.001783 0.814719
4 4 0.114950 0.305520 0.036525 0.000139 0.542865
4 4 0.044162 0.223786 0.028362 0.000068 0.703622
4 4 0.074206 0.059752 0.008633 0.000109 0.857299
4 4 0.068214 0.039443 0.014941 0.001175 0.876226
4 4 0.159297 0.026752 0.005680 0.000357 0.807914
4 4 0.101023 0.074261 0.023742 0.000944 0.800029
4 4 0.011066 0.038406 0.012771 0.000391 0.937366
4 4 0.079522 0.029824 0.005567 0.000200 0.884886
4 4 0.033615 0.021513 0.004945 0.000230 0.939697
4 4 0.025635 0.066564 0.013089 0.000156 0.894557
4 4 0.028938 0.038424 0.009816 0.000302 0.922520
4 4 0.022090 0.036301 0.007713 0.000167 0.933729
