0 0 0.989762 0.006659 0.000340 0.000005 0.003234
0 0 0.981955 0.010311 0.000614 0.000012 0.007107
0 0 0.986962 0.007766 0.000405 0.000006 0.004861
0 0 0.947866 0.022666 0.001831 0.000065 0.027571
0 0 0.891521 0.035828 0.003418 0.000180 0.069053
0 0 0.938882 0.024630 0.002021 0.000077 0.034391
0 0 0.957586 0.018003 0.001259 0.000037 0.023116
0 0 0.992330 0.005672 0.000299 0.000004 0.001695
0 0 0.993403 0.004017 0.000147 0.000001 0.002431
0 0 0.989986 0.006143 0.000287 0.000004 0.003580
0 0 0.986218 0.008062 0.000424 0.000007 0.005288
0 0 0.988718 0.005737 0.000230 0.000003 0.005313
0 0 0.971774 0.015661 0.001162 0.000031 0.011372
0 0 0.985232 0.009344 0.000566 0.000010 0.004848
0 0 0.987012 0.008180 0.000457 0.000007 0.004343
0 0 0.973119 0.015639 0.001196 0.000032 0.010014
0 0 0.983785 0.009401 0.000537 0.000010 0.006267
0 0 0.981262 0.009436 0.000497 0.000009 0.008796
0 0 0.987766 0.006575 0.000293 0.000004 0.005362
0 0 0.988188 0.006703 0.000312 0.000004 0.004792
0 0 0.981979 0.009794 0.000549 0.000010 0.007667
0 0 0.984876 0.008539 0.000454 0.000007 0.006124
0 0 0.988466 0.005827 0.000235 0.000003 0.005470
0 0 0.984874 0.008772 0.000481 0.000008 0.005865
0 0 0.990908 0.006305 0.000330 0.000004 0.002452
0 0 0.991078 0.006336 0.000341 0.000005 0.002240
0 0 0.985822 0.008667 0.000490 0.000008 0.005013
0 0 0.989318 0.006553 0.000317 0.000004 0.003807
0 0 0.990105 0.005730 0.000248 0.000003 0.003914
0 0 0.990839 0.005389 0.000227 0.000003 0.003542
0 0 0.982051 0.008641 0.000423 0.000007 0.008878
0 0 0.991868 0.003663 0.000108 0.000001 0.004360
0 0 0.984357 0.008667 0.000459 0.000008 0.006510
0 0 0.991626 0.005141 0.000217 0.000002 0.003013
0 0 0.981513 0.008990 0.000452 0.000008 0.009038
0 0 0.989155 0.005685 0.000231 0.000003 0.004927
0 0 0.986241 0.006845 0.000299 0.000004 0.006611
0 0 0.983318 0.010025 0.000608 0.000011 0.006038
0 0 0.984225 0.008744 0.000466 0.000008 0.006557
0 0 0.990002 0.005239 0.000203 0.000002 0.004555
0 0 0.986208 0.007728 0.000387 0.000006 0.005672
0 0 0.987992 0.006575 0.000296 0.000004 0.005133
0 0 0.987308 0.006934 0.000322 0.000004 0.005432
0 0 0.986317 0.007611 0.000376 0.000006 0.005691
0 0 0.980438 0.008110 0.000357 0.000005 0.011089
0 0 0.984920 0.007035 0.000302 0.000004 0.007739
0 0 0.972666 0.010358 0.000504 0.000009 0.016463
0 0 0.987611 0.005994 0.000240 0.000003 0.006152
0 0 0.979115 0.010628 0.000602 0.000012 0.009643
0 0 0.966693 0.014789 0.000943 0.000024 0.017551
0 0 0.991010 0.004648 0.000167 0.000002 0.004174
0 0 0.990067 0.004850 0.000173 0.000002 0.004909
0 0 0.988719 0.005896 0.000244 0.000003 0.005138
0 0 0.990188 0.004978 0.000184 0.000002 0.004648
0 0 0.990358 0.004968 0.000185 0.000002 0.004487
0 0 0.984778 0.007216 0.000317 0.000004 0.007684
0 0 0.990952 0.004022 0.000124 0.000001 0.004902
0 0 0.974868 0.010011 0.000488 0.000009 0.014623
0 0 0.977420 0.011970 0.000741 0.000016 0.009853
0 0 0.987484 0.006031 0.000242 0.000003 0.006241
0 0 0.982931 0.007230 0.000302 0.000004 0.009533
0 0 0.984594 0.007160 0.000310 0.000004 0.007932
0 0 0.991780 0.004257 0.000146 0.000001 0.003816
0 0 0.989490 0.004613 0.000152 0.000001 0.005743
0 0 0.991393 0.004471 0.000158 0.000002 0.003977
0 0 0.989870 0.005076 0.000189 0.000002 0.004863
0 0 0.989147 0.006907 0.000354 0.000005 0.003587
0 0 0.983805 0.007777 0.000359 0.000005 0.008054
0 0 0.961953 0.017983 0.001321 0.000039 0.018704
0 0 0.942734 0.021625 0.001601 0.000055 0.033985
0 0 0.971465 0.013407 0.000831 0.000019 0.014277
0 0 0.940973 0.019553 0.001300 0.000041 0.038134
0 0 0.963190 0.015170 0.000949 0.000024 0.020667
0 0 0.950780 0.018577 0.001259 0.000038 0.029347
0 0 0.975458 0.010264 0.000518 0.000010 0.013750
0 0 0.974237 0.013304 0.000862 0.000020 0.011577
0 0 0.921927 0.029245 0.002580 0.000114 0.046134
0 0 0.866571 0.053329 0.006996 0.000522 0.072582
0 0 0.820637 0.065782 0.009615 0.000878 0.103088
0 0 0.974221 0.014164 0.000986 0.000024 0.010604
0 0 0.980755 0.009649 0.000513 0.000009 0.009074
0 0 0.981900 0.008612 0.000418 0.000007 0.009063
0 1 0.936035 0.028427 0.002649 0.000114 0.032774
0 1 0.586831 0.177569 0.045931 0.003927 0.185742
0 0 0.859314 0.056184 0.007621 0.000596 0.076285
0 1 0.939406 0.027846 0.002605 0.000110 0.030032
0 4 0.912994 0.038848 0.004379 0.000246 0.043533
0 4 0.874757 0.056358 0.008054 0.000629 0.060202
0 4 0.865828 0.056690 0.007911 0.000622 0.068949
0 4 0.845560 0.066888 0.010519 0.000963 0.076071
4 4 0.120823 0.020792 0.002027 0.000296 0.856062
4 4 0.130476 0.016561 0.001295 0.000147 0.851521
4 4 0.081638 0.016105 0.001567 0.000252 0.900438
4 4 0.074631 0.018511 0.002109 0.000408 0.904341
4 4 0.087849 0.016785 0.001624 0.000255 0.893487
4 4 0.089145 0.041110 0.006539 0.000814 0.862393
4 4 0.093261 0.016997 0.001611 0.000244 0.887887
4 4 0.040265 0.018404 0.002499 0.000407 0.938425
4 4 0.106335 0.026843 0.003430 0.000684 0.862708
4 4 0.077881 0.017235 0.001814 0.000320 0.902751
4 4 0.230465 0.031084 0.003052 0.000376 0.735024
4 4 0.073981 0.014872 0.001429 0.000232 0.909486
4 4 0.125361 0.019039 0.001698 0.000224 0.853678
4 4 0.084919 0.018893 0.002046 0.000364 0.893779
4 4 0.072386 0.029130 0.003997 0.000485 0.894002
4 4 0.035680 0.011722 0.001370 0.000324 0.950904
4 4 0.076241 0.083973 0.017242 0.000705 0.821839
4 4 0.052150 0.014582 0.001658 0.000348 0.931262
4 4 0.089717 0.019212 0.002049 0.000354 0.888669
4 4 0.097341 0.042761 0.006472 0.000662 0.852764
4 4 0.127676 0.043948 0.006289 0.000696 0.821390
4 4 0.107580 0.022876 0.002555 0.000442 0.866547
4 4 0.095938 0.059726 0.010213 0.000690 0.833433
4 4 0.041000 0.019020 0.002626 0.000432 0.936922
4 4 0.066008 0.056318 0.010342 0.000637 0.866695
4 4 0.206966 0.026128 0.002346 0.000272 0.764289
4 4 0.135359 0.020228 0.001822 0.000238 0.842354
4 4 0.257135 0.041621 0.004922 0.000710 0.695612
4 4 0.120884 0.018531 0.001648 0.000219 0.858719
4 4 0.056708 0.016327 0.001944 0.000420 0.924601
4 4 0.042309 0.016807 0.002278 0.000511 0.938094
4 4 0.059386 0.016071 0.001844 0.000379 0.922320
4 4 0.044684 0.031377 0.005155 0.000532 0.918251
4 4 0.034278 0.059277 0.013717 0.000727 0.892001
4 4 0.126773 0.022457 0.002273 0.000341 0.848156
4 4 0.077677 0.022298 0.002888 0.000631 0.896506
4 4 0.149400 0.031058 0.003757 0.000648 0.815137
4 4 0.087427 0.035294 0.004641 0.000366 0.872272
4 4 0.039158 0.079138 0.018521 0.000564 0.862619
4 4 0.018767 0.055428 0.013351 0.000387 0.912067
4 4 0.052595 0.105163 0.026302 0.000758 0.815181
4 4 0.027589 0.022543 0.003569 0.000360 0.945938
4 4 0.029010 0.013782 0.001752 0.000278 0.955178
4 4 0.064363 0.043800 0.007713 0.000765 0.883359
4 4 0.017946 0.037774 0.007637 0.000275 0.936368
4 0 0.044185 0.064857 0.013245 0.000468 0.877246
4 1 0.086556 0.035113 0.005509 0.000955 0.871867
4 2 0.025172 0.061934 0.014972 0.000519 0.897403
4 2 0.015945 0.081437 0.023672 0.000410 0.878536
4 2 0.012514 0.090441 0.027892 0.000313 0.868840
4 2 0.008464 0.098485 0.032109 0.000191 0.860751
4 1 0.025697 0.089459 0.025641 0.000689 0.858514
4 1 0.020540 0.113706 0.038767 0.000782 0.826204
4 1 0.015175 0.092024 0.028448 0.000421 0.863932
4 1 0.011852 0.224747 0.115868 0.000722 0.646811
4 1 0.020252 0.099652 0.031779 0.000684 0.847634
4 1 0.005796 0.122976 0.045538 0.000134 0.825556
4 1 0.015772 0.171718 0.073964 0.000792 0.737754
4 2 0.009994 0.181418 0.081944 0.000434 0.726211
4 2 0.011126 0.160344 0.105552 0.000607 0.722372
2 2 0.010479 0.285038 0.486999 0.006497 0.210987
2 2 0.005754 0.161818 0.765487 0.008895 0.058046
2 2 0.009187 0.211654 0.656460 0.008593 0.114106
2 2 0.010841 0.274965 0.507250 0.006445 0.200499
2 2 0.003646 0.111921 0.838108 0.008721 0.037604
2 2 0.006780 0.139320 0.788493 0.008687 0.056720
2 2 0.005867 0.120841 0.813688 0.013783 0.045820
2 2 0.013688 0.151478 0.692448 0.010760 0.131627
2 2 0.005279 0.092178 0.850714 0.014838 0.036990
2 2 0.006945 0.127307 0.790131 0.010488 0.065128
2 2 0.012311 0.159703 0.740252 0.017945 0.069788
2 2 0.009400 0.029573 0.908809 0.043531 0.008687
2 2 0.009950 0.099803 0.811860 0.031104 0.047283
2 2 0.023121 0.203938 0.583234 0.019037 0.170671
2 2 0.006693 0.079182 0.852785 0.025550 0.035790
2 2 0.011784 0.080736 0.800053 0.064613 0.042815
2 2 0.011024 0.048539 0.793406 0.117473 0.029558
2 3 0.015552 0.081527 0.787559 0.068218 0.047144
2 3 0.011570 0.067584 0.800212 0.082985 0.037649
2 3 0.006865 0.041349 0.750932 0.178329 0.022524
2 3 0.017538 0.160602 0.674218 0.071233 0.076409
2 3 0.005777 0.017315 0.539497 0.425760 0.011650
2 3 0.008099 0.027756 0.515810 0.430568 0.017766
3 3 0.002347 0.004517 0.184153 0.805574 0.003409
2 3 0.006146 0.019871 0.492671 0.470346 0.010966
3 3 0.006145 0.012206 0.339863 0.633657 0.008129
3 3 0.004287 0.008220 0.235326 0.745982 0.006186
2 3 0.004184 0.014530 0.537412 0.434549 0.009324
3 3 0.002184 0.003805 0.192779 0.798641 0.002591
3 3 0.006975 0.022680 0.425233 0.530455 0.014656
3 3 0.001401 0.004345 0.171707 0.819750 0.002797
3 3 0.001802 0.005572 0.172905 0.816137 0.003583
3 3 0.000758 0.002603 0.062552 0.932508 0.001578
3 3 0.000992 0.002688 0.096405 0.898132 0.001784
3 3 0.001209 0.002716 0.133985 0.860152 0.001937
3 3 0.002595 0.017698 0.283389 0.687486 0.008832
3 3 0.002309 0.006575 0.194219 0.792542 0.004355
3 3 0.002380 0.007428 0.128103 0.857384 0.004705
3 3 0.001481 0.004363 0.088259 0.903101 0.002797
3 3 0.000989 0.002745 0.092617 0.901844 0.001805
3 3 0.001291 0.003521 0.098550 0.894310 0.002328
3 3 0.002030 0.005055 0.144866 0.844574 0.003474
3 3 0.000688 0.001830 0.094902 0.901354 0.001226
3 3 0.000646 0.001897 0.079838 0.916396 0.001223
3 3 0.000603 0.001682 0.086049 0.910561 0.001106
3 3 0.000141 0.000506 0.045973 0.953076 0.000304
3 3 0.000697 0.002378 0.062531 0.932947 0.001446
3 3 0.000372 0.001262 0.058015 0.939581 0.000771
3 3 0.000439 0.001517 0.057510 0.939615 0.000919
3 3 0.000814 0.002525 0.086032 0.909031 0.001598
3 3 0.001442 0.004118 0.092706 0.899061 0.002673
3 3 0.000309 0.001099 0.052340 0.945592 0.000660
3 3 0.002050 0.005363 0.111769 0.877223 0.003595
3 3 0.000419 0.001210 0.077622 0.919963 0.000787
3 3 0.000502 0.001518 0.073567 0.923444 0.000969
3 3 0.001344 0.004035 0.084488 0.907564 0.002569
3 3 0.001068 0.003028 0.099514 0.894411 0.001980
3 3 0.002035 0.006675 0.083830 0.903351 0.004109
3 3 0.000730 0.002944 0.047205 0.947444 0.001676
3 3 0.001911 0.006447 0.072624 0.915102 0.003916
3 3 0.001717 0.004890 0.095185 0.895033 0.003175
3 3 0.002194 0.006754 0.086141 0.900662 0.004249
3 3 0.000979 0.003203 0.070264 0.923578 0.001976
3 3 0.001098 0.003650 0.069407 0.923609 0.002236
3 3 0.001052 0.002637 0.110308 0.884200 0.001803
3 3 0.000581 0.001853 0.068332 0.928077 0.001157
3 3 0.011775 0.031567 0.335555 0.602242 0.018860
3 2 0.045866 0.041407 0.401156 0.498825 0.012746
2 3 0.018938 0.110388 0.688147 0.127449 0.055078
2 3 0.033870 0.089918 0.697866 0.142409 0.035937
2 2 0.027239 0.120886 0.689904 0.101869 0.060101
2 2 0.041324 0.254002 0.553085 0.044630 0.106960
2 2 0.027268 0.199072 0.557937 0.115368 0.100355
2 2 0.029762 0.073325 0.560468 0.295228 0.041217
2 2 0.032668 0.167665 0.631149 0.100831 0.067687
2 2 0.100428 0.171335 0.650597 0.043987 0.033652
2 2 0.055656 0.275283 0.525906 0.042217 0.100938
2 2 0.016620 0.107005 0.751935 0.069354 0.055086
2 2 0.020210 0.053861 0.737041 0.167021 0.021868
2 2 0.064344 0.157012 0.693661 0.053574 0.031409
2 2 0.024296 0.182515 0.683315 0.040430 0.069444
2 2 0.017609 0.095827 0.758739 0.073306 0.054520
2 2 0.009113 0.027080 0.844154 0.108574 0.011080
2 3 0.008719 0.057922 0.729807 0.175294 0.028257
2 2 0.008449 0.056277 0.759560 0.146015 0.029699
2 2 0.028318 0.156689 0.707489 0.054223 0.053280
2 2 0.043293 0.154882 0.694571 0.055467 0.051786
2 3 0.013102 0.076038 0.712113 0.157941 0.040805
2 2 0.010614 0.028753 0.618811 0.328231 0.013592
2 3 0.022424 0.123962 0.622267 0.162819 0.068528
2 3 0.022885 0.053746 0.692986 0.206726 0.023656
2 2 0.028831 0.137880 0.667580 0.099696 0.066013
2 2 0.060992 0.102945 0.633531 0.155268 0.047264
2 2 0.023079 0.134635 0.735791 0.064063 0.042433
2 2 0.025615 0.155927 0.737938 0.037775 0.042744
2 2 0.014646 0.081895 0.759810 0.097661 0.045988
2 3 0.039415 0.194111 0.688570 0.029487 0.048416
2 2 0.016940 0.054725 0.860687 0.050864 0.016783
2 2 0.070238 0.230281 0.601943 0.042660 0.054879
2 2 0.027335 0.236363 0.620872 0.028806 0.086624
2 2 0.036851 0.220310 0.664340 0.021749 0.056750
2 2 0.013381 0.146824 0.776705 0.019864 0.043227
2 2 0.026427 0.159096 0.695822 0.045086 0.073568
2 2 0.018636 0.105750 0.768569 0.059616 0.047429
2 2 0.015276 0.083735 0.793518 0.065935 0.041536
2 2 0.009597 0.057966 0.796882 0.104059 0.031496
2 2 0.011771 0.053457 0.843704 0.071109 0.019960
2 2 0.030526 0.196266 0.658707 0.039420 0.075081
2 3 0.022545 0.115613 0.661307 0.134621 0.065914
2 3 0.020822 0.148911 0.703286 0.055976 0.071005
2 3 0.008418 0.048066 0.710466 0.206559 0.026492
2 3 0.018767 0.093325 0.660224 0.174106 0.053579
2 3 0.018870 0.146217 0.653887 0.108126 0.072900
2 0 0.034927 0.058200 0.528402 0.348179 0.030292
1 2 0.261568 0.360442 0.292543 0.035658 0.049788
2 2 0.036174 0.092954 0.742416 0.100615 0.027841
2 2 0.016076 0.146674 0.741110 0.032340 0.063799
2 2 0.010985 0.060887 0.767663 0.128147 0.032318
2 2 0.011809 0.114079 0.797426 0.033184 0.043502
2 2 0.024744 0.101941 0.807296 0.037269 0.028750
2 2 0.008543 0.093356 0.820520 0.039001 0.038581
2 2 0.019583 0.102454 0.782962 0.058320 0.036682
2 3 0.014700 0.107189 0.725364 0.101880 0.050866
2 2 0.025418 0.088280 0.751099 0.107544 0.027659
2 2 0.029349 0.133335 0.728680 0.054397 0.054240
2 2 0.009921 0.083293 0.765319 0.100574 0.040892
2 3 0.016941 0.142453 0.771694 0.026184 0.042728
2 2 0.012986 0.083418 0.804661 0.057805 0.041130
2 3 0.019507 0.131701 0.710295 0.068949 0.069547
2 2 0.014460 0.086410 0.725370 0.129663 0.044097
2 3 0.022963 0.086366 0.722519 0.128473 0.039680
2 3 0.014440 0.063479 0.791648 0.101263 0.029169
2 2 0.027417 0.152060 0.628599 0.107397 0.084527
2 3 0.022275 0.083348 0.651937 0.194857 0.047583
2 2 0.022849 0.064294 0.735220 0.148075 0.029562
2 0 0.061838 0.107704 0.611575 0.171009 0.047873
1 2 0.136962 0.415297 0.368992 0.019577 0.059173
2 2 0.017115 0.236947 0.612743 0.033997 0.099197
2 2 0.008915 0.126019 0.770446 0.041792 0.052828
2 2 0.017330 0.183507 0.676840 0.038166 0.084157
2 2 0.026207 0.146960 0.716748 0.059622 0.050464
2 2 0.060131 0.321537 0.540377 0.017495 0.060460
2 2 0.018635 0.115114 0.788939 0.041930 0.035382
2 2 0.007208 0.032043 0.793175 0.151419 0.016155
2 2 0.015759 0.069406 0.791777 0.095608 0.027449
2 2 0.025479 0.162235 0.679989 0.057035 0.075262
2 2 0.014117 0.140982 0.699159 0.080567 0.065174
2 2 0.026835 0.076956 0.755812 0.106581 0.033817
2 2 0.016852 0.153426 0.662305 0.094696 0.072721
2 2 0.012924 0.077425 0.776923 0.090112 0.042616
2 2 0.024196 0.143794 0.616882 0.137372 0.077756
2 3 0.008355 0.089817 0.771135 0.089976 0.040717
2 2 0.026078 0.111295 0.639734 0.155718 0.067176
2 3 0.016540 0.148261 0.660602 0.104076 0.070521
2 3 0.021759 0.063461 0.646969 0.234829 0.032982
2 3 0.010389 0.043071 0.583752 0.337664 0.025124
2 3 0.006601 0.026480 0.691187 0.262654 0.013079
2 3 0.016088 0.053041 0.605089 0.293825 0.031957
2 0 0.015674 0.075869 0.583056 0.281939 0.043461
2 3 0.044920 0.110556 0.669643 0.126238 0.048643
2 2 0.010962 0.075269 0.805364 0.083584 0.024821
2 2 0.024689 0.181126 0.716096 0.028574 0.049515
2 2 0.019559 0.081199 0.730141 0.136985 0.032116
2 2 0.008826 0.032274 0.880192 0.069314 0.009394
2 3 0.035448 0.317205 0.467955 0.039802 0.139589
2 3 0.012739 0.076363 0.752545 0.118436 0.039917
2 3 0.017609 0.076966 0.780750 0.092261 0.032413
2 2 0.015509 0.072678 0.776478 0.104903 0.030433
2 2 0.025546 0.150015 0.705981 0.052492 0.065967
2 2 0.015778 0.111673 0.790378 0.039350 0.042822
2 3 0.012307 0.088499 0.759874 0.093569 0.045751
2 3 0.007243 0.029707 0.809483 0.142449 0.011117
2 0 0.012329 0.057414 0.744140 0.161947 0.024171
2 2 0.187637 0.257119 0.463859 0.045865 0.045519
2 2 0.037783 0.315195 0.567597 0.011284 0.068140
2 2 0.010421 0.052551 0.862448 0.063741 0.010839
2 2 0.017962 0.071800 0.842005 0.050469 0.017765
2 2 0.016863 0.095104 0.841655 0.021130 0.025248
2 2 0.006325 0.045461 0.876614 0.058314 0.013286
2 2 0.046557 0.266060 0.603252 0.021776 0.062355
2 2 0.026936 0.236997 0.672800 0.009094 0.054173
2 2 0.014786 0.272502 0.613609 0.008965 0.090139
2 2 0.011991 0.167287 0.768185 0.008339 0.044199
1 2 0.036919 0.380671 0.289239 0.005113 0.288059
2 2 0.011823 0.248871 0.538654 0.004841 0.195811
2 2 0.013711 0.211518 0.678269 0.013303 0.083199
1 2 0.136507 0.424041 0.215164 0.003833 0.220455
4 2 0.172417 0.256678 0.088380 0.003706 0.478820
4 2 0.109560 0.353580 0.150626 0.002554 0.383680
1 1 0.032708 0.372943 0.323880 0.003792 0.266677
4 1 0.304390 0.244566 0.070902 0.003087 0.377055
4 1 0.067795 0.331279 0.161963 0.003169 0.435794
4 0 0.226574 0.321334 0.111728 0.002847 0.337517
0 1 0.529638 0.224756 0.062519 0.003177 0.179909
4 0 0.181131 0.210256 0.066450 0.004024 0.538139
4 4 0.145644 0.198842 0.062218 0.003239 0.590057
4 4 0.140566 0.119331 0.030148 0.002780 0.707175
4 4 0.075028 0.182136 0.067338 0.003635 0.671863
4 4 0.096419 0.168997 0.055272 0.003214 0.676097
4 4 0.134249 0.112727 0.027531 0.002420 0.723073
4 4 0.087895 0.173818 0.055655 0.002357 0.680275
4 4 0.093764 0.251542 0.093387 0.002517 0.558790
4 0 0.225878 0.218045 0.067027 0.004170 0.484880
0 0 0.663605 0.093717 0.015649 0.001625 0.225404
4 0 0.347756 0.186065 0.045929 0.002850 0.417401
4 0 0.230357 0.241536 0.069666 0.002383 0.456058
4 1 0.137299 0.345949 0.132899 0.002170 0.381684
1 1 0.033437 0.386740 0.246336 0.002401 0.331086
4 1 0.037030 0.306739 0.159918 0.002181 0.494131
4 1 0.017424 0.268896 0.289147 0.003023 0.421512
2 2 0.009527 0.185204 0.719342 0.009956 0.075970
2 2 0.006459 0.144864 0.785884 0.008150 0.054643
2 2 0.008123 0.098322 0.828860 0.013700 0.050996
2 2 0.010296 0.169932 0.741427 0.006200 0.072146
2 2 0.003535 0.085477 0.859937 0.009448 0.041603
2 2 0.007932 0.120812 0.815955 0.010698 0.044602
2 2 0.004968 0.149117 0.784480 0.005496 0.055939
2 2 0.007888 0.104645 0.830285 0.013329 0.043853
2 2 0.007856 0.147771 0.784531 0.008857 0.050985
2 2 0.009694 0.178471 0.730662 0.011122 0.070051
2 2 0.008246 0.148346 0.763129 0.009244 0.071035
2 2 0.011916 0.235148 0.589310 0.006291 0.157336
2 2 0.006043 0.124318 0.813196 0.008892 0.047550
2 2 0.005993 0.122055 0.816159 0.008948 0.046845
2 2 0.009203 0.188562 0.713005 0.010131 0.079099
2 2 0.008458 0.133422 0.790479 0.012385 0.055256
2 2 0.009559 0.126177 0.794010 0.015012 0.055242
2 2 0.015133 0.170265 0.713908 0.018499 0.082195
2 2 0.009839 0.103148 0.843775 0.011045 0.032192
2 2 0.009747 0.107307 0.815432 0.017690 0.049824
2 2 0.029378 0.063931 0.821838 0.056429 0.028425
2 2 0.027734 0.361598 0.532731 0.008269 0.069668
2 2 0.007373 0.124477 0.805291 0.012389 0.050470
2 2 0.008638 0.142828 0.768194 0.010100 0.070241
2 2 0.010412 0.148456 0.761354 0.016714 0.063064
2 2 0.004575 0.043248 0.905460 0.027754 0.018963
2 2 0.009357 0.079146 0.863283 0.017493 0.030721
2 2 0.010229 0.109164 0.829437 0.016471 0.034699
2 2 0.019104 0.071534 0.858053 0.029215 0.022094
2 2 0.015409 0.225332 0.686949 0.009274 0.063036
2 0 0.017418 0.195406 0.704112 0.016470 0.066593
1 1 0.261786 0.420194 0.273850 0.006592 0.037578
2 2 0.030373 0.401264 0.463004 0.007697 0.097661
2 2 0.011779 0.120041 0.818735 0.019400 0.030045
2 2 0.006299 0.060616 0.883454 0.031821 0.017809
2 2 0.010567 0.109673 0.820693 0.021282 0.037784
2 2 0.006004 0.068591 0.880196 0.023746 0.021463
2 2 0.015673 0.120913 0.808940 0.017147 0.037327
2 2 0.014272 0.145777 0.793025 0.009986 0.036941
2 2 0.006739 0.090276 0.831597 0.032476 0.038911
2 2 0.007878 0.119302 0.806164 0.016798 0.049858
2 2 0.005519 0.094111 0.849864 0.009332 0.041174
2 2 0.004949 0.061525 0.891582 0.017241 0.024702
2 2 0.018571 0.132145 0.799149 0.013849 0.036285
2 2 0.010466 0.132550 0.779163 0.019343 0.058479
2 2 0.007298 0.091647 0.836161 0.024311 0.040583
2 2 0.011944 0.119065 0.803427 0.022433 0.043131
2 2 0.009512 0.048762 0.869870 0.051110 0.020746
2 3 0.013211 0.042237 0.882412 0.049439 0.012701
2 2 0.010995 0.054991 0.842611 0.069771 0.021633
2 2 0.012979 0.130332 0.767339 0.027737 0.061614
2 2 0.011391 0.047000 0.856111 0.068153 0.017344
2 2 0.010495 0.112521 0.800994 0.023633 0.052356
2 2 0.013480 0.089576 0.809666 0.042646 0.044632
2 2 0.016911 0.069634 0.812398 0.072187 0.028871
2 2 0.023418 0.219802 0.612178 0.040295 0.104307
2 2 0.011817 0.039421 0.821455 0.107866 0.019441
2 2 0.015834 0.091449 0.801499 0.049263 0.041956
2 3 0.022228 0.118852 0.746147 0.059960 0.052813
2 3 0.006958 0.039812 0.831122 0.109502 0.012606
2 2 0.003725 0.023048 0.743464 0.217306 0.012457
2 2 0.022046 0.150613 0.683306 0.086551 0.057485
2 3 0.015211 0.119984 0.697791 0.107319 0.059696
2 3 0.022098 0.161143 0.619940 0.115153 0.081667
2 3 0.006262 0.046623 0.662919 0.260797 0.023399
2 3 0.007149 0.024414 0.581236 0.371439 0.015762
2 3 0.019729 0.123737 0.626088 0.164831 0.065616
2 3 0.011265 0.061763 0.613741 0.279154 0.034077
2 3 0.004116 0.013069 0.543779 0.431560 0.007475
2 3 0.008199 0.026247 0.510945 0.437429 0.017181
2 3 0.015800 0.093055 0.652016 0.188695 0.050433
2 3 0.002172 0.006727 0.585810 0.402602 0.002690
2 3 0.010310 0.036412 0.688071 0.249154 0.016053
2 3 0.004628 0.025528 0.636356 0.319341 0.014147
3 3 0.001671 0.004635 0.211821 0.778757 0.003115
2 3 0.005799 0.022270 0.667748 0.294505 0.009678
2 3 0.002582 0.010508 0.576470 0.404371 0.006069
3 3 0.004016 0.011308 0.225831 0.751324 0.007521
2 3 0.007139 0.036338 0.517560 0.418581 0.020382
3 3 0.001528 0.004415 0.199857 0.791276 0.002923
3 3 0.003562 0.010844 0.278515 0.699995 0.007084
2 3 0.007983 0.042592 0.608759 0.317301 0.023365
3 3 0.002451 0.008377 0.224021 0.759913 0.005239
2 3 0.002130 0.009691 0.503387 0.479103 0.005688
3 3 0.001660 0.004620 0.158732 0.831916 0.003072
3 3 0.001418 0.004099 0.152634 0.839158 0.002691
3 3 0.000722 0.001736 0.113591 0.882741 0.001209
2 3 0.007785 0.033300 0.630516 0.310234 0.018165
2 3 0.006410 0.041471 0.604347 0.326103 0.021669
2 3 0.002667 0.011240 0.562317 0.417363 0.006413
3 3 0.003822 0.013513 0.328800 0.645425 0.008440
2 3 0.009895 0.049266 0.538855 0.374132 0.027852
2 3 0.006137 0.020157 0.649341 0.315192 0.009172
2 3 0.011884 0.050129 0.771855 0.148204 0.017929
2 3 0.019774 0.074110 0.756641 0.117862 0.031612
2 3 0.008200 0.044971 0.736960 0.184654 0.025214
2 3 0.004717 0.026246 0.639090 0.315442 0.014505
3 3 0.005503 0.013297 0.274738 0.697109 0.009353
2 3 0.007731 0.035676 0.703815 0.235924 0.016855
2 3 0.011594 0.053383 0.590006 0.318670 0.026346
2 3 0.003942 0.021365 0.588870 0.373958 0.011864
3 3 0.001897 0.006026 0.268606 0.719575 0.003896
3 3 0.006044 0.033475 0.370864 0.571625 0.017992
3 3 0.003155 0.020568 0.462089 0.503572 0.010616
3 3 0.002955 0.010287 0.113979 0.866535 0.006245
3 3 0.003282 0.011179 0.201043 0.777539 0.006957
3 3 0.002253 0.006563 0.169326 0.817563 0.004295
3 3 0.003482 0.010892 0.178869 0.799811 0.006945
3 3 0.001546 0.003905 0.139119 0.852756 0.002674
3 3 0.002535 0.009390 0.264405 0.717924 0.005746
3 3 0.001165 0.003813 0.201678 0.790917 0.002427
3 3 0.005222 0.015558 0.204533 0.764591 0.010096
3 3 0.001371 0.003740 0.284493 0.708241 0.002155
3 3 0.000866 0.002329 0.132763 0.862475 0.001567
3 3 0.001652 0.003722 0.135345 0.856720 0.002561
3 3 0.003652 0.011654 0.179821 0.797495 0.007379
3 3 0.000819 0.002116 0.122711 0.872914 0.001440
3 3 0.001351 0.003286 0.135474 0.857608 0.002280
3 3 0.002420 0.006117 0.120606 0.866705 0.004152
3 3 0.001149 0.003236 0.092167 0.901334 0.002114
3 3 0.009133 0.020193 0.170877 0.785456 0.014341
3 3 0.003899 0.010576 0.113592 0.864964 0.006968
3 3 0.006338 0.015343 0.138736 0.829537 0.010046
3 3 0.003792 0.009437 0.130170 0.850170 0.006430
3 3 0.006169 0.014814 0.144961 0.823846 0.010210
3 3 0.005822 0.012060 0.220494 0.753425 0.008199
3 3 0.002799 0.006488 0.104769 0.882920 0.003025
3 3 0.006206 0.014808 0.146499 0.822257 0.010230
3 0 0.006977 0.017437 0.137642 0.826119 0.011825
2 0 0.100203 0.164582 0.453742 0.212097 0.069376
1 2 0.281389 0.389193 0.271459 0.014413 0.043546
2 2 0.029164 0.131428 0.704055 0.083076 0.052277
2 3 0.023644 0.077905 0.712952 0.160920 0.024580
2 3 0.014915 0.048273 0.836974 0.084869 0.014969
2 3 0.028574 0.116844 0.773309 0.042840 0.038432
2 2 0.047219 0.226418 0.628727 0.032290 0.065346
2 2 0.026322 0.173553 0.688732 0.054282 0.057110
1 4 0.156121 0.388211 0.378757 0.020536 0.056375
1 4 0.174348 0.404312 0.248606 0.012608 0.160126
2 4 0.131175 0.319087 0.482176 0.010224 0.057338
0 4 0.539351 0.170860 0.049456 0.008594 0.231739
1 4 0.215621 0.394956 0.206700 0.008439 0.174284
1 4 0.253985 0.381835 0.221812 0.014795 0.127574
0 4 0.580967 0.228848 0.083414 0.008216 0.098556
0 4 0.443531 0.328952 0.144529 0.006001 0.076987
0 4 0.620070 0.166989 0.061766 0.012066 0.139109
0 4 0.506126 0.153580 0.044343 0.011459 0.284492
0 4 0.467010 0.201399 0.065126 0.010435 0.256030
1 4 0.202103 0.408932 0.214479 0.006929 0.167557
0 4 0.533605 0.167018 0.049701 0.010572 0.239103
4 4 0.204038 0.038628 0.004787 0.000777 0.751771
4 4 0.223725 0.042894 0.005541 0.000913 0.726927
4 4 0.173560 0.076425 0.013611 0.001304 0.735101
4 4 0.158675 0.062015 0.010592 0.001344 0.767374
4 4 0.216305 0.033604 0.003619 0.000500 0.745972
4 4 0.179757 0.073370 0.012825 0.001333 0.732716
4 4 0.149998 0.059112 0.009831 0.001171 0.779887
4 4 0.064308 0.099776 0.023947 0.000917 0.811052
4 4 0.104279 0.024736 0.002989 0.000565 0.867430
4 4 0.131650 0.035647 0.005135 0.001096 0.826473
4 4 0.129492 0.061771 0.010526 0.000997 0.797213
4 0 0.236896 0.042355 0.005274 0.000823 0.714653
4 4 0.452466 0.045098 0.004549 0.000456 0.497432
4 4 0.317307 0.051411 0.006591 0.000964 0.623726
4 4 0.102740 0.041143 0.006352 0.000857 0.848908
4 4 0.043089 0.044561 0.009111 0.000891 0.902347
4 4 0.046904 0.126237 0.038346 0.001280 0.787234
4 4 0.082110 0.074347 0.015886 0.001230 0.826428
4 4 0.116054 0.027990 0.003526 0.000670 0.851760
4 4 0.202284 0.065235 0.010903 0.001522 0.720057
4 4 0.026305 0.036613 0.007218 0.000470 0.929394
4 4 0.072380 0.052871 0.010778 0.001457 0.862513
4 4 0.131334 0.072832 0.013700 0.001290 0.780844
4 4 0.203752 0.037930 0.004635 0.000741 0.752942
4 4 0.078799 0.020530 0.002470 0.000499 0.897702
4 4 0.093968 0.059197 0.011538 0.001388 0.833909
4 4 0.156179 0.053683 0.008676 0.001264 0.780198
4 4 0.165096 0.049689 0.007502 0.001085 0.776629
4 4 0.211878 0.042979 0.005705 0.000982 0.738456
4 4 0.188994 0.060616 0.008892 0.000780 0.740718
4 4 0.139515 0.058713 0.009696 0.001028 0.791048
4 4 0.117496 0.031753 0.004413 0.000935 0.845402
4 4 0.097318 0.064947 0.012070 0.000954 0.824710
4 4 0.186932 0.052047 0.008043 0.001346 0.751631
4 4 0.087153 0.071255 0.014760 0.001230 0.825602
4 4 0.178391 0.047430 0.007408 0.001582 0.765190
4 4 0.172580 0.098123 0.019425 0.001439 0.708433
4 4 0.250108 0.050933 0.007190 0.001253 0.690515
4 4 0.225244 0.043684 0.005710 0.000950 0.724412
4 4 0.232857 0.057956 0.008771 0.001323 0.699094
4 4 0.119464 0.086370 0.018803 0.001813 0.773550
4 4 0.282343 0.052634 0.007231 0.001180 0.656612
4 4 0.097169 0.087110 0.019266 0.001429 0.795026
4 4 0.088171 0.101973 0.022571 0.000921 0.786364
4 4 0.158597 0.059181 0.010312 0.001631 0.770280
4 0 0.185305 0.068559 0.011447 0.001227 0.733462
0 0 0.682269 0.045698 0.004355 0.000327 0.267351
0 0 0.608031 0.042807 0.003868 0.000299 0.344996
0 0 0.496749 0.054533 0.006263 0.000685 0.441770
4 0 0.259479 0.086143 0.015224 0.001688 0.637466
4 0 0.348293 0.085205 0.013034 0.001084 0.552384
4 1 0.189463 0.097021 0.018373 0.001312 0.693831
4 1 0.079555 0.183746 0.058790 0.001798 0.676112
4 1 0.101831 0.136380 0.034194 0.001283 0.726312
4 1 0.195547 0.137440 0.031256 0.001872 0.633885
4 0 0.292881 0.060188 0.008649 0.001231 0.637051
0 1 0.548621 0.056652 0.006566 0.000690 0.387471
4 1 0.235825 0.097361 0.017823 0.001440 0.647550
4 0 0.209587 0.131609 0.026997 0.001278 0.630530
0 0 0.535954 0.052687 0.005774 0.000581 0.405004
0 0 0.942481 0.024937 0.002127 0.000082 0.030372
0 0 0.888261 0.041439 0.004504 0.000269 0.065527
0 0 0.910886 0.032383 0.003003 0.000144 0.053584
0 0 0.897290 0.037735 0.003857 0.000212 0.060906
0 0 0.902621 0.037326 0.003851 0.000209 0.055994
0 0 0.979847 0.008479 0.000386 0.000006 0.011282
0 0 0.932796 0.027065 0.002347 0.000097 0.037695
0 0 0.907068 0.032367 0.002955 0.000142 0.057468
0 0 0.925362 0.027654 0.002350 0.000099 0.044535
0 0 0.964603 0.015987 0.001074 0.000029 0.018307
0 0 0.945644 0.019898 0.001387 0.000044 0.033027
0 0 0.970809 0.011489 0.000602 0.000012 0.017088
0 0 0.975536 0.011024 0.000599 0.000012 0.012828
0 0 0.984812 0.005293 0.000171 0.000002 0.009722
0 0 0.970436 0.013062 0.000774 0.000018 0.015710
0 0 0.977472 0.009900 0.000501 0.000009 0.012119
0 0 0.977742 0.009599 0.000473 0.000008 0.012177
0 0 0.966850 0.012857 0.000714 0.000016 0.019563
0 0 0.962706 0.016915 0.001176 0.000033 0.019169
0 0 0.928200 0.033790 0.003589 0.000179 0.034242
0 0 0.949098 0.021445 0.001654 0.000056 0.027747
0 0 0.961644 0.019096 0.001492 0.000046 0.017721
0 0 0.959715 0.015356 0.000937 0.000024 0.023968
0 0 0.963132 0.018923 0.001495 0.000046 0.016403
0 0 0.959512 0.019524 0.001520 0.000048 0.019397
0 0 0.980994 0.008615 0.000409 0.000007 0.009975
0 0 0.976681 0.008340 0.000351 0.000005 0.014622
0 0 0.984659 0.006242 0.000236 0.000003 0.008860
0 0 0.963053 0.014274 0.000840 0.000020 0.021813
0 0 0.966912 0.011365 0.000561 0.000011 0.021151
0 0 0.805063 0.037301 0.003174 0.000181 0.154281
0 0 0.813763 0.031326 0.002314 0.000113 0.152483
0 1 0.513142 0.078801 0.012255 0.001781 0.394021
4 1 0.059118 0.321520 0.147106 0.002012 0.470244
4 0 0.102067 0.329625 0.134531 0.002304 0.431472
4 1 0.314031 0.157146 0.033551 0.001746 0.493526
4 1 0.094601 0.268789 0.098915 0.002073 0.535622
4 1 0.120593 0.351289 0.141492 0.002230 0.384396
1 1 0.039915 0.386868 0.221505 0.001900 0.349811
4 1 0.019163 0.353749 0.234266 0.001662 0.391159
4 2 0.012241 0.324354 0.229712 0.001487 0.432205
2 1 0.011539 0.347437 0.409716 0.003266 0.228042
4 1 0.062008 0.298343 0.128426 0.001933 0.509290
4 1 0.099235 0.339432 0.147232 0.002772 0.411328
1 1 0.066401 0.378314 0.187396 0.002164 0.365725
4 1 0.020444 0.367071 0.236146 0.001414 0.374925
4 1 0.044311 0.367929 0.192583 0.001710 0.393468
4 1 0.082019 0.310982 0.128752 0.002140 0.476106
4 1 0.075188 0.326219 0.146303 0.002488 0.449802
1 2 0.033046 0.387796 0.243284 0.002175 0.333699
1 2 0.030620 0.397286 0.258091 0.002071 0.311933
4 2 0.014335 0.311986 0.324039 0.002789 0.346850
1 2 0.028229 0.405870 0.303963 0.003109 0.258828
4 2 0.050320 0.358347 0.180253 0.001851 0.409230
0 1 0.401377 0.203711 0.046688 0.001680 0.346544
4 1 0.093096 0.238754 0.084859 0.002237 0.581054
4 1 0.033715 0.286187 0.145587 0.001998 0.532513
4 1 0.060656 0.353240 0.167552 0.001907 0.416644
4 1 0.046631 0.345578 0.176074 0.001966 0.429751
1 2 0.017122 0.340540 0.323061 0.003842 0.315435
2 2 0.005117 0.198149 0.716649 0.003954 0.076131
2 2 0.002204 0.105345 0.841163 0.002095 0.049193
2 2 0.007990 0.224416 0.604595 0.003560 0.159439
2 2 0.008337 0.245635 0.611683 0.003163 0.131182
2 2 0.011842 0.301019 0.557193 0.003812 0.126134
2 2 0.004260 0.135859 0.793507 0.004113 0.062261
1 1 0.069156 0.483796 0.312347 0.002153 0.132549
1 1 0.023197 0.377658 0.260315 0.002152 0.336679
1 1 0.062562 0.433771 0.247121 0.002250 0.254296
1 1 0.016054 0.397294 0.319658 0.001939 0.265055
2 2 0.007630 0.357220 0.428183 0.001998 0.204969
1 2 0.036667 0.455514 0.317385 0.001872 0.188562
1 2 0.012404 0.348820 0.328836 0.001982 0.307958
1 0 0.229524 0.382495 0.180836 0.006595 0.200550
0 1 0.351539 0.267660 0.077513 0.002604 0.300684
1 2 0.013495 0.393504 0.321168 0.001636 0.270197
2 2 0.008217 0.298339 0.499328 0.002678 0.191437
1 2 0.012974 0.378380 0.354511 0.003224 0.250911
2 2 0.009505 0.366104 0.436484 0.001746 0.186161
2 2 0.007950 0.348333 0.525581 0.002090 0.116047
2 2 0.002930 0.060854 0.915365 0.004390 0.016461
2 2 0.008607 0.183567 0.716453 0.007921 0.083453
2 2 0.003799 0.132309 0.787353 0.003023 0.073516
2 2 0.012560 0.263691 0.613523 0.004991 0.105234
1 2 0.017473 0.401046 0.354282 0.003051 0.224148
1 2 0.020042 0.391431 0.344180 0.004186 0.240161
2 2 0.006006 0.176423 0.702394 0.003649 0.111529
2 2 0.009370 0.366679 0.415572 0.002272 0.206107
2 2 0.010352 0.247934 0.649326 0.004860 0.087528
2 2 0.003471 0.055546 0.908380 0.009305 0.023298
2 2 0.013068 0.181329 0.732571 0.006008 0.067024
2 2 0.006388 0.115912 0.835683 0.007113 0.034905
2 2 0.007060 0.187495 0.747097 0.005251 0.053097
2 1 0.008618 0.165831 0.763778 0.007592 0.054180
1 1 0.029143 0.436106 0.362881 0.003241 0.168628
2 1 0.023139 0.183861 0.745083 0.005513 0.042404
1 2 0.021391 0.415686 0.370187 0.003480 0.189256
2 0 0.024568 0.439239 0.465630 0.003365 0.067198
1 0 0.272049 0.390564 0.189107 0.006582 0.141697
0 1 0.574830 0.249280 0.074269 0.002327 0.099293
1 2 0.058901 0.470695 0.356328 0.003412 0.110664
2 2 0.019315 0.349170 0.540863 0.006428 0.084224
2 2 0.010940 0.103506 0.843527 0.011273 0.030753
2 2 0.021061 0.126026 0.801611 0.016011 0.035291
2 2 0.006636 0.213460 0.703517 0.006018 0.070370
2 2 0.003410 0.046639 0.933593 0.006313 0.010045
2 2 0.010438 0.133282 0.816950 0.007386 0.031943
2 2 0.007364 0.181490 0.727151 0.006820 0.077174
2 2 0.015057 0.257134 0.603404 0.008372 0.116034
2 2 0.009016 0.169047 0.775789 0.005824 0.040323
2 2 0.009845 0.127777 0.768492 0.010837 0.083050
2 2 0.013126 0.213139 0.666906 0.006570 0.100259
2 2 0.013000 0.192836 0.749433 0.005882 0.038848
2 2 0.009068 0.146485 0.800653 0.006756 0.037038
2 2 0.011155 0.138092 0.818891 0.005692 0.026170
2 2 0.005394 0.077449 0.880603 0.010162 0.026393
2 2 0.004809 0.109204 0.859418 0.003684 0.022885
2 2 0.008830 0.226155 0.675787 0.007779 0.081449
2 2 0.037531 0.198676 0.726228 0.008768 0.028797
2 2 0.009974 0.098268 0.846894 0.012300 0.032564
2 2 0.009118 0.049143 0.834889 0.084295 0.022555
2 2 0.004977 0.031132 0.921462 0.032309 0.010120
2 2 0.024887 0.204006 0.696461 0.020019 0.054627
2 2 0.013350 0.057003 0.881445 0.033609 0.014593
2 2 0.005732 0.064575 0.865680 0.040274 0.023740
2 2 0.014275 0.114133 0.755879 0.058346 0.057366
2 2 0.004396 0.024750 0.887431 0.074338 0.009085
2 2 0.008292 0.062428 0.874164 0.031810 0.023307
2 2 0.007993 0.038677 0.829272 0.110804 0.013255
2 2 0.005491 0.034924 0.895158 0.052861 0.011566
2 2 0.015330 0.064322 0.751488 0.136972 0.031888
2 3 0.009461 0.081345 0.817920 0.051037 0.040237
2 2 0.006805 0.018958 0.804483 0.162810 0.006945
2 3 0.012463 0.071814 0.756177 0.129824 0.029722
2 3 0.007532 0.047667 0.847864 0.077598 0.019339
2 3 0.008426 0.042065 0.700257 0.227645 0.021607
2 3 0.005834 0.031652 0.782997 0.165141 0.014376
3 3 0.003353 0.012747 0.433251 0.542784 0.007865
2 3 0.003144 0.011115 0.636295 0.342271 0.007175
2 3 0.010318 0.070720 0.721160 0.161032 0.036770
2 3 0.003987 0.023884 0.568403 0.390930 0.012796
2 3 0.003577 0.014797 0.548119 0.424537 0.008970
3 3 0.002341 0.007036 0.399663 0.586495 0.004466
3 3 0.001925 0.007696 0.445029 0.540654 0.004696
2 3 0.008007 0.045852 0.565868 0.355443 0.024830
3 3 0.002714 0.006118 0.161537 0.825277 0.004353
3 3 0.002178 0.009314 0.290413 0.692641 0.005455
2 3 0.004272 0.026550 0.496438 0.458797 0.013942
3 3 0.001157 0.004003 0.327274 0.665021 0.002544
3 3 0.000740 0.001824 0.248032 0.748260 0.001145
2 3 0.003795 0.028724 0.637279 0.315871 0.014331
3 3 0.002005 0.007734 0.313185 0.672368 0.004707
2 3 0.012689 0.066213 0.483452 0.401048 0.036597
3 3 0.002576 0.006742 0.114778 0.871390 0.004513
3 3 0.002154 0.009938 0.474756 0.507364 0.005789
3 3 0.001802 0.004837 0.105521 0.884629 0.003212
3 3 0.001467 0.004621 0.227602 0.763323 0.002986
3 3 0.003752 0.019546 0.456003 0.509839 0.010860
3 3 0.001635 0.004888 0.255196 0.735228 0.003052
3 3 0.004205 0.015241 0.323791 0.647338 0.009426
3 3 0.000994 0.003109 0.218111 0.775767 0.002018
3 3 0.000356 0.001074 0.070309 0.927574 0.000687
3 3 0.002698 0.007343 0.143556 0.841520 0.004883
3 3 0.003549 0.010047 0.311251 0.668399 0.006754
3 3 0.003320 0.010433 0.152614 0.827023 0.006610
3 3 0.001559 0.004813 0.155171 0.835366 0.003090
3 3 0.001116 0.003260 0.086336 0.907188 0.002100
3 3 0.003358 0.013556 0.248176 0.726888 0.008021
3 3 0.000799 0.002426 0.077520 0.917713 0.001542
3 3 0.004225 0.014186 0.235733 0.736955 0.008900
3 3 0.002811 0.007617 0.240726 0.743686 0.005159
3 3 0.001269 0.003118 0.116734 0.876731 0.002147
2 0 0.018510 0.114774 0.671975 0.133228 0.061512
1 1 0.194925 0.381290 0.333432 0.034061 0.056292
2 2 0.051286 0.265555 0.604010 0.022744 0.056404
2 2 0.041989 0.108160 0.792958 0.036786 0.020108
2 2 0.026143 0.095895 0.785827 0.068586 0.023550
2 1 0.042337 0.262503 0.599596 0.025819 0.069745
2 1 0.086293 0.357357 0.485229 0.012888 0.058233
2 1 0.080759 0.377639 0.408728 0.022985 0.109889
4 1 0.406908 0.147533 0.029022 0.001578 0.414958
4 4 0.255171 0.103550 0.020677 0.002256 0.618346
4 4 0.142795 0.181558 0.049949 0.001925 0.623773
4 4 0.222703 0.145527 0.032497 0.001783 0.597490
4 4 0.118676 0.143465 0.037401 0.001795 0.698662
4 4 0.332935 0.052814 0.006787 0.000978 0.606486
4 0 0.155309 0.090537 0.019326 0.002178 0.732650
0 0 0.548035 0.105131 0.017877 0.001610 0.327347
4 4 0.314187 0.049754 0.006236 0.000894 0.628929
4 4 0.224007 0.112251 0.022725 0.001772 0.639245
4 4 0.242426 0.091687 0.015874 0.001234 0.648780
4 4 0.228181 0.042287 0.005350 0.000858 0.723324
4 4 0.408401 0.054908 0.006740 0.000859 0.529093
0 4 0.564650 0.052572 0.005694 0.000550 0.376534
4 4 0.308085 0.057040 0.008064 0.001315 0.625496
4 4 0.218762 0.071703 0.012234 0.001586 0.695714
4 4 0.249898 0.047641 0.006370 0.001051 0.695039
4 4 0.175567 0.086555 0.017434 0.002051 0.718393
4 4 0.270371 0.047610 0.006142 0.000953 0.674923
4 4 0.334591 0.044674 0.004995 0.000624 0.615116
4 4 0.331398 0.054916 0.007301 0.001091 0.605294
4 4 0.132531 0.094802 0.021280 0.002092 0.749295
4 0 0.200756 0.093528 0.017833 0.001577 0.686307
0 0 0.745804 0.044838 0.004287 0.000299 0.204772
0 4 0.571923 0.052329 0.005634 0.000537 0.369576
4 4 0.204459 0.068452 0.011768 0.001648 0.713672
4 4 0.176491 0.078925 0.015004 0.001793 0.727787
4 4 0.132000 0.100676 0.021394 0.001378 0.744552
4 4 0.105458 0.113201 0.028190 0.001873 0.751278
4 4 0.158033 0.105724 0.023031 0.001857 0.711355
4 4 0.114135 0.050752 0.008367 0.000986 0.825761
4 4 0.146260 0.042775 0.006136 0.000902 0.803926
4 4 0.120303 0.027056 0.003266 0.000595 0.848780
4 4 0.178843 0.031518 0.003531 0.000536 0.785572
4 4 0.176254 0.030450 0.003341 0.000499 0.789457
4 4 0.237068 0.034369 0.003612 0.000473 0.724478
4 4 0.172605 0.027429 0.002796 0.000389 0.796783
4 4 0.126980 0.024469 0.002651 0.000426 0.845474
4 4 0.113060 0.014682 0.001121 0.000129 0.871007
4 4 0.130183 0.021870 0.002138 0.000307 0.845501
4 4 0.141393 0.036629 0.005203 0.001074 0.815701
4 4 0.108288 0.029017 0.003910 0.000820 0.857965
4 4 0.069338 0.054883 0.010500 0.000901 0.864378
4 4 0.116417 0.047721 0.007407 0.000816 0.827640
4 4 0.311407 0.033195 0.003005 0.000310 0.652083
4 4 0.264212 0.038538 0.004229 0.000561 0.692460
4 4 0.064926 0.046407 0.008186 0.000706 0.879776
4 4 0.091692 0.046741 0.007909 0.000947 0.852712
4 4 0.066541 0.025842 0.003521 0.000505 0.903590
4 4 0.112174 0.036943 0.005657 0.001132 0.844094
4 4 0.030972 0.040624 0.008362 0.000643 0.919400
4 4 0.093567 0.031382 0.004381 0.000694 0.869976
4 4 0.080774 0.027029 0.003893 0.000855 0.887448
4 4 0.063707 0.045812 0.008706 0.001053 0.880722
4 4 0.140724 0.046492 0.007421 0.001318 0.804045
4 0 0.186297 0.033839 0.003936 0.000614 0.775315
0 0 0.729492 0.023957 0.001348 0.000057 0.245146
4 1 0.251727 0.035948 0.003811 0.000495 0.708019
4 1 0.074834 0.051567 0.009093 0.000727 0.863779
4 1 0.056198 0.049086 0.009316 0.000759 0.884640
4 1 0.024787 0.158922 0.062703 0.001202 0.752386
4 2 0.016913 0.206328 0.100508 0.001093 0.675157
4 2 0.019696 0.228158 0.117084 0.001546 0.633516
4 2 0.022199 0.169068 0.071463 0.001283 0.735987
4 2 0.011982 0.220568 0.112218 0.000715 0.654517
4 1 0.016518 0.178129 0.078308 0.000881 0.726164
