0 0 0.931460 0.046537 0.008860 0.001345 0.011799
0 0 0.876383 0.064199 0.022314 0.006882 0.030222
0 0 0.717186 0.177970 0.058078 0.004836 0.041930
0 0 0.893885 0.058613 0.017721 0.004631 0.025150
0 0 0.875652 0.075177 0.020866 0.003630 0.024675
0 0 0.824639 0.114273 0.030505 0.003133 0.027451
0 0 0.767552 0.147457 0.044833 0.004219 0.035939
0 0 0.761073 0.149093 0.047127 0.004658 0.038049
0 0 0.435386 0.399540 0.120698 0.002507 0.041870
0 0 0.700933 0.190614 0.061631 0.004625 0.042197
0 0 0.581110 0.263245 0.096691 0.005551 0.053403
0 0 0.484976 0.387580 0.094085 0.001526 0.031834
0 0 0.436771 0.403684 0.117399 0.002267 0.039879
0 0 0.435116 0.398763 0.121318 0.002554 0.042249
1 1 0.110961 0.447465 0.418638 0.000878 0.022057
2 2 0.000890 0.082343 0.913501 0.000035 0.003231
2 2 0.000504 0.037911 0.959695 0.000073 0.001817
2 2 0.000426 0.035896 0.961733 0.000068 0.001876
2 2 0.000366 0.023567 0.973969 0.000169 0.001929
2 2 0.000394 0.030450 0.962647 0.000273 0.006236
2 2 0.000140 0.013501 0.983159 0.000271 0.002930
2 2 0.000071 0.005328 0.993225 0.000426 0.000950
2 2 0.000160 0.008284 0.990071 0.000453 0.001031
2 2 0.000712 0.044718 0.943817 0.000357 0.010396
2 2 0.000242 0.012254 0.985041 0.000519 0.001943
2 2 0.000407 0.013846 0.982045 0.001032 0.002671
2 2 0.000263 0.017111 0.980422 0.000248 0.001956
2 2 0.000199 0.014949 0.982059 0.000295 0.002498
2 2 0.001863 0.084420 0.902502 0.000265 0.010949
2 2 0.009205 0.086275 0.900743 0.000740 0.003037
1 1 0.209825 0.651017 0.080657 0.000209 0.058291
1 0 0.197314 0.563461 0.119579 0.000864 0.118783
1 0 0.354046 0.429959 0.140826 0.003076 0.072093
0 0 0.449989 0.334941 0.126444 0.005504 0.083123
1 0 0.280121 0.459720 0.115231 0.001794 0.143134
1 1 0.061834 0.624500 0.079755 0.000144 0.233767
2 2 0.002248 0.216692 0.744040 0.000071 0.036949
2 2 0.000066 0.024013 0.971601 0.000030 0.004290
2 4 0.000295 0.061685 0.886199 0.000177 0.051644
4 4 0.002138 0.277659 0.251571 0.000085 0.468547
4 4 0.004642 0.316836 0.150460 0.000103 0.527959
4 4 0.001806 0.291405 0.246404 0.000057 0.460327
4 4 0.005615 0.379808 0.121633 0.000060 0.492884
4 4 0.004752 0.209269 0.069804 0.000151 0.716025
4 4 0.005631 0.226081 0.067724 0.000148 0.700416
4 4 0.007219 0.117338 0.040082 0.000475 0.834886
4 4 0.010395 0.305073 0.057358 0.000119 0.627056
4 4 0.014634 0.406970 0.090154 0.000130 0.488111
1 4 0.039878 0.541318 0.076486 0.000150 0.342169
4 4 0.009132 0.126043 0.039480 0.000463 0.824882
1 4 0.078367 0.629916 0.086422 0.000193 0.205102
4 4 0.024525 0.450024 0.068154 0.000136 0.457161
1 4 0.051960 0.652804 0.069097 0.000081 0.226058
4 4 0.010694 0.334409 0.049403 0.000078 0.605416
4 4 0.007936 0.193508 0.045149 0.000198 0.753208
4 4 0.007738 0.235620 0.047205 0.000132 0.709306
4 4 0.009114 0.252532 0.050862 0.000149 0.687343
1 4 0.036088 0.443448 0.085690 0.000310 0.434464
4 4 0.008613 0.362157 0.079663 0.000080 0.549487
4 4 0.021872 0.362122 0.073093 0.000258 0.542654
4 4 0.002819 0.067486 0.019309 0.000172 0.910215
4 4 0.005492 0.238535 0.037822 0.000061 0.718091
4 4 0.003058 0.116311 0.024238 0.000083 0.856310
4 4 0.010468 0.322611 0.049640 0.000085 0.617197
4 4 0.005883 0.278578 0.040619 0.000047 0.674874
4 4 0.001759 0.156195 0.054279 0.000063 0.787704
4 4 0.008012 0.050953 0.015760 0.000475 0.924800
1 4 0.035104 0.566261 0.068245 0.000094 0.330296
4 4 0.012740 0.271116 0.060590 0.000237 0.655317
4 4 0.008794 0.462229 0.063144 0.000028 0.465805
1 4 0.001075 0.363183 0.295198 0.000015 0.340529
1 4 0.003322 0.414752 0.322541 0.000046 0.259339
4 4 0.020605 0.043787 0.014946 0.001244 0.919418
4 4 0.018146 0.107192 0.032041 0.000728 0.841892
4 4 0.006840 0.298065 0.040277 0.000046 0.654772
4 4 0.009743 0.355846 0.045124 0.000051 0.589236
4 4 0.020156 0.348436 0.071116 0.000252 0.560040
1 4 0.032770 0.606844 0.060774 0.000056 0.299555
4 4 0.003649 0.281633 0.092273 0.000062 0.622383
4 4 0.002172 0.106870 0.045093 0.000188 0.845677
1 4 0.027532 0.572968 0.058999 0.000055 0.340445
4 4 0.004476 0.233326 0.044287 0.000059 0.717852
4 4 0.000844 0.207435 0.254080 0.000056 0.537584
4 4 0.001980 0.278784 0.291244 0.000084 0.427908
4 4 0.001197 0.240030 0.216130 0.000051 0.542591
4 4 0.007075 0.343911 0.059600 0.000051 0.589363
1 4 0.013206 0.484965 0.132560 0.000092 0.369178
2 2 0.000632 0.192117 0.694144 0.000041 0.113066
2 2 0.000075 0.047819 0.932944 0.000022 0.019140
2 2 0.000115 0.042388 0.938066 0.000056 0.019376
2 2 0.000085 0.015347 0.980197 0.000134 0.004237
2 2 0.000030 0.004310 0.994408 0.000236 0.001016
2 2 0.000047 0.004448 0.994338 0.000335 0.000833
2 2 0.000012 0.001187 0.998052 0.000628 0.000121
2 2 0.000026 0.002334 0.996062 0.001234 0.000343
2 2 0.000093 0.004783 0.993638 0.000690 0.000797
2 2 0.000022 0.001324 0.993476 0.005052 0.000126
2 2 0.000020 0.002301 0.995023 0.002320 0.000336
2 2 0.000055 0.002452 0.976126 0.021054 0.000313
2 2 0.000071 0.001817 0.971104 0.026826 0.000182
2 2 0.000022 0.002040 0.987927 0.009754 0.000258
2 2 0.000012 0.000915 0.924591 0.074414 0.000067
2 2 0.000013 0.001492 0.994703 0.003626 0.000165
2 2 0.000039 0.001775 0.971583 0.026417 0.000186
2 2 0.000025 0.001698 0.984482 0.013611 0.000184
2 3 0.000023 0.001282 0.928345 0.070239 0.000111
2 3 0.000013 0.000947 0.980462 0.018505 0.000072
2 3 0.000028 0.002999 0.992397 0.004077 0.000499
2 3 0.000020 0.001193 0.926970 0.071718 0.000100
2 3 0.000028 0.001768 0.964190 0.033824 0.000190
2 3 0.000018 0.001866 0.991749 0.006137 0.000230
2 3 0.000017 0.001116 0.927222 0.071554 0.000090
2 3 0.000019 0.001265 0.894159 0.104445 0.000112
2 3 0.000029 0.001404 0.935741 0.062699 0.000127
2 3 0.000020 0.001302 0.901994 0.096567 0.000116
2 3 0.000020 0.001375 0.876910 0.121566 0.000128
2 3 0.000014 0.001147 0.859041 0.139700 0.000099
2 3 0.000008 0.000644 0.955893 0.043416 0.000039
2 3 0.000052 0.002121 0.898054 0.099531 0.000242
2 3 0.000179 0.005280 0.988293 0.005903 0.000344
2 3 0.000019 0.001169 0.923125 0.075590 0.000097
2 3 0.000023 0.001586 0.824366 0.173860 0.000165
2 3 0.000023 0.001625 0.795068 0.203109 0.000174
2 3 0.000006 0.000728 0.894223 0.104994 0.000049
2 3 0.000017 0.001272 0.869199 0.129398 0.000115
2 3 0.000006 0.000939 0.563637 0.435327 0.000092
2 3 0.000004 0.000733 0.745851 0.253357 0.000055
2 3 0.000024 0.001682 0.786027 0.212083 0.000185
2 3 0.000014 0.001272 0.805625 0.192969 0.000120
2 3 0.000041 0.002198 0.794137 0.203350 0.000274
2 3 0.000008 0.000827 0.895582 0.103524 0.000059
2 3 0.000020 0.001374 0.871848 0.126630 0.000128
2 3 0.000015 0.001365 0.733794 0.264685 0.000140
2 3 0.000009 0.001061 0.734017 0.264817 0.000096
2 3 0.000013 0.001237 0.792703 0.205930 0.000116
3 3 0.000007 0.001034 0.490584 0.508261 0.000114
2 3 0.000013 0.001335 0.630590 0.367914 0.000147
2 3 0.000014 0.001316 0.760033 0.238507 0.000130
2 3 0.000011 0.001071 0.847599 0.151229 0.000090
2 3 0.000015 0.001357 0.737369 0.261122 0.000138
2 3 0.000025 0.001798 0.739236 0.258729 0.000211
2 3 0.000065 0.003132 0.595839 0.400418 0.000546
2 3 0.000034 0.002263 0.571180 0.426180 0.000343
2 3 0.000007 0.000856 0.843634 0.155439 0.000064
2 3 0.000004 0.000728 0.720178 0.279034 0.000055
2 3 0.000014 0.001129 0.870401 0.128361 0.000096
2 3 0.000009 0.001034 0.782152 0.216715 0.000089
2 3 0.000018 0.001578 0.669025 0.329197 0.000183
2 3 0.000011 0.001172 0.726735 0.271969 0.000112
2 3 0.000012 0.001271 0.684077 0.314509 0.000131
2 3 0.000007 0.000977 0.551509 0.447409 0.000099
2 3 0.000010 0.001187 0.661161 0.337521 0.000120
2 3 0.000004 0.000770 0.632109 0.367053 0.000064
2 3 0.000018 0.001567 0.656933 0.341300 0.000183
2 3 0.000005 0.000794 0.734456 0.264683 0.000062
3 3 0.000005 0.000843 0.484888 0.514178 0.000085
2 3 0.000009 0.001097 0.638761 0.360024 0.000109
2 3 0.000010 0.001210 0.543342 0.455300 0.000137
2 3 0.000032 0.002069 0.703220 0.294411 0.000268
3 3 0.000006 0.000910 0.493750 0.505241 0.000094
2 3 0.000006 0.000895 0.643094 0.355925 0.000080
2 3 0.000016 0.001528 0.612887 0.385385 0.000183
3 3 0.000010 0.001016 0.249940 0.748865 0.000169
2 3 0.000011 0.001251 0.650069 0.348537 0.000131
2 3 0.000012 0.001313 0.608621 0.389907 0.000146
2 3 0.000005 0.000843 0.626265 0.372813 0.000074
2 3 0.000005 0.000851 0.566960 0.432105 0.000079
2 3 0.000012 0.001244 0.713208 0.285412 0.000124
2 3 0.000006 0.000863 0.726203 0.272857 0.000071
3 3 0.000006 0.000878 0.408363 0.590649 0.000104
3 3 0.000014 0.001444 0.456288 0.542058 0.000196
2 3 0.000003 0.000549 0.788060 0.211354 0.000034
3 3 0.000008 0.001089 0.490656 0.508123 0.000124
2 3 0.000017 0.001562 0.559101 0.439121 0.000199
2 3 0.000012 0.001320 0.571682 0.426834 0.000152
2 3 0.000003 0.000623 0.678421 0.320908 0.000045
2 3 0.000015 0.001439 0.617672 0.380708 0.000166
2 3 0.000006 0.000904 0.667973 0.331037 0.000079
3 3 0.000014 0.001446 0.391877 0.606449 0.000213
2 3 0.000006 0.000894 0.649442 0.349579 0.000079
2 3 0.000129 0.004125 0.752051 0.242966 0.000729
2 3 0.000034 0.002217 0.601745 0.395681 0.000323
2 3 0.000097 0.003248 0.842738 0.153440 0.000477
2 3 0.000060 0.002769 0.754055 0.242716 0.000400
2 3 0.000108 0.003875 0.711093 0.284240 0.000684
2 3 0.000123 0.004172 0.699176 0.295758 0.000771
2 3 0.000089 0.003703 0.554424 0.441054 0.000730
2 3 0.000034 0.002258 0.553969 0.443391 0.000347
2 3 0.000037 0.002321 0.631714 0.365590 0.000337
2 3 0.000073 0.003285 0.624538 0.371532 0.000572
2 3 0.000262 0.006413 0.590679 0.401036 0.001610
2 2 0.131806 0.354817 0.491234 0.005073 0.017071
2 1 0.081825 0.244180 0.642860 0.012315 0.018820
2 2 0.018149 0.195842 0.733335 0.006004 0.046670
2 2 0.007267 0.110176 0.866674 0.001108 0.014774
2 2 0.002122 0.074829 0.903491 0.000810 0.018747
2 0 0.112578 0.238405 0.618778 0.008548 0.021692
1 0 0.274476 0.388236 0.254457 0.017069 0.065762
0 0 0.646276 0.139220 0.093145 0.033398 0.087962
2 0 0.175917 0.251911 0.376451 0.088465 0.107256
2 1 0.005050 0.157900 0.755621 0.001008 0.080421
2 2 0.000564 0.036412 0.947561 0.000604 0.014859
2 2 0.000074 0.005830 0.991782 0.000820 0.001494
2 2 0.030546 0.125947 0.724309 0.035321 0.083876
3 2 0.027757 0.045776 0.409818 0.445132 0.071517
2 2 0.002912 0.078667 0.882960 0.001574 0.033887
2 2 0.000244 0.028393 0.959085 0.000298 0.011980
2 2 0.003162 0.212586 0.638849 0.000335 0.145069
1 2 0.054372 0.479474 0.402159 0.000583 0.063413
2 2 0.000713 0.061023 0.920291 0.000251 0.017722
2 2 0.003778 0.235582 0.725639 0.000109 0.034893
1 2 0.213765 0.614026 0.095979 0.000393 0.075837
1 2 0.099715 0.697666 0.113349 0.000140 0.089130
1 2 0.068349 0.639383 0.155954 0.000226 0.136088
1 2 0.058436 0.662437 0.109984 0.000129 0.169014
1 2 0.025176 0.462315 0.433220 0.000293 0.078996
1 2 0.009193 0.413623 0.405326 0.000175 0.171682
1 2 0.042016 0.475449 0.444337 0.000299 0.037899
1 2 0.011156 0.505347 0.307733 0.000099 0.175665
2 4 0.013180 0.409216 0.469938 0.000237 0.107428
4 4 0.293198 0.226314 0.102816 0.010638 0.367033
1 4 0.132492 0.530273 0.128005 0.001041 0.208189
2 4 0.018951 0.408858 0.465305 0.000386 0.106500
1 0 0.219622 0.371737 0.370705 0.004032 0.033904
1 0 0.446236 0.458152 0.076122 0.000502 0.018987
0 0 0.555285 0.346709 0.071346 0.001100 0.025560
1 0 0.380511 0.408668 0.171287 0.002733 0.036801
2 0 0.171096 0.383730 0.432888 0.001308 0.010978
1 0 0.314257 0.443504 0.220130 0.001402 0.020707
0 0 0.547839 0.300095 0.100149 0.004057 0.047861
0 0 0.443232 0.428878 0.097703 0.001181 0.029006
0 0 0.643284 0.257182 0.064957 0.002193 0.032384
0 0 0.615829 0.294547 0.062282 0.001300 0.026042
0 0 0.623961 0.254091 0.075477 0.003404 0.043067
1 0 0.285813 0.535930 0.111057 0.000891 0.066309
1 1 0.025547 0.605520 0.265635 0.000102 0.103196
2 1 0.003859 0.110667 0.879975 0.000186 0.005313
2 2 0.000348 0.029887 0.967489 0.000095 0.002182
2 2 0.002286 0.159028 0.822654 0.000087 0.015945
2 2 0.000717 0.043116 0.948545 0.000292 0.007330
2 2 0.000113 0.029157 0.959018 0.000092 0.011620
2 2 0.000036 0.019271 0.976642 0.000022 0.004029
2 2 0.000021 0.013155 0.983914 0.000020 0.002890
2 2 0.000202 0.040414 0.950666 0.000069 0.008649
2 2 0.001221 0.155596 0.803405 0.000084 0.039693
2 2 0.056177 0.401492 0.475350 0.001228 0.065754
1 2 0.262524 0.419312 0.195989 0.005076 0.117099
1 2 0.043090 0.528351 0.323447 0.000389 0.104723
2 2 0.002218 0.244586 0.672962 0.000090 0.080144
2 2 0.000171 0.040792 0.947344 0.000069 0.011624
2 2 0.000028 0.011109 0.986689 0.000036 0.002139
2 2 0.000067 0.016608 0.979789 0.000066 0.003470
2 2 0.000533 0.096921 0.884231 0.000050 0.018264
2 2 0.000049 0.020900 0.971654 0.000045 0.007352
2 2 0.000274 0.036227 0.959385 0.000072 0.004042
2 2 0.001290 0.150066 0.824367 0.000066 0.024212
2 2 0.000183 0.018278 0.979945 0.000099 0.001495
2 2 0.000133 0.025307 0.968664 0.000092 0.005804
1 2 0.134097 0.495190 0.346912 0.000638 0.023163
1 0 0.414458 0.429128 0.124796 0.001517 0.030101
1 0 0.175306 0.560325 0.122167 0.000891 0.141310
1 1 0.013249 0.491136 0.375122 0.000124 0.120369
2 2 0.000339 0.053036 0.939095 0.000061 0.007469
2 2 0.000073 0.022824 0.974209 0.000028 0.002865
2 2 0.000140 0.014587 0.984147 0.000088 0.001037
2 2 0.000255 0.023333 0.974532 0.000098 0.001783
2 2 0.000087 0.020233 0.976608 0.000051 0.003022
2 2 0.000118 0.034257 0.955180 0.000059 0.010387
2 2 0.000049 0.006181 0.992631 0.000176 0.000963
2 2 0.000050 0.014620 0.981627 0.000063 0.003640
2 2 0.000011 0.006285 0.992444 0.000025 0.001236
2 2 0.000015 0.003467 0.996009 0.000071 0.000439
2 2 0.000018 0.006110 0.991875 0.000079 0.001918
2 2 0.000014 0.006578 0.991992 0.000037 0.001379
2 2 0.000077 0.007921 0.989400 0.000364 0.002238
2 2 0.000098 0.013148 0.984795 0.000118 0.001841
2 2 0.000029 0.008366 0.989330 0.000080 0.002195
2 2 0.000090 0.015817 0.980201 0.000122 0.003770
2 2 0.000306 0.019925 0.977303 0.000232 0.002234
2 2 0.169403 0.373188 0.442439 0.001530 0.013441
2 2 0.003100 0.260599 0.677074 0.000094 0.059133
2 2 0.003513 0.162339 0.778270 0.000423 0.055455
2 2 0.050582 0.431704 0.500883 0.000276 0.016554
2 2 0.008949 0.307212 0.651137 0.000151 0.032550
2 2 0.000180 0.025190 0.973101 0.000042 0.001487
2 2 0.000233 0.032248 0.965732 0.000037 0.001752
2 2 0.000026 0.005330 0.994176 0.000049 0.000419
2 2 0.000026 0.009612 0.988955 0.000032 0.001375
2 2 0.000018 0.006599 0.991268 0.000069 0.002047
2 2 0.000063 0.009974 0.987949 0.000131 0.001884
2 2 0.000015 0.004061 0.995371 0.000057 0.000497
2 2 0.000020 0.004084 0.994750 0.000152 0.000994
2 2 0.000026 0.005438 0.992804 0.000156 0.001577
2 2 0.000013 0.003405 0.995861 0.000085 0.000637
2 2 0.000032 0.005356 0.993672 0.000122 0.000818
2 2 0.000030 0.007635 0.990296 0.000095 0.001944
2 2 0.000056 0.006946 0.991206 0.000236 0.001556
2 2 0.000027 0.008774 0.989276 0.000055 0.001869
2 2 0.000014 0.004708 0.994238 0.000062 0.000979
2 2 0.000145 0.007558 0.990726 0.000511 0.001060
2 2 0.000559 0.070587 0.911697 0.000118 0.017039
2 2 0.000150 0.016232 0.980352 0.000193 0.003072
2 2 0.000343 0.028600 0.964805 0.000256 0.005996
2 3 0.000596 0.033814 0.956486 0.000491 0.008613
2 2 0.000199 0.036393 0.954355 0.000091 0.008962
2 2 0.001915 0.028225 0.966566 0.001159 0.002135
2 2 0.069451 0.238703 0.678619 0.002033 0.011193
1 2 0.167215 0.641250 0.128395 0.000306 0.062833
1 1 0.080038 0.656805 0.101975 0.000178 0.161005
2 2 0.001315 0.116433 0.859827 0.000127 0.022298
2 2 0.000238 0.066555 0.906977 0.000061 0.026169
2 2 0.000235 0.026882 0.968764 0.000124 0.003995
2 2 0.024596 0.151523 0.813178 0.001605 0.009098
0 0 0.821390 0.096787 0.035100 0.007172 0.039551
0 0 0.583957 0.283906 0.086501 0.003354 0.042283
1 0 0.394901 0.399542 0.109357 0.002487 0.093714
0 0 0.685830 0.134530 0.053884 0.010915 0.114842
1 0 0.088953 0.626996 0.202332 0.000303 0.081417
2 2 0.000517 0.084562 0.906565 0.000035 0.008321
2 2 0.000346 0.017995 0.980111 0.000225 0.001323
2 2 0.000151 0.036197 0.954908 0.000061 0.008683
2 2 0.000624 0.071749 0.915265 0.000099 0.012264
4 1 0.014113 0.293504 0.269647 0.001014 0.421723
1 1 0.034035 0.533971 0.132771 0.000223 0.299000
4 1 0.018291 0.237661 0.083822 0.000837 0.659389
4 1 0.057206 0.398371 0.117535 0.001139 0.425749
4 1 0.034285 0.292691 0.244236 0.003123 0.425666
4 1 0.041595 0.128260 0.073815 0.005545 0.750785
1 0 0.311116 0.448127 0.146441 0.002998 0.091318
1 0 0.175086 0.615383 0.102139 0.000435 0.106958
4 0 0.007907 0.061884 0.010249 0.000114 0.919846
4 1 0.032496 0.317028 0.039959 0.000130 0.610387
4 4 0.002201 0.042724 0.007744 0.000055 0.947276
4 4 0.005107 0.068540 0.015264 0.000155 0.910934
4 4 0.002727 0.087830 0.017601 0.000073 0.891769
4 4 0.005440 0.203456 0.039946 0.000100 0.751057
4 4 0.012358 0.124469 0.020867 0.000147 0.842159
4 4 0.007707 0.145702 0.024797 0.000103 0.821692
4 4 0.010307 0.108505 0.019716 0.000157 0.861315
4 4 0.034362 0.212260 0.040230 0.000374 0.712774
4 4 0.035904 0.286522 0.032717 0.000117 0.644740
4 4 0.006097 0.032401 0.007803 0.000236 0.953463
4 4 0.004449 0.045386 0.011883 0.000213 0.938069
4 4 0.003473 0.030733 0.006487 0.000115 0.959191
4 4 0.004142 0.027688 0.005787 0.000131 0.962252
4 4 0.002538 0.049313 0.009269 0.000065 0.938815
4 4 0.014137 0.410310 0.051332 0.000062 0.524159
4 4 0.002664 0.147382 0.025131 0.000046 0.824777
4 4 0.003877 0.202692 0.032224 0.000049 0.761158
4 4 0.003138 0.042851 0.008716 0.000094 0.945202
4 4 0.006267 0.261179 0.038985 0.000057 0.693512
4 4 0.016693 0.383451 0.060201 0.000119 0.539536
4 4 0.003550 0.080905 0.020991 0.000160 0.894393
4 4 0.008382 0.057587 0.011126 0.000170 0.922734
4 4 0.039683 0.314175 0.034404 0.000111 0.611627
4 4 0.004102 0.074028 0.015021 0.000105 0.906744
4 4 0.039184 0.406891 0.043770 0.000096 0.510059
4 4 0.041962 0.193183 0.034104 0.000380 0.730370
4 4 0.010902 0.199551 0.021859 0.000047 0.767642
4 4 0.012330 0.342607 0.053272 0.000097 0.591694
2 2 0.003786 0.418776 0.501000 0.000031 0.076407
2 2 0.001522 0.207306 0.762569 0.000038 0.028564
2 2 0.000182 0.085766 0.888339 0.000021 0.025692
2 2 0.000710 0.125911 0.856986 0.000033 0.016360
2 2 0.000151 0.089217 0.880030 0.000017 0.030585
2 2 0.000291 0.069463 0.916891 0.000040 0.013316
2 2 0.000125 0.045115 0.943576 0.000033 0.011152
2 2 0.000167 0.032537 0.960516 0.000074 0.006706
2 2 0.000086 0.046493 0.941126 0.000020 0.012275
2 2 0.000270 0.073872 0.865936 0.000109 0.059813
1 2 0.021177 0.552324 0.299310 0.000139 0.127050
2 2 0.001430 0.222865 0.666662 0.000080 0.108963
2 2 0.000023 0.011813 0.985272 0.000030 0.002862
2 2 0.006060 0.283240 0.667726 0.000142 0.042831
2 2 0.001281 0.158569 0.793274 0.000097 0.046778
2 2 0.000238 0.030383 0.966267 0.000072 0.003040
2 2 0.000078 0.028560 0.963553 0.000041 0.007768
2 2 0.000021 0.012654 0.984345 0.000023 0.002958
2 2 0.000050 0.018694 0.976219 0.000045 0.004992
2 2 0.000039 0.012725 0.983760 0.000062 0.003414
2 2 0.000021 0.009170 0.988598 0.000040 0.002170
2 2 0.000053 0.016527 0.979288 0.000055 0.004078
2 2 0.000045 0.013863 0.981849 0.000071 0.004173
2 2 0.000037 0.009792 0.986918 0.000102 0.003152
2 2 0.000070 0.021888 0.973898 0.000040 0.004103
1 2 0.359901 0.395373 0.200876 0.003649 0.040201
2 2 0.040598 0.394067 0.528386 0.000554 0.036395
2 2 0.000318 0.059429 0.926715 0.000069 0.013469
2 2 0.002097 0.106085 0.880728 0.000169 0.010921
2 2 0.000222 0.057952 0.933694 0.000029 0.008104
2 2 0.000005 0.003087 0.996121 0.000038 0.000749
2 2 0.000010 0.002840 0.996473 0.000088 0.000589
2 2 0.000013 0.004790 0.993721 0.000076 0.001400
2 2 0.000007 0.001625 0.998060 0.000097 0.000211
2 2 0.000005 0.002464 0.996979 0.000047 0.000505
2 2 0.000050 0.009753 0.987743 0.000123 0.002330
2 2 0.000034 0.004935 0.993512 0.000242 0.001277
2 2 0.000056 0.008220 0.990325 0.000129 0.001270
2 2 0.000023 0.003785 0.995144 0.000197 0.000851
2 2 0.000009 0.004011 0.994837 0.000058 0.001084
2 2 0.000015 0.002421 0.997038 0.000159 0.000367
2 2 0.000151 0.006884 0.991614 0.000544 0.000807
2 2 0.000060 0.009612 0.988103 0.000147 0.002078
2 2 0.000082 0.008135 0.990660 0.000173 0.000950
2 2 0.000071 0.006521 0.992528 0.000191 0.000690
2 2 0.000084 0.005400 0.993201 0.000465 0.000850
2 2 0.000041 0.003754 0.995443 0.000272 0.000490
2 2 0.000069 0.005362 0.993302 0.000436 0.000830
2 2 0.000023 0.002184 0.997139 0.000330 0.000325
2 2 0.000054 0.004504 0.994466 0.000319 0.000658
2 2 0.000068 0.004254 0.994926 0.000363 0.000389
2 2 0.000032 0.004147 0.994606 0.000261 0.000954
2 2 0.000111 0.003791 0.993765 0.001975 0.000358
2 2 0.000067 0.005022 0.993864 0.000353 0.000693
2 2 0.000028 0.003602 0.994952 0.000686 0.000732
2 2 0.000094 0.004045 0.991793 0.003375 0.000692
2 2 0.000105 0.005166 0.993226 0.000695 0.000808
2 2 0.000050 0.003543 0.995206 0.000577 0.000624
2 2 0.000071 0.002883 0.986273 0.010362 0.000411
2 2 0.000040 0.001247 0.985190 0.013419 0.000104
2 2 0.000089 0.002537 0.976428 0.020667 0.000279
2 2 0.000056 0.001708 0.967831 0.030237 0.000167
2 2 0.000073 0.002194 0.943176 0.054310 0.000247
2 2 0.000019 0.001120 0.939599 0.059172 0.000090
2 2 0.000017 0.000879 0.969140 0.029903 0.000061
2 3 0.000033 0.001526 0.932082 0.066215 0.000144
2 3 0.000039 0.001819 0.903728 0.094222 0.000192
2 3 0.000027 0.001652 0.852504 0.145645 0.000172
2 3 0.000055 0.002287 0.875649 0.121733 0.000276
2 3 0.000079 0.002345 0.936992 0.060310 0.000274
2 3 0.000041 0.001550 0.953736 0.044528 0.000145
2 3 0.000028 0.001455 0.920963 0.077419 0.000135
2 3 0.000068 0.002541 0.911979 0.085093 0.000319
2 3 0.000012 0.000868 0.944428 0.054630 0.000061
2 3 0.000024 0.001448 0.893524 0.104866 0.000137
2 3 0.000012 0.000995 0.890671 0.108244 0.000078
2 3 0.000025 0.001599 0.855002 0.143211 0.000163
2 3 0.000023 0.001507 0.865850 0.132472 0.000148
2 3 0.000021 0.001143 0.946037 0.052706 0.000092
2 3 0.000047 0.001894 0.920372 0.077486 0.000201
2 3 0.000033 0.001458 0.945001 0.053374 0.000133
2 3 0.000015 0.001033 0.923277 0.075594 0.000081
2 3 0.000086 0.002530 0.928075 0.069000 0.000309
2 3 0.000056 0.002247 0.890396 0.107036 0.000266
2 3 0.000020 0.001496 0.820246 0.178086 0.000151
2 3 0.000039 0.002191 0.771134 0.226358 0.000278
2 3 0.000017 0.001437 0.765371 0.233027 0.000148
2 3 0.000037 0.002108 0.782729 0.214865 0.000260
2 3 0.000092 0.003009 0.871824 0.124658 0.000417
2 3 0.000039 0.002153 0.785521 0.212020 0.000268
2 3 0.000051 0.002694 0.662140 0.334704 0.000412
2 3 0.000255 0.006652 0.560943 0.430538 0.001612
2 3 0.000143 0.004331 0.756571 0.238174 0.000781
2 3 0.000125 0.004075 0.746703 0.248379 0.000718
2 3 0.000086 0.003560 0.636686 0.359029 0.000639
2 3 0.000076 0.003340 0.645962 0.350045 0.000576
3 3 0.000303 0.007289 0.390922 0.599241 0.002245
2 3 0.000064 0.003089 0.600927 0.395387 0.000533
2 3 0.000098 0.003757 0.675094 0.320380 0.000671
3 3 0.000053 0.002831 0.476646 0.519939 0.000531
2 3 0.000087 0.003449 0.712459 0.283432 0.000573
2 3 0.000051 0.002391 0.822184 0.175069 0.000305
2 3 0.000098 0.003622 0.738907 0.256768 0.000605
2 3 0.000081 0.003415 0.665565 0.330353 0.000586
2 3 0.000077 0.003360 0.647819 0.348163 0.000580
2 3 0.000145 0.005254 0.674866 0.318874 0.000861
2 3 0.000068 0.003182 0.621477 0.374726 0.000547
2 3 0.000067 0.003211 0.551611 0.444520 0.000590
2 3 0.000055 0.002890 0.535234 0.461309 0.000512
2 3 0.000124 0.004333 0.608379 0.386285 0.000880
2 3 0.000063 0.002994 0.672792 0.323673 0.000478
3 3 0.000172 0.005215 0.379006 0.614116 0.001490
3 3 0.000181 0.005386 0.455436 0.537576 0.001421
2 3 0.000037 0.002376 0.541885 0.455323 0.000379
2 3 0.000042 0.002501 0.558772 0.438283 0.000403
2 3 0.000317 0.007999 0.617602 0.372372 0.001711
3 3 0.000092 0.003802 0.491755 0.503543 0.000809
2 3 0.000132 0.004461 0.619752 0.374745 0.000910
2 3 0.000034 0.002035 0.777161 0.220522 0.000248
2 3 0.000057 0.002952 0.526555 0.469904 0.000533
2 3 0.002233 0.022973 0.664313 0.303605 0.006877
2 3 0.001533 0.016174 0.753973 0.223693 0.004627
2 3 0.001493 0.016971 0.686245 0.288719 0.006572
2 3 0.001081 0.017384 0.845547 0.129487 0.006502
1 0 0.394079 0.397952 0.152639 0.004644 0.050686
0 0 0.425880 0.384098 0.136554 0.003672 0.049795
1 0 0.161207 0.437610 0.180431 0.003598 0.217154
1 0 0.108118 0.378643 0.292169 0.005489 0.215582
1 1 0.043279 0.459135 0.416319 0.000614 0.080654
2 2 0.011332 0.144252 0.829748 0.000917 0.013751
2 2 0.012494 0.339698 0.535578 0.000433 0.111796
2 2 0.176992 0.283511 0.499803 0.008189 0.031505
1 2 0.265004 0.454243 0.155042 0.003235 0.122475
0 1 0.447288 0.328377 0.147681 0.007587 0.069067
1 1 0.031773 0.502224 0.284465 0.000401 0.181137
2 1 0.002832 0.157808 0.780801 0.000353 0.058206
2 2 0.000087 0.009575 0.988171 0.000233 0.001935
2 2 0.000676 0.070575 0.852116 0.000534 0.076099
4 4 0.108625 0.228945 0.089824 0.004174 0.568432
2 4 0.008590 0.400749 0.422394 0.000179 0.168087
4 4 0.007103 0.211847 0.190709 0.000777 0.589564
4 4 0.011769 0.352493 0.227914 0.000386 0.407439
4 4 0.018147 0.381220 0.143785 0.000355 0.456493
4 4 0.044732 0.201419 0.092516 0.003204 0.658128
1 4 0.085283 0.506616 0.116784 0.000758 0.290559
1 4 0.028369 0.490712 0.221903 0.000363 0.258653
1 4 0.010247 0.425682 0.266482 0.000181 0.297408
1 4 0.042483 0.532997 0.211964 0.000408 0.212148
4 4 0.012808 0.319152 0.134843 0.000364 0.532834
1 4 0.105527 0.404146 0.153009 0.002909 0.334409
4 4 0.006377 0.052926 0.011814 0.000192 0.928691
4 4 0.003534 0.083261 0.018487 0.000113 0.894606
4 4 0.007688 0.060208 0.019913 0.000520 0.911671
4 4 0.004831 0.042224 0.010887 0.000221 0.941837
4 4 0.007862 0.273967 0.044631 0.000082 0.673458
4 4 0.006290 0.221793 0.042408 0.000104 0.729405
4 4 0.050171 0.221607 0.034499 0.000318 0.693405
4 4 0.010537 0.078841 0.020508 0.000373 0.889742
4 4 0.020050 0.029166 0.008516 0.000913 0.941355
4 4 0.004198 0.126261 0.023029 0.000077 0.846434
4 4 0.007902 0.044942 0.013115 0.000421 0.933621
4 4 0.019377 0.426306 0.061610 0.000106 0.492602
4 4 0.014866 0.323353 0.042348 0.000078 0.619355
4 4 0.013614 0.382401 0.048858 0.000065 0.555062
4 4 0.014975 0.467275 0.049495 0.000042 0.468213
4 4 0.006110 0.156505 0.029219 0.000104 0.808063
4 4 0.004030 0.060848 0.014122 0.000144 0.920854
4 4 0.002835 0.224295 0.064855 0.000056 0.707959
4 4 0.006319 0.278175 0.067666 0.000095 0.647745
4 4 0.001429 0.232392 0.150022 0.000050 0.616106
4 4 0.002114 0.232849 0.231926 0.000132 0.532978
4 4 0.013890 0.400601 0.052453 0.000068 0.532987
4 4 0.005657 0.250957 0.037756 0.000055 0.705574
4 4 0.003516 0.204107 0.030194 0.000038 0.762144
4 4 0.004347 0.255225 0.063385 0.000068 0.676976
4 4 0.003820 0.335432 0.233820 0.000098 0.426830
4 4 0.002799 0.219035 0.046817 0.000039 0.731310
4 4 0.002635 0.137916 0.037170 0.000098 0.822181
4 4 0.002140 0.185032 0.041945 0.000038 0.770846
4 4 0.002190 0.270856 0.279529 0.000103 0.447322
1 4 0.033232 0.548581 0.111349 0.000164 0.306674
1 4 0.049831 0.625790 0.234560 0.000179 0.089641
1 4 0.033115 0.557094 0.215745 0.000243 0.193803
2 2 0.010127 0.225087 0.732303 0.000454 0.032029
1 2 0.038660 0.572367 0.233001 0.000255 0.155717
2 2 0.004792 0.154588 0.826442 0.000233 0.013946
2 2 0.047002 0.288908 0.627876 0.001783 0.034432
2 2 0.025550 0.380825 0.560798 0.000310 0.032517
2 2 0.009740 0.144171 0.834217 0.000626 0.011246
1 2 0.068237 0.446295 0.442120 0.000761 0.042587
2 2 0.019280 0.281298 0.655746 0.000710 0.042965
2 2 0.076981 0.203193 0.703625 0.004004 0.012196
0 0 0.469555 0.387484 0.104525 0.001974 0.036462
0 0 0.788435 0.146618 0.035944 0.002401 0.026603
0 0 0.498708 0.389333 0.083693 0.001124 0.027142
0 0 0.825074 0.117039 0.029563 0.002697 0.025626
0 0 0.708438 0.192345 0.057460 0.003764 0.037993
0 0 0.789184 0.121955 0.042290 0.006164 0.040407
0 0 0.758777 0.156276 0.046045 0.003838 0.035064
0 0 0.690995 0.225262 0.053150 0.001939 0.028653
0 0 0.645371 0.238356 0.069064 0.003354 0.043855
1 0 0.210639 0.616010 0.094055 0.000374 0.078923
0 0 0.457259 0.370967 0.121696 0.003283 0.046796
0 0 0.627630 0.279026 0.063319 0.001603 0.028421
0 0 0.742677 0.169898 0.048966 0.003552 0.034906
0 0 0.631627 0.282791 0.058940 0.001278 0.025363
0 0 0.624568 0.251982 0.060704 0.002414 0.060332
1 0 0.253031 0.524227 0.114190 0.001079 0.107473
1 1 0.066058 0.661521 0.214167 0.000139 0.058116
2 2 0.006389 0.256341 0.703353 0.000171 0.033747
2 2 0.000262 0.075157 0.897963 0.000051 0.026568
2 2 0.000156 0.049457 0.936803 0.000042 0.013543
2 2 0.001327 0.129895 0.848411 0.000088 0.020279
1 2 0.069053 0.366491 0.317999 0.003953 0.242503
2 2 0.000762 0.135122 0.807295 0.000086 0.056736
2 2 0.000209 0.079173 0.884188 0.000042 0.036387
2 2 0.000042 0.014001 0.981987 0.000060 0.003911
2 2 0.000060 0.029517 0.959315 0.000036 0.011073
2 2 0.000022 0.012643 0.984178 0.000025 0.003132
2 2 0.000008 0.004192 0.994548 0.000043 0.001209
2 2 0.000052 0.023691 0.968112 0.000039 0.008106
2 2 0.000027 0.012764 0.984398 0.000031 0.002780
2 2 0.000052 0.019813 0.971410 0.000066 0.008659
2 2 0.000012 0.009029 0.987398 0.000031 0.003530
2 2 0.000073 0.022145 0.970910 0.000065 0.006806
2 2 0.000016 0.010883 0.983320 0.000040 0.005742
2 2 0.000040 0.023341 0.967114 0.000032 0.009473
2 2 0.000034 0.016050 0.977197 0.000050 0.006670
2 2 0.000128 0.032634 0.959832 0.000055 0.007351
2 2 0.000121 0.042495 0.940418 0.000053 0.016913
2 2 0.000009 0.004461 0.994635 0.000035 0.000859
2 2 0.000049 0.008357 0.988501 0.000212 0.002882
2 2 0.005624 0.129994 0.856867 0.000266 0.007249
2 2 0.000330 0.049159 0.942045 0.000079 0.008386
2 2 0.000029 0.008762 0.989378 0.000060 0.001771
2 2 0.000033 0.018542 0.975989 0.000027 0.005409
2 2 0.000047 0.013143 0.985015 0.000040 0.001755
2 2 0.000013 0.007426 0.990241 0.000038 0.002283
2 2 0.000008 0.005748 0.992730 0.000023 0.001491
2 2 0.000020 0.007348 0.991424 0.000038 0.001170
2 2 0.021937 0.116385 0.855498 0.001567 0.004613
2 2 0.005278 0.066115 0.923278 0.000961 0.004369
2 2 0.060048 0.328841 0.596028 0.000771 0.014312
2 2 0.029699 0.121419 0.838782 0.003049 0.007051
2 2 0.007360 0.053365 0.934806 0.001757 0.002712
1 2 0.294266 0.420136 0.260019 0.002037 0.023542
1 2 0.431508 0.442472 0.100117 0.000948 0.024955
0 0 0.692431 0.197763 0.063312 0.004456 0.042039
0 0 0.667055 0.245533 0.057013 0.001800 0.028599
1 0 0.446100 0.453539 0.079399 0.000579 0.020384
1 1 0.375487 0.513569 0.082479 0.000462 0.028004
1 2 0.112445 0.512271 0.342514 0.000603 0.032168
1 2 0.201745 0.640424 0.111018 0.000254 0.046560
2 2 0.031144 0.198624 0.756590 0.001331 0.012310
2 2 0.005833 0.107140 0.874673 0.000717 0.011637
0 2 0.695619 0.221244 0.052450 0.001975 0.028712
0 0 0.908461 0.055568 0.014037 0.002869 0.019064
0 0 0.897155 0.061637 0.016428 0.003298 0.021484
0 0 0.814114 0.121903 0.032637 0.003128 0.028218
0 0 0.840253 0.100196 0.028030 0.003607 0.027914
0 0 0.840225 0.112224 0.024780 0.001896 0.020875
0 0 0.931812 0.033639 0.010134 0.004666 0.019748
0 0 0.839857 0.101177 0.027952 0.003485 0.027529
0 0 0.773569 0.148643 0.041889 0.003454 0.032445
0 0 0.891634 0.059586 0.018237 0.004781 0.025764
0 0 0.872313 0.094960 0.017041 0.001106 0.014580
0 0 0.918873 0.046017 0.012395 0.003432 0.019283
0 0 0.908573 0.060123 0.013202 0.001962 0.016140
0 0 0.874279 0.090187 0.017776 0.001430 0.016329
0 0 0.721306 0.220293 0.038639 0.000896 0.018866
0 0 0.942938 0.035679 0.007500 0.001766 0.012116
0 0 0.961734 0.023971 0.004470 0.001276 0.008549
0 0 0.976697 0.010574 0.002443 0.002252 0.008033
0 0 0.986417 0.004754 0.001096 0.002187 0.005545
0 0 0.935909 0.038091 0.008961 0.002392 0.014647
0 0 0.963398 0.020403 0.004420 0.001913 0.009865
0 0 0.977523 0.012821 0.002321 0.001165 0.006170
0 0 0.982148 0.006135 0.001568 0.002916 0.007233
0 0 0.959901 0.021143 0.005028 0.002465 0.011463
0 0 0.974358 0.011948 0.002784 0.002311 0.008599
0 0 0.968083 0.015923 0.003735 0.002367 0.009891
0 0 0.982247 0.008188 0.001708 0.001693 0.006164
0 0 0.981964 0.008028 0.001733 0.001857 0.006418
0 0 0.979864 0.010955 0.002027 0.001230 0.005924
0 0 0.977158 0.011853 0.002402 0.001581 0.007006
0 0 0.972758 0.014241 0.003028 0.001809 0.008163
0 0 0.984895 0.006402 0.001353 0.001741 0.005609
0 0 0.986223 0.005201 0.001152 0.001968 0.005457
0 0 0.978811 0.010553 0.002176 0.001652 0.006809
0 0 0.985257 0.006895 0.001337 0.001382 0.005129
0 0 0.978111 0.012644 0.002234 0.001090 0.005921
0 0 0.987862 0.003927 0.000909 0.002197 0.005106
0 0 0.984992 0.004911 0.001215 0.002652 0.006231
0 0 0.987557 0.003041 0.000803 0.003115 0.005484
0 0 0.988304 0.002739 0.000719 0.003056 0.005182
0 0 0.979912 0.008834 0.001994 0.002105 0.007155
0 0 0.988349 0.002694 0.000709 0.003081 0.005166
0 0 0.974603 0.011614 0.002742 0.002393 0.008648
0 0 0.981567 0.005820 0.001573 0.003389 0.007652
0 0 0.988141 0.002451 0.000675 0.003463 0.005270
0 0 0.970283 0.010256 0.003104 0.004680 0.011677
0 0 0.978440 0.006368 0.001875 0.004292 0.009025
0 0 0.973010 0.009223 0.002718 0.004343 0.010706
0 0 0.964625 0.015446 0.004219 0.003572 0.012138
0 0 0.967755 0.011950 0.003560 0.004498 0.012237
0 0 0.985791 0.003416 0.000950 0.003604 0.006239
0 0 0.989355 0.002406 0.000619 0.002880 0.004740
0 0 0.984837 0.003110 0.000935 0.004437 0.006681
0 0 0.952144 0.021528 0.006324 0.004365 0.015639
0 0 0.955961 0.010556 0.002471 0.003532 0.027480
0 0 0.978807 0.008506 0.002091 0.002649 0.007948
0 0 0.983858 0.004408 0.001218 0.003568 0.006949
0 0 0.985526 0.003565 0.000989 0.003583 0.006338
0 0 0.974739 0.009277 0.002562 0.003643 0.009779
0 0 0.985755 0.003593 0.000982 0.003442 0.006227
0 0 0.975779 0.006343 0.001808 0.004373 0.011696
0 0 0.976648 0.007440 0.002168 0.004192 0.009552
0 0 0.984880 0.004477 0.001166 0.003044 0.006433
0 0 0.979190 0.007074 0.001915 0.003427 0.008394
0 0 0.984192 0.004084 0.001146 0.003715 0.006863
0 0 0.980360 0.007674 0.001873 0.002590 0.007503
0 0 0.972359 0.008532 0.002185 0.003479 0.013445
0 0 0.980671 0.004188 0.001300 0.005045 0.008795
0 0 0.959962 0.019705 0.004244 0.002140 0.013950
0 0 0.901050 0.029824 0.004992 0.001882 0.062252
0 0 0.951471 0.021552 0.004732 0.002483 0.019762
0 0 0.982028 0.007483 0.001697 0.002120 0.006672
0 0 0.972456 0.010498 0.002159 0.002050 0.012838
0 0 0.914794 0.035998 0.005370 0.001257 0.042580
0 0 0.980359 0.006185 0.001710 0.003613 0.008133
0 0 0.868532 0.054005 0.022439 0.011292 0.043733
0 0 0.908097 0.051492 0.014474 0.003868 0.022070
0 0 0.893605 0.037703 0.012718 0.007859 0.048116
0 0 0.861663 0.075778 0.025077 0.005786 0.031696
0 0 0.910713 0.011369 0.003328 0.007603 0.066988
0 0 0.856478 0.058979 0.016457 0.005191 0.062895
0 0 0.925411 0.034403 0.009731 0.004438 0.026018
0 0 0.931119 0.026366 0.008400 0.006160 0.027956
0 0 0.819141 0.078401 0.016521 0.002864 0.083074
0 0 0.877555 0.034611 0.010387 0.006922 0.070524
0 0 0.573396 0.179190 0.035803 0.002422 0.209189
1 0 0.257210 0.371996 0.053854 0.000675 0.316265
4 1 0.185693 0.366088 0.055041 0.000619 0.392559
1 1 0.118378 0.461035 0.063646 0.000340 0.356601
1 1 0.039108 0.547189 0.065169 0.000101 0.348432
4 1 0.039582 0.348431 0.076705 0.000494 0.534788
1 1 0.039337 0.471409 0.085773 0.000280 0.403200
0 1 0.687887 0.189493 0.053878 0.003993 0.064749
4 1 0.296807 0.164834 0.030494 0.001701 0.506163
1 1 0.167953 0.382330 0.075111 0.001014 0.373593
4 1 0.025410 0.373633 0.078401 0.000310 0.522246
4 1 0.022185 0.253028 0.087457 0.000954 0.636377
4 1 0.098308 0.187447 0.069089 0.003601 0.641555
0 1 0.382133 0.270967 0.062082 0.002538 0.282280
0 1 0.726470 0.125802 0.029841 0.003586 0.114300
0 0 0.722259 0.197817 0.035898 0.001311 0.042715
0 0 0.607451 0.247245 0.047092 0.001661 0.096551
1 0 0.201069 0.600545 0.062238 0.000186 0.135962
4 0 0.321470 0.166364 0.058268 0.007139 0.446758
1 1 0.324108 0.331192 0.067571 0.001671 0.275458
1 2 0.007525 0.466181 0.428928 0.000063 0.097303
1 2 0.016459 0.578386 0.208178 0.000081 0.196897
1 2 0.029535 0.630517 0.176260 0.000100 0.163588
2 2 0.000367 0.121325 0.816020 0.000045 0.062243
2 2 0.000040 0.028884 0.957444 0.000026 0.013606
2 2 0.000271 0.071001 0.883503 0.000097 0.045128
2 2 0.000496 0.137204 0.787160 0.000056 0.075084
2 2 0.000810 0.180566 0.509122 0.000112 0.309390
2 2 0.000151 0.066329 0.894187 0.000046 0.039287
2 2 0.000788 0.189145 0.643178 0.000075 0.166814
2 2 0.001424 0.215657 0.662155 0.000094 0.120670
2 2 0.000619 0.177074 0.671691 0.000061 0.150556
1 2 0.053841 0.712288 0.119350 0.000075 0.114447
2 2 0.003386 0.362898 0.455996 0.000073 0.177647
2 2 0.000366 0.150501 0.790200 0.000024 0.058909
2 2 0.002118 0.279886 0.598094 0.000074 0.119829
1 2 0.012485 0.489764 0.427052 0.000085 0.070615
1 2 0.081832 0.691572 0.073736 0.000101 0.152759
2 2 0.000947 0.192067 0.756037 0.000040 0.050909
1 2 0.009838 0.549155 0.356950 0.000042 0.084015
2 2 0.000944 0.129581 0.844956 0.000065 0.024454
2 2 0.000110 0.037429 0.952412 0.000041 0.010007
1 2 0.013522 0.452276 0.292067 0.000213 0.241921
2 2 0.001634 0.191276 0.750248 0.000093 0.056749
2 2 0.003421 0.341361 0.547316 0.000070 0.107832
2 2 0.004445 0.351791 0.543298 0.000087 0.100379
2 2 0.000546 0.082327 0.898511 0.000081 0.018534
2 2 0.000135 0.036275 0.956517 0.000043 0.007029
2 2 0.000243 0.076076 0.903819 0.000035 0.019827
2 2 0.000056 0.020822 0.974596 0.000036 0.004488
2 2 0.000492 0.040915 0.954382 0.000119 0.004092
2 2 0.000803 0.055231 0.934708 0.000215 0.009044
2 2 0.002624 0.148947 0.812131 0.000253 0.036045
2 2 0.000227 0.033425 0.957167 0.000137 0.009044
2 2 0.000353 0.022825 0.973698 0.000249 0.002876
2 2 0.015989 0.079246 0.891270 0.004928 0.008567
1 0 0.320358 0.434334 0.220241 0.001693 0.023374
0 0 0.552993 0.265486 0.110979 0.007546 0.062996
0 0 0.424744 0.373535 0.141541 0.004540 0.055639
1 0 0.360431 0.439090 0.133329 0.002528 0.064621
1 1 0.026950 0.486832 0.186760 0.000315 0.299143
1 1 0.051189 0.585192 0.132395 0.000246 0.230978
2 1 0.006438 0.262467 0.609370 0.000422 0.121302
1 1 0.027968 0.470302 0.314004 0.000464 0.187262
2 2 0.001313 0.152582 0.793444 0.000123 0.052537
1 2 0.037584 0.520066 0.263760 0.000414 0.178175
2 2 0.001228 0.152086 0.778369 0.000139 0.068178
2 2 0.005102 0.151832 0.800483 0.000681 0.041901
2 2 0.000180 0.022416 0.963982 0.000388 0.013033
2 2 0.000094 0.029041 0.963163 0.000050 0.007651
1 2 0.184339 0.611702 0.135597 0.000454 0.067907
0 0 0.434561 0.397188 0.122575 0.002652 0.043024
1 0 0.398126 0.463773 0.101054 0.001053 0.035994
1 1 0.243912 0.579837 0.132896 0.000498 0.042857
1 1 0.030245 0.619627 0.258060 0.000106 0.091963
1 1 0.017204 0.478514 0.452112 0.000115 0.052056
0 1 0.433934 0.395454 0.123961 0.002764 0.043887
1 1 0.123056 0.638769 0.131495 0.000332 0.106348
1 1 0.012193 0.468593 0.357220 0.000153 0.161841
2 2 0.000332 0.045191 0.945579 0.000104 0.008795
2 2 0.000037 0.012897 0.984433 0.000043 0.002590
2 2 0.000008 0.003092 0.996464 0.000037 0.000399
2 2 0.000431 0.053718 0.932767 0.000133 0.012951
2 2 0.000140 0.025987 0.969257 0.000074 0.004542
2 2 0.000250 0.031958 0.963498 0.000090 0.004205
2 2 0.000096 0.017176 0.981079 0.000050 0.001598
2 2 0.000118 0.020058 0.976537 0.000084 0.003203
2 2 0.000023 0.008446 0.989980 0.000040 0.001512
2 2 0.000062 0.011024 0.987304 0.000083 0.001526
2 2 0.000070 0.012443 0.985464 0.000088 0.001934
2 2 0.000182 0.032972 0.960299 0.000078 0.006469
2 2 0.000044 0.009820 0.987408 0.000112 0.002616
2 2 0.000064 0.009381 0.988827 0.000135 0.001594
2 2 0.000377 0.044280 0.948960 0.000097 0.006287
2 2 0.021873 0.192356 0.739286 0.002656 0.043829
1 1 0.332397 0.449057 0.196168 0.001289 0.021089
1 1 0.072562 0.579000 0.248836 0.000434 0.099168
1 1 0.016733 0.458088 0.335828 0.000267 0.189085
2 1 0.007067 0.375627 0.491448 0.000151 0.125706
2 2 0.001551 0.195708 0.752489 0.000074 0.050178
2 2 0.002541 0.258345 0.673397 0.000079 0.065638
2 2 0.013906 0.402310 0.512430 0.000206 0.071148
1 2 0.010342 0.452069 0.428421 0.000118 0.109051
2 2 0.004606 0.264184 0.650647 0.000196 0.080366
1 2 0.363717 0.365625 0.209638 0.006285 0.054735
1 2 0.105616 0.643182 0.198727 0.000237 0.052237
1 2 0.138994 0.515321 0.241016 0.001438 0.103231
2 2 0.000875 0.124945 0.857322 0.000047 0.016811
2 2 0.000217 0.059462 0.928503 0.000036 0.011782
2 2 0.000056 0.013182 0.985437 0.000039 0.001287
2 2 0.002590 0.128934 0.843840 0.000266 0.024370
2 2 0.001666 0.123660 0.854119 0.000139 0.020416
2 2 0.000365 0.049887 0.930988 0.000175 0.018585
2 2 0.000291 0.034869 0.962319 0.000055 0.002466
2 2 0.000418 0.054895 0.930090 0.000132 0.014465
2 2 0.015218 0.201624 0.751444 0.001055 0.030658
