0 0 0.872609 0.061557 0.019902 0.002130 0.043802
0 0 0.906093 0.052551 0.012683 0.001797 0.026876
1 0 0.113194 0.654097 0.172807 0.000594 0.059308
1 0 0.237269 0.511013 0.180261 0.002131 0.069327
0 0 0.533439 0.203753 0.017708 0.000940 0.244161
1 0 0.234352 0.558403 0.078930 0.000583 0.127731
1 0 0.084989 0.662714 0.128913 0.000737 0.122646
1 0 0.129532 0.565113 0.226203 0.002520 0.076633
1 0 0.379771 0.430239 0.048255 0.000553 0.141182
0 0 0.843319 0.083246 0.010472 0.000926 0.062038
0 0 0.630707 0.211404 0.030185 0.001575 0.126129
0 0 0.954943 0.027319 0.005847 0.000655 0.011236
0 0 0.516955 0.321142 0.085000 0.002171 0.074733
1 0 0.113627 0.700557 0.122747 0.000242 0.062827
1 0 0.326698 0.460647 0.063049 0.000850 0.148756
0 0 0.664998 0.225715 0.032567 0.000774 0.075946
0 0 0.947874 0.031740 0.004398 0.000347 0.015641
0 0 0.889255 0.050598 0.023520 0.002718 0.033909
0 0 0.943060 0.033116 0.008816 0.001241 0.013767
0 0 0.891859 0.059656 0.014221 0.002047 0.032217
0 0 0.844985 0.087710 0.033217 0.004002 0.030086
0 0 0.848907 0.080938 0.014959 0.001840 0.053357
0 0 0.902206 0.041752 0.019063 0.001239 0.035740
0 0 0.930137 0.039534 0.011344 0.001766 0.017220
0 0 0.938578 0.035369 0.009680 0.001414 0.014959
0 0 0.916781 0.045938 0.014062 0.002388 0.020831
0 0 0.784018 0.134682 0.033147 0.001972 0.046180
0 0 0.868289 0.068111 0.018384 0.002449 0.042767
0 0 0.918644 0.048763 0.008309 0.000718 0.023566
0 0 0.850932 0.055728 0.030906 0.001915 0.060518
0 0 0.904569 0.053640 0.011884 0.001569 0.028337
0 0 0.790240 0.044822 0.058762 0.001277 0.104899
0 0 0.842153 0.044882 0.045723 0.001886 0.065356
0 0 0.925419 0.042991 0.009603 0.001221 0.020767
0 0 0.901917 0.051435 0.011939 0.001093 0.033616
0 0 0.918922 0.042531 0.014661 0.001986 0.021901
0 0 0.947979 0.030778 0.007525 0.000969 0.012749
0 0 0.919217 0.044786 0.013559 0.002269 0.020170
0 0 0.892147 0.057239 0.019306 0.003736 0.027572
0 0 0.947978 0.030609 0.007885 0.001062 0.012466
0 0 0.690084 0.189074 0.080233 0.003766 0.036843
0 0 0.914722 0.047534 0.013221 0.002079 0.022444
0 0 0.913079 0.047677 0.014832 0.002574 0.021838
0 0 0.885138 0.060347 0.020846 0.004165 0.029504
0 0 0.655692 0.186208 0.084280 0.004872 0.068949
0 0 0.890498 0.057974 0.019667 0.003835 0.028026
0 0 0.471391 0.289028 0.160823 0.010775 0.067983
0 0 0.955911 0.026481 0.006423 0.000798 0.010388
0 0 0.946055 0.031594 0.008247 0.001130 0.012974
0 0 0.885656 0.063200 0.006826 0.000498 0.043820
0 0 0.931627 0.040096 0.007801 0.000867 0.019609
0 0 0.907976 0.050049 0.015904 0.002840 0.023230
0 0 0.927142 0.040988 0.011945 0.001899 0.018026
0 0 0.638062 0.175084 0.105226 0.018194 0.063434
1 1 0.022689 0.722542 0.135511 0.000405 0.118852
1 1 0.028068 0.722790 0.097901 0.000288 0.150953
1 4 0.205830 0.371412 0.074819 0.000648 0.347291
4 4 0.323179 0.142644 0.037543 0.001104 0.495530
0 4 0.458491 0.211623 0.041846 0.001797 0.286242
4 4 0.366845 0.122492 0.023431 0.000390 0.486842
4 4 0.015504 0.354846 0.243270 0.003431 0.382949
4 4 0.020552 0.032177 0.065708 0.000377 0.881187
4 4 0.025183 0.015939 0.033336 0.000027 0.925515
4 4 0.107919 0.094146 0.069101 0.001373 0.727461
4 4 0.011792 0.111032 0.054917 0.000309 0.821951
1 4 0.022868 0.473348 0.187071 0.005642 0.311071
1 4 0.088987 0.501028 0.085494 0.002579 0.321911
1 4 0.017561 0.574802 0.171033 0.002387 0.234217
1 4 0.193887 0.498379 0.161980 0.004541 0.141213
1 4 0.012805 0.508572 0.393616 0.006150 0.078857
4 4 0.007785 0.059248 0.043901 0.000182 0.888884
4 4 0.032352 0.027032 0.057496 0.000153 0.882967
4 4 0.010116 0.028234 0.031373 0.000163 0.930115
4 4 0.014447 0.445058 0.093912 0.000896 0.445687
4 4 0.023803 0.136927 0.071257 0.000528 0.767485
1 4 0.011844 0.591820 0.155586 0.002160 0.238591
0 4 0.381667 0.298399 0.091784 0.012731 0.215420
1 4 0.010760 0.487043 0.309515 0.002838 0.189843
4 4 0.007541 0.093951 0.099724 0.000582 0.798203
4 4 0.067806 0.296426 0.071312 0.000966 0.563490
4 4 0.019047 0.089552 0.109000 0.000942 0.781459
4 4 0.010703 0.046382 0.059696 0.001155 0.882065
4 4 0.014034 0.162596 0.221463 0.002892 0.599014
4 4 0.070984 0.167849 0.158342 0.002148 0.600678
1 4 0.008362 0.612486 0.192857 0.001575 0.184721
1 4 0.074829 0.482269 0.140957 0.007533 0.294413
0 4 0.440798 0.268285 0.161782 0.024342 0.104793
0 4 0.610465 0.110037 0.092544 0.007573 0.179381
4 4 0.008810 0.261756 0.204219 0.001318 0.523898
0 4 0.410246 0.192898 0.050449 0.004768 0.341639
2 4 0.007291 0.120266 0.620558 0.002713 0.249172
2 4 0.007291 0.421169 0.457394 0.002516 0.111630
4 4 0.015436 0.075024 0.281528 0.004472 0.623540
2 4 0.014372 0.249821 0.443720 0.004868 0.287219
2 4 0.004268 0.244659 0.673522 0.001887 0.075664
2 4 0.008911 0.322640 0.587119 0.004839 0.076491
1 4 0.007736 0.509241 0.362892 0.002328 0.117803
2 4 0.004675 0.298717 0.496477 0.001115 0.199016
4 4 0.005097 0.149484 0.335636 0.000844 0.508939
4 4 0.011399 0.014864 0.053702 0.000086 0.919950
4 4 0.022178 0.027282 0.084888 0.000374 0.865279
2 4 0.010747 0.292000 0.565830 0.005015 0.126407
4 4 0.033340 0.072771 0.300669 0.022189 0.571031
2 4 0.012655 0.312174 0.555715 0.006575 0.112881
2 4 0.006640 0.367489 0.512909 0.002391 0.110571
2 4 0.004468 0.281460 0.592348 0.001460 0.120265
2 4 0.004083 0.163393 0.763683 0.002226 0.066615
2 4 0.003620 0.102985 0.837914 0.002656 0.052826
2 4 0.007161 0.170516 0.764149 0.006310 0.051864
2 4 0.007389 0.164701 0.751527 0.005088 0.071296
2 4 0.001048 0.032580 0.950412 0.001916 0.014044
2 4 0.005298 0.107512 0.848668 0.008456 0.030065
2 4 0.006294 0.091489 0.858864 0.014844 0.028508
2 4 0.000309 0.005942 0.977800 0.014666 0.001284
2 4 0.011510 0.185012 0.726721 0.014398 0.062360
2 2 0.000964 0.016412 0.956129 0.023988 0.002506
2 2 0.003476 0.036522 0.882214 0.072595 0.005192
2 2 0.004301 0.121532 0.831392 0.003820 0.038955
2 2 0.004166 0.036166 0.790164 0.165632 0.003872
2 2 0.002413 0.022064 0.831277 0.141457 0.002789
2 3 0.003819 0.017531 0.553099 0.422622 0.002928
3 3 0.000998 0.003693 0.351235 0.643404 0.000670
2 3 0.001949 0.012948 0.602331 0.381456 0.001315
3 3 0.001479 0.002478 0.120499 0.874840 0.000704
3 3 0.001635 0.003715 0.213601 0.780081 0.000967
3 3 0.003178 0.007698 0.183202 0.804646 0.001276
3 3 0.000572 0.002183 0.317045 0.679830 0.000370
3 3 0.001075 0.002768 0.170276 0.825405 0.000476
3 3 0.001042 0.001515 0.075758 0.921282 0.000403
3 3 0.000655 0.000835 0.036664 0.961680 0.000166
3 3 0.000291 0.000374 0.022048 0.977233 0.000055
3 3 0.000488 0.000629 0.040876 0.957863 0.000144
3 3 0.000424 0.000614 0.060281 0.938518 0.000163
3 3 0.000230 0.000296 0.019699 0.979733 0.000041
3 3 0.001376 0.001729 0.046214 0.950312 0.000370
3 3 0.000527 0.000683 0.051846 0.946753 0.000190
3 3 0.007918 0.010147 0.147884 0.832296 0.001755
3 3 0.001741 0.002212 0.080747 0.914556 0.000743
3 3 0.000376 0.000517 0.040972 0.958025 0.000110
3 3 0.000447 0.000573 0.032841 0.966028 0.000111
3 3 0.001123 0.001433 0.061774 0.935261 0.000409
3 3 0.000658 0.000836 0.032575 0.965782 0.000150
3 3 0.000431 0.000551 0.026616 0.972313 0.000089
3 3 0.000352 0.000451 0.024214 0.974913 0.000070
3 3 0.000293 0.000380 0.030330 0.968924 0.000073
3 3 0.000769 0.000977 0.037875 0.960185 0.000194
3 3 0.000248 0.000319 0.020428 0.978959 0.000045
3 3 0.000163 0.000211 0.016695 0.982904 0.000027
3 3 0.000150 0.000194 0.016020 0.983611 0.000024
3 3 0.000221 0.000285 0.019313 0.980142 0.000039
3 3 0.000275 0.000353 0.021457 0.977863 0.000051
3 3 0.000322 0.000413 0.023145 0.976058 0.000062
3 3 0.000143 0.000185 0.015634 0.984015 0.000023
3 3 0.000437 0.000558 0.026794 0.972119 0.000091
3 3 0.000224 0.000288 0.019430 0.980018 0.000040
3 3 0.000302 0.000387 0.022438 0.976815 0.000058
3 3 0.000275 0.000352 0.021433 0.977889 0.000051
3 3 0.000406 0.000519 0.025860 0.973132 0.000083
3 3 0.000281 0.000361 0.021687 0.977618 0.000053
3 3 0.000271 0.000347 0.021280 0.978052 0.000050
3 3 0.000266 0.000342 0.021111 0.978232 0.000049
3 3 0.000481 0.000613 0.028033 0.970772 0.000102
3 3 0.000188 0.000242 0.017850 0.981688 0.000032
3 3 0.000277 0.000355 0.021508 0.977809 0.000052
3 3 0.000387 0.000494 0.025256 0.973785 0.000078
3 3 0.000355 0.000454 0.024243 0.974877 0.000070
3 3 0.000477 0.000608 0.027933 0.970880 0.000101
3 3 0.000150 0.000194 0.016020 0.983612 0.000024
3 3 0.000642 0.000815 0.032177 0.966221 0.000145
3 3 0.000212 0.000273 0.018930 0.980548 0.000037
3 3 0.000361 0.000461 0.024425 0.974681 0.000072
3 3 0.000636 0.000807 0.032035 0.966378 0.000143
3 3 0.000268 0.000343 0.021164 0.978175 0.000050
3 3 0.000321 0.000411 0.023104 0.976101 0.000062
3 3 0.000349 0.000447 0.024052 0.975084 0.000069
3 3 0.000230 0.000296 0.019671 0.979763 0.000041
3 3 0.000204 0.000262 0.018561 0.980938 0.000036
3 3 0.000318 0.000407 0.022984 0.976230 0.000061
3 3 0.000106 0.000138 0.013574 0.986166 0.000016
3 3 0.000146 0.000189 0.015805 0.983837 0.000024
3 3 0.000414 0.000529 0.026111 0.972861 0.000085
3 3 0.000246 0.000316 0.020320 0.979074 0.000045
3 3 0.000230 0.000296 0.019673 0.979760 0.000041
3 3 0.000385 0.000492 0.025202 0.973844 0.000078
3 3 0.000700 0.000888 0.033541 0.964710 0.000161
3 3 0.000211 0.000271 0.018867 0.980614 0.000037
3 3 0.000390 0.000498 0.025348 0.973685 0.000079
3 3 0.000213 0.000274 0.018950 0.980526 0.000037
3 3 0.000330 0.000423 0.023417 0.975765 0.000064
3 3 0.000215 0.000276 0.019038 0.980433 0.000038
3 3 0.000146 0.000189 0.015827 0.983814 0.000024
3 3 0.000121 0.000158 0.014471 0.985231 0.000019
3 3 0.000135 0.000175 0.015248 0.984420 0.000022
3 3 0.000184 0.000237 0.017670 0.981877 0.000031
3 3 0.000425 0.000542 0.026422 0.972523 0.000087
3 3 0.000144 0.000186 0.015704 0.983942 0.000023
3 3 0.000175 0.000226 0.017264 0.982305 0.000030
3 3 0.000285 0.000366 0.021815 0.977481 0.000054
3 3 0.000234 0.000301 0.019852 0.979571 0.000042
3 3 0.000243 0.000313 0.020225 0.979174 0.000044
3 3 0.000160 0.000207 0.016546 0.983060 0.000027
3 3 0.000133 0.000173 0.015136 0.984537 0.000021
3 3 0.000663 0.000842 0.032688 0.965656 0.000151
3 3 0.000225 0.000289 0.019467 0.979979 0.000040
3 3 0.000281 0.000360 0.021668 0.977638 0.000053
3 3 0.000118 0.000153 0.014248 0.985464 0.000018
3 3 0.000107 0.000139 0.013608 0.986130 0.000016
3 3 0.000421 0.000537 0.026292 0.972664 0.000086
3 3 0.000109 0.000142 0.013746 0.985986 0.000017
3 3 0.000273 0.000351 0.021390 0.977935 0.000051
3 3 0.000231 0.000297 0.019719 0.979711 0.000041
3 3 0.000199 0.000256 0.018338 0.981173 0.000034
3 3 0.000219 0.000282 0.019216 0.980245 0.000039
3 3 0.000277 0.000356 0.021524 0.977791 0.000052
3 3 0.000324 0.000415 0.023199 0.976000 0.000063
3 3 0.000274 0.000352 0.021411 0.977912 0.000051
3 3 0.000196 0.000253 0.018240 0.981276 0.000034
3 3 0.000456 0.000582 0.027340 0.971526 0.000095
3 3 0.000128 0.000166 0.014862 0.984823 0.000020
3 3 0.000191 0.000246 0.018001 0.981529 0.000033
3 3 0.000095 0.000124 0.012858 0.986910 0.000014
3 3 0.000314 0.000403 0.022862 0.976361 0.000060
3 3 0.000263 0.000337 0.020979 0.978373 0.000049
3 3 0.000161 0.000208 0.016568 0.983036 0.000027
3 3 0.000185 0.000239 0.017738 0.981806 0.000032
3 3 0.000142 0.000183 0.015581 0.984071 0.000023
3 3 0.000082 0.000107 0.011966 0.987833 0.000012
3 3 0.000223 0.000286 0.019373 0.980078 0.000040
3 3 0.000274 0.000351 0.021402 0.977922 0.000051
3 3 0.000108 0.000140 0.013679 0.986056 0.000016
3 3 0.000248 0.000319 0.020408 0.978980 0.000045
3 3 0.000333 0.000427 0.023525 0.975649 0.000065
3 3 0.000270 0.000346 0.021254 0.978079 0.000050
3 3 0.000703 0.000891 0.033596 0.964648 0.000162
3 3 0.003323 0.005542 0.100890 0.889134 0.001111
3 3 0.005338 0.006589 0.086820 0.899290 0.001964
3 3 0.000631 0.000801 0.031909 0.966518 0.000142
3 3 0.002575 0.003527 0.069893 0.923202 0.000802
3 3 0.015493 0.030982 0.246258 0.699539 0.007727
3 3 0.006207 0.022115 0.410468 0.557594 0.003617
2 3 0.005015 0.020583 0.595938 0.373690 0.004774
2 1 0.003321 0.021040 0.823066 0.147313 0.005260
2 1 0.015996 0.284310 0.638538 0.031795 0.029361
2 1 0.008569 0.186902 0.742774 0.007649 0.054106
2 1 0.003706 0.056717 0.894618 0.039595 0.005365
2 1 0.011118 0.157618 0.758294 0.052410 0.020560
2 1 0.009958 0.263938 0.644677 0.006308 0.075120
2 1 0.009688 0.308512 0.639204 0.011871 0.030725
2 1 0.011130 0.347997 0.564384 0.006776 0.069714
2 1 0.008829 0.334997 0.521993 0.003448 0.130733
2 1 0.018713 0.246293 0.640634 0.029921 0.064439
2 1 0.015968 0.191419 0.694124 0.027168 0.071322
2 4 0.040042 0.434591 0.434962 0.016147 0.074259
2 4 0.011625 0.334326 0.553133 0.006210 0.094706
2 4 0.008082 0.229402 0.655417 0.004151 0.102948
4 4 0.022405 0.169241 0.389357 0.008360 0.410637
4 4 0.012372 0.034603 0.205862 0.004115 0.743049
4 4 0.024911 0.133691 0.388922 0.011257 0.441219
2 4 0.017693 0.239155 0.413182 0.006140 0.323830
2 4 0.017756 0.346665 0.537271 0.011848 0.086459
2 4 0.024376 0.175984 0.526203 0.024875 0.248562
2 4 0.017708 0.136311 0.734635 0.065475 0.045871
2 4 0.018150 0.243879 0.612375 0.017378 0.108217
2 4 0.008621 0.205699 0.635645 0.003903 0.146133
2 4 0.015007 0.330239 0.529796 0.008017 0.116941
2 4 0.010384 0.272821 0.552997 0.004289 0.159508
2 4 0.010551 0.251775 0.676643 0.010724 0.050307
2 4 0.003028 0.054454 0.899552 0.038765 0.004201
2 4 0.006279 0.166783 0.787321 0.010169 0.029448
2 4 0.008657 0.143448 0.799517 0.015746 0.032632
2 4 0.002799 0.053082 0.921008 0.007295 0.015816
2 4 0.001654 0.022089 0.843158 0.131670 0.001430
2 4 0.000701 0.010406 0.891784 0.096327 0.000782
2 4 0.000864 0.014885 0.930809 0.052126 0.001316
2 2 0.001485 0.023336 0.957100 0.011956 0.006123
2 2 0.002994 0.042853 0.924735 0.021863 0.007556
2 2 0.000547 0.007371 0.889347 0.101983 0.000752
2 2 0.001842 0.025685 0.900342 0.069728 0.002403
2 2 0.020936 0.119247 0.788892 0.066760 0.004165
2 2 0.007788 0.092436 0.834167 0.062983 0.002625
2 2 0.001519 0.024566 0.893573 0.078747 0.001596
2 2 0.000828 0.011692 0.951503 0.034292 0.001685
2 2 0.004977 0.095889 0.871208 0.009118 0.018807
2 2 0.001187 0.018711 0.926823 0.051406 0.001873
2 2 0.001394 0.023246 0.938298 0.034438 0.002625
2 2 0.001191 0.015991 0.922950 0.057787 0.002081
2 2 0.004058 0.046836 0.864892 0.079363 0.004851
2 2 0.002269 0.028339 0.860573 0.106504 0.002314
2 2 0.000401 0.007545 0.919100 0.072434 0.000521
2 2 0.001401 0.008759 0.791404 0.197445 0.000991
2 3 0.000789 0.006109 0.727394 0.264875 0.000833
2 3 0.001113 0.017254 0.945815 0.033346 0.002472
2 3 0.001122 0.007065 0.688496 0.302107 0.001209
2 3 0.000438 0.004777 0.758445 0.235941 0.000399
2 3 0.000841 0.006512 0.638314 0.353693 0.000640
2 3 0.001469 0.008721 0.682460 0.305783 0.001567
3 3 0.004989 0.006528 0.148027 0.839459 0.000998
3 3 0.001543 0.004040 0.190291 0.803433 0.000693
2 3 0.002024 0.010068 0.577230 0.408938 0.001740
2 3 0.002199 0.022424 0.896480 0.076304 0.002593
2 3 0.009827 0.047432 0.591967 0.343798 0.006976
3 3 0.002030 0.010491 0.452686 0.533673 0.001120
2 3 0.009704 0.094369 0.733133 0.156480 0.006315
2 3 0.002323 0.020942 0.718295 0.256822 0.001617
2 3 0.000964 0.006980 0.636028 0.355265 0.000764
2 3 0.001943 0.012254 0.764960 0.218327 0.002516
2 3 0.004727 0.041298 0.837460 0.110662 0.005852
2 3 0.001095 0.011615 0.751527 0.234934 0.000830
2 3 0.002233 0.014287 0.789917 0.190455 0.003108
2 3 0.001028 0.008168 0.694030 0.295893 0.000881
2 3 0.001724 0.012096 0.762582 0.221596 0.002002
3 3 0.001349 0.005868 0.453608 0.538180 0.000995
2 3 0.004769 0.018472 0.492461 0.480807 0.003491
3 3 0.001326 0.005997 0.431997 0.559805 0.000875
3 3 0.000828 0.002957 0.181804 0.814125 0.000285
2 3 0.000791 0.005799 0.661748 0.330958 0.000704
3 3 0.000604 0.003249 0.408436 0.587350 0.000360
3 3 0.000533 0.002251 0.315251 0.681655 0.000310
2 3 0.000695 0.005078 0.508222 0.485616 0.000389
3 3 0.000719 0.003351 0.414676 0.580757 0.000496
3 3 0.000682 0.002300 0.243127 0.753531 0.000359
3 3 0.001119 0.003659 0.195951 0.798841 0.000431
3 3 0.000427 0.001113 0.130220 0.868066 0.000175
3 3 0.000760 0.001771 0.124732 0.872439 0.000297
3 3 0.000449 0.000876 0.108853 0.889608 0.000213
3 3 0.001358 0.004416 0.249902 0.743665 0.000658
3 3 0.000358 0.000715 0.082386 0.916408 0.000133
3 3 0.001228 0.003353 0.172899 0.822021 0.000500
3 3 0.000446 0.001045 0.121242 0.877077 0.000191
3 3 0.001403 0.002604 0.114751 0.880669 0.000572
3 3 0.000570 0.000943 0.067330 0.930961 0.000195
3 3 0.000655 0.001467 0.135686 0.861891 0.000302
3 3 0.000842 0.002927 0.213575 0.782302 0.000354
3 3 0.000979 0.001375 0.045117 0.952284 0.000244
3 3 0.001550 0.002978 0.102626 0.892316 0.000531
3 3 0.000336 0.000575 0.050723 0.948270 0.000095
3 3 0.000716 0.000917 0.047330 0.950813 0.000224
3 3 0.001723 0.002239 0.053827 0.941722 0.000488
3 3 0.001028 0.001239 0.050966 0.946566 0.000201
2 3 0.230743 0.165070 0.470545 0.116613 0.017029
3 3 0.003090 0.007035 0.196932 0.791496 0.001448
3 3 0.001635 0.007535 0.341422 0.648671 0.000737
3 3 0.001137 0.003808 0.242506 0.752012 0.000536
3 3 0.005600 0.018372 0.387985 0.584658 0.003386
2 3 0.001280 0.006163 0.571248 0.420072 0.001236
2 3 0.000836 0.006039 0.542202 0.450417 0.000506
3 3 0.001027 0.002126 0.113787 0.882667 0.000393
2 3 0.011830 0.122244 0.828103 0.034774 0.003049
2 3 0.003875 0.044386 0.709218 0.240648 0.001874
2 3 0.005859 0.053437 0.675721 0.261949 0.003034
2 3 0.002952 0.022399 0.566297 0.406947 0.001405
3 3 0.002536 0.006932 0.292739 0.696225 0.001568
2 3 0.001208 0.007275 0.596002 0.394525 0.000989
2 3 0.002701 0.020482 0.638864 0.336289 0.001665
2 3 0.005522 0.036424 0.818989 0.131074 0.007991
2 3 0.003398 0.024981 0.695152 0.273917 0.002551
3 3 0.000376 0.002268 0.394867 0.602289 0.000200
2 3 0.000581 0.004019 0.613026 0.381870 0.000503
2 3 0.003987 0.041089 0.812230 0.139157 0.003537
2 3 0.001150 0.008578 0.629894 0.359548 0.000830
2 3 0.002179 0.023383 0.870746 0.101368 0.002325
2 3 0.003605 0.038111 0.757149 0.198787 0.002347
2 3 0.005843 0.106237 0.817792 0.064573 0.005556
2 3 0.062284 0.149721 0.679441 0.099449 0.009104
2 3 0.003045 0.028294 0.739407 0.227112 0.002142
2 3 0.004475 0.044951 0.718935 0.229088 0.002551
2 3 0.000462 0.004465 0.789589 0.204937 0.000547
2 3 0.002020 0.018081 0.792456 0.185451 0.001992
2 3 0.000421 0.006266 0.860013 0.132854 0.000446
2 3 0.001089 0.010905 0.749840 0.237289 0.000876
2 3 0.001499 0.014047 0.797386 0.185559 0.001509
2 3 0.000862 0.006642 0.610531 0.381366 0.000600
2 3 0.002186 0.013552 0.597150 0.385579 0.001534
2 3 0.001293 0.010099 0.778585 0.208516 0.001505
2 3 0.001163 0.007545 0.618456 0.371889 0.000947
2 3 0.001282 0.010523 0.584623 0.402872 0.000701
3 3 0.000973 0.003709 0.278829 0.716009 0.000480
2 3 0.003695 0.020456 0.575056 0.398316 0.002477
3 3 0.000662 0.001168 0.069518 0.928450 0.000202
2 3 0.000918 0.006987 0.641314 0.350075 0.000706
2 3 0.001056 0.008921 0.590600 0.398830 0.000593
2 3 0.001313 0.008928 0.633854 0.354867 0.001039
2 3 0.000586 0.004313 0.570584 0.424107 0.000411
2 3 0.002195 0.010382 0.554702 0.430892 0.001828
2 3 0.000571 0.003263 0.528616 0.467076 0.000474
2 3 0.001091 0.005905 0.547430 0.444690 0.000884
3 3 0.000613 0.002506 0.271311 0.725270 0.000300
3 3 0.000801 0.004835 0.483063 0.510800 0.000500
3 3 0.000231 0.000803 0.138068 0.860816 0.000083
3 3 0.000283 0.001679 0.440771 0.557068 0.000200
3 3 0.002323 0.008844 0.327855 0.659831 0.001147
3 3 0.001133 0.005996 0.434252 0.557968 0.000651
3 3 0.000897 0.001472 0.071354 0.925983 0.000294
3 3 0.000868 0.001740 0.087857 0.909257 0.000278
3 3 0.000515 0.000656 0.028981 0.969736 0.000111
3 3 0.000774 0.000983 0.037956 0.960092 0.000195
3 3 0.001001 0.001268 0.044931 0.952521 0.000279
3 3 0.000569 0.000724 0.030393 0.968188 0.000125
3 3 0.000922 0.001633 0.084107 0.913015 0.000322
3 3 0.000895 0.001551 0.086854 0.910367 0.000333
3 3 0.000700 0.001130 0.059141 0.938822 0.000208
3 3 0.009581 0.011731 0.112863 0.861773 0.004052
2 3 0.004011 0.034776 0.749900 0.208233 0.003081
3 3 0.006617 0.022104 0.358193 0.609676 0.003410
2 3 0.008888 0.077409 0.775550 0.130169 0.007985
2 3 0.008260 0.140571 0.787206 0.056624 0.007340
2 3 0.010913 0.072179 0.624151 0.286298 0.006459
2 3 0.009943 0.179250 0.750107 0.048968 0.011731
2 3 0.012588 0.083765 0.798442 0.101461 0.003743
2 0 0.010458 0.131683 0.755683 0.093303 0.008872
2 0 0.067430 0.344565 0.573633 0.004447 0.009924
2 0 0.062824 0.401908 0.523797 0.002036 0.009435
2 0 0.119850 0.333023 0.511785 0.013510 0.021832
0 0 0.793612 0.096476 0.044362 0.012735 0.052815
0 0 0.648973 0.120206 0.109336 0.064579 0.056906
0 0 0.562216 0.141388 0.124962 0.030539 0.140896
0 0 0.581295 0.141982 0.125110 0.074680 0.076933
2 1 0.030141 0.176792 0.650745 0.069429 0.072892
2 1 0.026320 0.169686 0.660179 0.097090 0.046725
2 4 0.058659 0.076189 0.387784 0.383590 0.093779
4 4 0.056940 0.148604 0.314640 0.066003 0.413812
2 4 0.062070 0.255924 0.383400 0.073965 0.224641
2 4 0.025338 0.376731 0.388062 0.014496 0.195374
4 4 0.025687 0.359148 0.248531 0.007457 0.359178
4 4 0.025930 0.275772 0.240020 0.008209 0.450069
1 4 0.198594 0.396924 0.130021 0.012859 0.261602
4 4 0.021550 0.245931 0.185305 0.004731 0.542483
4 4 0.060812 0.217748 0.192697 0.018453 0.510290
4 4 0.067883 0.116847 0.134514 0.008874 0.671883
2 4 0.034739 0.234725 0.526375 0.053383 0.150777
1 4 0.228869 0.472506 0.080319 0.002057 0.216249
4 4 0.008725 0.018863 0.070497 0.000262 0.901653
4 4 0.022521 0.067544 0.196550 0.010067 0.703318
4 4 0.009653 0.034125 0.114106 0.001791 0.840325
2 4 0.049961 0.227246 0.504953 0.092006 0.125834
4 4 0.017009 0.049277 0.154109 0.004251 0.775353
4 4 0.006887 0.028578 0.093190 0.001139 0.870207
4 4 0.037515 0.114856 0.179441 0.019926 0.648261
4 4 0.073102 0.147451 0.321766 0.129772 0.327909
4 4 0.070257 0.164573 0.255183 0.079268 0.430718
4 4 0.018308 0.054637 0.140443 0.004265 0.782346
4 4 0.030590 0.079954 0.256052 0.019940 0.613464
4 4 0.036131 0.101817 0.199414 0.019018 0.643619
4 4 0.034519 0.110486 0.370304 0.024599 0.460093
2 4 0.055430 0.105405 0.416572 0.160329 0.262264
4 4 0.022055 0.057509 0.241062 0.010741 0.668632
4 4 0.022259 0.066572 0.174466 0.008064 0.728640
4 4 0.023081 0.073975 0.151195 0.007699 0.744050
4 4 0.055683 0.141169 0.274433 0.066968 0.461746
4 4 0.010064 0.035644 0.120104 0.002049 0.832140
4 4 0.041245 0.157758 0.309554 0.027300 0.464143
2 4 0.035064 0.337727 0.478741 0.038675 0.109793
2 4 0.017661 0.099574 0.463044 0.009324 0.410398
2 4 0.022720 0.207307 0.530466 0.018182 0.221325
4 4 0.018419 0.119805 0.318664 0.005664 0.537449
4 4 0.015841 0.154500 0.216129 0.003446 0.610085
4 4 0.021845 0.196340 0.377690 0.007760 0.396365
4 4 0.038742 0.092142 0.231192 0.015129 0.622795
1 4 0.030747 0.490306 0.235366 0.008760 0.234820
2 4 0.019497 0.237009 0.492186 0.004673 0.246635
2 4 0.013595 0.162463 0.687071 0.011930 0.124940
2 4 0.017756 0.352204 0.525347 0.015003 0.089689
2 4 0.013065 0.358193 0.491744 0.005869 0.131129
2 4 0.026052 0.310308 0.496141 0.020377 0.147123
2 4 0.019521 0.168778 0.707418 0.066375 0.037908
2 4 0.015312 0.260249 0.542687 0.007296 0.174455
2 4 0.017318 0.133922 0.737143 0.054894 0.056724
1 4 0.050326 0.427083 0.359272 0.027382 0.135937
2 4 0.016969 0.342387 0.559496 0.013972 0.067177
2 4 0.022221 0.328871 0.519729 0.014301 0.114877
2 4 0.027714 0.378417 0.464723 0.022959 0.106187
2 4 0.039110 0.315589 0.479208 0.050280 0.115813
2 4 0.021001 0.335351 0.521228 0.015038 0.107383
2 4 0.023373 0.357410 0.497489 0.019533 0.102195
2 4 0.021620 0.312295 0.577932 0.041419 0.046735
0 4 0.306383 0.121084 0.264525 0.031576 0.276432
1 4 0.107034 0.406641 0.371084 0.024568 0.090672
2 4 0.037793 0.334407 0.407973 0.025520 0.194307
2 1 0.012776 0.249765 0.667923 0.015465 0.054071
2 1 0.011275 0.199776 0.667830 0.007431 0.113687
2 1 0.007412 0.123286 0.821485 0.033620 0.014197
2 1 0.008792 0.100370 0.829087 0.044580 0.017171
2 1 0.073941 0.128081 0.695829 0.017815 0.084334
1 1 0.023906 0.528915 0.362387 0.005546 0.079246
1 1 0.034852 0.505802 0.359316 0.005044 0.094986
1 0 0.041738 0.608382 0.255943 0.002411 0.091526
0 0 0.460880 0.141321 0.225400 0.033944 0.138455
0 0 0.756765 0.125737 0.054970 0.009218 0.053310
0 0 0.423754 0.337686 0.154978 0.007107 0.076476
2 1 0.060806 0.371482 0.417442 0.045875 0.104396
4 1 0.140201 0.115059 0.206806 0.013466 0.524469
1 1 0.142517 0.493621 0.283117 0.006217 0.074528
1 1 0.037361 0.413050 0.373707 0.020960 0.154922
1 1 0.150615 0.526025 0.148116 0.003819 0.171424
4 1 0.060296 0.097550 0.387867 0.056332 0.397955
1 1 0.017729 0.455749 0.440115 0.010882 0.075524
2 1 0.023194 0.430436 0.433745 0.010453 0.102171
1 1 0.024721 0.516964 0.329467 0.005799 0.123048
1 1 0.087747 0.561637 0.265590 0.003565 0.081462
0 1 0.539291 0.264961 0.128764 0.007322 0.059662
1 1 0.117507 0.506776 0.337841 0.002836 0.035040
1 1 0.093781 0.477577 0.369962 0.006704 0.051976
2 1 0.157324 0.373805 0.388505 0.021610 0.058756
1 1 0.052497 0.562278 0.264997 0.004884 0.115345
1 0 0.107485 0.449154 0.378864 0.009567 0.054931
0 0 0.657352 0.181211 0.109658 0.010145 0.041633
0 0 0.930270 0.040838 0.007836 0.000863 0.020193
0 0 0.750269 0.162512 0.039825 0.001666 0.045728
0 0 0.900408 0.056624 0.017437 0.002404 0.023127
0 0 0.406573 0.315859 0.215847 0.010431 0.051290
0 0 0.940659 0.034327 0.009277 0.001333 0.014405
0 0 0.820709 0.090820 0.038011 0.007870 0.042589
1 0 0.084979 0.502209 0.318261 0.008066 0.086485
1 0 0.251244 0.386757 0.315269 0.007904 0.038825
0 0 0.478986 0.162587 0.136359 0.006978 0.215090
0 0 0.563668 0.188978 0.122626 0.032919 0.091808
2 0 0.154391 0.362329 0.406852 0.022961 0.053466
2 0 0.108333 0.242069 0.596483 0.035721 0.017395
1 1 0.085112 0.599839 0.225319 0.002208 0.087522
1 1 0.067750 0.615629 0.242866 0.001722 0.072033
1 1 0.100932 0.482925 0.370892 0.004724 0.040527
1 1 0.120915 0.445860 0.395446 0.005372 0.032406
1 1 0.239272 0.483375 0.226787 0.002550 0.048017
1 1 0.399291 0.414305 0.139816 0.001446 0.045143
1 1 0.131234 0.565139 0.240178 0.002127 0.061321
0 1 0.388642 0.360064 0.188012 0.005945 0.057337
0 0 0.374777 0.350956 0.181010 0.009800 0.083457
0 0 0.917604 0.045550 0.013892 0.002347 0.020608
0 0 0.844184 0.077687 0.030190 0.007067 0.040872
0 0 0.601251 0.181983 0.110868 0.010017 0.095882
0 0 0.783593 0.092416 0.049582 0.010035 0.064374
1 0 0.062835 0.557192 0.328040 0.002646 0.049287
1 0 0.253123 0.368202 0.288134 0.017855 0.072687
0 0 0.792400 0.104318 0.046783 0.009484 0.047015
0 0 0.548295 0.244423 0.142935 0.010331 0.054017
0 0 0.821440 0.077440 0.041243 0.007222 0.052655
0 0 0.917315 0.045686 0.013951 0.002362 0.020686
0 0 0.835630 0.074636 0.035457 0.006292 0.047985
0 0 0.912292 0.046636 0.015620 0.002423 0.023029
0 0 0.895506 0.055734 0.018576 0.003537 0.026648
0 0 0.968319 0.019775 0.004255 0.000450 0.007201
0 0 0.945346 0.030979 0.008782 0.001067 0.013826
0 0 0.892728 0.067003 0.024261 0.001597 0.014412
0 0 0.899486 0.056363 0.018874 0.002803 0.022473
0 0 0.939594 0.034587 0.010279 0.001620 0.013919
0 0 0.724128 0.162264 0.091135 0.003258 0.019216
0 0 0.954557 0.027193 0.006669 0.000840 0.010741
0 0 0.942523 0.033388 0.008919 0.001261 0.013909
0 0 0.953810 0.027585 0.006805 0.000864 0.010936
0 0 0.878215 0.065041 0.023236 0.004214 0.029294
0 0 0.924864 0.042088 0.012405 0.002002 0.018641
0 0 0.937527 0.035893 0.009885 0.001456 0.015239
0 0 0.895711 0.055641 0.018531 0.003525 0.026592
0 0 0.895451 0.053556 0.023147 0.005631 0.022215
0 0 0.932159 0.038545 0.010941 0.001679 0.016677
0 0 0.955887 0.026493 0.006427 0.000798 0.010394
0 0 0.840751 0.091371 0.038183 0.003918 0.025777
0 0 0.888392 0.058909 0.020129 0.003963 0.028607
0 0 0.918489 0.045131 0.013709 0.002304 0.020367
0 0 0.908047 0.050016 0.015889 0.002837 0.023211
0 0 0.487497 0.263769 0.209987 0.008505 0.030243
0 0 0.905255 0.047927 0.017985 0.002514 0.026318
0 0 0.940312 0.034501 0.009344 0.001346 0.014497
0 0 0.949305 0.029926 0.007637 0.001015 0.012117
0 0 0.950064 0.029534 0.007495 0.000989 0.011917
0 0 0.967460 0.020251 0.004400 0.000471 0.007418
0 0 0.893028 0.056845 0.019114 0.003683 0.027330
0 0 0.932286 0.038482 0.010916 0.001673 0.016642
0 0 0.649197 0.214668 0.082517 0.004075 0.049542
1 1 0.088984 0.635392 0.227927 0.000814 0.046883
1 1 0.024569 0.498213 0.226003 0.007462 0.243754
4 1 0.012831 0.211222 0.182744 0.002207 0.590996
4 1 0.009481 0.276625 0.099211 0.001037 0.613647
4 1 0.080341 0.076592 0.041302 0.000470 0.801296
4 4 0.023735 0.028837 0.050698 0.000182 0.896547
4 4 0.014654 0.148621 0.117402 0.002318 0.717004
4 4 0.010713 0.031723 0.055760 0.000465 0.901339
4 4 0.012967 0.060670 0.061076 0.001842 0.863445
4 4 0.028611 0.038796 0.041918 0.000224 0.890451
4 4 0.025008 0.029966 0.044941 0.000159 0.899927
4 4 0.017410 0.046391 0.050564 0.000624 0.885012
4 4 0.027155 0.079613 0.058740 0.001817 0.832674
4 4 0.012140 0.021337 0.033868 0.000088 0.932567
4 4 0.010884 0.028523 0.056543 0.000375 0.903675
4 4 0.009260 0.041069 0.062245 0.001060 0.886365
4 4 0.015464 0.034284 0.057495 0.000435 0.892322
4 4 0.020388 0.091769 0.060528 0.003221 0.824093
4 4 0.008731 0.040356 0.066509 0.001181 0.883222
4 4 0.009769 0.058518 0.035045 0.000923 0.895745
4 4 0.010136 0.031269 0.042204 0.000311 0.916080
4 4 0.154553 0.104109 0.110294 0.003132 0.627912
4 4 0.008110 0.032617 0.049654 0.000513 0.909107
4 4 0.003789 0.019812 0.028281 0.000142 0.947976
4 4 0.009077 0.051308 0.043161 0.001000 0.895453
4 4 0.010107 0.071330 0.091149 0.001431 0.825983
4 4 0.011042 0.027068 0.033301 0.000152 0.928436
4 4 0.010961 0.022841 0.059496 0.000253 0.906449
4 4 0.013912 0.031428 0.030774 0.000156 0.923729
4 4 0.019520 0.062459 0.060923 0.001438 0.855659
4 4 0.014817 0.039922 0.047433 0.000465 0.897364
4 4 0.013897 0.042763 0.066229 0.000933 0.876179
4 4 0.017975 0.045605 0.146863 0.003174 0.786383
4 4 0.014839 0.035128 0.169996 0.002702 0.777335
2 4 0.012522 0.310029 0.347337 0.003205 0.326906
4 4 0.019861 0.061011 0.136254 0.004868 0.778006
1 4 0.018408 0.510025 0.309069 0.006799 0.155699
2 4 0.015011 0.285126 0.527673 0.007020 0.165171
2 4 0.009178 0.320334 0.561551 0.004250 0.104687
2 4 0.011496 0.304524 0.584319 0.006456 0.093205
2 4 0.011879 0.329827 0.449367 0.004040 0.204887
2 4 0.016111 0.333038 0.536382 0.010182 0.104288
2 4 0.018406 0.363400 0.484895 0.011643 0.121657
2 4 0.007271 0.308217 0.424636 0.001751 0.258125
1 2 0.020074 0.452540 0.354676 0.008161 0.164550
2 2 0.016137 0.255761 0.595450 0.011588 0.121064
1 2 0.017800 0.423179 0.281319 0.004980 0.272721
1 2 0.019958 0.428911 0.345955 0.007424 0.197751
1 2 0.015287 0.486836 0.328667 0.005225 0.163986
1 2 0.012915 0.401629 0.338097 0.003568 0.243790
4 2 0.012064 0.113712 0.371070 0.003386 0.499769
1 2 0.011533 0.341487 0.316788 0.002670 0.327522
4 2 0.016854 0.151020 0.115023 0.002817 0.714286
2 2 0.020756 0.366872 0.465532 0.011067 0.135773
4 2 0.026149 0.370954 0.208487 0.006093 0.388316
4 2 0.025330 0.202838 0.326416 0.008637 0.436780
4 2 0.013709 0.136253 0.220012 0.001344 0.628682
4 2 0.059706 0.067083 0.231593 0.007151 0.634467
0 2 0.599075 0.122420 0.094881 0.010498 0.173126
2 2 0.043604 0.155148 0.520983 0.064382 0.215882
1 2 0.012686 0.482855 0.301292 0.003498 0.199669
2 2 0.010979 0.123192 0.794991 0.025082 0.045757
2 2 0.010724 0.094592 0.818362 0.032955 0.043367
2 2 0.009657 0.049241 0.761287 0.166632 0.013183
2 2 0.004101 0.052454 0.871498 0.066184 0.005764
2 2 0.009022 0.131159 0.808976 0.019134 0.031709
2 2 0.005672 0.041234 0.791990 0.154781 0.006322
2 2 0.002377 0.027243 0.928258 0.036276 0.005846
2 2 0.002700 0.031482 0.918377 0.041746 0.005695
2 2 0.004524 0.037196 0.891592 0.056612 0.010076
2 2 0.003142 0.035461 0.928663 0.019124 0.013611
2 2 0.002402 0.029120 0.904856 0.059765 0.003858
2 3 0.001320 0.014198 0.893184 0.089186 0.002113
2 3 0.002760 0.033615 0.912986 0.045466 0.005173
2 3 0.000896 0.011733 0.919406 0.066401 0.001564
2 3 0.000959 0.014039 0.971204 0.006688 0.007109
2 3 0.002069 0.020929 0.944683 0.024232 0.008087
2 3 0.000869 0.006690 0.871351 0.119275 0.001815
2 3 0.002134 0.020976 0.901846 0.071058 0.003987
2 3 0.000604 0.005814 0.876179 0.116319 0.001083
2 3 0.002307 0.018424 0.874412 0.100713 0.004144
2 3 0.000577 0.006369 0.871858 0.120328 0.000868
2 3 0.001137 0.008578 0.712596 0.276605 0.001084
2 3 0.001725 0.011521 0.818848 0.165148 0.002757
2 3 0.001013 0.009418 0.846255 0.141890 0.001424
2 3 0.000240 0.002098 0.816965 0.180279 0.000418
2 3 0.002357 0.012635 0.686746 0.295654 0.002607
2 3 0.001748 0.010991 0.617858 0.368051 0.001352
2 3 0.000298 0.002268 0.733451 0.263575 0.000407
2 3 0.000592 0.003267 0.580674 0.414869 0.000597
2 3 0.000828 0.003614 0.504741 0.490017 0.000800
3 3 0.002815 0.008708 0.373307 0.613172 0.001998
3 3 0.001207 0.004848 0.372322 0.620860 0.000762
3 3 0.000926 0.002689 0.223521 0.772370 0.000493
3 3 0.000807 0.002657 0.366068 0.629782 0.000686
3 3 0.000512 0.001043 0.130857 0.867319 0.000269
3 3 0.001317 0.003067 0.211666 0.783162 0.000787
3 3 0.000825 0.001445 0.101518 0.895853 0.000359
3 3 0.001031 0.001313 0.053818 0.943502 0.000337
3 3 0.001201 0.001517 0.047882 0.949057 0.000342
3 3 0.000703 0.001335 0.079362 0.918373 0.000228
3 3 0.002377 0.002975 0.065446 0.928414 0.000787
3 3 0.001818 0.002721 0.114296 0.880272 0.000892
3 3 0.000925 0.001168 0.038288 0.959391 0.000227
3 3 0.000566 0.000725 0.039994 0.958556 0.000159
3 3 0.000720 0.000914 0.035356 0.962837 0.000173
3 3 0.000410 0.000526 0.030847 0.968119 0.000098
3 3 0.001088 0.001377 0.046054 0.951176 0.000305
3 3 0.000538 0.000690 0.037028 0.961601 0.000143
3 3 0.000386 0.000497 0.032701 0.966318 0.000098
3 3 0.001244 0.001566 0.044075 0.952787 0.000327
3 3 0.000619 0.000789 0.035265 0.963174 0.000153
3 3 0.000738 0.000944 0.046648 0.951444 0.000226
3 3 0.000264 0.000339 0.021019 0.978330 0.000049
3 3 0.000548 0.000697 0.029843 0.968792 0.000120
3 3 0.000800 0.001023 0.048750 0.949176 0.000251
3 3 0.000448 0.000571 0.027096 0.971792 0.000093
3 3 0.000980 0.001237 0.039359 0.958180 0.000244
3 3 0.000423 0.000543 0.031043 0.967890 0.000101
3 3 0.000315 0.000404 0.022899 0.976322 0.000061
3 3 0.000509 0.000648 0.028796 0.969938 0.000109
3 3 0.001226 0.001543 0.043761 0.953149 0.000321
3 3 0.000523 0.000665 0.029171 0.969528 0.000113
3 3 0.000363 0.000464 0.024487 0.974615 0.000072
3 3 0.000373 0.000477 0.024827 0.974249 0.000075
3 3 0.000426 0.000543 0.026444 0.972499 0.000088
3 3 0.000483 0.000615 0.028083 0.970718 0.000102
3 3 0.000528 0.000672 0.029314 0.969372 0.000114
3 3 0.000448 0.000572 0.027112 0.971774 0.000093
3 3 0.001398 0.001757 0.046567 0.949901 0.000377
3 3 0.000568 0.000722 0.030352 0.968233 0.000125
3 3 0.000843 0.001066 0.036640 0.961248 0.000203
3 3 0.000154 0.000199 0.016218 0.983404 0.000025
3 3 0.000463 0.000590 0.027524 0.971326 0.000097
3 3 0.001523 0.001911 0.048480 0.947667 0.000419
3 3 0.000689 0.000874 0.033282 0.964997 0.000158
3 3 0.000950 0.001200 0.038787 0.958828 0.000235
3 3 0.000534 0.000680 0.029475 0.969196 0.000116
3 3 0.000306 0.000392 0.022559 0.976685 0.000058
3 3 0.000802 0.001016 0.035790 0.962201 0.000191
3 3 0.000282 0.000362 0.021721 0.977581 0.000053
3 3 0.000448 0.000572 0.027109 0.971778 0.000093
3 3 0.000562 0.000715 0.030201 0.968399 0.000123
3 3 0.000509 0.000648 0.028795 0.969940 0.000109
3 3 0.000534 0.000679 0.029473 0.969198 0.000116
3 3 0.000324 0.000415 0.023207 0.975990 0.000063
3 3 0.000843 0.001067 0.036647 0.961240 0.000203
3 3 0.000430 0.000549 0.026572 0.972360 0.000089
3 3 0.000454 0.000579 0.027282 0.971589 0.000095
3 3 0.000212 0.000273 0.018913 0.980565 0.000037
3 3 0.000404 0.000516 0.025795 0.973203 0.000082
3 3 0.000503 0.000640 0.028631 0.970119 0.000107
3 3 0.000393 0.000502 0.025444 0.973582 0.000079
3 3 0.000527 0.000671 0.029296 0.969392 0.000114
3 3 0.000232 0.000298 0.019763 0.979665 0.000042
3 3 0.000313 0.000401 0.022808 0.976419 0.000060
3 3 0.000166 0.000215 0.016828 0.982763 0.000028
3 3 0.000218 0.000281 0.019191 0.980271 0.000039
3 3 0.000538 0.000685 0.029583 0.969077 0.000117
3 3 0.000396 0.000506 0.025558 0.973459 0.000080
3 3 0.000516 0.000656 0.028985 0.969733 0.000111
3 3 0.000200 0.000257 0.018383 0.981125 0.000035
3 3 0.000620 0.000787 0.031649 0.966805 0.000139
3 3 0.000200 0.000257 0.018385 0.981123 0.000035
3 3 0.000333 0.000426 0.023500 0.975677 0.000065
3 3 0.000364 0.000465 0.024524 0.974575 0.000072
3 3 0.000366 0.000468 0.024611 0.974481 0.000073
3 3 0.000127 0.000164 0.014778 0.984911 0.000020
3 3 0.000317 0.000406 0.022960 0.976256 0.000061
3 3 0.000394 0.000503 0.025486 0.973537 0.000080
3 3 0.000972 0.001227 0.039197 0.958363 0.000241
3 3 0.000474 0.000604 0.027838 0.970984 0.000100
3 3 0.000507 0.000645 0.028743 0.969996 0.000109
3 3 0.000396 0.000506 0.025548 0.973470 0.000080
3 3 0.000418 0.000534 0.026214 0.972749 0.000086
3 3 0.000388 0.000496 0.025303 0.973735 0.000078
3 3 0.000332 0.000425 0.023482 0.975696 0.000065
3 3 0.000685 0.000869 0.033196 0.965093 0.000157
3 3 0.002058 0.002572 0.055852 0.938912 0.000606
3 3 0.001909 0.002388 0.053917 0.941233 0.000553
3 3 0.000370 0.000515 0.030439 0.968595 0.000081
3 3 0.004628 0.006810 0.273862 0.713237 0.001464
2 3 0.002372 0.009755 0.571531 0.414666 0.001676
2 1 0.114104 0.340482 0.465174 0.032007 0.048233
2 1 0.008067 0.044005 0.766725 0.167781 0.013422
2 1 0.003845 0.082438 0.842734 0.068144 0.002838
2 1 0.010124 0.210831 0.727304 0.037144 0.014597
2 1 0.010419 0.141905 0.787349 0.037706 0.022622
2 1 0.013881 0.204895 0.690738 0.019869 0.070617
2 1 0.013853 0.218528 0.693538 0.018566 0.055515
2 1 0.025178 0.157348 0.674012 0.059416 0.084047
2 1 0.024281 0.206327 0.615598 0.028036 0.125758
2 1 0.010176 0.237065 0.599342 0.004628 0.148788
2 1 0.020418 0.218677 0.618953 0.020457 0.121495
2 1 0.023001 0.119309 0.709387 0.064280 0.084023
2 1 0.013211 0.123573 0.778553 0.027396 0.057268
2 1 0.009977 0.240031 0.612267 0.004780 0.132944
2 1 0.015064 0.320653 0.597075 0.015227 0.051982
2 1 0.015993 0.172272 0.720379 0.026499 0.064857
2 1 0.020981 0.134570 0.602719 0.019676 0.222055
2 1 0.019747 0.165779 0.683311 0.031096 0.100067
2 1 0.024832 0.151231 0.534651 0.018970 0.270315
2 1 0.026998 0.180194 0.610278 0.033918 0.148612
2 1 0.015158 0.192324 0.679122 0.014370 0.099026
2 1 0.014948 0.160477 0.741886 0.035871 0.046818
2 1 0.016730 0.173274 0.721844 0.049988 0.038164
2 1 0.015860 0.208132 0.703373 0.038036 0.034598
2 1 0.014740 0.289787 0.591414 0.011337 0.092722
2 1 0.010928 0.137443 0.790007 0.038094 0.023528
2 1 0.015081 0.173262 0.719347 0.068434 0.023876
2 1 0.011802 0.156401 0.725332 0.010074 0.096391
2 1 0.010893 0.205816 0.720665 0.009750 0.052875
2 1 0.006472 0.121632 0.833011 0.028510 0.010375
2 1 0.019941 0.400921 0.515322 0.013963 0.049853
2 1 0.017836 0.256874 0.639821 0.033225 0.052244
2 1 0.037585 0.368445 0.555465 0.011456 0.027049
2 1 0.029390 0.344218 0.527350 0.006284 0.092758
1 1 0.051290 0.497740 0.388811 0.006110 0.056049
1 1 0.067857 0.446368 0.388448 0.013008 0.084318
2 1 0.099659 0.316575 0.528036 0.026543 0.029187
0 0 0.683055 0.169970 0.062338 0.008027 0.076611
0 0 0.828675 0.083924 0.033863 0.008339 0.045199
0 0 0.757213 0.113990 0.053803 0.014128 0.060865
0 0 0.645221 0.190173 0.118372 0.008927 0.037307
0 0 0.763384 0.117593 0.057455 0.011519 0.050049
2 0 0.065196 0.322168 0.491925 0.054497 0.066215
1 1 0.025156 0.442484 0.425490 0.016539 0.090330
2 1 0.019095 0.345438 0.544140 0.015476 0.075850
2 1 0.023749 0.436343 0.441288 0.016199 0.082421
2 1 0.015355 0.293974 0.470390 0.006051 0.214230
1 1 0.023759 0.447158 0.425161 0.015308 0.088614
2 1 0.019407 0.433855 0.464614 0.013490 0.068634
2 1 0.048777 0.375435 0.430710 0.035658 0.109420
4 1 0.097388 0.111829 0.171388 0.009702 0.609692
4 4 0.074759 0.248556 0.329692 0.011279 0.335714
4 4 0.044663 0.156613 0.316193 0.009275 0.473256
4 4 0.061753 0.068760 0.210008 0.006311 0.653168
4 4 0.047902 0.069051 0.150051 0.004040 0.728957
2 4 0.058451 0.191838 0.364945 0.039265 0.345501
4 4 0.068813 0.083780 0.142165 0.004480 0.700763
0 4 0.445690 0.275984 0.174909 0.019646 0.083771
2 4 0.107273 0.205994 0.370854 0.029962 0.285917
4 4 0.019087 0.048312 0.241326 0.008260 0.683014
2 4 0.032720 0.258491 0.526334 0.041427 0.141028
1 4 0.020476 0.523990 0.345657 0.007011 0.102866
2 4 0.019739 0.213839 0.585128 0.019689 0.161605
4 4 0.027569 0.136907 0.407847 0.018272 0.409405
