1 0 0.246071 0.464502 0.012165 0.000131 0.277130
4 1 0.032886 0.446714 0.045524 0.000068 0.474808
4 1 0.032662 0.284066 0.029087 0.000074 0.654111
4 1 0.021384 0.236485 0.017524 0.000021 0.724586
4 1 0.026003 0.278844 0.010890 0.000015 0.684248
4 1 0.021136 0.188903 0.013206 0.000021 0.776733
4 1 0.030272 0.263735 0.015208 0.000034 0.690751
4 4 0.011530 0.085135 0.013453 0.000019 0.889863
4 4 0.054130 0.182714 0.016073 0.000053 0.747030
4 4 0.105425 0.219609 0.024564 0.000197 0.650206
4 4 0.044459 0.224286 0.012645 0.000027 0.718583
4 4 0.029928 0.287358 0.020801 0.000041 0.661873
4 4 0.038392 0.291917 0.018331 0.000058 0.651302
4 4 0.034049 0.129337 0.014621 0.000036 0.821957
4 4 0.064061 0.148730 0.022857 0.000129 0.764223
4 4 0.052644 0.249215 0.016730 0.000056 0.681356
4 4 0.025675 0.262401 0.013209 0.000020 0.698696
4 4 0.063323 0.283635 0.017503 0.000069 0.635471
4 4 0.123313 0.248374 0.026746 0.000266 0.601301
1 4 0.155043 0.438963 0.019773 0.000208 0.386013
4 4 0.085628 0.231471 0.026158 0.000198 0.656545
4 4 0.023904 0.053145 0.012333 0.000027 0.910590
4 4 0.037022 0.278889 0.014868 0.000036 0.669185
4 4 0.063458 0.233058 0.020403 0.000096 0.682986
4 4 0.034630 0.230932 0.019594 0.000063 0.714781
4 4 0.022254 0.120368 0.016043 0.000036 0.841300
4 4 0.036641 0.207909 0.014063 0.000031 0.741355
4 4 0.034614 0.231831 0.013522 0.000028 0.720005
4 4 0.071142 0.309984 0.013408 0.000042 0.605425
4 4 0.021104 0.197439 0.021389 0.000033 0.760035
4 4 0.026682 0.439991 0.089857 0.000095 0.443375
4 4 0.026657 0.400635 0.117406 0.000147 0.455155
1 4 0.040548 0.509455 0.071969 0.000168 0.377860
1 1 0.038927 0.533450 0.065485 0.000131 0.362007
1 1 0.029867 0.488394 0.105222 0.000136 0.376383
1 1 0.066814 0.527243 0.052877 0.000374 0.352692
1 1 0.034210 0.599230 0.088008 0.000130 0.278422
1 1 0.037775 0.642545 0.096965 0.000186 0.222529
1 1 0.038563 0.452375 0.094017 0.000159 0.414886
1 1 0.036317 0.704933 0.112735 0.000224 0.145791
1 1 0.044438 0.646643 0.067881 0.000172 0.240866
1 1 0.039783 0.699231 0.098835 0.000226 0.161926
1 1 0.032511 0.659847 0.190048 0.000396 0.117197
1 1 0.029762 0.730714 0.133453 0.000196 0.105875
1 1 0.031357 0.705775 0.148876 0.000253 0.113739
1 1 0.029015 0.641264 0.199757 0.000317 0.129647
1 2 0.026683 0.519910 0.357444 0.000869 0.095095
1 2 0.024134 0.527773 0.315798 0.000474 0.131821
1 2 0.027731 0.639919 0.219701 0.000349 0.112300
1 2 0.017800 0.483688 0.432068 0.000605 0.065839
1 2 0.055827 0.598388 0.258879 0.001556 0.085350
2 2 0.004768 0.103110 0.870683 0.002049 0.019390
2 2 0.004974 0.097159 0.860612 0.001668 0.035587
2 2 0.002762 0.061562 0.919749 0.001875 0.014051
2 2 0.003623 0.058862 0.919093 0.003668 0.014755
2 2 0.001955 0.034323 0.950328 0.002944 0.010450
2 2 0.006022 0.105806 0.862836 0.003034 0.022303
2 2 0.004270 0.084018 0.895620 0.003027 0.013065
2 2 0.007526 0.125713 0.839220 0.003466 0.024075
2 2 0.003907 0.093634 0.889212 0.002267 0.010981
2 2 0.003273 0.054478 0.930413 0.007753 0.004083
2 2 0.001533 0.028121 0.961721 0.006165 0.002460
2 2 0.003391 0.050797 0.932197 0.006896 0.006718
2 2 0.000703 0.015397 0.978427 0.003739 0.001735
2 2 0.002748 0.050352 0.936830 0.005983 0.004088
2 2 0.002647 0.031798 0.948683 0.013108 0.003764
2 2 0.005290 0.045933 0.911786 0.031015 0.005976
2 2 0.001694 0.025616 0.950998 0.019503 0.002189
2 2 0.000565 0.014410 0.969240 0.014871 0.000913
2 3 0.004619 0.042552 0.909267 0.037541 0.006021
2 3 0.002591 0.030774 0.895744 0.065439 0.005451
2 3 0.001776 0.025435 0.914065 0.054867 0.003858
2 3 0.001036 0.019190 0.925920 0.051259 0.002595
2 3 0.000435 0.011406 0.846857 0.138844 0.002458
2 3 0.000449 0.012012 0.899388 0.086204 0.001947
2 3 0.001063 0.019253 0.911400 0.065288 0.002996
2 3 0.000349 0.009794 0.796519 0.190819 0.002520
2 3 0.000478 0.011092 0.730681 0.254092 0.003657
2 3 0.000975 0.013943 0.538521 0.438357 0.008204
2 3 0.000545 0.011678 0.704019 0.279537 0.004220
2 3 0.000707 0.012674 0.628808 0.352053 0.005758
2 3 0.001555 0.020402 0.698614 0.271061 0.008369
2 3 0.000862 0.011826 0.540624 0.440576 0.006112
2 3 0.000662 0.012403 0.646055 0.335528 0.005352
2 3 0.000756 0.013512 0.664622 0.315472 0.005639
2 3 0.001512 0.016162 0.565738 0.408308 0.008280
2 3 0.000423 0.008610 0.501914 0.484046 0.005007
3 3 0.000721 0.007023 0.312214 0.674733 0.005309
3 3 0.000217 0.005782 0.461779 0.528814 0.003407
2 3 0.000710 0.008928 0.525082 0.461373 0.003907
2 3 0.004064 0.031335 0.588053 0.357669 0.018879
2 3 0.001327 0.019538 0.757470 0.215070 0.006595
2 3 0.000686 0.014739 0.865481 0.116068 0.003026
2 3 0.001875 0.026746 0.939019 0.029461 0.002899
2 2 0.002709 0.031363 0.888846 0.071211 0.005871
2 2 0.000440 0.011105 0.798267 0.187275 0.002913
2 2 0.000793 0.015892 0.861643 0.118304 0.003369
3 3 0.001276 0.011349 0.356370 0.621801 0.009204
2 3 0.003120 0.030133 0.720618 0.233843 0.012286
2 3 0.000912 0.017030 0.852084 0.126142 0.003831
2 3 0.001723 0.025530 0.938485 0.031430 0.002832
2 3 0.000292 0.009895 0.951012 0.037852 0.000949
2 3 0.001093 0.018858 0.859341 0.116563 0.004146
2 3 0.000711 0.014860 0.848753 0.132350 0.003326
2 3 0.001027 0.014975 0.590993 0.385227 0.007777
3 3 0.001185 0.012258 0.468369 0.510897 0.007290
3 3 0.002049 0.015985 0.429388 0.541248 0.011329
2 3 0.000506 0.010198 0.582674 0.401629 0.004993
3 3 0.001513 0.012857 0.368571 0.606562 0.010497
3 3 0.001324 0.014593 0.459486 0.514299 0.010298
3 3 0.000298 0.005881 0.398369 0.591598 0.003854
2 3 0.000804 0.009417 0.528527 0.457178 0.004073
2 3 0.001552 0.019872 0.664594 0.305025 0.008957
2 3 0.000398 0.009374 0.636456 0.349867 0.003905
3 3 0.001492 0.012226 0.386538 0.590904 0.008841
2 3 0.000700 0.013633 0.733298 0.247715 0.004653
2 3 0.000367 0.008376 0.553272 0.433749 0.004235
3 3 0.001066 0.011438 0.335780 0.640594 0.011122
2 3 0.000270 0.008578 0.801782 0.187265 0.002105
2 3 0.001191 0.016160 0.584106 0.389840 0.008704
3 3 0.002616 0.005794 0.136814 0.848978 0.005798
3 3 0.001469 0.007094 0.178001 0.805107 0.008330
3 3 0.002202 0.006832 0.120330 0.860138 0.010497
3 3 0.001581 0.006910 0.135161 0.845497 0.010850
3 3 0.001843 0.008326 0.236183 0.746443 0.007204
3 3 0.002529 0.006858 0.149331 0.833757 0.007526
3 3 0.002243 0.004143 0.070239 0.916320 0.007055
3 3 0.003789 0.009387 0.120577 0.850414 0.015833
3 3 0.004121 0.007554 0.097832 0.877989 0.012504
3 3 0.002918 0.005689 0.085029 0.896736 0.009628
3 3 0.002961 0.005809 0.086155 0.895244 0.009831
3 3 0.003009 0.005466 0.081629 0.900728 0.009168
3 3 0.002116 0.006347 0.128064 0.855015 0.008458
3 3 0.003299 0.005739 0.082929 0.898489 0.009543
3 3 0.003296 0.006195 0.088287 0.891835 0.010387
3 3 0.003661 0.008084 0.133283 0.844630 0.010343
3 3 0.002409 0.004145 0.068955 0.917510 0.006982
3 3 0.002260 0.004260 0.073301 0.913106 0.007074
3 3 0.002529 0.005263 0.112929 0.873149 0.006130
3 3 0.002589 0.005297 0.082749 0.900306 0.009058
3 3 0.006488 0.014204 0.165356 0.794355 0.019597
3 3 0.003763 0.004971 0.071211 0.912074 0.007981
3 3 0.004295 0.004284 0.060826 0.923958 0.006637
3 3 0.001863 0.003530 0.068615 0.920349 0.005642
3 3 0.002297 0.003297 0.057774 0.931173 0.005458
3 3 0.002932 0.003799 0.060929 0.926184 0.006156
3 3 0.004797 0.004821 0.065128 0.917816 0.007438
3 3 0.003116 0.004378 0.067412 0.917958 0.007136
3 3 0.003111 0.004521 0.069243 0.915730 0.007395
3 3 0.002853 0.003746 0.060653 0.926664 0.006085
3 3 0.004606 0.006533 0.084465 0.893923 0.010473
3 3 0.005142 0.005295 0.069088 0.912308 0.008167
3 3 0.006560 0.003682 0.047916 0.936577 0.005265
3 3 0.003638 0.003174 0.049556 0.938747 0.004884
3 3 0.005412 0.004884 0.063763 0.918530 0.007410
3 3 0.005230 0.003409 0.047743 0.938615 0.005003
3 3 0.003615 0.004055 0.060840 0.925079 0.006411
3 3 0.003413 0.003615 0.056169 0.931107 0.005695
3 3 0.005296 0.005306 0.068662 0.912587 0.008148
3 3 0.006624 0.004739 0.058947 0.922737 0.006953
3 3 0.005673 0.003465 0.047353 0.938478 0.005032
3 3 0.007092 0.006301 0.073210 0.903966 0.009431
3 3 0.005709 0.003560 0.048355 0.937196 0.005180
3 3 0.001684 0.003195 0.062821 0.926958 0.005342
3 3 0.004170 0.004760 0.066886 0.916693 0.007492
3 3 0.005736 0.004252 0.055982 0.927729 0.006301
3 3 0.005115 0.004345 0.058758 0.925215 0.006567
3 3 0.004520 0.003896 0.055469 0.930186 0.005929
3 3 0.004669 0.004881 0.066274 0.916604 0.007572
3 3 0.004633 0.003793 0.053890 0.931949 0.005734
3 3 0.004402 0.003621 0.052567 0.933919 0.005490
3 3 0.014307 0.012142 0.174083 0.790430 0.009038
2 3 0.061913 0.089271 0.750109 0.085060 0.013647
2 3 0.006107 0.033449 0.713864 0.235260 0.011321
2 3 0.001965 0.014438 0.552697 0.424862 0.006038
2 3 0.024053 0.053695 0.798970 0.113711 0.009571
2 3 0.006335 0.048264 0.855727 0.078810 0.010864
2 3 0.001380 0.014812 0.798815 0.181916 0.003076
2 3 0.003096 0.031588 0.873582 0.085434 0.006300
2 3 0.058511 0.149452 0.732030 0.037192 0.022816
2 2 0.019648 0.320541 0.609325 0.002795 0.047692
2 2 0.027952 0.395714 0.488331 0.002342 0.085660
2 2 0.017056 0.351324 0.598765 0.002248 0.030607
2 2 0.003511 0.048193 0.930726 0.005626 0.011944
2 2 0.001924 0.025379 0.959525 0.006517 0.006654
2 2 0.005513 0.067400 0.892910 0.004717 0.029459
2 2 0.003575 0.046248 0.917918 0.003511 0.028748
2 2 0.005075 0.068786 0.895886 0.004075 0.026178
1 2 0.024118 0.421505 0.292822 0.000415 0.261141
4 2 0.016878 0.145012 0.081307 0.000146 0.756657
4 4 0.023964 0.249630 0.083305 0.000144 0.642957
4 4 0.019541 0.150897 0.028749 0.000059 0.800755
4 4 0.023845 0.362883 0.072238 0.000071 0.540963
4 4 0.025965 0.447878 0.048528 0.000042 0.477586
4 4 0.032387 0.374825 0.044726 0.000080 0.547982
4 4 0.014592 0.073971 0.025422 0.000086 0.885930
1 4 0.034228 0.511803 0.070727 0.000110 0.383133
4 4 0.022605 0.251393 0.049080 0.000068 0.676855
4 4 0.018211 0.277030 0.066782 0.000050 0.637926
4 4 0.023478 0.365258 0.071142 0.000067 0.540055
1 4 0.026123 0.470343 0.073501 0.000066 0.429967
4 4 0.014654 0.109585 0.038436 0.000071 0.837255
4 4 0.025488 0.261504 0.049348 0.000085 0.663575
1 4 0.028817 0.504964 0.086114 0.000094 0.380011
4 4 0.025197 0.272818 0.046716 0.000073 0.655195
4 4 0.020815 0.289918 0.071222 0.000069 0.617976
4 4 0.023864 0.398538 0.070991 0.000062 0.506545
1 4 0.042832 0.467612 0.059204 0.000165 0.430187
1 4 0.055864 0.653207 0.064730 0.000195 0.226004
1 1 0.030864 0.543959 0.092290 0.000114 0.332773
1 1 0.021267 0.640054 0.278109 0.000366 0.060203
1 1 0.026539 0.580674 0.286260 0.000517 0.106009
2 1 0.010138 0.230590 0.728597 0.001819 0.028856
1 1 0.025521 0.619628 0.221863 0.000276 0.132712
1 2 0.024157 0.594425 0.309007 0.000559 0.071851
1 2 0.047266 0.688961 0.179096 0.000579 0.084098
1 2 0.030681 0.694362 0.197303 0.000433 0.077220
1 2 0.039720 0.654931 0.188221 0.000544 0.116585
1 2 0.037078 0.655994 0.168966 0.000430 0.137533
1 1 0.044579 0.729003 0.142526 0.000349 0.083544
1 1 0.024165 0.658293 0.236945 0.000326 0.080271
1 1 0.027995 0.619007 0.273516 0.000603 0.078879
2 2 0.003506 0.092368 0.894503 0.002387 0.007235
2 2 0.005071 0.116688 0.858740 0.002004 0.017497
2 2 0.002995 0.070181 0.915121 0.002324 0.009379
2 2 0.001691 0.038536 0.950944 0.002350 0.006479
2 2 0.009526 0.236902 0.716561 0.001285 0.035726
2 2 0.011823 0.199107 0.764200 0.004413 0.020457
2 2 0.001955 0.053564 0.931028 0.001192 0.012261
2 2 0.015964 0.328873 0.624676 0.002399 0.028088
2 2 0.013166 0.295891 0.660255 0.001935 0.028753
2 2 0.004025 0.089108 0.881952 0.001610 0.023304
2 2 0.006623 0.187099 0.782540 0.001248 0.022489
2 2 0.007036 0.142200 0.831166 0.003016 0.016582
2 2 0.003267 0.082924 0.901810 0.002003 0.009995
2 2 0.004871 0.099039 0.879846 0.002990 0.013254
2 2 0.009520 0.153101 0.812072 0.004475 0.020832
2 2 0.010762 0.264917 0.698274 0.001749 0.024298
2 2 0.002265 0.060333 0.929559 0.002264 0.005579
2 2 0.006084 0.153739 0.819114 0.001673 0.019389
2 2 0.002684 0.042648 0.942279 0.005362 0.007026
2 2 0.007984 0.167446 0.804395 0.002845 0.017330
2 2 0.019906 0.319985 0.625550 0.003385 0.031173
2 2 0.017476 0.351989 0.598361 0.002218 0.029956
1 2 0.029442 0.502853 0.409036 0.001751 0.056919
1 2 0.089797 0.616268 0.228530 0.001219 0.064186
1 2 0.025998 0.586565 0.321836 0.000758 0.064843
2 2 0.010702 0.259602 0.707746 0.002068 0.019882
2 2 0.003425 0.090293 0.893246 0.001762 0.011275
2 2 0.016047 0.324310 0.629080 0.002508 0.028055
1 2 0.020223 0.500251 0.434981 0.001008 0.043537
1 2 0.028299 0.556645 0.346395 0.001065 0.067597
2 2 0.007333 0.156065 0.807818 0.002003 0.026781
2 2 0.003596 0.091237 0.893177 0.002109 0.009881
2 2 0.003245 0.073332 0.909731 0.002262 0.011430
2 2 0.010493 0.172223 0.783565 0.003441 0.030278
2 2 0.005335 0.146661 0.835231 0.002009 0.010764
2 2 0.021204 0.408309 0.537069 0.001658 0.031761
2 2 0.007057 0.149511 0.829385 0.003791 0.010256
1 2 0.037499 0.597700 0.313313 0.000830 0.050658
2 2 0.018332 0.437888 0.495682 0.001114 0.046985
2 2 0.007981 0.210269 0.765246 0.002033 0.014471
2 2 0.007313 0.175803 0.795398 0.001950 0.019535
2 2 0.018701 0.356045 0.594276 0.002145 0.028832
2 2 0.006104 0.123677 0.857073 0.004316 0.008831
2 2 0.009079 0.180312 0.789768 0.003266 0.017575
2 2 0.002114 0.052011 0.937761 0.002523 0.005592
2 2 0.003665 0.082712 0.903246 0.003280 0.007098
2 2 0.011889 0.254265 0.702377 0.002104 0.029366
2 2 0.014482 0.318900 0.630789 0.001804 0.034024
2 2 0.010852 0.183012 0.783129 0.004619 0.018388
2 2 0.015221 0.261897 0.694362 0.003912 0.024609
2 2 0.007672 0.127016 0.842045 0.004148 0.019118
2 2 0.011571 0.215535 0.746641 0.003309 0.022944
1 2 0.103920 0.432450 0.388914 0.007002 0.067714
2 2 0.010558 0.165269 0.796072 0.004484 0.023616
2 2 0.019770 0.286207 0.651883 0.004324 0.037816
2 2 0.013682 0.237082 0.722898 0.004057 0.022282
2 2 0.011692 0.165109 0.801408 0.006569 0.015222
2 2 0.058872 0.303177 0.591194 0.008529 0.038229
2 2 0.017210 0.314023 0.618421 0.002155 0.048191
2 2 0.013570 0.298279 0.649474 0.001707 0.036968
2 2 0.010473 0.201977 0.763762 0.003243 0.020546
2 2 0.004031 0.078567 0.905584 0.004330 0.007488
2 2 0.016674 0.318496 0.625364 0.002343 0.037123
2 2 0.015268 0.192263 0.759684 0.007286 0.025500
2 2 0.094298 0.415760 0.432223 0.006038 0.051682
1 2 0.039935 0.508279 0.366032 0.001928 0.083827
1 2 0.041033 0.601807 0.282079 0.001174 0.073907
1 2 0.250895 0.405202 0.227630 0.006916 0.109357
0 0 0.812508 0.119324 0.026497 0.006163 0.035507
0 0 0.796125 0.125990 0.021095 0.005926 0.050864
4 1 0.307777 0.321536 0.038307 0.001644 0.330735
1 1 0.055509 0.717573 0.148382 0.000414 0.078121
1 1 0.036468 0.618029 0.262366 0.001036 0.082101
1 1 0.060611 0.624760 0.226423 0.001261 0.086945
1 1 0.032365 0.631430 0.260791 0.000801 0.074613
1 1 0.031245 0.520356 0.383157 0.001750 0.063492
2 1 0.002842 0.065343 0.923366 0.003624 0.004827
2 2 0.014513 0.279147 0.679057 0.003094 0.024189
2 2 0.009241 0.225335 0.747998 0.002404 0.015022
2 2 0.001900 0.027489 0.958985 0.006594 0.005032
2 2 0.002061 0.034004 0.953501 0.007052 0.003382
1 2 0.033415 0.616781 0.273371 0.000939 0.075494
2 2 0.008412 0.180927 0.794509 0.003370 0.012782
2 2 0.005646 0.104329 0.871943 0.003586 0.014496
2 2 0.011152 0.215147 0.744828 0.002799 0.026074
2 2 0.028613 0.160570 0.777386 0.010075 0.023357
1 2 0.059609 0.696383 0.157253 0.000570 0.086185
1 2 0.150855 0.613831 0.102475 0.001299 0.131541
1 2 0.101541 0.713710 0.092184 0.000399 0.092167
1 2 0.129125 0.601257 0.181048 0.001719 0.086851
0 0 0.614088 0.270375 0.048481 0.003549 0.063506
0 0 0.700103 0.187974 0.020380 0.003849 0.087694
0 0 0.484709 0.311411 0.026122 0.001799 0.175959
1 0 0.062238 0.725857 0.105411 0.000387 0.106107
1 1 0.067843 0.655642 0.147208 0.000989 0.128318
1 1 0.164522 0.602326 0.092239 0.001110 0.139803
1 1 0.099971 0.723374 0.060971 0.000277 0.115408
1 1 0.060525 0.732822 0.097605 0.000342 0.108706
1 1 0.084183 0.711040 0.093489 0.000447 0.110841
1 1 0.038816 0.676114 0.189861 0.000656 0.094554
1 1 0.039873 0.636999 0.224199 0.000907 0.098022
1 1 0.038708 0.721535 0.137238 0.000388 0.102130
1 1 0.032087 0.602430 0.293048 0.000996 0.071439
2 1 0.007829 0.197015 0.770486 0.001623 0.023046
2 1 0.006121 0.161150 0.812801 0.001608 0.018319
2 2 0.002626 0.053252 0.932379 0.002961 0.008782
2 2 0.011451 0.228192 0.724145 0.002190 0.034021
2 2 0.002609 0.054267 0.932346 0.003071 0.007707
2 2 0.002948 0.053239 0.933127 0.005344 0.005342
2 2 0.013186 0.235339 0.726122 0.003885 0.021468
2 2 0.005695 0.131577 0.849976 0.003085 0.009668
2 2 0.008484 0.177880 0.797286 0.003550 0.012800
2 2 0.016432 0.321439 0.633427 0.002433 0.026270
1 2 0.035016 0.565318 0.342388 0.001152 0.056126
0 2 0.617033 0.269502 0.054109 0.003596 0.055760
0 0 0.904626 0.053239 0.009958 0.007129 0.025047
1 0 0.404793 0.410061 0.076598 0.003487 0.105061
1 1 0.041757 0.692010 0.161098 0.000584 0.104551
1 1 0.035302 0.673698 0.204571 0.000613 0.085815
1 1 0.035268 0.635012 0.240441 0.000792 0.088486
1 1 0.034819 0.626747 0.258061 0.000912 0.079461
2 1 0.014709 0.236359 0.711487 0.003612 0.033833
2 2 0.014043 0.234240 0.725281 0.004455 0.021981
2 2 0.009312 0.144418 0.820891 0.004805 0.020575
1 2 0.132010 0.555757 0.236028 0.002517 0.073688
1 2 0.028979 0.569658 0.337635 0.001104 0.062624
2 2 0.019188 0.350136 0.590003 0.002531 0.038141
2 2 0.019632 0.384256 0.557871 0.002214 0.036026
1 2 0.028591 0.609507 0.296349 0.000807 0.064745
2 2 0.005357 0.091088 0.890016 0.006717 0.006822
2 2 0.006021 0.113264 0.867375 0.005217 0.008123
2 2 0.008817 0.161406 0.812291 0.004694 0.012792
1 2 0.274574 0.472767 0.163594 0.004333 0.084732
1 2 0.191625 0.612798 0.110322 0.001038 0.084217
1 2 0.045489 0.693921 0.182093 0.000518 0.077979
2 2 0.013755 0.216483 0.743632 0.005165 0.020965
2 2 0.001034 0.025651 0.967880 0.003726 0.001708
2 2 0.012685 0.208103 0.755031 0.004934 0.019248
2 2 0.003574 0.085326 0.902181 0.003481 0.005438
2 2 0.002095 0.036590 0.951456 0.006639 0.003219
2 2 0.103351 0.307993 0.546713 0.010164 0.031778
2 2 0.009504 0.234960 0.737611 0.002288 0.015637
2 2 0.008909 0.189027 0.785045 0.003370 0.013649
2 2 0.007518 0.172228 0.805764 0.003102 0.011388
2 2 0.004310 0.121216 0.865715 0.002546 0.006213
2 2 0.003838 0.100082 0.887700 0.003115 0.005265
1 2 0.046031 0.598112 0.283787 0.001240 0.070831
2 2 0.012369 0.325691 0.633285 0.001402 0.027252
2 2 0.002694 0.082103 0.907217 0.001795 0.006191
2 2 0.001597 0.036999 0.954753 0.004355 0.002296
2 2 0.001413 0.026801 0.963832 0.005305 0.002650
2 2 0.002711 0.061954 0.926700 0.003396 0.005240
2 2 0.012951 0.246528 0.710398 0.002875 0.027247
2 2 0.001258 0.030581 0.961872 0.004905 0.001385
2 2 0.003169 0.086983 0.902601 0.002993 0.004254
2 2 0.007440 0.135634 0.841424 0.005116 0.010385
2 2 0.014550 0.230352 0.733259 0.003813 0.018026
2 2 0.052808 0.425702 0.465611 0.004198 0.051680
2 2 0.002212 0.059282 0.931910 0.002889 0.003707
2 2 0.007091 0.150258 0.828551 0.003782 0.010317
2 2 0.014443 0.312645 0.648448 0.002029 0.022435
2 2 0.003346 0.092479 0.896726 0.002897 0.004552
2 2 0.002658 0.057880 0.931202 0.005066 0.003195
2 2 0.007255 0.154619 0.823801 0.003696 0.010629
1 2 0.281411 0.344671 0.303877 0.013687 0.056354
1 2 0.069127 0.461652 0.402162 0.004307 0.062752
2 2 0.016968 0.383573 0.566059 0.001754 0.031645
2 2 0.001751 0.041222 0.950176 0.004860 0.001991
2 2 0.004908 0.061355 0.915499 0.009945 0.008294
2 2 0.005059 0.106716 0.874435 0.003313 0.010477
2 2 0.002080 0.027428 0.957137 0.009149 0.004205
2 2 0.006249 0.086149 0.890145 0.009797 0.007660
2 2 0.043791 0.310357 0.603560 0.007038 0.035254
1 2 0.039104 0.571524 0.330682 0.001191 0.057500
2 2 0.006633 0.123014 0.856091 0.005174 0.009088
2 2 0.023508 0.353722 0.578282 0.003721 0.040767
2 2 0.025645 0.314566 0.612027 0.005831 0.041931
1 2 0.067176 0.436011 0.432674 0.004987 0.059152
2 2 0.004935 0.102304 0.881573 0.004588 0.006601
2 2 0.003391 0.053274 0.930397 0.009094 0.003844
2 2 0.010011 0.136712 0.829917 0.007481 0.015879
2 2 0.009768 0.203519 0.768183 0.003337 0.015192
1 2 0.034902 0.471897 0.444711 0.002029 0.046461
1 2 0.124192 0.540994 0.221545 0.003751 0.109518
0 2 0.404663 0.361522 0.115059 0.008802 0.109954
1 2 0.131703 0.594444 0.164354 0.002009 0.107491
1 2 0.218234 0.427298 0.257810 0.009226 0.087433
1 2 0.035420 0.563250 0.325022 0.001529 0.074778
1 2 0.067628 0.601647 0.240748 0.001655 0.088322
1 2 0.313197 0.413117 0.102087 0.004335 0.167264
1 2 0.042883 0.696239 0.178120 0.000509 0.082248
0 2 0.519801 0.304597 0.063943 0.004019 0.107641
0 0 0.478096 0.363157 0.039055 0.002277 0.117415
1 1 0.084101 0.697353 0.120826 0.000576 0.097144
0 1 0.875918 0.060704 0.013389 0.006456 0.043533
1 1 0.420415 0.435278 0.054768 0.001567 0.087972
1 1 0.304567 0.489515 0.104808 0.002725 0.098384
1 1 0.081663 0.690549 0.144654 0.000614 0.082519
1 1 0.055964 0.571744 0.058939 0.000262 0.313090
4 1 0.014567 0.087824 0.019187 0.000047 0.878376
4 1 0.017789 0.098934 0.014291 0.000026 0.868961
4 4 0.011492 0.034160 0.011914 0.000020 0.942414
4 4 0.033487 0.117006 0.017197 0.000052 0.832258
4 4 0.036289 0.052227 0.017258 0.000069 0.894156
4 4 0.032692 0.083605 0.017411 0.000057 0.866234
4 4 0.010762 0.026175 0.012276 0.000023 0.950764
4 4 0.018483 0.126594 0.017899 0.000041 0.836982
4 4 0.142315 0.112840 0.028212 0.000360 0.716273
4 4 0.012294 0.023831 0.010250 0.000017 0.953608
4 4 0.037859 0.046879 0.035932 0.000369 0.878960
4 4 0.018197 0.015562 0.013623 0.000046 0.952571
4 4 0.132026 0.184170 0.023563 0.000212 0.660030
4 4 0.052925 0.018064 0.015813 0.000104 0.913094
4 4 0.042234 0.062537 0.024952 0.000158 0.870118
4 4 0.035587 0.015708 0.010980 0.000040 0.937685
4 4 0.049258 0.123786 0.018908 0.000077 0.807971
4 4 0.044667 0.202704 0.024088 0.000114 0.728427
4 4 0.048616 0.071123 0.016122 0.000063 0.864077
4 4 0.126440 0.180877 0.026170 0.000259 0.666254
4 4 0.022286 0.086776 0.014654 0.000032 0.876252
4 4 0.035673 0.153947 0.017650 0.000053 0.792678
4 4 0.020350 0.146066 0.017452 0.000039 0.816093
4 4 0.041006 0.295685 0.017954 0.000057 0.645298
4 4 0.059969 0.089786 0.013193 0.000042 0.837010
4 4 0.028655 0.258064 0.014309 0.000029 0.698944
4 4 0.031598 0.295177 0.013896 0.000028 0.659301
4 4 0.021792 0.038027 0.013057 0.000033 0.927091
4 4 0.019533 0.116486 0.019610 0.000052 0.844318
4 4 0.022129 0.069076 0.019853 0.000067 0.888875
4 4 0.070055 0.294644 0.022890 0.000133 0.612278
4 4 0.117435 0.106513 0.030066 0.000368 0.745617
4 4 0.046765 0.252075 0.017941 0.000059 0.683160
1 4 0.106592 0.480805 0.016403 0.000109 0.396092
4 4 0.078085 0.432735 0.017136 0.000087 0.471956
1 4 0.058198 0.602619 0.055257 0.000260 0.283666
1 4 0.045627 0.591651 0.053436 0.000140 0.309146
1 4 0.046987 0.610337 0.045999 0.000124 0.296554
1 4 0.041549 0.510953 0.037098 0.000081 0.410318
4 4 0.115695 0.239494 0.025505 0.000229 0.619078
4 0 0.295524 0.202434 0.030953 0.000806 0.470285
1 0 0.104490 0.691447 0.030526 0.000192 0.173345
1 1 0.048588 0.692287 0.067663 0.000217 0.191245
1 1 0.043417 0.639746 0.082285 0.000209 0.234343
1 1 0.033227 0.600146 0.109966 0.000163 0.256497
1 1 0.044815 0.607135 0.073600 0.000197 0.274254
1 1 0.051268 0.617832 0.084977 0.000327 0.245597
1 1 0.033507 0.565449 0.215612 0.000475 0.184958
1 1 0.040601 0.494598 0.133217 0.000378 0.331206
1 1 0.041867 0.512660 0.139264 0.000422 0.305787
1 1 0.043565 0.577406 0.178050 0.000646 0.200334
1 1 0.068621 0.485549 0.084361 0.000578 0.360891
1 1 0.041093 0.500363 0.067099 0.000162 0.391284
1 1 0.052013 0.606531 0.078862 0.000308 0.262286
1 1 0.042462 0.504088 0.077253 0.000206 0.375991
4 0 0.322173 0.228825 0.036262 0.001320 0.411420
1 1 0.082308 0.652681 0.092577 0.000443 0.171991
1 1 0.042992 0.731544 0.088699 0.000249 0.136517
1 1 0.047582 0.697084 0.070607 0.000219 0.184508
2 1 0.012056 0.457091 0.504867 0.000598 0.025388
2 2 0.007678 0.227008 0.735611 0.000999 0.028704
2 2 0.015724 0.436194 0.505833 0.000874 0.041375
2 2 0.001865 0.061437 0.931632 0.002128 0.002938
2 2 0.005186 0.136594 0.838153 0.001502 0.018565
2 2 0.000756 0.016195 0.977156 0.004333 0.001560
2 2 0.001576 0.039664 0.951482 0.002236 0.005042
2 2 0.002081 0.055763 0.935886 0.003115 0.003156
1 2 0.029833 0.483630 0.418472 0.001916 0.066148
2 2 0.004036 0.118471 0.867293 0.001888 0.008312
2 2 0.000285 0.009809 0.987113 0.002274 0.000519
2 2 0.001586 0.047526 0.944601 0.001760 0.004526
2 2 0.000516 0.013174 0.982021 0.003111 0.001178
2 2 0.000459 0.014822 0.979804 0.003629 0.001286
2 2 0.000315 0.010089 0.985077 0.003578 0.000940
2 2 0.000557 0.013911 0.980771 0.003727 0.001033
2 2 0.000702 0.015850 0.975509 0.006700 0.001239
2 2 0.000342 0.010807 0.979293 0.008738 0.000820
2 2 0.000155 0.007042 0.982922 0.009343 0.000538
2 2 0.000210 0.008023 0.986783 0.004060 0.000924
2 2 0.000473 0.013034 0.971690 0.013925 0.000879
2 2 0.001720 0.024429 0.958028 0.010825 0.004999
2 2 0.000607 0.016101 0.979004 0.003019 0.001269
2 2 0.000594 0.014740 0.979030 0.004859 0.000778
2 2 0.002112 0.043072 0.945016 0.003156 0.006644
2 2 0.000832 0.017710 0.970926 0.009227 0.001306
2 2 0.001602 0.027899 0.959701 0.008424 0.002375
2 2 0.000994 0.018933 0.968445 0.009741 0.001887
2 2 0.002246 0.030829 0.933542 0.029866 0.003518
2 2 0.000119 0.006158 0.959699 0.033534 0.000490
2 2 0.000283 0.009474 0.915225 0.073702 0.001316
2 2 0.000408 0.010811 0.818028 0.168141 0.002612
2 2 0.000702 0.014994 0.892436 0.088559 0.003309
2 3 0.000472 0.011924 0.848827 0.136211 0.002567
2 3 0.000696 0.012724 0.643798 0.337228 0.005554
2 3 0.001611 0.020193 0.659465 0.309468 0.009263
2 3 0.000593 0.013069 0.801294 0.181544 0.003500
2 3 0.000224 0.006965 0.693555 0.297008 0.002248
3 3 0.000689 0.009811 0.470121 0.513522 0.005857
2 3 0.001241 0.018599 0.738482 0.235051 0.006628
2 3 0.000994 0.012841 0.525330 0.453679 0.007155
2 3 0.002807 0.026981 0.648715 0.308071 0.013427
2 3 0.001097 0.010436 0.532322 0.451834 0.004311
2 3 0.000803 0.014175 0.685705 0.293690 0.005627
3 3 0.001266 0.009633 0.442744 0.541691 0.004666
2 3 0.001436 0.018207 0.606721 0.364176 0.009461
3 3 0.000769 0.009057 0.430928 0.553828 0.005417
3 3 0.001821 0.014615 0.298002 0.668405 0.017157
3 3 0.001416 0.014977 0.436857 0.535308 0.011442
3 3 0.000845 0.008602 0.375746 0.609051 0.005756
2 3 0.001457 0.015809 0.521951 0.451440 0.009342
3 3 0.001164 0.008757 0.341039 0.643103 0.005936
3 3 0.000865 0.007831 0.272842 0.711041 0.007422
3 3 0.000751 0.008483 0.332007 0.651656 0.007103
3 3 0.001910 0.008244 0.212224 0.769610 0.008012
3 3 0.001292 0.009615 0.205192 0.769957 0.013943
3 3 0.001087 0.005757 0.186578 0.800775 0.005803
3 3 0.001239 0.007983 0.233508 0.749192 0.008077
3 3 0.001156 0.006806 0.203173 0.781686 0.007180
3 3 0.001891 0.007484 0.154397 0.826273 0.009955
3 3 0.003445 0.009123 0.157904 0.818467 0.011060
3 3 0.006281 0.011033 0.143230 0.825378 0.014077
3 3 0.004955 0.009107 0.166753 0.810543 0.008642
3 3 0.006821 0.005986 0.070919 0.907311 0.008963
3 3 0.005868 0.007666 0.090290 0.884127 0.012050
3 3 0.003812 0.006256 0.097425 0.883751 0.008756
3 3 0.005235 0.006316 0.079464 0.899087 0.009898
3 3 0.006380 0.006112 0.073425 0.904818 0.009264
3 3 0.005927 0.007396 0.087471 0.887640 0.011565
3 3 0.004220 0.004392 0.062389 0.922157 0.006842
3 3 0.002851 0.009744 0.212904 0.765107 0.009394
3 3 0.004631 0.007246 0.117702 0.861827 0.008593
3 3 0.005601 0.004515 0.059212 0.923913 0.006758
3 3 0.005632 0.004785 0.062039 0.920342 0.007202
3 3 0.007627 0.005931 0.068330 0.909388 0.008724
3 3 0.005301 0.006582 0.081908 0.895871 0.010339
3 3 0.004952 0.005784 0.075029 0.905179 0.009056
3 3 0.008810 0.007131 0.076501 0.897092 0.010466
3 3 0.004649 0.005024 0.067948 0.914555 0.007824
3 3 0.003809 0.004795 0.068912 0.914827 0.007656
3 3 0.004397 0.005781 0.077374 0.903233 0.009214
3 3 0.005507 0.007208 0.093224 0.883579 0.010482
3 3 0.004362 0.005236 0.071486 0.910649 0.008268
3 3 0.006267 0.005528 0.067928 0.911965 0.008313
3 3 0.010028 0.007072 0.073420 0.899311 0.010169
3 3 0.004871 0.008368 0.103546 0.869862 0.013353
3 3 0.005947 0.006158 0.075261 0.903193 0.009441
3 3 0.004961 0.005198 0.068691 0.913105 0.008045
3 3 0.003231 0.005609 0.114000 0.870990 0.006171
3 3 0.004267 0.003815 0.055353 0.930721 0.005844
3 3 0.011632 0.007842 0.076801 0.892579 0.011147
3 3 0.005701 0.009118 0.130243 0.843807 0.011131
3 3 0.007659 0.010211 0.119494 0.848942 0.013693
3 3 0.002658 0.009119 0.199658 0.779368 0.009197
3 3 0.004372 0.010990 0.170986 0.800456 0.013197
3 3 0.006360 0.009039 0.124293 0.849301 0.011008
3 3 0.006712 0.011825 0.148183 0.818169 0.015111
3 3 0.006728 0.008812 0.117590 0.855978 0.010892
3 3 0.012071 0.008729 0.082995 0.883725 0.012480
3 3 0.037350 0.043689 0.387062 0.505338 0.026560
2 3 0.030609 0.103339 0.768979 0.073247 0.023826
2 3 0.003151 0.031008 0.921302 0.040756 0.003784
2 3 0.054243 0.183038 0.716680 0.022331 0.023708
2 2 0.009828 0.098226 0.850397 0.026034 0.015516
2 2 0.001871 0.026499 0.929989 0.038325 0.003316
2 2 0.002916 0.034143 0.941842 0.018069 0.003030
2 2 0.016546 0.184762 0.765352 0.010053 0.023287
2 2 0.022325 0.073791 0.851574 0.042726 0.009584
2 2 0.001449 0.023667 0.956179 0.016875 0.001830
2 2 0.002081 0.028579 0.948171 0.018709 0.002460
2 2 0.003326 0.036487 0.936417 0.020258 0.003512
2 2 0.008105 0.107173 0.864668 0.009719 0.010335
2 2 0.002758 0.033092 0.941210 0.019874 0.003066
2 2 0.003900 0.050315 0.928579 0.012943 0.004264
2 2 0.018843 0.218559 0.711821 0.006126 0.044650
1 2 0.048416 0.425026 0.309783 0.002463 0.214312
2 2 0.032026 0.417557 0.433114 0.002113 0.115190
2 2 0.035352 0.408543 0.454105 0.003206 0.098793
1 2 0.030783 0.385868 0.362022 0.001196 0.220132
1 1 0.043225 0.536463 0.308518 0.001940 0.109855
4 1 0.039755 0.308565 0.062655 0.000249 0.588776
4 1 0.034337 0.232730 0.038096 0.000152 0.694685
4 4 0.027634 0.162950 0.025205 0.000101 0.784110
4 4 0.030285 0.198547 0.033512 0.000125 0.737530
4 4 0.049543 0.416884 0.063614 0.000287 0.469672
4 4 0.028265 0.267182 0.056579 0.000122 0.647852
4 4 0.037422 0.294155 0.042609 0.000148 0.625665
4 4 0.029727 0.220682 0.035339 0.000108 0.714144
1 4 0.079506 0.587463 0.199857 0.002001 0.131174
4 4 0.034291 0.278922 0.027394 0.000080 0.659313
4 4 0.017174 0.090885 0.024221 0.000084 0.867637
4 4 0.035189 0.196694 0.030738 0.000164 0.737215
4 4 0.034882 0.331579 0.064267 0.000170 0.569101
4 4 0.288675 0.242108 0.045318 0.001925 0.421974
4 4 0.050209 0.377407 0.054309 0.000279 0.517796
4 4 0.052858 0.365979 0.051503 0.000308 0.529352
1 4 0.049371 0.514264 0.082654 0.000316 0.353396
4 4 0.044976 0.344659 0.023504 0.000094 0.586767
0 4 0.402097 0.227310 0.032721 0.001500 0.336372
1 4 0.101637 0.679507 0.037612 0.000271 0.180973
1 4 0.081793 0.604425 0.054860 0.000238 0.258683
1 4 0.074371 0.481549 0.081805 0.000554 0.361721
1 4 0.222977 0.529642 0.046242 0.000852 0.200286
1 4 0.081737 0.719586 0.045901 0.000226 0.152549
1 4 0.067968 0.683292 0.061996 0.000434 0.186311
1 4 0.208599 0.581642 0.031895 0.000515 0.177350
1 0 0.378264 0.446307 0.013159 0.000371 0.161899
1 1 0.209240 0.530647 0.026049 0.000569 0.233495
4 4 0.251470 0.152993 0.035236 0.000902 0.559399
4 4 0.130994 0.275051 0.036897 0.000578 0.556481
1 4 0.077560 0.704725 0.111676 0.000523 0.105516
1 4 0.049066 0.717627 0.100336 0.000407 0.132565
1 4 0.126609 0.674601 0.072495 0.000546 0.125748
1 0 0.216551 0.587695 0.065904 0.000993 0.128856
1 1 0.038587 0.720021 0.139515 0.000396 0.101481
1 1 0.052913 0.680843 0.133327 0.000724 0.132192
1 1 0.044311 0.701543 0.140241 0.000533 0.113372
0 1 0.495128 0.359346 0.058745 0.002873 0.083908
1 1 0.174193 0.578056 0.131049 0.002047 0.114656
1 4 0.297310 0.494175 0.085227 0.002490 0.120798
1 4 0.052480 0.688342 0.166136 0.000628 0.092414
1 4 0.043522 0.680460 0.199755 0.000579 0.075685
1 4 0.038336 0.587409 0.305176 0.001196 0.067883
1 4 0.252469 0.498882 0.138423 0.003723 0.106503
0 4 0.458190 0.326560 0.033312 0.003061 0.178877
1 4 0.060225 0.718204 0.125302 0.000439 0.095831
1 4 0.146421 0.545757 0.208153 0.003252 0.096417
1 4 0.372285 0.432955 0.067149 0.002940 0.124671
1 4 0.070482 0.588946 0.245550 0.001960 0.093062
1 4 0.277702 0.521200 0.100613 0.002081 0.098404
1 4 0.104903 0.683638 0.121394 0.000644 0.089421
1 4 0.110180 0.672297 0.119540 0.000749 0.097233
1 4 0.053782 0.651424 0.208179 0.000916 0.085699
1 4 0.039570 0.719425 0.159463 0.000375 0.081166
1 4 0.088755 0.709358 0.118585 0.000463 0.082839
0 4 0.485841 0.343463 0.075553 0.004911 0.090233
1 4 0.201228 0.606306 0.078714 0.000964 0.112788
1 4 0.050863 0.745874 0.096312 0.000278 0.106673
1 4 0.043006 0.658726 0.219461 0.000734 0.078072
1 4 0.066505 0.663330 0.156042 0.000943 0.113180
1 4 0.052263 0.687820 0.179814 0.000587 0.079516
1 4 0.034618 0.690600 0.203238 0.000452 0.071092
1 4 0.033258 0.696970 0.204606 0.000389 0.064778
1 4 0.264360 0.452064 0.208785 0.005240 0.069551
1 4 0.146720 0.620420 0.139767 0.001293 0.091800
1 4 0.060979 0.692670 0.182918 0.000501 0.062932
1 4 0.052895 0.679319 0.202145 0.000568 0.065073
1 4 0.085299 0.607357 0.219726 0.001625 0.085993
0 4 0.421154 0.381301 0.129029 0.004921 0.063595
1 4 0.119678 0.583260 0.227655 0.001799 0.067608
1 4 0.025354 0.684061 0.226687 0.000378 0.063520
1 4 0.096728 0.610678 0.186630 0.001748 0.104216
1 4 0.033397 0.649214 0.238031 0.000718 0.078641
1 4 0.026268 0.662374 0.247049 0.000475 0.063834
1 1 0.069726 0.597249 0.273348 0.001262 0.058415
1 1 0.030780 0.587040 0.313611 0.001058 0.067512
1 1 0.035721 0.667547 0.210041 0.000657 0.086033
1 1 0.037366 0.615005 0.262840 0.001094 0.083695
2 2 0.024267 0.426172 0.501659 0.002303 0.045600
2 2 0.002389 0.036211 0.948165 0.010731 0.002504
2 2 0.001732 0.030101 0.957879 0.008302 0.001986
2 2 0.007353 0.143382 0.832225 0.003817 0.013223
2 2 0.001205 0.021279 0.968247 0.007663 0.001606
2 2 0.005173 0.089671 0.890639 0.005210 0.009307
2 2 0.009269 0.206533 0.766656 0.002952 0.014589
2 2 0.004354 0.089901 0.895239 0.004836 0.005670
2 2 0.006953 0.139025 0.839827 0.004322 0.009873
1 2 0.158737 0.472036 0.306945 0.004567 0.057716
1 0 0.279120 0.482837 0.175636 0.003029 0.059378
1 1 0.057919 0.619011 0.263503 0.000969 0.058598
1 2 0.018945 0.473371 0.469413 0.001080 0.037191
1 2 0.036503 0.592667 0.311049 0.000980 0.058801
0 0 0.679073 0.139260 0.032602 0.006609 0.142457
0 0 0.897847 0.061184 0.016082 0.006870 0.018017
1 0 0.116568 0.650295 0.159789 0.000899 0.072450
1 1 0.049428 0.722211 0.149434 0.000382 0.078545
1 1 0.043130 0.706368 0.174955 0.000433 0.075113
1 1 0.039847 0.677481 0.212358 0.000544 0.069770
1 1 0.314277 0.457446 0.158278 0.003676 0.066323
1 1 0.073831 0.675694 0.182428 0.000657 0.067390
1 1 0.026754 0.697972 0.206817 0.000357 0.068099
1 1 0.036672 0.634092 0.253748 0.000835 0.074654
1 1 0.102511 0.614413 0.199352 0.001490 0.082234
1 1 0.045732 0.631445 0.228438 0.001107 0.093279
1 1 0.031241 0.666316 0.226354 0.000572 0.075517
1 1 0.029676 0.639134 0.261057 0.000674 0.069460
1 1 0.026671 0.528307 0.392544 0.001211 0.051267
1 1 0.028592 0.580223 0.327583 0.001003 0.062600
1 1 0.041181 0.588375 0.298403 0.001276 0.070765
1 1 0.097813 0.610045 0.202172 0.001627 0.088343
1 1 0.039372 0.618576 0.268607 0.000974 0.072471
1 1 0.026242 0.617052 0.295882 0.000674 0.060150
1 1 0.028142 0.554673 0.356047 0.001178 0.059960
2 1 0.012640 0.203397 0.759766 0.005166 0.019031
2 1 0.021089 0.438757 0.497660 0.001687 0.040807
2 2 0.003742 0.079414 0.907267 0.004807 0.004770
2 2 0.007929 0.154938 0.821355 0.004283 0.011495
2 2 0.001676 0.038817 0.952543 0.005083 0.001881
2 2 0.003847 0.062614 0.920885 0.007833 0.004821
2 2 0.005163 0.077012 0.902684 0.008891 0.006251
2 2 0.009499 0.220882 0.756962 0.001781 0.010876
2 2 0.002196 0.050111 0.940241 0.004869 0.002583
2 2 0.004530 0.123099 0.864269 0.002328 0.005774
2 2 0.022378 0.350143 0.607478 0.001542 0.018459
2 2 0.005026 0.112794 0.871390 0.003860 0.006930
2 2 0.003769 0.105500 0.882752 0.002705 0.005275
2 2 0.006647 0.171719 0.808887 0.002529 0.010218
2 2 0.031499 0.355496 0.591832 0.001924 0.019249
2 2 0.033027 0.299038 0.645569 0.003324 0.019041
1 2 0.037754 0.534875 0.396419 0.000815 0.030137
2 2 0.013322 0.226042 0.746458 0.002332 0.011845
2 2 0.003124 0.078171 0.912279 0.002991 0.003434
2 2 0.003343 0.081202 0.908403 0.003237 0.003815
2 2 0.040130 0.164703 0.775218 0.009613 0.010337
2 2 0.064710 0.430700 0.473599 0.002399 0.028592
2 2 0.045036 0.358694 0.570410 0.002853 0.023007
2 2 0.021200 0.286479 0.674773 0.002205 0.015342
2 2 0.028608 0.416509 0.518465 0.002047 0.034370
2 2 0.016705 0.189916 0.781453 0.003096 0.008830
2 2 0.010327 0.188687 0.788744 0.002529 0.009713
2 2 0.108121 0.363516 0.497253 0.004952 0.026157
1 2 0.203009 0.406915 0.352263 0.004819 0.032995
2 2 0.076579 0.408085 0.471436 0.004462 0.039439
2 2 0.015950 0.245909 0.725104 0.001937 0.011101
2 2 0.005945 0.141359 0.843037 0.002537 0.007121
2 2 0.017431 0.218950 0.747166 0.003415 0.013038
2 2 0.007512 0.126170 0.854713 0.004183 0.007421
2 2 0.004581 0.075361 0.912278 0.004320 0.003460
2 2 0.005940 0.122909 0.863191 0.002595 0.005365
2 2 0.035214 0.210120 0.734435 0.006465 0.013766
2 2 0.035076 0.357791 0.580295 0.002614 0.024224
2 2 0.004700 0.149208 0.837004 0.001895 0.007193
2 2 0.005146 0.109175 0.874376 0.004305 0.006997
2 2 0.013431 0.118778 0.850359 0.008736 0.008696
2 2 0.012004 0.168927 0.804133 0.004210 0.010725
2 2 0.008771 0.196418 0.778149 0.003011 0.013652
2 2 0.059647 0.404010 0.503977 0.002965 0.029400
2 2 0.022346 0.371174 0.575534 0.002113 0.028833
2 2 0.007913 0.166514 0.810159 0.003647 0.011767
2 2 0.004145 0.122074 0.865418 0.002344 0.006019
2 2 0.006784 0.181063 0.799224 0.002329 0.010599
2 2 0.003345 0.074999 0.912958 0.004452 0.004245
2 2 0.001798 0.044602 0.947162 0.004348 0.002090
2 2 0.006129 0.113086 0.867146 0.005395 0.008245
2 2 0.001565 0.029083 0.959741 0.007995 0.001616
2 2 0.004332 0.086103 0.898761 0.005239 0.005565
2 2 0.001831 0.034005 0.954519 0.007698 0.001947
2 2 0.003365 0.069276 0.917915 0.005287 0.004158
2 2 0.001487 0.030311 0.959885 0.006749 0.001567
2 2 0.003078 0.039045 0.940409 0.014269 0.003199
2 2 0.004948 0.081690 0.899891 0.007330 0.006141
2 2 0.002022 0.038801 0.950045 0.006806 0.002327
2 2 0.002813 0.048798 0.937350 0.007863 0.003176
2 2 0.012436 0.129688 0.828427 0.013417 0.016031
2 2 0.008689 0.141121 0.832013 0.006122 0.012055
2 2 0.001051 0.022232 0.968851 0.006817 0.001049
2 2 0.005445 0.091739 0.889075 0.006805 0.006935
2 2 0.003160 0.064067 0.923377 0.005559 0.003838
2 2 0.005907 0.084062 0.893439 0.009358 0.007234
2 2 0.005061 0.068721 0.909478 0.010821 0.005919
2 2 0.043187 0.286172 0.605010 0.007321 0.058311
2 2 0.010590 0.055583 0.891033 0.033051 0.009743
0 0 0.691249 0.182596 0.049165 0.010385 0.066604
0 0 0.604566 0.242039 0.021351 0.002223 0.129822
1 1 0.075400 0.684829 0.146464 0.000690 0.092618
1 1 0.038227 0.631059 0.246147 0.000953 0.083614
1 1 0.139101 0.568100 0.178274 0.002730 0.111795
1 1 0.050270 0.647694 0.203675 0.000998 0.097363
1 1 0.044812 0.713674 0.144354 0.000446 0.096714
1 1 0.038517 0.469300 0.416191 0.003406 0.072586
1 1 0.062365 0.592261 0.102401 0.000683 0.242290
1 1 0.056523 0.442331 0.058854 0.000336 0.441957
4 4 0.064569 0.096482 0.034743 0.000363 0.803843
1 4 0.054191 0.454214 0.087017 0.000472 0.404105
4 4 0.058447 0.398830 0.054220 0.000372 0.488131
1 4 0.092685 0.608032 0.063246 0.000565 0.235472
1 4 0.090144 0.544358 0.093791 0.000798 0.270910
1 4 0.054516 0.483369 0.064415 0.000313 0.397387
4 4 0.061711 0.098415 0.039291 0.000462 0.800121
4 4 0.354582 0.163634 0.054408 0.003690 0.423686
1 4 0.120204 0.501611 0.073990 0.000729 0.303465
1 4 0.056846 0.512991 0.073045 0.000382 0.356737
1 4 0.064660 0.627961 0.061970 0.000385 0.245024
1 4 0.056079 0.564706 0.058259 0.000262 0.320695
4 4 0.058195 0.405647 0.070586 0.000493 0.465079
4 4 0.067938 0.107761 0.039381 0.000479 0.784442
4 4 0.048560 0.164450 0.032619 0.000239 0.754131
4 4 0.037683 0.045118 0.028656 0.000227 0.888316
4 4 0.046120 0.066692 0.026540 0.000186 0.860461
4 4 0.058596 0.067125 0.040852 0.000549 0.832878
4 4 0.019746 0.057297 0.013439 0.000029 0.909490
4 4 0.037514 0.229555 0.018988 0.000061 0.713882
4 4 0.050546 0.100768 0.023563 0.000133 0.824990
4 4 0.101697 0.124934 0.016640 0.000088 0.756642
4 4 0.027358 0.021519 0.010040 0.000026 0.941057
4 4 0.019564 0.017912 0.010660 0.000027 0.951838
