0 0 0.930825 0.015607 0.003744 0.000007 0.049817
0 0 0.861052 0.076580 0.005821 0.000019 0.056528
0 0 0.926737 0.033082 0.004136 0.000011 0.036033
0 0 0.981564 0.003746 0.001506 0.000002 0.013182
0 0 0.975416 0.004493 0.002019 0.000003 0.018068
0 0 0.930489 0.007417 0.002084 0.000001 0.060008
0 0 0.862266 0.027603 0.004235 0.000006 0.105890
0 0 0.985822 0.004051 0.001248 0.000002 0.008878
0 0 0.919635 0.003813 0.002005 0.000001 0.074546
0 0 0.865703 0.001060 0.001195 0.000000 0.132042
0 0 0.922675 0.016526 0.003011 0.000004 0.057785
0 0 0.422819 0.214031 0.007656 0.000016 0.355478
0 0 0.616988 0.167161 0.009833 0.000035 0.205983
1 0 0.293606 0.478157 0.008213 0.000034 0.219990
1 0 0.334860 0.403279 0.011114 0.000061 0.250686
0 0 0.598322 0.237346 0.008200 0.000027 0.156105
0 0 0.905016 0.024255 0.008297 0.000046 0.062387
0 0 0.952874 0.011353 0.005843 0.000033 0.029898
0 0 0.958529 0.009198 0.004100 0.000014 0.028158
0 0 0.955640 0.001795 0.001199 0.000001 0.041365
0 0 0.709089 0.004654 0.002156 0.000001 0.284100
0 0 0.612749 0.086191 0.005062 0.000005 0.295993
0 0 0.565223 0.073935 0.005735 0.000007 0.355101
0 0 0.907521 0.017693 0.005322 0.000014 0.069451
0 1 0.856260 0.027855 0.004693 0.000007 0.111185
4 1 0.281147 0.347825 0.007934 0.000023 0.363071
1 1 0.241342 0.385302 0.007543 0.000022 0.365791
4 1 0.077119 0.386997 0.011027 0.000106 0.524751
1 0 0.055982 0.471169 0.008645 0.000046 0.464158
4 0 0.105418 0.257840 0.014962 0.000165 0.621615
0 0 0.927412 0.011088 0.007271 0.000038 0.054190
0 0 0.951265 0.009757 0.004966 0.000020 0.033991
0 0 0.855793 0.017766 0.007054 0.000020 0.119367
0 0 0.894997 0.021925 0.009968 0.000067 0.073044
0 0 0.808381 0.036759 0.007202 0.000018 0.147640
0 1 0.607863 0.126328 0.012412 0.000056 0.253342
1 1 0.100447 0.673335 0.022286 0.000166 0.203766
1 1 0.139978 0.624550 0.023032 0.000108 0.212333
1 1 0.145729 0.569433 0.037224 0.000278 0.247336
1 2 0.022633 0.574918 0.155922 0.002011 0.244516
1 2 0.034749 0.627452 0.124332 0.001567 0.211900
1 2 0.009785 0.511464 0.292640 0.003497 0.182615
1 2 0.029786 0.655415 0.110327 0.000764 0.203708
1 2 0.132346 0.618908 0.097831 0.000553 0.150362
1 2 0.056597 0.545763 0.152644 0.000663 0.244332
1 2 0.028401 0.520618 0.293968 0.002507 0.154507
1 2 0.054664 0.598087 0.173834 0.001005 0.172411
1 2 0.037726 0.509168 0.232498 0.001249 0.219359
1 2 0.054801 0.470615 0.358154 0.000969 0.115461
1 2 0.094493 0.576756 0.145870 0.002075 0.180806
2 2 0.032388 0.313576 0.554114 0.002828 0.097094
2 2 0.034179 0.294488 0.605801 0.002248 0.063283
2 2 0.031509 0.264560 0.607478 0.003453 0.093000
2 2 0.034280 0.397075 0.441251 0.005395 0.121999
2 0 0.080655 0.380442 0.396054 0.010066 0.132783
0 1 0.599142 0.192546 0.028961 0.000610 0.178740
1 2 0.025700 0.549421 0.100208 0.001174 0.323497
1 2 0.044282 0.426906 0.200809 0.003337 0.324667
1 2 0.071339 0.614643 0.100813 0.000381 0.212823
2 2 0.036853 0.378875 0.431121 0.003024 0.150127
2 2 0.030325 0.326262 0.526623 0.009028 0.107761
2 1 0.038882 0.376583 0.457465 0.006930 0.120140
1 2 0.029351 0.430763 0.371601 0.008365 0.159920
2 1 0.010528 0.249734 0.651443 0.006684 0.081611
0 2 0.562012 0.159701 0.105708 0.019589 0.152990
1 2 0.016614 0.438921 0.248214 0.004825 0.291426
1 2 0.044872 0.366231 0.348082 0.028359 0.212457
2 2 0.013359 0.241234 0.637746 0.001098 0.106563
1 2 0.053019 0.455957 0.298715 0.010370 0.181939
2 2 0.015484 0.406475 0.418835 0.007911 0.151296
2 2 0.032214 0.236588 0.586867 0.046069 0.098263
2 2 0.022830 0.355307 0.464329 0.014517 0.143018
2 2 0.031530 0.311983 0.533575 0.012370 0.110542
2 2 0.024349 0.168442 0.757648 0.008199 0.041362
2 2 0.035700 0.360519 0.467421 0.010032 0.126329
1 2 0.030168 0.471882 0.365522 0.002554 0.129873
2 1 0.038548 0.308071 0.577053 0.003181 0.073148
2 2 0.019595 0.197350 0.710485 0.012392 0.060178
2 2 0.019635 0.259991 0.629177 0.008893 0.082304
2 2 0.015451 0.282729 0.597765 0.009260 0.094796
2 2 0.066261 0.274097 0.576892 0.008994 0.073756
2 2 0.042277 0.199051 0.675079 0.021230 0.062363
2 2 0.017370 0.322016 0.531780 0.011110 0.117724
2 2 0.012435 0.112520 0.812408 0.030600 0.032038
2 2 0.041613 0.409066 0.446751 0.002436 0.100135
2 2 0.034274 0.169955 0.627677 0.098671 0.069423
2 2 0.040621 0.228555 0.554640 0.077320 0.098865
2 2 0.018741 0.213418 0.695021 0.008974 0.063846
2 2 0.027869 0.084679 0.558120 0.295770 0.033561
3 2 0.039916 0.066445 0.396062 0.468717 0.028859
2 2 0.015186 0.400133 0.429398 0.007830 0.147453
2 2 0.016205 0.118010 0.790126 0.039860 0.035799
2 2 0.017565 0.147553 0.762858 0.028512 0.043512
2 1 0.022235 0.078770 0.630739 0.240019 0.028237
2 2 0.030329 0.265709 0.558608 0.035407 0.109947
2 2 0.033718 0.211019 0.574830 0.092823 0.087610
2 2 0.026118 0.102944 0.634425 0.197397 0.039116
2 2 0.050074 0.261245 0.590804 0.013746 0.084131
2 2 0.036606 0.194395 0.582285 0.104260 0.082454
2 2 0.037439 0.139975 0.734115 0.047303 0.041167
2 1 0.046593 0.189040 0.632662 0.062980 0.068724
2 2 0.025047 0.091002 0.824330 0.037843 0.021778
2 2 0.036231 0.256380 0.581334 0.027904 0.098151
2 2 0.039416 0.167624 0.696515 0.044441 0.052003
2 2 0.022583 0.166769 0.763982 0.007837 0.038829
2 2 0.015370 0.046407 0.577376 0.346205 0.014642
2 2 0.029782 0.136912 0.661524 0.118822 0.052961
2 2 0.035723 0.227559 0.636698 0.025446 0.074574
2 2 0.012902 0.075288 0.816271 0.074574 0.020965
2 2 0.025447 0.120264 0.709880 0.101211 0.043199
2 2 0.034577 0.103864 0.505323 0.311921 0.044314
2 2 0.028942 0.095695 0.740609 0.106118 0.028636
2 2 0.034896 0.089441 0.627715 0.217054 0.030894
2 2 0.023375 0.059260 0.622121 0.277216 0.018027
2 2 0.044338 0.172449 0.538673 0.166633 0.077907
2 2 0.030391 0.173975 0.625983 0.100438 0.069214
2 2 0.029623 0.150383 0.676390 0.088628 0.054976
2 2 0.038793 0.229469 0.648998 0.016176 0.066564
2 2 0.024144 0.147554 0.750520 0.034161 0.043620
2 2 0.037154 0.298887 0.572427 0.006320 0.085212
2 2 0.054704 0.283441 0.579488 0.006046 0.076321
1 2 0.031011 0.484626 0.339505 0.002156 0.142703
2 2 0.019113 0.087077 0.840121 0.033480 0.020209
2 2 0.024119 0.266924 0.593054 0.017281 0.098622
2 2 0.033667 0.197690 0.708198 0.010868 0.049577
2 2 0.045012 0.181687 0.681900 0.034136 0.057264
2 2 0.069872 0.357229 0.431874 0.012795 0.128230
2 2 0.055125 0.366852 0.466006 0.005628 0.106388
2 2 0.034889 0.147354 0.777336 0.009172 0.031249
2 2 0.033506 0.321514 0.503966 0.016440 0.124574
1 2 0.053333 0.459718 0.374134 0.001959 0.110856
2 2 0.068830 0.297753 0.528776 0.014033 0.090608
2 2 0.083203 0.382869 0.421284 0.005061 0.107583
2 2 0.028076 0.332328 0.496968 0.014650 0.127978
2 2 0.065365 0.263203 0.574902 0.014255 0.082275
2 1 0.033144 0.325607 0.513340 0.012033 0.115877
1 2 0.023727 0.514147 0.293465 0.003213 0.165448
2 2 0.025791 0.213115 0.714965 0.002377 0.043752
1 2 0.022493 0.478548 0.384029 0.001377 0.113553
2 2 0.030083 0.323324 0.495837 0.018862 0.131893
1 2 0.037050 0.431936 0.366820 0.008072 0.156121
1 2 0.046246 0.463771 0.364269 0.002596 0.123117
2 2 0.015278 0.403273 0.475922 0.002202 0.103325
2 2 0.052457 0.339614 0.505649 0.005795 0.096484
2 2 0.024832 0.297960 0.608075 0.002356 0.066778
2 0 0.086215 0.370553 0.416002 0.006906 0.120324
0 1 0.925863 0.034394 0.015160 0.000410 0.024173
1 1 0.357589 0.367789 0.055233 0.003879 0.215510
1 1 0.067975 0.576507 0.172801 0.002218 0.180499
1 2 0.046677 0.536312 0.199977 0.005656 0.211378
1 0 0.021306 0.572393 0.184685 0.003373 0.218242
0 0 0.462697 0.371206 0.028757 0.000633 0.136707
0 0 0.783080 0.034974 0.013695 0.000087 0.168164
0 0 0.933930 0.018190 0.009974 0.000106 0.037801
1 1 0.252409 0.494892 0.013286 0.000122 0.239291
1 1 0.223409 0.519656 0.017537 0.000102 0.239297
1 0 0.049949 0.638645 0.054757 0.000165 0.256484
1 0 0.181682 0.646336 0.016845 0.000083 0.155055
4 1 0.269332 0.332741 0.056206 0.000241 0.341480
1 1 0.036112 0.639418 0.122873 0.001002 0.200594
1 1 0.064032 0.562164 0.229888 0.001351 0.142565
1 1 0.054283 0.571305 0.232308 0.001154 0.140950
1 1 0.393115 0.447207 0.046553 0.000475 0.112651
0 1 0.422866 0.375426 0.065992 0.001185 0.134530
1 1 0.082075 0.425443 0.415148 0.000811 0.076523
1 1 0.198275 0.542427 0.157160 0.000426 0.101712
1 1 0.222281 0.578148 0.085281 0.000266 0.114024
1 1 0.103705 0.614154 0.161267 0.000392 0.120482
1 2 0.140483 0.584534 0.181900 0.000228 0.092855
1 2 0.150281 0.632062 0.107841 0.000177 0.109639
1 1 0.146749 0.574679 0.170479 0.000408 0.107686
2 1 0.104376 0.353112 0.458040 0.002953 0.081519
1 0 0.190313 0.614294 0.079842 0.000190 0.115362
0 1 0.717201 0.148563 0.048269 0.002002 0.083966
0 0 0.384232 0.284940 0.104512 0.001714 0.224601
0 1 0.606966 0.254137 0.023301 0.000470 0.115126
1 1 0.142799 0.647985 0.069872 0.000240 0.139103
1 1 0.037360 0.553962 0.230567 0.002630 0.175481
1 1 0.317066 0.437966 0.041170 0.000424 0.203374
1 1 0.242586 0.584358 0.043635 0.000202 0.129220
1 1 0.339311 0.494754 0.034227 0.000358 0.131351
0 0 0.472481 0.399955 0.033510 0.000204 0.093851
0 0 0.958597 0.015578 0.006577 0.000060 0.019187
0 0 0.892407 0.005905 0.005142 0.000011 0.096535
0 0 0.988105 0.003886 0.001201 0.000002 0.006805
0 0 0.961065 0.010783 0.005024 0.000027 0.023100
0 0 0.877047 0.044648 0.026284 0.000986 0.051034
0 0 0.402665 0.213954 0.008310 0.000020 0.375050
0 0 0.710629 0.028842 0.005978 0.000009 0.254543
0 0 0.937348 0.016626 0.009077 0.000085 0.036865
0 0 0.739092 0.155936 0.010093 0.000057 0.094822
0 4 0.592074 0.198626 0.008943 0.000028 0.200328
4 4 0.324577 0.083511 0.007527 0.000014 0.584372
4 4 0.226400 0.249656 0.013805 0.000088 0.510051
4 4 0.105713 0.123354 0.007209 0.000023 0.763702
4 4 0.166586 0.162223 0.014328 0.000104 0.656759
4 4 0.268206 0.062145 0.012965 0.000060 0.656623
4 4 0.162885 0.114611 0.012857 0.000078 0.709569
4 4 0.153528 0.353050 0.015608 0.000164 0.477650
4 4 0.138446 0.356948 0.015912 0.000067 0.488628
4 4 0.070961 0.259793 0.015244 0.000224 0.653778
4 4 0.088315 0.192614 0.009847 0.000060 0.709164
4 4 0.045907 0.102656 0.012658 0.000172 0.838607
4 4 0.103763 0.017076 0.009927 0.000055 0.869178
4 4 0.197060 0.056577 0.013840 0.000083 0.732439
4 4 0.359935 0.174356 0.026038 0.000356 0.439315
0 4 0.482650 0.026631 0.012007 0.000043 0.478670
4 4 0.119374 0.044547 0.012285 0.000083 0.823711
4 4 0.216983 0.070253 0.018047 0.000156 0.694561
4 1 0.375759 0.040289 0.009356 0.000023 0.574574
0 4 0.602339 0.235007 0.021720 0.000344 0.140591
4 4 0.212797 0.027302 0.021467 0.000251 0.738183
4 4 0.132644 0.048632 0.031558 0.000874 0.786291
4 4 0.125857 0.109539 0.027736 0.000651 0.736218
4 4 0.143247 0.043828 0.022460 0.000349 0.790116
4 4 0.138455 0.392689 0.048408 0.001135 0.419312
1 4 0.030687 0.500580 0.047717 0.000129 0.420887
1 4 0.032760 0.477213 0.050973 0.000076 0.438978
4 4 0.058075 0.160040 0.034561 0.000466 0.746859
1 4 0.016463 0.501307 0.130950 0.000553 0.350727
1 4 0.046843 0.579164 0.080965 0.000412 0.292616
1 4 0.022902 0.527358 0.090302 0.000310 0.359127
1 4 0.012401 0.577328 0.128837 0.000648 0.280786
1 4 0.018957 0.462762 0.116274 0.000305 0.401701
1 2 0.031285 0.581278 0.108450 0.000316 0.278671
2 2 0.016998 0.380940 0.400969 0.001622 0.199471
1 1 0.035079 0.451724 0.307792 0.000556 0.204848
1 2 0.046322 0.565421 0.230299 0.001672 0.156285
1 2 0.039320 0.547206 0.250085 0.000412 0.162976
2 2 0.011242 0.267827 0.501422 0.001976 0.217533
1 2 0.085362 0.616822 0.132820 0.000939 0.164058
2 2 0.028269 0.368509 0.414872 0.000413 0.187937
1 2 0.044664 0.570396 0.220549 0.000267 0.164124
1 2 0.038563 0.440469 0.424022 0.001301 0.095645
2 2 0.052559 0.405665 0.448977 0.001605 0.091195
1 2 0.066679 0.463800 0.340379 0.000542 0.128600
2 2 0.048215 0.279591 0.531615 0.000445 0.140134
2 2 0.075381 0.363997 0.461017 0.004235 0.095370
1 2 0.022534 0.494423 0.345743 0.001556 0.135744
2 2 0.040536 0.399239 0.470534 0.001093 0.088598
2 1 0.025703 0.307836 0.587948 0.003164 0.075349
2 1 0.048663 0.387697 0.450718 0.004425 0.108496
2 2 0.025951 0.314363 0.512599 0.018829 0.128259
2 2 0.045549 0.284589 0.603941 0.002831 0.063090
2 2 0.022397 0.341559 0.522519 0.006465 0.107060
2 2 0.047599 0.419560 0.419576 0.003077 0.110189
2 2 0.013778 0.308380 0.602622 0.002292 0.072927
2 2 0.048220 0.244460 0.599636 0.022705 0.084979
2 1 0.062196 0.287538 0.546399 0.012329 0.091538
2 2 0.040422 0.393907 0.398718 0.012844 0.154109
2 2 0.015696 0.312506 0.551230 0.009989 0.110579
2 2 0.023751 0.318453 0.569422 0.003961 0.084414
2 2 0.031822 0.278336 0.618328 0.003705 0.067810
2 2 0.056556 0.284076 0.589316 0.003639 0.066412
2 2 0.048930 0.311270 0.542611 0.006884 0.090305
2 2 0.020114 0.340180 0.517103 0.008087 0.114516
2 1 0.037956 0.370511 0.436372 0.013183 0.141978
2 2 0.031566 0.360564 0.484614 0.007234 0.116022
2 2 0.040310 0.423473 0.439916 0.001651 0.094651
2 2 0.060039 0.351063 0.453455 0.011950 0.123493
2 2 0.084345 0.334217 0.478095 0.006879 0.096464
2 2 0.039632 0.318292 0.561748 0.003303 0.077025
2 2 0.057183 0.359184 0.499149 0.002500 0.081984
2 2 0.040184 0.318485 0.575470 0.001698 0.064163
2 2 0.063357 0.227946 0.637737 0.012436 0.058524
2 2 0.023622 0.212615 0.667064 0.022933 0.073765
2 2 0.022455 0.239817 0.648000 0.011477 0.078252
2 2 0.032421 0.162059 0.631237 0.108642 0.065641
2 2 0.017806 0.252875 0.625321 0.013673 0.090325
2 2 0.048965 0.201942 0.538149 0.116535 0.094408
1 2 0.049597 0.456577 0.347164 0.004639 0.142022
2 2 0.029646 0.298782 0.543493 0.015768 0.112311
2 2 0.052044 0.205391 0.555825 0.098630 0.088109
2 2 0.045582 0.182076 0.546100 0.143345 0.082898
2 0 0.088462 0.174066 0.577116 0.096752 0.063605
0 1 0.393667 0.183734 0.341414 0.028260 0.052925
1 1 0.046156 0.497440 0.255739 0.007256 0.193410
2 2 0.049460 0.387374 0.388512 0.016042 0.158610
2 0 0.134437 0.285122 0.481808 0.014205 0.084428
0 1 0.822811 0.086927 0.047440 0.005151 0.037670
1 2 0.072296 0.618534 0.118754 0.001327 0.189089
1 2 0.036272 0.535170 0.210620 0.005626 0.212311
1 1 0.084600 0.474060 0.242626 0.009544 0.189169
1 2 0.248252 0.392641 0.174048 0.002628 0.182431
1 1 0.096788 0.508182 0.254873 0.002360 0.137797
1 2 0.095515 0.505233 0.270060 0.001899 0.127293
1 1 0.099850 0.464974 0.296980 0.003750 0.134447
0 2 0.466034 0.325378 0.122681 0.001858 0.084049
1 1 0.103383 0.490567 0.266535 0.002855 0.136659
1 1 0.256116 0.371331 0.261263 0.004846 0.106444
1 2 0.130540 0.591862 0.145206 0.000623 0.131769
1 1 0.094104 0.453372 0.345997 0.001869 0.104658
1 1 0.101844 0.461642 0.343756 0.001069 0.091689
1 1 0.178456 0.469344 0.252509 0.001135 0.098556
1 1 0.318064 0.329010 0.256990 0.004766 0.091170
1 2 0.054584 0.589370 0.195090 0.001340 0.159615
1 1 0.041318 0.478874 0.332549 0.003546 0.143713
1 1 0.055929 0.593181 0.201806 0.001026 0.148057
1 2 0.066529 0.509542 0.258559 0.003805 0.161565
1 0 0.056006 0.496297 0.352197 0.000742 0.094758
1 1 0.266153 0.526067 0.061687 0.000745 0.145347
1 1 0.265784 0.554206 0.048968 0.000310 0.130732
1 1 0.130090 0.590861 0.126916 0.000911 0.151222
1 1 0.114735 0.648878 0.100819 0.000298 0.135269
0 1 0.427433 0.343867 0.031432 0.000511 0.196758
1 1 0.086161 0.527385 0.253871 0.001590 0.130993
1 1 0.333696 0.486784 0.071455 0.000422 0.107644
1 1 0.207661 0.586194 0.069886 0.000383 0.135876
1 1 0.320884 0.476480 0.079989 0.000825 0.121823
1 1 0.196465 0.517360 0.146471 0.001538 0.138166
1 2 0.202293 0.581861 0.069266 0.000511 0.146069
1 1 0.120052 0.583606 0.131916 0.001299 0.163127
1 1 0.097105 0.612386 0.145106 0.000693 0.144710
1 1 0.171206 0.588823 0.066190 0.000439 0.173342
1 1 0.116107 0.606464 0.085481 0.001225 0.190723
1 1 0.372159 0.379938 0.122337 0.001234 0.124332
1 1 0.325439 0.482804 0.054723 0.000789 0.136244
1 1 0.125503 0.581838 0.136964 0.001135 0.154559
1 1 0.127184 0.510598 0.203586 0.003143 0.155488
1 1 0.091688 0.663028 0.095187 0.000347 0.149750
1 1 0.143675 0.571740 0.139682 0.000999 0.143905
1 1 0.282002 0.456729 0.077632 0.001554 0.182084
1 2 0.195161 0.413010 0.267651 0.004496 0.119683
1 1 0.121483 0.596250 0.160254 0.000482 0.121530
1 0 0.198025 0.544197 0.145719 0.000548 0.111511
0 0 0.476363 0.351246 0.081631 0.001104 0.089657
0 1 0.440377 0.314352 0.030820 0.000765 0.213686
1 1 0.036156 0.657496 0.125997 0.000706 0.179645
1 1 0.087135 0.475136 0.293701 0.003782 0.140245
0 1 0.442882 0.318411 0.021519 0.000291 0.216897
1 0 0.211640 0.589939 0.074237 0.000283 0.123902
0 1 0.849703 0.071155 0.019404 0.000405 0.059333
1 1 0.095516 0.611823 0.039559 0.000231 0.252872
1 1 0.117293 0.546801 0.147897 0.003103 0.184906
1 1 0.101857 0.606829 0.096182 0.000468 0.194663
1 1 0.270494 0.530668 0.053680 0.000607 0.144550
1 1 0.095023 0.610993 0.126669 0.001014 0.166301
1 1 0.220006 0.578464 0.075689 0.000334 0.125506
1 1 0.208178 0.559193 0.103783 0.000582 0.128264
1 0 0.204308 0.609265 0.067689 0.000186 0.118551
0 0 0.579629 0.303053 0.022985 0.000539 0.093794
0 0 0.765216 0.175845 0.014634 0.000250 0.044055
0 0 0.833175 0.102015 0.013608 0.000182 0.051021
0 0 0.935827 0.031743 0.006916 0.000053 0.025460
0 0 0.868234 0.059869 0.015444 0.000235 0.056218
0 0 0.712795 0.196872 0.020453 0.000440 0.069440
0 0 0.935525 0.032275 0.010242 0.000162 0.021795
0 0 0.897118 0.015562 0.006231 0.000019 0.081070
0 1 0.373616 0.313549 0.014091 0.000093 0.298651
0 1 0.517986 0.279769 0.019591 0.000242 0.182413
1 1 0.327148 0.499971 0.022282 0.000368 0.150232
1 1 0.143539 0.608672 0.036206 0.000195 0.211387
1 1 0.214418 0.494844 0.030198 0.001048 0.259492
1 1 0.218014 0.537752 0.059080 0.001469 0.183685
1 2 0.046119 0.513652 0.319863 0.001032 0.119334
1 2 0.161017 0.511380 0.156060 0.001736 0.169807
1 2 0.103770 0.641344 0.082113 0.000467 0.172306
1 2 0.112289 0.401280 0.390131 0.002512 0.093788
1 2 0.132992 0.556692 0.184968 0.000855 0.124493
2 2 0.091764 0.319937 0.463122 0.002774 0.122403
2 2 0.037641 0.346483 0.536018 0.002214 0.077644
2 2 0.063903 0.319632 0.529645 0.004603 0.082216
2 2 0.027115 0.153033 0.764855 0.016377 0.038621
2 2 0.030015 0.291485 0.579528 0.008355 0.090617
2 2 0.045792 0.257902 0.605155 0.012514 0.078637
2 2 0.034175 0.272584 0.586507 0.014717 0.092017
2 2 0.024706 0.089865 0.834364 0.031141 0.019925
2 2 0.048793 0.267253 0.564043 0.025841 0.094070
2 2 0.028407 0.112032 0.688889 0.130982 0.039689
2 2 0.025607 0.122334 0.687649 0.119794 0.044615
2 2 0.025357 0.134255 0.741142 0.057597 0.041649
2 2 0.041557 0.106984 0.665602 0.149581 0.036275
2 2 0.052769 0.211814 0.500089 0.133174 0.102154
2 2 0.020585 0.059565 0.705677 0.197965 0.016208
2 3 0.032724 0.085113 0.598217 0.252950 0.030996
3 3 0.017864 0.042490 0.423550 0.500199 0.015898
2 3 0.043569 0.131942 0.559679 0.207157 0.057653
2 3 0.043907 0.079849 0.573216 0.276240 0.026788
2 3 0.031614 0.063151 0.488621 0.393136 0.023478
2 3 0.034453 0.081051 0.443733 0.405142 0.035621
3 3 0.026803 0.059446 0.420325 0.468649 0.024778
3 3 0.020445 0.032945 0.256185 0.676109 0.014315
3 3 0.020258 0.031777 0.244671 0.689373 0.013921
3 3 0.036294 0.077451 0.378887 0.471717 0.035651
3 3 0.014647 0.022614 0.204289 0.748968 0.009481
3 3 0.012950 0.019601 0.186075 0.773243 0.008131
3 3 0.014099 0.017482 0.139459 0.821023 0.007938
3 3 0.021548 0.026605 0.162777 0.776058 0.013012
3 3 0.012672 0.015886 0.134404 0.829963 0.007074
3 3 0.007056 0.009382 0.109000 0.870802 0.003761
3 3 0.018438 0.025600 0.159901 0.784040 0.012021
3 3 0.007449 0.009851 0.111178 0.867535 0.003988
3 3 0.011477 0.025567 0.321860 0.632050 0.009046
3 3 0.011996 0.015123 0.131854 0.834360 0.006667
3 3 0.008613 0.011227 0.117195 0.858301 0.004664
3 3 0.007304 0.009679 0.110389 0.868724 0.003904
3 3 0.006262 0.008425 0.104325 0.877681 0.003307
3 3 0.008196 0.010736 0.115109 0.861539 0.004420
3 3 0.003398 0.004854 0.082976 0.907060 0.001713
3 3 0.015407 0.018931 0.143759 0.813166 0.008737
3 3 0.002383 0.003523 0.072465 0.920460 0.001169
3 3 0.007027 0.009347 0.108835 0.871047 0.003745
3 3 0.005969 0.008069 0.102497 0.880323 0.003141
3 3 0.007453 0.009856 0.111203 0.867498 0.003990
3 3 0.004788 0.006615 0.094427 0.891693 0.002477
3 3 0.005475 0.007464 0.099263 0.884936 0.002862
3 3 0.003436 0.004903 0.083331 0.906596 0.001733
3 3 0.006700 0.008954 0.106953 0.873835 0.003557
3 3 0.006964 0.009271 0.108477 0.871579 0.003709
3 3 0.002921 0.004234 0.078332 0.913058 0.001455
3 3 0.003167 0.004555 0.080787 0.909903 0.001588
3 3 0.003192 0.004587 0.081026 0.909595 0.001601
3 3 0.009725 0.012523 0.122418 0.850018 0.005316
3 3 0.004113 0.005768 0.089195 0.898821 0.002104
3 3 0.005038 0.006925 0.096240 0.889180 0.002617
3 3 0.003082 0.004444 0.079952 0.910980 0.001542
3 3 0.003986 0.005606 0.088146 0.900228 0.002034
3 3 0.006377 0.008565 0.105027 0.876659 0.003373
3 3 0.009259 0.011981 0.120281 0.853438 0.005042
3 3 0.004915 0.006772 0.095352 0.890414 0.002548
3 3 0.007282 0.009653 0.110267 0.868906 0.003892
3 3 0.006861 0.009148 0.107886 0.872456 0.003649
3 3 0.003552 0.005052 0.084381 0.905220 0.001796
3 3 0.004194 0.005869 0.089849 0.897939 0.002148
3 3 0.005935 0.008028 0.102279 0.880636 0.003122
3 3 0.004685 0.006486 0.093662 0.892747 0.002420
3 3 0.002581 0.003786 0.074716 0.917643 0.001274
3 3 0.007270 0.009637 0.110196 0.869013 0.003884
3 3 0.007024 0.009343 0.108819 0.871071 0.003743
3 3 0.005856 0.007932 0.101775 0.881359 0.003077
3 3 0.004576 0.006350 0.092838 0.893877 0.002359
3 3 0.003717 0.005264 0.085848 0.903285 0.001886
3 3 0.005725 0.007771 0.100926 0.882574 0.003003
3 3 0.010144 0.013041 0.124384 0.846854 0.005576
3 3 0.007303 0.009678 0.110383 0.868731 0.003904
3 3 0.003027 0.004372 0.079405 0.911684 0.001512
3 3 0.012011 0.015140 0.131912 0.834261 0.006676
3 3 0.006534 0.008754 0.105972 0.875277 0.003463
3 3 0.004668 0.006465 0.093533 0.892924 0.002410
3 3 0.004985 0.006859 0.095860 0.889708 0.002587
3 3 0.003743 0.005297 0.086077 0.902982 0.001901
3 3 0.006854 0.009140 0.107848 0.872512 0.003646
3 3 0.002864 0.004160 0.077754 0.913797 0.001425
3 3 0.004019 0.005648 0.088420 0.899860 0.002052
3 3 0.003119 0.004492 0.080315 0.910513 0.001562
3 3 0.004897 0.006750 0.095226 0.890589 0.002538
3 3 0.002657 0.003887 0.075549 0.916593 0.001314
3 3 0.006851 0.009136 0.107833 0.872535 0.003644
3 3 0.008383 0.010956 0.116053 0.860079 0.004529
3 3 0.009119 0.011819 0.119627 0.854476 0.004960
3 3 0.006584 0.008815 0.106268 0.874842 0.003491
3 3 0.005362 0.007325 0.098497 0.886019 0.002798
3 3 0.005702 0.007743 0.100774 0.882791 0.002990
3 3 0.005998 0.008104 0.102679 0.880061 0.003158
3 3 0.006003 0.008110 0.102710 0.880016 0.003160
3 3 0.001938 0.002922 0.066909 0.927295 0.000936
3 3 0.006806 0.009082 0.107571 0.872922 0.003618
3 3 0.006330 0.008507 0.104739 0.877078 0.003346
3 3 0.006069 0.008191 0.103125 0.879418 0.003198
3 3 0.005111 0.007015 0.096754 0.888463 0.002657
3 3 0.007766 0.010229 0.112883 0.864950 0.004171
3 3 0.009236 0.011955 0.120174 0.853607 0.005028
3 3 0.001530 0.002361 0.061062 0.934321 0.000726
3 3 0.005630 0.007655 0.100302 0.883463 0.002950
3 3 0.008906 0.011570 0.118616 0.856073 0.004835
3 3 0.005630 0.007655 0.100301 0.883464 0.002949
3 3 0.005345 0.007305 0.098383 0.886179 0.002789
3 3 0.005597 0.007614 0.100080 0.883778 0.002931
3 3 0.004718 0.006527 0.093908 0.892409 0.002438
3 0 0.000360 0.000637 0.034557 0.964292 0.000154
0 0 0.443331 0.153854 0.206710 0.124572 0.071533
0 2 0.789291 0.098043 0.068883 0.011003 0.032780
3 2 0.122166 0.233881 0.222805 0.253673 0.167474
2 1 0.307678 0.238745 0.353886 0.019590 0.080100
2 1 0.058724 0.392724 0.403707 0.009244 0.135602
1 0 0.109745 0.402432 0.355281 0.006769 0.125773
2 0 0.166602 0.342292 0.349366 0.017066 0.124673
1 1 0.295785 0.313027 0.238292 0.021296 0.131600
1 1 0.018226 0.459691 0.359601 0.004901 0.157581
2 1 0.070685 0.384011 0.423126 0.006291 0.115888
1 1 0.126107 0.636691 0.062265 0.000515 0.174421
1 1 0.084788 0.659592 0.056309 0.000278 0.199034
1 1 0.090506 0.663688 0.070941 0.000252 0.174612
1 1 0.066623 0.689913 0.093196 0.000258 0.150011
1 1 0.066018 0.689421 0.100043 0.000240 0.144278
1 1 0.148822 0.691052 0.040006 0.000057 0.120062
1 1 0.282396 0.542039 0.050490 0.000301 0.124774
1 1 0.168854 0.613539 0.083750 0.000336 0.133522
1 1 0.339377 0.468841 0.072813 0.000725 0.118243
1 1 0.186626 0.621589 0.064589 0.000204 0.126992
1 2 0.161563 0.628663 0.060246 0.000316 0.149212
1 2 0.215189 0.579637 0.057213 0.000446 0.147515
1 2 0.121971 0.665388 0.075970 0.000207 0.136464
1 2 0.245762 0.562780 0.066820 0.000328 0.124309
1 2 0.406336 0.461568 0.024978 0.000174 0.106945
0 1 0.429971 0.393456 0.065067 0.000990 0.110516
1 1 0.152998 0.646370 0.048019 0.000233 0.152380
1 1 0.144256 0.505921 0.062113 0.001042 0.286669
0 1 0.529982 0.339615 0.024926 0.000649 0.104827
1 1 0.259166 0.547317 0.048436 0.000469 0.144612
1 1 0.257631 0.556482 0.076985 0.000245 0.108656
1 1 0.120468 0.553409 0.108594 0.000622 0.216906
1 1 0.140243 0.560973 0.148859 0.001302 0.148624
0 1 0.569075 0.316854 0.042597 0.000369 0.071106
0 1 0.443450 0.422333 0.028412 0.000286 0.105519
1 1 0.177454 0.605984 0.082493 0.000356 0.133713
1 1 0.099445 0.585668 0.189654 0.000642 0.124591
1 1 0.082012 0.671032 0.120813 0.000214 0.125929
1 1 0.045492 0.562103 0.231831 0.001821 0.158753
1 1 0.105611 0.622079 0.117511 0.000672 0.154126
1 1 0.067085 0.458929 0.312432 0.006300 0.155254
1 1 0.100991 0.563815 0.191803 0.001267 0.142124
1 1 0.154468 0.595926 0.142939 0.000280 0.106387
1 2 0.137194 0.576167 0.159894 0.000668 0.126079
1 1 0.031539 0.514343 0.305716 0.002311 0.146091
1 1 0.071310 0.536025 0.183427 0.005225 0.204014
1 1 0.080403 0.518672 0.203432 0.005568 0.191925
1 1 0.107922 0.536104 0.203798 0.000841 0.151334
1 1 0.147038 0.609935 0.088746 0.000596 0.153685
1 1 0.301277 0.524843 0.046428 0.000346 0.127106
1 1 0.229442 0.574786 0.079950 0.000270 0.115552
1 1 0.241296 0.587979 0.055058 0.000165 0.115501
1 1 0.165410 0.562476 0.150884 0.000626 0.120605
1 1 0.217630 0.574049 0.084949 0.000362 0.123011
1 1 0.330277 0.489818 0.046397 0.000567 0.132942
1 1 0.274843 0.531770 0.050476 0.000534 0.142377
1 1 0.191170 0.620755 0.066892 0.000179 0.121004
1 1 0.196313 0.568185 0.112324 0.000491 0.122687
1 1 0.102744 0.583900 0.184138 0.000716 0.128502
1 1 0.177202 0.612075 0.074764 0.000323 0.135636
1 1 0.160896 0.616474 0.090395 0.000336 0.131899
1 1 0.082374 0.591599 0.165908 0.001251 0.158867
0 1 0.408858 0.280121 0.032496 0.000506 0.278019
1 1 0.114045 0.613677 0.118216 0.000722 0.153340
1 1 0.207483 0.602957 0.054870 0.000250 0.134439
1 1 0.334672 0.486203 0.065022 0.000470 0.113634
1 1 0.315718 0.523481 0.060529 0.000192 0.100081
1 1 0.185781 0.456036 0.224333 0.003320 0.130529
1 1 0.421655 0.464759 0.018872 0.000079 0.094635
0 0 0.494647 0.393962 0.029133 0.000158 0.082101
0 1 0.883290 0.049846 0.010028 0.000078 0.056758
1 1 0.126863 0.572182 0.014127 0.000045 0.286783
1 2 0.046059 0.600224 0.057073 0.002313 0.294331
1 2 0.062283 0.638841 0.047167 0.000341 0.251368
1 2 0.101804 0.615735 0.049803 0.000543 0.232115
1 2 0.054457 0.550712 0.206546 0.002946 0.185338
1 4 0.018355 0.535388 0.143337 0.003540 0.299379
1 4 0.057905 0.500669 0.040784 0.000115 0.400526
4 4 0.150585 0.110976 0.011365 0.000059 0.727015
4 4 0.051790 0.184104 0.016299 0.000243 0.747564
4 4 0.084834 0.041372 0.007429 0.000029 0.866337
4 4 0.114546 0.085467 0.016546 0.000182 0.783259
4 4 0.389343 0.169053 0.013269 0.000062 0.428273
4 4 0.484530 0.014145 0.009428 0.000023 0.491873
4 4 0.106383 0.078926 0.013393 0.000111 0.801187
4 4 0.081201 0.034410 0.016512 0.000231 0.867646
4 4 0.104728 0.066237 0.012116 0.000087 0.816831
4 4 0.131212 0.028975 0.013103 0.000094 0.826616
4 4 0.198178 0.103963 0.016577 0.000133 0.681149
4 4 0.247697 0.055409 0.013651 0.000071 0.683172
4 4 0.228849 0.031854 0.013609 0.000075 0.725614
0 4 0.514696 0.051103 0.016089 0.000090 0.418022
0 4 0.581522 0.019042 0.010416 0.000031 0.388990
4 4 0.099684 0.043923 0.022193 0.000427 0.833774
4 4 0.464085 0.051695 0.011669 0.000039 0.472512
4 4 0.430449 0.015633 0.010305 0.000030 0.543584
0 4 0.637874 0.006077 0.005069 0.000005 0.350974
4 4 0.155531 0.097874 0.013574 0.000091 0.732930
4 4 0.118438 0.082209 0.020906 0.000325 0.778122
4 4 0.281673 0.022975 0.006636 0.000011 0.688706
4 4 0.189861 0.021070 0.013648 0.000085 0.775336
4 4 0.270185 0.044711 0.018749 0.000155 0.666200
4 4 0.294158 0.060550 0.019341 0.000161 0.625789
1 4 0.133351 0.427119 0.012971 0.000122 0.426436
4 4 0.157341 0.057118 0.015283 0.000122 0.770137
4 4 0.211873 0.083922 0.014215 0.000086 0.689904
4 4 0.024743 0.399416 0.035864 0.000085 0.539892
4 4 0.131460 0.111686 0.019999 0.000274 0.736581
4 4 0.059911 0.089427 0.018125 0.000356 0.832181
0 4 0.716267 0.018105 0.011105 0.000042 0.254480
4 4 0.116012 0.011978 0.006673 0.000019 0.865318
4 4 0.180717 0.014563 0.011002 0.000051 0.793666
0 4 0.551542 0.021628 0.009425 0.000023 0.417381
4 4 0.074798 0.362229 0.014499 0.000045 0.548429
4 4 0.108426 0.170000 0.020945 0.000358 0.700271
4 4 0.088639 0.277794 0.016770 0.000251 0.616546
4 2 0.067534 0.125822 0.018164 0.000333 0.788147
1 2 0.046816 0.469860 0.030560 0.000099 0.452665
1 2 0.054351 0.504444 0.020476 0.000108 0.420621
1 2 0.148632 0.503809 0.012787 0.000112 0.334660
1 2 0.080801 0.587752 0.035087 0.000130 0.296230
1 2 0.065303 0.536752 0.021231 0.000066 0.376648
1 2 0.041658 0.524581 0.042923 0.000160 0.390677
1 2 0.027487 0.520763 0.055641 0.000179 0.395930
1 2 0.031644 0.532688 0.048004 0.000142 0.387522
1 2 0.031101 0.550699 0.065954 0.000238 0.352008
1 2 0.033065 0.581357 0.065334 0.000264 0.319980
1 2 0.013198 0.430484 0.197317 0.002767 0.356234
1 2 0.156705 0.487749 0.056111 0.000326 0.299109
1 2 0.035354 0.474576 0.165354 0.000142 0.324575
2 2 0.014396 0.315677 0.531167 0.007479 0.131281
2 2 0.017445 0.250758 0.556487 0.000149 0.175160
2 2 0.011806 0.235752 0.649020 0.001279 0.102143
2 2 0.019447 0.173348 0.686717 0.001326 0.119162
2 2 0.011898 0.334227 0.529050 0.000817 0.124009
2 2 0.019529 0.265776 0.567824 0.000332 0.146540
2 2 0.017131 0.149189 0.711633 0.000264 0.121783
2 2 0.026446 0.328516 0.420775 0.000269 0.223994
2 2 0.013512 0.204218 0.660990 0.000396 0.120883
2 2 0.012492 0.139198 0.737421 0.000258 0.110632
2 2 0.016640 0.290588 0.494926 0.002633 0.195213
2 2 0.027306 0.374068 0.429862 0.000274 0.168489
2 2 0.010714 0.314688 0.562481 0.000909 0.111208
2 2 0.030836 0.185976 0.658597 0.000217 0.124373
2 2 0.017943 0.338848 0.540223 0.001311 0.101674
2 2 0.015015 0.215754 0.649193 0.000551 0.119486
1 2 0.029337 0.450771 0.383508 0.000607 0.135777
1 2 0.028493 0.556500 0.290837 0.000516 0.123654
1 2 0.059624 0.478112 0.340485 0.002080 0.119699
2 2 0.023736 0.415332 0.438312 0.000384 0.122236
1 2 0.068937 0.439516 0.395695 0.001495 0.094357
1 2 0.208928 0.540617 0.125403 0.000736 0.124317
1 2 0.124227 0.574157 0.191143 0.000475 0.109999
1 2 0.052504 0.497885 0.332248 0.001443 0.115919
1 0 0.183148 0.536289 0.173579 0.000576 0.106408
0 2 0.920208 0.046977 0.016905 0.000747 0.015163
1 0 0.173274 0.557169 0.108133 0.001345 0.160079
0 1 0.554074 0.273551 0.032552 0.001023 0.138799
1 1 0.148799 0.607745 0.086698 0.000629 0.156128
1 1 0.107347 0.620551 0.139021 0.000465 0.132616
1 1 0.082945 0.544599 0.193646 0.003099 0.175710
1 1 0.181309 0.566630 0.051806 0.000219 0.200036
1 1 0.089331 0.658528 0.095326 0.000418 0.156397
1 1 0.214326 0.446335 0.071321 0.000352 0.267667
1 1 0.123259 0.651602 0.085543 0.000280 0.139316
1 1 0.132326 0.624400 0.097239 0.000468 0.145567
1 2 0.255724 0.522464 0.065591 0.001038 0.155182
1 0 0.066557 0.683321 0.084452 0.000175 0.165495
1 1 0.231889 0.548485 0.079617 0.000671 0.139338
1 1 0.139196 0.638280 0.071502 0.000353 0.150671
1 1 0.059845 0.548852 0.171153 0.002853 0.217296
1 1 0.161333 0.652600 0.038512 0.000157 0.147398
1 1 0.134634 0.648211 0.076170 0.000270 0.140716
1 1 0.139356 0.627835 0.094027 0.000370 0.138412
4 1 0.165722 0.285877 0.216503 0.000574 0.331324
1 2 0.082217 0.592182 0.078292 0.000275 0.247034
1 1 0.056213 0.586847 0.168078 0.002124 0.186738
1 1 0.258962 0.535238 0.064420 0.000637 0.140744
1 0 0.209674 0.587138 0.070738 0.000348 0.132103
0 0 0.477747 0.226647 0.068882 0.001184 0.225540
0 1 0.599218 0.274222 0.033442 0.001398 0.091720
1 2 0.050039 0.511192 0.044553 0.000147 0.394069
1 2 0.048775 0.505715 0.107786 0.000813 0.336910
1 2 0.042057 0.525630 0.116800 0.000775 0.314738
1 2 0.079492 0.641855 0.089768 0.000268 0.188617
1 2 0.034775 0.509301 0.275531 0.004501 0.175893
1 2 0.090816 0.577874 0.216299 0.000402 0.114610
1 2 0.021997 0.456930 0.340058 0.000895 0.180120
1 2 0.135046 0.627020 0.097272 0.000402 0.140259
1 2 0.072233 0.503752 0.303056 0.000716 0.120243
1 2 0.038199 0.587274 0.242555 0.000726 0.131246
1 2 0.041426 0.509908 0.323400 0.001495 0.123772
1 2 0.082320 0.469429 0.364191 0.000686 0.083373
1 2 0.080489 0.539286 0.280487 0.000548 0.099190
1 2 0.087847 0.542796 0.268483 0.000547 0.100327
1 2 0.079312 0.505526 0.327315 0.000524 0.087324
1 1 0.060726 0.581436 0.244447 0.000257 0.113134
1 1 0.064270 0.484622 0.351695 0.000993 0.098420
1 1 0.130613 0.544448 0.232358 0.000384 0.092196
1 2 0.146892 0.606061 0.141330 0.000245 0.105472
1 2 0.308742 0.437616 0.151780 0.001148 0.100715
1 2 0.039512 0.507990 0.346065 0.000879 0.105554
1 2 0.093308 0.592155 0.198754 0.000470 0.115313
1 2 0.104224 0.618789 0.162609 0.000312 0.114066
1 2 0.142251 0.499438 0.243475 0.001323 0.113513
2 2 0.044459 0.415151 0.461151 0.000952 0.078287
1 2 0.128984 0.521007 0.267681 0.000345 0.081984
1 1 0.087546 0.541942 0.257772 0.000797 0.111943
1 1 0.135638 0.579114 0.187665 0.000290 0.097293
1 2 0.075103 0.594727 0.219081 0.000408 0.110682
2 2 0.038349 0.432019 0.445851 0.000424 0.083358
1 2 0.090939 0.574611 0.217362 0.000607 0.116480
1 2 0.221508 0.464101 0.217710 0.000976 0.095705
1 2 0.197086 0.559783 0.140999 0.000331 0.101801
1 2 0.136327 0.584755 0.160475 0.000488 0.117955
1 2 0.066554 0.496301 0.339392 0.000825 0.096929
1 2 0.144839 0.512539 0.259732 0.000381 0.082509
1 2 0.172599 0.519272 0.198878 0.000807 0.108443
1 1 0.067601 0.530058 0.325917 0.000240 0.076183
1 2 0.094304 0.640255 0.162599 0.000175 0.102667
1 2 0.079787 0.651982 0.132628 0.000347 0.135255
1 2 0.098522 0.561833 0.191347 0.000201 0.148096
1 0 0.178878 0.558439 0.153092 0.000461 0.109130
0 0 0.866289 0.071885 0.019962 0.000559 0.041307
0 1 0.377758 0.306397 0.030026 0.000652 0.285168
1 0 0.099624 0.443954 0.030072 0.000151 0.426199
0 1 0.915832 0.045948 0.011600 0.000192 0.026429
4 0 0.125580 0.329916 0.025925 0.000376 0.518204
0 1 0.874538 0.050657 0.010410 0.000078 0.064316
0 1 0.506071 0.243291 0.018176 0.000172 0.232291
1 1 0.360026 0.394836 0.033211 0.000841 0.211087
1 1 0.229688 0.588372 0.030534 0.000178 0.151227
0 1 0.559762 0.293109 0.019082 0.000218 0.127828
1 1 0.072903 0.528887 0.047527 0.000132 0.350552
1 1 0.073817 0.603232 0.045816 0.000255 0.276880
1 1 0.038729 0.644750 0.101560 0.001200 0.213761
1 1 0.081561 0.561186 0.094778 0.000359 0.262117
1 1 0.109033 0.686442 0.038498 0.000142 0.165885
1 1 0.089583 0.666986 0.065868 0.000424 0.177140
1 1 0.083901 0.690726 0.065104 0.000239 0.160030
1 1 0.291128 0.330870 0.048687 0.001216 0.328099
0 1 0.627556 0.181588 0.023229 0.000354 0.167273
1 1 0.078410 0.659489 0.052503 0.000374 0.209224
1 1 0.222888 0.540225 0.045295 0.000316 0.191275
1 1 0.290748 0.486675 0.021236 0.000184 0.201157
1 1 0.089085 0.701893 0.050195 0.000155 0.158672
0 4 0.423501 0.371896 0.046025 0.001687 0.156890
1 1 0.143110 0.612601 0.079835 0.000505 0.163948
1 1 0.213240 0.599384 0.060042 0.000231 0.127102
1 1 0.220365 0.577882 0.059197 0.000411 0.142145
1 1 0.349978 0.432624 0.059558 0.000743 0.157097
1 1 0.187384 0.565805 0.053370 0.000379 0.193063
1 1 0.132311 0.664248 0.049674 0.000210 0.153556
1 1 0.324017 0.331372 0.070176 0.001190 0.273245
0 1 0.450882 0.360502 0.028227 0.000511 0.159878
0 1 0.476374 0.353411 0.071371 0.001279 0.097565
1 1 0.362437 0.485847 0.051631 0.000230 0.099855
0 1 0.446821 0.325871 0.025956 0.000510 0.200842
1 1 0.241721 0.443772 0.028709 0.000455 0.285343
1 1 0.321175 0.377672 0.077864 0.000673 0.222615
1 1 0.058591 0.611848 0.048224 0.000136 0.281202
0 1 0.651307 0.159537 0.023024 0.000342 0.165790
1 1 0.046681 0.611632 0.144904 0.000561 0.196221
1 1 0.267263 0.531318 0.064282 0.000591 0.136547
1 0 0.046768 0.586328 0.197040 0.000560 0.169304
0 0 0.867822 0.090788 0.011040 0.000153 0.030197
0 1 0.392642 0.364500 0.020722 0.000292 0.221843
1 1 0.348548 0.493096 0.010844 0.000081 0.147431
1 1 0.137647 0.670101 0.040383 0.000156 0.151712
1 1 0.341959 0.502280 0.020681 0.000224 0.134856
1 1 0.283877 0.374354 0.061593 0.000685 0.279490
1 1 0.230931 0.600007 0.040182 0.000160 0.128720
1 1 0.165107 0.637454 0.042412 0.000235 0.154792
1 1 0.160984 0.646394 0.041930 0.000195 0.150497
0 1 0.555511 0.256187 0.019341 0.000237 0.168724
1 1 0.152133 0.613983 0.037779 0.000101 0.196003
0 1 0.405238 0.354029 0.021465 0.000316 0.218952
1 1 0.075506 0.721732 0.059534 0.000113 0.143115
1 1 0.382490 0.467077 0.032967 0.000310 0.117156
1 1 0.249299 0.409516 0.035729 0.000523 0.304933
1 1 0.173109 0.434815 0.140828 0.001965 0.249283
1 1 0.073878 0.667777 0.144438 0.000174 0.113733
1 2 0.065344 0.612153 0.193804 0.000524 0.128175
1 2 0.033795 0.482253 0.379168 0.001074 0.103710
1 2 0.047792 0.603993 0.226538 0.000478 0.121199
2 2 0.016376 0.273072 0.623471 0.000925 0.086156
1 2 0.048633 0.536695 0.322270 0.000410 0.091991
1 2 0.047773 0.590299 0.256389 0.000352 0.105187
1 2 0.087961 0.577431 0.223688 0.000495 0.110425
2 2 0.035838 0.344474 0.557080 0.000653 0.061956
1 2 0.104883 0.588543 0.195123 0.000427 0.111024
1 2 0.165511 0.578614 0.144686 0.000384 0.110805
1 2 0.140871 0.588156 0.166712 0.000311 0.103951
1 2 0.118729 0.662814 0.100167 0.000163 0.118127
1 2 0.107397 0.567208 0.208381 0.000647 0.116367
0 2 0.424893 0.353285 0.096586 0.003927 0.121310
1 1 0.307215 0.389442 0.161971 0.006179 0.135192
0 2 0.729405 0.128901 0.076669 0.013645 0.051380
0 2 0.727949 0.123700 0.056829 0.005134 0.086389
0 2 0.776608 0.123345 0.048524 0.005151 0.046373
0 1 0.785839 0.085335 0.073944 0.009796 0.045085
0 2 0.904113 0.050481 0.021382 0.001011 0.023013
0 2 0.880043 0.055175 0.026915 0.001314 0.036553
0 2 0.792587 0.129372 0.033247 0.002050 0.042744
0 1 0.609559 0.232802 0.062306 0.005228 0.090105
0 2 0.619474 0.258523 0.040671 0.001340 0.079992
0 2 0.624250 0.206647 0.070759 0.009526 0.088818
0 2 0.819800 0.096451 0.043750 0.004715 0.035283
0 2 0.745834 0.091895 0.112725 0.025651 0.023896
0 2 0.754252 0.104237 0.077984 0.012773 0.050754
0 2 0.798753 0.075052 0.082418 0.011223 0.032554
0 2 0.864039 0.066295 0.045072 0.004338 0.020257
0 2 0.860232 0.061224 0.044713 0.003520 0.030310
0 2 0.829841 0.069773 0.064769 0.007348 0.028270
0 2 0.727797 0.102731 0.118481 0.008112 0.042880
0 2 0.768579 0.108536 0.070326 0.011939 0.040620
0 2 0.431365 0.147305 0.273446 0.097319 0.050565
0 2 0.535447 0.237223 0.143242 0.006526 0.077562
0 2 0.509772 0.125514 0.205070 0.088301 0.071343
0 2 0.416274 0.326378 0.129371 0.007367 0.120611
1 2 0.304776 0.343183 0.220489 0.009913 0.121639
0 2 0.551603 0.269783 0.082109 0.004035 0.092470
1 2 0.085495 0.435840 0.363946 0.002904 0.111815
2 2 0.235499 0.238554 0.440278 0.017600 0.068069
1 2 0.314728 0.373315 0.173179 0.006511 0.132267
0 2 0.361804 0.290896 0.236105 0.009087 0.102109
1 2 0.066267 0.518716 0.288146 0.001514 0.125357
0 2 0.818731 0.099944 0.034259 0.002118 0.044948
0 2 0.791182 0.127873 0.035395 0.002393 0.043158
0 0 0.720918 0.176689 0.038717 0.002444 0.061233
0 0 0.855063 0.075445 0.035479 0.002994 0.031019
0 0 0.914763 0.042949 0.018399 0.000687 0.023202
0 0 0.779475 0.102019 0.071339 0.011897 0.035270
0 0 0.860344 0.042766 0.024490 0.000654 0.071746
0 1 0.906010 0.048091 0.014550 0.000306 0.031043
0 1 0.714257 0.163830 0.033464 0.001320 0.087130
0 1 0.653873 0.190230 0.057875 0.005380 0.092641
0 1 0.774846 0.109669 0.052473 0.005418 0.057594
0 1 0.601444 0.159892 0.166895 0.004050 0.067719
1 1 0.138513 0.546437 0.122270 0.002955 0.189824
0 1 0.457326 0.296447 0.048411 0.002515 0.195300
1 2 0.326866 0.472456 0.073136 0.000904 0.126638
1 1 0.275492 0.493541 0.102497 0.001049 0.127420
0 0 0.680542 0.220177 0.028889 0.001090 0.069302
0 1 0.654368 0.212642 0.029406 0.000884 0.102700
0 1 0.613634 0.227837 0.043198 0.002290 0.113041
