0 0 0.511036 0.231990 0.036261 0.001354 0.219359
4 0 0.384883 0.158393 0.027510 0.000505 0.428709
0 0 0.398574 0.229865 0.047124 0.001237 0.323200
0 0 0.764835 0.038625 0.003381 0.000006 0.193154
0 0 0.823883 0.037369 0.002198 0.000011 0.136540
0 0 0.732551 0.076746 0.004454 0.000020 0.186229
0 0 0.766241 0.119890 0.008954 0.000051 0.104863
0 0 0.785243 0.098031 0.009555 0.000109 0.107062
0 0 0.549737 0.242040 0.035346 0.000933 0.171944
0 0 0.722483 0.153490 0.012532 0.000081 0.111414
0 0 0.848440 0.062225 0.005541 0.000054 0.083740
0 0 0.808249 0.069514 0.004352 0.000023 0.117861
0 0 0.740175 0.118346 0.008222 0.000048 0.133210
0 0 0.564937 0.290718 0.043129 0.000750 0.100466
1 1 0.213309 0.351705 0.156007 0.005289 0.273690
4 1 0.099655 0.305816 0.243594 0.005710 0.345224
1 1 0.143949 0.336240 0.204903 0.006865 0.308044
1 1 0.076383 0.348902 0.348418 0.010735 0.215563
1 1 0.137915 0.336402 0.212216 0.007287 0.306180
4 1 0.212508 0.278340 0.112480 0.004080 0.392592
4 1 0.313715 0.138903 0.027322 0.000276 0.519784
4 1 0.285587 0.278995 0.085699 0.005142 0.344577
4 1 0.118704 0.297218 0.204884 0.003297 0.375897
1 1 0.093056 0.320414 0.273533 0.006060 0.306937
4 1 0.175065 0.264339 0.123151 0.004792 0.432653
0 1 0.544708 0.204412 0.028008 0.000829 0.222044
1 1 0.119294 0.331061 0.233416 0.008029 0.308200
1 1 0.125009 0.346986 0.239668 0.007042 0.281294
4 4 0.244603 0.212063 0.066094 0.001605 0.475635
4 4 0.131738 0.159071 0.072708 0.000910 0.635573
4 4 0.212153 0.181169 0.057849 0.003147 0.545682
4 4 0.133656 0.026217 0.003863 0.000006 0.836258
4 4 0.076647 0.025778 0.006139 0.000003 0.891434
4 4 0.074950 0.021988 0.004647 0.000019 0.898396
4 4 0.107282 0.070216 0.023240 0.000135 0.799127
4 4 0.159849 0.061480 0.013285 0.000071 0.765315
4 4 0.161058 0.294057 0.154809 0.005439 0.384637
4 4 0.098502 0.216799 0.148694 0.004157 0.531847
4 4 0.178822 0.156829 0.053948 0.001567 0.608834
4 4 0.109163 0.281819 0.200917 0.006839 0.401263
4 4 0.036457 0.213787 0.320875 0.007162 0.421720
4 4 0.037569 0.112062 0.116850 0.002857 0.730662
4 4 0.050380 0.242157 0.298529 0.007583 0.401351
4 4 0.170744 0.236001 0.106166 0.003846 0.483242
4 4 0.317995 0.175517 0.037866 0.003283 0.465339
4 4 0.096827 0.054911 0.016804 0.000151 0.831307
4 4 0.225723 0.190404 0.058986 0.004118 0.520770
4 4 0.131158 0.227146 0.126081 0.003091 0.512524
4 4 0.174225 0.139197 0.045271 0.002007 0.639299
4 4 0.185831 0.189175 0.069928 0.002716 0.552351
4 4 0.110726 0.294813 0.211560 0.007431 0.375470
4 4 0.234906 0.261159 0.093539 0.003571 0.406825
4 4 0.078549 0.266109 0.236738 0.019380 0.399224
4 4 0.050277 0.203140 0.228252 0.015462 0.502869
4 4 0.123091 0.251061 0.153898 0.005067 0.466882
4 4 0.102481 0.161878 0.091503 0.002184 0.641954
4 4 0.056985 0.133275 0.108298 0.004949 0.696494
4 4 0.227586 0.139263 0.035937 0.001349 0.595865
4 4 0.112725 0.286891 0.198556 0.012591 0.389237
4 4 0.091720 0.309210 0.261919 0.009229 0.327922
4 4 0.101271 0.233434 0.165739 0.001332 0.498224
2 4 0.037386 0.284834 0.455746 0.006690 0.215344
2 4 0.072257 0.352386 0.370404 0.005492 0.199461
1 4 0.085060 0.336988 0.311758 0.006822 0.259372
1 4 0.091131 0.395616 0.348550 0.013023 0.151680
1 4 0.180194 0.392482 0.208057 0.004914 0.214354
1 4 0.103487 0.359758 0.292285 0.005147 0.239323
2 4 0.045176 0.332311 0.470344 0.007400 0.144769
2 4 0.026618 0.277156 0.569164 0.005290 0.121771
2 4 0.043543 0.330887 0.479457 0.006663 0.139451
2 4 0.075016 0.362231 0.372675 0.004428 0.185650
1 4 0.137907 0.443637 0.287261 0.010935 0.120260
1 4 0.115357 0.375201 0.281095 0.007042 0.221304
1 4 0.103646 0.336415 0.268096 0.005809 0.286034
2 4 0.044623 0.303898 0.437353 0.005178 0.208948
2 4 0.028389 0.260714 0.493285 0.006856 0.210756
2 4 0.023888 0.253455 0.597371 0.007768 0.117518
2 4 0.032896 0.296294 0.549972 0.005605 0.115234
2 4 0.012778 0.209635 0.655943 0.003607 0.118037
2 4 0.063852 0.358344 0.410039 0.011849 0.155916
2 4 0.060679 0.360590 0.423079 0.006961 0.148691
1 2 0.089479 0.382675 0.344680 0.008902 0.174264
4 2 0.088875 0.284650 0.242904 0.004028 0.379543
1 2 0.081439 0.388723 0.371198 0.011200 0.147441
2 2 0.066284 0.340681 0.375525 0.009732 0.207778
2 2 0.049737 0.344107 0.466109 0.007203 0.132844
2 2 0.033910 0.288598 0.517519 0.010096 0.149878
2 2 0.056864 0.339443 0.429457 0.013767 0.160469
2 2 0.037422 0.297827 0.472781 0.011209 0.180761
2 2 0.033119 0.289089 0.533167 0.008740 0.135886
2 2 0.001057 0.040835 0.937657 0.008198 0.012254
2 2 0.004878 0.099943 0.843501 0.012755 0.038923
2 2 0.016234 0.172494 0.721857 0.027243 0.062172
2 2 0.007130 0.098214 0.828437 0.039783 0.026436
2 2 0.001874 0.055330 0.914097 0.011505 0.017193
2 2 0.000357 0.021156 0.961797 0.009300 0.007391
2 2 0.000133 0.010820 0.977603 0.008721 0.002723
2 2 0.000379 0.018269 0.957197 0.019602 0.004553
2 2 0.000364 0.020532 0.961948 0.010706 0.006451
2 2 0.000130 0.010880 0.978487 0.007725 0.002779
2 2 0.000671 0.027894 0.947665 0.015594 0.008176
2 2 0.003006 0.062608 0.879590 0.034341 0.020455
2 2 0.000920 0.034161 0.943823 0.012368 0.008728
2 2 0.000208 0.014613 0.972553 0.008598 0.004027
2 2 0.000075 0.006495 0.981445 0.010757 0.001228
2 2 0.000323 0.013946 0.955564 0.027715 0.002452
2 2 0.000180 0.008963 0.963721 0.025381 0.001755
2 2 0.000049 0.004518 0.983586 0.011085 0.000762
2 2 0.000133 0.008455 0.973022 0.016614 0.001776
2 2 0.000233 0.011153 0.961408 0.025026 0.002180
2 2 0.000249 0.008110 0.934274 0.056003 0.001365
2 2 0.000723 0.020553 0.926162 0.047699 0.004863
2 2 0.001517 0.021517 0.825864 0.146914 0.004188
2 2 0.001330 0.032905 0.908314 0.050463 0.006988
2 2 0.001619 0.028232 0.867829 0.096909 0.005411
2 2 0.000929 0.031095 0.929140 0.029309 0.009526
2 2 0.011758 0.140253 0.797804 0.019707 0.030478
2 2 0.062262 0.331866 0.519952 0.015171 0.070749
2 2 0.004844 0.094306 0.859440 0.013400 0.028009
2 2 0.000172 0.014986 0.976805 0.003634 0.004403
2 2 0.001128 0.037233 0.920180 0.026904 0.014555
2 2 0.003354 0.068602 0.850207 0.044817 0.033020
2 2 0.000127 0.008388 0.974167 0.015450 0.001868
2 2 0.004795 0.075439 0.822429 0.068649 0.028687
2 2 0.000637 0.024966 0.942778 0.024533 0.007086
2 2 0.001429 0.040948 0.909393 0.033369 0.014862
2 2 0.000308 0.013606 0.956876 0.025986 0.003224
2 2 0.000152 0.006948 0.958862 0.032749 0.001290
2 2 0.000226 0.008098 0.942725 0.047562 0.001389
2 2 0.002416 0.019456 0.657633 0.316779 0.003716
2 2 0.000566 0.015720 0.924796 0.055122 0.003796
2 2 0.000183 0.006152 0.933563 0.059056 0.001045
2 2 0.000846 0.021329 0.914783 0.058795 0.004247
2 2 0.000145 0.006428 0.956602 0.035643 0.001182
2 2 0.000489 0.010147 0.881301 0.105915 0.002148
2 2 0.000422 0.009807 0.897398 0.090530 0.001843
2 2 0.001239 0.019294 0.842470 0.133407 0.003589
2 2 0.000785 0.016098 0.888267 0.091349 0.003501
2 2 0.001564 0.016531 0.740938 0.237242 0.003725
2 2 0.001434 0.020384 0.826330 0.147287 0.004566
2 2 0.000238 0.005358 0.873826 0.119751 0.000827
2 2 0.000394 0.006583 0.817720 0.174235 0.001067
2 2 0.005506 0.029448 0.536809 0.421164 0.007073
2 2 0.003639 0.029066 0.679549 0.280840 0.006906
2 2 0.000428 0.005451 0.728665 0.264619 0.000837
2 2 0.000393 0.005151 0.737660 0.255840 0.000956
2 2 0.000438 0.005803 0.746908 0.245858 0.000993
2 2 0.000415 0.004103 0.617395 0.377512 0.000575
2 2 0.001239 0.014794 0.767833 0.213522 0.002612
3 3 0.001811 0.009022 0.422939 0.564597 0.001630
2 3 0.006161 0.061753 0.757577 0.157424 0.017086
2 2 0.001643 0.048558 0.922985 0.013602 0.013213
1 2 0.099435 0.424625 0.351858 0.007628 0.116453
1 1 0.208017 0.455052 0.209494 0.012906 0.114531
1 1 0.095491 0.401291 0.342006 0.012834 0.148378
2 1 0.061339 0.364116 0.436477 0.008476 0.129591
2 1 0.052072 0.339748 0.507269 0.007937 0.092975
2 1 0.017934 0.214499 0.698157 0.006487 0.062923
2 1 0.008648 0.149436 0.792862 0.005258 0.043797
2 1 0.059965 0.354289 0.485718 0.008607 0.091421
2 1 0.029034 0.279242 0.560290 0.006996 0.124438
2 1 0.005958 0.130188 0.806501 0.004582 0.052772
2 1 0.025020 0.252018 0.603930 0.009328 0.109704
2 1 0.001324 0.056456 0.921691 0.002500 0.018029
2 1 0.016048 0.207253 0.710704 0.005418 0.060577
2 1 0.049143 0.336751 0.466055 0.008701 0.139350
2 1 0.057842 0.357955 0.431531 0.008466 0.144206
2 1 0.027298 0.267131 0.609118 0.006585 0.089868
2 1 0.034396 0.276728 0.580724 0.012135 0.096016
2 1 0.010728 0.181349 0.729092 0.004260 0.074572
2 1 0.008920 0.151436 0.777659 0.006899 0.055085
2 1 0.003383 0.108071 0.844950 0.001634 0.041963
2 1 0.053872 0.356676 0.450559 0.006664 0.132229
1 1 0.091175 0.397659 0.350423 0.012373 0.148369
2 1 0.018809 0.222728 0.684523 0.006067 0.067872
2 1 0.043981 0.331781 0.516296 0.005730 0.102212
1 1 0.085072 0.415265 0.384191 0.005916 0.109556
1 1 0.098875 0.416582 0.346802 0.009443 0.128299
2 1 0.019650 0.230213 0.680124 0.005134 0.064878
2 1 0.010064 0.151103 0.788696 0.008360 0.041778
2 1 0.081218 0.394207 0.427942 0.008034 0.088599
2 1 0.074303 0.404382 0.410545 0.004981 0.105789
1 0 0.143515 0.466811 0.294238 0.003621 0.091815
0 0 0.530912 0.374136 0.059951 0.000541 0.034461
1 0 0.255510 0.494080 0.184388 0.005134 0.060887
0 0 0.432326 0.431310 0.090491 0.001693 0.044179
0 0 0.559422 0.353360 0.051244 0.000386 0.035588
0 0 0.789005 0.150287 0.040435 0.001108 0.019165
0 0 0.557338 0.358844 0.051795 0.000355 0.031668
0 0 0.667879 0.246547 0.049685 0.000878 0.035012
0 0 0.627144 0.294769 0.050375 0.000486 0.027226
0 0 0.523219 0.378711 0.064958 0.000652 0.032461
0 0 0.571118 0.345708 0.056686 0.000457 0.026030
0 0 0.793572 0.144738 0.028791 0.000586 0.032312
0 0 0.839564 0.101822 0.017178 0.000335 0.041101
0 0 0.824432 0.113387 0.024318 0.000716 0.037148
0 0 0.891547 0.063146 0.014531 0.000568 0.030208
0 0 0.889540 0.043824 0.008790 0.000465 0.057382
0 0 0.850159 0.102689 0.022010 0.000512 0.024630
0 0 0.834440 0.117711 0.022445 0.000384 0.025020
0 0 0.917594 0.052605 0.011361 0.000298 0.018143
0 0 0.880739 0.076053 0.018629 0.000655 0.023924
0 0 0.748430 0.188195 0.041858 0.000723 0.020795
1 0 0.419867 0.475399 0.090750 0.000595 0.013388
0 0 0.827018 0.117848 0.019131 0.000291 0.035712
0 0 0.750148 0.186532 0.040677 0.000700 0.021943
0 0 0.888788 0.053979 0.013620 0.000887 0.042727
0 0 0.747855 0.192717 0.040128 0.000553 0.018748
0 0 0.588086 0.335789 0.049620 0.000322 0.026183
0 0 0.658937 0.264314 0.043284 0.000452 0.033014
0 0 0.826911 0.085344 0.012158 0.000267 0.075320
0 0 0.869872 0.056469 0.003997 0.000022 0.069640
0 0 0.908730 0.029960 0.002311 0.000018 0.058980
0 0 0.931261 0.016995 0.000777 0.000002 0.050965
0 0 0.887453 0.029589 0.002292 0.000023 0.080644
0 0 0.876556 0.031980 0.001968 0.000012 0.089483
0 0 0.854043 0.053992 0.004573 0.000044 0.087347
0 0 0.853480 0.075918 0.005976 0.000034 0.064593
0 0 0.901509 0.042350 0.001678 0.000002 0.054461
0 0 0.908714 0.025975 0.001725 0.000011 0.063575
0 0 0.927162 0.019281 0.001805 0.000025 0.051726
0 0 0.815878 0.106221 0.009567 0.000065 0.068268
0 0 0.729266 0.192297 0.016502 0.000072 0.061863
0 0 0.511248 0.291226 0.049617 0.001532 0.146377
1 0 0.187482 0.330234 0.161467 0.003483 0.317334
4 0 0.317120 0.221555 0.055596 0.001574 0.404155
4 1 0.283811 0.288177 0.091361 0.002853 0.333798
0 1 0.349538 0.306409 0.081028 0.003809 0.259216
1 1 0.220175 0.338413 0.144359 0.004381 0.292671
2 1 0.074337 0.333791 0.339544 0.007932 0.244395
0 1 0.479906 0.293753 0.054822 0.001067 0.170451
1 1 0.191210 0.355813 0.173919 0.006344 0.272714
4 1 0.207810 0.279427 0.114331 0.007051 0.391380
4 1 0.333556 0.256187 0.066187 0.001615 0.342455
4 1 0.231239 0.254136 0.091068 0.003442 0.420114
1 1 0.220686 0.380975 0.168280 0.004595 0.225463
0 1 0.559395 0.211437 0.028530 0.000745 0.199894
0 1 0.460161 0.198648 0.032727 0.000573 0.307890
4 1 0.325204 0.261740 0.069542 0.002597 0.340917
1 1 0.165384 0.394143 0.223178 0.007228 0.210066
0 1 0.328348 0.274087 0.072649 0.006501 0.318416
4 1 0.078654 0.178785 0.135172 0.001315 0.606074
4 1 0.196662 0.092705 0.021665 0.000156 0.688812
4 1 0.120851 0.235313 0.142514 0.003411 0.497910
2 1 0.054060 0.305726 0.385799 0.006111 0.248304
2 1 0.058600 0.284713 0.332961 0.006264 0.317461
4 1 0.107205 0.305997 0.229224 0.006788 0.350786
4 1 0.151856 0.257590 0.134557 0.003625 0.452373
4 1 0.124740 0.227779 0.133015 0.002059 0.512407
2 1 0.039515 0.294407 0.453728 0.008643 0.203708
2 1 0.052298 0.304222 0.391588 0.007102 0.244790
4 1 0.256404 0.298710 0.105083 0.004568 0.335235
4 1 0.189086 0.173676 0.061036 0.000964 0.575239
4 1 0.272664 0.297071 0.098126 0.005444 0.326694
1 1 0.081921 0.326286 0.306160 0.009832 0.275800
1 1 0.154787 0.388408 0.230406 0.009696 0.216702
4 1 0.057845 0.278525 0.326464 0.006451 0.330714
2 1 0.031573 0.236814 0.409878 0.007185 0.314551
2 1 0.067723 0.302105 0.324229 0.004726 0.301217
4 1 0.074893 0.292389 0.287926 0.004458 0.340334
4 1 0.133315 0.292676 0.181733 0.003587 0.388689
0 1 0.425524 0.223792 0.041631 0.003001 0.306052
1 1 0.098446 0.322162 0.264762 0.004656 0.309974
2 1 0.042393 0.302327 0.441414 0.015063 0.198803
2 1 0.061497 0.308844 0.350349 0.015555 0.263755
4 1 0.140429 0.310277 0.187721 0.005721 0.355852
4 1 0.129641 0.317640 0.207594 0.005313 0.339812
1 1 0.087393 0.328512 0.296537 0.006022 0.281536
1 1 0.120826 0.381281 0.270891 0.018244 0.208758
2 1 0.065919 0.336213 0.369089 0.013748 0.215031
1 1 0.094148 0.435024 0.375789 0.002490 0.092550
1 1 0.422268 0.426254 0.093951 0.001883 0.055644
1 1 0.147456 0.466346 0.288051 0.006707 0.091438
0 0 0.742848 0.196723 0.024171 0.000160 0.036098
0 0 0.644597 0.268045 0.031057 0.000215 0.056087
0 1 0.436639 0.427969 0.088846 0.001645 0.044901
1 1 0.374280 0.470697 0.114599 0.002640 0.037784
1 1 0.260460 0.478564 0.181855 0.001879 0.077243
0 0 0.931342 0.042721 0.007621 0.000145 0.018171
0 0 0.791211 0.139054 0.023148 0.000412 0.046175
0 0 0.926162 0.038149 0.008065 0.000309 0.027316
0 0 0.793448 0.152376 0.024990 0.000301 0.028885
0 0 0.884390 0.075618 0.011325 0.000152 0.028515
0 0 0.916272 0.044730 0.004765 0.000044 0.034190
0 0 0.907963 0.047098 0.007561 0.000176 0.037202
0 0 0.810050 0.139509 0.019504 0.000179 0.030758
0 0 0.925728 0.045077 0.009025 0.000229 0.019941
0 0 0.874765 0.079775 0.015322 0.000357 0.029781
0 0 0.803680 0.118107 0.021828 0.000599 0.055786
0 0 0.848631 0.068750 0.014196 0.000726 0.067696
0 0 0.946940 0.028059 0.004766 0.000106 0.020129
0 0 0.883315 0.079989 0.012391 0.000156 0.024149
0 0 0.860480 0.085825 0.011632 0.000153 0.041911
0 0 0.954244 0.028023 0.004669 0.000074 0.012990
0 0 0.945119 0.034969 0.007555 0.000184 0.012173
0 0 0.900237 0.067571 0.011531 0.000174 0.020487
0 0 0.784548 0.170378 0.027251 0.000212 0.017611
0 0 0.661642 0.279184 0.034735 0.000157 0.024283
0 0 0.722352 0.213468 0.037172 0.000418 0.026590
0 0 0.904038 0.070323 0.007739 0.000040 0.017860
0 0 0.865074 0.096090 0.018813 0.000318 0.019705
0 0 0.750704 0.201841 0.023064 0.000099 0.024293
0 0 0.598155 0.327831 0.042149 0.000230 0.031634
0 0 0.657073 0.267558 0.041626 0.000389 0.033354
0 0 0.704508 0.221384 0.028175 0.000226 0.045707
0 0 0.789692 0.165099 0.021447 0.000130 0.023632
0 0 0.710120 0.220740 0.036905 0.000423 0.031813
1 0 0.407160 0.472062 0.098550 0.001079 0.021150
0 0 0.539160 0.358686 0.056144 0.000589 0.045421
0 0 0.532285 0.373911 0.058378 0.000502 0.034924
0 0 0.644777 0.270602 0.033923 0.000259 0.050439
1 0 0.385529 0.432691 0.107370 0.003542 0.070869
0 0 0.449361 0.410139 0.083522 0.001729 0.055249
0 0 0.579336 0.317764 0.054624 0.000759 0.047517
0 0 0.650103 0.267916 0.043448 0.000486 0.038047
0 0 0.827025 0.122546 0.017437 0.000184 0.032808
0 0 0.606462 0.311774 0.051204 0.000474 0.030085
0 0 0.557885 0.354220 0.051626 0.000395 0.035874
0 0 0.484122 0.416099 0.072234 0.000637 0.026908
0 0 0.564524 0.356781 0.049957 0.000298 0.028439
0 0 0.519023 0.371540 0.061672 0.000746 0.047019
0 0 0.474433 0.421404 0.075425 0.000729 0.028010
0 0 0.800287 0.153576 0.023497 0.000204 0.022436
0 0 0.888743 0.072763 0.012769 0.000229 0.025495
0 0 0.664556 0.272023 0.043442 0.000299 0.019680
0 0 0.610644 0.302407 0.038657 0.000286 0.048007
0 0 0.526799 0.373340 0.059815 0.000592 0.039455
0 1 0.458126 0.387230 0.078251 0.001990 0.074403
1 1 0.150750 0.466824 0.281140 0.006532 0.094754
2 1 0.073031 0.404011 0.414780 0.004692 0.103486
2 1 0.041093 0.326408 0.490563 0.006090 0.135846
2 1 0.037407 0.317151 0.505522 0.005652 0.134269
2 1 0.047005 0.335812 0.463360 0.007724 0.146099
2 1 0.033407 0.298055 0.509604 0.007063 0.151872
1 1 0.173982 0.454579 0.245112 0.009693 0.116634
2 1 0.052963 0.352942 0.450872 0.007050 0.136173
2 1 0.031393 0.298720 0.530516 0.005181 0.134189
2 1 0.016113 0.218948 0.686603 0.004156 0.074180
2 1 0.005211 0.127311 0.823748 0.002403 0.041327
2 1 0.075181 0.341147 0.347819 0.005223 0.230630
2 1 0.023597 0.240501 0.645829 0.008864 0.081209
2 1 0.011656 0.181618 0.727006 0.005829 0.073891
2 1 0.020071 0.241668 0.600529 0.006508 0.131224
2 1 0.001789 0.067416 0.904766 0.002821 0.023208
2 1 0.002121 0.073207 0.892004 0.003813 0.028854
2 1 0.002769 0.082318 0.881561 0.004384 0.028967
2 1 0.008606 0.162876 0.752111 0.004268 0.072140
1 1 0.091506 0.418031 0.367687 0.007051 0.115724
1 1 0.324637 0.425664 0.131262 0.003377 0.115059
1 1 0.121061 0.434450 0.311157 0.010211 0.123121
2 1 0.025071 0.258513 0.553617 0.009027 0.153771
2 1 0.002430 0.078952 0.890915 0.002959 0.024744
2 1 0.000871 0.044240 0.928972 0.004097 0.021820
2 1 0.027925 0.279589 0.543949 0.006377 0.142161
2 1 0.000723 0.038571 0.940471 0.003947 0.016288
2 1 0.002474 0.091536 0.857281 0.002038 0.046671
2 1 0.018071 0.227472 0.636526 0.006649 0.111282
2 1 0.000511 0.029777 0.955468 0.004066 0.010179
2 1 0.000835 0.041881 0.935224 0.004164 0.017895
2 1 0.003631 0.102231 0.851949 0.003197 0.038991
1 1 0.169198 0.454698 0.249427 0.012118 0.114560
2 1 0.007654 0.131944 0.796889 0.011160 0.052353
2 1 0.000400 0.026497 0.963467 0.002399 0.007238
2 1 0.007270 0.132448 0.816359 0.006066 0.037857
2 1 0.001791 0.056343 0.915831 0.008502 0.017533
2 1 0.004295 0.110119 0.846134 0.003149 0.036302
2 1 0.005378 0.123951 0.830422 0.003028 0.037221
2 1 0.029255 0.290760 0.568101 0.004469 0.107414
0 1 0.475021 0.352516 0.068301 0.002034 0.102128
1 1 0.128738 0.448045 0.305894 0.008229 0.109094
2 1 0.058155 0.354613 0.487164 0.007699 0.092369
2 1 0.025116 0.249273 0.659430 0.006123 0.060057
2 1 0.052626 0.315184 0.545567 0.013921 0.072702
2 1 0.056877 0.366449 0.453534 0.005840 0.117300
2 1 0.011225 0.181179 0.761730 0.002833 0.043034
1 1 0.090528 0.403004 0.379344 0.010226 0.116898
1 1 0.110584 0.440539 0.337104 0.006634 0.105140
2 1 0.073059 0.404800 0.439984 0.003865 0.078291
2 1 0.074687 0.349653 0.357392 0.007178 0.211090
2 1 0.033341 0.298653 0.578809 0.004774 0.084424
2 1 0.047345 0.346870 0.476032 0.005395 0.124358
2 1 0.068415 0.383845 0.413564 0.007077 0.127098
1 1 0.106850 0.425619 0.334744 0.009238 0.123550
2 1 0.062213 0.377685 0.433476 0.005932 0.120694
1 1 0.137500 0.442797 0.287377 0.011103 0.121222
2 1 0.063386 0.377264 0.427829 0.006493 0.125028
1 1 0.215704 0.475671 0.210797 0.009149 0.088678
1 1 0.078622 0.404374 0.395632 0.006240 0.115132
1 1 0.326502 0.349698 0.107755 0.000413 0.215632
0 0 0.582360 0.275068 0.054498 0.001653 0.086421
0 0 0.789673 0.116027 0.010531 0.000080 0.083689
0 0 0.897356 0.039910 0.002668 0.000014 0.060052
0 0 0.951226 0.017518 0.000747 0.000001 0.030508
0 0 0.818825 0.049446 0.003862 0.000040 0.127828
0 0 0.871983 0.053062 0.006425 0.000115 0.068415
0 0 0.900800 0.029603 0.002045 0.000014 0.067539
0 0 0.939084 0.024322 0.002756 0.000038 0.033800
0 0 0.887901 0.045976 0.003811 0.000030 0.062283
0 0 0.939434 0.030025 0.003077 0.000027 0.027437
0 0 0.845771 0.078375 0.006968 0.000053 0.068833
0 0 0.766130 0.123737 0.018759 0.000455 0.090918
0 0 0.897682 0.044619 0.003625 0.000025 0.054049
0 0 0.817858 0.088139 0.007507 0.000058 0.086439
0 0 0.759468 0.143278 0.010348 0.000044 0.086861
0 0 0.539161 0.222528 0.032102 0.000971 0.205239
0 1 0.439905 0.227270 0.041219 0.002667 0.288940
1 1 0.211073 0.332234 0.145987 0.004650 0.306057
1 1 0.144492 0.371167 0.231018 0.009141 0.244181
0 1 0.372123 0.232811 0.050969 0.002427 0.341670
4 1 0.195889 0.275280 0.120743 0.001602 0.406485
0 1 0.352964 0.327147 0.087486 0.004816 0.227586
1 1 0.272555 0.358842 0.128250 0.004453 0.235900
1 1 0.164790 0.376975 0.210237 0.011621 0.236378
4 1 0.271143 0.276448 0.090388 0.001724 0.360296
1 4 0.091249 0.315098 0.267463 0.014216 0.311973
0 4 0.412302 0.243834 0.049774 0.001213 0.292877
4 4 0.143751 0.071713 0.018885 0.000065 0.765586
0 4 0.430996 0.153041 0.023360 0.000357 0.392246
4 4 0.394455 0.154100 0.025607 0.000611 0.425227
1 4 0.156869 0.327319 0.185847 0.003489 0.326476
4 4 0.092620 0.067483 0.024768 0.000110 0.815019
4 4 0.072340 0.056241 0.022682 0.000084 0.848653
4 4 0.134819 0.161682 0.071413 0.004124 0.627962
4 4 0.079956 0.191484 0.145546 0.004734 0.578280
4 4 0.101519 0.157600 0.087958 0.002868 0.650055
4 4 0.159971 0.189145 0.079460 0.003385 0.568040
4 4 0.180948 0.164414 0.057464 0.001886 0.595287
4 4 0.080639 0.188308 0.140010 0.006540 0.584503
4 4 0.184507 0.164712 0.056345 0.002629 0.591807
4 4 0.068008 0.024565 0.006246 0.000004 0.901177
4 4 0.158370 0.034713 0.005246 0.000017 0.801653
4 4 0.199072 0.125507 0.034109 0.001492 0.639820
4 4 0.048113 0.099279 0.077193 0.005175 0.770241
4 4 0.039387 0.029316 0.012687 0.000127 0.918482
4 4 0.055158 0.016678 0.003936 0.000002 0.924227
4 4 0.064605 0.038974 0.013490 0.000093 0.882839
4 4 0.108144 0.033062 0.006723 0.000021 0.852051
4 4 0.137241 0.082967 0.024395 0.000366 0.755032
4 4 0.262460 0.164248 0.040918 0.002355 0.530019
4 4 0.275575 0.203215 0.054450 0.004417 0.462343
4 4 0.180515 0.269954 0.122386 0.009040 0.418105
4 4 0.189336 0.260380 0.110762 0.010695 0.428827
4 4 0.128393 0.291249 0.180203 0.020862 0.379293
4 4 0.185915 0.139725 0.042817 0.002654 0.628889
4 4 0.081418 0.226740 0.183757 0.010123 0.497963
4 4 0.248598 0.218047 0.066906 0.004470 0.461978
4 4 0.160824 0.171982 0.068019 0.003031 0.596144
4 4 0.123864 0.125028 0.051016 0.002340 0.697752
4 4 0.200029 0.239226 0.094135 0.004306 0.462304
2 4 0.027959 0.226527 0.414911 0.017945 0.312658
1 4 0.097568 0.394592 0.330073 0.016014 0.161752
1 4 0.097171 0.365419 0.307196 0.012401 0.217813
4 4 0.182411 0.258678 0.115882 0.002951 0.440077
4 4 0.101648 0.135261 0.070057 0.000741 0.692293
4 4 0.125670 0.277989 0.176699 0.004148 0.415494
1 4 0.091322 0.355359 0.310090 0.015477 0.227752
4 4 0.023126 0.177191 0.351083 0.003109 0.445491
4 4 0.124104 0.033511 0.006164 0.000011 0.836211
4 4 0.105111 0.096595 0.040050 0.000170 0.758073
4 4 0.071875 0.059277 0.025533 0.000017 0.843297
4 4 0.123181 0.078394 0.024635 0.000193 0.773596
1 4 0.218154 0.328143 0.137736 0.008724 0.307242
1 4 0.173551 0.343798 0.178278 0.012464 0.291910
1 4 0.096592 0.344357 0.290223 0.007644 0.261184
1 4 0.097212 0.348590 0.293268 0.007497 0.253432
1 4 0.081847 0.369452 0.351166 0.013492 0.184043
1 4 0.205333 0.372857 0.172705 0.008476 0.240630
1 4 0.127221 0.397100 0.273888 0.014158 0.187633
2 4 0.037894 0.282082 0.442284 0.012443 0.225297
2 4 0.023321 0.243941 0.521836 0.004667 0.206235
2 4 0.046832 0.305873 0.422630 0.009382 0.215283
2 4 0.044066 0.313126 0.448991 0.011136 0.182680
2 4 0.039509 0.297908 0.455620 0.013560 0.193403
2 4 0.071151 0.330953 0.346957 0.007950 0.242989
4 4 0.187365 0.318653 0.153129 0.004258 0.336596
1 4 0.140909 0.356754 0.225130 0.007536 0.269671
1 4 0.176844 0.352542 0.182509 0.009277 0.278828
4 4 0.101330 0.288851 0.218557 0.013198 0.378063
1 4 0.128335 0.398242 0.274039 0.011699 0.187685
2 4 0.037575 0.304857 0.488487 0.004914 0.164166
4 4 0.253168 0.243199 0.081376 0.000316 0.421942
0 4 0.760018 0.146376 0.010638 0.000044 0.082924
0 4 0.698187 0.146467 0.012381 0.000106 0.142859
0 4 0.624454 0.152283 0.015738 0.000038 0.207487
0 4 0.754332 0.082505 0.004588 0.000020 0.158554
0 4 0.675013 0.113063 0.008753 0.000089 0.203083
0 4 0.632266 0.139606 0.013176 0.000196 0.214755
0 4 0.436963 0.323240 0.068259 0.003629 0.167909
0 4 0.458312 0.307667 0.060693 0.002848 0.170481
1 4 0.113313 0.416777 0.316435 0.008357 0.145118
1 4 0.174496 0.394725 0.213997 0.006810 0.209972
2 4 0.043406 0.308104 0.453833 0.003635 0.191021
2 4 0.051296 0.339450 0.442287 0.009620 0.157347
1 4 0.117844 0.375080 0.278817 0.004163 0.224097
2 4 0.073569 0.381548 0.391148 0.009850 0.143886
1 4 0.103847 0.418044 0.335719 0.010471 0.131920
2 1 0.053782 0.352146 0.447828 0.005381 0.140862
4 1 0.159488 0.305630 0.166847 0.002868 0.365166
1 1 0.153911 0.399222 0.238795 0.009884 0.198189
2 2 0.041242 0.299446 0.444866 0.014962 0.199485
2 2 0.061183 0.360696 0.422140 0.005877 0.150104
2 2 0.061703 0.367913 0.424990 0.007906 0.137488
1 2 0.085860 0.385682 0.353977 0.014172 0.160308
2 1 0.046138 0.342855 0.478496 0.005568 0.126944
1 1 0.096881 0.408976 0.345385 0.010941 0.137818
2 1 0.026419 0.277258 0.546887 0.005598 0.143838
2 1 0.047176 0.346565 0.476696 0.005369 0.124194
2 1 0.031833 0.294329 0.518440 0.006587 0.148810
2 1 0.012326 0.201950 0.672189 0.004108 0.109427
2 2 0.031118 0.286813 0.524546 0.007749 0.149774
2 2 0.012121 0.186659 0.719231 0.005561 0.076428
2 2 0.012994 0.196495 0.703391 0.005032 0.082088
2 2 0.023048 0.261996 0.560716 0.005677 0.148563
2 2 0.023554 0.272739 0.575326 0.003858 0.124524
1 2 0.076532 0.395451 0.394612 0.007479 0.125926
1 2 0.139131 0.407998 0.270338 0.003029 0.179503
1 2 0.126325 0.432076 0.299412 0.012049 0.130137
1 2 0.092666 0.422150 0.367727 0.006487 0.110970
2 2 0.057651 0.368543 0.447129 0.004184 0.122492
2 1 0.058181 0.353558 0.424251 0.009899 0.154111
2 1 0.051576 0.349476 0.458152 0.003901 0.136895
1 1 0.086017 0.405063 0.372586 0.008425 0.127910
0 0 0.536972 0.280052 0.044297 0.001125 0.137554
1 1 0.129118 0.427847 0.295596 0.006783 0.140656
1 1 0.121294 0.418475 0.304495 0.005569 0.150168
1 1 0.131291 0.392072 0.266272 0.008690 0.201675
1 1 0.077688 0.397723 0.392754 0.007363 0.124472
2 1 0.054549 0.361871 0.453146 0.005873 0.124560
2 1 0.027492 0.289041 0.555758 0.004063 0.123646
2 1 0.061137 0.369767 0.429731 0.007190 0.132174
2 1 0.070007 0.394824 0.418000 0.005400 0.111769
1 1 0.209513 0.441436 0.208815 0.002945 0.137291
1 1 0.102745 0.428327 0.346506 0.007591 0.114832
1 1 0.118533 0.451022 0.327071 0.005955 0.097418
1 1 0.227318 0.476364 0.201100 0.009179 0.086039
1 1 0.081785 0.392828 0.374246 0.010135 0.141005
1 1 0.106887 0.436939 0.342945 0.006646 0.106583
1 0 0.164017 0.450340 0.256941 0.006813 0.121890
1 1 0.227625 0.425971 0.183295 0.009663 0.153446
1 1 0.252966 0.440522 0.168138 0.019189 0.119185
1 1 0.331993 0.467099 0.134202 0.005672 0.061034
1 1 0.152041 0.475500 0.282945 0.005459 0.084056
1 1 0.108311 0.451078 0.348502 0.004395 0.087713
0 0 0.794375 0.143686 0.022202 0.000297 0.039440
0 1 0.423352 0.387757 0.087164 0.003425 0.098302
1 1 0.316910 0.468812 0.141333 0.007758 0.065187
0 1 0.576838 0.315076 0.045071 0.000504 0.062511
0 0 0.779375 0.165736 0.020891 0.000151 0.033847
0 0 0.715024 0.190144 0.017036 0.000096 0.077700
0 0 0.601048 0.295550 0.039347 0.000389 0.063665
0 0 0.821647 0.127095 0.018786 0.000210 0.032261
0 0 0.902775 0.066661 0.007321 0.000046 0.023197
0 0 0.926083 0.041117 0.006639 0.000131 0.026030
0 0 0.958792 0.013409 0.001462 0.000021 0.026316
0 0 0.934368 0.028654 0.004140 0.000089 0.032750
0 0 0.922188 0.044463 0.007569 0.000160 0.025619
0 0 0.927429 0.043506 0.012257 0.000585 0.016223
0 0 0.941752 0.033019 0.010108 0.000612 0.014508
0 0 0.965420 0.017938 0.003801 0.000125 0.012716
0 0 0.951696 0.029257 0.005438 0.000111 0.013498
0 0 0.956932 0.025866 0.004333 0.000072 0.012798
0 0 0.942789 0.026753 0.004768 0.000142 0.025548
0 0 0.944464 0.029611 0.005317 0.000132 0.020477
0 0 0.974995 0.015214 0.003978 0.000131 0.005682
0 0 0.930340 0.038171 0.005040 0.000067 0.026382
0 0 0.944861 0.026938 0.004910 0.000143 0.023148
0 0 0.885670 0.074010 0.009688 0.000102 0.030530
0 0 0.956789 0.023398 0.004080 0.000089 0.015645
0 0 0.960546 0.016394 0.003147 0.000117 0.019795
0 0 0.965766 0.012739 0.001229 0.000012 0.020253
0 0 0.981373 0.005073 0.000916 0.000039 0.012599
0 0 0.930912 0.034336 0.006002 0.000164 0.028585
0 0 0.861227 0.099393 0.015216 0.000168 0.023996
0 0 0.957202 0.023813 0.003896 0.000071 0.015018
0 0 0.913366 0.062250 0.012059 0.000176 0.012149
0 0 0.922808 0.049627 0.008174 0.000126 0.019264
0 0 0.948821 0.031519 0.005082 0.000077 0.014502
0 0 0.583669 0.263826 0.036756 0.000439 0.115311
0 0 0.942668 0.023902 0.004553 0.000179 0.028698
0 0 0.847095 0.061211 0.010918 0.000480 0.080297
0 0 0.924797 0.043203 0.007483 0.000161 0.024356
0 0 0.924598 0.051570 0.011549 0.000251 0.012032
0 0 0.818609 0.131233 0.029347 0.000588 0.020223
0 0 0.811689 0.145166 0.023382 0.000212 0.019550
0 0 0.810673 0.143559 0.028609 0.000377 0.016782
0 0 0.580106 0.339055 0.052249 0.000390 0.028200
0 0 0.621801 0.260206 0.070109 0.000806 0.047078
0 0 0.594936 0.304944 0.041401 0.000304 0.058415
0 0 0.688199 0.224421 0.035018 0.000144 0.052218
0 0 0.916279 0.054512 0.014808 0.000529 0.013872
0 0 0.900665 0.057569 0.009331 0.000184 0.032251
0 0 0.868503 0.095657 0.015038 0.000162 0.020640
0 0 0.870237 0.063266 0.007847 0.000123 0.058527
0 0 0.912765 0.040491 0.010263 0.000685 0.035797
0 0 0.945723 0.025685 0.005908 0.000288 0.022397
0 0 0.955403 0.024585 0.003302 0.000041 0.016669
0 0 0.936640 0.038852 0.007104 0.000144 0.017261
0 1 0.473123 0.376014 0.072909 0.001735 0.076219
1 1 0.157269 0.389553 0.232900 0.002962 0.217317
1 1 0.247428 0.419558 0.170226 0.003527 0.159260
4 1 0.205419 0.129242 0.034615 0.002091 0.628633
4 1 0.163811 0.123907 0.039603 0.001691 0.670988
4 1 0.429644 0.078227 0.007813 0.000322 0.483994
4 1 0.153147 0.156944 0.060283 0.007602 0.622025
4 4 0.136961 0.050614 0.010529 0.001003 0.800893
4 4 0.067630 0.018612 0.003903 0.000006 0.909849
4 4 0.027949 0.010826 0.003363 0.000003 0.957860
4 4 0.098987 0.028582 0.005634 0.000035 0.866763
4 4 0.024912 0.009756 0.003049 0.000010 0.962273
4 4 0.099783 0.022078 0.003670 0.000015 0.874454
4 4 0.096740 0.022068 0.003676 0.000069 0.877447
4 4 0.048600 0.012789 0.002680 0.000030 0.935902
4 4 0.060838 0.006068 0.000663 0.000001 0.932431
4 4 0.080225 0.011551 0.001563 0.000001 0.906661
4 4 0.101935 0.051871 0.014389 0.000398 0.831408
4 4 0.050099 0.012623 0.002659 0.000002 0.934616
4 4 0.084629 0.088067 0.040369 0.000839 0.786096
4 4 0.064465 0.075852 0.039530 0.001195 0.818958
4 4 0.040248 0.047162 0.026958 0.000659 0.884973
4 4 0.069474 0.025625 0.006277 0.000077 0.898547
4 4 0.037512 0.006901 0.001209 0.000006 0.954372
4 4 0.120358 0.026165 0.004124 0.000023 0.849330
0 4 0.477113 0.131682 0.016317 0.000695 0.374193
4 4 0.185489 0.096096 0.023463 0.001159 0.693794
4 4 0.252229 0.114272 0.023582 0.001652 0.608266
4 4 0.081571 0.137293 0.084360 0.003781 0.692996
4 4 0.112882 0.136221 0.063256 0.003263 0.684378
4 4 0.107813 0.165159 0.089341 0.004820 0.632868
4 4 0.063959 0.019947 0.004523 0.000017 0.911554
4 4 0.149705 0.088094 0.024827 0.000540 0.736833
4 4 0.099055 0.164981 0.096788 0.002688 0.636488
4 4 0.042291 0.197008 0.250973 0.013163 0.496565
4 4 0.020532 0.017516 0.009613 0.000013 0.952327
4 4 0.055296 0.042031 0.017138 0.000338 0.885197
4 4 0.055885 0.083331 0.052973 0.000457 0.807354
4 4 0.089263 0.213353 0.156399 0.006308 0.534677
4 4 0.080878 0.156115 0.105412 0.002318 0.655277
4 4 0.082366 0.213467 0.167304 0.006385 0.530477
4 4 0.042589 0.020212 0.006529 0.000021 0.930649
4 4 0.125045 0.093192 0.031655 0.000860 0.749249
4 4 0.079811 0.162237 0.112195 0.004441 0.641316
4 4 0.051767 0.160560 0.159366 0.002929 0.625377
4 4 0.083352 0.104118 0.053922 0.000859 0.757749
4 4 0.103001 0.127003 0.062430 0.000791 0.706775
4 4 0.128698 0.102664 0.036116 0.001072 0.731450
4 4 0.058997 0.191874 0.187913 0.004366 0.556851
4 4 0.068288 0.104651 0.064355 0.000933 0.761774
4 4 0.092190 0.279978 0.226739 0.010299 0.390795
4 4 0.057679 0.022500 0.006061 0.000016 0.913744
4 4 0.052179 0.024003 0.007308 0.000026 0.916483
4 4 0.096043 0.090309 0.038104 0.000470 0.775075
4 4 0.049459 0.178100 0.193638 0.003983 0.574820
4 4 0.081888 0.298511 0.270169 0.015643 0.333788
4 4 0.061605 0.105427 0.070970 0.001033 0.760966
4 4 0.154421 0.197977 0.087274 0.006020 0.554307
4 4 0.108038 0.221602 0.142961 0.003179 0.524219
4 1 0.058489 0.184196 0.178551 0.003173 0.575591
4 1 0.104050 0.241351 0.165617 0.007956 0.481027
4 1 0.027890 0.204322 0.365232 0.011599 0.390956
4 1 0.120069 0.210369 0.119739 0.004808 0.545015
2 1 0.029373 0.283150 0.523665 0.007135 0.156677
2 1 0.043813 0.329894 0.476141 0.007084 0.143067
4 1 0.074551 0.175022 0.138063 0.000688 0.611677
1 1 0.139894 0.335666 0.209315 0.006901 0.308224
2 1 0.032499 0.279283 0.491407 0.003842 0.192970
1 1 0.105878 0.386157 0.308248 0.008942 0.190775
1 1 0.078444 0.368086 0.365054 0.006635 0.181781
2 1 0.048554 0.328858 0.447086 0.006623 0.168878
1 1 0.083248 0.376003 0.354439 0.011448 0.174863
2 1 0.049603 0.320124 0.423198 0.015126 0.191949
2 1 0.009559 0.177773 0.725263 0.003556 0.083848
1 1 0.080337 0.382784 0.370486 0.009712 0.156681
2 1 0.044984 0.324648 0.461506 0.007935 0.160927
2 1 0.003617 0.116574 0.781854 0.002779 0.095176
2 1 0.037065 0.316224 0.506932 0.005616 0.134163
2 2 0.019815 0.250390 0.585756 0.004621 0.139417
1 2 0.159202 0.389070 0.224966 0.011110 0.215652
1 2 0.123183 0.409815 0.292632 0.009036 0.165334
1 2 0.089951 0.393140 0.349472 0.013373 0.154064
2 2 0.054508 0.343153 0.431245 0.008431 0.162663
2 2 0.062868 0.361694 0.412210 0.010222 0.153006
1 2 0.360375 0.401270 0.108503 0.007514 0.122337
2 2 0.069754 0.349352 0.376877 0.004750 0.199267
2 1 0.047704 0.322346 0.444958 0.005290 0.179703
2 1 0.071945 0.386060 0.402032 0.007969 0.131994
1 1 0.112089 0.388303 0.300332 0.004866 0.194410
1 1 0.079606 0.400029 0.388409 0.007490 0.124467
2 1 0.041592 0.327502 0.489562 0.005286 0.136058
1 0 0.215711 0.418444 0.193327 0.002621 0.169897
4 0 0.226513 0.311504 0.126688 0.002111 0.333184
4 1 0.089878 0.274989 0.228277 0.005137 0.401720
2 1 0.036999 0.270447 0.429017 0.011375 0.252162
2 1 0.012765 0.198621 0.606328 0.007262 0.175024
2 1 0.005322 0.129930 0.776901 0.004760 0.083087
2 2 0.021274 0.249851 0.560406 0.006671 0.161799
2 2 0.003285 0.097788 0.818060 0.006367 0.074500
2 2 0.000847 0.044958 0.934953 0.002310 0.016933
2 2 0.001724 0.062684 0.902813 0.005401 0.027377
2 2 0.009672 0.180188 0.634925 0.005561 0.169655
2 2 0.038235 0.292300 0.455594 0.014369 0.199502
2 2 0.011699 0.179198 0.580638 0.013192 0.215274
2 2 0.002848 0.088152 0.836517 0.007251 0.065233
2 2 0.002267 0.087260 0.859088 0.002243 0.049142
2 2 0.000572 0.036836 0.932025 0.004056 0.026511
2 2 0.000438 0.029707 0.945984 0.004950 0.018921
2 2 0.000940 0.046330 0.911694 0.006783 0.034254
2 2 0.000241 0.019697 0.964586 0.005144 0.010332
2 2 0.000344 0.024585 0.950161 0.007454 0.017456
2 2 0.000303 0.021761 0.956968 0.008005 0.012962
2 2 0.000707 0.032124 0.935245 0.015533 0.016390
2 2 0.000302 0.021124 0.958419 0.008602 0.011552
2 2 0.000407 0.025009 0.950248 0.010047 0.014288
2 2 0.000513 0.029640 0.941509 0.009514 0.018824
2 2 0.002161 0.058193 0.877200 0.029553 0.032893
2 2 0.000765 0.038154 0.926044 0.009572 0.025465
2 2 0.001800 0.051165 0.892162 0.029163 0.025710
2 2 0.000738 0.019700 0.920906 0.052042 0.006613
2 2 0.001255 0.039439 0.915186 0.028539 0.015582
2 2 0.003690 0.057246 0.837609 0.081078 0.020377
2 2 0.003388 0.071259 0.846115 0.041175 0.038064
2 2 0.008830 0.119054 0.777568 0.042433 0.052114
2 2 0.005732 0.115493 0.823331 0.009155 0.046289
2 2 0.006826 0.106021 0.828745 0.024878 0.033529
2 2 0.002923 0.083616 0.880825 0.004616 0.028020
1 0 0.204177 0.486593 0.225513 0.006341 0.077377
1 1 0.189546 0.464916 0.231487 0.010899 0.103153
2 1 0.048305 0.353636 0.478424 0.004592 0.115042
2 1 0.062349 0.385392 0.440553 0.004568 0.107138
2 1 0.073824 0.387854 0.396834 0.008280 0.133208
2 1 0.056185 0.354620 0.435771 0.008422 0.145001
2 1 0.028620 0.295393 0.553853 0.003758 0.118376
2 1 0.070755 0.382221 0.406235 0.004777 0.136012
2 1 0.029315 0.297039 0.549379 0.003805 0.120463
2 1 0.033234 0.308911 0.529246 0.004475 0.124133
2 1 0.034817 0.306656 0.513141 0.004627 0.140759
2 1 0.012812 0.212809 0.652801 0.003191 0.118386
2 1 0.032276 0.306111 0.533890 0.004353 0.123369
2 1 0.046021 0.341644 0.477662 0.005756 0.128918
2 1 0.064045 0.349760 0.399960 0.004490 0.181745
2 1 0.044336 0.330725 0.473748 0.007232 0.143960
2 1 0.025828 0.282809 0.564509 0.003903 0.122952
2 1 0.025738 0.271793 0.550319 0.002728 0.149422
2 1 0.030755 0.305910 0.548276 0.003415 0.111644
1 1 0.103021 0.392775 0.324292 0.004016 0.175895
1 1 0.088800 0.377000 0.343595 0.006106 0.184499
1 1 0.104355 0.390821 0.318016 0.005605 0.181202
1 1 0.285863 0.443374 0.151022 0.013810 0.105931
1 1 0.107347 0.401277 0.318595 0.007087 0.165694
1 1 0.129992 0.401563 0.277303 0.005887 0.185255
2 1 0.051218 0.347641 0.453894 0.007349 0.139898
2 1 0.075743 0.374295 0.377135 0.010063 0.162764
1 1 0.165695 0.361299 0.198614 0.010837 0.263556
2 1 0.048041 0.345496 0.469991 0.006050 0.130423
2 1 0.062970 0.357748 0.406805 0.011516 0.160962
2 1 0.061784 0.358937 0.416249 0.007404 0.155626
2 1 0.033342 0.304411 0.521072 0.005468 0.135706
1 1 0.143597 0.375878 0.236725 0.007408 0.236391
1 1 0.309779 0.359668 0.111982 0.008984 0.209586
2 1 0.046670 0.337167 0.467416 0.007163 0.141584
2 1 0.035791 0.309973 0.507946 0.006092 0.140197
2 1 0.024344 0.273275 0.565742 0.004467 0.132171
2 1 0.038219 0.315158 0.495775 0.006706 0.144142
2 1 0.028341 0.298116 0.561133 0.003139 0.109271
2 1 0.032987 0.296899 0.511603 0.006983 0.151528
2 1 0.035207 0.309164 0.511785 0.005833 0.138012
2 1 0.016473 0.207952 0.684440 0.007988 0.083147
2 2 0.037056 0.307412 0.492799 0.007785 0.154948
2 2 0.047761 0.332195 0.453310 0.009259 0.157476
2 2 0.065124 0.354519 0.400957 0.004428 0.174971
2 2 0.050567 0.320692 0.418296 0.015824 0.194621
2 2 0.040611 0.331632 0.501460 0.004724 0.121572
2 2 0.072587 0.380592 0.393801 0.009675 0.143345
2 2 0.041117 0.320466 0.481429 0.007561 0.149427
2 2 0.017828 0.238913 0.612991 0.004401 0.125868
2 2 0.023126 0.267152 0.570351 0.004567 0.134805
2 2 0.005610 0.137985 0.787672 0.002792 0.065941
2 2 0.032181 0.300639 0.525942 0.005389 0.135849
2 2 0.034979 0.309889 0.514964 0.005502 0.134666
2 2 0.035298 0.306826 0.507148 0.006456 0.144271
2 2 0.012026 0.194442 0.705208 0.004134 0.084189
2 2 0.040069 0.330623 0.504096 0.004609 0.120602
1 2 0.194045 0.485123 0.235246 0.006286 0.079299
1 2 0.211404 0.408351 0.188013 0.007913 0.184319
2 2 0.048655 0.358655 0.482037 0.003913 0.106741
1 2 0.115090 0.445000 0.331089 0.005782 0.103038
2 2 0.034661 0.315639 0.526533 0.004161 0.119006
2 2 0.060608 0.369843 0.433791 0.005513 0.130244
1 2 0.077052 0.400386 0.397415 0.006569 0.118578
1 2 0.193773 0.441416 0.220242 0.006819 0.137750
1 1 0.089584 0.368745 0.335908 0.003925 0.201838
2 1 0.062172 0.366799 0.425793 0.004388 0.140848
1 0 0.345409 0.408414 0.115510 0.008803 0.121864
1 0 0.213197 0.363232 0.161397 0.008744 0.253430
0 0 0.536840 0.296524 0.047567 0.001094 0.117975
0 0 0.553462 0.299063 0.045955 0.000856 0.100664
0 0 0.665240 0.211411 0.022370 0.000209 0.100770
1 0 0.326593 0.402610 0.123183 0.003861 0.143753
1 0 0.169960 0.387118 0.216847 0.002902 0.223173
0 0 0.382816 0.356954 0.090460 0.003001 0.166769
1 0 0.244105 0.407134 0.164919 0.006763 0.177080
1 0 0.265167 0.370145 0.137918 0.003051 0.223719
0 0 0.392205 0.389953 0.096605 0.003796 0.117440
2 0 0.059019 0.361368 0.430702 0.007360 0.141551
1 1 0.083643 0.384663 0.364656 0.006646 0.160391
2 1 0.035092 0.306497 0.508442 0.006369 0.143600
2 1 0.030526 0.289000 0.523286 0.005844 0.151344
2 1 0.042981 0.323050 0.471745 0.008288 0.153935
4 1 0.117073 0.321416 0.231989 0.002582 0.326939
4 1 0.138302 0.281053 0.168771 0.001280 0.410594
1 1 0.093747 0.379397 0.334018 0.004838 0.187999
4 4 0.071761 0.195567 0.164596 0.004662 0.563415
4 4 0.161983 0.144217 0.051271 0.001717 0.640813
4 4 0.081213 0.122500 0.070542 0.003098 0.722646
4 4 0.094968 0.037515 0.009202 0.000041 0.858275
4 4 0.064762 0.074984 0.039097 0.000560 0.820597
4 4 0.082785 0.150518 0.097344 0.002489 0.666865
