0 0 0.488097 0.132437 0.013009 0.000409 0.366048
0 0 0.668453 0.096320 0.007236 0.000458 0.227534
0 0 0.832113 0.043062 0.002868 0.000183 0.121774
0 0 0.765169 0.066646 0.004738 0.000343 0.163104
1 1 0.302999 0.331894 0.070275 0.023066 0.271766
0 1 0.764012 0.090580 0.018169 0.004440 0.122799
0 4 0.833957 0.048073 0.004396 0.000407 0.113168
0 4 0.704275 0.114395 0.019369 0.004033 0.157928
0 4 0.790724 0.068578 0.007871 0.000985 0.131841
1 4 0.161524 0.368203 0.161104 0.130671 0.178498
1 4 0.195676 0.373074 0.136764 0.088974 0.205512
1 4 0.121345 0.371506 0.200561 0.104053 0.202535
1 1 0.099381 0.368081 0.227584 0.088484 0.216469
1 1 0.072211 0.355782 0.269578 0.068020 0.234408
2 2 0.050420 0.283898 0.451457 0.055654 0.158571
1 2 0.108063 0.369995 0.216314 0.094733 0.210895
1 2 0.092738 0.339395 0.308814 0.061822 0.197232
1 2 0.111488 0.360621 0.234218 0.107101 0.186571
2 2 0.061876 0.306570 0.392038 0.084158 0.155357
1 2 0.057878 0.357027 0.280585 0.106854 0.197655
1 2 0.094549 0.347321 0.282539 0.093470 0.182120
1 2 0.087477 0.364024 0.244556 0.079697 0.224246
1 3 0.094919 0.366770 0.233723 0.085221 0.219367
1 3 0.062970 0.346660 0.274630 0.041628 0.274111
4 3 0.059491 0.319300 0.222822 0.011967 0.386420
1 3 0.066652 0.351461 0.275593 0.054579 0.251715
4 3 0.058170 0.321844 0.232583 0.013605 0.373797
4 2 0.047465 0.314127 0.298165 0.018183 0.322061
4 2 0.061398 0.314427 0.207737 0.009703 0.406735
4 2 0.058768 0.301119 0.193020 0.006655 0.440438
2 1 0.022878 0.270115 0.435497 0.024480 0.247031
2 1 0.031229 0.294493 0.332157 0.016523 0.325598
4 1 0.031782 0.264033 0.239826 0.004147 0.460212
4 1 0.025998 0.267357 0.300022 0.006758 0.399864
1 1 0.051224 0.331232 0.289202 0.028912 0.299431
2 1 0.024994 0.280508 0.385413 0.019270 0.289814
4 1 0.024370 0.239177 0.238198 0.002456 0.495800
4 1 0.025790 0.265912 0.297876 0.006447 0.403976
4 1 0.023692 0.251946 0.279376 0.004197 0.440789
2 1 0.028200 0.275770 0.452331 0.037153 0.206547
1 1 0.051202 0.336374 0.312861 0.051049 0.248515
2 1 0.024731 0.285802 0.397517 0.027566 0.264385
2 2 0.029265 0.277541 0.450381 0.038627 0.204186
1 2 0.068793 0.353359 0.275808 0.065335 0.236704
2 2 0.038037 0.253889 0.515074 0.065409 0.127592
2 2 0.056328 0.331080 0.335800 0.061759 0.215032
1 2 0.050761 0.347650 0.306497 0.085599 0.209493
1 2 0.042549 0.340587 0.324722 0.079561 0.212580
2 3 0.043038 0.333672 0.334088 0.121666 0.167536
2 3 0.020114 0.257226 0.490286 0.122154 0.110221
2 3 0.011388 0.186832 0.602203 0.137726 0.061851
2 3 0.021159 0.251868 0.454102 0.184415 0.088456
2 3 0.009022 0.091405 0.573373 0.304087 0.022112
2 3 0.003577 0.090147 0.764161 0.118389 0.023726
2 3 0.003335 0.118158 0.726534 0.114484 0.037488
2 3 0.005681 0.057157 0.697175 0.229362 0.010625
2 3 0.003269 0.041751 0.639329 0.308878 0.006773
2 3 0.002059 0.028761 0.658392 0.306668 0.004120
3 3 0.009554 0.031516 0.223342 0.730694 0.004895
3 3 0.026133 0.135160 0.381291 0.417483 0.039933
3 3 0.006967 0.011621 0.081774 0.898197 0.001440
3 3 0.008216 0.022016 0.133711 0.833282 0.002776
3 3 0.009066 0.017033 0.058660 0.912386 0.002855
3 3 0.003724 0.006738 0.034608 0.954011 0.000919
3 3 0.004833 0.008067 0.038800 0.947138 0.001162
3 3 0.004036 0.006873 0.035275 0.952864 0.000951
3 3 0.005342 0.008720 0.040694 0.943961 0.001283
3 3 0.002534 0.006741 0.046252 0.943729 0.000744
3 3 0.005026 0.007595 0.037934 0.948348 0.001097
3 3 0.004219 0.004471 0.029148 0.961553 0.000609
3 3 0.002464 0.003390 0.024000 0.969730 0.000415
3 3 0.002430 0.002888 0.022258 0.972074 0.000350
3 3 0.003412 0.004054 0.027138 0.964868 0.000529
3 3 0.003605 0.003945 0.026988 0.964943 0.000519
3 3 0.005389 0.005030 0.031714 0.957149 0.000718
3 3 0.003972 0.004480 0.028957 0.961988 0.000604
3 3 0.004019 0.003866 0.027106 0.964491 0.000518
3 3 0.002260 0.002835 0.021869 0.972696 0.000339
3 3 0.004129 0.003655 0.026507 0.965218 0.000490
3 3 0.002715 0.001921 0.018708 0.976424 0.000232
3 3 0.002677 0.003962 0.026049 0.966815 0.000496
3 3 0.002412 0.002352 0.020229 0.974726 0.000281
3 3 0.002219 0.002804 0.021707 0.972936 0.000334
3 3 0.004145 0.004761 0.029932 0.960514 0.000648
3 3 0.003765 0.002825 0.023279 0.969762 0.000368
3 3 0.002157 0.001820 0.017724 0.978088 0.000211
3 3 0.002204 0.001999 0.018559 0.977004 0.000233
3 3 0.002109 0.001732 0.017276 0.978683 0.000199
3 3 0.002308 0.002004 0.018689 0.976763 0.000236
3 3 0.001531 0.001034 0.013073 0.984252 0.000110
3 3 0.004368 0.003592 0.026482 0.965071 0.000486
3 3 0.004626 0.002835 0.023927 0.968230 0.000382
3 3 0.003905 0.003049 0.024221 0.968424 0.000401
3 3 0.003310 0.002343 0.021016 0.973036 0.000295
3 3 0.006549 0.004353 0.030413 0.958048 0.000637
3 3 0.004200 0.003165 0.024865 0.967347 0.000422
3 3 0.002627 0.002169 0.019701 0.975241 0.000262
3 3 0.005418 0.002728 0.023972 0.967506 0.000377
3 3 0.003310 0.002365 0.021105 0.972922 0.000298
3 3 0.006622 0.003799 0.028612 0.960415 0.000553
3 3 0.007977 0.004486 0.031592 0.955266 0.000680
3 3 0.005214 0.003576 0.027015 0.963697 0.000498
3 3 0.004329 0.002875 0.023879 0.968534 0.000383
3 3 0.009998 0.003840 0.030249 0.955314 0.000599
3 3 0.009081 0.006255 0.037356 0.946321 0.000987
3 3 0.018590 0.007313 0.043711 0.929070 0.001316
3 3 0.001828 0.001119 0.013868 0.983062 0.000123
3 3 0.003516 0.003608 0.025823 0.966582 0.000471
3 3 0.006156 0.007947 0.039706 0.945000 0.001191
3 3 0.007071 0.008354 0.041314 0.941975 0.001286
3 3 0.017273 0.041855 0.093578 0.838963 0.008332
3 3 0.007078 0.018138 0.058539 0.913319 0.002926
3 3 0.019116 0.031464 0.083824 0.859353 0.006243
3 3 0.011374 0.017302 0.060702 0.907605 0.003017
3 3 0.012000 0.030548 0.088389 0.863765 0.005298
3 3 0.007629 0.039257 0.273600 0.674282 0.005232
3 3 0.013361 0.022397 0.069690 0.890479 0.004073
3 3 0.026330 0.078953 0.143342 0.734441 0.016933
3 3 0.029337 0.125332 0.242532 0.577960 0.024839
3 3 0.011689 0.029719 0.077236 0.875960 0.005396
3 3 0.007164 0.095338 0.391722 0.488278 0.017498
3 3 0.009045 0.027913 0.105746 0.853182 0.004115
3 3 0.005859 0.061005 0.354304 0.568622 0.010210
3 3 0.006003 0.027331 0.189330 0.773385 0.003950
3 3 0.004802 0.032139 0.434373 0.525347 0.003338
3 3 0.003915 0.014663 0.178297 0.801666 0.001459
2 3 0.002108 0.069698 0.805775 0.107885 0.014533
2 3 0.001486 0.016155 0.567286 0.413631 0.001442
3 3 0.004294 0.023260 0.282125 0.687778 0.002543
3 3 0.005404 0.027170 0.185058 0.778147 0.004220
3 3 0.002908 0.016190 0.272902 0.706463 0.001536
2 3 0.002339 0.038838 0.552400 0.401619 0.004804
3 3 0.001686 0.013155 0.362748 0.621188 0.001222
3 3 0.002828 0.009966 0.116130 0.870242 0.000834
3 3 0.002452 0.025702 0.403131 0.565442 0.003272
3 3 0.005056 0.024656 0.259402 0.708274 0.002612
3 3 0.004924 0.013644 0.064754 0.914873 0.001805
3 3 0.005888 0.011756 0.070134 0.910716 0.001505
3 3 0.001508 0.004559 0.108415 0.885210 0.000308
3 3 0.010002 0.036308 0.110009 0.837361 0.006320
3 3 0.002541 0.013870 0.227879 0.754494 0.001216
2 3 0.004288 0.071976 0.522964 0.388666 0.012106
3 3 0.008763 0.039008 0.181364 0.765472 0.005393
3 3 0.003534 0.030419 0.378928 0.583918 0.003202
3 3 0.005085 0.016562 0.133439 0.843216 0.001698
3 3 0.010339 0.025620 0.113802 0.846560 0.003680
3 3 0.001354 0.019092 0.446977 0.530885 0.001692
2 3 0.006228 0.056569 0.555382 0.372876 0.008946
3 3 0.001993 0.018443 0.476464 0.501145 0.001955
2 3 0.002313 0.028997 0.672943 0.292232 0.003515
3 3 0.011329 0.038872 0.325386 0.618860 0.005553
2 3 0.005142 0.046665 0.487750 0.452686 0.007758
3 3 0.008635 0.045754 0.241696 0.697229 0.006686
3 3 0.004137 0.034112 0.451924 0.505449 0.004378
3 3 0.005124 0.052104 0.458802 0.476650 0.007319
3 3 0.005606 0.046584 0.427746 0.512846 0.007218
2 3 0.007915 0.077944 0.696769 0.202152 0.015220
2 3 0.002670 0.064030 0.663852 0.257917 0.011532
3 3 0.002979 0.017048 0.439009 0.539319 0.001644
3 3 0.007393 0.042354 0.346271 0.597733 0.006249
2 3 0.005726 0.031014 0.569137 0.390177 0.003946
3 3 0.003598 0.018284 0.283885 0.692365 0.001869
3 3 0.005906 0.035215 0.319562 0.634314 0.005004
3 3 0.012008 0.053674 0.279663 0.646007 0.008648
3 3 0.016816 0.100116 0.338686 0.526773 0.017609
2 3 0.030371 0.207646 0.503011 0.203937 0.055036
2 3 0.018082 0.235382 0.489899 0.175681 0.080957
2 3 0.018765 0.188334 0.546372 0.196503 0.050026
2 3 0.005440 0.053587 0.525248 0.407403 0.008323
2 3 0.006383 0.089400 0.700629 0.182854 0.020733
2 3 0.004905 0.064259 0.713115 0.206626 0.011095
2 3 0.008664 0.141707 0.652112 0.161575 0.035942
2 3 0.015743 0.187458 0.581180 0.160207 0.055411
2 3 0.012772 0.191921 0.586487 0.146587 0.062232
2 2 0.025160 0.233073 0.548248 0.096765 0.096754
2 2 0.014589 0.177603 0.646515 0.099229 0.062064
2 2 0.032981 0.236043 0.522691 0.122531 0.085754
2 2 0.023631 0.262040 0.476568 0.128891 0.108871
2 2 0.027129 0.211406 0.578366 0.107546 0.075553
2 2 0.069823 0.284366 0.418919 0.111395 0.115496
2 2 0.035381 0.291255 0.430182 0.105435 0.137746
1 2 0.042286 0.342846 0.319258 0.106356 0.189254
1 2 0.056452 0.335679 0.329496 0.071522 0.206852
2 2 0.058563 0.318499 0.368452 0.072138 0.182347
2 2 0.056142 0.316277 0.374195 0.069508 0.183878
2 2 0.063226 0.312871 0.369463 0.111718 0.142722
1 2 0.074080 0.357009 0.266280 0.069476 0.233155
1 2 0.072721 0.338815 0.315256 0.080537 0.192671
1 2 0.076134 0.352232 0.280177 0.075652 0.215805
2 2 0.040571 0.333643 0.335366 0.064284 0.226135
2 2 0.042339 0.323067 0.361339 0.109287 0.163967
2 2 0.046159 0.257101 0.500293 0.081449 0.114998
1 2 0.083436 0.362548 0.250413 0.077873 0.225731
2 2 0.045929 0.329067 0.334287 0.051487 0.239230
2 2 0.030167 0.288570 0.443223 0.062601 0.175439
2 2 0.015755 0.241600 0.491906 0.158097 0.092642
2 2 0.037646 0.315748 0.382786 0.072588 0.191232
1 2 0.050175 0.352645 0.291122 0.118734 0.187325
2 2 0.032132 0.332762 0.343423 0.107430 0.184253
2 2 0.035839 0.268792 0.455762 0.134316 0.105290
2 2 0.067106 0.325878 0.347844 0.080845 0.178327
2 2 0.060967 0.292632 0.419074 0.090686 0.136641
1 2 0.062205 0.347964 0.288610 0.060082 0.241139
1 2 0.069597 0.353951 0.274319 0.065969 0.236164
2 2 0.027585 0.296606 0.383013 0.171262 0.121533
2 2 0.025358 0.265900 0.492498 0.078809 0.137436
2 3 0.027084 0.313275 0.358140 0.161516 0.139985
2 3 0.011995 0.173096 0.660331 0.091246 0.063332
2 3 0.012619 0.197691 0.620421 0.086429 0.082840
2 3 0.046368 0.299127 0.415113 0.061641 0.177751
1 2 0.080676 0.342798 0.301146 0.088242 0.187138
1 2 0.094680 0.336191 0.299707 0.110524 0.158898
1 2 0.076293 0.331455 0.328985 0.090335 0.172932
2 2 0.007434 0.123103 0.748585 0.082003 0.038874
2 3 0.019844 0.175161 0.675218 0.055278 0.074500
2 3 0.025444 0.189139 0.644744 0.062083 0.078590
1 3 0.079800 0.345925 0.294602 0.084875 0.194798
2 1 0.068791 0.318411 0.362210 0.087958 0.162630
1 1 0.096720 0.367328 0.231216 0.086542 0.218195
1 1 0.071677 0.355419 0.270535 0.067602 0.234767
1 1 0.081326 0.361165 0.254140 0.075051 0.228318
1 1 0.081455 0.359626 0.258609 0.076465 0.223845
1 1 0.052923 0.345516 0.309882 0.102881 0.188798
1 2 0.073344 0.356534 0.267571 0.068903 0.233649
1 2 0.079735 0.357997 0.263538 0.075709 0.223021
2 2 0.063454 0.315631 0.372316 0.081429 0.167170
1 2 0.069975 0.341459 0.309761 0.075055 0.203750
1 2 0.096514 0.367266 0.231500 0.086391 0.218329
1 2 0.105875 0.360919 0.239347 0.101576 0.192284
1 2 0.092240 0.365865 0.237533 0.083244 0.221117
1 2 0.111959 0.370604 0.211519 0.097496 0.208421
1 2 0.078836 0.359839 0.258202 0.073148 0.229976
2 2 0.029421 0.204786 0.619703 0.051813 0.094276
2 2 0.054370 0.289079 0.433031 0.080915 0.142605
1 2 0.108517 0.337062 0.279734 0.125461 0.149226
1 2 0.076610 0.358564 0.261929 0.071435 0.231462
2 2 0.067547 0.329695 0.339025 0.079140 0.184593
2 2 0.045532 0.319700 0.367029 0.061090 0.206649
1 2 0.062973 0.333153 0.331927 0.070405 0.201542
2 2 0.015328 0.209033 0.536306 0.172858 0.066475
2 3 0.008290 0.155818 0.550594 0.241677 0.043621
2 3 0.024829 0.225196 0.547745 0.119444 0.082786
2 3 0.011529 0.150994 0.650471 0.146818 0.040188
2 3 0.002692 0.067314 0.846450 0.067459 0.016085
2 3 0.018314 0.200438 0.610859 0.092906 0.077484
2 3 0.005557 0.104972 0.766381 0.091262 0.031829
2 3 0.027457 0.187130 0.589489 0.143021 0.052902
2 3 0.037106 0.232143 0.555544 0.073120 0.102087
2 3 0.059484 0.293897 0.418573 0.087363 0.140681
2 2 0.067366 0.312358 0.375449 0.089500 0.155327
2 2 0.078681 0.305470 0.372639 0.111505 0.131704
2 2 0.070498 0.319782 0.364548 0.061463 0.183708
1 2 0.085711 0.355129 0.268946 0.085085 0.205129
1 2 0.051985 0.337324 0.310994 0.051704 0.247993
2 2 0.010574 0.169122 0.629536 0.130867 0.059901
2 2 0.006691 0.127883 0.687641 0.144630 0.033155
2 3 0.002201 0.042868 0.773821 0.173698 0.007413
2 3 0.004956 0.108263 0.764140 0.092285 0.030356
2 3 0.002893 0.059287 0.876124 0.046881 0.014815
2 3 0.002875 0.046546 0.830313 0.111595 0.008670
2 3 0.005977 0.110004 0.705308 0.153673 0.025039
2 3 0.002276 0.044209 0.876975 0.067563 0.008977
2 3 0.010910 0.129871 0.632143 0.196626 0.030449
2 3 0.001263 0.021521 0.842448 0.131778 0.002991
2 3 0.002907 0.045050 0.826751 0.116990 0.008302
2 3 0.001557 0.048905 0.887009 0.050965 0.011564
2 3 0.011684 0.179179 0.584078 0.173353 0.051706
2 3 0.014184 0.163005 0.649370 0.125520 0.047921
2 2 0.055933 0.287053 0.435151 0.084853 0.137010
2 2 0.062391 0.245346 0.484957 0.123781 0.083526
1 2 0.048974 0.332587 0.311727 0.041316 0.265396
1 2 0.103986 0.363835 0.197302 0.034102 0.300775
1 2 0.114524 0.370928 0.208444 0.099302 0.206803
1 2 0.044154 0.325523 0.322956 0.037177 0.270190
2 2 0.043049 0.325078 0.333896 0.044117 0.253860
1 2 0.052269 0.337663 0.310323 0.051940 0.247804
2 3 0.028580 0.328476 0.342302 0.135429 0.165213
2 3 0.017872 0.270807 0.434065 0.135249 0.142007
2 3 0.027496 0.300546 0.359325 0.024829 0.287804
2 2 0.025985 0.282008 0.353077 0.014811 0.324119
2 2 0.010894 0.209188 0.513938 0.009006 0.256973
4 2 0.026290 0.264862 0.289145 0.005913 0.413790
4 2 0.017302 0.223767 0.276390 0.002258 0.480283
4 4 0.020991 0.223849 0.231580 0.001710 0.521870
4 4 0.021752 0.192063 0.156602 0.000552 0.629031
4 4 0.019750 0.195633 0.177540 0.000675 0.606403
4 4 0.019470 0.176745 0.142599 0.000357 0.660829
4 4 0.019966 0.196024 0.176692 0.000677 0.606641
4 4 0.045580 0.270551 0.184731 0.003376 0.495762
4 4 0.018152 0.155918 0.114446 0.000181 0.711303
4 4 0.021013 0.213998 0.207558 0.001200 0.556232
4 4 0.041030 0.255736 0.176669 0.002385 0.524180
4 4 0.027556 0.251745 0.242123 0.003267 0.475308
4 4 0.027748 0.259176 0.259217 0.004261 0.449598
2 2 0.024638 0.275868 0.348405 0.012195 0.338894
4 2 0.036427 0.293796 0.280964 0.010419 0.378394
4 2 0.050249 0.311511 0.243371 0.011624 0.383244
2 2 0.026854 0.289160 0.372266 0.022010 0.289711
4 2 0.040172 0.303829 0.281274 0.013116 0.361609
2 2 0.029128 0.317121 0.373506 0.060212 0.220033
1 3 0.035607 0.336792 0.335316 0.101080 0.191206
1 3 0.044144 0.341415 0.321628 0.076944 0.215869
1 3 0.035236 0.338209 0.322745 0.131260 0.172550
2 3 0.035333 0.332873 0.335912 0.127093 0.168789
1 3 0.067770 0.340450 0.312719 0.072685 0.206377
1 2 0.101250 0.361906 0.241407 0.096139 0.199299
1 1 0.080226 0.360777 0.254840 0.070195 0.233962
0 1 0.407135 0.239887 0.027137 0.003649 0.322192
4 4 0.078180 0.335512 0.204543 0.015367 0.366399
1 4 0.091096 0.365451 0.239190 0.082397 0.221866
1 4 0.053957 0.337542 0.294188 0.038371 0.275942
1 4 0.053615 0.339235 0.307183 0.053060 0.246906
1 2 0.046462 0.347198 0.309486 0.094067 0.202787
2 2 0.026400 0.321089 0.371908 0.090717 0.189886
2 3 0.015173 0.247172 0.487460 0.146231 0.103963
2 3 0.021536 0.217370 0.435397 0.251623 0.074074
2 2 0.022249 0.245947 0.512625 0.118806 0.100373
2 2 0.059959 0.318487 0.368026 0.074331 0.179198
1 2 0.082157 0.339847 0.306329 0.092257 0.179410
1 2 0.066147 0.338115 0.318941 0.071906 0.204891
1 1 0.066907 0.343047 0.305757 0.069816 0.214473
1 1 0.067566 0.352183 0.273723 0.054830 0.251697
2 1 0.050448 0.306037 0.398253 0.091548 0.153714
1 1 0.058242 0.349773 0.293136 0.069995 0.228854
1 1 0.087327 0.349065 0.282048 0.091740 0.189821
2 1 0.051750 0.298518 0.415753 0.071364 0.162614
1 2 0.055879 0.355015 0.287185 0.099688 0.202234
2 2 0.023078 0.306534 0.387194 0.135782 0.147412
1 3 0.049845 0.351328 0.297743 0.104356 0.196728
2 3 0.065064 0.330729 0.337699 0.091843 0.174665
1 3 0.077264 0.331881 0.327237 0.091375 0.172242
2 3 0.051088 0.305412 0.401361 0.076991 0.165148
2 3 0.057674 0.320032 0.363907 0.096605 0.161782
2 3 0.042812 0.285366 0.447146 0.079151 0.145525
1 3 0.087910 0.335545 0.311180 0.098463 0.166903
1 2 0.110316 0.349778 0.273233 0.076874 0.189798
1 2 0.138951 0.373375 0.182039 0.105314 0.200320
1 2 0.130415 0.376116 0.186953 0.071460 0.235055
4 2 0.184083 0.313520 0.084460 0.006853 0.411083
1 2 0.091958 0.366386 0.231552 0.059831 0.250273
1 2 0.078880 0.330940 0.321634 0.038483 0.230062
1 2 0.141344 0.376317 0.172226 0.057661 0.252452
1 2 0.112232 0.361637 0.180734 0.028196 0.317201
1 0 0.189625 0.373021 0.141046 0.095370 0.200938
1 0 0.244541 0.362820 0.104830 0.049820 0.237990
0 0 0.733006 0.101154 0.016922 0.003416 0.145502
0 0 0.817162 0.061349 0.008298 0.001233 0.111958
0 0 0.821925 0.060357 0.008607 0.001355 0.107755
0 0 0.460509 0.232666 0.036160 0.007691 0.262974
0 0 0.639689 0.134187 0.016299 0.002386 0.207439
4 0 0.298576 0.220943 0.038523 0.001659 0.440299
4 0 0.208032 0.240272 0.045780 0.001412 0.504503
1 0 0.147328 0.376320 0.166260 0.056009 0.254083
4 1 0.122375 0.328053 0.129163 0.009202 0.411208
1 1 0.069296 0.345327 0.243642 0.027534 0.314201
1 1 0.067221 0.345432 0.251569 0.029911 0.305867
4 1 0.052627 0.293168 0.198756 0.005830 0.449619
2 1 0.039444 0.303227 0.347701 0.021720 0.287907
1 1 0.058728 0.355076 0.285710 0.089078 0.211408
1 1 0.093732 0.367209 0.233042 0.072496 0.233521
1 2 0.057134 0.340235 0.308733 0.057682 0.236215
2 2 0.040093 0.320250 0.342366 0.041546 0.255744
1 2 0.062737 0.348438 0.287534 0.060510 0.240781
4 4 0.097962 0.340413 0.170711 0.014432 0.376483
1 4 0.055780 0.341639 0.302275 0.054849 0.245457
1 2 0.055030 0.349611 0.297591 0.075765 0.222003
2 2 0.019889 0.302829 0.365596 0.174386 0.137300
2 3 0.043317 0.302929 0.385376 0.140148 0.128230
2 3 0.014346 0.193001 0.601575 0.120771 0.070306
2 3 0.006492 0.097487 0.804338 0.061943 0.029739
2 3 0.012071 0.170083 0.597041 0.164948 0.055857
2 3 0.006627 0.134419 0.735502 0.076492 0.046959
2 3 0.006191 0.106022 0.798663 0.053210 0.035914
2 3 0.007442 0.081107 0.771358 0.123916 0.016178
2 3 0.002315 0.050284 0.875989 0.059531 0.011881
2 3 0.002866 0.068404 0.864502 0.044492 0.019736
2 3 0.056437 0.287677 0.430126 0.095072 0.130688
2 3 0.063723 0.286495 0.425632 0.099232 0.124918
2 2 0.065129 0.306762 0.388440 0.089336 0.150334
1 2 0.079272 0.360079 0.257482 0.073482 0.229685
1 2 0.073458 0.338220 0.296345 0.142411 0.149566
2 2 0.072114 0.324025 0.347896 0.089328 0.166637
2 2 0.049254 0.284604 0.446199 0.073798 0.146145
2 2 0.053085 0.301836 0.407958 0.071988 0.165133
1 2 0.087493 0.353760 0.210733 0.026738 0.321277
2 2 0.032034 0.273701 0.467394 0.044215 0.182656
1 2 0.065013 0.349002 0.287486 0.063279 0.235221
1 2 0.051297 0.336072 0.309184 0.046363 0.257083
1 2 0.066164 0.343614 0.304070 0.068424 0.217729
1 2 0.073624 0.356715 0.267079 0.069121 0.233461
1 2 0.046513 0.322053 0.290704 0.022494 0.318236
2 2 0.063082 0.325324 0.351074 0.075194 0.185325
1 2 0.095953 0.367095 0.232278 0.085980 0.218693
1 2 0.047187 0.331150 0.322832 0.047663 0.251168
1 2 0.066929 0.351934 0.279319 0.063860 0.237958
1 2 0.055304 0.341123 0.303339 0.054457 0.245776
2 2 0.027830 0.257722 0.502798 0.042132 0.169518
1 2 0.047789 0.329852 0.328826 0.049286 0.244248
2 2 0.038123 0.316403 0.370368 0.124303 0.150803
1 2 0.064786 0.336040 0.324407 0.071266 0.203501
1 2 0.093393 0.351768 0.274173 0.087381 0.193284
1 2 0.064454 0.338163 0.244366 0.022518 0.330498
1 2 0.099575 0.368133 0.227324 0.088625 0.216344
1 2 0.068474 0.359364 0.269823 0.085996 0.216344
1 2 0.123046 0.371589 0.198659 0.105226 0.201480
2 2 0.051318 0.326807 0.344164 0.056381 0.221330
1 2 0.067613 0.352466 0.278021 0.064402 0.237498
2 2 0.038040 0.289143 0.435090 0.050929 0.186798
1 1 0.053083 0.335889 0.307285 0.043386 0.260356
4 1 0.041862 0.273523 0.204508 0.004032 0.476074
4 1 0.049270 0.314522 0.254851 0.013587 0.367771
1 1 0.078141 0.359450 0.259355 0.072614 0.230440
1 1 0.056831 0.342075 0.294325 0.047021 0.259748
1 1 0.077560 0.358754 0.259758 0.065028 0.238900
4 4 0.066171 0.312228 0.190872 0.008337 0.422392
1 4 0.065511 0.339360 0.243226 0.023045 0.328857
1 4 0.039305 0.326847 0.305445 0.027370 0.301033
1 2 0.043751 0.347218 0.292817 0.147769 0.168446
2 3 0.015660 0.159466 0.403497 0.369054 0.052322
2 3 0.014055 0.214168 0.516828 0.156583 0.098365
2 3 0.003173 0.073582 0.780663 0.127100 0.015481
2 3 0.025387 0.236767 0.550054 0.078522 0.109270
2 3 0.005910 0.108362 0.732081 0.127578 0.026069
2 3 0.059010 0.269925 0.459196 0.100574 0.111294
2 3 0.035504 0.226369 0.566586 0.074451 0.097089
2 3 0.089793 0.266314 0.380164 0.184051 0.079679
2 2 0.075169 0.311175 0.367138 0.105219 0.141300
2 2 0.052171 0.247334 0.531054 0.049519 0.119923
2 2 0.019224 0.248118 0.501411 0.130847 0.100400
2 2 0.012112 0.172699 0.621122 0.142010 0.052058
2 2 0.008110 0.138847 0.580500 0.240327 0.032217
2 3 0.004769 0.124122 0.712630 0.123809 0.034670
2 3 0.001341 0.051843 0.845759 0.089985 0.011073
2 3 0.001133 0.046895 0.876917 0.065324 0.009730
2 3 0.000897 0.035226 0.868147 0.088822 0.006908
2 3 0.000356 0.015600 0.838361 0.143615 0.002068
2 3 0.000223 0.010955 0.927984 0.059378 0.001459
2 3 0.000438 0.011508 0.820197 0.166677 0.001180
2 3 0.001677 0.044719 0.789209 0.155801 0.008594
2 3 0.001996 0.056571 0.776413 0.154260 0.010759
2 3 0.002472 0.029856 0.508853 0.455134 0.003685
2 3 0.001898 0.020943 0.591233 0.383426 0.002500
3 3 0.004333 0.023818 0.309446 0.659789 0.002615
2 3 0.000702 0.015155 0.714357 0.268279 0.001506
3 3 0.001130 0.003746 0.073866 0.920975 0.000283
3 3 0.006250 0.037829 0.268029 0.682177 0.005715
3 3 0.003212 0.012062 0.062591 0.920476 0.001660
3 3 0.001936 0.004353 0.038354 0.954918 0.000439
3 3 0.003719 0.011469 0.056214 0.926840 0.001759
3 3 0.002982 0.006157 0.032306 0.957750 0.000805
3 3 0.005173 0.009187 0.041503 0.942789 0.001349
3 3 0.003843 0.007792 0.037120 0.950168 0.001078
3 3 0.002973 0.004176 0.027038 0.965280 0.000534
3 3 0.004023 0.006132 0.033475 0.955527 0.000843
3 3 0.006116 0.008657 0.041244 0.942681 0.001303
3 3 0.003463 0.005122 0.030262 0.960474 0.000680
3 3 0.003864 0.005372 0.031354 0.958682 0.000728
3 3 0.002666 0.004242 0.026866 0.965692 0.000533
3 3 0.003670 0.004121 0.027596 0.964067 0.000545
3 3 0.003400 0.003678 0.025943 0.966501 0.000478
3 3 0.004487 0.004194 0.028524 0.962220 0.000575
3 3 0.003165 0.003534 0.025245 0.967603 0.000452
3 3 0.003501 0.003941 0.026877 0.965165 0.000516
3 3 0.003602 0.003717 0.026260 0.965933 0.000488
3 3 0.003069 0.002937 0.023100 0.970524 0.000370
3 3 0.003397 0.003890 0.026615 0.965592 0.000507
3 3 0.003749 0.003736 0.026453 0.965568 0.000494
3 3 0.002616 0.003016 0.022918 0.971078 0.000371
3 3 0.003345 0.002269 0.020734 0.973366 0.000286
3 3 0.003555 0.003498 0.025494 0.966998 0.000456
3 3 0.003668 0.003598 0.025928 0.966334 0.000473
3 3 0.002357 0.001624 0.017008 0.978821 0.000190
3 3 0.001379 0.001580 0.015688 0.981184 0.000168
3 3 0.003398 0.002531 0.021847 0.971902 0.000322
3 3 0.003016 0.002840 0.022696 0.971092 0.000356
3 3 0.003108 0.002614 0.021926 0.972024 0.000328
3 3 0.003511 0.002834 0.023111 0.970178 0.000365
3 3 0.002502 0.001830 0.018104 0.977347 0.000217
3 3 0.003215 0.003177 0.024087 0.969116 0.000405
3 3 0.002257 0.001763 0.017566 0.978209 0.000205
3 3 0.002676 0.003315 0.024004 0.969593 0.000411
3 3 0.003084 0.002129 0.019930 0.974594 0.000264
3 3 0.002326 0.002053 0.018914 0.976466 0.000242
3 3 0.003131 0.002296 0.020677 0.973610 0.000286
3 3 0.002127 0.001903 0.018061 0.977688 0.000220
3 3 0.004010 0.002107 0.020501 0.973109 0.000273
3 3 0.002587 0.001976 0.018837 0.976363 0.000237
3 3 0.002080 0.001722 0.017199 0.978801 0.000198
3 3 0.002758 0.001930 0.018785 0.976293 0.000234
3 3 0.001724 0.001820 0.017229 0.979024 0.000203
3 3 0.002721 0.001407 0.016208 0.979497 0.000167
3 3 0.002300 0.002042 0.018842 0.976576 0.000240
3 3 0.002414 0.002044 0.018966 0.976333 0.000243
3 3 0.002030 0.001536 0.016265 0.979994 0.000174
3 3 0.003257 0.002626 0.022104 0.971680 0.000332
3 3 0.003571 0.002262 0.020876 0.973003 0.000288
3 3 0.002910 0.002060 0.019488 0.975290 0.000252
3 3 0.004566 0.003360 0.025826 0.965792 0.000456
3 3 0.002520 0.002227 0.019838 0.975147 0.000268
3 3 0.001653 0.001651 0.016384 0.980131 0.000182
3 3 0.003075 0.001952 0.019141 0.975592 0.000241
3 3 0.002120 0.001554 0.016439 0.979709 0.000178
3 3 0.003586 0.001703 0.018325 0.976173 0.000214
3 3 0.002389 0.001808 0.017898 0.977692 0.000213
3 3 0.001647 0.001340 0.014872 0.981995 0.000146
3 3 0.003062 0.001695 0.017929 0.977107 0.000207
3 3 0.004520 0.003391 0.025901 0.965728 0.000460
3 3 0.003233 0.001908 0.019065 0.975556 0.000237
3 3 0.001830 0.001764 0.017109 0.979100 0.000198
3 3 0.003139 0.002109 0.019888 0.974602 0.000262
3 3 0.002596 0.001623 0.017212 0.978375 0.000193
3 3 0.002283 0.001653 0.017076 0.978796 0.000192
3 3 0.004466 0.003142 0.024973 0.966995 0.000423
3 3 0.003462 0.002033 0.019797 0.974451 0.000256
3 3 0.001548 0.001491 0.015500 0.981300 0.000162
3 3 0.001814 0.001473 0.015729 0.980820 0.000164
3 3 0.001784 0.001701 0.016774 0.979550 0.000190
3 3 0.002207 0.002039 0.018730 0.976785 0.000238
3 3 0.001672 0.001426 0.015336 0.981409 0.000156
3 3 0.002859 0.001803 0.018288 0.976830 0.000219
3 3 0.003252 0.002175 0.020262 0.974040 0.000272
3 3 0.002888 0.001734 0.017981 0.977187 0.000210
3 3 0.002844 0.002769 0.022267 0.971777 0.000344
3 3 0.003296 0.003223 0.024322 0.968746 0.000413
3 3 0.002009 0.002495 0.020315 0.974891 0.000290
3 3 0.002707 0.002033 0.019195 0.975820 0.000246
3 3 0.002139 0.001935 0.018212 0.977489 0.000224
3 3 0.005122 0.002888 0.024440 0.967154 0.000396
3 3 0.002813 0.002308 0.020449 0.974146 0.000283
3 3 0.002131 0.001334 0.015332 0.981052 0.000152
3 3 0.003803 0.002955 0.023795 0.969061 0.000386
3 3 0.001446 0.001217 0.013994 0.983213 0.000129
3 3 0.001888 0.001274 0.014782 0.981915 0.000141
3 3 0.002622 0.001904 0.018547 0.976700 0.000228
3 3 0.003094 0.002573 0.021758 0.972251 0.000322
3 3 0.004374 0.002257 0.021395 0.971676 0.000298
3 3 0.002514 0.002598 0.021291 0.973281 0.000315
3 3 0.006086 0.011031 0.045991 0.935209 0.001683
3 3 0.004560 0.007324 0.036866 0.950211 0.001039
3 3 0.006989 0.011933 0.048465 0.930741 0.001872
3 3 0.010681 0.033401 0.133918 0.816248 0.005753
3 3 0.006945 0.011560 0.047739 0.931948 0.001808
3 3 0.007812 0.018728 0.060092 0.910290 0.003079
3 3 0.003524 0.008765 0.110840 0.876111 0.000760
3 3 0.007425 0.008775 0.042498 0.939937 0.001365
3 3 0.019181 0.035598 0.088413 0.849677 0.007131
3 3 0.009743 0.018695 0.061668 0.906703 0.003191
3 3 0.014209 0.025613 0.074082 0.881335 0.004760
3 3 0.012588 0.034794 0.130393 0.815177 0.007048
3 3 0.005991 0.007141 0.037698 0.948111 0.001059
3 3 0.009084 0.023989 0.082921 0.879593 0.004413
3 3 0.009129 0.015119 0.055670 0.917564 0.002518
3 3 0.008847 0.013717 0.053096 0.922082 0.002259
3 3 0.009001 0.016520 0.115603 0.856835 0.002041
3 3 0.014486 0.045417 0.131196 0.798911 0.009990
3 3 0.007876 0.016200 0.059553 0.913676 0.002694
3 3 0.022911 0.149434 0.287080 0.493208 0.047367
2 1 0.011342 0.207117 0.518285 0.172544 0.090713
2 1 0.020520 0.287086 0.405849 0.139225 0.147320
2 1 0.024091 0.286813 0.440565 0.037224 0.211307
2 1 0.011838 0.220871 0.576186 0.088414 0.102691
2 1 0.019652 0.244814 0.412534 0.213128 0.109871
2 1 0.041650 0.265951 0.336649 0.236047 0.119703
2 1 0.020976 0.311449 0.389755 0.103961 0.173858
2 1 0.022992 0.301841 0.397481 0.045122 0.232564
2 1 0.017828 0.270870 0.474911 0.100790 0.135602
2 4 0.035387 0.323044 0.326248 0.031391 0.283931
1 4 0.064177 0.338678 0.246601 0.023302 0.327242
1 4 0.037432 0.341489 0.326229 0.064174 0.230675
1 4 0.153163 0.332288 0.207514 0.098221 0.208814
4 4 0.038741 0.202509 0.108442 0.000532 0.649777
2 4 0.030476 0.292482 0.333553 0.015924 0.327565
4 4 0.034321 0.244342 0.185025 0.001983 0.534329
4 4 0.019701 0.202988 0.193891 0.000873 0.582547
4 4 0.034838 0.206866 0.124298 0.000639 0.633359
4 4 0.016630 0.133162 0.087226 0.000081 0.762901
4 4 0.015687 0.143695 0.108094 0.000125 0.732398
4 4 0.025271 0.215158 0.178832 0.001041 0.579699
4 4 0.023056 0.189252 0.144104 0.000482 0.643106
4 4 0.032700 0.151662 0.066170 0.000119 0.749349
4 4 0.031580 0.222931 0.160254 0.001104 0.584131
4 4 0.033589 0.224862 0.155081 0.001117 0.585350
4 4 0.045038 0.300615 0.244436 0.009209 0.400702
4 4 0.036317 0.286267 0.262053 0.007674 0.407688
4 4 0.044451 0.306784 0.256516 0.011422 0.380826
4 4 0.052482 0.304130 0.190362 0.006504 0.446521
2 2 0.030398 0.333892 0.341945 0.054692 0.239072
1 2 0.034381 0.326989 0.316461 0.029628 0.292542
4 2 0.044750 0.315912 0.284166 0.017990 0.337183
1 2 0.091666 0.355100 0.204326 0.026550 0.322358
4 2 0.037185 0.276132 0.233046 0.005090 0.448547
4 2 0.047839 0.290676 0.207743 0.005802 0.447941
4 2 0.038079 0.260263 0.196732 0.002939 0.501987
4 4 0.047294 0.324468 0.257831 0.016536 0.353871
4 2 0.046838 0.319145 0.272815 0.017384 0.343818
4 2 0.057956 0.304067 0.200341 0.007403 0.430232
2 2 0.043025 0.325622 0.333822 0.044899 0.252631
1 2 0.054189 0.338368 0.296141 0.040893 0.270410
1 2 0.092827 0.366071 0.236690 0.083679 0.220733
1 2 0.102883 0.368950 0.222936 0.091020 0.214211
2 2 0.035882 0.322943 0.352539 0.052745 0.235891
2 2 0.018063 0.232655 0.551139 0.095969 0.102173
2 2 0.005217 0.183262 0.550383 0.198776 0.062362
2 2 0.014533 0.259672 0.462982 0.155743 0.107069
2 2 0.031567 0.284294 0.452093 0.085850 0.146196
2 2 0.032773 0.320239 0.373667 0.076888 0.196433
2 2 0.047691 0.311242 0.384957 0.058250 0.197860
2 2 0.037193 0.258892 0.505477 0.061461 0.136977
1 2 0.043507 0.331843 0.331818 0.055330 0.237502
2 2 0.031933 0.304279 0.368857 0.034263 0.260667
2 2 0.017563 0.246518 0.515535 0.113434 0.106951
2 2 0.026842 0.307609 0.397919 0.107539 0.160092
2 2 0.012643 0.251504 0.516306 0.088291 0.131256
2 2 0.018736 0.262728 0.493189 0.096379 0.128968
2 2 0.030870 0.321533 0.369187 0.103534 0.174877
2 2 0.015721 0.203328 0.537629 0.172780 0.070542
2 2 0.011105 0.198848 0.510291 0.205415 0.074341
2 2 0.028339 0.268388 0.486450 0.055727 0.161095
2 2 0.011301 0.188658 0.632852 0.092199 0.074989
2 2 0.019971 0.235016 0.554602 0.078154 0.112256
2 2 0.015033 0.192836 0.544543 0.187797 0.059791
2 2 0.009218 0.163268 0.681900 0.084267 0.061346
2 2 0.008999 0.144047 0.738806 0.027374 0.080773
2 2 0.012691 0.203671 0.605433 0.093578 0.084626
2 2 0.016217 0.239390 0.534390 0.103628 0.106376
2 2 0.001043 0.036850 0.917787 0.036013 0.008307
2 2 0.004722 0.091788 0.822303 0.052140 0.029047
2 2 0.006378 0.118221 0.766179 0.070688 0.038535
2 2 0.005413 0.098735 0.812568 0.050258 0.033026
2 2 0.009027 0.136278 0.702715 0.112663 0.039318
2 2 0.000871 0.023239 0.868935 0.103673 0.003282
2 2 0.004498 0.085811 0.848051 0.026616 0.035024
2 2 0.005778 0.109442 0.763156 0.091288 0.030337
2 2 0.001798 0.050520 0.899377 0.034588 0.013718
2 2 0.011296 0.155065 0.681621 0.102633 0.049385
2 2 0.036864 0.201494 0.601729 0.088492 0.071420
2 2 0.002634 0.056659 0.561190 0.370168 0.009348
2 2 0.007291 0.151890 0.612172 0.189155 0.039492
2 2 0.014723 0.150275 0.679037 0.113242 0.042723
2 2 0.003961 0.068717 0.630654 0.284684 0.011985
2 2 0.003096 0.077624 0.844103 0.052326 0.022851
2 2 0.001834 0.047690 0.878830 0.059783 0.011864
2 2 0.003334 0.078444 0.838534 0.056988 0.022701
2 2 0.002620 0.069798 0.852255 0.055783 0.019544
2 2 0.001099 0.032026 0.924001 0.035303 0.007571
2 2 0.003871 0.083501 0.822095 0.068146 0.022387
2 2 0.008059 0.105943 0.603648 0.256880 0.025471
2 2 0.012897 0.165835 0.640714 0.131212 0.049342
2 3 0.010719 0.133019 0.595387 0.227393 0.033482
2 3 0.010454 0.156151 0.621141 0.171462 0.040792
2 3 0.007731 0.096545 0.633039 0.245177 0.017508
2 3 0.004130 0.080212 0.763367 0.132376 0.019915
2 3 0.010514 0.163846 0.668323 0.101655 0.055663
2 3 0.003353 0.084547 0.773479 0.118652 0.019969
2 3 0.006769 0.129800 0.703565 0.124382 0.035483
2 3 0.012166 0.160950 0.635216 0.146747 0.044921
2 3 0.007412 0.137832 0.723518 0.085167 0.046071
2 3 0.002220 0.058132 0.844297 0.082825 0.012526
2 3 0.001236 0.022284 0.832766 0.140672 0.003042
2 3 0.003453 0.043871 0.742782 0.202805 0.007090
2 3 0.003432 0.069437 0.805247 0.106645 0.015239
2 3 0.009671 0.121714 0.695171 0.145685 0.027760
2 3 0.010715 0.163579 0.660425 0.112293 0.052987
2 3 0.006656 0.105118 0.669454 0.196906 0.021866
2 3 0.002915 0.062856 0.766348 0.156278 0.011604
2 3 0.002157 0.042001 0.810535 0.138185 0.007122
2 2 0.004439 0.082603 0.798550 0.095948 0.018460
2 2 0.001538 0.040184 0.842631 0.108184 0.007463
2 2 0.007062 0.080102 0.829073 0.064524 0.019238
2 2 0.003530 0.079133 0.789700 0.110568 0.017069
2 2 0.002037 0.053619 0.870252 0.062159 0.011934
2 2 0.002005 0.048210 0.836546 0.104827 0.008412
2 2 0.006124 0.128391 0.727160 0.099383 0.038942
2 2 0.000609 0.017817 0.841186 0.138118 0.002270
2 3 0.002619 0.066738 0.842422 0.072846 0.015375
2 3 0.004178 0.098739 0.776364 0.094668 0.026051
2 3 0.000735 0.030890 0.869921 0.093114 0.005341
2 3 0.005345 0.076999 0.758525 0.143110 0.016020
2 3 0.002966 0.081883 0.768768 0.127708 0.018675
2 3 0.000766 0.023191 0.846877 0.125891 0.003275
2 3 0.007865 0.134251 0.731981 0.081660 0.044243
2 3 0.002000 0.040895 0.755094 0.195712 0.006299
2 3 0.002316 0.032896 0.676766 0.283620 0.004403
2 3 0.002512 0.041356 0.722335 0.226945 0.006853
2 3 0.003133 0.081618 0.786791 0.110343 0.018116
2 3 0.004988 0.069970 0.628150 0.282452 0.014441
2 3 0.003275 0.079708 0.788188 0.111099 0.017731
2 3 0.005043 0.058638 0.529877 0.396483 0.009960
2 3 0.031308 0.174917 0.534594 0.220915 0.038266
3 3 0.002862 0.031687 0.375483 0.586029 0.003939
2 3 0.003385 0.048102 0.725466 0.214638 0.008409
2 3 0.001820 0.036183 0.803770 0.152336 0.005892
2 3 0.017085 0.207139 0.565547 0.140293 0.069936
3 3 0.023944 0.106795 0.392277 0.454305 0.022679
2 3 0.006869 0.109774 0.690703 0.161998 0.030656
2 3 0.007614 0.125778 0.675116 0.155734 0.035758
2 3 0.005750 0.112575 0.688067 0.166869 0.026740
2 3 0.013300 0.145291 0.627278 0.178205 0.035926
2 3 0.067199 0.244152 0.474727 0.135002 0.078921
2 3 0.022835 0.220648 0.570487 0.098273 0.087757
2 2 0.023563 0.229955 0.567571 0.065942 0.112969
2 2 0.038378 0.289002 0.420231 0.130101 0.122287
2 2 0.029577 0.280327 0.448443 0.115745 0.125907
2 2 0.014648 0.203998 0.548074 0.168752 0.064528
2 2 0.010816 0.144396 0.684852 0.119125 0.040811
2 2 0.006283 0.057411 0.568145 0.357452 0.010709
2 3 0.012371 0.179348 0.627779 0.118952 0.061549
2 3 0.013648 0.204862 0.575804 0.133033 0.072653
1 3 0.049523 0.342156 0.316981 0.073123 0.218217
2 3 0.011091 0.181189 0.590978 0.157708 0.059034
2 3 0.004526 0.067742 0.710031 0.203624 0.014077
2 3 0.039225 0.273480 0.473999 0.060894 0.152402
2 3 0.010808 0.123112 0.562044 0.273877 0.030158
1 0 0.271011 0.342166 0.145978 0.045658 0.195187
1 1 0.091522 0.343666 0.289432 0.100902 0.174478
2 1 0.042072 0.302677 0.383647 0.144702 0.126901
2 1 0.020927 0.242334 0.511376 0.130856 0.094506
2 1 0.024013 0.262912 0.462762 0.146801 0.103512
2 1 0.034399 0.223889 0.573439 0.070258 0.098015
2 1 0.024873 0.277487 0.463550 0.097164 0.136926
1 1 0.081858 0.361728 0.249187 0.062231 0.244997
1 1 0.126719 0.371692 0.194631 0.107746 0.199211
4 1 0.053631 0.299382 0.206212 0.006951 0.433823
4 1 0.066985 0.330457 0.219972 0.015240 0.367345
1 1 0.053802 0.330797 0.272906 0.023980 0.318515
4 1 0.042998 0.311050 0.282002 0.015655 0.348296
4 1 0.033861 0.274685 0.250614 0.005552 0.435288
4 2 0.030041 0.256045 0.233552 0.003380 0.476982
4 2 0.033252 0.178668 0.093261 0.000280 0.694538
4 2 0.031521 0.181686 0.101158 0.000316 0.685319
4 4 0.034485 0.181283 0.093434 0.000299 0.690498
4 4 0.035826 0.190445 0.100943 0.000387 0.672399
4 4 0.019597 0.112619 0.053170 0.000033 0.814581
4 4 0.031441 0.110315 0.034617 0.000026 0.823601
0 4 0.749326 0.055645 0.002127 0.000075 0.192827
4 4 0.217065 0.219648 0.033312 0.000794 0.529181
4 4 0.106261 0.247510 0.074689 0.001275 0.570265
4 4 0.053977 0.290670 0.190234 0.005262 0.459855
4 4 0.053979 0.298474 0.203433 0.006703 0.437411
4 4 0.073499 0.303187 0.161886 0.005861 0.455567
4 4 0.091324 0.344113 0.186808 0.017298 0.360456
4 4 0.058001 0.324167 0.238063 0.014974 0.364795
4 4 0.051678 0.167218 0.056280 0.000169 0.724655
4 4 0.043804 0.263874 0.179978 0.002868 0.509475
4 4 0.027524 0.229170 0.192608 0.001515 0.549182
4 4 0.030168 0.225875 0.171861 0.001255 0.570842
4 4 0.021301 0.197241 0.169469 0.000668 0.611321
4 4 0.035293 0.201081 0.115362 0.000535 0.647729
4 4 0.018930 0.127402 0.071228 0.000061 0.782379
4 4 0.038528 0.223115 0.135583 0.000966 0.601808
4 4 0.024050 0.128644 0.059736 0.000059 0.787511
4 4 0.024990 0.146043 0.076063 0.000109 0.752796
4 4 0.042616 0.243007 0.151594 0.001598 0.561185
4 4 0.034437 0.157074 0.068418 0.000140 0.739931
4 4 0.027574 0.163717 0.089906 0.000190 0.718613
4 4 0.046203 0.150762 0.049299 0.000104 0.753631
4 4 0.021407 0.100120 0.038536 0.000019 0.839918
4 4 0.022884 0.081930 0.023926 0.000007 0.871253
4 4 0.118982 0.304896 0.110465 0.005085 0.460572
4 4 0.072070 0.208782 0.069793 0.000507 0.648850
4 4 0.020793 0.105415 0.044014 0.000024 0.829755
4 4 0.035132 0.169166 0.079072 0.000204 0.716425
4 4 0.018689 0.097341 0.040559 0.000017 0.843393
4 4 0.018111 0.066122 0.018461 0.000003 0.897304
4 4 0.023001 0.146973 0.082581 0.000117 0.747328
4 4 0.007948 0.032517 0.008220 0.000000 0.951315
4 4 0.013680 0.073730 0.029131 0.000005 0.883453
4 4 0.033456 0.154732 0.067818 0.000131 0.743863
4 4 0.017473 0.090072 0.036369 0.000012 0.856074
4 4 0.023043 0.092226 0.030518 0.000013 0.854200
4 4 0.040385 0.121511 0.034695 0.000038 0.803371
4 4 0.018720 0.052264 0.011004 0.000001 0.918012
4 4 0.022543 0.080585 0.023393 0.000007 0.873473
4 4 0.019950 0.080689 0.025900 0.000007 0.873454
4 4 0.014022 0.068172 0.024224 0.000004 0.893579
4 4 0.132000 0.304946 0.101814 0.005073 0.456167
4 4 0.084828 0.262657 0.102358 0.001917 0.548240
4 4 0.027383 0.124411 0.050012 0.000048 0.798147
4 4 0.024879 0.107004 0.039251 0.000024 0.828842
4 4 0.041974 0.190591 0.088709 0.000363 0.678363
4 4 0.037326 0.270248 0.219845 0.004146 0.468434
4 4 0.039650 0.210145 0.115564 0.000655 0.633987
4 4 0.044176 0.237236 0.139077 0.001325 0.578185
4 4 0.024865 0.132315 0.061741 0.000067 0.781013
4 4 0.038893 0.265950 0.173968 0.002731 0.518458
4 1 0.033142 0.226444 0.159439 0.001183 0.579792
4 1 0.046682 0.270161 0.180297 0.003265 0.499595
4 1 0.056569 0.209866 0.085926 0.000558 0.647081
1 1 0.117514 0.373015 0.194790 0.053368 0.261313
1 1 0.125776 0.371676 0.195655 0.107101 0.199792
1 1 0.171224 0.375582 0.146958 0.054850 0.251387
1 1 0.088356 0.363153 0.230091 0.046712 0.271688
1 1 0.066930 0.351935 0.279317 0.063861 0.237958
4 1 0.067776 0.338536 0.233584 0.020755 0.339349
1 1 0.115134 0.370996 0.207722 0.099729 0.206419
2 1 0.028327 0.286550 0.337969 0.014341 0.332814
4 1 0.039406 0.251448 0.175713 0.002174 0.531259
4 1 0.050371 0.310958 0.241614 0.011333 0.385723
4 1 0.036532 0.280082 0.245801 0.006014 0.431572
4 1 0.027785 0.274371 0.302185 0.008005 0.387654
4 2 0.030938 0.286260 0.306773 0.010825 0.365204
4 2 0.046721 0.289846 0.214658 0.006005 0.442770
4 2 0.034157 0.286333 0.278144 0.008651 0.392716
4 2 0.034362 0.281049 0.262736 0.006902 0.414952
4 2 0.052585 0.286031 0.186983 0.004692 0.469709
4 2 0.037424 0.267036 0.212851 0.003718 0.478971
1 2 0.091105 0.365444 0.229829 0.053402 0.260219
4 2 0.057664 0.298214 0.191488 0.006203 0.446431
4 2 0.048343 0.262377 0.163075 0.002531 0.523674
4 2 0.039334 0.293144 0.259232 0.008715 0.399575
2 2 0.021784 0.269509 0.485859 0.070854 0.151994
2 2 0.015589 0.271709 0.478362 0.071823 0.162518
2 2 0.017405 0.281490 0.453402 0.099814 0.147889
2 2 0.040618 0.321140 0.340823 0.042006 0.255412
2 2 0.027932 0.288946 0.432643 0.047452 0.203027
2 2 0.014093 0.235653 0.491353 0.164709 0.094192
