0 0 0.994354 0.002162 0.000181 0.000000 0.003304
0 0 0.989603 0.004571 0.000277 0.000001 0.005549
0 0 0.979993 0.010672 0.000263 0.000001 0.009070
0 0 0.992577 0.002673 0.000139 0.000000 0.004611
0 0 0.992393 0.003113 0.000227 0.000000 0.004267
0 0 0.974011 0.014709 0.000270 0.000001 0.011009
0 0 0.985086 0.006942 0.000398 0.000001 0.007573
0 0 0.982779 0.007891 0.000585 0.000002 0.008743
0 0 0.992957 0.002978 0.000159 0.000000 0.003905
0 0 0.955685 0.029571 0.000132 0.000001 0.014610
0 0 0.993941 0.002827 0.000059 0.000000 0.003174
0 0 0.964723 0.021678 0.000224 0.000001 0.013373
0 0 0.860436 0.105822 0.000230 0.000002 0.033510
0 0 0.960936 0.024264 0.000249 0.000001 0.014551
0 0 0.937726 0.042450 0.000213 0.000001 0.019610
0 0 0.878518 0.092728 0.000143 0.000001 0.028610
0 0 0.785721 0.168346 0.000312 0.000004 0.045617
0 0 0.609950 0.309706 0.001256 0.000039 0.079049
0 1 0.499495 0.412643 0.001054 0.000040 0.086768
0 1 0.451048 0.434561 0.003907 0.000250 0.110234
0 1 0.451527 0.434379 0.003858 0.000246 0.109990
0 4 0.443217 0.437405 0.004787 0.000333 0.114258
0 4 0.449248 0.435235 0.004095 0.000267 0.111156
0 4 0.446774 0.436142 0.004366 0.000293 0.112425
0 4 0.452156 0.434140 0.003795 0.000240 0.109669
1 4 0.437023 0.447311 0.004558 0.000285 0.110822
1 4 0.334134 0.536167 0.014443 0.000772 0.114483
0 4 0.451648 0.434334 0.003846 0.000245 0.109928
0 4 0.452692 0.433935 0.003742 0.000235 0.109395
1 4 0.402384 0.424513 0.004632 0.000200 0.168271
4 4 0.021657 0.227721 0.130869 0.002721 0.617033
4 4 0.016990 0.133970 0.047388 0.001268 0.800384
4 4 0.022484 0.298878 0.165882 0.002203 0.510553
4 4 0.016817 0.140539 0.050345 0.001228 0.791071
4 4 0.013896 0.119773 0.033969 0.000699 0.831664
4 4 0.017925 0.138062 0.045561 0.001211 0.797242
4 4 0.012985 0.083014 0.026347 0.000303 0.877351
4 4 0.009417 0.095908 0.026350 0.000416 0.867909
4 4 0.020144 0.055041 0.016981 0.000077 0.907757
4 4 0.016396 0.131372 0.044889 0.001149 0.806194
4 4 0.026199 0.291319 0.222598 0.004753 0.455131
4 4 0.026316 0.285566 0.130604 0.002173 0.555340
4 4 0.023071 0.311173 0.253496 0.004041 0.408219
4 4 0.016027 0.230517 0.291447 0.005692 0.456318
4 4 0.025666 0.351675 0.207763 0.002627 0.412269
4 4 0.018193 0.207946 0.116322 0.002109 0.655430
4 4 0.033396 0.324874 0.185530 0.004078 0.452122
4 4 0.014844 0.256226 0.285249 0.003781 0.439900
4 4 0.034650 0.349264 0.214614 0.004561 0.396911
2 4 0.009873 0.239658 0.503721 0.005347 0.241401
2 4 0.008380 0.175381 0.488663 0.008307 0.319270
2 4 0.002286 0.078957 0.881721 0.013749 0.023289
2 4 0.000027 0.007171 0.984759 0.003592 0.004450
2 4 0.001374 0.059507 0.885211 0.015350 0.038558
2 4 0.000742 0.042983 0.898773 0.014721 0.042780
2 2 0.000387 0.014217 0.954769 0.022810 0.007817
2 2 0.000258 0.015825 0.963402 0.006323 0.014191
2 2 0.000638 0.021052 0.941818 0.019344 0.017148
2 2 0.001068 0.020792 0.941230 0.015114 0.021796
2 2 0.001997 0.057737 0.838174 0.036265 0.065827
3 2 0.001384 0.007961 0.491141 0.496955 0.002558
3 2 0.001170 0.003743 0.124359 0.868316 0.002412
3 2 0.006690 0.017077 0.310335 0.656341 0.009556
3 3 0.000612 0.003189 0.202274 0.792489 0.001435
3 3 0.001549 0.002436 0.050387 0.942947 0.002680
3 3 0.071598 0.122052 0.318948 0.408693 0.078709
2 3 0.009064 0.056638 0.640249 0.278366 0.015683
3 3 0.000955 0.005387 0.248553 0.742866 0.002239
3 3 0.000751 0.004321 0.335061 0.658277 0.001590
3 3 0.000845 0.005185 0.262459 0.729471 0.002040
3 3 0.000790 0.002844 0.120702 0.873924 0.001740
3 3 0.001659 0.004938 0.133889 0.856269 0.003245
3 3 0.002187 0.006263 0.145620 0.841811 0.004119
3 3 0.002237 0.003502 0.060789 0.929751 0.003721
3 3 0.001750 0.002612 0.049704 0.942979 0.002956
3 3 0.000882 0.001281 0.033081 0.963165 0.001591
3 3 0.001322 0.001945 0.041897 0.952542 0.002293
3 3 0.000691 0.000996 0.028680 0.968357 0.001276
3 3 0.001005 0.001466 0.035704 0.960036 0.001790
3 3 0.000486 0.000694 0.023341 0.974550 0.000929
3 3 0.000797 0.001154 0.031176 0.965422 0.001451
3 3 0.000696 0.001004 0.028801 0.968215 0.001284
3 3 0.000335 0.000472 0.018725 0.979806 0.000662
3 3 0.000886 0.001288 0.033181 0.963047 0.001598
3 3 0.000464 0.001125 0.050833 0.946580 0.000997
3 3 0.001080 0.001580 0.037246 0.958183 0.001911
3 3 0.000532 0.000760 0.024589 0.973113 0.001007
3 3 0.000946 0.001378 0.034470 0.961511 0.001695
3 3 0.000603 0.000866 0.026489 0.970912 0.001129
3 3 0.000492 0.000703 0.023508 0.974358 0.000939
3 3 0.000607 0.000872 0.026588 0.970798 0.001135
3 3 0.000367 0.000520 0.019787 0.978605 0.000721
3 3 0.000503 0.000718 0.023804 0.974017 0.000958
3 3 0.000478 0.000681 0.023095 0.974832 0.000914
3 3 0.000334 0.000470 0.018692 0.979844 0.000661
3 3 0.000222 0.000309 0.014704 0.984308 0.000457
3 3 0.000376 0.000533 0.020069 0.978285 0.000737
3 3 0.000341 0.000481 0.018934 0.979571 0.000674
3 3 0.000821 0.001190 0.031720 0.964779 0.001491
3 3 0.000301 0.000423 0.017583 0.981092 0.000601
3 3 0.000744 0.001075 0.029948 0.966868 0.001364
3 3 0.000538 0.000769 0.024756 0.972920 0.001017
3 3 0.001258 0.001848 0.040701 0.954001 0.002192
3 3 0.004366 0.006673 0.083251 0.898982 0.006729
3 3 0.003885 0.016420 0.323184 0.649188 0.007323
3 3 0.013274 0.043468 0.390692 0.532079 0.020487
2 3 0.004720 0.022829 0.545024 0.419695 0.007733
2 3 0.005543 0.036519 0.592473 0.355016 0.010449
2 3 0.001717 0.014531 0.517105 0.462695 0.003952
2 2 0.005209 0.043116 0.787665 0.155268 0.008741
2 2 0.008137 0.038507 0.488875 0.450420 0.014061
0 0 0.701220 0.128433 0.066060 0.005523 0.098763
1 0 0.215761 0.397573 0.184407 0.046903 0.155356
1 1 0.155967 0.427896 0.254785 0.038305 0.123047
2 1 0.051046 0.252869 0.565647 0.071157 0.059281
2 1 0.050642 0.260622 0.565001 0.065263 0.058472
2 1 0.006666 0.067021 0.787817 0.126308 0.012188
2 2 0.031816 0.140667 0.603487 0.181279 0.042751
2 2 0.084124 0.334459 0.439945 0.057722 0.083751
2 2 0.071643 0.320818 0.477960 0.055309 0.074270
2 2 0.097626 0.368616 0.392816 0.049298 0.091645
2 2 0.009895 0.184174 0.768720 0.015359 0.021851
2 2 0.006751 0.093391 0.836210 0.051728 0.011920
2 2 0.021357 0.304968 0.602282 0.012352 0.059041
2 2 0.000233 0.006261 0.850370 0.142449 0.000686
2 2 0.000989 0.040734 0.931811 0.019906 0.006561
2 2 0.012027 0.139344 0.785714 0.044186 0.018728
2 2 0.000473 0.007232 0.943043 0.048424 0.000829
2 2 0.000690 0.006900 0.954504 0.036810 0.001096
2 2 0.031496 0.314954 0.551424 0.019333 0.082792
2 2 0.004211 0.036065 0.802442 0.150214 0.007067
2 2 0.005974 0.057689 0.768475 0.156672 0.011189
2 2 0.001744 0.029478 0.908571 0.054932 0.005275
2 2 0.006183 0.072108 0.819323 0.091003 0.011383
2 2 0.005648 0.058076 0.784076 0.141524 0.010675
2 2 0.003992 0.048082 0.806227 0.133656 0.008042
2 2 0.005082 0.027914 0.620940 0.337732 0.008331
2 2 0.028569 0.180165 0.668117 0.084935 0.038213
2 2 0.006177 0.051719 0.719253 0.211331 0.011519
2 2 0.011231 0.066780 0.644895 0.258423 0.018671
2 2 0.005362 0.031365 0.526382 0.426825 0.010067
2 2 0.006044 0.039885 0.739153 0.205334 0.009584
2 2 0.008214 0.057617 0.678889 0.240771 0.014508
2 2 0.003808 0.039783 0.751778 0.196860 0.007770
3 2 0.001976 0.014296 0.470573 0.508810 0.004344
3 3 0.003626 0.018093 0.418012 0.553447 0.006821
2 3 0.002776 0.019799 0.514122 0.457444 0.005858
3 3 0.000798 0.006396 0.359733 0.631049 0.002023
3 3 0.009142 0.039015 0.457058 0.479423 0.015361
3 3 0.002028 0.005144 0.117725 0.871342 0.003761
3 3 0.008583 0.013418 0.121302 0.844358 0.012339
3 3 0.002365 0.003545 0.058672 0.931543 0.003875
3 3 0.005136 0.007893 0.091237 0.887948 0.007787
3 3 0.003097 0.004682 0.068490 0.918789 0.004941
3 3 0.004777 0.007323 0.087588 0.893017 0.007296
3 3 0.003782 0.005755 0.076753 0.907795 0.005915
3 3 0.003068 0.004637 0.068120 0.919276 0.004899
3 3 0.005016 0.007703 0.090035 0.889623 0.007624
3 3 0.002182 0.003262 0.056013 0.934938 0.003604
3 3 0.001927 0.002870 0.052135 0.939846 0.003222
3 3 0.002275 0.003406 0.057375 0.933202 0.003742
3 3 0.001393 0.002053 0.043192 0.950958 0.002404
3 3 0.001847 0.002747 0.050870 0.941435 0.003101
3 3 0.000610 0.000876 0.026656 0.970718 0.001140
3 3 0.000920 0.001338 0.033907 0.962183 0.001652
3 3 0.000749 0.001083 0.030064 0.966733 0.001372
3 3 0.000822 0.001191 0.031745 0.964750 0.001492
3 3 0.000648 0.000932 0.027613 0.969603 0.001204
3 3 0.000839 0.001217 0.032133 0.964291 0.001521
3 3 0.000624 0.000897 0.027024 0.970290 0.001164
3 3 0.000537 0.000769 0.024745 0.972932 0.001017
3 3 0.000424 0.000603 0.021539 0.976613 0.000821
3 3 0.000266 0.000373 0.016366 0.982456 0.000539
3 3 0.000253 0.000354 0.015885 0.982993 0.000515
3 3 0.000379 0.000536 0.020148 0.978196 0.000741
3 3 0.000659 0.000948 0.027886 0.969284 0.001222
3 3 0.000618 0.000888 0.026866 0.970474 0.001154
3 3 0.000846 0.001227 0.032287 0.964108 0.001532
3 3 0.000585 0.000839 0.026000 0.971480 0.001097
3 3 0.000444 0.000631 0.022116 0.975954 0.000855
3 3 0.000336 0.000473 0.018764 0.979762 0.000664
3 3 0.001525 0.002254 0.045524 0.948088 0.002609
3 3 0.000518 0.000740 0.024215 0.973544 0.000983
3 3 0.000432 0.000613 0.021754 0.976367 0.000834
3 3 0.000796 0.001153 0.031164 0.965437 0.001450
3 3 0.000929 0.001352 0.034107 0.961944 0.001667
3 3 0.000299 0.000420 0.017517 0.981166 0.000598
3 3 0.000566 0.000811 0.025506 0.972053 0.001065
3 3 0.000622 0.000893 0.026954 0.970371 0.001160
3 3 0.000893 0.001298 0.033319 0.962882 0.001608
3 3 0.000515 0.000735 0.024126 0.973647 0.000978
3 3 0.000579 0.000830 0.025856 0.971647 0.001088
3 3 0.001375 0.002026 0.042868 0.951355 0.002376
3 3 0.000408 0.000578 0.021038 0.977184 0.000792
3 3 0.000566 0.000811 0.025515 0.972042 0.001066
3 3 0.000655 0.000943 0.027798 0.969387 0.001216
3 3 0.000733 0.001059 0.029692 0.967170 0.001346
3 3 0.000656 0.000945 0.027826 0.969355 0.001218
3 3 0.000689 0.000994 0.028642 0.968401 0.001273
3 3 0.000416 0.000590 0.021273 0.976915 0.000806
3 3 0.000530 0.000758 0.024551 0.973157 0.001004
3 3 0.000827 0.001199 0.031860 0.964613 0.001501
3 3 0.000584 0.000838 0.025989 0.971492 0.001096
3 3 0.000868 0.001260 0.032768 0.963538 0.001567
3 3 0.000475 0.000678 0.023029 0.974908 0.000910
3 3 0.000290 0.000407 0.017208 0.981513 0.000582
3 3 0.001154 0.001691 0.038715 0.956411 0.002029
3 3 0.000847 0.001229 0.032307 0.964084 0.001533
3 3 0.000606 0.000870 0.026551 0.970840 0.001133
3 3 0.000411 0.000583 0.021136 0.977073 0.000798
3 3 0.000452 0.000643 0.022346 0.975690 0.000869
3 3 0.000603 0.000866 0.026476 0.970927 0.001128
3 3 0.000302 0.000424 0.017620 0.981051 0.000603
3 3 0.000515 0.000735 0.024125 0.973647 0.000978
3 3 0.000368 0.000520 0.019793 0.978598 0.000721
3 3 0.000653 0.000939 0.027733 0.969464 0.001212
3 3 0.000636 0.000915 0.027326 0.969938 0.001184
3 3 0.000831 0.001205 0.031951 0.964506 0.001507
3 3 0.000583 0.000837 0.025965 0.971521 0.001095
3 3 0.000248 0.000346 0.015680 0.983222 0.000504
3 3 0.000387 0.000548 0.020403 0.977906 0.000756
3 3 0.000378 0.000535 0.020130 0.978216 0.000740
3 3 0.000439 0.000624 0.021964 0.976127 0.000846
3 3 0.000476 0.000679 0.023057 0.974875 0.000912
3 3 0.000256 0.000358 0.016003 0.982862 0.000520
3 3 0.000807 0.001170 0.031419 0.965135 0.001469
3 3 0.000172 0.000238 0.012662 0.986564 0.000364
3 3 0.000243 0.000339 0.015499 0.983423 0.000496
3 3 0.000706 0.001019 0.029051 0.967922 0.001302
3 3 0.000716 0.001034 0.029286 0.967646 0.001318
3 3 0.000576 0.000826 0.025777 0.971739 0.001083
3 3 0.000516 0.000738 0.024175 0.973589 0.000981
3 3 0.000495 0.000706 0.023571 0.974285 0.000943
3 3 0.000340 0.000480 0.018901 0.979607 0.000672
3 3 0.000406 0.000575 0.020972 0.977259 0.000788
3 3 0.000556 0.000797 0.025255 0.972343 0.001049
3 3 0.000567 0.000813 0.025536 0.972017 0.001067
3 3 0.001088 0.001592 0.037409 0.957987 0.001924
3 3 0.000609 0.000875 0.026645 0.970731 0.001139
3 3 0.000332 0.000468 0.018637 0.979906 0.000658
3 3 0.000632 0.000909 0.027219 0.970062 0.001177
3 3 0.002452 0.003679 0.059896 0.929970 0.004003
3 3 0.000508 0.000726 0.023943 0.973857 0.000966
3 3 0.001104 0.001616 0.037730 0.957600 0.001949
3 3 0.000950 0.001384 0.034561 0.961403 0.001702
3 3 0.001523 0.002252 0.045494 0.948125 0.002606
3 3 0.001014 0.001479 0.035888 0.959815 0.001804
3 3 0.001931 0.002875 0.052187 0.939780 0.003227
3 3 0.001728 0.002564 0.048946 0.943841 0.002920
3 3 0.001503 0.002220 0.045138 0.948565 0.002574
3 3 0.000923 0.001343 0.033978 0.962098 0.001658
3 3 0.001961 0.002922 0.052660 0.939184 0.003273
3 3 0.001151 0.001686 0.038642 0.956498 0.002023
3 3 0.001041 0.001521 0.036456 0.959133 0.001848
3 3 0.086176 0.128921 0.276606 0.423134 0.085163
2 3 0.161764 0.256045 0.260178 0.182743 0.139270
1 3 0.172476 0.349035 0.260608 0.076247 0.141634
2 3 0.059068 0.247408 0.532763 0.093920 0.066841
0 3 0.471226 0.191225 0.165436 0.035567 0.136545
0 0 0.563508 0.192539 0.106987 0.011652 0.125314
0 0 0.582225 0.151638 0.130610 0.017342 0.118184
0 0 0.720448 0.114703 0.067726 0.004744 0.092379
1 0 0.345700 0.360517 0.121986 0.018917 0.152880
2 1 0.022095 0.129387 0.681080 0.135403 0.032035
2 1 0.033688 0.205036 0.643129 0.075004 0.043143
2 1 0.075716 0.356570 0.449446 0.042914 0.075354
1 4 0.180725 0.375849 0.216603 0.052520 0.174304
2 4 0.100389 0.334214 0.390466 0.065350 0.109580
2 4 0.060440 0.271781 0.528654 0.071892 0.067234
1 4 0.116323 0.376339 0.350362 0.052639 0.104337
4 4 0.029075 0.269523 0.216380 0.006479 0.478544
4 4 0.010133 0.102676 0.089214 0.002811 0.795165
2 4 0.018749 0.226708 0.444756 0.014408 0.295380
4 4 0.011972 0.195608 0.312642 0.005839 0.473940
4 4 0.021302 0.201806 0.193115 0.006512 0.577264
4 4 0.012364 0.141147 0.110737 0.002596 0.733156
4 4 0.014235 0.196496 0.186453 0.003417 0.599399
2 4 0.039242 0.302358 0.455727 0.024165 0.178509
4 4 0.020615 0.229066 0.209409 0.005196 0.535714
4 4 0.014014 0.178830 0.157173 0.003177 0.646805
2 4 0.033032 0.319371 0.368509 0.011904 0.267184
1 4 0.068108 0.435352 0.293431 0.012559 0.190549
1 0 0.101061 0.364229 0.174786 0.016676 0.343248
2 1 0.010304 0.184807 0.699003 0.016093 0.089793
2 1 0.001146 0.068598 0.882465 0.006736 0.041056
2 1 0.016313 0.266080 0.550725 0.010466 0.156416
2 1 0.020924 0.283739 0.485437 0.011290 0.198609
4 1 0.021877 0.300387 0.292848 0.005037 0.379851
1 1 0.028782 0.354155 0.325733 0.006177 0.285152
2 1 0.026953 0.317051 0.418714 0.010509 0.226773
4 1 0.028368 0.340385 0.267402 0.004932 0.358912
1 1 0.043418 0.384218 0.328050 0.009878 0.234436
2 1 0.013387 0.251427 0.547349 0.008695 0.179143
2 1 0.002198 0.086724 0.870619 0.009751 0.030709
1 1 0.035587 0.366146 0.315399 0.007633 0.275235
4 1 0.018610 0.288425 0.293471 0.004290 0.395204
4 1 0.030710 0.327399 0.295214 0.007161 0.339517
2 1 0.010541 0.230359 0.514522 0.006738 0.237840
2 1 0.016257 0.278984 0.537915 0.008982 0.157862
2 2 0.003740 0.127678 0.794424 0.008740 0.065418
1 2 0.146422 0.627414 0.131200 0.004732 0.090233
1 2 0.064665 0.482972 0.381476 0.012275 0.058612
0 2 0.772019 0.111341 0.033494 0.001744 0.081402
0 0 0.938516 0.027702 0.006097 0.000090 0.027594
1 0 0.398298 0.448281 0.014381 0.001576 0.137464
1 1 0.220086 0.583006 0.076103 0.004655 0.116150
1 1 0.090413 0.554766 0.274117 0.009190 0.071514
2 2 0.098423 0.257215 0.590209 0.009699 0.044454
1 2 0.073904 0.544563 0.299659 0.008007 0.073867
2 2 0.288600 0.318617 0.329673 0.002538 0.060572
2 2 0.212459 0.335292 0.374269 0.007036 0.070943
1 2 0.196621 0.466574 0.237974 0.007818 0.091013
1 2 0.082804 0.516500 0.319169 0.011983 0.069543
1 2 0.203742 0.362811 0.360032 0.005501 0.067914
1 2 0.227926 0.419894 0.263440 0.005803 0.082937
1 2 0.301449 0.449791 0.135319 0.005254 0.108187
1 2 0.102072 0.528928 0.275286 0.012750 0.080964
2 2 0.181770 0.343367 0.406199 0.005940 0.062725
1 2 0.222825 0.436358 0.248465 0.006169 0.086182
2 2 0.230309 0.334695 0.359390 0.005747 0.069858
1 2 0.191852 0.368563 0.333534 0.015210 0.090841
1 2 0.127110 0.558939 0.211586 0.010624 0.091740
2 2 0.295063 0.278215 0.310924 0.016377 0.099422
0 0 0.748711 0.133312 0.028829 0.001567 0.087581
0 0 0.503309 0.338572 0.022729 0.002193 0.133195
0 0 0.979978 0.008484 0.001189 0.000006 0.010343
0 0 0.987196 0.005723 0.000379 0.000001 0.006700
0 0 0.974773 0.009036 0.003310 0.000025 0.012856
0 0 0.980881 0.006927 0.002064 0.000012 0.010115
0 0 0.972766 0.010360 0.003086 0.000024 0.013763
0 0 0.922384 0.029953 0.014015 0.000287 0.033362
0 0 0.870967 0.046406 0.032116 0.001072 0.049439
0 0 0.485339 0.357434 0.020848 0.002050 0.134329
1 0 0.279077 0.571777 0.031738 0.001758 0.115650
1 1 0.113474 0.601621 0.198359 0.006619 0.079927
1 1 0.210825 0.628466 0.056735 0.002244 0.101730
1 1 0.229014 0.576623 0.071108 0.004578 0.118676
1 1 0.114715 0.622694 0.179240 0.005271 0.078080
1 1 0.061898 0.475438 0.393348 0.012421 0.056895
2 1 0.033832 0.337660 0.581683 0.012575 0.034250
2 1 0.014622 0.149472 0.815929 0.007243 0.012734
2 1 0.031734 0.373104 0.548303 0.011983 0.034876
1 1 0.058161 0.476357 0.400159 0.011426 0.053897
2 1 0.031398 0.361911 0.558743 0.013034 0.034914
2 1 0.030595 0.117548 0.827766 0.007989 0.016101
2 2 0.004015 0.066589 0.884657 0.037450 0.007289
2 2 0.038255 0.146855 0.793552 0.004475 0.016864
2 2 0.016796 0.181098 0.771801 0.012664 0.017641
2 2 0.036222 0.352801 0.553540 0.017422 0.040015
2 2 0.020015 0.223352 0.723860 0.011833 0.020940
2 2 0.041371 0.368486 0.527517 0.018269 0.044357
2 2 0.037920 0.232882 0.693566 0.009140 0.026492
2 2 0.041053 0.346732 0.545295 0.021955 0.044965
2 2 0.019191 0.133900 0.802379 0.025321 0.019209
2 2 0.017172 0.206867 0.725817 0.026373 0.023772
2 2 0.020330 0.224245 0.700747 0.027533 0.027144
2 2 0.081102 0.390294 0.420376 0.032400 0.075828
1 2 0.125291 0.499714 0.258689 0.018720 0.097586
2 2 0.138393 0.354449 0.383549 0.031246 0.092363
2 2 0.019778 0.160665 0.729010 0.062004 0.028544
2 2 0.001990 0.040995 0.890444 0.062096 0.004476
2 2 0.059839 0.177753 0.653126 0.059748 0.049534
2 2 0.016320 0.193352 0.738141 0.029112 0.023076
2 2 0.002741 0.073279 0.897702 0.020121 0.006156
2 2 0.000951 0.015617 0.959051 0.022960 0.001421
2 2 0.003287 0.067698 0.907662 0.012934 0.008419
2 2 0.001925 0.053782 0.912363 0.025982 0.005949
2 2 0.005835 0.092736 0.853500 0.037366 0.010562
2 2 0.005902 0.117968 0.840018 0.021036 0.015076
2 2 0.002062 0.045622 0.899987 0.047757 0.004571
2 2 0.016934 0.141881 0.736959 0.079205 0.025021
2 2 0.010242 0.166479 0.787002 0.020640 0.015636
2 2 0.018972 0.200719 0.720876 0.033226 0.026207
2 2 0.011933 0.161558 0.780024 0.028380 0.018105
2 2 0.009748 0.101916 0.798038 0.073990 0.016308
2 2 0.022866 0.202414 0.700912 0.042880 0.030927
2 2 0.009412 0.110903 0.809440 0.054593 0.015652
2 2 0.006941 0.054861 0.709124 0.216412 0.012662
2 2 0.007757 0.106633 0.830379 0.041918 0.013313
2 2 0.002333 0.047347 0.891249 0.053996 0.005074
2 2 0.009456 0.131478 0.810838 0.032899 0.015329
2 2 0.002767 0.055022 0.889501 0.046902 0.005807
2 2 0.001760 0.038040 0.917868 0.038704 0.003629
2 2 0.007316 0.032928 0.749720 0.200894 0.009143
2 2 0.018008 0.195110 0.728666 0.033045 0.025171
2 2 0.005947 0.089483 0.850311 0.043472 0.010787
2 2 0.005565 0.072457 0.837083 0.074499 0.010396
2 2 0.005361 0.082261 0.855684 0.046753 0.009941
2 2 0.012091 0.107426 0.771504 0.089409 0.019570
2 2 0.006257 0.091119 0.846158 0.045210 0.011256
2 2 0.003686 0.058495 0.863470 0.066934 0.007415
2 2 0.002205 0.042007 0.880963 0.069941 0.004884
2 2 0.004254 0.057256 0.837805 0.092280 0.008405
2 2 0.004128 0.047544 0.795092 0.144961 0.008275
2 2 0.003876 0.036923 0.715106 0.236214 0.007880
2 2 0.003447 0.023298 0.818019 0.150307 0.004928
2 2 0.002993 0.045026 0.846757 0.098904 0.006321
2 2 0.006238 0.044237 0.646997 0.290955 0.011574
2 2 0.009844 0.090544 0.778888 0.104080 0.016644
2 2 0.050552 0.205398 0.572592 0.110882 0.060576
2 2 0.003252 0.044714 0.829163 0.116083 0.006788
2 2 0.000681 0.013310 0.816131 0.168074 0.001803
2 2 0.002963 0.039369 0.889640 0.062852 0.005177
2 2 0.004125 0.071271 0.871905 0.044674 0.008024
2 2 0.005426 0.049486 0.738721 0.196001 0.010366
2 2 0.004550 0.070677 0.860622 0.055401 0.008750
2 2 0.003198 0.056828 0.877394 0.056011 0.006570
2 2 0.005262 0.072603 0.845364 0.066868 0.009903
2 2 0.006345 0.055102 0.736479 0.190304 0.011769
2 2 0.013676 0.138862 0.771526 0.053763 0.022173
2 2 0.008517 0.092535 0.808006 0.076256 0.014686
2 2 0.016901 0.137804 0.742480 0.077470 0.025346
2 2 0.007450 0.085097 0.816827 0.077442 0.013184
2 2 0.007869 0.094219 0.821682 0.062536 0.013693
2 2 0.015624 0.069010 0.552345 0.338825 0.024196
2 2 0.012353 0.070980 0.641087 0.255415 0.020165
2 2 0.004790 0.060506 0.828597 0.096839 0.009267
2 2 0.010116 0.060033 0.631173 0.281541 0.017137
2 2 0.019839 0.128544 0.701750 0.120646 0.029221
2 2 0.002955 0.019362 0.718698 0.254206 0.004778
2 2 0.011839 0.125142 0.787160 0.057032 0.018827
2 2 0.004130 0.060741 0.853347 0.073627 0.008156
2 2 0.004807 0.062373 0.834222 0.089322 0.009276
2 2 0.009120 0.119254 0.815973 0.040554 0.015100
2 2 0.012313 0.141269 0.784849 0.042419 0.019150
2 2 0.004808 0.039522 0.678499 0.267791 0.009379
2 2 0.007064 0.102024 0.839135 0.039419 0.012358
2 2 0.001822 0.040054 0.897584 0.056386 0.004154
2 2 0.001698 0.030719 0.856213 0.107384 0.003986
2 2 0.003460 0.047991 0.903479 0.039450 0.005620
2 2 0.011236 0.140884 0.793877 0.036335 0.017668
2 2 0.094626 0.162882 0.514457 0.152699 0.075336
2 2 0.054412 0.372042 0.491870 0.025510 0.056166
2 2 0.002269 0.033201 0.818391 0.141062 0.005077
2 2 0.003739 0.038253 0.741026 0.209328 0.007655
2 2 0.001658 0.042386 0.912945 0.039210 0.003801
2 2 0.002331 0.045764 0.904755 0.042455 0.004694
2 2 0.001806 0.029886 0.918046 0.046967 0.003295
2 2 0.002702 0.040569 0.840108 0.110790 0.005830
2 2 0.000878 0.018059 0.932605 0.046688 0.001769
2 2 0.010135 0.140985 0.801772 0.031031 0.016077
2 2 0.007733 0.124671 0.827425 0.027270 0.012902
2 2 0.004123 0.089186 0.875557 0.023389 0.007745
2 2 0.001477 0.032593 0.891691 0.070718 0.003521
2 2 0.005699 0.081299 0.847956 0.054547 0.010499
2 2 0.003599 0.061208 0.872302 0.055659 0.007232
2 2 0.004117 0.093321 0.874890 0.019981 0.007690
2 2 0.004201 0.027793 0.547908 0.411824 0.008274
2 2 0.008409 0.084744 0.795545 0.096675 0.014627
2 2 0.086248 0.156601 0.664694 0.042897 0.049560
2 2 0.027850 0.300935 0.519364 0.016793 0.135059
2 2 0.001094 0.031092 0.945314 0.006757 0.015743
2 2 0.010621 0.103019 0.787597 0.081182 0.017581
2 2 0.001146 0.014211 0.865410 0.116571 0.002662
2 2 0.033235 0.232093 0.621329 0.050614 0.062729
2 2 0.033752 0.193908 0.624785 0.080444 0.067110
2 2 0.070983 0.326557 0.462792 0.050554 0.089114
1 2 0.085143 0.425900 0.244214 0.014415 0.230328
1 2 0.051451 0.393473 0.270987 0.009204 0.274886
1 1 0.065453 0.394769 0.318505 0.016988 0.204285
4 1 0.033612 0.317297 0.287672 0.008590 0.352829
4 4 0.055527 0.307864 0.184871 0.010469 0.441268
4 4 0.081815 0.316763 0.108303 0.007864 0.485254
4 4 0.055157 0.249409 0.064570 0.003236 0.627629
4 4 0.036540 0.201889 0.070182 0.003131 0.688259
4 4 0.035889 0.200709 0.057980 0.002273 0.703149
1 4 0.063320 0.408066 0.187243 0.006672 0.334698
4 4 0.023681 0.144646 0.046416 0.001182 0.784075
4 4 0.020818 0.149751 0.055256 0.001735 0.772440
4 4 0.032452 0.189411 0.074491 0.003302 0.700343
4 4 0.020368 0.147836 0.059182 0.001927 0.770687
4 4 0.034025 0.193899 0.079135 0.003715 0.689225
4 4 0.044973 0.353668 0.155617 0.004081 0.441659
4 4 0.045560 0.297050 0.126930 0.004592 0.525869
4 4 0.048632 0.285004 0.124603 0.005468 0.536293
4 4 0.037583 0.255242 0.144010 0.005892 0.557273
1 4 0.053549 0.379760 0.186542 0.006040 0.374108
4 4 0.025925 0.168585 0.061406 0.002219 0.741865
4 4 0.044000 0.259007 0.088232 0.003377 0.605384
4 4 0.016751 0.112019 0.059216 0.001455 0.810560
1 4 0.074285 0.417916 0.165344 0.006702 0.335753
1 4 0.027846 0.369484 0.292195 0.004486 0.305989
1 4 0.058991 0.395169 0.247951 0.009911 0.287978
4 4 0.041413 0.214118 0.086970 0.004696 0.652804
4 4 0.020306 0.195354 0.141064 0.003965 0.639311
4 4 0.075403 0.350838 0.181941 0.012184 0.379634
4 4 0.054132 0.245628 0.080507 0.004626 0.615107
4 4 0.060451 0.167713 0.060434 0.001555 0.709848
1 4 0.051734 0.406370 0.226328 0.006527 0.309041
1 4 0.037305 0.419528 0.354353 0.006941 0.181873
1 4 0.231659 0.497914 0.099796 0.011652 0.158979
1 4 0.124078 0.592706 0.127749 0.004167 0.151300
2 4 0.033761 0.376921 0.419449 0.009805 0.160064
2 4 0.009982 0.250783 0.591835 0.006013 0.141387
2 4 0.005683 0.181047 0.732141 0.006790 0.074340
2 2 0.005973 0.175550 0.757576 0.008075 0.052826
2 2 0.017629 0.268655 0.631634 0.013321 0.068761
2 2 0.010766 0.196089 0.741765 0.015121 0.036259
2 2 0.001709 0.082424 0.879507 0.007373 0.028986
2 2 0.002738 0.121660 0.820084 0.006032 0.049486
2 2 0.001077 0.068364 0.905546 0.005429 0.019584
2 2 0.004169 0.150853 0.796605 0.006785 0.041587
2 2 0.001635 0.068679 0.896750 0.011893 0.021043
2 2 0.005444 0.146567 0.803516 0.011102 0.033371
2 2 0.001001 0.070621 0.900502 0.004114 0.023762
2 2 0.001313 0.065300 0.904235 0.009028 0.020123
2 2 0.001457 0.105337 0.810439 0.002965 0.079803
2 2 0.003158 0.148685 0.766766 0.004473 0.076918
2 2 0.002177 0.104580 0.814751 0.005161 0.073332
2 2 0.003530 0.149365 0.777894 0.005326 0.063886
1 2 0.174498 0.455387 0.211839 0.029690 0.128585
2 0 0.169992 0.290847 0.398086 0.041819 0.099257
1 0 0.229332 0.496871 0.118682 0.015024 0.140091
2 0 0.002256 0.096086 0.882735 0.007424 0.011499
2 1 0.000467 0.031137 0.952812 0.010912 0.004673
2 1 0.004018 0.078514 0.899706 0.003663 0.014100
2 1 0.001947 0.086680 0.895109 0.004844 0.011420
2 2 0.002855 0.116536 0.857147 0.005276 0.018186
2 2 0.004327 0.160602 0.800712 0.006043 0.028316
2 2 0.003333 0.097752 0.871867 0.002557 0.024492
2 2 0.002900 0.082961 0.888342 0.016456 0.009341
2 2 0.002674 0.092690 0.883617 0.004341 0.016677
2 2 0.002803 0.098063 0.876595 0.004861 0.017678
2 2 0.005458 0.171147 0.787646 0.007401 0.028348
2 2 0.009038 0.204666 0.736802 0.010270 0.039224
2 2 0.006004 0.094611 0.882632 0.003717 0.013036
2 2 0.009174 0.159470 0.780398 0.012268 0.038690
2 2 0.002409 0.077093 0.902899 0.007384 0.010215
1 2 0.142143 0.473041 0.249820 0.024987 0.110009
2 2 0.002008 0.061890 0.915598 0.011467 0.009036
2 2 0.000349 0.029869 0.958778 0.002714 0.008289
2 2 0.000913 0.051802 0.928053 0.008693 0.010538
2 2 0.001351 0.076944 0.901723 0.005726 0.014256
2 2 0.000914 0.063850 0.917281 0.004783 0.013171
2 2 0.004391 0.101909 0.856962 0.019005 0.017732
2 2 0.001030 0.058469 0.924047 0.006974 0.009479
2 2 0.001392 0.056583 0.920584 0.013240 0.008202
2 2 0.002373 0.036179 0.857976 0.097817 0.005655
2 2 0.004530 0.152549 0.801993 0.007483 0.033444
2 2 0.000740 0.039673 0.944439 0.010189 0.004960
2 2 0.001208 0.023579 0.840065 0.131011 0.004136
2 2 0.001823 0.044308 0.882552 0.055712 0.015605
2 2 0.001310 0.027777 0.866475 0.099425 0.005014
2 2 0.002476 0.035313 0.813455 0.142431 0.006325
2 2 0.000869 0.022072 0.866468 0.104097 0.006494
2 2 0.004478 0.039072 0.695775 0.251815 0.008859
2 2 0.000136 0.008590 0.951813 0.036873 0.002588
2 2 0.001177 0.024569 0.863933 0.107130 0.003192
2 2 0.000873 0.010325 0.747739 0.239174 0.001889
2 2 0.001511 0.026207 0.817729 0.148507 0.006046
2 2 0.000529 0.011486 0.789741 0.196586 0.001658
2 2 0.001430 0.023025 0.795849 0.175558 0.004138
2 2 0.001098 0.017629 0.748758 0.228242 0.004273
2 2 0.001713 0.019168 0.663974 0.311118 0.004027
2 2 0.003033 0.039093 0.772199 0.170545 0.015130
2 2 0.000687 0.016333 0.839886 0.139900 0.003194
2 2 0.000678 0.010545 0.669881 0.317013 0.001884
2 2 0.002561 0.029891 0.746907 0.215018 0.005622
2 2 0.002396 0.022975 0.642732 0.326606 0.005291
2 2 0.001093 0.014535 0.641651 0.337025 0.005696
3 2 0.004297 0.018095 0.335953 0.633663 0.007991
2 2 0.002954 0.024438 0.602710 0.363646 0.006252
2 2 0.001877 0.015254 0.512097 0.466526 0.004247
3 2 0.001243 0.005607 0.216437 0.774030 0.002683
3 2 0.002342 0.015488 0.438528 0.537651 0.005991
3 2 0.001086 0.004803 0.189846 0.801865 0.002401
3 2 0.002455 0.007245 0.161011 0.824699 0.004590
3 2 0.001990 0.009676 0.309794 0.674483 0.004056
3 2 0.001024 0.004737 0.196319 0.795623 0.002298
3 2 0.003532 0.011621 0.223322 0.755064 0.006461
3 2 0.004806 0.013746 0.213606 0.759573 0.008270
2 3 0.002320 0.018988 0.554009 0.419591 0.005092
2 3 0.000610 0.012144 0.772605 0.212904 0.001737
2 3 0.001042 0.014591 0.691920 0.289762 0.002686
2 3 0.001022 0.014821 0.705998 0.275512 0.002647
2 3 0.000670 0.006181 0.507486 0.484075 0.001587
2 3 0.006949 0.037659 0.530810 0.412126 0.012456
2 2 0.001078 0.012976 0.619097 0.364108 0.002741
3 2 0.002725 0.011284 0.268904 0.711740 0.005348
2 0 0.130352 0.255223 0.397245 0.108011 0.109169
2 0 0.035648 0.271894 0.612892 0.036916 0.042650
2 1 0.003633 0.049453 0.835546 0.102773 0.008595
2 2 0.000413 0.013897 0.903646 0.080800 0.001244
2 2 0.006887 0.080125 0.819927 0.080676 0.012385
2 2 0.000999 0.021396 0.955492 0.017071 0.005042
2 2 0.001862 0.044683 0.907520 0.041747 0.004188
2 2 0.004519 0.084613 0.866786 0.032597 0.011485
2 2 0.000549 0.016287 0.959399 0.021659 0.002106
2 2 0.003435 0.064646 0.882261 0.042755 0.006904
2 2 0.044702 0.200312 0.593496 0.105945 0.055545
1 2 0.120870 0.458960 0.294340 0.026537 0.099293
2 2 0.001227 0.052981 0.924872 0.012962 0.007957
2 2 0.000187 0.008542 0.925978 0.064669 0.000624
2 2 0.001466 0.030245 0.953008 0.008142 0.007140
2 2 0.001284 0.028681 0.936170 0.030445 0.003419
2 2 0.002238 0.059639 0.900702 0.027859 0.009562
2 2 0.000952 0.028301 0.917641 0.049950 0.003155
2 2 0.001891 0.060993 0.898949 0.021561 0.016606
2 2 0.001503 0.034055 0.896776 0.064103 0.003563
2 2 0.001255 0.059601 0.917070 0.008642 0.013432
2 2 0.001242 0.028712 0.959113 0.003692 0.007241
2 2 0.000616 0.035165 0.948103 0.007782 0.008334
2 2 0.004783 0.074650 0.860236 0.051242 0.009089
2 2 0.011389 0.176078 0.763147 0.021690 0.027697
2 2 0.002641 0.049249 0.909792 0.032159 0.006159
2 2 0.010257 0.152935 0.795153 0.025688 0.015968
2 2 0.004589 0.080125 0.894248 0.012750 0.008287
2 2 0.001693 0.066904 0.912356 0.011202 0.007844
2 2 0.003442 0.065002 0.882455 0.042188 0.006913
2 2 0.002850 0.059019 0.905265 0.025159 0.007707
2 2 0.000900 0.032662 0.946772 0.015446 0.004221
1 2 0.279279 0.408043 0.110745 0.029903 0.172030
1 2 0.085046 0.449524 0.367470 0.021884 0.076076
2 2 0.009636 0.126191 0.811006 0.037436 0.015731
2 2 0.002119 0.070779 0.901990 0.014813 0.010299
2 2 0.001111 0.018252 0.961244 0.017434 0.001958
1 2 0.147257 0.515981 0.212933 0.016678 0.107151
2 2 0.038994 0.348464 0.531779 0.019769 0.060995
2 2 0.001507 0.024064 0.955271 0.016902 0.002256
2 2 0.004525 0.097222 0.863183 0.022266 0.012804
2 2 0.001362 0.029493 0.945939 0.020797 0.002409
2 2 0.047746 0.110065 0.804515 0.014963 0.022711
2 2 0.003542 0.089074 0.883076 0.017550 0.006757
2 2 0.001166 0.027406 0.956146 0.012827 0.002455
2 2 0.000664 0.020618 0.915377 0.061519 0.001823
2 2 0.006081 0.124029 0.834971 0.019319 0.015600
2 2 0.003050 0.058684 0.886908 0.045110 0.006248
1 2 0.061416 0.466482 0.368745 0.012117 0.091239
1 4 0.074450 0.433136 0.394779 0.021570 0.076064
2 4 0.037055 0.333554 0.484288 0.018654 0.126449
4 4 0.021853 0.153587 0.061508 0.002100 0.760952
4 4 0.021203 0.223604 0.146729 0.003290 0.605175
4 4 0.030638 0.227117 0.106048 0.003439 0.632758
4 4 0.021768 0.209041 0.108733 0.002503 0.657954
4 4 0.020444 0.228006 0.162428 0.003477 0.585646
4 4 0.018503 0.140618 0.037773 0.000904 0.802201
4 4 0.019489 0.144440 0.053623 0.001618 0.780831
4 4 0.028599 0.231562 0.092296 0.002356 0.645187
4 4 0.008975 0.093250 0.024169 0.000358 0.873248
4 4 0.021244 0.151810 0.032881 0.000757 0.793308
4 4 0.014004 0.120303 0.034482 0.000717 0.830493
4 4 0.014215 0.121314 0.032225 0.000647 0.831600
4 4 0.013719 0.118900 0.031460 0.000616 0.835305
4 4 0.007044 0.055248 0.014025 0.000090 0.923592
4 4 0.014391 0.214419 0.154752 0.002109 0.614329
4 4 0.029369 0.263520 0.125628 0.002954 0.578529
4 4 0.022542 0.160472 0.049595 0.001412 0.765978
4 4 0.021559 0.152967 0.042679 0.001156 0.781639
4 4 0.020889 0.150400 0.031145 0.000690 0.796876
4 4 0.018998 0.142680 0.029204 0.000604 0.808514
4 4 0.015912 0.129143 0.024269 0.000426 0.830249
4 4 0.017631 0.063359 0.011897 0.000055 0.907059
4 4 0.011616 0.108034 0.022394 0.000341 0.857614
4 4 0.012518 0.070607 0.018626 0.000146 0.898103
4 4 0.012078 0.075983 0.013548 0.000099 0.898292
4 4 0.019470 0.144666 0.032856 0.000735 0.802273
4 4 0.018426 0.140286 0.029911 0.000622 0.810755
4 4 0.021613 0.153137 0.044931 0.001257 0.779062
4 4 0.022720 0.178893 0.046005 0.000982 0.751400
4 4 0.025466 0.258904 0.103609 0.001802 0.610219
4 4 0.026066 0.305449 0.181799 0.003068 0.483618
4 4 0.014911 0.227944 0.163768 0.002113 0.591264
4 4 0.016761 0.221763 0.119571 0.001657 0.640248
4 4 0.022815 0.281163 0.148599 0.002195 0.545228
4 4 0.039855 0.213196 0.044086 0.001508 0.701356
4 4 0.031745 0.304384 0.143192 0.002923 0.517756
4 4 0.023850 0.227274 0.110360 0.002439 0.636077
4 4 0.023682 0.191930 0.058607 0.001311 0.724471
4 4 0.020809 0.171828 0.056363 0.001296 0.749704
1 4 0.224261 0.435119 0.034639 0.002952 0.303030
4 4 0.023921 0.272705 0.159782 0.002857 0.540736
4 4 0.068418 0.278325 0.047504 0.002164 0.603589
4 4 0.021095 0.260349 0.154773 0.002475 0.561308
4 4 0.020666 0.284286 0.262329 0.004428 0.428291
4 4 0.044335 0.265192 0.085740 0.003089 0.601643
4 4 0.007876 0.086417 0.020970 0.000276 0.884460
4 4 0.038175 0.230638 0.046051 0.001252 0.683884
4 4 0.014027 0.156104 0.066669 0.001120 0.762080
4 4 0.018395 0.140010 0.022911 0.000406 0.818278
4 4 0.009685 0.073708 0.015911 0.000134 0.900562
4 4 0.011678 0.068340 0.018184 0.000140 0.901657
4 4 0.022863 0.158071 0.034173 0.000825 0.784068
4 4 0.011587 0.107900 0.022992 0.000356 0.857165
4 4 0.027666 0.220298 0.070280 0.001628 0.680128
4 4 0.007881 0.074656 0.024760 0.000300 0.892403
4 4 0.010389 0.100663 0.025016 0.000390 0.863542
4 4 0.012298 0.111771 0.033864 0.000671 0.841396
4 4 0.010757 0.061942 0.016806 0.000114 0.910382
4 4 0.009357 0.095566 0.026974 0.000431 0.867671
4 4 0.013000 0.115297 0.027956 0.000502 0.843245
4 4 0.028399 0.338439 0.228580 0.003936 0.400647
4 4 0.025944 0.295278 0.190677 0.003557 0.484544
4 4 0.024636 0.232579 0.119691 0.002768 0.620327
4 4 0.034405 0.075009 0.024277 0.000157 0.866153
4 4 0.033545 0.302292 0.168629 0.004203 0.491332
4 4 0.024532 0.308545 0.212526 0.003465 0.450932
4 4 0.017969 0.288971 0.280150 0.003758 0.409151
4 4 0.025175 0.296776 0.199694 0.003599 0.474756
4 4 0.022045 0.323646 0.245711 0.003255 0.405342
4 4 0.024752 0.276120 0.149010 0.002626 0.547493
4 4 0.028167 0.201368 0.076232 0.002358 0.691874
4 4 0.012251 0.078145 0.033481 0.000423 0.875700
4 4 0.044151 0.359721 0.174858 0.004565 0.416706
4 4 0.019024 0.291457 0.280178 0.004038 0.405302
4 4 0.016785 0.276063 0.288052 0.003919 0.415181
2 4 0.017139 0.265326 0.385059 0.006916 0.325559
4 4 0.022758 0.225073 0.120752 0.002668 0.628749
2 4 0.014656 0.261524 0.360102 0.005029 0.358689
2 4 0.015696 0.267739 0.376670 0.005681 0.334214
2 4 0.021817 0.325336 0.371259 0.005902 0.275687
2 2 0.013758 0.252068 0.534362 0.008750 0.191061
2 2 0.006071 0.195857 0.649289 0.005543 0.143240
2 1 0.000737 0.075100 0.841493 0.002410 0.080260
2 1 0.003833 0.149660 0.745715 0.005891 0.094902
2 1 0.001611 0.073745 0.864339 0.010355 0.049950
2 2 0.000436 0.023431 0.952665 0.001047 0.022421
2 2 0.002234 0.134136 0.711957 0.003072 0.148602
2 2 0.000758 0.035457 0.917387 0.000447 0.045950
2 2 0.002911 0.139374 0.735185 0.004444 0.118086
2 2 0.000160 0.016579 0.960126 0.001016 0.022119
2 2 0.001102 0.073703 0.908469 0.004530 0.012197
2 2 0.002397 0.104262 0.868644 0.006892 0.017806
2 2 0.001777 0.054577 0.928740 0.001966 0.012939
2 2 0.003843 0.124540 0.839587 0.009506 0.022524
2 2 0.000688 0.052580 0.931082 0.002747 0.012904
2 2 0.000574 0.057709 0.925801 0.002882 0.013034
2 2 0.000272 0.019328 0.967512 0.008651 0.004237
2 2 0.000804 0.032295 0.959178 0.001670 0.006053
2 2 0.000246 0.009315 0.984370 0.004524 0.001546
2 2 0.000361 0.025011 0.966065 0.002524 0.006039
2 2 0.000213 0.013365 0.977103 0.002913 0.006405
2 2 0.000298 0.023554 0.969196 0.001726 0.005226
2 2 0.000199 0.010722 0.983128 0.003443 0.002509
2 2 0.001328 0.070631 0.909616 0.006760 0.011664
2 2 0.001390 0.036050 0.952580 0.004216 0.005764
2 2 0.000341 0.025879 0.963465 0.000925 0.009390
2 2 0.000257 0.013106 0.961730 0.024165 0.000742
2 2 0.001088 0.036016 0.947809 0.009643 0.005444
2 2 0.000682 0.030083 0.958466 0.001295 0.009474
2 2 0.000297 0.011988 0.977850 0.008763 0.001102
2 2 0.000622 0.036846 0.948119 0.010321 0.004092
2 2 0.000339 0.027043 0.962928 0.005494 0.004196
2 2 0.000855 0.034027 0.938977 0.022480 0.003660
2 2 0.001385 0.069123 0.908402 0.007698 0.013392
2 2 0.000210 0.011065 0.981309 0.003545 0.003871
2 2 0.000456 0.021281 0.961104 0.014808 0.002352
2 2 0.000435 0.010837 0.948933 0.038877 0.000917
2 2 0.000315 0.020810 0.967337 0.008711 0.002827
2 2 0.006347 0.038980 0.875123 0.071889 0.007661
0 0 0.723368 0.105425 0.076077 0.005344 0.089785
0 0 0.971750 0.011710 0.002386 0.000018 0.014137
0 0 0.906278 0.048373 0.006594 0.000128 0.038628
0 0 0.930208 0.032325 0.006685 0.000109 0.030673
0 0 0.942192 0.026612 0.005046 0.000069 0.026080
0 0 0.796919 0.125754 0.008267 0.000277 0.068784
1 0 0.426295 0.442691 0.007351 0.000610 0.123053
0 1 0.505934 0.347231 0.022718 0.001477 0.122640
0 0 0.538236 0.344135 0.006831 0.000423 0.110376
0 0 0.829245 0.096992 0.010907 0.000351 0.062505
0 0 0.890893 0.058199 0.007172 0.000156 0.043580
0 0 0.474855 0.424622 0.002074 0.000103 0.098346
1 0 0.378963 0.491108 0.010532 0.000702 0.118695
1 0 0.219887 0.634928 0.044528 0.001586 0.099071
1 0 0.195723 0.636371 0.066650 0.002495 0.098762
1 1 0.071082 0.547139 0.321609 0.005866 0.054303
1 1 0.151084 0.542171 0.235436 0.003294 0.068016
2 1 0.065462 0.426542 0.445101 0.010919 0.051977
2 2 0.100350 0.217627 0.634293 0.002603 0.045127
1 2 0.105468 0.457694 0.378474 0.004679 0.053685
2 2 0.181586 0.359940 0.402026 0.003114 0.053333
1 2 0.111156 0.466240 0.358556 0.004434 0.059614
2 2 0.135715 0.261127 0.559797 0.003747 0.039614
2 2 0.070559 0.410759 0.466534 0.006728 0.045421
2 2 0.054757 0.317913 0.586890 0.006509 0.033931
1 2 0.055849 0.460946 0.422889 0.008061 0.052255
2 2 0.071883 0.222302 0.667950 0.002860 0.035005
1 2 0.055888 0.510555 0.375056 0.008156 0.050345
2 2 0.067897 0.324234 0.558259 0.006298 0.043312
2 2 0.045996 0.445001 0.452731 0.010961 0.045312
2 2 0.032045 0.222634 0.699561 0.005036 0.040723
2 2 0.000099 0.009626 0.985405 0.003252 0.001619
2 2 0.000214 0.013221 0.975275 0.010258 0.001033
2 2 0.000612 0.038606 0.945167 0.009472 0.006143
2 2 0.000058 0.005682 0.977379 0.016249 0.000633
2 2 0.000234 0.023107 0.966378 0.006037 0.004244
2 2 0.000368 0.020132 0.952127 0.024916 0.002456
2 2 0.000212 0.012403 0.976631 0.009445 0.001309
2 2 0.000305 0.029200 0.957809 0.006453 0.006233
2 2 0.000327 0.021129 0.957321 0.018124 0.003099
2 2 0.000892 0.032976 0.933819 0.028577 0.003736
2 2 0.000154 0.008296 0.968664 0.021788 0.001097
2 2 0.000932 0.037321 0.934459 0.022254 0.005034
2 2 0.000218 0.009599 0.967125 0.022034 0.001024
2 2 0.000206 0.017126 0.972491 0.006021 0.004156
2 2 0.000219 0.016321 0.959802 0.020374 0.003284
2 2 0.000525 0.037304 0.947006 0.008203 0.006962
2 2 0.000373 0.030905 0.952494 0.008333 0.007895
2 2 0.000702 0.040286 0.937641 0.011878 0.009494
2 2 0.000071 0.007176 0.979863 0.010712 0.002179
2 2 0.000257 0.011344 0.925702 0.060991 0.001706
2 2 0.000215 0.022687 0.960615 0.008332 0.008151
2 2 0.000190 0.017800 0.968080 0.011175 0.002754
2 2 0.000052 0.007154 0.981124 0.010096 0.001574
2 2 0.000126 0.013169 0.971808 0.012884 0.002013
2 2 0.000127 0.009988 0.974172 0.013879 0.001833
2 2 0.000193 0.013730 0.955324 0.027681 0.003072
2 2 0.000579 0.022529 0.935427 0.039153 0.002311
2 2 0.000110 0.010746 0.966298 0.020411 0.002435
2 2 0.000049 0.003853 0.984073 0.011343 0.000682
2 2 0.001166 0.025258 0.870372 0.099727 0.003476
2 2 0.000627 0.005271 0.658816 0.334080 0.001205
2 2 0.000149 0.008261 0.912438 0.076871 0.002281
2 2 0.000314 0.005380 0.770981 0.222525 0.000800
2 2 0.001110 0.009677 0.739015 0.248166 0.002031
2 2 0.000650 0.017981 0.870856 0.106272 0.004241
3 2 0.000413 0.004527 0.396461 0.597407 0.001192
