0 0 0.489160 0.194897 0.116199 0.079920 0.119825
0 0 0.489160 0.194897 0.116199 0.079920 0.119825
0 0 0.456632 0.100235 0.027724 0.079432 0.335977
0 0 0.477671 0.117418 0.037576 0.082109 0.285226
0 0 0.418690 0.078624 0.017786 0.074038 0.410863
0 0 0.497670 0.179563 0.094214 0.082163 0.146390
0 0 0.500585 0.163916 0.075900 0.083492 0.176107
0 0 0.489160 0.194897 0.116199 0.079920 0.119825
0 0 0.489589 0.131433 0.047117 0.083382 0.248480
0 0 0.489160 0.194897 0.116199 0.079920 0.119825
0 0 0.495236 0.185188 0.101746 0.081454 0.136376
0 0 0.499443 0.153075 0.065090 0.083883 0.198510
0 0 0.498507 0.149482 0.061796 0.083918 0.206297
0 0 0.489160 0.194897 0.116199 0.079920 0.119825
0 0 0.489160 0.194897 0.116199 0.079920 0.119825
0 0 0.489160 0.194897 0.116199 0.079920 0.119825
0 0 0.489160 0.194897 0.116199 0.079920 0.119825
0 0 0.498003 0.178621 0.093007 0.082269 0.148099
0 0 0.496917 0.181501 0.096746 0.081933 0.142902
0 0 0.489160 0.194897 0.116199 0.079920 0.119825
0 0 0.497247 0.145765 0.058526 0.083906 0.214556
0 0 0.500178 0.169483 0.082014 0.083124 0.165201
0 0 0.489160 0.194897 0.116199 0.079920 0.119825
0 0 0.489160 0.194897 0.116199 0.079920 0.119825
0 0 0.489160 0.194897 0.116199 0.079920 0.119825
0 0 0.500554 0.161595 0.073468 0.083611 0.180771
0 0 0.489160 0.194897 0.116199 0.079920 0.119825
0 0 0.500588 0.163403 0.075356 0.083520 0.177132
0 0 0.500322 0.158414 0.070243 0.083744 0.187277
0 0 0.500367 0.167862 0.080191 0.083243 0.168337
0 0 0.499789 0.171888 0.084786 0.082930 0.160606
0 0 0.496393 0.143641 0.056719 0.083876 0.219370
0 0 0.489160 0.194897 0.116199 0.079920 0.119825
0 0 0.496216 0.183129 0.098922 0.081729 0.140004
0 0 0.499629 0.153951 0.065913 0.083867 0.196640
0 0 0.489160 0.194897 0.116199 0.079920 0.119825
0 0 0.489160 0.194897 0.116199 0.079920 0.119825
0 0 0.489160 0.194897 0.116199 0.079920 0.119825
0 0 0.489160 0.194897 0.116199 0.079920 0.119825
0 0 0.489160 0.194897 0.116199 0.079920 0.119825
0 0 0.489160 0.194897 0.116199 0.079920 0.119825
0 0 0.489160 0.194897 0.116199 0.079920 0.119825
0 0 0.495360 0.184939 0.101399 0.081489 0.136814
0 0 0.489160 0.194897 0.116199 0.079920 0.119825
0 0 0.489160 0.194897 0.116199 0.079920 0.119825
0 0 0.489160 0.194897 0.116199 0.079920 0.119825
0 0 0.500574 0.164511 0.076534 0.083458 0.174923
0 0 0.489160 0.194897 0.116199 0.079920 0.119825
0 0 0.489160 0.194897 0.116199 0.079920 0.119825
0 0 0.489160 0.194897 0.116199 0.079920 0.119825
0 0 0.489160 0.194897 0.116199 0.079920 0.119825
0 0 0.498328 0.177642 0.091767 0.082376 0.149887
0 0 0.489160 0.194897 0.116199 0.079920 0.119825
0 0 0.495785 0.142257 0.055564 0.083848 0.222547
0 0 0.457176 0.100613 0.027921 0.079506 0.334784
0 0 0.499099 0.151628 0.063748 0.083903 0.201622
0 0 0.492848 0.189488 0.107902 0.080825 0.128937
0 0 0.489160 0.194897 0.116199 0.079920 0.119825
0 0 0.489160 0.194897 0.116199 0.079920 0.119825
0 0 0.489160 0.194897 0.116199 0.079920 0.119825
0 0 0.489160 0.194897 0.116199 0.079920 0.119825
0 0 0.489160 0.194897 0.116199 0.079920 0.119825
0 0 0.500571 0.162093 0.073984 0.083587 0.179765
0 0 0.489160 0.194897 0.116199 0.079920 0.119825
0 0 0.491543 0.191537 0.110969 0.080498 0.125453
0 0 0.489160 0.194897 0.116199 0.079920 0.119825
0 0 0.489160 0.194897 0.116199 0.079920 0.119825
0 0 0.489160 0.194897 0.116199 0.079920 0.119825
0 0 0.497415 0.180247 0.095100 0.082084 0.145155
0 0 0.489160 0.194897 0.116199 0.079920 0.119825
0 0 0.489160 0.194897 0.116199 0.079920 0.119825
0 0 0.496704 0.144386 0.057348 0.083888 0.217674
0 0 0.499647 0.154038 0.065996 0.083865 0.196455
0 0 0.489160 0.194897 0.116199 0.079920 0.119825
0 0 0.494650 0.186325 0.103338 0.081296 0.134391
0 0 0.489160 0.194897 0.116199 0.079920 0.119825
0 0 0.495147 0.185365 0.101991 0.081430 0.136067
0 0 0.489160 0.194897 0.116199 0.079920 0.119825
0 0 0.489160 0.194897 0.116199 0.079920 0.119825
0 0 0.497433 0.180198 0.095036 0.082089 0.145243
0 0 0.489160 0.194897 0.116199 0.079920 0.119825
0 0 0.489836 0.193987 0.114757 0.080082 0.121339
0 0 0.489160 0.194897 0.116199 0.079920 0.119825
0 0 0.489160 0.194897 0.116199 0.079920 0.119825
0 0 0.495471 0.141577 0.055003 0.083831 0.224118
0 0 0.499351 0.173956 0.087236 0.082746 0.156711
0 0 0.489252 0.194774 0.116003 0.079942 0.120029
0 0 0.489160 0.194897 0.116199 0.079920 0.119825
0 0 0.489160 0.194897 0.116199 0.079920 0.119825
0 0 0.489160 0.194897 0.116199 0.079920 0.119825
0 0 0.500329 0.158475 0.070303 0.083741 0.187152
1 0 0.259428 0.297384 0.205347 0.032968 0.204873
0 0 0.475929 0.115731 0.036523 0.081903 0.289915
4 0 0.142825 0.224955 0.103241 0.015973 0.513006
4 0 0.174236 0.275751 0.154863 0.019921 0.375228
0 0 0.497321 0.145963 0.058697 0.083908 0.214111
0 0 0.497816 0.147339 0.059894 0.083917 0.211033
0 0 0.499898 0.155379 0.067275 0.083835 0.193613
0 0 0.479898 0.119676 0.039015 0.082367 0.279044
0 0 0.489160 0.194897 0.116199 0.079920 0.119825
0 0 0.427586 0.117301 0.035395 0.070997 0.348721
0 0 0.416957 0.125108 0.039256 0.067981 0.350697
0 0 0.454289 0.167328 0.071412 0.072852 0.234118
4 0 0.067592 0.276829 0.167796 0.006125 0.481659
4 1 0.052940 0.262536 0.156190 0.004560 0.523774
4 1 0.052130 0.272435 0.168731 0.004451 0.502252
4 1 0.048785 0.250271 0.143989 0.004150 0.552805
4 1 0.062274 0.259202 0.148592 0.005584 0.524348
4 1 0.053826 0.291779 0.194033 0.004591 0.455771
4 1 0.044591 0.200998 0.097190 0.003842 0.653380
4 1 0.068821 0.263962 0.151905 0.006303 0.509009
4 4 0.037953 0.083451 0.022696 0.003671 0.852229
4 4 0.034394 0.048747 0.009709 0.003588 0.903562
4 4 0.058635 0.100732 0.028813 0.006074 0.805747
4 4 0.037013 0.064860 0.015162 0.003727 0.879238
4 4 0.057213 0.111649 0.034260 0.005785 0.791093
4 4 0.076125 0.244734 0.129190 0.007219 0.542732
4 4 0.129196 0.222124 0.101538 0.014124 0.533017
4 4 0.047069 0.264511 0.161534 0.003939 0.522946
4 4 0.060383 0.279153 0.173521 0.005321 0.481622
4 4 0.016769 0.307845 0.274194 0.001085 0.400106
4 4 0.028557 0.248601 0.155640 0.002145 0.565057
4 4 0.013198 0.167478 0.087052 0.000882 0.731390
4 4 0.019628 0.159157 0.074236 0.001451 0.745528
4 4 0.016383 0.172723 0.088338 0.001145 0.721411
4 4 0.016042 0.258080 0.186727 0.001048 0.538102
4 4 0.013173 0.280431 0.231623 0.000814 0.473960
4 4 0.023224 0.239174 0.149914 0.001672 0.586017
4 4 0.014249 0.099702 0.035880 0.001061 0.849108
4 4 0.015089 0.243509 0.168272 0.000980 0.572149
4 4 0.016787 0.165037 0.081259 0.001189 0.735728
4 4 0.009724 0.100770 0.039084 0.000661 0.849760
4 4 0.021214 0.305759 0.256232 0.001450 0.415345
4 4 0.036605 0.292783 0.208563 0.002851 0.459198
4 4 0.014858 0.230805 0.152166 0.000969 0.601202
4 4 0.014669 0.301666 0.268440 0.000922 0.414303
4 4 0.015773 0.284755 0.230861 0.001014 0.467596
2 4 0.011943 0.322300 0.339552 0.000715 0.325490
2 4 0.011403 0.323704 0.349137 0.000676 0.315080
2 4 0.009158 0.318976 0.353956 0.000517 0.317392
2 4 0.010662 0.322269 0.350635 0.000622 0.315811
2 4 0.008049 0.294907 0.389371 0.000562 0.307111
2 4 0.010250 0.319943 0.346019 0.000593 0.323195
2 2 0.008698 0.308534 0.370175 0.000540 0.312053
1 2 0.048402 0.340715 0.291025 0.003977 0.315881
4 2 0.007137 0.236246 0.371910 0.000791 0.383916
2 2 0.005769 0.176196 0.616071 0.001683 0.200281
2 2 0.000956 0.068945 0.894313 0.001813 0.033973
2 2 0.001769 0.095827 0.744063 0.001581 0.156761
2 2 0.000618 0.060121 0.885663 0.001073 0.052526
2 2 0.000058 0.005182 0.988308 0.005645 0.000808
2 2 0.000016 0.001860 0.991289 0.006641 0.000195
2 2 0.000027 0.002871 0.991119 0.005568 0.000415
2 2 0.000077 0.006942 0.987069 0.004464 0.001448
2 2 0.000665 0.025367 0.958064 0.007526 0.008378
2 2 0.007052 0.157498 0.809254 0.012417 0.013778
2 2 0.010080 0.197833 0.710129 0.005739 0.076219
2 2 0.000070 0.009930 0.985644 0.002184 0.002172
2 2 0.000065 0.006834 0.987456 0.004809 0.000835
2 2 0.000029 0.005490 0.991334 0.002579 0.000567
2 2 0.000099 0.006783 0.984632 0.007467 0.001019
2 2 0.000026 0.003306 0.991439 0.004848 0.000381
2 2 0.000113 0.005321 0.981470 0.012164 0.000932
2 2 0.000056 0.003395 0.983369 0.012813 0.000366
2 2 0.000140 0.004961 0.971890 0.022470 0.000539
2 2 0.000046 0.001470 0.962588 0.035732 0.000164
2 2 0.000049 0.002155 0.973073 0.024538 0.000183
2 2 0.000050 0.003113 0.985202 0.011206 0.000429
2 2 0.000071 0.001739 0.945170 0.052867 0.000154
2 2 0.000057 0.000928 0.887662 0.111287 0.000067
2 2 0.000233 0.003800 0.939412 0.055959 0.000596
2 2 0.000041 0.001081 0.947909 0.050856 0.000113
2 2 0.000077 0.002103 0.956436 0.041176 0.000208
2 2 0.000212 0.002156 0.850385 0.146939 0.000308
2 3 0.000183 0.003232 0.943284 0.052653 0.000648
2 3 0.000217 0.004102 0.943185 0.052033 0.000463
2 3 0.000154 0.002669 0.930127 0.066781 0.000270
2 3 0.000156 0.001262 0.759484 0.239006 0.000093
2 3 0.000264 0.001666 0.742098 0.255720 0.000251
2 3 0.000086 0.001598 0.926230 0.071865 0.000221
3 3 0.000106 0.000535 0.456233 0.542795 0.000332
3 3 0.000197 0.000669 0.399288 0.599607 0.000239
2 3 0.000131 0.000851 0.625145 0.373637 0.000235
2 3 0.000813 0.003191 0.620369 0.374750 0.000877
3 3 0.000514 0.001561 0.450489 0.546652 0.000784
3 3 0.000292 0.001200 0.484255 0.513356 0.000897
2 3 0.000244 0.001313 0.606571 0.391527 0.000345
3 3 0.000267 0.001101 0.472722 0.525312 0.000598
3 3 0.000512 0.000726 0.188888 0.809075 0.000800
3 3 0.000264 0.001023 0.444754 0.553114 0.000845
3 3 0.000713 0.001369 0.290184 0.706637 0.001097
2 3 0.000141 0.001008 0.698494 0.300063 0.000294
3 3 0.000439 0.001268 0.389901 0.607659 0.000733
2 3 0.000523 0.001886 0.512533 0.484079 0.000979
3 3 0.001083 0.002162 0.319116 0.676055 0.001584
3 3 0.000358 0.000673 0.208414 0.789761 0.000793
3 3 0.000039 0.000126 0.250688 0.749078 0.000069
3 3 0.000225 0.000542 0.274970 0.723935 0.000328
3 3 0.000511 0.001074 0.278375 0.718819 0.001220
3 3 0.000223 0.000456 0.209839 0.788939 0.000544
3 3 0.000611 0.001049 0.251988 0.745612 0.000740
3 3 0.000524 0.001056 0.294369 0.703353 0.000699
3 3 0.000314 0.000488 0.190164 0.808557 0.000476
3 3 0.000395 0.000723 0.210628 0.787375 0.000880
3 3 0.000399 0.000760 0.238882 0.759309 0.000650
3 3 0.000193 0.000633 0.343779 0.654881 0.000515
3 3 0.000811 0.001063 0.182995 0.814065 0.001066
3 3 0.000069 0.000100 0.105672 0.894076 0.000083
3 3 0.000316 0.000470 0.163605 0.835021 0.000588
3 3 0.000277 0.000234 0.076826 0.922136 0.000527
3 3 0.000693 0.001101 0.206192 0.789340 0.002674
3 3 0.000952 0.001060 0.156249 0.840526 0.001213
3 3 0.000207 0.000287 0.125456 0.873616 0.000435
3 3 0.000322 0.000349 0.098912 0.899670 0.000747
3 3 0.000576 0.001336 0.324697 0.671774 0.001617
3 3 0.001158 0.001255 0.156300 0.838330 0.002957
3 3 0.000396 0.000841 0.265459 0.732578 0.000726
3 3 0.000903 0.001058 0.175400 0.821118 0.001522
3 3 0.000389 0.000667 0.198089 0.800040 0.000815
3 3 0.000397 0.000786 0.236928 0.760952 0.000937
3 3 0.000499 0.000359 0.072002 0.926457 0.000684
3 3 0.000251 0.000425 0.182743 0.816080 0.000501
3 3 0.000608 0.000860 0.166997 0.829591 0.001944
3 3 0.000847 0.000735 0.104256 0.892288 0.001874
3 3 0.000363 0.000534 0.166305 0.831874 0.000924
3 3 0.001121 0.001061 0.157346 0.838488 0.001984
3 3 0.000419 0.000551 0.146557 0.851624 0.000849
3 3 0.001067 0.001092 0.147723 0.848566 0.001553
3 3 0.001023 0.001139 0.152292 0.843316 0.002229
3 3 0.000266 0.000270 0.090335 0.908572 0.000558
3 3 0.000406 0.000705 0.197311 0.800465 0.001113
3 3 0.000300 0.000167 0.046743 0.952422 0.000368
3 3 0.001328 0.000468 0.036108 0.959862 0.002235
3 3 0.003522 0.006220 0.393396 0.590417 0.006445
3 3 0.003269 0.003678 0.222713 0.765843 0.004497
2 3 0.004894 0.013419 0.595784 0.376330 0.009572
2 3 0.000650 0.002588 0.610321 0.385876 0.000565
2 3 0.000231 0.001381 0.688347 0.309850 0.000191
2 3 0.001271 0.004811 0.652078 0.340443 0.001396
2 3 0.000178 0.001661 0.820941 0.177101 0.000119
2 2 0.007387 0.042044 0.851859 0.078129 0.020581
2 2 0.000555 0.003812 0.815787 0.179269 0.000576
2 2 0.001065 0.010014 0.905102 0.082324 0.001494
2 2 0.001592 0.013710 0.898850 0.083741 0.002108
2 2 0.000321 0.001571 0.657593 0.340226 0.000289
2 2 0.000136 0.001842 0.893754 0.104021 0.000248
2 2 0.028399 0.070869 0.663598 0.230948 0.006186
2 2 0.023854 0.057227 0.669613 0.232326 0.016980
2 2 0.000573 0.003732 0.811903 0.183388 0.000403
2 2 0.000086 0.001195 0.877465 0.121158 0.000095
2 2 0.017206 0.131114 0.790016 0.045888 0.015776
2 2 0.000132 0.001647 0.882463 0.115598 0.000160
2 2 0.000869 0.006415 0.850925 0.141115 0.000676
2 2 0.000155 0.001728 0.867421 0.130528 0.000168
2 2 0.000258 0.001611 0.716297 0.281648 0.000186
2 2 0.000625 0.003042 0.705463 0.290317 0.000553
2 2 0.000136 0.001157 0.745258 0.253289 0.000161
2 2 0.000874 0.004092 0.713091 0.281418 0.000525
2 2 0.000386 0.001777 0.591693 0.405652 0.000492
2 2 0.000178 0.002226 0.887202 0.110172 0.000221
2 2 0.000594 0.002818 0.677676 0.318341 0.000571
2 2 0.000107 0.000793 0.708541 0.290477 0.000083
2 2 0.000076 0.001031 0.860814 0.138012 0.000068
2 2 0.000185 0.003685 0.941616 0.054168 0.000346
2 2 0.000342 0.006103 0.943844 0.049012 0.000698
2 2 0.000867 0.012287 0.931457 0.054051 0.001338
2 2 0.000321 0.004433 0.918466 0.076300 0.000480
2 2 0.001463 0.020579 0.936604 0.037424 0.003930
2 2 0.000656 0.006716 0.893908 0.098049 0.000671
2 2 0.001555 0.022521 0.937931 0.033296 0.004697
2 2 0.000795 0.017178 0.953744 0.025774 0.002509
2 2 0.000204 0.006036 0.966398 0.026728 0.000633
2 2 0.001710 0.011156 0.864926 0.120223 0.001985
2 2 0.002903 0.010570 0.712417 0.270348 0.003763
2 2 0.001954 0.018946 0.893821 0.083573 0.001706
2 2 0.019228 0.037867 0.624648 0.314142 0.004115
2 2 0.005674 0.043681 0.861637 0.085303 0.003704
2 2 0.003421 0.030913 0.890745 0.071668 0.003253
2 2 0.000293 0.002895 0.868198 0.128319 0.000294
2 2 0.001625 0.018919 0.929725 0.045533 0.004198
2 2 0.002412 0.017634 0.884484 0.092599 0.002872
2 2 0.000681 0.020946 0.960894 0.013770 0.003709
2 2 0.000382 0.010912 0.965751 0.021450 0.001505
2 2 0.000476 0.004663 0.881739 0.112608 0.000514
2 2 0.000582 0.022918 0.962541 0.009603 0.004355
2 2 0.000142 0.003411 0.947683 0.048504 0.000261
2 2 0.000699 0.013387 0.953020 0.030680 0.002214
2 2 0.000959 0.013317 0.939211 0.044098 0.002415
2 2 0.007394 0.079795 0.865996 0.028002 0.018814
2 2 0.000183 0.003523 0.949544 0.046209 0.000542
2 2 0.001289 0.018264 0.938863 0.038096 0.003487
2 2 0.000678 0.006128 0.876802 0.115760 0.000632
2 2 0.001231 0.010440 0.885710 0.101307 0.001312
2 2 0.000595 0.004656 0.830735 0.163665 0.000349
2 2 0.001677 0.011327 0.866551 0.118289 0.002156
2 2 0.006626 0.034415 0.830228 0.124557 0.004173
2 2 0.005615 0.015708 0.659154 0.317532 0.001991
2 2 0.003764 0.016767 0.775150 0.202330 0.001988
2 2 0.000662 0.006030 0.884724 0.107847 0.000737
2 2 0.001745 0.010538 0.817795 0.167742 0.002180
2 2 0.034408 0.238578 0.657174 0.028871 0.040969
0 0 0.467253 0.204719 0.130064 0.084336 0.113628
0 0 0.450000 0.212055 0.141454 0.087668 0.108824
0 0 0.489160 0.194897 0.116199 0.079920 0.119825
0 0 0.494036 0.187454 0.104943 0.081133 0.132434
2 0 0.277524 0.264054 0.281870 0.112956 0.063595
0 0 0.294235 0.283708 0.191251 0.038961 0.191844
1 0 0.063140 0.348184 0.299071 0.005523 0.284083
1 0 0.247261 0.301971 0.210358 0.030952 0.209457
0 0 0.489160 0.194897 0.116199 0.079920 0.119825
0 0 0.498563 0.176887 0.090821 0.082456 0.151272
0 0 0.452247 0.213187 0.130108 0.070993 0.133465
1 0 0.137061 0.337233 0.258937 0.014525 0.252244
1 1 0.082848 0.347243 0.287106 0.007735 0.275067
1 1 0.043354 0.346184 0.313050 0.003473 0.293940
1 1 0.059345 0.348085 0.301560 0.005115 0.285895
1 1 0.046364 0.346765 0.310736 0.003772 0.292364
0 0 0.489160 0.194897 0.116199 0.079920 0.119825
1 0 0.177573 0.325866 0.240219 0.020177 0.236165
1 0 0.059953 0.351562 0.314916 0.005605 0.267965
1 0 0.236224 0.306038 0.214947 0.029158 0.213632
0 1 0.489160 0.194897 0.116199 0.079920 0.119825
1 1 0.091958 0.346178 0.281986 0.008808 0.271070
1 1 0.061269 0.348149 0.300289 0.005321 0.284972
1 1 0.113745 0.342494 0.270460 0.011489 0.261812
1 1 0.048937 0.347168 0.308820 0.004032 0.291043
2 1 0.034708 0.354587 0.444380 0.005326 0.161000
2 1 0.038071 0.356770 0.422415 0.005349 0.177395
2 1 0.028607 0.339925 0.431324 0.003779 0.196365
2 1 0.036307 0.356332 0.405655 0.004516 0.197190
2 1 0.005558 0.209010 0.702602 0.002244 0.080585
1 1 0.287849 0.288613 0.205680 0.042651 0.175208
1 1 0.135662 0.337580 0.259610 0.014338 0.252810
1 2 0.079483 0.347549 0.289054 0.007347 0.276567
1 2 0.029514 0.341466 0.325110 0.002165 0.301745
1 2 0.027939 0.340843 0.327530 0.002033 0.301655
2 2 0.029627 0.349980 0.368507 0.002741 0.249146
2 2 0.016012 0.341289 0.438614 0.001699 0.202386
2 2 0.003655 0.152618 0.775533 0.002417 0.065777
2 2 0.003516 0.173413 0.761814 0.001971 0.059286
2 2 0.001814 0.119474 0.826772 0.001574 0.050366
2 2 0.003916 0.195265 0.740678 0.001889 0.058252
2 2 0.000796 0.078696 0.901450 0.001609 0.017450
2 2 0.215714 0.286069 0.341425 0.095100 0.061691
1 2 0.032536 0.342857 0.322225 0.002440 0.299942
2 2 0.045246 0.358101 0.383235 0.005482 0.207937
2 2 0.021726 0.333815 0.536515 0.004822 0.103122
1 2 0.103648 0.355097 0.350096 0.016655 0.174504
2 2 0.005907 0.216708 0.699129 0.002373 0.075883
2 2 0.034883 0.262530 0.595058 0.015667 0.091861
1 2 0.050672 0.347396 0.307559 0.004209 0.290164
2 2 0.008537 0.223105 0.668595 0.003198 0.096564
2 2 0.025121 0.346677 0.369120 0.002184 0.256899
2 2 0.022142 0.348387 0.415895 0.002356 0.211220
2 2 0.011036 0.308487 0.596894 0.002724 0.080860
2 2 0.032520 0.353650 0.386169 0.003446 0.224215
1 2 0.089297 0.356687 0.338467 0.011972 0.203577
2 2 0.023491 0.345578 0.371540 0.002015 0.257377
2 2 0.006325 0.173689 0.736359 0.003693 0.079933
2 2 0.006658 0.221547 0.632692 0.001804 0.137298
2 2 0.015426 0.248565 0.434839 0.002426 0.298744
2 2 0.010004 0.225145 0.467086 0.001699 0.296066
4 2 0.018298 0.277296 0.297094 0.001714 0.405599
2 2 0.009408 0.226688 0.496368 0.001575 0.265962
2 2 0.016535 0.287264 0.353964 0.001579 0.340658
4 1 0.058951 0.257733 0.148124 0.005222 0.529970
4 1 0.151094 0.288409 0.170902 0.016575 0.373019
4 1 0.067294 0.247563 0.134326 0.006186 0.544630
4 1 0.053506 0.247115 0.138474 0.004660 0.556245
4 1 0.034677 0.292687 0.210449 0.002667 0.459519
4 1 0.083851 0.287742 0.177103 0.007961 0.443343
4 1 0.036021 0.249637 0.150657 0.002855 0.560831
4 4 0.028684 0.174515 0.081501 0.002281 0.713019
4 4 0.023940 0.218975 0.126273 0.001759 0.629053
4 4 0.022483 0.130795 0.051962 0.001775 0.792985
4 4 0.031748 0.202119 0.103862 0.002523 0.659747
4 4 0.012253 0.077285 0.034070 0.001396 0.874996
4 4 0.032823 0.207900 0.108671 0.002617 0.647989
4 4 0.042488 0.120517 0.040740 0.003951 0.792304
4 4 0.022033 0.195045 0.103844 0.001617 0.677461
4 4 0.016030 0.035754 0.006747 0.001481 0.939987
4 4 0.020535 0.032307 0.005503 0.002049 0.939606
4 4 0.024264 0.150015 0.064648 0.001904 0.759169
4 4 0.030773 0.133602 0.051035 0.002605 0.781986
4 4 0.013130 0.025322 0.004042 0.001235 0.956270
4 4 0.021111 0.087077 0.026845 0.001766 0.863200
4 4 0.015100 0.040160 0.008202 0.001347 0.935191
4 4 0.012164 0.022281 0.003346 0.001151 0.961059
4 4 0.024939 0.059624 0.014146 0.002325 0.898966
4 4 0.048737 0.200630 0.095510 0.004289 0.650834
4 4 0.007710 0.021387 0.003911 0.000787 0.966206
4 4 0.011220 0.029947 0.005420 0.000986 0.952428
4 4 0.011946 0.032162 0.006004 0.001051 0.948837
4 4 0.023742 0.041523 0.008000 0.002339 0.924396
4 4 0.024005 0.295988 0.231418 0.001693 0.446896
4 4 0.021115 0.289558 0.225882 0.001449 0.461996
4 4 0.024042 0.198390 0.105416 0.001796 0.670356
4 4 0.021873 0.051064 0.011285 0.002035 0.913743
4 4 0.021212 0.285121 0.218075 0.001460 0.474132
4 4 0.022975 0.116880 0.042912 0.001860 0.815374
4 4 0.021343 0.161925 0.075353 0.001604 0.739775
4 4 0.018260 0.289799 0.233047 0.001212 0.457682
4 4 0.020595 0.290388 0.228474 0.001405 0.459137
4 2 0.023414 0.317924 0.277027 0.001632 0.380003
4 2 0.026681 0.277020 0.196134 0.001944 0.498221
4 2 0.019941 0.311775 0.272622 0.001342 0.394321
4 2 0.023651 0.281237 0.207229 0.001672 0.486211
4 2 0.048192 0.308703 0.224362 0.003981 0.414763
4 2 0.016109 0.294179 0.247613 0.001037 0.441061
4 2 0.011500 0.263411 0.329375 0.001092 0.394623
2 2 0.009862 0.234202 0.473521 0.001520 0.280896
4 2 0.015317 0.290123 0.296579 0.001186 0.396795
4 2 0.033204 0.320896 0.264077 0.002506 0.379316
2 2 0.013531 0.286430 0.368594 0.001231 0.330213
2 2 0.001012 0.080395 0.878259 0.001463 0.038872
2 2 0.018177 0.340091 0.396800 0.001625 0.243307
4 2 0.020588 0.328670 0.313427 0.001392 0.335923
4 2 0.015254 0.324110 0.323696 0.000964 0.335976
2 2 0.006759 0.208559 0.526876 0.001232 0.256574
2 0 0.043005 0.355409 0.448770 0.007592 0.145224
2 0 0.238931 0.294886 0.303636 0.076724 0.085823
2 0 0.100343 0.349271 0.407961 0.024106 0.118319
0 0 0.444510 0.216803 0.136339 0.073584 0.128763
1 1 0.035876 0.344129 0.319222 0.002751 0.298022
1 1 0.033620 0.343298 0.321231 0.002540 0.299311
1 1 0.036902 0.346561 0.326815 0.002981 0.286741
1 1 0.024619 0.338597 0.330218 0.001733 0.304834
2 1 0.025098 0.334614 0.416530 0.002906 0.220851
1 1 0.037216 0.344571 0.318065 0.002878 0.297270
2 2 0.011877 0.271475 0.515561 0.001935 0.199151
2 2 0.020380 0.316488 0.390617 0.001955 0.270560
2 2 0.003374 0.129542 0.820451 0.003539 0.043093
1 2 0.054152 0.347757 0.305095 0.004568 0.288428
2 2 0.010857 0.276876 0.576119 0.002332 0.133817
2 2 0.001401 0.104390 0.868021 0.001970 0.024218
2 2 0.003326 0.169689 0.748119 0.001625 0.077242
2 2 0.003510 0.139173 0.793106 0.002754 0.061457
2 2 0.000696 0.062002 0.914383 0.001722 0.021198
2 2 0.003875 0.109485 0.843859 0.006011 0.036771
2 2 0.031344 0.354317 0.409488 0.003728 0.201122
2 2 0.006207 0.198805 0.708590 0.002784 0.083614
2 2 0.002842 0.147550 0.781045 0.001791 0.066772
2 2 0.007820 0.171478 0.723773 0.004610 0.092320
2 2 0.000365 0.034318 0.954217 0.002286 0.008814
2 2 0.001674 0.099725 0.869621 0.002585 0.026395
2 2 0.001134 0.078804 0.892310 0.002175 0.025577
2 2 0.006375 0.182642 0.751091 0.004228 0.055663
2 2 0.002667 0.143266 0.795604 0.001888 0.056575
2 2 0.025537 0.348544 0.455933 0.003640 0.166345
2 2 0.003273 0.165497 0.785195 0.002276 0.043760
2 2 0.000328 0.014156 0.972552 0.010652 0.002313
2 2 0.000978 0.057846 0.923817 0.003488 0.013871
2 2 0.000290 0.012570 0.974050 0.011112 0.001978
2 2 0.001603 0.055198 0.924061 0.008300 0.010839
2 2 0.000838 0.044268 0.942250 0.005614 0.007030
2 2 0.000617 0.022360 0.961977 0.010781 0.004266
2 2 0.001636 0.066204 0.914797 0.006898 0.010466
2 2 0.000729 0.016325 0.958180 0.021756 0.003011
2 2 0.009746 0.160602 0.797040 0.018106 0.014505
2 2 0.003501 0.042109 0.908334 0.040360 0.005696
2 2 0.006945 0.122565 0.838688 0.017786 0.014015
2 2 0.000199 0.017693 0.974618 0.003217 0.004273
2 2 0.000338 0.015810 0.972174 0.008760 0.002919
2 2 0.000094 0.005537 0.984073 0.009381 0.000916
2 2 0.000743 0.023481 0.958680 0.012397 0.004700
2 2 0.000795 0.032638 0.951799 0.007575 0.007192
2 2 0.001657 0.036785 0.937383 0.017580 0.006595
2 2 0.000225 0.012988 0.977403 0.006855 0.002529
2 2 0.001363 0.031935 0.943504 0.013774 0.009424
2 2 0.000168 0.008225 0.980301 0.009672 0.001634
2 2 0.000170 0.006320 0.974038 0.018724 0.000748
2 2 0.001470 0.047436 0.929551 0.007868 0.013676
2 2 0.001724 0.035210 0.936536 0.021113 0.005417
2 2 0.000115 0.005355 0.979338 0.014535 0.000657
2 2 0.002055 0.017868 0.892945 0.084686 0.002446
2 2 0.000205 0.007953 0.974377 0.016551 0.000915
2 2 0.000814 0.019038 0.958570 0.015856 0.005722
2 2 0.000514 0.007884 0.941637 0.048764 0.001200
2 2 0.004193 0.050391 0.901800 0.022864 0.020752
2 2 0.000340 0.002321 0.741196 0.255700 0.000444
2 2 0.000343 0.003622 0.885752 0.109835 0.000448
2 2 0.036426 0.145435 0.712921 0.079960 0.025257
2 2 0.064541 0.274422 0.574805 0.050671 0.035562
2 2 0.023152 0.264934 0.631743 0.010842 0.069329
2 2 0.023590 0.237006 0.652431 0.013152 0.073822
2 2 0.015102 0.185385 0.716052 0.011380 0.072080
2 2 0.001241 0.054811 0.927403 0.005785 0.010759
2 2 0.000228 0.007340 0.971163 0.020225 0.001044
2 2 0.005810 0.128746 0.835338 0.011317 0.018790
2 2 0.022920 0.250193 0.683971 0.022464 0.020452
2 2 0.003638 0.117244 0.833432 0.004700 0.040986
2 2 0.000723 0.030146 0.955454 0.009939 0.003737
2 2 0.000148 0.010559 0.981531 0.006074 0.001688
2 2 0.000242 0.011104 0.976928 0.009387 0.002340
2 2 0.000309 0.018564 0.971587 0.005485 0.004055
2 2 0.000261 0.009397 0.973785 0.014935 0.001622
2 2 0.000844 0.035229 0.943239 0.005017 0.015671
2 2 0.000167 0.021849 0.971631 0.001996 0.004356
2 2 0.000595 0.026588 0.958617 0.006107 0.008093
2 2 0.000065 0.004566 0.986265 0.008425 0.000679
2 2 0.000261 0.022693 0.968873 0.003149 0.005024
2 2 0.001381 0.028594 0.941322 0.025291 0.003411
2 2 0.001057 0.037111 0.942609 0.007266 0.011957
2 2 0.000718 0.013787 0.956637 0.025678 0.003179
2 2 0.000315 0.017919 0.971851 0.005992 0.003923
2 2 0.000378 0.006818 0.947841 0.043555 0.001409
2 2 0.000978 0.017402 0.950258 0.028025 0.003337
2 2 0.009463 0.130908 0.793136 0.012070 0.054422
2 2 0.000345 0.007946 0.960506 0.030070 0.001133
2 2 0.041689 0.137221 0.661981 0.150056 0.009053
2 2 0.020797 0.221451 0.714471 0.030907 0.012374
2 2 0.008944 0.099975 0.845941 0.031538 0.013602
2 2 0.001725 0.016600 0.906009 0.073498 0.002168
2 2 0.031603 0.310771 0.588979 0.013522 0.055126
2 2 0.078065 0.287103 0.542479 0.058367 0.033986
2 2 0.011248 0.218373 0.652495 0.004331 0.113552
2 2 0.001912 0.042813 0.929757 0.013075 0.012443
2 2 0.001132 0.015621 0.941850 0.037632 0.003766
2 2 0.000219 0.006464 0.967463 0.025074 0.000781
2 2 0.002841 0.083584 0.877499 0.006248 0.029827
2 2 0.000230 0.012188 0.975912 0.010392 0.001278
2 2 0.017202 0.210420 0.717077 0.014983 0.040318
2 2 0.030157 0.197321 0.698503 0.031907 0.042112
2 2 0.039134 0.352021 0.469388 0.007510 0.131946
2 2 0.010789 0.229386 0.688042 0.005254 0.066530
2 2 0.265731 0.267452 0.293044 0.111561 0.062211
2 2 0.030735 0.347775 0.350174 0.002615 0.268701
2 2 0.020797 0.313698 0.568496 0.005658 0.091351
2 2 0.003845 0.069076 0.896172 0.017311 0.013594
2 2 0.003365 0.030062 0.904597 0.056053 0.005923
2 2 0.000623 0.050232 0.938456 0.003164 0.007524
2 2 0.000487 0.017605 0.965447 0.014360 0.002101
2 2 0.000811 0.013526 0.946026 0.037637 0.002000
2 2 0.000703 0.038746 0.948786 0.005471 0.006294
2 2 0.000978 0.028077 0.950504 0.017396 0.003045
2 2 0.001525 0.050158 0.930925 0.011350 0.006041
2 2 0.006871 0.161450 0.781727 0.006560 0.043391
2 2 0.000316 0.009966 0.970353 0.017718 0.001647
2 2 0.000251 0.013896 0.976096 0.006433 0.003323
2 2 0.000170 0.007112 0.977280 0.014407 0.001031
2 2 0.001618 0.046112 0.931240 0.010125 0.010905
2 2 0.000241 0.017856 0.973804 0.004292 0.003806
2 2 0.000242 0.014704 0.976147 0.006719 0.002187
2 2 0.000218 0.014248 0.976919 0.006298 0.002317
2 2 0.000199 0.009512 0.977054 0.012070 0.001165
2 2 0.001636 0.032476 0.939699 0.015932 0.010257
2 2 0.000345 0.012016 0.972322 0.012523 0.002794
2 2 0.000385 0.015146 0.970847 0.010701 0.002922
2 2 0.000454 0.012091 0.964801 0.020568 0.002086
2 2 0.000455 0.015904 0.967532 0.013731 0.002378
2 2 0.000089 0.002710 0.967854 0.028974 0.000373
2 2 0.000467 0.014641 0.968162 0.013387 0.003344
2 2 0.000127 0.003473 0.959066 0.037009 0.000325
2 2 0.013268 0.147726 0.751153 0.013124 0.074729
2 2 0.000557 0.006358 0.901821 0.090665 0.000600
2 2 0.000210 0.009358 0.978032 0.010563 0.001837
2 2 0.000843 0.012888 0.946207 0.037294 0.002768
2 2 0.000281 0.005542 0.952439 0.040964 0.000775
2 2 0.001550 0.054730 0.921052 0.006458 0.016210
2 2 0.000684 0.014062 0.959767 0.021893 0.003594
2 2 0.002628 0.046940 0.920802 0.019385 0.010245
2 2 0.001451 0.018120 0.930006 0.047469 0.002954
2 2 0.001059 0.023207 0.952198 0.016406 0.007129
2 2 0.000228 0.005045 0.954024 0.040161 0.000541
2 2 0.033008 0.081888 0.658015 0.219973 0.007115
2 2 0.000354 0.010432 0.967473 0.020272 0.001470
2 2 0.000539 0.008764 0.946431 0.042006 0.002260
2 2 0.000307 0.006531 0.957078 0.035188 0.000895
2 2 0.001119 0.019416 0.947191 0.028308 0.003966
2 2 0.000631 0.009837 0.938079 0.050302 0.001152
2 2 0.005180 0.035614 0.877799 0.074718 0.006689
2 2 0.005195 0.023555 0.782016 0.169751 0.019482
2 2 0.007191 0.063335 0.875018 0.034149 0.020307
2 2 0.003723 0.011748 0.701403 0.281041 0.002085
2 2 0.048163 0.065263 0.561006 0.314740 0.010827
2 2 0.037460 0.092501 0.680272 0.176453 0.013314
2 2 0.001649 0.012548 0.885699 0.096182 0.003923
2 2 0.003497 0.041161 0.911584 0.034888 0.008869
2 2 0.000674 0.007957 0.927159 0.061744 0.002467
2 2 0.000254 0.002432 0.852819 0.144032 0.000463
2 2 0.000827 0.005590 0.823263 0.168181 0.002139
2 2 0.000709 0.006147 0.874554 0.117905 0.000684
2 2 0.001487 0.008082 0.785107 0.202145 0.003179
2 2 0.000299 0.004236 0.924625 0.070226 0.000613
2 2 0.000894 0.006979 0.870565 0.120308 0.001254
2 2 0.012346 0.080626 0.835982 0.051825 0.019222
2 2 0.048173 0.276333 0.349554 0.007796 0.318145
2 2 0.006560 0.073236 0.871725 0.024173 0.024306
2 2 0.022018 0.127797 0.757291 0.033606 0.059289
4 2 0.027654 0.156225 0.331702 0.016868 0.467551
2 2 0.031207 0.223884 0.511822 0.010088 0.223000
4 4 0.008852 0.011931 0.002967 0.002390 0.973860
4 4 0.036546 0.137088 0.090997 0.006309 0.729061
4 4 0.011530 0.022728 0.009389 0.003671 0.952682
4 4 0.037041 0.012474 0.001108 0.005070 0.944308
4 4 0.089523 0.152859 0.067085 0.012229 0.678305
4 4 0.065723 0.234905 0.143916 0.007308 0.548148
4 4 0.036541 0.188680 0.139788 0.005091 0.629900
4 4 0.022984 0.103610 0.076092 0.004853 0.792461
4 4 0.020026 0.040482 0.015015 0.004212 0.920265
4 4 0.012320 0.007739 0.000630 0.001425 0.977885
4 4 0.057363 0.064023 0.013854 0.006420 0.858340
4 4 0.009872 0.005208 0.000351 0.001168 0.983400
4 4 0.012450 0.008236 0.000694 0.001427 0.977194
4 4 0.013073 0.008838 0.000769 0.001496 0.975825
4 4 0.019310 0.041329 0.008226 0.001814 0.929320
4 4 0.011227 0.004913 0.000314 0.001384 0.982163
4 4 0.011314 0.010496 0.001034 0.001212 0.975945
4 4 0.027900 0.014230 0.001429 0.003486 0.952955
4 4 0.032007 0.043504 0.008194 0.003353 0.912943
4 4 0.020169 0.056108 0.013307 0.001809 0.908608
4 4 0.089268 0.110281 0.031511 0.010053 0.758887
4 4 0.023011 0.073698 0.020178 0.002025 0.881089
4 4 0.029219 0.151435 0.063633 0.002391 0.753322
4 4 0.018482 0.083614 0.025714 0.001510 0.870679
4 4 0.018973 0.080480 0.024057 0.001570 0.874919
4 4 0.028144 0.088003 0.026003 0.002514 0.855337
4 4 0.075803 0.127239 0.040857 0.008005 0.748096
4 4 0.031148 0.089916 0.026477 0.002838 0.849622
4 4 0.022160 0.187359 0.096574 0.001640 0.692268
4 4 0.010728 0.026288 0.004444 0.000956 0.957584
4 4 0.024797 0.034416 0.005891 0.002556 0.932340
4 4 0.047048 0.231487 0.124797 0.004014 0.592653
4 4 0.030963 0.066224 0.016149 0.002979 0.883685
4 4 0.021617 0.031918 0.005351 0.002188 0.938926
4 4 0.012141 0.011167 0.001126 0.001307 0.974260
4 4 0.031296 0.041506 0.007631 0.003290 0.916278
4 4 0.032010 0.029729 0.004474 0.003599 0.930189
4 4 0.010720 0.008917 0.000807 0.001169 0.978387
4 4 0.033540 0.036291 0.006093 0.003674 0.920402
4 4 0.017745 0.006188 0.000416 0.002331 0.973320
4 4 0.009390 0.016240 0.002125 0.000887 0.971357
4 4 0.010532 0.006805 0.000529 0.001203 0.980930
4 4 0.009201 0.002433 0.000108 0.001236 0.987023
4 4 0.009401 0.006978 0.000562 0.001041 0.982019
4 4 0.009457 0.002202 0.000092 0.001302 0.986947
4 4 0.018258 0.041964 0.008511 0.001688 0.929579
4 4 0.012469 0.038931 0.008072 0.001069 0.939458
4 4 0.011520 0.004633 0.000285 0.001445 0.982118
4 4 0.013669 0.005926 0.000407 0.001703 0.978295
4 4 0.007247 0.009574 0.000968 0.000712 0.981500
4 4 0.012886 0.009696 0.000892 0.001444 0.975082
4 4 0.019859 0.032369 0.005551 0.001965 0.940255
4 4 0.008791 0.012416 0.001408 0.000860 0.976525
4 4 0.011676 0.019214 0.002667 0.001125 0.965317
4 4 0.013180 0.039219 0.008088 0.001144 0.938370
4 4 0.021587 0.028588 0.004494 0.002229 0.943102
4 4 0.016053 0.025750 0.004008 0.001577 0.952611
4 4 0.019836 0.081438 0.024335 0.001655 0.872735
4 4 0.028772 0.033750 0.005570 0.003082 0.928826
4 4 0.019025 0.114948 0.043130 0.001478 0.821420
4 4 0.015362 0.115956 0.045434 0.001133 0.822114
4 4 0.019641 0.138322 0.058451 0.001488 0.782098
4 4 0.017670 0.093657 0.031182 0.001399 0.856091
4 4 0.021319 0.056244 0.013231 0.001936 0.907269
4 4 0.057101 0.058934 0.012136 0.006481 0.865348
4 4 0.017566 0.157830 0.074629 0.001267 0.748708
4 4 0.016835 0.123241 0.049479 0.001255 0.809189
4 4 0.020874 0.071051 0.019340 0.001807 0.886927
4 4 0.021502 0.099315 0.033177 0.001764 0.844241
4 4 0.026915 0.308305 0.249003 0.001942 0.413836
4 4 0.024346 0.272463 0.192710 0.001740 0.508740
4 4 0.018580 0.313120 0.280027 0.001230 0.387044
2 4 0.016402 0.313138 0.338479 0.001211 0.330768
4 4 0.020783 0.328267 0.311544 0.001408 0.337997
2 4 0.016453 0.328217 0.330331 0.001058 0.323942
2 4 0.014669 0.283308 0.368830 0.001421 0.331771
4 4 0.017352 0.316698 0.293231 0.001130 0.371589
1 4 0.056834 0.334755 0.269088 0.004902 0.334420
4 4 0.013229 0.233765 0.280738 0.001533 0.470735
4 4 0.153962 0.282821 0.163534 0.017006 0.382677
4 4 0.021026 0.309887 0.265392 0.001433 0.402262
1 4 0.018993 0.332425 0.331714 0.001261 0.315607
2 1 0.011208 0.323337 0.349523 0.000661 0.315269
2 1 0.007927 0.235480 0.475975 0.001097 0.279521
2 1 0.012875 0.239277 0.492212 0.002154 0.253483
2 2 0.007738 0.197027 0.564627 0.001758 0.228850
2 2 0.010960 0.279357 0.384131 0.000998 0.324555
2 2 0.012586 0.297948 0.352486 0.000970 0.336010
2 2 0.010497 0.229441 0.474648 0.001752 0.283663
2 2 0.012948 0.293444 0.369268 0.001088 0.323252
2 2 0.000748 0.079638 0.862684 0.000804 0.056127
2 2 0.004165 0.156922 0.721810 0.001956 0.115148
2 2 0.000755 0.065976 0.887670 0.001216 0.044383
2 2 0.000513 0.058809 0.908426 0.001003 0.031250
2 2 0.001551 0.092581 0.856362 0.001926 0.047580
2 2 0.019061 0.298462 0.457395 0.002635 0.222447
2 2 0.003116 0.128882 0.746206 0.001754 0.120042
1 2 0.030939 0.342153 0.323728 0.002294 0.300886
2 2 0.001890 0.124996 0.809139 0.001378 0.062597
2 2 0.005937 0.194900 0.661292 0.001956 0.135915
2 2 0.003725 0.137914 0.806757 0.003464 0.048140
2 2 0.032728 0.351970 0.463892 0.005510 0.145900
1 2 0.047883 0.347012 0.309599 0.003925 0.291581
0 2 0.428926 0.220533 0.155944 0.091560 0.103037
1 2 0.030738 0.342060 0.323921 0.002275 0.301007
1 2 0.025962 0.339471 0.328755 0.001849 0.303963
2 2 0.021602 0.315029 0.371549 0.001926 0.289894
2 2 0.021550 0.342739 0.365629 0.001735 0.268348
2 2 0.003259 0.152164 0.773806 0.002023 0.068748
2 2 0.000686 0.067869 0.904031 0.001339 0.026076
2 2 0.000474 0.056551 0.922185 0.001201 0.019589
2 2 0.000894 0.065944 0.910434 0.002264 0.020464
2 2 0.000310 0.031534 0.955143 0.001796 0.011216
2 2 0.003765 0.168616 0.733986 0.001751 0.091882
2 2 0.069413 0.347436 0.462109 0.018546 0.102497
2 2 0.030291 0.353520 0.402500 0.003411 0.210278
2 2 0.017287 0.302592 0.456445 0.002257 0.221419
2 2 0.008004 0.220753 0.605187 0.002027 0.164030
2 2 0.010204 0.227373 0.584482 0.002518 0.175422
2 2 0.007662 0.236005 0.646354 0.002316 0.107663
2 2 0.002733 0.114855 0.839283 0.003327 0.039802
2 2 0.001729 0.099970 0.852185 0.002075 0.044041
2 2 0.008214 0.247835 0.594644 0.001840 0.147467
2 2 0.002391 0.071791 0.894934 0.006708 0.024177
2 2 0.013600 0.278016 0.449022 0.001655 0.257706
2 2 0.002010 0.106517 0.817447 0.001769 0.072258
2 2 0.023311 0.341681 0.349818 0.001780 0.283410
2 2 0.019076 0.304008 0.384174 0.001780 0.290962
1 2 0.045372 0.350209 0.326409 0.003988 0.274023
2 1 0.018102 0.314653 0.367069 0.001464 0.298712
2 1 0.007071 0.161476 0.719988 0.004029 0.107436
2 1 0.019869 0.320944 0.357414 0.001559 0.300214
1 1 0.137188 0.343025 0.283645 0.017242 0.218901
2 1 0.022742 0.333685 0.415320 0.002509 0.225744
2 2 0.008760 0.197531 0.675296 0.003663 0.114749
2 2 0.005682 0.120034 0.811680 0.006582 0.056022
2 2 0.010146 0.205116 0.667680 0.004232 0.112826
2 2 0.001931 0.098811 0.860543 0.002730 0.035985
2 2 0.008786 0.159986 0.695041 0.005054 0.131132
2 2 0.000241 0.026749 0.963266 0.001894 0.007850
2 2 0.000426 0.024985 0.964360 0.005499 0.004731
2 2 0.000370 0.042438 0.941513 0.001441 0.014238
2 2 0.001192 0.085282 0.865524 0.001532 0.046470
2 2 0.000085 0.013749 0.981969 0.001867 0.002330
2 2 0.001023 0.050176 0.930533 0.004499 0.013768
2 2 0.002427 0.115683 0.820441 0.002261 0.059188
2 2 0.000396 0.038487 0.950719 0.002363 0.008035
2 2 0.001639 0.062167 0.915083 0.006332 0.014778
2 2 0.010200 0.176382 0.698528 0.005651 0.109240
2 2 0.001095 0.065884 0.910485 0.003026 0.019511
2 2 0.002149 0.097853 0.864001 0.003374 0.032623
2 2 0.000584 0.044746 0.939778 0.002625 0.012267
2 2 0.001785 0.083801 0.886057 0.003786 0.024571
2 2 0.002158 0.094075 0.873700 0.003989 0.026079
2 2 0.000153 0.020974 0.970625 0.001493 0.006755
2 2 0.001047 0.044369 0.929283 0.004366 0.020936
2 2 0.002446 0.123637 0.824587 0.002336 0.046994
2 2 0.000996 0.067059 0.896368 0.001956 0.033621
2 2 0.000131 0.010676 0.982455 0.004396 0.002342
2 2 0.000489 0.017567 0.967157 0.010737 0.004051
2 2 0.000453 0.012610 0.965274 0.019603 0.002060
2 2 0.000110 0.004980 0.977098 0.017341 0.000472
2 2 0.000916 0.032545 0.950072 0.009092 0.007375
2 2 0.000096 0.004191 0.977676 0.017535 0.000501
2 2 0.000281 0.003851 0.918929 0.076476 0.000463
2 2 0.000072 0.004847 0.984328 0.010259 0.000494
2 2 0.000423 0.010219 0.961820 0.026033 0.001504
2 2 0.000168 0.004078 0.956654 0.038660 0.000439
2 2 0.000922 0.011809 0.937998 0.046773 0.002498
2 2 0.000245 0.005649 0.961116 0.032082 0.000907
2 2 0.000485 0.006183 0.915659 0.077029 0.000643
2 2 0.000609 0.005954 0.900180 0.092021 0.001236
2 2 0.000288 0.006786 0.959176 0.032916 0.000833
2 2 0.001681 0.014956 0.906809 0.073660 0.002894
2 2 0.001307 0.009719 0.864025 0.123911 0.001038
2 2 0.000603 0.009255 0.939074 0.049821 0.001247
2 2 0.000639 0.005339 0.862034 0.131450 0.000537
2 2 0.000248 0.001698 0.743918 0.253863 0.000274
2 2 0.000289 0.002929 0.850696 0.145380 0.000705
2 2 0.000320 0.003022 0.839613 0.156434 0.000611
2 2 0.000669 0.004313 0.810918 0.183242 0.000859
2 2 0.000189 0.001622 0.792493 0.205486 0.000210
2 2 0.003475 0.016881 0.816705 0.160799 0.002141
2 2 0.000874 0.003708 0.688446 0.306044 0.000928
2 2 0.001381 0.003707 0.549774 0.444187 0.000952
2 0 0.085183 0.172532 0.556621 0.167128 0.018535
0 0 0.298150 0.260161 0.262089 0.110824 0.068777
2 0 0.207793 0.270937 0.357101 0.117688 0.046480
0 0 0.414571 0.225999 0.166191 0.094096 0.099143
0 0 0.494465 0.186670 0.103826 0.081246 0.133791
0 0 0.489160 0.194897 0.116199 0.079920 0.119825
0 0 0.489817 0.194013 0.114798 0.080077 0.121296
0 0 0.495279 0.185103 0.101626 0.081466 0.136526
0 0 0.475989 0.169372 0.076675 0.077530 0.200434
0 0 0.489160 0.194897 0.116199 0.079920 0.119825
0 0 0.410346 0.233118 0.146010 0.061620 0.148906
0 0 0.489160 0.194897 0.116199 0.079920 0.119825
0 0 0.457344 0.210703 0.128183 0.072186 0.131584
0 0 0.425087 0.226205 0.140398 0.064834 0.143476
0 0 0.489160 0.194897 0.116199 0.079920 0.119825
0 0 0.496675 0.182081 0.097516 0.081862 0.141867
0 0 0.456139 0.099894 0.027548 0.079366 0.337053
0 0 0.421427 0.079947 0.018323 0.074442 0.405861
0 0 0.495120 0.140842 0.054400 0.083812 0.225827
0 0 0.477012 0.200993 0.120769 0.076905 0.124320
0 0 0.489160 0.194897 0.116199 0.079920 0.119825
0 0 0.474234 0.187092 0.096603 0.076398 0.165673
0 0 0.412248 0.232233 0.145285 0.062029 0.148205
0 0 0.404797 0.235693 0.148128 0.060432 0.150950
1 0 0.146929 0.334692 0.254247 0.015859 0.248274
0 1 0.429049 0.224329 0.138894 0.065712 0.142016
0 1 0.489160 0.194897 0.116199 0.079920 0.119825
0 1 0.377937 0.243987 0.150120 0.054828 0.173128
1 1 0.249200 0.301248 0.209556 0.031271 0.208726
1 1 0.202651 0.317793 0.229205 0.023904 0.226447
0 1 0.482273 0.198363 0.118789 0.078201 0.122374
0 1 0.489160 0.194897 0.116199 0.079920 0.119825
0 1 0.489160 0.194897 0.116199 0.079920 0.119825
0 1 0.489160 0.194897 0.116199 0.079920 0.119825
1 1 0.259105 0.297507 0.205479 0.032914 0.204995
1 1 0.217237 0.312807 0.222951 0.026149 0.220856
1 1 0.217455 0.309339 0.214804 0.026177 0.232224
0 1 0.489160 0.194897 0.116199 0.079920 0.119825
0 1 0.433830 0.222054 0.137080 0.066782 0.140255
1 1 0.227359 0.309236 0.218666 0.027741 0.216998
