0 0 0.924797 0.025333 0.015812 0.000714 0.033344
0 0 0.800528 0.154148 0.014333 0.000240 0.030750
0 0 0.962960 0.026360 0.005129 0.000225 0.005326
0 0 0.981447 0.012401 0.002791 0.000112 0.003249
0 0 0.987147 0.003823 0.002389 0.000070 0.006570
0 0 0.988707 0.003405 0.002825 0.000151 0.004911
0 0 0.969788 0.019088 0.004670 0.000178 0.006275
0 0 0.992861 0.002879 0.001681 0.000083 0.002495
0 0 0.851182 0.132202 0.004747 0.000038 0.011831
0 0 0.720033 0.227831 0.017645 0.000305 0.034186
0 0 0.617802 0.350858 0.009087 0.000068 0.022185
0 0 0.845753 0.124055 0.008082 0.000085 0.022025
0 0 0.991811 0.000931 0.002132 0.000141 0.004985
0 0 0.968219 0.007967 0.006059 0.000205 0.017551
0 0 0.968742 0.018943 0.006704 0.000554 0.005058
0 0 0.972365 0.009413 0.005222 0.000173 0.012828
0 0 0.962565 0.026153 0.004334 0.000116 0.006833
0 0 0.989879 0.001917 0.001962 0.000064 0.006177
0 0 0.665448 0.318305 0.003611 0.000012 0.012624
0 0 0.657903 0.324129 0.004867 0.000024 0.013076
0 0 0.556954 0.374539 0.007534 0.000016 0.060957
0 0 0.791609 0.176391 0.011750 0.000203 0.020047
0 1 0.723163 0.254815 0.006418 0.000046 0.015559
0 1 0.504711 0.448043 0.015025 0.000045 0.032176
0 0 0.600659 0.359414 0.007518 0.000029 0.032381
0 0 0.641091 0.336022 0.006715 0.000044 0.016128
0 0 0.614441 0.358054 0.008206 0.000048 0.019251
0 1 0.717457 0.261559 0.004241 0.000015 0.016728
1 1 0.397459 0.534603 0.032359 0.000083 0.035496
1 1 0.472784 0.476451 0.026885 0.000159 0.023721
1 1 0.329274 0.574265 0.060379 0.000197 0.035886
1 1 0.236133 0.580869 0.134784 0.000611 0.047603
1 0 0.178176 0.517992 0.261411 0.003056 0.039364
1 0 0.440103 0.499249 0.034783 0.000210 0.025655
0 0 0.551572 0.421925 0.011095 0.000041 0.015367
0 1 0.659870 0.322691 0.004753 0.000023 0.012663
1 0 0.443329 0.512395 0.026509 0.000099 0.017669
0 0 0.658704 0.323332 0.004079 0.000014 0.013871
0 0 0.746318 0.234962 0.004910 0.000027 0.013783
0 0 0.967091 0.016980 0.004519 0.000100 0.011310
0 0 0.988947 0.002207 0.002361 0.000093 0.006392
0 0 0.993574 0.000633 0.001042 0.000029 0.004722
0 0 0.990287 0.002187 0.002134 0.000086 0.005306
0 0 0.947652 0.035343 0.006350 0.000175 0.010480
0 0 0.941066 0.047215 0.005958 0.000236 0.005525
0 0 0.981691 0.007300 0.004330 0.000235 0.006445
0 0 0.976088 0.012405 0.003823 0.000112 0.007573
0 0 0.953743 0.038219 0.002152 0.000018 0.005868
0 0 0.979800 0.012116 0.002514 0.000052 0.005517
0 0 0.976653 0.010072 0.004058 0.000122 0.009095
0 0 0.974015 0.010748 0.003481 0.000063 0.011694
0 0 0.981379 0.007993 0.003616 0.000133 0.006879
0 0 0.985120 0.007856 0.002331 0.000064 0.004628
0 0 0.980661 0.011374 0.002181 0.000036 0.005748
0 0 0.982650 0.006428 0.002452 0.000045 0.008426
0 0 0.983248 0.009045 0.002903 0.000102 0.004702
0 0 0.975953 0.018997 0.001761 0.000028 0.003262
0 0 0.990939 0.004877 0.001932 0.000104 0.002148
0 0 0.992138 0.002860 0.002153 0.000146 0.002704
0 0 0.992072 0.001113 0.001665 0.000067 0.005083
0 0 0.983111 0.008860 0.005115 0.001066 0.001848
0 0 0.964292 0.020720 0.009768 0.002459 0.002760
0 0 0.983526 0.008996 0.004856 0.001149 0.001473
0 0 0.992260 0.003221 0.002338 0.000231 0.001950
0 0 0.984510 0.008745 0.004318 0.000775 0.001652
0 0 0.988787 0.006377 0.003164 0.000651 0.001020
0 0 0.987035 0.006945 0.003489 0.000396 0.002135
0 0 0.987111 0.005278 0.004161 0.000532 0.002919
0 0 0.969303 0.024412 0.003109 0.000110 0.003067
0 0 0.988678 0.004185 0.003123 0.000225 0.003790
0 0 0.963249 0.018635 0.008897 0.000702 0.008517
0 0 0.938173 0.037343 0.013955 0.001463 0.009066
0 0 0.945348 0.036426 0.009251 0.000556 0.008419
0 0 0.968385 0.019705 0.005670 0.000304 0.005936
0 1 0.961716 0.032096 0.003328 0.000127 0.002734
0 0 0.513054 0.452085 0.023708 0.000232 0.010922
0 1 0.753409 0.235390 0.006037 0.000119 0.005046
1 1 0.398345 0.535598 0.054198 0.000510 0.011349
1 1 0.354899 0.558793 0.073613 0.000694 0.012001
1 1 0.258543 0.599567 0.127130 0.000864 0.013896
1 1 0.212840 0.615461 0.158099 0.000807 0.012794
1 2 0.183080 0.586534 0.215655 0.001523 0.013208
1 2 0.131085 0.512606 0.328429 0.002764 0.025116
2 2 0.044449 0.303922 0.614952 0.006295 0.030382
2 2 0.011603 0.129158 0.813861 0.011346 0.034032
2 2 0.097319 0.389127 0.477588 0.011553 0.024413
2 2 0.055244 0.321694 0.598020 0.011072 0.013969
2 2 0.045991 0.252686 0.662553 0.027198 0.011572
2 2 0.044152 0.294353 0.615749 0.006630 0.039116
2 2 0.086275 0.364531 0.506813 0.011934 0.030447
2 2 0.007619 0.047800 0.867442 0.061507 0.015633
2 2 0.020869 0.155887 0.762247 0.043788 0.017209
2 3 0.036395 0.071920 0.758308 0.109583 0.023793
2 3 0.039438 0.051958 0.496430 0.396724 0.015449
2 3 0.017272 0.032502 0.580291 0.352631 0.017304
2 3 0.020613 0.035701 0.589213 0.333249 0.021223
2 3 0.033988 0.039477 0.531751 0.380849 0.013934
2 3 0.020838 0.043959 0.524302 0.388269 0.022633
3 2 0.015965 0.011335 0.217553 0.744817 0.010331
2 0 0.059002 0.114847 0.579689 0.230559 0.015903
2 1 0.336403 0.235031 0.343807 0.064899 0.019859
2 1 0.093478 0.376742 0.486914 0.011597 0.031269
1 0 0.232944 0.520164 0.214950 0.004348 0.027593
1 0 0.353799 0.479361 0.129705 0.005142 0.031993
1 2 0.290976 0.520366 0.169366 0.005371 0.013921
2 0 0.065953 0.142495 0.681621 0.083604 0.026327
0 0 0.562913 0.352903 0.068991 0.006984 0.008209
1 2 0.422195 0.492537 0.071661 0.001969 0.011639
2 1 0.088388 0.372717 0.489183 0.009634 0.040078
1 1 0.236202 0.525194 0.218712 0.005591 0.014301
1 2 0.184285 0.508280 0.279341 0.005286 0.022808
2 2 0.004124 0.041340 0.847352 0.089427 0.017757
2 2 0.031118 0.196057 0.696857 0.018579 0.057388
2 3 0.013841 0.055549 0.819300 0.098649 0.012661
2 3 0.011419 0.055920 0.824411 0.083132 0.025118
2 3 0.006881 0.044329 0.813956 0.110616 0.024217
2 3 0.023699 0.046456 0.701814 0.202949 0.025082
2 3 0.023743 0.097933 0.752960 0.090706 0.034657
3 3 0.010893 0.017524 0.378847 0.575799 0.016937
3 3 0.032256 0.019036 0.295739 0.644293 0.008676
2 3 0.016253 0.043626 0.572255 0.334415 0.033451
3 3 0.018039 0.044297 0.404636 0.499954 0.033074
2 3 0.009598 0.038606 0.525963 0.388036 0.037798
3 3 0.009292 0.009759 0.210918 0.747816 0.022215
3 3 0.010817 0.029638 0.411420 0.518569 0.029556
3 3 0.009451 0.011320 0.225257 0.740467 0.013504
2 3 0.012615 0.033484 0.518328 0.405988 0.029585
3 3 0.020910 0.032559 0.266636 0.658191 0.021704
2 3 0.004598 0.047953 0.758180 0.153417 0.035852
2 3 0.009828 0.026979 0.502127 0.433157 0.027910
3 3 0.008928 0.029318 0.415309 0.513400 0.033045
3 3 0.011552 0.030697 0.455250 0.473373 0.029128
2 3 0.010460 0.092383 0.646912 0.213090 0.037154
3 3 0.011618 0.031200 0.404151 0.532688 0.020343
3 3 0.011395 0.011853 0.227286 0.739569 0.009897
3 3 0.012405 0.016096 0.183155 0.768008 0.020336
2 3 0.003187 0.012346 0.614991 0.350319 0.019156
3 3 0.007935 0.012421 0.226561 0.731538 0.021545
2 3 0.008890 0.025493 0.520562 0.416116 0.028939
3 3 0.011066 0.014733 0.242076 0.715133 0.016991
3 3 0.011401 0.025033 0.350276 0.583658 0.029632
3 3 0.017949 0.021937 0.177200 0.757535 0.025379
3 3 0.011687 0.010185 0.132964 0.833357 0.011807
3 3 0.010851 0.012580 0.150809 0.809019 0.016741
3 3 0.014757 0.013007 0.101583 0.856619 0.014034
3 3 0.014324 0.023051 0.242790 0.704725 0.015109
3 3 0.017758 0.027367 0.297753 0.642498 0.014623
2 3 0.149913 0.138471 0.509612 0.189398 0.012607
2 3 0.026974 0.161050 0.613395 0.162694 0.035886
2 2 0.025677 0.058237 0.491701 0.403586 0.020799
2 2 0.022282 0.110078 0.741635 0.091146 0.034859
2 3 0.022297 0.174524 0.719535 0.041362 0.042282
2 2 0.049510 0.096455 0.654141 0.181922 0.017971
2 2 0.073352 0.314267 0.568450 0.022075 0.021856
2 2 0.040377 0.211211 0.689105 0.032930 0.026377
2 1 0.065206 0.280596 0.594981 0.025903 0.033314
1 2 0.150782 0.414780 0.388850 0.017508 0.028081
2 2 0.033411 0.063269 0.677615 0.209009 0.016696
2 2 0.027586 0.172713 0.733382 0.030918 0.035401
2 2 0.011633 0.082998 0.830414 0.048595 0.026360
2 3 0.014361 0.123909 0.796021 0.026964 0.038745
2 2 0.026093 0.039754 0.640402 0.281606 0.012144
2 2 0.012702 0.112518 0.799569 0.038809 0.036402
2 3 0.008888 0.095572 0.797836 0.061349 0.036356
2 3 0.004575 0.050647 0.845059 0.080102 0.019618
2 2 0.008175 0.059044 0.748246 0.141687 0.042848
2 2 0.027956 0.187441 0.706308 0.037844 0.040451
2 2 0.019210 0.136084 0.770797 0.054736 0.019173
2 2 0.005654 0.028841 0.844010 0.106482 0.015013
2 2 0.011064 0.114517 0.825709 0.018414 0.030297
2 2 0.005994 0.051192 0.843276 0.079588 0.019949
2 2 0.005006 0.063016 0.879544 0.039883 0.012552
2 2 0.004732 0.072570 0.859250 0.044769 0.018679
2 2 0.007593 0.052207 0.862651 0.061553 0.015996
2 2 0.005927 0.069080 0.796269 0.100849 0.027875
2 2 0.010056 0.065992 0.752898 0.134314 0.036738
2 2 0.008207 0.100761 0.817084 0.041001 0.032946
2 2 0.004559 0.071463 0.865687 0.040696 0.017595
2 3 0.002469 0.028984 0.907052 0.054004 0.007491
2 2 0.006010 0.017226 0.662081 0.297184 0.017500
2 3 0.015561 0.139997 0.760676 0.040789 0.042978
2 2 0.010211 0.034726 0.623516 0.301725 0.029822
2 3 0.006369 0.086310 0.865193 0.022383 0.019746
2 3 0.015540 0.021144 0.589491 0.362095 0.011731
2 2 0.010465 0.092201 0.786162 0.077607 0.033564
2 3 0.004152 0.068270 0.872159 0.039312 0.016108
2 3 0.014741 0.073633 0.788238 0.106586 0.016802
2 3 0.005262 0.055474 0.861985 0.060764 0.016515
2 2 0.004840 0.029436 0.832203 0.116799 0.016722
2 2 0.009204 0.065448 0.824582 0.082529 0.018236
2 3 0.004398 0.033875 0.873412 0.075897 0.012419
2 3 0.002894 0.035446 0.817130 0.123660 0.020870
2 0 0.009102 0.030974 0.661117 0.268487 0.030320
1 0 0.142684 0.419675 0.387549 0.012703 0.037387
0 0 0.457722 0.452831 0.069591 0.003042 0.016814
1 0 0.324226 0.518143 0.125431 0.002565 0.029635
1 0 0.427245 0.475194 0.076629 0.002527 0.018405
1 0 0.414121 0.483827 0.085624 0.003214 0.013213
0 0 0.465146 0.442499 0.069454 0.003372 0.019528
1 0 0.333312 0.519967 0.128035 0.003589 0.015096
1 1 0.348375 0.523427 0.110920 0.002676 0.014602
1 1 0.177525 0.541209 0.256004 0.002770 0.022491
1 1 0.169720 0.526466 0.280629 0.003723 0.019462
1 2 0.117187 0.489569 0.352528 0.002606 0.038110
2 2 0.019124 0.165754 0.761379 0.012988 0.040755
1 2 0.157546 0.455023 0.348243 0.009385 0.029803
1 2 0.122093 0.436041 0.398346 0.007226 0.036295
2 2 0.038914 0.247757 0.638637 0.009413 0.065278
2 2 0.043035 0.295195 0.606961 0.005402 0.049407
2 2 0.025016 0.191792 0.705858 0.010437 0.066897
2 2 0.065935 0.356179 0.550981 0.008685 0.018220
2 2 0.025469 0.167925 0.752977 0.039518 0.014111
2 2 0.061196 0.300528 0.596004 0.017059 0.025214
1 2 0.128771 0.446767 0.399152 0.009994 0.015316
2 2 0.075427 0.284961 0.579563 0.048434 0.011616
2 1 0.102317 0.398147 0.469385 0.012831 0.017320
2 2 0.058168 0.324046 0.591002 0.011879 0.014906
2 2 0.037565 0.278761 0.645632 0.006348 0.031694
2 3 0.027159 0.202542 0.721183 0.013498 0.035618
2 2 0.018076 0.120987 0.775450 0.075429 0.010058
2 2 0.009388 0.099536 0.842921 0.024211 0.023944
2 3 0.017907 0.103331 0.783902 0.088795 0.006065
2 2 0.020224 0.132302 0.779842 0.047395 0.020237
2 2 0.020642 0.180207 0.769028 0.015950 0.014173
2 2 0.018909 0.141815 0.786180 0.041074 0.012022
2 0 0.030987 0.213816 0.719548 0.020318 0.015331
1 1 0.342286 0.542815 0.100842 0.001724 0.012333
1 1 0.148410 0.413263 0.397861 0.019960 0.020506
2 2 0.126130 0.370500 0.451545 0.027146 0.024679
2 2 0.121078 0.335582 0.486232 0.037781 0.019329
2 2 0.023066 0.180138 0.754734 0.018058 0.024004
2 2 0.037140 0.218713 0.693833 0.024395 0.025919
2 2 0.008588 0.095964 0.855540 0.031616 0.008291
2 2 0.060320 0.309236 0.591160 0.013972 0.025312
2 2 0.031292 0.227587 0.696460 0.011252 0.033409
2 2 0.017693 0.150724 0.781491 0.018463 0.031629
2 2 0.043629 0.237355 0.670401 0.025884 0.022732
2 2 0.024676 0.178336 0.755786 0.028260 0.012941
2 2 0.020696 0.113273 0.791501 0.057858 0.016672
2 0 0.032303 0.217085 0.710716 0.018825 0.021071
0 0 0.934409 0.050531 0.006487 0.000191 0.008382
0 0 0.848771 0.138344 0.005957 0.000112 0.006816
0 0 0.719555 0.273252 0.004039 0.000063 0.003091
0 0 0.897865 0.095183 0.004183 0.000135 0.002634
0 1 0.688570 0.301155 0.006728 0.000146 0.003401
0 1 0.515456 0.452476 0.024906 0.000311 0.006851
1 1 0.360944 0.565191 0.062472 0.000447 0.010946
1 0 0.384848 0.540178 0.067127 0.000948 0.006898
0 0 0.586052 0.392602 0.017376 0.000388 0.003582
1 1 0.458836 0.491186 0.043449 0.000769 0.005760
1 1 0.454440 0.499739 0.039271 0.000510 0.006040
1 2 0.457867 0.479953 0.052769 0.001331 0.008081
1 2 0.381872 0.543046 0.067831 0.000958 0.006294
1 2 0.323161 0.535903 0.128077 0.003276 0.009583
1 2 0.183525 0.518766 0.277469 0.005318 0.014921
1 2 0.152858 0.504323 0.321958 0.005212 0.015650
0 0 0.550752 0.404990 0.030746 0.000956 0.012555
0 0 0.674066 0.310236 0.011607 0.000558 0.003534
0 0 0.703467 0.284733 0.008586 0.000430 0.002784
0 0 0.962624 0.027266 0.005418 0.000305 0.004387
0 0 0.826942 0.164384 0.005995 0.000282 0.002397
0 0 0.708147 0.281265 0.007231 0.000276 0.003081
0 0 0.653567 0.328632 0.012619 0.000451 0.004730
0 0 0.843976 0.145335 0.007164 0.000363 0.003162
0 0 0.703340 0.286475 0.006191 0.000149 0.003844
0 0 0.794326 0.196682 0.005267 0.000126 0.003600
0 0 0.702450 0.287953 0.005175 0.000084 0.004338
0 0 0.726758 0.264196 0.005489 0.000127 0.003431
0 0 0.768438 0.223784 0.004823 0.000118 0.002837
0 0 0.701498 0.288228 0.006051 0.000132 0.004091
0 0 0.744267 0.239164 0.007167 0.000102 0.009301
0 0 0.954271 0.036681 0.002906 0.000039 0.006103
0 0 0.942652 0.042217 0.005435 0.000117 0.009579
0 0 0.980330 0.012772 0.002106 0.000037 0.004756
0 0 0.978968 0.015830 0.001376 0.000014 0.003811
0 0 0.898766 0.094361 0.001786 0.000008 0.005079
0 0 0.961615 0.030365 0.003398 0.000085 0.004537
0 0 0.951196 0.041924 0.002306 0.000027 0.004548
0 0 0.990727 0.006219 0.001573 0.000082 0.001400
0 0 0.980444 0.014607 0.002109 0.000058 0.002782
0 0 0.899099 0.092168 0.004253 0.000088 0.004393
0 0 0.893659 0.093603 0.004945 0.000075 0.007718
0 0 0.974051 0.018950 0.002623 0.000058 0.004318
0 0 0.991252 0.004294 0.001629 0.000057 0.002769
0 0 0.990141 0.006082 0.001538 0.000051 0.002188
0 0 0.983585 0.014006 0.001281 0.000041 0.001088
0 0 0.956123 0.040692 0.001512 0.000024 0.001650
0 0 0.976305 0.014649 0.003602 0.000123 0.005321
0 0 0.966122 0.025187 0.002453 0.000030 0.006207
0 0 0.976086 0.008264 0.003188 0.000054 0.012407
0 0 0.958701 0.028840 0.004912 0.000140 0.007406
0 0 0.980274 0.009521 0.003712 0.000140 0.006352
0 0 0.977575 0.014837 0.003047 0.000095 0.004446
0 0 0.976261 0.012732 0.003259 0.000072 0.007675
0 0 0.974296 0.014309 0.004102 0.000131 0.007163
0 0 0.975187 0.016613 0.003102 0.000083 0.005015
0 0 0.984513 0.007379 0.002816 0.000095 0.005196
0 0 0.982908 0.013360 0.001371 0.000024 0.002338
0 0 0.986572 0.005567 0.002371 0.000068 0.005422
0 0 0.965253 0.020543 0.003542 0.000051 0.010611
0 0 0.960793 0.018768 0.006397 0.000190 0.013852
0 0 0.914973 0.067499 0.009891 0.000568 0.007069
0 0 0.925704 0.060818 0.005011 0.000090 0.008377
0 0 0.818388 0.169290 0.007401 0.000253 0.004668
0 0 0.910514 0.080630 0.004581 0.000120 0.004154
0 1 0.511487 0.451088 0.022905 0.000193 0.014326
1 1 0.194373 0.632482 0.140358 0.000288 0.032500
1 1 0.161456 0.628994 0.177918 0.000333 0.031299
1 1 0.225141 0.655917 0.102476 0.000193 0.016273
1 1 0.191468 0.627813 0.164420 0.000559 0.015740
1 1 0.177287 0.591269 0.217923 0.001408 0.012114
1 1 0.434590 0.504656 0.051641 0.000841 0.008271
0 1 0.533352 0.439109 0.022365 0.000325 0.004850
1 1 0.449923 0.484019 0.055909 0.001396 0.008754
0 1 0.488944 0.467298 0.037266 0.000760 0.005732
0 1 0.477235 0.471444 0.043369 0.000982 0.006970
1 2 0.464873 0.465166 0.058104 0.001990 0.009867
1 2 0.329938 0.543224 0.113418 0.002210 0.011209
1 2 0.397336 0.505001 0.082396 0.002088 0.013180
1 1 0.240858 0.541024 0.199599 0.003970 0.014548
1 1 0.327674 0.563046 0.097258 0.001198 0.010824
1 0 0.216854 0.538328 0.225629 0.004135 0.015055
1 0 0.469181 0.469397 0.050203 0.001293 0.009927
0 0 0.686653 0.300099 0.007824 0.000198 0.005225
0 0 0.715789 0.275420 0.005789 0.000171 0.002830
1 1 0.402814 0.528598 0.061804 0.001005 0.005778
0 1 0.500361 0.459147 0.032876 0.000581 0.007035
1 1 0.474033 0.484067 0.035530 0.000510 0.005860
1 1 0.374225 0.529526 0.085612 0.001763 0.008874
1 2 0.268364 0.590781 0.130890 0.001303 0.008662
2 2 0.063994 0.311328 0.581802 0.015060 0.027815
2 2 0.079610 0.375054 0.515417 0.009767 0.020151
2 2 0.042991 0.297578 0.631369 0.007636 0.020426
2 2 0.020034 0.189195 0.760275 0.010062 0.020434
2 2 0.047927 0.277171 0.634956 0.013898 0.026049
2 2 0.003490 0.054254 0.900558 0.036007 0.005691
2 2 0.045304 0.284077 0.630063 0.009702 0.030854
2 2 0.005458 0.060732 0.878121 0.044701 0.010987
2 2 0.008201 0.106768 0.856668 0.014357 0.014005
2 2 0.006731 0.087127 0.871465 0.021239 0.013438
2 2 0.002216 0.043048 0.920810 0.029017 0.004909
2 2 0.002046 0.041030 0.923841 0.027514 0.005569
2 2 0.013310 0.122561 0.820617 0.029774 0.013738
2 2 0.009055 0.101358 0.848581 0.021757 0.019249
2 2 0.003804 0.055321 0.895445 0.035646 0.009784
2 2 0.005122 0.083283 0.884763 0.011331 0.015501
2 2 0.002266 0.037199 0.922943 0.031789 0.005803
2 2 0.023035 0.181841 0.725251 0.011685 0.058188
2 2 0.004538 0.060163 0.885492 0.038323 0.011484
2 2 0.006412 0.075956 0.857653 0.041768 0.018212
2 2 0.061434 0.291731 0.593848 0.017634 0.035353
2 2 0.006084 0.072950 0.871696 0.033712 0.015557
2 2 0.035482 0.230825 0.673038 0.012541 0.048115
2 2 0.016988 0.135609 0.787707 0.026752 0.032943
2 2 0.009544 0.095369 0.843219 0.033896 0.017972
2 2 0.014168 0.139306 0.793148 0.013003 0.040375
2 2 0.009359 0.108287 0.843738 0.016817 0.021798
2 3 0.007239 0.034260 0.828031 0.118016 0.012454
2 3 0.006224 0.080724 0.874721 0.023051 0.015280
2 3 0.012103 0.114382 0.824187 0.026420 0.022908
2 3 0.007269 0.032698 0.734619 0.197424 0.027990
3 2 0.012573 0.017922 0.297537 0.653364 0.018605
2 3 0.005933 0.069516 0.802368 0.090908 0.031275
2 3 0.005299 0.020301 0.808030 0.151108 0.015261
2 3 0.005297 0.032311 0.746456 0.186021 0.029916
2 3 0.005141 0.027855 0.688881 0.254829 0.023293
2 3 0.007643 0.056620 0.675326 0.215919 0.044492
2 3 0.006477 0.027582 0.687197 0.249250 0.029495
2 3 0.003485 0.046034 0.775022 0.143340 0.032120
2 3 0.007460 0.045699 0.591217 0.317429 0.038195
2 3 0.004288 0.037596 0.768499 0.159902 0.029714
2 3 0.007682 0.036494 0.683691 0.245792 0.026341
2 3 0.007223 0.068344 0.622676 0.242955 0.058801
3 3 0.006138 0.015428 0.436722 0.521378 0.020335
3 3 0.012866 0.021419 0.304951 0.643507 0.017257
3 3 0.009785 0.032983 0.369017 0.558797 0.029418
3 3 0.007720 0.021410 0.416534 0.532236 0.022101
3 3 0.016430 0.037612 0.217959 0.702760 0.025239
3 3 0.008889 0.028016 0.463117 0.477415 0.022562
2 3 0.003808 0.018573 0.645639 0.311149 0.020832
3 3 0.006330 0.019405 0.415249 0.540142 0.018873
2 3 0.004692 0.030991 0.505499 0.418025 0.040793
3 3 0.007578 0.008134 0.122278 0.850439 0.011572
2 3 0.010697 0.125502 0.640485 0.176706 0.046610
3 3 0.011384 0.034795 0.385866 0.540755 0.027200
3 3 0.008762 0.019069 0.463982 0.493945 0.014242
2 3 0.009487 0.046586 0.473341 0.447806 0.022780
2 3 0.005668 0.046682 0.692751 0.216649 0.038249
2 3 0.003769 0.021513 0.548406 0.400902 0.025409
3 3 0.008326 0.023121 0.422305 0.523979 0.022268
3 3 0.007141 0.012389 0.203244 0.760232 0.016993
3 3 0.017191 0.049161 0.271603 0.632562 0.029483
3 3 0.013318 0.019160 0.156108 0.794638 0.016776
3 3 0.016570 0.075483 0.388380 0.466862 0.052705
3 3 0.013007 0.020779 0.176411 0.770612 0.019191
3 3 0.006342 0.012656 0.204259 0.767911 0.008832
3 3 0.014654 0.018613 0.127916 0.822729 0.016087
3 3 0.017179 0.024352 0.152336 0.789381 0.016753
3 3 0.009564 0.025538 0.241337 0.691795 0.031766
3 3 0.011251 0.006662 0.053672 0.919213 0.009201
3 3 0.009357 0.009913 0.139233 0.831551 0.009946
3 3 0.011116 0.017452 0.150278 0.806119 0.015034
3 3 0.015310 0.017179 0.095799 0.852581 0.019131
3 3 0.007865 0.014862 0.159520 0.795413 0.022341
3 3 0.010540 0.013308 0.137122 0.824070 0.014960
3 3 0.009202 0.013410 0.155138 0.806674 0.015576
3 3 0.014107 0.014306 0.114910 0.844951 0.011726
3 3 0.010455 0.019922 0.177972 0.777645 0.014005
3 3 0.011186 0.033322 0.365558 0.562807 0.027127
3 3 0.013903 0.011859 0.124231 0.841664 0.008343
3 3 0.015119 0.015726 0.104855 0.851278 0.013022
3 3 0.010158 0.011648 0.097430 0.867161 0.013602
3 3 0.014322 0.026969 0.252013 0.692483 0.014213
3 3 0.008721 0.011477 0.134229 0.836024 0.009549
3 3 0.009523 0.011143 0.113358 0.854137 0.011839
3 3 0.011991 0.015052 0.119018 0.841598 0.012341
3 3 0.016880 0.022554 0.116716 0.823950 0.019900
3 3 0.010146 0.015822 0.145484 0.810234 0.018315
3 3 0.012853 0.027518 0.235839 0.704212 0.019578
3 3 0.010037 0.011580 0.158423 0.811930 0.008029
3 3 0.012095 0.010917 0.087354 0.878599 0.011036
3 3 0.008881 0.015050 0.173322 0.787172 0.015575
3 3 0.009261 0.004380 0.040594 0.939120 0.006644
3 3 0.010725 0.011270 0.082926 0.882072 0.013007
3 3 0.009703 0.009505 0.072813 0.889865 0.018113
3 3 0.007063 0.013157 0.202007 0.763082 0.014690
3 3 0.009574 0.008797 0.073468 0.897333 0.010828
3 3 0.007592 0.013191 0.178854 0.786360 0.014004
3 3 0.005834 0.009541 0.203335 0.770189 0.011100
3 3 0.009994 0.012285 0.121637 0.841899 0.014185
3 3 0.009397 0.007063 0.058536 0.915122 0.009882
3 3 0.009987 0.021918 0.210914 0.737483 0.019697
3 3 0.010090 0.012792 0.100680 0.862806 0.013632
3 3 0.009722 0.010755 0.097908 0.863373 0.018242
3 3 0.007280 0.005827 0.083875 0.894760 0.008258
3 3 0.009659 0.005278 0.046828 0.930510 0.007725
3 3 0.008390 0.012941 0.151203 0.804765 0.022701
3 3 0.009904 0.007876 0.073402 0.895478 0.013340
3 3 0.007779 0.013602 0.153640 0.807717 0.017262
3 3 0.007388 0.006563 0.094078 0.883584 0.008388
3 3 0.010091 0.011887 0.102932 0.861859 0.013232
3 3 0.006765 0.004390 0.057158 0.924283 0.007404
3 3 0.007932 0.006845 0.072877 0.903213 0.009134
3 3 0.009546 0.005492 0.040834 0.935668 0.008461
3 3 0.006979 0.006583 0.074263 0.903125 0.009049
3 3 0.009610 0.010663 0.096796 0.869704 0.013227
3 3 0.011951 0.013769 0.064561 0.891275 0.018443
3 3 0.006556 0.016363 0.212580 0.745314 0.019187
3 3 0.008618 0.019677 0.163820 0.793085 0.014800
3 3 0.007871 0.014178 0.141798 0.822188 0.013965
3 3 0.008140 0.017966 0.319398 0.633708 0.020788
3 3 0.005229 0.010304 0.316745 0.656742 0.010979
3 3 0.008234 0.037334 0.457242 0.471521 0.025668
3 3 0.012386 0.032528 0.268311 0.654815 0.031960
3 3 0.006530 0.015800 0.295338 0.656057 0.026275
3 3 0.006390 0.013683 0.248088 0.716444 0.015394
3 3 0.005247 0.016207 0.349386 0.613086 0.016074
3 3 0.005233 0.009162 0.194298 0.781125 0.010182
3 3 0.007484 0.026402 0.373230 0.563060 0.029824
3 0 0.007640 0.021963 0.223033 0.723201 0.024163
0 0 0.555738 0.085147 0.193559 0.138061 0.027495
0 0 0.429965 0.386509 0.149309 0.011682 0.022536
1 1 0.437978 0.463643 0.080804 0.003891 0.013685
1 1 0.245714 0.474092 0.241145 0.010788 0.028261
2 2 0.092042 0.366280 0.498674 0.013755 0.029249
2 2 0.058189 0.284975 0.598667 0.016135 0.042034
2 2 0.038862 0.219314 0.677870 0.022360 0.041595
2 2 0.027688 0.198666 0.703213 0.012524 0.057909
2 2 0.028619 0.177969 0.731016 0.031001 0.031394
2 2 0.043244 0.255562 0.644044 0.013032 0.044118
1 2 0.199224 0.476648 0.286487 0.009023 0.028618
2 2 0.043792 0.233347 0.658335 0.022163 0.042363
2 2 0.127126 0.412334 0.417877 0.012874 0.029788
2 0 0.048163 0.290770 0.598996 0.007632 0.054439
1 1 0.295955 0.506347 0.167350 0.005156 0.025192
1 2 0.152470 0.489240 0.298681 0.003227 0.056382
2 2 0.050771 0.272841 0.630248 0.016813 0.029327
2 2 0.066967 0.361681 0.513318 0.004982 0.053051
1 2 0.148651 0.465586 0.327914 0.004989 0.052860
2 2 0.035966 0.251870 0.646432 0.007352 0.058381
1 1 0.091859 0.455644 0.268148 0.000485 0.183864
1 1 0.100042 0.464172 0.330350 0.001249 0.104187
1 1 0.096696 0.468022 0.351396 0.001389 0.082497
1 2 0.113582 0.520035 0.280148 0.000726 0.085509
2 2 0.028959 0.271737 0.593204 0.001751 0.104350
1 2 0.123075 0.520889 0.306559 0.001424 0.048053
1 2 0.079180 0.431835 0.399525 0.001543 0.087917
1 2 0.243131 0.566897 0.111697 0.000375 0.077899
1 2 0.176797 0.560318 0.206673 0.000960 0.055251
1 2 0.169727 0.511788 0.274998 0.003193 0.040294
1 2 0.094206 0.417308 0.391254 0.002828 0.094404
1 2 0.132365 0.521603 0.254170 0.000850 0.091012
1 2 0.136583 0.510679 0.277260 0.001408 0.074070
2 2 0.060604 0.358307 0.456198 0.002112 0.122778
2 2 0.039240 0.351343 0.540842 0.001198 0.067377
2 2 0.031513 0.255432 0.608924 0.003278 0.100853
1 2 0.090527 0.464957 0.358328 0.001226 0.084961
1 2 0.142017 0.522424 0.279821 0.001617 0.054121
2 2 0.011956 0.175080 0.766846 0.002403 0.043716
1 2 0.085167 0.468775 0.318035 0.000616 0.127407
1 2 0.072746 0.431573 0.389141 0.001047 0.105493
2 2 0.048126 0.370556 0.482384 0.001126 0.097808
2 2 0.054576 0.396308 0.422380 0.000769 0.125967
1 2 0.130047 0.530575 0.280322 0.001132 0.057923
1 2 0.088893 0.442855 0.356934 0.001324 0.109993
1 2 0.083065 0.455432 0.372065 0.001140 0.088298
1 2 0.114139 0.441891 0.340465 0.002577 0.100928
2 2 0.037105 0.321342 0.499393 0.000964 0.141196
2 2 0.037928 0.339509 0.470895 0.000664 0.151004
1 2 0.082632 0.391632 0.291648 0.000830 0.233258
2 2 0.042712 0.339220 0.463677 0.000912 0.153479
1 2 0.101747 0.467950 0.364550 0.001953 0.063801
2 2 0.049658 0.317891 0.558524 0.004223 0.069703
2 2 0.021489 0.216694 0.694501 0.003632 0.063684
1 2 0.213931 0.530745 0.223421 0.003377 0.028526
2 2 0.012554 0.146596 0.794470 0.007213 0.039167
2 2 0.011484 0.137890 0.807235 0.007848 0.035542
2 2 0.003906 0.068559 0.901985 0.013993 0.011556
2 2 0.009357 0.122028 0.831220 0.008530 0.028866
2 2 0.033365 0.239830 0.661739 0.007874 0.057191
2 2 0.013453 0.164960 0.772384 0.004593 0.044611
2 2 0.069081 0.380951 0.494727 0.003926 0.051316
2 2 0.009868 0.146187 0.806027 0.003808 0.034110
2 2 0.019866 0.195082 0.731051 0.005841 0.048160
2 2 0.007911 0.101977 0.853648 0.013485 0.022980
2 2 0.004779 0.088002 0.884584 0.007112 0.015523
2 2 0.005336 0.084865 0.882174 0.011544 0.016081
1 2 0.233041 0.511149 0.222839 0.005218 0.027753
2 2 0.058399 0.329342 0.550928 0.006088 0.055242
2 2 0.048862 0.327336 0.583224 0.004891 0.035686
2 2 0.004978 0.092756 0.879650 0.006107 0.016509
2 2 0.011685 0.145398 0.799337 0.006210 0.037370
2 2 0.007958 0.100000 0.854214 0.015099 0.022729
2 2 0.010621 0.127367 0.820365 0.009623 0.032025
1 0 0.139423 0.420405 0.384171 0.010799 0.045202
0 1 0.495191 0.451603 0.041154 0.001000 0.011053
1 1 0.104745 0.436842 0.408150 0.004474 0.045788
1 1 0.324786 0.525461 0.118206 0.002045 0.029502
1 2 0.130764 0.463051 0.309553 0.002454 0.094177
2 2 0.009362 0.114429 0.836813 0.011872 0.027524
2 2 0.037578 0.283352 0.624920 0.004680 0.049469
2 2 0.008666 0.107509 0.845445 0.013222 0.025158
2 2 0.017827 0.185103 0.766648 0.007719 0.022703
2 2 0.010396 0.127181 0.835264 0.012064 0.015094
2 0 0.063605 0.297753 0.598093 0.022402 0.018146
0 0 0.475980 0.336315 0.141435 0.010522 0.035748
0 0 0.561987 0.366255 0.057996 0.004422 0.009339
1 1 0.296628 0.581305 0.112263 0.001235 0.008569
1 2 0.232222 0.595828 0.156443 0.001144 0.014362
1 2 0.109465 0.484684 0.383121 0.003470 0.019261
1 2 0.112440 0.467801 0.398953 0.005321 0.015485
2 2 0.034873 0.261580 0.677112 0.009404 0.017031
2 2 0.031808 0.222458 0.707268 0.015390 0.023075
2 2 0.006048 0.081870 0.877140 0.020162 0.014781
2 2 0.075610 0.389551 0.506646 0.006528 0.021665
2 2 0.041697 0.278636 0.641037 0.008729 0.029901
2 2 0.012159 0.129573 0.828529 0.020012 0.009727
2 2 0.065745 0.310384 0.584185 0.018169 0.021517
2 2 0.030341 0.245526 0.686303 0.007115 0.030716
2 2 0.031049 0.232590 0.688345 0.009179 0.038836
2 2 0.011062 0.142714 0.804594 0.005913 0.035717
2 2 0.050434 0.319304 0.589730 0.006315 0.034217
2 2 0.007616 0.066059 0.856576 0.052330 0.017420
2 2 0.023831 0.187819 0.754397 0.019084 0.014869
2 2 0.038537 0.299497 0.622195 0.004291 0.035480
2 1 0.014600 0.135050 0.808676 0.021553 0.020121
2 1 0.104427 0.388226 0.472191 0.014843 0.020313
1 1 0.156254 0.520083 0.302346 0.003915 0.017402
2 2 0.078534 0.381638 0.513217 0.008894 0.017718
2 1 0.062751 0.318305 0.587791 0.015888 0.015265
2 2 0.100182 0.409692 0.459417 0.009293 0.021416
2 2 0.043532 0.267135 0.659195 0.016803 0.013334
2 2 0.028232 0.178596 0.739782 0.037109 0.016280
2 2 0.057994 0.344884 0.570054 0.007311 0.019757
2 2 0.085055 0.410805 0.474484 0.005910 0.023747
2 2 0.088196 0.363583 0.511787 0.014758 0.021676
2 2 0.076641 0.351761 0.540211 0.013959 0.017429
2 2 0.046080 0.291412 0.636539 0.011952 0.014017
2 2 0.035079 0.263133 0.669233 0.008051 0.024504
2 0 0.073300 0.357872 0.538954 0.010888 0.018986
1 2 0.329973 0.544557 0.114424 0.002433 0.008613
1 2 0.135106 0.501497 0.344806 0.004618 0.013973
1 2 0.128323 0.473548 0.369495 0.005334 0.023300
2 2 0.100102 0.382522 0.485059 0.016191 0.016125
1 2 0.105264 0.430272 0.427312 0.006269 0.030883
1 0 0.198664 0.527467 0.256337 0.005333 0.012199
0 0 0.868699 0.096857 0.023462 0.005311 0.005671
0 1 0.669833 0.303487 0.015609 0.000519 0.010552
1 1 0.263690 0.601116 0.115158 0.000617 0.019419
1 1 0.348003 0.558774 0.079068 0.000775 0.013381
1 2 0.303520 0.542667 0.136238 0.002654 0.014921
1 2 0.238325 0.547089 0.186837 0.002552 0.025198
2 2 0.117361 0.419101 0.430373 0.011183 0.021983
2 2 0.076026 0.382542 0.506033 0.006582 0.028817
2 2 0.057490 0.291570 0.615548 0.021235 0.014156
1 2 0.278665 0.557099 0.152084 0.002872 0.009279
1 2 0.276286 0.535231 0.167605 0.003661 0.017217
1 2 0.205931 0.495993 0.272581 0.008481 0.017014
2 2 0.048138 0.259774 0.651262 0.022889 0.017937
1 2 0.184824 0.533513 0.256424 0.003391 0.021848
0 0 0.474798 0.463188 0.048655 0.001225 0.012133
0 0 0.966708 0.025787 0.002752 0.000052 0.004701
0 0 0.975556 0.018733 0.002768 0.000100 0.002843
0 0 0.845889 0.148361 0.001979 0.000011 0.003759
0 0 0.984189 0.007569 0.001985 0.000032 0.006224
0 0 0.981731 0.010975 0.002247 0.000045 0.005002
0 0 0.973669 0.021101 0.001606 0.000019 0.003606
0 0 0.852669 0.136974 0.003084 0.000020 0.007253
0 0 0.984043 0.010640 0.001162 0.000010 0.004144
0 0 0.989289 0.003482 0.002072 0.000065 0.005092
0 0 0.990519 0.003446 0.001275 0.000020 0.004740
0 0 0.993698 0.001814 0.001164 0.000032 0.003292
0 0 0.970971 0.018962 0.003218 0.000064 0.006785
0 0 0.981825 0.004738 0.003234 0.000091 0.010112
0 0 0.990360 0.002480 0.002161 0.000090 0.004910
0 0 0.990569 0.003003 0.001424 0.000028 0.004976
0 0 0.981936 0.010024 0.003859 0.000237 0.003945
0 0 0.984187 0.007823 0.003094 0.000128 0.004769
0 0 0.986775 0.007775 0.002187 0.000078 0.003185
0 0 0.986973 0.009300 0.001426 0.000033 0.002268
0 0 0.991989 0.005294 0.000993 0.000023 0.001702
0 0 0.971549 0.023452 0.002617 0.000095 0.002286
0 0 0.987996 0.008130 0.002159 0.000144 0.001571
0 0 0.977591 0.016804 0.002602 0.000089 0.002914
0 0 0.960289 0.032745 0.004057 0.000210 0.002699
0 0 0.984514 0.008057 0.004040 0.000386 0.003004
0 0 0.988228 0.006368 0.002161 0.000084 0.003158
0 0 0.982405 0.012325 0.003053 0.000224 0.001993
0 0 0.981717 0.009127 0.004140 0.000249 0.004768
0 0 0.981725 0.015473 0.000993 0.000012 0.001797
0 0 0.971644 0.025602 0.001142 0.000015 0.001597
0 0 0.978937 0.016757 0.001692 0.000033 0.002580
0 0 0.981834 0.014724 0.001074 0.000012 0.002356
0 0 0.977048 0.021003 0.000663 0.000005 0.001280
0 0 0.928073 0.067147 0.001925 0.000021 0.002834
0 0 0.876820 0.116068 0.002585 0.000021 0.004505
0 0 0.978580 0.016862 0.001817 0.000038 0.002703
0 0 0.955362 0.040670 0.002074 0.000049 0.001846
0 0 0.977644 0.016082 0.002749 0.000089 0.003436
0 0 0.953043 0.034159 0.005574 0.000187 0.007037
0 0 0.980606 0.013359 0.002872 0.000123 0.003041
0 0 0.934240 0.060774 0.002283 0.000036 0.002668
0 0 0.826787 0.164053 0.004615 0.000080 0.004464
0 0 0.973340 0.020403 0.003173 0.000131 0.002952
0 0 0.959944 0.035897 0.002371 0.000079 0.001709
0 0 0.968479 0.024784 0.003573 0.000158 0.003005
0 0 0.985674 0.009452 0.002228 0.000091 0.002556
0 0 0.980949 0.013628 0.002267 0.000066 0.003091
0 0 0.982340 0.011166 0.002487 0.000073 0.003933
0 0 0.987114 0.008423 0.001773 0.000052 0.002638
0 0 0.979095 0.019047 0.000716 0.000008 0.001135
0 0 0.879164 0.117414 0.001106 0.000005 0.002312
0 0 0.977081 0.019648 0.000883 0.000006 0.002382
0 0 0.949483 0.047992 0.000828 0.000005 0.001692
0 0 0.874690 0.121485 0.001419 0.000008 0.002399
0 0 0.970706 0.025491 0.001553 0.000025 0.002224
0 0 0.686796 0.304055 0.003520 0.000019 0.005610
0 0 0.732186 0.262663 0.002258 0.000016 0.002877
0 0 0.983324 0.012511 0.001889 0.000059 0.002217
0 0 0.749699 0.245905 0.002127 0.000017 0.002252
0 0 0.783541 0.213201 0.001598 0.000012 0.001648
0 0 0.723573 0.272168 0.002286 0.000015 0.001958
0 0 0.762383 0.234849 0.001241 0.000007 0.001520
0 0 0.762238 0.235001 0.001209 0.000006 0.001546
0 0 0.803031 0.186823 0.004112 0.000042 0.005992
0 0 0.973804 0.024492 0.000639 0.000005 0.001060
0 0 0.941205 0.056168 0.001208 0.000013 0.001404
0 0 0.882289 0.113318 0.002384 0.000039 0.001971
0 0 0.744171 0.251187 0.002782 0.000042 0.001817
0 0 0.756873 0.239620 0.002062 0.000025 0.001420
0 0 0.728082 0.266110 0.002920 0.000030 0.002858
0 0 0.905908 0.089657 0.002609 0.000061 0.001765
0 0 0.870433 0.123883 0.003188 0.000064 0.002433
0 0 0.691986 0.299530 0.004748 0.000055 0.003681
0 0 0.723726 0.269496 0.003926 0.000065 0.002787
0 0 0.593780 0.386849 0.014716 0.000252 0.004402
0 0 0.929166 0.065687 0.002999 0.000088 0.002061
0 0 0.910142 0.083245 0.003738 0.000103 0.002772
0 0 0.974518 0.021683 0.002065 0.000073 0.001661
0 0 0.748068 0.244456 0.004281 0.000076 0.003119
0 0 0.778755 0.216131 0.002842 0.000039 0.002233
0 0 0.895459 0.099897 0.002846 0.000074 0.001724
0 0 0.759341 0.234959 0.003349 0.000056 0.002295
0 0 0.774622 0.216832 0.005388 0.000151 0.003007
0 0 0.858923 0.134480 0.003986 0.000105 0.002507
0 0 0.715522 0.276584 0.004567 0.000082 0.003246
0 0 0.718202 0.273861 0.004938 0.000112 0.002887
0 0 0.720072 0.272600 0.004303 0.000078 0.002947
0 0 0.967807 0.023178 0.004231 0.000168 0.004616
0 0 0.704527 0.286088 0.005203 0.000090 0.004092
0 0 0.919720 0.069965 0.003541 0.000042 0.006731
0 0 0.901169 0.086558 0.004461 0.000060 0.007752
0 0 0.955138 0.038595 0.002165 0.000026 0.004077
0 0 0.832813 0.156232 0.003636 0.000028 0.007292
0 0 0.721495 0.263595 0.002716 0.000006 0.012188
0 0 0.723417 0.262833 0.002906 0.000008 0.010836
0 0 0.858293 0.131913 0.002504 0.000012 0.007279
0 0 0.685896 0.302549 0.003098 0.000012 0.008445
0 0 0.681294 0.306188 0.003123 0.000011 0.009385
0 1 0.686601 0.301981 0.003075 0.000012 0.008331
0 1 0.602659 0.363409 0.006171 0.000017 0.027743
1 1 0.421288 0.519367 0.021106 0.000033 0.038206
0 1 0.514774 0.449569 0.012708 0.000032 0.022916
1 1 0.361612 0.564417 0.028794 0.000032 0.045144
1 0 0.352063 0.563221 0.029081 0.000029 0.055607
0 0 0.550583 0.402027 0.012505 0.000056 0.034829
0 0 0.651357 0.328713 0.004814 0.000020 0.015096
0 0 0.929328 0.046896 0.006948 0.000123 0.016704
0 0 0.939497 0.020790 0.005679 0.000057 0.033978
0 1 0.891927 0.083924 0.004234 0.000022 0.019894
0 1 0.600215 0.357144 0.004987 0.000009 0.037646
1 0 0.391113 0.534753 0.029411 0.000056 0.044667
0 0 0.644468 0.333628 0.005733 0.000029 0.016142
0 0 0.933049 0.052989 0.003350 0.000028 0.010585
0 0 0.667443 0.316035 0.003737 0.000013 0.012772
0 0 0.955188 0.036957 0.001997 0.000016 0.005843
0 0 0.895049 0.096507 0.002468 0.000016 0.005960
0 0 0.957274 0.035540 0.001985 0.000017 0.005184
0 0 0.955550 0.036825 0.001906 0.000014 0.005705
0 0 0.728367 0.252772 0.004241 0.000017 0.014603
0 0 0.920571 0.067191 0.002903 0.000019 0.009316
0 0 0.741141 0.242524 0.003965 0.000017 0.012353
0 0 0.635896 0.339484 0.007050 0.000045 0.017525
0 0 0.634755 0.339393 0.004797 0.000014 0.021041
0 0 0.753386 0.225442 0.004378 0.000017 0.016777
0 0 0.915919 0.074469 0.002024 0.000009 0.007579
0 0 0.924087 0.044698 0.005869 0.000055 0.025291
0 0 0.979161 0.014044 0.001646 0.000018 0.005132
0 0 0.961649 0.030138 0.001659 0.000010 0.006545
0 0 0.978927 0.011142 0.001453 0.000009 0.008469
0 0 0.880157 0.076822 0.007972 0.000067 0.034982
0 0 0.658537 0.323364 0.003896 0.000012 0.014191
0 0 0.963415 0.026020 0.002402 0.000022 0.008141
0 0 0.951755 0.037451 0.002265 0.000015 0.008514
0 0 0.863195 0.119725 0.002999 0.000010 0.014071
0 0 0.805623 0.177110 0.003100 0.000009 0.014158
0 0 0.836611 0.147474 0.002928 0.000010 0.012978
0 0 0.719625 0.256163 0.003576 0.000008 0.020628
0 0 0.734607 0.253850 0.002793 0.000009 0.008741
0 0 0.935427 0.055042 0.002380 0.000016 0.007134
0 0 0.661033 0.321120 0.003144 0.000007 0.014695
0 0 0.594238 0.365879 0.007185 0.000023 0.032675
0 0 0.645297 0.332733 0.004716 0.000017 0.017237
1 0 0.401351 0.484414 0.019141 0.000022 0.095072
0 1 0.646370 0.331525 0.003921 0.000010 0.018175
0 1 0.613622 0.350812 0.004754 0.000010 0.030803
0 1 0.479374 0.471649 0.013655 0.000022 0.035300
1 0 0.318219 0.585367 0.037815 0.000037 0.058562
1 0 0.437755 0.515269 0.022618 0.000053 0.024304
0 0 0.564279 0.403877 0.010342 0.000040 0.021462
1 1 0.404824 0.545897 0.036261 0.000151 0.012868
1 1 0.376074 0.563969 0.046593 0.000210 0.013155
0 0 0.487793 0.478433 0.023714 0.000158 0.009901
1 0 0.311447 0.600341 0.070902 0.000270 0.017041
1 0 0.381093 0.545099 0.056164 0.000400 0.017243
0 0 0.669064 0.315251 0.007098 0.000095 0.008492
0 0 0.641133 0.341508 0.008105 0.000082 0.009171
0 0 0.899184 0.070722 0.009275 0.000170 0.020649
0 0 0.947172 0.018951 0.006663 0.000111 0.027102
0 4 0.777355 0.202014 0.005640 0.000038 0.014953
1 4 0.285751 0.620066 0.079869 0.000267 0.014047
1 4 0.397592 0.536704 0.045884 0.000264 0.019555
1 4 0.311536 0.600277 0.068031 0.000229 0.019927
1 4 0.317758 0.606699 0.047169 0.000073 0.028301
1 4 0.253159 0.620631 0.109259 0.000426 0.016526
1 4 0.259865 0.615274 0.100397 0.000335 0.024128
1 4 0.215774 0.640875 0.121112 0.000277 0.021962
1 4 0.293911 0.588815 0.103940 0.000808 0.012526
1 4 0.170108 0.606679 0.188239 0.000526 0.034449
1 1 0.340294 0.577326 0.064526 0.000321 0.017533
1 0 0.357733 0.563041 0.064432 0.000445 0.014350
0 0 0.520468 0.447065 0.020875 0.000175 0.011417
0 4 0.936072 0.052183 0.004358 0.000077 0.007309
0 4 0.534262 0.439674 0.013620 0.000059 0.012386
0 4 0.544934 0.432688 0.012553 0.000058 0.009768
0 4 0.564468 0.414691 0.009214 0.000031 0.011596
1 4 0.318118 0.613027 0.047525 0.000078 0.021252
1 4 0.382223 0.557549 0.047936 0.000259 0.012033
0 4 0.685020 0.303727 0.003957 0.000024 0.007272
0 4 0.577324 0.400868 0.010142 0.000050 0.011616
0 4 0.706851 0.285014 0.003219 0.000022 0.004894
0 4 0.666527 0.317809 0.006322 0.000063 0.009279
0 4 0.703513 0.287841 0.003459 0.000025 0.005162
0 4 0.657983 0.327982 0.004873 0.000025 0.009137
0 4 0.579672 0.400736 0.010314 0.000058 0.009221
0 0 0.661641 0.324051 0.006143 0.000054 0.008110
0 1 0.673405 0.312367 0.005369 0.000045 0.008813
0 1 0.700369 0.290637 0.002714 0.000011 0.006269
0 0 0.709040 0.283127 0.003133 0.000022 0.004678
0 0 0.962207 0.011852 0.005824 0.000133 0.019983
0 0 0.685622 0.302801 0.003310 0.000014 0.008254
0 0 0.670701 0.314324 0.003325 0.000010 0.011640
0 0 0.694326 0.295645 0.003576 0.000022 0.006430
0 0 0.978643 0.016138 0.001531 0.000019 0.003669
0 0 0.928326 0.051852 0.006579 0.000128 0.013116
0 0 0.956615 0.029154 0.003399 0.000038 0.010794
0 0 0.702446 0.285008 0.003216 0.000012 0.009318
0 0 0.910009 0.084826 0.001765 0.000012 0.003387
0 0 0.971048 0.021113 0.002591 0.000045 0.005202
0 0 0.981578 0.009324 0.002343 0.000041 0.006714
0 0 0.744382 0.247986 0.002815 0.000017 0.004799
0 0 0.869717 0.111160 0.006537 0.000089 0.012497
0 0 0.972926 0.016264 0.004217 0.000145 0.006447
0 0 0.672133 0.313472 0.004237 0.000022 0.010137
0 0 0.923799 0.064682 0.003897 0.000050 0.007571
0 0 0.886895 0.094832 0.006453 0.000099 0.011720
0 0 0.980585 0.011185 0.003097 0.000101 0.005032
0 0 0.988252 0.005595 0.002184 0.000076 0.003892
0 0 0.903316 0.078430 0.005294 0.000060 0.012900
0 0 0.975781 0.006107 0.004948 0.000186 0.012978
0 0 0.766468 0.213864 0.008056 0.000119 0.011492
0 1 0.612148 0.353067 0.006384 0.000022 0.028379
1 1 0.359171 0.546545 0.072306 0.000633 0.021344
1 1 0.180679 0.642356 0.137481 0.000191 0.039293
1 1 0.214195 0.635510 0.119588 0.000245 0.030463
1 1 0.167432 0.619510 0.171768 0.000332 0.040957
