4 1 0.015442 0.180904 0.094108 0.000317 0.709228
4 1 0.031259 0.257274 0.081258 0.000331 0.629878
4 1 0.056229 0.227522 0.101334 0.002936 0.611980
1 0 0.304352 0.395245 0.099041 0.002988 0.198373
4 0 0.107559 0.371141 0.081130 0.001297 0.438873
4 1 0.056215 0.265043 0.045540 0.000403 0.632799
4 1 0.021668 0.228771 0.086754 0.000250 0.662557
4 1 0.013637 0.144774 0.046459 0.000155 0.794975
4 1 0.008739 0.124744 0.071703 0.000208 0.794606
4 1 0.014219 0.230406 0.091503 0.000102 0.663771
4 1 0.032155 0.107972 0.040561 0.002252 0.817060
4 1 0.024633 0.303342 0.080523 0.000101 0.591400
4 1 0.011741 0.228982 0.156425 0.000169 0.602682
4 1 0.027571 0.334040 0.161097 0.000296 0.476996
4 1 0.019049 0.323928 0.195694 0.000198 0.461131
4 1 0.017635 0.178902 0.116786 0.000654 0.686023
4 1 0.015340 0.242612 0.125582 0.000173 0.616294
4 1 0.012054 0.203121 0.179869 0.000357 0.604600
4 1 0.020729 0.233308 0.087267 0.000212 0.658484
4 1 0.008292 0.207372 0.209145 0.000180 0.575011
4 1 0.012948 0.147213 0.091206 0.000429 0.748204
4 1 0.016750 0.224714 0.105733 0.000209 0.652594
4 1 0.011415 0.182104 0.115896 0.000223 0.690363
4 1 0.039116 0.333461 0.175788 0.000762 0.450873
4 1 0.013970 0.301962 0.167597 0.000099 0.516372
4 1 0.020451 0.270265 0.136556 0.000256 0.572472
4 1 0.012362 0.288013 0.219458 0.000139 0.480028
4 1 0.009237 0.308100 0.318681 0.000097 0.363886
1 1 0.021124 0.370308 0.333748 0.000322 0.274498
1 1 0.039710 0.371681 0.329855 0.001295 0.257458
1 1 0.089702 0.456081 0.303809 0.002712 0.147697
2 1 0.059744 0.352007 0.475133 0.005241 0.107875
2 1 0.044671 0.294051 0.569725 0.006371 0.085182
2 1 0.078434 0.386849 0.398158 0.005997 0.130561
2 1 0.053141 0.315110 0.526989 0.006867 0.097893
1 1 0.324313 0.342673 0.135475 0.008742 0.188798
1 2 0.125651 0.429390 0.254389 0.005641 0.184928
0 2 0.811637 0.092768 0.032752 0.008283 0.054559
1 2 0.315611 0.363845 0.144790 0.005761 0.169993
1 2 0.102376 0.468708 0.266894 0.002971 0.159052
2 2 0.075762 0.368829 0.431671 0.011331 0.112406
2 2 0.017593 0.117544 0.786635 0.047526 0.030702
2 2 0.034298 0.228890 0.661323 0.013882 0.061606
2 2 0.000996 0.019496 0.951668 0.025521 0.002320
1 2 0.100816 0.443122 0.291398 0.003797 0.160866
0 2 0.831821 0.081202 0.029640 0.008759 0.048577
0 2 0.486117 0.278907 0.083203 0.005578 0.146195
0 2 0.576972 0.213469 0.078099 0.009579 0.121881
0 2 0.438116 0.308036 0.089760 0.005073 0.159015
0 2 0.489952 0.237375 0.122062 0.019266 0.131344
1 2 0.094617 0.414756 0.344287 0.007847 0.138492
0 2 0.399301 0.287137 0.153969 0.012360 0.147232
0 2 0.536352 0.251559 0.074204 0.005588 0.132298
1 2 0.129093 0.426540 0.267355 0.012169 0.164843
2 2 0.052244 0.289225 0.556674 0.012494 0.089362
1 2 0.192156 0.402049 0.230715 0.007234 0.167846
1 2 0.086317 0.417369 0.357315 0.005833 0.133166
1 2 0.152775 0.418384 0.243992 0.006653 0.178196
2 2 0.251127 0.271148 0.310059 0.052592 0.115074
1 2 0.245548 0.429884 0.113717 0.003026 0.207824
1 2 0.296955 0.389337 0.113788 0.004213 0.195706
2 2 0.090797 0.335701 0.431833 0.018383 0.123287
0 2 0.513875 0.276448 0.069204 0.003698 0.136774
0 2 0.751220 0.133798 0.037979 0.005121 0.071882
0 2 0.911004 0.052083 0.009937 0.001546 0.025431
1 2 0.130823 0.581748 0.100759 0.000405 0.186264
0 2 0.638219 0.225000 0.037272 0.001398 0.098110
1 2 0.138313 0.529243 0.134025 0.001116 0.197304
1 2 0.104625 0.416626 0.317755 0.007971 0.153023
2 2 0.026776 0.176743 0.726313 0.018985 0.051184
2 2 0.018653 0.140017 0.782534 0.023640 0.035156
0 2 0.759364 0.123333 0.040335 0.007186 0.069781
0 2 0.532398 0.278017 0.057909 0.002380 0.129296
0 2 0.859074 0.081786 0.016815 0.002092 0.040233
0 2 0.897938 0.055229 0.013991 0.003204 0.029639
0 2 0.905404 0.049756 0.012609 0.003173 0.029058
0 0 0.937633 0.030833 0.007592 0.002667 0.021275
0 0 0.930346 0.036040 0.009904 0.003492 0.020218
0 0 0.939207 0.027715 0.007072 0.002936 0.023070
0 0 0.919981 0.038028 0.011678 0.004837 0.025476
0 0 0.890371 0.058169 0.015751 0.003840 0.031869
0 0 0.964548 0.017162 0.004671 0.002778 0.010842
0 0 0.950195 0.024716 0.006101 0.002488 0.016500
0 0 0.532684 0.264441 0.048358 0.001789 0.152727
1 1 0.092642 0.438710 0.103009 0.000715 0.364924
1 1 0.136214 0.580012 0.092554 0.000390 0.190831
1 1 0.069504 0.480060 0.235524 0.000937 0.213975
1 1 0.043969 0.420681 0.244438 0.000644 0.290268
1 1 0.085978 0.516711 0.104862 0.000312 0.292138
1 1 0.094976 0.461182 0.126162 0.000857 0.316823
4 1 0.018369 0.138714 0.033656 0.000201 0.809060
4 1 0.013183 0.213753 0.140837 0.000239 0.631989
4 1 0.016900 0.183838 0.065708 0.000195 0.733359
4 1 0.016684 0.185927 0.111483 0.000461 0.685445
4 1 0.015696 0.194536 0.080716 0.000192 0.708860
4 1 0.017420 0.145866 0.038652 0.000190 0.797872
4 4 0.009880 0.080370 0.032453 0.000331 0.876965
4 4 0.014082 0.182189 0.101322 0.000285 0.702122
4 4 0.008792 0.061300 0.026103 0.000457 0.903348
4 4 0.010819 0.047895 0.014781 0.000642 0.925862
4 4 0.010286 0.044002 0.019152 0.001241 0.925319
4 4 0.010699 0.086555 0.055068 0.000785 0.846893
4 4 0.011061 0.105886 0.067743 0.000589 0.814721
4 4 0.010106 0.069603 0.022960 0.000315 0.897015
4 4 0.016174 0.169774 0.082522 0.000354 0.731175
4 4 0.013133 0.131605 0.037150 0.000135 0.817977
4 4 0.035603 0.159393 0.040940 0.000782 0.763281
4 4 0.045429 0.196104 0.073360 0.001790 0.683317
4 4 0.021791 0.127342 0.023728 0.000217 0.826921
4 4 0.019893 0.145691 0.038649 0.000259 0.795508
4 4 0.014752 0.179822 0.095830 0.000302 0.709295
4 4 0.015281 0.200870 0.112985 0.000289 0.670575
4 4 0.011486 0.142915 0.099841 0.000426 0.745333
4 4 0.021905 0.196225 0.094108 0.000523 0.687238
4 4 0.016214 0.206323 0.110976 0.000291 0.666196
4 4 0.016614 0.149302 0.054668 0.000291 0.779126
4 4 0.033863 0.283921 0.125259 0.000579 0.556378
4 4 0.012033 0.226306 0.187905 0.000255 0.573502
4 4 0.011816 0.177745 0.122931 0.000292 0.687216
4 4 0.016898 0.189300 0.090278 0.000307 0.703217
4 4 0.011348 0.179250 0.270853 0.000968 0.537580
4 4 0.013442 0.191320 0.206404 0.000721 0.588113
4 4 0.019745 0.175713 0.191669 0.002111 0.610761
4 4 0.016972 0.130023 0.109031 0.001722 0.742252
4 4 0.015611 0.062398 0.022606 0.001237 0.898148
4 4 0.023873 0.219163 0.140618 0.000847 0.615498
4 4 0.028133 0.278380 0.236832 0.001176 0.455479
4 4 0.278606 0.293067 0.101442 0.006757 0.320128
0 4 0.716214 0.110574 0.036908 0.008295 0.128009
4 4 0.097959 0.332081 0.081991 0.001665 0.486304
4 4 0.013335 0.257707 0.323753 0.000463 0.404741
2 4 0.018659 0.311039 0.339583 0.000508 0.330211
4 2 0.010845 0.247632 0.297432 0.000297 0.443793
4 2 0.019358 0.280916 0.244361 0.000509 0.454856
4 2 0.016720 0.123749 0.067638 0.000859 0.791033
4 2 0.018869 0.168201 0.125249 0.001084 0.686598
4 2 0.017328 0.125283 0.081764 0.001247 0.774377
4 2 0.019935 0.238625 0.237910 0.000975 0.502555
4 2 0.018300 0.230590 0.274753 0.001145 0.475211
4 2 0.021561 0.321222 0.250524 0.000400 0.406293
2 2 0.012983 0.259042 0.401084 0.000571 0.326319
4 2 0.016770 0.239888 0.241825 0.000660 0.500857
2 2 0.014350 0.296337 0.358473 0.000364 0.330476
2 2 0.013993 0.245541 0.417319 0.000879 0.322268
2 2 0.017087 0.228706 0.500457 0.002230 0.251520
2 2 0.017532 0.302046 0.404529 0.000618 0.275275
4 2 0.034901 0.303834 0.227696 0.001284 0.432285
2 2 0.024492 0.302232 0.455519 0.001480 0.216277
2 2 0.015882 0.277629 0.515419 0.000871 0.190197
2 2 0.013657 0.194468 0.557098 0.002785 0.231992
2 2 0.004919 0.033698 0.565848 0.377738 0.017797
3 2 0.002769 0.016540 0.286272 0.678836 0.015583
3 2 0.001229 0.011316 0.360738 0.622308 0.004410
2 2 0.000936 0.012413 0.589720 0.394205 0.002726
2 2 0.000761 0.010523 0.549689 0.436903 0.002124
3 2 0.001850 0.014222 0.344042 0.633434 0.006453
3 2 0.000293 0.004597 0.349648 0.644093 0.001369
2 2 0.000185 0.004724 0.622769 0.371715 0.000607
2 2 0.000160 0.004314 0.627785 0.367111 0.000630
3 2 0.000205 0.003725 0.353988 0.641311 0.000771
3 2 0.000576 0.004281 0.196856 0.795691 0.002595
3 2 0.000512 0.004102 0.162163 0.828317 0.004905
3 2 0.000487 0.001788 0.087229 0.908436 0.002060
3 2 0.000684 0.004304 0.165083 0.826624 0.003305
3 2 0.001355 0.003708 0.103152 0.883483 0.008302
3 2 0.000265 0.001144 0.076688 0.920906 0.000998
3 2 0.000416 0.002737 0.139594 0.855569 0.001685
3 2 0.000457 0.000616 0.033162 0.964066 0.001699
3 2 0.000588 0.001039 0.051851 0.945044 0.001477
3 3 0.001563 0.001560 0.047884 0.944482 0.004512
3 3 0.000494 0.000646 0.037839 0.960191 0.000830
3 3 0.000876 0.003508 0.120841 0.869950 0.004824
3 3 0.000592 0.000569 0.028379 0.968762 0.001698
3 3 0.000667 0.001511 0.061772 0.932274 0.003776
3 3 0.000576 0.000566 0.028314 0.968784 0.001760
3 3 0.000320 0.000580 0.038787 0.959467 0.000847
3 3 0.000739 0.000923 0.040465 0.955622 0.002250
3 3 0.000993 0.000385 0.016468 0.980408 0.001746
3 3 0.000480 0.001173 0.061270 0.935502 0.001575
3 3 0.001555 0.001005 0.032491 0.961314 0.003636
3 3 0.001670 0.000796 0.028240 0.967468 0.001826
3 3 0.001321 0.000443 0.017269 0.979210 0.001757
3 3 0.001568 0.000747 0.025560 0.969481 0.002643
3 3 0.001638 0.000412 0.015070 0.981121 0.001759
3 3 0.001941 0.000530 0.018118 0.977567 0.001845
3 3 0.002548 0.000562 0.015627 0.977251 0.004012
3 3 0.002180 0.000577 0.018199 0.976604 0.002440
3 3 0.001715 0.000395 0.014341 0.981848 0.001701
3 3 0.001219 0.000300 0.012957 0.984395 0.001130
3 3 0.001838 0.000642 0.022661 0.973230 0.001629
3 3 0.001857 0.000324 0.011190 0.984572 0.002057
3 3 0.001318 0.000440 0.017907 0.978981 0.001354
3 3 0.002164 0.000542 0.016510 0.977652 0.003131
3 3 0.002759 0.000552 0.015570 0.977966 0.003153
3 3 0.002900 0.000522 0.014763 0.978984 0.002831
3 3 0.001380 0.000296 0.011579 0.985069 0.001676
3 3 0.003439 0.000913 0.023014 0.968829 0.003805
3 3 0.003347 0.000973 0.025760 0.967009 0.002910
3 3 0.002599 0.000761 0.020970 0.971778 0.003892
3 3 0.002917 0.000746 0.020881 0.972654 0.002802
3 3 0.001529 0.000593 0.022739 0.973739 0.001400
3 3 0.002604 0.000736 0.021970 0.972353 0.002337
3 3 0.001945 0.000761 0.025775 0.969688 0.001831
3 3 0.002520 0.000453 0.013080 0.980612 0.003335
3 3 0.001339 0.000335 0.013137 0.983456 0.001733
3 3 0.004049 0.000405 0.009507 0.981058 0.004980
3 3 0.001620 0.000256 0.009689 0.986876 0.001559
3 3 0.001318 0.000458 0.018498 0.978319 0.001406
3 3 0.001620 0.000546 0.020358 0.975959 0.001517
3 3 0.001793 0.000415 0.013921 0.981327 0.002544
3 3 0.003839 0.000431 0.011829 0.981894 0.002008
3 3 0.002429 0.000462 0.012983 0.979847 0.004279
3 3 0.002793 0.000410 0.012075 0.982296 0.002427
3 3 0.003750 0.000424 0.011202 0.981923 0.002702
3 3 0.001974 0.000228 0.008216 0.988126 0.001456
3 3 0.002648 0.000276 0.008162 0.986107 0.002807
3 3 0.003238 0.000608 0.016854 0.976780 0.002520
3 3 0.004001 0.000795 0.020043 0.972261 0.002900
3 3 0.004319 0.000558 0.013139 0.977913 0.004071
3 3 0.002413 0.000521 0.015733 0.978661 0.002672
3 3 0.003825 0.000843 0.020900 0.970937 0.003495
3 3 0.002996 0.000410 0.012103 0.982404 0.002088
3 3 0.002228 0.000436 0.014243 0.981131 0.001961
3 3 0.003456 0.000462 0.012359 0.980840 0.002884
3 3 0.001950 0.000362 0.013396 0.983122 0.001170
3 3 0.004232 0.000974 0.021387 0.967381 0.006027
3 3 0.001508 0.000301 0.011923 0.984964 0.001304
3 3 0.004341 0.000486 0.011379 0.979522 0.004273
3 3 0.004122 0.000981 0.023803 0.967723 0.003371
3 3 0.003313 0.000629 0.017199 0.976249 0.002610
3 3 0.003648 0.000736 0.019278 0.973570 0.002768
3 3 0.002140 0.000279 0.009592 0.986352 0.001638
3 3 0.001899 0.000212 0.007981 0.988709 0.001199
3 3 0.002800 0.000392 0.012077 0.982907 0.001825
3 3 0.002358 0.000389 0.012456 0.982770 0.002027
3 3 0.002889 0.000553 0.016031 0.978131 0.002397
3 3 0.003060 0.000398 0.011498 0.982723 0.002320
3 3 0.002843 0.000361 0.010862 0.983835 0.002099
3 3 0.003322 0.000386 0.011197 0.983185 0.001910
3 3 0.003243 0.000537 0.015000 0.978791 0.002429
3 3 0.003745 0.000716 0.020979 0.973277 0.001283
3 3 0.005412 0.002867 0.061562 0.926848 0.003311
3 3 0.002593 0.003155 0.104731 0.888757 0.000764
3 3 0.008036 0.008319 0.136941 0.841274 0.005429
3 3 0.003798 0.003389 0.088151 0.902884 0.001778
3 3 0.006224 0.011670 0.244259 0.735274 0.002572
3 3 0.009503 0.035890 0.452067 0.495810 0.006730
3 3 0.002726 0.003991 0.110993 0.880255 0.002034
2 3 0.003451 0.028715 0.609994 0.353856 0.003984
3 3 0.003263 0.005765 0.167937 0.822214 0.000821
3 3 0.007792 0.007089 0.140285 0.843013 0.001822
3 3 0.004796 0.015058 0.261058 0.712998 0.006089
3 3 0.003775 0.009748 0.262135 0.721951 0.002390
3 3 0.004410 0.004753 0.123709 0.866015 0.001112
3 3 0.003483 0.006926 0.173400 0.814385 0.001805
3 3 0.003325 0.006129 0.167404 0.821958 0.001184
3 3 0.007747 0.008301 0.144621 0.835357 0.003974
3 3 0.006740 0.006419 0.143331 0.842356 0.001154
3 3 0.331892 0.074558 0.202834 0.362186 0.028531
3 3 0.006869 0.007579 0.134289 0.846490 0.004772
2 3 0.098819 0.100607 0.454282 0.315626 0.030666
3 3 0.019291 0.041932 0.379529 0.549518 0.009729
3 3 0.044631 0.052620 0.343241 0.542572 0.016936
3 3 0.002826 0.008112 0.210132 0.777061 0.001869
3 3 0.008371 0.027642 0.389502 0.569770 0.004715
2 3 0.000312 0.007947 0.828256 0.163042 0.000442
2 2 0.067083 0.179602 0.616546 0.080321 0.056449
2 2 0.062169 0.212271 0.585702 0.075454 0.064405
2 2 0.025390 0.096259 0.522023 0.325895 0.030433
3 2 0.014352 0.057422 0.407423 0.467206 0.053597
2 2 0.030388 0.221367 0.387799 0.008072 0.352373
2 2 0.010879 0.171560 0.509194 0.002494 0.305873
4 2 0.015498 0.140205 0.382749 0.008307 0.453241
2 2 0.019947 0.222117 0.384363 0.002622 0.370951
2 2 0.013770 0.194572 0.465941 0.002388 0.323329
2 2 0.013039 0.128585 0.504835 0.013706 0.339835
2 2 0.009778 0.221466 0.445041 0.000627 0.323090
2 2 0.011698 0.177736 0.464502 0.002319 0.343745
4 2 0.012142 0.156652 0.381171 0.003134 0.446901
2 2 0.011303 0.179435 0.526089 0.002365 0.280807
4 2 0.019581 0.152400 0.336736 0.008617 0.482666
4 2 0.013742 0.159540 0.353684 0.003488 0.469546
2 2 0.012305 0.191452 0.457815 0.001926 0.336502
4 2 0.031264 0.219313 0.264675 0.004427 0.480321
2 2 0.012847 0.195174 0.419997 0.001774 0.370209
4 2 0.011001 0.150630 0.337627 0.002424 0.498318
4 2 0.017403 0.195176 0.340155 0.002651 0.444616
4 2 0.011668 0.209199 0.361386 0.000891 0.416856
4 2 0.018133 0.192793 0.238088 0.001756 0.549229
2 2 0.013562 0.193269 0.434498 0.002176 0.356496
4 2 0.018135 0.122316 0.225701 0.008656 0.625192
4 2 0.014495 0.177418 0.316163 0.002241 0.489682
4 2 0.016515 0.233672 0.352711 0.001247 0.395855
4 2 0.013128 0.185850 0.320861 0.001534 0.478628
4 1 0.019453 0.208203 0.304321 0.002269 0.465755
4 1 0.014184 0.224973 0.326898 0.000913 0.433031
4 1 0.024521 0.218733 0.259892 0.002502 0.494352
2 1 0.016818 0.222954 0.397901 0.001834 0.360493
2 1 0.023011 0.232196 0.378876 0.002999 0.362919
4 1 0.057433 0.216624 0.269081 0.018582 0.438280
2 1 0.054252 0.365333 0.476432 0.003570 0.100414
2 1 0.051875 0.292460 0.555631 0.012306 0.087728
2 1 0.018713 0.081235 0.499963 0.360652 0.039438
2 1 0.032023 0.141302 0.627744 0.158532 0.040399
2 1 0.021862 0.133425 0.739213 0.072955 0.032544
2 1 0.066191 0.243261 0.515604 0.095845 0.079098
2 2 0.041596 0.224558 0.635272 0.036311 0.062264
2 2 0.002388 0.025145 0.714080 0.255323 0.003064
2 2 0.012781 0.095924 0.817187 0.051815 0.022293
2 2 0.024169 0.140967 0.719271 0.081073 0.034521
2 2 0.029029 0.182503 0.713285 0.021065 0.054117
2 2 0.053304 0.240335 0.577313 0.058310 0.070739
2 2 0.009238 0.051015 0.595432 0.333710 0.010605
2 2 0.024977 0.169826 0.735928 0.025255 0.044014
2 2 0.042349 0.240117 0.626128 0.023280 0.068126
2 2 0.048640 0.219960 0.611351 0.046005 0.074043
2 2 0.073164 0.393622 0.402234 0.004456 0.126525
2 2 0.041505 0.212487 0.639101 0.045664 0.061243
2 2 0.004502 0.035489 0.808609 0.145815 0.005585
2 2 0.001394 0.021529 0.891692 0.082952 0.002432
2 2 0.001263 0.019100 0.864898 0.112785 0.001955
2 2 0.004756 0.028039 0.730432 0.232907 0.003866
2 2 0.008049 0.059994 0.824210 0.094028 0.013719
2 2 0.058509 0.293510 0.538556 0.020937 0.088488
2 2 0.038722 0.209866 0.654677 0.036451 0.060285
2 2 0.032528 0.199950 0.686040 0.028414 0.053069
2 2 0.025599 0.158274 0.725557 0.051444 0.039127
2 2 0.004355 0.041938 0.849965 0.096330 0.007413
2 2 0.006914 0.058594 0.853715 0.068183 0.012593
2 2 0.000783 0.016394 0.945137 0.036017 0.001670
2 2 0.001436 0.017887 0.927573 0.051166 0.001938
2 2 0.005769 0.061622 0.890192 0.030661 0.011756
2 2 0.049850 0.237556 0.619321 0.022762 0.070511
2 2 0.051574 0.247820 0.587863 0.037252 0.075491
2 2 0.007445 0.067877 0.875546 0.033615 0.015517
2 2 0.032249 0.252155 0.646901 0.007031 0.061664
2 2 0.007390 0.068338 0.867140 0.043081 0.014052
2 2 0.005163 0.022318 0.827858 0.141866 0.002795
2 2 0.003935 0.050500 0.916054 0.020686 0.008826
2 2 0.037315 0.179678 0.696409 0.043245 0.043352
2 2 0.003535 0.035646 0.863755 0.091375 0.005688
2 2 0.009269 0.088162 0.863357 0.018942 0.020270
2 2 0.003424 0.034230 0.899790 0.056964 0.005592
2 2 0.030462 0.201097 0.695346 0.018769 0.054325
2 2 0.002534 0.024775 0.850591 0.119008 0.003092
2 2 0.061392 0.380828 0.443417 0.003755 0.110608
1 2 0.217379 0.421308 0.175078 0.004321 0.181915
2 2 0.068868 0.345768 0.470255 0.014543 0.100567
2 2 0.025849 0.158340 0.725909 0.049768 0.040134
2 2 0.011293 0.073709 0.738680 0.160694 0.015624
2 2 0.053241 0.254123 0.577890 0.039196 0.075549
2 2 0.050772 0.281149 0.570737 0.019982 0.077360
2 2 0.039164 0.252487 0.627836 0.015222 0.065290
2 2 0.044290 0.275605 0.593963 0.014466 0.071677
2 2 0.051406 0.318094 0.534448 0.008280 0.087772
0 2 0.761910 0.115169 0.043805 0.010321 0.068795
2 2 0.066302 0.392799 0.422409 0.004134 0.114356
2 2 0.061816 0.325325 0.505626 0.016059 0.091175
1 2 0.165302 0.384777 0.282357 0.015870 0.151694
2 2 0.051453 0.253983 0.583722 0.038294 0.072548
2 2 0.075507 0.362704 0.429064 0.008252 0.124473
1 2 0.141043 0.459798 0.197920 0.004481 0.196757
1 2 0.095650 0.474306 0.273052 0.002299 0.154692
0 2 0.450381 0.145421 0.048229 0.007871 0.348099
0 2 0.783889 0.065558 0.020449 0.006975 0.123129
1 1 0.230373 0.457260 0.102487 0.001946 0.207934
1 1 0.115347 0.440675 0.277553 0.007381 0.159044
1 4 0.082346 0.430051 0.345636 0.003374 0.138593
2 4 0.063372 0.243887 0.373209 0.063508 0.256024
4 4 0.036278 0.290478 0.195740 0.001311 0.476193
4 4 0.038216 0.269434 0.189372 0.001866 0.501112
4 4 0.027706 0.256837 0.206365 0.001241 0.507852
4 4 0.042415 0.345750 0.179139 0.000819 0.431878
4 4 0.034830 0.280239 0.246763 0.001985 0.436182
4 4 0.033271 0.235996 0.222219 0.002928 0.505587
4 4 0.043825 0.268410 0.098958 0.000859 0.587948
4 4 0.035620 0.343063 0.194968 0.000652 0.425697
4 4 0.043036 0.298017 0.159628 0.001250 0.498069
4 4 0.037123 0.265688 0.135887 0.001057 0.560244
4 4 0.031564 0.244209 0.199992 0.001922 0.522313
4 4 0.033641 0.167727 0.158153 0.006119 0.634360
4 4 0.122411 0.147238 0.092078 0.018280 0.619993
1 4 0.101766 0.457164 0.120094 0.000953 0.320023
4 4 0.037257 0.250329 0.166006 0.001874 0.544535
4 4 0.022274 0.119349 0.101134 0.003849 0.753393
4 4 0.037120 0.146038 0.057970 0.002209 0.756662
4 4 0.032704 0.211179 0.180856 0.003053 0.572208
4 4 0.017267 0.061909 0.030503 0.002788 0.887532
1 4 0.127771 0.399967 0.102890 0.002093 0.367280
4 4 0.030033 0.108765 0.040438 0.002102 0.818662
4 4 0.011826 0.045299 0.020708 0.001773 0.920394
4 4 0.040824 0.245743 0.130201 0.001639 0.581593
4 4 0.020683 0.214973 0.209268 0.001278 0.553797
4 4 0.014024 0.078203 0.042615 0.001336 0.863822
4 4 0.034293 0.231307 0.208914 0.003062 0.522424
4 4 0.024122 0.176679 0.081449 0.000747 0.717003
4 4 0.022228 0.147794 0.141240 0.003126 0.685611
4 4 0.014422 0.211413 0.304575 0.001081 0.468509
4 4 0.021582 0.164076 0.157264 0.002389 0.654689
4 4 0.015167 0.195586 0.235042 0.001083 0.553122
4 4 0.030129 0.259761 0.163526 0.000979 0.545605
4 4 0.026008 0.117037 0.076090 0.003571 0.777293
4 4 0.013164 0.107122 0.088732 0.001359 0.789623
4 4 0.016867 0.206899 0.214293 0.000962 0.560979
4 4 0.013591 0.177740 0.237167 0.001221 0.570281
4 4 0.015277 0.242684 0.202072 0.000381 0.539585
4 4 0.017740 0.152685 0.143040 0.001691 0.684844
4 4 0.017514 0.112738 0.088685 0.002169 0.778894
4 4 0.014051 0.160831 0.211182 0.001580 0.612356
4 4 0.023215 0.195599 0.109068 0.000783 0.671335
4 4 0.021714 0.212993 0.226884 0.001687 0.536721
4 4 0.018875 0.212729 0.181881 0.000855 0.585660
4 4 0.017917 0.221075 0.224507 0.000929 0.535573
4 4 0.012835 0.207746 0.279004 0.000773 0.499642
4 4 0.011687 0.160288 0.249106 0.001374 0.577545
4 4 0.018148 0.261521 0.340731 0.000952 0.378647
4 4 0.013248 0.228531 0.328795 0.000742 0.428684
4 4 0.014206 0.191390 0.254389 0.001148 0.538867
2 2 0.014989 0.233590 0.397947 0.001178 0.352296
4 2 0.017848 0.228485 0.359957 0.001670 0.392040
2 2 0.038214 0.306414 0.483246 0.003895 0.168231
2 2 0.040255 0.287529 0.394832 0.004778 0.272606
1 2 0.169474 0.463167 0.135869 0.003155 0.228334
1 2 0.100759 0.423642 0.313268 0.006122 0.156208
1 2 0.096979 0.445660 0.297488 0.003486 0.156386
2 2 0.054968 0.331308 0.443308 0.006716 0.163699
2 2 0.038534 0.287209 0.503665 0.005355 0.165237
0 2 0.643113 0.173010 0.069021 0.011942 0.102914
1 2 0.103211 0.439841 0.289224 0.004093 0.163632
1 2 0.083292 0.399688 0.381693 0.007250 0.128077
1 2 0.085411 0.414109 0.359762 0.005444 0.135274
2 2 0.072824 0.352386 0.450667 0.011575 0.112547
2 2 0.044434 0.236711 0.620812 0.027589 0.070453
2 2 0.005449 0.062226 0.898238 0.022318 0.011768
2 2 0.009193 0.090160 0.863713 0.016518 0.020416
2 2 0.021347 0.154887 0.762635 0.020316 0.040815
2 2 0.006218 0.056409 0.885049 0.038977 0.013346
2 2 0.011743 0.103380 0.840995 0.018793 0.025088
2 2 0.002001 0.028087 0.915319 0.050617 0.003977
2 2 0.030562 0.220976 0.677915 0.008797 0.061751
2 2 0.006668 0.061373 0.881246 0.036721 0.013992
1 2 0.085022 0.420214 0.348841 0.004057 0.141867
2 2 0.062669 0.300014 0.520067 0.017590 0.099661
2 2 0.112306 0.301909 0.429916 0.020890 0.134979
1 2 0.180382 0.422331 0.212957 0.005350 0.178980
1 2 0.089833 0.428559 0.330381 0.004020 0.147208
2 2 0.020689 0.144239 0.737042 0.035886 0.062143
2 2 0.020840 0.155735 0.763912 0.020501 0.039012
1 2 0.092379 0.402644 0.354380 0.007186 0.143411
2 2 0.039403 0.249636 0.625535 0.010012 0.075415
2 2 0.003479 0.038579 0.892122 0.059123 0.006697
2 2 0.003203 0.037743 0.905449 0.047127 0.006477
2 2 0.000670 0.016508 0.971580 0.009257 0.001984
2 2 0.005185 0.059929 0.908046 0.013705 0.013135
2 2 0.001767 0.027689 0.942238 0.024097 0.004210
2 2 0.002160 0.031768 0.941300 0.019328 0.005445
2 2 0.093851 0.226614 0.548672 0.046163 0.084700
2 2 0.093382 0.385735 0.398536 0.004512 0.117836
2 2 0.053084 0.271253 0.568198 0.016187 0.091277
2 2 0.043963 0.272872 0.594595 0.011119 0.077452
2 2 0.002925 0.033838 0.879883 0.078120 0.005234
2 2 0.004930 0.049202 0.878088 0.058558 0.009222
2 2 0.050436 0.178565 0.668118 0.044198 0.058683
2 2 0.051711 0.325730 0.521130 0.005616 0.095812
2 2 0.027574 0.174727 0.721497 0.028351 0.047850
1 2 0.246972 0.345992 0.245447 0.010491 0.151098
0 2 0.392242 0.300492 0.132192 0.010734 0.164339
2 2 0.075099 0.361083 0.438064 0.011203 0.114551
1 2 0.070666 0.414948 0.390973 0.003536 0.119877
2 2 0.047932 0.290875 0.567169 0.009880 0.084144
2 2 0.038257 0.266609 0.617146 0.009179 0.068809
2 2 0.013480 0.089771 0.792635 0.082060 0.022054
2 2 0.000503 0.013579 0.972142 0.012396 0.001380
2 2 0.004206 0.043911 0.894150 0.049238 0.008494
2 2 0.003355 0.041751 0.921661 0.025518 0.007716
2 2 0.005109 0.046829 0.855476 0.083548 0.009038
2 2 0.003160 0.041068 0.926089 0.022238 0.007446
2 2 0.001518 0.024227 0.930336 0.040748 0.003172
2 2 0.001282 0.021927 0.934292 0.039809 0.002689
2 2 0.002610 0.030851 0.864598 0.097538 0.004403
2 2 0.013375 0.057526 0.832680 0.084841 0.011578
2 2 0.020653 0.133915 0.784293 0.027781 0.033358
2 2 0.042206 0.189640 0.677392 0.035836 0.054926
2 2 0.041043 0.052264 0.578368 0.317348 0.010977
0 2 0.580190 0.106561 0.168393 0.100549 0.044308
0 2 0.747952 0.143140 0.033705 0.003252 0.071950
1 2 0.347937 0.388569 0.089564 0.002223 0.171707
0 2 0.496523 0.293919 0.066615 0.002868 0.140074
0 2 0.807189 0.115192 0.021655 0.001796 0.054168
1 2 0.269887 0.363998 0.193509 0.007770 0.164836
0 0 0.931006 0.035007 0.010094 0.003908 0.019985
0 0 0.871478 0.070281 0.017656 0.003336 0.037248
0 0 0.952538 0.024541 0.006426 0.002756 0.013739
0 0 0.990842 0.004735 0.000968 0.000868 0.002587
0 0 0.924225 0.041928 0.009588 0.002296 0.021963
1 0 0.309690 0.446078 0.072539 0.000856 0.170838
0 1 0.592089 0.250508 0.044554 0.001652 0.111198
1 1 0.117384 0.534970 0.169501 0.001072 0.177073
1 1 0.284350 0.390153 0.141548 0.004611 0.179337
0 1 0.898503 0.053637 0.014566 0.003786 0.029509
0 1 0.828384 0.101466 0.019721 0.001905 0.048525
1 1 0.199085 0.504228 0.104340 0.001014 0.191332
0 0 0.900497 0.051812 0.013313 0.003337 0.031041
0 0 0.952702 0.025494 0.005975 0.002108 0.013722
0 0 0.931592 0.038735 0.008118 0.001801 0.019754
0 0 0.954847 0.024861 0.005443 0.001761 0.013087
0 0 0.794415 0.118932 0.025619 0.002537 0.058497
0 0 0.604030 0.249821 0.038905 0.001194 0.106049
1 0 0.212584 0.471323 0.129964 0.001768 0.184361
1 1 0.378277 0.378830 0.073297 0.001747 0.167850
4 1 0.073565 0.327909 0.127840 0.001984 0.468703
4 1 0.064132 0.379806 0.104401 0.000580 0.451080
4 1 0.015740 0.126821 0.048838 0.000383 0.808218
4 1 0.016700 0.196849 0.141229 0.000562 0.644660
4 1 0.015842 0.125675 0.057359 0.000535 0.800589
4 4 0.017982 0.145251 0.068278 0.000574 0.767915
4 4 0.009382 0.040321 0.014334 0.000815 0.935149
4 4 0.010598 0.042601 0.017614 0.001284 0.927903
4 4 0.009956 0.052392 0.021337 0.000745 0.915570
4 4 0.024324 0.117262 0.030102 0.000580 0.827732
4 4 0.017720 0.067463 0.026845 0.001701 0.886271
4 4 0.017621 0.192367 0.105480 0.000418 0.684114
4 4 0.017688 0.161863 0.093898 0.000651 0.725901
4 4 0.012708 0.150549 0.108632 0.000514 0.727597
4 4 0.007830 0.033464 0.012942 0.000874 0.944889
4 4 0.008442 0.034135 0.015112 0.001281 0.941030
4 4 0.029141 0.176414 0.071739 0.000925 0.721781
4 4 0.010606 0.105115 0.075302 0.000663 0.808314
4 4 0.011791 0.061459 0.032015 0.001284 0.893451
4 4 0.022436 0.137700 0.060865 0.000945 0.778053
4 4 0.015506 0.080449 0.034972 0.001065 0.868008
4 4 0.019541 0.101406 0.028883 0.000554 0.849616
4 4 0.010868 0.077167 0.044885 0.000856 0.866224
4 4 0.012964 0.078605 0.043546 0.001138 0.863747
4 4 0.015410 0.075008 0.032787 0.001205 0.875589
4 4 0.014156 0.152731 0.099404 0.000535 0.733173
4 4 0.024567 0.142223 0.062250 0.001076 0.769883
4 4 0.015024 0.078647 0.025633 0.000615 0.880082
4 4 0.037478 0.259204 0.115813 0.000902 0.586603
4 4 0.016496 0.172291 0.094481 0.000446 0.716286
4 4 0.018387 0.146616 0.331077 0.008404 0.495516
2 4 0.015615 0.218163 0.418304 0.001796 0.346122
4 4 0.026894 0.206666 0.261926 0.003871 0.500643
4 4 0.016695 0.183795 0.296434 0.002458 0.500618
4 4 0.020200 0.150902 0.170546 0.003209 0.655144
4 4 0.017181 0.152507 0.182587 0.002391 0.645334
4 4 0.016336 0.179176 0.382888 0.003751 0.417850
2 4 0.014584 0.208084 0.448710 0.002010 0.326612
2 4 0.016932 0.258649 0.427693 0.001138 0.295588
2 4 0.017037 0.203397 0.433451 0.002999 0.343115
4 4 0.020969 0.217333 0.346132 0.002763 0.412803
2 4 0.038907 0.280833 0.344281 0.004104 0.331875
2 4 0.034030 0.241513 0.460060 0.008790 0.255607
2 4 0.024938 0.278042 0.397318 0.001882 0.297820
2 4 0.030487 0.186948 0.563891 0.032463 0.186211
2 1 0.018912 0.185935 0.548800 0.006845 0.239508
2 1 0.025427 0.230626 0.468313 0.004964 0.270669
2 1 0.014618 0.179311 0.570601 0.004542 0.230928
2 1 0.031016 0.136068 0.508765 0.192462 0.131689
2 1 0.020946 0.160325 0.588521 0.019584 0.210625
2 1 0.004596 0.083562 0.860500 0.004891 0.046450
2 1 0.003247 0.049639 0.906755 0.012361 0.027999
2 1 0.004633 0.055952 0.835004 0.031896 0.072515
2 2 0.003454 0.043206 0.892177 0.034436 0.026726
2 2 0.000480 0.012202 0.956474 0.027571 0.003273
2 2 0.005113 0.057551 0.839132 0.042170 0.056033
2 2 0.046877 0.305259 0.553183 0.006012 0.088669
1 2 0.109503 0.409105 0.308978 0.007967 0.164447
0 2 0.550506 0.249402 0.067788 0.004606 0.127698
1 2 0.088090 0.496233 0.268641 0.001526 0.145509
2 2 0.046567 0.272451 0.589997 0.019101 0.071885
2 2 0.039645 0.204389 0.638507 0.064208 0.053251
2 2 0.017843 0.109895 0.751711 0.094100 0.026451
2 2 0.084183 0.329976 0.440155 0.020444 0.125243
2 2 0.005583 0.044851 0.767553 0.173906 0.008108
2 2 0.039905 0.146718 0.687476 0.084810 0.041091
2 2 0.029540 0.196984 0.701092 0.021457 0.050927
2 2 0.003653 0.036339 0.822581 0.131718 0.005709
2 2 0.003560 0.036413 0.838985 0.115275 0.005767
2 2 0.003647 0.040378 0.899904 0.048698 0.007374
2 2 0.000157 0.005744 0.918144 0.075686 0.000270
2 2 0.000381 0.008580 0.851458 0.139070 0.000511
2 2 0.000450 0.011261 0.931114 0.056324 0.000851
2 2 0.000883 0.013798 0.739975 0.244227 0.001117
2 2 0.000453 0.011425 0.937341 0.049900 0.000882
2 2 0.000625 0.013539 0.918431 0.066265 0.001140
2 2 0.000180 0.006174 0.908737 0.084609 0.000301
2 2 0.000172 0.006135 0.925168 0.068221 0.000304
2 2 0.000711 0.011173 0.670553 0.316759 0.000804
2 2 0.000619 0.011057 0.726784 0.260767 0.000773
2 2 0.000643 0.012538 0.838334 0.147535 0.000950
2 2 0.000889 0.008740 0.607981 0.381812 0.000578
2 2 0.000112 0.002959 0.673344 0.323494 0.000091
3 3 0.001653 0.004199 0.202861 0.790981 0.000305
2 3 0.000240 0.005508 0.627735 0.366265 0.000252
3 3 0.002636 0.014410 0.420506 0.560917 0.001531
2 3 0.000593 0.007016 0.557882 0.434101 0.000408
3 3 0.002250 0.015675 0.472937 0.506514 0.002624
3 3 0.000819 0.008753 0.423085 0.566327 0.001017
3 3 0.000284 0.002693 0.371063 0.625858 0.000103
3 3 0.001494 0.006609 0.212175 0.777995 0.001726
3 3 0.001426 0.005577 0.184821 0.806414 0.001762
3 3 0.001083 0.006617 0.319688 0.671901 0.000712
3 3 0.001827 0.002872 0.092493 0.900845 0.001964
3 3 0.001369 0.001700 0.066512 0.929245 0.001174
3 3 0.001151 0.001921 0.077833 0.917838 0.001256
3 3 0.001239 0.001234 0.050305 0.946015 0.001206
3 3 0.001028 0.001777 0.073105 0.922627 0.001462
3 3 0.001356 0.001428 0.057706 0.938490 0.001021
3 3 0.001436 0.000624 0.025405 0.971478 0.001057
3 3 0.001664 0.001860 0.065341 0.929566 0.001569
3 3 0.001417 0.001638 0.058492 0.936430 0.002022
3 3 0.001842 0.001580 0.051959 0.942541 0.002078
3 3 0.000859 0.000727 0.033671 0.963506 0.001237
3 3 0.001614 0.001293 0.047380 0.948301 0.001412
3 3 0.000956 0.000557 0.026487 0.971109 0.000892
3 3 0.002060 0.001001 0.033820 0.961546 0.001572
3 3 0.000700 0.000740 0.039506 0.958315 0.000738
3 3 0.002818 0.001272 0.037870 0.956234 0.001806
3 3 0.001317 0.000479 0.020035 0.977053 0.001116
3 3 0.001742 0.000564 0.019708 0.976019 0.001968
3 3 0.001454 0.000418 0.016714 0.980162 0.001252
3 3 0.000566 0.000379 0.022994 0.975498 0.000562
3 3 0.001273 0.000385 0.016814 0.980591 0.000937
3 3 0.000894 0.000393 0.020285 0.977791 0.000637
3 3 0.001088 0.000403 0.018164 0.979314 0.001031
3 3 0.002713 0.000952 0.026417 0.966640 0.003279
3 3 0.002249 0.000490 0.015639 0.979449 0.002174
3 3 0.001124 0.000384 0.016884 0.980460 0.001148
3 3 0.001157 0.000737 0.031592 0.965389 0.001126
3 3 0.002638 0.000577 0.020611 0.975424 0.000749
3 3 0.004603 0.000742 0.018897 0.973673 0.002085
3 3 0.005303 0.000751 0.018401 0.973540 0.002005
3 3 0.002787 0.000552 0.018536 0.977120 0.001005
3 3 0.005389 0.000574 0.013887 0.977946 0.002204
3 3 0.003918 0.000461 0.012839 0.981028 0.001753
3 3 0.004412 0.000836 0.022189 0.970856 0.001706
3 3 0.003682 0.000536 0.016910 0.978004 0.000868
3 3 0.018949 0.002367 0.035020 0.940483 0.003181
3 3 0.021161 0.002494 0.030047 0.936630 0.009667
3 3 0.017874 0.006183 0.079619 0.889763 0.006561
2 3 0.063577 0.088357 0.447056 0.375154 0.025856
3 3 0.015686 0.025690 0.301926 0.651748 0.004950
3 3 0.021794 0.045785 0.385078 0.536143 0.011200
2 3 0.024655 0.082330 0.607272 0.263837 0.021906
3 3 0.010751 0.020651 0.344542 0.620800 0.003255
3 3 0.016511 0.034964 0.389492 0.551833 0.007200
2 3 0.040647 0.102938 0.602137 0.224483 0.029795
3 3 0.023742 0.042579 0.437595 0.486412 0.009673
2 3 0.014403 0.064029 0.607629 0.298261 0.015679
2 3 0.005845 0.044751 0.735532 0.205786 0.008085
2 3 0.008531 0.027228 0.523726 0.436336 0.004179
2 3 0.164549 0.163468 0.402554 0.217014 0.052415
2 3 0.011454 0.041616 0.548975 0.389860 0.008094
2 3 0.009737 0.052215 0.650028 0.277142 0.010878
2 3 0.001333 0.010571 0.602805 0.384489 0.000803
2 2 0.001074 0.016002 0.807572 0.173920 0.001433
2 2 0.012067 0.055344 0.601716 0.318554 0.012320
2 2 0.000580 0.008986 0.774041 0.215832 0.000561
2 2 0.002554 0.026544 0.728218 0.239338 0.003346
2 2 0.001195 0.020919 0.934073 0.041078 0.002735
2 2 0.013050 0.098024 0.796635 0.053873 0.038419
2 2 0.019200 0.121074 0.714013 0.051083 0.094631
2 2 0.091919 0.355588 0.403645 0.018987 0.129861
2 2 0.004580 0.033942 0.625987 0.304783 0.030708
2 2 0.009111 0.064511 0.753807 0.137608 0.034963
2 2 0.007821 0.067481 0.789190 0.083064 0.052444
2 2 0.002193 0.029868 0.916225 0.034062 0.017652
4 2 0.021752 0.177366 0.383889 0.008637 0.408355
2 2 0.017612 0.189524 0.429512 0.004191 0.359161
4 2 0.030063 0.100965 0.077011 0.011083 0.780878
4 4 0.024815 0.101201 0.099013 0.012163 0.762808
2 4 0.011664 0.142036 0.475390 0.005524 0.365386
4 4 0.027915 0.235822 0.315095 0.003527 0.417641
2 4 0.053864 0.238522 0.372321 0.031480 0.303814
4 4 0.013257 0.212401 0.355253 0.001099 0.417990
4 4 0.019285 0.141237 0.283254 0.009691 0.546532
2 4 0.049698 0.256925 0.344397 0.013340 0.335640
4 4 0.018109 0.140845 0.262210 0.006909 0.571927
4 4 0.023801 0.156460 0.188481 0.006331 0.624927
4 4 0.024248 0.146417 0.285325 0.019479 0.524532
4 4 0.016923 0.162874 0.228069 0.002620 0.589513
4 4 0.015002 0.113859 0.208979 0.006423 0.655737
4 4 0.015473 0.173078 0.376163 0.003683 0.431604
4 4 0.023515 0.167241 0.274282 0.009676 0.525286
4 4 0.029406 0.212873 0.262313 0.004252 0.491157
4 4 0.034751 0.179043 0.304037 0.022596 0.459572
2 4 0.023766 0.278322 0.375640 0.001568 0.320704
4 4 0.031982 0.218040 0.275522 0.005350 0.469105
4 4 0.018892 0.149955 0.271893 0.007059 0.552201
4 4 0.023643 0.156866 0.300912 0.013975 0.504604
4 4 0.028173 0.127492 0.184951 0.024195 0.635190
2 4 0.017760 0.233155 0.426243 0.001902 0.320940
2 4 0.021010 0.191973 0.395229 0.005346 0.386442
4 4 0.021764 0.126935 0.249922 0.021101 0.580278
4 4 0.027882 0.264590 0.324610 0.002256 0.380662
4 4 0.022323 0.218282 0.366604 0.003396 0.389395
4 4 0.019417 0.206271 0.348511 0.002858 0.422943
4 4 0.041121 0.278052 0.306357 0.004113 0.370356
2 4 0.018012 0.211582 0.442850 0.003000 0.324557
2 4 0.022233 0.149560 0.507807 0.026615 0.293784
2 4 0.030399 0.204999 0.402861 0.009820 0.351922
1 4 0.264805 0.385431 0.136238 0.006395 0.207131
1 1 0.171042 0.431024 0.160831 0.005703 0.231400
2 1 0.067411 0.342358 0.471051 0.010337 0.108842
2 1 0.042772 0.180897 0.606609 0.114970 0.054751
2 1 0.061891 0.240066 0.538367 0.082191 0.077485
2 1 0.050407 0.243564 0.592472 0.041674 0.071884
2 1 0.038751 0.225255 0.648513 0.023100 0.064382
2 1 0.014969 0.081921 0.682684 0.200712 0.019714
2 1 0.006595 0.057769 0.867088 0.055851 0.012696
2 1 0.037344 0.193486 0.658821 0.056215 0.054134
2 1 0.025073 0.149425 0.734000 0.051179 0.040322
2 2 0.015296 0.103619 0.801429 0.052495 0.027161
2 2 0.010114 0.069301 0.813719 0.089221 0.017645
1 2 0.091134 0.393529 0.359714 0.006518 0.149105
2 2 0.072676 0.308824 0.487783 0.026370 0.104348
2 2 0.001780 0.026106 0.920172 0.042213 0.009729
2 2 0.001271 0.022547 0.947624 0.022040 0.006517
2 2 0.002478 0.032412 0.918289 0.037178 0.009643
2 2 0.012138 0.081821 0.800417 0.085379 0.020245
2 2 0.013490 0.099061 0.809337 0.055118 0.022994
2 2 0.002331 0.028862 0.868407 0.096462 0.003938
2 2 0.002619 0.033309 0.912932 0.045783 0.005357
2 2 0.013742 0.091405 0.797074 0.074694 0.023086
2 2 0.001075 0.020778 0.955232 0.020263 0.002652
2 2 0.002072 0.028846 0.917445 0.047449 0.004187
2 2 0.001883 0.028361 0.936437 0.029030 0.004291
2 2 0.001393 0.023608 0.942204 0.029651 0.003144
2 2 0.003539 0.039709 0.901568 0.048007 0.007178
2 2 0.009496 0.073947 0.847001 0.051370 0.018187
2 2 0.002956 0.035433 0.904036 0.051700 0.005875
2 2 0.051542 0.307567 0.538271 0.007171 0.095450
2 2 0.029788 0.133521 0.662987 0.132160 0.041543
2 2 0.006971 0.054705 0.818965 0.107813 0.011545
2 2 0.003443 0.038414 0.893608 0.057872 0.006662
2 2 0.014386 0.087406 0.758893 0.117413 0.021902
2 2 0.016408 0.124571 0.799340 0.029282 0.030399
2 2 0.005193 0.049990 0.884815 0.049573 0.010430
2 2 0.005870 0.052362 0.868217 0.062354 0.011197
0 0 0.870586 0.059206 0.023405 0.009933 0.036870
0 0 0.621811 0.174140 0.086126 0.018698 0.099224
1 0 0.073252 0.468148 0.329822 0.001676 0.127101
0 1 0.350145 0.292373 0.197051 0.027473 0.132958
2 1 0.058653 0.279812 0.547482 0.028034 0.086019
2 1 0.060252 0.316925 0.514244 0.013935 0.094645
2 1 0.130888 0.326003 0.388721 0.022554 0.131835
0 1 0.836510 0.075427 0.030329 0.010960 0.046774
1 1 0.110484 0.453281 0.268054 0.004539 0.163641
1 1 0.099951 0.448852 0.287880 0.003467 0.159850
2 1 0.046408 0.222198 0.618690 0.042464 0.070241
2 1 0.007683 0.048463 0.638579 0.295779 0.009496
2 1 0.008924 0.056684 0.704680 0.217548 0.012165
2 1 0.002861 0.031616 0.835825 0.125176 0.004521
2 1 0.001421 0.015282 0.766440 0.215492 0.001365
2 2 0.001139 0.019384 0.907344 0.070065 0.002069
2 2 0.130066 0.187744 0.430361 0.182581 0.069248
2 2 0.014831 0.076868 0.641613 0.248100 0.018589
2 2 0.006346 0.047099 0.757704 0.180005 0.008845
2 2 0.023673 0.139259 0.736189 0.066424 0.034455
2 2 0.003027 0.032108 0.817061 0.143189 0.004614
2 2 0.000420 0.009440 0.816851 0.172701 0.000589
2 2 0.011578 0.053858 0.589772 0.332977 0.011815
2 2 0.007144 0.034547 0.516461 0.435928 0.005919
2 2 0.002067 0.017876 0.774520 0.203739 0.001797
2 2 0.002613 0.031709 0.884739 0.076239 0.004699
2 2 0.001764 0.022092 0.777974 0.195726 0.002444
2 2 0.001358 0.020994 0.885170 0.090162 0.002317
2 2 0.009176 0.050686 0.740227 0.189642 0.010270
2 2 0.065309 0.171740 0.524740 0.188404 0.049807
2 2 0.006872 0.039387 0.549963 0.396707 0.007071
2 2 0.004235 0.028309 0.480860 0.477374 0.009221
2 2 0.002882 0.032758 0.862371 0.097115 0.004874
2 2 0.000717 0.014291 0.895756 0.088017 0.001219
2 2 0.000480 0.010562 0.847448 0.140795 0.000715
2 2 0.001402 0.020968 0.867324 0.108023 0.002283
2 2 0.003170 0.034352 0.851936 0.105289 0.005253
2 2 0.000810 0.015074 0.876946 0.105855 0.001315
2 2 0.004660 0.039262 0.747052 0.202560 0.006465
2 2 0.127636 0.199933 0.504417 0.099181 0.068833
2 3 0.005367 0.045107 0.797444 0.143862 0.008219
2 3 0.001088 0.018584 0.897742 0.080680 0.001905
2 3 0.000362 0.008307 0.776282 0.214573 0.000476
2 3 0.000545 0.011534 0.856820 0.130271 0.000831
2 3 0.000220 0.006912 0.899307 0.093200 0.000361
2 3 0.000188 0.006487 0.924683 0.068309 0.000333
2 3 0.000359 0.008842 0.849253 0.141015 0.000531
2 3 0.280615 0.249769 0.308629 0.045333 0.115654
2 3 0.003162 0.026579 0.585187 0.381524 0.003548
2 3 0.006893 0.039067 0.489638 0.457174 0.007228
2 3 0.008025 0.051553 0.675214 0.254795 0.010414
2 3 0.000313 0.005122 0.657900 0.336435 0.000230
2 3 0.000177 0.005936 0.883980 0.109630 0.000277
2 3 0.000684 0.011917 0.742044 0.244482 0.000873
2 3 0.000312 0.005956 0.641176 0.352266 0.000290
2 2 0.000471 0.009415 0.734256 0.255267 0.000590
2 2 0.000146 0.005140 0.858991 0.135507 0.000215
2 2 0.002120 0.026419 0.843227 0.124894 0.003340
2 2 0.000152 0.005388 0.880172 0.114052 0.000235
2 2 0.000583 0.011541 0.815155 0.171896 0.000824
2 2 0.000374 0.008585 0.791413 0.199126 0.000502
2 2 0.000227 0.006141 0.758982 0.234361 0.000288
2 2 0.000294 0.007076 0.739211 0.253053 0.000366
2 2 0.000194 0.005667 0.779087 0.214801 0.000251
2 2 0.000554 0.010119 0.703104 0.285553 0.000671
2 2 0.000702 0.010354 0.665404 0.322824 0.000716
2 2 0.000234 0.006682 0.832112 0.160641 0.000331
2 2 0.000290 0.005786 0.611339 0.382307 0.000278
2 2 0.000575 0.010996 0.771002 0.216667 0.000760
2 2 0.000331 0.005595 0.547326 0.446471 0.000277
3 2 0.000532 0.005048 0.355251 0.638818 0.000350
3 2 0.001080 0.006187 0.342043 0.650265 0.000424
2 2 0.000656 0.007399 0.528578 0.462913 0.000454
2 2 0.001320 0.010462 0.528021 0.459379 0.000819
2 2 0.000338 0.005243 0.585482 0.408691 0.000246
3 2 0.014517 0.018237 0.284906 0.678900 0.003440
