4 0 0.209673 0.044314 0.022826 0.045843 0.677344
4 0 0.181651 0.037001 0.018695 0.042208 0.720446
0 0 0.520972 0.172101 0.112000 0.054537 0.140390
0 0 0.480477 0.143342 0.088437 0.059505 0.228239
4 0 0.201328 0.042098 0.021564 0.044801 0.690209
4 0 0.355019 0.088872 0.050020 0.058716 0.447373
4 0 0.231333 0.050220 0.026234 0.048392 0.643821
0 0 0.438909 0.204044 0.127793 0.049140 0.180114
1 0 0.045748 0.506770 0.297412 0.012649 0.137421
1 1 0.019494 0.526954 0.333005 0.013957 0.106591
1 1 0.011000 0.527090 0.331213 0.012992 0.117705
1 1 0.016970 0.460911 0.398182 0.026279 0.097658
1 1 0.011788 0.518959 0.329895 0.015112 0.124246
2 2 0.013365 0.386879 0.515379 0.019402 0.064975
1 2 0.013380 0.528319 0.319665 0.011146 0.127490
2 2 0.017905 0.291108 0.602939 0.032842 0.055206
2 2 0.011653 0.140570 0.805199 0.015390 0.027188
2 2 0.020125 0.194749 0.701392 0.038856 0.044877
2 2 0.019427 0.096472 0.792557 0.072048 0.019496
2 2 0.012648 0.066392 0.810752 0.096452 0.013757
2 2 0.005738 0.049859 0.845313 0.090675 0.008415
2 2 0.018002 0.165119 0.736569 0.046164 0.034145
2 3 0.005454 0.028795 0.847132 0.113111 0.005508
2 3 0.016956 0.218653 0.655010 0.064638 0.044743
2 3 0.012120 0.089933 0.803919 0.074446 0.019582
2 3 0.015497 0.127021 0.567857 0.237804 0.051821
2 3 0.008976 0.046035 0.805682 0.126451 0.012856
2 3 0.008998 0.066861 0.643806 0.266806 0.013529
2 3 0.007894 0.040523 0.702669 0.238148 0.010767
2 3 0.018781 0.165442 0.522438 0.240467 0.052872
3 3 0.005637 0.033683 0.461654 0.486638 0.012388
3 3 0.004068 0.016170 0.231049 0.740879 0.007834
3 3 0.002791 0.014369 0.207573 0.765007 0.010260
3 3 0.004827 0.038351 0.281291 0.653896 0.021635
3 3 0.002137 0.018585 0.262592 0.709103 0.007582
3 3 0.001311 0.006102 0.179568 0.808761 0.004258
3 3 0.002154 0.012480 0.211803 0.763848 0.009716
3 3 0.000896 0.004285 0.099892 0.890596 0.004332
3 3 0.001438 0.009220 0.138775 0.843479 0.007088
3 3 0.001263 0.008759 0.135006 0.848949 0.006023
3 3 0.000879 0.006598 0.121176 0.867171 0.004176
3 3 0.001195 0.008139 0.109001 0.871931 0.009734
3 3 0.000513 0.001798 0.041834 0.952510 0.003344
3 3 0.001156 0.006070 0.101185 0.883897 0.007691
3 3 0.000387 0.002477 0.073025 0.920636 0.003475
3 3 0.000489 0.002051 0.068688 0.925460 0.003312
3 3 0.000891 0.005800 0.128482 0.859489 0.005339
3 3 0.000521 0.001631 0.038178 0.956093 0.003577
3 3 0.000308 0.001260 0.051190 0.945504 0.001737
3 3 0.000273 0.000856 0.027518 0.968960 0.002392
3 3 0.000413 0.001888 0.044206 0.951015 0.002477
3 3 0.000439 0.001986 0.053963 0.940850 0.002761
3 3 0.000365 0.001557 0.052479 0.943029 0.002570
3 3 0.000252 0.000773 0.029356 0.967975 0.001645
3 3 0.000565 0.002169 0.044766 0.947949 0.004552
3 3 0.000361 0.001803 0.041632 0.953346 0.002858
3 3 0.000148 0.000425 0.016991 0.980778 0.001658
3 3 0.000363 0.000989 0.027134 0.969093 0.002422
3 3 0.000159 0.000507 0.024232 0.973625 0.001477
3 3 0.000209 0.000764 0.024107 0.973416 0.001503
3 3 0.000734 0.003811 0.060454 0.928373 0.006628
3 3 0.000331 0.001594 0.038608 0.956349 0.003118
3 3 0.000429 0.001354 0.030733 0.962778 0.004706
3 3 0.000488 0.001610 0.032023 0.960332 0.005548
3 3 0.000297 0.001045 0.028800 0.967017 0.002841
3 3 0.000182 0.000956 0.034472 0.962756 0.001634
3 3 0.000231 0.000716 0.020165 0.976729 0.002159
3 3 0.000293 0.001055 0.027048 0.968796 0.002809
3 3 0.000248 0.000752 0.021100 0.975694 0.002206
3 3 0.000175 0.000612 0.019765 0.977985 0.001463
3 3 0.000137 0.000437 0.020101 0.978172 0.001153
3 3 0.000152 0.000466 0.017110 0.980625 0.001647
3 3 0.000237 0.000728 0.021115 0.975858 0.002062
3 3 0.000206 0.000575 0.017599 0.979148 0.002472
3 3 0.000284 0.000878 0.023465 0.973206 0.002167
3 3 0.000296 0.000791 0.020200 0.975525 0.003187
3 3 0.000267 0.000843 0.022146 0.973683 0.003060
3 3 0.000243 0.000881 0.023683 0.972992 0.002201
3 3 0.000127 0.000474 0.016982 0.981195 0.001223
3 3 0.000245 0.000688 0.019099 0.977275 0.002692
3 3 0.000261 0.000744 0.021682 0.975004 0.002309
3 3 0.000336 0.001213 0.029091 0.965736 0.003623
3 3 0.000152 0.000462 0.016271 0.981292 0.001823
3 3 0.000354 0.001057 0.024218 0.971046 0.003325
3 3 0.000137 0.000470 0.017278 0.980765 0.001349
3 3 0.000710 0.003181 0.058157 0.931513 0.006438
3 3 0.000091 0.000325 0.014596 0.983946 0.001042
3 3 0.000113 0.000398 0.015499 0.982729 0.001261
3 3 0.000626 0.001871 0.035316 0.955697 0.006489
3 3 0.000086 0.000311 0.013981 0.984594 0.001028
3 3 0.000183 0.000614 0.023079 0.974947 0.001177
3 3 0.000177 0.000519 0.020108 0.977574 0.001622
3 3 0.000079 0.000302 0.013983 0.984735 0.000901
3 3 0.000042 0.000162 0.010417 0.988722 0.000656
3 3 0.000163 0.000520 0.021060 0.977037 0.001220
3 3 0.000412 0.000978 0.030428 0.965728 0.002454
3 3 0.001839 0.004700 0.073626 0.913959 0.005876
3 3 0.001923 0.004706 0.134223 0.856275 0.002873
3 3 0.004829 0.023071 0.236524 0.725980 0.009596
3 3 0.013764 0.063845 0.377117 0.519033 0.026241
3 3 0.006725 0.018779 0.192798 0.769046 0.012653
3 3 0.002848 0.011400 0.134830 0.842568 0.008354
3 3 0.001370 0.002622 0.066488 0.926383 0.003136
3 3 0.007651 0.013120 0.193978 0.775763 0.009489
3 3 0.002722 0.005887 0.089759 0.897366 0.004267
3 3 0.007764 0.025353 0.361423 0.594216 0.011244
2 3 0.006045 0.048001 0.574705 0.360833 0.010416
2 3 0.006917 0.049348 0.593128 0.334671 0.015936
2 3 0.018501 0.161819 0.636794 0.151364 0.031523
2 3 0.018503 0.270359 0.505982 0.141324 0.063832
2 3 0.009848 0.152752 0.746524 0.063579 0.027296
2 3 0.019026 0.355478 0.516236 0.038794 0.070465
1 3 0.044700 0.465672 0.358613 0.021419 0.109597
1 3 0.030629 0.489940 0.318284 0.024059 0.137088
2 3 0.022466 0.377772 0.481993 0.057587 0.060182
2 3 0.018979 0.257441 0.613332 0.064411 0.045836
2 3 0.021877 0.416313 0.445313 0.038076 0.078421
2 2 0.032414 0.354530 0.489568 0.036792 0.086697
2 2 0.022837 0.362319 0.500490 0.040168 0.074186
2 2 0.014789 0.346061 0.540355 0.030894 0.067902
1 2 0.008745 0.534351 0.375829 0.006090 0.074985
1 2 0.015034 0.558243 0.320490 0.006194 0.100039
1 2 0.021657 0.446466 0.436618 0.023656 0.071603
2 2 0.018408 0.350871 0.561856 0.009999 0.058866
2 2 0.008363 0.022976 0.950579 0.013323 0.004759
2 2 0.006893 0.032692 0.943107 0.011708 0.005600
2 2 0.013204 0.032570 0.917377 0.029967 0.006882
2 2 0.033536 0.329894 0.555061 0.010008 0.071501
2 2 0.017148 0.125635 0.813120 0.021330 0.022767
2 2 0.020092 0.327257 0.585870 0.008471 0.058311
1 2 0.019896 0.454645 0.432500 0.007067 0.085891
2 2 0.019939 0.345018 0.563637 0.005629 0.065776
2 2 0.028341 0.277629 0.625498 0.010991 0.057541
2 2 0.010948 0.065197 0.890262 0.022447 0.011147
2 2 0.014823 0.176429 0.767190 0.011459 0.030098
2 2 0.043449 0.135348 0.769697 0.012957 0.038549
1 2 0.025002 0.514732 0.341904 0.006565 0.111796
2 2 0.025454 0.298158 0.608889 0.011955 0.055545
2 2 0.054100 0.297735 0.557836 0.007009 0.083320
1 2 0.020948 0.454568 0.431207 0.009097 0.084181
2 2 0.020038 0.053343 0.889771 0.024483 0.012365
2 2 0.084980 0.223355 0.605441 0.011387 0.074837
2 2 0.027431 0.250294 0.658027 0.015653 0.048594
2 2 0.029434 0.087819 0.852513 0.007256 0.022977
2 2 0.016395 0.104613 0.850063 0.006694 0.022235
2 2 0.059137 0.101970 0.791383 0.015161 0.032348
1 2 0.026926 0.497489 0.363716 0.019862 0.092007
2 2 0.028747 0.147650 0.770276 0.020261 0.033066
2 2 0.050559 0.182917 0.702624 0.013043 0.050857
2 2 0.010312 0.247537 0.697136 0.010689 0.034326
1 2 0.037039 0.473096 0.252547 0.009959 0.227358
1 2 0.032058 0.526604 0.280520 0.006489 0.154330
1 2 0.047238 0.495654 0.261645 0.008022 0.187441
1 2 0.094248 0.355943 0.182391 0.014417 0.353002
1 2 0.024569 0.531685 0.291148 0.007049 0.145548
1 2 0.029737 0.484754 0.240868 0.005927 0.238714
1 2 0.044143 0.477592 0.257034 0.010209 0.211023
1 2 0.056796 0.471425 0.241089 0.007893 0.222797
4 2 0.168453 0.215026 0.112760 0.027719 0.476042
4 2 0.096656 0.331565 0.168763 0.015265 0.387751
1 2 0.051677 0.468950 0.236552 0.007388 0.235433
1 2 0.028924 0.537700 0.295167 0.006743 0.131466
1 2 0.069509 0.481760 0.255422 0.008905 0.184404
1 2 0.083827 0.428097 0.224094 0.011592 0.252390
1 2 0.018920 0.533177 0.273904 0.004855 0.169144
1 2 0.050410 0.444716 0.355888 0.006806 0.142181
1 2 0.113827 0.364991 0.192459 0.016366 0.312357
1 2 0.080441 0.461555 0.245863 0.010416 0.201725
1 2 0.053977 0.417889 0.205944 0.008428 0.313762
1 2 0.093644 0.431486 0.229911 0.012464 0.232494
4 2 0.193238 0.305042 0.168964 0.026392 0.306365
4 2 0.127711 0.292364 0.151830 0.020047 0.408049
1 2 0.076460 0.483646 0.260656 0.009451 0.169787
1 2 0.047038 0.496805 0.255683 0.006887 0.193587
1 2 0.122005 0.437639 0.244489 0.014620 0.181247
1 2 0.067992 0.482006 0.254778 0.008762 0.186462
4 2 0.072199 0.347694 0.172032 0.011849 0.396225
1 2 0.207250 0.359871 0.208916 0.024396 0.199567
1 2 0.068629 0.477336 0.251647 0.008934 0.193455
1 2 0.136865 0.409957 0.228431 0.016914 0.207832
4 2 0.265880 0.060120 0.032083 0.052004 0.589913
1 2 0.198323 0.315446 0.176432 0.026307 0.283492
1 2 0.185042 0.313712 0.173294 0.025239 0.302712
1 2 0.141423 0.348993 0.189433 0.020451 0.299701
0 1 0.426612 0.169737 0.102882 0.053594 0.247176
0 1 0.292771 0.264902 0.155184 0.036517 0.250627
0 1 0.325598 0.195771 0.113044 0.044643 0.320945
0 1 0.324195 0.249697 0.148316 0.039659 0.238133
0 1 0.284243 0.273006 0.159691 0.035334 0.247726
1 1 0.263075 0.295085 0.172125 0.032315 0.237400
0 1 0.425895 0.116479 0.068667 0.060875 0.328084
4 0 0.383135 0.099169 0.056800 0.059969 0.400927
0 0 0.504326 0.158492 0.100484 0.057323 0.179375
0 0 0.480903 0.197019 0.126978 0.050361 0.144739
0 0 0.433566 0.222467 0.141042 0.046259 0.156667
0 0 0.472321 0.168583 0.105259 0.055208 0.198628
0 0 0.459941 0.212954 0.136931 0.047730 0.142444
0 0 0.525034 0.176204 0.115621 0.053550 0.129591
0 0 0.482955 0.144773 0.089544 0.059341 0.223387
0 0 0.401234 0.106217 0.061558 0.060515 0.370477
0 0 0.489895 0.182041 0.116497 0.053032 0.158534
0 0 0.467955 0.136472 0.083204 0.060164 0.252205
0 0 0.486796 0.147045 0.091314 0.059063 0.215782
0 0 0.482313 0.144399 0.089254 0.059385 0.224649
0 0 0.504757 0.158802 0.100739 0.057268 0.178434
0 0 0.461997 0.133386 0.080895 0.060393 0.263330
0 0 0.452352 0.128593 0.077358 0.060662 0.281036
0 0 0.442942 0.124128 0.074114 0.060819 0.297996
4 0 0.366851 0.093117 0.052792 0.059300 0.427939
0 0 0.496658 0.153235 0.096219 0.058192 0.195697
0 0 0.483901 0.145326 0.089974 0.059275 0.221524
0 0 0.471278 0.138242 0.084539 0.060014 0.245927
0 0 0.429166 0.117907 0.069674 0.060885 0.322368
4 0 0.338953 0.083291 0.046426 0.057800 0.473530
0 0 0.419598 0.113777 0.066773 0.060829 0.339022
0 0 0.403771 0.155417 0.092188 0.054240 0.294383
0 0 0.429790 0.128045 0.076047 0.059460 0.306658
0 0 0.496479 0.153117 0.096124 0.058210 0.196070
0 0 0.482094 0.144273 0.089156 0.059399 0.225077
0 0 0.425797 0.116436 0.068637 0.060874 0.328256
0 0 0.436411 0.121135 0.071967 0.060873 0.309614
0 0 0.483597 0.145148 0.089835 0.059297 0.222124
0 0 0.478504 0.142221 0.087574 0.059626 0.232075
0 0 0.474489 0.139986 0.085864 0.059853 0.239808
0 0 0.474836 0.140177 0.086010 0.059834 0.239143
0 0 0.463271 0.134037 0.081380 0.060348 0.260965
0 0 0.414430 0.111603 0.065261 0.060767 0.347938
0 0 0.518955 0.170218 0.110362 0.054968 0.145497
0 0 0.500798 0.156017 0.098464 0.057747 0.186975
4 0 0.246036 0.054359 0.028659 0.049997 0.620948
4 0 0.274526 0.062696 0.033632 0.052822 0.576324
4 0 0.282000 0.064955 0.035000 0.053501 0.564543
0 0 0.479289 0.142665 0.087915 0.059579 0.230552
4 0 0.275574 0.244812 0.140102 0.036872 0.302640
4 0 0.180722 0.233807 0.124535 0.028373 0.432563
4 0 0.104283 0.181668 0.089149 0.019988 0.604912
4 0 0.122446 0.241026 0.122430 0.020900 0.493198
4 0 0.165924 0.185705 0.096350 0.028645 0.523376
4 0 0.247490 0.190304 0.104524 0.038012 0.419669
4 1 0.111936 0.244554 0.123038 0.019381 0.501090
1 1 0.078978 0.418122 0.215887 0.011313 0.275700
4 1 0.025765 0.296255 0.129573 0.005406 0.543002
4 1 0.036500 0.240940 0.107560 0.007752 0.607248
1 1 0.025064 0.447063 0.205540 0.004347 0.317986
1 1 0.021317 0.404114 0.179318 0.004021 0.391230
4 1 0.016010 0.390252 0.167486 0.003221 0.423031
4 1 0.025053 0.388634 0.174312 0.004700 0.407301
1 1 0.022949 0.460060 0.210603 0.003926 0.302463
4 1 0.007893 0.359601 0.151000 0.001818 0.479688
4 1 0.026201 0.095239 0.039952 0.007201 0.831407
4 1 0.193753 0.130492 0.068016 0.035244 0.572495
4 1 0.125501 0.279194 0.143998 0.020172 0.431136
1 1 0.015557 0.495018 0.221518 0.002678 0.265228
1 1 0.046322 0.483451 0.242948 0.006576 0.220703
1 1 0.017638 0.482652 0.242602 0.006029 0.251079
1 1 0.016114 0.488180 0.228050 0.003662 0.263994
1 1 0.010722 0.495667 0.241953 0.004307 0.247351
1 1 0.010786 0.428996 0.278347 0.003925 0.277947
2 1 0.010076 0.396233 0.493887 0.003236 0.096568
2 1 0.007625 0.151282 0.771571 0.003067 0.066454
2 1 0.005524 0.055581 0.919178 0.003723 0.015993
2 2 0.010977 0.220408 0.709493 0.004516 0.054606
2 2 0.006561 0.141488 0.818980 0.004231 0.028740
2 2 0.008378 0.150508 0.794182 0.003430 0.043502
2 2 0.004020 0.065221 0.904941 0.005401 0.020418
2 2 0.003306 0.051558 0.926810 0.002189 0.016136
2 2 0.007378 0.134200 0.815149 0.005028 0.038245
2 2 0.007370 0.119131 0.844352 0.004882 0.024265
2 2 0.010701 0.093175 0.849323 0.016051 0.030750
2 2 0.011833 0.277827 0.634402 0.002815 0.073123
2 2 0.008437 0.043924 0.906553 0.033801 0.007286
2 2 0.004784 0.027170 0.936798 0.027164 0.004085
2 2 0.008817 0.020323 0.883474 0.083638 0.003747
2 2 0.009974 0.092822 0.843096 0.040357 0.013750
2 2 0.004749 0.015631 0.926995 0.050212 0.002413
2 2 0.003875 0.019294 0.913582 0.060499 0.002751
1 2 0.051534 0.494196 0.311821 0.019683 0.122766
2 2 0.017869 0.298620 0.621290 0.012860 0.049361
2 2 0.013954 0.043948 0.897795 0.035762 0.008541
2 2 0.010651 0.045439 0.887758 0.048352 0.007800
2 2 0.013910 0.178098 0.771604 0.003546 0.032842
2 2 0.013163 0.075114 0.867345 0.030881 0.013497
2 2 0.011502 0.058472 0.860924 0.059339 0.009762
2 2 0.006801 0.044753 0.900454 0.041077 0.006915
2 2 0.015788 0.119100 0.809577 0.034047 0.021488
2 2 0.009313 0.053693 0.876240 0.052373 0.008380
2 2 0.006625 0.032084 0.741259 0.215429 0.004602
2 2 0.007371 0.017909 0.864527 0.107088 0.003105
2 2 0.003664 0.015980 0.838810 0.139343 0.002203
2 2 0.006359 0.017498 0.925274 0.047735 0.003134
2 2 0.016445 0.049430 0.783777 0.140669 0.009679
2 2 0.007458 0.040886 0.800974 0.144699 0.005983
2 2 0.022177 0.168683 0.629452 0.151138 0.028550
2 2 0.005982 0.023991 0.845102 0.121401 0.003524
2 2 0.010658 0.048737 0.835659 0.096940 0.008006
2 2 0.005233 0.013180 0.802291 0.177221 0.002075
2 2 0.007279 0.058837 0.749960 0.176289 0.007635
2 2 0.007496 0.030147 0.668920 0.289044 0.004393
2 2 0.007472 0.041465 0.663512 0.281688 0.005863
2 2 0.006011 0.036418 0.718512 0.234061 0.004997
3 2 0.008054 0.016227 0.414627 0.556228 0.004865
2 2 0.008110 0.042033 0.496781 0.442246 0.010830
2 3 0.015247 0.156534 0.524865 0.265619 0.037734
2 3 0.016643 0.088417 0.502911 0.371801 0.020228
3 3 0.007696 0.022148 0.319207 0.640162 0.010787
2 3 0.011653 0.071577 0.469046 0.424528 0.023197
3 3 0.008940 0.036184 0.303335 0.635549 0.015992
3 3 0.003771 0.018882 0.424762 0.548830 0.003755
2 3 0.011687 0.078461 0.552697 0.332437 0.024717
3 3 0.003269 0.007962 0.226026 0.760429 0.002314
3 3 0.045855 0.049889 0.235483 0.612802 0.055971
3 3 0.020598 0.024670 0.181508 0.754577 0.018647
2 3 0.046814 0.287086 0.471783 0.133881 0.060436
2 3 0.012373 0.047016 0.769445 0.162735 0.008431
2 3 0.011244 0.069998 0.748024 0.158998 0.011737
2 3 0.008497 0.027258 0.665414 0.294356 0.004475
2 3 0.016803 0.077850 0.771859 0.118838 0.014650
2 3 0.011183 0.051423 0.529109 0.394748 0.013538
2 3 0.008483 0.043710 0.643399 0.293044 0.011364
2 3 0.005934 0.023022 0.556846 0.407013 0.007185
2 3 0.014697 0.072112 0.451517 0.436481 0.025193
2 3 0.010948 0.038376 0.713579 0.229654 0.007443
3 3 0.012201 0.083652 0.405790 0.459658 0.038700
2 3 0.004476 0.024125 0.565891 0.399049 0.006459
2 3 0.018630 0.126718 0.459518 0.343020 0.052113
3 3 0.006953 0.043344 0.436825 0.494813 0.018066
3 3 0.009005 0.062910 0.330323 0.562904 0.034858
3 3 0.006277 0.024210 0.260929 0.694933 0.013650
3 3 0.003197 0.013705 0.225153 0.747072 0.010874
3 3 0.004605 0.021357 0.209147 0.752119 0.012772
3 3 0.001924 0.006266 0.102057 0.884835 0.004918
3 3 0.006761 0.048665 0.300276 0.613572 0.030726
3 3 0.004943 0.020711 0.194949 0.764101 0.015296
3 3 0.001691 0.005718 0.132987 0.855446 0.004158
3 3 0.005059 0.020194 0.155865 0.794339 0.024543
3 3 0.003362 0.017287 0.162779 0.799492 0.017080
3 3 0.001708 0.006883 0.092502 0.889738 0.009170
3 3 0.000437 0.001319 0.030431 0.965377 0.002436
3 3 0.000976 0.003442 0.062308 0.928467 0.004806
3 3 0.001055 0.002690 0.049761 0.940897 0.005596
3 3 0.001396 0.002459 0.046665 0.942953 0.006527
3 3 0.002433 0.007504 0.093844 0.884202 0.012018
3 3 0.006393 0.035987 0.338766 0.608083 0.010770
3 3 0.011168 0.029221 0.287940 0.657710 0.013961
2 3 0.016481 0.100839 0.437411 0.406497 0.038772
3 3 0.011070 0.056757 0.440586 0.475117 0.016470
3 3 0.007230 0.015435 0.175076 0.790723 0.011537
3 3 0.006548 0.034288 0.295065 0.652751 0.011348
3 3 0.004561 0.015511 0.181755 0.789668 0.008505
3 3 0.003212 0.017575 0.177021 0.792483 0.009710
3 3 0.002411 0.006655 0.091257 0.892601 0.007075
3 3 0.001987 0.006997 0.119876 0.865767 0.005374
3 3 0.006622 0.039901 0.368085 0.571033 0.014360
3 3 0.012779 0.045879 0.375419 0.549608 0.016315
3 3 0.003830 0.006027 0.080090 0.900512 0.009541
3 3 0.005820 0.033778 0.255262 0.685233 0.019907
3 3 0.077600 0.043501 0.090849 0.407517 0.380533
2 3 0.027800 0.237270 0.453649 0.194289 0.086991
2 3 0.020714 0.264388 0.495636 0.146752 0.072511
2 3 0.009491 0.066035 0.544728 0.357897 0.021850
2 3 0.011159 0.035300 0.743133 0.204252 0.006155
2 3 0.016913 0.079027 0.682186 0.208296 0.013578
2 3 0.020433 0.086847 0.729078 0.147519 0.016121
2 3 0.009282 0.036595 0.787789 0.160314 0.006020
2 3 0.016123 0.103085 0.761577 0.101806 0.017409
2 3 0.021025 0.129051 0.791377 0.033933 0.024614
2 3 0.031339 0.053703 0.828763 0.072831 0.013363
2 3 0.014621 0.068777 0.815467 0.089417 0.011718
2 3 0.012463 0.037441 0.880948 0.061997 0.007151
2 3 0.003536 0.018148 0.925718 0.049902 0.002696
2 3 0.014702 0.070475 0.781532 0.120957 0.012334
2 3 0.025431 0.386860 0.461521 0.060840 0.065348
1 3 0.022414 0.470236 0.401752 0.032086 0.073512
1 3 0.007702 0.503794 0.412303 0.003459 0.072742
2 3 0.009623 0.078711 0.847998 0.052472 0.011196
2 3 0.010491 0.060981 0.842618 0.076612 0.009299
2 3 0.025459 0.379527 0.499989 0.032753 0.062273
2 3 0.017699 0.147542 0.795648 0.013045 0.026066
2 3 0.009917 0.069083 0.877040 0.033577 0.010384
1 3 0.035198 0.501646 0.337523 0.023965 0.101667
1 3 0.172938 0.374815 0.273040 0.019160 0.160047
1 3 0.013248 0.536783 0.357451 0.012290 0.080228
1 3 0.012919 0.490558 0.412709 0.009216 0.074597
2 3 0.027484 0.306166 0.595725 0.011921 0.058704
2 3 0.019669 0.438579 0.454649 0.012964 0.074140
2 3 0.016044 0.304869 0.619157 0.003877 0.056053
2 3 0.017899 0.092162 0.862453 0.009544 0.017941
2 3 0.012235 0.125020 0.808225 0.036671 0.017848
2 3 0.014817 0.359501 0.559253 0.014629 0.051799
2 3 0.015961 0.063374 0.873792 0.035260 0.011614
2 3 0.016615 0.055267 0.876023 0.040991 0.011104
1 3 0.029677 0.517435 0.324935 0.006675 0.121278
0 3 0.487894 0.199773 0.129984 0.049705 0.132645
1 3 0.009188 0.539212 0.370420 0.011433 0.069747
2 3 0.012968 0.356773 0.568664 0.008823 0.052772
2 3 0.016731 0.335548 0.583854 0.009144 0.054724
2 3 0.006311 0.040981 0.929246 0.017048 0.006415
2 3 0.018900 0.076059 0.819976 0.071089 0.013975
2 3 0.019317 0.118399 0.800801 0.039637 0.021845
2 3 0.010207 0.028872 0.924097 0.031469 0.005354
2 3 0.018295 0.037814 0.899927 0.035255 0.008708
2 3 0.011135 0.101871 0.845878 0.025136 0.015980
2 3 0.013634 0.040848 0.869414 0.068396 0.007709
2 3 0.013794 0.060675 0.816754 0.098320 0.010456
2 2 0.005099 0.024734 0.940335 0.026088 0.003744
2 2 0.008113 0.080156 0.881116 0.018537 0.012078
2 2 0.007902 0.020858 0.882553 0.085054 0.003632
2 2 0.032939 0.241484 0.660092 0.005426 0.060059
1 2 0.018649 0.548224 0.322122 0.007906 0.103100
1 2 0.213135 0.370956 0.218806 0.023949 0.173153
1 2 0.078061 0.484373 0.262107 0.009560 0.165898
1 2 0.010561 0.552204 0.348929 0.009154 0.079153
2 2 0.024446 0.389866 0.500656 0.016357 0.068675
1 2 0.017669 0.450411 0.445992 0.012124 0.073804
2 2 0.010967 0.428441 0.490951 0.006464 0.063176
2 2 0.027459 0.157013 0.762597 0.020801 0.032130
2 2 0.018938 0.413060 0.486800 0.009788 0.071414
2 2 0.024911 0.163539 0.769810 0.007501 0.034238
2 2 0.043891 0.349383 0.510434 0.008003 0.088290
1 2 0.051124 0.514325 0.273796 0.007144 0.153612
4 2 0.149060 0.273771 0.144089 0.023156 0.409923
4 2 0.229973 0.179897 0.097377 0.036768 0.455984
0 0 0.450622 0.127757 0.076747 0.060698 0.284176
0 0 0.402477 0.106715 0.061898 0.060544 0.368366
4 0 0.156365 0.030713 0.015225 0.038577 0.759120
4 0 0.148185 0.076183 0.037942 0.031853 0.705837
4 1 0.069864 0.197324 0.093110 0.014097 0.625606
4 1 0.088088 0.211274 0.102531 0.016732 0.581374
4 0 0.369841 0.094210 0.053510 0.059435 0.423004
0 0 0.426709 0.116833 0.068915 0.060878 0.326665
4 0 0.062961 0.243034 0.114724 0.012188 0.567093
4 1 0.056576 0.102870 0.046556 0.013641 0.780356
4 1 0.043298 0.162081 0.072309 0.009914 0.712398
4 1 0.119861 0.200568 0.100470 0.021754 0.557347
4 1 0.059618 0.185195 0.085732 0.012561 0.656894
4 1 0.082461 0.096265 0.045198 0.018921 0.757154
4 4 0.060139 0.080449 0.036465 0.015018 0.807928
4 4 0.066740 0.074381 0.034026 0.016616 0.808237
4 4 0.047003 0.008218 0.003573 0.017231 0.923975
4 4 0.022490 0.002987 0.001206 0.010580 0.962736
4 4 0.164068 0.041229 0.020606 0.038292 0.735805
4 4 0.075911 0.038411 0.017664 0.020612 0.847402
4 4 0.100266 0.056596 0.026892 0.024410 0.791836
4 4 0.083720 0.084755 0.039760 0.019615 0.772149
4 4 0.061085 0.054938 0.024810 0.016230 0.842935
4 4 0.043895 0.015207 0.006586 0.014899 0.919413
4 4 0.033763 0.005629 0.002368 0.013712 0.944528
4 4 0.040757 0.049885 0.021633 0.011707 0.876019
4 4 0.061818 0.009961 0.004452 0.021140 0.902630
4 4 0.198085 0.041245 0.021081 0.044387 0.695201
4 4 0.013933 0.002800 0.001081 0.007075 0.975110
4 4 0.045646 0.031983 0.013966 0.013808 0.894597
4 4 0.003790 0.003724 0.001278 0.002211 0.988997
4 4 0.007538 0.002141 0.000781 0.004325 0.985215
4 4 0.007966 0.001423 0.000521 0.004800 0.985291
4 4 0.004572 0.002728 0.000951 0.002715 0.989034
4 4 0.049355 0.114289 0.051148 0.011915 0.773293
4 4 0.052063 0.021558 0.009510 0.016369 0.900501
4 4 0.004295 0.000421 0.000145 0.003330 0.991808
4 4 0.023551 0.015507 0.006331 0.008732 0.945879
4 4 0.028284 0.068159 0.028650 0.008149 0.866757
4 4 0.010716 0.019945 0.007579 0.004279 0.957480
4 4 0.003604 0.000342 0.000116 0.002945 0.992992
4 4 0.004486 0.003498 0.001219 0.002581 0.988216
4 4 0.068078 0.079473 0.036465 0.016700 0.799283
4 4 0.051061 0.089910 0.040176 0.012827 0.806025
4 4 0.012492 0.098524 0.038586 0.003792 0.846605
4 4 0.013985 0.121659 0.048355 0.004016 0.811984
4 4 0.009648 0.050528 0.019148 0.003397 0.917279
4 4 0.025120 0.178509 0.076548 0.006541 0.713282
4 4 0.009417 0.082453 0.031366 0.003069 0.873695
4 4 0.030723 0.080731 0.034286 0.008495 0.845765
4 4 0.011552 0.003822 0.001452 0.005766 0.977407
4 4 0.012488 0.002867 0.001096 0.006418 0.977130
4 4 0.009008 0.001011 0.000374 0.005594 0.984013
4 4 0.007110 0.004586 0.001668 0.003699 0.982937
4 4 0.007677 0.011231 0.004127 0.003485 0.973481
4 4 0.017120 0.016705 0.006622 0.006571 0.952982
4 4 0.021697 0.059737 0.024451 0.006638 0.887477
4 4 0.029071 0.123636 0.052665 0.007489 0.787139
4 4 0.018618 0.046638 0.018768 0.006057 0.909919
4 4 0.024813 0.215369 0.092063 0.005770 0.661985
4 4 0.088975 0.145740 0.069712 0.018516 0.677057
4 4 0.019766 0.056586 0.022945 0.006183 0.894520
1 4 0.027024 0.481212 0.226733 0.004317 0.260713
1 4 0.022884 0.467989 0.224536 0.005084 0.279506
1 4 0.024524 0.466799 0.215929 0.004097 0.288651
1 4 0.017282 0.469918 0.240030 0.007131 0.265639
1 4 0.024416 0.431071 0.202755 0.005395 0.336363
1 4 0.012538 0.499243 0.258775 0.006210 0.223233
1 4 0.012640 0.418144 0.296140 0.007181 0.265894
1 4 0.011113 0.419211 0.299594 0.006994 0.263087
2 4 0.008367 0.196088 0.429197 0.021196 0.345152
1 4 0.014242 0.495964 0.262705 0.007353 0.219736
1 4 0.018605 0.456254 0.297599 0.012959 0.214583
1 4 0.011609 0.429872 0.317136 0.006493 0.234889
1 4 0.005871 0.485414 0.305673 0.001989 0.201053
1 2 0.020870 0.453296 0.293173 0.013161 0.219499
1 2 0.012707 0.457765 0.337489 0.008919 0.183121
2 2 0.007412 0.239206 0.665708 0.009198 0.078475
2 2 0.006541 0.211846 0.702036 0.003568 0.076009
2 2 0.004322 0.078608 0.892208 0.002780 0.022082
2 2 0.008872 0.183770 0.743583 0.007103 0.056672
2 2 0.004497 0.031870 0.952778 0.003332 0.007523
2 2 0.007547 0.038270 0.925766 0.020232 0.008185
2 2 0.003440 0.020893 0.963576 0.006313 0.005777
2 2 0.002512 0.050051 0.928648 0.001812 0.016976
2 2 0.006397 0.075713 0.874946 0.005647 0.037296
2 2 0.003947 0.025800 0.947131 0.015609 0.007514
2 2 0.003256 0.027729 0.953432 0.006762 0.008821
2 2 0.005767 0.033983 0.929743 0.024948 0.005560
2 2 0.003401 0.009042 0.901134 0.085016 0.001406
2 2 0.006970 0.023674 0.885630 0.079736 0.003989
2 3 0.004136 0.027642 0.934546 0.029795 0.003882
2 3 0.139100 0.312038 0.411123 0.021242 0.116497
1 3 0.019650 0.521224 0.354573 0.019243 0.085311
1 3 0.032508 0.470813 0.380032 0.028293 0.088355
1 3 0.017264 0.533311 0.348032 0.014142 0.087251
2 3 0.014231 0.269363 0.662627 0.010459 0.043320
2 3 0.005607 0.025122 0.942615 0.022453 0.004202
2 3 0.005072 0.013200 0.943956 0.035468 0.002304
2 3 0.003954 0.019760 0.954906 0.018397 0.002982
2 3 0.016303 0.045724 0.878393 0.049964 0.009615
2 3 0.006341 0.043851 0.890927 0.052432 0.006449
2 3 0.007825 0.019927 0.922823 0.045628 0.003798
2 3 0.008873 0.026549 0.900988 0.058728 0.004862
2 3 0.006077 0.033495 0.860633 0.094993 0.004802
2 3 0.008550 0.016851 0.868064 0.103227 0.003309
2 3 0.005640 0.014042 0.849598 0.128449 0.002272
2 3 0.006544 0.018646 0.888897 0.082789 0.003124
2 3 0.004625 0.014200 0.769709 0.209296 0.002170
2 3 0.005715 0.045708 0.909457 0.032384 0.006736
2 3 0.005765 0.026917 0.791167 0.172094 0.004057
2 3 0.010930 0.037784 0.846431 0.097882 0.006972
2 3 0.004154 0.020818 0.856405 0.115015 0.003608
2 3 0.004717 0.011245 0.632259 0.349981 0.001798
2 3 0.010889 0.028820 0.573360 0.377948 0.008982
2 3 0.004883 0.017911 0.766353 0.208194 0.002659
3 3 0.004508 0.009210 0.304097 0.676965 0.005220
2 3 0.005068 0.024377 0.561836 0.402763 0.005957
3 3 0.003515 0.011410 0.147682 0.814673 0.022720
3 3 0.003289 0.011988 0.350311 0.629454 0.004957
3 3 0.002775 0.018393 0.483477 0.486559 0.008796
3 3 0.001718 0.009517 0.195486 0.784745 0.008534
3 3 0.001477 0.007726 0.245638 0.738923 0.006237
3 3 0.002276 0.008105 0.219485 0.764354 0.005780
3 3 0.001425 0.007093 0.143526 0.843217 0.004739
3 3 0.000838 0.004181 0.086969 0.904083 0.003929
3 3 0.003518 0.023167 0.199443 0.749645 0.024226
3 3 0.001437 0.003893 0.071052 0.917816 0.005802
3 3 0.002355 0.014276 0.183818 0.782130 0.017422
3 3 0.000216 0.000728 0.025331 0.972456 0.001270
3 3 0.000828 0.004652 0.119857 0.871055 0.003607
3 3 0.002409 0.011519 0.122365 0.847925 0.015783
3 3 0.000768 0.003366 0.065358 0.924706 0.005802
3 3 0.000817 0.002365 0.042190 0.950110 0.004519
3 3 0.000709 0.002213 0.055995 0.936072 0.005011
3 3 0.000333 0.001068 0.030270 0.965323 0.003005
3 3 0.000376 0.001150 0.028592 0.967676 0.002207
3 3 0.000300 0.000791 0.024069 0.972482 0.002359
3 3 0.000449 0.001189 0.028275 0.967050 0.003037
3 3 0.000399 0.001166 0.028835 0.966977 0.002623
3 3 0.000417 0.001258 0.034519 0.961183 0.002623
3 3 0.000563 0.001673 0.035870 0.958637 0.003256
3 3 0.000209 0.000638 0.022006 0.975548 0.001600
3 3 0.000252 0.000709 0.021716 0.975128 0.002195
3 3 0.000127 0.000399 0.017378 0.980865 0.001232
3 3 0.000300 0.001036 0.025002 0.971646 0.002016
3 3 0.000454 0.001332 0.033385 0.962328 0.002501
3 3 0.000147 0.000490 0.019476 0.978559 0.001328
3 3 0.000135 0.000493 0.017349 0.980740 0.001282
3 3 0.000160 0.000539 0.017053 0.980529 0.001719
3 3 0.000228 0.000719 0.018331 0.978206 0.002516
3 3 0.000535 0.001523 0.029253 0.963288 0.005401
3 3 0.000323 0.000949 0.024184 0.972052 0.002492
3 3 0.000419 0.001553 0.034922 0.959099 0.004008
3 3 0.000205 0.000610 0.017052 0.979600 0.002533
3 3 0.000481 0.001421 0.028278 0.965041 0.004778
3 3 0.000176 0.000571 0.016950 0.980292 0.002011
3 3 0.000175 0.000610 0.021332 0.976611 0.001271
3 3 0.000521 0.001770 0.030304 0.962029 0.005376
3 3 0.000379 0.001096 0.025232 0.970403 0.002889
3 3 0.000386 0.001046 0.022429 0.972360 0.003778
3 3 0.000161 0.000561 0.017485 0.980159 0.001634
3 3 0.000304 0.000946 0.022760 0.973471 0.002518
3 3 0.000748 0.003114 0.050362 0.938721 0.007055
3 3 0.000232 0.000736 0.019429 0.977301 0.002303
3 3 0.000167 0.000535 0.017359 0.980145 0.001795
3 3 0.000141 0.000487 0.017130 0.980824 0.001418
3 3 0.000262 0.000884 0.021151 0.975377 0.002325
3 3 0.000356 0.001031 0.024694 0.971173 0.002747
3 3 0.000116 0.000440 0.016654 0.981690 0.001101
3 3 0.000137 0.000430 0.014798 0.982784 0.001851
3 3 0.000493 0.001680 0.035045 0.959839 0.002943
3 3 0.000390 0.001364 0.027856 0.966213 0.004176
3 3 0.000257 0.000787 0.018612 0.977426 0.002917
3 3 0.000224 0.000645 0.019957 0.977014 0.002160
3 3 0.000124 0.000424 0.015355 0.982624 0.001473
3 3 0.000297 0.000899 0.018732 0.976536 0.003536
3 3 0.000076 0.000294 0.011742 0.986718 0.001169
3 3 0.000139 0.000462 0.016686 0.981228 0.001485
3 3 0.000107 0.000387 0.017308 0.981263 0.000934
3 3 0.000290 0.000856 0.023306 0.973254 0.002294
3 3 0.000739 0.001563 0.028589 0.962468 0.006640
3 3 0.000433 0.001091 0.026552 0.968613 0.003312
3 3 0.000191 0.000618 0.020899 0.976759 0.001533
3 3 0.000241 0.000823 0.024815 0.972622 0.001498
3 3 0.000296 0.000820 0.020623 0.975226 0.003035
3 3 0.000185 0.000605 0.018919 0.978528 0.001762
3 3 0.000125 0.000468 0.016961 0.981260 0.001186
3 3 0.000121 0.000419 0.016427 0.981799 0.001235
3 3 0.000740 0.001890 0.035199 0.957715 0.004457
3 3 0.000118 0.000428 0.018160 0.980317 0.000978
3 3 0.000174 0.000476 0.017376 0.979968 0.002007
3 3 0.000429 0.001672 0.034422 0.960090 0.003386
3 3 0.000199 0.000634 0.018780 0.978411 0.001977
3 3 0.000357 0.000964 0.022847 0.972558 0.003274
3 3 0.000363 0.000881 0.022621 0.972574 0.003560
3 3 0.007499 0.027643 0.188170 0.741154 0.035535
3 3 0.037039 0.118310 0.332049 0.386510 0.126092
2 3 0.027027 0.287957 0.504830 0.120249 0.059938
2 3 0.104610 0.244463 0.324989 0.124643 0.201296
2 3 0.103114 0.195160 0.317133 0.203052 0.181541
2 3 0.022613 0.329943 0.463810 0.093922 0.089712
2 3 0.025848 0.225052 0.521299 0.077943 0.149859
2 3 0.018049 0.251747 0.490921 0.095305 0.143977
2 3 0.023956 0.319058 0.475828 0.060360 0.120799
2 2 0.040372 0.204541 0.337646 0.142741 0.274700
2 2 0.018020 0.320543 0.482035 0.051363 0.128038
2 2 0.021474 0.311478 0.415021 0.038435 0.213592
4 2 0.015398 0.267058 0.145579 0.005528 0.566436
4 2 0.012879 0.210980 0.095752 0.004937 0.675452
4 2 0.011633 0.314242 0.154698 0.004442 0.514984
4 2 0.007664 0.344038 0.207404 0.002552 0.438342
4 2 0.010500 0.370231 0.185361 0.005842 0.428065
4 2 0.129068 0.153846 0.076805 0.024716 0.615564
4 2 0.034314 0.357910 0.164035 0.006365 0.437376
4 2 0.025669 0.308738 0.155051 0.005195 0.505347
4 2 0.028895 0.310779 0.138011 0.005851 0.516464
4 2 0.014009 0.273071 0.124708 0.006967 0.581246
4 2 0.094198 0.163956 0.079233 0.018879 0.643734
4 2 0.025609 0.336168 0.158588 0.007965 0.471670
4 2 0.012123 0.188009 0.086302 0.004632 0.708934
4 2 0.038294 0.185224 0.082043 0.008661 0.685777
4 2 0.011718 0.136143 0.053425 0.003397 0.795317
4 2 0.043741 0.094470 0.041618 0.011154 0.809017
4 2 0.012984 0.210854 0.087882 0.003835 0.684445
4 2 0.011146 0.351463 0.184545 0.005279 0.447567
1 2 0.007499 0.386032 0.238207 0.002903 0.365359
4 2 0.010599 0.375930 0.208578 0.003561 0.401332
4 2 0.014271 0.362443 0.224061 0.012697 0.386528
4 2 0.013415 0.371044 0.183986 0.006215 0.425340
1 2 0.009253 0.349158 0.347336 0.008636 0.285617
2 2 0.013420 0.272897 0.494569 0.018038 0.201077
2 2 0.010573 0.222348 0.588787 0.016659 0.161633
2 2 0.010729 0.140280 0.756798 0.018081 0.074112
2 2 0.007543 0.074241 0.861511 0.012256 0.044449
2 2 0.013494 0.178299 0.691867 0.009659 0.106682
2 2 0.014055 0.194859 0.658241 0.005219 0.127626
1 2 0.105511 0.338509 0.257903 0.014612 0.283466
1 2 0.112841 0.450654 0.251258 0.013413 0.171834
1 2 0.139079 0.427949 0.242855 0.016242 0.173874
1 2 0.086050 0.475306 0.262190 0.011197 0.165258
1 2 0.013198 0.461887 0.445317 0.014383 0.065215
2 2 0.022809 0.071448 0.862139 0.027391 0.016212
2 2 0.009430 0.058909 0.906700 0.015011 0.009951
2 2 0.017126 0.115226 0.837470 0.006019 0.024158
2 2 0.013254 0.095884 0.867129 0.003557 0.020177
0 2 0.522306 0.179498 0.119004 0.052777 0.126415
1 2 0.163546 0.408168 0.234942 0.018831 0.174513
1 2 0.019084 0.545452 0.324932 0.008676 0.101856
1 2 0.028891 0.544708 0.286761 0.005096 0.134544
1 2 0.022044 0.543287 0.317505 0.008315 0.108849
1 2 0.023583 0.542738 0.312743 0.007905 0.113031
2 2 0.015804 0.326105 0.596706 0.007946 0.053439
2 2 0.013075 0.124915 0.833282 0.005565 0.023164
2 2 0.019285 0.049988 0.896603 0.021945 0.012179
2 2 0.010434 0.065878 0.886913 0.025267 0.011509
2 2 0.031070 0.270273 0.630479 0.008296 0.059882
0 2 0.309726 0.305633 0.187347 0.033490 0.163804
1 2 0.064218 0.499612 0.266238 0.007986 0.161947
1 2 0.025935 0.554310 0.275822 0.003454 0.140479
1 2 0.019658 0.544772 0.323881 0.008700 0.102989
1 2 0.026078 0.501809 0.361082 0.016827 0.094204
2 2 0.011203 0.131443 0.825006 0.009181 0.023167
2 2 0.018202 0.161129 0.781411 0.003157 0.036100
2 2 0.021580 0.312885 0.598734 0.006283 0.060518
2 2 0.013331 0.089108 0.873925 0.005210 0.018427
2 2 0.013161 0.094856 0.865772 0.006252 0.019958
1 2 0.210310 0.372993 0.219727 0.023662 0.173308
1 2 0.052231 0.513684 0.271113 0.006854 0.156118
0 2 0.526997 0.178375 0.117569 0.053000 0.124058
1 2 0.015075 0.563493 0.310976 0.004906 0.105549
1 2 0.015463 0.544101 0.340166 0.010147 0.090124
2 2 0.011229 0.332290 0.601491 0.006411 0.048578
2 2 0.013977 0.298775 0.632082 0.010807 0.044359
2 2 0.017034 0.090157 0.857740 0.017784 0.017285
2 2 0.012403 0.038239 0.896690 0.045737 0.006930
2 2 0.007908 0.046968 0.928739 0.008179 0.008205
2 2 0.009187 0.049693 0.918389 0.013839 0.008892
2 2 0.018038 0.075818 0.880091 0.008712 0.017342
2 2 0.006700 0.052467 0.916787 0.016079 0.007968
2 2 0.009275 0.040659 0.922134 0.020333 0.007599
2 2 0.009325 0.155236 0.806654 0.004918 0.023867
2 2 0.007092 0.031055 0.924972 0.031637 0.005245
2 2 0.013058 0.059910 0.886898 0.029044 0.011090
2 2 0.011312 0.032691 0.871804 0.078238 0.005954
2 2 0.014509 0.106274 0.823071 0.038158 0.017989
2 2 0.017611 0.085530 0.850701 0.029906 0.016252
2 2 0.008015 0.049961 0.878096 0.056515 0.007414
2 2 0.015781 0.304645 0.613721 0.019671 0.046181
2 2 0.008378 0.047111 0.917118 0.019571 0.007822
0 2 0.381745 0.261007 0.164023 0.040265 0.152961
0 2 0.478760 0.204857 0.132894 0.048920 0.134570
1 2 0.012806 0.553805 0.336954 0.007905 0.088530
2 2 0.009074 0.036047 0.898824 0.049931 0.006123
2 2 0.008864 0.032249 0.900981 0.052158 0.005748
2 2 0.007713 0.034719 0.929422 0.022093 0.006053
2 2 0.011874 0.031691 0.896458 0.053654 0.006323
2 2 0.006411 0.030711 0.937574 0.019969 0.005335
2 2 0.080361 0.247774 0.567408 0.026460 0.077998
0 2 0.373470 0.265994 0.166695 0.039501 0.154341
1 2 0.142379 0.424155 0.244493 0.017996 0.170976
1 2 0.025059 0.450663 0.424307 0.022112 0.077858
2 2 0.006090 0.019436 0.903779 0.067511 0.003185
2 2 0.019310 0.119537 0.812016 0.024624 0.024514
2 2 0.018010 0.080408 0.861997 0.022299 0.017285
2 2 0.014584 0.061246 0.873056 0.039353 0.011761
2 2 0.014435 0.079709 0.835659 0.056273 0.013925
2 2 0.009046 0.041329 0.915932 0.026282 0.007411
2 2 0.014507 0.062563 0.886931 0.023453 0.012546
2 2 0.022495 0.154021 0.773357 0.018358 0.031770
2 2 0.016264 0.115958 0.822147 0.023162 0.022469
2 2 0.007608 0.056394 0.880577 0.046476 0.008945
2 2 0.015582 0.074009 0.851444 0.044978 0.013987
2 2 0.014349 0.154096 0.754301 0.053877 0.023377
2 2 0.025149 0.143242 0.738200 0.064663 0.028745
2 2 0.011058 0.103175 0.843240 0.025539 0.016988
2 2 0.017194 0.149401 0.778765 0.028558 0.026082
2 2 0.011526 0.089201 0.775041 0.110678 0.013554
2 2 0.157072 0.097854 0.623554 0.077216 0.044303
1 2 0.067093 0.473045 0.307346 0.015260 0.137256
1 2 0.044298 0.500517 0.319219 0.019528 0.116438
1 2 0.012772 0.528934 0.367578 0.017609 0.073107
0 2 0.422749 0.233260 0.157663 0.043620 0.142709
1 2 0.053632 0.500410 0.297306 0.014049 0.134602
0 0 0.526997 0.178375 0.117569 0.053000 0.124058
1 0 0.160640 0.410459 0.235884 0.018526 0.174490
1 1 0.024694 0.543235 0.307608 0.007288 0.117176
1 1 0.018465 0.547251 0.324409 0.008291 0.101584
4 1 0.031484 0.221966 0.097235 0.007004 0.642312
4 1 0.019654 0.142104 0.058535 0.005211 0.774496
4 2 0.014794 0.024080 0.009438 0.005495 0.946193
4 2 0.014996 0.086223 0.034268 0.004544 0.859970
4 2 0.015926 0.076979 0.030712 0.004880 0.871503
4 2 0.012327 0.042535 0.016461 0.004310 0.924366
4 2 0.014455 0.049616 0.019514 0.004826 0.911590
4 4 0.019224 0.018221 0.007305 0.007168 0.948082
4 4 0.039695 0.006246 0.002669 0.015513 0.935879
4 4 0.023365 0.061033 0.025162 0.007048 0.883392
4 4 0.017293 0.105087 0.042473 0.004955 0.830191
4 4 0.008895 0.010457 0.003894 0.003998 0.972756
4 4 0.010725 0.009902 0.003750 0.004734 0.970888
4 4 0.009729 0.013757 0.005171 0.004153 0.967190
4 4 0.003679 0.006843 0.002347 0.001980 0.985151
4 4 0.010097 0.039531 0.015010 0.003671 0.931692
4 4 0.018289 0.013918 0.005547 0.007139 0.955107
4 4 0.076886 0.020305 0.009307 0.022922 0.870579
4 4 0.060405 0.024352 0.010909 0.018227 0.886108
4 4 0.016570 0.059123 0.023595 0.005276 0.895437
4 4 0.002085 0.000353 0.000114 0.001827 0.995622
4 4 0.005479 0.006342 0.002254 0.002823 0.983102
4 4 0.007684 0.007067 0.002592 0.003723 0.978933
4 4 0.008411 0.012562 0.004657 0.003711 0.970658
4 4 0.008963 0.006690 0.002488 0.004285 0.977574
4 4 0.016396 0.037848 0.015024 0.005609 0.925122
4 4 0.013387 0.011843 0.004582 0.005586 0.964601
4 4 0.088082 0.015249 0.007076 0.026759 0.862834
4 4 0.011543 0.006947 0.002645 0.005301 0.973564
4 4 0.007835 0.003413 0.001251 0.004191 0.983309
4 4 0.026024 0.164471 0.069882 0.006417 0.733207
4 4 0.023297 0.121988 0.050866 0.006216 0.797634
4 4 0.019561 0.047972 0.019400 0.006291 0.906776
4 4 0.013487 0.007016 0.002710 0.006053 0.970734
4 4 0.020638 0.007335 0.002948 0.008671 0.960408
4 4 0.096769 0.050864 0.024048 0.024123 0.804196
4 4 0.053146 0.249317 0.115827 0.010507 0.571203
4 4 0.041020 0.010522 0.004520 0.014824 0.929114
4 4 0.014436 0.026209 0.010254 0.005313 0.943787
4 4 0.030807 0.105160 0.044883 0.008118 0.811032
4 4 0.038261 0.149142 0.065562 0.009097 0.737939
4 4 0.078790 0.116771 0.054804 0.017551 0.732084
4 4 0.024290 0.254690 0.109618 0.005404 0.605999
4 4 0.063000 0.293785 0.140647 0.011425 0.491144
4 4 0.039055 0.258455 0.116654 0.008032 0.577804
4 4 0.029134 0.324141 0.144607 0.005796 0.496323
4 4 0.054869 0.333498 0.159274 0.009683 0.442676
4 4 0.017592 0.349516 0.156654 0.005051 0.471186
4 4 0.062018 0.313084 0.150519 0.010996 0.463383
4 4 0.058011 0.312211 0.148984 0.010425 0.470369
4 4 0.031368 0.333426 0.156021 0.007858 0.471326
4 2 0.053177 0.236349 0.109453 0.010686 0.590336
4 2 0.049380 0.330785 0.156076 0.008914 0.454844
4 2 0.019780 0.361638 0.165188 0.005625 0.447769
4 2 0.033140 0.326804 0.147806 0.006435 0.485815
4 2 0.029668 0.319393 0.146824 0.007235 0.496880
4 2 0.025509 0.342978 0.154779 0.005766 0.470967
4 2 0.032829 0.310598 0.139689 0.006514 0.510370
0 2 0.479581 0.142831 0.088043 0.059561 0.229984
4 2 0.149226 0.028991 0.014289 0.037487 0.770007
1 2 0.048724 0.518712 0.270600 0.006189 0.155774
1 2 0.017342 0.558552 0.309440 0.005380 0.109286
1 2 0.009902 0.544586 0.361174 0.011784 0.072553
1 2 0.012376 0.555093 0.337084 0.007838 0.087609
1 2 0.007658 0.508213 0.410341 0.005103 0.068685
1 2 0.018201 0.489250 0.394277 0.022963 0.075308
