0 4 0.589258 0.139369 0.034864 0.002594 0.233915
1 4 0.198163 0.387495 0.068248 0.000222 0.345872
1 4 0.285112 0.432407 0.078782 0.000228 0.203471
4 4 0.334464 0.164058 0.064623 0.007237 0.429618
4 4 0.359922 0.187414 0.041533 0.001364 0.409766
4 4 0.267347 0.323499 0.075993 0.000733 0.332428
0 4 0.363756 0.293778 0.055916 0.000527 0.286023
1 4 0.296393 0.340781 0.072883 0.000549 0.289394
1 4 0.180253 0.370821 0.089326 0.000515 0.359085
4 4 0.254817 0.335255 0.072845 0.000553 0.336530
4 4 0.306381 0.281610 0.069798 0.001085 0.341126
1 4 0.198670 0.408450 0.094216 0.000416 0.298248
1 4 0.378035 0.383678 0.077905 0.000375 0.160006
1 4 0.269693 0.480874 0.103261 0.000256 0.145916
0 4 0.508555 0.310297 0.101923 0.001380 0.077844
1 4 0.313401 0.441882 0.134662 0.000694 0.109361
0 4 0.565464 0.227028 0.064092 0.001825 0.141590
1 4 0.249890 0.452079 0.122002 0.000533 0.175496
0 0 0.813296 0.091819 0.024785 0.002521 0.067579
0 1 0.442805 0.327113 0.070270 0.000567 0.159245
1 1 0.167534 0.413659 0.104773 0.000470 0.313564
0 1 0.467661 0.317630 0.060299 0.000421 0.153990
1 1 0.265588 0.455892 0.108756 0.000388 0.169375
1 1 0.239523 0.439233 0.174762 0.001371 0.145110
1 2 0.274681 0.416421 0.190078 0.002068 0.116752
1 2 0.122454 0.489647 0.256507 0.001337 0.130054
2 2 0.135231 0.296726 0.515814 0.007075 0.045154
2 2 0.071450 0.280739 0.595477 0.005686 0.046648
2 2 0.129578 0.342734 0.454336 0.004931 0.068421
1 2 0.213182 0.439548 0.233379 0.002315 0.111577
2 2 0.013432 0.100662 0.828109 0.048953 0.008844
2 2 0.008563 0.058933 0.855799 0.067947 0.008758
2 2 0.045213 0.195269 0.718729 0.025405 0.015384
2 2 0.018434 0.113758 0.821602 0.035145 0.011060
2 2 0.003168 0.029753 0.853567 0.109341 0.004171
2 2 0.002225 0.024516 0.892387 0.078046 0.002826
2 2 0.010956 0.089870 0.842970 0.046819 0.009386
2 2 0.004812 0.033366 0.795516 0.160642 0.005664
2 3 0.004606 0.029828 0.713774 0.245217 0.006574
2 2 0.004603 0.033409 0.801997 0.154301 0.005690
2 3 0.003583 0.022799 0.716329 0.252469 0.004821
2 3 0.002717 0.018993 0.725572 0.248762 0.003957
2 3 0.002776 0.020192 0.673918 0.298828 0.004286
2 3 0.003115 0.021396 0.639532 0.330880 0.005077
2 3 0.002352 0.017041 0.580076 0.396713 0.003818
2 3 0.004342 0.023822 0.635564 0.329466 0.006806
2 3 0.003242 0.019609 0.680699 0.291276 0.005174
2 3 0.002551 0.013914 0.505995 0.474079 0.003462
3 3 0.001098 0.006648 0.367551 0.622395 0.002308
3 3 0.005895 0.025593 0.455456 0.504892 0.008164
3 3 0.000988 0.005836 0.377475 0.613389 0.002312
3 3 0.001847 0.009691 0.420468 0.565147 0.002847
3 3 0.000823 0.004387 0.249756 0.743256 0.001778
3 3 0.001106 0.005753 0.295700 0.695086 0.002354
3 3 0.000892 0.006462 0.456219 0.534756 0.001670
3 3 0.000246 0.001892 0.259851 0.737240 0.000770
3 3 0.000384 0.002520 0.222979 0.773147 0.000970
3 3 0.001243 0.006561 0.347203 0.642346 0.002646
3 3 0.000660 0.002221 0.113556 0.882375 0.001187
3 3 0.001647 0.009843 0.400311 0.585019 0.003181
3 3 0.001130 0.005809 0.273733 0.717085 0.002244
3 3 0.000750 0.003828 0.218403 0.775486 0.001533
3 3 0.001656 0.008613 0.369736 0.616969 0.003026
3 3 0.000598 0.002875 0.187433 0.807778 0.001315
3 3 0.001324 0.006337 0.262397 0.727355 0.002588
3 3 0.001652 0.008609 0.292993 0.693688 0.003058
3 3 0.000884 0.004184 0.190866 0.802379 0.001687
3 3 0.001254 0.007125 0.297132 0.692010 0.002479
3 3 0.000797 0.004194 0.212372 0.781018 0.001620
3 3 0.001498 0.008768 0.356042 0.630646 0.003047
3 3 0.001251 0.005233 0.215149 0.776027 0.002340
3 3 0.000541 0.002868 0.228629 0.766620 0.001342
3 3 0.000172 0.001351 0.172900 0.825086 0.000491
3 3 0.000587 0.003276 0.241685 0.753026 0.001426
3 3 0.000694 0.003608 0.192587 0.801695 0.001415
3 3 0.000999 0.005292 0.285760 0.705801 0.002149
3 3 0.000417 0.002954 0.266548 0.729055 0.001025
3 3 0.001331 0.006688 0.280706 0.708619 0.002656
3 3 0.000569 0.002903 0.177950 0.817370 0.001209
3 3 0.000708 0.003922 0.255070 0.738691 0.001610
3 3 0.001374 0.005510 0.188571 0.802220 0.002326
3 3 0.000339 0.001822 0.143456 0.853614 0.000768
3 3 0.001991 0.011626 0.374040 0.608681 0.003663
3 3 0.000175 0.001039 0.137922 0.860377 0.000487
3 3 0.000570 0.002599 0.176939 0.818632 0.001260
3 3 0.002933 0.012006 0.252394 0.728682 0.003985
3 3 0.006630 0.028036 0.372241 0.585990 0.007103
2 2 0.013890 0.078416 0.709893 0.185327 0.012474
2 3 0.045259 0.138612 0.482301 0.305416 0.028412
2 3 0.027779 0.136778 0.729702 0.088419 0.017322
2 3 0.057090 0.153590 0.648567 0.105058 0.035696
2 3 0.084693 0.267423 0.582126 0.033044 0.032715
2 2 0.196641 0.356025 0.385571 0.020256 0.041507
2 2 0.059227 0.272412 0.633667 0.008586 0.026109
2 2 0.032903 0.201108 0.730532 0.015469 0.019989
2 2 0.090644 0.284424 0.567472 0.018549 0.038911
2 2 0.124521 0.377342 0.452583 0.008122 0.037432
2 2 0.091314 0.344933 0.527422 0.005484 0.030847
2 2 0.043275 0.171864 0.740366 0.018690 0.025805
2 2 0.045433 0.319760 0.612502 0.004304 0.018001
2 2 0.047084 0.170788 0.687632 0.069176 0.025320
1 2 0.172197 0.394131 0.388058 0.006915 0.038700
2 2 0.236588 0.300335 0.388098 0.025066 0.049912
2 2 0.131540 0.283962 0.531625 0.017680 0.035193
1 2 0.195679 0.408298 0.350023 0.006173 0.039827
2 2 0.107315 0.174341 0.608308 0.069863 0.040173
2 2 0.092159 0.331145 0.534914 0.009047 0.032736
1 2 0.183389 0.414526 0.362037 0.006458 0.033590
2 2 0.125880 0.378946 0.461278 0.004198 0.029698
2 2 0.094798 0.352609 0.515844 0.005506 0.031242
2 2 0.149785 0.379368 0.434385 0.003952 0.032510
2 2 0.093989 0.296793 0.557521 0.019185 0.032512
2 2 0.068986 0.288177 0.612692 0.003607 0.026538
1 2 0.180705 0.466233 0.322804 0.002025 0.028233
2 2 0.097533 0.317722 0.546162 0.008191 0.030392
2 2 0.025104 0.123837 0.819194 0.016270 0.015595
2 2 0.057960 0.240270 0.670947 0.007775 0.023048
2 2 0.119530 0.366001 0.482720 0.003283 0.028466
2 2 0.152149 0.371394 0.435787 0.003885 0.036785
1 2 0.203454 0.384167 0.369997 0.007805 0.034577
2 2 0.154369 0.294904 0.504950 0.012449 0.033328
2 2 0.101549 0.324039 0.543964 0.005702 0.024747
2 2 0.106853 0.300978 0.550748 0.007397 0.034023
2 2 0.090648 0.335286 0.543015 0.004059 0.026991
2 2 0.231567 0.359136 0.363741 0.004921 0.040636
1 2 0.174048 0.485615 0.312620 0.001310 0.026408
0 2 0.377439 0.342975 0.229900 0.008972 0.040713
1 2 0.328759 0.376868 0.255248 0.005083 0.034041
1 2 0.266700 0.475922 0.228748 0.000817 0.027813
1 2 0.251842 0.459603 0.257868 0.001535 0.029152
2 2 0.202195 0.297732 0.438919 0.020181 0.040973
2 2 0.160491 0.273935 0.513852 0.011991 0.039731
1 2 0.195219 0.426307 0.344140 0.005499 0.028835
1 2 0.182932 0.490918 0.301622 0.001263 0.023266
1 2 0.232763 0.438596 0.293302 0.002946 0.032393
1 2 0.208127 0.381743 0.369046 0.005333 0.035750
1 2 0.228868 0.440753 0.296177 0.002962 0.031240
1 2 0.306235 0.440390 0.220732 0.001698 0.030944
0 2 0.457175 0.366896 0.145703 0.001315 0.028911
1 2 0.348905 0.453806 0.167261 0.000640 0.029389
1 2 0.376197 0.377920 0.207810 0.003673 0.034400
1 2 0.380931 0.417195 0.171152 0.000899 0.029822
1 2 0.314330 0.483581 0.180187 0.000398 0.021505
1 2 0.240655 0.453241 0.275792 0.002138 0.028174
1 2 0.349073 0.414711 0.205046 0.001892 0.029277
1 2 0.345173 0.417717 0.207076 0.001909 0.028125
1 2 0.224132 0.475550 0.275451 0.001554 0.023313
1 2 0.289908 0.474841 0.211708 0.000785 0.022758
1 2 0.303422 0.456301 0.209798 0.000877 0.029602
2 2 0.118218 0.309859 0.538446 0.006044 0.027433
1 2 0.248184 0.429362 0.288478 0.001465 0.032511
1 2 0.227470 0.447640 0.294797 0.002869 0.027224
1 2 0.313681 0.444097 0.213277 0.001258 0.027687
1 2 0.222521 0.481519 0.270354 0.001258 0.024348
1 2 0.313805 0.453470 0.205919 0.000984 0.025823
1 2 0.252562 0.471144 0.247536 0.001134 0.027623
1 2 0.356037 0.418680 0.194686 0.001454 0.029143
1 2 0.253413 0.463005 0.256334 0.001581 0.025666
1 2 0.214282 0.452964 0.302469 0.002618 0.027666
1 2 0.255213 0.468773 0.244590 0.001056 0.030367
1 2 0.175872 0.493384 0.306339 0.001211 0.023194
1 2 0.235027 0.456498 0.277965 0.002002 0.028508
1 2 0.338017 0.392274 0.227824 0.003381 0.038504
2 2 0.044228 0.208433 0.721690 0.007861 0.017788
2 2 0.078629 0.277091 0.616210 0.003328 0.024742
2 2 0.023392 0.154566 0.799344 0.008928 0.013770
2 2 0.091136 0.369215 0.513526 0.002351 0.023772
2 2 0.126251 0.408408 0.440284 0.002180 0.022878
1 2 0.222315 0.465371 0.281987 0.001262 0.029064
2 2 0.116087 0.336058 0.514175 0.002837 0.030844
2 2 0.156815 0.400525 0.409026 0.002850 0.030782
2 2 0.209735 0.329711 0.400999 0.015304 0.044250
2 2 0.120007 0.339842 0.507392 0.005261 0.027497
1 2 0.228566 0.480621 0.260922 0.001009 0.028882
2 2 0.106172 0.340677 0.524252 0.004493 0.024405
2 2 0.032543 0.156971 0.775192 0.014930 0.020363
1 2 0.172814 0.506442 0.298418 0.000928 0.021398
2 2 0.019305 0.104297 0.848895 0.012467 0.015036
2 2 0.041286 0.205359 0.724586 0.005028 0.023742
2 2 0.034384 0.158662 0.774607 0.010826 0.021521
2 2 0.146272 0.385742 0.429621 0.002887 0.035478
2 2 0.011249 0.077710 0.891038 0.009104 0.010899
2 2 0.034712 0.172737 0.760678 0.007182 0.024691
2 2 0.140949 0.380091 0.437491 0.003339 0.038131
1 2 0.155725 0.426716 0.381502 0.001884 0.034172
1 2 0.235606 0.446346 0.266609 0.002044 0.049395
2 2 0.070941 0.292780 0.601781 0.003979 0.030519
1 2 0.147033 0.520278 0.274320 0.000907 0.057463
1 2 0.081643 0.439475 0.421456 0.001512 0.055914
2 2 0.187912 0.374486 0.390345 0.003412 0.043845
1 2 0.250545 0.467545 0.194103 0.001100 0.086708
1 2 0.221632 0.487792 0.227503 0.001053 0.062020
0 4 0.528094 0.236495 0.085408 0.003408 0.146594
0 4 0.407812 0.390375 0.150884 0.001239 0.049689
1 4 0.337824 0.455223 0.151407 0.000592 0.054954
1 4 0.364157 0.391763 0.174083 0.002207 0.067789
1 4 0.261168 0.506477 0.186066 0.000503 0.045786
1 4 0.336034 0.482461 0.134303 0.000309 0.046894
0 4 0.455380 0.372886 0.135177 0.001039 0.035517
1 4 0.381709 0.439047 0.132370 0.000479 0.046396
0 4 0.688121 0.201694 0.066930 0.001662 0.041593
0 4 0.628291 0.237494 0.092245 0.002740 0.039230
0 0 0.865247 0.075314 0.020434 0.002240 0.036765
1 4 0.290681 0.489135 0.096688 0.000193 0.123304
1 4 0.237478 0.500621 0.129313 0.000347 0.132241
0 4 0.480115 0.356767 0.078245 0.000403 0.084470
1 4 0.366094 0.433136 0.122501 0.000528 0.077742
1 4 0.300217 0.475449 0.142701 0.000498 0.081135
1 4 0.393707 0.407601 0.130020 0.000756 0.067916
1 4 0.364105 0.406726 0.168508 0.001443 0.059219
0 4 0.491494 0.316901 0.147373 0.002986 0.041246
1 4 0.353217 0.438088 0.171606 0.000900 0.036189
1 4 0.421727 0.422035 0.121046 0.000375 0.034816
1 1 0.391410 0.405847 0.173058 0.001225 0.028461
0 0 0.869032 0.072852 0.020369 0.002785 0.034962
0 1 0.489072 0.355385 0.125568 0.000875 0.029100
1 1 0.299121 0.442820 0.226105 0.001594 0.030360
1 1 0.385235 0.404992 0.176383 0.001227 0.032163
0 1 0.411613 0.380450 0.174747 0.001965 0.031225
0 0 0.834160 0.096330 0.030878 0.004174 0.034457
1 1 0.396172 0.434312 0.145650 0.000413 0.023452
0 1 0.432284 0.366302 0.165160 0.001935 0.034319
1 1 0.256099 0.416858 0.283778 0.003646 0.039619
1 1 0.245824 0.389032 0.317164 0.008590 0.039391
1 1 0.276734 0.420319 0.265665 0.003340 0.033942
1 1 0.331179 0.419940 0.215087 0.001862 0.031932
1 1 0.361067 0.409300 0.195495 0.001620 0.032519
0 1 0.415792 0.349670 0.187203 0.003651 0.043684
0 0 0.704916 0.173851 0.075166 0.007755 0.038312
1 1 0.308995 0.499082 0.152552 0.000320 0.039051
1 1 0.333816 0.448191 0.188869 0.000740 0.028383
1 1 0.191919 0.452112 0.325288 0.002926 0.027755
1 4 0.207877 0.462324 0.298598 0.001957 0.029243
1 2 0.288492 0.430515 0.243860 0.001927 0.035206
2 2 0.125246 0.274082 0.559612 0.006631 0.034430
1 2 0.237516 0.411463 0.310597 0.002441 0.037983
2 2 0.127567 0.355498 0.479758 0.003147 0.034031
2 2 0.118022 0.372941 0.480697 0.001805 0.026535
2 2 0.196301 0.368340 0.389653 0.007053 0.038652
2 2 0.126655 0.338739 0.500708 0.005138 0.028760
1 2 0.153542 0.470993 0.349641 0.002187 0.023637
2 2 0.048437 0.206750 0.716777 0.008891 0.019144
2 2 0.120122 0.305593 0.533522 0.009093 0.031670
1 2 0.181951 0.406804 0.374351 0.004695 0.032199
2 2 0.048098 0.198280 0.715641 0.018341 0.019639
1 2 0.170602 0.404324 0.387935 0.009225 0.027914
2 2 0.123138 0.349099 0.492622 0.005294 0.029847
2 2 0.079904 0.330318 0.565669 0.003212 0.020896
2 2 0.127041 0.301423 0.532147 0.009938 0.029452
2 2 0.083441 0.250588 0.627413 0.010836 0.027722
2 2 0.015101 0.090057 0.857543 0.025314 0.011985
2 2 0.058068 0.191533 0.708404 0.017195 0.024800
2 2 0.040053 0.142330 0.774327 0.020361 0.022929
1 2 0.142615 0.422021 0.404268 0.002089 0.029007
2 2 0.034213 0.134013 0.787169 0.026782 0.017824
2 2 0.019960 0.106469 0.828354 0.031676 0.013540
1 2 0.143688 0.417431 0.404058 0.006828 0.027996
1 2 0.245524 0.418010 0.294262 0.003992 0.038213
2 2 0.269435 0.228737 0.410438 0.038142 0.053248
2 2 0.116806 0.323126 0.527971 0.006560 0.025537
2 2 0.060043 0.209046 0.698776 0.010500 0.021634
2 2 0.025180 0.136194 0.809112 0.013632 0.015882
2 2 0.085940 0.266569 0.602673 0.017715 0.027102
2 2 0.134827 0.356264 0.472808 0.005435 0.030666
2 2 0.049124 0.210642 0.714165 0.005899 0.020170
2 2 0.093594 0.267121 0.595492 0.011986 0.031808
2 2 0.182413 0.371866 0.405741 0.008055 0.031926
2 2 0.173177 0.381052 0.411379 0.003662 0.030730
2 2 0.174224 0.323243 0.451995 0.012831 0.037707
1 2 0.290380 0.391995 0.277099 0.006925 0.033602
0 2 0.588709 0.282791 0.094280 0.001088 0.033133
0 2 0.418853 0.357964 0.182351 0.003153 0.037678
0 1 0.435564 0.368587 0.161226 0.001736 0.032887
1 1 0.224843 0.462559 0.281378 0.001737 0.029483
1 2 0.354236 0.448354 0.171459 0.000566 0.025386
2 2 0.131721 0.288971 0.535289 0.010695 0.033324
2 2 0.085242 0.228759 0.653149 0.007884 0.024966
1 2 0.224683 0.457636 0.290183 0.001060 0.026438
1 2 0.287071 0.401113 0.270338 0.003069 0.038410
0 2 0.598756 0.249004 0.105947 0.003519 0.042774
2 2 0.122800 0.303086 0.536787 0.006604 0.030723
0 2 0.481275 0.286076 0.176028 0.011673 0.044948
0 1 0.484834 0.352138 0.131412 0.001098 0.030518
0 0 0.883772 0.068705 0.019488 0.004215 0.023820
0 1 0.826277 0.095663 0.032966 0.005343 0.039752
0 1 0.432232 0.406709 0.121405 0.000492 0.039162
1 1 0.338235 0.447096 0.180464 0.000853 0.033352
1 1 0.356186 0.455198 0.156748 0.000473 0.031395
0 1 0.367656 0.326291 0.243001 0.013736 0.049315
0 1 0.428774 0.368646 0.166401 0.001902 0.034277
1 1 0.372028 0.435140 0.160596 0.000705 0.031530
1 1 0.291704 0.438606 0.238115 0.001881 0.029695
1 1 0.260243 0.453644 0.252706 0.001519 0.031889
1 1 0.329214 0.391256 0.243608 0.005267 0.030655
1 2 0.263649 0.430137 0.268798 0.002727 0.034689
1 2 0.269301 0.436492 0.262599 0.002656 0.028952
1 2 0.305455 0.477450 0.193974 0.000559 0.022562
1 2 0.283785 0.473720 0.217405 0.000827 0.024263
1 2 0.312132 0.454489 0.194582 0.000939 0.037858
2 2 0.189807 0.378187 0.383560 0.004014 0.044432
2 2 0.142842 0.314513 0.504101 0.004411 0.034134
2 2 0.176760 0.289350 0.476584 0.011910 0.045396
1 2 0.126963 0.433980 0.406976 0.002356 0.029725
2 2 0.045987 0.196014 0.727964 0.006914 0.023121
1 2 0.297771 0.465585 0.210463 0.000845 0.025336
1 2 0.254151 0.416006 0.290215 0.002493 0.037135
1 2 0.294007 0.424989 0.241321 0.002087 0.037597
2 2 0.076788 0.203473 0.663417 0.027448 0.028873
2 2 0.015954 0.092189 0.867294 0.010661 0.013901
2 2 0.169401 0.374407 0.417035 0.006296 0.032862
1 2 0.192264 0.399479 0.367213 0.002695 0.038349
0 2 0.426353 0.386939 0.152983 0.000965 0.032760
0 2 0.411745 0.376321 0.171502 0.001642 0.038790
1 2 0.225987 0.425172 0.314379 0.001636 0.032826
1 2 0.327155 0.422969 0.218754 0.002013 0.029109
1 2 0.317398 0.430689 0.220700 0.001752 0.029461
0 2 0.715836 0.171976 0.067616 0.004919 0.039653
0 0 0.903213 0.060110 0.015052 0.003096 0.018530
0 0 0.871766 0.073765 0.020995 0.003369 0.030106
0 0 0.941140 0.040839 0.007112 0.001118 0.009791
0 0 0.895976 0.063458 0.016788 0.003639 0.020139
0 0 0.898383 0.061143 0.014688 0.002074 0.023711
0 0 0.857423 0.079294 0.025754 0.005751 0.031778
0 0 0.874993 0.070980 0.019623 0.002926 0.031479
0 0 0.840322 0.084871 0.028640 0.005339 0.040829
0 0 0.761356 0.147708 0.048929 0.002698 0.039310
0 0 0.822782 0.105997 0.033510 0.003550 0.034161
0 0 0.562312 0.250814 0.127361 0.006298 0.053214
0 4 0.463724 0.295062 0.107462 0.002668 0.131084
0 4 0.385466 0.372955 0.140119 0.001611 0.099849
4 4 0.249418 0.129927 0.011527 0.000119 0.609008
4 4 0.306959 0.128073 0.019725 0.000647 0.544596
4 4 0.403442 0.113603 0.010010 0.000172 0.472773
4 4 0.344784 0.118065 0.012710 0.000272 0.524170
4 4 0.241724 0.102855 0.009315 0.000148 0.645957
4 4 0.268720 0.094069 0.005780 0.000057 0.631375
4 4 0.175375 0.103328 0.013461 0.000319 0.707516
4 4 0.226780 0.117560 0.017677 0.000528 0.637455
4 4 0.272672 0.133944 0.026614 0.001178 0.565593
4 4 0.276448 0.116309 0.013976 0.000327 0.592940
4 4 0.182764 0.104580 0.013506 0.000319 0.698831
4 4 0.380224 0.116626 0.011474 0.000224 0.491451
4 4 0.229074 0.122937 0.021316 0.000765 0.625909
4 4 0.308927 0.117501 0.013375 0.000299 0.559897
4 4 0.340701 0.127711 0.018188 0.000553 0.512847
4 4 0.295974 0.117674 0.013906 0.000323 0.572123
4 4 0.294993 0.096433 0.005926 0.000060 0.602588
4 4 0.400695 0.115923 0.010969 0.000206 0.472206
0 4 0.460065 0.105799 0.007196 0.000092 0.426848
4 4 0.251108 0.112336 0.013108 0.000290 0.623158
4 4 0.208107 0.098849 0.009190 0.000147 0.683708
4 4 0.406330 0.106186 0.007430 0.000096 0.479959
4 4 0.230626 0.115678 0.016190 0.000443 0.637063
4 4 0.236274 0.115833 0.015893 0.000426 0.631574
0 4 0.449702 0.112892 0.009586 0.000162 0.427657
4 4 0.158612 0.113234 0.022566 0.000902 0.704685
0 4 0.478919 0.131275 0.019476 0.000685 0.369647
4 4 0.413689 0.115408 0.010668 0.000196 0.460038
4 4 0.379604 0.143493 0.029958 0.001528 0.445417
4 4 0.158304 0.107702 0.018191 0.000589 0.715214
4 4 0.311090 0.118747 0.013940 0.000325 0.555899
4 4 0.307035 0.141395 0.031214 0.001623 0.518733
4 4 0.164998 0.115624 0.023564 0.000976 0.694839
4 4 0.301789 0.132150 0.023038 0.000882 0.542140
4 4 0.416975 0.145514 0.014867 0.000213 0.422431
4 4 0.342537 0.126737 0.017513 0.000514 0.512700
4 4 0.306027 0.129712 0.011240 0.000128 0.552894
4 4 0.200262 0.129554 0.031229 0.001662 0.637294
4 4 0.371608 0.142138 0.028803 0.001406 0.456045
4 4 0.297188 0.127659 0.019915 0.000660 0.554578
4 4 0.261979 0.127937 0.022370 0.000834 0.586879
4 4 0.366786 0.125957 0.016447 0.000456 0.490354
4 4 0.407618 0.127486 0.016785 0.000483 0.447627
4 4 0.322799 0.126772 0.018187 0.000552 0.531690
4 4 0.378641 0.141653 0.028146 0.001346 0.450213
4 4 0.254789 0.109029 0.011365 0.000218 0.624599
4 4 0.192947 0.206583 0.025893 0.000175 0.574402
4 4 0.313454 0.100750 0.006809 0.000079 0.578909
4 4 0.438527 0.108287 0.007978 0.000112 0.445097
4 4 0.394249 0.123437 0.014606 0.000364 0.467344
4 4 0.426309 0.116892 0.011236 0.000219 0.445344
4 4 0.357170 0.108436 0.008589 0.000125 0.525680
4 4 0.357062 0.124590 0.012633 0.000224 0.505491
4 4 0.220386 0.150579 0.020390 0.000316 0.608329
4 4 0.253858 0.207274 0.023683 0.000163 0.515022
0 4 0.503965 0.121560 0.013832 0.000352 0.360291
0 1 0.380545 0.224973 0.032408 0.000349 0.361724
0 4 0.504322 0.128654 0.018136 0.000607 0.348280
4 4 0.128071 0.203749 0.024757 0.000116 0.643306
4 4 0.364873 0.191314 0.021345 0.000201 0.422267
4 4 0.122675 0.362147 0.074841 0.000267 0.440070
4 4 0.129085 0.375171 0.081179 0.000300 0.414266
4 4 0.132284 0.328449 0.078844 0.000481 0.459942
4 4 0.194093 0.339138 0.084818 0.000679 0.381272
1 4 0.103948 0.426517 0.134042 0.000554 0.334938
1 4 0.227408 0.373656 0.076906 0.000384 0.321646
1 4 0.232603 0.451622 0.112633 0.000438 0.202704
4 4 0.256060 0.262628 0.088697 0.002493 0.390121
1 4 0.181906 0.392653 0.067415 0.000192 0.357834
4 4 0.329250 0.141844 0.030260 0.001531 0.497116
0 4 0.323349 0.299806 0.066950 0.000767 0.309128
1 4 0.155004 0.387907 0.089187 0.000384 0.367518
1 4 0.118551 0.444716 0.106477 0.000282 0.329974
4 4 0.179170 0.351233 0.054898 0.000172 0.414526
1 4 0.149572 0.380820 0.096125 0.000494 0.372989
0 4 0.378584 0.323615 0.057093 0.000370 0.240338
1 4 0.140627 0.406443 0.108881 0.000499 0.343550
1 4 0.178774 0.434535 0.107531 0.000420 0.278740
0 0 0.833241 0.089517 0.016985 0.000890 0.059367
0 4 0.673676 0.174180 0.034319 0.000822 0.117003
1 4 0.172256 0.472747 0.120162 0.000368 0.234467
1 4 0.225941 0.492377 0.124867 0.000355 0.156460
1 4 0.213309 0.460089 0.126588 0.000519 0.199496
1 4 0.214405 0.500200 0.124030 0.000319 0.161046
1 4 0.173686 0.478459 0.159214 0.000680 0.187962
1 4 0.286990 0.424287 0.115842 0.000649 0.172232
1 4 0.342608 0.355758 0.110305 0.001323 0.190006
0 4 0.670784 0.146544 0.042655 0.003056 0.136961
1 1 0.228172 0.407701 0.135267 0.001111 0.227749
1 1 0.143883 0.489593 0.142410 0.000428 0.223686
1 1 0.108138 0.559164 0.256707 0.000520 0.075471
1 2 0.157337 0.442382 0.337425 0.003131 0.059724
1 2 0.173499 0.428560 0.333017 0.004014 0.060909
1 4 0.158951 0.442399 0.338422 0.002278 0.057950
0 4 0.426351 0.271835 0.208357 0.015471 0.077987
0 0 0.622950 0.227944 0.080268 0.002263 0.066574
1 1 0.202183 0.500194 0.235754 0.000964 0.060905
2 2 0.185340 0.354944 0.403731 0.005745 0.050240
0 2 0.433141 0.305992 0.193601 0.008288 0.058978
0 1 0.572546 0.239656 0.087833 0.002925 0.097039
2 2 0.098635 0.392340 0.474404 0.002269 0.032352
2 2 0.036852 0.318779 0.594275 0.002616 0.047478
2 2 0.049248 0.213526 0.648149 0.010982 0.078094
2 2 0.052688 0.288638 0.632047 0.003096 0.023531
2 2 0.090322 0.329561 0.544640 0.003710 0.031767
2 2 0.055552 0.255769 0.650606 0.003838 0.034235
2 2 0.005475 0.051531 0.924034 0.011169 0.007791
1 2 0.158239 0.516459 0.272827 0.000916 0.051559
0 1 0.386487 0.320462 0.225130 0.010542 0.057379
1 2 0.106695 0.469193 0.369800 0.001589 0.052723
2 2 0.020584 0.132810 0.822523 0.006567 0.017516
2 2 0.045312 0.241242 0.683758 0.004641 0.025047
2 2 0.005823 0.075026 0.909282 0.002807 0.007062
2 2 0.060732 0.290215 0.607766 0.006732 0.034555
2 2 0.019934 0.132471 0.819403 0.008168 0.020025
2 2 0.014660 0.088104 0.863915 0.019520 0.013801
2 2 0.100648 0.402579 0.438447 0.002859 0.055467
1 2 0.147569 0.439385 0.377144 0.003480 0.032421
2 2 0.051149 0.329017 0.574805 0.002357 0.042673
2 2 0.124149 0.361450 0.471751 0.005153 0.037498
2 2 0.017976 0.137617 0.824512 0.004776 0.015119
2 2 0.012081 0.120588 0.850624 0.005870 0.010838
2 2 0.034618 0.204274 0.727553 0.011710 0.021845
2 2 0.054789 0.270039 0.629593 0.025829 0.019751
2 2 0.018314 0.145494 0.814205 0.005958 0.016029
1 2 0.223922 0.427118 0.314742 0.004746 0.029471
2 2 0.111603 0.264303 0.563682 0.025999 0.034413
2 2 0.055040 0.277511 0.634519 0.008260 0.024670
2 2 0.013410 0.126222 0.840541 0.006444 0.013383
2 2 0.007429 0.076573 0.893575 0.014831 0.007592
2 2 0.006998 0.054062 0.888003 0.041560 0.009377
2 2 0.013966 0.121126 0.836557 0.014437 0.013914
2 2 0.061529 0.174089 0.660153 0.077090 0.027138
2 2 0.225679 0.336840 0.361356 0.025928 0.050196
1 2 0.135017 0.426438 0.404461 0.003756 0.030328
1 2 0.167668 0.441227 0.352559 0.003088 0.035458
1 2 0.122750 0.450585 0.377836 0.002159 0.046670
2 2 0.013236 0.111330 0.860577 0.004763 0.010095
2 2 0.004983 0.047453 0.916536 0.024307 0.006721
2 2 0.059117 0.329560 0.584581 0.006249 0.020493
2 2 0.009599 0.092244 0.872735 0.016279 0.009142
2 2 0.004142 0.052630 0.924203 0.012439 0.006585
2 2 0.038513 0.221997 0.701664 0.014051 0.023775
2 2 0.017464 0.129992 0.829670 0.008518 0.014356
2 2 0.005099 0.049715 0.903206 0.034958 0.007022
2 2 0.023485 0.195440 0.759173 0.005184 0.016719
2 2 0.015163 0.119069 0.831515 0.021865 0.012388
2 2 0.012001 0.067144 0.875693 0.032100 0.013062
2 2 0.010172 0.091370 0.875527 0.013120 0.009810
2 2 0.016162 0.130422 0.829736 0.009829 0.013850
2 2 0.005582 0.054095 0.903099 0.030516 0.006707
2 2 0.011741 0.081798 0.840762 0.053053 0.012646
2 2 0.002925 0.028499 0.893492 0.068905 0.006179
2 2 0.004564 0.041485 0.880582 0.066844 0.006525
2 2 0.006105 0.047505 0.853627 0.084785 0.007979
2 2 0.013445 0.103880 0.829628 0.039092 0.013954
2 2 0.015636 0.114784 0.820194 0.035396 0.013990
2 2 0.002453 0.033244 0.926305 0.034015 0.003984
2 2 0.004857 0.042723 0.878769 0.066985 0.006666
2 2 0.033882 0.214825 0.704780 0.023387 0.023125
2 3 0.007439 0.049860 0.776353 0.156848 0.009499
2 3 0.010183 0.057496 0.792312 0.128953 0.011056
2 2 0.093960 0.363131 0.503373 0.008575 0.030961
2 2 0.026386 0.145162 0.788354 0.021730 0.018368
2 2 0.072986 0.281186 0.598078 0.014686 0.033065
2 2 0.008382 0.059059 0.869224 0.054000 0.009335
2 2 0.097299 0.339506 0.511191 0.020758 0.031246
2 2 0.017012 0.161081 0.803020 0.006934 0.011953
2 2 0.014681 0.103630 0.841322 0.027007 0.013360
2 2 0.029655 0.200569 0.733380 0.016316 0.020081
2 2 0.020313 0.112790 0.789843 0.062301 0.014753
2 2 0.012175 0.090881 0.836064 0.048230 0.012650
2 2 0.063165 0.321247 0.581784 0.007005 0.026799
2 2 0.037401 0.214828 0.692546 0.030809 0.024416
2 2 0.004098 0.046950 0.919395 0.024784 0.004772
2 2 0.014671 0.100302 0.835213 0.036637 0.013178
2 2 0.032530 0.186693 0.738564 0.020466 0.021747
2 2 0.060431 0.285981 0.615395 0.013425 0.024769
2 2 0.065668 0.308013 0.581720 0.014539 0.030060
2 2 0.001926 0.021296 0.900333 0.072874 0.003571
2 2 0.055162 0.239082 0.644597 0.034877 0.026282
2 2 0.006368 0.061404 0.908394 0.016092 0.007743
2 2 0.016779 0.100705 0.840794 0.027535 0.014186
2 2 0.011174 0.109930 0.851452 0.016731 0.010713
2 2 0.014864 0.097545 0.840405 0.036054 0.011132
2 2 0.032428 0.174373 0.744318 0.028044 0.020837
2 2 0.038045 0.264300 0.671863 0.006419 0.019374
2 2 0.003211 0.047289 0.919158 0.023678 0.006664
2 2 0.025132 0.182879 0.747290 0.025609 0.019090
2 2 0.006100 0.042186 0.861583 0.082425 0.007705
2 2 0.004621 0.065567 0.908967 0.014209 0.006637
2 2 0.009435 0.089052 0.867791 0.024189 0.009534
2 3 0.008188 0.065489 0.874985 0.043808 0.007530
2 3 0.002601 0.019711 0.677696 0.294173 0.005819
2 2 0.019114 0.170860 0.785816 0.007224 0.016985
2 2 0.011634 0.105774 0.846147 0.024993 0.011452
2 2 0.045332 0.233009 0.657421 0.038571 0.025667
2 2 0.096310 0.277123 0.551675 0.038775 0.036117
2 2 0.048291 0.232025 0.673272 0.021127 0.025285
2 2 0.023355 0.145291 0.804168 0.010855 0.016331
2 2 0.005630 0.056616 0.909768 0.020705 0.007280
2 2 0.024638 0.167838 0.780748 0.007297 0.019479
2 2 0.115847 0.419336 0.427813 0.004495 0.032509
2 2 0.075678 0.310479 0.582488 0.005971 0.025385
2 2 0.015323 0.125415 0.831846 0.013072 0.014344
2 2 0.022485 0.139887 0.804054 0.015888 0.017685
2 2 0.025933 0.193079 0.756588 0.004758 0.019641
2 2 0.002623 0.031665 0.924169 0.037279 0.004264
2 2 0.021359 0.139118 0.806895 0.014796 0.017833
2 2 0.084108 0.348472 0.531243 0.006657 0.029520
2 2 0.068326 0.267942 0.621392 0.012520 0.029821
2 2 0.024401 0.137646 0.805705 0.012456 0.019792
2 2 0.108134 0.416432 0.440138 0.003803 0.031492
1 1 0.158617 0.543945 0.230800 0.000565 0.066073
1 2 0.266473 0.455068 0.245417 0.001369 0.031672
2 2 0.070489 0.408539 0.500112 0.001214 0.019645
1 2 0.133339 0.417503 0.415899 0.002129 0.031130
1 1 0.116524 0.593878 0.224218 0.000281 0.065100
1 1 0.183332 0.504757 0.215191 0.000888 0.095833
1 4 0.193939 0.538943 0.190533 0.000455 0.076131
1 4 0.323643 0.488196 0.128398 0.000295 0.059469
1 4 0.229936 0.420886 0.293216 0.004345 0.051617
1 4 0.194127 0.512743 0.257638 0.000750 0.034742
1 1 0.199240 0.543751 0.209251 0.000429 0.047330
1 1 0.101397 0.553446 0.295333 0.000565 0.049258
2 2 0.069991 0.390200 0.509317 0.001295 0.029197
1 4 0.191406 0.510297 0.255797 0.000847 0.041653
1 4 0.164598 0.557145 0.222390 0.000432 0.055435
1 4 0.178038 0.573551 0.186217 0.000275 0.061918
1 4 0.398024 0.400335 0.162173 0.001056 0.038413
1 1 0.299465 0.477544 0.178086 0.000609 0.044297
1 1 0.214143 0.531650 0.216062 0.000468 0.037677
1 1 0.168143 0.571859 0.226150 0.000302 0.033546
1 1 0.259868 0.528557 0.169871 0.000312 0.041392
1 4 0.321398 0.457458 0.130147 0.000505 0.090493
1 4 0.304079 0.400471 0.193626 0.002475 0.099349
2 2 0.082129 0.301806 0.579748 0.006004 0.030313
1 4 0.155544 0.545292 0.179764 0.000402 0.118997
2 2 0.105832 0.389899 0.463786 0.003334 0.037149
1 2 0.184807 0.448024 0.327370 0.002371 0.037427
1 2 0.224175 0.497725 0.246480 0.000780 0.030839
2 2 0.059220 0.308882 0.604311 0.002974 0.024613
2 2 0.125415 0.338599 0.492441 0.004543 0.039002
1 2 0.220467 0.493418 0.252883 0.000878 0.032354
1 2 0.145089 0.503091 0.329915 0.001071 0.020834
2 2 0.065408 0.332070 0.580617 0.001661 0.020244
1 2 0.219035 0.525492 0.235814 0.000437 0.019222
2 2 0.153921 0.401630 0.410035 0.002151 0.032263
1 2 0.248019 0.498110 0.229579 0.000603 0.023689
2 2 0.081424 0.260968 0.614143 0.010524 0.032942
1 2 0.207141 0.446635 0.312679 0.001504 0.032040
2 2 0.002436 0.039088 0.951063 0.002981 0.004432
1 2 0.202923 0.507229 0.251520 0.000800 0.037528
2 2 0.079228 0.370050 0.525336 0.001850 0.023536
2 2 0.061869 0.289474 0.623970 0.002426 0.022261
2 2 0.071708 0.321820 0.580392 0.002309 0.023772
2 2 0.070327 0.364338 0.542283 0.002163 0.020889
1 2 0.158176 0.516671 0.302203 0.000696 0.022255
1 2 0.226047 0.525022 0.228599 0.000395 0.019937
1 2 0.155065 0.456929 0.357081 0.001624 0.029301
1 2 0.142535 0.487165 0.344105 0.001062 0.025133
0 0 0.520789 0.267191 0.146843 0.007029 0.058149
1 1 0.129319 0.595868 0.236780 0.000249 0.037783
1 2 0.203410 0.469265 0.293612 0.001468 0.032244
1 1 0.156233 0.550320 0.260751 0.000467 0.032230
2 2 0.052889 0.271071 0.647791 0.003619 0.024629
1 2 0.116109 0.486389 0.341247 0.001627 0.054628
1 2 0.138585 0.459023 0.354475 0.002333 0.045584
1 2 0.076129 0.572059 0.284994 0.000420 0.066398
2 2 0.134793 0.332387 0.484451 0.005446 0.042923
1 1 0.208487 0.559968 0.152000 0.000232 0.079313
1 2 0.179490 0.496054 0.265870 0.001191 0.057395
1 2 0.155133 0.566965 0.195379 0.000346 0.082177
1 2 0.158169 0.520503 0.237260 0.000828 0.083240
1 2 0.148700 0.595149 0.180203 0.000211 0.075737
1 2 0.115129 0.535336 0.282490 0.000772 0.066272
2 2 0.123626 0.396146 0.446408 0.002845 0.030976
1 2 0.156077 0.482979 0.303579 0.001624 0.055741
2 2 0.150172 0.378509 0.433079 0.004064 0.034175
1 2 0.115343 0.504061 0.349898 0.001019 0.029678
2 2 0.024926 0.164313 0.785079 0.008528 0.017154
1 2 0.163185 0.472863 0.322684 0.001724 0.039545
1 2 0.223452 0.515068 0.230629 0.000566 0.030285
2 2 0.026965 0.197323 0.754106 0.003686 0.017920
1 2 0.172511 0.532279 0.258106 0.000609 0.036495
0 1 0.449840 0.308697 0.185441 0.007998 0.048024
1 1 0.120955 0.473523 0.376875 0.001599 0.027047
1 2 0.152267 0.510046 0.313670 0.000801 0.023216
2 2 0.023316 0.158285 0.799549 0.003745 0.015105
1 2 0.098481 0.448779 0.428305 0.001267 0.023168
1 2 0.162582 0.510077 0.303069 0.000781 0.023491
1 2 0.321993 0.431565 0.214665 0.001532 0.030245
1 2 0.191928 0.535079 0.241219 0.000495 0.031279
1 2 0.187205 0.446225 0.331582 0.002967 0.032021
1 2 0.164768 0.486373 0.319575 0.001221 0.028062
2 2 0.112986 0.393344 0.462250 0.002590 0.028830
1 2 0.175132 0.401639 0.382302 0.002840 0.038087
1 2 0.232326 0.506449 0.233114 0.000602 0.027509
1 2 0.156522 0.546118 0.275153 0.000430 0.021777
1 2 0.200803 0.497330 0.275288 0.000973 0.025606
2 2 0.101733 0.309802 0.550094 0.004795 0.033577
1 4 0.330729 0.453440 0.162001 0.000735 0.053094
0 4 0.555021 0.288027 0.095919 0.001374 0.059659
1 4 0.272267 0.517905 0.135794 0.000274 0.073760
1 4 0.332264 0.459704 0.148561 0.000559 0.058913
1 4 0.336786 0.428704 0.199655 0.001144 0.033712
0 4 0.530385 0.276324 0.137989 0.004895 0.050407
1 4 0.308390 0.507441 0.136796 0.000252 0.047122
1 4 0.369977 0.443749 0.138802 0.000498 0.046974
0 4 0.644101 0.240911 0.063939 0.000838 0.050211
1 4 0.398315 0.428124 0.091174 0.000269 0.082117
0 4 0.527408 0.304695 0.096147 0.001210 0.070539
0 4 0.407746 0.386865 0.127554 0.000966 0.076870
0 4 0.475613 0.330878 0.106477 0.001249 0.085784
1 4 0.320942 0.496139 0.121702 0.000242 0.060976
1 4 0.175637 0.593099 0.161645 0.000175 0.069443
1 4 0.366973 0.423420 0.132709 0.000708 0.076191
0 4 0.413100 0.386389 0.147325 0.001136 0.052050
1 4 0.145508 0.551418 0.247721 0.000533 0.054820
1 4 0.206039 0.539617 0.197226 0.000435 0.056685
1 4 0.303983 0.492365 0.145487 0.000376 0.057789
1 4 0.296681 0.492949 0.149068 0.000405 0.060897
1 4 0.217210 0.564519 0.136812 0.000178 0.081281
1 4 0.236901 0.522629 0.141854 0.000318 0.098299
1 4 0.170829 0.399775 0.181775 0.002167 0.245454
1 4 0.161114 0.524946 0.200611 0.000624 0.112705
1 4 0.143153 0.517911 0.176316 0.000516 0.162103
1 4 0.168928 0.467320 0.111013 0.000316 0.252422
1 4 0.176918 0.464767 0.157515 0.000774 0.200026
1 4 0.347511 0.422532 0.123092 0.000682 0.106183
4 4 0.250679 0.116684 0.015489 0.000403 0.616744
4 4 0.402861 0.133047 0.020523 0.000721 0.442848
4 4 0.182696 0.129069 0.034168 0.002013 0.652054
4 4 0.247637 0.118087 0.016513 0.000458 0.617304
4 4 0.418845 0.103556 0.006610 0.000076 0.470913
4 4 0.219824 0.130809 0.029452 0.001463 0.618452
4 4 0.417701 0.118152 0.011827 0.000242 0.452079
4 4 0.261288 0.203586 0.023511 0.000174 0.511441
0 4 0.484292 0.132556 0.020516 0.000764 0.361872
4 4 0.415921 0.132199 0.019810 0.000677 0.431393
4 4 0.280672 0.104367 0.008641 0.000126 0.606195
4 4 0.196550 0.114019 0.018047 0.000560 0.670823
4 4 0.239547 0.115468 0.015463 0.000403 0.629119
4 4 0.187274 0.116129 0.020661 0.000737 0.675199
4 4 0.193113 0.114887 0.019030 0.000624 0.672346
4 4 0.412266 0.138159 0.024474 0.001033 0.424067
0 4 0.451395 0.120317 0.012778 0.000288 0.415222
0 4 0.443201 0.132163 0.019756 0.000685 0.404195
4 4 0.253494 0.120214 0.017470 0.000511 0.608311
4 4 0.218313 0.126748 0.025705 0.001116 0.628118
4 4 0.316448 0.131763 0.021972 0.000804 0.529013
4 4 0.342084 0.106917 0.008283 0.000116 0.542600
4 4 0.330460 0.124764 0.016672 0.000464 0.527640
4 4 0.227076 0.127419 0.025256 0.001073 0.619176
4 4 0.318826 0.113531 0.011250 0.000212 0.556180
4 4 0.326602 0.124160 0.016436 0.000451 0.532351
4 4 0.334512 0.136613 0.025078 0.001051 0.502746
4 4 0.403100 0.117259 0.011524 0.000228 0.467889
0 4 0.509726 0.116589 0.011461 0.000243 0.361981
4 4 0.325819 0.121356 0.014866 0.000370 0.537589
0 4 0.451314 0.152538 0.041269 0.003086 0.351793
4 4 0.361306 0.151037 0.039451 0.002649 0.445557
0 4 0.629723 0.131077 0.029372 0.001952 0.207876
4 4 0.307555 0.195618 0.051501 0.001949 0.443377
4 4 0.218388 0.140542 0.041541 0.002919 0.596611
0 4 0.527883 0.120641 0.013766 0.000357 0.337353
0 4 0.711202 0.108102 0.016133 0.000676 0.163887
4 4 0.201318 0.355709 0.067566 0.000311 0.375097
0 4 0.394203 0.253611 0.051216 0.000766 0.300204
0 4 0.503407 0.131198 0.019934 0.000734 0.344728
0 4 0.591863 0.141080 0.038275 0.003172 0.225611
0 4 0.410452 0.152456 0.040361 0.002854 0.393877
0 4 0.417243 0.218612 0.039804 0.000700 0.323641
0 4 0.487560 0.160400 0.026395 0.000752 0.324893
0 4 0.708107 0.111352 0.018737 0.000914 0.160890
0 4 0.452640 0.270296 0.050743 0.000566 0.225754
1 4 0.222647 0.445926 0.128942 0.000641 0.201844
1 4 0.256347 0.417743 0.127087 0.000874 0.197950
0 4 0.419316 0.339141 0.056410 0.000282 0.184851
1 4 0.296510 0.452771 0.064327 0.000107 0.186284
0 4 0.433169 0.353105 0.082383 0.000585 0.130758
1 4 0.292431 0.477789 0.095961 0.000217 0.133602
1 4 0.355627 0.415271 0.110254 0.000584 0.118265
0 4 0.471086 0.339350 0.052057 0.000206 0.137300
1 4 0.384645 0.387977 0.088670 0.000479 0.138229
0 4 0.462954 0.342599 0.097921 0.000915 0.095611
0 4 0.489138 0.323396 0.080901 0.000737 0.105828
0 4 0.407247 0.393202 0.089347 0.000424 0.109781
1 4 0.313129 0.455941 0.116457 0.000424 0.114049
1 4 0.355961 0.375571 0.146646 0.001869 0.119953
1 4 0.293441 0.487117 0.103515 0.000229 0.115698
0 0 0.844922 0.079997 0.018050 0.001513 0.055517
0 4 0.419727 0.315775 0.042479 0.000184 0.221836
1 4 0.137863 0.521129 0.103739 0.000141 0.237129
1 4 0.271094 0.384911 0.104683 0.000804 0.238508
1 4 0.240514 0.502477 0.106352 0.000218 0.150439
1 4 0.302722 0.389701 0.118756 0.001044 0.187777
1 4 0.201728 0.518627 0.116685 0.000225 0.162735
0 4 0.518640 0.251493 0.092053 0.003157 0.134657
0 4 0.590952 0.130243 0.023619 0.001159 0.254026
0 0 0.571528 0.242428 0.054831 0.000895 0.130319
0 4 0.458555 0.244552 0.054251 0.001026 0.241617
4 4 0.294805 0.178316 0.049171 0.002371 0.475336
0 4 0.474523 0.284821 0.052606 0.000484 0.187566
1 4 0.293272 0.447528 0.098673 0.000334 0.160193
0 4 0.467753 0.218844 0.053146 0.001519 0.258738
0 4 0.539837 0.146645 0.039281 0.003083 0.271153
0 4 0.436835 0.152341 0.040513 0.002934 0.367377
0 4 0.717297 0.115772 0.026609 0.001967 0.138355
1 4 0.294002 0.465700 0.091577 0.000225 0.148497
1 4 0.296538 0.469426 0.087697 0.000193 0.146146
1 4 0.313090 0.367552 0.080783 0.000522 0.238053
1 4 0.237786 0.390929 0.167365 0.002250 0.201670
1 4 0.135808 0.488001 0.235959 0.001237 0.138996
1 4 0.261314 0.362616 0.087623 0.000655 0.287792
1 2 0.124607 0.559212 0.186370 0.000347 0.129463
1 4 0.265486 0.350421 0.096240 0.000974 0.286879
1 2 0.169750 0.506431 0.208618 0.000839 0.114361
1 2 0.143139 0.541251 0.166928 0.000358 0.148324
2 2 0.107665 0.318520 0.504900 0.006040 0.062876
2 2 0.060502 0.229290 0.670392 0.008845 0.030971
1 1 0.180199 0.437659 0.344476 0.003505 0.034161
2 2 0.035416 0.246804 0.692275 0.003873 0.021632
2 2 0.016287 0.117381 0.842979 0.006756 0.016596
2 2 0.005278 0.061938 0.919777 0.007248 0.005759
2 2 0.006003 0.075650 0.905810 0.004102 0.008435
2 2 0.001390 0.050411 0.935244 0.002865 0.010091
2 2 0.005982 0.069549 0.907062 0.009088 0.008319
2 2 0.004688 0.073500 0.911010 0.005117 0.005685
1 1 0.212790 0.376129 0.349389 0.009959 0.051733
2 2 0.013531 0.159090 0.813965 0.002425 0.010989
2 2 0.003353 0.061956 0.925335 0.003705 0.005650
2 2 0.027588 0.248106 0.705563 0.004096 0.014647
2 2 0.004543 0.074329 0.908155 0.006277 0.006695
2 2 0.001986 0.025732 0.926313 0.041692 0.004277
2 2 0.010260 0.113198 0.861689 0.003792 0.011061
2 2 0.004456 0.055972 0.921779 0.010152 0.007640
2 2 0.000936 0.024486 0.963628 0.008750 0.002200
2 1 0.023774 0.159249 0.777457 0.021654 0.017867
2 2 0.002030 0.035459 0.948323 0.009851 0.004337
2 2 0.009631 0.077283 0.874427 0.025912 0.012746
2 2 0.009336 0.095334 0.866918 0.018840 0.009573
2 2 0.006137 0.076307 0.905338 0.004990 0.007228
2 2 0.001452 0.033365 0.954236 0.007148 0.003799
2 2 0.010028 0.086754 0.859013 0.032231 0.011974
2 2 0.051127 0.293112 0.622947 0.007890 0.024923
2 2 0.004571 0.045674 0.908277 0.033953 0.007525
2 3 0.000777 0.013654 0.926996 0.056132 0.002442
2 2 0.007161 0.080688 0.878915 0.023160 0.010075
2 2 0.005748 0.071002 0.897041 0.017218 0.008991
2 2 0.012499 0.104373 0.848500 0.022448 0.012180
2 1 0.068882 0.371095 0.528704 0.011248 0.020070
2 2 0.002519 0.032042 0.903953 0.056455 0.005031
2 2 0.027750 0.201349 0.732634 0.015853 0.022413
2 2 0.012314 0.105292 0.852230 0.018528 0.011636
2 2 0.003021 0.050344 0.931393 0.009313 0.005928
2 2 0.003941 0.049970 0.924442 0.016284 0.005363
2 3 0.000993 0.014222 0.916713 0.065392 0.002681
2 2 0.034781 0.243614 0.687884 0.011011 0.022709
2 3 0.002494 0.033761 0.916331 0.042167 0.005247
2 3 0.013893 0.114452 0.843131 0.016932 0.011593
2 2 0.019787 0.156744 0.788230 0.019128 0.016111
2 2 0.016838 0.126196 0.827435 0.013822 0.015709
2 2 0.010548 0.120475 0.852658 0.007755 0.008564
2 2 0.008021 0.071087 0.874682 0.036671 0.009539
2 2 0.002999 0.034958 0.927754 0.029172 0.005117
2 2 0.043555 0.280463 0.648777 0.009198 0.018007
2 2 0.053472 0.311274 0.602562 0.010720 0.021973
2 2 0.018423 0.139691 0.810892 0.014875 0.016118
2 2 0.024982 0.172880 0.774490 0.010052 0.017597
2 3 0.001066 0.013704 0.821302 0.161116 0.002812
2 2 0.023195 0.196341 0.759968 0.006628 0.013868
2 3 0.002396 0.026864 0.903780 0.062771 0.004190
2 2 0.044893 0.280952 0.634774 0.016895 0.022486
2 2 0.019089 0.150057 0.796911 0.019641 0.014302
2 2 0.007321 0.066429 0.889241 0.028553 0.008457
2 2 0.003159 0.046408 0.905088 0.039346 0.005998
2 2 0.013187 0.142796 0.817229 0.014556 0.012233
2 2 0.004803 0.056801 0.895128 0.036514 0.006754
2 2 0.008939 0.077991 0.850219 0.050430 0.012421
2 2 0.007994 0.081211 0.877422 0.025029 0.008344
2 2 0.006908 0.059506 0.836770 0.086958 0.009857
2 2 0.005215 0.057753 0.907001 0.022185 0.007846
2 2 0.003795 0.044820 0.906232 0.039516 0.005638
2 3 0.002771 0.033048 0.894551 0.064555 0.005075
2 2 0.001246 0.023192 0.905901 0.066399 0.003262
