0 0 0.835250 0.090192 0.051538 0.012935 0.010085
0 0 0.748960 0.120943 0.077924 0.024649 0.027525
0 0 0.798949 0.097743 0.066163 0.025292 0.011853
0 0 0.796075 0.102886 0.050183 0.010217 0.040639
0 0 0.765828 0.118479 0.064589 0.016929 0.034174
0 0 0.626326 0.246363 0.081118 0.028311 0.017882
0 0 0.781346 0.108845 0.067063 0.018631 0.024116
0 0 0.653374 0.277949 0.053493 0.005320 0.009865
0 0 0.580698 0.300443 0.082816 0.016580 0.019464
0 0 0.560353 0.282364 0.098038 0.033079 0.026166
0 0 0.484340 0.356345 0.110464 0.018774 0.030077
0 0 0.616293 0.308440 0.057846 0.004815 0.012606
0 0 0.643851 0.272002 0.062807 0.009617 0.011723
0 0 0.586238 0.333113 0.061086 0.004401 0.015163
0 0 0.634125 0.302216 0.050158 0.003248 0.010252
0 0 0.719709 0.225884 0.043288 0.005310 0.005808
0 0 0.627546 0.298436 0.057053 0.005153 0.011811
0 0 0.757912 0.146095 0.061416 0.019687 0.014891
0 0 0.689898 0.227917 0.058912 0.013547 0.009726
0 0 0.814402 0.118921 0.046814 0.010346 0.009517
0 0 0.725092 0.209329 0.049122 0.010285 0.006171
0 0 0.927819 0.043042 0.020809 0.004246 0.004084
0 0 0.997110 0.001926 0.000259 0.000050 0.000656
0 0 0.953464 0.033083 0.007900 0.002513 0.003039
0 0 0.989147 0.006185 0.002495 0.000544 0.001629
0 0 0.990215 0.005298 0.001919 0.000576 0.001992
0 0 0.994572 0.002557 0.000898 0.000147 0.001826
0 0 0.954862 0.026183 0.011469 0.003956 0.003531
0 0 0.973008 0.016661 0.004290 0.001568 0.004473
0 0 0.962577 0.025970 0.005755 0.001758 0.003940
0 0 0.979670 0.009968 0.001957 0.000404 0.008001
0 0 0.952346 0.033510 0.006323 0.001036 0.006785
0 0 0.949931 0.021580 0.004641 0.000802 0.023046
0 0 0.986223 0.005382 0.001498 0.000172 0.006726
0 0 0.929793 0.048272 0.009454 0.001399 0.011082
0 0 0.741658 0.180051 0.026818 0.000943 0.050530
0 0 0.910679 0.044749 0.008468 0.000820 0.035285
0 0 0.963151 0.021556 0.003873 0.000518 0.010903
0 0 0.790783 0.186208 0.019618 0.000650 0.002742
0 0 0.945004 0.024821 0.005132 0.000770 0.024273
0 0 0.862342 0.108073 0.014758 0.000678 0.014149
0 0 0.977587 0.007958 0.001302 0.000148 0.013005
0 0 0.965450 0.017412 0.005770 0.000223 0.011144
0 0 0.885141 0.040124 0.033572 0.002007 0.039155
0 0 0.944649 0.019727 0.002335 0.000075 0.033215
0 0 0.966449 0.015671 0.003275 0.000637 0.013968
0 0 0.817452 0.114033 0.021384 0.001583 0.045548
0 0 0.509332 0.354148 0.052166 0.001201 0.083153
1 0 0.333738 0.509592 0.112702 0.003585 0.040384
0 0 0.491208 0.322485 0.102938 0.020003 0.063366
0 0 0.513513 0.381442 0.069102 0.003598 0.032345
0 0 0.811561 0.073797 0.018594 0.002596 0.093452
0 0 0.976480 0.005743 0.001463 0.000181 0.016133
0 0 0.867053 0.027448 0.007740 0.001699 0.096059
0 0 0.974142 0.013471 0.001963 0.000164 0.010261
0 0 0.977280 0.008441 0.001642 0.000299 0.012338
0 0 0.988866 0.003288 0.000733 0.000259 0.006854
0 0 0.986308 0.006390 0.001148 0.000218 0.005936
0 0 0.993106 0.003148 0.000573 0.000151 0.003022
0 0 0.991073 0.005199 0.000943 0.000241 0.002544
0 0 0.986871 0.008292 0.001765 0.000657 0.002415
0 0 0.990612 0.004474 0.001063 0.000527 0.003323
0 0 0.984127 0.007685 0.001650 0.000486 0.006051
0 0 0.991812 0.004005 0.001045 0.000741 0.002397
0 0 0.978696 0.014115 0.003392 0.001680 0.002118
0 0 0.963641 0.027335 0.005502 0.001585 0.001937
0 0 0.976576 0.015333 0.003918 0.002361 0.001812
0 0 0.990133 0.005583 0.001253 0.000564 0.002467
0 0 0.985263 0.007526 0.001617 0.000504 0.005090
0 0 0.990397 0.003298 0.000698 0.000230 0.005377
0 0 0.979718 0.008360 0.002018 0.000711 0.009193
0 0 0.961639 0.018934 0.005463 0.001401 0.012563
0 0 0.956476 0.026291 0.005232 0.000886 0.011115
0 0 0.921401 0.041261 0.008353 0.001053 0.027932
0 0 0.978964 0.009702 0.002584 0.000839 0.007911
0 0 0.965220 0.011247 0.002879 0.000863 0.019792
0 0 0.936714 0.038013 0.011720 0.001908 0.011644
0 0 0.946980 0.030210 0.009393 0.001159 0.012259
0 0 0.985729 0.004472 0.001117 0.000486 0.008196
0 0 0.956217 0.028377 0.008001 0.000970 0.006436
0 0 0.849347 0.080389 0.018761 0.002174 0.049329
0 1 0.984305 0.010687 0.002391 0.001126 0.001491
0 1 0.712817 0.240362 0.037865 0.002662 0.006295
1 1 0.268555 0.525222 0.147404 0.005512 0.053307
0 2 0.457853 0.439984 0.070039 0.002478 0.029646
1 2 0.110126 0.477245 0.285473 0.016415 0.110742
2 2 0.033098 0.291744 0.403491 0.061946 0.209722
1 2 0.272501 0.500305 0.143273 0.004976 0.078946
1 2 0.226142 0.557646 0.165660 0.004028 0.046524
1 2 0.114303 0.551022 0.260232 0.004095 0.070349
2 2 0.006868 0.185899 0.752946 0.010166 0.044122
2 2 0.004502 0.129197 0.821585 0.010638 0.034078
2 2 0.007545 0.164291 0.767947 0.014070 0.046147
2 2 0.012271 0.183512 0.677556 0.032349 0.094312
2 2 0.010760 0.202061 0.671116 0.028823 0.087240
2 2 0.009981 0.201848 0.678385 0.026246 0.083540
2 3 0.012664 0.146227 0.711559 0.048642 0.080907
2 3 0.024121 0.067914 0.591729 0.261025 0.055211
2 3 0.022298 0.055124 0.569297 0.313515 0.039766
2 3 0.029808 0.087154 0.554604 0.249049 0.079385
2 3 0.047088 0.132600 0.413193 0.283934 0.123185
2 3 0.031342 0.081389 0.517494 0.300841 0.068933
3 3 0.040554 0.050008 0.257709 0.609515 0.042214
2 3 0.053457 0.209880 0.353700 0.190019 0.192944
3 3 0.051728 0.092976 0.316847 0.451973 0.086475
3 3 0.029676 0.031534 0.289750 0.620325 0.028715
3 3 0.044813 0.041276 0.194515 0.675305 0.044091
2 3 0.053737 0.161418 0.369484 0.259059 0.156303
3 3 0.057993 0.103652 0.287857 0.450875 0.099623
3 3 0.066068 0.096629 0.228884 0.502691 0.105728
3 3 0.037003 0.041270 0.260956 0.623033 0.037739
3 3 0.029296 0.024835 0.211634 0.712284 0.021951
3 3 0.064930 0.096264 0.236024 0.497546 0.105235
3 3 0.068400 0.094662 0.205950 0.530001 0.100987
3 3 0.048672 0.079763 0.312257 0.484855 0.074452
3 3 0.032040 0.019946 0.120438 0.809339 0.018237
3 3 0.031507 0.018907 0.109850 0.823040 0.016696
3 3 0.038154 0.030891 0.168763 0.732575 0.029618
3 3 0.022243 0.010554 0.091881 0.866448 0.008875
3 3 0.032774 0.020892 0.124747 0.802250 0.019337
3 3 0.033637 0.018593 0.070605 0.863362 0.013802
3 3 0.027471 0.016930 0.120422 0.821397 0.013780
3 3 0.023583 0.010821 0.072844 0.884381 0.008371
3 3 0.032668 0.018434 0.081574 0.852842 0.014482
3 3 0.057657 0.056776 0.153952 0.675894 0.055722
3 3 0.032930 0.020753 0.108414 0.820553 0.017349
3 3 0.055725 0.083645 0.245951 0.541561 0.073117
3 3 0.021343 0.009770 0.088987 0.871679 0.008221
3 3 0.047058 0.033262 0.085342 0.808419 0.025919
3 3 0.019818 0.008675 0.087134 0.877083 0.007290
3 3 0.055492 0.070205 0.210282 0.600302 0.063719
3 3 0.027440 0.013406 0.067461 0.881746 0.009947
3 3 0.033807 0.020126 0.092685 0.836826 0.016556
3 3 0.034168 0.020182 0.088083 0.841297 0.016269
3 3 0.030201 0.015529 0.067118 0.875742 0.011409
3 3 0.047087 0.037247 0.123689 0.758391 0.033587
3 3 0.032241 0.016649 0.058891 0.880629 0.011590
3 3 0.040117 0.027276 0.104330 0.805072 0.023205
3 3 0.034407 0.021443 0.105268 0.820379 0.018503
3 3 0.053428 0.044646 0.113703 0.749524 0.038699
3 0 0.031673 0.018779 0.104264 0.829038 0.016245
3 3 0.229583 0.147034 0.235065 0.331746 0.056573
2 3 0.044691 0.140484 0.416221 0.302708 0.095895
3 3 0.034960 0.056663 0.341265 0.527380 0.039732
2 3 0.042556 0.133477 0.435969 0.292589 0.095409
3 3 0.056152 0.109151 0.299411 0.441191 0.094095
2 3 0.050031 0.152706 0.489780 0.229165 0.078318
2 3 0.035573 0.064000 0.555606 0.317263 0.027558
3 3 0.020070 0.015253 0.209879 0.743604 0.011194
3 3 0.033369 0.047302 0.419967 0.473913 0.025448
3 3 0.041364 0.038212 0.191845 0.705023 0.023556
3 3 0.037273 0.026103 0.180609 0.742371 0.013644
3 3 0.034716 0.029966 0.153988 0.759805 0.021525
3 3 0.028218 0.025197 0.183535 0.746124 0.016927
3 3 0.042181 0.035270 0.237671 0.667775 0.017103
3 3 0.031523 0.022243 0.227226 0.708698 0.010310
3 3 0.050717 0.056182 0.428122 0.446042 0.018937
3 3 0.032016 0.025924 0.149514 0.773859 0.018686
3 3 0.059775 0.040199 0.101993 0.770464 0.027569
3 3 0.036048 0.028964 0.155166 0.760769 0.019053
3 3 0.059366 0.051803 0.139484 0.714441 0.034906
3 3 0.043988 0.041022 0.150825 0.734946 0.029218
3 3 0.033720 0.019261 0.079837 0.852210 0.014972
3 3 0.028966 0.014654 0.068962 0.876504 0.010914
3 3 0.041055 0.024507 0.061014 0.856455 0.016969
3 3 0.032322 0.016644 0.057873 0.881651 0.011510
3 3 0.024542 0.009946 0.038828 0.920600 0.006084
3 3 0.038392 0.021596 0.055976 0.869482 0.014553
3 3 0.034960 0.022683 0.106999 0.816533 0.018826
3 3 0.048641 0.052175 0.179433 0.676472 0.043279
3 -1 0.051191 0.037807 0.082832 0.799183 0.028986
3 0 0.055039 0.044480 0.096084 0.768386 0.036010
2 0 0.222625 0.244752 0.308985 0.155060 0.068579
0 0 0.547973 0.203036 0.189481 0.043356 0.016154
1 0 0.259825 0.471039 0.236037 0.005601 0.027498
0 0 0.538792 0.175966 0.202480 0.068086 0.014675
1 1 0.136625 0.536800 0.289546 0.002956 0.034073
1 1 0.055065 0.547465 0.352059 0.002899 0.042511
1 1 0.042248 0.555432 0.369553 0.001605 0.031162
2 1 0.035749 0.335340 0.550077 0.013157 0.065678
2 1 0.022597 0.449586 0.478502 0.003495 0.045820
2 0 0.021490 0.435035 0.489472 0.004143 0.049860
1 1 0.345447 0.470494 0.116893 0.007621 0.059545
1 2 0.031197 0.473171 0.437854 0.003791 0.053987
2 2 0.011015 0.261664 0.663474 0.004748 0.059100
1 2 0.055978 0.515580 0.346324 0.002495 0.079622
2 2 0.021707 0.395475 0.482970 0.004867 0.094982
2 2 0.011928 0.238211 0.683276 0.010831 0.055754
2 2 0.008023 0.200950 0.721935 0.003639 0.065453
2 2 0.022129 0.376689 0.472154 0.005367 0.123661
2 2 0.025573 0.353025 0.584275 0.003170 0.033957
2 2 0.012039 0.279522 0.679929 0.002864 0.025646
2 2 0.012764 0.282254 0.655630 0.006218 0.043134
2 2 0.041115 0.299378 0.599824 0.011261 0.048423
1 2 0.037880 0.449182 0.429519 0.008792 0.074626
2 2 0.011424 0.179735 0.744813 0.015680 0.048348
1 3 0.031544 0.459051 0.443076 0.005041 0.061288
2 3 0.022039 0.093930 0.704275 0.107948 0.071809
0 3 0.482047 0.354304 0.112685 0.003662 0.047302
2 2 0.027359 0.231031 0.504577 0.076787 0.160246
2 2 0.030301 0.395218 0.463238 0.014930 0.096313
2 2 0.040444 0.241539 0.651931 0.010184 0.055902
2 3 0.011587 0.206215 0.736141 0.008558 0.037500
2 2 0.007650 0.196863 0.697547 0.010901 0.087039
2 2 0.030967 0.419998 0.447000 0.007234 0.094801
2 4 0.009902 0.218066 0.670514 0.008586 0.092933
4 4 0.040083 0.268451 0.303159 0.021479 0.366827
1 4 0.052759 0.481951 0.342614 0.002178 0.120499
1 4 0.060215 0.469544 0.326797 0.002964 0.140480
1 4 0.085307 0.558107 0.282828 0.001845 0.071912
4 4 0.063973 0.290272 0.168733 0.000825 0.476197
4 4 0.040396 0.270535 0.210909 0.001123 0.477037
4 4 0.043897 0.299993 0.223307 0.001015 0.431788
4 4 0.025920 0.186908 0.173303 0.001024 0.612846
1 4 0.100158 0.425747 0.232098 0.003163 0.238834
4 4 0.040441 0.331259 0.282696 0.001967 0.343636
4 4 0.098469 0.318428 0.158128 0.001548 0.423428
4 4 0.078492 0.252981 0.143965 0.002093 0.522470
4 4 0.027439 0.181347 0.163030 0.001091 0.627093
4 4 0.027834 0.176902 0.156148 0.001054 0.638062
4 4 0.053636 0.303807 0.214451 0.001608 0.426499
4 4 0.034721 0.253187 0.214171 0.001176 0.496745
4 4 0.023603 0.180400 0.166819 0.000708 0.628470
4 4 0.019587 0.201797 0.208921 0.000624 0.569071
4 4 0.046994 0.143784 0.092043 0.001364 0.715816
4 4 0.021366 0.212268 0.223444 0.000963 0.541958
4 4 0.035423 0.174973 0.137693 0.001295 0.650616
4 4 0.090135 0.131291 0.060974 0.002674 0.714926
1 4 0.076873 0.410109 0.225248 0.000958 0.286812
4 4 0.051597 0.279805 0.194070 0.001288 0.473239
1 4 0.104154 0.499565 0.235978 0.001433 0.158869
1 4 0.061641 0.418610 0.269940 0.001323 0.248485
4 1 0.225697 0.335389 0.099453 0.001470 0.337991
1 4 0.082249 0.434834 0.268523 0.003655 0.210740
4 4 0.018334 0.222629 0.251127 0.000796 0.507115
4 4 0.042569 0.163292 0.126082 0.002828 0.665227
4 4 0.032482 0.193266 0.164293 0.001344 0.608615
4 4 0.033691 0.167274 0.137274 0.001540 0.660221
4 4 0.047472 0.234191 0.165449 0.001299 0.551590
4 4 0.017779 0.216317 0.240394 0.000643 0.524868
2 4 0.018219 0.314593 0.405652 0.001935 0.259602
4 4 0.039574 0.320761 0.279404 0.002138 0.358123
2 4 0.029008 0.328903 0.340292 0.002245 0.299553
1 4 0.039272 0.361153 0.329661 0.003053 0.266861
2 4 0.018875 0.283035 0.369506 0.002443 0.326141
1 4 0.037666 0.383187 0.339826 0.002058 0.237263
2 4 0.027398 0.327503 0.344723 0.002018 0.298359
4 4 0.017988 0.257584 0.331776 0.001831 0.390820
4 4 0.033943 0.316178 0.311661 0.003003 0.335215
1 1 0.078421 0.491099 0.288031 0.002419 0.140030
1 1 0.237388 0.572409 0.151157 0.002586 0.036460
1 1 0.032278 0.456468 0.431567 0.003865 0.075821
2 2 0.023665 0.381755 0.406932 0.001387 0.186261
2 2 0.013463 0.324008 0.498104 0.002267 0.162159
1 2 0.031252 0.370925 0.356731 0.001770 0.239321
1 2 0.031696 0.413867 0.373375 0.001258 0.179803
1 1 0.076348 0.530468 0.303218 0.002492 0.087474
1 1 0.195145 0.566350 0.186164 0.004145 0.048196
1 1 0.029834 0.486413 0.431543 0.002361 0.049849
2 1 0.022003 0.456605 0.476842 0.002906 0.041644
2 1 0.025495 0.459132 0.466381 0.001307 0.047685
2 1 0.024052 0.256475 0.696037 0.002460 0.020975
1 2 0.050657 0.536762 0.365479 0.003088 0.044014
2 2 0.016884 0.260858 0.701057 0.001494 0.019707
1 2 0.049469 0.563297 0.349291 0.001558 0.036385
2 2 0.133235 0.287697 0.545720 0.005464 0.027884
1 2 0.062416 0.483952 0.349260 0.004964 0.099408
1 1 0.051782 0.392931 0.335469 0.003962 0.215856
2 1 0.020754 0.321955 0.417703 0.003723 0.235866
2 1 0.011231 0.264387 0.469121 0.001778 0.253483
2 2 0.013241 0.235345 0.638768 0.005204 0.107442
2 2 0.010590 0.262552 0.570166 0.003847 0.152845
2 2 0.004879 0.088929 0.841434 0.006259 0.058500
2 1 0.011092 0.202100 0.711225 0.006395 0.069187
2 1 0.037192 0.366758 0.487865 0.004549 0.103635
2 2 0.012185 0.178667 0.729201 0.003640 0.076308
2 2 0.010484 0.148595 0.725671 0.016742 0.098509
2 2 0.006622 0.082365 0.860875 0.019526 0.030612
2 2 0.011226 0.252286 0.570024 0.004943 0.161521
2 2 0.012615 0.210067 0.672276 0.002278 0.102764
2 2 0.008837 0.117958 0.809115 0.013926 0.050164
2 2 0.015630 0.219785 0.607823 0.010207 0.146555
2 3 0.022832 0.237195 0.506241 0.021460 0.212273
2 2 0.013659 0.132027 0.757588 0.018280 0.078447
2 2 0.016405 0.288812 0.450082 0.006455 0.238246
2 3 0.007071 0.088070 0.855836 0.008832 0.040191
2 2 0.020698 0.199052 0.590527 0.042454 0.147269
2 2 0.022075 0.333604 0.434159 0.005331 0.204831
2 2 0.007605 0.205746 0.663887 0.004670 0.118092
2 2 0.020833 0.269479 0.529737 0.026755 0.153196
2 2 0.010930 0.195195 0.668465 0.013253 0.112157
2 3 0.011118 0.163655 0.709223 0.031272 0.084732
2 2 0.004589 0.047110 0.885679 0.037071 0.025551
2 2 0.018416 0.160488 0.647562 0.030067 0.143467
2 2 0.020354 0.251851 0.498664 0.015595 0.213536
2 2 0.020326 0.149381 0.638224 0.084747 0.107322
2 2 0.011428 0.125351 0.747984 0.036058 0.079178
2 2 0.019606 0.201842 0.595103 0.037952 0.145497
2 2 0.014177 0.098214 0.736420 0.080812 0.070376
2 3 0.030156 0.092418 0.618427 0.188849 0.070150
2 2 0.055216 0.147305 0.515092 0.201951 0.080437
2 2 0.037780 0.365531 0.475985 0.020388 0.100317
2 2 0.030828 0.249154 0.580050 0.039061 0.100908
2 2 0.040767 0.312007 0.476663 0.040472 0.130093
2 2 0.029164 0.178364 0.693307 0.041465 0.057701
2 2 0.032538 0.350004 0.529491 0.013772 0.074194
2 2 0.040572 0.103860 0.589122 0.213108 0.053339
2 2 0.024087 0.234129 0.634352 0.028131 0.079302
2 2 0.034795 0.146186 0.693748 0.076547 0.048725
2 3 0.046862 0.122144 0.656658 0.133817 0.040518
2 3 0.039253 0.164747 0.654535 0.085048 0.056416
2 2 0.038798 0.105194 0.561136 0.240550 0.054322
2 3 0.033431 0.183053 0.618051 0.083627 0.081839
2 3 0.047693 0.156898 0.579536 0.144122 0.071751
2 3 0.046451 0.123606 0.566487 0.203547 0.059909
2 3 0.053393 0.192351 0.613280 0.080487 0.060490
2 3 0.039540 0.194056 0.605416 0.081229 0.079760
2 3 0.030579 0.043444 0.544454 0.363021 0.018502
2 3 0.043875 0.234716 0.611343 0.046972 0.063095
2 3 0.039060 0.060097 0.611388 0.267889 0.021566
2 3 0.050168 0.089305 0.620730 0.207392 0.032405
2 3 0.064546 0.141972 0.467072 0.261163 0.065247
3 3 0.051735 0.079521 0.338677 0.478943 0.051124
2 3 0.050230 0.167570 0.578070 0.137268 0.066863
3 3 0.028109 0.040146 0.408666 0.498827 0.024252
2 3 0.034272 0.063015 0.557630 0.314135 0.030949
2 3 0.036977 0.074894 0.500711 0.342857 0.044561
3 3 0.039161 0.050911 0.442380 0.443038 0.024511
3 3 0.028486 0.036649 0.324463 0.582816 0.027586
3 3 0.045359 0.090460 0.360249 0.436860 0.067073
2 3 0.052359 0.076696 0.465647 0.372922 0.032376
3 3 0.023310 0.038455 0.435334 0.479177 0.023724
3 3 0.039130 0.053027 0.429706 0.452430 0.025707
2 3 0.040705 0.080124 0.441766 0.391308 0.046096
3 3 0.034994 0.042754 0.336155 0.561009 0.025087
3 3 0.022965 0.012750 0.109871 0.844587 0.009826
3 3 0.053361 0.077919 0.267723 0.542737 0.058260
3 3 0.034012 0.043156 0.299698 0.591427 0.031709
3 3 0.026750 0.027644 0.249226 0.676787 0.019593
3 3 0.054510 0.065740 0.292352 0.549220 0.038178
3 3 0.037850 0.045198 0.246613 0.635229 0.035110
3 3 0.039308 0.034917 0.168784 0.727435 0.029556
3 3 0.050483 0.062159 0.208339 0.627536 0.051482
3 3 0.037690 0.033496 0.172596 0.728385 0.027832
3 3 0.027371 0.020482 0.156380 0.780459 0.015308
3 3 0.041609 0.036674 0.156288 0.734700 0.030730
3 3 0.074229 0.128102 0.214478 0.456804 0.126388
3 3 0.024758 0.016276 0.148778 0.796973 0.013215
3 3 0.057355 0.091606 0.254309 0.516219 0.080511
3 3 0.044410 0.059238 0.253783 0.594602 0.047966
3 3 0.036191 0.023652 0.112038 0.807284 0.020836
3 3 0.039847 0.026525 0.098345 0.813219 0.022064
3 3 0.044022 0.033343 0.123321 0.769178 0.030136
3 3 0.044350 0.033235 0.117571 0.775385 0.029459
3 3 0.032625 0.021653 0.125619 0.801324 0.018779
3 3 0.032588 0.018717 0.087669 0.845910 0.015116
3 3 0.044008 0.034378 0.130678 0.759760 0.031175
3 3 0.028508 0.021989 0.173771 0.757753 0.017980
3 3 0.031599 0.020882 0.127667 0.801857 0.017995
3 3 0.040491 0.034399 0.154993 0.740547 0.029569
3 3 0.047612 0.035030 0.095733 0.793104 0.028521
3 3 0.035360 0.020685 0.078916 0.849088 0.015951
3 3 0.045660 0.032299 0.091363 0.804791 0.025886
3 3 0.027802 0.013142 0.057083 0.892816 0.009156
3 3 0.041415 0.026521 0.078692 0.833174 0.020198
3 3 0.045720 0.035917 0.121648 0.765403 0.031311
3 3 0.031758 0.017123 0.072650 0.865563 0.012906
3 3 0.059365 0.071646 0.181599 0.623775 0.063615
3 3 0.027492 0.013632 0.071345 0.877206 0.010327
3 3 0.044645 0.032006 0.100322 0.796388 0.026638
3 3 0.036454 0.026111 0.126567 0.788676 0.022192
3 3 0.041413 0.027469 0.089551 0.819587 0.021980
3 3 0.053583 0.042367 0.094729 0.775173 0.034148
3 3 0.042931 0.030273 0.102838 0.798457 0.025500
3 3 0.055003 0.048724 0.127388 0.724695 0.044189
3 3 0.039835 0.025861 0.090030 0.823483 0.020790
3 3 0.054322 0.044344 0.102096 0.762447 0.036792
3 3 0.043791 0.032999 0.116218 0.778671 0.028322
3 3 0.035984 0.020843 0.073083 0.854497 0.015593
3 3 0.053738 0.045054 0.113515 0.748676 0.039017
3 3 0.033874 0.019946 0.088666 0.841385 0.016129
3 3 0.039847 0.069164 0.353904 0.481556 0.055529
3 3 0.043019 0.033635 0.122128 0.773276 0.027941
3 3 0.034069 0.020349 0.092324 0.836554 0.016704
3 3 0.044268 0.032740 0.113145 0.781264 0.028583
3 3 0.051038 0.052586 0.160641 0.692220 0.043514
3 3 0.038390 0.022831 0.070126 0.851917 0.016736
3 3 0.035538 0.023427 0.119438 0.800407 0.021191
3 3 0.039855 0.026930 0.103525 0.806838 0.022852
3 3 0.024641 0.011561 0.072472 0.882434 0.008893
3 3 0.038638 0.026841 0.120638 0.789645 0.024238
3 3 0.051888 0.045087 0.135031 0.726030 0.041965
3 3 0.056520 0.058381 0.177979 0.646026 0.061094
4 3 0.082916 0.201901 0.215589 0.246333 0.253261
3 3 0.068417 0.088771 0.197887 0.546350 0.098575
1 2 0.095019 0.441856 0.330090 0.021902 0.111133
1 3 0.039303 0.493201 0.410376 0.004426 0.052694
2 3 0.024056 0.198425 0.673187 0.032679 0.071654
1 3 0.068296 0.541516 0.340677 0.003606 0.045906
2 2 0.047718 0.284583 0.564427 0.025749 0.077522
1 2 0.036433 0.495761 0.423607 0.002978 0.041220
1 2 0.067729 0.497802 0.349729 0.008917 0.075822
1 3 0.042623 0.449873 0.415806 0.010367 0.081331
2 2 0.017182 0.243734 0.606847 0.031318 0.100920
1 3 0.054736 0.488783 0.377391 0.007892 0.071198
2 2 0.028354 0.302003 0.533969 0.028583 0.107090
1 2 0.041717 0.504734 0.399507 0.003994 0.050047
1 2 0.029141 0.484564 0.440406 0.003012 0.042876
1 2 0.039492 0.490257 0.411219 0.004697 0.054334
1 2 0.025219 0.463583 0.462810 0.003349 0.045039
2 2 0.009554 0.221513 0.690334 0.012982 0.065617
2 2 0.024101 0.337597 0.572693 0.008838 0.056770
2 2 0.022677 0.399575 0.490030 0.007044 0.080674
2 2 0.020308 0.317547 0.481301 0.015812 0.165031
2 2 0.012758 0.277742 0.632566 0.007578 0.069357
2 2 0.015438 0.297192 0.595440 0.006237 0.085692
2 2 0.005090 0.113078 0.819864 0.012820 0.049148
2 2 0.013850 0.136309 0.714924 0.055495 0.079423
2 4 0.016634 0.353917 0.505382 0.004844 0.119223
1 4 0.034883 0.455915 0.400542 0.002211 0.106449
1 4 0.115701 0.437182 0.193106 0.001133 0.252878
1 4 0.180399 0.441519 0.162106 0.002340 0.213636
4 4 0.048719 0.067537 0.032134 0.000828 0.850782
4 4 0.088761 0.270837 0.135880 0.001273 0.503249
4 4 0.065279 0.300196 0.184532 0.001334 0.448659
4 4 0.066651 0.332354 0.200160 0.001134 0.399700
4 4 0.067001 0.223966 0.132438 0.001658 0.574936
4 4 0.091513 0.334325 0.168559 0.001189 0.404414
1 4 0.173688 0.422411 0.150792 0.001503 0.251606
1 4 0.105615 0.383554 0.182018 0.001308 0.327504
4 4 0.053063 0.133782 0.079129 0.001483 0.732543
4 1 0.102560 0.319226 0.142838 0.000838 0.434539
1 4 0.138038 0.488490 0.206816 0.002200 0.164456
4 4 0.057516 0.116326 0.060849 0.001122 0.764186
4 4 0.098233 0.057468 0.017184 0.000856 0.826259
4 4 0.090756 0.305100 0.164815 0.002133 0.437195
4 4 0.062726 0.186755 0.108082 0.001426 0.641012
4 4 0.075077 0.238082 0.126370 0.001110 0.559361
4 4 0.052346 0.223091 0.139859 0.000871 0.583833
4 4 0.182620 0.288089 0.103777 0.002679 0.422836
4 4 0.123975 0.173728 0.063337 0.001101 0.637859
4 4 0.096271 0.208481 0.105914 0.003003 0.586330
4 4 0.089422 0.219201 0.104384 0.001225 0.585767
4 4 0.037115 0.154498 0.109719 0.000920 0.697748
4 4 0.072965 0.077446 0.036485 0.003392 0.809713
4 4 0.107194 0.237852 0.105619 0.001440 0.547895
4 4 0.140635 0.112267 0.031365 0.000642 0.715091
4 4 0.067101 0.194019 0.109187 0.001459 0.628234
4 4 0.176891 0.337085 0.113843 0.001187 0.370995
4 4 0.176471 0.241237 0.094147 0.005324 0.482821
4 4 0.163437 0.184290 0.059937 0.001499 0.590837
4 4 0.077190 0.117429 0.049394 0.000810 0.755177
4 4 0.083866 0.224315 0.107102 0.000904 0.583813
4 4 0.041506 0.090577 0.051346 0.000806 0.815765
1 4 0.223514 0.349142 0.103837 0.001386 0.322120
1 4 0.210130 0.369607 0.114321 0.001322 0.304620
4 4 0.091551 0.234516 0.109122 0.001027 0.563784
4 4 0.088844 0.138147 0.055971 0.000833 0.716205
4 4 0.148351 0.223014 0.071880 0.000647 0.556108
4 4 0.041058 0.014537 0.003507 0.000079 0.940819
4 4 0.106971 0.080300 0.028864 0.002364 0.781501
4 4 0.091473 0.049286 0.014011 0.000601 0.844629
4 4 0.091451 0.054824 0.017029 0.000910 0.835786
4 4 0.028005 0.006044 0.001041 0.000009 0.964901
4 4 0.023467 0.004291 0.000667 0.000004 0.971570
4 4 0.103879 0.057928 0.016399 0.000724 0.821070
4 4 0.093194 0.049471 0.013074 0.000381 0.843881
4 4 0.154970 0.092755 0.024910 0.001100 0.726264
4 4 0.193184 0.271423 0.082696 0.001078 0.451619
4 4 0.087636 0.061349 0.019330 0.000659 0.831026
4 4 0.049587 0.022179 0.006253 0.000220 0.921761
4 4 0.037935 0.012205 0.002763 0.000052 0.947045
4 4 0.037955 0.012219 0.002767 0.000052 0.947006
4 4 0.084149 0.146686 0.061956 0.000792 0.706417
4 4 0.096511 0.044488 0.010937 0.000330 0.847734
4 4 0.088469 0.150988 0.062422 0.000799 0.697322
4 4 0.055608 0.118921 0.061840 0.000887 0.762743
4 4 0.075514 0.161163 0.073357 0.000712 0.689254
4 4 0.052734 0.089516 0.043056 0.000705 0.813990
4 4 0.111210 0.170898 0.063079 0.000762 0.654050
4 4 0.083500 0.223548 0.100240 0.000559 0.592152
4 4 0.063228 0.271499 0.161329 0.001007 0.502937
4 4 0.035486 0.275095 0.223601 0.000863 0.464955
4 4 0.051721 0.284516 0.197005 0.001261 0.465498
4 4 0.036970 0.186124 0.145215 0.001318 0.630373
1 4 0.078772 0.405635 0.230650 0.001419 0.283525
4 4 0.026137 0.235732 0.227124 0.001018 0.509989
4 4 0.077488 0.289279 0.162033 0.001467 0.469732
4 4 0.054659 0.263932 0.175155 0.001273 0.504981
4 4 0.047286 0.279183 0.195319 0.000939 0.477273
4 4 0.041986 0.240869 0.170004 0.000722 0.546419
4 4 0.063328 0.311793 0.190345 0.001062 0.433471
4 4 0.157613 0.255855 0.097603 0.002418 0.486511
4 4 0.057804 0.299234 0.189333 0.000974 0.452656
4 4 0.020529 0.182347 0.174841 0.000499 0.621783
4 4 0.048406 0.248462 0.182094 0.001722 0.519316
4 4 0.053479 0.334502 0.245950 0.002040 0.364029
1 4 0.053109 0.404361 0.293211 0.001772 0.247547
4 4 0.026788 0.187114 0.172422 0.001126 0.612550
4 4 0.022236 0.212610 0.222130 0.001079 0.541946
4 4 0.048197 0.305705 0.243100 0.002542 0.400456
4 2 0.019007 0.243897 0.289325 0.001251 0.446520
4 2 0.036615 0.332015 0.281044 0.001184 0.349142
4 2 0.019465 0.232716 0.268263 0.001161 0.478395
4 2 0.017808 0.284723 0.341570 0.000929 0.354970
2 2 0.013949 0.267452 0.361130 0.000878 0.356592
4 2 0.017958 0.245299 0.301430 0.001289 0.434024
4 2 0.025328 0.271104 0.271029 0.001018 0.431521
2 2 0.017302 0.268895 0.513315 0.001043 0.199445
4 2 0.016164 0.242584 0.302483 0.000926 0.437843
2 2 0.026169 0.371078 0.383569 0.001541 0.217644
1 2 0.036459 0.417565 0.351736 0.001269 0.192971
2 2 0.013217 0.315470 0.470554 0.001851 0.198908
2 2 0.015011 0.256367 0.526132 0.001639 0.200852
2 2 0.021690 0.351019 0.420970 0.002453 0.203869
2 2 0.018155 0.354372 0.411285 0.000832 0.215357
2 2 0.020916 0.282445 0.349678 0.002448 0.344512
2 2 0.010312 0.295774 0.499795 0.001887 0.192232
2 2 0.014812 0.270755 0.388518 0.001903 0.324011
2 2 0.012124 0.220341 0.634007 0.000955 0.132573
2 2 0.015977 0.285432 0.409335 0.002439 0.286817
2 2 0.011605 0.140197 0.751761 0.006753 0.089685
2 2 0.018534 0.324056 0.399147 0.001415 0.256849
2 2 0.016274 0.288528 0.420778 0.001446 0.272975
2 2 0.005718 0.110712 0.808748 0.002232 0.072591
2 2 0.025583 0.315023 0.338489 0.001771 0.319135
2 2 0.014886 0.313373 0.435681 0.001577 0.234483
2 2 0.015342 0.384344 0.492191 0.001457 0.106667
1 2 0.026375 0.417023 0.410561 0.001335 0.144705
1 2 0.026556 0.436357 0.421088 0.001173 0.114825
2 2 0.021801 0.317498 0.569582 0.001760 0.089359
1 2 0.037001 0.457237 0.365822 0.001081 0.138860
2 2 0.011961 0.345626 0.530802 0.001712 0.109899
1 2 0.036089 0.433619 0.386977 0.002375 0.140940
2 2 0.015653 0.325020 0.575951 0.001880 0.081497
2 2 0.020926 0.303435 0.592433 0.003226 0.079979
1 2 0.031388 0.456724 0.409869 0.001740 0.100280
2 2 0.018023 0.415239 0.502083 0.002896 0.061758
2 2 0.018048 0.343021 0.582210 0.000745 0.055977
2 2 0.021548 0.333821 0.559983 0.002418 0.082230
1 2 0.049466 0.523605 0.370708 0.003205 0.053016
1 2 0.030026 0.484698 0.436607 0.003000 0.045669
2 2 0.024089 0.300826 0.553468 0.011676 0.109941
2 2 0.019625 0.368137 0.468905 0.003319 0.140014
2 4 0.028997 0.408832 0.413282 0.002508 0.146381
1 2 0.038631 0.475102 0.437731 0.003244 0.045293
1 2 0.063204 0.487591 0.360630 0.009652 0.078922
1 2 0.035207 0.474284 0.428877 0.005105 0.056527
2 2 0.052378 0.443715 0.457726 0.004528 0.041653
2 2 0.023170 0.450799 0.485638 0.002164 0.038230
1 2 0.031505 0.452780 0.447826 0.006120 0.061769
1 2 0.051069 0.548620 0.358260 0.002523 0.039528
1 2 0.036421 0.511209 0.407985 0.002805 0.041580
1 2 0.034107 0.514035 0.408930 0.002082 0.040846
1 2 0.039151 0.520353 0.396951 0.002702 0.040844
1 2 0.036678 0.504717 0.409864 0.003051 0.045691
2 2 0.015499 0.180015 0.769073 0.007901 0.027512
1 2 0.028983 0.480312 0.439792 0.002800 0.048114
1 2 0.033693 0.494477 0.423375 0.003296 0.045160
2 2 0.032715 0.431466 0.450715 0.009227 0.075876
2 2 0.009595 0.186444 0.766620 0.006881 0.030459
2 2 0.034035 0.457361 0.465944 0.003251 0.039409
2 2 0.013850 0.243908 0.712467 0.003969 0.025806
1 2 0.037925 0.540620 0.387180 0.001747 0.032528
2 2 0.033532 0.379744 0.513124 0.009611 0.063988
1 2 0.060634 0.462915 0.434027 0.003905 0.038519
1 3 0.029833 0.519868 0.417458 0.001630 0.031212
2 2 0.058395 0.321398 0.550812 0.013888 0.055507
1 3 0.056542 0.483990 0.334203 0.002303 0.122963
1 3 0.030991 0.428542 0.426792 0.002472 0.111203
2 3 0.029633 0.320648 0.596933 0.007695 0.045091
2 3 0.015584 0.346962 0.587756 0.003071 0.046627
1 3 0.035731 0.494531 0.413683 0.003017 0.053038
2 2 0.013357 0.284876 0.664684 0.004194 0.032889
1 2 0.029587 0.487485 0.437630 0.002939 0.042358
2 2 0.024124 0.226125 0.696773 0.011753 0.041226
2 2 0.020132 0.340259 0.587914 0.005879 0.045816
2 2 0.026324 0.386677 0.547431 0.002248 0.037320
2 2 0.021006 0.442487 0.487707 0.003448 0.045352
2 2 0.011795 0.258469 0.701677 0.003141 0.024918
2 2 0.029514 0.433807 0.458697 0.007130 0.070853
2 2 0.025193 0.375139 0.466060 0.008775 0.124834
2 2 0.018271 0.338241 0.531557 0.002963 0.108968
2 2 0.010186 0.133528 0.807050 0.012086 0.037149
2 2 0.016009 0.217117 0.674810 0.018573 0.073492
2 2 0.007852 0.154119 0.731022 0.007208 0.099798
2 2 0.013543 0.185607 0.709986 0.006846 0.084018
2 1 0.052045 0.326222 0.431853 0.004352 0.185528
1 2 0.046202 0.530443 0.377221 0.002989 0.043145
2 2 0.017557 0.402795 0.519934 0.005068 0.054647
2 2 0.049644 0.359765 0.534762 0.008309 0.047520
1 2 0.034070 0.392508 0.371570 0.002450 0.199402
2 2 0.011018 0.198165 0.711507 0.006872 0.072438
2 2 0.022065 0.283653 0.391740 0.007964 0.294579
2 2 0.030403 0.320683 0.529577 0.004294 0.115043
2 2 0.011390 0.244222 0.624155 0.003984 0.116250
2 2 0.015452 0.265963 0.548649 0.019776 0.150161
2 2 0.015449 0.296975 0.604447 0.005329 0.077800
2 2 0.018502 0.207570 0.699259 0.010331 0.064337
2 2 0.029930 0.387184 0.430733 0.006528 0.145625
2 2 0.014242 0.119560 0.780018 0.034380 0.051801
2 2 0.017755 0.252519 0.643685 0.017414 0.068628
2 2 0.004396 0.072373 0.887451 0.013061 0.022719
2 2 0.020982 0.199004 0.670662 0.025661 0.083692
2 2 0.023096 0.257343 0.665640 0.007247 0.046674
2 2 0.021887 0.147389 0.747965 0.031987 0.050773
2 2 0.031897 0.351998 0.450525 0.030294 0.135286
2 2 0.020262 0.389796 0.489145 0.003612 0.097185
2 2 0.012768 0.176202 0.707335 0.023677 0.080017
2 2 0.014136 0.142170 0.766370 0.027247 0.050077
2 2 0.027103 0.407247 0.475581 0.010303 0.079766
2 2 0.013064 0.220098 0.698215 0.010136 0.058487
2 2 0.016781 0.139515 0.723950 0.049327 0.070427
2 2 0.027687 0.365761 0.457774 0.013476 0.135303
2 2 0.020629 0.305834 0.579580 0.015713 0.078244
2 2 0.014615 0.252216 0.622511 0.018248 0.092411
2 2 0.016173 0.124218 0.697424 0.076616 0.085569
2 2 0.023631 0.362806 0.483684 0.011897 0.117981
2 3 0.016626 0.280804 0.518494 0.018981 0.165095
2 3 0.038083 0.296927 0.459652 0.038010 0.167327
2 3 0.018616 0.133350 0.666841 0.084983 0.096210
2 3 0.020174 0.175723 0.638792 0.061673 0.103638
2 3 0.018960 0.181335 0.621145 0.064557 0.114003
2 3 0.039655 0.213740 0.435789 0.115324 0.195492
2 2 0.021805 0.252686 0.603754 0.029082 0.092673
1 2 0.029988 0.488317 0.436121 0.002970 0.042604
2 2 0.016760 0.268497 0.683031 0.004038 0.027674
2 2 0.018093 0.243271 0.716682 0.002885 0.019068
2 2 0.014634 0.242979 0.709524 0.004675 0.028188
2 2 0.007325 0.147494 0.824983 0.003663 0.016535
2 2 0.033616 0.357545 0.569181 0.004565 0.035092
1 2 0.035868 0.481441 0.448931 0.002151 0.031609
2 2 0.042550 0.286066 0.600514 0.015214 0.055656
2 2 0.036704 0.369480 0.554743 0.004373 0.034701
2 2 0.043771 0.353038 0.555446 0.006629 0.041117
2 2 0.020296 0.204592 0.697061 0.020833 0.057218
2 2 0.015934 0.174684 0.775787 0.007709 0.025885
2 2 0.034335 0.324412 0.619653 0.002305 0.019295
2 2 0.020764 0.188481 0.739887 0.013247 0.037622
2 2 0.031881 0.252871 0.668680 0.009379 0.037190
2 2 0.037974 0.384656 0.528158 0.005690 0.043522
2 2 0.019322 0.210852 0.723111 0.010101 0.036613
2 2 0.035397 0.376821 0.534546 0.006398 0.046838
2 2 0.028132 0.357894 0.560081 0.006511 0.047382
2 2 0.026219 0.281105 0.670493 0.002711 0.019472
2 2 0.026728 0.339221 0.605436 0.002890 0.025726
2 2 0.024366 0.262658 0.675221 0.006104 0.031650
2 2 0.031624 0.398428 0.526034 0.004263 0.039651
2 2 0.042657 0.432217 0.460725 0.006970 0.057430
2 2 0.015721 0.268860 0.679164 0.004737 0.031518
2 2 0.020047 0.265898 0.658770 0.009392 0.045893
2 2 0.033030 0.252919 0.632925 0.019972 0.061154
2 3 0.027066 0.299393 0.604195 0.011933 0.057413
2 2 0.041849 0.294867 0.566579 0.021835 0.074870
2 2 0.028647 0.412241 0.516357 0.003713 0.039042
2 3 0.028031 0.261755 0.625087 0.019549 0.065579
2 3 0.039311 0.172830 0.647988 0.073981 0.065891
1 2 0.051338 0.573026 0.342875 0.001602 0.031158
2 2 0.024744 0.331960 0.596833 0.005719 0.040744
2 2 0.021530 0.245348 0.687158 0.008399 0.037565
2 3 0.032216 0.410794 0.511157 0.004312 0.041520
2 2 0.043224 0.285844 0.590486 0.018052 0.062393
1 2 0.053602 0.411408 0.334399 0.005227 0.195364
1 2 0.134577 0.513798 0.249218 0.008607 0.093801
2 2 0.016304 0.229643 0.628257 0.018652 0.107143
2 2 0.012785 0.277201 0.483001 0.003786 0.223227
2 2 0.024021 0.334759 0.416849 0.005134 0.219238
1 2 0.041190 0.469644 0.406329 0.005303 0.077534
2 2 0.019358 0.374072 0.549087 0.003663 0.053820
2 2 0.006507 0.102339 0.815108 0.011747 0.064299
1 2 0.033666 0.418286 0.415069 0.004549 0.128430
1 2 0.047565 0.403606 0.320101 0.002335 0.226392
1 2 0.042624 0.396877 0.364293 0.005237 0.190969
2 2 0.019364 0.274053 0.623509 0.014449 0.068625
2 3 0.026044 0.382631 0.416561 0.002638 0.172126
2 2 0.012694 0.224267 0.674059 0.007537 0.081443
2 2 0.020064 0.315264 0.428992 0.004879 0.230802
2 2 0.034586 0.393039 0.451086 0.002768 0.118522
2 2 0.031755 0.371101 0.389240 0.004219 0.203685
2 2 0.012463 0.268068 0.545132 0.005579 0.168757
1 4 0.040654 0.409912 0.344212 0.001952 0.203270
1 4 0.038160 0.418956 0.386726 0.003829 0.152330
1 4 0.036645 0.406323 0.345156 0.001335 0.210542
1 4 0.088214 0.506185 0.277444 0.002578 0.125580
1 4 0.056065 0.492203 0.322644 0.001409 0.127680
1 4 0.248086 0.466223 0.129712 0.001541 0.154437
1 1 0.150916 0.384434 0.172711 0.004659 0.287280
1 4 0.311056 0.451962 0.125711 0.006594 0.104675
1 4 0.041299 0.414977 0.340626 0.001741 0.201358
1 4 0.084674 0.429039 0.244036 0.002044 0.240207
4 4 0.187213 0.241002 0.072291 0.000986 0.498508
4 4 0.119334 0.159705 0.064397 0.002277 0.654286
4 4 0.094892 0.218611 0.099193 0.001120 0.586184
4 4 0.297899 0.272887 0.066675 0.001755 0.360784
4 4 0.095338 0.176716 0.075359 0.001045 0.651542
4 4 0.123729 0.100008 0.031978 0.001224 0.743060
4 4 0.187054 0.127335 0.035712 0.001886 0.648013
4 4 0.105744 0.059292 0.016783 0.000745 0.817436
4 4 0.215646 0.153916 0.042718 0.002354 0.585366
4 4 0.203569 0.124484 0.028868 0.000726 0.642354
4 4 0.109893 0.297047 0.133718 0.001306 0.458036
4 4 0.070662 0.041912 0.013787 0.000791 0.872847
1 4 0.238160 0.338142 0.100077 0.001890 0.321731
4 4 0.144553 0.202849 0.070085 0.001127 0.581386
4 4 0.094267 0.287232 0.141198 0.001324 0.475979
4 4 0.283916 0.181898 0.037976 0.000802 0.495409
4 4 0.174230 0.137896 0.039634 0.001394 0.646847
4 4 0.177846 0.094473 0.022075 0.000718 0.704887
4 4 0.345431 0.178681 0.031936 0.000707 0.443245
4 4 0.231311 0.120365 0.025398 0.000706 0.622220
4 4 0.105127 0.177030 0.074309 0.001434 0.642100
4 4 0.111386 0.151890 0.060168 0.001610 0.674946
4 4 0.094922 0.040032 0.009168 0.000230 0.855648
4 4 0.068146 0.018983 0.003631 0.000053 0.909187
0 4 0.492454 0.350525 0.055280 0.001428 0.100314
1 4 0.235469 0.360525 0.091872 0.000546 0.311588
4 4 0.092835 0.282146 0.137817 0.001205 0.485997
4 4 0.122730 0.300379 0.120322 0.000883 0.455686
4 4 0.050861 0.188245 0.117906 0.001008 0.641980
4 4 0.090154 0.216428 0.096900 0.000820 0.595697
4 4 0.067039 0.320492 0.195691 0.001337 0.415440
4 4 0.099515 0.084783 0.034448 0.003754 0.777500
4 4 0.133802 0.273919 0.124178 0.003777 0.464324
4 4 0.075276 0.050812 0.018342 0.001357 0.854213
4 4 0.162558 0.226038 0.085355 0.003128 0.522920
4 4 0.312236 0.181818 0.037215 0.001113 0.467619
1 4 0.193235 0.445491 0.163064 0.003324 0.194886
1 4 0.158807 0.409515 0.148749 0.001101 0.281827
1 4 0.258360 0.419043 0.119320 0.002075 0.201202
1 4 0.193565 0.402512 0.132548 0.001377 0.269998
1 4 0.107823 0.373573 0.180209 0.001658 0.336738
1 4 0.299034 0.383752 0.103254 0.002980 0.210981
4 1 0.104058 0.337232 0.173128 0.002445 0.383137
1 1 0.242715 0.474575 0.152204 0.004705 0.125801
1 1 0.106332 0.565225 0.252469 0.001790 0.074185
1 1 0.071280 0.473387 0.288954 0.001961 0.164418
1 1 0.102229 0.504528 0.253900 0.002400 0.136942
1 1 0.127014 0.581796 0.241606 0.003531 0.046053
1 1 0.042435 0.493143 0.381077 0.002272 0.081074
1 1 0.080223 0.550080 0.296197 0.002297 0.071204
1 1 0.168970 0.576525 0.201140 0.003165 0.050200
1 1 0.048291 0.492813 0.375638 0.003660 0.079598
1 1 0.059845 0.416490 0.300291 0.003010 0.220365
1 1 0.108468 0.430681 0.201573 0.001323 0.257956
1 1 0.212055 0.434720 0.135401 0.001452 0.216372
1 1 0.176900 0.562229 0.186840 0.001946 0.072085
1 1 0.082145 0.509778 0.277200 0.001712 0.129166
1 1 0.072549 0.492478 0.296210 0.002121 0.136642
1 2 0.039125 0.482769 0.398698 0.002895 0.076513
1 1 0.073258 0.531143 0.291728 0.001315 0.102557
1 2 0.066682 0.598853 0.303700 0.001435 0.029330
1 2 0.046271 0.532355 0.371276 0.002324 0.047774
1 2 0.033850 0.460404 0.422215 0.003520 0.080012
1 2 0.058916 0.504883 0.336144 0.002457 0.097601
2 2 0.018672 0.373751 0.519094 0.004568 0.083916
1 2 0.042206 0.550740 0.372672 0.001753 0.032630
2 2 0.023632 0.379977 0.565806 0.002484 0.028101
1 2 0.049830 0.581610 0.339494 0.001288 0.027777
1 2 0.045668 0.568051 0.355327 0.001445 0.029508
1 2 0.054154 0.564648 0.343671 0.002051 0.035475
1 2 0.034212 0.550913 0.387301 0.001176 0.026398
1 2 0.054171 0.600140 0.320118 0.001021 0.024550
1 2 0.058038 0.622994 0.298075 0.000708 0.020186
1 2 0.023848 0.483095 0.467643 0.001202 0.024211
1 1 0.027175 0.518010 0.424683 0.001397 0.028735
1 1 0.053590 0.600543 0.320655 0.000995 0.024217
1 2 0.113359 0.574759 0.259478 0.003856 0.048548
1 2 0.047461 0.549568 0.364010 0.002197 0.036763
2 1 0.025681 0.327188 0.618878 0.002967 0.025286
1 2 0.091303 0.576587 0.284613 0.003185 0.044312
1 1 0.048998 0.552561 0.359535 0.002191 0.036715
1 0 0.229466 0.568886 0.161696 0.002760 0.037191
1 1 0.395174 0.451431 0.096726 0.006055 0.050614
1 1 0.088735 0.557933 0.279040 0.001976 0.072317
1 1 0.071170 0.549517 0.309187 0.001984 0.068142
1 2 0.034646 0.457710 0.414427 0.003166 0.090051
2 2 0.017681 0.315397 0.541316 0.007635 0.117971
1 2 0.036151 0.438873 0.393214 0.002631 0.129132
2 2 0.023716 0.422050 0.465518 0.003297 0.085419
2 2 0.024012 0.381471 0.508394 0.004514 0.081608
2 2 0.016418 0.300382 0.399250 0.001562 0.282388
2 2 0.017940 0.368413 0.436644 0.001048 0.175955
2 2 0.009014 0.238151 0.620478 0.003845 0.128512
2 2 0.016252 0.281725 0.371459 0.001381 0.329182
2 2 0.008116 0.179356 0.688940 0.004143 0.119446
2 2 0.007472 0.155566 0.743615 0.008877 0.084469
2 2 0.027535 0.324658 0.346043 0.002293 0.299470
2 2 0.004278 0.084918 0.854497 0.006580 0.049727
2 2 0.009661 0.199176 0.674728 0.002065 0.114371
2 2 0.017197 0.233592 0.639010 0.002115 0.108085
2 2 0.013146 0.297286 0.488201 0.002399 0.198968
2 2 0.008620 0.174659 0.712836 0.001902 0.101983
2 2 0.018524 0.312062 0.510503 0.003100 0.155810
2 2 0.025476 0.277600 0.588371 0.002152 0.106401
2 2 0.021414 0.282165 0.542944 0.003795 0.149681
2 2 0.006246 0.107053 0.838453 0.005583 0.042664
2 2 0.010239 0.130648 0.783378 0.003009 0.072727
2 2 0.019878 0.307488 0.559733 0.002116 0.110785
2 2 0.014371 0.204872 0.650688 0.006194 0.123875
2 2 0.004224 0.088366 0.857080 0.009185 0.041146
2 2 0.012878 0.246796 0.585340 0.003361 0.151625
2 2 0.004363 0.127957 0.777385 0.001716 0.088580
2 2 0.004152 0.104130 0.814569 0.002141 0.075008
2 2 0.008470 0.137337 0.746464 0.008663 0.099065
2 2 0.013022 0.197203 0.593437 0.005505 0.190833
2 2 0.006480 0.135151 0.765527 0.005719 0.087123
2 2 0.006885 0.100329 0.818811 0.008243 0.065732
2 2 0.013902 0.134099 0.716981 0.028992 0.106026
2 2 0.006423 0.094691 0.845524 0.006653 0.046708
2 2 0.015896 0.235459 0.563548 0.014247 0.170851
2 2 0.017918 0.358333 0.529788 0.011613 0.082348
2 2 0.025454 0.242428 0.563753 0.047804 0.120561
2 2 0.018885 0.257663 0.577905 0.033888 0.111660
2 2 0.020454 0.293752 0.490012 0.041827 0.153956
2 2 0.020238 0.126067 0.658049 0.103428 0.092220
2 2 0.023911 0.236591 0.557031 0.053193 0.129274
