0 0 0.817257 0.116093 0.017176 0.006507 0.042967
0 0 0.740449 0.151695 0.025078 0.006265 0.076513
0 0 0.689866 0.217542 0.043935 0.004282 0.044376
0 0 0.812915 0.127334 0.018982 0.004347 0.036422
0 1 0.599617 0.278410 0.067208 0.004583 0.050183
1 1 0.188500 0.436807 0.185603 0.002395 0.186695
4 1 0.125615 0.351436 0.156099 0.002519 0.364331
1 1 0.059276 0.390379 0.250841 0.001514 0.297990
4 4 0.361555 0.147588 0.031192 0.010872 0.448793
4 4 0.190698 0.186048 0.052541 0.004751 0.565962
4 4 0.104514 0.258546 0.108683 0.003132 0.525125
4 4 0.147968 0.261778 0.101094 0.005467 0.483693
4 4 0.093350 0.296243 0.143060 0.003375 0.463972
4 4 0.116768 0.296680 0.120278 0.002041 0.464233
1 4 0.070610 0.363453 0.206969 0.001695 0.357274
1 4 0.101022 0.375333 0.188791 0.002142 0.332711
4 4 0.046602 0.336166 0.213334 0.001163 0.402735
4 4 0.097735 0.291524 0.135162 0.003145 0.472435
4 4 0.086508 0.111113 0.034621 0.003848 0.763909
4 4 0.070478 0.353542 0.206142 0.002267 0.367572
4 4 0.192707 0.301132 0.106564 0.004019 0.395577
4 4 0.183561 0.124527 0.030288 0.005901 0.655723
4 4 0.087715 0.333272 0.178758 0.003537 0.396718
4 4 0.087120 0.310339 0.148037 0.001978 0.452526
4 4 0.065036 0.240473 0.132248 0.005527 0.556715
4 4 0.114748 0.256554 0.103153 0.003240 0.522305
1 4 0.025782 0.386738 0.346493 0.000745 0.240242
1 4 0.031123 0.425898 0.384371 0.000845 0.157763
1 1 0.102195 0.421552 0.221112 0.001692 0.253448
1 1 0.075200 0.434666 0.259531 0.001204 0.229399
2 1 0.026174 0.404713 0.505173 0.001094 0.062846
2 1 0.013384 0.287596 0.664458 0.001314 0.033248
2 1 0.012080 0.242419 0.707126 0.000943 0.037432
2 1 0.015003 0.279596 0.674328 0.001823 0.029250
2 1 0.021450 0.256442 0.698276 0.001986 0.021846
2 1 0.014768 0.323220 0.621396 0.002349 0.038268
2 1 0.011367 0.249199 0.704022 0.009500 0.025912
2 2 0.006903 0.130630 0.847842 0.003161 0.011464
2 2 0.001745 0.036427 0.953187 0.005211 0.003431
2 2 0.002502 0.061567 0.919204 0.013161 0.003568
2 2 0.000709 0.014883 0.970276 0.012567 0.001566
2 2 0.006995 0.157864 0.813917 0.007535 0.013690
2 2 0.000196 0.004146 0.983436 0.011784 0.000438
2 2 0.001162 0.011794 0.982590 0.003252 0.001202
2 2 0.000166 0.002907 0.991164 0.005480 0.000283
2 3 0.000130 0.001669 0.983574 0.014452 0.000176
2 3 0.000207 0.001779 0.935673 0.062160 0.000180
2 3 0.000386 0.003623 0.919521 0.076072 0.000398
2 3 0.001517 0.011138 0.945467 0.040651 0.001226
2 3 0.000314 0.003936 0.947202 0.048126 0.000423
2 3 0.007436 0.036674 0.887396 0.062070 0.006424
2 3 0.000283 0.002831 0.943301 0.053271 0.000314
2 3 0.000485 0.004078 0.841388 0.153422 0.000626
2 3 0.000352 0.002594 0.935816 0.060889 0.000349
2 3 0.000481 0.002898 0.715159 0.280787 0.000676
3 3 0.000151 0.000946 0.432592 0.566005 0.000306
3 3 0.000202 0.000912 0.375856 0.622647 0.000383
2 3 0.000195 0.001295 0.584100 0.414077 0.000333
3 3 0.000234 0.001213 0.364682 0.633378 0.000493
3 3 0.000066 0.000565 0.364286 0.634915 0.000166
3 3 0.000468 0.001747 0.278857 0.718060 0.000867
3 3 0.000124 0.000616 0.198904 0.800098 0.000259
3 3 0.000161 0.000986 0.285259 0.713181 0.000414
3 3 0.000154 0.000954 0.282569 0.715923 0.000399
3 3 0.000151 0.001068 0.251495 0.746865 0.000421
3 3 0.000890 0.001485 0.147123 0.849637 0.000865
3 3 0.000649 0.000623 0.072171 0.926170 0.000387
3 3 0.001082 0.001004 0.087204 0.910057 0.000652
3 3 0.000532 0.001099 0.103690 0.894110 0.000569
3 3 0.000206 0.000387 0.068745 0.930472 0.000191
3 3 0.000579 0.001072 0.104583 0.893192 0.000574
3 3 0.000900 0.000777 0.060192 0.937639 0.000492
3 3 0.000294 0.000419 0.057091 0.941974 0.000222
3 3 0.000588 0.000963 0.114077 0.883832 0.000540
3 3 0.000556 0.000576 0.047191 0.951345 0.000332
3 3 0.000418 0.000635 0.065218 0.933391 0.000338
3 3 0.000813 0.000821 0.085761 0.912089 0.000516
3 3 0.000788 0.000779 0.055849 0.942116 0.000468
3 3 0.000871 0.000901 0.070203 0.927473 0.000551
3 3 0.000280 0.000349 0.035100 0.964089 0.000182
3 3 0.000253 0.000363 0.043501 0.955697 0.000185
3 3 0.000343 0.000376 0.051355 0.947714 0.000212
3 3 0.001080 0.000962 0.061890 0.935459 0.000608
3 3 0.000502 0.000440 0.034928 0.963872 0.000257
3 3 0.000309 0.000746 0.100054 0.898528 0.000362
3 3 0.000271 0.000369 0.057450 0.941713 0.000197
3 3 0.000439 0.000434 0.034578 0.964306 0.000244
3 3 0.000299 0.000394 0.047792 0.951305 0.000209
3 3 0.000635 0.000507 0.036158 0.962392 0.000307
3 3 0.000626 0.000715 0.058286 0.939962 0.000412
3 3 0.002212 0.000823 0.036228 0.960095 0.000642
3 3 0.001387 0.000781 0.028950 0.968360 0.000522
3 3 0.000775 0.000475 0.021305 0.977149 0.000295
3 3 0.001276 0.000734 0.028739 0.968766 0.000486
3 3 0.000655 0.000475 0.030481 0.968098 0.000291
3 3 0.001089 0.000533 0.019212 0.978814 0.000352
3 3 0.001574 0.000732 0.023995 0.973191 0.000508
3 3 0.000862 0.000716 0.030946 0.967051 0.000426
3 3 0.000919 0.000687 0.043954 0.954002 0.000438
3 3 0.000293 0.000174 0.012094 0.987340 0.000100
3 3 0.001457 0.000761 0.023167 0.974107 0.000508
3 3 0.001001 0.000554 0.021906 0.976181 0.000358
3 3 0.000773 0.000500 0.029696 0.968714 0.000317
3 3 0.000248 0.000216 0.011161 0.988265 0.000110
3 3 0.001554 0.000764 0.025271 0.971888 0.000524
3 3 0.001167 0.000685 0.022687 0.975022 0.000439
3 3 0.000253 0.000191 0.011243 0.988212 0.000101
3 3 0.000796 0.000385 0.015313 0.983259 0.000247
3 3 0.000954 0.000563 0.024053 0.974070 0.000360
3 3 0.001091 0.000739 0.024960 0.972753 0.000458
3 3 0.000775 0.000382 0.015099 0.983501 0.000243
3 3 0.000859 0.000516 0.018908 0.979398 0.000319
3 3 0.001025 0.000458 0.013360 0.984858 0.000299
3 3 0.001065 0.000584 0.019334 0.978643 0.000374
3 3 0.000452 0.000204 0.012704 0.986511 0.000129
3 3 0.001158 0.000653 0.022569 0.975197 0.000423
3 3 0.001104 0.000660 0.025399 0.972413 0.000425
3 3 0.000696 0.000388 0.015039 0.983640 0.000238
3 3 0.000603 0.000359 0.014508 0.984315 0.000214
3 3 0.001781 0.000796 0.024108 0.972755 0.000561
3 3 0.000538 0.000266 0.009386 0.989650 0.000160
3 3 0.001870 0.000773 0.025371 0.971425 0.000561
3 3 0.001525 0.000442 0.014624 0.983076 0.000333
3 3 0.002474 0.000759 0.019771 0.976407 0.000588
3 3 0.001223 0.000456 0.014782 0.983222 0.000318
3 3 0.001065 0.000496 0.018357 0.979752 0.000331
3 3 0.001701 0.000552 0.015633 0.981708 0.000406
3 3 0.001270 0.000533 0.015274 0.982562 0.000361
3 3 0.001972 0.000605 0.018509 0.978452 0.000462
3 3 0.001340 0.000508 0.015078 0.982720 0.000354
3 3 0.001431 0.000433 0.012670 0.985150 0.000316
3 3 0.000703 0.000346 0.013922 0.984812 0.000218
3 3 0.002736 0.000841 0.023835 0.971922 0.000666
3 3 0.000693 0.000310 0.014188 0.984608 0.000201
3 3 0.001326 0.000347 0.011654 0.986412 0.000262
3 3 0.014587 0.003592 0.053676 0.924674 0.003472
3 3 0.060876 0.087468 0.378894 0.422870 0.049892
3 2 0.006876 0.041488 0.434730 0.499444 0.017462
3 2 0.005268 0.036575 0.448690 0.495539 0.013928
2 2 0.003241 0.027350 0.546149 0.415264 0.007996
2 2 0.011182 0.078243 0.673454 0.216815 0.020306
2 2 0.074717 0.167291 0.518447 0.178852 0.060694
2 1 0.100388 0.370825 0.377486 0.057010 0.094290
0 1 0.532681 0.219567 0.124071 0.035759 0.087922
2 0 0.290019 0.150329 0.297386 0.176287 0.085978
2 1 0.042129 0.384441 0.409599 0.078468 0.085362
2 1 0.043327 0.329968 0.454410 0.091738 0.080558
0 0 0.455097 0.229843 0.135087 0.066456 0.113517
1 1 0.315909 0.327767 0.212551 0.036386 0.107387
2 1 0.030820 0.404217 0.457516 0.047380 0.060068
2 1 0.005900 0.094974 0.883122 0.007689 0.008315
2 2 0.002266 0.040863 0.936992 0.015494 0.004385
2 2 0.001611 0.018873 0.963700 0.013932 0.001884
2 2 0.002126 0.012937 0.934071 0.048781 0.002085
2 2 0.001752 0.039527 0.945541 0.008350 0.004830
2 2 0.013016 0.244127 0.712064 0.014479 0.016314
2 2 0.007570 0.237506 0.718498 0.005546 0.030879
2 2 0.007311 0.080263 0.898418 0.002192 0.011816
2 2 0.010141 0.355012 0.577086 0.001239 0.056523
2 2 0.013927 0.313233 0.629417 0.003645 0.039777
2 2 0.003927 0.097775 0.882206 0.002066 0.014027
2 2 0.010851 0.281586 0.665976 0.002723 0.038863
2 2 0.009504 0.229752 0.723627 0.007211 0.029907
2 2 0.009246 0.191560 0.766342 0.007020 0.025832
2 2 0.007345 0.124252 0.840810 0.002678 0.024915
2 2 0.009863 0.177412 0.791508 0.004904 0.016313
2 2 0.002829 0.074729 0.902748 0.003780 0.015914
2 2 0.004835 0.038467 0.937441 0.015983 0.003274
2 2 0.002721 0.027419 0.961493 0.005108 0.003258
2 2 0.005940 0.058474 0.922666 0.002677 0.010244
2 2 0.009624 0.100092 0.868332 0.005428 0.016525
2 2 0.016902 0.341949 0.578477 0.003572 0.059100
2 2 0.015300 0.187347 0.756186 0.002058 0.039109
2 2 0.015070 0.381175 0.561723 0.006614 0.035418
2 2 0.013003 0.307623 0.636555 0.003180 0.039638
2 2 0.017287 0.216092 0.728340 0.003140 0.035140
2 2 0.018457 0.346245 0.574846 0.002807 0.057645
2 2 0.055824 0.420279 0.456273 0.002908 0.064715
0 0 0.701129 0.143101 0.076914 0.022220 0.056636
2 1 0.025594 0.442301 0.496982 0.002904 0.032219
2 1 0.004634 0.111976 0.852815 0.023827 0.006748
2 2 0.000671 0.005781 0.985340 0.007665 0.000543
2 2 0.007513 0.075809 0.910111 0.002607 0.003959
2 2 0.001423 0.011922 0.973702 0.012140 0.000813
2 2 0.023890 0.206952 0.760283 0.000878 0.007997
2 2 0.010056 0.079023 0.905235 0.002019 0.003667
2 2 0.004843 0.026236 0.954375 0.012130 0.002417
2 2 0.010387 0.103512 0.869319 0.009480 0.007302
2 2 0.006135 0.053359 0.936458 0.001862 0.002187
2 2 0.002777 0.031967 0.954591 0.008865 0.001799
2 2 0.004016 0.024622 0.968020 0.001995 0.001348
2 2 0.004255 0.058013 0.929099 0.004468 0.004164
2 2 0.016038 0.097474 0.876975 0.003258 0.006255
2 2 0.010824 0.097381 0.870059 0.013603 0.008133
2 2 0.001608 0.011167 0.983742 0.002865 0.000619
2 2 0.016784 0.095875 0.878986 0.002522 0.005833
2 2 0.009086 0.120586 0.857402 0.006404 0.006522
2 2 0.012112 0.176419 0.801034 0.002975 0.007460
2 2 0.003394 0.074002 0.916424 0.003765 0.002416
2 2 0.001041 0.008933 0.985143 0.004360 0.000523
2 2 0.020987 0.162316 0.808395 0.001209 0.007092
2 2 0.011732 0.135065 0.836134 0.008315 0.008754
2 2 0.005324 0.030745 0.949719 0.011486 0.002726
2 2 0.047214 0.350531 0.577186 0.002136 0.022934
2 2 0.013858 0.271078 0.697552 0.004711 0.012801
0 0 0.359981 0.267612 0.306810 0.014393 0.051203
1 0 0.148186 0.453067 0.332518 0.006446 0.059782
2 0 0.013065 0.297111 0.658175 0.004092 0.027556
2 1 0.005045 0.063700 0.920363 0.003595 0.007298
2 1 0.004890 0.029797 0.960567 0.001762 0.002984
2 2 0.006499 0.099613 0.882788 0.000972 0.010128
2 2 0.040746 0.375789 0.562411 0.001456 0.019598
2 2 0.015404 0.064112 0.906336 0.003952 0.010197
2 2 0.019414 0.370067 0.581262 0.001618 0.027639
2 2 0.023700 0.442294 0.497511 0.002037 0.034459
2 2 0.007062 0.062125 0.920562 0.002711 0.007540
2 2 0.012899 0.070602 0.906903 0.002979 0.006617
2 2 0.029042 0.296441 0.663897 0.000597 0.010024
2 2 0.030784 0.461331 0.491171 0.000747 0.015967
2 2 0.023699 0.236982 0.722293 0.003386 0.013640
2 2 0.013629 0.202387 0.774986 0.001736 0.007263
2 2 0.012071 0.108651 0.873386 0.001487 0.004405
2 2 0.003739 0.020582 0.969723 0.004622 0.001335
1 2 0.073951 0.474183 0.418592 0.001836 0.031437
2 2 0.030730 0.457689 0.491899 0.001187 0.018495
2 2 0.009733 0.197893 0.780146 0.004222 0.008006
2 2 0.028893 0.359845 0.596082 0.001081 0.014099
2 2 0.003856 0.026741 0.962230 0.004199 0.002974
2 2 0.004415 0.027007 0.963915 0.001885 0.002777
2 2 0.024075 0.371652 0.586003 0.002063 0.016207
1 2 0.044629 0.476394 0.456950 0.000836 0.021190
2 2 0.036880 0.466250 0.475208 0.001127 0.020534
2 2 0.032218 0.460471 0.487580 0.001101 0.018630
2 2 0.029374 0.355054 0.594233 0.002559 0.018780
1 2 0.092472 0.495283 0.368939 0.002614 0.040692
0 0 0.402680 0.401037 0.136949 0.004371 0.054963
1 0 0.101619 0.497249 0.355872 0.002791 0.042469
2 0 0.039778 0.465275 0.468070 0.001801 0.025077
2 1 0.035268 0.462002 0.472046 0.001577 0.029107
1 1 0.041307 0.467558 0.464498 0.001647 0.024990
1 1 0.179082 0.474467 0.270556 0.006899 0.068995
0 1 0.622370 0.248433 0.058675 0.007790 0.062732
1 1 0.361295 0.409525 0.154340 0.006713 0.068128
1 1 0.380869 0.396241 0.144622 0.007392 0.070876
1 1 0.338188 0.417681 0.165289 0.007354 0.071487
1 1 0.114239 0.473863 0.338324 0.006964 0.066610
0 1 0.439426 0.362950 0.119308 0.007691 0.070626
1 1 0.364033 0.412369 0.153617 0.005902 0.064080
0 0 0.987074 0.004711 0.000150 0.001839 0.006225
0 0 0.988361 0.002347 0.000059 0.003126 0.006108
0 0 0.987972 0.001450 0.000031 0.004515 0.006032
0 0 0.982636 0.004045 0.000130 0.004267 0.008923
0 0 0.984961 0.002877 0.000080 0.004295 0.007787
0 0 0.988001 0.003091 0.000085 0.002596 0.006228
0 0 0.985485 0.001916 0.000043 0.003469 0.009088
0 0 0.986317 0.002547 0.000067 0.003958 0.007111
0 0 0.982629 0.004967 0.000171 0.003476 0.008756
0 0 0.988188 0.002773 0.000073 0.002789 0.006176
0 0 0.966405 0.014452 0.000786 0.003744 0.014613
0 0 0.784019 0.143238 0.023357 0.005706 0.043681
0 0 0.734367 0.171990 0.032021 0.007590 0.054032
0 0 0.693915 0.203534 0.040912 0.006245 0.055393
0 0 0.657888 0.215176 0.046208 0.008459 0.072269
0 0 0.600100 0.266132 0.065352 0.007086 0.061330
0 0 0.610188 0.260307 0.062657 0.006879 0.059969
0 0 0.458571 0.342742 0.104900 0.007375 0.086413
0 0 0.462504 0.339408 0.103638 0.007758 0.086692
1 1 0.366616 0.398053 0.142835 0.006365 0.086132
0 1 0.511926 0.326889 0.093594 0.006177 0.061415
1 1 0.253358 0.425974 0.181533 0.006374 0.132761
1 1 0.067551 0.434888 0.325946 0.003664 0.167951
1 1 0.049629 0.442967 0.378684 0.002403 0.126316
1 1 0.044476 0.420562 0.356425 0.002266 0.176272
1 1 0.065852 0.442914 0.301473 0.001619 0.188142
1 1 0.069488 0.448838 0.326825 0.002724 0.152124
1 1 0.050067 0.451117 0.389556 0.002235 0.107025
1 1 0.086004 0.463222 0.320241 0.003220 0.127312
0 0 0.870476 0.077131 0.009328 0.006512 0.036554
1 0 0.264168 0.384380 0.251230 0.015337 0.084885
0 0 0.892247 0.057844 0.006072 0.006667 0.037169
0 0 0.625309 0.230774 0.054796 0.012352 0.076769
0 0 0.964002 0.010679 0.000544 0.007348 0.017427
0 0 0.934082 0.017465 0.001184 0.015916 0.031354
0 0 0.920725 0.018662 0.001332 0.020655 0.038626
0 0 0.411033 0.370864 0.129509 0.009562 0.079031
0 0 0.800656 0.110715 0.016282 0.008975 0.063372
0 0 0.757448 0.129478 0.022596 0.017368 0.073111
1 0 0.373174 0.407499 0.149274 0.005940 0.064113
1 0 0.204947 0.475935 0.249986 0.005689 0.063443
1 0 0.136381 0.458977 0.274901 0.006154 0.123587
1 0 0.089511 0.410114 0.262197 0.004859 0.233319
1 0 0.082539 0.410500 0.261923 0.003602 0.241436
1 0 0.053873 0.434013 0.353344 0.002813 0.155957
1 0 0.106023 0.427352 0.265693 0.005656 0.195275
1 0 0.076749 0.370383 0.234551 0.004468 0.313849
1 0 0.261876 0.315558 0.104646 0.005559 0.312361
1 0 0.122320 0.396232 0.223274 0.007112 0.251061
1 0 0.128849 0.400182 0.201198 0.003636 0.266135
0 0 0.359959 0.296936 0.086485 0.007162 0.249457
1 0 0.177783 0.382371 0.173485 0.006411 0.259949
1 0 0.028100 0.360878 0.311199 0.001144 0.298679
4 0 0.073271 0.308067 0.180329 0.004921 0.433412
1 0 0.037183 0.372696 0.310401 0.002133 0.277586
4 0 0.078928 0.206673 0.094459 0.005052 0.614889
4 0 0.068164 0.127607 0.052324 0.007797 0.744108
4 0 0.082003 0.171747 0.074042 0.007518 0.664691
1 0 0.031006 0.351223 0.295491 0.001587 0.320694
4 0 0.037064 0.331938 0.243366 0.001506 0.386126
4 0 0.040392 0.274881 0.182688 0.002279 0.499760
1 0 0.031457 0.363021 0.307942 0.001502 0.296078
4 0 0.052107 0.296343 0.182239 0.002403 0.466908
1 0 0.044093 0.399277 0.331633 0.002662 0.222335
4 0 0.039201 0.308761 0.240927 0.004009 0.407102
4 0 0.023152 0.245559 0.196352 0.001795 0.533142
4 0 0.026026 0.248591 0.195682 0.002351 0.527350
4 0 0.030400 0.291014 0.232712 0.002427 0.443446
4 0 0.035524 0.326444 0.262857 0.002719 0.372456
1 0 0.030059 0.343376 0.288323 0.001558 0.336684
4 0 0.041442 0.339748 0.270069 0.003626 0.345116
4 1 0.034375 0.228767 0.164282 0.004673 0.567903
1 1 0.028143 0.391998 0.347911 0.000894 0.231054
1 1 0.025495 0.402132 0.366535 0.000635 0.205203
1 1 0.035062 0.420881 0.371045 0.001225 0.171786
4 0 0.264659 0.249618 0.087232 0.022371 0.376120
1 0 0.028924 0.411235 0.370493 0.000813 0.188535
1 1 0.027204 0.371969 0.325754 0.000964 0.274108
1 1 0.040139 0.420728 0.362647 0.001739 0.174746
1 1 0.069895 0.462371 0.341502 0.002415 0.123817
1 1 0.022780 0.377545 0.342252 0.000583 0.256839
1 1 0.026895 0.416062 0.386788 0.000841 0.169413
2 1 0.014906 0.421462 0.521770 0.001748 0.040114
2 1 0.023851 0.381164 0.568656 0.002678 0.023652
2 1 0.026964 0.456080 0.475830 0.000834 0.040292
2 2 0.031266 0.447653 0.494219 0.002708 0.024154
2 2 0.012121 0.327268 0.635372 0.003315 0.021923
2 2 0.005887 0.186371 0.784255 0.006093 0.017393
2 2 0.006775 0.082950 0.898892 0.001602 0.009781
2 2 0.002425 0.016510 0.978500 0.000773 0.001792
2 2 0.001686 0.017256 0.977435 0.000895 0.002727
2 2 0.003964 0.032782 0.957084 0.000421 0.005748
2 2 0.045868 0.157083 0.782335 0.003121 0.011593
1 1 0.051560 0.477458 0.442753 0.001310 0.026918
1 1 0.161639 0.510360 0.286591 0.002155 0.039255
2 1 0.027183 0.285464 0.673985 0.001273 0.012094
0 0 0.713725 0.175292 0.041975 0.010396 0.058612
1 1 0.044603 0.476387 0.457006 0.000835 0.021169
2 1 0.020086 0.439564 0.513795 0.000712 0.025843
2 2 0.018719 0.322157 0.639467 0.003963 0.015693
2 2 0.005851 0.032331 0.957155 0.002723 0.001940
2 2 0.001183 0.010442 0.983897 0.003790 0.000687
2 2 0.002863 0.015595 0.978955 0.000863 0.001724
2 2 0.013285 0.084478 0.895490 0.000932 0.005816
2 2 0.003273 0.018595 0.974697 0.001602 0.001833
2 2 0.001575 0.017579 0.978099 0.001267 0.001480
2 2 0.017894 0.109405 0.865027 0.001817 0.005857
1 0 0.211585 0.501930 0.244555 0.002141 0.039790
1 0 0.156318 0.518249 0.290186 0.001577 0.033670
1 0 0.173668 0.505892 0.276009 0.002450 0.041982
2 1 0.026411 0.453282 0.497522 0.001010 0.021775
2 1 0.010247 0.074342 0.903056 0.003346 0.009010
2 2 0.002146 0.018913 0.976660 0.000619 0.001661
2 2 0.001133 0.009003 0.988756 0.000353 0.000754
2 2 0.000350 0.004211 0.992869 0.002371 0.000198
2 2 0.005385 0.056225 0.932038 0.000232 0.006119
2 2 0.000600 0.007508 0.987637 0.003843 0.000412
2 2 0.029416 0.336976 0.617402 0.001412 0.014793
2 2 0.010535 0.041186 0.942870 0.002585 0.002823
2 2 0.049265 0.450535 0.477629 0.001104 0.021468
1 2 0.059337 0.490534 0.423469 0.001126 0.025533
2 2 0.011292 0.338735 0.636137 0.000447 0.013389
2 2 0.002793 0.028652 0.965412 0.000586 0.002556
2 2 0.005704 0.037131 0.952745 0.002301 0.002119
1 0 0.048313 0.483277 0.446606 0.000801 0.021003
1 0 0.087220 0.519275 0.369401 0.000836 0.023269
2 1 0.009048 0.129098 0.853644 0.000302 0.007909
2 2 0.002613 0.036176 0.954668 0.003104 0.003440
2 2 0.024029 0.219091 0.746827 0.001095 0.008959
2 2 0.024638 0.371026 0.593131 0.000564 0.010642
2 2 0.019702 0.343527 0.627176 0.000593 0.009002
2 2 0.000992 0.026967 0.966059 0.005193 0.000789
2 2 0.003173 0.033278 0.960270 0.000425 0.002853
2 2 0.006424 0.079834 0.907883 0.000970 0.004889
2 2 0.004461 0.028580 0.963849 0.001819 0.001291
2 2 0.001741 0.018312 0.977154 0.001894 0.000899
2 2 0.004086 0.042079 0.946099 0.005531 0.002205
2 2 0.006070 0.072896 0.915386 0.001455 0.004193
2 2 0.002655 0.032975 0.961150 0.001151 0.002069
2 2 0.003661 0.060881 0.915388 0.016392 0.003678
2 2 0.001492 0.014392 0.981011 0.002355 0.000749
2 2 0.001591 0.011183 0.980943 0.005359 0.000924
2 2 0.000947 0.010050 0.951162 0.036972 0.000868
2 2 0.001252 0.013011 0.898644 0.085530 0.001563
2 2 0.000870 0.006512 0.776050 0.215295 0.001273
2 2 0.000304 0.003768 0.923283 0.072294 0.000351
2 2 0.000486 0.008385 0.889181 0.101161 0.000788
2 2 0.004236 0.038212 0.861389 0.090595 0.005568
2 2 0.000432 0.002632 0.729365 0.266979 0.000591
2 2 0.000370 0.002827 0.561834 0.434233 0.000737
2 2 0.002941 0.042431 0.820723 0.128364 0.005542
2 2 0.000653 0.004076 0.504139 0.489807 0.001324
2 2 0.000499 0.005578 0.819593 0.173537 0.000793
2 3 0.002014 0.011507 0.711025 0.272415 0.003039
3 3 0.000143 0.002021 0.362018 0.635318 0.000500
3 3 0.000404 0.003396 0.455581 0.539621 0.000997
3 3 0.000542 0.003399 0.307021 0.687555 0.001484
3 3 0.000422 0.003240 0.449557 0.545777 0.001004
3 3 0.000255 0.002067 0.344142 0.652825 0.000711
3 3 0.000668 0.004113 0.378450 0.615140 0.001630
3 3 0.000302 0.002054 0.289852 0.706938 0.000854
3 3 0.000851 0.003360 0.301416 0.692684 0.001690
3 3 0.000269 0.001142 0.212176 0.785896 0.000517
3 3 0.000649 0.003451 0.323514 0.670785 0.001601
3 3 0.000066 0.000548 0.277450 0.721747 0.000189
3 3 0.000190 0.000877 0.223190 0.775355 0.000387
3 3 0.000385 0.001210 0.147488 0.850342 0.000575
3 3 0.000240 0.001657 0.284477 0.712945 0.000680
3 3 0.000147 0.000802 0.175156 0.823571 0.000324
3 3 0.000137 0.000666 0.185486 0.813432 0.000280
3 3 0.000472 0.001704 0.187900 0.809117 0.000807
3 3 0.000495 0.000891 0.101282 0.896854 0.000478
3 3 0.001108 0.001746 0.088395 0.907773 0.000978
3 3 0.001515 0.001789 0.075224 0.920395 0.001077
3 3 0.000986 0.001151 0.065355 0.931832 0.000676
3 3 0.001010 0.000939 0.048820 0.948661 0.000570
3 3 0.002264 0.001611 0.060479 0.934540 0.001106
3 3 0.002105 0.003073 0.089422 0.903607 0.001793
3 3 0.001092 0.000608 0.032629 0.965262 0.000410
3 3 0.001138 0.000654 0.027840 0.969938 0.000430
3 3 0.001420 0.000954 0.040635 0.956361 0.000629
3 3 0.001625 0.000696 0.023128 0.974058 0.000493
3 3 0.001899 0.000876 0.028793 0.967808 0.000624
3 3 0.001260 0.000831 0.030844 0.966531 0.000533
3 3 0.001840 0.001365 0.042344 0.953565 0.000885
3 3 0.001053 0.000758 0.030383 0.967335 0.000471
3 3 0.003706 0.002058 0.043882 0.948869 0.001484
3 3 0.003139 0.001455 0.036787 0.957541 0.001078
3 3 0.000525 0.000367 0.022822 0.976067 0.000219
3 3 0.002416 0.001483 0.031214 0.963896 0.000990
3 3 0.001408 0.000786 0.024990 0.972297 0.000518
3 3 0.000837 0.000423 0.016259 0.982210 0.000271
3 3 0.000610 0.000411 0.020148 0.978585 0.000246
3 3 0.001204 0.000643 0.020194 0.977541 0.000418
3 3 0.000915 0.000453 0.015720 0.982620 0.000291
3 3 0.000661 0.000361 0.016589 0.982165 0.000225
3 3 0.000571 0.000425 0.015814 0.982950 0.000240
3 3 0.000861 0.000546 0.021498 0.976757 0.000337
3 3 0.002397 0.001251 0.032268 0.963207 0.000877
3 3 0.000793 0.000349 0.013565 0.985065 0.000227
3 3 0.001037 0.000692 0.023936 0.973906 0.000428
3 3 0.000745 0.000682 0.027884 0.970301 0.000388
3 3 0.001231 0.000806 0.028777 0.968672 0.000514
3 3 0.001597 0.000904 0.036643 0.960236 0.000621
3 3 0.002537 0.001127 0.026245 0.969280 0.000811
3 3 0.000391 0.000294 0.020297 0.978849 0.000168
3 3 0.001325 0.000785 0.030012 0.967360 0.000518
3 3 0.000835 0.000368 0.014861 0.983695 0.000242
3 3 0.001545 0.000970 0.033519 0.963326 0.000640
3 3 0.001585 0.000754 0.023636 0.973507 0.000519
3 3 0.001044 0.000661 0.034041 0.963822 0.000431
3 3 0.001752 0.000966 0.033330 0.963289 0.000663
3 3 0.000714 0.000354 0.015058 0.983649 0.000225
3 3 0.001071 0.000500 0.019058 0.979036 0.000335
3 3 0.001469 0.000728 0.023536 0.973773 0.000494
3 3 0.000760 0.000412 0.017424 0.981144 0.000259
3 3 0.001879 0.000976 0.026808 0.969670 0.000667
3 3 0.004032 0.001476 0.038855 0.954452 0.001185
2 1 0.136071 0.148167 0.538309 0.122514 0.054939
2 1 0.010901 0.167928 0.583701 0.205969 0.031502
2 1 0.006781 0.092947 0.586976 0.293394 0.019902
2 1 0.007708 0.100327 0.571940 0.297474 0.022551
2 1 0.008351 0.061229 0.471060 0.437211 0.022149
2 2 0.005540 0.036500 0.761967 0.187615 0.008378
2 2 0.001187 0.017603 0.728639 0.249800 0.002770
2 2 0.004590 0.047222 0.681618 0.256479 0.010092
2 2 0.001097 0.008872 0.669950 0.318025 0.002056
2 2 0.012928 0.086858 0.757882 0.123922 0.018411
2 2 0.028027 0.261747 0.647000 0.029607 0.033620
2 2 0.030372 0.313426 0.569243 0.041448 0.045512
2 2 0.028968 0.312473 0.539184 0.066471 0.052904
2 2 0.024900 0.284057 0.582944 0.063804 0.044295
2 2 0.025900 0.434957 0.486964 0.005451 0.046728
1 2 0.050600 0.430487 0.361283 0.002869 0.154761
2 2 0.019606 0.416935 0.492675 0.000967 0.069818
2 2 0.016863 0.390860 0.529689 0.000711 0.061878
2 2 0.013891 0.353598 0.571393 0.000990 0.060127
1 2 0.028391 0.454252 0.444850 0.000636 0.071871
1 2 0.026462 0.437790 0.430536 0.000980 0.104231
2 2 0.018905 0.426753 0.461273 0.001041 0.092028
4 1 0.037237 0.299712 0.233874 0.003783 0.425393
1 1 0.083147 0.452026 0.358349 0.007367 0.099111
1 1 0.029833 0.439562 0.407649 0.000662 0.122294
1 1 0.037151 0.435996 0.387527 0.001226 0.138100
1 1 0.024513 0.413871 0.400152 0.001108 0.160356
1 1 0.029843 0.388771 0.340658 0.001068 0.239660
1 1 0.025945 0.428628 0.424350 0.001412 0.119665
1 1 0.035026 0.416991 0.402400 0.002125 0.143458
2 1 0.014281 0.378137 0.437914 0.001158 0.168510
1 1 0.033194 0.443309 0.405708 0.000840 0.116949
1 1 0.023581 0.402391 0.382061 0.000892 0.191075
1 1 0.028350 0.412294 0.373125 0.000764 0.185467
1 1 0.026600 0.418504 0.396534 0.001049 0.157313
1 1 0.025806 0.409275 0.375093 0.000615 0.189211
1 1 0.032258 0.409719 0.361887 0.001093 0.195043
1 1 0.022719 0.411067 0.404409 0.001079 0.160727
1 1 0.036551 0.435370 0.387728 0.001183 0.139167
1 1 0.042541 0.403562 0.339646 0.002503 0.211748
1 1 0.034418 0.434743 0.400847 0.001617 0.128375
1 1 0.029247 0.405019 0.361854 0.000884 0.202995
0 0 0.462634 0.356059 0.111307 0.006304 0.063695
1 1 0.066275 0.477900 0.390125 0.002343 0.063358
2 1 0.020836 0.441601 0.512398 0.001128 0.024036
1 1 0.048054 0.477117 0.449830 0.001052 0.023947
1 1 0.045123 0.476524 0.455909 0.000865 0.021579
2 1 0.025208 0.385197 0.572604 0.001523 0.015468
2 1 0.038609 0.470370 0.470729 0.000862 0.019430
1 1 0.040856 0.475103 0.465082 0.000637 0.018321
2 1 0.032569 0.463152 0.483964 0.000890 0.019425
2 1 0.034400 0.463390 0.481622 0.001105 0.019483
1 1 0.040899 0.475121 0.464987 0.000639 0.018353
2 1 0.021782 0.329765 0.636528 0.000990 0.010935
2 1 0.041697 0.458655 0.480133 0.000732 0.018783
1 1 0.134867 0.506445 0.314447 0.002526 0.041715
1 1 0.056161 0.477351 0.433727 0.001715 0.031046
2 1 0.029878 0.419023 0.519673 0.002275 0.029151
2 1 0.035591 0.378361 0.560396 0.002835 0.022816
1 1 0.050308 0.473735 0.444968 0.001781 0.029208
2 1 0.021537 0.392999 0.561639 0.003968 0.019856
2 1 0.029405 0.447634 0.495704 0.003031 0.024226
2 1 0.021029 0.393712 0.562969 0.003493 0.018797
2 1 0.005459 0.065432 0.924428 0.001819 0.002862
2 2 0.012696 0.108701 0.871793 0.001338 0.005472
2 2 0.034403 0.388979 0.554618 0.001919 0.020081
2 2 0.034327 0.459143 0.481943 0.001811 0.022778
2 2 0.024985 0.329457 0.630066 0.001614 0.013877
2 2 0.018007 0.261664 0.706672 0.002428 0.011229
2 2 0.013775 0.140474 0.838021 0.001823 0.005907
2 2 0.001479 0.014158 0.975992 0.007592 0.000779
2 2 0.003923 0.025615 0.967092 0.001643 0.001727
2 2 0.008433 0.052231 0.931027 0.004799 0.003510
2 2 0.016260 0.188727 0.789238 0.000550 0.005226
2 2 0.012231 0.055325 0.926505 0.001745 0.004194
1 2 0.062907 0.476167 0.420889 0.002463 0.037574
1 2 0.060874 0.476646 0.424717 0.002217 0.035547
1 0 0.114206 0.501965 0.339007 0.002673 0.042149
1 0 0.058236 0.477112 0.429734 0.001925 0.032994
1 1 0.064997 0.475570 0.416984 0.002737 0.039711
2 1 0.038430 0.430324 0.494663 0.004771 0.031813
1 1 0.065281 0.478663 0.415979 0.002445 0.037632
1 1 0.125178 0.497110 0.326204 0.003444 0.048064
1 1 0.069576 0.471691 0.398950 0.003547 0.056236
2 2 0.017118 0.269338 0.676534 0.008473 0.028537
1 2 0.058036 0.477140 0.430117 0.001904 0.032803
1 2 0.041159 0.464621 0.464579 0.002219 0.027421
1 2 0.190842 0.492825 0.261960 0.003595 0.050779
1 2 0.064479 0.475728 0.417950 0.002667 0.039176
1 1 0.227628 0.481116 0.233711 0.003957 0.053588
1 1 0.049570 0.471405 0.446189 0.002145 0.030691
1 1 0.274232 0.421245 0.195404 0.013509 0.095611
0 1 0.419369 0.385744 0.129230 0.005383 0.060274
0 0 0.706493 0.122905 0.020490 0.017332 0.132780
0 0 0.966918 0.013537 0.000726 0.004243 0.014577
0 0 0.771735 0.156450 0.026235 0.004673 0.040907
0 0 0.767747 0.141726 0.023508 0.007766 0.059253
0 0 0.775265 0.141778 0.023791 0.007921 0.051245
1 0 0.380209 0.401451 0.145687 0.006398 0.066254
1 0 0.060449 0.471872 0.412442 0.002560 0.052677
1 1 0.040920 0.457728 0.413523 0.001206 0.086623
2 1 0.030296 0.442284 0.468962 0.004577 0.053881
2 1 0.018930 0.225638 0.731031 0.006139 0.018262
1 1 0.046231 0.465431 0.418289 0.001464 0.068584
1 1 0.031919 0.465737 0.450062 0.000515 0.051766
2 1 0.023336 0.456171 0.466640 0.000326 0.053527
2 1 0.013254 0.288612 0.677042 0.001783 0.019308
2 2 0.003234 0.032283 0.958456 0.002180 0.003847
2 2 0.022790 0.267556 0.678132 0.000825 0.030697
2 2 0.026871 0.301893 0.631943 0.000769 0.038525
1 2 0.031755 0.462061 0.441829 0.000557 0.063798
1 2 0.031452 0.461471 0.441405 0.000549 0.065123
1 2 0.042253 0.464082 0.422471 0.001180 0.070014
1 2 0.041960 0.471046 0.438415 0.000980 0.047599
1 1 0.031774 0.466503 0.452599 0.000497 0.048628
1 1 0.038230 0.471412 0.448415 0.000733 0.041210
1 1 0.039658 0.472938 0.449970 0.000767 0.036667
1 1 0.044550 0.473977 0.441726 0.001046 0.038701
1 1 0.157379 0.489057 0.291826 0.004712 0.057026
1 1 0.066848 0.483722 0.364028 0.001522 0.083881
1 1 0.069689 0.480177 0.363456 0.001923 0.084754
1 1 0.034786 0.453191 0.417906 0.000836 0.093281
1 1 0.029539 0.455491 0.434808 0.000516 0.079646
1 1 0.030652 0.453214 0.434879 0.000766 0.080490
1 1 0.045330 0.469641 0.423770 0.001234 0.060025
1 0 0.205998 0.482618 0.249690 0.004562 0.057133
1 1 0.036843 0.466603 0.438892 0.000765 0.056897
1 1 0.040026 0.472704 0.448073 0.000799 0.038397
1 1 0.038524 0.472419 0.451194 0.000717 0.037146
2 1 0.022508 0.448248 0.500814 0.000848 0.027582
2 1 0.023355 0.418134 0.537216 0.002402 0.018892
1 1 0.031585 0.468448 0.459416 0.000452 0.040099
1 1 0.053621 0.477485 0.438676 0.001482 0.028735
1 1 0.050058 0.472005 0.426195 0.001557 0.050184
1 1 0.144329 0.487184 0.304868 0.005059 0.058561
1 1 0.077282 0.470043 0.394420 0.004837 0.053418
1 1 0.153100 0.495286 0.296154 0.003843 0.051616
1 1 0.218621 0.477998 0.240035 0.004781 0.058565
1 1 0.065523 0.475404 0.416005 0.002810 0.040258
1 1 0.191185 0.489741 0.261683 0.003992 0.053398
1 1 0.265411 0.458834 0.207822 0.005438 0.062494
0 1 0.471311 0.358599 0.109025 0.004869 0.056196
0 1 0.760706 0.153917 0.026812 0.007372 0.051193
1 1 0.222323 0.467620 0.236396 0.006393 0.067269
1 1 0.180139 0.480322 0.270403 0.005762 0.063374
1 1 0.132053 0.490279 0.318361 0.004483 0.054824
1 1 0.280577 0.447313 0.197823 0.006469 0.067818
1 1 0.136975 0.485378 0.312614 0.005323 0.059710
1 1 0.258502 0.461608 0.212242 0.005394 0.062253
0 1 0.423197 0.386511 0.127955 0.004879 0.057459
0 0 0.924481 0.050560 0.004556 0.002257 0.018145
0 0 0.987653 0.004352 0.000134 0.001838 0.006023
0 0 0.979666 0.011687 0.000524 0.001112 0.007011
0 0 0.990601 0.002009 0.000046 0.002363 0.004980
0 0 0.972028 0.012326 0.000618 0.003080 0.011948
0 0 0.985158 0.004654 0.000152 0.002627 0.007408
0 0 0.994037 0.000711 0.000010 0.002143 0.003098
0 0 0.952826 0.027918 0.001949 0.002449 0.014859
0 0 0.731505 0.187425 0.034578 0.004324 0.042168
0 0 0.649308 0.245707 0.053876 0.004348 0.046760
0 0 0.930404 0.044514 0.003841 0.002631 0.018611
0 0 0.926741 0.047277 0.004416 0.002686 0.018880
0 0 0.892432 0.070273 0.007679 0.003565 0.026050
0 0 0.555174 0.289296 0.077677 0.008555 0.069298
1 0 0.073592 0.368239 0.245183 0.005631 0.307355
1 0 0.068259 0.385805 0.268505 0.004646 0.272786
4 0 0.083753 0.269885 0.128202 0.002949 0.515210
4 0 0.057668 0.291354 0.169332 0.002468 0.479179
4 0 0.020088 0.307410 0.266806 0.000739 0.404957
4 1 0.031691 0.339487 0.281656 0.001838 0.345328
4 1 0.059683 0.251517 0.142938 0.004312 0.541550
4 4 0.055524 0.179615 0.088257 0.004070 0.672534
4 4 0.070009 0.170050 0.087617 0.016663 0.655660
4 4 0.068452 0.080952 0.025637 0.005725 0.819235
4 4 0.035207 0.091721 0.041776 0.004939 0.826357
4 4 0.049335 0.239559 0.144678 0.004085 0.562342
4 4 0.045974 0.101803 0.042869 0.005041 0.804313
4 4 0.072535 0.183737 0.078356 0.003434 0.661939
4 4 0.034378 0.312591 0.244069 0.002351 0.406610
4 4 0.050889 0.097134 0.039350 0.006482 0.806145
4 4 0.163738 0.115825 0.031683 0.012431 0.676323
4 4 0.076053 0.303372 0.181071 0.006926 0.432578
4 4 0.142733 0.070977 0.015292 0.007152 0.763847
4 4 0.134762 0.159899 0.051635 0.006704 0.646999
4 4 0.168055 0.094910 0.023312 0.012344 0.701379
4 4 0.052367 0.228087 0.137195 0.005989 0.576363
4 4 0.085434 0.065717 0.016545 0.004733 0.827571
4 4 0.045080 0.142678 0.072702 0.005829 0.733712
4 4 0.030409 0.214667 0.159048 0.004808 0.591069
4 4 0.036416 0.090721 0.038252 0.003239 0.831373
4 4 0.106699 0.115655 0.038872 0.012707 0.726066
4 4 0.043006 0.126169 0.065700 0.009043 0.756082
4 4 0.043699 0.334350 0.262305 0.004322 0.355325
4 4 0.087203 0.283601 0.140055 0.003728 0.485412
4 4 0.105208 0.159064 0.061998 0.011562 0.662167
4 4 0.026721 0.265851 0.209893 0.002010 0.495526
4 4 0.054256 0.066308 0.020274 0.003768 0.855394
4 4 0.151551 0.064890 0.012871 0.006503 0.764184
4 4 0.053447 0.085993 0.031118 0.005098 0.824344
4 4 0.075405 0.193047 0.102990 0.017581 0.610977
4 4 0.028634 0.238201 0.182721 0.003293 0.547152
4 4 0.063685 0.064170 0.017959 0.003903 0.850282
4 4 0.041903 0.236280 0.147275 0.002987 0.571555
4 4 0.066964 0.125455 0.053293 0.010147 0.744140
4 4 0.052154 0.189275 0.094355 0.002956 0.661261
4 4 0.026223 0.060607 0.023758 0.002299 0.887113
4 4 0.030812 0.231741 0.154827 0.001729 0.580891
4 4 0.035989 0.245155 0.182636 0.005509 0.530711
4 4 0.025267 0.322879 0.273792 0.001174 0.376888
1 4 0.039467 0.371539 0.306162 0.002505 0.280326
4 4 0.108783 0.134129 0.046793 0.010566 0.699728
4 4 0.179151 0.235211 0.080365 0.006522 0.498751
4 4 0.026696 0.334980 0.284595 0.001229 0.352501
4 4 0.019999 0.318288 0.279200 0.000670 0.381844
4 1 0.026020 0.295031 0.242790 0.001581 0.434578
4 4 0.065646 0.203393 0.105907 0.007276 0.617778
4 4 0.024885 0.245946 0.194474 0.002149 0.532546
4 4 0.053280 0.323169 0.211288 0.002811 0.409451
4 4 0.034767 0.130524 0.067897 0.003602 0.763210
4 4 0.029515 0.309559 0.252948 0.001939 0.406040
4 4 0.036238 0.285019 0.220395 0.003979 0.454369
1 4 0.025946 0.354709 0.321690 0.002420 0.295235
4 4 0.025386 0.213849 0.162915 0.003069 0.594781
4 4 0.030110 0.188896 0.121015 0.002562 0.657418
1 4 0.045507 0.422961 0.358058 0.002350 0.171124
4 4 0.101682 0.136658 0.044713 0.004754 0.712193
4 4 0.030700 0.275994 0.217296 0.002818 0.473193
1 4 0.042194 0.416258 0.354184 0.002058 0.185306
4 4 0.038902 0.242859 0.154776 0.002400 0.561063
1 4 0.032257 0.342660 0.284275 0.001876 0.338932
1 4 0.053900 0.448091 0.380661 0.002798 0.114550
1 1 0.032699 0.378359 0.323427 0.001469 0.264045
1 1 0.031530 0.413986 0.368707 0.000992 0.184785
1 1 0.052037 0.406126 0.330724 0.003826 0.207287
1 1 0.033403 0.394427 0.341120 0.001362 0.229688
1 1 0.025106 0.385191 0.346117 0.000704 0.242883
1 4 0.035889 0.371901 0.311294 0.001961 0.278955
4 4 0.097144 0.301114 0.154530 0.005698 0.441515
1 4 0.027312 0.388027 0.344772 0.000855 0.239033
1 1 0.024132 0.388922 0.353053 0.000616 0.233276
1 1 0.027826 0.393559 0.350487 0.000857 0.227272
1 1 0.033655 0.420818 0.373508 0.001103 0.170917
1 0 0.235226 0.455640 0.203391 0.004475 0.101268
1 1 0.025101 0.418267 0.389015 0.000525 0.167092
1 1 0.031936 0.386217 0.333861 0.001298 0.246688
1 1 0.035698 0.425680 0.376187 0.001227 0.161208
1 1 0.025320 0.420127 0.391008 0.000528 0.163017
1 1 0.031358 0.424406 0.382759 0.000887 0.160591
1 1 0.076101 0.432553 0.279622 0.002206 0.209518
1 1 0.174728 0.396915 0.171374 0.003541 0.253442
1 1 0.059918 0.468283 0.344087 0.001262 0.126450
1 1 0.048577 0.440229 0.354890 0.001671 0.154633
1 1 0.114553 0.437792 0.246126 0.003253 0.198276
1 1 0.037952 0.436956 0.387464 0.001283 0.136344
2 1 0.024995 0.461488 0.474150 0.000326 0.039040
2 1 0.015409 0.258563 0.706810 0.001246 0.017972
2 1 0.015874 0.435022 0.515615 0.000350 0.033139
2 1 0.026197 0.462883 0.478725 0.000371 0.031823
2 1 0.024190 0.439173 0.505099 0.001763 0.029775
2 1 0.020154 0.446217 0.503817 0.000608 0.029204
2 1 0.010575 0.288614 0.674207 0.000465 0.026140
2 2 0.008061 0.282328 0.687201 0.001589 0.020821
2 2 0.008938 0.303401 0.649473 0.000599 0.037589
2 2 0.004264 0.061477 0.929391 0.001330 0.003537
2 2 0.002615 0.046042 0.946553 0.000402 0.004388
2 2 0.001132 0.016395 0.980008 0.000142 0.002323
2 2 0.002865 0.042011 0.950288 0.000502 0.004334
2 2 0.008343 0.078724 0.898000 0.000459 0.014474
2 2 0.001893 0.025983 0.968204 0.000205 0.003715
2 2 0.001244 0.013094 0.983457 0.000321 0.001884
2 2 0.002042 0.030466 0.962342 0.000517 0.004632
2 2 0.003883 0.043355 0.943079 0.000438 0.009244
2 2 0.003059 0.019693 0.972846 0.000526 0.003876
2 2 0.231592 0.312465 0.403540 0.008936 0.043467
1 1 0.083195 0.502183 0.375324 0.001623 0.037674
1 1 0.053410 0.476162 0.433037 0.001597 0.035793
2 2 0.003113 0.140059 0.839094 0.000616 0.017119
2 2 0.000460 0.006789 0.989693 0.002057 0.001001
2 2 0.002864 0.036628 0.954732 0.000316 0.005461
2 2 0.005697 0.059312 0.929659 0.000307 0.005025
2 2 0.001290 0.015640 0.979240 0.000214 0.003615
2 2 0.004600 0.035380 0.952710 0.000403 0.006906
2 2 0.002642 0.038338 0.951665 0.000972 0.006383
2 2 0.002777 0.042947 0.950210 0.000553 0.003513
2 2 0.001015 0.019700 0.976701 0.000281 0.002303
1 2 0.047961 0.477103 0.450020 0.001046 0.023870
2 2 0.004191 0.131762 0.849980 0.000241 0.013826
1 0 0.258336 0.485241 0.212459 0.002327 0.041638
2 1 0.011770 0.165215 0.806398 0.000245 0.016373
1 2 0.059602 0.501893 0.417977 0.000670 0.019859
2 2 0.005430 0.135009 0.848239 0.000442 0.010880
2 2 0.002821 0.078102 0.909797 0.000779 0.008501
2 2 0.025352 0.235227 0.725305 0.000767 0.013349
1 2 0.095556 0.506431 0.362470 0.001763 0.033780
1 2 0.047967 0.475757 0.441275 0.001193 0.033807
1 2 0.037300 0.472047 0.453443 0.000658 0.036552
2 2 0.024063 0.435290 0.499251 0.000491 0.040904
2 2 0.013747 0.210433 0.756971 0.001373 0.017476
2 2 0.007904 0.092996 0.889424 0.000241 0.009435
2 2 0.002082 0.017930 0.976648 0.000580 0.002760
2 2 0.005135 0.059769 0.928473 0.000699 0.005924
2 2 0.002954 0.024999 0.967049 0.000233 0.004765
2 2 0.001808 0.022361 0.971565 0.000686 0.003580
2 2 0.002469 0.027565 0.964890 0.001617 0.003461
2 2 0.005071 0.071045 0.909014 0.000306 0.014565
2 2 0.005214 0.067510 0.916839 0.001193 0.009244
2 2 0.019227 0.143821 0.815867 0.001235 0.019851
2 2 0.019661 0.211268 0.758431 0.001141 0.009498
1 2 0.091485 0.512340 0.366299 0.001264 0.028611
2 2 0.020372 0.393524 0.576009 0.000493 0.009603
2 2 0.006292 0.084396 0.895793 0.000687 0.012832
2 2 0.005430 0.027705 0.963864 0.001365 0.001636
1 2 0.094662 0.515772 0.360875 0.001158 0.027532
1 1 0.063601 0.503602 0.410766 0.000757 0.021273
2 1 0.028029 0.329404 0.627335 0.001337 0.013895
2 1 0.011924 0.312953 0.652825 0.002022 0.020276
2 2 0.009928 0.238782 0.738242 0.001495 0.011554
2 2 0.002453 0.055027 0.937386 0.002492 0.002642
2 2 0.002849 0.034490 0.955453 0.003913 0.003294
2 2 0.001380 0.012442 0.973620 0.011748 0.000809
2 2 0.001776 0.018282 0.976950 0.001212 0.001780
2 2 0.003452 0.023030 0.964939 0.006824 0.001755
2 2 0.000419 0.005579 0.990302 0.003301 0.000399
2 2 0.001038 0.011081 0.973924 0.013278 0.000679
2 2 0.002602 0.027870 0.960971 0.006778 0.001779
2 2 0.003654 0.027932 0.962509 0.003101 0.002804
2 2 0.001199 0.009330 0.981839 0.007090 0.000542
2 2 0.008591 0.086729 0.890484 0.004631 0.009565
2 2 0.001546 0.011778 0.930890 0.054378 0.001409
2 2 0.003088 0.020591 0.958372 0.016122 0.001827
2 2 0.003346 0.045707 0.925638 0.022014 0.003294
2 2 0.004012 0.026444 0.937961 0.028649 0.002933
2 2 0.003670 0.029547 0.945463 0.018746 0.002573
2 3 0.003611 0.026793 0.933201 0.033451 0.002943
2 3 0.002673 0.027503 0.905837 0.060856 0.003132
2 3 0.005393 0.046265 0.912225 0.031280 0.004837
2 3 0.000996 0.010637 0.906567 0.080588 0.001212
2 3 0.000749 0.006292 0.790295 0.201543 0.001121
2 3 0.002054 0.010669 0.860814 0.124356 0.002108
2 3 0.006851 0.027570 0.890508 0.069605 0.005466
2 3 0.026713 0.085270 0.788698 0.076717 0.022601
2 3 0.001789 0.016513 0.972908 0.007842 0.000949
2 3 0.003455 0.050336 0.924727 0.018167 0.003315
2 3 0.002942 0.021638 0.967832 0.006255 0.001333
2 2 0.000509 0.005340 0.829333 0.164054 0.000764
2 2 0.000396 0.003689 0.879334 0.116104 0.000477
2 2 0.002316 0.021966 0.864989 0.107571 0.003157
2 2 0.002395 0.023000 0.917718 0.054318 0.002569
2 2 0.001018 0.010783 0.846326 0.140348 0.001525
2 2 0.000309 0.003440 0.732292 0.263392 0.000567
