0 0 0.958118 0.022726 0.004596 0.000368 0.014191
0 0 0.967637 0.018272 0.003152 0.000206 0.010732
0 0 0.956967 0.023263 0.004670 0.000369 0.014732
0 0 0.959875 0.021930 0.004241 0.000320 0.013633
0 0 0.957944 0.022817 0.004525 0.000352 0.014362
0 0 0.967122 0.018448 0.003782 0.000318 0.010330
0 0 0.957520 0.023011 0.004587 0.000359 0.014522
0 0 0.907887 0.041543 0.009957 0.000803 0.039809
0 0 0.961199 0.021317 0.004050 0.000299 0.013135
0 0 0.926888 0.036673 0.008054 0.000569 0.027815
0 0 0.893588 0.046103 0.011381 0.000913 0.048015
0 0 0.897214 0.063476 0.014575 0.000693 0.024043
0 0 0.866967 0.076763 0.020205 0.001158 0.034908
0 0 0.895629 0.064355 0.012424 0.000392 0.027199
0 0 0.940468 0.030496 0.007277 0.000714 0.021046
0 0 0.949988 0.025499 0.004708 0.000291 0.019513
0 0 0.934204 0.032372 0.007245 0.000592 0.025587
0 0 0.953272 0.024929 0.005228 0.000436 0.016135
0 0 0.845262 0.077702 0.019508 0.001031 0.056496
0 0 0.944159 0.029135 0.005653 0.000352 0.020702
0 0 0.941039 0.031188 0.007127 0.000615 0.020031
0 0 0.943384 0.032024 0.006705 0.000453 0.017434
0 0 0.909379 0.041025 0.009774 0.000785 0.039037
0 0 0.526160 0.376464 0.069940 0.000312 0.027124
0 1 0.728837 0.207214 0.041578 0.000452 0.021919
0 1 0.755471 0.162832 0.033344 0.000527 0.047827
0 1 0.487971 0.340333 0.080347 0.000759 0.090590
0 1 0.886384 0.070783 0.016093 0.000683 0.026058
0 1 0.509857 0.360555 0.080429 0.000604 0.048555
0 4 0.901527 0.062942 0.011412 0.000312 0.023807
0 4 0.951440 0.025744 0.005511 0.000472 0.016833
0 4 0.693763 0.190893 0.041761 0.000670 0.072913
0 4 0.914042 0.039322 0.009126 0.000711 0.036799
0 4 0.633280 0.268834 0.063024 0.000762 0.034101
0 4 0.947046 0.026218 0.004599 0.000249 0.021889
0 4 0.815018 0.107709 0.026355 0.000956 0.049961
0 4 0.924215 0.035441 0.007656 0.000544 0.032144
0 4 0.792300 0.136639 0.030015 0.000658 0.040388
0 4 0.898878 0.044172 0.010534 0.000805 0.045612
0 4 0.835949 0.106657 0.024089 0.000703 0.032602
0 4 0.717285 0.117230 0.033029 0.001605 0.130851
0 4 0.887350 0.047942 0.011906 0.000942 0.051859
0 4 0.964299 0.019865 0.003611 0.000252 0.011974
0 4 0.929581 0.033674 0.007264 0.000532 0.028949
0 4 0.830903 0.122086 0.024966 0.000485 0.021561
0 4 0.906541 0.059711 0.012780 0.000534 0.020434
0 4 0.951281 0.025525 0.005161 0.000391 0.017642
0 0 0.965749 0.018784 0.005068 0.000633 0.009766
0 0 0.988022 0.007708 0.000900 0.000037 0.003333
0 0 0.968914 0.018674 0.002952 0.000151 0.009308
0 0 0.970291 0.016984 0.002800 0.000173 0.009752
0 0 0.972075 0.016106 0.002569 0.000152 0.009098
0 0 0.965669 0.019215 0.003421 0.000233 0.011463
0 0 0.956933 0.021629 0.003169 0.000129 0.018140
0 0 0.969291 0.017472 0.002931 0.000185 0.010121
0 1 0.561223 0.317174 0.073964 0.000734 0.046904
0 1 0.443747 0.423403 0.094987 0.000554 0.037309
0 1 0.523151 0.353207 0.090682 0.000937 0.032023
0 4 0.904957 0.051585 0.013756 0.001142 0.028560
0 4 0.956186 0.023617 0.004787 0.000383 0.015028
0 4 0.864432 0.100338 0.018043 0.000304 0.016883
0 4 0.898124 0.070097 0.013561 0.000380 0.017838
0 4 0.891032 0.071592 0.015410 0.000557 0.021410
0 4 0.728351 0.215806 0.036274 0.000246 0.019322
0 4 0.939172 0.029858 0.005976 0.000400 0.024594
0 4 0.932356 0.041768 0.007885 0.000331 0.017660
0 4 0.929551 0.045638 0.008677 0.000338 0.015796
0 4 0.829987 0.122967 0.025078 0.000481 0.021487
0 4 0.856715 0.098783 0.020960 0.000548 0.022995
0 4 0.751131 0.165729 0.033987 0.000530 0.048623
0 4 0.703875 0.220671 0.045891 0.000521 0.029043
0 4 0.778759 0.169942 0.031705 0.000353 0.019240
0 4 0.942898 0.031129 0.006690 0.000496 0.018787
0 4 0.635340 0.273646 0.063139 0.000706 0.027170
0 4 0.790573 0.158430 0.030485 0.000394 0.020119
0 4 0.972671 0.015810 0.002493 0.000146 0.008880
0 4 0.907120 0.069524 0.010821 0.000175 0.012359
0 4 0.868552 0.109872 0.011994 0.000053 0.009529
0 4 0.968201 0.019343 0.003035 0.000148 0.009273
0 4 0.950958 0.030104 0.005457 0.000268 0.013214
0 4 0.752459 0.186691 0.038013 0.000479 0.022358
0 1 0.846543 0.109489 0.022345 0.000479 0.021144
0 0 0.962806 0.020561 0.003886 0.000286 0.012461
0 0 0.967011 0.018489 0.003859 0.000332 0.010308
0 0 0.961182 0.021325 0.004052 0.000299 0.013141
0 0 0.949512 0.026595 0.005812 0.000511 0.017569
0 0 0.962322 0.020794 0.003889 0.000281 0.012714
0 0 0.957807 0.022880 0.004545 0.000354 0.014414
0 0 0.957344 0.023091 0.004614 0.000362 0.014589
0 0 0.948400 0.030708 0.005903 0.000331 0.014658
0 1 0.942006 0.029843 0.007022 0.000677 0.020452
0 1 0.658957 0.218718 0.046939 0.000620 0.074766
0 4 0.617895 0.225334 0.039128 0.000308 0.117335
0 4 0.785359 0.071845 0.018679 0.001198 0.122918
0 4 0.932929 0.029804 0.004670 0.000180 0.032417
0 4 0.667119 0.192166 0.036940 0.000440 0.103335
0 4 0.803942 0.133917 0.023652 0.000315 0.038174
0 4 0.898324 0.041651 0.008021 0.000393 0.051611
0 4 0.831323 0.100173 0.017695 0.000319 0.050491
0 4 0.916296 0.045300 0.009456 0.000493 0.028454
0 4 0.927368 0.032272 0.005517 0.000246 0.034597
0 4 0.434271 0.399332 0.089988 0.000599 0.075810
0 4 0.902829 0.038163 0.006162 0.000215 0.052630
0 4 0.953319 0.024169 0.004382 0.000269 0.017861
0 4 0.857837 0.063016 0.015945 0.001047 0.062154
0 4 0.942189 0.028332 0.005296 0.000314 0.023869
0 0 0.935816 0.030457 0.005690 0.000322 0.027715
0 1 0.907917 0.038712 0.007226 0.000347 0.045797
0 4 0.794538 0.139566 0.026956 0.000426 0.038514
0 0 0.949961 0.024395 0.003789 0.000163 0.021692
0 0 0.947315 0.021079 0.001916 0.000027 0.029663
0 1 0.718799 0.188797 0.037326 0.000470 0.054608
1 1 0.203814 0.477315 0.123519 0.000644 0.194709
1 1 0.187107 0.476024 0.118346 0.000536 0.217987
1 1 0.159582 0.471482 0.108091 0.000371 0.260473
1 1 0.088871 0.496574 0.149298 0.000617 0.264639
1 1 0.174476 0.365017 0.112059 0.001057 0.347392
4 4 0.164064 0.303088 0.090703 0.000928 0.441218
0 4 0.668079 0.081134 0.016936 0.000561 0.233289
0 4 0.520689 0.157297 0.044152 0.001450 0.276412
4 4 0.113159 0.077239 0.023221 0.000624 0.785758
4 4 0.061173 0.208940 0.067723 0.000594 0.661570
4 4 0.033668 0.152125 0.069168 0.001174 0.743865
4 4 0.066574 0.072811 0.029762 0.001202 0.829652
4 4 0.309134 0.104294 0.030416 0.001160 0.554996
4 4 0.142966 0.072949 0.016540 0.000281 0.767265
4 4 0.423984 0.092287 0.019370 0.000459 0.463901
4 4 0.034423 0.323171 0.163667 0.001833 0.476907
4 4 0.350854 0.074896 0.010771 0.000111 0.563368
4 4 0.142763 0.078614 0.020595 0.000462 0.757567
4 4 0.295256 0.104228 0.030929 0.001194 0.568393
4 4 0.248415 0.093021 0.023785 0.000635 0.634144
4 4 0.068867 0.127862 0.039112 0.000501 0.763658
4 4 0.080330 0.073643 0.026407 0.000883 0.818736
4 4 0.051807 0.098513 0.028448 0.000325 0.820907
4 4 0.078125 0.090727 0.039303 0.001688 0.790156
4 4 0.095810 0.236028 0.076251 0.000815 0.591095
4 4 0.153823 0.230076 0.081293 0.001521 0.533286
4 4 0.033735 0.324481 0.138560 0.001022 0.502202
4 4 0.047892 0.231695 0.119937 0.002438 0.598039
4 4 0.048444 0.336549 0.140569 0.001227 0.473210
1 4 0.036109 0.428882 0.217470 0.001893 0.315646
1 4 0.139229 0.501538 0.130764 0.000517 0.227951
1 1 0.075466 0.475619 0.186532 0.001337 0.261046
4 1 0.013901 0.297485 0.135016 0.000665 0.552933
1 1 0.029047 0.432202 0.238314 0.002138 0.298298
1 1 0.035115 0.453115 0.221227 0.001629 0.288914
4 1 0.017135 0.341438 0.222682 0.002595 0.416150
4 1 0.013943 0.343115 0.183359 0.001157 0.458426
1 1 0.012593 0.435778 0.273596 0.001809 0.276223
2 1 0.015300 0.404805 0.536349 0.007216 0.036329
2 1 0.012109 0.456554 0.456712 0.003474 0.071152
2 1 0.012292 0.420839 0.497393 0.004079 0.065397
2 1 0.007042 0.354325 0.576823 0.002366 0.059444
2 1 0.006752 0.278881 0.678462 0.003554 0.032351
2 1 0.007250 0.160262 0.809167 0.008386 0.014934
2 1 0.008850 0.235889 0.710478 0.005730 0.039053
2 1 0.010687 0.283549 0.663044 0.007124 0.035596
2 1 0.003800 0.161426 0.816378 0.003336 0.015060
2 1 0.009132 0.179554 0.793853 0.005406 0.012055
1 1 0.242536 0.510460 0.203624 0.002620 0.040760
1 1 0.039871 0.528627 0.393546 0.005792 0.032163
2 2 0.002347 0.084605 0.890262 0.002600 0.020186
2 2 0.001231 0.029155 0.949718 0.001185 0.018711
2 2 0.000841 0.028056 0.945739 0.000455 0.024909
2 2 0.000513 0.029129 0.951885 0.000708 0.017766
2 2 0.000594 0.024034 0.957041 0.000555 0.017777
2 2 0.001034 0.037419 0.943635 0.001402 0.016511
2 2 0.000804 0.024036 0.962870 0.000894 0.011396
2 2 0.000792 0.031437 0.939032 0.001072 0.027668
2 2 0.000952 0.036253 0.949774 0.001669 0.011353
2 2 0.000904 0.027845 0.962884 0.002921 0.005446
2 2 0.001260 0.036917 0.950117 0.001430 0.010276
2 2 0.003947 0.067014 0.903132 0.008748 0.017158
2 2 0.001606 0.020676 0.961854 0.010197 0.005667
2 2 0.032649 0.103714 0.788320 0.052602 0.022715
2 2 0.001970 0.047172 0.941848 0.002752 0.006258
2 2 0.003982 0.035462 0.941975 0.012839 0.005742
2 2 0.007115 0.053174 0.917499 0.013965 0.008247
2 2 0.005045 0.044518 0.931722 0.009967 0.008747
2 2 0.004433 0.018725 0.891751 0.081809 0.003282
2 2 0.004280 0.020917 0.903501 0.067711 0.003592
2 2 0.001399 0.009260 0.917853 0.070350 0.001137
2 2 0.002107 0.010111 0.895295 0.090783 0.001704
2 2 0.002716 0.005755 0.629224 0.361037 0.001267
2 2 0.005132 0.009372 0.606584 0.376251 0.002660
2 2 0.004630 0.011705 0.660430 0.320903 0.002332
2 2 0.002276 0.009222 0.801880 0.185334 0.001288
2 2 0.005926 0.009483 0.564500 0.417073 0.003019
2 2 0.003805 0.010164 0.667365 0.316819 0.001846
3 2 0.001835 0.002741 0.424312 0.570510 0.000602
3 2 0.004715 0.004584 0.366438 0.622382 0.001881
3 3 0.003594 0.003325 0.274936 0.717011 0.001134
3 3 0.005625 0.002626 0.101052 0.889295 0.001401
3 3 0.004768 0.002701 0.143045 0.848193 0.001293
3 3 0.006725 0.002405 0.050825 0.938696 0.001348
3 3 0.009184 0.013848 0.410003 0.563338 0.003627
3 3 0.003041 0.002691 0.251848 0.741518 0.000901
3 3 0.005482 0.001577 0.026447 0.965643 0.000852
3 3 0.005843 0.001699 0.027636 0.963890 0.000931
3 3 0.004218 0.001791 0.073802 0.919296 0.000893
3 3 0.002531 0.000640 0.015498 0.981040 0.000291
3 3 0.004287 0.001368 0.033588 0.960065 0.000693
3 3 0.004471 0.001244 0.023044 0.970599 0.000642
3 3 0.004194 0.001154 0.021982 0.972084 0.000586
3 3 0.017234 0.006030 0.057854 0.914641 0.004241
3 3 0.035762 0.032761 0.268620 0.647020 0.015838
3 3 0.019680 0.018691 0.435290 0.520501 0.005838
2 3 0.022194 0.082415 0.708000 0.170200 0.017190
2 3 0.004667 0.021286 0.825809 0.145024 0.003213
2 2 0.005757 0.034769 0.928413 0.026384 0.004677
2 2 0.024190 0.266266 0.671109 0.014296 0.024139
2 2 0.039038 0.136296 0.756595 0.048841 0.019231
0 2 0.493239 0.251600 0.193283 0.019331 0.042548
2 2 0.069443 0.427209 0.472593 0.004840 0.025915
2 2 0.059459 0.380479 0.517682 0.009472 0.032909
2 2 0.019237 0.093395 0.772636 0.095646 0.019086
2 2 0.013893 0.182806 0.759187 0.026065 0.018048
2 2 0.003721 0.050933 0.923755 0.010332 0.011259
2 2 0.001585 0.019036 0.966460 0.009791 0.003128
2 2 0.003063 0.029442 0.948463 0.015044 0.003987
2 2 0.001848 0.012010 0.931404 0.052862 0.001876
2 2 0.003475 0.031162 0.930365 0.030571 0.004427
2 2 0.002694 0.013457 0.875635 0.106151 0.002064
2 2 0.003002 0.021926 0.948599 0.023388 0.003085
2 2 0.005550 0.019563 0.794811 0.176231 0.003845
2 2 0.006186 0.019209 0.777248 0.193041 0.004316
2 2 0.007698 0.025145 0.801265 0.159759 0.006132
2 2 0.004530 0.035436 0.897608 0.058056 0.004370
2 2 0.002236 0.008823 0.886511 0.100484 0.001946
2 2 0.012451 0.045728 0.809163 0.120807 0.011852
2 2 0.008209 0.036699 0.902681 0.043224 0.009186
2 2 0.005887 0.018763 0.899167 0.072861 0.003321
2 2 0.003878 0.023112 0.900593 0.068644 0.003774
2 2 0.005431 0.020148 0.804665 0.165935 0.003821
2 2 0.004909 0.031219 0.884425 0.074962 0.004484
2 2 0.004720 0.007889 0.613708 0.371123 0.002560
2 2 0.002353 0.018794 0.924323 0.052289 0.002241
2 2 0.003557 0.012343 0.814465 0.167180 0.002455
2 2 0.002807 0.008247 0.751783 0.235572 0.001591
2 2 0.005870 0.020665 0.786192 0.183294 0.003979
2 2 0.014437 0.045649 0.763099 0.164716 0.012099
3 2 0.008346 0.011560 0.422507 0.554111 0.003475
2 2 0.005306 0.009000 0.603326 0.379531 0.002837
3 2 0.011911 0.011927 0.357122 0.613806 0.005233
2 2 0.003564 0.009936 0.736947 0.247504 0.002049
2 2 0.004213 0.011751 0.725613 0.256020 0.002403
2 2 0.001974 0.009072 0.863711 0.123874 0.001369
3 2 0.009487 0.009531 0.310171 0.667218 0.003593
2 2 0.006997 0.012626 0.565928 0.410976 0.003473
2 2 0.002399 0.010140 0.838786 0.147099 0.001576
3 3 0.008745 0.007588 0.296223 0.684058 0.003385
2 3 0.020791 0.019863 0.513133 0.436750 0.009463
2 3 0.014938 0.067792 0.766483 0.139011 0.011776
2 3 0.064955 0.363410 0.514351 0.017669 0.039615
2 3 0.204076 0.351974 0.375862 0.017837 0.050251
0 2 0.504598 0.256976 0.184897 0.009997 0.043532
1 1 0.045932 0.513768 0.404877 0.004951 0.030471
2 1 0.016412 0.230357 0.705486 0.028405 0.019340
2 1 0.023102 0.252921 0.664538 0.034720 0.024720
2 1 0.011008 0.127612 0.820328 0.028291 0.012761
2 1 0.025570 0.291033 0.658848 0.005072 0.019477
2 1 0.013188 0.071921 0.805028 0.097976 0.011886
2 2 0.004266 0.028897 0.931617 0.031944 0.003275
2 2 0.011658 0.088754 0.871387 0.019496 0.008706
2 2 0.009484 0.057556 0.908308 0.018872 0.005779
2 2 0.008616 0.106752 0.872537 0.004384 0.007711
2 2 0.005204 0.046106 0.927605 0.016719 0.004366
2 2 0.013171 0.070013 0.896852 0.012184 0.007779
2 2 0.006891 0.059736 0.921710 0.006227 0.005435
2 2 0.017778 0.104501 0.860987 0.008560 0.008174
2 2 0.009742 0.093866 0.888041 0.003062 0.005289
2 2 0.010034 0.101032 0.880415 0.002235 0.006283
2 2 0.313295 0.291242 0.339333 0.014678 0.041452
2 2 0.071122 0.438300 0.463036 0.004410 0.023132
2 2 0.001917 0.027689 0.941872 0.026471 0.002052
2 2 0.008511 0.042187 0.935034 0.008420 0.005848
2 2 0.018036 0.027719 0.903540 0.045346 0.005358
2 2 0.009580 0.059734 0.916805 0.006293 0.007588
2 2 0.034377 0.127095 0.819284 0.004842 0.014402
2 2 0.003740 0.027815 0.961766 0.004252 0.002427
2 2 0.010170 0.034586 0.923511 0.026738 0.004994
2 2 0.006017 0.051818 0.933778 0.003955 0.004432
2 2 0.014686 0.094749 0.873819 0.009885 0.006861
2 2 0.023833 0.253153 0.702446 0.006191 0.014377
2 2 0.004062 0.033333 0.950776 0.009596 0.002234
1 2 0.101365 0.583472 0.290736 0.001497 0.022929
2 2 0.031084 0.407094 0.534745 0.004996 0.022081
1 2 0.088170 0.494875 0.384169 0.003224 0.029562
0 2 0.648642 0.209638 0.098940 0.005516 0.037264
1 2 0.030987 0.548724 0.399683 0.002256 0.018349
2 1 0.043075 0.326271 0.590239 0.008557 0.031857
2 1 0.014366 0.259055 0.689793 0.016253 0.020533
2 2 0.003782 0.104600 0.875543 0.005519 0.010556
2 2 0.014835 0.119697 0.842240 0.009965 0.013262
2 2 0.017142 0.080206 0.882330 0.009770 0.010551
2 2 0.021529 0.062380 0.893315 0.012248 0.010527
2 2 0.023423 0.097788 0.858323 0.006721 0.013745
2 2 0.008871 0.050132 0.928163 0.006888 0.005947
2 2 0.014635 0.152701 0.820745 0.002747 0.009171
2 2 0.006479 0.022458 0.925832 0.041097 0.004134
2 2 0.004024 0.048772 0.915290 0.026904 0.005008
2 2 0.029358 0.264357 0.685515 0.003860 0.016910
2 2 0.292847 0.286395 0.344843 0.012868 0.063046
0 0 0.599079 0.240968 0.112450 0.005577 0.041926
1 1 0.111165 0.628100 0.237262 0.001196 0.022278
1 1 0.048999 0.592234 0.332448 0.002535 0.023783
2 2 0.018792 0.195519 0.727996 0.034146 0.023547
2 2 0.006741 0.063482 0.910790 0.011490 0.007497
2 2 0.008747 0.039591 0.917780 0.026659 0.007221
2 2 0.022967 0.111615 0.845311 0.005981 0.014126
2 2 0.031426 0.230856 0.717023 0.004013 0.016681
2 2 0.016180 0.118792 0.851571 0.003571 0.009885
1 2 0.226187 0.457248 0.268194 0.004712 0.043659
1 2 0.065030 0.513247 0.379935 0.005583 0.036205
1 4 0.186414 0.479674 0.281939 0.005461 0.046512
0 4 0.799428 0.127233 0.041623 0.001974 0.029743
0 4 0.398336 0.366517 0.166078 0.005556 0.063512
0 4 0.411077 0.379559 0.150815 0.003732 0.054818
1 4 0.066486 0.586645 0.316405 0.002803 0.027661
2 4 0.015756 0.165936 0.758600 0.042565 0.017143
2 4 0.013325 0.291172 0.662794 0.009966 0.022742
2 2 0.005034 0.055545 0.906739 0.025810 0.006872
2 2 0.004949 0.036412 0.938090 0.015417 0.005132
2 2 0.026142 0.101284 0.847997 0.008636 0.015942
1 2 0.168243 0.562416 0.232879 0.002273 0.034188
0 2 0.649117 0.198944 0.095115 0.006732 0.050093
1 2 0.047606 0.498078 0.403715 0.008966 0.041635
2 2 0.024720 0.224187 0.679113 0.043397 0.028583
2 2 0.004910 0.025323 0.897043 0.067408 0.005316
2 2 0.001352 0.020064 0.969439 0.004649 0.004496
2 2 0.008923 0.061734 0.917794 0.003186 0.008363
2 2 0.002560 0.028196 0.961010 0.002478 0.005755
2 2 0.002629 0.050098 0.934380 0.002375 0.010518
2 2 0.004034 0.046304 0.929495 0.003247 0.016920
2 2 0.002040 0.039136 0.949323 0.006203 0.003298
2 2 0.000795 0.014427 0.975530 0.006109 0.003139
2 2 0.001215 0.023980 0.961381 0.004211 0.009214
2 2 0.009943 0.065708 0.848312 0.065709 0.010328
2 2 0.018975 0.153321 0.812553 0.004505 0.010646
1 2 0.140805 0.499614 0.319763 0.004971 0.034847
2 2 0.008735 0.112609 0.835850 0.032977 0.009828
2 2 0.003194 0.032286 0.934448 0.026292 0.003780
2 2 0.000680 0.015113 0.973308 0.009935 0.000963
2 2 0.002531 0.034923 0.951606 0.008001 0.002939
2 2 0.002669 0.027750 0.954082 0.012854 0.002645
2 2 0.010922 0.106477 0.871493 0.003458 0.007651
2 2 0.014290 0.041538 0.917308 0.019544 0.007319
2 2 0.003502 0.028479 0.960583 0.005075 0.002361
2 2 0.005655 0.036938 0.947496 0.006974 0.002936
2 2 0.034859 0.371586 0.575431 0.002316 0.015808
2 2 0.096294 0.356054 0.514268 0.006318 0.027067
1 2 0.150440 0.456842 0.332595 0.011581 0.048542
2 2 0.007955 0.075682 0.875905 0.028588 0.011870
2 2 0.000577 0.003442 0.873253 0.122421 0.000308
2 2 0.001119 0.015391 0.963414 0.017781 0.002296
2 2 0.012088 0.329309 0.598556 0.005667 0.054380
2 2 0.009374 0.206442 0.759688 0.006992 0.017503
1 2 0.022192 0.531107 0.401590 0.003210 0.041901
2 2 0.014814 0.429285 0.515001 0.006550 0.034349
4 4 0.040944 0.125149 0.103242 0.009764 0.720902
4 4 0.046411 0.151938 0.112253 0.007537 0.681862
4 4 0.198600 0.117192 0.049276 0.003015 0.631918
4 4 0.089764 0.091895 0.046811 0.003220 0.768311
4 4 0.018765 0.202858 0.133048 0.002741 0.642589
4 4 0.146427 0.090192 0.030375 0.001118 0.731887
4 4 0.024700 0.316486 0.227503 0.004641 0.426671
4 4 0.032759 0.146637 0.112982 0.006754 0.700868
4 4 0.050818 0.101782 0.090134 0.014064 0.743202
4 4 0.031003 0.288867 0.191593 0.004165 0.484372
4 4 0.025197 0.294093 0.211137 0.004683 0.464891
4 4 0.049525 0.096498 0.131996 0.012851 0.709130
4 4 0.103333 0.080971 0.028613 0.001017 0.786067
4 4 0.100590 0.096113 0.049012 0.003521 0.750764
4 4 0.101338 0.089251 0.038864 0.002057 0.768491
4 4 0.037051 0.070288 0.044139 0.003362 0.845160
4 4 0.090194 0.105279 0.083349 0.007374 0.713804
4 4 0.089101 0.101864 0.064992 0.006934 0.737109
4 4 0.134659 0.326021 0.181192 0.006420 0.351707
4 4 0.146142 0.206794 0.102136 0.004480 0.540447
4 4 0.116136 0.105028 0.057682 0.005056 0.716098
4 4 0.073833 0.332947 0.143504 0.001829 0.447887
4 4 0.021732 0.314396 0.217577 0.003738 0.442557
4 4 0.043613 0.319189 0.224298 0.006427 0.406474
4 4 0.039028 0.252525 0.203839 0.009362 0.495246
4 4 0.064230 0.090480 0.059123 0.005877 0.780290
4 4 0.060677 0.307731 0.182948 0.004649 0.443994
4 4 0.061136 0.307968 0.129535 0.001473 0.499889
4 4 0.012049 0.185228 0.106991 0.001293 0.694440
4 4 0.059539 0.374770 0.149933 0.001230 0.414527
1 1 0.042300 0.466934 0.424322 0.012398 0.054046
2 1 0.031725 0.412164 0.490440 0.015492 0.050178
1 1 0.045417 0.507146 0.386115 0.006875 0.054447
2 1 0.021486 0.394837 0.504735 0.009365 0.069577
2 1 0.014540 0.361402 0.559016 0.006445 0.058597
2 1 0.013201 0.199409 0.746829 0.015891 0.024670
2 1 0.011920 0.094056 0.841571 0.034200 0.018252
2 1 0.001314 0.017447 0.970265 0.007442 0.003532
2 2 0.017612 0.046903 0.834193 0.085038 0.016254
1 2 0.110593 0.489768 0.353691 0.005122 0.040826
1 2 0.172950 0.544544 0.240869 0.002928 0.038708
1 2 0.116317 0.470009 0.360867 0.006533 0.046274
2 2 0.025431 0.414090 0.525135 0.007426 0.027918
2 2 0.008315 0.147265 0.822265 0.011127 0.011028
2 2 0.008073 0.079158 0.898451 0.006229 0.008089
2 2 0.006751 0.064701 0.918622 0.003558 0.006368
2 2 0.005895 0.044527 0.938970 0.005629 0.004979
2 2 0.014407 0.123086 0.849954 0.003293 0.009260
2 2 0.060205 0.437893 0.473401 0.003418 0.025082
2 2 0.013120 0.096672 0.872974 0.002418 0.014817
2 2 0.012884 0.103723 0.870802 0.003683 0.008908
2 2 0.007399 0.060772 0.920672 0.004505 0.006652
2 2 0.009187 0.073898 0.903891 0.004835 0.008190
2 2 0.003526 0.030674 0.955568 0.007315 0.002917
2 2 0.007809 0.079049 0.897738 0.008886 0.006518
2 2 0.012055 0.080823 0.896839 0.003057 0.007225
2 2 0.007090 0.059752 0.909150 0.017746 0.006262
2 0 0.067354 0.343704 0.553075 0.009359 0.026507
2 0 0.173679 0.233666 0.540233 0.015430 0.036992
0 1 0.664549 0.204511 0.084959 0.004242 0.041739
1 1 0.149778 0.597715 0.224089 0.001466 0.026952
0 1 0.417252 0.360623 0.168376 0.004557 0.049192
2 1 0.096417 0.334788 0.499504 0.014745 0.054547
2 1 0.017138 0.277533 0.662602 0.019838 0.022889
2 1 0.031772 0.267095 0.666844 0.012118 0.022170
1 1 0.210886 0.527936 0.218806 0.002703 0.039668
1 1 0.054047 0.548433 0.360078 0.004746 0.032696
2 1 0.009453 0.191442 0.774388 0.008680 0.016037
2 1 0.009539 0.096800 0.872159 0.006829 0.014672
2 1 0.003443 0.027082 0.954036 0.007771 0.007668
2 2 0.008000 0.062692 0.914550 0.005576 0.009181
2 2 0.006725 0.038483 0.941180 0.008057 0.005554
2 2 0.004075 0.034653 0.947557 0.006072 0.007643
2 2 0.002943 0.028218 0.961561 0.003404 0.003875
2 2 0.001360 0.028235 0.965573 0.001838 0.002994
2 2 0.050501 0.124480 0.789322 0.017917 0.017780
1 2 0.100690 0.478834 0.385739 0.004301 0.030436
2 2 0.004182 0.076949 0.898009 0.014726 0.006133
2 2 0.007886 0.100107 0.871659 0.008620 0.011728
2 2 0.002422 0.035486 0.950041 0.005398 0.006653
2 2 0.022117 0.239403 0.718752 0.004445 0.015282
2 2 0.056259 0.242188 0.669850 0.008898 0.022805
2 2 0.019711 0.148922 0.803117 0.012618 0.015632
2 2 0.005857 0.110179 0.866341 0.004823 0.012801
2 2 0.003448 0.027835 0.953296 0.008087 0.007334
2 2 0.001426 0.037957 0.950177 0.001673 0.008767
2 2 0.001306 0.021673 0.967893 0.006220 0.002908
2 2 0.001807 0.015334 0.950056 0.029845 0.002958
2 2 0.005091 0.024973 0.931414 0.031057 0.007465
2 2 0.002499 0.016521 0.944184 0.033648 0.003148
2 2 0.001936 0.004993 0.760252 0.231905 0.000915
2 2 0.002809 0.007742 0.729469 0.258451 0.001529
3 2 0.007346 0.008480 0.411448 0.569540 0.003186
3 2 0.002605 0.003320 0.447414 0.545647 0.001014
3 2 0.001357 0.001926 0.483116 0.513102 0.000499
3 2 0.002772 0.002705 0.365477 0.628018 0.001027
2 2 0.002010 0.003355 0.544534 0.449274 0.000826
3 2 0.003477 0.001200 0.039992 0.954756 0.000576
3 2 0.004788 0.002645 0.151469 0.839738 0.001360
3 3 0.012166 0.006383 0.124178 0.853700 0.003573
3 3 0.003469 0.001317 0.052187 0.942397 0.000630
3 3 0.003654 0.001364 0.050258 0.944063 0.000660
3 3 0.004686 0.001313 0.023733 0.969584 0.000684
3 3 0.003830 0.001038 0.020647 0.973968 0.000517
3 3 0.004263 0.001176 0.022232 0.971729 0.000600
3 3 0.001459 0.000337 0.010576 0.987493 0.000135
3 3 0.004042 0.001105 0.021431 0.972864 0.000557
3 3 0.001470 0.000340 0.010629 0.987424 0.000137
3 3 0.001395 0.000320 0.010251 0.987906 0.000127
3 3 0.001530 0.000356 0.010926 0.987044 0.000144
3 3 0.002250 0.000558 0.014283 0.982662 0.000247
3 3 0.001951 0.000473 0.012938 0.984436 0.000202
3 3 0.002235 0.000554 0.014219 0.982748 0.000245
3 3 0.001903 0.000459 0.012714 0.984729 0.000196
3 3 0.002621 0.000478 0.012835 0.983887 0.000180
3 3 0.002031 0.000496 0.013306 0.983953 0.000214
3 3 0.000931 0.000197 0.007662 0.991139 0.000071
3 3 0.001676 0.000396 0.011640 0.986124 0.000164
3 3 0.001573 0.000340 0.010598 0.987356 0.000133
3 3 0.001870 0.000450 0.012564 0.984925 0.000191
3 3 0.002026 0.000494 0.013283 0.983983 0.000213
3 3 0.001290 0.000292 0.009708 0.988596 0.000114
3 3 0.002617 0.000486 0.012966 0.983747 0.000184
3 3 0.001553 0.000358 0.010963 0.986980 0.000145
3 3 0.002553 0.000538 0.013866 0.982823 0.000220
3 3 0.001396 0.000281 0.009437 0.988782 0.000104
3 3 0.001396 0.000308 0.009998 0.988179 0.000120
3 3 0.058361 0.009182 0.069474 0.858257 0.004726
3 3 0.016228 0.005619 0.055550 0.918708 0.003895
3 3 0.039790 0.028795 0.244264 0.672704 0.014446
3 3 0.009315 0.006460 0.163549 0.817956 0.002720
2 3 0.330670 0.103948 0.348587 0.180886 0.035909
2 2 0.062380 0.129044 0.596511 0.185179 0.026886
0 2 0.572792 0.074202 0.147808 0.160037 0.045161
2 2 0.072332 0.277036 0.505794 0.095759 0.049079
3 2 0.006128 0.006681 0.383733 0.600959 0.002499
2 2 0.006489 0.016676 0.685038 0.288123 0.003674
3 2 0.002954 0.001918 0.198148 0.796119 0.000861
2 2 0.003122 0.005541 0.731745 0.258377 0.001216
2 2 0.003429 0.011076 0.841617 0.142075 0.001803
2 2 0.004769 0.010936 0.864550 0.117196 0.002549
2 2 0.002791 0.009213 0.806668 0.179502 0.001825
2 2 0.024374 0.014912 0.657378 0.298768 0.004569
2 2 0.003057 0.008553 0.794773 0.191891 0.001726
2 2 0.005530 0.015174 0.779766 0.195520 0.004009
2 2 0.007590 0.013796 0.794562 0.180709 0.003343
2 2 0.003250 0.011378 0.815645 0.167519 0.002208
2 2 0.002090 0.004564 0.776872 0.215429 0.001045
2 2 0.006992 0.014066 0.869726 0.106043 0.003172
2 2 0.003152 0.012551 0.908401 0.073553 0.002343
2 2 0.010864 0.021318 0.896763 0.061677 0.009379
2 2 0.007983 0.059515 0.873590 0.049758 0.009154
2 2 0.013384 0.087807 0.860117 0.026448 0.012244
2 2 0.131687 0.370526 0.444163 0.012504 0.041121
0 0 0.648795 0.215887 0.077245 0.003316 0.054757
0 0 0.761385 0.143148 0.046461 0.002454 0.046553
0 1 0.439112 0.319133 0.187197 0.008205 0.046353
0 1 0.638053 0.237614 0.076124 0.002241 0.045968
0 1 0.363944 0.341105 0.207101 0.012875 0.074976
2 1 0.036107 0.433484 0.460040 0.018392 0.051977
2 1 0.031269 0.373788 0.528955 0.020946 0.045041
2 1 0.006379 0.033535 0.827748 0.127722 0.004616
2 2 0.005579 0.046336 0.899976 0.041525 0.006585
2 2 0.007038 0.036999 0.933303 0.016593 0.006067
2 2 0.010045 0.061032 0.910830 0.007792 0.010301
2 2 0.001822 0.034462 0.953002 0.003858 0.006856
2 2 0.004347 0.029119 0.918392 0.043089 0.005053
2 2 0.003884 0.020657 0.920192 0.050406 0.004862
2 2 0.003113 0.044964 0.929301 0.003327 0.019295
2 2 0.008587 0.059075 0.910098 0.011970 0.010270
2 2 0.004742 0.040027 0.940774 0.009096 0.005361
2 2 0.004622 0.038985 0.935244 0.014502 0.006648
2 2 0.005336 0.045753 0.920181 0.018516 0.010214
2 2 0.002482 0.025262 0.945797 0.022921 0.003538
2 2 0.009350 0.061263 0.860969 0.057892 0.010526
2 2 0.006890 0.019991 0.810909 0.156704 0.005506
2 2 0.005259 0.032830 0.932801 0.023088 0.006022
2 2 0.002935 0.026591 0.932883 0.034065 0.003526
2 2 0.003823 0.023165 0.907526 0.061532 0.003954
2 2 0.002507 0.024955 0.943015 0.026193 0.003330
2 2 0.004288 0.019978 0.921752 0.049321 0.004661
2 2 0.004560 0.021688 0.904038 0.064473 0.005241
2 2 0.001525 0.016651 0.953657 0.026339 0.001828
2 2 0.008062 0.020393 0.693466 0.273170 0.004909
2 2 0.004258 0.018840 0.876200 0.096836 0.003865
2 2 0.004089 0.020086 0.817777 0.155497 0.002552
2 2 0.018404 0.059764 0.774070 0.129475 0.018286
2 2 0.007401 0.012710 0.633643 0.341773 0.004473
2 2 0.061543 0.424288 0.479850 0.006979 0.027341
2 2 0.023560 0.404921 0.544808 0.005371 0.021340
2 2 0.003761 0.015392 0.757420 0.221458 0.001969
2 2 0.002541 0.026190 0.936603 0.031853 0.002814
2 2 0.006902 0.037326 0.921417 0.029485 0.004870
2 2 0.015963 0.086402 0.866400 0.020803 0.010432
2 2 0.043876 0.233580 0.671218 0.026832 0.024495
1 2 0.152780 0.406557 0.387115 0.012227 0.041322
2 2 0.037226 0.176493 0.610604 0.147914 0.027763
2 2 0.002294 0.030796 0.941525 0.021258 0.004126
2 2 0.001744 0.020061 0.949107 0.027054 0.002034
2 2 0.004932 0.050922 0.916636 0.019169 0.008341
2 2 0.004258 0.033664 0.948083 0.008657 0.005338
2 2 0.003816 0.026966 0.935424 0.030359 0.003435
2 2 0.008570 0.036049 0.919520 0.029872 0.005989
2 2 0.005555 0.037856 0.940745 0.010797 0.005047
1 2 0.256057 0.357342 0.329541 0.010058 0.047002
1 2 0.205978 0.489798 0.245963 0.005210 0.053051
2 1 0.022968 0.431198 0.515190 0.006006 0.024638
2 1 0.019106 0.297553 0.635852 0.025095 0.022394
2 1 0.004232 0.036310 0.893709 0.062033 0.003716
2 1 0.005596 0.038005 0.928217 0.023775 0.004408
1 2 0.097813 0.586071 0.283193 0.002578 0.030345
1 2 0.058447 0.518389 0.375680 0.007130 0.040354
1 2 0.069535 0.575704 0.321337 0.003276 0.030149
1 2 0.085548 0.535521 0.332185 0.005578 0.041168
1 2 0.034886 0.509019 0.415164 0.007167 0.033764
1 2 0.133614 0.572047 0.258117 0.002579 0.033642
0 2 0.477858 0.316199 0.134939 0.005256 0.065748
1 4 0.109981 0.595067 0.264153 0.002095 0.028704
1 4 0.087373 0.566273 0.308711 0.003606 0.034037
1 4 0.071699 0.580518 0.315253 0.003047 0.029482
1 4 0.063788 0.584348 0.321259 0.002902 0.027703
1 4 0.131110 0.557737 0.270572 0.003279 0.037301
0 4 0.562171 0.256755 0.119160 0.006304 0.055611
0 4 0.854262 0.062355 0.024207 0.004360 0.054815
1 4 0.278295 0.445283 0.194624 0.004174 0.077625
0 4 0.416858 0.366872 0.152554 0.004414 0.059302
0 4 0.554013 0.235558 0.115517 0.009215 0.085697
0 4 0.820022 0.096542 0.032819 0.002850 0.047767
1 4 0.058156 0.548771 0.347070 0.004540 0.041462
1 4 0.041134 0.485463 0.393337 0.008591 0.071475
1 4 0.036057 0.481739 0.398683 0.008440 0.075081
1 4 0.023797 0.492748 0.355488 0.004210 0.123757
1 4 0.106336 0.565888 0.286528 0.003277 0.037971
1 4 0.037600 0.368692 0.240081 0.004486 0.349142
1 4 0.044668 0.503784 0.231417 0.001547 0.218584
1 4 0.104217 0.428281 0.208660 0.003438 0.255404
1 4 0.112101 0.440030 0.285094 0.008952 0.153824
0 4 0.476807 0.163896 0.076391 0.007605 0.275301
4 4 0.246478 0.242903 0.168728 0.019842 0.322049
1 4 0.051179 0.470022 0.339243 0.007298 0.132258
4 4 0.061158 0.111018 0.054155 0.002180 0.771489
4 4 0.068983 0.070441 0.026229 0.000895 0.833452
4 4 0.247537 0.093197 0.023966 0.000646 0.634653
4 4 0.220037 0.082820 0.018036 0.000335 0.678773
4 4 0.066778 0.073312 0.030293 0.001250 0.828366
4 4 0.135160 0.082148 0.024384 0.000682 0.757626
4 4 0.051560 0.074772 0.039905 0.002477 0.831286
0 4 0.438469 0.099973 0.024814 0.000833 0.435912
4 4 0.097217 0.073965 0.022993 0.000624 0.805201
4 4 0.173471 0.075215 0.015812 0.000249 0.735252
4 4 0.108148 0.078888 0.025579 0.000782 0.786603
4 4 0.080513 0.227952 0.097423 0.001843 0.592269
4 4 0.101457 0.100988 0.056792 0.004958 0.735806
4 4 0.039849 0.280326 0.174757 0.004040 0.501027
4 4 0.044026 0.118663 0.051198 0.001152 0.784960
4 4 0.094449 0.119476 0.076149 0.007346 0.702580
4 4 0.035853 0.061541 0.030636 0.001471 0.870498
4 4 0.024008 0.152140 0.107207 0.004030 0.712615
4 4 0.073847 0.063912 0.018703 0.000410 0.843127
4 4 0.042963 0.337570 0.177476 0.002430 0.439561
4 4 0.025914 0.305272 0.184150 0.002681 0.481982
4 4 0.079884 0.089769 0.047954 0.003471 0.778922
4 4 0.064959 0.071355 0.028619 0.001105 0.833962
4 4 0.161194 0.100860 0.039812 0.002073 0.696061
4 4 0.057486 0.275644 0.131522 0.002138 0.533210
4 4 0.038155 0.219632 0.121879 0.002609 0.617726
4 4 0.115911 0.084754 0.029994 0.001114 0.768227
4 4 0.204466 0.095999 0.029274 0.001014 0.669247
4 4 0.028067 0.240995 0.113185 0.001209 0.616543
4 4 0.026890 0.190852 0.115786 0.002709 0.663764
4 4 0.013733 0.301071 0.189559 0.001781 0.493856
4 4 0.053114 0.086936 0.069997 0.005794 0.784158
4 4 0.070470 0.104753 0.140250 0.009752 0.674774
4 4 0.031870 0.248517 0.189049 0.006656 0.523907
1 4 0.024628 0.387581 0.289668 0.005208 0.292915
4 4 0.017681 0.350022 0.231157 0.002764 0.398376
1 4 0.021595 0.386813 0.276998 0.004131 0.310463
1 1 0.016335 0.370224 0.241082 0.002490 0.369870
4 1 0.012189 0.370946 0.221848 0.001527 0.393490
1 1 0.013846 0.436403 0.282536 0.002137 0.265078
1 1 0.019840 0.395512 0.277530 0.003633 0.303486
1 1 0.015417 0.390377 0.252591 0.002333 0.339282
1 1 0.021400 0.369139 0.260555 0.003931 0.344975
1 1 0.018006 0.382433 0.258128 0.002997 0.338436
1 1 0.023957 0.395101 0.294518 0.005051 0.281373
1 1 0.022354 0.371986 0.266579 0.004259 0.334822
1 1 0.022527 0.421663 0.316428 0.004884 0.234498
1 1 0.015855 0.406450 0.268035 0.002523 0.307136
4 1 0.023225 0.256625 0.194841 0.004230 0.521078
1 1 0.018596 0.401353 0.277152 0.003288 0.299612
1 1 0.034236 0.406776 0.350141 0.010204 0.198643
4 1 0.027579 0.284486 0.209109 0.005393 0.473433
1 1 0.175849 0.480413 0.180447 0.001996 0.161295
1 1 0.083249 0.404319 0.218458 0.004181 0.289793
1 1 0.024446 0.450107 0.367223 0.006575 0.151649
1 1 0.022197 0.449231 0.350233 0.005348 0.172991
1 1 0.039441 0.491702 0.285718 0.003046 0.180092
1 1 0.019003 0.454423 0.336031 0.004047 0.186495
1 1 0.016303 0.448101 0.310248 0.002961 0.222387
4 1 0.069309 0.278209 0.228936 0.014942 0.408605
0 0 0.811148 0.101535 0.035031 0.003009 0.049278
0 0 0.964700 0.019675 0.003555 0.000246 0.011824
0 0 0.971483 0.016398 0.002645 0.000159 0.009314
0 0 0.945102 0.028315 0.007495 0.000863 0.018225
0 0 0.807135 0.115357 0.034925 0.001921 0.040661
0 0 0.892481 0.047073 0.012289 0.001103 0.047053
0 0 0.835657 0.090989 0.025808 0.001544 0.046001
0 0 0.644515 0.251972 0.067582 0.001207 0.034724
0 1 0.892698 0.051155 0.016200 0.002091 0.037856
1 1 0.148882 0.466225 0.278538 0.007960 0.098394
1 1 0.048685 0.480405 0.352349 0.007302 0.111259
1 1 0.089163 0.543238 0.282314 0.003449 0.081836
0 1 0.457948 0.255715 0.138948 0.012196 0.135193
1 1 0.093279 0.513595 0.292004 0.004880 0.096243
1 1 0.188580 0.518537 0.227230 0.003179 0.062474
1 1 0.332099 0.391132 0.191894 0.006860 0.078015
1 1 0.185349 0.516371 0.240511 0.003786 0.053983
1 1 0.301639 0.443099 0.157711 0.002263 0.095286
1 1 0.197942 0.488134 0.243400 0.005073 0.065451
0 4 0.693647 0.140319 0.047404 0.002934 0.115697
0 4 0.755616 0.087346 0.034456 0.004893 0.117689
0 4 0.408874 0.301338 0.130153 0.005402 0.154232
1 4 0.079639 0.509311 0.315329 0.005757 0.089963
1 4 0.169350 0.526976 0.234344 0.003124 0.066207
0 4 0.818644 0.080281 0.030591 0.004234 0.066250
0 4 0.673094 0.159422 0.071507 0.007390 0.088587
0 4 0.475327 0.329364 0.127714 0.003798 0.063797
1 4 0.055807 0.492089 0.346163 0.006917 0.099023
1 4 0.206964 0.356242 0.293684 0.029187 0.113923
2 4 0.034879 0.421898 0.458681 0.016894 0.067648
2 2 0.003098 0.074548 0.907150 0.010426 0.004778
2 2 0.002003 0.037716 0.952451 0.005190 0.002640
2 2 0.003354 0.052135 0.937982 0.002655 0.003875
2 2 0.002307 0.044685 0.948835 0.001636 0.002537
2 2 0.002619 0.059813 0.931629 0.002410 0.003528
2 2 0.030963 0.389687 0.565928 0.001415 0.012006
2 2 0.001991 0.022851 0.946961 0.025766 0.002432
2 2 0.001293 0.028717 0.963749 0.002240 0.004001
2 2 0.000433 0.008557 0.978711 0.011607 0.000692
2 2 0.001321 0.018201 0.976445 0.001827 0.002207
2 2 0.001187 0.018694 0.975756 0.002277 0.002086
2 2 0.000224 0.006217 0.986251 0.006997 0.000310
2 2 0.003120 0.036041 0.952010 0.005472 0.003357
2 2 0.001248 0.012713 0.975748 0.008991 0.001298
2 2 0.001273 0.014570 0.971218 0.011684 0.001256
2 2 0.000358 0.009234 0.982201 0.007695 0.000512
2 2 0.002012 0.024980 0.968252 0.002130 0.002625
2 2 0.001707 0.015785 0.974421 0.006743 0.001343
2 2 0.000957 0.009505 0.971280 0.017416 0.000842
2 2 0.000732 0.006492 0.950142 0.041968 0.000665
2 2 0.000669 0.011389 0.975233 0.011901 0.000808
2 2 0.000519 0.011571 0.978113 0.009065 0.000731
2 2 0.004081 0.011058 0.851642 0.130773 0.002446
2 2 0.000520 0.009375 0.975337 0.014134 0.000635
2 2 0.000661 0.012337 0.973365 0.012769 0.000869
2 2 0.000666 0.003504 0.838450 0.157056 0.000324
2 2 0.000575 0.002802 0.839426 0.156913 0.000285
2 2 0.001126 0.007675 0.890410 0.100091 0.000699
2 2 0.000723 0.002843 0.693355 0.302830 0.000249
2 2 0.000481 0.001321 0.536453 0.461617 0.000128
3 2 0.001920 0.001976 0.324853 0.670649 0.000602
3 2 0.007709 0.002947 0.073932 0.913790 0.001622
3 3 0.003385 0.001491 0.077931 0.916489 0.000705
3 3 0.003759 0.003227 0.225570 0.766366 0.001078
3 3 0.002088 0.000990 0.086025 0.910480 0.000417
3 3 0.002616 0.000665 0.015856 0.980559 0.000304
3 3 0.005735 0.001722 0.030110 0.961496 0.000937
3 3 0.008555 0.002653 0.035915 0.951292 0.001585
3 3 0.009808 0.002683 0.035910 0.950083 0.001515
3 3 0.003040 0.000793 0.017597 0.978196 0.000375
3 3 0.002906 0.000752 0.017057 0.978933 0.000352
3 3 0.003280 0.000866 0.018546 0.976892 0.000417
3 3 0.003814 0.001033 0.020586 0.974053 0.000514
3 3 0.002880 0.000549 0.013958 0.982399 0.000214
3 3 0.001711 0.000406 0.011810 0.985905 0.000169
3 3 0.001841 0.000442 0.012428 0.985102 0.000187
3 3 0.002104 0.000426 0.012055 0.985250 0.000166
3 3 0.002988 0.000653 0.015559 0.980523 0.000277
3 3 0.002108 0.000517 0.013650 0.983499 0.000225
3 3 0.002243 0.000556 0.014253 0.982701 0.000246
3 3 0.002012 0.000490 0.013217 0.984070 0.000211
3 3 0.004055 0.000882 0.018553 0.976122 0.000388
3 3 0.001405 0.000322 0.010299 0.987845 0.000128
3 3 0.002378 0.000595 0.014842 0.981918 0.000266
3 3 0.002488 0.000550 0.014070 0.982663 0.000230
3 3 0.001870 0.000357 0.010837 0.986804 0.000132
3 3 0.001904 0.000460 0.012721 0.984719 0.000196
3 3 0.001723 0.000409 0.011870 0.985827 0.000170
3 3 0.002409 0.000604 0.014975 0.981741 0.000271
3 3 0.003859 0.000566 0.014020 0.981358 0.000196
3 3 0.006257 0.000982 0.019434 0.972950 0.000377
3 3 0.007492 0.001365 0.023734 0.966824 0.000585
3 3 0.006000 0.000994 0.019620 0.972995 0.000391
3 3 0.009713 0.001439 0.024205 0.964080 0.000564
3 3 0.003739 0.000785 0.017306 0.977834 0.000335
3 3 0.006355 0.000997 0.019599 0.972667 0.000383
3 3 0.011349 0.001537 0.025031 0.961500 0.000583
3 3 0.010084 0.001482 0.024611 0.963242 0.000581
3 3 0.004623 0.000961 0.019473 0.974524 0.000419
3 3 0.010863 0.001423 0.023894 0.963294 0.000526
3 3 0.007806 0.001143 0.021156 0.969462 0.000433
3 3 0.009190 0.001476 0.024672 0.964060 0.000603
3 3 0.005400 0.000854 0.017917 0.975505 0.000323
3 3 0.016719 0.002109 0.029948 0.950417 0.000806
3 3 0.007107 0.001182 0.021714 0.969521 0.000477
3 3 0.005775 0.000838 0.017629 0.975454 0.000304
3 3 0.090966 0.008821 0.065349 0.831243 0.003621
3 3 0.027096 0.006008 0.056229 0.907248 0.003419
0 0 0.809135 0.032786 0.054893 0.089275 0.013912
0 0 0.372866 0.087954 0.194508 0.294155 0.050516
3 1 0.263693 0.104070 0.258360 0.328671 0.045207
3 1 0.164006 0.069183 0.216044 0.503310 0.047457
0 1 0.345317 0.082144 0.198176 0.330461 0.043902
2 1 0.201564 0.176897 0.371574 0.196413 0.053553
3 1 0.123423 0.077619 0.290452 0.476394 0.032112
0 1 0.459472 0.132960 0.222338 0.142253 0.042977
0 1 0.486421 0.113100 0.188316 0.159795 0.052368
0 1 0.421864 0.205828 0.241453 0.068208 0.062648
0 1 0.472360 0.174476 0.208230 0.077367 0.067567
2 1 0.160026 0.267701 0.400824 0.097769 0.073679
2 1 0.060606 0.268948 0.418944 0.057988 0.193514
2 1 0.070278 0.227870 0.422196 0.106917 0.172739
1 1 0.041928 0.401134 0.374105 0.015111 0.167722
2 1 0.037314 0.262904 0.480300 0.034473 0.185009
2 1 0.021943 0.299835 0.355863 0.006452 0.315906
1 1 0.025852 0.379751 0.292189 0.005673 0.296535
4 1 0.034987 0.306719 0.319961 0.012350 0.325984
4 1 0.024917 0.253375 0.262693 0.005938 0.453078
4 1 0.021820 0.144386 0.133950 0.004270 0.695574
4 1 0.036134 0.238185 0.327550 0.014260 0.383872
4 1 0.029395 0.294593 0.269015 0.007098 0.399899
4 1 0.022520 0.253021 0.317076 0.006040 0.401343
1 1 0.041424 0.371415 0.336816 0.013657 0.236688
2 1 0.042234 0.255934 0.348831 0.024224 0.328777
1 1 0.029717 0.375171 0.335572 0.008008 0.251532
2 1 0.039237 0.256732 0.479081 0.032333 0.192618
2 1 0.017865 0.121502 0.696661 0.028302 0.135669
2 1 0.016449 0.273799 0.411593 0.004705 0.293453
4 1 0.021153 0.283977 0.193485 0.003473 0.497913
4 1 0.037890 0.275031 0.221310 0.009101 0.456669
1 1 0.029263 0.350808 0.292839 0.007013 0.320077
4 1 0.024896 0.333570 0.241998 0.004809 0.394727
4 4 0.022160 0.060523 0.044471 0.003877 0.868969
4 4 0.032523 0.074772 0.059859 0.007007 0.825839
4 4 0.040888 0.170219 0.138776 0.009703 0.640415
4 4 0.059712 0.109246 0.118289 0.020340 0.692413
4 4 0.024315 0.190996 0.193081 0.005374 0.586234
4 4 0.025237 0.167417 0.119560 0.004415 0.683372
1 4 0.061052 0.337233 0.264339 0.011608 0.325767
4 4 0.085682 0.254998 0.264960 0.037101 0.357258
1 4 0.026001 0.456762 0.396083 0.008160 0.112994
2 4 0.024744 0.359973 0.458357 0.009118 0.147808
1 4 0.031004 0.482897 0.369053 0.006079 0.110968
1 4 0.075350 0.481122 0.340954 0.008702 0.093872
1 4 0.024667 0.475728 0.342877 0.004393 0.152334
1 4 0.016009 0.489484 0.366744 0.003600 0.124163
