1 0 0.212411 0.430273 0.202956 0.006863 0.147496
4 0 0.070559 0.346377 0.134946 0.004699 0.443420
4 1 0.015494 0.229442 0.297733 0.001269 0.456063
1 1 0.028648 0.379276 0.222611 0.001870 0.367595
4 1 0.020986 0.264902 0.332819 0.002906 0.378387
4 4 0.023970 0.338002 0.244801 0.003411 0.389816
1 4 0.021362 0.417904 0.301316 0.001727 0.257691
1 4 0.253757 0.436765 0.113887 0.000778 0.194814
1 4 0.061924 0.524738 0.220030 0.002798 0.190510
2 4 0.014164 0.342836 0.419611 0.003360 0.220030
2 4 0.011577 0.274516 0.398382 0.003564 0.311960
1 4 0.028795 0.398695 0.207585 0.002093 0.362833
4 4 0.122834 0.147725 0.174572 0.009208 0.545661
4 4 0.036733 0.181139 0.140522 0.003923 0.637683
4 4 0.014392 0.263470 0.288628 0.004349 0.429161
2 4 0.023603 0.326788 0.388611 0.008005 0.252993
4 4 0.042786 0.189348 0.204488 0.005128 0.558250
4 4 0.021355 0.341313 0.234571 0.003491 0.399271
4 4 0.016553 0.247120 0.305066 0.007378 0.423883
2 4 0.016033 0.232806 0.493905 0.008054 0.249202
1 2 0.020371 0.367256 0.309545 0.005100 0.297728
2 2 0.011869 0.130378 0.640539 0.022388 0.194826
2 2 0.011052 0.228622 0.553596 0.004578 0.202151
2 2 0.010710 0.150958 0.721705 0.014056 0.102571
2 2 0.000929 0.010284 0.948026 0.033977 0.006785
2 2 0.000484 0.009481 0.977142 0.005514 0.007379
2 2 0.000874 0.014827 0.961039 0.009797 0.013463
2 2 0.000995 0.004708 0.780029 0.208878 0.005390
2 3 0.000244 0.001967 0.873056 0.122573 0.002159
3 3 0.001258 0.004672 0.454799 0.535099 0.004172
3 3 0.000168 0.000829 0.225457 0.772846 0.000700
3 3 0.000304 0.001096 0.126312 0.871507 0.000780
3 3 0.000185 0.000799 0.154740 0.843662 0.000614
3 3 0.000514 0.001697 0.145620 0.850966 0.001204
3 3 0.000101 0.000451 0.104786 0.894331 0.000331
3 3 0.000156 0.000626 0.104478 0.894293 0.000447
3 3 0.000403 0.000943 0.035065 0.963086 0.000503
3 3 0.000172 0.000534 0.045669 0.953307 0.000318
3 3 0.000113 0.000318 0.022262 0.977140 0.000168
3 3 0.000593 0.001256 0.034377 0.963122 0.000651
3 3 0.000172 0.000424 0.019950 0.979241 0.000213
3 3 0.000126 0.000450 0.057321 0.941815 0.000287
3 3 0.000306 0.000702 0.025714 0.972918 0.000359
3 3 0.000187 0.000454 0.020658 0.978472 0.000229
3 3 0.000178 0.000437 0.020255 0.978910 0.000220
3 3 0.000359 0.000807 0.027564 0.970857 0.000413
3 3 0.000256 0.000601 0.023779 0.975058 0.000305
3 3 0.000334 0.000758 0.026711 0.971809 0.000388
3 3 0.000185 0.000451 0.020584 0.978552 0.000227
3 3 0.000095 0.000252 0.015354 0.984173 0.000125
3 3 0.000123 0.000316 0.017210 0.982193 0.000158
3 3 0.000140 0.000353 0.018201 0.981129 0.000177
3 3 0.000099 0.000260 0.015596 0.983917 0.000129
3 3 0.000151 0.000378 0.018837 0.980444 0.000190
3 3 0.000175 0.000429 0.020090 0.979089 0.000216
3 3 0.000071 0.000195 0.013503 0.986134 0.000096
3 3 0.000202 0.000486 0.021380 0.977687 0.000246
3 3 0.000157 0.000390 0.019144 0.980112 0.000196
3 3 0.000116 0.000298 0.016719 0.982718 0.000149
3 3 0.000180 0.000439 0.020314 0.978846 0.000221
3 3 0.000153 0.000381 0.018919 0.980356 0.000191
3 3 0.000116 0.000299 0.016741 0.982695 0.000149
3 3 0.000060 0.000166 0.012451 0.987242 0.000082
3 3 0.000076 0.000205 0.013842 0.985777 0.000101
3 3 0.000139 0.000351 0.018147 0.981188 0.000176
3 3 0.000097 0.000256 0.015489 0.984030 0.000127
3 3 0.000154 0.000383 0.018977 0.980293 0.000193
3 3 0.000127 0.000325 0.017451 0.981934 0.000162
3 3 0.000167 0.000412 0.019687 0.979526 0.000208
3 3 0.000070 0.000192 0.013391 0.986252 0.000095
3 3 0.000096 0.000253 0.015404 0.984120 0.000126
3 3 0.000137 0.000346 0.018027 0.981317 0.000173
3 3 0.000080 0.000216 0.014204 0.985394 0.000107
3 3 0.000128 0.000326 0.017494 0.981888 0.000163
3 3 0.000080 0.000216 0.014226 0.985371 0.000107
3 3 0.000124 0.000317 0.017255 0.982145 0.000159
3 3 0.000130 0.000331 0.017623 0.981750 0.000166
3 3 0.000097 0.000256 0.015488 0.984031 0.000127
3 3 0.000141 0.000355 0.018253 0.981073 0.000178
3 3 0.000119 0.000305 0.016909 0.982515 0.000152
3 3 0.000133 0.000338 0.017816 0.981543 0.000169
3 3 0.000054 0.000154 0.011963 0.987754 0.000075
3 3 0.000105 0.000274 0.016009 0.983476 0.000136
3 3 0.000268 0.000623 0.024225 0.974567 0.000317
3 3 0.000146 0.000365 0.018510 0.980797 0.000183
3 3 0.000193 0.000469 0.020995 0.978106 0.000237
3 3 0.000088 0.000235 0.014840 0.984719 0.000117
3 3 0.000046 0.000132 0.011064 0.988695 0.000064
3 3 0.000078 0.000211 0.014058 0.985548 0.000104
3 3 0.000076 0.000207 0.013917 0.985697 0.000102
3 3 0.000112 0.000289 0.016454 0.983002 0.000144
3 3 0.000200 0.000482 0.021283 0.977792 0.000243
3 3 0.000127 0.000323 0.017400 0.981989 0.000161
3 3 0.000203 0.000489 0.021453 0.977607 0.000247
3 3 0.004254 0.007070 0.080215 0.904616 0.003845
3 3 0.002244 0.004038 0.061186 0.930370 0.002162
3 3 0.001312 0.002522 0.048568 0.946266 0.001333
3 3 0.000844 0.001753 0.043624 0.952846 0.000933
3 3 0.000464 0.001521 0.129884 0.867072 0.001059
3 3 0.000249 0.001043 0.179818 0.818076 0.000814
3 3 0.001573 0.002957 0.052525 0.941376 0.001570
3 3 0.000807 0.002020 0.081084 0.914862 0.001226
3 3 0.000418 0.001157 0.065551 0.932173 0.000701
3 3 0.000823 0.001774 0.048641 0.947795 0.000967
3 3 0.000683 0.001421 0.036557 0.960600 0.000739
3 3 0.001292 0.002488 0.048248 0.946657 0.001315
3 3 0.000397 0.001114 0.066062 0.931749 0.000679
3 3 0.000715 0.002056 0.119064 0.876800 0.001366
3 3 0.000555 0.001332 0.050644 0.946718 0.000751
3 3 0.010466 0.016720 0.125657 0.838477 0.008680
3 3 0.016802 0.023393 0.139323 0.807309 0.013173
3 3 0.005745 0.010384 0.139237 0.838393 0.006243
3 3 0.000540 0.002003 0.227568 0.768319 0.001570
3 3 0.000931 0.002731 0.160006 0.834428 0.001904
3 3 0.000533 0.002135 0.292538 0.703013 0.001782
3 3 0.000415 0.001578 0.197949 0.798839 0.001218
3 3 0.000102 0.000539 0.190136 0.808771 0.000452
3 3 0.000929 0.002942 0.208290 0.785659 0.002180
3 3 0.000413 0.001222 0.082172 0.915416 0.000777
3 3 0.000787 0.002078 0.095655 0.900172 0.001309
3 3 0.000180 0.000765 0.142802 0.855675 0.000579
3 3 0.001356 0.002612 0.050380 0.944264 0.001388
3 3 0.033126 0.054272 0.235653 0.652857 0.024093
3 3 0.017510 0.024244 0.141509 0.803071 0.013667
3 3 0.001612 0.003021 0.053110 0.940652 0.001605
3 3 0.001972 0.005555 0.261521 0.726811 0.004141
3 3 0.000946 0.003247 0.278003 0.715228 0.002576
3 3 0.000845 0.002110 0.083835 0.911924 0.001286
3 3 0.000776 0.002309 0.144127 0.851197 0.001592
3 3 0.016599 0.029589 0.179137 0.761401 0.013274
3 3 0.004352 0.007212 0.080981 0.903531 0.003924
3 3 0.000562 0.002114 0.246669 0.748971 0.001685
3 3 0.001483 0.004164 0.203767 0.787609 0.002977
3 3 0.000904 0.002979 0.233304 0.760542 0.002271
3 3 0.000563 0.002943 0.433468 0.560941 0.002085
3 3 0.002280 0.005040 0.127924 0.861601 0.003155
3 3 0.000578 0.001793 0.129396 0.867003 0.001230
3 3 0.001163 0.002269 0.046103 0.949269 0.001196
3 3 0.001663 0.003104 0.053796 0.939787 0.001650
3 3 0.002561 0.004533 0.064729 0.925742 0.002435
3 3 0.002398 0.004279 0.062938 0.928090 0.002295
2 3 0.218444 0.258782 0.332631 0.098468 0.091676
3 3 0.003379 0.006123 0.089191 0.897851 0.003456
3 3 0.003215 0.005823 0.085392 0.902303 0.003267
3 3 0.065378 0.126511 0.342418 0.421029 0.044664
2 3 0.046640 0.134550 0.458074 0.324155 0.036580
3 3 0.016179 0.042342 0.390589 0.532624 0.018266
3 3 0.000449 0.001398 0.105567 0.891653 0.000933
2 3 0.000230 0.001931 0.666717 0.329719 0.001403
2 3 0.000101 0.000942 0.638300 0.359850 0.000807
2 3 0.000071 0.000884 0.772602 0.225754 0.000689
2 3 0.000121 0.001040 0.638985 0.358912 0.000942
2 3 0.000699 0.004951 0.753475 0.237617 0.003258
2 3 0.000255 0.001703 0.620414 0.376023 0.001605
2 3 0.000210 0.001542 0.626593 0.370287 0.001368
3 3 0.000605 0.002619 0.419844 0.574541 0.002392
2 3 0.000278 0.002083 0.665011 0.330965 0.001664
2 3 0.000165 0.001301 0.741807 0.255340 0.001387
2 3 0.000446 0.002644 0.665130 0.329278 0.002502
2 3 0.000378 0.003116 0.803723 0.190465 0.002319
2 2 0.006564 0.036755 0.803787 0.138536 0.014358
2 2 0.002634 0.014606 0.775959 0.198657 0.008144
2 2 0.003708 0.025960 0.860499 0.099618 0.010216
2 2 0.009270 0.040122 0.711260 0.220368 0.018979
2 2 0.002693 0.025800 0.910602 0.052680 0.008224
2 2 0.003866 0.025353 0.834755 0.125809 0.010217
2 2 0.003377 0.018075 0.724315 0.245521 0.008712
2 3 0.007824 0.090799 0.843303 0.025637 0.032437
2 3 0.011099 0.073065 0.836634 0.058591 0.020611
2 3 0.000426 0.003133 0.784178 0.209687 0.002577
2 3 0.000980 0.008531 0.899136 0.086716 0.004637
2 3 0.000052 0.001075 0.969783 0.028361 0.000729
2 3 0.000158 0.001759 0.878573 0.118115 0.001396
2 3 0.000122 0.002751 0.982538 0.013338 0.001251
2 3 0.005660 0.067980 0.898470 0.014614 0.013276
1 3 0.344442 0.391713 0.190383 0.002622 0.070841
1 3 0.095404 0.559058 0.303838 0.003383 0.038316
1 3 0.052205 0.563679 0.349105 0.005344 0.029667
1 3 0.080425 0.496033 0.363054 0.014941 0.045547
2 3 0.046039 0.333452 0.563807 0.016618 0.040084
1 3 0.296735 0.478369 0.174337 0.000570 0.049989
0 3 0.886421 0.040073 0.017519 0.000609 0.055378
0 0 0.793812 0.113816 0.037969 0.000239 0.054163
0 2 0.591434 0.270037 0.083598 0.000228 0.054702
0 1 0.553775 0.261618 0.110540 0.001193 0.072875
1 1 0.232509 0.515879 0.203313 0.000821 0.047478
1 1 0.176878 0.560764 0.220927 0.000763 0.040667
1 1 0.234833 0.514360 0.202341 0.000815 0.047650
1 1 0.087331 0.581850 0.294675 0.002264 0.033880
1 1 0.112303 0.587882 0.263374 0.001300 0.035141
1 1 0.160820 0.573544 0.226358 0.000749 0.038529
0 1 0.452153 0.329929 0.144722 0.001528 0.071668
1 1 0.140004 0.558700 0.258235 0.001648 0.041413
0 1 0.550500 0.254402 0.115528 0.001736 0.077834
0 1 0.479028 0.333050 0.124548 0.000659 0.062716
0 1 0.445767 0.323609 0.152250 0.002203 0.076170
0 1 0.626601 0.237119 0.077887 0.000301 0.058093
1 1 0.168683 0.547794 0.238600 0.001277 0.043646
0 1 0.662738 0.194827 0.074781 0.000645 0.067009
0 0 0.884212 0.049313 0.017904 0.000248 0.048323
0 0 0.752216 0.136572 0.049703 0.000417 0.061092
0 0 0.529023 0.319998 0.097780 0.000223 0.052976
0 0 0.422173 0.386423 0.134808 0.000464 0.056133
1 1 0.313752 0.476237 0.161686 0.000396 0.047930
1 1 0.248186 0.541367 0.170731 0.000257 0.039460
1 1 0.396085 0.401572 0.145137 0.000560 0.056647
0 1 0.640527 0.233686 0.071399 0.000203 0.054185
0 1 0.634162 0.235406 0.074286 0.000242 0.055905
0 1 0.747540 0.146267 0.049034 0.000276 0.056882
1 1 0.377362 0.437073 0.137031 0.000264 0.048269
0 1 0.549875 0.317108 0.085600 0.000115 0.047303
0 1 0.775500 0.137767 0.039069 0.000109 0.047556
1 1 0.295188 0.497387 0.162379 0.000319 0.044727
1 1 0.372925 0.447298 0.133753 0.000206 0.045819
0 1 0.645709 0.211103 0.077883 0.000538 0.064766
0 1 0.675007 0.196911 0.067549 0.000354 0.060179
1 1 0.375466 0.433273 0.140977 0.000321 0.049962
1 1 0.314284 0.481698 0.157481 0.000324 0.046212
1 1 0.397466 0.407773 0.140272 0.000431 0.054057
1 1 0.265405 0.510574 0.178314 0.000447 0.045260
0 1 0.529221 0.307075 0.104495 0.000392 0.058818
0 0 0.851254 0.060441 0.026237 0.000727 0.061341
0 0 0.924836 0.026425 0.009336 0.000153 0.039250
0 0 0.890637 0.056109 0.015537 0.000061 0.037656
0 0 0.811723 0.111942 0.031262 0.000091 0.044983
0 0 0.840416 0.085200 0.026646 0.000146 0.047591
0 0 0.816502 0.114040 0.028766 0.000053 0.040639
0 0 0.841170 0.090941 0.025198 0.000078 0.042612
0 0 0.886341 0.064138 0.015555 0.000032 0.033935
0 0 0.880012 0.066893 0.017000 0.000042 0.036053
0 0 0.927749 0.029004 0.008809 0.000071 0.034368
0 0 0.863891 0.075862 0.020487 0.000062 0.039698
0 0 0.795553 0.138981 0.029776 0.000024 0.035666
0 0 0.773264 0.148225 0.036634 0.000053 0.041824
0 0 0.807914 0.119007 0.030846 0.000062 0.042170
0 0 0.837230 0.107435 0.022418 0.000018 0.032899
0 0 0.767044 0.150257 0.038793 0.000068 0.043839
0 0 0.815820 0.111334 0.029789 0.000072 0.042985
0 0 0.713825 0.200073 0.045786 0.000040 0.040276
0 0 0.743845 0.182297 0.037809 0.000023 0.036026
0 0 0.814518 0.120831 0.027569 0.000031 0.037051
0 0 0.824933 0.111250 0.026179 0.000036 0.037603
0 1 0.808122 0.131743 0.026746 0.000017 0.033372
0 1 0.807324 0.128363 0.028214 0.000026 0.036073
0 1 0.845306 0.103695 0.020367 0.000013 0.030619
0 1 0.845945 0.103605 0.020147 0.000012 0.030291
0 1 0.796144 0.142048 0.028432 0.000017 0.033360
0 1 0.791529 0.149027 0.027969 0.000012 0.031463
0 1 0.854080 0.088469 0.021146 0.000035 0.036270
0 1 0.729897 0.194073 0.039966 0.000022 0.036042
0 1 0.791643 0.137352 0.032063 0.000038 0.038904
0 1 0.806086 0.133338 0.027086 0.000017 0.033472
0 1 0.791773 0.146095 0.028942 0.000016 0.033173
0 0 0.858368 0.087130 0.019945 0.000027 0.034530
0 0 0.924659 0.023488 0.009224 0.000255 0.042374
0 1 0.895075 0.040669 0.015562 0.000298 0.048396
0 1 0.651994 0.248520 0.057884 0.000048 0.041554
0 1 0.798652 0.128204 0.031972 0.000052 0.041120
0 1 0.874590 0.062395 0.019321 0.000118 0.043575
0 1 0.678313 0.201454 0.064038 0.000237 0.055958
0 0 0.928278 0.025913 0.008705 0.000115 0.036989
0 0 0.772257 0.143198 0.038784 0.000086 0.045675
0 0 0.930489 0.024994 0.008295 0.000106 0.036117
0 0 0.686585 0.216204 0.053379 0.000062 0.043770
0 1 0.452526 0.399693 0.104399 0.000100 0.043282
1 1 0.358581 0.473305 0.127451 0.000118 0.040546
1 1 0.340897 0.488991 0.130694 0.000113 0.039306
0 0 0.791155 0.125456 0.035982 0.000110 0.047296
0 0 0.956102 0.009566 0.003596 0.000123 0.030613
0 0 0.962900 0.007659 0.002704 0.000077 0.026660
0 0 0.539565 0.294292 0.104263 0.000481 0.061398
0 1 0.671836 0.186849 0.072819 0.000689 0.067807
1 1 0.334638 0.420224 0.181310 0.001405 0.062424
1 1 0.351388 0.441076 0.154805 0.000477 0.052254
1 1 0.352693 0.441673 0.153382 0.000451 0.051801
1 1 0.187473 0.580443 0.195697 0.000341 0.036046
1 1 0.254529 0.505078 0.191667 0.000687 0.048039
1 1 0.170720 0.578073 0.213328 0.000535 0.037344
1 1 0.303178 0.487366 0.162738 0.000361 0.046356
1 1 0.280051 0.496816 0.175564 0.000480 0.047089
1 1 0.393086 0.436865 0.125018 0.000163 0.044867
1 1 0.359868 0.441604 0.147758 0.000372 0.050399
0 1 0.453157 0.391695 0.108918 0.000140 0.046090
0 0 0.687055 0.202019 0.059153 0.000152 0.051621
1 1 0.324994 0.482485 0.148149 0.000234 0.044138
0 1 0.457529 0.372149 0.117585 0.000274 0.052463
0 1 0.408658 0.391820 0.141600 0.000559 0.057362
0 1 0.507896 0.328208 0.107476 0.000324 0.056096
1 1 0.381882 0.432842 0.136283 0.000270 0.048723
1 1 0.349951 0.470122 0.136514 0.000175 0.043238
0 1 0.489390 0.346031 0.110248 0.000283 0.054048
0 1 0.553017 0.303844 0.090682 0.000194 0.052263
0 1 0.514762 0.327289 0.103347 0.000267 0.054335
1 1 0.354359 0.469965 0.133105 0.000154 0.042418
0 1 0.570996 0.281462 0.090665 0.000286 0.056591
1 1 0.363888 0.462029 0.130960 0.000155 0.042967
1 1 0.326777 0.468022 0.156635 0.000369 0.048198
1 1 0.398651 0.435006 0.121973 0.000147 0.044225
1 1 0.331273 0.470561 0.151252 0.000298 0.046615
0 1 0.500269 0.340867 0.105665 0.000244 0.052954
1 1 0.262011 0.522123 0.172888 0.000336 0.042642
1 1 0.376616 0.414956 0.151740 0.000595 0.056093
1 1 0.282263 0.493486 0.176028 0.000505 0.047718
1 1 0.378314 0.447791 0.129221 0.000170 0.044504
1 1 0.351457 0.439302 0.155904 0.000506 0.052830
0 1 0.535263 0.286666 0.110743 0.000758 0.066570
0 1 0.484103 0.332441 0.121388 0.000580 0.061488
1 1 0.382480 0.425162 0.140770 0.000353 0.051235
1 1 0.318781 0.466918 0.163909 0.000473 0.049919
1 1 0.339131 0.454320 0.155862 0.000422 0.050265
0 1 0.402813 0.400760 0.140557 0.000478 0.055392
0 1 0.508542 0.313091 0.115054 0.000593 0.062720
1 1 0.292108 0.488743 0.171035 0.000459 0.047654
0 1 0.429833 0.379924 0.133045 0.000473 0.056725
0 1 0.511046 0.324530 0.107345 0.000341 0.056738
0 1 0.428398 0.359779 0.145648 0.001011 0.065164
1 1 0.362090 0.449460 0.140823 0.000263 0.047364
0 1 0.554689 0.284097 0.099636 0.000452 0.061126
1 1 0.337966 0.471117 0.145457 0.000242 0.045218
0 1 0.432609 0.385804 0.127502 0.000349 0.053737
0 1 0.441395 0.372550 0.128969 0.000444 0.056642
1 1 0.402044 0.406975 0.137304 0.000390 0.053288
0 1 0.427847 0.391774 0.127390 0.000320 0.052669
0 1 0.406465 0.390591 0.143975 0.000620 0.058349
0 1 0.510211 0.308602 0.116240 0.000674 0.064273
1 1 0.391979 0.409745 0.143215 0.000469 0.054591
1 1 0.400579 0.400953 0.142122 0.000505 0.055841
0 1 0.462160 0.311482 0.146897 0.002219 0.077242
1 1 0.282306 0.499651 0.171646 0.000414 0.045983
1 1 0.282997 0.500584 0.170399 0.000395 0.045626
0 1 0.439314 0.374442 0.129368 0.000440 0.056436
1 1 0.315475 0.469580 0.164815 0.000472 0.049658
0 1 0.727877 0.140432 0.059482 0.000957 0.071252
0 1 0.541808 0.337353 0.079555 0.000056 0.041227
0 1 0.596830 0.285047 0.072723 0.000082 0.045319
0 1 0.600804 0.290535 0.067364 0.000049 0.041248
1 1 0.394177 0.465546 0.104907 0.000046 0.035324
0 1 0.471333 0.373311 0.107038 0.000163 0.048155
1 1 0.341913 0.476072 0.138870 0.000179 0.042965
1 1 0.250590 0.553346 0.159626 0.000160 0.036278
1 1 0.367172 0.448941 0.137169 0.000230 0.046488
1 1 0.353957 0.487084 0.121549 0.000078 0.037331
1 1 0.295003 0.530755 0.138432 0.000097 0.035713
1 1 0.324788 0.488514 0.144112 0.000189 0.042397
1 1 0.376580 0.451349 0.128197 0.000157 0.043718
0 1 0.442788 0.382269 0.122195 0.000292 0.052456
1 1 0.366363 0.457891 0.131810 0.000168 0.043769
0 1 0.419469 0.401720 0.127492 0.000282 0.051038
1 1 0.328984 0.490396 0.139366 0.000155 0.041098
1 1 0.253653 0.536504 0.169568 0.000261 0.040013
1 1 0.154540 0.595656 0.214910 0.000461 0.034433
1 1 0.226485 0.538776 0.191900 0.000479 0.042360
1 1 0.250985 0.550947 0.161092 0.000172 0.036804
1 1 0.196355 0.582076 0.186185 0.000261 0.035122
1 1 0.340586 0.474292 0.141166 0.000199 0.043757
1 1 0.182874 0.599504 0.184908 0.000211 0.032503
1 1 0.083380 0.633455 0.256092 0.000680 0.026393
1 1 0.045359 0.582429 0.342547 0.003861 0.025804
1 1 0.041212 0.595270 0.337079 0.003048 0.023391
2 1 0.005688 0.093738 0.882363 0.005216 0.012995
2 1 0.004920 0.098759 0.880829 0.004765 0.010727
2 2 0.000514 0.014723 0.978322 0.003507 0.002935
2 2 0.001635 0.043278 0.945476 0.004259 0.005352
2 2 0.000406 0.014141 0.980848 0.002085 0.002520
2 2 0.000389 0.015811 0.979620 0.001931 0.002250
2 2 0.001499 0.033438 0.954168 0.005386 0.005509
2 2 0.000375 0.015087 0.980227 0.002127 0.002184
2 2 0.000474 0.013904 0.978524 0.004459 0.002639
2 2 0.000557 0.017933 0.975333 0.003322 0.002855
2 2 0.000067 0.002866 0.991974 0.004343 0.000750
2 2 0.000810 0.016243 0.969986 0.009048 0.003913
2 2 0.000305 0.008556 0.982595 0.006533 0.002011
2 2 0.000433 0.009222 0.975974 0.011793 0.002578
2 2 0.001374 0.028319 0.956474 0.008777 0.005056
2 2 0.000248 0.005170 0.972354 0.020475 0.001754
2 2 0.012748 0.095390 0.828620 0.041640 0.021601
0 0 0.510873 0.273257 0.132144 0.002468 0.081257
0 0 0.684468 0.141623 0.078192 0.003986 0.091732
1 0 0.234928 0.454111 0.242848 0.004071 0.064042
1 1 0.090299 0.520483 0.337197 0.008288 0.043734
2 1 0.052896 0.395961 0.495261 0.017637 0.038246
2 1 0.003204 0.048550 0.925618 0.013955 0.008673
2 2 0.001597 0.027278 0.957550 0.007105 0.006470
2 2 0.000469 0.011694 0.977449 0.007758 0.002630
2 2 0.000201 0.004410 0.985771 0.007777 0.001841
2 2 0.000141 0.006101 0.990631 0.001836 0.001291
2 2 0.000150 0.004355 0.985444 0.008771 0.001280
2 2 0.000073 0.001823 0.984948 0.012255 0.000902
2 2 0.000089 0.003518 0.991040 0.004450 0.000904
2 2 0.000077 0.001797 0.979494 0.017724 0.000908
2 2 0.000239 0.002893 0.879554 0.115662 0.001652
2 2 0.000145 0.003045 0.968201 0.027372 0.001236
2 3 0.000228 0.004411 0.961404 0.032359 0.001597
2 3 0.000342 0.003670 0.846139 0.147844 0.002005
2 3 0.000085 0.001228 0.895766 0.102043 0.000878
2 3 0.000535 0.004233 0.756025 0.236570 0.002637
2 3 0.000953 0.004242 0.502872 0.488456 0.003476
3 3 0.000177 0.000927 0.292233 0.705832 0.000831
3 3 0.000157 0.000905 0.365215 0.632856 0.000868
3 3 0.000864 0.002974 0.260466 0.733361 0.002336
3 3 0.000656 0.001965 0.127474 0.868571 0.001333
3 3 0.004638 0.010278 0.235188 0.742826 0.007070
0 0 0.450795 0.248696 0.174532 0.016971 0.109007
1 0 0.291469 0.361471 0.244321 0.014134 0.088605
0 1 0.366281 0.307085 0.212932 0.015251 0.098452
2 1 0.050011 0.244590 0.572723 0.093282 0.039394
2 1 0.006201 0.057566 0.869841 0.053810 0.012582
2 1 0.000096 0.002279 0.969091 0.027622 0.000913
2 2 0.000035 0.001224 0.985186 0.013076 0.000479
2 2 0.000075 0.002508 0.985865 0.010780 0.000772
2 2 0.000142 0.003631 0.980503 0.014502 0.001222
2 2 0.000092 0.002238 0.975456 0.021282 0.000932
2 2 0.000103 0.002214 0.970366 0.026291 0.001026
2 2 0.000040 0.001252 0.978451 0.019737 0.000520
2 2 0.000262 0.003400 0.880978 0.113698 0.001661
2 2 0.000096 0.001866 0.945062 0.052069 0.000907
2 2 0.000165 0.001811 0.794985 0.201821 0.001218
2 2 0.000071 0.001052 0.843678 0.154495 0.000703
2 2 0.000079 0.000758 0.643625 0.354829 0.000708
2 2 0.000265 0.001839 0.578938 0.417465 0.001493
3 2 0.000093 0.000541 0.241527 0.757357 0.000482
3 2 0.000170 0.000747 0.154021 0.844484 0.000577
3 3 0.000320 0.001092 0.108708 0.889131 0.000749
3 3 0.000141 0.000530 0.075640 0.923334 0.000356
3 3 0.000414 0.001295 0.100111 0.897320 0.000859
3 3 0.000165 0.000624 0.088555 0.910228 0.000428
3 3 0.000384 0.000857 0.028406 0.969914 0.000440
3 3 0.000733 0.001512 0.037701 0.959267 0.000788
3 3 0.000488 0.001058 0.031556 0.966352 0.000546
3 3 0.000366 0.000821 0.027806 0.970586 0.000421
3 3 0.000405 0.000897 0.029067 0.969169 0.000461
3 3 0.000341 0.000772 0.026969 0.971521 0.000395
3 3 0.000473 0.001030 0.031141 0.966824 0.000531
3 3 0.000344 0.000778 0.027067 0.971413 0.000398
3 3 0.000670 0.001397 0.036250 0.960956 0.000727
3 3 0.000514 0.001107 0.032289 0.965517 0.000572
3 3 0.000290 0.000669 0.025090 0.973610 0.000341
3 3 0.000229 0.000543 0.022607 0.976346 0.000275
3 3 0.000223 0.000531 0.022357 0.976619 0.000269
3 3 0.000326 0.000742 0.026424 0.972130 0.000379
3 3 0.000390 0.000868 0.028584 0.969713 0.000445
3 3 0.000296 0.000735 0.033244 0.965329 0.000396
3 3 0.000222 0.000529 0.022311 0.976669 0.000268
3 3 0.000496 0.001072 0.031774 0.966105 0.000554
3 3 0.000189 0.000460 0.020795 0.978324 0.000232
3 3 0.000352 0.000793 0.027325 0.971124 0.000406
3 3 0.000213 0.000511 0.021924 0.977093 0.000259
3 3 0.000265 0.000619 0.024134 0.974668 0.000315
3 3 0.000135 0.000342 0.017917 0.981434 0.000171
3 3 0.000217 0.000518 0.022073 0.976930 0.000262
3 3 0.000465 0.001014 0.030901 0.967096 0.000523
3 3 0.000226 0.000538 0.022504 0.976458 0.000273
3 3 0.000224 0.000533 0.022397 0.976576 0.000270
3 3 0.000147 0.000369 0.018618 0.980680 0.000185
3 3 0.000312 0.000714 0.025937 0.972672 0.000365
3 3 0.000273 0.000636 0.024462 0.974305 0.000324
3 3 0.000272 0.000633 0.024415 0.974357 0.000322
3 3 0.000450 0.000985 0.030457 0.967600 0.000508
3 3 0.000413 0.000913 0.029321 0.968884 0.000469
3 3 0.000226 0.000537 0.022486 0.976479 0.000272
3 3 0.000219 0.000524 0.022191 0.976801 0.000265
3 3 0.000338 0.000766 0.026864 0.971639 0.000392
3 3 0.000268 0.000624 0.024231 0.974560 0.000317
3 3 0.000316 0.000723 0.026087 0.972504 0.000369
3 3 0.000294 0.000677 0.025243 0.973441 0.000345
3 3 0.000202 0.000488 0.021421 0.977642 0.000247
3 3 0.000307 0.000703 0.025723 0.972909 0.000359
3 3 0.000138 0.000348 0.018079 0.981261 0.000174
3 3 0.000213 0.000510 0.021906 0.977112 0.000258
3 3 0.000278 0.000645 0.024641 0.974107 0.000329
3 3 0.000178 0.000436 0.020232 0.978935 0.000219
3 3 0.000279 0.000647 0.024671 0.974074 0.000329
3 3 0.000653 0.001366 0.035851 0.961420 0.000710
3 3 0.000364 0.000818 0.027761 0.970637 0.000420
3 3 0.000662 0.001383 0.036063 0.961174 0.000719
3 3 0.000862 0.002243 0.098375 0.897108 0.001412
3 3 0.000734 0.001514 0.037724 0.959240 0.000789
3 3 0.003889 0.007558 0.128628 0.855349 0.004577
2 3 0.232250 0.314438 0.319528 0.045759 0.088025
2 3 0.082769 0.225670 0.431907 0.205724 0.053931
2 2 0.106061 0.237140 0.473656 0.079054 0.104089
2 2 0.040249 0.176289 0.600720 0.077102 0.105640
2 2 0.001290 0.006033 0.651561 0.336076 0.005040
2 2 0.001454 0.012290 0.912121 0.067972 0.006163
2 2 0.021391 0.205851 0.624109 0.017745 0.130905
2 2 0.048030 0.363522 0.435143 0.017319 0.135986
2 2 0.017672 0.114440 0.727244 0.053534 0.087110
4 2 0.024283 0.148627 0.370472 0.052124 0.404493
2 2 0.035222 0.160573 0.386933 0.072289 0.344984
4 2 0.026776 0.164298 0.342012 0.034974 0.431940
2 2 0.022079 0.294505 0.469998 0.008547 0.204870
2 2 0.016527 0.223019 0.550300 0.008891 0.201264
2 2 0.017024 0.294392 0.474955 0.005789 0.207840
2 2 0.030379 0.226722 0.420024 0.022102 0.300773
2 2 0.022279 0.267301 0.443708 0.010498 0.256214
2 2 0.026947 0.256554 0.427634 0.015011 0.273855
4 2 0.028273 0.147217 0.311245 0.024041 0.489224
2 2 0.023149 0.273351 0.455085 0.010629 0.237787
2 2 0.030095 0.346801 0.396236 0.010201 0.216668
2 2 0.027348 0.278634 0.432843 0.013237 0.247939
2 2 0.015253 0.259682 0.504690 0.006101 0.214274
2 2 0.018775 0.263910 0.449664 0.008305 0.259346
2 2 0.031985 0.280607 0.406836 0.016540 0.264032
2 2 0.020529 0.303626 0.499932 0.007029 0.168884
1 2 0.032791 0.483536 0.285661 0.005852 0.192160
2 1 0.021532 0.336591 0.431408 0.006490 0.203979
4 1 0.021446 0.147911 0.305314 0.015278 0.510051
2 1 0.016927 0.224590 0.520946 0.009173 0.228363
4 1 0.031442 0.225153 0.343850 0.019279 0.380277
2 1 0.024763 0.239591 0.440115 0.014880 0.280651
0 1 0.381050 0.362814 0.178484 0.002802 0.074850
1 1 0.160175 0.550524 0.209604 0.001516 0.078181
1 1 0.050175 0.572189 0.252685 0.003510 0.121440
1 1 0.056547 0.590346 0.223372 0.003115 0.126620
1 1 0.072832 0.596071 0.234619 0.002942 0.093536
1 1 0.052169 0.562081 0.287153 0.007349 0.091248
1 1 0.065313 0.613052 0.235410 0.002432 0.083793
1 1 0.036570 0.523125 0.312123 0.005485 0.122696
1 1 0.041028 0.507113 0.353835 0.006552 0.091472
1 2 0.037317 0.458167 0.423358 0.006652 0.074506
1 2 0.070451 0.613981 0.250949 0.002144 0.062475
1 2 0.237630 0.485578 0.188602 0.001575 0.086614
1 2 0.365606 0.388985 0.154599 0.001477 0.089333
1 2 0.237192 0.481239 0.210339 0.001956 0.069274
1 2 0.080219 0.625379 0.238642 0.001305 0.054454
1 2 0.290737 0.470457 0.168565 0.000796 0.069444
1 2 0.277003 0.461966 0.182231 0.001373 0.077428
1 2 0.095982 0.616105 0.225790 0.001181 0.060942
0 2 0.362685 0.337729 0.158398 0.004797 0.136392
1 2 0.159856 0.546913 0.209781 0.001651 0.081799
0 2 0.496297 0.259929 0.116472 0.003024 0.124277
0 2 0.369854 0.364144 0.186024 0.003407 0.076571
0 2 0.735209 0.130681 0.058480 0.001246 0.074384
1 1 0.222714 0.483648 0.196181 0.002167 0.095291
0 0 0.673953 0.156104 0.080309 0.002844 0.086791
0 0 0.593941 0.281724 0.076228 0.000112 0.047995
0 1 0.523203 0.284309 0.119543 0.001188 0.071756
1 1 0.353856 0.457488 0.140184 0.000248 0.048224
1 1 0.359424 0.443252 0.147027 0.000355 0.049942
0 1 0.569033 0.290791 0.087207 0.000197 0.052772
0 1 0.428056 0.399338 0.122590 0.000236 0.049779
1 1 0.324451 0.474735 0.147098 0.000305 0.053411
0 1 0.737985 0.173650 0.044178 0.000067 0.044119
0 1 0.514841 0.322088 0.106111 0.000334 0.056626
0 1 0.534427 0.288495 0.110401 0.000722 0.065955
1 1 0.251476 0.529032 0.172217 0.000358 0.046917
1 1 0.216474 0.571227 0.162974 0.000235 0.049091
0 1 0.603583 0.259571 0.081231 0.000239 0.055375
1 1 0.319555 0.472414 0.159538 0.000386 0.048107
1 1 0.214513 0.564304 0.180043 0.000299 0.040842
1 1 0.314106 0.464453 0.169404 0.000578 0.051459
1 1 0.374819 0.421749 0.148861 0.000493 0.054077
0 1 0.716438 0.165224 0.057722 0.000364 0.060252
0 1 0.813563 0.093120 0.034728 0.000397 0.058192
0 1 0.782322 0.112847 0.042793 0.000477 0.061562
0 1 0.867235 0.046670 0.022168 0.001035 0.062892
0 1 0.560531 0.271725 0.101861 0.000637 0.065246
0 0 0.799284 0.110043 0.036682 0.000234 0.053757
0 0 0.565415 0.256087 0.105836 0.001054 0.071609
0 1 0.793507 0.087167 0.042520 0.001641 0.075165
0 1 0.609413 0.231621 0.090105 0.000739 0.068123
0 1 0.489243 0.308568 0.130181 0.001231 0.070777
1 1 0.333453 0.415016 0.176579 0.001612 0.073340
1 1 0.238773 0.512170 0.187485 0.000808 0.060764
1 1 0.215895 0.531562 0.193171 0.000783 0.058589
1 1 0.327199 0.404823 0.159880 0.001863 0.106235
1 4 0.210041 0.510393 0.221847 0.001566 0.056154
0 4 0.766436 0.078551 0.050911 0.007204 0.096898
0 4 0.647495 0.181659 0.086822 0.002036 0.081988
0 4 0.567515 0.242266 0.110202 0.001727 0.078289
1 4 0.234726 0.397085 0.251048 0.014168 0.102973
0 4 0.425965 0.250756 0.187248 0.023357 0.112675
0 4 0.376451 0.341946 0.191932 0.005543 0.084128
1 4 0.033641 0.473630 0.425345 0.005073 0.062311
1 4 0.060983 0.572349 0.317705 0.005156 0.043806
0 4 0.535607 0.239537 0.129682 0.004335 0.090839
1 4 0.205050 0.485544 0.248157 0.003188 0.058061
0 4 0.496680 0.231430 0.153881 0.012183 0.105825
0 4 0.690589 0.118596 0.077364 0.009006 0.104444
1 4 0.317519 0.391233 0.211397 0.004512 0.075339
1 4 0.292900 0.393152 0.225362 0.006586 0.082000
1 4 0.326572 0.387880 0.206200 0.004159 0.075189
1 4 0.326215 0.378001 0.211547 0.005425 0.078812
1 4 0.216130 0.471856 0.213271 0.003416 0.095327
1 4 0.164124 0.463644 0.226912 0.008160 0.137160
1 4 0.237947 0.443745 0.210156 0.004387 0.103766
1 4 0.189863 0.446562 0.286261 0.009901 0.067412
1 4 0.250478 0.446846 0.204624 0.003355 0.094697
1 4 0.038220 0.552418 0.334678 0.004576 0.070107
1 4 0.099446 0.570386 0.264199 0.003144 0.062826
1 4 0.059833 0.594050 0.271042 0.004166 0.070908
1 4 0.124967 0.528058 0.279676 0.004919 0.062380
1 4 0.078367 0.532206 0.308278 0.005954 0.075195
1 4 0.267690 0.424190 0.213198 0.004508 0.090413
2 1 0.022277 0.274377 0.644899 0.006775 0.051671
2 1 0.002068 0.041998 0.945405 0.002543 0.007986
2 2 0.000517 0.012656 0.981133 0.002071 0.003622
2 2 0.005180 0.078191 0.898834 0.003190 0.014605
2 2 0.001926 0.036580 0.952383 0.001207 0.007903
2 2 0.000716 0.021533 0.972391 0.001248 0.004112
2 2 0.000672 0.013716 0.973088 0.009006 0.003517
2 2 0.000101 0.004141 0.991929 0.002794 0.001035
2 2 0.000811 0.019375 0.970563 0.005396 0.003854
2 2 0.000068 0.002773 0.993611 0.002696 0.000852
2 2 0.000102 0.004005 0.991331 0.003546 0.001017
2 2 0.000116 0.004494 0.990796 0.003490 0.001104
2 2 0.000176 0.005342 0.989202 0.003676 0.001604
2 2 0.000378 0.012625 0.981736 0.002928 0.002333
2 2 0.000252 0.005004 0.975722 0.017129 0.001893
2 2 0.000203 0.004459 0.984343 0.009207 0.001789
2 2 0.000162 0.004648 0.987927 0.005810 0.001453
2 2 0.000372 0.009598 0.982971 0.004521 0.002537
2 2 0.000326 0.006189 0.973604 0.017668 0.002212
2 2 0.000089 0.003080 0.991413 0.004428 0.000990
2 2 0.000123 0.004663 0.991422 0.002569 0.001223
2 2 0.000426 0.006453 0.969431 0.020826 0.002864
2 2 0.000154 0.004937 0.986517 0.007128 0.001264
2 2 0.005898 0.058439 0.895285 0.026679 0.013699
2 2 0.000059 0.002142 0.991224 0.005849 0.000726
2 2 0.001931 0.018840 0.933400 0.038460 0.007369
2 2 0.000233 0.006668 0.985725 0.005602 0.001773
2 2 0.001410 0.030013 0.957665 0.005393 0.005519
1 2 0.353904 0.378514 0.190394 0.003139 0.074050
2 2 0.030403 0.321950 0.609515 0.007011 0.031120
2 2 0.030928 0.324950 0.605622 0.007373 0.031128
1 2 0.079771 0.493875 0.365952 0.014902 0.045501
2 2 0.038937 0.302486 0.606248 0.014670 0.037659
2 2 0.013233 0.136619 0.814448 0.014016 0.021683
2 2 0.042716 0.334025 0.571384 0.013321 0.038554
1 2 0.044111 0.479351 0.439702 0.005940 0.030895
2 1 0.042879 0.316705 0.583497 0.018873 0.038046
2 1 0.004467 0.035898 0.875845 0.072740 0.011050
2 1 0.000118 0.002851 0.981680 0.014189 0.001161
2 2 0.000110 0.003962 0.989758 0.005120 0.001050
2 2 0.000081 0.003055 0.990519 0.005498 0.000848
2 2 0.000101 0.002744 0.988337 0.007701 0.001117
2 2 0.000086 0.002782 0.986746 0.009507 0.000878
2 2 0.000595 0.011197 0.970894 0.014128 0.003185
2 2 0.000212 0.004824 0.984878 0.008254 0.001831
2 2 0.000066 0.002337 0.990683 0.006129 0.000785
2 2 0.000250 0.005331 0.976445 0.016152 0.001821
2 2 0.000349 0.009145 0.981047 0.007245 0.002214
2 2 0.000036 0.001239 0.988199 0.009995 0.000531
2 2 0.000102 0.004136 0.990929 0.003846 0.000987
2 2 0.001270 0.024397 0.959996 0.009298 0.005039
2 2 0.000055 0.001053 0.962389 0.035761 0.000743
2 2 0.000053 0.001560 0.986053 0.011637 0.000697
2 2 0.000079 0.002266 0.982564 0.014258 0.000833
2 2 0.000206 0.004491 0.979856 0.013778 0.001670
2 2 0.000079 0.002278 0.982983 0.013817 0.000842
2 2 0.000133 0.003083 0.981543 0.013970 0.001271
2 2 0.000332 0.007145 0.976628 0.013732 0.002163
2 2 0.000129 0.002624 0.978291 0.017650 0.001306
2 2 0.000157 0.003142 0.971062 0.024275 0.001365
2 2 0.000146 0.002607 0.965415 0.030477 0.001354
2 2 0.000212 0.003431 0.951635 0.043092 0.001630
2 2 0.023330 0.124965 0.752910 0.067042 0.031754
1 2 0.116239 0.474730 0.338467 0.014816 0.055748
1 2 0.082804 0.490771 0.363493 0.016049 0.046883
1 2 0.197083 0.454276 0.275666 0.007529 0.065447
0 0 0.910735 0.023611 0.011517 0.000832 0.053306
0 0 0.814696 0.074981 0.036421 0.001489 0.072413
1 0 0.206548 0.517783 0.225345 0.001345 0.048980
0 0 0.557184 0.220012 0.123430 0.005105 0.094268
1 0 0.200228 0.489361 0.250906 0.003148 0.056357
1 0 0.125963 0.523591 0.298202 0.004751 0.047494
1 0 0.220940 0.480343 0.238314 0.002716 0.057687
1 0 0.143680 0.484732 0.306415 0.008514 0.056659
1 0 0.173877 0.533009 0.244668 0.001698 0.046748
1 1 0.241213 0.447805 0.241304 0.004259 0.065419
1 1 0.191270 0.508868 0.245732 0.002274 0.051857
1 1 0.176894 0.492380 0.270327 0.004351 0.056049
1 1 0.218675 0.519277 0.213256 0.001006 0.047787
1 1 0.170427 0.497680 0.272838 0.004273 0.054782
1 1 0.255227 0.420759 0.245096 0.006450 0.072468
1 1 0.065182 0.531098 0.357739 0.009004 0.036978
1 1 0.116989 0.536756 0.297893 0.004051 0.044311
1 1 0.203209 0.525924 0.222499 0.001154 0.047214
1 1 0.110658 0.544475 0.298753 0.003745 0.042369
1 1 0.153649 0.533213 0.263938 0.002430 0.046769
1 1 0.158129 0.493290 0.287319 0.005731 0.055531
1 1 0.244178 0.447191 0.239150 0.004105 0.065377
1 1 0.154021 0.546022 0.254078 0.001759 0.044121
1 1 0.158157 0.552836 0.244911 0.001370 0.042726
1 1 0.283053 0.458954 0.198831 0.001405 0.057756
1 1 0.259154 0.475065 0.208442 0.001478 0.055861
1 1 0.130896 0.552956 0.271721 0.002224 0.042204
1 1 0.127125 0.560000 0.270145 0.001999 0.040730
1 1 0.161032 0.577326 0.223190 0.000672 0.037781
1 1 0.182029 0.532864 0.237077 0.001460 0.046569
1 1 0.346681 0.419674 0.089108 0.000204 0.144333
0 1 0.373763 0.329088 0.094044 0.000981 0.202124
1 1 0.161314 0.497015 0.078705 0.000172 0.262793
1 1 0.172653 0.386520 0.074480 0.000542 0.365805
1 1 0.125345 0.469361 0.099280 0.000744 0.305270
4 1 0.119220 0.331143 0.112950 0.004392 0.432296
4 1 0.090159 0.123720 0.090593 0.003254 0.692274
4 4 0.226054 0.123369 0.046689 0.002551 0.601337
4 4 0.222924 0.148854 0.055873 0.003994 0.568355
4 4 0.097961 0.360969 0.113914 0.002769 0.424386
4 4 0.232703 0.128420 0.041018 0.002770 0.595089
4 4 0.154904 0.115484 0.041747 0.001810 0.686055
4 4 0.368121 0.078981 0.015518 0.000545 0.536836
1 4 0.179287 0.392204 0.089747 0.000989 0.337773
4 4 0.136229 0.377529 0.092540 0.001735 0.391967
4 4 0.107324 0.185573 0.099281 0.003876 0.603946
4 4 0.244276 0.119698 0.054197 0.002564 0.579265
4 4 0.156778 0.375181 0.090816 0.001483 0.375742
1 4 0.091521 0.464727 0.100524 0.001053 0.342175
4 4 0.136753 0.363253 0.093502 0.001733 0.404759
4 4 0.230748 0.322669 0.083607 0.001582 0.361393
4 4 0.177893 0.155223 0.052383 0.001771 0.612729
4 4 0.174291 0.112324 0.064505 0.002057 0.646824
4 4 0.183787 0.187740 0.112408 0.003580 0.512484
4 4 0.269197 0.096887 0.043949 0.001248 0.588719
1 4 0.279453 0.327403 0.080633 0.000999 0.311511
4 4 0.179288 0.130809 0.061751 0.003288 0.624864
4 4 0.166061 0.134353 0.057205 0.003404 0.638977
4 4 0.330591 0.079332 0.030431 0.000653 0.558992
4 4 0.252221 0.103342 0.023751 0.001221 0.619465
4 4 0.152707 0.145234 0.073913 0.004931 0.623215
4 4 0.130764 0.262028 0.100317 0.003340 0.503551
4 4 0.098142 0.191852 0.150079 0.008930 0.550997
4 4 0.101613 0.347684 0.144964 0.002476 0.403263
4 4 0.086219 0.137754 0.088387 0.002618 0.685022
1 4 0.089793 0.434938 0.122309 0.003189 0.349771
4 4 0.103492 0.102499 0.065549 0.001519 0.726941
1 4 0.083798 0.443366 0.158607 0.001883 0.312346
4 4 0.074906 0.275857 0.172797 0.003910 0.472531
4 4 0.098699 0.112263 0.070194 0.002142 0.716701
4 4 0.315166 0.210146 0.053700 0.000683 0.420305
4 4 0.325395 0.168046 0.044461 0.001830 0.460267
0 4 0.402507 0.160758 0.045200 0.001764 0.389771
4 4 0.368611 0.166539 0.046669 0.001958 0.416222
4 4 0.202781 0.190144 0.057276 0.003429 0.546371
1 4 0.093916 0.478065 0.124998 0.001964 0.301057
1 4 0.086759 0.411478 0.127418 0.001911 0.372433
1 4 0.034393 0.481521 0.209648 0.001943 0.272495
1 4 0.060273 0.488701 0.162519 0.002089 0.286418
1 4 0.044639 0.566258 0.151432 0.001434 0.236237
1 4 0.056236 0.504531 0.115092 0.001486 0.322655
1 4 0.157897 0.363666 0.142325 0.003068 0.333045
1 4 0.161078 0.420966 0.116256 0.001961 0.299740
4 4 0.368645 0.113752 0.032249 0.002314 0.483040
1 4 0.128440 0.440041 0.108400 0.001460 0.321660
4 4 0.180129 0.261935 0.083515 0.005430 0.468990
4 4 0.199989 0.196165 0.051174 0.002637 0.550035
1 4 0.114012 0.440558 0.099393 0.001155 0.344882
1 4 0.095534 0.421816 0.115468 0.001606 0.365576
4 4 0.157779 0.350886 0.075611 0.001020 0.414704
1 4 0.241521 0.473365 0.165906 0.001480 0.117729
0 4 0.416117 0.275692 0.106218 0.003090 0.198883
1 4 0.331423 0.349782 0.172261 0.006315 0.140219
0 4 0.422115 0.270427 0.122296 0.005262 0.179901
1 4 0.197572 0.453150 0.192202 0.004765 0.152310
1 4 0.105951 0.613145 0.196130 0.000954 0.083819
1 4 0.331192 0.379614 0.181811 0.003943 0.103439
1 4 0.264892 0.438001 0.172729 0.002400 0.121978
1 4 0.261236 0.428260 0.181863 0.003372 0.125270
1 4 0.158765 0.561942 0.191910 0.001097 0.086286
0 4 0.376610 0.347197 0.162156 0.003614 0.110423
1 4 0.164926 0.526674 0.196563 0.002069 0.109769
1 4 0.050940 0.643945 0.227907 0.001693 0.075515
1 4 0.299663 0.380067 0.181446 0.005498 0.133326
1 4 0.181780 0.534656 0.201610 0.001433 0.080521
1 4 0.100499 0.601628 0.213352 0.001469 0.083052
1 4 0.285436 0.434612 0.204098 0.002585 0.073268
0 0 0.570577 0.302195 0.080258 0.000104 0.046866
0 0 0.621469 0.271086 0.064778 0.000057 0.042611
0 0 0.494731 0.371128 0.091837 0.000074 0.042231
1 0 0.372190 0.459089 0.124994 0.000132 0.043596
1 0 0.308554 0.477672 0.164990 0.000432 0.048351
1 0 0.228785 0.545038 0.185034 0.000374 0.040769
1 0 0.334776 0.451581 0.161181 0.000519 0.051942
1 1 0.209480 0.556696 0.190716 0.000426 0.042682
1 1 0.083561 0.627624 0.258604 0.000835 0.029376
1 1 0.046603 0.592599 0.314684 0.004488 0.041626
2 1 0.039986 0.402512 0.516681 0.007337 0.033484
2 1 0.032627 0.360579 0.550854 0.007439 0.048500
2 1 0.022787 0.262433 0.680719 0.006122 0.027939
2 1 0.000585 0.020583 0.972821 0.003243 0.002768
2 1 0.000585 0.017571 0.973393 0.005693 0.002758
2 2 0.000105 0.004369 0.990742 0.003800 0.000984
2 2 0.000076 0.003077 0.992292 0.003709 0.000846
2 2 0.090906 0.406349 0.437052 0.016642 0.049051
1 2 0.044598 0.566968 0.358100 0.004029 0.026305
1 2 0.064193 0.522928 0.366562 0.009124 0.037192
2 2 0.029589 0.288249 0.636191 0.018222 0.027748
2 2 0.007833 0.105257 0.854673 0.018769 0.013468
2 2 0.000086 0.002686 0.987042 0.009282 0.000904
2 2 0.000759 0.018801 0.969955 0.007035 0.003450
2 2 0.000020 0.000937 0.990124 0.008589 0.000330
2 2 0.000009 0.000349 0.986416 0.013010 0.000216
2 2 0.000035 0.001217 0.987170 0.011083 0.000496
2 2 0.000046 0.001780 0.992869 0.004669 0.000636
2 2 0.000009 0.000442 0.993138 0.006199 0.000212
2 2 0.000077 0.002435 0.988436 0.008187 0.000865
2 2 0.000022 0.000989 0.992743 0.005878 0.000368
2 2 0.000006 0.000557 0.996990 0.002291 0.000155
2 2 0.000059 0.001555 0.973489 0.024221 0.000676
2 2 0.000052 0.001609 0.984509 0.013175 0.000655
2 2 0.000050 0.001400 0.979073 0.018854 0.000624
2 2 0.000076 0.002648 0.990722 0.005686 0.000868
2 2 0.000007 0.000438 0.993598 0.005801 0.000157
2 2 0.000075 0.003115 0.991062 0.004961 0.000787
2 2 0.000047 0.001461 0.976871 0.021066 0.000555
2 2 0.000019 0.000590 0.975756 0.023304 0.000332
2 2 0.000109 0.001904 0.948475 0.048445 0.001067
2 2 0.000034 0.000664 0.924774 0.074048 0.000481
2 2 0.000099 0.002547 0.974262 0.022170 0.000922
2 2 0.000026 0.000525 0.871567 0.127530 0.000352
2 2 0.000013 0.000337 0.914756 0.084657 0.000238
2 2 0.000031 0.000719 0.929102 0.069731 0.000416
2 3 0.000106 0.001933 0.930610 0.066410 0.000941
2 3 0.000015 0.000306 0.773153 0.226305 0.000220
2 3 0.000073 0.000807 0.689109 0.309355 0.000656
