4 0 0.249819 0.233794 0.017073 0.000108 0.499206
4 0 0.111790 0.099796 0.004654 0.000014 0.783745
4 0 0.347057 0.011416 0.001060 0.000015 0.640453
4 0 0.197491 0.244653 0.022621 0.000254 0.534981
1 1 0.049628 0.717953 0.039241 0.000121 0.193057
4 1 0.036499 0.409390 0.022286 0.000091 0.531733
1 1 0.072172 0.577620 0.040709 0.000237 0.309262
0 0 0.465526 0.111148 0.011262 0.000140 0.411925
0 0 0.650163 0.120473 0.020979 0.000723 0.207663
0 0 0.836274 0.048152 0.017760 0.001662 0.096151
0 0 0.797075 0.044778 0.006103 0.000119 0.151924
0 0 0.711991 0.101302 0.011422 0.000143 0.175142
1 0 0.133920 0.573891 0.033822 0.000117 0.258250
4 0 0.119490 0.314013 0.018429 0.000079 0.547989
1 0 0.158533 0.521740 0.029788 0.000097 0.289842
1 1 0.055401 0.590946 0.036022 0.000157 0.317473
1 1 0.049043 0.631455 0.039088 0.000174 0.280240
1 1 0.044317 0.627782 0.037098 0.000152 0.290650
4 1 0.032056 0.360706 0.025025 0.000185 0.582028
4 1 0.044849 0.433136 0.039660 0.000497 0.481858
4 1 0.044177 0.291761 0.025387 0.000311 0.638364
1 1 0.031148 0.548105 0.044145 0.000405 0.376198
4 1 0.110829 0.366447 0.024253 0.000133 0.498339
1 1 0.034733 0.625100 0.046054 0.000321 0.293793
1 1 0.040924 0.762634 0.045334 0.000163 0.150944
1 1 0.032524 0.663191 0.049986 0.000357 0.253943
1 4 0.042386 0.663762 0.061856 0.000673 0.231323
0 4 0.371532 0.250507 0.015275 0.000057 0.362629
1 4 0.051685 0.731019 0.059370 0.000423 0.157502
1 4 0.036646 0.724625 0.046890 0.000219 0.191619
4 4 0.014002 0.237552 0.061561 0.000754 0.686132
1 4 0.011642 0.464112 0.121127 0.000829 0.402289
4 4 0.015093 0.415606 0.138404 0.002467 0.428430
4 4 0.007053 0.334354 0.169494 0.001784 0.487314
4 4 0.005798 0.366850 0.181354 0.000878 0.445121
2 4 0.006362 0.108260 0.695265 0.048127 0.141987
4 4 0.008666 0.346562 0.228547 0.002719 0.413506
2 4 0.005415 0.233992 0.413864 0.005421 0.341308
2 2 0.009201 0.154815 0.606063 0.037409 0.192512
2 2 0.005408 0.098296 0.736745 0.039606 0.119946
1 2 0.027895 0.565176 0.116859 0.001441 0.288629
1 2 0.016321 0.408648 0.195332 0.003865 0.375834
1 2 0.022510 0.453879 0.142549 0.003484 0.377579
1 4 0.134260 0.447967 0.124687 0.007673 0.285413
4 4 0.014185 0.252202 0.232155 0.023989 0.477468
2 4 0.012364 0.268751 0.438027 0.012589 0.268270
4 2 0.008528 0.308900 0.207885 0.004045 0.470642
2 2 0.014594 0.157378 0.574542 0.075152 0.178335
4 2 0.013704 0.229733 0.299554 0.029111 0.427898
2 2 0.012605 0.205057 0.446048 0.037347 0.298943
2 2 0.006107 0.075051 0.803947 0.051668 0.063228
2 2 0.008956 0.086553 0.729400 0.093174 0.081917
2 2 0.011567 0.055114 0.688685 0.208145 0.036489
3 2 0.030759 0.048259 0.317213 0.578944 0.024824
2 2 0.010276 0.213004 0.415370 0.025586 0.335764
2 2 0.022459 0.105128 0.579630 0.213582 0.079201
2 2 0.022976 0.108150 0.504474 0.263909 0.100492
2 2 0.021841 0.099022 0.576125 0.228332 0.074679
3 2 0.036736 0.073495 0.271842 0.562701 0.055226
2 2 0.006940 0.062334 0.802558 0.081453 0.046715
3 2 0.031066 0.048650 0.313455 0.581602 0.025226
2 2 0.033327 0.131089 0.414076 0.300507 0.121002
3 2 0.034268 0.062004 0.328007 0.539841 0.035880
3 2 0.047098 0.067213 0.158985 0.674631 0.052074
3 2 0.022584 0.044330 0.449951 0.462128 0.021008
3 2 0.031419 0.049099 0.309171 0.584617 0.025694
3 2 0.045073 0.065073 0.174375 0.667521 0.047957
3 2 0.045984 0.136439 0.319363 0.377256 0.120960
3 2 0.030852 0.048378 0.316070 0.579754 0.024946
3 2 0.029040 0.046043 0.338915 0.563369 0.022633
3 2 0.039131 0.058448 0.226037 0.639197 0.037186
3 2 0.041035 0.060626 0.208390 0.649513 0.040437
3 2 0.037836 0.056937 0.238669 0.631485 0.035073
3 2 0.053259 0.073358 0.118365 0.688769 0.066250
3 2 0.053259 0.073358 0.118365 0.688769 0.066250
3 2 0.041228 0.060844 0.206656 0.650495 0.040777
3 2 0.044127 0.064052 0.181940 0.663766 0.046115
3 2 0.048637 0.068801 0.147978 0.679208 0.055375
3 2 0.044579 0.064541 0.178300 0.665592 0.046988
3 2 0.053259 0.073358 0.118365 0.688769 0.066250
3 2 0.044747 0.064722 0.176959 0.666257 0.047316
3 2 0.053259 0.073358 0.118365 0.688769 0.066250
3 2 0.053259 0.073358 0.118365 0.688769 0.066250
3 2 0.053259 0.073358 0.118365 0.688769 0.066250
3 2 0.060350 0.106627 0.176962 0.564318 0.091743
3 2 0.045367 0.144026 0.298407 0.369598 0.142602
3 2 0.041964 0.061975 0.202504 0.651403 0.042155
3 2 0.041767 0.061450 0.201880 0.653166 0.041736
2 2 0.044294 0.317320 0.383403 0.054119 0.200864
3 2 0.048850 0.132779 0.288442 0.411370 0.118558
2 2 0.054887 0.189301 0.488810 0.179247 0.087755
2 2 0.021311 0.085188 0.574289 0.260156 0.059055
3 2 0.030471 0.058750 0.341375 0.533993 0.035410
3 2 0.034157 0.065280 0.297353 0.559531 0.043678
2 2 0.021318 0.112606 0.535090 0.225171 0.105815
3 2 0.030189 0.047529 0.324294 0.573904 0.024085
3 2 0.047657 0.067794 0.154920 0.676375 0.053255
3 2 0.040328 0.059823 0.214817 0.645823 0.039209
2 2 0.033899 0.141498 0.445492 0.256634 0.122477
3 2 0.039641 0.059037 0.221201 0.642080 0.038040
2 2 0.026927 0.105320 0.466225 0.310877 0.090651
3 2 0.033025 0.051115 0.290238 0.597741 0.027881
3 2 0.034190 0.052556 0.277050 0.606672 0.029533
3 2 0.047850 0.067994 0.153532 0.676956 0.053668
3 2 0.041906 0.097968 0.279762 0.498283 0.082081
2 2 0.026257 0.286603 0.355750 0.042269 0.289122
2 2 0.033448 0.155195 0.376316 0.263042 0.171999
2 2 0.022243 0.312244 0.342545 0.023613 0.299354
2 2 0.042100 0.174452 0.373567 0.249206 0.160676
2 2 0.021209 0.196063 0.621073 0.045962 0.115693
2 2 0.026107 0.279666 0.388301 0.042402 0.263525
2 2 0.039116 0.161999 0.409052 0.249142 0.140692
2 2 0.028881 0.103029 0.450275 0.333269 0.084546
2 2 0.029002 0.071039 0.444301 0.413518 0.042139
2 2 0.027232 0.253059 0.576117 0.029856 0.113737
3 2 0.048611 0.128226 0.307529 0.409673 0.105960
2 2 0.029839 0.099203 0.448797 0.345820 0.076341
2 2 0.020795 0.220302 0.569156 0.040335 0.149411
3 2 0.045234 0.073089 0.225143 0.606425 0.050109
2 2 0.033744 0.275836 0.495308 0.042720 0.152392
1 2 0.096557 0.648487 0.177414 0.002972 0.074570
1 2 0.087225 0.553454 0.245929 0.009176 0.104216
2 2 0.022347 0.331838 0.448791 0.013731 0.183293
1 2 0.066165 0.508196 0.262517 0.012269 0.150853
1 2 0.082651 0.673023 0.143009 0.002157 0.099160
1 2 0.107335 0.664634 0.144970 0.002885 0.080177
1 2 0.073154 0.532303 0.316898 0.005825 0.071819
1 2 0.062487 0.559013 0.262568 0.005267 0.110666
1 2 0.135621 0.679156 0.114017 0.002601 0.068605
1 2 0.082015 0.676176 0.144688 0.002016 0.095105
1 2 0.370009 0.461663 0.062846 0.001047 0.104436
0 2 0.941381 0.026725 0.008504 0.000762 0.022628
0 0 0.910029 0.045641 0.011438 0.000622 0.032270
0 0 0.882698 0.067396 0.011539 0.000269 0.038098
0 0 0.782979 0.139781 0.020763 0.000367 0.056111
0 0 0.709215 0.202679 0.025960 0.000330 0.061815
1 0 0.311437 0.584952 0.053004 0.000305 0.050302
1 0 0.419124 0.463425 0.041857 0.000255 0.075339
0 0 0.514162 0.382399 0.047776 0.000557 0.055106
1 0 0.137181 0.756701 0.060157 0.000276 0.045684
1 0 0.248648 0.630065 0.069640 0.000643 0.051004
1 0 0.335365 0.561366 0.042796 0.000172 0.060300
0 0 0.796835 0.138363 0.018194 0.000234 0.046374
0 0 0.833598 0.095527 0.015162 0.000317 0.055396
0 0 0.461914 0.434823 0.050752 0.000504 0.052007
0 0 0.672961 0.211161 0.033811 0.000755 0.081311
0 0 0.899883 0.047519 0.009003 0.000278 0.043317
0 0 0.779314 0.127911 0.027249 0.001122 0.064404
0 0 0.633772 0.253124 0.032764 0.000449 0.079891
0 0 0.948833 0.025675 0.006036 0.000265 0.019191
0 0 0.880328 0.054323 0.006253 0.000067 0.059028
0 0 0.907598 0.039895 0.005738 0.000098 0.046670
0 0 0.773297 0.122387 0.015124 0.000197 0.088994
0 0 0.902241 0.048872 0.005361 0.000048 0.043477
0 0 0.867196 0.078294 0.008916 0.000086 0.045508
0 0 0.828068 0.087082 0.008783 0.000071 0.075995
0 0 0.846537 0.080767 0.009822 0.000117 0.062757
0 0 0.847763 0.086186 0.010374 0.000117 0.055560
0 0 0.755312 0.135727 0.013740 0.000115 0.095106
0 0 0.637625 0.268412 0.020143 0.000079 0.073741
1 0 0.419245 0.435577 0.033169 0.000150 0.111859
0 1 0.800127 0.117040 0.008975 0.000038 0.073820
0 0 0.773829 0.152536 0.016062 0.000131 0.057443
0 0 0.602984 0.192877 0.017041 0.000122 0.186975
0 0 0.505715 0.343920 0.025352 0.000109 0.124904
1 0 0.361059 0.479984 0.032720 0.000120 0.126117
1 0 0.249602 0.563722 0.040398 0.000177 0.146101
0 0 0.769354 0.152531 0.022169 0.000370 0.055576
0 0 0.854258 0.059947 0.006258 0.000057 0.079481
0 0 0.946014 0.019175 0.003413 0.000091 0.031307
0 0 0.850869 0.058417 0.005435 0.000039 0.085240
0 0 0.838194 0.070819 0.007793 0.000080 0.083115
0 1 0.835768 0.102125 0.011265 0.000101 0.050741
0 1 0.909500 0.030996 0.004464 0.000081 0.054958
0 0 0.838631 0.092108 0.012948 0.000207 0.056106
0 0 0.908144 0.042390 0.006899 0.000152 0.042415
0 0 0.762077 0.160577 0.014627 0.000088 0.062632
0 0 0.829394 0.072903 0.008301 0.000093 0.089309
0 0 0.736513 0.135168 0.015042 0.000163 0.113115
1 0 0.314256 0.578773 0.033534 0.000076 0.073360
1 0 0.044749 0.623068 0.026457 0.000052 0.305674
1 0 0.024447 0.597804 0.027154 0.000070 0.350526
4 4 0.017306 0.207502 0.018014 0.000163 0.757015
4 4 0.013864 0.385585 0.022858 0.000132 0.577561
4 4 0.012153 0.267295 0.017426 0.000136 0.702990
4 4 0.020756 0.355586 0.017909 0.000069 0.605680
4 4 0.019403 0.242897 0.019779 0.000242 0.717680
4 4 0.017253 0.233023 0.016649 0.000155 0.732921
4 4 0.019412 0.294083 0.020556 0.000173 0.665776
4 4 0.014133 0.245641 0.016969 0.000139 0.723119
4 4 0.017919 0.382814 0.027728 0.000242 0.571297
4 4 0.017164 0.228833 0.015970 0.000142 0.737891
4 4 0.016376 0.278923 0.023712 0.000320 0.680670
4 4 0.036631 0.133310 0.009537 0.000086 0.820435
4 4 0.020455 0.195654 0.013139 0.000107 0.770646
4 4 0.040022 0.076221 0.006515 0.000038 0.877204
4 4 0.018896 0.201367 0.013158 0.000101 0.766477
4 4 0.023580 0.039574 0.009233 0.000033 0.927579
4 4 0.031541 0.045348 0.005974 0.000022 0.917115
4 4 0.047809 0.050118 0.005645 0.000031 0.896396
4 4 0.023481 0.047425 0.006265 0.000018 0.922810
4 4 0.041932 0.050153 0.012350 0.000103 0.895462
4 4 0.027534 0.141396 0.008396 0.000052 0.822622
4 4 0.023154 0.175205 0.011539 0.000090 0.790012
4 4 0.030616 0.219441 0.012286 0.000062 0.737595
4 4 0.030405 0.057604 0.003937 0.000011 0.908042
4 4 0.062342 0.027277 0.006754 0.000046 0.903580
4 4 0.074989 0.068564 0.004660 0.000036 0.851750
4 4 0.044689 0.077387 0.005305 0.000030 0.872589
4 4 0.023141 0.127359 0.006310 0.000027 0.843163
1 4 0.123391 0.482463 0.022011 0.000047 0.372088
1 4 0.134319 0.523573 0.026057 0.000065 0.315986
0 4 0.639275 0.202253 0.013579 0.000049 0.144844
1 4 0.231862 0.614778 0.027869 0.000042 0.125449
1 4 0.072739 0.739395 0.028941 0.000038 0.158887
1 4 0.113756 0.680058 0.035025 0.000083 0.171078
1 4 0.295265 0.516083 0.027380 0.000061 0.161211
0 0 0.774667 0.109055 0.012568 0.000146 0.103565
0 0 0.552240 0.310185 0.022050 0.000085 0.115440
0 0 0.763540 0.124876 0.009954 0.000050 0.101580
0 0 0.519508 0.366287 0.026908 0.000105 0.087191
0 0 0.457014 0.387927 0.031734 0.000172 0.123152
0 0 0.970610 0.010466 0.002440 0.000109 0.016376
0 0 0.949298 0.014413 0.004092 0.000320 0.031877
0 0 0.836836 0.082343 0.008953 0.000085 0.071783
0 0 0.716252 0.143964 0.011812 0.000066 0.127905
0 0 0.772459 0.085994 0.011451 0.000196 0.129900
0 0 0.811188 0.096156 0.009766 0.000082 0.082809
0 0 0.709437 0.172313 0.014555 0.000082 0.103612
1 0 0.345229 0.505638 0.032993 0.000108 0.116032
0 0 0.636563 0.232314 0.024068 0.000214 0.106842
0 0 0.676773 0.167694 0.013558 0.000075 0.141901
0 0 0.702890 0.208131 0.021135 0.000163 0.067681
0 0 0.591906 0.245654 0.022077 0.000152 0.140211
0 0 0.732614 0.141334 0.011534 0.000062 0.114455
0 0 0.864241 0.070322 0.007718 0.000072 0.057646
0 0 0.654056 0.201508 0.016883 0.000097 0.127456
0 0 0.728348 0.095914 0.013229 0.000257 0.162253
0 0 0.685723 0.217894 0.021867 0.000167 0.074349
0 0 0.917602 0.047040 0.008540 0.000216 0.026602
1 0 0.252977 0.608684 0.085938 0.001376 0.051027
1 0 0.076378 0.805702 0.053429 0.000189 0.064303
1 0 0.080796 0.786782 0.060297 0.000300 0.071825
1 1 0.067004 0.798087 0.053099 0.000202 0.081608
1 4 0.097907 0.785142 0.063048 0.000319 0.053583
1 4 0.081783 0.759160 0.074401 0.000537 0.084119
1 4 0.074190 0.742879 0.091100 0.000673 0.091158
1 4 0.073932 0.770631 0.069917 0.000398 0.085122
1 4 0.049429 0.691703 0.104087 0.000879 0.153901
1 2 0.063287 0.673262 0.112629 0.001621 0.149200
1 2 0.060966 0.723641 0.113021 0.000745 0.101626
0 2 0.474068 0.366368 0.050214 0.000843 0.108507
1 2 0.257873 0.556109 0.071531 0.001103 0.113384
1 2 0.092654 0.803798 0.055730 0.000199 0.047619
1 2 0.076622 0.818202 0.049497 0.000138 0.055542
1 2 0.124384 0.647561 0.074830 0.001051 0.152175
1 2 0.052695 0.745756 0.057320 0.000353 0.143876
1 2 0.057330 0.777941 0.053652 0.000242 0.110835
1 2 0.029984 0.382672 0.220009 0.004537 0.362798
1 2 0.116862 0.711977 0.052656 0.000258 0.118247
0 2 0.449482 0.273039 0.072459 0.003059 0.201961
1 2 0.277337 0.545083 0.052034 0.000416 0.125130
1 2 0.350333 0.519758 0.066143 0.000850 0.062917
1 2 0.236088 0.604416 0.048484 0.000259 0.110752
0 2 0.477237 0.386876 0.044497 0.000483 0.090906
0 0 0.633783 0.194905 0.021659 0.000245 0.149408
0 0 0.435348 0.400363 0.040362 0.000351 0.123576
1 0 0.063772 0.776613 0.058090 0.000292 0.101233
1 1 0.054963 0.701997 0.106110 0.000900 0.136030
1 1 0.014111 0.504206 0.161484 0.000959 0.319240
1 2 0.030439 0.407730 0.236360 0.012654 0.312818
1 2 0.060222 0.593436 0.142980 0.004230 0.199132
1 2 0.352354 0.402380 0.123674 0.013150 0.108441
1 2 0.111221 0.712346 0.103278 0.001435 0.071720
1 2 0.037500 0.622443 0.153624 0.001465 0.184969
1 2 0.021328 0.554724 0.158512 0.001185 0.264251
1 2 0.078114 0.626655 0.177772 0.003752 0.113706
1 2 0.032243 0.491832 0.201986 0.005236 0.268702
1 2 0.022823 0.372969 0.269735 0.011946 0.322527
2 2 0.010237 0.105113 0.801583 0.034592 0.048475
2 2 0.006845 0.171762 0.718814 0.006844 0.095735
1 2 0.040308 0.663886 0.159558 0.000967 0.135282
2 2 0.016370 0.118465 0.767493 0.050780 0.046893
2 2 0.007858 0.086671 0.779053 0.058687 0.067730
2 2 0.004263 0.065164 0.800779 0.056119 0.073676
2 2 0.003416 0.036250 0.905130 0.037311 0.017893
1 2 0.051834 0.632967 0.160530 0.002126 0.152543
2 2 0.006851 0.130443 0.802893 0.008283 0.051530
2 2 0.007176 0.030810 0.781864 0.165802 0.014348
2 2 0.014210 0.051302 0.672042 0.235735 0.026711
2 2 0.005151 0.066539 0.875777 0.022728 0.029804
2 2 0.010889 0.080111 0.796455 0.071305 0.041240
2 2 0.015430 0.206581 0.632572 0.023322 0.122095
2 2 0.007042 0.091231 0.753181 0.057490 0.091056
2 2 0.009276 0.185038 0.563904 0.024860 0.216922
2 2 0.004618 0.045484 0.883514 0.043069 0.023316
2 2 0.008323 0.183936 0.651004 0.013038 0.143698
2 2 0.020734 0.330563 0.506640 0.008015 0.134049
2 2 0.022430 0.208477 0.551181 0.058309 0.159604
1 2 0.042745 0.630243 0.196893 0.001522 0.128597
2 2 0.008852 0.099785 0.819685 0.027656 0.044022
2 2 0.012942 0.092968 0.695456 0.123281 0.075353
2 2 0.009914 0.084909 0.818164 0.048409 0.038604
2 2 0.011635 0.085845 0.748261 0.097238 0.057021
2 2 0.015612 0.122677 0.585669 0.141888 0.134154
2 2 0.003339 0.021269 0.885350 0.080575 0.009467
2 2 0.033251 0.100335 0.418076 0.372897 0.075441
3 2 0.026436 0.068455 0.413496 0.444603 0.047010
2 2 0.019830 0.130371 0.535141 0.176095 0.138562
2 2 0.004887 0.036615 0.855953 0.082291 0.020255
3 2 0.047556 0.067690 0.155644 0.676068 0.053041
3 2 0.036099 0.055585 0.257728 0.617479 0.033108
3 2 0.029149 0.046185 0.337503 0.564393 0.022770
1 2 0.053208 0.453175 0.373771 0.010361 0.109487
2 2 0.034116 0.129916 0.513989 0.239285 0.082694
2 2 0.014809 0.065899 0.661787 0.215871 0.041634
2 2 0.035287 0.210269 0.541167 0.092830 0.120447
1 4 0.046557 0.457191 0.371223 0.008260 0.116769
3 4 0.041611 0.084305 0.298802 0.516995 0.058287
2 4 0.017152 0.090775 0.749660 0.103105 0.039307
2 4 0.026151 0.068432 0.451191 0.411035 0.043191
2 4 0.014714 0.033243 0.594121 0.344797 0.013125
3 4 0.040200 0.059677 0.215995 0.645138 0.038989
3 2 0.033036 0.057264 0.301717 0.573798 0.034184
1 2 0.047576 0.517796 0.261818 0.006554 0.166256
2 2 0.018453 0.111437 0.781088 0.054788 0.034234
2 2 0.016396 0.073707 0.658021 0.205818 0.046057
2 2 0.013549 0.055409 0.685682 0.214045 0.031314
2 2 0.014212 0.063417 0.766767 0.130201 0.025402
2 2 0.038084 0.156398 0.382314 0.271449 0.151755
0 2 0.471251 0.351620 0.119876 0.012960 0.044292
1 2 0.083987 0.729973 0.114613 0.000862 0.070564
1 2 0.120933 0.585715 0.184935 0.009470 0.098947
1 2 0.060797 0.753615 0.124922 0.000384 0.060282
1 2 0.163152 0.600408 0.161664 0.005713 0.069063
0 0 0.511440 0.267091 0.134116 0.023969 0.063384
1 0 0.195882 0.678451 0.095765 0.001391 0.028511
1 0 0.132327 0.720427 0.097530 0.001113 0.048603
1 1 0.052343 0.731347 0.137051 0.000495 0.078764
2 1 0.026958 0.414355 0.473250 0.003263 0.082175
2 2 0.037430 0.356828 0.482707 0.014930 0.108104
2 2 0.002718 0.018408 0.901028 0.069817 0.008030
2 2 0.002565 0.028519 0.914169 0.039518 0.015229
2 2 0.003410 0.032666 0.887623 0.057112 0.019189
2 2 0.005205 0.036391 0.843628 0.094444 0.020331
2 2 0.009814 0.074031 0.728215 0.126086 0.061855
2 2 0.006414 0.082588 0.822738 0.035434 0.052825
2 2 0.020535 0.050119 0.500246 0.402409 0.026691
2 2 0.016887 0.097994 0.578358 0.212546 0.094214
1 2 0.139117 0.655870 0.125104 0.002211 0.077697
1 2 0.055172 0.697423 0.148844 0.000918 0.097643
2 2 0.042373 0.222647 0.554810 0.083397 0.096774
2 2 0.011165 0.040937 0.771177 0.162146 0.014574
2 2 0.030845 0.157887 0.684975 0.074099 0.052193
2 2 0.008637 0.071198 0.837218 0.051183 0.031764
2 2 0.005480 0.032134 0.898952 0.054556 0.008878
2 2 0.019802 0.048558 0.518461 0.388373 0.024806
2 2 0.044722 0.313054 0.479476 0.030534 0.132215
1 2 0.183885 0.599064 0.142373 0.008105 0.066573
1 2 0.084267 0.684999 0.154671 0.001627 0.074436
2 2 0.020175 0.067618 0.558637 0.310859 0.042711
2 2 0.021799 0.074034 0.566503 0.293137 0.044527
2 2 0.045929 0.409207 0.431825 0.011338 0.101701
2 2 0.020671 0.089732 0.618340 0.213669 0.057588
2 2 0.014941 0.083612 0.829207 0.050811 0.021430
1 2 0.055397 0.517529 0.342191 0.004435 0.080448
2 2 0.015323 0.088501 0.748425 0.104189 0.043562
2 2 0.026801 0.115254 0.607505 0.184590 0.065850
2 2 0.043705 0.210711 0.586734 0.082463 0.076387
2 2 0.031248 0.286221 0.532377 0.026604 0.123550
2 2 0.011564 0.138662 0.787047 0.016363 0.046363
2 2 0.009527 0.020545 0.694306 0.269661 0.005960
2 2 0.006858 0.026297 0.786717 0.169377 0.010751
3 2 0.024361 0.045484 0.418932 0.489271 0.021953
2 2 0.020861 0.050034 0.493802 0.408757 0.026547
3 2 0.037196 0.056182 0.245093 0.627469 0.034060
3 2 0.040925 0.062937 0.212796 0.640194 0.043148
3 2 0.035070 0.060938 0.279729 0.585525 0.038738
2 2 0.017555 0.115440 0.614645 0.151541 0.100818
3 2 0.043550 0.063827 0.187183 0.659918 0.045522
2 2 0.013059 0.043775 0.649533 0.270742 0.022891
2 2 0.007210 0.070378 0.760486 0.095840 0.066085
2 2 0.015602 0.043810 0.593513 0.325242 0.021833
3 2 0.035355 0.070222 0.286549 0.557560 0.050315
3 2 0.049652 0.069829 0.141044 0.681840 0.057635
2 2 0.016051 0.053343 0.592038 0.306944 0.031624
3 2 0.043932 0.063839 0.183535 0.662954 0.045740
1 2 0.262613 0.418498 0.211242 0.059745 0.047902
1 2 0.081715 0.657593 0.172126 0.002386 0.086180
2 2 0.038802 0.340608 0.394335 0.032760 0.193496
2 2 0.023457 0.057348 0.454800 0.430516 0.033878
2 2 0.008858 0.110947 0.769032 0.037210 0.073952
3 2 0.031063 0.048646 0.313495 0.581574 0.025222
3 2 0.025383 0.041183 0.388833 0.526279 0.018323
2 2 0.016945 0.060670 0.585224 0.298077 0.039084
3 2 0.034019 0.056348 0.286556 0.589671 0.033406
2 2 0.007747 0.093659 0.728565 0.070930 0.099099
2 2 0.012267 0.078095 0.697075 0.151435 0.061128
3 2 0.023596 0.042037 0.424787 0.490567 0.019014
3 2 0.032780 0.050810 0.293069 0.595801 0.027541
3 2 0.038648 0.057887 0.230690 0.636386 0.036388
2 2 0.020175 0.046421 0.501630 0.408610 0.023164
2 2 0.020108 0.069831 0.579808 0.287725 0.042529
3 2 0.043355 0.063209 0.188294 0.660492 0.044649
3 2 0.050691 0.070865 0.134203 0.684220 0.060020
3 2 0.051636 0.075683 0.148141 0.661742 0.062799
3 2 0.030766 0.067278 0.346730 0.509654 0.045572
3 2 0.036433 0.055274 0.252932 0.622488 0.032873
2 2 0.028766 0.175697 0.633481 0.079028 0.083029
1 2 0.093102 0.484353 0.226687 0.010886 0.184972
1 2 0.055248 0.474259 0.281890 0.014228 0.174375
2 2 0.034578 0.158726 0.542998 0.166847 0.096852
2 2 0.026973 0.326130 0.414206 0.021466 0.211225
2 2 0.010025 0.108372 0.688111 0.080665 0.112828
2 2 0.005808 0.022333 0.811940 0.151539 0.008379
2 2 0.030588 0.093475 0.416846 0.386454 0.072637
2 2 0.017311 0.081421 0.703112 0.156151 0.042005
2 2 0.016496 0.030254 0.541286 0.401210 0.010754
2 2 0.020835 0.253866 0.638288 0.011201 0.075811
2 2 0.013445 0.119016 0.756838 0.049072 0.061628
2 2 0.015953 0.027705 0.544774 0.402383 0.009186
2 2 0.016888 0.034051 0.544454 0.391260 0.013347
3 2 0.020683 0.034645 0.461174 0.470067 0.013431
2 2 0.021936 0.053683 0.485039 0.409731 0.029612
2 2 0.014381 0.025314 0.575325 0.377060 0.007920
2 2 0.016457 0.028462 0.535288 0.410186 0.009607
2 2 0.003902 0.016351 0.862876 0.111449 0.005422
3 2 0.022159 0.036734 0.437396 0.488818 0.014892
2 2 0.012161 0.026769 0.640886 0.311031 0.009154
3 2 0.033325 0.051488 0.286799 0.600088 0.028301
3 2 0.026175 0.042253 0.377567 0.534787 0.019218
3 2 0.036511 0.055366 0.252127 0.623004 0.032992
3 2 0.034928 0.053458 0.268928 0.612076 0.030609
3 2 0.033280 0.051432 0.287311 0.599739 0.028238
3 2 0.047715 0.067854 0.154501 0.676551 0.053379
3 2 0.028666 0.045555 0.343778 0.559829 0.022171
3 2 0.053259 0.073358 0.118365 0.688769 0.066250
3 2 0.042859 0.062663 0.192467 0.658288 0.043724
3 2 0.023156 0.038127 0.421896 0.500904 0.015918
3 2 0.043283 0.063130 0.188895 0.660177 0.044514
3 2 0.049146 0.069318 0.144474 0.680564 0.056498
3 3 0.035212 0.053803 0.265861 0.614097 0.031028
3 3 0.035807 0.054522 0.259499 0.618253 0.031919
3 3 0.053259 0.073358 0.118365 0.688769 0.066250
3 3 0.053259 0.073358 0.118365 0.688769 0.066250
3 3 0.053259 0.073358 0.118365 0.688769 0.066250
3 3 0.053259 0.073358 0.118365 0.688769 0.066250
3 3 0.053259 0.073358 0.118365 0.688769 0.066250
3 3 0.053259 0.073358 0.118365 0.688769 0.066250
3 3 0.053259 0.073358 0.118365 0.688769 0.066250
3 3 0.053259 0.073358 0.118365 0.688769 0.066250
3 3 0.048762 0.068929 0.147110 0.679549 0.055650
3 3 0.053259 0.073358 0.118365 0.688769 0.066250
3 3 0.047767 0.067908 0.154124 0.676709 0.053491
3 3 0.053259 0.073358 0.118365 0.688769 0.066250
3 3 0.052588 0.072716 0.122360 0.687762 0.064574
3 3 0.053259 0.073358 0.118365 0.688769 0.066250
3 3 0.052101 0.072246 0.125319 0.686952 0.063381
3 3 0.053259 0.073358 0.118365 0.688769 0.066250
3 3 0.053259 0.073358 0.118365 0.688769 0.066250
3 3 0.053259 0.073358 0.118365 0.688769 0.066250
3 3 0.053259 0.073358 0.118365 0.688769 0.066250
3 3 0.053259 0.073358 0.118365 0.688769 0.066250
3 3 0.053259 0.073358 0.118365 0.688769 0.066250
3 3 0.053259 0.073358 0.118365 0.688769 0.066250
3 3 0.053259 0.073358 0.118365 0.688769 0.066250
3 3 0.053259 0.073358 0.118365 0.688769 0.066250
3 3 0.053259 0.073358 0.118365 0.688769 0.066250
3 3 0.053259 0.073358 0.118365 0.688769 0.066250
3 3 0.053259 0.073358 0.118365 0.688769 0.066250
3 3 0.053259 0.073358 0.118365 0.688769 0.066250
3 3 0.053259 0.073358 0.118365 0.688769 0.066250
3 3 0.052467 0.072600 0.123087 0.687568 0.064278
3 3 0.054173 0.121551 0.298320 0.442170 0.083787
1 0 0.063965 0.396357 0.340888 0.035792 0.162998
2 2 0.060327 0.325087 0.365351 0.072307 0.176928
2 2 0.025632 0.265911 0.571171 0.022901 0.114385
3 2 0.029066 0.056064 0.359036 0.523478 0.032356
2 2 0.045781 0.185778 0.523311 0.152763 0.092367
2 2 0.038803 0.265612 0.554804 0.041483 0.099298
1 2 0.048622 0.677132 0.111158 0.001053 0.162035
1 2 0.031989 0.708958 0.083230 0.000321 0.175502
2 2 0.009540 0.336007 0.522019 0.001706 0.130728
1 2 0.039390 0.578068 0.161761 0.002672 0.218109
1 1 0.032753 0.730907 0.067198 0.000225 0.168917
1 4 0.031038 0.545481 0.185797 0.002598 0.235086
1 4 0.024765 0.597717 0.135405 0.000912 0.241201
4 4 0.051665 0.326246 0.043332 0.001304 0.577454
4 4 0.061458 0.278848 0.044487 0.002024 0.613183
4 4 0.068410 0.299799 0.030723 0.000505 0.600563
4 4 0.097484 0.162175 0.020727 0.000581 0.719033
4 4 0.204103 0.099825 0.016009 0.000562 0.679501
4 4 0.125540 0.233559 0.026033 0.000488 0.614380
4 4 0.053461 0.054892 0.011017 0.000111 0.880519
4 4 0.045154 0.022308 0.004187 0.000014 0.928337
4 4 0.097770 0.060723 0.004946 0.000056 0.836505
4 4 0.076343 0.364272 0.042908 0.000906 0.515571
4 4 0.022638 0.328977 0.049626 0.001414 0.597346
4 4 0.078036 0.200811 0.022435 0.000468 0.698250
4 4 0.088831 0.297021 0.037992 0.000984 0.575172
4 4 0.069950 0.156030 0.021134 0.000714 0.752171
4 4 0.142092 0.124001 0.016505 0.000492 0.716909
4 4 0.130770 0.033336 0.004679 0.000059 0.831156
4 4 0.097090 0.143030 0.020896 0.000804 0.738181
4 4 0.084595 0.171266 0.019312 0.000415 0.724411
4 4 0.066745 0.333605 0.030890 0.000398 0.568362
4 4 0.061019 0.216857 0.026832 0.000723 0.694570
4 4 0.067270 0.285304 0.033011 0.000720 0.613694
1 4 0.055559 0.693095 0.053092 0.000346 0.197908
0 4 0.498294 0.180337 0.014590 0.000098 0.306681
1 4 0.061610 0.640405 0.062170 0.000710 0.235105
1 4 0.048954 0.479529 0.058228 0.001304 0.411985
1 4 0.063238 0.527689 0.058332 0.000981 0.349760
1 4 0.076757 0.489354 0.054975 0.000955 0.377958
4 4 0.066831 0.407323 0.043018 0.000708 0.482120
4 4 0.080711 0.218373 0.022605 0.000391 0.677920
4 4 0.064914 0.408125 0.065227 0.002702 0.459031
4 4 0.198524 0.200416 0.030646 0.001096 0.569318
4 4 0.199410 0.161901 0.020493 0.000495 0.617700
4 4 0.166446 0.323743 0.034683 0.000530 0.474598
4 4 0.053176 0.430719 0.065881 0.002515 0.447709
4 4 0.207948 0.213259 0.020831 0.000268 0.557692
1 4 0.185009 0.448976 0.032621 0.000186 0.333209
1 4 0.134680 0.609863 0.051656 0.000381 0.203420
1 4 0.039241 0.520529 0.057124 0.001027 0.382080
4 4 0.128117 0.367553 0.040925 0.000695 0.462709
1 4 0.080418 0.436543 0.046877 0.000760 0.435401
4 4 0.074064 0.199656 0.021639 0.000426 0.704215
1 4 0.074701 0.447499 0.053043 0.001076 0.423681
4 4 0.092604 0.286277 0.031849 0.000604 0.588665
1 4 0.082802 0.567124 0.064441 0.001059 0.284573
4 4 0.080346 0.384019 0.034174 0.000378 0.501082
4 4 0.054599 0.267531 0.027619 0.000488 0.649763
1 4 0.045656 0.544848 0.052308 0.000670 0.356518
4 4 0.067098 0.422396 0.065165 0.002458 0.442883
4 4 0.061033 0.393614 0.061409 0.002461 0.481483
1 0 0.273781 0.400506 0.049263 0.000843 0.275608
1 0 0.181379 0.581523 0.032851 0.000094 0.204153
1 0 0.088983 0.690453 0.041241 0.000142 0.179182
1 0 0.051179 0.782148 0.048197 0.000173 0.118303
1 0 0.104226 0.779777 0.042909 0.000098 0.072990
1 0 0.067105 0.817278 0.039558 0.000072 0.075987
1 0 0.108862 0.762705 0.034611 0.000054 0.093767
1 0 0.085168 0.771923 0.038396 0.000078 0.104435
1 0 0.145473 0.715755 0.038237 0.000085 0.100450
1 0 0.236043 0.518511 0.030664 0.000096 0.214686
1 0 0.212608 0.625277 0.039821 0.000131 0.122163
1 0 0.086312 0.813284 0.034576 0.000044 0.065783
1 0 0.084991 0.825128 0.038923 0.000060 0.050898
1 0 0.249775 0.554171 0.049381 0.000354 0.146319
1 0 0.245845 0.627282 0.037605 0.000099 0.089168
1 0 0.214802 0.665901 0.037011 0.000082 0.082203
1 0 0.096078 0.822647 0.040490 0.000064 0.040720
1 0 0.065926 0.831741 0.043555 0.000090 0.058688
1 0 0.064273 0.839477 0.039939 0.000066 0.056245
1 0 0.105162 0.782311 0.039063 0.000072 0.073392
0 0 0.856397 0.063671 0.013184 0.000534 0.066215
0 0 0.894014 0.052870 0.009737 0.000279 0.043099
0 0 0.687756 0.125824 0.015794 0.000248 0.170378
0 0 0.539550 0.331531 0.021456 0.000066 0.107397
0 0 0.587347 0.319638 0.028665 0.000163 0.064186
1 0 0.152783 0.683414 0.038263 0.000098 0.125442
1 0 0.123555 0.765128 0.041468 0.000089 0.069760
1 0 0.397773 0.493000 0.036042 0.000136 0.073050
1 0 0.395218 0.472702 0.044923 0.000318 0.086839
1 0 0.124117 0.684934 0.031396 0.000056 0.159497
1 0 0.340458 0.500097 0.028740 0.000073 0.130633
1 0 0.167105 0.704814 0.032246 0.000049 0.095786
1 0 0.229763 0.619280 0.029855 0.000052 0.121051
0 0 0.788521 0.141463 0.019290 0.000274 0.050451
1 0 0.207534 0.524274 0.068982 0.001301 0.197908
1 0 0.304879 0.387184 0.038441 0.000400 0.269096
1 0 0.110283 0.707101 0.071874 0.000713 0.110029
1 0 0.074539 0.799475 0.054925 0.000215 0.070846
1 0 0.070354 0.723695 0.075224 0.000818 0.129910
1 0 0.155110 0.557763 0.061823 0.000843 0.224462
1 1 0.176737 0.534120 0.075158 0.001706 0.212278
1 1 0.088907 0.733867 0.068914 0.000585 0.107728
1 1 0.089194 0.722406 0.074276 0.000781 0.113343
1 1 0.047486 0.743676 0.065439 0.000339 0.143060
1 1 0.030506 0.744812 0.078581 0.000186 0.145915
1 1 0.025400 0.768173 0.072329 0.000097 0.134000
1 1 0.032462 0.713494 0.097723 0.000338 0.155982
1 1 0.027723 0.723903 0.096865 0.000228 0.151281
1 4 0.021525 0.701068 0.096059 0.000194 0.181155
1 4 0.015523 0.589275 0.100194 0.000354 0.294654
1 4 0.015182 0.503463 0.137394 0.000999 0.342962
1 4 0.019578 0.619012 0.133682 0.000477 0.227251
1 4 0.008816 0.455307 0.227609 0.000726 0.307541
1 4 0.008597 0.416679 0.329009 0.000988 0.244727
1 2 0.019723 0.574921 0.126920 0.000743 0.277692
2 2 0.002797 0.211121 0.584249 0.001399 0.200433
1 2 0.021111 0.643144 0.111879 0.000385 0.223481
2 2 0.005027 0.235617 0.693878 0.000800 0.064677
1 2 0.010926 0.409335 0.365648 0.001504 0.212587
2 2 0.002596 0.128214 0.796915 0.002092 0.070182
1 2 0.014083 0.545913 0.121100 0.000522 0.318383
2 2 0.000629 0.039879 0.942389 0.000465 0.016638
2 2 0.002391 0.238348 0.553469 0.000731 0.205061
2 2 0.000860 0.058314 0.910132 0.001119 0.029573
2 2 0.001238 0.086940 0.852239 0.001450 0.058134
2 2 0.006528 0.333009 0.475064 0.001252 0.184147
2 2 0.004418 0.243920 0.615238 0.001349 0.135075
1 2 0.011497 0.419717 0.186008 0.001750 0.381028
2 2 0.001449 0.090260 0.854598 0.001512 0.052181
2 2 0.003149 0.164608 0.713958 0.002319 0.115966
2 2 0.001970 0.095397 0.858786 0.001681 0.042167
2 2 0.000374 0.016009 0.962608 0.006289 0.014720
2 2 0.001680 0.071582 0.878166 0.003605 0.044967
2 2 0.002809 0.215432 0.585426 0.001332 0.195001
2 2 0.000567 0.029509 0.959693 0.000997 0.009234
2 2 0.000467 0.027263 0.952220 0.002207 0.017843
2 2 0.003201 0.267879 0.529563 0.000762 0.198595
1 2 0.058375 0.659863 0.123089 0.001465 0.157207
1 2 0.008562 0.364067 0.321128 0.002078 0.304166
2 2 0.005824 0.303360 0.482312 0.001632 0.206871
2 2 0.001208 0.129721 0.753042 0.000854 0.115176
2 2 0.000668 0.032099 0.931244 0.005332 0.030657
2 2 0.000618 0.054883 0.883717 0.001838 0.058943
2 2 0.000899 0.049461 0.920790 0.001903 0.026946
2 2 0.000277 0.019722 0.959605 0.002332 0.018064
2 2 0.008144 0.346624 0.407567 0.001917 0.235749
1 2 0.016754 0.560539 0.154587 0.000714 0.267405
1 2 0.009849 0.406958 0.350836 0.001364 0.230995
1 0 0.218367 0.513358 0.114263 0.003990 0.150022
0 0 0.446267 0.373038 0.081197 0.003778 0.095721
1 0 0.294416 0.499991 0.063966 0.001010 0.140618
1 0 0.083519 0.775662 0.064466 0.000388 0.075964
1 0 0.062744 0.773437 0.094513 0.000318 0.068987
1 0 0.125550 0.721374 0.086091 0.001080 0.065905
1 0 0.245246 0.537913 0.070800 0.001222 0.144819
1 0 0.093884 0.775136 0.066494 0.000408 0.064078
0 0 0.476441 0.294023 0.049356 0.001475 0.178705
1 0 0.394258 0.408780 0.054561 0.000927 0.141473
1 0 0.128757 0.737296 0.072568 0.000578 0.060802
1 0 0.061856 0.762387 0.062836 0.000366 0.112555
1 0 0.029458 0.656291 0.083779 0.000498 0.229974
1 1 0.052160 0.629311 0.096294 0.001511 0.220724
1 1 0.088010 0.794154 0.058400 0.000251 0.059184
1 1 0.024711 0.599791 0.096674 0.000719 0.278105
1 1 0.022153 0.610540 0.113504 0.000594 0.253208
1 1 0.022916 0.609119 0.134238 0.000702 0.233025
1 1 0.015304 0.489447 0.204849 0.001335 0.289066
1 2 0.043926 0.689178 0.086230 0.000691 0.179974
1 2 0.018409 0.613859 0.148129 0.000471 0.219132
1 2 0.017108 0.576583 0.094823 0.000458 0.311029
2 2 0.000719 0.122113 0.694621 0.000650 0.181897
1 2 0.011179 0.465921 0.225492 0.000975 0.296432
4 2 0.004289 0.317841 0.303058 0.001073 0.373739
2 4 0.003228 0.241233 0.545832 0.001181 0.208526
1 4 0.014887 0.541688 0.145905 0.000679 0.296841
1 4 0.021465 0.597735 0.123779 0.000675 0.256347
2 2 0.001275 0.171604 0.593224 0.000779 0.233118
1 2 0.020460 0.563296 0.106497 0.000790 0.308958
1 2 0.046152 0.777560 0.065335 0.000202 0.110751
1 2 0.045733 0.674920 0.099931 0.000941 0.178474
1 4 0.033534 0.654275 0.140559 0.000821 0.170811
2 4 0.001121 0.085568 0.807727 0.002567 0.103017
1 4 0.027028 0.564375 0.292558 0.001155 0.114885
2 2 0.000312 0.026299 0.953399 0.001215 0.018775
1 2 0.009844 0.388007 0.303694 0.001959 0.296497
2 2 0.000260 0.041640 0.916498 0.000518 0.041084
2 2 0.001494 0.057159 0.887492 0.006488 0.047367
2 2 0.000605 0.029045 0.948223 0.003196 0.018931
2 2 0.005428 0.101961 0.791815 0.020894 0.079902
2 2 0.004156 0.125658 0.765347 0.008117 0.096722
2 2 0.005328 0.197875 0.629741 0.004873 0.162183
2 2 0.000786 0.031951 0.933063 0.006241 0.027959
2 2 0.008332 0.362144 0.462423 0.001258 0.165843
2 2 0.001611 0.050168 0.904808 0.007934 0.035478
2 2 0.001685 0.129425 0.753864 0.001651 0.113375
2 2 0.000882 0.036886 0.925354 0.005593 0.031286
2 2 0.002032 0.111155 0.839668 0.001233 0.045912
2 2 0.012744 0.311333 0.377242 0.007257 0.291424
1 2 0.014672 0.495285 0.266226 0.001154 0.222663
2 2 0.018468 0.368661 0.506300 0.003242 0.103329
2 2 0.002525 0.111940 0.835934 0.001906 0.047695
2 2 0.006669 0.101302 0.774627 0.034064 0.083338
1 4 0.361598 0.414740 0.077125 0.002799 0.143738
1 0 0.297279 0.472281 0.065233 0.001268 0.163939
1 0 0.227234 0.437389 0.086072 0.003023 0.246282
1 0 0.189530 0.557726 0.076920 0.001581 0.174242
1 0 0.049743 0.657269 0.096101 0.001288 0.195599
1 1 0.015511 0.482059 0.135062 0.001275 0.366093
1 1 0.026555 0.554348 0.136976 0.001630 0.280491
1 1 0.019102 0.551192 0.131088 0.000910 0.297708
1 2 0.014178 0.485359 0.281204 0.001158 0.218102
1 2 0.017671 0.508777 0.164381 0.001390 0.307781
2 2 0.001772 0.170675 0.602699 0.001428 0.223426
2 2 0.005563 0.151817 0.750100 0.006281 0.086238
2 2 0.007598 0.095351 0.822571 0.026193 0.048287
2 2 0.006833 0.107886 0.808837 0.018856 0.057588
2 2 0.002235 0.049644 0.895742 0.015420 0.036960
2 2 0.001735 0.031135 0.916894 0.025794 0.024441
2 2 0.002195 0.075780 0.854305 0.007241 0.060480
2 2 0.002186 0.013716 0.916932 0.062155 0.005010
2 2 0.000672 0.025175 0.952744 0.004975 0.016435
2 2 0.003206 0.055812 0.884644 0.020621 0.035717
2 2 0.001839 0.026056 0.919298 0.034647 0.018160
2 2 0.009601 0.024950 0.706722 0.250127 0.008600
2 2 0.001107 0.042114 0.921577 0.005260 0.029942
2 2 0.002414 0.056592 0.856927 0.023083 0.060984
2 2 0.001099 0.018749 0.943145 0.024170 0.012836
2 2 0.002436 0.035436 0.894957 0.039094 0.028077
2 2 0.007331 0.037547 0.779136 0.155086 0.020900
1 2 0.024323 0.507091 0.191397 0.002675 0.274514
2 2 0.008438 0.065818 0.812670 0.075753 0.037321
2 2 0.003489 0.042736 0.868713 0.051725 0.033337
2 2 0.000567 0.009890 0.969459 0.015002 0.005082
2 2 0.001161 0.046048 0.891689 0.009186 0.051916
2 2 0.000674 0.011079 0.964994 0.017427 0.005825
2 2 0.005637 0.097458 0.772792 0.032214 0.091898
2 2 0.001344 0.028212 0.926046 0.020986 0.023412
2 2 0.011336 0.049720 0.688503 0.219758 0.030684
2 2 0.002629 0.061260 0.838506 0.026148 0.071456
2 2 0.000695 0.008824 0.966726 0.020076 0.003679
2 2 0.002088 0.033350 0.902586 0.034657 0.027320
2 2 0.004273 0.052514 0.827272 0.066671 0.049270
2 2 0.007238 0.018299 0.758184 0.211031 0.005248
2 2 0.004146 0.038040 0.857197 0.074520 0.026097
2 2 0.008347 0.060332 0.750351 0.132920 0.048050
2 2 0.001334 0.089306 0.820139 0.002571 0.086651
2 2 0.008489 0.282508 0.557563 0.002962 0.148478
2 2 0.002790 0.020595 0.898441 0.068297 0.009877
2 2 0.007909 0.037906 0.765526 0.168000 0.020658
2 2 0.001546 0.020129 0.931017 0.034810 0.012498
2 2 0.000501 0.024637 0.940254 0.006525 0.028083
2 2 0.002626 0.010865 0.898193 0.085387 0.002929
2 2 0.003559 0.025736 0.875551 0.081502 0.013651
2 2 0.005220 0.041931 0.822481 0.100375 0.029992
2 2 0.001307 0.037651 0.909640 0.014225 0.037177
2 2 0.002554 0.017431 0.905959 0.066624 0.007432
2 2 0.014574 0.042860 0.614966 0.306294 0.021306
2 2 0.009835 0.191536 0.602830 0.019321 0.176478
2 2 0.001842 0.015211 0.927684 0.048622 0.006642
2 2 0.002694 0.024047 0.898626 0.061039 0.013593
2 2 0.002670 0.023558 0.899659 0.061001 0.013111
2 2 0.001561 0.024180 0.925896 0.030954 0.017409
2 2 0.002568 0.025454 0.900212 0.056224 0.015543
2 2 0.004257 0.034509 0.851649 0.087207 0.022378
2 2 0.001485 0.048286 0.895253 0.010350 0.044626
2 2 0.001612 0.011536 0.935430 0.047295 0.004128
2 2 0.002923 0.051888 0.864388 0.032345 0.048455
2 2 0.001256 0.024096 0.932048 0.023587 0.019014
1 2 0.022404 0.462678 0.327592 0.003187 0.184139
2 2 0.006393 0.052926 0.860291 0.055542 0.024847
2 2 0.010167 0.229111 0.679442 0.004227 0.077054
1 2 0.029509 0.467309 0.422070 0.002235 0.078877
2 2 0.010403 0.217199 0.705344 0.004165 0.062889
2 2 0.008395 0.048445 0.792642 0.123552 0.026966
1 2 0.017432 0.563162 0.242468 0.000724 0.176213
1 2 0.020316 0.662251 0.108073 0.000288 0.209073
2 2 0.003442 0.098579 0.832472 0.006715 0.058792
2 2 0.010631 0.249052 0.663007 0.002713 0.074597
1 2 0.053953 0.716861 0.121605 0.000708 0.106873
1 2 0.059077 0.704013 0.119160 0.000971 0.116779
1 2 0.032650 0.688509 0.119632 0.000499 0.158711
2 2 0.004214 0.147994 0.759699 0.004051 0.084042
2 2 0.003346 0.041042 0.869680 0.053386 0.032546
1 2 0.012391 0.477115 0.373850 0.000681 0.135962
2 2 0.001020 0.030939 0.939292 0.007926 0.020824
2 2 0.002663 0.087966 0.875641 0.002764 0.030967
1 2 0.155561 0.439021 0.121991 0.001276 0.282151
1 2 0.038498 0.703237 0.105521 0.000520 0.152224
1 2 0.044150 0.667360 0.133146 0.001072 0.154272
1 2 0.021254 0.464358 0.428148 0.001349 0.084891
2 2 0.025777 0.415367 0.429472 0.002215 0.127168
1 2 0.044770 0.705392 0.121728 0.000652 0.127459
1 2 0.078982 0.760753 0.089809 0.000497 0.069959
0 0 0.461655 0.339158 0.111696 0.012547 0.074943
1 0 0.202819 0.520793 0.070364 0.001423 0.204601
1 0 0.062410 0.708039 0.097726 0.000963 0.130862
1 1 0.050395 0.667450 0.120845 0.001284 0.160025
1 1 0.038759 0.692877 0.107245 0.000602 0.160517
1 1 0.065442 0.747791 0.073616 0.000524 0.112628
1 1 0.046070 0.709601 0.087477 0.000587 0.156265
1 2 0.017680 0.571494 0.130050 0.000641 0.280135
1 2 0.022692 0.611417 0.102772 0.000575 0.262544
1 2 0.040115 0.674957 0.121904 0.000825 0.162198
1 2 0.042588 0.681690 0.108501 0.000805 0.166416
4 2 0.045582 0.400728 0.037876 0.000519 0.515296
4 2 0.015944 0.365895 0.087230 0.001174 0.529758
4 2 0.116541 0.298141 0.022065 0.000161 0.563093
4 2 0.304087 0.259111 0.023699 0.000231 0.412872
1 0 0.068569 0.573574 0.029964 0.000091 0.327802
1 0 0.050062 0.552728 0.035458 0.000182 0.361570
4 0 0.296186 0.305777 0.023382 0.000148 0.374506
4 0 0.305889 0.244303 0.015150 0.000063 0.434596
4 0 0.113246 0.328679 0.023822 0.000163 0.534090
1 0 0.066380 0.500596 0.032124 0.000164 0.400736
4 0 0.041886 0.426785 0.033584 0.000304 0.497440
4 0 0.026615 0.243441 0.025059 0.000495 0.704390
4 1 0.031411 0.249402 0.027576 0.000622 0.690989
4 1 0.038816 0.156997 0.019477 0.000340 0.784370
4 1 0.024653 0.157458 0.017732 0.000186 0.799971
4 4 0.024293 0.300495 0.037905 0.001153 0.636154
4 4 0.042835 0.190577 0.022884 0.000509 0.743195
4 4 0.049916 0.116204 0.009297 0.000105 0.824478
4 4 0.034144 0.040006 0.010712 0.000061 0.915076
4 4 0.024629 0.064357 0.013214 0.000075 0.897725
4 4 0.042922 0.103034 0.012110 0.000134 0.841800
4 4 0.094963 0.259117 0.021550 0.000216 0.624154
1 4 0.040754 0.487323 0.036696 0.000291 0.434935
4 4 0.048505 0.203477 0.017286 0.000210 0.730522
4 4 0.044160 0.196906 0.023473 0.000619 0.734843
4 4 0.059656 0.347648 0.033424 0.000472 0.558800
4 4 0.040931 0.169282 0.015707 0.000244 0.773837
4 4 0.040294 0.282739 0.047328 0.002545 0.627093
4 4 0.030685 0.168486 0.013093 0.000142 0.787594
4 4 0.034222 0.183001 0.015306 0.000191 0.767280
4 4 0.032213 0.211376 0.023268 0.000375 0.732768
1 4 0.036876 0.464774 0.041396 0.000492 0.456462
4 4 0.017457 0.317428 0.060547 0.001705 0.602863
4 4 0.016995 0.296623 0.051910 0.001195 0.633276
4 4 0.022632 0.166105 0.021407 0.000245 0.789611
4 4 0.022508 0.142814 0.018668 0.000176 0.815834
