4 0 0.143176 0.125469 0.066891 0.001636 0.662829
4 0 0.146940 0.099938 0.022746 0.000355 0.730021
1 0 0.018523 0.604373 0.076790 0.001178 0.299136
1 1 0.011272 0.521321 0.122433 0.001835 0.343138
1 1 0.011267 0.447928 0.193738 0.002250 0.344818
4 1 0.014841 0.378966 0.150009 0.003481 0.452703
4 1 0.012740 0.374938 0.185996 0.002936 0.423389
4 1 0.010197 0.343547 0.217110 0.002276 0.426869
4 1 0.009689 0.288833 0.216428 0.002308 0.482741
4 1 0.010631 0.395260 0.168590 0.002094 0.423425
4 1 0.011169 0.303212 0.159262 0.002566 0.523791
4 1 0.008854 0.292573 0.267423 0.002127 0.429023
4 1 0.010610 0.306088 0.119972 0.002182 0.561148
4 1 0.010462 0.335533 0.216559 0.002397 0.435049
4 4 0.008486 0.077623 0.052249 0.001749 0.859893
4 4 0.003695 0.050770 0.065604 0.001096 0.878835
4 4 0.009842 0.244087 0.143573 0.002320 0.600178
1 4 0.014323 0.418235 0.152187 0.003144 0.412110
1 4 0.015942 0.400790 0.198215 0.004107 0.380946
1 4 0.012296 0.411882 0.184152 0.002642 0.389028
4 1 0.012286 0.403835 0.139080 0.002456 0.442342
4 1 0.009442 0.361472 0.200639 0.001919 0.426527
4 1 0.014009 0.321227 0.121150 0.003282 0.540332
4 1 0.012809 0.336132 0.173178 0.003073 0.474809
4 1 0.009695 0.354475 0.207325 0.002041 0.426465
4 1 0.013740 0.345079 0.181835 0.003428 0.455918
1 1 0.012234 0.392378 0.202070 0.002762 0.390555
4 1 0.011552 0.327404 0.236826 0.002914 0.421305
1 1 0.011891 0.560181 0.189011 0.002224 0.236694
4 1 0.014310 0.303526 0.251226 0.004318 0.426619
1 1 0.044138 0.449079 0.393776 0.033752 0.079255
1 1 0.041181 0.533390 0.319036 0.020683 0.085710
1 2 0.060428 0.433094 0.362578 0.057574 0.086326
1 2 0.047465 0.447579 0.395289 0.040594 0.069073
2 2 0.031316 0.118305 0.517742 0.299446 0.033191
2 2 0.016918 0.057679 0.471479 0.430841 0.023083
2 2 0.023400 0.103346 0.532669 0.319942 0.020644
3 2 0.011791 0.036774 0.333747 0.604373 0.013315
2 2 0.019288 0.079475 0.492308 0.390950 0.017978
3 3 0.015025 0.050313 0.383420 0.535320 0.015922
3 3 0.020263 0.059823 0.353566 0.544746 0.021603
3 3 0.026487 0.056169 0.249604 0.636898 0.030842
3 3 0.011373 0.024041 0.197397 0.752296 0.014894
3 3 0.004027 0.007208 0.109298 0.873104 0.006362
3 3 0.027206 0.044187 0.174603 0.719258 0.034746
3 3 0.006862 0.010512 0.103681 0.868261 0.010685
3 3 0.005963 0.009190 0.099650 0.875769 0.009428
3 3 0.008511 0.012916 0.110070 0.855560 0.012942
3 3 0.002222 0.003571 0.074591 0.915711 0.003906
3 3 0.004051 0.006347 0.089136 0.893788 0.006678
3 3 0.007790 0.011868 0.107416 0.860963 0.011962
3 3 0.007168 0.010961 0.104958 0.865805 0.011108
3 3 0.003869 0.006075 0.087951 0.895693 0.006411
3 3 0.002250 0.003615 0.074878 0.915306 0.003951
3 3 0.008025 0.012210 0.108302 0.859180 0.012283
3 3 0.002712 0.004322 0.079175 0.909124 0.004667
3 3 0.010716 0.016099 0.117150 0.840151 0.015884
3 3 0.005237 0.008117 0.096024 0.882222 0.008399
3 3 0.004018 0.006299 0.088928 0.894124 0.006631
3 3 0.005117 0.007938 0.095382 0.883338 0.008226
3 3 0.004089 0.006404 0.089381 0.893392 0.006734
3 3 0.006997 0.010710 0.104249 0.867172 0.010872
3 3 0.001895 0.003066 0.071098 0.920552 0.003388
3 3 0.002267 0.003641 0.075048 0.915066 0.003978
3 3 0.002814 0.004478 0.080054 0.907830 0.004824
3 3 0.003098 0.004911 0.082377 0.904356 0.005257
3 3 0.002902 0.004613 0.080795 0.906731 0.004959
3 3 0.002200 0.003537 0.074370 0.916021 0.003872
3 3 0.003077 0.004878 0.082208 0.904612 0.005225
3 3 0.004299 0.006719 0.090695 0.891246 0.007042
3 3 0.001377 0.002258 0.064520 0.929298 0.002546
3 3 0.000839 0.001405 0.055413 0.940708 0.001635
3 3 0.001883 0.003047 0.070960 0.920741 0.003369
3 3 0.001525 0.002491 0.066567 0.926626 0.002791
3 3 0.001149 0.001899 0.061051 0.933734 0.002167
3 3 0.000803 0.001347 0.054674 0.941602 0.001573
3 3 0.000705 0.001189 0.052516 0.944190 0.001400
3 3 0.002129 0.003429 0.073643 0.917039 0.003760
3 3 0.001530 0.002497 0.066624 0.926551 0.002798
3 3 0.001471 0.002406 0.065838 0.927583 0.002702
3 3 0.001922 0.003109 0.071406 0.920130 0.003432
3 3 0.001414 0.002316 0.065044 0.928619 0.002607
3 3 0.003217 0.005091 0.083301 0.902954 0.005437
3 3 0.001343 0.002205 0.064036 0.929925 0.002491
3 3 0.000900 0.001502 0.056616 0.939243 0.001740
3 3 0.001142 0.001887 0.060922 0.933896 0.002153
3 3 0.001633 0.002659 0.067964 0.924778 0.002966
3 3 0.000693 0.001170 0.052229 0.944530 0.001378
3 3 0.001524 0.002488 0.066544 0.926656 0.002788
3 3 0.003261 0.005157 0.083632 0.902448 0.005503
3 3 0.002160 0.003476 0.073961 0.916595 0.003809
3 3 0.001110 0.001837 0.060404 0.934548 0.002100
3 3 0.004153 0.006501 0.089791 0.892725 0.006829
3 3 0.022621 0.032857 0.141021 0.772713 0.030788
3 3 0.005321 0.008241 0.096460 0.881462 0.008518
3 3 0.015497 0.023817 0.136639 0.802298 0.021748
3 3 0.001898 0.003070 0.071127 0.920513 0.003392
3 3 0.003983 0.006245 0.088697 0.894497 0.006578
3 3 0.002836 0.004512 0.080244 0.907549 0.004858
3 3 0.003191 0.005051 0.083099 0.903261 0.005397
3 3 0.002315 0.003715 0.075520 0.914398 0.004052
3 3 0.002859 0.004547 0.080434 0.907267 0.004893
3 3 0.002449 0.003920 0.076799 0.912572 0.004261
3 3 0.002723 0.004340 0.079278 0.908974 0.004685
3 3 0.003924 0.006157 0.088312 0.895115 0.006492
3 3 0.002553 0.004079 0.077760 0.911187 0.004422
3 3 0.001438 0.002354 0.065387 0.928172 0.002648
3 3 0.004041 0.006333 0.089075 0.893886 0.006664
3 3 0.000581 0.000987 0.049435 0.947822 0.001176
3 3 0.001155 0.001908 0.061140 0.933622 0.002176
3 3 0.001471 0.002405 0.065829 0.927595 0.002701
3 3 0.002393 0.003835 0.076276 0.913321 0.004175
3 3 0.002244 0.003606 0.074818 0.915391 0.003941
3 3 0.005344 0.008276 0.096582 0.881246 0.008551
3 3 0.001590 0.002592 0.067412 0.925510 0.002896
3 3 0.001321 0.002171 0.063715 0.930339 0.002454
3 3 0.002377 0.003809 0.076114 0.913552 0.004148
3 3 0.001978 0.003195 0.072027 0.919279 0.003521
3 3 0.003850 0.006047 0.087825 0.895895 0.006383
3 3 0.001582 0.002579 0.067311 0.925644 0.002883
3 3 0.000467 0.000801 0.046193 0.951571 0.000968
3 3 0.003749 0.005894 0.087141 0.896982 0.006233
3 3 0.004246 0.006640 0.090369 0.891780 0.006965
3 3 0.005683 0.008777 0.098294 0.878214 0.009033
3 3 0.000788 0.001323 0.054350 0.941993 0.001546
3 3 0.000842 0.001409 0.055471 0.940637 0.001640
3 3 0.003068 0.004865 0.082138 0.904717 0.005211
3 3 0.001773 0.002876 0.069677 0.922482 0.003192
3 3 0.001882 0.003046 0.070950 0.920755 0.003368
3 3 0.001783 0.002892 0.069796 0.922321 0.003208
3 3 0.003778 0.005938 0.087340 0.896667 0.006276
3 3 0.001820 0.002950 0.070232 0.921731 0.003268
3 3 0.002400 0.003845 0.076339 0.913230 0.004185
3 3 0.001263 0.002078 0.062834 0.931469 0.002357
3 3 0.000902 0.001505 0.056654 0.939196 0.001743
3 3 0.000596 0.001012 0.049831 0.947359 0.001203
3 3 0.000962 0.001601 0.057792 0.937799 0.001847
3 3 0.001856 0.003006 0.070654 0.921158 0.003326
3 3 0.001145 0.001892 0.060973 0.933832 0.002159
3 3 0.001095 0.001812 0.060143 0.934875 0.002074
3 3 0.000884 0.001476 0.056304 0.939624 0.001712
3 3 0.001843 0.002986 0.070506 0.921359 0.003306
3 3 0.004173 0.006531 0.089914 0.892524 0.006858
3 3 0.000814 0.001365 0.054901 0.941329 0.001592
3 3 0.002482 0.003971 0.077114 0.912119 0.004313
3 3 0.000841 0.001408 0.055458 0.940653 0.001639
3 3 0.002506 0.004008 0.077335 0.911802 0.004350
3 3 0.001376 0.002257 0.064508 0.929314 0.002545
3 3 0.003536 0.005573 0.085654 0.899322 0.005915
3 3 0.000488 0.000836 0.046838 0.950831 0.001007
3 3 0.002712 0.004323 0.079180 0.909117 0.004668
3 3 0.001463 0.002393 0.065725 0.927731 0.002688
3 3 0.001567 0.002555 0.067111 0.925909 0.002858
3 3 0.001786 0.002898 0.069838 0.922264 0.003214
3 3 0.003610 0.005684 0.086176 0.898504 0.006025
3 3 0.063691 0.139779 0.296085 0.436930 0.063515
3 3 0.026280 0.048787 0.208519 0.684250 0.032163
3 3 0.028914 0.091202 0.402885 0.448643 0.028355
3 2 0.031085 0.099770 0.413304 0.425949 0.029892
2 1 0.058060 0.355633 0.452731 0.080953 0.052623
2 1 0.087929 0.360982 0.432422 0.065871 0.052796
2 1 0.051542 0.361651 0.463414 0.071429 0.051964
2 1 0.053522 0.359077 0.435127 0.084505 0.067769
2 2 0.021673 0.165615 0.707558 0.070924 0.034229
2 2 0.040551 0.261190 0.528530 0.083303 0.086427
2 2 0.037760 0.334124 0.511183 0.037216 0.079717
2 2 0.046850 0.349541 0.459337 0.064913 0.079359
2 2 0.010228 0.068056 0.802027 0.101748 0.017942
2 2 0.028014 0.218860 0.642638 0.063873 0.046615
2 2 0.042122 0.226440 0.546541 0.107043 0.077855
2 2 0.036414 0.215208 0.591018 0.084640 0.072721
2 2 0.036802 0.397166 0.409514 0.022059 0.134458
2 2 0.036993 0.388176 0.441131 0.024848 0.108852
1 2 0.046701 0.513194 0.331092 0.026130 0.082883
1 2 0.046907 0.478492 0.384912 0.029581 0.060107
1 2 0.040564 0.479351 0.385478 0.025083 0.069525
2 2 0.044562 0.367523 0.492154 0.054606 0.041155
1 2 0.044563 0.461616 0.404778 0.031846 0.057197
1 2 0.037706 0.482754 0.408397 0.022082 0.049061
1 2 0.087143 0.483184 0.350594 0.017016 0.062063
0 2 0.549607 0.240732 0.146032 0.008632 0.054997
1 2 0.065976 0.570071 0.289859 0.004633 0.069461
1 2 0.047586 0.535384 0.348808 0.009751 0.058472
1 2 0.046823 0.547130 0.348549 0.006082 0.051415
1 2 0.043296 0.573928 0.314343 0.005461 0.062973
0 1 0.351084 0.345743 0.233122 0.011142 0.058909
1 1 0.120101 0.488951 0.324378 0.008624 0.057946
1 1 0.042485 0.489149 0.384214 0.025310 0.058841
1 1 0.036879 0.489816 0.401651 0.020958 0.050697
1 1 0.042526 0.511426 0.377132 0.014650 0.054266
1 1 0.062990 0.497385 0.358891 0.018151 0.062583
1 1 0.043858 0.483245 0.414122 0.015588 0.043188
2 1 0.040385 0.410297 0.454228 0.042157 0.052933
2 1 0.037849 0.411581 0.473465 0.034963 0.042143
1 1 0.031386 0.465128 0.446123 0.017918 0.039445
2 2 0.038405 0.271397 0.582957 0.079773 0.027468
2 2 0.022724 0.297820 0.627476 0.025872 0.026108
2 2 0.033392 0.371061 0.526426 0.036983 0.032139
2 2 0.034229 0.347115 0.546035 0.043228 0.029394
2 2 0.045091 0.397508 0.462228 0.047462 0.047711
2 2 0.055670 0.396848 0.411475 0.066135 0.069872
2 2 0.036705 0.263165 0.590845 0.080167 0.029118
2 2 0.044648 0.386446 0.471856 0.050577 0.046474
2 2 0.031201 0.217096 0.631277 0.090372 0.030054
2 2 0.041518 0.265859 0.552574 0.103070 0.036979
2 2 0.045119 0.306938 0.520497 0.084395 0.043052
2 2 0.030695 0.213711 0.650930 0.075290 0.029374
2 2 0.044745 0.296573 0.523007 0.094960 0.040715
2 2 0.025025 0.172579 0.675021 0.107734 0.019642
2 2 0.033153 0.162588 0.578203 0.198401 0.027655
2 2 0.059858 0.247527 0.472988 0.175040 0.044588
2 2 0.061710 0.261961 0.454522 0.169580 0.052227
2 2 0.033600 0.143351 0.568262 0.219956 0.034831
2 2 0.064212 0.301551 0.432337 0.138757 0.063143
2 2 0.031079 0.128265 0.510255 0.303781 0.026620
2 3 0.058319 0.241659 0.476921 0.179430 0.043670
2 3 0.042161 0.158656 0.476585 0.286971 0.035628
2 3 0.073478 0.228728 0.392540 0.244662 0.060593
1 3 0.093119 0.445988 0.370604 0.030060 0.060229
1 2 0.084003 0.443960 0.384623 0.031015 0.056400
1 2 0.303797 0.358710 0.262140 0.015865 0.059487
0 0 0.824474 0.075148 0.027024 0.007540 0.065814
1 0 0.049251 0.511302 0.366801 0.014840 0.057807
1 0 0.045858 0.435661 0.425275 0.038620 0.054586
2 1 0.063377 0.372205 0.479084 0.043520 0.041814
1 1 0.052583 0.439730 0.407155 0.042403 0.058129
1 1 0.058807 0.489191 0.372905 0.020184 0.058912
1 1 0.115500 0.481430 0.309045 0.017035 0.076990
1 0 0.056914 0.516615 0.354885 0.012430 0.059156
0 0 0.624290 0.192079 0.108926 0.012266 0.062438
1 0 0.043860 0.473869 0.400703 0.027766 0.053802
2 1 0.040563 0.296730 0.565839 0.070234 0.026635
2 1 0.044122 0.366950 0.516819 0.035185 0.036924
1 1 0.038312 0.507421 0.394727 0.012727 0.046813
2 1 0.038505 0.371462 0.507616 0.045054 0.037365
1 2 0.034241 0.465802 0.431646 0.022471 0.045841
2 2 0.035461 0.326451 0.561734 0.049610 0.026744
1 2 0.040574 0.484741 0.396613 0.024182 0.053890
1 2 0.069317 0.458309 0.421187 0.013387 0.037800
1 2 0.037216 0.489409 0.401133 0.021239 0.051003
2 2 0.028943 0.294319 0.613796 0.041872 0.021070
2 2 0.030054 0.296899 0.601892 0.049382 0.021774
2 2 0.024716 0.286989 0.632489 0.032835 0.022971
2 2 0.047448 0.309036 0.535874 0.076882 0.030758
2 2 0.038019 0.351970 0.532284 0.046610 0.031116
2 2 0.034093 0.312708 0.574297 0.053007 0.025895
2 2 0.031985 0.406548 0.506555 0.025494 0.029418
2 2 0.030151 0.253931 0.624997 0.070521 0.020400
2 2 0.038408 0.309961 0.559666 0.063229 0.028736
2 2 0.031190 0.225995 0.645132 0.073309 0.024374
2 2 0.013967 0.064382 0.539237 0.368417 0.013997
2 2 0.040779 0.323605 0.539080 0.063773 0.032763
2 2 0.031346 0.319586 0.582172 0.043669 0.023228
2 2 0.091975 0.349598 0.474033 0.048505 0.035889
0 2 0.336127 0.325450 0.272649 0.017467 0.048307
1 2 0.190856 0.370028 0.358727 0.032032 0.048357
1 2 0.045114 0.458032 0.422101 0.027991 0.046762
2 2 0.042746 0.389130 0.492876 0.040502 0.034746
2 2 0.042239 0.284399 0.551775 0.089518 0.032070
2 2 0.037261 0.367456 0.526744 0.039120 0.029419
2 2 0.035894 0.387218 0.509026 0.034921 0.032942
2 2 0.038132 0.371655 0.514251 0.042074 0.033888
2 2 0.044197 0.283860 0.546716 0.092972 0.032255
2 2 0.035084 0.382947 0.508771 0.037395 0.035804
2 2 0.041721 0.367069 0.505086 0.049139 0.036985
2 2 0.041851 0.263244 0.557378 0.105892 0.031635
2 2 0.029490 0.169839 0.639358 0.135523 0.025790
2 2 0.036439 0.269345 0.578439 0.086867 0.028911
2 2 0.044681 0.353031 0.492317 0.064661 0.045309
2 2 0.061946 0.315171 0.464216 0.109979 0.048688
0 2 0.654402 0.168578 0.085280 0.015650 0.076090
0 0 0.924069 0.029531 0.004775 0.000283 0.041341
1 0 0.039635 0.553640 0.285123 0.018036 0.103566
0 0 0.918255 0.033022 0.008691 0.000864 0.039168
0 0 0.706430 0.120549 0.034807 0.010200 0.128014
1 1 0.034380 0.571563 0.275791 0.014044 0.104222
1 1 0.037121 0.550203 0.224227 0.014346 0.174102
1 2 0.037735 0.559539 0.282976 0.016576 0.103174
1 2 0.045751 0.551563 0.238245 0.020663 0.143778
1 2 0.035868 0.417391 0.292943 0.016541 0.237257
1 2 0.042274 0.547913 0.251173 0.018654 0.139986
4 4 0.065145 0.304995 0.247194 0.054874 0.327792
1 4 0.041699 0.470295 0.267693 0.019413 0.200899
4 4 0.055560 0.196198 0.133633 0.036259 0.578350
1 4 0.059665 0.360728 0.246827 0.041476 0.291303
1 4 0.074829 0.427283 0.198649 0.046198 0.253040
4 4 0.042876 0.324382 0.243084 0.023080 0.366578
1 4 0.056770 0.466297 0.241812 0.032468 0.202652
1 4 0.059404 0.507748 0.277415 0.034750 0.120683
1 4 0.039158 0.518767 0.256826 0.016790 0.168460
4 4 0.258738 0.266068 0.164042 0.028093 0.283058
1 1 0.057778 0.528100 0.260401 0.025604 0.128117
1 1 0.039692 0.448646 0.291477 0.018903 0.201282
1 1 0.035476 0.486382 0.279288 0.015120 0.183733
1 1 0.035231 0.398666 0.323267 0.017078 0.225758
1 1 0.038923 0.432994 0.341070 0.022812 0.164200
1 1 0.044157 0.450803 0.319054 0.024404 0.161582
1 1 0.037348 0.516151 0.261233 0.015699 0.169569
1 1 0.036918 0.517283 0.256080 0.015263 0.174455
1 1 0.050935 0.436433 0.342151 0.039659 0.130822
0 0 0.644906 0.174556 0.090255 0.015571 0.074713
1 0 0.336671 0.368462 0.240399 0.005437 0.049031
0 0 0.698294 0.156595 0.083073 0.008054 0.053985
0 0 0.963459 0.014613 0.006546 0.000623 0.014759
0 0 0.621908 0.194566 0.112279 0.011486 0.059761
1 0 0.171888 0.482101 0.286861 0.004298 0.054852
1 0 0.110258 0.534264 0.284611 0.004579 0.066288
1 0 0.172053 0.475125 0.291436 0.005290 0.056097
1 0 0.115920 0.495647 0.328170 0.006801 0.053463
1 0 0.223417 0.436216 0.278502 0.006303 0.055562
1 0 0.158642 0.485129 0.293201 0.005354 0.057674
1 0 0.201312 0.425593 0.298879 0.013037 0.061179
1 0 0.134460 0.506375 0.289960 0.005576 0.063629
1 0 0.113839 0.481163 0.340327 0.009975 0.054696
1 0 0.089354 0.484953 0.346690 0.016267 0.062735
1 0 0.173912 0.452095 0.301260 0.010562 0.062171
1 0 0.123432 0.455076 0.342006 0.018349 0.061138
0 0 0.362522 0.217260 0.290388 0.062700 0.067130
1 0 0.270180 0.347981 0.305362 0.024822 0.051656
0 0 0.604017 0.093243 0.123303 0.089402 0.090034
0 0 0.615481 0.056068 0.155357 0.112610 0.060484
3 0 0.304141 0.073326 0.224540 0.323125 0.074868
1 0 0.115325 0.484676 0.346227 0.006755 0.047017
1 0 0.047806 0.461063 0.436109 0.017066 0.037956
2 1 0.065770 0.391605 0.488125 0.023339 0.031160
1 1 0.066233 0.477943 0.394895 0.014517 0.046412
1 1 0.054974 0.469866 0.411656 0.018496 0.045009
2 1 0.041404 0.398385 0.498792 0.029640 0.031780
2 1 0.051357 0.365982 0.518614 0.034034 0.030012
2 2 0.054900 0.321709 0.541725 0.052237 0.029429
2 2 0.042468 0.344944 0.517098 0.058922 0.036569
2 2 0.042764 0.275747 0.553800 0.096189 0.031501
2 2 0.040454 0.252022 0.567163 0.110576 0.029785
2 2 0.046318 0.274420 0.536886 0.107794 0.034582
2 2 0.043991 0.231394 0.551250 0.142556 0.030809
2 2 0.059171 0.267526 0.477254 0.150381 0.045668
2 2 0.060894 0.195780 0.414887 0.276899 0.051540
2 2 0.051969 0.232282 0.504770 0.172617 0.038362
2 3 0.058735 0.245228 0.471320 0.178785 0.045931
2 3 0.048094 0.216640 0.515431 0.183840 0.035995
2 3 0.044124 0.213580 0.538332 0.171593 0.032371
2 3 0.040945 0.211780 0.556244 0.161040 0.029991
2 3 0.046712 0.171979 0.466708 0.275513 0.039088
2 3 0.030376 0.104854 0.441352 0.395020 0.028396
2 3 0.058961 0.202904 0.435311 0.254243 0.048581
3 3 0.017606 0.033219 0.191315 0.735220 0.022640
3 3 0.019602 0.049391 0.290046 0.618619 0.022342
2 3 0.026177 0.097293 0.464991 0.387256 0.024283
3 3 0.015354 0.045757 0.336567 0.585329 0.016993
3 3 0.011502 0.021940 0.170962 0.780007 0.015588
3 3 0.050015 0.092815 0.238162 0.563423 0.055586
3 3 0.027025 0.073018 0.337526 0.533863 0.028569
3 3 0.003626 0.006309 0.100807 0.883403 0.005856
3 3 0.010749 0.016148 0.117248 0.839926 0.015929
3 3 0.015969 0.024383 0.136596 0.800680 0.022372
3 3 0.010151 0.017619 0.142983 0.814809 0.014438
3 3 0.007143 0.010924 0.104855 0.866004 0.011074
3 3 0.007174 0.010969 0.104980 0.865761 0.011116
3 3 0.005138 0.007970 0.095497 0.883139 0.008256
3 3 0.002041 0.003292 0.072709 0.918338 0.003621
3 3 0.007184 0.010984 0.105023 0.865679 0.011131
3 3 0.002440 0.003906 0.076714 0.912694 0.004247
3 3 0.001290 0.002121 0.063248 0.930939 0.002402
3 3 0.001749 0.002840 0.069395 0.922861 0.003154
3 3 0.002184 0.003513 0.074206 0.916252 0.003846
3 3 0.001187 0.001959 0.061660 0.932963 0.002230
3 3 0.005102 0.007916 0.095303 0.883475 0.008204
3 3 0.002095 0.003376 0.073287 0.917536 0.003707
3 3 0.002241 0.003600 0.074783 0.915439 0.003936
3 3 0.001452 0.002375 0.065572 0.927930 0.002670
3 3 0.000866 0.001448 0.055955 0.940049 0.001682
3 3 0.002332 0.003741 0.075684 0.914165 0.004079
3 3 0.001738 0.002822 0.069255 0.923050 0.003136
3 3 0.002331 0.003739 0.075674 0.914178 0.004077
3 3 0.004286 0.006700 0.090617 0.891374 0.007024
3 3 0.000423 0.000728 0.044782 0.953181 0.000885
3 3 0.001402 0.002297 0.064871 0.928844 0.002587
3 3 0.001347 0.002211 0.064093 0.929851 0.002497
3 3 0.002148 0.003457 0.073835 0.916770 0.003790
3 3 0.000975 0.001622 0.058044 0.937488 0.001870
3 3 0.001062 0.001760 0.059579 0.935581 0.002018
3 3 0.002513 0.004018 0.077394 0.911716 0.004360
3 3 0.001389 0.002277 0.064690 0.929078 0.002566
3 3 0.000902 0.001505 0.056657 0.939193 0.001744
3 3 0.001011 0.001680 0.058699 0.936678 0.001932
3 3 0.002345 0.003761 0.075815 0.913979 0.004100
3 3 0.001261 0.002076 0.062814 0.931495 0.002354
3 3 0.000426 0.000733 0.044882 0.953067 0.000891
3 3 0.001913 0.003095 0.071305 0.920269 0.003418
3 3 0.000778 0.001306 0.054132 0.942256 0.001528
3 3 0.000644 0.001090 0.051058 0.945917 0.001291
3 3 0.001240 0.002042 0.062489 0.931909 0.002319
3 3 0.002726 0.004344 0.079303 0.908938 0.004689
3 3 0.002192 0.003524 0.074284 0.916141 0.003858
3 3 0.000911 0.001520 0.056843 0.938965 0.001760
3 3 0.000915 0.001526 0.056914 0.938878 0.001767
3 3 0.002655 0.004235 0.078675 0.909856 0.004579
3 3 0.002175 0.003499 0.074117 0.916376 0.003833
3 3 0.003143 0.004978 0.082727 0.903827 0.005325
3 3 0.002036 0.003284 0.072654 0.918413 0.003613
3 3 0.000542 0.000924 0.048379 0.949051 0.001105
3 3 0.000976 0.001624 0.058066 0.937461 0.001873
3 3 0.001483 0.002425 0.066004 0.927366 0.002722
3 3 0.001786 0.002897 0.069836 0.922266 0.003214
3 3 0.000528 0.000900 0.047981 0.949511 0.001079
3 3 0.001576 0.002570 0.067229 0.925752 0.002873
3 3 0.000748 0.001259 0.053486 0.943031 0.001476
3 3 0.001939 0.003135 0.071593 0.919874 0.003459
3 3 0.000979 0.001629 0.058119 0.937395 0.001878
3 3 0.000919 0.001533 0.056994 0.938780 0.001774
3 3 0.002073 0.003342 0.073050 0.917864 0.003671
3 3 0.000991 0.001648 0.058334 0.937130 0.001898
3 3 0.000496 0.000849 0.047079 0.950553 0.001022
3 3 0.000375 0.000649 0.043119 0.955063 0.000795
3 3 0.000978 0.001627 0.058098 0.937422 0.001876
3 3 0.001667 0.002712 0.068390 0.924210 0.003022
3 3 0.000389 0.000673 0.043632 0.954484 0.000822
3 3 0.000794 0.001333 0.054485 0.941831 0.001557
3 3 0.000603 0.001023 0.050007 0.947152 0.001216
3 3 0.000534 0.000910 0.048154 0.949312 0.001090
3 3 0.000580 0.000986 0.049422 0.947836 0.001175
3 3 0.000529 0.000902 0.048016 0.949471 0.001082
3 3 0.000591 0.001003 0.049697 0.947515 0.001194
3 3 0.000647 0.001095 0.051134 0.945827 0.001296
3 3 0.000702 0.001184 0.052433 0.944288 0.001393
3 3 0.001851 0.002998 0.070594 0.921239 0.003318
3 3 0.062650 0.115802 0.200173 0.521685 0.099689
2 0 0.067727 0.125471 0.457322 0.310895 0.038584
2 0 0.064602 0.272030 0.455727 0.157711 0.049930
2 0 0.053476 0.328486 0.452549 0.102740 0.062749
2 0 0.070045 0.345701 0.366086 0.121475 0.096693
2 2 0.055029 0.339422 0.444921 0.096160 0.064468
1 2 0.048111 0.456929 0.338490 0.028812 0.127659
2 2 0.056514 0.247352 0.405019 0.112682 0.178433
2 2 0.049380 0.345272 0.401188 0.054405 0.149756
1 2 0.050006 0.474443 0.352949 0.037358 0.085243
2 2 0.047243 0.306369 0.446939 0.070332 0.129117
2 2 0.046028 0.321181 0.413377 0.053732 0.165682
2 2 0.042628 0.332863 0.442877 0.054409 0.127223
2 4 0.039919 0.211470 0.442416 0.070654 0.235542
2 4 0.040985 0.286090 0.464059 0.054080 0.154786
2 4 0.042061 0.262576 0.451473 0.061732 0.182158
2 4 0.046214 0.280776 0.413819 0.061429 0.197762
2 4 0.042263 0.229229 0.486543 0.084337 0.157627
2 4 0.049086 0.238574 0.415323 0.107503 0.189514
2 4 0.047900 0.182588 0.344324 0.114878 0.310310
2 4 0.054380 0.214538 0.420427 0.191159 0.119495
2 4 0.044405 0.299739 0.430659 0.058461 0.166735
4 4 0.046957 0.165298 0.288880 0.100272 0.398593
4 4 0.056993 0.241002 0.274729 0.111662 0.315614
1 4 0.056636 0.369261 0.337247 0.060889 0.175966
1 4 0.034147 0.490763 0.339878 0.015783 0.119429
2 4 0.040862 0.309759 0.410515 0.032771 0.206093
1 4 0.051430 0.443276 0.319247 0.040805 0.145242
2 4 0.040612 0.370979 0.398712 0.028956 0.160741
1 4 0.047601 0.443131 0.286493 0.025234 0.197541
2 4 0.072199 0.304055 0.315890 0.088877 0.218980
1 4 0.042221 0.536526 0.307990 0.021020 0.092243
1 4 0.030708 0.404574 0.372833 0.014631 0.177254
1 4 0.053124 0.395755 0.358399 0.054008 0.138714
1 4 0.053095 0.361671 0.336448 0.049182 0.199605
1 4 0.034615 0.412194 0.386104 0.018089 0.148997
2 4 0.042219 0.359854 0.448595 0.048817 0.100514
1 4 0.035101 0.544069 0.327372 0.016274 0.077184
1 2 0.107247 0.349978 0.348999 0.101921 0.091855
1 1 0.054056 0.556366 0.284001 0.011857 0.093720
1 1 0.041933 0.532765 0.316701 0.021192 0.087409
1 2 0.033633 0.553144 0.318093 0.014883 0.080246
1 2 0.036911 0.548056 0.311791 0.017041 0.086202
1 2 0.033040 0.526940 0.362763 0.016015 0.061241
1 2 0.034706 0.517845 0.370052 0.017624 0.059772
1 0 0.075734 0.450267 0.368848 0.036034 0.069118
0 0 0.355558 0.320818 0.245863 0.019909 0.057852
1 0 0.246797 0.418812 0.235718 0.012754 0.085919
1 0 0.212328 0.452800 0.177312 0.011553 0.146008
1 0 0.123069 0.526915 0.241460 0.007687 0.100870
1 0 0.032275 0.557529 0.316639 0.013889 0.079668
1 0 0.148126 0.460468 0.281231 0.020296 0.089879
1 0 0.200484 0.396916 0.326225 0.020983 0.055393
1 0 0.096181 0.557604 0.250239 0.005265 0.090711
1 0 0.025630 0.486288 0.440237 0.012894 0.034951
1 0 0.029386 0.469228 0.450080 0.016405 0.034901
1 0 0.068436 0.457011 0.412942 0.018302 0.043310
2 0 0.027481 0.462106 0.463872 0.015275 0.031267
2 0 0.030943 0.358479 0.560284 0.026209 0.024084
1 0 0.026877 0.463774 0.463579 0.014736 0.031034
2 1 0.026283 0.439887 0.492720 0.015343 0.025767
1 1 0.023680 0.472915 0.461680 0.012017 0.029708
1 2 0.034391 0.466865 0.454055 0.012877 0.031811
1 2 0.026527 0.465600 0.462401 0.014390 0.031082
1 2 0.042109 0.464338 0.451588 0.011140 0.030825
1 2 0.023150 0.470451 0.466018 0.011727 0.028655
2 2 0.029288 0.447980 0.474800 0.017582 0.030351
1 2 0.034362 0.474451 0.454631 0.008436 0.028121
2 2 0.028166 0.438225 0.488418 0.017341 0.027850
2 2 0.027965 0.448792 0.478051 0.016290 0.028902
2 2 0.030312 0.443214 0.476883 0.018892 0.030698
2 2 0.024306 0.461973 0.472712 0.012875 0.028134
2 2 0.032884 0.389061 0.519521 0.029593 0.028942
2 2 0.028885 0.453318 0.470300 0.016808 0.030689
2 2 0.033653 0.285050 0.589667 0.066138 0.025493
2 2 0.030185 0.374386 0.541101 0.028697 0.025631
1 2 0.031190 0.460048 0.455971 0.018314 0.034476
2 2 0.031459 0.410814 0.502581 0.024823 0.030323
2 2 0.035909 0.378319 0.519387 0.035774 0.030611
2 2 0.034257 0.385484 0.514908 0.033461 0.031889
2 2 0.029474 0.267483 0.621428 0.061134 0.020482
2 2 0.033313 0.369421 0.532782 0.035222 0.029262
2 2 0.029661 0.345177 0.567916 0.033840 0.023406
2 2 0.028431 0.459971 0.463757 0.016116 0.031725
2 2 0.033549 0.314189 0.571766 0.053321 0.027175
2 2 0.035756 0.297905 0.584653 0.058375 0.023310
2 2 0.034999 0.304971 0.572256 0.060154 0.027620
2 3 0.033762 0.255630 0.605332 0.081958 0.023318
2 2 0.114166 0.293613 0.481900 0.069606 0.040715
2 0 0.148256 0.319789 0.434719 0.052625 0.044611
2 0 0.040565 0.347519 0.517617 0.056753 0.037546
2 0 0.046895 0.381027 0.476314 0.052443 0.043321
2 0 0.037864 0.399295 0.486523 0.036935 0.039383
2 0 0.040451 0.395485 0.488161 0.038637 0.037266
2 1 0.044695 0.293124 0.542481 0.087129 0.032571
2 1 0.038323 0.430425 0.454219 0.031818 0.045214
2 1 0.035341 0.399090 0.498473 0.032451 0.034645
2 1 0.038457 0.284210 0.571046 0.078056 0.028231
2 1 0.042406 0.378049 0.491919 0.047715 0.039911
2 1 0.045526 0.356490 0.496348 0.060445 0.041191
2 1 0.046564 0.295074 0.533721 0.090471 0.034170
2 1 0.035909 0.316285 0.562417 0.056840 0.028549
2 1 0.042809 0.395209 0.478774 0.042521 0.040688
2 1 0.040199 0.376208 0.509002 0.041548 0.033044
2 2 0.039980 0.431669 0.447573 0.033402 0.047375
2 2 0.043351 0.405680 0.465876 0.041306 0.043788
2 2 0.052434 0.368665 0.462476 0.066827 0.049599
2 2 0.047816 0.344774 0.501402 0.066714 0.039294
2 2 0.042525 0.348941 0.513689 0.057676 0.037170
2 2 0.030386 0.221548 0.647911 0.076793 0.023362
2 2 0.041529 0.338771 0.529209 0.057416 0.033076
2 2 0.038428 0.331346 0.545434 0.054580 0.030211
2 2 0.042946 0.297280 0.545369 0.081875 0.032530
2 2 0.038730 0.418743 0.469149 0.032869 0.040509
2 2 0.049993 0.311357 0.518066 0.084924 0.035660
2 2 0.060677 0.346547 0.477454 0.072785 0.042537
2 2 0.048120 0.328923 0.511151 0.074158 0.037648
2 2 0.045434 0.384766 0.480487 0.048305 0.041007
2 2 0.044414 0.308300 0.536332 0.077574 0.033379
2 2 0.051569 0.334479 0.496079 0.077337 0.040536
2 2 0.075554 0.281727 0.521671 0.085644 0.035405
2 0 0.238339 0.322280 0.367875 0.027789 0.043717
1 0 0.050567 0.446603 0.405453 0.039236 0.058142
2 0 0.043955 0.363113 0.506289 0.051252 0.035391
2 0 0.037702 0.430648 0.461107 0.029589 0.040954
1 1 0.035479 0.486680 0.410215 0.020098 0.047527
2 1 0.037446 0.370133 0.529333 0.034026 0.029061
2 1 0.045843 0.393741 0.486292 0.035226 0.038898
2 1 0.044926 0.325854 0.538190 0.060528 0.030502
2 1 0.033707 0.438697 0.468527 0.023428 0.035642
2 1 0.038806 0.412578 0.473801 0.034447 0.040368
1 0 0.318283 0.339614 0.256438 0.022651 0.063015
1 0 0.119930 0.407669 0.400021 0.027609 0.044772
0 0 0.458298 0.269796 0.180996 0.021960 0.068950
2 0 0.051866 0.302896 0.519312 0.091420 0.034506
1 0 0.038998 0.461521 0.427989 0.025624 0.045869
2 0 0.042503 0.408092 0.462189 0.041156 0.046059
2 0 0.035968 0.404254 0.490495 0.032688 0.036595
2 2 0.028614 0.318130 0.581945 0.033795 0.037515
1 2 0.035153 0.460659 0.438682 0.022849 0.042658
1 2 0.038846 0.491050 0.370639 0.021375 0.078090
2 2 0.033283 0.380749 0.498879 0.026239 0.060851
1 2 0.032392 0.527303 0.337178 0.014467 0.088661
1 2 0.037074 0.439069 0.422882 0.022560 0.078416
2 2 0.033035 0.373320 0.416980 0.018002 0.158664
1 2 0.033080 0.445577 0.351922 0.015540 0.153881
1 2 0.033025 0.517290 0.313712 0.014177 0.121796
1 2 0.100862 0.484763 0.284351 0.018157 0.111867
1 2 0.032940 0.578286 0.268879 0.012916 0.106979
1 2 0.037854 0.468728 0.338771 0.018713 0.135933
1 4 0.042277 0.446863 0.297670 0.023459 0.189731
2 4 0.040765 0.294177 0.431103 0.036152 0.197803
2 4 0.032860 0.299177 0.387576 0.021235 0.259152
1 4 0.057366 0.397124 0.211953 0.031721 0.301836
1 4 0.044729 0.394949 0.305571 0.030304 0.224447
1 4 0.053750 0.379553 0.219337 0.029533 0.317827
1 4 0.040327 0.566348 0.230290 0.016521 0.146514
4 4 0.075826 0.340439 0.216980 0.025387 0.341368
1 4 0.030102 0.459143 0.352394 0.013282 0.145080
2 4 0.039190 0.305117 0.366388 0.029034 0.260271
4 4 0.040535 0.276817 0.277462 0.033544 0.371643
4 4 0.051481 0.229655 0.209845 0.049842 0.459177
1 4 0.088442 0.476143 0.224029 0.044242 0.167145
1 4 0.138119 0.481218 0.192160 0.019692 0.168811
1 4 0.038594 0.499848 0.296222 0.017719 0.147617
1 4 0.037159 0.487884 0.275986 0.016184 0.182787
1 4 0.045442 0.384603 0.308799 0.025518 0.235638
1 4 0.038760 0.475781 0.295616 0.018006 0.171837
1 1 0.054145 0.522392 0.283881 0.027469 0.112113
1 1 0.038145 0.554032 0.293128 0.017246 0.097449
1 0 0.080896 0.410101 0.341362 0.030910 0.136731
0 0 0.433541 0.249987 0.208932 0.034534 0.073005
1 0 0.079220 0.464942 0.328960 0.022686 0.104191
1 1 0.043559 0.541848 0.285636 0.021379 0.107578
1 1 0.206106 0.404726 0.274090 0.027453 0.087625
0 1 0.374062 0.278875 0.165768 0.061756 0.119539
1 1 0.027683 0.545195 0.355871 0.011903 0.059348
1 1 0.035840 0.537674 0.333970 0.017072 0.075443
1 1 0.037342 0.524578 0.350131 0.018936 0.069013
1 2 0.033927 0.517802 0.372873 0.017106 0.058291
1 2 0.027978 0.526819 0.378391 0.012718 0.054094
2 2 0.035368 0.435633 0.461059 0.025961 0.041979
1 2 0.031333 0.508056 0.395144 0.015880 0.049586
1 2 0.034808 0.473100 0.429597 0.020442 0.042054
1 2 0.031676 0.462091 0.452156 0.018592 0.035485
2 2 0.020391 0.222409 0.697695 0.032122 0.027384
2 2 0.034140 0.376097 0.516811 0.038057 0.034896
2 2 0.033245 0.353713 0.542714 0.038419 0.031908
2 2 0.031567 0.392302 0.514812 0.024946 0.036373
2 2 0.030643 0.283938 0.610568 0.045637 0.029214
1 2 0.027830 0.485095 0.435293 0.014503 0.037278
2 2 0.033722 0.442681 0.465181 0.022742 0.035674
1 0 0.248631 0.352956 0.304154 0.034548 0.059711
1 0 0.221887 0.407965 0.305052 0.011854 0.053241
0 0 0.526908 0.244686 0.167038 0.010953 0.050415
1 0 0.135610 0.476343 0.292375 0.015337 0.080335
0 0 0.341339 0.337095 0.250981 0.014973 0.055612
1 0 0.059573 0.508672 0.380577 0.007654 0.043524
1 0 0.024047 0.541556 0.374414 0.009963 0.050020
1 0 0.029787 0.524313 0.378131 0.014074 0.053695
2 1 0.033240 0.391543 0.507242 0.028744 0.039231
1 1 0.036725 0.500696 0.396213 0.016651 0.049715
1 1 0.038007 0.460380 0.431022 0.025202 0.045389
2 2 0.035819 0.336889 0.551914 0.045747 0.029632
1 2 0.044438 0.448420 0.420778 0.033652 0.052712
1 2 0.039878 0.445058 0.437571 0.030102 0.047390
1 2 0.037008 0.500712 0.386423 0.020316 0.055540
1 2 0.036074 0.500839 0.392340 0.018454 0.052293
1 2 0.042009 0.471107 0.408042 0.026961 0.051882
0 0 0.462231 0.155363 0.152762 0.113481 0.116163
0 0 0.743458 0.110054 0.044978 0.015245 0.086265
0 0 0.613177 0.201595 0.121717 0.009837 0.053675
0 0 0.453608 0.288638 0.121823 0.014161 0.121770
0 0 0.430030 0.260829 0.206760 0.030888 0.071493
1 0 0.236174 0.428617 0.247494 0.010406 0.077308
1 0 0.036660 0.542875 0.322494 0.017262 0.080708
1 0 0.037995 0.530514 0.337949 0.018939 0.074603
1 0 0.270984 0.392730 0.229888 0.017504 0.088893
0 0 0.470176 0.268060 0.185562 0.016687 0.059515
1 0 0.270127 0.405581 0.248521 0.009144 0.066627
0 0 0.776316 0.097738 0.038130 0.011225 0.076590
1 0 0.293471 0.388040 0.193899 0.015764 0.108826
1 0 0.273903 0.372500 0.179343 0.031143 0.143111
1 0 0.130095 0.484965 0.285296 0.014789 0.084856
1 0 0.069876 0.508668 0.335188 0.016047 0.070221
1 0 0.031464 0.563469 0.309764 0.013133 0.082169
1 1 0.036443 0.563528 0.281692 0.015625 0.102712
1 1 0.041993 0.543738 0.293973 0.020202 0.100093
1 4 0.059788 0.504711 0.265296 0.034275 0.135930
1 4 0.067508 0.480572 0.239586 0.040320 0.172013
1 4 0.114363 0.363463 0.231804 0.036617 0.253754
1 4 0.055350 0.485708 0.240213 0.029021 0.189707
1 4 0.073692 0.474788 0.261155 0.048867 0.141498
1 4 0.147304 0.378621 0.156177 0.044511 0.273387
4 4 0.060317 0.238029 0.082060 0.034702 0.584892
1 4 0.055043 0.455070 0.102065 0.022342 0.365480
4 4 0.182874 0.131138 0.054419 0.001917 0.629652
4 4 0.038740 0.092928 0.054879 0.001241 0.812213
4 4 0.157615 0.197301 0.049595 0.006897 0.588592
4 4 0.079298 0.157328 0.067808 0.005575 0.689992
4 4 0.206419 0.157601 0.059843 0.003883 0.572254
4 4 0.052997 0.270296 0.104479 0.025595 0.546633
4 4 0.081772 0.131470 0.085347 0.004286 0.697125
4 4 0.090861 0.090300 0.054453 0.000735 0.763650
4 4 0.141518 0.102647 0.064197 0.001305 0.690333
0 4 0.591140 0.128274 0.030426 0.003418 0.246742
4 4 0.082669 0.214830 0.084045 0.020769 0.597686
4 4 0.160120 0.214146 0.068494 0.013402 0.543839
4 4 0.065518 0.082622 0.049960 0.000599 0.801301
4 4 0.061634 0.217315 0.083450 0.024566 0.613035
4 4 0.115249 0.162378 0.067613 0.005358 0.649402
4 4 0.108419 0.180854 0.079623 0.009500 0.621605
4 4 0.039206 0.107747 0.062711 0.002220 0.788115
4 4 0.041262 0.188701 0.100967 0.023118 0.645951
4 4 0.161663 0.094273 0.059037 0.000920 0.684106
4 4 0.074978 0.103823 0.078324 0.001805 0.741069
4 4 0.172461 0.110820 0.053413 0.001111 0.662196
4 4 0.183087 0.130261 0.059887 0.002081 0.624684
4 4 0.033384 0.183206 0.071566 0.015474 0.696371
4 4 0.115635 0.139731 0.077064 0.003796 0.663773
4 4 0.056137 0.128688 0.092730 0.004911 0.717534
4 4 0.070221 0.097083 0.060340 0.001193 0.771164
4 0 0.222267 0.240980 0.053779 0.016393 0.466581
4 0 0.166437 0.350854 0.090151 0.036715 0.355843
4 4 0.032082 0.285997 0.191480 0.014527 0.475913
4 4 0.033260 0.307832 0.306045 0.017197 0.335667
1 4 0.028525 0.485264 0.173109 0.008972 0.304129
1 4 0.031700 0.374091 0.244584 0.013356 0.336270
4 4 0.024646 0.113464 0.147892 0.012353 0.701646
4 4 0.032089 0.113861 0.085893 0.004163 0.763994
4 4 0.040373 0.207719 0.083298 0.020074 0.648536
4 4 0.039983 0.204753 0.200146 0.029462 0.525656
4 4 0.070457 0.119784 0.094866 0.003602 0.711291
4 4 0.082213 0.179217 0.075214 0.009544 0.653812
4 4 0.027880 0.140317 0.093338 0.009643 0.728824
4 4 0.044967 0.283967 0.189443 0.024740 0.456883
1 4 0.053400 0.413704 0.213875 0.027845 0.291176
4 4 0.021155 0.137761 0.083029 0.009377 0.748678
4 4 0.053599 0.373440 0.159984 0.026834 0.386141
4 4 0.056977 0.326412 0.169118 0.032258 0.415235
4 4 0.027280 0.192450 0.144424 0.013122 0.622724
4 4 0.045697 0.335979 0.183939 0.022953 0.411432
4 4 0.034379 0.186817 0.107116 0.018091 0.653597
4 4 0.018784 0.083270 0.079142 0.002025 0.816779
4 4 0.024728 0.148459 0.087744 0.011584 0.727486
4 4 0.044209 0.265886 0.196923 0.030027 0.462954
4 4 0.039967 0.157738 0.212616 0.064234 0.525445
4 4 0.049638 0.223598 0.109246 0.017007 0.600509
1 4 0.033185 0.473113 0.226905 0.012613 0.254184
0 4 0.485925 0.120774 0.098098 0.010832 0.284370
4 1 0.026730 0.180446 0.145173 0.013232 0.634420
1 1 0.031523 0.581532 0.193068 0.010291 0.183586
1 1 0.035922 0.447552 0.295811 0.016232 0.204483
1 1 0.037191 0.454014 0.266650 0.016332 0.225813
1 1 0.025871 0.492582 0.313160 0.009633 0.158753
1 1 0.026965 0.595241 0.270515 0.009424 0.097855
1 1 0.021076 0.486780 0.348935 0.007406 0.135802
1 1 0.023415 0.562301 0.313714 0.008195 0.092375
1 1 0.026393 0.583609 0.298554 0.009695 0.081749
1 1 0.025087 0.540801 0.311833 0.009071 0.113209
1 1 0.020821 0.519539 0.346028 0.007204 0.106408
1 1 0.027975 0.464395 0.398052 0.012834 0.096744
1 1 0.026190 0.575003 0.315086 0.009940 0.073781
1 1 0.025050 0.508324 0.354542 0.009849 0.102234
1 1 0.024288 0.489934 0.376204 0.009781 0.099792
1 1 0.031383 0.526766 0.315094 0.013088 0.113669
1 1 0.027721 0.523997 0.336532 0.011194 0.100557
1 1 0.025396 0.547148 0.326661 0.009570 0.091225
1 1 0.023915 0.599234 0.282447 0.008009 0.086394
1 1 0.025229 0.575533 0.306368 0.009144 0.083726
1 1 0.030346 0.545850 0.344443 0.013408 0.065952
1 1 0.030504 0.562820 0.315639 0.012666 0.078371
1 1 0.020847 0.599245 0.300445 0.006729 0.072734
1 1 0.056441 0.469416 0.347093 0.041827 0.085223
0 0 0.493767 0.281650 0.137701 0.007938 0.078944
1 0 0.097412 0.544960 0.263980 0.006623 0.087026
1 0 0.072348 0.492767 0.338597 0.022560 0.073730
1 0 0.031031 0.556964 0.323404 0.013245 0.075356
1 0 0.022998 0.564762 0.345412 0.008689 0.058139
1 0 0.026218 0.558002 0.342437 0.010595 0.062749
1 0 0.021278 0.559045 0.360382 0.007971 0.051323
1 0 0.024217 0.514700 0.409232 0.010940 0.040911
2 1 0.022229 0.427818 0.490936 0.010999 0.048018
1 0 0.042731 0.523252 0.330395 0.022540 0.081082
1 0 0.033179 0.473259 0.434213 0.019142 0.040207
1 0 0.030002 0.506195 0.401911 0.015062 0.046829
1 1 0.029805 0.507967 0.400211 0.014844 0.047173
2 2 0.022389 0.272457 0.642054 0.035670 0.027429
1 2 0.030848 0.473522 0.440689 0.017311 0.037630
1 2 0.038014 0.470966 0.419581 0.023884 0.047556
2 2 0.025644 0.252791 0.642945 0.042811 0.035809
2 2 0.017864 0.167293 0.736395 0.057433 0.021015
2 2 0.031663 0.272460 0.599333 0.064042 0.032502
2 2 0.027509 0.373582 0.536318 0.018150 0.044441
2 2 0.019720 0.171261 0.720766 0.062383 0.025870
2 2 0.030166 0.298106 0.593354 0.041445 0.036929
2 2 0.028001 0.270664 0.620287 0.044858 0.036190
2 2 0.026062 0.385775 0.537728 0.018634 0.031800
2 2 0.009704 0.099861 0.827682 0.049283 0.013470
2 2 0.028559 0.231849 0.650406 0.063801 0.025385
2 2 0.020434 0.223112 0.699381 0.030998 0.026076
2 2 0.028249 0.226344 0.646827 0.072505 0.026076
2 2 0.018486 0.125283 0.717694 0.117703 0.020833
2 2 0.033785 0.300042 0.565771 0.063573 0.036828
2 3 0.017633 0.117060 0.663319 0.187089 0.014898
2 3 0.034755 0.208181 0.578807 0.149021 0.029235
2 3 0.043981 0.264234 0.534308 0.119481 0.037997
2 3 0.022689 0.118558 0.587813 0.252138 0.018801
2 3 0.015897 0.085073 0.609832 0.274637 0.014562
2 3 0.025141 0.127325 0.580655 0.246641 0.020238
2 3 0.023744 0.103068 0.523749 0.328594 0.020845
2 3 0.007296 0.043834 0.668210 0.271713 0.008947
2 3 0.049335 0.207439 0.491338 0.211524 0.040364
2 3 0.017952 0.075376 0.496059 0.393824 0.016789
3 3 0.023065 0.068113 0.362623 0.522094 0.024105
3 3 0.017798 0.040081 0.244724 0.675951 0.021447
3 3 0.018833 0.045169 0.269726 0.644277 0.021995
3 3 0.022254 0.056974 0.304528 0.591496 0.024748
3 3 0.016906 0.042108 0.275604 0.645614 0.019768
3 3 0.006694 0.014974 0.181218 0.787906 0.009208
3 3 0.015616 0.036505 0.248382 0.680595 0.018902
3 3 0.018114 0.045774 0.285631 0.629622 0.020859
3 3 0.039507 0.100351 0.333862 0.485982 0.040299
3 3 0.018719 0.054253 0.340386 0.566298 0.020344
3 3 0.015722 0.044193 0.315281 0.607067 0.017738
3 3 0.024743 0.058769 0.284088 0.604519 0.027881
3 3 0.014633 0.037632 0.276758 0.653725 0.017252
3 3 0.009616 0.014516 0.113793 0.847649 0.014427
3 3 0.009422 0.014236 0.113167 0.849008 0.014168
3 3 0.004578 0.007136 0.092367 0.888470 0.007449
3 3 0.006490 0.009967 0.102070 0.871305 0.010168
3 3 0.008804 0.013342 0.111098 0.853417 0.013339
3 3 0.007705 0.011744 0.107089 0.861616 0.011846
3 3 0.006395 0.009827 0.101644 0.872100 0.010035
3 3 0.002489 0.003981 0.077173 0.912034 0.004323
3 3 0.014170 0.021027 0.125999 0.818447 0.020356
3 3 0.006419 0.009862 0.101753 0.871896 0.010069
3 3 0.007303 0.011158 0.105506 0.864738 0.011295
3 3 0.007076 0.010826 0.104580 0.866536 0.010982
3 3 0.004771 0.007424 0.093478 0.886599 0.007728
3 3 0.003872 0.006080 0.087971 0.895661 0.006415
3 3 0.002519 0.004028 0.077455 0.911628 0.004370
3 3 0.009450 0.014276 0.113258 0.848810 0.014205
3 3 0.002115 0.003407 0.073496 0.917243 0.003738
3 3 0.001974 0.003189 0.071983 0.919340 0.003515
3 3 0.001604 0.002614 0.067598 0.925263 0.002920
3 3 0.003260 0.005348 0.085117 0.900391 0.005883
3 3 0.001954 0.003158 0.071759 0.919647 0.003482
3 3 0.009794 0.014773 0.114358 0.846412 0.014664
3 3 0.004912 0.007634 0.094268 0.885255 0.007932
