0 0 0.710681 0.238471 0.037070 0.000113 0.013665
0 0 0.973998 0.018569 0.002675 0.000030 0.004728
0 0 0.883507 0.094504 0.012345 0.000059 0.009586
0 0 0.976157 0.018189 0.001448 0.000005 0.004201
0 0 0.913205 0.072408 0.004037 0.000026 0.010324
0 0 0.602583 0.357982 0.026767 0.000118 0.012550
1 0 0.415120 0.528033 0.035675 0.000215 0.020957
0 0 0.759929 0.185431 0.038692 0.000277 0.015671
0 0 0.895240 0.073648 0.014193 0.000067 0.016852
0 0 0.987948 0.009532 0.001054 0.000009 0.001456
0 0 0.841613 0.120896 0.020909 0.000103 0.016479
0 0 0.752807 0.186187 0.044180 0.000443 0.016384
1 1 0.146792 0.777928 0.054560 0.000250 0.020470
1 1 0.146943 0.710270 0.053400 0.000445 0.088942
0 1 0.787163 0.125924 0.011677 0.000189 0.075046
1 1 0.299930 0.589085 0.064566 0.001491 0.044928
0 1 0.711531 0.178297 0.055881 0.000982 0.053309
0 1 0.514396 0.359120 0.026948 0.000450 0.099086
1 1 0.075678 0.628674 0.251447 0.004372 0.039829
1 1 0.078622 0.627240 0.239585 0.003627 0.050927
2 2 0.104213 0.380343 0.496777 0.005285 0.013382
0 0 0.676219 0.274589 0.019800 0.000106 0.029286
1 0 0.290112 0.654839 0.028975 0.000096 0.025977
1 0 0.209037 0.723244 0.050206 0.000123 0.017390
1 0 0.387903 0.523769 0.073706 0.000269 0.014354
1 0 0.409834 0.490026 0.075424 0.000300 0.024417
0 0 0.834141 0.126446 0.031974 0.000149 0.007290
0 0 0.934968 0.047712 0.009260 0.000129 0.007931
1 1 0.133390 0.765539 0.043946 0.000371 0.056754
1 1 0.042804 0.642099 0.250113 0.004522 0.060463
2 1 0.020714 0.169228 0.742790 0.043310 0.023958
2 1 0.025612 0.221725 0.701690 0.024024 0.026949
2 2 0.053233 0.249941 0.619667 0.044598 0.032561
2 2 0.049035 0.411581 0.508764 0.015229 0.015390
2 2 0.010079 0.035625 0.902996 0.041495 0.009804
2 2 0.002096 0.007489 0.836449 0.151001 0.002965
2 2 0.010290 0.022369 0.902047 0.059410 0.005884
2 2 0.021896 0.020355 0.770710 0.178454 0.008585
2 2 0.004207 0.004205 0.572628 0.416541 0.002419
2 2 0.005477 0.007989 0.515713 0.464012 0.006810
3 2 0.005772 0.003907 0.402007 0.585151 0.003162
3 3 0.022632 0.012201 0.469049 0.486181 0.009937
3 3 0.015038 0.006399 0.185831 0.788373 0.004359
3 3 0.003367 0.002850 0.104663 0.886613 0.002508
2 3 0.012241 0.008675 0.637447 0.337134 0.004502
3 3 0.000801 0.001017 0.068637 0.928840 0.000705
3 3 0.002810 0.003371 0.078834 0.912522 0.002464
3 3 0.001715 0.001701 0.075352 0.919878 0.001353
3 3 0.000939 0.001221 0.051399 0.945608 0.000833
3 3 0.001007 0.001406 0.050052 0.946616 0.000919
3 3 0.001164 0.001363 0.060312 0.936141 0.001020
3 3 0.000839 0.001263 0.044084 0.953044 0.000770
3 3 0.001221 0.001497 0.059352 0.936840 0.001090
3 3 0.000989 0.001601 0.044431 0.952036 0.000943
3 3 0.001177 0.001690 0.052012 0.944023 0.001099
3 3 0.000412 0.000791 0.027827 0.970587 0.000382
3 3 0.000860 0.001755 0.035392 0.961123 0.000870
3 3 0.001009 0.001406 0.050116 0.946550 0.000920
3 3 0.000382 0.000847 0.024180 0.974224 0.000368
3 3 0.000354 0.000850 0.022086 0.976364 0.000347
3 3 0.000558 0.001583 0.023300 0.973957 0.000601
3 3 0.000653 0.001674 0.026739 0.970243 0.000691
3 3 0.000317 0.001022 0.016904 0.981421 0.000337
3 3 0.000550 0.001478 0.024136 0.973254 0.000582
3 3 0.001414 0.003152 0.040116 0.953778 0.001540
3 3 0.001135 0.003010 0.032312 0.962265 0.001278
3 3 0.000608 0.001442 0.027574 0.969752 0.000624
3 3 0.001231 0.002951 0.036002 0.958462 0.001354
3 3 0.000310 0.000914 0.017961 0.980494 0.000320
3 3 0.000519 0.001418 0.023306 0.974207 0.000549
3 3 0.000501 0.001529 0.021092 0.976332 0.000546
3 3 0.000444 0.001123 0.023245 0.974735 0.000452
3 3 0.000342 0.001105 0.017424 0.980761 0.000367
3 3 0.000405 0.001534 0.016459 0.981139 0.000463
3 3 0.000319 0.000913 0.018601 0.979840 0.000327
3 3 0.000421 0.001421 0.018283 0.979407 0.000467
3 3 0.000276 0.001005 0.014593 0.983825 0.000301
3 3 0.000335 0.001170 0.016296 0.981831 0.000368
3 3 0.000234 0.000653 0.016731 0.982151 0.000231
3 3 0.000814 0.002264 0.027404 0.968615 0.000902
3 3 0.000510 0.001604 0.020767 0.976557 0.000562
3 3 0.000652 0.001849 0.024765 0.972022 0.000712
3 3 0.000406 0.001217 0.019710 0.978234 0.000432
3 3 0.000391 0.001400 0.016933 0.980839 0.000438
3 3 0.000234 0.000848 0.013762 0.984905 0.000252
3 3 0.000399 0.001386 0.017508 0.980262 0.000444
3 3 0.001256 0.003613 0.031604 0.962062 0.001465
3 3 0.000433 0.001250 0.020799 0.977061 0.000458
3 3 0.000487 0.001283 0.023353 0.974370 0.000506
3 3 0.000357 0.001141 0.017845 0.980273 0.000383
3 3 0.000710 0.001413 0.033489 0.963687 0.000700
3 3 0.000575 0.001375 0.026822 0.970639 0.000589
3 3 0.002235 0.003789 0.055652 0.936212 0.002112
3 3 0.003613 0.004905 0.082777 0.905020 0.003685
3 3 0.001892 0.002834 0.060379 0.933025 0.001871
3 3 0.002322 0.003882 0.060128 0.931247 0.002422
3 3 0.001605 0.003417 0.043590 0.949644 0.001743
3 3 0.014043 0.020353 0.120200 0.830612 0.014791
3 3 0.004640 0.005107 0.105703 0.880005 0.004545
3 3 0.007543 0.009253 0.232393 0.742463 0.008348
2 3 0.059782 0.065067 0.431371 0.396145 0.047634
2 3 0.233531 0.051657 0.358307 0.319112 0.037393
2 3 0.133377 0.137906 0.476032 0.187160 0.065525
3 3 0.018211 0.019862 0.150654 0.795415 0.015858
2 3 0.088246 0.147690 0.417242 0.271399 0.075422
3 3 0.013310 0.017148 0.460453 0.498096 0.010992
2 3 0.134545 0.320687 0.440782 0.049288 0.054698
2 3 0.075938 0.150091 0.706232 0.033074 0.034665
2 3 0.086928 0.087290 0.723833 0.068093 0.033856
2 3 0.047891 0.055448 0.800225 0.076801 0.019635
2 3 0.014873 0.019787 0.718144 0.236075 0.011121
2 3 0.022689 0.021707 0.668133 0.274300 0.013171
2 3 0.139267 0.042272 0.548491 0.245045 0.024924
3 3 0.021487 0.013234 0.253810 0.693532 0.017936
3 3 0.013394 0.007113 0.192618 0.780275 0.006599
2 3 0.041924 0.054862 0.642236 0.233318 0.027660
2 3 0.063488 0.027395 0.445247 0.438527 0.025343
3 3 0.014607 0.011965 0.166666 0.796014 0.010748
3 3 0.052270 0.050918 0.234413 0.602743 0.059657
2 3 0.023980 0.034255 0.606829 0.314708 0.020228
2 3 0.033934 0.036224 0.667493 0.238522 0.023827
2 3 0.036158 0.041017 0.475859 0.398601 0.048365
2 3 0.022965 0.057956 0.700722 0.174973 0.043384
2 3 0.041613 0.140912 0.611015 0.140810 0.065651
2 3 0.027110 0.067429 0.686250 0.167379 0.051833
2 3 0.051500 0.093597 0.700024 0.100695 0.054185
1 2 0.033946 0.473289 0.319566 0.019621 0.153577
2 2 0.039829 0.332130 0.434467 0.046019 0.147556
2 2 0.036728 0.338872 0.406471 0.014454 0.203475
1 2 0.020174 0.425023 0.322984 0.013409 0.218410
1 2 0.030905 0.445953 0.289698 0.006915 0.226529
2 2 0.024011 0.215261 0.538416 0.042242 0.180069
2 2 0.025731 0.299362 0.513610 0.025082 0.136215
2 2 0.009917 0.050808 0.837570 0.077002 0.024703
1 2 0.017669 0.413869 0.387948 0.007001 0.173512
1 2 0.038879 0.560863 0.301702 0.004119 0.094438
1 2 0.029120 0.640942 0.240844 0.002164 0.086930
1 2 0.041643 0.593084 0.287173 0.002382 0.075719
1 2 0.048371 0.720058 0.142660 0.001741 0.087170
4 2 0.279334 0.126245 0.045948 0.001334 0.547138
0 2 0.362828 0.220285 0.119437 0.001883 0.295568
1 2 0.089772 0.599975 0.162963 0.001749 0.145542
1 2 0.034712 0.650502 0.184549 0.002405 0.127832
1 2 0.018817 0.605273 0.200487 0.002188 0.173236
1 2 0.035130 0.530583 0.303959 0.008361 0.121967
1 2 0.021198 0.595460 0.219206 0.003212 0.160924
1 2 0.043319 0.428414 0.289339 0.002888 0.236040
1 2 0.032858 0.622005 0.202263 0.002647 0.140227
1 2 0.127953 0.340843 0.218555 0.001411 0.311238
1 2 0.035291 0.616732 0.162106 0.001614 0.184257
1 2 0.070491 0.475126 0.112734 0.001000 0.340650
1 1 0.058212 0.535553 0.090724 0.000859 0.314652
1 1 0.052542 0.526317 0.101418 0.001705 0.318018
1 1 0.030104 0.505470 0.143693 0.001896 0.318838
1 1 0.040255 0.538212 0.208175 0.002743 0.210615
1 1 0.037146 0.568810 0.162723 0.001769 0.229552
1 1 0.096747 0.505113 0.111644 0.000855 0.285641
1 1 0.067382 0.421936 0.111279 0.001017 0.398386
1 1 0.058723 0.454176 0.095273 0.001537 0.390292
1 1 0.070321 0.483845 0.097491 0.001508 0.346835
4 1 0.034927 0.403072 0.099688 0.001936 0.460377
4 1 0.060656 0.392964 0.084047 0.001105 0.461229
4 1 0.161562 0.159962 0.035219 0.000285 0.642972
1 1 0.072991 0.430943 0.082079 0.001053 0.412934
4 1 0.338456 0.109352 0.024893 0.000264 0.527036
1 1 0.126052 0.419741 0.048694 0.000595 0.404918
4 1 0.189173 0.248928 0.038068 0.000646 0.523184
1 1 0.153460 0.529657 0.076386 0.000849 0.239647
1 1 0.168055 0.437721 0.062422 0.000798 0.331004
4 1 0.085137 0.118085 0.036801 0.000276 0.759701
4 1 0.119634 0.185786 0.047228 0.000468 0.646884
4 1 0.225303 0.132241 0.037497 0.000548 0.604410
4 0 0.390581 0.115340 0.027956 0.000360 0.465764
4 0 0.197675 0.084769 0.016080 0.000096 0.701379
1 0 0.215656 0.432908 0.117646 0.000916 0.232873
4 1 0.180051 0.177434 0.033486 0.000358 0.608670
4 1 0.217962 0.125805 0.041312 0.000414 0.614507
4 1 0.196167 0.285937 0.040776 0.000682 0.476438
4 1 0.179242 0.124956 0.020395 0.000218 0.675189
4 1 0.182800 0.113788 0.017447 0.000177 0.685788
0 0 0.620429 0.101378 0.019449 0.000182 0.258562
0 0 0.606376 0.100436 0.018346 0.000152 0.274690
0 0 0.388100 0.274588 0.021277 0.000081 0.315955
0 0 0.465344 0.097746 0.015294 0.000078 0.421538
4 0 0.420199 0.086377 0.010396 0.000028 0.483000
0 0 0.474228 0.099079 0.014239 0.000069 0.412385
0 0 0.413328 0.173144 0.018791 0.000344 0.394392
4 0 0.272687 0.133513 0.016307 0.000173 0.577320
1 0 0.112229 0.586722 0.027882 0.000203 0.272963
4 0 0.303965 0.182414 0.065478 0.000457 0.447685
1 0 0.148577 0.415972 0.029448 0.000271 0.405731
4 0 0.379090 0.140099 0.012598 0.000099 0.468114
4 0 0.270255 0.316082 0.018355 0.000177 0.395131
4 0 0.345843 0.104168 0.020915 0.000168 0.528905
0 0 0.564472 0.128731 0.020559 0.000284 0.285955
0 0 0.560197 0.100029 0.017070 0.000116 0.322588
0 0 0.478767 0.098036 0.015418 0.000080 0.407698
4 1 0.150825 0.219607 0.026712 0.000236 0.602620
4 1 0.263111 0.100126 0.018218 0.000134 0.618411
4 1 0.371784 0.183411 0.015202 0.000247 0.429356
4 1 0.299523 0.094100 0.015884 0.000085 0.590408
4 1 0.157400 0.317201 0.019285 0.000359 0.505755
1 1 0.059843 0.538275 0.050497 0.000641 0.350744
4 1 0.066636 0.360283 0.087286 0.002131 0.483664
1 1 0.050716 0.477365 0.058615 0.001036 0.412269
1 1 0.074052 0.590374 0.052747 0.000621 0.282206
1 1 0.070415 0.553027 0.066417 0.000741 0.309399
1 1 0.063978 0.480512 0.039490 0.000394 0.415626
1 1 0.058647 0.582178 0.075575 0.000864 0.282735
4 1 0.152508 0.367871 0.048552 0.000489 0.430580
0 1 0.728537 0.084476 0.013530 0.000095 0.173362
0 1 0.570393 0.096702 0.015327 0.000089 0.317489
0 1 0.496818 0.268282 0.013230 0.000564 0.221105
1 1 0.151975 0.652222 0.043279 0.001029 0.151495
1 1 0.241612 0.526133 0.036615 0.001283 0.194358
1 1 0.064175 0.775448 0.052223 0.000854 0.107300
1 1 0.211286 0.605404 0.037300 0.000500 0.145510
0 1 0.612201 0.165889 0.019620 0.000543 0.201748
0 0 0.821759 0.076633 0.017108 0.000297 0.084202
0 0 0.864525 0.056868 0.007682 0.000045 0.070880
0 0 0.896267 0.048349 0.006339 0.000038 0.049008
0 0 0.753300 0.089952 0.019586 0.000288 0.136874
0 0 0.546041 0.223768 0.015127 0.000527 0.214537
0 0 0.718780 0.089924 0.016479 0.000155 0.174661
0 0 0.670272 0.140832 0.014466 0.000252 0.174178
0 0 0.717725 0.126168 0.018835 0.000464 0.136808
0 0 0.897924 0.049742 0.007487 0.000062 0.044785
0 0 0.901029 0.047758 0.006628 0.000046 0.044539
0 0 0.754608 0.069832 0.007529 0.000022 0.168009
0 1 0.619671 0.245194 0.012860 0.000246 0.122029
0 1 0.667270 0.148971 0.009715 0.000103 0.173942
0 1 0.855911 0.054405 0.005824 0.000020 0.083840
0 1 0.785332 0.080413 0.015157 0.000167 0.118931
0 1 0.468082 0.284011 0.013862 0.000255 0.233790
0 1 0.490182 0.215732 0.014639 0.000374 0.279074
4 1 0.310120 0.230966 0.028381 0.000351 0.430182
0 1 0.745773 0.079767 0.011753 0.000069 0.162639
0 1 0.428574 0.351729 0.020459 0.000651 0.198587
0 1 0.420559 0.370095 0.021406 0.000107 0.187834
1 1 0.302863 0.428690 0.024244 0.000250 0.243953
1 1 0.309073 0.546687 0.017961 0.000040 0.126239
0 1 0.621602 0.306182 0.010316 0.000055 0.061845
1 1 0.356074 0.568418 0.018284 0.000041 0.057183
0 4 0.452460 0.415840 0.018316 0.000041 0.113343
0 4 0.829867 0.062973 0.004221 0.000010 0.102929
1 4 0.369642 0.502169 0.013997 0.000036 0.114156
1 4 0.388627 0.505672 0.017935 0.000056 0.087709
1 4 0.312770 0.589917 0.020043 0.000058 0.077212
0 4 0.656877 0.221289 0.007108 0.000027 0.114698
0 4 0.704511 0.183527 0.006529 0.000058 0.105375
0 4 0.425923 0.409584 0.014030 0.000077 0.150385
0 4 0.778345 0.128669 0.007037 0.000111 0.085838
0 4 0.473612 0.331600 0.012216 0.000252 0.182319
0 4 0.713246 0.181927 0.008512 0.000114 0.096201
0 0 0.707807 0.176582 0.008730 0.000086 0.106794
0 0 0.887586 0.054707 0.008695 0.000087 0.048925
0 0 0.854591 0.067636 0.004748 0.000022 0.073003
0 0 0.743647 0.165876 0.008956 0.000147 0.081374
0 0 0.786033 0.108832 0.004369 0.000027 0.100740
0 0 0.605464 0.245764 0.008016 0.000179 0.140577
0 0 0.653561 0.190436 0.009205 0.000060 0.146738
0 0 0.875733 0.055338 0.008022 0.000057 0.060850
0 0 0.923272 0.036762 0.003514 0.000011 0.036441
0 0 0.933913 0.031889 0.002570 0.000006 0.031622
0 0 0.841941 0.052992 0.004641 0.000010 0.100416
0 0 0.952090 0.029545 0.004178 0.000038 0.014148
0 0 0.901777 0.049143 0.007745 0.000072 0.041263
0 0 0.697329 0.165964 0.008849 0.000172 0.127686
0 0 0.582695 0.287434 0.010740 0.000281 0.118850
0 0 0.930929 0.031896 0.002363 0.000004 0.034808
0 0 0.760762 0.079747 0.012622 0.000090 0.146778
0 0 0.468860 0.068192 0.004727 0.000004 0.458217
0 0 0.636098 0.083438 0.010074 0.000033 0.270357
4 0 0.343426 0.093041 0.014473 0.000065 0.548995
0 0 0.460232 0.088399 0.010973 0.000033 0.440363
4 0 0.346541 0.085674 0.011021 0.000032 0.556731
0 0 0.523034 0.089233 0.011317 0.000038 0.376378
4 0 0.361860 0.153979 0.025191 0.000499 0.458470
1 1 0.151194 0.411433 0.030456 0.000709 0.406209
1 1 0.046794 0.591512 0.065238 0.001487 0.294969
4 1 0.289555 0.214280 0.014535 0.000216 0.481415
0 0 0.452375 0.106483 0.016017 0.000099 0.425026
0 0 0.597450 0.081710 0.008889 0.000022 0.311928
0 0 0.496998 0.104791 0.019365 0.000148 0.378697
0 0 0.477993 0.104632 0.019229 0.000143 0.398003
0 0 0.622166 0.097836 0.017159 0.000131 0.262707
0 0 0.473188 0.086927 0.010348 0.000029 0.429508
0 0 0.493335 0.150493 0.017412 0.000239 0.338520
0 0 0.398777 0.208758 0.013013 0.000238 0.379214
4 0 0.381875 0.093663 0.014039 0.000060 0.510363
4 0 0.284416 0.260356 0.011143 0.000290 0.443795
1 1 0.162847 0.520452 0.064020 0.001180 0.251502
1 0 0.174674 0.588201 0.026288 0.000287 0.210550
4 0 0.394462 0.108195 0.022391 0.000202 0.474750
0 0 0.632925 0.084483 0.010457 0.000037 0.272099
0 0 0.538601 0.091398 0.012345 0.000048 0.357608
0 0 0.574426 0.150423 0.010884 0.000108 0.264158
0 0 0.518132 0.114002 0.010233 0.000048 0.357586
0 0 0.538426 0.107956 0.021911 0.000216 0.331491
0 0 0.539794 0.101018 0.017381 0.000118 0.341689
0 0 0.688328 0.088500 0.009971 0.000045 0.213156
0 0 0.801070 0.064898 0.007315 0.000025 0.126692
0 0 0.579083 0.093695 0.013867 0.000069 0.313285
0 0 0.461298 0.091901 0.012469 0.000046 0.434286
4 0 0.450589 0.087632 0.010703 0.000031 0.451045
0 0 0.544315 0.084592 0.009559 0.000025 0.361508
4 0 0.253268 0.158825 0.016527 0.000253 0.571127
0 0 0.530320 0.083642 0.009152 0.000022 0.376864
0 0 0.530901 0.084504 0.009470 0.000024 0.375102
0 0 0.674200 0.107663 0.013298 0.000115 0.204724
1 0 0.185629 0.443951 0.020280 0.000516 0.349624
0 0 0.357113 0.314762 0.080145 0.000627 0.247353
4 0 0.282576 0.222811 0.015836 0.000113 0.478665
1 1 0.260231 0.475843 0.031885 0.000113 0.231927
0 1 0.653779 0.116360 0.008948 0.000010 0.220903
1 1 0.182447 0.630560 0.035195 0.000200 0.151599
0 1 0.551279 0.153529 0.011322 0.000045 0.283825
0 0 0.793708 0.062050 0.005954 0.000014 0.138273
0 0 0.810898 0.061133 0.006250 0.000017 0.121701
0 0 0.884249 0.043907 0.003545 0.000007 0.068292
0 0 0.853971 0.051983 0.004804 0.000012 0.089231
0 0 0.733985 0.082437 0.012046 0.000061 0.171471
0 0 0.694802 0.079718 0.009794 0.000036 0.215650
0 0 0.775012 0.074521 0.007385 0.000028 0.143054
0 0 0.835415 0.051044 0.003855 0.000006 0.109681
0 0 0.720041 0.069694 0.006608 0.000014 0.203643
0 0 0.866325 0.055755 0.007242 0.000039 0.070639
0 0 0.749772 0.080313 0.004770 0.000011 0.165134
0 0 0.906543 0.042085 0.004267 0.000014 0.047091
0 0 0.736496 0.072688 0.008085 0.000025 0.182707
0 0 0.781431 0.071020 0.004816 0.000011 0.142722
0 0 0.516473 0.244811 0.015506 0.000066 0.223143
0 0 0.849265 0.047631 0.003349 0.000004 0.099750
0 0 0.774446 0.080157 0.004618 0.000012 0.140767
0 0 0.584568 0.271227 0.007827 0.000072 0.136305
0 0 0.746225 0.133236 0.006077 0.000028 0.114434
0 0 0.577622 0.279021 0.006083 0.000059 0.137215
0 0 0.503935 0.303851 0.011540 0.000051 0.180623
1 0 0.321192 0.560363 0.009393 0.000037 0.109015
0 0 0.712819 0.121093 0.004687 0.000022 0.161379
1 0 0.235790 0.588599 0.017726 0.000198 0.157687
1 0 0.175133 0.695637 0.019756 0.000120 0.109354
1 0 0.109033 0.764104 0.024199 0.000082 0.102581
1 1 0.217782 0.634549 0.016171 0.000123 0.131375
1 1 0.140984 0.662923 0.048274 0.000764 0.147055
1 1 0.099952 0.781137 0.037126 0.000240 0.081544
1 1 0.078225 0.822007 0.024218 0.000107 0.075443
1 1 0.328016 0.393992 0.024585 0.000167 0.253240
1 0 0.258873 0.517371 0.026244 0.000244 0.197269
0 0 0.795031 0.060222 0.005391 0.000011 0.139345
0 0 0.903794 0.041477 0.003814 0.000010 0.050905
0 0 0.844977 0.062987 0.009322 0.000065 0.082649
0 0 0.911832 0.036708 0.002716 0.000005 0.048739
0 0 0.891610 0.038212 0.002321 0.000002 0.067854
0 0 0.717409 0.180364 0.002384 0.000019 0.099825
0 0 0.905296 0.037301 0.002580 0.000004 0.054820
0 0 0.788411 0.066446 0.004299 0.000008 0.140836
0 0 0.882545 0.041176 0.002733 0.000003 0.073543
0 0 0.923140 0.033282 0.002321 0.000004 0.041254
0 0 0.927070 0.031105 0.001942 0.000002 0.039881
0 0 0.943177 0.028168 0.002047 0.000004 0.026604
0 0 0.884887 0.039664 0.002450 0.000002 0.072996
0 0 0.935869 0.030795 0.002351 0.000005 0.030980
0 0 0.854077 0.068677 0.005575 0.000031 0.071639
0 0 0.731565 0.113749 0.006307 0.000039 0.148340
0 0 0.872271 0.048305 0.004408 0.000011 0.075006
0 0 0.707307 0.190791 0.005901 0.000032 0.095969
0 0 0.818315 0.063039 0.007234 0.000027 0.111384
0 0 0.541389 0.238644 0.008811 0.000027 0.211129
0 0 0.596954 0.186685 0.006114 0.000032 0.210215
0 0 0.729568 0.116600 0.010717 0.000030 0.143085
0 0 0.597621 0.240958 0.011600 0.000071 0.149750
0 0 0.646686 0.209137 0.005896 0.000026 0.138255
0 0 0.725578 0.159768 0.008120 0.000072 0.106462
0 0 0.760802 0.126042 0.004847 0.000038 0.108270
0 0 0.797029 0.085311 0.007562 0.000048 0.110050
0 0 0.824643 0.072004 0.005709 0.000024 0.097620
0 0 0.832656 0.059074 0.006445 0.000022 0.101803
0 0 0.542970 0.225463 0.009402 0.000197 0.221968
1 1 0.130874 0.731824 0.025069 0.000169 0.112065
0 1 0.651874 0.161325 0.008256 0.000100 0.178445
0 1 0.447602 0.362746 0.014049 0.000281 0.175323
1 1 0.310829 0.524195 0.024901 0.000319 0.139756
0 1 0.498297 0.121695 0.014465 0.000107 0.365436
1 1 0.231515 0.538527 0.050235 0.000614 0.179109
0 1 0.702672 0.074427 0.006920 0.000016 0.215966
0 1 0.800130 0.071925 0.010743 0.000071 0.117131
4 0 0.345470 0.235136 0.028729 0.000364 0.390301
0 0 0.827690 0.058220 0.005871 0.000016 0.108202
0 0 0.844840 0.049085 0.003600 0.000005 0.102471
1 0 0.287560 0.384923 0.049219 0.000387 0.277912
0 0 0.403325 0.242135 0.039073 0.000242 0.315226
0 0 0.615048 0.132421 0.013699 0.000150 0.238682
0 0 0.837249 0.068968 0.012620 0.000142 0.081021
0 0 0.805808 0.067493 0.008740 0.000042 0.117917
1 0 0.284788 0.432277 0.032779 0.000289 0.249867
1 0 0.267976 0.445713 0.022126 0.000424 0.263761
0 0 0.337537 0.294083 0.046527 0.000414 0.321439
1 0 0.303904 0.388090 0.072015 0.000708 0.235284
0 0 0.691662 0.082229 0.010830 0.000046 0.215232
0 0 0.602113 0.103292 0.020156 0.000193 0.274247
0 0 0.765210 0.074450 0.009965 0.000048 0.150326
0 0 0.857081 0.057348 0.007264 0.000036 0.078272
0 0 0.652868 0.168042 0.010015 0.000168 0.168907
0 0 0.736644 0.085697 0.014792 0.000124 0.162742
0 0 0.441534 0.215022 0.031820 0.000428 0.311197
1 0 0.202947 0.672061 0.043596 0.000087 0.081309
1 0 0.092896 0.778760 0.039527 0.000202 0.088615
1 0 0.162132 0.595219 0.040814 0.000647 0.201189
0 0 0.520878 0.333964 0.017981 0.000209 0.126969
0 0 0.448599 0.216059 0.148116 0.001687 0.185539
1 0 0.234876 0.560684 0.028085 0.000250 0.176105
1 0 0.140097 0.646716 0.045816 0.000431 0.166939
1 1 0.331557 0.459035 0.019900 0.000306 0.189202
1 1 0.127612 0.704009 0.041920 0.000322 0.126138
1 1 0.271474 0.395872 0.033454 0.000237 0.298962
0 1 0.441387 0.324062 0.016524 0.000200 0.217826
1 1 0.154186 0.684454 0.035805 0.000306 0.125249
1 1 0.182799 0.597567 0.041680 0.000507 0.177447
1 1 0.069054 0.774275 0.044579 0.000272 0.111820
1 1 0.113613 0.497736 0.342547 0.003285 0.042820
1 1 0.046340 0.753378 0.172269 0.001357 0.026655
1 1 0.048990 0.755768 0.173344 0.001166 0.020731
1 1 0.039765 0.640028 0.289651 0.002086 0.028470
1 1 0.020524 0.511041 0.451262 0.002714 0.014459
1 1 0.032790 0.533373 0.408449 0.003100 0.022289
1 1 0.024911 0.591310 0.359226 0.003033 0.021521
1 2 0.027292 0.515524 0.436258 0.004679 0.016247
1 2 0.031733 0.518480 0.424973 0.004404 0.020410
2 2 0.035910 0.281023 0.655244 0.007345 0.020478
2 2 0.050318 0.215971 0.709499 0.006264 0.017950
1 2 0.039814 0.562292 0.377084 0.002196 0.018614
2 2 0.031663 0.385767 0.559860 0.003486 0.019224
2 2 0.066150 0.139628 0.771357 0.006077 0.016788
1 2 0.046907 0.498259 0.436060 0.003098 0.015676
1 2 0.036800 0.500187 0.446235 0.003568 0.013210
1 2 0.029026 0.569759 0.388071 0.001863 0.011281
2 2 0.032159 0.406698 0.547708 0.003106 0.010330
2 2 0.059422 0.235060 0.686922 0.003793 0.014804
2 3 0.061752 0.278783 0.636729 0.006512 0.016224
2 3 0.046510 0.241964 0.699248 0.002814 0.009464
2 3 0.044293 0.168658 0.775517 0.001775 0.009758
2 3 0.012556 0.064565 0.915226 0.002568 0.005085
2 3 0.042791 0.207894 0.736061 0.002810 0.010444
2 3 0.044269 0.108946 0.826741 0.006103 0.013942
2 3 0.038668 0.145199 0.800532 0.004023 0.011578
2 3 0.033750 0.078654 0.872262 0.006358 0.008977
2 3 0.119904 0.238849 0.603958 0.007915 0.029375
2 3 0.042268 0.056776 0.864344 0.025603 0.011010
2 3 0.046238 0.087036 0.848022 0.007743 0.010962
2 3 0.022777 0.027984 0.899161 0.044297 0.005782
3 3 0.003617 0.004202 0.422679 0.566613 0.002890
2 3 0.134364 0.044897 0.511786 0.278573 0.030381
2 3 0.047490 0.024227 0.588510 0.324202 0.015571
2 3 0.015598 0.018352 0.575414 0.380049 0.010587
2 3 0.045935 0.029044 0.571151 0.338861 0.015009
3 3 0.008490 0.006529 0.152826 0.826248 0.005908
3 3 0.025876 0.015541 0.388113 0.559390 0.011080
3 3 0.006874 0.006564 0.159282 0.822240 0.005040
3 3 0.008754 0.006557 0.145278 0.833775 0.005635
3 3 0.008601 0.007824 0.136064 0.840644 0.006867
3 3 0.015011 0.010311 0.176258 0.789443 0.008976
3 3 0.004326 0.006759 0.079781 0.904447 0.004688
3 3 0.049441 0.022864 0.298010 0.614751 0.014934
3 3 0.007523 0.007310 0.137230 0.840500 0.007437
3 3 0.001135 0.001909 0.045555 0.950292 0.001109
3 3 0.005472 0.007390 0.094235 0.887393 0.005510
3 3 0.003289 0.004308 0.082062 0.907052 0.003288
3 3 0.001742 0.002941 0.053519 0.940024 0.001774
3 3 0.003667 0.004807 0.085387 0.902434 0.003705
3 3 0.002197 0.003754 0.057937 0.933817 0.002295
3 3 0.002170 0.003374 0.061862 0.930395 0.002199
3 3 0.000638 0.001248 0.032558 0.964936 0.000620
3 3 0.001582 0.002680 0.051476 0.942663 0.001599
3 3 0.000575 0.001723 0.022605 0.974465 0.000632
3 3 0.000845 0.001812 0.033871 0.962605 0.000867
3 3 0.000888 0.001740 0.036931 0.959552 0.000890
3 3 0.002260 0.003238 0.066745 0.925516 0.002242
3 3 0.002526 0.003640 0.069317 0.921981 0.002537
3 3 0.001311 0.002763 0.040647 0.953886 0.001393
3 3 0.000826 0.002119 0.029299 0.966862 0.000894
3 3 0.000880 0.001770 0.036107 0.960354 0.000888
3 3 0.000490 0.001177 0.025109 0.972729 0.000495
3 3 0.001237 0.002946 0.036240 0.958220 0.001358
3 3 0.000538 0.001904 0.019418 0.977521 0.000619
3 3 0.000728 0.001810 0.028546 0.968144 0.000771
3 3 0.000864 0.002204 0.029933 0.966061 0.000937
3 3 0.000486 0.001494 0.020754 0.976737 0.000530
3 3 0.000213 0.000775 0.013166 0.985620 0.000227
3 3 0.000591 0.001548 0.025322 0.971914 0.000624
3 3 0.001740 0.004125 0.041475 0.950690 0.001969
3 3 0.000672 0.001718 0.027111 0.969787 0.000713
3 3 0.000502 0.001489 0.021580 0.975887 0.000543
3 3 0.000547 0.001371 0.025392 0.972125 0.000566
3 3 0.000644 0.001921 0.023713 0.973008 0.000714
3 3 0.000333 0.001117 0.016745 0.981444 0.000360
3 3 0.000798 0.001937 0.030149 0.966270 0.000846
3 3 0.000562 0.001595 0.023315 0.973923 0.000605
3 3 0.000383 0.001191 0.018723 0.979293 0.000410
3 3 0.000720 0.002326 0.023300 0.972827 0.000827
3 3 0.000490 0.001417 0.021786 0.975784 0.000524
3 3 0.001036 0.002853 0.030308 0.964632 0.001171
3 3 0.000369 0.001131 0.018648 0.979460 0.000392
3 3 0.001023 0.002722 0.030946 0.964169 0.001142
3 3 0.000452 0.001580 0.018302 0.979155 0.000510
3 3 0.000445 0.001503 0.018653 0.978904 0.000495
3 3 0.000362 0.001181 0.017688 0.980377 0.000392
3 3 0.000561 0.001765 0.021578 0.975471 0.000625
3 3 0.000766 0.001660 0.032322 0.964472 0.000781
3 3 0.000782 0.002058 0.028103 0.968209 0.000848
3 3 0.000603 0.001998 0.021334 0.975378 0.000687
3 3 0.000449 0.001343 0.020528 0.977198 0.000482
3 3 0.000269 0.001068 0.013507 0.984857 0.000301
3 3 0.000595 0.001767 0.023058 0.973926 0.000654
3 3 0.000585 0.001386 0.027210 0.970220 0.000598
3 3 0.001314 0.003042 0.037901 0.956305 0.001438
3 3 0.000228 0.000909 0.012659 0.985952 0.000252
3 3 0.000428 0.001448 0.018327 0.979322 0.000475
3 3 0.000439 0.001436 0.018998 0.978645 0.000483
3 3 0.000470 0.001453 0.020407 0.977157 0.000512
3 3 0.000277 0.000938 0.015428 0.983062 0.000295
3 3 0.000605 0.001935 0.021944 0.974835 0.000681
3 3 0.000322 0.001100 0.016284 0.981945 0.000349
3 3 0.000705 0.002053 0.025004 0.971457 0.000782
3 3 0.000470 0.001466 0.020264 0.977287 0.000513
3 3 0.000306 0.001030 0.016140 0.982196 0.000329
3 3 0.000825 0.002118 0.029248 0.966917 0.000893
3 3 0.000433 0.001273 0.020513 0.977321 0.000461
3 3 0.000521 0.001859 0.019029 0.977992 0.000599
3 3 0.000259 0.000852 0.015361 0.983256 0.000272
3 3 0.000689 0.002143 0.023560 0.972830 0.000778
3 3 0.000241 0.000794 0.014923 0.983791 0.000252
3 3 0.000531 0.001417 0.023917 0.973576 0.000558
3 3 0.000522 0.001680 0.020603 0.976613 0.000581
3 3 0.000503 0.001325 0.023639 0.974009 0.000524
3 3 0.000377 0.001254 0.017667 0.980291 0.000411
3 3 0.000341 0.001174 0.016553 0.981560 0.000373
3 3 0.000502 0.001481 0.021690 0.975784 0.000542
3 3 0.000438 0.001368 0.019664 0.978055 0.000475
3 3 0.000494 0.001483 0.021260 0.976227 0.000535
3 3 0.001420 0.002698 0.045325 0.949085 0.001472
3 3 0.000716 0.001598 0.030776 0.966178 0.000732
3 3 0.000952 0.002185 0.033670 0.962184 0.001008
3 3 0.001707 0.003063 0.050753 0.942708 0.001769
3 3 0.009065 0.012317 0.253168 0.714837 0.010613
3 3 0.032590 0.030269 0.318994 0.581854 0.036292
2 3 0.060942 0.096098 0.757968 0.053263 0.031730
2 3 0.058490 0.155494 0.724460 0.029231 0.032326
2 3 0.042686 0.162178 0.755553 0.019715 0.019869
2 3 0.019530 0.049039 0.873612 0.043678 0.014140
2 3 0.072810 0.173097 0.721860 0.011357 0.020875
2 3 0.041122 0.085870 0.836774 0.018471 0.017763
2 3 0.092116 0.101020 0.723878 0.054469 0.028517
1 3 0.051636 0.537399 0.386121 0.011722 0.013122
2 3 0.040741 0.392569 0.533040 0.014283 0.019368
2 3 0.068430 0.288801 0.592378 0.019473 0.030918
2 3 0.055620 0.340312 0.564965 0.017002 0.022100
2 3 0.050983 0.455782 0.460121 0.014195 0.018919
2 3 0.055280 0.438335 0.481289 0.011373 0.013723
2 3 0.050607 0.321096 0.575364 0.024896 0.028038
2 2 0.031234 0.163163 0.777527 0.010575 0.017501
2 2 0.059769 0.361564 0.548525 0.012394 0.017748
2 2 0.045477 0.214626 0.706659 0.014255 0.018983
2 2 0.008319 0.021334 0.842184 0.119321 0.008842
2 2 0.009847 0.049350 0.927419 0.007735 0.005650
2 2 0.006995 0.032622 0.950204 0.006741 0.003438
2 2 0.049344 0.255852 0.661377 0.012440 0.020988
2 2 0.014320 0.038578 0.925744 0.015488 0.005870
2 2 0.048655 0.160346 0.763675 0.011195 0.016129
2 2 0.054910 0.107727 0.805666 0.012381 0.019316
2 2 0.040344 0.159716 0.737769 0.011964 0.050206
2 2 0.039870 0.249831 0.680286 0.005536 0.024477
2 2 0.043833 0.155969 0.749870 0.016280 0.034049
2 2 0.029347 0.254384 0.677688 0.007694 0.030887
2 2 0.014742 0.072990 0.887025 0.011732 0.013511
2 2 0.024151 0.121512 0.815289 0.009223 0.029825
2 2 0.022500 0.103554 0.853053 0.005756 0.015137
2 2 0.053267 0.134839 0.767023 0.014299 0.030572
1 2 0.035006 0.527210 0.349728 0.003691 0.084365
2 2 0.304636 0.236119 0.374483 0.006141 0.078621
1 2 0.087201 0.646988 0.201693 0.002465 0.061652
1 2 0.044815 0.680062 0.184723 0.001556 0.088844
1 2 0.028346 0.454150 0.382493 0.005681 0.129329
2 2 0.017659 0.280701 0.581122 0.012307 0.108210
2 2 0.018654 0.340909 0.570446 0.010179 0.059812
2 2 0.012971 0.209371 0.673283 0.030059 0.074316
2 2 0.023398 0.256256 0.649398 0.009574 0.061374
2 2 0.007453 0.113516 0.848160 0.009052 0.021819
2 2 0.003966 0.019021 0.932475 0.039917 0.004621
1 2 0.022055 0.487559 0.404140 0.006781 0.079465
1 2 0.029778 0.500863 0.358634 0.006297 0.104427
2 2 0.018163 0.206086 0.732925 0.008088 0.034738
2 2 0.020023 0.094206 0.837488 0.017828 0.030455
2 2 0.022799 0.206337 0.696328 0.009556 0.064980
2 2 0.015455 0.137663 0.797471 0.008415 0.040995
2 2 0.023857 0.264090 0.641188 0.006870 0.063996
2 2 0.038180 0.152348 0.775256 0.007033 0.027182
2 2 0.023766 0.217444 0.720530 0.006825 0.031435
2 2 0.003688 0.036481 0.951490 0.004497 0.003842
2 2 0.003717 0.034026 0.940892 0.014794 0.006571
2 2 0.021859 0.102767 0.856131 0.005375 0.013866
2 2 0.024423 0.241532 0.702772 0.005202 0.026071
2 2 0.022982 0.106143 0.854884 0.003886 0.012105
2 2 0.017922 0.070859 0.895464 0.006695 0.009061
2 2 0.028864 0.165912 0.790643 0.003395 0.011186
2 2 0.042820 0.346386 0.587853 0.003998 0.018943
2 2 0.069872 0.376835 0.519742 0.009722 0.023829
1 0 0.207063 0.387444 0.351226 0.003522 0.050745
1 2 0.134986 0.535132 0.265591 0.002308 0.061983
1 2 0.032275 0.617798 0.273494 0.003955 0.072478
1 2 0.033605 0.591406 0.294745 0.004428 0.075817
1 2 0.020845 0.574487 0.314873 0.004782 0.085014
2 2 0.052386 0.250986 0.538190 0.004443 0.153995
2 2 0.029696 0.424246 0.459083 0.008722 0.078253
2 2 0.012835 0.234824 0.692972 0.023388 0.035981
2 2 0.034831 0.388516 0.503733 0.011490 0.061430
2 2 0.024011 0.345686 0.545801 0.006452 0.078050
2 2 0.017670 0.103771 0.851345 0.005950 0.021263
2 2 0.007775 0.052423 0.926979 0.006186 0.006637
2 2 0.025135 0.106177 0.848239 0.006014 0.014436
2 2 0.037241 0.179679 0.747660 0.007301 0.028118
2 2 0.046531 0.268529 0.651113 0.009253 0.024575
2 2 0.028168 0.152389 0.799260 0.003809 0.016374
1 2 0.045899 0.591287 0.325238 0.003291 0.034285
1 2 0.145231 0.461737 0.308278 0.003276 0.081478
1 2 0.075018 0.518298 0.365125 0.003543 0.038016
1 2 0.048185 0.547043 0.326237 0.003307 0.075228
1 2 0.045947 0.624928 0.261448 0.003299 0.064377
1 2 0.042794 0.574591 0.314254 0.003704 0.064658
2 2 0.033290 0.357137 0.563758 0.001837 0.043978
1 2 0.187296 0.550449 0.077800 0.000742 0.183712
1 2 0.161877 0.508625 0.147141 0.000897 0.181460
0 0 0.575567 0.155463 0.038689 0.000361 0.229919
4 0 0.406003 0.167302 0.019302 0.000270 0.407124
1 0 0.311171 0.392448 0.052443 0.000753 0.243185
1 0 0.300493 0.406667 0.179868 0.002758 0.110214
1 0 0.157845 0.652847 0.098958 0.000905 0.089446
1 0 0.081658 0.749851 0.089759 0.000384 0.078348
4 0 0.312528 0.152084 0.053138 0.001445 0.480805
1 1 0.261078 0.384491 0.065216 0.001383 0.287832
1 1 0.200041 0.379629 0.040394 0.001305 0.378631
1 1 0.134066 0.522783 0.070722 0.001084 0.271344
1 1 0.214062 0.436440 0.102121 0.001020 0.246358
4 0 0.344259 0.267563 0.040825 0.000649 0.346704
1 0 0.350497 0.403375 0.102350 0.000808 0.142970
4 0 0.326180 0.176183 0.042501 0.000556 0.454581
0 0 0.623082 0.101408 0.019569 0.000187 0.255754
0 4 0.549654 0.140940 0.064301 0.004164 0.240941
0 4 0.501193 0.204854 0.022554 0.000839 0.270559
0 4 0.510538 0.190421 0.030763 0.000661 0.267618
4 4 0.393919 0.113433 0.026318 0.000308 0.466023
0 4 0.541120 0.110266 0.023679 0.000266 0.324669
0 4 0.475817 0.119286 0.030421 0.000477 0.374000
4 4 0.223429 0.300550 0.038384 0.000758 0.436879
4 4 0.365548 0.101083 0.018410 0.000121 0.514839
1 4 0.047815 0.647371 0.109735 0.001316 0.193762
1 4 0.063164 0.634750 0.126548 0.002100 0.173438
1 4 0.055421 0.650150 0.153812 0.002749 0.137868
1 4 0.059268 0.649938 0.152397 0.004407 0.133990
1 4 0.106961 0.562326 0.122775 0.002270 0.205669
1 4 0.075693 0.590490 0.120884 0.001180 0.211753
1 4 0.073506 0.691114 0.076562 0.000277 0.158541
1 4 0.048534 0.687125 0.103261 0.000516 0.160564
1 4 0.042317 0.523218 0.128628 0.000917 0.304920
1 4 0.048671 0.454913 0.114614 0.001090 0.380712
1 4 0.024678 0.630010 0.113779 0.001077 0.230455
1 4 0.043877 0.534062 0.154559 0.002289 0.265213
1 4 0.033218 0.621457 0.146949 0.001824 0.196552
1 4 0.049174 0.490033 0.191647 0.002934 0.266213
4 4 0.235545 0.162319 0.063192 0.000585 0.538360
4 4 0.376580 0.104256 0.020133 0.000153 0.498878
4 4 0.297323 0.127757 0.024834 0.000241 0.549846
1 4 0.071136 0.492735 0.078824 0.000988 0.356318
1 4 0.064603 0.444855 0.093875 0.001541 0.395126
1 4 0.077178 0.426218 0.076604 0.000748 0.419252
1 4 0.043852 0.570125 0.102668 0.001008 0.282347
1 4 0.049251 0.553727 0.104194 0.001322 0.291507
1 4 0.037915 0.582262 0.182421 0.002229 0.195173
1 4 0.047442 0.616743 0.102909 0.000931 0.231976
0 4 0.358552 0.221015 0.137684 0.001397 0.281353
4 1 0.335756 0.223936 0.082043 0.001864 0.356401
0 1 0.451842 0.109277 0.022398 0.000208 0.416275
4 4 0.194443 0.166100 0.046117 0.000727 0.592612
1 4 0.034446 0.634750 0.096825 0.000902 0.233077
1 4 0.093431 0.527407 0.102408 0.001272 0.275483
1 4 0.042120 0.626314 0.169681 0.001904 0.159981
1 4 0.031281 0.593051 0.260104 0.002808 0.112756
1 4 0.034335 0.602700 0.226299 0.002903 0.133763
1 4 0.038725 0.676280 0.163102 0.001491 0.120400
1 4 0.326650 0.379942 0.134382 0.001042 0.157984
0 4 0.546369 0.108563 0.022498 0.000234 0.322336
0 0 0.463996 0.130273 0.016099 0.000147 0.389485
4 0 0.328145 0.246381 0.024824 0.000241 0.400408
1 1 0.054607 0.572031 0.070597 0.000610 0.302155
1 1 0.034723 0.563706 0.129685 0.001885 0.270002
1 1 0.053858 0.498270 0.149593 0.003189 0.295090
1 1 0.038255 0.568266 0.156356 0.002450 0.234674
1 1 0.307054 0.519042 0.050904 0.000330 0.122671
1 1 0.161947 0.584773 0.073499 0.000307 0.179473
4 1 0.399906 0.097371 0.015662 0.000080 0.486981
4 1 0.121531 0.402951 0.045694 0.000497 0.429328
4 1 0.045224 0.408147 0.053805 0.000615 0.492209
4 1 0.066536 0.418736 0.054042 0.000917 0.459769
1 1 0.055654 0.491416 0.081720 0.000921 0.370288
4 1 0.189997 0.287463 0.039434 0.000391 0.482714
1 1 0.106668 0.427912 0.100656 0.000911 0.363853
1 1 0.134834 0.594159 0.039730 0.000252 0.231026
1 1 0.097643 0.547005 0.055746 0.000385 0.299221
1 1 0.041234 0.509368 0.065616 0.000335 0.383446
1 1 0.045720 0.501171 0.097863 0.001016 0.354231
1 1 0.049692 0.638242 0.106611 0.000386 0.205070
1 1 0.028204 0.586367 0.123423 0.001271 0.260734
1 1 0.069216 0.638217 0.101939 0.001067 0.189561
1 0 0.112617 0.500140 0.135943 0.000846 0.250454
0 0 0.660310 0.120224 0.035330 0.000581 0.183555
4 0 0.345351 0.117088 0.031075 0.000471 0.506015
1 0 0.089847 0.460629 0.061114 0.000933 0.387478
4 0 0.063322 0.343585 0.058201 0.000932 0.533960
4 0 0.078576 0.322557 0.060923 0.000835 0.537108
0 0 0.523172 0.151011 0.044529 0.000383 0.280906
1 0 0.205299 0.390456 0.062446 0.001416 0.340383
1 1 0.050748 0.611824 0.102397 0.001422 0.233610
1 1 0.077647 0.572842 0.123224 0.002192 0.224095
1 1 0.140023 0.417576 0.090832 0.001869 0.349700
1 1 0.063293 0.585971 0.096814 0.001799 0.252123
1 1 0.095620 0.494844 0.068596 0.001620 0.339320
1 1 0.130061 0.420947 0.084532 0.002108 0.362351
1 1 0.032905 0.722553 0.101512 0.001265 0.141764
1 1 0.056588 0.598359 0.226634 0.004499 0.113920
1 1 0.085477 0.576463 0.218688 0.002350 0.117022
1 0 0.133735 0.619086 0.130617 0.001087 0.115476
0 0 0.434150 0.347344 0.029916 0.000166 0.188424
0 0 0.619572 0.122835 0.029893 0.000685 0.227015
0 0 0.493567 0.140299 0.015596 0.000132 0.350407
0 0 0.482570 0.239473 0.047091 0.000332 0.230534
1 0 0.156736 0.578592 0.046345 0.000513 0.217814
1 1 0.051864 0.669780 0.087172 0.000894 0.190290
1 0 0.051942 0.620439 0.113408 0.002348 0.211863
0 0 0.539306 0.251144 0.039238 0.000424 0.169888
1 0 0.160849 0.614037 0.082831 0.000582 0.141701
0 0 0.399141 0.301266 0.146543 0.002933 0.150117
0 0 0.705031 0.087653 0.014218 0.000099 0.192999
0 0 0.876487 0.064567 0.019251 0.000755 0.038940
1 0 0.154429 0.559593 0.041801 0.000417 0.243761
0 0 0.396847 0.240192 0.113638 0.001153 0.248170
1 0 0.137014 0.455225 0.040499 0.000773 0.366489
1 0 0.060158 0.554429 0.116815 0.001423 0.267175
4 0 0.230528 0.190176 0.050387 0.000731 0.528178
1 0 0.186771 0.609713 0.093323 0.000729 0.109464
1 0 0.107388 0.584854 0.064195 0.000714 0.242849
1 1 0.055132 0.674335 0.177481 0.001300 0.091752
1 1 0.039096 0.778728 0.090622 0.000680 0.090874
1 1 0.096353 0.705050 0.063673 0.000422 0.134501
1 0 0.319767 0.421297 0.079742 0.000697 0.178497
1 0 0.147751 0.651793 0.055532 0.000247 0.144677
0 0 0.733363 0.081553 0.012103 0.000071 0.172909
1 1 0.283772 0.363512 0.039615 0.000828 0.312273
1 1 0.078384 0.623908 0.116875 0.001828 0.179003
1 1 0.035972 0.773689 0.107096 0.000222 0.083022
1 1 0.034755 0.762349 0.145501 0.000505 0.056890
1 1 0.059950 0.770477 0.118262 0.000424 0.050887
1 1 0.068716 0.792181 0.054684 0.000188 0.084230
1 1 0.175134 0.611409 0.056160 0.000273 0.157024
1 1 0.034430 0.784656 0.103548 0.000369 0.076997
1 1 0.039471 0.767394 0.119367 0.000395 0.073372
1 1 0.055412 0.786558 0.088974 0.000293 0.068764
1 1 0.299216 0.526366 0.066271 0.000524 0.107623
0 1 0.339429 0.307572 0.130203 0.000843 0.221953
1 1 0.223165 0.594216 0.050522 0.000686 0.131410
0 4 0.523121 0.181093 0.033062 0.000153 0.262571
0 4 0.353606 0.328989 0.130674 0.001169 0.185562
4 4 0.174986 0.312531 0.037391 0.000403 0.474688
1 4 0.106422 0.530955 0.056878 0.000620 0.305125
1 4 0.181486 0.482102 0.077679 0.000692 0.258040
1 4 0.293548 0.396255 0.056262 0.000483 0.253452
1 4 0.061292 0.613683 0.113940 0.001436 0.209650
1 4 0.071117 0.537766 0.104167 0.001464 0.285486
1 4 0.088844 0.450131 0.060600 0.000436 0.399990
1 4 0.133820 0.523045 0.074666 0.000483 0.267987
1 4 0.070933 0.713188 0.082654 0.000487 0.132738
1 4 0.198335 0.454875 0.227555 0.005620 0.113615
1 4 0.078169 0.491059 0.367918 0.007296 0.055559
0 1 0.451314 0.168385 0.306327 0.017344 0.056630
0 1 0.673060 0.146656 0.124890 0.006334 0.049061
1 1 0.198905 0.406227 0.319297 0.007532 0.068039
1 1 0.092106 0.592250 0.240987 0.005394 0.069263
1 1 0.071424 0.496123 0.366176 0.010443 0.055834
2 1 0.011156 0.325698 0.589333 0.009895 0.063917
2 1 0.014300 0.291421 0.662747 0.009990 0.021542
2 1 0.015123 0.171654 0.789444 0.008925 0.014854
2 1 0.027655 0.288049 0.660417 0.005782 0.018098
2 1 0.005657 0.041211 0.939497 0.007961 0.005673
2 1 0.008617 0.050202 0.928246 0.006644 0.006290
2 1 0.006824 0.042551 0.937152 0.007833 0.005640
2 1 0.008210 0.038789 0.941564 0.007030 0.004408
2 1 0.128169 0.290225 0.540280 0.010555 0.030771
2 2 0.041816 0.115213 0.826253 0.004165 0.012553
2 2 0.012118 0.045465 0.929009 0.007939 0.005469
2 2 0.080478 0.264749 0.625161 0.007671 0.021942
2 2 0.026821 0.116692 0.843903 0.003510 0.009075
2 2 0.041992 0.079326 0.858935 0.009163 0.010584
2 2 0.059910 0.129364 0.790910 0.004721 0.015095
2 2 0.049489 0.156186 0.770783 0.006990 0.016552
2 2 0.048684 0.096937 0.832688 0.008303 0.013389
2 2 0.045626 0.092607 0.844597 0.006311 0.010859
2 2 0.037491 0.088245 0.856148 0.007011 0.011105
2 2 0.026180 0.057670 0.901150 0.008264 0.006736
2 2 0.099062 0.185095 0.688019 0.006482 0.021342
2 2 0.060743 0.112456 0.800704 0.009733 0.016364
2 2 0.065400 0.078268 0.820528 0.020886 0.014919
2 2 0.142004 0.211112 0.613692 0.009163 0.024028
2 2 0.109078 0.114665 0.750373 0.010037 0.015846
2 2 0.022454 0.049137 0.914095 0.009215 0.005099
2 2 0.056166 0.080723 0.845736 0.007935 0.009439
2 3 0.030515 0.072439 0.873346 0.016111 0.007590
2 3 0.120803 0.184428 0.660911 0.012496 0.021361
