0 0 0.912397 0.009601 0.000238 0.000008 0.077756
0 0 0.944313 0.009224 0.000184 0.000009 0.046271
0 0 0.879363 0.017643 0.000471 0.000016 0.102507
0 0 0.842904 0.020580 0.000580 0.000016 0.135920
0 0 0.788729 0.024720 0.000755 0.000016 0.185781
0 0 0.593012 0.039191 0.001590 0.000021 0.366187
0 1 0.535294 0.055259 0.002941 0.000049 0.406458
0 1 0.815809 0.027020 0.000910 0.000028 0.156233
0 1 0.629013 0.071955 0.004722 0.000179 0.294130
0 1 0.567487 0.083657 0.006168 0.000221 0.342468
0 4 0.841239 0.024472 0.000789 0.000027 0.133473
0 1 0.593154 0.072617 0.004778 0.000154 0.329297
4 1 0.249300 0.136575 0.018882 0.000443 0.594799
4 4 0.118815 0.093809 0.017482 0.000119 0.769775
4 4 0.227852 0.169424 0.027750 0.000901 0.574074
4 4 0.224490 0.146988 0.021503 0.000540 0.606479
4 4 0.110379 0.176546 0.062837 0.001079 0.649159
4 4 0.226338 0.158419 0.024584 0.000706 0.589953
4 4 0.210903 0.157105 0.026026 0.000676 0.605290
4 4 0.163407 0.102821 0.015061 0.000156 0.718556
4 4 0.137020 0.053577 0.005164 0.000020 0.804220
4 4 0.192351 0.065823 0.005422 0.000037 0.736368
4 4 0.116806 0.054417 0.006258 0.000021 0.822497
4 4 0.185663 0.057064 0.004274 0.000024 0.752976
4 4 0.330134 0.090760 0.007921 0.000131 0.571054
4 4 0.171628 0.155427 0.031503 0.000642 0.640800
4 4 0.108369 0.053434 0.006521 0.000020 0.831656
4 4 0.192742 0.066379 0.005498 0.000038 0.735342
4 4 0.205665 0.088286 0.008888 0.000096 0.697066
4 4 0.216313 0.114517 0.013879 0.000228 0.655063
4 4 0.129800 0.241328 0.095967 0.003645 0.529260
4 4 0.088656 0.080797 0.069591 0.001853 0.759104
1 4 0.153928 0.387611 0.186863 0.069612 0.201987
1 4 0.127457 0.371368 0.210945 0.048811 0.241420
1 4 0.084198 0.354271 0.295764 0.047605 0.218162
1 1 0.076562 0.353019 0.325808 0.049547 0.195064
1 1 0.100841 0.359331 0.250524 0.048158 0.241146
1 1 0.086441 0.364212 0.352371 0.039063 0.157914
1 1 0.108580 0.369806 0.246086 0.054519 0.221008
1 1 0.080113 0.339004 0.283719 0.039305 0.257859
2 2 0.003935 0.093263 0.854474 0.015720 0.032608
2 2 0.016766 0.211211 0.633222 0.024862 0.113938
2 2 0.001305 0.062170 0.907899 0.008178 0.020448
2 2 0.006082 0.105334 0.811964 0.034307 0.042313
2 2 0.003276 0.051904 0.857863 0.066455 0.020502
2 2 0.007908 0.082645 0.780347 0.088072 0.041027
2 3 0.003160 0.035750 0.849315 0.094322 0.017454
2 3 0.001199 0.013336 0.772138 0.206688 0.006639
2 3 0.006738 0.058569 0.754348 0.153394 0.026952
2 3 0.003541 0.023829 0.719879 0.235784 0.016967
2 3 0.007810 0.039432 0.703764 0.208255 0.040739
2 3 0.008424 0.042002 0.613411 0.306533 0.029630
2 3 0.004341 0.019558 0.543336 0.421373 0.011393
3 3 0.004852 0.010052 0.300133 0.678843 0.006120
3 3 0.005124 0.013549 0.373945 0.598836 0.008546
3 3 0.006788 0.015693 0.344869 0.621825 0.010824
3 3 0.006854 0.012984 0.335738 0.636014 0.008409
2 3 0.002844 0.013446 0.518016 0.456878 0.008815
3 3 0.002954 0.004005 0.178209 0.812827 0.002005
3 3 0.003562 0.004550 0.176714 0.812862 0.002312
3 3 0.003463 0.002759 0.115778 0.876104 0.001896
3 3 0.006321 0.005476 0.142556 0.842590 0.003057
3 3 0.007459 0.011877 0.242083 0.734852 0.003729
3 3 0.007513 0.010819 0.233949 0.742068 0.005651
3 3 0.003117 0.005103 0.247631 0.740980 0.003169
3 3 0.002383 0.001248 0.068158 0.927440 0.000771
3 3 0.005201 0.004735 0.141138 0.846493 0.002433
3 3 0.002866 0.002119 0.098980 0.894954 0.001081
3 3 0.003422 0.002842 0.113575 0.878969 0.001191
3 3 0.005299 0.003233 0.098287 0.891151 0.002030
3 3 0.004847 0.002276 0.073837 0.917614 0.001425
3 3 0.004241 0.003343 0.116344 0.874398 0.001673
3 3 0.003730 0.002166 0.080255 0.913042 0.000807
3 3 0.004201 0.002174 0.075367 0.917285 0.000973
3 3 0.004211 0.001880 0.067351 0.925413 0.001144
3 3 0.003087 0.001563 0.067563 0.927116 0.000672
3 3 0.004108 0.001091 0.039426 0.954676 0.000699
3 3 0.003341 0.002053 0.087454 0.905903 0.001250
3 3 0.004122 0.001358 0.047309 0.946595 0.000616
3 3 0.003273 0.001471 0.060144 0.934532 0.000581
3 3 0.002868 0.001033 0.046774 0.948873 0.000451
3 3 0.003853 0.001443 0.050926 0.943306 0.000472
3 3 0.004438 0.001561 0.052684 0.940483 0.000834
3 3 0.002525 0.002009 0.102435 0.892050 0.000980
3 3 0.002167 0.001093 0.060072 0.936263 0.000405
3 3 0.002439 0.000915 0.046721 0.949522 0.000403
3 3 0.002958 0.001154 0.050355 0.945095 0.000438
3 3 0.002145 0.000962 0.055096 0.941316 0.000481
3 3 0.003164 0.000889 0.037514 0.958009 0.000424
3 3 0.002450 0.001031 0.053028 0.943011 0.000481
3 3 0.002706 0.000610 0.028704 0.967674 0.000307
3 3 0.002658 0.000621 0.029406 0.967024 0.000291
3 3 0.002866 0.000674 0.030204 0.965943 0.000313
3 3 0.002368 0.000744 0.037818 0.958789 0.000280
3 3 0.003043 0.000640 0.027508 0.968494 0.000315
3 3 0.004072 0.000815 0.029089 0.965526 0.000499
3 3 0.002802 0.000552 0.025486 0.970854 0.000306
3 3 0.003465 0.000773 0.031980 0.963200 0.000582
3 3 0.002049 0.000596 0.033509 0.963621 0.000225
3 3 0.004375 0.001364 0.047405 0.945974 0.000882
3 3 0.002903 0.000610 0.027892 0.968219 0.000375
3 3 0.001770 0.000315 0.019429 0.978355 0.000131
3 3 0.002880 0.000656 0.028741 0.967458 0.000265
3 3 0.001670 0.000440 0.028258 0.969479 0.000153
3 3 0.002432 0.000542 0.027646 0.969101 0.000279
3 3 0.002622 0.000766 0.037098 0.959149 0.000365
3 3 0.002066 0.000695 0.040312 0.956592 0.000335
3 3 0.002837 0.000509 0.023512 0.972822 0.000320
3 3 0.002548 0.000651 0.031250 0.965295 0.000256
3 3 0.002272 0.000499 0.027026 0.969918 0.000285
3 3 0.002703 0.000503 0.023629 0.972897 0.000268
3 3 0.001520 0.000297 0.021384 0.976630 0.000169
3 3 0.002283 0.000501 0.025735 0.971290 0.000192
3 3 0.002046 0.000375 0.021029 0.976384 0.000165
3 3 0.001721 0.000446 0.028114 0.969558 0.000162
3 3 0.001308 0.000272 0.021029 0.977278 0.000113
3 3 0.002610 0.000543 0.026508 0.970033 0.000306
3 3 0.001379 0.000265 0.019768 0.978473 0.000115
3 3 0.002612 0.000695 0.034125 0.962195 0.000372
3 3 0.002575 0.000754 0.038954 0.957170 0.000547
3 3 0.003325 0.001455 0.063983 0.930076 0.001161
3 3 0.001999 0.000937 0.055860 0.940778 0.000426
3 3 0.002892 0.001614 0.076268 0.918261 0.000965
3 3 0.114125 0.110184 0.325420 0.432930 0.017340
3 3 0.011697 0.010213 0.174078 0.795099 0.008913
3 3 0.008855 0.022756 0.378475 0.580619 0.009294
2 3 0.036088 0.116776 0.640479 0.175474 0.031183
2 3 0.024192 0.109745 0.612065 0.217360 0.036637
2 3 0.005259 0.035801 0.702401 0.241602 0.014937
2 3 0.005170 0.046293 0.785110 0.143103 0.020324
2 3 0.010204 0.077017 0.748108 0.134824 0.029847
2 3 0.016016 0.102274 0.760403 0.073120 0.048187
2 3 0.010197 0.079789 0.756035 0.121213 0.032765
2 3 0.010122 0.071665 0.713293 0.180241 0.024680
2 3 0.027268 0.127870 0.655129 0.141209 0.048524
2 3 0.007082 0.070393 0.819434 0.080032 0.023059
2 3 0.006411 0.058376 0.784477 0.133887 0.016850
2 3 0.014429 0.083622 0.684959 0.168236 0.048754
2 3 0.026110 0.205777 0.608446 0.069770 0.089897
2 3 0.020079 0.229676 0.611365 0.029672 0.109208
2 2 0.029432 0.266564 0.572853 0.055673 0.075478
2 2 0.019983 0.172694 0.657102 0.111093 0.039128
2 2 0.040563 0.272951 0.373980 0.021404 0.291103
2 2 0.043001 0.278628 0.366729 0.022556 0.289086
2 2 0.056125 0.315656 0.358826 0.033637 0.235756
2 2 0.047737 0.318385 0.446102 0.047196 0.140580
2 2 0.044743 0.282505 0.361744 0.023375 0.287633
2 1 0.048105 0.289608 0.352536 0.024944 0.284807
2 1 0.059377 0.310291 0.324972 0.030113 0.275248
2 1 0.035545 0.269140 0.419534 0.022074 0.253708
1 1 0.082292 0.341481 0.279910 0.040251 0.256066
1 2 0.063995 0.317602 0.314875 0.032193 0.271335
1 2 0.073599 0.331048 0.295633 0.036457 0.263263
2 2 0.016802 0.219750 0.622454 0.021912 0.119082
2 2 0.047254 0.305526 0.404057 0.032842 0.210321
1 2 0.176938 0.373653 0.154128 0.040454 0.254827
2 2 0.005500 0.138195 0.797840 0.016422 0.042043
2 2 0.037752 0.302294 0.509496 0.049863 0.100595
2 2 0.003295 0.108895 0.846169 0.013046 0.028595
2 2 0.004995 0.132388 0.812807 0.018296 0.031514
2 2 0.031692 0.286219 0.550609 0.050813 0.080668
2 2 0.008174 0.165681 0.764460 0.027927 0.033758
1 2 0.171536 0.368147 0.156409 0.032848 0.271060
1 2 0.178948 0.371628 0.151039 0.038336 0.260049
1 2 0.223983 0.367010 0.138607 0.044870 0.225530
1 2 0.154041 0.387644 0.186750 0.069657 0.201908
1 2 0.098845 0.384796 0.298072 0.075161 0.143127
1 2 0.077300 0.360620 0.338064 0.056917 0.167099
1 2 0.146533 0.388440 0.197985 0.069781 0.197260
1 2 0.103189 0.380504 0.277078 0.065815 0.173414
2 2 0.002985 0.103658 0.855164 0.011692 0.026501
2 2 0.039067 0.306666 0.506702 0.054114 0.093451
2 2 0.049630 0.330195 0.456507 0.060653 0.103015
1 2 0.154041 0.387644 0.186750 0.069657 0.201908
1 2 0.154041 0.387644 0.186750 0.069657 0.201908
1 2 0.152411 0.388688 0.190022 0.070511 0.198367
1 2 0.075593 0.346228 0.316564 0.044659 0.216957
1 2 0.154041 0.387644 0.186750 0.069657 0.201908
2 2 0.059729 0.334305 0.380147 0.044487 0.181332
1 2 0.113834 0.381522 0.250317 0.064072 0.190256
1 1 0.167246 0.381531 0.168510 0.051630 0.231083
1 1 0.163236 0.383929 0.174215 0.056747 0.221873
1 1 0.175617 0.374908 0.156138 0.041883 0.251454
1 1 0.154041 0.387644 0.186750 0.069657 0.201908
1 1 0.161799 0.384671 0.176225 0.058655 0.218650
1 1 0.159092 0.385905 0.179959 0.062356 0.212687
2 1 0.036451 0.297725 0.511843 0.045955 0.108026
2 2 0.035676 0.289278 0.490436 0.035070 0.149539
1 2 0.109524 0.379326 0.257781 0.062636 0.190733
4 2 0.278167 0.302710 0.081144 0.012817 0.325162
1 2 0.154041 0.387644 0.186750 0.069657 0.201908
1 2 0.154041 0.387644 0.186750 0.069657 0.201908
1 1 0.154041 0.387644 0.186750 0.069657 0.201908
1 1 0.154041 0.387644 0.186750 0.069657 0.201908
1 1 0.187613 0.361204 0.137283 0.029937 0.283962
1 1 0.187056 0.361963 0.138191 0.030443 0.282348
1 1 0.198784 0.343057 0.118353 0.020728 0.319078
1 1 0.168864 0.380424 0.166166 0.049649 0.234896
1 1 0.134591 0.380424 0.207353 0.061981 0.215651
1 1 0.131139 0.378807 0.211295 0.060598 0.218161
1 1 0.154041 0.387644 0.186750 0.069657 0.201908
1 1 0.154041 0.387644 0.186750 0.069657 0.201908
1 1 0.172238 0.377852 0.161207 0.045669 0.243033
1 1 0.154041 0.387644 0.186750 0.069657 0.201908
1 1 0.153447 0.387468 0.187342 0.069425 0.202318
1 1 0.100406 0.358971 0.251159 0.047975 0.241490
1 1 0.183058 0.367039 0.144607 0.034208 0.271089
1 2 0.107211 0.364308 0.241491 0.050820 0.236170
1 2 0.122973 0.374536 0.221006 0.057299 0.224186
1 2 0.169599 0.379895 0.165096 0.048766 0.236645
1 2 0.154041 0.387644 0.186750 0.069657 0.201908
1 2 0.154041 0.387644 0.186750 0.069657 0.201908
1 2 0.154041 0.387644 0.186750 0.069657 0.201908
1 2 0.154041 0.387644 0.186750 0.069657 0.201908
1 2 0.170318 0.379360 0.164042 0.047910 0.238370
1 2 0.153441 0.387466 0.187349 0.069422 0.202323
1 2 0.154041 0.387644 0.186750 0.069657 0.201908
1 2 0.179945 0.370571 0.149495 0.037311 0.262679
1 2 0.160569 0.385258 0.177929 0.060318 0.215925
1 2 0.154041 0.387644 0.186750 0.069657 0.201908
1 1 0.162256 0.384442 0.175588 0.058044 0.219671
1 1 0.154041 0.387644 0.186750 0.069657 0.201908
1 1 0.171554 0.378404 0.162222 0.046461 0.241361
1 1 0.154041 0.387644 0.186750 0.069657 0.201908
1 1 0.160927 0.385092 0.177434 0.059831 0.216716
1 1 0.154041 0.387644 0.186750 0.069657 0.201908
1 1 0.154041 0.387644 0.186750 0.069657 0.201908
1 1 0.154041 0.387644 0.186750 0.069657 0.201908
2 1 0.033836 0.292230 0.535100 0.049999 0.088834
2 2 0.006894 0.153431 0.780795 0.022615 0.036264
2 2 0.063057 0.329667 0.347088 0.038747 0.221441
2 2 0.009033 0.173183 0.752380 0.029265 0.036139
2 2 0.009460 0.176059 0.735141 0.022153 0.057187
1 2 0.154041 0.387644 0.186750 0.069657 0.201908
1 2 0.181632 0.368701 0.146857 0.035610 0.267199
1 1 0.154041 0.387644 0.186750 0.069657 0.201908
1 1 0.170037 0.379571 0.164454 0.048243 0.237695
1 1 0.198622 0.343366 0.118639 0.020850 0.318523
1 1 0.154041 0.387644 0.186750 0.069657 0.201908
1 1 0.173093 0.377143 0.159934 0.044693 0.245137
1 1 0.166621 0.385022 0.176424 0.063406 0.208528
1 1 0.154041 0.387644 0.186750 0.069657 0.201908
1 1 0.154041 0.387644 0.186750 0.069657 0.201908
1 1 0.154041 0.387644 0.186750 0.069657 0.201908
1 1 0.154041 0.387644 0.186750 0.069657 0.201908
1 1 0.154041 0.387644 0.186750 0.069657 0.201908
1 1 0.142916 0.392209 0.207790 0.073715 0.183370
2 1 0.013298 0.204242 0.695793 0.030943 0.055724
2 1 0.013184 0.202812 0.689757 0.026789 0.067458
2 1 0.057636 0.344170 0.423398 0.064316 0.110480
2 1 0.023694 0.256095 0.595733 0.037650 0.086828
2 1 0.017206 0.227084 0.657134 0.035967 0.062609
1 2 0.154041 0.387644 0.186750 0.069657 0.201908
2 2 0.037106 0.300023 0.510579 0.047800 0.104493
2 2 0.068937 0.361871 0.388212 0.075538 0.105442
2 2 0.026855 0.267739 0.570441 0.038916 0.096049
2 2 0.032943 0.291151 0.549756 0.059392 0.066757
2 2 0.026471 0.268646 0.586733 0.048596 0.069554
2 2 0.007640 0.160748 0.771767 0.026336 0.033510
2 2 0.049425 0.328963 0.454513 0.057883 0.109216
2 2 0.026117 0.267152 0.588102 0.047087 0.071542
2 2 0.025667 0.265375 0.590838 0.046239 0.071881
2 2 0.015656 0.218905 0.675741 0.037648 0.052050
2 2 0.011507 0.192411 0.720876 0.032816 0.042390
1 2 0.219972 0.374104 0.151183 0.063320 0.191422
1 2 0.215940 0.357067 0.128168 0.030988 0.267837
1 2 0.154041 0.387644 0.186750 0.069657 0.201908
1 2 0.154041 0.387644 0.186750 0.069657 0.201908
1 2 0.171493 0.378452 0.162312 0.046532 0.241212
1 2 0.155906 0.387086 0.184270 0.066900 0.205838
1 2 0.190264 0.357420 0.132923 0.027594 0.291799
1 2 0.154041 0.387644 0.186750 0.069657 0.201908
1 2 0.130440 0.378467 0.212104 0.060317 0.218672
1 2 0.140755 0.383047 0.200540 0.064435 0.211223
1 2 0.154041 0.387644 0.186750 0.069657 0.201908
1 2 0.128553 0.377524 0.214310 0.059557 0.220056
1 1 0.138144 0.381976 0.203392 0.063398 0.213090
1 1 0.112059 0.367755 0.234924 0.052829 0.232434
1 1 0.085724 0.345204 0.274080 0.041732 0.253259
1 1 0.140270 0.382852 0.201066 0.064243 0.211569
1 1 0.091116 0.350648 0.265303 0.044042 0.248891
1 1 0.110871 0.366936 0.236510 0.052338 0.233345
1 1 0.129048 0.377775 0.213728 0.059757 0.219692
1 1 0.092139 0.351628 0.263687 0.044479 0.248068
1 1 0.096502 0.355627 0.256961 0.046330 0.244580
1 1 0.113693 0.368854 0.232766 0.053502 0.231185
1 1 0.093474 0.352882 0.261601 0.045046 0.246997
1 1 0.081879 0.341018 0.280625 0.040072 0.256405
0 0 0.459842 0.166289 0.022281 0.001706 0.349882
0 0 0.808882 0.066413 0.004692 0.000635 0.119378
0 0 0.917067 0.025238 0.001014 0.000128 0.056554
4 0 0.342911 0.247317 0.050695 0.005817 0.353260
1 1 0.192417 0.354121 0.129325 0.025765 0.298372
4 1 0.213678 0.306878 0.089981 0.010905 0.378558
1 1 0.199996 0.340707 0.116202 0.019830 0.323265
1 1 0.143274 0.384026 0.197835 0.065432 0.209433
1 1 0.160887 0.385111 0.177490 0.059886 0.216626
4 1 0.210084 0.317333 0.097298 0.013047 0.362237
4 1 0.118141 0.327800 0.184334 0.018597 0.351128
1 1 0.252539 0.331386 0.102133 0.020456 0.293486
4 1 0.204383 0.331450 0.108222 0.016733 0.339212
0 1 0.431458 0.205158 0.033698 0.003644 0.326042
4 1 0.220060 0.318755 0.096860 0.013848 0.350477
1 1 0.176256 0.374308 0.155168 0.041188 0.253080
4 1 0.343393 0.202353 0.034137 0.002403 0.417713
4 1 0.384032 0.195601 0.031223 0.002419 0.386725
4 1 0.234432 0.265084 0.064530 0.005542 0.430412
0 1 0.332488 0.273143 0.062660 0.009202 0.322506
0 1 0.457464 0.148586 0.018022 0.001087 0.374841
4 1 0.257463 0.253514 0.057323 0.004820 0.426880
4 4 0.269344 0.132435 0.022171 0.000444 0.575606
0 4 0.467098 0.163642 0.021579 0.001653 0.346028
0 1 0.414331 0.167983 0.023039 0.001472 0.393176
0 1 0.505355 0.136319 0.015198 0.000963 0.342164
4 1 0.343191 0.151624 0.020740 0.000802 0.483644
4 1 0.219620 0.285677 0.076735 0.007626 0.410342
1 1 0.186051 0.363297 0.139818 0.031367 0.279467
0 1 0.553663 0.140445 0.016088 0.001385 0.288420
4 4 0.369471 0.107880 0.010464 0.000258 0.511927
0 4 0.736933 0.045201 0.002132 0.000075 0.215659
0 4 0.452976 0.154439 0.019402 0.001238 0.371945
4 4 0.286507 0.203603 0.038747 0.002119 0.469023
4 4 0.337043 0.157254 0.023855 0.000919 0.480929
4 4 0.330840 0.222463 0.041380 0.003429 0.401888
0 4 0.617668 0.076424 0.005256 0.000208 0.300444
0 4 0.598838 0.069500 0.004416 0.000136 0.327110
4 4 0.350872 0.183938 0.028315 0.001679 0.435195
0 4 0.645425 0.031993 0.003748 0.000186 0.318649
0 0 0.865047 0.034027 0.001498 0.000119 0.099310
0 0 0.756842 0.042244 0.001915 0.000070 0.198930
0 0 0.601103 0.081545 0.005899 0.000238 0.311214
0 0 0.649586 0.069749 0.004485 0.000181 0.275998
4 0 0.313924 0.169255 0.024954 0.001094 0.490774
4 0 0.131471 0.165527 0.046584 0.000821 0.655597
4 1 0.148772 0.266238 0.100319 0.005493 0.479178
4 1 0.139723 0.163190 0.047870 0.000806 0.648411
1 1 0.198835 0.342961 0.118263 0.020690 0.319251
4 4 0.166289 0.154828 0.034869 0.000649 0.643365
1 4 0.180235 0.370257 0.149043 0.037015 0.263450
4 4 0.105368 0.288744 0.164600 0.009410 0.431878
4 4 0.229408 0.261653 0.063315 0.005149 0.440476
1 4 0.096638 0.355747 0.256755 0.046387 0.244472
2 4 0.053877 0.300749 0.337847 0.027608 0.279918
4 4 0.069392 0.216874 0.147338 0.002983 0.563412
1 4 0.103397 0.359150 0.244532 0.045763 0.247159
4 4 0.127239 0.192060 0.063800 0.001442 0.615459
4 4 0.074611 0.314869 0.268767 0.022744 0.319009
1 4 0.078516 0.334264 0.282716 0.035364 0.269140
4 4 0.091081 0.240316 0.135917 0.004093 0.528594
4 4 0.065983 0.115744 0.047355 0.000275 0.770643
4 4 0.089253 0.194704 0.093631 0.001681 0.620731
4 4 0.137895 0.147841 0.035806 0.000544 0.677913
4 4 0.038643 0.074538 0.035002 0.000075 0.851743
4 4 0.159414 0.076802 0.008833 0.000061 0.754890
4 4 0.113691 0.320090 0.183606 0.016376 0.366237
1 4 0.176752 0.353541 0.140594 0.025710 0.303402
4 4 0.222633 0.271965 0.069101 0.006055 0.430246
4 4 0.142788 0.335242 0.158831 0.019241 0.343898
4 1 0.201563 0.332068 0.110143 0.016901 0.339326
4 1 0.210096 0.317301 0.097275 0.013040 0.362288
1 1 0.186694 0.362448 0.138778 0.030774 0.281306
1 1 0.189225 0.358938 0.134641 0.028500 0.288695
1 1 0.193433 0.352490 0.127608 0.024924 0.301545
1 1 0.188516 0.359949 0.135807 0.029128 0.286600
4 1 0.213359 0.307864 0.090647 0.011090 0.377039
1 1 0.198357 0.343866 0.119106 0.021050 0.317621
0 0 0.384730 0.224790 0.040993 0.004446 0.345041
1 1 0.165379 0.382708 0.171184 0.053975 0.226754
1 1 0.207611 0.346820 0.120001 0.023270 0.302298
4 1 0.261581 0.307227 0.085086 0.013030 0.333077
1 1 0.194191 0.351242 0.126320 0.024307 0.303940
1 1 0.154041 0.387644 0.186750 0.069657 0.201908
1 1 0.177214 0.373383 0.153707 0.040160 0.255536
1 1 0.175792 0.374744 0.155872 0.041691 0.251900
1 1 0.199360 0.341951 0.117334 0.020299 0.321056
4 1 0.203694 0.332987 0.109497 0.017204 0.336618
0 0 0.536869 0.189082 0.028752 0.004598 0.240699
1 0 0.263635 0.317552 0.091489 0.016132 0.311192
0 1 0.382006 0.260064 0.055398 0.009073 0.293460
0 0 0.669860 0.131342 0.014905 0.002421 0.181472
0 0 0.467322 0.195109 0.030355 0.003485 0.303729
0 0 0.595155 0.134753 0.015005 0.001505 0.253582
0 0 0.335518 0.278183 0.065067 0.010327 0.310904
0 1 0.353919 0.255854 0.054049 0.007222 0.328957
0 0 0.454282 0.195427 0.030492 0.003282 0.316517
0 0 0.690506 0.092576 0.007704 0.000671 0.208542
0 0 0.849167 0.042949 0.002227 0.000214 0.105443
0 0 0.803716 0.081747 0.006974 0.001442 0.106120
4 0 0.290883 0.288661 0.072430 0.010322 0.337704
4 1 0.336662 0.258382 0.055648 0.007022 0.342285
0 1 0.398570 0.259301 0.054893 0.009815 0.277420
0 0 0.491089 0.204547 0.033408 0.004985 0.265972
0 0 0.659465 0.138805 0.016502 0.002837 0.182391
1 0 0.294059 0.321592 0.092362 0.020704 0.271284
1 1 0.182158 0.368096 0.146028 0.035089 0.268628
1 1 0.157991 0.376141 0.174453 0.045599 0.245815
1 1 0.148783 0.380235 0.188147 0.054244 0.228591
1 1 0.153531 0.387493 0.187258 0.069458 0.202260
1 1 0.111146 0.359578 0.228758 0.041406 0.259112
1 1 0.097161 0.365646 0.270999 0.052997 0.213197
1 1 0.117945 0.385037 0.245755 0.067165 0.184097
4 1 0.217620 0.300708 0.092597 0.010393 0.378683
1 1 0.133063 0.379722 0.209086 0.061370 0.216759
1 1 0.105432 0.362970 0.243966 0.050079 0.237552
1 1 0.108845 0.365501 0.239250 0.051499 0.234906
1 1 0.088511 0.348078 0.269487 0.042929 0.250995
2 2 0.018853 0.230797 0.609664 0.024810 0.115876
1 2 0.085634 0.345109 0.274231 0.041693 0.253333
1 2 0.110454 0.366645 0.237070 0.052165 0.233666
1 2 0.072874 0.358303 0.355840 0.058334 0.154649
2 2 0.036675 0.293101 0.489692 0.037083 0.143448
2 2 0.013451 0.204591 0.687607 0.027448 0.066903
2 2 0.002371 0.093026 0.868675 0.010121 0.025807
2 2 0.002392 0.093187 0.857131 0.007557 0.039734
2 2 0.004526 0.126455 0.821563 0.017043 0.030413
2 2 0.003698 0.114498 0.822276 0.009933 0.049594
2 2 0.004342 0.123567 0.811955 0.011843 0.048292
2 2 0.003963 0.116950 0.832071 0.014881 0.032135
2 2 0.004013 0.115828 0.832832 0.015746 0.031581
2 2 0.021058 0.242924 0.603859 0.030138 0.102021
2 2 0.001196 0.033954 0.918300 0.037475 0.009075
2 2 0.001424 0.026819 0.890399 0.070576 0.010781
2 2 0.004751 0.078827 0.834691 0.061488 0.020244
2 2 0.009251 0.134946 0.764703 0.068209 0.022891
2 2 0.004713 0.047126 0.766690 0.165783 0.015688
2 2 0.001411 0.025130 0.862912 0.104021 0.006526
2 2 0.003648 0.058801 0.847546 0.073344 0.016661
2 2 0.006503 0.073524 0.788986 0.106619 0.024367
2 2 0.004326 0.037664 0.742013 0.199998 0.016000
2 2 0.000848 0.007181 0.651484 0.336247 0.004241
2 2 0.016145 0.103292 0.653895 0.186554 0.040115
2 2 0.003401 0.022595 0.647340 0.314498 0.012167
3 2 0.007094 0.023355 0.452908 0.501571 0.015073
2 2 0.006933 0.060665 0.746754 0.161658 0.023990
2 2 0.012654 0.044706 0.489258 0.425511 0.027870
3 2 0.008550 0.015846 0.293759 0.674300 0.007544
3 3 0.001530 0.008064 0.470412 0.515391 0.004604
2 3 0.001048 0.005289 0.501056 0.489295 0.003311
3 3 0.005425 0.015839 0.392930 0.576615 0.009191
3 3 0.006013 0.008211 0.224669 0.753718 0.007389
3 3 0.003238 0.004119 0.174348 0.815928 0.002367
3 3 0.004013 0.004109 0.153823 0.835073 0.002982
3 3 0.003279 0.005925 0.255115 0.731748 0.003932
3 3 0.006530 0.005861 0.153825 0.829289 0.004495
3 3 0.002244 0.001550 0.088052 0.907253 0.000901
3 3 0.003064 0.001839 0.085245 0.908518 0.001335
3 3 0.003084 0.001895 0.086761 0.906972 0.001288
3 3 0.001988 0.001959 0.116520 0.878727 0.000806
3 3 0.002387 0.002298 0.122406 0.871732 0.001177
3 3 0.003280 0.002268 0.099328 0.893564 0.001560
3 3 0.004026 0.001601 0.058818 0.934622 0.000933
3 3 0.005788 0.001714 0.049324 0.941901 0.001273
3 3 0.002838 0.001332 0.065205 0.929648 0.000977
3 3 0.004019 0.001190 0.045722 0.948002 0.001068
3 3 0.003349 0.000799 0.032573 0.962853 0.000427
3 3 0.002642 0.000781 0.037809 0.958384 0.000384
3 3 0.002944 0.000887 0.040641 0.955002 0.000527
3 3 0.002178 0.000545 0.029067 0.968007 0.000202
3 3 0.003282 0.001093 0.045605 0.949461 0.000559
3 3 0.002788 0.000496 0.023443 0.972937 0.000336
3 3 0.003349 0.001200 0.050083 0.944688 0.000680
3 3 0.004654 0.001105 0.037330 0.956023 0.000888
3 3 0.003462 0.000894 0.036179 0.958934 0.000530
3 3 0.003242 0.000697 0.029802 0.965788 0.000472
3 3 0.003373 0.000762 0.030792 0.964669 0.000404
3 3 0.001670 0.000491 0.032051 0.965600 0.000188
3 3 0.001801 0.000409 0.025332 0.972284 0.000174
3 3 0.002622 0.000753 0.035979 0.960322 0.000324
3 3 0.002884 0.000556 0.026782 0.969258 0.000520
3 3 0.002326 0.000551 0.030195 0.966545 0.000384
3 3 0.002782 0.000520 0.024232 0.972163 0.000303
3 3 0.002617 0.000693 0.034339 0.961943 0.000409
3 3 0.002441 0.000509 0.025846 0.970935 0.000268
3 3 0.002696 0.000612 0.029301 0.967046 0.000344
3 3 0.002852 0.000664 0.030611 0.965494 0.000379
3 3 0.002323 0.000426 0.022352 0.974667 0.000232
3 3 0.002379 0.000520 0.027626 0.969143 0.000331
3 3 0.002154 0.000475 0.027144 0.969922 0.000305
3 3 0.001574 0.000343 0.023213 0.974730 0.000141
3 3 0.002786 0.000685 0.032242 0.963894 0.000393
3 3 0.001905 0.000491 0.029330 0.968068 0.000205
3 3 0.002042 0.000375 0.021859 0.975502 0.000222
3 3 0.003618 0.000627 0.025704 0.969427 0.000623
3 3 0.002742 0.000585 0.027718 0.968615 0.000341
3 3 0.002866 0.000547 0.025013 0.971248 0.000327
3 3 0.002165 0.000429 0.024543 0.972566 0.000297
3 3 0.003054 0.000798 0.035540 0.960118 0.000490
3 3 0.002706 0.000690 0.033732 0.962425 0.000446
3 3 0.002698 0.000384 0.018170 0.978508 0.000240
3 3 0.002553 0.000588 0.028699 0.967881 0.000278
3 3 0.002300 0.000425 0.022623 0.974409 0.000243
3 3 0.002011 0.000365 0.021576 0.975825 0.000222
3 3 0.002013 0.000364 0.022323 0.974996 0.000304
3 3 0.002145 0.000325 0.018738 0.978535 0.000258
3 3 0.001793 0.000223 0.013917 0.983936 0.000132
3 3 0.001008 0.000239 0.022026 0.976641 0.000086
3 3 0.001883 0.000314 0.019210 0.978412 0.000181
3 3 0.002060 0.000510 0.029571 0.967587 0.000272
3 3 0.001908 0.000350 0.020911 0.976659 0.000173
3 3 0.002263 0.000332 0.018186 0.978976 0.000244
3 3 0.003187 0.000611 0.026567 0.969188 0.000446
3 3 0.001654 0.000343 0.023753 0.974023 0.000228
3 3 0.002362 0.000358 0.018235 0.978862 0.000185
3 3 0.002955 0.000544 0.025021 0.971069 0.000412
3 3 0.001327 0.000250 0.019074 0.979244 0.000105
3 3 0.001386 0.000213 0.015605 0.982704 0.000091
3 3 0.002219 0.000419 0.023096 0.974010 0.000257
3 3 0.001963 0.000503 0.031589 0.965565 0.000380
3 3 0.006193 0.002049 0.053137 0.937677 0.000945
3 3 0.004104 0.002895 0.105539 0.885741 0.001720
2 3 0.013333 0.044050 0.475992 0.436692 0.029933
2 3 0.030380 0.278987 0.543484 0.039714 0.107435
2 3 0.026042 0.236184 0.600256 0.055850 0.081668
2 2 0.023532 0.249621 0.564455 0.026671 0.135721
2 2 0.042110 0.296111 0.428659 0.031127 0.201992
1 2 0.176162 0.375572 0.157685 0.038078 0.252502
1 2 0.080451 0.339395 0.283121 0.039452 0.257580
4 2 0.026009 0.209787 0.360708 0.006834 0.396662
4 1 0.026240 0.139657 0.182514 0.001054 0.650536
4 1 0.053915 0.253913 0.252046 0.008121 0.432005
2 1 0.035454 0.260005 0.390344 0.018962 0.295234
2 1 0.041124 0.274284 0.372281 0.021670 0.290641
4 1 0.029590 0.217086 0.339109 0.006924 0.407291
4 1 0.044455 0.267713 0.332583 0.015123 0.340126
4 1 0.040933 0.215564 0.245077 0.004392 0.494034
4 1 0.043833 0.163617 0.137451 0.001179 0.653920
1 1 0.195033 0.349822 0.124879 0.023629 0.306637
2 1 0.053081 0.299285 0.339797 0.027243 0.280594
2 1 0.038113 0.266933 0.381614 0.020238 0.293103
2 1 0.048717 0.290848 0.350916 0.025228 0.284291
2 1 0.061065 0.313034 0.321209 0.030876 0.273816
1 1 0.087008 0.346544 0.271949 0.042284 0.252214
2 1 0.045242 0.283591 0.360344 0.023609 0.287215
4 1 0.042622 0.165834 0.144942 0.001268 0.645334
2 1 0.046259 0.285768 0.357527 0.024084 0.286361
4 4 0.024239 0.009425 0.015623 0.000083 0.950629
4 4 0.179348 0.140147 0.042370 0.000963 0.637172
4 4 0.037116 0.106511 0.072053 0.000256 0.784065
4 4 0.114564 0.182221 0.064246 0.001205 0.637764
4 4 0.044965 0.029325 0.045842 0.000739 0.879127
4 4 0.043780 0.011679 0.008564 0.000049 0.935927
4 4 0.034744 0.013178 0.009398 0.000032 0.942648
4 4 0.036075 0.025642 0.007905 0.000009 0.930369
4 4 0.035875 0.065273 0.047397 0.000161 0.851294
4 4 0.062537 0.006882 0.007720 0.000127 0.922734
4 4 0.022566 0.012040 0.009111 0.000014 0.956269
4 4 0.023883 0.011404 0.010596 0.000024 0.954094
4 4 0.028239 0.047642 0.022810 0.000026 0.901283
4 4 0.042863 0.049372 0.014311 0.000019 0.893434
0 4 0.461578 0.096436 0.008137 0.000234 0.433615
4 4 0.084605 0.086997 0.021349 0.000099 0.806951
4 4 0.119150 0.048347 0.004886 0.000014 0.827602
4 4 0.127134 0.035628 0.004290 0.000019 0.832928
4 4 0.030477 0.017191 0.009903 0.000019 0.942410
4 4 0.120887 0.094098 0.017279 0.000120 0.767617
4 4 0.168708 0.159613 0.033721 0.000706 0.637252
4 4 0.076748 0.147646 0.064618 0.000619 0.710369
4 4 0.057684 0.029209 0.010259 0.000035 0.902813
4 4 0.246879 0.207394 0.039380 0.002013 0.504333
4 4 0.109961 0.220686 0.096003 0.002611 0.570739
4 4 0.433897 0.096162 0.008188 0.000212 0.461541
4 4 0.219574 0.150810 0.024378 0.000598 0.604639
4 4 0.160776 0.233751 0.072774 0.003064 0.529634
4 4 0.121033 0.138550 0.036131 0.000441 0.703845
4 4 0.206208 0.281641 0.079767 0.007044 0.425339
4 1 0.086554 0.320838 0.240680 0.021541 0.330387
4 1 0.116688 0.144891 0.040829 0.000519 0.697073
4 1 0.164121 0.236236 0.072686 0.003198 0.523758
4 1 0.094458 0.218366 0.109662 0.002639 0.574875
4 1 0.075383 0.251714 0.178648 0.005732 0.488524
2 1 0.039702 0.277341 0.396383 0.023265 0.263308
2 1 0.055568 0.313982 0.358603 0.032984 0.238864
2 1 0.043279 0.279256 0.365924 0.022687 0.288855
2 1 0.025718 0.230274 0.427405 0.014193 0.302410
4 1 0.054756 0.287866 0.309432 0.018391 0.329555
1 1 0.092141 0.351629 0.263684 0.044479 0.248067
1 1 0.079889 0.352071 0.309059 0.047352 0.211629
1 1 0.069624 0.326094 0.304027 0.034859 0.265395
2 1 0.046676 0.301654 0.398261 0.030925 0.222483
2 1 0.056877 0.306073 0.330702 0.028978 0.277371
2 1 0.049371 0.309815 0.396876 0.034013 0.209925
1 1 0.074398 0.332072 0.294126 0.036808 0.262597
1 1 0.076632 0.334861 0.289981 0.037788 0.260739
2 1 0.052611 0.304591 0.356456 0.029565 0.256776
1 1 0.102234 0.360464 0.248508 0.048742 0.240052
2 1 0.051321 0.319048 0.405700 0.039154 0.184776
2 1 0.050380 0.283873 0.326763 0.019079 0.319904
1 1 0.154041 0.387644 0.186750 0.069657 0.201908
4 1 0.211053 0.314651 0.095364 0.012457 0.366475
2 1 0.048948 0.291313 0.350309 0.025335 0.284096
2 1 0.034778 0.258174 0.392644 0.018636 0.295767
4 1 0.053125 0.264391 0.277140 0.009733 0.395610
4 1 0.050776 0.280776 0.318403 0.017249 0.332796
2 1 0.060258 0.311734 0.322996 0.030511 0.274500
2 1 0.042009 0.276355 0.369638 0.022089 0.289909
2 1 0.057104 0.306465 0.330171 0.029081 0.277177
2 1 0.026114 0.231646 0.425702 0.014390 0.302148
2 1 0.035922 0.272368 0.425592 0.023197 0.242921
2 1 0.034862 0.264446 0.412517 0.020645 0.267530
2 1 0.005262 0.133672 0.771971 0.010005 0.079090
2 1 0.005066 0.131998 0.785532 0.010948 0.066455
2 1 0.017088 0.217937 0.598506 0.018789 0.147680
2 2 0.004189 0.120459 0.794755 0.008581 0.072017
2 2 0.001409 0.072056 0.885224 0.004722 0.036590
2 2 0.002252 0.090366 0.855800 0.006511 0.045072
2 2 0.005094 0.093320 0.822684 0.026918 0.051984
2 2 0.004271 0.122573 0.812501 0.011508 0.049147
2 2 0.003153 0.106610 0.847813 0.011954 0.030470
2 2 0.005715 0.140671 0.794596 0.017068 0.041951
2 2 0.002946 0.102650 0.835009 0.007711 0.051685
2 2 0.017582 0.225763 0.628935 0.025669 0.102052
2 2 0.003126 0.106109 0.845764 0.010975 0.034027
2 2 0.007027 0.150354 0.780840 0.023590 0.038189
2 2 0.004109 0.120826 0.828054 0.014956 0.032056
2 2 0.003259 0.108301 0.845696 0.012377 0.030367
2 2 0.002423 0.094008 0.868179 0.010644 0.024746
2 2 0.005679 0.139054 0.774155 0.011870 0.069241
2 2 0.003918 0.118172 0.832900 0.014916 0.030094
2 2 0.006226 0.145095 0.766536 0.012981 0.069161
2 2 0.006029 0.144370 0.795104 0.021039 0.033458
2 2 0.006256 0.146414 0.781961 0.016791 0.048578
2 2 0.010542 0.184176 0.717384 0.022198 0.065700
2 2 0.000798 0.054485 0.927375 0.005973 0.011368
2 2 0.006686 0.151140 0.779682 0.019504 0.042988
2 2 0.016178 0.217910 0.638460 0.023486 0.103966
2 2 0.005196 0.134760 0.813748 0.024451 0.021845
2 2 0.037492 0.300523 0.506324 0.046713 0.108947
2 2 0.012656 0.199715 0.699266 0.027906 0.060458
2 2 0.001960 0.084850 0.883511 0.010155 0.019524
2 2 0.003812 0.116577 0.831386 0.013024 0.035202
2 2 0.011021 0.188757 0.724405 0.029758 0.046060
2 2 0.051002 0.324617 0.424813 0.045290 0.154278
1 2 0.192282 0.354334 0.129552 0.025878 0.297954
1 2 0.082290 0.361914 0.317956 0.054885 0.182956
2 2 0.021981 0.249679 0.613914 0.039123 0.075303
2 2 0.006180 0.145967 0.791117 0.020307 0.036429
1 2 0.228599 0.353401 0.123027 0.030272 0.264701
1 2 0.210102 0.356552 0.128506 0.029627 0.275213
1 2 0.184467 0.377673 0.158440 0.049352 0.230068
1 0 0.197985 0.344561 0.119759 0.021331 0.316365
1 1 0.154041 0.387644 0.186750 0.069657 0.201908
4 1 0.117171 0.317878 0.176030 0.015357 0.373563
4 1 0.215316 0.312820 0.093563 0.012209 0.366092
1 1 0.154041 0.387644 0.186750 0.069657 0.201908
1 1 0.087373 0.346921 0.271347 0.042441 0.251918
4 1 0.094215 0.320105 0.220808 0.019271 0.345601
1 1 0.194486 0.350748 0.125815 0.024068 0.304883
4 1 0.216677 0.296921 0.083520 0.009214 0.393668
4 1 0.123656 0.305279 0.155199 0.011719 0.404147
1 1 0.171137 0.378732 0.162838 0.046947 0.240347
1 1 0.108946 0.352184 0.225517 0.034772 0.278581
1 1 0.133153 0.379764 0.208984 0.061406 0.216693
1 1 0.105911 0.332430 0.210304 0.022466 0.328889
1 1 0.121794 0.373865 0.222456 0.056819 0.225067
1 1 0.138643 0.382185 0.202843 0.063597 0.212732
1 2 0.154041 0.387644 0.186750 0.069657 0.201908
1 2 0.091697 0.344179 0.256106 0.035864 0.272155
1 2 0.260593 0.335260 0.104434 0.023317 0.276395
1 1 0.183378 0.366655 0.144098 0.033897 0.271971
1 1 0.248220 0.329965 0.101481 0.019420 0.300914
4 1 0.138019 0.307874 0.141167 0.011696 0.401244
1 1 0.075834 0.333877 0.291450 0.037438 0.261401
1 1 0.064610 0.318532 0.313574 0.032469 0.270815
4 1 0.250037 0.256473 0.059191 0.004973 0.429326
0 1 0.402455 0.203812 0.033548 0.003103 0.357081
1 1 0.176135 0.374422 0.155352 0.041319 0.252772
1 1 0.194355 0.350968 0.126040 0.024174 0.304464
1 1 0.101856 0.360159 0.249052 0.048584 0.240348
4 1 0.124043 0.319714 0.168054 0.015360 0.372829
4 1 0.095301 0.296126 0.190270 0.011617 0.406685
4 1 0.107605 0.220679 0.098114 0.002629 0.570973
4 1 0.229299 0.210348 0.041476 0.002047 0.516830
1 1 0.104470 0.355761 0.238606 0.040629 0.260535
4 1 0.095765 0.213514 0.103709 0.002387 0.584625
1 1 0.147883 0.385685 0.192997 0.067248 0.206187
4 1 0.090625 0.324518 0.234776 0.022206 0.327874
0 1 0.454083 0.126887 0.013456 0.000597 0.404977
4 1 0.074586 0.181780 0.098531 0.001373 0.643729
2 1 0.062791 0.315754 0.317449 0.031653 0.272354
2 1 0.059659 0.310756 0.324336 0.030241 0.275008
1 1 0.114622 0.340905 0.203258 0.025152 0.316063
4 1 0.110685 0.247124 0.117753 0.004263 0.520175
4 1 0.077145 0.254157 0.177723 0.005921 0.485054
4 1 0.090971 0.302117 0.206417 0.013620 0.386876
2 1 0.038545 0.267818 0.379774 0.020306 0.293556
1 1 0.075780 0.333809 0.291550 0.037415 0.261446
2 1 0.040288 0.272291 0.374819 0.021273 0.291329
4 1 0.206030 0.327639 0.105139 0.015630 0.345561
4 4 0.083148 0.144076 0.056902 0.000552 0.715322
4 4 0.043260 0.187569 0.179718 0.002132 0.587319
4 4 0.096525 0.072778 0.013270 0.000054 0.817373
4 4 0.314938 0.064931 0.004432 0.000043 0.615656
0 4 0.486763 0.047248 0.002257 0.000025 0.463707
4 4 0.164472 0.024616 0.001133 0.000002 0.809778
4 4 0.082203 0.017744 0.003372 0.000010 0.896671
4 4 0.098123 0.012545 0.005552 0.000051 0.883729
4 4 0.482269 0.031411 0.003675 0.000090 0.482555
4 4 0.188403 0.026902 0.002667 0.000012 0.782017
4 4 0.105343 0.027740 0.004338 0.000012 0.862567
4 4 0.358533 0.038499 0.003262 0.000038 0.599667
0 4 0.557721 0.055279 0.002933 0.000053 0.384014
4 4 0.201318 0.080037 0.007528 0.000070 0.711047
4 4 0.083008 0.052225 0.009258 0.000026 0.855483
4 4 0.096937 0.051169 0.006719 0.000018 0.845158
4 4 0.308093 0.040704 0.006242 0.000115 0.644846
4 4 0.061184 0.010177 0.003967 0.000018 0.924654
0 4 0.595316 0.029317 0.000959 0.000009 0.374400
4 4 0.142063 0.017811 0.002382 0.000012 0.837732
4 4 0.448144 0.018059 0.001293 0.000012 0.532492
4 4 0.131822 0.014425 0.003111 0.000022 0.850619
4 4 0.128398 0.046012 0.004118 0.000012 0.821459
4 4 0.101375 0.043084 0.004681 0.000010 0.850848
4 4 0.095774 0.044376 0.005759 0.000015 0.854076
4 4 0.108899 0.019958 0.006702 0.000061 0.864380
4 4 0.106321 0.017507 0.001906 0.000004 0.874261
4 4 0.243528 0.046659 0.002870 0.000014 0.706929
4 4 0.301660 0.082119 0.006817 0.000089 0.609315
4 4 0.260539 0.101630 0.010478 0.000165 0.627188
4 4 0.227000 0.134732 0.018282 0.000401 0.619585
4 4 0.450746 0.071471 0.004773 0.000084 0.472927
4 4 0.272694 0.233827 0.048050 0.003527 0.441901
4 4 0.084745 0.261036 0.170041 0.006359 0.477818
4 4 0.195457 0.129831 0.025881 0.000675 0.648155
4 4 0.175201 0.326942 0.123608 0.015469 0.358780
1 4 0.128428 0.377461 0.214457 0.059506 0.220148
4 4 0.170771 0.314260 0.118159 0.012371 0.384439
1 4 0.169261 0.380140 0.165588 0.049170 0.235840
4 4 0.149468 0.242156 0.083722 0.003593 0.521062
1 4 0.067290 0.322467 0.308024 0.033665 0.268553
2 4 0.052418 0.298048 0.341439 0.026938 0.281157
1 4 0.076216 0.334349 0.290746 0.037605 0.261084
2 1 0.050340 0.294070 0.346692 0.025980 0.282918
2 1 0.060459 0.312059 0.322550 0.030602 0.274330
1 1 0.097449 0.344762 0.242378 0.033232 0.282179
2 1 0.054322 0.298779 0.331735 0.025511 0.289653
2 1 0.045821 0.277057 0.342665 0.018751 0.315706
1 1 0.100556 0.342875 0.233072 0.030357 0.293141
1 1 0.081954 0.341102 0.280495 0.040104 0.256344
4 1 0.128188 0.160484 0.052400 0.000777 0.658151
1 1 0.072818 0.330035 0.297119 0.036113 0.263915
2 1 0.047887 0.295344 0.369687 0.027243 0.259838
2 2 0.060752 0.312532 0.321900 0.030734 0.274081
2 2 0.052770 0.298706 0.340566 0.027100 0.280858
2 2 0.029290 0.272444 0.536208 0.033581 0.128477
2 2 0.018046 0.201253 0.472028 0.010594 0.298079
2 2 0.033781 0.255418 0.396099 0.018155 0.296547
2 2 0.015869 0.210371 0.601371 0.016855 0.155534
2 2 0.005713 0.136686 0.735680 0.008258 0.113662
2 2 0.004242 0.121731 0.803753 0.009868 0.060404
2 2 0.035524 0.260194 0.390108 0.018996 0.295178
2 2 0.006342 0.144176 0.736479 0.009831 0.103172
2 2 0.000921 0.058529 0.920495 0.005953 0.014102
2 2 0.005037 0.132404 0.799469 0.013408 0.049683
2 2 0.000829 0.046334 0.931728 0.008049 0.013060
2 2 0.001233 0.067587 0.897198 0.004842 0.029139
2 2 0.002241 0.074758 0.884740 0.015100 0.023162
2 2 0.003650 0.111346 0.829630 0.011156 0.044218
2 2 0.000295 0.023118 0.963794 0.006298 0.006495
2 2 0.000555 0.023359 0.948127 0.021539 0.006420
2 2 0.002649 0.068269 0.864381 0.014470 0.050231
2 2 0.001216 0.029272 0.919042 0.031473 0.018997
2 2 0.011940 0.180810 0.696734 0.023384 0.087133
2 2 0.005227 0.134723 0.796730 0.013964 0.049357
2 2 0.002648 0.098112 0.861438 0.011002 0.026800
2 2 0.007256 0.123987 0.778219 0.025232 0.065306
2 2 0.001348 0.051408 0.917090 0.019348 0.010807
2 2 0.003018 0.044225 0.855010 0.078140 0.019607
2 2 0.001949 0.053233 0.900471 0.027629 0.016717
2 2 0.009386 0.119210 0.769019 0.056269 0.046115
2 2 0.006955 0.126711 0.796177 0.049648 0.020509
2 2 0.000959 0.032674 0.932224 0.018370 0.015774
2 2 0.006696 0.070846 0.791304 0.096586 0.034569
2 2 0.005495 0.091234 0.825766 0.049274 0.028231
2 3 0.005147 0.074123 0.828734 0.062529 0.029467
2 3 0.006170 0.062183 0.767768 0.143888 0.019991
2 3 0.002111 0.046533 0.877643 0.065772 0.007941
2 3 0.013466 0.077914 0.656111 0.208385 0.044123
2 3 0.001044 0.013415 0.782851 0.197960 0.004730
2 3 0.001680 0.008712 0.533910 0.449149 0.006549
2 3 0.006951 0.054332 0.709103 0.209830 0.019785
2 3 0.030342 0.235484 0.585271 0.110740 0.038163
2 3 0.006171 0.042400 0.636481 0.302429 0.012519
2 3 0.005545 0.069575 0.814655 0.082058 0.028166
2 3 0.006972 0.089192 0.788027 0.095327 0.020483
2 2 0.004047 0.062480 0.831720 0.087740 0.014013
2 2 0.002868 0.033371 0.824131 0.122086 0.017543
2 2 0.004181 0.047617 0.786983 0.147808 0.013410
2 2 0.011286 0.081318 0.699820 0.172016 0.035560
2 2 0.004058 0.036156 0.721620 0.226669 0.011497
2 2 0.008417 0.081650 0.749804 0.135836 0.024293
2 2 0.000888 0.007838 0.707945 0.277757 0.005571
2 2 0.000499 0.005132 0.702074 0.289173 0.003122
2 3 0.012239 0.066420 0.621459 0.268613 0.031270
2 3 0.036763 0.154376 0.501691 0.282614 0.024556
2 3 0.003207 0.074504 0.865943 0.042619 0.013727
2 3 0.000839 0.009711 0.750717 0.234418 0.004315
2 3 0.008842 0.043102 0.614342 0.305265 0.028449
2 3 0.004819 0.034246 0.689390 0.254528 0.017017
2 3 0.003912 0.032941 0.707172 0.244569 0.011406
2 3 0.001539 0.009194 0.521900 0.462520 0.004846
2 3 0.006874 0.033917 0.587551 0.349843 0.021815
2 3 0.013540 0.059771 0.549761 0.347772 0.029156
2 3 0.001431 0.013032 0.694736 0.284970 0.005831
3 3 0.004142 0.013810 0.449621 0.520285 0.012142
3 3 0.002151 0.004722 0.267932 0.721193 0.004001
3 3 0.003826 0.011761 0.379470 0.597909 0.007034
3 3 0.001589 0.003025 0.217691 0.775498 0.002198
3 3 0.002526 0.005222 0.257589 0.731184 0.003479
3 3 0.003090 0.004266 0.194276 0.794652 0.003715
3 3 0.003009 0.004295 0.197390 0.791846 0.003460
3 3 0.002963 0.003086 0.143781 0.848102 0.002068
3 3 0.003270 0.002413 0.111164 0.880612 0.002541
3 3 0.001963 0.000898 0.056296 0.940289 0.000553
3 3 0.002705 0.001640 0.085292 0.908913 0.001451
3 3 0.002826 0.001662 0.087691 0.905635 0.002186
3 3 0.001112 0.000471 0.044066 0.954081 0.000271
