0 0 0.949865 0.034767 0.003522 0.000034 0.011811
0 0 0.960176 0.021855 0.003217 0.000091 0.014660
0 0 0.984507 0.003372 0.000878 0.000207 0.011037
0 0 0.947279 0.036571 0.003762 0.000037 0.012350
0 0 0.931184 0.049879 0.004976 0.000040 0.013921
0 0 0.974222 0.008743 0.001930 0.000208 0.014897
0 0 0.991518 0.000265 0.000151 0.000629 0.007438
0 0 0.987009 0.000191 0.000166 0.002144 0.010491
0 0 0.983594 0.000958 0.000517 0.001129 0.013802
0 0 0.980944 0.002738 0.000992 0.000550 0.014776
0 0 0.968585 0.006870 0.002281 0.000705 0.021558
0 0 0.982452 0.001686 0.000736 0.000772 0.014354
0 0 0.970572 0.006979 0.002142 0.000548 0.019759
0 0 0.973295 0.003583 0.001514 0.001078 0.020529
0 0 0.973059 0.007701 0.001994 0.000329 0.016918
0 0 0.963125 0.003881 0.002074 0.002472 0.028448
0 0 0.946979 0.011339 0.004567 0.001795 0.035320
0 0 0.968382 0.004509 0.001950 0.001333 0.023826
0 0 0.986873 0.000348 0.000243 0.001474 0.011062
0 0 0.971134 0.002546 0.001369 0.001972 0.022978
0 0 0.984650 0.002770 0.000812 0.000274 0.011494
0 0 0.987507 0.001843 0.000567 0.000253 0.009829
0 0 0.978060 0.007623 0.001557 0.000148 0.012611
0 0 0.981753 0.002292 0.000881 0.000606 0.014468
0 0 0.977437 0.003449 0.001278 0.000680 0.017156
0 0 0.954226 0.012715 0.004039 0.000870 0.028151
0 0 0.964844 0.007953 0.002682 0.000809 0.023713
0 0 0.959644 0.011850 0.003450 0.000625 0.024431
0 0 0.985976 0.004105 0.000830 0.000100 0.008989
0 0 0.973004 0.003147 0.001439 0.001301 0.021109
0 0 0.956441 0.004192 0.002471 0.003581 0.033315
0 0 0.949009 0.011117 0.004362 0.001627 0.033884
0 0 0.958751 0.008422 0.003212 0.001261 0.028354
0 0 0.973626 0.003385 0.001459 0.001115 0.020415
0 0 0.958514 0.015516 0.003680 0.000369 0.021921
0 0 0.938060 0.014350 0.005769 0.002043 0.039778
0 0 0.954443 0.016097 0.004161 0.000502 0.024797
0 0 0.949790 0.008282 0.003850 0.002411 0.035667
0 0 0.967459 0.005722 0.002212 0.001053 0.023555
0 0 0.945797 0.027443 0.005030 0.000217 0.021513
0 0 0.958585 0.019656 0.003583 0.000176 0.018000
0 0 0.953314 0.020506 0.004271 0.000281 0.021628
0 0 0.977342 0.004239 0.001392 0.000513 0.016513
0 0 0.948427 0.026071 0.004710 0.000200 0.020592
0 0 0.968960 0.013329 0.002480 0.000150 0.015081
0 0 0.928861 0.040772 0.006782 0.000196 0.023388
0 0 0.952324 0.022100 0.004349 0.000243 0.020984
0 0 0.977821 0.004694 0.001413 0.000407 0.015666
0 0 0.903615 0.034866 0.011359 0.001682 0.048478
0 0 0.940153 0.011938 0.005240 0.002461 0.040208
0 0 0.788998 0.110377 0.032727 0.003367 0.064530
0 0 0.929369 0.028974 0.007484 0.000701 0.033471
0 0 0.970839 0.004254 0.001768 0.001127 0.022013
0 0 0.977881 0.003398 0.001247 0.000652 0.016821
0 0 0.910608 0.025351 0.009936 0.002596 0.051509
0 0 0.970006 0.009493 0.002346 0.000318 0.017838
0 0 0.928720 0.024371 0.007558 0.001167 0.038184
0 0 0.929968 0.028299 0.007407 0.000723 0.033603
0 0 0.961578 0.002375 0.001357 0.001648 0.033043
0 0 0.980012 0.002629 0.001017 0.000670 0.015672
0 0 0.610247 0.058075 0.033985 0.005043 0.292650
0 0 0.740864 0.045379 0.023304 0.003923 0.186530
0 0 0.837510 0.041101 0.022790 0.020516 0.078084
0 0 0.895794 0.026838 0.013002 0.009526 0.054841
0 0 0.811202 0.067099 0.028437 0.006296 0.086966
0 0 0.898603 0.019513 0.011144 0.013217 0.057523
0 0 0.936701 0.012830 0.005849 0.003377 0.041243
0 0 0.810387 0.070296 0.037738 0.016972 0.064607
0 0 0.797432 0.083835 0.040652 0.013710 0.064371
0 0 0.614441 0.159421 0.111612 0.035937 0.078589
1 0 0.204828 0.423350 0.294380 0.036668 0.040773
2 0 0.131628 0.294927 0.479763 0.062718 0.030965
0 0 0.631986 0.221015 0.052378 0.001324 0.093297
1 1 0.334201 0.474138 0.079665 0.000439 0.111557
1 2 0.179359 0.486521 0.162282 0.002919 0.168920
1 2 0.074462 0.567292 0.206241 0.005360 0.146646
1 2 0.028684 0.620556 0.210362 0.002885 0.137513
2 2 0.022763 0.416305 0.488488 0.008469 0.063976
1 1 0.061739 0.590458 0.184828 0.002424 0.160550
1 1 0.306775 0.318538 0.266820 0.014103 0.093765
1 4 0.100016 0.574029 0.248062 0.010776 0.067116
1 0 0.048757 0.604286 0.191465 0.002442 0.153050
2 4 0.019514 0.202597 0.704030 0.009814 0.064044
2 1 0.021121 0.191183 0.737090 0.008168 0.042438
2 3 0.017244 0.107563 0.828794 0.005438 0.040960
2 -1 0.009220 0.095767 0.849713 0.007551 0.037749
2 0 0.033123 0.370346 0.457417 0.005778 0.133336
2 0 0.043862 0.340755 0.483644 0.003455 0.128284
2 2 0.032715 0.318883 0.571912 0.007877 0.068614
1 2 0.037535 0.438676 0.424322 0.005680 0.093788
2 2 0.001228 0.100881 0.837741 0.027579 0.032572
2 2 0.000603 0.035590 0.928767 0.003929 0.031111
2 2 0.001253 0.100825 0.829055 0.014017 0.054851
2 2 0.001437 0.084583 0.840598 0.009798 0.063584
2 4 0.002766 0.159795 0.675709 0.012271 0.149459
4 2 0.005579 0.161697 0.343898 0.003837 0.484990
2 2 0.005667 0.266548 0.488166 0.005574 0.234044
2 2 0.001946 0.176207 0.731299 0.021893 0.068655
2 1 0.006358 0.218156 0.441662 0.003640 0.330184
2 2 0.003199 0.176762 0.712580 0.014464 0.092994
2 2 0.001910 0.099897 0.793785 0.008805 0.095603
2 2 0.001652 0.123126 0.766899 0.010466 0.097858
2 2 0.003507 0.122685 0.729609 0.011590 0.132609
2 2 0.005349 0.224451 0.601322 0.002297 0.166580
2 1 0.001488 0.117428 0.800849 0.015924 0.064310
2 2 0.002074 0.072374 0.817954 0.005324 0.102274
2 2 0.001037 0.073476 0.877742 0.025216 0.022529
2 0 0.000716 0.025228 0.950108 0.005218 0.018730
2 0 0.316024 0.214819 0.378948 0.026467 0.063742
2 1 0.266533 0.286463 0.361377 0.024870 0.060757
2 1 0.005467 0.236456 0.673637 0.037345 0.047096
2 2 0.003806 0.269280 0.576136 0.035965 0.114812
2 2 0.000255 0.021665 0.961290 0.003112 0.013679
2 2 0.000081 0.002804 0.991048 0.005572 0.000495
2 3 0.000281 0.011103 0.978566 0.005759 0.004291
2 3 0.000108 0.006185 0.974508 0.018642 0.000557
2 3 0.000484 0.013175 0.956286 0.027981 0.002074
2 3 0.000157 0.007719 0.983906 0.006223 0.001995
2 2 0.000150 0.003513 0.851414 0.144850 0.000073
2 3 0.000202 0.005086 0.972938 0.021212 0.000562
2 3 0.000009 0.000885 0.812392 0.186711 0.000003
2 3 0.000007 0.000713 0.742218 0.257059 0.000003
2 3 0.000009 0.000554 0.669126 0.330307 0.000003
3 3 0.000011 0.001082 0.426029 0.572872 0.000005
3 3 0.000006 0.000420 0.495615 0.503958 0.000002
3 3 0.000005 0.000226 0.189339 0.810427 0.000002
2 3 0.000004 0.000691 0.545641 0.453661 0.000002
3 3 0.000007 0.000235 0.158629 0.841125 0.000003
3 3 0.000008 0.000377 0.240608 0.759003 0.000004
3 3 0.000006 0.000173 0.081431 0.918388 0.000003
3 3 0.000005 0.000156 0.065626 0.934211 0.000003
3 3 0.000009 0.000473 0.148223 0.851290 0.000005
3 3 0.000007 0.000274 0.077419 0.922296 0.000004
3 3 0.000003 0.000163 0.107298 0.892535 0.000001
3 3 0.000003 0.000153 0.111917 0.887925 0.000002
3 3 0.000001 0.000042 0.035095 0.964861 0.000001
3 3 0.000008 0.000667 0.232280 0.767040 0.000004
3 3 0.000005 0.000391 0.156820 0.842781 0.000003
3 3 0.000004 0.000455 0.151723 0.847816 0.000002
3 3 0.000002 0.000267 0.173092 0.826638 0.000001
3 1 0.000003 0.000300 0.143290 0.856406 0.000001
3 3 0.000008 0.000471 0.135726 0.863790 0.000005
3 3 0.000015 0.001602 0.242285 0.756088 0.000010
3 3 0.000004 0.000226 0.111507 0.888262 0.000002
3 3 0.000007 0.000810 0.227842 0.771338 0.000004
3 3 0.000003 0.000350 0.157792 0.841854 0.000002
3 3 0.000010 0.000848 0.179485 0.819650 0.000006
3 3 0.000006 0.000428 0.120300 0.879263 0.000003
3 3 0.000003 0.000174 0.104712 0.895110 0.000001
3 3 0.000005 0.000602 0.187902 0.811487 0.000003
3 3 0.000009 0.000245 0.064889 0.934852 0.000005
3 3 0.000003 0.000202 0.087436 0.912357 0.000002
3 3 0.000009 0.001057 0.157492 0.841435 0.000006
3 3 0.000005 0.000292 0.069299 0.930401 0.000003
3 3 0.000030 0.002937 0.299949 0.697064 0.000020
3 3 0.000007 0.000305 0.064588 0.935097 0.000004
3 3 0.000021 0.001605 0.164958 0.833401 0.000015
3 3 0.000012 0.001301 0.226695 0.771985 0.000008
3 3 0.000014 0.000434 0.062871 0.936673 0.000009
3 3 0.000022 0.002071 0.209526 0.788365 0.000016
3 3 0.000012 0.000672 0.080477 0.918832 0.000008
3 3 0.000013 0.000935 0.114026 0.885017 0.000009
3 3 0.000006 0.000358 0.109437 0.890196 0.000003
3 3 0.000009 0.000274 0.057712 0.941999 0.000006
3 3 0.000014 0.000416 0.052888 0.946673 0.000009
3 3 0.000008 0.000476 0.099269 0.900244 0.000005
3 3 0.000012 0.000493 0.073405 0.926081 0.000008
3 3 0.000017 0.000534 0.065719 0.933720 0.000011
3 3 0.000011 0.000520 0.094894 0.904570 0.000007
3 3 0.000014 0.000432 0.076696 0.922849 0.000009
3 3 0.000012 0.000303 0.058325 0.941353 0.000007
3 3 0.000005 0.000229 0.088093 0.911670 0.000003
3 3 0.000004 0.000213 0.076835 0.922947 0.000002
3 3 0.000013 0.000534 0.073456 0.925989 0.000009
3 3 0.000011 0.000585 0.084036 0.915361 0.000007
3 3 0.000005 0.000224 0.045436 0.954332 0.000003
3 3 0.000010 0.000455 0.092775 0.906754 0.000006
3 3 0.000006 0.000260 0.102180 0.897550 0.000003
3 3 0.000022 0.000457 0.067260 0.932247 0.000014
3 3 0.000022 0.001781 0.169607 0.828573 0.000016
3 3 0.000021 0.000480 0.060930 0.938555 0.000014
3 3 0.000042 0.001343 0.113854 0.884731 0.000029
3 3 0.000026 0.001186 0.134029 0.864742 0.000017
3 3 0.000038 0.001286 0.152502 0.846150 0.000024
3 3 0.000080 0.002408 0.195445 0.802013 0.000053
3 0 0.000113 0.002451 0.150451 0.846906 0.000079
2 2 0.000323 0.009209 0.674514 0.315765 0.000188
2 2 0.000401 0.035625 0.774553 0.188103 0.001317
2 2 0.000209 0.016287 0.834193 0.148840 0.000472
2 2 0.000291 0.022758 0.696875 0.279583 0.000494
2 2 0.000320 0.019270 0.804475 0.175309 0.000625
2 2 0.000106 0.003414 0.758017 0.238388 0.000075
2 2 0.000276 0.007831 0.658562 0.333128 0.000203
2 2 0.000251 0.013090 0.833865 0.152395 0.000399
2 2 0.000270 0.020249 0.840639 0.138116 0.000727
2 0 0.000149 0.005068 0.937927 0.056630 0.000226
2 2 0.015935 0.094639 0.801624 0.084599 0.003202
2 2 0.000243 0.034127 0.788425 0.176186 0.001019
2 1 0.000181 0.008263 0.890977 0.100301 0.000278
2 2 0.000377 0.039018 0.780088 0.179050 0.001467
2 2 0.000126 0.006671 0.930382 0.062559 0.000261
2 2 0.000072 0.005819 0.950068 0.043821 0.000220
2 2 0.000233 0.020709 0.935558 0.041768 0.001732
2 2 0.000027 0.001652 0.923944 0.074356 0.000021
2 2 0.000080 0.012193 0.892051 0.095383 0.000293
2 2 0.000178 0.015594 0.930430 0.052882 0.000916
2 2 0.000371 0.010606 0.680087 0.308623 0.000312
2 2 0.000210 0.009176 0.585284 0.405196 0.000134
2 2 0.000040 0.002075 0.838431 0.159435 0.000019
2 2 0.000223 0.023034 0.786680 0.189469 0.000594
2 2 0.000169 0.007899 0.876800 0.114902 0.000230
2 1 0.000710 0.037194 0.830407 0.129196 0.002492
2 1 0.000225 0.007723 0.956102 0.035307 0.000643
2 1 0.000382 0.010549 0.806486 0.182244 0.000339
2 2 0.002311 0.086663 0.873254 0.028907 0.008865
2 0 0.000263 0.022282 0.884156 0.092206 0.001092
2 1 0.006797 0.133289 0.795398 0.053534 0.010981
2 2 0.003653 0.137620 0.738587 0.107465 0.012675
2 2 0.000863 0.045585 0.916133 0.034008 0.003411
2 2 0.001489 0.142104 0.748723 0.094286 0.013398
2 1 0.000184 0.020939 0.935099 0.042759 0.001019
2 2 0.000986 0.046470 0.891468 0.056573 0.004503
2 2 0.000372 0.026729 0.871490 0.099905 0.001504
2 2 0.001049 0.070370 0.844855 0.080434 0.003293
2 2 0.000223 0.016300 0.913306 0.069292 0.000880
2 2 0.000562 0.024161 0.894090 0.079196 0.001991
2 2 0.000134 0.011417 0.909798 0.078238 0.000414
2 2 0.000213 0.015197 0.935577 0.047958 0.001054
2 0 0.001263 0.030824 0.741059 0.225089 0.001765
2 0 0.031610 0.130314 0.727881 0.099268 0.010928
2 2 0.037581 0.333072 0.559563 0.059805 0.009980
2 1 0.000257 0.010436 0.841442 0.147543 0.000322
2 1 0.011133 0.258291 0.687621 0.026197 0.016757
2 1 0.077504 0.342683 0.524676 0.011072 0.044064
2 1 0.034849 0.157594 0.724250 0.076512 0.006794
2 2 0.001326 0.167220 0.771490 0.038898 0.021066
2 2 0.000447 0.069702 0.793692 0.132295 0.003863
2 2 0.000110 0.006513 0.810114 0.183160 0.000103
2 1 0.000099 0.006176 0.946479 0.046983 0.000263
2 1 0.011568 0.255168 0.665354 0.059204 0.008707
2 2 0.002697 0.168168 0.761034 0.044767 0.023333
2 2 0.000619 0.021629 0.825147 0.151483 0.001121
2 2 0.000184 0.016753 0.947234 0.034427 0.001403
2 2 0.002112 0.161407 0.770895 0.026735 0.038851
2 2 0.000323 0.027003 0.872319 0.098928 0.001425
2 2 0.000292 0.041142 0.921046 0.032457 0.005063
2 2 0.000201 0.023555 0.908983 0.065957 0.001305
2 2 0.000442 0.053395 0.757134 0.186847 0.002182
2 2 0.001087 0.068366 0.805114 0.118922 0.006512
2 2 0.006225 0.200372 0.731319 0.035340 0.026744
2 2 0.000746 0.067021 0.836834 0.088833 0.006565
2 2 0.001107 0.050517 0.854254 0.088200 0.005921
2 2 0.000068 0.009976 0.921839 0.067836 0.000280
2 2 0.000317 0.016297 0.813333 0.169524 0.000529
2 2 0.000235 0.010431 0.854677 0.134328 0.000330
2 2 0.000128 0.012816 0.858655 0.128086 0.000315
2 1 0.000416 0.017108 0.815280 0.166544 0.000652
2 2 0.002523 0.103089 0.804620 0.079267 0.010501
2 2 0.000219 0.024696 0.886730 0.087191 0.001163
2 2 0.000216 0.015298 0.866934 0.117014 0.000539
2 2 0.001174 0.092112 0.835883 0.061782 0.009049
2 2 0.000074 0.007457 0.920522 0.071744 0.000202
2 2 0.000541 0.055003 0.755340 0.186609 0.002508
2 2 0.000306 0.014101 0.934667 0.049791 0.001136
2 4 0.002731 0.123485 0.790670 0.064803 0.018312
2 4 0.006253 0.280104 0.639241 0.023680 0.050722
2 4 0.003840 0.141294 0.742710 0.027593 0.084563
2 4 0.011704 0.233623 0.629740 0.066386 0.058546
2 4 0.009817 0.314673 0.537966 0.020257 0.117288
2 4 0.012830 0.332459 0.515956 0.024747 0.114007
1 4 0.093827 0.440882 0.150835 0.001105 0.313352
4 4 0.081474 0.252430 0.120366 0.000937 0.544793
4 1 0.051153 0.286918 0.116577 0.000344 0.545007
1 4 0.060547 0.393484 0.155137 0.000961 0.389870
4 4 0.145163 0.317858 0.115606 0.000919 0.420454
4 4 0.121784 0.263292 0.105514 0.000675 0.508734
4 4 0.173502 0.049782 0.037732 0.001793 0.737190
4 4 0.211368 0.045045 0.033087 0.001717 0.708783
1 4 0.091483 0.395339 0.122098 0.000393 0.390686
4 4 0.076177 0.222518 0.104371 0.000647 0.596286
4 4 0.120775 0.363832 0.118283 0.000515 0.396596
4 4 0.091003 0.329320 0.123273 0.000573 0.455832
4 4 0.258045 0.193128 0.062996 0.000375 0.485455
4 4 0.281390 0.078968 0.042532 0.001197 0.595914
4 4 0.100682 0.336214 0.109390 0.000325 0.453389
4 4 0.163746 0.149572 0.070606 0.000808 0.615267
1 4 0.073791 0.466092 0.153362 0.000886 0.305869
4 4 0.106330 0.140029 0.072977 0.000730 0.679934
4 4 0.171998 0.213459 0.080811 0.000530 0.533202
1 4 0.124664 0.386179 0.115963 0.000436 0.372758
1 4 0.112893 0.434588 0.139793 0.000913 0.311813
1 4 0.100507 0.418150 0.123874 0.000432 0.357036
4 1 0.076047 0.316677 0.113139 0.000334 0.493803
1 4 0.228983 0.399540 0.123864 0.001520 0.246093
1 4 0.124816 0.390231 0.124725 0.000635 0.359593
4 4 0.052085 0.363422 0.138778 0.000529 0.445185
4 4 0.104716 0.185049 0.073771 0.000308 0.636154
4 4 0.124809 0.134731 0.090224 0.002676 0.647560
1 4 0.073156 0.519624 0.162801 0.001181 0.243237
1 4 0.084561 0.409411 0.114237 0.000241 0.391550
2 4 0.023149 0.403439 0.529593 0.007721 0.036098
2 4 0.020353 0.448921 0.495749 0.009791 0.025186
1 4 0.042340 0.505887 0.410605 0.010302 0.030866
1 4 0.036810 0.534731 0.394580 0.009856 0.024022
2 4 0.027371 0.418078 0.523117 0.013920 0.017514
2 2 0.012581 0.452860 0.481394 0.004462 0.048702
2 2 0.004367 0.258305 0.701807 0.018522 0.016999
2 0 0.021251 0.376160 0.572316 0.015895 0.014378
2 0 0.191029 0.306516 0.461195 0.020727 0.020533
1 1 0.198437 0.491201 0.262019 0.022168 0.026176
1 1 0.016100 0.492429 0.444179 0.006365 0.040927
1 1 0.022312 0.482273 0.459281 0.008813 0.027321
2 1 0.020212 0.427127 0.508397 0.004705 0.039559
2 2 0.008855 0.338144 0.619555 0.003419 0.030027
2 2 0.004363 0.149740 0.821432 0.015238 0.009227
2 2 0.004442 0.104505 0.873410 0.011708 0.005935
2 2 0.004391 0.149322 0.821340 0.015639 0.009308
2 2 0.005228 0.238281 0.722585 0.016857 0.017050
2 2 0.003934 0.154853 0.823635 0.004971 0.012608
2 2 0.000600 0.023542 0.958716 0.015693 0.001450
2 2 0.003313 0.139137 0.834310 0.014338 0.008901
2 2 0.001609 0.067707 0.917992 0.007529 0.005163
2 0 0.003327 0.101171 0.865284 0.025619 0.004600
2 0 0.166675 0.380790 0.414265 0.011065 0.027205
2 2 0.010404 0.319346 0.650231 0.009512 0.010507
2 2 0.003051 0.108620 0.859535 0.024852 0.003942
2 2 0.004587 0.140316 0.839496 0.009349 0.006252
2 2 0.000278 0.006181 0.980819 0.012309 0.000412
2 2 0.000903 0.026739 0.931862 0.039277 0.001220
2 2 0.006808 0.117891 0.837269 0.028582 0.009449
2 2 0.000130 0.005983 0.937326 0.056306 0.000255
2 2 0.001748 0.065445 0.861655 0.068879 0.002273
2 2 0.000526 0.032652 0.887847 0.078073 0.000902
2 2 0.000633 0.045031 0.879441 0.073567 0.001329
2 2 0.000440 0.021814 0.916279 0.060580 0.000887
2 2 0.004474 0.131722 0.744014 0.115946 0.003843
2 2 0.000431 0.035920 0.905959 0.056556 0.001134
2 3 0.001061 0.059254 0.891731 0.045670 0.002284
2 3 0.000404 0.021001 0.607295 0.370875 0.000425
2 3 0.002240 0.068280 0.895550 0.031390 0.002541
2 3 0.000119 0.005940 0.872568 0.121239 0.000134
2 3 0.000645 0.032447 0.882608 0.082645 0.001656
2 3 0.000579 0.044133 0.875573 0.078500 0.001215
2 3 0.000855 0.036492 0.850071 0.111585 0.000997
2 3 0.000196 0.010635 0.773815 0.215142 0.000212
2 3 0.000733 0.041407 0.772291 0.184258 0.001311
2 3 0.000349 0.010658 0.672335 0.316448 0.000211
2 2 0.000241 0.020383 0.738425 0.240505 0.000447
2 3 0.001072 0.064688 0.880095 0.051337 0.002808
2 3 0.000556 0.037139 0.747647 0.213720 0.000938
2 3 0.000700 0.035458 0.841355 0.121496 0.000992
2 3 0.000173 0.013629 0.719113 0.266864 0.000221
2 3 0.000253 0.019648 0.899352 0.080165 0.000583
2 3 0.000172 0.008271 0.881397 0.109938 0.000223
2 3 0.000171 0.010425 0.592334 0.396959 0.000111
2 3 0.000123 0.007351 0.688976 0.303467 0.000084
2 0 0.000433 0.015521 0.722732 0.260894 0.000419
2 0 0.220741 0.292807 0.381744 0.078370 0.026339
2 2 0.005114 0.142610 0.754671 0.095215 0.002390
2 2 0.002170 0.076874 0.776270 0.142261 0.002425
2 2 0.003125 0.111095 0.780456 0.102293 0.003031
2 2 0.000639 0.024542 0.813543 0.160399 0.000876
2 2 0.001347 0.077433 0.814535 0.104595 0.002090
2 2 0.001607 0.088079 0.858855 0.048225 0.003233
2 3 0.000365 0.017305 0.686961 0.295030 0.000339
2 3 0.000559 0.014613 0.760543 0.223778 0.000506
2 2 0.000563 0.051794 0.837655 0.107607 0.002380
2 3 0.001367 0.051583 0.880774 0.064698 0.001578
2 2 0.000288 0.020791 0.845978 0.132193 0.000750
2 2 0.000641 0.023162 0.679417 0.296056 0.000725
2 2 0.000562 0.044950 0.807441 0.145999 0.001048
2 2 0.000399 0.036239 0.822494 0.139217 0.001650
2 2 0.001838 0.065005 0.881707 0.048650 0.002800
2 2 0.000215 0.011250 0.749359 0.238959 0.000218
2 1 0.010041 0.086385 0.737885 0.162392 0.003297
2 2 0.038693 0.170270 0.729319 0.055926 0.005792
2 2 0.000590 0.058367 0.852037 0.086446 0.002560
2 3 0.000551 0.052578 0.899926 0.043965 0.002980
2 3 0.000773 0.021738 0.706696 0.269991 0.000802
2 3 0.000967 0.058200 0.898351 0.039469 0.003013
2 3 0.000274 0.019987 0.936343 0.042265 0.001131
2 3 0.000270 0.010661 0.953178 0.034870 0.001022
2 3 0.000612 0.033917 0.942067 0.020871 0.002533
2 2 0.001363 0.046180 0.783824 0.166768 0.001866
2 2 0.001127 0.073843 0.875896 0.046364 0.002770
2 2 0.000397 0.027488 0.945048 0.025628 0.001439
2 2 0.000130 0.007203 0.933334 0.059030 0.000303
2 2 0.000190 0.028508 0.838587 0.132049 0.000665
2 2 0.004022 0.145239 0.755275 0.089988 0.005476
2 1 0.007351 0.036465 0.825581 0.128075 0.002528
2 1 0.018298 0.127862 0.805092 0.046698 0.002051
2 2 0.004623 0.168876 0.707102 0.108424 0.010975
2 2 0.000501 0.026028 0.783481 0.188951 0.001039
2 2 0.000265 0.026698 0.834908 0.137142 0.000986
2 2 0.000134 0.005859 0.829342 0.164555 0.000110
2 2 0.000092 0.010460 0.926568 0.062513 0.000367
2 1 0.002851 0.023566 0.648868 0.322534 0.002182
2 2 0.003697 0.123430 0.751305 0.117252 0.004316
2 2 0.000188 0.018412 0.871268 0.109482 0.000650
2 2 0.000083 0.003189 0.958889 0.037704 0.000136
2 2 0.000141 0.007760 0.956335 0.035257 0.000508
2 2 0.000026 0.001323 0.947774 0.050856 0.000022
2 2 0.000157 0.010579 0.909977 0.078878 0.000409
2 2 0.000188 0.012044 0.951137 0.035677 0.000954
2 2 0.000131 0.007323 0.930000 0.062250 0.000296
2 2 0.000045 0.003672 0.910560 0.085661 0.000062
2 2 0.000092 0.005450 0.970248 0.023842 0.000368
2 2 0.000047 0.003135 0.962856 0.033853 0.000108
2 2 0.000114 0.007254 0.962951 0.029194 0.000487
2 2 0.000156 0.016218 0.867873 0.115261 0.000492
2 3 0.000025 0.001160 0.884561 0.114243 0.000010
2 3 0.000136 0.011704 0.858731 0.129138 0.000291
2 3 0.000081 0.007440 0.850704 0.141651 0.000125
2 3 0.000056 0.003364 0.864972 0.131563 0.000045
2 3 0.000124 0.005196 0.589522 0.405084 0.000076
2 3 0.000061 0.004215 0.824684 0.170990 0.000049
2 3 0.000084 0.007896 0.561592 0.430373 0.000056
2 3 0.000271 0.016760 0.765680 0.216874 0.000415
2 3 0.000029 0.002337 0.927251 0.070348 0.000035
2 3 0.000056 0.003774 0.790017 0.206117 0.000036
2 3 0.000106 0.008124 0.872252 0.119336 0.000181
2 3 0.000068 0.005472 0.927543 0.066773 0.000144
2 3 0.000036 0.003695 0.666959 0.329291 0.000019
2 3 0.000038 0.002431 0.810280 0.187231 0.000019
2 3 0.000024 0.002659 0.895417 0.101873 0.000027
2 3 0.000066 0.004337 0.794630 0.200920 0.000047
2 3 0.000083 0.006939 0.844630 0.148235 0.000113
2 3 0.000047 0.002922 0.874418 0.122576 0.000037
2 3 0.000017 0.000914 0.674318 0.324745 0.000007
2 3 0.000039 0.002905 0.658188 0.338849 0.000019
2 3 0.000011 0.001287 0.675649 0.323048 0.000005
2 3 0.000119 0.009661 0.635955 0.354167 0.000098
3 3 0.000039 0.002257 0.442897 0.554787 0.000021
2 3 0.000041 0.003241 0.542045 0.454651 0.000023
3 3 0.000019 0.001856 0.432246 0.565868 0.000010
2 3 0.000021 0.002090 0.502441 0.495437 0.000011
3 3 0.000017 0.001320 0.294074 0.704579 0.000009
3 3 0.000010 0.001172 0.304643 0.694170 0.000006
3 3 0.000014 0.000886 0.414252 0.584842 0.000006
3 3 0.000008 0.000606 0.238290 0.761092 0.000004
3 3 0.000023 0.001460 0.351704 0.646801 0.000012
3 3 0.000036 0.002834 0.492193 0.504917 0.000020
3 3 0.000019 0.001820 0.231927 0.766222 0.000012
3 3 0.000018 0.000863 0.329878 0.669232 0.000009
3 3 0.000038 0.001712 0.198685 0.799540 0.000024
3 3 0.000005 0.000484 0.214281 0.785227 0.000003
2 3 0.000036 0.003542 0.629318 0.367085 0.000020
3 3 0.000012 0.000931 0.194543 0.804507 0.000007
3 3 0.000014 0.001042 0.192173 0.806763 0.000008
3 3 0.000015 0.001033 0.260691 0.738253 0.000008
3 3 0.000096 0.002406 0.139331 0.858098 0.000070
2 3 0.000142 0.009729 0.504404 0.485626 0.000100
3 3 0.000049 0.001171 0.261382 0.737373 0.000025
3 3 0.000109 0.003048 0.197508 0.799260 0.000076
3 3 0.000045 0.002431 0.224726 0.772767 0.000030
3 3 0.000112 0.005026 0.210338 0.784437 0.000088
3 3 0.000015 0.000516 0.152573 0.846888 0.000008
3 3 0.000043 0.002682 0.205966 0.791280 0.000030
3 3 0.000036 0.004109 0.383826 0.612004 0.000024
3 3 0.000041 0.002633 0.177405 0.819890 0.000031
3 3 0.000022 0.000739 0.094728 0.904498 0.000014
3 3 0.000048 0.000843 0.068436 0.930640 0.000033
3 3 0.000041 0.001106 0.116297 0.882529 0.000027
3 3 0.000009 0.000264 0.076932 0.922790 0.000005
3 3 0.000023 0.001322 0.166236 0.832404 0.000015
3 3 0.000106 0.001201 0.084449 0.914171 0.000072
3 3 0.000049 0.001298 0.086030 0.912587 0.000036
3 1 0.000299 0.003193 0.144679 0.851617 0.000213
2 2 0.008146 0.125109 0.668998 0.195125 0.002622
2 2 0.000541 0.017459 0.677587 0.303938 0.000474
2 2 0.000131 0.004237 0.779679 0.215892 0.000062
2 3 0.000157 0.004711 0.798583 0.196468 0.000082
2 2 0.000025 0.001388 0.586694 0.411882 0.000011
2 2 0.005932 0.103352 0.741353 0.125666 0.023698
2 4 0.003758 0.085806 0.798181 0.093016 0.019240
2 4 0.006157 0.102848 0.724752 0.144708 0.021535
2 4 0.022139 0.178639 0.512518 0.047199 0.239506
4 4 0.115441 0.084079 0.132758 0.174104 0.493618
2 4 0.032455 0.120857 0.631939 0.154338 0.060412
2 4 0.027757 0.110722 0.800679 0.033855 0.026987
4 4 0.031196 0.136172 0.083468 0.000458 0.748706
4 4 0.028456 0.044333 0.041886 0.000730 0.884595
4 4 0.053801 0.061081 0.061927 0.002749 0.820441
4 1 0.082371 0.022548 0.018869 0.000501 0.875712
4 1 0.046906 0.303261 0.101848 0.000141 0.547844
4 4 0.049188 0.305546 0.102521 0.000149 0.542596
4 4 0.043410 0.042814 0.037698 0.000745 0.875334
4 4 0.031036 0.179773 0.087356 0.000229 0.701606
4 4 0.076122 0.084045 0.046500 0.000343 0.792990
4 4 0.030540 0.050764 0.049017 0.001020 0.868659
4 4 0.039560 0.100638 0.061523 0.000371 0.797908
4 4 0.040052 0.148700 0.076138 0.000281 0.734828
4 4 0.092910 0.135741 0.062611 0.000342 0.708396
4 4 0.030963 0.128564 0.080248 0.000457 0.759769
4 4 0.025676 0.093357 0.076199 0.000872 0.803895
4 4 0.035613 0.064502 0.049085 0.000524 0.850275
4 4 0.046396 0.316997 0.093295 0.000081 0.543231
4 4 0.053096 0.180025 0.113618 0.001323 0.651938
4 4 0.029811 0.057086 0.040142 0.000264 0.872697
4 4 0.030892 0.236460 0.096507 0.000155 0.635986
4 4 0.037511 0.268470 0.114264 0.000282 0.579473
4 4 0.018544 0.227441 0.106257 0.000172 0.647586
4 4 0.026637 0.058119 0.053880 0.000882 0.860482
4 4 0.071072 0.016681 0.016985 0.000754 0.894508
4 4 0.115574 0.027169 0.023019 0.000929 0.833309
4 4 0.097494 0.032696 0.028114 0.001046 0.840650
4 4 0.151392 0.037498 0.029559 0.001304 0.780247
4 4 0.061528 0.330677 0.096681 0.000112 0.511003
4 4 0.034188 0.267363 0.100227 0.000140 0.598082
4 4 0.040791 0.271208 0.088933 0.000090 0.598979
1 2 0.012911 0.341264 0.320894 0.002489 0.322443
2 2 0.001828 0.094467 0.755632 0.004567 0.143506
2 2 0.001715 0.074608 0.791488 0.003593 0.128596
2 1 0.009934 0.207809 0.662983 0.008382 0.110893
2 1 0.089555 0.376115 0.418185 0.028268 0.087877
2 1 0.001927 0.179665 0.569142 0.005819 0.243447
2 1 0.002715 0.145160 0.613848 0.005779 0.232498
2 2 0.000945 0.073392 0.874224 0.010853 0.040586
2 1 0.002239 0.072432 0.827340 0.006520 0.091470
2 2 0.003670 0.185307 0.624790 0.005593 0.180640
2 2 0.001284 0.092530 0.846583 0.018374 0.041228
2 2 0.000635 0.043055 0.912923 0.003928 0.039460
2 2 0.001042 0.064022 0.859249 0.004506 0.071180
2 2 0.000369 0.039733 0.935887 0.012929 0.011081
2 2 0.000507 0.032347 0.940201 0.019273 0.007672
2 2 0.000120 0.012291 0.979546 0.003854 0.004188
2 2 0.000156 0.011271 0.979703 0.005587 0.003284
2 2 0.000290 0.021464 0.961210 0.003360 0.013676
2 2 0.000081 0.004613 0.990097 0.004127 0.001082
2 2 0.000343 0.017444 0.968047 0.008071 0.006094
2 2 0.001153 0.074874 0.837902 0.005114 0.080957
2 2 0.000208 0.007141 0.985921 0.002448 0.004282
2 2 0.000411 0.025222 0.956091 0.006889 0.011386
2 2 0.000239 0.009636 0.977841 0.010083 0.002201
2 2 0.000053 0.003363 0.991683 0.004306 0.000594
2 2 0.000301 0.017289 0.968544 0.003720 0.010146
2 2 0.000637 0.028927 0.945082 0.016943 0.008411
2 2 0.000072 0.004319 0.990687 0.003941 0.000981
2 2 0.000199 0.008854 0.978195 0.011056 0.001696
2 2 0.000586 0.023372 0.955812 0.005670 0.014560
2 2 0.000081 0.003230 0.987170 0.009120 0.000399
2 2 0.000136 0.008681 0.983393 0.005470 0.002321
2 2 0.000071 0.003429 0.980560 0.015677 0.000264
2 2 0.000120 0.003409 0.982132 0.013963 0.000376
2 2 0.000077 0.003589 0.982391 0.013620 0.000323
2 2 0.000041 0.002419 0.988685 0.008643 0.000212
2 2 0.000104 0.005851 0.969139 0.024490 0.000417
2 2 0.000105 0.003538 0.943881 0.052341 0.000134
2 2 0.000030 0.002128 0.952780 0.045018 0.000044
2 2 0.000066 0.002200 0.962744 0.034905 0.000084
2 2 0.000065 0.004121 0.985306 0.010075 0.000433
2 2 0.000096 0.005274 0.978928 0.015191 0.000512
2 2 0.000232 0.007726 0.976384 0.014365 0.001294
2 2 0.000119 0.006152 0.850175 0.143432 0.000122
2 1 0.000547 0.050372 0.883599 0.059983 0.005499
2 1 0.023925 0.274328 0.614867 0.066394 0.020486
2 2 0.000181 0.022559 0.959271 0.014198 0.003792
2 2 0.000153 0.007150 0.979130 0.012502 0.001064
2 2 0.000051 0.002859 0.979554 0.017367 0.000169
2 2 0.000037 0.002116 0.984373 0.013350 0.000124
2 2 0.000098 0.004590 0.989684 0.004512 0.001115
2 2 0.000218 0.014887 0.909213 0.074943 0.000740
2 2 0.000057 0.003837 0.988661 0.006947 0.000497
2 2 0.000019 0.001556 0.992845 0.005458 0.000122
2 2 0.000366 0.018376 0.963185 0.013571 0.004502
2 2 0.000161 0.008060 0.951184 0.040081 0.000515
2 3 0.000119 0.007611 0.977304 0.014052 0.000915
2 2 0.000126 0.006529 0.913151 0.079983 0.000211
2 2 0.000181 0.008503 0.965175 0.025317 0.000824
2 2 0.000144 0.011397 0.974372 0.012340 0.001748
2 1 0.000695 0.026242 0.942706 0.024364 0.005993
2 2 0.005697 0.230723 0.716451 0.027228 0.019901
2 2 0.000549 0.078618 0.835713 0.079703 0.005417
2 2 0.000592 0.062809 0.875005 0.054493 0.007101
2 2 0.000211 0.010195 0.973877 0.014004 0.001713
2 2 0.000120 0.004872 0.990565 0.001867 0.002577
2 2 0.000386 0.018217 0.939849 0.039535 0.002013
2 2 0.000160 0.014342 0.974551 0.007430 0.003516
2 2 0.000081 0.002531 0.961369 0.035913 0.000107
2 2 0.000283 0.012154 0.975401 0.008668 0.003494
2 2 0.000020 0.001762 0.982470 0.015681 0.000066
2 0 0.007031 0.119384 0.844284 0.011479 0.017822
2 0 0.052648 0.383383 0.494538 0.019165 0.050267
2 1 0.083314 0.312755 0.514151 0.069599 0.020181
2 2 0.008101 0.319131 0.585034 0.016815 0.070920
2 2 0.000525 0.078033 0.874309 0.033496 0.013637
2 2 0.000613 0.050277 0.902122 0.038881 0.008108
2 2 0.000534 0.018540 0.951434 0.026124 0.003367
2 2 0.000123 0.003073 0.984797 0.011617 0.000391
2 2 0.000268 0.010323 0.967897 0.020012 0.001499
2 2 0.000206 0.008859 0.979903 0.009012 0.002020
2 2 0.000146 0.004697 0.986076 0.008186 0.000894
2 2 0.000069 0.004703 0.989282 0.005071 0.000875
2 2 0.000294 0.014301 0.956381 0.027234 0.001790
2 2 0.000060 0.003757 0.967936 0.028073 0.000173
2 2 0.000231 0.009112 0.968230 0.021273 0.001154
2 3 0.000201 0.006120 0.983831 0.008461 0.001386
2 2 0.000193 0.009298 0.945117 0.044783 0.000609
2 2 0.000401 0.014768 0.967848 0.013204 0.003779
2 2 0.000160 0.008632 0.959587 0.030946 0.000675
2 2 0.000100 0.004589 0.951469 0.043642 0.000200
2 2 0.000200 0.009083 0.946292 0.043811 0.000615
2 0 0.000381 0.017761 0.966044 0.010398 0.005417
2 1 0.042256 0.160481 0.652283 0.114532 0.030448
2 2 0.002549 0.171271 0.747478 0.060040 0.018661
2 2 0.000175 0.009578 0.974165 0.014684 0.001398
2 2 0.000181 0.006486 0.971216 0.021425 0.000691
2 2 0.000085 0.005759 0.973301 0.020432 0.000423
2 2 0.000356 0.012925 0.965768 0.018589 0.002362
2 2 0.000132 0.008314 0.935534 0.055645 0.000374
2 2 0.000431 0.028834 0.950504 0.010110 0.010121
2 2 0.000075 0.001444 0.953532 0.044902 0.000047
2 2 0.000199 0.007405 0.973232 0.018210 0.000953
2 2 0.000415 0.012533 0.958289 0.026897 0.001866
2 1 0.134339 0.293863 0.505012 0.043756 0.023031
2 2 0.003168 0.170030 0.774007 0.035341 0.017454
2 2 0.000331 0.020249 0.960623 0.014195 0.004602
2 2 0.000131 0.003423 0.985330 0.010628 0.000488
2 2 0.000209 0.003246 0.976495 0.019682 0.000367
2 2 0.000165 0.009148 0.963525 0.026337 0.000825
2 2 0.000187 0.008191 0.967765 0.022991 0.000865
2 2 0.000042 0.001409 0.990061 0.008367 0.000120
2 2 0.000124 0.009185 0.980218 0.008835 0.001639
2 2 0.000132 0.004832 0.918850 0.076026 0.000160
2 2 0.000502 0.042217 0.894867 0.059811 0.002602
2 1 0.000286 0.024854 0.902602 0.070679 0.001579
2 2 0.000729 0.078108 0.857253 0.055346 0.008565
2 2 0.000181 0.014147 0.959199 0.025007 0.001467
2 2 0.000043 0.002246 0.986748 0.010793 0.000169
2 2 0.000254 0.011423 0.975036 0.010651 0.002636
2 2 0.010859 0.082770 0.849952 0.051103 0.005316
1 2 0.082753 0.585202 0.246313 0.008828 0.076904
2 2 0.003567 0.031359 0.941936 0.019646 0.003492
2 2 0.015911 0.078171 0.879917 0.008897 0.017105
2 2 0.029314 0.111909 0.814284 0.009623 0.034870
2 2 0.010480 0.082421 0.841996 0.051627 0.013476
2 2 0.081347 0.195343 0.671531 0.030276 0.021503
1 1 0.060392 0.634280 0.248366 0.006995 0.049967
1 2 0.194542 0.573221 0.144982 0.004825 0.082431
1 2 0.053346 0.554698 0.281484 0.003493 0.106980
2 2 0.017808 0.160287 0.771359 0.008091 0.042455
2 2 0.009132 0.061154 0.876105 0.047522 0.006087
2 2 0.056747 0.109973 0.795784 0.020026 0.017470
1 1 0.081325 0.603864 0.249206 0.008057 0.057549
0 0 0.430629 0.406791 0.094190 0.004244 0.064146
0 0 0.685515 0.172134 0.054716 0.006383 0.081252
0 0 0.478611 0.339614 0.081876 0.002380 0.097519
0 0 0.467074 0.366487 0.095519 0.006653 0.064266
0 0 0.835823 0.053545 0.025469 0.016360 0.068802
0 0 0.950542 0.001540 0.001468 0.019495 0.026956
0 0 0.962364 0.005845 0.002715 0.002679 0.026397
0 0 0.968821 0.004388 0.001798 0.001001 0.023992
0 0 0.681769 0.222067 0.036075 0.000396 0.059693
0 0 0.897287 0.043087 0.010513 0.000666 0.048446
0 0 0.905929 0.007160 0.005930 0.032441 0.048540
0 0 0.367658 0.338643 0.210909 0.017571 0.065218
1 0 0.382702 0.443297 0.079928 0.000784 0.093289
1 0 0.341133 0.422422 0.105094 0.001960 0.129391
1 0 0.266034 0.574024 0.086775 0.000594 0.072573
1 0 0.333557 0.418294 0.097896 0.001143 0.149110
1 0 0.233712 0.402463 0.103669 0.000587 0.259570
0 0 0.384009 0.367881 0.056293 0.000088 0.191729
4 0 0.136923 0.381280 0.088578 0.000121 0.393099
1 0 0.157769 0.376917 0.091403 0.000173 0.373738
1 0 0.202272 0.364383 0.096003 0.000338 0.337004
1 0 0.175426 0.365880 0.097164 0.000289 0.361240
4 0 0.133528 0.370955 0.093931 0.000167 0.401420
1 0 0.194071 0.370326 0.093344 0.000266 0.341993
1 0 0.181955 0.408923 0.097820 0.000271 0.311031
4 0 0.155909 0.327983 0.121617 0.000979 0.393514
4 0 0.170736 0.348460 0.107914 0.000525 0.372364
1 0 0.323834 0.360670 0.075598 0.000250 0.239648
0 0 0.722871 0.005388 0.004299 0.001815 0.265628
0 0 0.503516 0.092274 0.047854 0.003414 0.352943
0 0 0.644300 0.049561 0.022311 0.001372 0.282456
0 0 0.450570 0.204967 0.060938 0.000742 0.282782
0 0 0.617634 0.089218 0.029194 0.000638 0.263316
1 0 0.107896 0.471445 0.193042 0.005453 0.222164
0 0 0.449974 0.142401 0.044097 0.000459 0.363069
4 0 0.286319 0.216673 0.076298 0.000772 0.419938
4 0 0.289469 0.278998 0.080809 0.000509 0.350214
1 0 0.119430 0.444978 0.172792 0.003242 0.259558
0 0 0.465749 0.246908 0.046995 0.000143 0.240204
1 1 0.206524 0.378361 0.087628 0.000204 0.327283
0 0 0.494318 0.254115 0.089968 0.004259 0.157339
1 1 0.165988 0.404211 0.341042 0.025816 0.062942
4 1 0.151750 0.363758 0.098796 0.000262 0.385434
1 1 0.148497 0.384166 0.113817 0.000495 0.353025
1 1 0.190642 0.475092 0.118225 0.000763 0.215278
1 1 0.197319 0.352044 0.103943 0.000522 0.346172
2 1 0.001398 0.115476 0.737545 0.005242 0.140340
2 1 0.002299 0.105752 0.707235 0.004629 0.180086
2 1 0.011547 0.159773 0.683618 0.022065 0.122997
2 1 0.007235 0.276551 0.476905 0.004311 0.234998
2 1 0.001387 0.129176 0.720528 0.005985 0.142923
2 1 0.000645 0.097716 0.787962 0.003348 0.110329
2 2 0.001438 0.103390 0.768633 0.005559 0.120980
2 2 0.001127 0.076031 0.828678 0.004492 0.089672
2 2 0.000828 0.096257 0.798730 0.004450 0.099735
2 2 0.001052 0.084770 0.797844 0.003700 0.112635
2 2 0.001311 0.077563 0.777479 0.002799 0.140849
2 2 0.000557 0.046287 0.923330 0.009814 0.020012
2 2 0.000880 0.058641 0.881703 0.005143 0.053633
2 2 0.000693 0.049121 0.916820 0.010319 0.023047
2 2 0.001045 0.070126 0.845896 0.004535 0.078399
2 2 0.000257 0.030603 0.949526 0.004605 0.015009
2 2 0.000150 0.009467 0.983113 0.002803 0.004467
2 2 0.000125 0.007523 0.986169 0.003549 0.002634
2 2 0.000593 0.026617 0.950946 0.006405 0.015438
2 2 0.000143 0.011412 0.980275 0.004254 0.003916
2 2 0.000149 0.007744 0.984242 0.005823 0.002042
2 2 0.000326 0.031723 0.947501 0.011768 0.008682
2 2 0.000089 0.004626 0.989372 0.004910 0.001003
2 2 0.000343 0.028470 0.952604 0.007911 0.010672
2 2 0.000136 0.012787 0.978254 0.004978 0.003845
2 2 0.000126 0.007475 0.937160 0.054910 0.000328
2 2 0.000280 0.023079 0.953524 0.019244 0.003873
2 2 0.000325 0.038742 0.928909 0.026115 0.005909
2 2 0.000179 0.010992 0.978143 0.008095 0.002591
2 2 0.000100 0.011409 0.954907 0.032897 0.000687
2 3 0.000189 0.016734 0.896306 0.086251 0.000519
2 3 0.000224 0.018224 0.783605 0.197503 0.000444
2 3 0.000125 0.012169 0.901695 0.085612 0.000399
2 3 0.000210 0.015619 0.720626 0.263257 0.000288
2 3 0.000084 0.005691 0.660616 0.333562 0.000048
2 3 0.000072 0.005953 0.911572 0.082264 0.000140
2 3 0.000095 0.017084 0.751229 0.231358 0.000234
2 3 0.000186 0.021066 0.835044 0.143094 0.000610
2 3 0.000182 0.015736 0.661780 0.322073 0.000229
2 3 0.000157 0.010228 0.646259 0.343231 0.000125
2 3 0.000318 0.035990 0.596897 0.366104 0.000691
3 3 0.000163 0.014144 0.470627 0.514937 0.000129
2 3 0.000078 0.008763 0.638568 0.352520 0.000071
2 3 0.000123 0.009925 0.545887 0.443979 0.000085
2 3 0.000378 0.018388 0.516319 0.464622 0.000293
2 3 0.000147 0.016066 0.549018 0.434606 0.000163
3 3 0.000177 0.015571 0.451274 0.532833 0.000145
2 3 0.000249 0.016200 0.493289 0.490066 0.000195
3 3 0.000192 0.015768 0.459760 0.524125 0.000156
2 3 0.000180 0.011205 0.565226 0.423266 0.000124
3 3 0.000117 0.013191 0.441072 0.545524 0.000096
3 3 0.000138 0.012514 0.485874 0.501369 0.000106
3 3 0.000436 0.022939 0.462618 0.513638 0.000369
2 3 0.000099 0.008890 0.532256 0.458687 0.000068
3 3 0.000337 0.019338 0.480709 0.499342 0.000274
3 3 0.000113 0.007441 0.331902 0.660457 0.000086
3 1 0.000075 0.004270 0.439423 0.556185 0.000046
2 1 0.001258 0.016306 0.566703 0.415071 0.000661
2 2 0.001978 0.053537 0.625540 0.317969 0.000976
2 2 0.002888 0.160339 0.771594 0.058733 0.006446
2 1 0.000737 0.066510 0.864782 0.062847 0.005123
2 2 0.005477 0.058646 0.793760 0.140436 0.001681
2 2 0.000713 0.068375 0.883636 0.033444 0.013832
2 2 0.000155 0.020243 0.955699 0.022822 0.001081
2 2 0.000140 0.010662 0.958444 0.029938 0.000816
2 2 0.000061 0.004858 0.969345 0.025488 0.000249
2 2 0.000171 0.012400 0.969308 0.016427 0.001693
2 1 0.000474 0.027207 0.894202 0.075969 0.002147
2 1 0.007836 0.150835 0.778067 0.051404 0.011859
2 1 0.001044 0.028689 0.883827 0.085594 0.000847
2 2 0.000458 0.030661 0.941418 0.021042 0.006420
2 2 0.000113 0.008335 0.968220 0.022648 0.000685
2 2 0.001019 0.038142 0.937827 0.017640 0.005372
2 2 0.000163 0.006349 0.964124 0.028855 0.000509
2 2 0.000239 0.012980 0.949409 0.036210 0.001162
2 2 0.000488 0.052371 0.926879 0.015070 0.005193
2 2 0.000131 0.008830 0.967743 0.022502 0.000794
2 2 0.000107 0.005544 0.961485 0.032542 0.000322
2 2 0.001110 0.079943 0.889154 0.015784 0.014009
2 2 0.000095 0.008956 0.970389 0.019863 0.000697
2 1 0.004058 0.070123 0.882460 0.029972 0.013388
2 2 0.033704 0.173918 0.714656 0.071768 0.005955
2 2 0.001600 0.128907 0.804355 0.055375 0.009763
2 2 0.001852 0.093502 0.865697 0.028061 0.010888
2 2 0.000102 0.004979 0.961944 0.032698 0.000277
2 2 0.000259 0.027604 0.921330 0.048560 0.002247
2 2 0.000338 0.028836 0.952748 0.015442 0.002635
2 2 0.000080 0.006246 0.959826 0.033541 0.000308
2 2 0.000185 0.014097 0.957608 0.026705 0.001406
2 2 0.001590 0.090216 0.878207 0.024064 0.005923
2 2 0.001232 0.055094 0.922147 0.015938 0.005589
2 2 0.000729 0.041227 0.929357 0.023351 0.005336
2 2 0.000174 0.010238 0.957763 0.030975 0.000851
2 2 0.000336 0.035679 0.941428 0.017134 0.005422
2 2 0.000235 0.013377 0.965227 0.019257 0.001905
2 2 0.000696 0.090707 0.851395 0.043228 0.013975
2 2 0.000363 0.023326 0.962104 0.009533 0.004675
2 2 0.003425 0.132887 0.827160 0.025172 0.011356
2 2 0.012486 0.370851 0.561164 0.007382 0.048116
2 2 0.000235 0.014267 0.958004 0.025841 0.001654
2 2 0.000254 0.034709 0.912141 0.050095 0.002801
2 2 0.000125 0.009040 0.975751 0.014256 0.000829
2 2 0.000557 0.040717 0.934718 0.019257 0.004751
2 2 0.001334 0.080758 0.893679 0.015559 0.008670
2 2 0.003309 0.128542 0.838538 0.010595 0.019015
2 2 0.000530 0.069942 0.875096 0.050798 0.003635
2 2 0.000384 0.038299 0.921311 0.037385 0.002622
2 2 0.000921 0.044196 0.931367 0.014377 0.009140
2 1 0.011170 0.173027 0.737686 0.038351 0.039766
2 1 0.288063 0.305189 0.353302 0.017486 0.035960
2 2 0.002524 0.206188 0.741320 0.028635 0.021333
2 2 0.000883 0.094265 0.861623 0.033106 0.010123
2 2 0.001053 0.078744 0.881563 0.033213 0.005428
2 2 0.000225 0.022137 0.907288 0.069218 0.001132
2 2 0.000608 0.062694 0.874189 0.056154 0.006355
2 2 0.000460 0.032855 0.942035 0.021256 0.003394
2 2 0.001305 0.091779 0.869369 0.014847 0.022700
2 2 0.007766 0.155381 0.788652 0.011500 0.036700
2 4 0.004830 0.243057 0.698728 0.016943 0.036442
2 4 0.011016 0.224841 0.562325 0.003364 0.198454
4 4 0.161709 0.327744 0.121807 0.001036 0.387703
0 4 0.472156 0.267711 0.071322 0.000958 0.187853
1 4 0.269483 0.412920 0.138663 0.004416 0.174517
4 4 0.176233 0.322328 0.138804 0.001586 0.361049
1 0 0.253135 0.433446 0.117751 0.001405 0.194263
0 1 0.332268 0.330477 0.243156 0.024597 0.069503
