0 0 0.744753 0.117231 0.004944 0.000005 0.133067
0 0 0.806348 0.041283 0.008011 0.000194 0.144164
0 0 0.465132 0.108293 0.011035 0.000058 0.415481
0 0 0.535211 0.000060 0.000163 0.000276 0.464290
0 0 0.545098 0.044974 0.009219 0.000193 0.400516
0 0 0.658825 0.028672 0.006250 0.000150 0.306103
0 0 0.653265 0.159413 0.010395 0.000023 0.176903
0 0 0.569493 0.218507 0.016992 0.000027 0.194981
0 0 0.616670 0.146046 0.008877 0.000019 0.228387
0 0 0.476832 0.217252 0.015591 0.000016 0.290310
0 0 0.535159 0.256637 0.017987 0.000012 0.190204
0 0 0.721882 0.139562 0.008560 0.000022 0.129974
0 0 0.709758 0.142585 0.006638 0.000006 0.141013
0 0 0.624304 0.024784 0.005373 0.000120 0.345418
0 0 0.606362 0.078449 0.007980 0.000044 0.307166
0 0 0.534123 0.151991 0.008774 0.000013 0.305099
4 0 0.223383 0.327071 0.042236 0.000038 0.407272
0 1 0.400357 0.259921 0.019250 0.000011 0.320461
0 1 0.569503 0.131999 0.011311 0.000047 0.287139
0 1 0.653118 0.178516 0.010736 0.000013 0.157616
0 1 0.554170 0.170793 0.011960 0.000026 0.263051
0 1 0.591093 0.192615 0.012264 0.000014 0.204014
0 1 0.451200 0.240601 0.019189 0.000021 0.288989
0 1 0.398471 0.337962 0.025658 0.000008 0.237901
1 1 0.157879 0.408077 0.072805 0.000060 0.361179
1 1 0.138594 0.422392 0.102712 0.000178 0.336125
1 1 0.112339 0.467430 0.103782 0.000067 0.316383
2 1 0.021340 0.231514 0.448836 0.010646 0.287664
2 1 0.008718 0.204607 0.666041 0.006776 0.113858
2 1 0.038991 0.222350 0.591947 0.011498 0.135214
2 1 0.019830 0.143458 0.780174 0.022228 0.034310
2 1 0.001244 0.010730 0.960958 0.025395 0.001673
2 2 0.000235 0.002589 0.962534 0.034238 0.000403
2 2 0.001132 0.011390 0.941013 0.044169 0.002296
2 2 0.007228 0.027175 0.791188 0.163879 0.010530
2 2 0.000933 0.005196 0.902080 0.090536 0.001255
2 2 0.001011 0.004912 0.882457 0.110471 0.001150
2 2 0.000812 0.000965 0.551049 0.446791 0.000383
2 2 0.002604 0.003444 0.552335 0.440087 0.001531
2 2 0.001971 0.008298 0.850932 0.136467 0.002332
3 2 0.000334 0.000256 0.429606 0.569689 0.000114
2 2 0.001401 0.002943 0.710326 0.284361 0.000969
2 2 0.000996 0.001171 0.541829 0.455522 0.000482
3 2 0.001813 0.001588 0.428059 0.567693 0.000846
3 2 0.000941 0.000408 0.237206 0.761144 0.000301
3 3 0.002676 0.000843 0.151179 0.844409 0.000894
3 3 0.001088 0.000186 0.077832 0.920640 0.000255
3 3 0.001188 0.000105 0.032251 0.966231 0.000226
3 3 0.001809 0.000380 0.096093 0.901225 0.000493
3 3 0.001284 0.000114 0.032348 0.966005 0.000248
3 3 0.001684 0.000076 0.012370 0.985598 0.000271
3 3 0.002288 0.000159 0.021599 0.975509 0.000446
3 3 0.001004 0.000072 0.024580 0.974172 0.000173
3 3 0.001592 0.000076 0.013300 0.984774 0.000258
3 3 0.000640 0.000024 0.010585 0.988668 0.000083
3 3 0.001214 0.000013 0.001806 0.996849 0.000117
3 3 0.001265 0.000035 0.006573 0.991960 0.000167
3 3 0.001424 0.000020 0.002494 0.995909 0.000153
3 3 0.002148 0.000079 0.008952 0.988486 0.000336
3 3 0.001395 0.000029 0.004342 0.994064 0.000170
3 3 0.003874 0.000047 0.001761 0.993856 0.000461
3 3 0.005371 0.000074 0.002036 0.991817 0.000703
3 3 0.004316 0.000040 0.001210 0.993953 0.000481
3 3 0.004426 0.000093 0.003793 0.991042 0.000646
3 3 0.002206 0.000017 0.000974 0.996597 0.000206
3 3 0.002752 0.000031 0.001662 0.995252 0.000304
3 3 0.003300 0.000032 0.001326 0.994985 0.000357
3 3 0.004669 0.000050 0.001467 0.993262 0.000552
3 3 0.004338 0.000041 0.001229 0.993907 0.000485
3 3 0.002836 0.000022 0.001002 0.995860 0.000280
3 3 0.002735 0.000020 0.000896 0.996089 0.000261
3 3 0.003881 0.000043 0.001586 0.994039 0.000451
3 3 0.003668 0.000029 0.000995 0.994929 0.000379
3 3 0.003951 0.000036 0.001187 0.994394 0.000431
3 3 0.002860 0.000023 0.001049 0.995782 0.000286
3 3 0.002220 0.000009 0.000409 0.997191 0.000170
3 3 0.004051 0.000042 0.001448 0.993994 0.000465
3 3 0.001569 0.000009 0.000673 0.997623 0.000127
3 3 0.004246 0.000098 0.004341 0.990680 0.000635
3 3 0.011010 0.000296 0.004797 0.981885 0.002012
3 3 0.005573 0.000420 0.021787 0.970937 0.001283
3 3 0.005590 0.000140 0.004731 0.988643 0.000897
3 3 0.011232 0.002153 0.069851 0.912815 0.003948
3 3 0.005519 0.000364 0.018129 0.974775 0.001213
3 3 0.004053 0.000242 0.016414 0.978469 0.000822
3 3 0.014795 0.002420 0.054831 0.922805 0.005148
3 3 0.005472 0.000718 0.046265 0.946034 0.001510
3 3 0.008321 0.006163 0.331064 0.649882 0.004570
3 3 0.004730 0.000715 0.056764 0.936453 0.001338
3 3 0.015094 0.001366 0.024715 0.954503 0.004322
3 3 0.002392 0.000223 0.032044 0.964824 0.000517
3 3 0.001127 0.000340 0.156645 0.841564 0.000324
3 3 0.001354 0.000232 0.076347 0.921739 0.000329
3 3 0.002073 0.000313 0.061927 0.935171 0.000515
3 3 0.001861 0.001574 0.415973 0.579733 0.000859
3 3 0.001707 0.000484 0.139777 0.857519 0.000512
3 3 0.001587 0.000766 0.253901 0.743173 0.000573
3 3 0.003233 0.001441 0.219282 0.774782 0.001262
3 3 0.001974 0.000725 0.185782 0.810853 0.000665
3 3 0.001441 0.000663 0.243443 0.753951 0.000503
3 3 0.006245 0.001116 0.068398 0.922288 0.001954
3 3 0.001994 0.000257 0.050456 0.946826 0.000467
3 3 0.002280 0.000181 0.025830 0.971247 0.000463
3 3 0.002084 0.000516 0.116196 0.880589 0.000615
3 3 0.003789 0.000338 0.028653 0.966354 0.000867
3 3 0.001601 0.000405 0.122709 0.874828 0.000457
3 3 0.001813 0.000741 0.210584 0.786234 0.000627
3 3 0.002801 0.000342 0.045275 0.950904 0.000679
3 3 0.000965 0.000483 0.274290 0.723934 0.000327
3 3 0.001141 0.000820 0.377312 0.620270 0.000458
3 3 0.005007 0.001056 0.102358 0.890111 0.001469
2 3 0.092591 0.075887 0.621223 0.174717 0.035583
3 3 0.002193 0.000283 0.050073 0.946929 0.000521
3 3 0.002920 0.000969 0.159303 0.835802 0.001007
3 3 0.003415 0.000545 0.063197 0.931907 0.000935
3 3 0.001688 0.000744 0.229798 0.767177 0.000594
3 3 0.002225 0.001257 0.288473 0.707147 0.000898
3 3 0.002944 0.001945 0.326440 0.667352 0.001318
3 3 0.005985 0.004053 0.314618 0.672328 0.003016
3 3 0.001452 0.000898 0.324738 0.672342 0.000569
3 3 0.001970 0.001982 0.471112 0.523950 0.000987
3 3 0.002734 0.002386 0.415243 0.578282 0.001355
3 3 0.002314 0.002153 0.440892 0.553493 0.001149
3 3 0.006047 0.002038 0.150734 0.838832 0.002349
3 3 0.003264 0.001529 0.230860 0.763047 0.001300
2 3 0.002300 0.003106 0.631862 0.361545 0.001186
3 3 0.005717 0.006324 0.469012 0.515448 0.003499
3 3 0.001739 0.001045 0.311924 0.684599 0.000692
3 3 0.011618 0.005347 0.199521 0.777914 0.005599
2 3 0.003031 0.004056 0.551509 0.439572 0.001832
2 3 0.000817 0.001886 0.747257 0.249487 0.000552
3 3 0.003450 0.000612 0.072420 0.922536 0.000981
3 3 0.002588 0.001955 0.370781 0.623478 0.001199
3 3 0.006694 0.003987 0.282909 0.703198 0.003211
3 3 0.002559 0.000471 0.078328 0.917940 0.000703
3 3 0.002097 0.000914 0.222708 0.773521 0.000760
3 3 0.002394 0.000289 0.045332 0.951421 0.000564
3 3 0.004761 0.000619 0.046381 0.946959 0.001281
3 3 0.004952 0.000555 0.037921 0.955296 0.001276
2 3 0.061712 0.084900 0.547033 0.260374 0.045981
2 1 0.131008 0.261871 0.490705 0.031993 0.084424
0 1 0.341932 0.296024 0.272634 0.009032 0.080378
3 1 0.048762 0.035842 0.256382 0.623533 0.035481
3 1 0.004763 0.004874 0.449796 0.537824 0.002743
2 2 0.012557 0.035633 0.729815 0.207149 0.014845
2 2 0.002134 0.005927 0.772015 0.217969 0.001954
2 2 0.014816 0.073796 0.764446 0.117807 0.029135
2 2 0.015041 0.051706 0.779423 0.135262 0.018568
2 2 0.011786 0.113380 0.837460 0.014542 0.022831
2 2 0.065284 0.319322 0.528898 0.009626 0.076871
2 4 0.006937 0.127918 0.684865 0.004131 0.176148
2 4 0.020205 0.251195 0.430882 0.003133 0.294585
2 4 0.020047 0.249208 0.392213 0.002296 0.336236
2 4 0.005870 0.115734 0.767052 0.006217 0.105127
4 4 0.036353 0.222531 0.089444 0.000467 0.651205
4 4 0.027490 0.207508 0.136310 0.002777 0.625916
2 4 0.017179 0.240488 0.550580 0.001016 0.190737
4 4 0.080056 0.197143 0.076448 0.001706 0.644647
1 4 0.246716 0.517002 0.122633 0.000151 0.113498
2 4 0.015762 0.182511 0.511717 0.004644 0.285367
2 4 0.025790 0.264643 0.365123 0.001037 0.343407
2 4 0.030555 0.335649 0.392793 0.000425 0.240579
4 4 0.053548 0.290050 0.117136 0.000334 0.538931
2 4 0.013008 0.233969 0.509266 0.002327 0.241430
2 4 0.008731 0.175923 0.541493 0.002429 0.271424
4 4 0.020206 0.254233 0.341562 0.004317 0.379683
2 4 0.037475 0.293035 0.351415 0.001106 0.316969
1 4 0.046561 0.406825 0.344435 0.000750 0.201429
2 4 0.019258 0.219209 0.594604 0.001754 0.165176
2 4 0.008083 0.168942 0.648945 0.004028 0.170001
2 4 0.018014 0.267325 0.468931 0.002612 0.243118
2 4 0.003635 0.079301 0.851477 0.004728 0.060859
2 4 0.003184 0.069435 0.873381 0.006382 0.047618
2 4 0.003158 0.068139 0.866335 0.005550 0.056818
2 4 0.001438 0.024370 0.950580 0.017212 0.006400
2 2 0.005924 0.080879 0.843294 0.014521 0.055382
2 2 0.008398 0.062150 0.836063 0.029473 0.063916
2 2 0.000906 0.009628 0.967774 0.014062 0.007629
2 2 0.029973 0.128549 0.817122 0.002100 0.022255
1 2 0.071038 0.546964 0.188188 0.000132 0.193678
2 2 0.038620 0.276623 0.639743 0.002771 0.042243
2 2 0.006879 0.053396 0.857982 0.065679 0.016064
1 2 0.262178 0.389383 0.244779 0.004680 0.098980
1 2 0.110277 0.474140 0.324238 0.001795 0.089550
0 2 0.492876 0.195777 0.206520 0.021116 0.083710
0 2 0.486869 0.316109 0.076774 0.001687 0.118561
0 2 0.462813 0.285930 0.084995 0.005117 0.161146
0 2 0.390842 0.335197 0.100943 0.003258 0.169759
1 2 0.099703 0.557633 0.254128 0.000592 0.087944
2 2 0.013653 0.128304 0.785211 0.034947 0.037885
2 2 0.002498 0.015982 0.893943 0.083447 0.004130
2 2 0.000990 0.017617 0.959556 0.018348 0.003489
2 2 0.000796 0.011717 0.972345 0.013353 0.001789
2 2 0.001083 0.016603 0.963848 0.013996 0.004472
2 2 0.000812 0.012361 0.965059 0.018659 0.003109
2 2 0.001414 0.027069 0.956278 0.011180 0.004060
0 2 0.330282 0.309703 0.229586 0.017635 0.112794
2 2 0.008272 0.054828 0.838244 0.080230 0.018426
2 2 0.002751 0.013991 0.865703 0.113892 0.003664
2 2 0.002214 0.014031 0.896443 0.083745 0.003567
2 2 0.001066 0.011024 0.948759 0.036544 0.002608
2 2 0.000318 0.004613 0.969373 0.025038 0.000658
2 2 0.000385 0.004058 0.956496 0.038403 0.000658
2 2 0.000880 0.002742 0.814414 0.181220 0.000744
2 2 0.000526 0.007352 0.963551 0.027415 0.001156
2 2 0.000890 0.008064 0.950159 0.038632 0.002255
2 2 0.003129 0.007486 0.728407 0.258177 0.002801
2 2 0.001068 0.004701 0.870887 0.122114 0.001230
2 2 0.001159 0.003443 0.798908 0.195532 0.000959
3 2 0.005863 0.003767 0.300089 0.687397 0.002885
2 2 0.000613 0.001185 0.705018 0.292839 0.000346
2 3 0.002417 0.009318 0.833031 0.152398 0.002837
2 3 0.001006 0.001493 0.616764 0.380190 0.000547
2 3 0.001012 0.002709 0.781119 0.214348 0.000812
2 3 0.000409 0.000714 0.686245 0.312424 0.000208
3 3 0.001255 0.000815 0.343016 0.654424 0.000490
3 3 0.000995 0.000871 0.444589 0.553120 0.000424
3 3 0.003113 0.000653 0.090762 0.904549 0.000923
3 3 0.000940 0.000650 0.369884 0.628166 0.000361
2 3 0.000769 0.001029 0.590693 0.407130 0.000379
2 3 0.002048 0.002972 0.590009 0.403749 0.001222
3 3 0.000844 0.000829 0.487533 0.510426 0.000369
3 3 0.001645 0.001518 0.447857 0.548207 0.000773
3 3 0.001195 0.000851 0.373109 0.624364 0.000481
3 3 0.000941 0.000229 0.123544 0.875041 0.000244
3 3 0.001179 0.000160 0.057177 0.941225 0.000259
3 3 0.001116 0.000177 0.070541 0.927910 0.000256
3 3 0.002703 0.000482 0.074891 0.921181 0.000741
3 3 0.001250 0.000058 0.013164 0.985334 0.000194
3 3 0.003303 0.000853 0.116721 0.878061 0.001062
3 3 0.001147 0.000125 0.043171 0.955323 0.000233
3 3 0.001740 0.000304 0.076301 0.921213 0.000442
3 3 0.000726 0.000085 0.049565 0.949483 0.000141
3 3 0.000739 0.000047 0.021711 0.977386 0.000117
3 3 0.002108 0.000253 0.045770 0.951383 0.000486
3 3 0.001356 0.000113 0.029519 0.968754 0.000259
3 3 0.001653 0.000083 0.014312 0.983678 0.000275
3 3 0.001443 0.000094 0.020684 0.977524 0.000256
3 3 0.001444 0.000057 0.010491 0.987790 0.000218
3 3 0.001230 0.000040 0.008069 0.990491 0.000169
3 3 0.014103 0.000479 0.006427 0.976098 0.002893
3 3 0.006370 0.000081 0.001791 0.990924 0.000835
3 3 0.008823 0.000159 0.002829 0.986821 0.001367
3 3 0.006632 0.000088 0.001895 0.990497 0.000888
3 3 0.008160 0.000159 0.003161 0.987241 0.001279
3 3 0.004125 0.000033 0.000974 0.994435 0.000433
3 3 0.006157 0.000075 0.001708 0.991267 0.000793
3 3 0.004194 0.000034 0.000997 0.994331 0.000444
3 3 0.005163 0.000052 0.001334 0.992842 0.000608
3 3 0.003320 0.000021 0.000719 0.995628 0.000312
3 3 0.005953 0.000070 0.001629 0.991594 0.000754
3 3 0.004772 0.000044 0.001195 0.993449 0.000540
3 3 0.004426 0.000038 0.001075 0.993979 0.000482
3 3 0.008064 0.000132 0.002493 0.988117 0.001193
3 3 0.003388 0.000022 0.000740 0.995529 0.000322
3 3 0.007529 0.000114 0.002264 0.989016 0.001075
3 3 0.002542 0.000012 0.000495 0.996743 0.000209
3 3 0.004385 0.000037 0.001062 0.994041 0.000475
3 3 0.004044 0.000031 0.000948 0.994556 0.000420
3 3 0.002136 0.000008 0.000388 0.997307 0.000160
3 3 0.003597 0.000025 0.000804 0.995222 0.000352
3 3 0.002085 0.000008 0.000375 0.997377 0.000155
3 3 0.003180 0.000019 0.000677 0.995832 0.000292
3 3 0.002586 0.000012 0.000507 0.996681 0.000214
3 3 0.002335 0.000010 0.000439 0.997031 0.000184
3 3 0.002844 0.000015 0.000579 0.996314 0.000247
3 3 0.002067 0.000008 0.000368 0.997404 0.000153
3 3 0.002660 0.000012 0.000495 0.996596 0.000238
3 3 0.002020 0.000007 0.000359 0.997467 0.000147
3 3 0.003526 0.000024 0.000782 0.995326 0.000342
3 3 0.004663 0.000042 0.001157 0.993617 0.000521
3 3 0.002943 0.000016 0.000607 0.996173 0.000260
3 3 0.006207 0.000077 0.001727 0.991186 0.000803
3 3 0.002507 0.000012 0.000485 0.996792 0.000204
3 3 0.002852 0.000015 0.000581 0.996303 0.000248
3 3 0.002745 0.000014 0.000551 0.996456 0.000234
3 3 0.002255 0.000009 0.000418 0.997143 0.000174
3 3 0.003891 0.000029 0.000898 0.994785 0.000397
3 3 0.004937 0.000047 0.001253 0.993194 0.000568
3 3 0.002151 0.000008 0.000392 0.997287 0.000162
3 3 0.004534 0.000040 0.001112 0.993814 0.000500
3 3 0.002477 0.000011 0.000477 0.996834 0.000201
3 3 0.002486 0.000011 0.000480 0.996821 0.000202
3 3 0.002827 0.000015 0.000574 0.996340 0.000245
3 3 0.002170 0.000008 0.000389 0.997265 0.000167
3 3 0.002350 0.000009 0.000425 0.997022 0.000193
3 3 0.004125 0.000033 0.000974 0.994434 0.000433
3 3 0.002377 0.000009 0.000427 0.996988 0.000198
3 3 0.001292 0.000003 0.000192 0.998438 0.000075
3 3 0.002573 0.000012 0.000503 0.996699 0.000212
3 3 0.003019 0.000016 0.000610 0.996076 0.000279
3 3 0.003120 0.000018 0.000659 0.995918 0.000284
3 3 0.001874 0.000006 0.000304 0.997677 0.000139
3 3 0.003030 0.000017 0.000633 0.996048 0.000272
3 3 0.002184 0.000009 0.000400 0.997241 0.000166
3 3 0.002375 0.000010 0.000450 0.996977 0.000188
3 3 0.002494 0.000011 0.000482 0.996810 0.000203
3 3 0.004213 0.000034 0.001004 0.994302 0.000447
3 3 0.002986 0.000017 0.000620 0.996112 0.000266
3 3 0.352339 0.001568 0.019537 0.620062 0.006494
0 3 0.534441 0.079947 0.118436 0.176371 0.090805
1 3 0.225483 0.276898 0.262748 0.069634 0.165237
3 3 0.233883 0.056667 0.147906 0.483685 0.077859
3 3 0.223139 0.103487 0.240565 0.335210 0.097599
1 3 0.325073 0.331191 0.200050 0.012856 0.130830
3 3 0.256296 0.108307 0.260306 0.281697 0.093394
0 3 0.493286 0.290192 0.118087 0.004655 0.093780
1 3 0.197955 0.365357 0.301549 0.014537 0.120602
0 2 0.631877 0.243076 0.052789 0.001218 0.071041
1 2 0.308149 0.334802 0.258955 0.007393 0.090702
0 2 0.905510 0.049866 0.015705 0.001692 0.027227
0 2 0.736301 0.087859 0.131501 0.010541 0.033798
0 2 0.905389 0.038601 0.028884 0.004457 0.022668
0 2 0.900147 0.045725 0.021656 0.003710 0.028762
0 1 0.875216 0.063248 0.022416 0.003017 0.036103
0 1 0.910217 0.035833 0.022070 0.005660 0.026221
0 1 0.895957 0.049544 0.019684 0.003368 0.031447
0 1 0.887641 0.053763 0.021297 0.003607 0.033692
0 1 0.953111 0.022471 0.009703 0.001177 0.013538
0 1 0.828662 0.098303 0.026603 0.002044 0.044388
0 1 0.929427 0.033097 0.017528 0.001923 0.018026
0 1 0.762938 0.152184 0.032676 0.001049 0.051153
0 1 0.535192 0.342358 0.058553 0.000271 0.063626
0 1 0.452175 0.400312 0.076972 0.000285 0.070257
0 1 0.501530 0.349790 0.072124 0.000594 0.075962
1 1 0.250936 0.437205 0.184509 0.003905 0.123446
0 1 0.445020 0.403101 0.079635 0.000313 0.071931
0 1 0.678280 0.193133 0.048218 0.002233 0.078136
0 4 0.873413 0.013772 0.012058 0.006950 0.093807
0 4 0.864145 0.054611 0.020020 0.002507 0.058717
4 4 0.011100 0.011116 0.006251 0.000543 0.970990
4 4 0.009052 0.012594 0.005698 0.000312 0.972344
4 4 0.013317 0.047814 0.014965 0.000176 0.923727
4 4 0.016546 0.011373 0.008504 0.001414 0.962163
4 4 0.008485 0.034086 0.012943 0.000237 0.944249
4 4 0.011373 0.072493 0.032242 0.000364 0.883528
4 4 0.013281 0.009483 0.006627 0.000907 0.969702
4 4 0.009820 0.010049 0.005044 0.000334 0.974753
4 4 0.037881 0.166036 0.029410 0.000020 0.766654
4 4 0.018200 0.068823 0.021100 0.000215 0.891661
4 4 0.023347 0.113819 0.035038 0.000170 0.827626
4 4 0.018299 0.119632 0.032064 0.000054 0.829951
4 4 0.014266 0.090691 0.029563 0.000116 0.865363
4 4 0.018751 0.079528 0.018521 0.000050 0.883150
4 4 0.013375 0.050121 0.009455 0.000021 0.927027
4 4 0.027595 0.086502 0.017525 0.000049 0.868329
4 4 0.022536 0.068906 0.015778 0.000063 0.892717
4 4 0.020778 0.017062 0.004274 0.000074 0.957813
4 4 0.029303 0.059495 0.009894 0.000040 0.901269
4 4 0.018348 0.083212 0.019361 0.000043 0.879036
4 4 0.012841 0.122684 0.043610 0.000095 0.820769
4 4 0.011340 0.063107 0.028266 0.000359 0.896928
4 4 0.008847 0.009415 0.004884 0.000340 0.976514
4 4 0.013605 0.014758 0.004925 0.000148 0.966563
4 4 0.016650 0.032099 0.005353 0.000033 0.945864
4 4 0.013587 0.021772 0.004057 0.000037 0.960547
4 4 0.017081 0.097331 0.027033 0.000075 0.858481
4 4 0.010204 0.035529 0.006971 0.000024 0.947272
4 4 0.019213 0.106532 0.032020 0.000117 0.842118
4 4 0.011109 0.085390 0.038763 0.000210 0.864528
4 4 0.038859 0.179919 0.207455 0.005689 0.568078
4 4 0.026972 0.226577 0.157045 0.000626 0.588780
4 4 0.031673 0.323685 0.154985 0.000206 0.489451
4 1 0.029100 0.222060 0.327244 0.001957 0.419639
2 1 0.016705 0.228270 0.388468 0.000544 0.366012
4 1 0.019172 0.217231 0.346952 0.000993 0.415652
2 2 0.013016 0.221524 0.428988 0.002397 0.334076
4 2 0.024542 0.259159 0.314386 0.000602 0.401311
4 2 0.024342 0.225787 0.351774 0.001005 0.397091
2 2 0.013784 0.229392 0.391888 0.001509 0.363427
2 2 0.016504 0.147346 0.594308 0.005093 0.236749
2 2 0.011147 0.163577 0.460028 0.003030 0.362219
2 2 0.007621 0.156657 0.567560 0.003062 0.265101
2 2 0.014335 0.180611 0.514126 0.001755 0.289173
2 2 0.012978 0.193965 0.452629 0.004585 0.335843
2 2 0.018320 0.208707 0.513973 0.002540 0.256460
2 2 0.010291 0.110496 0.728317 0.003696 0.147201
2 2 0.017954 0.158961 0.514406 0.011380 0.297299
2 2 0.004154 0.096188 0.809607 0.004805 0.085246
2 2 0.010953 0.158421 0.593014 0.003056 0.234557
2 2 0.022689 0.190810 0.481105 0.001090 0.304306
2 2 0.010283 0.129378 0.659526 0.006015 0.194798
2 2 0.034247 0.255329 0.501256 0.001086 0.208082
2 2 0.014786 0.113597 0.582467 0.012524 0.276626
4 2 0.379482 0.121165 0.026003 0.000664 0.472685
0 1 0.391081 0.318276 0.035939 0.000049 0.254654
4 1 0.037322 0.176155 0.075860 0.000964 0.709699
4 1 0.234879 0.319740 0.097380 0.000860 0.347141
4 1 0.314090 0.295906 0.047596 0.000208 0.342200
1 1 0.059762 0.457825 0.132958 0.000075 0.349380
2 1 0.041690 0.350932 0.520766 0.001489 0.085123
2 1 0.007625 0.206229 0.741283 0.002664 0.042199
2 1 0.043514 0.297152 0.570418 0.006844 0.082072
2 1 0.004834 0.059156 0.890412 0.031944 0.013654
2 1 0.003322 0.048793 0.910616 0.019927 0.017342
2 1 0.004272 0.021008 0.871706 0.093831 0.009183
2 1 0.001060 0.014874 0.960989 0.017986 0.005092
2 1 0.002655 0.013050 0.886618 0.092541 0.005135
2 2 0.000556 0.008976 0.975303 0.011760 0.003405
2 2 0.000262 0.003796 0.979100 0.015880 0.000961
2 2 0.000358 0.006672 0.980420 0.010681 0.001869
2 2 0.000348 0.005987 0.979683 0.012375 0.001606
2 2 0.000262 0.005624 0.983153 0.009726 0.001235
2 2 0.001257 0.013254 0.956820 0.022360 0.006309
2 2 0.001117 0.016484 0.961689 0.012592 0.008117
2 2 0.000270 0.003948 0.980553 0.014075 0.001153
2 2 0.000428 0.005157 0.969199 0.023964 0.001251
2 2 0.000654 0.010525 0.973083 0.011476 0.004262
2 2 0.000562 0.007775 0.972071 0.017218 0.002374
2 2 0.000697 0.007577 0.960003 0.029809 0.001914
2 2 0.000429 0.005998 0.968734 0.023762 0.001077
2 2 0.001132 0.005189 0.873946 0.118436 0.001297
2 2 0.000648 0.007995 0.967509 0.021476 0.002372
2 2 0.001130 0.004957 0.895259 0.096881 0.001772
2 2 0.000830 0.004875 0.947928 0.043684 0.002683
2 2 0.000124 0.001132 0.966371 0.032145 0.000228
2 2 0.001872 0.009785 0.917597 0.065721 0.005024
2 2 0.000244 0.003361 0.975831 0.019896 0.000668
2 2 0.000377 0.002518 0.931737 0.064862 0.000506
2 2 0.017633 0.024705 0.745499 0.203518 0.008645
2 2 0.012101 0.035442 0.774826 0.165866 0.011765
2 2 0.000394 0.001732 0.883422 0.114077 0.000375
2 2 0.000118 0.000837 0.941245 0.057674 0.000126
2 2 0.000668 0.004298 0.918189 0.075985 0.000859
2 2 0.001049 0.005015 0.879978 0.112760 0.001198
2 2 0.000648 0.004358 0.922650 0.071481 0.000863
2 2 0.001009 0.005984 0.905697 0.085953 0.001356
2 2 0.000272 0.000579 0.749413 0.249589 0.000148
2 2 0.002486 0.004612 0.659078 0.332097 0.001727
2 2 0.003993 0.004907 0.515175 0.473504 0.002422
2 2 0.004846 0.007726 0.593730 0.390190 0.003508
2 2 0.000381 0.001015 0.793508 0.204854 0.000242
2 2 0.000937 0.005344 0.902749 0.089767 0.001203
2 2 0.000396 0.001846 0.891819 0.105540 0.000399
2 2 0.000965 0.002999 0.811226 0.183999 0.000812
2 2 0.000886 0.003518 0.857579 0.137125 0.000893
2 2 0.000843 0.001370 0.647934 0.349393 0.000460
2 2 0.000370 0.002078 0.911299 0.085865 0.000388
2 2 0.000762 0.001884 0.764766 0.232062 0.000526
2 2 0.001273 0.001879 0.607950 0.388191 0.000707
2 2 0.001259 0.001754 0.591275 0.405022 0.000690
2 2 0.000138 0.000494 0.865732 0.133539 0.000097
2 2 0.001853 0.003808 0.700558 0.292402 0.001379
2 2 0.001464 0.003631 0.758366 0.235295 0.001244
2 2 0.000480 0.001065 0.745520 0.252654 0.000280
2 2 0.000686 0.002140 0.818642 0.177977 0.000555
2 2 0.001029 0.003096 0.803146 0.191876 0.000852
2 2 0.000639 0.001372 0.735925 0.261656 0.000408
2 2 0.001411 0.004719 0.819636 0.172868 0.001365
2 2 0.000246 0.000346 0.635868 0.363435 0.000105
2 2 0.001029 0.001108 0.512017 0.485365 0.000482
2 2 0.001165 0.001518 0.571101 0.425612 0.000604
2 2 0.001218 0.001531 0.558113 0.438513 0.000625
2 2 0.000801 0.001533 0.700750 0.296417 0.000499
2 2 0.000653 0.000743 0.542877 0.455435 0.000292
3 3 0.002130 0.001338 0.319780 0.675863 0.000890
3 3 0.003372 0.001516 0.220471 0.773310 0.001330
3 3 0.000618 0.000313 0.287544 0.711329 0.000197
3 3 0.001629 0.000769 0.247483 0.749534 0.000585
3 3 0.006154 0.001690 0.147132 0.843047 0.001977
3 3 0.001804 0.000171 0.033793 0.963857 0.000375
3 3 0.015051 0.006952 0.194264 0.776168 0.007565
2 3 0.009242 0.036527 0.779919 0.161364 0.012948
3 3 0.001431 0.000705 0.261220 0.736131 0.000512
2 3 0.003227 0.003764 0.504917 0.486238 0.001854
3 3 0.001277 0.000714 0.298700 0.698836 0.000472
2 3 0.001102 0.003219 0.796498 0.198262 0.000918
2 3 0.001588 0.002627 0.636499 0.358327 0.000959
2 3 0.002059 0.004565 0.721580 0.270207 0.001589
2 3 0.002136 0.004958 0.726915 0.264294 0.001696
2 3 0.000715 0.000919 0.579692 0.418332 0.000343
2 3 0.000928 0.001833 0.702399 0.294264 0.000575
2 3 0.000794 0.002050 0.772644 0.223959 0.000553
2 3 0.001001 0.002144 0.725206 0.270969 0.000680
2 3 0.000295 0.000830 0.811109 0.187573 0.000193
3 3 0.001365 0.000958 0.364597 0.632523 0.000557
3 3 0.003105 0.001840 0.293621 0.700092 0.001343
2 3 0.000424 0.000588 0.617538 0.381255 0.000195
3 3 0.001116 0.000997 0.448256 0.549143 0.000488
3 3 0.001852 0.001093 0.305075 0.691240 0.000739
3 3 0.002459 0.000589 0.109656 0.886561 0.000735
2 3 0.001305 0.001512 0.529665 0.466864 0.000653
2 3 0.002205 0.004021 0.655903 0.336409 0.001462
2 3 0.001854 0.002089 0.510362 0.484729 0.000966
2 3 0.003330 0.005871 0.636750 0.351652 0.002398
3 3 0.003496 0.001253 0.171021 0.822955 0.001275
3 3 0.002235 0.001842 0.402399 0.592474 0.001049
2 3 0.001948 0.003364 0.645852 0.347563 0.001272
3 3 0.002150 0.000697 0.159842 0.836609 0.000702
2 3 0.001698 0.003967 0.733665 0.259380 0.001291
3 3 0.002840 0.001822 0.318748 0.675339 0.001250
2 3 0.001065 0.001956 0.680588 0.315729 0.000662
2 3 0.000970 0.002741 0.792622 0.202881 0.000786
2 3 0.001708 0.002958 0.648113 0.346156 0.001065
3 3 0.002885 0.001564 0.270845 0.723514 0.001192
3 3 0.002588 0.001043 0.200790 0.794638 0.000941
3 3 0.002723 0.001880 0.341572 0.652599 0.001226
3 3 0.002198 0.001867 0.412769 0.582124 0.001042
3 3 0.003401 0.001347 0.191976 0.801994 0.001281
2 3 0.008359 0.005628 0.552054 0.431162 0.002796
3 3 0.032887 0.014004 0.158704 0.776208 0.018197
3 3 0.012701 0.012569 0.403962 0.562387 0.008380
2 3 0.004738 0.012647 0.743727 0.234462 0.004425
2 3 0.005960 0.010727 0.621412 0.357239 0.004662
2 3 0.001623 0.001744 0.499437 0.496375 0.000821
2 3 0.001089 0.002431 0.731915 0.263817 0.000748
2 3 0.000774 0.001366 0.675001 0.322420 0.000439
2 3 0.008234 0.017857 0.848278 0.120933 0.004697
2 3 0.026496 0.092602 0.815264 0.041443 0.024194
3 3 0.008008 0.005175 0.293132 0.689541 0.004143
2 3 0.001505 0.002314 0.615895 0.379414 0.000872
2 3 0.000786 0.001500 0.695712 0.301544 0.000458
2 3 0.000414 0.002935 0.931087 0.065047 0.000518
1 3 0.210526 0.364642 0.299651 0.012005 0.113177
2 3 0.009379 0.058543 0.822337 0.090730 0.019011
2 3 0.003317 0.007411 0.701623 0.284999 0.002651
2 3 0.000291 0.002678 0.951214 0.045406 0.000411
2 3 0.000637 0.001576 0.768826 0.228532 0.000430
2 3 0.002007 0.003805 0.673611 0.319172 0.001405
2 3 0.001072 0.003354 0.809185 0.185489 0.000899
2 2 0.004727 0.017088 0.801492 0.170747 0.005945
2 2 0.001964 0.005846 0.787148 0.203250 0.001793
2 2 0.012794 0.095197 0.869638 0.007637 0.014733
2 2 0.018590 0.138772 0.796439 0.016232 0.029967
2 2 0.002427 0.020521 0.913450 0.058795 0.004807
2 2 0.000746 0.001477 0.706747 0.290592 0.000439
2 2 0.000427 0.003047 0.931939 0.064032 0.000555
2 2 0.000977 0.007610 0.927941 0.061966 0.001506
2 2 0.000761 0.003155 0.865518 0.129814 0.000752
2 2 0.001002 0.001884 0.685461 0.311052 0.000600
2 2 0.001544 0.009230 0.898513 0.088526 0.002187
2 2 0.001170 0.007594 0.909981 0.079661 0.001594
2 2 0.009223 0.056902 0.861734 0.056835 0.015306
2 2 0.000369 0.001739 0.892545 0.104990 0.000357
2 2 0.000842 0.002318 0.788715 0.207479 0.000645
2 2 0.001753 0.007081 0.845116 0.144165 0.001884
2 2 0.000516 0.003072 0.914392 0.081406 0.000614
2 2 0.000501 0.004319 0.942835 0.051599 0.000746
2 2 0.002648 0.014800 0.950306 0.029787 0.002459
2 2 0.105808 0.244884 0.603993 0.004853 0.040462
2 2 0.071340 0.341310 0.507952 0.006082 0.073316
2 2 0.006009 0.051268 0.908607 0.021635 0.012480
2 2 0.001664 0.012214 0.913779 0.069677 0.002667
2 2 0.000614 0.002855 0.883556 0.112355 0.000620
2 2 0.000520 0.003357 0.921699 0.073773 0.000651
2 2 0.005837 0.027591 0.830449 0.127256 0.008867
2 2 0.151319 0.358157 0.430924 0.002190 0.057410
1 2 0.242264 0.573223 0.120936 0.000078 0.063499
2 2 0.009563 0.098774 0.857851 0.014454 0.019357
2 2 0.009801 0.059346 0.877912 0.039153 0.013788
2 2 0.007351 0.041315 0.918317 0.025277 0.007739
2 2 0.001207 0.008434 0.916765 0.071775 0.001819
2 2 0.009657 0.061159 0.892391 0.024449 0.012343
2 2 0.026767 0.159413 0.779242 0.007385 0.027194
2 2 0.000331 0.004964 0.970027 0.023969 0.000709
0 2 0.653883 0.280087 0.028689 0.000039 0.037301
1 2 0.177301 0.437438 0.285192 0.003064 0.097005
2 2 0.069868 0.368175 0.491830 0.003153 0.066974
1 2 0.085105 0.437497 0.386112 0.002870 0.088416
2 2 0.012759 0.190470 0.709892 0.018367 0.068511
2 2 0.005485 0.043146 0.915765 0.023686 0.011919
2 2 0.008688 0.029226 0.760202 0.190480 0.011404
2 2 0.000990 0.009086 0.938982 0.049093 0.001849
2 2 0.012534 0.154254 0.806493 0.003559 0.023160
2 2 0.028062 0.241745 0.665397 0.006431 0.058365
2 2 0.038971 0.248123 0.667355 0.004265 0.041286
2 2 0.059010 0.281311 0.538129 0.010330 0.111220
2 2 0.034110 0.240803 0.648679 0.007164 0.069244
2 2 0.075403 0.351014 0.431871 0.008516 0.133196
2 4 0.019928 0.170241 0.731170 0.010659 0.068002
4 4 0.059757 0.131180 0.023834 0.000073 0.785155
4 4 0.050780 0.081757 0.012899 0.000054 0.854510
4 4 0.041260 0.088636 0.016267 0.000068 0.853770
4 4 0.027138 0.033870 0.015704 0.001178 0.922110
4 4 0.045652 0.107530 0.023498 0.000073 0.823247
4 4 0.086661 0.185497 0.022736 0.000014 0.705091
4 4 0.049654 0.066676 0.009016 0.000036 0.874618
4 4 0.022540 0.031840 0.009336 0.000192 0.936091
4 4 0.032462 0.030802 0.004613 0.000030 0.932093
4 4 0.019536 0.009017 0.008628 0.002375 0.960444
4 4 0.089747 0.159580 0.022969 0.000040 0.727664
4 4 0.040369 0.036340 0.009662 0.000229 0.913400
4 4 0.032689 0.023700 0.007383 0.000224 0.936003
4 4 0.060541 0.024822 0.008047 0.000283 0.906307
4 4 0.030486 0.018255 0.006734 0.000279 0.944245
4 4 0.128571 0.109791 0.013708 0.000047 0.747883
4 4 0.021411 0.019653 0.008626 0.000512 0.949798
4 4 0.085994 0.049373 0.010830 0.000192 0.853612
4 4 0.050908 0.073035 0.012239 0.000045 0.863773
4 4 0.167561 0.157801 0.012705 0.000009 0.661925
4 4 0.020356 0.008906 0.004482 0.000310 0.965946
4 4 0.024674 0.009177 0.004339 0.000268 0.961543
4 4 0.022022 0.003957 0.003855 0.000967 0.969200
4 4 0.023335 0.015855 0.005655 0.000208 0.954947
4 4 0.021552 0.009433 0.007469 0.001389 0.960156
4 4 0.036037 0.021601 0.010991 0.000952 0.930419
4 4 0.061509 0.049517 0.004915 0.000011 0.884049
4 4 0.026887 0.034661 0.015355 0.000850 0.922247
4 4 0.029312 0.093434 0.031435 0.000323 0.845495
4 4 0.039888 0.032480 0.008113 0.000165 0.919354
4 4 0.041753 0.063340 0.015224 0.000323 0.879360
1 4 0.168398 0.401950 0.072361 0.000072 0.357219
4 4 0.029419 0.045790 0.009800 0.000146 0.914845
4 4 0.039369 0.270913 0.084710 0.000128 0.604881
4 4 0.057169 0.235112 0.058675 0.000116 0.648927
1 4 0.191698 0.396140 0.065445 0.000063 0.346655
4 4 0.031547 0.219352 0.081110 0.000253 0.667739
4 4 0.043095 0.188269 0.049441 0.000123 0.719073
4 4 0.033601 0.175276 0.054942 0.000191 0.735989
4 4 0.071643 0.260076 0.064535 0.000146 0.603601
4 4 0.041832 0.151154 0.037508 0.000125 0.769381
4 4 0.029404 0.156053 0.050189 0.000200 0.764155
4 4 0.024683 0.200494 0.285340 0.002920 0.486562
4 4 0.108137 0.384772 0.075110 0.000053 0.431928
4 4 0.033589 0.204360 0.073773 0.000285 0.687993
4 4 0.039206 0.284143 0.198936 0.000432 0.477283
4 4 0.066868 0.208964 0.074908 0.000682 0.648577
4 4 0.030651 0.236863 0.192522 0.000924 0.539040
4 4 0.041808 0.284948 0.149226 0.000295 0.523723
4 4 0.123742 0.161496 0.034554 0.000347 0.679860
0 4 0.775870 0.135817 0.014624 0.000144 0.073545
0 4 0.814565 0.006123 0.003289 0.000494 0.175530
4 4 0.124867 0.211294 0.032835 0.000067 0.630937
4 4 0.048290 0.212945 0.072332 0.000398 0.666034
4 4 0.017595 0.244664 0.139051 0.000485 0.598205
2 4 0.026373 0.156932 0.415633 0.015662 0.385400
2 4 0.010967 0.191015 0.494609 0.003107 0.300302
4 4 0.018022 0.161273 0.330832 0.005615 0.484257
2 4 0.010332 0.080483 0.770996 0.013893 0.124295
4 4 0.029278 0.281560 0.137007 0.000495 0.551660
2 4 0.006603 0.141882 0.755847 0.007376 0.088293
2 4 0.055593 0.319366 0.494055 0.004046 0.126940
2 4 0.014832 0.234350 0.553526 0.009072 0.188220
2 4 0.004228 0.053058 0.897340 0.028750 0.016625
2 4 0.008800 0.113428 0.799745 0.021066 0.056962
2 4 0.003612 0.049174 0.903065 0.015786 0.028364
2 4 0.002368 0.050442 0.914760 0.008457 0.023973
2 4 0.008400 0.102287 0.838943 0.006495 0.043875
2 4 0.004434 0.047117 0.898144 0.024501 0.025804
1 4 0.147944 0.503183 0.197571 0.000945 0.150357
1 4 0.088076 0.475602 0.261241 0.001895 0.173187
1 4 0.104327 0.564575 0.225495 0.000380 0.105222
1 4 0.061938 0.486856 0.370091 0.000764 0.080351
0 4 0.419539 0.375731 0.093817 0.001099 0.109814
1 4 0.112590 0.474999 0.328802 0.001385 0.082224
2 1 0.012774 0.228791 0.571091 0.007572 0.179771
2 1 0.002404 0.033856 0.931577 0.015943 0.016220
2 1 0.005729 0.088463 0.875065 0.004598 0.026145
2 1 0.005182 0.054945 0.883779 0.038952 0.017143
2 1 0.009476 0.056204 0.837364 0.052896 0.044059
2 1 0.002114 0.021228 0.938278 0.029245 0.009134
2 1 0.000820 0.008736 0.964826 0.021898 0.003720
2 2 0.001710 0.015262 0.950750 0.017705 0.014572
2 2 0.000290 0.003832 0.980476 0.014008 0.001394
2 2 0.000561 0.011347 0.975697 0.006826 0.005569
2 2 0.001203 0.003346 0.847959 0.145707 0.001785
2 2 0.000429 0.005484 0.977076 0.014786 0.002226
2 2 0.001079 0.012218 0.960285 0.021309 0.005109
2 2 0.000110 0.001806 0.981931 0.015881 0.000273
2 2 0.000869 0.005354 0.933521 0.058441 0.001815
2 2 0.002423 0.016154 0.899321 0.077777 0.004323
2 2 0.000416 0.002724 0.926447 0.069880 0.000534
2 2 0.001171 0.006585 0.896836 0.093913 0.001495
2 2 0.001283 0.007397 0.899275 0.090260 0.001784
2 2 0.000231 0.002012 0.950009 0.047440 0.000309
2 2 0.000366 0.001073 0.816248 0.182057 0.000255
2 2 0.002128 0.007999 0.829661 0.157926 0.002286
2 2 0.000566 0.005102 0.945035 0.048367 0.000930
2 2 0.000131 0.000484 0.872327 0.126962 0.000096
2 2 0.000908 0.005151 0.903078 0.089684 0.001178
2 2 0.000997 0.001289 0.572618 0.424592 0.000503
2 2 0.000746 0.001156 0.639529 0.358167 0.000402
2 2 0.001118 0.003620 0.817445 0.176809 0.001008
2 2 0.000648 0.001514 0.755251 0.242162 0.000425
2 2 0.001224 0.001391 0.524851 0.471932 0.000602
2 2 0.001794 0.002808 0.621528 0.372727 0.001143
3 3 0.001564 0.001301 0.415226 0.581210 0.000699
2 3 0.001372 0.001476 0.503856 0.492626 0.000670
3 3 0.001820 0.000385 0.096819 0.900479 0.000498
3 3 0.002476 0.000705 0.135185 0.860846 0.000788
3 3 0.001882 0.000621 0.165266 0.831625 0.000605
3 3 0.001739 0.000288 0.071416 0.926123 0.000434
3 3 0.003336 0.001337 0.194878 0.799191 0.001258
3 3 0.001710 0.000490 0.141226 0.856059 0.000515
3 3 0.001625 0.000402 0.118995 0.878518 0.000461
3 3 0.001174 0.000437 0.197731 0.800291 0.000367
3 3 0.000995 0.000095 0.036687 0.962034 0.000189
3 3 0.003429 0.000309 0.029419 0.966068 0.000776
3 3 0.001693 0.000257 0.063664 0.933978 0.000408
3 3 0.004873 0.000475 0.031420 0.962037 0.001196
3 3 0.005395 0.000192 0.007754 0.985693 0.000966
3 3 0.009696 0.000292 0.005713 0.982497 0.001802
3 3 0.005819 0.000186 0.006589 0.986390 0.001017
3 3 0.007966 0.000261 0.006574 0.983724 0.001475
3 3 0.009533 0.000372 0.008224 0.979947 0.001924
3 3 0.005114 0.000237 0.011259 0.982401 0.000989
3 3 0.004573 0.000087 0.003271 0.991421 0.000649
3 3 0.005526 0.000264 0.011628 0.981489 0.001093
3 3 0.005255 0.000109 0.003652 0.990199 0.000785
3 3 0.004220 0.000116 0.005549 0.989449 0.000667
3 3 0.010571 0.000395 0.007620 0.979277 0.002137
3 3 0.002756 0.000093 0.007818 0.988897 0.000436
3 3 0.004605 0.000143 0.006496 0.987989 0.000768
3 3 0.004621 0.000060 0.001941 0.992796 0.000582
3 3 0.008356 0.000196 0.004111 0.985938 0.001399
3 3 0.006085 0.000082 0.001956 0.991070 0.000807
3 3 0.007145 0.000103 0.002104 0.989654 0.000994
3 3 0.010070 0.000232 0.003909 0.984064 0.001725
3 3 0.005202 0.000116 0.004049 0.989838 0.000794
3 3 0.006513 0.000215 0.006837 0.985263 0.001172
3 3 0.011507 0.000287 0.004294 0.981845 0.002066
3 3 0.017704 0.001596 0.024053 0.951455 0.005193
2 3 0.171415 0.147480 0.557752 0.070012 0.053342
2 3 0.043306 0.060422 0.517157 0.342618 0.036497
2 3 0.022324 0.032344 0.491623 0.434188 0.019520
2 3 0.010292 0.020628 0.737376 0.223885 0.007819
2 3 0.008445 0.010364 0.653529 0.323395 0.004267
2 3 0.009083 0.036427 0.907847 0.039098 0.007545
2 3 0.029998 0.060918 0.820145 0.071783 0.017156
2 3 0.004767 0.018150 0.884111 0.088334 0.004638
2 3 0.005182 0.008862 0.615090 0.366823 0.004044
2 3 0.000406 0.001304 0.833877 0.164098 0.000316
2 2 0.000505 0.003256 0.923159 0.072417 0.000664
2 2 0.004060 0.010940 0.748035 0.232837 0.004128
2 2 0.000501 0.003493 0.929693 0.065616 0.000697
2 2 0.003052 0.015206 0.944255 0.034844 0.002642
2 2 0.001674 0.009406 0.890381 0.096246 0.002294
2 2 0.006392 0.031483 0.836480 0.116037 0.009608
2 2 0.000238 0.003965 0.974935 0.020338 0.000524
2 2 0.002098 0.005474 0.759038 0.231521 0.001868
2 2 0.000280 0.003498 0.965727 0.029977 0.000518
2 2 0.000696 0.004025 0.907858 0.086570 0.000850
2 2 0.001123 0.003739 0.820438 0.173712 0.000988
2 2 0.001666 0.010330 0.900868 0.084644 0.002492
2 2 0.000828 0.012908 0.959639 0.024467 0.002158
2 2 0.000794 0.006317 0.932975 0.058674 0.001242
2 2 0.001788 0.007399 0.850491 0.138266 0.002057
2 2 0.000209 0.001781 0.950011 0.047720 0.000278
2 2 0.000965 0.003316 0.830473 0.164376 0.000870
2 2 0.000705 0.001290 0.687399 0.310204 0.000401
2 2 0.000159 0.001635 0.961375 0.036594 0.000237
3 2 0.004187 0.004016 0.432974 0.556521 0.002302
3 2 0.006586 0.005625 0.381674 0.602420 0.003696
2 2 0.000938 0.002158 0.746265 0.249965 0.000674
2 2 0.005175 0.011410 0.687061 0.291718 0.004635
2 2 0.003383 0.010310 0.776697 0.206242 0.003368
2 2 0.000610 0.003411 0.905138 0.090153 0.000689
2 2 0.001839 0.005268 0.779700 0.211594 0.001600
2 2 0.002370 0.006862 0.777989 0.210576 0.002204
2 2 0.001469 0.004719 0.808461 0.184023 0.001327
2 2 0.001071 0.002422 0.736424 0.259337 0.000746
3 2 0.003883 0.003385 0.404385 0.586319 0.002028
2 2 0.002734 0.003226 0.514567 0.477923 0.001550
2 2 0.002557 0.012500 0.864355 0.117162 0.003426
2 2 0.000699 0.003598 0.894024 0.100920 0.000759
2 2 0.004355 0.007194 0.638619 0.346957 0.002875
2 2 0.005348 0.023399 0.822476 0.141629 0.007147
2 2 0.006229 0.018127 0.747610 0.221082 0.006951
2 2 0.001332 0.002481 0.675699 0.319659 0.000828
2 2 0.001010 0.001412 0.597417 0.399632 0.000529
2 2 0.000880 0.008376 0.942115 0.047031 0.001597
2 2 0.001473 0.001852 0.552847 0.443051 0.000778
2 2 0.002291 0.007008 0.789561 0.198940 0.002201
2 2 0.000695 0.003261 0.884074 0.111232 0.000738
2 2 0.001733 0.004559 0.761438 0.230863 0.001407
2 2 0.000577 0.002923 0.892770 0.103162 0.000568
2 2 0.001761 0.005087 0.783646 0.207944 0.001562
2 2 0.000769 0.004226 0.899562 0.094575 0.000869
2 2 0.001580 0.005802 0.831519 0.159531 0.001568
2 2 0.004915 0.009501 0.649003 0.332714 0.003866
2 2 0.001669 0.012895 0.917391 0.065255 0.002790
2 2 0.008651 0.126848 0.803146 0.027831 0.033525
2 2 0.026354 0.201500 0.672855 0.029291 0.070000
2 2 0.084364 0.358262 0.486423 0.003708 0.067243
2 4 0.087240 0.370778 0.409212 0.007996 0.124773
2 4 0.062003 0.298630 0.563500 0.008766 0.067101
1 4 0.281938 0.308817 0.137345 0.010857 0.261043
1 4 0.211042 0.338560 0.164527 0.011209 0.274662
2 4 0.136200 0.283489 0.337158 0.059961 0.183192
0 4 0.580662 0.226883 0.078660 0.009359 0.104437
4 4 0.022475 0.020464 0.009292 0.000599 0.947170
4 4 0.025890 0.066389 0.020791 0.000222 0.886708
4 4 0.030766 0.026469 0.008847 0.000317 0.933601
4 4 0.079004 0.082467 0.012933 0.000122 0.825473
4 4 0.018978 0.011720 0.007390 0.000865 0.961047
4 4 0.070319 0.048756 0.014136 0.000448 0.866340
4 4 0.023559 0.026881 0.008590 0.000274 0.940696
4 4 0.147080 0.014929 0.006197 0.000372 0.831422
4 4 0.016154 0.007858 0.007018 0.001602 0.967368
4 4 0.022058 0.026351 0.009942 0.000449 0.941199
4 4 0.037122 0.043832 0.018250 0.001169 0.899628
4 4 0.033427 0.044175 0.007702 0.000059 0.914636
4 4 0.054076 0.043721 0.010368 0.000204 0.891630
4 4 0.016790 0.022812 0.011949 0.001044 0.947405
4 4 0.014360 0.008849 0.006799 0.001134 0.968857
4 4 0.064090 0.074029 0.010793 0.000064 0.851025
4 4 0.040174 0.041171 0.016388 0.000948 0.901318
4 4 0.017006 0.019437 0.006600 0.000221 0.956736
4 4 0.049658 0.035117 0.007653 0.000120 0.907452
4 4 0.050003 0.111119 0.038598 0.000430 0.799851
4 4 0.134216 0.193701 0.023743 0.000030 0.648310
4 4 0.044072 0.123816 0.033222 0.000221 0.798669
4 4 0.051031 0.108909 0.019491 0.000051 0.820518
4 4 0.029122 0.086073 0.026902 0.000188 0.857715
4 4 0.065685 0.156664 0.026197 0.000046 0.751409
4 4 0.076934 0.228106 0.049984 0.000117 0.644859
4 4 0.019684 0.118915 0.048522 0.000300 0.812579
4 4 0.021939 0.101796 0.050665 0.000769 0.824830
4 4 0.018521 0.108614 0.034440 0.000120 0.838306
4 4 0.016035 0.106889 0.054711 0.000455 0.821910
4 4 0.014694 0.192608 0.303741 0.001098 0.487859
4 4 0.021970 0.252795 0.217081 0.000701 0.507453
4 4 0.008478 0.159189 0.357172 0.001116 0.474044
4 4 0.034839 0.264613 0.281415 0.000880 0.418253
4 4 0.020704 0.191210 0.354018 0.001904 0.432164
2 4 0.012013 0.161317 0.461224 0.004426 0.361020
