4 0 0.001193 0.131822 0.000279 0.000000 0.866705
4 1 0.015676 0.445513 0.023370 0.000113 0.515328
4 1 0.038553 0.419061 0.017978 0.000102 0.524307
0 4 0.488350 0.098706 0.010709 0.000087 0.402148
1 4 0.226523 0.534291 0.047949 0.000486 0.190750
4 4 0.008442 0.355224 0.022295 0.000086 0.613953
4 4 0.017721 0.360746 0.031203 0.000179 0.590151
1 4 0.018308 0.490466 0.017079 0.000083 0.474064
4 4 0.041572 0.211544 0.014790 0.000175 0.731919
4 4 0.028100 0.319200 0.019518 0.000150 0.633033
1 4 0.077961 0.466195 0.025941 0.000183 0.429720
4 4 0.116575 0.110531 0.012789 0.000047 0.760058
4 4 0.054318 0.228299 0.016603 0.000075 0.700705
4 4 0.036045 0.143746 0.009117 0.000055 0.811037
4 4 0.108325 0.255324 0.014995 0.000091 0.621266
1 4 0.020074 0.482213 0.019518 0.000125 0.478071
4 4 0.033715 0.279902 0.019550 0.000079 0.666754
4 4 0.037404 0.302773 0.013585 0.000087 0.646151
4 4 0.074150 0.266216 0.018785 0.000231 0.640618
4 4 0.260159 0.075847 0.010359 0.000053 0.653582
4 4 0.160551 0.033994 0.006155 0.000016 0.799284
4 4 0.230652 0.285786 0.013723 0.000045 0.469794
1 4 0.029454 0.497254 0.023152 0.000169 0.449972
4 4 0.185978 0.136772 0.011439 0.000111 0.665701
4 4 0.154976 0.407169 0.020065 0.000082 0.417708
1 1 0.072441 0.703631 0.026387 0.000072 0.197470
1 1 0.040677 0.588270 0.024813 0.000123 0.346118
1 1 0.075043 0.660437 0.035782 0.000212 0.228526
1 1 0.113471 0.650044 0.030609 0.000112 0.205765
1 1 0.044698 0.616300 0.027127 0.000138 0.311736
1 1 0.034824 0.536375 0.028800 0.000258 0.399744
1 1 0.068508 0.631761 0.037744 0.000293 0.261694
4 4 0.372801 0.197235 0.015466 0.000108 0.414390
4 4 0.125184 0.040536 0.015619 0.000072 0.818589
0 4 0.702536 0.034660 0.009151 0.000125 0.253529
1 4 0.116242 0.719608 0.034008 0.000111 0.130032
1 4 0.052693 0.617913 0.031590 0.000203 0.297601
1 1 0.100174 0.665979 0.042798 0.000307 0.190742
1 1 0.078892 0.606914 0.037420 0.000296 0.276477
1 1 0.200538 0.631601 0.061924 0.000684 0.105253
1 1 0.098195 0.623934 0.043981 0.000404 0.233485
0 1 0.405061 0.183819 0.027537 0.000490 0.383093
1 1 0.082313 0.624386 0.045270 0.000480 0.247551
0 2 0.517936 0.190623 0.028346 0.000572 0.262523
1 2 0.082184 0.590092 0.052307 0.000860 0.274556
0 0 0.943072 0.015028 0.005480 0.000241 0.036179
0 0 0.797443 0.089805 0.014198 0.000192 0.098362
1 1 0.065927 0.531981 0.033006 0.000303 0.368783
1 1 0.090893 0.503161 0.035771 0.000382 0.369793
1 2 0.072397 0.541947 0.036334 0.000373 0.348950
1 2 0.069487 0.594609 0.161439 0.003301 0.171165
1 2 0.150348 0.608336 0.050362 0.000515 0.190440
1 2 0.074597 0.587902 0.048772 0.000736 0.287993
1 2 0.128484 0.652827 0.052113 0.000510 0.166066
1 2 0.024650 0.459828 0.386424 0.002473 0.126625
1 2 0.133872 0.501148 0.185118 0.003092 0.176769
2 2 0.028116 0.350071 0.381900 0.001491 0.238422
2 2 0.010324 0.094883 0.812981 0.001669 0.080143
2 2 0.066907 0.126294 0.596879 0.002187 0.207733
1 2 0.191535 0.535145 0.073847 0.001968 0.197505
2 2 0.005150 0.096781 0.880833 0.003776 0.013460
2 2 0.020506 0.361617 0.589019 0.001664 0.027194
2 2 0.002311 0.076516 0.904093 0.001896 0.015184
2 2 0.002396 0.119014 0.844484 0.001098 0.033008
2 2 0.004315 0.186926 0.786594 0.001640 0.020525
2 2 0.000471 0.039355 0.948936 0.000933 0.010305
2 2 0.001719 0.039389 0.933728 0.001041 0.024123
2 2 0.002387 0.061826 0.917816 0.003586 0.014385
2 2 0.091743 0.438573 0.448684 0.005527 0.015472
2 2 0.011227 0.154318 0.776658 0.004754 0.053043
2 2 0.030847 0.327536 0.624941 0.004343 0.012334
2 2 0.031495 0.197675 0.751149 0.003586 0.016096
2 2 0.003138 0.042142 0.939729 0.003602 0.011388
2 2 0.000862 0.042724 0.935728 0.001050 0.019636
2 2 0.016502 0.046049 0.917517 0.009851 0.010081
2 2 0.004999 0.132803 0.826545 0.008705 0.026948
2 2 0.010406 0.160433 0.804639 0.007060 0.017461
2 2 0.004393 0.042145 0.936278 0.006881 0.010302
2 2 0.018292 0.120705 0.811456 0.003553 0.045994
2 2 0.008044 0.056394 0.900685 0.004175 0.030701
2 2 0.110225 0.260933 0.612486 0.008468 0.007887
2 2 0.034730 0.115494 0.797696 0.009620 0.042458
2 2 0.009964 0.077978 0.895012 0.007097 0.009949
2 2 0.013038 0.083751 0.877875 0.009711 0.015625
2 2 0.009040 0.047039 0.922767 0.012842 0.008312
2 2 0.025244 0.084963 0.856658 0.007731 0.025404
2 2 0.044715 0.093155 0.826267 0.005469 0.030394
2 2 0.299252 0.308593 0.373564 0.004962 0.013630
2 2 0.057881 0.318741 0.602723 0.006854 0.013801
2 2 0.008407 0.237544 0.706012 0.002838 0.045199
2 2 0.043456 0.262898 0.681367 0.004818 0.007461
2 2 0.015965 0.066493 0.898096 0.005799 0.013647
2 2 0.009054 0.090489 0.875551 0.001686 0.023220
2 2 0.007611 0.087609 0.888490 0.003167 0.013122
2 2 0.001778 0.052974 0.926054 0.002507 0.016687
2 2 0.005163 0.167879 0.800681 0.003202 0.023075
2 2 0.010105 0.036541 0.921135 0.025701 0.006518
2 2 0.018392 0.228973 0.717685 0.010003 0.024946
2 2 0.005210 0.059827 0.922507 0.007756 0.004699
2 3 0.015252 0.066491 0.847098 0.052908 0.018251
2 3 0.001742 0.037130 0.937136 0.013907 0.010085
2 3 0.003638 0.047717 0.930109 0.012528 0.006008
2 3 0.008884 0.114289 0.832931 0.024582 0.019314
2 3 0.003856 0.045497 0.936243 0.007482 0.006922
2 3 0.002706 0.035191 0.930223 0.021358 0.010523
2 3 0.005351 0.031687 0.749113 0.207196 0.006653
2 3 0.014175 0.058049 0.667081 0.252446 0.008250
2 3 0.020029 0.065607 0.691087 0.206029 0.017248
2 3 0.065005 0.091640 0.708492 0.094621 0.040242
2 3 0.015823 0.052832 0.748718 0.168239 0.014389
2 3 0.005698 0.064649 0.893881 0.020914 0.014857
2 3 0.062859 0.098732 0.775992 0.036493 0.025924
2 2 0.156764 0.110609 0.655450 0.013200 0.063976
0 1 0.808489 0.079005 0.035517 0.003778 0.073211
0 1 0.685868 0.136606 0.037724 0.001980 0.137822
1 1 0.140092 0.471927 0.096505 0.003453 0.288023
1 1 0.089107 0.639754 0.185778 0.002372 0.082988
2 2 0.045898 0.441571 0.467301 0.005310 0.039921
2 2 0.028259 0.219132 0.704640 0.003165 0.044804
2 2 0.015558 0.205750 0.750768 0.001773 0.026151
2 2 0.000925 0.070388 0.908258 0.001037 0.019391
2 2 0.000121 0.014222 0.977051 0.000708 0.007898
2 2 0.000311 0.014755 0.968944 0.000892 0.015097
2 2 0.002765 0.050843 0.927612 0.007183 0.011597
2 2 0.004192 0.128006 0.849143 0.003598 0.015060
2 2 0.014607 0.171688 0.798692 0.006687 0.008325
2 2 0.009282 0.178245 0.802205 0.003177 0.007091
2 2 0.001517 0.024973 0.958312 0.008760 0.006438
2 2 0.001379 0.034459 0.936000 0.000585 0.027576
2 2 0.000630 0.015229 0.972185 0.003748 0.008208
2 2 0.001169 0.071789 0.909966 0.002593 0.014483
2 2 0.002154 0.042384 0.934077 0.005772 0.015613
2 2 0.004455 0.055294 0.911505 0.022231 0.006514
2 2 0.002145 0.021507 0.934771 0.034262 0.007315
2 2 0.000559 0.020285 0.961171 0.013700 0.004286
2 3 0.003758 0.033947 0.823120 0.131779 0.007395
2 3 0.002212 0.042293 0.923032 0.023123 0.009340
2 3 0.005289 0.026571 0.878513 0.075522 0.014105
2 2 0.003780 0.071158 0.906769 0.006451 0.011841
2 2 0.000573 0.022427 0.954798 0.015167 0.007035
2 2 0.003413 0.065405 0.874388 0.033781 0.023013
2 2 0.072072 0.260911 0.641506 0.018612 0.006898
2 2 0.021379 0.069597 0.865314 0.035055 0.008655
2 2 0.008031 0.070573 0.886091 0.021507 0.013798
2 2 0.007101 0.043514 0.928708 0.015026 0.005651
2 2 0.004832 0.074925 0.908446 0.006465 0.005332
2 2 0.001403 0.032517 0.947912 0.002362 0.015805
2 2 0.003099 0.059387 0.909901 0.015833 0.011780
2 2 0.002442 0.116722 0.856506 0.003387 0.020942
2 2 0.000501 0.011180 0.954814 0.023363 0.010143
2 2 0.017237 0.139646 0.807056 0.014681 0.021380
2 2 0.000983 0.011900 0.906172 0.078448 0.002497
2 2 0.013720 0.130323 0.809236 0.028787 0.017933
2 2 0.001754 0.019254 0.931540 0.036433 0.011018
2 3 0.001302 0.014009 0.888067 0.093540 0.003082
2 3 0.005007 0.025147 0.783973 0.173129 0.012743
3 3 0.029574 0.062684 0.370801 0.502923 0.034018
2 3 0.005654 0.034457 0.779509 0.170209 0.010171
2 3 0.005435 0.026235 0.946825 0.009299 0.012207
2 3 0.013531 0.085082 0.850573 0.027851 0.022963
2 3 0.019649 0.123260 0.811327 0.021962 0.023801
2 2 0.002786 0.037183 0.928787 0.009363 0.021881
2 2 0.003298 0.038111 0.930618 0.004167 0.023808
2 2 0.008342 0.043375 0.877560 0.063919 0.006805
2 2 0.002652 0.022684 0.920107 0.044378 0.010178
2 2 0.022204 0.084386 0.881769 0.006320 0.005320
2 2 0.000752 0.032459 0.944089 0.011345 0.011355
2 2 0.003001 0.035041 0.943157 0.016664 0.002138
2 2 0.003325 0.048053 0.935161 0.010132 0.003329
2 2 0.025418 0.056915 0.865832 0.039965 0.011869
2 2 0.102580 0.349197 0.525016 0.009112 0.014095
1 2 0.220845 0.489455 0.255007 0.006262 0.028430
2 2 0.074528 0.367969 0.431604 0.007620 0.118279
2 2 0.014295 0.070590 0.873410 0.003441 0.038264
2 2 0.020642 0.066564 0.894681 0.006491 0.011622
2 2 0.039289 0.326732 0.611348 0.004064 0.018567
1 2 0.120547 0.555343 0.256408 0.006355 0.061348
1 2 0.134434 0.415924 0.240532 0.009500 0.199609
1 2 0.096937 0.530857 0.338114 0.004569 0.029523
2 2 0.011063 0.058057 0.884588 0.002319 0.043972
2 2 0.022349 0.093130 0.851378 0.004140 0.029003
2 2 0.002379 0.055289 0.916200 0.002080 0.024052
2 2 0.006134 0.065826 0.906064 0.003161 0.018816
2 2 0.009313 0.036448 0.889908 0.001883 0.062447
2 2 0.000532 0.027807 0.956126 0.001489 0.014046
2 2 0.003202 0.021476 0.959469 0.001589 0.014263
2 2 0.014623 0.145383 0.823544 0.001982 0.014468
2 2 0.003510 0.041865 0.940011 0.001456 0.013157
2 2 0.001974 0.015008 0.967986 0.001825 0.013207
2 2 0.004419 0.030214 0.950081 0.001107 0.014179
2 2 0.001497 0.032568 0.947798 0.011135 0.007002
2 2 0.000255 0.021836 0.958486 0.000307 0.019115
2 2 0.004629 0.042119 0.892378 0.046163 0.014711
2 2 0.001507 0.087597 0.897925 0.001303 0.011667
2 2 0.000432 0.018225 0.971478 0.002836 0.007029
2 2 0.001000 0.010709 0.933390 0.049381 0.005519
2 2 0.004279 0.034457 0.939126 0.017176 0.004960
1 2 0.100446 0.474948 0.406819 0.003981 0.013806
1 2 0.057270 0.453320 0.433231 0.005774 0.050405
2 2 0.029745 0.102992 0.813392 0.007011 0.046860
2 2 0.004946 0.057350 0.913430 0.002117 0.022157
2 2 0.007193 0.029283 0.922709 0.001146 0.039669
2 2 0.024450 0.217988 0.743572 0.004100 0.009890
2 2 0.002298 0.013431 0.974417 0.002433 0.007421
2 2 0.001739 0.050748 0.934744 0.001739 0.011030
2 2 0.023317 0.142862 0.814012 0.002610 0.017199
2 2 0.034433 0.221274 0.715123 0.003944 0.025225
2 2 0.009246 0.169177 0.813800 0.003012 0.004764
2 2 0.000365 0.005851 0.973535 0.016747 0.003503
2 2 0.001458 0.029334 0.960046 0.001613 0.007550
2 2 0.024364 0.166043 0.700262 0.002067 0.107264
2 2 0.004219 0.020508 0.950482 0.002589 0.022201
0 4 0.440899 0.085163 0.098127 0.002206 0.373604
4 4 0.091922 0.184205 0.116770 0.001240 0.605863
1 4 0.195855 0.329738 0.243441 0.003130 0.227835
2 2 0.004791 0.096372 0.851034 0.000910 0.046894
2 2 0.009593 0.074115 0.860918 0.001609 0.053764
1 2 0.120668 0.557614 0.217261 0.003931 0.100527
2 2 0.117885 0.294598 0.479339 0.003533 0.104646
1 2 0.195309 0.493307 0.257388 0.006576 0.047420
2 2 0.032409 0.264515 0.542658 0.001429 0.158990
0 2 0.642377 0.095172 0.046412 0.001084 0.214955
1 2 0.132122 0.620476 0.062043 0.000980 0.184379
1 2 0.147719 0.488345 0.059415 0.001504 0.303018
1 2 0.116139 0.513145 0.056886 0.001324 0.312507
1 2 0.154837 0.595817 0.129276 0.002942 0.117129
1 2 0.198997 0.449468 0.131709 0.002102 0.217724
1 2 0.314024 0.513811 0.075308 0.001525 0.095333
1 2 0.124345 0.520263 0.137956 0.003002 0.214434
1 2 0.182170 0.609808 0.074033 0.001321 0.132668
1 2 0.140691 0.614564 0.065524 0.001141 0.178080
1 2 0.169331 0.585387 0.108195 0.002842 0.134244
2 2 0.033774 0.218331 0.681533 0.004376 0.061986
1 2 0.117624 0.593647 0.213615 0.003672 0.071442
1 2 0.023989 0.440007 0.237623 0.001224 0.297157
2 2 0.128686 0.287239 0.315114 0.001466 0.267495
1 2 0.215214 0.601229 0.126797 0.001708 0.055052
2 2 0.003753 0.197794 0.703321 0.000806 0.094326
2 2 0.134063 0.245682 0.391392 0.005143 0.223721
1 2 0.225796 0.361778 0.289732 0.004803 0.117891
2 2 0.049935 0.102997 0.513277 0.002814 0.330977
4 2 0.244085 0.052270 0.136863 0.001226 0.565556
4 2 0.119519 0.241140 0.133989 0.001742 0.503609
1 2 0.091868 0.460478 0.241779 0.002160 0.203716
2 2 0.247118 0.244278 0.281500 0.004332 0.222772
1 2 0.150259 0.454101 0.173627 0.002397 0.219616
1 2 0.168663 0.427697 0.131424 0.001173 0.271044
1 2 0.125759 0.618044 0.061331 0.000985 0.193881
1 2 0.240798 0.615264 0.057199 0.000497 0.086241
4 2 0.304343 0.292061 0.027336 0.000289 0.375971
1 2 0.159096 0.599742 0.083802 0.001917 0.155442
1 2 0.161966 0.546190 0.076205 0.001283 0.214356
0 2 0.674839 0.202504 0.047719 0.001597 0.073342
1 2 0.135525 0.563868 0.143700 0.003023 0.153883
1 2 0.199784 0.421514 0.173004 0.001787 0.203912
1 2 0.125555 0.666747 0.047921 0.000378 0.159399
1 2 0.223187 0.408128 0.040643 0.000578 0.327464
1 2 0.112267 0.377328 0.165466 0.003436 0.341502
1 2 0.289101 0.548253 0.047336 0.000351 0.114959
0 4 0.876771 0.026554 0.004674 0.000065 0.091936
0 4 0.934375 0.013710 0.003324 0.000068 0.048524
0 4 0.603245 0.127728 0.013518 0.000120 0.255389
0 0 0.977000 0.004018 0.001458 0.000044 0.017480
0 0 0.972091 0.006039 0.002095 0.000063 0.019713
0 0 0.920249 0.007724 0.001973 0.000028 0.070026
0 0 0.981855 0.002934 0.001003 0.000024 0.014183
0 0 0.957892 0.010098 0.003945 0.000177 0.027887
0 0 0.924141 0.011569 0.002796 0.000059 0.061435
0 1 0.479324 0.258549 0.022073 0.000147 0.239906
0 1 0.451307 0.172846 0.021494 0.000250 0.354103
0 4 0.584167 0.149115 0.016910 0.000178 0.249630
1 4 0.264002 0.451698 0.029878 0.000161 0.254261
0 4 0.660373 0.196654 0.024066 0.000238 0.118669
1 4 0.054093 0.594570 0.035622 0.000319 0.315396
1 4 0.040285 0.543168 0.032605 0.000344 0.383598
1 1 0.051360 0.552149 0.040074 0.000558 0.355858
4 1 0.027223 0.469124 0.028608 0.000379 0.474666
4 1 0.057327 0.429827 0.030306 0.000402 0.482138
1 1 0.031804 0.472412 0.033350 0.000559 0.461875
1 1 0.031448 0.528996 0.026610 0.000218 0.412728
1 1 0.039217 0.490761 0.038694 0.000740 0.430588
1 1 0.075816 0.603821 0.046284 0.000583 0.273496
1 1 0.101116 0.625569 0.052208 0.000662 0.220445
1 1 0.073630 0.644350 0.071735 0.000836 0.209449
1 2 0.020118 0.419066 0.190469 0.001374 0.368972
1 2 0.091804 0.551946 0.066483 0.001986 0.287781
1 2 0.110941 0.627253 0.037469 0.000230 0.224106
1 2 0.078671 0.575426 0.039781 0.000409 0.305713
1 2 0.099122 0.469752 0.031860 0.000302 0.398964
1 2 0.062422 0.598475 0.040010 0.000419 0.298675
1 2 0.158331 0.454396 0.034734 0.000338 0.352201
1 2 0.191944 0.474404 0.048174 0.000741 0.284737
1 2 0.067889 0.451014 0.067120 0.000885 0.413092
1 2 0.117779 0.645393 0.050183 0.000496 0.186149
1 2 0.065158 0.606699 0.098729 0.001380 0.228035
1 2 0.135250 0.528619 0.048613 0.000709 0.286809
1 2 0.161686 0.529251 0.041943 0.000411 0.266708
1 2 0.122693 0.633684 0.056215 0.000718 0.186691
1 2 0.116417 0.487598 0.051423 0.001100 0.343462
1 2 0.096484 0.552495 0.068999 0.001503 0.280519
2 2 0.037144 0.237409 0.640974 0.003370 0.081103
2 2 0.010411 0.250471 0.681440 0.003920 0.053758
2 2 0.001431 0.103691 0.867086 0.001422 0.026369
2 2 0.042958 0.248639 0.652721 0.002897 0.052784
2 2 0.036685 0.441890 0.471626 0.002955 0.046845
1 2 0.074147 0.581594 0.275686 0.004491 0.064082
1 2 0.038754 0.571500 0.334981 0.001241 0.053524
2 2 0.035780 0.323558 0.624381 0.004598 0.011682
1 2 0.084986 0.576760 0.285609 0.002719 0.049926
2 2 0.006630 0.143003 0.773090 0.001590 0.075687
2 2 0.015048 0.158188 0.799408 0.005195 0.022162
2 2 0.001162 0.051021 0.938041 0.002402 0.007375
2 2 0.002448 0.120219 0.827457 0.000755 0.049121
2 2 0.000405 0.049081 0.932650 0.000844 0.017021
2 2 0.034635 0.153246 0.786125 0.004766 0.021227
2 2 0.000403 0.037684 0.939621 0.000414 0.021878
2 2 0.002069 0.092735 0.892135 0.001834 0.011227
2 2 0.006542 0.078578 0.896213 0.013773 0.004893
2 2 0.000871 0.073657 0.898499 0.002150 0.024822
2 2 0.001433 0.036576 0.948784 0.003327 0.009880
2 2 0.004909 0.129303 0.841333 0.004466 0.019989
2 2 0.000807 0.015995 0.971771 0.001648 0.009779
2 2 0.005045 0.142989 0.807851 0.007084 0.037031
2 2 0.001379 0.034518 0.936321 0.017141 0.010641
2 2 0.003171 0.043571 0.902510 0.032620 0.018128
2 2 0.011612 0.228868 0.685208 0.008247 0.066065
2 2 0.016135 0.169887 0.800155 0.007984 0.005839
2 2 0.022259 0.164049 0.798847 0.006376 0.008469
1 2 0.333803 0.396403 0.237397 0.005789 0.026608
1 2 0.078601 0.666794 0.150399 0.001569 0.102636
2 2 0.002599 0.060074 0.917632 0.001795 0.017900
2 2 0.000223 0.018009 0.973689 0.003503 0.004577
2 2 0.003962 0.186451 0.766764 0.002298 0.040525
2 2 0.021770 0.103944 0.852120 0.005969 0.016197
2 2 0.006846 0.099990 0.879893 0.002044 0.011228
2 2 0.004452 0.037725 0.945475 0.004438 0.007911
2 2 0.000150 0.012153 0.975773 0.003245 0.008679
2 2 0.001023 0.044355 0.938860 0.006045 0.009717
2 2 0.000946 0.030883 0.954544 0.008963 0.004664
2 2 0.012308 0.129897 0.789112 0.043481 0.025202
2 2 0.002263 0.029750 0.928633 0.036245 0.003109
2 2 0.003458 0.063709 0.908109 0.017312 0.007412
2 2 0.001464 0.017437 0.909668 0.068391 0.003041
2 2 0.001314 0.056087 0.922351 0.005854 0.014393
2 2 0.002680 0.057555 0.909826 0.016335 0.013605
2 2 0.014604 0.163639 0.785566 0.019719 0.016472
2 2 0.085312 0.238708 0.613864 0.049689 0.012427
2 2 0.029208 0.158198 0.762054 0.037636 0.012903
2 2 0.001925 0.029742 0.941403 0.024282 0.002648
2 2 0.004182 0.071656 0.904070 0.005349 0.014743
2 2 0.002778 0.064017 0.920280 0.008416 0.004509
2 2 0.013214 0.096731 0.865771 0.012211 0.012073
2 2 0.084232 0.423954 0.466244 0.003779 0.021792
2 2 0.059594 0.377153 0.526674 0.011400 0.025179
1 2 0.148327 0.477088 0.351026 0.005497 0.018062
0 0 0.733827 0.160304 0.072705 0.001341 0.031823
1 1 0.067277 0.607174 0.242059 0.003602 0.079886
1 1 0.053941 0.614218 0.261624 0.002785 0.067432
2 2 0.011119 0.251117 0.703276 0.005051 0.029438
2 2 0.045933 0.403814 0.526482 0.006907 0.016864
2 2 0.001610 0.014930 0.968702 0.004797 0.009962
2 2 0.002682 0.117741 0.854002 0.004718 0.020858
2 2 0.000283 0.010922 0.977492 0.008247 0.003056
2 2 0.000067 0.003564 0.988128 0.001285 0.006955
2 2 0.001909 0.016507 0.970086 0.002059 0.009438
2 2 0.000550 0.032001 0.948393 0.005470 0.013586
2 2 0.031237 0.161529 0.781732 0.015528 0.009974
2 2 0.000140 0.005050 0.984653 0.004851 0.005306
2 2 0.000298 0.004782 0.983854 0.007076 0.003989
2 2 0.003093 0.023297 0.817998 0.151251 0.004362
3 3 0.022665 0.058039 0.410776 0.479128 0.029392
2 3 0.000900 0.013608 0.916181 0.064618 0.004693
2 3 0.004975 0.029814 0.751349 0.206519 0.007343
3 3 0.021673 0.058310 0.435552 0.460280 0.024184
3 3 0.036487 0.063438 0.257423 0.589494 0.053157
3 3 0.029503 0.061928 0.328419 0.540475 0.039675
3 3 0.063915 0.066621 0.123939 0.669467 0.076058
3 3 0.050319 0.070172 0.196182 0.633008 0.050319
3 3 0.062415 0.067496 0.131932 0.666678 0.071478
3 3 0.063915 0.066621 0.123939 0.669467 0.076058
3 3 0.062811 0.067270 0.129792 0.667465 0.072661
3 3 0.063915 0.066621 0.123939 0.669467 0.076058
3 3 0.063915 0.066621 0.123939 0.669467 0.076058
3 3 0.063915 0.066621 0.123939 0.669467 0.076058
3 3 0.063915 0.066621 0.123939 0.669467 0.076058
3 3 0.063915 0.066621 0.123939 0.669467 0.076058
3 3 0.063915 0.066621 0.123939 0.669467 0.076058
3 3 0.063915 0.066621 0.123939 0.669467 0.076058
3 3 0.063915 0.066621 0.123939 0.669467 0.076058
3 3 0.063915 0.066621 0.123939 0.669467 0.076058
3 3 0.063915 0.066621 0.123939 0.669467 0.076058
3 3 0.063915 0.066621 0.123939 0.669467 0.076058
3 3 0.063915 0.066621 0.123939 0.669467 0.076058
3 3 0.063915 0.066621 0.123939 0.669467 0.076058
3 3 0.063915 0.066621 0.123939 0.669467 0.076058
3 3 0.063915 0.066621 0.123939 0.669467 0.076058
3 3 0.063915 0.066621 0.123939 0.669467 0.076058
3 3 0.063915 0.066621 0.123939 0.669467 0.076058
3 3 0.063915 0.066621 0.123939 0.669467 0.076058
3 3 0.063915 0.066621 0.123939 0.669467 0.076058
3 3 0.063915 0.066621 0.123939 0.669467 0.076058
3 3 0.063915 0.066621 0.123939 0.669467 0.076058
3 3 0.063915 0.066621 0.123939 0.669467 0.076058
3 3 0.063915 0.066621 0.123939 0.669467 0.076058
3 3 0.063915 0.066621 0.123939 0.669467 0.076058
3 3 0.063915 0.066621 0.123939 0.669467 0.076058
3 3 0.063915 0.066621 0.123939 0.669467 0.076058
3 3 0.063915 0.066621 0.123939 0.669467 0.076058
3 3 0.063915 0.066621 0.123939 0.669467 0.076058
3 3 0.063915 0.066621 0.123939 0.669467 0.076058
3 3 0.063915 0.066621 0.123939 0.669467 0.076058
3 3 0.063915 0.066621 0.123939 0.669467 0.076058
3 3 0.063915 0.066621 0.123939 0.669467 0.076058
3 3 0.063915 0.066621 0.123939 0.669467 0.076058
3 3 0.063915 0.066621 0.123939 0.669467 0.076058
3 3 0.063915 0.066621 0.123939 0.669467 0.076058
3 3 0.063915 0.066621 0.123939 0.669467 0.076058
3 3 0.063915 0.066621 0.123939 0.669467 0.076058
3 3 0.063915 0.066621 0.123939 0.669467 0.076058
3 3 0.063915 0.066621 0.123939 0.669467 0.076058
3 3 0.063915 0.066621 0.123939 0.669467 0.076058
3 3 0.063915 0.066621 0.123939 0.669467 0.076058
3 3 0.063915 0.066621 0.123939 0.669467 0.076058
3 3 0.063915 0.066621 0.123939 0.669467 0.076058
3 3 0.063915 0.066621 0.123939 0.669467 0.076058
3 3 0.063915 0.066621 0.123939 0.669467 0.076058
3 3 0.063915 0.066621 0.123939 0.669467 0.076058
3 3 0.063915 0.066621 0.123939 0.669467 0.076058
3 3 0.063915 0.066621 0.123939 0.669467 0.076058
3 3 0.063915 0.066621 0.123939 0.669467 0.076058
3 3 0.063915 0.066621 0.123939 0.669467 0.076058
1 1 0.295875 0.297945 0.263903 0.066821 0.075456
4 1 0.121711 0.240385 0.159018 0.137707 0.341180
4 1 0.031153 0.120698 0.163670 0.016682 0.667797
1 1 0.071464 0.484239 0.217913 0.018376 0.208008
2 1 0.021263 0.246851 0.651907 0.024080 0.055897
2 2 0.007297 0.059970 0.867837 0.055228 0.009669
2 2 0.003495 0.046995 0.930561 0.013809 0.005140
2 2 0.008177 0.061774 0.861917 0.059352 0.008781
2 2 0.004918 0.058700 0.887660 0.039620 0.009101
2 2 0.001885 0.051999 0.930872 0.007685 0.007559
2 2 0.000358 0.009568 0.969759 0.012910 0.007404
2 2 0.002615 0.036198 0.907933 0.045460 0.007795
2 2 0.000667 0.055020 0.929589 0.001669 0.013055
2 2 0.005785 0.026345 0.957861 0.004806 0.005204
2 2 0.004169 0.048508 0.934901 0.006556 0.005866
2 2 0.000168 0.006922 0.981868 0.005059 0.005984
2 2 0.007571 0.049251 0.894189 0.043067 0.005923
2 2 0.000666 0.034748 0.953744 0.004463 0.006379
2 2 0.001538 0.061963 0.924300 0.004021 0.008177
2 2 0.001163 0.026251 0.962602 0.003317 0.006667
2 2 0.008852 0.053977 0.919536 0.009800 0.007835
2 2 0.000536 0.006719 0.979424 0.000778 0.012543
2 2 0.002067 0.035363 0.946889 0.007807 0.007874
2 2 0.000100 0.005586 0.985506 0.005904 0.002905
2 2 0.002391 0.012662 0.918965 0.060401 0.005581
2 2 0.000971 0.014026 0.975201 0.002956 0.006847
2 2 0.000229 0.003394 0.985398 0.007681 0.003297
2 2 0.002066 0.013129 0.901435 0.076490 0.006880
2 2 0.005119 0.071163 0.896886 0.020366 0.006466
2 2 0.000448 0.014889 0.972883 0.001834 0.009946
2 2 0.000315 0.010946 0.978096 0.005658 0.004986
2 2 0.000512 0.016749 0.967359 0.012816 0.002564
2 2 0.000633 0.035455 0.950144 0.004464 0.009304
2 2 0.001696 0.014387 0.964550 0.009933 0.009434
2 2 0.001795 0.053078 0.925080 0.009516 0.010531
2 2 0.008142 0.030415 0.883940 0.066781 0.010722
2 2 0.002067 0.048646 0.899885 0.028884 0.020518
2 2 0.010133 0.046646 0.866931 0.070233 0.006056
2 2 0.008464 0.045270 0.809019 0.128473 0.008774
2 2 0.010189 0.048731 0.722197 0.211220 0.007663
2 2 0.002118 0.020085 0.911496 0.052456 0.013845
2 2 0.007592 0.025127 0.861868 0.088670 0.016744
2 3 0.000927 0.007768 0.946715 0.039879 0.004712
2 3 0.000242 0.015070 0.972216 0.001682 0.010789
2 3 0.009715 0.079282 0.826380 0.066540 0.018083
2 3 0.003279 0.024323 0.946469 0.017804 0.008124
2 2 0.010338 0.052777 0.910588 0.022657 0.003640
2 2 0.012106 0.053802 0.722474 0.203835 0.007783
2 2 0.002740 0.018460 0.889566 0.083948 0.005285
2 2 0.000369 0.006506 0.944995 0.046155 0.001975
2 2 0.001669 0.023091 0.934797 0.037268 0.003175
2 2 0.000556 0.012762 0.961680 0.021037 0.003965
2 2 0.011853 0.029022 0.798100 0.142049 0.018976
2 2 0.002869 0.015582 0.919089 0.056315 0.006146
2 2 0.005033 0.030658 0.826004 0.132060 0.006245
2 2 0.044572 0.190862 0.744717 0.014239 0.005610
2 2 0.023359 0.059975 0.905513 0.005493 0.005659
2 2 0.001476 0.035146 0.951655 0.001855 0.009868
2 2 0.002479 0.028868 0.940994 0.015174 0.012485
2 2 0.000853 0.034384 0.952548 0.002795 0.009421
2 2 0.000320 0.005029 0.977862 0.010157 0.006632
2 2 0.002017 0.007411 0.970020 0.016267 0.004285
2 2 0.004770 0.024680 0.947585 0.003473 0.019493
2 2 0.002145 0.046342 0.938488 0.003454 0.009571
2 2 0.000874 0.006610 0.959996 0.029737 0.002783
2 2 0.004471 0.125963 0.857658 0.003025 0.008883
2 2 0.000375 0.021378 0.961924 0.001841 0.014482
2 2 0.000898 0.014581 0.966141 0.009220 0.009161
2 2 0.006133 0.078388 0.889065 0.019407 0.007007
2 2 0.001366 0.029027 0.961362 0.001189 0.007056
2 2 0.001159 0.053189 0.934888 0.004662 0.006102
2 2 0.013121 0.042801 0.927130 0.006320 0.010628
2 2 0.001333 0.028244 0.954344 0.005305 0.010773
2 2 0.001523 0.022858 0.965122 0.005462 0.005035
2 2 0.004687 0.027426 0.958615 0.006307 0.002965
2 2 0.000904 0.050820 0.936391 0.002843 0.009042
2 2 0.001231 0.032346 0.951890 0.011971 0.002562
2 2 0.000194 0.008285 0.984516 0.002307 0.004698
2 2 0.001161 0.040834 0.941453 0.004049 0.012501
2 2 0.020273 0.114916 0.854834 0.003617 0.006360
2 2 0.000228 0.005145 0.989188 0.001681 0.003759
2 2 0.002681 0.096070 0.882722 0.004735 0.013791
2 2 0.001280 0.006680 0.968340 0.019915 0.003785
2 2 0.000838 0.015839 0.978845 0.001626 0.002852
2 2 0.000324 0.007644 0.976393 0.003593 0.012046
2 2 0.000470 0.005767 0.967085 0.024520 0.002159
2 2 0.000894 0.023321 0.971257 0.000948 0.003581
2 2 0.000289 0.005141 0.986621 0.003669 0.004280
2 2 0.001580 0.015623 0.873035 0.106081 0.003681
2 2 0.000463 0.013453 0.980944 0.002401 0.002739
2 2 0.000724 0.022962 0.946038 0.022457 0.007818
2 2 0.005378 0.025759 0.944813 0.019343 0.004707
2 2 0.001163 0.051875 0.933267 0.001406 0.012289
2 2 0.001355 0.066304 0.924505 0.001751 0.006085
2 2 0.000894 0.019948 0.972237 0.004617 0.002305
2 2 0.000326 0.006505 0.986753 0.002439 0.003977
2 2 0.002149 0.023690 0.964971 0.002345 0.006845
2 2 0.003510 0.013784 0.971215 0.006217 0.005274
2 2 0.004101 0.087489 0.883036 0.010603 0.014771
2 2 0.026631 0.292486 0.618548 0.013589 0.048746
2 2 0.001818 0.063363 0.917632 0.003632 0.013555
2 2 0.000492 0.023124 0.954923 0.001155 0.020305
2 2 0.000273 0.011600 0.983839 0.001300 0.002988
2 2 0.000323 0.035849 0.958674 0.000634 0.004521
2 2 0.026920 0.179935 0.758214 0.013386 0.021545
2 2 0.000257 0.006813 0.988191 0.001830 0.002908
2 2 0.000962 0.015728 0.972968 0.001796 0.008546
2 2 0.002122 0.110156 0.855086 0.002526 0.030110
2 2 0.001931 0.059869 0.931959 0.000885 0.005356
2 2 0.043483 0.246121 0.624203 0.001581 0.084611
1 2 0.149766 0.627098 0.106889 0.001832 0.114414
1 2 0.099697 0.571153 0.075255 0.001547 0.252348
1 2 0.161155 0.546203 0.136661 0.004423 0.151557
1 2 0.158765 0.621533 0.150169 0.002137 0.067396
2 2 0.031451 0.274124 0.585385 0.002150 0.106890
1 2 0.314224 0.396193 0.056741 0.001356 0.231486
0 4 0.403322 0.173274 0.027537 0.000779 0.395087
0 4 0.799495 0.036731 0.015154 0.000315 0.148306
0 4 0.754546 0.138228 0.037987 0.001565 0.067674
1 4 0.069391 0.532118 0.057123 0.001564 0.339803
1 4 0.078591 0.596619 0.053085 0.000813 0.270891
1 1 0.056540 0.536031 0.046722 0.000916 0.359792
1 1 0.054066 0.535706 0.047356 0.000915 0.361957
1 1 0.069609 0.567354 0.049936 0.000891 0.312211
1 2 0.061500 0.606045 0.091228 0.001324 0.239903
4 2 0.032072 0.398214 0.050496 0.001967 0.517252
1 2 0.261227 0.367758 0.062673 0.002472 0.305870
1 2 0.100016 0.608881 0.055834 0.000876 0.234393
1 2 0.057914 0.501817 0.054405 0.001677 0.384187
1 2 0.056338 0.506315 0.060725 0.001938 0.374685
1 2 0.079229 0.617380 0.101108 0.001930 0.200353
4 2 0.029440 0.444648 0.066458 0.000691 0.458763
1 2 0.052644 0.564586 0.092093 0.002268 0.288409
1 2 0.079207 0.582642 0.052356 0.000907 0.284889
1 2 0.045151 0.484619 0.049821 0.001318 0.419091
4 2 0.032713 0.318315 0.044931 0.002413 0.601628
1 2 0.028368 0.544948 0.125622 0.000875 0.300187
4 2 0.032487 0.430426 0.050656 0.001408 0.485023
1 2 0.038660 0.471782 0.042397 0.001033 0.446128
4 2 0.024560 0.413143 0.055407 0.001290 0.505600
1 2 0.038846 0.536384 0.038776 0.000495 0.385499
1 2 0.052588 0.580181 0.077590 0.001471 0.288169
1 2 0.079321 0.527652 0.054083 0.001273 0.337671
4 1 0.153030 0.354885 0.035969 0.000663 0.455453
1 1 0.058208 0.533878 0.048407 0.001016 0.358490
4 1 0.093966 0.393505 0.044917 0.001306 0.466305
4 4 0.114434 0.399570 0.046707 0.001255 0.438034
4 4 0.030616 0.427931 0.037931 0.001046 0.502477
0 4 0.461174 0.225497 0.033473 0.000731 0.279125
0 0 0.858135 0.062060 0.023871 0.001482 0.054452
1 1 0.058105 0.511128 0.056413 0.001653 0.372701
1 1 0.048781 0.492411 0.051372 0.001266 0.406170
1 1 0.034564 0.476605 0.047018 0.001036 0.440777
1 1 0.029561 0.474556 0.054618 0.000520 0.440745
4 1 0.028220 0.425299 0.048251 0.000866 0.497365
4 1 0.035650 0.431708 0.051002 0.001487 0.480153
1 1 0.044818 0.507997 0.041492 0.000799 0.404895
1 1 0.046769 0.488639 0.035467 0.000532 0.428593
4 4 0.060719 0.319188 0.042021 0.001324 0.576748
1 4 0.073073 0.543237 0.057230 0.001463 0.324997
1 4 0.046673 0.474412 0.049007 0.001523 0.428385
4 4 0.028465 0.428241 0.049892 0.000843 0.492558
4 2 0.040642 0.434292 0.050798 0.002039 0.472229
4 2 0.034479 0.398064 0.057458 0.001696 0.508303
4 2 0.019676 0.339007 0.067110 0.001414 0.572794
4 2 0.075561 0.426430 0.039858 0.000838 0.457313
1 2 0.117391 0.522740 0.051059 0.000909 0.307901
1 2 0.058223 0.498977 0.055261 0.001777 0.385761
1 1 0.085030 0.480416 0.049527 0.001177 0.383850
0 1 0.586693 0.085091 0.010349 0.000126 0.317740
0 4 0.630036 0.035112 0.008135 0.000156 0.326561
4 4 0.249969 0.349451 0.030665 0.000326 0.369589
4 4 0.148154 0.350767 0.026237 0.000264 0.474579
4 4 0.063904 0.395713 0.026007 0.000288 0.514088
1 4 0.171464 0.497324 0.030131 0.000170 0.300911
4 4 0.256457 0.124142 0.013852 0.000238 0.605310
4 4 0.330837 0.229734 0.019350 0.000167 0.419913
0 4 0.478737 0.204743 0.019800 0.000176 0.296543
0 4 0.495349 0.114501 0.013516 0.000179 0.376454
0 4 0.443003 0.239086 0.025039 0.000275 0.292597
1 4 0.152481 0.465877 0.034974 0.000332 0.346336
4 4 0.157152 0.325711 0.028267 0.000377 0.488492
1 4 0.051151 0.525666 0.042775 0.000766 0.379641
4 4 0.120900 0.292073 0.021376 0.000229 0.565422
0 4 0.550503 0.182856 0.021943 0.000271 0.244428
0 4 0.495161 0.063837 0.011083 0.000161 0.429757
0 4 0.584300 0.046362 0.008760 0.000090 0.360488
0 4 0.520763 0.028389 0.006947 0.000041 0.443859
4 4 0.310092 0.048494 0.010891 0.000056 0.630467
0 4 0.457918 0.202284 0.019428 0.000177 0.320192
1 4 0.097744 0.530000 0.031592 0.000224 0.340440
0 0 0.916385 0.022058 0.005886 0.000162 0.055509
0 1 0.852225 0.035353 0.005565 0.000067 0.106789
1 1 0.067848 0.494542 0.031455 0.000306 0.405850
1 1 0.077415 0.483543 0.027143 0.000194 0.411705
1 1 0.043900 0.553040 0.034232 0.000368 0.368459
4 1 0.019356 0.419253 0.030579 0.000326 0.530487
4 1 0.012553 0.345658 0.038212 0.000343 0.603234
4 1 0.028583 0.421150 0.046220 0.000641 0.503406
4 1 0.110485 0.402670 0.029021 0.000305 0.457520
1 1 0.079322 0.497552 0.041471 0.000653 0.381001
1 1 0.053469 0.552542 0.041587 0.000613 0.351789
1 4 0.054849 0.527374 0.046928 0.000977 0.369872
1 4 0.131200 0.452521 0.044362 0.000788 0.371129
4 4 0.193381 0.363840 0.028097 0.000263 0.414419
4 4 0.270040 0.256004 0.027860 0.000456 0.445640
1 4 0.104580 0.539153 0.041461 0.000475 0.314331
4 4 0.217138 0.289165 0.023520 0.000236 0.469941
1 4 0.116042 0.495134 0.041476 0.000554 0.346794
0 4 0.432544 0.247357 0.030258 0.000463 0.289377
0 4 0.426534 0.151326 0.013667 0.000117 0.408357
4 4 0.288921 0.274250 0.023299 0.000219 0.413310
0 4 0.440870 0.227208 0.029316 0.000499 0.302107
4 4 0.231160 0.357702 0.027090 0.000222 0.383826
0 4 0.598529 0.141375 0.014653 0.000126 0.245318
0 4 0.795224 0.057326 0.010709 0.000213 0.136528
4 4 0.333073 0.240129 0.028883 0.000515 0.397400
4 4 0.235673 0.165944 0.017865 0.000168 0.580350
0 4 0.471410 0.143938 0.017049 0.000237 0.367366
0 4 0.494931 0.217002 0.018837 0.000130 0.269101
1 4 0.312805 0.490584 0.035992 0.000200 0.160419
1 1 0.067588 0.540374 0.026528 0.000148 0.365362
1 1 0.044219 0.556150 0.034070 0.000357 0.365205
1 1 0.040331 0.543781 0.032566 0.000341 0.382982
4 4 0.076860 0.380002 0.036163 0.000796 0.506180
0 4 0.512136 0.132000 0.014270 0.000154 0.341440
1 4 0.033778 0.482870 0.034154 0.000558 0.448639
1 4 0.065683 0.629004 0.036835 0.000281 0.268197
1 4 0.046212 0.526897 0.039818 0.000640 0.386433
1 4 0.046096 0.519713 0.040817 0.000713 0.392661
1 4 0.098899 0.456687 0.032842 0.000353 0.411218
4 4 0.114671 0.273968 0.023366 0.000351 0.587644
1 4 0.101367 0.497071 0.040262 0.000535 0.360765
1 4 0.194937 0.427646 0.032231 0.000277 0.344909
4 4 0.260744 0.232762 0.022008 0.000276 0.484210
1 4 0.147928 0.416454 0.035862 0.000470 0.399287
4 4 0.337977 0.266435 0.031462 0.000530 0.363596
0 4 0.654573 0.074499 0.010492 0.000154 0.260282
4 4 0.215816 0.319212 0.022850 0.000175 0.441947
4 4 0.211126 0.080325 0.015428 0.000153 0.692967
1 4 0.051833 0.528992 0.037677 0.000510 0.380988
1 4 0.053563 0.562602 0.040058 0.000524 0.343253
4 4 0.034312 0.145089 0.035965 0.000396 0.784238
4 4 0.234387 0.094232 0.019183 0.000183 0.652014
1 4 0.045781 0.497687 0.044058 0.000997 0.411478
1 4 0.147401 0.422302 0.034329 0.000399 0.395569
1 4 0.034290 0.482946 0.034685 0.000581 0.447498
1 4 0.064029 0.471175 0.040132 0.000736 0.423928
4 4 0.177624 0.347954 0.024216 0.000192 0.450014
0 4 0.660939 0.044305 0.009455 0.000180 0.285121
0 0 0.933380 0.020682 0.008032 0.000424 0.037483
1 1 0.330580 0.449212 0.035885 0.000239 0.184084
4 1 0.014825 0.308291 0.025696 0.000374 0.650813
4 1 0.080206 0.435636 0.034124 0.000485 0.449549
1 1 0.080896 0.647503 0.040279 0.000309 0.231014
4 1 0.022369 0.446484 0.027738 0.000313 0.503096
1 1 0.029090 0.481616 0.031700 0.000375 0.457219
4 1 0.078955 0.315342 0.024920 0.000375 0.580409
1 1 0.317163 0.482315 0.068736 0.001415 0.130370
1 1 0.068568 0.495674 0.047406 0.001056 0.387296
4 1 0.075842 0.379076 0.046604 0.001387 0.497090
4 1 0.078151 0.404244 0.043027 0.001172 0.473405
4 1 0.053502 0.325805 0.039259 0.000773 0.580660
0 1 0.437920 0.276315 0.031607 0.000410 0.253748
4 1 0.128572 0.133307 0.025905 0.000353 0.711863
1 1 0.133703 0.479400 0.056030 0.001386 0.329482
1 1 0.033948 0.454311 0.109275 0.003096 0.399369
1 2 0.009092 0.400759 0.198688 0.001030 0.390431
4 2 0.030297 0.442405 0.035496 0.000798 0.491004
4 2 0.037366 0.460109 0.041327 0.001066 0.460133
1 2 0.069366 0.464298 0.073594 0.004612 0.388130
1 2 0.092800 0.588089 0.047316 0.000605 0.271189
1 2 0.049489 0.473118 0.052151 0.001805 0.423436
1 2 0.056810 0.494025 0.055019 0.001814 0.392332
1 2 0.130072 0.495772 0.066452 0.002169 0.305534
1 2 0.043181 0.604889 0.186116 0.002489 0.163324
4 2 0.109723 0.357751 0.094459 0.002431 0.435636
1 2 0.065204 0.536872 0.053084 0.001261 0.343579
4 2 0.117104 0.351464 0.091357 0.005810 0.434265
1 2 0.015865 0.373743 0.261228 0.003517 0.345648
4 2 0.028182 0.196824 0.044077 0.000808 0.730108
1 2 0.084182 0.571005 0.057629 0.001238 0.285946
1 2 0.029991 0.499996 0.039971 0.000595 0.429447
2 2 0.026535 0.342855 0.370131 0.002788 0.257691
1 2 0.064429 0.581288 0.044126 0.000598 0.309560
1 2 0.034893 0.515315 0.099735 0.001584 0.348474
4 2 0.045598 0.232140 0.105923 0.001971 0.614369
0 2 0.380223 0.359059 0.042713 0.000627 0.217379
1 2 0.083232 0.565412 0.058409 0.001328 0.291619
1 2 0.190141 0.523976 0.124086 0.007379 0.154417
0 2 0.423402 0.356036 0.178441 0.005595 0.036525
1 2 0.076524 0.569612 0.294718 0.004661 0.054485
0 2 0.446449 0.279604 0.173468 0.011306 0.089174
1 2 0.070939 0.558029 0.110676 0.003823 0.256533
1 2 0.133965 0.588545 0.133991 0.004028 0.139471
1 2 0.029469 0.480325 0.231640 0.005663 0.252903
1 2 0.064418 0.623635 0.246503 0.002522 0.062923
2 2 0.014492 0.260573 0.689290 0.011500 0.024145
2 2 0.012253 0.382364 0.516337 0.003246 0.085800
2 2 0.005128 0.119420 0.820637 0.001782 0.053033
1 2 0.036330 0.558720 0.179086 0.002505 0.223359
2 2 0.000061 0.010096 0.977466 0.001940 0.010437
2 2 0.002059 0.082207 0.867939 0.001265 0.046530
2 2 0.004338 0.204224 0.754378 0.001847 0.035213
2 2 0.000753 0.025182 0.960770 0.000651 0.012645
2 2 0.000081 0.019649 0.959216 0.000673 0.020381
2 2 0.035906 0.265295 0.581666 0.003941 0.113191
2 2 0.000421 0.026496 0.965176 0.002933 0.004974
2 2 0.000160 0.014163 0.961967 0.000230 0.023479
2 2 0.000234 0.004909 0.975372 0.000261 0.019224
2 2 0.000572 0.041371 0.931133 0.004416 0.022508
2 2 0.000607 0.008879 0.973928 0.001107 0.015479
2 2 0.000571 0.014964 0.969504 0.001181 0.013780
2 2 0.000149 0.003389 0.986551 0.006680 0.003231
2 2 0.000118 0.004847 0.986152 0.005136 0.003747
2 2 0.000233 0.005989 0.978444 0.001791 0.013544
2 2 0.000047 0.003912 0.989197 0.002492 0.004353
2 2 0.000349 0.016813 0.962693 0.010569 0.009576
2 2 0.000082 0.001960 0.990826 0.006068 0.001063
2 2 0.000263 0.012006 0.967653 0.015001 0.005076
2 2 0.000142 0.003408 0.974664 0.020401 0.001385
2 2 0.000612 0.008091 0.937483 0.051511 0.002303
2 2 0.002390 0.020097 0.843025 0.130661 0.003826
2 2 0.002392 0.024933 0.940593 0.021735 0.010346
2 3 0.000419 0.008761 0.945286 0.041332 0.004203
2 3 0.006865 0.034623 0.688903 0.257919 0.011690
2 3 0.002090 0.017557 0.830535 0.141047 0.008771
2 3 0.003008 0.021206 0.781717 0.180503 0.013566
2 3 0.008548 0.038556 0.646941 0.292052 0.013902
3 3 0.029650 0.065583 0.358008 0.519598 0.027162
3 3 0.033729 0.064575 0.295594 0.564708 0.041393
3 3 0.026271 0.061948 0.380145 0.502816 0.028820
3 3 0.028753 0.061795 0.338286 0.533427 0.037739
3 3 0.052221 0.068257 0.176338 0.643637 0.059548
3 3 0.048352 0.069214 0.202603 0.628543 0.051288
3 3 0.029283 0.063356 0.344214 0.529685 0.033463
3 3 0.063915 0.066621 0.123939 0.669467 0.076058
3 3 0.054778 0.071094 0.177559 0.644702 0.051867
3 3 0.038625 0.071652 0.294222 0.566568 0.028933
3 3 0.063607 0.066805 0.125558 0.668937 0.075094
3 3 0.058245 0.069641 0.155782 0.656258 0.060073
3 3 0.063915 0.066621 0.123939 0.669467 0.076058
3 3 0.063915 0.066621 0.123939 0.669467 0.076058
3 3 0.063915 0.066621 0.123939 0.669467 0.076058
3 3 0.063915 0.066621 0.123939 0.669467 0.076058
3 3 0.063915 0.066621 0.123939 0.669467 0.076058
3 3 0.063915 0.066621 0.123939 0.669467 0.076058
3 3 0.063915 0.066621 0.123939 0.669467 0.076058
3 3 0.063915 0.066621 0.123939 0.669467 0.076058
3 3 0.063915 0.066621 0.123939 0.669467 0.076058
3 3 0.063915 0.066621 0.123939 0.669467 0.076058
3 3 0.061568 0.067967 0.136578 0.664876 0.069011
3 3 0.063915 0.066621 0.123939 0.669467 0.076058
3 3 0.063915 0.066621 0.123939 0.669467 0.076058
3 3 0.063915 0.066621 0.123939 0.669467 0.076058
3 3 0.063915 0.066621 0.123939 0.669467 0.076058
3 3 0.063915 0.066621 0.123939 0.669467 0.076058
3 3 0.063915 0.066621 0.123939 0.669467 0.076058
3 3 0.063915 0.066621 0.123939 0.669467 0.076058
3 3 0.063915 0.066621 0.123939 0.669467 0.076058
3 3 0.063915 0.066621 0.123939 0.669467 0.076058
3 3 0.063915 0.066621 0.123939 0.669467 0.076058
3 3 0.063915 0.066621 0.123939 0.669467 0.076058
3 3 0.063915 0.066621 0.123939 0.669467 0.076058
3 3 0.063915 0.066621 0.123939 0.669467 0.076058
3 3 0.063915 0.066621 0.123939 0.669467 0.076058
3 3 0.063915 0.066621 0.123939 0.669467 0.076058
3 3 0.063915 0.066621 0.123939 0.669467 0.076058
3 3 0.063915 0.066621 0.123939 0.669467 0.076058
3 3 0.063915 0.066621 0.123939 0.669467 0.076058
3 3 0.063915 0.066621 0.123939 0.669467 0.076058
3 3 0.063915 0.066621 0.123939 0.669467 0.076058
3 3 0.063915 0.066621 0.123939 0.669467 0.076058
3 3 0.063915 0.066621 0.123939 0.669467 0.076058
3 3 0.063915 0.066621 0.123939 0.669467 0.076058
3 3 0.063915 0.066621 0.123939 0.669467 0.076058
3 3 0.063915 0.066621 0.123939 0.669467 0.076058
3 3 0.063915 0.066621 0.123939 0.669467 0.076058
3 3 0.063915 0.066621 0.123939 0.669467 0.076058
3 3 0.063915 0.066621 0.123939 0.669467 0.076058
3 3 0.063915 0.066621 0.123939 0.669467 0.076058
3 3 0.063915 0.066621 0.123939 0.669467 0.076058
3 3 0.063915 0.066621 0.123939 0.669467 0.076058
3 3 0.063915 0.066621 0.123939 0.669467 0.076058
3 3 0.170142 0.162637 0.193258 0.353739 0.120225
