0 0 0.800658 0.120369 0.023851 0.000207 0.054915
4 0 0.372553 0.099197 0.064953 0.052902 0.410394
0 0 0.616675 0.065468 0.021356 0.021097 0.275404
0 0 0.705118 0.182741 0.098253 0.001531 0.012357
0 0 0.964152 0.026365 0.004610 0.000497 0.004376
1 0 0.262119 0.352179 0.314813 0.003949 0.066940
0 0 0.750199 0.073306 0.015962 0.004257 0.156276
0 0 0.978430 0.010099 0.001520 0.003060 0.006890
0 0 0.825288 0.083885 0.050897 0.003378 0.036552
0 0 0.852504 0.089416 0.037443 0.002419 0.018217
0 0 0.708665 0.107905 0.027303 0.001930 0.154198
0 0 0.859128 0.077486 0.027080 0.001677 0.034629
0 0 0.755845 0.148464 0.051321 0.001944 0.042425
0 0 0.828409 0.115885 0.052909 0.000370 0.002426
0 0 0.980835 0.013160 0.005221 0.000605 0.000178
0 0 0.986711 0.009056 0.001202 0.000643 0.002388
4 0 0.281769 0.144788 0.097545 0.005642 0.470256
0 0 0.863793 0.097820 0.018077 0.000137 0.020173
2 0 0.061456 0.360241 0.560619 0.000202 0.017482
2 0 0.225141 0.257236 0.456983 0.015200 0.045440
0 0 0.627038 0.204681 0.137736 0.004727 0.025818
0 0 0.948655 0.038087 0.012400 0.000116 0.000743
0 0 0.965936 0.025317 0.007908 0.000152 0.000686
0 0 0.882187 0.080101 0.028334 0.001048 0.008331
0 0 0.935383 0.042938 0.018725 0.000754 0.002200
0 0 0.881994 0.079548 0.035910 0.000347 0.002201
0 0 0.878188 0.090685 0.019524 0.000335 0.011268
0 0 0.968266 0.024746 0.003486 0.000088 0.003415
0 0 0.644457 0.205417 0.065996 0.001612 0.082518
0 0 0.730552 0.184568 0.040542 0.000250 0.044088
0 0 0.767648 0.120101 0.032285 0.002678 0.077289
0 0 0.958784 0.021284 0.003441 0.001790 0.014701
0 0 0.546408 0.178741 0.272426 0.001352 0.001074
0 0 0.936443 0.052953 0.008770 0.000135 0.001699
0 0 0.526307 0.101230 0.038276 0.016151 0.318036
0 0 0.886573 0.054285 0.012168 0.008450 0.038523
0 0 0.834100 0.105550 0.050857 0.001920 0.007574
0 0 0.794825 0.115246 0.078436 0.002017 0.009475
0 0 0.983272 0.010090 0.001405 0.001138 0.004095
0 0 0.951769 0.040720 0.006414 0.000123 0.000975
0 0 0.723667 0.138104 0.048605 0.003765 0.085860
0 0 0.647160 0.068272 0.015870 0.009990 0.258708
0 0 0.933040 0.026723 0.004701 0.003947 0.031589
0 0 0.959754 0.016262 0.003323 0.005648 0.015013
0 0 0.909465 0.046912 0.010795 0.001483 0.031345
0 0 0.414320 0.290894 0.119525 0.001439 0.173823
0 0 0.922189 0.027176 0.004901 0.005719 0.040014
0 0 0.812050 0.085919 0.023706 0.007829 0.070496
0 0 0.872807 0.049879 0.012845 0.004243 0.060226
0 0 0.776606 0.100450 0.096486 0.013988 0.012470
0 0 0.917221 0.043378 0.007775 0.001195 0.030432
0 0 0.932478 0.033995 0.009582 0.002690 0.021255
0 0 0.358871 0.182973 0.104430 0.013485 0.340240
0 0 0.597020 0.133006 0.071094 0.015545 0.183336
0 0 0.918446 0.058028 0.021855 0.000337 0.001334
0 0 0.969629 0.021890 0.003294 0.000248 0.004940
0 0 0.940714 0.032598 0.005517 0.001075 0.020096
0 0 0.898079 0.063422 0.013234 0.000949 0.024316
0 0 0.914337 0.044189 0.013902 0.002739 0.024833
0 0 0.910696 0.047271 0.008797 0.001028 0.032209
0 0 0.921416 0.057561 0.014435 0.000108 0.006480
0 0 0.724084 0.103622 0.022785 0.001551 0.147958
0 0 0.976519 0.015014 0.002303 0.000776 0.005388
0 0 0.600882 0.248949 0.143502 0.000488 0.006179
0 0 0.961169 0.026313 0.010293 0.000235 0.001990
0 0 0.954708 0.018857 0.004764 0.006079 0.015592
0 0 0.979253 0.008414 0.001626 0.005253 0.005453
0 0 0.762695 0.154325 0.080780 0.000279 0.001921
0 0 0.862578 0.086170 0.042585 0.001484 0.007183
0 0 0.914462 0.060183 0.019761 0.000405 0.005190
0 0 0.910876 0.068003 0.015030 0.000108 0.005983
0 0 0.969165 0.020647 0.003589 0.000522 0.006077
0 0 0.885998 0.049311 0.009359 0.002081 0.053251
0 0 0.976804 0.019223 0.002473 0.000035 0.001464
0 0 0.937096 0.041148 0.006857 0.000339 0.014559
0 0 0.975243 0.020222 0.003548 0.000040 0.000946
0 0 0.983716 0.008000 0.001144 0.002572 0.004568
0 0 0.901232 0.032068 0.006005 0.006396 0.054299
0 0 0.994932 0.002892 0.000427 0.001181 0.000567
0 0 0.986370 0.006947 0.000943 0.002199 0.003541
0 0 0.952117 0.018956 0.003438 0.005001 0.020488
0 0 0.988805 0.009780 0.001130 0.000010 0.000275
0 0 0.950901 0.037497 0.006982 0.000492 0.004128
0 0 0.962333 0.021957 0.007400 0.001634 0.006676
0 0 0.995158 0.002714 0.000306 0.001136 0.000686
0 0 0.961903 0.027560 0.004555 0.000210 0.005772
0 0 0.973742 0.011022 0.001993 0.004788 0.008454
0 0 0.962159 0.022744 0.005275 0.001223 0.008598
0 0 0.966941 0.027677 0.004076 0.000127 0.001178
0 0 0.989338 0.002918 0.001588 0.005770 0.000386
0 0 0.991830 0.006452 0.000813 0.000450 0.000455
0 0 0.864780 0.054835 0.010713 0.002362 0.067310
0 0 0.925542 0.059081 0.009112 0.000029 0.006237
0 0 0.519304 0.205176 0.183640 0.028966 0.062913
0 0 0.986677 0.009574 0.001248 0.000389 0.002112
0 0 0.913243 0.056850 0.023697 0.001859 0.004350
0 0 0.946078 0.040002 0.006198 0.000111 0.007610
0 0 0.946338 0.043705 0.006318 0.000023 0.003616
0 0 0.980596 0.016452 0.002013 0.000022 0.000918
0 0 0.936759 0.040838 0.006780 0.000371 0.015253
0 0 0.991884 0.007192 0.000733 0.000009 0.000182
0 0 0.691311 0.162835 0.060959 0.003016 0.081879
0 0 0.642046 0.169352 0.082641 0.003122 0.102838
0 0 0.853593 0.098526 0.041075 0.000139 0.006667
0 0 0.573350 0.298097 0.097585 0.000726 0.030242
0 0 0.393776 0.307005 0.291862 0.000520 0.006836
0 0 0.824970 0.109277 0.061511 0.001087 0.003154
0 0 0.323103 0.183630 0.132874 0.061475 0.298917
0 0 0.918125 0.037045 0.007431 0.002526 0.034873
0 0 0.898625 0.074636 0.020851 0.000528 0.005359
0 0 0.486214 0.224724 0.140388 0.008342 0.140333
0 0 0.879737 0.082951 0.031740 0.000164 0.005408
0 0 0.662023 0.123730 0.090304 0.024866 0.099077
0 0 0.424214 0.266342 0.175215 0.000512 0.133717
0 0 0.557370 0.221565 0.213349 0.000915 0.006801
0 0 0.846332 0.124030 0.023115 0.000065 0.006458
0 0 0.448896 0.138182 0.064400 0.004598 0.343923
0 0 0.964331 0.023539 0.011906 0.000032 0.000192
2 0 0.224450 0.336626 0.423552 0.001181 0.014191
0 0 0.776970 0.105478 0.117041 0.000026 0.000485
0 0 0.918260 0.041703 0.007446 0.001266 0.031324
0 0 0.650080 0.284330 0.062622 0.000000 0.002967
0 0 0.518430 0.209168 0.270991 0.000151 0.001260
0 0 0.901345 0.045733 0.008459 0.001725 0.042739
0 0 0.900296 0.062750 0.035554 0.000076 0.001324
0 0 0.935043 0.044765 0.015456 0.000428 0.004309
0 0 0.888703 0.077474 0.031196 0.000102 0.002526
0 0 0.979668 0.017596 0.002154 0.000018 0.000565
0 0 0.644410 0.270177 0.064088 0.000010 0.021316
0 0 0.837286 0.114739 0.033417 0.000287 0.014271
0 0 0.488519 0.357677 0.148724 0.000016 0.005064
0 0 0.943982 0.043198 0.006887 0.000063 0.005870
0 0 0.977863 0.016512 0.004727 0.000154 0.000745
0 0 0.601972 0.242360 0.148859 0.000121 0.006689
0 0 0.504714 0.205098 0.289407 0.000047 0.000734
0 0 0.936308 0.049627 0.012165 0.000116 0.001785
1 0 0.315230 0.388456 0.293113 0.000034 0.003169
0 0 0.865125 0.089351 0.038745 0.000061 0.006718
0 0 0.884783 0.075442 0.039208 0.000039 0.000528
0 0 0.934802 0.052295 0.010937 0.000027 0.001940
0 0 0.554928 0.220768 0.052141 0.000205 0.171959
0 0 0.706320 0.179317 0.108883 0.000150 0.005331
0 0 0.718462 0.120738 0.026435 0.000871 0.133495
0 0 0.923533 0.062805 0.010568 0.000009 0.003084
0 0 0.853222 0.101180 0.044474 0.000035 0.001089
0 0 0.940097 0.049922 0.007093 0.000011 0.002877
0 0 0.911162 0.060243 0.026162 0.000619 0.001815
0 0 0.433550 0.328287 0.184024 0.001281 0.052858
0 0 0.801763 0.082465 0.084302 0.004184 0.027286
0 0 0.915110 0.057063 0.009748 0.000209 0.017871
2 0 0.257124 0.206987 0.411874 0.047810 0.076205
0 0 0.898898 0.038814 0.007274 0.003603 0.051411
0 0 0.781755 0.085379 0.073006 0.047800 0.012061
0 0 0.977198 0.020202 0.002259 0.000002 0.000339
0 0 0.922248 0.037769 0.027207 0.005308 0.007468
0 0 0.950152 0.019670 0.003307 0.004578 0.022293
0 0 0.944628 0.018928 0.012064 0.017442 0.006938
0 0 0.979215 0.010702 0.003734 0.003161 0.003188
0 0 0.896733 0.061917 0.037562 0.000809 0.002980
0 0 0.949900 0.026895 0.016209 0.005060 0.001936
0 0 0.994508 0.004424 0.000898 0.000051 0.000119
4 0 0.314584 0.122289 0.148214 0.021594 0.393319
0 0 0.897516 0.030013 0.012919 0.019305 0.040247
0 0 0.499843 0.312021 0.153438 0.001252 0.033446
0 0 0.814962 0.076236 0.031980 0.008040 0.068781
0 0 0.846303 0.107338 0.021429 0.000389 0.024541
0 0 0.802652 0.085357 0.017608 0.001271 0.093113
0 0 0.634510 0.247955 0.061809 0.000588 0.055137
0 0 0.977491 0.012729 0.001866 0.001459 0.006455
0 0 0.807340 0.130856 0.048762 0.001024 0.012018
0 0 0.979040 0.017441 0.002329 0.000091 0.001097
0 0 0.933885 0.047516 0.008373 0.000652 0.009574
0 0 0.725250 0.174947 0.040940 0.000914 0.057949
0 0 0.799191 0.135055 0.053543 0.001685 0.010526
0 0 0.930892 0.047662 0.008828 0.001582 0.011036
0 0 0.406615 0.334297 0.234435 0.001182 0.023470
0 0 0.567953 0.213872 0.214737 0.000568 0.002869
0 0 0.813686 0.108390 0.075222 0.000655 0.002047
0 0 0.898725 0.058566 0.035022 0.001927 0.005760
0 0 0.772183 0.108060 0.118089 0.000134 0.001534
0 0 0.433508 0.175424 0.380432 0.000635 0.010001
0 0 0.973738 0.013538 0.003936 0.003283 0.005505
4 0 0.314846 0.110477 0.032045 0.007905 0.534727
0 0 0.866158 0.095218 0.026987 0.000166 0.011471
0 0 0.979898 0.015170 0.004849 0.000003 0.000080
0 0 0.907660 0.049960 0.038613 0.000264 0.003502
0 0 0.896498 0.044712 0.058578 0.000008 0.000205
0 0 0.700766 0.130139 0.167680 0.000104 0.001310
0 0 0.954191 0.024525 0.019057 0.000531 0.001696
0 0 0.765928 0.120100 0.112249 0.000184 0.001538
0 0 0.946564 0.047122 0.005906 0.000001 0.000406
0 0 0.966034 0.029184 0.004014 0.000005 0.000764
0 0 0.879723 0.053844 0.019315 0.003556 0.043562
2 0 0.307754 0.237568 0.453805 0.000009 0.000865
0 0 0.781087 0.145014 0.072598 0.000003 0.001299
0 0 0.931337 0.048213 0.015445 0.000143 0.004862
0 0 0.926687 0.037123 0.030005 0.004868 0.001316
0 0 0.489722 0.211640 0.107206 0.006021 0.185410
0 0 0.564945 0.316399 0.085207 0.000687 0.032762
0 0 0.509650 0.074253 0.410759 0.005069 0.000268
0 0 0.629178 0.145782 0.059292 0.015684 0.150065
0 0 0.755356 0.138061 0.076873 0.004128 0.025582
0 0 0.516326 0.249358 0.224352 0.006126 0.003838
0 0 0.941443 0.041979 0.007908 0.003104 0.005567
0 0 0.550042 0.313678 0.106738 0.000578 0.028964
0 0 0.946554 0.039941 0.006388 0.000198 0.006919
0 0 0.491403 0.330480 0.152581 0.003629 0.021907
0 0 0.830646 0.115772 0.026576 0.003542 0.023464
0 0 0.812093 0.137703 0.048027 0.000340 0.001837
0 0 0.813343 0.117377 0.065280 0.000630 0.003371
0 0 0.919101 0.040179 0.007182 0.001452 0.032086
0 0 0.982530 0.011514 0.001593 0.000678 0.003686
0 0 0.918537 0.047369 0.019356 0.003074 0.011664
0 0 0.781274 0.135877 0.059584 0.000890 0.022374
4 0 0.102782 0.275402 0.269678 0.000814 0.351323
0 0 0.380263 0.348641 0.226376 0.000301 0.044418
0 0 0.383951 0.287304 0.324338 0.000086 0.004322
0 0 0.828607 0.134764 0.024940 0.000043 0.011645
0 0 0.896989 0.043630 0.058054 0.000172 0.001155
0 0 0.815441 0.149790 0.025178 0.000005 0.009585
0 0 0.523822 0.251422 0.138940 0.001190 0.084626
0 0 0.754837 0.184807 0.044001 0.000039 0.016315
0 0 0.720922 0.172860 0.092862 0.000650 0.012705
0 0 0.459069 0.280090 0.121136 0.001616 0.138089
2 0 0.014254 0.257557 0.722141 0.000019 0.006029
0 0 0.906316 0.068437 0.023476 0.000084 0.001686
0 0 0.608353 0.239786 0.098570 0.001264 0.052027
0 0 0.897695 0.077961 0.023741 0.000018 0.000585
2 0 0.068732 0.375704 0.488448 0.000357 0.066758
1 0 0.236589 0.545230 0.190075 0.000008 0.028099
1 0 0.332483 0.430994 0.179874 0.000060 0.056589
1 0 0.266113 0.362236 0.295835 0.000684 0.075133
0 0 0.644805 0.187134 0.167273 0.000055 0.000733
0 0 0.528636 0.340054 0.126756 0.000004 0.004550
2 0 0.088333 0.318437 0.568790 0.000225 0.024214
0 0 0.759132 0.188127 0.050310 0.000007 0.002424
2 0 0.164700 0.391681 0.436720 0.000021 0.006877
0 0 0.622555 0.233001 0.125889 0.000023 0.018532
2 0 0.061819 0.326877 0.600190 0.000032 0.011080
1 0 0.086831 0.615888 0.274443 0.000006 0.022832
2 1 0.337516 0.277684 0.380908 0.000160 0.003732
1 1 0.112910 0.500348 0.381296 0.000003 0.005443
1 1 0.162857 0.471581 0.342588 0.000102 0.022872
1 1 0.175630 0.465699 0.351269 0.000009 0.007394
1 1 0.075297 0.490071 0.415223 0.000008 0.019401
2 1 0.000320 0.109869 0.885059 0.000012 0.004740
2 2 0.002949 0.098152 0.898006 0.000026 0.000866
2 2 0.000498 0.083650 0.875276 0.000493 0.040083
2 2 0.000325 0.027927 0.969932 0.000119 0.001697
2 2 0.000426 0.022263 0.975332 0.000935 0.001043
2 2 0.022852 0.282278 0.673938 0.000196 0.020736
2 2 0.002815 0.108634 0.859353 0.000971 0.028226
2 2 0.000071 0.019746 0.965968 0.000815 0.013401
2 2 0.000002 0.001041 0.997942 0.000976 0.000039
2 2 0.000166 0.025310 0.968578 0.000755 0.005191
2 2 0.000195 0.020756 0.974818 0.001028 0.003203
2 2 0.000072 0.004062 0.994724 0.001098 0.000044
2 2 0.000037 0.002465 0.995376 0.002032 0.000091
2 2 0.000139 0.007444 0.990757 0.001535 0.000124
2 2 0.000099 0.005575 0.969303 0.024764 0.000259
2 2 0.000633 0.039616 0.946936 0.003680 0.009135
2 3 0.000112 0.013772 0.977530 0.007307 0.001279
2 3 0.000084 0.005712 0.975465 0.017562 0.001178
2 3 0.000010 0.000708 0.998288 0.000990 0.000004
2 3 0.001240 0.008531 0.760671 0.229316 0.000241
2 3 0.000481 0.021346 0.929958 0.046015 0.002201
2 3 0.000107 0.006212 0.769988 0.223394 0.000299
2 3 0.002088 0.022862 0.765339 0.207569 0.002142
2 3 0.021949 0.101662 0.661979 0.194498 0.019912
2 3 0.000131 0.006628 0.768978 0.222981 0.001281
3 3 0.000005 0.000294 0.468730 0.530962 0.000008
2 3 0.000007 0.000380 0.778602 0.221005 0.000005
3 3 0.002004 0.008186 0.432131 0.557587 0.000092
2 3 0.000000 0.000022 0.787749 0.212229 0.000000
2 3 0.000792 0.015042 0.692468 0.288070 0.003627
3 3 0.000002 0.000150 0.338914 0.660933 0.000001
3 3 0.005360 0.018863 0.448375 0.526230 0.001171
2 3 0.008667 0.053683 0.790493 0.142721 0.004435
2 3 0.000060 0.002813 0.808942 0.188138 0.000047
3 3 0.000011 0.000723 0.246764 0.752464 0.000038
3 3 0.000000 0.000051 0.065158 0.934781 0.000009
3 3 0.000002 0.000286 0.319235 0.680468 0.000009
3 3 0.006788 0.019827 0.192561 0.775109 0.005715
2 3 0.040024 0.125685 0.646745 0.175789 0.011757
2 3 0.001611 0.020346 0.500237 0.476530 0.001276
2 3 0.000076 0.001556 0.516191 0.482164 0.000013
2 3 0.000000 0.000113 0.604662 0.395223 0.000002
3 3 0.000484 0.004498 0.393375 0.601421 0.000223
3 3 0.000031 0.001213 0.350356 0.648267 0.000134
3 3 0.000076 0.001917 0.253332 0.744489 0.000186
3 3 0.000013 0.000499 0.225484 0.773998 0.000005
3 3 0.000006 0.000647 0.249878 0.749410 0.000059
2 3 0.000090 0.004238 0.662818 0.332703 0.000151
2 3 0.000149 0.002570 0.555048 0.442121 0.000112
2 3 0.001213 0.007310 0.516334 0.474592 0.000551
3 3 0.001173 0.011034 0.313261 0.674191 0.000341
2 3 0.000009 0.000900 0.752067 0.247002 0.000023
3 3 0.000061 0.001710 0.274179 0.723996 0.000054
3 3 0.000000 0.000090 0.280791 0.719117 0.000001
2 3 0.004126 0.018343 0.613561 0.360306 0.003664
2 3 0.000324 0.008655 0.544393 0.446396 0.000232
3 3 0.000001 0.000180 0.366657 0.633144 0.000018
3 3 0.000104 0.000887 0.111715 0.887254 0.000040
3 3 0.001892 0.008324 0.187797 0.800741 0.001246
3 3 0.000220 0.008739 0.367391 0.623474 0.000175
3 3 0.000095 0.002043 0.310091 0.687613 0.000159
3 3 0.000958 0.004514 0.155311 0.838859 0.000358
3 3 0.006186 0.013749 0.127576 0.850707 0.001782
3 3 0.000024 0.000530 0.127571 0.871857 0.000018
3 3 0.000004 0.000286 0.270636 0.729070 0.000004
3 3 0.000439 0.001230 0.035459 0.962674 0.000197
3 3 0.000011 0.000604 0.157454 0.841887 0.000044
3 3 0.001028 0.011727 0.298969 0.687979 0.000296
3 3 0.000007 0.000867 0.311010 0.688102 0.000015
3 3 0.001165 0.004684 0.133003 0.861054 0.000094
2 3 0.004843 0.022211 0.540162 0.432309 0.000474
3 3 0.000018 0.000471 0.195811 0.803699 0.000001
2 3 0.003123 0.040667 0.566805 0.385270 0.004135
3 3 0.000046 0.000131 0.006630 0.993186 0.000007
2 3 0.006370 0.047212 0.506230 0.439090 0.001099
3 3 0.000033 0.000353 0.085717 0.913890 0.000007
3 3 0.000043 0.000771 0.163972 0.835177 0.000037
3 3 0.004031 0.019998 0.238794 0.730582 0.006595
3 3 0.000030 0.001661 0.298669 0.699552 0.000088
3 3 0.000162 0.002782 0.292904 0.704066 0.000086
2 3 0.004004 0.041421 0.652033 0.301811 0.000731
3 3 0.000000 0.000006 0.015308 0.984685 0.000000
3 3 0.000503 0.004323 0.098215 0.896626 0.000334
3 3 0.000011 0.000291 0.143679 0.855998 0.000022
3 3 0.000362 0.002196 0.104839 0.892358 0.000245
3 3 0.000138 0.001875 0.230539 0.767359 0.000089
3 3 0.000035 0.000708 0.160201 0.839003 0.000052
2 3 0.000019 0.002221 0.504603 0.493136 0.000021
3 3 0.000012 0.000730 0.152582 0.846632 0.000044
3 3 0.000025 0.000803 0.126883 0.872246 0.000043
3 3 0.000002 0.000249 0.212962 0.786780 0.000007
3 3 0.000330 0.004501 0.290759 0.704009 0.000400
3 3 0.000001 0.000037 0.052138 0.947823 0.000002
3 3 0.004773 0.026350 0.246659 0.717899 0.004318
3 3 0.001874 0.005988 0.092449 0.899192 0.000496
3 3 0.001514 0.012404 0.284183 0.699971 0.001928
2 3 0.000033 0.001629 0.666711 0.331509 0.000118
2 3 0.001282 0.019657 0.573475 0.404997 0.000590
3 3 0.000026 0.000722 0.082509 0.916705 0.000037
3 3 0.000100 0.002174 0.420498 0.577200 0.000028
3 3 0.000069 0.001281 0.179635 0.818961 0.000054
3 3 0.000039 0.001493 0.211279 0.787107 0.000082
3 3 0.000100 0.001542 0.127496 0.870825 0.000038
3 3 0.000028 0.000475 0.052026 0.947335 0.000135
3 3 0.000156 0.001272 0.097058 0.901456 0.000059
3 3 0.000304 0.008746 0.241647 0.748634 0.000668
3 3 0.000071 0.000834 0.191170 0.807910 0.000015
2 3 0.003693 0.041771 0.565708 0.386543 0.002284
3 3 0.000121 0.001551 0.097610 0.900527 0.000191
3 3 0.000300 0.003684 0.445848 0.550039 0.000129
3 3 0.000494 0.000769 0.028692 0.970025 0.000019
3 3 0.000063 0.001624 0.226663 0.771450 0.000200
3 3 0.000016 0.000924 0.335984 0.663018 0.000059
3 3 0.012536 0.020547 0.280093 0.685935 0.000890
2 2 0.286691 0.260108 0.449551 0.002808 0.000842
2 2 0.010881 0.080014 0.658923 0.236149 0.014033
2 2 0.000719 0.025729 0.944912 0.027027 0.001613
2 2 0.000837 0.028299 0.968778 0.001260 0.000826
2 2 0.000049 0.001977 0.886386 0.111550 0.000038
2 2 0.000831 0.013252 0.974812 0.010735 0.000370
2 2 0.000002 0.000232 0.942824 0.056936 0.000006
2 2 0.000010 0.002116 0.991948 0.005883 0.000043
2 2 0.000402 0.004922 0.819370 0.174892 0.000414
2 2 0.000019 0.001031 0.706637 0.292140 0.000173
2 2 0.004946 0.049400 0.820974 0.089236 0.035444
2 2 0.000043 0.013576 0.973089 0.000892 0.012401
2 2 0.000000 0.000125 0.992242 0.007620 0.000013
2 2 0.000091 0.013011 0.784713 0.188075 0.014110
2 2 0.000374 0.032460 0.901306 0.011097 0.054763
2 2 0.000047 0.009364 0.982214 0.005451 0.002924
2 2 0.000232 0.020961 0.975716 0.000474 0.002617
2 2 0.002389 0.043930 0.948239 0.003344 0.002098
2 2 0.000189 0.011789 0.980957 0.006862 0.000204
2 2 0.001283 0.032006 0.962250 0.003708 0.000753
2 2 0.000940 0.035933 0.952771 0.004866 0.005492
2 2 0.000001 0.000168 0.988188 0.011643 0.000001
2 2 0.000003 0.001767 0.958496 0.039487 0.000246
2 2 0.000921 0.042070 0.923159 0.008299 0.025552
2 2 0.000107 0.009776 0.969744 0.017598 0.002775
2 2 0.000485 0.067066 0.905086 0.000916 0.026447
4 2 0.030994 0.159322 0.110035 0.004721 0.694928
2 2 0.000388 0.045180 0.884132 0.007864 0.062436
2 2 0.006334 0.173431 0.495831 0.005101 0.319304
2 2 0.005321 0.127821 0.454799 0.001283 0.410776
2 2 0.000060 0.018722 0.959088 0.013164 0.008966
2 2 0.011378 0.244080 0.633158 0.004952 0.106433
4 2 0.012090 0.150729 0.348155 0.005691 0.483335
2 2 0.011726 0.178928 0.483717 0.007009 0.318620
2 2 0.000717 0.058632 0.887195 0.018514 0.034943
2 2 0.000883 0.056356 0.829990 0.007429 0.105343
4 2 0.033588 0.253335 0.147037 0.000792 0.565248
2 2 0.000092 0.014183 0.917050 0.065291 0.003384
2 2 0.006690 0.101846 0.726927 0.021669 0.142868
2 2 0.005006 0.147012 0.539027 0.002908 0.306048
2 2 0.001923 0.101906 0.696833 0.006480 0.192858
2 2 0.000447 0.032942 0.935494 0.007920 0.023198
2 2 0.000710 0.068768 0.874339 0.004185 0.051998
2 2 0.000671 0.050083 0.945357 0.000340 0.003549
2 2 0.000070 0.017680 0.969147 0.002194 0.010909
2 2 0.000053 0.008044 0.976962 0.004574 0.010367
2 2 0.000121 0.004727 0.960901 0.033756 0.000495
2 2 0.022906 0.317999 0.450629 0.000089 0.208378
2 2 0.000962 0.060279 0.919437 0.001393 0.017928
2 2 0.001449 0.036809 0.959851 0.000549 0.001341
2 2 0.002165 0.045238 0.949270 0.000781 0.002546
2 2 0.001011 0.051004 0.946514 0.000022 0.001450
2 2 0.000595 0.014695 0.982612 0.001403 0.000695
2 2 0.000331 0.029559 0.962116 0.002041 0.005953
2 2 0.001201 0.023102 0.971309 0.002843 0.001545
2 2 0.000027 0.007122 0.964834 0.027009 0.001008
2 2 0.000049 0.006780 0.988992 0.003671 0.000508
2 2 0.001563 0.063475 0.925500 0.001607 0.007856
2 2 0.000001 0.000182 0.997695 0.002117 0.000006
2 2 0.000585 0.011957 0.973334 0.013834 0.000290
2 2 0.000702 0.013248 0.982751 0.002973 0.000326
2 2 0.000001 0.000160 0.923674 0.076163 0.000002
2 2 0.000360 0.025261 0.967037 0.003414 0.003928
2 2 0.000001 0.000116 0.989374 0.010509 0.000001
2 2 0.002852 0.026073 0.963048 0.007531 0.000496
2 2 0.000127 0.001466 0.920547 0.077852 0.000008
2 2 0.000956 0.015708 0.980886 0.001926 0.000524
2 2 0.000035 0.000900 0.981278 0.017781 0.000006
2 2 0.013475 0.025110 0.797980 0.162493 0.000942
2 2 0.000223 0.011196 0.982762 0.004257 0.001562
2 2 0.000010 0.000661 0.950779 0.048536 0.000014
2 2 0.000228 0.007132 0.974320 0.018211 0.000108
2 2 0.000316 0.006911 0.983610 0.008943 0.000220
2 2 0.000001 0.000136 0.991530 0.008331 0.000002
2 2 0.000025 0.001125 0.963325 0.035521 0.000004
2 2 0.000000 0.000067 0.985633 0.014299 0.000000
2 2 0.001464 0.019507 0.862526 0.115880 0.000622
2 2 0.000051 0.001612 0.964002 0.034305 0.000030
2 2 0.000785 0.006434 0.905405 0.087247 0.000129
2 2 0.000002 0.000224 0.988380 0.011393 0.000001
2 2 0.000170 0.005644 0.945527 0.048587 0.000072
2 2 0.000086 0.002403 0.942159 0.055312 0.000041
2 2 0.000003 0.000476 0.900957 0.098561 0.000004
2 2 0.000216 0.002378 0.917365 0.080022 0.000019
2 2 0.000002 0.000226 0.938423 0.061347 0.000001
2 2 0.001010 0.008691 0.968962 0.021105 0.000232
2 2 0.000005 0.000574 0.658736 0.340674 0.000011
2 2 0.001025 0.010496 0.915292 0.073032 0.000156
2 2 0.002636 0.020266 0.926222 0.050503 0.000374
2 2 0.000000 0.000071 0.805289 0.194639 0.000000
2 2 0.002512 0.017032 0.683441 0.296664 0.000351
2 2 0.000618 0.003707 0.591822 0.403737 0.000117
2 2 0.000467 0.009171 0.722566 0.266620 0.001176
2 3 0.000033 0.001606 0.906213 0.092111 0.000035
2 3 0.000258 0.005484 0.813220 0.180818 0.000219
3 3 0.004500 0.021671 0.272587 0.696617 0.004624
2 3 0.001286 0.013220 0.726333 0.258581 0.000579
2 3 0.000000 0.000016 0.527628 0.472356 0.000000
2 3 0.000016 0.000672 0.941605 0.057694 0.000013
2 3 0.000000 0.000020 0.721713 0.278267 0.000000
2 3 0.005811 0.016786 0.512877 0.463616 0.000910
3 3 0.000138 0.001723 0.398888 0.599175 0.000076
2 3 0.000272 0.004728 0.739517 0.255279 0.000204
3 3 0.011956 0.020471 0.424925 0.540314 0.002334
2 3 0.000001 0.000136 0.614539 0.385323 0.000001
2 3 0.000691 0.018395 0.825356 0.150801 0.004757
2 3 0.020669 0.060724 0.721406 0.194022 0.003179
2 2 0.025803 0.054524 0.706346 0.212955 0.000373
2 2 0.011015 0.117915 0.860390 0.009096 0.001585
2 2 0.016694 0.095748 0.885507 0.001273 0.000777
2 2 0.000571 0.017807 0.879823 0.094992 0.006807
2 2 0.007185 0.072845 0.916243 0.002211 0.001516
2 2 0.000058 0.001185 0.984705 0.014046 0.000007
2 2 0.000162 0.006775 0.987455 0.005469 0.000139
2 2 0.011527 0.104046 0.882779 0.000651 0.000997
2 2 0.015443 0.064084 0.906206 0.010703 0.003564
2 2 0.006065 0.052213 0.939147 0.001131 0.001443
2 2 0.003490 0.047667 0.947629 0.000829 0.000385
2 2 0.008745 0.116338 0.778071 0.043116 0.053731
2 2 0.000004 0.000918 0.997855 0.001199 0.000024
2 2 0.000176 0.013559 0.985403 0.000530 0.000332
2 2 0.002368 0.135544 0.808602 0.003232 0.050254
2 2 0.000100 0.007301 0.980078 0.012366 0.000155
2 2 0.010765 0.205798 0.714168 0.003155 0.066114
2 2 0.005644 0.022367 0.969584 0.002255 0.000149
2 2 0.176133 0.203286 0.613285 0.001429 0.005866
2 2 0.086562 0.235742 0.672530 0.000072 0.005093
2 2 0.000042 0.002423 0.996743 0.000773 0.000019
2 2 0.000000 0.000091 0.997672 0.002233 0.000003
2 2 0.000468 0.013062 0.981921 0.004351 0.000199
2 2 0.002596 0.105521 0.888265 0.000390 0.003228
2 2 0.007523 0.031301 0.944040 0.016953 0.000184
2 2 0.003426 0.163831 0.828083 0.000020 0.004641
2 2 0.003297 0.034400 0.951344 0.008833 0.002126
2 2 0.000266 0.028525 0.968534 0.000764 0.001911
2 2 0.000012 0.001701 0.996237 0.002019 0.000030
2 2 0.000001 0.000156 0.998270 0.001572 0.000000
2 2 0.000873 0.012880 0.979690 0.006323 0.000234
2 2 0.000001 0.001006 0.987759 0.011212 0.000022
2 2 0.000300 0.009820 0.970653 0.018863 0.000363
2 2 0.000446 0.019544 0.975525 0.003217 0.001268
2 2 0.000000 0.000039 0.999376 0.000585 0.000000
2 2 0.000002 0.001101 0.997225 0.001638 0.000034
2 2 0.000313 0.036398 0.953629 0.004207 0.005453
2 2 0.000005 0.000990 0.967223 0.031770 0.000012
2 2 0.000003 0.001469 0.997161 0.001310 0.000057
2 2 0.001155 0.019895 0.970615 0.007715 0.000619
2 2 0.192728 0.218208 0.557022 0.006760 0.025283
2 2 0.021801 0.269103 0.689574 0.000053 0.019467
2 2 0.001427 0.026016 0.970891 0.000561 0.001105
2 2 0.005605 0.074096 0.848948 0.015380 0.055971
2 2 0.000005 0.000189 0.980237 0.019568 0.000001
2 2 0.000314 0.014108 0.976205 0.008486 0.000888
2 2 0.009219 0.068303 0.843330 0.064572 0.014576
2 2 0.000326 0.019840 0.969404 0.008172 0.002258
2 2 0.000091 0.003438 0.995243 0.001133 0.000096
2 2 0.000267 0.028174 0.962758 0.001602 0.007198
2 2 0.001071 0.016780 0.969224 0.012463 0.000462
2 2 0.000000 0.000045 0.986706 0.013249 0.000000
2 2 0.000681 0.044501 0.946365 0.003946 0.004508
2 2 0.000000 0.000027 0.892473 0.107499 0.000001
2 2 0.000064 0.003965 0.972989 0.022797 0.000186
2 2 0.000111 0.007789 0.989801 0.001238 0.001062
2 2 0.000000 0.000002 0.998862 0.001136 0.000000
2 2 0.000032 0.001038 0.948611 0.050269 0.000051
2 2 0.000044 0.005796 0.982880 0.009692 0.001588
2 2 0.000118 0.005633 0.963636 0.028728 0.001885
2 2 0.000000 0.000082 0.995047 0.004868 0.000003
2 2 0.006152 0.133729 0.556950 0.012454 0.290714
2 2 0.008224 0.179655 0.807025 0.000106 0.004989
2 2 0.000940 0.055698 0.899498 0.000344 0.043520
2 2 0.001460 0.024140 0.958004 0.009618 0.006777
1 2 0.153314 0.310583 0.238722 0.008483 0.288898
2 2 0.000200 0.027696 0.946150 0.001647 0.024307
2 2 0.003243 0.117255 0.816804 0.001611 0.061087
2 2 0.000629 0.082109 0.797185 0.001029 0.119048
2 2 0.061958 0.241509 0.347809 0.008701 0.340023
2 4 0.007640 0.188542 0.483272 0.001107 0.319439
4 4 0.019870 0.299868 0.323201 0.000844 0.356217
4 4 0.015449 0.264413 0.237844 0.000377 0.481916
4 4 0.006708 0.198265 0.237060 0.001106 0.556861
2 4 0.008766 0.148107 0.430757 0.025348 0.387022
4 4 0.006044 0.130838 0.421182 0.008292 0.433644
4 4 0.047617 0.283165 0.146286 0.000472 0.522459
4 4 0.010493 0.167339 0.197669 0.000311 0.624188
0 4 0.443908 0.137378 0.037501 0.005148 0.376063
4 4 0.049099 0.124373 0.055024 0.000966 0.770537
2 4 0.141155 0.339138 0.413349 0.004509 0.101849
2 4 0.050995 0.205363 0.661787 0.002071 0.079785
2 4 0.003541 0.134530 0.431156 0.001820 0.428953
4 4 0.009730 0.120278 0.132056 0.001005 0.736930
4 4 0.102929 0.249300 0.215294 0.010592 0.421885
4 4 0.115653 0.237862 0.092716 0.003144 0.550624
4 4 0.032001 0.157055 0.335824 0.018412 0.456707
4 4 0.205504 0.254675 0.084525 0.001334 0.453963
4 4 0.021370 0.244204 0.166003 0.000350 0.568072
4 4 0.037780 0.240593 0.134481 0.006596 0.580550
2 4 0.003725 0.184786 0.618387 0.000320 0.192782
4 4 0.129083 0.148320 0.055176 0.008793 0.658628
4 4 0.063177 0.049641 0.019330 0.005384 0.862467
4 4 0.045396 0.138973 0.063221 0.000604 0.751806
4 4 0.154503 0.336631 0.102974 0.000043 0.405850
4 4 0.112156 0.099785 0.032831 0.001853 0.753375
4 4 0.076993 0.239622 0.096187 0.001061 0.586137
4 4 0.173686 0.158036 0.052625 0.003154 0.612499
4 4 0.148684 0.147778 0.047329 0.001046 0.655163
4 4 0.058304 0.276028 0.129460 0.003798 0.532410
4 4 0.059127 0.157857 0.059833 0.000184 0.723000
1 4 0.234493 0.400410 0.283644 0.000520 0.080932
4 4 0.098881 0.242407 0.171251 0.001633 0.485829
4 4 0.071975 0.337764 0.156130 0.002073 0.432058
4 4 0.095933 0.278584 0.139329 0.000843 0.485310
4 4 0.050069 0.260179 0.301530 0.006938 0.381284
4 4 0.011411 0.213359 0.266477 0.000916 0.507836
2 4 0.001184 0.104779 0.790116 0.004255 0.099666
2 4 0.004416 0.139121 0.712317 0.002461 0.141684
4 4 0.025593 0.127567 0.131055 0.002383 0.713403
0 4 0.407523 0.169401 0.047877 0.003655 0.371544
4 4 0.030218 0.267950 0.187643 0.001093 0.513096
4 4 0.068073 0.284075 0.151310 0.000719 0.495823
4 4 0.093701 0.297963 0.144746 0.003361 0.460229
2 2 0.006482 0.192254 0.524213 0.000155 0.276895
2 2 0.023238 0.206551 0.492465 0.003752 0.273994
4 2 0.064480 0.281218 0.149204 0.000493 0.504605
4 2 0.005121 0.157403 0.341431 0.000941 0.495103
2 2 0.005145 0.126997 0.567668 0.007326 0.292865
4 2 0.026167 0.218152 0.183260 0.000863 0.571557
2 2 0.003280 0.109064 0.803488 0.006740 0.077428
2 2 0.008858 0.184335 0.639190 0.034776 0.132840
2 2 0.000412 0.049664 0.912320 0.009472 0.028132
2 2 0.000519 0.068484 0.861140 0.007332 0.062524
2 2 0.007355 0.100829 0.799020 0.011246 0.081550
2 2 0.000066 0.016862 0.968607 0.001176 0.013289
2 2 0.000030 0.009574 0.982648 0.003645 0.004104
2 2 0.001948 0.071282 0.810487 0.002519 0.113765
2 2 0.000009 0.006431 0.989162 0.000204 0.004193
2 2 0.000004 0.003595 0.989277 0.002432 0.004692
2 2 0.000987 0.071729 0.876103 0.003356 0.047824
2 2 0.000221 0.019062 0.937723 0.006311 0.036684
2 2 0.000027 0.007569 0.979257 0.011298 0.001850
2 2 0.009332 0.183920 0.570503 0.010317 0.225928
2 2 0.004110 0.115328 0.581321 0.002891 0.296350
2 2 0.004278 0.090211 0.656310 0.000223 0.248979
2 2 0.000794 0.080186 0.795465 0.002253 0.121302
2 2 0.000091 0.021092 0.933795 0.004057 0.040965
2 2 0.000985 0.055049 0.785236 0.004189 0.154541
2 2 0.027374 0.188226 0.596817 0.000419 0.187164
2 2 0.000853 0.063999 0.862167 0.004943 0.068038
2 2 0.000172 0.012603 0.977404 0.005247 0.004574
2 2 0.000010 0.005768 0.985204 0.002521 0.006497
2 2 0.000617 0.037563 0.888013 0.017057 0.056750
2 2 0.000282 0.009520 0.952600 0.035752 0.001846
2 2 0.000096 0.006561 0.978611 0.013085 0.001647
2 2 0.001297 0.076722 0.808261 0.003651 0.110069
2 2 0.001162 0.014969 0.971493 0.010235 0.002140
2 2 0.000011 0.001901 0.976989 0.020958 0.000142
2 2 0.000451 0.039130 0.928474 0.019554 0.012391
2 2 0.000428 0.019288 0.796168 0.150295 0.033821
2 2 0.000191 0.017780 0.962249 0.008993 0.010788
2 2 0.001623 0.005849 0.974523 0.017724 0.000281
2 2 0.000000 0.000110 0.993844 0.006039 0.000006
2 2 0.000043 0.005438 0.993014 0.000610 0.000895
2 2 0.000189 0.014115 0.975766 0.004631 0.005299
2 2 0.002969 0.151412 0.687177 0.011504 0.146937
2 2 0.000501 0.041261 0.928494 0.007672 0.022072
2 2 0.000132 0.011000 0.878200 0.105000 0.005668
2 2 0.009423 0.053340 0.906229 0.019642 0.011366
2 2 0.000000 0.000075 0.982562 0.017363 0.000001
2 2 0.000163 0.003666 0.931036 0.064945 0.000190
2 2 0.000192 0.019884 0.931766 0.038873 0.009286
2 2 0.003182 0.031902 0.700316 0.260587 0.004013
2 2 0.003238 0.079658 0.730105 0.022968 0.164032
2 2 0.000008 0.000583 0.915823 0.083579 0.000008
2 2 0.000061 0.002022 0.900158 0.097683 0.000076
2 2 0.000144 0.011705 0.751972 0.225201 0.010978
2 2 0.001092 0.016746 0.884119 0.095730 0.002312
2 3 0.000909 0.016116 0.633310 0.344627 0.005038
2 3 0.000921 0.026019 0.652924 0.308114 0.012021
3 3 0.000117 0.001730 0.313418 0.684553 0.000182
3 3 0.000344 0.014674 0.379286 0.597135 0.008561
2 3 0.001056 0.006073 0.659224 0.333482 0.000166
3 3 0.000363 0.007507 0.394494 0.596779 0.000857
2 3 0.000168 0.004072 0.676566 0.318806 0.000388
3 3 0.000079 0.000944 0.372477 0.626483 0.000017
3 3 0.000207 0.003526 0.115137 0.879830 0.001300
2 3 0.005390 0.026463 0.623726 0.337066 0.007356
3 3 0.000181 0.005948 0.308494 0.684400 0.000978
3 3 0.003789 0.017481 0.276978 0.700617 0.001135
3 3 0.001307 0.012640 0.334478 0.646765 0.004812
3 3 0.000087 0.000499 0.296282 0.703113 0.000019
3 3 0.000010 0.000357 0.176187 0.823414 0.000031
2 3 0.000004 0.000663 0.651305 0.348022 0.000006
2 3 0.001747 0.027046 0.892285 0.077985 0.000938
2 3 0.000548 0.032443 0.954299 0.002604 0.010107
2 3 0.000241 0.004108 0.823168 0.172468 0.000015
2 3 0.000527 0.016257 0.971958 0.010846 0.000412
2 3 0.000290 0.004154 0.500825 0.494510 0.000221
2 3 0.002572 0.048151 0.885016 0.056608 0.007652
2 3 0.001465 0.024785 0.931661 0.040536 0.001553
2 3 0.000017 0.001222 0.942293 0.056459 0.000009
2 3 0.000055 0.002988 0.643802 0.353033 0.000122
2 3 0.003668 0.036101 0.885462 0.072365 0.002403
2 3 0.000000 0.000049 0.875211 0.124740 0.000000
3 3 0.000059 0.001846 0.497648 0.500296 0.000151
2 3 0.000097 0.004131 0.852925 0.142677 0.000170
2 3 0.000480 0.012961 0.768546 0.217205 0.000808
2 3 0.006257 0.059573 0.891645 0.040812 0.001713
2 2 0.008988 0.132865 0.795137 0.053267 0.009744
2 2 0.000315 0.005488 0.974811 0.019119 0.000267
2 2 0.005500 0.085990 0.846700 0.049391 0.012420
2 2 0.024521 0.142583 0.818399 0.007008 0.007489
2 2 0.000999 0.017064 0.961982 0.019804 0.000152
2 2 0.002627 0.016563 0.976734 0.003863 0.000213
2 2 0.000002 0.000411 0.987654 0.011932 0.000001
2 2 0.001371 0.014385 0.983508 0.000598 0.000138
2 2 0.000166 0.024643 0.973681 0.000077 0.001434
2 2 0.002728 0.018308 0.973967 0.004832 0.000165
2 2 0.003662 0.032742 0.961800 0.000714 0.001083
2 2 0.004111 0.053136 0.932206 0.008458 0.002088
2 2 0.000006 0.003116 0.996646 0.000173 0.000060
2 2 0.002762 0.050144 0.941639 0.002987 0.002470
2 2 0.000847 0.035829 0.962004 0.000621 0.000699
2 2 0.000234 0.010027 0.986296 0.003105 0.000338
2 2 0.000004 0.001283 0.989057 0.009640 0.000016
2 2 0.000005 0.000467 0.966480 0.033040 0.000008
2 2 0.003620 0.072810 0.858001 0.047222 0.018346
2 2 0.000010 0.001119 0.981116 0.017749 0.000007
2 2 0.000014 0.001961 0.987962 0.010028 0.000036
2 2 0.000079 0.007256 0.971965 0.020612 0.000088
2 2 0.000053 0.001292 0.975280 0.023373 0.000002
2 2 0.000000 0.000036 0.993263 0.006701 0.000000
2 2 0.000003 0.000323 0.923334 0.076337 0.000003
2 2 0.000275 0.007509 0.968714 0.023421 0.000082
2 2 0.008502 0.050008 0.936906 0.003856 0.000729
2 2 0.000454 0.009578 0.884278 0.105304 0.000386
2 2 0.000376 0.008764 0.967030 0.023730 0.000099
2 2 0.000161 0.005663 0.992494 0.001648 0.000034
2 2 0.008907 0.053967 0.918498 0.017465 0.001163
2 2 0.001020 0.026994 0.732121 0.238414 0.001451
2 2 0.000000 0.000024 0.915968 0.084008 0.000000
2 2 0.000096 0.004494 0.953073 0.042307 0.000031
2 2 0.000000 0.000036 0.698769 0.301194 0.000000
2 2 0.004565 0.033696 0.860032 0.099678 0.002029
2 2 0.005436 0.047007 0.794371 0.148647 0.004539
2 2 0.003390 0.015781 0.769915 0.210447 0.000466
2 2 0.000047 0.000950 0.946830 0.052169 0.000004
2 2 0.000000 0.000221 0.989552 0.010222 0.000004
2 2 0.005329 0.027381 0.908810 0.058115 0.000364
2 2 0.000129 0.005119 0.923006 0.071595 0.000152
2 2 0.000081 0.001230 0.967436 0.031250 0.000003
2 2 0.000010 0.001822 0.995244 0.002911 0.000013
2 2 0.000021 0.003045 0.949954 0.046957 0.000023
2 2 0.000045 0.003361 0.955564 0.040857 0.000174
2 2 0.000089 0.001673 0.931849 0.066380 0.000009
2 2 0.106602 0.205016 0.668037 0.016906 0.003439
2 2 0.015274 0.066319 0.911571 0.005256 0.001580
2 2 0.182591 0.179586 0.627489 0.002110 0.008224
2 2 0.011899 0.116981 0.863469 0.000555 0.007097
2 2 0.000057 0.002406 0.942644 0.054843 0.000050
2 2 0.000052 0.001756 0.977479 0.020706 0.000006
2 2 0.000351 0.003787 0.960716 0.035076 0.000070
2 2 0.016966 0.073864 0.895944 0.008571 0.004654
2 2 0.002162 0.032546 0.962404 0.001554 0.001333
2 2 0.000023 0.001756 0.807650 0.190560 0.000012
2 2 0.000528 0.012610 0.985148 0.001614 0.000100
2 2 0.000012 0.001664 0.976127 0.022180 0.000017
2 2 0.000366 0.018555 0.911353 0.065919 0.003807
2 2 0.012467 0.102572 0.878627 0.000723 0.005611
2 2 0.001139 0.030306 0.958065 0.003539 0.006950
2 2 0.000355 0.031816 0.965966 0.000872 0.000992
2 2 0.000286 0.007509 0.981602 0.010345 0.000258
2 2 0.000957 0.016957 0.981618 0.000340 0.000128
2 2 0.000486 0.013147 0.979098 0.006889 0.000380
2 2 0.000083 0.016861 0.982074 0.000447 0.000534
2 2 0.000018 0.005532 0.992928 0.001312 0.000209
2 2 0.000029 0.001173 0.994302 0.004494 0.000002
2 2 0.000089 0.013927 0.983714 0.000633 0.001637
2 2 0.000005 0.000937 0.994635 0.004418 0.000005
2 2 0.002143 0.092478 0.895525 0.001825 0.008029
2 2 0.000555 0.015950 0.962498 0.020620 0.000377
2 2 0.000156 0.011721 0.971003 0.016529 0.000591
2 2 0.000045 0.005295 0.983074 0.011470 0.000117
2 2 0.007273 0.035663 0.916097 0.040731 0.000236
2 2 0.000226 0.017384 0.979761 0.001432 0.001197
2 2 0.028167 0.164841 0.795548 0.005352 0.006092
2 2 0.041510 0.177264 0.770843 0.002419 0.007963
2 2 0.000000 0.000142 0.953044 0.046812 0.000002
2 2 0.000000 0.000378 0.987861 0.011716 0.000045
2 2 0.000090 0.004723 0.990789 0.004307 0.000092
2 2 0.000439 0.019579 0.972301 0.007039 0.000642
2 2 0.000004 0.002510 0.996199 0.001099 0.000188
2 2 0.000049 0.002706 0.983745 0.013469 0.000032
2 2 0.000613 0.014564 0.971584 0.013012 0.000226
2 2 0.004394 0.046475 0.942744 0.003882 0.002506
2 2 0.002461 0.023925 0.968555 0.004086 0.000973
2 2 0.000000 0.000224 0.991555 0.008206 0.000014
2 2 0.003472 0.025589 0.966555 0.004040 0.000344
2 2 0.102676 0.135305 0.759779 0.000580 0.001661
2 2 0.309468 0.197605 0.491073 0.000029 0.001826
2 2 0.000603 0.019747 0.978752 0.000759 0.000139
2 2 0.000384 0.014295 0.955821 0.027902 0.001598
2 2 0.000082 0.004411 0.958497 0.036340 0.000670
2 2 0.000238 0.016737 0.981814 0.000622 0.000589
2 2 0.001378 0.021123 0.969296 0.007015 0.001189
2 2 0.000120 0.008260 0.989211 0.002062 0.000348
2 2 0.000031 0.002344 0.996496 0.001113 0.000017
2 2 0.000095 0.006027 0.980359 0.013430 0.000088
2 2 0.000412 0.014503 0.980216 0.004678 0.000191
2 2 0.000404 0.028659 0.970308 0.000078 0.000550
2 2 0.000942 0.089022 0.908683 0.000003 0.001351
2 2 0.000084 0.011359 0.984331 0.002842 0.001384
2 2 0.000000 0.000140 0.999680 0.000179 0.000001
2 2 0.010852 0.037414 0.943082 0.005859 0.002793
2 2 0.000022 0.011370 0.984480 0.001386 0.002742
2 2 0.000000 0.000006 0.998487 0.001507 0.000000
2 2 0.001143 0.033587 0.958148 0.006342 0.000780
2 2 0.003728 0.099477 0.852802 0.002419 0.041574
2 2 0.000008 0.002553 0.996822 0.000162 0.000455
2 2 0.000000 0.000061 0.990087 0.009849 0.000003
2 2 0.000029 0.001540 0.993246 0.005152 0.000034
2 2 0.000104 0.024521 0.933611 0.018805 0.022958
2 2 0.000225 0.042753 0.904028 0.001747 0.051247
2 2 0.001210 0.033933 0.957420 0.001014 0.006423
4 2 0.033678 0.295005 0.192916 0.000672 0.477730
2 2 0.000522 0.058825 0.884806 0.001893 0.053954
4 2 0.004647 0.096668 0.279324 0.001353 0.618008
2 4 0.003631 0.119467 0.636553 0.009709 0.230639
4 4 0.030782 0.311214 0.306709 0.001197 0.350098
4 4 0.014434 0.220778 0.252715 0.001602 0.510471
4 4 0.087266 0.290732 0.141124 0.001003 0.479875
2 4 0.025688 0.208138 0.669617 0.001412 0.095146
4 4 0.022971 0.199640 0.130151 0.000648 0.646590
2 4 0.046918 0.357443 0.431257 0.000126 0.164257
2 4 0.004860 0.133946 0.559536 0.002265 0.299392
2 4 0.005953 0.193667 0.479450 0.005628 0.315301
4 4 0.034074 0.202203 0.167976 0.000956 0.594791
4 4 0.118077 0.364021 0.150891 0.002768 0.364244
4 4 0.170150 0.285016 0.108825 0.002739 0.433269
4 4 0.250635 0.263700 0.094937 0.004654 0.386074
4 4 0.012223 0.270426 0.233493 0.000694 0.483165
4 4 0.123861 0.361445 0.149095 0.003124 0.362475
4 4 0.011379 0.195657 0.188020 0.002087 0.602858
1 4 0.172545 0.330774 0.267087 0.001360 0.228234
4 4 0.031855 0.268784 0.219506 0.002168 0.477688
2 4 0.134605 0.301415 0.422505 0.000166 0.141309
4 4 0.294798 0.265184 0.082569 0.001513 0.355936
2 4 0.003672 0.160387 0.489017 0.001015 0.345909
2 4 0.059204 0.245684 0.533807 0.000581 0.160725
1 4 0.145231 0.373936 0.148332 0.000841 0.331661
1 4 0.111530 0.392637 0.174846 0.006320 0.314667
4 4 0.119687 0.096854 0.032292 0.003318 0.747850
1 4 0.303773 0.381100 0.139102 0.000564 0.175461
2 4 0.006118 0.234509 0.435303 0.004360 0.319710
4 4 0.066741 0.352938 0.211585 0.000242 0.368495
4 4 0.081725 0.349651 0.174226 0.001328 0.393070
4 4 0.055230 0.291899 0.181302 0.000930 0.470639
4 4 0.049676 0.267981 0.310824 0.000978 0.370541
