0 0 0.910162 0.048080 0.019430 0.000661 0.021666
1 0 0.227320 0.533359 0.102665 0.000000 0.136656
0 0 0.414626 0.343242 0.169542 0.001137 0.071453
0 0 0.423268 0.299573 0.231079 0.014707 0.031373
1 0 0.175655 0.562688 0.211288 0.000806 0.049563
1 0 0.323744 0.383041 0.147190 0.000205 0.145820
0 0 0.505746 0.293289 0.109332 0.002991 0.088642
0 0 0.969505 0.010981 0.004517 0.001208 0.013789
1 0 0.095966 0.606665 0.249197 0.000108 0.048063
1 0 0.259203 0.459037 0.163506 0.000355 0.117899
0 0 0.459634 0.251777 0.107839 0.024209 0.156541
0 0 0.804297 0.099484 0.058317 0.018713 0.019189
1 0 0.192141 0.515470 0.229898 0.001212 0.061279
1 0 0.157717 0.526818 0.235085 0.010474 0.069906
0 0 0.488627 0.359976 0.129601 0.000847 0.020950
1 0 0.191449 0.407299 0.351419 0.022659 0.027175
0 0 0.544194 0.261650 0.136151 0.015794 0.042212
0 0 0.595493 0.216190 0.165828 0.006755 0.015734
1 0 0.219810 0.551076 0.195157 0.000371 0.033586
2 0 0.028012 0.148693 0.633724 0.146069 0.043502
1 0 0.096970 0.424888 0.355261 0.026785 0.096096
0 0 0.765322 0.168595 0.059627 0.000140 0.006316
1 0 0.318348 0.459894 0.192072 0.002382 0.027303
0 0 0.958923 0.024794 0.008375 0.000144 0.007765
0 0 0.704100 0.132620 0.082276 0.001292 0.079712
0 0 0.861796 0.068734 0.042664 0.000054 0.026752
0 0 0.883675 0.059260 0.020990 0.000496 0.035578
1 0 0.102203 0.582166 0.237406 0.001298 0.076927
0 0 0.849971 0.087748 0.038474 0.001533 0.022274
0 0 0.942192 0.034598 0.020305 0.000467 0.002437
0 0 0.903145 0.050844 0.024963 0.001521 0.019527
1 0 0.393492 0.466220 0.124766 0.000017 0.015505
0 0 0.805893 0.141403 0.041298 0.000106 0.011301
1 0 0.373306 0.476609 0.133802 0.000030 0.016253
0 0 0.561273 0.296938 0.111734 0.001417 0.028639
1 0 0.337418 0.353962 0.134368 0.000196 0.174056
0 0 0.966256 0.022423 0.007234 0.000012 0.004075
1 0 0.077175 0.611148 0.226747 0.000042 0.084888
0 0 0.629106 0.178725 0.066398 0.000473 0.125298
0 0 0.640032 0.230543 0.103344 0.004856 0.021225
1 0 0.208408 0.550796 0.209796 0.000914 0.030086
1 0 0.176131 0.557204 0.226865 0.002496 0.037304
0 0 0.877439 0.066934 0.033721 0.000586 0.021321
0 0 0.688174 0.145751 0.049008 0.001524 0.115543
0 0 0.472566 0.279201 0.230102 0.000328 0.017804
0 0 0.707695 0.170785 0.039290 0.000618 0.081611
0 0 0.809205 0.126779 0.053376 0.000173 0.010467
0 0 0.945414 0.027827 0.007136 0.000113 0.019511
0 0 0.912232 0.053014 0.021289 0.000862 0.012604
0 0 0.613938 0.150804 0.073393 0.023633 0.138232
0 0 0.719336 0.175794 0.053620 0.000199 0.051050
0 0 0.583154 0.254390 0.155058 0.000767 0.006630
0 0 0.851480 0.081443 0.033698 0.002863 0.030517
0 0 0.740241 0.160675 0.073799 0.001872 0.023412
1 0 0.343627 0.426417 0.192658 0.003037 0.034260
0 0 0.749944 0.141775 0.086670 0.005548 0.016062
0 0 0.434518 0.356501 0.146834 0.001585 0.060563
0 0 0.739893 0.187574 0.057960 0.000230 0.014343
0 0 0.880938 0.076192 0.026614 0.000549 0.015709
0 0 0.808014 0.097723 0.056359 0.018653 0.019250
0 0 0.455178 0.320708 0.152041 0.026778 0.045295
0 0 0.422152 0.378011 0.166012 0.000912 0.032913
0 0 0.997775 0.001348 0.000585 0.000004 0.000288
0 0 0.915347 0.050170 0.026815 0.001680 0.005989
0 0 0.982394 0.011508 0.005005 0.000029 0.001064
0 0 0.979090 0.010949 0.007151 0.000941 0.001869
0 0 0.843433 0.079276 0.022362 0.000127 0.054802
0 0 0.723217 0.132889 0.075371 0.037707 0.030815
0 0 0.865479 0.095238 0.034034 0.000103 0.005146
0 0 0.621727 0.255296 0.104173 0.001880 0.016924
0 0 0.902517 0.054199 0.024027 0.002700 0.016558
0 0 0.448260 0.129405 0.417252 0.002009 0.003075
0 0 0.917592 0.059842 0.017722 0.000008 0.004837
0 0 0.434645 0.341429 0.165761 0.012985 0.045180
0 0 0.625925 0.140891 0.165343 0.046966 0.020874
0 0 0.854934 0.088844 0.035453 0.000611 0.020157
1 0 0.158930 0.429814 0.232208 0.000636 0.178412
0 0 0.952298 0.028422 0.012437 0.000122 0.006721
0 0 0.729774 0.179943 0.073036 0.001505 0.015742
0 0 0.946803 0.027788 0.014912 0.000239 0.010258
0 0 0.873307 0.073636 0.035697 0.001542 0.015817
0 0 0.961919 0.020401 0.010454 0.001295 0.005931
0 0 0.715828 0.066821 0.172509 0.033161 0.011681
0 0 0.566647 0.216623 0.194438 0.001747 0.020545
0 0 0.712122 0.165538 0.085209 0.001327 0.035804
0 0 0.953497 0.011775 0.008532 0.001735 0.024461
0 0 0.951103 0.037976 0.007823 0.000001 0.003097
0 0 0.966905 0.019246 0.005270 0.000034 0.008544
0 0 0.827584 0.105295 0.033476 0.000112 0.033533
0 0 0.673872 0.236507 0.044185 0.000004 0.045433
1 0 0.246708 0.554274 0.166688 0.000039 0.032291
1 0 0.106610 0.483694 0.369373 0.002461 0.037863
0 0 0.892460 0.079222 0.019910 0.000025 0.008383
0 0 0.741952 0.185924 0.053954 0.000187 0.017984
0 0 0.786581 0.167375 0.028367 0.000006 0.017671
0 1 0.959774 0.027993 0.005414 0.000003 0.006816
0 1 0.948502 0.039305 0.004176 0.000000 0.008017
1 1 0.234410 0.556776 0.178334 0.000070 0.030410
0 1 0.481040 0.380648 0.101850 0.000017 0.036445
0 0 0.425028 0.424558 0.064621 0.000002 0.085791
0 0 0.901583 0.054364 0.035070 0.000471 0.008511
0 0 0.436770 0.364308 0.117125 0.000664 0.081132
1 1 0.143031 0.538730 0.167257 0.000184 0.150797
0 1 0.580931 0.281927 0.104460 0.000817 0.031866
1 0 0.216126 0.441693 0.313901 0.000401 0.027880
1 0 0.181034 0.568242 0.201885 0.000102 0.048737
1 0 0.117231 0.575770 0.211166 0.000089 0.095744
0 0 0.463578 0.338567 0.161720 0.004211 0.031925
1 0 0.126301 0.605484 0.177972 0.000014 0.090229
1 0 0.135650 0.598967 0.175636 0.000022 0.089725
0 0 0.969861 0.015272 0.008266 0.001465 0.005136
0 0 0.944571 0.041235 0.012705 0.000005 0.001483
0 0 0.631000 0.105090 0.057550 0.007604 0.198756
0 0 0.985557 0.006727 0.002969 0.000329 0.004418
0 0 0.678514 0.160787 0.045666 0.000034 0.114999
0 0 0.889051 0.021781 0.004825 0.000014 0.084329
0 0 0.785508 0.136627 0.048931 0.000748 0.028186
0 0 0.985809 0.007378 0.003062 0.000159 0.003593
0 0 0.939426 0.040014 0.015070 0.000153 0.005337
0 0 0.695131 0.180632 0.074165 0.000226 0.049846
0 0 0.892098 0.083106 0.022681 0.000004 0.002111
0 0 0.980395 0.011666 0.006988 0.000140 0.000811
0 0 0.854366 0.109634 0.033407 0.000005 0.002589
0 0 0.981332 0.011931 0.006449 0.000013 0.000276
0 0 0.496462 0.323287 0.159845 0.000448 0.019958
0 0 0.826765 0.104069 0.053846 0.000215 0.015105
2 0 0.175981 0.189431 0.619795 0.004871 0.009922
0 0 0.650612 0.192153 0.069503 0.001006 0.086725
0 0 0.824211 0.121418 0.045939 0.000008 0.008424
0 0 0.798326 0.121649 0.076998 0.000002 0.003026
0 0 0.480631 0.420557 0.082260 0.000001 0.016551
0 0 0.972584 0.024571 0.001952 0.000000 0.000893
1 0 0.449412 0.452388 0.080490 0.000000 0.017709
0 0 0.958907 0.036474 0.003519 0.000000 0.001100
0 0 0.708012 0.240419 0.048919 0.000001 0.002649
0 0 0.854176 0.121830 0.017155 0.000000 0.006838
1 0 0.404743 0.467613 0.108216 0.000003 0.019424
0 0 0.509393 0.398201 0.079584 0.000001 0.012821
1 0 0.268378 0.539303 0.182463 0.000006 0.009849
0 0 0.536827 0.379612 0.074499 0.000000 0.009062
1 0 0.322701 0.523539 0.131103 0.000003 0.022655
0 0 0.534338 0.388151 0.063499 0.000000 0.014012
1 0 0.425444 0.455044 0.106601 0.000001 0.012910
0 1 0.712938 0.245547 0.031206 0.000000 0.010308
1 1 0.060546 0.544683 0.375374 0.000003 0.019394
1 1 0.135689 0.611765 0.234006 0.000005 0.018535
1 1 0.022118 0.608070 0.305756 0.000003 0.064054
1 1 0.227713 0.561484 0.168329 0.000061 0.042413
1 1 0.136224 0.631282 0.193629 0.000001 0.038864
1 1 0.374995 0.481164 0.106100 0.000010 0.037732
0 1 0.544993 0.322933 0.120889 0.000087 0.011098
1 1 0.038398 0.581356 0.242564 0.000066 0.137616
1 1 0.204915 0.597820 0.159915 0.000001 0.037348
0 1 0.590714 0.346967 0.048103 0.000000 0.014216
0 1 0.611846 0.257422 0.076244 0.000313 0.054174
1 1 0.100599 0.605235 0.195743 0.000031 0.098391
1 1 0.235795 0.438836 0.073622 0.000003 0.251744
0 1 0.439567 0.430832 0.064617 0.000000 0.064983
0 1 0.543447 0.373514 0.076636 0.000000 0.006403
0 1 0.491328 0.412952 0.077650 0.000000 0.018070
0 1 0.473960 0.420393 0.081125 0.000002 0.024520
0 1 0.475072 0.426581 0.067029 0.000000 0.031318
0 1 0.890812 0.094679 0.011772 0.000000 0.002737
0 1 0.971658 0.023730 0.002151 0.000000 0.002460
1 1 0.356119 0.502978 0.115296 0.000002 0.025605
1 1 0.333155 0.515112 0.131537 0.000003 0.020193
1 1 0.127922 0.534472 0.137933 0.000007 0.199667
1 1 0.147416 0.424887 0.415210 0.000041 0.012447
1 1 0.217950 0.446839 0.310343 0.005140 0.019729
1 1 0.072425 0.571210 0.198944 0.000056 0.157365
1 1 0.221325 0.498551 0.237015 0.000685 0.042424
1 1 0.159959 0.570774 0.166907 0.000142 0.102217
2 2 0.019629 0.264620 0.693910 0.000086 0.021756
2 2 0.001431 0.108420 0.881485 0.001247 0.007417
1 2 0.138407 0.429372 0.414951 0.002272 0.014998
2 2 0.293784 0.153147 0.535553 0.006269 0.011247
0 1 0.573380 0.324980 0.089606 0.000093 0.011941
1 1 0.094667 0.643446 0.224409 0.000001 0.037478
1 1 0.083110 0.456088 0.446623 0.000069 0.014110
2 1 0.046847 0.386241 0.545838 0.001590 0.019484
1 1 0.314252 0.445777 0.175463 0.003650 0.060858
2 1 0.024147 0.383778 0.538439 0.007937 0.045699
2 1 0.022169 0.101755 0.833097 0.001027 0.041952
1 1 0.079877 0.633515 0.240529 0.000005 0.046074
1 1 0.122309 0.527737 0.294116 0.000053 0.055785
2 1 0.025152 0.310644 0.634878 0.000876 0.028450
2 1 0.020030 0.268337 0.703715 0.000452 0.007466
1 1 0.432805 0.442476 0.114728 0.000005 0.009986
2 1 0.009482 0.186619 0.797291 0.000905 0.005703
2 1 0.013038 0.287607 0.672058 0.000488 0.026810
1 1 0.102620 0.536988 0.320135 0.000595 0.039663
2 1 0.041391 0.223258 0.731437 0.000056 0.003858
2 2 0.004132 0.204733 0.763976 0.000415 0.026743
2 2 0.053556 0.395718 0.484472 0.000046 0.066209
1 2 0.107681 0.528544 0.325097 0.000431 0.038247
2 2 0.001734 0.146100 0.829583 0.000018 0.022564
2 2 0.010332 0.169151 0.813599 0.002127 0.004791
2 2 0.002705 0.155904 0.794857 0.000016 0.046517
2 2 0.000166 0.035206 0.955115 0.000187 0.009326
2 2 0.003090 0.130930 0.840682 0.000329 0.024970
2 2 0.000065 0.021303 0.974366 0.001568 0.002698
2 2 0.000065 0.021587 0.967412 0.004408 0.006529
2 2 0.000002 0.004759 0.993877 0.000045 0.001316
2 3 0.000027 0.005715 0.941477 0.051057 0.001724
2 3 0.000189 0.013337 0.803199 0.182340 0.000936
2 3 0.000005 0.000881 0.934134 0.064968 0.000012
2 3 0.000148 0.020851 0.923032 0.053207 0.002761
2 3 0.000039 0.007282 0.851858 0.107291 0.033530
3 3 0.002521 0.022552 0.466788 0.499360 0.008779
3 3 0.000613 0.017318 0.276244 0.694295 0.011530
3 3 0.000010 0.001024 0.420746 0.577956 0.000264
2 3 0.000001 0.000404 0.963883 0.035523 0.000190
2 3 0.002551 0.139498 0.580965 0.040117 0.236869
2 3 0.071042 0.150012 0.588621 0.092800 0.097525
3 3 0.000041 0.001206 0.379026 0.619333 0.000395
3 3 0.000672 0.020610 0.460676 0.490346 0.027696
3 3 0.004484 0.016975 0.292178 0.675555 0.010808
2 3 0.002020 0.051352 0.635141 0.217554 0.093932
3 3 0.000237 0.000968 0.025287 0.972959 0.000549
3 3 0.000001 0.000070 0.145016 0.854903 0.000010
3 3 0.001120 0.003281 0.201932 0.790885 0.002782
3 3 0.000011 0.000237 0.056982 0.942443 0.000326
3 3 0.001131 0.008658 0.137027 0.834661 0.018523
3 3 0.000145 0.002388 0.139542 0.852894 0.005031
3 3 0.000103 0.000280 0.011649 0.987547 0.000420
3 3 0.000072 0.000672 0.057062 0.941026 0.001168
3 3 0.000482 0.000474 0.008804 0.988603 0.001639
3 3 0.000910 0.001398 0.019694 0.974056 0.003942
3 3 0.000587 0.002712 0.060378 0.929615 0.006708
3 3 0.054062 0.054664 0.223466 0.624622 0.043187
3 3 0.002353 0.008487 0.064634 0.915085 0.009441
3 3 0.000009 0.000700 0.273820 0.724665 0.000806
3 3 0.004430 0.019259 0.135370 0.819960 0.020980
3 3 0.000013 0.000199 0.033008 0.966658 0.000123
3 3 0.001365 0.010400 0.164032 0.815461 0.008742
3 3 0.000099 0.001241 0.057239 0.940371 0.001049
3 3 0.000234 0.001667 0.093335 0.902430 0.002334
3 3 0.000000 0.000034 0.036973 0.962978 0.000014
3 3 0.000109 0.002137 0.308154 0.688960 0.000639
3 3 0.000097 0.000806 0.029726 0.969127 0.000244
3 3 0.000000 0.000006 0.006618 0.993364 0.000012
3 3 0.002071 0.014212 0.169826 0.801910 0.011980
3 3 0.002044 0.003025 0.026323 0.962558 0.006050
3 3 0.007733 0.012318 0.095673 0.854659 0.029617
3 3 0.000314 0.002138 0.051139 0.944156 0.002254
3 3 0.000395 0.007957 0.246527 0.724710 0.020412
3 3 0.002452 0.010863 0.178449 0.766030 0.042207
2 3 0.034215 0.102389 0.537802 0.261724 0.063870
2 3 0.012764 0.037049 0.748282 0.194801 0.007105
4 3 0.093762 0.206140 0.247036 0.055828 0.397234
1 3 0.267231 0.352011 0.277186 0.001327 0.102246
3 3 0.048811 0.050887 0.176727 0.607583 0.115991
2 3 0.078347 0.304898 0.469278 0.107242 0.040235
1 3 0.263842 0.314455 0.282327 0.058011 0.081365
3 3 0.080434 0.094024 0.216507 0.522562 0.086473
2 3 0.287493 0.293951 0.324068 0.026772 0.067716
3 3 0.000890 0.005828 0.084974 0.898325 0.009983
3 3 0.000248 0.004020 0.312769 0.677294 0.005668
3 3 0.004793 0.019952 0.100421 0.862895 0.011939
2 3 0.037738 0.163408 0.426968 0.346917 0.024969
2 2 0.019099 0.410453 0.472814 0.004043 0.093591
2 2 0.001349 0.049942 0.628419 0.314822 0.005468
2 2 0.001750 0.143534 0.835748 0.002352 0.016617
2 2 0.000249 0.035958 0.942596 0.017770 0.003426
2 2 0.011602 0.168735 0.680062 0.122013 0.017588
2 2 0.000488 0.012622 0.689800 0.296546 0.000543
2 2 0.004990 0.108991 0.756599 0.119223 0.010197
2 2 0.032684 0.087666 0.873009 0.005331 0.001310
2 2 0.024921 0.445854 0.452997 0.002519 0.073709
2 2 0.000052 0.025654 0.956382 0.006720 0.011192
2 2 0.001779 0.051353 0.903262 0.019427 0.024180
2 2 0.001970 0.078653 0.676339 0.005510 0.237528
2 2 0.000003 0.005591 0.989336 0.003673 0.001396
2 2 0.000057 0.036096 0.892248 0.050049 0.021550
2 2 0.004323 0.075372 0.763250 0.053077 0.103978
3 2 0.001058 0.013962 0.427199 0.514614 0.043168
2 2 0.244951 0.212752 0.446725 0.007736 0.087836
2 2 0.010850 0.216066 0.504908 0.001064 0.267111
2 2 0.000038 0.026619 0.938713 0.024215 0.010416
4 2 0.131642 0.338013 0.141933 0.000837 0.387575
2 2 0.005244 0.143755 0.735804 0.001889 0.113308
2 2 0.002754 0.223360 0.572409 0.039361 0.162115
2 2 0.015405 0.111876 0.707207 0.071525 0.093988
1 2 0.024387 0.398170 0.370130 0.001475 0.205838
2 2 0.002011 0.072910 0.867271 0.001912 0.055896
2 2 0.000333 0.051632 0.915018 0.001632 0.031385
2 2 0.023317 0.283527 0.641143 0.004226 0.047787
2 2 0.000117 0.013224 0.984564 0.000082 0.002014
2 2 0.001107 0.029022 0.916624 0.004059 0.049188
2 2 0.000041 0.032277 0.951845 0.000272 0.015564
2 2 0.000064 0.024237 0.938503 0.000526 0.036669
2 2 0.000036 0.008655 0.984105 0.006918 0.000286
2 2 0.000001 0.003217 0.994305 0.000546 0.001931
2 2 0.000023 0.002195 0.910492 0.079101 0.008190
2 2 0.002575 0.027356 0.953747 0.003607 0.012714
1 2 0.130037 0.457989 0.139576 0.000212 0.272187
2 2 0.000620 0.067896 0.913862 0.000315 0.017307
2 2 0.000266 0.040918 0.928443 0.002605 0.027768
1 2 0.006431 0.426324 0.317301 0.001221 0.248723
2 2 0.000026 0.026590 0.954120 0.001764 0.017500
2 2 0.000101 0.047890 0.926701 0.001143 0.024165
2 2 0.000014 0.006992 0.983030 0.003812 0.006152
2 2 0.001298 0.066403 0.900359 0.000199 0.031741
2 2 0.002598 0.033580 0.950324 0.006601 0.006897
2 2 0.000533 0.045843 0.917044 0.003798 0.032782
2 2 0.002601 0.031088 0.950371 0.001102 0.014838
2 2 0.000017 0.009635 0.989861 0.000140 0.000347
4 2 0.107267 0.288323 0.133629 0.000339 0.470441
1 2 0.088103 0.550484 0.124928 0.000002 0.236483
0 2 0.465463 0.359153 0.075140 0.000012 0.100232
2 2 0.058345 0.394291 0.481638 0.001387 0.064339
2 2 0.000005 0.006769 0.990964 0.001406 0.000856
2 2 0.000651 0.073064 0.910661 0.006536 0.009087
2 2 0.010733 0.202734 0.555948 0.000018 0.230567
2 2 0.000095 0.032277 0.963506 0.000249 0.003873
2 2 0.001119 0.127491 0.777513 0.000201 0.093676
2 2 0.000029 0.007940 0.991343 0.000181 0.000507
2 2 0.017133 0.381285 0.512423 0.000125 0.089034
2 2 0.012487 0.315178 0.590757 0.000247 0.081330
2 2 0.001470 0.094260 0.871106 0.000406 0.032758
2 2 0.005968 0.364356 0.462309 0.003209 0.164159
2 2 0.000786 0.012294 0.944666 0.027517 0.014737
2 2 0.000002 0.002804 0.981824 0.012818 0.002553
2 2 0.000177 0.011162 0.866180 0.044782 0.077699
2 2 0.000037 0.008480 0.939351 0.042569 0.009563
2 2 0.000003 0.009978 0.973959 0.003735 0.012325
2 2 0.001451 0.017660 0.849770 0.121977 0.009142
2 2 0.000586 0.019133 0.951906 0.008782 0.019594
2 2 0.000020 0.013777 0.951739 0.018104 0.016360
2 2 0.001824 0.091664 0.838774 0.000197 0.067541
2 2 0.000000 0.000926 0.977956 0.019938 0.001180
2 2 0.000085 0.030338 0.902685 0.011600 0.055292
2 2 0.000020 0.005459 0.935497 0.044783 0.014242
2 2 0.005134 0.132091 0.645464 0.000082 0.217229
2 2 0.000063 0.059182 0.838146 0.004206 0.098403
2 2 0.000244 0.012004 0.981012 0.000791 0.005949
2 2 0.004425 0.247624 0.557204 0.001381 0.189365
2 2 0.000066 0.012025 0.986539 0.000348 0.001023
2 2 0.001611 0.143457 0.748578 0.000068 0.106284
2 2 0.015922 0.066451 0.841991 0.016550 0.059085
2 2 0.000016 0.018444 0.965443 0.000301 0.015797
2 2 0.000174 0.025810 0.965834 0.000281 0.007901
2 2 0.041593 0.200538 0.515400 0.003130 0.239339
2 2 0.000002 0.003884 0.994008 0.000021 0.002086
2 2 0.002396 0.099546 0.873767 0.000240 0.024052
2 2 0.000013 0.005320 0.992243 0.002223 0.000201
2 2 0.000119 0.032968 0.926206 0.031238 0.009469
2 2 0.000022 0.013373 0.978552 0.000789 0.007265
2 2 0.000025 0.016742 0.965333 0.014203 0.003697
2 2 0.000058 0.021120 0.930576 0.020180 0.028066
2 2 0.000006 0.009140 0.977472 0.006802 0.006580
2 2 0.000085 0.013595 0.898272 0.072968 0.015079
2 2 0.000020 0.015601 0.942931 0.034617 0.006832
2 3 0.000270 0.014827 0.626101 0.340213 0.018589
3 3 0.000166 0.012749 0.477668 0.502072 0.007344
2 3 0.000286 0.038488 0.824190 0.055703 0.081333
2 3 0.000083 0.003807 0.897536 0.096974 0.001599
2 3 0.000622 0.042500 0.720310 0.197838 0.038730
2 3 0.000040 0.008450 0.944584 0.038340 0.008586
2 3 0.000068 0.021130 0.871462 0.082365 0.024975
2 3 0.001490 0.084743 0.718522 0.029362 0.165883
2 3 0.000055 0.005526 0.750703 0.232040 0.011675
3 3 0.000007 0.000825 0.171713 0.827065 0.000389
3 3 0.000109 0.001789 0.086623 0.909413 0.002068
3 3 0.000000 0.000003 0.016144 0.983853 0.000000
3 3 0.000006 0.000397 0.088154 0.911259 0.000184
3 3 0.000053 0.001509 0.098864 0.898811 0.000763
3 3 0.000091 0.002248 0.108462 0.887830 0.001369
3 3 0.003712 0.011836 0.105449 0.828592 0.050412
3 3 0.000001 0.000028 0.026477 0.973487 0.000007
2 3 0.000040 0.007609 0.607981 0.366618 0.017751
3 3 0.000175 0.000819 0.028358 0.969196 0.001452
3 3 0.007561 0.070400 0.382041 0.413844 0.126154
3 3 0.000031 0.000675 0.099254 0.898330 0.001710
2 3 0.000135 0.021265 0.822580 0.143493 0.012526
3 3 0.000028 0.000655 0.073840 0.925262 0.000215
3 3 0.000787 0.001174 0.022506 0.973773 0.001760
3 3 0.000851 0.000387 0.004403 0.993508 0.000850
3 3 0.001556 0.003271 0.042817 0.947877 0.004480
3 3 0.000633 0.004137 0.216668 0.776232 0.002331
3 3 0.000786 0.001316 0.027926 0.967722 0.002249
2 3 0.090243 0.146374 0.377034 0.337801 0.048549
0 3 0.371513 0.241691 0.211794 0.007048 0.167954
0 3 0.519767 0.216207 0.211046 0.017397 0.035583
3 3 0.071001 0.056415 0.221589 0.636385 0.014610
3 3 0.013364 0.033093 0.126062 0.809495 0.017987
3 3 0.005950 0.043710 0.430821 0.470942 0.048577
2 3 0.010654 0.065119 0.699852 0.026350 0.198025
3 3 0.005434 0.023963 0.192195 0.773594 0.004814
2 3 0.000047 0.008421 0.819139 0.117632 0.054761
0 3 0.519435 0.298067 0.100839 0.000764 0.080895
2 3 0.027317 0.137925 0.599785 0.118070 0.116903
3 3 0.002875 0.008857 0.117517 0.868499 0.002253
3 3 0.000633 0.004712 0.077620 0.913317 0.003717
3 3 0.031391 0.007040 0.016594 0.923935 0.021041
3 3 0.000383 0.000544 0.009458 0.989093 0.000522
3 3 0.002067 0.010633 0.088173 0.888508 0.010620
3 3 0.000417 0.000844 0.022897 0.975169 0.000674
3 3 0.000569 0.001336 0.030060 0.966957 0.001077
3 3 0.000223 0.001532 0.064855 0.932073 0.001316
4 3 0.083861 0.151773 0.269851 0.198039 0.296476
2 3 0.088245 0.224045 0.459955 0.027292 0.200464
3 3 0.002828 0.010098 0.064002 0.914936 0.008137
3 3 0.000005 0.000053 0.011898 0.988004 0.000040
3 3 0.004438 0.015171 0.100962 0.861892 0.017537
3 3 0.000133 0.000739 0.037523 0.961023 0.000582
3 3 0.001517 0.007974 0.123510 0.865264 0.001735
3 3 0.202627 0.078681 0.236698 0.404971 0.077023
3 3 0.000018 0.000805 0.179706 0.818782 0.000689
3 3 0.000048 0.002068 0.256826 0.740646 0.000412
1 3 0.179029 0.322913 0.178040 0.002127 0.317891
3 3 0.004422 0.016877 0.122832 0.845331 0.010538
2 3 0.087795 0.294990 0.348942 0.081505 0.186768
1 3 0.272996 0.312607 0.279272 0.018904 0.116222
2 3 0.064048 0.136121 0.455789 0.318170 0.025871
3 3 0.000797 0.011832 0.243645 0.738230 0.005496
0 3 0.420111 0.289927 0.230661 0.017062 0.042239
3 3 0.003142 0.007924 0.073029 0.913252 0.002653
4 3 0.265442 0.270646 0.119163 0.027991 0.316758
2 3 0.003022 0.033683 0.812996 0.143723 0.006576
3 3 0.002347 0.013216 0.239453 0.740809 0.004175
2 3 0.052381 0.214456 0.670018 0.040784 0.022361
3 3 0.006142 0.020668 0.115318 0.830615 0.027257
4 3 0.004996 0.049542 0.085626 0.000009 0.859826
3 3 0.039391 0.037256 0.205225 0.649729 0.068400
3 3 0.000349 0.003645 0.103982 0.889720 0.002304
3 3 0.004568 0.003284 0.017721 0.968040 0.006387
3 3 0.006142 0.008469 0.132551 0.848627 0.004211
3 3 0.001264 0.008285 0.094768 0.893434 0.002249
3 3 0.000691 0.000269 0.003966 0.994630 0.000444
3 3 0.000346 0.001521 0.033366 0.963022 0.001745
3 3 0.000533 0.000559 0.008836 0.989029 0.001043
3 3 0.044947 0.075705 0.244472 0.579179 0.055696
3 3 0.000719 0.001597 0.019513 0.977130 0.001042
0 3 0.418908 0.133349 0.199560 0.191607 0.056576
3 3 0.002503 0.023462 0.296752 0.650122 0.027160
3 3 0.001121 0.002669 0.035579 0.950756 0.009875
3 3 0.004542 0.007508 0.032500 0.950572 0.004878
3 3 0.000463 0.003266 0.067365 0.925647 0.003259
3 3 0.002100 0.014346 0.307998 0.670348 0.005208
2 3 0.064733 0.273557 0.411725 0.109834 0.140151
3 3 0.023882 0.046932 0.271581 0.509001 0.148603
2 3 0.000224 0.008162 0.546058 0.444329 0.001227
3 3 0.004415 0.005101 0.032203 0.954948 0.003333
3 3 0.018265 0.013242 0.042129 0.908430 0.017934
3 3 0.007401 0.012577 0.091344 0.880048 0.008630
3 3 0.001955 0.003870 0.043020 0.948399 0.002757
3 3 0.002424 0.005421 0.037001 0.949802 0.005353
3 3 0.001145 0.002096 0.022515 0.971230 0.003015
3 3 0.003588 0.006323 0.039420 0.939213 0.011456
3 3 0.000026 0.000654 0.073742 0.924710 0.000868
3 3 0.002538 0.021211 0.268523 0.696643 0.011085
3 3 0.000647 0.009634 0.245605 0.731658 0.012457
2 2 0.001804 0.207804 0.711599 0.007254 0.071539
2 2 0.003539 0.155507 0.828407 0.001408 0.011139
1 2 0.028432 0.488786 0.389177 0.000557 0.093048
2 2 0.005222 0.081319 0.907908 0.001428 0.004123
2 2 0.005635 0.200462 0.761850 0.000387 0.031667
2 2 0.000118 0.010952 0.925599 0.012281 0.051050
2 2 0.000994 0.018205 0.799255 0.088055 0.093492
4 2 0.009560 0.096874 0.295521 0.006261 0.591784
2 2 0.001480 0.043985 0.678793 0.016339 0.259402
2 2 0.004135 0.162317 0.607938 0.000143 0.225467
4 2 0.002375 0.076121 0.277696 0.001945 0.641862
2 2 0.001027 0.085533 0.687145 0.015323 0.210972
4 2 0.042131 0.234370 0.144499 0.016422 0.562578
4 2 0.003693 0.052616 0.097531 0.001494 0.844665
4 4 0.012399 0.028560 0.018466 0.000765 0.939810
2 4 0.002370 0.103491 0.550347 0.009853 0.333940
4 4 0.003116 0.090806 0.153225 0.001419 0.751434
2 4 0.000536 0.116806 0.655671 0.005554 0.221434
4 4 0.009666 0.151561 0.053516 0.000124 0.785133
4 4 0.003572 0.124494 0.171945 0.001413 0.698576
4 4 0.000278 0.144985 0.393840 0.000502 0.460396
4 4 0.007877 0.205336 0.176195 0.002149 0.608443
4 4 0.021781 0.306479 0.178328 0.005947 0.487465
4 4 0.006434 0.171248 0.369123 0.014074 0.439121
4 4 0.050805 0.016371 0.016250 0.000249 0.916324
4 4 0.004112 0.009589 0.013004 0.000136 0.973160
4 4 0.028948 0.073074 0.025491 0.000246 0.872241
4 4 0.022387 0.163561 0.145584 0.003638 0.664830
4 4 0.026378 0.290907 0.213172 0.008516 0.461027
4 4 0.005775 0.178555 0.328952 0.013865 0.472854
4 4 0.005510 0.032155 0.041588 0.000413 0.920335
4 4 0.075289 0.072681 0.048827 0.005151 0.798052
4 4 0.004274 0.173850 0.331981 0.003472 0.486423
4 4 0.026025 0.190069 0.121932 0.003710 0.658264
4 4 0.005873 0.089414 0.106629 0.000619 0.797466
4 4 0.016334 0.063830 0.085025 0.000702 0.834110
4 4 0.010235 0.155047 0.142093 0.001719 0.690907
4 4 0.023318 0.190479 0.308022 0.014013 0.464168
4 4 0.019553 0.207108 0.087369 0.000439 0.685532
4 4 0.016823 0.116643 0.202931 0.001251 0.662352
2 4 0.026476 0.218982 0.400223 0.001153 0.353166
2 4 0.000111 0.067446 0.582551 0.000124 0.349768
4 4 0.006973 0.077110 0.135194 0.000979 0.779743
4 4 0.015215 0.120151 0.120314 0.001053 0.743266
4 1 0.089552 0.403536 0.071206 0.000003 0.435703
2 1 0.001117 0.063319 0.681467 0.015403 0.238694
4 1 0.011490 0.120204 0.199256 0.001973 0.667077
2 1 0.002114 0.067797 0.761429 0.005101 0.163559
2 1 0.003268 0.070848 0.546081 0.008286 0.371517
4 2 0.001488 0.179211 0.382293 0.001635 0.435375
2 2 0.000385 0.074647 0.862013 0.001210 0.061745
2 2 0.001176 0.083720 0.713569 0.000766 0.200769
2 2 0.000122 0.011344 0.942735 0.000691 0.045108
2 2 0.000887 0.040651 0.775944 0.010250 0.172268
2 2 0.000000 0.000601 0.998765 0.000519 0.000114
1 2 0.046030 0.519004 0.252927 0.001157 0.180881
2 2 0.003747 0.114523 0.630886 0.002803 0.248042
2 2 0.000014 0.018377 0.970762 0.001312 0.009535
2 2 0.001101 0.161799 0.525003 0.000009 0.312087
2 2 0.029320 0.301036 0.614214 0.000380 0.055049
2 2 0.000001 0.000600 0.999328 0.000047 0.000024
2 2 0.096775 0.294263 0.561404 0.000179 0.047379
2 2 0.000092 0.009385 0.950463 0.038854 0.001206
2 2 0.002184 0.175670 0.783271 0.000011 0.038864
1 2 0.103331 0.522100 0.147513 0.000004 0.227053
1 2 0.077459 0.411371 0.132860 0.000555 0.377754
2 2 0.008735 0.174369 0.811137 0.000842 0.004917
2 2 0.003698 0.339856 0.576534 0.000251 0.079660
2 2 0.005838 0.291816 0.622181 0.000085 0.080080
0 1 0.790484 0.158290 0.036218 0.000014 0.014994
1 1 0.382230 0.432119 0.120437 0.000012 0.065201
1 2 0.061499 0.616777 0.292375 0.000014 0.029335
2 2 0.002499 0.047716 0.944478 0.004753 0.000553
1 2 0.020425 0.508646 0.187588 0.000010 0.283332
1 2 0.031986 0.488386 0.416103 0.000329 0.063196
1 2 0.216782 0.563320 0.176934 0.000110 0.042854
1 2 0.056516 0.493127 0.408928 0.000163 0.041267
2 2 0.000423 0.029627 0.968318 0.000620 0.001013
2 2 0.000646 0.057231 0.938591 0.000092 0.003440
2 2 0.005332 0.141116 0.838295 0.000041 0.015215
2 2 0.023682 0.172191 0.779755 0.002006 0.022367
2 2 0.094292 0.291708 0.554587 0.000924 0.058489
2 2 0.028676 0.223810 0.640131 0.000154 0.107229
2 2 0.003437 0.162914 0.808490 0.000420 0.024740
2 2 0.021620 0.255639 0.618962 0.000150 0.103628
2 2 0.003356 0.134207 0.840642 0.011154 0.010641
1 2 0.155295 0.404548 0.069409 0.000001 0.370747
1 2 0.152012 0.450979 0.234019 0.000179 0.162810
2 2 0.009002 0.234259 0.708327 0.000135 0.048278
2 2 0.003887 0.097767 0.844438 0.000282 0.053627
2 2 0.020840 0.360489 0.460905 0.001083 0.156683
2 2 0.007462 0.141058 0.831080 0.002328 0.018073
1 1 0.082050 0.439422 0.361563 0.002119 0.114846
2 2 0.013694 0.116089 0.864393 0.004177 0.001647
1 1 0.323555 0.432789 0.169643 0.000008 0.074006
1 1 0.311760 0.482327 0.130339 0.000055 0.075519
2 1 0.008095 0.174767 0.802342 0.006094 0.008703
2 2 0.000005 0.007956 0.991514 0.000052 0.000474
2 2 0.019156 0.288518 0.665318 0.002091 0.024917
2 2 0.001130 0.037409 0.960603 0.000255 0.000603
2 2 0.000288 0.040043 0.957216 0.000250 0.002204
2 2 0.036385 0.307221 0.634615 0.000020 0.021759
1 2 0.222972 0.429667 0.324846 0.000077 0.022437
2 2 0.001738 0.023034 0.975067 0.000036 0.000126
2 2 0.022471 0.343108 0.608102 0.000011 0.026309
2 2 0.002245 0.035718 0.954795 0.004769 0.002474
2 2 0.001691 0.170376 0.813922 0.000087 0.013924
2 2 0.054349 0.327087 0.606475 0.000068 0.012020
2 2 0.005311 0.074332 0.897578 0.001760 0.021019
1 2 0.032681 0.495313 0.416705 0.000047 0.055254
2 2 0.000615 0.045084 0.953401 0.000137 0.000763
2 2 0.000591 0.044595 0.949912 0.000030 0.004872
2 2 0.007612 0.305230 0.629610 0.000490 0.057058
2 2 0.002150 0.069490 0.923493 0.000188 0.004679
2 2 0.009223 0.285138 0.597977 0.000013 0.107649
2 2 0.001384 0.129961 0.841063 0.000078 0.027515
2 2 0.000113 0.040907 0.954316 0.000222 0.004443
2 2 0.001927 0.121297 0.819707 0.000036 0.057033
2 2 0.000195 0.032802 0.917654 0.000090 0.049259
2 2 0.005114 0.106246 0.818517 0.000885 0.069238
2 2 0.030172 0.324995 0.558900 0.000049 0.085884
2 2 0.000472 0.032058 0.957323 0.000200 0.009946
2 2 0.000480 0.026161 0.969785 0.000665 0.002909
2 2 0.000051 0.019578 0.974654 0.002495 0.003222
1 0 0.007687 0.460590 0.187931 0.000001 0.343790
2 1 0.009859 0.243971 0.737489 0.000025 0.008656
0 1 0.663163 0.245981 0.063272 0.000042 0.027542
2 2 0.004880 0.274647 0.684764 0.000116 0.035594
2 0 0.215127 0.240664 0.537383 0.001350 0.005476
1 0 0.283766 0.493840 0.097649 0.000000 0.124744
1 1 0.018643 0.531329 0.319346 0.000001 0.130680
2 1 0.086256 0.313795 0.585161 0.000093 0.014695
2 2 0.008278 0.322830 0.633240 0.000040 0.035613
2 2 0.056234 0.383642 0.531247 0.000023 0.028854
2 2 0.000469 0.072809 0.919223 0.000002 0.007498
2 2 0.000586 0.082894 0.907669 0.000071 0.008780
2 2 0.000101 0.011685 0.987373 0.000702 0.000139
2 2 0.030426 0.217082 0.745250 0.000147 0.007094
2 2 0.025213 0.286482 0.659566 0.000069 0.028670
2 2 0.000739 0.056217 0.938783 0.001447 0.002813
2 2 0.007459 0.051134 0.938785 0.001503 0.001120
2 0 0.036715 0.309634 0.576830 0.025615 0.051206
2 0 0.021389 0.227559 0.737338 0.000177 0.013537
1 1 0.134787 0.593146 0.136855 0.000001 0.135210
1 1 0.031110 0.487447 0.221194 0.000006 0.260243
1 1 0.066869 0.507299 0.330029 0.000072 0.095731
2 2 0.000070 0.016888 0.981881 0.000171 0.000990
2 2 0.006390 0.216658 0.640905 0.000091 0.135956
2 2 0.000093 0.030559 0.957836 0.000025 0.011486
2 2 0.003091 0.254400 0.625904 0.001417 0.115188
2 2 0.000738 0.034186 0.929917 0.003006 0.032152
2 2 0.000183 0.052004 0.935380 0.002888 0.009544
2 2 0.000052 0.026834 0.953600 0.012195 0.007319
2 2 0.003620 0.208828 0.702383 0.000256 0.084912
2 2 0.000004 0.002303 0.995939 0.001714 0.000040
1 2 0.124548 0.616244 0.162000 0.000001 0.097207
2 2 0.001697 0.043262 0.949370 0.000437 0.005235
2 2 0.000529 0.040723 0.951119 0.000464 0.007166
2 2 0.022913 0.066440 0.904220 0.001387 0.005040
2 2 0.002060 0.131553 0.826916 0.000041 0.039430
2 2 0.002763 0.174349 0.743516 0.000013 0.079359
2 2 0.000233 0.048059 0.940199 0.001099 0.010409
2 2 0.003383 0.053084 0.925670 0.009653 0.008210
1 2 0.093328 0.448944 0.364524 0.000090 0.093114
2 2 0.000012 0.010511 0.988298 0.000209 0.000970
2 2 0.001483 0.106867 0.883630 0.000411 0.007609
2 2 0.005088 0.076679 0.902549 0.000002 0.015682
2 2 0.000300 0.011618 0.961630 0.026067 0.000385
2 2 0.000425 0.014433 0.972810 0.009940 0.002393
2 2 0.000129 0.013437 0.971116 0.014033 0.001285
2 2 0.000904 0.064443 0.928589 0.002893 0.003171
2 2 0.026758 0.244933 0.639674 0.003981 0.084653
2 2 0.002821 0.138128 0.840681 0.001391 0.016979
2 2 0.000174 0.014238 0.982904 0.002488 0.000196
2 1 0.003295 0.165029 0.820485 0.000365 0.010826
2 2 0.000505 0.045815 0.950963 0.000494 0.002222
1 2 0.125221 0.600863 0.176857 0.000020 0.097040
2 2 0.001755 0.120126 0.570554 0.001487 0.306078
2 2 0.003082 0.231650 0.661537 0.000052 0.103679
2 2 0.000017 0.013927 0.983387 0.000188 0.002483
2 2 0.030528 0.255105 0.702575 0.000647 0.011145
1 2 0.120176 0.487760 0.242862 0.000015 0.149186
2 2 0.048398 0.392303 0.498147 0.000078 0.061075
2 2 0.004418 0.123685 0.742555 0.000048 0.129295
2 2 0.001915 0.100107 0.683651 0.000051 0.214276
2 2 0.003453 0.043283 0.584773 0.001742 0.366749
2 2 0.000013 0.004198 0.992612 0.002603 0.000575
2 2 0.000270 0.086143 0.836474 0.001637 0.075475
2 2 0.048377 0.202257 0.461735 0.010739 0.276892
2 2 0.000790 0.070908 0.912537 0.000183 0.015582
2 2 0.000102 0.013927 0.979557 0.005736 0.000677
2 2 0.000000 0.001825 0.996711 0.001017 0.000446
2 2 0.003963 0.224488 0.643996 0.018922 0.108631
2 2 0.000654 0.035795 0.938233 0.021455 0.003864
2 2 0.000623 0.094993 0.825297 0.010085 0.069001
2 2 0.001218 0.063301 0.910734 0.021096 0.003651
2 2 0.004812 0.220666 0.633114 0.050340 0.091068
2 2 0.001611 0.061043 0.914893 0.001082 0.021371
2 2 0.001071 0.026857 0.939558 0.031018 0.001496
2 2 0.007021 0.218547 0.448991 0.008479 0.316962
2 2 0.000909 0.051967 0.902020 0.041211 0.003893
2 2 0.005771 0.084428 0.832647 0.059364 0.017789
2 2 0.000008 0.007716 0.980840 0.010451 0.000985
2 3 0.010013 0.208477 0.761707 0.007041 0.012762
2 2 0.002751 0.039881 0.879400 0.075323 0.002645
2 2 0.000251 0.016098 0.980517 0.002890 0.000244
2 2 0.000927 0.050862 0.944082 0.002638 0.001491
1 2 0.056681 0.448255 0.443646 0.001291 0.050127
2 2 0.001013 0.041112 0.956693 0.000505 0.000677
2 2 0.237887 0.179235 0.565103 0.002600 0.015175
2 2 0.013966 0.144553 0.831461 0.003023 0.006997
2 2 0.003292 0.055447 0.914255 0.025678 0.001329
2 2 0.000637 0.026038 0.968815 0.004156 0.000353
2 2 0.001672 0.030047 0.887055 0.080319 0.000906
2 2 0.048412 0.181658 0.762645 0.004859 0.002425
2 2 0.021029 0.138075 0.835792 0.002729 0.002376
2 2 0.007418 0.076459 0.889172 0.025557 0.001394
2 2 0.003455 0.060974 0.825413 0.106579 0.003579
2 3 0.039417 0.199779 0.693359 0.056684 0.010761
2 3 0.001544 0.030056 0.919385 0.045227 0.003788
2 3 0.011888 0.051890 0.759349 0.174541 0.002332
2 3 0.001084 0.042782 0.662866 0.289650 0.003618
2 3 0.001851 0.042290 0.928065 0.026978 0.000816
2 3 0.000345 0.041363 0.720395 0.229350 0.008547
2 3 0.000107 0.011009 0.571052 0.416530 0.001302
2 3 0.002029 0.015161 0.588082 0.393953 0.000776
2 3 0.012353 0.052258 0.556924 0.374213 0.004252
2 3 0.033103 0.109869 0.513200 0.329958 0.013871
3 3 0.002191 0.018648 0.477632 0.500202 0.001327
2 3 0.001207 0.060891 0.745759 0.184222 0.007922
2 3 0.004034 0.061333 0.765194 0.166849 0.002590
2 3 0.023151 0.087315 0.514685 0.360038 0.014811
3 3 0.002562 0.020679 0.254538 0.716214 0.006007
3 3 0.001999 0.027135 0.481094 0.484439 0.005332
3 3 0.000853 0.013629 0.286238 0.695379 0.003900
2 3 0.052757 0.151503 0.577155 0.179885 0.038699
3 3 0.017538 0.051566 0.294954 0.627035 0.008906
3 3 0.002261 0.025768 0.318095 0.650788 0.003087
3 3 0.000810 0.014813 0.180399 0.799418 0.004559
3 3 0.000145 0.002142 0.304983 0.692402 0.000327
3 3 0.001184 0.009050 0.199098 0.789419 0.001249
3 3 0.007408 0.006969 0.041081 0.940719 0.003822
2 3 0.055619 0.326523 0.593711 0.009341 0.014806
2 3 0.026494 0.088792 0.755559 0.124977 0.004178
1 0 0.299920 0.403868 0.286684 0.001147 0.008381
1 0 0.114300 0.460384 0.405572 0.002385 0.017359
1 1 0.230462 0.473273 0.128191 0.000028 0.168046
2 2 0.000515 0.098236 0.867285 0.006466 0.027497
1 2 0.197553 0.573812 0.137423 0.000007 0.091205
2 2 0.004057 0.065279 0.922953 0.006776 0.000935
2 2 0.000006 0.000921 0.987984 0.010987 0.000101
2 2 0.000558 0.020913 0.973858 0.003647 0.001025
2 2 0.000021 0.015066 0.977884 0.003104 0.003924
1 2 0.041092 0.398742 0.364351 0.007108 0.188706
4 2 0.003958 0.130711 0.165240 0.001227 0.698864
4 4 0.009511 0.161523 0.207925 0.002845 0.618195
4 4 0.023819 0.102325 0.066392 0.003588 0.803876
4 4 0.014575 0.184404 0.263986 0.004591 0.532444
4 4 0.059824 0.195057 0.090801 0.011623 0.642695
4 4 0.310215 0.103326 0.041185 0.000547 0.544728
2 4 0.041227 0.269954 0.449331 0.007319 0.232169
4 4 0.009021 0.146527 0.192689 0.010169 0.641594
4 4 0.149807 0.169189 0.041467 0.000009 0.639529
2 4 0.000588 0.114268 0.664696 0.000125 0.220323
4 4 0.014050 0.172668 0.112370 0.001049 0.699863
4 4 0.003115 0.095586 0.377317 0.002297 0.521685
4 4 0.018735 0.358885 0.158836 0.000648 0.462896
4 4 0.075582 0.228643 0.080176 0.001376 0.614223
4 4 0.058417 0.338200 0.143726 0.001054 0.458603
4 4 0.022062 0.167470 0.262266 0.002750 0.545453
2 4 0.012263 0.336724 0.456027 0.012155 0.182831
4 4 0.008964 0.064451 0.058127 0.000405 0.868054
4 4 0.020031 0.141895 0.077516 0.002752 0.757806
4 4 0.015044 0.198657 0.220019 0.002738 0.563542
4 4 0.020737 0.267828 0.121013 0.002357 0.588065
4 4 0.014226 0.142904 0.288224 0.002645 0.552000
4 4 0.000990 0.145306 0.069031 0.000043 0.784630
4 4 0.025736 0.252120 0.085206 0.000164 0.636773
4 4 0.029793 0.254667 0.099540 0.002699 0.613301
4 4 0.006645 0.130599 0.340789 0.006240 0.515727
2 4 0.009505 0.099463 0.526728 0.171267 0.193037
4 4 0.022198 0.173236 0.235665 0.003095 0.565806
4 4 0.009537 0.160333 0.153487 0.011363 0.665279
4 4 0.042776 0.219778 0.194699 0.031409 0.511337
4 4 0.051509 0.187689 0.104520 0.004676 0.651604
4 4 0.083467 0.191396 0.091209 0.007302 0.626625
4 4 0.023643 0.075805 0.071463 0.003882 0.825206
4 4 0.099286 0.101697 0.028708 0.000123 0.770187
0 4 0.391577 0.306867 0.183818 0.001201 0.116537
4 4 0.040290 0.027632 0.010091 0.000018 0.921970
4 4 0.057212 0.037771 0.023795 0.006628 0.874595
4 4 0.026909 0.076412 0.051199 0.002228 0.843252
4 4 0.015975 0.185937 0.109444 0.004535 0.684109
0 4 0.475109 0.103199 0.022143 0.000009 0.399539
4 4 0.023227 0.275214 0.148216 0.001130 0.552213
1 4 0.318942 0.473458 0.120450 0.000202 0.086948
4 4 0.109115 0.146136 0.094405 0.000916 0.649427
4 4 0.012005 0.184059 0.084730 0.000092 0.719114
4 4 0.010411 0.077417 0.026769 0.000068 0.885335
4 4 0.066035 0.050592 0.033745 0.005222 0.844406
0 4 0.738920 0.165604 0.060169 0.002462 0.032845
4 4 0.156516 0.077303 0.009174 0.000000 0.757007
1 4 0.077635 0.486805 0.119715 0.000031 0.315814
4 4 0.009799 0.083149 0.031572 0.000113 0.875367
4 4 0.038150 0.195818 0.049955 0.000010 0.716068
4 4 0.015179 0.233121 0.058250 0.000046 0.693404
4 4 0.003350 0.163256 0.207679 0.000714 0.625001
4 4 0.009355 0.168885 0.052704 0.000094 0.768962
4 4 0.026642 0.217779 0.086517 0.000045 0.669017
4 4 0.031991 0.269046 0.322994 0.017434 0.358535
4 4 0.199271 0.310872 0.122125 0.000592 0.367140
4 4 0.027908 0.160321 0.059558 0.000578 0.751635
4 4 0.164411 0.331880 0.091145 0.000145 0.412419
4 4 0.095120 0.412679 0.076868 0.000002 0.415331
4 4 0.048318 0.226998 0.053572 0.000014 0.671098
4 4 0.039828 0.288647 0.120760 0.005343 0.545422
4 4 0.046656 0.403547 0.144732 0.000175 0.404889
4 4 0.013280 0.147315 0.084933 0.001625 0.752848
4 4 0.120331 0.157341 0.041349 0.000021 0.680958
1 4 0.038587 0.453322 0.161817 0.001361 0.344914
4 4 0.006305 0.158305 0.113748 0.000250 0.721392
4 4 0.011087 0.096137 0.331402 0.010359 0.551015
2 4 0.009546 0.357005 0.481863 0.000867 0.150718
4 4 0.079901 0.223729 0.077227 0.001944 0.617199
4 4 0.034129 0.121092 0.020635 0.000000 0.824144
4 4 0.082766 0.097022 0.037327 0.001553 0.781333
2 4 0.004362 0.083173 0.453613 0.007477 0.451375
4 4 0.094242 0.358151 0.090448 0.000036 0.457124
4 4 0.017141 0.256560 0.076562 0.000303 0.649434
4 4 0.321990 0.126567 0.039749 0.000048 0.511646
0 1 0.451309 0.414879 0.094203 0.000215 0.039395
0 1 0.955181 0.032484 0.005702 0.000002 0.006630
1 1 0.268179 0.353083 0.126340 0.003362 0.249036
4 1 0.039386 0.117506 0.053911 0.000406 0.788791
4 1 0.069024 0.154215 0.064761 0.000159 0.711841
4 1 0.020045 0.116790 0.039537 0.000037 0.823591
4 1 0.005964 0.080687 0.046411 0.000041 0.866897
4 1 0.001043 0.109049 0.245924 0.000256 0.643728
4 2 0.051208 0.310239 0.053967 0.000003 0.584584
1 2 0.038468 0.419662 0.407777 0.002905 0.131188
4 2 0.058686 0.336999 0.068630 0.000001 0.535685
2 2 0.000188 0.122449 0.592861 0.001497 0.283004
4 2 0.005245 0.137138 0.195793 0.004138 0.657686
4 2 0.030497 0.290036 0.214814 0.019149 0.445504
4 2 0.085425 0.226234 0.066936 0.000283 0.621121
4 2 0.002989 0.152468 0.161183 0.000816 0.682545
4 2 0.004075 0.189272 0.311025 0.001526 0.494101
4 2 0.001764 0.234652 0.375148 0.000072 0.388364
2 2 0.000759 0.154730 0.452316 0.000166 0.392029
2 2 0.001233 0.135816 0.675920 0.004852 0.182179
4 2 0.013151 0.135556 0.040482 0.000078 0.810733
2 2 0.000458 0.029186 0.874147 0.002094 0.094115
2 2 0.000515 0.124206 0.463399 0.000251 0.411630
2 2 0.034022 0.284256 0.347400 0.000038 0.334284
2 2 0.001344 0.131440 0.536233 0.000100 0.330883
2 2 0.000858 0.118422 0.656876 0.000254 0.223589
4 2 0.002249 0.147069 0.248530 0.000010 0.602143
2 2 0.000001 0.008319 0.964874 0.000006 0.026800
2 2 0.000015 0.038271 0.847835 0.000518 0.113360
4 2 0.352268 0.260706 0.033054 0.000000 0.353973
2 2 0.000897 0.107223 0.833780 0.019215 0.038886
2 2 0.007291 0.159845 0.824967 0.000622 0.007274
2 2 0.014420 0.317962 0.627579 0.000172 0.039868
