0 0 0.910353 0.018904 0.004324 0.000003 0.066417
0 0 0.853799 0.037922 0.015087 0.000448 0.092745
0 0 0.862557 0.013320 0.066226 0.056132 0.001764
0 0 0.992578 0.003454 0.001102 0.000006 0.002860
0 0 0.952844 0.021273 0.008139 0.000284 0.017461
0 0 0.962702 0.015550 0.006178 0.000212 0.015358
0 0 0.950121 0.019525 0.007577 0.000226 0.022552
0 0 0.483717 0.023754 0.013423 0.000073 0.479034
0 0 0.704830 0.253223 0.027134 0.000007 0.014807
4 0 0.298991 0.243279 0.098204 0.007998 0.351528
0 0 0.994284 0.002388 0.000839 0.000006 0.002483
0 0 0.975645 0.014787 0.003586 0.000010 0.005972
0 0 0.943042 0.024336 0.010016 0.000542 0.022064
0 0 0.446081 0.069778 0.081724 0.000797 0.401620
0 0 0.615092 0.122006 0.054804 0.007920 0.200177
0 0 0.612666 0.127662 0.045694 0.001687 0.212291
0 0 0.554425 0.109152 0.089248 0.003420 0.243755
0 0 0.787908 0.039036 0.015108 0.000291 0.157658
0 0 0.485833 0.090375 0.093003 0.000642 0.330147
0 0 0.551710 0.185390 0.082379 0.000828 0.179693
0 0 0.660705 0.100522 0.060326 0.007302 0.171145
0 0 0.639479 0.072014 0.021514 0.000108 0.266885
0 0 0.501305 0.059429 0.023399 0.000506 0.415361
4 0 0.399417 0.041892 0.023711 0.000131 0.534849
0 0 0.683198 0.070989 0.038185 0.001995 0.205633
0 0 0.445270 0.253104 0.052152 0.000140 0.249333
4 0 0.288075 0.044349 0.039555 0.000859 0.627162
0 0 0.672837 0.110432 0.041172 0.000437 0.175123
0 0 0.994834 0.002059 0.000711 0.000004 0.002392
0 0 0.801138 0.083988 0.037960 0.006685 0.070229
0 0 0.730143 0.038820 0.014763 0.000216 0.216059
0 0 0.929856 0.020083 0.006335 0.000037 0.043689
0 0 0.754080 0.045342 0.018077 0.000413 0.182088
0 0 0.942961 0.035827 0.006935 0.000008 0.014270
0 0 0.973211 0.006393 0.002233 0.000013 0.018150
0 0 0.610183 0.058013 0.030353 0.000943 0.300508
0 0 0.978326 0.009888 0.005759 0.000064 0.005963
1 0 0.366311 0.405966 0.126392 0.000004 0.101326
0 0 0.667909 0.241166 0.044707 0.000145 0.046073
0 0 0.652419 0.140945 0.051333 0.001215 0.154088
0 0 0.949391 0.018556 0.010057 0.000436 0.021560
0 0 0.748452 0.122882 0.022088 0.000017 0.106562
4 0 0.330105 0.051778 0.029861 0.000673 0.587583
1 0 0.186213 0.496514 0.052370 0.000007 0.264896
4 0 0.271466 0.232617 0.101642 0.001678 0.392597
4 0 0.173480 0.099140 0.043141 0.003249 0.680991
1 0 0.175460 0.429056 0.075620 0.000168 0.319695
0 0 0.503695 0.184688 0.142953 0.003949 0.164716
0 0 0.538573 0.050626 0.019511 0.000317 0.390973
0 0 0.873036 0.106453 0.009756 0.000000 0.010754
0 0 0.425684 0.339297 0.041289 0.000007 0.193723
0 0 0.599779 0.055606 0.039038 0.001434 0.304142
0 0 0.758933 0.031589 0.011735 0.000125 0.197618
0 0 0.750954 0.024993 0.008957 0.000058 0.215037
4 0 0.212557 0.178500 0.057195 0.000686 0.551062
0 0 0.910612 0.022969 0.008805 0.000164 0.057450
4 0 0.327427 0.074536 0.022783 0.000130 0.575124
4 0 0.233766 0.115455 0.041260 0.001047 0.608471
4 0 0.330714 0.057496 0.022590 0.000444 0.588756
4 0 0.256570 0.101405 0.059426 0.002350 0.580249
0 0 0.890866 0.049583 0.013316 0.000073 0.046163
0 0 0.547238 0.054690 0.021326 0.000410 0.376335
4 0 0.147913 0.065902 0.039114 0.000824 0.746247
4 0 0.362469 0.059950 0.032971 0.000925 0.543685
4 0 0.167004 0.041295 0.015912 0.000220 0.775569
4 0 0.249179 0.075545 0.025298 0.000263 0.649715
4 0 0.272672 0.135069 0.032181 0.000081 0.559996
4 0 0.350033 0.058688 0.029103 0.000416 0.561760
0 0 0.750573 0.047916 0.018432 0.000392 0.182687
0 0 0.410803 0.330628 0.059191 0.000106 0.199272
4 0 0.214721 0.191001 0.046127 0.000201 0.547950
4 0 0.212616 0.106344 0.038027 0.000895 0.642118
0 0 0.425260 0.384489 0.070088 0.000220 0.119944
0 0 0.775085 0.042953 0.011894 0.000032 0.170036
0 0 0.610061 0.104999 0.080221 0.000718 0.204001
0 0 0.589985 0.331218 0.057770 0.000073 0.020954
0 0 0.682674 0.228179 0.048090 0.000311 0.040746
0 0 0.884704 0.077848 0.020233 0.000107 0.017107
0 0 0.926797 0.032178 0.012102 0.000423 0.028500
0 0 0.963359 0.020757 0.008588 0.000096 0.007200
0 0 0.988789 0.003701 0.002538 0.000033 0.004939
0 0 0.920087 0.037627 0.014331 0.000097 0.027858
0 0 0.841127 0.031268 0.011958 0.000202 0.115445
0 0 0.668903 0.050028 0.019523 0.000398 0.261147
0 0 0.600597 0.065040 0.026156 0.000789 0.307418
0 0 0.785178 0.057695 0.014853 0.000038 0.142236
4 0 0.284885 0.036565 0.013550 0.000116 0.664884
4 0 0.453676 0.050387 0.019353 0.000291 0.476294
4 0 0.162918 0.100257 0.033858 0.000558 0.702409
0 0 0.542281 0.111298 0.030361 0.000121 0.315939
1 0 0.086694 0.620275 0.058816 0.000007 0.234208
1 1 0.151186 0.432681 0.069849 0.000038 0.346245
1 1 0.117749 0.504273 0.280329 0.000140 0.097509
0 2 0.428378 0.314234 0.114923 0.000323 0.142142
1 2 0.095709 0.472041 0.203339 0.001473 0.227439
4 2 0.043216 0.368211 0.110810 0.007470 0.470293
4 2 0.012138 0.271292 0.256545 0.011771 0.448254
2 2 0.023779 0.186080 0.475560 0.171709 0.142872
2 2 0.004344 0.174402 0.630392 0.087429 0.103433
2 2 0.000793 0.038368 0.611088 0.121130 0.228622
2 2 0.000233 0.054517 0.934492 0.000763 0.009996
2 2 0.000141 0.007707 0.711504 0.267218 0.013430
2 2 0.000000 0.000039 0.978800 0.021154 0.000006
2 2 0.000011 0.000550 0.898502 0.100582 0.000355
2 2 0.000000 0.000005 0.801278 0.198715 0.000002
2 2 0.000266 0.012209 0.942548 0.014753 0.030224
2 2 0.000002 0.000829 0.991898 0.007174 0.000096
2 2 0.000029 0.006705 0.819674 0.171066 0.002527
2 2 0.000012 0.001034 0.835150 0.163709 0.000095
2 2 0.000003 0.000075 0.640982 0.358922 0.000018
2 2 0.000000 0.000164 0.857442 0.142379 0.000014
2 2 0.000895 0.002568 0.849241 0.141522 0.005774
2 2 0.000000 0.000059 0.909665 0.090273 0.000003
2 2 0.000008 0.001403 0.834985 0.163172 0.000432
3 2 0.000000 0.000022 0.329331 0.670646 0.000000
2 2 0.000000 0.000225 0.800039 0.199671 0.000064
3 2 0.000022 0.000146 0.439304 0.560466 0.000063
3 2 0.000000 0.000006 0.444264 0.555730 0.000001
3 2 0.000538 0.005795 0.363617 0.621138 0.008913
2 3 0.000001 0.000192 0.985743 0.014063 0.000001
3 3 0.000013 0.000050 0.065851 0.934082 0.000003
3 3 0.000007 0.000335 0.050863 0.948652 0.000144
3 3 0.000018 0.000529 0.100203 0.899061 0.000190
3 3 0.000005 0.000188 0.036514 0.963171 0.000122
2 3 0.000001 0.000283 0.969439 0.030258 0.000019
2 3 0.000000 0.000061 0.550701 0.449231 0.000007
2 3 0.000000 0.000034 0.585970 0.413995 0.000000
3 3 0.000023 0.000190 0.018857 0.980908 0.000022
3 3 0.000007 0.000264 0.074788 0.924901 0.000040
3 3 0.000001 0.000416 0.414023 0.585253 0.000307
3 3 0.000149 0.001011 0.357914 0.640816 0.000110
3 3 0.000331 0.004121 0.141133 0.853823 0.000592
3 3 0.000002 0.000065 0.052151 0.947777 0.000005
1 2 0.304468 0.478038 0.129936 0.001018 0.086540
3 2 0.001016 0.016505 0.355410 0.608813 0.018255
2 2 0.000005 0.000164 0.957197 0.042634 0.000001
2 2 0.000001 0.001019 0.957172 0.041726 0.000083
2 2 0.000085 0.000789 0.947186 0.051367 0.000573
2 2 0.000001 0.000097 0.906628 0.093259 0.000015
2 2 0.000001 0.000164 0.821370 0.178461 0.000004
2 2 0.000001 0.000062 0.552529 0.447403 0.000004
3 2 0.000003 0.000110 0.131023 0.868846 0.000019
3 2 0.000067 0.000282 0.319359 0.680272 0.000021
3 3 0.000000 0.000172 0.315496 0.684280 0.000051
3 3 0.000002 0.000042 0.489470 0.510462 0.000025
3 3 0.000009 0.000110 0.123885 0.875975 0.000022
3 3 0.000002 0.000090 0.035311 0.964566 0.000031
3 3 0.000233 0.000202 0.092746 0.906805 0.000014
3 3 0.000075 0.000368 0.013422 0.986104 0.000031
3 3 0.000038 0.004218 0.393147 0.602041 0.000556
3 3 0.001318 0.008733 0.121057 0.853267 0.015626
3 3 0.000608 0.000639 0.033269 0.965460 0.000025
3 3 0.012718 0.023086 0.218147 0.671281 0.074769
3 3 0.000290 0.001144 0.023978 0.974483 0.000105
3 3 0.000000 0.000054 0.145513 0.854431 0.000002
3 3 0.000177 0.001571 0.040854 0.956284 0.001114
3 3 0.000004 0.000623 0.118438 0.880631 0.000304
3 3 0.000000 0.000004 0.023954 0.976042 0.000000
3 3 0.000053 0.000351 0.006355 0.993104 0.000136
3 3 0.000012 0.000075 0.029789 0.970114 0.000009
3 3 0.000006 0.000052 0.017059 0.982872 0.000011
3 3 0.000079 0.000430 0.008944 0.990478 0.000068
3 3 0.000000 0.000025 0.011457 0.988516 0.000002
3 3 0.000001 0.000069 0.044628 0.955293 0.000010
3 3 0.000002 0.000070 0.046368 0.953555 0.000004
3 3 0.001119 0.001634 0.018777 0.978039 0.000430
3 3 0.000000 0.000001 0.002130 0.997869 0.000000
3 3 0.000000 0.000021 0.020654 0.979324 0.000001
3 3 0.000000 0.000013 0.067336 0.932651 0.000000
3 3 0.000024 0.000095 0.002929 0.996946 0.000006
3 3 0.000000 0.000008 0.013375 0.986616 0.000001
3 3 0.000000 0.000013 0.021730 0.978255 0.000001
3 3 0.000000 0.000001 0.003157 0.996843 0.000000
3 3 0.000012 0.000351 0.024998 0.974502 0.000137
3 3 0.000012 0.000040 0.005185 0.994762 0.000001
3 3 0.000034 0.000236 0.006263 0.993423 0.000045
3 3 0.000986 0.001483 0.053462 0.943337 0.000731
3 3 0.000005 0.000361 0.068661 0.930914 0.000059
3 3 0.000015 0.000064 0.005087 0.994827 0.000007
3 3 0.000030 0.000061 0.003059 0.996847 0.000003
3 3 0.000000 0.000038 0.051347 0.948613 0.000002
3 3 0.000237 0.000614 0.050574 0.948363 0.000212
3 3 0.000184 0.001110 0.012505 0.985659 0.000542
3 3 0.000085 0.000411 0.203811 0.795654 0.000039
3 3 0.000004 0.000083 0.019590 0.980283 0.000039
3 3 0.000424 0.001627 0.015045 0.982321 0.000584
3 3 0.001844 0.008812 0.076256 0.892640 0.020448
3 3 0.000095 0.000335 0.009921 0.989623 0.000026
3 2 0.000001 0.000141 0.141516 0.858341 0.000001
3 2 0.000036 0.001223 0.066449 0.931992 0.000300
3 2 0.000000 0.000055 0.264647 0.735294 0.000004
3 2 0.000010 0.000721 0.174966 0.824205 0.000098
3 2 0.000000 0.000055 0.285479 0.714458 0.000008
3 2 0.000000 0.000009 0.312953 0.687038 0.000000
3 2 0.000002 0.000441 0.100302 0.898310 0.000944
3 3 0.000030 0.000250 0.026673 0.973003 0.000044
3 3 0.000085 0.001064 0.204387 0.793015 0.001449
3 3 0.000026 0.000613 0.308545 0.690696 0.000119
3 3 0.000021 0.000170 0.085676 0.914060 0.000073
3 3 0.000000 0.000032 0.040382 0.959582 0.000005
3 3 0.000000 0.000004 0.460998 0.538998 0.000000
3 3 0.000141 0.002284 0.442681 0.554202 0.000691
3 2 0.000000 0.000015 0.330815 0.669169 0.000000
3 2 0.000000 0.000202 0.416620 0.583141 0.000037
2 2 0.000032 0.009156 0.825717 0.157271 0.007824
2 2 0.000004 0.000522 0.559519 0.439808 0.000147
2 2 0.000005 0.010440 0.897784 0.061664 0.030108
2 2 0.000003 0.005978 0.985971 0.001141 0.006907
2 2 0.000065 0.038095 0.821371 0.079313 0.061156
2 2 0.000106 0.002054 0.977048 0.018390 0.002401
4 2 0.000226 0.030035 0.264634 0.036369 0.668735
2 2 0.000071 0.012417 0.906470 0.005121 0.075921
2 2 0.000201 0.073926 0.760187 0.021727 0.143958
2 2 0.000231 0.049861 0.867938 0.006451 0.075519
4 2 0.000625 0.046528 0.146571 0.011693 0.794583
2 2 0.000134 0.019693 0.626283 0.283179 0.070711
2 2 0.000012 0.002762 0.939758 0.056981 0.000486
2 2 0.002368 0.019671 0.962051 0.015535 0.000375
2 2 0.000581 0.007543 0.964323 0.006845 0.020708
2 2 0.000662 0.012252 0.944546 0.041588 0.000950
0 2 0.384813 0.230867 0.224738 0.009323 0.150259
2 2 0.010512 0.279641 0.450941 0.016673 0.242233
2 2 0.000004 0.000373 0.904104 0.095277 0.000243
2 2 0.000048 0.004738 0.934266 0.060134 0.000814
3 2 0.000024 0.002441 0.372534 0.624851 0.000150
2 2 0.009267 0.091459 0.891542 0.000700 0.007032
2 2 0.000015 0.003478 0.975063 0.021267 0.000178
2 2 0.000596 0.004713 0.934471 0.058604 0.001617
2 2 0.000008 0.001339 0.616017 0.382325 0.000309
2 2 0.000000 0.000591 0.984667 0.014689 0.000052
2 2 0.001217 0.004896 0.801116 0.187932 0.004838
2 2 0.000013 0.001087 0.985871 0.012785 0.000245
2 2 0.000002 0.000361 0.744301 0.255171 0.000165
3 2 0.000012 0.000557 0.452717 0.546673 0.000041
2 2 0.000000 0.000007 0.523050 0.476941 0.000002
3 2 0.000011 0.000158 0.330844 0.668979 0.000008
3 2 0.000000 0.000022 0.326563 0.673394 0.000021
3 2 0.000000 0.000000 0.078433 0.921566 0.000000
2 3 0.000000 0.000004 0.854997 0.144998 0.000000
3 3 0.000078 0.000350 0.253084 0.746479 0.000009
2 3 0.000003 0.000287 0.828989 0.170684 0.000036
3 3 0.002021 0.004744 0.317956 0.671937 0.003341
2 3 0.000361 0.000652 0.924612 0.074360 0.000014
3 3 0.000019 0.000560 0.286360 0.712979 0.000081
3 3 0.000000 0.000017 0.154036 0.845940 0.000007
3 3 0.000001 0.000009 0.039675 0.960315 0.000000
3 3 0.000002 0.000060 0.028731 0.971201 0.000006
3 3 0.000000 0.000016 0.061826 0.938156 0.000002
3 3 0.000691 0.001223 0.072701 0.925015 0.000370
3 3 0.000230 0.001251 0.144951 0.853237 0.000330
3 3 0.000001 0.000075 0.220313 0.779601 0.000009
2 3 0.000000 0.000001 0.935382 0.064617 0.000000
3 3 0.000031 0.000570 0.043866 0.955192 0.000340
3 3 0.000000 0.000001 0.120620 0.879380 0.000000
3 3 0.002084 0.000791 0.016646 0.980369 0.000111
3 3 0.000007 0.000109 0.007568 0.992292 0.000024
3 3 0.000001 0.000021 0.003883 0.996093 0.000001
3 3 0.000615 0.000259 0.008526 0.990571 0.000028
3 3 0.000332 0.000820 0.038355 0.960193 0.000300
3 3 0.000020 0.000204 0.006386 0.993325 0.000065
3 2 0.003818 0.008229 0.052500 0.933242 0.002212
0 2 0.644374 0.152324 0.143014 0.022268 0.038020
2 2 0.009036 0.114521 0.761417 0.018129 0.096897
2 2 0.012460 0.066625 0.578802 0.334174 0.007939
3 2 0.000694 0.005925 0.411394 0.578344 0.003643
2 2 0.000085 0.009752 0.889028 0.095090 0.006045
2 2 0.000063 0.001055 0.837351 0.161424 0.000107
2 2 0.000000 0.000089 0.987859 0.012047 0.000005
2 2 0.000000 0.000054 0.592647 0.407285 0.000014
2 2 0.000001 0.000163 0.908389 0.091410 0.000037
3 2 0.000000 0.000003 0.193156 0.806841 0.000000
2 2 0.000001 0.000841 0.830659 0.168317 0.000181
2 2 0.000000 0.000016 0.974089 0.025891 0.000003
3 2 0.000003 0.000407 0.382250 0.617061 0.000279
3 2 0.000000 0.000001 0.064882 0.935116 0.000000
3 2 0.000000 0.000011 0.441105 0.558883 0.000000
3 2 0.000001 0.000104 0.049646 0.950196 0.000054
3 2 0.000000 0.000009 0.009899 0.990092 0.000001
3 2 0.000000 0.000000 0.123014 0.876986 0.000000
3 2 0.000123 0.001886 0.154232 0.841806 0.001954
3 2 0.000004 0.000083 0.477635 0.522271 0.000007
3 2 0.000001 0.000220 0.469689 0.530044 0.000047
2 2 0.000001 0.000229 0.944615 0.055143 0.000013
3 3 0.000000 0.000048 0.113101 0.886845 0.000006
3 3 0.000000 0.000000 0.006787 0.993213 0.000000
3 3 0.000023 0.000224 0.012361 0.987379 0.000013
3 3 0.000000 0.000062 0.114093 0.885841 0.000003
3 3 0.000000 0.000036 0.040662 0.959286 0.000015
3 3 0.000000 0.000012 0.497757 0.502231 0.000000
3 3 0.000000 0.000040 0.237307 0.762653 0.000000
3 3 0.000484 0.004696 0.036772 0.950478 0.007570
3 3 0.000000 0.000017 0.032169 0.967813 0.000001
3 3 0.000006 0.000420 0.094295 0.905203 0.000077
3 3 0.000000 0.000053 0.118407 0.881526 0.000013
3 3 0.000004 0.000179 0.022583 0.977143 0.000091
3 3 0.000076 0.000613 0.014000 0.985052 0.000259
3 2 0.103334 0.004578 0.083094 0.808771 0.000223
3 2 0.004311 0.076227 0.437506 0.458138 0.023818
2 2 0.001148 0.002759 0.684081 0.311500 0.000511
2 2 0.000290 0.013112 0.873100 0.103720 0.009779
2 2 0.000000 0.000007 0.990275 0.009719 0.000000
2 2 0.000004 0.000361 0.797886 0.201707 0.000042
2 2 0.000000 0.000008 0.836160 0.163832 0.000000
2 2 0.000002 0.000264 0.975682 0.024049 0.000003
2 2 0.000054 0.002347 0.829753 0.167518 0.000328
2 2 0.000005 0.000359 0.994636 0.004999 0.000001
2 2 0.000609 0.027106 0.839670 0.129267 0.003348
2 2 0.000001 0.000937 0.592242 0.406563 0.000258
3 2 0.000002 0.000366 0.356783 0.642648 0.000201
3 2 0.000000 0.000034 0.171623 0.828336 0.000007
3 2 0.000004 0.000529 0.291673 0.707280 0.000515
2 2 0.000000 0.000191 0.726939 0.272849 0.000021
2 2 0.000000 0.000257 0.787775 0.211965 0.000002
2 2 0.000000 0.000006 0.973839 0.026155 0.000000
3 2 0.000005 0.000855 0.281996 0.716164 0.000979
3 2 0.000000 0.000007 0.145556 0.854437 0.000000
2 2 0.000000 0.000630 0.769722 0.229588 0.000059
2 2 0.000156 0.003482 0.789241 0.183076 0.024045
2 2 0.000000 0.000031 0.840855 0.159112 0.000002
2 2 0.000000 0.000011 0.849403 0.150586 0.000000
2 2 0.000002 0.000232 0.729760 0.269850 0.000155
3 2 0.000002 0.000037 0.051801 0.948160 0.000000
2 2 0.000000 0.000020 0.997054 0.002926 0.000000
3 2 0.000011 0.000135 0.124589 0.875239 0.000027
2 2 0.000000 0.000011 0.527328 0.472659 0.000003
3 2 0.000000 0.000001 0.203520 0.796479 0.000000
2 2 0.000405 0.001599 0.642148 0.355679 0.000170
2 2 0.000010 0.000899 0.984840 0.014193 0.000058
3 2 0.000002 0.000021 0.340482 0.659495 0.000000
3 2 0.000948 0.003443 0.206240 0.789111 0.000257
2 2 0.000000 0.000001 0.850544 0.149455 0.000000
3 2 0.000000 0.000021 0.233142 0.766836 0.000002
3 2 0.000014 0.000254 0.224733 0.774944 0.000055
3 2 0.000000 0.000001 0.418015 0.581984 0.000000
3 2 0.000008 0.000044 0.036280 0.963666 0.000001
3 2 0.000289 0.000861 0.415791 0.582950 0.000108
3 2 0.000002 0.000417 0.242940 0.756164 0.000476
3 2 0.001986 0.000889 0.012720 0.984327 0.000077
2 2 0.185910 0.145321 0.461510 0.156147 0.051112
2 2 0.000000 0.000081 0.940047 0.059871 0.000001
2 2 0.000073 0.018183 0.827767 0.149856 0.004121
2 2 0.000000 0.000042 0.524310 0.475647 0.000000
2 2 0.000128 0.006516 0.866905 0.117908 0.008543
2 2 0.000044 0.005220 0.853253 0.140782 0.000702
3 2 0.003700 0.003940 0.262884 0.729281 0.000195
3 2 0.000379 0.005120 0.331513 0.651965 0.011023
2 2 0.000000 0.000001 0.878505 0.121493 0.000000
2 2 0.000000 0.000174 0.938499 0.061261 0.000066
2 2 0.000000 0.000043 0.608455 0.391501 0.000001
2 2 0.000000 0.000054 0.576139 0.423804 0.000003
2 2 0.009615 0.019040 0.768789 0.195550 0.007006
2 2 0.000000 0.000018 0.979066 0.020916 0.000000
2 2 0.000000 0.000145 0.600337 0.399449 0.000068
3 2 0.000061 0.000328 0.391806 0.607781 0.000023
2 2 0.000000 0.000061 0.699196 0.300741 0.000001
2 2 0.000022 0.000802 0.842162 0.157009 0.000006
2 2 0.000002 0.001129 0.880179 0.118018 0.000673
3 2 0.000034 0.000943 0.413407 0.583648 0.001967
3 2 0.000000 0.000001 0.035021 0.964978 0.000000
2 2 0.000000 0.000139 0.566975 0.432883 0.000003
3 2 0.000000 0.000002 0.073943 0.926055 0.000000
3 3 0.000000 0.000394 0.246614 0.752900 0.000092
2 3 0.001249 0.052399 0.753863 0.179267 0.013221
3 3 0.000000 0.000000 0.019112 0.980888 0.000000
2 3 0.000000 0.000203 0.702742 0.297053 0.000001
3 3 0.000041 0.000118 0.014680 0.985157 0.000004
3 3 0.000004 0.000117 0.087471 0.912344 0.000065
3 3 0.000026 0.001893 0.102033 0.894138 0.001911
3 3 0.000000 0.000048 0.022380 0.977561 0.000010
2 3 0.000000 0.000168 0.963358 0.036471 0.000002
3 3 0.000477 0.001320 0.044316 0.953305 0.000582
3 3 0.000063 0.000376 0.022760 0.976748 0.000054
3 3 0.000423 0.006022 0.068491 0.924661 0.000404
3 3 0.000831 0.002015 0.152582 0.844109 0.000464
3 3 0.000445 0.000793 0.205001 0.793653 0.000108
3 3 0.000976 0.001088 0.019683 0.978133 0.000120
3 3 0.083813 0.009877 0.096572 0.807541 0.002196
2 3 0.052363 0.038941 0.859837 0.047171 0.001688
3 3 0.003954 0.011170 0.207781 0.744282 0.032813
2 3 0.000002 0.000244 0.955017 0.044726 0.000010
2 4 0.000042 0.024189 0.755020 0.175543 0.045207
4 4 0.004303 0.056307 0.182871 0.018126 0.738392
4 4 0.002504 0.060119 0.303797 0.003634 0.629946
2 4 0.012340 0.177360 0.592042 0.000690 0.217569
2 4 0.001263 0.043294 0.487823 0.074141 0.393479
2 4 0.012711 0.133417 0.607201 0.009124 0.237547
2 4 0.000046 0.017294 0.925065 0.005836 0.051759
4 4 0.039470 0.145130 0.149588 0.008047 0.657765
4 4 0.000503 0.081904 0.433058 0.012361 0.472174
4 4 0.001047 0.105505 0.403449 0.001117 0.488882
4 4 0.002210 0.052826 0.079517 0.014710 0.850737
2 4 0.001266 0.075691 0.711427 0.006312 0.205303
2 4 0.000390 0.046486 0.494779 0.024129 0.434215
4 4 0.007315 0.073376 0.270126 0.027633 0.621550
4 4 0.076511 0.013445 0.004645 0.000013 0.905387
4 4 0.006232 0.018906 0.012162 0.000261 0.962438
2 4 0.000946 0.077786 0.605715 0.071962 0.243592
2 4 0.000043 0.062960 0.857578 0.003009 0.076410
2 4 0.000229 0.089671 0.550948 0.002605 0.356547
4 4 0.001234 0.059725 0.123963 0.007356 0.807722
4 4 0.002302 0.006726 0.011440 0.000016 0.979516
4 4 0.008488 0.317669 0.174080 0.000141 0.499622
2 4 0.000555 0.159427 0.698957 0.005426 0.135635
4 4 0.002373 0.064797 0.163528 0.016175 0.753127
4 4 0.001123 0.085606 0.268501 0.001204 0.643566
2 4 0.000259 0.206355 0.407557 0.000344 0.385485
4 4 0.034233 0.115621 0.028581 0.000140 0.821425
4 4 0.033838 0.073365 0.046442 0.007645 0.838710
4 4 0.003163 0.097484 0.434841 0.000754 0.463758
2 4 0.000458 0.064740 0.663394 0.005311 0.266097
4 4 0.015252 0.046610 0.265113 0.003234 0.669792
2 4 0.002101 0.061879 0.575398 0.001320 0.359302
4 4 0.000339 0.032876 0.013639 0.000077 0.953069
2 4 0.003780 0.033985 0.818037 0.001887 0.142311
2 4 0.000106 0.017978 0.795179 0.046730 0.140008
2 4 0.000132 0.066591 0.823517 0.003002 0.106757
4 4 0.000269 0.048794 0.428982 0.000766 0.521189
4 4 0.042700 0.072756 0.068135 0.003180 0.813230
4 4 0.007099 0.057018 0.038949 0.013197 0.883738
2 4 0.001207 0.153248 0.473439 0.004816 0.367290
4 4 0.005324 0.142847 0.246349 0.000254 0.605226
2 4 0.000026 0.018837 0.949737 0.003002 0.028398
2 4 0.000438 0.031371 0.662793 0.006752 0.298645
4 4 0.010203 0.162121 0.195309 0.001365 0.631001
4 4 0.005602 0.065959 0.109543 0.000428 0.818469
4 4 0.010917 0.303166 0.164779 0.001781 0.519358
4 4 0.008092 0.062631 0.038559 0.007373 0.883346
4 4 0.005381 0.045635 0.026653 0.006426 0.915905
4 4 0.001381 0.108284 0.348032 0.004735 0.537568
4 4 0.006995 0.260527 0.140279 0.000469 0.591730
2 4 0.000177 0.057903 0.514607 0.004341 0.422972
4 4 0.000942 0.081725 0.051705 0.000454 0.865173
4 4 0.011874 0.208483 0.249826 0.004016 0.525801
2 4 0.000456 0.043479 0.850635 0.045254 0.060175
4 4 0.003172 0.115462 0.181940 0.008286 0.691140
2 4 0.003495 0.069853 0.812040 0.016093 0.098519
2 4 0.000175 0.060887 0.828741 0.038314 0.071883
2 4 0.001070 0.106453 0.575380 0.031498 0.285599
2 4 0.000314 0.124207 0.636239 0.004326 0.234916
2 4 0.000033 0.007327 0.793287 0.166158 0.033196
2 4 0.000471 0.059109 0.911705 0.002607 0.026108
4 4 0.003115 0.132360 0.159257 0.003654 0.701614
4 4 0.002928 0.259853 0.198523 0.001056 0.537640
2 4 0.000008 0.003015 0.813642 0.174231 0.009104
2 4 0.000557 0.079232 0.685567 0.048288 0.186356
4 4 0.001190 0.056989 0.179434 0.015246 0.747141
2 4 0.001012 0.059591 0.614244 0.002450 0.322704
2 4 0.004525 0.104790 0.443066 0.122820 0.324800
2 4 0.001932 0.108349 0.655168 0.095015 0.139536
2 4 0.000054 0.028207 0.924438 0.008092 0.039209
2 4 0.000966 0.045370 0.643800 0.001809 0.308055
2 2 0.003626 0.070497 0.793453 0.041455 0.090968
2 2 0.000034 0.023486 0.878172 0.001050 0.097259
2 2 0.000788 0.052446 0.504638 0.069413 0.372716
2 2 0.000015 0.006491 0.957011 0.003078 0.033404
2 2 0.000090 0.004910 0.977059 0.001847 0.016094
2 2 0.000791 0.052931 0.892537 0.016678 0.037064
2 2 0.000326 0.018346 0.958460 0.002061 0.020808
2 2 0.000005 0.001422 0.990707 0.007371 0.000495
2 2 0.000001 0.000109 0.999119 0.000763 0.000008
2 2 0.001705 0.006928 0.950150 0.013927 0.027290
2 2 0.000055 0.000474 0.996668 0.002704 0.000099
2 2 0.000057 0.001219 0.861502 0.133533 0.003689
2 2 0.000000 0.000052 0.986937 0.013007 0.000003
2 2 0.000001 0.000218 0.997400 0.002232 0.000150
2 2 0.000064 0.003044 0.978823 0.015432 0.002636
2 2 0.000001 0.000122 0.996665 0.003210 0.000003
2 2 0.000022 0.001050 0.814685 0.179744 0.004499
2 2 0.000000 0.000131 0.930789 0.069076 0.000004
2 2 0.000239 0.003923 0.973538 0.015674 0.006627
2 2 0.000013 0.001035 0.988524 0.010332 0.000096
2 2 0.000000 0.000792 0.995719 0.003148 0.000341
2 2 0.000005 0.002052 0.990921 0.006096 0.000926
2 2 0.000004 0.000339 0.995599 0.004026 0.000033
2 2 0.000000 0.000060 0.999729 0.000210 0.000000
2 2 0.000007 0.001107 0.994158 0.004422 0.000306
2 2 0.000003 0.000355 0.964852 0.034770 0.000020
2 2 0.000000 0.000009 0.984003 0.015988 0.000000
2 2 0.000009 0.000551 0.550813 0.448550 0.000077
2 2 0.000000 0.000001 0.992611 0.007388 0.000000
2 2 0.000000 0.000026 0.936040 0.063931 0.000003
2 2 0.000014 0.000520 0.963344 0.036044 0.000078
2 2 0.000032 0.001651 0.646494 0.351185 0.000638
2 2 0.000242 0.004195 0.742918 0.239438 0.013208
2 2 0.000005 0.001824 0.907344 0.089388 0.001439
2 2 0.000000 0.000088 0.855277 0.144627 0.000008
2 2 0.000009 0.000418 0.987946 0.011426 0.000202
2 2 0.000041 0.000382 0.956147 0.043365 0.000065
2 2 0.000028 0.001493 0.828051 0.169805 0.000623
2 2 0.000000 0.000071 0.968395 0.031532 0.000002
2 2 0.000000 0.000173 0.524361 0.475400 0.000067
3 2 0.000252 0.000738 0.337496 0.660511 0.001003
2 2 0.103065 0.095959 0.719766 0.077377 0.003834
2 2 0.013918 0.025761 0.541448 0.416296 0.002577
2 2 0.002230 0.094253 0.878215 0.004585 0.020717
2 2 0.000019 0.007562 0.967184 0.022719 0.002515
2 2 0.000095 0.002772 0.924548 0.071539 0.001046
2 2 0.000045 0.006459 0.877846 0.102704 0.012946
2 2 0.000210 0.004433 0.983492 0.010377 0.001488
2 2 0.000001 0.000129 0.995823 0.004047 0.000001
2 2 0.000001 0.000042 0.949718 0.050239 0.000000
2 2 0.000007 0.001468 0.861465 0.136542 0.000518
2 2 0.000694 0.009372 0.928439 0.059813 0.001682
2 2 0.000000 0.000017 0.564438 0.435540 0.000005
2 2 0.000000 0.000023 0.934863 0.065111 0.000002
2 2 0.000007 0.000419 0.707559 0.291798 0.000216
2 2 0.000000 0.000050 0.986076 0.013863 0.000012
2 2 0.000001 0.000219 0.952691 0.047042 0.000048
2 2 0.000001 0.000245 0.996070 0.003673 0.000012
3 2 0.000001 0.000382 0.438540 0.560989 0.000089
2 2 0.000000 0.000011 0.989487 0.010502 0.000000
3 2 0.000000 0.000057 0.247019 0.752909 0.000016
2 2 0.000013 0.000420 0.913045 0.086489 0.000033
2 2 0.000001 0.000080 0.728197 0.271718 0.000004
2 2 0.000761 0.004432 0.892342 0.093524 0.008942
2 2 0.000000 0.000014 0.568168 0.431816 0.000002
3 2 0.000433 0.003892 0.313773 0.675113 0.006789
3 2 0.000000 0.000027 0.153157 0.846804 0.000012
2 2 0.003661 0.003597 0.874221 0.118079 0.000442
2 2 0.000000 0.000030 0.666945 0.333021 0.000003
2 2 0.000000 0.000047 0.956332 0.043621 0.000000
2 2 0.000000 0.000026 0.655614 0.344359 0.000000
2 2 0.000000 0.000016 0.848014 0.151970 0.000000
2 2 0.000000 0.000001 0.829973 0.170026 0.000000
2 2 0.000003 0.000387 0.996585 0.003022 0.000003
2 2 0.000029 0.001558 0.547726 0.449774 0.000912
2 2 0.000000 0.000094 0.957530 0.042371 0.000005
2 2 0.000002 0.000074 0.756635 0.243286 0.000004
3 2 0.000000 0.000061 0.212641 0.787291 0.000007
3 2 0.000043 0.001215 0.236286 0.762268 0.000187
2 2 0.000001 0.000436 0.727488 0.271965 0.000110
3 2 0.000000 0.000013 0.335142 0.664844 0.000001
3 2 0.000039 0.001044 0.175908 0.822568 0.000441
3 2 0.000109 0.001572 0.106546 0.891244 0.000529
2 2 0.000258 0.000932 0.638935 0.359813 0.000061
3 2 0.000020 0.003010 0.217335 0.776496 0.003139
3 2 0.000010 0.000057 0.010938 0.988988 0.000007
3 2 0.002853 0.007818 0.315394 0.667396 0.006539
3 3 0.000036 0.002010 0.151829 0.843288 0.002837
4 3 0.017701 0.065480 0.119105 0.070344 0.727371
3 3 0.000206 0.000220 0.037188 0.962365 0.000020
3 3 0.000100 0.004601 0.126555 0.866683 0.002062
2 3 0.000000 0.000072 0.539640 0.460280 0.000008
3 3 0.000005 0.000316 0.041640 0.957868 0.000171
3 3 0.000104 0.000235 0.009990 0.989640 0.000031
3 3 0.000000 0.000019 0.031967 0.968010 0.000004
3 3 0.000496 0.002098 0.021446 0.975469 0.000490
3 3 0.000004 0.000082 0.040264 0.959646 0.000003
3 3 0.000001 0.000015 0.015087 0.984896 0.000001
3 3 0.000697 0.003066 0.021727 0.973075 0.001434
3 3 0.002396 0.010213 0.046286 0.933829 0.007275
3 3 0.009221 0.023668 0.066530 0.888761 0.011820
3 3 0.000098 0.000558 0.018085 0.981151 0.000108
3 3 0.001371 0.001262 0.012568 0.984662 0.000137
3 3 0.032584 0.034177 0.115472 0.797860 0.019907
3 3 0.000111 0.001633 0.021411 0.973746 0.003099
3 3 0.000643 0.002167 0.016023 0.980541 0.000625
3 3 0.003108 0.019190 0.138271 0.735663 0.103768
3 3 0.000052 0.000585 0.029225 0.969848 0.000290
2 3 0.000128 0.002707 0.544242 0.452707 0.000216
3 3 0.001732 0.002049 0.031229 0.964632 0.000357
3 3 0.000001 0.000057 0.062344 0.937594 0.000004
3 3 0.000143 0.004629 0.189480 0.803797 0.001950
3 3 0.002681 0.001055 0.064208 0.931986 0.000070
3 3 0.004605 0.002032 0.027163 0.966059 0.000141
3 3 0.000520 0.003264 0.062802 0.928757 0.004657
3 3 0.000100 0.000645 0.081489 0.917594 0.000172
3 3 0.000587 0.005184 0.038292 0.953701 0.002236
3 3 0.000034 0.000335 0.009064 0.990452 0.000115
3 3 0.000002 0.000074 0.032657 0.967251 0.000016
3 3 0.000037 0.000103 0.072923 0.926930 0.000007
3 3 0.000042 0.001197 0.380007 0.618187 0.000567
3 3 0.001457 0.002896 0.027966 0.967087 0.000595
3 3 0.001567 0.002743 0.041204 0.954335 0.000150
3 3 0.000300 0.003143 0.029182 0.962557 0.004818
3 3 0.005605 0.006156 0.121858 0.863418 0.002963
3 3 0.000686 0.000952 0.018353 0.979921 0.000088
3 3 0.000433 0.000707 0.076470 0.922288 0.000103
3 3 0.000372 0.000690 0.009028 0.989797 0.000113
3 3 0.000291 0.001745 0.049310 0.947885 0.000769
3 3 0.000841 0.015167 0.476149 0.506158 0.001686
3 3 0.001223 0.001908 0.016986 0.979500 0.000384
3 3 0.001127 0.007136 0.041867 0.942291 0.007579
3 3 0.000211 0.000389 0.005799 0.993556 0.000045
3 3 0.000013 0.000339 0.072585 0.926819 0.000243
3 3 0.004697 0.011218 0.221111 0.742468 0.020506
3 3 0.000000 0.000004 0.101723 0.898273 0.000000
3 3 0.000067 0.000958 0.279284 0.719220 0.000471
3 3 0.000040 0.000620 0.327718 0.671606 0.000016
3 3 0.003264 0.005566 0.101472 0.887759 0.001938
3 3 0.000435 0.006194 0.074191 0.910981 0.008199
3 3 0.006188 0.004158 0.076770 0.912074 0.000810
3 3 0.000577 0.010008 0.108422 0.868776 0.012217
3 3 0.000003 0.000317 0.122029 0.877522 0.000129
3 3 0.006204 0.006344 0.063223 0.920659 0.003570
3 3 0.000011 0.000274 0.154329 0.845300 0.000085
3 3 0.002293 0.033146 0.127686 0.613831 0.223044
3 3 0.004108 0.009759 0.051634 0.928754 0.005744
3 3 0.000117 0.000982 0.287555 0.711242 0.000104
3 3 0.000392 0.003012 0.248723 0.745704 0.002169
3 3 0.001273 0.006235 0.054298 0.928133 0.010061
3 3 0.000577 0.003976 0.029661 0.962113 0.003673
3 3 0.002610 0.010098 0.082990 0.883170 0.021132
3 3 0.001386 0.006174 0.034314 0.956702 0.001424
3 3 0.001732 0.001473 0.103740 0.892905 0.000150
3 2 0.000030 0.000862 0.073558 0.924228 0.001322
3 2 0.000004 0.001152 0.276424 0.720392 0.002027
3 2 0.000752 0.013210 0.172658 0.774664 0.038715
3 2 0.000294 0.010508 0.306353 0.680418 0.002428
3 2 0.000224 0.013370 0.241756 0.738088 0.006562
3 2 0.005214 0.008158 0.075529 0.907386 0.003712
3 2 0.000125 0.001268 0.016124 0.981167 0.001316
3 2 0.000002 0.000118 0.175438 0.824409 0.000033
3 2 0.000013 0.000498 0.129568 0.869844 0.000078
3 2 0.000021 0.000085 0.143227 0.856665 0.000003
3 2 0.021138 0.002365 0.246748 0.729517 0.000232
2 2 0.035282 0.039918 0.456643 0.399623 0.068535
2 2 0.042582 0.080498 0.867780 0.005670 0.003469
2 2 0.000474 0.004444 0.931385 0.061819 0.001877
2 2 0.000053 0.001887 0.629904 0.367162 0.000994
2 2 0.000113 0.003462 0.985305 0.010084 0.001036
2 2 0.000004 0.000153 0.999450 0.000381 0.000012
2 2 0.000000 0.000026 0.908797 0.091175 0.000002
2 2 0.000004 0.000629 0.559064 0.440267 0.000036
2 2 0.000007 0.000757 0.888904 0.110122 0.000211
2 2 0.000001 0.000209 0.976335 0.023450 0.000005
2 2 0.000000 0.000137 0.995816 0.004044 0.000002
2 2 0.000000 0.000020 0.996221 0.003758 0.000000
2 2 0.000000 0.000173 0.984771 0.015050 0.000005
2 2 0.000000 0.000238 0.926355 0.073300 0.000107
2 2 0.000004 0.000255 0.870711 0.129011 0.000019
3 2 0.000001 0.000092 0.308047 0.691851 0.000008
2 2 0.000038 0.003346 0.885647 0.110701 0.000268
2 2 0.000082 0.007702 0.925370 0.037440 0.029405
2 2 0.000013 0.008902 0.978411 0.005227 0.007446
2 4 0.000016 0.031639 0.931329 0.017965 0.019051
2 4 0.000222 0.042079 0.814438 0.087406 0.055855
2 4 0.017882 0.210636 0.426918 0.002767 0.341797
2 4 0.027274 0.326937 0.564918 0.007377 0.073494
2 4 0.001028 0.054604 0.565930 0.330066 0.048372
2 4 0.001114 0.075091 0.538374 0.113780 0.271641
4 4 0.004800 0.096327 0.200009 0.002863 0.696001
4 4 0.000693 0.032238 0.123527 0.028298 0.815244
4 4 0.008304 0.009526 0.003597 0.000029 0.978545
4 4 0.005244 0.036678 0.026537 0.002836 0.928705
4 4 0.050239 0.065601 0.053287 0.002235 0.828639
2 4 0.000289 0.293628 0.485997 0.000200 0.219886
4 4 0.003633 0.020461 0.016711 0.001715 0.957480
4 4 0.010470 0.017996 0.020670 0.000154 0.950710
4 4 0.007073 0.021791 0.009278 0.000382 0.961476
4 4 0.014512 0.052435 0.398551 0.015860 0.518642
2 4 0.001886 0.078061 0.513029 0.002623 0.404400
4 4 0.003518 0.060209 0.023282 0.001332 0.911660
4 4 0.002395 0.113335 0.384830 0.000293 0.499147
4 4 0.006505 0.046021 0.061128 0.007384 0.878962
4 4 0.001940 0.038217 0.194891 0.003820 0.761133
4 4 0.002213 0.081738 0.418327 0.007508 0.490214
2 4 0.000026 0.020977 0.915001 0.047027 0.016969
4 4 0.003773 0.052449 0.096751 0.015200 0.831827
4 4 0.016155 0.044568 0.178939 0.000587 0.759751
2 4 0.000659 0.086155 0.490539 0.029247 0.393400
2 4 0.000173 0.048051 0.598940 0.014354 0.338481
4 4 0.008602 0.120944 0.077963 0.000513 0.791978
4 4 0.017829 0.239739 0.153765 0.000153 0.588514
2 4 0.003627 0.068590 0.753286 0.000986 0.173511
4 1 0.022066 0.439965 0.059542 0.000049 0.478377
4 1 0.004652 0.197439 0.294493 0.003696 0.499721
2 1 0.000064 0.027222 0.872393 0.040255 0.060067
2 2 0.000005 0.011779 0.959701 0.021866 0.006649
2 2 0.000200 0.007857 0.967369 0.015239 0.009335
2 2 0.000004 0.002287 0.859469 0.126109 0.012132
2 2 0.000242 0.016521 0.915952 0.009978 0.057308
2 2 0.000023 0.030250 0.948298 0.014949 0.006479
2 2 0.000006 0.003488 0.989681 0.004108 0.002717
2 2 0.001088 0.101165 0.722747 0.027017 0.147983
2 2 0.000018 0.007843 0.981542 0.004489 0.006109
2 2 0.000144 0.014747 0.962523 0.007879 0.014706
2 2 0.000163 0.014064 0.970400 0.000268 0.015105
2 2 0.000000 0.000860 0.984817 0.014227 0.000094
2 2 0.000211 0.016287 0.841025 0.034048 0.108430
2 2 0.000366 0.078682 0.740429 0.031240 0.149284
2 2 0.000024 0.006739 0.740327 0.233662 0.019248
2 2 0.000127 0.020989 0.905006 0.006664 0.067216
2 2 0.000482 0.031348 0.893906 0.008894 0.065370
2 2 0.007656 0.278727 0.608968 0.000131 0.104518
2 2 0.000022 0.010966 0.890428 0.084357 0.014227
2 2 0.000019 0.003257 0.961309 0.032582 0.002832
2 2 0.000038 0.023039 0.920334 0.033672 0.022918
2 2 0.000353 0.037624 0.846335 0.048410 0.067278
2 4 0.004331 0.171502 0.434702 0.000803 0.388661
2 4 0.000165 0.142898 0.663847 0.000962 0.192127
2 4 0.000452 0.045681 0.764381 0.007729 0.181757
2 4 0.000090 0.015600 0.915570 0.005397 0.063343
2 4 0.000157 0.025749 0.813377 0.001338 0.159380
4 4 0.002998 0.118929 0.271303 0.003013 0.603758
4 4 0.000774 0.141576 0.211832 0.001273 0.644545
2 4 0.000079 0.034480 0.857701 0.030732 0.077008
2 2 0.000055 0.021078 0.860713 0.087180 0.030975
4 2 0.000511 0.022904 0.265992 0.017008 0.693585
2 2 0.000565 0.068644 0.702200 0.010287 0.218304
2 2 0.000588 0.019391 0.898547 0.035898 0.045575
2 2 0.000180 0.017221 0.847878 0.118273 0.016448
2 2 0.000439 0.125071 0.736135 0.014815 0.123541
2 2 0.000014 0.020532 0.928372 0.016191 0.034891
4 2 0.001828 0.048488 0.288422 0.017525 0.643737
2 2 0.000102 0.007773 0.872774 0.049235 0.070116
2 2 0.006937 0.208148 0.494909 0.000204 0.289803
2 2 0.000006 0.030258 0.935606 0.000886 0.033244
2 2 0.000154 0.033158 0.911190 0.001760 0.053738
2 2 0.000026 0.010983 0.937131 0.027296 0.024564
2 2 0.000286 0.009064 0.965384 0.023145 0.002122
2 2 0.000290 0.003845 0.990355 0.001296 0.004215
2 2 0.000001 0.000444 0.999377 0.000111 0.000067
2 2 0.000015 0.000323 0.937587 0.061956 0.000120
2 2 0.000004 0.000689 0.992170 0.006963 0.000174
2 2 0.000093 0.001241 0.992011 0.006543 0.000113
2 2 0.001143 0.039307 0.927810 0.000676 0.031064
2 2 0.000133 0.002405 0.977939 0.015631 0.003893
2 2 0.000114 0.001059 0.989576 0.005979 0.003272
2 2 0.000006 0.001636 0.978678 0.017720 0.001960
2 2 0.000005 0.000543 0.972737 0.026613 0.000101
2 2 0.000025 0.001886 0.698175 0.295956 0.003958
2 2 0.000170 0.007057 0.826160 0.156335 0.010278
2 2 0.000015 0.001201 0.966047 0.029760 0.002976
2 2 0.000011 0.002615 0.890140 0.096465 0.010769
2 2 0.000038 0.003108 0.988679 0.004192 0.003983
2 2 0.000081 0.000730 0.998297 0.000547 0.000345
2 2 0.000002 0.001131 0.886779 0.111036 0.001051
2 2 0.000000 0.000336 0.997833 0.001810 0.000021
2 2 0.000078 0.001561 0.882299 0.113100 0.002961
2 2 0.001154 0.006043 0.893448 0.075392 0.023963
2 2 0.000000 0.000078 0.999294 0.000624 0.000004
2 2 0.000231 0.008827 0.942764 0.012458 0.035721
2 2 0.000000 0.000151 0.994316 0.005532 0.000001
2 2 0.001389 0.004895 0.967059 0.020294 0.006364
2 2 0.000026 0.000750 0.929672 0.069525 0.000026
2 2 0.000120 0.003682 0.993549 0.001024 0.001626
2 2 0.000821 0.014979 0.967228 0.010380 0.006591
2 2 0.000200 0.003073 0.987217 0.008000 0.001509
2 2 0.000002 0.001177 0.932893 0.065138 0.000790
2 2 0.000002 0.001125 0.997868 0.000582 0.000423
2 2 0.000002 0.000154 0.709408 0.290336 0.000100
2 2 0.000003 0.000264 0.956550 0.043159 0.000025
2 2 0.000000 0.000009 0.996761 0.003230 0.000000
2 2 0.000019 0.001187 0.989746 0.007714 0.001334
2 2 0.000000 0.000031 0.887265 0.112696 0.000007
2 2 0.000050 0.002247 0.922830 0.073298 0.001575
2 2 0.000000 0.000257 0.998702 0.001029 0.000012
2 2 0.000001 0.000326 0.910383 0.089218 0.000072
2 2 0.000162 0.002508 0.983206 0.010663 0.003461
2 2 0.000434 0.001860 0.990062 0.007348 0.000296
2 2 0.000010 0.000383 0.983886 0.015604 0.000117
2 2 0.000000 0.000015 0.991497 0.008488 0.000001
2 2 0.000000 0.000184 0.716032 0.283739 0.000045
2 2 0.000003 0.000108 0.918593 0.081291 0.000005
2 2 0.000000 0.000005 0.998120 0.001875 0.000001
2 2 0.000051 0.004851 0.978983 0.011793 0.004323
2 2 0.000000 0.000213 0.960795 0.038990 0.000002
2 2 0.000000 0.000014 0.954219 0.045766 0.000001
2 2 0.000003 0.001775 0.978470 0.019689 0.000062
0 1 0.592430 0.311787 0.047067 0.000058 0.048657
0 1 0.834735 0.115026 0.039185 0.000047 0.011006
2 2 0.003317 0.450845 0.508963 0.000910 0.035964
4 2 0.019029 0.203778 0.057081 0.001459 0.718653
1 0 0.309949 0.498448 0.104545 0.000153 0.086906
0 0 0.623283 0.076129 0.031480 0.001416 0.267691
1 0 0.285724 0.335534 0.064401 0.000005 0.314336
0 0 0.678825 0.199786 0.031762 0.000022 0.089604
4 0 0.394768 0.119294 0.036306 0.000352 0.449281
4 0 0.055908 0.238977 0.172620 0.000038 0.532456
1 0 0.176091 0.647773 0.046916 0.000001 0.129218
1 0 0.210224 0.296304 0.205913 0.000102 0.287457
2 0 0.069567 0.358161 0.363735 0.000416 0.208121
1 0 0.459296 0.491116 0.036690 0.000003 0.012896
0 0 0.842869 0.120588 0.012375 0.000000 0.024167
1 1 0.264851 0.551971 0.118447 0.000019 0.064712
1 1 0.025685 0.561331 0.180532 0.000028 0.232424
1 1 0.031225 0.424453 0.194142 0.000881 0.349300
1 2 0.013772 0.613680 0.224603 0.000527 0.147418
4 2 0.027333 0.339887 0.252985 0.001031 0.378765
1 2 0.015311 0.559564 0.304201 0.000022 0.120903
2 2 0.004581 0.191315 0.752770 0.000108 0.051225
2 2 0.001617 0.138941 0.722009 0.002533 0.134899
0 1 0.556335 0.243266 0.111826 0.000043 0.088530
2 1 0.007986 0.249775 0.459350 0.000297 0.282592
4 1 0.004974 0.250696 0.119364 0.000180 0.624786
2 1 0.001849 0.279678 0.383762 0.001481 0.333230
2 1 0.000063 0.029075 0.830723 0.066724 0.073414
2 2 0.000609 0.002757 0.911069 0.083877 0.001688
2 2 0.000001 0.002552 0.995963 0.000792 0.000693
2 2 0.000009 0.002749 0.991411 0.003746 0.002085
2 2 0.000001 0.000429 0.998189 0.001375 0.000006
2 2 0.000009 0.004543 0.988638 0.005582 0.001228
2 2 0.000000 0.000022 0.995617 0.004360 0.000000
2 2 0.000024 0.003727 0.980085 0.013420 0.002745
2 2 0.000014 0.003314 0.995407 0.001052 0.000214
2 2 0.000102 0.001397 0.972223 0.025945 0.000333
2 2 0.000001 0.003582 0.995167 0.000461 0.000788
2 2 0.000002 0.000408 0.946708 0.052800 0.000082
2 2 0.000003 0.001086 0.957667 0.041010 0.000234
2 2 0.000005 0.002246 0.928605 0.067901 0.001243
2 2 0.003149 0.232703 0.584797 0.055883 0.123467
2 2 0.000299 0.033140 0.625850 0.282890 0.057822
2 2 0.000066 0.022907 0.927517 0.016909 0.032600
2 2 0.000005 0.017563 0.964614 0.002416 0.015401
2 2 0.000029 0.010721 0.869966 0.112363 0.006922
2 2 0.000823 0.030542 0.881316 0.029906 0.057412
2 2 0.004116 0.058335 0.654489 0.053130 0.229930
2 2 0.000378 0.107520 0.757356 0.000622 0.134124
4 2 0.005132 0.045247 0.104627 0.000418 0.844576
0 0 0.000000 0.000000 0.000000 0.000000 0.000000
0 0 0.000000 0.000000 0.000000 0.000000 0.000000
