0 0 0.969092 0.008638 0.004440 0.000719 0.017111
0 0 0.994224 0.002847 0.002790 0.000063 0.000076
0 0 0.994412 0.002988 0.001848 0.000052 0.000700
0 0 0.987430 0.008080 0.002987 0.000110 0.001393
0 0 0.951655 0.035957 0.009517 0.000018 0.002853
0 0 0.991325 0.005170 0.002032 0.000107 0.001367
0 0 0.997347 0.000949 0.000462 0.000049 0.001193
0 0 0.968617 0.015999 0.004187 0.000004 0.011193
0 0 0.984221 0.007799 0.002929 0.000074 0.004978
0 0 0.979929 0.011599 0.006118 0.000320 0.002034
0 0 0.892172 0.029092 0.075470 0.000881 0.002386
0 0 0.996393 0.001116 0.000443 0.000008 0.002041
0 0 0.997832 0.000891 0.000424 0.000044 0.000809
0 0 0.932862 0.034291 0.019880 0.000950 0.012017
0 0 0.989302 0.005036 0.004343 0.000460 0.000860
0 0 0.987995 0.007852 0.002868 0.000119 0.001165
0 0 0.985960 0.008838 0.002926 0.000027 0.002249
0 0 0.997185 0.001202 0.001155 0.000059 0.000399
0 0 0.966444 0.012584 0.008479 0.001201 0.011292
0 0 0.999673 0.000193 0.000079 0.000004 0.000051
0 0 0.985416 0.006977 0.002663 0.000072 0.004873
0 0 0.996686 0.001988 0.000847 0.000085 0.000394
0 0 0.997797 0.000752 0.000271 0.000003 0.001178
0 0 0.997087 0.001429 0.000813 0.000080 0.000591
0 0 0.934229 0.034931 0.013999 0.000803 0.016037
0 0 0.998231 0.000891 0.000360 0.000013 0.000506
0 0 0.939259 0.031017 0.026653 0.000184 0.002888
0 0 0.963282 0.007140 0.003531 0.000311 0.025736
0 0 0.996325 0.001720 0.000874 0.000212 0.000869
0 0 0.986671 0.003359 0.001583 0.000107 0.008279
0 0 0.956313 0.007893 0.028292 0.002967 0.004535
0 0 0.997988 0.000871 0.000632 0.000038 0.000471
0 0 0.994657 0.001724 0.000856 0.000101 0.002662
0 0 0.997893 0.001013 0.000471 0.000052 0.000571
0 0 0.997348 0.000723 0.000372 0.000046 0.001511
0 0 0.996332 0.001643 0.000636 0.000015 0.001374
0 0 0.996404 0.001701 0.000779 0.000077 0.001039
0 0 0.964454 0.014610 0.005915 0.000213 0.014809
0 0 0.990996 0.002141 0.001193 0.000273 0.005397
0 0 0.998946 0.000135 0.000064 0.000002 0.000853
0 0 0.998026 0.000511 0.000197 0.000002 0.001264
0 0 0.998151 0.000739 0.000573 0.000037 0.000499
0 0 0.979972 0.004325 0.006811 0.001756 0.007137
0 0 0.998432 0.000770 0.000298 0.000007 0.000493
0 0 0.976822 0.005555 0.002543 0.000139 0.014941
0 0 0.997484 0.000229 0.000125 0.000010 0.002152
0 0 0.989589 0.004186 0.002704 0.000079 0.003442
0 0 0.997591 0.000619 0.000234 0.000002 0.001554
0 0 0.996478 0.001118 0.000542 0.000050 0.001813
0 0 0.998869 0.000291 0.000116 0.000002 0.000722
0 0 0.995659 0.002158 0.000824 0.000021 0.001339
0 0 0.982798 0.007686 0.008374 0.000142 0.001000
0 0 0.997851 0.001256 0.000555 0.000068 0.000270
2 0 0.201093 0.172483 0.605309 0.002496 0.018619
0 0 0.976197 0.016036 0.005535 0.000173 0.002060
0 0 0.989712 0.006525 0.002029 0.000018 0.001717
0 0 0.865115 0.094905 0.035097 0.000295 0.004589
0 0 0.969349 0.017561 0.008587 0.000093 0.004411
0 0 0.975133 0.012803 0.006908 0.000105 0.005050
0 0 0.930587 0.038826 0.013983 0.000159 0.016445
0 0 0.997544 0.001241 0.000578 0.000073 0.000564
0 0 0.977663 0.007965 0.004396 0.001662 0.008315
0 0 0.988407 0.001917 0.000791 0.000013 0.008871
0 0 0.995373 0.001605 0.000753 0.000060 0.002209
0 0 0.994271 0.002067 0.001023 0.000135 0.002504
0 0 0.780917 0.061339 0.104241 0.046439 0.007064
0 0 0.953004 0.014587 0.025587 0.005149 0.001672
0 0 0.979112 0.013615 0.005033 0.000245 0.001994
0 0 0.997839 0.000863 0.000401 0.000033 0.000865
0 0 0.998265 0.001059 0.000436 0.000032 0.000209
0 0 0.997984 0.001147 0.000504 0.000052 0.000313
0 0 0.998813 0.000733 0.000297 0.000019 0.000138
0 0 0.998716 0.000596 0.000483 0.000043 0.000161
0 0 0.996715 0.001686 0.000790 0.000035 0.000775
0 0 0.997962 0.000423 0.000205 0.000012 0.001397
0 0 0.998497 0.000415 0.000215 0.000026 0.000847
0 0 0.999547 0.000238 0.000110 0.000012 0.000093
0 0 0.995522 0.002103 0.001235 0.000128 0.001012
0 0 0.953193 0.025614 0.011474 0.001552 0.008167
0 0 0.988841 0.006765 0.002492 0.000081 0.001821
0 0 0.935933 0.014345 0.023521 0.018600 0.007601
0 0 0.482117 0.235372 0.278506 0.000093 0.003913
0 0 0.995764 0.001798 0.002109 0.000063 0.000266
0 0 0.990150 0.005583 0.003795 0.000103 0.000369
0 0 0.953613 0.028506 0.017225 0.000020 0.000637
0 0 0.983055 0.012169 0.004164 0.000003 0.000609
0 0 0.938706 0.042520 0.009403 0.000003 0.009367
0 0 0.939694 0.043634 0.013330 0.000011 0.003332
0 0 0.701757 0.178987 0.115277 0.000010 0.003969
0 0 0.920098 0.057962 0.015775 0.000102 0.006064
0 0 0.956348 0.031784 0.009779 0.000199 0.001890
0 0 0.890812 0.065810 0.037704 0.000515 0.005158
1 0 0.171005 0.415030 0.384519 0.000260 0.029187
0 0 0.384858 0.286220 0.323686 0.000417 0.004819
0 0 0.967661 0.018978 0.009925 0.000437 0.002999
0 0 0.943445 0.028911 0.024464 0.000260 0.002920
0 0 0.597440 0.307810 0.074691 0.000021 0.020038
1 0 0.214897 0.564703 0.182855 0.000033 0.037513
0 0 0.961861 0.016077 0.021293 0.000159 0.000610
0 0 0.857389 0.075543 0.033116 0.000405 0.033546
0 0 0.996501 0.001209 0.001545 0.000561 0.000183
0 0 0.997869 0.001006 0.000328 0.000002 0.000795
0 0 0.964255 0.018986 0.007400 0.000315 0.009045
0 0 0.997008 0.001624 0.001120 0.000055 0.000193
0 0 0.986664 0.007063 0.002993 0.000227 0.003053
0 0 0.999098 0.000357 0.000193 0.000049 0.000304
0 0 0.992654 0.005074 0.001745 0.000055 0.000471
0 0 0.991423 0.003641 0.003587 0.000347 0.001003
0 0 0.993490 0.003130 0.001432 0.000113 0.001836
0 0 0.995920 0.002615 0.000891 0.000016 0.000557
0 0 0.993338 0.003488 0.001664 0.000076 0.001434
0 0 0.990978 0.003561 0.004964 0.000020 0.000477
0 0 0.969849 0.015446 0.007734 0.002934 0.004037
0 0 0.990128 0.003529 0.006169 0.000054 0.000121
0 0 0.953165 0.018692 0.026602 0.000195 0.001346
0 0 0.973709 0.016129 0.005878 0.000200 0.004084
0 0 0.999654 0.000119 0.000062 0.000008 0.000157
0 0 0.999083 0.000399 0.000168 0.000006 0.000343
0 0 0.996343 0.001877 0.001235 0.000043 0.000501
0 0 0.981505 0.014151 0.003534 0.000004 0.000806
0 0 0.992530 0.004778 0.001972 0.000239 0.000482
0 0 0.985949 0.009035 0.003634 0.000368 0.001014
0 0 0.957787 0.017581 0.006925 0.000221 0.017486
0 0 0.998843 0.000771 0.000276 0.000008 0.000102
0 0 0.940531 0.034340 0.013710 0.000931 0.010488
0 0 0.998716 0.000808 0.000251 0.000002 0.000224
0 0 0.989958 0.004164 0.001494 0.000019 0.004365
0 0 0.990578 0.004484 0.001693 0.000040 0.003206
0 0 0.998229 0.001189 0.000424 0.000007 0.000151
0 0 0.996801 0.001413 0.000649 0.000058 0.001079
0 0 0.996025 0.002482 0.000965 0.000050 0.000478
0 0 0.983196 0.001694 0.000730 0.000013 0.014368
0 0 0.997981 0.000797 0.000352 0.000019 0.000851
0 0 0.999163 0.000399 0.000187 0.000019 0.000232
0 0 0.998860 0.000456 0.000186 0.000005 0.000494
0 0 0.999434 0.000199 0.000098 0.000009 0.000261
0 0 0.997320 0.001466 0.000582 0.000023 0.000609
0 0 0.999931 0.000029 0.000014 0.000001 0.000025
0 0 0.996567 0.001601 0.000622 0.000016 0.001195
0 0 0.995813 0.001585 0.000807 0.000137 0.001657
0 0 0.998868 0.000398 0.000198 0.000022 0.000513
0 0 0.999791 0.000100 0.000045 0.000003 0.000062
0 0 0.988670 0.007186 0.002374 0.000028 0.001742
0 0 0.968381 0.020445 0.010830 0.000059 0.000285
0 0 0.985184 0.005121 0.009437 0.000075 0.000183
0 0 0.622138 0.224657 0.147094 0.000006 0.006106
0 0 0.935376 0.042033 0.021347 0.000022 0.001222
0 0 0.870019 0.102724 0.022582 0.000013 0.004662
0 0 0.980612 0.014052 0.005052 0.000004 0.000280
0 0 0.902699 0.079345 0.016560 0.000006 0.001390
0 0 0.996419 0.002275 0.000784 0.000015 0.000506
0 0 0.984243 0.010671 0.003879 0.000010 0.001198
0 0 0.959045 0.030764 0.006683 0.000007 0.003501
0 0 0.953411 0.032469 0.009056 0.000055 0.005009
0 0 0.525858 0.175220 0.296465 0.000209 0.002249
1 1 0.300386 0.389819 0.289693 0.000026 0.020076
1 1 0.235890 0.374196 0.248458 0.000721 0.140734
0 1 0.473084 0.238017 0.282570 0.000271 0.006058
1 1 0.146667 0.561047 0.216780 0.000399 0.075107
0 1 0.900788 0.069867 0.016337 0.000022 0.012986
1 2 0.352884 0.373014 0.260998 0.001324 0.011780
2 2 0.335080 0.160668 0.396068 0.045797 0.062387
2 2 0.115271 0.411723 0.450510 0.001104 0.021391
2 2 0.142347 0.338900 0.443407 0.003198 0.072146
2 2 0.053769 0.050718 0.887551 0.006452 0.001510
2 2 0.196734 0.144027 0.634795 0.011750 0.012694
1 2 0.171077 0.413152 0.246489 0.000122 0.169160
2 2 0.002037 0.027636 0.967216 0.001508 0.001602
2 2 0.016391 0.052904 0.928605 0.001753 0.000347
2 2 0.002116 0.035950 0.907174 0.050946 0.003814
2 1 0.291405 0.321162 0.381954 0.000707 0.004773
1 1 0.204354 0.392883 0.386140 0.000180 0.016444
2 0 0.096591 0.343679 0.540081 0.001112 0.018537
1 0 0.185427 0.576685 0.218386 0.000142 0.019360
1 0 0.290187 0.404033 0.287731 0.000605 0.017443
2 0 0.082899 0.185428 0.725086 0.000165 0.006421
0 0 0.825907 0.084328 0.088392 0.000237 0.001136
1 1 0.364774 0.459750 0.129191 0.000036 0.046249
0 1 0.897360 0.074244 0.024464 0.000344 0.003587
2 1 0.093489 0.170405 0.732363 0.001914 0.001828
2 1 0.143240 0.379620 0.473642 0.000086 0.003412
2 1 0.009584 0.087511 0.878873 0.021066 0.002966
2 2 0.158498 0.394061 0.420307 0.005810 0.021323
2 2 0.218124 0.237330 0.541258 0.000780 0.002509
2 2 0.004801 0.114042 0.879044 0.000475 0.001638
2 2 0.341956 0.235211 0.375070 0.005695 0.042069
2 2 0.010539 0.105326 0.875237 0.002048 0.006851
2 2 0.009408 0.039780 0.932011 0.018147 0.000654
2 2 0.025082 0.083337 0.885636 0.005036 0.000909
2 2 0.000649 0.015379 0.983383 0.000465 0.000124
2 2 0.003502 0.038361 0.956464 0.001404 0.000269
2 2 0.000126 0.007498 0.987457 0.004821 0.000097
2 2 0.000097 0.004031 0.983421 0.012411 0.000040
2 2 0.077013 0.037504 0.679032 0.204342 0.002109
2 2 0.268688 0.035064 0.678941 0.015832 0.001476
2 2 0.020427 0.081693 0.888938 0.006720 0.002223
2 2 0.000633 0.032394 0.957605 0.008433 0.000934
2 2 0.004187 0.011226 0.960142 0.024258 0.000187
2 3 0.018430 0.049284 0.915934 0.015391 0.000961
2 3 0.000293 0.002431 0.898615 0.098580 0.000081
2 3 0.007245 0.010014 0.905606 0.076915 0.000221
2 3 0.003283 0.013285 0.956609 0.026615 0.000208
3 3 0.003562 0.004166 0.421594 0.570318 0.000360
2 3 0.036980 0.014229 0.474335 0.473181 0.001276
2 3 0.056503 0.026368 0.889202 0.027472 0.000455
0 2 0.954783 0.022876 0.018748 0.001666 0.001926
2 2 0.027057 0.163401 0.781701 0.014951 0.012891
0 0 0.437023 0.128375 0.396675 0.029328 0.008599
2 0 0.062719 0.222511 0.700773 0.006285 0.007712
2 0 0.094870 0.207964 0.685953 0.002431 0.008782
0 0 0.893687 0.048251 0.020553 0.001543 0.035967
0 0 0.760920 0.144789 0.054536 0.002769 0.036986
1 0 0.182071 0.536831 0.169063 0.000042 0.111993
0 0 0.890019 0.030527 0.074283 0.000014 0.005157
0 0 0.991998 0.004806 0.002616 0.000130 0.000451
0 0 0.970003 0.024808 0.003758 0.000000 0.001431
0 0 0.981713 0.012467 0.003343 0.000012 0.002466
0 0 0.982159 0.009644 0.007374 0.000054 0.000769
0 0 0.710323 0.127347 0.106692 0.012456 0.043182
0 0 0.906583 0.051266 0.014212 0.000047 0.027892
0 0 0.574366 0.309743 0.074979 0.000006 0.040906
0 0 0.564710 0.296243 0.114139 0.001218 0.023690
0 0 0.985283 0.010090 0.002764 0.000012 0.001851
1 1 0.230908 0.450040 0.290888 0.000043 0.028120
0 1 0.470323 0.349870 0.119117 0.000013 0.060677
0 1 0.630415 0.199672 0.167661 0.000063 0.002189
0 1 0.931368 0.034202 0.027070 0.000589 0.006770
0 1 0.932871 0.022140 0.037206 0.003229 0.004554
0 1 0.385406 0.302969 0.306949 0.000056 0.004620
2 1 0.181175 0.259139 0.543498 0.002892 0.013295
0 1 0.418908 0.353749 0.186584 0.000304 0.040456
2 1 0.153570 0.289096 0.547971 0.000749 0.008614
0 1 0.939201 0.038177 0.013647 0.000469 0.008505
0 1 0.939849 0.032672 0.020687 0.000260 0.006531
0 1 0.692196 0.229029 0.072116 0.000006 0.006654
0 1 0.398991 0.338558 0.258608 0.000046 0.003798
1 1 0.223033 0.536691 0.191254 0.000280 0.048742
0 1 0.453381 0.340676 0.201605 0.000004 0.004333
2 1 0.142839 0.341643 0.484923 0.001301 0.029294
0 1 0.855246 0.078717 0.053210 0.000085 0.012742
0 1 0.714340 0.224551 0.055147 0.000036 0.005926
1 1 0.306282 0.457953 0.152788 0.000677 0.082300
0 1 0.418608 0.288761 0.275898 0.000099 0.016634
1 1 0.355487 0.430369 0.198590 0.000641 0.014913
2 1 0.002066 0.122710 0.871806 0.000462 0.002956
2 1 0.054258 0.361807 0.545959 0.000054 0.037922
2 2 0.040060 0.202729 0.749957 0.002824 0.004429
2 2 0.013081 0.047645 0.935894 0.001010 0.002371
2 0 0.102650 0.280574 0.614772 0.000121 0.001883
0 0 0.909368 0.039894 0.035238 0.010913 0.004587
0 0 0.929145 0.033748 0.019460 0.002208 0.015440
1 0 0.312269 0.458917 0.216188 0.000015 0.012611
0 0 0.971154 0.012254 0.004809 0.000147 0.011637
0 0 0.993421 0.004290 0.001762 0.000010 0.000516
0 0 0.644175 0.213933 0.135092 0.000211 0.006590
0 0 0.823072 0.118087 0.041505 0.001858 0.015479
0 0 0.938827 0.014560 0.043803 0.000814 0.001997
2 1 0.141704 0.295417 0.559248 0.000420 0.003212
2 1 0.122179 0.136934 0.724091 0.006865 0.009932
2 1 0.023918 0.110130 0.864296 0.000192 0.001465
2 2 0.028045 0.044957 0.924336 0.001793 0.000869
2 2 0.030923 0.192221 0.770749 0.000978 0.005129
2 2 0.005744 0.109680 0.878752 0.001735 0.004089
2 2 0.001617 0.025095 0.966721 0.006066 0.000501
2 2 0.110894 0.192645 0.693703 0.000715 0.002043
2 2 0.002009 0.007658 0.984999 0.005260 0.000073
2 2 0.004220 0.036145 0.958171 0.000603 0.000861
2 2 0.000068 0.001532 0.991206 0.007185 0.000008
0 2 0.567497 0.326964 0.095349 0.000057 0.010134
2 2 0.006891 0.023421 0.899950 0.061199 0.008539
2 2 0.010312 0.019492 0.960822 0.008088 0.001286
2 2 0.002479 0.008981 0.984170 0.003826 0.000544
2 2 0.002437 0.014973 0.969101 0.012663 0.000826
2 2 0.014664 0.011750 0.919759 0.052289 0.001537
2 2 0.009528 0.029481 0.932869 0.027411 0.000711
2 2 0.137267 0.217881 0.634079 0.005868 0.004905
2 2 0.000426 0.002610 0.989619 0.007332 0.000013
2 2 0.031275 0.019797 0.900307 0.047401 0.001220
2 2 0.024757 0.025028 0.882438 0.066222 0.001554
2 2 0.000078 0.001233 0.997559 0.001118 0.000011
2 2 0.001134 0.016719 0.979671 0.002367 0.000110
2 2 0.000634 0.006848 0.819947 0.172287 0.000285
3 3 0.000003 0.000056 0.371772 0.628167 0.000002
2 3 0.000419 0.001806 0.845581 0.152114 0.000080
2 3 0.001268 0.001119 0.808159 0.189433 0.000022
2 3 0.019542 0.009976 0.743071 0.226743 0.000668
3 3 0.000949 0.001652 0.290874 0.706357 0.000168
3 3 0.048631 0.035005 0.386410 0.515204 0.014750
3 3 0.010061 0.007477 0.350421 0.630934 0.001107
3 3 0.000172 0.000283 0.072411 0.927078 0.000056
2 3 0.006383 0.011044 0.929638 0.052729 0.000205
3 3 0.002569 0.003253 0.051153 0.938900 0.004126
3 3 0.001352 0.000336 0.100741 0.897535 0.000037
3 3 0.001452 0.003324 0.075043 0.917886 0.002295
3 3 0.112875 0.015473 0.097895 0.767329 0.006428
3 3 0.008184 0.005833 0.060746 0.920188 0.005048
3 3 0.018156 0.005299 0.089312 0.884832 0.002400
3 3 0.010416 0.003323 0.054911 0.929448 0.001901
3 3 0.002394 0.001279 0.036050 0.959339 0.000938
3 3 0.001770 0.000483 0.010603 0.986151 0.000993
3 3 0.005468 0.003566 0.171066 0.819048 0.000852
3 3 0.023839 0.003219 0.067021 0.904462 0.001460
3 3 0.001447 0.000746 0.015592 0.979984 0.002232
3 3 0.144451 0.028399 0.059557 0.696738 0.070856
3 3 0.000327 0.000632 0.015810 0.982385 0.000847
3 3 0.044867 0.008971 0.046500 0.891875 0.007787
3 3 0.000082 0.000076 0.004836 0.994895 0.000112
3 3 0.001524 0.000278 0.009538 0.988384 0.000276
3 3 0.011606 0.001210 0.020418 0.965826 0.000941
3 3 0.002117 0.000602 0.018323 0.978515 0.000443
3 3 0.001265 0.001345 0.021851 0.974050 0.001488
3 3 0.000615 0.000373 0.009546 0.988950 0.000517
3 3 0.014167 0.003005 0.017104 0.960699 0.005025
3 3 0.000003 0.000003 0.003299 0.996693 0.000002
3 3 0.001566 0.000469 0.021307 0.976393 0.000265
3 3 0.030379 0.003976 0.026107 0.935249 0.004289
3 3 0.000015 0.000005 0.000532 0.999428 0.000021
3 3 0.000153 0.000180 0.005567 0.993740 0.000360
3 3 0.000109 0.000823 0.106092 0.892631 0.000346
3 3 0.030289 0.003676 0.006286 0.940499 0.019250
3 3 0.001428 0.000515 0.007474 0.989520 0.001063
3 3 0.008714 0.000959 0.015007 0.974362 0.000958
3 3 0.000009 0.000046 0.015693 0.984231 0.000021
3 3 0.000965 0.000559 0.009999 0.987400 0.001076
3 3 0.002224 0.003042 0.035160 0.956054 0.003520
3 3 0.005080 0.003926 0.041745 0.945957 0.003293
3 3 0.015230 0.004834 0.047064 0.927187 0.005685
3 3 0.027860 0.005160 0.079238 0.885430 0.002311
3 3 0.121883 0.011906 0.059124 0.797956 0.009132
3 3 0.007362 0.000854 0.019668 0.971522 0.000595
3 3 0.000013 0.000007 0.000724 0.999234 0.000022
3 3 0.001418 0.000497 0.018470 0.979275 0.000340
3 3 0.057670 0.006935 0.056378 0.875149 0.003869
3 3 0.001172 0.001681 0.077326 0.918695 0.001126
3 3 0.000091 0.000034 0.001712 0.998006 0.000157
3 3 0.006996 0.000427 0.022273 0.970140 0.000164
3 3 0.000197 0.000795 0.029910 0.968324 0.000774
3 3 0.113817 0.014747 0.252238 0.616764 0.002433
3 3 0.000344 0.000093 0.002284 0.996986 0.000293
3 3 0.000030 0.000016 0.003394 0.996547 0.000014
3 3 0.030842 0.003516 0.010894 0.945208 0.009541
3 3 0.000926 0.000180 0.002056 0.995997 0.000841
3 3 0.005698 0.002157 0.020184 0.967835 0.004126
3 3 0.220583 0.005405 0.019308 0.746351 0.008353
3 3 0.000194 0.000156 0.011534 0.987997 0.000119
3 3 0.003040 0.000336 0.008733 0.987519 0.000372
3 3 0.000587 0.000277 0.004100 0.994199 0.000838
3 3 0.008494 0.001432 0.032547 0.956680 0.000847
3 3 0.033829 0.016797 0.045990 0.869774 0.033610
3 3 0.005013 0.003766 0.034751 0.952404 0.004065
3 3 0.000303 0.000170 0.004763 0.994414 0.000350
3 3 0.000386 0.000166 0.003660 0.995348 0.000439
3 3 0.001420 0.000848 0.010616 0.984104 0.003013
3 3 0.014926 0.006154 0.134167 0.843289 0.001464
3 3 0.002923 0.000577 0.006723 0.988536 0.001241
3 3 0.068275 0.012385 0.027514 0.868880 0.022945
3 3 0.000249 0.000100 0.002346 0.996964 0.000340
3 3 0.005539 0.002132 0.009824 0.975603 0.006903
3 3 0.034438 0.002439 0.016719 0.943213 0.003191
3 3 0.004888 0.002136 0.054765 0.932775 0.005436
3 3 0.002326 0.000487 0.006698 0.989158 0.001332
3 3 0.009751 0.001952 0.072629 0.915100 0.000568
3 3 0.011165 0.002436 0.037851 0.946990 0.001557
3 3 0.018845 0.005338 0.037698 0.932503 0.005617
3 3 0.000675 0.000685 0.011442 0.985507 0.001692
3 3 0.001093 0.000400 0.006894 0.990785 0.000827
3 3 0.005516 0.000503 0.003270 0.988678 0.002033
3 3 0.033630 0.002108 0.017262 0.944074 0.002926
3 3 0.002117 0.000231 0.025346 0.972216 0.000089
3 3 0.000128 0.000137 0.018961 0.980616 0.000159
3 3 0.000300 0.000083 0.006164 0.993375 0.000079
3 3 0.005959 0.001476 0.018852 0.972114 0.001600
3 3 0.000913 0.000165 0.007694 0.991067 0.000161
3 3 0.028119 0.010056 0.027184 0.909353 0.025288
3 3 0.000246 0.000091 0.002126 0.997216 0.000321
3 3 0.007622 0.000607 0.005496 0.983247 0.003029
3 3 0.000169 0.000045 0.001297 0.998297 0.000191
3 3 0.000559 0.000298 0.025745 0.973256 0.000142
1 0 0.352760 0.416189 0.148543 0.004195 0.078313
4 0 0.171691 0.154767 0.108609 0.017723 0.547209
2 1 0.033251 0.043170 0.873514 0.041392 0.008673
2 1 0.141182 0.016498 0.790622 0.038362 0.013335
2 1 0.000274 0.000510 0.988599 0.010561 0.000056
2 2 0.021072 0.030623 0.669373 0.213500 0.065433
2 2 0.002091 0.004752 0.914246 0.073941 0.004970
2 2 0.003355 0.006101 0.886012 0.089520 0.015012
2 2 0.000157 0.003789 0.966596 0.022483 0.006976
2 2 0.000195 0.006336 0.938931 0.051922 0.002617
2 2 0.002008 0.183586 0.503108 0.000374 0.310924
2 2 0.000235 0.017772 0.959194 0.000972 0.021827
2 2 0.000833 0.049319 0.869999 0.001847 0.078001
2 2 0.000845 0.096235 0.577715 0.000774 0.324431
2 2 0.000742 0.017184 0.968725 0.008467 0.004883
2 2 0.000459 0.049722 0.888889 0.000972 0.059957
4 2 0.006123 0.161269 0.393752 0.000243 0.438614
2 2 0.007144 0.029925 0.890178 0.005632 0.067121
2 2 0.000487 0.046953 0.815184 0.000727 0.136649
2 2 0.000363 0.040310 0.880824 0.000899 0.077604
2 2 0.011413 0.069145 0.634144 0.008980 0.276318
2 2 0.000942 0.038462 0.943904 0.000743 0.015949
2 2 0.002233 0.126001 0.520713 0.001687 0.349366
2 2 0.000523 0.011572 0.976715 0.002330 0.008860
4 2 0.002302 0.087051 0.308099 0.000137 0.602411
4 2 0.004172 0.133884 0.302943 0.000147 0.558854
4 2 0.003801 0.171025 0.273159 0.000082 0.551933
2 2 0.039018 0.208629 0.611449 0.001055 0.139849
4 2 0.008428 0.062996 0.096736 0.000572 0.831269
2 2 0.000564 0.022859 0.856459 0.058123 0.061994
2 2 0.000453 0.043334 0.835426 0.010424 0.110363
2 2 0.002476 0.028133 0.949624 0.003802 0.015965
2 2 0.000270 0.017923 0.975460 0.001332 0.005015
2 2 0.000883 0.006152 0.952333 0.034255 0.006377
2 2 0.000209 0.010347 0.962093 0.003918 0.023432
2 2 0.000461 0.031080 0.893485 0.009277 0.065696
2 2 0.000070 0.018122 0.967617 0.000520 0.013672
2 2 0.003281 0.014031 0.938243 0.021439 0.023006
2 2 0.118820 0.034224 0.744466 0.020556 0.081934
2 2 0.007374 0.024781 0.960386 0.001485 0.005975
2 2 0.001801 0.004938 0.798211 0.138997 0.056053
2 2 0.000827 0.005263 0.951586 0.027526 0.014797
2 2 0.002100 0.003565 0.992816 0.000482 0.001038
2 2 0.000042 0.001711 0.996806 0.001106 0.000336
2 2 0.000046 0.000517 0.990565 0.008818 0.000054
2 2 0.002873 0.026859 0.938579 0.002612 0.029077
2 2 0.047883 0.039403 0.906206 0.001202 0.005307
2 2 0.000412 0.006831 0.963686 0.028404 0.000666
2 2 0.010527 0.005407 0.977621 0.006181 0.000263
2 2 0.015314 0.040688 0.743227 0.132664 0.068108
2 2 0.005116 0.007501 0.944427 0.036985 0.005970
2 2 0.003199 0.002593 0.956491 0.037557 0.000159
2 2 0.031827 0.014274 0.822699 0.114125 0.017075
2 2 0.051822 0.032267 0.733415 0.045229 0.137268
2 2 0.003383 0.004688 0.957113 0.034334 0.000482
2 2 0.006952 0.009185 0.945757 0.026384 0.011722
2 2 0.000223 0.002112 0.942084 0.055447 0.000134
2 2 0.254784 0.035890 0.649998 0.054564 0.004763
2 2 0.059020 0.020776 0.766880 0.125749 0.027575
2 2 0.019305 0.015370 0.803824 0.119336 0.042165
2 2 0.068630 0.061207 0.858019 0.004991 0.007154
2 2 0.001063 0.007607 0.980306 0.009565 0.001458
2 2 0.017250 0.009555 0.909838 0.046407 0.016949
0 0 0.621524 0.237346 0.100689 0.011390 0.029051
0 0 0.535284 0.227925 0.160767 0.035959 0.040066
2 2 0.201104 0.138687 0.629806 0.011689 0.018714
2 2 0.013696 0.023731 0.873199 0.087886 0.001488
2 2 0.071548 0.030885 0.884289 0.013033 0.000246
2 2 0.018120 0.068495 0.901527 0.010625 0.001233
2 2 0.214621 0.059179 0.721084 0.003644 0.001471
2 2 0.003327 0.007303 0.986851 0.002495 0.000023
2 2 0.187403 0.038009 0.684230 0.084353 0.006006
2 2 0.039292 0.095663 0.845136 0.014554 0.005354
2 2 0.030483 0.204990 0.719214 0.001997 0.043315
0 2 0.856969 0.084211 0.045312 0.000848 0.012660
2 2 0.000721 0.001128 0.896405 0.101729 0.000017
2 2 0.001153 0.008180 0.988522 0.001564 0.000580
2 2 0.000400 0.004093 0.952790 0.042463 0.000254
2 2 0.042129 0.013269 0.760452 0.183512 0.000638
2 2 0.002804 0.001945 0.966146 0.028945 0.000160
2 2 0.071180 0.049047 0.874111 0.004397 0.001264
2 2 0.030893 0.108482 0.845189 0.002609 0.012827
2 2 0.021872 0.031822 0.943659 0.001967 0.000679
2 2 0.051724 0.107958 0.635185 0.189741 0.015392
2 2 0.168531 0.100018 0.723321 0.003236 0.004894
2 2 0.029079 0.008218 0.901365 0.061114 0.000224
2 0 0.025199 0.336184 0.582057 0.000498 0.056061
0 0 0.817603 0.110274 0.064497 0.000409 0.007217
2 2 0.027340 0.129358 0.757960 0.002635 0.082706
2 2 0.046695 0.048765 0.902600 0.000381 0.001559
0 2 0.757524 0.049837 0.182047 0.003081 0.007510
2 2 0.026391 0.041214 0.918827 0.010771 0.002796
2 2 0.046217 0.163595 0.780781 0.006020 0.003387
2 2 0.001555 0.021007 0.975481 0.001670 0.000287
2 0 0.010355 0.141885 0.823541 0.015607 0.008612
0 0 0.934115 0.033136 0.030058 0.001548 0.001143
0 0 0.966209 0.021955 0.010837 0.000259 0.000740
0 0 0.874967 0.065124 0.032447 0.000294 0.027168
0 0 0.909497 0.059287 0.023272 0.000117 0.007828
0 0 0.714040 0.188136 0.066437 0.000132 0.031256
0 0 0.793445 0.121058 0.083706 0.000058 0.001733
0 0 0.531265 0.253668 0.200455 0.001098 0.013514
1 0 0.317131 0.372390 0.278040 0.003386 0.029053
0 0 0.835623 0.081022 0.056902 0.002319 0.024133
0 0 0.652282 0.185543 0.136071 0.001268 0.024836
0 0 0.982816 0.007312 0.004383 0.000857 0.004632
0 0 0.955085 0.028272 0.011470 0.001269 0.003904
1 0 0.058300 0.486497 0.291128 0.001076 0.162998
0 0 0.900997 0.057595 0.035130 0.000747 0.005531
0 0 0.833253 0.066859 0.089126 0.005790 0.004972
0 0 0.980180 0.013327 0.003878 0.000019 0.002595
0 0 0.370459 0.248416 0.223355 0.044495 0.113275
0 0 0.892846 0.085403 0.016079 0.000005 0.005668
1 0 0.210228 0.367987 0.304575 0.000079 0.117132
0 0 0.767936 0.132728 0.080861 0.001474 0.017000
1 0 0.203162 0.368762 0.365180 0.015523 0.047373
1 1 0.378606 0.403664 0.114694 0.000160 0.102876
0 1 0.894288 0.053534 0.045527 0.001970 0.004681
2 1 0.065478 0.326849 0.559219 0.016134 0.032320
0 1 0.605706 0.231635 0.133486 0.004015 0.025158
2 1 0.179803 0.328158 0.481999 0.001038 0.009002
2 1 0.107238 0.283186 0.592801 0.006950 0.009825
0 1 0.432682 0.349121 0.189854 0.006108 0.022236
1 1 0.251056 0.478220 0.164310 0.000672 0.105743
1 1 0.076289 0.507757 0.307621 0.001180 0.107152
2 1 0.061131 0.426424 0.441373 0.008501 0.062571
1 0 0.237813 0.469788 0.264986 0.000449 0.026964
0 0 0.440982 0.269833 0.185570 0.004393 0.099223
1 0 0.251428 0.504933 0.182619 0.000777 0.060243
0 1 0.489437 0.382131 0.117060 0.000168 0.011205
1 1 0.361751 0.439277 0.132367 0.000187 0.066418
0 1 0.826437 0.127578 0.030736 0.000051 0.015198
0 0 0.906227 0.049387 0.026038 0.000128 0.018219
0 0 0.772542 0.119986 0.055089 0.012149 0.040234
0 0 0.891936 0.061820 0.030115 0.001740 0.014388
0 0 0.868447 0.078301 0.021283 0.000073 0.031897
0 0 0.894861 0.073758 0.029280 0.000071 0.002030
0 0 0.558485 0.335370 0.098690 0.000126 0.007328
0 0 0.725491 0.206669 0.061224 0.000034 0.006581
0 0 0.897714 0.059779 0.016321 0.000054 0.026133
1 0 0.156688 0.576765 0.222607 0.000259 0.043681
0 0 0.709068 0.127756 0.151240 0.001431 0.010505
0 0 0.684691 0.161536 0.152543 0.000063 0.001167
0 0 0.477998 0.262998 0.254157 0.000076 0.004771
0 0 0.830350 0.112404 0.043088 0.000365 0.013794
1 0 0.222144 0.548664 0.201335 0.000242 0.027615
0 0 0.892550 0.079152 0.022456 0.000080 0.005762
0 1 0.925546 0.055600 0.015867 0.000211 0.002777
1 1 0.096465 0.596931 0.265511 0.000525 0.040568
0 1 0.585345 0.257166 0.143326 0.002373 0.011790
0 1 0.483557 0.271404 0.242576 0.000076 0.002387
2 1 0.068850 0.188132 0.728532 0.002881 0.011604
1 0 0.383399 0.457056 0.131728 0.000026 0.027791
0 0 0.897363 0.073583 0.017770 0.000015 0.011269
0 0 0.885886 0.068156 0.031181 0.000159 0.014619
0 0 0.591642 0.282389 0.115402 0.000107 0.010460
0 0 0.695272 0.219901 0.081199 0.000054 0.003574
2 0 0.296669 0.250327 0.327047 0.031901 0.094055
1 0 0.304492 0.419928 0.131647 0.000309 0.143624
1 0 0.214923 0.473804 0.148326 0.000136 0.162811
0 0 0.953672 0.024600 0.016701 0.000797 0.004229
0 0 0.608734 0.277800 0.064231 0.000033 0.049202
1 0 0.357118 0.391886 0.198375 0.000036 0.052584
2 0 0.034511 0.215418 0.720911 0.012351 0.016808
0 0 0.771439 0.169604 0.050032 0.000234 0.008690
0 0 0.510953 0.357271 0.120428 0.000122 0.011226
0 0 0.646353 0.213600 0.120828 0.000138 0.019081
0 0 0.628905 0.266412 0.058499 0.000005 0.046178
0 0 0.704239 0.170727 0.055071 0.000778 0.069185
0 0 0.761020 0.132306 0.073335 0.000291 0.033048
0 0 0.669698 0.148907 0.133364 0.001248 0.046783
0 0 0.953436 0.022588 0.022957 0.000255 0.000764
1 0 0.197733 0.530804 0.236090 0.000138 0.035236
0 0 0.595201 0.257297 0.143636 0.000167 0.003699
1 0 0.117666 0.431110 0.239228 0.002603 0.209392
2 0 0.123628 0.268224 0.601282 0.000024 0.006842
0 0 0.467652 0.293791 0.112127 0.006329 0.120101
0 0 0.946221 0.014856 0.008572 0.000473 0.029879
0 0 0.956295 0.025571 0.014358 0.000188 0.003588
2 0 0.294279 0.302733 0.397136 0.000974 0.004877
2 0 0.059084 0.230317 0.686784 0.013980 0.009835
0 0 0.964356 0.025889 0.008252 0.000237 0.001266
0 0 0.895162 0.072539 0.023158 0.000050 0.009092
0 0 0.966034 0.027596 0.006144 0.000006 0.000221
0 0 0.988514 0.009117 0.001409 0.000000 0.000960
0 0 0.915749 0.059564 0.016482 0.000107 0.008098
1 0 0.386617 0.439924 0.154551 0.000128 0.018781
0 0 0.780283 0.159433 0.035143 0.000011 0.025131
0 0 0.596339 0.297371 0.097064 0.000012 0.009214
0 0 0.602190 0.227601 0.164667 0.000106 0.005436
2 0 0.092830 0.273751 0.626802 0.000450 0.006167
0 0 0.766140 0.127143 0.099545 0.000568 0.006604
0 0 0.970899 0.019895 0.003194 0.000000 0.006013
0 0 0.692469 0.134622 0.051733 0.001860 0.119316
0 0 0.418553 0.416227 0.138264 0.000720 0.026236
0 0 0.853724 0.103529 0.039263 0.000148 0.003336
1 1 0.130525 0.517294 0.302884 0.000422 0.048875
1 1 0.168571 0.499683 0.257073 0.000272 0.074401
2 1 0.244344 0.259165 0.454993 0.014651 0.026846
1 1 0.102683 0.516349 0.332650 0.001440 0.046878
2 1 0.042031 0.176898 0.774830 0.000755 0.005486
2 2 0.012993 0.062986 0.918800 0.002823 0.002398
2 2 0.019145 0.130638 0.846102 0.000178 0.003937
2 2 0.004971 0.017488 0.976145 0.001187 0.000210
2 2 0.125466 0.038144 0.826532 0.008827 0.001030
2 2 0.009499 0.011784 0.965018 0.013595 0.000105
2 2 0.000002 0.000250 0.999585 0.000161 0.000002
2 2 0.016379 0.026913 0.948638 0.007111 0.000959
2 2 0.000014 0.000815 0.992014 0.007151 0.000005
2 2 0.057931 0.247103 0.684299 0.003792 0.006875
2 2 0.008407 0.057537 0.931238 0.001143 0.001676
2 2 0.005615 0.048527 0.945007 0.000261 0.000590
2 2 0.002580 0.026021 0.970680 0.000427 0.000291
2 2 0.139185 0.081573 0.775584 0.001864 0.001794
0 2 0.596356 0.059418 0.335498 0.002228 0.006500
2 2 0.000104 0.007706 0.992106 0.000066 0.000019
2 2 0.000180 0.002253 0.995591 0.001962 0.000014
2 2 0.005494 0.022649 0.966216 0.005453 0.000189
2 2 0.003312 0.032020 0.949458 0.013578 0.001631
2 2 0.320724 0.034060 0.641338 0.001546 0.002333
2 2 0.000615 0.001656 0.994995 0.002708 0.000026
2 2 0.052072 0.030197 0.899693 0.011764 0.006275
2 2 0.022863 0.019264 0.956412 0.001386 0.000073
2 2 0.000136 0.001472 0.978184 0.020197 0.000011
2 2 0.003770 0.007718 0.983884 0.004090 0.000538
2 2 0.006097 0.006292 0.937927 0.049301 0.000383
2 2 0.000033 0.002914 0.995952 0.001090 0.000011
2 2 0.033718 0.008940 0.875326 0.081607 0.000409
2 2 0.006304 0.015801 0.974478 0.003297 0.000120
2 2 0.000001 0.000126 0.994208 0.005664 0.000000
2 2 0.000074 0.003851 0.995161 0.000898 0.000015
2 2 0.001630 0.002387 0.965365 0.030599 0.000019
2 2 0.000027 0.000335 0.892647 0.106986 0.000005
2 2 0.000001 0.000013 0.992696 0.007290 0.000000
2 2 0.000347 0.005795 0.987154 0.006496 0.000208
2 2 0.000123 0.004763 0.992846 0.002246 0.000022
2 2 0.003398 0.006638 0.943086 0.046783 0.000095
2 3 0.009306 0.012627 0.958892 0.018516 0.000660
2 3 0.001926 0.009548 0.972181 0.016024 0.000321
2 3 0.006246 0.008643 0.818531 0.166339 0.000242
2 3 0.000706 0.016262 0.978195 0.004675 0.000161
2 3 0.026678 0.029347 0.731962 0.207788 0.004225
3 3 0.006685 0.004018 0.465623 0.522806 0.000868
2 3 0.000515 0.001678 0.835815 0.161956 0.000035
2 3 0.001721 0.006349 0.958353 0.033488 0.000089
2 3 0.005621 0.017217 0.883795 0.089530 0.003838
2 3 0.016146 0.018491 0.590956 0.372622 0.001786
2 3 0.012866 0.017714 0.798236 0.170198 0.000986
2 3 0.000008 0.000478 0.941677 0.057831 0.000006
3 3 0.000031 0.000123 0.021615 0.978156 0.000076
2 3 0.000058 0.000634 0.685526 0.313763 0.000018
2 3 0.003141 0.004394 0.804497 0.187409 0.000559
3 3 0.000111 0.000393 0.269354 0.730080 0.000062
2 3 0.002342 0.010632 0.721741 0.261724 0.003560
2 3 0.011905 0.017838 0.655597 0.310466 0.004194
2 3 0.005932 0.003090 0.586359 0.404501 0.000117
3 3 0.057012 0.016721 0.178228 0.738403 0.009636
3 3 0.024939 0.004703 0.299497 0.670185 0.000676
3 3 0.009622 0.022624 0.313271 0.634969 0.019514
3 3 0.000560 0.000246 0.026087 0.973012 0.000095
3 3 0.001929 0.002041 0.089103 0.906078 0.000849
3 3 0.000024 0.000259 0.235872 0.763799 0.000046
3 3 0.001554 0.000714 0.033230 0.963784 0.000718
3 3 0.004681 0.002213 0.174660 0.818024 0.000422
3 3 0.001769 0.005641 0.465104 0.525899 0.001587
3 3 0.000010 0.000047 0.033859 0.966071 0.000013
3 3 0.004157 0.008388 0.105028 0.877325 0.005102
3 3 0.003065 0.002951 0.152000 0.841189 0.000795
3 3 0.014291 0.001672 0.043955 0.939446 0.000636
3 3 0.000787 0.000849 0.158952 0.839293 0.000119
3 3 0.088941 0.017892 0.200012 0.687739 0.005417
3 3 0.003630 0.001056 0.023012 0.971314 0.000987
2 3 0.007845 0.007688 0.638429 0.345574 0.000464
3 3 0.004526 0.002914 0.490753 0.501583 0.000224
2 2 0.033897 0.018085 0.843749 0.102878 0.001391
0 2 0.501090 0.242375 0.112017 0.003235 0.141283
2 2 0.101625 0.319896 0.560036 0.001231 0.017212
2 2 0.026560 0.014030 0.955943 0.003275 0.000191
2 2 0.084282 0.025768 0.884601 0.004277 0.001072
2 2 0.000007 0.000202 0.875453 0.124335 0.000002
2 2 0.173932 0.033867 0.735371 0.052054 0.004775
2 2 0.000761 0.003163 0.995189 0.000848 0.000039
2 2 0.241359 0.084146 0.673645 0.000210 0.000639
2 2 0.027084 0.030425 0.930120 0.011653 0.000718
2 2 0.001988 0.028484 0.967447 0.001869 0.000213
2 2 0.001330 0.001219 0.943811 0.053622 0.000018
2 2 0.002171 0.002271 0.905208 0.090235 0.000115
2 2 0.002613 0.013678 0.749081 0.233066 0.001561
1 2 0.374983 0.377375 0.179369 0.000580 0.067694
2 2 0.000071 0.000902 0.998665 0.000356 0.000006
2 2 0.024927 0.080775 0.842251 0.010383 0.041664
2 2 0.005677 0.034049 0.840097 0.002666 0.117511
2 2 0.004676 0.023596 0.961746 0.000874 0.009107
2 2 0.000158 0.028115 0.952158 0.000258 0.019311
4 2 0.004768 0.082943 0.213481 0.001038 0.697769
4 4 0.001656 0.077248 0.377108 0.000696 0.543292
2 4 0.026093 0.240110 0.418874 0.003417 0.311506
4 4 0.002851 0.136472 0.338866 0.000096 0.521716
4 4 0.022768 0.029208 0.083861 0.006064 0.858100
4 4 0.001335 0.081648 0.281755 0.000202 0.635060
4 4 0.007457 0.260265 0.308809 0.000049 0.423420
4 4 0.003237 0.110862 0.154247 0.000193 0.731461
4 4 0.005105 0.030772 0.109264 0.000489 0.854370
1 4 0.372409 0.399149 0.116445 0.000055 0.111942
2 4 0.010543 0.332360 0.407131 0.000318 0.249648
4 4 0.023638 0.145972 0.191971 0.000825 0.637594
4 4 0.062374 0.179646 0.182561 0.006460 0.568959
4 4 0.062130 0.041518 0.166484 0.002509 0.727359
4 4 0.038633 0.042365 0.086491 0.001524 0.830987
2 4 0.005914 0.242401 0.447536 0.000468 0.303681
4 4 0.017143 0.296826 0.274963 0.000169 0.410897
4 4 0.027444 0.059290 0.048979 0.000395 0.863893
2 4 0.007330 0.146695 0.678088 0.000196 0.167691
2 4 0.127923 0.328020 0.397653 0.000054 0.146349
4 4 0.166269 0.049722 0.017790 0.000096 0.766123
4 4 0.034694 0.036141 0.045503 0.002127 0.881535
4 4 0.369681 0.039387 0.018465 0.000727 0.571740
4 4 0.029763 0.029912 0.012640 0.000197 0.927489
4 4 0.042316 0.034643 0.016233 0.000593 0.906215
4 4 0.042923 0.007965 0.008214 0.000714 0.940184
4 4 0.262503 0.026641 0.011885 0.000238 0.698733
4 4 0.375602 0.012881 0.011706 0.000221 0.599589
4 4 0.067283 0.034613 0.020115 0.000661 0.877327
4 4 0.054515 0.039492 0.023082 0.001842 0.881069
4 4 0.074933 0.063823 0.020087 0.000047 0.841111
4 4 0.061458 0.162318 0.190309 0.003019 0.582896
4 4 0.008648 0.166069 0.156198 0.000053 0.669032
4 4 0.003467 0.112152 0.283254 0.000958 0.600170
4 4 0.032339 0.031329 0.038836 0.000356 0.897141
4 4 0.010974 0.068319 0.175328 0.002602 0.742777
4 4 0.007417 0.109657 0.349147 0.000387 0.533393
0 4 0.565123 0.052228 0.061936 0.001171 0.319541
1 4 0.113148 0.330376 0.231169 0.000324 0.324983
4 4 0.006772 0.148465 0.229288 0.000155 0.615320
4 4 0.005220 0.177005 0.401644 0.000044 0.416086
2 4 0.013983 0.069586 0.499040 0.002062 0.415329
4 4 0.009283 0.171033 0.328449 0.008029 0.483206
4 4 0.014169 0.092703 0.144422 0.002539 0.746167
4 4 0.037001 0.103771 0.292527 0.004282 0.562419
2 4 0.011302 0.209413 0.701609 0.000586 0.077090
4 4 0.001974 0.125045 0.355407 0.000697 0.516878
4 4 0.034544 0.053915 0.048591 0.002423 0.860527
4 4 0.030197 0.023181 0.018730 0.000588 0.927303
4 4 0.149196 0.014660 0.007193 0.000205 0.828747
4 4 0.018376 0.012097 0.012395 0.000169 0.956962
4 4 0.023195 0.108347 0.343702 0.007086 0.517670
4 4 0.086334 0.110550 0.270523 0.001514 0.531079
4 4 0.052169 0.094591 0.129592 0.003262 0.720387
4 4 0.093463 0.118760 0.204137 0.000559 0.583081
4 4 0.083083 0.182312 0.129595 0.000542 0.604468
4 4 0.032139 0.079314 0.388894 0.003251 0.496401
4 4 0.027512 0.091697 0.206466 0.003561 0.670764
4 4 0.004006 0.124012 0.214565 0.000017 0.657399
4 4 0.013843 0.140351 0.077211 0.000132 0.768463
4 4 0.042911 0.125950 0.186071 0.001310 0.643759
4 4 0.019699 0.183240 0.135314 0.000012 0.661734
4 4 0.006077 0.074374 0.182173 0.000878 0.736498
4 4 0.043160 0.204491 0.119862 0.000495 0.631992
4 4 0.007066 0.063053 0.191621 0.001288 0.736973
4 4 0.017733 0.113753 0.160892 0.000747 0.706875
2 4 0.003703 0.135972 0.570951 0.000173 0.289201
4 4 0.034275 0.067382 0.054579 0.000075 0.843690
2 4 0.042827 0.169828 0.460925 0.000184 0.326235
4 4 0.005842 0.106218 0.173712 0.000732 0.713495
4 4 0.043776 0.111778 0.110924 0.000156 0.733366
2 4 0.002764 0.192436 0.540043 0.000160 0.264598
4 4 0.080442 0.158307 0.077013 0.000036 0.684203
4 4 0.003040 0.094014 0.314984 0.000159 0.587802
4 4 0.000589 0.128627 0.421638 0.000167 0.448979
2 4 0.000797 0.058106 0.874385 0.000892 0.065820
2 2 0.001353 0.098715 0.507479 0.000401 0.392052
4 2 0.002346 0.122151 0.234837 0.000299 0.640368
2 2 0.003500 0.098366 0.738384 0.005248 0.154502
2 2 0.000575 0.077912 0.690249 0.001911 0.229353
2 2 0.000867 0.061745 0.833634 0.004190 0.099564
4 2 0.024916 0.225269 0.198973 0.000347 0.550496
4 2 0.009548 0.166953 0.337790 0.000398 0.485312
2 2 0.011468 0.080192 0.630545 0.002196 0.275599
2 2 0.000935 0.072821 0.709756 0.005539 0.210948
2 2 0.045943 0.134315 0.523645 0.008097 0.288000
2 2 0.004561 0.187351 0.494450 0.002712 0.310927
4 2 0.001231 0.110618 0.285374 0.000168 0.602608
2 2 0.002087 0.031837 0.506091 0.005484 0.454501
4 2 0.212232 0.205065 0.185993 0.002131 0.394578
2 2 0.005896 0.172902 0.551296 0.000263 0.269644
2 2 0.003121 0.175702 0.716520 0.000431 0.104226
4 2 0.011955 0.234040 0.198485 0.000078 0.555442
2 2 0.002435 0.083323 0.624755 0.000249 0.289238
4 2 0.016839 0.216488 0.117427 0.000081 0.649165
4 2 0.004266 0.206619 0.345837 0.000231 0.443047
2 2 0.009711 0.219887 0.539335 0.001162 0.229905
2 2 0.025015 0.255715 0.432013 0.000269 0.286989
2 2 0.024961 0.056052 0.537531 0.005762 0.375694
2 2 0.000991 0.025901 0.965409 0.003324 0.004375
2 2 0.025798 0.014533 0.875165 0.016563 0.067941
2 2 0.001541 0.013116 0.968910 0.009376 0.007057
2 2 0.025255 0.029529 0.922340 0.007502 0.015374
2 2 0.006852 0.032405 0.873846 0.007204 0.079694
2 2 0.000518 0.022592 0.968511 0.001345 0.007034
2 2 0.001873 0.025991 0.969892 0.000251 0.001993
2 2 0.009148 0.106544 0.768349 0.001108 0.114850
2 2 0.006413 0.014825 0.962491 0.002837 0.013434
2 2 0.000769 0.007927 0.961680 0.012058 0.017566
2 2 0.049592 0.036474 0.872589 0.005635 0.035710
2 2 0.000139 0.001683 0.995336 0.002192 0.000650
2 2 0.008779 0.033780 0.945045 0.007865 0.004531
2 2 0.000068 0.001508 0.909161 0.088186 0.001078
2 2 0.011875 0.016687 0.906312 0.025022 0.040105
2 2 0.001409 0.009275 0.946576 0.038925 0.003814
2 2 0.016042 0.067562 0.911585 0.004151 0.000659
2 2 0.000628 0.025665 0.964923 0.000451 0.008334
2 2 0.007526 0.018327 0.969162 0.004845 0.000140
2 2 0.001616 0.002395 0.921116 0.074809 0.000064
2 2 0.011964 0.013043 0.972058 0.002700 0.000235
2 2 0.000919 0.001820 0.973583 0.023655 0.000022
2 2 0.000311 0.013115 0.983695 0.002191 0.000688
2 2 0.000098 0.006861 0.992132 0.000765 0.000144
2 2 0.000386 0.000592 0.995958 0.003035 0.000030
2 2 0.064771 0.020691 0.894674 0.019535 0.000329
2 2 0.005319 0.032369 0.957071 0.003999 0.001242
2 2 0.003034 0.019985 0.962345 0.014197 0.000438
2 2 0.011027 0.054030 0.919069 0.013459 0.002414
2 2 0.014633 0.020867 0.906058 0.056723 0.001721
2 2 0.000207 0.001162 0.969528 0.029048 0.000055
2 2 0.002250 0.008821 0.979801 0.008760 0.000369
2 2 0.014988 0.010903 0.873455 0.099037 0.001617
2 2 0.000448 0.002318 0.921761 0.075352 0.000121
2 2 0.009974 0.007106 0.914799 0.067722 0.000399
2 3 0.000695 0.002830 0.812658 0.183046 0.000772
2 3 0.000197 0.004960 0.961355 0.033383 0.000105
2 3 0.001133 0.007492 0.725759 0.262918 0.002698
2 3 0.002101 0.007917 0.611885 0.376360 0.001737
2 3 0.005889 0.025941 0.783732 0.164831 0.019608
2 3 0.001810 0.020983 0.761230 0.200908 0.015069
2 3 0.012124 0.015445 0.636509 0.334329 0.001593
2 3 0.068509 0.028536 0.602676 0.297750 0.002529
2 3 0.007847 0.023618 0.663641 0.301615 0.003279
3 3 0.000327 0.001606 0.405910 0.592046 0.000112
