2 0 0.002108 0.104792 0.876759 0.014852 0.001489
0 0 0.496643 0.124090 0.130685 0.000168 0.248414
0 0 0.911069 0.034088 0.036974 0.004919 0.012950
0 0 0.963347 0.021537 0.008798 0.000010 0.006308
0 0 0.985515 0.006115 0.005305 0.000054 0.003011
0 0 0.946777 0.028869 0.011737 0.000062 0.012556
0 0 0.978706 0.008905 0.007805 0.000145 0.004439
0 0 0.962157 0.021931 0.008887 0.000013 0.007012
0 0 0.974433 0.009444 0.010836 0.000553 0.004734
0 0 0.852844 0.073663 0.044351 0.002331 0.026811
0 0 0.973541 0.010665 0.010538 0.000312 0.004944
0 0 0.980951 0.005536 0.004896 0.000788 0.007829
0 0 0.981075 0.005597 0.008768 0.001083 0.003477
0 0 0.929353 0.027474 0.025446 0.000232 0.017494
0 0 0.985580 0.007215 0.004218 0.000009 0.002979
0 0 0.813557 0.044291 0.023164 0.000004 0.118983
0 0 0.555267 0.079065 0.049785 0.001476 0.314407
0 0 0.870458 0.072205 0.026708 0.000007 0.030622
0 0 0.650684 0.117740 0.065844 0.000023 0.165709
0 0 0.645089 0.141325 0.036765 0.000002 0.176820
4 0 0.343603 0.157920 0.046487 0.000001 0.451990
4 0 0.149852 0.084781 0.071913 0.000059 0.693395
4 0 0.053532 0.009007 0.005937 0.000000 0.931524
4 0 0.121394 0.020372 0.022365 0.000008 0.835861
4 0 0.213208 0.007914 0.023031 0.000004 0.755844
4 0 0.042271 0.031164 0.013853 0.000003 0.912709
4 0 0.076935 0.014286 0.015020 0.000004 0.893756
4 0 0.419682 0.045284 0.022751 0.000001 0.512283
4 0 0.025229 0.008350 0.016091 0.000007 0.950323
4 0 0.041040 0.009497 0.013130 0.000036 0.936297
4 0 0.071461 0.066752 0.056301 0.000004 0.805482
4 0 0.020814 0.003580 0.003144 0.000122 0.972340
4 0 0.381685 0.041849 0.034097 0.000247 0.542121
0 0 0.594889 0.099154 0.048886 0.000097 0.256974
4 0 0.078958 0.036761 0.019714 0.000007 0.864560
4 0 0.341483 0.151991 0.066231 0.000878 0.439417
4 1 0.059113 0.007448 0.007081 0.000041 0.926317
4 1 0.010691 0.025920 0.017644 0.000004 0.945741
4 2 0.007999 0.018285 0.034807 0.000060 0.938849
4 2 0.062173 0.041131 0.036680 0.000334 0.859682
2 2 0.022818 0.250405 0.552778 0.014742 0.159257
4 2 0.012157 0.044547 0.332968 0.004305 0.606023
4 2 0.035255 0.184931 0.368771 0.002192 0.408850
2 2 0.000067 0.008581 0.988011 0.000083 0.003258
2 2 0.003493 0.055998 0.886827 0.008320 0.045363
2 2 0.006580 0.026059 0.886476 0.020207 0.060679
2 2 0.003272 0.059522 0.915525 0.000027 0.021654
4 2 0.136035 0.144579 0.065102 0.000212 0.654072
2 2 0.000919 0.033925 0.952947 0.004224 0.007985
2 2 0.000471 0.013988 0.974245 0.000026 0.011270
2 2 0.009831 0.196515 0.755332 0.003803 0.034519
2 2 0.022738 0.105921 0.805654 0.000762 0.064925
2 2 0.000482 0.009224 0.977661 0.012129 0.000504
2 2 0.006754 0.044569 0.944908 0.001716 0.002053
2 2 0.006294 0.041467 0.887602 0.000407 0.064229
2 2 0.000014 0.000528 0.976884 0.022563 0.000012
2 2 0.003323 0.014952 0.980005 0.000332 0.001388
2 2 0.000302 0.002152 0.997055 0.000284 0.000207
2 2 0.014879 0.176411 0.745922 0.002136 0.060651
2 2 0.000105 0.006764 0.991018 0.000433 0.001681
2 2 0.000660 0.002665 0.994583 0.001557 0.000534
2 1 0.000071 0.021190 0.976838 0.000298 0.001603
2 2 0.000369 0.035251 0.942054 0.002739 0.019588
2 2 0.000647 0.070471 0.917943 0.004948 0.005990
2 2 0.000051 0.004999 0.992942 0.000336 0.001672
2 2 0.000016 0.002536 0.997188 0.000021 0.000239
2 2 0.000032 0.005284 0.994335 0.000085 0.000264
2 2 0.005722 0.025558 0.948937 0.016921 0.002862
2 2 0.003979 0.074809 0.906856 0.000267 0.014089
2 2 0.000007 0.000234 0.959078 0.040668 0.000013
2 2 0.008391 0.002886 0.949604 0.038493 0.000626
2 2 0.000002 0.000109 0.998304 0.001578 0.000007
2 2 0.000287 0.001758 0.995119 0.002727 0.000109
2 2 0.000008 0.000084 0.954125 0.045781 0.000001
2 3 0.000058 0.000143 0.537213 0.462567 0.000018
3 3 0.000389 0.001616 0.353696 0.644160 0.000139
3 3 0.000078 0.000743 0.410897 0.587887 0.000395
2 3 0.000036 0.000045 0.572590 0.427317 0.000013
2 3 0.000031 0.000436 0.507801 0.491392 0.000340
2 3 0.000042 0.001237 0.809810 0.188606 0.000305
2 3 0.000001 0.000042 0.900414 0.099543 0.000000
3 3 0.000471 0.000250 0.140775 0.858468 0.000036
3 3 0.000373 0.000512 0.294248 0.704368 0.000500
3 3 0.002719 0.003117 0.489031 0.504307 0.000827
3 3 0.000492 0.000629 0.070645 0.927968 0.000266
3 3 0.000001 0.000050 0.340536 0.659397 0.000017
3 3 0.000068 0.000563 0.227789 0.771256 0.000324
2 3 0.095159 0.033440 0.470742 0.387446 0.013214
2 3 0.002834 0.068531 0.802560 0.117362 0.008712
2 3 0.002253 0.024553 0.771996 0.195451 0.005747
2 3 0.000457 0.042716 0.939579 0.007036 0.010211
2 3 0.000000 0.000066 0.997054 0.002878 0.000002
2 3 0.000235 0.005927 0.985591 0.006816 0.001431
2 3 0.000001 0.000285 0.979977 0.019714 0.000024
2 3 0.001149 0.001262 0.869842 0.127485 0.000262
2 3 0.000031 0.000212 0.949068 0.050634 0.000055
2 3 0.000003 0.000085 0.978659 0.021238 0.000015
3 3 0.000161 0.001148 0.465700 0.532670 0.000320
3 3 0.000069 0.000234 0.480571 0.519025 0.000100
3 3 0.002293 0.001746 0.141340 0.853100 0.001522
3 3 0.004215 0.001950 0.208115 0.784146 0.001573
3 3 0.000059 0.000080 0.013725 0.986097 0.000039
3 3 0.007059 0.002302 0.195812 0.789021 0.005806
3 3 0.000183 0.000671 0.308743 0.689960 0.000443
3 3 0.000001 0.000018 0.159249 0.840726 0.000006
3 3 0.002767 0.001934 0.120260 0.871530 0.003509
3 3 0.000087 0.000118 0.047281 0.952457 0.000057
3 3 0.000040 0.000180 0.387631 0.612115 0.000033
3 3 0.006251 0.014107 0.161889 0.814996 0.002757
2 3 0.007191 0.006910 0.495596 0.471250 0.019053
2 2 0.000036 0.000449 0.939395 0.060081 0.000038
2 2 0.014760 0.075437 0.888572 0.003031 0.018200
2 2 0.000218 0.004747 0.964858 0.029604 0.000574
2 2 0.005224 0.006499 0.977080 0.005313 0.005884
2 2 0.001337 0.019732 0.888614 0.085107 0.005210
2 2 0.007154 0.048474 0.924515 0.001024 0.018832
2 2 0.001010 0.005581 0.987490 0.004353 0.001566
2 2 0.001287 0.022017 0.962542 0.001036 0.013117
2 2 0.002631 0.048212 0.930743 0.003239 0.015175
2 2 0.000013 0.000259 0.972249 0.027473 0.000006
2 2 0.000499 0.007654 0.990907 0.000467 0.000472
2 2 0.000925 0.063009 0.916230 0.018333 0.001503
2 2 0.000304 0.018310 0.974122 0.006774 0.000490
2 2 0.000084 0.010739 0.987552 0.000259 0.001366
2 2 0.000730 0.015004 0.967736 0.008091 0.008439
2 2 0.045851 0.045910 0.872859 0.001011 0.034369
2 2 0.016819 0.146829 0.482760 0.000295 0.353297
2 2 0.001879 0.013656 0.973357 0.001418 0.009689
2 2 0.000299 0.001211 0.883131 0.115016 0.000343
2 2 0.000630 0.043879 0.950362 0.001279 0.003849
2 2 0.000118 0.008053 0.988386 0.002624 0.000819
2 2 0.000018 0.000413 0.988764 0.010654 0.000150
2 2 0.001424 0.004348 0.987062 0.003750 0.003417
2 2 0.000102 0.004857 0.987113 0.007434 0.000495
2 2 0.000004 0.000097 0.989657 0.010237 0.000005
2 2 0.000027 0.005713 0.974619 0.019434 0.000208
2 2 0.000000 0.000034 0.995489 0.004476 0.000001
2 2 0.011725 0.051016 0.456310 0.036309 0.444641
2 2 0.000009 0.000315 0.988484 0.011183 0.000009
2 2 0.000025 0.002112 0.949046 0.048531 0.000286
2 2 0.000294 0.005432 0.985777 0.007863 0.000633
2 2 0.000239 0.016202 0.980412 0.000596 0.002551
2 2 0.001320 0.034622 0.900851 0.059850 0.003356
2 2 0.000022 0.001125 0.989129 0.009595 0.000130
2 2 0.000000 0.000024 0.996320 0.003656 0.000001
2 2 0.000001 0.000045 0.864922 0.135027 0.000004
2 2 0.000253 0.001256 0.996623 0.001416 0.000452
2 2 0.000007 0.000077 0.945221 0.054682 0.000014
1 2 0.113313 0.437616 0.329558 0.001765 0.117748
2 2 0.000020 0.001471 0.977643 0.020457 0.000408
2 2 0.000149 0.001417 0.987277 0.011007 0.000149
2 2 0.000067 0.003057 0.994356 0.001084 0.001437
2 2 0.001098 0.010220 0.983940 0.003199 0.001542
2 2 0.000016 0.000431 0.977336 0.022054 0.000163
2 2 0.000012 0.000792 0.987792 0.011332 0.000071
2 2 0.000023 0.000606 0.996869 0.002212 0.000290
2 2 0.000350 0.006205 0.991135 0.000718 0.001591
2 2 0.000016 0.000669 0.985100 0.014191 0.000025
2 2 0.004612 0.055556 0.905740 0.001242 0.032850
2 2 0.000238 0.007673 0.988821 0.000652 0.002615
2 2 0.000050 0.001035 0.674011 0.324829 0.000074
2 2 0.000845 0.005182 0.863902 0.127164 0.002907
2 2 0.000256 0.000838 0.665320 0.333005 0.000581
2 2 0.000227 0.000816 0.961889 0.036806 0.000262
2 2 0.000915 0.003143 0.893559 0.101066 0.001317
2 2 0.000055 0.000438 0.929823 0.069122 0.000563
2 2 0.000086 0.000636 0.923986 0.074645 0.000647
3 3 0.000086 0.000519 0.436567 0.562558 0.000269
3 3 0.000033 0.000144 0.420368 0.579445 0.000011
3 3 0.000284 0.000682 0.239764 0.759055 0.000216
3 3 0.000020 0.000250 0.127834 0.871761 0.000136
3 3 0.000068 0.000218 0.141044 0.858539 0.000130
3 3 0.017110 0.002490 0.058687 0.900395 0.021317
3 3 0.000160 0.000158 0.021577 0.977942 0.000164
3 3 0.000015 0.000042 0.439181 0.560699 0.000064
3 3 0.000547 0.000729 0.043054 0.955056 0.000615
3 3 0.000160 0.000167 0.022119 0.977409 0.000145
3 3 0.001495 0.001863 0.041722 0.953850 0.001069
3 3 0.000000 0.000004 0.015873 0.984122 0.000002
3 3 0.000051 0.000269 0.084096 0.915442 0.000141
3 3 0.000137 0.000287 0.129095 0.870263 0.000218
3 3 0.000028 0.000072 0.095195 0.904696 0.000010
3 3 0.000405 0.000560 0.053337 0.945508 0.000191
3 3 0.000262 0.000144 0.011210 0.988341 0.000043
3 3 0.000167 0.000341 0.174281 0.824936 0.000275
3 3 0.016354 0.003014 0.183146 0.792738 0.004746
3 3 0.000035 0.000309 0.395659 0.603898 0.000099
3 3 0.000232 0.000325 0.126735 0.872610 0.000099
3 3 0.000010 0.000083 0.027085 0.972805 0.000017
3 3 0.000103 0.000524 0.045641 0.953297 0.000435
3 3 0.000311 0.000320 0.061094 0.937868 0.000407
3 3 0.000000 0.000003 0.003048 0.996948 0.000002
3 3 0.000217 0.000176 0.014046 0.985479 0.000082
3 3 0.003250 0.002000 0.021165 0.922508 0.051077
3 3 0.001727 0.000943 0.041429 0.953958 0.001943
3 3 0.000009 0.000115 0.086561 0.913181 0.000134
3 3 0.000053 0.000324 0.084940 0.914257 0.000426
3 3 0.008012 0.000474 0.009023 0.981551 0.000940
3 3 0.000005 0.000005 0.001067 0.998918 0.000005
3 3 0.000348 0.000413 0.011284 0.986066 0.001890
3 3 0.000034 0.000015 0.002330 0.997606 0.000014
3 3 0.000035 0.000025 0.013688 0.986243 0.000008
3 3 0.000020 0.000029 0.012233 0.987690 0.000028
3 3 0.000112 0.000380 0.146244 0.852804 0.000460
3 3 0.033753 0.011825 0.107472 0.795064 0.051886
3 3 0.001149 0.001143 0.018693 0.975580 0.003435
3 3 0.000067 0.000093 0.011278 0.988338 0.000225
3 3 0.000410 0.000158 0.012184 0.986637 0.000612
3 3 0.000006 0.000021 0.006025 0.993917 0.000031
3 3 0.000006 0.000035 0.028481 0.971463 0.000015
3 3 0.000005 0.000054 0.010832 0.989095 0.000015
3 3 0.000007 0.000031 0.024754 0.975160 0.000048
3 3 0.000065 0.000216 0.066862 0.932733 0.000123
3 3 0.000001 0.000008 0.021307 0.978682 0.000001
3 3 0.000088 0.000135 0.029385 0.970357 0.000035
3 3 0.000163 0.000316 0.022449 0.976942 0.000131
3 3 0.000061 0.000027 0.006220 0.993683 0.000008
3 3 0.000159 0.000292 0.034144 0.965097 0.000308
3 3 0.001171 0.001111 0.043772 0.950133 0.003814
3 3 0.000472 0.000223 0.008740 0.989704 0.000862
3 3 0.001487 0.001232 0.102613 0.893346 0.001322
3 3 0.000029 0.000165 0.036913 0.962844 0.000049
3 3 0.000230 0.000127 0.026899 0.972682 0.000062
3 3 0.000082 0.000443 0.041028 0.958301 0.000145
3 3 0.000078 0.000115 0.006071 0.993660 0.000075
3 3 0.000674 0.000272 0.014223 0.984370 0.000461
3 3 0.000075 0.000018 0.007108 0.992782 0.000017
3 3 0.000014 0.000036 0.015085 0.984836 0.000029
3 3 0.000005 0.000011 0.041426 0.958556 0.000002
3 3 0.000001 0.000025 0.178550 0.821423 0.000001
3 3 0.000190 0.000705 0.023341 0.974959 0.000804
3 3 0.000042 0.000368 0.084805 0.914626 0.000159
3 3 0.000026 0.000077 0.044037 0.955810 0.000050
3 3 0.000054 0.000154 0.011155 0.988538 0.000099
3 3 0.000030 0.000012 0.005421 0.994527 0.000009
3 3 0.000021 0.000036 0.004941 0.994976 0.000026
3 3 0.000003 0.000012 0.023182 0.976801 0.000001
3 3 0.000055 0.000286 0.295709 0.703904 0.000045
3 3 0.001340 0.000574 0.038764 0.957855 0.001467
3 3 0.001018 0.001933 0.140408 0.854090 0.002551
3 3 0.000016 0.000069 0.011356 0.988495 0.000063
3 3 0.000008 0.000107 0.266199 0.733674 0.000012
3 3 0.000111 0.000047 0.003516 0.996304 0.000022
3 3 0.001674 0.000486 0.017836 0.977259 0.002746
3 3 0.000526 0.000190 0.010589 0.987898 0.000797
3 3 0.000444 0.000141 0.002569 0.996720 0.000126
3 3 0.000124 0.000201 0.334074 0.664468 0.001133
3 3 0.000000 0.000002 0.016510 0.983488 0.000000
3 3 0.000018 0.000181 0.136765 0.862977 0.000058
3 3 0.000693 0.000537 0.030955 0.967181 0.000634
3 3 0.000000 0.000024 0.111369 0.888603 0.000004
3 3 0.002456 0.001468 0.089339 0.903217 0.003520
3 3 0.008998 0.005987 0.076068 0.906253 0.002694
2 3 0.008469 0.008319 0.566378 0.411692 0.005143
2 3 0.080383 0.212823 0.543560 0.047289 0.115946
2 3 0.003794 0.073054 0.865072 0.056505 0.001575
2 2 0.017841 0.179613 0.745848 0.011343 0.045356
0 2 0.937206 0.028067 0.023708 0.000870 0.010149
4 2 0.137116 0.209790 0.116423 0.008995 0.527676
1 1 0.308692 0.328979 0.187901 0.000530 0.173898
0 0 0.919390 0.043585 0.024382 0.000224 0.012419
2 0 0.180769 0.282964 0.312869 0.006935 0.216463
2 1 0.064215 0.334138 0.569869 0.000737 0.031041
0 0 0.432801 0.283436 0.143836 0.012676 0.127251
2 0 0.223258 0.295403 0.406423 0.001938 0.072978
4 1 0.179352 0.164518 0.148639 0.001005 0.506486
2 1 0.152431 0.241296 0.515011 0.006352 0.084910
2 2 0.000969 0.026357 0.966597 0.004104 0.001974
2 2 0.000101 0.010473 0.983560 0.004279 0.001588
2 2 0.005037 0.059532 0.861089 0.049810 0.024532
2 2 0.000248 0.003587 0.875215 0.119646 0.001304
2 2 0.000003 0.002436 0.888816 0.108038 0.000706
2 2 0.002006 0.032951 0.960587 0.000546 0.003910
2 2 0.001649 0.019173 0.971891 0.005119 0.002169
2 2 0.054947 0.224357 0.524348 0.006096 0.190252
2 2 0.002476 0.137947 0.787728 0.000319 0.071530
2 2 0.004235 0.017960 0.917402 0.052275 0.008128
2 2 0.000127 0.015612 0.976751 0.000073 0.007437
2 2 0.004196 0.090175 0.889306 0.006422 0.009900
2 2 0.002604 0.027342 0.957082 0.000093 0.012879
2 2 0.000312 0.028366 0.958829 0.006345 0.006147
2 2 0.006908 0.044252 0.881327 0.003925 0.063589
2 2 0.021448 0.051157 0.880139 0.010513 0.036742
2 2 0.000594 0.025956 0.947518 0.010482 0.015450
2 2 0.003382 0.076453 0.746716 0.004110 0.169339
2 2 0.000525 0.028898 0.926117 0.021947 0.022514
2 2 0.005452 0.101781 0.833769 0.000040 0.058958
2 2 0.000416 0.010279 0.972985 0.015006 0.001315
2 2 0.000091 0.001543 0.948783 0.049434 0.000149
2 2 0.007762 0.072204 0.829379 0.000208 0.090447
2 2 0.005455 0.116086 0.546197 0.000099 0.332163
2 2 0.000013 0.001600 0.889699 0.108627 0.000061
2 2 0.016848 0.036461 0.876796 0.000005 0.069889
4 2 0.003683 0.018667 0.281821 0.000022 0.695807
4 2 0.036990 0.085577 0.356328 0.001885 0.519219
4 4 0.007674 0.057402 0.315587 0.006081 0.613257
4 4 0.011386 0.029465 0.024533 0.000000 0.934616
2 4 0.021327 0.072327 0.504970 0.000382 0.400993
2 4 0.006805 0.035953 0.554785 0.008052 0.394404
4 4 0.004973 0.219936 0.341959 0.001042 0.432091
2 2 0.044729 0.266028 0.523187 0.000015 0.166041
4 2 0.196624 0.213903 0.056885 0.000076 0.532512
4 4 0.040442 0.068487 0.033895 0.000009 0.857168
4 4 0.040508 0.072918 0.037416 0.000015 0.849143
4 4 0.049630 0.258152 0.129141 0.003138 0.559939
4 4 0.027691 0.067717 0.025943 0.000001 0.878648
2 4 0.003623 0.128748 0.581943 0.000621 0.285065
2 4 0.001466 0.130662 0.634358 0.000079 0.233435
4 4 0.018725 0.038069 0.024760 0.000008 0.918437
4 4 0.002879 0.091823 0.404148 0.000394 0.500756
4 4 0.012820 0.061908 0.288702 0.000309 0.636260
2 2 0.000278 0.016109 0.966795 0.000057 0.016762
2 2 0.000122 0.003166 0.995139 0.000331 0.001241
4 2 0.016298 0.164037 0.315297 0.000225 0.504144
2 2 0.001640 0.033298 0.958142 0.000335 0.006585
2 2 0.000000 0.000422 0.999296 0.000250 0.000032
2 2 0.000632 0.064050 0.920107 0.000038 0.015173
2 2 0.000048 0.010374 0.986475 0.000084 0.003018
2 2 0.001539 0.057973 0.909796 0.000005 0.030688
2 2 0.000210 0.017845 0.943579 0.009443 0.028924
2 2 0.000060 0.017663 0.973225 0.000251 0.008800
2 2 0.001663 0.032696 0.899801 0.000018 0.065822
2 2 0.001735 0.014786 0.956631 0.002527 0.024321
2 2 0.007170 0.067248 0.910297 0.000391 0.014893
2 2 0.000120 0.011323 0.979005 0.000021 0.009531
2 2 0.000015 0.006092 0.989618 0.001403 0.002872
2 2 0.000080 0.009988 0.986062 0.000025 0.003845
2 1 0.042599 0.168056 0.613201 0.135300 0.040843
2 2 0.067476 0.338056 0.551741 0.003191 0.039536
2 2 0.000309 0.019596 0.974004 0.000020 0.006070
2 2 0.000627 0.001302 0.995742 0.002055 0.000275
2 2 0.060382 0.087253 0.833123 0.001604 0.017637
2 2 0.004762 0.045730 0.929396 0.000224 0.019888
2 2 0.000790 0.011540 0.984166 0.000067 0.003436
2 2 0.003979 0.039102 0.941402 0.000108 0.015409
2 2 0.000370 0.041756 0.954801 0.000250 0.002824
2 2 0.000000 0.000067 0.998626 0.001306 0.000001
2 2 0.000876 0.003429 0.994524 0.000169 0.001002
2 2 0.000303 0.017944 0.968225 0.011803 0.001725
2 2 0.000000 0.000005 0.998071 0.001925 0.000000
2 2 0.000350 0.004710 0.992622 0.001237 0.001081
2 2 0.000412 0.008685 0.988151 0.000114 0.002638
2 2 0.001369 0.010341 0.986787 0.000041 0.001462
2 2 0.000701 0.007280 0.988204 0.003019 0.000796
2 2 0.009418 0.007817 0.979638 0.000313 0.002814
1 1 0.210800 0.501590 0.088228 0.000001 0.199381
2 1 0.029021 0.058150 0.793332 0.000157 0.119340
2 2 0.000024 0.003682 0.980022 0.016203 0.000069
2 2 0.018581 0.190309 0.779901 0.005513 0.005696
2 2 0.000159 0.009490 0.986171 0.003517 0.000664
2 2 0.002395 0.009978 0.980330 0.006706 0.000592
2 2 0.000272 0.010145 0.986557 0.000141 0.002886
2 2 0.000060 0.002358 0.976596 0.020792 0.000193
2 2 0.000839 0.014380 0.982390 0.000309 0.002082
2 2 0.000000 0.000035 0.998359 0.001604 0.000001
2 2 0.011057 0.290625 0.603506 0.007203 0.087610
2 2 0.000053 0.001349 0.996031 0.002355 0.000211
2 2 0.004181 0.050139 0.941853 0.000342 0.003485
2 2 0.000023 0.001982 0.995842 0.002017 0.000136
2 2 0.000069 0.003261 0.993264 0.003133 0.000273
2 2 0.000132 0.009635 0.984408 0.002780 0.003046
2 2 0.001770 0.018185 0.888572 0.066737 0.024736
2 2 0.000276 0.007981 0.985109 0.000498 0.006136
2 2 0.000056 0.004736 0.993777 0.001105 0.000326
2 2 0.000149 0.009899 0.962370 0.019099 0.008483
2 2 0.000097 0.008318 0.988801 0.002047 0.000738
2 2 0.000061 0.001985 0.992783 0.004701 0.000470
2 2 0.000097 0.008840 0.987488 0.002870 0.000705
2 2 0.000056 0.000381 0.983591 0.015924 0.000047
2 2 0.000258 0.001861 0.996418 0.000236 0.001227
2 2 0.000016 0.000605 0.991250 0.008089 0.000040
2 2 0.000004 0.000132 0.997263 0.002589 0.000012
2 2 0.000117 0.004316 0.973826 0.021383 0.000359
2 2 0.000013 0.000157 0.993218 0.006476 0.000135
2 2 0.000000 0.000002 0.999520 0.000478 0.000000
2 2 0.000000 0.000020 0.864717 0.135263 0.000001
2 2 0.000074 0.000761 0.911063 0.087682 0.000420
2 2 0.000001 0.000126 0.999412 0.000458 0.000004
2 2 0.000028 0.000188 0.969374 0.030377 0.000033
2 2 0.000107 0.008375 0.975768 0.009755 0.005994
2 2 0.000000 0.000017 0.995547 0.004435 0.000001
2 2 0.000126 0.002437 0.979613 0.016454 0.001370
2 2 0.000033 0.001749 0.907420 0.090699 0.000099
2 2 0.000499 0.009170 0.981545 0.006761 0.002024
2 2 0.000243 0.001660 0.945159 0.052137 0.000800
2 2 0.000175 0.001496 0.814620 0.183528 0.000181
2 2 0.000001 0.000100 0.994531 0.005365 0.000003
2 2 0.000015 0.000572 0.801974 0.197379 0.000059
2 2 0.000015 0.000260 0.957046 0.042656 0.000023
2 2 0.000292 0.001921 0.965616 0.031980 0.000192
2 2 0.000914 0.002693 0.742115 0.253442 0.000836
2 2 0.000001 0.000092 0.830048 0.169848 0.000010
2 2 0.000383 0.005119 0.842917 0.148925 0.002656
2 2 0.000012 0.000373 0.945411 0.054200 0.000004
2 2 0.000075 0.000985 0.971727 0.027100 0.000113
2 2 0.001492 0.004501 0.935157 0.053932 0.004918
3 3 0.006507 0.005853 0.187858 0.797181 0.002600
2 3 0.000001 0.000165 0.990011 0.009821 0.000002
2 3 0.000001 0.000034 0.990445 0.009517 0.000002
2 3 0.000027 0.000140 0.873023 0.126682 0.000128
2 3 0.000139 0.001385 0.962077 0.036146 0.000254
2 3 0.000011 0.000180 0.959803 0.039957 0.000049
3 3 0.000071 0.000836 0.353483 0.645094 0.000516
2 3 0.000015 0.000204 0.995228 0.004486 0.000067
2 3 0.000007 0.000179 0.885768 0.114026 0.000020
2 3 0.000000 0.000001 0.896839 0.103160 0.000000
2 3 0.000021 0.000400 0.799675 0.199872 0.000033
2 3 0.001880 0.003789 0.606587 0.375941 0.011803
2 3 0.000205 0.002523 0.987871 0.008106 0.001295
2 3 0.000082 0.001103 0.807954 0.190627 0.000235
2 3 0.000127 0.000961 0.591552 0.406890 0.000470
2 3 0.000979 0.002173 0.740826 0.253094 0.002928
3 3 0.002723 0.001202 0.146455 0.849289 0.000330
2 3 0.003552 0.098794 0.849967 0.032261 0.015426
2 3 0.002307 0.008084 0.987840 0.000303 0.001466
2 2 0.000462 0.061874 0.925645 0.000955 0.011064
2 2 0.000002 0.000086 0.970834 0.029078 0.000001
2 2 0.000004 0.001353 0.997183 0.001428 0.000032
2 2 0.004122 0.009434 0.964402 0.017066 0.004975
0 1 0.653004 0.280002 0.036272 0.000004 0.030719
2 2 0.022925 0.102436 0.521107 0.008546 0.344986
2 2 0.001721 0.049009 0.940975 0.002351 0.005944
2 2 0.020973 0.170210 0.781028 0.000071 0.027719
2 2 0.051485 0.332892 0.473630 0.001266 0.140727
2 2 0.000276 0.001288 0.894605 0.103793 0.000037
2 2 0.000637 0.022691 0.971344 0.002907 0.002421
2 2 0.000184 0.042797 0.938375 0.000242 0.018401
2 2 0.000147 0.001705 0.984579 0.013303 0.000266
2 2 0.012262 0.218468 0.740850 0.006571 0.021849
2 2 0.046219 0.236805 0.436559 0.000308 0.280108
2 2 0.000112 0.004173 0.994201 0.000997 0.000516
2 2 0.014886 0.103618 0.854315 0.011723 0.015458
2 2 0.000000 0.000315 0.999543 0.000138 0.000005
2 2 0.001288 0.007853 0.967147 0.023381 0.000330
2 2 0.000818 0.014299 0.973954 0.006954 0.003974
2 2 0.000996 0.012286 0.973529 0.012001 0.001188
2 2 0.000068 0.000798 0.964926 0.033920 0.000287
2 2 0.000000 0.000011 0.990329 0.009660 0.000000
2 2 0.000075 0.002788 0.983980 0.012947 0.000211
2 2 0.000535 0.014882 0.952217 0.027361 0.005004
2 2 0.006569 0.025714 0.960762 0.001357 0.005599
2 2 0.000143 0.002625 0.996098 0.000406 0.000729
2 2 0.000470 0.002406 0.994460 0.000699 0.001966
2 2 0.002617 0.039913 0.926832 0.020015 0.010622
2 2 0.002765 0.059619 0.845797 0.000392 0.091427
2 2 0.000690 0.012486 0.984590 0.000313 0.001921
2 2 0.000003 0.000055 0.895651 0.104288 0.000003
2 2 0.000451 0.029591 0.966229 0.000112 0.003617
2 2 0.000410 0.019626 0.974504 0.000861 0.004598
2 2 0.000002 0.001319 0.989567 0.009104 0.000008
2 2 0.000001 0.000444 0.997534 0.002005 0.000016
2 2 0.000007 0.000088 0.949284 0.050620 0.000001
2 2 0.000001 0.000087 0.971026 0.028885 0.000002
2 2 0.000002 0.000605 0.998879 0.000489 0.000026
2 2 0.000000 0.000092 0.996632 0.003273 0.000002
2 2 0.000649 0.003661 0.992369 0.002854 0.000467
2 2 0.000007 0.000280 0.998309 0.001395 0.000010
2 2 0.000001 0.000113 0.998232 0.001642 0.000011
2 2 0.002577 0.008211 0.940704 0.046773 0.001736
2 2 0.000128 0.000837 0.970433 0.028583 0.000019
2 2 0.000502 0.013928 0.981085 0.001071 0.003414
2 2 0.000018 0.000150 0.984841 0.014969 0.000022
2 2 0.000774 0.005548 0.990055 0.002842 0.000781
2 2 0.000052 0.002082 0.909810 0.087142 0.000914
2 2 0.000022 0.005000 0.993789 0.000128 0.001061
2 2 0.000014 0.001027 0.985130 0.013800 0.000028
2 2 0.000002 0.000434 0.997004 0.002556 0.000003
2 2 0.000006 0.001577 0.978502 0.019894 0.000021
2 2 0.008862 0.009323 0.977683 0.002041 0.002092
2 2 0.002824 0.038271 0.955537 0.000275 0.003093
2 2 0.002270 0.008256 0.788688 0.195351 0.005436
2 2 0.000088 0.006857 0.987430 0.001467 0.004158
2 2 0.000318 0.001056 0.989963 0.007861 0.000803
2 2 0.000077 0.001667 0.932660 0.065256 0.000340
2 2 0.000014 0.000352 0.994493 0.004974 0.000167
2 2 0.008797 0.025419 0.936663 0.001935 0.027186
2 2 0.000216 0.003824 0.994751 0.000233 0.000977
2 2 0.000000 0.000032 0.971775 0.028192 0.000001
3 2 0.002895 0.004262 0.279835 0.708520 0.004488
2 2 0.000000 0.000073 0.999503 0.000423 0.000001
2 2 0.016386 0.049519 0.833956 0.026514 0.073625
2 1 0.002202 0.101501 0.873574 0.001394 0.021329
2 2 0.011334 0.161084 0.529906 0.062301 0.235375
2 2 0.001756 0.009490 0.923933 0.064007 0.000813
2 2 0.000909 0.028582 0.962372 0.000384 0.007753
2 2 0.015282 0.243839 0.731314 0.003222 0.006343
2 2 0.033576 0.079668 0.876757 0.001450 0.008549
2 2 0.001522 0.024962 0.960259 0.011864 0.001393
2 2 0.000000 0.000387 0.996225 0.003383 0.000004
2 2 0.000883 0.025053 0.968976 0.000193 0.004895
2 2 0.051016 0.271829 0.510948 0.001133 0.165075
2 2 0.014221 0.107941 0.862301 0.000479 0.015059
1 2 0.159314 0.602135 0.107100 0.000012 0.131439
2 2 0.007777 0.090260 0.885253 0.003606 0.013104
2 2 0.072670 0.303730 0.495137 0.007313 0.121149
2 2 0.000069 0.004113 0.995572 0.000141 0.000104
2 2 0.000250 0.008180 0.985650 0.003912 0.002008
2 2 0.000189 0.028212 0.963160 0.000494 0.007945
2 2 0.000246 0.003414 0.994227 0.001478 0.000634
2 2 0.006780 0.076416 0.894476 0.004571 0.017756
2 2 0.026379 0.063422 0.879696 0.000160 0.030343
2 2 0.000000 0.000004 0.997120 0.002876 0.000000
2 2 0.000001 0.000053 0.997513 0.002429 0.000004
2 2 0.001955 0.014777 0.980127 0.000077 0.003063
2 2 0.000706 0.010665 0.980104 0.000824 0.007701
2 2 0.057650 0.106846 0.811385 0.000153 0.023967
2 2 0.023885 0.064657 0.762462 0.006747 0.142249
2 2 0.002513 0.144160 0.833214 0.005228 0.014884
2 2 0.000133 0.005683 0.989694 0.002000 0.002491
2 2 0.042751 0.104038 0.819565 0.000053 0.033594
1 1 0.252277 0.330599 0.182062 0.002370 0.232692
4 1 0.048103 0.304749 0.118902 0.000691 0.527556
2 2 0.000517 0.023968 0.958332 0.015089 0.002094
2 2 0.008490 0.029422 0.950890 0.000481 0.010717
2 2 0.046923 0.052078 0.884409 0.005723 0.010866
2 2 0.037556 0.151798 0.801387 0.000771 0.008489
2 2 0.000736 0.043296 0.950577 0.000200 0.005190
2 2 0.001075 0.019915 0.947584 0.024227 0.007199
2 2 0.000000 0.000058 0.998550 0.001391 0.000000
2 2 0.002513 0.028027 0.966585 0.000636 0.002238
2 2 0.030098 0.083837 0.875775 0.000239 0.010050
2 2 0.000008 0.000564 0.988140 0.011227 0.000061
2 2 0.000001 0.000462 0.996097 0.003432 0.000007
2 2 0.000003 0.001096 0.998091 0.000727 0.000084
2 2 0.000083 0.011027 0.988135 0.000259 0.000496
2 2 0.001028 0.015618 0.964011 0.017031 0.002312
2 2 0.000327 0.007599 0.989002 0.000939 0.002134
2 2 0.000989 0.040724 0.934567 0.001281 0.022438
2 2 0.000000 0.000010 0.997687 0.002301 0.000001
2 2 0.000064 0.006834 0.982987 0.009757 0.000357
2 2 0.000000 0.000017 0.991304 0.008678 0.000001
2 2 0.027951 0.407171 0.504461 0.010698 0.049719
2 2 0.003915 0.063259 0.912256 0.000108 0.020462
2 2 0.006805 0.016849 0.953048 0.019137 0.004162
2 2 0.035200 0.082877 0.850397 0.019207 0.012319
2 2 0.022697 0.041704 0.920045 0.000412 0.015143
2 2 0.000159 0.007115 0.990875 0.000233 0.001617
2 2 0.005425 0.008421 0.985566 0.000012 0.000576
4 2 0.200271 0.286059 0.172571 0.000008 0.341091
2 2 0.000001 0.000053 0.994775 0.005169 0.000001
2 2 0.000044 0.001641 0.996840 0.001341 0.000134
2 2 0.000425 0.012822 0.985033 0.000143 0.001577
2 2 0.009891 0.019606 0.959308 0.000066 0.011129
3 0 0.125582 0.100881 0.174587 0.526628 0.072323
0 0 0.326591 0.193000 0.222099 0.000094 0.258216
0 0 0.999217 0.000241 0.000292 0.000001 0.000249
0 0 0.929921 0.032544 0.005609 0.000000 0.031926
0 0 0.615315 0.194879 0.033457 0.000000 0.156348
0 0 0.574742 0.341114 0.047896 0.000010 0.036238
0 0 0.908068 0.049333 0.014892 0.000001 0.027707
0 0 0.527250 0.324855 0.101277 0.000714 0.045904
0 0 0.482876 0.077187 0.248895 0.000080 0.190963
0 0 0.781320 0.119443 0.017734 0.000015 0.081489
4 0 0.070608 0.365272 0.100230 0.000285 0.463606
4 0 0.248620 0.295103 0.099747 0.000247 0.356283
4 0 0.274336 0.162791 0.066105 0.000028 0.496740
4 0 0.106641 0.311007 0.100517 0.000006 0.481829
4 0 0.013852 0.023564 0.016584 0.000668 0.945332
0 0 0.384095 0.217555 0.085959 0.000008 0.312384
0 0 0.830574 0.117943 0.029297 0.000015 0.022171
4 0 0.252457 0.263423 0.120381 0.000753 0.362985
4 0 0.196070 0.009907 0.005778 0.000004 0.788241
1 0 0.333801 0.421676 0.190951 0.002754 0.050818
1 0 0.189548 0.487416 0.106765 0.000461 0.215810
0 0 0.958919 0.022022 0.011900 0.000049 0.007110
1 0 0.410138 0.441616 0.098364 0.000264 0.049618
4 1 0.107040 0.252755 0.093313 0.000023 0.546868
4 1 0.187231 0.066108 0.032012 0.000000 0.714649
4 1 0.033524 0.114945 0.159139 0.000965 0.691426
2 1 0.013821 0.283752 0.533078 0.003000 0.166349
1 1 0.048059 0.522942 0.291825 0.000439 0.136735
4 2 0.022913 0.230550 0.225182 0.001001 0.520354
1 2 0.021207 0.392960 0.371484 0.000935 0.213414
2 2 0.023855 0.154277 0.714677 0.006472 0.100719
2 2 0.005967 0.072935 0.742531 0.000864 0.177703
2 2 0.000859 0.093316 0.875777 0.003302 0.026746
2 2 0.005267 0.227586 0.602642 0.000195 0.164310
2 2 0.000003 0.000269 0.998194 0.001501 0.000033
2 2 0.000024 0.007655 0.985648 0.002594 0.004079
2 2 0.000048 0.003819 0.995368 0.000437 0.000328
2 2 0.000178 0.007657 0.989631 0.000145 0.002389
2 2 0.000382 0.017408 0.978787 0.000048 0.003375
2 2 0.000087 0.018452 0.966929 0.000438 0.014094
2 2 0.000000 0.000094 0.999464 0.000440 0.000001
2 2 0.000014 0.001908 0.993650 0.004365 0.000064
2 2 0.000057 0.003016 0.994913 0.001364 0.000650
2 2 0.000001 0.000069 0.997827 0.002100 0.000003
2 2 0.000168 0.021553 0.968867 0.000004 0.009408
2 2 0.000067 0.002059 0.991518 0.005824 0.000532
2 2 0.000014 0.000610 0.998517 0.000797 0.000062
2 2 0.000452 0.064408 0.916697 0.000087 0.018356
2 2 0.000002 0.000393 0.999518 0.000037 0.000050
2 2 0.000036 0.010614 0.988348 0.000002 0.001001
2 2 0.004169 0.028437 0.937883 0.000032 0.029479
2 2 0.005842 0.016948 0.971446 0.000275 0.005489
2 2 0.000126 0.009960 0.981073 0.000029 0.008812
2 2 0.000007 0.002986 0.989803 0.005958 0.001245
2 2 0.005445 0.059486 0.912513 0.000157 0.022399
2 2 0.000000 0.000010 0.999261 0.000729 0.000000
2 2 0.007985 0.132023 0.773693 0.000029 0.086270
2 2 0.000000 0.000021 0.999883 0.000096 0.000001
2 2 0.000039 0.001708 0.991665 0.005897 0.000691
2 2 0.000244 0.009895 0.986679 0.000138 0.003044
2 2 0.000000 0.000006 0.999781 0.000213 0.000000
2 2 0.000009 0.000630 0.997870 0.001457 0.000034
2 2 0.000052 0.003319 0.996128 0.000199 0.000301
2 2 0.000000 0.000000 0.999687 0.000312 0.000000
2 2 0.000143 0.000936 0.943203 0.055674 0.000044
2 2 0.000000 0.000004 0.999763 0.000233 0.000000
2 2 0.000005 0.001140 0.986980 0.011827 0.000048
2 2 0.000000 0.000275 0.999191 0.000531 0.000003
2 2 0.000082 0.005669 0.974205 0.019718 0.000326
2 2 0.000000 0.000054 0.996721 0.003223 0.000001
2 2 0.000001 0.000074 0.973525 0.026395 0.000004
2 2 0.000002 0.000761 0.998786 0.000420 0.000032
2 2 0.000233 0.000874 0.964133 0.034605 0.000155
2 2 0.000009 0.000729 0.976854 0.022399 0.000009
2 2 0.000001 0.000196 0.995160 0.004641 0.000003
2 2 0.000000 0.000011 0.990555 0.009434 0.000000
2 2 0.002853 0.011317 0.962816 0.021270 0.001744
2 2 0.000020 0.000612 0.844908 0.154447 0.000012
2 2 0.000597 0.004820 0.967565 0.009040 0.017979
2 2 0.000022 0.000088 0.949911 0.049975 0.000003
2 2 0.000014 0.000248 0.938864 0.060857 0.000017
2 2 0.000157 0.003545 0.972696 0.022736 0.000866
2 2 0.000000 0.000010 0.963636 0.036353 0.000000
2 3 0.000011 0.000198 0.834371 0.165398 0.000022
2 3 0.000006 0.000237 0.989513 0.010232 0.000012
2 3 0.000510 0.003069 0.799819 0.193211 0.003391
2 3 0.000000 0.000007 0.959106 0.040885 0.000001
2 3 0.000000 0.000026 0.834530 0.165437 0.000006
2 3 0.000116 0.000557 0.972603 0.026659 0.000065
2 3 0.000615 0.003569 0.919923 0.074897 0.000997
2 3 0.000139 0.001104 0.665726 0.332501 0.000530
2 3 0.000283 0.000484 0.816263 0.182883 0.000088
3 3 0.000072 0.000268 0.368647 0.630892 0.000120
2 3 0.000476 0.000678 0.784284 0.214539 0.000023
2 3 0.000051 0.000371 0.936491 0.063063 0.000025
2 3 0.000360 0.001673 0.713464 0.283452 0.001050
3 3 0.000001 0.000016 0.495956 0.504026 0.000000
2 3 0.000592 0.001443 0.705584 0.292226 0.000156
2 3 0.000046 0.000188 0.986238 0.013492 0.000036
2 3 0.000017 0.000107 0.726949 0.272914 0.000012
2 3 0.000043 0.000149 0.585617 0.414143 0.000048
2 3 0.000701 0.000661 0.741601 0.256546 0.000490
2 3 0.000342 0.004745 0.912381 0.079580 0.002953
2 3 0.000154 0.000983 0.615509 0.381881 0.001473
2 3 0.000394 0.001373 0.577565 0.417733 0.002935
3 3 0.000469 0.000765 0.422271 0.575661 0.000833
2 3 0.000050 0.001047 0.951892 0.046913 0.000098
2 3 0.000006 0.000084 0.847015 0.152870 0.000025
3 3 0.000032 0.000368 0.145154 0.854383 0.000062
2 3 0.000618 0.003262 0.769390 0.225364 0.001366
3 3 0.001601 0.002221 0.206185 0.788812 0.001181
3 3 0.010584 0.017818 0.165896 0.792237 0.013464
3 3 0.000001 0.000036 0.458848 0.541113 0.000001
2 3 0.000318 0.002436 0.763335 0.232943 0.000969
2 3 0.000008 0.000255 0.955307 0.044391 0.000038
2 3 0.003081 0.004418 0.724589 0.264869 0.003043
3 3 0.000123 0.000825 0.381219 0.617642 0.000191
2 3 0.000004 0.000073 0.756385 0.243530 0.000009
2 3 0.002594 0.005233 0.900028 0.087931 0.004214
3 3 0.008643 0.001194 0.467759 0.520015 0.002389
3 3 0.000038 0.000200 0.334392 0.665310 0.000060
2 3 0.000171 0.001613 0.731407 0.266727 0.000081
3 3 0.000001 0.000019 0.407812 0.592165 0.000003
2 3 0.000002 0.000059 0.958899 0.041039 0.000001
2 3 0.001106 0.002666 0.716046 0.279946 0.000236
3 3 0.000094 0.000248 0.096017 0.903589 0.000052
3 3 0.000054 0.000236 0.462273 0.537420 0.000017
2 3 0.000010 0.000231 0.779114 0.220635 0.000009
2 3 0.003433 0.001285 0.585742 0.408938 0.000602
2 3 0.000098 0.000624 0.737450 0.260952 0.000876
3 3 0.000443 0.001244 0.356415 0.640356 0.001542
3 3 0.004602 0.004361 0.216234 0.764579 0.010223
3 3 0.000391 0.003316 0.183656 0.809030 0.003607
2 3 0.000087 0.000924 0.662574 0.335759 0.000656
3 3 0.000015 0.000060 0.215576 0.784339 0.000010
3 3 0.000040 0.000067 0.264118 0.735771 0.000003
2 3 0.000882 0.002850 0.747055 0.241112 0.008101
2 3 0.000190 0.000956 0.577629 0.421010 0.000214
3 3 0.000093 0.000310 0.107194 0.892063 0.000339
2 3 0.000070 0.000059 0.634070 0.365798 0.000003
2 3 0.013544 0.038068 0.550359 0.382138 0.015892
2 3 0.011459 0.014930 0.902548 0.064887 0.006175
2 3 0.014380 0.086315 0.873666 0.013951 0.011688
2 2 0.000261 0.007048 0.991937 0.000538 0.000217
2 2 0.000487 0.016567 0.982018 0.000230 0.000698
2 2 0.000007 0.000963 0.994185 0.004802 0.000043
2 2 0.041925 0.093362 0.838845 0.008621 0.017248
2 2 0.000097 0.001082 0.989995 0.008504 0.000322
2 2 0.000061 0.002519 0.990867 0.006400 0.000153
2 2 0.002755 0.126497 0.783099 0.000017 0.087632
2 2 0.015577 0.356203 0.536986 0.000329 0.090904
2 2 0.009702 0.074873 0.545323 0.007858 0.362244
4 2 0.063725 0.171310 0.346811 0.009602 0.408552
2 2 0.012938 0.326496 0.566913 0.001045 0.092608
2 2 0.020444 0.110619 0.776492 0.000846 0.091600
4 2 0.218884 0.187886 0.073444 0.000515 0.519271
4 2 0.120675 0.199748 0.228791 0.002381 0.448405
4 4 0.035724 0.096354 0.107335 0.000813 0.759774
4 4 0.038732 0.023901 0.022974 0.000081 0.914312
4 4 0.036688 0.060946 0.039420 0.000022 0.862924
4 4 0.004516 0.002273 0.002468 0.000000 0.990743
4 4 0.010140 0.002524 0.004219 0.000440 0.982678
4 4 0.061069 0.045685 0.022534 0.000281 0.870431
4 4 0.013813 0.005489 0.004017 0.000120 0.976560
4 4 0.057350 0.044811 0.017946 0.000026 0.879867
4 4 0.029188 0.004386 0.003584 0.000129 0.962713
4 4 0.012780 0.014321 0.016025 0.000025 0.956850
4 4 0.019820 0.001073 0.005314 0.000000 0.973793
4 4 0.011403 0.015829 0.009438 0.000019 0.963311
4 4 0.022069 0.021523 0.019733 0.000020 0.936656
4 4 0.039485 0.037839 0.009049 0.000001 0.913626
4 4 0.128633 0.008631 0.016961 0.000001 0.845774
4 4 0.015376 0.024577 0.013582 0.000058 0.946407
4 4 0.009758 0.064064 0.150573 0.002481 0.773124
4 4 0.016842 0.005494 0.005704 0.000068 0.971892
0 4 0.947695 0.020065 0.009388 0.000587 0.022265
1 4 0.359687 0.385695 0.088709 0.000003 0.165906
4 4 0.232439 0.330304 0.065629 0.000068 0.371561
4 4 0.050118 0.256347 0.277842 0.004939 0.410753
4 4 0.056858 0.024803 0.026129 0.000001 0.892209
4 4 0.027136 0.030622 0.020535 0.000035 0.921671
4 4 0.029655 0.090021 0.064472 0.000356 0.815496
4 4 0.203634 0.009368 0.005302 0.008527 0.773169
4 4 0.016921 0.002930 0.004209 0.000042 0.975899
4 4 0.107278 0.023965 0.033886 0.000006 0.834866
4 4 0.144903 0.056092 0.038206 0.002672 0.758127
4 4 0.064263 0.002708 0.010820 0.000093 0.922116
4 4 0.090104 0.091581 0.012538 0.000001 0.805776
4 4 0.041107 0.016217 0.017059 0.000086 0.925531
4 4 0.003641 0.004066 0.003792 0.000005 0.988497
4 4 0.079289 0.191868 0.064029 0.000041 0.664773
4 4 0.012622 0.043784 0.039779 0.000292 0.903524
4 4 0.079619 0.060290 0.022767 0.000022 0.837301
4 4 0.060873 0.314451 0.261561 0.005113 0.358002
0 1 0.555906 0.123615 0.074927 0.000162 0.245390
4 1 0.115371 0.287061 0.106730 0.000080 0.490758
4 2 0.023772 0.141549 0.081996 0.000093 0.752590
4 2 0.059812 0.346092 0.216734 0.000103 0.377259
4 4 0.198600 0.005055 0.010086 0.000035 0.786225
4 4 0.022027 0.099691 0.041591 0.000006 0.836684
4 4 0.012666 0.032036 0.014654 0.000156 0.940488
4 4 0.029294 0.003977 0.007570 0.000062 0.959098
4 4 0.063155 0.070868 0.031098 0.000256 0.834624
4 4 0.008474 0.052997 0.027476 0.000012 0.911040
4 4 0.024909 0.082966 0.088692 0.002460 0.800973
4 4 0.019324 0.030633 0.013016 0.000002 0.937025
4 4 0.016069 0.029940 0.015029 0.000002 0.938960
4 4 0.001994 0.003565 0.004668 0.000004 0.989769
4 4 0.024892 0.043027 0.031654 0.000123 0.900304
4 4 0.336076 0.116458 0.096132 0.000348 0.450986
4 4 0.061140 0.010605 0.012508 0.000129 0.915617
4 4 0.009413 0.016005 0.038632 0.000007 0.935942
4 4 0.027996 0.077414 0.177896 0.000046 0.716647
4 4 0.028699 0.022229 0.027863 0.000001 0.921207
4 4 0.005737 0.000469 0.000863 0.000000 0.992931
4 4 0.072544 0.042678 0.020636 0.000157 0.863985
2 4 0.006172 0.246864 0.614087 0.004076 0.128802
2 2 0.000685 0.081911 0.888161 0.000048 0.029195
4 2 0.009423 0.110817 0.070090 0.000132 0.809538
1 2 0.087972 0.509035 0.126989 0.000005 0.275999
2 2 0.005267 0.149897 0.788014 0.003828 0.052994
4 2 0.012457 0.308684 0.289810 0.001389 0.387661
4 2 0.049874 0.216642 0.135525 0.000083 0.597876
4 2 0.011171 0.043322 0.051446 0.000062 0.893999
2 2 0.001368 0.118401 0.831242 0.000214 0.048776
2 2 0.004422 0.218141 0.461672 0.003466 0.312301
2 2 0.009839 0.285007 0.383835 0.000023 0.321295
2 2 0.006400 0.238382 0.427013 0.000157 0.328047
2 2 0.000185 0.052037 0.850966 0.011243 0.085568
2 2 0.001503 0.138455 0.574038 0.001664 0.284341
2 2 0.000258 0.030555 0.926976 0.000629 0.041583
2 2 0.006519 0.248899 0.412361 0.000681 0.331540
2 2 0.003694 0.196229 0.555599 0.000009 0.244469
4 2 0.020677 0.083885 0.032629 0.000057 0.862752
4 2 0.018971 0.342066 0.271015 0.000123 0.367825
2 2 0.002235 0.149584 0.429629 0.000340 0.418212
4 2 0.005010 0.208730 0.302910 0.000489 0.482860
2 2 0.002087 0.093036 0.621972 0.001910 0.280996
4 2 0.048663 0.106906 0.061126 0.000128 0.783178
2 2 0.000572 0.072985 0.897561 0.010731 0.018151
2 2 0.001586 0.103140 0.628787 0.002402 0.264085
2 2 0.000317 0.061643 0.867407 0.000034 0.070599
2 2 0.481663 0.029808 0.486784 0.000000 0.001746
1 2 0.274618 0.349055 0.238405 0.061798 0.076124
2 2 0.000059 0.004655 0.994921 0.000020 0.000346
2 2 0.000866 0.057878 0.924800 0.000043 0.016413
2 2 0.002918 0.167277 0.785796 0.000008 0.044001
2 2 0.003429 0.073620 0.875165 0.000854 0.046932
2 2 0.000099 0.013238 0.984817 0.000051 0.001795
2 2 0.003793 0.072227 0.882832 0.000124 0.041024
2 2 0.000000 0.000043 0.999524 0.000431 0.000002
2 2 0.000001 0.001200 0.998381 0.000400 0.000018
2 2 0.000044 0.009229 0.989207 0.000111 0.001409
2 2 0.003182 0.086376 0.901085 0.000005 0.009352
2 2 0.014415 0.244524 0.677481 0.000214 0.063366
2 2 0.000273 0.014450 0.975342 0.000017 0.009919
2 2 0.000857 0.027829 0.967009 0.000073 0.004232
2 2 0.001384 0.029523 0.942999 0.000002 0.026092
2 2 0.000000 0.000067 0.999771 0.000160 0.000002
2 2 0.000124 0.009140 0.988900 0.000007 0.001829
2 2 0.000001 0.000527 0.998552 0.000902 0.000019
2 2 0.000004 0.002609 0.997041 0.000209 0.000137
2 2 0.001239 0.040569 0.946635 0.000018 0.011540
2 2 0.000000 0.000234 0.999038 0.000716 0.000012
2 2 0.000080 0.006746 0.992298 0.000163 0.000713
2 2 0.001344 0.041186 0.951124 0.000168 0.006177
2 2 0.000264 0.012283 0.984866 0.000139 0.002449
2 2 0.000457 0.009467 0.984734 0.000194 0.005148
2 2 0.005958 0.045961 0.938895 0.000048 0.009138
2 2 0.000433 0.009873 0.985806 0.000064 0.003823
2 2 0.000013 0.005455 0.994012 0.000025 0.000495
2 2 0.007267 0.074393 0.897060 0.000150 0.021129
2 2 0.000189 0.007673 0.991024 0.000342 0.000772
