0 0 0.963997 0.020479 0.009855 0.005547 0.000122
0 0 0.963297 0.025743 0.009796 0.000834 0.000329
0 0 0.512448 0.135088 0.213650 0.089697 0.049117
0 0 0.974512 0.018016 0.006088 0.000592 0.000792
0 0 0.956842 0.030600 0.011074 0.000957 0.000527
0 0 0.427054 0.201291 0.326033 0.010883 0.034739
0 0 0.656906 0.095850 0.167609 0.055359 0.024276
0 0 0.776803 0.129991 0.071473 0.008410 0.013324
0 0 0.976590 0.013073 0.008973 0.001037 0.000327
0 0 0.976475 0.014253 0.007992 0.000876 0.000405
0 0 0.677914 0.105833 0.204346 0.004461 0.007445
0 0 0.695808 0.103198 0.162166 0.037673 0.001155
0 0 0.935797 0.045413 0.016835 0.000894 0.001061
0 0 0.442885 0.110179 0.383422 0.062976 0.000538
1 0 0.235819 0.403816 0.334164 0.025300 0.000900
0 0 0.801715 0.116246 0.066573 0.007569 0.007897
2 0 0.066622 0.096043 0.768362 0.066506 0.002466
3 0 0.128644 0.016790 0.161369 0.693013 0.000183
1 0 0.216012 0.466256 0.260378 0.017932 0.039422
2 0 0.069053 0.173447 0.669456 0.087474 0.000571
1 0 0.203891 0.406328 0.224401 0.150139 0.015242
0 0 0.564116 0.305028 0.081614 0.012719 0.036522
0 0 0.502838 0.223283 0.261490 0.010101 0.002288
0 0 0.633595 0.154438 0.177746 0.025986 0.008235
2 0 0.302624 0.062166 0.407694 0.217525 0.009990
2 0 0.107102 0.159565 0.709000 0.024249 0.000083
2 0 0.219208 0.098658 0.367815 0.292260 0.022059
0 0 0.971438 0.011294 0.014311 0.002370 0.000586
0 0 0.962175 0.024961 0.010223 0.001093 0.001547
0 0 0.856204 0.020071 0.036240 0.079402 0.008084
0 0 0.876685 0.023774 0.065147 0.033626 0.000768
2 0 0.357728 0.067865 0.384033 0.189510 0.000863
0 0 0.471429 0.069567 0.324850 0.129686 0.004468
2 0 0.214584 0.261693 0.467506 0.054204 0.002014
2 0 0.015111 0.118312 0.825270 0.038273 0.003034
2 0 0.082616 0.154896 0.697308 0.064228 0.000952
0 0 0.551220 0.132367 0.278038 0.033920 0.004455
0 0 0.534407 0.135717 0.241866 0.063159 0.024851
0 0 0.284632 0.254217 0.280839 0.148806 0.031507
0 0 0.768325 0.086818 0.121749 0.016507 0.006601
0 0 0.935273 0.034834 0.017536 0.002756 0.009601
0 0 0.619693 0.256691 0.110748 0.009074 0.003794
0 0 0.972114 0.009995 0.015400 0.002287 0.000204
2 0 0.190980 0.190845 0.525958 0.054348 0.037868
1 0 0.305542 0.406922 0.276485 0.007882 0.003169
0 0 0.537739 0.124518 0.291284 0.044072 0.002387
0 0 0.492668 0.068334 0.386718 0.052041 0.000239
2 0 0.050712 0.091697 0.812338 0.045226 0.000027
2 0 0.012419 0.025405 0.492419 0.469668 0.000089
2 0 0.098061 0.329420 0.520118 0.051122 0.001279
2 0 0.030016 0.245563 0.705821 0.010708 0.007892
0 0 0.960088 0.026777 0.012228 0.000732 0.000175
2 0 0.332584 0.263558 0.360435 0.040579 0.002844
0 0 0.635730 0.098113 0.234689 0.030926 0.000542
0 0 0.458367 0.202827 0.300287 0.035234 0.003285
0 0 0.805496 0.112614 0.075637 0.005961 0.000292
0 0 0.475467 0.198979 0.268870 0.042257 0.014427
0 0 0.874294 0.089068 0.032454 0.001064 0.003120
0 0 0.621219 0.194952 0.164158 0.016879 0.002793
0 0 0.791708 0.104587 0.082557 0.019279 0.001870
0 0 0.384097 0.255252 0.313783 0.035992 0.010875
0 0 0.606759 0.198313 0.172245 0.018675 0.004008
0 0 0.542850 0.092523 0.352043 0.012387 0.000197
0 0 0.608130 0.169207 0.193631 0.024191 0.004841
0 0 0.860003 0.032705 0.075542 0.028287 0.003463
0 0 0.607983 0.062744 0.290050 0.037965 0.001258
0 0 0.936727 0.041933 0.012911 0.001543 0.006887
0 0 0.651669 0.056688 0.264774 0.023580 0.003290
0 0 0.917886 0.005201 0.046135 0.030678 0.000100
0 0 0.661014 0.149770 0.140778 0.022005 0.026434
0 0 0.972641 0.017053 0.009342 0.000844 0.000120
0 0 0.694159 0.061699 0.208598 0.034794 0.000750
0 0 0.956833 0.012827 0.026236 0.003952 0.000152
0 0 0.831818 0.057058 0.095065 0.014289 0.001771
0 0 0.492327 0.377013 0.120793 0.007748 0.002120
1 0 0.381999 0.451819 0.156193 0.008980 0.001008
0 0 0.939058 0.042745 0.016565 0.001303 0.000328
0 0 0.976999 0.015001 0.007411 0.000556 0.000032
0 1 0.961141 0.027617 0.009742 0.000869 0.000631
0 1 0.742194 0.189924 0.061321 0.004471 0.002090
0 1 0.616605 0.287682 0.085237 0.006154 0.004323
0 0 0.919017 0.045987 0.032060 0.002770 0.000166
0 0 0.905816 0.053727 0.036365 0.003539 0.000553
0 0 0.643322 0.085171 0.235947 0.034815 0.000744
1 0 0.338280 0.475989 0.178998 0.005370 0.001363
1 0 0.263851 0.372555 0.334350 0.027889 0.001356
0 0 0.596094 0.271558 0.116906 0.004836 0.010605
0 0 0.930341 0.019018 0.046252 0.004385 0.000004
2 0 0.279919 0.171082 0.503505 0.045451 0.000043
0 0 0.920350 0.016463 0.044505 0.018484 0.000198
0 0 0.919958 0.024382 0.048524 0.006335 0.000801
1 0 0.384531 0.403310 0.152094 0.006747 0.053318
2 0 0.074328 0.077785 0.750361 0.095874 0.001651
0 0 0.523404 0.216917 0.240855 0.012223 0.006602
0 0 0.833776 0.071959 0.060954 0.003116 0.030195
1 0 0.111720 0.584845 0.098070 0.008027 0.197338
0 0 0.885642 0.079911 0.029341 0.000777 0.004328
0 0 0.944819 0.033045 0.018685 0.002088 0.001364
0 1 0.751525 0.181464 0.061218 0.004352 0.001441
0 1 0.622830 0.208862 0.119496 0.005550 0.043262
0 1 0.721335 0.208070 0.061433 0.004716 0.004445
0 0 0.338082 0.310748 0.320536 0.029231 0.001403
0 0 0.670741 0.101529 0.205300 0.022242 0.000188
0 0 0.390890 0.206288 0.371168 0.031544 0.000110
0 0 0.886742 0.069489 0.034351 0.003882 0.005536
2 0 0.380524 0.107721 0.477426 0.033936 0.000393
0 0 0.971178 0.010812 0.014534 0.002494 0.000983
2 0 0.151204 0.114947 0.665477 0.068357 0.000015
3 0 0.086293 0.087562 0.181443 0.639129 0.005573
0 0 0.899582 0.042397 0.032322 0.003288 0.022412
0 0 0.985154 0.005556 0.008049 0.001155 0.000086
1 0 0.261827 0.399000 0.091362 0.140476 0.107335
0 0 0.788623 0.112184 0.052694 0.002951 0.043549
4 0 0.289166 0.010380 0.003455 0.000182 0.696817
0 0 0.996452 0.002359 0.001035 0.000107 0.000047
0 0 0.397525 0.281495 0.299260 0.018798 0.002922
0 0 0.998860 0.000741 0.000302 0.000038 0.000059
0 0 0.981460 0.012647 0.003877 0.000423 0.001592
0 1 0.926618 0.051537 0.014070 0.001400 0.006375
0 1 0.660288 0.243907 0.086205 0.001884 0.007716
0 1 0.735614 0.176672 0.072646 0.000537 0.014531
0 1 0.924600 0.051723 0.013606 0.001390 0.008681
0 1 0.970619 0.020206 0.006363 0.000506 0.002306
0 1 0.845386 0.105479 0.040420 0.000610 0.008105
2 1 0.135049 0.278178 0.568717 0.000401 0.017655
1 2 0.230155 0.404685 0.211578 0.000113 0.153468
1 2 0.077597 0.517428 0.195983 0.000327 0.208665
2 2 0.003592 0.112663 0.831483 0.000779 0.051484
4 2 0.026508 0.286746 0.268328 0.000109 0.418309
2 2 0.007189 0.098145 0.818372 0.000190 0.076105
2 2 0.005220 0.044929 0.932740 0.000039 0.017072
2 2 0.001044 0.043043 0.924967 0.000028 0.030918
2 2 0.013930 0.228067 0.713349 0.000119 0.044534
2 2 0.003958 0.148840 0.823871 0.000174 0.023157
2 2 0.000188 0.024952 0.960418 0.000428 0.014014
2 2 0.000282 0.030405 0.962475 0.000469 0.006369
2 2 0.003948 0.108754 0.836888 0.000085 0.050325
2 2 0.000165 0.020200 0.977626 0.000179 0.001829
2 2 0.000014 0.003557 0.995367 0.000753 0.000309
2 2 0.003022 0.147262 0.813150 0.000027 0.036540
2 2 0.000611 0.028420 0.968118 0.000116 0.002735
2 2 0.001525 0.076647 0.847049 0.001311 0.073469
2 2 0.000065 0.014458 0.981050 0.000270 0.004158
2 2 0.002631 0.062749 0.928158 0.000718 0.005743
2 3 0.002297 0.022117 0.844991 0.120729 0.009865
2 3 0.000009 0.004148 0.991531 0.003847 0.000465
2 3 0.000052 0.012768 0.820162 0.163983 0.003034
2 3 0.000432 0.063722 0.704324 0.203336 0.028186
2 3 0.000159 0.009174 0.860867 0.097331 0.032470
2 3 0.001878 0.047738 0.855898 0.022610 0.071876
2 3 0.000297 0.010950 0.935315 0.038060 0.015378
2 3 0.000126 0.018413 0.550839 0.428170 0.002452
2 3 0.000104 0.009504 0.884776 0.104348 0.001267
2 3 0.000348 0.009926 0.560059 0.422740 0.006928
2 3 0.002085 0.018820 0.868844 0.104842 0.005409
2 3 0.000265 0.012370 0.820456 0.150631 0.016278
2 3 0.000090 0.005889 0.514749 0.476366 0.002906
2 3 0.000369 0.055851 0.581702 0.340524 0.021555
2 3 0.000352 0.006664 0.939117 0.047378 0.006488
2 3 0.005990 0.065364 0.698374 0.186728 0.043543
2 3 0.000142 0.011528 0.780240 0.195856 0.012233
2 3 0.000443 0.041061 0.691626 0.256865 0.010005
3 3 0.002088 0.033676 0.282668 0.616685 0.064883
2 3 0.000022 0.008620 0.497374 0.490528 0.003456
2 3 0.000386 0.038379 0.708441 0.229047 0.023747
2 3 0.011992 0.086198 0.367384 0.284498 0.249927
2 3 0.000001 0.000203 0.736767 0.262677 0.000352
2 3 0.000235 0.031560 0.595918 0.365177 0.007110
2 3 0.000959 0.031593 0.779359 0.170365 0.017724
2 3 0.013958 0.069825 0.477120 0.222150 0.216948
2 3 0.000042 0.003985 0.512864 0.482812 0.000298
2 3 0.000972 0.034033 0.654425 0.244406 0.066164
3 3 0.000238 0.014589 0.165340 0.804240 0.015593
3 3 0.000417 0.005395 0.192641 0.790413 0.011134
3 3 0.000464 0.030804 0.237888 0.707546 0.023298
3 3 0.000045 0.006027 0.480804 0.511838 0.001286
3 3 0.000128 0.001065 0.069730 0.921577 0.007500
3 3 0.000622 0.011728 0.127311 0.843395 0.016943
2 3 0.000353 0.002257 0.521392 0.474290 0.001707
3 3 0.000155 0.011014 0.179293 0.801076 0.008462
3 3 0.000352 0.021688 0.213872 0.751146 0.012942
3 3 0.000429 0.011633 0.142805 0.839425 0.005709
3 3 0.000955 0.048328 0.326162 0.563245 0.061310
2 3 0.000022 0.001518 0.635099 0.361435 0.001927
3 3 0.000804 0.003977 0.151303 0.830977 0.012938
3 3 0.000136 0.002113 0.138407 0.854590 0.004754
2 3 0.000483 0.015451 0.710218 0.261946 0.011903
3 3 0.000164 0.002558 0.108331 0.885381 0.003566
3 3 0.000009 0.000102 0.021445 0.978203 0.000241
3 3 0.007496 0.023048 0.259893 0.600677 0.108886
2 3 0.001621 0.012818 0.750346 0.234079 0.001135
3 3 0.000105 0.011012 0.425419 0.551057 0.012407
3 3 0.000417 0.008996 0.183695 0.794142 0.012749
3 3 0.000320 0.018791 0.363313 0.592501 0.025075
2 3 0.001033 0.045518 0.751504 0.193482 0.008463
3 3 0.000298 0.021248 0.432252 0.531721 0.014482
3 3 0.005425 0.054436 0.368798 0.462216 0.109125
3 3 0.000682 0.007847 0.046045 0.918723 0.026703
3 3 0.001458 0.005071 0.046284 0.901617 0.045570
3 3 0.000382 0.005190 0.054934 0.908347 0.031147
3 3 0.000470 0.003795 0.016347 0.957552 0.021836
3 3 0.000311 0.003062 0.060154 0.915614 0.020858
3 3 0.000146 0.001489 0.037991 0.955691 0.004684
3 3 0.005804 0.016722 0.228867 0.698612 0.049994
2 3 0.007279 0.079169 0.880117 0.020702 0.012733
2 2 0.002509 0.079161 0.844428 0.068450 0.005453
2 3 0.002257 0.085887 0.865728 0.038101 0.008027
2 3 0.002494 0.104335 0.855150 0.019724 0.018297
2 2 0.002183 0.078819 0.914593 0.000360 0.004044
2 2 0.001401 0.071751 0.914889 0.002018 0.009942
2 2 0.031186 0.291993 0.612915 0.004519 0.059387
2 2 0.003017 0.116625 0.863857 0.004054 0.012446
2 2 0.001286 0.050799 0.946007 0.000309 0.001598
2 2 0.022076 0.109327 0.863826 0.000779 0.003992
2 2 0.000706 0.058761 0.928244 0.000026 0.012263
2 2 0.029143 0.102517 0.861470 0.001956 0.004914
2 2 0.000900 0.045491 0.951266 0.000465 0.001878
2 2 0.001263 0.054100 0.942421 0.000200 0.002016
0 2 0.449476 0.227516 0.286594 0.010816 0.025598
2 2 0.000565 0.018664 0.979956 0.000627 0.000188
2 2 0.009970 0.056323 0.916741 0.003817 0.013147
2 2 0.000758 0.041706 0.954801 0.000590 0.002145
2 2 0.000078 0.008303 0.991175 0.000273 0.000172
2 2 0.000886 0.035564 0.962425 0.000428 0.000697
2 2 0.001909 0.089215 0.896269 0.001304 0.011304
2 2 0.000473 0.028466 0.969964 0.000119 0.000978
2 2 0.000381 0.033420 0.962081 0.000126 0.003992
2 2 0.002337 0.118586 0.862384 0.000827 0.015866
2 2 0.000103 0.007752 0.985244 0.006126 0.000776
2 2 0.009811 0.014126 0.810833 0.163174 0.002057
2 2 0.003163 0.074524 0.904970 0.000161 0.017183
2 2 0.000362 0.007562 0.989302 0.002768 0.000007
2 2 0.000151 0.009312 0.988330 0.002116 0.000091
2 2 0.000158 0.022654 0.971878 0.000092 0.005219
2 2 0.001426 0.067989 0.920893 0.005753 0.003939
2 2 0.002099 0.044760 0.931875 0.020864 0.000403
2 3 0.000579 0.034692 0.938155 0.024114 0.002461
2 3 0.000859 0.041599 0.949052 0.007461 0.001030
2 3 0.000246 0.012396 0.985600 0.000921 0.000836
2 3 0.000737 0.035587 0.791143 0.168236 0.004297
2 3 0.001046 0.064499 0.923338 0.001954 0.009162
2 3 0.001082 0.040753 0.950634 0.006381 0.001149
2 3 0.000625 0.036756 0.959488 0.000951 0.002180
2 3 0.000147 0.022844 0.924037 0.050856 0.002116
2 3 0.004470 0.175830 0.575484 0.214373 0.029842
2 2 0.006773 0.087429 0.494069 0.007087 0.404642
2 2 0.000130 0.019948 0.956509 0.002052 0.021361
2 2 0.004368 0.205287 0.697932 0.035013 0.057400
2 2 0.000858 0.027703 0.963011 0.003157 0.005272
2 2 0.001332 0.044553 0.935627 0.004149 0.014339
2 2 0.000044 0.013282 0.982657 0.000214 0.003803
2 2 0.001499 0.130195 0.813631 0.001083 0.053592
2 2 0.000622 0.022954 0.974989 0.000187 0.001249
2 2 0.000231 0.017503 0.979848 0.001686 0.000731
2 2 0.000135 0.015245 0.965022 0.009981 0.009617
2 2 0.003498 0.085986 0.855236 0.003086 0.052194
2 2 0.000800 0.046142 0.948494 0.000162 0.004401
2 2 0.019293 0.027646 0.945788 0.002679 0.004593
2 2 0.000008 0.002451 0.996587 0.000747 0.000207
2 2 0.000161 0.015373 0.980808 0.003104 0.000555
2 2 0.016640 0.101578 0.732873 0.018714 0.130194
2 2 0.000270 0.030555 0.898742 0.009875 0.060558
2 2 0.000285 0.025699 0.971954 0.000499 0.001563
2 3 0.000093 0.013633 0.975183 0.007655 0.003436
2 3 0.008811 0.039181 0.797633 0.137769 0.016605
2 3 0.000118 0.010175 0.921482 0.066855 0.001371
2 3 0.008781 0.044302 0.657431 0.141111 0.148375
2 3 0.000032 0.004721 0.779867 0.215033 0.000346
2 3 0.000740 0.030003 0.870302 0.090551 0.008404
2 3 0.003122 0.135606 0.428171 0.370357 0.062745
3 3 0.003527 0.045754 0.439570 0.482401 0.028748
2 3 0.032171 0.089799 0.552558 0.257020 0.068452
3 3 0.003010 0.012143 0.072054 0.894014 0.018779
2 3 0.000091 0.019459 0.953884 0.023625 0.002940
2 2 0.007856 0.166898 0.794041 0.017936 0.013269
2 2 0.010170 0.106202 0.695020 0.003399 0.185210
2 2 0.000064 0.011391 0.984322 0.000042 0.004181
2 2 0.000191 0.025398 0.911578 0.000162 0.062671
2 2 0.008803 0.075534 0.765742 0.013749 0.136172
2 2 0.000118 0.009228 0.971380 0.018286 0.000988
2 2 0.000047 0.008426 0.976607 0.014211 0.000709
2 2 0.000398 0.017628 0.976888 0.001145 0.003941
2 2 0.000028 0.007790 0.989990 0.000337 0.001855
2 2 0.000000 0.000313 0.993922 0.005749 0.000015
2 2 0.000014 0.001965 0.992168 0.005817 0.000036
2 2 0.000570 0.031913 0.961810 0.000620 0.005087
2 2 0.000710 0.032883 0.925160 0.008914 0.032333
2 2 0.019587 0.095835 0.861863 0.004555 0.018160
2 2 0.000543 0.036007 0.956788 0.000306 0.006356
2 2 0.000004 0.001801 0.997103 0.000891 0.000202
2 2 0.001589 0.019922 0.936630 0.024707 0.017152
2 2 0.000629 0.076898 0.871142 0.000073 0.051257
2 2 0.000558 0.028954 0.967606 0.001901 0.000979
2 2 0.000051 0.004178 0.995008 0.000567 0.000196
2 2 0.000086 0.012120 0.985959 0.000941 0.000894
2 2 0.002848 0.046690 0.932136 0.008762 0.009563
2 2 0.000034 0.002074 0.938905 0.058698 0.000290
2 2 0.012625 0.140729 0.808876 0.000456 0.037314
2 1 0.105298 0.343201 0.525432 0.007026 0.019043
2 2 0.000605 0.048030 0.923644 0.000040 0.027680
2 2 0.000578 0.020568 0.944239 0.032834 0.001781
2 2 0.000123 0.015910 0.979753 0.000181 0.004034
2 2 0.000025 0.010219 0.983416 0.000578 0.005763
2 2 0.007981 0.054659 0.918649 0.017093 0.001617
2 2 0.000333 0.011622 0.985016 0.000579 0.002450
2 2 0.002847 0.075984 0.708857 0.000791 0.211522
2 2 0.000250 0.015587 0.920350 0.000304 0.063508
4 2 0.003000 0.089647 0.107430 0.000224 0.799699
4 4 0.008896 0.067745 0.257067 0.000043 0.666248
4 4 0.006736 0.041985 0.049262 0.000189 0.901827
4 4 0.024491 0.022540 0.014455 0.000045 0.938469
4 4 0.036728 0.018278 0.008893 0.000190 0.935912
4 4 0.049601 0.090122 0.044192 0.000087 0.815997
4 4 0.017542 0.063219 0.045016 0.000081 0.874142
4 4 0.053580 0.096667 0.044435 0.000136 0.805182
0 4 0.818484 0.078009 0.025671 0.000248 0.077588
4 4 0.057937 0.086867 0.042417 0.000046 0.812734
4 4 0.042348 0.129996 0.075183 0.000021 0.752452
4 4 0.061437 0.084519 0.035017 0.000259 0.818769
4 4 0.013878 0.001099 0.000845 0.000007 0.984171
4 4 0.034998 0.147230 0.074194 0.000257 0.743321
4 4 0.048679 0.185124 0.091124 0.000066 0.675006
4 4 0.213816 0.013610 0.003161 0.000282 0.769132
4 4 0.105131 0.048779 0.020580 0.000015 0.825495
4 4 0.117369 0.062742 0.023713 0.000037 0.796138
4 4 0.051311 0.043435 0.019987 0.000135 0.885131
0 4 0.505037 0.012046 0.003982 0.000247 0.478689
4 4 0.470339 0.013144 0.004540 0.000176 0.511801
4 4 0.114154 0.005634 0.001697 0.000162 0.878353
4 4 0.042307 0.002916 0.001483 0.000017 0.953276
4 4 0.040949 0.005047 0.002667 0.000019 0.951318
4 4 0.032818 0.063725 0.037813 0.000050 0.865594
4 4 0.311328 0.014637 0.004933 0.001832 0.667270
0 4 0.742911 0.007006 0.001433 0.000412 0.248237
4 4 0.037235 0.007804 0.004199 0.000031 0.950731
4 4 0.275672 0.051069 0.022220 0.000103 0.650936
0 1 0.861351 0.095955 0.028636 0.001238 0.012820
0 1 0.802840 0.097353 0.080114 0.000331 0.019363
0 1 0.404883 0.329874 0.091199 0.001089 0.172956
1 1 0.186409 0.437653 0.168232 0.000304 0.207402
0 1 0.320877 0.292558 0.130675 0.000236 0.255654
2 1 0.046436 0.350852 0.525576 0.000342 0.076794
1 2 0.175641 0.328995 0.235841 0.000095 0.259427
2 2 0.000573 0.064457 0.695050 0.000078 0.239842
2 2 0.019395 0.183111 0.446368 0.000420 0.350706
2 2 0.000360 0.031783 0.901395 0.000245 0.066218
2 2 0.002041 0.050053 0.822224 0.000110 0.125572
2 2 0.092399 0.170384 0.496940 0.000031 0.240246
2 2 0.000665 0.029919 0.762432 0.000002 0.206982
4 2 0.010043 0.057400 0.391033 0.000052 0.541471
2 2 0.000028 0.005297 0.988161 0.000049 0.006465
2 2 0.000402 0.029298 0.928330 0.001051 0.040920
2 2 0.003238 0.037742 0.586075 0.000993 0.371952
2 2 0.000014 0.001418 0.997833 0.000076 0.000660
2 2 0.000063 0.007966 0.964041 0.000065 0.027866
2 2 0.001234 0.034130 0.766363 0.000186 0.198086
2 2 0.000027 0.003952 0.979715 0.000002 0.016305
2 2 0.005972 0.067885 0.684508 0.001277 0.240358
2 2 0.003468 0.027625 0.780735 0.002332 0.185840
2 2 0.002419 0.023259 0.825286 0.000069 0.148967
2 2 0.000024 0.006802 0.974497 0.000267 0.018410
2 2 0.000882 0.019279 0.833421 0.000175 0.146243
2 2 0.000262 0.014558 0.956238 0.000831 0.028113
2 2 0.000200 0.014842 0.925887 0.000205 0.058866
4 2 0.075342 0.068216 0.069574 0.000019 0.786849
2 2 0.000450 0.022891 0.885850 0.000212 0.090596
2 2 0.000130 0.012083 0.946664 0.000448 0.040675
2 2 0.000252 0.023308 0.933058 0.000054 0.043328
2 2 0.000438 0.011493 0.920719 0.000071 0.067279
2 2 0.000104 0.018934 0.976627 0.000995 0.003339
2 2 0.000363 0.016865 0.967460 0.000032 0.015280
2 2 0.000010 0.003112 0.996538 0.000005 0.000334
2 2 0.000013 0.005593 0.991893 0.000085 0.002415
2 2 0.007721 0.162741 0.769060 0.000097 0.060382
2 2 0.000314 0.025737 0.970225 0.000032 0.003693
2 2 0.000000 0.000262 0.998793 0.000930 0.000015
2 2 0.000249 0.021077 0.928628 0.045082 0.004964
2 2 0.062942 0.086080 0.825850 0.000843 0.024285
0 1 0.413133 0.204232 0.322116 0.000486 0.060032
4 1 0.024105 0.246928 0.246794 0.000020 0.482152
0 1 0.355395 0.345622 0.110486 0.000562 0.187935
2 1 0.052892 0.264143 0.580376 0.002734 0.099854
4 1 0.047726 0.099441 0.132697 0.001180 0.718955
2 1 0.028566 0.152129 0.749892 0.001368 0.068045
2 1 0.019677 0.094502 0.784375 0.026285 0.075161
2 1 0.014489 0.028253 0.552252 0.000587 0.404419
4 1 0.061107 0.215670 0.185759 0.000018 0.537446
2 2 0.015724 0.190037 0.404659 0.000105 0.389476
2 2 0.003856 0.115910 0.597974 0.003146 0.279114
4 2 0.059720 0.304866 0.210362 0.000108 0.424945
4 2 0.007173 0.062387 0.420213 0.000112 0.510114
2 2 0.005146 0.107522 0.444779 0.000621 0.441932
4 2 0.035980 0.351268 0.148964 0.000609 0.463179
4 2 0.017502 0.038513 0.094473 0.000116 0.849395
4 2 0.013779 0.140727 0.189612 0.000493 0.655388
2 2 0.001222 0.041886 0.819470 0.002013 0.135410
2 2 0.002482 0.181069 0.570204 0.003147 0.243098
4 2 0.008727 0.067198 0.433532 0.009124 0.481419
4 2 0.012386 0.075915 0.255134 0.004459 0.652106
2 2 0.001275 0.045303 0.646704 0.199337 0.107382
4 2 0.009836 0.126787 0.148352 0.040272 0.674753
4 2 0.003767 0.174720 0.270170 0.007068 0.544275
4 2 0.002549 0.093481 0.378456 0.084879 0.440634
4 2 0.048785 0.147282 0.214950 0.029059 0.559925
4 3 0.012855 0.026021 0.114165 0.078865 0.768093
4 3 0.021282 0.041314 0.086451 0.329676 0.521276
3 3 0.003370 0.021233 0.317562 0.471549 0.186285
2 3 0.003856 0.164756 0.332191 0.228405 0.270792
4 3 0.006456 0.020575 0.032707 0.021277 0.918985
3 3 0.004861 0.038483 0.337974 0.487091 0.131590
3 3 0.003004 0.037289 0.136061 0.719865 0.103782
4 3 0.003928 0.055443 0.211379 0.204143 0.525106
3 3 0.019497 0.023547 0.067490 0.609620 0.279847
3 3 0.002208 0.019793 0.096104 0.579070 0.302824
4 3 0.010661 0.030317 0.171767 0.022471 0.764783
4 3 0.019846 0.075885 0.055979 0.048218 0.800072
4 3 0.006268 0.025345 0.027785 0.072915 0.867688
4 3 0.006040 0.031859 0.049169 0.030438 0.882494
3 3 0.001307 0.005241 0.030330 0.928864 0.034257
4 3 0.010822 0.016272 0.023427 0.141595 0.807885
3 3 0.005924 0.022505 0.110880 0.499870 0.360822
4 3 0.004486 0.008861 0.005108 0.080829 0.900716
3 3 0.004037 0.055513 0.098688 0.670803 0.170958
4 3 0.060479 0.062666 0.133229 0.024350 0.719276
3 3 0.001011 0.023755 0.111271 0.687727 0.176235
4 3 0.012287 0.036146 0.055474 0.073064 0.823029
4 3 0.003856 0.015353 0.014043 0.059562 0.907185
4 3 0.004549 0.020471 0.096520 0.024778 0.853681
3 3 0.001717 0.004126 0.043449 0.929428 0.021279
3 3 0.001141 0.008681 0.007796 0.970465 0.011917
3 3 0.002789 0.007421 0.052463 0.753338 0.183990
3 3 0.001182 0.007995 0.018365 0.684447 0.288011
4 3 0.008437 0.027094 0.077890 0.210194 0.676386
4 3 0.030616 0.117620 0.047908 0.053718 0.750138
3 3 0.020849 0.163682 0.226723 0.295118 0.293629
4 3 0.019878 0.040755 0.066367 0.313329 0.559671
3 3 0.009366 0.014878 0.012770 0.565818 0.397170
3 3 0.001679 0.022474 0.112254 0.753254 0.110339
3 3 0.002318 0.018107 0.091915 0.485732 0.401928
4 3 0.007172 0.023556 0.160550 0.068667 0.740055
3 3 0.007936 0.040424 0.182891 0.685989 0.082760
3 3 0.000371 0.033304 0.328851 0.610700 0.026773
3 3 0.002921 0.025459 0.058539 0.855607 0.057475
3 3 0.001558 0.010176 0.014162 0.903118 0.070985
3 3 0.002369 0.003313 0.016393 0.883010 0.094915
3 3 0.000100 0.001262 0.003574 0.993638 0.001426
4 3 0.050454 0.065511 0.118123 0.209903 0.556009
4 3 0.033922 0.232805 0.243018 0.054074 0.436182
2 3 0.001515 0.072193 0.423831 0.420546 0.081915
4 3 0.170256 0.136472 0.088898 0.161617 0.442757
4 3 0.018891 0.102119 0.200269 0.155102 0.523619
3 3 0.027406 0.057711 0.039523 0.482954 0.392406
1 3 0.024939 0.331912 0.191299 0.200420 0.251430
3 3 0.000875 0.002657 0.006223 0.981698 0.008548
3 3 0.001344 0.028459 0.173817 0.762876 0.033504
3 1 0.119636 0.075345 0.349581 0.450368 0.005070
2 1 0.024172 0.213461 0.430051 0.056625 0.275692
2 2 0.003495 0.136329 0.807486 0.016234 0.036457
2 2 0.000076 0.006847 0.990167 0.000797 0.002113
2 2 0.000464 0.031974 0.954757 0.005459 0.007346
2 2 0.000131 0.014497 0.982338 0.000763 0.002271
2 2 0.000245 0.018124 0.977165 0.003848 0.000618
1 2 0.144252 0.429512 0.221807 0.003074 0.201355
2 2 0.012036 0.041821 0.627888 0.000379 0.317877
2 2 0.000137 0.014144 0.964691 0.000851 0.020177
2 2 0.000999 0.041693 0.593215 0.000474 0.363619
2 2 0.000326 0.023262 0.883411 0.004077 0.088924
2 2 0.001597 0.063996 0.879469 0.000532 0.054407
2 2 0.000017 0.005031 0.984497 0.001486 0.008969
2 2 0.000212 0.017893 0.922755 0.000344 0.058796
2 2 0.000002 0.003014 0.990198 0.003087 0.003700
2 2 0.000016 0.004251 0.990560 0.000218 0.004955
2 2 0.000368 0.024935 0.888608 0.000294 0.085795
2 2 0.000142 0.017409 0.951575 0.000815 0.030059
2 2 0.000057 0.012100 0.960640 0.000820 0.026383
2 2 0.000986 0.007291 0.896855 0.001773 0.093095
2 2 0.000172 0.004360 0.952573 0.000871 0.042024
2 2 0.000632 0.019969 0.856293 0.000210 0.122897
2 2 0.004263 0.027082 0.820683 0.000435 0.147537
2 2 0.000324 0.013032 0.838659 0.000137 0.147848
2 2 0.002416 0.035609 0.874200 0.000573 0.087202
2 2 0.000158 0.006404 0.979600 0.000143 0.013695
2 2 0.000010 0.006793 0.971344 0.017800 0.004053
2 2 0.000001 0.001067 0.971091 0.026700 0.001141
2 2 0.000353 0.031180 0.924987 0.013867 0.029614
2 2 0.000013 0.006201 0.971680 0.015212 0.006894
2 2 0.000059 0.003404 0.959509 0.009338 0.027689
2 2 0.001150 0.028133 0.798338 0.000374 0.172005
2 2 0.000029 0.008909 0.968554 0.000023 0.022485
4 2 0.045987 0.123398 0.133709 0.000287 0.696619
4 2 0.000487 0.039015 0.320947 0.000130 0.639421
2 2 0.000246 0.031366 0.709457 0.000107 0.258824
4 2 0.003826 0.069437 0.362563 0.000001 0.564173
4 2 0.015484 0.046638 0.074464 0.000025 0.863388
2 2 0.000582 0.035146 0.696699 0.000336 0.267237
4 2 0.000973 0.037060 0.421584 0.000432 0.539951
4 2 0.096699 0.057671 0.021017 0.000140 0.824473
4 2 0.014909 0.054225 0.038970 0.000140 0.891757
4 2 0.010166 0.072821 0.139567 0.000026 0.777420
1 1 0.172541 0.402841 0.295111 0.000147 0.129360
1 2 0.154391 0.436929 0.334982 0.000059 0.073638
1 1 0.159979 0.558811 0.255146 0.000415 0.025648
2 2 0.001745 0.051988 0.924315 0.009304 0.012648
2 2 0.002310 0.058735 0.898105 0.000632 0.040218
2 2 0.001512 0.028559 0.946959 0.000152 0.022819
4 2 0.026825 0.190485 0.298254 0.000344 0.484092
2 2 0.000135 0.014524 0.966812 0.000382 0.018147
2 2 0.010089 0.121924 0.808843 0.001027 0.058116
2 2 0.000098 0.012415 0.974667 0.000196 0.012625
2 2 0.019010 0.138693 0.667461 0.000067 0.174769
2 2 0.008397 0.097974 0.857316 0.000042 0.036271
2 2 0.214126 0.129044 0.525574 0.000134 0.131122
2 2 0.152596 0.276825 0.497999 0.000074 0.072505
2 2 0.000501 0.012913 0.975203 0.000020 0.011362
2 2 0.056117 0.090374 0.816790 0.000189 0.036529
2 2 0.065703 0.046376 0.865725 0.000061 0.022136
2 2 0.001763 0.056896 0.873142 0.000613 0.067586
2 2 0.000041 0.005631 0.992915 0.000044 0.001369
2 2 0.007957 0.097177 0.869682 0.000353 0.024831
2 2 0.000388 0.017592 0.974748 0.001250 0.006022
2 2 0.004085 0.044893 0.942788 0.000729 0.007504
2 2 0.000021 0.007439 0.990160 0.000062 0.002318
2 2 0.000101 0.007934 0.990473 0.000023 0.001469
2 2 0.003314 0.078552 0.894040 0.000338 0.023756
2 2 0.104174 0.271682 0.594008 0.000217 0.029919
2 2 0.003432 0.059023 0.895577 0.000078 0.041890
2 2 0.032779 0.065344 0.887791 0.000413 0.013673
2 2 0.000183 0.022464 0.952644 0.000318 0.024391
2 2 0.000458 0.041059 0.942664 0.003277 0.012542
2 2 0.000173 0.027602 0.963788 0.002504 0.005933
2 2 0.000011 0.004845 0.989501 0.004190 0.001454
2 2 0.000001 0.001968 0.996446 0.000210 0.001374
2 2 0.001283 0.018680 0.973722 0.001613 0.004702
2 2 0.113104 0.128531 0.729406 0.003628 0.025331
2 1 0.238948 0.145189 0.484540 0.008991 0.122332
2 2 0.070070 0.139756 0.739664 0.000786 0.049725
0 0 0.633229 0.268728 0.091000 0.004032 0.003011
0 0 0.846967 0.100250 0.040643 0.000376 0.011764
0 1 0.580123 0.290614 0.118712 0.001043 0.009508
0 0 0.494502 0.321460 0.173182 0.001559 0.009297
0 0 0.494669 0.310339 0.132835 0.000315 0.061842
1 1 0.271112 0.411236 0.168121 0.000271 0.149260
0 1 0.948584 0.034331 0.015042 0.000253 0.001790
1 0 0.345542 0.387308 0.259899 0.001777 0.005473
0 0 0.772691 0.150262 0.056170 0.000577 0.020299
2 1 0.003406 0.081892 0.909016 0.000149 0.005537
1 1 0.332766 0.410396 0.172445 0.000320 0.084073
1 0 0.248303 0.490391 0.202490 0.000438 0.058377
0 0 0.901473 0.068009 0.025931 0.000590 0.003997
0 0 0.453811 0.370205 0.102928 0.002037 0.071019
1 0 0.238442 0.483622 0.210495 0.000316 0.067125
2 1 0.097332 0.112519 0.676353 0.000121 0.113676
2 1 0.000046 0.006147 0.992085 0.000309 0.001414
2 2 0.008833 0.078452 0.581527 0.001168 0.330020
2 2 0.000035 0.004027 0.986437 0.003847 0.005654
2 2 0.005451 0.058253 0.831617 0.000068 0.104611
2 2 0.000000 0.000184 0.999788 0.000003 0.000024
2 2 0.035744 0.203684 0.568915 0.000186 0.191471
2 2 0.003248 0.088037 0.774911 0.000194 0.133610
2 2 0.001723 0.019830 0.969947 0.000033 0.008467
2 2 0.000000 0.000117 0.999852 0.000021 0.000010
2 2 0.000849 0.049520 0.935268 0.000032 0.014331
2 2 0.002688 0.033129 0.905557 0.000013 0.058614
2 2 0.000639 0.011798 0.976942 0.000016 0.010604
2 2 0.001215 0.028592 0.943876 0.000004 0.026313
2 2 0.002754 0.064480 0.803212 0.000039 0.129516
2 2 0.001674 0.038834 0.914216 0.000023 0.045252
2 2 0.000021 0.010847 0.980563 0.000033 0.008537
2 2 0.007552 0.038540 0.927544 0.000054 0.026310
2 2 0.000127 0.006874 0.992250 0.000041 0.000709
2 2 0.000456 0.029750 0.948870 0.000210 0.020713
2 2 0.000179 0.033480 0.950871 0.001700 0.013770
2 2 0.000664 0.046098 0.922346 0.009189 0.021704
2 2 0.001021 0.038289 0.910875 0.000059 0.049755
2 2 0.000258 0.035442 0.951873 0.000029 0.012399
2 2 0.000467 0.022259 0.959299 0.000121 0.017855
2 2 0.000061 0.013147 0.983060 0.000072 0.003660
2 2 0.000166 0.021207 0.935704 0.000011 0.042912
2 2 0.002194 0.042919 0.939045 0.000150 0.015692
2 2 0.000690 0.005675 0.990190 0.002671 0.000774
2 2 0.000067 0.011149 0.987432 0.000079 0.001273
2 2 0.000013 0.006757 0.988717 0.000801 0.003711
2 2 0.000567 0.050904 0.907842 0.000385 0.040301
2 2 0.004934 0.045895 0.850009 0.001923 0.097239
2 2 0.000254 0.016024 0.972041 0.001305 0.010375
2 2 0.000020 0.008378 0.959421 0.021125 0.011055
2 2 0.001356 0.033090 0.958839 0.000099 0.006617
2 2 0.000803 0.032270 0.860540 0.000158 0.106229
2 2 0.000006 0.002837 0.992053 0.004559 0.000544
2 2 0.000003 0.001781 0.997389 0.000394 0.000434
2 2 0.000578 0.012551 0.957749 0.027637 0.001485
2 2 0.000443 0.021882 0.962371 0.000484 0.014820
2 2 0.000006 0.001052 0.990738 0.004102 0.004102
2 2 0.001987 0.021378 0.938848 0.003243 0.034544
2 2 0.000003 0.002764 0.995911 0.000104 0.001218
2 2 0.000263 0.049345 0.916285 0.000269 0.033838
2 2 0.000162 0.010002 0.987682 0.000575 0.001579
2 2 0.000159 0.013179 0.973055 0.000234 0.013373
2 2 0.000047 0.006963 0.979796 0.007063 0.006131
2 2 0.000499 0.028803 0.935077 0.000457 0.035164
2 2 0.000044 0.013528 0.981031 0.000221 0.005176
2 2 0.000040 0.007955 0.978704 0.008628 0.004674
2 2 0.000130 0.029133 0.941802 0.000668 0.028268
2 2 0.000112 0.018260 0.966043 0.001059 0.014526
2 2 0.000006 0.002418 0.962223 0.035169 0.000183
2 2 0.000003 0.000454 0.938581 0.060643 0.000319
2 2 0.000038 0.010852 0.985160 0.000304 0.003646
2 2 0.000006 0.002809 0.993918 0.001447 0.001819
2 2 0.000713 0.041362 0.870834 0.007653 0.079438
2 2 0.000015 0.004272 0.991191 0.001054 0.003468
2 2 0.000026 0.008291 0.975393 0.001837 0.014454
2 2 0.000876 0.012035 0.862029 0.087206 0.037854
2 2 0.000003 0.003948 0.991663 0.001467 0.002918
2 2 0.000086 0.004901 0.948468 0.039832 0.006712
2 3 0.000018 0.002021 0.953287 0.035272 0.009402
2 3 0.000000 0.000092 0.968336 0.031565 0.000006
2 3 0.000417 0.032151 0.891723 0.004548 0.071161
2 3 0.006364 0.018015 0.962938 0.004706 0.007976
2 3 0.000001 0.001563 0.996173 0.001114 0.001149
2 3 0.000319 0.014996 0.920628 0.040654 0.023403
2 3 0.000027 0.008961 0.972557 0.015954 0.002501
2 3 0.001035 0.055398 0.874059 0.041279 0.028229
2 3 0.000285 0.022873 0.970793 0.001981 0.004067
2 3 0.000643 0.022201 0.912907 0.010005 0.054244
2 3 0.000148 0.013395 0.958771 0.008398 0.019288
2 3 0.000847 0.017455 0.883470 0.083415 0.014814
2 3 0.000026 0.015410 0.924694 0.048631 0.011239
2 3 0.001027 0.014498 0.859552 0.073474 0.051449
2 3 0.000347 0.004446 0.965612 0.004888 0.024707
2 2 0.000228 0.017222 0.915909 0.032186 0.034454
2 2 0.000145 0.014292 0.965608 0.001760 0.018195
2 2 0.000866 0.018885 0.888578 0.053268 0.038402
2 2 0.000203 0.009262 0.980059 0.000731 0.009745
2 2 0.000240 0.014873 0.978310 0.004236 0.002341
2 2 0.000167 0.016272 0.961903 0.004663 0.016996
2 2 0.003493 0.082896 0.852060 0.002993 0.058558
2 2 0.000006 0.001106 0.998339 0.000281 0.000268
2 2 0.009201 0.032304 0.783118 0.001922 0.173455
2 2 0.000080 0.007358 0.990368 0.000478 0.001716
2 2 0.000366 0.021570 0.952984 0.000082 0.024999
2 2 0.000135 0.014115 0.978422 0.004639 0.002689
2 2 0.000435 0.012651 0.977380 0.002150 0.007384
2 2 0.000000 0.000071 0.999571 0.000354 0.000005
2 2 0.006158 0.057854 0.928908 0.005849 0.001231
2 2 0.296802 0.180951 0.450322 0.000773 0.071151
2 2 0.003535 0.029072 0.846673 0.000066 0.120654
2 2 0.000030 0.009688 0.982260 0.000006 0.008015
2 2 0.000050 0.009446 0.970688 0.000237 0.019579
2 2 0.002087 0.077869 0.530969 0.000115 0.388960
4 4 0.004627 0.022066 0.031955 0.000003 0.941349
4 4 0.008482 0.032815 0.033485 0.000018 0.925199
4 4 0.023801 0.031647 0.020540 0.000053 0.923960
4 4 0.045456 0.055164 0.029042 0.000050 0.870288
4 4 0.054651 0.013417 0.006861 0.000015 0.925056
4 4 0.015452 0.022365 0.017633 0.000027 0.944524
4 4 0.016174 0.020755 0.014672 0.000078 0.948321
4 4 0.050485 0.024850 0.011717 0.000082 0.912866
4 4 0.020934 0.093169 0.108792 0.000086 0.777020
4 4 0.040382 0.038388 0.021204 0.000041 0.899986
4 4 0.014361 0.030555 0.024733 0.000031 0.930320
4 4 0.077272 0.008185 0.003569 0.000015 0.910958
4 4 0.050322 0.010765 0.005738 0.000011 0.933164
4 4 0.023559 0.026757 0.020044 0.000009 0.929631
4 4 0.018015 0.048243 0.034857 0.000056 0.898827
4 4 0.023215 0.029147 0.018005 0.000102 0.929530
4 4 0.015120 0.046412 0.033866 0.000104 0.904499
4 4 0.048897 0.008810 0.004249 0.000038 0.938006
4 4 0.078086 0.079654 0.028113 0.000602 0.813545
4 4 0.118930 0.010670 0.003720 0.000036 0.866643
4 4 0.128728 0.003490 0.001078 0.000048 0.866656
4 4 0.081819 0.015437 0.010525 0.000004 0.892215
4 4 0.044605 0.009992 0.006274 0.000003 0.939126
4 4 0.017094 0.002557 0.001433 0.000243 0.978674
4 4 0.054726 0.003022 0.001025 0.000722 0.940504
4 4 0.006892 0.004174 0.004108 0.000019 0.984807
0 4 0.549530 0.011845 0.003607 0.000156 0.434863
4 4 0.155394 0.005371 0.001741 0.000065 0.837428
4 4 0.047086 0.046876 0.018552 0.001252 0.886234
4 4 0.138548 0.084029 0.028018 0.000188 0.749216
4 4 0.054386 0.029602 0.012969 0.000157 0.902886
4 4 0.034881 0.022166 0.013162 0.000024 0.929766
4 4 0.050089 0.064471 0.041929 0.000048 0.843464
4 4 0.022432 0.085285 0.106752 0.000189 0.785341
4 4 0.036774 0.130177 0.082407 0.000049 0.750593
4 4 0.017898 0.050237 0.051542 0.000049 0.880274
4 4 0.009464 0.038808 0.050843 0.000075 0.900810
4 4 0.027400 0.069153 0.033832 0.001161 0.868455
4 4 0.108142 0.119964 0.038622 0.000395 0.732878
4 4 0.011738 0.032672 0.028865 0.000026 0.926698
4 4 0.043587 0.052571 0.028980 0.000034 0.874829
4 4 0.053799 0.037767 0.023580 0.000003 0.884853
4 4 0.017265 0.109908 0.108747 0.000020 0.764060
4 4 0.010179 0.100162 0.131652 0.000031 0.757977
4 4 0.058223 0.114758 0.054163 0.000066 0.772790
4 4 0.009476 0.090909 0.085795 0.000035 0.813784
4 4 0.008334 0.043774 0.044728 0.000021 0.903143
4 4 0.027677 0.132994 0.088195 0.000025 0.751109
4 4 0.033087 0.067226 0.041110 0.000034 0.858543
4 4 0.010075 0.083752 0.119961 0.000135 0.786078
4 4 0.015631 0.067764 0.108736 0.000090 0.807779
4 4 0.000396 0.043817 0.439813 0.000090 0.515883
4 4 0.008521 0.089621 0.096127 0.000056 0.805676
0 0 0.391474 0.389824 0.191480 0.000314 0.026908
4 1 0.021938 0.249853 0.174858 0.000014 0.553338
4 1 0.025607 0.116525 0.256475 0.000040 0.601353
4 2 0.003295 0.065522 0.096324 0.000013 0.834846
2 2 0.000219 0.025145 0.888896 0.000772 0.084970
2 2 0.000229 0.049077 0.828036 0.000147 0.122511
2 2 0.000022 0.005313 0.976099 0.000409 0.018156
2 2 0.000656 0.044881 0.597978 0.000457 0.356028
2 2 0.000011 0.005861 0.969689 0.000177 0.024262
4 2 0.014625 0.083047 0.201606 0.000008 0.700715
2 2 0.000335 0.037269 0.854359 0.000297 0.107740
2 2 0.000385 0.022477 0.766187 0.000086 0.210865
2 2 0.000117 0.010295 0.940240 0.000061 0.049286
2 2 0.000513 0.024312 0.748689 0.000421 0.226065
2 2 0.000579 0.015872 0.856968 0.000013 0.126568
4 2 0.002488 0.029615 0.418284 0.000094 0.549519
4 2 0.005459 0.037810 0.424376 0.000168 0.532187
2 2 0.004012 0.058821 0.686227 0.000016 0.250924
2 2 0.000001 0.000749 0.997171 0.000074 0.002005
2 2 0.002496 0.034086 0.699690 0.000027 0.263701
2 2 0.000771 0.030097 0.869773 0.000045 0.099313
2 2 0.002459 0.045579 0.521931 0.000035 0.429996
2 2 0.000320 0.025919 0.852922 0.000146 0.120692
4 2 0.006835 0.054951 0.291298 0.000038 0.646878
2 2 0.000013 0.008774 0.980227 0.000017 0.010969
2 2 0.000230 0.007867 0.954492 0.000020 0.037391
2 2 0.000016 0.003610 0.988472 0.000017 0.007884
2 2 0.000506 0.017242 0.772553 0.000219 0.209480
2 2 0.000006 0.003276 0.990130 0.000449 0.006139
2 2 0.000015 0.007255 0.978629 0.001976 0.012125
2 2 0.000006 0.003600 0.987778 0.000181 0.008435
2 2 0.008041 0.085122 0.536084 0.000072 0.370680
2 2 0.001114 0.020491 0.952010 0.000075 0.026311
2 2 0.000331 0.017438 0.931927 0.000494 0.049811
2 2 0.000025 0.004207 0.977664 0.000113 0.017991
2 2 0.000158 0.031246 0.897222 0.007448 0.063927
2 2 0.000007 0.004338 0.992918 0.000373 0.002364
2 2 0.001452 0.017511 0.629648 0.000827 0.350562
2 2 0.000252 0.014163 0.969526 0.000640 0.015419
2 2 0.000002 0.002091 0.994884 0.000353 0.002670
2 2 0.000060 0.006524 0.955390 0.012081 0.025946
2 2 0.000357 0.037386 0.890447 0.000306 0.071503
2 2 0.000186 0.023323 0.900905 0.000308 0.075278
2 2 0.000002 0.001441 0.983664 0.010580 0.004313
2 2 0.000002 0.002379 0.992442 0.003636 0.001542
2 2 0.000186 0.034728 0.937180 0.003594 0.024311
2 3 0.000007 0.005235 0.876954 0.116036 0.001767
2 3 0.000064 0.015424 0.946511 0.003335 0.034666
2 3 0.000143 0.008178 0.933027 0.004484 0.054168
2 3 0.000015 0.013837 0.916867 0.056226 0.013055
2 3 0.000105 0.007168 0.903394 0.084738 0.004596
2 3 0.000157 0.033519 0.831245 0.034563 0.100516
2 3 0.000039 0.003397 0.802814 0.172224 0.021527
2 3 0.000128 0.032747 0.883714 0.014344 0.069066
2 3 0.000014 0.006507 0.937994 0.052266 0.003219
2 3 0.001686 0.046896 0.860464 0.038632 0.052322
2 3 0.000177 0.017403 0.847506 0.057401 0.077512
2 3 0.000674 0.049799 0.790006 0.125105 0.034416
2 3 0.000063 0.023307 0.899530 0.050170 0.026931
2 3 0.000021 0.013995 0.936939 0.037925 0.011120
2 3 0.000014 0.001972 0.914545 0.073350 0.010119
2 3 0.000095 0.025868 0.859902 0.045571 0.068564
2 3 0.000072 0.013271 0.903293 0.048787 0.034577
2 3 0.000070 0.017972 0.892746 0.083885 0.005327
2 3 0.000356 0.015336 0.871394 0.084196 0.028718
2 3 0.000286 0.033424 0.666993 0.272171 0.027125
2 3 0.009590 0.048760 0.488952 0.051217 0.401482
2 3 0.000050 0.012963 0.967939 0.006119 0.012928
2 3 0.000853 0.039465 0.832823 0.000800 0.126058
2 3 0.000146 0.013937 0.972657 0.002400 0.010860
2 3 0.000086 0.007410 0.981369 0.009893 0.001242
2 3 0.000194 0.023667 0.888946 0.021414 0.065781
2 3 0.000547 0.079618 0.788163 0.105883 0.025789
2 3 0.000005 0.004649 0.982077 0.010232 0.003037
2 3 0.000212 0.016999 0.661377 0.295025 0.026387
2 3 0.000012 0.002935 0.584868 0.408924 0.003260
2 3 0.000002 0.001566 0.812252 0.186013 0.000168
2 3 0.000896 0.028716 0.882181 0.050642 0.037565
2 3 0.000038 0.018987 0.785909 0.179826 0.015239
2 3 0.000029 0.008111 0.951057 0.035451 0.005352
2 3 0.000498 0.005754 0.890571 0.091582 0.011595
2 3 0.000080 0.006313 0.868445 0.123475 0.001687
2 3 0.000045 0.011271 0.680712 0.282424 0.025548
2 3 0.000060 0.008711 0.962771 0.009138 0.019320
2 3 0.002726 0.020787 0.611157 0.260922 0.104408
2 3 0.000516 0.014475 0.531290 0.389344 0.064375
2 3 0.000026 0.002642 0.776355 0.218778 0.002199
3 3 0.002487 0.022703 0.168537 0.777499 0.028774
2 3 0.008123 0.125075 0.501911 0.266396 0.098495
2 3 0.000224 0.014613 0.853535 0.123510 0.008118
2 2 0.000094 0.014526 0.978457 0.005330 0.001592
2 2 0.097436 0.381562 0.501426 0.008608 0.010968
2 2 0.048686 0.364538 0.424586 0.000034 0.162157
2 2 0.000499 0.029708 0.958804 0.000067 0.010922
2 2 0.020136 0.052063 0.876726 0.001126 0.049949
2 2 0.025347 0.101452 0.665782 0.000407 0.207011
2 2 0.024117 0.093295 0.832614 0.000297 0.049677
2 2 0.073540 0.264406 0.519377 0.000353 0.142323
2 2 0.001735 0.054694 0.939300 0.000436 0.003835
2 2 0.000145 0.003906 0.993926 0.000043 0.001980
2 2 0.000079 0.012351 0.985675 0.000726 0.001169
2 2 0.000136 0.028132 0.962379 0.000027 0.009326
2 2 0.121472 0.149993 0.637628 0.000121 0.090786
2 2 0.000090 0.015054 0.972797 0.000062 0.011997
2 2 0.000601 0.036184 0.960072 0.000192 0.002952
2 2 0.004573 0.110905 0.875886 0.000043 0.008592
2 2 0.000488 0.015004 0.980383 0.000057 0.004067
2 2 0.000507 0.026490 0.971471 0.000815 0.000717
2 2 0.000642 0.035429 0.950421 0.000140 0.013367
2 2 0.002007 0.048195 0.942972 0.000324 0.006501
2 2 0.007467 0.120337 0.860163 0.000517 0.011516
2 2 0.002366 0.082342 0.879181 0.005349 0.030761
2 2 0.006051 0.095049 0.885598 0.000021 0.013282
2 2 0.065804 0.154348 0.695971 0.000829 0.083047
