0 0 0.909439 0.057197 0.022288 0.000155 0.010920
0 0 0.923130 0.012498 0.002034 0.000002 0.062336
0 0 0.886444 0.037012 0.008491 0.000113 0.067939
4 0 0.104762 0.052885 0.039044 0.000564 0.802745
4 0 0.134468 0.177709 0.054705 0.000003 0.633116
0 0 0.604480 0.074710 0.019367 0.000028 0.301415
4 0 0.405684 0.097904 0.030818 0.000081 0.465512
4 0 0.251672 0.212577 0.048425 0.000001 0.487326
4 0 0.378590 0.153815 0.033819 0.000001 0.433776
4 0 0.081650 0.099127 0.031939 0.000005 0.787279
4 0 0.179214 0.186822 0.054755 0.000008 0.579200
4 0 0.331809 0.261901 0.059856 0.000002 0.346432
2 0 0.029644 0.185250 0.461841 0.000052 0.323213
0 0 0.890735 0.077902 0.012827 0.000010 0.018526
4 0 0.174306 0.237796 0.106967 0.000007 0.480925
0 0 0.378096 0.226865 0.127919 0.000140 0.266980
4 0 0.253277 0.023879 0.006529 0.000009 0.716305
0 0 0.536936 0.173603 0.037468 0.000005 0.251989
2 0 0.079569 0.139995 0.436075 0.005329 0.339031
4 0 0.214905 0.072228 0.025494 0.000060 0.687313
4 1 0.052192 0.178029 0.124420 0.000035 0.645324
4 1 0.252691 0.070957 0.027440 0.000001 0.648911
4 1 0.131590 0.107537 0.068712 0.000117 0.692044
4 1 0.098929 0.056456 0.015743 0.000001 0.828870
0 0 0.529865 0.222971 0.157941 0.000460 0.088763
0 0 0.980736 0.011302 0.006573 0.000719 0.000669
0 0 0.841333 0.020940 0.003959 0.000010 0.133759
4 0 0.380662 0.067128 0.068655 0.000510 0.483046
4 0 0.176222 0.112263 0.049902 0.000263 0.661350
4 0 0.160800 0.043819 0.015028 0.000083 0.780270
4 0 0.114536 0.118054 0.036116 0.000004 0.731290
4 1 0.102139 0.136722 0.067191 0.001440 0.692508
4 1 0.075783 0.085258 0.033890 0.000063 0.805006
4 1 0.049051 0.241512 0.099561 0.000032 0.609845
4 1 0.046161 0.212101 0.096532 0.000121 0.645086
2 1 0.017537 0.321283 0.380648 0.000187 0.280344
2 2 0.001143 0.117954 0.811119 0.000743 0.069041
4 2 0.015713 0.126253 0.186090 0.002229 0.669715
4 1 0.290897 0.304365 0.079085 0.000006 0.325647
2 2 0.008015 0.103255 0.659361 0.004322 0.225048
2 2 0.004146 0.223051 0.609990 0.006011 0.156801
2 2 0.000407 0.035095 0.933608 0.022751 0.008138
2 2 0.000000 0.000010 0.810132 0.189858 0.000000
2 2 0.000150 0.027237 0.945371 0.007885 0.019357
2 2 0.000002 0.004973 0.990774 0.003788 0.000463
2 2 0.000128 0.039646 0.935929 0.015300 0.008997
2 2 0.000000 0.000071 0.964465 0.035454 0.000009
2 2 0.000003 0.001946 0.959655 0.037900 0.000496
2 2 0.000010 0.013086 0.980533 0.004395 0.001976
2 2 0.001703 0.187276 0.599075 0.000289 0.211658
2 2 0.000000 0.000303 0.949431 0.050239 0.000027
2 2 0.000020 0.013371 0.966532 0.015354 0.004723
2 2 0.000001 0.000400 0.831493 0.167960 0.000147
2 2 0.000003 0.002265 0.938183 0.058869 0.000679
2 2 0.000000 0.000000 0.989490 0.010510 0.000000
2 2 0.000001 0.000980 0.975875 0.022872 0.000272
2 2 0.000001 0.000490 0.992330 0.007084 0.000095
2 2 0.000002 0.000746 0.502125 0.496794 0.000334
2 2 0.000040 0.018712 0.964362 0.009743 0.007144
2 2 0.000000 0.000017 0.916892 0.083090 0.000001
2 2 0.000000 0.000147 0.666263 0.333567 0.000023
2 2 0.000147 0.016559 0.949106 0.007858 0.026330
2 2 0.000218 0.011591 0.715843 0.268625 0.003722
2 2 0.000009 0.003069 0.746873 0.248559 0.001490
3 2 0.000000 0.000006 0.146198 0.853794 0.000001
2 2 0.000004 0.001122 0.928307 0.070262 0.000305
3 2 0.000000 0.000004 0.033664 0.966330 0.000002
2 2 0.000856 0.145263 0.731160 0.023542 0.099180
2 2 0.000055 0.004608 0.594419 0.400210 0.000708
3 2 0.000001 0.000771 0.383365 0.615534 0.000328
2 3 0.000430 0.014022 0.535535 0.448465 0.001548
2 3 0.000001 0.000576 0.559150 0.440078 0.000196
3 3 0.000006 0.001739 0.428451 0.568994 0.000810
3 3 0.000023 0.001568 0.440522 0.557741 0.000146
3 3 0.000000 0.000182 0.049684 0.950022 0.000111
3 3 0.000001 0.000340 0.170198 0.829315 0.000146
3 3 0.000000 0.000022 0.290236 0.709737 0.000005
3 3 0.000000 0.000001 0.129974 0.870025 0.000000
3 3 0.000000 0.000069 0.190328 0.809582 0.000020
3 3 0.000005 0.000313 0.072804 0.926796 0.000081
3 3 0.000001 0.000411 0.456708 0.542528 0.000351
3 3 0.000000 0.000011 0.214402 0.785586 0.000002
3 3 0.000000 0.000002 0.031033 0.968964 0.000001
3 3 0.000007 0.000464 0.315356 0.684142 0.000031
3 3 0.000032 0.003194 0.422814 0.573166 0.000793
3 3 0.000001 0.000099 0.051055 0.948828 0.000016
3 3 0.000000 0.000001 0.030126 0.969872 0.000000
3 3 0.000000 0.000011 0.105445 0.894541 0.000004
3 3 0.000000 0.000000 0.003063 0.996937 0.000000
3 3 0.000234 0.002252 0.021615 0.975684 0.000216
3 3 0.000059 0.004398 0.244756 0.747222 0.003564
3 3 0.000000 0.000031 0.301719 0.698244 0.000007
3 3 0.000000 0.000001 0.080070 0.919929 0.000000
3 3 0.000835 0.014335 0.321272 0.662651 0.000906
3 3 0.000037 0.004647 0.476685 0.517430 0.001201
3 3 0.000000 0.000000 0.295336 0.704664 0.000000
3 3 0.000000 0.000082 0.158729 0.841186 0.000003
3 3 0.000000 0.000019 0.432229 0.567750 0.000002
3 3 0.000195 0.001711 0.075949 0.921780 0.000364
2 3 0.000953 0.015409 0.611245 0.371264 0.001128
3 3 0.000000 0.000051 0.418494 0.581452 0.000003
3 3 0.000000 0.000001 0.207559 0.792440 0.000000
3 3 0.000000 0.000000 0.031993 0.968007 0.000000
3 3 0.000026 0.000595 0.219392 0.779972 0.000015
3 3 0.000000 0.000016 0.294764 0.705220 0.000000
3 3 0.000195 0.009941 0.136091 0.849486 0.004287
3 3 0.000000 0.000011 0.166796 0.833192 0.000001
3 3 0.000005 0.000754 0.026362 0.972110 0.000769
3 3 0.000000 0.000000 0.000746 0.999254 0.000000
3 3 0.000000 0.000000 0.008983 0.991017 0.000000
3 3 0.000322 0.000849 0.016801 0.982013 0.000016
3 3 0.000000 0.000000 0.036679 0.963321 0.000000
3 3 0.000000 0.000000 0.312639 0.687361 0.000000
3 3 0.000002 0.000048 0.018676 0.981272 0.000002
3 3 0.000000 0.000062 0.120404 0.879515 0.000020
3 3 0.000001 0.000129 0.087194 0.912652 0.000024
3 3 0.000000 0.000002 0.003525 0.996473 0.000000
3 3 0.000000 0.000003 0.119458 0.880539 0.000001
3 3 0.000000 0.000001 0.027303 0.972696 0.000000
3 3 0.000000 0.000000 0.005268 0.994731 0.000000
3 3 0.000000 0.000005 0.013680 0.986315 0.000000
3 3 0.000000 0.000032 0.056345 0.943620 0.000003
3 3 0.000000 0.000001 0.135642 0.864357 0.000000
3 3 0.000001 0.000030 0.042960 0.957009 0.000001
3 3 0.000000 0.000007 0.104160 0.895833 0.000000
3 3 0.000000 0.000003 0.013558 0.986437 0.000002
3 3 0.000000 0.000051 0.282059 0.717878 0.000012
2 3 0.000086 0.012651 0.703248 0.275453 0.008562
2 2 0.000085 0.026352 0.723424 0.242476 0.007664
2 2 0.000074 0.003743 0.897190 0.098929 0.000064
2 2 0.000042 0.026650 0.952851 0.015373 0.005085
2 2 0.000002 0.006337 0.988814 0.004068 0.000779
2 2 0.000023 0.006337 0.979544 0.012906 0.001190
2 2 0.000007 0.002844 0.771933 0.224594 0.000622
2 2 0.000087 0.029482 0.915682 0.044562 0.010187
2 2 0.000000 0.000024 0.809798 0.190176 0.000002
2 2 0.000000 0.000013 0.970337 0.029649 0.000001
2 2 0.000009 0.014828 0.805399 0.176828 0.002935
2 2 0.000000 0.000256 0.950013 0.049684 0.000047
2 2 0.000004 0.001624 0.963441 0.034283 0.000648
3 2 0.000029 0.003998 0.356240 0.637610 0.002123
3 2 0.000000 0.000002 0.323145 0.676853 0.000000
3 2 0.000000 0.000008 0.250178 0.749812 0.000001
2 2 0.000007 0.001083 0.671579 0.326943 0.000388
3 2 0.000000 0.000004 0.314534 0.685461 0.000000
2 2 0.000001 0.000970 0.799924 0.198941 0.000163
2 2 0.000000 0.000087 0.766235 0.233676 0.000002
2 2 0.000012 0.002612 0.533317 0.463230 0.000828
3 2 0.000000 0.000318 0.449071 0.550534 0.000077
3 3 0.000000 0.000087 0.376925 0.622980 0.000007
2 3 0.000004 0.001220 0.544202 0.454234 0.000339
3 3 0.000000 0.000190 0.158293 0.841442 0.000075
3 3 0.000000 0.000083 0.205988 0.793903 0.000026
3 3 0.000000 0.000006 0.329776 0.670218 0.000001
2 3 0.000156 0.018210 0.565743 0.406402 0.009489
3 3 0.000000 0.000003 0.096848 0.903149 0.000001
2 3 0.000001 0.000175 0.775414 0.224403 0.000007
3 3 0.000000 0.000140 0.343713 0.656141 0.000006
2 3 0.000000 0.000019 0.505847 0.494133 0.000001
3 3 0.000000 0.000016 0.131789 0.868194 0.000000
3 3 0.000000 0.000002 0.121443 0.878555 0.000000
3 3 0.000000 0.000007 0.058462 0.941531 0.000000
2 3 0.000009 0.001557 0.503332 0.495035 0.000067
3 3 0.000000 0.000005 0.219251 0.780744 0.000000
3 3 0.000418 0.004764 0.070849 0.923683 0.000286
3 3 0.000003 0.000237 0.071313 0.928409 0.000038
3 3 0.000009 0.001000 0.259894 0.738666 0.000430
3 3 0.000001 0.000051 0.123838 0.876108 0.000002
3 3 0.000000 0.000003 0.056675 0.943322 0.000000
3 3 0.000033 0.002926 0.118741 0.876506 0.001795
3 3 0.000028 0.004023 0.195075 0.798134 0.002741
3 3 0.000077 0.000803 0.091044 0.908054 0.000023
3 3 0.000000 0.000001 0.001989 0.998009 0.000000
3 3 0.024811 0.017313 0.073056 0.884145 0.000676
3 2 0.000000 0.000002 0.307350 0.692647 0.000000
2 2 0.036638 0.142248 0.812574 0.005002 0.003538
2 2 0.000269 0.026608 0.926314 0.025175 0.021635
2 2 0.000003 0.001954 0.974724 0.022893 0.000427
2 2 0.000000 0.000002 0.941439 0.058559 0.000000
2 2 0.000000 0.000151 0.750249 0.249578 0.000022
2 2 0.003445 0.019518 0.820418 0.156332 0.000287
2 2 0.001611 0.151740 0.754036 0.000616 0.091997
2 2 0.002012 0.030710 0.925979 0.040622 0.000676
2 0 0.188857 0.194096 0.319785 0.001742 0.295519
4 1 0.057333 0.239773 0.085411 0.000006 0.617477
2 2 0.000398 0.068679 0.887392 0.026496 0.017034
2 2 0.000005 0.004630 0.874855 0.119089 0.001421
2 2 0.000068 0.013491 0.738160 0.231882 0.016398
2 2 0.000004 0.003105 0.949172 0.047341 0.000378
2 2 0.002187 0.100463 0.521873 0.002079 0.373398
2 2 0.000001 0.001888 0.844471 0.153358 0.000282
2 2 0.000002 0.001189 0.947757 0.050910 0.000142
2 2 0.000018 0.010746 0.919150 0.067368 0.002718
2 2 0.000004 0.003183 0.953743 0.042899 0.000171
2 2 0.000001 0.001471 0.878537 0.119090 0.000900
2 2 0.000006 0.003017 0.906430 0.089905 0.000642
2 2 0.000029 0.022856 0.937725 0.027860 0.011530
2 2 0.000001 0.000864 0.870888 0.128122 0.000125
2 2 0.000769 0.044593 0.871302 0.038147 0.045188
2 2 0.000000 0.000022 0.984896 0.015081 0.000001
2 2 0.003382 0.140619 0.731596 0.011432 0.112970
2 2 0.000003 0.001748 0.993038 0.004191 0.001021
2 2 0.000055 0.023333 0.970893 0.000676 0.005042
2 2 0.000462 0.091073 0.774794 0.002569 0.131101
2 2 0.002726 0.201988 0.700580 0.008074 0.086632
2 2 0.000305 0.068567 0.870158 0.019568 0.041402
2 2 0.000148 0.016967 0.946662 0.026157 0.010066
2 2 0.000017 0.013798 0.975522 0.002239 0.008424
2 2 0.000756 0.180247 0.646008 0.005019 0.167970
2 2 0.000001 0.001047 0.857190 0.141617 0.000146
2 4 0.002681 0.133142 0.771338 0.002692 0.090146
2 4 0.000800 0.116285 0.503679 0.001143 0.378093
4 4 0.002706 0.189791 0.325218 0.000619 0.481666
2 4 0.000283 0.112543 0.796086 0.000600 0.090488
2 4 0.000849 0.085115 0.653119 0.000403 0.260514
2 4 0.000035 0.022491 0.951557 0.005401 0.020517
2 4 0.000589 0.037972 0.922061 0.003762 0.035615
2 4 0.010201 0.124525 0.508922 0.003904 0.352448
4 4 0.013250 0.139904 0.144481 0.000067 0.702298
4 4 0.004209 0.124415 0.205067 0.000360 0.665949
4 4 0.025552 0.066373 0.036189 0.001307 0.870579
4 4 0.011980 0.163564 0.256294 0.000508 0.567654
4 4 0.003925 0.179725 0.225390 0.000020 0.590940
4 4 0.008898 0.235139 0.317613 0.001611 0.436740
2 4 0.005389 0.160403 0.581219 0.001897 0.251091
4 4 0.006555 0.247942 0.136765 0.000136 0.608601
2 4 0.005655 0.282927 0.449477 0.000286 0.261655
2 4 0.001959 0.109166 0.529684 0.002851 0.356340
2 4 0.001830 0.143822 0.580451 0.000192 0.273704
2 4 0.000486 0.022876 0.881018 0.002786 0.092834
2 4 0.001009 0.122020 0.509176 0.161177 0.206618
2 2 0.002754 0.081461 0.806297 0.000085 0.109403
2 2 0.000136 0.060577 0.864652 0.012478 0.062157
2 2 0.006840 0.129569 0.847715 0.004282 0.011594
2 2 0.012069 0.286744 0.480451 0.000718 0.220018
2 2 0.000154 0.028658 0.944704 0.000194 0.026290
2 2 0.000097 0.052920 0.918055 0.000132 0.028796
2 2 0.000506 0.017028 0.969541 0.000338 0.012586
2 2 0.000029 0.033570 0.943615 0.006498 0.016287
2 2 0.000002 0.002150 0.995467 0.001611 0.000769
2 2 0.001439 0.048644 0.917662 0.001103 0.031152
2 2 0.000230 0.009185 0.916915 0.014382 0.059288
2 2 0.000048 0.007503 0.926510 0.064404 0.001535
2 2 0.000376 0.067494 0.895554 0.008379 0.028197
2 2 0.000181 0.045161 0.914017 0.020501 0.020140
2 2 0.000018 0.003940 0.981351 0.013329 0.001361
2 2 0.000003 0.003782 0.994307 0.001040 0.000868
2 2 0.000018 0.005098 0.970346 0.021903 0.002636
2 2 0.000001 0.000457 0.894334 0.105149 0.000059
2 2 0.001782 0.171658 0.645928 0.000704 0.179928
2 2 0.000006 0.001556 0.990559 0.004979 0.002900
2 2 0.000000 0.000073 0.995848 0.004074 0.000006
2 2 0.001786 0.205257 0.536255 0.002477 0.254226
2 2 0.000006 0.001588 0.980297 0.017055 0.001054
2 2 0.000116 0.043267 0.880187 0.008321 0.068109
2 2 0.000019 0.012711 0.927912 0.052059 0.007298
2 2 0.000000 0.000408 0.983685 0.015836 0.000071
2 2 0.000003 0.005754 0.989661 0.002708 0.001873
2 2 0.000011 0.005659 0.990515 0.001832 0.001983
2 2 0.006250 0.057100 0.830387 0.088833 0.017430
2 0 0.053901 0.294170 0.626926 0.009727 0.015276
4 1 0.016623 0.259192 0.271010 0.000633 0.452542
4 0 0.125372 0.297176 0.169526 0.000014 0.407912
0 0 0.454526 0.305193 0.069323 0.000007 0.170952
4 1 0.034681 0.192354 0.076535 0.000016 0.696414
0 1 0.397553 0.344103 0.112471 0.000330 0.145544
4 2 0.005312 0.170538 0.256694 0.001277 0.566178
2 2 0.003518 0.239001 0.402977 0.000420 0.354083
2 2 0.000005 0.002794 0.966909 0.029954 0.000338
2 2 0.000015 0.009253 0.988009 0.001043 0.001681
2 2 0.000056 0.008712 0.984491 0.002212 0.004530
2 2 0.000626 0.175189 0.789081 0.004909 0.030195
2 2 0.000000 0.000360 0.996901 0.002719 0.000021
2 2 0.000002 0.001453 0.893513 0.104819 0.000213
2 2 0.001078 0.119778 0.834866 0.002303 0.041975
2 2 0.002023 0.077436 0.825257 0.001315 0.093968
2 2 0.000047 0.019643 0.965874 0.008136 0.006300
2 2 0.000014 0.004832 0.960560 0.033518 0.001076
2 2 0.000000 0.000036 0.968759 0.031203 0.000002
2 2 0.001390 0.043245 0.901374 0.028860 0.025131
2 2 0.000001 0.000525 0.977033 0.022338 0.000102
2 2 0.000042 0.022204 0.914233 0.049940 0.013581
2 2 0.000091 0.021148 0.952901 0.010774 0.015086
2 2 0.000000 0.000159 0.991947 0.007879 0.000015
2 2 0.000014 0.009775 0.972312 0.013729 0.004170
2 2 0.000000 0.000004 0.851662 0.148334 0.000000
2 2 0.000000 0.000000 0.907028 0.092972 0.000000
2 2 0.000003 0.002746 0.962581 0.034087 0.000583
2 2 0.000046 0.018876 0.882727 0.090094 0.008257
2 2 0.000003 0.002597 0.944064 0.052689 0.000648
2 2 0.000001 0.000479 0.896511 0.102807 0.000203
2 2 0.000000 0.000194 0.968436 0.031361 0.000009
2 2 0.000004 0.009254 0.927005 0.060843 0.002894
2 2 0.000000 0.000030 0.825100 0.174867 0.000003
2 2 0.000000 0.000005 0.613017 0.386977 0.000001
3 2 0.000000 0.000002 0.411786 0.588212 0.000000
2 2 0.000732 0.093274 0.841053 0.038468 0.026473
3 2 0.000000 0.000003 0.371625 0.628372 0.000000
3 2 0.000000 0.000384 0.458861 0.540665 0.000089
2 2 0.000486 0.092515 0.849697 0.028870 0.028432
2 2 0.000000 0.000056 0.955119 0.044820 0.000004
2 2 0.000000 0.000001 0.832150 0.167849 0.000000
2 2 0.000004 0.002414 0.860078 0.136989 0.000515
2 2 0.000000 0.000000 0.906934 0.093065 0.000000
2 2 0.000000 0.000002 0.542820 0.457179 0.000000
2 2 0.000000 0.000288 0.865978 0.133675 0.000059
2 2 0.000000 0.000030 0.511766 0.488198 0.000005
3 2 0.000001 0.000356 0.487359 0.512230 0.000054
2 2 0.000012 0.000784 0.832042 0.167128 0.000034
2 2 0.000000 0.000006 0.845177 0.154817 0.000000
3 2 0.000000 0.000013 0.181374 0.818610 0.000002
2 2 0.000001 0.000282 0.658485 0.341219 0.000013
3 2 0.000002 0.000078 0.323248 0.676669 0.000002
3 3 0.000001 0.000083 0.043102 0.956698 0.000116
2 3 0.000000 0.000096 0.595138 0.404760 0.000007
3 3 0.000001 0.000258 0.069132 0.930460 0.000150
3 3 0.000000 0.000047 0.142137 0.857814 0.000002
3 3 0.000527 0.001524 0.025272 0.972642 0.000035
3 3 0.000000 0.000039 0.069698 0.930261 0.000003
3 3 0.000001 0.000087 0.148540 0.851371 0.000001
3 3 0.000002 0.000246 0.027232 0.972290 0.000230
3 3 0.000001 0.000087 0.198504 0.801401 0.000007
3 3 0.000000 0.000092 0.148476 0.851429 0.000003
3 3 0.000000 0.000024 0.070130 0.929841 0.000005
3 3 0.000007 0.000451 0.214683 0.784838 0.000021
3 3 0.000000 0.000044 0.040940 0.959001 0.000015
3 3 0.000000 0.000000 0.004589 0.995411 0.000000
3 3 0.000000 0.000000 0.011269 0.988731 0.000000
3 3 0.000000 0.000000 0.047551 0.952449 0.000000
3 3 0.000000 0.000211 0.035572 0.964076 0.000140
3 3 0.000000 0.000002 0.111641 0.888357 0.000000
3 3 0.000000 0.000006 0.029889 0.970103 0.000002
3 3 0.000002 0.000023 0.034229 0.965746 0.000000
3 3 0.000000 0.000006 0.046817 0.953176 0.000001
3 3 0.000000 0.000010 0.052269 0.947716 0.000004
3 3 0.000000 0.000005 0.070064 0.929931 0.000000
3 3 0.000019 0.000179 0.111947 0.887854 0.000001
3 3 0.000000 0.000000 0.007999 0.992000 0.000000
3 3 0.000000 0.000000 0.003678 0.996322 0.000000
3 3 0.000012 0.000748 0.021202 0.977835 0.000203
3 3 0.000001 0.000008 0.001665 0.998326 0.000000
3 3 0.000000 0.000053 0.035865 0.964067 0.000014
3 3 0.000001 0.000151 0.480344 0.519489 0.000015
3 3 0.000010 0.000289 0.054066 0.945590 0.000045
3 3 0.000002 0.000054 0.231723 0.768221 0.000000
3 3 0.000009 0.000205 0.020651 0.979109 0.000025
3 3 0.000009 0.000064 0.013514 0.986412 0.000001
3 3 0.000006 0.000156 0.007683 0.992127 0.000028
3 3 0.000038 0.000374 0.045404 0.954168 0.000016
3 3 0.000001 0.000121 0.007169 0.992653 0.000056
3 3 0.000000 0.000000 0.034089 0.965911 0.000000
3 3 0.000012 0.000339 0.108327 0.891309 0.000012
3 3 0.000001 0.000039 0.028930 0.971029 0.000001
3 3 0.000000 0.000000 0.012386 0.987614 0.000000
3 3 0.000000 0.000002 0.002552 0.997446 0.000000
3 3 0.000000 0.000004 0.025646 0.974350 0.000000
3 3 0.000000 0.000000 0.009794 0.990206 0.000000
3 3 0.000000 0.000003 0.001521 0.998476 0.000000
2 1 0.002542 0.016552 0.862179 0.107654 0.011073
2 1 0.010667 0.228038 0.654255 0.001431 0.105609
2 2 0.002220 0.141749 0.706626 0.037320 0.112085
2 2 0.001851 0.059711 0.697249 0.135510 0.105679
2 2 0.001471 0.125680 0.814685 0.018101 0.040063
2 2 0.002588 0.139518 0.784043 0.000573 0.073278
4 2 0.012354 0.194877 0.389892 0.003258 0.399620
2 2 0.000034 0.013948 0.969693 0.010493 0.005831
2 2 0.000041 0.013036 0.978111 0.002077 0.006734
2 2 0.000002 0.000665 0.948571 0.050504 0.000258
2 2 0.000024 0.003947 0.992228 0.001357 0.002444
2 2 0.000052 0.022030 0.958010 0.010350 0.009558
2 2 0.000852 0.163116 0.589911 0.003169 0.242952
2 2 0.000004 0.006429 0.976560 0.016407 0.000599
2 2 0.000010 0.004139 0.984577 0.010477 0.000797
2 2 0.003288 0.220647 0.655651 0.000633 0.119781
2 2 0.000452 0.098202 0.821259 0.000242 0.079845
2 2 0.000002 0.002223 0.939461 0.057754 0.000560
2 2 0.000177 0.059946 0.855128 0.034616 0.050133
2 2 0.000147 0.048769 0.933336 0.003750 0.013998
2 2 0.000000 0.000253 0.978872 0.020859 0.000015
2 2 0.000000 0.000248 0.998489 0.001007 0.000255
2 2 0.000015 0.010775 0.977356 0.006085 0.005770
2 2 0.000000 0.000075 0.971845 0.028068 0.000011
2 2 0.000055 0.016859 0.974774 0.001014 0.007298
2 2 0.000537 0.049298 0.925393 0.002321 0.022451
2 2 0.000001 0.000546 0.989688 0.009190 0.000575
2 2 0.000000 0.000325 0.776947 0.222685 0.000043
2 1 0.003087 0.054338 0.889769 0.015666 0.037140
2 2 0.000119 0.026668 0.962955 0.002315 0.007943
2 2 0.000002 0.001803 0.963760 0.034082 0.000353
2 2 0.001152 0.149519 0.567030 0.004332 0.277967
2 2 0.000000 0.000001 0.886318 0.113681 0.000000
2 2 0.000000 0.000241 0.984469 0.015273 0.000017
2 2 0.000000 0.000120 0.880077 0.119792 0.000011
2 2 0.000009 0.003016 0.992697 0.003506 0.000772
2 2 0.000006 0.005361 0.984963 0.008749 0.000921
2 2 0.000005 0.001159 0.994081 0.003991 0.000765
2 2 0.000000 0.000398 0.975791 0.023778 0.000033
2 2 0.000000 0.000689 0.980100 0.019097 0.000115
2 2 0.000003 0.001687 0.963468 0.034520 0.000321
2 2 0.000035 0.007542 0.978346 0.011837 0.002242
2 2 0.000000 0.000127 0.901437 0.098424 0.000011
2 2 0.000001 0.001911 0.995799 0.002102 0.000187
2 2 0.000086 0.024266 0.960430 0.001010 0.014208
2 2 0.000000 0.000066 0.844001 0.155926 0.000007
2 2 0.000140 0.026682 0.957360 0.005440 0.010378
2 2 0.000084 0.024005 0.954947 0.001085 0.019879
2 2 0.000009 0.001503 0.645444 0.352645 0.000399
2 2 0.000000 0.000013 0.727091 0.272895 0.000001
2 2 0.000000 0.000007 0.989942 0.010050 0.000000
2 2 0.000000 0.000120 0.926458 0.073410 0.000012
2 2 0.000009 0.002681 0.906779 0.090089 0.000442
2 2 0.000000 0.000010 0.987006 0.012983 0.000000
2 2 0.000000 0.000057 0.934180 0.065761 0.000002
1 1 0.312174 0.486132 0.183711 0.000263 0.017719
2 2 0.000245 0.026252 0.907016 0.052355 0.014131
2 2 0.000000 0.000272 0.581104 0.418568 0.000057
2 2 0.000001 0.001271 0.989750 0.008640 0.000338
2 2 0.000006 0.002725 0.990708 0.005116 0.001445
2 2 0.000000 0.000020 0.975287 0.024692 0.000001
2 2 0.000000 0.000585 0.650327 0.348987 0.000100
2 2 0.000001 0.001576 0.913190 0.084833 0.000399
2 2 0.003075 0.069748 0.881544 0.025759 0.019874
1 1 0.172537 0.559500 0.213009 0.000897 0.054057
2 2 0.000341 0.061083 0.878496 0.001153 0.058927
2 2 0.000000 0.000012 0.519911 0.480076 0.000001
2 2 0.000050 0.035168 0.945429 0.010379 0.008974
2 2 0.000000 0.000523 0.873435 0.125977 0.000065
2 2 0.000007 0.001988 0.932409 0.065070 0.000526
2 2 0.000000 0.000046 0.976273 0.023679 0.000003
2 2 0.000000 0.000293 0.746661 0.252989 0.000057
2 2 0.000004 0.000932 0.990509 0.008529 0.000026
2 2 0.000001 0.000693 0.982416 0.016819 0.000070
2 2 0.000002 0.000795 0.849678 0.149386 0.000140
2 2 0.000000 0.000013 0.909325 0.090661 0.000001
2 2 0.000000 0.000226 0.967302 0.032454 0.000018
2 2 0.000008 0.003119 0.934973 0.061110 0.000789
2 2 0.000001 0.000823 0.783607 0.215375 0.000194
2 2 0.000000 0.000153 0.918878 0.080949 0.000021
2 2 0.000000 0.000002 0.758247 0.241751 0.000000
2 2 0.000000 0.000163 0.947750 0.052076 0.000011
2 2 0.000000 0.000411 0.899570 0.099974 0.000044
2 2 0.000000 0.000754 0.978572 0.020486 0.000187
2 2 0.000000 0.000035 0.807751 0.192210 0.000004
2 2 0.000000 0.000088 0.950758 0.049141 0.000012
2 2 0.000006 0.000952 0.982110 0.016592 0.000340
2 4 0.003513 0.046178 0.767058 0.063741 0.119510
2 4 0.000266 0.020990 0.936654 0.001268 0.040821
4 4 0.014785 0.065126 0.092497 0.029191 0.798402
2 4 0.011952 0.272131 0.435329 0.000893 0.279696
4 4 0.013635 0.096380 0.226636 0.004519 0.658829
2 4 0.000781 0.113264 0.712374 0.011199 0.162382
4 4 0.031806 0.131799 0.081349 0.000198 0.754848
4 4 0.008204 0.156646 0.204887 0.000923 0.629339
4 4 0.058521 0.079458 0.027944 0.000010 0.834067
4 4 0.048948 0.077623 0.086482 0.000533 0.786414
4 4 0.028578 0.071744 0.030245 0.000048 0.869386
4 4 0.185308 0.035219 0.011715 0.000078 0.767678
4 4 0.014774 0.165257 0.139597 0.000109 0.680264
4 4 0.017142 0.072795 0.238398 0.013092 0.658574
4 4 0.039030 0.047332 0.042679 0.000755 0.870205
4 4 0.025820 0.044308 0.023177 0.000955 0.905740
4 4 0.014265 0.065379 0.029034 0.000044 0.891278
4 4 0.004357 0.181354 0.391725 0.000664 0.421900
4 4 0.008787 0.174209 0.183729 0.000018 0.633257
2 4 0.002486 0.156565 0.726393 0.000109 0.114446
4 4 0.027343 0.144421 0.057711 0.000004 0.770521
4 4 0.024341 0.232586 0.227871 0.001153 0.514050
4 4 0.008228 0.065210 0.185867 0.030909 0.709786
2 4 0.000679 0.168429 0.674286 0.000209 0.156398
4 4 0.021110 0.056389 0.031054 0.001302 0.890145
4 4 0.021765 0.025491 0.075162 0.002395 0.875187
4 4 0.025310 0.021978 0.009793 0.000164 0.942755
4 4 0.051859 0.025864 0.013931 0.000205 0.908141
4 4 0.016885 0.021721 0.011372 0.000856 0.949166
4 4 0.020168 0.131202 0.090762 0.001228 0.756639
4 4 0.034624 0.102364 0.052890 0.000720 0.809403
4 4 0.024205 0.024135 0.011987 0.000618 0.939056
4 4 0.103652 0.033704 0.009259 0.000001 0.853384
4 1 0.113797 0.315255 0.158911 0.000623 0.411414
2 1 0.007250 0.261122 0.422325 0.000349 0.308954
4 1 0.015274 0.041965 0.024149 0.001863 0.916749
2 1 0.003501 0.204251 0.519793 0.000365 0.272089
2 1 0.003119 0.154884 0.500181 0.000184 0.341633
4 1 0.004916 0.171542 0.235358 0.001036 0.587148
4 1 0.035852 0.231163 0.090303 0.000015 0.642667
2 1 0.001011 0.064308 0.834974 0.000465 0.099241
2 1 0.010469 0.173542 0.659963 0.000220 0.155805
2 1 0.002158 0.117984 0.711343 0.000024 0.168491
4 1 0.015018 0.167838 0.184292 0.000004 0.632847
2 1 0.003699 0.081338 0.563835 0.000276 0.350851
4 4 0.016008 0.127703 0.056164 0.000031 0.800093
4 4 0.006260 0.161956 0.342784 0.000280 0.488720
2 4 0.002262 0.070636 0.776790 0.002339 0.147974
4 4 0.009726 0.189050 0.098465 0.000123 0.702636
2 4 0.001166 0.102378 0.819280 0.000285 0.076892
2 4 0.003227 0.177055 0.645687 0.005716 0.168315
4 4 0.007847 0.219125 0.349832 0.000983 0.422213
4 4 0.016229 0.152712 0.129022 0.004672 0.697365
4 4 0.002680 0.125380 0.182230 0.002502 0.687209
4 4 0.003741 0.074788 0.034696 0.000015 0.886760
4 4 0.018146 0.182818 0.137132 0.000119 0.661785
4 4 0.011300 0.018670 0.010147 0.000944 0.958939
4 4 0.008886 0.033639 0.021324 0.003955 0.932196
4 4 0.016493 0.140357 0.140155 0.000306 0.702689
4 4 0.047372 0.032735 0.015254 0.000499 0.904140
4 4 0.087083 0.069801 0.033222 0.000887 0.809007
4 4 0.023918 0.093643 0.043861 0.000135 0.838443
4 4 0.005981 0.063465 0.100152 0.000077 0.830325
4 4 0.022887 0.122994 0.064932 0.000200 0.788986
4 4 0.015883 0.005874 0.002669 0.000011 0.975563
4 4 0.047570 0.026905 0.011784 0.000246 0.913495
4 4 0.015763 0.037386 0.054165 0.010819 0.881867
4 4 0.020497 0.126278 0.089195 0.016422 0.747607
2 4 0.036948 0.158863 0.416094 0.000255 0.387841
4 4 0.109053 0.158495 0.085216 0.000014 0.647222
2 4 0.001607 0.114414 0.631799 0.000016 0.252164
2 4 0.000798 0.103471 0.541491 0.000145 0.354096
2 4 0.001432 0.104388 0.705778 0.002099 0.186304
2 4 0.002743 0.162518 0.527767 0.003159 0.303813
2 4 0.000203 0.056898 0.884093 0.000300 0.058506
4 4 0.002607 0.237280 0.260146 0.000586 0.499380
2 4 0.002941 0.191149 0.640926 0.005047 0.159938
4 4 0.001475 0.286086 0.215768 0.000062 0.496609
2 4 0.001643 0.163445 0.425975 0.001079 0.407858
2 4 0.002886 0.090516 0.702602 0.000347 0.203648
2 4 0.000839 0.120575 0.720774 0.000690 0.157123
4 4 0.004104 0.221292 0.280275 0.000214 0.494115
4 4 0.005316 0.220802 0.216567 0.000323 0.556991
4 4 0.052104 0.075555 0.034595 0.000281 0.837466
4 4 0.072074 0.233896 0.113782 0.000480 0.579768
4 4 0.007949 0.060763 0.071334 0.001502 0.858452
2 4 0.001009 0.126741 0.640249 0.000106 0.231895
2 2 0.000298 0.086424 0.746178 0.000857 0.166243
2 2 0.001013 0.110259 0.757168 0.001442 0.130119
2 2 0.002628 0.169094 0.566198 0.001172 0.260908
2 2 0.005846 0.201109 0.485803 0.000879 0.306363
2 2 0.000155 0.061934 0.882904 0.001161 0.053846
2 2 0.002316 0.058945 0.572145 0.000252 0.366342
4 2 0.006513 0.179344 0.308058 0.000117 0.505967
2 2 0.000265 0.055338 0.914652 0.000665 0.029079
2 2 0.003068 0.154562 0.671289 0.000915 0.170166
2 2 0.000148 0.018468 0.928327 0.003519 0.049538
2 2 0.000051 0.007384 0.958647 0.031406 0.002512
2 2 0.000306 0.030338 0.912037 0.017064 0.040255
2 2 0.000285 0.040626 0.919587 0.002646 0.036857
2 2 0.000173 0.119440 0.794713 0.008832 0.076841
2 2 0.001989 0.189459 0.687951 0.003074 0.117527
2 2 0.000836 0.100807 0.812809 0.000295 0.085253
2 2 0.000145 0.023549 0.956212 0.010538 0.009556
2 2 0.001660 0.048886 0.880594 0.035390 0.033470
2 2 0.000054 0.013736 0.981805 0.002199 0.002206
2 2 0.000296 0.103729 0.843247 0.002182 0.050546
2 2 0.000020 0.017214 0.978555 0.002010 0.002200
2 2 0.000034 0.009124 0.983292 0.002309 0.005240
2 2 0.000012 0.009253 0.977226 0.011864 0.001645
2 2 0.000038 0.010542 0.976492 0.001978 0.010950
2 2 0.000589 0.088721 0.840412 0.000602 0.069676
2 2 0.000514 0.046530 0.903089 0.015305 0.034562
2 2 0.000001 0.001389 0.958953 0.039234 0.000423
2 2 0.000024 0.018577 0.971795 0.000104 0.009499
2 2 0.000331 0.046693 0.901114 0.017664 0.034198
2 2 0.000037 0.031259 0.960677 0.002296 0.005731
2 2 0.000060 0.010975 0.971618 0.010908 0.006438
2 2 0.000011 0.006387 0.935143 0.053146 0.005313
2 2 0.000023 0.006525 0.987915 0.000480 0.005057
2 2 0.000011 0.010000 0.986758 0.001103 0.002128
2 2 0.000155 0.038434 0.902403 0.013005 0.046004
2 2 0.000030 0.018645 0.941141 0.034550 0.005633
2 2 0.000007 0.001785 0.994153 0.003302 0.000752
2 2 0.000785 0.071200 0.919508 0.000604 0.007903
2 2 0.000074 0.037890 0.944206 0.006635 0.011194
2 2 0.000001 0.000344 0.984415 0.015130 0.000110
2 2 0.000006 0.003538 0.954793 0.039817 0.001846
2 2 0.000407 0.039613 0.883285 0.000308 0.076387
2 2 0.000000 0.000018 0.835342 0.164638 0.000001
2 2 0.000534 0.060802 0.840878 0.003447 0.094339
2 2 0.000005 0.002931 0.863494 0.132452 0.001119
2 2 0.000137 0.050683 0.933836 0.002140 0.013203
2 2 0.000092 0.016624 0.981177 0.000137 0.001969
2 0 0.026200 0.224050 0.620919 0.003649 0.125182
4 1 0.006326 0.139882 0.102670 0.000071 0.751051
2 1 0.001933 0.115541 0.791716 0.000421 0.090389
2 2 0.005354 0.192806 0.689768 0.000006 0.112067
4 2 0.032216 0.192246 0.348186 0.000039 0.427313
2 2 0.004495 0.357742 0.458218 0.000095 0.179451
2 2 0.000029 0.051100 0.933813 0.000959 0.014099
2 2 0.000002 0.002598 0.996347 0.000465 0.000588
2 2 0.000051 0.038073 0.949023 0.000222 0.012630
2 2 0.000011 0.011082 0.973457 0.013962 0.001488
2 2 0.000504 0.078880 0.758862 0.000079 0.161674
2 2 0.000102 0.024755 0.929312 0.004356 0.041475
2 2 0.000009 0.020471 0.971883 0.001744 0.005893
2 2 0.000192 0.030239 0.936149 0.004081 0.029339
2 2 0.000171 0.064881 0.867529 0.000270 0.067149
2 2 0.000047 0.011073 0.937287 0.044400 0.007194
2 2 0.000486 0.041290 0.883180 0.003371 0.071672
2 2 0.000008 0.004911 0.974062 0.020273 0.000745
2 2 0.000126 0.103137 0.823479 0.002859 0.070400
2 2 0.000044 0.036165 0.948102 0.004609 0.011079
2 2 0.000083 0.027770 0.953453 0.002121 0.016572
2 2 0.000010 0.012714 0.944203 0.038072 0.005001
2 2 0.000000 0.000054 0.984671 0.015272 0.000002
2 2 0.000188 0.015434 0.919714 0.059424 0.005240
2 2 0.000012 0.002905 0.872189 0.123581 0.001312
2 2 0.000018 0.018202 0.866722 0.108681 0.006377
2 2 0.000331 0.015322 0.946178 0.019244 0.018926
2 2 0.000001 0.001727 0.960617 0.037430 0.000225
2 2 0.000000 0.000068 0.944081 0.055846 0.000005
2 2 0.000000 0.000119 0.705652 0.294213 0.000016
2 2 0.000026 0.015867 0.968916 0.013072 0.002119
2 2 0.000000 0.000221 0.992284 0.007440 0.000055
2 2 0.000124 0.016778 0.890311 0.079514 0.013273
2 2 0.000000 0.000156 0.527391 0.472424 0.000030
2 2 0.000000 0.000212 0.973281 0.026495 0.000013
2 2 0.000004 0.002521 0.684446 0.312452 0.000577
2 2 0.000001 0.000211 0.874349 0.125436 0.000003
2 2 0.000175 0.033770 0.767309 0.134339 0.064407
2 2 0.000055 0.009086 0.933945 0.053897 0.003016
2 2 0.000000 0.000240 0.822464 0.177268 0.000029
2 2 0.000008 0.006917 0.974319 0.017192 0.001565
2 2 0.000000 0.000302 0.675575 0.324071 0.000051
2 3 0.000073 0.006997 0.956125 0.026782 0.010023
3 3 0.000024 0.001869 0.345562 0.652192 0.000353
3 3 0.000001 0.000376 0.240684 0.758782 0.000157
2 3 0.000000 0.000006 0.716934 0.283060 0.000000
3 3 0.000000 0.000102 0.172871 0.826997 0.000030
2 3 0.000000 0.000039 0.527541 0.472413 0.000006
2 3 0.000000 0.000132 0.812219 0.187645 0.000003
3 3 0.000013 0.002940 0.296980 0.697527 0.002540
3 3 0.000092 0.007681 0.412492 0.577621 0.002114
3 3 0.000000 0.000007 0.133484 0.866507 0.000002
2 3 0.000005 0.001459 0.601644 0.396207 0.000685
3 3 0.000002 0.000596 0.286018 0.713132 0.000253
3 3 0.000015 0.001111 0.070536 0.928125 0.000213
3 3 0.000000 0.000001 0.186381 0.813618 0.000000
2 3 0.000005 0.001968 0.617253 0.380489 0.000285
3 3 0.000000 0.000187 0.142541 0.857204 0.000068
3 3 0.000000 0.000100 0.241301 0.758586 0.000013
3 3 0.000001 0.000015 0.024018 0.975965 0.000001
2 3 0.000282 0.016179 0.678612 0.289118 0.015810
3 3 0.000000 0.000032 0.069734 0.930232 0.000002
3 3 0.001426 0.021352 0.178039 0.796245 0.002938
3 3 0.000000 0.000003 0.044444 0.955553 0.000001
3 3 0.000615 0.007268 0.362020 0.629839 0.000259
2 2 0.001585 0.015744 0.727419 0.254858 0.000394
2 2 0.000137 0.015563 0.968950 0.007269 0.008081
2 2 0.012643 0.231062 0.655905 0.002379 0.098011
2 2 0.001242 0.094865 0.664325 0.002269 0.237298
2 2 0.000065 0.015185 0.960911 0.018999 0.004840
2 2 0.000025 0.019461 0.962627 0.012830 0.005059
2 2 0.000101 0.018998 0.915127 0.001169 0.064605
2 2 0.000377 0.023530 0.953594 0.021477 0.001022
2 2 0.032619 0.347695 0.405314 0.000007 0.214365
4 2 0.019154 0.269745 0.266200 0.000010 0.444890
2 2 0.004510 0.296778 0.361492 0.000112 0.337108
2 2 0.092039 0.164377 0.552892 0.000300 0.190393
1 1 0.249135 0.481727 0.150739 0.000095 0.118304
4 1 0.025011 0.273503 0.142608 0.000294 0.558584
2 2 0.000686 0.030215 0.931297 0.000208 0.037594
2 2 0.000547 0.106372 0.833289 0.008366 0.051425
2 2 0.004185 0.275431 0.560972 0.000906 0.158506
2 2 0.000380 0.063419 0.902418 0.003039 0.030745
2 2 0.004049 0.284845 0.482868 0.012420 0.215819
4 1 0.194077 0.216828 0.109698 0.000051 0.479346
4 2 0.061303 0.081115 0.086082 0.000273 0.771227
4 2 0.043024 0.140386 0.049537 0.000005 0.767048
2 2 0.002379 0.193313 0.710278 0.000427 0.093603
2 2 0.006336 0.117223 0.723150 0.001788 0.151503
2 2 0.009450 0.309183 0.483911 0.000002 0.197455
2 2 0.005254 0.339769 0.408402 0.000141 0.246434
4 1 0.052791 0.029677 0.013077 0.000285 0.904170
4 1 0.096554 0.007598 0.001896 0.000001 0.893951
0 0 0.801917 0.019259 0.003426 0.000009 0.175388
4 0 0.315093 0.072675 0.022464 0.000027 0.589742
1 0 0.281187 0.407405 0.106513 0.000009 0.204887
4 0 0.235973 0.050036 0.016069 0.000038 0.697884
0 0 0.885178 0.028811 0.002943 0.000000 0.083069
0 0 0.997502 0.001122 0.000086 0.000000 0.001291
4 0 0.300195 0.006034 0.000966 0.000000 0.692805
0 0 0.730200 0.005565 0.000670 0.000000 0.263565
4 0 0.300972 0.018877 0.004268 0.000009 0.675874
4 0 0.199787 0.006983 0.001316 0.000000 0.791913
0 0 0.782129 0.073728 0.010017 0.000000 0.134126
0 0 0.980318 0.012977 0.005502 0.000198 0.001005
0 0 0.917561 0.041015 0.020450 0.001244 0.019730
4 0 0.212831 0.074823 0.079440 0.002647 0.630259
0 0 0.978994 0.007800 0.001088 0.000003 0.012115
0 0 0.996184 0.003302 0.000363 0.000062 0.000089
0 0 0.995730 0.003411 0.000374 0.000009 0.000476
4 0 0.154913 0.057531 0.028991 0.000182 0.758384
4 0 0.211339 0.027406 0.008108 0.000028 0.753119
0 0 0.705026 0.062545 0.020993 0.000204 0.211231
4 0 0.357779 0.022394 0.005382 0.000008 0.614438
4 0 0.068985 0.154723 0.337885 0.008916 0.429491
4 0 0.127268 0.054500 0.033306 0.000104 0.784821
4 0 0.422477 0.112360 0.036212 0.000144 0.428806
4 0 0.191233 0.113301 0.032821 0.000003 0.662641
4 0 0.315249 0.230937 0.078703 0.000121 0.374989
4 0 0.111528 0.275914 0.150607 0.000027 0.461924
1 1 0.264226 0.392164 0.101065 0.000007 0.242537
1 1 0.259671 0.433636 0.147249 0.000182 0.159262
4 1 0.255002 0.309760 0.076880 0.000002 0.358355
4 1 0.046574 0.196676 0.081159 0.000035 0.675557
4 1 0.064984 0.282029 0.102039 0.000007 0.550941
4 1 0.081654 0.352100 0.144902 0.000016 0.421328
0 1 0.662087 0.250788 0.058699 0.000156 0.028271
4 1 0.048890 0.305167 0.193000 0.000405 0.452537
4 1 0.259936 0.160329 0.054908 0.000069 0.524758
4 1 0.052650 0.111961 0.083920 0.000538 0.750930
4 1 0.053166 0.175347 0.119140 0.000065 0.652281
4 1 0.023141 0.269290 0.259344 0.000771 0.447453
1 1 0.098356 0.376154 0.211581 0.000067 0.313842
2 1 0.103740 0.301772 0.341910 0.000291 0.252287
4 1 0.011917 0.293072 0.137643 0.000030 0.557339
4 1 0.023962 0.259667 0.158584 0.000017 0.557771
4 1 0.046207 0.299722 0.162112 0.000174 0.491784
4 1 0.006987 0.203057 0.263775 0.000442 0.525739
2 2 0.000287 0.075405 0.875389 0.002106 0.046814
2 2 0.000922 0.129407 0.748421 0.000899 0.120350
2 2 0.004465 0.277872 0.462373 0.000824 0.254467
2 2 0.000616 0.088425 0.837870 0.002912 0.070177
2 2 0.000097 0.018653 0.966076 0.004069 0.011106
2 2 0.000005 0.011598 0.971922 0.012360 0.004115
2 2 0.000128 0.028161 0.956434 0.000825 0.014451
2 2 0.000140 0.041157 0.930120 0.010283 0.018300
2 2 0.000739 0.067054 0.884709 0.001580 0.045918
2 2 0.003400 0.217209 0.475250 0.003817 0.300323
2 2 0.000050 0.013251 0.938163 0.044995 0.003540
2 2 0.000016 0.008990 0.810405 0.173355 0.007233
2 2 0.000001 0.000945 0.983771 0.015068 0.000214
2 2 0.002673 0.083627 0.811025 0.000468 0.102207
2 2 0.000029 0.018718 0.967197 0.000470 0.013586
2 2 0.000097 0.025448 0.931070 0.024286 0.019100
2 2 0.000410 0.042524 0.928650 0.001367 0.027049
2 2 0.001949 0.224920 0.444889 0.000137 0.328106
2 2 0.000001 0.001356 0.971712 0.026000 0.000931
2 2 0.000004 0.021875 0.961540 0.003447 0.013135
2 2 0.000020 0.008689 0.956816 0.024497 0.009978
2 4 0.001561 0.139242 0.704119 0.007699 0.147378
4 4 0.006951 0.128769 0.092396 0.000111 0.771773
2 4 0.000372 0.089399 0.839078 0.002442 0.068708
2 4 0.002438 0.128579 0.705567 0.002206 0.161211
2 4 0.006120 0.110651 0.498653 0.006031 0.378544
4 4 0.004935 0.140694 0.093476 0.001633 0.759261
4 4 0.005175 0.096741 0.307845 0.000141 0.590098
4 4 0.002174 0.160424 0.257121 0.000111 0.580171
2 4 0.012198 0.076178 0.637760 0.001919 0.271945
2 4 0.002231 0.108321 0.525081 0.021177 0.343190
4 4 0.024065 0.080126 0.039786 0.000319 0.855703
2 1 0.006372 0.133548 0.702608 0.006987 0.150485
2 1 0.000339 0.084104 0.767366 0.003220 0.144971
4 1 0.002981 0.252580 0.338793 0.000368 0.405278
2 1 0.002721 0.174061 0.667340 0.000324 0.155554
2 4 0.004231 0.286414 0.378159 0.001494 0.329701
2 4 0.000008 0.019149 0.962980 0.011777 0.006086
4 4 0.006368 0.198567 0.272947 0.001901 0.520217
4 4 0.008858 0.267393 0.321474 0.000253 0.402023
4 4 0.010796 0.064748 0.174250 0.000217 0.749989
2 4 0.007066 0.282197 0.520401 0.000392 0.189943
4 4 0.006863 0.042678 0.019965 0.000047 0.930447
4 4 0.026584 0.034077 0.014507 0.000075 0.924757
4 4 0.010569 0.030887 0.017214 0.000931 0.940399
4 4 0.008678 0.021379 0.036006 0.002271 0.931666
4 4 0.020595 0.077951 0.056666 0.000522 0.844266
2 4 0.002247 0.240658 0.450963 0.001531 0.304600
4 4 0.005587 0.130460 0.427633 0.005082 0.431238
4 4 0.028772 0.057436 0.032925 0.003150 0.877717
2 4 0.013570 0.164278 0.439406 0.001958 0.380788
4 4 0.032835 0.141499 0.073026 0.000550 0.752091
4 4 0.009371 0.294888 0.174537 0.000251 0.520953
2 4 0.001198 0.057209 0.477526 0.002164 0.461903
4 4 0.013582 0.149383 0.065704 0.000023 0.771308
4 4 0.023798 0.077737 0.081960 0.000471 0.816034
4 4 0.009101 0.116689 0.401363 0.001185 0.471662
4 4 0.043726 0.141152 0.058746 0.000045 0.756330
2 4 0.001353 0.213141 0.462192 0.000181 0.323133
4 4 0.013683 0.197445 0.167195 0.001193 0.620484
2 4 0.003819 0.211512 0.605366 0.000075 0.179229
4 4 0.007771 0.229259 0.131204 0.000286 0.631481
4 4 0.030037 0.056910 0.118358 0.000383 0.794312
4 4 0.008910 0.011954 0.006056 0.000356 0.972724
4 4 0.019591 0.010100 0.004028 0.000042 0.966239
4 4 0.021228 0.019863 0.009364 0.000295 0.949250
4 4 0.019549 0.049769 0.075690 0.002891 0.852100
4 4 0.029926 0.017807 0.036273 0.000319 0.915674
4 4 0.027010 0.025430 0.047120 0.001151 0.899289
4 4 0.012330 0.056949 0.201420 0.001053 0.728248
4 4 0.013079 0.119129 0.102790 0.000381 0.764621
4 4 0.021816 0.080139 0.149955 0.000346 0.747744
4 4 0.023283 0.013931 0.009820 0.000124 0.952842
4 4 0.013951 0.139047 0.120883 0.000512 0.725606
4 4 0.082475 0.051320 0.075375 0.001910 0.788921
4 4 0.030182 0.210442 0.120721 0.001549 0.637105
4 4 0.009559 0.154347 0.063634 0.000006 0.772454
4 4 0.007224 0.051728 0.078433 0.001191 0.861424
4 4 0.040068 0.044774 0.042761 0.002914 0.869483
4 4 0.035924 0.081544 0.113237 0.011952 0.757343
4 4 0.019094 0.085802 0.145599 0.001880 0.747624
2 4 0.002365 0.051997 0.827691 0.018579 0.099367
4 4 0.008556 0.068073 0.112959 0.010708 0.799704
4 4 0.034812 0.048408 0.043799 0.004775 0.868207
4 4 0.035002 0.335815 0.190610 0.000009 0.438563
2 4 0.001657 0.167751 0.572835 0.002348 0.255410
4 4 0.003889 0.280915 0.338478 0.000456 0.376263
2 4 0.001727 0.112053 0.636836 0.010532 0.238852
4 4 0.009147 0.217829 0.249319 0.000644 0.523061
4 4 0.019677 0.066987 0.033097 0.000261 0.879978
4 4 0.014690 0.031064 0.018791 0.004037 0.931419
4 4 0.014443 0.027978 0.124819 0.008940 0.823821
4 4 0.053239 0.015497 0.008378 0.000034 0.922851
4 4 0.077094 0.014263 0.004297 0.000020 0.904327
4 4 0.036123 0.018120 0.007491 0.000102 0.938164
4 4 0.022446 0.130874 0.134021 0.003399 0.709260
4 4 0.045194 0.120035 0.063124 0.001130 0.770517
4 4 0.019019 0.009904 0.003954 0.000042 0.967081
4 4 0.042808 0.114124 0.113717 0.004163 0.725188
