3 0 0.092631 0.195754 0.115507 0.376242 0.219865
0 0 0.970595 0.001499 0.003092 0.006383 0.018431
0 0 0.932941 0.040452 0.008491 0.000151 0.017965
0 0 0.891990 0.028221 0.007992 0.003195 0.068601
0 0 0.619885 0.212026 0.057095 0.002231 0.108763
0 0 0.948950 0.022398 0.009589 0.000430 0.018634
0 0 0.838253 0.039590 0.092671 0.008740 0.020746
0 0 0.967635 0.014380 0.003134 0.000159 0.014693
0 0 0.976577 0.011653 0.005843 0.000142 0.005785
0 0 0.997665 0.001429 0.000204 0.000001 0.000702
0 0 0.990799 0.005766 0.000947 0.000006 0.002483
0 0 0.955283 0.024396 0.005132 0.000131 0.015058
0 0 0.933752 0.044999 0.008711 0.000066 0.012471
0 0 0.971857 0.017450 0.003266 0.000034 0.007393
0 0 0.992961 0.004629 0.000716 0.000003 0.001691
0 0 0.905649 0.049016 0.014227 0.000553 0.030555
0 0 0.993586 0.002214 0.000425 0.000021 0.003753
0 0 0.988228 0.007680 0.001265 0.000006 0.002822
0 0 0.981522 0.010733 0.005332 0.000015 0.002398
0 0 0.985374 0.007926 0.001897 0.000027 0.004776
0 0 0.987664 0.006487 0.001526 0.000022 0.004301
0 0 0.952266 0.015172 0.021446 0.000588 0.010529
0 0 0.978964 0.013869 0.004860 0.000021 0.002286
0 0 0.951582 0.029256 0.005909 0.000090 0.013162
0 0 0.829982 0.068117 0.018717 0.003044 0.080140
0 0 0.770651 0.184728 0.032515 0.000035 0.012070
0 0 0.990277 0.007072 0.001455 0.000002 0.001194
0 0 0.987527 0.004325 0.000897 0.000061 0.007190
0 0 0.996105 0.001913 0.000316 0.000004 0.001662
0 0 0.995709 0.002506 0.000391 0.000002 0.001391
0 0 0.995800 0.001511 0.000711 0.000018 0.001960
0 0 0.964228 0.011929 0.002789 0.000266 0.020787
0 0 0.868205 0.073673 0.017413 0.000629 0.040080
0 0 0.983476 0.007778 0.001513 0.000030 0.007202
0 0 0.986490 0.009097 0.001488 0.000006 0.002918
0 0 0.991005 0.005856 0.000937 0.000004 0.002198
0 0 0.997118 0.001865 0.000264 0.000001 0.000752
0 0 0.578020 0.270944 0.089907 0.000005 0.061123
0 0 0.992831 0.003253 0.000591 0.000013 0.003311
0 0 0.959115 0.016166 0.015506 0.000278 0.008936
0 0 0.622303 0.296771 0.057855 0.000092 0.022979
4 1 0.233531 0.183838 0.062256 0.000990 0.519385
0 1 0.327397 0.279087 0.086351 0.001627 0.305538
1 1 0.311463 0.510446 0.117023 0.000171 0.060898
1 1 0.067528 0.399887 0.141166 0.001076 0.390343
4 1 0.177067 0.282441 0.091545 0.000511 0.448435
0 1 0.743836 0.127446 0.029991 0.000093 0.098634
1 1 0.203923 0.460925 0.133661 0.000736 0.200755
4 2 0.007929 0.061493 0.069044 0.000781 0.860752
4 2 0.025463 0.112808 0.389771 0.028049 0.443909
4 2 0.353957 0.116506 0.042702 0.009977 0.476857
2 2 0.000013 0.006990 0.971949 0.019880 0.001169
2 2 0.005488 0.077956 0.852802 0.031227 0.032527
0 1 0.447115 0.204908 0.060273 0.000035 0.287669
1 1 0.184286 0.379459 0.271733 0.002882 0.161640
0 1 0.573606 0.220036 0.059007 0.000867 0.146484
0 1 0.325547 0.305221 0.269884 0.009258 0.090091
1 1 0.212549 0.561974 0.139259 0.000223 0.085995
1 1 0.187413 0.425968 0.128793 0.000791 0.257034
2 1 0.019278 0.282972 0.646647 0.010770 0.040332
1 1 0.104047 0.574551 0.277224 0.000305 0.043873
4 2 0.015766 0.126774 0.191976 0.031060 0.634423
2 2 0.002898 0.214027 0.655322 0.007624 0.120128
2 2 0.004057 0.064876 0.891649 0.006276 0.033142
1 2 0.032146 0.485005 0.310556 0.001190 0.171102
2 2 0.000066 0.002007 0.848983 0.148746 0.000199
2 2 0.028516 0.036085 0.883996 0.021675 0.029727
2 1 0.135561 0.411990 0.421743 0.001320 0.029386
2 2 0.033879 0.172122 0.487881 0.012371 0.293747
1 2 0.039208 0.493510 0.399476 0.004490 0.063315
2 2 0.077140 0.290102 0.589289 0.006732 0.036737
4 2 0.147865 0.154334 0.056406 0.001035 0.640360
2 2 0.001107 0.011094 0.960934 0.020511 0.006354
0 0 0.830807 0.097827 0.059755 0.000127 0.011483
0 0 0.497472 0.361967 0.133429 0.000152 0.006979
0 0 0.739985 0.207912 0.037703 0.000049 0.014350
0 0 0.922074 0.050167 0.010294 0.000127 0.017337
0 0 0.955241 0.014872 0.013665 0.000784 0.015437
0 0 0.988876 0.008198 0.001216 0.000002 0.001708
0 0 0.951303 0.031081 0.006080 0.000065 0.011471
0 0 0.977277 0.010927 0.008600 0.000036 0.003160
0 0 0.818230 0.074477 0.020524 0.003215 0.083554
0 0 0.555457 0.259015 0.174419 0.000781 0.010328
0 0 0.770794 0.128074 0.033375 0.001760 0.065996
0 0 0.977339 0.012613 0.004579 0.000042 0.005427
0 0 0.930320 0.033059 0.007228 0.000088 0.029304
0 0 0.993551 0.003684 0.000609 0.000005 0.002151
0 0 0.987156 0.007900 0.003132 0.000007 0.001806
0 0 0.862725 0.072718 0.032467 0.000797 0.031292
0 0 0.983154 0.012213 0.001932 0.000005 0.002697
0 0 0.981967 0.011941 0.004135 0.000010 0.001947
0 0 0.905546 0.041883 0.037362 0.001078 0.014130
0 0 0.935344 0.049184 0.013591 0.000002 0.001879
1 0 0.128562 0.397607 0.092763 0.000000 0.381067
0 0 0.894610 0.062420 0.037845 0.000075 0.005050
0 0 0.869221 0.039573 0.043827 0.004748 0.042631
0 0 0.787541 0.124566 0.070628 0.000308 0.016957
0 0 0.793690 0.094126 0.107719 0.000166 0.004299
0 0 0.872699 0.072339 0.032681 0.000466 0.021815
0 0 0.429108 0.240551 0.320598 0.000159 0.009585
0 0 0.803943 0.161958 0.026284 0.000014 0.007801
0 0 0.676257 0.094312 0.220647 0.000694 0.008091
2 0 0.350736 0.212231 0.434671 0.000125 0.002236
0 0 0.777914 0.118136 0.072660 0.001435 0.029855
0 0 0.705109 0.058239 0.176323 0.006728 0.053602
0 0 0.970513 0.018333 0.003444 0.000035 0.007674
0 0 0.962739 0.024097 0.004912 0.000040 0.008213
0 0 0.968658 0.022900 0.003822 0.000011 0.004610
0 0 0.857297 0.097597 0.041429 0.000035 0.003642
0 0 0.705289 0.115403 0.166021 0.001338 0.011949
0 0 0.914892 0.039815 0.042607 0.000120 0.002567
0 0 0.877487 0.075836 0.016836 0.000334 0.029508
0 0 0.619922 0.286577 0.060823 0.000268 0.032410
0 0 0.738997 0.175943 0.040175 0.000505 0.044381
0 0 0.985460 0.008655 0.001781 0.000016 0.004089
0 0 0.934512 0.040633 0.017372 0.000121 0.007361
0 0 0.842854 0.084543 0.067785 0.000097 0.004721
0 0 0.878488 0.096302 0.016471 0.000022 0.008716
0 0 0.865249 0.107584 0.018319 0.000022 0.008827
0 0 0.742545 0.155721 0.038588 0.001266 0.061880
0 0 0.929289 0.005938 0.003320 0.000040 0.061413
0 0 0.987885 0.003967 0.000830 0.000065 0.007252
2 0 0.191965 0.213726 0.590318 0.001048 0.002942
0 0 0.939592 0.029080 0.020906 0.000369 0.010052
0 0 0.822016 0.109725 0.025580 0.000618 0.042060
0 0 0.897369 0.072079 0.014232 0.000095 0.016226
0 0 0.963013 0.028833 0.004511 0.000006 0.003637
0 0 0.687726 0.107167 0.199039 0.000561 0.005508
0 0 0.893673 0.057497 0.040898 0.000146 0.007786
0 0 0.990544 0.006188 0.000993 0.000004 0.002272
0 0 0.947208 0.034449 0.006700 0.000064 0.011579
0 0 0.869524 0.086802 0.026941 0.000232 0.016502
1 0 0.401646 0.421346 0.148308 0.000377 0.028323
0 0 0.959426 0.024434 0.004846 0.000070 0.011224
0 0 0.970591 0.020692 0.003557 0.000014 0.005145
0 0 0.859325 0.116348 0.018277 0.000009 0.006040
0 0 0.843871 0.084277 0.054749 0.000340 0.016763
0 0 0.872603 0.083878 0.036314 0.000043 0.007161
0 0 0.894065 0.078880 0.014655 0.000051 0.012349
0 0 0.900001 0.076763 0.013590 0.000030 0.009616
0 0 0.965821 0.023623 0.004191 0.000021 0.006344
0 0 0.975982 0.015735 0.002796 0.000019 0.005469
0 0 0.788116 0.113640 0.077730 0.000465 0.020049
0 0 0.931645 0.039347 0.012837 0.000194 0.015977
0 0 0.651805 0.273675 0.053251 0.000107 0.021162
0 0 0.972868 0.020440 0.003246 0.000006 0.003440
0 0 0.950119 0.034587 0.006378 0.000036 0.008880
0 0 0.839583 0.071392 0.076534 0.000297 0.012194
0 0 0.501780 0.096337 0.388302 0.000711 0.012870
0 0 0.932159 0.046410 0.008956 0.000065 0.012411
2 0 0.312130 0.210831 0.466584 0.000863 0.009591
0 0 0.857676 0.113308 0.019510 0.000025 0.009481
0 0 0.851579 0.062728 0.064219 0.000909 0.020566
0 0 0.989347 0.008885 0.001090 0.000000 0.000678
0 0 0.973109 0.017566 0.003314 0.000022 0.005989
0 0 0.770772 0.180340 0.033392 0.000060 0.015436
0 0 0.973292 0.020600 0.003168 0.000004 0.002936
0 0 0.837672 0.102768 0.023277 0.000449 0.035834
0 0 0.852442 0.077904 0.039906 0.000777 0.028970
0 0 0.456924 0.428004 0.102734 0.000141 0.012197
0 0 0.426484 0.228488 0.323686 0.001711 0.019631
0 0 0.919628 0.018276 0.049975 0.002720 0.009401
0 0 0.965656 0.027405 0.004097 0.000004 0.002838
0 0 0.514688 0.389915 0.075152 0.000095 0.020150
0 0 0.820434 0.103374 0.048657 0.000591 0.026944
0 0 0.863222 0.087044 0.030010 0.000228 0.019495
0 0 0.906033 0.062851 0.020433 0.000079 0.010604
0 0 0.897390 0.062906 0.026643 0.000144 0.012917
0 0 0.972062 0.018906 0.005218 0.000023 0.003791
0 0 0.868869 0.100881 0.018309 0.000042 0.011898
0 0 0.690336 0.121596 0.178696 0.000487 0.008885
0 0 0.439745 0.369611 0.105592 0.000172 0.084880
0 0 0.790431 0.164707 0.030035 0.000044 0.014782
0 0 0.950703 0.033347 0.006268 0.000044 0.009638
0 0 0.856733 0.102092 0.020636 0.000134 0.020405
0 0 0.734336 0.194208 0.066141 0.000010 0.005306
0 0 0.982200 0.012131 0.004696 0.000005 0.000968
0 0 0.903390 0.061081 0.030598 0.000037 0.004894
0 0 0.803403 0.101541 0.071699 0.000634 0.022723
0 0 0.737736 0.163675 0.075828 0.000362 0.022398
0 0 0.806038 0.155241 0.027259 0.000033 0.011429
0 0 0.629582 0.290250 0.057274 0.000125 0.022770
1 0 0.225789 0.469321 0.273488 0.001658 0.029745
0 0 0.750115 0.158921 0.051297 0.000680 0.038987
0 0 0.631560 0.297327 0.054770 0.000060 0.016282
1 1 0.326531 0.497744 0.120802 0.000917 0.054005
0 1 0.711092 0.227350 0.041220 0.000022 0.020316
1 1 0.191875 0.479175 0.169581 0.000099 0.159271
1 1 0.150112 0.391360 0.133799 0.004411 0.320317
1 1 0.368930 0.387016 0.219512 0.000451 0.024091
1 1 0.244986 0.516322 0.131248 0.000131 0.107314
1 1 0.094153 0.352260 0.332279 0.006947 0.214361
1 1 0.083046 0.484407 0.247050 0.002244 0.183253
1 1 0.244298 0.356041 0.212053 0.012878 0.174729
4 1 0.015191 0.313762 0.150131 0.000626 0.520290
0 1 0.619416 0.223735 0.051594 0.000072 0.105183
4 1 0.017405 0.188723 0.115132 0.003258 0.675482
2 2 0.003100 0.175357 0.781282 0.004835 0.035426
2 2 0.001936 0.039342 0.911965 0.013353 0.033405
2 2 0.005957 0.348934 0.621743 0.007941 0.015425
2 2 0.008875 0.115255 0.830811 0.002374 0.042685
4 2 0.052961 0.361396 0.133152 0.001055 0.451436
4 2 0.010353 0.183435 0.371872 0.005443 0.428897
2 2 0.000981 0.029114 0.864585 0.045995 0.059324
2 2 0.000013 0.000314 0.781411 0.218246 0.000016
2 2 0.001003 0.010183 0.908203 0.077460 0.003150
2 2 0.000607 0.014668 0.973904 0.004254 0.006566
2 2 0.005989 0.042362 0.870862 0.007362 0.073425
2 2 0.000083 0.009978 0.976918 0.011934 0.001087
2 2 0.001219 0.037758 0.888384 0.023765 0.048873
2 2 0.021307 0.208256 0.728844 0.007229 0.034364
2 2 0.000046 0.002474 0.981776 0.014893 0.000811
2 2 0.000010 0.001296 0.996570 0.002064 0.000059
2 2 0.004254 0.035625 0.488871 0.447887 0.023363
2 2 0.003425 0.087723 0.677420 0.047716 0.183716
2 2 0.001251 0.007354 0.747790 0.234603 0.009003
2 2 0.000356 0.004294 0.887040 0.099725 0.008585
2 2 0.000068 0.002798 0.980387 0.015542 0.001206
2 3 0.000410 0.004603 0.853852 0.138944 0.002192
2 3 0.000098 0.003978 0.775502 0.217993 0.002430
3 3 0.002200 0.001761 0.263209 0.729702 0.003128
3 3 0.000004 0.000107 0.101201 0.898645 0.000043
2 3 0.000000 0.000041 0.934437 0.065516 0.000006
3 3 0.000204 0.002612 0.284699 0.709809 0.002676
2 3 0.000194 0.003414 0.675751 0.314771 0.005870
3 3 0.000925 0.000607 0.022773 0.975269 0.000426
3 3 0.001085 0.002657 0.096452 0.887250 0.012556
3 3 0.000229 0.001055 0.408428 0.590046 0.000241
3 3 0.013661 0.007796 0.075103 0.894377 0.009063
3 3 0.000015 0.000132 0.255016 0.744699 0.000138
3 3 0.005150 0.002785 0.219561 0.767251 0.005253
3 3 0.000919 0.002236 0.387901 0.607849 0.001094
3 3 0.005476 0.006927 0.147326 0.834454 0.005817
3 3 0.014604 0.010583 0.075278 0.806244 0.093291
2 3 0.062073 0.016778 0.498461 0.402449 0.020239
3 3 0.002187 0.001640 0.012930 0.979914 0.003329
3 3 0.006097 0.000569 0.036958 0.954073 0.002303
3 3 0.002322 0.002927 0.028817 0.960398 0.005536
3 3 0.000159 0.001047 0.106704 0.890776 0.001314
3 3 0.000046 0.000128 0.025908 0.973653 0.000264
3 3 0.001395 0.000884 0.007912 0.987755 0.002054
3 3 0.000088 0.000336 0.036162 0.962561 0.000852
3 3 0.001585 0.003203 0.024945 0.962113 0.008153
3 3 0.000184 0.000438 0.016293 0.982759 0.000327
3 3 0.000895 0.000740 0.026460 0.970020 0.001885
3 3 0.000042 0.000095 0.023930 0.975609 0.000324
3 3 0.000215 0.000463 0.006439 0.992453 0.000430
3 3 0.000555 0.003244 0.240560 0.749878 0.005764
3 3 0.000248 0.001075 0.072133 0.925293 0.001251
3 3 0.000618 0.000330 0.014837 0.983298 0.000916
3 3 0.116812 0.032268 0.193642 0.602429 0.054849
3 3 0.000031 0.000119 0.006016 0.993730 0.000104
3 3 0.000000 0.000003 0.002178 0.997818 0.000001
3 3 0.000507 0.001068 0.016337 0.980517 0.001570
3 3 0.000871 0.000320 0.014821 0.983531 0.000458
3 3 0.001029 0.000962 0.020941 0.970542 0.006525
3 3 0.001684 0.000699 0.025699 0.971104 0.000814
3 3 0.000474 0.003107 0.047795 0.945931 0.002693
3 3 0.002772 0.003595 0.270633 0.717976 0.005024
3 3 0.001518 0.008647 0.230183 0.753863 0.005789
3 3 0.000097 0.000322 0.007187 0.992177 0.000217
3 3 0.019113 0.004585 0.042612 0.928431 0.005259
3 3 0.002039 0.002570 0.042031 0.950788 0.002571
3 3 0.000000 0.000002 0.001713 0.998284 0.000001
3 3 0.000670 0.000806 0.011522 0.985747 0.001255
3 3 0.007162 0.001273 0.052357 0.931721 0.007487
3 3 0.026138 0.007887 0.047784 0.889068 0.029123
3 3 0.001800 0.000970 0.091701 0.904369 0.001159
3 3 0.020099 0.003796 0.074930 0.885174 0.016001
3 3 0.007046 0.001000 0.005170 0.980935 0.005849
3 3 0.001459 0.001004 0.021919 0.971836 0.003782
3 3 0.000026 0.000093 0.018634 0.981228 0.000020
3 3 0.000001 0.000017 0.023520 0.976457 0.000005
3 3 0.000669 0.004080 0.124163 0.863839 0.007250
3 3 0.002084 0.001919 0.007244 0.984643 0.004110
3 3 0.000007 0.000065 0.014219 0.985681 0.000029
3 3 0.002619 0.004289 0.107522 0.881391 0.004179
3 3 0.002097 0.000327 0.001396 0.994776 0.001404
3 3 0.000186 0.000207 0.004138 0.995211 0.000257
3 3 0.000008 0.000008 0.001360 0.998615 0.000010
3 3 0.000519 0.000948 0.046181 0.949486 0.002866
3 3 0.005447 0.004074 0.040434 0.929414 0.020631
3 3 0.004854 0.004831 0.070906 0.913270 0.006139
3 3 0.003022 0.000742 0.007123 0.986205 0.002907
3 3 0.000478 0.001942 0.270490 0.725307 0.001783
3 3 0.000072 0.000085 0.026966 0.972399 0.000478
3 3 0.001667 0.002636 0.019577 0.971077 0.005043
0 2 0.712643 0.101008 0.135298 0.020634 0.030417
2 2 0.005720 0.047497 0.478175 0.451246 0.017362
2 2 0.026605 0.045145 0.621460 0.137103 0.169686
2 2 0.015274 0.182817 0.780541 0.009221 0.012147
2 2 0.008979 0.172795 0.790498 0.010085 0.017644
2 2 0.000043 0.005199 0.988741 0.004306 0.001710
2 2 0.000907 0.017976 0.934979 0.029950 0.016189
2 2 0.000060 0.004713 0.987448 0.007438 0.000342
2 2 0.003837 0.119504 0.842404 0.007358 0.026896
2 2 0.072882 0.088175 0.761103 0.003681 0.074159
2 2 0.000014 0.005642 0.987260 0.003946 0.003138
2 2 0.021402 0.060237 0.879985 0.014369 0.024007
2 2 0.000977 0.014916 0.920565 0.012579 0.050963
2 2 0.000000 0.000019 0.964303 0.035673 0.000004
2 2 0.009898 0.035202 0.901676 0.023272 0.029952
2 2 0.001938 0.024512 0.836049 0.133841 0.003660
2 2 0.000031 0.007472 0.988095 0.001352 0.003051
2 2 0.004460 0.024788 0.860060 0.077307 0.033385
2 2 0.000112 0.001754 0.957544 0.036512 0.004079
2 2 0.003126 0.037353 0.875802 0.018120 0.065599
2 2 0.000244 0.026355 0.941817 0.010414 0.021170
2 2 0.004905 0.056420 0.721613 0.048717 0.168345
2 2 0.000126 0.009718 0.958987 0.020836 0.010333
4 4 0.007168 0.067483 0.032331 0.000129 0.892889
4 4 0.014183 0.133298 0.200945 0.004879 0.646696
4 4 0.001351 0.133839 0.338507 0.001195 0.525109
4 4 0.021521 0.098999 0.247839 0.006684 0.624957
4 4 0.001997 0.129567 0.212560 0.000850 0.655026
4 4 0.022341 0.085787 0.038670 0.000542 0.852660
4 4 0.117105 0.299942 0.131094 0.014140 0.437720
2 4 0.006954 0.118830 0.503724 0.002319 0.368174
4 4 0.029104 0.052778 0.024221 0.000666 0.893231
4 4 0.008992 0.238707 0.358594 0.000201 0.393506
2 4 0.002868 0.235165 0.481886 0.037464 0.242617
4 4 0.011478 0.296055 0.260555 0.005319 0.426593
4 4 0.037424 0.183189 0.215415 0.044187 0.519786
4 4 0.004499 0.073487 0.404412 0.001753 0.515849
2 4 0.000686 0.072257 0.800607 0.016662 0.109788
2 4 0.000212 0.035677 0.898649 0.014199 0.051263
2 2 0.000026 0.004366 0.963234 0.019934 0.012440
2 2 0.000022 0.004705 0.982257 0.003675 0.009342
2 2 0.000039 0.006107 0.988667 0.001188 0.004000
2 2 0.002549 0.167287 0.483311 0.001632 0.345221
2 2 0.001390 0.064848 0.808777 0.033386 0.091600
2 4 0.001533 0.134920 0.529021 0.011038 0.323488
4 4 0.001798 0.095362 0.301739 0.001133 0.599968
4 4 0.007030 0.160903 0.401849 0.007228 0.422990
2 4 0.000550 0.191949 0.444693 0.004496 0.358311
4 4 0.014062 0.034261 0.069334 0.000724 0.881619
4 4 0.099963 0.044457 0.019108 0.001876 0.834597
4 4 0.066611 0.128050 0.060156 0.008347 0.736835
4 4 0.039196 0.239171 0.234733 0.007610 0.479289
4 4 0.158359 0.065550 0.027729 0.007793 0.740569
1 4 0.015163 0.509581 0.385421 0.002462 0.087373
2 4 0.014067 0.149943 0.498092 0.007031 0.330868
2 4 0.031612 0.309507 0.410954 0.112915 0.135013
2 4 0.002801 0.102592 0.764776 0.005660 0.124171
2 2 0.002433 0.052579 0.736384 0.016063 0.192541
2 2 0.000025 0.005120 0.988994 0.003760 0.002101
2 2 0.000190 0.024952 0.907368 0.045943 0.021547
2 2 0.002557 0.069205 0.895693 0.011953 0.020593
2 2 0.001594 0.027369 0.954933 0.004497 0.011606
2 2 0.000625 0.024722 0.948874 0.003328 0.022451
2 2 0.000015 0.006512 0.990436 0.000474 0.002563
2 2 0.000018 0.004163 0.966375 0.028524 0.000920
2 2 0.000038 0.008749 0.959685 0.001718 0.029809
2 2 0.003300 0.019852 0.921374 0.011914 0.043559
2 2 0.000195 0.025760 0.961947 0.008183 0.003915
2 2 0.002372 0.019935 0.899461 0.070596 0.007637
2 2 0.000783 0.050113 0.878007 0.031902 0.039195
2 2 0.005277 0.008814 0.950079 0.028342 0.007488
2 2 0.000709 0.014060 0.867810 0.091450 0.025971
2 2 0.000467 0.009634 0.979420 0.004836 0.005643
2 2 0.000160 0.016606 0.977015 0.003386 0.002833
2 2 0.000124 0.010154 0.945079 0.039824 0.004818
2 2 0.000090 0.002943 0.988611 0.000361 0.007995
2 2 0.000620 0.012410 0.973112 0.008623 0.005234
2 2 0.000378 0.002392 0.923318 0.072554 0.001358
2 2 0.000161 0.003189 0.963288 0.016745 0.016617
2 2 0.000015 0.002238 0.992227 0.004598 0.000922
2 2 0.006562 0.012422 0.952431 0.027015 0.001570
2 2 0.000035 0.000822 0.982703 0.015552 0.000887
2 2 0.002031 0.013481 0.569753 0.404776 0.009960
2 2 0.000111 0.001123 0.950930 0.047449 0.000388
2 2 0.000157 0.005982 0.861762 0.130999 0.001099
2 2 0.001180 0.013890 0.978116 0.003563 0.003251
2 2 0.000010 0.001024 0.987684 0.010618 0.000663
2 2 0.000033 0.005366 0.925942 0.066572 0.002087
2 2 0.001952 0.007558 0.743444 0.210645 0.036401
2 2 0.005023 0.007273 0.681039 0.299169 0.007496
2 2 0.000117 0.004548 0.710491 0.276415 0.008428
3 2 0.000092 0.001535 0.418298 0.573762 0.006312
2 2 0.000025 0.000580 0.594269 0.404531 0.000596
2 2 0.001376 0.005876 0.746185 0.227851 0.018712
3 2 0.005734 0.016218 0.277306 0.447414 0.253327
3 2 0.014159 0.008328 0.206171 0.723441 0.047901
1 2 0.390348 0.485025 0.099269 0.000164 0.025195
1 2 0.219862 0.610686 0.154604 0.000231 0.014618
2 2 0.000000 0.000014 0.991435 0.008552 0.000000
2 2 0.000717 0.009167 0.612371 0.364863 0.012883
2 2 0.000004 0.000317 0.988290 0.011305 0.000084
2 2 0.004511 0.009580 0.929222 0.052442 0.004245
2 2 0.013582 0.021037 0.782143 0.078988 0.104251
2 2 0.000950 0.017269 0.957375 0.009323 0.015082
2 2 0.001534 0.005360 0.895455 0.093809 0.003842
3 2 0.000201 0.002187 0.459451 0.535829 0.002331
2 2 0.034629 0.077553 0.418971 0.320816 0.148031
3 2 0.000123 0.000946 0.476153 0.522512 0.000265
3 3 0.003827 0.013448 0.412890 0.495793 0.074042
2 3 0.012175 0.014207 0.485945 0.478609 0.009064
2 3 0.003863 0.028013 0.674735 0.273807 0.019583
3 3 0.000846 0.002731 0.301915 0.692255 0.002253
2 3 0.002365 0.002691 0.557763 0.436389 0.000792
3 3 0.008070 0.007842 0.126426 0.796360 0.061301
3 3 0.002103 0.000767 0.023260 0.970192 0.003678
3 3 0.006449 0.007403 0.453846 0.508339 0.023963
3 3 0.000971 0.001029 0.079550 0.917236 0.001214
3 3 0.000003 0.000132 0.040914 0.958871 0.000080
3 3 0.001364 0.000355 0.022713 0.972140 0.003428
3 3 0.000197 0.002775 0.117536 0.878248 0.001243
3 3 0.000170 0.000602 0.036962 0.961694 0.000572
3 3 0.000548 0.000472 0.011577 0.986072 0.001330
3 3 0.000045 0.000072 0.002144 0.997668 0.000071
3 3 0.005280 0.002448 0.015318 0.968686 0.008268
3 3 0.000025 0.000127 0.134830 0.864958 0.000060
3 3 0.000007 0.000016 0.006998 0.992973 0.000007
3 3 0.014950 0.007636 0.056974 0.899998 0.020441
3 3 0.010315 0.013208 0.076629 0.877590 0.022258
3 3 0.000100 0.000675 0.006534 0.992310 0.000381
3 3 0.011131 0.000752 0.007907 0.966347 0.013864
3 3 0.002608 0.001965 0.049588 0.938737 0.007102
3 3 0.006471 0.004893 0.073089 0.894698 0.020850
3 3 0.004824 0.003710 0.043013 0.936299 0.012155
3 3 0.002176 0.001675 0.007983 0.984846 0.003319
3 3 0.007339 0.005453 0.075729 0.877208 0.034271
3 3 0.002156 0.000252 0.002625 0.993784 0.001182
3 3 0.004066 0.001279 0.012176 0.973078 0.009401
3 3 0.010917 0.023138 0.442179 0.510253 0.013514
3 3 0.000352 0.002666 0.023139 0.971861 0.001983
3 3 0.002974 0.002347 0.041690 0.945125 0.007864
3 3 0.000265 0.001404 0.038538 0.957112 0.002681
3 3 0.000683 0.001428 0.074065 0.915839 0.007984
3 3 0.000183 0.000551 0.112706 0.886502 0.000059
3 3 0.013378 0.005918 0.018290 0.937371 0.025043
3 3 0.000203 0.000366 0.017462 0.981755 0.000215
3 3 0.000000 0.000004 0.004535 0.995459 0.000003
3 3 0.000053 0.000246 0.088885 0.910746 0.000070
3 3 0.031490 0.001357 0.003169 0.951555 0.012429
3 3 0.000221 0.000236 0.013668 0.985351 0.000525
3 3 0.003626 0.002482 0.128470 0.861241 0.004181
3 3 0.035598 0.001477 0.029018 0.926811 0.007095
3 3 0.010094 0.002649 0.017434 0.959105 0.010718
3 3 0.000005 0.000020 0.004203 0.995756 0.000017
3 3 0.000300 0.001154 0.050946 0.946225 0.001375
3 3 0.000113 0.000376 0.004260 0.994809 0.000442
3 3 0.009258 0.006283 0.025297 0.935794 0.023369
3 3 0.000116 0.000089 0.003840 0.995879 0.000076
3 3 0.002025 0.000510 0.005429 0.990598 0.001438
3 3 0.000023 0.000052 0.015714 0.984169 0.000042
3 3 0.000996 0.000700 0.007958 0.988121 0.002225
3 3 0.000033 0.000088 0.019454 0.980329 0.000097
3 3 0.000351 0.000149 0.004587 0.994628 0.000284
3 3 0.033757 0.003174 0.011760 0.921665 0.029644
3 3 0.009154 0.003035 0.010627 0.962091 0.015093
3 3 0.023896 0.005378 0.022340 0.892602 0.055785
3 3 0.002986 0.003064 0.015953 0.972278 0.005719
3 3 0.005513 0.001604 0.050477 0.940272 0.002134
3 3 0.000027 0.000224 0.028381 0.971186 0.000182
3 3 0.052452 0.011176 0.101519 0.813939 0.020915
3 3 0.000055 0.000374 0.005734 0.993654 0.000184
3 3 0.000343 0.000212 0.009957 0.989316 0.000172
3 3 0.001166 0.000552 0.007866 0.988982 0.001434
3 3 0.000114 0.000242 0.013508 0.985444 0.000693
3 3 0.000185 0.000080 0.003194 0.996402 0.000139
3 3 0.074061 0.005368 0.094820 0.817843 0.007908
3 3 0.005502 0.007413 0.040729 0.923069 0.023287
3 3 0.000673 0.001119 0.014863 0.981480 0.001865
3 3 0.014070 0.003541 0.043169 0.931114 0.008107
3 3 0.000098 0.000199 0.006405 0.993017 0.000282
2 2 0.113876 0.272852 0.589009 0.016212 0.008051
2 2 0.003987 0.066722 0.813046 0.107712 0.008533
2 2 0.015506 0.127084 0.719030 0.030140 0.108240
2 2 0.034715 0.094259 0.554164 0.108757 0.208105
2 2 0.000870 0.037265 0.792070 0.028134 0.141661
2 2 0.002435 0.046418 0.636386 0.112797 0.201964
2 2 0.001396 0.052965 0.835403 0.002955 0.107282
2 2 0.001248 0.015445 0.847638 0.111349 0.024320
2 2 0.000060 0.006146 0.948111 0.033816 0.011868
2 2 0.001161 0.023558 0.858116 0.096483 0.020683
2 2 0.000188 0.007319 0.958252 0.019095 0.015145
2 2 0.000791 0.031499 0.946466 0.003877 0.017366
2 2 0.000982 0.007119 0.926714 0.060287 0.004898
2 2 0.000124 0.005719 0.985426 0.000561 0.008169
2 2 0.001723 0.019127 0.934504 0.013536 0.031110
2 2 0.001765 0.010050 0.818113 0.021791 0.148281
2 2 0.001196 0.061849 0.782139 0.001876 0.152940
2 2 0.000114 0.009836 0.987766 0.001459 0.000824
2 2 0.001157 0.011991 0.982135 0.003791 0.000926
2 2 0.000573 0.036766 0.921763 0.000465 0.040434
2 2 0.000277 0.004290 0.989084 0.001275 0.005074
2 2 0.000329 0.006016 0.978961 0.001472 0.013223
2 2 0.000038 0.003527 0.972913 0.021382 0.002140
2 2 0.002240 0.012739 0.794546 0.171023 0.019451
2 2 0.029550 0.024074 0.901815 0.006092 0.038469
2 2 0.000358 0.006886 0.989850 0.001518 0.001388
2 2 0.007139 0.029214 0.916737 0.018734 0.028176
2 2 0.025890 0.238088 0.642225 0.002691 0.091106
2 2 0.008333 0.013150 0.857757 0.114933 0.005828
2 2 0.003194 0.009417 0.970090 0.014878 0.002421
2 2 0.013675 0.065650 0.774692 0.078574 0.067408
2 2 0.000327 0.003853 0.923781 0.069021 0.003018
2 2 0.014522 0.069262 0.673142 0.191470 0.051605
2 2 0.002515 0.006905 0.721320 0.180834 0.088426
2 2 0.000452 0.008014 0.960381 0.016978 0.014175
2 2 0.000668 0.009251 0.834136 0.130372 0.025573
2 2 0.000003 0.000834 0.986102 0.012082 0.000979
2 2 0.000018 0.004099 0.990815 0.004783 0.000285
2 2 0.000202 0.011643 0.978494 0.004319 0.005342
2 2 0.000000 0.000132 0.993820 0.006025 0.000023
2 2 0.012341 0.051037 0.605678 0.125254 0.205690
2 2 0.000080 0.005384 0.972879 0.012071 0.009587
2 2 0.002791 0.035762 0.933820 0.008315 0.019312
2 2 0.000000 0.000080 0.967673 0.032240 0.000007
2 2 0.005594 0.016099 0.809765 0.120500 0.048042
2 2 0.006708 0.026642 0.887306 0.067199 0.012146
2 2 0.000176 0.008631 0.986342 0.002155 0.002697
2 2 0.000216 0.001762 0.956797 0.040645 0.000579
2 2 0.000289 0.005932 0.954575 0.037748 0.001456
2 2 0.000660 0.009213 0.899776 0.064544 0.025807
2 2 0.024173 0.026711 0.899734 0.013589 0.035793
2 2 0.000007 0.000508 0.966250 0.032741 0.000494
2 2 0.000078 0.003628 0.979405 0.014890 0.001999
2 2 0.000386 0.004231 0.859542 0.134323 0.001518
2 2 0.000441 0.011351 0.974076 0.005981 0.008150
2 2 0.000003 0.000148 0.979036 0.020776 0.000036
2 2 0.003679 0.012199 0.932241 0.032847 0.019033
2 2 0.000604 0.008981 0.950113 0.024947 0.015354
2 2 0.000135 0.002234 0.930228 0.067194 0.000208
2 2 0.000874 0.005364 0.968743 0.010139 0.014880
2 2 0.000033 0.000719 0.993139 0.005968 0.000141
2 2 0.004114 0.008088 0.945577 0.026734 0.015486
2 2 0.000011 0.001073 0.994172 0.004470 0.000274
2 2 0.000001 0.000275 0.963663 0.035961 0.000100
2 2 0.001355 0.007927 0.810598 0.166170 0.013950
2 2 0.000575 0.003841 0.992273 0.001262 0.002049
2 2 0.000659 0.009678 0.978840 0.008712 0.002111
2 2 0.057654 0.124052 0.632840 0.097609 0.087845
2 2 0.025176 0.026327 0.928124 0.007689 0.012683
2 2 0.001726 0.007771 0.861479 0.103422 0.025602
2 2 0.000226 0.001806 0.501931 0.495553 0.000484
2 2 0.008682 0.160542 0.707575 0.006102 0.117099
4 4 0.055558 0.077976 0.165513 0.011727 0.689225
4 4 0.028392 0.119855 0.214858 0.000977 0.635917
4 4 0.010022 0.147778 0.199781 0.002895 0.639523
4 4 0.088006 0.241921 0.089503 0.000705 0.579866
4 4 0.036873 0.195969 0.273624 0.006860 0.486675
4 4 0.030616 0.256664 0.277636 0.000965 0.434119
4 4 0.022184 0.155089 0.138812 0.001274 0.682641
1 4 0.134010 0.446656 0.132923 0.000220 0.286191
1 4 0.029006 0.402675 0.267831 0.000770 0.299718
2 4 0.008357 0.140094 0.560063 0.000417 0.291069
1 0 0.362980 0.385949 0.231034 0.000876 0.019162
1 1 0.073294 0.479794 0.149313 0.000173 0.297425
1 1 0.041304 0.460255 0.145696 0.000047 0.352698
1 2 0.109483 0.476501 0.131291 0.000027 0.282697
2 2 0.014255 0.153040 0.739780 0.003451 0.089475
2 2 0.001002 0.036622 0.869834 0.022734 0.069808
2 2 0.006306 0.126902 0.452121 0.005692 0.408978
4 4 0.004543 0.199303 0.246528 0.002749 0.546877
4 4 0.065031 0.107553 0.047011 0.004376 0.776029
4 4 0.063919 0.021809 0.009803 0.000645 0.903824
4 4 0.044958 0.112704 0.046414 0.000505 0.795420
4 4 0.097158 0.033234 0.016338 0.001891 0.851378
4 4 0.364440 0.028114 0.011435 0.010510 0.585501
4 4 0.122980 0.006208 0.002753 0.000383 0.867677
4 4 0.081518 0.009508 0.004964 0.000715 0.903296
4 4 0.134508 0.005027 0.052901 0.008281 0.799282
4 4 0.024034 0.141743 0.064269 0.001844 0.768109
4 4 0.008243 0.065252 0.028921 0.000027 0.897556
4 4 0.017254 0.066981 0.031294 0.000470 0.884001
4 4 0.059441 0.006158 0.002823 0.000148 0.931429
4 4 0.019216 0.141458 0.091766 0.002523 0.745039
4 4 0.027237 0.049685 0.022889 0.000572 0.899617
4 4 0.015489 0.058809 0.036322 0.000425 0.888955
4 4 0.074570 0.091613 0.039831 0.003987 0.789998
4 4 0.018124 0.041745 0.019617 0.000286 0.920229
4 4 0.014175 0.040024 0.022932 0.000246 0.922623
4 4 0.024154 0.029103 0.013586 0.000268 0.932888
4 4 0.025440 0.022165 0.016428 0.000283 0.935683
4 4 0.032412 0.028339 0.013071 0.000372 0.925806
4 4 0.099637 0.052566 0.024979 0.004803 0.818016
4 4 0.121852 0.092905 0.038299 0.003903 0.743042
4 4 0.009860 0.236980 0.144894 0.005693 0.602573
4 4 0.019655 0.051042 0.023828 0.000398 0.905077
4 4 0.013341 0.096317 0.056264 0.000097 0.833981
4 4 0.061821 0.035303 0.032291 0.001706 0.868879
4 4 0.024917 0.012011 0.005782 0.000115 0.957175
4 4 0.108877 0.005013 0.002242 0.000258 0.883611
4 4 0.116309 0.074147 0.031784 0.005871 0.771889
4 4 0.050934 0.100571 0.042075 0.000787 0.805632
4 4 0.051525 0.049233 0.029344 0.000267 0.869631
4 4 0.020487 0.048964 0.022834 0.000399 0.907316
4 4 0.010144 0.046325 0.022263 0.000161 0.921106
4 4 0.022318 0.037000 0.017268 0.000320 0.923093
4 4 0.251816 0.007618 0.021462 0.005882 0.713222
4 4 0.066829 0.023674 0.011084 0.000920 0.897493
4 4 0.112652 0.055058 0.023769 0.003906 0.804615
4 4 0.025602 0.082610 0.142205 0.001208 0.748375
4 4 0.015154 0.097820 0.051190 0.000169 0.835668
4 4 0.044898 0.144374 0.254523 0.001216 0.554989
4 4 0.030031 0.039339 0.018114 0.000492 0.912024
4 4 0.232463 0.020959 0.025132 0.007293 0.714153
4 4 0.029548 0.118520 0.137370 0.003876 0.710687
4 4 0.007704 0.089706 0.046260 0.000362 0.855969
4 4 0.008709 0.126781 0.160382 0.001027 0.703101
4 4 0.020818 0.034169 0.016012 0.000269 0.928732
4 4 0.020430 0.130468 0.059690 0.001350 0.788062
4 4 0.008877 0.164866 0.226155 0.004872 0.595229
2 4 0.002537 0.111379 0.483363 0.003396 0.399326
4 4 0.015551 0.154672 0.085952 0.003080 0.740744
4 4 0.041310 0.048945 0.022156 0.000937 0.886652
4 4 0.025943 0.188260 0.235743 0.013995 0.536059
4 4 0.007082 0.060927 0.063283 0.000436 0.868272
4 4 0.012222 0.152670 0.177949 0.003839 0.653319
2 4 0.002145 0.118101 0.666949 0.018403 0.194401
4 4 0.013218 0.089037 0.253766 0.003521 0.640458
4 4 0.023530 0.288021 0.196013 0.007994 0.484442
4 4 0.037606 0.101334 0.042915 0.000535 0.817611
4 4 0.009801 0.134228 0.063270 0.000582 0.792118
4 4 0.029939 0.075132 0.057529 0.004052 0.833348
4 4 0.127071 0.022615 0.027392 0.003229 0.819692
4 4 0.008088 0.272876 0.156150 0.002298 0.560588
4 4 0.007157 0.137706 0.097921 0.000920 0.756297
4 4 0.035613 0.081864 0.236215 0.013146 0.633162
4 4 0.057791 0.076161 0.196489 0.011904 0.657656
4 4 0.054528 0.128582 0.149060 0.009260 0.658570
2 4 0.001068 0.186964 0.445536 0.001575 0.364858
2 4 0.003826 0.119836 0.440590 0.004308 0.431440
2 2 0.005236 0.074947 0.697325 0.005187 0.217305
4 2 0.001282 0.220657 0.383558 0.002957 0.391546
2 2 0.017247 0.054821 0.462555 0.004417 0.460960
2 2 0.001167 0.050074 0.845170 0.000160 0.103429
2 2 0.003236 0.099582 0.813246 0.004643 0.079294
2 2 0.000186 0.021896 0.956179 0.006603 0.015137
2 2 0.000064 0.011472 0.960679 0.006727 0.021057
2 2 0.000028 0.016913 0.955220 0.002152 0.025687
2 2 0.000008 0.001255 0.991192 0.006661 0.000884
2 2 0.000518 0.018531 0.834023 0.000222 0.146706
2 2 0.000949 0.031963 0.883505 0.000877 0.082706
2 2 0.000289 0.012802 0.928764 0.007112 0.051033
2 2 0.000006 0.001466 0.996084 0.001163 0.001281
2 2 0.012346 0.042410 0.695622 0.004128 0.245494
2 2 0.002294 0.008717 0.924899 0.018677 0.045412
2 2 0.000353 0.022599 0.958429 0.002885 0.015735
2 2 0.000101 0.018273 0.861520 0.000159 0.119947
2 2 0.005182 0.094059 0.833847 0.001062 0.065850
2 2 0.000059 0.004622 0.982656 0.011494 0.001169
2 2 0.000660 0.017042 0.936190 0.003540 0.042568
2 2 0.000041 0.012100 0.980054 0.001026 0.006779
2 2 0.000022 0.005331 0.987983 0.003782 0.002882
2 2 0.001803 0.013394 0.953819 0.017208 0.013775
2 2 0.000049 0.005952 0.990278 0.001392 0.002329
2 2 0.000094 0.007271 0.944444 0.002658 0.045532
2 2 0.000039 0.008986 0.988862 0.001013 0.001100
2 2 0.004828 0.026113 0.928193 0.018216 0.022650
2 2 0.000027 0.005659 0.975181 0.017030 0.002103
2 2 0.000912 0.009512 0.969304 0.015386 0.004886
2 2 0.000111 0.005208 0.988257 0.001129 0.005295
2 2 0.000010 0.005209 0.991232 0.000465 0.003084
2 2 0.001231 0.014418 0.944739 0.005637 0.033975
2 2 0.000008 0.002698 0.995796 0.001285 0.000212
2 2 0.003061 0.012621 0.971854 0.006718 0.005747
2 2 0.001828 0.037085 0.932290 0.003024 0.025773
2 2 0.023513 0.032916 0.707838 0.000974 0.234760
2 2 0.010518 0.019540 0.895346 0.023798 0.050799
2 2 0.000217 0.009281 0.969296 0.000064 0.021142
2 2 0.000002 0.001449 0.998030 0.000292 0.000227
2 2 0.000024 0.023530 0.969994 0.000336 0.006115
2 2 0.000006 0.003305 0.993797 0.000033 0.002859
2 2 0.000921 0.010419 0.979888 0.002328 0.006444
2 2 0.000015 0.002360 0.962052 0.034252 0.001321
2 2 0.000630 0.012649 0.970022 0.002872 0.013826
2 2 0.000338 0.018841 0.970548 0.001725 0.008549
2 2 0.002561 0.037687 0.907595 0.004288 0.047869
2 2 0.000003 0.003517 0.994826 0.000301 0.001352
2 2 0.000006 0.000424 0.991354 0.006831 0.001385
2 2 0.000020 0.004004 0.989849 0.003756 0.002370
2 2 0.000022 0.002136 0.996782 0.000736 0.000323
2 2 0.001348 0.016823 0.926172 0.000334 0.055324
2 2 0.000523 0.005089 0.964117 0.012083 0.018187
2 2 0.000034 0.003600 0.993352 0.000995 0.002019
2 2 0.000271 0.001617 0.972326 0.024568 0.001218
2 2 0.000256 0.007431 0.982882 0.004408 0.005023
2 2 0.000004 0.007887 0.990751 0.001012 0.000346
2 2 0.000000 0.000021 0.985678 0.014301 0.000000
2 2 0.000690 0.009877 0.952317 0.013428 0.023689
2 2 0.000607 0.020810 0.961028 0.015548 0.002007
2 2 0.000241 0.002218 0.978504 0.013957 0.005079
2 2 0.008010 0.008248 0.879524 0.102889 0.001329
2 2 0.000068 0.002331 0.890882 0.104485 0.002233
3 2 0.000834 0.004759 0.274278 0.706706 0.013423
2 2 0.002807 0.005130 0.637426 0.315886 0.038752
2 3 0.002593 0.023981 0.655488 0.288680 0.029258
3 3 0.000398 0.008507 0.376747 0.609575 0.004773
3 3 0.003595 0.014884 0.444349 0.467131 0.070041
3 3 0.000447 0.002643 0.160355 0.834395 0.002160
2 3 0.027100 0.010418 0.785833 0.146350 0.030299
2 3 0.008869 0.007238 0.819083 0.134825 0.029985
3 3 0.003577 0.006318 0.468127 0.508447 0.013531
3 3 0.002017 0.008211 0.309963 0.655822 0.023987
3 3 0.002997 0.006245 0.252782 0.709704 0.028272
3 3 0.021247 0.042997 0.263727 0.361154 0.310874
2 3 0.000004 0.000322 0.735514 0.264087 0.000074
3 3 0.000550 0.003125 0.366559 0.625090 0.004676
3 3 0.000294 0.002826 0.280058 0.715092 0.001730
2 3 0.000017 0.000403 0.583711 0.415813 0.000057
3 3 0.001406 0.002826 0.040835 0.940305 0.014629
3 3 0.015536 0.003500 0.456201 0.518597 0.006165
3 3 0.000150 0.000980 0.438011 0.560060 0.000798
3 3 0.000859 0.004584 0.322689 0.666978 0.004890
3 3 0.001471 0.004605 0.057328 0.928572 0.008023
3 3 0.006794 0.030000 0.297301 0.621544 0.044362
3 3 0.002680 0.005456 0.264120 0.683805 0.043938
3 3 0.006310 0.008889 0.266876 0.695363 0.022561
2 3 0.000124 0.004644 0.765069 0.228785 0.001378
3 3 0.001285 0.001869 0.049245 0.933357 0.014244
3 3 0.001868 0.006048 0.286514 0.667622 0.037948
3 3 0.000133 0.000396 0.137370 0.861135 0.000966
2 3 0.000189 0.001414 0.869648 0.126035 0.002714
2 3 0.000003 0.000125 0.538881 0.460901 0.000089
2 2 0.000660 0.002989 0.548444 0.415874 0.032033
2 2 0.000034 0.002296 0.848439 0.146608 0.002624
2 2 0.000103 0.002656 0.983675 0.010433 0.003133
2 2 0.000089 0.004711 0.969676 0.018847 0.006676
2 2 0.000003 0.000887 0.986505 0.012151 0.000454
2 2 0.000001 0.000374 0.988892 0.010704 0.000029
2 2 0.000074 0.006394 0.961436 0.019242 0.012854
2 2 0.000040 0.005131 0.980765 0.001834 0.012230
2 2 0.001770 0.050911 0.655154 0.043286 0.248880
0 1 0.409680 0.173315 0.080621 0.000018 0.336366
2 2 0.016945 0.225708 0.615744 0.004490 0.137113
2 2 0.000863 0.070648 0.753896 0.031787 0.142805
2 2 0.004971 0.063750 0.730891 0.002660 0.197729
2 4 0.013997 0.231502 0.469333 0.004172 0.280996
4 4 0.007931 0.163341 0.373174 0.015097 0.440457
4 4 0.018039 0.106054 0.065855 0.002465 0.807586
4 4 0.018635 0.115086 0.277602 0.025279 0.563398
4 4 0.021812 0.067347 0.102771 0.002568 0.805502
4 4 0.013814 0.032520 0.015509 0.000044 0.938114
2 4 0.000491 0.048835 0.579584 0.000359 0.370731
4 4 0.012869 0.052771 0.240234 0.007710 0.686415
4 4 0.011787 0.120470 0.190178 0.000161 0.677403
4 4 0.084871 0.177286 0.068899 0.001440 0.667504
1 4 0.084047 0.384163 0.163453 0.007645 0.360692
0 4 0.328081 0.245324 0.161340 0.000875 0.264380
4 4 0.004868 0.213017 0.175922 0.000570 0.605623
4 4 0.033347 0.100017 0.119945 0.003604 0.743088
4 4 0.051597 0.396753 0.146206 0.000320 0.405124
4 4 0.006134 0.177723 0.318575 0.001127 0.496442
2 4 0.003976 0.145214 0.625637 0.038345 0.186828
4 4 0.022005 0.116603 0.413843 0.028332 0.419217
4 4 0.064754 0.125183 0.052466 0.002149 0.755448
4 4 0.086441 0.030142 0.093179 0.000417 0.789821
4 4 0.208420 0.194233 0.068631 0.002166 0.526550
4 4 0.008313 0.275890 0.163267 0.003861 0.548668
4 4 0.023861 0.322359 0.191362 0.002346 0.460072
4 4 0.039500 0.362427 0.134823 0.000669 0.462580
4 4 0.118929 0.089153 0.051927 0.001207 0.738784
1 4 0.066265 0.431793 0.148942 0.000865 0.352136
4 4 0.059577 0.357121 0.133512 0.001905 0.447885
4 4 0.041708 0.141924 0.056685 0.000324 0.759359
4 4 0.025890 0.090313 0.041246 0.001110 0.841441
0 4 0.467630 0.255371 0.079310 0.011367 0.186323
4 1 0.041003 0.260988 0.152066 0.000832 0.545111
4 2 0.009417 0.106440 0.407204 0.003874 0.473064
4 4 0.075847 0.194603 0.230712 0.022492 0.476345
4 4 0.047723 0.174021 0.276858 0.009821 0.491575
4 4 0.090929 0.075627 0.081041 0.005963 0.746441
4 4 0.146562 0.045613 0.142108 0.001898 0.663819
4 4 0.096610 0.080287 0.030853 0.000329 0.791920
4 4 0.029520 0.091254 0.125013 0.001221 0.752992
4 4 0.024053 0.053554 0.024770 0.000538 0.897085
4 4 0.170459 0.091963 0.035182 0.001607 0.700789
4 4 0.061074 0.042578 0.018543 0.000747 0.877058
0 4 0.687531 0.003990 0.001568 0.006798 0.300114
4 4 0.035473 0.277814 0.177396 0.079957 0.429359
4 4 0.292511 0.094957 0.077956 0.000324 0.534252
0 4 0.841460 0.093408 0.020524 0.000115 0.044492
4 4 0.058502 0.077829 0.031994 0.000461 0.831215
4 4 0.011359 0.013933 0.006780 0.000048 0.967879
4 4 0.152137 0.018146 0.007851 0.001659 0.820207
4 4 0.152507 0.012759 0.005546 0.001129 0.828060
4 4 0.177315 0.043536 0.018431 0.005542 0.755175
4 4 0.018982 0.011689 0.005581 0.000073 0.963675
4 4 0.255344 0.004141 0.003866 0.001174 0.735474
4 4 0.303455 0.036814 0.015146 0.010990 0.633595
4 4 0.101744 0.038402 0.029651 0.001019 0.829183
4 4 0.346050 0.015865 0.015496 0.009320 0.613270
4 4 0.130198 0.035010 0.015119 0.002802 0.816871
4 4 0.025894 0.014088 0.006623 0.000130 0.953264
4 4 0.281222 0.152805 0.053268 0.002338 0.510367
2 4 0.139992 0.164673 0.355520 0.004692 0.335124
4 4 0.088351 0.050075 0.094021 0.005696 0.761857
4 4 0.109827 0.043469 0.022001 0.001095 0.823608
4 4 0.101043 0.011854 0.007011 0.000714 0.879379
4 4 0.084788 0.020932 0.009295 0.000884 0.884101
4 4 0.015193 0.015304 0.093118 0.005476 0.870909
4 4 0.078977 0.039202 0.017305 0.001639 0.862876
4 4 0.077984 0.035542 0.015721 0.001441 0.869312
4 4 0.074599 0.021568 0.009629 0.000775 0.893429
4 4 0.188122 0.019846 0.020942 0.002996 0.768094
4 4 0.178256 0.039127 0.090479 0.000986 0.691152
4 4 0.025260 0.006493 0.003167 0.000055 0.965023
4 4 0.081840 0.091741 0.090374 0.007387 0.728658
4 4 0.003878 0.178389 0.291263 0.003185 0.523285
4 4 0.029537 0.295885 0.135525 0.001249 0.537804
4 4 0.077411 0.147140 0.060039 0.002420 0.712990
4 4 0.132840 0.148914 0.104996 0.002418 0.610831
4 4 0.008728 0.211359 0.308070 0.002792 0.469052
4 4 0.024780 0.117002 0.076149 0.001913 0.780157
4 4 0.076925 0.048558 0.020582 0.000832 0.853103
1 4 0.078812 0.498691 0.152646 0.000184 0.269667
4 1 0.061392 0.111864 0.088772 0.000839 0.737132
4 1 0.037398 0.067662 0.043010 0.001536 0.850395
4 4 0.053965 0.041412 0.018578 0.001076 0.884969
4 4 0.017300 0.045838 0.021550 0.000301 0.915011
1 4 0.056622 0.462335 0.173143 0.001300 0.306600
4 4 0.006974 0.098932 0.121084 0.002379 0.770632
2 4 0.002708 0.178454 0.563396 0.028119 0.227323
