0 0 0.996746 0.002230 0.001013 0.000000 0.000011
0 0 0.975772 0.012478 0.002027 0.000000 0.009723
0 0 0.996346 0.001771 0.000927 0.000098 0.000857
0 0 0.998782 0.000679 0.000309 0.000005 0.000225
0 0 0.547590 0.321935 0.069763 0.000294 0.060417
2 0 0.173310 0.322421 0.494695 0.001785 0.007789
0 0 0.863080 0.094804 0.028794 0.000051 0.013272
0 0 0.983482 0.009597 0.003363 0.000062 0.003496
0 0 0.982884 0.012252 0.004145 0.000063 0.000656
1 0 0.315979 0.473066 0.194285 0.000508 0.016163
0 0 0.958857 0.029263 0.009940 0.000318 0.001622
0 0 0.739600 0.184377 0.054473 0.002461 0.019088
0 0 0.726788 0.213622 0.051161 0.000181 0.008249
1 0 0.135550 0.527488 0.295856 0.002827 0.038279
0 0 0.936649 0.022707 0.034279 0.004313 0.002052
0 0 0.962897 0.019865 0.007742 0.000073 0.009423
0 0 0.993669 0.000153 0.000090 0.000004 0.006084
0 0 0.677782 0.119483 0.118336 0.023174 0.061225
0 0 0.648427 0.219656 0.110271 0.003615 0.018030
0 0 0.891915 0.060882 0.016152 0.000166 0.030885
0 0 0.903193 0.058056 0.008642 0.000001 0.030108
0 0 0.976622 0.007070 0.007458 0.000131 0.008721
0 0 0.899197 0.039199 0.040964 0.006536 0.014104
0 0 0.956580 0.017140 0.017350 0.001456 0.007474
0 0 0.974708 0.014082 0.003490 0.000006 0.007714
0 0 0.982807 0.007382 0.003370 0.000403 0.006038
0 0 0.817787 0.034761 0.011232 0.000408 0.135813
0 0 0.981009 0.010261 0.004490 0.000481 0.003759
0 0 0.888501 0.018920 0.014268 0.000294 0.078017
0 0 0.741789 0.183053 0.047224 0.001011 0.026923
0 0 0.778311 0.128359 0.052039 0.014493 0.026798
0 0 0.923056 0.046142 0.023211 0.003171 0.004421
0 0 0.988110 0.004074 0.001362 0.000009 0.006446
0 0 0.986644 0.009488 0.002998 0.000022 0.000848
0 0 0.918623 0.030602 0.016937 0.000168 0.033670
0 0 0.929772 0.006849 0.018204 0.001003 0.044171
0 0 0.998009 0.000943 0.000345 0.000001 0.000701
0 0 0.981270 0.010569 0.002420 0.000002 0.005740
0 0 0.999350 0.000348 0.000172 0.000003 0.000126
0 0 0.982770 0.005407 0.002071 0.000052 0.009700
0 0 0.815742 0.027712 0.058186 0.003904 0.094456
0 0 0.992974 0.002012 0.000801 0.000012 0.004200
0 0 0.713463 0.154913 0.100450 0.013568 0.017606
0 0 0.997502 0.001056 0.000663 0.000007 0.000772
0 0 0.992756 0.002759 0.001357 0.000061 0.003065
0 0 0.991152 0.005944 0.002522 0.000121 0.000261
0 0 0.827364 0.095033 0.061925 0.002321 0.013356
0 0 0.953435 0.030774 0.011288 0.000103 0.004399
0 0 0.998698 0.000478 0.000273 0.000021 0.000531
0 0 0.998203 0.000795 0.000864 0.000018 0.000120
0 0 0.997798 0.001027 0.000734 0.000051 0.000390
0 0 0.995153 0.003037 0.001472 0.000118 0.000221
0 0 0.980164 0.005946 0.008546 0.004351 0.000993
0 0 0.733379 0.113241 0.092364 0.009145 0.051870
0 0 0.999286 0.000271 0.000119 0.000001 0.000323
0 0 0.963639 0.006738 0.002398 0.000044 0.027181
0 0 0.947601 0.033487 0.012426 0.000013 0.006472
0 0 0.973499 0.009183 0.008844 0.000205 0.008269
0 0 0.998738 0.000365 0.000503 0.000042 0.000351
0 0 0.994753 0.002143 0.002303 0.000034 0.000767
0 0 0.999073 0.000402 0.000218 0.000009 0.000298
0 0 0.990294 0.006419 0.001967 0.000009 0.001312
0 0 0.999524 0.000292 0.000101 0.000000 0.000083
0 0 0.929578 0.032081 0.010117 0.000236 0.027988
0 0 0.997973 0.001115 0.000796 0.000008 0.000109
0 0 0.752148 0.047736 0.103591 0.001006 0.095520
0 0 0.992694 0.002722 0.002583 0.000256 0.001745
0 0 0.995102 0.003124 0.001626 0.000006 0.000142
0 0 0.998664 0.000624 0.000243 0.000001 0.000468
0 0 0.996199 0.002583 0.000975 0.000006 0.000238
0 0 0.978619 0.012389 0.004502 0.000037 0.004454
0 0 0.389663 0.193825 0.118016 0.001595 0.296900
0 0 0.998289 0.000754 0.000392 0.000020 0.000545
0 0 0.986005 0.009300 0.003223 0.000050 0.001422
0 0 0.946539 0.016783 0.017754 0.000204 0.018719
0 0 0.992583 0.002788 0.001067 0.000015 0.003547
0 0 0.990865 0.005314 0.001897 0.000025 0.001900
0 0 0.966153 0.025474 0.007078 0.000042 0.001253
0 0 0.998480 0.000760 0.000247 0.000000 0.000513
0 0 0.957286 0.026908 0.011703 0.001587 0.002516
2 0 0.005781 0.019207 0.974888 0.000022 0.000102
0 0 0.999290 0.000360 0.000097 0.000000 0.000253
0 0 0.521019 0.333858 0.126426 0.000901 0.017797
0 0 0.971925 0.021322 0.006106 0.000038 0.000609
1 0 0.174307 0.406263 0.405479 0.001709 0.012243
0 0 0.999232 0.000533 0.000222 0.000001 0.000012
0 0 0.984369 0.007923 0.004350 0.002076 0.001282
0 0 0.941578 0.046497 0.010971 0.000020 0.000934
0 0 0.990424 0.003521 0.001392 0.000031 0.004632
0 0 0.955731 0.022480 0.009166 0.000968 0.011654
0 0 0.999062 0.000362 0.000162 0.000002 0.000412
0 0 0.808972 0.015908 0.004302 0.000023 0.170795
0 0 0.982997 0.005133 0.001736 0.000016 0.010117
0 0 0.998446 0.000580 0.000140 0.000000 0.000834
0 0 0.977051 0.013267 0.005490 0.000002 0.004190
0 0 0.999297 0.000434 0.000177 0.000001 0.000091
0 0 0.972622 0.019444 0.007162 0.000050 0.000722
0 0 0.997070 0.001572 0.000525 0.000002 0.000831
0 0 0.997768 0.001162 0.000619 0.000037 0.000414
0 0 0.990638 0.001963 0.000453 0.000000 0.006946
0 0 0.981345 0.003526 0.000762 0.000000 0.014367
0 0 0.951805 0.036884 0.008354 0.000014 0.002942
0 0 0.876742 0.079280 0.029229 0.004386 0.010363
0 0 0.935381 0.051297 0.009863 0.000006 0.003453
0 0 0.980847 0.004792 0.001036 0.000000 0.013326
0 0 0.999453 0.000207 0.000090 0.000000 0.000250
0 0 0.993334 0.001746 0.000493 0.000000 0.004427
0 0 0.998057 0.000278 0.000068 0.000000 0.001597
0 0 0.983133 0.006634 0.002170 0.000019 0.008044
0 0 0.999026 0.000527 0.000164 0.000000 0.000284
0 0 0.988528 0.007686 0.001845 0.000001 0.001940
0 0 0.998266 0.000542 0.000131 0.000000 0.001061
0 0 0.985156 0.008234 0.001748 0.000001 0.004862
0 0 0.908598 0.029288 0.005537 0.000002 0.056575
0 0 0.987354 0.005028 0.001711 0.000016 0.005891
0 0 0.973121 0.004519 0.001270 0.000003 0.021087
0 0 0.997664 0.001590 0.000501 0.000001 0.000245
0 0 0.952685 0.034321 0.007369 0.000008 0.005616
0 0 0.991576 0.005957 0.001518 0.000002 0.000947
0 0 0.986558 0.010680 0.001532 0.000000 0.001231
0 0 0.972902 0.023332 0.003485 0.000000 0.000281
1 0 0.363156 0.544663 0.071941 0.000011 0.020230
0 1 0.618420 0.327616 0.033845 0.000001 0.020117
0 1 0.752561 0.192301 0.026547 0.000005 0.028587
0 1 0.560756 0.256834 0.141648 0.000200 0.040562
0 1 0.457179 0.306974 0.137156 0.001206 0.097485
1 2 0.324190 0.366818 0.270912 0.002365 0.035714
1 2 0.053176 0.491364 0.336639 0.000205 0.118616
1 2 0.012520 0.512375 0.464918 0.000188 0.009999
2 2 0.001947 0.085616 0.892613 0.003176 0.016648
1 2 0.280357 0.374168 0.264765 0.005539 0.075171
2 2 0.000352 0.060076 0.927532 0.007870 0.004169
2 2 0.000289 0.010414 0.987314 0.000900 0.001084
2 2 0.012267 0.072536 0.899402 0.014094 0.001700
2 2 0.000034 0.003927 0.981416 0.014597 0.000026
2 2 0.027580 0.103987 0.830630 0.002422 0.035382
2 2 0.000062 0.032642 0.959625 0.006215 0.001456
2 2 0.000174 0.000857 0.943519 0.055437 0.000013
2 2 0.000025 0.006392 0.992878 0.000297 0.000408
2 2 0.000006 0.001069 0.998114 0.000736 0.000075
2 2 0.000405 0.004056 0.991886 0.002614 0.001040
2 2 0.000217 0.010992 0.985091 0.003501 0.000199
2 2 0.000000 0.000248 0.997891 0.001850 0.000011
2 2 0.000648 0.002181 0.974299 0.022699 0.000173
2 2 0.001134 0.009360 0.963304 0.015774 0.010428
2 2 0.000000 0.000032 0.890610 0.109358 0.000000
2 2 0.000344 0.010104 0.972537 0.015942 0.001074
2 2 0.000002 0.000186 0.915035 0.084724 0.000053
2 2 0.002332 0.015333 0.635143 0.322712 0.024480
3 2 0.000051 0.001065 0.276761 0.722019 0.000105
2 3 0.000007 0.000870 0.840193 0.157323 0.001608
2 3 0.000000 0.000021 0.945594 0.054385 0.000000
2 3 0.000000 0.000035 0.965447 0.034518 0.000000
2 3 0.000052 0.004945 0.834863 0.159850 0.000290
2 3 0.000066 0.003011 0.941557 0.055121 0.000245
3 3 0.000002 0.000044 0.043293 0.956656 0.000004
2 3 0.000076 0.003946 0.885009 0.110937 0.000031
3 3 0.000010 0.000389 0.187489 0.812019 0.000093
3 3 0.000009 0.000648 0.198209 0.800887 0.000246
3 3 0.000008 0.000217 0.496252 0.503521 0.000002
2 3 0.000000 0.000034 0.804990 0.194973 0.000004
3 3 0.000025 0.000208 0.063513 0.936222 0.000032
3 3 0.000533 0.001306 0.111187 0.886823 0.000151
3 3 0.000002 0.000139 0.082456 0.917392 0.000011
3 3 0.000060 0.000183 0.053450 0.946286 0.000020
3 3 0.000000 0.000013 0.047067 0.952917 0.000003
3 3 0.000009 0.000020 0.009001 0.990961 0.000009
3 3 0.000000 0.000041 0.319593 0.680365 0.000001
2 3 0.000000 0.000058 0.515510 0.484431 0.000001
3 3 0.000001 0.000056 0.045386 0.954550 0.000007
3 3 0.000046 0.003950 0.177536 0.817165 0.001303
3 3 0.000000 0.000026 0.014323 0.985644 0.000005
3 3 0.005080 0.015975 0.156196 0.811205 0.011545
3 3 0.000001 0.000704 0.168268 0.830920 0.000107
3 3 0.000000 0.000007 0.004695 0.995297 0.000001
3 3 0.000000 0.000006 0.016664 0.983330 0.000000
3 3 0.000006 0.000025 0.014526 0.985421 0.000022
3 3 0.000074 0.000890 0.021994 0.976794 0.000248
2 3 0.000000 0.000030 0.990377 0.009591 0.000002
3 3 0.000055 0.002531 0.256902 0.740074 0.000438
3 3 0.000000 0.000003 0.001079 0.998918 0.000000
3 3 0.000000 0.000000 0.000621 0.999379 0.000000
3 3 0.000000 0.000002 0.031509 0.968489 0.000000
3 3 0.000009 0.000702 0.392755 0.606484 0.000050
2 3 0.000000 0.000056 0.532743 0.467186 0.000015
2 3 0.000006 0.001283 0.876455 0.122043 0.000213
3 3 0.000015 0.000120 0.041528 0.958325 0.000013
3 3 0.000000 0.000098 0.270619 0.729273 0.000009
3 3 0.000001 0.000079 0.119219 0.880696 0.000004
3 3 0.000000 0.000005 0.115750 0.884245 0.000000
3 3 0.000070 0.000109 0.026917 0.972859 0.000045
3 3 0.000036 0.000304 0.046759 0.952516 0.000385
3 3 0.000000 0.000037 0.389402 0.610560 0.000001
3 3 0.000000 0.000001 0.013650 0.986349 0.000000
3 3 0.000029 0.000810 0.190356 0.808572 0.000233
3 3 0.000002 0.000050 0.007197 0.992734 0.000016
2 3 0.000000 0.001924 0.901428 0.096479 0.000169
3 3 0.000007 0.000021 0.008483 0.991477 0.000012
3 3 0.000000 0.000006 0.220383 0.779610 0.000000
3 3 0.000000 0.000007 0.114085 0.885906 0.000002
3 3 0.000000 0.000008 0.114086 0.885906 0.000000
3 3 0.000000 0.000029 0.027140 0.972829 0.000002
3 3 0.000001 0.000080 0.165558 0.834357 0.000005
3 3 0.000000 0.000115 0.082385 0.917489 0.000011
3 3 0.000000 0.000009 0.014821 0.985170 0.000000
3 3 0.000042 0.000302 0.120567 0.878844 0.000245
3 3 0.000000 0.000016 0.085144 0.914838 0.000001
3 3 0.010415 0.004321 0.293946 0.691176 0.000142
3 3 0.000003 0.000152 0.075605 0.924235 0.000005
2 3 0.000000 0.000128 0.796251 0.203620 0.000001
2 3 0.000308 0.002416 0.781038 0.216158 0.000080
2 2 0.000051 0.001458 0.964706 0.033773 0.000012
2 2 0.000000 0.000028 0.887661 0.112311 0.000000
2 2 0.000000 0.000003 0.940460 0.059536 0.000000
2 2 0.001141 0.012189 0.984873 0.001393 0.000405
2 2 0.050015 0.094945 0.846843 0.007104 0.001094
2 2 0.000218 0.006954 0.958526 0.034265 0.000036
2 2 0.000001 0.000178 0.591379 0.408440 0.000001
2 2 0.012102 0.029237 0.852893 0.105208 0.000560
0 0 0.742411 0.196483 0.050089 0.000426 0.010591
1 0 0.364966 0.425849 0.073531 0.000026 0.135629
0 2 0.607274 0.154054 0.026500 0.000029 0.212143
2 2 0.352596 0.197636 0.395442 0.000009 0.054317
1 2 0.059676 0.761184 0.169244 0.000002 0.009895
0 2 0.684789 0.225902 0.066973 0.000021 0.022315
0 2 0.925877 0.016989 0.052132 0.000079 0.004922
2 2 0.019896 0.400216 0.551978 0.000247 0.027663
2 2 0.003664 0.185609 0.796403 0.001376 0.012949
0 0 0.894847 0.074845 0.012842 0.000000 0.017467
0 0 0.933294 0.044822 0.021328 0.000001 0.000554
0 0 0.968591 0.017076 0.004262 0.000009 0.010061
0 0 0.934747 0.043987 0.006847 0.000001 0.014419
0 0 0.768234 0.195125 0.024828 0.000002 0.011811
1 2 0.078304 0.651520 0.249874 0.000166 0.020136
0 2 0.422300 0.205332 0.360631 0.002691 0.009047
0 2 0.804667 0.167544 0.024133 0.000005 0.003652
0 2 0.740787 0.222659 0.032180 0.000008 0.004366
2 2 0.091115 0.179828 0.726314 0.001180 0.001564
2 2 0.001616 0.121060 0.872258 0.003231 0.001836
2 2 0.004282 0.052925 0.938584 0.003680 0.000529
2 2 0.000000 0.000109 0.999556 0.000335 0.000000
2 2 0.000212 0.083599 0.913746 0.000593 0.001850
2 2 0.000022 0.010813 0.987913 0.001224 0.000028
2 2 0.000013 0.001314 0.821565 0.177093 0.000015
2 2 0.000001 0.000922 0.995485 0.003559 0.000034
2 2 0.000493 0.004134 0.994255 0.001110 0.000007
2 2 0.000012 0.005108 0.994629 0.000239 0.000012
2 2 0.031645 0.031162 0.925664 0.010650 0.000880
2 2 0.018320 0.137142 0.832996 0.004013 0.007528
2 2 0.000064 0.018960 0.970737 0.006855 0.003384
2 2 0.002361 0.055533 0.896217 0.015051 0.030838
2 2 0.000001 0.000552 0.998473 0.000969 0.000005
2 2 0.012009 0.052930 0.930624 0.001408 0.003029
0 0 0.994853 0.003504 0.001179 0.000007 0.000457
0 0 0.980939 0.007252 0.002077 0.000001 0.009732
0 0 0.987247 0.005785 0.001375 0.000001 0.005592
0 0 0.990062 0.005802 0.003910 0.000020 0.000206
0 0 0.958761 0.032919 0.005727 0.000001 0.002592
1 1 0.269321 0.430398 0.231419 0.000065 0.068797
0 2 0.599239 0.232059 0.022460 0.000000 0.146241
4 2 0.321579 0.289055 0.047397 0.000004 0.341966
2 2 0.225755 0.378987 0.384815 0.000007 0.010437
2 2 0.061428 0.281531 0.613293 0.000588 0.043161
2 2 0.005088 0.181142 0.760276 0.000636 0.052857
2 2 0.017192 0.221900 0.752882 0.001722 0.006305
2 2 0.000136 0.025259 0.971171 0.003185 0.000249
2 2 0.000980 0.010813 0.987890 0.000072 0.000244
2 2 0.001274 0.015140 0.983000 0.000226 0.000360
2 2 0.000792 0.009591 0.979541 0.010017 0.000059
2 2 0.000000 0.002865 0.996900 0.000099 0.000137
0 2 0.469876 0.095271 0.431165 0.000206 0.003482
0 1 0.970398 0.025319 0.003871 0.000000 0.000411
2 1 0.018293 0.430263 0.546179 0.000184 0.005082
2 2 0.002255 0.146794 0.848860 0.000303 0.001788
2 2 0.000050 0.010445 0.988587 0.000854 0.000064
2 2 0.000042 0.003746 0.995447 0.000763 0.000003
2 2 0.000005 0.000552 0.980097 0.019345 0.000001
2 2 0.002837 0.006469 0.977522 0.013083 0.000089
2 2 0.000034 0.000559 0.995101 0.004305 0.000001
2 2 0.000094 0.014309 0.985448 0.000033 0.000116
2 2 0.005003 0.075378 0.917235 0.000700 0.001683
2 2 0.000000 0.000229 0.999627 0.000145 0.000000
2 2 0.000006 0.000297 0.997801 0.001895 0.000001
2 2 0.000000 0.000009 0.998449 0.001542 0.000000
2 2 0.000003 0.000222 0.913472 0.086301 0.000001
2 2 0.000000 0.000019 0.999965 0.000016 0.000000
2 2 0.000000 0.000002 0.996814 0.003184 0.000000
2 2 0.001642 0.000694 0.837736 0.159924 0.000004
0 1 0.715516 0.232767 0.043690 0.000092 0.007935
1 1 0.045286 0.691505 0.243640 0.000082 0.019487
2 2 0.000319 0.006522 0.986126 0.007010 0.000023
2 2 0.013876 0.035621 0.931752 0.001045 0.017706
2 2 0.000001 0.000048 0.983904 0.016047 0.000000
2 2 0.000015 0.002215 0.996210 0.001529 0.000031
2 2 0.000369 0.015808 0.983339 0.000140 0.000345
2 2 0.001130 0.011920 0.981355 0.004922 0.000673
2 2 0.001116 0.001827 0.993869 0.003095 0.000094
2 2 0.000000 0.000007 0.999939 0.000053 0.000000
2 2 0.000000 0.000000 0.998024 0.001976 0.000000
2 2 0.000036 0.000507 0.963604 0.035848 0.000005
2 2 0.000036 0.000400 0.943761 0.055792 0.000012
2 2 0.000669 0.009735 0.988396 0.000804 0.000395
1 2 0.264498 0.671914 0.057683 0.000001 0.005904
2 2 0.002002 0.176120 0.811707 0.004425 0.005746
2 2 0.018849 0.207982 0.758589 0.006890 0.007691
2 1 0.236039 0.332072 0.414469 0.000376 0.017043
2 2 0.053016 0.251656 0.683305 0.005253 0.006771
2 2 0.000098 0.006773 0.992823 0.000279 0.000027
2 2 0.000026 0.004842 0.993355 0.001649 0.000129
2 2 0.003107 0.033621 0.941906 0.017278 0.004088
0 2 0.992551 0.002975 0.004253 0.000039 0.000182
0 0 0.995001 0.003378 0.001229 0.000012 0.000380
0 0 0.780665 0.024929 0.006190 0.000024 0.188192
0 0 0.985146 0.004702 0.001267 0.000002 0.008883
0 0 0.862635 0.057400 0.020027 0.000001 0.059937
0 0 0.882939 0.065719 0.016346 0.000005 0.034991
0 0 0.991655 0.001673 0.000594 0.000003 0.006075
0 0 0.871368 0.058556 0.009764 0.000003 0.060309
1 1 0.044285 0.567676 0.357974 0.000054 0.030011
2 2 0.001265 0.128381 0.812709 0.000122 0.057523
2 2 0.000732 0.087763 0.907358 0.001671 0.002476
2 2 0.040140 0.383867 0.516984 0.000250 0.058759
2 2 0.000657 0.012998 0.974706 0.007703 0.003936
2 2 0.004306 0.038480 0.942118 0.009596 0.005501
2 2 0.002250 0.070403 0.921938 0.000321 0.005089
2 2 0.059751 0.077102 0.861325 0.000507 0.001314
2 2 0.000225 0.011284 0.986936 0.001109 0.000446
2 2 0.000001 0.000301 0.995170 0.004427 0.000101
2 2 0.000190 0.026082 0.960253 0.001996 0.011479
2 2 0.000001 0.001223 0.998266 0.000474 0.000036
2 2 0.000052 0.000753 0.939577 0.059543 0.000074
2 2 0.000000 0.000005 0.984398 0.015597 0.000000
2 2 0.000013 0.000578 0.985074 0.014329 0.000005
2 2 0.000077 0.052900 0.944438 0.000341 0.002244
2 2 0.025854 0.088678 0.841264 0.004157 0.040048
2 2 0.000023 0.018194 0.973066 0.001083 0.007634
2 2 0.000000 0.000060 0.997587 0.002352 0.000001
2 2 0.000011 0.019654 0.980000 0.000267 0.000068
2 2 0.000000 0.000100 0.999188 0.000712 0.000000
2 2 0.000009 0.000188 0.998457 0.001346 0.000001
2 2 0.000000 0.000046 0.999599 0.000355 0.000000
2 2 0.000001 0.000551 0.998384 0.001059 0.000005
2 2 0.000014 0.000391 0.978108 0.021484 0.000003
0 2 0.388216 0.213659 0.349456 0.000923 0.047746
2 2 0.000258 0.090274 0.880048 0.000231 0.029188
2 2 0.000006 0.010157 0.981623 0.000514 0.007700
2 2 0.000000 0.000003 0.999352 0.000646 0.000000
2 2 0.000008 0.006628 0.984620 0.008630 0.000114
2 2 0.000000 0.000005 0.999583 0.000412 0.000000
2 2 0.000000 0.000007 0.999365 0.000628 0.000000
2 2 0.000001 0.000361 0.999385 0.000252 0.000002
2 2 0.000000 0.000995 0.998812 0.000120 0.000073
2 2 0.000000 0.000000 0.995295 0.004705 0.000000
2 2 0.000000 0.000005 0.997954 0.002041 0.000000
2 2 0.000000 0.000419 0.996314 0.003246 0.000020
2 2 0.000002 0.002224 0.996803 0.000361 0.000610
2 2 0.000000 0.000326 0.998146 0.001501 0.000027
2 2 0.000022 0.002593 0.975315 0.021595 0.000475
2 2 0.000000 0.000049 0.996529 0.003421 0.000000
2 2 0.000002 0.003248 0.996302 0.000289 0.000160
2 2 0.000029 0.027142 0.951321 0.000149 0.021359
2 2 0.000026 0.020948 0.956445 0.000817 0.021764
2 2 0.000035 0.029114 0.911155 0.001709 0.057987
2 4 0.000906 0.099880 0.530077 0.001392 0.367745
2 4 0.005240 0.203968 0.474805 0.021974 0.294013
2 4 0.001231 0.165588 0.724815 0.000032 0.108333
2 4 0.003767 0.113662 0.547841 0.018450 0.316280
2 4 0.000114 0.035631 0.937394 0.008986 0.017876
2 4 0.001832 0.175135 0.608698 0.000687 0.213648
2 4 0.000373 0.090132 0.765005 0.000475 0.144015
4 4 0.011999 0.229398 0.266991 0.000189 0.491423
4 4 0.064286 0.247886 0.113562 0.000017 0.574249
4 4 0.005418 0.221607 0.382535 0.000229 0.390211
2 4 0.000613 0.067366 0.559341 0.007643 0.365036
2 4 0.011600 0.353880 0.461555 0.005739 0.167227
4 4 0.022850 0.118460 0.103646 0.003691 0.751352
2 4 0.008451 0.178318 0.597712 0.106859 0.108659
4 4 0.089898 0.149332 0.063114 0.008973 0.688682
4 4 0.073470 0.302866 0.222006 0.002037 0.399621
2 4 0.016287 0.133821 0.729356 0.000442 0.120093
2 4 0.006874 0.245223 0.524507 0.000024 0.223373
2 4 0.001506 0.143251 0.571606 0.000246 0.283390
2 4 0.002935 0.251279 0.596775 0.000407 0.148604
4 4 0.045587 0.364068 0.174218 0.000021 0.416106
4 4 0.011818 0.109173 0.187449 0.000440 0.691121
4 4 0.018489 0.276665 0.341692 0.004352 0.358802
0 4 0.316006 0.299072 0.071421 0.000195 0.313307
4 4 0.065702 0.136874 0.055665 0.002029 0.739731
4 4 0.148176 0.209853 0.082675 0.000547 0.558749
1 4 0.314425 0.332753 0.249934 0.000097 0.102791
4 4 0.002873 0.132465 0.329036 0.000725 0.534901
4 4 0.038744 0.385198 0.178266 0.000253 0.397540
4 4 0.028572 0.154709 0.100961 0.004397 0.711361
1 4 0.189116 0.397831 0.077485 0.000079 0.335490
4 4 0.061666 0.370788 0.100208 0.000026 0.467312
1 4 0.028510 0.418778 0.229304 0.000060 0.323348
4 4 0.012876 0.219784 0.218363 0.002122 0.546856
4 2 0.005954 0.203228 0.312990 0.000133 0.477695
4 2 0.001213 0.050389 0.169596 0.002386 0.776416
1 2 0.164849 0.471764 0.061564 0.000006 0.301818
1 2 0.047811 0.496814 0.228414 0.000306 0.226655
1 2 0.018684 0.397207 0.296020 0.000055 0.288034
4 4 0.001047 0.067499 0.237276 0.000193 0.693986
2 4 0.008859 0.243274 0.580737 0.000986 0.166144
2 4 0.001029 0.159895 0.718263 0.001010 0.119804
1 4 0.029050 0.490965 0.274063 0.000093 0.205830
4 4 0.049036 0.338944 0.163402 0.012884 0.435734
2 4 0.012805 0.278680 0.389300 0.022606 0.296609
4 4 0.067461 0.154480 0.124272 0.002853 0.650934
2 4 0.010383 0.326878 0.461022 0.003238 0.198479
2 2 0.002492 0.261022 0.682564 0.000509 0.053414
2 2 0.000630 0.122576 0.670487 0.000038 0.206269
2 2 0.000402 0.085861 0.797817 0.019407 0.096514
2 2 0.002279 0.161423 0.646400 0.054839 0.135058
2 2 0.002634 0.201960 0.670121 0.038934 0.086351
2 2 0.006845 0.181554 0.703283 0.003042 0.105275
2 2 0.001159 0.017754 0.979114 0.000727 0.001245
4 2 0.006425 0.208872 0.300178 0.000551 0.483974
2 2 0.000022 0.011903 0.987095 0.000026 0.000954
2 2 0.000033 0.033613 0.948072 0.000940 0.017342
2 2 0.000000 0.001163 0.998108 0.000664 0.000064
2 2 0.000093 0.020582 0.970291 0.000082 0.008952
2 2 0.003042 0.110791 0.778312 0.101577 0.006278
2 2 0.000117 0.058636 0.917212 0.021171 0.002864
2 2 0.002658 0.066387 0.891468 0.011165 0.028322
2 2 0.000177 0.042934 0.879659 0.009211 0.068018
2 2 0.000567 0.027620 0.820182 0.137028 0.014603
2 2 0.000299 0.017893 0.782652 0.197390 0.001767
2 2 0.001642 0.051859 0.872734 0.067353 0.006412
2 2 0.000004 0.003523 0.983382 0.007760 0.005330
2 2 0.000599 0.067849 0.884651 0.019091 0.027811
2 2 0.002240 0.022615 0.972478 0.002374 0.000293
2 2 0.000591 0.043781 0.905474 0.047189 0.002966
2 2 0.000001 0.006772 0.992710 0.000179 0.000337
2 2 0.000000 0.001082 0.992432 0.006470 0.000016
2 2 0.000002 0.000367 0.995799 0.003746 0.000085
2 2 0.000002 0.000653 0.703372 0.295939 0.000035
2 2 0.000301 0.025221 0.960459 0.001779 0.012241
2 2 0.000045 0.016249 0.958882 0.023518 0.001306
2 2 0.000060 0.019895 0.967711 0.011770 0.000564
2 2 0.000011 0.000316 0.756777 0.242884 0.000011
2 2 0.000008 0.000387 0.938914 0.060689 0.000002
2 2 0.001680 0.067650 0.889323 0.036408 0.004940
2 2 0.005538 0.008691 0.783029 0.202396 0.000346
2 2 0.000023 0.001480 0.661778 0.336684 0.000035
2 2 0.001285 0.005076 0.638224 0.355309 0.000106
3 3 0.002350 0.027515 0.478995 0.487766 0.003375
2 3 0.000008 0.000510 0.770818 0.228647 0.000018
2 3 0.004075 0.015589 0.713082 0.266237 0.001017
2 3 0.040543 0.035075 0.776148 0.147490 0.000744
3 3 0.000135 0.004563 0.390656 0.604264 0.000383
2 3 0.000652 0.015555 0.605976 0.359486 0.018331
3 3 0.000000 0.000052 0.223536 0.776411 0.000000
3 3 0.000189 0.000728 0.079215 0.919780 0.000088
3 3 0.000000 0.000007 0.018441 0.981552 0.000000
3 3 0.031189 0.026970 0.172878 0.764048 0.004915
3 3 0.021527 0.009948 0.091159 0.875973 0.001393
3 3 0.000524 0.002415 0.167091 0.829852 0.000119
3 3 0.025187 0.012840 0.110647 0.848311 0.003015
3 3 0.000234 0.008022 0.182949 0.807904 0.000891
0 3 0.413267 0.213508 0.317913 0.040944 0.014368
3 3 0.000001 0.000490 0.241789 0.757702 0.000017
3 3 0.000011 0.000113 0.074195 0.925656 0.000025
3 3 0.000021 0.000078 0.026548 0.973342 0.000011
3 3 0.000160 0.000239 0.140418 0.859177 0.000006
3 3 0.001200 0.000804 0.024355 0.973544 0.000097
3 3 0.000964 0.003259 0.044534 0.950661 0.000582
2 3 0.058673 0.094276 0.816841 0.028656 0.001554
3 3 0.000001 0.000072 0.187091 0.812832 0.000004
2 3 0.000105 0.010192 0.813234 0.176264 0.000206
2 3 0.000017 0.000794 0.971542 0.027546 0.000100
2 3 0.000000 0.000500 0.567108 0.432386 0.000006
2 3 0.000008 0.001268 0.890630 0.107986 0.000108
2 3 0.004855 0.039085 0.886913 0.057511 0.011636
3 3 0.000030 0.006471 0.395031 0.597569 0.000899
3 3 0.000186 0.002744 0.186763 0.808016 0.002291
3 3 0.000033 0.000703 0.120471 0.878726 0.000066
2 3 0.000064 0.003348 0.585232 0.409176 0.002179
3 3 0.000001 0.000687 0.496792 0.502476 0.000043
3 3 0.000000 0.000104 0.098331 0.901557 0.000008
2 3 0.000331 0.019055 0.831493 0.145180 0.003942
3 3 0.000416 0.017152 0.217788 0.743642 0.021003
3 3 0.000142 0.000339 0.023200 0.976280 0.000040
3 3 0.000005 0.000408 0.150060 0.849504 0.000024
3 3 0.000001 0.000950 0.308999 0.689977 0.000073
3 3 0.000001 0.000048 0.033363 0.966585 0.000003
3 3 0.000000 0.000001 0.015622 0.984376 0.000000
3 3 0.000069 0.000251 0.015149 0.984487 0.000044
3 3 0.000002 0.000158 0.053888 0.945904 0.000048
2 3 0.000096 0.007763 0.832231 0.159679 0.000232
3 3 0.000049 0.000352 0.034595 0.964867 0.000137
3 3 0.000000 0.000003 0.014034 0.985963 0.000000
2 3 0.000004 0.000300 0.576773 0.422907 0.000015
3 3 0.000003 0.000288 0.228232 0.771473 0.000005
3 3 0.000001 0.000014 0.009288 0.990691 0.000006
2 3 0.000000 0.000009 0.947725 0.052266 0.000000
3 3 0.000194 0.001827 0.138474 0.859381 0.000123
3 3 0.000000 0.000298 0.385036 0.614646 0.000020
3 3 0.000130 0.000890 0.173132 0.825729 0.000119
3 3 0.000003 0.000146 0.024462 0.975374 0.000016
3 3 0.000146 0.002179 0.367765 0.628951 0.000959
3 3 0.000357 0.008688 0.416228 0.573674 0.001053
3 3 0.000003 0.000030 0.040535 0.959427 0.000006
3 3 0.000002 0.000441 0.112467 0.887066 0.000025
3 3 0.000412 0.002080 0.097994 0.899301 0.000214
3 3 0.000000 0.000004 0.009587 0.990408 0.000000
3 3 0.000003 0.000002 0.002112 0.997883 0.000000
3 3 0.000000 0.000010 0.058015 0.941974 0.000000
3 3 0.000361 0.001604 0.220675 0.776598 0.000762
3 3 0.000032 0.002320 0.253607 0.743804 0.000236
3 3 0.000000 0.000001 0.112517 0.887482 0.000000
3 3 0.000195 0.002214 0.089065 0.908233 0.000293
3 3 0.000003 0.000048 0.007449 0.992494 0.000006
2 2 0.000489 0.004200 0.904935 0.090346 0.000030
3 2 0.000471 0.000779 0.011750 0.986778 0.000222
2 2 0.000011 0.001013 0.697613 0.301353 0.000010
2 2 0.000616 0.010678 0.919172 0.068328 0.001206
2 2 0.000005 0.001694 0.983599 0.014448 0.000255
2 2 0.000141 0.000569 0.755425 0.243861 0.000005
2 2 0.000169 0.054137 0.940655 0.004344 0.000695
2 2 0.003225 0.017175 0.977725 0.001193 0.000682
2 2 0.000000 0.000031 0.931215 0.068754 0.000000
2 2 0.000817 0.076683 0.825850 0.000518 0.096131
2 2 0.000063 0.014256 0.981966 0.003067 0.000648
2 2 0.006091 0.028318 0.939044 0.008299 0.018249
2 2 0.000000 0.000995 0.989712 0.009272 0.000021
2 2 0.000000 0.000040 0.929515 0.070444 0.000001
2 2 0.000001 0.000518 0.958034 0.041445 0.000002
2 2 0.000236 0.082211 0.899982 0.001615 0.015956
2 2 0.000000 0.000017 0.819658 0.180323 0.000002
2 2 0.000000 0.000088 0.997228 0.002681 0.000002
2 2 0.000000 0.000002 0.979922 0.020076 0.000000
2 2 0.000416 0.006040 0.896983 0.096515 0.000046
2 2 0.008140 0.066661 0.916395 0.006890 0.001914
2 2 0.000184 0.009248 0.985413 0.005110 0.000045
2 2 0.000000 0.000014 0.992317 0.007668 0.000000
2 2 0.000002 0.000924 0.991962 0.007103 0.000009
2 2 0.000001 0.000129 0.651305 0.348562 0.000003
2 2 0.000246 0.002534 0.996481 0.000730 0.000010
2 2 0.001148 0.025346 0.951957 0.011631 0.009918
2 2 0.000000 0.000094 0.997514 0.002390 0.000001
2 2 0.000066 0.005334 0.991264 0.001484 0.001852
2 2 0.000000 0.000039 0.997821 0.002138 0.000001
2 2 0.000003 0.005547 0.984025 0.005359 0.005066
2 2 0.000000 0.000079 0.924697 0.075224 0.000001
2 2 0.000000 0.000009 0.978554 0.021437 0.000000
2 2 0.000000 0.000132 0.902504 0.097364 0.000000
2 2 0.000000 0.000038 0.962172 0.037790 0.000000
2 2 0.000014 0.020742 0.976225 0.000128 0.002892
2 2 0.000000 0.000010 0.637891 0.362099 0.000000
2 2 0.000000 0.000049 0.937610 0.062340 0.000001
2 2 0.000022 0.012205 0.955350 0.010773 0.021650
2 2 0.000000 0.000025 0.992913 0.007062 0.000000
2 2 0.000000 0.000026 0.915311 0.084663 0.000000
2 2 0.000000 0.000089 0.978418 0.021491 0.000002
2 2 0.000000 0.000007 0.999088 0.000904 0.000000
2 2 0.000000 0.000206 0.998746 0.001042 0.000005
2 2 0.000000 0.000178 0.930654 0.069027 0.000141
2 2 0.000003 0.010906 0.981831 0.005750 0.001510
2 2 0.000004 0.001978 0.967981 0.029750 0.000288
2 2 0.000277 0.002856 0.992922 0.003130 0.000814
2 2 0.000507 0.002993 0.806769 0.184395 0.005336
2 2 0.000001 0.000102 0.564827 0.434237 0.000833
2 2 0.000040 0.017870 0.972528 0.006479 0.003082
2 2 0.000000 0.000098 0.973280 0.026621 0.000001
2 2 0.000045 0.001039 0.825176 0.173726 0.000014
2 2 0.000001 0.000267 0.987879 0.011778 0.000075
2 2 0.000007 0.001011 0.979159 0.019750 0.000074
2 2 0.000015 0.001868 0.965543 0.030389 0.002184
2 2 0.000001 0.004551 0.982591 0.011239 0.001618
2 2 0.000000 0.001279 0.990799 0.007723 0.000199
2 2 0.000000 0.000006 0.947457 0.052538 0.000000
2 2 0.000000 0.000385 0.989530 0.009365 0.000720
2 2 0.008334 0.086823 0.725854 0.110758 0.068231
2 2 0.000000 0.000017 0.998248 0.001735 0.000001
2 2 0.000008 0.002490 0.827920 0.169184 0.000398
2 2 0.000000 0.000461 0.836572 0.162952 0.000014
2 2 0.000070 0.005958 0.960280 0.032475 0.001218
2 2 0.000006 0.002003 0.876839 0.120525 0.000627
2 2 0.000000 0.000005 0.930713 0.069282 0.000000
2 2 0.000000 0.000036 0.979302 0.020656 0.000006
2 2 0.000010 0.002121 0.907422 0.090035 0.000412
2 2 0.000000 0.000002 0.688777 0.311221 0.000000
2 2 0.000051 0.001760 0.829832 0.164277 0.004081
2 2 0.000001 0.000140 0.604683 0.395169 0.000007
2 2 0.000003 0.002228 0.997366 0.000402 0.000002
2 2 0.000001 0.000059 0.953131 0.046809 0.000000
2 2 0.000000 0.000050 0.986564 0.013386 0.000000
2 2 0.000000 0.000004 0.997722 0.002274 0.000000
2 2 0.000001 0.000293 0.993093 0.006612 0.000001
2 2 0.003747 0.020299 0.955891 0.009772 0.010291
2 2 0.000000 0.001952 0.997244 0.000183 0.000621
2 2 0.000010 0.017026 0.960794 0.015153 0.007017
2 2 0.001988 0.055490 0.728303 0.021274 0.192945
2 2 0.000014 0.019719 0.951663 0.021054 0.007551
2 2 0.000084 0.012632 0.970343 0.008966 0.007975
2 2 0.000268 0.053410 0.868851 0.004455 0.073016
4 4 0.012263 0.110074 0.098533 0.008110 0.771021
2 4 0.001497 0.102360 0.496049 0.031708 0.368386
2 4 0.000956 0.062824 0.838264 0.012375 0.085581
2 1 0.001291 0.068047 0.903045 0.001415 0.026202
2 1 0.000465 0.121185 0.855998 0.002367 0.019985
2 2 0.002103 0.168016 0.581064 0.004261 0.244557
2 4 0.000954 0.110056 0.678404 0.056845 0.153742
4 4 0.003043 0.076720 0.138736 0.001386 0.780116
2 4 0.004222 0.085589 0.843790 0.000997 0.065402
4 4 0.080137 0.159730 0.183751 0.007109 0.569273
2 2 0.000001 0.001980 0.980482 0.016694 0.000843
2 2 0.000008 0.017927 0.973845 0.003220 0.005000
2 2 0.000000 0.002948 0.993654 0.003327 0.000070
2 2 0.000060 0.041436 0.919712 0.002332 0.036460
2 2 0.000000 0.000411 0.998921 0.000628 0.000040
2 2 0.000000 0.000677 0.998760 0.000360 0.000203
2 2 0.000000 0.000042 0.999597 0.000361 0.000001
2 2 0.000000 0.000018 0.996826 0.003156 0.000000
2 2 0.000008 0.000625 0.998531 0.000826 0.000010
2 2 0.000000 0.000009 0.998354 0.001636 0.000001
2 2 0.000000 0.000035 0.999865 0.000099 0.000001
2 2 0.000000 0.000002 0.999680 0.000318 0.000000
2 2 0.000007 0.001081 0.995391 0.000940 0.002581
2 2 0.000013 0.003259 0.993987 0.001280 0.001462
2 1 0.022026 0.131824 0.829212 0.000128 0.016810
2 2 0.025069 0.376569 0.584491 0.002477 0.011395
2 2 0.235986 0.260181 0.428104 0.003854 0.071875
2 2 0.000028 0.036127 0.960088 0.000247 0.003510
2 2 0.000001 0.000530 0.999158 0.000277 0.000035
2 2 0.000004 0.015673 0.981704 0.001394 0.001225
2 2 0.000439 0.004744 0.990136 0.004628 0.000052
2 2 0.000014 0.000645 0.996570 0.002766 0.000005
2 2 0.000078 0.002373 0.990970 0.006250 0.000329
2 2 0.000029 0.015700 0.978575 0.000029 0.005667
2 2 0.000053 0.022332 0.963148 0.001853 0.012615
2 2 0.000113 0.001592 0.997345 0.000945 0.000005
2 2 0.000525 0.010914 0.942094 0.040397 0.006070
2 2 0.000001 0.000870 0.998832 0.000190 0.000107
2 2 0.000027 0.001270 0.959001 0.039675 0.000027
2 2 0.000000 0.000057 0.999911 0.000030 0.000001
2 2 0.000000 0.000225 0.997023 0.002745 0.000007
2 2 0.000552 0.008659 0.989460 0.000842 0.000488
2 2 0.000003 0.001661 0.980115 0.017649 0.000573
2 2 0.000000 0.000046 0.976203 0.023748 0.000002
2 2 0.000001 0.000671 0.992188 0.007077 0.000063
2 2 0.000000 0.000131 0.999387 0.000479 0.000003
2 2 0.000002 0.001396 0.998187 0.000232 0.000183
2 2 0.000117 0.003953 0.953436 0.042216 0.000279
2 2 0.000000 0.002431 0.996767 0.000586 0.000216
2 2 0.000000 0.000045 0.972649 0.027306 0.000000
2 2 0.000008 0.004377 0.957875 0.037670 0.000071
2 2 0.000006 0.002037 0.993100 0.004803 0.000055
2 2 0.000000 0.000027 0.999159 0.000813 0.000001
2 2 0.001578 0.009356 0.832201 0.156100 0.000765
2 2 0.000037 0.003598 0.882762 0.112795 0.000809
2 2 0.000000 0.000002 0.974047 0.025951 0.000000
2 2 0.000000 0.000010 0.976704 0.023286 0.000000
2 2 0.000384 0.033191 0.926379 0.036493 0.003553
2 2 0.000022 0.000318 0.639543 0.360106 0.000011
2 2 0.000437 0.010805 0.985107 0.001571 0.002080
2 2 0.000001 0.000828 0.971296 0.027799 0.000076
2 2 0.000016 0.001240 0.986519 0.011713 0.000512
2 2 0.000002 0.001814 0.989075 0.009039 0.000070
2 2 0.000001 0.000571 0.998315 0.001112 0.000002
2 2 0.000001 0.000183 0.998599 0.001209 0.000008
2 2 0.000000 0.000232 0.995520 0.004244 0.000004
2 2 0.000000 0.000205 0.938880 0.060907 0.000007
2 2 0.000005 0.000319 0.749416 0.250256 0.000003
2 2 0.004885 0.043346 0.906764 0.032375 0.012631
2 2 0.000000 0.000113 0.748263 0.251621 0.000003
2 2 0.000003 0.000474 0.934210 0.065311 0.000002
2 3 0.000007 0.000776 0.795740 0.203468 0.000008
2 3 0.000044 0.002092 0.923262 0.074502 0.000100
2 3 0.000001 0.000508 0.989993 0.009494 0.000004
2 3 0.000000 0.000029 0.725010 0.274958 0.000003
2 3 0.000729 0.011196 0.846609 0.134888 0.006578
2 3 0.000004 0.002983 0.987799 0.008901 0.000313
2 3 0.000000 0.000005 0.838314 0.161680 0.000000
2 3 0.000015 0.000519 0.558455 0.440676 0.000334
2 3 0.000015 0.013856 0.743503 0.235130 0.007497
2 3 0.000019 0.000318 0.715310 0.283499 0.000855
2 3 0.000006 0.001044 0.697384 0.301402 0.000164
3 3 0.000000 0.000017 0.450923 0.549058 0.000002
3 3 0.000001 0.002289 0.495552 0.502058 0.000100
2 3 0.000076 0.001093 0.831203 0.167610 0.000019
2 3 0.000061 0.001946 0.546025 0.451810 0.000158
2 3 0.000007 0.000643 0.608815 0.390144 0.000392
3 2 0.003334 0.008443 0.482106 0.505810 0.000307
2 2 0.000257 0.002140 0.979793 0.017807 0.000002
2 2 0.001031 0.159626 0.804672 0.022660 0.012010
2 2 0.005334 0.061799 0.861748 0.068296 0.002824
2 2 0.000042 0.005036 0.993876 0.000905 0.000141
2 2 0.000000 0.000054 0.986513 0.013432 0.000001
2 2 0.000000 0.000005 0.999065 0.000930 0.000000
2 2 0.000000 0.000076 0.999469 0.000456 0.000000
2 2 0.000000 0.000189 0.999781 0.000029 0.000001
2 2 0.000184 0.001800 0.990854 0.007087 0.000075
2 2 0.001406 0.063104 0.927648 0.000121 0.007721
2 2 0.000176 0.004937 0.989677 0.004953 0.000257
2 2 0.000000 0.000454 0.999199 0.000313 0.000034
2 2 0.000329 0.025590 0.959589 0.000978 0.013514
2 2 0.000000 0.000078 0.972582 0.027340 0.000000
2 2 0.000010 0.003005 0.988634 0.008059 0.000292
2 2 0.000010 0.001720 0.997818 0.000409 0.000044
2 1 0.095534 0.305867 0.587674 0.003207 0.007718
2 2 0.000088 0.038378 0.960437 0.000871 0.000226
2 2 0.000010 0.007637 0.988999 0.003274 0.000080
2 2 0.000286 0.033460 0.934275 0.030467 0.001512
2 2 0.000002 0.000507 0.983566 0.015900 0.000024
2 2 0.000017 0.000764 0.998747 0.000430 0.000042
2 2 0.000002 0.000487 0.988425 0.011067 0.000019
2 2 0.000072 0.006205 0.991937 0.001440 0.000345
2 2 0.000011 0.003280 0.995980 0.000107 0.000622
2 2 0.000001 0.001326 0.998349 0.000282 0.000042
2 2 0.000120 0.011092 0.955272 0.031626 0.001891
2 2 0.000000 0.000006 0.991598 0.008395 0.000000
0 0 0.507718 0.211007 0.277281 0.000772 0.003223
1 1 0.094652 0.642534 0.228637 0.000582 0.033596
2 2 0.037092 0.011229 0.817835 0.133725 0.000118
1 2 0.113663 0.522681 0.334667 0.002312 0.026676
2 2 0.003377 0.046421 0.932878 0.016890 0.000434
2 2 0.000020 0.013367 0.984255 0.002311 0.000047
2 2 0.000019 0.001228 0.980112 0.018636 0.000006
2 2 0.000000 0.000052 0.999905 0.000038 0.000004
1 2 0.093251 0.449856 0.447354 0.000546 0.008994
2 2 0.000218 0.012386 0.983573 0.000259 0.003564
2 2 0.005380 0.176309 0.816274 0.000160 0.001877
2 2 0.000000 0.000285 0.999074 0.000632 0.000010
2 2 0.000000 0.000243 0.999603 0.000149 0.000006
2 2 0.000000 0.000003 0.971261 0.028736 0.000000
2 2 0.000595 0.049127 0.922447 0.000126 0.027706
2 2 0.000000 0.000069 0.997446 0.002476 0.000009
2 2 0.000000 0.000228 0.999407 0.000196 0.000170
2 2 0.000000 0.000202 0.999283 0.000486 0.000029
2 2 0.000002 0.001273 0.998125 0.000420 0.000179
2 2 0.385667 0.185318 0.410245 0.000005 0.018764
2 2 0.238163 0.072538 0.678102 0.007529 0.003668
2 2 0.020698 0.144850 0.803456 0.005037 0.025958
0 2 0.416259 0.273338 0.303839 0.001043 0.005521
2 2 0.054955 0.173143 0.758850 0.007349 0.005704
2 2 0.000490 0.137617 0.838682 0.000290 0.022921
2 2 0.000001 0.001932 0.928217 0.069808 0.000042
2 1 0.020456 0.453544 0.501184 0.000349 0.024467
2 2 0.003954 0.157720 0.825572 0.000474 0.012280
2 2 0.000009 0.006915 0.988238 0.002238 0.002600
2 2 0.000005 0.013048 0.977991 0.005028 0.003928
2 2 0.000006 0.001946 0.994146 0.003811 0.000090
2 2 0.000857 0.010222 0.976987 0.009604 0.002329
2 2 0.000013 0.021475 0.975232 0.000636 0.002644
2 2 0.000011 0.001764 0.726660 0.271361 0.000204
2 2 0.000453 0.009892 0.935041 0.006016 0.048597
2 2 0.001417 0.107630 0.763656 0.002556 0.124740
2 2 0.000297 0.044087 0.821107 0.012928 0.121580
2 4 0.000792 0.105519 0.660792 0.019996 0.212900
2 4 0.000762 0.088211 0.563304 0.014505 0.333218
4 4 0.003102 0.121673 0.309372 0.009205 0.556648
2 4 0.002617 0.178193 0.591442 0.009287 0.218461
4 4 0.002321 0.080536 0.313076 0.010794 0.593274
4 4 0.029112 0.257965 0.210079 0.008432 0.494412
4 4 0.012351 0.126639 0.220695 0.014098 0.626217
4 4 0.002597 0.044479 0.210051 0.008924 0.733949
4 4 0.102323 0.279805 0.252935 0.004052 0.360886
4 4 0.006236 0.085633 0.125379 0.002449 0.780303
4 4 0.023209 0.087571 0.042894 0.001114 0.845212
1 4 0.218433 0.316025 0.237597 0.000028 0.227918
4 4 0.121691 0.233763 0.070771 0.000170 0.573605
4 4 0.031671 0.260423 0.273460 0.001222 0.433224
4 4 0.322511 0.147772 0.025292 0.000045 0.504381
4 4 0.026831 0.082964 0.044969 0.000756 0.844480
4 4 0.145028 0.259939 0.083278 0.001794 0.509962
2 1 0.067735 0.259997 0.631994 0.000244 0.040029
1 1 0.025618 0.395229 0.244277 0.000062 0.334813
4 4 0.009974 0.138002 0.102813 0.000137 0.749075
2 4 0.000951 0.154828 0.795440 0.003911 0.044871
4 4 0.001295 0.053898 0.155644 0.001162 0.788001
2 4 0.000386 0.066041 0.803368 0.002492 0.127712
4 4 0.006695 0.151247 0.342833 0.003472 0.495753
1 1 0.018457 0.449067 0.360713 0.000349 0.171415
1 1 0.028745 0.518362 0.352535 0.000628 0.099730
4 4 0.018956 0.281068 0.199522 0.000463 0.499992
2 4 0.002238 0.130899 0.447736 0.016335 0.402793
4 4 0.018946 0.148865 0.285151 0.003500 0.543538
4 4 0.006532 0.049736 0.028106 0.000120 0.915506
4 4 0.022019 0.062719 0.067027 0.009965 0.838270
1 4 0.085541 0.358336 0.256435 0.000332 0.299356
2 4 0.293309 0.213617 0.379677 0.001314 0.112083
4 4 0.093099 0.294936 0.275940 0.003997 0.332027
4 4 0.019485 0.226824 0.181411 0.004933 0.567346
4 4 0.008112 0.135564 0.193618 0.001695 0.661010
1 4 0.297221 0.472062 0.121974 0.000078 0.108665
1 4 0.078732 0.481880 0.138484 0.000183 0.300721
2 4 0.007656 0.120950 0.701114 0.009327 0.160953
2 4 0.021168 0.121322 0.782621 0.000566 0.074323
2 2 0.005864 0.260152 0.500619 0.001112 0.232254
2 2 0.000321 0.092885 0.845340 0.005989 0.055466
2 2 0.001022 0.115434 0.836976 0.000351 0.046217
1 2 0.061324 0.548189 0.323903 0.000056 0.066528
2 2 0.003372 0.205823 0.508166 0.001141 0.281499
2 2 0.004953 0.256581 0.608105 0.007052 0.123309
2 2 0.003937 0.139628 0.548448 0.023721 0.284266
4 2 0.013286 0.216588 0.214442 0.002154 0.553530
4 4 0.007097 0.043056 0.041241 0.001358 0.907249
4 4 0.013897 0.291364 0.288953 0.001433 0.404354
4 4 0.047237 0.168714 0.090564 0.003645 0.689840
4 4 0.018024 0.076304 0.020516 0.000004 0.885152
4 4 0.031404 0.205992 0.146079 0.001998 0.614527
4 4 0.022031 0.206529 0.161581 0.003181 0.606678
4 4 0.037514 0.212262 0.093044 0.003933 0.653247
2 4 0.011458 0.191107 0.619694 0.003176 0.174566
2 4 0.015376 0.352706 0.426387 0.000605 0.204926
4 4 0.001791 0.085005 0.283543 0.006816 0.622844
4 4 0.003116 0.064101 0.109795 0.000267 0.822721
4 4 0.021517 0.221337 0.157085 0.007720 0.592341
4 4 0.011628 0.241567 0.301920 0.006095 0.438791
2 4 0.006086 0.219823 0.563994 0.007981 0.202116
4 4 0.003117 0.116686 0.374717 0.027361 0.478119
2 4 0.000134 0.060639 0.849610 0.002064 0.087553
2 4 0.057828 0.272728 0.363486 0.005987 0.299970
1 1 0.012596 0.483893 0.463634 0.000625 0.039251
