4 0 0.128656 0.067515 0.009409 0.000000 0.794420
0 0 0.707779 0.027755 0.045107 0.001839 0.217520
0 0 0.756367 0.053814 0.023792 0.000120 0.165906
0 0 0.990762 0.003068 0.001004 0.000209 0.004957
0 0 0.993913 0.000621 0.000210 0.000124 0.005131
0 0 0.957692 0.009779 0.002951 0.000154 0.029424
0 0 0.456539 0.266858 0.089558 0.001231 0.185813
0 0 0.611743 0.261791 0.074238 0.000219 0.052008
0 0 0.725001 0.184769 0.047659 0.000100 0.042472
4 0 0.317809 0.264505 0.063189 0.000019 0.354479
0 0 0.525822 0.299523 0.111554 0.004129 0.058972
0 1 0.450459 0.344754 0.088766 0.000076 0.115945
0 1 0.668901 0.202254 0.050514 0.000058 0.078273
0 1 0.527121 0.038602 0.010640 0.000058 0.423580
0 1 0.410643 0.329538 0.087141 0.000108 0.172570
0 1 0.549837 0.253066 0.089884 0.002194 0.105019
0 1 0.630850 0.212749 0.059160 0.000151 0.097090
1 1 0.087460 0.610200 0.240843 0.001365 0.060132
4 1 0.070400 0.404484 0.108585 0.000025 0.416507
1 1 0.050952 0.550961 0.227323 0.002203 0.168561
1 1 0.049392 0.571544 0.212983 0.000635 0.165446
1 1 0.008430 0.511006 0.376977 0.000392 0.103195
2 1 0.004501 0.438643 0.441971 0.003079 0.111807
1 1 0.018227 0.472638 0.334742 0.011962 0.162430
2 2 0.006473 0.399288 0.493597 0.019151 0.081491
2 2 0.005903 0.270519 0.665607 0.020372 0.037599
1 2 0.004456 0.486380 0.450995 0.004716 0.053453
2 2 0.001740 0.180875 0.782732 0.013691 0.020962
2 2 0.002316 0.190099 0.721139 0.016304 0.070142
2 2 0.001354 0.075389 0.898677 0.016343 0.008238
2 2 0.000095 0.013766 0.984649 0.000576 0.000913
2 2 0.000870 0.109020 0.799621 0.007078 0.083411
2 2 0.012504 0.348954 0.504691 0.003322 0.130528
2 2 0.000523 0.116088 0.867569 0.007668 0.008152
4 2 0.009314 0.245996 0.079968 0.000037 0.664685
2 2 0.001485 0.144025 0.808386 0.000231 0.045873
2 2 0.000696 0.035797 0.747904 0.164933 0.050669
2 2 0.001863 0.068002 0.838593 0.015069 0.076473
2 2 0.000186 0.022299 0.857826 0.000427 0.119262
2 2 0.000522 0.032743 0.956406 0.002426 0.007903
2 2 0.013709 0.035334 0.911541 0.020894 0.018522
2 3 0.020748 0.126378 0.822009 0.004455 0.026409
2 3 0.000042 0.007919 0.978400 0.011194 0.002445
2 3 0.000059 0.006379 0.987097 0.001956 0.004509
3 3 0.002849 0.017811 0.423378 0.551905 0.004057
2 3 0.000469 0.007712 0.808738 0.181287 0.001794
2 3 0.000175 0.005603 0.727645 0.264341 0.002236
3 3 0.001147 0.005741 0.179484 0.808858 0.004770
2 3 0.002550 0.060426 0.907855 0.019226 0.009943
2 3 0.000568 0.006941 0.508061 0.482356 0.002075
3 3 0.002847 0.040401 0.358427 0.546794 0.051531
3 3 0.007888 0.022177 0.091075 0.862952 0.015908
3 3 0.001891 0.003302 0.254633 0.738002 0.002172
2 3 0.000261 0.020519 0.629054 0.345937 0.004228
2 3 0.003930 0.049668 0.689354 0.200860 0.056188
3 3 0.000015 0.000178 0.125373 0.874419 0.000015
2 3 0.001419 0.014215 0.572931 0.400938 0.010497
3 3 0.000002 0.000022 0.011292 0.988678 0.000007
3 3 0.000055 0.000639 0.066208 0.932882 0.000216
3 3 0.002534 0.007894 0.214308 0.764432 0.010832
3 3 0.000001 0.000014 0.010116 0.989863 0.000006
3 3 0.001352 0.003652 0.149473 0.844611 0.000912
3 3 0.000064 0.000755 0.340262 0.658873 0.000046
3 3 0.000460 0.000321 0.007249 0.991575 0.000395
3 3 0.000005 0.000040 0.025790 0.974123 0.000042
3 3 0.002875 0.004974 0.083768 0.898372 0.010011
3 3 0.000331 0.002066 0.291663 0.705480 0.000460
2 2 0.193167 0.335326 0.372065 0.000815 0.098626
3 2 0.000020 0.003008 0.452414 0.544303 0.000256
3 3 0.002347 0.018531 0.241219 0.732838 0.005065
3 3 0.000060 0.000866 0.120585 0.878314 0.000175
3 3 0.000226 0.001323 0.136699 0.861552 0.000199
3 3 0.000010 0.000072 0.023302 0.976601 0.000016
3 3 0.000289 0.000714 0.050817 0.947822 0.000357
3 3 0.000002 0.000097 0.355764 0.644131 0.000006
3 3 0.000092 0.000614 0.112509 0.886663 0.000122
3 3 0.000000 0.000000 0.000494 0.999506 0.000000
3 3 0.000006 0.000114 0.025748 0.974105 0.000028
3 3 0.000296 0.000866 0.050007 0.948553 0.000279
3 3 0.000010 0.000136 0.048275 0.951507 0.000071
3 3 0.000067 0.002071 0.147909 0.849468 0.000485
3 3 0.000001 0.000010 0.012510 0.987477 0.000002
3 3 0.000001 0.000060 0.080390 0.919543 0.000006
3 3 0.000025 0.000055 0.005127 0.994749 0.000044
3 3 0.000002 0.000043 0.051400 0.948550 0.000005
3 3 0.000904 0.004729 0.208961 0.784323 0.001083
3 3 0.010581 0.002533 0.011967 0.970074 0.004845
3 3 0.003455 0.006396 0.165197 0.823351 0.001600
3 3 0.000117 0.000491 0.035536 0.963691 0.000165
3 3 0.000207 0.000875 0.044964 0.953473 0.000481
3 3 0.001427 0.005589 0.253110 0.739032 0.000842
3 3 0.000016 0.000046 0.006478 0.993434 0.000027
3 3 0.000009 0.000033 0.005198 0.994740 0.000020
3 3 0.000002 0.000008 0.002773 0.997212 0.000005
3 3 0.000183 0.000576 0.042802 0.956258 0.000180
3 3 0.002163 0.002735 0.046608 0.946961 0.001534
3 3 0.000389 0.000745 0.033528 0.964925 0.000412
3 3 0.000034 0.000155 0.041613 0.958168 0.000030
3 3 0.000000 0.000000 0.001315 0.998684 0.000000
3 3 0.000007 0.000033 0.009726 0.990222 0.000012
3 3 0.000000 0.000002 0.005344 0.994654 0.000000
3 3 0.000536 0.001257 0.020684 0.976363 0.001160
3 3 0.000004 0.000030 0.009312 0.990645 0.000010
3 3 0.000000 0.000000 0.001047 0.998953 0.000000
3 3 0.003354 0.003454 0.029221 0.960783 0.003188
3 3 0.000587 0.000339 0.007813 0.990571 0.000690
3 3 0.000329 0.001309 0.024774 0.972609 0.000979
3 3 0.006267 0.003530 0.058602 0.929686 0.001915
3 3 0.238336 0.046437 0.278785 0.422226 0.014215
3 3 0.000139 0.008667 0.263729 0.725835 0.001630
3 3 0.000002 0.000706 0.118585 0.880569 0.000138
3 3 0.000536 0.061090 0.378019 0.542569 0.017786
2 3 0.003171 0.026798 0.635388 0.331932 0.002711
2 3 0.000047 0.005711 0.520301 0.473253 0.000687
3 3 0.017176 0.039843 0.373597 0.560982 0.008403
3 3 0.000096 0.001716 0.041617 0.955611 0.000960
3 3 0.001424 0.017931 0.261627 0.714295 0.004723
3 3 0.000717 0.008948 0.158233 0.826749 0.005353
3 3 0.000002 0.000053 0.022577 0.977358 0.000010
3 3 0.042910 0.018790 0.317850 0.613203 0.007246
3 3 0.001613 0.002093 0.040346 0.954732 0.001217
3 3 0.000209 0.001511 0.047757 0.949886 0.000637
3 3 0.006438 0.009227 0.057148 0.914700 0.012488
3 3 0.000317 0.000062 0.001274 0.998158 0.000189
3 3 0.008889 0.008921 0.089102 0.888544 0.004545
3 3 0.000097 0.000270 0.022801 0.976724 0.000109
3 3 0.003103 0.005850 0.119920 0.868588 0.002539
3 3 0.016378 0.095996 0.385399 0.436014 0.066213
3 3 0.000115 0.000252 0.015890 0.983608 0.000135
3 3 0.038803 0.007872 0.020989 0.917948 0.014388
3 3 0.000159 0.000231 0.016762 0.982728 0.000120
3 3 0.000044 0.000028 0.001698 0.998185 0.000045
3 3 0.000100 0.000281 0.010582 0.988802 0.000234
3 3 0.000845 0.003967 0.057893 0.935157 0.002137
3 3 0.003503 0.003514 0.062501 0.928759 0.001722
3 3 0.001734 0.005435 0.219781 0.770523 0.002527
3 3 0.000016 0.000029 0.003219 0.996709 0.000026
3 3 0.002275 0.001377 0.019896 0.975165 0.001288
3 3 0.000217 0.000143 0.004050 0.995380 0.000210
3 3 0.001455 0.002179 0.021361 0.972723 0.002282
3 3 0.000046 0.000198 0.029213 0.970474 0.000069
3 3 0.013159 0.004512 0.026539 0.950408 0.005382
3 3 0.000024 0.000021 0.001788 0.998139 0.000029
3 3 0.006959 0.005843 0.104396 0.880544 0.002258
3 3 0.000000 0.000001 0.000857 0.999143 0.000000
3 3 0.000000 0.000001 0.003029 0.996969 0.000000
3 3 0.001626 0.000225 0.002025 0.995338 0.000786
3 3 0.000026 0.000176 0.048056 0.951713 0.000030
3 3 0.000022 0.000039 0.014706 0.985211 0.000022
3 3 0.000141 0.000290 0.033491 0.965897 0.000180
3 3 0.020082 0.004639 0.032409 0.937991 0.004878
3 3 0.012900 0.001052 0.004733 0.977930 0.003385
3 3 0.000019 0.000034 0.005665 0.994261 0.000021
3 3 0.000001 0.000018 0.034036 0.965943 0.000002
3 3 0.000001 0.000011 0.006718 0.993267 0.000003
3 3 0.002331 0.001438 0.022036 0.972939 0.001255
3 3 0.033705 0.013392 0.034598 0.899175 0.019130
3 3 0.000722 0.001064 0.014113 0.982884 0.001217
3 3 0.000117 0.000162 0.008652 0.990876 0.000194
3 3 0.000000 0.000001 0.000446 0.999552 0.000001
3 3 0.000027 0.000051 0.004494 0.995385 0.000043
3 3 0.001812 0.000953 0.011079 0.984367 0.001788
3 3 0.000000 0.000005 0.003975 0.996017 0.000002
3 3 0.000000 0.000003 0.002175 0.997820 0.000001
3 3 0.042405 0.003410 0.005806 0.934240 0.014138
3 3 0.000890 0.000159 0.001966 0.996497 0.000488
3 3 0.000011 0.000031 0.004341 0.995595 0.000022
3 3 0.000048 0.000114 0.007328 0.992424 0.000087
2 2 0.194616 0.225395 0.437630 0.023866 0.118493
2 2 0.001235 0.074985 0.740403 0.129513 0.053864
3 2 0.000002 0.000100 0.208232 0.791628 0.000038
2 2 0.000244 0.022871 0.922299 0.004029 0.050557
2 2 0.000000 0.001507 0.985903 0.011581 0.001008
2 2 0.000003 0.004128 0.851551 0.142520 0.001798
2 2 0.000012 0.014259 0.952517 0.016753 0.016458
2 2 0.000017 0.029415 0.922450 0.017110 0.031007
2 2 0.000035 0.038591 0.845577 0.000299 0.115498
2 2 0.002009 0.245092 0.446185 0.001617 0.305097
2 2 0.000352 0.059998 0.651088 0.018417 0.270146
2 2 0.000039 0.048767 0.858842 0.002198 0.090154
2 2 0.000051 0.036700 0.813058 0.000678 0.149513
2 2 0.000194 0.058958 0.723763 0.006732 0.210354
2 2 0.000125 0.118820 0.789190 0.003736 0.088129
4 2 0.002734 0.112422 0.061180 0.000074 0.823590
4 2 0.000977 0.163439 0.338837 0.000867 0.495880
4 2 0.007299 0.180716 0.178658 0.000355 0.632972
4 2 0.001373 0.213814 0.284686 0.000565 0.499562
2 2 0.000266 0.056093 0.764314 0.007605 0.171721
2 2 0.000056 0.192674 0.577540 0.000878 0.228852
4 2 0.000938 0.129938 0.383506 0.001862 0.483755
4 2 0.004850 0.104534 0.143012 0.003361 0.744243
2 2 0.000323 0.071866 0.667085 0.003906 0.256819
4 2 0.001570 0.076292 0.179628 0.000977 0.741533
4 2 0.002535 0.084618 0.179597 0.002356 0.730894
4 2 0.000610 0.133682 0.415866 0.000116 0.449726
2 2 0.000073 0.025258 0.829266 0.003620 0.141783
2 2 0.000725 0.165064 0.534872 0.001940 0.297399
4 2 0.002755 0.120456 0.379990 0.008698 0.488101
2 2 0.001798 0.158511 0.577773 0.018621 0.243297
4 2 0.009405 0.039854 0.064611 0.001603 0.884527
2 2 0.000033 0.053143 0.860921 0.003343 0.082560
4 2 0.046223 0.163078 0.247658 0.000243 0.542798
1 2 0.068615 0.473471 0.276716 0.006689 0.174508
2 2 0.000241 0.084449 0.819983 0.009618 0.085710
2 2 0.000107 0.042269 0.885085 0.010864 0.061676
2 2 0.000155 0.074962 0.826654 0.015358 0.082870
2 2 0.000000 0.000330 0.998138 0.001508 0.000024
2 2 0.000462 0.068341 0.887595 0.003862 0.039741
2 2 0.000333 0.076223 0.879490 0.016457 0.027497
1 2 0.032405 0.492002 0.413416 0.000797 0.061381
2 2 0.000074 0.026782 0.970343 0.000656 0.002145
2 2 0.007445 0.238606 0.588853 0.000525 0.164571
2 2 0.008844 0.175381 0.730441 0.035206 0.050128
2 2 0.010826 0.411169 0.446921 0.014905 0.116179
2 2 0.001387 0.067614 0.925357 0.000843 0.004799
2 2 0.000254 0.038180 0.954177 0.004847 0.002542
2 2 0.000482 0.029286 0.968200 0.001175 0.000856
2 2 0.015077 0.031130 0.939379 0.005682 0.008733
2 2 0.000000 0.001416 0.993853 0.004575 0.000155
2 2 0.000131 0.027741 0.957469 0.013964 0.000695
2 2 0.001691 0.101276 0.734628 0.113171 0.049233
2 2 0.001396 0.059468 0.931569 0.003598 0.003969
2 2 0.000369 0.036033 0.936467 0.017661 0.009470
2 2 0.000488 0.038125 0.899446 0.056815 0.005126
2 2 0.000186 0.003353 0.924404 0.071525 0.000531
2 2 0.000085 0.019887 0.901288 0.075218 0.003522
2 2 0.000357 0.006283 0.981896 0.011077 0.000387
2 2 0.001112 0.057778 0.888464 0.047579 0.005067
2 2 0.000347 0.035668 0.935264 0.019458 0.009262
2 2 0.001693 0.041527 0.802889 0.146374 0.007517
2 2 0.000240 0.058854 0.936054 0.001137 0.003715
2 2 0.000656 0.027360 0.612281 0.355882 0.003821
2 2 0.001990 0.057525 0.694472 0.224130 0.021883
2 2 0.000877 0.109504 0.790300 0.073343 0.025976
2 2 0.001585 0.033376 0.864871 0.098618 0.001550
3 2 0.001579 0.024451 0.311771 0.623594 0.038605
2 2 0.000052 0.008198 0.595610 0.395600 0.000540
2 2 0.023481 0.105475 0.709930 0.114109 0.047004
2 2 0.045191 0.100610 0.754906 0.007750 0.091544
0 1 0.771209 0.124847 0.050829 0.008225 0.044890
2 2 0.002254 0.081547 0.514216 0.325759 0.076224
2 2 0.000001 0.003515 0.795780 0.198850 0.001854
2 2 0.000000 0.000149 0.988280 0.011552 0.000018
2 2 0.000855 0.023156 0.926011 0.032109 0.017869
2 2 0.000046 0.010720 0.885104 0.071732 0.032397
2 2 0.000030 0.020279 0.825079 0.150460 0.004153
2 2 0.000005 0.006089 0.893711 0.097511 0.002684
2 2 0.000006 0.006120 0.871211 0.118702 0.003961
2 2 0.000002 0.000359 0.797444 0.202101 0.000094
2 2 0.000000 0.000025 0.548880 0.451090 0.000005
2 2 0.000207 0.048280 0.847594 0.050548 0.053371
2 2 0.000007 0.006099 0.712807 0.275084 0.006002
2 2 0.000001 0.001012 0.990538 0.008207 0.000241
2 2 0.000460 0.041739 0.692846 0.199339 0.065615
3 2 0.000000 0.000199 0.156910 0.842835 0.000056
2 2 0.000070 0.020530 0.876817 0.082953 0.019630
2 2 0.000000 0.000131 0.985598 0.014168 0.000103
2 2 0.000000 0.000090 0.615140 0.384753 0.000017
3 2 0.003085 0.020077 0.377883 0.554229 0.044726
3 2 0.000274 0.008584 0.460635 0.521917 0.008590
3 3 0.000000 0.000077 0.260432 0.739485 0.000005
2 3 0.000154 0.010267 0.958547 0.025972 0.005059
3 3 0.000003 0.000354 0.096270 0.903251 0.000121
2 3 0.000908 0.020243 0.863668 0.025451 0.089730
3 3 0.000029 0.001548 0.337787 0.659508 0.001128
3 3 0.000010 0.000473 0.114186 0.885035 0.000297
3 3 0.000000 0.000021 0.125874 0.874103 0.000002
3 3 0.000741 0.003983 0.099630 0.890292 0.005354
2 3 0.000447 0.014372 0.500405 0.478767 0.006009
2 3 0.001182 0.030545 0.466434 0.438064 0.063776
3 3 0.001041 0.009309 0.200198 0.776148 0.013305
3 3 0.007545 0.028325 0.102379 0.830853 0.030898
3 3 0.004457 0.024716 0.227597 0.709226 0.034003
3 3 0.000161 0.005909 0.135998 0.851108 0.006823
3 3 0.000076 0.000465 0.017553 0.981576 0.000330
3 3 0.001104 0.007653 0.114257 0.861876 0.015110
3 3 0.002108 0.008027 0.105211 0.875018 0.009637
3 3 0.006318 0.062596 0.238226 0.647207 0.045653
3 3 0.001931 0.002057 0.018360 0.975248 0.002404
3 3 0.000051 0.000044 0.002124 0.997707 0.000074
3 3 0.011728 0.014952 0.224639 0.685802 0.062879
3 3 0.000001 0.000008 0.002817 0.997170 0.000005
3 3 0.010481 0.012555 0.354199 0.618349 0.004416
3 3 0.001791 0.005948 0.041660 0.945231 0.005370
3 3 0.000000 0.000018 0.010730 0.989246 0.000005
2 3 0.003007 0.096621 0.697348 0.095655 0.107370
3 3 0.000011 0.000191 0.039384 0.960302 0.000112
3 3 0.000213 0.000530 0.012797 0.985965 0.000494
3 3 0.002201 0.005642 0.085529 0.898324 0.008304
3 3 0.010504 0.015659 0.269350 0.692019 0.012467
3 3 0.026384 0.004244 0.017097 0.932109 0.020166
3 3 0.000421 0.012728 0.384874 0.582712 0.019265
3 3 0.000001 0.000006 0.003755 0.996234 0.000003
3 3 0.000029 0.000155 0.020361 0.979403 0.000053
3 3 0.000064 0.000125 0.008056 0.991664 0.000091
3 3 0.000017 0.000056 0.012908 0.986999 0.000020
3 3 0.000485 0.000587 0.014326 0.983837 0.000765
3 3 0.002183 0.000934 0.008266 0.987016 0.001601
3 3 0.000023 0.000025 0.002167 0.997755 0.000030
3 3 0.000145 0.001012 0.363568 0.635045 0.000230
3 3 0.003469 0.002356 0.026193 0.965859 0.002123
3 3 0.000048 0.000450 0.042619 0.956666 0.000218
3 3 0.000042 0.000102 0.010011 0.989745 0.000100
3 3 0.001911 0.001018 0.007185 0.987691 0.002194
3 3 0.001002 0.002623 0.039024 0.955694 0.001657
3 3 0.000160 0.000169 0.005860 0.993622 0.000189
3 3 0.004011 0.003737 0.028892 0.957398 0.005962
3 3 0.000004 0.000057 0.008381 0.991528 0.000031
3 3 0.000053 0.000488 0.028341 0.970916 0.000201
3 3 0.000435 0.001187 0.019960 0.976968 0.001450
3 3 0.000000 0.000004 0.003629 0.996365 0.000002
3 3 0.000580 0.001478 0.014113 0.980883 0.002946
3 3 0.002173 0.003579 0.019809 0.969066 0.005373
3 3 0.007870 0.014680 0.206725 0.766611 0.004113
1 2 0.113400 0.397414 0.242331 0.010161 0.236693
2 2 0.000407 0.202882 0.674865 0.079364 0.042483
2 2 0.004929 0.103683 0.727182 0.049050 0.115155
2 2 0.000099 0.017257 0.941621 0.039607 0.001416
3 2 0.000020 0.001298 0.393847 0.604596 0.000239
3 2 0.000014 0.000387 0.251329 0.748251 0.000019
2 2 0.000547 0.018902 0.762850 0.198319 0.019382
3 2 0.000015 0.001820 0.457104 0.540689 0.000372
2 2 0.002142 0.092321 0.816312 0.019902 0.069324
4 4 0.000920 0.150934 0.366191 0.008241 0.473715
2 4 0.000018 0.012548 0.930498 0.045843 0.011094
2 4 0.000200 0.151152 0.613593 0.000980 0.234075
1 4 0.007377 0.366000 0.341103 0.000236 0.285284
4 4 0.005105 0.195494 0.358169 0.037685 0.403548
2 4 0.000064 0.143868 0.639344 0.000729 0.215995
2 4 0.000038 0.016138 0.898476 0.005203 0.080145
2 4 0.000185 0.146550 0.472343 0.000837 0.380085
4 4 0.004965 0.099045 0.242359 0.002881 0.650750
2 4 0.000242 0.045866 0.833005 0.015210 0.105676
4 4 0.001955 0.066222 0.093350 0.000481 0.837993
4 4 0.005385 0.056254 0.114218 0.002779 0.821364
4 4 0.013973 0.019954 0.005608 0.000005 0.960461
1 4 0.341631 0.381417 0.157845 0.001991 0.117115
2 4 0.001576 0.235504 0.483590 0.005409 0.273920
4 4 0.013839 0.174878 0.281093 0.039201 0.490989
4 4 0.013254 0.027989 0.030163 0.001113 0.927480
4 4 0.002564 0.083452 0.256346 0.001877 0.655760
4 4 0.015621 0.141734 0.105825 0.000038 0.736782
2 4 0.000082 0.048884 0.813880 0.001106 0.136048
4 4 0.007597 0.075990 0.108268 0.001158 0.806988
4 4 0.005453 0.041760 0.208213 0.005414 0.739160
4 4 0.004676 0.058484 0.060470 0.001522 0.874849
4 4 0.006088 0.229205 0.181678 0.000407 0.582622
4 4 0.003623 0.107745 0.195286 0.001477 0.691869
4 4 0.004587 0.072917 0.168420 0.001842 0.752234
4 4 0.008257 0.141103 0.220042 0.000635 0.629963
2 1 0.008655 0.237269 0.639299 0.009527 0.105249
1 1 0.020229 0.420159 0.221520 0.000321 0.337771
2 1 0.001178 0.218631 0.539142 0.030010 0.211040
2 1 0.000048 0.059898 0.830324 0.001010 0.108720
2 1 0.000228 0.129553 0.737277 0.000901 0.132041
2 1 0.000141 0.130696 0.477050 0.000235 0.391878
4 1 0.008778 0.176523 0.190645 0.002083 0.621972
4 1 0.048306 0.122967 0.084754 0.001217 0.742756
4 1 0.073805 0.298971 0.099832 0.000253 0.527139
4 1 0.001710 0.201845 0.336814 0.001039 0.458593
4 1 0.006377 0.103010 0.089844 0.001773 0.798996
4 2 0.031191 0.083363 0.045185 0.000931 0.839331
4 2 0.005685 0.187504 0.216061 0.000088 0.590662
4 2 0.004529 0.163516 0.340339 0.001830 0.489786
2 2 0.000109 0.139771 0.750180 0.006825 0.103115
2 2 0.000557 0.068238 0.672408 0.007428 0.251369
2 2 0.000196 0.184826 0.584450 0.002219 0.228308
2 2 0.000022 0.058710 0.889109 0.004121 0.048039
2 2 0.000006 0.007407 0.970517 0.007732 0.014339
2 2 0.006411 0.223016 0.672802 0.001504 0.096267
2 2 0.000161 0.034919 0.890702 0.020503 0.053715
2 2 0.000003 0.001902 0.994296 0.001962 0.001836
2 2 0.000021 0.005446 0.992854 0.000290 0.001389
2 2 0.000072 0.031023 0.958445 0.000057 0.010403
2 2 0.000123 0.019990 0.931291 0.008624 0.039972
2 2 0.000238 0.043703 0.800626 0.018814 0.136618
2 2 0.000093 0.041162 0.921267 0.001042 0.036436
2 2 0.003269 0.113628 0.489387 0.021085 0.372631
2 2 0.000035 0.040913 0.939989 0.000786 0.018278
2 2 0.000058 0.057923 0.907332 0.015744 0.018943
2 2 0.000134 0.059025 0.907351 0.011811 0.021679
2 2 0.002837 0.126313 0.800622 0.002042 0.068187
1 1 0.036182 0.320540 0.312521 0.075979 0.254777
1 1 0.151221 0.504891 0.112680 0.000005 0.231202
2 2 0.000733 0.134638 0.801640 0.004554 0.058434
2 2 0.000493 0.078144 0.884308 0.003934 0.033121
2 2 0.000046 0.010615 0.957375 0.005014 0.026950
2 2 0.000022 0.021168 0.950864 0.000632 0.027314
2 2 0.000001 0.010324 0.977998 0.001608 0.010070
2 2 0.000057 0.053694 0.875897 0.001829 0.068523
4 2 0.004219 0.095741 0.383339 0.004676 0.512026
2 2 0.000926 0.043117 0.926370 0.003052 0.026536
0 0 0.973575 0.012792 0.004737 0.001662 0.007233
1 0 0.349013 0.441138 0.112353 0.000049 0.097447
1 1 0.169764 0.522330 0.199067 0.002705 0.106134
2 1 0.002488 0.284714 0.633851 0.006885 0.072062
1 1 0.013184 0.560580 0.316839 0.006611 0.102787
2 1 0.008428 0.306115 0.658695 0.001342 0.025421
2 1 0.005903 0.392971 0.511192 0.017487 0.072448
2 2 0.001486 0.301585 0.595099 0.012571 0.089259
2 1 0.040620 0.053511 0.900798 0.000722 0.004349
0 1 0.545453 0.296803 0.106585 0.002028 0.049131
1 1 0.060803 0.434295 0.424242 0.004374 0.076286
1 1 0.184740 0.472987 0.147756 0.000325 0.194193
4 1 0.063259 0.309493 0.098760 0.000188 0.528300
1 1 0.032417 0.520497 0.251296 0.008461 0.187329
1 1 0.088172 0.591600 0.224973 0.001288 0.093966
4 2 0.004800 0.326204 0.280427 0.002092 0.386478
2 2 0.001465 0.194039 0.707975 0.022273 0.074248
2 2 0.004286 0.201007 0.761349 0.000278 0.033080
2 2 0.000371 0.074019 0.916507 0.005758 0.003346
2 2 0.001901 0.286597 0.586699 0.004085 0.120718
2 2 0.000117 0.066562 0.890578 0.009618 0.033125
2 2 0.000144 0.048796 0.909500 0.034717 0.006843
2 2 0.000070 0.039434 0.849150 0.001922 0.109424
2 2 0.000097 0.024128 0.970404 0.001418 0.003953
2 2 0.003511 0.362417 0.523178 0.000236 0.110658
2 2 0.002652 0.204882 0.740332 0.012140 0.039994
2 2 0.000263 0.026834 0.957357 0.014617 0.000930
2 2 0.004805 0.113663 0.853891 0.001799 0.025842
2 2 0.000375 0.140463 0.765863 0.005138 0.088162
2 2 0.002785 0.238446 0.605707 0.003602 0.149460
2 2 0.001028 0.214511 0.732814 0.009068 0.042579
1 2 0.050149 0.449802 0.433109 0.001508 0.065432
2 2 0.000571 0.104198 0.830862 0.046517 0.017852
2 2 0.003890 0.290552 0.610147 0.003686 0.091726
2 2 0.000076 0.023596 0.970929 0.003190 0.002209
2 2 0.000249 0.025561 0.682752 0.280533 0.010904
2 2 0.000760 0.068826 0.882690 0.039321 0.008403
2 2 0.001889 0.089593 0.902570 0.001741 0.004208
2 2 0.000297 0.106612 0.870495 0.013186 0.009409
2 2 0.000309 0.017357 0.916638 0.064522 0.001173
2 2 0.004516 0.255464 0.702644 0.006882 0.030494
2 2 0.004265 0.081061 0.904486 0.002233 0.007955
2 2 0.012208 0.199514 0.752076 0.011728 0.024474
2 2 0.002029 0.146002 0.587789 0.166291 0.097889
2 2 0.005173 0.212065 0.728209 0.003109 0.051444
2 2 0.001322 0.125406 0.791577 0.017446 0.064248
2 2 0.000349 0.054780 0.774683 0.136860 0.033328
2 2 0.002955 0.108923 0.831167 0.044749 0.012206
2 2 0.000540 0.113279 0.831530 0.027192 0.027458
2 2 0.054436 0.063206 0.524736 0.342617 0.015005
2 2 0.011001 0.185712 0.699997 0.004401 0.098889
2 2 0.011958 0.109197 0.835083 0.032723 0.011039
2 2 0.004036 0.139717 0.820221 0.017917 0.018109
2 2 0.003658 0.219909 0.694944 0.029510 0.051978
2 2 0.011382 0.066451 0.904865 0.001951 0.015350
2 2 0.000396 0.080867 0.701913 0.172600 0.044224
2 2 0.000424 0.023543 0.498546 0.473518 0.003968
2 2 0.003865 0.086158 0.677257 0.177621 0.055099
2 2 0.000100 0.021902 0.488237 0.486762 0.002999
2 2 0.005257 0.094407 0.826265 0.052567 0.021505
2 2 0.005383 0.063721 0.763267 0.144904 0.022727
3 2 0.000741 0.066121 0.357338 0.553115 0.022686
2 2 0.020551 0.058356 0.727714 0.187849 0.005529
3 2 0.004480 0.044688 0.420628 0.503933 0.026271
2 2 0.007563 0.063040 0.655846 0.264473 0.009078
0 0 0.412970 0.194585 0.336535 0.009509 0.046401
2 1 0.003936 0.316656 0.548957 0.042982 0.087469
2 2 0.001085 0.029567 0.731115 0.221026 0.017207
2 2 0.032231 0.169509 0.780065 0.000956 0.017240
2 2 0.000205 0.043965 0.920548 0.029090 0.006192
2 2 0.000170 0.041602 0.954676 0.001458 0.002094
2 2 0.003280 0.236028 0.685832 0.005304 0.069556
2 2 0.000132 0.020815 0.952173 0.024950 0.001930
2 2 0.002045 0.103275 0.879459 0.007478 0.007743
2 2 0.000043 0.008038 0.904282 0.085832 0.001806
2 2 0.000961 0.033102 0.954146 0.004572 0.007219
2 2 0.002683 0.205135 0.742614 0.018805 0.030763
0 0 0.737652 0.098870 0.089219 0.004572 0.069687
0 0 0.871966 0.058912 0.023301 0.005521 0.040299
0 0 0.966070 0.007616 0.002203 0.000086 0.024024
2 0 0.242106 0.052660 0.502018 0.165481 0.037735
0 0 0.796779 0.071080 0.046215 0.042293 0.043632
4 0 0.359355 0.023026 0.030162 0.196868 0.390590
0 0 0.476133 0.214374 0.282657 0.006317 0.020520
0 0 0.899364 0.043763 0.013605 0.000411 0.042857
2 0 0.104758 0.222957 0.454804 0.159946 0.057536
2 0 0.226002 0.304233 0.320777 0.033939 0.115049
0 0 0.822950 0.063565 0.076706 0.012960 0.023818
0 0 0.713912 0.076357 0.176159 0.013438 0.020134
0 0 0.397292 0.321896 0.098972 0.000213 0.181628
4 0 0.235593 0.256212 0.057608 0.000012 0.450576
4 1 0.054384 0.383756 0.095595 0.000008 0.466256
1 1 0.056597 0.474466 0.161003 0.000284 0.307649
4 1 0.098254 0.264157 0.077281 0.000111 0.560197
1 1 0.193448 0.540037 0.171717 0.000354 0.094443
1 1 0.061921 0.666382 0.202335 0.000058 0.069305
1 1 0.119904 0.554949 0.154507 0.000051 0.170589
1 1 0.207677 0.485793 0.118000 0.000019 0.188511
1 1 0.186128 0.492711 0.129881 0.000044 0.191237
1 1 0.005611 0.475236 0.390951 0.000420 0.127782
2 2 0.000284 0.144077 0.799837 0.018207 0.037595
2 2 0.000814 0.127895 0.857130 0.008395 0.005765
2 2 0.000454 0.241675 0.718563 0.000376 0.038932
2 2 0.000396 0.084689 0.873241 0.002669 0.039006
2 2 0.000007 0.020733 0.940379 0.033364 0.005518
2 2 0.000063 0.040728 0.943944 0.009544 0.005721
2 2 0.000542 0.063876 0.922241 0.004842 0.008499
2 2 0.000000 0.000504 0.999268 0.000219 0.000008
2 2 0.000098 0.023750 0.970494 0.000185 0.005473
2 2 0.000424 0.055142 0.930461 0.000585 0.013388
2 2 0.003272 0.133628 0.854917 0.002868 0.005315
2 2 0.000001 0.001351 0.998299 0.000299 0.000050
2 2 0.000000 0.000317 0.998972 0.000701 0.000010
2 2 0.000021 0.011286 0.987504 0.000176 0.001013
2 2 0.000960 0.039329 0.935829 0.021125 0.002756
2 2 0.000495 0.092428 0.888290 0.001598 0.017189
2 2 0.000011 0.008864 0.984882 0.000609 0.005635
2 2 0.000028 0.010025 0.987462 0.001467 0.001018
2 2 0.000587 0.047806 0.946395 0.000140 0.005073
2 2 0.000007 0.005077 0.992226 0.002496 0.000195
2 2 0.000003 0.001972 0.996283 0.001694 0.000048
2 2 0.000000 0.000023 0.999482 0.000495 0.000000
2 2 0.000008 0.002318 0.997560 0.000071 0.000043
2 2 0.000000 0.000072 0.990904 0.009023 0.000002
2 2 0.000001 0.001847 0.978068 0.020047 0.000037
2 2 0.000014 0.007184 0.989023 0.002414 0.001365
2 2 0.000000 0.000121 0.967748 0.032125 0.000007
2 2 0.000117 0.003002 0.994896 0.001885 0.000099
2 2 0.000039 0.033843 0.946469 0.010348 0.009301
2 2 0.000001 0.000457 0.993830 0.005704 0.000008
2 2 0.001187 0.077045 0.915063 0.003463 0.003242
1 1 0.018536 0.591193 0.349893 0.001605 0.038773
2 2 0.000183 0.146881 0.765027 0.034405 0.053504
2 2 0.000000 0.000135 0.999276 0.000587 0.000003
2 2 0.000043 0.022052 0.942264 0.032453 0.003189
2 2 0.068167 0.117148 0.718399 0.014806 0.081480
4 2 0.040373 0.167753 0.155735 0.027509 0.608629
2 2 0.000193 0.033035 0.929409 0.033600 0.003763
2 2 0.000148 0.012381 0.985893 0.000356 0.001222
2 2 0.000003 0.000929 0.994725 0.004289 0.000055
2 2 0.000020 0.010401 0.985680 0.001229 0.002671
2 2 0.000242 0.018878 0.976678 0.000284 0.003918
2 2 0.033342 0.342447 0.546306 0.000339 0.077566
2 2 0.000210 0.093537 0.875374 0.000573 0.030306
2 2 0.000104 0.014613 0.984385 0.000031 0.000867
2 2 0.000555 0.021972 0.974178 0.000508 0.002787
2 2 0.000004 0.008080 0.990274 0.000310 0.001333
2 2 0.000037 0.009942 0.976301 0.013013 0.000707
2 2 0.000146 0.022590 0.963122 0.010068 0.004073
2 2 0.000008 0.003746 0.994781 0.001107 0.000359
2 2 0.000243 0.006759 0.991484 0.000994 0.000520
2 2 0.000070 0.011775 0.981574 0.004651 0.001930
2 2 0.000032 0.042415 0.915969 0.001343 0.040242
2 2 0.000007 0.003072 0.973152 0.023565 0.000203
2 2 0.000001 0.001125 0.997049 0.001786 0.000039
2 2 0.001148 0.070353 0.912717 0.003507 0.012275
2 2 0.000193 0.013457 0.976571 0.008212 0.001567
2 2 0.000067 0.009413 0.988306 0.000172 0.002042
2 2 0.000060 0.016614 0.947917 0.032984 0.002425
2 2 0.004714 0.047197 0.936461 0.002100 0.009528
2 2 0.000542 0.016233 0.981220 0.000465 0.001540
2 2 0.000001 0.001042 0.996105 0.002777 0.000075
2 2 0.003368 0.035371 0.924406 0.028302 0.008553
2 2 0.000823 0.049614 0.883240 0.060043 0.006280
2 2 0.000013 0.001956 0.979087 0.018842 0.000102
2 2 0.001091 0.017731 0.979609 0.000385 0.001184
2 2 0.000768 0.034749 0.939394 0.023249 0.001839
2 2 0.000374 0.008810 0.978168 0.012340 0.000308
2 2 0.000044 0.024370 0.930675 0.039026 0.005885
2 2 0.000501 0.008968 0.908167 0.081075 0.001289
2 2 0.000120 0.028361 0.820293 0.135414 0.015812
2 2 0.000199 0.022801 0.825689 0.144535 0.006776
2 3 0.000085 0.005142 0.875893 0.117719 0.001160
2 3 0.000009 0.002672 0.944134 0.053034 0.000150
3 3 0.000005 0.002922 0.365429 0.631033 0.000610
3 3 0.000018 0.006310 0.379332 0.612390 0.001949
2 3 0.006010 0.102626 0.571826 0.283337 0.036201
2 3 0.003477 0.039352 0.546587 0.401517 0.009067
2 3 0.000545 0.027408 0.885950 0.084997 0.001101
2 3 0.009595 0.089079 0.662082 0.197178 0.042066
3 3 0.000763 0.030516 0.274445 0.679479 0.014797
2 3 0.001260 0.094162 0.452090 0.354408 0.098081
3 3 0.001396 0.028851 0.450235 0.490906 0.028611
3 3 0.005988 0.019013 0.379778 0.592226 0.002996
2 3 0.155024 0.149244 0.379139 0.124591 0.192002
3 3 0.000794 0.002736 0.090064 0.905461 0.000944
3 3 0.003852 0.021533 0.209016 0.736656 0.028943
3 3 0.010497 0.022924 0.275505 0.645933 0.045141
2 3 0.034533 0.065021 0.788473 0.107584 0.004388
2 3 0.010603 0.126733 0.791828 0.047986 0.022849
3 3 0.000470 0.009646 0.306661 0.679161 0.004062
3 3 0.000214 0.006357 0.093126 0.897335 0.002968
2 3 0.006302 0.037289 0.513419 0.437725 0.005265
3 3 0.001398 0.016509 0.134425 0.835661 0.012006
3 3 0.001239 0.020598 0.456843 0.515215 0.006104
3 3 0.000141 0.000571 0.059643 0.939511 0.000132
3 3 0.001255 0.015081 0.131445 0.842967 0.009252
3 3 0.001679 0.004435 0.059397 0.932048 0.002441
3 3 0.040266 0.064851 0.420339 0.435887 0.038658
3 3 0.000329 0.024255 0.199570 0.766078 0.009767
2 3 0.013114 0.064086 0.529715 0.372354 0.020731
3 3 0.003445 0.016294 0.353120 0.624551 0.002590
2 3 0.001291 0.008841 0.924985 0.063074 0.001809
3 3 0.000045 0.000463 0.021802 0.977436 0.000254
2 3 0.017948 0.045190 0.481176 0.443001 0.012684
2 3 0.006580 0.149016 0.530537 0.249181 0.064686
3 3 0.000025 0.000444 0.029026 0.970270 0.000235
3 3 0.007045 0.068187 0.448262 0.456312 0.020194
2 3 0.145349 0.199888 0.525398 0.041517 0.087848
2 2 0.008191 0.040460 0.946703 0.004150 0.000497
0 2 0.974313 0.016227 0.004999 0.000267 0.004194
2 2 0.005875 0.214955 0.736891 0.022096 0.020183
2 2 0.000695 0.037795 0.939993 0.003410 0.018107
2 2 0.000150 0.024909 0.852459 0.098719 0.023763
4 4 0.007923 0.121495 0.275941 0.003942 0.590700
2 4 0.000159 0.220316 0.581433 0.003151 0.194941
2 4 0.000515 0.211140 0.444873 0.001188 0.342284
4 4 0.005299 0.268217 0.085951 0.000017 0.640515
2 4 0.000061 0.047847 0.787576 0.000478 0.164037
1 4 0.006988 0.609460 0.306776 0.001485 0.075291
2 4 0.002930 0.251912 0.393289 0.000981 0.350889
4 4 0.002072 0.058239 0.189727 0.000529 0.749433
4 4 0.002368 0.220947 0.223642 0.000211 0.552832
4 4 0.005259 0.142858 0.291336 0.008278 0.552268
4 4 0.025794 0.177772 0.208992 0.016875 0.570568
4 4 0.005366 0.193354 0.121121 0.000567 0.679592
4 4 0.024332 0.053727 0.210963 0.009585 0.701394
4 4 0.006446 0.182229 0.162186 0.001346 0.647793
2 4 0.001758 0.191354 0.548948 0.017189 0.240750
4 4 0.001212 0.205665 0.324268 0.000655 0.468200
4 4 0.002752 0.134579 0.319905 0.001701 0.541062
4 4 0.002796 0.133717 0.238736 0.003933 0.620818
4 4 0.023068 0.165323 0.280017 0.000585 0.531007
4 4 0.009054 0.040750 0.003950 0.000000 0.946246
2 4 0.000707 0.084445 0.470959 0.000739 0.443150
4 4 0.006249 0.106664 0.277125 0.004131 0.605832
4 4 0.009544 0.028720 0.041011 0.000514 0.920211
2 4 0.000229 0.134482 0.671762 0.002029 0.191499
4 4 0.011965 0.054147 0.119059 0.002872 0.811957
4 4 0.018583 0.018515 0.054864 0.007594 0.900444
4 4 0.016000 0.127138 0.048962 0.000233 0.807667
4 4 0.003485 0.254148 0.285164 0.000375 0.456828
4 4 0.025814 0.118939 0.246183 0.053092 0.555971
2 4 0.006374 0.359371 0.387422 0.001502 0.245331
4 4 0.004924 0.124812 0.355338 0.004102 0.510824
4 4 0.029329 0.016251 0.007352 0.000686 0.946383
4 4 0.049548 0.013306 0.004268 0.000044 0.932834
4 4 0.007830 0.093816 0.118503 0.000493 0.779358
4 4 0.004271 0.065759 0.179323 0.000499 0.750147
4 4 0.010910 0.169351 0.097739 0.000015 0.721986
4 4 0.003247 0.143824 0.322007 0.001402 0.529520
4 4 0.003904 0.249421 0.197494 0.001325 0.547856
4 4 0.004560 0.019427 0.006913 0.000001 0.969099
4 4 0.010795 0.088757 0.103872 0.000786 0.795790
4 4 0.004368 0.099188 0.177481 0.002346 0.716617
4 4 0.011088 0.072750 0.031615 0.000415 0.884132
4 4 0.035280 0.185581 0.143083 0.005722 0.630333
4 4 0.001496 0.297230 0.259809 0.000276 0.441189
4 4 0.105923 0.023714 0.006622 0.000017 0.863725
4 4 0.009861 0.078679 0.026013 0.000037 0.885411
4 4 0.022509 0.033431 0.020637 0.000145 0.923277
4 4 0.006633 0.176642 0.123614 0.001527 0.691585
4 4 0.017308 0.053897 0.037020 0.000229 0.891546
4 4 0.006195 0.050522 0.097075 0.000372 0.845836
4 4 0.002697 0.075896 0.447993 0.004485 0.468930
4 4 0.004332 0.041011 0.071812 0.000255 0.882590
4 4 0.004112 0.128783 0.259289 0.000132 0.607684
1 4 0.005144 0.363981 0.281839 0.005280 0.343756
4 4 0.033554 0.086317 0.030434 0.000191 0.849503
4 1 0.006958 0.247294 0.235367 0.000166 0.510215
4 4 0.004103 0.190666 0.294928 0.000996 0.509308
2 4 0.000355 0.140662 0.564955 0.008218 0.285809
4 4 0.004435 0.036936 0.044446 0.000214 0.913969
4 4 0.002518 0.072917 0.195430 0.001048 0.728087
4 4 0.005599 0.126665 0.209920 0.002385 0.655431
4 4 0.003274 0.106486 0.202027 0.000151 0.688061
4 4 0.006354 0.037991 0.092070 0.000440 0.863145
4 4 0.001811 0.157186 0.064183 0.000029 0.776790
4 4 0.021087 0.094235 0.101550 0.013235 0.769893
2 4 0.000540 0.077494 0.600498 0.009368 0.312100
4 4 0.005538 0.153906 0.273695 0.000492 0.566368
4 4 0.006349 0.119943 0.269023 0.016495 0.588190
0 4 0.657638 0.113388 0.037026 0.000432 0.191516
4 4 0.002589 0.091111 0.301977 0.005058 0.599265
4 4 0.001044 0.113279 0.113227 0.000040 0.772411
4 4 0.002221 0.130944 0.318911 0.001898 0.546026
4 4 0.005184 0.258376 0.249769 0.002485 0.484185
0 1 0.518303 0.192140 0.059972 0.000381 0.229205
2 1 0.001244 0.259203 0.370905 0.002347 0.366302
4 1 0.003919 0.249754 0.301607 0.002853 0.441867
2 1 0.000530 0.220117 0.646711 0.002602 0.130039
2 4 0.003362 0.230212 0.401466 0.011909 0.353051
4 4 0.000426 0.192433 0.396459 0.000238 0.410444
4 4 0.001458 0.093509 0.318177 0.000435 0.586421
4 4 0.003660 0.163874 0.238795 0.003538 0.590133
4 4 0.018803 0.109088 0.149583 0.005042 0.717484
2 4 0.000766 0.190440 0.542415 0.008924 0.257454
4 4 0.008360 0.107777 0.092260 0.000150 0.791453
4 4 0.002613 0.117137 0.327089 0.005561 0.547599
2 4 0.000058 0.084632 0.778671 0.001025 0.135615
4 4 0.002057 0.110548 0.331511 0.003830 0.552055
2 4 0.005623 0.203828 0.391562 0.011754 0.387233
2 4 0.000984 0.165298 0.423594 0.001201 0.408923
2 4 0.000314 0.235919 0.448081 0.003945 0.311741
4 4 0.000669 0.126340 0.377925 0.000068 0.494997
2 4 0.000668 0.161387 0.490017 0.000332 0.347596
4 4 0.003138 0.178245 0.380119 0.002289 0.436208
4 4 0.000839 0.072201 0.260126 0.001392 0.665441
4 4 0.009246 0.041170 0.090644 0.001477 0.857463
2 4 0.000402 0.124675 0.692236 0.014895 0.167792
1 4 0.009850 0.384385 0.257433 0.001531 0.346801
4 4 0.000707 0.085604 0.415646 0.000917 0.497127
2 4 0.000463 0.187792 0.538268 0.000387 0.273090
4 4 0.001684 0.161559 0.248595 0.002208 0.585955
4 4 0.077142 0.027381 0.011867 0.001488 0.882122
4 4 0.013619 0.084666 0.180441 0.017954 0.703321
4 4 0.008934 0.075098 0.080531 0.000799 0.834637
4 4 0.001429 0.054251 0.200915 0.000821 0.742583
4 4 0.038742 0.073256 0.042746 0.005575 0.839682
4 4 0.028337 0.018102 0.007811 0.000316 0.945434
4 4 0.128548 0.170750 0.231294 0.001454 0.467954
4 4 0.044856 0.310469 0.172768 0.000612 0.471296
4 4 0.008110 0.298403 0.322443 0.001807 0.369236
2 4 0.002565 0.141095 0.573013 0.000221 0.283106
4 4 0.001900 0.099584 0.291071 0.000475 0.606969
2 4 0.001878 0.280558 0.545307 0.002125 0.170132
2 4 0.003224 0.121396 0.456251 0.009567 0.409562
4 4 0.002173 0.161614 0.159981 0.000595 0.675637
4 4 0.002441 0.079587 0.437396 0.022322 0.458254
4 4 0.003585 0.165974 0.136149 0.000055 0.694237
2 4 0.000779 0.164855 0.532795 0.001658 0.299913
4 4 0.001264 0.114985 0.419516 0.001207 0.463029
2 4 0.000117 0.083087 0.792625 0.004701 0.119469
2 4 0.001055 0.270447 0.438937 0.004397 0.285164
2 4 0.000807 0.156637 0.480397 0.002441 0.359718
2 4 0.000256 0.113102 0.644259 0.000880 0.241502
2 2 0.000202 0.057675 0.747290 0.001429 0.193405
2 2 0.000127 0.058318 0.846322 0.007951 0.087282
4 2 0.002554 0.109358 0.358214 0.006588 0.523287
2 2 0.000329 0.047178 0.804544 0.014075 0.133874
2 2 0.001343 0.082319 0.495786 0.010689 0.409862
4 2 0.003513 0.064048 0.269650 0.008772 0.654017
4 2 0.006274 0.046149 0.310030 0.044147 0.593400
4 2 0.004405 0.059447 0.218006 0.013251 0.704889
2 2 0.000034 0.026331 0.933276 0.008127 0.032231
2 2 0.000105 0.038625 0.763529 0.173716 0.024023
2 2 0.000200 0.083400 0.702350 0.005177 0.208872
2 2 0.000043 0.011140 0.927851 0.039249 0.021716
2 2 0.002357 0.164198 0.663129 0.053541 0.116774
2 2 0.000012 0.021664 0.948402 0.002185 0.027738
2 2 0.000167 0.048019 0.617079 0.000545 0.334190
2 2 0.000130 0.037661 0.896706 0.019805 0.045698
2 2 0.000460 0.066637 0.829042 0.002459 0.101402
2 2 0.000583 0.037351 0.789145 0.028897 0.144023
2 2 0.000108 0.043144 0.871929 0.005406 0.079414
2 2 0.000447 0.081405 0.822449 0.004093 0.091606
4 2 0.002428 0.136412 0.411735 0.004946 0.444480
2 2 0.000003 0.007229 0.976981 0.004620 0.011165
2 2 0.000034 0.042833 0.895207 0.001753 0.060173
2 2 0.000329 0.005988 0.973945 0.006837 0.012901
2 2 0.000176 0.018062 0.973027 0.000550 0.008185
2 2 0.000056 0.030865 0.916079 0.039815 0.013185
2 2 0.000000 0.000168 0.996829 0.002972 0.000031
2 2 0.000353 0.067585 0.825459 0.000309 0.106294
2 2 0.000002 0.009641 0.972391 0.000443 0.017523
2 2 0.000001 0.001194 0.982767 0.015557 0.000481
2 1 0.034103 0.229517 0.658606 0.021122 0.056651
2 2 0.001412 0.337467 0.472581 0.002380 0.186160
2 2 0.003702 0.338820 0.457213 0.003758 0.196507
2 2 0.109483 0.285250 0.361171 0.003855 0.240241
2 2 0.003665 0.319938 0.623032 0.006912 0.046453
2 2 0.001764 0.034707 0.960456 0.000035 0.003040
2 2 0.002642 0.109936 0.861471 0.005514 0.020437
2 2 0.000159 0.040103 0.956292 0.001100 0.002347
2 2 0.000754 0.078429 0.911266 0.000973 0.008577
2 2 0.000174 0.044221 0.949103 0.000540 0.005961
2 2 0.000581 0.061447 0.921348 0.000360 0.016263
2 2 0.000021 0.011533 0.987648 0.000319 0.000479
2 2 0.000248 0.034227 0.963285 0.000237 0.002003
2 2 0.000083 0.015135 0.983226 0.000167 0.001389
2 2 0.000396 0.053414 0.937692 0.000477 0.008021
2 2 0.005432 0.086617 0.866653 0.030044 0.011253
2 2 0.000192 0.021966 0.964231 0.011609 0.002001
2 2 0.000841 0.024421 0.970075 0.003687 0.000976
2 2 0.000859 0.214233 0.747049 0.006428 0.031431
2 2 0.001060 0.024309 0.970340 0.003300 0.000991
3 2 0.000102 0.015490 0.441148 0.540129 0.003130
2 2 0.002002 0.147285 0.814170 0.013036 0.023507
2 2 0.000001 0.001074 0.915991 0.082876 0.000059
2 2 0.000053 0.012278 0.967378 0.020097 0.000194
2 2 0.000299 0.031224 0.905849 0.057961 0.004667
2 2 0.001016 0.027992 0.953232 0.016236 0.001524
2 2 0.001483 0.038836 0.956926 0.002001 0.000754
2 2 0.000137 0.006292 0.992738 0.000406 0.000427
2 2 0.009095 0.024331 0.748877 0.214274 0.003422
2 2 0.000204 0.013022 0.950261 0.035324 0.001189
2 2 0.000000 0.000403 0.995451 0.004139 0.000006
2 2 0.003761 0.043989 0.940082 0.008402 0.003766
2 2 0.000000 0.000217 0.995917 0.003862 0.000003
2 2 0.000098 0.032771 0.952986 0.010166 0.003979
2 2 0.000114 0.026894 0.952816 0.018524 0.001652
2 2 0.000005 0.004278 0.952848 0.042205 0.000664
2 2 0.001762 0.050034 0.934573 0.010685 0.002946
3 2 0.000042 0.008757 0.480418 0.508646 0.002137
2 2 0.000017 0.005325 0.971445 0.021742 0.001470
2 2 0.001408 0.013723 0.925719 0.057871 0.001278
2 2 0.000114 0.015844 0.962968 0.019852 0.001221
2 2 0.000492 0.029067 0.938164 0.029991 0.002287
2 2 0.000582 0.039778 0.883186 0.074111 0.002343
2 2 0.000006 0.001117 0.601231 0.396764 0.000882
2 2 0.000029 0.006122 0.981218 0.011373 0.001258
2 2 0.000290 0.014639 0.606867 0.374061 0.004143
2 2 0.000006 0.000445 0.825739 0.173790 0.000020
2 2 0.000004 0.001815 0.644245 0.352960 0.000975
2 2 0.000006 0.000753 0.601986 0.397227 0.000028
3 3 0.000138 0.007255 0.364059 0.627644 0.000904
3 3 0.000221 0.004176 0.343625 0.651444 0.000534
2 3 0.012975 0.044952 0.842648 0.049350 0.050075
2 3 0.000084 0.016146 0.819368 0.162526 0.001876
2 2 0.000071 0.004185 0.889819 0.105608 0.000317
2 2 0.004051 0.032451 0.886913 0.074368 0.002217
2 2 0.000025 0.006751 0.975523 0.017045 0.000655
3 2 0.000000 0.000115 0.088023 0.911846 0.000015
2 2 0.000071 0.023637 0.963857 0.010669 0.001767
