0 0 0.976029 0.010915 0.005470 0.000196 0.007390
0 0 0.986153 0.007087 0.003050 0.000050 0.003659
0 0 0.665001 0.021673 0.008492 0.000024 0.304810
4 0 0.151358 0.025708 0.020383 0.000148 0.802404
4 0 0.299234 0.065166 0.013552 0.000006 0.622043
4 0 0.252999 0.033164 0.030762 0.000252 0.682823
0 0 0.979484 0.009492 0.004655 0.000143 0.006226
0 0 0.811028 0.059715 0.103811 0.010614 0.014831
0 0 0.879539 0.023482 0.010794 0.000137 0.086048
0 0 0.688846 0.035785 0.016839 0.000217 0.258312
0 0 0.615316 0.033990 0.018512 0.000159 0.332023
0 0 0.870671 0.022832 0.010250 0.000106 0.096141
0 0 0.613050 0.028117 0.011958 0.000064 0.346810
4 0 0.245649 0.062793 0.057001 0.000326 0.634231
4 0 0.234229 0.091274 0.063379 0.000206 0.610912
4 0 0.301675 0.054250 0.062252 0.001800 0.580024
1 0 0.098004 0.549880 0.184883 0.033130 0.134103
0 0 0.900601 0.048640 0.013874 0.000063 0.036822
0 0 0.939993 0.022544 0.028026 0.002046 0.007392
4 0 0.128103 0.276207 0.110380 0.001131 0.484179
0 0 0.627596 0.044807 0.022551 0.000484 0.304561
0 0 0.942904 0.024199 0.012516 0.000689 0.019692
0 0 0.985137 0.007748 0.003263 0.000052 0.003800
0 0 0.886933 0.064927 0.022455 0.000452 0.025233
0 0 0.392741 0.170981 0.145047 0.006621 0.284610
0 0 0.759433 0.021362 0.008581 0.000032 0.210592
4 0 0.141534 0.103165 0.026216 0.000060 0.729025
4 0 0.041246 0.097492 0.186972 0.000241 0.674048
0 0 0.548556 0.104749 0.064765 0.000071 0.281859
0 0 0.988199 0.004998 0.001593 0.000003 0.005206
0 0 0.486358 0.164467 0.112728 0.006731 0.229716
0 0 0.962492 0.011972 0.005359 0.000067 0.020109
0 0 0.521980 0.162591 0.060612 0.000066 0.254751
0 0 0.954031 0.010468 0.003667 0.000009 0.031824
0 0 0.914861 0.003049 0.000716 0.000000 0.081374
1 0 0.018287 0.488161 0.157851 0.000000 0.335701
0 0 0.372734 0.314573 0.034943 0.000006 0.277745
4 0 0.114386 0.186004 0.059258 0.000120 0.640231
1 0 0.205045 0.465346 0.078286 0.000198 0.251125
0 0 0.718950 0.146888 0.048677 0.001016 0.084468
0 0 0.784726 0.045481 0.016109 0.000087 0.153596
0 0 0.467422 0.311768 0.128807 0.004614 0.087388
0 0 0.613086 0.100155 0.070638 0.024826 0.191295
0 0 0.884368 0.049058 0.018849 0.000318 0.047407
0 0 0.380881 0.240947 0.146652 0.000311 0.231209
0 0 0.330919 0.253849 0.255932 0.005359 0.153940
0 0 0.937685 0.018018 0.008531 0.000156 0.035609
0 0 0.695851 0.139839 0.039467 0.000288 0.124555
0 0 0.923313 0.052627 0.014588 0.000144 0.009328
0 0 0.982751 0.008120 0.003887 0.000101 0.005141
0 0 0.753633 0.041597 0.021143 0.000550 0.183077
0 0 0.644059 0.028944 0.012494 0.000077 0.314427
0 0 0.917428 0.033846 0.010734 0.000054 0.037938
4 0 0.139705 0.031451 0.022954 0.000198 0.805691
0 0 0.689833 0.020881 0.008123 0.000022 0.281140
0 0 0.738125 0.010245 0.003169 0.000001 0.248460
0 0 0.994413 0.002700 0.001042 0.000005 0.001838
0 0 0.529794 0.314234 0.065563 0.000367 0.090042
0 0 0.882030 0.024064 0.010660 0.000118 0.083127
0 0 0.617122 0.273544 0.069018 0.000318 0.039998
0 0 0.568274 0.196905 0.130505 0.002825 0.101491
0 0 0.606547 0.142290 0.063125 0.003524 0.184513
0 0 0.984892 0.007205 0.003386 0.000077 0.004440
0 0 0.389771 0.364944 0.181581 0.016271 0.047434
0 0 0.853530 0.028809 0.017013 0.000210 0.100438
0 0 0.916318 0.022238 0.010158 0.000159 0.051127
0 0 0.813297 0.049153 0.023838 0.000765 0.112946
0 0 0.911599 0.044441 0.012062 0.000043 0.031856
0 0 0.948115 0.011282 0.004561 0.000023 0.036020
0 0 0.978413 0.008890 0.004074 0.000069 0.008554
0 0 0.954210 0.014938 0.007034 0.000130 0.023688
0 0 0.971143 0.012885 0.006627 0.000285 0.009060
0 0 0.777432 0.072252 0.022595 0.000124 0.127596
0 0 0.883618 0.026499 0.006430 0.000004 0.083450
0 0 0.626906 0.057847 0.032042 0.001512 0.281693
0 0 0.892243 0.042932 0.023011 0.001865 0.039950
0 0 0.611481 0.147097 0.038568 0.000164 0.202690
4 0 0.013651 0.184534 0.085446 0.000651 0.715719
4 0 0.111846 0.016275 0.006916 0.000026 0.864937
0 0 0.483216 0.050826 0.026527 0.000705 0.438726
0 0 0.815146 0.034711 0.014309 0.000128 0.135706
0 0 0.679826 0.166648 0.118571 0.003038 0.031917
0 0 0.563379 0.185549 0.192622 0.030217 0.028233
0 0 0.970426 0.010989 0.003258 0.000006 0.015320
0 0 0.832788 0.012534 0.004361 0.000005 0.150311
0 0 0.772601 0.024685 0.010507 0.000063 0.192143
0 0 0.913797 0.024420 0.012251 0.000342 0.049189
0 0 0.429724 0.150022 0.145674 0.004307 0.270273
4 0 0.239924 0.226890 0.211199 0.000052 0.321935
4 0 0.069212 0.154945 0.135811 0.001128 0.638905
4 0 0.197301 0.149847 0.094038 0.001838 0.556976
4 0 0.043000 0.244929 0.134467 0.000047 0.577556
4 0 0.083282 0.113849 0.354874 0.001128 0.446867
4 0 0.069980 0.154651 0.118706 0.000808 0.655856
4 0 0.016959 0.120800 0.043780 0.000001 0.818461
1 0 0.372627 0.405598 0.142229 0.008788 0.070758
1 0 0.267460 0.512581 0.181281 0.000108 0.038571
0 0 0.769727 0.177202 0.037058 0.000274 0.015740
0 0 0.752243 0.110563 0.028662 0.000113 0.108419
0 0 0.364848 0.296330 0.070285 0.000026 0.268510
0 0 0.642675 0.151315 0.026886 0.000019 0.179105
4 0 0.179730 0.148955 0.034171 0.000069 0.637075
4 0 0.141101 0.161231 0.241203 0.001346 0.455118
4 0 0.006684 0.175205 0.347897 0.000104 0.470111
4 1 0.010214 0.062792 0.026469 0.000036 0.900489
4 1 0.052659 0.116538 0.123497 0.000372 0.706935
4 1 0.017502 0.083792 0.042461 0.000015 0.856230
4 1 0.025734 0.063565 0.038761 0.000032 0.871908
4 1 0.002257 0.092755 0.344720 0.000204 0.560064
4 1 0.033191 0.116031 0.031392 0.000004 0.819382
4 1 0.007376 0.203786 0.044796 0.000001 0.744041
4 4 0.025220 0.048262 0.123093 0.000520 0.802906
4 4 0.053122 0.020770 0.007983 0.000011 0.918113
4 4 0.050219 0.047350 0.013558 0.000034 0.888838
4 4 0.050783 0.013545 0.009127 0.000026 0.926519
4 4 0.010859 0.018292 0.007708 0.000007 0.963134
4 4 0.053919 0.056959 0.036162 0.000011 0.852949
4 4 0.048034 0.044000 0.006429 0.000000 0.901537
4 4 0.005275 0.138078 0.149642 0.000008 0.706998
4 4 0.025818 0.125309 0.065967 0.000005 0.782901
4 4 0.006254 0.188869 0.179247 0.000004 0.625626
4 4 0.008238 0.066308 0.175932 0.000113 0.749409
4 4 0.079549 0.049375 0.019604 0.000210 0.851262
4 4 0.205554 0.265126 0.058306 0.000008 0.471006
4 4 0.010667 0.029621 0.009899 0.000011 0.949802
4 4 0.012333 0.051885 0.135682 0.000024 0.800076
4 4 0.010811 0.180353 0.143156 0.000052 0.665628
4 4 0.023704 0.154073 0.062721 0.000022 0.759480
4 4 0.019317 0.189691 0.174584 0.000662 0.615747
4 4 0.026440 0.056131 0.047884 0.000012 0.869532
4 4 0.078840 0.250037 0.078414 0.000043 0.592667
4 4 0.048751 0.156119 0.070556 0.000056 0.724519
4 4 0.021026 0.293340 0.224260 0.000644 0.460730
4 4 0.066667 0.128445 0.025027 0.000023 0.779838
4 4 0.009236 0.043034 0.026293 0.000004 0.921434
4 4 0.022428 0.295721 0.070389 0.000006 0.611456
4 4 0.001941 0.179056 0.288625 0.000061 0.530317
4 4 0.021802 0.275609 0.193384 0.000003 0.509203
4 4 0.002363 0.180657 0.344484 0.000120 0.472376
4 4 0.003944 0.238770 0.259102 0.000701 0.497483
2 4 0.001119 0.256356 0.601828 0.000507 0.140191
2 4 0.005890 0.145653 0.768005 0.000221 0.080231
2 4 0.002280 0.138653 0.786553 0.000142 0.072372
2 2 0.000248 0.039554 0.786773 0.147304 0.026121
2 2 0.003233 0.175738 0.511561 0.002366 0.307103
2 2 0.000190 0.042824 0.841260 0.009807 0.105919
2 2 0.000557 0.041231 0.940626 0.001047 0.016538
2 2 0.000101 0.007802 0.978337 0.008531 0.005229
2 2 0.000444 0.021738 0.956578 0.001894 0.019346
2 2 0.000056 0.004041 0.987949 0.002857 0.005096
2 2 0.000017 0.005512 0.991242 0.000842 0.002388
2 2 0.000028 0.003576 0.988199 0.005182 0.003014
2 2 0.000010 0.001019 0.997706 0.000864 0.000401
2 2 0.000021 0.002848 0.990495 0.005516 0.001121
2 2 0.000422 0.024417 0.881889 0.018221 0.075051
2 2 0.013572 0.193229 0.575105 0.016855 0.201239
2 2 0.008947 0.119910 0.598691 0.062780 0.209672
2 2 0.000006 0.002584 0.996646 0.000016 0.000748
2 2 0.000039 0.006322 0.971297 0.012195 0.010147
2 2 0.000000 0.000470 0.999367 0.000109 0.000054
2 2 0.000051 0.006581 0.987409 0.001343 0.004616
2 2 0.000003 0.001019 0.997688 0.001140 0.000151
2 2 0.000012 0.000490 0.996572 0.002825 0.000100
2 2 0.000043 0.001080 0.985766 0.012972 0.000139
2 2 0.000001 0.000138 0.995743 0.004101 0.000017
2 2 0.000393 0.012906 0.968081 0.013232 0.005387
2 2 0.000011 0.000409 0.524244 0.475242 0.000094
2 2 0.000001 0.000236 0.996847 0.002889 0.000027
2 2 0.000002 0.000218 0.923117 0.076648 0.000016
2 2 0.007030 0.013351 0.960225 0.018643 0.000750
2 2 0.000000 0.000251 0.977067 0.022633 0.000049
2 2 0.000067 0.002566 0.978148 0.019000 0.000219
2 2 0.000002 0.000151 0.959747 0.040055 0.000044
2 2 0.000000 0.000320 0.702037 0.297617 0.000026
2 3 0.011630 0.026452 0.860668 0.098779 0.002472
2 3 0.000042 0.000467 0.971608 0.027824 0.000060
2 3 0.000258 0.003103 0.876112 0.120132 0.000396
2 3 0.000000 0.000044 0.917626 0.082327 0.000002
2 3 0.000020 0.005079 0.725656 0.267356 0.001889
2 3 0.000151 0.006584 0.855570 0.136523 0.001173
3 3 0.000533 0.001144 0.396776 0.601423 0.000124
3 3 0.000001 0.000070 0.067378 0.932547 0.000004
3 3 0.000001 0.000248 0.403375 0.596375 0.000002
2 3 0.000434 0.004862 0.672470 0.321470 0.000764
2 3 0.000474 0.004261 0.638183 0.356552 0.000530
3 3 0.000007 0.000601 0.455374 0.543987 0.000031
2 3 0.000000 0.000078 0.956390 0.043531 0.000001
3 3 0.000002 0.000492 0.421966 0.577485 0.000055
2 3 0.000000 0.000073 0.795692 0.204231 0.000004
3 3 0.000234 0.007752 0.322062 0.667875 0.002077
3 3 0.000186 0.001001 0.152324 0.846367 0.000123
3 3 0.000012 0.000405 0.464427 0.535147 0.000009
2 3 0.003367 0.002394 0.580090 0.413855 0.000293
2 3 0.000146 0.006088 0.501880 0.490288 0.001598
2 3 0.002749 0.010214 0.533561 0.452340 0.001136
2 3 0.000100 0.001375 0.543811 0.453503 0.001210
3 3 0.000001 0.000368 0.410746 0.588873 0.000012
3 3 0.000005 0.000873 0.094897 0.904179 0.000046
3 3 0.000263 0.001858 0.042933 0.954150 0.000796
3 3 0.000001 0.000037 0.015268 0.984691 0.000004
2 3 0.000002 0.000334 0.584517 0.415132 0.000016
3 3 0.000006 0.000166 0.076013 0.923805 0.000011
3 3 0.000092 0.004205 0.285819 0.709711 0.000173
3 3 0.003403 0.015965 0.108241 0.861502 0.010890
3 3 0.000019 0.000362 0.390239 0.609360 0.000020
3 3 0.004887 0.007352 0.332469 0.651840 0.003452
3 3 0.000002 0.000138 0.045833 0.953993 0.000034
3 3 0.000000 0.000022 0.084647 0.915330 0.000001
3 3 0.000035 0.000259 0.007318 0.992293 0.000095
3 3 0.000007 0.000039 0.126146 0.873807 0.000001
3 3 0.000006 0.000102 0.014985 0.984882 0.000024
3 3 0.000000 0.000016 0.143735 0.856247 0.000001
3 3 0.000003 0.000308 0.347604 0.652052 0.000034
3 3 0.000011 0.000230 0.028227 0.971525 0.000008
2 3 0.000012 0.000915 0.827268 0.171664 0.000141
3 3 0.000042 0.000574 0.019609 0.979650 0.000126
3 3 0.000002 0.000218 0.173684 0.826089 0.000007
3 3 0.000002 0.000059 0.015378 0.984542 0.000020
3 3 0.000293 0.008105 0.130866 0.859893 0.000842
3 3 0.000015 0.000707 0.057230 0.941998 0.000050
3 3 0.000148 0.000844 0.151893 0.847009 0.000106
3 3 0.000002 0.000256 0.094483 0.905255 0.000003
3 3 0.000038 0.000203 0.010999 0.988723 0.000038
3 3 0.000591 0.002944 0.150490 0.845350 0.000625
3 3 0.000050 0.001893 0.091408 0.906072 0.000577
3 3 0.000090 0.000472 0.009415 0.989867 0.000156
3 3 0.000003 0.000097 0.038765 0.961112 0.000023
3 3 0.000311 0.001361 0.024538 0.973229 0.000562
3 3 0.003697 0.014508 0.200338 0.776614 0.004843
3 3 0.000000 0.000021 0.070222 0.929756 0.000001
3 3 0.000004 0.000380 0.070851 0.928729 0.000036
3 3 0.000035 0.000151 0.006656 0.993133 0.000025
3 3 0.000984 0.002788 0.023707 0.971134 0.001387
2 3 0.000555 0.013136 0.563722 0.421815 0.000773
2 3 0.005335 0.034081 0.602509 0.355703 0.002372
2 3 0.000474 0.055841 0.773841 0.158245 0.011599
3 3 0.002994 0.007901 0.488376 0.494665 0.006064
2 3 0.000001 0.000079 0.898086 0.101752 0.000082
2 3 0.005893 0.028028 0.821884 0.132156 0.012038
2 3 0.000036 0.001862 0.567233 0.430697 0.000172
2 2 0.000597 0.045797 0.799891 0.076474 0.077241
3 2 0.000001 0.000168 0.209458 0.790353 0.000020
2 2 0.000450 0.005445 0.828966 0.163082 0.002058
2 2 0.000040 0.005291 0.737223 0.257054 0.000392
2 2 0.000002 0.000340 0.518070 0.481571 0.000017
2 2 0.000102 0.003525 0.963749 0.030580 0.002045
2 2 0.046360 0.039534 0.479143 0.432647 0.002316
2 2 0.005385 0.094388 0.537483 0.351305 0.011439
3 2 0.001794 0.009236 0.354468 0.633177 0.001325
2 2 0.022523 0.177765 0.642076 0.100147 0.057488
2 2 0.054581 0.218682 0.514801 0.036985 0.174951
2 2 0.000088 0.003652 0.964186 0.031589 0.000486
2 2 0.006577 0.022054 0.902769 0.067923 0.000677
3 2 0.000161 0.010179 0.456189 0.529811 0.003659
3 2 0.000014 0.000291 0.391992 0.607657 0.000047
2 2 0.000232 0.006356 0.976704 0.016078 0.000630
2 2 0.000005 0.000576 0.905036 0.094339 0.000046
2 2 0.000030 0.003582 0.786347 0.209828 0.000212
2 2 0.000410 0.002948 0.608056 0.388487 0.000100
2 2 0.000519 0.006277 0.983421 0.009341 0.000441
2 2 0.000466 0.002319 0.568349 0.428590 0.000276
3 2 0.000038 0.000417 0.023370 0.976046 0.000130
2 2 0.000382 0.007006 0.571645 0.420134 0.000833
2 2 0.000006 0.000968 0.773115 0.225888 0.000023
2 2 0.000000 0.000173 0.997470 0.002347 0.000010
2 2 0.000883 0.010180 0.941943 0.044442 0.002552
2 2 0.000148 0.014450 0.900355 0.072680 0.012367
2 2 0.000368 0.031979 0.939097 0.010157 0.018399
2 2 0.000025 0.002584 0.992849 0.004213 0.000329
2 2 0.000304 0.006565 0.927806 0.057123 0.008202
2 2 0.001115 0.019151 0.964659 0.009348 0.005727
2 2 0.000414 0.007587 0.971032 0.017808 0.003159
2 2 0.000069 0.001790 0.940585 0.057437 0.000119
2 2 0.000228 0.009764 0.953449 0.030966 0.005593
2 2 0.001553 0.010834 0.785278 0.198617 0.003718
0 2 0.478788 0.049217 0.429689 0.035514 0.006791
2 2 0.010590 0.034577 0.743178 0.209425 0.002230
2 2 0.000789 0.031751 0.792816 0.148194 0.026451
3 2 0.000014 0.005580 0.414583 0.579438 0.000385
2 2 0.002133 0.030099 0.936288 0.018346 0.013134
2 2 0.000025 0.001228 0.955642 0.043041 0.000063
2 2 0.000372 0.024661 0.960536 0.006944 0.007488
2 2 0.001002 0.039904 0.955671 0.001734 0.001689
2 2 0.000010 0.001297 0.859676 0.138947 0.000071
2 2 0.000104 0.010505 0.944798 0.033947 0.010646
2 2 0.000001 0.000327 0.994102 0.005563 0.000006
2 2 0.000021 0.002962 0.982929 0.011916 0.002172
2 2 0.000469 0.024669 0.955325 0.015336 0.004201
2 2 0.005025 0.076248 0.870498 0.028206 0.020023
2 2 0.000061 0.001435 0.909127 0.089338 0.000039
2 2 0.005027 0.074378 0.864956 0.019736 0.035903
2 2 0.000000 0.000071 0.985022 0.014907 0.000001
2 2 0.000017 0.000798 0.539688 0.457791 0.001706
2 2 0.000009 0.001563 0.966405 0.031810 0.000213
2 2 0.000002 0.000468 0.943757 0.055742 0.000031
2 2 0.001168 0.010427 0.918555 0.068045 0.001806
2 2 0.000068 0.000939 0.978468 0.020481 0.000044
3 2 0.065156 0.084304 0.261708 0.557693 0.031139
3 2 0.000130 0.008355 0.426709 0.564276 0.000530
2 2 0.002617 0.012394 0.973016 0.009120 0.002853
2 2 0.008715 0.101318 0.839253 0.009251 0.041463
1 0 0.393708 0.447941 0.108488 0.003141 0.046722
1 0 0.279606 0.363809 0.218493 0.056527 0.081565
0 0 0.446087 0.258298 0.130641 0.037955 0.127019
0 0 0.772251 0.101997 0.053733 0.008198 0.063820
1 0 0.030946 0.429367 0.333361 0.172107 0.034219
4 0 0.179951 0.294951 0.111173 0.000210 0.413715
4 0 0.080257 0.238589 0.224219 0.000484 0.456451
1 0 0.173736 0.378733 0.139486 0.007583 0.300461
0 0 0.960845 0.013112 0.008126 0.000129 0.017789
4 0 0.197320 0.049632 0.010533 0.000004 0.742510
4 0 0.110312 0.233970 0.057447 0.000010 0.598262
4 0 0.019761 0.221787 0.207670 0.000057 0.550725
4 1 0.027775 0.358507 0.148212 0.000008 0.465498
2 1 0.003193 0.187620 0.699348 0.026633 0.083206
2 1 0.022282 0.172096 0.457807 0.000137 0.347677
4 1 0.011292 0.261879 0.301953 0.001923 0.422953
1 0 0.246275 0.435904 0.108301 0.000237 0.209283
4 0 0.131667 0.250464 0.199417 0.000239 0.418213
4 0 0.010929 0.173867 0.203077 0.004796 0.607331
4 0 0.123415 0.286391 0.263891 0.001595 0.324707
4 1 0.198037 0.334839 0.077095 0.000062 0.389966
4 1 0.055820 0.229029 0.205119 0.000223 0.509810
4 1 0.086938 0.258920 0.126884 0.000031 0.527228
2 1 0.008542 0.196404 0.620965 0.001524 0.172565
4 1 0.003291 0.232451 0.104880 0.000095 0.659283
2 1 0.000430 0.038211 0.896690 0.042883 0.021786
2 1 0.001286 0.053772 0.922211 0.006696 0.016035
2 1 0.000781 0.050947 0.890635 0.009293 0.048344
2 1 0.001379 0.147182 0.698787 0.014574 0.138078
2 1 0.001213 0.073757 0.901326 0.002453 0.021252
1 1 0.362469 0.415377 0.110993 0.001068 0.110093
4 1 0.209202 0.279620 0.114824 0.000539 0.395816
4 2 0.049902 0.109868 0.151871 0.000132 0.688227
4 2 0.008061 0.306687 0.285239 0.004152 0.395860
4 2 0.021633 0.357562 0.158620 0.006835 0.455350
4 2 0.023178 0.058639 0.024152 0.000644 0.893387
2 2 0.002515 0.174343 0.629539 0.000282 0.193321
2 2 0.069494 0.109035 0.648840 0.005387 0.167244
2 2 0.011826 0.088593 0.876845 0.000311 0.022425
2 2 0.001741 0.038428 0.930964 0.003811 0.025055
2 2 0.000379 0.034505 0.933369 0.001328 0.030419
2 2 0.000743 0.013137 0.981838 0.003378 0.000904
2 2 0.006367 0.063428 0.927842 0.001452 0.000911
4 2 0.063118 0.261095 0.107988 0.000207 0.567593
4 2 0.109315 0.169552 0.044652 0.000195 0.676285
2 2 0.000827 0.106278 0.883913 0.006165 0.002818
1 2 0.069392 0.502255 0.177932 0.001882 0.248539
2 2 0.002609 0.058684 0.858549 0.019642 0.060515
2 2 0.006479 0.062666 0.883678 0.009449 0.037729
4 2 0.038552 0.248495 0.214259 0.000199 0.498495
2 2 0.030599 0.170173 0.627288 0.004632 0.167307
2 2 0.004502 0.141975 0.764391 0.046986 0.042145
4 2 0.029370 0.397807 0.118748 0.002182 0.451894
2 2 0.000201 0.050912 0.897035 0.041844 0.010007
2 2 0.014113 0.220350 0.387233 0.033047 0.345257
2 2 0.024589 0.270151 0.526380 0.005188 0.173693
4 2 0.005085 0.129814 0.321999 0.002639 0.540463
2 2 0.000161 0.024401 0.852919 0.109220 0.013299
2 2 0.000735 0.028696 0.924246 0.009283 0.037041
2 2 0.004280 0.056454 0.894615 0.029845 0.014806
2 2 0.000965 0.033784 0.845944 0.061814 0.057494
2 2 0.001710 0.116588 0.647892 0.006966 0.226843
2 2 0.000061 0.010336 0.967415 0.003647 0.018540
2 2 0.000960 0.057809 0.828221 0.006477 0.106533
0 1 0.409389 0.305185 0.075287 0.000621 0.209517
4 1 0.208942 0.209321 0.067927 0.000519 0.513291
1 1 0.084411 0.353670 0.340672 0.000736 0.220512
2 1 0.006417 0.259674 0.436625 0.001064 0.296221
4 1 0.017282 0.136653 0.166881 0.000106 0.679078
4 1 0.074765 0.210805 0.090727 0.000022 0.623680
4 1 0.026711 0.129234 0.091348 0.000192 0.752514
4 4 0.017935 0.028932 0.012933 0.000038 0.940162
4 4 0.009264 0.120594 0.087247 0.000000 0.782895
4 4 0.025699 0.062006 0.019301 0.000012 0.892982
4 4 0.058810 0.100957 0.066620 0.000404 0.773208
4 4 0.029000 0.039640 0.041792 0.000118 0.889450
4 4 0.029971 0.126816 0.046954 0.000196 0.796063
2 4 0.039862 0.169576 0.463040 0.004081 0.323442
4 4 0.014391 0.045193 0.035383 0.000082 0.904951
4 4 0.092292 0.022804 0.013868 0.000108 0.870928
4 4 0.027734 0.027115 0.015571 0.000011 0.929568
4 4 0.025767 0.022411 0.014284 0.000103 0.937435
4 4 0.017576 0.048485 0.017820 0.000024 0.916095
4 4 0.097814 0.018900 0.008634 0.000058 0.874594
4 4 0.020297 0.016465 0.006526 0.000037 0.956674
4 4 0.016879 0.011155 0.005106 0.000042 0.966818
4 4 0.043818 0.013906 0.010216 0.000033 0.932025
4 4 0.063598 0.016138 0.007528 0.000056 0.912680
4 4 0.040986 0.047582 0.011452 0.000001 0.899979
4 4 0.226259 0.021779 0.008756 0.000027 0.743180
4 4 0.074379 0.017284 0.010998 0.000035 0.897304
4 4 0.015568 0.008369 0.005864 0.000022 0.970178
4 4 0.036202 0.021134 0.011918 0.000383 0.930363
4 4 0.064459 0.163192 0.076076 0.000144 0.696129
4 4 0.009188 0.036164 0.070770 0.000017 0.883861
4 4 0.012035 0.074131 0.106856 0.000161 0.806817
4 4 0.024816 0.016067 0.005345 0.000012 0.953760
4 4 0.026720 0.188935 0.221239 0.000013 0.563093
4 4 0.007416 0.030616 0.012129 0.000003 0.949837
4 4 0.022553 0.054558 0.012646 0.000001 0.910243
4 4 0.092632 0.207753 0.220554 0.000041 0.479020
4 4 0.018189 0.174173 0.325215 0.000061 0.482362
2 2 0.005421 0.291405 0.371048 0.000324 0.331803
2 2 0.002461 0.049632 0.619683 0.002047 0.326176
2 2 0.007205 0.093902 0.556880 0.000903 0.341109
2 2 0.006231 0.137649 0.441821 0.000332 0.413967
4 2 0.027788 0.152536 0.328619 0.002290 0.488766
4 2 0.006362 0.252683 0.209200 0.000106 0.531649
2 2 0.001864 0.090856 0.706272 0.008433 0.192574
2 2 0.000076 0.012279 0.875646 0.105210 0.006789
2 2 0.000605 0.055512 0.855732 0.013778 0.074373
4 2 0.048436 0.328070 0.214443 0.000269 0.408781
2 2 0.004653 0.220817 0.541542 0.000039 0.232949
2 2 0.000075 0.007423 0.984713 0.001093 0.006697
2 2 0.064625 0.315979 0.549476 0.000266 0.069654
2 2 0.005137 0.197636 0.588584 0.004751 0.203892
4 2 0.005444 0.184031 0.285928 0.002091 0.522507
2 2 0.000007 0.014544 0.977761 0.001304 0.006384
2 0 0.000343 0.048975 0.926723 0.019417 0.004542
0 0 0.511190 0.379193 0.094760 0.000139 0.014718
0 0 0.409327 0.271270 0.072318 0.000693 0.246391
4 0 0.048293 0.276900 0.107636 0.000198 0.566974
4 1 0.029724 0.241999 0.209431 0.000034 0.518812
4 1 0.024207 0.193995 0.370880 0.001645 0.409273
4 1 0.004215 0.276356 0.341132 0.000395 0.377902
4 1 0.003406 0.116886 0.104574 0.000007 0.775127
2 1 0.018517 0.277929 0.566447 0.000103 0.137003
4 1 0.004469 0.300934 0.262141 0.000548 0.431908
2 2 0.001456 0.145724 0.583873 0.009841 0.259106
2 2 0.001525 0.151851 0.676221 0.007316 0.163087
2 2 0.000508 0.042047 0.837337 0.086371 0.033737
4 2 0.048690 0.167527 0.365520 0.000308 0.417955
2 2 0.000322 0.086810 0.882605 0.012128 0.018135
2 2 0.000175 0.021719 0.971768 0.000619 0.005720
2 2 0.000752 0.061191 0.862005 0.008080 0.067972
2 2 0.000471 0.044679 0.926314 0.000523 0.028012
2 2 0.000043 0.005145 0.993077 0.000368 0.001367
2 2 0.001208 0.041090 0.887518 0.037292 0.032892
1 2 0.044016 0.405736 0.389036 0.000003 0.161210
2 2 0.001525 0.187378 0.720584 0.012302 0.078211
2 2 0.001949 0.037269 0.895144 0.009026 0.056613
2 2 0.003517 0.083367 0.850976 0.009117 0.053024
2 2 0.000001 0.001041 0.998626 0.000248 0.000083
2 2 0.002772 0.044206 0.911783 0.001670 0.039569
2 2 0.000011 0.005380 0.968597 0.023335 0.002677
4 2 0.005468 0.120905 0.282442 0.000070 0.591115
2 2 0.033935 0.175823 0.559322 0.000283 0.230637
1 2 0.040136 0.442398 0.248173 0.000990 0.268304
2 2 0.009599 0.353852 0.467999 0.009311 0.159239
2 2 0.001259 0.014582 0.971643 0.007837 0.004679
2 2 0.001965 0.045843 0.906521 0.000578 0.045092
2 2 0.000386 0.010746 0.955998 0.027487 0.005383
2 2 0.000300 0.029298 0.892848 0.067951 0.009603
2 2 0.000300 0.017808 0.977313 0.000485 0.004094
2 2 0.000055 0.009950 0.987018 0.001154 0.001823
2 2 0.000163 0.013488 0.948303 0.029926 0.008120
2 2 0.001128 0.015097 0.922420 0.053359 0.007995
2 2 0.204117 0.259306 0.404547 0.005615 0.126416
2 2 0.001860 0.027436 0.947952 0.020677 0.002075
4 2 0.000081 0.194590 0.199755 0.000007 0.605567
2 2 0.000271 0.013335 0.963622 0.006163 0.016609
2 2 0.000244 0.006467 0.985972 0.001475 0.005842
2 2 0.000003 0.001786 0.997482 0.000424 0.000305
2 2 0.000005 0.001480 0.969901 0.026419 0.002194
2 2 0.000676 0.018614 0.933251 0.012389 0.035070
2 2 0.000671 0.013157 0.981788 0.003144 0.001241
2 2 0.000001 0.001133 0.963049 0.035303 0.000514
2 2 0.000036 0.004328 0.991060 0.002370 0.002206
2 2 0.000008 0.001758 0.993942 0.003412 0.000880
2 2 0.000003 0.000702 0.974661 0.024590 0.000044
2 2 0.000125 0.004928 0.969327 0.021760 0.003860
2 2 0.001786 0.016401 0.975032 0.002695 0.004087
2 2 0.000033 0.001515 0.943000 0.054766 0.000685
2 2 0.000000 0.000018 0.972554 0.027421 0.000006
2 2 0.000023 0.001418 0.987343 0.010376 0.000841
2 2 0.000049 0.007476 0.867112 0.114339 0.011023
2 2 0.000128 0.004772 0.976142 0.018711 0.000246
2 2 0.000004 0.001780 0.890509 0.105835 0.001873
2 2 0.000000 0.000049 0.803321 0.196628 0.000002
2 2 0.001950 0.013284 0.597797 0.385759 0.001210
2 2 0.160894 0.127648 0.571390 0.111103 0.028965
2 2 0.064949 0.131589 0.602118 0.192438 0.008906
2 2 0.019362 0.235032 0.600626 0.004031 0.140950
2 2 0.012337 0.264352 0.559062 0.007730 0.156519
2 2 0.008146 0.187337 0.718057 0.006210 0.080250
2 2 0.000846 0.057664 0.920720 0.004281 0.016489
2 2 0.000601 0.014071 0.913850 0.062764 0.008714
2 2 0.043900 0.292200 0.591851 0.008794 0.063254
0 2 0.379267 0.261784 0.271054 0.000829 0.087065
2 2 0.000400 0.067768 0.832711 0.000918 0.098203
2 2 0.000007 0.007485 0.971131 0.019799 0.001578
2 2 0.000056 0.006493 0.986312 0.003498 0.003641
2 2 0.000208 0.009446 0.946184 0.036771 0.007391
2 2 0.000052 0.004538 0.992460 0.000545 0.002405
2 2 0.000017 0.002532 0.979147 0.016099 0.002204
2 2 0.000012 0.010829 0.961493 0.007640 0.020026
2 2 0.000363 0.009723 0.985537 0.000708 0.003669
2 2 0.000471 0.017305 0.977160 0.000317 0.004748
2 2 0.000004 0.000762 0.995119 0.003962 0.000154
2 2 0.000057 0.003260 0.995032 0.000411 0.001239
2 2 0.000327 0.007932 0.967428 0.008290 0.016023
2 2 0.000855 0.014591 0.965414 0.009515 0.009625
2 2 0.000011 0.000588 0.973434 0.025866 0.000101
2 2 0.000075 0.007674 0.978684 0.001908 0.011659
2 2 0.000000 0.000022 0.991518 0.008457 0.000002
2 2 0.000059 0.016006 0.893893 0.088624 0.001418
2 2 0.000119 0.030279 0.892078 0.064149 0.013375
2 2 0.006380 0.050342 0.927867 0.013525 0.001886
2 2 0.058469 0.156065 0.584266 0.193554 0.007645
2 2 0.034862 0.337193 0.548550 0.005929 0.073467
2 2 0.000044 0.009012 0.855904 0.131300 0.003741
2 2 0.014800 0.054189 0.767120 0.158323 0.005568
2 2 0.025824 0.313501 0.398781 0.000213 0.261681
2 2 0.011714 0.322705 0.560908 0.049051 0.055622
2 2 0.000738 0.027295 0.939926 0.001249 0.030792
2 2 0.000073 0.008323 0.870742 0.114269 0.006592
2 2 0.000865 0.020417 0.895381 0.043819 0.039517
2 2 0.000011 0.002448 0.921263 0.074681 0.001597
2 2 0.000253 0.038140 0.917991 0.003067 0.040549
2 2 0.000677 0.028451 0.943438 0.024748 0.002687
2 2 0.047385 0.258099 0.628205 0.001500 0.064811
2 2 0.003479 0.137612 0.636989 0.011706 0.210214
4 2 0.126547 0.364241 0.128994 0.000002 0.380216
2 2 0.002196 0.129117 0.832533 0.000169 0.035985
0 2 0.392237 0.287657 0.079358 0.000993 0.239756
4 2 0.010327 0.174289 0.081551 0.000067 0.733767
2 2 0.002474 0.236868 0.673526 0.012313 0.074820
2 2 0.001887 0.041421 0.877074 0.040634 0.038983
2 2 0.000027 0.004919 0.875929 0.118204 0.000922
2 2 0.000153 0.014409 0.984693 0.000326 0.000418
2 2 0.000349 0.013473 0.984139 0.001786 0.000253
2 2 0.000251 0.011004 0.893909 0.093410 0.001426
2 2 0.008629 0.067672 0.886633 0.027871 0.009195
2 2 0.000917 0.026219 0.921330 0.044031 0.007503
2 2 0.000783 0.016645 0.966962 0.013347 0.002263
2 2 0.000970 0.067638 0.887484 0.034178 0.009731
2 2 0.000037 0.002571 0.982636 0.014630 0.000126
2 2 0.001017 0.014640 0.933344 0.003854 0.047145
2 2 0.000221 0.003635 0.926044 0.066740 0.003359
2 2 0.001627 0.140292 0.748451 0.017304 0.092325
2 2 0.000022 0.003082 0.993954 0.000580 0.002362
2 2 0.000181 0.019858 0.974285 0.000658 0.005018
2 2 0.000216 0.005806 0.970844 0.019132 0.004002
2 2 0.000000 0.000329 0.996287 0.003352 0.000031
2 2 0.000074 0.008986 0.962049 0.025057 0.003835
2 2 0.000457 0.006999 0.974347 0.014875 0.003321
2 2 0.000633 0.023895 0.936468 0.019458 0.019546
2 2 0.000149 0.041208 0.903610 0.027046 0.027987
2 2 0.000013 0.002068 0.993620 0.003480 0.000818
2 2 0.000307 0.027878 0.854925 0.113857 0.003032
2 2 0.000110 0.004149 0.990973 0.003322 0.001446
2 2 0.000000 0.000023 0.993418 0.006559 0.000000
2 2 0.000479 0.025673 0.926097 0.009240 0.038512
2 2 0.000566 0.025963 0.958581 0.014011 0.000879
2 2 0.000010 0.001500 0.997403 0.000897 0.000189
2 2 0.000151 0.011701 0.741099 0.241093 0.005956
2 2 0.000000 0.000141 0.957788 0.042058 0.000012
2 2 0.000620 0.010226 0.979279 0.001287 0.008588
2 2 0.003356 0.015006 0.944263 0.021200 0.016174
2 2 0.000012 0.001908 0.947012 0.050464 0.000605
2 2 0.000568 0.004407 0.979504 0.014227 0.001295
2 2 0.000224 0.040308 0.903781 0.016580 0.039107
2 2 0.000011 0.000736 0.964471 0.034753 0.000029
2 2 0.004800 0.073221 0.786386 0.128750 0.006843
2 2 0.000221 0.017857 0.956659 0.023407 0.001856
2 2 0.000516 0.009897 0.948508 0.038368 0.002711
2 2 0.000327 0.004546 0.975984 0.017654 0.001489
2 2 0.000270 0.023565 0.886523 0.081788 0.007854
2 2 0.000234 0.003167 0.988802 0.006658 0.001140
2 2 0.000037 0.002163 0.980751 0.015772 0.001278
2 2 0.000007 0.000962 0.985559 0.013450 0.000021
2 2 0.000488 0.005352 0.963112 0.021275 0.009773
2 2 0.001511 0.005236 0.564526 0.424160 0.004567
2 2 0.028478 0.282604 0.668010 0.000561 0.020346
2 2 0.018032 0.123925 0.476991 0.353162 0.027890
2 2 0.003683 0.025497 0.935261 0.030725 0.004834
2 2 0.000116 0.013362 0.777736 0.203890 0.004896
2 2 0.000017 0.001637 0.992293 0.005761 0.000291
3 2 0.000000 0.000153 0.354692 0.645147 0.000007
2 2 0.000010 0.001526 0.895360 0.102989 0.000115
2 2 0.000815 0.005507 0.893149 0.098707 0.001823
2 2 0.000092 0.000799 0.740644 0.258081 0.000383
2 2 0.000000 0.000042 0.943215 0.056742 0.000001
2 2 0.000047 0.006159 0.885039 0.108107 0.000647
2 2 0.000098 0.006126 0.800704 0.187712 0.005360
2 2 0.004024 0.044972 0.736790 0.003667 0.210547
2 2 0.000684 0.033114 0.903097 0.034279 0.028825
2 2 0.000187 0.040409 0.779663 0.163855 0.015886
2 2 0.001133 0.062947 0.631295 0.021051 0.283573
4 2 0.006019 0.146866 0.350550 0.002663 0.493901
4 4 0.014045 0.011278 0.006117 0.000126 0.968433
4 4 0.031919 0.016501 0.008760 0.000169 0.942651
4 4 0.051922 0.011451 0.004839 0.000017 0.931771
4 4 0.186352 0.012776 0.004619 0.000005 0.796247
4 4 0.016026 0.018763 0.009685 0.000257 0.955270
4 4 0.203481 0.049859 0.020693 0.000196 0.725771
4 4 0.005556 0.020741 0.127145 0.001353 0.845205
4 4 0.074879 0.041118 0.017492 0.000099 0.866411
4 4 0.062583 0.034595 0.015822 0.000250 0.886751
4 4 0.043708 0.013100 0.008957 0.000051 0.934184
4 4 0.118074 0.032058 0.014468 0.000152 0.835247
4 4 0.032728 0.005626 0.002443 0.000002 0.959200
4 4 0.232220 0.018694 0.005780 0.000004 0.743303
4 4 0.050361 0.022637 0.012319 0.000310 0.914372
4 4 0.223000 0.034131 0.023182 0.000163 0.719525
4 4 0.236273 0.014557 0.006491 0.000005 0.742673
4 4 0.016936 0.029883 0.032862 0.000075 0.920244
4 4 0.045770 0.041322 0.033475 0.004664 0.874769
4 4 0.024211 0.047264 0.022146 0.000023 0.906356
4 4 0.006254 0.035451 0.024179 0.000023 0.934093
4 4 0.111280 0.360146 0.112850 0.004340 0.411383
4 4 0.005665 0.019615 0.014667 0.000080 0.959973
4 4 0.003052 0.081723 0.161757 0.000350 0.753118
4 4 0.144151 0.054581 0.050528 0.000131 0.750609
4 4 0.015377 0.065083 0.083523 0.001013 0.835005
4 4 0.027832 0.065901 0.026204 0.000003 0.880060
4 4 0.030421 0.112015 0.047268 0.000085 0.810211
4 4 0.016838 0.017624 0.011486 0.000036 0.954016
4 4 0.005035 0.211577 0.235097 0.000074 0.548218
4 4 0.029942 0.049763 0.024040 0.001029 0.895226
4 4 0.021744 0.015229 0.005342 0.000015 0.957670
4 4 0.185559 0.182955 0.080832 0.000052 0.550601
4 4 0.014747 0.016289 0.005783 0.000002 0.963179
4 4 0.044664 0.010714 0.003870 0.000003 0.940749
4 4 0.021508 0.008988 0.004185 0.000026 0.965293
4 4 0.122682 0.029505 0.015082 0.000260 0.832471
4 4 0.025904 0.080075 0.042057 0.000422 0.851542
4 4 0.025093 0.007032 0.002935 0.000008 0.964933
4 4 0.098437 0.033134 0.013833 0.000030 0.854566
4 4 0.108089 0.019520 0.008865 0.000057 0.863469
4 4 0.019366 0.028828 0.013215 0.000086 0.938505
4 4 0.018868 0.006377 0.002713 0.000008 0.972034
4 4 0.403792 0.017009 0.005719 0.000005 0.573474
4 4 0.027932 0.005480 0.002825 0.000002 0.963761
4 4 0.148634 0.004389 0.001109 0.000000 0.845868
4 4 0.032140 0.024495 0.009057 0.000047 0.934262
4 4 0.059599 0.046929 0.023729 0.000050 0.869694
4 4 0.116639 0.018472 0.006612 0.000012 0.858264
4 4 0.026388 0.025711 0.026137 0.001305 0.920458
4 4 0.066947 0.024999 0.007762 0.000013 0.900279
4 4 0.097264 0.031603 0.010119 0.000013 0.861001
4 4 0.327401 0.028839 0.017778 0.000056 0.625927
4 4 0.008557 0.018928 0.020707 0.000217 0.951590
4 4 0.060841 0.012356 0.011578 0.000009 0.915216
4 4 0.053477 0.133894 0.079508 0.000107 0.733013
4 4 0.040567 0.029139 0.013817 0.000068 0.916409
4 4 0.003921 0.029105 0.028196 0.000003 0.938775
4 4 0.004077 0.032171 0.073276 0.000012 0.890464
4 4 0.070375 0.023275 0.012053 0.000049 0.894249
4 4 0.006194 0.186098 0.095711 0.000038 0.711959
4 4 0.003529 0.054800 0.073212 0.000034 0.868424
4 4 0.003814 0.101824 0.178805 0.000026 0.715531
4 4 0.006120 0.052949 0.024419 0.000091 0.916421
4 4 0.042528 0.053480 0.015300 0.000009 0.888683
4 4 0.010187 0.150796 0.056925 0.000301 0.781791
4 4 0.014567 0.066415 0.079736 0.000055 0.839228
4 4 0.005035 0.116758 0.182539 0.001142 0.694526
4 4 0.015431 0.055013 0.036624 0.000080 0.892852
4 4 0.043527 0.175844 0.079959 0.000970 0.699699
4 4 0.023180 0.202846 0.359767 0.002388 0.411818
4 4 0.016032 0.176244 0.043700 0.000427 0.763597
4 4 0.010115 0.106980 0.068869 0.000421 0.813615
4 4 0.013262 0.164961 0.367380 0.001330 0.453068
4 4 0.012444 0.200305 0.176450 0.000112 0.610688
4 4 0.009673 0.161368 0.086914 0.000435 0.741610
4 4 0.003769 0.151450 0.323829 0.000003 0.520948
4 4 0.008340 0.220694 0.333728 0.000053 0.437185
2 4 0.033459 0.319146 0.364449 0.000105 0.282841
4 4 0.029943 0.100501 0.052272 0.000045 0.817239
4 4 0.071153 0.233420 0.063567 0.000162 0.631698
4 4 0.005099 0.109992 0.197952 0.000994 0.685964
4 4 0.006029 0.192322 0.237099 0.000377 0.564173
2 1 0.003816 0.160050 0.445116 0.002618 0.388400
2 1 0.000183 0.089241 0.791583 0.001284 0.117709
2 1 0.001167 0.172497 0.643645 0.004064 0.178627
2 2 0.000155 0.026344 0.878789 0.047078 0.047635
4 2 0.006058 0.272468 0.265173 0.000020 0.456281
2 2 0.005235 0.221926 0.439032 0.010139 0.323668
2 2 0.001958 0.112916 0.562264 0.002498 0.320365
2 2 0.002616 0.076966 0.599533 0.002731 0.318155
2 2 0.000021 0.020784 0.929905 0.000628 0.048662
2 2 0.000271 0.035607 0.871434 0.001187 0.091501
2 2 0.000019 0.003421 0.991949 0.000778 0.003833
2 2 0.000084 0.010085 0.976846 0.001205 0.011779
2 2 0.028693 0.053916 0.878008 0.003845 0.035538
2 2 0.002868 0.129016 0.759519 0.009653 0.098945
2 2 0.000116 0.042487 0.927199 0.008591 0.021606
2 2 0.003250 0.170690 0.547593 0.002313 0.276155
2 2 0.000003 0.002365 0.994952 0.000816 0.001864
2 2 0.000409 0.088862 0.830689 0.002762 0.077278
2 2 0.001618 0.113151 0.777422 0.048613 0.059196
2 2 0.000351 0.076326 0.835988 0.006349 0.080986
4 2 0.032530 0.159967 0.144814 0.000225 0.662464
4 2 0.088822 0.356311 0.124754 0.000538 0.429575
1 2 0.137489 0.346271 0.178049 0.000025 0.338165
4 2 0.038032 0.196385 0.291718 0.000345 0.473520
2 2 0.007282 0.261698 0.516852 0.000241 0.213927
2 2 0.000747 0.106175 0.794974 0.017124 0.080979
2 2 0.000877 0.054512 0.890258 0.001326 0.053026
2 2 0.000753 0.012534 0.984184 0.000362 0.002167
2 2 0.000823 0.020815 0.963021 0.003185 0.012157
2 2 0.000020 0.004693 0.975790 0.018018 0.001479
2 2 0.000025 0.003790 0.995106 0.000024 0.001055
2 2 0.000135 0.013590 0.975960 0.000117 0.010199
2 2 0.053169 0.336200 0.529889 0.034473 0.046269
1 2 0.028250 0.419148 0.228956 0.007823 0.315822
2 2 0.005342 0.153254 0.688301 0.009804 0.143299
4 2 0.014232 0.299648 0.257984 0.000065 0.428071
2 2 0.003934 0.041659 0.881592 0.004040 0.068774
2 2 0.009019 0.121523 0.768650 0.005199 0.095609
2 2 0.000352 0.035613 0.953756 0.001593 0.008687
2 2 0.006113 0.119031 0.809023 0.000623 0.065210
2 2 0.005151 0.206396 0.567655 0.003669 0.217129
2 2 0.000005 0.001324 0.968946 0.028940 0.000785
4 2 0.027897 0.238222 0.157253 0.000002 0.576626
2 2 0.000684 0.043477 0.851718 0.000984 0.103138
4 2 0.023989 0.248177 0.207703 0.000003 0.520128
4 2 0.013274 0.139021 0.415424 0.001094 0.431187
4 2 0.029733 0.194450 0.315951 0.000206 0.459659
4 1 0.003283 0.181276 0.376851 0.000111 0.438479
2 1 0.000107 0.014835 0.952725 0.003445 0.028887
4 1 0.011162 0.144917 0.267545 0.002298 0.574078
4 1 0.021650 0.245647 0.159498 0.000190 0.573016
2 1 0.006702 0.218211 0.388987 0.000369 0.385732
2 2 0.005000 0.151448 0.539873 0.000293 0.303386
2 2 0.000836 0.013910 0.967025 0.010410 0.007819
2 2 0.003373 0.152064 0.673131 0.019523 0.151909
2 2 0.000109 0.022115 0.956221 0.000240 0.021315
2 2 0.005929 0.091282 0.691669 0.000707 0.210414
2 2 0.000108 0.007145 0.991079 0.000404 0.001263
2 2 0.000017 0.002520 0.996028 0.001215 0.000219
2 2 0.000139 0.014521 0.979322 0.000630 0.005389
2 2 0.000572 0.051286 0.813841 0.000979 0.133322
2 2 0.000034 0.005032 0.994058 0.000126 0.000749
2 2 0.000011 0.001222 0.996494 0.002238 0.000035
2 2 0.008192 0.067184 0.869271 0.003472 0.051881
2 2 0.000094 0.008732 0.984915 0.000040 0.006219
2 2 0.000229 0.010917 0.982638 0.001770 0.004446
2 2 0.001604 0.119099 0.819892 0.000457 0.058947
2 2 0.000237 0.010175 0.976448 0.005213 0.007927
2 2 0.004351 0.037846 0.929300 0.000293 0.028209
2 2 0.000266 0.009998 0.974524 0.003575 0.011638
2 2 0.000225 0.024040 0.951117 0.005980 0.018638
2 2 0.000247 0.016060 0.966298 0.002036 0.015358
2 2 0.000054 0.007436 0.981983 0.007765 0.002761
2 2 0.000201 0.050437 0.885906 0.048976 0.014480
2 2 0.002936 0.071734 0.858648 0.000037 0.066645
2 2 0.002077 0.018889 0.952259 0.007420 0.019355
2 2 0.000000 0.000141 0.992000 0.007850 0.000009
2 2 0.000252 0.010361 0.962795 0.019540 0.007053
2 2 0.000878 0.013733 0.971817 0.000842 0.012730
2 2 0.000161 0.002707 0.994878 0.001483 0.000771
2 2 0.000063 0.024920 0.950174 0.005638 0.019205
2 2 0.000011 0.002750 0.956324 0.040502 0.000412
2 2 0.000001 0.000136 0.961519 0.038194 0.000149
2 2 0.000002 0.000191 0.999332 0.000468 0.000007
2 2 0.000016 0.006951 0.982805 0.006820 0.003408
2 2 0.000000 0.000021 0.998789 0.001189 0.000001
2 2 0.000000 0.000098 0.979727 0.020149 0.000025
2 2 0.000049 0.007990 0.967009 0.020911 0.004041
2 2 0.000099 0.001842 0.908678 0.088689 0.000692
2 2 0.000000 0.000572 0.983119 0.016230 0.000079
2 2 0.000000 0.000078 0.942556 0.057357 0.000009
2 2 0.000000 0.000552 0.992695 0.006723 0.000029
2 2 0.001322 0.003853 0.913869 0.079967 0.000990
2 2 0.000892 0.006703 0.659848 0.329926 0.002631
2 2 0.000013 0.000174 0.953203 0.046454 0.000158
2 2 0.000000 0.000320 0.974464 0.025203 0.000013
3 2 0.000047 0.000570 0.270993 0.728239 0.000151
3 2 0.000036 0.000514 0.296803 0.702391 0.000255
2 2 0.000015 0.000741 0.926668 0.072430 0.000146
2 2 0.000101 0.001978 0.734019 0.262691 0.001211
2 2 0.000014 0.003154 0.975501 0.020866 0.000463
2 2 0.000028 0.005370 0.528219 0.464404 0.001980
2 2 0.173222 0.083356 0.444427 0.281041 0.017953
2 0 0.301805 0.184746 0.308486 0.170787 0.034176
2 0 0.049700 0.278396 0.500441 0.005837 0.165626
0 0 0.855508 0.050038 0.029758 0.003712 0.060984
0 0 0.852260 0.050717 0.033697 0.005291 0.058035
4 0 0.015853 0.074332 0.017012 0.000041 0.892763
1 0 0.056711 0.619553 0.148487 0.006607 0.168643
1 0 0.334729 0.384932 0.094636 0.001092 0.184611
0 0 0.537234 0.273921 0.168238 0.005484 0.015124
2 0 0.158610 0.186982 0.587744 0.051379 0.015285
0 0 0.441121 0.206263 0.097569 0.000511 0.254537
4 0 0.213806 0.074237 0.035091 0.000084 0.676783
0 0 0.576104 0.071876 0.024752 0.000140 0.327128
4 0 0.186193 0.134725 0.073571 0.001219 0.604292
4 0 0.109547 0.187721 0.152692 0.000747 0.549293
4 0 0.062906 0.165241 0.126087 0.000019 0.645748
4 0 0.430120 0.039211 0.012941 0.000027 0.517700
4 0 0.255346 0.019833 0.007674 0.000017 0.717129
4 0 0.165745 0.016110 0.006406 0.000015 0.811724
4 0 0.051656 0.077173 0.019367 0.000044 0.851760
4 0 0.026414 0.113592 0.024120 0.000039 0.835835
4 0 0.150285 0.062300 0.019368 0.000002 0.768044
4 0 0.321176 0.040600 0.018024 0.000169 0.620031
0 0 0.410946 0.183587 0.061245 0.000060 0.344163
4 0 0.072949 0.143463 0.051982 0.000010 0.731596
4 0 0.083747 0.268146 0.066620 0.000020 0.581466
4 1 0.205460 0.146438 0.032066 0.000037 0.615999
0 1 0.652232 0.072368 0.039734 0.000635 0.235031
4 1 0.175093 0.057160 0.015886 0.000026 0.751835
4 1 0.285551 0.110505 0.032592 0.000137 0.571215
4 1 0.348809 0.110675 0.027324 0.000047 0.513144
0 1 0.370595 0.243825 0.098309 0.000481 0.286789
0 1 0.727283 0.029004 0.011875 0.000065 0.231774
4 1 0.260886 0.296531 0.075734 0.000036 0.366813
4 1 0.167780 0.309468 0.132544 0.000032 0.390176
2 1 0.071340 0.169405 0.478751 0.000635 0.279869
1 1 0.332291 0.363435 0.050232 0.000023 0.254019
4 1 0.264981 0.284330 0.112815 0.000735 0.337139
0 1 0.626826 0.044124 0.015160 0.000050 0.313840
1 1 0.174292 0.497555 0.182333 0.000038 0.145783
1 1 0.104549 0.459960 0.156826 0.000107 0.278557
