4 0 0.458479 0.011724 0.003510 0.000034 0.526253
0 0 0.970082 0.006806 0.001155 0.000002 0.021956
0 0 0.716798 0.005145 0.002081 0.003203 0.272773
0 0 0.610882 0.019979 0.063429 0.000946 0.304764
0 0 0.683405 0.011982 0.002108 0.000003 0.302503
0 0 0.862860 0.005086 0.000821 0.000003 0.131230
0 0 0.893574 0.015725 0.003429 0.000020 0.087252
4 0 0.315158 0.014528 0.004173 0.000115 0.666025
0 0 0.966509 0.003523 0.000763 0.000031 0.029174
0 0 0.915577 0.011973 0.002426 0.000009 0.070015
0 0 0.901489 0.004339 0.000677 0.000002 0.093493
0 0 0.610337 0.009710 0.001112 0.000000 0.378841
0 0 0.943227 0.006397 0.001056 0.000001 0.049319
0 0 0.708820 0.012659 0.003151 0.000084 0.275286
0 0 0.644722 0.046990 0.192311 0.003884 0.112094
0 0 0.955028 0.008810 0.001614 0.000003 0.034544
0 0 0.996795 0.001384 0.000196 0.000000 0.001624
0 0 0.983163 0.010531 0.002848 0.000090 0.003367
0 0 0.989768 0.004866 0.000830 0.000002 0.004535
0 0 0.967441 0.009902 0.001886 0.000009 0.020762
0 0 0.998691 0.000825 0.000130 0.000001 0.000352
0 0 0.867548 0.065504 0.022819 0.001426 0.042703
0 0 0.976070 0.008350 0.002624 0.000371 0.012586
0 0 0.949266 0.029071 0.007334 0.000068 0.014263
0 0 0.995167 0.001299 0.000361 0.000173 0.002999
0 0 0.880237 0.002574 0.000553 0.000023 0.116613
0 0 0.998471 0.000152 0.000015 0.000000 0.001362
0 0 0.993346 0.000126 0.000006 0.000000 0.006522
0 0 0.739509 0.023373 0.006293 0.000088 0.230737
0 0 0.703227 0.020520 0.002909 0.000000 0.273343
4 0 0.025241 0.009800 0.003011 0.000032 0.961915
0 0 0.502087 0.006460 0.001274 0.000007 0.490172
0 0 0.977121 0.013097 0.003419 0.000038 0.006324
0 0 0.934243 0.034804 0.009839 0.000191 0.020923
0 0 0.728432 0.004217 0.001199 0.000241 0.265911
0 0 0.986278 0.003523 0.000843 0.000057 0.009299
0 0 0.932269 0.000704 0.000057 0.000000 0.066970
0 0 0.948057 0.007381 0.001837 0.000040 0.042685
0 0 0.826174 0.018628 0.003860 0.000006 0.151332
0 0 0.610524 0.011625 0.002628 0.000024 0.375198
4 0 0.272008 0.031757 0.011707 0.000620 0.683908
4 0 0.263540 0.044651 0.171704 0.124477 0.395628
4 0 0.359470 0.019427 0.022980 0.000949 0.597174
0 0 0.964000 0.008196 0.001540 0.000004 0.026261
4 0 0.295304 0.051909 0.013573 0.000031 0.639183
0 0 0.806218 0.022074 0.009232 0.002820 0.159656
0 0 0.968749 0.007554 0.001104 0.000001 0.022593
0 0 0.758009 0.021308 0.004933 0.000015 0.215735
0 0 0.814235 0.002759 0.000438 0.000003 0.182565
0 0 0.998266 0.000045 0.000003 0.000000 0.001686
0 0 0.985054 0.001859 0.000209 0.000000 0.012877
0 0 0.540476 0.127647 0.025081 0.000007 0.306788
0 0 0.753480 0.059541 0.010602 0.000003 0.176375
0 0 0.992142 0.003358 0.000298 0.000000 0.004201
0 0 0.849129 0.034147 0.002828 0.000000 0.113897
0 0 0.985888 0.010910 0.001231 0.000000 0.001971
0 4 0.386992 0.222401 0.030242 0.000000 0.360365
4 4 0.093308 0.261957 0.079296 0.000032 0.565406
4 4 0.033544 0.141308 0.101311 0.000017 0.723820
4 4 0.045246 0.206274 0.044868 0.000002 0.703611
4 4 0.009098 0.345222 0.168939 0.000040 0.476702
4 4 0.009755 0.160396 0.325082 0.000029 0.504738
4 4 0.010456 0.177040 0.065164 0.000040 0.747301
4 4 0.013512 0.207010 0.269309 0.000174 0.509996
4 4 0.000698 0.178109 0.333197 0.000010 0.487986
4 4 0.001449 0.080511 0.415818 0.000028 0.502194
4 4 0.002408 0.204758 0.228367 0.000052 0.564415
4 4 0.036494 0.304916 0.119082 0.000007 0.539501
2 4 0.003302 0.222843 0.447574 0.000219 0.326062
2 4 0.000214 0.043823 0.725919 0.000024 0.230020
2 4 0.004441 0.145012 0.539500 0.000283 0.310763
4 4 0.011806 0.127034 0.100216 0.000622 0.760322
4 4 0.000757 0.162060 0.360842 0.000236 0.476105
2 4 0.001923 0.168503 0.585380 0.000075 0.244120
4 4 0.018602 0.143299 0.338950 0.000030 0.499119
4 4 0.019961 0.101663 0.062301 0.000004 0.816072
4 4 0.033453 0.238103 0.068694 0.000008 0.659743
4 4 0.005859 0.065945 0.189014 0.000106 0.739076
4 4 0.021160 0.219566 0.333499 0.001886 0.423889
4 1 0.012054 0.367326 0.218890 0.000025 0.401705
1 4 0.114179 0.330351 0.298242 0.000048 0.257180
4 4 0.062331 0.134560 0.091286 0.000010 0.711814
4 4 0.033514 0.283130 0.062944 0.000002 0.620410
4 4 0.129481 0.131708 0.019490 0.000000 0.719321
4 4 0.035181 0.126918 0.147637 0.000000 0.690264
4 4 0.017132 0.144445 0.244859 0.000005 0.593559
2 4 0.001503 0.095219 0.533825 0.000010 0.369443
1 1 0.021807 0.389205 0.344745 0.000023 0.244219
4 1 0.080503 0.369738 0.079244 0.000002 0.470512
1 1 0.134893 0.548033 0.192085 0.000028 0.124961
1 1 0.078692 0.541818 0.190074 0.000152 0.189264
1 1 0.104222 0.416515 0.071670 0.000001 0.407592
4 1 0.161026 0.319602 0.095102 0.000079 0.424191
1 0 0.161731 0.540178 0.215458 0.000199 0.082435
1 1 0.315099 0.500115 0.080833 0.000000 0.103953
0 0 0.785794 0.158359 0.030911 0.000006 0.024930
0 1 0.946433 0.043405 0.005501 0.000000 0.004662
0 1 0.752732 0.193700 0.036500 0.000005 0.017063
1 1 0.175395 0.531009 0.197728 0.000327 0.095541
1 1 0.394897 0.414481 0.121390 0.000089 0.069144
1 1 0.044991 0.609597 0.239533 0.000018 0.105861
1 1 0.213940 0.478923 0.254177 0.000558 0.052402
2 2 0.011063 0.271727 0.629398 0.040469 0.047343
2 2 0.014704 0.338944 0.600601 0.019257 0.026494
4 2 0.042129 0.237825 0.275925 0.001648 0.442473
1 4 0.035067 0.525535 0.268631 0.001183 0.169584
1 4 0.355742 0.494094 0.124951 0.000011 0.025202
0 4 0.501954 0.266409 0.151271 0.002670 0.077695
1 2 0.043698 0.424731 0.353475 0.076395 0.101701
2 4 0.006782 0.264389 0.700343 0.013686 0.014800
2 4 0.023662 0.327079 0.554954 0.038755 0.055550
1 4 0.395900 0.428330 0.157868 0.000021 0.017881
0 0 0.398788 0.326244 0.107577 0.000389 0.167002
0 1 0.859938 0.117225 0.019268 0.000001 0.003568
1 1 0.200216 0.513265 0.126379 0.000016 0.160125
2 2 0.019596 0.222575 0.698953 0.030331 0.028544
2 2 0.018872 0.324534 0.645115 0.000254 0.011226
1 2 0.302580 0.483704 0.150322 0.000109 0.063286
2 2 0.011076 0.047310 0.835737 0.100380 0.005497
2 2 0.023321 0.255915 0.618693 0.020145 0.081926
2 2 0.013211 0.194186 0.767694 0.017743 0.007166
2 2 0.010086 0.089856 0.891893 0.006290 0.001875
2 2 0.008964 0.028725 0.913730 0.048325 0.000257
1 2 0.049968 0.455303 0.446959 0.002206 0.045565
2 2 0.010998 0.146097 0.832368 0.000705 0.009832
2 2 0.035551 0.229763 0.726998 0.001511 0.006177
2 2 0.015577 0.236890 0.629351 0.071168 0.047014
2 2 0.041257 0.226914 0.708512 0.008710 0.014607
2 2 0.001618 0.105292 0.881481 0.008409 0.003201
2 2 0.000290 0.031608 0.925527 0.038211 0.004363
2 2 0.022532 0.054910 0.859846 0.056854 0.005858
2 3 0.006491 0.028149 0.914731 0.048053 0.002576
3 3 0.008010 0.011942 0.247404 0.731577 0.001067
2 3 0.002302 0.072561 0.833509 0.078770 0.012858
2 3 0.031278 0.081707 0.851450 0.027144 0.008421
3 3 0.000268 0.002068 0.280298 0.717055 0.000311
3 3 0.000387 0.002188 0.280891 0.716344 0.000190
3 3 0.000094 0.000891 0.308983 0.689964 0.000069
3 3 0.000003 0.000238 0.286423 0.713233 0.000102
3 3 0.000423 0.002084 0.243465 0.753853 0.000174
3 3 0.000432 0.002192 0.132225 0.864504 0.000647
3 3 0.000051 0.000325 0.078642 0.920930 0.000051
3 3 0.039724 0.040859 0.196671 0.717628 0.005117
3 3 0.000018 0.000732 0.378356 0.620774 0.000120
3 3 0.002337 0.003601 0.045235 0.947638 0.001189
3 3 0.000004 0.000074 0.151676 0.848241 0.000005
3 3 0.002140 0.003922 0.071268 0.921783 0.000888
3 3 0.000955 0.000834 0.005016 0.992288 0.000907
3 3 0.000630 0.001054 0.017093 0.980605 0.000618
3 3 0.000306 0.000302 0.003544 0.995588 0.000261
3 3 0.003345 0.002664 0.009166 0.981964 0.002861
3 3 0.000001 0.000024 0.071045 0.928925 0.000006
3 3 0.004959 0.003986 0.013480 0.974650 0.002925
3 3 0.002824 0.009305 0.311884 0.674953 0.001033
3 3 0.000007 0.000291 0.196695 0.802935 0.000071
3 3 0.000725 0.003157 0.263207 0.732636 0.000275
3 3 0.000021 0.001072 0.356208 0.642470 0.000228
3 3 0.000432 0.001155 0.051040 0.947099 0.000275
3 3 0.000011 0.000075 0.036193 0.963710 0.000011
3 3 0.000199 0.000356 0.010159 0.989097 0.000189
3 3 0.000394 0.001083 0.026901 0.970968 0.000655
3 3 0.000054 0.000193 0.026587 0.973127 0.000039
3 3 0.000053 0.000125 0.005274 0.994429 0.000118
3 3 0.002009 0.009306 0.132574 0.850190 0.005921
3 3 0.000149 0.000577 0.045950 0.953160 0.000165
3 3 0.000356 0.000997 0.061486 0.937001 0.000160
3 3 0.000001 0.000013 0.031126 0.968858 0.000002
3 3 0.001792 0.008173 0.088520 0.897196 0.004319
3 3 0.000138 0.000416 0.021272 0.977987 0.000187
3 3 0.000010 0.000108 0.059258 0.940602 0.000022
3 3 0.001734 0.001358 0.030327 0.966494 0.000087
3 3 0.000056 0.000143 0.004282 0.995363 0.000157
3 3 0.000308 0.001172 0.021383 0.976184 0.000953
3 3 0.000212 0.000219 0.005294 0.994203 0.000074
3 3 0.001613 0.006806 0.133123 0.855279 0.003178
3 3 0.000133 0.000166 0.002975 0.996562 0.000164
3 3 0.002331 0.008120 0.050039 0.932104 0.007406
2 3 0.000039 0.001557 0.946709 0.051667 0.000026
3 3 0.006984 0.005654 0.024463 0.960405 0.002493
3 3 0.000002 0.000151 0.042497 0.957210 0.000140
3 3 0.000286 0.001872 0.085663 0.911493 0.000687
3 3 0.001196 0.002367 0.087582 0.908602 0.000254
3 3 0.000045 0.000217 0.047149 0.952556 0.000033
3 3 0.000000 0.000020 0.024627 0.975338 0.000015
3 3 0.000014 0.000151 0.009798 0.989895 0.000142
3 3 0.000668 0.000824 0.012248 0.985893 0.000368
3 3 0.003414 0.003305 0.027870 0.964469 0.000941
3 3 0.000028 0.000193 0.030176 0.969522 0.000080
3 3 0.000626 0.000636 0.006461 0.991940 0.000337
3 3 0.000030 0.000105 0.007345 0.992422 0.000098
3 3 0.001208 0.004175 0.102409 0.890726 0.001483
3 3 0.000014 0.000075 0.027858 0.972043 0.000011
3 3 0.000004 0.000040 0.011554 0.988369 0.000033
3 3 0.000025 0.000063 0.007082 0.992812 0.000019
3 3 0.000049 0.000323 0.076053 0.923518 0.000057
3 3 0.000014 0.000137 0.013852 0.985870 0.000127
3 3 0.000010 0.000144 0.043884 0.955877 0.000085
3 3 0.000148 0.000139 0.001679 0.997860 0.000175
3 3 0.000176 0.002555 0.455197 0.541478 0.000594
3 3 0.000021 0.000065 0.003555 0.996289 0.000070
3 3 0.001608 0.005941 0.054452 0.932888 0.005110
3 3 0.003378 0.008456 0.060850 0.924222 0.003093
3 3 0.001344 0.004379 0.029143 0.960806 0.004328
3 3 0.000026 0.000066 0.006643 0.993239 0.000025
3 3 0.000000 0.000008 0.051582 0.948408 0.000002
3 2 0.088393 0.089374 0.361007 0.454908 0.006319
0 2 0.627629 0.147055 0.053355 0.000394 0.171567
1 2 0.165018 0.536729 0.237535 0.000226 0.060492
0 2 0.591776 0.298979 0.068321 0.000014 0.040910
2 2 0.153144 0.295301 0.390407 0.058607 0.102541
0 2 0.324918 0.235920 0.260114 0.001746 0.177302
1 2 0.304643 0.446813 0.138334 0.000101 0.110109
2 2 0.041240 0.273401 0.581655 0.000508 0.103196
2 2 0.174114 0.229367 0.415608 0.011375 0.169536
2 2 0.004968 0.244545 0.626936 0.000579 0.122971
2 2 0.005637 0.031305 0.639590 0.319877 0.003592
1 2 0.086155 0.443527 0.177088 0.000297 0.292934
2 0 0.002520 0.119705 0.817746 0.034267 0.025763
0 1 0.652109 0.191880 0.067359 0.000469 0.088183
2 0 0.144984 0.194040 0.583376 0.000373 0.077227
0 0 0.716515 0.164916 0.081376 0.000159 0.037033
0 0 0.937859 0.053759 0.005063 0.000000 0.003319
0 0 0.941986 0.039929 0.011264 0.000134 0.006687
0 1 0.899229 0.070357 0.016585 0.000026 0.013803
0 1 0.585070 0.171827 0.037064 0.000013 0.206026
4 2 0.128865 0.337128 0.102691 0.000044 0.431272
2 2 0.111344 0.349780 0.460208 0.002567 0.076101
1 2 0.028008 0.627009 0.221619 0.000067 0.123297
2 2 0.077845 0.198116 0.698631 0.017853 0.007555
2 2 0.029894 0.178588 0.597332 0.079513 0.114673
2 2 0.036751 0.232861 0.685657 0.010542 0.034190
0 2 0.546037 0.244284 0.152969 0.000577 0.056133
2 2 0.001776 0.208992 0.703210 0.045084 0.040938
2 2 0.006994 0.121101 0.819452 0.047732 0.004721
2 2 0.002318 0.109345 0.868643 0.000465 0.019229
2 2 0.031359 0.337212 0.572376 0.000215 0.058838
2 2 0.120625 0.237599 0.563241 0.032159 0.046377
1 2 0.020231 0.625282 0.254254 0.000159 0.100074
1 2 0.108425 0.487334 0.184206 0.000238 0.219797
2 2 0.047335 0.071452 0.542268 0.335433 0.003513
2 2 0.002767 0.184823 0.739932 0.000082 0.072396
1 2 0.037843 0.459695 0.318897 0.000283 0.183283
2 2 0.000287 0.056492 0.941679 0.000741 0.000802
4 2 0.188767 0.236662 0.088624 0.000397 0.485550
1 1 0.150877 0.658033 0.138703 0.000004 0.052383
4 1 0.139189 0.344035 0.068168 0.000002 0.448606
1 2 0.022855 0.411502 0.324368 0.000087 0.241188
4 2 0.014530 0.315581 0.205607 0.005965 0.458317
0 2 0.455875 0.349585 0.113114 0.000332 0.081093
1 2 0.435218 0.451894 0.075538 0.000001 0.037348
2 2 0.017635 0.433940 0.519929 0.000755 0.027741
1 2 0.150392 0.458584 0.147295 0.000097 0.243631
0 2 0.506695 0.397112 0.090948 0.000015 0.005230
4 2 0.129842 0.333040 0.120531 0.000495 0.416091
2 2 0.013905 0.274696 0.648721 0.000456 0.062222
1 0 0.127750 0.482681 0.352191 0.000446 0.036932
1 1 0.285731 0.402108 0.296030 0.000856 0.015276
2 1 0.029561 0.320265 0.548565 0.000668 0.100941
2 1 0.078195 0.405335 0.466200 0.000189 0.050081
0 1 0.445155 0.299881 0.059712 0.000006 0.195246
1 1 0.105049 0.489801 0.182245 0.000276 0.222629
1 1 0.208297 0.511556 0.118350 0.000009 0.161788
2 1 0.092716 0.159061 0.684050 0.047930 0.016243
1 2 0.249615 0.530902 0.202094 0.000288 0.017101
1 2 0.171490 0.564772 0.212054 0.000341 0.051342
2 2 0.010523 0.443236 0.526913 0.000036 0.019292
1 2 0.135393 0.505858 0.166468 0.000071 0.192210
2 2 0.015839 0.371208 0.594201 0.000374 0.018378
1 2 0.063331 0.483211 0.413217 0.001044 0.039197
2 2 0.108551 0.400409 0.403421 0.000526 0.087094
2 2 0.003470 0.281885 0.696536 0.003851 0.014257
1 2 0.017638 0.694963 0.201806 0.000008 0.085585
2 2 0.116551 0.271158 0.598265 0.001301 0.012725
0 2 0.781397 0.127071 0.031522 0.000064 0.059946
2 2 0.001136 0.162134 0.834534 0.000130 0.002066
1 2 0.031718 0.484846 0.261284 0.002394 0.219757
2 2 0.007892 0.291096 0.688588 0.005296 0.007127
1 2 0.189607 0.540528 0.257484 0.000191 0.012190
2 2 0.003547 0.307677 0.519482 0.004237 0.165056
2 2 0.014026 0.240166 0.680182 0.051440 0.014186
2 2 0.010264 0.337421 0.610055 0.000410 0.041850
0 2 0.496186 0.413538 0.068455 0.000001 0.021819
2 2 0.020512 0.269632 0.671100 0.019849 0.018907
2 2 0.003372 0.194038 0.780919 0.015830 0.005841
1 2 0.048532 0.698179 0.173119 0.000007 0.080163
1 2 0.201796 0.557081 0.096426 0.000001 0.144696
2 2 0.008122 0.352727 0.555782 0.055127 0.028242
2 2 0.003038 0.122679 0.860762 0.010463 0.003058
1 2 0.079055 0.531980 0.369116 0.000744 0.019106
0 2 0.575340 0.232235 0.058169 0.000049 0.134207
0 2 0.595030 0.224895 0.043102 0.000006 0.136967
0 2 0.356256 0.238224 0.349123 0.001758 0.054639
1 2 0.098491 0.367849 0.244874 0.001981 0.286805
1 0 0.042293 0.564736 0.312132 0.000265 0.080575
0 1 0.778356 0.096964 0.017763 0.000002 0.106915
0 1 0.829233 0.081616 0.034056 0.000006 0.055088
1 1 0.101829 0.367495 0.355665 0.001547 0.173463
1 0 0.103966 0.519012 0.171233 0.000085 0.205705
2 0 0.090147 0.327463 0.569017 0.000017 0.013356
0 0 0.772798 0.095864 0.092838 0.000137 0.038363
0 0 0.969974 0.004817 0.000601 0.000000 0.024607
4 0 0.150845 0.171940 0.188413 0.000019 0.488782
4 0 0.291772 0.132372 0.081429 0.000261 0.494166
0 0 0.553272 0.307941 0.032959 0.000000 0.105829
0 1 0.868400 0.059087 0.007182 0.000000 0.065331
4 1 0.195403 0.321508 0.143260 0.000011 0.339818
0 1 0.628273 0.148059 0.066020 0.000010 0.157638
1 1 0.314168 0.513582 0.114930 0.000008 0.057311
1 1 0.336608 0.488384 0.140560 0.000067 0.034381
1 1 0.314374 0.549450 0.098018 0.000002 0.038156
0 1 0.930953 0.046524 0.006724 0.000000 0.015798
0 1 0.499049 0.239032 0.039541 0.000001 0.222378
0 1 0.489332 0.266733 0.081103 0.000204 0.162628
1 1 0.354078 0.479207 0.085317 0.000002 0.081396
0 0 0.717817 0.234723 0.031767 0.000000 0.015692
1 1 0.098106 0.565449 0.319146 0.000474 0.016825
1 1 0.194226 0.380784 0.106648 0.000016 0.318327
0 1 0.813543 0.139938 0.028354 0.000008 0.018157
0 1 0.762638 0.168030 0.021745 0.000000 0.047587
0 1 0.672523 0.222925 0.016634 0.000000 0.087919
1 1 0.177303 0.407105 0.081064 0.000002 0.334526
0 1 0.467196 0.391989 0.064603 0.000001 0.076210
0 1 0.421626 0.362741 0.043265 0.000000 0.172368
1 0 0.305863 0.487027 0.125250 0.000026 0.081834
0 0 0.651242 0.224403 0.068686 0.000237 0.055432
0 0 0.992812 0.003143 0.000409 0.000000 0.003637
0 0 0.802633 0.051127 0.008413 0.000002 0.137826
0 0 0.584540 0.141802 0.019095 0.000000 0.254563
0 0 0.739960 0.129436 0.013153 0.000000 0.117451
0 0 0.714629 0.149525 0.024469 0.000001 0.111377
1 0 0.096585 0.453539 0.341844 0.000002 0.108030
0 0 0.855686 0.117107 0.020231 0.000002 0.006974
0 0 0.509186 0.298992 0.065028 0.000012 0.126782
4 0 0.135974 0.079929 0.020794 0.000027 0.763276
0 4 0.426099 0.142537 0.027243 0.000002 0.404118
4 4 0.017870 0.190569 0.031386 0.000000 0.760174
4 4 0.068478 0.193859 0.071434 0.000002 0.666227
4 4 0.018495 0.218809 0.131181 0.000004 0.631511
4 4 0.250738 0.088332 0.017732 0.000004 0.643195
0 4 0.501465 0.083225 0.010637 0.000000 0.404673
4 4 0.225102 0.070403 0.018754 0.000008 0.685733
4 4 0.071916 0.163407 0.117305 0.000021 0.647351
4 4 0.169037 0.107187 0.022873 0.000005 0.700899
4 4 0.025325 0.231564 0.085946 0.000018 0.657147
4 4 0.143871 0.139005 0.029838 0.000002 0.687284
4 4 0.116888 0.147951 0.026266 0.000001 0.708894
2 4 0.004260 0.144830 0.510003 0.000167 0.340740
4 4 0.041395 0.331149 0.167628 0.000025 0.459805
4 4 0.113431 0.075045 0.028041 0.000027 0.783457
4 4 0.010330 0.120839 0.061303 0.000001 0.807528
4 4 0.099427 0.236286 0.056706 0.000005 0.607576
4 4 0.058597 0.127036 0.115851 0.000199 0.698318
4 4 0.024545 0.088344 0.027884 0.000026 0.859200
4 4 0.063774 0.136831 0.035921 0.000007 0.763466
4 4 0.160391 0.131302 0.054156 0.000576 0.653576
4 4 0.162312 0.262506 0.066010 0.000000 0.509172
4 4 0.136789 0.101104 0.266591 0.007231 0.488285
4 4 0.325024 0.165642 0.030520 0.000001 0.478813
4 4 0.032759 0.349669 0.128141 0.000005 0.489426
4 4 0.098358 0.195618 0.036459 0.000001 0.669565
1 4 0.029459 0.348696 0.333920 0.000197 0.287728
4 4 0.405647 0.077342 0.017163 0.000008 0.499840
4 4 0.095998 0.192644 0.038138 0.000002 0.673219
4 4 0.039156 0.214850 0.218302 0.000019 0.527673
4 4 0.012877 0.165363 0.346964 0.000079 0.474716
0 4 0.386170 0.248306 0.064059 0.000007 0.301457
4 4 0.122717 0.209285 0.045354 0.000003 0.622642
4 0 0.049327 0.158729 0.191536 0.000080 0.600329
1 0 0.172038 0.418650 0.259033 0.000176 0.150103
0 0 0.665190 0.209753 0.052252 0.000041 0.072764
1 4 0.121971 0.521216 0.262889 0.000042 0.093882
4 4 0.130594 0.072489 0.015462 0.000006 0.781450
4 1 0.223262 0.125651 0.100300 0.000042 0.550746
4 4 0.358609 0.244613 0.035618 0.000000 0.361160
4 4 0.032276 0.156522 0.110265 0.000013 0.700924
4 4 0.001705 0.138051 0.284528 0.000032 0.575683
4 0 0.048902 0.203185 0.041474 0.000000 0.706439
0 0 0.736635 0.118604 0.025014 0.000009 0.119740
0 4 0.656489 0.243874 0.025480 0.000000 0.074157
4 4 0.009599 0.097309 0.050567 0.000003 0.842522
4 1 0.056094 0.183322 0.045363 0.000000 0.715221
1 4 0.285372 0.460082 0.085076 0.000002 0.169468
4 4 0.251174 0.257332 0.136429 0.000019 0.355045
4 1 0.120571 0.291686 0.212024 0.000042 0.375676
0 1 0.893311 0.079007 0.005912 0.000000 0.021770
1 1 0.223763 0.473015 0.137259 0.000021 0.165943
1 1 0.051416 0.442046 0.350483 0.000113 0.155942
1 0 0.321879 0.484197 0.119623 0.000000 0.074300
2 0 0.104140 0.239231 0.636441 0.000677 0.019510
2 0 0.315104 0.186600 0.465809 0.000060 0.032427
0 1 0.509126 0.260576 0.034563 0.000000 0.195735
4 1 0.036142 0.357517 0.058954 0.000000 0.547387
4 1 0.074781 0.131789 0.011761 0.000000 0.781669
1 0 0.144780 0.461169 0.106970 0.000001 0.287080
0 0 0.661823 0.141739 0.021850 0.000001 0.174587
0 1 0.883147 0.054593 0.005256 0.000000 0.057003
0 1 0.785927 0.189273 0.020732 0.000000 0.004067
0 0 0.947127 0.045006 0.006133 0.000000 0.001734
0 0 0.982973 0.012128 0.002131 0.000002 0.002766
0 0 0.902297 0.040391 0.038727 0.000403 0.018182
0 0 0.964773 0.010201 0.001764 0.000002 0.023260
4 0 0.322102 0.141384 0.051822 0.000627 0.484066
0 0 0.993715 0.004492 0.000575 0.000000 0.001218
0 0 0.983031 0.004521 0.000635 0.000000 0.011813
0 0 0.776128 0.055042 0.022354 0.002846 0.143630
0 0 0.917130 0.032915 0.036789 0.000899 0.012267
0 0 0.973599 0.021492 0.004104 0.000004 0.000801
0 0 0.986269 0.008120 0.002781 0.000057 0.002773
0 0 0.995697 0.001618 0.000116 0.000000 0.002570
0 0 0.971309 0.015128 0.002655 0.000003 0.010904
0 0 0.936503 0.037367 0.020613 0.000025 0.005492
0 0 0.983823 0.008775 0.002551 0.000002 0.004850
0 0 0.998412 0.000791 0.000069 0.000000 0.000728
0 0 0.917789 0.058678 0.011146 0.000007 0.012379
0 0 0.812516 0.142052 0.019038 0.000000 0.026394
0 0 0.943429 0.029784 0.007390 0.000055 0.019342
0 0 0.982801 0.003648 0.000509 0.000000 0.013043
0 0 0.918936 0.041989 0.006308 0.000001 0.032767
0 0 0.654704 0.044396 0.004701 0.000000 0.296199
0 0 0.916291 0.022711 0.002014 0.000000 0.058984
0 0 0.716875 0.061781 0.012501 0.000011 0.208832
0 0 0.947231 0.007829 0.001102 0.000000 0.043838
0 0 0.782148 0.167198 0.021164 0.000000 0.029489
0 0 0.962150 0.025777 0.001561 0.000000 0.010513
0 1 0.394287 0.312490 0.040261 0.000000 0.252961
1 1 0.181817 0.493480 0.187642 0.000001 0.137060
1 1 0.094773 0.751551 0.115281 0.000000 0.038395
0 1 0.665553 0.208670 0.020046 0.000000 0.105731
1 1 0.307995 0.602761 0.064121 0.000000 0.025123
0 1 0.474377 0.450827 0.054528 0.000000 0.020268
0 1 0.499875 0.410061 0.045068 0.000000 0.044996
1 1 0.272058 0.637814 0.067133 0.000000 0.022995
1 0 0.241066 0.567812 0.093334 0.000001 0.097787
0 0 0.964027 0.025011 0.006259 0.000038 0.004665
0 1 0.992773 0.006110 0.000518 0.000000 0.000599
4 1 0.269934 0.324009 0.053217 0.000001 0.352839
1 1 0.060370 0.570102 0.234769 0.000346 0.134413
1 1 0.294829 0.381284 0.175515 0.000060 0.148312
1 1 0.296516 0.442790 0.238621 0.000044 0.022029
0 1 0.462291 0.366094 0.064118 0.000002 0.107495
2 1 0.026788 0.395603 0.490865 0.000590 0.086154
1 1 0.252638 0.585985 0.131034 0.000009 0.030335
1 1 0.289289 0.548850 0.131614 0.000016 0.030231
1 1 0.154055 0.564748 0.169557 0.000056 0.111584
1 2 0.102219 0.493501 0.248544 0.000705 0.155031
1 2 0.159674 0.439995 0.383175 0.000092 0.017064
0 2 0.891731 0.070504 0.010094 0.000000 0.027671
0 2 0.637589 0.293812 0.034075 0.000000 0.034524
4 2 0.242783 0.303086 0.128456 0.001398 0.324276
2 2 0.042938 0.413115 0.501185 0.000036 0.042725
1 0 0.307106 0.501458 0.157913 0.000182 0.033341
1 1 0.093997 0.669016 0.215019 0.000078 0.021891
1 1 0.054281 0.431791 0.132654 0.000029 0.381244
4 1 0.072325 0.170535 0.026917 0.000000 0.730223
2 2 0.012124 0.338558 0.363370 0.000251 0.285697
1 2 0.103632 0.344681 0.324869 0.000086 0.226733
1 2 0.012186 0.345651 0.321422 0.000034 0.320708
2 2 0.000397 0.051200 0.906377 0.000669 0.041357
1 2 0.031282 0.389746 0.372915 0.001161 0.204896
2 2 0.000368 0.100370 0.738832 0.000041 0.160389
2 2 0.003595 0.117495 0.799362 0.000161 0.079387
4 2 0.062357 0.376121 0.097257 0.000008 0.464257
0 2 0.436191 0.377466 0.086112 0.000012 0.100219
2 2 0.025298 0.252038 0.433386 0.000030 0.289248
1 2 0.101821 0.524024 0.187351 0.000155 0.186649
2 2 0.006996 0.226932 0.643439 0.000034 0.122598
1 2 0.079832 0.501105 0.348115 0.000360 0.070587
2 2 0.011671 0.422899 0.454647 0.000031 0.110752
2 2 0.001565 0.064604 0.921530 0.000243 0.012058
1 2 0.242530 0.472346 0.106817 0.000008 0.178298
1 2 0.070788 0.646080 0.138766 0.000003 0.144363
1 2 0.061505 0.464506 0.461454 0.000210 0.012326
1 2 0.364806 0.500942 0.122040 0.000005 0.012207
2 2 0.000388 0.049468 0.946512 0.001971 0.001661
1 2 0.014598 0.655368 0.318969 0.000046 0.011019
1 2 0.379552 0.481889 0.089047 0.000002 0.049511
1 2 0.179565 0.633520 0.138827 0.000005 0.048083
2 1 0.007727 0.312264 0.663047 0.000490 0.016472
1 2 0.099131 0.505650 0.376240 0.000707 0.018272
2 2 0.009179 0.220411 0.756065 0.000015 0.014330
1 2 0.020673 0.579668 0.364554 0.004503 0.030602
2 2 0.009402 0.301975 0.666735 0.000043 0.021846
2 2 0.015029 0.056991 0.924262 0.002212 0.001506
2 2 0.000270 0.074365 0.924060 0.000757 0.000548
2 1 0.168887 0.110060 0.719400 0.000132 0.001521
1 2 0.295678 0.524048 0.136656 0.000049 0.043570
2 2 0.058378 0.398417 0.425250 0.000043 0.117912
1 2 0.015967 0.399224 0.220055 0.000048 0.364705
2 2 0.017943 0.317794 0.636526 0.000624 0.027113
2 2 0.272614 0.333802 0.384984 0.000035 0.008565
2 2 0.034913 0.272382 0.650855 0.000139 0.041712
2 2 0.001195 0.067644 0.919106 0.010177 0.001878
2 2 0.035365 0.200529 0.753178 0.001579 0.009349
2 2 0.022950 0.394860 0.559423 0.000185 0.022582
2 2 0.005781 0.097566 0.876634 0.004027 0.015992
2 2 0.005560 0.096306 0.892178 0.000192 0.005765
2 2 0.007685 0.086263 0.902816 0.001537 0.001698
2 2 0.000021 0.012502 0.986352 0.000417 0.000708
2 2 0.003063 0.262806 0.700997 0.000543 0.032591
2 2 0.010074 0.049302 0.936046 0.000858 0.003720
2 2 0.012170 0.232326 0.720358 0.001384 0.033762
2 2 0.003571 0.307277 0.654643 0.009108 0.025401
2 1 0.107409 0.244485 0.610690 0.000259 0.037157
0 1 0.573881 0.280141 0.064999 0.000015 0.080964
1 0 0.207983 0.481023 0.182675 0.000079 0.128240
1 1 0.224354 0.548116 0.216484 0.000626 0.010419
1 1 0.053726 0.463326 0.357874 0.000131 0.124943
1 2 0.198941 0.484639 0.106779 0.000006 0.209636
2 2 0.004268 0.251562 0.678352 0.001096 0.064722
2 2 0.006624 0.062738 0.905011 0.000489 0.025138
2 2 0.000615 0.027853 0.964509 0.001026 0.005997
2 2 0.002683 0.122529 0.839880 0.000359 0.034549
2 2 0.000297 0.037711 0.951281 0.007834 0.002877
2 2 0.024322 0.089975 0.820429 0.007625 0.057649
2 2 0.000343 0.012996 0.981206 0.000769 0.004686
2 2 0.005452 0.080635 0.906287 0.004877 0.002749
2 2 0.000454 0.026210 0.950766 0.019859 0.002712
2 2 0.002785 0.042630 0.927369 0.024979 0.002238
2 2 0.006273 0.115996 0.856688 0.001487 0.019555
2 2 0.013131 0.064796 0.624544 0.276706 0.020824
2 2 0.032379 0.267465 0.684869 0.001867 0.013420
2 2 0.000891 0.119825 0.861514 0.005124 0.012646
2 2 0.000341 0.015151 0.982570 0.001821 0.000117
2 2 0.030432 0.126169 0.831562 0.009469 0.002368
2 2 0.007695 0.026191 0.937920 0.028036 0.000158
2 2 0.048578 0.410466 0.436178 0.002262 0.102516
2 2 0.000042 0.007709 0.981692 0.010345 0.000211
2 2 0.012713 0.322582 0.657875 0.001839 0.004991
2 2 0.000227 0.016042 0.972230 0.011277 0.000223
2 2 0.004371 0.074443 0.912828 0.006206 0.002152
2 2 0.000679 0.048642 0.946652 0.003562 0.000465
2 1 0.001198 0.052303 0.943323 0.001909 0.001267
2 1 0.060290 0.306123 0.565854 0.046721 0.021012
2 2 0.001629 0.047639 0.930202 0.019237 0.001294
2 2 0.004567 0.056961 0.789670 0.143791 0.005010
2 2 0.000761 0.122679 0.870132 0.003513 0.002915
2 2 0.000129 0.034911 0.960285 0.003608 0.001066
2 2 0.018698 0.082158 0.888159 0.010472 0.000512
2 2 0.009934 0.035625 0.942908 0.011223 0.000311
2 2 0.018645 0.255475 0.642428 0.050054 0.033398
2 2 0.000890 0.044517 0.942345 0.007946 0.004302
1 2 0.049361 0.404554 0.390875 0.009367 0.145843
2 2 0.079670 0.252867 0.625539 0.028708 0.013216
2 2 0.000176 0.024189 0.958920 0.015492 0.001224
2 2 0.001216 0.099277 0.882079 0.013563 0.003865
2 2 0.000099 0.010227 0.972268 0.017116 0.000291
2 2 0.106702 0.134898 0.563883 0.175306 0.019211
2 3 0.000568 0.056232 0.926254 0.014053 0.002893
2 2 0.003703 0.105895 0.859988 0.023096 0.007317
2 2 0.005153 0.102034 0.879731 0.008859 0.004225
2 2 0.000166 0.028407 0.962757 0.007939 0.000730
2 2 0.000533 0.152543 0.833352 0.005021 0.008552
2 2 0.000317 0.025088 0.840634 0.130635 0.003327
2 2 0.002839 0.150459 0.818884 0.000855 0.026964
2 2 0.001060 0.172779 0.787346 0.001478 0.037337
2 2 0.007104 0.060933 0.838787 0.091440 0.001736
2 2 0.037605 0.336640 0.448071 0.019302 0.158383
2 2 0.000049 0.030189 0.958762 0.008563 0.002437
2 2 0.001779 0.074755 0.922005 0.000397 0.001064
2 2 0.004434 0.046068 0.806868 0.139240 0.003391
2 2 0.005234 0.047661 0.830181 0.114115 0.002809
2 2 0.013993 0.057394 0.927258 0.000629 0.000726
4 2 0.009485 0.327520 0.194292 0.000093 0.468610
2 2 0.000318 0.019685 0.971708 0.008006 0.000284
2 2 0.002547 0.051746 0.856971 0.085649 0.003087
2 2 0.004524 0.140395 0.815234 0.028556 0.011291
2 2 0.005900 0.111509 0.859120 0.019614 0.003857
2 2 0.000043 0.007796 0.919010 0.072437 0.000713
2 2 0.030973 0.084559 0.620153 0.257668 0.006647
2 2 0.000857 0.037188 0.914829 0.043901 0.003226
2 2 0.008977 0.086234 0.627193 0.256447 0.021150
3 2 0.005782 0.036874 0.400834 0.549179 0.007331
2 3 0.000080 0.009391 0.865797 0.123676 0.001055
2 2 0.000225 0.028455 0.839402 0.128530 0.003388
3 2 0.012018 0.027267 0.284444 0.671945 0.004326
2 2 0.053107 0.073595 0.800376 0.071551 0.001370
3 2 0.026147 0.042479 0.360871 0.566471 0.004031
2 2 0.003380 0.037198 0.861834 0.095095 0.002494
2 2 0.000036 0.018508 0.969957 0.010195 0.001305
2 2 0.031168 0.247622 0.678526 0.029472 0.013211
2 2 0.000215 0.009760 0.971957 0.017810 0.000257
2 2 0.031685 0.088132 0.422289 0.350210 0.107684
2 2 0.018047 0.083905 0.850864 0.038347 0.008837
3 2 0.011999 0.021776 0.407849 0.557358 0.001018
2 3 0.008180 0.070564 0.887891 0.031387 0.001978
2 2 0.013265 0.294865 0.610440 0.014010 0.067421
2 2 0.030115 0.081927 0.780611 0.103823 0.003524
2 2 0.001837 0.009957 0.660569 0.327235 0.000401
2 3 0.000587 0.021402 0.955265 0.022217 0.000529
2 0 0.000140 0.004134 0.598845 0.396576 0.000306
2 2 0.060988 0.187011 0.747210 0.000405 0.004385
2 2 0.004819 0.125197 0.847136 0.001027 0.021822
1 2 0.137306 0.527603 0.256630 0.001322 0.077139
2 2 0.003259 0.051386 0.935232 0.009592 0.000532
2 2 0.000466 0.040832 0.954114 0.000144 0.004444
2 2 0.011093 0.031181 0.890006 0.067411 0.000308
2 2 0.007876 0.129910 0.856419 0.000167 0.005627
2 2 0.168285 0.334783 0.479960 0.001460 0.015511
2 1 0.052712 0.326535 0.568088 0.000308 0.052356
2 2 0.008186 0.168148 0.819330 0.001062 0.003274
2 2 0.001039 0.019403 0.941823 0.036979 0.000756
2 2 0.224195 0.298110 0.436819 0.003454 0.037421
1 2 0.009425 0.503025 0.443379 0.000497 0.043674
2 2 0.109153 0.380016 0.387421 0.002992 0.120418
2 2 0.000166 0.015696 0.976403 0.007480 0.000255
2 2 0.005255 0.191679 0.783695 0.008455 0.010916
2 2 0.006944 0.227191 0.746002 0.001301 0.018562
2 2 0.001247 0.082224 0.907196 0.000832 0.008502
2 2 0.008488 0.109098 0.867231 0.004222 0.010960
2 2 0.006628 0.127425 0.861965 0.000104 0.003879
2 2 0.000060 0.016316 0.981845 0.001574 0.000205
2 2 0.006683 0.121726 0.845727 0.021191 0.004673
2 2 0.001252 0.049569 0.929855 0.017614 0.001710
2 2 0.001631 0.051642 0.941810 0.004058 0.000859
2 2 0.000412 0.030079 0.956805 0.011864 0.000841
2 2 0.000727 0.041441 0.944993 0.010857 0.001983
2 2 0.002783 0.061303 0.931622 0.003954 0.000338
2 2 0.000416 0.089361 0.875256 0.021999 0.012968
2 2 0.075959 0.163754 0.740162 0.009411 0.010714
2 2 0.043543 0.092235 0.652892 0.205362 0.005969
2 2 0.003142 0.357440 0.507937 0.001556 0.129925
2 2 0.001183 0.032430 0.958243 0.007133 0.001011
2 2 0.006989 0.169508 0.758438 0.047386 0.017679
2 2 0.241876 0.212013 0.421245 0.116347 0.008520
2 2 0.011401 0.122781 0.845175 0.017810 0.002833
2 2 0.004439 0.057788 0.921318 0.015420 0.001036
2 2 0.005801 0.025419 0.843847 0.124397 0.000536
2 2 0.004995 0.072085 0.913349 0.008751 0.000821
2 2 0.012509 0.157354 0.769645 0.050534 0.009958
2 2 0.003667 0.046476 0.893806 0.054564 0.001486
2 2 0.045275 0.159872 0.533841 0.232643 0.028368
2 2 0.002251 0.027376 0.704426 0.260115 0.005833
2 2 0.000812 0.046541 0.936543 0.014566 0.001538
2 2 0.000338 0.011545 0.807144 0.180304 0.000670
2 2 0.000430 0.017609 0.786705 0.194031 0.001225
2 2 0.011983 0.045585 0.772916 0.168377 0.001139
3 3 0.003649 0.011937 0.429886 0.553675 0.000852
2 2 0.022752 0.085178 0.794444 0.085570 0.012056
2 2 0.000137 0.018132 0.935719 0.044622 0.001391
2 2 0.018455 0.086820 0.853120 0.039379 0.002227
2 2 0.021434 0.097385 0.690031 0.184754 0.006396
2 2 0.007157 0.076233 0.912491 0.003611 0.000508
2 2 0.002862 0.154139 0.804069 0.025292 0.013638
2 2 0.003529 0.125126 0.797366 0.058204 0.015774
2 0 0.000037 0.001825 0.872575 0.125527 0.000037
0 0 0.543333 0.239259 0.199980 0.003681 0.013747
0 0 0.524120 0.274575 0.130191 0.000018 0.071096
0 1 0.445981 0.144750 0.014244 0.000000 0.395025
4 1 0.084142 0.276443 0.115803 0.000002 0.523610
4 1 0.153019 0.261776 0.178819 0.000007 0.406379
1 1 0.091499 0.514333 0.172514 0.000030 0.221624
2 1 0.013010 0.323433 0.538346 0.000062 0.125148
2 1 0.046955 0.196150 0.702530 0.000940 0.053425
1 2 0.097021 0.524144 0.240800 0.001023 0.137012
1 2 0.035405 0.584364 0.171926 0.000021 0.208283
2 0 0.179374 0.379519 0.413061 0.000141 0.027904
1 0 0.146313 0.647061 0.177120 0.000030 0.029476
0 1 0.385652 0.362929 0.048415 0.000000 0.203004
0 1 0.584290 0.265314 0.042976 0.000001 0.107420
2 1 0.104638 0.348409 0.370450 0.000019 0.176484
2 1 0.006887 0.271876 0.650390 0.000160 0.070686
2 1 0.011214 0.323842 0.599509 0.006834 0.058602
1 1 0.307741 0.461706 0.078242 0.000001 0.152309
1 1 0.120296 0.485864 0.362807 0.000173 0.030861
1 1 0.129603 0.458994 0.153112 0.000100 0.258190
2 2 0.030554 0.352881 0.606088 0.002438 0.008038
2 2 0.001471 0.049684 0.943519 0.003977 0.001349
2 2 0.006272 0.173577 0.778707 0.000358 0.041085
2 2 0.017377 0.162920 0.805916 0.004380 0.009407
1 2 0.153294 0.528279 0.170285 0.000026 0.148117
2 2 0.020023 0.439811 0.474656 0.000218 0.065291
2 2 0.002405 0.140959 0.854789 0.000275 0.001571
2 2 0.086691 0.343744 0.546423 0.000855 0.022287
2 2 0.003887 0.094813 0.896870 0.000447 0.003983
2 2 0.000585 0.029401 0.969225 0.000601 0.000188
2 2 0.009066 0.181870 0.787629 0.002247 0.019188
2 2 0.045943 0.223124 0.726478 0.000163 0.004291
2 2 0.074215 0.066652 0.853121 0.001501 0.004511
2 2 0.001007 0.182745 0.810870 0.000836 0.004543
2 1 0.091267 0.087156 0.820342 0.000910 0.000326
2 0 0.038613 0.252082 0.700199 0.006478 0.002629
0 0 0.664157 0.224964 0.042876 0.000005 0.067999
0 0 0.937505 0.048669 0.007703 0.000001 0.006123
0 0 0.653429 0.169787 0.106792 0.000163 0.069829
0 0 0.962880 0.029800 0.006596 0.000020 0.000704
0 0 0.649527 0.258742 0.085774 0.000251 0.005705
0 0 0.948161 0.034373 0.007194 0.000011 0.010261
0 0 0.986883 0.010173 0.001400 0.000000 0.001544
0 1 0.869988 0.094844 0.009766 0.000000 0.025401
4 4 0.188169 0.290737 0.128611 0.000013 0.392470
4 4 0.059204 0.088672 0.113452 0.000028 0.738645
4 4 0.007447 0.071627 0.156251 0.000013 0.764662
4 4 0.003737 0.077971 0.246827 0.000016 0.671448
4 4 0.018997 0.194252 0.076229 0.000001 0.710521
4 4 0.027309 0.119628 0.032024 0.000005 0.821034
4 4 0.029288 0.212779 0.226669 0.000090 0.531173
4 4 0.091433 0.316166 0.256842 0.000366 0.335194
4 4 0.004601 0.134493 0.401082 0.000075 0.459748
4 4 0.010515 0.255047 0.252091 0.000013 0.482334
4 4 0.084578 0.151610 0.056340 0.000178 0.707294
1 4 0.003536 0.403899 0.265808 0.000012 0.326744
4 4 0.072924 0.088263 0.039414 0.000068 0.799331
4 4 0.009893 0.124284 0.092307 0.000037 0.773479
2 4 0.021875 0.255300 0.548177 0.000307 0.174340
4 4 0.063458 0.252921 0.182078 0.000439 0.501104
4 4 0.004022 0.084895 0.129676 0.000127 0.781279
2 4 0.002558 0.118188 0.521817 0.006892 0.350545
4 4 0.016557 0.221998 0.267768 0.000319 0.493358
4 4 0.011239 0.237038 0.294991 0.003860 0.452872
2 4 0.013762 0.254113 0.496992 0.000899 0.234235
4 4 0.016560 0.183579 0.198611 0.003257 0.597993
4 4 0.014032 0.085609 0.100938 0.000181 0.799240
4 4 0.051535 0.179698 0.180618 0.000050 0.588099
4 4 0.009591 0.273715 0.284108 0.000094 0.432491
4 4 0.027275 0.122803 0.068819 0.000060 0.781043
4 4 0.045117 0.127960 0.119348 0.000502 0.707073
2 4 0.016114 0.259228 0.425098 0.000990 0.298570
4 4 0.066769 0.273957 0.081737 0.000022 0.577514
4 4 0.009634 0.210786 0.325987 0.000057 0.453535
4 4 0.055345 0.255909 0.216342 0.000090 0.472314
4 4 0.075666 0.174406 0.291012 0.000320 0.458597
4 4 0.010010 0.232190 0.202874 0.000082 0.554843
1 4 0.061144 0.407095 0.128748 0.000039 0.402974
4 4 0.027262 0.107704 0.047014 0.000317 0.817703
2 4 0.004029 0.097099 0.712797 0.000006 0.186069
4 4 0.064164 0.153206 0.041364 0.000008 0.741259
4 4 0.089490 0.218117 0.283175 0.000021 0.409198
2 4 0.041009 0.191177 0.407995 0.000047 0.359771
4 4 0.010335 0.038024 0.014658 0.000084 0.936899
4 4 0.017498 0.110541 0.034327 0.000014 0.837620
4 4 0.018933 0.085540 0.100222 0.001112 0.794193
4 4 0.010773 0.024559 0.105553 0.000536 0.858579
4 4 0.020022 0.190515 0.127120 0.000037 0.662306
4 4 0.009975 0.160944 0.081691 0.000468 0.746923
4 4 0.060784 0.181736 0.058131 0.000031 0.699319
4 4 0.045239 0.295206 0.077943 0.000007 0.581605
4 4 0.020270 0.034550 0.010287 0.000005 0.934887
4 4 0.062893 0.143931 0.097321 0.000001 0.695854
4 4 0.043308 0.187971 0.154233 0.000012 0.614476
4 4 0.051039 0.245014 0.312106 0.000002 0.391839
2 4 0.014744 0.140065 0.467367 0.000323 0.377501
2 4 0.011195 0.221885 0.564875 0.001937 0.200109
2 4 0.028425 0.196632 0.414076 0.000075 0.360792
4 4 0.034035 0.174187 0.140328 0.000010 0.651439
2 4 0.003303 0.181602 0.727818 0.000423 0.086853
1 4 0.120798 0.334508 0.314198 0.000278 0.230219
4 4 0.042545 0.180943 0.095686 0.000002 0.680824
2 4 0.000098 0.089243 0.649011 0.000176 0.261471
4 4 0.052232 0.301994 0.080447 0.000008 0.565319
2 4 0.001144 0.117100 0.705283 0.001319 0.175154
2 1 0.004133 0.212608 0.535228 0.000077 0.247955
2 1 0.000578 0.104842 0.758696 0.000176 0.135707
4 1 0.014508 0.366938 0.116160 0.000015 0.502380
2 1 0.001124 0.077934 0.808726 0.001977 0.110239
2 1 0.000322 0.122951 0.734030 0.000260 0.142437
4 1 0.036479 0.191932 0.366573 0.000754 0.404262
4 1 0.012257 0.303720 0.269158 0.000028 0.414837
1 1 0.007855 0.363476 0.278340 0.000077 0.350252
4 1 0.256394 0.263548 0.067356 0.000016 0.412686
4 1 0.177871 0.206691 0.089386 0.000021 0.526031
4 0 0.014749 0.306933 0.325536 0.000025 0.352757
2 1 0.090063 0.154380 0.744573 0.007042 0.003941
2 1 0.002365 0.198729 0.693801 0.000069 0.105036
2 1 0.011939 0.261525 0.390940 0.000021 0.335575
2 1 0.006451 0.345156 0.464693 0.000021 0.183678
1 1 0.034782 0.495039 0.452417 0.000170 0.017592
2 2 0.002594 0.088542 0.892584 0.007108 0.009172
2 2 0.042807 0.277367 0.593045 0.000068 0.086713
2 2 0.001428 0.159353 0.822877 0.001813 0.014530
2 2 0.000308 0.037218 0.955090 0.000925 0.006458
1 2 0.017984 0.558987 0.395251 0.000023 0.027755
1 2 0.191365 0.443218 0.252694 0.000206 0.112516
1 2 0.031860 0.530827 0.410574 0.002751 0.023987
2 2 0.000023 0.004543 0.994898 0.000473 0.000062
2 2 0.003568 0.057146 0.784827 0.149187 0.005272
2 2 0.003824 0.086329 0.839656 0.063171 0.007020
2 2 0.006285 0.061795 0.928502 0.003003 0.000415
2 2 0.001118 0.033794 0.686759 0.274280 0.004049
2 2 0.009791 0.195700 0.771008 0.009372 0.014130
2 2 0.000211 0.025636 0.928282 0.042694 0.003177
2 2 0.000019 0.017775 0.980524 0.001441 0.000241
2 2 0.000022 0.006316 0.988618 0.004942 0.000102
2 2 0.009670 0.209798 0.762694 0.000256 0.017582
2 2 0.000048 0.018790 0.979468 0.001535 0.000159
2 2 0.000049 0.022992 0.962198 0.011242 0.003519
2 2 0.000440 0.051072 0.897968 0.019378 0.031142
2 2 0.000402 0.076956 0.910709 0.008065 0.003868
2 2 0.057990 0.336529 0.495270 0.030892 0.079319
2 2 0.002784 0.018080 0.922080 0.056625 0.000432
2 2 0.000482 0.007222 0.970731 0.021482 0.000084
2 2 0.000000 0.000308 0.995815 0.003859 0.000018
2 2 0.000059 0.003149 0.955639 0.041027 0.000125
2 2 0.000771 0.013114 0.638587 0.345936 0.001592
2 2 0.000784 0.013958 0.817784 0.166215 0.001259
3 3 0.001096 0.004630 0.108954 0.884208 0.001112
2 3 0.005059 0.024969 0.839631 0.129331 0.001010
2 3 0.000003 0.000450 0.781667 0.217833 0.000046
2 3 0.000191 0.004212 0.657016 0.338233 0.000349
2 3 0.000010 0.000759 0.601395 0.397731 0.000105
2 3 0.002361 0.056081 0.563011 0.343507 0.035040
3 3 0.001157 0.008253 0.204082 0.781233 0.005275
2 3 0.000027 0.000578 0.726884 0.272498 0.000014
2 3 0.007310 0.084016 0.510790 0.346639 0.051245
2 3 0.001331 0.011502 0.637733 0.348076 0.001358
3 3 0.004050 0.011618 0.037464 0.934768 0.012100
3 3 0.000268 0.002286 0.215683 0.780985 0.000779
3 3 0.000177 0.000865 0.137610 0.861264 0.000083
2 3 0.000002 0.000487 0.616308 0.383026 0.000177
2 2 0.000525 0.008205 0.733594 0.256592 0.001084
2 2 0.007123 0.079492 0.906649 0.006227 0.000508
2 2 0.000563 0.114729 0.879372 0.001175 0.004161
2 2 0.000397 0.076305 0.915421 0.005367 0.002510
2 2 0.019156 0.166656 0.765805 0.034817 0.013566
2 2 0.002112 0.026085 0.915280 0.056020 0.000503
2 2 0.048693 0.166220 0.746435 0.034429 0.004222
2 2 0.000277 0.013979 0.977206 0.008402 0.000135
