0 0 0.629450 0.095640 0.174495 0.061629 0.038785
0 0 0.653939 0.111641 0.038665 0.000495 0.195260
4 0 0.271769 0.069788 0.024674 0.000579 0.633190
4 0 0.098669 0.127010 0.043482 0.001850 0.728988
0 0 0.454325 0.105082 0.030348 0.000627 0.409617
0 0 0.953863 0.019242 0.010581 0.000558 0.015756
4 0 0.174593 0.043297 0.035511 0.005521 0.741079
4 0 0.082907 0.039125 0.024300 0.002433 0.851235
4 0 0.183119 0.041644 0.033243 0.004424 0.737570
4 0 0.058027 0.092902 0.019531 0.000414 0.829126
4 0 0.015290 0.013142 0.005435 0.000134 0.965999
0 0 0.419961 0.303518 0.205548 0.001453 0.069520
4 0 0.290720 0.179945 0.060030 0.000708 0.468597
1 0 0.329968 0.349031 0.077381 0.000713 0.242907
4 0 0.174409 0.340902 0.136212 0.003239 0.345239
4 0 0.166161 0.091499 0.045207 0.005055 0.692077
0 0 0.492075 0.201414 0.247801 0.011245 0.047465
4 0 0.294638 0.234602 0.134062 0.002079 0.334619
4 0 0.204289 0.185290 0.144757 0.000149 0.465515
0 0 0.522084 0.060236 0.023348 0.000483 0.393849
4 0 0.094772 0.178967 0.081891 0.000064 0.644307
4 0 0.219334 0.059735 0.029068 0.001471 0.690393
4 0 0.187964 0.114611 0.020619 0.000114 0.676692
2 0 0.056084 0.409299 0.491111 0.001389 0.042117
4 1 0.219537 0.281032 0.111665 0.007708 0.380058
1 1 0.233572 0.421961 0.113338 0.000284 0.230845
4 1 0.031888 0.193071 0.122871 0.000136 0.652034
4 1 0.127008 0.271096 0.083525 0.000311 0.518061
1 1 0.038436 0.453248 0.231760 0.000202 0.276355
0 4 0.507508 0.318317 0.104482 0.000487 0.069207
4 4 0.236301 0.225189 0.046944 0.001545 0.490022
4 4 0.075335 0.345853 0.165960 0.002216 0.410636
4 4 0.021039 0.083992 0.049813 0.000518 0.844637
1 4 0.075346 0.551454 0.192636 0.000291 0.180272
0 4 0.444302 0.111166 0.058276 0.000153 0.386102
4 4 0.020507 0.066726 0.118855 0.011389 0.782522
4 4 0.022871 0.103190 0.052117 0.000502 0.821319
4 4 0.037463 0.099068 0.061480 0.001029 0.800959
4 4 0.088036 0.051002 0.026528 0.001217 0.833217
4 4 0.122719 0.189665 0.068616 0.001549 0.617451
4 4 0.022188 0.061300 0.008807 0.000009 0.907695
4 4 0.094696 0.202657 0.203407 0.000158 0.499082
4 4 0.373723 0.068897 0.024933 0.000541 0.531906
4 4 0.090667 0.097800 0.045825 0.002420 0.763288
1 4 0.164000 0.457684 0.165712 0.000446 0.212158
1 4 0.182020 0.360431 0.135480 0.000136 0.321933
4 4 0.072590 0.251839 0.044234 0.001902 0.629434
0 0 0.965751 0.021072 0.008197 0.000389 0.004591
0 0 0.521687 0.082637 0.065732 0.016630 0.313314
0 0 0.463830 0.303321 0.059131 0.002751 0.170967
0 0 0.486055 0.169770 0.236746 0.014857 0.092572
0 0 0.884407 0.022192 0.012700 0.000363 0.080339
0 0 0.965424 0.017429 0.001797 0.000001 0.015349
4 0 0.326904 0.139220 0.043098 0.001768 0.489010
4 0 0.261330 0.215688 0.040345 0.000828 0.481809
4 1 0.040155 0.299068 0.127943 0.001892 0.530943
1 1 0.086266 0.440984 0.299358 0.006225 0.167167
1 1 0.094243 0.642134 0.202797 0.000155 0.060670
4 4 0.086725 0.145702 0.026813 0.000571 0.740189
0 4 0.844159 0.048068 0.032838 0.004649 0.070286
0 4 0.471963 0.222132 0.024943 0.000127 0.280835
1 4 0.067014 0.414703 0.164862 0.000078 0.353343
0 4 0.474332 0.249446 0.070492 0.001312 0.204417
1 4 0.140334 0.539749 0.048656 0.000014 0.271246
0 4 0.550208 0.178998 0.028197 0.000093 0.242504
1 4 0.312731 0.392147 0.174855 0.000569 0.119698
1 4 0.127780 0.522684 0.081714 0.000744 0.267079
4 4 0.026528 0.078922 0.016944 0.000471 0.877135
4 4 0.056896 0.290014 0.046550 0.000016 0.606523
4 4 0.073282 0.313181 0.071507 0.000325 0.541706
4 4 0.178672 0.347423 0.074351 0.000198 0.399356
0 4 0.371600 0.364088 0.110864 0.000022 0.153426
4 4 0.341643 0.215743 0.044108 0.001133 0.397373
4 4 0.061955 0.234025 0.069547 0.000287 0.634186
1 4 0.096477 0.498669 0.233306 0.000257 0.171291
0 4 0.734702 0.074185 0.055975 0.014681 0.120456
0 4 0.695685 0.229531 0.042282 0.000158 0.032344
0 4 0.336190 0.334884 0.049191 0.000559 0.279176
0 4 0.878555 0.059811 0.018682 0.000547 0.042404
0 4 0.702293 0.176944 0.019225 0.000059 0.101479
0 4 0.376384 0.333727 0.088667 0.000103 0.201119
4 1 0.108394 0.176083 0.048844 0.000122 0.666556
0 0 0.713019 0.091231 0.073142 0.037025 0.085584
0 0 0.793238 0.072764 0.055259 0.021024 0.057715
4 0 0.306085 0.095633 0.031265 0.000877 0.566140
4 0 0.331950 0.068766 0.028726 0.000467 0.570091
0 0 0.489971 0.051417 0.037037 0.003401 0.418175
4 0 0.326016 0.051960 0.029708 0.001607 0.590708
4 0 0.139459 0.068378 0.020923 0.000462 0.770778
1 0 0.379099 0.443972 0.070870 0.000140 0.105919
0 1 0.374721 0.240326 0.127341 0.001530 0.256082
4 1 0.183194 0.278309 0.043837 0.000049 0.494611
4 4 0.021811 0.288567 0.114110 0.000045 0.575467
4 4 0.115477 0.092766 0.084797 0.003293 0.703667
4 4 0.087518 0.033795 0.012439 0.000236 0.866012
4 4 0.040747 0.252882 0.165600 0.000092 0.540679
1 4 0.087353 0.507728 0.153934 0.000068 0.250917
4 4 0.253760 0.278849 0.058376 0.000761 0.408254
1 4 0.028473 0.427863 0.181959 0.001951 0.359755
0 4 0.443176 0.430595 0.080121 0.000425 0.045684
0 4 0.846872 0.064718 0.040683 0.009698 0.038029
1 4 0.050842 0.466120 0.223325 0.012242 0.247471
4 4 0.136946 0.050331 0.009652 0.000040 0.803031
4 4 0.169889 0.034274 0.022143 0.000701 0.772992
4 4 0.079428 0.162308 0.048860 0.002392 0.707013
0 4 0.809862 0.092474 0.041813 0.001405 0.054446
0 0 0.898090 0.056627 0.029656 0.001224 0.014403
4 1 0.244992 0.141998 0.033281 0.000227 0.579503
1 4 0.134258 0.494704 0.240555 0.000165 0.130317
0 0 0.897282 0.039443 0.026199 0.003964 0.033113
0 0 0.629451 0.151045 0.030141 0.000045 0.189318
1 1 0.237580 0.415316 0.142076 0.000681 0.204348
4 1 0.004293 0.188500 0.202623 0.000116 0.604468
4 1 0.020410 0.311430 0.080299 0.000005 0.587856
4 1 0.009776 0.235103 0.159183 0.000198 0.595740
4 1 0.012380 0.263206 0.041394 0.000157 0.682863
4 1 0.017114 0.192585 0.221509 0.006608 0.562184
4 4 0.001918 0.023016 0.011192 0.000004 0.963870
4 4 0.030279 0.077264 0.007927 0.000005 0.884526
4 4 0.017064 0.061492 0.008006 0.000016 0.913421
4 4 0.017470 0.043037 0.017703 0.000787 0.921003
4 4 0.009043 0.067703 0.038311 0.000597 0.884346
4 4 0.021600 0.190223 0.091540 0.000178 0.696459
4 4 0.006326 0.044821 0.006827 0.000040 0.941986
4 4 0.023253 0.030727 0.010351 0.000335 0.935334
4 4 0.059237 0.027355 0.010998 0.000260 0.902150
4 4 0.088756 0.025823 0.049854 0.004286 0.831282
4 4 0.023986 0.123421 0.045137 0.000007 0.807449
4 4 0.263344 0.130419 0.023759 0.000222 0.582255
4 4 0.040849 0.073625 0.047030 0.005497 0.832999
4 4 0.179484 0.135741 0.038374 0.001548 0.644854
4 4 0.039133 0.129081 0.019939 0.000080 0.811767
4 4 0.010861 0.098752 0.045131 0.000146 0.845110
4 4 0.004311 0.128721 0.128226 0.000243 0.738499
4 4 0.011539 0.160784 0.202407 0.002854 0.622416
4 4 0.007375 0.138763 0.241574 0.000781 0.611507
4 4 0.038317 0.120252 0.034164 0.001261 0.806005
4 4 0.026951 0.218395 0.214881 0.007336 0.532437
4 4 0.014021 0.251756 0.036286 0.000213 0.697724
4 4 0.004241 0.171876 0.405670 0.002727 0.415486
4 4 0.039044 0.241575 0.230198 0.004581 0.484602
1 4 0.003404 0.508337 0.250842 0.002135 0.235281
2 4 0.062972 0.354706 0.412210 0.004379 0.165733
2 1 0.010121 0.291700 0.619780 0.000611 0.077788
4 1 0.006696 0.328007 0.139185 0.000465 0.525647
1 1 0.023496 0.505125 0.183255 0.000074 0.288050
2 1 0.000309 0.114880 0.825625 0.003411 0.055775
1 1 0.003345 0.451166 0.321343 0.005137 0.219009
2 1 0.001523 0.316218 0.346534 0.000559 0.335166
2 1 0.001901 0.089509 0.571344 0.213511 0.123735
2 1 0.001819 0.343811 0.548842 0.005733 0.099795
2 1 0.006251 0.337430 0.548298 0.000550 0.107471
2 1 0.003960 0.323656 0.448477 0.028279 0.195629
2 1 0.003370 0.216392 0.452619 0.006360 0.321259
2 1 0.008254 0.190036 0.645662 0.006385 0.149664
2 1 0.000444 0.281715 0.656608 0.018271 0.042962
2 1 0.000607 0.143080 0.638732 0.001033 0.216548
2 1 0.001760 0.201032 0.738247 0.041991 0.016969
2 1 0.000742 0.112825 0.836835 0.025627 0.023971
2 1 0.000461 0.056602 0.919338 0.014462 0.009137
0 1 0.371920 0.257416 0.081803 0.000535 0.288326
2 1 0.006768 0.255429 0.600833 0.024452 0.112518
2 2 0.000472 0.119308 0.842078 0.009927 0.028215
2 2 0.000224 0.011859 0.975218 0.008831 0.003867
2 2 0.000232 0.018252 0.978253 0.000782 0.002481
2 2 0.001747 0.068582 0.901456 0.014174 0.014040
2 2 0.000016 0.017879 0.979326 0.000310 0.002468
2 2 0.000079 0.018916 0.920133 0.057129 0.003743
2 2 0.000050 0.014692 0.981976 0.001071 0.002212
2 2 0.000015 0.003621 0.994693 0.001131 0.000540
2 2 0.000001 0.001713 0.977170 0.020699 0.000418
2 2 0.005254 0.162472 0.745709 0.003925 0.082640
2 2 0.000002 0.001261 0.990224 0.008426 0.000087
2 2 0.000017 0.029684 0.964685 0.004546 0.001068
2 2 0.000014 0.010277 0.948506 0.040445 0.000758
2 2 0.013897 0.066438 0.877737 0.016290 0.025639
2 2 0.000364 0.020197 0.926963 0.052262 0.000215
2 2 0.004496 0.036691 0.896582 0.044151 0.018080
2 2 0.000136 0.045379 0.947272 0.003306 0.003907
2 2 0.000049 0.006020 0.779158 0.213361 0.001412
2 2 0.001189 0.026460 0.950875 0.018999 0.002477
2 2 0.000001 0.004838 0.963796 0.031183 0.000183
2 2 0.000005 0.006782 0.941550 0.051281 0.000383
2 2 0.000397 0.029297 0.962113 0.004566 0.003627
2 2 0.000036 0.007897 0.834874 0.156787 0.000406
2 2 0.000006 0.002276 0.778727 0.218851 0.000140
2 2 0.000029 0.012997 0.881100 0.103006 0.002868
2 2 0.000055 0.009165 0.867393 0.122920 0.000467
3 2 0.000003 0.000367 0.307381 0.692189 0.000060
3 2 0.000112 0.012495 0.459336 0.524914 0.003143
2 2 0.000011 0.002575 0.559062 0.437564 0.000789
2 2 0.000003 0.007705 0.898825 0.093376 0.000091
2 3 0.000083 0.011292 0.622186 0.365039 0.001401
3 3 0.001097 0.005696 0.125157 0.865655 0.002395
2 3 0.000027 0.007417 0.645641 0.346274 0.000641
3 3 0.001602 0.007839 0.109988 0.873790 0.006781
2 3 0.000352 0.020207 0.740112 0.237591 0.001738
3 3 0.000248 0.005421 0.200951 0.792701 0.000678
3 3 0.002047 0.015608 0.104016 0.869028 0.009301
3 3 0.000175 0.003261 0.114825 0.880406 0.001332
3 3 0.000123 0.006262 0.343531 0.647063 0.003021
3 3 0.000027 0.000911 0.070394 0.928324 0.000344
3 3 0.000154 0.001726 0.036780 0.961105 0.000235
3 3 0.000062 0.000706 0.015292 0.983721 0.000219
3 3 0.000061 0.000540 0.022796 0.976560 0.000043
3 3 0.001112 0.002003 0.054129 0.942616 0.000140
3 3 0.005647 0.039992 0.296444 0.651605 0.006312
3 3 0.000776 0.025442 0.482484 0.489159 0.002139
2 3 0.000227 0.027987 0.847018 0.123832 0.000937
2 3 0.000404 0.048860 0.839304 0.106493 0.004940
2 2 0.000127 0.016990 0.921173 0.061451 0.000259
2 2 0.001588 0.174750 0.813084 0.006061 0.004517
2 2 0.091370 0.077139 0.504893 0.310027 0.016572
2 2 0.188741 0.290071 0.504102 0.002418 0.014669
2 2 0.013476 0.234742 0.706231 0.009218 0.036334
2 2 0.004782 0.124376 0.852157 0.009787 0.008897
3 2 0.000176 0.012500 0.282097 0.703004 0.002223
2 2 0.000394 0.055014 0.827275 0.112145 0.005171
2 2 0.000168 0.045636 0.880239 0.068782 0.005176
2 2 0.000003 0.003810 0.994614 0.001472 0.000101
2 2 0.000230 0.035991 0.874169 0.078208 0.011401
2 2 0.000723 0.054782 0.886252 0.047013 0.011230
2 2 0.002276 0.102141 0.836110 0.024927 0.034545
3 2 0.000063 0.015735 0.485878 0.495259 0.003065
2 2 0.000491 0.014298 0.912114 0.062500 0.010597
2 2 0.000056 0.010435 0.730810 0.255914 0.002785
2 2 0.000582 0.020609 0.795024 0.182960 0.000825
2 2 0.000188 0.002435 0.742979 0.253889 0.000509
2 2 0.000212 0.035943 0.518730 0.443357 0.001757
2 2 0.000012 0.008364 0.845152 0.144239 0.002232
2 2 0.000068 0.017743 0.693146 0.284278 0.004765
2 2 0.010235 0.080504 0.801150 0.073839 0.034272
2 2 0.000038 0.002743 0.899929 0.097277 0.000013
2 2 0.000656 0.060697 0.809252 0.106512 0.022883
2 2 0.003401 0.024318 0.909850 0.057178 0.005254
2 2 0.000008 0.004238 0.865953 0.129324 0.000477
2 2 0.000249 0.016944 0.679631 0.298266 0.004910
2 2 0.000006 0.004436 0.887604 0.107644 0.000309
2 2 0.000127 0.013570 0.542425 0.439803 0.004076
2 2 0.000186 0.025597 0.912275 0.060456 0.001486
3 2 0.000428 0.007835 0.447881 0.541155 0.002700
2 2 0.002899 0.066582 0.761977 0.085956 0.082586
3 2 0.000185 0.006748 0.241878 0.744519 0.006670
3 2 0.002008 0.045076 0.412091 0.471733 0.069092
2 2 0.000060 0.006757 0.554062 0.435593 0.003528
2 2 0.000003 0.001255 0.696986 0.301081 0.000676
2 2 0.000005 0.004722 0.862658 0.131715 0.000900
2 2 0.000226 0.007253 0.933015 0.059307 0.000199
3 2 0.001780 0.077120 0.283566 0.609976 0.027559
3 2 0.000084 0.010939 0.384473 0.603211 0.001292
2 2 0.000000 0.000375 0.786961 0.212650 0.000013
3 3 0.000260 0.008864 0.227175 0.761245 0.002457
3 3 0.000022 0.003250 0.365227 0.631412 0.000089
2 3 0.005584 0.102887 0.822345 0.062899 0.006285
2 3 0.002517 0.094602 0.867303 0.033073 0.002505
2 3 0.064073 0.305453 0.458728 0.029087 0.142659
0 2 0.615208 0.144714 0.172187 0.000252 0.067640
1 1 0.072003 0.424413 0.274779 0.009811 0.218994
2 1 0.001960 0.151985 0.785965 0.044374 0.015716
2 1 0.000089 0.049115 0.879781 0.069484 0.001532
2 1 0.002028 0.210988 0.752995 0.018339 0.015649
2 1 0.011315 0.361611 0.524618 0.005549 0.096907
2 1 0.045347 0.240211 0.544729 0.072213 0.097500
2 2 0.000647 0.033703 0.947409 0.016553 0.001688
2 2 0.000203 0.007569 0.964049 0.028162 0.000017
2 2 0.000136 0.018412 0.925020 0.055964 0.000468
2 2 0.000044 0.016468 0.982464 0.000880 0.000145
2 2 0.002768 0.036831 0.955989 0.002122 0.002291
2 2 0.000005 0.000785 0.847795 0.151411 0.000003
2 2 0.000018 0.002703 0.994279 0.002960 0.000040
2 2 0.002282 0.082002 0.861165 0.052952 0.001598
2 2 0.000002 0.002198 0.961428 0.036365 0.000007
2 2 0.002790 0.045980 0.907123 0.043531 0.000576
1 2 0.132331 0.407997 0.273086 0.033822 0.152764
2 2 0.005154 0.085179 0.873670 0.025687 0.010311
2 2 0.000143 0.015297 0.886338 0.096734 0.001488
2 2 0.000176 0.013451 0.846534 0.139582 0.000257
2 2 0.000000 0.000167 0.580747 0.419086 0.000001
2 2 0.001337 0.029955 0.728421 0.235582 0.004706
2 2 0.001857 0.036368 0.946717 0.013226 0.001831
2 2 0.000000 0.000305 0.993952 0.005743 0.000000
2 2 0.000061 0.011946 0.986185 0.001746 0.000062
2 2 0.000026 0.011736 0.986272 0.001642 0.000325
2 2 0.000181 0.016613 0.868000 0.114797 0.000409
2 2 0.005919 0.161252 0.808114 0.010167 0.014549
2 2 0.000333 0.006706 0.551535 0.441344 0.000083
2 2 0.106503 0.374883 0.471911 0.007959 0.038745
2 2 0.031952 0.312587 0.582893 0.017735 0.054833
2 2 0.060469 0.343564 0.457647 0.042219 0.096101
4 2 0.224219 0.261394 0.076386 0.001903 0.436098
1 2 0.024024 0.486782 0.232556 0.003326 0.253312
4 1 0.033207 0.260282 0.292061 0.044559 0.369891
2 1 0.005383 0.140024 0.561626 0.219238 0.073730
2 2 0.000248 0.037648 0.936961 0.019175 0.005968
2 2 0.009777 0.162933 0.699348 0.022503 0.105439
2 2 0.000068 0.005528 0.706604 0.287432 0.000368
2 2 0.000018 0.014701 0.956394 0.028455 0.000432
2 2 0.000016 0.003083 0.990870 0.005946 0.000085
2 2 0.000281 0.005531 0.991566 0.002404 0.000218
2 2 0.000209 0.034109 0.961231 0.002714 0.001738
2 2 0.000006 0.004426 0.958730 0.036571 0.000266
2 2 0.000551 0.035261 0.685572 0.267423 0.011194
1 2 0.002814 0.454387 0.393766 0.001520 0.147513
2 2 0.035904 0.223643 0.523396 0.016145 0.200912
1 0 0.254512 0.424318 0.198903 0.006632 0.115635
1 1 0.098142 0.454498 0.300411 0.007609 0.139340
1 1 0.038925 0.517312 0.136466 0.002356 0.304941
3 2 0.007450 0.093442 0.390946 0.467157 0.041005
2 2 0.000042 0.010375 0.971509 0.017928 0.000146
2 2 0.000010 0.002012 0.950439 0.047525 0.000015
2 2 0.001505 0.084149 0.905590 0.001682 0.007074
2 2 0.001139 0.084825 0.909351 0.001736 0.002949
2 2 0.002519 0.122698 0.842478 0.006112 0.026193
1 2 0.118521 0.537777 0.267165 0.004899 0.071637
2 2 0.003475 0.279950 0.607829 0.069993 0.038753
2 4 0.011146 0.155531 0.797821 0.023263 0.012240
0 4 0.788427 0.102603 0.026681 0.000703 0.081586
4 4 0.141781 0.261558 0.059420 0.001136 0.536105
4 4 0.341875 0.254397 0.050830 0.000714 0.352185
4 4 0.048771 0.423275 0.097782 0.004795 0.425377
2 4 0.000277 0.063561 0.680428 0.250558 0.005177
2 4 0.000339 0.082162 0.866229 0.016836 0.034434
2 2 0.000944 0.035959 0.475826 0.463219 0.024051
2 2 0.000427 0.078969 0.900096 0.009658 0.010851
2 2 0.005336 0.075221 0.901302 0.016213 0.001929
2 2 0.031951 0.320630 0.628544 0.003244 0.015631
4 2 0.148812 0.240851 0.262634 0.021994 0.325709
1 2 0.015527 0.400344 0.282612 0.018814 0.282702
2 2 0.000529 0.067358 0.599480 0.318473 0.014160
2 2 0.000056 0.004400 0.880745 0.114335 0.000465
2 2 0.000014 0.016498 0.973951 0.007916 0.001621
2 2 0.000131 0.010419 0.982661 0.003872 0.002918
2 2 0.000017 0.001953 0.994131 0.003720 0.000180
2 2 0.000059 0.012633 0.978933 0.006260 0.002115
2 2 0.000262 0.048793 0.902433 0.005473 0.043040
2 2 0.000599 0.049181 0.852417 0.063039 0.034765
2 2 0.000618 0.069292 0.886917 0.006347 0.036825
2 2 0.000008 0.012624 0.967004 0.018316 0.002048
2 2 0.000154 0.045325 0.907529 0.032752 0.014240
2 2 0.004671 0.107752 0.883494 0.000784 0.003299
1 2 0.120477 0.415035 0.299319 0.000240 0.164929
2 2 0.002148 0.106945 0.831925 0.049623 0.009359
2 2 0.000058 0.004683 0.708730 0.286453 0.000076
2 2 0.000017 0.004737 0.990458 0.004670 0.000118
2 2 0.000108 0.019024 0.953803 0.026670 0.000394
2 2 0.001787 0.066105 0.930253 0.000735 0.001120
2 2 0.000155 0.008826 0.988088 0.002875 0.000056
2 2 0.006337 0.025820 0.937782 0.029443 0.000618
2 2 0.000001 0.001343 0.993890 0.004762 0.000004
2 2 0.000013 0.010282 0.977287 0.012262 0.000156
2 2 0.012836 0.098797 0.882575 0.002807 0.002985
2 2 0.044927 0.270573 0.641342 0.016360 0.026799
2 2 0.028113 0.189744 0.610439 0.054407 0.117296
2 2 0.000686 0.081071 0.816031 0.021333 0.080878
2 2 0.000000 0.000070 0.804807 0.195123 0.000001
2 2 0.000002 0.003535 0.954815 0.040868 0.000780
2 2 0.000519 0.083577 0.807229 0.016410 0.092265
2 2 0.000689 0.066430 0.835886 0.026213 0.070781
2 2 0.001252 0.213874 0.704158 0.002986 0.077730
2 2 0.000789 0.169017 0.726676 0.005156 0.098362
4 4 0.001526 0.150974 0.404591 0.005993 0.436917
1 4 0.009325 0.400786 0.211832 0.001473 0.376584
4 4 0.002958 0.059562 0.385273 0.006203 0.546003
4 4 0.034110 0.043993 0.067357 0.023862 0.830678
4 4 0.022410 0.187685 0.063033 0.000017 0.726856
4 4 0.044821 0.153145 0.036479 0.000120 0.765434
4 4 0.003711 0.352188 0.197502 0.000792 0.445807
4 4 0.041262 0.271583 0.109411 0.007887 0.569858
4 4 0.046955 0.093936 0.027436 0.001677 0.829995
4 4 0.028332 0.209684 0.098592 0.007414 0.655978
4 4 0.005673 0.275828 0.280746 0.006156 0.431597
4 4 0.004302 0.130058 0.379437 0.016805 0.469397
4 4 0.031608 0.021400 0.033969 0.008432 0.904592
4 4 0.022189 0.036780 0.050966 0.007844 0.882220
4 4 0.020729 0.104262 0.136599 0.019993 0.718416
4 4 0.041210 0.063864 0.030391 0.001460 0.863074
2 4 0.004967 0.070190 0.435210 0.216835 0.272798
4 4 0.010645 0.061902 0.019183 0.000097 0.908172
1 4 0.132779 0.376607 0.183153 0.000368 0.307093
1 4 0.105602 0.400404 0.341733 0.004731 0.147531
4 4 0.073531 0.131459 0.101206 0.022990 0.670813
4 4 0.008954 0.346033 0.170167 0.000066 0.474781
2 4 0.005880 0.208478 0.468755 0.023980 0.292907
4 4 0.030985 0.339467 0.125954 0.000924 0.502671
4 4 0.012380 0.108182 0.044250 0.000195 0.834994
4 4 0.031842 0.039725 0.042766 0.008494 0.877173
2 4 0.009576 0.281105 0.377539 0.004905 0.326876
4 4 0.002787 0.091002 0.104944 0.000641 0.800626
4 4 0.009642 0.095197 0.020806 0.000007 0.874349
4 4 0.006402 0.197736 0.220463 0.000473 0.574926
2 1 0.003852 0.306749 0.514948 0.028532 0.145919
2 1 0.005359 0.246464 0.445104 0.059229 0.243844
4 1 0.004791 0.253511 0.190108 0.000134 0.551455
2 1 0.006614 0.242391 0.474746 0.061620 0.214629
2 1 0.002765 0.238210 0.493147 0.052889 0.212989
2 1 0.002330 0.080776 0.632056 0.212610 0.072229
2 1 0.001305 0.142478 0.694396 0.031211 0.130610
2 1 0.000026 0.011315 0.970567 0.013254 0.004838
2 2 0.001408 0.080345 0.663103 0.192486 0.062658
2 2 0.000996 0.097989 0.848176 0.014059 0.038780
1 2 0.036423 0.531536 0.401987 0.000129 0.029925
2 2 0.003047 0.124600 0.808550 0.041176 0.022627
2 2 0.005143 0.272411 0.656778 0.015162 0.050507
2 2 0.000190 0.105743 0.832020 0.054816 0.007231
2 2 0.002143 0.150508 0.791794 0.028327 0.027229
2 2 0.000072 0.004394 0.994402 0.001121 0.000011
2 2 0.000047 0.010356 0.933810 0.055399 0.000387
2 2 0.000789 0.041021 0.942282 0.010808 0.005100
2 2 0.006198 0.097243 0.883637 0.004131 0.008792
2 2 0.000532 0.038855 0.880268 0.077950 0.002395
2 2 0.000089 0.021715 0.976458 0.001290 0.000447
2 2 0.000092 0.018067 0.960354 0.021323 0.000165
2 2 0.000387 0.022818 0.966036 0.009812 0.000948
2 2 0.000055 0.004806 0.947029 0.048063 0.000047
2 2 0.001321 0.032409 0.941514 0.023218 0.001538
2 2 0.000013 0.005859 0.993414 0.000706 0.000009
2 2 0.000193 0.019456 0.880236 0.099822 0.000293
3 0 0.005379 0.055164 0.319239 0.595897 0.024321
2 0 0.071449 0.130341 0.744326 0.023505 0.030380
0 1 0.478141 0.163512 0.174706 0.043755 0.139886
1 1 0.090977 0.520088 0.291889 0.000999 0.096048
1 1 0.149053 0.468942 0.333246 0.001399 0.047361
4 1 0.009207 0.188052 0.192416 0.000276 0.610049
2 1 0.000985 0.083483 0.683564 0.214371 0.017597
1 1 0.043144 0.436108 0.429770 0.005552 0.085426
0 1 0.465672 0.270994 0.179418 0.021856 0.062061
2 1 0.001818 0.209493 0.764515 0.009282 0.014893
2 1 0.000029 0.016576 0.920857 0.059917 0.002621
2 1 0.000016 0.014500 0.942739 0.041055 0.001688
2 1 0.001561 0.028474 0.916960 0.050431 0.002574
2 2 0.005898 0.113324 0.852821 0.005810 0.022146
2 2 0.000642 0.038670 0.947448 0.004115 0.009126
2 2 0.000015 0.009838 0.985123 0.004231 0.000793
2 2 0.000025 0.008952 0.969036 0.021595 0.000392
2 2 0.000032 0.026564 0.946981 0.022694 0.003729
2 2 0.073766 0.062689 0.754633 0.101279 0.007634
2 2 0.070175 0.340971 0.561660 0.002684 0.024511
2 2 0.000034 0.019290 0.978631 0.001893 0.000152
2 2 0.000697 0.173019 0.794394 0.007362 0.024529
2 2 0.000621 0.107573 0.883817 0.000891 0.007097
2 2 0.015410 0.079396 0.880415 0.021982 0.002797
2 2 0.004206 0.143319 0.814615 0.007117 0.030743
2 2 0.002139 0.145593 0.830934 0.005604 0.015730
2 2 0.002199 0.061867 0.890133 0.008334 0.037467
2 2 0.000178 0.008752 0.941351 0.047668 0.002051
2 2 0.000002 0.006576 0.989475 0.003842 0.000104
2 2 0.000026 0.008857 0.984500 0.003999 0.002619
2 2 0.000951 0.023077 0.910684 0.062482 0.002806
2 2 0.000022 0.007228 0.745711 0.244515 0.002525
2 2 0.000035 0.003670 0.592883 0.401623 0.001789
2 2 0.000223 0.011087 0.934395 0.051383 0.002911
2 2 0.000016 0.006018 0.722306 0.270021 0.001638
2 2 0.000249 0.019187 0.847496 0.127816 0.005252
2 2 0.000026 0.005227 0.718602 0.275121 0.001024
2 2 0.000154 0.012082 0.940666 0.042531 0.004567
2 2 0.000041 0.007823 0.689184 0.301443 0.001510
2 2 0.000063 0.001881 0.852964 0.144987 0.000105
3 2 0.000002 0.000589 0.148308 0.850982 0.000119
3 2 0.000066 0.001790 0.132862 0.863274 0.002008
3 3 0.000112 0.009918 0.438575 0.547342 0.004052
3 3 0.000051 0.002262 0.206114 0.788685 0.002889
2 3 0.000011 0.000547 0.683547 0.315880 0.000015
3 3 0.000293 0.006775 0.166383 0.823873 0.002676
3 3 0.000264 0.001898 0.023936 0.973152 0.000750
3 3 0.000027 0.001545 0.149734 0.848329 0.000364
3 3 0.000000 0.000018 0.003255 0.996725 0.000001
3 3 0.000072 0.001557 0.075651 0.922023 0.000697
3 3 0.000060 0.000555 0.009409 0.989799 0.000178
3 3 0.000202 0.001700 0.028188 0.968481 0.001428
3 3 0.000004 0.000150 0.020510 0.979322 0.000015
3 3 0.000018 0.000260 0.006909 0.992715 0.000098
3 3 0.000028 0.000248 0.006925 0.992760 0.000039
3 3 0.000022 0.000240 0.006218 0.993472 0.000048
3 3 0.000001 0.000081 0.026288 0.973621 0.000008
3 3 0.000156 0.001092 0.014038 0.984296 0.000417
3 3 0.000243 0.001497 0.016900 0.980738 0.000621
3 3 0.000001 0.000058 0.006824 0.993108 0.000009
3 3 0.000189 0.001254 0.015229 0.982831 0.000497
3 3 0.000002 0.000099 0.010245 0.989638 0.000016
3 3 0.000020 0.000256 0.005957 0.993700 0.000067
3 3 0.000034 0.000375 0.007470 0.992012 0.000109
3 3 0.000001 0.000054 0.004534 0.995402 0.000009
3 3 0.000000 0.000017 0.001200 0.998780 0.000002
3 3 0.000011 0.000163 0.004564 0.995224 0.000038
3 3 0.000027 0.000219 0.006824 0.992903 0.000027
3 3 0.000303 0.001749 0.018518 0.978675 0.000755
3 3 0.000060 0.000339 0.009570 0.989992 0.000038
3 3 0.069611 0.019914 0.160294 0.748773 0.001408
3 3 0.002742 0.025987 0.268419 0.700359 0.002493
3 3 0.004697 0.013933 0.311998 0.664585 0.004787
3 3 0.004856 0.013888 0.182720 0.793412 0.005124
2 3 0.046619 0.172446 0.666446 0.088959 0.025530
2 2 0.044026 0.229416 0.613845 0.080889 0.031823
2 2 0.210661 0.186460 0.310025 0.157989 0.134865
2 2 0.008457 0.234145 0.527011 0.130850 0.099537
3 2 0.000293 0.006813 0.231317 0.753172 0.008406
2 2 0.002966 0.034814 0.770043 0.183047 0.009129
3 2 0.000020 0.002368 0.289201 0.707705 0.000706
2 2 0.000001 0.000376 0.976970 0.022639 0.000014
3 2 0.000053 0.010543 0.450954 0.535189 0.003261
2 2 0.000255 0.026627 0.642445 0.299675 0.030997
2 2 0.000026 0.002900 0.821400 0.175267 0.000406
2 2 0.001654 0.006116 0.824222 0.167468 0.000541
2 2 0.000001 0.002325 0.852364 0.145226 0.000083
2 2 0.000021 0.006055 0.946817 0.046814 0.000294
2 2 0.000073 0.002164 0.831451 0.166266 0.000046
2 2 0.000035 0.004418 0.927966 0.066079 0.001502
3 2 0.000022 0.004442 0.423970 0.570142 0.001424
2 2 0.001091 0.022067 0.561669 0.369503 0.045670
2 2 0.000340 0.039171 0.666924 0.268936 0.024629
2 2 0.002810 0.080889 0.581115 0.149407 0.185779
2 2 0.003044 0.151694 0.785191 0.022599 0.037471
2 2 0.001210 0.093255 0.897571 0.005087 0.002877
2 2 0.013389 0.098442 0.836428 0.048037 0.003704
0 0 0.653922 0.205972 0.070382 0.001140 0.068583
0 0 0.378715 0.234614 0.137438 0.006561 0.242672
0 1 0.444663 0.308315 0.111959 0.009312 0.125751
0 1 0.526584 0.239566 0.174323 0.003028 0.056499
0 1 0.323464 0.286855 0.062928 0.003332 0.323422
2 1 0.008982 0.344097 0.469043 0.042394 0.135484
2 1 0.006374 0.379931 0.405591 0.076604 0.131501
2 1 0.000161 0.034989 0.947071 0.014893 0.002886
2 2 0.000965 0.086888 0.657775 0.221732 0.032640
2 2 0.000456 0.050464 0.788583 0.138612 0.021885
2 2 0.000888 0.037221 0.953417 0.001458 0.007016
2 2 0.000110 0.045052 0.909861 0.008829 0.036147
2 2 0.000381 0.038492 0.915277 0.039025 0.006826
2 2 0.015363 0.197376 0.686587 0.013282 0.087392
2 2 0.000071 0.027050 0.885871 0.079591 0.007417
2 2 0.000353 0.025463 0.904318 0.064503 0.005362
2 2 0.000092 0.010203 0.955640 0.031929 0.002136
2 2 0.000508 0.015352 0.965407 0.004880 0.013854
2 2 0.000042 0.036145 0.942895 0.007466 0.013452
2 2 0.002955 0.068989 0.908891 0.003500 0.015666
2 2 0.000053 0.025018 0.938178 0.033152 0.003598
2 2 0.000030 0.006103 0.707964 0.285274 0.000629
2 2 0.000672 0.067048 0.902693 0.016284 0.013304
2 2 0.000006 0.009566 0.963170 0.024098 0.003160
2 2 0.000018 0.005693 0.578012 0.414658 0.001619
2 2 0.000499 0.023592 0.927688 0.034486 0.013735
2 2 0.000023 0.010336 0.667785 0.317669 0.004187
2 2 0.000418 0.069727 0.905553 0.001369 0.022934
2 2 0.000022 0.019824 0.807494 0.170555 0.002105
3 2 0.000109 0.004478 0.270324 0.722076 0.003014
2 2 0.000512 0.015960 0.751265 0.226773 0.005490
2 2 0.000832 0.043310 0.701189 0.181101 0.073567
2 2 0.000243 0.049979 0.672919 0.267039 0.009820
2 2 0.000957 0.008339 0.656723 0.332968 0.001013
2 2 0.016072 0.188621 0.462099 0.270510 0.062698
2 2 0.000675 0.139947 0.691233 0.157369 0.010775
3 2 0.000171 0.004417 0.266078 0.728193 0.001142
2 2 0.000415 0.056410 0.920567 0.021722 0.000886
2 2 0.000061 0.005758 0.951082 0.042992 0.000107
2 2 0.000143 0.023552 0.921233 0.053728 0.001344
2 2 0.002232 0.158294 0.789396 0.011233 0.038845
1 2 0.079946 0.458527 0.217797 0.002553 0.241177
2 2 0.000720 0.106553 0.543470 0.335052 0.014204
2 2 0.000046 0.015265 0.878170 0.102206 0.004313
2 2 0.000000 0.001278 0.842142 0.156565 0.000014
2 2 0.006498 0.161792 0.607955 0.004175 0.219580
2 2 0.000060 0.010943 0.907207 0.074081 0.007709
2 2 0.000004 0.002252 0.585058 0.412253 0.000432
2 2 0.000246 0.015449 0.897225 0.083100 0.003979
2 2 0.000365 0.028383 0.958714 0.011584 0.000953
2 2 0.089119 0.391977 0.414213 0.014080 0.090611
1 2 0.203790 0.424319 0.254815 0.005644 0.111433
2 1 0.010205 0.400748 0.491307 0.003230 0.094510
2 1 0.002791 0.396588 0.534019 0.013128 0.053473
2 1 0.000035 0.021437 0.791242 0.186783 0.000502
2 1 0.000198 0.028337 0.923593 0.043682 0.004191
2 2 0.004187 0.297541 0.633146 0.013879 0.051247
2 2 0.000733 0.075173 0.848313 0.071013 0.004769
2 2 0.013525 0.225690 0.746920 0.006304 0.007561
1 2 0.039682 0.491558 0.421104 0.001272 0.046385
2 2 0.016346 0.416502 0.500451 0.001196 0.065505
4 2 0.030953 0.262796 0.330798 0.001489 0.373964
1 2 0.142936 0.467338 0.247881 0.001914 0.139930
2 4 0.023208 0.372117 0.578643 0.000221 0.025810
1 4 0.030510 0.589607 0.320247 0.000569 0.059067
2 4 0.005246 0.233717 0.667506 0.046079 0.047452
2 4 0.001868 0.221981 0.737198 0.009110 0.029843
1 4 0.040669 0.426309 0.322197 0.043512 0.167313
1 4 0.203891 0.558003 0.104967 0.005508 0.127631
0 4 0.606753 0.102651 0.059505 0.004803 0.226289
4 4 0.097813 0.163616 0.063660 0.000723 0.674188
1 4 0.298925 0.339517 0.219776 0.004133 0.137648
4 4 0.027343 0.125285 0.070153 0.000980 0.776238
4 4 0.123278 0.115411 0.045486 0.003228 0.712597
4 4 0.016693 0.323851 0.111451 0.000596 0.547409
2 4 0.006740 0.309060 0.341044 0.011046 0.332110
2 4 0.006319 0.205869 0.518986 0.041209 0.227617
1 4 0.018590 0.494735 0.095661 0.000052 0.390961
2 4 0.012486 0.280939 0.409086 0.002867 0.294622
4 4 0.002062 0.133931 0.134048 0.000190 0.729769
4 4 0.009473 0.271808 0.206259 0.000032 0.512427
4 4 0.010861 0.152691 0.087079 0.000608 0.748761
4 4 0.019231 0.186445 0.116769 0.002259 0.675296
4 4 0.069473 0.102392 0.025795 0.000911 0.801429
4 4 0.022911 0.078085 0.040776 0.000947 0.857282
4 4 0.030659 0.309461 0.232460 0.022385 0.405035
4 4 0.019582 0.136117 0.086079 0.000091 0.758131
4 4 0.015984 0.008553 0.004786 0.000149 0.970528
4 4 0.057853 0.023702 0.019033 0.002501 0.896911
4 4 0.230358 0.027459 0.019467 0.000938 0.721778
4 4 0.044164 0.052792 0.016330 0.000554 0.886160
4 4 0.013024 0.113642 0.054100 0.000546 0.818687
4 4 0.016346 0.141357 0.040842 0.000287 0.801168
4 4 0.043601 0.070831 0.025566 0.000047 0.859954
4 4 0.017395 0.033148 0.026096 0.000301 0.923061
4 4 0.051543 0.065232 0.033640 0.000980 0.848605
4 4 0.030456 0.014608 0.009630 0.000603 0.944702
4 4 0.024399 0.256162 0.163004 0.008441 0.547995
4 4 0.026014 0.107371 0.035002 0.000628 0.830985
4 4 0.015303 0.409805 0.160527 0.001380 0.412985
4 4 0.019303 0.091088 0.018289 0.000469 0.870851
4 4 0.017503 0.277809 0.188245 0.011373 0.505070
4 4 0.014648 0.119992 0.064708 0.001364 0.799289
4 4 0.019092 0.210131 0.032884 0.000348 0.737546
4 4 0.032787 0.078506 0.076077 0.003696 0.808935
4 4 0.005330 0.274721 0.285367 0.000753 0.433830
4 4 0.021579 0.360277 0.148273 0.003542 0.466329
4 4 0.055983 0.138242 0.096718 0.027671 0.681386
4 4 0.006721 0.053036 0.032118 0.000055 0.908069
4 4 0.056177 0.043316 0.115307 0.026376 0.758824
2 4 0.004334 0.233835 0.529452 0.006224 0.226155
4 4 0.017967 0.280471 0.125476 0.000700 0.575386
4 4 0.055396 0.057587 0.025816 0.002333 0.858868
4 4 0.030770 0.091733 0.044937 0.000981 0.831580
4 4 0.013231 0.219159 0.093295 0.001931 0.672384
4 4 0.015103 0.298257 0.115396 0.000850 0.570394
4 4 0.006391 0.186062 0.047480 0.000057 0.760010
4 4 0.030467 0.011838 0.005847 0.000126 0.951722
4 4 0.032328 0.185381 0.078136 0.001916 0.702240
4 4 0.010630 0.067925 0.021770 0.000102 0.899573
2 4 0.010816 0.265800 0.388217 0.003096 0.332071
4 4 0.004744 0.297628 0.239946 0.000034 0.457647
4 4 0.011050 0.192847 0.153869 0.002420 0.639813
4 1 0.015548 0.248102 0.185709 0.001081 0.549560
4 1 0.002459 0.291303 0.263511 0.000808 0.441920
4 1 0.002478 0.238887 0.201002 0.000239 0.557394
4 1 0.006394 0.241374 0.326403 0.002613 0.423215
4 1 0.012369 0.295753 0.197146 0.003152 0.491580
4 1 0.004642 0.203272 0.120773 0.000226 0.671087
2 1 0.002533 0.384987 0.437726 0.000727 0.174027
4 1 0.010497 0.368849 0.227511 0.004226 0.388917
4 1 0.004252 0.223518 0.166153 0.000532 0.605546
2 1 0.003568 0.205821 0.405427 0.002666 0.382518
1 1 0.003704 0.512320 0.213543 0.000866 0.269567
2 1 0.006847 0.206385 0.392164 0.003987 0.390617
1 1 0.001508 0.393093 0.292359 0.002656 0.310384
2 1 0.000956 0.107704 0.785593 0.024567 0.081181
4 1 0.014044 0.216713 0.270545 0.008316 0.490382
1 1 0.344854 0.386453 0.207832 0.000702 0.060160
4 1 0.117152 0.152157 0.119897 0.000677 0.610116
2 1 0.015345 0.220015 0.383632 0.005540 0.375468
1 1 0.022326 0.433264 0.123093 0.000604 0.420713
1 1 0.127848 0.449926 0.283721 0.001347 0.137159
4 1 0.017605 0.316407 0.306527 0.007662 0.351799
4 1 0.007736 0.197168 0.327261 0.002810 0.465024
1 1 0.100307 0.457049 0.200726 0.003532 0.238385
0 0 0.855597 0.091678 0.018973 0.000331 0.033421
0 0 0.655920 0.099913 0.082011 0.043633 0.118524
0 0 0.919728 0.042270 0.018024 0.001227 0.018750
0 0 0.346984 0.234317 0.278834 0.000330 0.139536
4 0 0.074520 0.197142 0.091790 0.002070 0.634478
4 0 0.104831 0.081501 0.085931 0.001527 0.726210
4 0 0.065651 0.124803 0.046576 0.000324 0.762646
2 0 0.135744 0.382289 0.439133 0.000012 0.042821
1 1 0.288815 0.326001 0.087355 0.010960 0.286869
4 1 0.049709 0.268889 0.127118 0.004658 0.549627
2 1 0.001798 0.076319 0.498220 0.396683 0.026979
1 1 0.011732 0.547072 0.276941 0.007121 0.157134
2 1 0.035513 0.187270 0.427945 0.025514 0.323758
1 1 0.022958 0.415616 0.214917 0.005548 0.340960
1 1 0.250903 0.386229 0.218419 0.000327 0.144122
4 1 0.030581 0.293992 0.129192 0.000496 0.545739
1 1 0.083191 0.634786 0.182599 0.000450 0.098975
4 1 0.029730 0.217442 0.149658 0.001884 0.601286
2 1 0.017379 0.355971 0.423555 0.013006 0.190089
1 4 0.207614 0.363992 0.109768 0.001455 0.317172
4 4 0.142897 0.207771 0.032788 0.000028 0.616515
2 4 0.027801 0.236818 0.543645 0.001385 0.190351
1 4 0.028941 0.350644 0.287158 0.034462 0.298796
4 4 0.025708 0.189605 0.055762 0.000780 0.728145
4 4 0.252030 0.205167 0.081189 0.001966 0.459649
0 4 0.353598 0.334518 0.248796 0.008169 0.054918
1 4 0.103920 0.406466 0.115554 0.018164 0.355896
2 4 0.007792 0.350437 0.505284 0.015570 0.120918
2 4 0.007248 0.308228 0.550061 0.038104 0.096359
2 4 0.002393 0.116209 0.795468 0.078400 0.007530
2 2 0.009118 0.396177 0.484103 0.004990 0.105612
2 2 0.000062 0.016238 0.976310 0.007220 0.000170
2 2 0.000378 0.058026 0.939579 0.000681 0.001336
2 2 0.003409 0.158395 0.827184 0.000145 0.010867
2 2 0.035947 0.360527 0.557827 0.004354 0.041345
1 2 0.059063 0.474466 0.408730 0.000485 0.057256
2 2 0.002666 0.028433 0.925814 0.035899 0.007188
2 2 0.000298 0.029595 0.966366 0.001418 0.002323
2 2 0.000219 0.020530 0.952877 0.022520 0.003853
2 2 0.000003 0.001669 0.995740 0.002568 0.000021
2 2 0.000470 0.015512 0.979399 0.004551 0.000067
2 2 0.000226 0.081604 0.894925 0.009344 0.013900
2 2 0.000195 0.034761 0.940893 0.019572 0.004579
2 2 0.000108 0.024681 0.971666 0.002995 0.000549
2 2 0.000112 0.024496 0.974490 0.000687 0.000215
2 2 0.000000 0.000705 0.999084 0.000209 0.000001
2 2 0.000007 0.006578 0.991092 0.002250 0.000073
2 2 0.000424 0.012070 0.985466 0.001948 0.000094
2 2 0.000005 0.007301 0.968144 0.024438 0.000112
2 2 0.000091 0.020395 0.931072 0.047419 0.001023
2 2 0.000008 0.004304 0.992624 0.002959 0.000104
2 2 0.000061 0.025217 0.966987 0.005301 0.002433
2 2 0.000300 0.027623 0.952668 0.018765 0.000645
2 2 0.000102 0.043277 0.890350 0.059651 0.006620
2 2 0.000024 0.026748 0.967789 0.004586 0.000854
2 2 0.000057 0.004571 0.704136 0.291109 0.000127
2 2 0.000014 0.005933 0.860361 0.132460 0.001232
2 2 0.000072 0.005237 0.773485 0.220949 0.000256
3 2 0.000004 0.001025 0.220484 0.778309 0.000178
2 2 0.000038 0.004500 0.654033 0.340609 0.000820
3 2 0.000132 0.002846 0.356664 0.639848 0.000510
3 2 0.000014 0.000317 0.035176 0.964451 0.000041
3 3 0.000007 0.001757 0.209615 0.788443 0.000178
3 3 0.000007 0.001077 0.121743 0.877088 0.000085
3 3 0.000213 0.004365 0.481757 0.512554 0.001110
3 3 0.000021 0.000248 0.030653 0.969067 0.000010
3 3 0.000200 0.002546 0.092929 0.903672 0.000653
3 3 0.000061 0.000918 0.072645 0.926203 0.000173
3 3 0.001031 0.004870 0.124887 0.867948 0.001264
3 3 0.000439 0.002344 0.023422 0.973033 0.000763
3 3 0.000950 0.002968 0.037425 0.957965 0.000693
3 3 0.000311 0.001781 0.018715 0.978420 0.000773
3 3 0.000008 0.000557 0.127271 0.872097 0.000068
3 3 0.000074 0.000743 0.107704 0.891447 0.000033
3 3 0.000017 0.000214 0.005602 0.994121 0.000046
3 3 0.000007 0.000140 0.005563 0.994225 0.000066
3 3 0.000292 0.001703 0.018235 0.979039 0.000731
3 3 0.000003 0.000171 0.020471 0.979317 0.000038
3 3 0.000046 0.000546 0.012192 0.987056 0.000160
3 3 0.000035 0.000398 0.008437 0.990984 0.000147
3 3 0.000718 0.002583 0.026586 0.969290 0.000822
3 3 0.000405 0.001767 0.020969 0.976326 0.000533
3 3 0.000152 0.000658 0.020081 0.979037 0.000072
3 3 0.000253 0.000600 0.017582 0.981531 0.000033
3 3 0.000001 0.000121 0.111315 0.888559 0.000003
3 3 0.000023 0.000323 0.008477 0.991093 0.000084
3 3 0.000001 0.000093 0.012235 0.987655 0.000016
3 3 0.000030 0.000632 0.027597 0.971588 0.000153
3 3 0.000024 0.000473 0.014796 0.984580 0.000126
3 3 0.000361 0.001979 0.019914 0.976862 0.000883
3 3 0.000006 0.000113 0.003671 0.996185 0.000024
3 3 0.000001 0.000045 0.002580 0.997367 0.000007
3 3 0.000262 0.001578 0.017430 0.980067 0.000663
3 3 0.000196 0.001290 0.015620 0.982367 0.000527
3 3 0.000029 0.000337 0.007004 0.992535 0.000095
3 3 0.000288 0.001687 0.018130 0.979174 0.000722
3 3 0.000093 0.000668 0.011350 0.987712 0.000177
3 3 0.000019 0.000262 0.006515 0.993120 0.000084
3 3 0.000006 0.000099 0.004045 0.995833 0.000018
3 3 0.000261 0.000737 0.017712 0.981230 0.000061
3 3 0.000000 0.000012 0.000954 0.999033 0.000001
3 3 0.000516 0.000864 0.023692 0.974887 0.000041
3 3 0.000025 0.000301 0.006554 0.993038 0.000082
3 3 0.000091 0.000748 0.011232 0.987669 0.000259
3 3 0.000309 0.001773 0.018666 0.978484 0.000769
3 3 0.000067 0.000671 0.012614 0.986435 0.000213
3 3 0.001083 0.001879 0.031953 0.964909 0.000176
3 3 0.000560 0.001526 0.024199 0.973496 0.000219
0 0 0.916167 0.033283 0.029576 0.003636 0.017338
0 0 0.548153 0.191358 0.103927 0.022269 0.134294
2 1 0.005247 0.078989 0.538695 0.340469 0.036600
2 1 0.004946 0.172414 0.749682 0.046638 0.026319
2 1 0.066419 0.161877 0.522661 0.222893 0.026151
3 1 0.008284 0.112164 0.359729 0.484034 0.035790
2 1 0.072691 0.102979 0.690087 0.129800 0.004443
2 1 0.026137 0.039684 0.745508 0.186539 0.002133
1 1 0.102838 0.438756 0.144380 0.012308 0.301718
0 1 0.370999 0.252635 0.086585 0.002086 0.287695
4 1 0.036151 0.220934 0.079779 0.010254 0.652882
4 1 0.038458 0.289277 0.277085 0.042933 0.352248
2 1 0.002710 0.140279 0.608361 0.160902 0.087747
2 1 0.002009 0.108849 0.529811 0.289685 0.069646
2 1 0.017818 0.304811 0.563800 0.014563 0.099009
2 1 0.001187 0.107822 0.598175 0.207532 0.085284
2 1 0.003292 0.210583 0.551137 0.094049 0.140939
2 1 0.003796 0.313628 0.466373 0.087287 0.128916
2 1 0.001179 0.249298 0.537191 0.023124 0.189209
1 1 0.005885 0.399111 0.219339 0.004848 0.370818
4 1 0.006512 0.119775 0.134115 0.006151 0.733446
2 1 0.008961 0.301025 0.388429 0.020933 0.280652
4 1 0.012702 0.307053 0.264364 0.008480 0.407400
4 1 0.000890 0.164848 0.275375 0.000801 0.558086
2 1 0.006781 0.276462 0.483791 0.016799 0.216168
2 1 0.003555 0.148724 0.459699 0.057503 0.330519
2 1 0.002324 0.210624 0.615783 0.068413 0.102856
2 1 0.004469 0.273699 0.493400 0.030665 0.197768
2 1 0.000676 0.152244 0.700680 0.009579 0.136821
2 1 0.000447 0.198713 0.460339 0.002056 0.338444
4 1 0.003055 0.304977 0.201583 0.001485 0.488899
4 1 0.016558 0.280782 0.083543 0.000795 0.618322
4 1 0.015481 0.279331 0.294474 0.011499 0.399215
2 1 0.004576 0.213930 0.515433 0.008855 0.257205
4 4 0.005880 0.075951 0.080398 0.000402 0.837369
4 4 0.038410 0.107937 0.029483 0.001184 0.822985
4 4 0.033885 0.244095 0.094469 0.001816 0.625735
4 4 0.012359 0.074783 0.023061 0.000136 0.889661
4 4 0.020221 0.256806 0.134852 0.005308 0.582812
4 4 0.014086 0.150225 0.042751 0.000778 0.792160
4 4 0.040767 0.280115 0.218653 0.000855 0.459610
4 4 0.010881 0.106649 0.099505 0.001793 0.781172
2 4 0.007338 0.291946 0.406140 0.004929 0.289646
2 4 0.000931 0.218086 0.670788 0.016710 0.093485
4 4 0.024475 0.302470 0.333307 0.000267 0.339481
2 4 0.014359 0.223481 0.430735 0.002697 0.328728
4 4 0.010054 0.219005 0.103403 0.000849 0.666689
1 4 0.002027 0.373798 0.332784 0.000298 0.291093
