0 0 0.928717 0.017579 0.045151 0.000674 0.007879
0 0 0.987764 0.003097 0.005222 0.000028 0.003890
0 0 0.920689 0.004454 0.004693 0.000052 0.070112
0 0 0.973702 0.000119 0.000644 0.000003 0.025532
0 0 0.985198 0.003217 0.007015 0.000061 0.004509
1 0 0.360420 0.430003 0.179841 0.000053 0.029682
0 0 0.919004 0.061022 0.019366 0.000014 0.000594
0 0 0.733696 0.054754 0.117424 0.000341 0.093784
0 0 0.946668 0.015504 0.026586 0.000001 0.011242
0 0 0.741099 0.187312 0.052383 0.000001 0.019205
0 0 0.842885 0.125211 0.015333 0.000000 0.016571
0 0 0.951426 0.034669 0.011388 0.000000 0.002517
0 0 0.967748 0.027845 0.000750 0.000000 0.003656
0 0 0.719614 0.217504 0.058274 0.000009 0.004599
0 0 0.716244 0.190305 0.069144 0.000007 0.024299
0 0 0.911907 0.071057 0.011375 0.000001 0.005661
0 0 0.916592 0.073246 0.008067 0.000000 0.002095
0 0 0.595239 0.336407 0.042507 0.000000 0.025848
4 1 0.186675 0.364679 0.078699 0.000000 0.369947
4 1 0.044589 0.147550 0.040221 0.000002 0.767637
4 1 0.010141 0.082429 0.043054 0.000009 0.864367
4 4 0.013612 0.083972 0.039631 0.000331 0.862453
4 4 0.003233 0.187648 0.383888 0.000675 0.424555
4 4 0.016531 0.065997 0.019067 0.000000 0.898405
4 4 0.027005 0.121084 0.038428 0.000000 0.813483
4 4 0.007601 0.205546 0.251019 0.000476 0.535358
4 4 0.003509 0.043714 0.032469 0.000060 0.920248
4 4 0.010146 0.108507 0.069986 0.000050 0.811311
4 4 0.028046 0.057441 0.011777 0.000002 0.902735
4 4 0.022877 0.037781 0.006881 0.000003 0.932458
4 4 0.011124 0.048056 0.017554 0.000055 0.923211
4 4 0.019128 0.031602 0.005977 0.000012 0.943281
4 4 0.004358 0.123056 0.153792 0.000133 0.718661
4 4 0.015539 0.018726 0.002824 0.000002 0.962909
4 4 0.006792 0.039764 0.017724 0.000035 0.935686
4 4 0.027293 0.044109 0.008299 0.000031 0.920267
4 4 0.174398 0.021653 0.004098 0.000020 0.799831
4 4 0.029106 0.039686 0.006637 0.000006 0.924566
4 4 0.039518 0.018067 0.016629 0.000313 0.925473
4 4 0.012558 0.025072 0.005351 0.000006 0.957013
4 4 0.005960 0.071873 0.053011 0.000264 0.868893
4 4 0.006709 0.190565 0.252185 0.003342 0.547200
4 4 0.011048 0.060770 0.025015 0.000013 0.903153
4 4 0.006343 0.065527 0.043426 0.000187 0.884517
4 4 0.007762 0.127910 0.113986 0.000331 0.750012
4 4 0.015572 0.062753 0.022047 0.000118 0.899510
2 4 0.002525 0.183348 0.441047 0.001252 0.371829
4 4 0.010038 0.120485 0.090075 0.001362 0.778041
4 4 0.003201 0.143229 0.255807 0.001786 0.595977
2 4 0.002089 0.171029 0.438341 0.000528 0.388014
4 4 0.007132 0.158642 0.180406 0.003588 0.650231
2 4 0.000057 0.010207 0.942444 0.034894 0.012399
2 4 0.000013 0.002603 0.988826 0.003764 0.004794
2 4 0.003800 0.142880 0.559463 0.005034 0.288824
2 4 0.001246 0.149919 0.540774 0.001632 0.306430
2 2 0.000000 0.000185 0.721386 0.278417 0.000010
2 2 0.000827 0.031836 0.929856 0.000263 0.037218
3 2 0.000078 0.001447 0.381080 0.617238 0.000156
2 2 0.000031 0.001603 0.969155 0.029168 0.000044
2 2 0.001900 0.218195 0.718792 0.008738 0.052376
2 2 0.000005 0.000177 0.523534 0.476245 0.000040
2 2 0.000782 0.008779 0.736054 0.253829 0.000555
2 2 0.000190 0.006450 0.820015 0.166962 0.006383
3 3 0.000073 0.000534 0.101361 0.897821 0.000211
3 3 0.000038 0.000568 0.104316 0.895062 0.000017
2 3 0.006044 0.113693 0.820571 0.020854 0.038838
2 3 0.006426 0.069264 0.564782 0.046932 0.312596
3 3 0.000112 0.002540 0.242632 0.753793 0.000922
2 3 0.000242 0.004160 0.740575 0.254874 0.000149
2 3 0.000043 0.002894 0.559352 0.437407 0.000303
3 3 0.000000 0.000007 0.073517 0.926476 0.000000
3 3 0.001120 0.002753 0.128467 0.866506 0.001154
3 3 0.000005 0.000282 0.152210 0.847467 0.000035
2 3 0.000617 0.006491 0.567395 0.425250 0.000248
3 3 0.000001 0.000026 0.072935 0.927035 0.000002
3 3 0.000193 0.000388 0.220999 0.778383 0.000037
3 3 0.001789 0.007218 0.278584 0.711278 0.001130
3 3 0.000002 0.000007 0.005162 0.994828 0.000002
3 3 0.000623 0.000373 0.014055 0.984849 0.000100
3 3 0.000000 0.000014 0.049400 0.950585 0.000001
3 3 0.000643 0.000357 0.028162 0.970767 0.000071
3 3 0.000034 0.000516 0.139534 0.859893 0.000022
3 3 0.000057 0.000088 0.015617 0.984232 0.000007
3 3 0.000535 0.000184 0.007381 0.991791 0.000109
3 3 0.000000 0.000000 0.001143 0.998857 0.000000
3 3 0.000008 0.000063 0.023498 0.976410 0.000022
3 3 0.000036 0.000117 0.023195 0.976622 0.000029
3 3 0.000339 0.000116 0.006493 0.993024 0.000027
3 3 0.000001 0.000062 0.049748 0.950175 0.000014
3 3 0.000007 0.000009 0.002072 0.997910 0.000001
3 3 0.008548 0.002077 0.039051 0.950129 0.000194
3 3 0.000088 0.000178 0.044863 0.954864 0.000007
3 3 0.000000 0.000001 0.002182 0.997818 0.000000
3 3 0.000001 0.000070 0.106077 0.893837 0.000016
3 3 0.000005 0.000032 0.012652 0.987309 0.000001
3 3 0.000000 0.000001 0.003215 0.996785 0.000000
3 3 0.000000 0.000009 0.069077 0.930913 0.000000
3 3 0.000000 0.000000 0.001408 0.998591 0.000000
3 3 0.000797 0.001085 0.036321 0.961656 0.000140
3 3 0.000021 0.000009 0.001553 0.998415 0.000002
3 3 0.000301 0.000292 0.006575 0.992805 0.000027
3 3 0.000007 0.000038 0.010072 0.989878 0.000005
3 3 0.011638 0.016005 0.164373 0.807345 0.000640
3 3 0.000073 0.000408 0.052012 0.947452 0.000055
3 3 0.000548 0.005626 0.228482 0.762741 0.002602
3 3 0.002649 0.013383 0.451086 0.527902 0.004979
2 3 0.003285 0.005171 0.967338 0.023503 0.000704
2 3 0.000744 0.011509 0.911443 0.075532 0.000772
2 3 0.000000 0.000213 0.919762 0.080010 0.000015
2 2 0.000051 0.009980 0.974792 0.000151 0.015025
2 2 0.001295 0.015302 0.779523 0.203194 0.000685
0 0 0.939784 0.028647 0.027645 0.000067 0.003858
1 0 0.084552 0.537336 0.283372 0.003217 0.091523
4 1 0.049608 0.074451 0.037204 0.000033 0.838705
2 1 0.004704 0.230319 0.443112 0.011042 0.310823
4 1 0.011518 0.282300 0.317411 0.000461 0.388309
2 1 0.000032 0.021170 0.972340 0.003428 0.003030
2 2 0.004736 0.154786 0.784580 0.009934 0.045965
2 2 0.010667 0.174280 0.461756 0.004226 0.349070
2 2 0.007577 0.346523 0.566904 0.000311 0.078685
2 2 0.008188 0.154679 0.635379 0.024224 0.177530
2 2 0.000827 0.173140 0.745490 0.000014 0.080529
2 2 0.000094 0.036581 0.953080 0.000026 0.010220
2 2 0.001092 0.160896 0.571875 0.000037 0.266100
2 2 0.000000 0.000057 0.966993 0.032948 0.000001
2 2 0.000155 0.035228 0.914589 0.000413 0.049616
2 2 0.002993 0.146884 0.809025 0.000855 0.040243
2 2 0.000000 0.000056 0.998087 0.001856 0.000001
2 2 0.000600 0.017662 0.968343 0.001258 0.012137
2 2 0.007355 0.290967 0.426328 0.000058 0.275292
2 2 0.001196 0.066825 0.915270 0.009172 0.007536
2 2 0.000042 0.005048 0.990948 0.003106 0.000856
2 2 0.000324 0.014477 0.980066 0.000373 0.004760
2 2 0.002032 0.065143 0.915511 0.003747 0.013567
2 2 0.002367 0.076232 0.894398 0.024288 0.002714
2 2 0.000070 0.006948 0.802195 0.187670 0.003117
2 2 0.002374 0.028789 0.950751 0.017178 0.000908
2 2 0.002153 0.225211 0.684290 0.002992 0.085355
2 2 0.001238 0.006355 0.686666 0.296230 0.009511
2 2 0.000318 0.007380 0.689516 0.294980 0.007806
2 2 0.000106 0.004599 0.546905 0.447549 0.000841
2 2 0.000324 0.009245 0.896034 0.091802 0.002595
2 2 0.000132 0.007994 0.921286 0.070168 0.000420
2 2 0.000008 0.001786 0.965119 0.032779 0.000309
3 2 0.000200 0.001781 0.310866 0.687130 0.000023
3 3 0.000137 0.001656 0.301531 0.696533 0.000143
3 3 0.008039 0.040079 0.395682 0.549630 0.006569
2 3 0.000003 0.000181 0.658851 0.340964 0.000001
2 3 0.001377 0.027096 0.818509 0.136113 0.016905
3 3 0.000001 0.000085 0.210970 0.788940 0.000003
3 3 0.000030 0.000433 0.234549 0.764973 0.000015
3 3 0.000124 0.000546 0.079680 0.919623 0.000027
3 3 0.000001 0.000027 0.034154 0.965814 0.000004
3 3 0.001398 0.011223 0.280131 0.706039 0.001209
3 3 0.001476 0.006076 0.179898 0.811963 0.000587
3 3 0.000063 0.001258 0.225841 0.772810 0.000028
3 3 0.000013 0.000274 0.141462 0.858231 0.000020
3 3 0.002016 0.019481 0.343810 0.633597 0.001096
2 3 0.001148 0.013476 0.720604 0.264165 0.000608
3 3 0.000025 0.000314 0.297070 0.702570 0.000020
3 3 0.000343 0.002024 0.105919 0.891612 0.000102
3 3 0.000788 0.005494 0.138909 0.852270 0.002539
2 3 0.004201 0.035435 0.520898 0.437008 0.002458
3 3 0.000000 0.000008 0.015636 0.984356 0.000000
3 3 0.000004 0.000002 0.001072 0.998922 0.000001
3 3 0.000135 0.000371 0.034357 0.965107 0.000029
3 3 0.000028 0.000080 0.021896 0.977983 0.000012
3 3 0.000701 0.000134 0.005110 0.993954 0.000100
3 3 0.000361 0.000182 0.008486 0.990962 0.000009
3 3 0.000109 0.000057 0.007558 0.992273 0.000003
3 3 0.000042 0.000060 0.012945 0.986951 0.000002
3 3 0.000004 0.000001 0.000353 0.999641 0.000000
3 3 0.000003 0.000050 0.022853 0.977091 0.000002
3 3 0.000056 0.000014 0.001334 0.998595 0.000001
3 3 0.002949 0.000026 0.000469 0.996552 0.000003
3 3 0.005691 0.005087 0.119684 0.869337 0.000201
3 3 0.000001 0.000002 0.001308 0.998689 0.000000
3 3 0.000041 0.000045 0.004654 0.995244 0.000015
3 3 0.001460 0.001042 0.050649 0.946808 0.000041
3 3 0.000000 0.000000 0.000158 0.999842 0.000000
3 3 0.004993 0.000355 0.002983 0.991630 0.000039
3 3 0.001231 0.000672 0.020333 0.977723 0.000041
3 3 0.000000 0.000005 0.004387 0.995607 0.000000
3 3 0.000000 0.000000 0.009856 0.990143 0.000000
3 3 0.003743 0.000768 0.008141 0.987279 0.000068
3 3 0.000001 0.000012 0.013829 0.986155 0.000003
3 3 0.000020 0.000003 0.000490 0.999486 0.000000
3 3 0.000005 0.000036 0.010900 0.989057 0.000001
3 3 0.000860 0.000296 0.005554 0.993261 0.000029
3 3 0.000010 0.000003 0.001567 0.998420 0.000000
3 3 0.004069 0.000096 0.001446 0.994368 0.000021
3 3 0.000769 0.000071 0.002515 0.996615 0.000029
3 3 0.001111 0.000246 0.003744 0.994875 0.000025
3 3 0.000546 0.000046 0.001849 0.997544 0.000014
3 3 0.000075 0.000037 0.003178 0.996698 0.000012
3 3 0.000817 0.000537 0.015035 0.983538 0.000072
3 3 0.000385 0.000945 0.041950 0.956671 0.000050
3 3 0.000268 0.000239 0.010881 0.988582 0.000031
3 3 0.001217 0.001177 0.042177 0.955391 0.000038
3 3 0.000122 0.000019 0.001616 0.998237 0.000006
3 3 0.002640 0.000734 0.010387 0.986081 0.000158
3 3 0.000079 0.000013 0.001258 0.998647 0.000003
3 3 0.000008 0.000007 0.001419 0.998565 0.000001
3 3 0.006280 0.001031 0.013768 0.978818 0.000104
3 3 0.000012 0.000031 0.005404 0.994542 0.000010
3 3 0.000005 0.000001 0.000428 0.999566 0.000000
3 3 0.001599 0.000313 0.010887 0.987158 0.000043
3 3 0.000496 0.000132 0.003739 0.995608 0.000025
3 3 0.000850 0.000432 0.016548 0.982144 0.000026
3 3 0.000012 0.000009 0.002011 0.997967 0.000001
3 3 0.000526 0.000129 0.002898 0.996440 0.000008
3 3 0.000020 0.000026 0.003336 0.996615 0.000003
3 3 0.000167 0.000010 0.000999 0.998819 0.000005
3 3 0.000055 0.000166 0.014856 0.984900 0.000022
3 3 0.000065 0.000040 0.003018 0.996869 0.000008
3 3 0.000767 0.000290 0.005121 0.993787 0.000035
3 3 0.000138 0.000084 0.003218 0.996554 0.000006
3 3 0.000376 0.000925 0.047354 0.951278 0.000066
3 3 0.001599 0.000447 0.013146 0.984780 0.000028
3 3 0.000008 0.000004 0.000851 0.999136 0.000000
3 3 0.000012 0.000013 0.008128 0.991846 0.000002
3 3 0.000000 0.000009 0.014439 0.985552 0.000000
3 3 0.000099 0.000043 0.005780 0.994078 0.000001
3 3 0.000127 0.000106 0.005754 0.993983 0.000030
3 3 0.000000 0.000001 0.001927 0.998072 0.000000
3 3 0.000024 0.000067 0.028050 0.971856 0.000002
3 3 0.000179 0.000013 0.001247 0.998558 0.000003
3 3 0.000089 0.000077 0.005937 0.993861 0.000036
3 3 0.001567 0.000544 0.017860 0.979898 0.000131
3 3 0.000000 0.000000 0.000571 0.999429 0.000000
3 3 0.000020 0.000002 0.000498 0.999480 0.000000
3 3 0.000082 0.000065 0.004451 0.995385 0.000017
3 3 0.000153 0.000023 0.002222 0.997587 0.000016
3 3 0.000001 0.000001 0.001046 0.998952 0.000000
3 3 0.001674 0.000229 0.004342 0.993683 0.000072
3 3 0.000146 0.000057 0.006464 0.993329 0.000004
3 3 0.006253 0.000687 0.005462 0.987467 0.000130
3 3 0.003594 0.001413 0.029785 0.965104 0.000104
3 3 0.000034 0.000014 0.002750 0.997197 0.000006
3 3 0.000002 0.000008 0.009231 0.990759 0.000000
3 3 0.000599 0.001559 0.055013 0.942698 0.000131
3 3 0.000161 0.000450 0.038846 0.960502 0.000041
3 3 0.000066 0.000035 0.001835 0.998062 0.000002
3 3 0.000063 0.000020 0.001724 0.998189 0.000003
3 3 0.000000 0.000000 0.000251 0.999749 0.000000
3 3 0.000001 0.000003 0.002402 0.997593 0.000001
3 3 0.000069 0.000015 0.001147 0.998767 0.000002
3 3 0.000033 0.000053 0.008479 0.991431 0.000004
3 3 0.006660 0.002681 0.036159 0.954335 0.000165
3 3 0.007587 0.000270 0.002179 0.989930 0.000034
3 3 0.001745 0.000176 0.003686 0.994327 0.000066
3 3 0.000001 0.000006 0.008617 0.991376 0.000000
3 3 0.000265 0.000029 0.001996 0.997707 0.000002
3 3 0.011349 0.000177 0.001077 0.987387 0.000011
2 3 0.013166 0.108437 0.703576 0.146131 0.028690
3 3 0.009389 0.029636 0.401188 0.546525 0.013262
2 3 0.042793 0.193607 0.579255 0.158544 0.025801
2 3 0.004868 0.148754 0.661164 0.103716 0.081498
2 3 0.043993 0.157782 0.639331 0.095984 0.062910
1 0 0.328053 0.384662 0.190698 0.000756 0.095831
0 0 0.367178 0.256803 0.244699 0.000054 0.131267
0 0 0.921081 0.027476 0.047802 0.000021 0.003620
4 0 0.091536 0.254790 0.263728 0.000557 0.389389
2 1 0.003601 0.033904 0.899797 0.060850 0.001847
2 1 0.002073 0.039327 0.745831 0.207965 0.004804
2 1 0.001001 0.174537 0.723240 0.000480 0.100743
4 4 0.021869 0.261330 0.193302 0.004449 0.519051
4 4 0.004736 0.087632 0.358542 0.026089 0.523000
2 4 0.000292 0.070622 0.867475 0.007523 0.054088
4 4 0.005080 0.195315 0.328291 0.020573 0.450740
4 4 0.040535 0.175712 0.067045 0.003266 0.713441
4 4 0.017040 0.137515 0.079032 0.001784 0.764629
2 4 0.001737 0.167909 0.500143 0.003291 0.326920
4 4 0.007246 0.136560 0.139053 0.002613 0.714528
4 4 0.013583 0.117277 0.070154 0.001082 0.797903
4 4 0.033176 0.059709 0.012184 0.000080 0.894851
4 4 0.008113 0.175428 0.180550 0.000124 0.635786
2 4 0.000414 0.122136 0.828367 0.021942 0.027141
4 4 0.008545 0.067036 0.036937 0.000181 0.887300
4 4 0.009047 0.155368 0.149314 0.003949 0.682322
2 4 0.000099 0.046233 0.859819 0.061572 0.032278
2 4 0.000302 0.073919 0.835381 0.000978 0.089419
2 0 0.015070 0.396773 0.436542 0.000070 0.151545
2 1 0.000030 0.022504 0.968183 0.003054 0.006230
2 1 0.000741 0.016590 0.966262 0.015394 0.001012
2 1 0.000072 0.031003 0.944718 0.000097 0.024111
2 1 0.000723 0.166354 0.809596 0.000407 0.022920
2 1 0.000809 0.148146 0.681241 0.006321 0.163483
2 1 0.003270 0.245637 0.590862 0.001291 0.158939
2 1 0.000457 0.125207 0.780647 0.000237 0.093453
4 1 0.002474 0.184321 0.393466 0.000003 0.419736
2 1 0.000859 0.163480 0.751678 0.003684 0.080300
2 1 0.000789 0.170078 0.786546 0.000205 0.042383
2 1 0.000084 0.004337 0.986159 0.006730 0.002691
2 1 0.000180 0.098077 0.868108 0.000422 0.033213
4 1 0.018600 0.144541 0.074980 0.000066 0.761814
2 1 0.004713 0.229553 0.395613 0.000093 0.370028
2 1 0.000050 0.049091 0.929053 0.000286 0.021519
2 1 0.000449 0.127882 0.770278 0.002368 0.099023
2 2 0.000060 0.035476 0.943736 0.000191 0.020537
2 2 0.000227 0.108062 0.823199 0.000022 0.068490
2 2 0.000686 0.019079 0.931108 0.001642 0.047486
4 2 0.014257 0.011991 0.070855 0.001372 0.901525
0 0 0.985908 0.003768 0.008215 0.000000 0.002109
4 0 0.137767 0.291554 0.146029 0.000535 0.424116
2 1 0.004439 0.199988 0.661371 0.035766 0.098436
2 1 0.000145 0.022638 0.955119 0.003681 0.018417
2 2 0.000028 0.009863 0.980498 0.005005 0.004605
2 2 0.001944 0.206497 0.586037 0.000048 0.205474
2 2 0.002257 0.048097 0.901581 0.000530 0.047535
2 2 0.000184 0.021441 0.958677 0.000671 0.019027
2 2 0.005850 0.116245 0.815507 0.000921 0.061477
2 2 0.001419 0.075193 0.796811 0.000496 0.126081
2 2 0.000129 0.010009 0.966535 0.000121 0.023206
2 2 0.003356 0.132940 0.623942 0.000141 0.239620
2 2 0.005680 0.051849 0.923178 0.000735 0.018559
2 2 0.000046 0.034437 0.952241 0.003128 0.010148
2 2 0.005669 0.308370 0.559946 0.000118 0.125897
2 2 0.000048 0.035705 0.958867 0.000848 0.004531
2 2 0.000159 0.040202 0.941708 0.000827 0.017103
2 2 0.001965 0.027297 0.962116 0.003880 0.004742
2 2 0.000013 0.012946 0.975222 0.000594 0.011224
2 2 0.000026 0.004330 0.988934 0.001472 0.005239
0 0 0.846089 0.089330 0.036417 0.000027 0.028137
2 0 0.049351 0.314320 0.528015 0.034211 0.074103
0 0 0.992897 0.000755 0.000214 0.000000 0.006134
0 0 0.995207 0.001285 0.000112 0.000000 0.003396
0 0 0.985676 0.004664 0.008162 0.000022 0.001476
0 0 0.992400 0.000664 0.002644 0.000002 0.004290
0 0 0.997023 0.001288 0.000986 0.000000 0.000702
0 0 0.983419 0.003170 0.012258 0.000947 0.000206
0 0 0.918595 0.051010 0.028425 0.000156 0.001814
1 0 0.170489 0.556163 0.252949 0.000145 0.020255
1 0 0.136430 0.587889 0.238175 0.000156 0.037350
2 1 0.023296 0.392182 0.563772 0.002035 0.018715
0 1 0.405788 0.377398 0.060767 0.000004 0.156043
2 1 0.023199 0.286716 0.677902 0.000686 0.011497
1 1 0.042092 0.509818 0.423041 0.000152 0.024897
2 1 0.000880 0.075074 0.908782 0.002935 0.012329
2 1 0.001280 0.069343 0.915579 0.003337 0.010461
2 1 0.027400 0.192135 0.770293 0.000445 0.009727
2 1 0.028001 0.154948 0.788981 0.005213 0.022857
2 1 0.008667 0.367049 0.575534 0.000681 0.048069
2 1 0.000310 0.073996 0.920673 0.000451 0.004569
2 1 0.000055 0.019038 0.972825 0.005590 0.002493
2 2 0.000685 0.011861 0.923634 0.063647 0.000173
2 2 0.001828 0.124964 0.861235 0.000383 0.011590
2 2 0.000184 0.022848 0.974239 0.002007 0.000721
2 2 0.003710 0.266698 0.648287 0.000836 0.080469
2 2 0.005863 0.094356 0.878315 0.000273 0.021194
2 2 0.008652 0.175238 0.801382 0.005983 0.008744
2 2 0.009426 0.249042 0.729976 0.001856 0.009700
2 2 0.003803 0.061775 0.751731 0.176868 0.005823
2 2 0.000437 0.039036 0.956278 0.002483 0.001766
2 2 0.007622 0.089751 0.848833 0.045505 0.008288
2 2 0.000369 0.088966 0.905255 0.001620 0.003790
2 2 0.191670 0.337476 0.449236 0.000961 0.020658
2 2 0.037391 0.121390 0.829594 0.004991 0.006634
2 2 0.001974 0.050661 0.871592 0.022482 0.053292
2 2 0.001014 0.007810 0.708145 0.282715 0.000316
2 2 0.000000 0.000619 0.959902 0.039421 0.000057
2 2 0.002661 0.136015 0.852907 0.000493 0.007924
2 2 0.000723 0.162644 0.822119 0.000506 0.014008
2 2 0.000008 0.004921 0.994121 0.000500 0.000449
2 2 0.000045 0.003189 0.993856 0.002227 0.000683
2 2 0.000160 0.038979 0.928027 0.000252 0.032582
2 2 0.000097 0.012618 0.979292 0.007157 0.000835
2 2 0.000196 0.013837 0.975279 0.009378 0.001310
2 2 0.000273 0.028522 0.945160 0.000543 0.025502
2 2 0.000043 0.017103 0.970370 0.008734 0.003751
2 2 0.000600 0.017020 0.971502 0.007340 0.003537
2 2 0.000006 0.003999 0.991702 0.001247 0.003046
2 2 0.000541 0.094884 0.866190 0.005198 0.033188
2 2 0.000237 0.023966 0.957752 0.016606 0.001439
2 2 0.000003 0.002467 0.663573 0.332936 0.001021
2 2 0.000142 0.031706 0.941115 0.023156 0.003881
2 2 0.000784 0.027695 0.955152 0.012167 0.004202
2 2 0.000162 0.013894 0.900632 0.082916 0.002396
2 2 0.000845 0.094739 0.875339 0.005982 0.023095
2 2 0.000000 0.000090 0.996821 0.003087 0.000002
2 2 0.000878 0.080394 0.901330 0.004405 0.012993
2 2 0.000012 0.008503 0.987971 0.001883 0.001631
2 2 0.000001 0.001008 0.970934 0.028001 0.000056
2 2 0.000572 0.024673 0.961550 0.009970 0.003234
2 2 0.002460 0.240765 0.665026 0.000341 0.091408
2 2 0.000266 0.039710 0.946851 0.002382 0.010791
2 2 0.000000 0.000022 0.939232 0.060745 0.000001
2 2 0.000144 0.037610 0.954998 0.002655 0.004594
2 2 0.004501 0.043474 0.884266 0.066050 0.001709
2 2 0.000472 0.050096 0.858017 0.078461 0.012954
2 2 0.000013 0.002460 0.994461 0.002113 0.000953
2 2 0.000011 0.007332 0.974473 0.015345 0.002839
2 2 0.000000 0.000129 0.942852 0.057014 0.000004
2 2 0.000043 0.003544 0.927242 0.068037 0.001134
2 2 0.000270 0.010015 0.888301 0.101250 0.000163
2 2 0.000181 0.005970 0.891093 0.101662 0.001094
2 2 0.003810 0.141810 0.840350 0.000853 0.013177
2 2 0.000000 0.000084 0.974406 0.025510 0.000000
2 2 0.000400 0.047436 0.738116 0.191855 0.022193
2 2 0.000213 0.003891 0.516277 0.479216 0.000403
2 2 0.000000 0.000512 0.984511 0.014914 0.000063
2 2 0.000009 0.002308 0.909488 0.088024 0.000171
2 2 0.000043 0.006737 0.935891 0.053340 0.003988
2 2 0.000008 0.010561 0.981249 0.007103 0.001079
2 2 0.002287 0.054709 0.921028 0.001625 0.020350
2 2 0.003689 0.266285 0.626024 0.002281 0.101721
2 2 0.000046 0.017066 0.965715 0.013500 0.003671
2 2 0.003273 0.235262 0.657114 0.010355 0.093995
3 2 0.000004 0.000207 0.388294 0.611466 0.000029
2 2 0.000002 0.001939 0.996227 0.001334 0.000499
2 2 0.000055 0.022801 0.927109 0.045317 0.004718
2 2 0.000421 0.034345 0.901562 0.013201 0.050472
2 2 0.000773 0.160118 0.795948 0.003172 0.039989
2 2 0.000068 0.018270 0.976143 0.002871 0.002648
2 2 0.000296 0.009148 0.815204 0.174565 0.000788
2 2 0.000320 0.015704 0.961289 0.021788 0.000899
2 2 0.000004 0.001349 0.960349 0.038197 0.000101
2 2 0.000852 0.017697 0.726631 0.254064 0.000756
2 2 0.005993 0.065219 0.903859 0.012299 0.012630
2 2 0.000000 0.000136 0.833734 0.166124 0.000005
2 2 0.000022 0.018470 0.977738 0.000069 0.003702
2 2 0.002094 0.060300 0.864973 0.068644 0.003989
2 2 0.001839 0.158668 0.819970 0.008393 0.011130
2 2 0.005600 0.258123 0.475562 0.013407 0.247308
2 2 0.000029 0.031312 0.927071 0.037344 0.004244
2 2 0.000039 0.001129 0.942939 0.055870 0.000024
2 2 0.000688 0.078431 0.852188 0.000255 0.068439
2 2 0.000412 0.052277 0.935555 0.009323 0.002433
2 2 0.000993 0.015399 0.968189 0.007524 0.007896
2 2 0.000743 0.025464 0.957516 0.000945 0.015331
2 2 0.000209 0.029508 0.954223 0.013667 0.002393
2 2 0.000067 0.016962 0.971563 0.010268 0.001140
2 2 0.001649 0.121373 0.817535 0.031341 0.028101
2 2 0.000012 0.000914 0.890220 0.108834 0.000021
2 2 0.000594 0.008949 0.928270 0.061979 0.000207
2 2 0.000007 0.004177 0.984861 0.010360 0.000594
2 2 0.000027 0.001551 0.969253 0.029147 0.000022
2 2 0.000017 0.001152 0.993037 0.005693 0.000101
2 2 0.000000 0.000192 0.977752 0.022052 0.000003
2 2 0.000325 0.014421 0.967788 0.016173 0.001293
2 2 0.002409 0.172737 0.798078 0.000186 0.026590
2 2 0.002361 0.186569 0.716540 0.003765 0.090766
2 2 0.009587 0.368128 0.550415 0.001154 0.070715
2 2 0.000451 0.006043 0.954426 0.032703 0.006378
2 2 0.000020 0.016071 0.955094 0.026035 0.002779
2 2 0.000091 0.016165 0.976735 0.004096 0.002914
2 2 0.000143 0.022758 0.962477 0.009442 0.005180
2 2 0.000022 0.002350 0.746997 0.250551 0.000081
2 2 0.000787 0.011173 0.972436 0.013312 0.002292
4 2 0.098505 0.366478 0.134660 0.002826 0.397531
2 2 0.001145 0.113180 0.853307 0.003327 0.029040
2 2 0.000036 0.011129 0.948894 0.035465 0.004475
2 2 0.000018 0.006148 0.940483 0.048800 0.004551
2 2 0.000129 0.007146 0.656872 0.335529 0.000324
2 2 0.000023 0.002438 0.574852 0.420036 0.002651
2 2 0.000584 0.026566 0.543498 0.415742 0.013610
2 2 0.000600 0.042666 0.771235 0.173552 0.011948
2 2 0.002300 0.190598 0.587781 0.001540 0.217781
2 2 0.003478 0.265527 0.612842 0.000180 0.117973
2 1 0.017574 0.360417 0.362662 0.001233 0.258115
4 1 0.001919 0.148950 0.356217 0.000083 0.492831
2 4 0.003023 0.229328 0.569649 0.003107 0.194893
4 4 0.049057 0.143170 0.041563 0.001427 0.764784
4 4 0.045418 0.070105 0.012983 0.000016 0.871477
4 4 0.029668 0.070392 0.026301 0.000347 0.873292
4 4 0.047934 0.063242 0.011040 0.000073 0.877711
4 4 0.009571 0.242012 0.301422 0.011837 0.435157
4 4 0.075345 0.081775 0.051385 0.000446 0.791049
4 4 0.007081 0.072755 0.070062 0.000596 0.849507
4 4 0.025041 0.038640 0.007021 0.000021 0.929277
4 4 0.041252 0.051580 0.008606 0.000039 0.898522
4 4 0.006129 0.078948 0.117234 0.000016 0.797673
4 4 0.010485 0.056748 0.024096 0.000074 0.908597
4 4 0.008913 0.128782 0.105780 0.000432 0.756093
4 4 0.057025 0.192703 0.056864 0.000071 0.693336
4 4 0.015786 0.151805 0.091994 0.000133 0.740283
4 4 0.009514 0.178049 0.155219 0.000006 0.657212
4 4 0.044036 0.130504 0.036661 0.000183 0.788616
4 4 0.015929 0.019857 0.003044 0.000002 0.961168
4 4 0.035382 0.020168 0.003398 0.000005 0.941046
4 4 0.033146 0.143712 0.053400 0.000698 0.769043
4 4 0.003355 0.090995 0.114820 0.000377 0.790453
4 4 0.022329 0.042868 0.008223 0.000000 0.926580
4 4 0.043273 0.065440 0.020441 0.000321 0.870525
4 4 0.024718 0.037928 0.006859 0.000019 0.930476
4 4 0.041372 0.316223 0.175498 0.000736 0.466171
4 4 0.015645 0.075170 0.029064 0.000064 0.880058
4 4 0.036152 0.008338 0.014010 0.000278 0.941222
4 4 0.012144 0.264828 0.283547 0.001351 0.438130
2 4 0.008951 0.293648 0.398431 0.000447 0.298524
2 4 0.024030 0.327893 0.397660 0.000471 0.249947
1 4 0.044622 0.521319 0.314092 0.000008 0.119959
2 4 0.001066 0.160429 0.593598 0.000123 0.244785
2 4 0.000847 0.156837 0.715703 0.001403 0.125210
2 4 0.000022 0.030136 0.949185 0.002196 0.018462
2 2 0.002266 0.207195 0.537621 0.000066 0.252851
2 2 0.000040 0.038390 0.942169 0.002065 0.017336
2 2 0.000016 0.004134 0.965459 0.026602 0.003788
2 2 0.000006 0.004311 0.989172 0.004167 0.002343
2 2 0.000047 0.040039 0.929977 0.003576 0.026361
2 2 0.000074 0.024934 0.943577 0.001610 0.029805
2 2 0.000430 0.050744 0.890172 0.000463 0.058192
2 2 0.000029 0.004408 0.990119 0.001964 0.003479
2 2 0.000011 0.022451 0.969239 0.004858 0.003442
4 2 0.005886 0.220680 0.284239 0.000000 0.489194
2 2 0.000291 0.031142 0.934412 0.000290 0.033866
4 2 0.004251 0.213595 0.377246 0.000092 0.404816
2 2 0.001931 0.188295 0.501835 0.000025 0.307914
2 2 0.000270 0.025606 0.946211 0.000036 0.027877
2 2 0.001048 0.123642 0.830842 0.000199 0.044269
2 2 0.003072 0.049358 0.879534 0.028402 0.039634
2 0 0.005351 0.181846 0.796016 0.000093 0.016694
1 0 0.073245 0.473067 0.270871 0.000309 0.182508
2 0 0.002985 0.153917 0.610926 0.000100 0.232071
2 1 0.000261 0.030116 0.947524 0.006435 0.015665
2 1 0.002837 0.180405 0.628971 0.000049 0.187738
2 1 0.001056 0.179795 0.701008 0.000064 0.118077
2 2 0.002737 0.250211 0.665515 0.000547 0.080989
4 2 0.008737 0.195470 0.217534 0.001787 0.576472
2 2 0.005386 0.214113 0.541887 0.000020 0.238593
2 2 0.001001 0.092778 0.821327 0.000731 0.084164
1 2 0.024798 0.391083 0.382474 0.003501 0.198145
2 2 0.000053 0.052149 0.940294 0.000013 0.007491
1 2 0.021558 0.388781 0.330738 0.000038 0.258886
2 2 0.009386 0.296026 0.386248 0.000252 0.308089
2 2 0.013123 0.334923 0.608018 0.000649 0.043288
2 2 0.011902 0.355168 0.538914 0.000142 0.093874
2 2 0.024101 0.172084 0.736722 0.001598 0.065495
2 2 0.004810 0.322023 0.652888 0.000119 0.020160
2 2 0.000017 0.002273 0.973321 0.024008 0.000381
4 2 0.003314 0.167000 0.342733 0.000027 0.486925
2 2 0.000421 0.038703 0.909378 0.000266 0.051232
2 2 0.000670 0.118904 0.782404 0.000065 0.097957
2 2 0.000138 0.033440 0.900500 0.000221 0.065702
2 2 0.000015 0.011263 0.980570 0.000422 0.007730
2 2 0.000597 0.131421 0.811427 0.001479 0.055075
2 2 0.000000 0.000800 0.976154 0.022938 0.000108
2 2 0.000031 0.002167 0.906066 0.091599 0.000137
2 2 0.002181 0.215288 0.643023 0.005280 0.134229
2 2 0.000906 0.044387 0.911058 0.017072 0.026577
2 2 0.001740 0.151059 0.722645 0.021240 0.103316
2 2 0.003432 0.216177 0.504077 0.002787 0.273526
2 2 0.001012 0.047751 0.819216 0.077766 0.054255
2 2 0.000002 0.003417 0.994380 0.001540 0.000661
2 2 0.000084 0.006064 0.990181 0.001198 0.002474
2 2 0.000203 0.003302 0.989922 0.003771 0.002802
2 2 0.002412 0.144941 0.632309 0.002772 0.217565
2 2 0.001295 0.052338 0.910995 0.009534 0.025839
2 2 0.000124 0.004426 0.678561 0.315965 0.000924
2 2 0.000039 0.018216 0.959091 0.012334 0.010320
2 2 0.000067 0.004936 0.935179 0.056531 0.003286
2 2 0.000002 0.001919 0.991300 0.004000 0.002779
2 2 0.001514 0.017424 0.715117 0.258416 0.007529
2 2 0.002610 0.017890 0.880877 0.095889 0.002734
2 2 0.000022 0.018291 0.973463 0.002418 0.005807
2 2 0.001064 0.087350 0.764097 0.047053 0.100435
2 2 0.000150 0.006783 0.890831 0.101039 0.001197
2 2 0.000053 0.029559 0.939780 0.020818 0.009790
2 2 0.000077 0.010597 0.966545 0.007175 0.015606
2 2 0.002170 0.134557 0.811501 0.006319 0.045454
2 2 0.000024 0.002659 0.881931 0.115261 0.000125
2 2 0.003217 0.060426 0.802046 0.125572 0.008740
3 2 0.000023 0.000726 0.383218 0.615941 0.000092
2 2 0.000013 0.001035 0.558582 0.440349 0.000022
2 2 0.000458 0.010803 0.822128 0.164632 0.001979
2 2 0.001516 0.017049 0.753459 0.222183 0.005793
3 2 0.000058 0.001187 0.385753 0.612526 0.000475
2 2 0.012514 0.025636 0.658917 0.301897 0.001035
3 2 0.000040 0.000910 0.424011 0.575012 0.000027
3 2 0.000246 0.000179 0.011658 0.987888 0.000029
3 2 0.000055 0.000266 0.045517 0.954102 0.000059
3 3 0.003760 0.013770 0.236825 0.744801 0.000844
2 3 0.000249 0.027795 0.550149 0.408598 0.013209
2 3 0.000102 0.004393 0.802269 0.193066 0.000171
2 3 0.000436 0.023346 0.927820 0.037277 0.011121
3 3 0.000567 0.000670 0.035108 0.963117 0.000538
2 3 0.005425 0.011701 0.593769 0.388290 0.000815
3 2 0.000729 0.005937 0.327470 0.663984 0.001880
3 2 0.003553 0.000961 0.010448 0.984795 0.000243
1 0 0.151790 0.462841 0.366137 0.000253 0.018979
2 0 0.000110 0.069293 0.913027 0.010581 0.006989
2 1 0.000691 0.039867 0.906652 0.048110 0.004680
2 2 0.000019 0.002039 0.982605 0.002608 0.012728
2 2 0.000194 0.028546 0.879848 0.066499 0.024914
2 2 0.000009 0.002241 0.993369 0.000018 0.004364
2 2 0.000108 0.044032 0.943209 0.003959 0.008692
2 2 0.004816 0.238655 0.456326 0.006540 0.293662
2 2 0.000113 0.028581 0.952263 0.000006 0.019036
2 2 0.000028 0.018725 0.974734 0.000083 0.006430
2 2 0.002785 0.079286 0.913312 0.001186 0.003430
2 2 0.004189 0.094936 0.816041 0.040386 0.044448
2 2 0.000977 0.171329 0.681472 0.000053 0.146168
2 2 0.000040 0.015265 0.971372 0.004771 0.008551
2 2 0.000284 0.029322 0.957823 0.000378 0.012194
2 2 0.000067 0.010561 0.971204 0.013562 0.004605
2 2 0.000239 0.055906 0.912175 0.000483 0.031197
2 2 0.000002 0.002308 0.995056 0.000148 0.002485
2 2 0.001528 0.090979 0.464648 0.000053 0.442792
2 2 0.000156 0.008654 0.984574 0.001999 0.004616
2 2 0.000398 0.089126 0.792913 0.000155 0.117408
2 2 0.001214 0.082500 0.739118 0.000010 0.177158
2 2 0.000400 0.079112 0.879118 0.001383 0.039988
2 2 0.000066 0.018274 0.957523 0.019337 0.004801
2 2 0.000161 0.054630 0.826185 0.067001 0.052023
2 2 0.000692 0.054974 0.908296 0.005998 0.030040
2 2 0.000289 0.031872 0.937911 0.014075 0.015852
2 2 0.013034 0.166897 0.752506 0.002475 0.065088
2 2 0.000036 0.033522 0.961840 0.000148 0.004454
2 2 0.000438 0.020877 0.975378 0.002413 0.000894
2 2 0.000285 0.036038 0.931264 0.001985 0.030428
2 2 0.000042 0.019708 0.971675 0.000653 0.007923
2 2 0.009319 0.317934 0.557725 0.000003 0.115019
4 2 0.036496 0.287533 0.147889 0.000118 0.527964
2 2 0.000423 0.040012 0.932394 0.003246 0.023925
2 2 0.000410 0.045510 0.915842 0.002391 0.035848
2 2 0.000003 0.000751 0.941693 0.057392 0.000161
2 2 0.030742 0.262947 0.636427 0.011899 0.057985
2 2 0.001874 0.204398 0.648847 0.003744 0.141136
2 2 0.000000 0.000368 0.855110 0.144416 0.000106
2 2 0.002357 0.035261 0.939094 0.016990 0.006298
2 2 0.000436 0.013126 0.938131 0.046469 0.001838
2 2 0.002068 0.017900 0.968973 0.009101 0.001958
2 2 0.000346 0.105148 0.851083 0.023044 0.020378
2 2 0.000001 0.001535 0.997253 0.001173 0.000037
2 2 0.000000 0.000076 0.949142 0.050780 0.000002
2 2 0.000685 0.011592 0.685861 0.289008 0.012855
2 2 0.000002 0.001336 0.917921 0.080124 0.000618
4 2 0.003633 0.163797 0.273410 0.000097 0.559063
2 4 0.000393 0.119013 0.778871 0.014242 0.087482
4 4 0.016012 0.140020 0.082970 0.000680 0.760318
4 4 0.012710 0.219302 0.214727 0.015927 0.537334
4 4 0.004144 0.182726 0.331468 0.009331 0.472331
2 4 0.002347 0.201890 0.542569 0.001738 0.251456
4 4 0.002148 0.124126 0.264414 0.001818 0.607494
4 4 0.008826 0.141966 0.125424 0.000557 0.723227
4 4 0.026892 0.070736 0.018721 0.000148 0.883503
4 4 0.002102 0.075169 0.290961 0.005399 0.626369
4 4 0.003697 0.121960 0.180585 0.002431 0.691327
4 4 0.039329 0.099903 0.026106 0.000426 0.834236
4 4 0.017394 0.125336 0.060320 0.000017 0.796933
4 4 0.034463 0.079744 0.018273 0.000014 0.867506
4 4 0.043088 0.109048 0.026697 0.000032 0.821135
4 4 0.020145 0.028286 0.004746 0.000006 0.946817
4 4 0.012643 0.013734 0.001915 0.000001 0.971707
2 4 0.008733 0.271405 0.374680 0.003725 0.341457
4 4 0.031893 0.331772 0.223991 0.008002 0.404342
4 4 0.007771 0.083853 0.052471 0.000007 0.855898
4 4 0.067256 0.224794 0.069630 0.001103 0.637217
4 4 0.023350 0.042052 0.007903 0.000001 0.926694
4 4 0.006729 0.080667 0.058947 0.000255 0.853402
4 4 0.027908 0.131515 0.048281 0.000031 0.792266
4 4 0.080641 0.050666 0.015483 0.000244 0.852966
4 4 0.029080 0.067407 0.016363 0.000123 0.887026
4 4 0.051139 0.087389 0.028908 0.000757 0.831807
4 4 0.029163 0.055566 0.011218 0.000008 0.904044
4 4 0.008478 0.103489 0.077850 0.000834 0.809350
4 4 0.044132 0.104162 0.025025 0.000099 0.826582
4 4 0.006606 0.123546 0.116764 0.000103 0.752982
4 4 0.011363 0.103336 0.061971 0.000213 0.823117
4 4 0.022680 0.139755 0.059778 0.000011 0.777776
4 4 0.009789 0.229144 0.244207 0.000100 0.516761
2 4 0.003234 0.215151 0.450783 0.000053 0.330780
4 4 0.002648 0.140864 0.268021 0.000182 0.588286
4 4 0.026056 0.209242 0.103366 0.000006 0.661330
4 4 0.008070 0.201047 0.243717 0.003574 0.543592
4 4 0.003739 0.150456 0.255554 0.004789 0.585461
4 4 0.015746 0.112014 0.053256 0.000012 0.818971
4 4 0.034014 0.090360 0.021212 0.000001 0.854412
4 4 0.008066 0.127948 0.115691 0.001903 0.746393
4 4 0.025207 0.204245 0.106406 0.000013 0.664129
4 4 0.014710 0.146358 0.081370 0.000001 0.757561
4 4 0.012849 0.269434 0.255442 0.000021 0.462255
2 4 0.000828 0.140595 0.619434 0.006481 0.232661
2 4 0.000620 0.143927 0.756867 0.003000 0.095586
4 4 0.008552 0.071708 0.041406 0.000228 0.878105
4 4 0.021831 0.080605 0.026901 0.000245 0.870418
4 4 0.011362 0.128274 0.086894 0.000120 0.773350
4 4 0.008890 0.040583 0.013393 0.000000 0.937135
4 4 0.009642 0.044541 0.016742 0.000024 0.929051
4 4 0.062001 0.045143 0.007197 0.000033 0.885627
4 4 0.019746 0.023364 0.004442 0.000007 0.952440
4 4 0.042535 0.107455 0.026650 0.000058 0.823303
4 4 0.019360 0.026105 0.004285 0.000006 0.950244
4 4 0.007006 0.080998 0.054080 0.000014 0.857901
4 4 0.026568 0.031232 0.007823 0.000031 0.934347
4 4 0.015485 0.076617 0.051006 0.000690 0.856203
4 4 0.057292 0.145431 0.038464 0.001449 0.757364
4 4 0.076888 0.035146 0.021852 0.000345 0.865770
4 4 0.033784 0.119133 0.038244 0.000338 0.808501
4 4 0.023415 0.034867 0.006168 0.000015 0.935535
4 4 0.009519 0.127799 0.095591 0.000059 0.767032
4 4 0.010437 0.086521 0.046857 0.000027 0.856159
4 4 0.031854 0.073164 0.017696 0.000158 0.877129
0 4 0.686876 0.004060 0.005311 0.000623 0.303129
4 4 0.037745 0.083425 0.018839 0.000030 0.859961
4 4 0.015076 0.132747 0.077125 0.000212 0.774841
4 4 0.002848 0.069581 0.078713 0.000041 0.848818
4 4 0.005816 0.180311 0.246157 0.000911 0.566804
4 4 0.022846 0.197506 0.107194 0.000039 0.672415
4 4 0.030172 0.144386 0.056054 0.000271 0.769117
4 4 0.031117 0.067432 0.014440 0.000004 0.887007
4 4 0.030297 0.014287 0.006227 0.000023 0.949167
2 4 0.020063 0.277773 0.499845 0.000017 0.202302
4 4 0.004805 0.201682 0.345403 0.003846 0.444265
4 4 0.022223 0.221545 0.125942 0.000006 0.630285
4 4 0.004815 0.192629 0.325562 0.007811 0.469183
4 4 0.030995 0.096296 0.027080 0.000028 0.845601
4 4 0.017885 0.294767 0.259796 0.001135 0.426417
2 4 0.008783 0.275401 0.358439 0.000217 0.357161
2 4 0.002257 0.184148 0.458653 0.000202 0.354740
2 2 0.000032 0.019453 0.956748 0.000433 0.023334
2 2 0.001086 0.152457 0.605966 0.002931 0.237559
2 1 0.004496 0.243275 0.456418 0.000226 0.295585
2 1 0.000031 0.049945 0.930239 0.000495 0.019289
2 1 0.000017 0.012256 0.973644 0.001681 0.012402
2 2 0.000032 0.023660 0.958864 0.000179 0.017265
2 2 0.001600 0.178546 0.527414 0.000041 0.292399
2 2 0.001452 0.184261 0.578201 0.000017 0.236070
2 2 0.000058 0.064620 0.904719 0.000081 0.030523
2 2 0.002291 0.137973 0.834792 0.000693 0.024251
2 2 0.001232 0.157209 0.504211 0.000023 0.337326
2 2 0.002039 0.198781 0.528951 0.000027 0.270201
2 2 0.003139 0.254505 0.609764 0.000139 0.132453
2 2 0.002834 0.229514 0.554585 0.000130 0.212937
2 2 0.000398 0.068533 0.822691 0.000438 0.107940
2 2 0.000047 0.024561 0.947546 0.000570 0.027276
2 2 0.000220 0.052586 0.925724 0.000572 0.020898
2 2 0.000157 0.018285 0.944103 0.000133 0.037322
2 2 0.000007 0.005117 0.978498 0.002892 0.013486
4 2 0.004096 0.212111 0.368280 0.000018 0.415496
2 2 0.000611 0.024906 0.958580 0.000403 0.015499
2 2 0.000874 0.165824 0.675411 0.000007 0.157884
2 2 0.000723 0.122090 0.784011 0.000018 0.093157
2 2 0.000088 0.036858 0.912200 0.000947 0.049906
2 2 0.000009 0.007880 0.987682 0.002929 0.001499
4 2 0.006586 0.217133 0.294931 0.000001 0.481348
2 2 0.000012 0.003739 0.913751 0.082211 0.000288
2 2 0.000020 0.020832 0.972775 0.000391 0.005982
2 2 0.002850 0.237736 0.561372 0.000022 0.198021
2 2 0.000118 0.006571 0.989809 0.000223 0.003280
2 2 0.000002 0.002744 0.984292 0.011814 0.001147
2 2 0.000046 0.039159 0.944514 0.000143 0.016138
2 2 0.000003 0.001372 0.961145 0.037183 0.000297
4 2 0.007136 0.245711 0.341992 0.000205 0.404956
2 2 0.000219 0.034587 0.920914 0.000170 0.044111
2 2 0.000027 0.009186 0.986400 0.000280 0.004107
2 2 0.000012 0.001546 0.995989 0.001910 0.000543
2 2 0.000871 0.027365 0.956813 0.000518 0.014434
2 2 0.014338 0.189139 0.755229 0.014047 0.027247
0 0 0.964089 0.019599 0.008937 0.000008 0.007368
0 0 0.617445 0.030527 0.077617 0.000856 0.273555
4 0 0.310382 0.031014 0.082958 0.076130 0.499517
0 0 0.953884 0.039745 0.005321 0.000002 0.001049
4 0 0.413477 0.026104 0.062284 0.000542 0.497592
4 0 0.047422 0.199541 0.206186 0.001796 0.545054
1 0 0.060773 0.406331 0.173568 0.000009 0.359318
4 1 0.095381 0.270506 0.090235 0.000064 0.543815
2 0 0.106168 0.243326 0.438789 0.000134 0.211582
0 0 0.661988 0.185678 0.067428 0.000000 0.084905
2 0 0.133797 0.261191 0.598354 0.001399 0.005260
0 0 0.557249 0.273027 0.027593 0.000000 0.142131
1 0 0.146783 0.486629 0.142224 0.000000 0.224363
1 0 0.127796 0.384883 0.111216 0.000027 0.376078
1 0 0.070024 0.504918 0.275866 0.006233 0.142959
2 1 0.028111 0.373601 0.532670 0.000043 0.065574
1 1 0.019195 0.365074 0.326958 0.000064 0.288710
2 1 0.004265 0.296626 0.665230 0.000175 0.033704
2 2 0.001916 0.138555 0.809910 0.000103 0.049516
2 2 0.003889 0.202415 0.751271 0.005722 0.036704
2 2 0.002862 0.191133 0.691165 0.000109 0.114731
1 2 0.031834 0.368858 0.241557 0.000118 0.357633
1 2 0.167470 0.460264 0.129820 0.000006 0.242441
2 2 0.001705 0.193410 0.764840 0.001009 0.039035
2 2 0.021761 0.346805 0.576030 0.000028 0.055375
1 2 0.169955 0.420925 0.111108 0.000019 0.297993
2 2 0.004270 0.186232 0.760560 0.000046 0.048892
2 2 0.001175 0.200575 0.785764 0.000367 0.012120
2 2 0.003305 0.229966 0.574675 0.000369 0.191685
2 2 0.000611 0.051167 0.942326 0.000624 0.005273
2 2 0.003049 0.256556 0.667620 0.002670 0.070105
2 2 0.000111 0.066257 0.922705 0.002244 0.008682
2 2 0.000114 0.005421 0.987952 0.000349 0.006164
2 2 0.000025 0.017375 0.971235 0.002370 0.008994
2 2 0.000167 0.088291 0.882891 0.001637 0.027014
2 2 0.002633 0.186918 0.578558 0.000768 0.231123
2 2 0.000023 0.004984 0.991349 0.003386 0.000259
2 2 0.000097 0.019966 0.966133 0.001046 0.012758
2 2 0.000000 0.002351 0.995677 0.001150 0.000821
2 2 0.000200 0.065716 0.915063 0.001976 0.017045
2 2 0.000578 0.067859 0.864221 0.000751 0.066589
2 2 0.000053 0.008525 0.976698 0.004520 0.010204
2 2 0.000176 0.057699 0.918905 0.002893 0.020326
2 2 0.000015 0.013006 0.976824 0.004812 0.005342
2 2 0.002812 0.110957 0.756500 0.000014 0.129717
2 2 0.000702 0.155090 0.793837 0.007164 0.043208
2 2 0.000566 0.076729 0.887368 0.000035 0.035303
2 2 0.000414 0.098927 0.865104 0.001000 0.034555
2 2 0.000650 0.059909 0.798521 0.019161 0.121759
2 2 0.000149 0.020032 0.916922 0.000905 0.061992
2 2 0.000272 0.059004 0.904316 0.008549 0.027859
2 2 0.000072 0.029000 0.948683 0.004485 0.017759
2 2 0.000697 0.154810 0.752171 0.000341 0.091981
2 2 0.000053 0.006975 0.964000 0.004164 0.024808
2 2 0.000277 0.029541 0.908551 0.001480 0.060150
2 2 0.000677 0.028373 0.894991 0.032787 0.043172
2 2 0.000056 0.018349 0.961394 0.003993 0.016208
2 2 0.000004 0.001765 0.994434 0.003150 0.000647
2 2 0.000199 0.035038 0.829201 0.029305 0.106256
2 2 0.000326 0.035067 0.948062 0.001478 0.015066
2 2 0.000002 0.003591 0.952952 0.042954 0.000502
2 2 0.000235 0.008365 0.911729 0.078970 0.000701
2 2 0.000451 0.073592 0.852279 0.000301 0.073377
3 2 0.000024 0.001568 0.324988 0.672940 0.000479
2 2 0.000001 0.000441 0.915705 0.083811 0.000043
2 2 0.000479 0.049145 0.886470 0.016098 0.047807
3 2 0.000088 0.001547 0.353249 0.644968 0.000148
