1 0 0.388974 0.408732 0.081230 0.000334 0.120730
0 0 0.849973 0.086349 0.025188 0.000549 0.037941
0 0 0.928930 0.021541 0.005962 0.000051 0.043516
0 0 0.811246 0.072145 0.018959 0.000245 0.097405
4 0 0.137606 0.065695 0.015717 0.000219 0.780763
0 0 0.593063 0.012568 0.003473 0.000028 0.390868
0 0 0.819826 0.017045 0.005330 0.000073 0.157726
0 0 0.816528 0.007888 0.001716 0.000003 0.173864
0 0 0.985284 0.007283 0.004331 0.000613 0.002489
0 0 0.986197 0.007073 0.003222 0.000140 0.003368
0 0 0.973432 0.018757 0.005835 0.000077 0.001899
0 0 0.740117 0.170722 0.045214 0.000956 0.042992
0 0 0.950453 0.034994 0.013067 0.000523 0.000963
0 0 0.910316 0.052117 0.025034 0.003694 0.008839
0 0 0.811727 0.133698 0.041529 0.001508 0.011538
0 0 0.779309 0.142370 0.051547 0.003835 0.022939
0 0 0.974848 0.018269 0.006208 0.000119 0.000555
0 0 0.901284 0.054115 0.031562 0.011195 0.001843
0 0 0.996599 0.001954 0.001225 0.000117 0.000104
0 0 0.877989 0.085377 0.032872 0.002391 0.001371
0 0 0.946916 0.015170 0.006024 0.000209 0.031681
0 0 0.945132 0.024203 0.009743 0.000450 0.020471
0 0 0.559037 0.274497 0.083142 0.004525 0.078799
0 0 0.991588 0.005158 0.002125 0.000051 0.001078
0 0 0.991784 0.004563 0.001716 0.000026 0.001911
0 0 0.967554 0.020665 0.010138 0.001033 0.000609
0 0 0.612618 0.231201 0.092812 0.015292 0.048077
0 0 0.939109 0.038154 0.011373 0.000177 0.011187
0 0 0.941529 0.012051 0.004762 0.000145 0.041512
0 0 0.921750 0.038321 0.024822 0.011654 0.003453
0 0 0.987280 0.007511 0.002024 0.000009 0.003176
0 0 0.980125 0.010715 0.003344 0.000034 0.005783
0 0 0.935340 0.041583 0.017384 0.001241 0.004452
0 0 0.851646 0.032649 0.008422 0.000026 0.107257
0 0 0.959089 0.011561 0.003250 0.000022 0.026079
0 0 0.987259 0.007613 0.003746 0.000237 0.001145
0 0 0.576082 0.121564 0.032721 0.000273 0.269360
0 0 0.840702 0.071173 0.020352 0.000372 0.067401
0 0 0.915292 0.006991 0.003426 0.000209 0.074082
0 0 0.947364 0.012541 0.003219 0.000015 0.036861
0 0 0.993027 0.003787 0.001565 0.000033 0.001589
0 0 0.970820 0.009201 0.003375 0.000065 0.016540
0 0 0.984514 0.005524 0.002136 0.000040 0.007786
0 0 0.986870 0.006184 0.002808 0.000113 0.004025
0 0 0.943451 0.031300 0.006974 0.000027 0.018248
0 0 0.713581 0.196328 0.041791 0.000370 0.047931
0 0 0.979101 0.011028 0.005574 0.000474 0.003823
0 0 0.978588 0.010778 0.003694 0.000057 0.006884
0 0 0.903156 0.053363 0.026665 0.002511 0.014305
0 0 0.964549 0.018617 0.010314 0.000449 0.006071
0 0 0.641282 0.109248 0.236928 0.005285 0.007257
0 0 0.782974 0.149293 0.040173 0.000833 0.026726
0 0 0.983187 0.007850 0.003415 0.000096 0.005452
0 0 0.719372 0.033753 0.011374 0.000320 0.235181
0 0 0.686474 0.200365 0.059817 0.002388 0.050955
0 0 0.944913 0.025282 0.009598 0.000351 0.019856
0 0 0.939251 0.035046 0.016207 0.001651 0.007845
0 0 0.813776 0.132780 0.039217 0.001137 0.013090
0 0 0.642378 0.057488 0.017692 0.000455 0.281986
0 0 0.990473 0.002098 0.000793 0.000008 0.006628
4 0 0.250571 0.041818 0.012369 0.000030 0.695212
0 0 0.881025 0.009094 0.003692 0.000114 0.106074
0 0 0.910116 0.046750 0.017542 0.000832 0.024760
0 0 0.657287 0.005300 0.001617 0.000013 0.335784
0 0 0.877795 0.044090 0.011043 0.000088 0.066983
0 0 0.954511 0.017416 0.005898 0.000109 0.022067
0 0 0.989955 0.004465 0.001554 0.000017 0.004010
0 0 0.806370 0.111894 0.055752 0.014729 0.011254
0 0 0.986347 0.008152 0.004414 0.000440 0.000647
0 0 0.708953 0.131114 0.025056 0.000114 0.134762
0 0 0.492332 0.282973 0.214172 0.005141 0.005382
0 0 0.392768 0.291413 0.174406 0.074098 0.067314
4 0 0.260836 0.186185 0.050585 0.002028 0.500366
4 1 0.040404 0.122531 0.035381 0.000043 0.801641
4 2 0.130504 0.334005 0.164332 0.000104 0.371054
2 2 0.014642 0.199766 0.570710 0.166353 0.048531
2 2 0.002072 0.172447 0.661802 0.000056 0.163623
2 2 0.000129 0.037561 0.890061 0.045839 0.026410
2 1 0.003806 0.162835 0.475008 0.006079 0.352272
0 1 0.391090 0.322983 0.075184 0.001652 0.209091
1 4 0.259355 0.502551 0.186257 0.001003 0.050834
2 0 0.008486 0.242848 0.451457 0.021181 0.276027
2 4 0.002075 0.062189 0.859008 0.001219 0.075509
2 1 0.000897 0.092396 0.834766 0.001531 0.070410
2 3 0.000003 0.005554 0.989903 0.000502 0.004038
4 -1 0.001831 0.066617 0.380144 0.002413 0.548996
2 0 0.001115 0.122477 0.780444 0.015077 0.080887
4 0 0.005170 0.154552 0.362938 0.002680 0.474660
2 2 0.000173 0.049116 0.896060 0.004684 0.049967
2 2 0.001239 0.071050 0.835712 0.013374 0.078624
2 2 0.002061 0.140939 0.790921 0.025445 0.040633
2 2 0.000091 0.026487 0.876802 0.005157 0.091463
2 2 0.002430 0.145823 0.674197 0.009293 0.168256
2 2 0.009366 0.101998 0.714472 0.027888 0.146276
2 4 0.003930 0.186649 0.568017 0.001721 0.239683
4 2 0.011983 0.048051 0.024184 0.000103 0.915678
2 2 0.014173 0.344691 0.381159 0.000741 0.259236
2 2 0.002281 0.164109 0.669232 0.019500 0.144878
4 1 0.014299 0.243381 0.246496 0.000141 0.495683
4 2 0.007614 0.200089 0.285831 0.000182 0.506284
4 2 0.007279 0.228446 0.319913 0.000915 0.443448
2 2 0.001115 0.128427 0.756645 0.013890 0.099923
2 2 0.000534 0.064416 0.783402 0.000238 0.151409
2 2 0.007594 0.327835 0.623485 0.000547 0.040538
2 1 0.000919 0.117250 0.820889 0.000530 0.060412
2 2 0.000758 0.083280 0.824881 0.002265 0.088816
2 2 0.000214 0.041490 0.871743 0.022257 0.064297
2 0 0.000077 0.028965 0.950159 0.006394 0.014405
1 0 0.064206 0.504041 0.367026 0.000726 0.064001
0 1 0.693057 0.192520 0.084807 0.018216 0.011401
1 1 0.121608 0.378244 0.244040 0.009667 0.246442
2 2 0.002789 0.116186 0.600473 0.005005 0.275547
2 2 0.000136 0.025796 0.851342 0.014497 0.108229
2 2 0.000030 0.011131 0.977411 0.003132 0.008295
2 3 0.000138 0.035575 0.915419 0.010562 0.038306
2 3 0.000027 0.010652 0.961447 0.020147 0.007727
2 3 0.000184 0.019005 0.913799 0.051179 0.015833
2 3 0.000004 0.003630 0.980884 0.014423 0.001060
2 2 0.000003 0.002109 0.963991 0.032475 0.001423
2 3 0.000017 0.007640 0.905532 0.084500 0.002311
2 3 0.000259 0.019586 0.661617 0.298570 0.019968
2 3 0.000000 0.000021 0.588480 0.411498 0.000001
2 3 0.000071 0.010155 0.580157 0.406733 0.002884
3 3 0.000066 0.009051 0.460884 0.524129 0.005870
3 3 0.000012 0.001955 0.318412 0.679026 0.000595
3 3 0.000000 0.000030 0.338904 0.661065 0.000002
2 3 0.001170 0.018377 0.498822 0.471020 0.010611
3 3 0.000001 0.000540 0.444201 0.555048 0.000211
2 3 0.000111 0.002914 0.538711 0.455904 0.002360
3 3 0.000000 0.000011 0.030580 0.969406 0.000002
3 3 0.000040 0.001003 0.092027 0.906564 0.000366
3 3 0.000481 0.006969 0.184043 0.805443 0.003064
3 3 0.000033 0.001465 0.160466 0.837237 0.000799
3 3 0.000015 0.002468 0.388544 0.607421 0.001553
3 3 0.001804 0.011167 0.173571 0.802970 0.010488
3 3 0.000000 0.000027 0.082937 0.917030 0.000006
3 3 0.000001 0.000194 0.125583 0.874172 0.000050
3 3 0.000337 0.003089 0.118522 0.876458 0.001594
3 3 0.000001 0.000044 0.046344 0.953599 0.000011
3 3 0.000026 0.001508 0.272892 0.724633 0.000940
3 1 0.000003 0.000422 0.284678 0.714706 0.000191
3 3 0.000029 0.001859 0.216458 0.781030 0.000622
3 3 0.000007 0.001189 0.462896 0.535607 0.000302
3 3 0.000004 0.000279 0.113033 0.886610 0.000074
3 3 0.000429 0.005749 0.398766 0.594243 0.000814
3 3 0.000132 0.002859 0.170051 0.824822 0.002135
3 3 0.000729 0.010569 0.188848 0.792405 0.007448
3 3 0.000000 0.000004 0.097752 0.902243 0.000001
2 3 0.000001 0.000163 0.653414 0.346410 0.000012
3 3 0.000007 0.000206 0.052329 0.947395 0.000062
3 3 0.000006 0.000321 0.063581 0.935934 0.000158
3 3 0.000000 0.000001 0.004544 0.995455 0.000000
3 3 0.000000 0.000001 0.010774 0.989225 0.000000
3 3 0.000000 0.000008 0.031865 0.968125 0.000002
3 3 0.000004 0.000463 0.157511 0.841795 0.000227
3 3 0.000038 0.001777 0.150962 0.846216 0.001008
3 3 0.000057 0.002270 0.117647 0.879113 0.000913
3 3 0.000000 0.000105 0.422753 0.577134 0.000008
3 3 0.000818 0.012516 0.235254 0.733452 0.017959
3 3 0.000061 0.002032 0.179688 0.817495 0.000725
3 3 0.000037 0.000798 0.112167 0.886559 0.000439
3 3 0.000002 0.000078 0.025008 0.974886 0.000025
3 3 0.000000 0.000004 0.054948 0.945047 0.000000
3 3 0.000000 0.000001 0.010317 0.989682 0.000000
3 3 0.000574 0.004003 0.081074 0.912393 0.001956
3 3 0.000001 0.000198 0.105730 0.894017 0.000054
3 3 0.000048 0.000622 0.040828 0.958242 0.000259
3 3 0.000028 0.000311 0.032173 0.967366 0.000122
3 3 0.000049 0.001261 0.075171 0.922775 0.000744
3 3 0.001510 0.006915 0.139661 0.849756 0.002158
3 3 0.000003 0.000099 0.038137 0.961731 0.000030
3 3 0.000002 0.000158 0.085416 0.914366 0.000059
3 3 0.000000 0.000060 0.063294 0.936633 0.000013
3 3 0.002374 0.014528 0.324338 0.646852 0.011908
3 3 0.000174 0.000381 0.015383 0.983787 0.000275
3 3 0.000000 0.000031 0.028182 0.971779 0.000008
3 3 0.000000 0.000020 0.040282 0.959693 0.000005
3 3 0.000002 0.000324 0.190053 0.809546 0.000076
3 3 0.002201 0.005170 0.058881 0.930884 0.002863
3 3 0.000019 0.000766 0.106687 0.892304 0.000224
3 3 0.010845 0.011539 0.060749 0.909660 0.007207
3 3 0.000003 0.000297 0.086974 0.912608 0.000119
3 3 0.000000 0.000002 0.007416 0.992581 0.000000
3 3 0.003341 0.003335 0.064433 0.921088 0.007803
3 3 0.005994 0.005648 0.042467 0.941193 0.004698
3 0 0.002246 0.003807 0.055155 0.937220 0.001572
0 2 0.298359 0.210575 0.154381 0.254228 0.082457
2 2 0.006387 0.291261 0.652483 0.003209 0.046660
2 2 0.004077 0.191485 0.588262 0.116009 0.100168
2 2 0.001040 0.093343 0.735913 0.024142 0.145562
2 2 0.007418 0.252051 0.553067 0.017316 0.170148
2 2 0.000040 0.014521 0.860193 0.110571 0.014676
2 2 0.000635 0.077365 0.725693 0.161869 0.034438
2 2 0.001065 0.046910 0.682431 0.219322 0.050272
2 2 0.000286 0.040525 0.653694 0.287752 0.017743
2 0 0.000109 0.034705 0.928560 0.015079 0.021547
1 2 0.266835 0.447756 0.241973 0.009140 0.034296
2 2 0.018250 0.399092 0.407880 0.004325 0.170453
2 1 0.007444 0.166809 0.772241 0.011165 0.042341
2 2 0.010888 0.333425 0.502393 0.027386 0.125908
2 2 0.000137 0.047644 0.926719 0.013366 0.012134
2 2 0.000706 0.084558 0.791002 0.057110 0.066624
4 2 0.006489 0.182343 0.269274 0.000507 0.541386
2 2 0.000019 0.012360 0.926269 0.058487 0.002865
2 2 0.001825 0.176975 0.788109 0.008394 0.024697
2 2 0.000257 0.065077 0.902105 0.020781 0.011780
2 2 0.000110 0.029345 0.727356 0.232237 0.010953
2 2 0.000026 0.011374 0.876631 0.104284 0.007684
2 2 0.000091 0.016810 0.972820 0.007235 0.003044
2 2 0.000269 0.053363 0.842801 0.072949 0.030618
2 2 0.002120 0.087014 0.825111 0.038119 0.047636
2 1 0.000071 0.035262 0.961650 0.000573 0.002445
2 1 0.000841 0.114756 0.855573 0.003278 0.025552
2 1 0.000043 0.013917 0.898470 0.085686 0.001884
2 2 0.010342 0.360986 0.513781 0.003757 0.111134
2 0 0.000059 0.013771 0.967346 0.016128 0.002695
0 1 0.491353 0.358138 0.120040 0.008544 0.021925
2 2 0.013253 0.371784 0.511367 0.015532 0.088063
2 2 0.002063 0.201903 0.730035 0.000666 0.065333
2 2 0.000912 0.095222 0.767328 0.011495 0.125044
2 1 0.000009 0.008325 0.987187 0.002205 0.002274
2 2 0.000451 0.044713 0.944800 0.008460 0.001576
2 2 0.000405 0.082053 0.879016 0.021713 0.016813
2 2 0.000016 0.013311 0.983375 0.002686 0.000612
2 2 0.001789 0.074727 0.583359 0.292348 0.047776
2 2 0.000137 0.034672 0.951676 0.007169 0.006346
2 2 0.002415 0.167218 0.712114 0.039613 0.078640
2 2 0.000323 0.070580 0.884934 0.014166 0.029997
2 0 0.000468 0.068515 0.789094 0.104122 0.037801
0 0 0.752316 0.150223 0.079654 0.006213 0.011594
0 2 0.463648 0.400606 0.118392 0.003926 0.013427
2 1 0.000208 0.019612 0.939300 0.038028 0.002852
1 1 0.025690 0.486843 0.437078 0.003347 0.047042
1 1 0.236718 0.582682 0.137128 0.000373 0.043099
0 1 0.569928 0.268531 0.100280 0.002211 0.059050
2 2 0.007339 0.271201 0.556648 0.008751 0.156062
2 2 0.000659 0.084803 0.854166 0.003546 0.056826
3 2 0.002339 0.046148 0.313172 0.611874 0.026467
2 1 0.000930 0.052423 0.776293 0.143709 0.026646
0 1 0.685580 0.195603 0.069182 0.005736 0.043900
2 2 0.002891 0.249247 0.671238 0.001825 0.074798
2 2 0.000134 0.022048 0.894947 0.065202 0.017669
2 2 0.005120 0.160584 0.416160 0.003542 0.414594
2 2 0.009581 0.311391 0.542211 0.006870 0.129947
2 2 0.003402 0.159882 0.786891 0.016563 0.033261
2 2 0.004060 0.211664 0.558326 0.000981 0.224969
2 2 0.000089 0.030032 0.932971 0.031708 0.005201
2 2 0.002764 0.149352 0.600616 0.171343 0.075924
2 2 0.002374 0.156519 0.782901 0.038972 0.019234
1 2 0.188958 0.458762 0.099448 0.000295 0.252537
2 2 0.017553 0.380870 0.429342 0.004334 0.167902
2 2 0.004450 0.163270 0.538114 0.038734 0.255432
2 2 0.000050 0.009164 0.825418 0.164566 0.000802
2 2 0.001128 0.050929 0.889372 0.048128 0.010443
2 2 0.002299 0.032771 0.841850 0.080666 0.042414
2 2 0.000031 0.016539 0.800362 0.177700 0.005368
2 1 0.003560 0.057461 0.775062 0.116067 0.047851
1 2 0.029221 0.456762 0.448337 0.005504 0.060176
2 2 0.000138 0.044238 0.939429 0.005998 0.010197
2 2 0.007956 0.073983 0.712889 0.191618 0.013554
1 2 0.019404 0.412128 0.405560 0.016294 0.146615
2 2 0.001393 0.018629 0.766896 0.207929 0.005154
2 2 0.003040 0.201373 0.732160 0.023155 0.040272
2 2 0.000010 0.011159 0.982897 0.004860 0.001074
2 4 0.004401 0.186728 0.566716 0.027107 0.215048
4 4 0.031565 0.301692 0.171528 0.004937 0.490277
2 4 0.002570 0.143154 0.555947 0.002041 0.296289
1 4 0.067521 0.425176 0.174634 0.002161 0.330508
4 4 0.021554 0.062833 0.022474 0.000359 0.892781
4 4 0.051849 0.194473 0.061710 0.000098 0.691870
4 4 0.015044 0.261921 0.301236 0.001375 0.420423
4 4 0.017189 0.044726 0.019496 0.000073 0.918516
4 1 0.003989 0.089031 0.129951 0.000065 0.776963
0 4 0.377857 0.263323 0.071901 0.000353 0.286567
4 4 0.035846 0.043466 0.022273 0.001115 0.897300
4 4 0.039322 0.122305 0.069383 0.000786 0.768204
4 4 0.140914 0.013024 0.008520 0.000127 0.837415
4 4 0.124548 0.016160 0.003528 0.000024 0.855740
1 4 0.076350 0.446696 0.160205 0.000046 0.316703
4 4 0.046233 0.099292 0.087157 0.001149 0.766169
4 4 0.029107 0.330144 0.284436 0.003139 0.353173
4 4 0.038152 0.245267 0.108075 0.000492 0.608014
4 4 0.232620 0.163617 0.084148 0.000503 0.519112
4 4 0.183676 0.127886 0.093612 0.004305 0.590522
4 4 0.142430 0.073679 0.023717 0.000444 0.759730
4 4 0.252703 0.050053 0.010785 0.000055 0.686404
4 4 0.060310 0.086252 0.023006 0.001178 0.829253
4 4 0.034519 0.033934 0.005569 0.000021 0.925956
4 4 0.059116 0.078767 0.018110 0.000060 0.843947
1 4 0.041021 0.388638 0.208737 0.003449 0.358155
4 4 0.014975 0.232591 0.238555 0.003156 0.510724
4 4 0.033775 0.226271 0.100536 0.000143 0.639274
4 1 0.011093 0.135684 0.091799 0.000162 0.761262
1 4 0.320913 0.409059 0.126193 0.003525 0.140310
0 4 0.384255 0.218801 0.073483 0.002856 0.320605
4 4 0.006621 0.186615 0.332957 0.000316 0.473492
4 4 0.218310 0.193295 0.063574 0.000059 0.524761
4 4 0.187093 0.107166 0.030095 0.000833 0.674812
1 4 0.043880 0.465666 0.265670 0.008361 0.216423
4 4 0.036347 0.123287 0.040086 0.000466 0.799815
1 4 0.058145 0.465785 0.212039 0.000961 0.263070
1 4 0.142534 0.373842 0.205624 0.031971 0.246029
1 4 0.107959 0.438305 0.140533 0.004582 0.308621
2 4 0.046118 0.370368 0.479921 0.003344 0.100249
1 4 0.133077 0.592980 0.193117 0.008844 0.071982
1 2 0.023507 0.372478 0.355918 0.006338 0.241759
2 2 0.005611 0.219570 0.671303 0.048291 0.055224
2 0 0.016951 0.383906 0.540178 0.012828 0.046136
1 0 0.136532 0.586029 0.251408 0.001607 0.024423
0 1 0.555198 0.316259 0.085332 0.003015 0.040196
2 1 0.005854 0.257321 0.622041 0.035845 0.078940
2 1 0.005171 0.208933 0.621388 0.098290 0.066218
4 1 0.024223 0.353657 0.237984 0.000411 0.383724
4 2 0.014413 0.255260 0.232995 0.000043 0.497289
2 2 0.022060 0.360431 0.522376 0.016137 0.078996
2 2 0.018950 0.187047 0.757544 0.027954 0.008504
1 2 0.140826 0.445816 0.295086 0.005153 0.113118
2 2 0.017667 0.321104 0.588493 0.011347 0.061389
2 2 0.002051 0.150934 0.696157 0.046605 0.104252
2 2 0.001751 0.076050 0.879632 0.025307 0.017259
1 2 0.061746 0.528522 0.306342 0.006502 0.096887
2 2 0.001584 0.134845 0.763002 0.013377 0.087191
2 0 0.034183 0.278616 0.559925 0.078337 0.048938
0 0 0.484715 0.378295 0.064541 0.000356 0.072093
4 2 0.036203 0.322863 0.171054 0.001986 0.467894
2 2 0.001228 0.077853 0.878357 0.036051 0.006511
2 2 0.005821 0.286198 0.674407 0.003347 0.030227
2 2 0.000826 0.031204 0.893287 0.072677 0.002006
2 2 0.002906 0.164117 0.775237 0.032992 0.024747
1 2 0.203571 0.514306 0.194054 0.001990 0.086079
2 2 0.003682 0.157371 0.715073 0.022767 0.101107
4 2 0.141602 0.283278 0.196617 0.089122 0.289381
2 2 0.008948 0.253696 0.496945 0.010145 0.230267
2 2 0.014435 0.319934 0.507846 0.058419 0.099366
2 2 0.003761 0.092686 0.722453 0.157407 0.023692
2 2 0.017584 0.331490 0.597958 0.004786 0.048182
3 2 0.001871 0.033892 0.287276 0.663273 0.013687
2 3 0.018246 0.298035 0.606065 0.011944 0.065709
2 3 0.119570 0.149496 0.679279 0.028689 0.022966
4 3 0.035412 0.169539 0.223393 0.011295 0.560360
2 3 0.007612 0.070780 0.694878 0.214490 0.012240
2 3 0.007873 0.250494 0.683683 0.024261 0.033688
2 3 0.000307 0.025994 0.711721 0.256997 0.004982
2 3 0.019177 0.299542 0.564736 0.032094 0.084452
2 3 0.033468 0.156334 0.607585 0.184868 0.017746
3 3 0.002069 0.013435 0.108660 0.867821 0.008014
2 3 0.001558 0.025464 0.509027 0.460064 0.003887
3 2 0.007019 0.080611 0.246310 0.616535 0.049524
2 3 0.001135 0.072617 0.814048 0.070729 0.041471
2 3 0.001206 0.118394 0.829402 0.018126 0.032873
3 3 0.011595 0.085229 0.374573 0.507232 0.021371
3 3 0.004402 0.021554 0.291643 0.677896 0.004505
2 3 0.000210 0.021931 0.664566 0.307883 0.005410
2 3 0.010595 0.061199 0.785664 0.135360 0.007182
3 3 0.000853 0.009890 0.188544 0.797478 0.003234
2 3 0.017724 0.116540 0.564597 0.263037 0.038103
2 0 0.042045 0.225839 0.595969 0.056925 0.079222
0 0 0.698597 0.165404 0.126083 0.004919 0.004998
1 2 0.074703 0.586842 0.296484 0.002883 0.039089
0 2 0.362374 0.332150 0.172194 0.016605 0.116676
2 2 0.084471 0.269355 0.297437 0.260877 0.087860
2 2 0.034809 0.118440 0.714028 0.119480 0.013242
1 2 0.196937 0.470078 0.221397 0.026963 0.084625
2 2 0.002549 0.167302 0.757429 0.036116 0.036603
3 3 0.007003 0.037777 0.187007 0.755130 0.013082
4 3 0.112530 0.237040 0.225226 0.053465 0.371740
2 2 0.000435 0.061765 0.923050 0.010950 0.003799
2 3 0.005796 0.105360 0.558922 0.266786 0.063137
2 2 0.049775 0.243966 0.607115 0.074200 0.024944
2 2 0.003155 0.136131 0.514575 0.273739 0.072400
2 2 0.039432 0.126818 0.519665 0.304517 0.009568
2 2 0.010776 0.262680 0.472746 0.069325 0.184473
2 2 0.003215 0.139772 0.601092 0.190171 0.065751
2 2 0.028530 0.125255 0.449982 0.376177 0.020055
3 1 0.202798 0.123936 0.101434 0.471099 0.100732
0 2 0.579593 0.279521 0.108052 0.005968 0.026867
2 2 0.000219 0.051235 0.858574 0.075409 0.014563
2 3 0.000166 0.036256 0.945288 0.003446 0.014844
2 3 0.018849 0.217791 0.482469 0.013082 0.267809
2 3 0.000675 0.103773 0.870707 0.009680 0.015165
2 3 0.003440 0.158597 0.644105 0.073323 0.120535
2 3 0.000187 0.059747 0.920147 0.010384 0.009534
2 3 0.007590 0.349417 0.608469 0.001319 0.033205
2 2 0.009246 0.340008 0.632651 0.001826 0.016269
2 2 0.006375 0.253547 0.673784 0.029326 0.036968
2 2 0.000050 0.032070 0.961833 0.001796 0.004251
2 2 0.000759 0.064215 0.788079 0.106768 0.040179
2 2 0.000303 0.063254 0.878798 0.041242 0.016403
1 2 0.052395 0.565834 0.330144 0.003101 0.048525
3 1 0.017530 0.069212 0.189745 0.686614 0.036898
0 1 0.757938 0.132351 0.071124 0.029205 0.009383
1 2 0.084900 0.520839 0.270030 0.015271 0.108960
2 2 0.000759 0.084371 0.752679 0.111479 0.050712
2 2 0.000028 0.024062 0.972508 0.000215 0.003187
2 2 0.000787 0.062414 0.846297 0.079030 0.011473
2 2 0.001046 0.104244 0.849235 0.021526 0.023948
2 1 0.006818 0.144684 0.784180 0.051772 0.012546
1 2 0.017960 0.545166 0.428505 0.000051 0.008318
2 2 0.000151 0.019194 0.840598 0.127018 0.013040
2 2 0.000011 0.008450 0.978267 0.010731 0.002542
2 2 0.000249 0.032478 0.899273 0.022948 0.045053
2 2 0.000119 0.013913 0.963828 0.006310 0.015830
2 2 0.000086 0.011226 0.951006 0.031273 0.006409
2 2 0.000698 0.096485 0.797126 0.014141 0.091550
2 2 0.000731 0.100440 0.804768 0.048747 0.045313
2 2 0.000041 0.005844 0.763230 0.229114 0.001770
2 2 0.000037 0.020182 0.943743 0.011280 0.024758
2 2 0.000170 0.042668 0.917987 0.003196 0.035980
2 2 0.000084 0.010318 0.741069 0.237828 0.010701
2 2 0.000315 0.024810 0.693959 0.264113 0.016803
2 3 0.000016 0.001423 0.933080 0.065260 0.000222
2 3 0.002658 0.158082 0.662053 0.081695 0.095514
2 3 0.000280 0.039300 0.901680 0.037214 0.021525
2 3 0.000013 0.005064 0.768131 0.223746 0.003047
2 3 0.000029 0.005993 0.569988 0.421745 0.002246
2 3 0.000133 0.028838 0.694920 0.265853 0.010257
2 3 0.000092 0.022248 0.942404 0.033479 0.001777
2 3 0.000037 0.013477 0.969839 0.013769 0.002877
2 3 0.000925 0.083721 0.896901 0.004560 0.013893
2 3 0.000505 0.070817 0.831342 0.077671 0.019665
2 3 0.000564 0.087012 0.875753 0.012283 0.024388
2 3 0.000026 0.008868 0.965068 0.024754 0.001285
2 3 0.000295 0.065663 0.858126 0.054115 0.021801
2 3 0.000047 0.025486 0.948318 0.022564 0.003586
2 3 0.000024 0.006678 0.550542 0.440779 0.001977
2 3 0.000093 0.024468 0.881167 0.084875 0.009397
2 3 0.000054 0.024650 0.884621 0.085000 0.005674
2 3 0.001087 0.062556 0.617500 0.291149 0.027707
2 3 0.000459 0.013042 0.556030 0.426450 0.004020
3 3 0.000103 0.006672 0.373378 0.611953 0.007894
2 3 0.000711 0.012444 0.802416 0.181858 0.002571
2 3 0.000267 0.038492 0.735158 0.189995 0.036088
3 3 0.000838 0.021139 0.358549 0.603516 0.015958
2 3 0.000554 0.020992 0.534810 0.417032 0.026613
2 3 0.000508 0.025281 0.692415 0.277745 0.004051
3 3 0.000087 0.008209 0.328134 0.660397 0.003172
3 3 0.001640 0.015008 0.219213 0.759421 0.004719
3 3 0.000028 0.002910 0.212386 0.783128 0.001548
3 3 0.000251 0.010848 0.423065 0.561465 0.004371
3 3 0.001403 0.020966 0.226327 0.737334 0.013970
3 3 0.000001 0.000136 0.162229 0.837611 0.000024
2 3 0.000002 0.001747 0.674139 0.323465 0.000647
3 3 0.000023 0.001781 0.239641 0.757337 0.001218
3 3 0.000004 0.001205 0.289056 0.709390 0.000345
3 3 0.000098 0.004377 0.300604 0.693635 0.001286
3 3 0.000006 0.000224 0.053119 0.946577 0.000073
3 3 0.000670 0.018896 0.270514 0.700921 0.008999
3 3 0.000010 0.000303 0.144350 0.855303 0.000034
3 3 0.000000 0.000019 0.042172 0.957805 0.000004
3 3 0.000023 0.001205 0.301027 0.697621 0.000124
3 3 0.005963 0.055698 0.252294 0.642087 0.043958
3 3 0.001729 0.027313 0.337958 0.610482 0.022518
3 3 0.000029 0.001478 0.182053 0.815982 0.000457
2 3 0.002063 0.028984 0.780015 0.186876 0.002063
3 3 0.000029 0.001720 0.170025 0.827624 0.000602
3 3 0.000001 0.000082 0.052140 0.947755 0.000023
3 3 0.000000 0.000031 0.043732 0.956229 0.000008
3 3 0.000011 0.000240 0.042662 0.957004 0.000084
2 3 0.000007 0.000501 0.543527 0.455939 0.000026
3 3 0.000139 0.002398 0.143704 0.852949 0.000809
3 3 0.000000 0.000038 0.084104 0.915851 0.000007
3 3 0.000006 0.000118 0.029999 0.969837 0.000040
3 3 0.000012 0.000244 0.043863 0.955783 0.000099
3 3 0.000000 0.000000 0.020167 0.979832 0.000000
3 3 0.000010 0.000366 0.100832 0.898680 0.000112
3 3 0.000651 0.007863 0.147268 0.840554 0.003665
3 3 0.000124 0.001300 0.109773 0.888129 0.000674
3 1 0.016975 0.006229 0.085167 0.890290 0.001338
1 2 0.025681 0.511923 0.377662 0.002912 0.081822
2 2 0.000389 0.030090 0.814093 0.143202 0.012225
2 2 0.000120 0.016889 0.891919 0.088627 0.002445
2 3 0.000083 0.022507 0.823747 0.144811 0.008852
2 2 0.000000 0.000082 0.660976 0.338940 0.000002
4 2 0.041516 0.172733 0.060188 0.000221 0.725343
2 4 0.021244 0.221792 0.459644 0.007110 0.290210
2 4 0.003776 0.097541 0.510847 0.000742 0.387093
4 4 0.099141 0.049133 0.045517 0.000353 0.805855
4 4 0.183531 0.026928 0.013433 0.000099 0.776008
4 4 0.021232 0.048119 0.021099 0.000144 0.909406
4 4 0.031555 0.151345 0.056656 0.000060 0.760383
4 4 0.031697 0.052367 0.016157 0.000241 0.899538
4 4 0.009976 0.020408 0.043946 0.002154 0.923517
4 4 0.056042 0.019387 0.005044 0.000117 0.919410
4 1 0.145075 0.032302 0.007234 0.000064 0.815325
4 1 0.020774 0.298085 0.262681 0.000039 0.418421
4 4 0.062146 0.312602 0.108954 0.000040 0.516259
4 4 0.017383 0.016189 0.005871 0.000004 0.960553
4 4 0.140565 0.053805 0.009819 0.000018 0.795793
4 4 0.038890 0.087410 0.048349 0.000068 0.825283
4 4 0.010110 0.042584 0.023903 0.000053 0.923350
4 4 0.019078 0.036020 0.010150 0.000127 0.934624
4 4 0.070163 0.122785 0.025443 0.000041 0.781568
4 4 0.161967 0.091884 0.014687 0.000047 0.731416
4 4 0.021568 0.120607 0.047074 0.000002 0.810749
4 4 0.009103 0.192083 0.241749 0.000417 0.556649
4 4 0.044085 0.097960 0.023486 0.000015 0.834454
4 4 0.038760 0.221506 0.085044 0.000012 0.654679
2 4 0.015101 0.326003 0.345216 0.000200 0.313480
4 4 0.054435 0.071126 0.016390 0.000147 0.857902
4 4 0.019143 0.296716 0.201176 0.000027 0.482937
4 4 0.039863 0.330873 0.151839 0.000021 0.477404
4 4 0.005426 0.146754 0.317371 0.000213 0.530237
4 4 0.034597 0.019015 0.008550 0.000078 0.937759
4 4 0.301240 0.009783 0.002481 0.000017 0.686479
4 4 0.179129 0.020494 0.004600 0.000033 0.795743
4 4 0.042924 0.039684 0.018604 0.000539 0.898248
4 4 0.018564 0.036332 0.039188 0.001184 0.904731
4 4 0.122198 0.149241 0.023384 0.000007 0.705171
4 4 0.029414 0.175770 0.071572 0.000015 0.723229
1 4 0.030712 0.412957 0.252341 0.000184 0.303806
4 2 0.020252 0.282143 0.175662 0.000007 0.521937
2 2 0.006951 0.245371 0.383398 0.001753 0.362526
2 2 0.012236 0.354434 0.360985 0.000239 0.272106
4 1 0.014510 0.159303 0.124395 0.000230 0.701563
0 1 0.644243 0.223957 0.091023 0.015259 0.025518
4 1 0.005759 0.203965 0.313740 0.000168 0.476367
4 1 0.015666 0.275041 0.203162 0.000029 0.506102
2 2 0.001059 0.139982 0.772300 0.005205 0.081454
2 1 0.000363 0.102850 0.825657 0.000669 0.070461
4 2 0.007398 0.168426 0.153251 0.000018 0.670907
2 2 0.000120 0.047896 0.915493 0.010265 0.026226
2 2 0.000131 0.052573 0.895781 0.000709 0.050807
2 2 0.002585 0.226066 0.566111 0.000110 0.205128
2 2 0.000779 0.092516 0.837908 0.016695 0.052101
2 2 0.000060 0.027839 0.951535 0.010803 0.009763
2 2 0.000009 0.010613 0.973072 0.004732 0.011575
2 2 0.000107 0.042045 0.941539 0.001020 0.015289
2 2 0.000235 0.076486 0.886427 0.000453 0.036399
2 2 0.000188 0.060492 0.895689 0.003661 0.039969
2 2 0.000099 0.044057 0.919684 0.000537 0.035623
2 2 0.001375 0.137809 0.726428 0.001721 0.132667
2 2 0.000060 0.032778 0.943538 0.000098 0.023526
2 2 0.000025 0.022780 0.966568 0.001602 0.009024
2 2 0.000248 0.054601 0.864906 0.002898 0.077348
2 2 0.000006 0.008970 0.983109 0.000272 0.007643
2 2 0.000836 0.110666 0.820568 0.009455 0.058475
2 2 0.000623 0.081226 0.806576 0.041588 0.069987
2 2 0.000265 0.029532 0.913221 0.016963 0.040019
2 2 0.000101 0.009358 0.935683 0.046014 0.008844
2 2 0.000032 0.022767 0.942964 0.025212 0.009025
2 2 0.000267 0.065449 0.909454 0.003051 0.021778
2 2 0.002006 0.158687 0.641274 0.000986 0.197047
2 2 0.000024 0.018199 0.955067 0.016843 0.009868
2 2 0.000013 0.011693 0.975738 0.003113 0.009443
2 2 0.000047 0.022988 0.944202 0.012013 0.020750
2 2 0.000002 0.004788 0.991661 0.001564 0.001985
2 2 0.000480 0.072633 0.824716 0.047527 0.054644
2 2 0.000076 0.010526 0.838416 0.141091 0.009892
2 2 0.000074 0.008871 0.872590 0.112930 0.005536
2 2 0.000076 0.012967 0.972881 0.008192 0.005885
2 2 0.000014 0.012965 0.940043 0.041304 0.005674
2 2 0.000505 0.083456 0.868723 0.005678 0.041637
2 2 0.000695 0.083830 0.842384 0.007073 0.066018
2 2 0.000101 0.015741 0.910032 0.071716 0.002411
2 1 0.005106 0.295635 0.632734 0.001743 0.064781
0 1 0.572516 0.141848 0.076106 0.014471 0.195059
2 2 0.000038 0.022751 0.946823 0.001232 0.029156
2 2 0.000296 0.063158 0.891042 0.003311 0.042194
2 2 0.000008 0.009070 0.982325 0.005846 0.002752
2 2 0.000040 0.024002 0.969083 0.001841 0.005034
2 2 0.000089 0.032643 0.949332 0.003358 0.014577
2 2 0.000015 0.014837 0.982545 0.000818 0.001786
2 2 0.000418 0.053857 0.901013 0.002293 0.042419
2 2 0.000058 0.028935 0.956486 0.002688 0.011834
2 2 0.000225 0.052042 0.919178 0.002490 0.026065
2 2 0.000051 0.024169 0.961460 0.004120 0.010201
2 3 0.000309 0.065634 0.927255 0.001068 0.005733
2 2 0.000331 0.079648 0.901298 0.008379 0.010344
2 2 0.005972 0.211693 0.493116 0.016796 0.272424
2 2 0.001064 0.150464 0.786622 0.003069 0.058782
2 1 0.002334 0.160979 0.669108 0.024413 0.143166
1 2 0.211639 0.368943 0.065408 0.000038 0.353973
2 2 0.028220 0.367200 0.541709 0.001790 0.061080
2 2 0.002400 0.174618 0.758048 0.030554 0.034381
2 2 0.000600 0.101511 0.877692 0.001286 0.018910
2 2 0.000275 0.057386 0.838940 0.000681 0.102718
2 2 0.000333 0.055534 0.942307 0.000644 0.001182
2 2 0.000842 0.142965 0.811572 0.006374 0.038248
2 2 0.000103 0.008695 0.981312 0.007460 0.002430
2 2 0.001953 0.134975 0.762695 0.004091 0.096285
2 2 0.000001 0.000930 0.962160 0.036865 0.000045
2 0 0.101374 0.350489 0.381712 0.001005 0.165419
0 0 0.833075 0.088663 0.024311 0.000141 0.053810
4 1 0.167876 0.270454 0.113678 0.045313 0.402679
1 2 0.037639 0.497751 0.299604 0.002139 0.162867
2 2 0.001565 0.157465 0.788003 0.001237 0.051730
2 2 0.000949 0.118169 0.798166 0.011927 0.070790
2 2 0.000554 0.082198 0.799609 0.078920 0.038718
2 2 0.000692 0.101410 0.826064 0.009387 0.062447
2 2 0.000029 0.018748 0.965230 0.006290 0.009703
2 2 0.000265 0.060188 0.865456 0.009786 0.064305
2 2 0.000107 0.043150 0.941464 0.004268 0.011010
2 2 0.000001 0.002691 0.993987 0.002548 0.000773
2 2 0.005504 0.178864 0.672383 0.007862 0.135387
2 2 0.000115 0.042837 0.923075 0.025802 0.008170
2 2 0.000007 0.008764 0.981793 0.006767 0.002669
2 3 0.000014 0.017073 0.975646 0.000589 0.006678
2 2 0.001882 0.071680 0.842887 0.067036 0.016515
2 2 0.000443 0.080055 0.879626 0.002793 0.037084
2 2 0.000187 0.052925 0.889525 0.009672 0.047691
2 2 0.000065 0.015982 0.925068 0.053699 0.005187
2 2 0.000500 0.079756 0.870466 0.007593 0.041685
2 0 0.000769 0.084414 0.819013 0.006869 0.088935
4 1 0.135666 0.200482 0.192661 0.002745 0.468446
1 2 0.019202 0.364594 0.278761 0.000179 0.337264
2 2 0.000368 0.071560 0.874501 0.006898 0.046673
2 2 0.000008 0.012107 0.967322 0.018370 0.002192
2 2 0.000015 0.013350 0.966485 0.013220 0.006929
2 2 0.000103 0.041710 0.945505 0.003332 0.009350
2 2 0.000201 0.035786 0.839443 0.113865 0.010705
2 2 0.000747 0.125362 0.834190 0.000657 0.039044
2 2 0.000001 0.002676 0.993957 0.001937 0.001430
2 2 0.000779 0.092951 0.806911 0.001504 0.097855
2 2 0.003111 0.133888 0.597250 0.072477 0.193274
0 1 0.828742 0.133460 0.023443 0.000070 0.014286
1 2 0.014090 0.386210 0.373292 0.001541 0.224868
2 2 0.000409 0.070529 0.817289 0.007123 0.104650
2 2 0.000076 0.037559 0.942217 0.000840 0.019308
2 2 0.000106 0.021149 0.937696 0.028745 0.012303
2 2 0.000020 0.015901 0.948825 0.026065 0.009189
2 2 0.000008 0.011870 0.981713 0.003918 0.002490
2 2 0.000018 0.009635 0.982311 0.005402 0.002634
2 2 0.000027 0.016232 0.961558 0.004546 0.017638
2 2 0.000128 0.010558 0.879253 0.106050 0.004011
2 2 0.006296 0.311805 0.624369 0.005938 0.051593
2 1 0.000796 0.115101 0.857746 0.008737 0.017619
2 2 0.001103 0.157621 0.823781 0.002447 0.015049
2 2 0.000135 0.036814 0.910977 0.011697 0.040377
2 2 0.001547 0.044702 0.938170 0.002321 0.013260
2 2 0.002492 0.198435 0.704576 0.006768 0.087730
2 2 0.003057 0.121084 0.810494 0.055032 0.010334
1 2 0.111081 0.479374 0.144606 0.000161 0.264777
2 2 0.000023 0.012216 0.873970 0.102970 0.010820
2 2 0.000060 0.033601 0.951212 0.002540 0.012587
2 2 0.000364 0.076733 0.869229 0.000955 0.052719
2 2 0.000197 0.062712 0.899692 0.019124 0.018276
2 2 0.000502 0.093669 0.900027 0.001045 0.004757
1 1 0.044505 0.553299 0.287589 0.000065 0.114544
1 2 0.089746 0.592675 0.224697 0.003284 0.089598
2 2 0.001414 0.136300 0.716940 0.011689 0.133658
2 2 0.000512 0.069930 0.860230 0.011905 0.057422
2 2 0.000108 0.024522 0.737664 0.227612 0.010094
2 2 0.000678 0.071929 0.914898 0.001302 0.011194
1 1 0.088633 0.606820 0.222843 0.000424 0.081281
1 0 0.204393 0.457797 0.138852 0.000129 0.198828
0 0 0.817709 0.122162 0.038221 0.000385 0.021523
4 0 0.275096 0.117038 0.028739 0.000578 0.578549
0 0 0.722542 0.194834 0.042096 0.000066 0.040462
0 0 0.795862 0.096923 0.088954 0.007656 0.010605
0 0 0.987669 0.006301 0.004021 0.000724 0.001286
0 0 0.997761 0.001278 0.000445 0.000003 0.000514
0 0 0.990134 0.002342 0.000424 0.000000 0.007100
1 0 0.190145 0.536259 0.126183 0.000123 0.147289
4 0 0.356375 0.057195 0.012750 0.000105 0.573574
0 0 0.993410 0.003459 0.001791 0.000097 0.001243
0 0 0.768076 0.157433 0.050612 0.002366 0.021512
4 0 0.029007 0.208034 0.101931 0.001249 0.659779
4 0 0.079450 0.160453 0.043027 0.000120 0.716950
2 0 0.009946 0.301204 0.419398 0.000049 0.269402
4 0 0.013719 0.211813 0.147676 0.000012 0.626779
1 0 0.027637 0.352682 0.286112 0.000403 0.333167
1 0 0.039002 0.426213 0.217907 0.000015 0.316863
4 0 0.011287 0.159951 0.102124 0.000000 0.726637
4 0 0.010581 0.171768 0.123320 0.000004 0.694327
4 0 0.020889 0.300361 0.188843 0.000007 0.489900
4 0 0.018206 0.079453 0.027761 0.000002 0.874579
4 0 0.045099 0.162525 0.050427 0.000041 0.741908
4 0 0.034318 0.101680 0.028668 0.000011 0.835324
4 0 0.051801 0.365523 0.157202 0.000194 0.425279
4 0 0.037739 0.094549 0.024363 0.000013 0.843337
4 0 0.014306 0.098095 0.046054 0.000013 0.841532
4 0 0.028316 0.143300 0.056959 0.000165 0.771260
4 0 0.209428 0.005819 0.001348 0.000006 0.783399
0 0 0.694490 0.036391 0.012571 0.000415 0.256133
0 0 0.586461 0.028129 0.008838 0.000184 0.376388
4 0 0.062323 0.037420 0.009753 0.000008 0.890496
4 0 0.117974 0.089882 0.032478 0.000004 0.759662
1 0 0.150544 0.353523 0.150257 0.004189 0.341487
4 0 0.059042 0.040630 0.008840 0.000005 0.891484
4 0 0.085060 0.032016 0.006593 0.000043 0.876288
4 0 0.010869 0.026209 0.007355 0.000007 0.955561
2 0 0.008788 0.103075 0.864368 0.003100 0.020670
4 0 0.044423 0.186376 0.061222 0.000017 0.707961
1 1 0.024591 0.368860 0.243625 0.000118 0.362807
0 0 0.386736 0.214842 0.362014 0.004952 0.031455
2 1 0.022241 0.315107 0.651640 0.000508 0.010503
4 1 0.027186 0.294003 0.158869 0.000012 0.519929
4 1 0.020277 0.270603 0.177615 0.000189 0.531316
4 1 0.076715 0.170956 0.073438 0.000385 0.678506
4 1 0.027448 0.266881 0.145586 0.000187 0.559898
2 1 0.002997 0.201180 0.470723 0.000124 0.324976
2 1 0.007299 0.264682 0.370052 0.000194 0.357772
1 1 0.116557 0.368259 0.181638 0.000095 0.333451
4 1 0.053484 0.378014 0.160701 0.000143 0.407658
2 1 0.003788 0.254667 0.518137 0.000286 0.223123
4 1 0.007891 0.183787 0.261061 0.001199 0.546062
2 2 0.001922 0.164187 0.727810 0.011833 0.094247
2 2 0.000846 0.110314 0.772420 0.000310 0.116110
2 2 0.008719 0.325316 0.470567 0.000316 0.195082
2 2 0.000432 0.077007 0.805827 0.001497 0.115237
2 2 0.000294 0.074936 0.832843 0.000087 0.091841
2 2 0.002320 0.199277 0.689120 0.000914 0.108369
2 2 0.000602 0.118457 0.813964 0.000188 0.066789
2 2 0.000140 0.049326 0.921252 0.000415 0.028868
2 2 0.000997 0.072706 0.630304 0.003402 0.292591
2 2 0.000832 0.122719 0.828719 0.012714 0.035016
2 2 0.000180 0.055128 0.890134 0.000057 0.054501
2 2 0.000018 0.017260 0.972041 0.004774 0.005907
2 2 0.000015 0.012693 0.968642 0.007856 0.010794
2 2 0.000017 0.016039 0.976379 0.001378 0.006185
2 2 0.000054 0.024355 0.941435 0.003538 0.030617
2 2 0.000029 0.024447 0.965811 0.001106 0.008607
2 2 0.000055 0.034586 0.940340 0.004655 0.020364
2 2 0.000027 0.020221 0.954666 0.012340 0.012745
2 2 0.000015 0.009300 0.978616 0.007881 0.004188
2 2 0.000693 0.045660 0.927808 0.011008 0.014832
2 2 0.000105 0.039229 0.936358 0.007772 0.016536
2 2 0.000335 0.073943 0.897937 0.001542 0.026244
2 2 0.000021 0.011056 0.966087 0.020109 0.002727
2 2 0.001788 0.134467 0.746583 0.055784 0.061379
2 3 0.002341 0.181783 0.782799 0.010849 0.022229
2 3 0.000116 0.029194 0.792126 0.168086 0.010478
2 3 0.003689 0.164872 0.599410 0.064913 0.167117
2 3 0.000522 0.043620 0.768297 0.178187 0.009374
3 3 0.017403 0.071525 0.261256 0.556868 0.092948
2 3 0.000042 0.016416 0.835674 0.138136 0.009733
2 3 0.000697 0.023477 0.534450 0.435595 0.005780
1 3 0.039982 0.368002 0.293317 0.010430 0.288269
3 3 0.000664 0.018261 0.345090 0.628879 0.007106
2 3 0.018157 0.240662 0.671030 0.043590 0.026560
2 3 0.000275 0.042956 0.860280 0.086658 0.009832
3 3 0.002566 0.032198 0.206652 0.742199 0.016385
2 3 0.238442 0.304903 0.368568 0.047415 0.040673
3 3 0.011538 0.053281 0.232916 0.680073 0.022192
2 3 0.023428 0.147993 0.783463 0.040719 0.004398
3 3 0.007441 0.059726 0.337725 0.573351 0.021757
3 3 0.000606 0.009788 0.210549 0.772565 0.006491
3 3 0.001752 0.023784 0.228548 0.736322 0.009594
2 3 0.083714 0.263348 0.498270 0.082968 0.071701
2 3 0.016228 0.114680 0.534894 0.308627 0.025571
3 3 0.083101 0.132784 0.232315 0.503125 0.048676
3 3 0.052263 0.055215 0.198900 0.677395 0.016227
3 3 0.144625 0.120608 0.317596 0.371168 0.046003
3 3 0.000117 0.000056 0.004010 0.995776 0.000042
3 3 0.018265 0.086140 0.391290 0.487666 0.016639
3 3 0.002601 0.010947 0.137474 0.842675 0.006304
3 1 0.007126 0.010264 0.162860 0.816773 0.002975
2 1 0.097514 0.266010 0.329107 0.193830 0.113539
1 2 0.144075 0.412444 0.303349 0.065975 0.074158
4 2 0.016854 0.274407 0.302468 0.000975 0.405296
2 1 0.000313 0.051253 0.814736 0.119189 0.014510
1 2 0.176219 0.435750 0.363205 0.003626 0.021200
2 2 0.001641 0.148824 0.759160 0.000203 0.090173
2 2 0.000821 0.123157 0.868769 0.001752 0.005501
2 2 0.000359 0.073100 0.903289 0.006173 0.017079
2 2 0.002445 0.099014 0.782321 0.010836 0.105384
2 2 0.000274 0.070065 0.901364 0.002084 0.026213
2 1 0.000028 0.017997 0.973582 0.006450 0.001942
2 1 0.014408 0.345003 0.580480 0.006633 0.053477
1 1 0.066907 0.446817 0.295697 0.012891 0.177689
2 2 0.003330 0.197832 0.626511 0.001332 0.170995
2 2 0.000633 0.072498 0.760241 0.132556 0.034072
2 2 0.008560 0.323027 0.509332 0.004950 0.154130
2 2 0.000169 0.050078 0.920146 0.003960 0.025647
2 2 0.002231 0.191641 0.755283 0.002026 0.048819
2 2 0.000787 0.039369 0.858977 0.041032 0.059836
2 2 0.000458 0.086747 0.890203 0.009535 0.013057
2 2 0.000274 0.063518 0.921938 0.003853 0.010417
2 2 0.006291 0.322150 0.609042 0.000347 0.062170
2 2 0.000180 0.055792 0.927953 0.003359 0.012716
1 1 0.128172 0.444958 0.160229 0.000258 0.266384
1 2 0.342530 0.363364 0.159062 0.062540 0.072503
2 2 0.004439 0.225201 0.709448 0.025102 0.035810
2 2 0.004959 0.267155 0.649720 0.000369 0.077797
2 2 0.000033 0.017567 0.873533 0.100709 0.008159
2 2 0.001569 0.127897 0.767644 0.007320 0.095569
2 2 0.009366 0.299100 0.477231 0.000177 0.214125
2 2 0.000023 0.011620 0.971960 0.007529 0.008868
2 2 0.000627 0.103082 0.876571 0.003574 0.016147
2 2 0.015264 0.421018 0.531266 0.002809 0.029642
2 2 0.008200 0.307654 0.458478 0.000271 0.225397
2 2 0.000285 0.058388 0.895103 0.013271 0.032953
2 2 0.006969 0.194150 0.758293 0.005078 0.035510
2 2 0.000503 0.096872 0.866203 0.005223 0.031199
2 2 0.012569 0.343238 0.444078 0.000166 0.199950
2 2 0.001921 0.143373 0.727039 0.005453 0.122213
2 2 0.000093 0.034556 0.929783 0.000680 0.034889
2 2 0.000704 0.118841 0.874647 0.000071 0.005737
1 2 0.018305 0.392851 0.355071 0.000513 0.233260
2 2 0.004674 0.192064 0.628722 0.003854 0.170686
2 2 0.000918 0.094889 0.747108 0.115585 0.041500
2 2 0.000022 0.020639 0.976439 0.001845 0.001055
2 2 0.004281 0.277500 0.655030 0.001526 0.061664
2 2 0.000101 0.022404 0.965794 0.004522 0.007179
2 2 0.004663 0.238366 0.663554 0.003203 0.090214
2 2 0.000317 0.081637 0.901225 0.006143 0.010678
2 2 0.000059 0.036916 0.952367 0.001618 0.009041
2 2 0.000037 0.027035 0.966738 0.000081 0.006108
4 1 0.042224 0.331516 0.149731 0.000046 0.476483
4 1 0.033466 0.145661 0.051918 0.000075 0.768879
2 2 0.002866 0.237989 0.689514 0.001402 0.068229
2 2 0.001413 0.158731 0.780318 0.016142 0.043397
2 2 0.000845 0.102827 0.836399 0.024113 0.035816
2 2 0.000405 0.026840 0.956721 0.015281 0.000753
2 2 0.001212 0.146983 0.819706 0.006037 0.026062
2 2 0.003964 0.257596 0.666719 0.001310 0.070411
2 2 0.000726 0.101413 0.832242 0.003544 0.062076
4 2 0.075525 0.301449 0.186989 0.000484 0.435552
2 4 0.005195 0.204095 0.518338 0.018779 0.253593
4 4 0.012778 0.262499 0.258277 0.000133 0.466313
4 4 0.012738 0.137819 0.174563 0.007810 0.667070
4 4 0.116118 0.044516 0.027395 0.000894 0.811077
4 4 0.088170 0.107215 0.297610 0.010882 0.496123
4 4 0.093488 0.108950 0.042029 0.000067 0.755465
4 0 0.024301 0.256210 0.144232 0.000067 0.575190
0 1 0.491922 0.242039 0.171860 0.059852 0.034327
