4 0 0.004844 0.000028 0.000007 0.000000 0.995121
4 0 0.096526 0.191661 0.110117 0.031931 0.569766
0 0 0.887552 0.004174 0.001650 0.000005 0.106620
1 0 0.322135 0.357757 0.086861 0.000010 0.233237
1 1 0.048466 0.490164 0.156422 0.000203 0.304745
4 1 0.081019 0.406160 0.071391 0.000000 0.441430
1 1 0.067833 0.445767 0.124537 0.000031 0.361832
0 0 0.737022 0.177342 0.054791 0.000972 0.029872
0 0 0.519610 0.338974 0.107777 0.003234 0.030405
0 0 0.895489 0.054667 0.022443 0.005216 0.022185
0 0 0.786979 0.051164 0.020658 0.000388 0.140810
4 0 0.213335 0.099434 0.037370 0.000058 0.649802
4 0 0.112690 0.332078 0.082855 0.000004 0.472373
4 0 0.214090 0.304586 0.062536 0.000000 0.418788
4 0 0.193901 0.335388 0.094752 0.000028 0.375932
1 1 0.061647 0.656784 0.128456 0.000002 0.153111
4 1 0.034203 0.372234 0.105908 0.000017 0.487638
1 1 0.119202 0.550836 0.149534 0.000079 0.180349
1 1 0.107419 0.642275 0.100988 0.000000 0.149318
1 1 0.046347 0.501525 0.083688 0.000000 0.368440
1 1 0.092745 0.482711 0.070959 0.000000 0.353585
4 1 0.026957 0.329552 0.092679 0.000010 0.550801
4 1 0.039847 0.208152 0.047121 0.000000 0.704879
1 1 0.056709 0.651747 0.158375 0.000032 0.133137
1 1 0.087609 0.539442 0.246684 0.000643 0.125622
1 1 0.042465 0.659615 0.203596 0.000782 0.093541
1 4 0.200849 0.540113 0.139571 0.000076 0.119390
0 4 0.803080 0.087231 0.017076 0.000000 0.092614
1 4 0.087217 0.484653 0.128342 0.000025 0.299763
1 4 0.143407 0.582491 0.122185 0.000005 0.151912
4 4 0.216104 0.213790 0.063099 0.000016 0.506992
1 4 0.132384 0.534062 0.167088 0.000469 0.165997
1 4 0.245782 0.389302 0.102040 0.000023 0.262853
1 4 0.007464 0.442318 0.361152 0.000686 0.188380
1 4 0.049199 0.541601 0.301946 0.006172 0.101081
2 4 0.004842 0.152686 0.815795 0.011294 0.015383
1 4 0.104646 0.505504 0.174322 0.000983 0.214546
2 4 0.004516 0.382210 0.572170 0.000932 0.040171
2 2 0.002141 0.032858 0.763593 0.199106 0.002303
2 2 0.082890 0.310112 0.568938 0.005857 0.032203
2 2 0.058277 0.363299 0.491069 0.006838 0.080516
1 2 0.051937 0.534885 0.340675 0.002324 0.070179
1 2 0.202463 0.362964 0.132466 0.000954 0.301153
0 4 0.616275 0.210712 0.073398 0.001180 0.098435
2 4 0.004116 0.119214 0.780444 0.071690 0.024535
2 4 0.005997 0.103853 0.879178 0.008606 0.002366
2 2 0.012973 0.194631 0.723526 0.057928 0.010942
2 2 0.038696 0.107682 0.536022 0.298305 0.019295
2 2 0.018368 0.131706 0.493514 0.021062 0.335350
2 2 0.004807 0.078128 0.853769 0.055979 0.007317
2 2 0.001246 0.017373 0.860963 0.119908 0.000510
2 2 0.007681 0.088657 0.789428 0.104754 0.009480
2 2 0.000148 0.005620 0.505050 0.488758 0.000423
2 2 0.000611 0.008726 0.516441 0.473435 0.000786
2 2 0.001525 0.038172 0.897602 0.059028 0.003673
2 2 0.005979 0.046503 0.863537 0.082477 0.001505
2 2 0.004019 0.057033 0.893275 0.042269 0.003404
2 2 0.008196 0.195698 0.751261 0.022935 0.021911
2 2 0.000363 0.021128 0.742518 0.235458 0.000533
2 2 0.001364 0.024220 0.801430 0.166948 0.006039
3 2 0.018175 0.093195 0.373400 0.508552 0.006678
2 2 0.001053 0.047388 0.948719 0.002323 0.000517
2 2 0.001363 0.038316 0.886581 0.073055 0.000686
3 2 0.003813 0.028065 0.374515 0.588215 0.005391
2 2 0.000147 0.008655 0.980884 0.010018 0.000296
2 2 0.000555 0.004956 0.785962 0.208293 0.000234
2 2 0.008083 0.029855 0.605098 0.355348 0.001616
2 2 0.002711 0.114142 0.824726 0.051529 0.006892
3 2 0.000138 0.002519 0.256411 0.740824 0.000108
2 2 0.015134 0.061419 0.664440 0.257019 0.001988
2 2 0.001026 0.029736 0.535899 0.427237 0.006103
3 2 0.000000 0.000090 0.230970 0.768939 0.000001
3 2 0.000269 0.004370 0.165970 0.829200 0.000191
3 2 0.000031 0.000704 0.301443 0.697816 0.000007
3 2 0.002110 0.011103 0.100809 0.881732 0.004245
2 2 0.007721 0.119222 0.626960 0.225770 0.020328
3 2 0.004651 0.012691 0.074308 0.906170 0.002179
3 2 0.000018 0.000499 0.254897 0.744571 0.000015
2 2 0.020868 0.031602 0.759431 0.187282 0.000817
3 2 0.000121 0.002004 0.105277 0.892496 0.000103
3 2 0.000023 0.000408 0.095636 0.903917 0.000016
3 2 0.000369 0.009045 0.416623 0.573135 0.000828
3 2 0.000530 0.002280 0.120056 0.877070 0.000065
3 2 0.004114 0.025265 0.408815 0.555649 0.006157
0 2 0.754328 0.153939 0.061967 0.011793 0.017973
2 2 0.024373 0.105756 0.718675 0.121407 0.029789
2 2 0.008909 0.069126 0.768568 0.150350 0.003048
3 2 0.000069 0.000914 0.056563 0.942408 0.000047
2 2 0.000998 0.054736 0.855083 0.087615 0.001567
2 2 0.005056 0.077847 0.739454 0.167500 0.010143
2 2 0.000477 0.022870 0.726331 0.249208 0.001113
3 2 0.000413 0.007384 0.429812 0.561932 0.000459
2 2 0.003624 0.126607 0.776763 0.072576 0.020429
2 2 0.000051 0.005713 0.642723 0.351375 0.000139
2 2 0.001911 0.048074 0.872085 0.074992 0.002937
2 2 0.002860 0.043180 0.753369 0.197943 0.002648
2 2 0.002667 0.053226 0.636175 0.304891 0.003041
2 2 0.003872 0.021756 0.552337 0.420980 0.001055
2 2 0.001093 0.021432 0.644358 0.332138 0.000979
3 2 0.003620 0.034294 0.401468 0.553778 0.006840
2 2 0.002949 0.036361 0.561065 0.397821 0.001804
3 2 0.000049 0.001132 0.137225 0.861537 0.000058
2 2 0.005798 0.069375 0.744614 0.173322 0.006890
3 2 0.003320 0.034021 0.333528 0.613071 0.016061
2 2 0.003254 0.033452 0.733617 0.227052 0.002624
2 2 0.035021 0.245707 0.557800 0.148011 0.013461
3 2 0.001367 0.022179 0.394053 0.575809 0.006592
2 2 0.010865 0.281790 0.670361 0.018894 0.018091
2 2 0.031026 0.259943 0.562197 0.127062 0.019772
2 2 0.002428 0.028600 0.838851 0.127866 0.002255
2 2 0.020421 0.221991 0.740898 0.004904 0.011786
2 2 0.010711 0.092886 0.870891 0.018992 0.006520
2 2 0.006401 0.058725 0.759118 0.172511 0.003244
2 2 0.003043 0.076314 0.860112 0.033169 0.027361
2 2 0.009166 0.120204 0.604489 0.251191 0.014950
3 2 0.025745 0.120438 0.396071 0.452713 0.005033
2 2 0.002560 0.028849 0.717700 0.250058 0.000833
2 2 0.018840 0.247943 0.636159 0.078353 0.018705
3 2 0.003215 0.025982 0.419638 0.550433 0.000732
3 2 0.000310 0.007403 0.461126 0.530954 0.000206
2 2 0.001678 0.091381 0.863238 0.040960 0.002743
2 2 0.013878 0.182923 0.665998 0.127734 0.009467
2 2 0.001934 0.039802 0.555352 0.400363 0.002548
2 2 0.008119 0.101600 0.548913 0.321349 0.020019
2 2 0.016698 0.210383 0.741113 0.019529 0.012277
2 2 0.057910 0.300119 0.588597 0.030408 0.022966
2 2 0.007970 0.073251 0.702931 0.210771 0.005077
2 2 0.012397 0.130609 0.773826 0.061931 0.021236
2 2 0.114282 0.415790 0.427108 0.000234 0.042586
2 2 0.010642 0.337724 0.639621 0.004948 0.007066
1 2 0.225047 0.526272 0.210500 0.006894 0.031287
0 2 0.568223 0.206913 0.094960 0.032978 0.096926
0 0 0.859702 0.062381 0.025214 0.001841 0.050862
4 0 0.120370 0.323936 0.138856 0.003281 0.413557
0 0 0.866650 0.095858 0.027302 0.000416 0.009774
0 0 0.782352 0.146300 0.044680 0.000593 0.026075
0 0 0.452143 0.387888 0.107837 0.000361 0.051771
1 0 0.263285 0.556744 0.140700 0.000241 0.039030
0 0 0.771100 0.154159 0.046948 0.000594 0.027200
1 0 0.148894 0.423525 0.400495 0.009050 0.018036
2 0 0.144998 0.386161 0.416208 0.022413 0.030220
0 0 0.705945 0.212730 0.059487 0.000484 0.021354
0 0 0.718358 0.201420 0.056712 0.000434 0.023076
0 0 0.769242 0.119899 0.038771 0.000252 0.071837
0 0 0.642679 0.271392 0.063525 0.000073 0.022330
0 0 0.909045 0.051707 0.012556 0.000005 0.026686
0 0 0.872985 0.067404 0.025274 0.001460 0.032876
0 0 0.619013 0.280376 0.082893 0.002366 0.015351
0 0 0.586080 0.237744 0.085327 0.002056 0.088793
0 0 0.949677 0.014417 0.006320 0.000776 0.028809
0 0 0.861337 0.070387 0.021596 0.000088 0.046591
0 0 0.723517 0.102033 0.090956 0.011670 0.071824
1 0 0.172505 0.369639 0.367516 0.006485 0.083854
0 0 0.807642 0.069925 0.022677 0.000067 0.099690
0 0 0.607611 0.134442 0.218996 0.007644 0.031307
0 0 0.747260 0.148331 0.045673 0.000246 0.058489
0 0 0.686482 0.200337 0.068988 0.002499 0.041694
0 0 0.702956 0.114475 0.043985 0.000866 0.137719
0 0 0.497590 0.311120 0.115360 0.006489 0.069441
1 0 0.179160 0.497932 0.178140 0.002756 0.142012
1 0 0.274537 0.518950 0.136819 0.000176 0.069518
0 1 0.794097 0.104621 0.036173 0.000523 0.064586
1 0 0.308983 0.352193 0.282938 0.005726 0.050160
0 0 0.351143 0.260043 0.261949 0.015274 0.111591
1 0 0.245943 0.476035 0.196810 0.003099 0.078113
1 0 0.274762 0.494645 0.152849 0.001065 0.076679
0 0 0.527535 0.354822 0.092747 0.000394 0.024502
0 0 0.606413 0.300799 0.075584 0.000302 0.016901
0 0 0.758302 0.110792 0.045368 0.003819 0.081718
0 0 0.814345 0.063753 0.028904 0.003986 0.089012
0 0 0.663385 0.100807 0.034617 0.000115 0.201076
0 0 0.891240 0.061830 0.019846 0.000228 0.026856
0 1 0.865195 0.045149 0.016769 0.000250 0.072638
0 1 0.978198 0.013143 0.004514 0.000400 0.003745
0 0 0.894889 0.077626 0.020719 0.000210 0.006556
0 0 0.703223 0.169684 0.049804 0.000123 0.077167
0 0 0.557480 0.249345 0.080151 0.000455 0.112569
0 0 0.878816 0.063495 0.028932 0.002119 0.026637
0 0 0.738826 0.181401 0.056346 0.001410 0.022017
0 0 0.542206 0.349777 0.073146 0.000015 0.034856
0 0 0.522368 0.386787 0.073857 0.000014 0.016975
1 0 0.361271 0.433983 0.109440 0.000057 0.095249
1 4 0.216095 0.496101 0.093543 0.000001 0.194260
1 4 0.084390 0.506636 0.097631 0.000001 0.311342
1 4 0.217102 0.372142 0.063741 0.000000 0.347015
1 4 0.092862 0.698055 0.121770 0.000001 0.087311
4 4 0.136977 0.369113 0.056467 0.000000 0.437443
4 4 0.033370 0.387643 0.123176 0.000000 0.455811
4 4 0.169142 0.359712 0.076826 0.000001 0.394320
4 4 0.105932 0.309672 0.049311 0.000000 0.535085
1 4 0.056814 0.453808 0.137688 0.000086 0.351604
4 4 0.053827 0.295642 0.073283 0.000002 0.577246
1 4 0.067885 0.537905 0.150426 0.000068 0.243716
4 4 0.057502 0.371517 0.087233 0.000000 0.483749
4 4 0.115565 0.358312 0.098364 0.000017 0.427743
4 4 0.088024 0.099862 0.037266 0.000025 0.774822
1 4 0.090130 0.500914 0.110858 0.000003 0.298095
4 4 0.209210 0.054689 0.022488 0.000054 0.713557
4 4 0.024845 0.071384 0.032983 0.000153 0.870636
4 4 0.225396 0.028115 0.012526 0.000041 0.733922
4 4 0.075837 0.050488 0.021076 0.000034 0.852566
4 4 0.397755 0.023895 0.011088 0.000098 0.567164
4 4 0.117489 0.087593 0.025222 0.000001 0.769695
4 4 0.109474 0.269927 0.093342 0.000128 0.527129
0 4 0.409402 0.166299 0.054213 0.000056 0.370030
4 4 0.325628 0.115336 0.034920 0.000008 0.524109
0 4 0.710173 0.060053 0.026711 0.001029 0.202034
4 4 0.252054 0.176546 0.052581 0.000013 0.518806
4 4 0.102006 0.064192 0.024010 0.000016 0.809777
4 4 0.054585 0.245211 0.038095 0.000000 0.662109
1 4 0.123848 0.442243 0.070714 0.000000 0.363195
0 4 0.427765 0.355381 0.066358 0.000001 0.150495
0 4 0.655510 0.162336 0.055977 0.000443 0.125734
0 4 0.656782 0.273341 0.052520 0.000009 0.017349
1 4 0.074468 0.644598 0.152706 0.000026 0.128203
1 4 0.217241 0.600137 0.118963 0.000007 0.063651
0 4 0.776732 0.118213 0.038126 0.000235 0.066694
0 0 0.702887 0.218239 0.062387 0.001015 0.015472
1 0 0.392610 0.438594 0.131288 0.001750 0.035757
0 0 0.583877 0.285405 0.091222 0.002013 0.037482
0 0 0.795683 0.152606 0.037299 0.000084 0.014328
1 0 0.265828 0.545968 0.156731 0.001656 0.029817
0 0 0.904429 0.016418 0.007787 0.000775 0.070590
0 0 0.824509 0.029712 0.014901 0.002332 0.128547
0 0 0.916817 0.047915 0.013812 0.000050 0.021406
4 0 0.188357 0.134088 0.042528 0.000012 0.635015
0 0 0.823542 0.086929 0.034327 0.002430 0.052772
4 0 0.315556 0.232915 0.095620 0.001708 0.354201
0 0 0.889481 0.070565 0.019724 0.000074 0.020156
0 0 0.403718 0.385882 0.101807 0.000072 0.108522
0 0 0.592950 0.258268 0.088386 0.000388 0.060008
0 0 0.885122 0.077375 0.021160 0.000087 0.016255
0 0 0.680467 0.188377 0.062354 0.000714 0.068088
0 0 0.340758 0.296243 0.151089 0.020965 0.190945
0 0 0.544586 0.316571 0.094142 0.000776 0.043925
0 0 0.879001 0.084735 0.024447 0.000317 0.011501
0 0 0.800412 0.155758 0.037071 0.000171 0.006588
0 0 0.813859 0.132320 0.038028 0.000464 0.015329
0 0 0.595033 0.250258 0.095761 0.011343 0.047606
0 0 0.909609 0.064667 0.016947 0.000083 0.008694
1 0 0.340325 0.474608 0.148936 0.003968 0.032163
1 0 0.071191 0.524087 0.377940 0.000379 0.026403
1 0 0.080742 0.526148 0.349841 0.000997 0.042272
1 1 0.116284 0.617665 0.221027 0.000444 0.044580
2 4 0.019460 0.359478 0.592979 0.015201 0.012882
1 4 0.238822 0.531427 0.175170 0.004399 0.050181
1 4 0.098521 0.434948 0.371488 0.064978 0.030065
1 4 0.062621 0.562479 0.340971 0.002697 0.031231
2 4 0.020568 0.409381 0.549455 0.002337 0.018259
2 2 0.032846 0.467814 0.468306 0.009664 0.021371
2 2 0.045266 0.395628 0.489812 0.041314 0.027979
1 2 0.407321 0.468430 0.105883 0.000138 0.018227
0 2 0.914324 0.065312 0.015223 0.000038 0.005104
0 2 0.456823 0.422178 0.101227 0.000230 0.019541
1 2 0.054423 0.633232 0.272911 0.002358 0.037077
1 2 0.110380 0.488259 0.203356 0.000156 0.197849
1 2 0.044884 0.573896 0.185542 0.000015 0.195664
1 2 0.047914 0.636138 0.242236 0.001249 0.072464
2 2 0.322279 0.229001 0.380167 0.027625 0.040928
1 2 0.158186 0.562382 0.162835 0.000310 0.116288
0 2 0.719274 0.132969 0.053859 0.003594 0.090304
0 2 0.817641 0.136889 0.036132 0.000334 0.009004
0 2 0.643858 0.241203 0.082679 0.005843 0.026417
1 2 0.220723 0.503301 0.131255 0.000062 0.144659
0 2 0.765827 0.178351 0.047004 0.000586 0.008231
0 0 0.850546 0.100963 0.030997 0.000577 0.016917
0 0 0.730663 0.184372 0.054077 0.000440 0.030448
1 0 0.053942 0.687241 0.202418 0.000891 0.055508
1 1 0.044067 0.509408 0.409046 0.001089 0.036390
2 1 0.011526 0.311491 0.645603 0.013091 0.018289
1 2 0.068677 0.468120 0.346431 0.028053 0.088719
1 2 0.107732 0.487739 0.318811 0.000889 0.084829
0 2 0.944156 0.043374 0.009592 0.000020 0.002859
0 2 0.575864 0.312289 0.081470 0.000241 0.030136
1 2 0.022405 0.529515 0.427395 0.002177 0.018508
1 2 0.060078 0.551352 0.362034 0.000384 0.026153
1 2 0.157737 0.478294 0.299848 0.009726 0.054396
2 2 0.012973 0.242758 0.668304 0.035075 0.040890
1 2 0.161802 0.439721 0.244541 0.043413 0.110522
2 2 0.005429 0.168112 0.765413 0.046391 0.014655
2 2 0.025689 0.357798 0.603969 0.000677 0.011867
1 2 0.081022 0.557907 0.317825 0.001022 0.042223
2 2 0.002349 0.028728 0.928069 0.039551 0.001303
2 2 0.000661 0.012236 0.854909 0.131825 0.000370
2 2 0.004405 0.154403 0.792287 0.040346 0.008559
2 2 0.001767 0.031097 0.925021 0.040791 0.001323
2 2 0.013245 0.215921 0.712586 0.041991 0.016257
2 2 0.002787 0.096040 0.832619 0.065708 0.002845
2 2 0.000642 0.029052 0.712866 0.256033 0.001406
3 2 0.000399 0.007226 0.420505 0.571586 0.000283
2 2 0.000401 0.031360 0.965020 0.002256 0.000963
2 2 0.002712 0.077272 0.754033 0.161334 0.004650
2 2 0.132236 0.236630 0.458687 0.105050 0.067397
2 2 0.001188 0.033080 0.897574 0.063436 0.004722
2 2 0.001768 0.030047 0.893183 0.073471 0.001531
2 2 0.007889 0.129813 0.772083 0.082205 0.008010
2 2 0.003021 0.122754 0.798502 0.058961 0.016762
2 2 0.000638 0.075565 0.907710 0.013879 0.002209
2 2 0.002802 0.034700 0.938858 0.022547 0.001093
2 2 0.006615 0.237963 0.725150 0.015756 0.014516
2 2 0.006979 0.082120 0.904003 0.004865 0.002033
2 2 0.024820 0.261188 0.577593 0.017357 0.119042
2 2 0.002817 0.108317 0.866480 0.018454 0.003930
2 2 0.000870 0.094996 0.875778 0.004255 0.024100
2 2 0.012611 0.319876 0.622721 0.014878 0.029914
2 2 0.000957 0.026987 0.925497 0.045774 0.000784
2 2 0.011374 0.103335 0.752918 0.125315 0.007059
3 2 0.002912 0.040402 0.423851 0.527186 0.005649
2 2 0.020652 0.163852 0.659402 0.099954 0.056140
2 2 0.000371 0.065426 0.926036 0.006991 0.001175
2 2 0.000516 0.012644 0.577279 0.408473 0.001088
3 2 0.000414 0.011879 0.355252 0.630186 0.002269
2 2 0.023267 0.211922 0.639667 0.084238 0.040907
1 2 0.374241 0.455529 0.138305 0.002879 0.029046
2 2 0.000021 0.004156 0.774168 0.221622 0.000033
2 2 0.000772 0.027214 0.844135 0.125385 0.002494
2 2 0.074871 0.056272 0.649728 0.214802 0.004327
2 4 0.013305 0.189952 0.701375 0.066223 0.029145
3 4 0.001051 0.020045 0.391240 0.586124 0.001540
2 4 0.026932 0.074877 0.807525 0.085164 0.005503
2 4 0.000435 0.024557 0.738024 0.235755 0.001230
2 4 0.000192 0.007545 0.933750 0.058309 0.000204
2 4 0.000015 0.002781 0.992145 0.005042 0.000017
2 2 0.021183 0.087625 0.800973 0.088008 0.002212
2 2 0.109441 0.291216 0.566530 0.013303 0.019510
2 2 0.000258 0.024596 0.899332 0.075366 0.000448
2 2 0.000231 0.018591 0.821280 0.159685 0.000212
3 2 0.000769 0.017461 0.436780 0.543924 0.001065
2 2 0.000454 0.017088 0.553488 0.428174 0.000796
3 2 0.004571 0.018846 0.150718 0.823959 0.001907
0 2 0.631185 0.246885 0.086964 0.022464 0.012502
1 2 0.148486 0.548681 0.212401 0.018043 0.072389
1 2 0.162160 0.382821 0.378018 0.046221 0.030780
1 2 0.097531 0.428345 0.416040 0.031849 0.026235
1 2 0.169953 0.450172 0.314060 0.005950 0.059865
0 0 0.569064 0.333287 0.081276 0.000259 0.016114
0 0 0.860745 0.117128 0.019605 0.000004 0.002519
0 0 0.636942 0.278412 0.067067 0.000151 0.017429
1 1 0.089877 0.430924 0.378243 0.016442 0.084514
2 1 0.012623 0.187659 0.605568 0.131122 0.063029
2 2 0.005520 0.135686 0.770197 0.083102 0.005495
2 2 0.009753 0.101743 0.862633 0.022154 0.003717
2 2 0.000531 0.015964 0.816600 0.165838 0.001068
2 2 0.003049 0.070301 0.888630 0.026741 0.011278
2 2 0.002512 0.054821 0.927715 0.014030 0.000922
2 2 0.000822 0.040262 0.922026 0.035309 0.001581
2 2 0.007917 0.320569 0.637359 0.002609 0.031547
3 2 0.000018 0.001434 0.409181 0.589321 0.000046
2 2 0.009244 0.054339 0.891292 0.039149 0.005975
1 2 0.098658 0.444722 0.381299 0.004845 0.070477
1 2 0.077965 0.516617 0.366704 0.000470 0.038244
2 2 0.011913 0.137321 0.628406 0.216128 0.006232
2 2 0.000177 0.006469 0.987491 0.005829 0.000033
3 2 0.001633 0.018456 0.265333 0.712859 0.001720
2 2 0.000118 0.009671 0.941921 0.048086 0.000204
2 2 0.001351 0.054597 0.930293 0.011954 0.001806
2 2 0.000659 0.002752 0.738213 0.258307 0.000068
2 2 0.139743 0.104125 0.732291 0.019093 0.004748
0 2 0.637099 0.287587 0.067459 0.000340 0.007515
1 2 0.234832 0.556071 0.169457 0.002611 0.037028
2 2 0.004753 0.019321 0.929138 0.046023 0.000766
2 2 0.006325 0.127539 0.755060 0.108189 0.002888
2 2 0.005984 0.156029 0.758862 0.067732 0.011393
2 2 0.014278 0.152599 0.776422 0.051119 0.005582
2 2 0.005675 0.047398 0.927471 0.018726 0.000730
2 2 0.017795 0.156307 0.751698 0.066065 0.008134
2 2 0.000510 0.019019 0.724388 0.255464 0.000619
2 2 0.058525 0.273933 0.593340 0.054256 0.019946
2 2 0.001148 0.037224 0.906583 0.053899 0.001145
2 2 0.002486 0.073336 0.744989 0.173218 0.005971
2 2 0.002460 0.050250 0.898483 0.046552 0.002256
2 2 0.000014 0.002434 0.515422 0.481941 0.000188
3 2 0.001267 0.019232 0.293654 0.680463 0.005384
3 2 0.000005 0.000829 0.319924 0.679202 0.000040
2 2 0.000005 0.001058 0.734378 0.264538 0.000020
2 2 0.000236 0.015066 0.905867 0.078144 0.000687
2 2 0.000126 0.002927 0.576746 0.420140 0.000061
3 2 0.000665 0.007765 0.282159 0.708008 0.001403
2 2 0.001543 0.038837 0.836687 0.119638 0.003296
2 2 0.001425 0.032160 0.758373 0.205752 0.002290
2 2 0.003667 0.117006 0.724388 0.108026 0.046914
2 2 0.010618 0.279227 0.569339 0.021615 0.119201
2 2 0.000235 0.018981 0.709338 0.266366 0.005080
3 2 0.000015 0.001427 0.300302 0.698203 0.000054
2 2 0.013555 0.108182 0.447533 0.409936 0.020793
2 2 0.000389 0.037857 0.894164 0.065948 0.001642
3 2 0.000681 0.008947 0.192301 0.796982 0.001087
0 2 0.472857 0.387194 0.116238 0.003202 0.020509
2 2 0.044245 0.401179 0.506428 0.018774 0.029375
1 2 0.066013 0.389667 0.365328 0.064452 0.114539
2 2 0.000370 0.039329 0.951084 0.008946 0.000272
2 2 0.002061 0.100863 0.879587 0.013769 0.003721
2 2 0.001871 0.027162 0.696492 0.273467 0.001008
3 2 0.000604 0.009075 0.351540 0.638501 0.000280
2 2 0.021975 0.205844 0.514063 0.185767 0.072350
2 2 0.049047 0.146690 0.560727 0.230842 0.012694
2 2 0.000329 0.081252 0.914599 0.002553 0.001267
2 2 0.001213 0.070645 0.895306 0.030425 0.002411
2 2 0.000002 0.000583 0.521728 0.477681 0.000006
3 2 0.000000 0.000009 0.043849 0.956142 0.000000
3 2 0.001413 0.026758 0.468770 0.501954 0.001104
2 2 0.000467 0.020577 0.792051 0.186183 0.000722
3 2 0.000404 0.005486 0.159154 0.834580 0.000375
3 2 0.000264 0.003806 0.223760 0.771974 0.000197
3 2 0.014468 0.023075 0.193229 0.763752 0.005475
3 2 0.012347 0.082989 0.431764 0.470202 0.002698
2 2 0.000090 0.008428 0.646537 0.344510 0.000435
2 2 0.000059 0.003956 0.605452 0.390452 0.000082
2 2 0.023458 0.343957 0.481142 0.007050 0.144393
0 2 0.484214 0.209597 0.082029 0.001546 0.222614
1 2 0.108825 0.564194 0.221507 0.010698 0.094775
2 2 0.080203 0.166647 0.718453 0.010657 0.024040
2 2 0.006013 0.084813 0.583132 0.318091 0.007951
2 2 0.000402 0.022289 0.713051 0.263109 0.001150
2 2 0.000290 0.034610 0.908818 0.054694 0.001588
2 2 0.025111 0.204800 0.756880 0.009259 0.003950
2 2 0.006724 0.177231 0.805017 0.004874 0.006154
2 2 0.017239 0.035597 0.843884 0.097697 0.005583
1 2 0.060229 0.453395 0.442126 0.003805 0.040444
2 2 0.011967 0.280046 0.664010 0.023503 0.020473
2 2 0.000435 0.026441 0.893649 0.076442 0.003034
2 2 0.000435 0.035337 0.862036 0.100329 0.001863
2 2 0.004140 0.042248 0.827345 0.124532 0.001735
2 2 0.003470 0.086440 0.881116 0.025017 0.003958
2 2 0.002152 0.036139 0.739227 0.200096 0.022385
2 2 0.000000 0.000068 0.799339 0.200590 0.000003
2 2 0.000824 0.040062 0.942656 0.014427 0.002031
2 2 0.000040 0.012569 0.926746 0.058540 0.002105
2 2 0.000119 0.013251 0.836656 0.148044 0.001929
2 2 0.000008 0.002199 0.662564 0.335164 0.000065
2 2 0.000121 0.008526 0.839292 0.151408 0.000653
2 2 0.000707 0.016473 0.649359 0.331296 0.002165
3 2 0.000239 0.001695 0.091896 0.906062 0.000107
3 2 0.000482 0.008501 0.288168 0.701215 0.001634
3 2 0.000180 0.004114 0.457293 0.537792 0.000621
3 2 0.000746 0.011757 0.421928 0.564120 0.001449
3 2 0.000000 0.000014 0.158192 0.841794 0.000000
3 2 0.000263 0.004518 0.461850 0.532684 0.000685
2 2 0.000986 0.020619 0.747478 0.229601 0.001316
3 2 0.000169 0.008328 0.482873 0.507924 0.000706
3 2 0.001077 0.011505 0.404971 0.580938 0.001509
2 3 0.000003 0.000931 0.869821 0.129116 0.000130
2 3 0.000281 0.006785 0.587194 0.404663 0.001077
3 3 0.000018 0.000445 0.057450 0.942061 0.000025
3 3 0.000010 0.000486 0.164352 0.835141 0.000011
3 3 0.000001 0.000146 0.123755 0.876094 0.000004
3 3 0.000003 0.000381 0.401742 0.597850 0.000023
3 3 0.000079 0.000725 0.092366 0.906785 0.000045
3 3 0.000623 0.008391 0.263452 0.727321 0.000212
3 3 0.000011 0.000212 0.031471 0.968295 0.000011
3 3 0.000035 0.000464 0.039382 0.960103 0.000016
3 3 0.000067 0.003591 0.325636 0.670525 0.000181
3 3 0.000214 0.000550 0.011944 0.987256 0.000037
2 3 0.001376 0.017125 0.514073 0.463041 0.004384
3 3 0.000018 0.000345 0.063120 0.936504 0.000014
3 3 0.001424 0.013031 0.472809 0.511619 0.001117
2 3 0.001798 0.042586 0.567945 0.380903 0.006769
3 3 0.000053 0.001559 0.239835 0.758442 0.000111
3 3 0.005414 0.037650 0.346636 0.604275 0.006025
3 3 0.000187 0.002238 0.083610 0.913476 0.000489
3 3 0.003093 0.011976 0.128954 0.853460 0.002517
3 3 0.000058 0.001571 0.120750 0.877464 0.000157
3 3 0.000004 0.000216 0.067257 0.932504 0.000019
3 3 0.000054 0.003322 0.314763 0.681504 0.000357
3 3 0.000761 0.019762 0.461572 0.516394 0.001511
3 3 0.006634 0.025278 0.289458 0.675600 0.003030
2 3 0.007695 0.045304 0.499227 0.437606 0.010168
3 3 0.000126 0.001115 0.068690 0.930030 0.000039
3 3 0.000003 0.000186 0.078344 0.921460 0.000007
3 3 0.007801 0.040091 0.310075 0.634949 0.007083
3 3 0.000003 0.000410 0.223661 0.775917 0.000009
3 3 0.004346 0.015237 0.132476 0.846319 0.001622
2 3 0.144362 0.125879 0.512697 0.209216 0.007845
2 3 0.181156 0.227466 0.377889 0.129612 0.083878
0 0 0.558923 0.277312 0.148264 0.008408 0.007094
2 2 0.002330 0.058340 0.734404 0.202691 0.002236
2 2 0.002385 0.107685 0.832919 0.050544 0.006468
2 2 0.003329 0.062200 0.873225 0.059742 0.001504
2 2 0.001984 0.107331 0.847654 0.036909 0.006122
3 2 0.004498 0.041595 0.353723 0.596620 0.003564
2 2 0.019438 0.434488 0.522806 0.003765 0.019503
2 2 0.025979 0.399608 0.520967 0.017134 0.036312
2 2 0.000125 0.014366 0.773376 0.210192 0.001942
2 2 0.013498 0.197719 0.767070 0.004737 0.016976
1 1 0.047361 0.552738 0.350825 0.006033 0.043044
2 4 0.082348 0.236474 0.660070 0.009752 0.011356
2 4 0.028312 0.353344 0.533262 0.037182 0.047900
4 4 0.075942 0.273723 0.215326 0.000298 0.434711
4 4 0.055476 0.266781 0.069635 0.000003 0.608105
0 4 0.530179 0.218482 0.088369 0.004112 0.158859
4 4 0.056397 0.148306 0.054154 0.000049 0.741094
0 4 0.803007 0.075039 0.027630 0.000399 0.093925
4 4 0.135431 0.172254 0.088767 0.000424 0.603124
4 4 0.099636 0.114108 0.044956 0.000092 0.741208
0 4 0.494367 0.045123 0.022071 0.000758 0.437682
4 4 0.123709 0.055269 0.020078 0.000009 0.800936
4 4 0.082026 0.288047 0.070273 0.000002 0.559652
1 4 0.035676 0.448200 0.136988 0.000075 0.379061
0 4 0.336633 0.270980 0.071593 0.000012 0.320782
4 4 0.100864 0.337532 0.079278 0.000002 0.482323
4 4 0.090072 0.182885 0.062314 0.000040 0.664689
4 4 0.226891 0.156395 0.084914 0.000136 0.531664
4 4 0.083428 0.030250 0.014863 0.000106 0.871354
4 4 0.085118 0.292968 0.090778 0.000037 0.531099
4 4 0.224875 0.304198 0.085849 0.000023 0.385055
4 4 0.046467 0.094983 0.028974 0.000002 0.829574
4 4 0.045488 0.109574 0.030692 0.000001 0.814245
4 4 0.027620 0.256729 0.096220 0.000179 0.619252
1 4 0.157267 0.595351 0.178521 0.000927 0.067934
0 4 0.846031 0.082488 0.024034 0.000059 0.047388
1 4 0.202719 0.388998 0.160904 0.000300 0.247079
4 4 0.082913 0.298721 0.109110 0.000287 0.508969
4 4 0.046814 0.285859 0.082582 0.000011 0.584733
4 4 0.031375 0.106229 0.035088 0.000006 0.827302
4 4 0.052943 0.097400 0.033079 0.000009 0.816569
4 4 0.021829 0.155212 0.061759 0.000113 0.761087
4 4 0.069992 0.173819 0.130766 0.000001 0.625421
4 4 0.258013 0.280447 0.071706 0.000006 0.389828
4 4 0.193965 0.272704 0.114048 0.000005 0.419277
4 4 0.112850 0.280287 0.101121 0.000132 0.505610
4 4 0.040519 0.311697 0.091164 0.000001 0.556620
4 4 0.143264 0.105740 0.058575 0.000256 0.692165
0 4 0.405218 0.400796 0.090933 0.000013 0.103040
1 4 0.262343 0.465367 0.179723 0.000025 0.092542
4 4 0.041430 0.387652 0.124245 0.000089 0.446584
4 4 0.045272 0.143604 0.044223 0.000005 0.766895
4 4 0.057549 0.390835 0.140217 0.000001 0.411397
4 4 0.048336 0.189776 0.064761 0.000034 0.697092
4 4 0.038168 0.153586 0.051520 0.000016 0.756710
4 4 0.055565 0.122850 0.042826 0.000019 0.778740
4 4 0.074246 0.364616 0.104802 0.000025 0.456311
1 4 0.063454 0.399556 0.212959 0.000002 0.324029
4 4 0.073141 0.285963 0.094024 0.000067 0.546806
4 4 0.036096 0.233086 0.067468 0.000007 0.663344
4 4 0.168981 0.221209 0.093649 0.000003 0.516158
4 4 0.018878 0.172828 0.163051 0.000015 0.645228
1 0 0.156672 0.561671 0.164530 0.000420 0.116707
0 0 0.487846 0.400541 0.077880 0.000008 0.033725
1 0 0.168974 0.644642 0.148029 0.000080 0.038274
2 0 0.018813 0.304219 0.625922 0.020625 0.030420
0 0 0.613327 0.290479 0.062264 0.000016 0.033914
1 0 0.131670 0.649025 0.167015 0.000215 0.052075
1 0 0.156652 0.576695 0.202135 0.000706 0.063812
2 0 0.013826 0.434543 0.510655 0.000324 0.040652
2 0 0.078835 0.387660 0.517619 0.002109 0.013778
0 0 0.419161 0.309224 0.093457 0.000155 0.178004
1 0 0.317592 0.464038 0.169823 0.000291 0.048256
1 0 0.095768 0.705594 0.168980 0.000176 0.029482
1 0 0.116903 0.522790 0.147838 0.000099 0.212370
1 0 0.094903 0.604899 0.189624 0.000873 0.109701
0 0 0.497839 0.360951 0.110170 0.002289 0.028751
1 0 0.138539 0.593649 0.210543 0.002626 0.054642
1 0 0.320737 0.484399 0.142418 0.000960 0.051486
1 0 0.041384 0.481532 0.440864 0.003003 0.033217
1 0 0.153497 0.500619 0.222382 0.007561 0.115942
1 0 0.041502 0.482043 0.439380 0.008135 0.028939
0 0 0.844343 0.096988 0.032113 0.000805 0.025751
0 0 0.627130 0.157618 0.072575 0.015041 0.127636
0 0 0.467060 0.361328 0.119493 0.003081 0.049039
0 0 0.783901 0.106585 0.028432 0.000014 0.081068
0 0 0.795744 0.145522 0.038355 0.000127 0.020252
1 0 0.196755 0.611133 0.141499 0.000002 0.050611
1 0 0.336220 0.555035 0.085320 0.000001 0.023424
0 0 0.721508 0.200342 0.051406 0.000111 0.026634
0 0 0.891974 0.067527 0.018765 0.000057 0.021676
1 0 0.273917 0.587333 0.071199 0.000000 0.067551
0 0 0.440255 0.395538 0.077390 0.000003 0.086814
1 0 0.211901 0.607032 0.133715 0.000037 0.047315
0 0 0.526465 0.324897 0.076563 0.000022 0.072052
0 0 0.603436 0.197586 0.105774 0.005533 0.087672
0 0 0.464048 0.284184 0.099945 0.001108 0.150715
1 0 0.306171 0.331461 0.088460 0.000022 0.273887
0 0 0.653016 0.273522 0.059751 0.000059 0.013652
1 0 0.066188 0.511768 0.151904 0.000113 0.270027
1 0 0.142186 0.629470 0.174529 0.000500 0.053314
0 0 0.465136 0.358194 0.092170 0.000063 0.084437
1 1 0.265570 0.456475 0.149549 0.000171 0.128235
1 1 0.193200 0.518909 0.170499 0.001309 0.116084
0 1 0.583790 0.320399 0.077796 0.000203 0.017812
1 1 0.022109 0.525331 0.432569 0.002013 0.017979
1 1 0.085408 0.469762 0.306468 0.032110 0.106252
1 1 0.103959 0.539827 0.163193 0.000252 0.192769
2 1 0.002233 0.246372 0.734067 0.000297 0.017031
2 1 0.011116 0.403639 0.549091 0.000694 0.035460
1 4 0.091662 0.724597 0.152825 0.000037 0.030879
1 4 0.052822 0.615530 0.169977 0.000107 0.161564
1 4 0.055008 0.637046 0.170840 0.000001 0.137105
2 4 0.007713 0.328298 0.597016 0.000062 0.066911
2 4 0.029056 0.399537 0.487425 0.000479 0.083503
2 4 0.006353 0.378428 0.575804 0.000003 0.039411
2 2 0.001053 0.218593 0.643696 0.000932 0.135726
2 2 0.000624 0.115725 0.853845 0.004713 0.025094
1 2 0.082151 0.634131 0.212208 0.003251 0.068259
2 2 0.000869 0.106652 0.870670 0.010114 0.011695
2 2 0.005033 0.379691 0.563979 0.001212 0.050086
2 2 0.000135 0.036001 0.947383 0.008880 0.007601
1 2 0.149423 0.472159 0.198321 0.000018 0.180080
2 2 0.002647 0.232893 0.703213 0.004136 0.057111
2 2 0.004428 0.201396 0.732132 0.002095 0.059949
2 2 0.001634 0.161831 0.824529 0.002679 0.009327
2 2 0.010057 0.207733 0.751406 0.005351 0.025453
2 2 0.006941 0.317438 0.614720 0.004639 0.056261
1 2 0.019193 0.498641 0.330832 0.001980 0.149354
1 2 0.058354 0.590061 0.210770 0.002699 0.138116
2 2 0.009017 0.271727 0.679983 0.000327 0.038946
2 2 0.009848 0.244030 0.736133 0.000167 0.009821
2 2 0.002414 0.194881 0.757293 0.000179 0.045233
2 2 0.000485 0.059973 0.906048 0.027081 0.006412
2 2 0.000027 0.022317 0.976586 0.000057 0.001014
2 2 0.000747 0.162342 0.774880 0.000059 0.061973
2 2 0.000084 0.008352 0.989381 0.001971 0.000212
2 2 0.000408 0.063662 0.931414 0.000486 0.004030
1 2 0.036668 0.513511 0.290882 0.000018 0.158921
1 2 0.104744 0.355408 0.194809 0.000678 0.344361
4 2 0.015356 0.323035 0.312488 0.007423 0.341699
2 2 0.003642 0.168894 0.797182 0.020706 0.009576
1 2 0.007078 0.471169 0.300944 0.000031 0.220779
2 2 0.000049 0.020150 0.953543 0.021884 0.004374
2 2 0.000029 0.024390 0.972021 0.001639 0.001921
2 2 0.006903 0.134521 0.834581 0.012791 0.011204
2 2 0.002407 0.123613 0.862198 0.000125 0.011657
1 2 0.024177 0.543065 0.370496 0.000080 0.062181
1 2 0.028408 0.537903 0.417493 0.000145 0.016051
1 2 0.034774 0.493092 0.360592 0.000003 0.111538
1 0 0.238353 0.426782 0.297976 0.003478 0.033411
0 0 0.866402 0.093333 0.027174 0.000371 0.012720
0 0 0.856194 0.096930 0.026201 0.000083 0.020592
1 0 0.217410 0.587746 0.141390 0.000089 0.053365
1 0 0.153375 0.650187 0.156229 0.000130 0.040079
1 0 0.395776 0.439971 0.119978 0.000418 0.043856
0 0 0.409199 0.248933 0.098610 0.002120 0.241138
1 0 0.252720 0.574637 0.143252 0.000309 0.029082
0 0 0.909652 0.061924 0.016650 0.000072 0.011701
0 0 0.892389 0.068647 0.019421 0.000085 0.019458
1 0 0.424277 0.471129 0.090830 0.000027 0.013736
1 0 0.069915 0.692359 0.165470 0.000059 0.072198
1 0 0.085490 0.595043 0.142365 0.000018 0.177083
1 1 0.137458 0.461078 0.194790 0.011561 0.195113
1 1 0.350484 0.525523 0.092698 0.000003 0.031291
1 1 0.060936 0.522566 0.248737 0.002400 0.165360
1 1 0.103082 0.542440 0.146486 0.000060 0.207933
1 1 0.012505 0.589450 0.279495 0.000049 0.118501
2 1 0.009945 0.297123 0.598129 0.000814 0.093990
1 2 0.163144 0.649230 0.132514 0.000013 0.055098
2 2 0.008486 0.254477 0.730052 0.000091 0.006894
1 2 0.055231 0.642077 0.185756 0.000290 0.116647
2 2 0.001877 0.063888 0.907891 0.000185 0.026159
2 2 0.016238 0.399382 0.432281 0.000051 0.152048
2 2 0.002647 0.122352 0.830056 0.011581 0.033364
1 4 0.038159 0.476460 0.195141 0.000901 0.289339
1 4 0.065970 0.680329 0.183781 0.000006 0.069915
1 4 0.037073 0.462677 0.145303 0.000119 0.354828
2 2 0.007801 0.329195 0.620988 0.005603 0.036412
1 2 0.082971 0.679345 0.147759 0.000004 0.089921
1 2 0.192516 0.685403 0.098063 0.000000 0.024018
1 2 0.118157 0.575310 0.167299 0.000177 0.139056
2 4 0.027937 0.459951 0.478125 0.003129 0.030858
2 4 0.001165 0.140654 0.836484 0.000031 0.021667
2 4 0.052411 0.405791 0.486095 0.000532 0.055171
2 2 0.005565 0.120963 0.852064 0.013607 0.007801
1 2 0.036337 0.626875 0.265359 0.000349 0.071081
1 2 0.083059 0.462741 0.241036 0.001662 0.211502
2 2 0.002550 0.089790 0.885134 0.005041 0.017485
2 2 0.000345 0.015687 0.982037 0.000984 0.000947
2 2 0.010616 0.193084 0.786321 0.000289 0.009690
2 2 0.000243 0.040203 0.925439 0.030125 0.003989
2 2 0.001718 0.067493 0.894601 0.029929 0.006259
2 2 0.009925 0.077767 0.757909 0.132770 0.021628
2 2 0.010394 0.367958 0.549649 0.005581 0.066419
2 2 0.013909 0.062413 0.872542 0.014419 0.036717
1 2 0.021827 0.653898 0.294084 0.000026 0.030165
2 2 0.000087 0.025106 0.969137 0.003379 0.002292
2 2 0.037883 0.328767 0.598788 0.000493 0.034068
2 2 0.081564 0.237359 0.578538 0.017857 0.084682
2 2 0.026211 0.365113 0.533747 0.027092 0.047837
2 2 0.018189 0.406440 0.545042 0.007882 0.022447
2 2 0.000193 0.020880 0.974722 0.003057 0.001148
2 2 0.000322 0.038857 0.947106 0.012439 0.001277
0 4 0.836189 0.097000 0.035069 0.002023 0.029719
0 0 0.846762 0.079068 0.021453 0.000019 0.052697
1 0 0.379905 0.457571 0.121973 0.000373 0.040178
0 0 0.382788 0.301286 0.088636 0.000077 0.227214
0 0 0.358900 0.346925 0.087222 0.000016 0.206937
4 1 0.033571 0.371364 0.178659 0.000001 0.416405
1 1 0.035475 0.393313 0.328779 0.000002 0.242432
2 1 0.072297 0.334517 0.342872 0.000039 0.250274
1 2 0.031778 0.536052 0.380872 0.000134 0.051164
1 2 0.082092 0.505476 0.296226 0.000124 0.116081
2 2 0.002809 0.243630 0.742207 0.002549 0.008805
2 2 0.007633 0.382744 0.557642 0.000724 0.051258
2 2 0.000628 0.064403 0.917773 0.000279 0.016917
2 2 0.001572 0.091056 0.878654 0.021351 0.007367
2 2 0.000916 0.136135 0.855236 0.000949 0.006764
2 2 0.000495 0.039864 0.869694 0.087677 0.002270
2 2 0.001961 0.143207 0.804435 0.000314 0.050083
2 2 0.001024 0.055656 0.747771 0.159089 0.036460
2 2 0.001225 0.023758 0.890748 0.083204 0.001064
2 2 0.000326 0.049774 0.936412 0.008170 0.005318
2 2 0.000014 0.005551 0.989293 0.004140 0.001003
2 2 0.000216 0.023398 0.956858 0.015078 0.004450
2 2 0.014666 0.168905 0.640397 0.000399 0.175634
2 2 0.000077 0.039501 0.951883 0.003961 0.004577
2 2 0.000264 0.025831 0.966297 0.004745 0.002863
2 2 0.000039 0.019195 0.975485 0.001404 0.003877
2 2 0.000843 0.047146 0.769510 0.168279 0.014222
1 2 0.092288 0.385569 0.173600 0.000649 0.347895
2 2 0.005168 0.121790 0.834614 0.011702 0.026725
2 2 0.000410 0.030719 0.932284 0.034727 0.001861
2 2 0.000018 0.027439 0.966381 0.000551 0.005612
2 2 0.003934 0.345277 0.579018 0.001285 0.070486
2 2 0.000033 0.016580 0.969096 0.012243 0.002048
2 2 0.005038 0.172758 0.795973 0.004846 0.021385
2 2 0.000076 0.052493 0.939788 0.001391 0.006253
2 2 0.000116 0.015419 0.810969 0.171092 0.002404
2 2 0.009183 0.317155 0.641463 0.008491 0.023708
2 2 0.000038 0.031727 0.966689 0.000533 0.001012
2 2 0.001596 0.230505 0.741568 0.001458 0.024873
2 2 0.000372 0.036268 0.956266 0.002761 0.004334
2 2 0.002773 0.046016 0.897700 0.047546 0.005964
2 2 0.000306 0.064197 0.922648 0.008167 0.004682
2 2 0.000418 0.081264 0.861253 0.010309 0.046756
2 2 0.013937 0.336582 0.596382 0.000272 0.052827
1 2 0.013688 0.491284 0.318676 0.001045 0.175306
2 2 0.000124 0.015918 0.978902 0.002488 0.002568
2 2 0.001233 0.108465 0.862417 0.017662 0.010224
2 2 0.000484 0.062990 0.931258 0.001329 0.003938
2 2 0.001455 0.142958 0.840432 0.004692 0.010463
2 2 0.000312 0.009264 0.980961 0.008540 0.000922
2 2 0.000140 0.007935 0.896502 0.094701 0.000721
2 2 0.000923 0.051334 0.792377 0.143771 0.011595
2 2 0.000365 0.063613 0.915885 0.013236 0.006901
2 2 0.000023 0.011001 0.965410 0.023250 0.000316
2 2 0.001011 0.017126 0.944087 0.032658 0.005119
2 2 0.001013 0.121339 0.861334 0.002360 0.013954
2 2 0.000167 0.030024 0.949643 0.012777 0.007389
2 2 0.000047 0.015412 0.980086 0.003176 0.001279
2 2 0.000148 0.020509 0.973169 0.003457 0.002717
2 2 0.001316 0.079981 0.899369 0.005264 0.014070
2 2 0.000053 0.014288 0.911822 0.071236 0.002601
2 2 0.002024 0.113789 0.778898 0.048848 0.056440
2 2 0.000080 0.037566 0.953617 0.003259 0.005478
2 2 0.000286 0.020089 0.780177 0.198202 0.001245
2 2 0.000549 0.056691 0.902561 0.036421 0.003778
2 2 0.000080 0.006214 0.992118 0.001300 0.000288
1 2 0.052174 0.456012 0.429425 0.002469 0.059920
2 2 0.001587 0.062153 0.830578 0.094558 0.011124
2 2 0.006832 0.099579 0.881494 0.002615 0.009481
1 2 0.160190 0.636181 0.154015 0.000040 0.049574
2 2 0.011884 0.215270 0.705621 0.021093 0.046132
2 2 0.003768 0.096741 0.864994 0.006346 0.028152
2 2 0.005795 0.349489 0.614877 0.000044 0.029795
1 2 0.081854 0.587849 0.213986 0.004638 0.111673
2 2 0.001820 0.094059 0.891262 0.000380 0.012479
2 2 0.000281 0.041620 0.939867 0.000479 0.017753
1 2 0.170550 0.497470 0.175192 0.001995 0.154793
2 2 0.021388 0.421625 0.523770 0.000209 0.033008
1 2 0.041162 0.572821 0.294466 0.000041 0.091511
2 2 0.000152 0.025479 0.960756 0.011473 0.002140
2 2 0.011435 0.077171 0.877971 0.025586 0.007837
2 2 0.010240 0.346148 0.608466 0.006857 0.028289
2 2 0.000098 0.020975 0.975520 0.000695 0.002711
2 2 0.000058 0.020551 0.961138 0.017365 0.000887
1 2 0.260547 0.516077 0.125120 0.000014 0.098243
1 2 0.203533 0.550898 0.155687 0.000315 0.089566
2 2 0.001488 0.074742 0.894105 0.000020 0.029644
1 2 0.005827 0.490981 0.464697 0.000339 0.038156
2 2 0.025540 0.258388 0.658674 0.000028 0.057370
1 2 0.047786 0.534691 0.256931 0.000209 0.160384
1 2 0.102103 0.490175 0.108391 0.000003 0.299328
0 0 0.543201 0.287346 0.115807 0.010840 0.042806
1 0 0.227165 0.483928 0.259720 0.000008 0.029179
1 0 0.062649 0.479623 0.200227 0.000212 0.257289
2 1 0.011998 0.391650 0.416833 0.000226 0.179293
1 1 0.027737 0.548166 0.187601 0.000586 0.235911
1 1 0.154730 0.596769 0.161040 0.000199 0.087263
1 1 0.054305 0.542454 0.178900 0.000271 0.224071
1 2 0.025764 0.471578 0.177556 0.001098 0.324004
1 2 0.022323 0.720386 0.152376 0.000007 0.104908
1 2 0.059994 0.515442 0.157071 0.000002 0.267491
2 2 0.016037 0.418552 0.447049 0.000594 0.117768
1 2 0.008891 0.441753 0.412244 0.000201 0.136911
1 2 0.010595 0.353855 0.324686 0.002761 0.308102
1 2 0.195884 0.420950 0.085043 0.000001 0.298122
1 2 0.273467 0.455257 0.128494 0.000150 0.142633
0 0 0.593937 0.235645 0.053799 0.000005 0.116614
1 0 0.085257 0.505260 0.104500 0.000001 0.304981
0 0 0.438972 0.374825 0.109291 0.000384 0.076527
4 0 0.211178 0.336586 0.091502 0.000019 0.360716
0 0 0.393302 0.364316 0.101539 0.000094 0.140749
1 0 0.298481 0.407844 0.087104 0.000003 0.206568
1 0 0.048081 0.562215 0.109512 0.000001 0.280191
4 0 0.071144 0.374726 0.110500 0.000036 0.443593
4 1 0.023379 0.165431 0.054796 0.000014 0.756380
4 1 0.031023 0.135419 0.050715 0.000033 0.782810
4 1 0.020590 0.300524 0.111797 0.000219 0.566869
4 4 0.054514 0.186511 0.069071 0.000094 0.689810
4 4 0.063988 0.098095 0.040030 0.000086 0.797801
4 4 0.136500 0.037292 0.014900 0.000014 0.811293
4 4 0.122229 0.166278 0.057792 0.000048 0.653653
4 4 0.136483 0.121241 0.050449 0.000228 0.691599
4 4 0.254061 0.274078 0.072766 0.000009 0.399086
4 4 0.135287 0.165109 0.045136 0.000003 0.654466
4 4 0.056775 0.345533 0.124051 0.000294 0.473347
4 4 0.099993 0.318952 0.086185 0.000002 0.494868
1 4 0.062369 0.406508 0.168556 0.003085 0.359482
2 4 0.102719 0.314519 0.409509 0.011260 0.161993
4 4 0.141736 0.278138 0.063214 0.000001 0.516911
4 4 0.029559 0.349535 0.129567 0.000027 0.491311
4 4 0.057872 0.168243 0.053188 0.000011 0.720685
4 4 0.118845 0.188816 0.049292 0.000002 0.643045
4 4 0.022109 0.049285 0.019723 0.000013 0.908870
1 4 0.104442 0.487511 0.178334 0.001760 0.227953
4 4 0.071606 0.299779 0.080925 0.000005 0.547685
4 4 0.022795 0.188911 0.058888 0.000009 0.729397
4 4 0.077032 0.150825 0.044056 0.000004 0.728083
4 4 0.086210 0.204935 0.054305 0.000002 0.654548
