0 0 0.482656 0.224213 0.084304 0.002963 0.205863
0 0 0.971349 0.016115 0.006435 0.000051 0.006050
0 0 0.994162 0.002261 0.001458 0.000005 0.002114
0 0 0.992730 0.002511 0.000100 0.000000 0.004659
4 0 0.062443 0.160468 0.125524 0.007222 0.644343
0 0 0.990742 0.004250 0.001589 0.000022 0.003397
4 0 0.216825 0.062748 0.024693 0.000451 0.695283
0 0 0.939230 0.009672 0.005516 0.000018 0.045564
0 0 0.995802 0.001995 0.000966 0.000004 0.001233
4 0 0.112317 0.062119 0.020339 0.000228 0.804997
0 0 0.506593 0.173817 0.077489 0.000461 0.241640
4 1 0.294738 0.291031 0.051686 0.000106 0.362440
4 1 0.032070 0.348721 0.167693 0.000646 0.450871
2 1 0.013306 0.320896 0.402098 0.000538 0.263161
2 1 0.011131 0.298105 0.347317 0.000780 0.342667
2 1 0.000058 0.031420 0.667523 0.275246 0.025753
1 1 0.020103 0.372188 0.233241 0.004685 0.369783
4 1 0.049699 0.296652 0.115019 0.001137 0.537492
1 1 0.032845 0.432619 0.290836 0.000351 0.243350
2 1 0.006352 0.243133 0.469220 0.000783 0.280511
4 1 0.005764 0.253120 0.322022 0.006797 0.412297
4 1 0.008525 0.244518 0.181647 0.002523 0.562788
4 1 0.027386 0.330636 0.158527 0.000129 0.483323
1 1 0.044359 0.456032 0.207809 0.000303 0.291498
4 1 0.014828 0.259994 0.148989 0.000283 0.575906
2 1 0.023337 0.420737 0.421317 0.001306 0.133303
4 1 0.011422 0.214324 0.177659 0.000051 0.596543
4 1 0.011658 0.241527 0.191380 0.000240 0.555195
4 1 0.012649 0.273587 0.175805 0.000900 0.537058
2 1 0.010662 0.285539 0.588869 0.000377 0.114553
2 1 0.000981 0.110987 0.702292 0.001632 0.184108
4 1 0.015590 0.238635 0.239399 0.000377 0.505999
4 1 0.015849 0.262816 0.149960 0.000531 0.570845
4 1 0.003120 0.109429 0.205430 0.026816 0.655205
2 1 0.007334 0.222349 0.628229 0.001382 0.140707
4 1 0.015306 0.358647 0.246439 0.004321 0.375287
4 1 0.027836 0.284833 0.123747 0.000034 0.563549
2 1 0.018612 0.337633 0.383390 0.000652 0.259714
1 1 0.090926 0.492452 0.161912 0.000027 0.254683
2 1 0.000849 0.112991 0.791276 0.012510 0.082373
2 2 0.001976 0.125023 0.855751 0.002225 0.015025
2 2 0.010405 0.328127 0.599235 0.010222 0.052011
3 2 0.000836 0.035412 0.465712 0.486923 0.011116
3 2 0.000066 0.028341 0.387922 0.550653 0.033019
2 2 0.000170 0.039018 0.895889 0.030686 0.034238
2 2 0.000758 0.121294 0.686036 0.089516 0.102396
2 2 0.003681 0.166349 0.645346 0.030039 0.154586
2 3 0.000029 0.010031 0.672952 0.313433 0.003554
2 3 0.003499 0.224349 0.671932 0.044624 0.055596
3 3 0.000001 0.001165 0.411207 0.587203 0.000424
2 3 0.067028 0.187526 0.485311 0.233725 0.026410
2 3 0.003644 0.226346 0.668317 0.047220 0.054473
3 3 0.000003 0.000182 0.122730 0.877044 0.000041
3 3 0.000009 0.003083 0.355952 0.639954 0.001002
3 3 0.000035 0.001835 0.057113 0.938880 0.002137
3 3 0.000285 0.027472 0.139931 0.791013 0.041298
3 3 0.000006 0.002484 0.478061 0.518833 0.000616
2 3 0.007497 0.192485 0.475568 0.082650 0.241801
3 3 0.000284 0.012994 0.160116 0.818017 0.008589
2 3 0.000014 0.003320 0.736090 0.260192 0.000384
3 3 0.000077 0.005305 0.173071 0.819165 0.002383
3 3 0.000615 0.027670 0.178142 0.772648 0.020925
3 3 0.000001 0.000166 0.022556 0.977070 0.000207
3 3 0.000057 0.001878 0.046691 0.949951 0.001423
3 3 0.000015 0.000435 0.043884 0.955450 0.000217
3 3 0.014364 0.124633 0.316615 0.481658 0.062730
3 3 0.005153 0.042023 0.044431 0.862442 0.045950
3 3 0.000400 0.012408 0.324789 0.656105 0.006298
3 3 0.000013 0.004230 0.302923 0.690792 0.002042
3 3 0.002476 0.041738 0.352163 0.593872 0.009752
3 3 0.000000 0.000050 0.026117 0.973798 0.000036
3 3 0.001420 0.019720 0.079573 0.875677 0.023610
3 3 0.000007 0.003606 0.094325 0.896927 0.005135
3 3 0.000066 0.002205 0.011074 0.980057 0.006597
3 3 0.000022 0.000806 0.016597 0.981486 0.001088
3 3 0.000107 0.003424 0.043215 0.949789 0.003465
3 3 0.000010 0.000073 0.025972 0.973925 0.000019
3 3 0.000032 0.000327 0.026023 0.973464 0.000153
3 3 0.003174 0.009591 0.017990 0.957793 0.011451
3 3 0.000383 0.020224 0.178379 0.784528 0.016485
3 3 0.000012 0.000340 0.005479 0.993364 0.000806
3 3 0.000919 0.013958 0.010761 0.916101 0.058260
3 3 0.000001 0.000065 0.030877 0.969029 0.000027
3 3 0.000010 0.000655 0.023352 0.975183 0.000801
3 3 0.000216 0.004204 0.030397 0.960478 0.004704
3 3 0.000012 0.000287 0.003140 0.995684 0.000876
3 3 0.000002 0.000195 0.008985 0.990387 0.000431
3 3 0.000068 0.000206 0.000889 0.997975 0.000861
3 3 0.018796 0.079390 0.099341 0.689052 0.113421
2 3 0.000768 0.064506 0.761823 0.163489 0.009414
3 3 0.000457 0.010832 0.032254 0.939989 0.016468
2 3 0.002627 0.170143 0.378588 0.368943 0.079699
2 3 0.018889 0.194685 0.286257 0.238157 0.262013
4 3 0.023276 0.168000 0.218170 0.059841 0.530713
3 3 0.001681 0.080578 0.421997 0.461180 0.034563
2 3 0.001757 0.178969 0.513777 0.130316 0.175181
2 3 0.003131 0.210489 0.669954 0.037660 0.078767
2 3 0.017394 0.309608 0.457488 0.038617 0.176892
2 3 0.005300 0.283313 0.549267 0.074034 0.088086
2 3 0.004204 0.169334 0.763370 0.044966 0.018126
4 3 0.030173 0.238903 0.202324 0.033908 0.494692
2 3 0.004511 0.261627 0.515181 0.151558 0.067123
2 2 0.000238 0.015733 0.790645 0.191210 0.002174
2 2 0.001598 0.166982 0.469696 0.035421 0.326304
2 2 0.003698 0.243108 0.590475 0.075642 0.087078
2 2 0.001583 0.139057 0.810822 0.025509 0.023029
2 2 0.003955 0.241963 0.543091 0.024499 0.186492
2 2 0.006223 0.247393 0.651908 0.037280 0.057197
1 2 0.020031 0.433343 0.419498 0.006489 0.120639
3 2 0.005672 0.057319 0.271262 0.633708 0.032039
2 2 0.000954 0.077808 0.838858 0.063914 0.018464
2 2 0.001288 0.078710 0.823199 0.004387 0.092416
2 2 0.000343 0.033950 0.900921 0.062490 0.002296
2 2 0.000208 0.034593 0.643915 0.306151 0.015134
2 2 0.000529 0.079535 0.873155 0.011468 0.035313
2 2 0.000489 0.075128 0.745155 0.156110 0.023118
2 2 0.005390 0.175214 0.504822 0.163432 0.151141
2 2 0.000119 0.035722 0.921309 0.036592 0.006259
2 2 0.007760 0.329000 0.329279 0.059945 0.274017
3 2 0.000187 0.017475 0.240072 0.724309 0.017957
2 2 0.001506 0.098772 0.784425 0.103871 0.011425
2 2 0.000014 0.006729 0.737696 0.252489 0.003072
2 2 0.000030 0.002426 0.978447 0.019018 0.000079
2 2 0.000169 0.023657 0.629951 0.336299 0.009924
2 2 0.000154 0.034029 0.602200 0.352905 0.010713
3 3 0.001315 0.086658 0.310488 0.514846 0.086694
2 3 0.001253 0.019746 0.598431 0.378369 0.002201
2 3 0.000552 0.022478 0.555973 0.415144 0.005852
3 3 0.000634 0.026426 0.337972 0.599078 0.035891
2 3 0.000483 0.008190 0.584023 0.405996 0.001309
2 3 0.000021 0.006679 0.622921 0.368933 0.001445
2 3 0.000381 0.019454 0.527762 0.448748 0.003655
2 3 0.002039 0.086655 0.522232 0.365447 0.023628
3 3 0.000029 0.003767 0.257757 0.737044 0.001403
3 3 0.000287 0.035837 0.436628 0.513443 0.013805
3 3 0.000166 0.002801 0.027772 0.966294 0.002967
3 3 0.000143 0.006304 0.214236 0.777062 0.002254
3 3 0.000726 0.025085 0.299121 0.660069 0.014999
3 3 0.000113 0.027839 0.399513 0.557296 0.015239
3 3 0.001423 0.025267 0.177768 0.784647 0.010894
3 3 0.000099 0.002160 0.172515 0.824632 0.000595
3 3 0.000309 0.009892 0.337283 0.650082 0.002435
3 3 0.000006 0.001066 0.292033 0.706584 0.000311
2 3 0.005335 0.140887 0.824313 0.018878 0.010588
3 3 0.000053 0.003623 0.126451 0.867711 0.002162
2 3 0.000395 0.050733 0.874802 0.050119 0.023951
2 3 0.015379 0.080867 0.568286 0.320892 0.014575
2 3 0.000126 0.029833 0.835375 0.130676 0.003990
4 3 0.010489 0.247864 0.198236 0.011980 0.531431
3 3 0.001941 0.020265 0.360484 0.613807 0.003504
2 3 0.000921 0.033436 0.533866 0.424935 0.006842
2 3 0.000548 0.022435 0.836262 0.139122 0.001632
2 3 0.000156 0.038079 0.856137 0.079840 0.025788
2 3 0.000119 0.042475 0.859828 0.078232 0.019346
2 3 0.000321 0.035685 0.886645 0.065157 0.012192
2 3 0.000376 0.027931 0.634195 0.324028 0.013469
2 3 0.000095 0.013039 0.959723 0.026500 0.000644
3 3 0.000204 0.013096 0.153147 0.824003 0.009549
3 3 0.008876 0.140114 0.270305 0.491312 0.089392
0 3 0.887389 0.073086 0.013436 0.000264 0.025826
3 3 0.003095 0.089301 0.336818 0.535747 0.035038
2 3 0.000008 0.001341 0.551970 0.446495 0.000187
2 3 0.001197 0.038854 0.765568 0.190454 0.003926
2 3 0.000362 0.055444 0.849485 0.036921 0.057788
2 3 0.002789 0.124017 0.626511 0.172313 0.074371
2 2 0.003143 0.126505 0.454958 0.009765 0.405630
2 2 0.000239 0.071333 0.716313 0.096641 0.115474
2 4 0.004629 0.207205 0.593101 0.000494 0.194570
4 4 0.034316 0.290742 0.125080 0.000333 0.549530
4 4 0.009346 0.263137 0.199678 0.007463 0.520377
4 4 0.046447 0.278169 0.101027 0.000103 0.574254
4 4 0.041864 0.393906 0.168303 0.000090 0.395838
4 4 0.012286 0.279273 0.220144 0.002443 0.485853
4 4 0.006306 0.216075 0.257319 0.000771 0.519529
4 4 0.017957 0.307744 0.176477 0.000485 0.497336
4 4 0.016358 0.167617 0.077865 0.000185 0.737974
4 4 0.010228 0.280673 0.251562 0.003843 0.453694
4 4 0.109054 0.348639 0.104811 0.001075 0.436422
4 4 0.014497 0.077936 0.028377 0.000116 0.879074
4 4 0.024817 0.327003 0.175407 0.001906 0.470866
4 4 0.042085 0.106787 0.030136 0.000722 0.820269
4 4 0.073702 0.338736 0.115540 0.000565 0.471456
4 4 0.082023 0.333270 0.107246 0.000399 0.477062
4 4 0.025678 0.368871 0.206562 0.003018 0.395871
4 4 0.025023 0.168993 0.069411 0.000801 0.735773
4 4 0.027501 0.273820 0.130342 0.001138 0.567200
4 4 0.013841 0.235109 0.131598 0.000171 0.619281
4 4 0.059658 0.286636 0.096646 0.000168 0.556893
4 4 0.020808 0.307091 0.162704 0.000241 0.509156
4 4 0.003113 0.115897 0.099049 0.003860 0.778081
4 4 0.013191 0.317748 0.218898 0.002770 0.447393
1 4 0.032437 0.430487 0.223007 0.000727 0.313342
4 4 0.004212 0.156709 0.129308 0.001617 0.708155
1 4 0.016616 0.380246 0.342924 0.002530 0.257684
4 4 0.015232 0.326867 0.242201 0.001152 0.414548
2 4 0.002210 0.148667 0.773864 0.001190 0.074070
1 2 0.013927 0.382534 0.291933 0.013883 0.297723
4 2 0.020601 0.302082 0.167226 0.001189 0.508902
2 2 0.000414 0.066064 0.902074 0.003537 0.027911
1 2 0.020275 0.441887 0.300887 0.011358 0.225592
2 2 0.009150 0.303313 0.623484 0.005748 0.058306
2 2 0.003043 0.214598 0.441743 0.019799 0.320817
4 2 0.124202 0.332137 0.082607 0.000016 0.461038
0 0 0.956326 0.018373 0.006645 0.000013 0.018644
4 0 0.089899 0.117090 0.023631 0.000067 0.769313
4 0 0.072438 0.019856 0.008069 0.000387 0.899250
0 0 0.743582 0.093096 0.048551 0.000363 0.114409
0 0 0.964468 0.010233 0.003450 0.000133 0.021716
0 0 0.988669 0.005861 0.003212 0.000092 0.002166
0 0 0.987543 0.004954 0.002573 0.000280 0.004650
0 0 0.961866 0.006739 0.003418 0.000014 0.027963
0 0 0.537251 0.110400 0.028369 0.000024 0.323956
0 0 0.631782 0.118050 0.042518 0.000031 0.207618
4 0 0.109146 0.046408 0.030135 0.002232 0.812079
0 0 0.816508 0.004679 0.002108 0.000006 0.176699
0 0 0.543660 0.243992 0.055945 0.000053 0.156350
0 0 0.687548 0.057500 0.011469 0.000029 0.243454
4 0 0.035321 0.057100 0.022302 0.000316 0.884961
4 0 0.255472 0.268119 0.048997 0.000111 0.427301
4 0 0.148278 0.045246 0.010100 0.037760 0.758615
1 0 0.139492 0.585725 0.194895 0.001843 0.078046
1 0 0.042995 0.515002 0.260417 0.001666 0.179920
1 1 0.044813 0.510903 0.388722 0.001529 0.054033
2 1 0.002716 0.181667 0.761989 0.026600 0.027028
2 1 0.001845 0.139591 0.813149 0.003513 0.041901
2 1 0.017098 0.407269 0.417273 0.005504 0.152855
2 2 0.003483 0.206781 0.616143 0.031444 0.142149
2 2 0.004603 0.247451 0.465011 0.009176 0.273759
2 2 0.010118 0.270398 0.698782 0.002708 0.017994
2 2 0.003438 0.200912 0.716768 0.016887 0.061995
2 2 0.000588 0.063511 0.900691 0.005861 0.029349
2 2 0.001550 0.121032 0.847623 0.013223 0.016573
2 2 0.002350 0.105024 0.863562 0.004288 0.024776
2 2 0.001660 0.096167 0.817678 0.045210 0.039285
2 2 0.006813 0.318209 0.394598 0.060092 0.220288
2 2 0.005347 0.266301 0.583098 0.011592 0.133662
2 2 0.004993 0.122362 0.860385 0.002766 0.009494
2 2 0.000643 0.088238 0.869445 0.023778 0.017897
2 2 0.000234 0.026456 0.799950 0.165146 0.008214
2 2 0.001237 0.098546 0.828888 0.026441 0.044889
2 2 0.001960 0.123968 0.826585 0.015977 0.031510
2 2 0.000417 0.033182 0.947244 0.014062 0.005095
3 2 0.002206 0.024149 0.256134 0.698484 0.019027
2 2 0.000572 0.044791 0.930774 0.011080 0.012782
2 2 0.001296 0.054582 0.854276 0.085269 0.004577
2 2 0.003461 0.146859 0.518041 0.289815 0.041824
2 2 0.001072 0.070050 0.789209 0.129460 0.010209
2 2 0.002759 0.114565 0.608672 0.122947 0.151057
2 3 0.000005 0.000549 0.986403 0.013038 0.000004
2 3 0.002165 0.176467 0.655361 0.076237 0.089771
2 3 0.000046 0.019945 0.913897 0.064296 0.001817
2 3 0.000007 0.002866 0.930819 0.066160 0.000148
2 3 0.009599 0.119629 0.748437 0.113233 0.009102
2 3 0.000299 0.016799 0.591573 0.388399 0.002930
3 3 0.004277 0.054526 0.317846 0.609456 0.013895
3 3 0.000078 0.002046 0.068807 0.928032 0.001037
2 3 0.002207 0.053872 0.499712 0.429579 0.014629
3 3 0.000068 0.002277 0.131513 0.863657 0.002486
3 3 0.001818 0.014818 0.303691 0.675068 0.004605
2 3 0.005166 0.080813 0.659967 0.243975 0.010078
3 3 0.003303 0.095280 0.183113 0.646556 0.071748
2 3 0.000370 0.054672 0.546327 0.379482 0.019149
3 3 0.000329 0.005074 0.177931 0.815195 0.001472
3 3 0.000035 0.001284 0.037906 0.959352 0.001422
3 3 0.001801 0.058514 0.342074 0.567903 0.029708
3 3 0.000005 0.000442 0.062759 0.936506 0.000287
3 3 0.000203 0.005212 0.140073 0.852468 0.002044
3 3 0.000128 0.004517 0.009633 0.970056 0.015666
3 3 0.000005 0.000320 0.035353 0.964109 0.000212
3 3 0.000409 0.012762 0.057040 0.915476 0.014313
3 3 0.000013 0.000214 0.004553 0.994759 0.000461
3 3 0.001592 0.008242 0.036131 0.948216 0.005818
3 3 0.002067 0.005310 0.035569 0.954574 0.002480
3 3 0.003347 0.038124 0.228239 0.708612 0.021678
3 3 0.000007 0.000850 0.088988 0.909609 0.000546
3 3 0.000056 0.002582 0.102719 0.893246 0.001396
3 3 0.004680 0.015787 0.040831 0.928493 0.010209
2 3 0.000003 0.001799 0.617132 0.380727 0.000340
2 3 0.000048 0.001592 0.779279 0.219014 0.000067
3 3 0.003027 0.005719 0.044506 0.942436 0.004311
3 3 0.003406 0.018874 0.091560 0.877113 0.009046
3 3 0.005183 0.046927 0.296787 0.633749 0.017354
3 3 0.000138 0.001168 0.013780 0.983596 0.001318
2 3 0.004846 0.045920 0.634719 0.310292 0.004223
3 3 0.002392 0.010087 0.118967 0.865877 0.002678
3 3 0.001068 0.003748 0.056292 0.937479 0.001413
3 3 0.007398 0.021957 0.091128 0.871235 0.008282
3 3 0.000191 0.002562 0.078679 0.917572 0.000995
3 3 0.001253 0.005265 0.004106 0.972043 0.017333
3 3 0.000933 0.017069 0.118298 0.854594 0.009106
3 3 0.000158 0.003550 0.043228 0.950008 0.003056
3 3 0.000073 0.001329 0.038011 0.959705 0.000882
3 3 0.000299 0.001503 0.009664 0.986551 0.001984
3 3 0.000431 0.001139 0.007920 0.989294 0.001217
3 3 0.002701 0.010361 0.057917 0.924035 0.004985
3 3 0.008046 0.010858 0.008619 0.956445 0.016031
3 3 0.000059 0.000521 0.004259 0.994073 0.001089
3 3 0.006174 0.017603 0.027913 0.932900 0.015410
3 3 0.003050 0.001592 0.003550 0.990097 0.001711
3 3 0.000317 0.010570 0.046820 0.928969 0.013323
3 3 0.001308 0.023428 0.212613 0.755072 0.007579
3 3 0.000024 0.000614 0.012142 0.986173 0.001047
3 3 0.000015 0.002207 0.079283 0.916443 0.002052
3 3 0.000011 0.000266 0.013557 0.985881 0.000286
3 3 0.000006 0.000164 0.012350 0.987316 0.000164
3 3 0.000003 0.000073 0.030825 0.969076 0.000023
3 3 0.000002 0.000292 0.025068 0.974246 0.000393
3 3 0.000426 0.000945 0.010089 0.987784 0.000756
3 3 0.000034 0.000438 0.056777 0.942620 0.000131
3 3 0.009337 0.033104 0.293882 0.657515 0.006161
3 3 0.000270 0.002864 0.051104 0.944177 0.001584
3 3 0.000336 0.005001 0.068012 0.923773 0.002877
3 3 0.000026 0.000144 0.002820 0.996760 0.000251
3 3 0.009289 0.017247 0.073037 0.874162 0.026264
3 3 0.003951 0.003964 0.008598 0.977875 0.005612
0 3 0.527220 0.160963 0.039487 0.001318 0.271012
2 3 0.005146 0.254673 0.621240 0.065938 0.053004
3 3 0.004489 0.139494 0.305628 0.464916 0.085472
2 2 0.000040 0.010970 0.819717 0.167926 0.001346
2 2 0.021575 0.282599 0.634873 0.020468 0.040485
2 2 0.000325 0.068315 0.539501 0.363699 0.028160
2 2 0.000046 0.012248 0.979226 0.007462 0.001019
2 2 0.000003 0.000435 0.725644 0.273895 0.000023
3 2 0.002408 0.010240 0.226089 0.759017 0.002247
2 2 0.002613 0.153153 0.724993 0.038710 0.080532
2 2 0.000384 0.059122 0.841613 0.080806 0.018076
3 2 0.000670 0.028552 0.422685 0.534250 0.013843
1 2 0.020746 0.389628 0.254437 0.017225 0.317964
2 2 0.001894 0.172903 0.692060 0.020838 0.112306
2 2 0.003805 0.212102 0.675132 0.004032 0.104928
1 4 0.012062 0.359375 0.281365 0.015066 0.332132
4 4 0.009838 0.236648 0.159182 0.000862 0.593471
4 4 0.011503 0.214149 0.125045 0.000189 0.649114
4 4 0.042464 0.267455 0.100241 0.000147 0.589693
4 4 0.005683 0.114367 0.072988 0.000697 0.806265
4 4 0.009626 0.205059 0.243649 0.001876 0.539790
4 4 0.121777 0.322873 0.092664 0.002568 0.460117
4 4 0.013404 0.334155 0.235956 0.004106 0.412379
4 4 0.019053 0.211814 0.104634 0.000670 0.663829
4 4 0.005824 0.069206 0.038499 0.004690 0.881781
4 4 0.013449 0.294817 0.207546 0.000970 0.483217
4 4 0.023448 0.193742 0.085031 0.000586 0.697193
4 4 0.016745 0.283886 0.160845 0.000336 0.538188
4 4 0.012495 0.182770 0.173122 0.000260 0.631352
4 4 0.016592 0.255524 0.250444 0.001158 0.476283
4 4 0.054411 0.258589 0.188705 0.002389 0.495905
4 4 0.083625 0.342527 0.109242 0.000270 0.464335
1 4 0.070457 0.425062 0.166745 0.002312 0.335424
4 4 0.039590 0.201519 0.069784 0.000127 0.688980
4 4 0.022719 0.244969 0.115116 0.000213 0.616984
4 4 0.027296 0.295310 0.146706 0.001756 0.528931
1 4 0.022143 0.378281 0.220788 0.001213 0.377574
4 4 0.031192 0.216722 0.090634 0.001352 0.660101
4 4 0.019323 0.219965 0.112100 0.001496 0.647116
4 4 0.011684 0.320233 0.236536 0.005372 0.426175
1 4 0.017527 0.377943 0.249863 0.003777 0.350890
4 4 0.009768 0.253401 0.196383 0.001095 0.539353
2 4 0.000671 0.081589 0.886090 0.002500 0.029149
4 4 0.015458 0.338334 0.222791 0.002325 0.421092
4 4 0.006382 0.247086 0.252592 0.005290 0.488650
4 4 0.007358 0.273074 0.329351 0.003808 0.386409
2 4 0.005997 0.239348 0.563634 0.000811 0.190209
2 4 0.002624 0.170803 0.473203 0.001520 0.351851
4 4 0.011411 0.249024 0.352477 0.008234 0.378854
2 4 0.015707 0.386620 0.407353 0.010527 0.179793
4 2 0.004914 0.230019 0.341233 0.004046 0.419788
4 2 0.001801 0.143276 0.298704 0.005758 0.550462
2 2 0.001182 0.134823 0.691704 0.008661 0.163629
1 2 0.020551 0.406561 0.258974 0.003729 0.310185
2 2 0.000782 0.050303 0.916683 0.009334 0.022897
2 2 0.002372 0.058405 0.915380 0.001152 0.022691
2 2 0.002786 0.186303 0.597017 0.002888 0.211006
1 2 0.010859 0.348168 0.344160 0.010669 0.286144
2 2 0.000369 0.053003 0.925603 0.000565 0.020460
2 2 0.009841 0.294676 0.479750 0.000828 0.214906
2 2 0.001914 0.149310 0.806686 0.018141 0.023948
2 2 0.010241 0.313652 0.607993 0.004081 0.064033
2 2 0.000362 0.060972 0.914570 0.005300 0.018797
2 2 0.002293 0.140229 0.827732 0.001591 0.028155
2 2 0.009065 0.277091 0.620791 0.001128 0.091926
1 2 0.215469 0.466147 0.114274 0.000120 0.203990
1 2 0.020645 0.439962 0.295590 0.009621 0.234182
2 2 0.008301 0.300243 0.586315 0.005038 0.100104
2 2 0.012111 0.279266 0.636644 0.000187 0.071791
2 2 0.001293 0.099271 0.826185 0.018255 0.054997
2 2 0.001239 0.108999 0.817848 0.000691 0.071224
2 2 0.002543 0.079858 0.860758 0.003853 0.052989
2 2 0.001407 0.137024 0.785433 0.008641 0.067494
2 2 0.000855 0.087020 0.871757 0.006486 0.033881
2 2 0.017700 0.304486 0.428997 0.008454 0.240363
2 2 0.016739 0.367723 0.391817 0.008216 0.215506
2 2 0.009175 0.210765 0.678212 0.080619 0.021229
2 2 0.006579 0.178260 0.763922 0.004311 0.046928
2 2 0.000691 0.081956 0.889901 0.002846 0.024605
2 2 0.001624 0.096280 0.871852 0.001208 0.029036
2 2 0.004770 0.146701 0.816272 0.001137 0.031119
2 2 0.000540 0.063394 0.897919 0.016527 0.021621
2 2 0.001053 0.082847 0.884509 0.018412 0.013179
2 2 0.000225 0.052821 0.911193 0.012674 0.023087
2 2 0.001137 0.140588 0.722498 0.041365 0.094412
2 2 0.000041 0.014982 0.915998 0.066269 0.002710
1 2 0.016139 0.354578 0.322467 0.001160 0.305655
2 2 0.003206 0.227181 0.604028 0.090600 0.074985
2 2 0.002100 0.165360 0.770604 0.016164 0.045771
2 2 0.000924 0.037146 0.761582 0.163325 0.037024
1 2 0.023677 0.437578 0.308670 0.003146 0.226929
2 0 0.020964 0.309306 0.404055 0.096299 0.169376
1 2 0.012081 0.396028 0.351894 0.123189 0.116808
2 2 0.012901 0.169646 0.752304 0.027009 0.038140
2 2 0.001315 0.123133 0.823463 0.038705 0.013384
2 2 0.000016 0.012675 0.811495 0.173366 0.002449
2 2 0.009491 0.259724 0.680904 0.022929 0.026952
2 2 0.002322 0.185527 0.695656 0.016671 0.099824
2 2 0.000201 0.039228 0.909853 0.045529 0.005189
2 2 0.000078 0.008834 0.624068 0.364443 0.002577
2 2 0.006461 0.277625 0.570464 0.005926 0.139524
2 2 0.000099 0.033128 0.936602 0.020765 0.009405
2 2 0.000541 0.081662 0.842620 0.056038 0.019139
2 2 0.000195 0.029294 0.938250 0.027204 0.005057
2 2 0.038227 0.143038 0.540388 0.217516 0.060832
1 2 0.093731 0.550925 0.231876 0.049353 0.074115
1 2 0.025635 0.412482 0.326818 0.004356 0.230710
2 2 0.008884 0.305812 0.633379 0.019084 0.032840
2 2 0.069675 0.160784 0.710645 0.041340 0.017555
2 2 0.016984 0.270391 0.598897 0.018329 0.095399
1 2 0.032983 0.536637 0.331690 0.030887 0.067803
2 2 0.002394 0.088031 0.888538 0.009914 0.011122
2 2 0.000012 0.007599 0.980687 0.011371 0.000330
2 2 0.009873 0.325951 0.587497 0.009357 0.067322
1 2 0.034916 0.518604 0.296129 0.006106 0.144246
2 2 0.036265 0.345915 0.530349 0.057903 0.029568
0 2 0.462079 0.208839 0.028516 0.000374 0.300192
0 0 0.654021 0.089573 0.061189 0.007540 0.187677
0 0 0.890333 0.030077 0.015134 0.000430 0.064027
0 0 0.986009 0.003802 0.007586 0.000001 0.002602
0 0 0.839662 0.022589 0.023124 0.002183 0.112442
4 0 0.224441 0.041795 0.007729 0.000065 0.725971
4 0 0.034708 0.012717 0.001582 0.000010 0.950983
0 0 0.412723 0.370945 0.063590 0.000162 0.152581
4 0 0.110992 0.043165 0.012565 0.003024 0.830254
0 0 0.393563 0.321516 0.052572 0.000095 0.232254
4 0 0.125792 0.256661 0.076351 0.000069 0.541127
1 0 0.082173 0.553541 0.227999 0.004096 0.132190
1 1 0.027494 0.469368 0.282489 0.004803 0.215846
2 2 0.000483 0.079028 0.862787 0.040981 0.016720
2 2 0.000048 0.014079 0.978815 0.003319 0.003739
2 2 0.013855 0.352685 0.456161 0.001705 0.175593
2 2 0.000245 0.045014 0.768162 0.174511 0.012068
1 2 0.019775 0.442448 0.305832 0.013419 0.218525
2 2 0.003570 0.165865 0.625606 0.072181 0.132778
2 2 0.000172 0.038872 0.944014 0.011504 0.005439
2 2 0.001727 0.116763 0.854827 0.000873 0.025809
2 2 0.001896 0.103766 0.869746 0.007518 0.017073
2 2 0.000597 0.064300 0.914561 0.016193 0.004348
2 2 0.001587 0.113482 0.869060 0.003178 0.012693
2 2 0.000009 0.002657 0.812905 0.184119 0.000310
2 2 0.008491 0.324615 0.574308 0.030087 0.062499
1 2 0.084893 0.571413 0.244717 0.000729 0.098248
2 2 0.002283 0.197598 0.607252 0.112183 0.080684
2 2 0.000814 0.049362 0.942830 0.004090 0.002904
2 2 0.002670 0.149203 0.829621 0.004056 0.014450
2 2 0.006765 0.185045 0.779323 0.000348 0.028519
2 2 0.001184 0.108033 0.841362 0.008802 0.040619
2 2 0.001994 0.112249 0.853436 0.012158 0.020163
2 2 0.002444 0.097170 0.793022 0.078815 0.028549
2 2 0.023952 0.281854 0.600664 0.004987 0.088543
2 2 0.007469 0.224419 0.726685 0.016740 0.024686
2 2 0.016587 0.377104 0.521775 0.002890 0.081643
2 2 0.003276 0.172917 0.699106 0.099935 0.024766
2 2 0.011923 0.312575 0.616913 0.001619 0.056971
2 2 0.016547 0.053409 0.920327 0.006794 0.002923
1 2 0.051610 0.475612 0.206369 0.000242 0.266167
0 0 0.539557 0.267596 0.052119 0.000618 0.140110
0 0 0.951088 0.025776 0.014708 0.000098 0.008331
0 0 0.649975 0.062508 0.017759 0.000018 0.269741
0 0 0.640651 0.102280 0.031489 0.000269 0.225312
4 0 0.036305 0.030587 0.007259 0.000022 0.925827
0 0 0.600657 0.255620 0.077947 0.000811 0.064965
1 0 0.178215 0.399303 0.099526 0.000254 0.322702
1 0 0.021283 0.419062 0.267406 0.004408 0.287841
1 4 0.011654 0.369639 0.365732 0.015897 0.237078
2 4 0.007267 0.255203 0.559010 0.000627 0.177893
1 4 0.040819 0.430838 0.197599 0.000245 0.330500
1 4 0.021796 0.409733 0.254168 0.003019 0.311285
2 4 0.012560 0.342784 0.498037 0.002115 0.144504
4 4 0.014782 0.343056 0.233401 0.003299 0.405461
2 4 0.010344 0.334645 0.559712 0.007787 0.087512
4 4 0.011879 0.126142 0.063107 0.001080 0.797791
4 4 0.031022 0.223941 0.092169 0.000476 0.652392
4 4 0.050516 0.191225 0.060585 0.000319 0.697356
4 4 0.014969 0.311821 0.299226 0.000328 0.373657
4 4 0.032085 0.197780 0.075250 0.000235 0.694650
2 4 0.012916 0.313663 0.337178 0.007624 0.328619
1 4 0.082598 0.488619 0.186716 0.001471 0.240595
4 4 0.058485 0.149689 0.040664 0.000250 0.750912
4 4 0.135641 0.297848 0.075463 0.000408 0.490640
4 4 0.030434 0.088564 0.024833 0.000071 0.856099
4 4 0.068811 0.187648 0.054211 0.001151 0.688179
4 4 0.066160 0.031540 0.004291 0.000017 0.897993
4 4 0.039551 0.334985 0.145984 0.000622 0.478858
4 4 0.008680 0.036889 0.013428 0.001269 0.939734
4 4 0.059978 0.344385 0.129124 0.000724 0.465788
4 4 0.024320 0.206481 0.090262 0.000378 0.678559
4 4 0.082065 0.389151 0.126429 0.000080 0.402275
4 4 0.066032 0.156239 0.042018 0.000545 0.735164
4 4 0.101890 0.154649 0.032880 0.000069 0.710512
4 4 0.006574 0.217777 0.229400 0.000981 0.545269
4 4 0.052708 0.306909 0.116238 0.000737 0.523408
4 4 0.038728 0.034880 0.006792 0.000795 0.918804
4 4 0.059708 0.270556 0.092501 0.000569 0.576666
4 4 0.026295 0.063545 0.017845 0.000664 0.891650
4 4 0.260483 0.241083 0.043509 0.000356 0.454569
4 4 0.030371 0.237051 0.100264 0.000448 0.631866
4 4 0.029178 0.150180 0.054955 0.000529 0.765158
4 4 0.020783 0.171457 0.079462 0.003461 0.724837
4 4 0.086293 0.250202 0.068723 0.000119 0.594662
4 4 0.012624 0.046147 0.014976 0.000239 0.926014
4 4 0.029372 0.157398 0.055626 0.000095 0.757509
4 4 0.013164 0.150069 0.084405 0.000971 0.751392
4 4 0.030248 0.091952 0.026375 0.000089 0.851336
1 4 0.057224 0.447943 0.176273 0.000076 0.318483
4 4 0.014118 0.137102 0.067496 0.002324 0.778959
4 4 0.022023 0.251672 0.126156 0.000934 0.599214
4 4 0.117687 0.102014 0.017371 0.000042 0.762885
4 4 0.023088 0.264656 0.135342 0.001906 0.575009
1 4 0.016707 0.376847 0.367188 0.001848 0.237409
4 4 0.022042 0.213017 0.098992 0.000553 0.665397
4 4 0.121606 0.270953 0.072771 0.002268 0.532403
1 4 0.065655 0.434074 0.165578 0.000253 0.334440
4 4 0.021903 0.128706 0.121625 0.000382 0.727384
4 4 0.080374 0.186257 0.046772 0.000082 0.686516
4 4 0.027844 0.350487 0.176047 0.000395 0.445227
2 4 0.009573 0.264547 0.701006 0.009162 0.015711
4 4 0.026240 0.352973 0.236740 0.000667 0.383380
4 4 0.023775 0.297381 0.162248 0.006284 0.510312
1 4 0.187993 0.469090 0.122892 0.000406 0.219619
2 4 0.015041 0.201153 0.652651 0.000037 0.131118
1 4 0.038157 0.441673 0.213435 0.000439 0.306295
4 4 0.017205 0.264026 0.142609 0.000230 0.575929
4 4 0.019797 0.227409 0.111762 0.000388 0.640644
4 4 0.094685 0.375076 0.114974 0.000121 0.415145
4 4 0.064815 0.283515 0.098648 0.001801 0.551220
1 4 0.082459 0.421613 0.148750 0.000556 0.346622
1 4 0.026882 0.391116 0.389126 0.001722 0.191153
4 4 0.037173 0.300557 0.126630 0.000319 0.535320
1 4 0.023428 0.399574 0.234487 0.001610 0.340902
4 4 0.020616 0.238063 0.120082 0.000942 0.620297
2 4 0.008558 0.310794 0.458263 0.005165 0.217219
1 4 0.073114 0.475153 0.202572 0.017687 0.231473
1 4 0.077336 0.445847 0.169631 0.001588 0.305598
4 4 0.008962 0.211771 0.146843 0.002785 0.629639
2 4 0.007750 0.283092 0.594467 0.002796 0.111895
2 4 0.006473 0.272577 0.573049 0.004264 0.143637
2 4 0.011866 0.357482 0.396451 0.006792 0.227409
2 4 0.002696 0.188283 0.699630 0.007056 0.102335
2 2 0.000620 0.085506 0.878339 0.015129 0.020407
1 2 0.029262 0.477424 0.281239 0.004346 0.207729
2 2 0.000877 0.074301 0.909260 0.000314 0.015248
2 2 0.000697 0.073363 0.912997 0.002116 0.010827
2 2 0.001305 0.117782 0.846848 0.005579 0.028486
4 2 0.017366 0.335635 0.258644 0.000583 0.387772
4 2 0.018304 0.328613 0.200825 0.002545 0.449714
2 2 0.007777 0.262209 0.675056 0.001952 0.053007
2 2 0.000293 0.038838 0.914940 0.029543 0.016387
1 2 0.031532 0.437137 0.361065 0.000383 0.169882
2 2 0.108985 0.369497 0.442703 0.001078 0.077736
4 2 0.008852 0.215697 0.152718 0.003857 0.618876
1 2 0.027165 0.410238 0.240491 0.008601 0.313506
1 2 0.038955 0.407338 0.233426 0.027733 0.292548
4 2 0.338111 0.216185 0.054590 0.000263 0.390852
0 2 0.424557 0.134585 0.047636 0.000186 0.393036
1 2 0.022186 0.382871 0.232532 0.004287 0.358125
2 2 0.008888 0.355450 0.413336 0.071069 0.151257
1 2 0.025880 0.486843 0.314835 0.012223 0.160218
2 2 0.019325 0.399013 0.518483 0.003516 0.059662
2 2 0.002193 0.195606 0.604838 0.044786 0.152577
2 2 0.000055 0.009433 0.981195 0.008759 0.000557
2 2 0.001829 0.080837 0.896480 0.000244 0.020610
2 2 0.002306 0.166693 0.763583 0.006188 0.061230
2 2 0.013347 0.367238 0.524116 0.006549 0.088751
2 2 0.000983 0.089255 0.891967 0.001770 0.016025
2 2 0.001680 0.115542 0.853912 0.000795 0.028072
2 2 0.000334 0.045864 0.947668 0.002099 0.004036
2 2 0.013228 0.351168 0.586316 0.008642 0.040646
2 2 0.000106 0.032345 0.932328 0.028864 0.006357
2 2 0.000779 0.045222 0.948394 0.002928 0.002676
2 2 0.001308 0.081348 0.822181 0.087504 0.007659
2 2 0.000263 0.025683 0.961549 0.009271 0.003233
2 2 0.000152 0.019345 0.958710 0.021180 0.000612
2 2 0.000079 0.021514 0.902017 0.065608 0.010783
2 2 0.003083 0.083004 0.899318 0.004847 0.009748
2 2 0.000073 0.027307 0.878502 0.090882 0.003235
2 2 0.001777 0.106199 0.775230 0.080729 0.036066
2 2 0.003957 0.193323 0.631117 0.025124 0.146479
2 2 0.000050 0.016627 0.936290 0.045504 0.001528
2 3 0.001746 0.092411 0.838287 0.058573 0.008983
2 3 0.000126 0.026777 0.932969 0.026629 0.013500
2 3 0.000030 0.006598 0.567662 0.424226 0.001484
2 3 0.000914 0.064559 0.844831 0.082852 0.006845
2 3 0.001040 0.088448 0.673198 0.218854 0.018460
2 3 0.001662 0.087695 0.770777 0.124356 0.015510
2 3 0.001418 0.031300 0.501865 0.458746 0.006671
2 3 0.002971 0.070798 0.642511 0.270218 0.013502
2 3 0.000331 0.033265 0.859895 0.102976 0.003533
2 3 0.001655 0.061779 0.894489 0.038817 0.003260
2 3 0.001544 0.091726 0.875499 0.009627 0.021604
2 3 0.000170 0.016738 0.742902 0.237728 0.002462
3 3 0.000275 0.005705 0.369305 0.623827 0.000888
3 3 0.000150 0.009659 0.359364 0.627768 0.003060
3 3 0.000831 0.028358 0.351269 0.608948 0.010595
2 3 0.002804 0.156853 0.720632 0.094938 0.024772
2 3 0.000589 0.045590 0.835305 0.114056 0.004460
2 3 0.001247 0.039135 0.719362 0.235279 0.004978
3 3 0.000021 0.001697 0.222789 0.774956 0.000536
2 3 0.000029 0.016759 0.704777 0.271529 0.006906
2 3 0.000002 0.000454 0.738481 0.261034 0.000030
2 3 0.002056 0.096754 0.487882 0.384994 0.028313
2 3 0.000088 0.002391 0.570223 0.427111 0.000187
3 3 0.003353 0.033828 0.129920 0.815417 0.017482
3 3 0.000155 0.005183 0.228587 0.764647 0.001428
2 3 0.001506 0.046107 0.647241 0.297049 0.008096
3 3 0.002681 0.052491 0.298644 0.628686 0.017497
3 3 0.000045 0.004643 0.468354 0.526095 0.000863
3 3 0.001391 0.042354 0.264560 0.675042 0.016653
3 3 0.000660 0.010398 0.320632 0.666279 0.002031
3 3 0.000270 0.013491 0.139023 0.838712 0.008504
3 3 0.000040 0.001733 0.068234 0.928864 0.001128
3 3 0.002690 0.046170 0.441461 0.496600 0.013078
3 3 0.000535 0.006267 0.138283 0.853122 0.001793
3 3 0.000368 0.005203 0.136365 0.856478 0.001587
3 3 0.000074 0.005496 0.406363 0.586936 0.001130
3 3 0.002436 0.016391 0.106502 0.868138 0.006533
3 3 0.003941 0.015981 0.107942 0.866635 0.005502
3 3 0.004930 0.057752 0.333090 0.588314 0.015913
3 3 0.000003 0.000301 0.407824 0.591839 0.000033
3 3 0.001093 0.024422 0.185478 0.777385 0.011623
2 3 0.000079 0.019376 0.630643 0.344901 0.005001
2 3 0.004061 0.052239 0.802492 0.138067 0.003141
3 3 0.000118 0.012350 0.448777 0.535199 0.003556
3 3 0.000835 0.045370 0.293021 0.637868 0.022905
3 3 0.002140 0.032988 0.272192 0.674252 0.018428
3 3 0.000710 0.031708 0.404143 0.553297 0.010142
3 3 0.000677 0.018370 0.145220 0.825058 0.010674
3 3 0.000153 0.000858 0.105126 0.893722 0.000141
3 3 0.000021 0.001085 0.091545 0.906859 0.000491
3 3 0.000017 0.000297 0.028029 0.971495 0.000163
3 3 0.000486 0.010840 0.064654 0.912685 0.011335
3 3 0.003128 0.050154 0.413656 0.521850 0.011212
3 3 0.000016 0.002873 0.196316 0.799260 0.001536
3 3 0.000058 0.003484 0.216124 0.779171 0.001164
3 3 0.001028 0.003432 0.016394 0.975904 0.003241
3 3 0.003610 0.050836 0.450578 0.485497 0.009479
3 3 0.000117 0.003796 0.099736 0.894367 0.001984
3 3 0.001012 0.007461 0.068876 0.918816 0.003835
3 3 0.000808 0.006359 0.032307 0.954299 0.006227
3 3 0.012257 0.076555 0.412228 0.453679 0.045280
2 3 0.021093 0.236536 0.512227 0.091569 0.138574
2 3 0.000650 0.037376 0.688024 0.268031 0.005919
2 2 0.001938 0.102564 0.821315 0.065311 0.008871
2 2 0.001206 0.092017 0.656022 0.213484 0.037271
2 2 0.002163 0.146965 0.822915 0.012783 0.015174
2 2 0.012654 0.390474 0.412160 0.021765 0.162948
2 2 0.000340 0.030329 0.953658 0.000133 0.015540
2 2 0.000155 0.035042 0.905209 0.049783 0.009811
2 2 0.000346 0.061635 0.909878 0.006771 0.021370
2 2 0.008752 0.089515 0.688697 0.035346 0.177690
2 2 0.010316 0.350937 0.543656 0.024637 0.070453
2 2 0.000675 0.094990 0.762524 0.072238 0.069573
2 2 0.000021 0.007710 0.915659 0.075140 0.001471
2 2 0.000315 0.068363 0.737463 0.112977 0.080882
2 2 0.002285 0.200957 0.581586 0.051864 0.163308
2 2 0.003477 0.196872 0.714081 0.039840 0.045730
1 2 0.030575 0.400085 0.252286 0.000230 0.316824
4 2 0.017728 0.331908 0.200767 0.001012 0.448585
4 4 0.012733 0.210978 0.121497 0.000571 0.654222
4 4 0.026085 0.166306 0.067211 0.000400 0.739998
4 4 0.040230 0.127830 0.040233 0.000764 0.790943
4 4 0.102086 0.113987 0.023603 0.001327 0.758996
4 4 0.033301 0.198300 0.077928 0.001170 0.689302
4 4 0.011404 0.159031 0.100517 0.000427 0.728621
4 4 0.055380 0.363355 0.201603 0.000685 0.378977
4 4 0.019148 0.074518 0.026910 0.000098 0.879326
4 4 0.007276 0.231963 0.231315 0.001198 0.528248
4 4 0.023597 0.302703 0.210235 0.002575 0.460889
4 4 0.031592 0.246130 0.108434 0.001985 0.611858
4 4 0.019993 0.100141 0.037046 0.000709 0.842111
4 4 0.013643 0.137357 0.121695 0.004450 0.722855
4 4 0.162081 0.282767 0.064303 0.000213 0.490635
4 4 0.035886 0.356929 0.168924 0.001302 0.436959
4 4 0.045315 0.378352 0.161940 0.000471 0.413923
4 4 0.012815 0.257064 0.158017 0.000503 0.571601
4 4 0.026544 0.319942 0.164975 0.001599 0.486939
4 4 0.084407 0.292302 0.090937 0.000949 0.531405
1 4 0.093521 0.498673 0.240095 0.000451 0.167261
4 4 0.040803 0.193604 0.068964 0.000850 0.695779
4 4 0.010974 0.078913 0.032892 0.000238 0.876984
4 4 0.027456 0.328683 0.169109 0.000470 0.474281
4 4 0.035774 0.369015 0.164438 0.000101 0.430672
4 4 0.023217 0.293968 0.153597 0.001160 0.528059
1 4 0.032156 0.461276 0.298796 0.001132 0.206641
4 4 0.054409 0.346069 0.135691 0.000844 0.462987
4 4 0.117159 0.114997 0.024583 0.000035 0.743226
0 4 0.372105 0.347714 0.054737 0.000004 0.225439
4 4 0.017394 0.319000 0.190185 0.000773 0.472648
1 4 0.054187 0.561792 0.269939 0.002386 0.111697
1 4 0.043997 0.520641 0.295545 0.001498 0.138319
4 4 0.010104 0.287655 0.214713 0.004019 0.483510
4 4 0.009066 0.156131 0.118238 0.019421 0.697144
2 4 0.006127 0.257168 0.623026 0.003010 0.110669
2 4 0.022193 0.376585 0.437265 0.000244 0.163713
2 4 0.004545 0.245732 0.510900 0.008075 0.230747
1 4 0.190072 0.407245 0.117017 0.000770 0.284896
0 4 0.341002 0.320937 0.096124 0.000462 0.241475
1 4 0.013971 0.366590 0.268462 0.008634 0.342342
1 4 0.158244 0.529455 0.153408 0.000282 0.158611
4 4 0.021898 0.273172 0.147649 0.004245 0.553035
4 4 0.024709 0.340723 0.187140 0.002442 0.444986
4 4 0.023313 0.377471 0.214060 0.000927 0.384229
1 4 0.049140 0.539944 0.263726 0.001764 0.145426
1 4 0.099088 0.592962 0.242596 0.005171 0.060182
0 4 0.753859 0.168472 0.043706 0.001580 0.032382
1 4 0.099879 0.575457 0.227555 0.009296 0.087813
1 4 0.099956 0.422470 0.143371 0.001991 0.332211
1 4 0.036976 0.500273 0.417654 0.006770 0.038327
1 0 0.295877 0.492040 0.109522 0.000428 0.102133
1 0 0.078149 0.541503 0.224056 0.003125 0.153167
1 4 0.025191 0.474276 0.306569 0.015451 0.178513
1 4 0.046038 0.492249 0.287325 0.019111 0.155277
1 4 0.031388 0.498976 0.292750 0.005791 0.171095
1 4 0.064065 0.511120 0.270237 0.006475 0.148102
1 4 0.045703 0.451649 0.338855 0.004038 0.159755
2 4 0.000419 0.047960 0.946955 0.001010 0.003655
1 2 0.013391 0.357511 0.318274 0.004738 0.306086
2 2 0.000229 0.041282 0.935048 0.000842 0.022599
2 2 0.000540 0.066539 0.893817 0.000396 0.038708
2 2 0.033444 0.184290 0.704649 0.002743 0.074874
2 2 0.005459 0.243786 0.673205 0.004511 0.073039
2 2 0.001987 0.106521 0.843822 0.001376 0.046295
2 2 0.000393 0.015832 0.981484 0.000789 0.001502
2 2 0.006158 0.223706 0.680025 0.000427 0.089684
2 2 0.006541 0.203170 0.766890 0.000451 0.022948
2 2 0.008173 0.324615 0.551681 0.024619 0.090912
4 2 0.019890 0.317879 0.176594 0.000437 0.485200
2 2 0.000019 0.002681 0.981581 0.015677 0.000042
2 2 0.001156 0.110714 0.850371 0.003996 0.033763
2 2 0.004486 0.091052 0.842647 0.031011 0.030804
2 2 0.001155 0.100772 0.866518 0.001232 0.030323
2 2 0.000547 0.080578 0.875462 0.005618 0.037795
2 2 0.000752 0.081312 0.890943 0.001360 0.025633
2 2 0.001625 0.075376 0.852720 0.017205 0.053074
1 2 0.116980 0.538466 0.179025 0.000425 0.165104
1 2 0.030126 0.490393 0.330642 0.012772 0.136067
1 2 0.029963 0.507799 0.389359 0.024155 0.048724
4 2 0.048882 0.282052 0.111010 0.002878 0.555178
2 2 0.002406 0.165737 0.789090 0.020808 0.021959
2 2 0.003794 0.181171 0.794093 0.007389 0.013554
1 2 0.097331 0.403032 0.207211 0.023901 0.268525
2 2 0.000620 0.059694 0.915406 0.005266 0.019014
2 2 0.004140 0.241779 0.471919 0.013089 0.269073
4 2 0.018252 0.294249 0.316727 0.007626 0.363146
2 2 0.001750 0.156988 0.762621 0.017062 0.061579
2 2 0.000471 0.043580 0.937443 0.004196 0.014311
2 2 0.001754 0.139736 0.714048 0.005066 0.139395
2 2 0.004171 0.196190 0.753706 0.006054 0.039879
2 2 0.004572 0.073631 0.889383 0.013082 0.019331
2 2 0.000351 0.058653 0.908176 0.001696 0.031125
2 2 0.000824 0.069185 0.871350 0.003029 0.055612
2 2 0.000346 0.045545 0.942274 0.000265 0.011569
2 2 0.000272 0.031651 0.954458 0.000110 0.013510
2 2 0.002361 0.193686 0.681528 0.041730 0.080696
2 2 0.000165 0.026965 0.948135 0.004879 0.019855
2 2 0.000052 0.025259 0.925124 0.040188 0.009378
2 2 0.000039 0.014650 0.977570 0.005172 0.002570
2 2 0.000086 0.026525 0.962012 0.002529 0.008847
2 2 0.004578 0.225981 0.545971 0.001987 0.221483
2 2 0.012825 0.306114 0.502502 0.000268 0.178292
2 2 0.000070 0.013261 0.720339 0.262658 0.003671
2 2 0.007869 0.159646 0.691999 0.094937 0.045549
2 2 0.004071 0.144901 0.565021 0.003764 0.282243
1 2 0.259644 0.399462 0.149184 0.020806 0.170904
0 0 0.613835 0.087930 0.063425 0.000671 0.234139
4 0 0.356531 0.020518 0.003720 0.000002 0.619230
4 0 0.056011 0.352134 0.136722 0.000720 0.454414
2 1 0.002003 0.176877 0.710054 0.053604 0.057462
2 1 0.002892 0.195158 0.710319 0.009849 0.081783
2 1 0.002257 0.048642 0.919555 0.023474 0.006073
2 1 0.013059 0.366291 0.378234 0.005722 0.236694
2 1 0.000762 0.076412 0.824287 0.090187 0.008352
2 2 0.003864 0.178108 0.795836 0.002828 0.019364
2 2 0.002001 0.109734 0.868942 0.003001 0.016322
2 2 0.010938 0.339167 0.477140 0.004266 0.168489
2 2 0.002039 0.106876 0.876553 0.001508 0.013024
2 2 0.011325 0.314167 0.618345 0.002688 0.053475
1 2 0.054151 0.446749 0.196436 0.001763 0.300902
1 2 0.061907 0.564168 0.306332 0.001354 0.066240
1 2 0.028345 0.499445 0.310839 0.011110 0.150260
2 2 0.004102 0.202684 0.758237 0.007604 0.027374
0 2 0.605182 0.148641 0.013464 0.000001 0.232712
0 0 0.709576 0.180916 0.040914 0.000142 0.068452
1 0 0.013786 0.377335 0.315947 0.009550 0.283381
4 0 0.022536 0.168272 0.070054 0.000320 0.738817
1 4 0.025379 0.379732 0.214259 0.002326 0.378303
4 4 0.015044 0.278105 0.164679 0.000463 0.541709
2 4 0.002089 0.173756 0.706994 0.011751 0.105410
2 4 0.000141 0.031694 0.960390 0.002867 0.004908
4 4 0.013081 0.350042 0.258186 0.007960 0.370731
2 2 0.007338 0.245263 0.725526 0.008040 0.013833
2 2 0.001784 0.128197 0.847775 0.005192 0.017052
4 2 0.026051 0.201477 0.088071 0.001324 0.683076
1 2 0.084489 0.450216 0.168520 0.002698 0.294076
2 2 0.000235 0.049203 0.851208 0.092817 0.006538
2 2 0.009614 0.288651 0.620458 0.001268 0.080009
2 2 0.000387 0.060483 0.915217 0.017344 0.006568
2 2 0.000689 0.076375 0.901594 0.011175 0.010168
0 2 0.600819 0.232176 0.029297 0.000254 0.137455
1 0 0.140653 0.588241 0.200456 0.004565 0.066085
