0 0 0.906646 0.030460 0.012665 0.001656 0.048574
0 0 0.991563 0.001581 0.000800 0.000076 0.005980
0 0 0.997649 0.001242 0.000650 0.000004 0.000454
0 0 0.989603 0.005745 0.002708 0.000002 0.001941
0 1 0.645972 0.194463 0.078995 0.001373 0.079197
0 1 0.614047 0.257819 0.088856 0.001786 0.037492
0 4 0.968867 0.015398 0.008922 0.000349 0.006463
0 4 0.807423 0.132370 0.052731 0.000434 0.007043
0 4 0.879048 0.052433 0.019426 0.000922 0.048172
0 4 0.426541 0.310885 0.216332 0.011260 0.034982
0 4 0.534398 0.233941 0.216174 0.004576 0.010912
2 4 0.002037 0.165375 0.820116 0.000222 0.012249
2 1 0.000213 0.027114 0.948622 0.019375 0.004676
2 1 0.012970 0.225398 0.407061 0.204363 0.150208
2 2 0.010354 0.046648 0.927655 0.013463 0.001881
2 2 0.000330 0.052850 0.938724 0.006064 0.002031
3 2 0.003082 0.011478 0.364839 0.619270 0.001331
2 2 0.007988 0.091751 0.808775 0.077345 0.014142
3 2 0.001512 0.026798 0.272153 0.693638 0.005900
3 2 0.000086 0.000997 0.055941 0.942765 0.000211
2 2 0.003585 0.042776 0.889832 0.061800 0.002008
2 2 0.001004 0.116044 0.869383 0.003786 0.009783
3 3 0.000346 0.009076 0.224110 0.762689 0.003778
2 3 0.001991 0.129152 0.826336 0.004058 0.038462
2 3 0.010182 0.096723 0.577030 0.102201 0.213864
2 3 0.000447 0.060435 0.838311 0.078841 0.021966
2 3 0.000616 0.071172 0.872024 0.032169 0.024020
2 2 0.005227 0.201842 0.678002 0.005980 0.108948
2 2 0.001932 0.029988 0.902441 0.010139 0.055501
2 2 0.001386 0.090775 0.762844 0.092249 0.052747
2 1 0.000918 0.037049 0.868902 0.052360 0.040771
2 1 0.031991 0.079723 0.686657 0.080832 0.120797
2 1 0.002827 0.118815 0.669479 0.001758 0.207121
4 1 0.011274 0.168339 0.295308 0.007060 0.518019
4 1 0.009482 0.069831 0.107061 0.002392 0.811234
2 1 0.011735 0.341130 0.541767 0.000574 0.104795
4 1 0.007989 0.116224 0.126652 0.001855 0.747280
2 1 0.003038 0.162390 0.664356 0.006193 0.164023
4 1 0.010509 0.188311 0.343482 0.001118 0.456581
1 1 0.057868 0.501812 0.316242 0.006177 0.117901
2 1 0.001555 0.060754 0.603119 0.295631 0.038941
2 1 0.000791 0.094346 0.876590 0.013620 0.014654
2 2 0.007517 0.153724 0.813601 0.016340 0.008818
2 2 0.004547 0.237484 0.713269 0.006281 0.038419
2 2 0.003107 0.107143 0.882571 0.003048 0.004131
2 2 0.005134 0.046216 0.773416 0.170322 0.004913
3 2 0.002108 0.024094 0.129797 0.832127 0.011875
3 2 0.004449 0.080500 0.370910 0.523318 0.020823
2 3 0.000576 0.021637 0.728539 0.248298 0.000950
2 3 0.000296 0.015279 0.869306 0.113741 0.001379
2 3 0.000404 0.030146 0.488880 0.472802 0.007768
3 3 0.000401 0.006991 0.153569 0.836827 0.002213
3 3 0.000384 0.001446 0.217398 0.780730 0.000042
3 3 0.000155 0.000725 0.138541 0.860503 0.000077
3 3 0.000100 0.009554 0.371171 0.616698 0.002476
3 3 0.002536 0.002901 0.188259 0.805972 0.000331
3 3 0.001024 0.007942 0.202181 0.787423 0.001430
3 3 0.000002 0.000088 0.035639 0.964254 0.000016
3 3 0.002267 0.003502 0.144853 0.849021 0.000356
3 3 0.014633 0.018813 0.136863 0.824061 0.005630
3 3 0.000206 0.000280 0.056074 0.943414 0.000026
3 3 0.000882 0.003434 0.092368 0.901855 0.001461
3 3 0.021214 0.010289 0.117543 0.849744 0.001210
3 3 0.000992 0.001891 0.056787 0.939822 0.000508
3 3 0.001710 0.001170 0.014652 0.981927 0.000540
3 3 0.001577 0.000728 0.016900 0.980527 0.000268
3 3 0.011500 0.006773 0.044035 0.933209 0.004483
3 3 0.000177 0.001129 0.040187 0.958167 0.000340
3 3 0.000004 0.000036 0.010201 0.989749 0.000010
3 3 0.002137 0.000212 0.003745 0.993812 0.000095
3 3 0.002372 0.000066 0.001946 0.995596 0.000020
3 3 0.000006 0.000018 0.007450 0.992524 0.000003
3 3 0.003340 0.000582 0.006920 0.988881 0.000278
3 3 0.000323 0.000075 0.003270 0.996304 0.000027
3 3 0.000354 0.000155 0.005390 0.994042 0.000059
3 3 0.009825 0.001399 0.009331 0.978691 0.000755
3 3 0.000060 0.000146 0.009292 0.990454 0.000047
3 3 0.000581 0.000050 0.003692 0.995667 0.000009
3 3 0.000036 0.000042 0.004977 0.994934 0.000011
3 3 0.000158 0.000020 0.001508 0.998307 0.000007
3 3 0.000139 0.000212 0.009322 0.990251 0.000075
3 3 0.000011 0.000001 0.000405 0.999582 0.000000
3 3 0.000537 0.000026 0.001221 0.998205 0.000010
3 3 0.000281 0.000064 0.002988 0.996643 0.000023
3 3 0.008543 0.001274 0.011864 0.977830 0.000490
3 3 0.000453 0.000099 0.015781 0.983661 0.000006
3 3 0.001865 0.000030 0.000896 0.997196 0.000013
3 3 0.001680 0.000107 0.002418 0.995750 0.000046
3 3 0.000266 0.000276 0.009148 0.990206 0.000104
3 3 0.000000 0.000000 0.000375 0.999624 0.000000
3 3 0.000054 0.000092 0.006811 0.993014 0.000029
3 3 0.000133 0.000016 0.001921 0.997923 0.000008
3 3 0.005465 0.000319 0.003729 0.990330 0.000157
3 3 0.004677 0.000320 0.003930 0.990919 0.000154
3 3 0.001608 0.000180 0.003635 0.994499 0.000078
3 3 0.000041 0.000017 0.002453 0.997485 0.000004
3 3 0.000045 0.000028 0.002947 0.996971 0.000009
3 3 0.001947 0.000471 0.007071 0.990297 0.000214
3 3 0.004725 0.000066 0.001189 0.993989 0.000031
3 3 0.003113 0.000210 0.003493 0.993080 0.000105
3 3 0.000383 0.000031 0.001548 0.998026 0.000011
3 3 0.004792 0.000339 0.004075 0.990629 0.000164
3 3 0.034604 0.002117 0.008265 0.953722 0.001293
3 3 0.044704 0.009994 0.024042 0.914685 0.006575
3 3 0.003380 0.000168 0.002698 0.993677 0.000078
3 3 0.001737 0.000140 0.002932 0.995131 0.000061
3 3 0.011426 0.000346 0.003085 0.984962 0.000181
3 3 0.002991 0.000506 0.008353 0.987975 0.000174
3 3 0.001453 0.000783 0.019556 0.978026 0.000181
3 3 0.001505 0.001170 0.015967 0.980793 0.000565
3 3 0.002797 0.035268 0.373844 0.581651 0.006440
3 3 0.000312 0.001387 0.029203 0.968541 0.000557
3 3 0.000273 0.000389 0.017198 0.982047 0.000093
3 3 0.000059 0.000131 0.011075 0.988703 0.000031
3 3 0.000387 0.001061 0.084808 0.913610 0.000133
3 3 0.000767 0.007935 0.227634 0.761720 0.001944
3 3 0.000313 0.000375 0.010933 0.988236 0.000144
3 3 0.000261 0.002216 0.075469 0.921182 0.000872
3 3 0.000366 0.001829 0.042803 0.954438 0.000564
3 3 0.001139 0.002753 0.033826 0.961115 0.001167
3 3 0.001924 0.006903 0.075584 0.913427 0.002162
3 3 0.003290 0.009288 0.212323 0.774269 0.000830
3 3 0.000911 0.008788 0.365068 0.624497 0.000736
3 3 0.001830 0.006824 0.154688 0.835665 0.000994
3 3 0.000032 0.000315 0.029722 0.969869 0.000062
3 3 0.000263 0.000431 0.021064 0.978110 0.000132
3 3 0.000011 0.000486 0.072486 0.926925 0.000092
2 3 0.002393 0.016968 0.813062 0.166196 0.001380
3 3 0.000526 0.002564 0.060235 0.935810 0.000864
3 3 0.005683 0.007671 0.230977 0.751971 0.003698
3 3 0.000323 0.000528 0.063454 0.935647 0.000048
3 3 0.000029 0.001359 0.480934 0.517617 0.000062
3 3 0.000126 0.001370 0.043479 0.954438 0.000587
3 3 0.000129 0.000197 0.009051 0.990555 0.000069
3 3 0.008862 0.039172 0.394690 0.546433 0.010842
2 3 0.005145 0.010429 0.837620 0.145964 0.000842
3 3 0.000927 0.000766 0.014822 0.983201 0.000283
3 3 0.000694 0.001699 0.039253 0.957736 0.000617
2 3 0.003964 0.010985 0.670772 0.313599 0.000680
3 3 0.005929 0.012595 0.197961 0.773837 0.009678
3 3 0.000510 0.000489 0.030110 0.968832 0.000059
3 3 0.001628 0.007654 0.078194 0.908369 0.004155
3 3 0.004118 0.017923 0.177737 0.796678 0.003545
3 3 0.002096 0.015773 0.195896 0.783217 0.003018
3 3 0.000499 0.004280 0.190920 0.803729 0.000572
3 3 0.004856 0.003224 0.199236 0.792383 0.000300
3 3 0.000030 0.000267 0.033409 0.966242 0.000052
2 3 0.035666 0.094739 0.465104 0.391804 0.012687
3 3 0.036747 0.020887 0.167470 0.752945 0.021950
3 3 0.000771 0.009455 0.448299 0.540530 0.000944
3 3 0.005071 0.021430 0.375335 0.596276 0.001889
3 3 0.005400 0.012751 0.113214 0.863166 0.005470
3 3 0.000463 0.003824 0.069500 0.925010 0.001203
3 3 0.000005 0.000178 0.059145 0.940656 0.000016
3 3 0.000261 0.000943 0.119773 0.878891 0.000132
3 3 0.010392 0.006275 0.094281 0.886569 0.002483
2 3 0.000051 0.002740 0.551039 0.446042 0.000128
3 3 0.000108 0.007556 0.323888 0.667225 0.001223
2 3 0.001448 0.003810 0.515905 0.478635 0.000202
3 3 0.000602 0.003193 0.081740 0.913834 0.000631
3 3 0.000831 0.002739 0.195784 0.800514 0.000133
3 3 0.000830 0.005046 0.188163 0.805281 0.000681
3 3 0.021582 0.037912 0.200245 0.731260 0.009001
3 3 0.001987 0.005329 0.090037 0.901616 0.001031
3 3 0.003465 0.013946 0.133616 0.845604 0.003370
2 3 0.016627 0.234019 0.683922 0.025321 0.040111
2 3 0.000630 0.055940 0.792314 0.142787 0.008329
2 3 0.006674 0.055924 0.677371 0.257225 0.002807
3 3 0.000179 0.001908 0.141699 0.855988 0.000226
3 3 0.000182 0.008536 0.287288 0.701725 0.002270
2 3 0.003398 0.021769 0.570423 0.403347 0.001063
2 3 0.003413 0.143799 0.787019 0.051709 0.014060
2 3 0.002042 0.129202 0.845528 0.015492 0.007736
2 3 0.006279 0.252815 0.687169 0.011884 0.041853
2 2 0.006607 0.140834 0.579482 0.238544 0.034533
2 2 0.000623 0.049191 0.789177 0.157275 0.003734
2 2 0.013066 0.341080 0.601019 0.007915 0.036920
3 2 0.003113 0.081993 0.431219 0.464887 0.018788
2 2 0.001652 0.063718 0.899486 0.033925 0.001218
2 2 0.022531 0.430309 0.528932 0.002106 0.016122
2 2 0.014169 0.244713 0.579616 0.127260 0.034242
2 2 0.002840 0.073019 0.878576 0.040478 0.005087
2 2 0.019130 0.140818 0.449673 0.272654 0.117725
2 2 0.021819 0.266652 0.669835 0.018590 0.023104
1 2 0.038449 0.494190 0.398686 0.006769 0.061905
2 2 0.000336 0.042394 0.916488 0.036164 0.004619
2 2 0.014957 0.328631 0.448896 0.029513 0.178002
2 2 0.030690 0.371568 0.415228 0.069520 0.112994
2 2 0.039377 0.288042 0.353878 0.091137 0.227565
1 2 0.051442 0.575660 0.278746 0.001952 0.092201
2 2 0.030162 0.191148 0.528491 0.109699 0.140500
2 2 0.007517 0.169649 0.490934 0.011041 0.320858
2 2 0.014447 0.320120 0.636509 0.008824 0.020101
2 2 0.006969 0.257349 0.674174 0.015560 0.045948
2 2 0.000363 0.024254 0.754150 0.217664 0.003570
3 2 0.002362 0.011673 0.166703 0.815649 0.003613
2 2 0.002819 0.160643 0.795533 0.014811 0.026194
1 2 0.064152 0.364476 0.179832 0.102328 0.289213
3 2 0.000609 0.015754 0.277513 0.703149 0.002975
3 2 0.000160 0.005573 0.315974 0.677433 0.000860
2 2 0.024126 0.317977 0.450583 0.005619 0.201695
2 2 0.218776 0.227158 0.300589 0.014091 0.239386
1 2 0.021125 0.464921 0.392523 0.001728 0.119703
2 2 0.021223 0.308205 0.474245 0.017309 0.179018
3 2 0.001286 0.030626 0.350306 0.609842 0.007941
2 2 0.001266 0.059620 0.540645 0.380580 0.017889
3 3 0.002462 0.009621 0.166993 0.817658 0.003267
3 3 0.002335 0.029181 0.470355 0.493184 0.004945
2 3 0.005554 0.229078 0.687241 0.022879 0.055248
2 3 0.025546 0.341257 0.376333 0.009074 0.247791
2 2 0.013647 0.395272 0.484891 0.003486 0.102704
2 2 0.001894 0.131674 0.812051 0.026909 0.027472
2 2 0.002669 0.061742 0.696600 0.232311 0.006678
2 2 0.000323 0.015648 0.811024 0.172482 0.000523
2 3 0.006585 0.072523 0.671483 0.244549 0.004861
2 3 0.003630 0.114048 0.805042 0.061477 0.015803
2 3 0.189724 0.221108 0.498057 0.003766 0.087345
2 1 0.006858 0.204327 0.670646 0.040494 0.077676
4 1 0.109568 0.297041 0.278110 0.002922 0.312359
1 1 0.033473 0.470871 0.447005 0.006369 0.042282
2 1 0.106072 0.331503 0.411178 0.083867 0.067379
2 1 0.008072 0.255805 0.582068 0.022574 0.131482
3 1 0.000735 0.020928 0.262349 0.709648 0.006340
2 2 0.007724 0.356843 0.545595 0.000801 0.089037
1 2 0.059350 0.626637 0.247494 0.000688 0.065832
2 2 0.010478 0.245802 0.710484 0.013077 0.020160
2 2 0.018945 0.355704 0.513116 0.028676 0.083559
2 2 0.010529 0.290399 0.650129 0.016091 0.032852
2 2 0.010080 0.200656 0.767868 0.012573 0.008824
1 2 0.114271 0.498620 0.220047 0.005319 0.161744
2 2 0.041239 0.359252 0.523564 0.025036 0.050909
2 2 0.086369 0.327120 0.327889 0.037099 0.221524
2 2 0.032017 0.289904 0.663486 0.000432 0.014162
1 2 0.075696 0.486603 0.197431 0.005394 0.234876
2 2 0.008163 0.103922 0.704555 0.175784 0.007577
2 2 0.022428 0.240348 0.541571 0.032209 0.163445
2 2 0.011679 0.215204 0.706728 0.042744 0.023644
2 2 0.010336 0.193642 0.550281 0.211381 0.034360
2 2 0.003401 0.173727 0.795710 0.013576 0.013586
3 2 0.001274 0.007499 0.248576 0.742055 0.000596
3 3 0.000217 0.005773 0.214425 0.778802 0.000783
2 3 0.001122 0.034155 0.497929 0.456545 0.010248
2 3 0.002778 0.034576 0.571153 0.389100 0.002393
2 3 0.000009 0.001622 0.932100 0.066243 0.000026
2 3 0.000524 0.026806 0.949812 0.022256 0.000602
3 3 0.000498 0.011356 0.278483 0.708119 0.001545
2 3 0.000776 0.079432 0.911457 0.006067 0.002267
2 3 0.057947 0.160072 0.363526 0.251145 0.167310
2 3 0.002764 0.181418 0.712152 0.009694 0.093972
1 2 0.266070 0.298350 0.242575 0.010098 0.182907
1 2 0.069582 0.569632 0.268485 0.000181 0.092119
4 2 0.057867 0.106547 0.124666 0.007006 0.703914
2 2 0.020015 0.368452 0.463778 0.026069 0.121686
2 2 0.051591 0.193073 0.615572 0.032825 0.106939
3 2 0.009544 0.051741 0.415455 0.423735 0.099525
3 2 0.006368 0.023303 0.424670 0.542131 0.003528
3 3 0.000169 0.006251 0.299049 0.693196 0.001335
3 3 0.000164 0.004178 0.252645 0.742260 0.000752
3 3 0.002555 0.033101 0.249750 0.706137 0.008457
3 3 0.000326 0.004910 0.458760 0.535477 0.000526
2 3 0.005487 0.047288 0.615441 0.328985 0.002799
2 3 0.007209 0.010157 0.889612 0.092826 0.000196
3 3 0.000652 0.005977 0.125453 0.866342 0.001576
2 3 0.000001 0.000218 0.639557 0.360222 0.000003
3 3 0.000041 0.002373 0.441220 0.556127 0.000239
2 3 0.000270 0.005594 0.662622 0.331322 0.000192
3 3 0.000465 0.011015 0.259728 0.726291 0.002502
2 3 0.000867 0.046568 0.597655 0.342577 0.012334
4 2 0.044603 0.252734 0.168331 0.000079 0.534253
2 2 0.005826 0.212345 0.629200 0.056459 0.096170
2 2 0.003231 0.126660 0.798194 0.028949 0.042965
4 2 0.170513 0.266922 0.251030 0.043664 0.267872
2 2 0.000417 0.037780 0.925641 0.034986 0.001175
2 2 0.006811 0.206055 0.681850 0.015440 0.089844
3 2 0.004997 0.111586 0.405478 0.425422 0.052516
2 2 0.007653 0.281502 0.644518 0.010822 0.055505
2 3 0.000173 0.025628 0.730796 0.213385 0.030018
3 3 0.001562 0.032004 0.423825 0.535258 0.007352
2 3 0.000370 0.043340 0.871275 0.074190 0.010825
2 2 0.006361 0.238196 0.682692 0.023620 0.049130
2 2 0.000024 0.014239 0.886413 0.089417 0.009907
2 2 0.009775 0.261834 0.542929 0.007857 0.177605
2 2 0.001271 0.096863 0.695508 0.034414 0.171944
4 4 0.006145 0.074347 0.149336 0.002456 0.767715
4 4 0.013333 0.139040 0.091062 0.000466 0.756099
4 4 0.005249 0.065928 0.386800 0.016546 0.525477
4 4 0.016699 0.242919 0.338536 0.012573 0.389274
4 4 0.008923 0.131419 0.132600 0.002323 0.724734
4 4 0.027787 0.116624 0.069053 0.003767 0.782769
4 4 0.008775 0.114512 0.139325 0.002786 0.734603
4 4 0.002242 0.065947 0.090231 0.000120 0.841459
4 4 0.004134 0.040551 0.138009 0.000972 0.816334
2 4 0.003957 0.165247 0.623893 0.024602 0.182301
2 4 0.016134 0.346772 0.435107 0.001687 0.200299
2 2 0.004258 0.270715 0.555273 0.000974 0.168780
4 2 0.030385 0.361127 0.224505 0.007497 0.376486
2 2 0.012945 0.278279 0.453796 0.072055 0.182925
4 2 0.020187 0.247872 0.288530 0.119362 0.324049
2 2 0.005617 0.134240 0.637282 0.182884 0.039976
3 2 0.001068 0.047775 0.432005 0.505014 0.014138
3 3 0.004168 0.058360 0.226819 0.674303 0.036350
2 3 0.008466 0.203651 0.562688 0.156850 0.068344
2 3 0.003749 0.069447 0.587226 0.329272 0.010307
2 3 0.010736 0.272090 0.611218 0.045053 0.060903
2 3 0.012754 0.267830 0.636890 0.052682 0.029843
2 2 0.163683 0.221680 0.313543 0.020226 0.280868
0 1 0.608376 0.153273 0.095409 0.003740 0.139202
4 1 0.183819 0.345437 0.114845 0.000569 0.355330
4 4 0.028884 0.088846 0.035836 0.000031 0.846403
1 4 0.039590 0.566577 0.268469 0.000480 0.124884
1 4 0.024205 0.482159 0.407657 0.001066 0.084913
2 4 0.023295 0.399102 0.503505 0.015195 0.058902
2 2 0.056897 0.267570 0.283328 0.164087 0.228118
2 2 0.022862 0.263647 0.292771 0.188793 0.231926
3 3 0.000187 0.003914 0.137078 0.858119 0.000702
3 3 0.000316 0.004822 0.144957 0.849078 0.000827
3 2 0.002245 0.028856 0.383412 0.581696 0.003791
2 2 0.002614 0.165878 0.808917 0.002856 0.019733
1 2 0.143260 0.373860 0.316929 0.000893 0.165058
2 2 0.000662 0.058116 0.916548 0.002086 0.022588
1 1 0.225115 0.330229 0.257307 0.032845 0.154504
1 1 0.059710 0.416457 0.298774 0.028284 0.196776
2 1 0.003731 0.163768 0.751935 0.027075 0.053490
2 1 0.023256 0.375542 0.415454 0.031806 0.153943
2 1 0.009005 0.267804 0.670979 0.019645 0.032566
2 1 0.004299 0.088196 0.722105 0.178770 0.006630
2 2 0.019885 0.235555 0.590048 0.121855 0.032658
3 2 0.000725 0.029292 0.478433 0.483942 0.007607
2 3 0.011411 0.152221 0.478772 0.325482 0.032114
2 3 0.005209 0.161614 0.674295 0.123242 0.035641
2 3 0.020744 0.083889 0.653869 0.210357 0.031141
2 3 0.000108 0.007946 0.551073 0.437760 0.003113
2 3 0.001521 0.021005 0.526172 0.443686 0.007616
2 3 0.000285 0.027815 0.847127 0.122246 0.002527
2 3 0.030804 0.045057 0.627042 0.291680 0.005416
2 2 0.123508 0.123044 0.396071 0.009777 0.347600
2 2 0.011153 0.361770 0.522513 0.000074 0.104490
2 2 0.003305 0.127596 0.828147 0.000325 0.040628
0 2 0.582271 0.077695 0.045297 0.002809 0.291928
2 2 0.008905 0.168953 0.443691 0.019653 0.358799
4 2 0.012808 0.120730 0.231087 0.008886 0.626488
2 2 0.079920 0.161028 0.512338 0.017977 0.228737
1 2 0.031551 0.452666 0.324676 0.000298 0.190808
1 0 0.068215 0.500368 0.353154 0.000198 0.078064
1 0 0.235321 0.368774 0.124731 0.002113 0.269061
0 0 0.827546 0.122242 0.037689 0.000077 0.012447
0 0 0.998214 0.000942 0.000429 0.000001 0.000414
0 0 0.986475 0.006913 0.004002 0.000115 0.002494
0 0 0.509435 0.153765 0.060731 0.000945 0.275124
0 0 0.983002 0.006967 0.002672 0.000002 0.007357
0 0 0.837369 0.095680 0.039469 0.001958 0.025524
0 0 0.821089 0.108713 0.047315 0.000426 0.022457
4 0 0.412140 0.124020 0.040263 0.000757 0.422819
4 1 0.007129 0.102362 0.209215 0.003796 0.677497
2 1 0.005306 0.200528 0.461022 0.010218 0.322926
2 1 0.000608 0.085026 0.825244 0.037401 0.051721
1 1 0.049840 0.390320 0.220437 0.010259 0.329144
2 1 0.011499 0.317974 0.491136 0.007729 0.171662
2 1 0.005928 0.050837 0.698814 0.239993 0.004428
2 1 0.001259 0.114810 0.875367 0.004123 0.004441
1 2 0.225073 0.412839 0.236669 0.005767 0.119652
2 2 0.008937 0.276260 0.626091 0.021642 0.067070
2 2 0.004120 0.180377 0.757507 0.027208 0.030788
0 4 0.682147 0.088367 0.038040 0.000058 0.191388
3 4 0.010057 0.144729 0.298853 0.453651 0.092710
2 2 0.004550 0.128792 0.707997 0.138632 0.020029
2 2 0.001340 0.031835 0.572673 0.390017 0.004136
2 3 0.000322 0.014619 0.908450 0.075917 0.000693
2 3 0.000289 0.016112 0.821672 0.160399 0.001528
2 3 0.002587 0.076004 0.835023 0.067813 0.018574
3 3 0.004453 0.049089 0.401782 0.531778 0.012898
2 3 0.000414 0.020151 0.589124 0.388718 0.001593
3 3 0.000059 0.004735 0.486642 0.508206 0.000358
2 3 0.001988 0.003877 0.650306 0.343774 0.000055
2 3 0.000072 0.003831 0.548837 0.447066 0.000194
2 3 0.000485 0.008292 0.505945 0.484938 0.000339
2 3 0.023210 0.251114 0.680443 0.010695 0.034537
1 3 0.093907 0.594171 0.246742 0.005297 0.059883
2 2 0.003894 0.197336 0.740340 0.019155 0.039275
2 2 0.014177 0.353024 0.583999 0.001518 0.047282
3 2 0.042871 0.085606 0.333912 0.524768 0.012844
2 2 0.005014 0.236451 0.740142 0.002813 0.015579
2 2 0.002197 0.094948 0.863651 0.027604 0.011600
2 2 0.080819 0.216118 0.610598 0.029934 0.062532
2 2 0.028792 0.392517 0.429236 0.026559 0.122896
0 2 0.495826 0.213432 0.210266 0.014638 0.065839
2 2 0.061402 0.341588 0.399534 0.081629 0.115847
2 2 0.012860 0.342114 0.359940 0.001033 0.284053
2 2 0.023828 0.368678 0.541949 0.017365 0.048180
2 2 0.032013 0.197902 0.402651 0.018133 0.349301
2 2 0.013335 0.245816 0.383317 0.001010 0.356523
2 2 0.003935 0.097486 0.718067 0.041735 0.138778
2 2 0.008459 0.247631 0.621707 0.013064 0.109139
2 2 0.005813 0.235526 0.706576 0.015425 0.036659
2 2 0.011996 0.323241 0.440658 0.016194 0.207910
2 2 0.004754 0.137937 0.664707 0.165033 0.027569
2 2 0.000160 0.040992 0.950957 0.001683 0.006209
2 2 0.004640 0.116968 0.755206 0.115847 0.007339
3 2 0.004176 0.017191 0.299945 0.676144 0.002544
2 2 0.012558 0.425461 0.487359 0.000985 0.073636
2 2 0.112527 0.300893 0.386238 0.100587 0.099755
2 2 0.120879 0.235434 0.570431 0.031341 0.041915
2 2 0.021958 0.378008 0.404798 0.006962 0.188274
2 2 0.001887 0.113456 0.794829 0.070616 0.019211
2 2 0.004615 0.210340 0.771555 0.003503 0.009988
2 2 0.003456 0.160515 0.826601 0.005208 0.004219
2 2 0.023914 0.235309 0.551275 0.144767 0.044736
2 2 0.150922 0.265664 0.454256 0.009967 0.119191
4 1 0.099759 0.205300 0.214232 0.008695 0.472015
4 1 0.010296 0.108765 0.237917 0.002532 0.640490
4 1 0.050975 0.315312 0.241971 0.056514 0.335228
4 1 0.056666 0.320674 0.130567 0.000054 0.492038
4 1 0.025271 0.195597 0.101522 0.000422 0.677188
2 1 0.106359 0.228174 0.506572 0.076791 0.082103
0 4 0.335666 0.188099 0.165597 0.005968 0.304669
2 4 0.009296 0.240735 0.460922 0.002062 0.286984
3 4 0.015584 0.052901 0.209355 0.656143 0.066017
2 2 0.000185 0.006113 0.537939 0.455420 0.000343
3 3 0.001478 0.004547 0.099297 0.893404 0.001274
3 3 0.010799 0.045299 0.155155 0.768079 0.020668
2 3 0.000034 0.002899 0.976692 0.020336 0.000040
2 3 0.007869 0.138137 0.751216 0.086765 0.016013
2 3 0.004657 0.086951 0.646026 0.252494 0.009872
2 3 0.048592 0.443258 0.463015 0.000097 0.045038
2 3 0.012671 0.095488 0.680106 0.198188 0.013547
1 3 0.139916 0.379494 0.293448 0.006085 0.181058
1 2 0.040226 0.470231 0.424789 0.012955 0.051799
1 2 0.060403 0.493339 0.364499 0.000228 0.081531
1 2 0.047533 0.522962 0.347045 0.006551 0.075908
2 2 0.002108 0.060638 0.788553 0.145106 0.003596
2 2 0.001184 0.052853 0.727363 0.210207 0.008393
2 3 0.006015 0.057835 0.643291 0.289318 0.003541
2 3 0.000003 0.001219 0.948205 0.050560 0.000013
2 3 0.000026 0.003807 0.956987 0.039067 0.000113
2 3 0.000127 0.005417 0.565257 0.428904 0.000295
2 3 0.000525 0.020667 0.662732 0.313825 0.002250
2 3 0.002692 0.013154 0.835828 0.147741 0.000584
3 3 0.000006 0.000550 0.434722 0.564698 0.000023
2 3 0.000661 0.005795 0.536328 0.456886 0.000330
3 3 0.000299 0.005407 0.438553 0.555267 0.000473
3 3 0.000608 0.001553 0.083320 0.914210 0.000308
3 3 0.004797 0.022290 0.338904 0.628367 0.005642
3 3 0.005992 0.011068 0.127954 0.853086 0.001900
3 3 0.000070 0.000779 0.068328 0.930719 0.000104
3 3 0.000002 0.000174 0.483587 0.516235 0.000002
3 3 0.000429 0.002339 0.105731 0.891012 0.000488
3 3 0.000032 0.001420 0.249779 0.748664 0.000104
3 3 0.000005 0.000026 0.007078 0.992887 0.000005
3 3 0.000414 0.000999 0.020824 0.977356 0.000407
3 3 0.000003 0.000006 0.002410 0.997580 0.000001
3 3 0.001527 0.000928 0.012777 0.984346 0.000421
3 3 0.000662 0.000999 0.025356 0.972709 0.000273
3 3 0.001117 0.000385 0.007299 0.991033 0.000165
3 3 0.000476 0.000459 0.014082 0.984825 0.000158
3 3 0.000677 0.000702 0.015438 0.982933 0.000251
3 3 0.000011 0.000014 0.002696 0.997276 0.000004
3 3 0.000351 0.000070 0.002959 0.996595 0.000026
3 3 0.000323 0.000143 0.013447 0.986070 0.000017
3 3 0.000294 0.000122 0.004787 0.994752 0.000045
3 3 0.003421 0.000255 0.003683 0.992521 0.000119
3 3 0.000061 0.000028 0.002659 0.997243 0.000009
3 3 0.000000 0.000006 0.016117 0.983876 0.000001
3 3 0.004183 0.000814 0.008270 0.986332 0.000401
3 3 0.000049 0.000048 0.004288 0.995600 0.000015
3 3 0.001538 0.000544 0.008827 0.988858 0.000233
3 3 0.003038 0.001085 0.016353 0.979187 0.000337
3 3 0.001658 0.000084 0.002027 0.996195 0.000036
3 3 0.000041 0.000060 0.007489 0.992398 0.000012
3 3 0.000037 0.000003 0.000995 0.998964 0.000000
3 3 0.000012 0.000030 0.004775 0.995175 0.000008
3 3 0.000460 0.000118 0.004005 0.995372 0.000045
3 3 0.003507 0.000259 0.003695 0.992417 0.000121
3 3 0.012535 0.001702 0.009959 0.974860 0.000944
3 3 0.000562 0.000114 0.003659 0.995621 0.000044
3 3 0.000175 0.000176 0.007515 0.992071 0.000063
3 3 0.012937 0.001943 0.010885 0.973149 0.001085
3 3 0.000058 0.000016 0.001794 0.998126 0.000005
3 3 0.001089 0.000103 0.002719 0.996047 0.000042
3 3 0.001049 0.000206 0.004645 0.994014 0.000086
3 3 0.000035 0.000002 0.000387 0.999576 0.000000
3 3 0.010140 0.000452 0.003935 0.985237 0.000236
3 3 0.001087 0.000302 0.006137 0.992346 0.000129
3 3 0.013554 0.001611 0.009305 0.974632 0.000898
3 3 0.000006 0.000001 0.000524 0.999468 0.000000
3 3 0.000041 0.000079 0.006793 0.993062 0.000025
3 3 0.002444 0.000426 0.006074 0.990859 0.000197
3 3 0.004545 0.000089 0.001502 0.993823 0.000041
3 3 0.001839 0.000134 0.002782 0.995187 0.000058
3 3 0.001502 0.000153 0.003383 0.994899 0.000063
3 3 0.000081 0.000031 0.002585 0.997294 0.000010
3 3 0.000102 0.000002 0.000308 0.999588 0.000001
3 3 0.000167 0.000043 0.002642 0.997132 0.000015
3 3 0.000000 0.000001 0.001353 0.998645 0.000000
3 3 0.000002 0.000004 0.001875 0.998119 0.000001
3 3 0.002422 0.002295 0.021617 0.972549 0.001116
3 3 0.001367 0.000127 0.002946 0.995507 0.000054
3 3 0.000732 0.000031 0.001245 0.997980 0.000012
3 3 0.007463 0.000393 0.003923 0.988023 0.000199
3 3 0.000540 0.000129 0.004078 0.995202 0.000050
3 3 0.000584 0.000015 0.000767 0.998628 0.000005
3 3 0.050028 0.002837 0.009027 0.936299 0.001808
3 3 0.048282 0.003586 0.010905 0.934931 0.002296
3 3 0.001783 0.000040 0.001132 0.997028 0.000017
3 3 0.000390 0.000059 0.002512 0.997016 0.000022
3 3 0.001660 0.000106 0.002417 0.995771 0.000045
3 3 0.000078 0.000003 0.000492 0.999426 0.000001
3 3 0.002852 0.000239 0.003724 0.993076 0.000110
3 3 0.001751 0.000101 0.002288 0.995816 0.000043
3 3 0.001209 0.000282 0.005621 0.992768 0.000121
3 3 0.005091 0.000107 0.001667 0.993085 0.000050
3 3 0.025223 0.001186 0.005966 0.966934 0.000691
3 3 0.000902 0.000046 0.001569 0.997465 0.000018
3 3 0.001927 0.000484 0.007234 0.990135 0.000219
3 3 0.006729 0.000470 0.004652 0.987913 0.000237
3 3 0.000618 0.000109 0.003424 0.995806 0.000043
3 3 0.000124 0.000021 0.001679 0.998170 0.000007
3 3 0.004412 0.000728 0.007464 0.987037 0.000359
3 3 0.000160 0.000059 0.003375 0.996387 0.000020
3 3 0.000003 0.000001 0.000726 0.999270 0.000000
3 3 0.000241 0.000034 0.001953 0.997760 0.000012
3 3 0.002458 0.000643 0.008274 0.988323 0.000301
3 3 0.000007 0.000000 0.000197 0.999796 0.000000
3 3 0.000031 0.000064 0.006225 0.993660 0.000019
3 3 0.000825 0.000499 0.009834 0.988631 0.000211
3 3 0.001615 0.000066 0.001717 0.996575 0.000027
3 3 0.000429 0.000159 0.005161 0.994190 0.000061
3 3 0.002828 0.000164 0.002814 0.994119 0.000075
3 3 0.082023 0.004424 0.010481 0.900075 0.002997
3 3 0.006799 0.000680 0.006134 0.986038 0.000348
3 3 0.001324 0.000039 0.001211 0.997410 0.000016
3 3 0.006845 0.000355 0.003743 0.988878 0.000178
3 3 0.000007 0.000003 0.001030 0.998960 0.000001
3 3 0.001901 0.000097 0.002161 0.995799 0.000042
3 3 0.002084 0.000192 0.003508 0.994131 0.000085
3 3 0.001089 0.000074 0.002123 0.996684 0.000030
3 3 0.004431 0.000235 0.003168 0.992055 0.000112
3 3 0.009364 0.000973 0.007215 0.981931 0.000517
3 3 0.000059 0.000185 0.016555 0.983164 0.000037
3 3 0.000169 0.000314 0.012511 0.986900 0.000106
3 3 0.002063 0.001899 0.031026 0.964494 0.000518
3 3 0.001599 0.001276 0.043231 0.953707 0.000187
3 3 0.002613 0.002071 0.050972 0.944039 0.000305
3 3 0.001158 0.003782 0.102174 0.892353 0.000533
3 3 0.002362 0.005359 0.048780 0.941354 0.002145
3 3 0.006145 0.000282 0.003259 0.990175 0.000139
3 3 0.001506 0.000414 0.014416 0.983545 0.000120
3 3 0.001292 0.000447 0.007786 0.990280 0.000195
3 3 0.014835 0.011606 0.065360 0.904530 0.003670
3 3 0.006428 0.003966 0.056662 0.932132 0.000813
3 3 0.000041 0.000005 0.001336 0.998618 0.000001
3 3 0.002243 0.003221 0.056260 0.937603 0.000673
3 3 0.000500 0.000573 0.012895 0.985800 0.000233
3 3 0.000021 0.000014 0.007946 0.992018 0.000001
3 3 0.000148 0.001135 0.217082 0.781599 0.000036
3 3 0.073212 0.028271 0.143227 0.750116 0.005175
3 3 0.001443 0.003643 0.060867 0.933153 0.000895
3 3 0.003876 0.014617 0.072036 0.901573 0.007898
2 1 0.003255 0.154184 0.702528 0.023211 0.116822
2 1 0.004999 0.081834 0.462784 0.308207 0.142176
2 1 0.007482 0.062232 0.503414 0.095082 0.331790
2 1 0.005730 0.201513 0.627885 0.080193 0.084678
3 1 0.000356 0.009167 0.258217 0.728510 0.003749
2 1 0.010897 0.053234 0.441913 0.352664 0.141292
2 1 0.013082 0.204730 0.370603 0.067270 0.344314
2 1 0.012666 0.194891 0.423410 0.173301 0.195732
2 1 0.002271 0.152987 0.728459 0.039689 0.076594
2 4 0.012517 0.299676 0.503673 0.025672 0.158462
2 4 0.006971 0.208382 0.414761 0.020397 0.349488
4 4 0.040478 0.257692 0.181655 0.076635 0.443540
1 4 0.106947 0.357420 0.208073 0.056160 0.271400
4 4 0.034541 0.096516 0.135026 0.013626 0.720291
2 4 0.000742 0.077190 0.899282 0.012053 0.010733
4 4 0.022783 0.288786 0.274726 0.001798 0.411907
4 4 0.018904 0.197720 0.198629 0.021160 0.563587
4 4 0.028394 0.192251 0.183580 0.022022 0.573753
4 4 0.018509 0.073151 0.104397 0.004217 0.799726
4 4 0.006799 0.070444 0.124534 0.001903 0.796321
4 4 0.021597 0.234106 0.284543 0.142424 0.317331
4 4 0.008655 0.102639 0.161579 0.004267 0.722860
2 4 0.010563 0.123894 0.418027 0.094358 0.353158
2 4 0.012550 0.223114 0.434491 0.019604 0.310240
2 4 0.020297 0.280494 0.371487 0.123452 0.204270
2 4 0.032073 0.276436 0.539545 0.075192 0.076754
2 4 0.008174 0.205713 0.504576 0.156180 0.125357
2 4 0.007222 0.188313 0.591185 0.158385 0.054895
3 4 0.026746 0.076649 0.117260 0.726613 0.052733
3 2 0.003759 0.089220 0.335148 0.508629 0.063243
3 2 0.003261 0.022359 0.120221 0.841330 0.012830
2 2 0.004582 0.117411 0.448859 0.371613 0.057535
3 2 0.076993 0.069590 0.290001 0.529112 0.034304
2 2 0.010107 0.184987 0.472942 0.249777 0.082187
2 2 0.017405 0.274303 0.442182 0.121903 0.144207
2 2 0.015355 0.305787 0.470468 0.048222 0.160168
3 4 0.003448 0.067828 0.240657 0.646049 0.042018
2 2 0.002434 0.054064 0.824384 0.109596 0.009523
4 2 0.024647 0.314114 0.306058 0.038641 0.316540
2 2 0.002815 0.110079 0.571642 0.268414 0.047052
2 2 0.001883 0.091859 0.793394 0.101378 0.011485
2 2 0.036649 0.154554 0.589923 0.083757 0.135116
0 2 0.718070 0.153481 0.043979 0.000494 0.083975
1 2 0.201091 0.475696 0.277614 0.013315 0.032284
2 2 0.003444 0.079385 0.559417 0.339242 0.018513
2 2 0.001116 0.040437 0.812279 0.142439 0.003729
3 2 0.000214 0.005516 0.236893 0.756599 0.000778
2 2 0.000895 0.068353 0.814634 0.108360 0.007758
2 2 0.005150 0.209441 0.745631 0.017987 0.021791
2 2 0.037402 0.340795 0.536638 0.003676 0.081489
2 2 0.009594 0.088459 0.885969 0.009379 0.006599
1 2 0.100311 0.448236 0.327032 0.024950 0.099471
2 2 0.010498 0.283341 0.593291 0.034625 0.078245
3 2 0.003527 0.027456 0.334161 0.628675 0.006181
2 2 0.000170 0.036443 0.932536 0.027268 0.003583
2 2 0.006335 0.189136 0.733208 0.043804 0.027516
2 2 0.011849 0.191004 0.724636 0.026854 0.045657
3 2 0.000201 0.006504 0.269525 0.722915 0.000855
2 2 0.002323 0.053415 0.639852 0.299301 0.005109
3 2 0.002321 0.045886 0.345503 0.594810 0.011480
2 2 0.002805 0.167892 0.811588 0.005236 0.012479
2 2 0.000931 0.084883 0.868419 0.023927 0.021840
2 2 0.008123 0.103181 0.683120 0.194221 0.011355
2 2 0.001171 0.011317 0.630086 0.356943 0.000482
3 2 0.000804 0.019575 0.332842 0.641161 0.005618
2 2 0.001114 0.031308 0.688569 0.276222 0.002787
2 2 0.000692 0.018935 0.749330 0.229893 0.001149
2 2 0.001410 0.030917 0.566128 0.398915 0.002631
2 2 0.000315 0.005986 0.955200 0.038447 0.000052
2 2 0.000091 0.004225 0.983226 0.012382 0.000076
2 2 0.000416 0.023300 0.609227 0.365216 0.001841
2 2 0.001392 0.019024 0.679718 0.299253 0.000613
2 2 0.005802 0.043815 0.702706 0.244934 0.002743
3 2 0.000001 0.000091 0.151687 0.848215 0.000007
2 2 0.001226 0.024731 0.874078 0.098320 0.001645
2 2 0.000260 0.014847 0.643602 0.339550 0.001741
2 2 0.000055 0.013307 0.846810 0.137536 0.002292
3 2 0.010903 0.053849 0.317847 0.608056 0.009346
2 2 0.021917 0.092485 0.701641 0.157154 0.026802
3 2 0.002603 0.035108 0.287593 0.667024 0.007672
3 2 0.001625 0.027435 0.412221 0.555539 0.003180
2 2 0.000024 0.005184 0.949886 0.044593 0.000313
3 2 0.000268 0.003558 0.171119 0.824670 0.000386
2 2 0.000864 0.017082 0.905806 0.075675 0.000573
2 2 0.000111 0.019303 0.720535 0.257113 0.002938
2 2 0.000770 0.028307 0.760903 0.207364 0.002656
2 2 0.000583 0.018009 0.769396 0.211334 0.000678
3 2 0.000266 0.004944 0.257522 0.736820 0.000449
2 2 0.002585 0.143510 0.785404 0.001210 0.067292
2 2 0.008965 0.027990 0.774586 0.186895 0.001564
2 2 0.034347 0.112313 0.688638 0.158920 0.005781
3 3 0.000685 0.008894 0.300203 0.689437 0.000781
2 3 0.000653 0.045176 0.662803 0.284555 0.006813
3 3 0.000764 0.009332 0.309660 0.679460 0.000784
2 3 0.003291 0.026708 0.504231 0.453656 0.012114
3 3 0.004661 0.029483 0.433893 0.529483 0.002479
3 3 0.000068 0.001784 0.180676 0.817149 0.000323
3 3 0.002122 0.022111 0.273446 0.697102 0.005220
2 3 0.001412 0.102642 0.882130 0.010767 0.003049
2 3 0.000125 0.010360 0.738308 0.250711 0.000495
2 3 0.000115 0.010405 0.874038 0.115020 0.000423
3 3 0.005533 0.018594 0.129832 0.840160 0.005881
2 3 0.001202 0.023878 0.508044 0.464161 0.002715
2 3 0.000203 0.019985 0.907956 0.070686 0.001170
3 3 0.001189 0.022260 0.292620 0.679925 0.004007
2 3 0.002237 0.140299 0.755014 0.053623 0.048828
2 3 0.002679 0.023610 0.709157 0.263369 0.001185
2 3 0.000041 0.002110 0.611811 0.385977 0.000061
3 3 0.000924 0.007284 0.460785 0.530767 0.000241
2 2 0.000032 0.002135 0.964011 0.033792 0.000030
2 2 0.000629 0.007621 0.567730 0.423672 0.000349
2 2 0.000087 0.010057 0.895342 0.094284 0.000230
2 2 0.000914 0.016484 0.789710 0.192552 0.000340
2 2 0.005256 0.015673 0.909861 0.068977 0.000233
2 2 0.000015 0.000572 0.837542 0.161867 0.000004
2 2 0.000823 0.024514 0.917342 0.056886 0.000436
2 2 0.001924 0.019906 0.506520 0.470520 0.001130
2 3 0.000502 0.012168 0.774042 0.212943 0.000345
2 3 0.008177 0.075962 0.829547 0.072368 0.013946
2 3 0.000012 0.001236 0.961364 0.037378 0.000010
2 3 0.000938 0.034213 0.918601 0.045745 0.000502
3 3 0.000710 0.009285 0.440812 0.548709 0.000484
3 3 0.000134 0.003338 0.328478 0.667851 0.000199
2 3 0.004858 0.091849 0.785956 0.106820 0.010517
2 3 0.000347 0.011669 0.812692 0.175076 0.000216
3 3 0.002498 0.004616 0.088060 0.904082 0.000743
2 3 0.006577 0.036214 0.782440 0.171538 0.003231
2 3 0.000798 0.013555 0.927435 0.057847 0.000365
3 3 0.018935 0.029690 0.219288 0.726878 0.005208
2 3 0.002341 0.013216 0.889851 0.094336 0.000256
3 3 0.000106 0.001623 0.080892 0.917007 0.000372
2 3 0.175561 0.192844 0.308389 0.025053 0.298152
3 3 0.000081 0.000961 0.103877 0.894895 0.000186
3 3 0.006417 0.018274 0.288465 0.684337 0.002507
2 3 0.000177 0.002591 0.611589 0.385577 0.000066
3 3 0.030136 0.098933 0.285179 0.561596 0.024155
3 3 0.040792 0.045324 0.385841 0.517241 0.010802
3 3 0.000035 0.000715 0.090728 0.908381 0.000142
3 3 0.003315 0.024154 0.367807 0.602352 0.002372
2 3 0.001734 0.032417 0.615138 0.348703 0.002008
2 3 0.003189 0.024469 0.835749 0.136040 0.000552
1 3 0.070041 0.580560 0.313261 0.000306 0.035832
2 3 0.002644 0.122190 0.691534 0.148369 0.035263
2 2 0.025051 0.137354 0.684628 0.136181 0.016787
4 2 0.143385 0.230727 0.160667 0.149251 0.315970
2 2 0.008343 0.128713 0.709520 0.131612 0.021813
3 2 0.001429 0.003085 0.069456 0.925483 0.000548
2 2 0.000457 0.011636 0.560760 0.426624 0.000523
3 2 0.000357 0.001880 0.206084 0.791590 0.000088
3 3 0.022862 0.089965 0.175282 0.658631 0.053260
2 3 0.000548 0.035050 0.813228 0.147841 0.003332
2 3 0.011755 0.270241 0.539314 0.072690 0.106000
2 3 0.026118 0.153239 0.473776 0.321059 0.025808
2 3 0.000613 0.008111 0.724627 0.266378 0.000271
2 3 0.015427 0.260383 0.605995 0.064009 0.054186
3 3 0.000618 0.005528 0.308719 0.684833 0.000303
0 0 0.431995 0.343742 0.123246 0.012079 0.088939
1 1 0.043695 0.402134 0.318302 0.068252 0.167617
2 1 0.013270 0.256299 0.553083 0.078423 0.098925
3 1 0.006985 0.034457 0.435167 0.519674 0.003718
2 1 0.001208 0.056441 0.584226 0.350960 0.007164
2 1 0.033840 0.225359 0.717802 0.000509 0.022490
2 1 0.006898 0.179497 0.639092 0.135002 0.039511
2 1 0.026085 0.328887 0.570617 0.029868 0.044542
2 1 0.019393 0.193430 0.605328 0.147214 0.034635
2 1 0.014898 0.278279 0.407473 0.053071 0.246279
1 1 0.070667 0.442971 0.180828 0.001386 0.304148
2 1 0.005882 0.225525 0.559368 0.044997 0.164228
3 1 0.001011 0.051786 0.424293 0.490858 0.032051
2 1 0.001769 0.114082 0.698391 0.120045 0.065713
2 2 0.005373 0.244408 0.623329 0.010357 0.116533
4 2 0.121154 0.241319 0.098000 0.001836 0.537690
4 2 0.008314 0.118176 0.227478 0.009185 0.636847
4 4 0.006769 0.127565 0.233036 0.003808 0.628823
2 4 0.010845 0.121915 0.510189 0.034050 0.323000
4 4 0.017223 0.110399 0.077399 0.001239 0.793739
4 4 0.019842 0.116433 0.105552 0.005651 0.752522
0 4 0.787786 0.022360 0.011871 0.001545 0.176438
0 4 0.938011 0.024761 0.012616 0.002040 0.022572
0 4 0.678934 0.138279 0.056246 0.003031 0.123510
4 4 0.028522 0.380248 0.206375 0.000305 0.384550
2 4 0.018822 0.321130 0.377975 0.003079 0.278994
1 4 0.035206 0.386045 0.219099 0.002794 0.356855
2 4 0.031196 0.259499 0.614447 0.020638 0.074220
2 4 0.014523 0.256043 0.531668 0.082555 0.115211
4 4 0.066641 0.178757 0.175401 0.003026 0.576175
2 4 0.004036 0.127729 0.595803 0.077515 0.194916
4 4 0.019985 0.246955 0.144060 0.000310 0.588690
2 4 0.002849 0.232470 0.674278 0.002552 0.087850
2 4 0.010414 0.217523 0.425639 0.001906 0.344518
4 4 0.006708 0.126280 0.216386 0.005278 0.645348
4 4 0.009079 0.051906 0.045302 0.000392 0.893322
4 4 0.014519 0.159222 0.130087 0.002088 0.694084
4 4 0.029705 0.325404 0.262321 0.016466 0.366103
2 4 0.002010 0.100923 0.623162 0.124914 0.148990
2 4 0.000963 0.129284 0.690939 0.000111 0.178704
4 4 0.027644 0.144292 0.280082 0.049449 0.498533
2 4 0.005853 0.184194 0.501389 0.013446 0.295118
4 4 0.108048 0.103333 0.039983 0.007175 0.741461
4 4 0.033008 0.122475 0.052105 0.000206 0.792206
4 4 0.026501 0.190878 0.126742 0.011508 0.644370
4 4 0.030212 0.312147 0.268302 0.002950 0.386389
0 4 0.344450 0.230091 0.125535 0.005109 0.294816
2 4 0.006409 0.112556 0.467124 0.029805 0.384106
4 4 0.010327 0.197069 0.314686 0.031794 0.446124
4 4 0.004116 0.114781 0.419068 0.006085 0.455950
4 4 0.009626 0.083108 0.099948 0.001823 0.805495
2 4 0.010875 0.177555 0.373764 0.086226 0.351581
4 4 0.006633 0.052162 0.132069 0.002385 0.806751
4 4 0.014972 0.141645 0.135639 0.000992 0.706752
4 4 0.011241 0.076200 0.151408 0.005181 0.755970
4 4 0.016825 0.066279 0.110840 0.003296 0.802760
4 4 0.032650 0.098049 0.041469 0.001681 0.826151
0 4 0.461424 0.194786 0.091319 0.049461 0.203010
4 4 0.033675 0.041647 0.015092 0.000344 0.909242
4 4 0.018110 0.056982 0.034639 0.000650 0.889618
4 4 0.080927 0.083851 0.058179 0.008007 0.769036
4 4 0.001703 0.039511 0.101342 0.000184 0.857260
2 4 0.013294 0.284934 0.608906 0.004988 0.087878
0 4 0.690446 0.145367 0.131094 0.010752 0.022342
4 4 0.009094 0.120345 0.356591 0.049436 0.464534
4 4 0.008409 0.126793 0.198942 0.002741 0.663115
2 4 0.006289 0.166707 0.621395 0.030765 0.174844
2 4 0.018677 0.240519 0.346555 0.094876 0.299372
4 4 0.032855 0.082699 0.247182 0.048053 0.589211
4 4 0.002266 0.064896 0.380904 0.006163 0.545771
4 4 0.055109 0.086808 0.032267 0.002364 0.823452
2 4 0.002219 0.053847 0.516191 0.413542 0.014200
2 1 0.003580 0.156242 0.520111 0.002405 0.317662
2 1 0.003625 0.110511 0.671407 0.038322 0.176135
0 1 0.403317 0.160576 0.168238 0.030341 0.237528
1 1 0.107619 0.373239 0.345991 0.018946 0.154205
2 1 0.016234 0.111077 0.801892 0.067181 0.003616
2 1 0.282370 0.249845 0.339706 0.012840 0.115238
2 1 0.002022 0.125993 0.784864 0.003959 0.083163
2 1 0.031443 0.264832 0.670930 0.018448 0.014347
2 1 0.015753 0.373581 0.534285 0.008983 0.067399
4 1 0.046811 0.274441 0.147397 0.000315 0.531035
2 1 0.015487 0.271956 0.590792 0.011116 0.110650
0 1 0.643965 0.120967 0.075377 0.023322 0.136369
2 1 0.006719 0.214942 0.646226 0.000630 0.131483
2 1 0.009645 0.273975 0.527415 0.003409 0.185556
2 1 0.000207 0.029119 0.878200 0.040037 0.052437
2 2 0.000570 0.080028 0.837821 0.040097 0.041483
2 2 0.002528 0.110069 0.621863 0.223998 0.041542
2 2 0.013396 0.250622 0.445701 0.141574 0.148708
4 2 0.034826 0.207585 0.296633 0.118965 0.341991
2 2 0.006156 0.201950 0.662095 0.076786 0.053014
2 2 0.003557 0.135694 0.469077 0.025601 0.366071
2 2 0.011192 0.299492 0.623341 0.019398 0.046578
2 2 0.020670 0.211335 0.376654 0.058846 0.332495
2 2 0.039971 0.294429 0.486086 0.027885 0.151629
2 2 0.011741 0.349966 0.495690 0.007961 0.134643
2 2 0.002782 0.133312 0.761400 0.071329 0.031178
2 2 0.001371 0.057519 0.558166 0.365543 0.017401
2 2 0.007543 0.203987 0.696126 0.041949 0.050396
2 2 0.001021 0.065693 0.556845 0.332499 0.043942
2 2 0.004244 0.074019 0.707860 0.194674 0.019203
2 2 0.000144 0.021212 0.622751 0.349422 0.006471
