0 4 0.890715 0.037618 0.011831 0.000471 0.059366
0 4 0.808366 0.119307 0.043513 0.000108 0.028705
1 4 0.231462 0.589170 0.149210 0.000014 0.030144
0 4 0.896179 0.049885 0.018312 0.000821 0.034803
0 4 0.488906 0.129692 0.068286 0.007749 0.305367
0 4 0.521529 0.131943 0.053105 0.000085 0.293338
0 4 0.637073 0.258028 0.066081 0.000008 0.038811
0 4 0.817457 0.109274 0.036090 0.000029 0.037149
0 4 0.888364 0.068558 0.021955 0.000023 0.021100
0 4 0.594064 0.230292 0.099857 0.000487 0.075300
4 4 0.232286 0.095607 0.107579 0.001971 0.562557
1 4 0.274523 0.542715 0.129686 0.000004 0.053071
0 4 0.428448 0.404772 0.160140 0.000060 0.006580
0 4 0.806182 0.130165 0.046315 0.000221 0.017118
0 4 0.704221 0.127121 0.161389 0.001375 0.005894
0 4 0.891674 0.054776 0.047323 0.002006 0.004222
0 4 0.959660 0.031246 0.008455 0.000115 0.000524
1 4 0.268571 0.412780 0.270353 0.000244 0.048052
0 0 0.911939 0.056831 0.016025 0.000014 0.015191
0 1 0.684339 0.224285 0.077221 0.000310 0.013845
0 1 0.467719 0.351989 0.131952 0.000143 0.048197
2 1 0.169136 0.344332 0.481719 0.001420 0.003393
1 1 0.305761 0.378493 0.291691 0.000617 0.023438
2 1 0.243921 0.302401 0.423848 0.000711 0.029118
0 2 0.395219 0.204610 0.333373 0.002369 0.064428
2 2 0.301144 0.230683 0.453485 0.000127 0.014560
2 2 0.048305 0.134093 0.816688 0.000341 0.000574
2 2 0.016272 0.086579 0.881749 0.014929 0.000471
2 2 0.030381 0.173858 0.782256 0.011574 0.001931
0 2 0.503164 0.249079 0.235590 0.000860 0.011306
2 2 0.070822 0.046918 0.865400 0.016250 0.000609
2 2 0.010818 0.061300 0.905993 0.019529 0.002360
2 2 0.102894 0.264762 0.625488 0.004936 0.001920
2 2 0.002069 0.013179 0.980258 0.004431 0.000063
2 2 0.000724 0.011060 0.975939 0.012250 0.000027
2 2 0.011958 0.066774 0.916682 0.004241 0.000345
2 2 0.007662 0.011803 0.974084 0.006080 0.000371
2 2 0.000310 0.002680 0.988865 0.008137 0.000008
2 3 0.000796 0.004935 0.861982 0.132246 0.000041
2 2 0.008307 0.018250 0.943113 0.030315 0.000015
2 3 0.000263 0.003956 0.956810 0.038949 0.000023
2 3 0.001774 0.006962 0.956223 0.034992 0.000049
2 3 0.021223 0.036134 0.833435 0.109054 0.000153
3 3 0.003412 0.008205 0.309613 0.678567 0.000203
2 3 0.000067 0.001254 0.682784 0.315887 0.000007
2 3 0.000486 0.003373 0.888034 0.108097 0.000009
2 3 0.000033 0.000417 0.531066 0.468481 0.000003
2 3 0.012508 0.011338 0.572730 0.403394 0.000030
3 3 0.000882 0.002911 0.392874 0.603320 0.000012
2 3 0.033404 0.016220 0.763443 0.186835 0.000098
2 3 0.000001 0.000020 0.741428 0.258551 0.000000
3 3 0.000233 0.000605 0.370978 0.628179 0.000005
3 3 0.000039 0.000092 0.051287 0.948582 0.000000
2 3 0.000114 0.000776 0.801936 0.197171 0.000003
3 3 0.000088 0.000234 0.241490 0.758184 0.000002
3 3 0.000010 0.000030 0.072024 0.927936 0.000000
3 3 0.004044 0.001140 0.152028 0.842786 0.000002
3 3 0.002495 0.004374 0.190874 0.802147 0.000110
3 3 0.000373 0.000413 0.012938 0.986270 0.000006
2 3 0.033714 0.031270 0.694296 0.240579 0.000140
3 3 0.001074 0.002869 0.069255 0.926675 0.000128
3 3 0.000151 0.000291 0.037254 0.962297 0.000007
2 3 0.003079 0.006467 0.667217 0.323159 0.000079
3 3 0.000014 0.000018 0.006403 0.993565 0.000000
3 3 0.000119 0.000354 0.373639 0.625887 0.000002
3 3 0.001224 0.002118 0.189920 0.806697 0.000042
3 3 0.003978 0.001662 0.031832 0.962508 0.000020
2 3 0.000022 0.000095 0.563538 0.436345 0.000000
3 3 0.000353 0.000751 0.056195 0.942692 0.000009
3 3 0.000471 0.001021 0.472880 0.525626 0.000002
3 3 0.000227 0.000591 0.185136 0.814041 0.000004
3 3 0.000001 0.000006 0.460285 0.539709 0.000000
3 3 0.000017 0.000069 0.073746 0.926167 0.000001
3 3 0.000028 0.000067 0.150178 0.849727 0.000000
3 3 0.000004 0.000026 0.047849 0.952120 0.000000
2 3 0.000774 0.002123 0.664503 0.332593 0.000007
3 3 0.002012 0.002035 0.102247 0.893695 0.000011
2 3 0.031161 0.035676 0.816125 0.116965 0.000073
3 3 0.000052 0.000194 0.157737 0.842014 0.000003
2 3 0.000080 0.000433 0.530431 0.469055 0.000002
2 3 0.014042 0.013953 0.738049 0.233924 0.000031
3 3 0.000002 0.000010 0.011516 0.988471 0.000000
3 3 0.000310 0.000692 0.233907 0.765087 0.000004
3 3 0.000092 0.000138 0.088312 0.911458 0.000000
3 3 0.000081 0.000174 0.062386 0.937357 0.000001
3 3 0.000916 0.002286 0.156700 0.840030 0.000069
2 3 0.002341 0.018355 0.953522 0.025715 0.000067
2 2 0.002575 0.014681 0.852480 0.130126 0.000137
2 3 0.086252 0.081804 0.717495 0.113175 0.001274
2 3 0.021127 0.032968 0.841416 0.103736 0.000754
2 3 0.008505 0.042393 0.904423 0.040535 0.004144
2 3 0.077518 0.068696 0.765083 0.087399 0.001305
2 2 0.026289 0.083475 0.854434 0.029908 0.005895
2 2 0.024749 0.066912 0.882530 0.022936 0.002873
2 2 0.004534 0.033639 0.948866 0.012715 0.000245
2 2 0.003514 0.042100 0.943215 0.010935 0.000237
2 2 0.000278 0.006898 0.947716 0.044977 0.000131
2 2 0.088644 0.083424 0.792644 0.033579 0.001709
2 2 0.003593 0.016098 0.901136 0.079045 0.000128
2 2 0.004719 0.038557 0.937064 0.019433 0.000226
2 2 0.146081 0.046868 0.538003 0.267594 0.001454
2 2 0.028304 0.034910 0.926576 0.008962 0.001249
0 2 0.571425 0.144042 0.227562 0.051759 0.005212
2 2 0.042862 0.051043 0.809788 0.095203 0.001104
2 2 0.027341 0.080080 0.880011 0.011438 0.001131
2 2 0.160134 0.230423 0.557670 0.038118 0.013655
2 2 0.048844 0.078945 0.852194 0.018210 0.001806
2 2 0.001575 0.027451 0.956939 0.013718 0.000317
2 2 0.274724 0.191509 0.501019 0.022710 0.010037
2 2 0.128523 0.139472 0.726525 0.004231 0.001249
2 2 0.197416 0.049339 0.741281 0.011852 0.000111
2 2 0.011382 0.083757 0.887602 0.016463 0.000796
2 2 0.000493 0.018657 0.978927 0.001897 0.000026
2 2 0.016800 0.135371 0.838346 0.008475 0.001009
1 2 0.346663 0.353419 0.294860 0.000586 0.004472
2 2 0.011969 0.038452 0.908397 0.041073 0.000108
2 2 0.002151 0.020842 0.975958 0.000812 0.000237
2 2 0.003118 0.014916 0.974929 0.007015 0.000022
2 2 0.128957 0.247235 0.610662 0.012480 0.000666
2 2 0.010631 0.036017 0.935618 0.017174 0.000561
0 2 0.426089 0.193880 0.372648 0.004776 0.002607
2 2 0.013080 0.065400 0.909827 0.011479 0.000213
2 2 0.003931 0.074904 0.917248 0.003559 0.000358
2 2 0.002357 0.020726 0.960107 0.016758 0.000053
2 2 0.097161 0.150551 0.703761 0.047568 0.000959
0 2 0.452836 0.243923 0.295907 0.005892 0.001442
2 2 0.244828 0.237819 0.498696 0.013480 0.005177
0 2 0.371736 0.263346 0.344720 0.013703 0.006496
1 2 0.163770 0.419033 0.403502 0.001878 0.011818
2 2 0.202026 0.163226 0.627450 0.005298 0.002001
1 2 0.241059 0.403401 0.347944 0.005252 0.002344
2 2 0.229544 0.192186 0.569584 0.007184 0.001502
2 2 0.290615 0.235467 0.470096 0.001609 0.002212
2 2 0.061920 0.184633 0.740613 0.011911 0.000923
0 2 0.483528 0.179829 0.320058 0.013052 0.003533
0 2 0.757707 0.095760 0.143627 0.001727 0.001179
2 2 0.222758 0.299319 0.471036 0.001651 0.005236
1 2 0.341025 0.372019 0.284024 0.000298 0.002635
1 2 0.234761 0.514353 0.246728 0.001912 0.002247
1 2 0.330628 0.566982 0.098432 0.000006 0.003953
0 2 0.651049 0.261244 0.083733 0.001160 0.002815
1 2 0.419477 0.467514 0.111016 0.000043 0.001950
1 2 0.273197 0.524803 0.199574 0.000747 0.001679
1 2 0.297170 0.497696 0.201374 0.001879 0.001882
2 2 0.102770 0.349433 0.543036 0.003836 0.000925
1 2 0.281138 0.531052 0.184711 0.000531 0.002568
0 2 0.408691 0.291742 0.294352 0.002482 0.002734
2 2 0.003313 0.089528 0.906109 0.000930 0.000120
2 2 0.088656 0.225307 0.678132 0.007576 0.000329
2 2 0.020154 0.014173 0.941142 0.024529 0.000002
0 2 0.709502 0.112092 0.176578 0.001650 0.000178
0 2 0.394321 0.323444 0.278933 0.002446 0.000856
0 2 0.778871 0.163668 0.053137 0.003363 0.000961
0 2 0.422431 0.227206 0.343782 0.004940 0.001641
1 2 0.179470 0.496425 0.307491 0.000149 0.016465
2 2 0.029991 0.195989 0.768928 0.001058 0.004034
0 2 0.693604 0.248244 0.056046 0.000068 0.002038
2 2 0.053911 0.322325 0.619521 0.000725 0.003517
2 2 0.217310 0.209018 0.538770 0.034119 0.000783
2 2 0.040441 0.162088 0.795900 0.001327 0.000244
2 2 0.024409 0.135292 0.836007 0.004161 0.000131
2 2 0.095872 0.138312 0.750881 0.014857 0.000079
0 2 0.405171 0.271915 0.315907 0.004267 0.002741
2 2 0.007034 0.017521 0.943955 0.031484 0.000007
2 2 0.064961 0.098183 0.832341 0.004389 0.000126
2 2 0.006042 0.024150 0.947950 0.021837 0.000020
2 2 0.002546 0.026724 0.958010 0.012637 0.000083
2 2 0.014038 0.095505 0.885892 0.004328 0.000237
2 2 0.059017 0.060767 0.879604 0.000552 0.000060
2 2 0.192919 0.113044 0.691097 0.002908 0.000032
2 2 0.028799 0.068868 0.894473 0.006390 0.001470
2 2 0.218496 0.312332 0.458411 0.007106 0.003655
0 2 0.545030 0.176615 0.272816 0.004515 0.001024
1 2 0.372394 0.446787 0.176051 0.000273 0.004494
2 2 0.051770 0.094600 0.844967 0.008249 0.000413
2 2 0.008092 0.024988 0.902700 0.064133 0.000087
2 2 0.069361 0.239326 0.684486 0.003890 0.002936
2 2 0.012387 0.031611 0.891160 0.064643 0.000200
2 2 0.000537 0.016596 0.981620 0.001132 0.000114
2 2 0.186815 0.063900 0.731111 0.004214 0.013961
2 2 0.028332 0.142995 0.815120 0.000175 0.013378
2 2 0.000188 0.002153 0.994234 0.003404 0.000020
2 2 0.021725 0.050430 0.917049 0.010630 0.000166
2 2 0.036274 0.139024 0.818917 0.000381 0.005404
2 2 0.052737 0.164790 0.775824 0.004794 0.001855
2 2 0.002296 0.148599 0.847353 0.000016 0.001735
2 2 0.046431 0.035551 0.906137 0.011559 0.000321
1 2 0.341767 0.345130 0.265661 0.003899 0.043543
2 2 0.069074 0.196058 0.727263 0.002814 0.004790
2 2 0.068289 0.242168 0.685162 0.002099 0.002282
2 2 0.031437 0.136131 0.793505 0.035537 0.003390
2 2 0.031197 0.194822 0.754314 0.013603 0.006064
0 4 0.858754 0.063018 0.060702 0.001390 0.016136
1 4 0.275027 0.393168 0.324023 0.001581 0.006201
1 4 0.260724 0.575857 0.158690 0.000271 0.004457
0 4 0.672051 0.193724 0.124142 0.001492 0.008589
2 4 0.024168 0.250765 0.720123 0.003130 0.001815
2 4 0.044529 0.392512 0.557891 0.000136 0.004932
0 4 0.781187 0.156589 0.050829 0.000154 0.011241
0 4 0.652690 0.279207 0.066694 0.000240 0.001169
0 4 0.922011 0.059957 0.017070 0.000431 0.000531
0 4 0.700864 0.222774 0.071069 0.000519 0.004773
0 0 0.627576 0.210786 0.074192 0.000206 0.087240
1 4 0.267939 0.400928 0.293290 0.000816 0.037027
0 4 0.693409 0.189338 0.045580 0.000013 0.071661
0 4 0.477942 0.381715 0.126766 0.000381 0.013197
0 4 0.755159 0.196694 0.044786 0.000033 0.003328
0 4 0.551372 0.283334 0.123878 0.001735 0.039681
1 4 0.248642 0.537325 0.187086 0.000130 0.026817
0 4 0.863998 0.082235 0.048351 0.001002 0.004413
0 4 0.917803 0.066486 0.015446 0.000029 0.000236
0 4 0.813839 0.138677 0.039549 0.000062 0.007873
0 4 0.812236 0.149086 0.036297 0.000065 0.002316
0 1 0.823923 0.143364 0.031836 0.000091 0.000787
0 0 0.898438 0.070920 0.024572 0.001316 0.004753
1 1 0.412381 0.480025 0.106449 0.000251 0.000894
0 1 0.403323 0.309579 0.283340 0.000790 0.002968
0 1 0.428482 0.344494 0.224990 0.000734 0.001301
1 1 0.214937 0.652270 0.130873 0.000042 0.001879
0 0 0.989739 0.008164 0.001910 0.000022 0.000164
1 1 0.427169 0.460618 0.110124 0.000208 0.001880
1 1 0.367734 0.421073 0.202299 0.003897 0.004997
2 1 0.129810 0.158686 0.707782 0.002260 0.001461
2 1 0.027265 0.080822 0.877530 0.013985 0.000397
0 1 0.716137 0.211686 0.064591 0.000201 0.007385
1 1 0.348846 0.416681 0.229768 0.003496 0.001209
0 1 0.673052 0.202007 0.116280 0.006093 0.002568
0 1 0.705590 0.239215 0.052962 0.000051 0.002182
0 0 0.912699 0.072055 0.014687 0.000027 0.000532
1 1 0.358329 0.521856 0.118559 0.000290 0.000966
0 1 0.607858 0.291584 0.094060 0.000027 0.006471
2 1 0.056796 0.100028 0.835418 0.007656 0.000103
2 4 0.022060 0.151329 0.819770 0.006274 0.000567
2 2 0.043376 0.143403 0.812764 0.000308 0.000150
2 2 0.141684 0.233081 0.603263 0.020930 0.001041
2 2 0.110063 0.190962 0.694371 0.001618 0.002986
2 2 0.098390 0.279611 0.617415 0.000223 0.004361
2 2 0.033994 0.076230 0.883739 0.006027 0.000008
0 2 0.775315 0.152145 0.070038 0.000241 0.002260
2 2 0.012974 0.097817 0.883256 0.005677 0.000276
1 2 0.326254 0.522016 0.143034 0.000127 0.008569
2 2 0.004448 0.106099 0.886949 0.001999 0.000506
2 2 0.089729 0.206965 0.699425 0.003749 0.000132
0 2 0.517123 0.239582 0.237245 0.003459 0.002591
2 2 0.004482 0.054379 0.938656 0.002450 0.000033
2 2 0.265124 0.224698 0.504454 0.001494 0.004230
1 2 0.185880 0.414193 0.397233 0.002203 0.000491
2 2 0.006189 0.074138 0.917425 0.002194 0.000054
2 2 0.037911 0.091810 0.860783 0.008990 0.000506
2 2 0.398850 0.089050 0.469972 0.041482 0.000645
2 2 0.004370 0.008055 0.972170 0.015403 0.000002
2 2 0.155108 0.026863 0.810831 0.006887 0.000310
2 2 0.095940 0.063637 0.783549 0.056636 0.000238
2 2 0.022885 0.052818 0.919810 0.004167 0.000319
2 2 0.003047 0.053894 0.939007 0.003887 0.000166
2 2 0.003744 0.022188 0.941901 0.032087 0.000080
2 2 0.200351 0.258824 0.532213 0.007663 0.000949
0 2 0.531710 0.222536 0.234546 0.006474 0.004733
0 2 0.824316 0.089745 0.073040 0.010950 0.001950
2 2 0.032146 0.271983 0.690880 0.003310 0.001681
2 2 0.237695 0.155107 0.586081 0.020745 0.000372
2 2 0.000732 0.003194 0.957429 0.038640 0.000004
2 2 0.001901 0.022539 0.960787 0.014675 0.000098
2 2 0.096851 0.123564 0.733276 0.045965 0.000345
2 2 0.007618 0.039169 0.949799 0.003345 0.000070
0 2 0.611493 0.245777 0.141888 0.000358 0.000483
2 2 0.322738 0.299414 0.369737 0.000950 0.007161
2 2 0.305881 0.189382 0.492049 0.011231 0.001457
0 2 0.392758 0.318814 0.282559 0.003548 0.002321
0 2 0.537050 0.315107 0.114028 0.000516 0.033299
0 2 0.624278 0.299873 0.068342 0.000021 0.007487
0 2 0.622715 0.190346 0.183142 0.003685 0.000112
0 1 0.383231 0.277261 0.323075 0.012100 0.004333
1 1 0.254728 0.498432 0.245182 0.000970 0.000688
0 2 0.697128 0.227152 0.072345 0.001713 0.001662
2 2 0.037316 0.053568 0.899803 0.009301 0.000012
2 2 0.008913 0.047420 0.922643 0.020866 0.000157
2 2 0.002823 0.033235 0.946995 0.016667 0.000281
2 2 0.136090 0.239525 0.620908 0.003168 0.000310
0 2 0.915157 0.063184 0.019565 0.000769 0.001325
2 2 0.002274 0.024307 0.962991 0.010379 0.000050
0 2 0.491304 0.247854 0.256312 0.001009 0.003521
0 1 0.523400 0.341885 0.130488 0.002924 0.001303
0 0 0.762938 0.170032 0.061291 0.004255 0.001484
0 1 0.963162 0.025034 0.008715 0.000118 0.002971
0 1 0.942438 0.046647 0.009622 0.000006 0.001286
0 1 0.494025 0.381714 0.118367 0.000583 0.005311
2 1 0.262709 0.357371 0.373826 0.005451 0.000642
2 1 0.146083 0.270630 0.567279 0.010833 0.005175
0 1 0.516906 0.227815 0.248837 0.005041 0.001401
1 1 0.260642 0.446469 0.288722 0.001364 0.002804
0 1 0.602945 0.197572 0.196722 0.001820 0.000941
0 1 0.518569 0.331415 0.136496 0.000776 0.012743
2 1 0.033060 0.111558 0.850236 0.003683 0.001463
0 2 0.512966 0.280427 0.183139 0.000910 0.022558
0 2 0.534403 0.291954 0.170309 0.000972 0.002361
0 2 0.449283 0.384341 0.158279 0.005310 0.002787
2 2 0.182928 0.392742 0.408310 0.007322 0.008697
0 2 0.418997 0.335343 0.240581 0.000928 0.004150
2 2 0.078304 0.182709 0.732479 0.004518 0.001990
0 2 0.853958 0.026029 0.117097 0.002422 0.000495
2 2 0.106459 0.128147 0.761376 0.002818 0.001200
2 2 0.022586 0.032853 0.874138 0.070256 0.000166
2 2 0.000009 0.002123 0.997226 0.000639 0.000003
1 2 0.180639 0.566683 0.247730 0.000683 0.004265
0 2 0.830747 0.092428 0.076450 0.000274 0.000101
2 2 0.056865 0.212760 0.724612 0.004002 0.001762
2 2 0.022691 0.040526 0.932813 0.003909 0.000061
2 2 0.038038 0.229300 0.724498 0.006604 0.001560
2 2 0.003621 0.044548 0.945646 0.005940 0.000245
2 2 0.090497 0.225784 0.678146 0.005395 0.000178
0 2 0.524289 0.281442 0.191371 0.001846 0.001052
0 2 0.467729 0.272351 0.254170 0.004716 0.001035
2 2 0.238510 0.313367 0.445165 0.002865 0.000093
0 2 0.341563 0.332779 0.323173 0.001465 0.001020
2 2 0.037864 0.219327 0.737710 0.004465 0.000635
2 2 0.169481 0.197884 0.618514 0.010815 0.003306
0 0 0.812427 0.114042 0.047962 0.006861 0.018708
0 0 0.548123 0.348331 0.096250 0.000140 0.007156
0 0 0.727752 0.188856 0.068451 0.002754 0.012187
0 0 0.775647 0.186182 0.034997 0.000006 0.003168
0 0 0.994540 0.004337 0.000991 0.000008 0.000124
0 0 0.969236 0.021487 0.006845 0.000311 0.002121
0 0 0.974460 0.018432 0.006076 0.000197 0.000835
0 0 0.906005 0.050795 0.018358 0.002013 0.022829
0 0 0.951418 0.038521 0.008420 0.000006 0.001635
0 0 0.964421 0.028836 0.006600 0.000099 0.000044
0 0 0.699647 0.074890 0.219697 0.004750 0.001017
0 4 0.787295 0.103660 0.078349 0.000087 0.030609
0 4 0.310684 0.249413 0.207331 0.009391 0.223180
0 4 0.916874 0.038887 0.014985 0.000064 0.029190
0 4 0.808488 0.127536 0.045340 0.000204 0.018432
0 4 0.653133 0.214383 0.078302 0.000075 0.054108
0 4 0.741467 0.056434 0.023671 0.000084 0.178344
0 4 0.927909 0.031815 0.010886 0.000069 0.029321
0 4 0.462980 0.114553 0.146998 0.000790 0.274679
0 4 0.935029 0.041469 0.015788 0.000834 0.006880
0 4 0.770979 0.073687 0.027923 0.004148 0.123264
0 4 0.590159 0.060972 0.022199 0.001395 0.325274
4 4 0.322264 0.076904 0.085506 0.001460 0.513866
0 4 0.765564 0.075921 0.028937 0.004896 0.124682
4 4 0.318877 0.056937 0.023577 0.001939 0.598669
4 4 0.453349 0.063712 0.028945 0.000629 0.453365
0 4 0.869965 0.047739 0.016454 0.000750 0.065092
4 4 0.291587 0.056832 0.024363 0.001727 0.625491
0 4 0.925309 0.040964 0.013162 0.002831 0.017735
4 4 0.259746 0.123479 0.070524 0.000702 0.545550
0 4 0.935366 0.040206 0.015432 0.000428 0.008567
0 4 0.885208 0.042697 0.012239 0.000007 0.059850
4 4 0.466145 0.035933 0.013573 0.000038 0.484312
0 4 0.852655 0.081146 0.028324 0.000045 0.037830
0 4 0.460757 0.249157 0.106552 0.000757 0.182777
0 4 0.641361 0.200852 0.060963 0.000024 0.096799
0 4 0.848087 0.055371 0.020337 0.000851 0.075354
0 4 0.917112 0.051455 0.018278 0.000070 0.013085
0 4 0.723240 0.074295 0.030786 0.001033 0.170647
0 4 0.930092 0.041597 0.015313 0.000397 0.012601
0 4 0.857077 0.081201 0.030122 0.000162 0.031437
4 4 0.178527 0.048326 0.024441 0.000443 0.748263
0 4 0.729375 0.057116 0.021806 0.000377 0.191326
0 4 0.924024 0.033946 0.012313 0.000052 0.029665
4 4 0.204080 0.052268 0.024295 0.001502 0.717855
0 4 0.620263 0.113898 0.053082 0.000941 0.211816
4 4 0.072068 0.024134 0.011679 0.000410 0.891710
0 4 0.552045 0.128991 0.072633 0.001902 0.244429
4 4 0.324072 0.058409 0.026387 0.000593 0.590539
4 4 0.134679 0.339707 0.121713 0.000065 0.403836
0 4 0.598358 0.165621 0.133573 0.001062 0.101386
0 4 0.940523 0.037058 0.013556 0.000469 0.008393
0 4 0.475714 0.093678 0.054024 0.000730 0.375855
0 4 0.911301 0.039082 0.021721 0.000183 0.027713
0 4 0.821116 0.103113 0.040262 0.000131 0.035378
4 4 0.385903 0.024994 0.006771 0.000736 0.581595
0 4 0.588228 0.047529 0.015535 0.001329 0.347379
0 4 0.955012 0.025145 0.008339 0.000061 0.011443
0 4 0.669820 0.079061 0.023481 0.000013 0.227625
1 4 0.119090 0.478588 0.307351 0.000034 0.094938
0 4 0.906771 0.038297 0.014412 0.000029 0.040490
0 4 0.625518 0.298831 0.062319 0.000005 0.013327
0 4 0.917817 0.037794 0.014147 0.000076 0.030166
4 4 0.268207 0.209818 0.106667 0.001305 0.414003
0 4 0.432662 0.261552 0.121077 0.000050 0.184659
0 4 0.494050 0.334118 0.099028 0.000017 0.072788
1 4 0.321078 0.384403 0.189194 0.000130 0.105195
1 4 0.234770 0.296408 0.203988 0.000013 0.264821
0 4 0.905307 0.070683 0.021418 0.000171 0.002421
0 1 0.779073 0.156745 0.051818 0.000166 0.012199
0 4 0.459055 0.190824 0.288712 0.001098 0.060310
1 4 0.224931 0.454946 0.145345 0.000024 0.174754
2 4 0.003692 0.093310 0.901864 0.000316 0.000819
4 4 0.181177 0.222146 0.081246 0.000028 0.515403
1 4 0.143146 0.511651 0.287466 0.000075 0.057662
1 4 0.110368 0.531540 0.253008 0.000013 0.105071
0 4 0.574144 0.226911 0.103783 0.000139 0.095023
1 4 0.152349 0.555637 0.222994 0.000054 0.068966
0 4 0.561739 0.311500 0.083346 0.000012 0.043403
0 4 0.744898 0.195530 0.051808 0.000049 0.007715
0 4 0.719962 0.151950 0.063572 0.000194 0.064322
2 4 0.066292 0.265214 0.660739 0.000060 0.007694
0 4 0.662378 0.115044 0.131546 0.003607 0.087425
0 4 0.525505 0.137000 0.202056 0.004744 0.130695
1 4 0.047385 0.507718 0.378740 0.000659 0.065500
1 4 0.373117 0.477358 0.101988 0.000002 0.047536
1 4 0.367470 0.410798 0.176455 0.000018 0.045259
0 4 0.480070 0.322404 0.101716 0.000007 0.095804
2 4 0.207322 0.273143 0.478145 0.006857 0.034534
1 4 0.353438 0.409008 0.174907 0.000120 0.062527
1 4 0.260150 0.483112 0.135224 0.000006 0.121509
0 0 0.744110 0.152406 0.090779 0.002936 0.009769
0 4 0.896812 0.071580 0.023575 0.000097 0.007936
2 4 0.066678 0.215875 0.659114 0.007091 0.051242
2 4 0.072121 0.319017 0.520046 0.000307 0.088509
0 4 0.450180 0.383916 0.157249 0.000585 0.008070
2 4 0.084927 0.248314 0.652351 0.000331 0.014077
2 4 0.064071 0.170510 0.749946 0.009910 0.005564
0 4 0.491224 0.266310 0.230224 0.000240 0.012002
2 4 0.290225 0.261164 0.418339 0.001407 0.028864
0 4 0.375890 0.156383 0.172161 0.027262 0.268304
0 1 0.557829 0.232815 0.169333 0.007356 0.032667
1 1 0.329491 0.414073 0.165428 0.000286 0.090722
1 1 0.105760 0.461703 0.315915 0.000108 0.116515
2 2 0.102840 0.344554 0.527027 0.000155 0.025425
2 2 0.264767 0.260859 0.463138 0.007086 0.004150
0 4 0.413036 0.207266 0.368025 0.008400 0.003274
2 4 0.108562 0.288907 0.486955 0.001382 0.114193
0 0 0.960358 0.024072 0.014797 0.000396 0.000378
1 1 0.278396 0.394225 0.300186 0.000257 0.026936
2 2 0.051157 0.097330 0.844807 0.002533 0.004173
2 2 0.139374 0.293027 0.376145 0.004789 0.186665
0 1 0.369719 0.363041 0.125445 0.000029 0.141767
2 2 0.053242 0.151721 0.782898 0.000761 0.011379
2 2 0.021530 0.136624 0.831753 0.009364 0.000729
0 2 0.818752 0.111855 0.049112 0.000288 0.019994
2 2 0.072500 0.073809 0.834399 0.015988 0.003304
2 2 0.036380 0.170567 0.764491 0.021990 0.006572
0 2 0.867683 0.082350 0.037374 0.000671 0.011922
2 2 0.000045 0.001099 0.963526 0.035327 0.000004
2 2 0.042470 0.138763 0.805519 0.004447 0.008801
0 1 0.907520 0.066251 0.014311 0.000001 0.011917
2 2 0.007356 0.109483 0.878803 0.003788 0.000571
2 2 0.045184 0.068266 0.857371 0.027625 0.001554
2 2 0.003694 0.028502 0.961461 0.005124 0.001219
2 2 0.000103 0.003191 0.994324 0.002382 0.000001
2 2 0.003414 0.036154 0.953542 0.005121 0.001769
2 2 0.010649 0.049618 0.932949 0.005336 0.001448
2 2 0.000005 0.000328 0.989235 0.010431 0.000001
2 2 0.111505 0.139101 0.734836 0.005847 0.008711
2 2 0.012728 0.096037 0.877773 0.012716 0.000745
2 2 0.087404 0.249916 0.525193 0.000466 0.137020
2 2 0.177440 0.085633 0.611473 0.121421 0.004033
2 2 0.010678 0.026137 0.948376 0.014790 0.000019
2 2 0.001353 0.035218 0.957857 0.005312 0.000260
2 2 0.001245 0.005977 0.952165 0.040570 0.000043
2 2 0.045313 0.198032 0.517377 0.170640 0.068638
2 2 0.007884 0.048935 0.903082 0.038878 0.001220
1 2 0.147973 0.377812 0.350585 0.026448 0.097182
2 2 0.135127 0.325822 0.446804 0.009701 0.082547
2 2 0.021342 0.096175 0.862747 0.012925 0.006811
2 2 0.002491 0.036899 0.957524 0.000415 0.002672
2 2 0.078243 0.095764 0.783931 0.041448 0.000615
2 2 0.012651 0.017969 0.751382 0.217896 0.000102
2 2 0.006940 0.028798 0.902692 0.061359 0.000211
2 2 0.001306 0.007228 0.688541 0.302808 0.000117
2 2 0.140936 0.223067 0.627393 0.006799 0.001805
2 2 0.008159 0.107787 0.848695 0.031990 0.003369
2 2 0.309946 0.256576 0.429688 0.001794 0.001996
2 2 0.001177 0.030148 0.958693 0.009496 0.000487
2 2 0.015242 0.086745 0.885599 0.012126 0.000288
2 2 0.031538 0.041005 0.825243 0.101953 0.000261
2 2 0.074282 0.196540 0.716843 0.006055 0.006280
2 2 0.020363 0.027415 0.948962 0.003059 0.000201
2 2 0.006787 0.074240 0.909988 0.008527 0.000458
2 2 0.004262 0.012913 0.975387 0.007338 0.000100
2 2 0.000280 0.005767 0.984563 0.009382 0.000009
2 2 0.001423 0.012206 0.967806 0.018547 0.000019
2 2 0.067427 0.103699 0.818798 0.006383 0.003693
2 2 0.000491 0.007334 0.972432 0.019716 0.000027
2 2 0.023524 0.114017 0.842863 0.018739 0.000857
2 2 0.000035 0.000468 0.981732 0.017762 0.000002
2 2 0.000200 0.015897 0.978549 0.004686 0.000669
2 2 0.000697 0.007688 0.977615 0.013993 0.000008
2 2 0.055576 0.156130 0.766019 0.020451 0.001824
2 2 0.000291 0.004373 0.989820 0.005514 0.000002
2 2 0.016978 0.035572 0.761308 0.185801 0.000342
2 2 0.004444 0.017361 0.885521 0.092538 0.000136
2 2 0.000931 0.010657 0.969740 0.018644 0.000028
2 2 0.000878 0.002790 0.782319 0.213995 0.000018
2 2 0.000000 0.000029 0.988842 0.011129 0.000000
2 2 0.000251 0.002965 0.921641 0.075134 0.000010
2 2 0.033117 0.037708 0.905937 0.022904 0.000334
2 3 0.044904 0.041838 0.796841 0.116336 0.000081
2 3 0.008974 0.023270 0.864219 0.103408 0.000129
2 2 0.020819 0.040477 0.870308 0.067944 0.000452
2 2 0.021774 0.084814 0.887326 0.005055 0.001032
2 2 0.066204 0.132171 0.746642 0.042010 0.012973
2 2 0.008164 0.042091 0.920471 0.029072 0.000202
2 2 0.028924 0.057203 0.882751 0.028828 0.002295
2 2 0.000799 0.011126 0.978458 0.009471 0.000146
2 2 0.008898 0.021299 0.915758 0.053862 0.000183
2 2 0.010528 0.050748 0.919934 0.016427 0.002364
2 2 0.000194 0.007464 0.987712 0.004589 0.000040
2 2 0.008451 0.029149 0.905064 0.057210 0.000126
2 2 0.000251 0.006315 0.989790 0.003568 0.000077
2 2 0.000440 0.008394 0.976590 0.014538 0.000038
2 2 0.001108 0.007514 0.951213 0.040149 0.000016
2 2 0.001352 0.015074 0.937006 0.046326 0.000242
2 2 0.001936 0.011931 0.898221 0.087799 0.000115
2 2 0.001024 0.017775 0.965526 0.015523 0.000152
2 2 0.005883 0.032532 0.902919 0.057835 0.000832
2 2 0.001920 0.007994 0.978183 0.011876 0.000027
2 2 0.046604 0.054914 0.762996 0.134322 0.001165
2 2 0.000372 0.006621 0.985504 0.007498 0.000006
2 2 0.001084 0.012777 0.964339 0.021743 0.000057
2 2 0.000751 0.014952 0.975989 0.007878 0.000430
2 2 0.000504 0.001689 0.909800 0.088006 0.000001
2 2 0.000499 0.006202 0.979767 0.013525 0.000006
2 2 0.033316 0.126728 0.823448 0.016001 0.000506
2 2 0.006316 0.074352 0.914183 0.004938 0.000211
2 2 0.000524 0.004241 0.965987 0.029237 0.000011
2 2 0.003765 0.021069 0.940660 0.034237 0.000269
2 2 0.009790 0.019726 0.804514 0.165828 0.000142
2 2 0.000457 0.012142 0.983981 0.003408 0.000013
2 3 0.003823 0.014135 0.938715 0.043310 0.000018
2 3 0.000468 0.000860 0.601248 0.397422 0.000002
2 2 0.002728 0.018395 0.970856 0.007867 0.000153
2 2 0.000074 0.002138 0.973619 0.024157 0.000012
2 2 0.001426 0.019547 0.950652 0.028062 0.000313
2 2 0.017690 0.038299 0.925867 0.017033 0.001111
2 2 0.026427 0.069910 0.853767 0.049497 0.000399
2 2 0.013461 0.026626 0.953928 0.005159 0.000827
2 2 0.002131 0.028972 0.964617 0.003553 0.000727
2 2 0.004548 0.016034 0.970789 0.008546 0.000082
2 2 0.333143 0.182458 0.399890 0.062203 0.022305
2 2 0.020355 0.282480 0.690330 0.000410 0.006425
2 2 0.013621 0.014046 0.850270 0.121698 0.000365
2 2 0.005259 0.035656 0.939150 0.019807 0.000130
2 2 0.027673 0.031280 0.931440 0.007428 0.002179
2 2 0.001209 0.008540 0.975664 0.014584 0.000004
2 2 0.123103 0.043349 0.807517 0.025052 0.000978
2 2 0.006830 0.055825 0.934288 0.001284 0.001773
2 2 0.003912 0.030209 0.944798 0.020949 0.000133
2 2 0.071820 0.110576 0.738410 0.078184 0.001009
2 2 0.003145 0.071500 0.920347 0.002230 0.002778
1 1 0.140289 0.584774 0.263392 0.000581 0.010964
2 2 0.069554 0.173375 0.740058 0.005519 0.011495
2 2 0.003080 0.029615 0.952985 0.014215 0.000105
2 2 0.027622 0.117900 0.843508 0.008320 0.002650
1 1 0.212069 0.421779 0.353509 0.002835 0.009807
1 1 0.328760 0.343562 0.172741 0.000182 0.154755
1 4 0.234254 0.421583 0.181768 0.001156 0.161239
1 4 0.160326 0.562394 0.270179 0.000654 0.006447
0 4 0.767160 0.130848 0.094416 0.000557 0.007019
2 4 0.012738 0.065723 0.914173 0.006839 0.000527
0 1 0.848872 0.089741 0.054902 0.001605 0.004880
2 1 0.075351 0.426633 0.473952 0.000117 0.023948
2 2 0.002243 0.059051 0.936054 0.001956 0.000696
0 4 0.377280 0.344673 0.273742 0.001763 0.002541
2 4 0.088853 0.225725 0.659439 0.000980 0.025003
1 4 0.272597 0.528392 0.182525 0.000455 0.016032
1 4 0.186563 0.497319 0.241531 0.020698 0.053889
1 1 0.414471 0.426423 0.150294 0.001287 0.007526
2 1 0.036266 0.364942 0.586136 0.000334 0.012322
2 1 0.176198 0.364511 0.452812 0.001707 0.004771
1 1 0.256045 0.448699 0.291219 0.002527 0.001510
1 4 0.040630 0.686711 0.195977 0.000033 0.076649
0 4 0.508836 0.214278 0.164291 0.014969 0.097626
2 2 0.003153 0.009312 0.984453 0.003014 0.000068
0 4 0.417481 0.414097 0.127130 0.000056 0.041235
2 2 0.003283 0.106746 0.878205 0.000045 0.011721
2 2 0.012887 0.108325 0.864643 0.012848 0.001296
2 2 0.038713 0.219989 0.739003 0.001510 0.000786
2 2 0.000653 0.010193 0.986618 0.002488 0.000048
2 2 0.042112 0.046927 0.897233 0.013012 0.000715
2 2 0.097436 0.389917 0.501798 0.001213 0.009635
2 2 0.084902 0.268203 0.622026 0.020871 0.003998
2 2 0.018011 0.048232 0.926624 0.006114 0.001019
2 2 0.044823 0.145094 0.792022 0.014584 0.003476
2 2 0.024183 0.062827 0.912383 0.000471 0.000136
1 2 0.102354 0.448172 0.437944 0.002423 0.009107
2 2 0.039947 0.122264 0.805748 0.031092 0.000949
2 2 0.397681 0.173790 0.424083 0.002962 0.001484
2 2 0.000943 0.011082 0.967151 0.020747 0.000077
0 2 0.782868 0.178386 0.036102 0.000003 0.002640
2 2 0.067599 0.294165 0.632711 0.001371 0.004154
2 2 0.001080 0.025178 0.972313 0.001007 0.000423
2 2 0.007330 0.046217 0.930795 0.015010 0.000649
2 2 0.006190 0.022308 0.934234 0.037221 0.000047
2 2 0.110504 0.296623 0.581590 0.009729 0.001555
2 2 0.052207 0.356796 0.579195 0.003903 0.007898
2 2 0.040572 0.239050 0.718159 0.000179 0.002040
2 2 0.005242 0.070623 0.921090 0.002940 0.000104
1 0 0.138981 0.539833 0.212562 0.000109 0.108514
1 1 0.140132 0.442203 0.398771 0.009820 0.009075
2 2 0.049318 0.313626 0.619098 0.009566 0.008392
0 1 0.407077 0.392946 0.140957 0.000280 0.058741
2 2 0.018622 0.131913 0.842160 0.006524 0.000782
2 2 0.014543 0.088313 0.885604 0.009187 0.002352
2 2 0.149507 0.308513 0.488506 0.000134 0.053339
2 2 0.104865 0.230605 0.627293 0.001415 0.035821
2 2 0.441107 0.077892 0.478803 0.000758 0.001440
1 1 0.347437 0.412269 0.170608 0.000832 0.068854
1 2 0.112921 0.360989 0.353404 0.000612 0.172073
1 2 0.246637 0.501065 0.221021 0.000307 0.030970
1 2 0.092245 0.484434 0.361420 0.000066 0.061835
1 2 0.380438 0.393443 0.145143 0.000113 0.080862
2 2 0.001797 0.027648 0.951951 0.016100 0.002505
2 2 0.007305 0.042557 0.946322 0.003130 0.000685
2 2 0.364542 0.140043 0.489487 0.001223 0.004705
2 2 0.037083 0.044726 0.906707 0.011411 0.000074
2 2 0.010079 0.109987 0.873533 0.005798 0.000603
2 2 0.000576 0.007368 0.989423 0.002625 0.000008
2 2 0.041821 0.241761 0.709399 0.003214 0.003805
2 2 0.163412 0.372933 0.451410 0.003969 0.008276
2 2 0.001603 0.024114 0.973056 0.000842 0.000386
2 2 0.009616 0.106794 0.881416 0.001425 0.000748
0 1 0.688837 0.179581 0.080384 0.002544 0.048654
2 1 0.021234 0.032469 0.943592 0.002274 0.000431
2 2 0.066552 0.345051 0.580921 0.000801 0.006674
2 2 0.002440 0.015816 0.960414 0.021308 0.000023
2 2 0.004639 0.026902 0.965327 0.003074 0.000057
2 2 0.024005 0.122688 0.845564 0.007507 0.000235
1 2 0.273442 0.557171 0.151791 0.000052 0.017544
2 2 0.145274 0.374896 0.474579 0.004174 0.001077
2 2 0.002554 0.053510 0.940915 0.002611 0.000410
2 2 0.013862 0.147867 0.834528 0.003284 0.000460
2 2 0.009117 0.046092 0.937733 0.006855 0.000203
2 2 0.048732 0.111413 0.836330 0.003040 0.000485
2 2 0.122640 0.191221 0.636194 0.047801 0.002144
2 2 0.003642 0.124466 0.869509 0.000430 0.001953
1 2 0.150331 0.660818 0.182220 0.000145 0.006486
2 2 0.025602 0.076014 0.876105 0.021643 0.000635
1 4 0.376730 0.423099 0.176877 0.010059 0.013235
0 4 0.642851 0.281768 0.066657 0.000023 0.008702
0 4 0.543195 0.346729 0.106683 0.000293 0.003099
1 4 0.303948 0.554155 0.135449 0.000065 0.006384
1 4 0.286965 0.475139 0.232860 0.000401 0.004634
1 4 0.192527 0.536499 0.227240 0.004059 0.039674
1 4 0.114060 0.454444 0.426005 0.000162 0.005329
1 4 0.282635 0.541524 0.165225 0.000324 0.010291
0 4 0.797409 0.145751 0.051396 0.000809 0.004635
1 4 0.108603 0.643784 0.206335 0.000102 0.041176
0 4 0.816007 0.143287 0.037670 0.000094 0.002942
1 4 0.341179 0.402738 0.195251 0.006597 0.054235
0 4 0.483605 0.386509 0.120698 0.000351 0.008837
1 4 0.284208 0.553971 0.158358 0.000635 0.002828
2 4 0.078401 0.380181 0.523265 0.002158 0.015995
1 4 0.416195 0.487504 0.093311 0.000018 0.002971
1 4 0.320866 0.488983 0.163075 0.000187 0.026889
2 4 0.064881 0.194478 0.730455 0.003681 0.006504
2 4 0.018897 0.206558 0.772329 0.001294 0.000922
2 4 0.034451 0.279672 0.677588 0.004943 0.003346
2 4 0.166283 0.395196 0.411505 0.001952 0.025064
0 4 0.497702 0.338895 0.102387 0.000025 0.060991
2 4 0.145732 0.274128 0.556569 0.000654 0.022917
4 4 0.096092 0.128103 0.203893 0.000157 0.571755
2 4 0.001708 0.030763 0.959891 0.002500 0.005138
1 4 0.049656 0.505960 0.419917 0.000061 0.024407
1 4 0.053491 0.427804 0.254450 0.000038 0.264217
0 4 0.603459 0.233442 0.134393 0.000935 0.027770
1 4 0.081890 0.462152 0.167431 0.000385 0.288141
0 4 0.614165 0.095184 0.036614 0.000692 0.253345
0 4 0.500848 0.190188 0.123455 0.000847 0.184662
4 4 0.204494 0.044545 0.020222 0.000599 0.730140
0 4 0.496042 0.076270 0.032731 0.001804 0.393153
0 4 0.612307 0.141595 0.069752 0.001486 0.174860
4 4 0.098423 0.067442 0.084569 0.003218 0.746348
0 4 0.583352 0.118344 0.058233 0.003757 0.236313
2 4 0.033076 0.384184 0.529524 0.000184 0.053033
0 4 0.902285 0.053242 0.021771 0.000476 0.022225
0 4 0.535459 0.111561 0.072357 0.004240 0.276382
4 4 0.152508 0.280997 0.237234 0.005338 0.323923
0 4 0.474261 0.051714 0.022041 0.000103 0.451881
4 4 0.085160 0.026568 0.012496 0.000555 0.875221
0 4 0.549413 0.089229 0.038532 0.004276 0.318550
0 4 0.557646 0.140888 0.103213 0.002514 0.195740
4 4 0.362310 0.056306 0.020530 0.006800 0.554053
0 4 0.449423 0.264662 0.207853 0.000492 0.077570
0 4 0.837529 0.071048 0.031958 0.000413 0.059051
4 4 0.328761 0.069185 0.031729 0.001713 0.568612
4 4 0.429157 0.047016 0.017536 0.000542 0.505749
4 4 0.206199 0.074906 0.034322 0.032949 0.651623
0 4 0.808717 0.110455 0.044940 0.000205 0.035683
0 4 0.834659 0.068965 0.031030 0.000159 0.065187
0 4 0.568509 0.099307 0.044800 0.004979 0.282404
0 4 0.552192 0.104100 0.053247 0.000902 0.289558
0 4 0.690417 0.126185 0.069652 0.001903 0.111842
4 4 0.165539 0.042585 0.016630 0.012078 0.763168
0 4 0.970987 0.019038 0.005731 0.000113 0.004131
0 4 0.472389 0.096304 0.051151 0.000601 0.379555
0 4 0.906091 0.047385 0.016572 0.000026 0.029925
0 4 0.894911 0.054341 0.019388 0.003328 0.028032
0 4 0.886734 0.047589 0.016261 0.001135 0.048280
0 4 0.843303 0.037172 0.010040 0.002555 0.106929
0 4 0.687999 0.075125 0.033127 0.000453 0.203296
4 4 0.236894 0.047551 0.020122 0.001397 0.694036
4 4 0.348792 0.183826 0.086882 0.001938 0.378562
0 4 0.358565 0.293611 0.135136 0.000888 0.211800
2 4 0.036507 0.233094 0.630611 0.000028 0.099759
2 4 0.042421 0.145041 0.620212 0.000278 0.192049
0 4 0.452705 0.103827 0.053330 0.000897 0.389241
4 4 0.054151 0.020222 0.008707 0.002736 0.914185
0 4 0.659191 0.124115 0.059471 0.012818 0.144405
0 4 0.812346 0.143336 0.038103 0.000045 0.006170
0 4 0.757360 0.133556 0.056162 0.000438 0.052484
0 4 0.957387 0.030153 0.007651 0.000007 0.004803
1 4 0.188853 0.363651 0.240827 0.002442 0.204228
2 4 0.033814 0.189745 0.768810 0.001188 0.006443
2 4 0.071325 0.198178 0.556931 0.002109 0.171457
1 4 0.399797 0.407974 0.115200 0.000018 0.077012
1 4 0.154237 0.613208 0.190293 0.000047 0.042215
2 4 0.181568 0.284455 0.516236 0.003441 0.014301
2 4 0.217362 0.359501 0.409682 0.005991 0.007463
2 4 0.006017 0.145398 0.843769 0.000609 0.004208
1 4 0.316382 0.493750 0.155126 0.000082 0.034659
1 4 0.341070 0.483085 0.162815 0.000499 0.012530
2 4 0.068640 0.133313 0.709849 0.086224 0.001974
1 4 0.356297 0.482224 0.155520 0.002031 0.003928
2 4 0.066850 0.358356 0.569453 0.003404 0.001936
1 4 0.118455 0.668017 0.199507 0.000250 0.013771
2 4 0.095552 0.132667 0.759501 0.007036 0.005245
2 4 0.047152 0.342589 0.587211 0.002860 0.020188
0 0 0.852635 0.084291 0.037790 0.008139 0.017146
0 4 0.521409 0.261961 0.101732 0.000174 0.114723
1 4 0.051033 0.445752 0.444415 0.000850 0.057951
2 4 0.036024 0.312828 0.457554 0.000017 0.193577
2 4 0.065700 0.281510 0.640665 0.009308 0.002817
0 4 0.492742 0.164823 0.194001 0.011378 0.137057
1 4 0.175177 0.589717 0.221180 0.000538 0.013387
0 4 0.732242 0.202079 0.056902 0.000077 0.008700
0 4 0.961414 0.028002 0.007572 0.000014 0.002999
1 0 0.362855 0.439525 0.136207 0.002359 0.059053
0 4 0.813855 0.089580 0.059510 0.000476 0.036580
2 4 0.259460 0.254434 0.265954 0.008906 0.211246
0 4 0.803334 0.147656 0.042654 0.000097 0.006258
2 4 0.169980 0.345806 0.395191 0.009003 0.080021
0 4 0.628850 0.251520 0.085224 0.000107 0.034299
0 4 0.597679 0.190016 0.086876 0.001108 0.124322
0 4 0.443203 0.118232 0.055567 0.000937 0.382061
0 4 0.697933 0.178838 0.076734 0.000740 0.045755
2 4 0.072673 0.192882 0.722047 0.002103 0.010295
2 4 0.247049 0.238296 0.464137 0.014075 0.036442
2 4 0.311515 0.275363 0.378193 0.008688 0.026240
2 4 0.019774 0.125227 0.836346 0.011165 0.007488
1 4 0.294003 0.396122 0.305123 0.003245 0.001507
1 4 0.248853 0.543650 0.194730 0.000240 0.012528
0 2 0.501503 0.378914 0.108415 0.000124 0.011044
0 4 0.633848 0.154121 0.156218 0.001990 0.053824
2 2 0.006932 0.062496 0.886298 0.041849 0.002425
1 2 0.185970 0.378569 0.343789 0.000546 0.091125
2 2 0.000931 0.005653 0.983999 0.009406 0.000012
2 2 0.141964 0.199446 0.637421 0.001986 0.019183
2 1 0.105495 0.221962 0.639553 0.003301 0.029689
2 2 0.006220 0.019006 0.962469 0.011952 0.000353
2 2 0.002183 0.027402 0.966675 0.001366 0.002374
2 2 0.007063 0.016215 0.970254 0.005771 0.000697
2 2 0.019678 0.042823 0.896515 0.040644 0.000341
2 2 0.001736 0.041053 0.952423 0.003728 0.001060
2 2 0.002056 0.011069 0.984782 0.000902 0.001191
2 2 0.047356 0.067151 0.872767 0.004530 0.008196
1 1 0.134956 0.434760 0.260560 0.000024 0.169701
2 2 0.000498 0.013032 0.975360 0.011001 0.000108
2 2 0.008710 0.019773 0.958457 0.012922 0.000138
2 2 0.000750 0.019793 0.938353 0.040127 0.000976
2 2 0.093929 0.093344 0.785132 0.026989 0.000606
2 2 0.000260 0.004169 0.971556 0.024002 0.000013
2 2 0.002527 0.015388 0.975071 0.006760 0.000254
2 2 0.000415 0.006723 0.984105 0.008668 0.000089
2 2 0.000960 0.009055 0.988336 0.001620 0.000028
2 1 0.000597 0.047056 0.948476 0.001541 0.002330
2 2 0.002645 0.014702 0.967905 0.014722 0.000027
2 2 0.000034 0.000983 0.987923 0.011059 0.000001
2 2 0.000203 0.018820 0.979420 0.001434 0.000123
2 2 0.000194 0.005386 0.990313 0.004068 0.000040
2 2 0.004276 0.024420 0.963321 0.007836 0.000148
2 2 0.003230 0.032752 0.945252 0.017547 0.001218
2 2 0.001459 0.017381 0.966824 0.014282 0.000054
2 2 0.002078 0.008576 0.923684 0.065644 0.000017
2 3 0.002946 0.004177 0.733172 0.259698 0.000007
2 2 0.000371 0.003155 0.940603 0.055862 0.000008
2 2 0.000049 0.005693 0.991073 0.003124 0.000062
2 2 0.000247 0.010708 0.986267 0.002757 0.000020
2 1 0.002636 0.041210 0.656939 0.291186 0.008029
2 2 0.000005 0.000285 0.988807 0.010903 0.000000
2 2 0.000058 0.009161 0.987960 0.002614 0.000207
2 2 0.007088 0.015490 0.917919 0.059450 0.000053
2 2 0.218227 0.140983 0.630283 0.001536 0.008971
2 2 0.000125 0.002854 0.992903 0.004063 0.000055
2 3 0.006147 0.006546 0.939102 0.048203 0.000003
2 2 0.003688 0.062676 0.931662 0.001104 0.000869
2 3 0.000059 0.001438 0.982251 0.016251 0.000002
2 3 0.000362 0.005742 0.971839 0.022036 0.000021
2 2 0.005697 0.043692 0.939996 0.009711 0.000904
2 2 0.000493 0.003834 0.952413 0.043254 0.000006
2 2 0.000259 0.009381 0.987522 0.002827 0.000011
2 2 0.001117 0.008815 0.975085 0.014977 0.000005
2 2 0.003773 0.011304 0.925255 0.059651 0.000016
2 2 0.001504 0.040279 0.955012 0.003060 0.000145
2 2 0.000125 0.005030 0.974849 0.019971 0.000026
2 2 0.026120 0.111346 0.835739 0.025722 0.001073
2 2 0.000090 0.010942 0.988380 0.000516 0.000071
2 3 0.000008 0.000103 0.854974 0.144915 0.000000
2 2 0.000879 0.010467 0.978759 0.009886 0.000010
2 3 0.009496 0.019323 0.884617 0.086528 0.000035
2 2 0.004232 0.008167 0.962493 0.025094 0.000014
2 2 0.001748 0.027232 0.963208 0.007722 0.000089
2 2 0.003018 0.013619 0.933459 0.049869 0.000034
2 2 0.000004 0.000352 0.996729 0.002915 0.000000
2 2 0.000423 0.008096 0.979393 0.012065 0.000023
2 2 0.014358 0.029443 0.939183 0.017000 0.000016
2 2 0.000221 0.002881 0.996038 0.000858 0.000002
2 2 0.001160 0.008636 0.925357 0.064782 0.000064
2 2 0.013366 0.023166 0.829238 0.134140 0.000091
2 2 0.000013 0.000378 0.978749 0.020861 0.000000
2 2 0.002208 0.015621 0.947320 0.034787 0.000065
2 3 0.000541 0.003303 0.940712 0.055440 0.000004
2 2 0.000181 0.001876 0.889736 0.108202 0.000006
