0 0 0.753650 0.110842 0.049050 0.000277 0.086180
0 0 0.943041 0.018903 0.010556 0.000215 0.027285
0 0 0.925647 0.029765 0.014341 0.000111 0.030135
0 0 0.915980 0.054229 0.021869 0.000047 0.007875
0 0 0.949390 0.025850 0.011953 0.000287 0.012520
0 0 0.957254 0.026949 0.008330 0.000004 0.007463
0 0 0.831434 0.079745 0.047547 0.000807 0.040467
0 0 0.920123 0.047009 0.030097 0.000126 0.002646
0 0 0.984344 0.008569 0.005651 0.000028 0.001409
0 0 0.774185 0.117638 0.076494 0.000596 0.031087
0 0 0.413533 0.278223 0.051107 0.000285 0.256852
0 0 0.463036 0.125266 0.035808 0.000570 0.375319
4 1 0.134638 0.317387 0.224290 0.000324 0.323362
4 0 0.344587 0.085767 0.026214 0.000065 0.543368
2 0 0.273420 0.133152 0.330446 0.002094 0.260888
2 0 0.161813 0.308874 0.346155 0.001130 0.182028
4 1 0.104883 0.078604 0.023651 0.000252 0.792609
4 0 0.164973 0.094361 0.021695 0.000202 0.718769
0 0 0.468802 0.170448 0.177567 0.007253 0.175930
4 0 0.105329 0.290941 0.215445 0.001063 0.387221
0 0 0.619815 0.154127 0.157235 0.003935 0.064888
0 0 0.864608 0.045040 0.020262 0.000175 0.069914
0 0 0.807663 0.061774 0.060214 0.001234 0.069114
0 0 0.938005 0.029116 0.010704 0.000027 0.022147
2 0 0.046636 0.329814 0.578973 0.000004 0.044574
0 0 0.385957 0.238276 0.192020 0.003810 0.179938
0 0 0.556244 0.261499 0.103310 0.000349 0.078598
0 0 0.740335 0.083154 0.032995 0.001061 0.142455
0 0 0.833397 0.080277 0.034478 0.000160 0.051687
0 0 0.985492 0.007028 0.003625 0.000037 0.003819
0 0 0.823790 0.085916 0.039708 0.001669 0.048918
0 0 0.991811 0.004568 0.001541 0.000001 0.002079
0 0 0.695261 0.086971 0.025351 0.000009 0.192408
1 0 0.134580 0.532950 0.192614 0.000219 0.139638
4 4 0.266079 0.165497 0.105388 0.000046 0.462990
4 4 0.115625 0.105720 0.186246 0.002355 0.590054
2 4 0.296437 0.124050 0.302259 0.007949 0.269305
0 4 0.479016 0.043148 0.025230 0.000982 0.451624
4 4 0.013107 0.074530 0.028136 0.000141 0.884086
4 4 0.029014 0.044850 0.021527 0.000383 0.904227
4 4 0.013635 0.131420 0.054018 0.000641 0.800285
4 4 0.007501 0.081064 0.034494 0.000205 0.876736
4 4 0.039314 0.304409 0.102400 0.000083 0.553793
4 4 0.011941 0.110049 0.129944 0.000559 0.747507
4 4 0.014567 0.337226 0.238941 0.000044 0.409221
2 4 0.018784 0.162371 0.559416 0.001136 0.258293
4 4 0.015556 0.112333 0.043551 0.000653 0.827907
4 4 0.022663 0.087100 0.028518 0.000237 0.861482
4 4 0.007214 0.244431 0.311215 0.000041 0.437099
2 4 0.000996 0.185421 0.561446 0.013284 0.238854
4 4 0.003143 0.173938 0.311121 0.004759 0.507039
4 4 0.121511 0.178219 0.276055 0.000485 0.423729
4 4 0.015041 0.136805 0.164297 0.001024 0.682831
2 4 0.000550 0.107140 0.867843 0.000188 0.024279
4 4 0.001725 0.057702 0.441505 0.003212 0.495856
4 4 0.017346 0.222852 0.324959 0.000393 0.434450
2 4 0.000801 0.160710 0.758386 0.013677 0.066426
1 4 0.031848 0.444514 0.403573 0.000238 0.119828
2 4 0.015465 0.300693 0.628094 0.000280 0.055467
4 1 0.035930 0.190319 0.063287 0.000267 0.710197
2 1 0.000136 0.036582 0.957683 0.000438 0.005160
2 1 0.003890 0.184691 0.673523 0.001599 0.136297
2 1 0.000390 0.109826 0.836548 0.002147 0.051089
2 1 0.003784 0.365505 0.449584 0.000888 0.180239
2 2 0.000841 0.051551 0.599030 0.006498 0.342081
1 2 0.009520 0.432409 0.431167 0.000419 0.126484
2 2 0.000402 0.051468 0.941271 0.001329 0.005530
2 2 0.001386 0.182319 0.769423 0.010036 0.036836
2 2 0.000005 0.001507 0.718388 0.279677 0.000423
2 2 0.000117 0.043765 0.950931 0.002571 0.002615
2 2 0.001491 0.015545 0.786597 0.191702 0.004665
2 2 0.000016 0.004052 0.942122 0.053180 0.000631
2 2 0.000057 0.005024 0.931155 0.063023 0.000741
2 2 0.000106 0.004805 0.738297 0.256594 0.000199
2 2 0.000001 0.000134 0.977070 0.022794 0.000001
2 2 0.000649 0.010730 0.673631 0.314300 0.000690
3 3 0.000001 0.000077 0.210674 0.789247 0.000002
3 2 0.000003 0.000199 0.328990 0.670800 0.000008
3 3 0.000000 0.000011 0.043984 0.956005 0.000000
2 2 0.000005 0.000569 0.826429 0.172986 0.000012
3 2 0.000015 0.000747 0.278534 0.720577 0.000126
3 3 0.000000 0.000003 0.283137 0.716860 0.000000
2 2 0.000017 0.001136 0.736868 0.261965 0.000014
3 3 0.000767 0.007347 0.269076 0.721578 0.001231
3 3 0.000001 0.000150 0.149498 0.850293 0.000058
3 3 0.000000 0.000004 0.018576 0.981419 0.000000
3 3 0.000000 0.000014 0.084652 0.915333 0.000001
3 3 0.000000 0.000007 0.023472 0.976521 0.000000
3 3 0.001323 0.009077 0.199484 0.786575 0.003541
3 3 0.000044 0.000930 0.061717 0.937045 0.000264
3 3 0.000085 0.000686 0.049400 0.949749 0.000080
3 3 0.000014 0.000300 0.150388 0.849281 0.000016
3 3 0.000000 0.000040 0.213699 0.786260 0.000001
3 3 0.000812 0.006074 0.167010 0.825479 0.000625
3 3 0.000000 0.000002 0.188714 0.811283 0.000000
2 3 0.000000 0.000137 0.685070 0.314781 0.000012
3 3 0.000035 0.002047 0.249311 0.748313 0.000294
3 3 0.000000 0.000038 0.068920 0.931037 0.000006
3 3 0.000021 0.000190 0.024894 0.974851 0.000043
3 3 0.000067 0.001241 0.144250 0.854190 0.000253
3 3 0.000678 0.007791 0.351412 0.639146 0.000973
3 3 0.000031 0.001242 0.171209 0.827188 0.000331
3 3 0.000001 0.000024 0.016401 0.983569 0.000005
3 3 0.000272 0.001836 0.044432 0.951860 0.001600
3 3 0.000158 0.001351 0.047434 0.949915 0.001143
3 3 0.000004 0.000213 0.190916 0.808831 0.000037
3 3 0.000475 0.003093 0.124769 0.870927 0.000735
2 3 0.000000 0.000168 0.759692 0.240139 0.000001
3 3 0.000070 0.000420 0.077143 0.922287 0.000080
3 3 0.000004 0.000023 0.005331 0.994630 0.000012
3 3 0.000003 0.000216 0.173434 0.826332 0.000015
3 3 0.000001 0.000237 0.417933 0.581822 0.000007
3 3 0.000002 0.000079 0.027209 0.972584 0.000125
3 3 0.000000 0.000027 0.044697 0.955269 0.000007
3 3 0.000002 0.000065 0.034566 0.965349 0.000017
3 3 0.000000 0.000011 0.026306 0.973682 0.000001
3 3 0.000020 0.000402 0.041668 0.957798 0.000112
3 3 0.000000 0.000001 0.016329 0.983671 0.000000
3 3 0.000158 0.000763 0.044989 0.953787 0.000302
3 3 0.000000 0.000014 0.067067 0.932917 0.000001
3 3 0.000001 0.000040 0.107959 0.891997 0.000003
3 3 0.000003 0.000065 0.018993 0.980923 0.000016
3 3 0.000000 0.000012 0.030106 0.969877 0.000005
3 3 0.000000 0.000002 0.013664 0.986333 0.000000
3 3 0.000111 0.000430 0.019454 0.979825 0.000180
3 3 0.000098 0.000762 0.278166 0.720953 0.000021
3 3 0.000170 0.000424 0.082733 0.916654 0.000019
3 3 0.000000 0.000000 0.008686 0.991314 0.000000
3 3 0.000194 0.001532 0.061080 0.936670 0.000525
2 3 0.000218 0.004815 0.737533 0.257277 0.000157
3 3 0.000132 0.001224 0.175656 0.822919 0.000070
3 3 0.000004 0.000072 0.016688 0.983204 0.000031
3 3 0.000003 0.000195 0.133681 0.866099 0.000022
3 3 0.000018 0.000626 0.192415 0.806820 0.000121
3 3 0.000000 0.000004 0.036457 0.963539 0.000000
3 3 0.000168 0.000814 0.054399 0.944460 0.000160
3 3 0.000734 0.001995 0.133436 0.863707 0.000127
3 3 0.000004 0.000058 0.083921 0.916016 0.000001
2 1 0.000872 0.019932 0.872968 0.105842 0.000385
2 1 0.025499 0.184445 0.786158 0.001606 0.002292
2 1 0.015516 0.329271 0.609821 0.000642 0.044750
1 1 0.043984 0.482392 0.372123 0.008216 0.093286
2 1 0.045030 0.229430 0.674267 0.006982 0.044292
0 0 0.699232 0.104593 0.177082 0.000068 0.019025
4 1 0.105939 0.193124 0.091577 0.000017 0.609343
2 1 0.000851 0.102025 0.860647 0.012552 0.023925
2 2 0.011003 0.080946 0.885305 0.019047 0.003700
1 1 0.020214 0.348138 0.283714 0.000063 0.347869
0 0 0.537475 0.078813 0.048670 0.006371 0.328671
0 1 0.709390 0.178092 0.032275 0.000019 0.080224
0 0 0.992969 0.004400 0.001380 0.000000 0.001250
0 0 0.782798 0.067788 0.019869 0.000056 0.129489
0 0 0.925776 0.031164 0.010197 0.000066 0.032797
0 0 0.694454 0.138232 0.141910 0.000571 0.024833
0 0 0.712800 0.040356 0.071468 0.003723 0.171653
0 0 0.813634 0.085179 0.033468 0.000525 0.067194
0 0 0.758563 0.061758 0.027425 0.000069 0.152185
0 0 0.994289 0.001805 0.000813 0.000009 0.003083
0 0 0.951533 0.007374 0.003996 0.000593 0.036504
0 0 0.868857 0.098837 0.016477 0.000000 0.015828
0 0 0.787017 0.152770 0.026620 0.000004 0.033589
0 0 0.993123 0.003519 0.001748 0.000001 0.001608
0 0 0.663188 0.052847 0.027116 0.003007 0.253842
0 0 0.979807 0.007914 0.004708 0.000288 0.007283
0 0 0.645576 0.210855 0.065745 0.000107 0.077718
0 0 0.928977 0.012648 0.005501 0.000350 0.052523
0 0 0.985282 0.003272 0.000763 0.000001 0.010683
0 0 0.967036 0.005343 0.003136 0.001798 0.022687
0 0 0.938824 0.037314 0.017399 0.000078 0.006384
0 0 0.977259 0.014787 0.007658 0.000001 0.000295
0 0 0.878695 0.079170 0.018392 0.000007 0.023737
0 0 0.970741 0.006538 0.001931 0.000016 0.020774
0 0 0.910710 0.044502 0.011415 0.000089 0.033285
0 0 0.918276 0.045392 0.026210 0.000680 0.009443
0 0 0.986303 0.005151 0.002201 0.000035 0.006310
0 0 0.774714 0.104299 0.038682 0.000015 0.082289
0 0 0.959891 0.012702 0.010707 0.000038 0.016662
0 0 0.893601 0.072045 0.018844 0.000012 0.015498
0 0 0.682410 0.174446 0.098169 0.000039 0.044936
0 0 0.882747 0.068456 0.014870 0.000004 0.033922
0 0 0.882973 0.069147 0.028208 0.000032 0.019640
0 0 0.687469 0.210094 0.030799 0.000001 0.071637
0 0 0.544136 0.258872 0.058609 0.000125 0.138258
1 1 0.161334 0.479891 0.212501 0.000013 0.146260
1 1 0.346845 0.475754 0.079942 0.000001 0.097458
1 1 0.326560 0.527020 0.096321 0.000011 0.050088
1 1 0.329962 0.341340 0.060748 0.000005 0.267946
0 0 0.891973 0.033624 0.019771 0.000613 0.054019
0 0 0.979565 0.009242 0.004760 0.000038 0.006396
0 0 0.904383 0.033310 0.019958 0.000309 0.042041
4 1 0.144483 0.355351 0.086939 0.000072 0.413155
1 1 0.210351 0.385526 0.130862 0.000107 0.273155
1 1 0.025440 0.442008 0.441837 0.002803 0.087913
1 1 0.060589 0.477271 0.242713 0.000068 0.219359
2 1 0.003293 0.234715 0.591614 0.000277 0.170101
2 1 0.005367 0.253299 0.640665 0.000251 0.100419
2 1 0.043046 0.342822 0.490837 0.000304 0.122991
2 1 0.000076 0.050852 0.945022 0.000909 0.003142
2 2 0.021512 0.394395 0.465503 0.000278 0.118313
2 1 0.016524 0.377134 0.544280 0.001226 0.060835
0 1 0.703681 0.143455 0.116411 0.000148 0.036305
0 0 0.990317 0.006208 0.001615 0.000000 0.001860
0 0 0.846369 0.126033 0.018704 0.000000 0.008894
1 1 0.102817 0.614949 0.263062 0.000006 0.019166
1 1 0.291596 0.394112 0.078922 0.000043 0.235326
1 1 0.394937 0.441799 0.074284 0.000004 0.088976
4 1 0.213345 0.298333 0.150828 0.000028 0.337466
1 1 0.114644 0.676700 0.194531 0.000003 0.014122
1 1 0.296252 0.505387 0.188562 0.000000 0.009798
2 2 0.004167 0.201017 0.784041 0.000099 0.010676
2 2 0.000995 0.022346 0.976494 0.000004 0.000160
2 2 0.011410 0.121504 0.864628 0.000079 0.002379
2 2 0.003726 0.061474 0.933632 0.000397 0.000771
2 2 0.008685 0.135655 0.850145 0.000150 0.005364
2 1 0.030995 0.167691 0.800071 0.000020 0.001224
1 1 0.173379 0.557746 0.238934 0.000001 0.029940
1 1 0.066965 0.556147 0.307108 0.000010 0.069770
1 1 0.388929 0.421788 0.074168 0.000011 0.115104
2 1 0.168903 0.351451 0.392683 0.000014 0.086950
2 1 0.006879 0.266100 0.716184 0.000128 0.010710
2 2 0.000825 0.014762 0.982507 0.000635 0.001271
2 2 0.005102 0.120259 0.869952 0.000011 0.004675
1 1 0.239827 0.612243 0.125014 0.000005 0.022910
0 2 0.375242 0.355990 0.145444 0.000012 0.123312
1 1 0.078511 0.517967 0.341553 0.000284 0.061686
0 1 0.406555 0.369546 0.185668 0.000022 0.038210
2 1 0.039394 0.443859 0.458258 0.000121 0.058368
2 1 0.016460 0.339478 0.641388 0.000466 0.002209
2 2 0.000512 0.162245 0.835560 0.000008 0.001675
2 2 0.034321 0.195440 0.754677 0.000825 0.014737
2 2 0.000003 0.008349 0.991373 0.000161 0.000114
2 2 0.003834 0.265996 0.719272 0.000461 0.010436
2 2 0.001505 0.006442 0.992040 0.000005 0.000008
2 1 0.000194 0.049317 0.949426 0.000114 0.000949
2 1 0.016156 0.069065 0.902583 0.010676 0.001519
2 2 0.004473 0.210243 0.771092 0.000107 0.014085
2 2 0.000114 0.005284 0.993102 0.000268 0.001232
2 2 0.000519 0.088638 0.907832 0.001037 0.001973
2 2 0.001007 0.146046 0.851323 0.000015 0.001610
2 2 0.000047 0.028965 0.969955 0.000043 0.000990
2 2 0.107970 0.094202 0.727488 0.000492 0.069848
2 1 0.057445 0.378463 0.497063 0.001704 0.065325
0 1 0.507413 0.282018 0.150345 0.000066 0.060158
2 1 0.028651 0.259392 0.628963 0.000025 0.082968
2 1 0.082508 0.358712 0.555580 0.000102 0.003098
2 1 0.018371 0.224042 0.755389 0.000061 0.002138
2 2 0.011718 0.273310 0.710035 0.000008 0.004928
2 2 0.017737 0.117862 0.864200 0.000009 0.000191
2 2 0.314718 0.138130 0.492704 0.000103 0.054346
2 2 0.005581 0.128345 0.863660 0.000272 0.002142
2 2 0.197419 0.150796 0.645055 0.000189 0.006542
2 2 0.007537 0.061133 0.929721 0.000225 0.001384
2 2 0.025159 0.104235 0.869514 0.000006 0.001086
2 2 0.126253 0.034281 0.834667 0.002741 0.002058
2 2 0.210572 0.257587 0.508618 0.000137 0.023086
2 2 0.013176 0.056717 0.928854 0.000785 0.000469
2 2 0.006525 0.035341 0.957059 0.000217 0.000858
2 2 0.030619 0.157691 0.802859 0.000051 0.008780
2 2 0.002108 0.032158 0.964494 0.001173 0.000068
2 2 0.026315 0.046494 0.924437 0.000774 0.001980
2 2 0.159036 0.163382 0.667696 0.000239 0.009647
2 1 0.021594 0.015955 0.962271 0.000016 0.000163
2 1 0.000229 0.019943 0.978121 0.001115 0.000592
2 2 0.003251 0.172919 0.814243 0.000869 0.008717
2 2 0.000032 0.013464 0.985613 0.000787 0.000103
2 2 0.000552 0.075173 0.917835 0.000672 0.005769
2 1 0.000271 0.006713 0.992692 0.000276 0.000048
2 1 0.024219 0.459249 0.487778 0.000013 0.028741
2 1 0.035755 0.410427 0.529992 0.000054 0.023771
2 2 0.004149 0.189105 0.793297 0.000220 0.013230
2 2 0.004923 0.099426 0.880262 0.000065 0.015324
2 2 0.000021 0.020487 0.979326 0.000060 0.000106
2 2 0.003170 0.093155 0.901291 0.000058 0.002325
2 2 0.001788 0.013289 0.983208 0.000974 0.000741
2 2 0.000304 0.007611 0.992002 0.000036 0.000047
2 2 0.003130 0.034377 0.961189 0.001003 0.000300
2 2 0.000202 0.067489 0.930054 0.000590 0.001664
2 2 0.000015 0.007970 0.991634 0.000361 0.000019
2 2 0.000734 0.008170 0.990503 0.000061 0.000531
2 2 0.000117 0.014764 0.973208 0.011694 0.000218
2 2 0.000217 0.002434 0.992113 0.005219 0.000017
2 2 0.012914 0.061865 0.924809 0.000035 0.000377
2 2 0.000109 0.019687 0.973536 0.006378 0.000290
0 1 0.652465 0.111859 0.192691 0.000694 0.042290
2 1 0.000781 0.128681 0.862210 0.001891 0.006438
2 2 0.000112 0.047579 0.951841 0.000109 0.000360
2 2 0.003741 0.053897 0.938444 0.000003 0.003916
2 2 0.000015 0.003417 0.996287 0.000278 0.000004
2 2 0.000522 0.062680 0.934770 0.001137 0.000891
2 2 0.000266 0.026426 0.971502 0.000510 0.001295
2 2 0.090354 0.066186 0.841433 0.000054 0.001974
2 1 0.000571 0.047006 0.952129 0.000108 0.000186
2 1 0.028575 0.395107 0.473370 0.000023 0.102925
2 1 0.000139 0.022185 0.974309 0.003034 0.000333
2 1 0.000007 0.002929 0.990428 0.006586 0.000050
2 2 0.000299 0.018915 0.943128 0.036767 0.000891
2 2 0.000143 0.050323 0.949274 0.000041 0.000219
2 2 0.000048 0.021505 0.978024 0.000006 0.000418
2 2 0.006943 0.091373 0.848629 0.045584 0.007471
2 2 0.000283 0.057664 0.940238 0.000616 0.001199
2 2 0.000322 0.036549 0.958676 0.003850 0.000602
2 2 0.000804 0.042582 0.948894 0.003479 0.004241
2 2 0.000379 0.010384 0.975538 0.013609 0.000090
2 2 0.000093 0.006774 0.972234 0.020819 0.000081
2 2 0.000047 0.008098 0.989711 0.001805 0.000339
2 2 0.000252 0.021179 0.973357 0.004527 0.000685
2 2 0.002593 0.134782 0.858549 0.001898 0.002177
2 2 0.000002 0.000745 0.996982 0.002268 0.000002
2 2 0.000081 0.003201 0.995996 0.000701 0.000021
2 2 0.000027 0.001219 0.995557 0.003184 0.000014
2 2 0.000163 0.040113 0.956133 0.002976 0.000615
2 2 0.000044 0.003037 0.950969 0.045920 0.000029
2 2 0.000386 0.013308 0.947742 0.038356 0.000208
2 3 0.003035 0.010041 0.766593 0.220194 0.000137
2 2 0.000080 0.004290 0.986323 0.009292 0.000015
2 2 0.000079 0.001082 0.804195 0.194603 0.000041
2 1 0.001420 0.127355 0.867388 0.000215 0.003623
0 1 0.336848 0.256827 0.241918 0.000147 0.164261
1 1 0.365082 0.377347 0.063200 0.000001 0.194370
1 1 0.159140 0.653962 0.158066 0.000001 0.028831
0 1 0.506130 0.326571 0.063747 0.000002 0.103551
2 1 0.002411 0.077062 0.919439 0.000826 0.000262
2 2 0.043651 0.138409 0.803856 0.001044 0.013040
2 2 0.002378 0.018372 0.976896 0.001922 0.000432
2 2 0.001132 0.037842 0.960622 0.000292 0.000112
2 2 0.000927 0.056822 0.941575 0.000248 0.000428
2 2 0.000010 0.002756 0.995570 0.001655 0.000009
2 2 0.000041 0.004997 0.977597 0.017320 0.000046
2 2 0.000129 0.036140 0.961717 0.001611 0.000403
2 2 0.000044 0.019321 0.978984 0.001500 0.000151
2 2 0.000039 0.021447 0.977928 0.000421 0.000165
2 2 0.002774 0.110222 0.879110 0.003078 0.004817
2 2 0.014183 0.126592 0.837951 0.000347 0.020927
2 1 0.005492 0.115861 0.866062 0.007656 0.004929
2 2 0.000019 0.002489 0.995563 0.001921 0.000009
1 1 0.266740 0.468537 0.220761 0.000149 0.043812
2 2 0.000006 0.001456 0.998136 0.000398 0.000005
2 2 0.030616 0.378834 0.575996 0.000025 0.014530
2 2 0.000070 0.013138 0.985602 0.001115 0.000075
2 2 0.045018 0.202393 0.733730 0.002435 0.016424
2 1 0.017225 0.378383 0.540150 0.000988 0.063255
2 1 0.000575 0.047860 0.950727 0.000542 0.000296
2 2 0.001788 0.162073 0.834185 0.000306 0.001647
2 2 0.000006 0.000881 0.990165 0.008942 0.000006
2 2 0.000000 0.000117 0.985762 0.014121 0.000000
2 2 0.421855 0.134539 0.437520 0.000142 0.005944
2 2 0.003295 0.158637 0.819437 0.008794 0.009836
2 1 0.101990 0.242160 0.645028 0.000713 0.010109
2 1 0.024538 0.368148 0.599359 0.000009 0.007946
1 1 0.018523 0.511524 0.416923 0.000013 0.053016
2 1 0.011078 0.339180 0.637759 0.000095 0.011888
2 2 0.004442 0.211365 0.696072 0.000129 0.087992
1 1 0.044327 0.483805 0.355592 0.000071 0.116205
2 2 0.034148 0.369090 0.527650 0.022378 0.046734
2 1 0.123170 0.342190 0.528914 0.000009 0.005717
1 2 0.019327 0.522269 0.434280 0.000113 0.024012
2 2 0.002275 0.017911 0.979600 0.000135 0.000079
2 2 0.011106 0.386423 0.591941 0.000074 0.010456
2 2 0.050211 0.403803 0.505180 0.000049 0.040757
2 2 0.000084 0.008971 0.987527 0.003315 0.000103
2 2 0.003002 0.063680 0.929111 0.000431 0.003775
2 2 0.020778 0.109127 0.856512 0.001406 0.012177
1 0 0.164011 0.590832 0.165381 0.000020 0.079755
2 1 0.004082 0.254255 0.693493 0.012314 0.035854
2 2 0.000133 0.051699 0.947210 0.000159 0.000798
2 2 0.003278 0.067076 0.927388 0.001118 0.001140
2 2 0.000117 0.024543 0.959956 0.014099 0.001285
2 2 0.000043 0.018440 0.980263 0.000484 0.000770
2 2 0.000263 0.008804 0.988642 0.001489 0.000801
2 2 0.005300 0.088742 0.901179 0.001076 0.003703
2 2 0.004824 0.020997 0.969813 0.003496 0.000870
2 2 0.000000 0.000193 0.996747 0.003059 0.000000
2 2 0.000039 0.006971 0.992315 0.000595 0.000080
2 2 0.018843 0.398689 0.569639 0.002083 0.010746
2 2 0.000045 0.004743 0.994023 0.000710 0.000479
2 2 0.020247 0.220723 0.648027 0.004641 0.106361
2 4 0.000014 0.007643 0.987472 0.002735 0.002136
4 4 0.089763 0.077243 0.025866 0.000078 0.807050
4 4 0.061360 0.020176 0.014810 0.000884 0.902771
4 4 0.049547 0.035283 0.017413 0.000069 0.897688
4 4 0.031551 0.296389 0.110243 0.000401 0.561416
4 4 0.007981 0.037395 0.034479 0.000222 0.919922
4 4 0.036255 0.022182 0.011577 0.000160 0.929826
1 4 0.057509 0.441172 0.251275 0.000005 0.250039
4 4 0.005353 0.101083 0.117814 0.000340 0.775409
4 4 0.122015 0.044360 0.015498 0.000306 0.817821
4 4 0.021092 0.034779 0.012085 0.000045 0.931999
4 4 0.013628 0.046557 0.015889 0.000054 0.923872
4 4 0.131513 0.221788 0.071564 0.000134 0.575001
2 4 0.010405 0.050385 0.603293 0.012818 0.323099
1 4 0.039691 0.395362 0.208098 0.000181 0.356667
4 4 0.002060 0.062605 0.035440 0.000233 0.899662
4 4 0.004681 0.229212 0.334187 0.000541 0.431380
4 4 0.009478 0.071663 0.074684 0.000257 0.843918
4 4 0.134892 0.285294 0.084069 0.000179 0.495566
4 4 0.388867 0.059821 0.007697 0.000003 0.543611
4 4 0.004312 0.174352 0.236325 0.001560 0.583452
4 4 0.020714 0.075283 0.022446 0.000012 0.881545
4 4 0.090389 0.020736 0.014608 0.001079 0.873188
4 4 0.013715 0.094788 0.043278 0.000076 0.848143
0 4 0.471053 0.222987 0.037736 0.000008 0.268216
4 4 0.148836 0.109950 0.058032 0.001036 0.682146
4 4 0.022217 0.035507 0.017491 0.000219 0.924566
4 4 0.023500 0.342912 0.242072 0.000020 0.391496
4 4 0.025085 0.111256 0.037520 0.000375 0.825765
4 1 0.027075 0.139505 0.154478 0.001451 0.677492
4 1 0.023663 0.258264 0.196386 0.000388 0.521299
4 1 0.047464 0.220184 0.266174 0.001403 0.464775
4 0 0.053066 0.056916 0.019536 0.000019 0.870462
0 1 0.450518 0.302182 0.197025 0.000063 0.050213
0 0 0.989343 0.005581 0.001910 0.000000 0.003165
0 0 0.881923 0.058675 0.020453 0.000090 0.038860
1 1 0.257840 0.493779 0.099260 0.000010 0.149111
1 1 0.330845 0.435603 0.081455 0.000002 0.152095
1 1 0.081795 0.476530 0.263337 0.000696 0.177642
1 1 0.090654 0.647553 0.163022 0.000001 0.098771
1 1 0.097077 0.475291 0.312689 0.000139 0.114804
1 1 0.017317 0.525423 0.331237 0.000011 0.126012
1 1 0.044316 0.466926 0.161054 0.000096 0.327608
1 1 0.306791 0.539666 0.139637 0.000001 0.013906
1 1 0.167981 0.423202 0.124653 0.000040 0.284123
2 1 0.009478 0.319102 0.669051 0.000006 0.002363
2 1 0.053085 0.367161 0.444885 0.003290 0.131580
1 1 0.019101 0.454889 0.389679 0.000169 0.136163
1 1 0.035328 0.543399 0.334788 0.000096 0.086390
1 1 0.013798 0.402453 0.248869 0.000011 0.334868
0 1 0.386132 0.347499 0.121186 0.000024 0.145159
1 1 0.066253 0.563987 0.272009 0.001878 0.095873
1 1 0.108633 0.614763 0.181779 0.001297 0.093527
0 0 0.583736 0.108286 0.020498 0.000013 0.287467
1 1 0.053500 0.433890 0.197599 0.006426 0.308585
2 1 0.011927 0.383285 0.535028 0.011229 0.058531
2 1 0.011140 0.419257 0.458387 0.000218 0.110999
1 1 0.124801 0.469694 0.343410 0.000423 0.061671
1 1 0.015202 0.450187 0.402667 0.000072 0.131872
2 1 0.000962 0.067781 0.919654 0.001802 0.009802
2 2 0.001058 0.088346 0.873940 0.026962 0.009693
2 2 0.002930 0.112353 0.876620 0.000024 0.008073
2 2 0.000044 0.032699 0.960237 0.004263 0.002758
2 2 0.000022 0.013985 0.984602 0.001280 0.000111
2 2 0.000057 0.010371 0.988642 0.000644 0.000285
2 2 0.007327 0.187967 0.779814 0.000005 0.024887
2 2 0.000010 0.002416 0.994053 0.003496 0.000025
2 2 0.004811 0.039353 0.945032 0.000399 0.010405
2 2 0.000743 0.119847 0.783630 0.001379 0.094401
2 2 0.000787 0.076065 0.910211 0.007369 0.005568
2 2 0.000066 0.030556 0.936831 0.027397 0.005151
2 2 0.000340 0.037169 0.960132 0.001844 0.000515
2 2 0.000047 0.024074 0.973086 0.002003 0.000790
2 2 0.000722 0.076777 0.916109 0.000873 0.005519
2 2 0.000009 0.003802 0.995847 0.000264 0.000078
2 2 0.004857 0.031767 0.962912 0.000152 0.000313
1 0 0.053465 0.486434 0.442716 0.000305 0.017079
2 0 0.012573 0.220176 0.749408 0.000056 0.017787
2 1 0.000548 0.180730 0.799551 0.000044 0.019127
2 1 0.001093 0.082186 0.912929 0.000003 0.003788
2 1 0.001658 0.193899 0.777038 0.000012 0.027394
2 2 0.016522 0.126537 0.856218 0.000005 0.000717
2 2 0.024365 0.164039 0.800731 0.000026 0.010839
2 2 0.008338 0.099705 0.890666 0.000084 0.001207
2 1 0.012972 0.354657 0.569133 0.000272 0.062967
2 0 0.333658 0.127047 0.531125 0.000124 0.008046
1 1 0.035340 0.497671 0.406151 0.000086 0.060751
2 1 0.003672 0.230979 0.732446 0.010254 0.022649
2 2 0.000002 0.002770 0.997091 0.000133 0.000005
2 2 0.008479 0.216006 0.741067 0.000136 0.034312
2 2 0.000013 0.002421 0.997311 0.000166 0.000089
2 2 0.000200 0.059418 0.939114 0.000437 0.000830
2 2 0.000033 0.001980 0.997115 0.000852 0.000021
2 2 0.000010 0.011657 0.985570 0.002373 0.000391
2 2 0.000273 0.011738 0.979559 0.008284 0.000146
2 2 0.000352 0.062625 0.936097 0.000398 0.000528
2 2 0.000013 0.013504 0.986006 0.000318 0.000159
2 2 0.000152 0.007501 0.973175 0.019003 0.000169
2 2 0.000345 0.017335 0.974559 0.005867 0.001894
2 2 0.000032 0.006178 0.986062 0.007457 0.000270
2 2 0.000091 0.004227 0.989925 0.005724 0.000032
2 2 0.000001 0.000779 0.996787 0.002430 0.000002
2 2 0.000000 0.000026 0.884271 0.115703 0.000000
2 2 0.002046 0.069940 0.843583 0.077637 0.006795
2 2 0.000011 0.002702 0.996967 0.000313 0.000007
2 2 0.000006 0.001429 0.880567 0.117977 0.000021
2 2 0.000001 0.000628 0.991656 0.007713 0.000002
2 2 0.000011 0.001050 0.969266 0.029665 0.000008
2 2 0.000029 0.003734 0.991900 0.004314 0.000023
2 2 0.000000 0.000053 0.682613 0.317333 0.000000
2 2 0.001629 0.063567 0.932619 0.000225 0.001959
3 2 0.000905 0.001790 0.189289 0.807947 0.000069
2 2 0.000150 0.012155 0.942019 0.045345 0.000332
2 2 0.000013 0.001115 0.775763 0.223097 0.000012
2 2 0.003193 0.046345 0.934083 0.015626 0.000753
2 2 0.001341 0.051133 0.913046 0.032179 0.002301
2 2 0.000069 0.004048 0.775278 0.220517 0.000088
2 2 0.000001 0.000516 0.819788 0.179679 0.000015
2 2 0.000064 0.003354 0.615848 0.380522 0.000212
2 2 0.000071 0.002864 0.528113 0.468898 0.000054
3 2 0.000000 0.000287 0.429879 0.569817 0.000016
3 3 0.000000 0.000049 0.113920 0.886025 0.000006
2 2 0.000003 0.000533 0.639328 0.360130 0.000006
2 2 0.000063 0.001760 0.828408 0.169758 0.000010
3 2 0.000043 0.000529 0.068867 0.930509 0.000052
3 2 0.000001 0.000098 0.258691 0.741206 0.000003
3 2 0.000126 0.004242 0.305298 0.689708 0.000626
3 3 0.000113 0.003117 0.202193 0.793960 0.000617
3 3 0.000003 0.000385 0.294830 0.704773 0.000010
3 2 0.000009 0.000342 0.078228 0.921370 0.000050
3 3 0.000000 0.000011 0.139615 0.860374 0.000000
2 3 0.000014 0.001752 0.692408 0.305629 0.000197
3 3 0.000006 0.000085 0.016270 0.983617 0.000022
2 3 0.016279 0.036508 0.762811 0.182425 0.001978
3 3 0.000063 0.000572 0.079420 0.919905 0.000039
3 3 0.000032 0.000221 0.046180 0.953552 0.000015
3 3 0.000241 0.003766 0.137869 0.857729 0.000395
3 3 0.001950 0.028735 0.441650 0.524515 0.003150
3 3 0.000003 0.000083 0.039739 0.960165 0.000010
2 3 0.002589 0.026824 0.492590 0.473085 0.004912
2 3 0.000269 0.005021 0.563329 0.430979 0.000401
3 3 0.000007 0.000119 0.046942 0.952921 0.000010
3 3 0.000001 0.000023 0.029180 0.970794 0.000004
3 3 0.000002 0.000161 0.167709 0.832121 0.000007
3 3 0.000005 0.000103 0.035481 0.964345 0.000066
2 3 0.000118 0.002396 0.592646 0.404750 0.000089
3 3 0.000015 0.000695 0.206075 0.793125 0.000091
3 3 0.000001 0.000027 0.038950 0.961021 0.000001
3 3 0.000451 0.002038 0.120192 0.877084 0.000235
3 3 0.000003 0.000077 0.021873 0.977991 0.000056
3 3 0.000003 0.000331 0.477392 0.522259 0.000015
3 3 0.000032 0.000390 0.030142 0.969284 0.000152
3 3 0.000000 0.000028 0.039807 0.960162 0.000003
3 3 0.000008 0.000289 0.143771 0.855912 0.000021
3 3 0.002792 0.015635 0.218391 0.754625 0.008557
3 3 0.000113 0.002311 0.147954 0.848706 0.000915
3 3 0.000001 0.000016 0.007957 0.992023 0.000002
3 3 0.000000 0.000073 0.088722 0.911194 0.000011
3 3 0.000282 0.006155 0.238704 0.753728 0.001131
2 3 0.004691 0.047384 0.571564 0.372013 0.004348
3 3 0.000001 0.000085 0.127317 0.872593 0.000004
3 3 0.000000 0.000003 0.012645 0.987352 0.000000
3 3 0.000803 0.004707 0.108489 0.883938 0.002063
3 3 0.000021 0.000252 0.065582 0.934076 0.000069
3 3 0.000335 0.003172 0.439093 0.556558 0.000842
3 3 0.000000 0.000008 0.024645 0.975347 0.000001
3 3 0.000190 0.000872 0.044012 0.954467 0.000460
3 3 0.003897 0.034003 0.433527 0.521151 0.007422
3 3 0.000006 0.000442 0.372261 0.627270 0.000021
3 3 0.000006 0.000215 0.082912 0.916771 0.000095
3 3 0.000047 0.003202 0.206646 0.788770 0.001335
3 3 0.000000 0.000001 0.017659 0.982340 0.000000
3 3 0.000042 0.001357 0.193013 0.805172 0.000416
3 3 0.001606 0.007503 0.482047 0.508418 0.000426
3 3 0.000000 0.000006 0.067470 0.932524 0.000000
3 3 0.000071 0.002572 0.352130 0.644963 0.000265
3 3 0.000004 0.000096 0.040866 0.959026 0.000009
3 3 0.000016 0.000627 0.299355 0.699971 0.000030
3 3 0.000064 0.002436 0.272451 0.724326 0.000723
2 3 0.000049 0.000633 0.575974 0.423335 0.000010
3 3 0.000001 0.000026 0.013876 0.986091 0.000006
3 3 0.000005 0.000086 0.019666 0.980219 0.000025
3 3 0.000730 0.008841 0.195201 0.791507 0.003721
3 3 0.000002 0.000172 0.133116 0.866696 0.000013
3 3 0.000056 0.002185 0.252282 0.745100 0.000377
3 3 0.000152 0.001301 0.102412 0.895941 0.000193
3 3 0.000009 0.000163 0.035125 0.964636 0.000067
2 3 0.000101 0.003951 0.786703 0.208907 0.000338
2 3 0.005911 0.007852 0.868900 0.117197 0.000140
2 2 0.000373 0.026725 0.915805 0.056535 0.000563
2 1 0.007861 0.194276 0.783372 0.006225 0.008267
2 1 0.000340 0.062605 0.936504 0.000143 0.000408
2 1 0.103274 0.353357 0.532997 0.000001 0.010370
2 1 0.032967 0.417253 0.443218 0.004445 0.102116
2 1 0.022216 0.225854 0.696060 0.000451 0.055420
0 1 0.485693 0.236177 0.270104 0.000026 0.008000
4 1 0.081884 0.381115 0.111295 0.000001 0.425705
2 1 0.004424 0.160449 0.834024 0.000020 0.001083
2 2 0.002823 0.136456 0.845298 0.010735 0.004688
2 2 0.002747 0.008659 0.988258 0.000275 0.000061
1 0 0.022373 0.459711 0.282708 0.000005 0.235203
2 1 0.011615 0.340944 0.499652 0.000112 0.147677
2 2 0.000056 0.009212 0.989396 0.001096 0.000240
2 1 0.001490 0.107160 0.886612 0.003005 0.001732
2 1 0.000285 0.018046 0.979486 0.001944 0.000239
2 1 0.010565 0.242667 0.575545 0.000091 0.171132
2 1 0.007030 0.308516 0.646490 0.000048 0.037916
2 2 0.000118 0.016211 0.980996 0.001814 0.000861
2 1 0.004040 0.099725 0.894645 0.000015 0.001575
1 1 0.027443 0.508489 0.427436 0.000008 0.036624
2 1 0.000989 0.072276 0.924224 0.002089 0.000422
2 2 0.000592 0.070234 0.928572 0.000033 0.000569
2 2 0.008130 0.268302 0.674598 0.000382 0.048589
2 2 0.001297 0.074499 0.921958 0.000997 0.001248
2 2 0.000495 0.113488 0.875448 0.002171 0.008398
2 1 0.014313 0.215363 0.737756 0.000073 0.032494
2 1 0.002512 0.086821 0.905802 0.000144 0.004721
2 2 0.000034 0.006226 0.991524 0.001546 0.000670
0 1 0.550245 0.281675 0.051860 0.000005 0.116214
2 1 0.005633 0.279886 0.705918 0.000006 0.008556
1 1 0.097440 0.495122 0.258569 0.000079 0.148791
2 1 0.085815 0.084770 0.819772 0.000200 0.009443
1 1 0.030344 0.482902 0.459673 0.000004 0.027077
1 1 0.105900 0.646890 0.145825 0.000000 0.101385
1 1 0.343881 0.394258 0.147996 0.000008 0.113857
2 1 0.022129 0.417454 0.549619 0.000001 0.010797
1 1 0.128216 0.553415 0.250395 0.000020 0.067955
1 1 0.048026 0.529269 0.308035 0.000157 0.114512
2 1 0.011022 0.381493 0.580228 0.000073 0.027184
2 0 0.072059 0.313370 0.586262 0.000772 0.027538
1 1 0.266616 0.442484 0.271917 0.000001 0.018982
1 1 0.039617 0.469420 0.411456 0.000827 0.078680
2 1 0.003395 0.320178 0.659317 0.000039 0.017072
1 1 0.060805 0.546040 0.183821 0.000017 0.209317
2 1 0.001450 0.240541 0.743994 0.000007 0.014008
1 1 0.015089 0.608114 0.302863 0.000121 0.073813
1 1 0.034916 0.483212 0.444922 0.000028 0.036923
0 1 0.721391 0.216163 0.030823 0.000007 0.031616
0 0 0.607770 0.286432 0.053212 0.000000 0.052586
2 1 0.011606 0.218395 0.697916 0.000838 0.071244
1 1 0.058237 0.504532 0.165129 0.000138 0.271965
4 1 0.049188 0.302733 0.096402 0.000090 0.551587
1 1 0.088925 0.455897 0.356947 0.000154 0.098076
1 1 0.264502 0.547537 0.102461 0.000001 0.085499
1 1 0.184869 0.582657 0.128308 0.000009 0.104157
4 1 0.166961 0.344888 0.077786 0.000020 0.410345
1 1 0.029278 0.462260 0.443392 0.000018 0.065052
1 1 0.223563 0.602964 0.118749 0.000002 0.054722
1 1 0.122539 0.435865 0.355039 0.000330 0.086226
2 1 0.018307 0.429252 0.443168 0.000010 0.109263
1 1 0.053163 0.475015 0.429628 0.000271 0.041923
1 1 0.362014 0.486896 0.106969 0.000003 0.044118
4 0 0.261723 0.262723 0.201426 0.000020 0.274108
1 0 0.132046 0.420984 0.103294 0.000019 0.343657
1 0 0.133511 0.404437 0.095087 0.000006 0.366959
2 1 0.109600 0.203541 0.442854 0.001879 0.242126
0 1 0.738344 0.188245 0.031371 0.000004 0.042036
1 1 0.133889 0.516328 0.235857 0.000048 0.113878
0 1 0.677834 0.191136 0.127196 0.000008 0.003827
1 1 0.407897 0.470223 0.069210 0.000000 0.052670
4 1 0.166487 0.324000 0.068064 0.000003 0.441446
1 1 0.127692 0.419235 0.106879 0.000051 0.346143
0 1 0.877636 0.089206 0.015080 0.000001 0.018078
0 1 0.551149 0.372642 0.056736 0.000000 0.019473
1 1 0.360926 0.470292 0.134847 0.000000 0.033935
0 0 0.976281 0.018121 0.003824 0.000000 0.001773
1 0 0.385718 0.402213 0.095433 0.000017 0.116619
1 1 0.319812 0.434155 0.115806 0.000008 0.130219
2 1 0.016884 0.481449 0.483324 0.000013 0.018329
0 0 0.615473 0.172114 0.038649 0.000088 0.173677
0 0 0.512363 0.222328 0.177547 0.000177 0.087584
0 0 0.875017 0.078147 0.017638 0.000025 0.029174
0 0 0.960860 0.019534 0.006729 0.000014 0.012864
0 0 0.911773 0.037802 0.007286 0.000001 0.043138
0 0 0.946550 0.030650 0.005437 0.000000 0.017363
0 0 0.390014 0.302587 0.076873 0.000911 0.229615
0 0 0.844084 0.033810 0.006524 0.000003 0.115580
0 0 0.890074 0.056814 0.019410 0.000082 0.033620
0 0 0.972249 0.010983 0.004563 0.000006 0.012199
0 0 0.860267 0.091240 0.030187 0.000151 0.018155
0 0 0.770210 0.110123 0.021383 0.000001 0.098283
0 0 0.979039 0.012220 0.004649 0.000001 0.004091
0 0 0.979814 0.003866 0.001342 0.000028 0.014950
0 0 0.890738 0.069087 0.026946 0.000178 0.013051
0 0 0.969992 0.024935 0.003697 0.000000 0.001376
0 0 0.405967 0.356111 0.064199 0.000060 0.173663
0 0 0.911369 0.047229 0.014315 0.000010 0.027076
0 0 0.986600 0.007208 0.005360 0.000019 0.000814
0 0 0.979516 0.011728 0.003941 0.000008 0.004807
0 0 0.997240 0.000677 0.000303 0.000002 0.001778
0 0 0.988456 0.006632 0.001814 0.000001 0.003098
0 0 0.836567 0.047372 0.018887 0.000065 0.097110
4 0 0.297618 0.193749 0.054940 0.000135 0.453558
0 0 0.821951 0.069011 0.058476 0.000212 0.050350
1 0 0.324984 0.464890 0.116382 0.000312 0.093432
1 0 0.141189 0.378121 0.355954 0.000037 0.124698
0 0 0.854896 0.072881 0.024628 0.000088 0.047507
0 0 0.912637 0.027867 0.009165 0.000009 0.050322
0 0 0.934069 0.020286 0.009430 0.000042 0.036174
0 0 0.925515 0.033635 0.020552 0.000134 0.020164
0 0 0.879380 0.058033 0.017594 0.000081 0.044912
0 0 0.851334 0.099070 0.028059 0.000050 0.021487
0 0 0.915236 0.040115 0.019081 0.000068 0.025500
0 0 0.788951 0.019636 0.013125 0.000611 0.177676
0 0 0.926274 0.038314 0.021985 0.001007 0.012420
0 0 0.951292 0.021929 0.010970 0.000061 0.015748
0 0 0.844068 0.066475 0.078168 0.003451 0.007838
0 0 0.846203 0.063918 0.075025 0.004035 0.010819
0 0 0.979510 0.007341 0.004877 0.000277 0.007994
0 0 0.599374 0.197269 0.046447 0.000113 0.156798
0 0 0.419821 0.196582 0.042504 0.000019 0.341074
0 0 0.988093 0.006603 0.003122 0.000010 0.002172
0 0 0.876846 0.060473 0.046445 0.004823 0.011412
4 0 0.166270 0.366321 0.089498 0.000207 0.377704
0 0 0.926025 0.047827 0.014218 0.000012 0.011918
0 0 0.917072 0.051637 0.023942 0.000014 0.007335
0 0 0.816838 0.103536 0.025231 0.000082 0.054313
0 0 0.948866 0.028066 0.012213 0.000162 0.010694
0 0 0.600155 0.204826 0.157688 0.006747 0.030584
0 0 0.876769 0.030050 0.010714 0.000130 0.082337
0 0 0.974958 0.010665 0.007566 0.000542 0.006269
0 0 0.925165 0.036265 0.022188 0.001836 0.014547
0 0 0.946399 0.042915 0.007366 0.000000 0.003320
0 0 0.995128 0.003110 0.001272 0.000000 0.000490
0 0 0.910645 0.036557 0.012914 0.000298 0.039586
0 0 0.687016 0.140407 0.143847 0.003832 0.024898
0 0 0.926658 0.033317 0.007271 0.000001 0.032753
0 0 0.851740 0.105860 0.029013 0.000009 0.013378
0 0 0.989900 0.005321 0.001226 0.000000 0.003553
0 0 0.922423 0.033373 0.013194 0.000440 0.030570
0 0 0.923210 0.032339 0.011852 0.000012 0.032587
0 0 0.875355 0.073803 0.017694 0.000018 0.033130
0 0 0.812928 0.081411 0.028886 0.000409 0.076366
0 0 0.987071 0.006552 0.002474 0.000005 0.003899
0 0 0.968085 0.020491 0.008700 0.000003 0.002721
0 0 0.993599 0.002681 0.002867 0.000086 0.000767
0 0 0.973092 0.016351 0.008326 0.000019 0.002212
0 0 0.973992 0.015902 0.005058 0.000005 0.005043
0 0 0.956613 0.016731 0.010554 0.001654 0.014448
0 0 0.537343 0.278514 0.153812 0.000856 0.029475
0 0 0.952818 0.005701 0.002850 0.000163 0.038468
0 0 0.586941 0.172882 0.052084 0.000163 0.187930
1 0 0.184143 0.511531 0.124499 0.000191 0.179635
0 0 0.970002 0.018642 0.008287 0.000017 0.003052
0 0 0.970503 0.014966 0.006343 0.000006 0.008182
4 0 0.287699 0.234070 0.064530 0.000620 0.413081
0 0 0.763703 0.101137 0.025017 0.000068 0.110074
0 0 0.974313 0.010952 0.003859 0.000041 0.010836
0 0 0.989519 0.003291 0.001779 0.000010 0.005401
0 0 0.982063 0.010266 0.005543 0.000021 0.002107
0 0 0.932872 0.039912 0.012275 0.000005 0.014936
0 0 0.913119 0.051227 0.014331 0.000066 0.021258
0 0 0.866611 0.055977 0.016184 0.000089 0.061140
0 0 0.640219 0.139325 0.099700 0.001284 0.119471
0 0 0.640386 0.100786 0.046882 0.000161 0.211785
0 0 0.926404 0.032923 0.015338 0.000819 0.024516
0 0 0.659948 0.093068 0.036691 0.000125 0.210168
0 0 0.883647 0.036565 0.010846 0.000033 0.068911
0 0 0.641105 0.200800 0.056947 0.002250 0.098897
0 0 0.966556 0.012406 0.007752 0.000613 0.012674
0 0 0.991944 0.004080 0.001066 0.000000 0.002910
0 0 0.966509 0.023831 0.004370 0.000000 0.005289
0 0 0.726314 0.159697 0.024681 0.000001 0.089306
1 1 0.084639 0.557616 0.312680 0.000070 0.044995
1 1 0.234932 0.524611 0.108075 0.000009 0.132373
4 0 0.290416 0.165171 0.046864 0.000520 0.497029
0 0 0.873627 0.093923 0.025936 0.000005 0.006509
0 0 0.607761 0.297252 0.059538 0.000070 0.035379
0 0 0.982577 0.006486 0.002034 0.000009 0.008895
0 0 0.680277 0.205906 0.039303 0.000003 0.074511
0 0 0.724762 0.132115 0.025842 0.000002 0.117278
0 0 0.983152 0.007207 0.004223 0.000048 0.005370
0 0 0.851287 0.077566 0.056134 0.000490 0.014523
0 0 0.953768 0.027309 0.006522 0.000001 0.012401
1 1 0.286997 0.526298 0.096649 0.000002 0.090055
2 1 0.046864 0.397765 0.544173 0.000039 0.011160
2 1 0.037219 0.351869 0.374556 0.000655 0.235701
4 1 0.200710 0.184108 0.074881 0.000090 0.540211
0 1 0.806824 0.121068 0.024124 0.000001 0.047983
0 0 0.821011 0.087568 0.021293 0.000083 0.070046
1 1 0.391353 0.434150 0.072683 0.000003 0.101811
0 0 0.853691 0.107550 0.021064 0.000005 0.017691
0 0 0.801669 0.135485 0.033880 0.000094 0.028871
0 0 0.981315 0.005078 0.002821 0.000018 0.010768
0 0 0.869598 0.025556 0.011370 0.000194 0.093283
0 0 0.992719 0.002546 0.000909 0.000002 0.003824
0 0 0.952555 0.014935 0.005388 0.000063 0.027058
0 0 0.798387 0.048396 0.019652 0.000702 0.132862
0 0 0.816459 0.087260 0.027822 0.000152 0.068306
0 0 0.959318 0.013325 0.007031 0.000279 0.020046
0 0 0.995930 0.002063 0.001138 0.000002 0.000868
0 0 0.984023 0.005753 0.003239 0.000037 0.006947
0 0 0.947129 0.020381 0.007852 0.000086 0.024553
0 0 0.977232 0.010483 0.005386 0.000024 0.006875
0 0 0.966332 0.011573 0.005585 0.000068 0.016443
0 0 0.971310 0.010048 0.007460 0.000117 0.011066
0 0 0.536073 0.208844 0.213068 0.000205 0.041810
0 0 0.631504 0.124000 0.043441 0.000592 0.200464
0 0 0.722002 0.192294 0.057967 0.000056 0.027680
0 0 0.619445 0.297855 0.046341 0.000001 0.036358
0 0 0.949132 0.034199 0.009004 0.000001 0.007664
0 0 0.817670 0.145248 0.024501 0.000000 0.012580
0 0 0.962528 0.020688 0.011503 0.000146 0.005135
0 0 0.996729 0.001753 0.001182 0.000002 0.000335
0 0 0.977898 0.012102 0.004292 0.000014 0.005695
0 0 0.989336 0.004099 0.001224 0.000004 0.005337
0 0 0.882268 0.063521 0.023906 0.000018 0.030287
0 0 0.920025 0.037566 0.018947 0.000086 0.023376
0 0 0.932890 0.007488 0.004423 0.000120 0.055079
0 0 0.784955 0.037677 0.015660 0.000194 0.161515
0 0 0.782205 0.049786 0.024348 0.001239 0.142423
0 0 0.951990 0.023935 0.013314 0.000500 0.010260
0 0 0.927412 0.027682 0.012557 0.000338 0.032011
0 0 0.944724 0.032730 0.011335 0.000055 0.011156
0 0 0.966837 0.020263 0.009422 0.000028 0.003450
0 0 0.311256 0.304114 0.136608 0.000276 0.247747
0 0 0.636342 0.146275 0.098423 0.002730 0.116230
0 0 0.976746 0.011222 0.008098 0.000028 0.003907
0 0 0.974643 0.014609 0.005739 0.000013 0.004996
0 0 0.923472 0.051123 0.019879 0.000034 0.005493
0 0 0.959540 0.027200 0.008109 0.000005 0.005145
0 0 0.648464 0.193843 0.141859 0.000216 0.015619
0 0 0.890269 0.061783 0.015630 0.000062 0.032256
0 0 0.932887 0.033784 0.013935 0.000362 0.019032
0 0 0.952820 0.022764 0.009610 0.000224 0.014581
0 0 0.909889 0.023258 0.005857 0.000013 0.060982
0 0 0.985302 0.005631 0.003050 0.000047 0.005969
0 0 0.776869 0.122761 0.031669 0.000046 0.068654
0 0 0.976056 0.012957 0.004715 0.000019 0.006252
0 0 0.892069 0.071452 0.024137 0.000076 0.012266
0 0 0.980801 0.008093 0.003717 0.000018 0.007371
0 0 0.628083 0.036441 0.009859 0.000049 0.325568
0 0 0.980694 0.010873 0.004831 0.000020 0.003581
0 0 0.954824 0.018622 0.008073 0.000022 0.018460
0 0 0.944304 0.025395 0.010798 0.000153 0.019351
0 0 0.951002 0.018695 0.005561 0.000039 0.024703
0 0 0.976907 0.012554 0.003918 0.000004 0.006618
4 0 0.417006 0.066592 0.022857 0.000068 0.493477
1 0 0.288164 0.506424 0.098168 0.000011 0.107234
0 0 0.662017 0.148249 0.048471 0.000246 0.141017
