0 0 0.957742 0.000392 0.000112 0.000000 0.041754
0 0 0.714946 0.038921 0.014225 0.000138 0.231770
0 0 0.707920 0.137602 0.048029 0.000457 0.105992
0 0 0.936911 0.036071 0.011673 0.000096 0.015250
0 0 0.903101 0.019217 0.007152 0.000113 0.070418
4 0 0.242331 0.028725 0.014010 0.001134 0.713800
0 0 0.995004 0.002816 0.001076 0.000068 0.001036
4 0 0.491565 0.001774 0.000623 0.000002 0.506036
4 0 0.051652 0.004662 0.001867 0.000011 0.941808
0 0 0.992667 0.000066 0.000009 0.000000 0.007257
4 0 0.255571 0.165056 0.072850 0.003684 0.502839
0 0 0.669228 0.063407 0.026479 0.000985 0.239901
0 0 0.637326 0.059741 0.025984 0.001331 0.275617
0 0 0.866268 0.039993 0.022839 0.001956 0.068944
4 0 0.043038 0.001391 0.000447 0.000000 0.955124
4 0 0.240965 0.014961 0.005711 0.000039 0.738324
4 0 0.149050 0.011170 0.005274 0.000227 0.834279
0 0 0.717205 0.034520 0.012316 0.000092 0.235867
0 0 0.723309 0.009776 0.005365 0.001829 0.259721
0 0 0.768447 0.067321 0.027269 0.000960 0.136003
0 0 0.956843 0.022544 0.008331 0.000240 0.012042
0 0 0.674679 0.015489 0.006695 0.000241 0.302896
0 0 0.586298 0.064492 0.029128 0.002035 0.318047
0 0 0.798964 0.026768 0.011958 0.000843 0.161466
0 0 0.780525 0.028039 0.010855 0.000189 0.180393
0 0 0.851357 0.065093 0.019086 0.000019 0.064445
0 0 0.961019 0.011966 0.004236 0.000057 0.022721
0 0 0.984774 0.005373 0.001705 0.000010 0.008138
0 0 0.833615 0.005281 0.002155 0.000047 0.158903
0 0 0.674088 0.004403 0.001805 0.000030 0.319674
0 0 0.560407 0.159198 0.093414 0.132721 0.054259
4 0 0.259340 0.007109 0.003108 0.000067 0.730375
0 0 0.968054 0.012746 0.005662 0.000829 0.012708
0 0 0.949038 0.034035 0.013396 0.001393 0.002138
0 0 0.580853 0.212461 0.099319 0.008117 0.099249
4 0 0.293677 0.040395 0.015482 0.000143 0.650303
0 0 0.911331 0.052650 0.021671 0.001474 0.012874
0 0 0.882369 0.081243 0.029298 0.000719 0.006371
0 0 0.941734 0.037616 0.013774 0.000297 0.006580
0 0 0.795294 0.136571 0.051928 0.001187 0.015020
0 0 0.926940 0.051673 0.017612 0.000234 0.003542
0 0 0.695668 0.098768 0.041546 0.002095 0.161925
0 0 0.841693 0.107537 0.042219 0.002963 0.005587
0 0 0.920398 0.056941 0.018658 0.000128 0.003876
0 0 0.984973 0.010536 0.003369 0.000030 0.001091
0 0 0.854058 0.076242 0.025503 0.000177 0.044021
0 0 0.578136 0.139007 0.049131 0.000430 0.233296
0 0 0.502826 0.212387 0.080339 0.001030 0.203418
0 0 0.874257 0.033351 0.013197 0.000400 0.078794
0 0 0.635032 0.257129 0.081212 0.000244 0.026383
0 0 0.513531 0.218250 0.078375 0.000537 0.189308
0 0 0.692547 0.071944 0.028552 0.000711 0.206246
0 0 0.679190 0.156698 0.071200 0.010401 0.082512
0 0 0.852452 0.014431 0.005650 0.000110 0.127357
0 0 0.901272 0.055805 0.020483 0.000532 0.021909
0 0 0.675068 0.125458 0.055739 0.005224 0.138510
0 0 0.842008 0.073178 0.033459 0.005684 0.045670
0 0 0.969787 0.019496 0.007172 0.000299 0.003246
0 0 0.613355 0.153825 0.069461 0.007480 0.155879
0 0 0.985988 0.008599 0.002746 0.000028 0.002640
0 0 0.940702 0.037432 0.015406 0.001944 0.004516
0 0 0.834338 0.072323 0.027518 0.000712 0.065109
0 0 0.726174 0.152637 0.062731 0.003765 0.054694
0 0 0.896848 0.020957 0.008970 0.000541 0.072684
0 0 0.957612 0.026184 0.010454 0.000898 0.004853
0 0 0.893033 0.032311 0.014307 0.001401 0.058948
0 0 0.694886 0.035928 0.014206 0.000276 0.254704
0 0 0.894695 0.056351 0.025417 0.000478 0.023059
0 0 0.780304 0.112795 0.036156 0.000192 0.070554
4 1 0.376172 0.077450 0.033664 0.001335 0.511380
0 1 0.362522 0.337045 0.109475 0.000243 0.190716
4 1 0.077852 0.036279 0.013215 0.000030 0.872625
2 2 0.000118 0.017775 0.956640 0.022935 0.002531
2 2 0.000675 0.020116 0.972441 0.000650 0.006119
2 2 0.001165 0.011383 0.984737 0.000210 0.002505
2 1 0.007536 0.392371 0.570544 0.000082 0.029468
2 2 0.008174 0.441065 0.529510 0.000247 0.021004
2 2 0.001156 0.010087 0.982579 0.004293 0.001884
2 2 0.000160 0.003872 0.986955 0.008681 0.000332
2 2 0.000541 0.024976 0.969229 0.003714 0.001540
2 2 0.033008 0.258466 0.691124 0.006100 0.011302
2 2 0.048177 0.382499 0.502136 0.002074 0.065114
0 0 0.426021 0.412008 0.130551 0.000377 0.031044
4 1 0.095628 0.117716 0.044982 0.000154 0.741520
2 2 0.000008 0.011290 0.987883 0.000304 0.000515
2 2 0.000167 0.002933 0.992009 0.004791 0.000100
2 2 0.000098 0.008988 0.982068 0.008698 0.000148
2 2 0.000001 0.000683 0.992796 0.006501 0.000019
2 2 0.000131 0.016882 0.981081 0.001696 0.000210
2 2 0.000006 0.000384 0.961212 0.038386 0.000012
2 2 0.000232 0.021115 0.968320 0.009556 0.000777
2 2 0.000824 0.017310 0.886679 0.094694 0.000492
0 2 0.883389 0.084991 0.030561 0.000665 0.000393
2 2 0.049201 0.309173 0.624188 0.008260 0.009178
0 2 0.649986 0.160774 0.176787 0.010606 0.001846
4 2 0.179709 0.172000 0.292917 0.006149 0.349225
0 2 0.848126 0.114878 0.036384 0.000174 0.000438
0 2 0.343251 0.302829 0.112160 0.000475 0.241285
0 0 0.909687 0.056587 0.022003 0.000685 0.011038
0 0 0.806706 0.139551 0.042906 0.000223 0.010615
4 1 0.062867 0.165003 0.071706 0.000947 0.699478
2 2 0.019873 0.264641 0.516380 0.000265 0.198841
2 2 0.000266 0.022108 0.971872 0.000562 0.005192
2 2 0.009049 0.105505 0.505879 0.000859 0.378708
2 2 0.000002 0.002395 0.996501 0.000905 0.000197
2 2 0.001730 0.222337 0.754923 0.000730 0.020280
2 2 0.001792 0.092170 0.827979 0.050771 0.027288
2 2 0.000100 0.005747 0.990267 0.003371 0.000516
2 2 0.000000 0.000046 0.917751 0.082202 0.000000
2 2 0.000057 0.005699 0.819950 0.172463 0.001830
3 3 0.000000 0.000008 0.313369 0.686623 0.000000
2 2 0.000034 0.001930 0.918819 0.077676 0.001542
2 2 0.000023 0.002114 0.655873 0.341746 0.000243
3 2 0.000000 0.000150 0.465288 0.534529 0.000033
3 2 0.000013 0.000975 0.406394 0.592392 0.000225
2 2 0.000033 0.002196 0.913722 0.083491 0.000558
3 2 0.000002 0.000155 0.200651 0.799164 0.000028
3 2 0.001825 0.012794 0.129760 0.847308 0.008314
3 2 0.000005 0.000151 0.296707 0.703126 0.000011
2 2 0.000166 0.006419 0.795368 0.197715 0.000332
3 3 0.003152 0.031221 0.296954 0.653921 0.014751
3 2 0.000435 0.005018 0.360515 0.631670 0.002363
2 2 0.000464 0.016176 0.694206 0.285581 0.003572
3 2 0.004764 0.026637 0.158281 0.795424 0.014895
2 2 0.000031 0.002273 0.730132 0.267405 0.000160
3 2 0.000153 0.003490 0.217642 0.777371 0.001345
3 2 0.000000 0.000001 0.139229 0.860770 0.000000
3 2 0.000003 0.000075 0.061009 0.938903 0.000010
3 2 0.000012 0.000349 0.161193 0.838406 0.000040
3 2 0.000000 0.000003 0.093053 0.906943 0.000001
3 2 0.000002 0.000488 0.409225 0.590109 0.000176
3 2 0.000031 0.002266 0.423595 0.573335 0.000774
3 2 0.000000 0.000026 0.091996 0.907971 0.000006
3 2 0.000001 0.000146 0.244797 0.754994 0.000062
3 2 0.000000 0.000011 0.029699 0.970286 0.000004
3 2 0.001324 0.007388 0.209711 0.780788 0.000789
3 2 0.000029 0.001177 0.371703 0.626973 0.000118
3 2 0.000000 0.000001 0.109995 0.890004 0.000000
3 2 0.000017 0.000944 0.250932 0.747813 0.000295
3 2 0.000000 0.000014 0.160989 0.838995 0.000002
3 2 0.000394 0.005888 0.265566 0.726722 0.001430
3 2 0.002244 0.020996 0.435691 0.538365 0.002705
3 3 0.000000 0.000005 0.046832 0.953163 0.000001
3 2 0.000001 0.000090 0.131190 0.868699 0.000021
3 2 0.000001 0.000075 0.116058 0.883840 0.000026
3 2 0.000001 0.000122 0.199439 0.800403 0.000035
3 2 0.000571 0.006638 0.161684 0.828318 0.002788
3 2 0.000994 0.007320 0.190982 0.799288 0.001416
3 3 0.000000 0.000010 0.027326 0.972661 0.000003
3 2 0.000063 0.004747 0.424089 0.567762 0.003339
2 2 0.000010 0.001137 0.567584 0.431098 0.000171
3 3 0.000870 0.004769 0.085549 0.907297 0.001515
2 3 0.000165 0.005659 0.587395 0.406116 0.000666
3 2 0.001482 0.015983 0.202500 0.770813 0.009221
3 2 0.002183 0.016594 0.154451 0.815889 0.010883
3 2 0.001461 0.024961 0.361894 0.596042 0.015642
3 3 0.000002 0.000072 0.067706 0.932194 0.000026
3 3 0.000000 0.000029 0.279957 0.720010 0.000004
3 2 0.000009 0.000497 0.140637 0.858557 0.000299
2 2 0.004010 0.053707 0.720521 0.178095 0.043666
3 2 0.000510 0.002102 0.036824 0.959259 0.001304
3 2 0.000013 0.001364 0.365625 0.632460 0.000538
3 2 0.000002 0.000211 0.230130 0.769602 0.000055
3 2 0.000780 0.005883 0.086280 0.901514 0.005542
3 2 0.002110 0.003894 0.024774 0.966199 0.003023
3 2 0.000400 0.010360 0.315120 0.668669 0.005452
3 2 0.000050 0.001076 0.102235 0.896102 0.000536
3 2 0.000073 0.001030 0.076582 0.921898 0.000416
3 2 0.000000 0.000105 0.252452 0.747405 0.000037
3 2 0.000002 0.000079 0.086748 0.913157 0.000014
3 2 0.000002 0.000257 0.432218 0.567479 0.000044
3 2 0.000015 0.002241 0.461173 0.534707 0.001864
3 2 0.000062 0.002832 0.343608 0.652510 0.000989
3 2 0.000033 0.000629 0.079465 0.919563 0.000310
3 2 0.000084 0.000255 0.010734 0.988795 0.000132
2 2 0.000088 0.006721 0.523206 0.466852 0.003133
3 2 0.000025 0.001242 0.215622 0.782609 0.000502
3 2 0.003692 0.028964 0.209988 0.741356 0.016000
3 2 0.000000 0.000006 0.077174 0.922819 0.000001
3 2 0.000220 0.002362 0.096769 0.898855 0.001794
3 2 0.000363 0.008740 0.280177 0.706099 0.004622
2 2 0.000001 0.000205 0.629678 0.370100 0.000017
3 2 0.006136 0.002291 0.005886 0.984447 0.001240
1 0 0.262014 0.314370 0.191902 0.000302 0.231412
1 0 0.325417 0.466038 0.164042 0.001144 0.043359
1 1 0.311970 0.492590 0.170732 0.001079 0.023629
4 1 0.019565 0.274029 0.133765 0.002365 0.570275
4 1 0.006590 0.274927 0.299434 0.000744 0.418305
2 2 0.002818 0.029525 0.899911 0.024804 0.042941
2 2 0.003310 0.017682 0.951480 0.008004 0.019524
2 2 0.000328 0.051197 0.919698 0.000012 0.028765
2 2 0.000119 0.029703 0.955537 0.004974 0.009667
2 2 0.000047 0.008500 0.971448 0.017439 0.002567
2 2 0.004234 0.216889 0.446706 0.000309 0.331862
2 4 0.002212 0.098224 0.554706 0.001575 0.343284
4 4 0.017452 0.232710 0.289355 0.000167 0.460317
4 4 0.030771 0.175213 0.205164 0.000687 0.588164
4 4 0.036682 0.115240 0.063887 0.000038 0.784153
4 4 0.011604 0.277954 0.243494 0.000091 0.466857
4 4 0.045730 0.109385 0.079826 0.000130 0.764929
4 4 0.014571 0.149444 0.270832 0.000409 0.564743
4 4 0.040688 0.135222 0.113954 0.000328 0.709809
4 4 0.049616 0.208024 0.120491 0.000100 0.621769
4 4 0.007410 0.145757 0.217730 0.000095 0.629008
4 4 0.018105 0.234505 0.086467 0.000034 0.660889
4 4 0.028574 0.263082 0.095210 0.000024 0.613110
1 4 0.022104 0.434831 0.191048 0.000056 0.351961
4 4 0.013498 0.107209 0.040123 0.000015 0.839154
4 4 0.036925 0.143964 0.063390 0.000054 0.755667
4 4 0.026524 0.349972 0.243202 0.000681 0.379620
4 4 0.045773 0.262010 0.111076 0.000753 0.580387
4 4 0.037550 0.232046 0.150178 0.000639 0.579587
2 4 0.007362 0.194793 0.419260 0.000062 0.378524
2 4 0.005166 0.156828 0.577653 0.000029 0.260324
4 4 0.059690 0.168043 0.080372 0.000012 0.691882
1 4 0.020952 0.432799 0.337212 0.000439 0.208599
4 4 0.023064 0.351890 0.240335 0.001523 0.383187
2 4 0.000068 0.004233 0.993219 0.000241 0.002239
2 2 0.028554 0.234524 0.688365 0.001586 0.046972
2 2 0.007082 0.091740 0.861533 0.000081 0.039565
2 2 0.017126 0.135120 0.729739 0.000002 0.118012
2 2 0.000957 0.012243 0.954822 0.000077 0.031902
2 2 0.012355 0.170117 0.741259 0.000096 0.076173
2 2 0.000014 0.006685 0.992943 0.000072 0.000285
2 2 0.016927 0.155747 0.789937 0.000090 0.037300
2 2 0.000301 0.021796 0.974147 0.002806 0.000949
2 2 0.000467 0.016352 0.979575 0.003048 0.000558
2 2 0.001748 0.057276 0.938844 0.001377 0.000755
2 2 0.000047 0.015360 0.982558 0.001457 0.000578
0 2 0.741084 0.182451 0.071132 0.001033 0.004300
0 2 0.996936 0.002290 0.000716 0.000056 0.000001
0 2 0.891755 0.077920 0.028383 0.001694 0.000247
0 2 0.949993 0.024091 0.012345 0.010653 0.002918
0 2 0.335311 0.312732 0.208025 0.005104 0.138827
1 2 0.094855 0.647934 0.200990 0.000120 0.056101
1 2 0.168101 0.499614 0.153156 0.000111 0.179018
2 2 0.046020 0.420112 0.454197 0.000103 0.079568
2 2 0.018228 0.340921 0.346552 0.000113 0.294185
2 2 0.017356 0.216704 0.558985 0.000132 0.206823
0 2 0.544610 0.230507 0.057261 0.000002 0.167619
2 2 0.008761 0.078123 0.868372 0.000010 0.044734
0 2 0.897563 0.069724 0.029360 0.003283 0.000070
0 0 0.613317 0.256503 0.076762 0.000240 0.053179
1 1 0.107475 0.437915 0.145713 0.000136 0.308761
1 1 0.111200 0.595671 0.206765 0.000802 0.085562
1 2 0.136083 0.478060 0.331416 0.001043 0.053399
0 2 0.768264 0.182943 0.044813 0.000009 0.003971
1 2 0.199389 0.580290 0.142055 0.000011 0.078254
1 2 0.346002 0.393412 0.244060 0.000094 0.016431
0 2 0.717423 0.206117 0.063574 0.000185 0.012701
1 2 0.315020 0.376004 0.105594 0.000032 0.203351
0 2 0.868719 0.091200 0.036568 0.002914 0.000600
0 0 0.730959 0.191953 0.072096 0.003900 0.001092
1 1 0.145731 0.605943 0.208804 0.001427 0.038096
1 1 0.047818 0.648504 0.164626 0.000003 0.139049
2 1 0.053261 0.263672 0.351184 0.000993 0.330890
1 1 0.113364 0.545386 0.205057 0.001710 0.134483
2 2 0.003486 0.006805 0.988004 0.001427 0.000279
2 2 0.000366 0.004007 0.989157 0.006411 0.000060
2 2 0.001117 0.030905 0.965991 0.000568 0.001418
2 2 0.003277 0.118772 0.858754 0.000168 0.019029
2 2 0.000010 0.012162 0.987561 0.000077 0.000190
2 2 0.000009 0.007217 0.992458 0.000218 0.000098
2 2 0.415695 0.074658 0.507167 0.001718 0.000762
0 2 0.695551 0.202720 0.055578 0.000025 0.046127
0 2 0.977157 0.016878 0.005790 0.000097 0.000077
1 2 0.293072 0.524221 0.163059 0.000259 0.019389
0 2 0.969535 0.013704 0.006422 0.010294 0.000046
0 2 0.745991 0.168225 0.073852 0.010827 0.001105
0 2 0.596324 0.281094 0.097088 0.000489 0.025005
4 2 0.211382 0.261560 0.087707 0.000167 0.439185
2 2 0.000305 0.028491 0.952746 0.000245 0.018213
2 2 0.002016 0.023965 0.962772 0.010858 0.000389
0 2 0.528038 0.284535 0.149049 0.000663 0.037715
2 2 0.039281 0.233079 0.452689 0.000230 0.274721
2 2 0.000020 0.000236 0.999592 0.000131 0.000020
2 2 0.000375 0.026878 0.906683 0.061198 0.004866
2 2 0.000118 0.027341 0.967822 0.002835 0.001884
2 2 0.009063 0.081400 0.866239 0.022597 0.020701
0 2 0.905861 0.022438 0.013393 0.058183 0.000124
0 2 0.914053 0.066582 0.018987 0.000074 0.000303
0 2 0.747126 0.158089 0.077376 0.016585 0.000823
0 2 0.528330 0.229244 0.080562 0.000831 0.161033
1 2 0.062293 0.596072 0.214040 0.000530 0.127065
2 2 0.002406 0.076380 0.892754 0.000776 0.027684
2 2 0.014903 0.138923 0.830822 0.000209 0.015143
2 2 0.000167 0.064881 0.930709 0.000395 0.003848
2 2 0.000002 0.001923 0.998016 0.000041 0.000019
2 2 0.000211 0.043759 0.954639 0.000020 0.001371
2 2 0.017161 0.310248 0.619777 0.000140 0.052674
2 2 0.000001 0.000140 0.978760 0.021099 0.000000
2 2 0.002371 0.022458 0.968497 0.004462 0.002211
2 2 0.000095 0.004722 0.994705 0.000335 0.000143
2 2 0.000093 0.005461 0.988047 0.006336 0.000063
2 2 0.003287 0.043285 0.923497 0.000181 0.029751
2 2 0.000336 0.056392 0.934219 0.000136 0.008917
2 2 0.000001 0.000372 0.995220 0.004407 0.000001
2 2 0.000381 0.022648 0.956202 0.019774 0.000995
2 2 0.000027 0.001212 0.990824 0.007912 0.000025
2 2 0.007270 0.112929 0.846202 0.000764 0.032835
2 2 0.000004 0.001349 0.998348 0.000291 0.000009
0 2 0.995165 0.003856 0.000976 0.000003 0.000001
0 2 0.888570 0.072979 0.029454 0.008645 0.000353
0 2 0.958163 0.028223 0.011061 0.002455 0.000098
0 0 0.997550 0.001496 0.000619 0.000129 0.000206
0 0 0.907001 0.053597 0.018114 0.000193 0.021095
0 0 0.502077 0.368962 0.121132 0.002102 0.005727
0 0 0.417360 0.341921 0.109960 0.000189 0.130569
1 1 0.203792 0.545303 0.171879 0.000388 0.078637
2 1 0.027077 0.279644 0.599169 0.034698 0.059412
2 1 0.058743 0.420860 0.471266 0.010253 0.038879
2 2 0.000466 0.061368 0.936297 0.000596 0.001272
2 2 0.002034 0.173951 0.815573 0.000640 0.007803
2 2 0.009543 0.108294 0.866945 0.000103 0.015116
2 2 0.003059 0.028669 0.966687 0.000248 0.001337
2 2 0.000900 0.008338 0.989427 0.000748 0.000587
2 2 0.057963 0.141199 0.798338 0.001729 0.000771
0 2 0.991278 0.006362 0.002168 0.000183 0.000008
4 0 0.066581 0.144760 0.045998 0.000011 0.742651
1 1 0.048702 0.512078 0.288092 0.004839 0.146289
2 2 0.032273 0.346442 0.469320 0.000094 0.151871
2 2 0.000704 0.021030 0.960650 0.000082 0.017534
2 2 0.001388 0.068009 0.902681 0.000192 0.027730
2 2 0.000131 0.003549 0.995748 0.000458 0.000115
2 2 0.002111 0.032105 0.960011 0.001575 0.004197
2 2 0.000117 0.001344 0.995692 0.002797 0.000050
2 2 0.000200 0.012482 0.971682 0.012304 0.003332
2 2 0.000923 0.008353 0.984067 0.005601 0.001056
2 2 0.000028 0.002350 0.992556 0.005021 0.000045
2 2 0.000896 0.014522 0.982293 0.000703 0.001585
2 2 0.000071 0.002529 0.997017 0.000325 0.000059
2 2 0.019027 0.049040 0.917413 0.002226 0.012294
2 2 0.000827 0.040519 0.800756 0.143223 0.014675
2 2 0.000791 0.006436 0.989633 0.001963 0.001177
0 1 0.682539 0.215410 0.059047 0.000019 0.042984
2 1 0.050250 0.214373 0.697092 0.003251 0.035034
2 2 0.000821 0.012489 0.969531 0.012360 0.004800
2 1 0.003880 0.057024 0.935261 0.001618 0.002217
2 2 0.006635 0.116329 0.868097 0.000410 0.008529
2 2 0.026340 0.084349 0.886968 0.001932 0.000411
2 2 0.000870 0.017796 0.979874 0.000906 0.000552
2 2 0.003591 0.027443 0.968356 0.000406 0.000204
0 2 0.948612 0.029065 0.013471 0.008241 0.000610
1 2 0.407393 0.432528 0.146867 0.000193 0.013018
0 2 0.978807 0.014609 0.005788 0.000493 0.000303
0 2 0.348768 0.347141 0.118423 0.000434 0.185233
4 1 0.252948 0.168500 0.045756 0.000007 0.532790
1 1 0.055189 0.461594 0.182497 0.000815 0.299904
1 1 0.070674 0.542818 0.202567 0.000748 0.183194
2 2 0.004129 0.019853 0.968971 0.001317 0.005730
2 2 0.002293 0.097515 0.884279 0.000090 0.015823
2 2 0.000037 0.007095 0.992061 0.000021 0.000787
2 2 0.224053 0.124356 0.640675 0.001013 0.009904
0 2 0.470214 0.339557 0.079940 0.000009 0.110280
1 1 0.124234 0.487219 0.177917 0.000835 0.209795
2 2 0.017432 0.275009 0.672306 0.001395 0.033858
4 2 0.049248 0.327767 0.211670 0.000027 0.411289
2 2 0.103866 0.334430 0.363439 0.000433 0.197831
1 2 0.112630 0.425629 0.300600 0.000214 0.160927
2 2 0.000020 0.002849 0.995218 0.000311 0.001603
2 2 0.000124 0.005889 0.991841 0.000018 0.002129
2 2 0.000055 0.005701 0.993361 0.000135 0.000747
2 2 0.000032 0.001759 0.997873 0.000226 0.000111
2 2 0.017944 0.271966 0.516854 0.000169 0.193068
1 1 0.191028 0.646560 0.150368 0.000004 0.012039
0 1 0.382964 0.332051 0.141669 0.010182 0.133133
1 1 0.109020 0.628706 0.215232 0.001054 0.045988
1 1 0.056390 0.635521 0.227589 0.000674 0.079826
2 1 0.012245 0.264216 0.608475 0.012380 0.102685
2 2 0.000014 0.007975 0.991521 0.000369 0.000120
2 2 0.003000 0.019993 0.932411 0.043544 0.001053
2 2 0.017252 0.256028 0.648388 0.000031 0.078301
2 2 0.051065 0.272520 0.671330 0.000599 0.004486
2 2 0.001956 0.030945 0.933787 0.032562 0.000750
1 2 0.196257 0.430093 0.368959 0.000982 0.003710
0 0 0.730140 0.189336 0.061734 0.000174 0.018618
1 0 0.295327 0.452104 0.157079 0.000802 0.094688
1 1 0.260585 0.549945 0.162930 0.000401 0.026140
1 1 0.175775 0.587636 0.162399 0.000057 0.074132
1 1 0.372484 0.437049 0.168584 0.002909 0.018973
0 0 0.776549 0.079705 0.138110 0.000639 0.004997
4 0 0.272333 0.145871 0.077315 0.012415 0.492066
0 0 0.863080 0.097206 0.030837 0.000309 0.008568
1 1 0.161226 0.498625 0.169465 0.000471 0.170213
0 1 0.803276 0.117931 0.034678 0.000017 0.044097
4 0 0.198970 0.014063 0.006976 0.000541 0.779450
1 0 0.172546 0.374993 0.355820 0.000857 0.095783
0 0 0.860191 0.053878 0.026464 0.008057 0.051410
4 0 0.146907 0.008228 0.003755 0.000110 0.841001
0 0 0.576983 0.036972 0.014266 0.000188 0.371591
0 0 0.952635 0.021036 0.006944 0.000057 0.019328
0 0 0.970472 0.002292 0.000806 0.000007 0.026423
0 0 0.714238 0.047911 0.018233 0.000276 0.219342
0 0 0.672774 0.018400 0.006713 0.000050 0.302063
0 0 0.495530 0.053548 0.020873 0.000302 0.429748
0 0 0.975981 0.006489 0.002312 0.000034 0.015184
0 0 0.823042 0.095022 0.054681 0.002255 0.025001
4 0 0.258354 0.064583 0.026818 0.000574 0.649671
0 0 0.873816 0.032891 0.010366 0.000035 0.082892
0 0 0.508936 0.176049 0.075795 0.004470 0.234751
0 0 0.647713 0.041188 0.014928 0.000122 0.296049
0 0 0.960746 0.022289 0.007128 0.000056 0.009781
0 0 0.942674 0.034771 0.011796 0.000172 0.010587
0 0 0.818978 0.107670 0.032800 0.000130 0.040422
0 1 0.501590 0.304535 0.079349 0.000027 0.114500
1 1 0.185655 0.538242 0.174437 0.000430 0.101236
0 0 0.908286 0.049809 0.016458 0.000146 0.025301
1 1 0.072636 0.660362 0.228618 0.000432 0.037953
1 1 0.058920 0.648218 0.228994 0.000700 0.063168
1 1 0.053803 0.409935 0.375720 0.002409 0.158132
2 1 0.019746 0.297779 0.670528 0.002150 0.009798
2 2 0.220427 0.312854 0.368825 0.003659 0.094235
2 2 0.007005 0.150193 0.835697 0.000068 0.007038
2 2 0.079946 0.410761 0.493126 0.001040 0.015127
2 2 0.000045 0.024080 0.975403 0.000078 0.000393
2 2 0.000884 0.053402 0.936892 0.000105 0.008718
2 2 0.198223 0.329220 0.453036 0.000158 0.019363
1 2 0.215827 0.607581 0.169552 0.000065 0.006975
2 2 0.010705 0.055357 0.848455 0.079451 0.006032
1 2 0.005165 0.754452 0.198774 0.000001 0.041607
2 2 0.000047 0.003520 0.992866 0.003530 0.000037
2 2 0.004900 0.155536 0.800760 0.000509 0.038294
2 2 0.010180 0.075123 0.899033 0.001066 0.014598
2 2 0.000233 0.008630 0.984236 0.000003 0.006898
1 2 0.313222 0.453950 0.177497 0.000997 0.054334
2 2 0.000020 0.004975 0.994604 0.000008 0.000393
2 2 0.013557 0.257257 0.589369 0.000075 0.139742
2 2 0.000483 0.041852 0.936875 0.000149 0.020642
0 2 0.870353 0.093089 0.025951 0.000037 0.010570
0 0 0.942110 0.042097 0.014890 0.000545 0.000358
0 1 0.674964 0.101475 0.037003 0.000455 0.186103
1 1 0.247774 0.486136 0.157478 0.000513 0.108099
0 1 0.437801 0.279854 0.096830 0.000474 0.185042
0 0 0.908649 0.059577 0.022222 0.000952 0.008600
0 1 0.694083 0.183333 0.061874 0.000614 0.060096
1 1 0.206874 0.514889 0.183177 0.001845 0.093215
0 1 0.372803 0.222626 0.079300 0.000534 0.324737
4 1 0.127665 0.319751 0.116896 0.000385 0.435303
2 1 0.015980 0.302752 0.454235 0.000119 0.226914
2 2 0.046402 0.226016 0.519238 0.005614 0.202730
2 2 0.003887 0.191094 0.795090 0.001161 0.008767
2 2 0.005952 0.152959 0.801199 0.001248 0.038642
2 2 0.000418 0.018022 0.977811 0.000213 0.003535
2 2 0.001327 0.047161 0.940347 0.000949 0.010217
2 2 0.001533 0.014159 0.981854 0.000125 0.002329
2 2 0.000629 0.007105 0.990196 0.000120 0.001950
2 2 0.010094 0.014099 0.974963 0.000373 0.000471
0 2 0.973486 0.019330 0.006738 0.000415 0.000031
0 0 0.431759 0.424643 0.140219 0.000219 0.003161
1 1 0.401823 0.472919 0.114024 0.000038 0.011195
0 1 0.440468 0.396182 0.123131 0.000459 0.039760
1 2 0.215394 0.472994 0.205513 0.009985 0.096114
0 2 0.605481 0.280718 0.095573 0.000446 0.017782
0 0 0.451381 0.356590 0.137807 0.001331 0.052891
4 0 0.317407 0.100569 0.031722 0.000048 0.550255
0 0 0.740807 0.156481 0.058461 0.001693 0.042557
1 1 0.065209 0.583797 0.233375 0.002677 0.114942
4 1 0.175992 0.262184 0.108573 0.001532 0.451719
1 1 0.094211 0.501074 0.170046 0.000209 0.234460
1 1 0.041708 0.473913 0.325211 0.001033 0.158135
1 1 0.055240 0.403882 0.258436 0.006610 0.275831
4 1 0.129848 0.319249 0.137623 0.000017 0.413264
4 4 0.302329 0.135106 0.046081 0.000174 0.516309
4 4 0.337485 0.215939 0.082376 0.000612 0.363588
4 4 0.073483 0.280253 0.093558 0.000046 0.552660
4 4 0.064761 0.219841 0.083951 0.000207 0.631240
4 4 0.040795 0.013293 0.005865 0.000108 0.939940
4 4 0.051239 0.025707 0.011751 0.000361 0.910941
4 4 0.082169 0.080882 0.026285 0.000011 0.810653
4 4 0.040131 0.011516 0.004999 0.000076 0.943278
4 4 0.148305 0.190035 0.084822 0.004309 0.572528
4 4 0.099601 0.013119 0.005201 0.000040 0.882038
4 4 0.027575 0.045334 0.017239 0.000021 0.909832
4 4 0.048710 0.195208 0.240509 0.000790 0.514783
4 4 0.043215 0.022850 0.010729 0.000403 0.922803
4 4 0.041356 0.015022 0.006722 0.000145 0.936755
4 4 0.044214 0.034466 0.012407 0.000013 0.908900
4 4 0.038424 0.033781 0.014854 0.000186 0.912755
4 4 0.287291 0.230748 0.073722 0.000065 0.408174
4 4 0.041589 0.015810 0.007116 0.000164 0.935321
4 4 0.031797 0.056267 0.041317 0.000764 0.869855
4 4 0.035716 0.004417 0.001721 0.000008 0.958138
4 4 0.047875 0.005779 0.002173 0.000008 0.944166
4 4 0.101397 0.083297 0.046529 0.001435 0.767342
4 4 0.042587 0.019760 0.009124 0.000282 0.928247
4 4 0.038351 0.041358 0.017237 0.000101 0.902953
4 4 0.041844 0.016726 0.007576 0.000188 0.933666
4 4 0.196477 0.073274 0.027136 0.000187 0.702926
4 4 0.082570 0.044848 0.019593 0.000482 0.852506
4 4 0.044650 0.043435 0.019956 0.000488 0.891470
4 4 0.104415 0.019989 0.006354 0.000004 0.869238
4 4 0.038213 0.169103 0.162384 0.000028 0.630272
4 4 0.066317 0.107286 0.028822 0.000001 0.797574
4 4 0.156499 0.063730 0.022979 0.000087 0.756704
4 0 0.200162 0.053219 0.019992 0.000105 0.726523
4 4 0.047757 0.224161 0.175562 0.000047 0.552473
4 4 0.037734 0.081007 0.032008 0.000078 0.849174
4 4 0.071917 0.265806 0.105816 0.000518 0.555943
4 4 0.078875 0.104462 0.038907 0.000015 0.777741
4 4 0.053950 0.079297 0.037105 0.001226 0.828422
4 4 0.043433 0.024067 0.011368 0.000458 0.920674
4 4 0.040796 0.013295 0.005867 0.000108 0.939935
4 4 0.057337 0.027957 0.009828 0.000011 0.904867
4 4 0.048539 0.019629 0.006308 0.000002 0.925521
4 4 0.047398 0.018602 0.007746 0.000071 0.926183
4 4 0.032608 0.178966 0.190299 0.000181 0.597945
2 4 0.012001 0.232448 0.537081 0.035635 0.182836
4 4 0.041463 0.015378 0.006899 0.000153 0.936106
4 4 0.038577 0.026645 0.011364 0.000102 0.923311
4 4 0.043071 0.022092 0.010333 0.000371 0.924133
4 4 0.090227 0.051622 0.019445 0.000073 0.838633
4 4 0.095723 0.061373 0.026917 0.000760 0.815227
4 4 0.058519 0.068494 0.029686 0.000405 0.842897
4 4 0.042415 0.019003 0.008735 0.000257 0.929590
4 4 0.178641 0.047847 0.017190 0.000078 0.756244
4 4 0.046397 0.032581 0.015788 0.000876 0.904358
4 4 0.093280 0.334392 0.105318 0.000033 0.466977
4 4 0.078570 0.041448 0.018145 0.000443 0.861395
4 4 0.102896 0.058859 0.024265 0.000247 0.813734
4 4 0.039750 0.010610 0.004563 0.000062 0.945015
4 4 0.039005 0.009041 0.003819 0.000042 0.948093
4 4 0.038844 0.008734 0.003674 0.000039 0.948708
4 4 0.030568 0.144908 0.101242 0.000018 0.723264
4 4 0.117253 0.113816 0.054488 0.002235 0.712207
4 4 0.041317 0.004485 0.001765 0.000009 0.952424
4 4 0.043031 0.005306 0.002130 0.000013 0.949519
4 4 0.323603 0.028515 0.012060 0.000273 0.635550
4 4 0.079600 0.100759 0.044379 0.000970 0.774291
4 4 0.030824 0.094583 0.039065 0.000132 0.835396
4 4 0.043923 0.027123 0.012992 0.000614 0.915348
4 4 0.127020 0.195825 0.063309 0.000038 0.613809
4 4 0.075317 0.212529 0.073069 0.000053 0.639031
4 4 0.110406 0.106712 0.048387 0.002228 0.732268
4 4 0.041907 0.016962 0.007696 0.000195 0.933240
4 4 0.097288 0.099250 0.036212 0.000084 0.767165
4 4 0.073138 0.036278 0.013191 0.000027 0.877366
4 4 0.027524 0.020996 0.008296 0.000021 0.943163
4 4 0.034326 0.112747 0.052289 0.000880 0.799759
4 4 0.045091 0.316420 0.128108 0.000484 0.509896
4 4 0.046399 0.132117 0.058260 0.000064 0.763160
4 4 0.035724 0.149066 0.196971 0.000249 0.617991
4 4 0.079427 0.046576 0.015529 0.000010 0.858456
4 4 0.050559 0.123828 0.060035 0.002721 0.762857
4 4 0.059233 0.170071 0.150148 0.000245 0.620303
4 4 0.100272 0.302250 0.142441 0.000225 0.454811
4 4 0.072071 0.149114 0.168813 0.000006 0.609996
2 4 0.018801 0.186331 0.406255 0.002336 0.386276
4 4 0.078284 0.065675 0.021049 0.000008 0.834984
4 4 0.049034 0.166026 0.187601 0.000570 0.596770
4 4 0.091988 0.251952 0.079793 0.000025 0.576243
0 0 0.406588 0.203484 0.062518 0.000035 0.327376
0 1 0.445870 0.310903 0.087824 0.000046 0.155357
4 1 0.105154 0.243899 0.084704 0.000105 0.566139
4 1 0.060515 0.357324 0.156660 0.002520 0.422981
4 1 0.083867 0.363110 0.149299 0.001503 0.402221
1 1 0.018014 0.433739 0.273917 0.001132 0.273197
4 1 0.198463 0.213606 0.070503 0.000087 0.517342
4 1 0.072045 0.251752 0.095877 0.000260 0.580067
1 1 0.029799 0.434824 0.170800 0.000326 0.364251
4 1 0.027377 0.194634 0.341600 0.001383 0.435005
2 1 0.013059 0.275599 0.443245 0.002879 0.265218
2 2 0.000588 0.031680 0.935288 0.000040 0.032404
1 2 0.048076 0.367081 0.274568 0.000003 0.310271
2 2 0.009288 0.173613 0.729265 0.000339 0.087495
2 2 0.043016 0.347311 0.456565 0.000049 0.153060
2 2 0.002194 0.049264 0.884949 0.000003 0.063590
2 2 0.000911 0.032131 0.950104 0.000696 0.016158
2 2 0.003242 0.133484 0.831599 0.000060 0.031615
2 2 0.000382 0.058043 0.933443 0.000108 0.008024
2 2 0.000204 0.033014 0.957639 0.000128 0.009015
2 2 0.000044 0.020572 0.975892 0.001734 0.001757
2 2 0.000082 0.004829 0.980266 0.014541 0.000282
4 2 0.083097 0.377587 0.150695 0.001032 0.387590
2 2 0.003548 0.026912 0.731281 0.000105 0.238154
2 2 0.001899 0.006258 0.986859 0.000084 0.004900
2 2 0.000289 0.025811 0.931069 0.000819 0.042011
2 2 0.000189 0.006775 0.977617 0.000703 0.014716
2 2 0.000191 0.007020 0.931485 0.000354 0.060951
2 2 0.000315 0.047023 0.895586 0.001524 0.055551
2 2 0.000478 0.008975 0.965763 0.000154 0.024631
2 2 0.000834 0.008404 0.984164 0.000327 0.006272
2 2 0.000016 0.003374 0.991535 0.003636 0.001438
2 2 0.000110 0.016893 0.959383 0.005655 0.017959
2 2 0.000239 0.007263 0.967395 0.003004 0.022099
2 2 0.000061 0.006825 0.975877 0.008737 0.008500
2 2 0.000018 0.002732 0.988141 0.003288 0.005820
2 2 0.000009 0.005378 0.981409 0.010103 0.003101
2 2 0.000013 0.001841 0.964812 0.032139 0.001195
1 2 0.037716 0.558583 0.289833 0.000574 0.113293
2 2 0.003130 0.060205 0.893401 0.000092 0.043172
1 2 0.010965 0.462390 0.413297 0.000091 0.113258
2 2 0.009434 0.214901 0.552034 0.000025 0.223606
1 1 0.067654 0.614598 0.217292 0.000128 0.100328
2 1 0.001218 0.034043 0.963510 0.000300 0.000929
0 1 0.791610 0.130974 0.060307 0.016251 0.000859
2 1 0.000289 0.046179 0.937744 0.000870 0.014918
2 2 0.004020 0.036000 0.902025 0.016591 0.041363
2 2 0.009927 0.099540 0.865451 0.000028 0.025053
2 2 0.010370 0.180223 0.756110 0.000224 0.053072
2 2 0.003219 0.017930 0.974042 0.001728 0.003081
2 2 0.000336 0.052156 0.943471 0.001721 0.002316
2 2 0.004258 0.063989 0.928357 0.000009 0.003388
2 2 0.000046 0.006238 0.992670 0.000154 0.000892
2 2 0.000014 0.001969 0.990586 0.006894 0.000537
2 2 0.000036 0.010561 0.987026 0.001908 0.000470
2 2 0.000002 0.001171 0.936937 0.061658 0.000232
2 2 0.000036 0.010837 0.987814 0.000622 0.000691
2 2 0.000200 0.007712 0.987523 0.000313 0.004251
2 2 0.000561 0.037585 0.941547 0.017593 0.002715
2 2 0.000291 0.024943 0.949044 0.023807 0.001915
2 2 0.000027 0.002137 0.918762 0.079030 0.000045
2 2 0.000167 0.006539 0.938854 0.053727 0.000712
2 1 0.000216 0.075147 0.913683 0.000281 0.010673
2 2 0.000012 0.001335 0.995076 0.003488 0.000089
2 2 0.000015 0.008388 0.987384 0.003525 0.000688
2 2 0.000039 0.003867 0.986148 0.009879 0.000067
2 2 0.000032 0.008542 0.983162 0.007701 0.000563
2 2 0.000245 0.016661 0.965746 0.016424 0.000924
2 2 0.000082 0.018459 0.961536 0.016656 0.003268
2 2 0.000007 0.000390 0.811526 0.188055 0.000022
2 2 0.000462 0.016780 0.934721 0.046528 0.001509
2 2 0.001411 0.063548 0.898561 0.025532 0.010949
2 2 0.001545 0.033103 0.793626 0.168221 0.003505
2 2 0.000660 0.030813 0.939208 0.024092 0.005228
2 2 0.000397 0.022462 0.919606 0.055388 0.002148
2 2 0.000121 0.009374 0.926448 0.063480 0.000578
2 2 0.000040 0.005557 0.869034 0.123401 0.001968
2 2 0.000115 0.013675 0.808621 0.172348 0.005242
2 2 0.000061 0.005204 0.985306 0.007085 0.002344
2 2 0.006431 0.140858 0.725766 0.088852 0.038092
2 2 0.000226 0.009832 0.733636 0.251552 0.004753
3 2 0.000489 0.006733 0.259559 0.727849 0.005371
2 2 0.000024 0.004649 0.842847 0.151218 0.001262
2 2 0.000283 0.009631 0.801959 0.187543 0.000585
2 2 0.000443 0.015917 0.504500 0.472297 0.006844
2 2 0.001337 0.048172 0.856222 0.082738 0.011530
2 2 0.000384 0.006742 0.783443 0.193955 0.015476
2 2 0.000021 0.006185 0.942061 0.049889 0.001844
2 2 0.000198 0.036686 0.948674 0.000505 0.013937
2 2 0.000479 0.019265 0.940530 0.036074 0.003652
2 2 0.000072 0.006810 0.977383 0.008093 0.007643
2 2 0.000088 0.005130 0.990200 0.004022 0.000560
2 2 0.002220 0.053303 0.939565 0.001019 0.003893
2 2 0.000175 0.012330 0.926105 0.060476 0.000914
2 2 0.000061 0.014220 0.972542 0.011675 0.001503
2 2 0.000020 0.001531 0.783033 0.215261 0.000155
2 2 0.001703 0.023751 0.944296 0.025662 0.004588
2 2 0.000299 0.024740 0.917200 0.053495 0.004266
2 2 0.000044 0.004043 0.954633 0.041126 0.000154
2 2 0.003204 0.054337 0.785420 0.150184 0.006855
2 2 0.000158 0.018259 0.957764 0.022246 0.001573
3 2 0.000177 0.003286 0.244978 0.750794 0.000765
2 2 0.000133 0.013294 0.964749 0.021100 0.000724
2 2 0.000695 0.029123 0.765905 0.196077 0.008200
2 2 0.004358 0.041828 0.904953 0.045022 0.003839
2 2 0.000012 0.002054 0.829685 0.167998 0.000250
2 2 0.000463 0.007167 0.673349 0.316655 0.002365
2 2 0.000112 0.010056 0.931066 0.057949 0.000816
2 2 0.002956 0.065883 0.767012 0.151262 0.012886
2 2 0.000837 0.020022 0.546600 0.426974 0.005567
2 2 0.000641 0.011751 0.789374 0.197797 0.000438
2 2 0.000011 0.000707 0.517065 0.482172 0.000045
2 2 0.000078 0.004781 0.629451 0.364617 0.001073
2 2 0.000114 0.005615 0.912965 0.081156 0.000150
2 2 0.001779 0.026564 0.580653 0.386802 0.004202
2 2 0.000881 0.035473 0.945211 0.017430 0.001004
3 2 0.000098 0.003124 0.271605 0.723927 0.001246
2 2 0.002769 0.053658 0.673988 0.256982 0.012604
2 2 0.000023 0.001872 0.927380 0.070570 0.000155
2 2 0.000062 0.002146 0.611561 0.386051 0.000179
2 2 0.000253 0.003901 0.521001 0.474678 0.000167
2 2 0.000770 0.026640 0.627484 0.334617 0.010488
3 2 0.000288 0.004182 0.361524 0.633581 0.000425
2 2 0.000175 0.004518 0.915379 0.079898 0.000030
3 2 0.000295 0.002603 0.080405 0.915492 0.001204
3 2 0.000062 0.002998 0.298050 0.697549 0.001341
3 2 0.001170 0.022804 0.349021 0.614008 0.012997
3 2 0.000444 0.007361 0.439091 0.552344 0.000760
3 2 0.000369 0.013838 0.434211 0.543798 0.007784
3 2 0.000213 0.000991 0.032078 0.966308 0.000410
2 2 0.001667 0.050663 0.745572 0.190376 0.011722
3 2 0.000242 0.007890 0.458806 0.530916 0.002146
3 2 0.000301 0.004719 0.330482 0.663854 0.000644
3 2 0.000591 0.016628 0.472997 0.503259 0.006525
3 2 0.000140 0.003060 0.262950 0.733285 0.000564
2 2 0.000321 0.022602 0.754862 0.212936 0.009279
2 2 0.000356 0.006857 0.717218 0.274216 0.001354
2 2 0.000120 0.006097 0.573418 0.418851 0.001513
2 2 0.000751 0.018557 0.653154 0.324827 0.002711
3 2 0.000958 0.005549 0.405329 0.586840 0.001324
2 0 0.058131 0.308521 0.598509 0.007094 0.027745
0 1 0.446327 0.388588 0.088376 0.000007 0.076702
2 2 0.012129 0.372182 0.604080 0.000399 0.011210
1 2 0.174405 0.438925 0.119343 0.000015 0.267314
0 2 0.905600 0.058709 0.025855 0.009675 0.000160
0 2 0.947900 0.037665 0.013677 0.000250 0.000509
0 2 0.545570 0.277214 0.139820 0.031123 0.006274
2 2 0.031691 0.220385 0.379067 0.000713 0.368144
2 2 0.000057 0.019657 0.969765 0.000652 0.009869
2 2 0.000051 0.004692 0.986758 0.003644 0.004856
0 2 0.861715 0.101075 0.034815 0.000225 0.002170
2 2 0.006686 0.112205 0.791316 0.001404 0.088389
4 2 0.024879 0.411786 0.140005 0.000030 0.423300
2 2 0.000086 0.015827 0.863071 0.099689 0.021326
1 2 0.058757 0.446010 0.141810 0.000035 0.353389
2 2 0.002414 0.070972 0.745093 0.000824 0.180697
2 2 0.001715 0.118403 0.796637 0.000537 0.082708
2 2 0.000480 0.040671 0.884146 0.004285 0.070419
4 2 0.024023 0.185957 0.366714 0.000242 0.423064
4 2 0.022016 0.280789 0.160781 0.000006 0.536409
2 2 0.001525 0.107152 0.767776 0.000472 0.123074
4 2 0.023921 0.101346 0.201540 0.000051 0.673142
4 2 0.011184 0.108346 0.131546 0.000067 0.748857
4 2 0.041389 0.222959 0.142906 0.000085 0.592661
2 2 0.102321 0.365299 0.521555 0.001071 0.009754
0 2 0.410833 0.308691 0.239482 0.019750 0.021244
0 2 0.613497 0.293391 0.091633 0.000110 0.001369
2 2 0.028530 0.381732 0.419841 0.020360 0.149537
1 2 0.034515 0.567615 0.335712 0.000855 0.061304
2 2 0.019795 0.226600 0.708347 0.000210 0.045049
2 2 0.000238 0.051325 0.941186 0.000173 0.007078
2 2 0.005307 0.094810 0.844552 0.000243 0.055088
2 2 0.000067 0.012093 0.976616 0.001485 0.009739
2 2 0.001076 0.072630 0.730742 0.037978 0.157574
4 2 0.012595 0.139122 0.084105 0.000852 0.763327
4 2 0.037079 0.244565 0.123964 0.007103 0.587289
4 2 0.046391 0.356273 0.134219 0.000210 0.462908
1 2 0.128451 0.434590 0.304248 0.000015 0.132697
2 2 0.029445 0.443764 0.503226 0.000984 0.022582
1 2 0.119079 0.528697 0.194511 0.001162 0.156552
2 2 0.011301 0.126614 0.746402 0.002204 0.113479
1 2 0.059614 0.607765 0.281532 0.000961 0.050128
2 2 0.006336 0.137355 0.837188 0.002749 0.016373
2 2 0.001143 0.159998 0.831174 0.000373 0.007311
0 2 0.710882 0.220350 0.065819 0.000099 0.002851
0 0 0.715198 0.193977 0.080799 0.004790 0.005236
0 0 0.984365 0.007590 0.002519 0.000028 0.005499
4 0 0.177496 0.145262 0.043147 0.000013 0.634082
4 1 0.095281 0.245635 0.090222 0.000208 0.568654
1 1 0.243750 0.446912 0.097479 0.000001 0.211858
1 1 0.097930 0.479896 0.160280 0.000156 0.261739
4 1 0.354804 0.202203 0.061607 0.000069 0.381316
1 1 0.303613 0.397511 0.109234 0.000036 0.189606
1 1 0.084113 0.568558 0.163297 0.000016 0.184016
1 1 0.104360 0.433467 0.130175 0.000029 0.331969
1 1 0.185217 0.449005 0.145198 0.000208 0.220372
0 1 0.523261 0.202769 0.062004 0.000083 0.211883
0 0 0.791099 0.072526 0.025742 0.000282 0.110350
0 0 0.737538 0.052307 0.016675 0.000041 0.193440
4 0 0.251193 0.153219 0.049213 0.000064 0.546311
4 1 0.246482 0.206085 0.064622 0.000060 0.482751
4 1 0.046450 0.364807 0.127988 0.000079 0.460676
2 1 0.011815 0.173362 0.468311 0.001381 0.345131
4 1 0.029084 0.143491 0.047211 0.000007 0.780207
2 1 0.026051 0.267932 0.563530 0.001346 0.141141
1 1 0.072077 0.395940 0.140511 0.000174 0.391297
1 1 0.072553 0.402288 0.152307 0.000458 0.372395
0 0 0.936117 0.047464 0.010763 0.000001 0.005655
1 1 0.259603 0.453803 0.165988 0.001339 0.119268
1 1 0.166814 0.459661 0.204433 0.016234 0.152858
1 1 0.147807 0.553898 0.199427 0.001567 0.097301
1 1 0.087432 0.505006 0.220383 0.008215 0.178964
2 1 0.026761 0.322907 0.613685 0.001002 0.035644
2 2 0.004379 0.259682 0.683687 0.000044 0.052207
2 2 0.003033 0.183472 0.792630 0.002344 0.018521
2 2 0.000227 0.006751 0.991643 0.000326 0.001053
2 2 0.000767 0.014293 0.976925 0.005025 0.002989
2 2 0.011217 0.183291 0.693547 0.000034 0.111911
2 2 0.017268 0.132878 0.833064 0.000173 0.016617
2 2 0.000047 0.003680 0.991961 0.000630 0.003682
2 2 0.000905 0.119749 0.826327 0.000091 0.052928
2 2 0.000674 0.004855 0.992308 0.000759 0.001403
2 2 0.002099 0.034690 0.873737 0.000020 0.089455
2 2 0.000597 0.004511 0.926110 0.002359 0.066424
2 2 0.000096 0.015870 0.947898 0.006931 0.029206
4 4 0.009671 0.136561 0.326388 0.000239 0.527141
4 4 0.014108 0.159112 0.242729 0.003462 0.580589
4 4 0.012990 0.212846 0.196887 0.000278 0.576999
4 4 0.064837 0.095499 0.043129 0.001054 0.795481
2 4 0.018038 0.117466 0.490180 0.006823 0.367493
4 4 0.039026 0.140735 0.070661 0.000519 0.749060
4 4 0.031894 0.096906 0.044247 0.000576 0.826377
0 0 0.720164 0.123089 0.041736 0.000078 0.114933
0 0 0.485716 0.365584 0.105030 0.000163 0.043507
4 4 0.048046 0.195965 0.087608 0.001241 0.667140
4 4 0.151831 0.229468 0.060126 0.000003 0.558572
4 4 0.049709 0.014216 0.006023 0.000079 0.929973
4 4 0.010098 0.012006 0.004246 0.000001 0.973649
4 4 0.144629 0.051266 0.019684 0.000163 0.784258
4 4 0.077026 0.181897 0.070322 0.000248 0.670506
4 4 0.038320 0.007802 0.003241 0.000030 0.950607
4 4 0.084940 0.042624 0.021844 0.002452 0.848140
4 4 0.037555 0.006613 0.002696 0.000020 0.953116
4 4 0.039473 0.009996 0.004270 0.000054 0.946206
4 4 0.038819 0.008686 0.003652 0.000038 0.948804
4 4 0.041589 0.015811 0.007116 0.000164 0.935320
4 4 0.074582 0.015297 0.006780 0.000149 0.903191
4 4 0.064857 0.033454 0.009452 0.000001 0.892237
0 0 0.978479 0.008768 0.004057 0.000638 0.008058
4 1 0.266399 0.078143 0.028060 0.000094 0.627304
4 4 0.016323 0.006200 0.002213 0.000001 0.975263
4 4 0.043762 0.026064 0.012426 0.000557 0.917191
4 4 0.031223 0.066099 0.032221 0.000254 0.870202
4 4 0.040713 0.013059 0.005751 0.000103 0.940374
4 4 0.036467 0.005215 0.002070 0.000011 0.956237
4 4 0.042744 0.241796 0.093294 0.000167 0.621999
4 4 0.072233 0.193424 0.059743 0.000010 0.674590
4 4 0.053883 0.018907 0.008171 0.000139 0.918899
4 4 0.040063 0.010875 0.004685 0.000065 0.944311
4 4 0.148506 0.035296 0.012324 0.000033 0.803841
4 4 0.139262 0.070979 0.028746 0.000425 0.760589
4 4 0.065280 0.150594 0.053057 0.000046 0.731023
4 4 0.107007 0.143701 0.063157 0.001495 0.684640
4 4 0.032535 0.032198 0.014976 0.000332 0.919959
4 4 0.045729 0.046121 0.023528 0.002299 0.882324
4 4 0.136557 0.148674 0.046964 0.000023 0.667782
