0 0 0.610463 0.153992 0.048560 0.000527 0.186458
0 0 0.384177 0.303421 0.080590 0.000061 0.231751
1 0 0.148967 0.541800 0.180088 0.000076 0.129069
2 1 0.008474 0.198580 0.780558 0.000980 0.011408
0 1 0.715821 0.181294 0.065877 0.000126 0.036882
0 1 0.928172 0.048387 0.010622 0.000011 0.012808
2 1 0.024137 0.332212 0.600899 0.002465 0.040287
1 1 0.057885 0.456256 0.435281 0.000856 0.049723
1 1 0.135724 0.401410 0.313294 0.002077 0.147495
1 1 0.106773 0.513790 0.276147 0.012185 0.091105
2 2 0.004706 0.079349 0.817210 0.084813 0.013922
2 2 0.005189 0.064456 0.908203 0.019293 0.002859
2 2 0.007985 0.111138 0.853625 0.003116 0.024136
2 2 0.085625 0.176918 0.712155 0.011690 0.013612
2 2 0.003921 0.014891 0.933574 0.046555 0.001060
2 2 0.010820 0.047076 0.838919 0.100821 0.002365
2 2 0.145766 0.114729 0.597252 0.120133 0.022121
3 3 0.007058 0.007610 0.277388 0.705791 0.002153
2 3 0.017262 0.065429 0.502372 0.403541 0.011397
2 3 0.066829 0.044597 0.545090 0.337904 0.005580
3 3 0.000134 0.001819 0.418081 0.579784 0.000182
3 3 0.000010 0.000534 0.394863 0.604512 0.000081
2 3 0.003141 0.012707 0.664897 0.315953 0.003303
3 3 0.000215 0.003100 0.403519 0.592281 0.000885
2 3 0.020664 0.088772 0.726059 0.155790 0.008715
2 2 0.012404 0.134715 0.825041 0.023465 0.004375
2 2 0.263674 0.280863 0.306261 0.035027 0.114175
2 2 0.346447 0.128152 0.489850 0.011007 0.024543
2 2 0.043124 0.278383 0.498588 0.003970 0.175934
2 2 0.023295 0.339027 0.528519 0.019817 0.089342
2 2 0.009315 0.051306 0.836962 0.095239 0.007177
2 2 0.001043 0.052387 0.886977 0.033297 0.026295
2 2 0.014883 0.052436 0.689840 0.227673 0.015168
2 3 0.000964 0.006868 0.936123 0.055792 0.000252
3 3 0.008012 0.008545 0.438709 0.541645 0.003088
2 3 0.008948 0.024536 0.725882 0.235586 0.005049
3 3 0.000270 0.001793 0.256924 0.740496 0.000517
2 3 0.000576 0.001501 0.528465 0.469378 0.000080
2 3 0.264026 0.044921 0.442811 0.221189 0.027053
3 3 0.000001 0.000022 0.051478 0.948499 0.000001
3 3 0.000928 0.002126 0.061350 0.934982 0.000614
3 3 0.000001 0.000028 0.114750 0.885211 0.000010
3 3 0.000617 0.001948 0.145018 0.851679 0.000738
3 3 0.009464 0.008139 0.175156 0.800847 0.006394
3 3 0.000125 0.000408 0.069969 0.929440 0.000058
3 3 0.000005 0.000074 0.065997 0.933900 0.000024
3 3 0.005917 0.004316 0.083325 0.899017 0.007425
3 3 0.000168 0.000321 0.046566 0.952696 0.000249
3 3 0.006485 0.002760 0.030143 0.958374 0.002238
3 3 0.000002 0.000010 0.022295 0.977691 0.000001
3 3 0.000000 0.000006 0.064217 0.935777 0.000000
3 3 0.000622 0.002102 0.089386 0.906445 0.001444
3 3 0.000556 0.001272 0.088011 0.909309 0.000851
3 3 0.000042 0.000139 0.016194 0.983591 0.000035
3 3 0.000009 0.000111 0.098797 0.901042 0.000041
3 3 0.000137 0.000484 0.039868 0.959216 0.000294
3 3 0.000056 0.000198 0.017554 0.981993 0.000200
3 3 0.000859 0.000445 0.037793 0.960802 0.000101
3 3 0.000001 0.000045 0.076619 0.923330 0.000004
3 3 0.000651 0.000717 0.022911 0.974130 0.001591
3 3 0.000004 0.000038 0.060064 0.939892 0.000002
3 3 0.000011 0.000041 0.029545 0.970387 0.000015
3 3 0.000000 0.000002 0.011455 0.988542 0.000000
3 3 0.000032 0.000117 0.012842 0.986960 0.000048
3 3 0.001562 0.001339 0.024209 0.972207 0.000683
3 3 0.000072 0.000254 0.019445 0.979559 0.000670
3 3 0.000823 0.000162 0.003555 0.995133 0.000327
3 3 0.000013 0.000040 0.005779 0.994107 0.000061
3 3 0.000061 0.000121 0.009982 0.989503 0.000333
3 3 0.000224 0.001213 0.099899 0.898164 0.000501
3 3 0.000099 0.000417 0.092215 0.907123 0.000145
3 3 0.000001 0.000003 0.002953 0.997037 0.000007
3 3 0.000004 0.000013 0.003229 0.996748 0.000006
3 3 0.000000 0.000002 0.004058 0.995940 0.000000
3 3 0.000000 0.000001 0.010819 0.989179 0.000000
3 3 0.000552 0.000829 0.049947 0.948049 0.000623
3 3 0.000027 0.000042 0.003623 0.996243 0.000064
3 3 0.000000 0.000000 0.004527 0.995472 0.000000
3 3 0.000086 0.000098 0.004721 0.994891 0.000204
3 3 0.000926 0.000212 0.006079 0.992537 0.000246
3 3 0.000025 0.000063 0.008076 0.991792 0.000043
3 3 0.000014 0.000084 0.016531 0.983313 0.000058
3 3 0.000000 0.000002 0.008779 0.991217 0.000001
3 3 0.008794 0.004312 0.120707 0.862106 0.004081
3 3 0.000018 0.000008 0.000846 0.999102 0.000026
3 3 0.002478 0.000598 0.025596 0.970314 0.001014
3 3 0.000001 0.000019 0.041368 0.958608 0.000004
3 3 0.000071 0.000039 0.002355 0.997370 0.000165
3 3 0.003366 0.001232 0.018297 0.972670 0.004436
3 3 0.000077 0.000070 0.006234 0.993590 0.000029
3 3 0.000000 0.000001 0.009378 0.990622 0.000000
3 3 0.000616 0.001422 0.060673 0.936210 0.001079
3 3 0.000001 0.000004 0.002636 0.997356 0.000003
3 3 0.000000 0.000002 0.004151 0.995846 0.000000
3 3 0.000053 0.000032 0.002038 0.997770 0.000107
3 3 0.005535 0.000855 0.015709 0.976758 0.001144
3 3 0.000002 0.000005 0.001502 0.998487 0.000004
3 3 0.000651 0.000496 0.013669 0.983591 0.001593
3 3 0.003983 0.004871 0.486387 0.502600 0.002160
3 3 0.000002 0.000005 0.002784 0.997208 0.000001
3 3 0.000498 0.001635 0.106374 0.889728 0.001764
3 3 0.000015 0.000047 0.008709 0.991204 0.000025
3 3 0.000001 0.000001 0.000609 0.999387 0.000002
3 3 0.000768 0.000164 0.002906 0.995497 0.000665
3 3 0.000001 0.000041 0.076729 0.923219 0.000010
3 3 0.122361 0.016545 0.322352 0.532202 0.006540
2 3 0.074515 0.064668 0.688573 0.165888 0.006356
2 3 0.007428 0.071813 0.444294 0.375930 0.100536
3 3 0.013135 0.037827 0.437291 0.452404 0.059343
2 3 0.003048 0.032504 0.712062 0.171547 0.080839
2 1 0.121302 0.282320 0.417921 0.025136 0.153321
2 1 0.013378 0.301736 0.451092 0.009972 0.223821
1 1 0.077253 0.466942 0.157941 0.000728 0.297136
1 1 0.055553 0.468330 0.215798 0.000287 0.260032
1 1 0.092547 0.502374 0.153452 0.000057 0.251569
1 1 0.181598 0.515950 0.108357 0.000011 0.194084
1 1 0.056693 0.506630 0.214810 0.000084 0.221783
1 1 0.279820 0.337956 0.232717 0.006629 0.142877
1 1 0.123688 0.497245 0.311222 0.000179 0.067664
0 1 0.514758 0.312145 0.126086 0.000013 0.046999
1 1 0.280470 0.489485 0.101885 0.000016 0.128143
4 1 0.191998 0.267432 0.192368 0.001554 0.346647
0 1 0.725087 0.129249 0.071269 0.002993 0.071402
0 0 0.737386 0.097481 0.050407 0.000630 0.114096
1 0 0.196975 0.549981 0.203245 0.000083 0.049716
0 0 0.647099 0.181658 0.029893 0.000051 0.141299
0 0 0.841749 0.069033 0.030545 0.000558 0.058115
0 0 0.755493 0.161790 0.055542 0.000660 0.026515
1 0 0.408275 0.420518 0.131634 0.000149 0.039424
0 0 0.648279 0.247173 0.053063 0.000252 0.051233
0 0 0.454662 0.440937 0.069083 0.000018 0.035300
0 0 0.615171 0.279540 0.091353 0.000061 0.013874
0 0 0.488580 0.409815 0.075648 0.000057 0.025900
0 0 0.520367 0.385064 0.049196 0.000006 0.045367
1 0 0.303796 0.490763 0.188978 0.000127 0.016335
1 0 0.058607 0.516496 0.279163 0.000065 0.145669
0 0 0.735031 0.206197 0.036535 0.000043 0.022195
0 0 0.648597 0.273959 0.049865 0.000063 0.027516
1 0 0.443596 0.453447 0.083317 0.000022 0.019619
1 0 0.367295 0.460718 0.084168 0.000124 0.087695
1 0 0.195787 0.484648 0.147633 0.000588 0.171344
0 0 0.518764 0.370521 0.075436 0.000041 0.035237
1 0 0.157561 0.558235 0.152191 0.000040 0.131973
0 0 0.498884 0.410714 0.059598 0.000019 0.030785
0 0 0.431059 0.401137 0.138458 0.000298 0.029047
0 0 0.587806 0.266463 0.047553 0.000434 0.097745
1 0 0.370191 0.427179 0.111835 0.000630 0.090164
0 0 0.474021 0.398331 0.056211 0.000069 0.071368
1 0 0.313693 0.509116 0.100408 0.000115 0.076670
1 0 0.080591 0.526281 0.338012 0.000194 0.054922
1 0 0.319984 0.368938 0.072880 0.000064 0.238134
1 0 0.382285 0.444622 0.064123 0.000050 0.108919
1 0 0.315706 0.335543 0.080562 0.000086 0.268104
1 0 0.200289 0.418811 0.071765 0.000222 0.308913
1 0 0.203964 0.370670 0.302674 0.000656 0.122036
1 0 0.300198 0.472386 0.155059 0.000064 0.072293
0 0 0.556518 0.300695 0.069172 0.000789 0.072827
1 0 0.142535 0.461064 0.163690 0.000518 0.232194
0 0 0.696642 0.134754 0.030754 0.000384 0.137466
0 0 0.483273 0.338527 0.090887 0.000424 0.086889
1 0 0.375103 0.444105 0.063118 0.000038 0.117636
1 0 0.323113 0.504672 0.111541 0.000164 0.060510
2 0 0.050790 0.336043 0.549659 0.000346 0.063162
1 0 0.210762 0.445281 0.236212 0.003426 0.104320
2 0 0.069762 0.292196 0.612364 0.002602 0.023077
4 0 0.211368 0.169049 0.103646 0.000744 0.515193
0 0 0.552496 0.255183 0.102540 0.000695 0.089086
0 0 0.970243 0.022386 0.004741 0.000007 0.002624
0 0 0.414519 0.284729 0.042297 0.000013 0.258442
4 0 0.247362 0.302493 0.043095 0.000025 0.407025
1 0 0.323708 0.491950 0.089183 0.000123 0.095036
1 0 0.119026 0.508267 0.339621 0.001897 0.031190
1 1 0.024354 0.381780 0.329548 0.000290 0.264029
2 1 0.020736 0.431291 0.466678 0.000189 0.081104
1 1 0.059810 0.438915 0.153695 0.000245 0.347336
4 1 0.081240 0.321597 0.072692 0.000036 0.524434
4 1 0.034466 0.256903 0.069787 0.000050 0.638795
2 1 0.007962 0.254978 0.367068 0.017738 0.352254
1 1 0.181520 0.513183 0.127941 0.001155 0.176201
4 1 0.058784 0.329058 0.077465 0.000010 0.534683
2 1 0.011896 0.281525 0.454953 0.000480 0.251147
4 1 0.016298 0.284030 0.224430 0.000103 0.475138
2 1 0.002762 0.181383 0.651421 0.001701 0.162734
4 1 0.031473 0.389189 0.182786 0.000746 0.395806
4 1 0.036243 0.308980 0.093796 0.000025 0.560956
1 1 0.061591 0.466137 0.256753 0.000440 0.215079
4 1 0.007462 0.232798 0.328414 0.002524 0.428802
4 1 0.025708 0.287217 0.103132 0.000064 0.583880
4 1 0.003666 0.196096 0.162857 0.000092 0.637289
2 4 0.143876 0.233414 0.349114 0.004879 0.268716
1 4 0.095128 0.514373 0.164168 0.000108 0.226223
4 4 0.018784 0.022971 0.024490 0.000480 0.933274
4 4 0.074761 0.175706 0.115010 0.000295 0.634229
1 4 0.052036 0.412519 0.139161 0.000062 0.396221
2 4 0.008494 0.333767 0.386163 0.000062 0.271513
1 4 0.049489 0.460546 0.194682 0.000332 0.294951
4 4 0.026085 0.218581 0.063042 0.000021 0.692272
4 4 0.010986 0.145470 0.261614 0.000547 0.581383
4 4 0.014793 0.070935 0.198117 0.006816 0.709339
4 4 0.237262 0.093088 0.015196 0.000003 0.654452
4 4 0.099889 0.097110 0.019630 0.000014 0.783357
4 4 0.040697 0.048838 0.046852 0.001517 0.862096
4 4 0.269597 0.070577 0.023453 0.000046 0.636327
4 4 0.026955 0.323725 0.136346 0.000550 0.512424
4 4 0.099525 0.251126 0.046227 0.000173 0.602950
4 4 0.055264 0.294489 0.067311 0.000028 0.582907
4 0 0.046150 0.251803 0.056649 0.000046 0.645352
4 0 0.010603 0.237480 0.129853 0.000405 0.621660
4 0 0.224409 0.306697 0.035568 0.000049 0.433277
1 0 0.195291 0.486937 0.260212 0.000080 0.057480
2 0 0.049176 0.268017 0.639753 0.003029 0.040026
0 0 0.754434 0.141875 0.059847 0.000102 0.043742
2 0 0.322949 0.242897 0.391008 0.001644 0.041502
2 0 0.017593 0.243484 0.443747 0.000494 0.294682
2 0 0.027032 0.317883 0.602782 0.000436 0.051866
1 0 0.149519 0.508278 0.240275 0.000066 0.101863
2 0 0.070179 0.407114 0.450214 0.000959 0.071534
2 0 0.199576 0.170483 0.415715 0.000683 0.213543
0 0 0.691935 0.196027 0.033559 0.000127 0.078352
0 0 0.378785 0.375239 0.043051 0.000080 0.202845
1 0 0.069125 0.451230 0.315317 0.000384 0.163944
1 0 0.045333 0.437536 0.384359 0.000393 0.132380
1 0 0.168742 0.317707 0.306066 0.007403 0.200082
0 0 0.385296 0.207046 0.234901 0.009984 0.162773
2 0 0.064826 0.223223 0.562903 0.008035 0.141014
4 0 0.156766 0.269203 0.034155 0.000014 0.539863
4 0 0.144882 0.287900 0.078070 0.000048 0.489100
4 0 0.047147 0.253282 0.052161 0.000004 0.647406
4 0 0.249569 0.183801 0.231941 0.010270 0.324419
4 0 0.309136 0.140458 0.025164 0.000009 0.525232
4 0 0.180868 0.186138 0.036151 0.000021 0.596823
4 0 0.150078 0.389404 0.060414 0.000002 0.400101
2 1 0.013383 0.323809 0.451670 0.000535 0.210604
4 1 0.093724 0.388523 0.081820 0.000008 0.435925
4 1 0.134802 0.283578 0.060695 0.000161 0.520763
1 1 0.171720 0.454486 0.131882 0.000145 0.241768
4 1 0.016340 0.370128 0.229338 0.000089 0.384105
1 1 0.047808 0.409354 0.157085 0.000682 0.385070
4 1 0.059106 0.257122 0.057221 0.000012 0.626539
1 1 0.034425 0.405266 0.186495 0.000549 0.373265
4 1 0.024985 0.379795 0.201285 0.000841 0.393095
2 1 0.000421 0.065339 0.909627 0.001400 0.023213
2 1 0.013740 0.333499 0.429525 0.004649 0.218588
2 1 0.004810 0.188234 0.776368 0.001294 0.029294
2 2 0.009058 0.261788 0.652407 0.001883 0.074863
2 2 0.000193 0.031444 0.962668 0.000880 0.004814
2 2 0.001720 0.131667 0.809225 0.001825 0.055563
2 2 0.003291 0.119176 0.841072 0.004447 0.032014
1 2 0.093780 0.432946 0.396867 0.000084 0.076323
0 2 0.377469 0.372230 0.194183 0.000067 0.056051
0 2 0.518455 0.351788 0.078667 0.000055 0.051035
4 2 0.003775 0.254040 0.269592 0.000123 0.472470
1 2 0.108625 0.426801 0.404901 0.000625 0.059048
4 2 0.028425 0.250731 0.264893 0.005703 0.450248
2 2 0.016457 0.369569 0.539956 0.000018 0.074000
2 2 0.026091 0.189875 0.707878 0.007941 0.068215
1 2 0.170868 0.564570 0.175005 0.000148 0.089410
2 2 0.023558 0.334175 0.460293 0.001921 0.180053
2 2 0.022460 0.179367 0.458415 0.004115 0.335643
2 2 0.017518 0.184019 0.514339 0.001352 0.282773
4 2 0.016168 0.260987 0.163966 0.000018 0.558861
1 2 0.394356 0.412148 0.074576 0.000071 0.118849
1 2 0.302413 0.494744 0.091699 0.000162 0.110983
2 2 0.033108 0.302589 0.633361 0.002006 0.028936
2 2 0.000430 0.019116 0.907860 0.068370 0.004223
2 2 0.001325 0.060830 0.924862 0.001290 0.011693
2 2 0.001427 0.059214 0.933052 0.003175 0.003132
2 2 0.004903 0.063263 0.849773 0.057782 0.024280
2 2 0.040258 0.240897 0.627251 0.005967 0.085628
1 2 0.102396 0.431586 0.398143 0.000122 0.067753
2 2 0.000962 0.047856 0.945143 0.002205 0.003835
2 2 0.003587 0.176289 0.724369 0.000287 0.095468
2 2 0.012521 0.084432 0.896218 0.003523 0.003306
2 2 0.034609 0.099009 0.824169 0.002685 0.039529
1 2 0.029474 0.380423 0.301621 0.001192 0.287290
2 2 0.006518 0.102729 0.830844 0.005516 0.054393
2 2 0.007431 0.130055 0.522709 0.039920 0.299885
2 2 0.009578 0.088947 0.756128 0.066244 0.079103
2 2 0.006563 0.022202 0.854747 0.090477 0.026011
1 2 0.264215 0.365960 0.139642 0.000810 0.229374
2 2 0.000618 0.014776 0.572656 0.411228 0.000722
2 2 0.016967 0.191910 0.774060 0.004918 0.012146
2 2 0.000007 0.001944 0.974406 0.023582 0.000061
2 2 0.039873 0.158763 0.728410 0.027306 0.045647
2 2 0.025190 0.325617 0.610034 0.009748 0.029411
2 2 0.008014 0.050430 0.890863 0.025695 0.024998
2 2 0.001740 0.032539 0.960989 0.003289 0.001444
2 2 0.021751 0.052136 0.687828 0.228792 0.009493
2 2 0.005298 0.030634 0.812639 0.149210 0.002219
2 2 0.004580 0.110261 0.823712 0.045052 0.016396
2 2 0.011426 0.026775 0.691759 0.251689 0.018351
2 2 0.000063 0.004598 0.992609 0.001991 0.000739
2 3 0.179412 0.096757 0.603920 0.101577 0.018335
2 3 0.004898 0.048946 0.853601 0.090817 0.001739
2 3 0.017259 0.179218 0.764648 0.005490 0.033385
2 3 0.004382 0.035779 0.924449 0.033020 0.002370
1 3 0.148446 0.394613 0.343907 0.022890 0.090144
2 3 0.104385 0.189326 0.588147 0.017660 0.100481
2 2 0.157537 0.196534 0.529431 0.028159 0.088339
1 2 0.095704 0.466425 0.296410 0.000043 0.141419
2 2 0.015549 0.057153 0.766617 0.018926 0.141755
2 2 0.000400 0.019106 0.569781 0.406988 0.003725
2 2 0.043059 0.339232 0.340537 0.001856 0.275316
2 2 0.001187 0.064740 0.926746 0.001071 0.006256
2 2 0.003912 0.097346 0.806745 0.023736 0.068261
2 2 0.007293 0.120081 0.747208 0.008755 0.116663
2 2 0.015897 0.089466 0.871236 0.001648 0.021752
2 2 0.001658 0.018950 0.903266 0.073875 0.002251
2 2 0.040099 0.191261 0.707198 0.000610 0.060831
2 2 0.000984 0.030085 0.911360 0.055205 0.002365
2 2 0.001263 0.060737 0.930451 0.004157 0.003392
2 2 0.009137 0.189271 0.773660 0.014912 0.013020
2 2 0.008663 0.032836 0.921547 0.030706 0.006247
2 2 0.009482 0.021356 0.669220 0.288926 0.011016
2 2 0.010356 0.082906 0.804293 0.080741 0.021705
2 2 0.129078 0.215629 0.637676 0.008550 0.009067
2 2 0.019252 0.250845 0.439746 0.009903 0.280254
2 2 0.008396 0.223523 0.681472 0.001361 0.085248
2 2 0.010937 0.231600 0.661677 0.003672 0.092114
1 2 0.136762 0.446796 0.123304 0.000234 0.292906
2 2 0.000854 0.020299 0.629855 0.324468 0.024524
2 2 0.000552 0.064956 0.857392 0.047680 0.029421
2 2 0.044673 0.211290 0.590182 0.001509 0.152346
2 2 0.006822 0.095884 0.872222 0.007532 0.017540
2 2 0.009536 0.077929 0.877530 0.012437 0.022568
1 2 0.117764 0.531548 0.210926 0.000920 0.138842
1 2 0.124858 0.484682 0.242902 0.000043 0.147514
2 2 0.008653 0.309002 0.391074 0.004030 0.287241
4 2 0.025114 0.298728 0.176740 0.012985 0.486434
2 2 0.001664 0.056568 0.912784 0.015413 0.013571
2 2 0.005167 0.188740 0.767694 0.006838 0.031561
2 2 0.176649 0.288455 0.345051 0.020920 0.168924
2 2 0.000714 0.049254 0.900461 0.001192 0.048378
2 2 0.002828 0.055808 0.896769 0.038572 0.006023
2 2 0.226675 0.280219 0.290514 0.003917 0.198675
0 2 0.434660 0.173495 0.355833 0.000270 0.035742
4 2 0.027948 0.236599 0.254111 0.000425 0.480917
2 2 0.002073 0.170952 0.723434 0.007305 0.096236
2 2 0.003401 0.129383 0.767554 0.079445 0.020218
2 2 0.001474 0.052683 0.843150 0.048754 0.053938
2 2 0.000319 0.033854 0.820887 0.123505 0.021435
2 2 0.000062 0.011912 0.913400 0.073809 0.000816
2 2 0.001227 0.025364 0.856395 0.089669 0.027345
2 2 0.002081 0.015407 0.951840 0.030453 0.000219
2 2 0.000821 0.025643 0.868619 0.098839 0.006079
2 2 0.033599 0.383694 0.493796 0.000097 0.088814
0 2 0.457499 0.331402 0.185391 0.000561 0.025148
4 2 0.045994 0.376174 0.139375 0.000519 0.437938
2 2 0.003132 0.165711 0.683033 0.000650 0.147473
2 2 0.003041 0.106024 0.876231 0.003620 0.011085
1 2 0.069433 0.504350 0.288717 0.002275 0.135224
2 2 0.007268 0.273173 0.480185 0.002043 0.237330
1 2 0.100548 0.472931 0.255553 0.000979 0.169989
2 2 0.052985 0.409946 0.500605 0.002626 0.033838
1 2 0.139258 0.518183 0.128530 0.000026 0.214004
1 2 0.041571 0.450744 0.210919 0.000562 0.296204
1 1 0.113591 0.552212 0.191485 0.000364 0.142348
2 1 0.008127 0.277986 0.513920 0.016489 0.183478
2 1 0.006397 0.168267 0.732808 0.072640 0.019888
1 1 0.055878 0.494599 0.232755 0.002085 0.214684
2 2 0.000583 0.036918 0.939571 0.021238 0.001690
1 2 0.121918 0.564471 0.207179 0.000710 0.105722
1 2 0.138916 0.533270 0.153381 0.000319 0.174114
2 2 0.000146 0.030798 0.944869 0.016987 0.007199
2 2 0.028277 0.181491 0.723811 0.047266 0.019156
1 2 0.309625 0.508909 0.143425 0.000186 0.037856
1 2 0.066121 0.387775 0.381213 0.001238 0.163652
1 2 0.102483 0.523048 0.298647 0.001770 0.074053
2 2 0.100897 0.305202 0.572421 0.004728 0.016752
2 0 0.155918 0.311375 0.436509 0.000444 0.095754
1 0 0.250259 0.503486 0.091033 0.000014 0.155208
0 0 0.914461 0.046008 0.013965 0.000296 0.025271
0 0 0.673036 0.204887 0.067964 0.000754 0.053360
0 0 0.927468 0.030534 0.008438 0.000023 0.033537
0 0 0.569676 0.070632 0.050326 0.000128 0.309238
0 0 0.883474 0.051527 0.017779 0.000134 0.047086
0 0 0.768357 0.174930 0.045190 0.000011 0.011511
0 0 0.834149 0.116329 0.021819 0.000092 0.027612
0 0 0.964406 0.016076 0.006108 0.000064 0.013345
0 0 0.936747 0.033424 0.007584 0.000027 0.022218
4 0 0.155749 0.299750 0.165688 0.001919 0.376894
1 0 0.210939 0.530814 0.124237 0.000215 0.133794
2 0 0.030375 0.375419 0.479791 0.001546 0.112868
4 0 0.125701 0.323005 0.066270 0.000397 0.484627
0 0 0.474280 0.254076 0.029553 0.000115 0.241976
0 0 0.459197 0.303802 0.105725 0.000017 0.131258
0 0 0.500865 0.258061 0.131111 0.002336 0.107628
0 0 0.335519 0.211706 0.126415 0.000914 0.325445
1 0 0.319483 0.443969 0.069287 0.000130 0.167130
0 0 0.301675 0.161671 0.260622 0.004423 0.271609
0 0 0.944513 0.036498 0.007872 0.000012 0.011105
0 0 0.706772 0.063891 0.021310 0.000065 0.207961
0 0 0.735822 0.095271 0.025716 0.000148 0.143042
4 0 0.032127 0.299136 0.182443 0.000039 0.486255
0 0 0.781511 0.119470 0.022681 0.000085 0.076253
4 0 0.139611 0.252651 0.092290 0.000135 0.515313
4 0 0.087169 0.391151 0.120088 0.000039 0.401552
1 0 0.066226 0.435017 0.160987 0.006849 0.330921
1 0 0.107295 0.452131 0.193319 0.000840 0.246415
4 0 0.134928 0.262224 0.053707 0.000148 0.548992
4 0 0.124311 0.333082 0.051055 0.000005 0.491547
0 0 0.422019 0.399853 0.059782 0.000010 0.118336
1 0 0.249226 0.380035 0.229228 0.002827 0.138684
1 0 0.182664 0.379860 0.199989 0.000333 0.237154
4 0 0.346291 0.165423 0.021638 0.000142 0.466506
4 0 0.066251 0.389476 0.107583 0.000066 0.436623
4 0 0.037549 0.198323 0.065082 0.000077 0.698969
4 0 0.229537 0.223379 0.122165 0.003362 0.421556
1 0 0.242692 0.347160 0.076270 0.000011 0.333868
0 0 0.547070 0.214002 0.043178 0.000394 0.195356
1 0 0.291291 0.403280 0.100052 0.001090 0.204287
0 0 0.685661 0.153568 0.023890 0.000154 0.136727
1 0 0.107568 0.555767 0.216854 0.000120 0.119691
2 0 0.135032 0.269954 0.478551 0.013671 0.102792
4 0 0.018844 0.266726 0.194804 0.000015 0.519611
4 0 0.101717 0.204386 0.054363 0.000035 0.639499
1 0 0.334851 0.360742 0.151612 0.001083 0.151712
4 0 0.084125 0.230016 0.077472 0.000054 0.608332
4 0 0.067602 0.321490 0.075883 0.000205 0.534819
4 0 0.177272 0.371211 0.052724 0.000007 0.398786
4 0 0.018319 0.245440 0.099566 0.000384 0.636291
0 0 0.288731 0.253796 0.256292 0.006580 0.194600
0 0 0.635068 0.119345 0.023819 0.000082 0.221687
1 0 0.185216 0.539904 0.173136 0.000700 0.101044
1 0 0.171122 0.462565 0.114324 0.000245 0.251744
0 0 0.465451 0.087202 0.034002 0.000357 0.412988
4 0 0.313725 0.189861 0.071526 0.000853 0.424036
4 0 0.348689 0.127850 0.034064 0.000865 0.488531
0 0 0.752208 0.058429 0.028251 0.000502 0.160609
0 0 0.683884 0.197734 0.093728 0.000223 0.024431
0 0 0.930879 0.045429 0.013385 0.000100 0.010208
0 0 0.815920 0.115230 0.036848 0.000446 0.031555
0 0 0.853604 0.104559 0.017993 0.000051 0.023794
1 0 0.364004 0.421346 0.051717 0.000006 0.162926
1 0 0.227759 0.377771 0.085525 0.000123 0.308821
1 0 0.224443 0.545383 0.123812 0.000035 0.106327
2 0 0.051201 0.239252 0.362995 0.000490 0.346062
1 0 0.172124 0.529370 0.136483 0.000376 0.161648
4 0 0.015150 0.237093 0.099487 0.000095 0.648176
1 1 0.082129 0.496750 0.164302 0.000113 0.256705
2 1 0.051197 0.230577 0.695571 0.014431 0.008223
1 1 0.071190 0.516768 0.197208 0.000099 0.214735
1 1 0.040220 0.420186 0.186066 0.000821 0.352706
1 1 0.060337 0.554995 0.322394 0.000205 0.062068
4 1 0.070245 0.395078 0.113546 0.000351 0.420779
1 1 0.159318 0.380287 0.106313 0.000541 0.353541
1 1 0.222503 0.553763 0.138597 0.000106 0.085031
4 1 0.069372 0.327854 0.077748 0.000213 0.524812
1 1 0.050996 0.525156 0.310224 0.002060 0.111563
1 1 0.029679 0.483669 0.358783 0.002027 0.125843
1 1 0.034174 0.488461 0.314525 0.001204 0.161635
2 2 0.006692 0.180680 0.779169 0.005474 0.027984
2 2 0.014318 0.306671 0.411370 0.004189 0.263452
1 2 0.052589 0.400317 0.149034 0.000430 0.397630
2 2 0.008329 0.207994 0.741430 0.015541 0.026706
2 2 0.003831 0.171130 0.799336 0.000456 0.025247
2 2 0.028012 0.309203 0.635240 0.000226 0.027318
2 2 0.000166 0.014156 0.908091 0.077327 0.000259
2 2 0.009335 0.090580 0.898112 0.001031 0.000942
2 2 0.009765 0.109203 0.799039 0.076281 0.005711
2 2 0.016911 0.310417 0.521440 0.000297 0.150935
2 2 0.041455 0.205267 0.724358 0.016410 0.012510
2 2 0.001588 0.028689 0.968781 0.000675 0.000267
2 2 0.020438 0.339710 0.567688 0.023195 0.048969
2 2 0.002853 0.045321 0.948306 0.001519 0.002001
2 2 0.007209 0.099302 0.857900 0.005986 0.029602
2 2 0.002465 0.107627 0.783943 0.023203 0.082761
1 2 0.075605 0.474233 0.221505 0.000078 0.228578
2 2 0.004094 0.104190 0.879222 0.000831 0.011663
2 2 0.032343 0.145339 0.816745 0.002429 0.003143
2 2 0.024585 0.151692 0.805261 0.004291 0.014171
2 2 0.022130 0.286359 0.412653 0.010459 0.268399
2 2 0.019136 0.085005 0.732388 0.089053 0.074418
2 2 0.001074 0.019015 0.967776 0.009177 0.002959
1 0 0.190604 0.434918 0.369155 0.000128 0.005195
2 0 0.007504 0.208031 0.761833 0.002497 0.020135
2 0 0.047037 0.196566 0.744705 0.002242 0.009450
2 0 0.000852 0.008227 0.969493 0.021345 0.000083
2 2 0.002592 0.073603 0.891383 0.024203 0.008219
2 2 0.005110 0.025271 0.930268 0.037722 0.001629
2 2 0.002397 0.043334 0.930111 0.023746 0.000412
3 3 0.006401 0.008971 0.283599 0.699056 0.001973
2 3 0.042885 0.106502 0.698476 0.138773 0.013364
2 3 0.052120 0.040796 0.746797 0.156468 0.003820
2 3 0.005232 0.015167 0.741347 0.237860 0.000394
2 3 0.005222 0.027325 0.710018 0.256539 0.000895
2 3 0.000272 0.004908 0.690359 0.304098 0.000362
3 3 0.000106 0.001155 0.319174 0.679533 0.000031
3 3 0.003511 0.008859 0.392126 0.592512 0.002992
2 3 0.001657 0.008998 0.791468 0.197360 0.000518
3 3 0.000007 0.000113 0.090911 0.908958 0.000012
3 3 0.001792 0.004474 0.280197 0.713299 0.000237
3 3 0.025538 0.048840 0.301831 0.608678 0.015112
2 3 0.002935 0.026351 0.628390 0.339727 0.002598
3 3 0.000036 0.001122 0.297760 0.700986 0.000096
2 3 0.000352 0.003067 0.512322 0.484033 0.000227
3 3 0.004366 0.004618 0.034775 0.947981 0.008259
3 3 0.000001 0.000012 0.005791 0.994188 0.000008
3 3 0.001131 0.008037 0.445395 0.543561 0.001877
3 3 0.000411 0.001335 0.062285 0.935693 0.000276
3 3 0.000004 0.000017 0.008572 0.991404 0.000003
3 3 0.000161 0.000444 0.039309 0.959860 0.000226
3 3 0.000126 0.000224 0.016525 0.983052 0.000073
3 3 0.000004 0.000031 0.008597 0.991347 0.000021
3 3 0.000396 0.001756 0.170808 0.826813 0.000227
3 3 0.000001 0.000048 0.098748 0.901197 0.000006
3 3 0.000007 0.000054 0.023578 0.976355 0.000006
3 3 0.000353 0.000759 0.059075 0.939672 0.000141
3 3 0.000360 0.000764 0.065628 0.932938 0.000311
3 3 0.001956 0.001527 0.019741 0.970782 0.005994
3 3 0.000040 0.000087 0.005621 0.994157 0.000094
3 3 0.000000 0.000007 0.007871 0.992118 0.000003
3 3 0.000049 0.000218 0.028494 0.971189 0.000051
3 3 0.008112 0.004855 0.077111 0.906409 0.003513
3 3 0.089255 0.006438 0.031541 0.865718 0.007048
3 3 0.000018 0.000146 0.019656 0.980030 0.000150
3 3 0.000001 0.000002 0.000948 0.999047 0.000002
3 3 0.000001 0.000006 0.015776 0.984217 0.000000
3 3 0.000016 0.000026 0.002863 0.997058 0.000036
3 3 0.000127 0.000477 0.027311 0.971643 0.000442
3 3 0.001609 0.000685 0.021489 0.975658 0.000558
3 3 0.000126 0.000255 0.023379 0.974764 0.001475
3 3 0.000075 0.000162 0.015345 0.984265 0.000153
3 3 0.000147 0.000643 0.024882 0.973619 0.000708
3 3 0.000019 0.000336 0.208949 0.790629 0.000067
3 3 0.000037 0.000089 0.039742 0.960081 0.000051
3 3 0.000004 0.000026 0.013271 0.986682 0.000017
3 3 0.000010 0.000052 0.017188 0.982731 0.000019
3 3 0.001092 0.001629 0.028448 0.967167 0.001665
3 3 0.000024 0.000041 0.007822 0.992082 0.000030
3 3 0.000000 0.000004 0.008728 0.991267 0.000001
3 3 0.000002 0.000040 0.044936 0.955013 0.000009
3 3 0.000385 0.000413 0.009639 0.989068 0.000495
3 3 0.000015 0.000050 0.006713 0.993173 0.000048
3 3 0.000028 0.000048 0.003860 0.996003 0.000061
3 3 0.000031 0.000139 0.017380 0.982103 0.000347
3 3 0.000006 0.000032 0.017334 0.982624 0.000003
3 3 0.000475 0.000585 0.021403 0.977034 0.000504
3 3 0.001986 0.001687 0.065830 0.928121 0.002376
3 3 0.000075 0.000291 0.046645 0.952929 0.000061
3 3 0.000905 0.001402 0.124597 0.872984 0.000112
3 3 0.001124 0.001309 0.021817 0.973817 0.001933
3 3 0.000014 0.000417 0.200329 0.799167 0.000073
3 3 0.000124 0.000271 0.060461 0.938951 0.000193
3 3 0.000344 0.000499 0.082611 0.916400 0.000147
3 3 0.086953 0.048928 0.406708 0.443926 0.013485
2 3 0.082425 0.093490 0.674133 0.084125 0.065826
2 2 0.023910 0.073060 0.895258 0.004907 0.002865
2 2 0.002024 0.046633 0.934582 0.014919 0.001841
2 2 0.007121 0.033586 0.785026 0.124918 0.049348
2 2 0.014523 0.237799 0.424887 0.001189 0.321602
2 2 0.000628 0.016902 0.837375 0.094140 0.050955
3 2 0.000419 0.005668 0.205494 0.783928 0.004492
1 2 0.127920 0.524136 0.212105 0.000057 0.135781
2 2 0.002197 0.072873 0.767338 0.036216 0.121377
2 2 0.000786 0.029374 0.785041 0.166252 0.018546
2 2 0.001151 0.116576 0.717430 0.055943 0.108900
2 2 0.000620 0.051310 0.933779 0.003539 0.010752
4 2 0.028899 0.353696 0.220669 0.000173 0.396563
1 2 0.036335 0.383757 0.248910 0.000379 0.330619
4 2 0.016436 0.282152 0.122866 0.000012 0.578533
4 1 0.032563 0.108221 0.047033 0.000777 0.811407
4 1 0.017584 0.118582 0.071077 0.000294 0.792464
4 1 0.205836 0.286193 0.094592 0.000190 0.413188
2 1 0.003585 0.198577 0.431935 0.011588 0.354315
2 1 0.018571 0.355374 0.410891 0.013418 0.201745
4 1 0.019380 0.127387 0.129757 0.008932 0.714544
1 0 0.178670 0.549404 0.144268 0.000132 0.127525
4 0 0.036485 0.033710 0.011649 0.000012 0.918144
4 0 0.009240 0.043486 0.035129 0.000310 0.911834
4 0 0.007143 0.043426 0.026238 0.000067 0.923125
4 0 0.120283 0.151071 0.053157 0.000019 0.675469
4 0 0.029555 0.024767 0.014957 0.000277 0.930444
4 0 0.024521 0.271946 0.134716 0.002561 0.566256
4 0 0.093643 0.025912 0.012658 0.000027 0.867760
4 0 0.053271 0.057412 0.023389 0.000027 0.865901
0 0 0.590286 0.173949 0.026340 0.000051 0.209374
4 0 0.221231 0.344989 0.081340 0.000002 0.352438
1 0 0.067926 0.443172 0.303278 0.002575 0.183049
4 0 0.109116 0.029882 0.024770 0.000353 0.835880
4 0 0.113276 0.110343 0.026241 0.000098 0.750041
4 0 0.008861 0.156496 0.061386 0.000035 0.773223
4 2 0.030721 0.285920 0.090952 0.000045 0.592361
4 4 0.029141 0.045871 0.030328 0.000883 0.893777
4 4 0.024912 0.012549 0.010292 0.000277 0.951970
4 4 0.053477 0.010455 0.003934 0.000004 0.932131
4 4 0.013267 0.130464 0.049811 0.000011 0.806447
4 4 0.016400 0.024253 0.018260 0.000036 0.941052
4 4 0.052842 0.023985 0.015537 0.000062 0.907573
4 4 0.270624 0.048112 0.024291 0.000372 0.656601
4 4 0.023890 0.338780 0.207038 0.000279 0.430013
4 4 0.118578 0.206932 0.049943 0.000136 0.624411
4 4 0.016722 0.287120 0.140317 0.000281 0.555560
4 4 0.008900 0.179182 0.078421 0.000035 0.733462
4 4 0.013455 0.058417 0.031426 0.000035 0.896667
4 4 0.051747 0.107298 0.035089 0.000077 0.805789
4 4 0.009073 0.192740 0.094602 0.000234 0.703350
4 4 0.009816 0.255773 0.146486 0.000058 0.587866
4 4 0.007330 0.247018 0.181836 0.001133 0.562683
4 4 0.048034 0.214018 0.095094 0.002421 0.640433
0 4 0.821534 0.093994 0.032128 0.000644 0.051700
1 4 0.069207 0.445311 0.127701 0.000007 0.357775
4 1 0.008696 0.178123 0.090261 0.000203 0.722717
4 1 0.028523 0.358907 0.160143 0.000056 0.452370
4 1 0.024088 0.128404 0.037395 0.000035 0.810078
1 1 0.250290 0.410825 0.112427 0.000141 0.226318
4 1 0.101874 0.236883 0.049836 0.000485 0.610921
4 1 0.037920 0.279177 0.078481 0.000082 0.604340
2 0 0.012844 0.247323 0.708192 0.001635 0.030006
2 0 0.159657 0.136458 0.645850 0.006464 0.051571
1 0 0.041935 0.404962 0.170379 0.001327 0.381397
4 0 0.068690 0.242170 0.038655 0.000004 0.650482
1 0 0.029028 0.440713 0.281264 0.006096 0.242898
4 0 0.022635 0.314132 0.139791 0.000306 0.523138
2 0 0.015690 0.243205 0.614928 0.000846 0.125331
4 0 0.046939 0.267048 0.060119 0.000014 0.625880
1 0 0.084233 0.471534 0.319389 0.000705 0.124139
2 0 0.143175 0.203796 0.618204 0.019844 0.014982
4 0 0.032513 0.259559 0.147811 0.000272 0.559844
0 0 0.608559 0.318796 0.036600 0.000011 0.036034
1 0 0.305144 0.488795 0.090671 0.000316 0.115074
0 0 0.687735 0.199676 0.041138 0.000100 0.071350
0 0 0.792212 0.063638 0.030789 0.040128 0.073234
0 0 0.792229 0.063638 0.030785 0.040109 0.073240
0 0 0.792229 0.063638 0.030785 0.040109 0.073240
0 0 0.792229 0.063638 0.030785 0.040109 0.073240
0 0 0.635613 0.172352 0.054159 0.010018 0.127858
1 1 0.089960 0.412398 0.105338 0.000189 0.392116
2 1 0.001605 0.116060 0.808410 0.000309 0.073616
4 1 0.102133 0.270025 0.048020 0.000070 0.579751
4 1 0.053707 0.338693 0.088324 0.000020 0.519256
4 1 0.006681 0.172079 0.086924 0.000044 0.734272
4 1 0.051421 0.361582 0.112641 0.000257 0.474099
4 1 0.024036 0.341578 0.177109 0.004241 0.453036
4 1 0.005286 0.203120 0.188173 0.001319 0.602102
1 1 0.076967 0.467941 0.224045 0.000424 0.230622
1 1 0.170113 0.482200 0.103697 0.000075 0.243915
1 1 0.087719 0.460260 0.145412 0.001382 0.305228
1 1 0.266206 0.409320 0.084750 0.000105 0.239619
4 1 0.019871 0.291102 0.147594 0.000062 0.541372
4 1 0.014890 0.302806 0.165053 0.000197 0.517053
4 1 0.057306 0.396945 0.120115 0.000046 0.425588
2 1 0.006961 0.320335 0.484948 0.002712 0.185044
1 1 0.220132 0.407444 0.273866 0.000533 0.098025
1 1 0.075171 0.466008 0.151436 0.000174 0.307211
4 1 0.027721 0.294211 0.104575 0.000091 0.573403
2 1 0.007791 0.260518 0.555321 0.041993 0.134377
2 1 0.003870 0.196274 0.712541 0.019565 0.067749
2 1 0.015209 0.356578 0.447526 0.018986 0.161701
2 2 0.002449 0.080552 0.753798 0.044209 0.118992
2 2 0.008737 0.300327 0.639102 0.001883 0.049951
2 2 0.027490 0.181531 0.632414 0.000993 0.157571
2 2 0.007045 0.269691 0.417223 0.006345 0.299696
1 2 0.075370 0.540687 0.274892 0.000017 0.109034
2 2 0.000540 0.038514 0.929773 0.000139 0.031034
2 2 0.002062 0.124865 0.840759 0.001668 0.030646
2 2 0.001681 0.081610 0.905574 0.007717 0.003419
2 2 0.004065 0.145038 0.800417 0.000755 0.049724
2 2 0.001663 0.081636 0.899206 0.003316 0.014180
2 2 0.060056 0.342856 0.398316 0.005379 0.193393
2 2 0.022505 0.420720 0.471179 0.000192 0.085404
2 2 0.011474 0.121412 0.860685 0.000221 0.006208
2 2 0.018247 0.167547 0.809319 0.001127 0.003762
2 2 0.015694 0.329927 0.602596 0.002169 0.049613
2 2 0.026949 0.101797 0.828847 0.001415 0.040993
0 2 0.584682 0.262149 0.077902 0.000030 0.075237
2 2 0.002042 0.071680 0.918194 0.000653 0.007431
2 2 0.000543 0.021890 0.973648 0.003592 0.000326
2 2 0.010309 0.256968 0.684827 0.001389 0.046507
2 2 0.005803 0.196268 0.774286 0.001606 0.022037
2 2 0.017967 0.221784 0.720577 0.033055 0.006616
2 2 0.005279 0.097230 0.886512 0.008806 0.002172
2 2 0.000232 0.019147 0.930744 0.049459 0.000417
2 2 0.011482 0.158582 0.775224 0.002138 0.052574
2 2 0.040174 0.118939 0.837028 0.001499 0.002359
1 2 0.182467 0.410141 0.133551 0.000012 0.273830
4 2 0.057482 0.250005 0.257194 0.001328 0.433991
2 2 0.005005 0.134981 0.828608 0.022069 0.009336
2 2 0.006736 0.157700 0.620448 0.058737 0.156380
2 2 0.000065 0.007953 0.966272 0.024945 0.000765
2 2 0.000009 0.010509 0.971511 0.009889 0.008082
2 2 0.000608 0.041236 0.930183 0.016048 0.011926
2 2 0.000923 0.094585 0.807179 0.000034 0.097279
2 2 0.000847 0.040964 0.926812 0.005326 0.026051
2 2 0.000009 0.007809 0.986691 0.001335 0.004157
2 2 0.002343 0.071729 0.672647 0.028718 0.224563
1 2 0.034422 0.386185 0.208816 0.000013 0.370564
2 2 0.000021 0.009575 0.986630 0.002007 0.001767
2 2 0.048868 0.290524 0.343300 0.000343 0.316965
2 2 0.039681 0.297557 0.451625 0.013355 0.197782
2 2 0.000933 0.110597 0.583885 0.001861 0.302725
2 2 0.002296 0.122320 0.759741 0.080383 0.035260
2 2 0.012165 0.250932 0.648980 0.019814 0.068109
2 2 0.001283 0.106001 0.844572 0.001239 0.046905
2 2 0.001198 0.066309 0.925362 0.003640 0.003491
2 2 0.001150 0.108908 0.817795 0.005930 0.066217
2 2 0.006755 0.291026 0.478213 0.000112 0.223894
2 2 0.031563 0.098308 0.685149 0.117612 0.067368
1 2 0.048717 0.461493 0.395095 0.000517 0.094179
0 1 0.650934 0.240821 0.084016 0.000281 0.023947
1 1 0.171809 0.416825 0.073026 0.000020 0.338320
1 1 0.118051 0.554713 0.233662 0.002006 0.091569
2 1 0.002039 0.137395 0.827697 0.002492 0.030378
2 1 0.006076 0.221141 0.712258 0.016470 0.044056
2 2 0.002359 0.049909 0.921379 0.017899 0.008453
2 2 0.000194 0.044106 0.897175 0.025039 0.033486
2 2 0.010344 0.209180 0.757583 0.005748 0.017144
2 2 0.001279 0.051817 0.937228 0.001798 0.007879
2 2 0.000820 0.058044 0.923933 0.014070 0.003133
2 2 0.005889 0.148477 0.807632 0.003071 0.034931
1 2 0.185093 0.561927 0.150241 0.000070 0.102670
4 2 0.020948 0.270544 0.308950 0.001242 0.398316
4 2 0.013297 0.332616 0.294534 0.005966 0.353587
1 2 0.031057 0.476097 0.292614 0.000357 0.199876
1 2 0.262293 0.371116 0.049395 0.000024 0.317173
4 1 0.027590 0.363212 0.161274 0.000138 0.447786
1 0 0.153932 0.330567 0.290546 0.003603 0.221352
2 0 0.053512 0.418507 0.458817 0.005508 0.063656
1 0 0.245940 0.505099 0.173777 0.000227 0.074956
1 0 0.284813 0.395244 0.176072 0.000810 0.143061
1 0 0.302173 0.475521 0.110213 0.000976 0.111116
1 1 0.092556 0.547216 0.242413 0.004926 0.112889
2 1 0.004595 0.106261 0.868695 0.018009 0.002440
4 1 0.065132 0.316521 0.169012 0.000232 0.449103
1 1 0.030364 0.423578 0.262048 0.020573 0.263437
4 1 0.009503 0.290206 0.205313 0.000398 0.494579
2 1 0.008910 0.325837 0.384114 0.006624 0.274516
4 1 0.024574 0.344349 0.174156 0.003241 0.453680
4 1 0.014996 0.354810 0.230063 0.000255 0.399877
2 1 0.003141 0.248910 0.496573 0.002154 0.249222
1 1 0.027052 0.390993 0.265779 0.004201 0.311975
4 1 0.039043 0.180916 0.054338 0.000046 0.725657
4 1 0.016906 0.323661 0.162993 0.000030 0.496410
4 1 0.032361 0.364046 0.156123 0.000725 0.446746
4 1 0.063238 0.357415 0.096906 0.000208 0.482234
4 1 0.027875 0.390729 0.189979 0.000219 0.391198
2 1 0.011041 0.181609 0.506985 0.004012 0.296353
4 1 0.015674 0.146459 0.051107 0.000012 0.786747
4 1 0.009681 0.145267 0.054473 0.000021 0.790558
4 4 0.024202 0.022710 0.122801 0.017823 0.812464
2 4 0.000355 0.027582 0.945163 0.023616 0.003284
2 4 0.024995 0.103468 0.519288 0.056817 0.295433
4 4 0.048213 0.280165 0.080974 0.000062 0.590585
4 4 0.017462 0.074500 0.035658 0.000214 0.872167
4 4 0.153224 0.185093 0.065445 0.000042 0.596196
4 4 0.030888 0.057995 0.033160 0.000173 0.877784
4 4 0.046042 0.021941 0.015749 0.000036 0.916232
4 4 0.012126 0.086906 0.172503 0.000635 0.727831
4 4 0.022080 0.150955 0.358530 0.000416 0.468020
4 4 0.064743 0.147830 0.130306 0.001230 0.655892
4 4 0.009677 0.006527 0.028863 0.001089 0.953843
4 4 0.030749 0.054500 0.035216 0.001125 0.878411
4 4 0.034252 0.085251 0.220711 0.000803 0.658983
4 4 0.092708 0.058388 0.026628 0.000035 0.822241
4 4 0.005893 0.158586 0.083460 0.000123 0.751937
4 4 0.113298 0.117342 0.096761 0.002160 0.670439
4 4 0.088027 0.110672 0.083431 0.000491 0.717380
4 4 0.029333 0.111184 0.138497 0.000748 0.720238
4 4 0.035421 0.196351 0.110302 0.000666 0.657259
4 4 0.015224 0.282240 0.139029 0.000112 0.563395
4 4 0.114792 0.108609 0.057728 0.001610 0.717260
4 4 0.010864 0.013338 0.011514 0.000101 0.964183
4 4 0.080734 0.137789 0.089231 0.002209 0.690037
4 4 0.042010 0.021173 0.099523 0.001530 0.835764
4 4 0.045486 0.016422 0.009946 0.000014 0.928131
4 4 0.197807 0.191188 0.104697 0.000068 0.506240
2 4 0.030857 0.370928 0.526910 0.027757 0.043548
4 4 0.068094 0.214918 0.088448 0.000026 0.628513
4 4 0.051017 0.034567 0.025447 0.000071 0.888897
4 4 0.014124 0.012229 0.011022 0.000159 0.962466
4 4 0.089625 0.036700 0.012832 0.000081 0.860762
4 4 0.005427 0.174781 0.103358 0.000083 0.716350
4 4 0.050717 0.088907 0.074293 0.000121 0.785962
4 4 0.029946 0.128379 0.329206 0.007632 0.504836
2 4 0.000864 0.098659 0.767583 0.054430 0.078464
4 4 0.016457 0.197634 0.091537 0.000122 0.694251
4 4 0.027027 0.022789 0.012716 0.000017 0.937452
4 4 0.022670 0.280133 0.166591 0.000106 0.530500
4 4 0.038464 0.073950 0.023947 0.000121 0.863519
4 4 0.016715 0.250488 0.114264 0.001392 0.617141
1 4 0.259564 0.411117 0.151656 0.000485 0.177179
4 4 0.053969 0.229489 0.086475 0.000250 0.629817
1 4 0.017651 0.393490 0.387780 0.009717 0.191362
1 4 0.024420 0.458145 0.299420 0.000137 0.217879
4 4 0.006447 0.267372 0.320142 0.012407 0.393632
2 4 0.104065 0.330689 0.383788 0.000797 0.180659
4 4 0.023452 0.355556 0.183370 0.001008 0.436615
4 1 0.041434 0.362899 0.132970 0.000621 0.462075
4 1 0.032532 0.328078 0.123368 0.000371 0.515652
4 1 0.019005 0.288521 0.128336 0.000152 0.563987
4 1 0.021557 0.353291 0.219980 0.030547 0.374624
1 1 0.057769 0.470721 0.199165 0.000785 0.271560
0 1 0.442660 0.154229 0.343633 0.007327 0.052151
4 1 0.107953 0.387337 0.089394 0.000241 0.415074
4 2 0.100589 0.369413 0.084530 0.000044 0.445423
1 2 0.021061 0.372587 0.246873 0.000586 0.358893
1 2 0.011643 0.358933 0.310155 0.000357 0.318913
4 2 0.052232 0.236107 0.090532 0.001700 0.619429
4 2 0.008056 0.253934 0.195519 0.000242 0.542249
1 2 0.167539 0.488667 0.154830 0.000436 0.188528
1 2 0.045603 0.433347 0.185511 0.000967 0.334573
2 2 0.012993 0.289599 0.553756 0.007076 0.136576
4 2 0.039414 0.354072 0.121498 0.000084 0.484933
2 2 0.002698 0.201641 0.541645 0.014648 0.239367
4 2 0.020900 0.322490 0.176126 0.010400 0.470084
4 2 0.082997 0.193276 0.045673 0.000209 0.677845
2 2 0.005973 0.237362 0.649821 0.022071 0.084773
2 2 0.002897 0.184801 0.646004 0.001851 0.164447
2 2 0.030287 0.273696 0.428644 0.000500 0.266872
2 2 0.012224 0.300389 0.602053 0.002934 0.082399
2 1 0.094775 0.193341 0.633085 0.010631 0.068168
1 1 0.297922 0.438982 0.207832 0.001204 0.054059
4 1 0.246179 0.228552 0.228192 0.013353 0.283723
1 1 0.074631 0.449046 0.174685 0.000786 0.300852
2 1 0.010166 0.212351 0.719200 0.017453 0.040830
2 1 0.026475 0.369544 0.451374 0.005084 0.147522
