0 0 0.824896 0.083078 0.067599 0.000461 0.023966
0 0 0.667811 0.098238 0.057528 0.000391 0.176032
0 0 0.426431 0.326634 0.209650 0.006470 0.030814
1 1 0.058302 0.406252 0.152586 0.000577 0.382282
1 1 0.156672 0.370924 0.128923 0.005061 0.338420
1 1 0.035334 0.455966 0.305306 0.002809 0.200584
2 1 0.017464 0.375969 0.488936 0.004963 0.112669
2 1 0.047874 0.244996 0.657722 0.010435 0.038972
0 4 0.391247 0.331488 0.099176 0.000696 0.177392
1 4 0.034931 0.435215 0.245695 0.001810 0.282349
1 4 0.044505 0.415033 0.187834 0.000345 0.352283
1 4 0.039760 0.401254 0.302692 0.022249 0.234045
1 4 0.310798 0.386269 0.246231 0.006977 0.049725
4 4 0.100158 0.267934 0.067217 0.000620 0.564071
1 4 0.100476 0.420691 0.283420 0.003998 0.191416
1 1 0.183644 0.441343 0.150975 0.001923 0.222115
4 1 0.054632 0.386764 0.161769 0.000136 0.396699
4 1 0.085967 0.344699 0.093226 0.002531 0.473578
4 1 0.030307 0.254638 0.135870 0.000874 0.578312
1 1 0.193543 0.451149 0.075092 0.000730 0.279486
4 1 0.019334 0.203303 0.143303 0.000362 0.633697
1 1 0.097272 0.409914 0.119290 0.000108 0.373415
1 1 0.133355 0.523802 0.215006 0.000831 0.127006
1 1 0.234073 0.467356 0.094504 0.000649 0.203418
1 1 0.048439 0.560749 0.246457 0.006564 0.137791
1 1 0.052205 0.492314 0.406852 0.007753 0.040876
1 1 0.024536 0.454863 0.348070 0.016904 0.155626
1 1 0.140992 0.575907 0.144642 0.003412 0.135047
1 2 0.152676 0.489318 0.092780 0.000727 0.264500
1 2 0.079338 0.585111 0.263116 0.003753 0.068681
2 2 0.010905 0.388510 0.531713 0.008751 0.060121
2 2 0.008170 0.283166 0.532642 0.001263 0.174759
1 2 0.027776 0.465656 0.341799 0.001741 0.163028
1 2 0.079268 0.396162 0.375591 0.027949 0.121030
1 2 0.155909 0.318241 0.231023 0.086888 0.207939
1 2 0.111633 0.471516 0.114902 0.009670 0.292279
1 2 0.088268 0.498040 0.327307 0.024041 0.062344
1 1 0.070590 0.414745 0.136529 0.003072 0.375065
2 1 0.039330 0.285709 0.441576 0.022587 0.210798
2 1 0.036617 0.288395 0.321287 0.109177 0.244525
1 1 0.133928 0.573862 0.160573 0.000831 0.130805
2 1 0.085653 0.342249 0.427626 0.002874 0.141599
2 1 0.020648 0.287896 0.581324 0.015253 0.094879
2 2 0.028388 0.344815 0.561343 0.035826 0.029628
1 2 0.059041 0.473983 0.423116 0.003979 0.039881
1 2 0.029143 0.524192 0.295795 0.003660 0.147210
1 2 0.049269 0.519502 0.197928 0.001257 0.232045
1 2 0.031739 0.564588 0.351449 0.001455 0.050770
2 2 0.005539 0.263235 0.676290 0.007765 0.047172
1 2 0.053826 0.428601 0.402613 0.019916 0.095044
2 2 0.016506 0.270646 0.672754 0.008874 0.031220
2 2 0.011627 0.356707 0.614183 0.004320 0.013162
2 2 0.008599 0.175519 0.722937 0.033464 0.059480
2 2 0.007568 0.315518 0.531536 0.011339 0.134040
2 3 0.003076 0.133064 0.752210 0.089042 0.022608
2 3 0.008518 0.194472 0.449452 0.187475 0.160084
2 3 0.001780 0.070734 0.876988 0.046908 0.003590
2 3 0.012151 0.172275 0.452521 0.271184 0.091869
2 3 0.005588 0.228013 0.738882 0.013116 0.014401
2 3 0.008372 0.191944 0.787153 0.003751 0.008780
2 3 0.013844 0.168229 0.769555 0.040858 0.007514
2 3 0.006155 0.207243 0.688314 0.068957 0.029330
3 3 0.009849 0.062384 0.318351 0.598005 0.011411
2 3 0.008400 0.137339 0.420400 0.273776 0.160086
3 3 0.002534 0.031569 0.225515 0.732867 0.007514
2 3 0.002259 0.052243 0.645074 0.294645 0.005778
3 3 0.002517 0.019495 0.285817 0.690530 0.001641
3 3 0.000385 0.012692 0.148101 0.832143 0.006678
3 3 0.001323 0.011471 0.266540 0.712366 0.008300
3 3 0.002576 0.008383 0.056981 0.928318 0.003742
4 3 0.013189 0.206021 0.214807 0.280422 0.285561
3 3 0.000878 0.003624 0.063572 0.930869 0.001058
3 3 0.000211 0.000882 0.018421 0.980184 0.000302
3 3 0.000194 0.001914 0.040397 0.956660 0.000835
3 3 0.002827 0.004788 0.034514 0.954805 0.003066
3 3 0.006108 0.005906 0.050517 0.935412 0.002058
3 3 0.005577 0.001663 0.012435 0.979707 0.000618
3 3 0.000619 0.002884 0.031066 0.963905 0.001526
3 3 0.000727 0.011932 0.099268 0.880441 0.007632
3 3 0.013553 0.051351 0.227332 0.636052 0.071713
3 3 0.003674 0.019479 0.094351 0.864838 0.017659
2 3 0.008188 0.060458 0.871837 0.041152 0.018365
2 3 0.001920 0.030133 0.683980 0.281896 0.002072
2 3 0.014612 0.154515 0.582291 0.078035 0.170546
3 3 0.007626 0.048135 0.310015 0.583559 0.050664
2 3 0.001144 0.053429 0.648710 0.261546 0.035172
3 3 0.000749 0.015005 0.157800 0.816119 0.010327
4 3 0.014781 0.179618 0.252401 0.198294 0.354906
2 3 0.003474 0.042795 0.550528 0.400360 0.002843
3 3 0.002205 0.006465 0.040537 0.946740 0.004053
3 3 0.000323 0.001111 0.022116 0.975944 0.000505
3 3 0.001431 0.002013 0.033581 0.961299 0.001676
3 3 0.002143 0.013088 0.070652 0.904967 0.009150
3 3 0.002178 0.007024 0.228580 0.761680 0.000538
3 3 0.003728 0.002734 0.035497 0.957428 0.000612
3 3 0.001157 0.006808 0.102627 0.886910 0.002498
3 3 0.000480 0.001852 0.035637 0.961247 0.000785
3 3 0.001118 0.001065 0.016986 0.980485 0.000347
3 3 0.001306 0.006225 0.071428 0.919113 0.001929
3 3 0.002563 0.003947 0.054408 0.936092 0.002990
3 3 0.003341 0.002303 0.025699 0.968097 0.000560
3 3 0.000894 0.005727 0.054046 0.935418 0.003914
3 3 0.000902 0.000274 0.006968 0.991819 0.000037
3 3 0.001299 0.000855 0.009460 0.987997 0.000389
3 3 0.016379 0.009945 0.032657 0.933499 0.007520
3 3 0.000002 0.000003 0.000714 0.999280 0.000000
3 3 0.000332 0.000863 0.014271 0.984161 0.000373
3 3 0.001570 0.002427 0.020621 0.974085 0.001297
3 3 0.000207 0.000171 0.011468 0.988136 0.000018
3 3 0.000943 0.001328 0.016813 0.980348 0.000568
3 3 0.000704 0.002145 0.025548 0.970675 0.000929
3 3 0.006266 0.011055 0.077005 0.903112 0.002562
3 3 0.001407 0.001206 0.012180 0.984628 0.000579
3 3 0.001883 0.001439 0.013150 0.982844 0.000685
3 3 0.000686 0.000365 0.005762 0.993045 0.000143
3 3 0.001206 0.002100 0.021313 0.974321 0.001060
3 3 0.000410 0.000444 0.007858 0.991114 0.000175
3 3 0.000050 0.000022 0.001280 0.998643 0.000005
3 3 0.000598 0.000954 0.012991 0.985029 0.000428
3 3 0.000809 0.000241 0.005623 0.993214 0.000113
3 3 0.000206 0.003057 0.073097 0.922322 0.001318
3 3 0.022251 0.002735 0.022509 0.952182 0.000323
3 3 0.000714 0.000982 0.012621 0.985238 0.000445
3 3 0.003016 0.001823 0.013530 0.980673 0.000958
3 3 0.000629 0.000297 0.005017 0.993943 0.000113
3 3 0.002042 0.000930 0.009602 0.987049 0.000377
3 3 0.002884 0.003661 0.033770 0.958652 0.001032
3 3 0.003369 0.007653 0.100023 0.887667 0.001288
2 3 0.066028 0.136435 0.525615 0.266611 0.005311
2 2 0.079041 0.401343 0.406608 0.021714 0.091294
1 2 0.200751 0.559171 0.116495 0.001590 0.121993
4 2 0.038397 0.162109 0.173990 0.048145 0.577360
2 2 0.005298 0.178673 0.642155 0.124495 0.049379
1 2 0.047310 0.393212 0.156039 0.037607 0.365832
2 2 0.007438 0.328514 0.547053 0.001650 0.115345
2 2 0.014157 0.372011 0.505736 0.009700 0.098397
2 2 0.004981 0.266907 0.626532 0.006225 0.095356
2 2 0.096747 0.400374 0.458711 0.013160 0.031009
2 2 0.073981 0.186756 0.613757 0.033012 0.092494
1 2 0.029793 0.477046 0.417009 0.002161 0.073990
1 2 0.053549 0.458086 0.201451 0.014296 0.272619
0 2 0.757479 0.165648 0.062063 0.002350 0.012460
0 1 0.870280 0.055690 0.021821 0.000745 0.051464
0 1 0.546346 0.261424 0.059334 0.000730 0.132166
2 1 0.011635 0.441843 0.479447 0.000349 0.066725
1 1 0.062562 0.507877 0.185861 0.000141 0.243559
1 1 0.071577 0.495027 0.159995 0.000471 0.272930
1 1 0.062615 0.466537 0.181754 0.000059 0.289035
1 1 0.149187 0.643424 0.121527 0.000009 0.085852
1 1 0.040992 0.567560 0.295691 0.000093 0.095663
1 1 0.142070 0.522641 0.104177 0.000499 0.230613
1 1 0.116982 0.626487 0.126563 0.000574 0.129395
1 1 0.045955 0.509527 0.227189 0.000079 0.217249
4 1 0.224311 0.250245 0.051449 0.000791 0.473204
4 1 0.014450 0.286706 0.262590 0.030963 0.405291
1 1 0.103576 0.461177 0.140883 0.000278 0.294086
1 1 0.196167 0.579947 0.087195 0.000614 0.136078
1 1 0.035577 0.370403 0.278691 0.000178 0.315151
2 1 0.014510 0.304542 0.369640 0.000431 0.310877
4 2 0.082581 0.379867 0.120235 0.000187 0.417131
1 2 0.067279 0.668617 0.176339 0.000575 0.087191
1 2 0.191586 0.368844 0.255805 0.000815 0.182950
1 2 0.190547 0.498106 0.195849 0.007090 0.108407
1 2 0.071291 0.483167 0.357111 0.005448 0.082982
1 2 0.146803 0.534082 0.194147 0.004044 0.120923
2 2 0.029114 0.373253 0.378236 0.068014 0.151383
1 2 0.243042 0.466846 0.114753 0.000176 0.175183
1 2 0.364543 0.457737 0.061640 0.000141 0.115938
0 4 0.662505 0.163097 0.038792 0.000342 0.135264
0 4 0.793971 0.111190 0.038077 0.001225 0.055536
0 4 0.587281 0.163641 0.051714 0.001979 0.195386
0 4 0.746459 0.127481 0.029342 0.000041 0.096677
1 4 0.194548 0.568779 0.108998 0.002274 0.125401
1 4 0.320414 0.321242 0.255268 0.050712 0.052364
0 4 0.750021 0.037569 0.009851 0.000049 0.202509
4 4 0.099299 0.391712 0.108192 0.000251 0.400547
1 4 0.027372 0.563548 0.350162 0.000199 0.058719
1 4 0.181256 0.572472 0.095597 0.000105 0.150570
4 4 0.081447 0.284063 0.083231 0.000576 0.550684
0 4 0.452507 0.251203 0.079629 0.000421 0.216241
1 4 0.298195 0.551787 0.058486 0.000047 0.091485
4 1 0.024079 0.343621 0.235720 0.000125 0.396456
4 1 0.024513 0.316378 0.323833 0.000099 0.335177
2 1 0.011351 0.332981 0.394960 0.003704 0.257004
4 1 0.009052 0.174699 0.184939 0.000651 0.630659
4 1 0.009061 0.275208 0.294342 0.001542 0.419846
4 1 0.026441 0.344961 0.202878 0.001225 0.424495
4 1 0.017718 0.275210 0.220144 0.000197 0.486730
4 1 0.036083 0.278567 0.138899 0.000493 0.545957
4 1 0.041459 0.329158 0.141108 0.002920 0.485354
1 1 0.086047 0.572390 0.160327 0.000185 0.181051
1 1 0.142007 0.538493 0.104975 0.000938 0.213587
2 1 0.020560 0.367609 0.439220 0.003120 0.169492
2 1 0.005764 0.357466 0.566800 0.001585 0.068385
1 1 0.380733 0.392041 0.068276 0.000441 0.158510
1 1 0.215695 0.552328 0.197598 0.000119 0.034260
1 1 0.238436 0.581709 0.078578 0.000293 0.100984
1 1 0.229811 0.499800 0.074121 0.000088 0.196180
1 1 0.060437 0.536851 0.179133 0.001217 0.222362
1 1 0.061398 0.644155 0.197907 0.000127 0.096413
1 1 0.032792 0.640784 0.258576 0.000217 0.067631
1 1 0.084852 0.585308 0.232089 0.001553 0.096199
1 1 0.105557 0.454253 0.114308 0.000641 0.325241
1 1 0.135222 0.598158 0.115071 0.000420 0.151128
4 1 0.008244 0.208408 0.356102 0.015422 0.411824
1 1 0.096349 0.574956 0.148021 0.000230 0.180445
1 1 0.079051 0.632287 0.157600 0.001576 0.129485
1 2 0.064857 0.522322 0.170470 0.001004 0.241346
1 2 0.080147 0.601969 0.219258 0.000090 0.098537
1 2 0.029707 0.423840 0.300285 0.001159 0.245009
2 2 0.002356 0.199232 0.766537 0.000771 0.031104
1 2 0.107297 0.509445 0.112270 0.005132 0.265856
1 2 0.079199 0.497143 0.163362 0.000070 0.260226
2 2 0.027310 0.444374 0.478617 0.002743 0.046956
2 2 0.010752 0.344285 0.501788 0.001827 0.141348
1 2 0.119583 0.601508 0.201595 0.002136 0.075178
1 2 0.087778 0.467502 0.124526 0.002481 0.317714
1 2 0.175829 0.375319 0.088228 0.000330 0.360293
4 2 0.292448 0.183383 0.036977 0.000346 0.486846
2 2 0.044584 0.375196 0.518386 0.024087 0.037747
1 2 0.046785 0.664313 0.230283 0.000354 0.058266
1 2 0.057990 0.425814 0.273632 0.007787 0.234778
1 2 0.083561 0.587433 0.184720 0.000239 0.144047
1 2 0.074626 0.531460 0.346183 0.000246 0.047486
1 2 0.047520 0.609730 0.284886 0.001496 0.056368
1 2 0.129681 0.447053 0.367128 0.007526 0.048611
1 2 0.035872 0.513862 0.306621 0.012363 0.131281
4 1 0.329410 0.202277 0.059166 0.002900 0.406246
1 1 0.183628 0.632383 0.090923 0.000194 0.092872
1 1 0.108427 0.691060 0.127815 0.000533 0.072166
1 1 0.044045 0.452707 0.215111 0.005395 0.282742
1 1 0.022354 0.375090 0.264766 0.000139 0.337652
1 1 0.045981 0.521780 0.379706 0.002686 0.049845
2 2 0.024846 0.421099 0.469693 0.005212 0.079150
2 2 0.007229 0.051349 0.880736 0.057983 0.002704
2 2 0.002873 0.234052 0.658212 0.012363 0.092500
2 2 0.049254 0.385282 0.511636 0.004082 0.049746
2 1 0.097665 0.402828 0.473158 0.015404 0.010944
1 1 0.137720 0.647158 0.106611 0.001571 0.106940
1 1 0.014688 0.473785 0.442947 0.001191 0.067389
2 1 0.017281 0.355666 0.564375 0.013539 0.049138
1 1 0.063553 0.504529 0.321105 0.016405 0.094408
1 1 0.039593 0.610621 0.236830 0.000783 0.112173
2 1 0.015585 0.372141 0.374793 0.002150 0.235330
1 2 0.059390 0.640405 0.189327 0.000897 0.109981
2 2 0.007558 0.252044 0.713624 0.006710 0.020065
2 2 0.002427 0.134111 0.845407 0.003009 0.015046
2 2 0.125365 0.344711 0.449725 0.015664 0.064535
1 2 0.066484 0.547742 0.220825 0.001715 0.163234
1 2 0.028112 0.567885 0.358398 0.001400 0.044205
2 2 0.004153 0.202290 0.709116 0.035388 0.049053
2 2 0.001661 0.193025 0.764392 0.006094 0.034828
2 2 0.009594 0.397299 0.542850 0.000351 0.049906
2 2 0.000911 0.049132 0.924480 0.016099 0.009377
2 2 0.000483 0.043661 0.929615 0.024266 0.001975
2 2 0.002165 0.138178 0.855440 0.001178 0.003038
2 2 0.018047 0.182123 0.622736 0.018827 0.158267
2 2 0.000157 0.024480 0.929800 0.036490 0.009073
2 2 0.001001 0.038366 0.953157 0.004779 0.002698
2 2 0.015312 0.356819 0.582569 0.004679 0.040622
2 2 0.005982 0.243123 0.690957 0.004753 0.055185
2 2 0.010462 0.188422 0.681830 0.040361 0.078925
2 2 0.007595 0.055092 0.718195 0.216699 0.002420
2 2 0.011010 0.231035 0.745706 0.004402 0.007848
2 2 0.006460 0.109054 0.874687 0.008389 0.001410
2 2 0.000520 0.119267 0.869774 0.002137 0.008301
2 2 0.001299 0.063631 0.867366 0.029139 0.038566
2 2 0.000834 0.039135 0.911639 0.045352 0.003040
1 2 0.090212 0.474247 0.209048 0.004609 0.221884
2 2 0.008503 0.033738 0.940322 0.010328 0.007110
2 2 0.001053 0.047986 0.941712 0.005940 0.003308
2 2 0.001360 0.088283 0.838205 0.051580 0.020572
2 2 0.008212 0.159868 0.508295 0.239297 0.084328
2 2 0.005244 0.131835 0.666086 0.150081 0.046753
2 2 0.008071 0.262166 0.677653 0.016584 0.035526
2 2 0.017215 0.296374 0.641783 0.014032 0.030595
2 2 0.012832 0.249322 0.711491 0.012838 0.013517
1 2 0.083476 0.486034 0.344814 0.011037 0.074639
2 2 0.013012 0.330833 0.622718 0.016019 0.017419
2 2 0.009853 0.238635 0.714494 0.020677 0.016340
2 2 0.026951 0.406226 0.411477 0.022913 0.132432
2 2 0.006590 0.271985 0.668358 0.018467 0.034601
1 2 0.080545 0.592999 0.159263 0.000792 0.166401
0 2 0.618230 0.295476 0.061581 0.000481 0.024232
0 2 0.663529 0.177562 0.037253 0.000212 0.121444
1 2 0.229494 0.481837 0.151700 0.001087 0.135883
2 2 0.013837 0.386944 0.485885 0.014718 0.098616
1 1 0.201686 0.432879 0.313769 0.002781 0.048885
1 1 0.299370 0.340148 0.101195 0.000390 0.258897
1 1 0.094899 0.522047 0.345216 0.000724 0.037114
1 1 0.021477 0.383340 0.247758 0.001832 0.345593
1 1 0.071169 0.468380 0.283568 0.004479 0.172404
4 1 0.029454 0.367927 0.204021 0.001072 0.397525
1 1 0.021701 0.407680 0.366375 0.001243 0.203000
2 1 0.016024 0.379726 0.422610 0.004849 0.176790
1 1 0.138077 0.480495 0.105677 0.000158 0.275592
1 1 0.028013 0.508182 0.257814 0.002502 0.203490
1 1 0.068037 0.440617 0.149940 0.000514 0.340893
2 1 0.004367 0.211970 0.670047 0.042342 0.071274
1 1 0.030477 0.558533 0.261393 0.001251 0.148345
1 1 0.206379 0.610446 0.093999 0.000006 0.089169
0 1 0.655598 0.227621 0.089797 0.000547 0.026436
1 1 0.446832 0.464393 0.063052 0.000123 0.025599
4 1 0.149787 0.384450 0.076388 0.000587 0.388788
1 1 0.118702 0.465666 0.114444 0.000168 0.301019
4 1 0.045305 0.345170 0.162028 0.000135 0.447362
4 1 0.023750 0.324840 0.270542 0.000501 0.380367
2 1 0.004483 0.288176 0.574258 0.008503 0.124580
4 1 0.008198 0.244886 0.285904 0.001257 0.459756
1 1 0.030336 0.470223 0.271141 0.011095 0.217205
1 1 0.087262 0.453255 0.321394 0.002112 0.135977
4 1 0.017130 0.297557 0.273122 0.000859 0.411332
2 1 0.007332 0.360570 0.544754 0.004595 0.082749
1 1 0.038537 0.434295 0.187270 0.006004 0.333894
4 4 0.020927 0.327612 0.244379 0.002319 0.404762
1 4 0.024424 0.349453 0.287733 0.004624 0.333766
2 4 0.004138 0.331458 0.573285 0.001136 0.089983
4 4 0.057886 0.239801 0.198317 0.008097 0.495900
1 4 0.025403 0.339763 0.284681 0.035966 0.314186
2 4 0.009612 0.314248 0.608777 0.019976 0.047388
4 4 0.090220 0.250245 0.078246 0.001317 0.579972
4 4 0.011320 0.246705 0.306416 0.027089 0.408470
4 4 0.096295 0.215872 0.063241 0.000252 0.624340
4 4 0.078069 0.263643 0.252625 0.045952 0.359711
2 4 0.014713 0.402895 0.444728 0.002141 0.135524
1 4 0.019620 0.345209 0.295410 0.002634 0.337127
4 4 0.082139 0.203108 0.069043 0.004793 0.640917
4 4 0.009965 0.232019 0.320586 0.004371 0.433060
1 4 0.145539 0.442833 0.307473 0.028216 0.075939
1 1 0.103710 0.514725 0.140905 0.000064 0.240597
2 1 0.004031 0.270913 0.629181 0.005023 0.090853
1 2 0.026072 0.540819 0.351930 0.002413 0.078766
2 1 0.025367 0.398344 0.451697 0.001035 0.123557
1 1 0.210660 0.370461 0.196262 0.021261 0.201356
2 1 0.005178 0.293304 0.602083 0.005471 0.093964
4 1 0.012832 0.183368 0.320715 0.123964 0.359122
2 1 0.013659 0.295063 0.367376 0.003878 0.320024
2 1 0.008771 0.331917 0.535787 0.024105 0.099420
1 1 0.037289 0.474515 0.240237 0.014260 0.233698
1 1 0.081516 0.375555 0.325174 0.004028 0.213727
4 1 0.050103 0.313405 0.172760 0.004265 0.459467
4 1 0.010932 0.287174 0.274383 0.001908 0.425603
2 1 0.007518 0.307335 0.353687 0.004912 0.326548
1 1 0.015480 0.455221 0.429951 0.002951 0.096397
4 1 0.012449 0.315914 0.289430 0.000874 0.381334
1 1 0.023407 0.446683 0.314233 0.008749 0.206928
2 1 0.004611 0.238508 0.632855 0.003459 0.120566
2 1 0.002998 0.147528 0.789539 0.003976 0.055959
1 1 0.016045 0.479152 0.436287 0.000801 0.067715
1 1 0.025449 0.354599 0.265195 0.000739 0.354018
1 1 0.052983 0.413487 0.199254 0.000570 0.333707
2 1 0.002705 0.178412 0.590620 0.001009 0.227254
1 1 0.032777 0.451061 0.276764 0.025869 0.213529
1 1 0.095406 0.421943 0.106192 0.003103 0.373356
1 1 0.066892 0.554690 0.178272 0.006728 0.193417
2 1 0.003629 0.167602 0.757679 0.009910 0.061179
4 1 0.147777 0.247929 0.058110 0.002190 0.543995
1 2 0.037767 0.514728 0.286020 0.008837 0.152649
2 2 0.009120 0.336650 0.607573 0.003096 0.043560
1 2 0.091492 0.531125 0.138910 0.000953 0.237521
1 2 0.026522 0.371653 0.282804 0.007372 0.311649
2 2 0.006133 0.325933 0.600699 0.005409 0.061826
1 2 0.069304 0.306536 0.277735 0.067458 0.278967
1 2 0.013216 0.455857 0.417594 0.002050 0.111282
0 2 0.551208 0.257049 0.102428 0.000240 0.089075
1 2 0.059888 0.653166 0.203086 0.000812 0.083048
1 2 0.302789 0.457060 0.093379 0.001627 0.145145
1 2 0.046900 0.533995 0.284930 0.004866 0.129309
4 2 0.115057 0.225859 0.100439 0.000152 0.558493
1 2 0.161743 0.671710 0.123649 0.000041 0.042857
1 2 0.029835 0.536066 0.314406 0.003684 0.116010
1 2 0.116863 0.692708 0.120705 0.000517 0.069207
2 2 0.003340 0.243505 0.734044 0.006070 0.013041
1 2 0.023714 0.426220 0.366257 0.011637 0.172173
2 2 0.030424 0.360382 0.503972 0.042929 0.062294
2 2 0.014404 0.281209 0.585174 0.033427 0.085786
1 2 0.177911 0.454115 0.255683 0.000885 0.111407
2 2 0.012159 0.366086 0.443129 0.022060 0.156565
1 2 0.058795 0.430475 0.217157 0.000482 0.293091
2 2 0.128684 0.313308 0.542403 0.005825 0.009780
1 2 0.250300 0.330815 0.272601 0.042498 0.103787
1 2 0.025312 0.453117 0.367612 0.001274 0.152685
2 2 0.028258 0.324670 0.558054 0.023309 0.065709
0 2 0.719494 0.145510 0.131819 0.001588 0.001589
2 2 0.123447 0.246303 0.581437 0.044596 0.004217
1 2 0.084589 0.501899 0.360187 0.001397 0.051927
1 2 0.224053 0.360850 0.338305 0.039124 0.037669
1 2 0.220404 0.547764 0.155542 0.002232 0.074059
0 1 0.814884 0.136187 0.030646 0.000160 0.018124
0 1 0.840810 0.047987 0.031709 0.010762 0.068731
0 1 0.533894 0.294982 0.117092 0.018996 0.035035
2 1 0.011597 0.408467 0.485877 0.004981 0.089078
2 1 0.011784 0.370379 0.565338 0.000473 0.052026
2 1 0.007517 0.281411 0.591103 0.021841 0.098129
1 1 0.092771 0.754530 0.136570 0.000021 0.016108
1 1 0.070174 0.571832 0.181799 0.002146 0.174049
2 1 0.031223 0.252035 0.623177 0.004644 0.088921
2 2 0.004001 0.208598 0.767511 0.005577 0.014312
2 2 0.003456 0.172310 0.812527 0.004183 0.007524
2 2 0.001267 0.087012 0.877928 0.023226 0.010567
2 2 0.000493 0.045441 0.925374 0.020383 0.008310
2 2 0.001887 0.055356 0.934017 0.004658 0.004082
2 2 0.000664 0.062334 0.929204 0.001351 0.006446
2 2 0.007049 0.177454 0.804208 0.006709 0.004580
2 2 0.000253 0.025762 0.905064 0.067853 0.001069
2 2 0.000228 0.026644 0.934246 0.037678 0.001203
2 2 0.001852 0.217219 0.756491 0.002435 0.022002
2 2 0.007545 0.036453 0.612780 0.341477 0.001745
2 2 0.002278 0.049397 0.885653 0.048769 0.013903
2 2 0.000096 0.007664 0.845260 0.146670 0.000309
2 2 0.021687 0.214175 0.719513 0.036914 0.007711
2 2 0.001093 0.014095 0.574174 0.409729 0.000909
2 3 0.000660 0.027747 0.902828 0.068190 0.000575
2 3 0.000850 0.087712 0.894157 0.011332 0.005948
3 3 0.000314 0.003776 0.105678 0.889340 0.000892
2 3 0.000073 0.005089 0.905251 0.089484 0.000103
2 3 0.003334 0.058865 0.746216 0.187099 0.004486
2 3 0.002326 0.055330 0.694573 0.242972 0.004799
2 3 0.000037 0.004341 0.734762 0.260456 0.000404
2 3 0.287779 0.265808 0.347192 0.052625 0.046597
2 3 0.006526 0.092730 0.814028 0.081919 0.004797
1 3 0.133652 0.363752 0.324650 0.002134 0.175812
1 3 0.213618 0.454579 0.319995 0.004037 0.007771
2 3 0.037192 0.396346 0.545393 0.006335 0.014733
1 1 0.097378 0.444654 0.327012 0.012768 0.118187
1 1 0.106367 0.613637 0.243007 0.001606 0.035383
2 1 0.036140 0.415461 0.417845 0.042200 0.088354
2 1 0.007143 0.264309 0.441427 0.064372 0.222749
2 1 0.000790 0.082804 0.860642 0.042890 0.012875
2 2 0.001802 0.132473 0.808942 0.037947 0.018835
2 2 0.002048 0.083236 0.901994 0.001518 0.011204
2 2 0.000219 0.038512 0.948198 0.010985 0.002086
2 2 0.002779 0.225096 0.712395 0.014454 0.045277
2 2 0.001691 0.057872 0.568162 0.357325 0.014949
2 2 0.000570 0.043701 0.861743 0.087463 0.006524
2 2 0.000224 0.031938 0.798042 0.157040 0.012755
2 3 0.037446 0.082824 0.755115 0.115791 0.008824
2 3 0.002750 0.024081 0.560839 0.409930 0.002400
2 3 0.009292 0.031737 0.634521 0.316724 0.007725
3 3 0.001061 0.021422 0.486393 0.488044 0.003080
2 3 0.014818 0.081211 0.533261 0.363861 0.006850
2 3 0.005551 0.063515 0.910583 0.017662 0.002689
2 3 0.000110 0.018492 0.503306 0.468928 0.009164
2 3 0.015674 0.049032 0.618210 0.313196 0.003888
3 3 0.001994 0.029948 0.352968 0.609681 0.005409
3 3 0.000720 0.006414 0.264920 0.727396 0.000550
3 3 0.002790 0.005370 0.104129 0.886941 0.000770
3 3 0.005972 0.020428 0.189750 0.780828 0.003022
3 3 0.013156 0.038717 0.218710 0.694192 0.035225
3 3 0.000375 0.027008 0.331011 0.624802 0.016804
3 3 0.000495 0.004865 0.071187 0.920915 0.002539
2 3 0.000069 0.002542 0.916942 0.080391 0.000057
3 3 0.000143 0.004554 0.312959 0.681808 0.000535
2 3 0.000094 0.004756 0.528354 0.466403 0.000392
3 3 0.010785 0.014945 0.160289 0.811357 0.002623
3 3 0.000000 0.000028 0.116825 0.883147 0.000000
2 3 0.000020 0.003340 0.538429 0.457874 0.000338
3 3 0.000559 0.002552 0.100712 0.895554 0.000624
3 3 0.000040 0.000709 0.062318 0.936810 0.000123
3 3 0.000257 0.004828 0.136604 0.856148 0.002163
3 3 0.002334 0.025006 0.440932 0.528242 0.003486
3 3 0.000336 0.000900 0.030619 0.968024 0.000121
3 3 0.000243 0.001139 0.122054 0.876501 0.000063
3 3 0.000002 0.000108 0.107859 0.892029 0.000002
3 3 0.001067 0.006610 0.285867 0.705994 0.000462
3 3 0.000067 0.000120 0.011109 0.988686 0.000017
3 3 0.001368 0.000786 0.008706 0.988787 0.000354
3 3 0.001478 0.001434 0.013787 0.982593 0.000707
3 3 0.000967 0.003246 0.054483 0.939956 0.001349
3 3 0.000092 0.000116 0.010884 0.988898 0.000010
3 3 0.000003 0.000019 0.004496 0.995480 0.000003
3 3 0.000060 0.000640 0.047403 0.951718 0.000178
3 3 0.000939 0.000516 0.035103 0.963352 0.000091
3 3 0.000458 0.000396 0.006933 0.992059 0.000154
3 3 0.000000 0.000002 0.005555 0.994443 0.000000
3 3 0.000000 0.000001 0.000886 0.999113 0.000000
3 3 0.001064 0.000783 0.016811 0.981056 0.000287
3 3 0.000021 0.000036 0.002601 0.997333 0.000009
3 3 0.000001 0.000005 0.004268 0.995726 0.000000
3 3 0.000094 0.000078 0.003178 0.996628 0.000022
3 3 0.000650 0.000429 0.006678 0.992071 0.000172
3 3 0.000039 0.000115 0.008484 0.991345 0.000016
3 3 0.000001 0.000038 0.021724 0.978234 0.000003
3 3 0.000053 0.000069 0.009188 0.990683 0.000007
3 3 0.003530 0.000936 0.007562 0.987524 0.000449
3 3 0.000000 0.000002 0.013984 0.986014 0.000000
3 3 0.001095 0.000211 0.009945 0.988691 0.000059
3 3 0.000001 0.000012 0.005762 0.994223 0.000002
3 3 0.004567 0.001325 0.019242 0.974720 0.000147
3 3 0.000004 0.000017 0.007265 0.992712 0.000001
3 3 0.005705 0.005873 0.102866 0.885029 0.000528
3 3 0.000361 0.000112 0.002697 0.996794 0.000036
3 3 0.000217 0.000079 0.002352 0.997329 0.000024
3 3 0.000185 0.000104 0.003100 0.996578 0.000032
3 3 0.000010 0.000019 0.002180 0.997788 0.000003
3 3 0.000810 0.000149 0.003000 0.996001 0.000040
3 3 0.000163 0.000142 0.008433 0.991244 0.000018
3 3 0.000139 0.000119 0.005729 0.993979 0.000034
3 3 0.000004 0.000006 0.000926 0.999063 0.000001
3 3 0.000153 0.000022 0.001116 0.998706 0.000004
3 3 0.000087 0.000015 0.000792 0.999103 0.000003
3 3 0.000493 0.000105 0.002937 0.996445 0.000021
3 3 0.000639 0.000772 0.018576 0.979859 0.000154
3 3 0.000009 0.000006 0.000772 0.999211 0.000001
3 3 0.000012 0.000019 0.001745 0.998220 0.000004
3 3 0.000032 0.000022 0.002808 0.997136 0.000001
3 3 0.000003 0.000014 0.002002 0.997978 0.000003
3 3 0.000672 0.000194 0.003495 0.995570 0.000070
3 3 0.000563 0.000067 0.001565 0.997784 0.000020
3 3 0.000348 0.000567 0.093583 0.905489 0.000012
3 3 0.000000 0.000000 0.001136 0.998864 0.000000
3 3 0.000314 0.000416 0.025185 0.974064 0.000021
3 3 0.004216 0.002060 0.014524 0.978240 0.000960
3 3 0.000093 0.000153 0.005605 0.994102 0.000047
3 3 0.000036 0.000107 0.010037 0.989796 0.000025
3 3 0.001480 0.000441 0.006583 0.991263 0.000233
3 3 0.000341 0.000505 0.013150 0.985887 0.000117
3 3 0.001802 0.000140 0.002197 0.995813 0.000048
3 3 0.000166 0.000049 0.001751 0.998021 0.000014
3 3 0.000612 0.000694 0.009998 0.988398 0.000297
3 3 0.000128 0.000134 0.004810 0.994883 0.000045
3 3 0.001087 0.000547 0.006969 0.991166 0.000232
3 3 0.001476 0.001774 0.017720 0.978267 0.000763
3 3 0.000003 0.000013 0.003871 0.996111 0.000001
3 3 0.000113 0.000137 0.004466 0.995241 0.000043
3 3 0.000114 0.000141 0.004568 0.995132 0.000045
3 3 0.003211 0.000250 0.002692 0.993749 0.000099
3 3 0.000123 0.000012 0.000613 0.999250 0.000003
3 3 0.000129 0.000093 0.003145 0.996605 0.000028
3 3 0.000236 0.000081 0.002362 0.997296 0.000025
3 3 0.001776 0.002818 0.084290 0.910794 0.000322
3 3 0.000542 0.000099 0.002164 0.997163 0.000032
3 3 0.000066 0.000055 0.002730 0.997136 0.000013
3 3 0.000177 0.000052 0.002136 0.997621 0.000014
3 3 0.000562 0.000118 0.002458 0.996823 0.000039
3 3 0.002319 0.000819 0.007698 0.988786 0.000379
3 3 0.000043 0.000167 0.010630 0.989127 0.000032
3 3 0.000060 0.000078 0.004002 0.995839 0.000021
3 3 0.000406 0.000294 0.006049 0.993145 0.000107
3 3 0.001072 0.000184 0.002913 0.995764 0.000067
3 3 0.006207 0.002069 0.012085 0.978499 0.001140
3 3 0.024784 0.004174 0.026600 0.943169 0.001272
2 2 0.211427 0.190142 0.425734 0.163240 0.009458
2 2 0.011139 0.161848 0.684991 0.082446 0.059576
2 2 0.023466 0.272992 0.547219 0.107486 0.048836
1 2 0.017294 0.337463 0.319821 0.053052 0.272370
2 2 0.019212 0.343930 0.542802 0.028603 0.065452
1 2 0.044916 0.488621 0.247561 0.011679 0.207223
2 2 0.070782 0.348289 0.444805 0.086595 0.049530
2 2 0.043555 0.286387 0.467764 0.047436 0.154859
1 2 0.139183 0.495552 0.167334 0.001014 0.196916
1 2 0.038582 0.418260 0.178503 0.008076 0.356579
1 2 0.161623 0.413370 0.295979 0.039834 0.089194
1 4 0.125214 0.463909 0.235903 0.005360 0.169614
1 4 0.190627 0.497364 0.165349 0.006945 0.139716
1 4 0.139154 0.445281 0.335736 0.003638 0.076192
0 4 0.418391 0.377247 0.084252 0.001506 0.118605
1 4 0.192059 0.532460 0.225166 0.005176 0.045139
2 1 0.033462 0.406408 0.521680 0.010969 0.027481
1 1 0.083956 0.545046 0.170019 0.012630 0.188350
1 1 0.044720 0.482613 0.359937 0.014402 0.098327
1 1 0.025356 0.502798 0.395929 0.003262 0.072655
1 1 0.036082 0.597566 0.325361 0.001251 0.039741
1 1 0.158880 0.344657 0.304727 0.001998 0.189739
1 1 0.100972 0.604732 0.225969 0.005477 0.062850
1 1 0.030621 0.405073 0.208668 0.002853 0.352786
2 1 0.034424 0.383896 0.452825 0.024269 0.104586
2 1 0.119176 0.344297 0.378907 0.063700 0.093920
2 1 0.013037 0.440613 0.471396 0.003493 0.071461
1 1 0.115770 0.517534 0.114933 0.001289 0.250474
4 4 0.011891 0.189251 0.198261 0.006240 0.594357
4 4 0.032040 0.213767 0.119731 0.000629 0.633832
4 4 0.012169 0.263961 0.313625 0.001652 0.408593
4 4 0.096961 0.187983 0.091542 0.006653 0.616861
0 4 0.529770 0.277262 0.078961 0.002871 0.111136
1 4 0.091073 0.376075 0.235412 0.075784 0.221656
4 4 0.033455 0.348648 0.208336 0.009231 0.400330
4 4 0.205922 0.076189 0.024218 0.000767 0.692903
4 4 0.081175 0.153053 0.045256 0.005465 0.715051
4 4 0.039159 0.350302 0.170831 0.000423 0.439285
1 4 0.029101 0.447653 0.276885 0.002405 0.243955
2 4 0.004129 0.246122 0.563616 0.030028 0.156104
4 4 0.042849 0.212754 0.072337 0.032804 0.639256
4 4 0.032875 0.198711 0.102250 0.005970 0.660194
1 4 0.033314 0.500443 0.249316 0.005730 0.211196
4 4 0.063416 0.266939 0.093253 0.000369 0.576022
1 4 0.175136 0.393006 0.196878 0.021173 0.213807
1 4 0.058665 0.424409 0.153630 0.001120 0.362176
2 4 0.008014 0.306704 0.430099 0.022900 0.232283
4 4 0.075380 0.371533 0.129776 0.000080 0.423232
4 4 0.066249 0.322047 0.095824 0.009928 0.505952
1 4 0.045039 0.431336 0.238003 0.002378 0.283244
1 4 0.064477 0.449648 0.316854 0.030243 0.138779
1 4 0.135971 0.513476 0.301770 0.001056 0.047727
0 4 0.333189 0.283750 0.061583 0.000973 0.320505
4 4 0.098229 0.374349 0.138149 0.001032 0.388241
1 4 0.080061 0.578012 0.158014 0.005363 0.178550
1 4 0.152529 0.587623 0.125136 0.001662 0.133049
2 4 0.002363 0.207196 0.678682 0.011848 0.099910
1 4 0.024386 0.385052 0.292219 0.049067 0.249276
2 4 0.167487 0.356551 0.378639 0.026175 0.071149
2 4 0.019628 0.204561 0.615432 0.134237 0.026142
2 4 0.042530 0.362881 0.557152 0.001471 0.035966
1 4 0.089155 0.537148 0.294172 0.011083 0.068443
2 4 0.028216 0.425279 0.463745 0.026514 0.056246
1 4 0.114733 0.450297 0.399580 0.006390 0.029001
1 4 0.077108 0.589528 0.289475 0.002166 0.041722
1 4 0.044912 0.589185 0.339756 0.001514 0.024633
1 4 0.084137 0.460840 0.369043 0.030469 0.055511
1 4 0.166254 0.646239 0.095463 0.000450 0.091593
4 4 0.178951 0.358739 0.082683 0.002390 0.377238
0 4 0.605801 0.150007 0.077363 0.021226 0.145604
0 4 0.529293 0.249493 0.166204 0.027697 0.027313
0 0 0.986342 0.007010 0.004129 0.000172 0.002347
0 0 0.905365 0.059934 0.024204 0.000909 0.009588
0 0 0.403283 0.365685 0.189686 0.011107 0.030239
0 0 0.957857 0.023735 0.011631 0.000520 0.006257
0 0 0.972927 0.015925 0.007995 0.000290 0.002863
0 0 0.978414 0.012749 0.005108 0.000058 0.003671
0 0 0.932988 0.029571 0.012118 0.000302 0.025021
0 0 0.515128 0.255407 0.063952 0.000676 0.164836
0 0 0.893093 0.023429 0.008685 0.000126 0.074666
4 0 0.187039 0.167810 0.079615 0.000048 0.565489
1 0 0.118819 0.441183 0.116250 0.000271 0.323478
4 0 0.091331 0.062826 0.016547 0.000460 0.828836
2 0 0.033602 0.369298 0.490984 0.025838 0.080277
1 1 0.173520 0.418950 0.083976 0.001078 0.322476
1 1 0.197171 0.403856 0.090506 0.000252 0.308214
4 4 0.029494 0.159865 0.081059 0.000364 0.729218
0 4 0.860992 0.038642 0.016307 0.000621 0.083439
0 4 0.981723 0.010924 0.004720 0.000066 0.002567
0 4 0.932746 0.028206 0.010599 0.000174 0.028276
0 4 0.949911 0.022501 0.009465 0.000214 0.017909
0 4 0.967329 0.019124 0.010223 0.000562 0.002761
0 4 0.864025 0.085434 0.027044 0.000462 0.023035
0 4 0.775801 0.161526 0.042458 0.000385 0.019831
1 4 0.089956 0.542364 0.154896 0.000124 0.212659
4 4 0.015663 0.262504 0.225470 0.000185 0.496177
4 4 0.026441 0.209327 0.116195 0.001003 0.647034
1 4 0.076736 0.422681 0.139488 0.000202 0.360893
4 4 0.012602 0.190340 0.169712 0.000500 0.626846
4 4 0.007699 0.207703 0.229597 0.003866 0.551136
4 4 0.007367 0.162160 0.183280 0.001660 0.645532
4 4 0.013142 0.326428 0.307158 0.000552 0.352720
4 4 0.011678 0.319147 0.274614 0.008160 0.386401
4 2 0.014634 0.284750 0.240222 0.000760 0.459634
4 2 0.055490 0.262793 0.249543 0.005010 0.427165
4 2 0.020580 0.160050 0.089573 0.005365 0.724431
4 2 0.028530 0.337771 0.197536 0.000506 0.435656
4 2 0.044798 0.235240 0.118024 0.000696 0.601242
4 2 0.045901 0.211059 0.083336 0.000784 0.658920
4 2 0.033093 0.271352 0.132589 0.002174 0.560792
4 2 0.043978 0.320700 0.292659 0.003199 0.339464
1 2 0.024381 0.432296 0.374640 0.013713 0.154969
4 2 0.006123 0.240211 0.373897 0.001021 0.378749
4 2 0.026322 0.177337 0.096894 0.000633 0.698814
4 2 0.018383 0.352976 0.232401 0.013703 0.382538
4 2 0.011443 0.217962 0.206031 0.000834 0.563730
1 2 0.051332 0.327660 0.307441 0.028852 0.284714
4 4 0.038339 0.312416 0.136383 0.004940 0.507921
2 4 0.003771 0.195242 0.551912 0.088187 0.160889
4 4 0.091643 0.306171 0.083500 0.000638 0.518049
4 4 0.254125 0.123884 0.102527 0.011472 0.507992
4 4 0.043056 0.315122 0.122489 0.011630 0.507704
1 4 0.118983 0.400946 0.091394 0.001053 0.387624
1 4 0.063771 0.625710 0.180027 0.001358 0.129135
1 4 0.132136 0.681640 0.117239 0.000116 0.068869
2 1 0.020234 0.209980 0.745673 0.004949 0.019164
1 1 0.118480 0.539530 0.121810 0.000428 0.219752
1 1 0.024199 0.394231 0.272881 0.006314 0.302375
4 1 0.067340 0.303135 0.104689 0.000325 0.524511
4 1 0.025479 0.269456 0.177072 0.005804 0.522189
1 1 0.073115 0.630166 0.176037 0.001927 0.118755
2 1 0.026590 0.376440 0.486041 0.009316 0.101613
2 1 0.009090 0.375733 0.483902 0.006133 0.125142
1 1 0.041087 0.503525 0.210543 0.002171 0.242673
1 1 0.027212 0.534359 0.304195 0.002357 0.131878
1 1 0.056071 0.404871 0.132080 0.017148 0.389830
1 1 0.098946 0.409698 0.304218 0.005725 0.181413
0 1 0.580542 0.327815 0.057344 0.000231 0.034068
1 1 0.152620 0.589994 0.174957 0.004724 0.077706
2 1 0.011939 0.431363 0.489802 0.003214 0.063682
2 1 0.037966 0.421197 0.462870 0.030583 0.047385
2 1 0.004244 0.256954 0.682237 0.011975 0.044590
2 1 0.003820 0.229755 0.728415 0.014791 0.023218
2 1 0.004747 0.137343 0.698540 0.121573 0.037797
2 2 0.013223 0.265997 0.661691 0.003400 0.055689
2 2 0.011621 0.359034 0.561927 0.009352 0.058066
2 2 0.001107 0.062929 0.927156 0.002475 0.006333
2 2 0.001394 0.055004 0.827838 0.104466 0.011298
2 2 0.002337 0.080503 0.906109 0.005959 0.005091
2 2 0.023248 0.354069 0.604441 0.000841 0.017402
0 2 0.585762 0.254659 0.082546 0.003953 0.073080
2 2 0.001122 0.120284 0.861110 0.006587 0.010898
2 2 0.009185 0.147477 0.699720 0.054220 0.089398
2 2 0.019243 0.332328 0.564530 0.000417 0.083482
2 2 0.003461 0.165537 0.747287 0.002978 0.080737
2 2 0.000408 0.014200 0.983103 0.001214 0.001075
2 2 0.001784 0.136097 0.794604 0.015709 0.051806
2 2 0.000706 0.054400 0.942541 0.000975 0.001379
2 2 0.000169 0.079003 0.912679 0.000886 0.007264
2 2 0.000179 0.027497 0.896114 0.073516 0.002694
1 2 0.198586 0.415356 0.363549 0.010907 0.011602
2 2 0.002357 0.157441 0.824329 0.000577 0.015296
2 2 0.000703 0.078391 0.726721 0.155870 0.038316
2 2 0.002795 0.225599 0.712476 0.003522 0.055607
2 2 0.000134 0.013576 0.960187 0.024630 0.001473
2 2 0.002274 0.137213 0.724903 0.020059 0.115551
2 2 0.002344 0.168186 0.685021 0.006992 0.137457
2 2 0.000328 0.082316 0.848098 0.020971 0.048286
2 2 0.000604 0.102439 0.855288 0.020239 0.021430
2 2 0.017505 0.351948 0.487833 0.010812 0.131902
2 2 0.000184 0.053803 0.937966 0.000767 0.007280
2 2 0.011603 0.359944 0.429881 0.016277 0.182295
2 2 0.003443 0.220612 0.712162 0.001687 0.062096
2 2 0.018920 0.302829 0.606246 0.002123 0.069881
2 2 0.003496 0.124838 0.794776 0.013774 0.063115
2 2 0.002079 0.077227 0.866669 0.006071 0.047954
2 2 0.001648 0.088458 0.870345 0.010695 0.028854
2 2 0.008747 0.178902 0.755643 0.033113 0.023595
2 2 0.000931 0.080905 0.707228 0.186490 0.024445
1 2 0.034714 0.487776 0.342731 0.000606 0.134173
2 2 0.003255 0.113601 0.857362 0.008320 0.017463
2 2 0.001365 0.063912 0.869906 0.060723 0.004093
2 2 0.001046 0.041949 0.545549 0.392139 0.019317
2 2 0.002786 0.086385 0.765192 0.128557 0.017080
2 2 0.002194 0.015801 0.515536 0.454914 0.011555
2 2 0.015629 0.249553 0.602499 0.012241 0.120079
2 2 0.001657 0.067844 0.898150 0.028931 0.003417
2 2 0.000976 0.026831 0.814830 0.155858 0.001505
2 2 0.008596 0.109372 0.851551 0.019820 0.010659
2 2 0.005533 0.067354 0.800841 0.105715 0.020556
2 2 0.004987 0.157534 0.779222 0.038128 0.020129
2 2 0.002140 0.067563 0.767465 0.146274 0.016557
2 2 0.018120 0.169895 0.656666 0.039796 0.115522
2 2 0.000750 0.015064 0.823025 0.156247 0.004913
2 2 0.006243 0.093491 0.856671 0.034908 0.008687
2 2 0.001075 0.063544 0.713678 0.206635 0.015069
2 2 0.009902 0.144770 0.711749 0.005587 0.127993
2 2 0.000309 0.009176 0.577100 0.412779 0.000636
2 2 0.003399 0.208074 0.612138 0.047482 0.128908
2 2 0.001648 0.020136 0.564219 0.412811 0.001186
2 2 0.000419 0.038624 0.710601 0.240394 0.009962
2 2 0.000273 0.013357 0.690992 0.294681 0.000697
2 2 0.002484 0.040488 0.521734 0.429372 0.005922
2 3 0.107095 0.250258 0.611883 0.003935 0.026829
2 3 0.000288 0.022395 0.654826 0.318302 0.004189
2 3 0.001017 0.118319 0.734274 0.052838 0.093554
2 3 0.000279 0.079031 0.858743 0.027443 0.034504
2 3 0.005695 0.025632 0.793952 0.169645 0.005077
2 3 0.194971 0.245299 0.527629 0.023012 0.009089
2 2 0.048032 0.355227 0.541233 0.003973 0.051535
2 2 0.013637 0.145896 0.770470 0.060207 0.009790
2 2 0.002168 0.158566 0.713877 0.062676 0.062712
2 2 0.017650 0.244528 0.689628 0.031014 0.017180
2 2 0.000561 0.066782 0.802423 0.115977 0.014257
2 2 0.024931 0.204383 0.739512 0.019944 0.011229
2 2 0.206894 0.214498 0.514531 0.047636 0.016442
2 2 0.015808 0.341870 0.598437 0.013108 0.030776
2 2 0.002282 0.106275 0.864925 0.017780 0.008739
2 2 0.011086 0.344491 0.615781 0.002896 0.025746
2 2 0.000578 0.063780 0.813727 0.102482 0.019434
2 2 0.000679 0.052162 0.807878 0.131112 0.008170
2 2 0.022806 0.126634 0.816075 0.025331 0.009155
1 2 0.019287 0.445436 0.401121 0.001440 0.132716
2 2 0.001403 0.126481 0.861695 0.003281 0.007140
2 2 0.000569 0.032631 0.823607 0.102139 0.041054
2 2 0.000591 0.120057 0.853625 0.007553 0.018173
2 2 0.003670 0.219918 0.528216 0.046672 0.201525
2 2 0.000392 0.035927 0.950660 0.007531 0.005491
2 2 0.004082 0.178219 0.734212 0.028168 0.055318
2 2 0.001841 0.067755 0.869423 0.050488 0.010493
2 2 0.005320 0.094995 0.873788 0.001527 0.024369
2 2 0.004417 0.216587 0.741851 0.012677 0.024468
2 2 0.029781 0.270577 0.624322 0.000269 0.075052
2 2 0.000312 0.069286 0.928019 0.000413 0.001970
2 2 0.321598 0.228542 0.409241 0.017920 0.022699
1 0 0.041751 0.452572 0.433735 0.019817 0.052125
2 1 0.030984 0.353107 0.493266 0.003873 0.118770
1 1 0.051074 0.614486 0.235201 0.001962 0.097277
1 1 0.125123 0.504049 0.152812 0.001359 0.216657
4 1 0.218023 0.121721 0.034571 0.000172 0.625512
2 1 0.190923 0.357303 0.387562 0.032610 0.031602
2 1 0.012072 0.322675 0.596937 0.018249 0.050066
1 1 0.022938 0.486648 0.400635 0.001953 0.087827
2 1 0.063476 0.300910 0.515973 0.085454 0.034188
2 1 0.011560 0.416615 0.461130 0.004416 0.106278
1 1 0.110971 0.420030 0.416593 0.008218 0.044187
1 1 0.015783 0.396352 0.307806 0.001348 0.278710
4 1 0.014500 0.280361 0.257070 0.045677 0.402391
1 1 0.019156 0.429673 0.354848 0.000877 0.195446
2 1 0.011973 0.450505 0.460268 0.001774 0.075480
2 1 0.013605 0.193850 0.674107 0.075404 0.043034
4 1 0.042422 0.185477 0.076593 0.000452 0.695057
1 1 0.025122 0.424635 0.334090 0.001386 0.214767
1 1 0.032752 0.364833 0.242239 0.001164 0.359012
1 1 0.229834 0.460534 0.117209 0.000191 0.192232
1 1 0.038668 0.501664 0.236271 0.008309 0.215088
1 1 0.298112 0.462758 0.183463 0.002670 0.052997
2 1 0.019972 0.436817 0.494501 0.005086 0.043625
4 1 0.194155 0.151345 0.039455 0.000254 0.614791
2 1 0.003028 0.162505 0.553242 0.013720 0.267505
4 1 0.008609 0.257008 0.330912 0.060579 0.342892
2 1 0.002149 0.175093 0.560180 0.012269 0.250309
2 1 0.010555 0.296955 0.455316 0.008144 0.229031
2 1 0.021883 0.266202 0.680900 0.006293 0.024723
2 1 0.024080 0.416336 0.485731 0.000927 0.072926
4 1 0.013320 0.263122 0.343573 0.000746 0.379239
2 1 0.002699 0.159933 0.688362 0.079495 0.069511
2 1 0.015160 0.414138 0.449639 0.013875 0.107187
2 1 0.005588 0.252501 0.414191 0.030540 0.297180
1 1 0.020880 0.362156 0.341411 0.007134 0.268418
4 1 0.253601 0.134271 0.024330 0.000126 0.587671
2 1 0.027001 0.319620 0.435387 0.001058 0.216933
2 1 0.001888 0.208756 0.704110 0.007970 0.077275
2 1 0.002978 0.218416 0.641741 0.013405 0.123461
