1 1 0.015560 0.420555 0.405744 0.005342 0.152799
1 1 0.051290 0.422592 0.160016 0.000112 0.365991
1 1 0.206539 0.552892 0.167280 0.006295 0.066993
1 1 0.020406 0.450651 0.234982 0.000824 0.293137
4 1 0.010501 0.261710 0.149149 0.000737 0.577903
4 1 0.013843 0.178877 0.087124 0.000493 0.719662
2 1 0.010150 0.381440 0.408274 0.007653 0.192483
2 1 0.008347 0.305762 0.406754 0.001266 0.277871
2 1 0.006493 0.274778 0.627206 0.015923 0.075600
2 1 0.043363 0.102041 0.727264 0.075930 0.051402
1 1 0.162548 0.397708 0.393477 0.010362 0.035905
1 1 0.029852 0.484854 0.231535 0.000849 0.252910
0 1 0.507919 0.217659 0.084493 0.000202 0.189727
0 1 0.660142 0.229212 0.073395 0.001024 0.036228
1 1 0.235416 0.522314 0.147447 0.001213 0.093610
0 1 0.654570 0.201358 0.084973 0.001730 0.057369
1 1 0.046558 0.553822 0.363076 0.000591 0.035953
1 1 0.018983 0.446399 0.242013 0.002255 0.290350
0 1 0.563056 0.079302 0.244504 0.058723 0.054416
0 0 0.765038 0.135586 0.081017 0.002018 0.016342
2 0 0.011474 0.366969 0.367211 0.009197 0.245150
2 1 0.000429 0.052049 0.918500 0.007952 0.021069
2 1 0.002088 0.146190 0.729352 0.004513 0.117857
1 1 0.036730 0.364923 0.344350 0.001102 0.252895
2 1 0.002100 0.046956 0.825307 0.087516 0.038122
2 1 0.007227 0.295459 0.536440 0.054819 0.106055
2 1 0.014230 0.187638 0.701450 0.050548 0.046133
2 1 0.007761 0.243142 0.658097 0.071993 0.019007
2 2 0.002711 0.066862 0.920884 0.006536 0.003007
2 2 0.010000 0.066290 0.738336 0.172081 0.013292
1 2 0.032237 0.360294 0.356620 0.002521 0.248328
2 2 0.005052 0.049533 0.930842 0.001891 0.012683
2 2 0.027007 0.383312 0.561441 0.003746 0.024495
2 2 0.007683 0.067065 0.665833 0.255259 0.004160
2 2 0.001061 0.015293 0.889992 0.090829 0.002826
2 2 0.013666 0.101271 0.810130 0.068706 0.006226
2 2 0.003805 0.077357 0.485911 0.426756 0.006172
3 2 0.000068 0.003243 0.381456 0.614892 0.000341
3 2 0.000747 0.004385 0.402115 0.591220 0.001532
3 2 0.007410 0.055548 0.391833 0.525384 0.019826
2 2 0.000359 0.014079 0.792528 0.192794 0.000240
2 2 0.003439 0.010733 0.512350 0.472712 0.000766
2 2 0.004990 0.104313 0.688335 0.178157 0.024205
3 2 0.001520 0.002564 0.029383 0.964858 0.001675
3 3 0.010464 0.007879 0.086838 0.870532 0.024287
3 3 0.000051 0.000272 0.027234 0.972099 0.000344
3 3 0.000093 0.000794 0.079811 0.919051 0.000250
3 3 0.001177 0.005411 0.089205 0.902496 0.001710
3 3 0.000036 0.000027 0.002526 0.997360 0.000051
3 3 0.007008 0.002198 0.013745 0.971600 0.005450
3 3 0.000001 0.000012 0.011638 0.988331 0.000018
3 3 0.000732 0.002524 0.041424 0.953538 0.001783
3 3 0.000783 0.000567 0.009774 0.988091 0.000785
3 3 0.000119 0.000785 0.069025 0.929546 0.000525
3 3 0.000330 0.000437 0.013925 0.984566 0.000742
3 3 0.000010 0.000128 0.025831 0.973964 0.000067
3 3 0.000392 0.000718 0.013049 0.985390 0.000451
3 3 0.002927 0.003688 0.206140 0.783575 0.003671
3 3 0.001123 0.000443 0.006580 0.990983 0.000870
3 3 0.000100 0.000331 0.018923 0.980336 0.000310
3 3 0.000508 0.000363 0.007223 0.991450 0.000456
3 3 0.000289 0.000445 0.020826 0.978206 0.000234
3 3 0.000022 0.000038 0.005531 0.994355 0.000054
3 3 0.000065 0.000065 0.004383 0.995379 0.000107
3 3 0.000128 0.000233 0.009100 0.990325 0.000215
3 3 0.002067 0.002780 0.052727 0.939564 0.002862
3 3 0.001346 0.010165 0.346353 0.625368 0.016768
3 3 0.005203 0.004574 0.033962 0.947438 0.008823
3 3 0.000004 0.000027 0.009441 0.990507 0.000022
3 3 0.000007 0.000015 0.002427 0.997541 0.000011
3 3 0.004100 0.000914 0.010658 0.979297 0.005030
3 3 0.000226 0.003030 0.248569 0.744819 0.003355
3 3 0.000000 0.000001 0.004881 0.995118 0.000000
3 3 0.007117 0.000686 0.006305 0.980568 0.005324
3 3 0.002396 0.001680 0.038075 0.954208 0.003642
2 3 0.013594 0.041879 0.449319 0.443642 0.051565
3 3 0.000002 0.000027 0.010364 0.989595 0.000012
3 3 0.000497 0.000197 0.009344 0.988236 0.001726
3 3 0.000135 0.000135 0.005679 0.993867 0.000183
3 3 0.000018 0.000033 0.006826 0.993009 0.000115
3 3 0.000000 0.000001 0.001292 0.998707 0.000000
3 3 0.000024 0.000083 0.007692 0.992148 0.000053
3 3 0.000303 0.000121 0.004057 0.995202 0.000317
3 3 0.003223 0.009294 0.223795 0.751324 0.012364
3 3 0.000010 0.000075 0.025221 0.974492 0.000202
3 3 0.000001 0.000015 0.006498 0.993482 0.000003
3 3 0.000000 0.000001 0.005536 0.994463 0.000000
3 3 0.009501 0.001735 0.011267 0.969998 0.007498
3 3 0.000124 0.000096 0.007279 0.992077 0.000424
3 3 0.000094 0.000149 0.014442 0.985251 0.000065
3 3 0.000030 0.000196 0.033362 0.966043 0.000369
3 3 0.002523 0.002596 0.028954 0.960860 0.005067
3 3 0.000087 0.000100 0.004420 0.995301 0.000092
3 3 0.000043 0.000047 0.003268 0.996589 0.000053
3 3 0.000010 0.000021 0.004895 0.995032 0.000041
3 3 0.000126 0.000205 0.015602 0.983431 0.000637
3 3 0.001450 0.000223 0.004323 0.992891 0.001113
3 3 0.000001 0.000004 0.002848 0.997145 0.000003
3 3 0.000087 0.000070 0.003784 0.995952 0.000107
3 3 0.000982 0.001686 0.039189 0.953441 0.004703
3 3 0.000095 0.000088 0.004464 0.995229 0.000124
3 3 0.004447 0.002391 0.018213 0.970259 0.004689
3 3 0.000030 0.000058 0.006483 0.993394 0.000035
3 3 0.000002 0.000001 0.000499 0.999496 0.000002
3 3 0.000022 0.000027 0.002510 0.997416 0.000026
3 3 0.022274 0.002820 0.017481 0.926215 0.031210
3 3 0.000082 0.000078 0.004266 0.995466 0.000108
3 3 0.000158 0.000196 0.006562 0.992899 0.000184
3 3 0.003287 0.001973 0.015154 0.976814 0.002772
3 3 0.000038 0.000054 0.006844 0.992923 0.000142
3 3 0.000595 0.000234 0.004840 0.993866 0.000466
3 3 0.000003 0.000002 0.000611 0.999381 0.000003
3 3 0.001155 0.001187 0.013966 0.982560 0.001132
3 3 0.000870 0.000750 0.015197 0.981502 0.001680
3 3 0.000010 0.000009 0.001430 0.998537 0.000013
3 3 0.000019 0.000024 0.002301 0.997636 0.000021
3 3 0.000000 0.000000 0.000172 0.999828 0.000000
3 3 0.001185 0.000228 0.003867 0.993952 0.000769
3 3 0.000036 0.000139 0.011679 0.988050 0.000096
3 3 0.000098 0.000129 0.006656 0.992941 0.000176
3 3 0.000001 0.000019 0.011444 0.988524 0.000012
3 3 0.000037 0.000054 0.005720 0.994087 0.000102
3 3 0.000003 0.000036 0.015016 0.984912 0.000033
3 3 0.000002 0.000002 0.000513 0.999481 0.000002
3 3 0.000408 0.000978 0.041242 0.954877 0.002496
3 3 0.000002 0.000009 0.002927 0.997057 0.000005
3 3 0.000559 0.000260 0.007402 0.990901 0.000879
3 3 0.000020 0.000027 0.002486 0.997446 0.000022
3 3 0.000331 0.000235 0.008629 0.990125 0.000680
3 3 0.000045 0.000036 0.004446 0.995325 0.000148
3 3 0.000053 0.000121 0.008580 0.991111 0.000135
3 3 0.000001 0.000002 0.000949 0.999045 0.000003
3 3 0.002100 0.002109 0.033623 0.961159 0.001009
3 3 0.001236 0.000256 0.018731 0.979627 0.000150
3 3 0.006468 0.009181 0.203073 0.780135 0.001143
3 3 0.009098 0.014590 0.051305 0.915414 0.009593
3 3 0.010424 0.058777 0.230654 0.649087 0.051057
3 3 0.011806 0.014404 0.104985 0.855024 0.013781
4 3 0.213696 0.312405 0.113288 0.008162 0.352449
2 3 0.083233 0.301386 0.482680 0.054541 0.078160
1 3 0.166110 0.389879 0.345488 0.047168 0.051355
1 3 0.223610 0.448487 0.234803 0.000546 0.092554
1 2 0.111096 0.358882 0.351092 0.008053 0.170877
0 2 0.707926 0.223441 0.043055 0.000322 0.025256
1 0 0.166902 0.573583 0.203383 0.002638 0.053495
0 0 0.399319 0.244627 0.092718 0.002001 0.261335
1 2 0.289433 0.385129 0.287457 0.003534 0.034446
1 2 0.048005 0.557260 0.295584 0.002561 0.096590
1 2 0.079228 0.566532 0.255470 0.014475 0.084296
1 2 0.042178 0.530998 0.254163 0.001989 0.170671
1 2 0.249926 0.347894 0.143873 0.007393 0.250914
4 2 0.029353 0.256323 0.086392 0.000638 0.627294
4 2 0.305159 0.275355 0.082568 0.003839 0.333080
1 2 0.113438 0.479934 0.166263 0.003494 0.236871
2 2 0.045449 0.298419 0.571899 0.042295 0.041938
1 2 0.086934 0.579272 0.240549 0.000592 0.092653
0 2 0.801992 0.097917 0.027122 0.001568 0.071400
4 2 0.365744 0.070502 0.030612 0.003052 0.530090
0 2 0.566276 0.190949 0.057805 0.003825 0.181145
1 2 0.097456 0.432813 0.151656 0.002485 0.315589
0 2 0.622925 0.130248 0.043312 0.001150 0.202365
0 2 0.485162 0.101645 0.061601 0.196201 0.155390
0 2 0.873353 0.062684 0.018046 0.000077 0.045839
0 2 0.385287 0.264594 0.073098 0.000974 0.276047
0 2 0.440035 0.277486 0.119207 0.001048 0.162224
0 2 0.968336 0.015633 0.005134 0.000387 0.010510
0 2 0.963118 0.012590 0.004419 0.000202 0.019670
0 2 0.930828 0.025145 0.008221 0.000365 0.035440
1 2 0.078879 0.506296 0.156675 0.000073 0.258078
4 2 0.044230 0.226890 0.162528 0.033130 0.533221
1 2 0.028991 0.389781 0.237818 0.033960 0.309451
4 4 0.048457 0.158271 0.046033 0.002163 0.745075
4 4 0.039670 0.189188 0.078226 0.006813 0.686102
4 4 0.024934 0.106171 0.032537 0.001407 0.834951
4 4 0.030460 0.191169 0.128686 0.013535 0.636150
4 4 0.135234 0.247327 0.085721 0.008939 0.522779
4 4 0.017589 0.256203 0.107781 0.002640 0.615786
4 4 0.048716 0.216287 0.062628 0.004159 0.668210
4 4 0.033808 0.255064 0.089841 0.005502 0.615786
4 4 0.023088 0.357397 0.136242 0.001082 0.482191
4 4 0.022330 0.372941 0.153895 0.006045 0.444789
4 4 0.035545 0.248249 0.195663 0.043163 0.477381
4 4 0.078627 0.281511 0.069304 0.002898 0.567660
4 4 0.031389 0.152267 0.039604 0.000430 0.776310
4 4 0.031583 0.026451 0.013469 0.001380 0.927117
4 4 0.019159 0.006212 0.004022 0.000273 0.970334
2 4 0.005226 0.161962 0.568170 0.108498 0.156144
4 4 0.052559 0.295628 0.124153 0.004833 0.522827
4 4 0.079565 0.070569 0.028434 0.000687 0.820745
4 4 0.040225 0.205717 0.059355 0.004379 0.690323
4 4 0.036747 0.058581 0.025304 0.002908 0.876460
4 4 0.041956 0.017112 0.009862 0.001024 0.930047
4 4 0.010363 0.312321 0.298207 0.012566 0.366543
1 4 0.016651 0.416678 0.266232 0.006779 0.293660
4 4 0.010476 0.108016 0.348996 0.085159 0.447352
2 4 0.027927 0.307971 0.347216 0.181614 0.135273
4 4 0.254115 0.129243 0.057952 0.001570 0.557120
1 4 0.014903 0.388530 0.269553 0.008772 0.318241
1 4 0.102306 0.430487 0.152617 0.002739 0.311851
4 4 0.018236 0.136948 0.059416 0.002082 0.783318
4 4 0.016715 0.349524 0.209887 0.008409 0.415464
0 2 0.881384 0.041005 0.015134 0.001589 0.060889
0 2 0.621262 0.121491 0.056201 0.042985 0.158062
1 2 0.161762 0.433536 0.172251 0.004005 0.228446
1 2 0.022000 0.501428 0.315253 0.003096 0.158224
0 2 0.525755 0.158426 0.055692 0.001155 0.258972
0 2 0.987987 0.004530 0.001979 0.000282 0.005222
0 2 0.525195 0.101877 0.045479 0.001120 0.326330
0 2 0.535515 0.200664 0.211894 0.005395 0.046532
4 2 0.151283 0.309388 0.126433 0.004359 0.408536
0 2 0.894327 0.033619 0.020506 0.013454 0.038095
0 2 0.544273 0.202237 0.097353 0.042186 0.113951
0 2 0.460846 0.252955 0.156063 0.005802 0.124334
0 2 0.776768 0.121666 0.035050 0.003899 0.062617
0 0 0.487810 0.324023 0.100294 0.000191 0.087682
4 0 0.352352 0.082838 0.031197 0.001723 0.531890
0 2 0.493124 0.215384 0.048193 0.000890 0.242409
2 2 0.001701 0.131416 0.817728 0.026807 0.022348
0 2 0.621868 0.191944 0.070029 0.001236 0.114923
1 2 0.104280 0.513632 0.143846 0.000054 0.238188
4 2 0.062868 0.187357 0.080061 0.001409 0.668306
0 2 0.802074 0.073874 0.024742 0.000182 0.099128
0 2 0.566473 0.217564 0.100916 0.011411 0.103636
4 2 0.041587 0.367680 0.115462 0.000412 0.474859
1 2 0.073468 0.497399 0.249265 0.003354 0.176513
1 2 0.040503 0.464882 0.187113 0.010412 0.297091
2 2 0.007598 0.272773 0.507964 0.061150 0.150515
1 2 0.014010 0.401472 0.388486 0.041337 0.154695
2 2 0.001447 0.137500 0.641148 0.020376 0.199529
2 2 0.004725 0.253763 0.591197 0.002913 0.147402
2 2 0.005057 0.204947 0.623425 0.010238 0.156333
2 2 0.006057 0.228654 0.514201 0.062418 0.188671
1 2 0.041039 0.415162 0.228565 0.004387 0.310848
2 2 0.000949 0.110553 0.834649 0.019573 0.034276
2 2 0.000257 0.014659 0.929092 0.030209 0.025783
1 2 0.047363 0.417555 0.224509 0.001640 0.308933
2 2 0.026617 0.316537 0.616396 0.002212 0.038238
1 2 0.045292 0.379710 0.306568 0.000015 0.268414
0 0 0.841147 0.082759 0.024846 0.000943 0.050306
1 2 0.033105 0.515913 0.291037 0.023168 0.136776
2 2 0.006514 0.290364 0.460236 0.026044 0.216842
2 2 0.001593 0.125038 0.773150 0.018472 0.081748
2 2 0.017784 0.232113 0.663635 0.006286 0.080183
2 2 0.000235 0.009583 0.887112 0.086715 0.016355
2 2 0.032630 0.170352 0.533887 0.003827 0.259304
2 2 0.007029 0.330019 0.547243 0.000825 0.114884
2 2 0.003684 0.201772 0.616544 0.008156 0.169845
2 2 0.003034 0.078906 0.807823 0.033817 0.076420
4 2 0.058737 0.233719 0.234548 0.001709 0.471287
2 2 0.002002 0.112340 0.755305 0.002607 0.127745
2 2 0.008109 0.192019 0.668053 0.002431 0.129388
2 2 0.063187 0.307905 0.377626 0.004205 0.247077
1 2 0.073984 0.423297 0.397654 0.000680 0.104385
2 2 0.002239 0.054626 0.869981 0.013536 0.059618
2 2 0.005292 0.129990 0.778457 0.046708 0.039553
2 2 0.014857 0.337235 0.524376 0.002442 0.121090
2 2 0.012936 0.047856 0.926591 0.004457 0.008160
2 2 0.047091 0.282014 0.353571 0.000426 0.316897
4 2 0.057101 0.244758 0.209824 0.013915 0.474402
2 2 0.003220 0.020871 0.937405 0.028001 0.010503
2 2 0.005556 0.073402 0.711047 0.015138 0.194858
2 2 0.003652 0.037313 0.899103 0.039805 0.020126
2 2 0.006323 0.035576 0.876636 0.004573 0.076892
2 2 0.059380 0.108580 0.439942 0.082922 0.309176
4 2 0.033535 0.167405 0.205078 0.014601 0.579381
2 2 0.005524 0.033068 0.552752 0.176567 0.232088
4 2 0.012916 0.061660 0.454716 0.013086 0.457622
2 2 0.005920 0.050438 0.625928 0.015979 0.301735
2 2 0.000647 0.024829 0.933974 0.012668 0.027882
3 2 0.004517 0.008802 0.238572 0.698449 0.049660
2 2 0.006037 0.057673 0.720170 0.159724 0.056396
2 2 0.002189 0.022049 0.904800 0.020590 0.050372
2 2 0.003026 0.037358 0.900165 0.020353 0.039098
2 2 0.013022 0.092196 0.659278 0.073805 0.161699
2 2 0.006343 0.135624 0.553305 0.045174 0.259555
3 2 0.000004 0.000226 0.239749 0.759950 0.000071
3 2 0.012854 0.080272 0.311080 0.478539 0.117254
2 2 0.003856 0.020310 0.682241 0.274445 0.019148
3 2 0.002238 0.004684 0.252395 0.726214 0.014469
2 2 0.002918 0.028928 0.693875 0.256016 0.018263
3 2 0.000008 0.000375 0.122162 0.877381 0.000073
2 3 0.000003 0.001710 0.914811 0.081363 0.002114
3 3 0.000031 0.000593 0.092188 0.906443 0.000745
2 3 0.000544 0.010498 0.493983 0.484553 0.010422
4 3 0.006691 0.100749 0.400779 0.057033 0.434749
2 3 0.002491 0.053177 0.604496 0.194980 0.144855
2 3 0.000104 0.001586 0.652689 0.341786 0.003836
2 3 0.008835 0.042939 0.797792 0.138515 0.011920
3 3 0.001790 0.009390 0.249340 0.703567 0.035912
2 3 0.000464 0.019975 0.633567 0.344989 0.001004
2 3 0.003884 0.038026 0.927814 0.029501 0.000775
1 3 0.164910 0.407103 0.369690 0.013572 0.044725
3 3 0.008816 0.058907 0.227089 0.680852 0.024336
3 3 0.072562 0.112026 0.223682 0.490348 0.101381
2 3 0.007592 0.158544 0.737001 0.000807 0.096056
2 3 0.022198 0.147370 0.639457 0.018025 0.172951
2 3 0.174274 0.310383 0.366036 0.023104 0.126203
3 3 0.000454 0.017390 0.342511 0.633280 0.006366
2 3 0.019178 0.061044 0.649694 0.203072 0.067012
2 3 0.005130 0.131282 0.748140 0.010014 0.105435
2 3 0.019122 0.158942 0.659350 0.064070 0.098515
2 3 0.008319 0.081154 0.638727 0.240707 0.031094
2 3 0.008554 0.044052 0.906080 0.028771 0.012544
2 3 0.002950 0.048498 0.778917 0.149758 0.019877
2 3 0.014344 0.023547 0.713496 0.242153 0.006460
3 3 0.002087 0.013292 0.419820 0.561657 0.003143
3 3 0.000160 0.001180 0.216567 0.781190 0.000904
3 3 0.000694 0.011689 0.351030 0.631611 0.004976
3 3 0.000068 0.001234 0.356917 0.641719 0.000062
3 3 0.000878 0.002072 0.151545 0.845101 0.000404
3 3 0.000169 0.000968 0.050523 0.947996 0.000344
3 3 0.000250 0.000960 0.036127 0.961531 0.001132
3 3 0.000036 0.001408 0.200964 0.797440 0.000152
3 3 0.000154 0.000502 0.050577 0.948650 0.000118
2 3 0.000665 0.012562 0.581333 0.404483 0.000957
3 3 0.000024 0.000065 0.012125 0.987752 0.000034
3 3 0.003121 0.009764 0.061449 0.920081 0.005586
2 3 0.001513 0.053916 0.767753 0.171254 0.005564
3 3 0.001075 0.018618 0.401312 0.573727 0.005268
2 3 0.001901 0.116397 0.829565 0.043106 0.009031
3 3 0.008468 0.013226 0.100616 0.864861 0.012830
3 3 0.000371 0.002810 0.120777 0.875088 0.000954
3 3 0.034564 0.054449 0.149435 0.636633 0.124920
2 3 0.022845 0.128225 0.434861 0.329798 0.084270
3 3 0.006169 0.005572 0.105031 0.882005 0.001223
3 3 0.001754 0.008692 0.477378 0.511588 0.000588
1 3 0.112732 0.388955 0.312598 0.106481 0.079234
2 3 0.054182 0.112926 0.751584 0.071984 0.009324
0 3 0.444097 0.211338 0.284891 0.001728 0.057945
0 0 0.918779 0.027876 0.011184 0.001639 0.040522
4 0 0.218280 0.275375 0.075792 0.000070 0.430482
0 0 0.917547 0.035499 0.016880 0.000732 0.029342
1 0 0.346975 0.491647 0.114424 0.000248 0.046706
0 0 0.573013 0.291016 0.096602 0.000080 0.039290
0 0 0.896053 0.045878 0.015927 0.000201 0.041940
0 0 0.786397 0.121593 0.051536 0.000593 0.039881
0 0 0.427596 0.367145 0.134018 0.004757 0.066485
0 0 0.998912 0.000340 0.000158 0.000008 0.000582
0 0 0.961888 0.014725 0.006563 0.001701 0.015122
1 0 0.359277 0.362039 0.117627 0.042651 0.118406
0 0 0.943617 0.010228 0.006101 0.002418 0.037636
0 0 0.476277 0.258793 0.107696 0.007192 0.150042
0 0 0.973685 0.016093 0.004258 0.000014 0.005950
1 0 0.257684 0.401740 0.238043 0.010021 0.092512
0 0 0.845777 0.055168 0.025553 0.015762 0.057740
1 0 0.171483 0.528597 0.174208 0.006330 0.119383
1 0 0.326616 0.397290 0.114680 0.002607 0.158806
1 1 0.258399 0.348218 0.238477 0.037240 0.117667
1 1 0.212889 0.436780 0.177361 0.007710 0.165260
0 0 0.932010 0.038020 0.007217 0.000037 0.022716
0 0 0.967463 0.020862 0.005024 0.000131 0.006520
1 0 0.219711 0.555104 0.172207 0.002210 0.050768
1 0 0.132469 0.566179 0.186044 0.001839 0.113469
0 0 0.707679 0.148631 0.052614 0.001619 0.089458
0 0 0.998124 0.000431 0.000256 0.000038 0.001152
0 0 0.920689 0.021024 0.011773 0.008536 0.037979
1 0 0.310713 0.417118 0.151416 0.001698 0.119055
0 0 0.495963 0.216173 0.078050 0.002101 0.207713
0 0 0.991235 0.002739 0.001383 0.000273 0.004370
0 0 0.969398 0.006825 0.004420 0.003723 0.015634
0 0 0.991813 0.002500 0.001283 0.000258 0.004147
0 0 0.858841 0.098136 0.022713 0.000603 0.019706
4 0 0.375344 0.102363 0.075519 0.002978 0.443797
1 0 0.088635 0.528902 0.232321 0.000327 0.149816
1 1 0.040222 0.458760 0.174198 0.000557 0.326263
4 1 0.138091 0.357204 0.106947 0.000122 0.397637
0 1 0.500510 0.165900 0.052277 0.000333 0.280979
0 1 0.982986 0.006728 0.002848 0.000436 0.007001
0 0 0.995849 0.001654 0.000660 0.000040 0.001797
0 0 0.503049 0.120494 0.034432 0.000853 0.341172
0 0 0.997795 0.001097 0.000293 0.000002 0.000813
0 0 0.877312 0.042707 0.019367 0.008094 0.052520
4 0 0.127319 0.050797 0.037051 0.008077 0.776756
4 0 0.063825 0.264181 0.162376 0.000605 0.509012
0 0 0.496894 0.352943 0.110794 0.000846 0.038524
1 0 0.378367 0.475783 0.130342 0.000036 0.015472
0 0 0.574349 0.185736 0.045137 0.001282 0.193496
1 0 0.022054 0.459589 0.250955 0.016912 0.250491
4 1 0.016013 0.328396 0.190207 0.006097 0.459288
4 1 0.011172 0.050111 0.015191 0.000263 0.923262
4 1 0.017019 0.376425 0.177085 0.003783 0.425687
4 4 0.052846 0.048772 0.017940 0.000553 0.879889
4 4 0.184232 0.189737 0.076328 0.009297 0.540405
4 4 0.287522 0.059996 0.023877 0.001088 0.627517
4 4 0.177427 0.207454 0.059349 0.000790 0.554980
4 4 0.028020 0.102088 0.037476 0.002122 0.830293
4 4 0.032411 0.388883 0.158034 0.011465 0.409207
4 4 0.007429 0.148379 0.148178 0.002757 0.693257
4 4 0.026955 0.023718 0.008203 0.000018 0.941106
4 4 0.190363 0.063717 0.030379 0.004420 0.711121
4 4 0.015449 0.016335 0.007756 0.000134 0.960325
4 4 0.079683 0.138341 0.047566 0.002036 0.732373
4 4 0.026981 0.013363 0.008648 0.001463 0.949545
4 4 0.029097 0.180198 0.083490 0.000613 0.706602
4 4 0.334892 0.174942 0.062522 0.003460 0.424184
2 4 0.009858 0.295126 0.672483 0.002965 0.019567
4 4 0.077509 0.142094 0.058752 0.015819 0.705826
4 4 0.050481 0.078763 0.034341 0.005758 0.830657
4 4 0.034317 0.113216 0.059954 0.006427 0.786088
4 4 0.007865 0.067210 0.024025 0.000170 0.900731
4 4 0.046063 0.158929 0.052596 0.005382 0.737029
4 4 0.010045 0.230249 0.110460 0.001555 0.647691
1 4 0.026202 0.364458 0.266621 0.027695 0.315024
4 4 0.036613 0.160193 0.091181 0.011957 0.700057
4 4 0.071988 0.152781 0.060015 0.013736 0.701481
2 4 0.012952 0.232253 0.452837 0.171333 0.130625
4 4 0.018657 0.029687 0.025940 0.002515 0.923201
4 4 0.177117 0.284451 0.091631 0.003196 0.443604
4 4 0.026264 0.210466 0.137456 0.012402 0.613412
4 4 0.042426 0.330566 0.259629 0.019970 0.347409
4 4 0.022918 0.106370 0.039420 0.001843 0.829449
4 4 0.033555 0.088100 0.060418 0.009099 0.808828
4 4 0.036146 0.190615 0.270404 0.143960 0.358877
4 4 0.025046 0.182242 0.056402 0.002105 0.734204
4 4 0.050362 0.252077 0.073402 0.007647 0.616512
2 4 0.009716 0.270119 0.481775 0.122458 0.115932
4 4 0.019982 0.189312 0.062310 0.001678 0.726717
4 4 0.021578 0.264020 0.108485 0.004888 0.601029
4 4 0.023111 0.324999 0.235405 0.024483 0.392002
2 4 0.000576 0.065671 0.781600 0.060506 0.091647
2 4 0.004351 0.196146 0.622657 0.033641 0.143205
4 2 0.016838 0.338804 0.204408 0.003573 0.436377
2 2 0.005662 0.328678 0.493087 0.021815 0.150757
2 2 0.079385 0.365269 0.450986 0.005202 0.099158
4 2 0.048145 0.155762 0.054325 0.006136 0.735632
1 2 0.029807 0.439867 0.192897 0.015034 0.322394
1 2 0.016593 0.356931 0.310418 0.025241 0.290817
2 2 0.006734 0.285037 0.520073 0.056711 0.131446
2 2 0.014461 0.322530 0.344733 0.031876 0.286401
2 2 0.027139 0.192450 0.498024 0.009418 0.272969
1 2 0.013550 0.360301 0.341375 0.025985 0.258789
1 2 0.058345 0.460562 0.209893 0.004278 0.266923
1 2 0.096703 0.531894 0.165542 0.000253 0.205607
2 2 0.044429 0.238197 0.509638 0.011995 0.195742
1 2 0.049089 0.560958 0.336635 0.001275 0.052043
2 2 0.005858 0.223217 0.556847 0.179778 0.034300
1 2 0.032301 0.478653 0.232808 0.028631 0.227607
2 2 0.008146 0.333403 0.564592 0.022507 0.071353
1 2 0.017987 0.444420 0.254451 0.012112 0.271031
2 2 0.013092 0.389483 0.437875 0.028711 0.130839
2 2 0.000578 0.107513 0.829498 0.008469 0.053942
2 2 0.006987 0.219744 0.738625 0.000515 0.034128
2 2 0.009386 0.330896 0.553338 0.003624 0.102757
2 2 0.001765 0.049644 0.941913 0.001254 0.005424
1 2 0.024259 0.403727 0.400726 0.000811 0.170478
2 2 0.002034 0.151804 0.742909 0.077318 0.025935
2 2 0.000665 0.046845 0.949193 0.001493 0.001805
2 2 0.000191 0.023726 0.918791 0.052339 0.004953
2 2 0.005442 0.142286 0.832709 0.000921 0.018641
2 2 0.000984 0.058540 0.906391 0.027673 0.006412
2 2 0.003437 0.058716 0.892910 0.041046 0.003891
2 2 0.005665 0.212562 0.617741 0.131472 0.032560
2 2 0.024892 0.052797 0.893983 0.021665 0.006662
2 2 0.002176 0.038110 0.942905 0.009391 0.007418
2 2 0.000559 0.074242 0.828774 0.090469 0.005956
2 2 0.005449 0.135526 0.812304 0.025223 0.021499
2 2 0.000202 0.047636 0.906508 0.041424 0.004229
2 2 0.008644 0.016349 0.916886 0.053700 0.004422
2 2 0.009788 0.170729 0.713097 0.085348 0.021038
2 2 0.001100 0.052884 0.861780 0.081444 0.002792
2 2 0.000034 0.002269 0.831378 0.166281 0.000039
2 2 0.002363 0.075401 0.767512 0.136719 0.018004
2 2 0.000294 0.018716 0.628406 0.351797 0.000786
2 2 0.000039 0.001685 0.954236 0.043608 0.000432
2 2 0.002179 0.073072 0.910015 0.009204 0.005531
2 2 0.000117 0.009584 0.598382 0.388214 0.003703
2 2 0.000249 0.010789 0.498423 0.484202 0.006337
3 2 0.000010 0.000398 0.111509 0.888050 0.000033
2 2 0.000573 0.015207 0.555533 0.427807 0.000880
3 2 0.000417 0.001501 0.205079 0.792267 0.000736
3 2 0.000015 0.000469 0.115373 0.883665 0.000478
3 2 0.000002 0.000329 0.130320 0.869300 0.000049
3 2 0.005401 0.016602 0.223939 0.711798 0.042260
3 2 0.000215 0.009190 0.451107 0.534041 0.005447
3 2 0.000011 0.000202 0.047143 0.952560 0.000084
3 3 0.000009 0.000584 0.085286 0.914045 0.000076
3 3 0.005144 0.016054 0.111475 0.846972 0.020355
3 3 0.000760 0.001837 0.033674 0.962882 0.000847
3 3 0.009422 0.018924 0.288960 0.660005 0.022688
3 3 0.000126 0.000601 0.021351 0.977672 0.000250
2 3 0.001138 0.017597 0.615156 0.363268 0.002841
3 3 0.002738 0.002771 0.032895 0.954851 0.006745
3 3 0.000104 0.000108 0.006182 0.993472 0.000134
3 3 0.000635 0.000533 0.019294 0.976730 0.002809
3 3 0.000651 0.003508 0.218406 0.772842 0.004593
3 3 0.000080 0.000063 0.003766 0.995984 0.000107
3 3 0.017472 0.029532 0.139455 0.728256 0.085284
3 3 0.002119 0.000346 0.006112 0.988992 0.002431
3 3 0.000001 0.000022 0.010394 0.989574 0.000009
3 3 0.000065 0.000471 0.062113 0.936112 0.001238
3 3 0.000117 0.000173 0.009097 0.990429 0.000184
3 3 0.000000 0.000000 0.000323 0.999675 0.000000
3 3 0.000013 0.000372 0.069998 0.929419 0.000199
3 3 0.000138 0.000622 0.029626 0.969013 0.000602
3 3 0.002166 0.003859 0.057538 0.926800 0.009637
3 3 0.001105 0.004368 0.057683 0.933348 0.003496
3 3 0.000883 0.000502 0.008147 0.989643 0.000824
3 3 0.001489 0.001219 0.017676 0.977143 0.002473
3 3 0.000002 0.000007 0.003790 0.996186 0.000014
3 3 0.000137 0.000117 0.004361 0.995252 0.000133
3 3 0.000095 0.000476 0.050555 0.947686 0.001188
3 3 0.004783 0.010255 0.268716 0.704604 0.011641
3 3 0.000420 0.000416 0.008958 0.989732 0.000474
3 3 0.000109 0.000186 0.007400 0.992151 0.000153
3 3 0.003319 0.001173 0.010120 0.982932 0.002456
3 3 0.000090 0.000080 0.005343 0.994299 0.000188
3 3 0.000251 0.000067 0.002369 0.997132 0.000181
3 3 0.000134 0.000090 0.004978 0.994562 0.000235
3 3 0.000247 0.000444 0.010306 0.988719 0.000285
3 3 0.000025 0.000187 0.016928 0.982771 0.000089
3 3 0.000044 0.000014 0.001631 0.998245 0.000067
3 3 0.000083 0.000188 0.009814 0.989727 0.000187
3 3 0.000223 0.000122 0.003908 0.995554 0.000192
3 3 0.000286 0.000437 0.009754 0.989205 0.000317
3 3 0.000033 0.000101 0.006958 0.992847 0.000061
3 3 0.000464 0.000190 0.005049 0.993836 0.000462
3 3 0.000024 0.000055 0.004505 0.995381 0.000034
3 3 0.000736 0.000270 0.006665 0.991356 0.000973
3 3 0.002246 0.001795 0.026912 0.966836 0.002211
3 3 0.000011 0.000121 0.019476 0.980324 0.000069
3 3 0.000055 0.000037 0.003120 0.996733 0.000056
3 3 0.000045 0.000107 0.009053 0.990651 0.000144
3 3 0.000109 0.000034 0.002449 0.997250 0.000158
3 3 0.000689 0.000389 0.007400 0.990839 0.000683
3 3 0.000493 0.000207 0.005912 0.992752 0.000636
3 3 0.000012 0.000012 0.001572 0.998390 0.000013
3 3 0.000002 0.000119 0.046997 0.952861 0.000021
3 3 0.000378 0.000147 0.004478 0.994644 0.000353
3 3 0.000081 0.000033 0.001936 0.997884 0.000066
3 3 0.000147 0.000116 0.004258 0.995339 0.000140
3 3 0.001897 0.004215 0.047344 0.941520 0.005023
3 3 0.000082 0.000046 0.002495 0.997302 0.000075
3 3 0.000242 0.000191 0.005408 0.993930 0.000229
3 3 0.000152 0.000097 0.004644 0.994885 0.000222
3 3 0.000530 0.000364 0.007050 0.991580 0.000476
3 3 0.002894 0.003645 0.031218 0.957698 0.004545
3 3 0.000918 0.001085 0.021572 0.974159 0.002266
3 3 0.001946 0.000691 0.010862 0.983718 0.002782
3 3 0.000005 0.000028 0.003973 0.995985 0.000009
3 3 0.000008 0.000038 0.006095 0.993835 0.000024
3 3 0.000017 0.000009 0.001098 0.998861 0.000015
3 3 0.000568 0.000228 0.005125 0.993573 0.000506
3 3 0.000009 0.000009 0.001921 0.998042 0.000019
3 3 0.000003 0.000008 0.005337 0.994630 0.000022
3 3 0.000003 0.000004 0.000951 0.999040 0.000003
3 3 0.000006 0.000042 0.011026 0.988892 0.000034
3 3 0.001547 0.001780 0.022999 0.970974 0.002702
3 3 0.000022 0.000045 0.003614 0.996292 0.000027
3 3 0.000265 0.000080 0.004280 0.994870 0.000504
3 3 0.000146 0.000180 0.006858 0.992611 0.000205
3 3 0.000002 0.000024 0.008850 0.991113 0.000011
3 3 0.000004 0.000008 0.001595 0.998388 0.000005
3 3 0.000993 0.000932 0.012119 0.985003 0.000954
3 3 0.000064 0.000137 0.008909 0.990754 0.000136
3 3 0.002226 0.001688 0.021935 0.969900 0.004251
0 0 0.585454 0.121066 0.083695 0.117147 0.092637
0 0 0.762138 0.092844 0.046054 0.031200 0.067764
3 2 0.018406 0.177650 0.320700 0.416503 0.066741
2 2 0.005483 0.108664 0.751422 0.088453 0.045978
0 2 0.440432 0.263477 0.245169 0.013603 0.037319
0 2 0.966312 0.018973 0.003805 0.000021 0.010888
1 2 0.085421 0.579240 0.246473 0.000942 0.087924
4 2 0.187183 0.195882 0.083041 0.001362 0.532532
0 2 0.907858 0.063590 0.014848 0.000065 0.013639
4 2 0.419861 0.082126 0.036141 0.005216 0.456656
1 2 0.113792 0.464166 0.237298 0.003566 0.181178
1 2 0.080374 0.567952 0.241131 0.006424 0.104120
2 2 0.005928 0.295332 0.593123 0.071784 0.033833
2 2 0.047123 0.198585 0.657386 0.015411 0.081495
4 2 0.077974 0.261968 0.144867 0.004360 0.510831
4 2 0.163635 0.233200 0.076844 0.001953 0.524368
1 2 0.040505 0.475681 0.228147 0.045885 0.209783
1 2 0.034164 0.455274 0.196865 0.020164 0.293533
1 2 0.021319 0.397564 0.298342 0.036165 0.246610
4 2 0.016044 0.376209 0.182632 0.004888 0.420228
2 2 0.006752 0.303202 0.415386 0.017067 0.257594
1 2 0.027563 0.492299 0.284671 0.037907 0.157560
0 2 0.358166 0.259588 0.117209 0.002000 0.263037
1 2 0.032185 0.486850 0.247823 0.035009 0.198132
4 2 0.017068 0.161432 0.037429 0.000703 0.783368
4 2 0.037002 0.308527 0.117564 0.008937 0.527970
4 2 0.048446 0.084393 0.035407 0.005331 0.826423
4 4 0.041580 0.102543 0.091434 0.020346 0.744098
4 4 0.028707 0.120546 0.037154 0.001913 0.811680
4 4 0.046916 0.144088 0.049652 0.005462 0.753882
4 4 0.053799 0.119056 0.046002 0.006992 0.774151
4 4 0.015725 0.053995 0.017783 0.000517 0.911981
4 4 0.026032 0.083074 0.028145 0.001488 0.861261
4 4 0.006228 0.040169 0.041400 0.001187 0.911017
2 4 0.019224 0.216808 0.384871 0.203466 0.175631
4 4 0.044989 0.210746 0.106348 0.012487 0.625430
4 4 0.039911 0.192334 0.056643 0.004213 0.706898
4 4 0.035902 0.120157 0.040121 0.003025 0.800795
1 4 0.027638 0.356741 0.297289 0.007626 0.310707
1 4 0.021692 0.398681 0.316793 0.047476 0.215357
2 4 0.007210 0.178465 0.498132 0.063278 0.252915
4 4 0.012086 0.068039 0.025609 0.000477 0.893789
4 4 0.017477 0.126648 0.050179 0.001326 0.804371
4 4 0.058282 0.272824 0.133473 0.028583 0.506838
2 4 0.023023 0.263724 0.363744 0.148896 0.200613
4 4 0.014782 0.059173 0.038986 0.001553 0.885505
4 4 0.030934 0.117599 0.037535 0.002220 0.811713
1 4 0.181772 0.349044 0.140958 0.010422 0.317804
0 0 0.505126 0.197055 0.253047 0.015999 0.028773
4 2 0.092648 0.104804 0.039955 0.003905 0.758689
4 2 0.219800 0.126895 0.050132 0.002141 0.601031
4 2 0.240400 0.225925 0.071525 0.007544 0.454606
4 2 0.022569 0.230246 0.070346 0.002146 0.674692
0 2 0.973810 0.006625 0.003903 0.001687 0.013975
1 2 0.324686 0.405879 0.220235 0.006086 0.043114
0 2 0.405973 0.165858 0.109424 0.022886 0.295860
2 2 0.070219 0.405913 0.428816 0.014773 0.080279
0 2 0.789799 0.064430 0.028758 0.002783 0.114230
0 2 0.948641 0.015590 0.006287 0.000593 0.028889
0 2 0.939857 0.008622 0.005187 0.001455 0.044878
0 2 0.941943 0.002476 0.002231 0.001033 0.052317
0 2 0.660367 0.031263 0.017359 0.003393 0.287618
0 2 0.868117 0.064413 0.017032 0.000042 0.050396
0 2 0.757211 0.039783 0.018747 0.002896 0.181363
0 2 0.936832 0.016550 0.006750 0.000551 0.039317
4 2 0.050510 0.066486 0.022488 0.000675 0.859840
1 2 0.033530 0.494647 0.263152 0.049334 0.159337
1 2 0.040120 0.349666 0.232154 0.053730 0.324331
2 2 0.023390 0.320016 0.395083 0.031563 0.229948
1 2 0.025962 0.382063 0.204183 0.017417 0.370375
2 2 0.008044 0.296508 0.484542 0.053311 0.157595
1 2 0.014640 0.398376 0.276421 0.002570 0.307993
2 2 0.001791 0.150872 0.747155 0.044470 0.055712
1 2 0.030118 0.436947 0.259739 0.026750 0.246446
2 2 0.000920 0.054590 0.929579 0.003582 0.011329
2 2 0.010010 0.296480 0.481930 0.126191 0.085389
1 2 0.030394 0.434858 0.180908 0.002928 0.350912
1 2 0.030778 0.473142 0.230074 0.025037 0.240968
1 2 0.014709 0.436361 0.318408 0.017694 0.212828
2 2 0.001498 0.150410 0.717395 0.053583 0.077113
2 2 0.006417 0.320089 0.446467 0.018566 0.208462
2 2 0.020609 0.352271 0.361566 0.202858 0.062696
2 2 0.001767 0.220746 0.623156 0.010404 0.143927
1 2 0.242285 0.497562 0.212435 0.001141 0.046577
1 0 0.110121 0.584219 0.240143 0.001258 0.064259
1 2 0.034583 0.493861 0.229909 0.003257 0.238390
2 2 0.004428 0.229548 0.574872 0.159303 0.031849
1 2 0.065752 0.543580 0.224631 0.008893 0.157143
2 2 0.001114 0.136100 0.814130 0.019915 0.028741
2 2 0.007044 0.232488 0.689053 0.047162 0.024253
2 2 0.001401 0.096569 0.878196 0.013282 0.010552
2 2 0.005056 0.223910 0.575975 0.123318 0.071741
2 2 0.004032 0.268773 0.685381 0.012268 0.029546
2 2 0.000163 0.033769 0.955350 0.003883 0.006835
2 2 0.003281 0.199454 0.748088 0.004167 0.045011
2 2 0.001103 0.068162 0.916506 0.011072 0.003158
2 2 0.002102 0.131966 0.835364 0.019845 0.010723
2 2 0.002401 0.191417 0.756480 0.000756 0.048945
2 2 0.045175 0.201105 0.613647 0.104705 0.035368
2 2 0.008865 0.318528 0.575922 0.045175 0.051510
2 2 0.008549 0.224882 0.713641 0.000272 0.052657
2 2 0.002078 0.054253 0.928732 0.011199 0.003737
1 2 0.037164 0.422219 0.337695 0.003634 0.199288
4 2 0.049571 0.258532 0.138877 0.012667 0.540353
1 2 0.029046 0.515609 0.297344 0.006790 0.151210
2 2 0.012798 0.316578 0.532502 0.003101 0.135020
2 2 0.007080 0.206205 0.706506 0.010800 0.069409
2 2 0.048906 0.310541 0.426680 0.006613 0.207260
2 2 0.022673 0.225093 0.604390 0.007268 0.140576
2 2 0.041557 0.138744 0.733469 0.006346 0.079884
2 2 0.005058 0.140475 0.671037 0.004904 0.178527
2 2 0.000441 0.038153 0.854949 0.069630 0.036827
2 2 0.005565 0.078330 0.746017 0.132343 0.037745
2 2 0.087518 0.095736 0.794927 0.009380 0.012438
2 2 0.004615 0.069855 0.898647 0.013503 0.013381
2 2 0.022422 0.076234 0.782828 0.060254 0.058262
2 2 0.001987 0.036156 0.869821 0.066187 0.025849
2 2 0.001210 0.039878 0.934589 0.014680 0.009643
4 2 0.026241 0.187518 0.297481 0.001545 0.487214
2 2 0.016252 0.065480 0.473591 0.030844 0.413832
2 2 0.030132 0.171072 0.519404 0.145425 0.133968
2 2 0.005699 0.072502 0.708118 0.132815 0.080867
4 2 0.186408 0.143055 0.221313 0.004114 0.445111
2 2 0.050692 0.167709 0.489023 0.036743 0.255833
2 2 0.002223 0.020371 0.878867 0.074861 0.023678
2 2 0.001183 0.041374 0.908324 0.029437 0.019682
2 2 0.174698 0.087920 0.442161 0.108934 0.186288
2 2 0.008059 0.019124 0.807772 0.154878 0.010167
2 2 0.001872 0.060552 0.871312 0.030457 0.035807
2 2 0.006637 0.045669 0.727382 0.112364 0.107948
2 2 0.001093 0.014761 0.868391 0.106715 0.009039
2 2 0.000242 0.009492 0.872823 0.113780 0.003663
2 2 0.000255 0.023596 0.955019 0.010105 0.011025
2 2 0.032580 0.201415 0.610152 0.020090 0.135763
2 2 0.012020 0.020570 0.748433 0.203864 0.015113
2 2 0.000033 0.002840 0.969626 0.025309 0.002192
2 2 0.036368 0.239877 0.559621 0.032370 0.131764
2 2 0.018540 0.024713 0.808946 0.142068 0.005733
2 2 0.036608 0.035517 0.665764 0.252180 0.009932
3 2 0.031864 0.029346 0.348412 0.584838 0.005540
2 2 0.001404 0.024165 0.617392 0.347480 0.009558
2 2 0.009356 0.018983 0.776842 0.175817 0.019002
2 2 0.006597 0.061973 0.689234 0.125602 0.116594
2 2 0.011494 0.051273 0.593127 0.085011 0.259095
2 2 0.000533 0.023326 0.753149 0.221303 0.001690
3 2 0.024048 0.054238 0.228566 0.460319 0.232829
2 2 0.002380 0.054681 0.823951 0.092082 0.026905
2 2 0.000325 0.011761 0.794169 0.191557 0.002188
2 2 0.013066 0.159320 0.706674 0.084942 0.035997
3 2 0.004334 0.012160 0.354939 0.611370 0.017198
2 2 0.001556 0.007239 0.922761 0.067611 0.000834
4 2 0.093856 0.181692 0.229733 0.089603 0.405117
2 2 0.003731 0.062888 0.657274 0.235581 0.040526
2 2 0.001611 0.017293 0.592826 0.385857 0.002414
2 2 0.009758 0.093249 0.798566 0.062326 0.036101
2 2 0.002128 0.053814 0.656554 0.258875 0.028629
2 2 0.041782 0.061583 0.709761 0.175524 0.011350
2 2 0.000282 0.005989 0.707660 0.283454 0.002616
2 2 0.002084 0.012762 0.833513 0.146556 0.005085
2 2 0.002435 0.034992 0.660332 0.291823 0.010418
2 2 0.010563 0.036751 0.526993 0.413894 0.011799
2 2 0.000002 0.000319 0.861163 0.138499 0.000018
3 2 0.004784 0.073486 0.395338 0.484138 0.042254
2 2 0.001240 0.028231 0.574684 0.393890 0.001955
2 2 0.000124 0.004216 0.894249 0.100732 0.000680
3 2 0.000166 0.000914 0.057645 0.941086 0.000190
3 2 0.000062 0.000734 0.129158 0.869875 0.000171
3 2 0.000009 0.001519 0.377540 0.620806 0.000126
2 2 0.000387 0.005599 0.816576 0.175259 0.002180
3 2 0.000001 0.000213 0.202118 0.797656 0.000013
2 2 0.004493 0.031463 0.604489 0.353385 0.006170
2 2 0.000484 0.017965 0.769578 0.205607 0.006366
3 2 0.000242 0.006809 0.358932 0.630622 0.003395
3 2 0.000125 0.004906 0.131695 0.862675 0.000599
2 2 0.000154 0.007277 0.899426 0.091033 0.002111
3 2 0.001450 0.005360 0.236688 0.755348 0.001155
2 2 0.000009 0.000385 0.793662 0.205940 0.000004
2 2 0.000428 0.018020 0.682918 0.294849 0.003785
3 2 0.002149 0.016727 0.367460 0.609351 0.004313
2 2 0.000031 0.001386 0.535784 0.462255 0.000544
3 2 0.000055 0.001610 0.405998 0.591356 0.000982
2 2 0.000856 0.023300 0.550347 0.408588 0.016909
3 2 0.000655 0.014521 0.416811 0.562948 0.005065
3 2 0.000163 0.008620 0.297553 0.691479 0.002185
3 2 0.001272 0.012609 0.234107 0.747460 0.004552
2 2 0.005767 0.031859 0.783079 0.168026 0.011268
2 2 0.024997 0.041444 0.468952 0.432909 0.031698
3 2 0.000249 0.001532 0.059034 0.938260 0.000925
3 2 0.000000 0.000030 0.054849 0.945116 0.000004
3 2 0.000001 0.000071 0.057375 0.942537 0.000017
3 2 0.000483 0.004731 0.211435 0.779251 0.004100
3 2 0.000002 0.000065 0.039433 0.960470 0.000030
3 2 0.000381 0.005399 0.180829 0.812165 0.001226
3 2 0.000095 0.001853 0.319851 0.675931 0.002271
3 2 0.000054 0.003293 0.317932 0.678068 0.000653
3 2 0.000000 0.000229 0.250833 0.748914 0.000024
3 2 0.000155 0.001824 0.302171 0.695342 0.000508
3 2 0.000008 0.000107 0.160322 0.839528 0.000035
3 2 0.000292 0.000691 0.040961 0.955768 0.002289
3 2 0.000025 0.000162 0.035397 0.964304 0.000112
2 2 0.000008 0.001591 0.563915 0.434185 0.000302
3 2 0.000003 0.000211 0.115512 0.884150 0.000123
3 2 0.000409 0.002865 0.181922 0.812817 0.001987
3 2 0.001702 0.008465 0.357163 0.624704 0.007965
3 2 0.000010 0.001886 0.359117 0.638720 0.000266
2 3 0.010775 0.082134 0.538803 0.338941 0.029348
3 3 0.007457 0.078854 0.379550 0.497966 0.036173
3 3 0.000665 0.006107 0.297818 0.693845 0.001565
3 3 0.000034 0.000518 0.319038 0.680380 0.000030
3 3 0.000532 0.001142 0.028313 0.968867 0.001147
3 3 0.006240 0.027517 0.215401 0.707103 0.043739
3 3 0.000047 0.000832 0.067779 0.930886 0.000456
3 3 0.000052 0.000317 0.078303 0.921170 0.000159
3 3 0.000227 0.002644 0.108006 0.887546 0.001576
3 3 0.004039 0.015533 0.127702 0.834974 0.017752
2 3 0.000837 0.015361 0.574718 0.397701 0.011382
3 3 0.001255 0.004349 0.059145 0.931840 0.003412
3 3 0.000157 0.001583 0.054064 0.943584 0.000613
3 3 0.000003 0.000075 0.025931 0.973968 0.000022
3 3 0.001265 0.002478 0.042433 0.949825 0.004000
3 3 0.000553 0.005529 0.255850 0.736600 0.001468
3 3 0.000399 0.000909 0.023998 0.973906 0.000788
3 3 0.000205 0.005214 0.208236 0.783684 0.002661
3 3 0.008624 0.013463 0.194575 0.776716 0.006621
3 3 0.000396 0.002542 0.051242 0.944582 0.001238
3 3 0.000038 0.000758 0.053654 0.945345 0.000205
3 3 0.000030 0.000222 0.023196 0.976372 0.000179
3 3 0.000147 0.007974 0.433673 0.556407 0.001799
3 3 0.000343 0.000424 0.010870 0.987841 0.000522
3 3 0.000792 0.003175 0.045243 0.948727 0.002063
3 3 0.000014 0.000310 0.105487 0.893920 0.000269
3 3 0.005231 0.027813 0.130660 0.822056 0.014241
3 3 0.000011 0.000101 0.020985 0.978811 0.000093
3 3 0.000002 0.000214 0.129424 0.870315 0.000045
3 3 0.000339 0.002805 0.054557 0.941372 0.000927
2 3 0.016205 0.065336 0.694913 0.219219 0.004328
3 3 0.036036 0.007583 0.075877 0.861458 0.019046
4 3 0.041009 0.185362 0.264727 0.016268 0.492635
2 3 0.169070 0.292848 0.492528 0.020229 0.025325
4 3 0.011614 0.273035 0.345839 0.017243 0.352268
1 3 0.047629 0.424242 0.225249 0.079598 0.223282
2 3 0.007341 0.079231 0.527439 0.298921 0.087068
0 0 0.940922 0.027588 0.010621 0.001776 0.019093
0 0 0.908035 0.039018 0.015454 0.003973 0.033520
1 2 0.085160 0.383910 0.117382 0.032443 0.381104
1 2 0.013118 0.378850 0.363989 0.028452 0.215591
4 2 0.015726 0.145822 0.351775 0.120617 0.366060
1 2 0.050897 0.387143 0.365882 0.073810 0.122268
1 2 0.014981 0.346431 0.327970 0.030088 0.280530
4 2 0.030178 0.342902 0.160098 0.013907 0.452914
2 2 0.003430 0.154242 0.671627 0.140581 0.030120
4 2 0.029451 0.213380 0.215402 0.039415 0.502352
4 2 0.025865 0.009932 0.002895 0.000003 0.961304
0 2 0.800031 0.108906 0.041595 0.004537 0.044932
4 2 0.156044 0.039519 0.014196 0.000209 0.790032
4 4 0.067834 0.169989 0.077236 0.019118 0.665824
2 4 0.002601 0.140979 0.616420 0.201481 0.038519
3 4 0.003510 0.039841 0.208085 0.733825 0.014739
4 4 0.018522 0.088692 0.044639 0.001897 0.846250
4 4 0.015284 0.163057 0.276220 0.046602 0.498837
4 4 0.026458 0.009984 0.005801 0.000357 0.957399
