0 0 0.878277 0.083055 0.019641 0.000017 0.019010
0 0 0.964261 0.016144 0.003584 0.000001 0.016011
0 0 0.977688 0.012810 0.003562 0.000003 0.005937
0 0 0.987276 0.002383 0.001421 0.000023 0.008896
0 0 0.997503 0.000426 0.000174 0.000000 0.001896
0 0 0.956829 0.006591 0.005956 0.001337 0.029287
0 0 0.985584 0.004816 0.002084 0.000010 0.007506
0 0 0.866405 0.019249 0.009794 0.000123 0.104429
0 0 0.999309 0.000194 0.000044 0.000000 0.000454
0 0 0.993950 0.003060 0.000746 0.000000 0.002244
0 0 0.954769 0.011211 0.007763 0.000643 0.025614
0 0 0.991627 0.004117 0.001116 0.000000 0.003139
0 0 0.981405 0.006152 0.002850 0.000021 0.009570
0 0 0.947700 0.012016 0.008985 0.001149 0.030150
0 0 0.995221 0.001666 0.000533 0.000000 0.002580
0 0 0.995350 0.001761 0.000526 0.000000 0.002362
0 0 0.927244 0.041450 0.014786 0.000084 0.016436
0 0 0.875671 0.087936 0.021539 0.000026 0.014827
0 0 0.955976 0.020717 0.008526 0.000068 0.014712
0 0 0.951644 0.025165 0.009380 0.000050 0.013760
0 0 0.992855 0.002106 0.000836 0.000002 0.004201
0 0 0.931374 0.045069 0.012416 0.000020 0.011121
0 0 0.894221 0.053521 0.033794 0.000305 0.018159
0 0 0.983552 0.007614 0.002567 0.000004 0.006263
0 0 0.968095 0.013599 0.005775 0.000043 0.012488
0 0 0.977296 0.008191 0.005162 0.000048 0.009303
0 0 0.987208 0.005824 0.001885 0.000002 0.005081
0 0 0.943443 0.035056 0.009714 0.000013 0.011774
0 0 0.983037 0.007815 0.002666 0.000005 0.006477
0 0 0.979344 0.010590 0.003356 0.000005 0.006705
0 0 0.981315 0.009728 0.002961 0.000003 0.005993
0 0 0.739560 0.144130 0.098495 0.000135 0.017680
0 0 0.980216 0.011510 0.003061 0.000002 0.005212
0 0 0.977720 0.010925 0.003953 0.000008 0.007393
0 0 0.896250 0.050976 0.033464 0.000344 0.018965
0 0 0.986467 0.005152 0.001985 0.000005 0.006391
0 0 0.988048 0.006310 0.001711 0.000001 0.003930
0 0 0.946240 0.016946 0.010392 0.000580 0.025842
0 0 0.979958 0.006986 0.003168 0.000023 0.009865
0 0 0.984340 0.008677 0.002349 0.000001 0.004633
0 0 0.929338 0.033762 0.026533 0.000042 0.010326
0 0 0.528254 0.198162 0.243286 0.000605 0.029693
0 0 0.981205 0.010781 0.003285 0.000002 0.004728
0 0 0.985822 0.009171 0.001919 0.000000 0.003088
0 0 0.896783 0.054857 0.023116 0.000366 0.024877
0 0 0.988634 0.004144 0.001888 0.000003 0.005331
0 0 0.982581 0.008827 0.002654 0.000003 0.005935
0 0 0.789247 0.146005 0.045014 0.000150 0.019584
0 0 0.995643 0.001871 0.000495 0.000000 0.001991
0 0 0.983058 0.007986 0.003363 0.000004 0.005588
0 0 0.968144 0.016758 0.007311 0.000013 0.007775
0 0 0.982192 0.010930 0.002620 0.000001 0.004257
0 0 0.989876 0.005294 0.001399 0.000001 0.003431
0 0 0.910941 0.051015 0.012334 0.000007 0.025703
0 0 0.940503 0.033144 0.006548 0.000001 0.019804
0 0 0.979149 0.011162 0.005908 0.000001 0.003780
0 0 0.937709 0.034690 0.016595 0.000064 0.010942
0 0 0.877181 0.076766 0.022295 0.000054 0.023704
0 0 0.964032 0.015277 0.012463 0.000031 0.008197
0 0 0.900656 0.033656 0.052830 0.000178 0.012679
0 0 0.712692 0.158074 0.055210 0.000462 0.073562
0 0 0.870778 0.046062 0.014369 0.000024 0.068767
0 0 0.941918 0.037877 0.005989 0.000000 0.014216
0 0 0.994579 0.002540 0.001013 0.000000 0.001869
0 0 0.901216 0.035713 0.008685 0.000003 0.054383
0 0 0.514695 0.198127 0.185744 0.000367 0.101067
0 0 0.984776 0.009657 0.002122 0.000000 0.003444
0 0 0.988517 0.006166 0.001684 0.000001 0.003633
0 0 0.983483 0.009338 0.002489 0.000001 0.004688
0 0 0.990804 0.003021 0.001186 0.000003 0.004986
0 0 0.966393 0.022963 0.005115 0.000002 0.005527
0 0 0.982429 0.008058 0.002402 0.000002 0.007109
0 0 0.924721 0.035527 0.020396 0.000064 0.019292
0 0 0.977923 0.011202 0.003733 0.000006 0.007135
0 0 0.951263 0.030779 0.008581 0.000012 0.009366
0 0 0.974589 0.014217 0.004851 0.000004 0.006340
0 0 0.954566 0.026125 0.008381 0.000021 0.010907
0 0 0.984964 0.007708 0.002278 0.000002 0.005048
0 0 0.936796 0.032878 0.014298 0.000032 0.015995
0 0 0.849224 0.095252 0.041052 0.000063 0.014409
0 0 0.975698 0.008651 0.003675 0.000020 0.011956
0 0 0.970526 0.014520 0.005208 0.000017 0.009729
0 0 0.991873 0.003608 0.001065 0.000001 0.003453
0 0 0.969057 0.013933 0.010408 0.000007 0.006595
0 0 0.986582 0.006619 0.001992 0.000002 0.004806
0 0 0.928883 0.023053 0.025079 0.000988 0.021997
0 0 0.870772 0.041680 0.065283 0.000647 0.021617
0 0 0.905554 0.056384 0.019613 0.000117 0.018332
0 0 0.586812 0.110719 0.278217 0.003053 0.021200
0 0 0.876238 0.058331 0.034962 0.000240 0.030230
0 0 0.973023 0.014648 0.003949 0.000003 0.008378
0 0 0.371713 0.252298 0.166910 0.000114 0.208965
0 0 0.903821 0.042419 0.016521 0.000009 0.037229
0 0 0.925650 0.039421 0.024682 0.000052 0.010194
0 0 0.939305 0.036932 0.011455 0.000030 0.012279
0 0 0.402902 0.319907 0.178685 0.000793 0.097714
0 0 0.974237 0.017820 0.003678 0.000001 0.004264
0 0 0.984334 0.006676 0.002149 0.000002 0.006838
0 0 0.990490 0.003806 0.001293 0.000002 0.004410
0 0 0.987469 0.006852 0.001797 0.000001 0.003881
0 0 0.992520 0.004030 0.001550 0.000000 0.001900
0 0 0.966853 0.013672 0.005998 0.000031 0.013446
0 0 0.863329 0.060239 0.033363 0.002297 0.040772
0 0 0.987287 0.007065 0.001820 0.000001 0.003827
0 0 0.983663 0.009030 0.002327 0.000001 0.004979
0 0 0.983935 0.006571 0.002479 0.000007 0.007009
0 0 0.922968 0.042039 0.016142 0.000135 0.018716
0 0 0.712452 0.163515 0.062479 0.000022 0.061533
0 0 0.808121 0.085481 0.065886 0.000072 0.040441
0 0 0.929639 0.026169 0.011462 0.000065 0.032665
0 0 0.979228 0.010054 0.003407 0.000007 0.007304
0 0 0.983078 0.008643 0.002835 0.000003 0.005441
0 0 0.960564 0.014707 0.006452 0.000008 0.018269
0 0 0.938669 0.025274 0.027263 0.000027 0.008766
0 0 0.923175 0.045345 0.014682 0.000051 0.016747
0 0 0.859242 0.057803 0.046955 0.000156 0.035845
0 0 0.984023 0.007873 0.002467 0.000003 0.005634
0 0 0.770388 0.155704 0.049012 0.000331 0.024564
0 0 0.777229 0.103531 0.071949 0.003680 0.043610
0 0 0.956995 0.015956 0.016525 0.000038 0.010486
0 0 0.971844 0.011080 0.004922 0.000041 0.012113
0 0 0.986655 0.006626 0.002184 0.000002 0.004532
0 0 0.984300 0.005872 0.005032 0.000006 0.004790
0 0 0.970271 0.013455 0.005300 0.000027 0.010947
0 0 0.954222 0.018022 0.008922 0.000171 0.018663
0 0 0.934273 0.042044 0.012101 0.000023 0.011560
0 0 0.653343 0.145331 0.174694 0.001160 0.025472
0 0 0.908988 0.024321 0.059135 0.000042 0.007514
0 0 0.963017 0.018945 0.005302 0.000005 0.012731
0 0 0.764389 0.069312 0.123344 0.000037 0.042917
0 0 0.975421 0.013746 0.003864 0.000003 0.006966
0 0 0.811279 0.114981 0.045081 0.000176 0.028483
0 0 0.946389 0.028645 0.010536 0.000057 0.014373
0 0 0.768323 0.133068 0.039621 0.000123 0.058864
0 0 0.983192 0.005649 0.002525 0.000015 0.008619
0 0 0.982087 0.009435 0.002806 0.000003 0.005670
0 0 0.866870 0.072376 0.028469 0.000014 0.032271
0 0 0.963138 0.019956 0.007098 0.000013 0.009795
0 0 0.981195 0.008150 0.002715 0.000004 0.007936
0 0 0.857878 0.080374 0.032857 0.000560 0.028332
0 0 0.752517 0.122197 0.034313 0.000061 0.090913
0 0 0.935118 0.038205 0.013104 0.000048 0.013525
0 0 0.836713 0.094621 0.024026 0.000025 0.044615
0 0 0.978931 0.013613 0.003094 0.000001 0.004362
0 0 0.698971 0.114104 0.034727 0.000078 0.152119
0 0 0.961391 0.022289 0.006881 0.000013 0.009426
0 0 0.703342 0.183767 0.065287 0.000019 0.047586
0 0 0.812266 0.095386 0.042059 0.000127 0.050162
0 0 0.974817 0.010748 0.004323 0.000021 0.010090
0 0 0.897231 0.033384 0.024736 0.000101 0.044548
0 0 0.885007 0.063665 0.037281 0.000068 0.013979
0 0 0.892136 0.052457 0.041062 0.000088 0.014258
0 0 0.981829 0.010375 0.002599 0.000001 0.005196
0 0 0.922787 0.043375 0.018018 0.000105 0.015716
0 0 0.952192 0.023573 0.013703 0.000021 0.010512
0 0 0.665589 0.219845 0.067424 0.000416 0.046726
0 0 0.894005 0.069643 0.020688 0.000062 0.015602
0 0 0.939097 0.025538 0.012680 0.000300 0.022386
0 0 0.935024 0.037415 0.009777 0.000005 0.017779
0 0 0.975216 0.009934 0.004217 0.000026 0.010607
0 0 0.926546 0.044251 0.007960 0.000001 0.021242
0 0 0.848471 0.029444 0.015822 0.000373 0.105890
0 0 0.973284 0.017700 0.003569 0.000001 0.005446
0 0 0.953088 0.029580 0.005097 0.000000 0.012236
0 0 0.926761 0.053666 0.006555 0.000000 0.013019
0 0 0.986306 0.008729 0.001650 0.000000 0.003315
0 0 0.653851 0.267927 0.060723 0.000112 0.017387
1 1 0.082385 0.583674 0.225243 0.000490 0.108208
4 1 0.034584 0.257943 0.125577 0.000042 0.581854
4 2 0.027721 0.305248 0.274527 0.000029 0.392476
2 2 0.002087 0.173478 0.609460 0.005591 0.209384
2 1 0.000884 0.285620 0.436198 0.001396 0.275901
1 2 0.064834 0.446911 0.161754 0.000229 0.326271
1 2 0.009322 0.442190 0.268835 0.000654 0.279000
2 2 0.002789 0.286988 0.360793 0.003933 0.345497
4 2 0.012152 0.287561 0.252515 0.000319 0.447453
4 2 0.021476 0.224080 0.300681 0.000146 0.453618
4 1 0.178408 0.323824 0.117806 0.000017 0.379944
4 1 0.103396 0.134075 0.094645 0.000021 0.667863
4 1 0.055924 0.260538 0.119852 0.000080 0.563607
2 1 0.004069 0.234804 0.413623 0.000146 0.347358
4 1 0.005529 0.260594 0.224874 0.000018 0.508986
4 1 0.168647 0.279271 0.136023 0.000144 0.415915
1 1 0.026572 0.379982 0.250119 0.000152 0.343175
1 1 0.124755 0.612681 0.207596 0.001186 0.053783
4 1 0.009205 0.262120 0.269450 0.000046 0.459180
2 0 0.030881 0.271354 0.607485 0.000032 0.090247
0 0 0.750468 0.130602 0.026022 0.000006 0.092902
0 1 0.904264 0.054177 0.016629 0.000042 0.024888
0 1 0.439850 0.344880 0.090793 0.000192 0.124285
1 1 0.018821 0.690246 0.135112 0.000289 0.155530
2 2 0.009879 0.192949 0.522001 0.015109 0.260062
2 2 0.161375 0.109184 0.621880 0.001007 0.106554
2 2 0.000124 0.050742 0.931720 0.000217 0.017197
2 2 0.004745 0.117023 0.805691 0.002156 0.070385
2 2 0.001640 0.019923 0.923990 0.001859 0.052587
2 2 0.000002 0.000696 0.997419 0.001772 0.000111
2 2 0.088819 0.024383 0.839480 0.030659 0.016658
2 2 0.000339 0.001440 0.992514 0.004459 0.001249
2 2 0.071560 0.006915 0.724123 0.192861 0.004541
2 2 0.008166 0.007828 0.827744 0.155036 0.001226
2 2 0.013359 0.027247 0.595528 0.297106 0.066760
2 2 0.000051 0.000263 0.929823 0.069805 0.000058
2 2 0.000256 0.007215 0.845667 0.145912 0.000949
3 1 0.000004 0.000065 0.148880 0.851032 0.000018
2 2 0.136614 0.210075 0.579871 0.032904 0.040536
2 2 0.026676 0.160183 0.753735 0.029028 0.030379
2 1 0.004554 0.158286 0.805768 0.015078 0.016315
2 2 0.079179 0.124205 0.699749 0.025243 0.071624
2 2 0.002113 0.050874 0.935619 0.002064 0.009330
2 2 0.016189 0.083827 0.871587 0.005567 0.022831
2 2 0.039929 0.035628 0.800511 0.053911 0.070021
2 2 0.033495 0.073113 0.843810 0.025931 0.023652
2 2 0.002622 0.029988 0.921941 0.008358 0.037091
2 2 0.000112 0.000594 0.749495 0.249776 0.000023
3 2 0.031545 0.022236 0.442016 0.476978 0.027225
2 2 0.001032 0.007251 0.776452 0.214424 0.000841
2 2 0.000114 0.000328 0.510816 0.488709 0.000032
2 2 0.014186 0.011541 0.608011 0.355733 0.010529
2 3 0.000516 0.001810 0.736888 0.259973 0.000813
3 3 0.000098 0.000755 0.124692 0.874375 0.000080
2 3 0.000546 0.000644 0.610741 0.387868 0.000202
3 3 0.000037 0.001766 0.376577 0.621564 0.000057
2 3 0.001281 0.002309 0.750197 0.245906 0.000307
2 3 0.000003 0.000107 0.505439 0.494446 0.000005
2 3 0.000004 0.000324 0.776699 0.222955 0.000018
3 3 0.000097 0.000378 0.472374 0.527101 0.000049
3 3 0.000002 0.000058 0.047688 0.952249 0.000003
3 3 0.000032 0.000869 0.371002 0.627994 0.000104
3 3 0.006547 0.005797 0.168886 0.815132 0.003638
3 3 0.001158 0.013356 0.124466 0.857058 0.003961
3 3 0.000257 0.002348 0.277930 0.719214 0.000251
3 3 0.000005 0.000115 0.043670 0.956203 0.000007
3 3 0.000001 0.000035 0.075051 0.924910 0.000003
2 3 0.000371 0.006547 0.545754 0.445100 0.002228
3 3 0.024528 0.018673 0.110401 0.837022 0.009375
3 3 0.000000 0.000012 0.015845 0.984143 0.000000
3 3 0.000764 0.001111 0.035373 0.962389 0.000364
3 3 0.000010 0.000166 0.022554 0.977257 0.000014
3 3 0.000067 0.001520 0.096626 0.901462 0.000324
3 3 0.110581 0.006549 0.175678 0.689603 0.017590
3 3 0.000201 0.000419 0.097446 0.901867 0.000067
3 3 0.000085 0.002546 0.194695 0.801892 0.000783
3 3 0.000287 0.006769 0.172388 0.819334 0.001222
3 3 0.000002 0.000178 0.143346 0.856468 0.000006
3 3 0.005538 0.023090 0.174854 0.778456 0.018062
3 3 0.011001 0.058821 0.180742 0.668343 0.081094
3 3 0.000852 0.000788 0.109385 0.888739 0.000237
3 3 0.000105 0.001074 0.096024 0.902624 0.000173
3 3 0.000161 0.000850 0.024503 0.974106 0.000379
3 3 0.019294 0.016558 0.111020 0.841854 0.011273
3 3 0.011373 0.010300 0.175473 0.787282 0.015572
3 3 0.010189 0.007166 0.039034 0.940534 0.003078
3 3 0.000008 0.002696 0.343070 0.653128 0.001097
3 2 0.000133 0.011565 0.476803 0.509783 0.001716
2 2 0.000506 0.017575 0.910955 0.070823 0.000141
0 2 0.608806 0.108504 0.186370 0.044248 0.052072
2 1 0.038695 0.215359 0.433690 0.086758 0.225498
2 2 0.093239 0.147656 0.528735 0.163676 0.066693
2 2 0.137727 0.080086 0.527304 0.218034 0.036850
0 2 0.582703 0.072600 0.150338 0.093760 0.100599
3 2 0.039790 0.023639 0.383834 0.545553 0.007185
2 2 0.183610 0.079862 0.306653 0.216982 0.212893
3 2 0.003303 0.015040 0.288494 0.684751 0.008413
2 2 0.006701 0.032190 0.816880 0.138765 0.005465
3 2 0.048959 0.130143 0.327034 0.472168 0.021695
0 2 0.499561 0.108369 0.366719 0.008449 0.016902
2 2 0.194539 0.146387 0.535162 0.053152 0.070760
2 2 0.010499 0.176187 0.756006 0.010785 0.046523
2 2 0.299757 0.146890 0.512281 0.021282 0.019791
2 3 0.006314 0.063418 0.747679 0.168350 0.014239
2 3 0.041704 0.050212 0.620661 0.244208 0.043215
2 2 0.000054 0.001506 0.547847 0.450149 0.000445
2 2 0.013540 0.032761 0.743533 0.203785 0.006380
2 2 0.031499 0.180628 0.490948 0.107241 0.189683
2 2 0.050855 0.018675 0.778327 0.135820 0.016323
3 3 0.007371 0.038663 0.207316 0.727097 0.019552
3 2 0.000076 0.000358 0.109695 0.889684 0.000186
2 2 0.025670 0.060064 0.571589 0.283129 0.059547
2 2 0.001156 0.027184 0.811225 0.157997 0.002438
3 2 0.007845 0.006458 0.198064 0.785899 0.001734
2 2 0.000378 0.013418 0.679307 0.304525 0.002371
3 2 0.019554 0.023267 0.368630 0.560222 0.028327
3 2 0.007303 0.024672 0.462625 0.482801 0.022599
3 3 0.007069 0.007495 0.412143 0.570835 0.002458
3 3 0.038419 0.004441 0.244676 0.707424 0.005041
3 3 0.021785 0.022401 0.077293 0.858605 0.019917
3 3 0.000764 0.002129 0.111675 0.884962 0.000471
3 3 0.000058 0.000567 0.189198 0.810092 0.000085
2 2 0.108868 0.032408 0.459547 0.358705 0.040471
2 2 0.095578 0.221693 0.527094 0.133459 0.022176
3 2 0.028421 0.009091 0.466990 0.471761 0.023737
2 2 0.006430 0.047294 0.816674 0.037202 0.092401
3 2 0.000263 0.001282 0.214047 0.784223 0.000185
2 2 0.000219 0.004576 0.626097 0.368236 0.000872
3 2 0.011427 0.019065 0.376916 0.570867 0.021724
2 2 0.007432 0.067846 0.521901 0.359828 0.042993
2 2 0.000212 0.002865 0.701874 0.293841 0.001208
3 2 0.027835 0.016254 0.369453 0.549706 0.036752
0 1 0.565590 0.115527 0.142339 0.076647 0.099896
2 1 0.366266 0.158640 0.434728 0.018133 0.022234
0 2 0.638074 0.159236 0.148836 0.007018 0.046836
2 1 0.115950 0.131720 0.717381 0.018713 0.016236
2 2 0.161916 0.224493 0.595678 0.005715 0.012197
0 1 0.665774 0.130098 0.130943 0.003503 0.069682
2 1 0.041682 0.093167 0.826710 0.032883 0.005560
2 2 0.001008 0.030362 0.962802 0.005675 0.000153
2 2 0.000390 0.005022 0.937453 0.055802 0.001333
2 2 0.007459 0.069068 0.780998 0.063805 0.078670
2 2 0.004028 0.063608 0.783326 0.004927 0.144111
2 2 0.000290 0.036326 0.882382 0.069665 0.011338
2 2 0.010795 0.095816 0.706690 0.013242 0.173458
2 2 0.000376 0.008911 0.981408 0.007746 0.001559
2 2 0.001984 0.080192 0.908752 0.001011 0.008061
2 2 0.003150 0.082352 0.867061 0.003868 0.043569
2 2 0.000623 0.028702 0.919744 0.043579 0.007352
2 2 0.041767 0.068440 0.852549 0.017058 0.020187
2 1 0.057170 0.252766 0.580953 0.013256 0.095856
2 1 0.292397 0.245434 0.391125 0.002983 0.068061
2 1 0.014634 0.099131 0.874928 0.008901 0.002407
2 2 0.022158 0.327899 0.593832 0.021832 0.034280
2 2 0.029657 0.122157 0.823084 0.005996 0.019107
2 2 0.000280 0.011001 0.981024 0.006671 0.001023
2 2 0.000169 0.027097 0.969269 0.002185 0.001281
2 2 0.002259 0.035374 0.956639 0.005203 0.000525
2 2 0.010498 0.020594 0.953865 0.009913 0.005130
2 2 0.000636 0.026809 0.913235 0.001395 0.057925
2 2 0.001404 0.048927 0.894974 0.007023 0.047673
2 2 0.003879 0.011814 0.928205 0.029109 0.026993
2 2 0.129367 0.110904 0.618263 0.007411 0.134055
2 2 0.000062 0.004335 0.891960 0.102165 0.001479
2 0 0.079821 0.134932 0.478125 0.025568 0.281555
0 1 0.937931 0.031417 0.012759 0.000121 0.017771
2 2 0.325720 0.278799 0.339786 0.002558 0.053136
2 2 0.124004 0.104001 0.735569 0.024924 0.011502
2 2 0.113048 0.168370 0.498235 0.015038 0.205308
2 2 0.001819 0.034986 0.900581 0.062207 0.000408
2 2 0.012716 0.033210 0.910620 0.041328 0.002126
2 2 0.014120 0.104221 0.833781 0.039221 0.008656
2 1 0.093932 0.166976 0.709694 0.009711 0.019687
2 1 0.096693 0.269406 0.603852 0.012978 0.017071
2 2 0.079135 0.054171 0.849506 0.013462 0.003726
2 2 0.021089 0.049584 0.916181 0.011748 0.001397
2 2 0.001984 0.032485 0.893258 0.071480 0.000792
2 2 0.217588 0.083783 0.640046 0.021886 0.036696
2 2 0.020749 0.059253 0.916830 0.001348 0.001820
2 2 0.012605 0.052903 0.739257 0.191697 0.003540
2 2 0.004119 0.015112 0.906412 0.072268 0.002089
2 2 0.002148 0.142171 0.837591 0.007843 0.010247
2 2 0.000257 0.015223 0.915237 0.068658 0.000625
2 2 0.003021 0.010666 0.954519 0.031458 0.000336
2 2 0.017388 0.046710 0.908152 0.015149 0.012601
2 2 0.007039 0.098490 0.788918 0.076142 0.029411
2 2 0.000207 0.012190 0.929002 0.058336 0.000266
3 1 0.052659 0.025442 0.268918 0.643246 0.009735
0 1 0.596717 0.177413 0.167866 0.001691 0.056313
0 1 0.935380 0.018972 0.018141 0.001780 0.025727
2 1 0.068193 0.342561 0.541395 0.003526 0.044325
2 2 0.028164 0.351752 0.606662 0.002213 0.011209
2 2 0.234231 0.171932 0.470777 0.009485 0.113574
2 2 0.010702 0.118547 0.857148 0.009844 0.003759
2 2 0.012351 0.049895 0.899290 0.011717 0.026748
2 2 0.161252 0.142386 0.642086 0.029815 0.024462
2 2 0.011097 0.097635 0.808584 0.048948 0.033736
2 2 0.054141 0.085545 0.824006 0.009738 0.026570
2 2 0.138410 0.283547 0.548524 0.003331 0.026189
2 2 0.005143 0.054963 0.858624 0.011831 0.069440
2 2 0.038481 0.047727 0.866306 0.024894 0.022591
2 2 0.080208 0.201125 0.583769 0.001804 0.133094
2 2 0.132591 0.269538 0.577252 0.000983 0.019636
2 2 0.004787 0.042046 0.808974 0.126642 0.017551
2 2 0.021798 0.130599 0.819767 0.011987 0.015850
2 2 0.003848 0.041105 0.721447 0.187984 0.045615
2 2 0.022290 0.115968 0.660550 0.157714 0.043478
2 2 0.006696 0.096879 0.796206 0.077212 0.023007
0 2 0.499767 0.041452 0.372464 0.064675 0.021641
2 2 0.005260 0.043876 0.786939 0.152753 0.011172
3 2 0.044326 0.043385 0.399594 0.494454 0.018240
2 2 0.143039 0.070117 0.609459 0.137373 0.040012
2 2 0.091693 0.260521 0.534281 0.083251 0.030254
2 2 0.000314 0.005901 0.772918 0.220427 0.000441
2 2 0.166045 0.086477 0.725854 0.013955 0.007668
2 2 0.140036 0.147067 0.397526 0.138311 0.177060
0 2 0.360963 0.094063 0.355750 0.160064 0.029161
2 1 0.210232 0.080626 0.528883 0.160740 0.019518
2 1 0.217936 0.128807 0.620354 0.020464 0.012439
0 1 0.541612 0.209188 0.147331 0.034288 0.067580
0 2 0.599136 0.262733 0.104495 0.000101 0.033534
2 2 0.353223 0.069247 0.482702 0.045603 0.049225
1 2 0.114622 0.433105 0.407001 0.000362 0.044911
2 2 0.011878 0.042608 0.925983 0.011455 0.008075
2 2 0.118855 0.337594 0.424276 0.005037 0.114238
1 2 0.153686 0.351449 0.224004 0.001889 0.268970
2 2 0.038701 0.062781 0.859260 0.001703 0.037554
2 2 0.006894 0.027832 0.927992 0.034858 0.002425
2 2 0.039441 0.212061 0.698293 0.005079 0.045127
2 2 0.058827 0.039055 0.855934 0.021336 0.024847
2 2 0.013742 0.032502 0.908617 0.033246 0.011892
2 2 0.000841 0.002678 0.549041 0.446052 0.001388
2 2 0.010662 0.080664 0.865803 0.037965 0.004906
2 1 0.000311 0.026264 0.649061 0.313674 0.010690
2 1 0.011837 0.114349 0.850552 0.010799 0.012463
0 1 0.554865 0.044562 0.383567 0.002955 0.014052
0 2 0.924628 0.037600 0.016230 0.000228 0.021315
2 2 0.006630 0.159023 0.720195 0.090757 0.023395
2 2 0.043069 0.118568 0.790233 0.015774 0.032357
2 2 0.001923 0.016373 0.926322 0.053784 0.001597
2 2 0.001499 0.019853 0.887485 0.083919 0.007243
2 2 0.009463 0.030909 0.941912 0.004167 0.013550
2 2 0.002806 0.005698 0.922706 0.066546 0.002244
2 2 0.002184 0.029568 0.947581 0.018868 0.001799
2 2 0.159728 0.033206 0.753158 0.001820 0.052088
2 2 0.001056 0.026876 0.950498 0.020240 0.001331
2 2 0.081194 0.280167 0.485296 0.000983 0.152360
2 0 0.046062 0.018024 0.846846 0.079497 0.009571
0 0 0.986137 0.002577 0.001576 0.000031 0.009680
0 0 0.991475 0.002041 0.000962 0.000004 0.005518
0 0 0.993904 0.002688 0.000843 0.000000 0.002565
0 0 0.994106 0.002719 0.000724 0.000000 0.002450
0 0 0.876716 0.085677 0.023012 0.000047 0.014548
0 0 0.959521 0.016371 0.007699 0.000107 0.016302
0 0 0.840995 0.125144 0.023993 0.000011 0.009857
0 0 0.879962 0.094251 0.017540 0.000006 0.008241
0 0 0.826852 0.134092 0.027600 0.000019 0.011437
0 0 0.952163 0.026457 0.008154 0.000015 0.013212
0 0 0.963576 0.023127 0.006040 0.000005 0.007252
0 0 0.515894 0.397761 0.071803 0.000055 0.014486
0 0 0.477810 0.397028 0.115358 0.000035 0.009768
0 0 0.818554 0.144446 0.023225 0.000004 0.013771
0 0 0.678599 0.171081 0.118589 0.000030 0.031700
0 0 0.692096 0.261341 0.038173 0.000007 0.008383
0 0 0.497697 0.421178 0.055346 0.000006 0.025773
0 0 0.560723 0.321284 0.105779 0.000002 0.012212
0 0 0.968143 0.022240 0.004679 0.000001 0.004938
0 0 0.945215 0.030377 0.013474 0.000026 0.010908
0 0 0.988488 0.005986 0.001639 0.000001 0.003886
0 0 0.829730 0.139122 0.023050 0.000005 0.008093
0 0 0.533364 0.325054 0.134265 0.000014 0.007304
0 0 0.804166 0.126671 0.059215 0.000021 0.009928
0 0 0.930207 0.055124 0.009286 0.000001 0.005381
0 1 0.945416 0.037133 0.009120 0.000007 0.008323
0 1 0.748063 0.172370 0.045257 0.000016 0.034293
1 0 0.356861 0.526589 0.057587 0.000002 0.058960
0 1 0.656462 0.230601 0.047056 0.000025 0.065855
1 1 0.452481 0.466203 0.057874 0.000005 0.023437
1 1 0.393300 0.431631 0.128479 0.000073 0.046517
0 1 0.569276 0.305001 0.048969 0.000008 0.076746
0 0 0.990514 0.006456 0.001130 0.000000 0.001900
0 1 0.799474 0.160737 0.024982 0.000004 0.014804
0 1 0.744783 0.172472 0.075427 0.000008 0.007309
0 1 0.617174 0.293190 0.045968 0.000008 0.043661
0 1 0.871856 0.113556 0.011400 0.000000 0.003188
0 1 0.712896 0.234197 0.030874 0.000002 0.022031
1 1 0.434199 0.443720 0.070289 0.000018 0.051773
0 1 0.515721 0.223208 0.088676 0.000029 0.172366
0 1 0.595525 0.226306 0.029751 0.000000 0.148418
0 1 0.834200 0.076047 0.011768 0.000000 0.077984
0 0 0.867279 0.101381 0.015492 0.000001 0.015847
0 0 0.957839 0.027944 0.006915 0.000005 0.007297
1 1 0.434086 0.496831 0.061856 0.000009 0.007217
1 1 0.362283 0.553333 0.068986 0.000009 0.015389
1 1 0.063491 0.686365 0.158324 0.000002 0.091818
1 1 0.057622 0.440943 0.407738 0.000022 0.093675
1 1 0.254703 0.453247 0.265791 0.000074 0.026184
1 1 0.187692 0.642972 0.073681 0.000004 0.095651
1 1 0.141402 0.426480 0.226477 0.000034 0.205606
4 1 0.023424 0.347896 0.182820 0.000374 0.445486
1 1 0.215702 0.460582 0.149880 0.000106 0.173730
0 1 0.709746 0.197193 0.020893 0.000000 0.072168
0 1 0.906006 0.055184 0.010687 0.000002 0.028122
0 1 0.446964 0.348022 0.054864 0.000007 0.150142
0 1 0.892535 0.061496 0.012062 0.000002 0.033905
4 1 0.423346 0.121048 0.024205 0.000004 0.431397
4 1 0.112432 0.326517 0.047185 0.000004 0.513861
0 0 0.846294 0.106339 0.016310 0.000001 0.031056
0 1 0.535850 0.086087 0.035391 0.000026 0.342644
4 1 0.333226 0.173276 0.053451 0.000153 0.439894
4 1 0.134604 0.239722 0.185034 0.000036 0.440604
4 1 0.107518 0.301943 0.116626 0.000015 0.473897
4 1 0.091808 0.160901 0.160477 0.000071 0.586742
4 1 0.188487 0.205278 0.051967 0.000060 0.554208
4 1 0.217569 0.243659 0.050665 0.000021 0.488086
4 1 0.197168 0.195826 0.050451 0.000061 0.556495
4 1 0.091216 0.353555 0.140206 0.000141 0.414882
4 1 0.014436 0.162093 0.320604 0.000369 0.502498
4 0 0.083536 0.172648 0.347145 0.000029 0.396643
0 0 0.333548 0.193752 0.232459 0.000037 0.240203
0 1 0.976720 0.011793 0.003891 0.000007 0.007589
1 1 0.404224 0.508244 0.056524 0.000003 0.031006
0 1 0.588525 0.324899 0.071774 0.000033 0.014768
0 1 0.630856 0.309297 0.039684 0.000003 0.020159
1 1 0.223920 0.614701 0.128030 0.000005 0.033344
0 1 0.528187 0.331102 0.052041 0.000008 0.088663
2 1 0.009498 0.402818 0.467113 0.001446 0.119125
1 1 0.042369 0.453462 0.283957 0.000640 0.219572
1 1 0.093766 0.368886 0.212020 0.000188 0.325140
2 1 0.043608 0.317469 0.335936 0.009177 0.293810
2 2 0.015668 0.119759 0.662520 0.001043 0.201010
2 2 0.001114 0.089153 0.844936 0.009856 0.054941
2 1 0.037890 0.259241 0.593494 0.000056 0.109320
0 1 0.645891 0.271517 0.039270 0.000004 0.043318
2 2 0.017482 0.377149 0.476100 0.000035 0.129235
2 2 0.130521 0.345763 0.504045 0.002803 0.016867
2 2 0.009513 0.084356 0.741171 0.006864 0.158095
2 2 0.001696 0.017207 0.937448 0.001510 0.042140
2 2 0.046752 0.184391 0.605147 0.001508 0.162202
2 2 0.000093 0.015995 0.978335 0.000652 0.004925
2 2 0.011967 0.043273 0.836495 0.002044 0.106220
2 2 0.002666 0.059751 0.918652 0.002545 0.016385
2 2 0.000009 0.003437 0.990884 0.004734 0.000936
2 2 0.002048 0.025693 0.967894 0.000773 0.003591
2 2 0.000017 0.005473 0.988406 0.004779 0.001326
2 2 0.004726 0.024701 0.780410 0.003763 0.186401
2 2 0.000631 0.018122 0.936744 0.008615 0.035887
2 2 0.031309 0.028138 0.778421 0.005419 0.156714
2 2 0.002165 0.013121 0.968764 0.002402 0.013548
2 2 0.001948 0.013076 0.945186 0.016064 0.023727
2 2 0.000157 0.007143 0.984731 0.001496 0.006473
2 2 0.000418 0.009980 0.971837 0.005515 0.012250
2 2 0.023774 0.129000 0.748437 0.008394 0.090395
2 2 0.001288 0.108726 0.851112 0.013353 0.025521
2 2 0.001720 0.008511 0.973472 0.003903 0.012394
2 2 0.000990 0.013670 0.971055 0.006892 0.007393
2 2 0.000209 0.013942 0.974943 0.008624 0.002282
2 2 0.006236 0.029276 0.909301 0.035765 0.019422
2 2 0.052739 0.044215 0.751567 0.039193 0.112287
2 2 0.000034 0.003568 0.798379 0.195979 0.002040
2 2 0.028823 0.049023 0.816753 0.046639 0.058762
2 2 0.000703 0.031618 0.743201 0.074555 0.149923
2 2 0.012129 0.081484 0.706495 0.004169 0.195724
2 2 0.000536 0.008953 0.977985 0.003118 0.009408
2 1 0.024354 0.056334 0.888361 0.007470 0.023480
2 0 0.193456 0.043134 0.746784 0.009322 0.007304
0 1 0.931578 0.046476 0.011918 0.000013 0.010014
0 1 0.886884 0.082258 0.019375 0.000019 0.011464
1 2 0.347931 0.370730 0.240047 0.000048 0.041244
0 2 0.583687 0.185170 0.209272 0.000533 0.021338
1 2 0.045599 0.455446 0.429529 0.000253 0.069174
1 2 0.272448 0.517257 0.145376 0.000164 0.064755
2 2 0.236808 0.129974 0.608115 0.005307 0.019795
2 2 0.047971 0.286135 0.537434 0.001616 0.126845
2 2 0.004075 0.072675 0.915603 0.000778 0.006869
2 2 0.066969 0.063953 0.839254 0.024677 0.005147
2 2 0.007884 0.062924 0.910956 0.007043 0.011193
2 2 0.015099 0.071827 0.894504 0.010133 0.008437
2 2 0.122344 0.240920 0.564755 0.000897 0.071084
2 2 0.149955 0.215721 0.603568 0.001908 0.028849
2 2 0.336082 0.185458 0.394058 0.002479 0.081923
2 2 0.042076 0.093013 0.847836 0.007184 0.009892
2 2 0.001987 0.032630 0.957262 0.006889 0.001232
2 2 0.069082 0.128203 0.743573 0.037326 0.021816
2 2 0.006211 0.029499 0.927425 0.026294 0.010571
2 2 0.006517 0.111476 0.689866 0.003191 0.188950
2 2 0.063191 0.083640 0.821297 0.012219 0.019652
2 2 0.000128 0.017273 0.979079 0.003388 0.000131
2 3 0.000876 0.006209 0.962871 0.028965 0.001080
2 2 0.019617 0.083381 0.603528 0.273283 0.020191
2 2 0.022311 0.210617 0.600226 0.065940 0.100906
2 2 0.302019 0.066098 0.579221 0.012441 0.040221
2 2 0.011928 0.083353 0.789603 0.063196 0.051921
2 2 0.033296 0.054090 0.872387 0.006509 0.033718
2 2 0.077300 0.205721 0.406013 0.001453 0.309513
2 2 0.007608 0.045345 0.851544 0.054041 0.041462
2 2 0.020275 0.086876 0.788494 0.060038 0.044317
2 1 0.035763 0.122768 0.654506 0.058151 0.128812
0 1 0.564799 0.289071 0.124664 0.000413 0.021053
0 2 0.892475 0.052689 0.029668 0.000183 0.024986
0 1 0.468951 0.199656 0.252916 0.003959 0.074518
0 1 0.819772 0.083825 0.076454 0.000330 0.019619
2 2 0.046951 0.116435 0.827450 0.005522 0.003642
2 2 0.110354 0.130343 0.755252 0.000343 0.003708
2 2 0.101900 0.061985 0.823310 0.002937 0.009868
2 2 0.183563 0.271899 0.537890 0.000489 0.006159
2 2 0.398894 0.120674 0.474605 0.000228 0.005599
2 2 0.164970 0.212315 0.593091 0.003786 0.025837
2 2 0.070195 0.221361 0.694019 0.008187 0.006238
2 2 0.316491 0.314877 0.349717 0.000880 0.018035
2 2 0.117715 0.072791 0.800095 0.004118 0.005282
2 1 0.161163 0.235844 0.587978 0.003657 0.011358
1 2 0.357435 0.432471 0.185267 0.000080 0.024747
2 2 0.023588 0.081541 0.892404 0.001164 0.001304
0 1 0.692724 0.187937 0.111918 0.000021 0.007400
0 2 0.712895 0.245438 0.034626 0.000004 0.007036
2 2 0.033703 0.267817 0.692707 0.001721 0.004052
0 2 0.477164 0.110975 0.394850 0.000390 0.016621
2 2 0.098469 0.401962 0.429354 0.000857 0.069359
2 2 0.013221 0.034565 0.910907 0.018573 0.022735
2 2 0.011110 0.160558 0.822648 0.000052 0.005632
2 2 0.048032 0.081990 0.862615 0.004722 0.002642
2 2 0.101378 0.198273 0.674758 0.000782 0.024809
0 0 0.942994 0.031758 0.009301 0.000004 0.015943
0 0 0.453015 0.320542 0.083750 0.000201 0.142491
0 1 0.926039 0.043826 0.012200 0.000006 0.017930
1 1 0.431654 0.439763 0.095287 0.000176 0.033120
1 1 0.375987 0.470359 0.118412 0.000565 0.034676
1 1 0.064212 0.611903 0.247922 0.001023 0.074939
2 2 0.007210 0.276653 0.665426 0.000960 0.049751
2 2 0.002388 0.256395 0.667545 0.004392 0.069280
2 1 0.001110 0.025429 0.935827 0.026727 0.010906
2 1 0.044041 0.295690 0.375944 0.001007 0.283319
2 1 0.004003 0.251259 0.442234 0.000932 0.301573
2 2 0.049553 0.139504 0.547396 0.000531 0.263016
2 2 0.037638 0.154834 0.617156 0.003746 0.186627
2 2 0.002213 0.087962 0.863169 0.017705 0.028951
2 2 0.000123 0.008652 0.986364 0.003559 0.001302
2 2 0.018852 0.312892 0.581795 0.000526 0.085936
1 2 0.003992 0.389768 0.360853 0.002807 0.242581
2 2 0.000058 0.017058 0.958278 0.011982 0.012624
2 2 0.000563 0.187680 0.699801 0.000294 0.111662
4 2 0.061365 0.246842 0.291431 0.000060 0.400302
2 2 0.000686 0.029121 0.948201 0.002909 0.019082
2 2 0.005118 0.117610 0.780192 0.001028 0.096051
2 2 0.000315 0.006173 0.954352 0.014529 0.024631
4 1 0.275982 0.189999 0.047760 0.000032 0.486227
2 1 0.011767 0.284449 0.589444 0.000102 0.114238
2 1 0.006477 0.065621 0.914000 0.000616 0.013287
2 1 0.009088 0.396344 0.455455 0.000644 0.138469
2 1 0.008050 0.236665 0.508507 0.000025 0.246753
2 1 0.064485 0.154131 0.427616 0.000073 0.353695
0 1 0.440927 0.359358 0.084450 0.000060 0.115205
4 0 0.159805 0.331163 0.087466 0.000218 0.421348
1 4 0.207802 0.509436 0.087322 0.000030 0.195409
4 4 0.329394 0.109289 0.046897 0.000016 0.514405
4 0 0.127075 0.106699 0.024535 0.000010 0.741681
0 0 0.619895 0.031460 0.010427 0.000011 0.338206
4 4 0.323937 0.119661 0.055407 0.000004 0.500992
1 4 0.179537 0.351704 0.146016 0.000030 0.322713
0 4 0.605115 0.065877 0.016497 0.000006 0.312505
4 4 0.063618 0.356664 0.062095 0.000019 0.517603
0 4 0.403228 0.239562 0.050449 0.000022 0.306740
4 4 0.296266 0.207783 0.047787 0.000030 0.448135
0 4 0.582996 0.203468 0.030412 0.000002 0.183123
1 4 0.293204 0.336584 0.085174 0.000157 0.284880
0 4 0.544232 0.325361 0.057625 0.000018 0.072764
0 4 0.922252 0.025305 0.008293 0.000014 0.044137
4 4 0.169432 0.152296 0.152134 0.000036 0.526102
4 4 0.130154 0.173490 0.107051 0.000027 0.589278
4 4 0.253718 0.271208 0.045891 0.000006 0.429177
4 4 0.046347 0.321326 0.203310 0.000058 0.428959
1 4 0.101865 0.519468 0.117514 0.000158 0.260995
0 4 0.452008 0.087081 0.020445 0.000006 0.440459
4 4 0.201277 0.287966 0.083778 0.000024 0.426954
2 4 0.042760 0.309686 0.422058 0.000336 0.225161
0 4 0.604917 0.107034 0.022276 0.000005 0.265769
1 4 0.266366 0.384548 0.084863 0.000084 0.264139
4 4 0.277243 0.296065 0.073565 0.000104 0.353023
4 0 0.106755 0.339886 0.093285 0.000034 0.460040
2 4 0.051501 0.319538 0.323930 0.000369 0.304663
1 4 0.024094 0.425368 0.141271 0.000119 0.409148
0 4 0.337295 0.273655 0.056001 0.000023 0.333026
1 4 0.318478 0.337241 0.047224 0.000003 0.297054
4 1 0.047827 0.190540 0.055880 0.000213 0.705541
4 4 0.252371 0.204538 0.041504 0.000013 0.501574
4 4 0.044273 0.261789 0.180965 0.000060 0.512913
4 4 0.097365 0.351649 0.161914 0.000013 0.389058
1 4 0.313768 0.411244 0.076763 0.000032 0.198193
0 4 0.604105 0.174552 0.042062 0.000033 0.179248
4 4 0.008603 0.151083 0.153172 0.000083 0.687059
4 4 0.188114 0.118097 0.037435 0.000099 0.656256
4 4 0.280036 0.167158 0.045203 0.000059 0.507544
4 4 0.301427 0.274437 0.048744 0.000009 0.375384
4 4 0.096881 0.403074 0.088246 0.000055 0.411744
0 4 0.715928 0.029152 0.006249 0.000001 0.248670
0 4 0.673248 0.053374 0.015556 0.000013 0.257809
1 4 0.170518 0.425986 0.222576 0.000066 0.180854
1 4 0.306379 0.363491 0.073360 0.000040 0.256731
1 4 0.019094 0.414899 0.322878 0.000094 0.243034
1 0 0.099041 0.394927 0.159308 0.000046 0.346678
0 1 0.955566 0.028035 0.007643 0.000009 0.008748
0 1 0.873302 0.088358 0.019552 0.000012 0.018776
1 1 0.423541 0.473102 0.077864 0.000035 0.025459
0 1 0.852995 0.106194 0.025398 0.000031 0.015382
0 1 0.909674 0.066861 0.014459 0.000008 0.008998
0 1 0.854595 0.105285 0.022171 0.000012 0.017937
0 1 0.609946 0.322200 0.043547 0.000004 0.024303
0 1 0.903735 0.078269 0.011243 0.000001 0.006752
0 1 0.752825 0.211740 0.028269 0.000003 0.007164
0 1 0.742663 0.224483 0.025508 0.000001 0.007346
0 1 0.455718 0.230539 0.303513 0.000119 0.010111
1 0 0.398995 0.430865 0.092394 0.000021 0.077725
0 0 0.953447 0.033688 0.004936 0.000000 0.007929
0 1 0.593826 0.318500 0.066869 0.000038 0.020767
1 1 0.282288 0.546609 0.101467 0.000079 0.069557
1 1 0.274687 0.529969 0.113399 0.000032 0.081913
1 1 0.038447 0.595407 0.232676 0.001910 0.131561
2 1 0.001873 0.399642 0.578478 0.000061 0.019946
2 1 0.004451 0.387315 0.589543 0.000230 0.018461
2 1 0.024806 0.335620 0.620633 0.001432 0.017508
1 1 0.057136 0.540851 0.311302 0.003336 0.087374
2 2 0.003186 0.103535 0.709265 0.005166 0.178848
2 2 0.000002 0.004648 0.993884 0.001354 0.000112
2 2 0.001644 0.178174 0.764507 0.000548 0.055127
2 2 0.000622 0.017756 0.975568 0.000864 0.005190
2 2 0.000173 0.013908 0.977058 0.000209 0.008652
2 2 0.000220 0.029724 0.958143 0.005466 0.006448
2 2 0.012896 0.152508 0.724991 0.000410 0.109196
2 2 0.017527 0.051058 0.833403 0.000462 0.097550
2 2 0.000116 0.032664 0.960343 0.000867 0.006010
2 2 0.001135 0.049817 0.903063 0.001729 0.044257
2 1 0.004831 0.191460 0.693533 0.000662 0.109515
1 1 0.063954 0.537628 0.391605 0.000066 0.006746
2 1 0.063085 0.344178 0.523949 0.001602 0.067186
2 1 0.158647 0.253348 0.499329 0.000156 0.088518
2 1 0.010031 0.058741 0.853622 0.000361 0.077245
2 2 0.307652 0.201862 0.320605 0.001451 0.168431
2 2 0.018030 0.347798 0.568005 0.000241 0.065927
2 2 0.000053 0.022746 0.974587 0.000200 0.002414
1 2 0.128925 0.338977 0.324748 0.000273 0.207076
2 2 0.002489 0.041305 0.949490 0.003553 0.003163
2 2 0.002011 0.016771 0.956997 0.015606 0.008615
2 2 0.048049 0.107276 0.808385 0.002673 0.033616
2 2 0.010320 0.165916 0.784393 0.002568 0.036802
2 2 0.003131 0.034170 0.889842 0.001310 0.071546
2 2 0.000676 0.008348 0.966188 0.022194 0.002594
2 2 0.028924 0.094361 0.838686 0.008416 0.029613
2 2 0.000477 0.009628 0.972510 0.017018 0.000367
2 2 0.030799 0.132979 0.777787 0.013001 0.045434
2 2 0.010642 0.041353 0.936805 0.004656 0.006543
0 1 0.732965 0.055735 0.206637 0.000022 0.004642
0 2 0.955551 0.020353 0.016944 0.000022 0.007130
2 2 0.104146 0.312865 0.541538 0.003465 0.037986
2 2 0.000324 0.017677 0.977967 0.002429 0.001603
2 2 0.000200 0.030469 0.947808 0.003115 0.018408
2 2 0.005325 0.047536 0.933286 0.001553 0.012300
2 2 0.018804 0.124687 0.846682 0.001076 0.008751
2 2 0.000834 0.025990 0.964641 0.001988 0.006546
2 2 0.018723 0.229758 0.694450 0.000582 0.056487
2 2 0.000277 0.029189 0.961943 0.007605 0.000986
2 2 0.000242 0.014326 0.959316 0.025028 0.001086
2 1 0.177392 0.088805 0.640343 0.067552 0.025908
2 1 0.021414 0.223368 0.735505 0.008206 0.011508
2 1 0.012276 0.400103 0.487411 0.002633 0.097578
2 1 0.009207 0.114491 0.803550 0.001385 0.071367
0 1 0.718735 0.095008 0.115138 0.000764 0.070355
0 1 0.834529 0.117416 0.031351 0.000075 0.016629
0 1 0.505016 0.157803 0.320891 0.000585 0.015705
1 1 0.274512 0.487373 0.141991 0.000291 0.095833
1 1 0.071299 0.576344 0.303566 0.001255 0.047536
2 2 0.013232 0.411776 0.563738 0.000356 0.010898
2 2 0.000020 0.008117 0.983210 0.008339 0.000313
2 2 0.000123 0.038553 0.950509 0.008402 0.002413
2 2 0.001290 0.053965 0.934051 0.001608 0.009085
2 2 0.001461 0.037935 0.934264 0.021113 0.005227
2 2 0.005156 0.030307 0.954389 0.004199 0.005949
2 2 0.000378 0.093820 0.854377 0.019708 0.031718
2 2 0.003499 0.014980 0.962949 0.016497 0.002074
2 2 0.003433 0.019659 0.965358 0.008837 0.002714
2 2 0.000848 0.031531 0.793970 0.171143 0.002508
2 2 0.000892 0.002603 0.943116 0.053256 0.000133
2 2 0.016075 0.019118 0.701589 0.254693 0.008526
2 2 0.001087 0.028638 0.952681 0.016301 0.001293
2 2 0.000039 0.007572 0.891464 0.099510 0.001415
2 2 0.019407 0.041838 0.722340 0.205376 0.011039
2 2 0.003701 0.001705 0.702846 0.291380 0.000368
2 2 0.006061 0.058679 0.887876 0.028049 0.019335
2 2 0.001182 0.063219 0.806237 0.114387 0.014975
2 2 0.047603 0.042694 0.664260 0.192974 0.052469
3 2 0.000215 0.000742 0.267296 0.731667 0.000080
2 3 0.003646 0.035011 0.762311 0.189146 0.009886
2 2 0.000010 0.000984 0.718582 0.280418 0.000006
2 2 0.000286 0.020938 0.895385 0.079879 0.003512
3 2 0.001002 0.000956 0.381646 0.615910 0.000486
2 2 0.000034 0.002114 0.808632 0.189201 0.000019
3 2 0.000117 0.001197 0.179667 0.818942 0.000077
3 2 0.000035 0.000241 0.107537 0.892159 0.000027
2 2 0.000973 0.010771 0.624403 0.359683 0.004170
2 3 0.008587 0.016335 0.515857 0.457017 0.002204
3 3 0.000001 0.000094 0.120185 0.879710 0.000010
3 3 0.000060 0.000515 0.122754 0.876622 0.000049
3 2 0.006747 0.004392 0.177520 0.809488 0.001854
3 2 0.002129 0.017097 0.289329 0.686813 0.004631
3 2 0.000835 0.003787 0.231296 0.762407 0.001675
3 3 0.003165 0.012748 0.179796 0.796754 0.007537
3 3 0.000004 0.000040 0.061167 0.938785 0.000004
3 3 0.050765 0.050029 0.159694 0.650651 0.088860
3 3 0.000072 0.001414 0.255985 0.742477 0.000052
3 3 0.000106 0.003257 0.117059 0.878906 0.000670
3 3 0.000620 0.009439 0.187532 0.799530 0.002879
3 3 0.000494 0.010278 0.095523 0.883004 0.010702
3 3 0.069078 0.011470 0.072682 0.834484 0.012286
3 3 0.000025 0.001342 0.190042 0.808382 0.000209
3 3 0.000023 0.000962 0.318891 0.679798 0.000326
3 3 0.000062 0.000971 0.138917 0.859767 0.000283
3 3 0.000226 0.001344 0.027571 0.970649 0.000211
3 3 0.000018 0.000264 0.074668 0.925029 0.000021
3 3 0.000004 0.000220 0.052970 0.946787 0.000019
3 3 0.000325 0.001523 0.059837 0.937852 0.000464
3 3 0.000093 0.001221 0.091347 0.907178 0.000162
3 3 0.000148 0.005018 0.280825 0.711149 0.002859
3 3 0.000335 0.004132 0.099730 0.895317 0.000487
2 3 0.014467 0.084230 0.541196 0.293807 0.066299
2 3 0.000039 0.001203 0.650649 0.348048 0.000061
3 3 0.001655 0.073902 0.240829 0.645628 0.037987
3 3 0.000848 0.018176 0.120565 0.850685 0.009726
3 3 0.000231 0.003965 0.207498 0.787763 0.000543
3 3 0.003489 0.006673 0.028463 0.958709 0.002665
3 3 0.003032 0.031771 0.298034 0.634960 0.032204
3 3 0.000030 0.000336 0.032246 0.967354 0.000034
3 3 0.000004 0.000639 0.390175 0.609161 0.000022
3 3 0.000032 0.001659 0.086016 0.911878 0.000415
3 3 0.000416 0.000619 0.084496 0.914224 0.000245
3 3 0.000022 0.000695 0.071275 0.927957 0.000051
3 3 0.000006 0.000391 0.456240 0.543359 0.000005
3 2 0.008055 0.010874 0.058933 0.918834 0.003303
3 3 0.020913 0.046409 0.221749 0.679226 0.031703
3 2 0.125752 0.011155 0.056242 0.789514 0.017336
2 2 0.004920 0.127126 0.719081 0.136707 0.012166
2 2 0.003792 0.029877 0.539662 0.419463 0.007206
2 2 0.034505 0.022846 0.570073 0.367800 0.004777
3 2 0.030829 0.074954 0.225375 0.656718 0.012124
2 2 0.062498 0.245206 0.640472 0.009639 0.042184
2 3 0.085206 0.127042 0.480272 0.276857 0.030622
3 2 0.058324 0.033246 0.414022 0.483525 0.010883
3 2 0.044412 0.098485 0.230478 0.495262 0.131363
2 2 0.002176 0.058027 0.710672 0.125032 0.104092
2 3 0.072333 0.088876 0.711667 0.098382 0.028742
