0 0 0.989296 0.006312 0.003974 0.000054 0.000363
0 0 0.885876 0.065040 0.035093 0.000172 0.013820
0 0 0.551391 0.157739 0.031233 0.000185 0.259452
0 0 0.991218 0.003204 0.003136 0.000356 0.002086
0 0 0.697315 0.068894 0.017589 0.000110 0.216091
0 0 0.964222 0.004754 0.002165 0.000052 0.028807
0 0 0.996060 0.002115 0.000989 0.000007 0.000829
0 0 0.865197 0.076366 0.027549 0.000792 0.030095
0 0 0.990781 0.002175 0.001212 0.000034 0.005798
0 0 0.932303 0.006332 0.002606 0.000054 0.058705
0 0 0.976742 0.006432 0.001910 0.000006 0.014911
0 0 0.535895 0.226510 0.018712 0.000002 0.218881
0 0 0.870624 0.042903 0.006705 0.000004 0.079764
0 0 0.779309 0.147999 0.020344 0.000011 0.052337
1 0 0.114943 0.465278 0.308678 0.002059 0.109043
0 0 0.444501 0.385054 0.148722 0.000466 0.021257
0 0 0.785297 0.110547 0.057691 0.011854 0.034610
0 0 0.722941 0.075180 0.181037 0.019340 0.001502
0 0 0.461586 0.080467 0.021928 0.000554 0.435464
0 0 0.511593 0.012896 0.003793 0.000060 0.471659
4 0 0.296533 0.021071 0.006191 0.000192 0.676013
4 0 0.068842 0.163571 0.081223 0.000026 0.686338
0 0 0.610779 0.059987 0.026168 0.003829 0.299236
0 0 0.871960 0.066831 0.034304 0.000502 0.026404
0 1 0.983701 0.006833 0.002035 0.000005 0.007425
4 1 0.170851 0.058855 0.014207 0.000097 0.755990
1 1 0.235306 0.521559 0.035372 0.000004 0.207758
4 1 0.061431 0.152897 0.113097 0.002104 0.670471
1 0 0.023978 0.485901 0.116558 0.000014 0.373548
4 0 0.012869 0.220420 0.382529 0.000841 0.383341
0 0 0.798119 0.019819 0.007955 0.000357 0.173751
0 0 0.951429 0.005953 0.002634 0.000067 0.039918
0 0 0.885154 0.004283 0.001429 0.000012 0.109123
0 0 0.954966 0.014190 0.007766 0.000649 0.022430
0 0 0.678128 0.010183 0.003167 0.000043 0.308480
0 1 0.702547 0.113842 0.019706 0.000041 0.163865
1 1 0.055271 0.571491 0.112422 0.000063 0.260753
1 1 0.288132 0.398092 0.080781 0.000088 0.232907
0 1 0.535390 0.301361 0.129027 0.001150 0.033072
2 2 0.025839 0.444166 0.494328 0.000073 0.035595
0 2 0.598418 0.279739 0.071707 0.000686 0.049449
2 2 0.004894 0.337329 0.610653 0.000243 0.046881
1 2 0.144079 0.771116 0.072636 0.000003 0.012166
2 2 0.020397 0.224954 0.737329 0.002674 0.014646
1 2 0.076818 0.530213 0.330689 0.000988 0.061292
2 2 0.149260 0.313394 0.528022 0.001567 0.007757
1 2 0.056078 0.515866 0.358727 0.002175 0.067154
2 2 0.012279 0.337067 0.632226 0.000145 0.018283
2 2 0.001499 0.046382 0.946449 0.002786 0.002885
2 2 0.014585 0.329196 0.623626 0.003149 0.029443
2 2 0.000740 0.048513 0.948893 0.000100 0.001753
2 2 0.000339 0.067600 0.931411 0.000135 0.000515
2 2 0.002098 0.072031 0.900091 0.023700 0.002080
2 2 0.007541 0.116908 0.863140 0.008348 0.004063
2 0 0.009534 0.198285 0.620205 0.051155 0.120821
0 1 0.409464 0.204521 0.194616 0.002643 0.188756
2 2 0.073644 0.276699 0.372257 0.000210 0.277190
2 2 0.003917 0.197386 0.583250 0.000706 0.214741
1 2 0.036202 0.384900 0.362252 0.000171 0.216475
2 2 0.001238 0.035381 0.953305 0.004694 0.005382
2 2 0.001271 0.149748 0.822816 0.001943 0.024222
2 1 0.002466 0.178035 0.641865 0.002316 0.175319
2 2 0.029328 0.218158 0.579442 0.007369 0.165704
2 1 0.000538 0.027248 0.948691 0.008510 0.015013
0 2 0.595553 0.059187 0.131809 0.060410 0.153041
4 2 0.011729 0.191632 0.389152 0.002549 0.404938
2 2 0.007200 0.146123 0.482971 0.024307 0.339400
2 2 0.006281 0.189029 0.541757 0.002630 0.260302
2 2 0.000387 0.040824 0.943553 0.010130 0.005106
2 2 0.000888 0.035298 0.936300 0.018057 0.009457
2 2 0.001637 0.070494 0.897279 0.012655 0.017935
2 2 0.030444 0.299436 0.511995 0.000537 0.157587
2 2 0.000468 0.102389 0.884061 0.000868 0.012215
2 2 0.008212 0.215797 0.493818 0.000870 0.281303
2 2 0.005742 0.075947 0.877561 0.014553 0.026197
2 2 0.001395 0.110674 0.872107 0.000307 0.015517
2 1 0.027950 0.188631 0.767929 0.004143 0.011347
2 2 0.007316 0.062933 0.913921 0.005039 0.010792
2 2 0.010690 0.217794 0.691952 0.021838 0.057726
2 2 0.000513 0.044993 0.939119 0.013422 0.001952
2 2 0.000561 0.068930 0.929840 0.000256 0.000413
2 2 0.002967 0.032078 0.962513 0.002097 0.000344
2 2 0.001797 0.149722 0.797067 0.017094 0.034320
2 2 0.000458 0.026059 0.868423 0.095387 0.009673
2 2 0.070669 0.337511 0.554420 0.004672 0.032727
2 2 0.000965 0.006165 0.722961 0.269762 0.000148
2 2 0.003733 0.115217 0.711317 0.151896 0.017837
2 2 0.009141 0.394306 0.582464 0.000048 0.014042
2 2 0.000098 0.002875 0.905922 0.091068 0.000037
3 2 0.000227 0.027479 0.478380 0.488800 0.005114
2 2 0.001494 0.140383 0.813738 0.002915 0.041470
2 2 0.000081 0.035932 0.939586 0.011422 0.012979
2 2 0.001385 0.078964 0.906130 0.001078 0.012444
2 1 0.002627 0.014934 0.679967 0.293718 0.008755
2 2 0.008266 0.093488 0.799924 0.079674 0.018647
2 2 0.003168 0.408932 0.557286 0.000416 0.030198
2 2 0.013393 0.069457 0.831853 0.076195 0.009103
2 2 0.002276 0.055575 0.917973 0.021947 0.002229
2 2 0.000902 0.045657 0.937112 0.014574 0.001756
2 2 0.001221 0.076011 0.903417 0.015880 0.003470
2 1 0.005881 0.185016 0.794893 0.005098 0.009111
2 2 0.013149 0.106383 0.854768 0.019556 0.006145
2 2 0.097853 0.391979 0.395635 0.000564 0.113969
2 2 0.000312 0.021303 0.972379 0.005674 0.000333
2 2 0.000286 0.009433 0.989386 0.000825 0.000070
3 2 0.001994 0.006858 0.245158 0.744946 0.001044
2 2 0.001333 0.048896 0.866470 0.080935 0.002367
2 2 0.002694 0.086676 0.887042 0.018851 0.004738
2 2 0.004422 0.059961 0.920820 0.013912 0.000885
2 2 0.001215 0.054262 0.881941 0.059835 0.002747
3 2 0.000034 0.000950 0.476242 0.522740 0.000034
2 2 0.000111 0.008307 0.920389 0.070955 0.000239
2 2 0.000617 0.003261 0.810582 0.185476 0.000065
3 2 0.010407 0.101540 0.352311 0.470033 0.065709
2 2 0.021810 0.252831 0.618441 0.030006 0.076913
2 2 0.000808 0.066696 0.790509 0.101507 0.040480
2 2 0.003638 0.096701 0.666407 0.222157 0.011097
2 2 0.016831 0.155930 0.805020 0.015442 0.006778
2 2 0.002572 0.214013 0.773286 0.002748 0.007380
2 2 0.094425 0.353971 0.502770 0.002478 0.046356
2 2 0.062332 0.259587 0.518795 0.000375 0.158910
2 2 0.018070 0.132457 0.836157 0.002589 0.010727
2 2 0.001189 0.014933 0.961985 0.021365 0.000527
2 2 0.010121 0.319016 0.640445 0.002265 0.028154
2 2 0.003163 0.048396 0.943724 0.003351 0.001367
2 2 0.002355 0.139385 0.852005 0.002709 0.003547
2 2 0.073815 0.185032 0.650765 0.077356 0.013032
2 2 0.002910 0.148269 0.834254 0.005282 0.009285
2 2 0.002949 0.212146 0.767756 0.002503 0.014647
1 2 0.018984 0.496875 0.444862 0.000726 0.038553
2 2 0.013653 0.157174 0.822192 0.001974 0.005006
2 2 0.026747 0.168634 0.785939 0.006432 0.012248
2 2 0.004434 0.053475 0.926007 0.011194 0.004891
2 2 0.026638 0.245468 0.699386 0.005145 0.023362
2 2 0.012441 0.275420 0.704080 0.000538 0.007521
2 1 0.026039 0.129276 0.822251 0.012715 0.009719
1 2 0.131429 0.441936 0.282885 0.000169 0.143580
2 2 0.005315 0.060900 0.914378 0.002751 0.016655
1 2 0.138615 0.612334 0.197012 0.000126 0.051913
2 2 0.003456 0.183780 0.777702 0.002513 0.032550
1 2 0.036748 0.384685 0.249045 0.008936 0.320586
1 2 0.221875 0.587145 0.142513 0.000083 0.048384
2 2 0.003101 0.131140 0.853150 0.005435 0.007175
2 2 0.076779 0.244640 0.664992 0.000922 0.012668
2 2 0.150697 0.196947 0.637199 0.000411 0.014746
0 0 0.413500 0.274394 0.262180 0.000333 0.049592
0 1 0.944183 0.022726 0.015669 0.000399 0.017023
4 1 0.276266 0.235263 0.084917 0.000248 0.403305
4 1 0.118792 0.363824 0.088253 0.000084 0.429048
4 2 0.031458 0.312872 0.129379 0.000476 0.525815
1 0 0.028491 0.484012 0.319414 0.002099 0.165984
1 0 0.254639 0.502048 0.212315 0.000876 0.030122
4 0 0.170560 0.233898 0.078727 0.000130 0.516685
0 0 0.643858 0.139836 0.026577 0.000102 0.189626
0 1 0.801934 0.113365 0.013835 0.000004 0.070862
4 1 0.197388 0.129552 0.015797 0.000024 0.657239
1 0 0.140583 0.610020 0.109678 0.000002 0.139717
0 0 0.516945 0.307247 0.025529 0.000003 0.150276
4 1 0.137212 0.388320 0.061276 0.000550 0.412642
1 1 0.010412 0.533993 0.390918 0.000036 0.064641
2 1 0.026182 0.356202 0.543989 0.001902 0.071726
2 1 0.013626 0.203997 0.760004 0.011577 0.010796
0 1 0.536600 0.354199 0.088690 0.000825 0.019685
1 1 0.266945 0.577064 0.136084 0.000177 0.019731
2 1 0.000163 0.098026 0.893587 0.000842 0.007383
1 1 0.056044 0.576278 0.308396 0.004416 0.054865
0 1 0.562325 0.370804 0.059223 0.000072 0.007577
2 1 0.000384 0.039805 0.951148 0.006627 0.002036
1 2 0.053044 0.493090 0.438166 0.000235 0.015464
1 2 0.096771 0.545686 0.322329 0.000790 0.034425
1 1 0.061887 0.491567 0.432030 0.000245 0.014271
2 1 0.004343 0.105688 0.876970 0.007821 0.005177
1 0 0.117237 0.423617 0.336869 0.011220 0.111057
1 1 0.201178 0.454304 0.289392 0.000471 0.054656
2 0 0.173997 0.220054 0.576105 0.024453 0.005390
0 1 0.833289 0.072899 0.016103 0.000062 0.077647
0 1 0.734460 0.209370 0.036557 0.000056 0.019556
2 1 0.031905 0.430321 0.506175 0.000405 0.031194
1 1 0.159658 0.513800 0.219012 0.000964 0.106566
1 1 0.147049 0.433350 0.388892 0.000161 0.030547
1 1 0.141414 0.423915 0.418059 0.000545 0.016067
1 0 0.220437 0.458666 0.316541 0.000052 0.004304
0 0 0.411053 0.286648 0.228001 0.002347 0.071950
0 0 0.998958 0.000383 0.000280 0.000006 0.000373
0 0 0.994922 0.003005 0.001342 0.000009 0.000722
0 0 0.961612 0.012400 0.004596 0.000059 0.021333
0 0 0.841876 0.050595 0.078822 0.024997 0.003711
4 0 0.212886 0.039295 0.004908 0.000005 0.742905
0 0 0.950828 0.004009 0.001197 0.000004 0.043962
0 0 0.996988 0.001473 0.000968 0.000026 0.000544
0 0 0.989991 0.004636 0.002488 0.000066 0.002819
0 4 0.916982 0.034235 0.006735 0.000009 0.042038
4 4 0.228525 0.031288 0.005394 0.000021 0.734773
4 4 0.073338 0.377349 0.131132 0.000157 0.418024
4 4 0.044727 0.095652 0.027207 0.000007 0.832406
4 4 0.050667 0.175364 0.016019 0.000012 0.757938
4 4 0.051474 0.050170 0.013508 0.000006 0.884842
4 4 0.230035 0.096234 0.009856 0.000004 0.663871
1 4 0.304695 0.426896 0.049188 0.000052 0.219168
4 4 0.017093 0.167608 0.257896 0.000954 0.556448
4 4 0.027639 0.138921 0.039004 0.000024 0.794412
4 4 0.058165 0.295833 0.041702 0.000005 0.604295
4 4 0.008176 0.131478 0.145121 0.000041 0.715184
4 4 0.139336 0.034464 0.010441 0.000811 0.814948
4 4 0.210929 0.240868 0.070258 0.000084 0.477861
4 4 0.056771 0.166503 0.128487 0.008052 0.640187
4 4 0.343035 0.018528 0.006031 0.000124 0.632281
4 4 0.116842 0.160791 0.075244 0.000023 0.647100
4 4 0.097891 0.111827 0.020733 0.000238 0.769311
4 1 0.391723 0.099007 0.032711 0.000118 0.476441
0 4 0.584655 0.094467 0.024632 0.000417 0.295829
4 4 0.247732 0.072908 0.027002 0.004609 0.647749
0 4 0.582867 0.037343 0.014251 0.001001 0.364538
4 4 0.043806 0.087921 0.029703 0.000335 0.838235
4 4 0.278699 0.061916 0.014432 0.000249 0.644703
4 4 0.084615 0.228279 0.048245 0.001089 0.637772
4 4 0.035211 0.362437 0.044661 0.000002 0.557689
4 4 0.034828 0.183969 0.151251 0.000073 0.629879
4 4 0.037639 0.110747 0.032686 0.000040 0.818888
1 4 0.003898 0.558674 0.149842 0.000000 0.287587
1 4 0.031507 0.502568 0.122166 0.000076 0.343683
1 4 0.018496 0.394330 0.214836 0.000441 0.371897
1 4 0.030768 0.474903 0.078144 0.000023 0.416163
4 4 0.071670 0.306357 0.138207 0.000190 0.483577
1 2 0.102118 0.473780 0.170842 0.000107 0.253153
2 2 0.001961 0.087501 0.892620 0.006391 0.011527
2 1 0.026470 0.268432 0.657786 0.000588 0.046724
2 2 0.041162 0.409695 0.495548 0.000579 0.053016
1 2 0.035768 0.591936 0.334040 0.000001 0.038256
2 2 0.002492 0.109217 0.877810 0.000141 0.010340
1 2 0.199205 0.506940 0.158851 0.001091 0.133913
2 2 0.134054 0.212140 0.639372 0.003489 0.010944
2 2 0.007254 0.314787 0.646431 0.000216 0.031312
2 2 0.004924 0.165062 0.809495 0.000562 0.019956
2 2 0.007370 0.245948 0.738284 0.001197 0.007202
2 2 0.007446 0.239067 0.727487 0.001219 0.024781
2 2 0.001315 0.071056 0.925456 0.000648 0.001526
2 2 0.000623 0.061704 0.931099 0.004984 0.001589
1 2 0.039676 0.558395 0.361800 0.000245 0.039884
2 2 0.002539 0.083407 0.910420 0.001632 0.002002
2 1 0.005474 0.131602 0.860818 0.000300 0.001807
2 1 0.009633 0.088230 0.884121 0.007476 0.010540
2 2 0.009150 0.134019 0.798060 0.013763 0.045009
2 2 0.001241 0.074397 0.807132 0.097568 0.019662
2 2 0.000062 0.017639 0.751383 0.227906 0.003010
2 2 0.006816 0.173390 0.773884 0.019386 0.026524
2 2 0.004285 0.090848 0.894729 0.007612 0.002525
2 2 0.006592 0.258513 0.712507 0.000539 0.021850
2 1 0.007731 0.084265 0.866088 0.035933 0.005984
2 2 0.044168 0.257051 0.569061 0.006244 0.123476
2 2 0.001625 0.127429 0.779113 0.047785 0.044048
2 2 0.050381 0.341764 0.587890 0.003359 0.016607
2 2 0.000618 0.022555 0.967751 0.008502 0.000574
2 2 0.000567 0.023750 0.967053 0.007539 0.001091
2 2 0.003002 0.071887 0.910488 0.012564 0.002058
2 2 0.004188 0.214017 0.728349 0.008975 0.044471
2 1 0.003104 0.148161 0.831816 0.008410 0.008509
2 2 0.005812 0.092198 0.877778 0.017431 0.006781
1 2 0.088983 0.542434 0.245972 0.000342 0.122270
2 2 0.011999 0.248303 0.701444 0.010671 0.027583
2 2 0.010768 0.105108 0.848044 0.020073 0.016006
2 2 0.000369 0.112230 0.880521 0.000718 0.006162
2 2 0.000810 0.046437 0.951060 0.000680 0.001013
2 2 0.000865 0.033663 0.961425 0.003004 0.001043
2 2 0.001361 0.050038 0.940239 0.007923 0.000438
2 2 0.001344 0.011913 0.982977 0.002498 0.001268
2 2 0.000097 0.029739 0.957623 0.010409 0.002131
2 2 0.004881 0.093810 0.783215 0.079420 0.038673
2 2 0.001792 0.165512 0.800803 0.005434 0.026459
2 2 0.000083 0.001500 0.935533 0.062864 0.000020
2 2 0.004521 0.155986 0.826254 0.006444 0.006795
2 2 0.001186 0.034778 0.921251 0.022508 0.020277
2 2 0.000370 0.012375 0.983145 0.003534 0.000576
2 2 0.014400 0.032434 0.511737 0.429916 0.011513
2 0 0.017886 0.212669 0.701271 0.031141 0.037033
2 1 0.004528 0.097457 0.785000 0.106024 0.006992
2 1 0.027122 0.324037 0.338216 0.028509 0.282117
2 2 0.002406 0.083600 0.539377 0.357169 0.017447
2 0 0.076006 0.072107 0.728797 0.117135 0.005956
3 1 0.021626 0.014878 0.272834 0.686145 0.004518
1 2 0.141976 0.426491 0.222439 0.009854 0.199240
2 2 0.031241 0.321265 0.624796 0.005249 0.017448
1 1 0.199509 0.466553 0.280074 0.006738 0.047125
2 2 0.109655 0.165570 0.714821 0.000762 0.009192
2 1 0.055614 0.441985 0.454377 0.004109 0.043914
2 2 0.024123 0.297401 0.618931 0.017128 0.042418
2 1 0.051175 0.406746 0.506331 0.004011 0.031737
2 2 0.202237 0.206060 0.586504 0.001987 0.003212
2 1 0.047488 0.200848 0.726984 0.017447 0.007233
2 1 0.026869 0.404270 0.519822 0.006851 0.042188
1 2 0.344146 0.535279 0.080636 0.000190 0.039749
2 1 0.016066 0.350924 0.616144 0.001679 0.015187
2 1 0.017502 0.142198 0.834700 0.002134 0.003466
2 1 0.062476 0.161137 0.770775 0.003185 0.002427
2 1 0.281483 0.128409 0.582276 0.004909 0.002924
1 2 0.136956 0.639255 0.128509 0.000381 0.094899
2 1 0.017199 0.258838 0.642169 0.023578 0.058217
1 1 0.278435 0.464610 0.165249 0.000069 0.091638
2 2 0.004034 0.154099 0.790819 0.020317 0.030731
1 0 0.031312 0.497224 0.441865 0.000055 0.029544
1 1 0.251687 0.387485 0.270076 0.009716 0.081036
1 1 0.191920 0.605665 0.182888 0.000094 0.019432
2 1 0.013499 0.226044 0.754295 0.000841 0.005322
2 1 0.023029 0.122839 0.830480 0.017143 0.006508
0 1 0.439793 0.333484 0.150304 0.009151 0.067268
2 1 0.002467 0.108153 0.870815 0.013056 0.005509
0 1 0.573647 0.311583 0.078907 0.000770 0.035093
0 1 0.545437 0.351205 0.086335 0.000616 0.016407
2 1 0.097413 0.357591 0.519940 0.000965 0.024091
0 1 0.800335 0.100154 0.091878 0.002053 0.005581
1 2 0.217946 0.443990 0.206717 0.008103 0.123245
0 1 0.767655 0.187121 0.041001 0.000110 0.004112
0 1 0.488672 0.456523 0.039639 0.000001 0.015165
0 1 0.710706 0.222045 0.054270 0.000127 0.012852
0 1 0.436780 0.385268 0.108728 0.003060 0.066164
2 1 0.216107 0.288761 0.446045 0.002398 0.046689
2 1 0.103320 0.319865 0.516225 0.019244 0.041347
2 1 0.077765 0.335851 0.569047 0.003023 0.014315
0 1 0.571230 0.275193 0.093667 0.000319 0.059590
1 1 0.198303 0.553685 0.205386 0.000617 0.042010
0 1 0.512091 0.189944 0.292130 0.001544 0.004291
1 1 0.029406 0.577449 0.385506 0.000008 0.007630
2 2 0.045264 0.212037 0.734609 0.002416 0.005674
1 1 0.082738 0.569731 0.303348 0.003438 0.040744
1 0 0.110124 0.613073 0.261079 0.000272 0.015452
2 0 0.015040 0.195494 0.786281 0.000302 0.002883
1 1 0.047576 0.467296 0.143213 0.001301 0.340613
2 1 0.012057 0.404944 0.492399 0.000610 0.089990
2 1 0.095658 0.343766 0.510982 0.002836 0.046759
4 1 0.142094 0.204425 0.179008 0.001184 0.473289
1 0 0.273841 0.439829 0.198153 0.000611 0.087566
0 1 0.896426 0.039770 0.019830 0.000635 0.043339
4 1 0.099274 0.270548 0.039911 0.000229 0.590038
1 1 0.180175 0.438835 0.365985 0.000328 0.014678
1 1 0.227669 0.475102 0.175781 0.002112 0.119336
1 1 0.294175 0.571140 0.114311 0.000126 0.020249
1 1 0.072139 0.452204 0.423926 0.000243 0.051487
2 1 0.049267 0.304877 0.617158 0.002134 0.026564
2 1 0.216045 0.362257 0.414582 0.000428 0.006688
2 0 0.065160 0.419706 0.443336 0.008518 0.063280
0 0 0.696776 0.205940 0.040516 0.000148 0.056620
0 0 0.991782 0.005782 0.002092 0.000006 0.000339
0 0 0.974065 0.015471 0.008107 0.000300 0.002056
0 0 0.932215 0.023213 0.012485 0.001311 0.030775
0 0 0.818067 0.112652 0.040270 0.001331 0.027680
0 0 0.945196 0.033858 0.011541 0.000125 0.009281
4 0 0.349204 0.236997 0.062262 0.000870 0.350666
0 0 0.906663 0.016291 0.005578 0.000080 0.071388
4 1 0.189366 0.226193 0.024802 0.000026 0.559613
0 1 0.674564 0.124055 0.024990 0.000114 0.176278
2 1 0.194733 0.280689 0.449227 0.014898 0.060454
1 1 0.255259 0.486422 0.214133 0.000958 0.043228
1 1 0.046627 0.384184 0.204833 0.000112 0.364245
1 1 0.351679 0.482183 0.101466 0.000559 0.064113
2 2 0.013517 0.265006 0.648470 0.034628 0.038379
2 2 0.013368 0.423912 0.443963 0.005405 0.113352
1 2 0.071120 0.610141 0.195308 0.001366 0.122065
2 2 0.008439 0.347816 0.631251 0.000155 0.012340
2 2 0.012895 0.259955 0.669872 0.023560 0.033717
2 2 0.002563 0.024267 0.934017 0.038223 0.000929
2 2 0.048225 0.353321 0.581329 0.002586 0.014539
2 2 0.004049 0.069058 0.897727 0.026993 0.002173
2 2 0.006014 0.099620 0.891743 0.001041 0.001581
2 2 0.016899 0.368512 0.530240 0.017475 0.066874
2 2 0.002597 0.038832 0.865883 0.091274 0.001414
2 2 0.001352 0.019090 0.972632 0.006605 0.000321
2 2 0.000335 0.010680 0.962157 0.026646 0.000183
2 2 0.007013 0.252862 0.696016 0.029771 0.014338
2 2 0.003731 0.026732 0.548416 0.418734 0.002387
2 2 0.000156 0.034604 0.872042 0.090114 0.003085
2 2 0.004819 0.112926 0.819536 0.053420 0.009298
2 2 0.007781 0.241344 0.733640 0.007247 0.009989
3 2 0.000356 0.022596 0.298959 0.672300 0.005788
2 2 0.003130 0.038876 0.780924 0.175874 0.001196
2 3 0.000006 0.002586 0.897015 0.100336 0.000057
2 3 0.000104 0.012050 0.909135 0.078469 0.000242
2 3 0.009042 0.092466 0.887643 0.008576 0.002273
2 3 0.003425 0.010754 0.666635 0.318790 0.000396
2 3 0.001938 0.030619 0.521915 0.440980 0.004548
3 3 0.000437 0.016519 0.386042 0.594547 0.002456
2 3 0.001469 0.081289 0.576862 0.318131 0.022249
3 3 0.000007 0.002717 0.284581 0.712237 0.000458
2 3 0.000797 0.006947 0.507687 0.484211 0.000359
3 3 0.000631 0.022072 0.317181 0.655064 0.005052
2 3 0.001056 0.016796 0.495716 0.484003 0.002428
3 3 0.000005 0.000980 0.121485 0.877218 0.000312
3 3 0.000054 0.003873 0.091279 0.903917 0.000878
3 3 0.000015 0.001399 0.482771 0.515743 0.000072
3 3 0.000186 0.004773 0.067376 0.926047 0.001619
3 3 0.000060 0.003443 0.079989 0.915509 0.000998
3 3 0.000066 0.001275 0.262000 0.736587 0.000073
3 3 0.000195 0.010977 0.178187 0.807474 0.003168
2 3 0.010242 0.065142 0.796108 0.124672 0.003837
3 3 0.000373 0.012490 0.289237 0.696009 0.001891
3 3 0.000164 0.004477 0.152128 0.841965 0.001266
3 3 0.000249 0.010811 0.122829 0.863992 0.002119
2 3 0.000238 0.033691 0.555070 0.405633 0.005369
3 3 0.000069 0.002050 0.039319 0.957650 0.000913
3 3 0.000016 0.001117 0.059236 0.939398 0.000232
3 3 0.000327 0.013922 0.183456 0.798831 0.003464
3 3 0.000028 0.000508 0.052785 0.946573 0.000106
3 3 0.000004 0.000296 0.179017 0.820664 0.000019
3 3 0.000023 0.000554 0.013047 0.986102 0.000275
3 3 0.003046 0.027681 0.190539 0.774457 0.004277
3 3 0.000019 0.000281 0.011495 0.988114 0.000091
3 3 0.000001 0.000138 0.028189 0.971628 0.000043
3 3 0.000018 0.001432 0.147740 0.850528 0.000283
3 3 0.000013 0.001056 0.057541 0.940993 0.000397
2 3 0.000046 0.006530 0.700622 0.292246 0.000555
3 3 0.000087 0.001502 0.021347 0.976227 0.000837
3 3 0.000046 0.000777 0.012355 0.986418 0.000405
3 3 0.000002 0.000154 0.025984 0.973813 0.000046
3 3 0.000596 0.008635 0.064449 0.921497 0.004823
2 3 0.001633 0.081893 0.507488 0.389128 0.019858
3 3 0.000271 0.014245 0.231372 0.749022 0.005091
3 3 0.000196 0.003376 0.041297 0.953009 0.002122
3 3 0.000021 0.002913 0.133373 0.863089 0.000604
3 3 0.000109 0.003168 0.080898 0.912707 0.003117
3 3 0.000007 0.001986 0.207326 0.790244 0.000437
3 3 0.000032 0.001169 0.027962 0.970456 0.000380
3 3 0.000093 0.001176 0.024186 0.974177 0.000368
3 3 0.000451 0.005318 0.060320 0.932560 0.001351
3 3 0.000084 0.002047 0.038201 0.958509 0.001158
3 3 0.000155 0.003634 0.086102 0.908819 0.001290
3 3 0.000487 0.007556 0.074649 0.911106 0.006202
2 3 0.001201 0.032236 0.628217 0.332368 0.005978
3 3 0.000001 0.000141 0.021476 0.978326 0.000056
3 3 0.000453 0.010985 0.082800 0.902392 0.003370
3 3 0.000355 0.002977 0.042301 0.953699 0.000669
3 3 0.000050 0.001228 0.023241 0.974889 0.000592
3 3 0.000017 0.000698 0.026882 0.972065 0.000339
3 3 0.000116 0.003636 0.056375 0.938471 0.001401
3 3 0.000158 0.000888 0.022281 0.976510 0.000165
3 3 0.000559 0.005714 0.037936 0.952059 0.003732
3 3 0.000191 0.011433 0.174676 0.810867 0.002834
3 3 0.000381 0.004955 0.040564 0.951146 0.002952
3 3 0.000098 0.002902 0.056459 0.939028 0.001515
3 3 0.000156 0.002752 0.090506 0.905728 0.000858
3 3 0.000623 0.011938 0.128220 0.855541 0.003678
3 3 0.000027 0.001688 0.074167 0.923323 0.000795
3 3 0.000246 0.006414 0.085139 0.904862 0.003339
3 3 0.000004 0.000273 0.138595 0.861100 0.000028
3 3 0.000078 0.003206 0.114688 0.880862 0.001166
3 3 0.000360 0.000882 0.021806 0.976802 0.000150
3 3 0.001342 0.010881 0.048608 0.931952 0.007216
3 3 0.000231 0.013850 0.167662 0.815609 0.002648
3 3 0.000097 0.001369 0.017051 0.980655 0.000828
3 3 0.000113 0.005462 0.097623 0.895139 0.001663
3 3 0.000222 0.004065 0.050469 0.942744 0.002500
3 3 0.000181 0.004937 0.066219 0.926552 0.002112
3 3 0.000065 0.001105 0.050270 0.948281 0.000280
3 3 0.000128 0.002145 0.036638 0.959933 0.001156
3 3 0.000058 0.001326 0.022417 0.975593 0.000606
3 3 0.000331 0.008016 0.069073 0.919959 0.002621
3 3 0.000004 0.000265 0.019568 0.980050 0.000113
3 3 0.000019 0.000255 0.087049 0.912646 0.000031
3 3 0.000001 0.000157 0.063928 0.935890 0.000024
3 3 0.000100 0.001594 0.020823 0.976587 0.000896
3 3 0.000509 0.004858 0.031166 0.960336 0.003130
3 3 0.000088 0.001358 0.022087 0.975231 0.001235
2 3 0.001215 0.071711 0.488854 0.423571 0.014650
3 3 0.000129 0.015684 0.418969 0.561153 0.004064
3 3 0.000008 0.000424 0.021581 0.977789 0.000198
3 3 0.000326 0.004063 0.031556 0.961842 0.002213
3 3 0.000114 0.005053 0.090761 0.902389 0.001684
3 3 0.000357 0.010569 0.317784 0.669431 0.001859
3 3 0.000252 0.002498 0.057581 0.938749 0.000920
3 3 0.000067 0.003786 0.101079 0.893655 0.001413
3 3 0.000074 0.001100 0.019869 0.978449 0.000508
3 0 0.002078 0.009535 0.178890 0.808724 0.000774
2 0 0.031532 0.244978 0.639740 0.029711 0.054038
0 2 0.866582 0.079975 0.046822 0.000882 0.005739
4 2 0.040130 0.086834 0.109710 0.056994 0.706332
0 1 0.626412 0.133212 0.042478 0.001799 0.196097
1 1 0.299974 0.412823 0.192784 0.001337 0.093082
0 0 0.378281 0.249159 0.066989 0.002673 0.302898
2 0 0.012370 0.094387 0.559811 0.113358 0.220074
0 1 0.497577 0.185847 0.183779 0.001033 0.131764
4 1 0.013660 0.316495 0.198642 0.000148 0.471055
1 1 0.306670 0.526103 0.108741 0.000344 0.058142
1 1 0.272513 0.425648 0.108788 0.000140 0.192911
0 1 0.480038 0.400572 0.075238 0.000187 0.043965
1 1 0.231673 0.485462 0.100166 0.001908 0.180792
1 1 0.083421 0.576154 0.251314 0.002076 0.087034
2 1 0.018312 0.298681 0.596788 0.012302 0.073917
1 1 0.134415 0.632006 0.155450 0.000025 0.078104
1 1 0.238345 0.524231 0.085951 0.000447 0.151026
1 1 0.279262 0.594991 0.097631 0.000048 0.028069
2 1 0.083439 0.412121 0.483848 0.000177 0.020415
2 1 0.050221 0.357399 0.572075 0.002327 0.017977
1 2 0.283322 0.480688 0.122951 0.000264 0.112776
1 2 0.190928 0.539389 0.232738 0.000438 0.036507
0 2 0.447614 0.410962 0.121253 0.000577 0.019594
2 2 0.068782 0.356812 0.517464 0.014507 0.042436
1 2 0.111948 0.580576 0.261159 0.000819 0.045499
0 1 0.414441 0.346815 0.108818 0.000231 0.129696
1 1 0.241764 0.624788 0.098504 0.000377 0.034567
2 1 0.022641 0.301176 0.638625 0.013822 0.023736
0 1 0.829157 0.112031 0.057146 0.000272 0.001394
2 1 0.009651 0.305038 0.645281 0.003911 0.036118
0 1 0.489076 0.422462 0.065188 0.000106 0.023169
2 1 0.087831 0.325808 0.574433 0.002143 0.009785
2 1 0.027479 0.206888 0.760782 0.000658 0.004193
1 1 0.235579 0.532229 0.145524 0.000043 0.086625
1 1 0.408797 0.411846 0.098970 0.000348 0.080038
1 1 0.065982 0.627627 0.283014 0.000104 0.023273
2 1 0.041957 0.270558 0.670128 0.003482 0.013874
1 1 0.385461 0.387818 0.205277 0.000936 0.020508
2 1 0.005056 0.062982 0.922202 0.007835 0.001926
1 1 0.004474 0.669757 0.278452 0.000053 0.047264
2 1 0.010431 0.178092 0.763162 0.026567 0.021748
2 1 0.008367 0.387807 0.562776 0.003273 0.037776
2 1 0.111047 0.414504 0.464173 0.000244 0.010032
2 2 0.036179 0.342690 0.553131 0.003292 0.064709
1 1 0.177466 0.629092 0.121831 0.001017 0.070595
2 1 0.029338 0.315556 0.578800 0.021456 0.054850
2 1 0.003742 0.289694 0.640623 0.009786 0.056155
1 1 0.234487 0.313374 0.294566 0.000165 0.157409
1 1 0.144667 0.445842 0.325324 0.001889 0.082278
1 1 0.324612 0.411056 0.219993 0.003274 0.041064
1 1 0.177804 0.619909 0.174154 0.000264 0.027869
1 1 0.116867 0.512186 0.276442 0.000086 0.094418
2 1 0.042364 0.369181 0.568074 0.001316 0.019066
1 1 0.267644 0.603470 0.108581 0.000183 0.020122
0 1 0.609259 0.265458 0.099522 0.000042 0.025719
1 1 0.067512 0.521606 0.351034 0.005532 0.054316
0 1 0.720138 0.257606 0.015484 0.000000 0.006772
0 1 0.546729 0.232782 0.192490 0.000159 0.027839
2 1 0.008839 0.257335 0.723468 0.000518 0.009839
1 1 0.141718 0.483331 0.294155 0.000314 0.080481
1 1 0.279705 0.434508 0.229712 0.000180 0.055895
1 1 0.127540 0.496907 0.356615 0.000584 0.018354
0 1 0.780394 0.169357 0.024226 0.000014 0.026009
1 1 0.037162 0.453286 0.418437 0.000683 0.090432
0 1 0.508190 0.384172 0.086133 0.000713 0.020792
0 1 0.793545 0.081188 0.032173 0.001132 0.091962
0 1 0.567943 0.353233 0.058339 0.000010 0.020475
2 1 0.007912 0.287379 0.605389 0.018252 0.081068
1 1 0.138356 0.623235 0.203393 0.000181 0.034834
0 0 0.651731 0.279067 0.046995 0.000026 0.022181
0 1 0.814244 0.111698 0.031562 0.000015 0.042482
1 1 0.187877 0.352119 0.219554 0.000905 0.239546
2 2 0.149669 0.339050 0.465672 0.003103 0.042505
2 2 0.006560 0.271666 0.684737 0.000431 0.036606
2 2 0.008927 0.356581 0.590064 0.000310 0.044117
2 2 0.037932 0.313542 0.623667 0.007266 0.017593
2 4 0.009285 0.094528 0.864453 0.019661 0.012073
2 4 0.012902 0.309324 0.558243 0.000300 0.119231
4 4 0.139064 0.098901 0.035514 0.000330 0.726190
4 4 0.007741 0.101430 0.117708 0.000108 0.773013
4 4 0.022382 0.012744 0.005186 0.000091 0.959596
4 4 0.117011 0.012183 0.002977 0.000063 0.867766
4 4 0.163579 0.041617 0.008690 0.000116 0.785998
4 4 0.210511 0.035768 0.011270 0.000782 0.741669
4 4 0.302355 0.143191 0.044099 0.000466 0.509889
4 4 0.082231 0.028733 0.008487 0.000611 0.879937
4 4 0.034779 0.030379 0.010248 0.000317 0.924277
4 4 0.113390 0.029913 0.009820 0.000549 0.846328
4 4 0.074846 0.270289 0.170039 0.000351 0.484475
4 4 0.247911 0.044663 0.014972 0.001333 0.691121
4 4 0.061921 0.013196 0.003173 0.000102 0.921608
4 4 0.344668 0.043737 0.015229 0.001226 0.595140
0 4 0.580775 0.043002 0.016920 0.001450 0.357854
4 4 0.030295 0.045752 0.030582 0.001620 0.891751
4 4 0.193853 0.169533 0.035254 0.000694 0.600666
0 4 0.528754 0.013659 0.004100 0.000070 0.453416
0 4 0.590439 0.072047 0.021875 0.000673 0.314966
4 4 0.035299 0.081867 0.009331 0.000006 0.873497
4 4 0.109009 0.063965 0.023733 0.000040 0.803251
4 4 0.181290 0.045883 0.015025 0.001543 0.756259
0 4 0.551463 0.017850 0.005723 0.000142 0.424822
4 4 0.055883 0.049162 0.021431 0.001002 0.872523
0 4 0.810783 0.022105 0.009448 0.000456 0.157208
4 4 0.354604 0.150242 0.101819 0.008291 0.385044
4 4 0.063674 0.065039 0.041764 0.000135 0.829388
4 4 0.275166 0.075954 0.018011 0.000368 0.630502
4 4 0.031816 0.354596 0.180029 0.000240 0.433319
4 4 0.047708 0.024521 0.028997 0.000089 0.898684
4 4 0.031966 0.025345 0.010981 0.000464 0.931244
4 4 0.124957 0.011779 0.002871 0.000057 0.860336
4 4 0.137317 0.014402 0.004235 0.000079 0.843966
4 4 0.320970 0.015134 0.004209 0.000083 0.659605
4 4 0.185784 0.021576 0.006080 0.000225 0.786335
4 4 0.018517 0.152583 0.061455 0.000004 0.767441
4 4 0.160538 0.061843 0.026125 0.000685 0.750809
4 4 0.025595 0.070739 0.028326 0.000040 0.875299
4 2 0.044731 0.145418 0.063925 0.000019 0.745907
1 2 0.186865 0.385633 0.049141 0.000005 0.378356
4 2 0.117115 0.318446 0.093332 0.000700 0.470407
4 2 0.077868 0.103803 0.034646 0.000364 0.783320
4 2 0.131768 0.318671 0.100953 0.000279 0.448329
1 2 0.038991 0.563926 0.220198 0.000101 0.176784
1 2 0.037032 0.400837 0.286843 0.000244 0.275045
1 2 0.017307 0.394941 0.392913 0.000162 0.194677
1 2 0.032093 0.410195 0.239752 0.000070 0.317890
2 2 0.007629 0.345134 0.590622 0.000576 0.056039
1 2 0.130283 0.520467 0.207828 0.000524 0.140898
2 2 0.015378 0.308654 0.564026 0.014429 0.097513
2 2 0.032899 0.347548 0.520620 0.005276 0.093658
2 2 0.061709 0.224337 0.535910 0.004391 0.173653
2 2 0.000977 0.143552 0.836558 0.007556 0.011357
2 2 0.004480 0.243742 0.680094 0.000118 0.071567
2 2 0.000704 0.072290 0.912150 0.001530 0.013326
2 2 0.002968 0.040879 0.950654 0.003468 0.002031
2 2 0.005344 0.055856 0.901471 0.030087 0.007242
2 2 0.002681 0.054445 0.935935 0.000101 0.006838
2 2 0.000121 0.008438 0.987872 0.000214 0.003355
2 2 0.011958 0.108911 0.855259 0.000122 0.023751
2 2 0.001452 0.093633 0.891916 0.000178 0.012821
2 2 0.004929 0.111450 0.873751 0.000317 0.009553
4 2 0.043539 0.279337 0.317621 0.000324 0.359179
2 2 0.102324 0.390076 0.417930 0.000206 0.089464
2 2 0.026640 0.132392 0.761437 0.005218 0.074313
2 2 0.080345 0.239479 0.577434 0.000335 0.102407
2 2 0.014337 0.107376 0.872475 0.000426 0.005386
2 2 0.003182 0.115242 0.865651 0.000379 0.015547
2 2 0.022990 0.170586 0.790290 0.000221 0.015912
2 2 0.009329 0.224205 0.692538 0.000933 0.072996
2 2 0.004826 0.145709 0.821866 0.014872 0.012727
1 2 0.091997 0.478542 0.311638 0.000314 0.117510
2 2 0.050237 0.147415 0.775367 0.010195 0.016787
0 2 0.485437 0.374874 0.039301 0.000015 0.100373
1 2 0.182003 0.393870 0.377577 0.005898 0.040651
0 2 0.442446 0.408004 0.122586 0.000436 0.026527
0 0 0.546028 0.369378 0.054597 0.000068 0.029929
0 2 0.737965 0.106000 0.021885 0.000091 0.134058
2 0 0.212984 0.211498 0.524097 0.006432 0.044989
0 1 0.628811 0.177555 0.113680 0.004962 0.074993
1 1 0.216314 0.544016 0.136526 0.000191 0.102953
1 1 0.053038 0.611609 0.246304 0.001670 0.087380
2 1 0.145512 0.238778 0.601102 0.004900 0.009708
1 1 0.210342 0.523278 0.080635 0.000016 0.185729
1 1 0.023597 0.514631 0.437144 0.000475 0.024153
0 1 0.689319 0.163936 0.119711 0.000256 0.026778
1 1 0.094978 0.669303 0.218411 0.000052 0.017256
1 1 0.238828 0.538510 0.142697 0.000041 0.079923
0 2 0.564850 0.269984 0.117400 0.005680 0.042087
1 0 0.191755 0.491932 0.278697 0.001199 0.036417
1 1 0.123638 0.504592 0.176928 0.000258 0.194585
1 1 0.144944 0.581433 0.149277 0.000941 0.123404
1 1 0.022158 0.534810 0.418117 0.000098 0.024817
1 1 0.256344 0.493528 0.149272 0.000219 0.100638
1 1 0.279765 0.431572 0.199301 0.009841 0.079520
1 1 0.227186 0.419869 0.243749 0.005131 0.104065
4 1 0.021274 0.276526 0.248117 0.003158 0.450926
4 2 0.052977 0.150755 0.141483 0.002528 0.652256
2 1 0.017115 0.232465 0.535474 0.035387 0.179559
0 1 0.842333 0.103432 0.038698 0.001251 0.014287
2 0 0.082475 0.426253 0.438267 0.001530 0.051475
2 0 0.187284 0.145228 0.651039 0.000508 0.015941
1 1 0.188283 0.360596 0.356254 0.010511 0.084356
4 2 0.024188 0.074769 0.049306 0.000388 0.851349
4 2 0.016981 0.123673 0.102012 0.000317 0.757017
4 2 0.188633 0.337642 0.120522 0.000440 0.352763
1 2 0.140679 0.405664 0.402293 0.001383 0.049982
2 2 0.003751 0.136327 0.847038 0.004825 0.008060
2 2 0.034315 0.280032 0.378882 0.000623 0.306148
1 2 0.036230 0.500383 0.331755 0.000461 0.131172
1 2 0.405206 0.448445 0.121248 0.000362 0.024739
2 2 0.248089 0.288928 0.441166 0.000473 0.021345
2 2 0.005509 0.330714 0.643858 0.000069 0.019850
2 2 0.001681 0.098556 0.896315 0.001117 0.002331
2 2 0.016399 0.173866 0.802298 0.002322 0.005115
2 2 0.010226 0.093168 0.894840 0.000603 0.001164
1 2 0.127468 0.690168 0.125679 0.000106 0.056579
2 2 0.006131 0.095966 0.895372 0.000683 0.001848
1 1 0.107972 0.436443 0.421281 0.000079 0.034226
2 1 0.030945 0.439395 0.492799 0.001746 0.035114
1 1 0.175769 0.634247 0.161828 0.000074 0.028083
1 2 0.065337 0.606006 0.262898 0.000105 0.065653
1 2 0.220656 0.479208 0.284251 0.000502 0.015383
2 2 0.004240 0.259443 0.712131 0.005141 0.019045
1 2 0.183414 0.432460 0.361502 0.000329 0.022295
1 2 0.088562 0.690414 0.211736 0.000018 0.009270
2 2 0.040949 0.400888 0.535678 0.000998 0.021487
1 2 0.035531 0.515261 0.358781 0.000177 0.090250
2 2 0.050097 0.179884 0.765604 0.000446 0.003968
2 1 0.019278 0.335133 0.624699 0.001062 0.019828
2 1 0.001864 0.087705 0.907848 0.000275 0.002308
2 2 0.007527 0.184387 0.766402 0.001563 0.040121
2 2 0.124743 0.299493 0.551168 0.000049 0.024547
2 2 0.103885 0.359411 0.506079 0.000971 0.029654
0 2 0.783497 0.156837 0.050682 0.000897 0.008086
1 2 0.199208 0.486172 0.299770 0.000217 0.014633
2 2 0.029816 0.458926 0.494664 0.000033 0.016561
2 2 0.001968 0.124197 0.868143 0.000923 0.004769
0 2 0.459227 0.293488 0.236462 0.000446 0.010377
1 2 0.205734 0.397648 0.391250 0.000096 0.005272
2 1 0.094060 0.365966 0.524350 0.000029 0.015595
0 2 0.436877 0.407955 0.131183 0.000088 0.023897
1 2 0.055692 0.492061 0.432237 0.000506 0.019504
2 2 0.003939 0.240134 0.750227 0.000183 0.005516
2 0 0.015119 0.240135 0.724717 0.001460 0.018569
1 0 0.152481 0.717243 0.083787 0.000069 0.046420
1 1 0.201006 0.362702 0.095604 0.000488 0.340200
1 0 0.091167 0.427235 0.232655 0.000256 0.248686
0 1 0.720489 0.167323 0.050411 0.000176 0.061601
4 0 0.191317 0.218376 0.053648 0.000183 0.536476
0 1 0.953562 0.029021 0.008216 0.000035 0.009165
0 1 0.722596 0.165200 0.058829 0.001144 0.052231
0 1 0.842476 0.121159 0.033034 0.000177 0.003155
0 1 0.520904 0.347994 0.111827 0.000830 0.018445
0 1 0.723783 0.165050 0.084265 0.000067 0.026836
4 1 0.012515 0.261392 0.323346 0.001555 0.401193
1 1 0.059337 0.455121 0.438964 0.002396 0.044182
1 1 0.072833 0.390730 0.332573 0.011577 0.192286
2 1 0.017321 0.294196 0.543854 0.000074 0.144555
1 1 0.098942 0.446949 0.406469 0.000684 0.046957
1 1 0.076563 0.511675 0.377161 0.001188 0.033414
1 1 0.088535 0.486342 0.366289 0.000672 0.058162
0 1 0.517622 0.237123 0.165692 0.000629 0.078933
0 1 0.902155 0.073231 0.017318 0.000046 0.007250
1 1 0.176203 0.430811 0.182881 0.002818 0.207287
1 1 0.147264 0.596460 0.167369 0.000299 0.088607
1 1 0.383064 0.437556 0.058028 0.000080 0.121272
1 1 0.038952 0.529556 0.257813 0.002761 0.170918
1 4 0.348989 0.429214 0.207036 0.001271 0.013490
1 1 0.221635 0.584543 0.120301 0.000207 0.073314
0 1 0.665467 0.231417 0.059406 0.000413 0.043298
1 1 0.261509 0.392805 0.303682 0.001135 0.040870
0 1 0.545339 0.326113 0.102352 0.000034 0.026162
1 1 0.280982 0.515356 0.078233 0.000294 0.125134
0 1 0.442331 0.380554 0.060155 0.000172 0.116788
0 1 0.349143 0.294726 0.164314 0.000074 0.191743
1 1 0.163997 0.540760 0.212465 0.000814 0.081965
1 1 0.229239 0.502164 0.232464 0.003763 0.032370
1 1 0.084421 0.576649 0.287205 0.000863 0.050862
1 1 0.177512 0.478148 0.335715 0.000205 0.008419
1 1 0.252734 0.532022 0.162191 0.001915 0.051139
1 1 0.249335 0.518244 0.184432 0.000113 0.047875
1 1 0.119589 0.431576 0.154002 0.000483 0.294350
0 1 0.802578 0.152193 0.013588 0.000001 0.031640
1 1 0.162271 0.432906 0.143923 0.000419 0.260482
2 1 0.165441 0.295343 0.404699 0.001494 0.133023
2 0 0.062213 0.387696 0.483937 0.000344 0.065810
0 0 0.915713 0.051580 0.020630 0.000602 0.011474
0 1 0.763681 0.168171 0.022607 0.000012 0.045529
1 1 0.243890 0.666246 0.068851 0.000000 0.021013
1 1 0.086133 0.564880 0.308437 0.000526 0.040024
0 1 0.482677 0.237753 0.027293 0.000017 0.252259
0 1 0.751492 0.201164 0.025202 0.000008 0.022134
1 1 0.038132 0.545896 0.293456 0.000725 0.121792
2 1 0.053587 0.418473 0.419968 0.009262 0.098710
1 1 0.357206 0.554380 0.074568 0.000078 0.013769
0 1 0.925594 0.053047 0.009025 0.000005 0.012328
2 1 0.030894 0.264999 0.668196 0.002362 0.033550
1 1 0.144997 0.724808 0.091606 0.000000 0.038588
2 1 0.033030 0.383867 0.543365 0.000969 0.038769
0 1 0.757299 0.183166 0.033418 0.000063 0.026053
1 1 0.054838 0.752504 0.093362 0.000470 0.098825
1 1 0.133337 0.397452 0.393499 0.001532 0.074180
1 1 0.186812 0.537436 0.249666 0.000163 0.025923
1 2 0.141169 0.575122 0.236384 0.000989 0.046336
2 2 0.003603 0.067771 0.915573 0.003860 0.009194
2 2 0.019932 0.350604 0.591632 0.002130 0.035703
2 2 0.012123 0.090318 0.872845 0.015922 0.008793
1 2 0.015591 0.543235 0.401989 0.000020 0.039165
2 2 0.066076 0.315717 0.599483 0.002484 0.016240
2 2 0.004770 0.111376 0.878355 0.001185 0.004314
2 2 0.008628 0.122546 0.844211 0.001538 0.023078
1 2 0.046536 0.569954 0.358792 0.000596 0.024122
1 2 0.083195 0.730827 0.161069 0.000071 0.024838
2 2 0.059793 0.325487 0.605842 0.000287 0.008591
1 2 0.310229 0.532900 0.129188 0.000480 0.027203
1 2 0.253315 0.527768 0.114458 0.000019 0.104439
2 2 0.079251 0.375285 0.488246 0.021815 0.035403
2 1 0.002753 0.075560 0.719571 0.188607 0.013509
2 2 0.160843 0.325782 0.450529 0.023946 0.038900
1 2 0.128900 0.417288 0.404916 0.015661 0.033236
0 2 0.450007 0.087452 0.379102 0.080849 0.002591
3 1 0.031214 0.040824 0.308911 0.616444 0.002608
2 2 0.172004 0.170726 0.344634 0.289767 0.022869
0 2 0.481628 0.091082 0.396727 0.016239 0.014324
0 2 0.784411 0.069881 0.126977 0.013953 0.004779
2 1 0.238161 0.332292 0.371122 0.028151 0.030275
0 2 0.464273 0.333145 0.150201 0.011941 0.040440
0 2 0.250495 0.163312 0.226998 0.136195 0.223001
2 2 0.012237 0.341614 0.579792 0.023133 0.043224
3 2 0.067064 0.007215 0.163920 0.759977 0.001825
2 2 0.038645 0.286045 0.556071 0.088526 0.030713
3 2 0.018165 0.005342 0.155864 0.820385 0.000244
0 2 0.844215 0.016225 0.097268 0.041118 0.001174
2 2 0.112625 0.061406 0.645397 0.145373 0.035199
0 2 0.566340 0.052223 0.216627 0.161001 0.003810
0 2 0.736100 0.036674 0.209361 0.017596 0.000269
0 2 0.455130 0.252773 0.127676 0.016689 0.147732
2 2 0.021673 0.101663 0.582141 0.225602 0.068920
1 2 0.066194 0.476009 0.433427 0.004321 0.020049
3 2 0.081735 0.052456 0.260568 0.593513 0.011728
2 2 0.059950 0.289200 0.633803 0.010640 0.006408
2 2 0.030505 0.299980 0.415157 0.043148 0.211210
1 2 0.097271 0.422945 0.384090 0.001658 0.094036
2 2 0.028204 0.251508 0.675797 0.018143 0.026348
2 2 0.000861 0.041836 0.497852 0.451663 0.007788
1 2 0.058734 0.516132 0.340576 0.009822 0.074736
2 2 0.014262 0.051829 0.792528 0.139369 0.002012
1 2 0.091459 0.540817 0.340488 0.000791 0.026445
1 2 0.315776 0.402432 0.146081 0.024775 0.110936
1 2 0.233416 0.401599 0.307895 0.023570 0.033519
0 0 0.591085 0.250130 0.133787 0.007082 0.017915
2 0 0.142851 0.281447 0.414984 0.091455 0.069262
0 0 0.956509 0.017468 0.013204 0.004154 0.008665
0 0 0.912571 0.056627 0.025133 0.000945 0.004723
0 0 0.740611 0.138305 0.065740 0.002732 0.052612
0 1 0.750113 0.137986 0.089437 0.001735 0.020729
0 1 0.667285 0.126782 0.098409 0.005512 0.102013
0 1 0.619802 0.212728 0.105132 0.009650 0.052689
2 1 0.156218 0.073079 0.455409 0.310021 0.005274
2 1 0.032187 0.078867 0.491300 0.352593 0.045053
1 1 0.130284 0.535963 0.244080 0.003727 0.085946
1 1 0.229744 0.385178 0.184751 0.049257 0.151071
2 2 0.072872 0.422798 0.428018 0.014281 0.062032
2 1 0.052844 0.355179 0.520518 0.015682 0.055777
0 0 0.490514 0.294117 0.146276 0.004880 0.064213
0 1 0.469608 0.307618 0.150497 0.001887 0.070389
2 1 0.143161 0.301462 0.501426 0.025550 0.028400
