0 0 0.836274 0.093908 0.017672 0.000039 0.052108
0 0 0.798119 0.096583 0.052457 0.003086 0.049754
0 0 0.973149 0.009732 0.006970 0.000148 0.010001
0 0 0.895565 0.052967 0.014813 0.000500 0.036154
0 0 0.686801 0.035192 0.076213 0.004891 0.196903
0 0 0.845160 0.032561 0.004270 0.000140 0.117868
0 0 0.481546 0.073423 0.005129 0.000198 0.439702
0 0 0.514676 0.016966 0.005307 0.000132 0.462918
0 0 0.916569 0.019439 0.002135 0.000070 0.061786
0 0 0.904841 0.015120 0.000774 0.000022 0.079243
0 0 0.756938 0.072727 0.018964 0.000161 0.151211
0 0 0.485359 0.026568 0.011250 0.000516 0.476307
0 0 0.795962 0.032643 0.001844 0.000009 0.169543
0 0 0.930981 0.031000 0.022991 0.000203 0.014824
0 0 0.754671 0.079652 0.108979 0.026025 0.030674
0 0 0.789707 0.087681 0.013224 0.000025 0.109363
0 0 0.974738 0.008680 0.002905 0.000040 0.013636
1 1 0.041030 0.362344 0.233709 0.000816 0.362100
4 1 0.016703 0.191793 0.132631 0.000007 0.658866
4 1 0.023058 0.167892 0.101551 0.000025 0.707474
4 1 0.004061 0.182765 0.326064 0.000144 0.486967
4 1 0.221312 0.228258 0.035256 0.000004 0.515169
4 4 0.036021 0.088176 0.024840 0.000001 0.850963
4 4 0.027984 0.036126 0.008512 0.000002 0.927376
4 4 0.063235 0.107505 0.034344 0.000060 0.794856
4 4 0.009337 0.088761 0.058552 0.000003 0.843348
4 4 0.009241 0.171081 0.209265 0.000952 0.609460
4 4 0.003430 0.033248 0.030903 0.000028 0.932392
4 4 0.024414 0.166752 0.113404 0.000213 0.695217
4 4 0.011299 0.039855 0.019395 0.000013 0.929438
4 4 0.007414 0.037969 0.028486 0.000222 0.925909
4 4 0.048662 0.124161 0.042478 0.000034 0.784664
4 4 0.030273 0.200499 0.101160 0.000008 0.668061
4 4 0.051122 0.030616 0.005614 0.000009 0.912638
4 4 0.009495 0.061747 0.036930 0.000007 0.891821
4 4 0.012613 0.057326 0.026168 0.000002 0.903890
4 4 0.031787 0.040210 0.010603 0.000003 0.917395
4 4 0.015418 0.153905 0.124540 0.000119 0.706018
4 4 0.013397 0.087905 0.052070 0.000011 0.846617
4 4 0.026479 0.094165 0.034659 0.000001 0.844696
4 4 0.012902 0.051725 0.025138 0.000012 0.910223
4 4 0.010167 0.145524 0.132973 0.000022 0.711314
4 4 0.007406 0.072237 0.058631 0.000022 0.861704
4 4 0.092321 0.336124 0.118667 0.000040 0.452848
4 4 0.042851 0.253610 0.115767 0.000015 0.587758
4 4 0.019329 0.185800 0.137678 0.000042 0.657152
2 4 0.011646 0.225731 0.639515 0.006323 0.116785
1 4 0.064652 0.396590 0.207803 0.000368 0.330587
0 4 0.889550 0.036438 0.001327 0.000007 0.072678
0 0 0.839534 0.112775 0.021766 0.000034 0.025890
0 0 0.914946 0.011381 0.003351 0.001313 0.069010
0 0 0.909061 0.040845 0.008818 0.000161 0.041115
0 0 0.977969 0.007195 0.003567 0.000065 0.011204
0 0 0.963617 0.013842 0.003596 0.000052 0.018893
0 0 0.984250 0.006663 0.003062 0.000013 0.006013
0 0 0.975437 0.006885 0.006978 0.000343 0.010357
0 0 0.995430 0.000546 0.001197 0.000049 0.002777
0 0 0.882906 0.021997 0.003966 0.000008 0.091122
4 0 0.401280 0.059586 0.009942 0.000069 0.529123
0 0 0.820476 0.029497 0.001699 0.000003 0.148326
0 0 0.466062 0.124366 0.010146 0.000003 0.399424
0 0 0.791226 0.044141 0.010496 0.000114 0.154024
4 0 0.172184 0.070344 0.006805 0.000001 0.750666
4 1 0.114537 0.257211 0.062796 0.000006 0.565450
4 1 0.149396 0.056770 0.005776 0.000001 0.788057
1 1 0.071905 0.386416 0.155892 0.000034 0.385752
4 1 0.365998 0.052816 0.005932 0.000025 0.575230
4 1 0.056759 0.158585 0.051696 0.000058 0.732902
1 1 0.046757 0.417108 0.261570 0.001056 0.273510
4 1 0.031662 0.286256 0.213179 0.001586 0.467317
2 1 0.008055 0.198888 0.529475 0.000997 0.262585
2 1 0.017472 0.310571 0.586355 0.005676 0.079925
4 1 0.021481 0.315094 0.254405 0.000056 0.408964
4 1 0.099477 0.282025 0.225827 0.002375 0.390296
2 1 0.001759 0.071055 0.864944 0.033402 0.028839
2 1 0.001186 0.184452 0.794004 0.001554 0.018805
4 1 0.060584 0.300030 0.148844 0.000169 0.490373
2 2 0.001919 0.141974 0.828728 0.001149 0.026230
2 2 0.002938 0.046202 0.873977 0.018470 0.058414
4 2 0.040181 0.332597 0.251480 0.005534 0.370208
2 2 0.002521 0.110902 0.870489 0.004753 0.011336
2 2 0.006326 0.069919 0.667277 0.202861 0.053617
2 2 0.003097 0.050377 0.588420 0.267389 0.090716
2 2 0.012309 0.085167 0.780400 0.114464 0.007659
4 2 0.006977 0.153831 0.244586 0.003845 0.590761
2 2 0.000191 0.016037 0.937677 0.043168 0.002927
2 2 0.006178 0.035499 0.693350 0.250614 0.014359
3 3 0.001021 0.009076 0.131868 0.855626 0.002409
2 3 0.000086 0.006418 0.814514 0.178392 0.000589
2 3 0.003829 0.143218 0.342929 0.268603 0.241421
2 3 0.000588 0.032575 0.566533 0.369507 0.030796
3 3 0.003855 0.023709 0.154342 0.801187 0.016907
3 3 0.001891 0.011861 0.101990 0.877173 0.007084
3 3 0.005953 0.020342 0.173439 0.741555 0.058711
3 3 0.013833 0.023182 0.381823 0.578725 0.002437
2 3 0.013143 0.079166 0.613601 0.275329 0.018761
3 3 0.004743 0.025086 0.054430 0.789886 0.125856
3 3 0.000069 0.000039 0.005902 0.993980 0.000010
3 3 0.012841 0.043472 0.109336 0.673948 0.160403
3 3 0.006052 0.003664 0.034927 0.952124 0.003232
3 3 0.002008 0.001883 0.011707 0.983732 0.000670
3 3 0.000176 0.000433 0.026498 0.972714 0.000180
3 3 0.002719 0.002685 0.021746 0.969410 0.003440
3 3 0.000018 0.000025 0.001431 0.998483 0.000044
3 3 0.000082 0.000079 0.003068 0.996702 0.000069
3 3 0.000003 0.000031 0.009935 0.990016 0.000015
3 3 0.001513 0.009842 0.026620 0.955445 0.006580
3 3 0.000042 0.000242 0.001376 0.997997 0.000344
3 3 0.000044 0.000056 0.000850 0.999023 0.000027
3 3 0.000132 0.000739 0.020992 0.977829 0.000308
3 3 0.000365 0.000567 0.007788 0.991068 0.000212
3 3 0.002958 0.003431 0.037467 0.953124 0.003020
3 3 0.000013 0.000006 0.000922 0.999055 0.000003
3 3 0.000015 0.000018 0.002210 0.997754 0.000003
3 3 0.000005 0.000006 0.000184 0.999802 0.000003
3 3 0.002165 0.006436 0.083328 0.900958 0.007114
3 3 0.000392 0.000334 0.003562 0.995434 0.000278
3 3 0.000070 0.000201 0.003385 0.996228 0.000115
3 3 0.000001 0.000003 0.001277 0.998719 0.000000
3 3 0.000069 0.000094 0.001133 0.998661 0.000044
3 3 0.000551 0.000480 0.005042 0.993454 0.000474
3 3 0.000242 0.000313 0.002133 0.997142 0.000171
3 3 0.000009 0.000041 0.000568 0.999320 0.000062
3 3 0.000294 0.000276 0.003854 0.995392 0.000185
3 3 0.000017 0.000060 0.000496 0.999348 0.000080
3 3 0.000021 0.000018 0.001457 0.998485 0.000019
3 3 0.000053 0.000040 0.001066 0.998825 0.000017
3 3 0.000094 0.000165 0.001987 0.997639 0.000115
3 3 0.000043 0.000087 0.000470 0.999321 0.000079
3 3 0.000000 0.000000 0.000064 0.999936 0.000000
3 3 0.000178 0.000082 0.003029 0.996679 0.000032
3 3 0.000054 0.000253 0.001807 0.997536 0.000350
3 3 0.000005 0.000006 0.000718 0.999271 0.000001
3 3 0.000025 0.000012 0.001334 0.998627 0.000003
3 3 0.000009 0.000002 0.000405 0.999584 0.000001
3 3 0.000042 0.000073 0.002332 0.997454 0.000099
3 3 0.000640 0.001228 0.011381 0.985545 0.001206
3 3 0.000076 0.000114 0.001040 0.998672 0.000098
3 3 0.000005 0.000017 0.000349 0.999599 0.000029
3 3 0.000167 0.000247 0.002202 0.997261 0.000122
3 3 0.000236 0.000326 0.003118 0.996151 0.000169
3 3 0.000015 0.000062 0.000641 0.999208 0.000073
3 3 0.000002 0.000003 0.000111 0.999882 0.000002
3 3 0.000106 0.000244 0.002955 0.996444 0.000251
3 3 0.000003 0.000006 0.000127 0.999861 0.000004
3 3 0.000007 0.000008 0.000380 0.999599 0.000006
3 3 0.000033 0.000179 0.000513 0.999156 0.000120
3 3 0.000063 0.000087 0.001064 0.998745 0.000041
3 3 0.000024 0.000078 0.000642 0.999162 0.000094
3 3 0.000002 0.000006 0.000102 0.999886 0.000004
3 3 0.000004 0.000009 0.000735 0.999246 0.000007
3 3 0.000081 0.000665 0.001575 0.996885 0.000794
3 3 0.000001 0.000001 0.000083 0.999914 0.000001
3 3 0.000034 0.000043 0.001171 0.998719 0.000034
3 3 0.000003 0.000008 0.000107 0.999878 0.000005
3 3 0.000004 0.000006 0.000179 0.999807 0.000003
3 3 0.000002 0.000008 0.000127 0.999854 0.000008
3 3 0.000199 0.000107 0.020404 0.979272 0.000019
3 3 0.000041 0.000033 0.000887 0.999025 0.000014
3 3 0.000056 0.000087 0.000844 0.998949 0.000064
3 3 0.000028 0.000118 0.005360 0.994455 0.000039
3 3 0.000894 0.003150 0.023728 0.959273 0.012955
3 3 0.000005 0.000007 0.002163 0.997823 0.000003
3 3 0.000192 0.000537 0.011759 0.986860 0.000651
3 3 0.000001 0.000008 0.000088 0.999893 0.000010
3 3 0.000139 0.000112 0.003498 0.996179 0.000072
3 3 0.000162 0.005510 0.281482 0.712736 0.000110
3 3 0.028718 0.090969 0.432689 0.440460 0.007164
2 3 0.000006 0.000363 0.577327 0.422287 0.000017
3 3 0.001474 0.008137 0.078815 0.908260 0.003314
3 3 0.000163 0.015564 0.393492 0.588101 0.002680
2 3 0.016937 0.137584 0.525124 0.308109 0.012246
3 2 0.000572 0.001433 0.012663 0.983521 0.001812
2 2 0.023898 0.140452 0.516113 0.038696 0.280841
2 2 0.015064 0.181252 0.576715 0.003611 0.223357
4 2 0.014712 0.097093 0.155816 0.027284 0.705094
4 4 0.029865 0.221804 0.176229 0.007201 0.564901
2 4 0.001083 0.089539 0.684178 0.006120 0.219080
4 4 0.013179 0.136343 0.141734 0.001112 0.707632
2 4 0.003905 0.190328 0.453571 0.012425 0.339770
4 4 0.006125 0.199732 0.346124 0.002174 0.445845
2 4 0.004262 0.116907 0.677229 0.010437 0.191164
2 4 0.004631 0.085084 0.499974 0.143259 0.267053
2 4 0.001108 0.097477 0.710403 0.093473 0.097539
2 4 0.004182 0.197514 0.457891 0.012755 0.327658
4 2 0.005386 0.121246 0.396365 0.078111 0.398892
2 2 0.000048 0.017708 0.943189 0.031173 0.007882
4 2 0.054956 0.154079 0.305979 0.001089 0.483898
2 2 0.000553 0.045028 0.878810 0.042588 0.033022
4 2 0.015295 0.191935 0.306327 0.002364 0.484080
2 2 0.016034 0.281947 0.366769 0.026683 0.308568
4 2 0.076021 0.242081 0.171683 0.003855 0.506360
2 2 0.005131 0.137537 0.598981 0.039795 0.218557
2 2 0.000102 0.005212 0.838432 0.152792 0.003463
2 2 0.005358 0.212906 0.704356 0.002649 0.074732
2 2 0.020568 0.275449 0.422154 0.000951 0.280878
2 2 0.024880 0.110757 0.820636 0.001814 0.041914
2 2 0.000547 0.054440 0.934524 0.008402 0.002087
2 2 0.006928 0.167171 0.442002 0.002142 0.381757
2 2 0.000890 0.068841 0.909179 0.014307 0.006782
2 2 0.010301 0.198539 0.604196 0.018749 0.168216
2 2 0.001466 0.139290 0.821289 0.007042 0.030913
2 2 0.001146 0.071806 0.888889 0.021847 0.016312
2 2 0.012562 0.126598 0.699450 0.111291 0.050098
1 2 0.220132 0.530009 0.136307 0.000405 0.113146
2 2 0.004033 0.153720 0.805806 0.001863 0.034577
2 2 0.009160 0.247090 0.476584 0.015664 0.251503
1 2 0.167896 0.394200 0.126337 0.003661 0.307906
1 2 0.058377 0.436303 0.245566 0.001230 0.258525
2 2 0.001887 0.170593 0.724610 0.080803 0.022107
2 2 0.005366 0.229313 0.486606 0.072424 0.206291
4 2 0.045695 0.312825 0.184308 0.000465 0.456708
4 2 0.025846 0.320768 0.293544 0.025412 0.334430
2 2 0.002671 0.179722 0.491478 0.015860 0.310269
2 2 0.011331 0.346718 0.627585 0.001664 0.012702
2 2 0.021393 0.238101 0.520878 0.007909 0.211719
2 2 0.007331 0.286803 0.648022 0.002917 0.054927
1 2 0.052316 0.541606 0.343367 0.009859 0.052851
2 2 0.004780 0.082811 0.831774 0.042635 0.038000
2 2 0.001525 0.109821 0.780031 0.102762 0.005861
2 2 0.000193 0.013223 0.822699 0.159514 0.004372
2 2 0.000006 0.005579 0.992416 0.001571 0.000427
2 2 0.005391 0.140061 0.798921 0.022494 0.033133
2 2 0.006619 0.182959 0.747528 0.004935 0.057959
2 2 0.000395 0.029527 0.723682 0.242012 0.004383
2 2 0.000011 0.002826 0.890735 0.106116 0.000312
2 2 0.001124 0.013248 0.811429 0.170765 0.003433
2 2 0.091225 0.257816 0.562347 0.021454 0.067159
2 2 0.012947 0.195679 0.662506 0.089161 0.039707
2 2 0.034377 0.291500 0.418832 0.003601 0.251689
4 2 0.008811 0.133594 0.189839 0.042805 0.624951
2 2 0.002797 0.125246 0.616990 0.196677 0.058290
2 2 0.001253 0.080323 0.696160 0.088280 0.133984
2 2 0.000214 0.028831 0.699455 0.268372 0.003128
2 2 0.006170 0.076257 0.725853 0.134576 0.057144
2 2 0.000675 0.054239 0.825003 0.108592 0.011492
2 2 0.000121 0.018743 0.786626 0.194133 0.000377
2 2 0.000141 0.017110 0.947157 0.035304 0.000287
2 2 0.019881 0.171159 0.364553 0.130865 0.313542
2 2 0.004013 0.118329 0.719395 0.152087 0.006175
2 2 0.035705 0.340972 0.424013 0.014969 0.184342
2 2 0.000478 0.080689 0.903042 0.001097 0.014693
2 2 0.000821 0.038624 0.904796 0.049839 0.005920
2 2 0.000729 0.025726 0.856914 0.113562 0.003070
2 2 0.018973 0.323881 0.583830 0.019485 0.053831
2 2 0.000249 0.020270 0.880919 0.093271 0.005291
2 2 0.001447 0.074715 0.913202 0.007519 0.003116
2 2 0.001164 0.065681 0.901754 0.023631 0.007770
2 2 0.011077 0.146812 0.496160 0.025784 0.320167
2 2 0.008313 0.235758 0.507966 0.023391 0.224573
2 2 0.125263 0.386156 0.426359 0.012401 0.049820
2 2 0.008430 0.289109 0.630499 0.008223 0.063738
2 2 0.006154 0.163543 0.677892 0.102847 0.049564
1 2 0.046824 0.482621 0.345140 0.027391 0.098024
2 2 0.008161 0.238084 0.512982 0.021395 0.219378
4 2 0.007770 0.170700 0.370472 0.051332 0.399725
2 2 0.005204 0.171567 0.633970 0.006089 0.183169
2 2 0.045291 0.241006 0.455906 0.002736 0.255061
2 2 0.015822 0.327057 0.365112 0.001831 0.290178
2 2 0.008271 0.253047 0.686434 0.007388 0.044860
2 2 0.006299 0.356387 0.541227 0.000293 0.095794
2 2 0.006773 0.213625 0.627622 0.103447 0.048533
1 2 0.032708 0.420097 0.398325 0.004987 0.143883
2 2 0.009925 0.378021 0.520530 0.003812 0.087713
2 2 0.003415 0.308363 0.656137 0.006416 0.025669
2 2 0.003471 0.274143 0.681834 0.024528 0.016024
2 2 0.000233 0.018064 0.979383 0.001957 0.000362
2 2 0.003747 0.057154 0.931992 0.003697 0.003409
2 2 0.003039 0.066902 0.887922 0.020492 0.021646
4 2 0.051884 0.300033 0.255513 0.001927 0.390643
2 2 0.010561 0.166871 0.531769 0.061730 0.229070
2 2 0.004015 0.133462 0.657737 0.043806 0.160980
1 2 0.051964 0.449050 0.250628 0.000140 0.248217
2 2 0.010472 0.416333 0.528823 0.018153 0.026218
2 2 0.006309 0.110211 0.580815 0.006895 0.295770
2 2 0.076605 0.373495 0.473853 0.039084 0.036963
0 0 0.946206 0.026236 0.007643 0.000004 0.019911
0 0 0.646553 0.282658 0.015526 0.000000 0.055263
1 0 0.122256 0.609820 0.161543 0.000005 0.106376
2 0 0.011321 0.367196 0.607898 0.000611 0.012974
1 1 0.058992 0.469704 0.253145 0.000352 0.217806
2 1 0.018564 0.355645 0.375875 0.001196 0.248720
2 2 0.000371 0.095037 0.882052 0.012376 0.010165
2 2 0.001144 0.173359 0.772551 0.036616 0.016330
2 2 0.007309 0.178264 0.490206 0.084347 0.239874
2 2 0.006901 0.209990 0.528050 0.005909 0.249150
2 2 0.006074 0.230007 0.452688 0.013106 0.298125
2 2 0.004086 0.074081 0.795144 0.099181 0.027509
2 2 0.004100 0.142786 0.724296 0.019549 0.109269
2 2 0.010453 0.139060 0.773831 0.017540 0.059116
2 2 0.000887 0.068153 0.563917 0.330756 0.036287
1 2 0.059418 0.413768 0.272002 0.000491 0.254322
2 2 0.001854 0.060502 0.772274 0.161890 0.003480
2 2 0.015291 0.204173 0.760442 0.008509 0.011585
1 2 0.339944 0.474766 0.085034 0.000299 0.099956
0 0 0.756314 0.159795 0.013172 0.000056 0.070663
4 0 0.020268 0.311499 0.259703 0.000141 0.408389
2 1 0.009939 0.278654 0.454128 0.004440 0.252839
2 1 0.064456 0.261832 0.342696 0.002872 0.328144
2 2 0.034667 0.344440 0.562955 0.005458 0.052481
1 2 0.033649 0.486484 0.415653 0.000659 0.063556
2 2 0.083727 0.239067 0.563996 0.032660 0.080549
4 2 0.028402 0.329653 0.239766 0.000383 0.401797
4 2 0.152724 0.332542 0.086129 0.000066 0.428539
4 2 0.093387 0.128985 0.032208 0.000066 0.745355
2 2 0.015561 0.259876 0.395845 0.008427 0.320291
2 2 0.003646 0.145649 0.740076 0.023758 0.086872
4 2 0.025390 0.206698 0.142137 0.000103 0.625672
1 2 0.091336 0.410228 0.185973 0.001881 0.310582
1 2 0.146163 0.440957 0.156543 0.004135 0.252203
1 2 0.076970 0.512936 0.243016 0.003172 0.163906
1 0 0.094339 0.592047 0.248522 0.001786 0.063306
0 0 0.635010 0.214870 0.015388 0.000076 0.134655
0 0 0.447361 0.275333 0.028161 0.000009 0.249136
1 0 0.270337 0.371468 0.062263 0.000024 0.295908
2 1 0.009499 0.344461 0.474160 0.001130 0.170750
2 1 0.015392 0.429189 0.444810 0.000436 0.110173
1 1 0.115013 0.576206 0.207264 0.000539 0.100977
1 2 0.025249 0.465329 0.394258 0.001629 0.113535
0 2 0.460109 0.380893 0.077180 0.001421 0.080396
1 2 0.022457 0.394683 0.338316 0.000242 0.244303
1 2 0.071501 0.509531 0.275040 0.005460 0.138468
2 2 0.039805 0.426016 0.507236 0.005559 0.021383
1 2 0.034747 0.371158 0.263886 0.000558 0.329651
1 2 0.073953 0.513612 0.267386 0.003780 0.141270
0 2 0.611109 0.180407 0.041362 0.000189 0.166934
0 0 0.761785 0.158112 0.029254 0.000102 0.050747
4 0 0.354374 0.169579 0.069229 0.010493 0.396324
1 0 0.207901 0.532253 0.138473 0.001845 0.119528
0 0 0.969326 0.016941 0.003014 0.000003 0.010715
0 0 0.554042 0.217361 0.020831 0.000434 0.207332
0 0 0.799515 0.096290 0.004560 0.000001 0.099635
1 0 0.214820 0.488676 0.164323 0.000726 0.131455
0 0 0.499456 0.355048 0.061446 0.000553 0.083497
1 0 0.275802 0.385166 0.090730 0.002927 0.245374
1 0 0.148072 0.416383 0.119078 0.000215 0.316251
2 1 0.018252 0.416683 0.444773 0.003370 0.116922
1 2 0.024892 0.471962 0.318411 0.000010 0.184726
2 2 0.022111 0.361825 0.492192 0.038542 0.085331
1 2 0.162274 0.554612 0.186409 0.006952 0.089753
2 2 0.005726 0.201200 0.784350 0.003097 0.005626
2 2 0.006963 0.257524 0.719039 0.008970 0.007503
1 2 0.024296 0.429696 0.340665 0.000092 0.205252
2 2 0.015602 0.278044 0.686787 0.003240 0.016327
2 2 0.006775 0.064766 0.778316 0.139585 0.010558
2 2 0.039782 0.268239 0.652456 0.019817 0.019706
2 2 0.000049 0.032834 0.954377 0.012467 0.000274
2 2 0.001230 0.165792 0.803238 0.012314 0.017426
2 2 0.000073 0.049851 0.930661 0.016710 0.002704
2 2 0.000108 0.013883 0.967520 0.018032 0.000457
2 2 0.002414 0.080298 0.802686 0.110791 0.003813
2 2 0.016506 0.358320 0.419814 0.005030 0.200329
2 2 0.044572 0.221892 0.689790 0.009104 0.034642
2 2 0.000303 0.036084 0.689121 0.269249 0.005243
2 2 0.061630 0.294922 0.427636 0.011320 0.204491
1 2 0.078836 0.508295 0.256974 0.001601 0.154294
2 2 0.000341 0.035501 0.836666 0.104814 0.022678
1 2 0.025400 0.443765 0.397785 0.001479 0.131571
1 2 0.078407 0.470189 0.395718 0.009866 0.045820
2 2 0.173210 0.277285 0.432496 0.012030 0.104979
2 2 0.039857 0.370047 0.478703 0.005932 0.105461
2 2 0.008050 0.362616 0.571695 0.019775 0.037863
1 2 0.048838 0.501676 0.323017 0.003224 0.123245
0 0 0.930047 0.009557 0.000981 0.000034 0.059381
0 0 0.596209 0.104359 0.221002 0.029562 0.048869
0 0 0.736063 0.149104 0.042876 0.000608 0.071350
4 0 0.376594 0.111502 0.011633 0.000137 0.500133
4 2 0.005961 0.192573 0.304131 0.000429 0.496907
4 2 0.025426 0.178980 0.121261 0.000118 0.674214
4 2 0.013310 0.215787 0.236619 0.000759 0.533525
4 2 0.023581 0.252738 0.213397 0.000539 0.509745
4 2 0.021219 0.235514 0.205941 0.001062 0.536263
4 2 0.012603 0.127592 0.124739 0.000908 0.734159
4 2 0.004062 0.181497 0.358634 0.000586 0.455221
4 2 0.016366 0.251709 0.205642 0.000016 0.526267
4 2 0.013088 0.097061 0.078820 0.001530 0.809500
4 4 0.021831 0.052435 0.091372 0.001086 0.833275
4 4 0.035260 0.148878 0.065978 0.000009 0.749874
4 4 0.058133 0.111245 0.036758 0.000059 0.793805
4 4 0.002590 0.027812 0.028604 0.000028 0.940966
4 4 0.041539 0.179004 0.071116 0.000008 0.708333
4 4 0.043231 0.069988 0.021558 0.000062 0.865161
4 4 0.194342 0.091873 0.013313 0.000111 0.700360
4 4 0.080866 0.248880 0.102734 0.001431 0.566089
4 4 0.199339 0.252572 0.206432 0.004266 0.337391
1 4 0.100150 0.504234 0.224665 0.003776 0.167175
4 4 0.021574 0.188169 0.145554 0.000297 0.644406
4 4 0.013597 0.080335 0.045179 0.000009 0.860880
4 4 0.006499 0.084296 0.089435 0.000103 0.819667
4 4 0.010360 0.151907 0.135961 0.000015 0.701756
1 4 0.026844 0.397667 0.329410 0.000481 0.245598
4 4 0.002932 0.067130 0.117827 0.000599 0.811512
4 4 0.017133 0.086804 0.048458 0.000044 0.847561
4 4 0.096951 0.271208 0.087524 0.000037 0.544280
0 1 0.448586 0.171181 0.015558 0.000006 0.364669
1 1 0.142395 0.450165 0.176649 0.001456 0.229336
4 1 0.034157 0.276833 0.188541 0.006723 0.493746
2 1 0.192746 0.270391 0.347433 0.058896 0.130534
0 0 0.557991 0.184868 0.019063 0.000967 0.237111
1 0 0.181796 0.546163 0.149384 0.001615 0.121042
4 0 0.166434 0.197222 0.149456 0.001124 0.485765
2 0 0.012312 0.326716 0.401871 0.002154 0.256947
4 0 0.086012 0.208384 0.075646 0.000613 0.629346
2 0 0.006278 0.166966 0.753923 0.003272 0.069562
4 0 0.457276 0.047908 0.006142 0.000012 0.488662
0 0 0.442444 0.428092 0.054935 0.000071 0.074459
0 0 0.641915 0.162292 0.013785 0.000007 0.182001
1 1 0.174380 0.571233 0.154971 0.000184 0.099233
2 1 0.017847 0.288727 0.545004 0.008292 0.140130
4 1 0.154261 0.235861 0.075907 0.000572 0.533400
2 0 0.215612 0.301437 0.317773 0.039071 0.126107
1 1 0.054197 0.417010 0.253896 0.001322 0.273575
4 1 0.072127 0.358795 0.185211 0.005112 0.378755
0 1 0.447506 0.352742 0.051540 0.000375 0.147837
0 1 0.442978 0.397266 0.058782 0.000882 0.100093
1 1 0.036200 0.357496 0.267146 0.003248 0.335909
1 1 0.027855 0.440546 0.340415 0.000348 0.190836
1 1 0.118384 0.569068 0.191590 0.000095 0.120864
1 1 0.059417 0.564544 0.295509 0.000365 0.080165
1 1 0.038012 0.464306 0.329272 0.001116 0.167294
4 1 0.109364 0.348644 0.129247 0.000442 0.412303
2 1 0.014135 0.190140 0.753595 0.024690 0.017440
2 1 0.000850 0.135357 0.853336 0.001875 0.008582
2 2 0.009627 0.229551 0.384720 0.009011 0.367091
2 2 0.020515 0.321824 0.506747 0.006819 0.144094
4 2 0.108414 0.172679 0.045925 0.000362 0.672621
1 2 0.031658 0.471226 0.378474 0.000451 0.118191
2 2 0.053814 0.370631 0.420696 0.002251 0.152608
2 2 0.012152 0.324132 0.403836 0.003881 0.255999
2 2 0.000877 0.134943 0.825146 0.022100 0.016934
2 2 0.006917 0.113374 0.827798 0.031301 0.020610
1 2 0.120057 0.494224 0.247766 0.000867 0.137086
1 2 0.144749 0.456882 0.154686 0.000374 0.243310
1 2 0.376196 0.455758 0.085593 0.000201 0.082251
0 2 0.966191 0.013137 0.010219 0.000004 0.010449
0 1 0.663286 0.184688 0.106919 0.002724 0.042383
0 0 0.618693 0.261509 0.024256 0.000183 0.095358
1 0 0.333877 0.488505 0.090278 0.001017 0.086323
2 0 0.143159 0.354411 0.461970 0.011780 0.028680
1 1 0.085726 0.527496 0.250452 0.000940 0.135386
4 1 0.071332 0.342128 0.227751 0.005579 0.353210
1 1 0.044482 0.368635 0.234775 0.001005 0.351103
1 1 0.149426 0.560127 0.184789 0.000553 0.105104
0 0 0.901448 0.024907 0.007465 0.000900 0.065280
4 0 0.241771 0.301637 0.116727 0.000782 0.339083
0 0 0.793691 0.105046 0.004624 0.000017 0.096622
1 0 0.037272 0.400104 0.307007 0.021860 0.233757
2 1 0.002864 0.213578 0.634194 0.068854 0.080511
1 2 0.058023 0.376908 0.224735 0.004434 0.335901
4 2 0.036878 0.237291 0.147840 0.001196 0.576795
2 2 0.003470 0.191370 0.739250 0.002043 0.063867
2 2 0.070401 0.172646 0.674918 0.009039 0.072996
2 2 0.001733 0.124595 0.863273 0.002268 0.008131
2 2 0.030106 0.321986 0.606606 0.004288 0.037014
1 2 0.198305 0.301294 0.213867 0.007447 0.279087
1 2 0.143947 0.388120 0.124637 0.001929 0.341367
2 1 0.085129 0.263319 0.334573 0.000013 0.316966
4 0 0.355064 0.224702 0.041940 0.000355 0.377939
1 0 0.026100 0.487170 0.396361 0.000789 0.089580
1 1 0.047458 0.422505 0.244314 0.000123 0.285601
4 1 0.094894 0.315308 0.119370 0.000133 0.470295
1 1 0.071871 0.531208 0.254991 0.000327 0.141603
2 1 0.006987 0.066571 0.815140 0.083023 0.028278
2 2 0.000466 0.051747 0.909222 0.035959 0.002605
2 2 0.008740 0.150375 0.820856 0.004801 0.015227
2 2 0.003965 0.035984 0.944860 0.013394 0.001798
1 2 0.118324 0.495672 0.305511 0.001502 0.078990
1 2 0.105440 0.574598 0.193848 0.000057 0.126056
1 1 0.347198 0.530232 0.077225 0.000033 0.045311
1 1 0.329844 0.361645 0.193549 0.002013 0.112949
2 2 0.008598 0.254391 0.405215 0.005604 0.326192
2 2 0.014238 0.195443 0.515070 0.007491 0.267758
2 2 0.000410 0.060309 0.928664 0.003039 0.007577
2 2 0.002278 0.140630 0.817300 0.033180 0.006613
2 2 0.000220 0.044176 0.949950 0.001613 0.004042
2 2 0.014676 0.254684 0.648721 0.042806 0.039112
2 2 0.004150 0.176651 0.793250 0.008112 0.017836
2 2 0.001744 0.034419 0.953200 0.009931 0.000705
2 2 0.000365 0.032776 0.954263 0.011909 0.000688
2 2 0.008530 0.141045 0.608624 0.194663 0.047138
2 2 0.001265 0.144166 0.778291 0.053352 0.022927
2 2 0.017075 0.206905 0.682657 0.010573 0.082789
2 2 0.000665 0.042178 0.872205 0.083788 0.001164
2 2 0.011717 0.374882 0.525934 0.021620 0.065848
2 2 0.001216 0.080900 0.911845 0.003629 0.002409
2 2 0.002739 0.152293 0.564543 0.251619 0.028806
2 2 0.000771 0.037432 0.841095 0.116373 0.004328
2 2 0.001890 0.230799 0.719579 0.027307 0.020425
0 2 0.720672 0.157351 0.013024 0.000070 0.108884
0 0 0.973550 0.008267 0.003314 0.000075 0.014795
2 0 0.208344 0.334272 0.342263 0.004453 0.110668
0 0 0.890946 0.076001 0.004392 0.000003 0.028657
0 0 0.936076 0.037423 0.011692 0.000073 0.014736
1 0 0.100352 0.498604 0.323179 0.006239 0.071626
1 1 0.262328 0.532700 0.120425 0.000995 0.083552
2 2 0.005010 0.219064 0.463744 0.017521 0.294660
2 2 0.052458 0.333614 0.547598 0.003081 0.063249
1 2 0.112271 0.484363 0.177475 0.000294 0.225597
2 2 0.224395 0.235796 0.525309 0.002897 0.011603
0 1 0.729952 0.151423 0.035547 0.001389 0.081690
1 1 0.205428 0.449950 0.196102 0.002119 0.146401
0 1 0.631327 0.155675 0.025676 0.000173 0.187149
0 1 0.521771 0.272850 0.065561 0.000339 0.139478
0 0 0.518559 0.101160 0.005767 0.000013 0.374501
0 0 0.934553 0.016139 0.004138 0.000169 0.045001
0 0 0.920382 0.023668 0.020935 0.000000 0.035014
0 0 0.905565 0.035069 0.002973 0.000015 0.056378
0 0 0.938822 0.039677 0.004149 0.000006 0.017346
4 2 0.122412 0.254299 0.078010 0.000586 0.544693
4 2 0.013835 0.117277 0.082095 0.000029 0.786764
4 2 0.003049 0.031961 0.027124 0.000002 0.937863
4 4 0.020401 0.038614 0.014103 0.000032 0.926851
4 4 0.019586 0.052903 0.022244 0.000012 0.905254
4 4 0.004913 0.132052 0.186749 0.000038 0.676249
4 4 0.002894 0.003593 0.001268 0.000003 0.992243
4 4 0.018586 0.048452 0.020337 0.000009 0.912615
4 4 0.031709 0.065821 0.038960 0.000098 0.863411
4 4 0.219608 0.163137 0.022273 0.000004 0.594978
4 4 0.015785 0.109404 0.060665 0.000010 0.814136
4 4 0.019181 0.010921 0.002146 0.000013 0.967739
4 4 0.110703 0.197277 0.088696 0.000497 0.602827
4 4 0.062377 0.059459 0.015757 0.000446 0.861961
4 4 0.003271 0.017540 0.010640 0.000001 0.968548
4 4 0.007618 0.048027 0.034500 0.000088 0.909767
4 4 0.025378 0.026419 0.007455 0.000035 0.940713
4 4 0.182015 0.095782 0.013532 0.000013 0.708658
4 4 0.016149 0.030023 0.013326 0.000522 0.939980
4 4 0.019265 0.097532 0.054400 0.000056 0.828746
4 4 0.010466 0.085973 0.070246 0.000155 0.833160
4 4 0.023586 0.063628 0.027464 0.000031 0.885291
4 4 0.013682 0.060518 0.033068 0.000047 0.892684
4 4 0.008325 0.066303 0.053725 0.000142 0.871504
4 4 0.007337 0.012083 0.004664 0.000019 0.975897
4 4 0.006058 0.104106 0.112305 0.000060 0.777471
4 4 0.015731 0.182757 0.177285 0.001212 0.623015
4 4 0.023691 0.102694 0.060021 0.000503 0.813091
0 4 0.432478 0.249240 0.067433 0.000127 0.250721
4 4 0.002798 0.049731 0.068316 0.000042 0.879113
4 4 0.062889 0.124297 0.041326 0.000107 0.771381
4 4 0.001966 0.058301 0.093548 0.000054 0.846131
4 4 0.011528 0.270836 0.334067 0.000374 0.383194
2 4 0.012462 0.285155 0.360565 0.000077 0.341741
2 4 0.188000 0.244242 0.403990 0.024126 0.139642
2 4 0.002212 0.148262 0.570919 0.010898 0.267710
4 4 0.012463 0.226845 0.240846 0.000190 0.519656
4 4 0.029305 0.216090 0.127671 0.000050 0.626884
4 4 0.036726 0.320492 0.222588 0.000432 0.419763
2 2 0.006254 0.238948 0.425633 0.002563 0.326603
4 2 0.123586 0.366776 0.131103 0.000352 0.378183
2 2 0.004355 0.222013 0.491852 0.017718 0.264062
4 2 0.011215 0.167264 0.182092 0.000959 0.638470
1 2 0.158970 0.480523 0.151858 0.000817 0.207831
0 0 0.977112 0.009266 0.004352 0.000041 0.009230
4 0 0.441382 0.038279 0.007836 0.002642 0.509861
4 0 0.312308 0.202664 0.094511 0.001451 0.389067
4 0 0.267251 0.047383 0.003444 0.000023 0.681900
1 0 0.071947 0.654117 0.254854 0.000249 0.018833
4 2 0.028464 0.177308 0.147383 0.000713 0.646132
1 2 0.065861 0.384395 0.191695 0.000741 0.357308
1 2 0.135052 0.556041 0.194574 0.001816 0.112517
4 0 0.306973 0.031114 0.025123 0.000906 0.635884
0 0 0.594464 0.092043 0.006202 0.000010 0.307282
1 0 0.020922 0.461147 0.436261 0.003208 0.078463
2 1 0.019858 0.296865 0.412311 0.001174 0.269792
2 1 0.007315 0.219565 0.483005 0.063776 0.226339
1 1 0.359947 0.374893 0.058910 0.000092 0.206157
4 1 0.031199 0.235081 0.185135 0.003391 0.545194
2 1 0.020271 0.199830 0.655013 0.011218 0.113668
2 1 0.025424 0.297002 0.633231 0.003334 0.041009
2 2 0.000291 0.016731 0.920991 0.060754 0.001233
2 2 0.002680 0.062795 0.914558 0.017807 0.002161
2 2 0.043885 0.252829 0.610524 0.054606 0.038156
2 2 0.009782 0.088957 0.791442 0.100462 0.009356
2 2 0.002260 0.068096 0.902129 0.025754 0.001762
2 2 0.000447 0.052921 0.927946 0.003099 0.015587
2 2 0.006549 0.152273 0.671106 0.025528 0.144544
2 2 0.002381 0.153172 0.828332 0.005883 0.010230
2 2 0.000151 0.033915 0.906213 0.054783 0.004937
2 2 0.015094 0.250880 0.683740 0.011599 0.038685
2 2 0.004669 0.088922 0.538221 0.346992 0.021196
2 2 0.004777 0.142361 0.548066 0.281770 0.023026
2 2 0.003870 0.079729 0.550605 0.353782 0.012013
2 2 0.010607 0.176144 0.679105 0.123029 0.011115
2 2 0.002586 0.086711 0.729635 0.172454 0.008613
2 2 0.003445 0.068819 0.858958 0.064492 0.004286
2 2 0.011308 0.187596 0.789747 0.005282 0.006067
2 2 0.001162 0.022256 0.892153 0.084244 0.000185
2 2 0.000531 0.021379 0.631026 0.345930 0.001134
3 3 0.000038 0.004472 0.421544 0.573578 0.000368
3 3 0.000042 0.002447 0.489110 0.507687 0.000714
3 3 0.001722 0.023791 0.401658 0.571895 0.000934
3 3 0.010053 0.047542 0.305611 0.588727 0.048066
3 3 0.004161 0.037217 0.235341 0.717584 0.005697
3 3 0.003542 0.020445 0.285636 0.688417 0.001962
3 3 0.044217 0.126707 0.227177 0.546055 0.055843
3 3 0.002067 0.022861 0.132371 0.839813 0.002887
2 3 0.042038 0.152268 0.446863 0.151559 0.207272
3 3 0.000629 0.003875 0.032125 0.959643 0.003728
3 3 0.005184 0.027713 0.265764 0.693562 0.007778
3 3 0.018520 0.056728 0.262147 0.643742 0.018863
3 3 0.000004 0.000017 0.000973 0.998995 0.000011
3 3 0.000049 0.000083 0.004199 0.995650 0.000019
3 3 0.000092 0.000347 0.003812 0.995665 0.000085
3 3 0.000506 0.001149 0.058259 0.939996 0.000090
3 3 0.001822 0.012787 0.030935 0.939702 0.014755
3 3 0.000015 0.000180 0.013344 0.986418 0.000042
3 3 0.000783 0.003093 0.014638 0.974796 0.006690
3 3 0.000008 0.000116 0.002633 0.997229 0.000015
3 3 0.007707 0.012065 0.028535 0.947165 0.004528
3 3 0.005228 0.012631 0.017475 0.947838 0.016828
3 3 0.001172 0.006180 0.017523 0.970327 0.004798
3 3 0.013084 0.008762 0.042082 0.933552 0.002520
3 3 0.000134 0.000735 0.006519 0.992335 0.000276
3 3 0.000813 0.000500 0.010074 0.988484 0.000128
3 3 0.000383 0.000916 0.006595 0.991784 0.000323
3 3 0.000043 0.000300 0.001312 0.997902 0.000442
3 3 0.000043 0.000096 0.001535 0.998227 0.000099
3 3 0.000084 0.000126 0.001259 0.998472 0.000060
3 3 0.000067 0.000139 0.001169 0.998544 0.000081
3 3 0.000360 0.000392 0.003722 0.995363 0.000164
3 3 0.000050 0.000315 0.001404 0.997814 0.000417
3 3 0.000928 0.001290 0.008076 0.988199 0.001508
3 3 0.000116 0.000788 0.008601 0.990191 0.000305
3 3 0.000264 0.000277 0.002915 0.996432 0.000112
3 3 0.000707 0.000226 0.007195 0.991806 0.000066
3 3 0.001639 0.001541 0.009355 0.986875 0.000590
3 3 0.000531 0.000648 0.017463 0.981232 0.000126
3 3 0.000377 0.000604 0.003373 0.995382 0.000265
3 3 0.000055 0.000130 0.000797 0.998941 0.000077
3 3 0.001402 0.003005 0.012162 0.980300 0.003131
3 3 0.000153 0.000076 0.002596 0.997146 0.000029
3 3 0.000047 0.000055 0.000939 0.998903 0.000056
3 3 0.000009 0.000004 0.001880 0.998107 0.000000
3 3 0.000096 0.000053 0.001709 0.998122 0.000020
3 3 0.000001 0.000087 0.004624 0.995283 0.000005
3 3 0.000258 0.000921 0.011646 0.986897 0.000279
3 3 0.001746 0.003943 0.017023 0.976075 0.001212
3 3 0.000030 0.000022 0.000736 0.999202 0.000010
3 3 0.000171 0.000149 0.002248 0.997372 0.000060
3 3 0.000115 0.000159 0.001580 0.998074 0.000072
3 3 0.000003 0.000016 0.000729 0.999246 0.000007
3 3 0.002889 0.002224 0.009298 0.984305 0.001284
3 3 0.000908 0.000548 0.005321 0.992953 0.000270
3 3 0.000021 0.000037 0.000447 0.999472 0.000022
3 3 0.000044 0.000120 0.002449 0.997239 0.000149
3 3 0.000005 0.000005 0.000291 0.999695 0.000004
3 3 0.000975 0.004140 0.018420 0.963021 0.013444
3 3 0.000593 0.002909 0.007237 0.979209 0.010052
3 3 0.000037 0.000014 0.001579 0.998362 0.000008
3 3 0.000008 0.000011 0.000257 0.999718 0.000006
3 3 0.000015 0.000110 0.008397 0.991441 0.000039
3 3 0.002124 0.001637 0.008651 0.986761 0.000827
3 3 0.000015 0.000019 0.000395 0.999561 0.000011
3 3 0.000014 0.000019 0.000479 0.999477 0.000012
3 3 0.000030 0.000139 0.000491 0.999247 0.000093
3 3 0.000058 0.000118 0.000929 0.998834 0.000061
3 3 0.000019 0.000098 0.005607 0.994226 0.000051
3 3 0.000142 0.000046 0.002464 0.997333 0.000015
3 3 0.000016 0.000014 0.000851 0.999108 0.000011
3 3 0.000002 0.000013 0.000251 0.999729 0.000005
3 3 0.000169 0.000240 0.006059 0.993481 0.000052
3 3 0.000017 0.000101 0.000332 0.999479 0.000072
3 3 0.000958 0.000909 0.006429 0.991021 0.000683
3 3 0.000156 0.000441 0.052084 0.947152 0.000167
3 3 0.000121 0.000232 0.001522 0.998011 0.000114
3 3 0.000089 0.000221 0.001854 0.997266 0.000570
3 3 0.000043 0.000048 0.000946 0.998939 0.000024
3 3 0.000025 0.000128 0.000407 0.999347 0.000094
3 3 0.000549 0.000505 0.004867 0.993889 0.000190
3 3 0.000499 0.000588 0.003335 0.995259 0.000320
3 3 0.000259 0.000316 0.001904 0.997316 0.000206
3 3 0.000039 0.000041 0.001046 0.998850 0.000023
3 3 0.000080 0.000088 0.001309 0.998483 0.000039
3 3 0.000166 0.000319 0.001885 0.997477 0.000153
3 3 0.000001 0.000001 0.000255 0.999741 0.000002
3 3 0.000006 0.000003 0.000289 0.999701 0.000001
3 3 0.000013 0.000021 0.000362 0.999594 0.000011
3 3 0.000607 0.001264 0.002583 0.994494 0.001052
3 3 0.001422 0.004420 0.005660 0.985809 0.002689
3 3 0.000000 0.000000 0.000105 0.999895 0.000000
3 3 0.000002 0.000007 0.000095 0.999892 0.000005
3 3 0.001883 0.006656 0.013045 0.964439 0.013977
3 3 0.000440 0.000795 0.004501 0.993931 0.000334
3 3 0.000072 0.000182 0.001105 0.998513 0.000128
3 3 0.000033 0.000027 0.001441 0.998491 0.000008
3 3 0.000574 0.000735 0.003925 0.994336 0.000431
2 3 0.043090 0.167382 0.640147 0.102751 0.046630
2 3 0.025836 0.340070 0.411744 0.092958 0.129391
2 2 0.001700 0.034446 0.571303 0.390150 0.002400
2 2 0.011118 0.199609 0.545307 0.011070 0.232896
2 2 0.012620 0.276755 0.386498 0.192690 0.131438
1 2 0.081263 0.368620 0.223039 0.020043 0.307036
4 2 0.009599 0.199847 0.282936 0.013596 0.494023
3 2 0.000549 0.018614 0.259654 0.691672 0.029511
2 2 0.005213 0.225136 0.549806 0.147293 0.072552
4 2 0.031899 0.243865 0.194328 0.009818 0.520091
2 2 0.000991 0.047100 0.657535 0.228377 0.065997
2 2 0.003594 0.205175 0.538695 0.014164 0.238372
4 4 0.003040 0.073885 0.136029 0.002432 0.784615
4 4 0.003316 0.147988 0.323698 0.004256 0.520741
4 4 0.001365 0.074972 0.390915 0.008826 0.523922
4 4 0.014453 0.119550 0.099511 0.000273 0.766212
4 4 0.011497 0.121295 0.115785 0.000934 0.750490
4 4 0.008969 0.019893 0.010523 0.000682 0.959934
4 4 0.023003 0.070921 0.033849 0.000347 0.871880
4 4 0.009155 0.031383 0.018859 0.000803 0.939801
4 4 0.065849 0.164883 0.063334 0.000390 0.705544
4 4 0.021493 0.041752 0.034110 0.000119 0.902525
4 4 0.002201 0.035024 0.047096 0.000109 0.915571
4 4 0.004736 0.004743 0.001435 0.000005 0.989081
4 4 0.024824 0.110469 0.064783 0.000521 0.799404
4 4 0.007151 0.060660 0.057393 0.000479 0.874317
4 4 0.028545 0.108409 0.060955 0.000691 0.801400
4 4 0.033717 0.026135 0.005649 0.000050 0.934450
4 4 0.039518 0.043231 0.010381 0.000014 0.906857
4 4 0.011598 0.010433 0.006318 0.000004 0.971647
4 4 0.001326 0.026959 0.036511 0.000015 0.935190
4 4 0.006554 0.002784 0.000441 0.000000 0.990221
4 4 0.036446 0.067431 0.025201 0.000323 0.870599
4 4 0.006520 0.014876 0.007227 0.000115 0.971262
4 4 0.005953 0.130682 0.196398 0.001206 0.665762
4 4 0.003107 0.030709 0.028407 0.000033 0.937745
4 4 0.000529 0.012778 0.024158 0.000021 0.962514
4 4 0.012044 0.012677 0.003725 0.000011 0.971542
4 4 0.011225 0.011130 0.002929 0.000005 0.974712
4 4 0.009804 0.030836 0.017209 0.000186 0.941966
4 4 0.005986 0.006197 0.001777 0.000001 0.986039
4 4 0.006796 0.020613 0.010826 0.000039 0.961726
4 4 0.010131 0.027867 0.033497 0.001474 0.927030
4 4 0.057549 0.026122 0.003771 0.000001 0.912558
4 4 0.112220 0.057397 0.031635 0.000168 0.798581
4 4 0.006383 0.107456 0.160368 0.001178 0.724615
4 4 0.009973 0.100075 0.090097 0.000127 0.799729
4 4 0.031668 0.216512 0.147574 0.001124 0.603122
4 4 0.037852 0.187878 0.265240 0.007750 0.501279
4 4 0.008899 0.230065 0.317015 0.000506 0.443515
4 4 0.084994 0.083503 0.017051 0.000114 0.814338
4 1 0.377131 0.068540 0.007556 0.000060 0.546713
4 1 0.020926 0.204930 0.177631 0.000818 0.595694
4 1 0.001354 0.091436 0.300865 0.013489 0.592855
2 1 0.000770 0.131123 0.535861 0.000622 0.331625
4 2 0.027118 0.256118 0.192354 0.000381 0.524029
4 2 0.023944 0.134538 0.085837 0.000620 0.755061
2 2 0.173248 0.177503 0.553885 0.042312 0.053052
0 0 0.976648 0.006313 0.005135 0.000245 0.011660
0 0 0.671518 0.022369 0.003879 0.000023 0.302211
1 0 0.020694 0.424085 0.415880 0.001704 0.137638
4 0 0.006056 0.153588 0.333049 0.001180 0.506128
4 1 0.004349 0.127910 0.240008 0.005742 0.621991
4 1 0.075919 0.117103 0.033698 0.000070 0.773210
2 1 0.028815 0.165431 0.707942 0.014534 0.083278
1 1 0.204641 0.380908 0.257693 0.002259 0.154499
2 4 0.018860 0.314671 0.552211 0.024519 0.089740
1 4 0.295718 0.328899 0.068074 0.000657 0.306651
1 4 0.105912 0.333879 0.263239 0.092288 0.204682
4 4 0.270737 0.168681 0.035205 0.000024 0.525353
4 1 0.069057 0.118128 0.057955 0.001392 0.753468
1 1 0.027542 0.351261 0.319631 0.003964 0.297603
4 1 0.061748 0.330236 0.190045 0.006952 0.411019
4 1 0.107614 0.137924 0.032481 0.000252 0.721730
1 1 0.084569 0.382426 0.191313 0.002358 0.339333
4 1 0.016004 0.209353 0.194391 0.000361 0.579891
0 1 0.623010 0.293531 0.031267 0.000013 0.052179
1 1 0.047758 0.442255 0.280010 0.001028 0.228948
2 1 0.029986 0.254071 0.621653 0.005271 0.089018
4 1 0.147015 0.245195 0.113916 0.000820 0.493054
4 1 0.009266 0.124388 0.134481 0.001400 0.730465
1 1 0.130819 0.380672 0.108194 0.000047 0.380268
2 1 0.013054 0.352418 0.459521 0.006532 0.168476
4 1 0.130388 0.276285 0.091464 0.003464 0.498400
1 1 0.058135 0.404692 0.233351 0.000730 0.303091
4 1 0.066404 0.285705 0.134298 0.000863 0.512730
4 2 0.114745 0.288786 0.109579 0.007959 0.478932
2 2 0.014669 0.341235 0.444711 0.118652 0.080733
4 2 0.009260 0.243651 0.345080 0.004347 0.397662
4 2 0.010787 0.182395 0.271148 0.019576 0.516093
1 2 0.102832 0.438355 0.192581 0.003054 0.263179
1 2 0.066670 0.356644 0.265077 0.007190 0.304419
2 2 0.013058 0.393960 0.489622 0.003198 0.100162
2 2 0.008367 0.294430 0.567044 0.007770 0.122390
2 2 0.003436 0.118898 0.797988 0.035472 0.044206
4 2 0.012288 0.267647 0.353345 0.002919 0.363802
2 2 0.001693 0.115915 0.603937 0.127755 0.150700
2 2 0.002498 0.130955 0.681588 0.007671 0.177288
2 2 0.016610 0.259500 0.650975 0.039143 0.033772
2 2 0.000233 0.013643 0.924071 0.048480 0.013573
2 2 0.001810 0.030238 0.539815 0.425987 0.002150
2 2 0.002444 0.046252 0.939490 0.007611 0.004203
2 2 0.005147 0.084900 0.859784 0.033284 0.016885
2 2 0.004171 0.048117 0.784786 0.153179 0.009748
2 1 0.028063 0.239694 0.694822 0.024654 0.012766
2 1 0.017166 0.419809 0.421575 0.000383 0.141067
2 1 0.047121 0.243285 0.664020 0.008483 0.037091
2 1 0.015308 0.237519 0.617955 0.007789 0.121429
2 2 0.000939 0.201062 0.755222 0.002326 0.040451
2 2 0.000554 0.022953 0.847717 0.127196 0.001580
2 2 0.008889 0.144132 0.796541 0.008471 0.041966
2 2 0.000151 0.039611 0.953915 0.001973 0.004350
2 2 0.000735 0.021464 0.772402 0.204330 0.001068
2 2 0.000071 0.035030 0.904728 0.053234 0.006936
2 2 0.000638 0.056904 0.757642 0.180079 0.004737
2 2 0.000516 0.120655 0.849262 0.000673 0.028894
2 2 0.000026 0.006261 0.971301 0.022195 0.000217
4 2 0.025046 0.238447 0.297865 0.006157 0.432485
2 2 0.000175 0.044338 0.784937 0.160639 0.009911
2 2 0.018472 0.185563 0.694340 0.088467 0.013158
0 2 0.373201 0.280650 0.200551 0.000684 0.144915
2 2 0.000201 0.083418 0.903645 0.008195 0.004542
2 2 0.000189 0.022504 0.817512 0.159005 0.000791
2 2 0.001229 0.173516 0.713254 0.100778 0.011224
2 2 0.000099 0.004232 0.574831 0.420776 0.000062
2 2 0.041730 0.432988 0.461294 0.014367 0.049621
1 2 0.155061 0.493915 0.291341 0.000535 0.059148
2 2 0.002623 0.130617 0.782779 0.075028 0.008954
2 2 0.003025 0.206181 0.742121 0.001680 0.046992
2 2 0.002698 0.050835 0.712287 0.222601 0.011579
