0 0 0.999889 0.000001 0.000001 0.000046 0.000064
0 0 0.999996 0.000000 0.000000 0.000000 0.000004
0 0 0.999997 0.000000 0.000000 0.000000 0.000003
0 0 0.999998 0.000000 0.000000 0.000000 0.000002
0 0 0.973887 0.000809 0.000284 0.000077 0.024943
4 0 0.230155 0.001392 0.000658 0.000002 0.767792
0 0 0.559711 0.018497 0.008070 0.000135 0.413587
0 0 0.723257 0.001891 0.000713 0.000007 0.274133
0 0 0.987442 0.000905 0.000297 0.000024 0.011332
4 0 0.398748 0.050634 0.025864 0.000780 0.523975
2 1 0.009017 0.242585 0.511742 0.000865 0.235790
4 1 0.064699 0.187711 0.211673 0.003458 0.532459
4 1 0.020102 0.186151 0.139654 0.004962 0.649131
4 1 0.126397 0.344744 0.112270 0.000089 0.416501
2 1 0.023963 0.317451 0.340275 0.000128 0.318183
2 1 0.035791 0.113436 0.325928 0.258000 0.266844
2 1 0.009223 0.192022 0.486810 0.001281 0.310664
4 1 0.009711 0.039587 0.024451 0.000046 0.926205
4 1 0.010864 0.263265 0.283665 0.002722 0.439484
4 1 0.014184 0.074471 0.191818 0.007511 0.712016
4 1 0.014766 0.177439 0.136155 0.004037 0.667602
4 4 0.020695 0.009616 0.032232 0.000969 0.936487
4 4 0.026476 0.028033 0.032805 0.000258 0.912429
4 4 0.089217 0.240040 0.213377 0.000755 0.456610
4 4 0.056484 0.113186 0.065992 0.000905 0.763433
4 1 0.080265 0.063544 0.064233 0.001602 0.790356
4 1 0.110248 0.061333 0.116953 0.001304 0.710162
0 0 0.749944 0.129670 0.047706 0.000153 0.072528
4 0 0.364715 0.073418 0.048825 0.001425 0.511617
4 0 0.056464 0.103390 0.165945 0.002900 0.671302
2 0 0.001207 0.027551 0.599907 0.092905 0.278429
2 0 0.000241 0.016875 0.679478 0.041034 0.262372
2 0 0.000550 0.022870 0.652751 0.175828 0.148001
2 0 0.000289 0.014202 0.807541 0.133097 0.044870
4 0 0.007989 0.034313 0.427077 0.019607 0.511013
4 0 0.262505 0.015830 0.007227 0.000243 0.714195
2 0 0.002593 0.020707 0.509760 0.031173 0.435767
2 1 0.004655 0.073700 0.403659 0.184125 0.333861
2 2 0.005794 0.033108 0.772026 0.173753 0.015320
2 2 0.000754 0.054927 0.860113 0.034469 0.049737
2 2 0.000388 0.016745 0.549137 0.410593 0.023138
2 2 0.000284 0.030155 0.802231 0.094393 0.072937
3 2 0.000397 0.007371 0.468461 0.515767 0.008004
2 2 0.000274 0.049255 0.801627 0.059854 0.088990
3 2 0.000000 0.000194 0.302162 0.697591 0.000054
3 2 0.000030 0.001479 0.136380 0.860644 0.001468
3 2 0.000059 0.003146 0.298529 0.693272 0.004996
3 2 0.000000 0.000252 0.454167 0.545406 0.000175
2 3 0.000210 0.021197 0.750463 0.095320 0.132811
3 3 0.000197 0.003076 0.402142 0.587878 0.006708
3 3 0.000008 0.000521 0.172970 0.826059 0.000443
3 3 0.000000 0.000021 0.123402 0.876571 0.000005
3 3 0.000167 0.005333 0.485620 0.491427 0.017452
3 3 0.000193 0.000317 0.024664 0.974369 0.000457
3 3 0.000115 0.002494 0.135762 0.857645 0.003983
3 3 0.000003 0.000169 0.107819 0.891774 0.000235
2 3 0.000000 0.000025 0.503307 0.496665 0.000002
3 3 0.000062 0.001784 0.113074 0.883279 0.001800
3 3 0.000001 0.000018 0.007142 0.992827 0.000012
3 3 0.000003 0.000032 0.007671 0.992278 0.000016
3 3 0.000001 0.000037 0.036051 0.963895 0.000016
3 3 0.000002 0.000075 0.025793 0.974061 0.000068
3 3 0.000782 0.000387 0.009497 0.988869 0.000466
3 3 0.000110 0.001039 0.149574 0.847108 0.002170
3 3 0.000002 0.000104 0.048399 0.951464 0.000031
3 3 0.000064 0.000856 0.096952 0.901013 0.001115
3 3 0.000001 0.000016 0.014084 0.985887 0.000012
3 3 0.000003 0.000039 0.008565 0.991374 0.000018
3 3 0.000004 0.000077 0.018902 0.980991 0.000026
3 3 0.000000 0.000017 0.018364 0.981613 0.000005
3 3 0.000358 0.000953 0.030708 0.967073 0.000908
3 3 0.000005 0.000293 0.062999 0.936526 0.000178
3 3 0.000000 0.000003 0.011249 0.988747 0.000001
3 3 0.000027 0.000095 0.007143 0.992679 0.000055
3 3 0.000000 0.000000 0.002716 0.997284 0.000000
3 3 0.000001 0.000061 0.029718 0.970200 0.000018
3 3 0.000001 0.000090 0.065788 0.934102 0.000020
3 3 0.000001 0.000022 0.008812 0.991159 0.000005
3 3 0.000063 0.000270 0.028946 0.970358 0.000362
3 3 0.000002 0.000011 0.004664 0.995318 0.000005
3 3 0.000707 0.001199 0.024661 0.971529 0.001903
3 3 0.000031 0.000607 0.048446 0.950479 0.000436
3 3 0.000000 0.000009 0.018359 0.981630 0.000002
3 3 0.000002 0.000015 0.004609 0.995368 0.000006
3 3 0.000000 0.000010 0.012411 0.987573 0.000006
3 3 0.000057 0.000161 0.008495 0.991187 0.000100
3 3 0.000001 0.000071 0.034788 0.965069 0.000071
3 3 0.000138 0.002347 0.248288 0.748024 0.001202
3 3 0.000001 0.000010 0.004811 0.995175 0.000004
3 3 0.000004 0.000010 0.002010 0.997969 0.000006
3 3 0.000000 0.000002 0.002481 0.997516 0.000001
3 3 0.000001 0.000012 0.006900 0.993080 0.000008
3 3 0.000000 0.000030 0.023208 0.976746 0.000016
3 3 0.000015 0.000059 0.006930 0.992949 0.000047
3 3 0.000000 0.000003 0.003811 0.996183 0.000002
3 3 0.000053 0.000064 0.010228 0.989580 0.000075
3 3 0.000001 0.000025 0.011960 0.987997 0.000017
3 3 0.000000 0.000001 0.006562 0.993437 0.000000
3 3 0.000014 0.000063 0.007567 0.992330 0.000026
3 3 0.000006 0.000112 0.022389 0.977407 0.000086
3 3 0.000003 0.000143 0.037688 0.962059 0.000107
3 3 0.000569 0.000902 0.015680 0.982110 0.000738
3 3 0.000000 0.000001 0.003021 0.996978 0.000000
3 3 0.000034 0.000239 0.037743 0.961578 0.000406
3 3 0.002791 0.015712 0.475353 0.498312 0.007832
3 3 0.014069 0.008136 0.166459 0.800713 0.010622
2 3 0.036007 0.045541 0.790371 0.119474 0.008607
3 3 0.060966 0.038815 0.392160 0.455104 0.052955
3 3 0.001355 0.013203 0.453917 0.483564 0.047961
2 3 0.117829 0.206557 0.472121 0.005134 0.198359
4 0 0.356272 0.030063 0.028916 0.005728 0.579021
0 0 0.988229 0.007952 0.002432 0.000006 0.001381
4 0 0.358563 0.027599 0.014129 0.000666 0.599043
4 1 0.162621 0.111822 0.097631 0.003231 0.624695
0 1 0.977559 0.004361 0.001827 0.000028 0.016225
4 4 0.011066 0.037596 0.021424 0.000125 0.929790
4 4 0.044185 0.100644 0.222986 0.011396 0.620789
4 4 0.070246 0.089601 0.044630 0.000838 0.794685
4 4 0.216416 0.179683 0.160548 0.012700 0.430654
2 4 0.223677 0.078993 0.272549 0.154308 0.270473
0 4 0.668251 0.069934 0.038279 0.000897 0.222640
4 4 0.138616 0.157932 0.047673 0.000042 0.655737
4 4 0.195485 0.048864 0.018812 0.000395 0.736444
0 4 0.753622 0.006395 0.002667 0.000015 0.237302
4 4 0.297810 0.106304 0.041370 0.000725 0.553790
4 4 0.326799 0.057326 0.042739 0.008015 0.565121
4 4 0.368478 0.125295 0.061027 0.002520 0.442680
4 4 0.353619 0.090007 0.080592 0.002653 0.473129
4 4 0.085450 0.012234 0.006069 0.000055 0.896193
4 4 0.171428 0.239674 0.270396 0.006800 0.311702
0 4 0.935126 0.011248 0.005020 0.000418 0.048188
4 4 0.062611 0.048073 0.139250 0.013383 0.736682
4 4 0.333401 0.022601 0.009769 0.000569 0.633660
0 4 0.780112 0.008831 0.002855 0.000064 0.208139
0 4 0.950464 0.015570 0.005698 0.001115 0.027152
4 4 0.302905 0.031082 0.011711 0.000151 0.654151
4 4 0.262396 0.150530 0.101380 0.006392 0.479303
2 4 0.180934 0.134431 0.332703 0.068258 0.283675
0 4 0.621199 0.031662 0.011260 0.000201 0.335677
0 4 0.524015 0.184508 0.120403 0.010659 0.160416
0 4 0.541466 0.158222 0.225240 0.029307 0.045765
4 4 0.291721 0.030859 0.012327 0.000117 0.664976
0 4 0.906960 0.031359 0.010451 0.000071 0.051160
0 4 0.363921 0.238740 0.209182 0.077722 0.110435
2 4 0.112619 0.225493 0.430247 0.085867 0.145773
4 4 0.140794 0.063919 0.061457 0.006338 0.727492
4 4 0.076635 0.285774 0.129142 0.001612 0.506837
2 4 0.002745 0.165362 0.764254 0.013008 0.054632
2 4 0.012747 0.235045 0.364105 0.025908 0.362195
4 4 0.397354 0.044594 0.044479 0.017661 0.495912
4 4 0.017250 0.145944 0.353923 0.002136 0.480747
4 4 0.046586 0.182421 0.177548 0.007127 0.586317
2 4 0.165104 0.162658 0.379756 0.080219 0.212264
0 4 0.601390 0.169903 0.117057 0.002245 0.109404
4 4 0.167377 0.181662 0.179980 0.026398 0.444584
4 4 0.057635 0.024472 0.021788 0.000631 0.895474
4 4 0.198472 0.041583 0.014421 0.000046 0.745478
4 4 0.149563 0.049932 0.024362 0.001475 0.774668
4 4 0.029648 0.043814 0.177715 0.010519 0.738304
4 4 0.034060 0.060638 0.041718 0.000522 0.863063
4 4 0.079554 0.288597 0.292550 0.003305 0.335993
4 4 0.012836 0.205658 0.317740 0.004926 0.458840
2 4 0.006269 0.104776 0.512909 0.087987 0.288059
4 1 0.016391 0.167091 0.227182 0.041393 0.547943
2 1 0.001421 0.086410 0.712171 0.010800 0.189199
2 1 0.000646 0.093466 0.741949 0.018282 0.145658
2 1 0.001106 0.078407 0.570817 0.088087 0.261583
2 1 0.004620 0.075201 0.731452 0.068120 0.120608
2 1 0.006600 0.157426 0.457151 0.084644 0.294179
2 1 0.001419 0.119837 0.693719 0.028367 0.156657
2 2 0.000003 0.003173 0.716709 0.275817 0.004298
2 2 0.003763 0.096375 0.560505 0.204579 0.134777
2 2 0.000001 0.002483 0.865444 0.129084 0.002988
2 2 0.000079 0.006072 0.633019 0.356545 0.004285
2 2 0.000004 0.004811 0.946915 0.037695 0.010575
2 2 0.002119 0.099339 0.686229 0.008536 0.203778
0 2 0.487261 0.182907 0.058568 0.000237 0.271027
4 2 0.328952 0.050034 0.021091 0.000339 0.599584
4 4 0.082184 0.061154 0.029130 0.000200 0.827332
4 4 0.009490 0.120023 0.397900 0.027264 0.445323
2 4 0.002360 0.090707 0.540126 0.077231 0.289576
4 4 0.013919 0.241011 0.309327 0.022907 0.412837
4 4 0.026725 0.077992 0.287821 0.061095 0.546368
4 4 0.001705 0.098087 0.396592 0.033045 0.470571
4 4 0.006648 0.127212 0.170218 0.015023 0.680899
4 4 0.041445 0.097203 0.035696 0.000070 0.825585
4 4 0.026557 0.081417 0.222723 0.007157 0.662145
4 4 0.029254 0.078775 0.102912 0.008971 0.780089
4 4 0.033366 0.027205 0.012869 0.000068 0.926493
4 4 0.093090 0.020218 0.010597 0.000197 0.875897
0 0 0.939712 0.016435 0.004749 0.000051 0.039054
4 0 0.198656 0.003766 0.002207 0.000031 0.795339
4 0 0.012271 0.049472 0.059948 0.000339 0.877970
4 1 0.019709 0.107298 0.291669 0.034367 0.546957
2 1 0.002414 0.114552 0.720662 0.095373 0.066998
2 1 0.004211 0.149550 0.491007 0.019598 0.335634
2 1 0.002187 0.070353 0.684191 0.042388 0.200882
2 1 0.001319 0.060612 0.565991 0.218728 0.153351
4 1 0.005282 0.135209 0.358218 0.066309 0.434982
2 1 0.000333 0.013036 0.578875 0.357459 0.050297
2 1 0.009608 0.301621 0.611046 0.006049 0.071677
2 2 0.000507 0.017817 0.663643 0.309087 0.008946
2 2 0.000378 0.016022 0.536949 0.426750 0.019902
2 2 0.012468 0.035651 0.869321 0.052316 0.030243
2 2 0.000159 0.007938 0.632252 0.351386 0.008265
2 2 0.039531 0.133491 0.477320 0.019545 0.330112
4 2 0.259988 0.118015 0.040189 0.000793 0.581014
0 2 0.507411 0.213437 0.083454 0.000595 0.195104
0 2 0.863558 0.015795 0.005753 0.000146 0.114749
4 0 0.144035 0.023496 0.011416 0.000268 0.820785
0 0 0.538321 0.040223 0.011499 0.000089 0.409868
4 0 0.043516 0.044113 0.060073 0.002323 0.849976
2 1 0.009298 0.133052 0.363942 0.159056 0.334652
4 1 0.011604 0.085937 0.174004 0.017219 0.711235
0 1 0.748893 0.141076 0.040718 0.000269 0.069044
0 1 0.685998 0.057247 0.018742 0.000666 0.237346
0 1 0.878130 0.035453 0.012463 0.000118 0.073836
0 0 0.640673 0.019280 0.007925 0.000615 0.331507
4 0 0.074394 0.029662 0.012198 0.000100 0.883645
4 0 0.035937 0.010781 0.006493 0.000042 0.946746
4 1 0.010305 0.155711 0.208726 0.029821 0.595438
2 1 0.007248 0.167520 0.538093 0.116206 0.170933
4 1 0.009634 0.223832 0.353747 0.020775 0.392012
4 1 0.019474 0.182118 0.233745 0.012096 0.552567
4 1 0.011137 0.120248 0.317811 0.033594 0.517210
2 1 0.020982 0.135478 0.524052 0.023730 0.295758
2 1 0.000055 0.008834 0.833118 0.151509 0.006484
2 2 0.005592 0.149962 0.742218 0.012242 0.089987
2 2 0.000131 0.039348 0.920485 0.021436 0.018600
2 2 0.000561 0.015737 0.852814 0.090898 0.039990
2 2 0.020133 0.057169 0.510629 0.156172 0.255897
2 2 0.000505 0.015165 0.783896 0.134370 0.066064
4 2 0.079788 0.107575 0.052734 0.000359 0.759544
4 2 0.291685 0.118892 0.048977 0.002299 0.538147
4 2 0.063000 0.073811 0.030075 0.000052 0.833063
4 4 0.098926 0.143792 0.075412 0.002018 0.679851
1 4 0.022680 0.398302 0.367830 0.007514 0.203673
2 4 0.000880 0.074279 0.741675 0.094554 0.088613
4 4 0.003702 0.116624 0.368419 0.027727 0.483527
2 4 0.000213 0.023393 0.900795 0.067796 0.007801
2 2 0.000007 0.002550 0.946318 0.043691 0.007433
4 2 0.025987 0.088339 0.383455 0.043009 0.459209
4 2 0.088165 0.152247 0.349240 0.040958 0.369389
4 2 0.036841 0.147727 0.079386 0.000195 0.735851
4 2 0.048913 0.173019 0.109345 0.000683 0.668040
4 2 0.276473 0.086810 0.037403 0.000589 0.598725
0 2 0.631467 0.076792 0.025527 0.000226 0.265989
0 2 0.796723 0.020624 0.006284 0.000109 0.176260
4 4 0.073254 0.040236 0.049800 0.002493 0.834217
2 4 0.002766 0.055612 0.525591 0.374244 0.041786
4 4 0.173838 0.096876 0.036868 0.000147 0.692272
0 4 0.974383 0.013251 0.005505 0.000394 0.006467
4 4 0.056971 0.048532 0.026008 0.000742 0.867747
2 4 0.001706 0.082770 0.779032 0.037707 0.098784
3 4 0.000104 0.002935 0.356985 0.632879 0.007096
2 4 0.044217 0.072339 0.430917 0.069954 0.382574
2 2 0.000171 0.007422 0.658136 0.322963 0.011308
2 2 0.003331 0.023329 0.582273 0.312049 0.079019
2 2 0.002701 0.036221 0.865842 0.085623 0.009613
2 2 0.000084 0.004065 0.751790 0.240633 0.003428
2 2 0.000375 0.024900 0.789656 0.128011 0.057058
3 2 0.000124 0.003331 0.397270 0.590093 0.009182
2 2 0.000241 0.012712 0.576696 0.377526 0.032825
2 2 0.001368 0.015642 0.695087 0.281867 0.006036
2 2 0.000073 0.016955 0.756897 0.196764 0.029312
2 2 0.004376 0.019365 0.576635 0.396684 0.002940
3 2 0.000027 0.002383 0.312084 0.679639 0.005867
2 2 0.000913 0.018603 0.619763 0.342398 0.018323
2 2 0.001438 0.026870 0.560829 0.271108 0.139754
2 2 0.000004 0.002801 0.670714 0.324285 0.002196
2 2 0.000067 0.008866 0.588923 0.391472 0.010672
2 2 0.000554 0.038216 0.854089 0.075761 0.031381
3 2 0.000820 0.018057 0.359688 0.572059 0.049375
2 2 0.000618 0.010752 0.563728 0.407688 0.017213
3 2 0.005111 0.021157 0.307035 0.595927 0.070770
2 2 0.000140 0.011671 0.791398 0.168682 0.028109
2 2 0.002490 0.045520 0.816012 0.094735 0.041243
2 3 0.021399 0.040352 0.735134 0.091216 0.111899
2 3 0.000182 0.007727 0.859197 0.122050 0.010844
2 3 0.000571 0.017043 0.636928 0.270230 0.075227
2 3 0.030140 0.069462 0.597126 0.127079 0.176192
3 3 0.000023 0.001218 0.225562 0.772753 0.000444
3 3 0.000000 0.000012 0.245171 0.754815 0.000001
3 3 0.000001 0.000366 0.344932 0.654658 0.000043
3 3 0.000000 0.000066 0.176802 0.823092 0.000040
3 3 0.000000 0.000124 0.225662 0.774141 0.000073
3 3 0.000261 0.002652 0.108964 0.886042 0.002080
3 3 0.000001 0.000131 0.190857 0.808940 0.000070
3 3 0.003785 0.021020 0.405721 0.501138 0.068335
3 3 0.000007 0.001093 0.253965 0.744510 0.000425
3 3 0.000316 0.005793 0.344194 0.646331 0.003367
3 3 0.000007 0.000347 0.152236 0.847276 0.000133
3 3 0.000044 0.001059 0.157135 0.841334 0.000428
3 3 0.000000 0.000040 0.084691 0.915248 0.000021
3 3 0.000000 0.000025 0.048375 0.951598 0.000001
3 3 0.000060 0.001801 0.138025 0.858035 0.002079
3 3 0.000000 0.000165 0.221953 0.777852 0.000030
3 3 0.000001 0.000014 0.017139 0.982841 0.000005
3 3 0.000000 0.000002 0.012298 0.987699 0.000001
3 3 0.000037 0.000863 0.101142 0.897333 0.000624
3 3 0.000027 0.001517 0.378380 0.619894 0.000182
3 3 0.000000 0.000066 0.131297 0.868595 0.000043
3 3 0.000001 0.000042 0.036321 0.963628 0.000009
3 3 0.000002 0.000031 0.008827 0.991122 0.000017
3 3 0.000015 0.000229 0.063047 0.936633 0.000076
3 3 0.000001 0.000017 0.005232 0.994743 0.000007
3 3 0.000026 0.000732 0.186344 0.812513 0.000384
3 3 0.000006 0.000029 0.005176 0.994769 0.000019
3 3 0.000030 0.001109 0.200387 0.797430 0.001044
3 3 0.002082 0.005287 0.107611 0.873866 0.011154
3 3 0.000000 0.000013 0.023156 0.976829 0.000002
3 3 0.000071 0.000319 0.034477 0.965042 0.000091
3 3 0.000002 0.000043 0.013703 0.986234 0.000018
3 3 0.000000 0.000001 0.002471 0.997527 0.000000
3 3 0.000011 0.000135 0.027522 0.972212 0.000120
3 3 0.000000 0.000006 0.008775 0.991218 0.000001
3 3 0.000007 0.000143 0.030479 0.969329 0.000043
3 3 0.000000 0.000004 0.015615 0.984380 0.000001
3 3 0.000000 0.000003 0.013325 0.986672 0.000000
3 3 0.000002 0.000070 0.045534 0.954380 0.000014
3 3 0.000031 0.000082 0.005960 0.993876 0.000051
3 3 0.000001 0.000008 0.002787 0.997200 0.000004
3 3 0.000000 0.000000 0.000534 0.999465 0.000000
3 3 0.000006 0.000068 0.012479 0.987401 0.000046
3 3 0.001007 0.002953 0.106571 0.887723 0.001746
3 3 0.000161 0.000816 0.040495 0.958309 0.000219
3 3 0.000000 0.000001 0.003239 0.996760 0.000000
3 3 0.000001 0.000022 0.027505 0.972466 0.000008
3 3 0.000135 0.000096 0.005812 0.993854 0.000103
3 3 0.000150 0.000120 0.007265 0.992379 0.000086
3 3 0.000014 0.000040 0.004669 0.995255 0.000022
3 3 0.000000 0.000038 0.041944 0.958000 0.000017
3 3 0.000002 0.000014 0.004565 0.995414 0.000005
3 3 0.000000 0.000008 0.017965 0.982026 0.000001
3 3 0.000003 0.000033 0.007714 0.992239 0.000011
3 3 0.000008 0.000269 0.053078 0.946528 0.000118
3 3 0.000024 0.000132 0.012047 0.987698 0.000099
3 3 0.000000 0.000014 0.013326 0.986649 0.000010
3 3 0.000579 0.000875 0.015065 0.982764 0.000718
3 3 0.000001 0.000073 0.038524 0.961393 0.000008
3 3 0.000008 0.000258 0.062467 0.937017 0.000250
3 3 0.000268 0.000875 0.039096 0.959392 0.000369
3 3 0.000000 0.000010 0.043342 0.956643 0.000006
3 3 0.000060 0.000211 0.020097 0.979565 0.000067
3 3 0.000000 0.000012 0.011565 0.988414 0.000008
3 3 0.000000 0.000012 0.017570 0.982413 0.000005
3 3 0.000091 0.000103 0.005034 0.994687 0.000084
3 3 0.000008 0.000015 0.002240 0.997728 0.000010
3 3 0.000104 0.000090 0.003795 0.995934 0.000076
3 3 0.000000 0.000001 0.002644 0.997355 0.000000
3 3 0.000000 0.000001 0.010503 0.989497 0.000000
3 3 0.000000 0.000002 0.012374 0.987623 0.000002
3 3 0.000001 0.000012 0.006192 0.993791 0.000004
3 3 0.000000 0.000003 0.004878 0.995118 0.000001
3 3 0.000052 0.000092 0.009126 0.990635 0.000095
3 3 0.000000 0.000000 0.002821 0.997179 0.000000
3 3 0.000008 0.000049 0.007764 0.992142 0.000036
3 3 0.000001 0.000001 0.000892 0.999105 0.000001
3 3 0.000001 0.000068 0.060575 0.939347 0.000010
3 3 0.000001 0.000044 0.031628 0.968316 0.000010
3 3 0.000310 0.001515 0.056508 0.940494 0.001173
3 3 0.009422 0.012359 0.106006 0.833438 0.038774
3 3 0.000000 0.000006 0.007175 0.992816 0.000003
3 3 0.000442 0.000380 0.013096 0.985625 0.000457
2 3 0.002712 0.022351 0.525028 0.413961 0.035948
2 3 0.002238 0.013579 0.647201 0.333025 0.003958
2 3 0.070895 0.090469 0.371539 0.266471 0.200627
3 3 0.000513 0.003190 0.139207 0.852065 0.005026
2 3 0.000632 0.018665 0.604666 0.207539 0.168500
4 2 0.007876 0.062364 0.384916 0.102037 0.442807
2 2 0.000253 0.020739 0.797751 0.145334 0.035923
2 2 0.000887 0.037807 0.566407 0.302193 0.092706
3 2 0.001996 0.026644 0.328965 0.568541 0.073853
2 2 0.013631 0.069692 0.577514 0.182245 0.156918
2 2 0.000779 0.068197 0.779263 0.085718 0.066042
2 2 0.000987 0.076310 0.574067 0.079495 0.269140
2 1 0.000741 0.060125 0.705523 0.149892 0.083720
2 1 0.000289 0.035056 0.731849 0.161499 0.071307
2 1 0.004290 0.114957 0.461789 0.162325 0.256638
2 1 0.001946 0.070753 0.521137 0.159854 0.246309
4 1 0.022923 0.178370 0.146298 0.031010 0.621400
2 1 0.003720 0.087259 0.445501 0.152928 0.310594
4 1 0.003216 0.118017 0.376976 0.049154 0.452637
2 1 0.012703 0.131750 0.344886 0.244322 0.266339
4 1 0.003158 0.090800 0.144835 0.004358 0.756849
3 4 0.009589 0.048747 0.246821 0.575661 0.119181
4 4 0.010448 0.105803 0.210929 0.049376 0.623444
2 4 0.013305 0.182904 0.488519 0.138288 0.176984
4 4 0.037885 0.170845 0.097909 0.007803 0.685558
2 4 0.002176 0.057142 0.491950 0.088033 0.360699
4 4 0.009439 0.192911 0.252554 0.002991 0.542105
2 4 0.002666 0.109654 0.482397 0.084950 0.320333
4 4 0.022014 0.261102 0.275084 0.011268 0.430533
4 4 0.013792 0.202280 0.315903 0.057048 0.410976
4 4 0.020300 0.184010 0.238732 0.018384 0.538574
4 4 0.017418 0.108751 0.072189 0.003426 0.798216
2 4 0.006986 0.191969 0.431049 0.036305 0.333692
4 4 0.028128 0.144541 0.169036 0.041731 0.616564
4 4 0.049635 0.256762 0.166788 0.050427 0.476388
2 4 0.001327 0.092855 0.687991 0.079187 0.138640
2 4 0.005279 0.149319 0.535743 0.104433 0.205227
2 4 0.000429 0.054404 0.819744 0.081741 0.043682
4 1 0.009586 0.210704 0.266497 0.012633 0.500580
2 1 0.001101 0.063516 0.613202 0.211324 0.110858
2 1 0.000353 0.026992 0.580573 0.374415 0.017668
2 1 0.002069 0.070029 0.504620 0.311400 0.111883
2 1 0.001594 0.136890 0.714496 0.019289 0.127731
4 1 0.007164 0.145090 0.244089 0.032611 0.571046
2 1 0.000795 0.058794 0.701970 0.173523 0.064919
2 1 0.008648 0.149475 0.368197 0.128171 0.345509
2 1 0.009823 0.191130 0.638410 0.040900 0.119736
0 0 0.426660 0.393434 0.132664 0.000151 0.047091
4 0 0.035632 0.147432 0.087110 0.000851 0.728975
0 1 0.500790 0.042913 0.017824 0.000350 0.438123
4 1 0.068038 0.030217 0.015944 0.000322 0.885479
4 1 0.011100 0.152939 0.157178 0.018673 0.660111
2 1 0.004717 0.125812 0.574602 0.180178 0.114690
2 1 0.000113 0.021990 0.791760 0.153078 0.033059
4 1 0.077032 0.158636 0.264921 0.017930 0.481482
4 1 0.169756 0.261019 0.210769 0.018004 0.340453
4 4 0.053234 0.016399 0.009543 0.000117 0.920707
4 4 0.107056 0.133195 0.044329 0.000064 0.715356
2 4 0.005711 0.195375 0.428319 0.020732 0.349863
2 4 0.001688 0.093576 0.431413 0.043734 0.429588
4 4 0.013165 0.024264 0.015667 0.000108 0.946796
4 4 0.007059 0.113276 0.092749 0.002570 0.784346
2 4 0.009911 0.260150 0.583495 0.019063 0.127381
4 4 0.007767 0.038225 0.101760 0.002199 0.850048
4 4 0.042104 0.103123 0.172775 0.006043 0.675954
0 4 0.710247 0.002314 0.001442 0.000114 0.285883
4 4 0.021113 0.106033 0.091789 0.000476 0.780589
4 4 0.006960 0.161007 0.282422 0.009752 0.539859
4 4 0.011216 0.170788 0.239921 0.023775 0.554300
2 4 0.000794 0.042519 0.578720 0.272152 0.105815
2 4 0.000808 0.063518 0.786559 0.120973 0.028143
4 4 0.069935 0.037667 0.024956 0.001343 0.866099
4 4 0.197892 0.065811 0.067995 0.015683 0.652619
4 4 0.012137 0.009732 0.007397 0.000035 0.970699
2 4 0.003606 0.212426 0.627667 0.010481 0.145821
4 4 0.080888 0.032970 0.019041 0.000667 0.866434
4 4 0.036225 0.122209 0.062022 0.000272 0.779273
4 4 0.014282 0.051001 0.031162 0.000200 0.903354
4 4 0.057385 0.296819 0.163320 0.002066 0.480410
4 4 0.001564 0.066004 0.342393 0.028726 0.561313
4 4 0.015381 0.214910 0.197894 0.014274 0.557542
4 4 0.020205 0.135190 0.274879 0.004674 0.565053
0 4 0.554929 0.011461 0.004458 0.000022 0.429129
4 4 0.008883 0.051613 0.023910 0.000020 0.915574
4 4 0.041626 0.087303 0.050046 0.001684 0.819341
4 4 0.026215 0.079464 0.050716 0.001664 0.841941
4 4 0.020134 0.026526 0.029946 0.001821 0.921572
4 4 0.056665 0.057038 0.034670 0.001754 0.849872
4 4 0.038925 0.013971 0.009685 0.000134 0.937285
2 4 0.006132 0.245744 0.390020 0.005857 0.352246
4 4 0.012317 0.291401 0.335238 0.001812 0.359233
4 4 0.023385 0.062823 0.105201 0.008147 0.800444
2 4 0.003995 0.067276 0.631548 0.195396 0.101786
2 4 0.000828 0.054948 0.601373 0.125752 0.217099
2 4 0.000853 0.082549 0.629272 0.048394 0.238933
2 4 0.000965 0.082160 0.764912 0.074073 0.077890
2 2 0.000684 0.072531 0.835555 0.056359 0.034871
2 2 0.001606 0.104039 0.571050 0.052912 0.270392
2 2 0.000901 0.056837 0.660316 0.221112 0.060833
2 2 0.000463 0.046470 0.758925 0.156566 0.037576
2 2 0.026374 0.345984 0.352336 0.004606 0.270700
4 2 0.015937 0.142259 0.188165 0.002622 0.651017
4 2 0.017488 0.018157 0.014117 0.000173 0.950064
4 2 0.020547 0.131905 0.160497 0.001808 0.685243
4 2 0.011850 0.055044 0.158576 0.007006 0.767525
4 2 0.019874 0.108765 0.084287 0.007647 0.779427
4 2 0.029640 0.273431 0.297914 0.058996 0.340019
2 2 0.000307 0.017232 0.750826 0.226578 0.005056
2 2 0.000556 0.029048 0.685219 0.221228 0.063950
2 2 0.005180 0.177869 0.601180 0.054189 0.161581
2 2 0.000213 0.020195 0.795861 0.166271 0.017461
1 2 0.084880 0.507533 0.280964 0.001449 0.125175
2 2 0.016343 0.228319 0.431937 0.096065 0.227336
2 2 0.015686 0.315284 0.363510 0.011205 0.294315
4 2 0.190686 0.264510 0.257398 0.002084 0.285322
0 2 0.536566 0.004758 0.002309 0.000133 0.456234
4 2 0.146939 0.138271 0.114883 0.000718 0.599189
4 4 0.085144 0.011486 0.006667 0.000093 0.896609
4 4 0.173572 0.008855 0.005153 0.000127 0.812293
4 4 0.063923 0.059099 0.030302 0.000243 0.846433
4 4 0.031631 0.310764 0.294268 0.017738 0.345599
4 4 0.021740 0.093372 0.089664 0.006577 0.788648
4 4 0.013170 0.247806 0.327548 0.020486 0.390990
2 4 0.013835 0.256214 0.410143 0.018495 0.301314
3 4 0.002430 0.035913 0.301757 0.639976 0.019925
3 4 0.000005 0.001800 0.365205 0.632440 0.000549
2 4 0.001339 0.048463 0.510836 0.387072 0.052291
2 4 0.000461 0.058105 0.793143 0.043994 0.104297
2 2 0.000422 0.030868 0.608615 0.335922 0.024173
3 2 0.006714 0.044639 0.295203 0.496053 0.157391
2 2 0.000322 0.040165 0.734866 0.159419 0.065228
2 2 0.000944 0.037489 0.504721 0.382778 0.074068
2 2 0.000672 0.069877 0.797595 0.071711 0.060145
2 2 0.000430 0.052187 0.800046 0.098304 0.049034
2 2 0.000263 0.049209 0.875725 0.028123 0.046679
2 2 0.000019 0.008589 0.776019 0.206179 0.009194
2 2 0.000892 0.035597 0.532465 0.326926 0.104119
2 2 0.000844 0.042502 0.528933 0.361912 0.065809
2 2 0.000189 0.036717 0.800649 0.094349 0.068097
4 2 0.003909 0.124894 0.333796 0.041635 0.495766
2 2 0.001511 0.099789 0.667380 0.061960 0.169360
2 2 0.002901 0.111358 0.449582 0.080560 0.355599
2 2 0.004844 0.160278 0.475137 0.049461 0.310280
2 2 0.001843 0.084840 0.662244 0.141555 0.109517
2 2 0.000578 0.070089 0.474250 0.023282 0.431802
4 2 0.029108 0.168827 0.234039 0.008180 0.559846
4 2 0.014244 0.073546 0.057884 0.002528 0.851798
4 2 0.013969 0.121058 0.289245 0.085890 0.489837
2 4 0.009435 0.307298 0.430385 0.006192 0.246691
4 4 0.003931 0.075159 0.278153 0.010905 0.631851
4 4 0.004977 0.117371 0.262986 0.032073 0.582593
4 4 0.048303 0.204785 0.136027 0.001268 0.609616
4 4 0.026134 0.191771 0.334194 0.046099 0.401802
2 4 0.000675 0.071733 0.781682 0.067341 0.078569
2 4 0.025812 0.322421 0.429430 0.009740 0.212596
4 4 0.005638 0.125274 0.132475 0.006226 0.730387
4 4 0.017039 0.204198 0.273714 0.022671 0.482378
4 4 0.013013 0.042277 0.034592 0.000709 0.909410
2 4 0.000558 0.062913 0.698982 0.079356 0.158192
1 4 0.027863 0.386092 0.230826 0.000827 0.354392
4 4 0.013168 0.081856 0.049708 0.000968 0.854300
2 4 0.002530 0.175851 0.514407 0.008554 0.298658
2 4 0.005289 0.203068 0.654276 0.031817 0.105550
4 4 0.038452 0.060932 0.037285 0.001427 0.861904
1 4 0.026631 0.480590 0.318645 0.002539 0.171596
4 4 0.006579 0.145857 0.162044 0.000394 0.685126
2 4 0.040061 0.262832 0.362686 0.044112 0.290310
4 4 0.006687 0.173385 0.286561 0.018157 0.515210
2 4 0.005254 0.136083 0.780639 0.040527 0.037496
2 4 0.001273 0.057380 0.563215 0.242712 0.135421
2 4 0.235179 0.243162 0.259777 0.025083 0.236799
4 4 0.256265 0.160153 0.080438 0.005353 0.497790
4 4 0.092825 0.100352 0.220936 0.011227 0.574660
4 4 0.114171 0.120268 0.125737 0.007034 0.632790
4 4 0.034003 0.086371 0.396942 0.002260 0.480424
4 4 0.062368 0.036219 0.055981 0.003105 0.842328
2 4 0.011861 0.298415 0.419315 0.001099 0.269310
2 4 0.009106 0.294569 0.377767 0.005182 0.313376
4 4 0.010133 0.152929 0.329292 0.074978 0.432667
4 4 0.044558 0.147633 0.243202 0.025033 0.539573
4 4 0.203666 0.235929 0.101442 0.000632 0.458331
4 4 0.057306 0.126003 0.140716 0.032489 0.643486
4 4 0.009389 0.083958 0.055299 0.000283 0.851071
4 4 0.018474 0.046225 0.031527 0.000658 0.903116
2 1 0.002233 0.069210 0.516668 0.342750 0.069139
2 1 0.002181 0.051170 0.481907 0.395739 0.069003
2 1 0.000472 0.028369 0.869554 0.045692 0.055913
2 2 0.002825 0.141175 0.647283 0.051184 0.157533
2 2 0.001113 0.055572 0.718501 0.144177 0.080637
2 2 0.000028 0.018509 0.956801 0.016015 0.008648
2 2 0.001914 0.048669 0.549874 0.263688 0.135854
2 2 0.001644 0.084334 0.675487 0.157095 0.081439
2 2 0.000108 0.023835 0.816537 0.125507 0.034013
2 2 0.000498 0.061759 0.834591 0.010454 0.092699
2 2 0.000257 0.049339 0.814355 0.052304 0.083744
2 2 0.000008 0.003258 0.590559 0.405465 0.000711
2 2 0.000183 0.007298 0.650430 0.337126 0.004963
2 2 0.000104 0.016013 0.602483 0.357775 0.023626
2 2 0.000453 0.031994 0.590874 0.352641 0.024037
2 2 0.000040 0.016620 0.968657 0.005181 0.009502
2 2 0.000105 0.013984 0.715805 0.246343 0.023762
2 2 0.000255 0.036680 0.711893 0.155206 0.095967
2 2 0.006382 0.101221 0.660407 0.064376 0.167614
3 2 0.000004 0.000837 0.259008 0.739692 0.000459
2 2 0.000010 0.003885 0.641155 0.351988 0.002961
2 2 0.003150 0.032117 0.815689 0.092368 0.056675
3 2 0.000000 0.000446 0.418288 0.581090 0.000175
3 2 0.000008 0.002548 0.469773 0.523965 0.003706
2 2 0.000122 0.018062 0.635427 0.325679 0.020710
3 2 0.000108 0.001863 0.090744 0.906388 0.000897
2 2 0.000039 0.014755 0.844038 0.126972 0.014196
2 2 0.000017 0.004370 0.579745 0.407239 0.008629
2 2 0.000048 0.006933 0.854753 0.137012 0.001254
2 2 0.000001 0.001177 0.669968 0.328205 0.000650
3 2 0.001774 0.023640 0.249753 0.693749 0.031084
3 2 0.000025 0.001492 0.280004 0.718427 0.000053
2 2 0.000022 0.004198 0.507558 0.486938 0.001284
3 3 0.002273 0.031091 0.311786 0.630966 0.023885
3 3 0.000003 0.000580 0.183825 0.814942 0.000650
3 3 0.000436 0.012089 0.471721 0.513317 0.002437
3 3 0.000001 0.000117 0.067173 0.932642 0.000067
3 3 0.000000 0.000116 0.154987 0.844885 0.000012
2 3 0.000348 0.021195 0.544068 0.378221 0.056169
3 3 0.000159 0.008710 0.396663 0.587425 0.007044
3 3 0.000147 0.002237 0.106660 0.887620 0.003336
3 3 0.000063 0.002879 0.164932 0.829678 0.002449
3 3 0.000090 0.002128 0.135343 0.858975 0.003464
3 3 0.000009 0.000188 0.045862 0.953909 0.000032
3 3 0.000005 0.000379 0.086572 0.912707 0.000337
3 3 0.000191 0.000945 0.052980 0.945560 0.000324
3 3 0.000000 0.000056 0.081502 0.918431 0.000011
3 3 0.000004 0.000020 0.003788 0.996178 0.000010
3 3 0.000000 0.000044 0.098733 0.901212 0.000010
3 3 0.000000 0.000029 0.044008 0.955957 0.000006
3 3 0.000083 0.001395 0.067815 0.929631 0.001075
3 3 0.000000 0.000018 0.014496 0.985476 0.000010
3 3 0.000001 0.000098 0.069506 0.930373 0.000022
3 3 0.000028 0.000708 0.063869 0.934801 0.000594
3 3 0.000053 0.000311 0.018865 0.980533 0.000238
3 3 0.000001 0.000016 0.005367 0.994609 0.000007
3 3 0.000000 0.000023 0.035007 0.964965 0.000005
3 3 0.000032 0.000671 0.061973 0.936738 0.000586
3 3 0.000010 0.000090 0.014922 0.984888 0.000090
3 3 0.000001 0.000028 0.011736 0.988220 0.000015
3 3 0.000000 0.000002 0.010782 0.989217 0.000000
3 3 0.001450 0.001468 0.025954 0.969146 0.001982
3 3 0.000018 0.000376 0.083898 0.915599 0.000109
3 3 0.000002 0.000026 0.008264 0.991693 0.000015
3 3 0.000001 0.000013 0.005106 0.994874 0.000005
3 3 0.000056 0.000473 0.028282 0.970913 0.000276
3 3 0.000001 0.000035 0.020018 0.979931 0.000016
3 3 0.000000 0.000008 0.005406 0.994583 0.000003
3 3 0.000000 0.000002 0.003409 0.996588 0.000001
3 3 0.000000 0.000010 0.009652 0.990336 0.000002
3 3 0.000184 0.001101 0.042383 0.954981 0.001352
3 3 0.000005 0.000038 0.006570 0.993370 0.000018
3 3 0.000004 0.000135 0.034188 0.965652 0.000021
3 3 0.000024 0.000039 0.003443 0.996465 0.000029
3 3 0.000004 0.000021 0.004024 0.995940 0.000011
3 3 0.000005 0.000093 0.019542 0.980339 0.000021
3 3 0.000003 0.000109 0.061404 0.938471 0.000014
3 3 0.000702 0.001059 0.025967 0.971922 0.000350
3 3 0.000000 0.000000 0.001701 0.998299 0.000000
3 3 0.004146 0.009138 0.153972 0.813156 0.019590
3 3 0.000000 0.000007 0.010544 0.989445 0.000004
3 3 0.000716 0.001705 0.057424 0.937679 0.002476
3 3 0.000137 0.000963 0.057868 0.939836 0.001195
3 3 0.000001 0.000025 0.011209 0.988757 0.000008
3 3 0.000367 0.007439 0.190696 0.792141 0.009357
3 2 0.000227 0.002670 0.198828 0.795658 0.002617
3 2 0.000002 0.000065 0.030221 0.969649 0.000063
2 2 0.000580 0.045112 0.777560 0.147417 0.029330
2 2 0.000102 0.011035 0.685375 0.296216 0.007271
2 2 0.000146 0.013770 0.538594 0.435095 0.012397
2 2 0.000005 0.003788 0.755490 0.238940 0.001777
2 2 0.003718 0.020312 0.917324 0.052514 0.006132
4 2 0.015024 0.175193 0.356781 0.014161 0.438841
2 2 0.005877 0.132302 0.547823 0.086587 0.227411
2 2 0.006688 0.119601 0.720623 0.039697 0.113391
4 4 0.005645 0.059423 0.070086 0.001207 0.863639
2 4 0.007116 0.119409 0.389017 0.128943 0.355515
2 4 0.013876 0.258966 0.512705 0.051752 0.162700
4 4 0.066241 0.123091 0.094339 0.021634 0.694696
1 4 0.248154 0.257728 0.209303 0.089129 0.195686
4 4 0.009111 0.120982 0.096038 0.005408 0.768461
2 4 0.005701 0.174972 0.521025 0.056200 0.242101
2 4 0.001185 0.083207 0.669022 0.088937 0.157650
4 4 0.022988 0.027443 0.022441 0.000613 0.926515
4 4 0.009364 0.182775 0.149504 0.003672 0.654684
2 4 0.001799 0.131140 0.528042 0.018440 0.320580
2 4 0.058981 0.160048 0.501157 0.075911 0.203903
4 4 0.007129 0.054034 0.267358 0.024464 0.647014
4 4 0.015066 0.154802 0.125644 0.014011 0.690477
4 4 0.016587 0.063383 0.051989 0.001632 0.866410
4 4 0.029765 0.083488 0.183921 0.023432 0.679394
4 4 0.091705 0.056306 0.052240 0.004930 0.794819
4 4 0.057803 0.032855 0.020340 0.000636 0.888366
4 4 0.012612 0.033239 0.020313 0.000153 0.933683
4 4 0.002808 0.053153 0.055771 0.001058 0.887210
2 4 0.014774 0.105100 0.514195 0.315147 0.050784
4 4 0.009160 0.020960 0.053930 0.000860 0.915090
4 4 0.364418 0.027504 0.013792 0.000690 0.593595
4 4 0.017850 0.038007 0.024991 0.000369 0.918784
4 4 0.039938 0.032692 0.017228 0.000224 0.909917
4 4 0.013325 0.068088 0.051567 0.001231 0.865789
4 4 0.159339 0.075354 0.030047 0.000731 0.734530
2 4 0.002419 0.030214 0.598180 0.118672 0.250513
4 4 0.044662 0.065101 0.080780 0.001011 0.808446
4 4 0.087485 0.041017 0.019067 0.000086 0.852344
4 4 0.033522 0.038262 0.030604 0.001524 0.896088
4 4 0.031639 0.064906 0.039758 0.000811 0.862887
4 4 0.072716 0.062172 0.091875 0.002062 0.771174
4 4 0.019057 0.077635 0.051625 0.001781 0.849901
4 4 0.009178 0.063220 0.041509 0.000571 0.885521
4 4 0.012681 0.063150 0.121071 0.005429 0.797669
1 4 0.021389 0.337534 0.322394 0.011389 0.307294
4 4 0.004047 0.042110 0.286597 0.023497 0.643749
4 4 0.040849 0.009013 0.006509 0.000072 0.943556
4 4 0.039821 0.079565 0.064794 0.003001 0.812819
4 4 0.032798 0.025356 0.019119 0.000359 0.922368
4 4 0.007441 0.080471 0.136817 0.010030 0.765242
4 4 0.013643 0.038766 0.048931 0.002061 0.896598
4 4 0.008305 0.068797 0.074667 0.000815 0.847415
4 4 0.059732 0.205449 0.098040 0.000668 0.636111
4 4 0.019346 0.121274 0.139712 0.028298 0.691370
4 4 0.015734 0.070909 0.060157 0.003285 0.849916
4 4 0.029118 0.026566 0.016012 0.000196 0.928107
4 4 0.013861 0.017935 0.016608 0.000089 0.951507
4 4 0.019405 0.077714 0.032698 0.000045 0.870139
4 4 0.005985 0.041403 0.037296 0.000637 0.914678
4 4 0.009394 0.153337 0.145985 0.000719 0.690565
4 4 0.021856 0.097264 0.112620 0.005372 0.762888
4 4 0.022147 0.154506 0.206301 0.023509 0.593536
4 4 0.010592 0.183971 0.275222 0.034541 0.495673
4 4 0.001987 0.115940 0.425597 0.024842 0.431634
4 4 0.018246 0.175066 0.123963 0.001257 0.681468
4 4 0.025056 0.044758 0.026958 0.000296 0.902932
4 4 0.010463 0.130757 0.184929 0.008687 0.665164
4 4 0.003239 0.061234 0.077086 0.002029 0.856413
4 4 0.006059 0.133418 0.151977 0.004189 0.704356
4 4 0.015262 0.195785 0.161846 0.001783 0.625324
4 4 0.005879 0.100164 0.083671 0.002962 0.807324
4 4 0.033669 0.038872 0.049945 0.003891 0.873622
4 4 0.014121 0.045150 0.025770 0.000232 0.914727
4 4 0.053338 0.200202 0.080815 0.000163 0.665482
4 4 0.033170 0.078909 0.094321 0.002620 0.790979
4 4 0.016488 0.139357 0.381575 0.032394 0.430187
4 4 0.014304 0.072488 0.077787 0.001205 0.834215
4 4 0.023509 0.072016 0.045085 0.001417 0.857973
4 4 0.009003 0.113445 0.158763 0.003124 0.715665
2 4 0.003822 0.161203 0.478995 0.028914 0.327065
4 4 0.039587 0.114932 0.089040 0.009691 0.746751
4 4 0.008115 0.070876 0.054390 0.001273 0.865347
4 4 0.007165 0.090493 0.167818 0.009055 0.725469
2 4 0.016499 0.163240 0.454601 0.065035 0.300625
4 4 0.010495 0.111256 0.109344 0.004472 0.764433
4 4 0.038596 0.020780 0.012023 0.000133 0.928467
4 4 0.011028 0.215054 0.166831 0.002376 0.604711
4 4 0.016529 0.107442 0.213566 0.024719 0.637745
4 4 0.003666 0.110063 0.348351 0.038620 0.499301
4 4 0.018024 0.151140 0.169597 0.003352 0.657887
4 4 0.003222 0.087861 0.150531 0.004117 0.754269
4 1 0.011181 0.176171 0.318766 0.071978 0.421903
2 1 0.002971 0.146425 0.494328 0.028492 0.327784
4 1 0.004324 0.121395 0.346604 0.039430 0.488247
2 1 0.009127 0.201043 0.483592 0.067068 0.239169
4 1 0.041334 0.086699 0.050392 0.002587 0.818987
2 1 0.032881 0.306608 0.391964 0.009395 0.259151
2 1 0.005054 0.200505 0.534941 0.017851 0.241649
2 1 0.005974 0.184175 0.624477 0.063379 0.121995
2 1 0.006264 0.204851 0.429735 0.003090 0.356060
2 1 0.000338 0.054457 0.565445 0.029315 0.350445
2 1 0.000063 0.011291 0.588976 0.388187 0.011483
2 1 0.002377 0.091529 0.634806 0.196710 0.074578
2 1 0.000475 0.070701 0.822787 0.035517 0.070520
2 1 0.000168 0.039518 0.851248 0.054461 0.054605
2 1 0.001540 0.080508 0.517478 0.086627 0.313848
2 2 0.000923 0.065513 0.615851 0.147121 0.170593
2 2 0.000120 0.023154 0.768608 0.182612 0.025505
2 2 0.000391 0.075696 0.891787 0.011790 0.020336
2 2 0.000164 0.035517 0.858191 0.072412 0.033717
2 2 0.000190 0.025101 0.686487 0.224915 0.063307
2 2 0.002554 0.130052 0.747872 0.061225 0.058297
2 2 0.000339 0.040900 0.690551 0.165641 0.102570
2 2 0.002192 0.087249 0.671918 0.194637 0.044005
2 2 0.000027 0.010949 0.818893 0.162355 0.007776
2 2 0.014595 0.155608 0.741336 0.013716 0.074745
4 2 0.128084 0.087643 0.038308 0.001190 0.744775
4 2 0.032298 0.108156 0.067297 0.000949 0.791301
2 2 0.010990 0.271770 0.399182 0.014126 0.303932
2 2 0.000027 0.012386 0.881281 0.099488 0.006819
2 0 0.193685 0.144457 0.609983 0.021953 0.029921
4 0 0.020140 0.195375 0.306413 0.007584 0.470488
4 1 0.017506 0.240117 0.224973 0.003297 0.514107
2 1 0.000304 0.042894 0.833661 0.097790 0.025351
2 1 0.005697 0.178366 0.599289 0.064437 0.152212
2 1 0.000091 0.022164 0.842870 0.120623 0.014252
2 2 0.000050 0.024665 0.906813 0.028907 0.039564
2 2 0.000024 0.012199 0.883534 0.096138 0.008105
2 2 0.002670 0.126189 0.619793 0.072222 0.179126
2 2 0.000560 0.057016 0.797458 0.101130 0.043836
2 2 0.001658 0.081708 0.765350 0.076458 0.074826
2 2 0.001807 0.096793 0.639467 0.110150 0.151783
2 2 0.000080 0.017349 0.758322 0.210956 0.013293
2 2 0.000318 0.037506 0.742820 0.179848 0.039507
2 2 0.000261 0.044703 0.865682 0.063241 0.026113
2 2 0.001384 0.072627 0.826902 0.050681 0.048407
2 2 0.000520 0.034963 0.575873 0.329143 0.059501
2 2 0.000138 0.033176 0.853167 0.072849 0.040670
2 2 0.003856 0.130115 0.656731 0.125657 0.083641
2 2 0.000027 0.007924 0.633661 0.350430 0.007959
2 2 0.000279 0.042897 0.820240 0.094761 0.041823
2 2 0.000000 0.000266 0.501761 0.497925 0.000049
2 2 0.000017 0.012919 0.898607 0.059164 0.029293
2 2 0.000236 0.024613 0.646842 0.264432 0.063877
3 2 0.000095 0.007175 0.322788 0.662707 0.007235
2 2 0.005304 0.095857 0.445708 0.202752 0.250379
2 2 0.002419 0.040229 0.859636 0.077208 0.020509
2 2 0.005157 0.126676 0.429524 0.133021 0.305621
2 2 0.000062 0.017948 0.886850 0.091183 0.003959
2 2 0.000134 0.012502 0.505246 0.478601 0.003517
2 2 0.000074 0.019443 0.951215 0.020983 0.008285
2 2 0.000002 0.001230 0.574268 0.424145 0.000355
2 2 0.000009 0.004494 0.926635 0.068479 0.000383
2 2 0.000028 0.010831 0.746069 0.220760 0.022312
3 2 0.000063 0.005670 0.314650 0.674134 0.005483
3 2 0.000008 0.001493 0.276950 0.720821 0.000727
2 2 0.000083 0.007631 0.536884 0.447064 0.008337
2 2 0.000276 0.031456 0.718942 0.222292 0.027034
2 2 0.000016 0.005316 0.861871 0.132543 0.000255
2 2 0.000221 0.027652 0.714568 0.235307 0.022253
2 2 0.000050 0.014064 0.734767 0.227199 0.023920
2 2 0.000001 0.000897 0.596308 0.402683 0.000112
2 2 0.000008 0.004468 0.697015 0.289473 0.009036
2 3 0.000388 0.029283 0.599141 0.304131 0.067056
2 3 0.000022 0.007697 0.714989 0.273421 0.003871
1 3 0.160381 0.472418 0.224150 0.002557 0.140495
2 3 0.000279 0.034353 0.802120 0.151346 0.011902
3 3 0.000575 0.020271 0.454049 0.519639 0.005466
2 3 0.000285 0.015941 0.554656 0.388000 0.041117
2 3 0.000646 0.044625 0.619214 0.274500 0.061015
2 3 0.000043 0.008401 0.611358 0.378321 0.001876
2 3 0.000026 0.010322 0.804205 0.178737 0.006710
3 3 0.000011 0.002179 0.421480 0.576039 0.000291
2 3 0.001449 0.055256 0.533931 0.360337 0.049027
2 3 0.000007 0.004370 0.734248 0.259355 0.002020
3 3 0.000151 0.005891 0.255845 0.735193 0.002920
2 3 0.001264 0.066372 0.715104 0.193031 0.024229
2 3 0.000020 0.009847 0.915349 0.073548 0.001236
3 3 0.000066 0.004502 0.275888 0.715089 0.004455
2 3 0.004750 0.054242 0.702355 0.144612 0.094041
2 2 0.020030 0.155304 0.623750 0.016547 0.184369
