0 0 0.909496 0.033222 0.042045 0.001672 0.013565
4 0 0.208700 0.050111 0.016159 0.000612 0.724419
0 0 0.986469 0.004579 0.003880 0.000166 0.004906
1 0 0.319043 0.513935 0.097047 0.000428 0.069547
1 0 0.021343 0.532543 0.160617 0.000088 0.285408
1 1 0.025892 0.383825 0.242834 0.000028 0.347420
2 1 0.021375 0.174070 0.583938 0.000940 0.219676
4 1 0.033834 0.297453 0.081220 0.000182 0.587311
4 1 0.261371 0.298761 0.084350 0.001179 0.354339
4 1 0.067230 0.131509 0.022322 0.000081 0.778858
4 1 0.093249 0.192717 0.050405 0.001119 0.662511
4 1 0.114516 0.317865 0.206186 0.002192 0.359241
1 1 0.131353 0.523198 0.093320 0.000212 0.251916
2 1 0.010748 0.323615 0.612005 0.001004 0.052628
2 2 0.022255 0.211492 0.349242 0.138618 0.278393
2 2 0.122659 0.354890 0.446133 0.010252 0.066067
0 2 0.675987 0.117798 0.176517 0.003545 0.026153
2 2 0.072447 0.132884 0.418431 0.357741 0.018498
0 2 0.526073 0.098545 0.015301 0.003313 0.356768
4 2 0.168588 0.154005 0.037885 0.000845 0.638676
4 2 0.028776 0.194966 0.033553 0.000061 0.742644
4 2 0.111946 0.300840 0.039506 0.000176 0.547532
4 4 0.085475 0.185936 0.096446 0.000104 0.632038
1 4 0.156541 0.529702 0.084610 0.000482 0.228666
1 4 0.265784 0.399900 0.142214 0.000420 0.191682
4 4 0.027586 0.294235 0.230433 0.001321 0.446424
4 4 0.023327 0.382104 0.165696 0.000046 0.428828
1 1 0.108965 0.479933 0.144750 0.000657 0.265695
1 1 0.133736 0.351759 0.209460 0.000290 0.304755
3 1 0.021093 0.069276 0.448553 0.455021 0.006057
1 1 0.045701 0.534721 0.396804 0.005230 0.017545
2 1 0.222598 0.222612 0.514141 0.017568 0.023081
0 1 0.755136 0.154082 0.048350 0.001160 0.041273
1 1 0.106031 0.434611 0.311800 0.098137 0.049421
1 1 0.292668 0.369188 0.084268 0.000800 0.253076
1 1 0.103843 0.504950 0.301674 0.048824 0.040709
1 1 0.262564 0.412831 0.168897 0.001142 0.154565
0 4 0.444078 0.103641 0.079657 0.016587 0.356037
1 4 0.115623 0.461240 0.072797 0.000379 0.349961
1 4 0.152857 0.445219 0.072118 0.000646 0.329160
1 4 0.068461 0.512159 0.065138 0.000012 0.354231
2 4 0.139925 0.164068 0.551446 0.001064 0.143497
2 4 0.042886 0.251076 0.414971 0.002451 0.288616
2 4 0.100330 0.279226 0.529660 0.057447 0.033338
4 4 0.020284 0.297461 0.237362 0.000223 0.444670
4 4 0.193075 0.298913 0.167459 0.000118 0.340434
2 4 0.002220 0.121651 0.861962 0.005381 0.008786
2 4 0.014327 0.200984 0.396372 0.000570 0.387748
2 2 0.001890 0.072236 0.896062 0.015352 0.014459
2 2 0.012021 0.330943 0.377104 0.000133 0.279799
2 2 0.002800 0.265352 0.595662 0.000828 0.135358
2 2 0.006055 0.072656 0.858142 0.000761 0.062386
2 2 0.000263 0.005424 0.961251 0.032467 0.000594
2 2 0.022413 0.252543 0.673039 0.000745 0.051260
2 2 0.004038 0.110365 0.763798 0.082242 0.039556
2 2 0.000048 0.003376 0.984451 0.011937 0.000187
2 2 0.000016 0.013697 0.986008 0.000120 0.000160
2 2 0.001052 0.027540 0.966667 0.001801 0.002939
2 2 0.000479 0.009823 0.890169 0.099159 0.000370
2 2 0.000045 0.005949 0.991663 0.001864 0.000479
2 2 0.000024 0.002450 0.990596 0.006829 0.000100
2 2 0.001160 0.017728 0.974309 0.006219 0.000584
2 2 0.000035 0.000636 0.994524 0.004795 0.000009
2 2 0.000082 0.015457 0.941899 0.041868 0.000694
2 2 0.000037 0.002741 0.983961 0.012963 0.000298
2 2 0.000910 0.021508 0.954037 0.023203 0.000342
2 2 0.000002 0.000090 0.977516 0.022392 0.000000
2 2 0.001116 0.020601 0.884679 0.093398 0.000207
2 2 0.012497 0.026052 0.727408 0.229227 0.004817
3 2 0.000305 0.002000 0.031387 0.965882 0.000426
2 2 0.000388 0.003263 0.880053 0.116098 0.000198
2 2 0.000525 0.021121 0.907169 0.070563 0.000622
2 3 0.000029 0.000680 0.761288 0.238002 0.000001
2 3 0.002261 0.007969 0.513514 0.475941 0.000315
2 3 0.000499 0.001759 0.833498 0.164232 0.000012
3 3 0.000051 0.000969 0.260448 0.738494 0.000038
3 3 0.000330 0.002070 0.321352 0.676174 0.000074
2 3 0.022058 0.023626 0.744710 0.207345 0.002261
3 3 0.000444 0.002269 0.173660 0.823516 0.000110
3 3 0.000108 0.010112 0.172901 0.815161 0.001718
3 3 0.000745 0.002744 0.040572 0.955411 0.000529
3 3 0.000004 0.000155 0.007081 0.992727 0.000033
3 3 0.000016 0.000834 0.071442 0.927671 0.000036
3 3 0.000001 0.000039 0.103273 0.896686 0.000001
3 3 0.000035 0.000639 0.048511 0.950768 0.000047
3 3 0.000107 0.000733 0.370153 0.628998 0.000010
3 3 0.000034 0.000120 0.032672 0.967168 0.000006
3 3 0.000153 0.002961 0.129805 0.866906 0.000175
3 3 0.000088 0.000531 0.015553 0.983736 0.000091
3 3 0.000118 0.000608 0.152786 0.846470 0.000018
3 3 0.000015 0.000370 0.010272 0.989244 0.000098
3 3 0.000000 0.000028 0.012777 0.987193 0.000002
3 3 0.000038 0.000430 0.007937 0.991515 0.000081
3 3 0.000023 0.000314 0.077184 0.922472 0.000008
3 3 0.000101 0.000268 0.084020 0.915591 0.000020
3 3 0.000076 0.000305 0.018296 0.981282 0.000040
3 3 0.000000 0.000005 0.005590 0.994404 0.000001
3 3 0.000019 0.000263 0.006166 0.993508 0.000044
3 3 0.000062 0.000756 0.038783 0.960350 0.000049
3 3 0.000208 0.000627 0.025902 0.973164 0.000099
3 3 0.001082 0.006208 0.095159 0.896856 0.000694
3 3 0.000112 0.001624 0.021744 0.976313 0.000207
2 3 0.057100 0.111819 0.808162 0.017417 0.005502
2 3 0.000100 0.003233 0.536851 0.459777 0.000039
2 3 0.003897 0.002279 0.559939 0.433790 0.000094
3 3 0.000513 0.002126 0.046094 0.950993 0.000274
2 3 0.001338 0.036271 0.936111 0.026119 0.000161
2 3 0.000047 0.002418 0.906390 0.091141 0.000004
2 3 0.000151 0.003635 0.598086 0.397981 0.000147
3 3 0.001361 0.013828 0.373010 0.611332 0.000470
2 3 0.000975 0.007306 0.764669 0.226960 0.000090
3 3 0.000006 0.000235 0.066632 0.933109 0.000018
3 3 0.000214 0.019408 0.458554 0.521257 0.000567
3 3 0.000544 0.003647 0.201829 0.793819 0.000162
3 3 0.000014 0.000126 0.343411 0.656449 0.000001
3 3 0.000097 0.000246 0.036116 0.963515 0.000026
2 3 0.000201 0.016375 0.848251 0.135015 0.000158
3 3 0.000259 0.000633 0.159375 0.839704 0.000030
3 3 0.000002 0.000039 0.142287 0.857671 0.000000
3 3 0.000035 0.000336 0.055269 0.944347 0.000014
3 3 0.000024 0.000301 0.031045 0.968615 0.000016
3 3 0.001074 0.001288 0.083133 0.914304 0.000201
3 3 0.000018 0.000442 0.394673 0.604865 0.000002
2 3 0.000461 0.010903 0.558712 0.429787 0.000137
2 3 0.001742 0.035263 0.663962 0.298446 0.000587
2 3 0.000681 0.004595 0.806742 0.187902 0.000081
3 3 0.000307 0.006738 0.303261 0.689556 0.000139
3 3 0.001041 0.011363 0.304295 0.682882 0.000419
3 3 0.000031 0.000339 0.207402 0.792224 0.000004
3 3 0.000144 0.000560 0.055293 0.943958 0.000046
3 3 0.000878 0.002399 0.358045 0.638591 0.000087
3 3 0.000128 0.001033 0.130526 0.868277 0.000036
2 3 0.000695 0.007810 0.818846 0.172581 0.000068
2 3 0.023508 0.073248 0.772867 0.127454 0.002922
2 3 0.039389 0.267348 0.428135 0.241673 0.023456
1 3 0.057283 0.483918 0.377252 0.006548 0.074999
2 3 0.019316 0.122051 0.603498 0.242392 0.012744
2 3 0.000237 0.006988 0.883264 0.109447 0.000064
2 3 0.003695 0.005068 0.940408 0.050665 0.000164
2 3 0.003013 0.003318 0.790070 0.203291 0.000309
2 3 0.003936 0.083078 0.790907 0.116339 0.005740
2 3 0.000147 0.011141 0.934622 0.053888 0.000202
2 3 0.000008 0.000476 0.843670 0.155843 0.000003
2 3 0.000010 0.000405 0.884493 0.115091 0.000001
2 3 0.000003 0.000464 0.781753 0.217776 0.000004
2 3 0.000244 0.007948 0.676196 0.315556 0.000057
2 3 0.001716 0.030182 0.855183 0.112101 0.000818
3 3 0.001044 0.015892 0.103134 0.878512 0.001418
3 3 0.000407 0.021330 0.314685 0.663162 0.000415
2 3 0.000208 0.001295 0.531133 0.467348 0.000015
2 3 0.020039 0.114310 0.805295 0.055280 0.005077
2 3 0.000499 0.011641 0.836976 0.150810 0.000075
0 3 0.573635 0.039266 0.349010 0.031117 0.006972
2 3 0.209301 0.262170 0.518853 0.002974 0.006702
1 3 0.261075 0.546513 0.112123 0.004675 0.075614
1 3 0.261422 0.415518 0.284224 0.009070 0.029766
2 2 0.015191 0.190946 0.732198 0.057613 0.004052
2 2 0.001098 0.053135 0.933390 0.010840 0.001537
2 2 0.011131 0.230796 0.664309 0.086412 0.007353
2 2 0.000940 0.041879 0.940879 0.016177 0.000125
2 2 0.008141 0.071604 0.833481 0.084542 0.002232
2 2 0.000892 0.009376 0.979595 0.010114 0.000024
2 2 0.002864 0.065717 0.914080 0.016989 0.000350
2 2 0.000005 0.002880 0.988564 0.008542 0.000008
3 2 0.008751 0.017806 0.456391 0.515962 0.001090
0 0 0.829063 0.072880 0.045867 0.007617 0.044573
1 0 0.277274 0.528307 0.182288 0.000146 0.011985
0 0 0.912784 0.039829 0.021432 0.001622 0.024333
0 0 0.900059 0.030133 0.008034 0.002531 0.059243
0 0 0.979858 0.006479 0.004457 0.000422 0.008784
0 0 0.987237 0.004089 0.002625 0.000173 0.005875
0 0 0.806443 0.012531 0.000754 0.000016 0.180256
0 0 0.986147 0.010814 0.001625 0.000000 0.001415
0 0 0.973591 0.012273 0.011044 0.000038 0.003054
0 0 0.831760 0.122929 0.031472 0.000027 0.013812
0 0 0.890126 0.051445 0.025551 0.000178 0.032700
1 0 0.272885 0.549210 0.129692 0.000057 0.048157
0 1 0.664519 0.126857 0.066939 0.005321 0.136364
1 1 0.297490 0.404164 0.253012 0.001328 0.044006
0 0 0.937472 0.029540 0.004716 0.000001 0.028270
0 0 0.682320 0.200042 0.063807 0.000217 0.053614
0 0 0.341080 0.322946 0.236772 0.000098 0.099103
2 0 0.047828 0.318942 0.611133 0.001084 0.021013
1 0 0.126348 0.404821 0.394781 0.000433 0.073617
1 0 0.242444 0.444786 0.206930 0.000183 0.105657
0 0 0.530950 0.185254 0.096165 0.005680 0.181950
0 0 0.526620 0.039036 0.021775 0.000413 0.412156
2 1 0.016375 0.265308 0.650469 0.014151 0.053697
1 1 0.052528 0.584636 0.276232 0.000829 0.085775
1 1 0.181693 0.463562 0.264391 0.005169 0.085184
1 1 0.214307 0.410686 0.344676 0.003537 0.026794
2 1 0.016578 0.192409 0.741603 0.004685 0.044724
2 2 0.013506 0.165629 0.813004 0.005340 0.002520
2 2 0.010202 0.200283 0.753611 0.012285 0.023619
2 2 0.031442 0.230088 0.652393 0.010723 0.075354
2 2 0.000364 0.026185 0.970034 0.002893 0.000523
2 2 0.012375 0.155392 0.817377 0.004910 0.009947
2 2 0.055725 0.282949 0.612839 0.020437 0.028050
2 2 0.000824 0.054475 0.927517 0.016133 0.001051
2 2 0.000193 0.005424 0.808221 0.186115 0.000046
2 2 0.008898 0.162269 0.789047 0.017277 0.022508
2 2 0.000794 0.023819 0.931207 0.040655 0.003526
2 2 0.001072 0.020425 0.961676 0.016447 0.000381
2 2 0.012574 0.240225 0.738164 0.004430 0.004607
2 2 0.009040 0.145757 0.819746 0.016274 0.009183
2 2 0.036644 0.266210 0.637440 0.000470 0.059235
2 2 0.000112 0.015926 0.978391 0.004577 0.000994
2 2 0.000183 0.043277 0.941963 0.010832 0.003744
2 2 0.000012 0.003840 0.994523 0.001590 0.000035
2 2 0.000129 0.007416 0.893224 0.098926 0.000305
2 2 0.000049 0.022698 0.973738 0.002470 0.001044
2 2 0.000207 0.017205 0.910753 0.070535 0.001300
2 2 0.001857 0.016386 0.971965 0.009065 0.000727
2 2 0.105027 0.360229 0.462219 0.000348 0.072176
2 2 0.008190 0.062590 0.865692 0.055931 0.007596
2 2 0.024540 0.134893 0.751965 0.068138 0.020464
2 2 0.001640 0.035992 0.725747 0.236088 0.000533
2 2 0.018013 0.031514 0.795296 0.132201 0.022976
2 2 0.348710 0.182808 0.430016 0.006420 0.032046
2 2 0.000867 0.016740 0.977682 0.004579 0.000132
2 2 0.009621 0.037680 0.693472 0.257787 0.001440
2 2 0.001532 0.072551 0.901404 0.016530 0.007983
2 2 0.001012 0.014700 0.945837 0.038264 0.000188
2 2 0.000342 0.015011 0.921495 0.062721 0.000430
2 2 0.000077 0.003201 0.968330 0.028378 0.000014
2 2 0.001780 0.028326 0.897021 0.072656 0.000217
2 2 0.001664 0.011597 0.726084 0.260459 0.000196
2 2 0.000538 0.004516 0.717175 0.277677 0.000093
3 2 0.000056 0.001585 0.322371 0.675911 0.000077
2 2 0.000367 0.002462 0.602687 0.394455 0.000029
2 2 0.028310 0.184660 0.760337 0.008354 0.018339
2 2 0.014136 0.155111 0.546538 0.274336 0.009879
2 2 0.000301 0.014806 0.869653 0.115139 0.000101
2 2 0.036989 0.224215 0.675233 0.053293 0.010270
2 2 0.000202 0.007073 0.965949 0.026700 0.000076
2 2 0.000526 0.006185 0.767613 0.225461 0.000216
2 2 0.000352 0.022417 0.937989 0.038900 0.000342
2 2 0.029273 0.105913 0.772960 0.085966 0.005888
2 2 0.000346 0.012090 0.879992 0.107487 0.000085
2 2 0.027186 0.197008 0.766811 0.001105 0.007890
2 2 0.000145 0.025062 0.487717 0.486573 0.000503
2 2 0.000120 0.012678 0.822069 0.164943 0.000190
3 2 0.000048 0.001000 0.485352 0.513559 0.000040
2 2 0.000118 0.001687 0.938761 0.059424 0.000010
2 2 0.002373 0.045197 0.939224 0.012705 0.000500
2 2 0.013652 0.107977 0.800836 0.072078 0.005457
3 2 0.002122 0.052427 0.411640 0.517229 0.016582
2 2 0.000018 0.000817 0.971021 0.028130 0.000014
2 2 0.000119 0.008887 0.888504 0.102265 0.000225
2 2 0.001164 0.010859 0.619357 0.368418 0.000201
2 2 0.000066 0.001280 0.978404 0.020233 0.000018
2 2 0.007041 0.231165 0.619516 0.104300 0.037978
2 2 0.000892 0.006722 0.968893 0.023469 0.000024
2 2 0.011796 0.032253 0.853324 0.101991 0.000635
2 2 0.001136 0.014302 0.896139 0.087160 0.001263
2 2 0.006736 0.113236 0.832251 0.044445 0.003332
2 2 0.036332 0.396928 0.529869 0.009505 0.027366
2 2 0.006266 0.215455 0.570276 0.193156 0.014847
2 2 0.000270 0.004131 0.847944 0.147633 0.000022
2 2 0.001021 0.059108 0.867794 0.067666 0.004410
2 2 0.023397 0.280987 0.550505 0.098846 0.046265
2 2 0.000661 0.045703 0.915817 0.037046 0.000773
2 2 0.000027 0.003734 0.982388 0.013809 0.000042
2 2 0.003154 0.007928 0.818865 0.169697 0.000356
2 2 0.000135 0.009290 0.927034 0.063172 0.000369
2 2 0.000264 0.008112 0.908173 0.083305 0.000146
2 2 0.076279 0.168593 0.711774 0.035480 0.007874
2 2 0.033481 0.321408 0.610482 0.014952 0.019677
1 2 0.123262 0.511062 0.315231 0.015977 0.034468
1 2 0.047324 0.502414 0.404774 0.000348 0.045140
2 2 0.031924 0.439722 0.467054 0.000480 0.060820
1 2 0.069814 0.437845 0.368103 0.032120 0.092118
2 2 0.018847 0.303980 0.670001 0.003374 0.003797
2 2 0.000565 0.021494 0.797746 0.178831 0.001364
2 2 0.029823 0.127997 0.823992 0.009513 0.008675
4 2 0.282804 0.154937 0.027923 0.002452 0.531884
1 2 0.196594 0.472688 0.175784 0.000956 0.153979
2 2 0.023023 0.338343 0.556143 0.004463 0.078029
0 2 0.869849 0.058855 0.033385 0.005265 0.032646
2 2 0.028776 0.382141 0.578579 0.000595 0.009909
1 2 0.333670 0.470660 0.173913 0.000581 0.021176
1 2 0.316748 0.460246 0.181678 0.001462 0.039867
4 2 0.091676 0.047475 0.017342 0.000715 0.842791
0 0 0.772432 0.108279 0.096149 0.001623 0.021518
2 0 0.038453 0.273771 0.605468 0.002524 0.079783
0 0 0.843351 0.133491 0.013142 0.000008 0.010008
1 0 0.125128 0.558589 0.170097 0.000007 0.146179
1 0 0.273590 0.476024 0.053169 0.000383 0.196834
1 1 0.079681 0.615401 0.258408 0.011886 0.034623
1 1 0.120084 0.786705 0.074694 0.000131 0.018387
1 0 0.148148 0.533049 0.303997 0.001525 0.013281
1 0 0.100874 0.460692 0.287532 0.000084 0.150818
1 0 0.272215 0.507939 0.117816 0.000028 0.102003
0 0 0.648908 0.271634 0.058905 0.000040 0.020513
1 0 0.285613 0.488046 0.152030 0.000328 0.073982
1 0 0.321926 0.419951 0.096483 0.000839 0.160801
0 0 0.819349 0.106549 0.023378 0.000049 0.050675
1 0 0.084356 0.523761 0.125181 0.000140 0.266563
1 0 0.062768 0.499920 0.425327 0.000153 0.011832
0 0 0.387357 0.327055 0.206372 0.000768 0.078447
1 0 0.035739 0.731621 0.200326 0.000055 0.032258
2 0 0.041549 0.452842 0.487939 0.000546 0.017124
2 1 0.020720 0.357170 0.565015 0.013863 0.043233
1 0 0.152955 0.445301 0.247168 0.002126 0.152451
1 0 0.139052 0.450452 0.345048 0.000242 0.065206
1 0 0.226205 0.450025 0.277215 0.000314 0.046241
2 0 0.082960 0.326884 0.577645 0.004203 0.008308
2 1 0.043323 0.411528 0.525234 0.000953 0.018962
2 1 0.049249 0.448891 0.490532 0.002255 0.009073
1 1 0.210846 0.413745 0.350355 0.001683 0.023371
2 1 0.097725 0.322770 0.569599 0.003382 0.006524
2 1 0.023911 0.136129 0.778646 0.057611 0.003703
2 1 0.026488 0.341147 0.573389 0.014544 0.044432
1 1 0.343681 0.461077 0.156975 0.002504 0.035764
1 1 0.029580 0.505900 0.420723 0.000920 0.042878
2 1 0.016313 0.345469 0.512106 0.025980 0.100131
2 1 0.000144 0.025027 0.967948 0.006740 0.000140
2 2 0.000192 0.021058 0.968988 0.007723 0.002038
2 2 0.003508 0.090807 0.889418 0.014273 0.001993
2 2 0.009939 0.207840 0.729465 0.014143 0.038613
2 2 0.007280 0.123877 0.847412 0.019772 0.001659
2 2 0.000069 0.006018 0.972532 0.021355 0.000026
2 2 0.000796 0.055349 0.933248 0.009574 0.001032
2 2 0.002356 0.109968 0.882719 0.004648 0.000310
2 2 0.006567 0.063918 0.828199 0.100227 0.001089
2 2 0.001343 0.043849 0.904317 0.049425 0.001066
2 2 0.004673 0.079727 0.914416 0.000696 0.000487
2 2 0.000314 0.006524 0.987799 0.005292 0.000070
2 2 0.003490 0.053667 0.868531 0.073552 0.000761
2 2 0.016669 0.034058 0.853091 0.093084 0.003098
2 2 0.002607 0.081038 0.866361 0.037432 0.012562
2 2 0.007406 0.141685 0.602627 0.243080 0.005201
2 2 0.003125 0.124659 0.868636 0.002989 0.000591
2 2 0.039954 0.441194 0.500034 0.005091 0.013727
1 2 0.171754 0.522230 0.122187 0.003055 0.180775
2 2 0.018593 0.179336 0.710889 0.073328 0.017854
2 2 0.000055 0.003908 0.925653 0.070341 0.000044
2 2 0.000770 0.020287 0.955614 0.023121 0.000208
2 2 0.000001 0.000833 0.992535 0.006625 0.000005
2 2 0.001363 0.060571 0.891686 0.043216 0.003163
2 2 0.003519 0.076613 0.893501 0.025835 0.000532
2 2 0.001095 0.041544 0.923207 0.033831 0.000323
2 2 0.000001 0.000504 0.978740 0.020752 0.000002
2 2 0.000028 0.002514 0.972907 0.024531 0.000020
2 2 0.000544 0.004332 0.841445 0.153634 0.000046
2 2 0.003708 0.012777 0.806571 0.176710 0.000235
2 2 0.001341 0.019273 0.767215 0.211933 0.000239
2 2 0.000212 0.006627 0.502026 0.490755 0.000380
2 2 0.000176 0.007967 0.849856 0.141911 0.000090
3 2 0.000695 0.005687 0.308153 0.685281 0.000184
2 2 0.000121 0.003045 0.944289 0.052501 0.000045
2 2 0.000596 0.023709 0.952077 0.023389 0.000229
3 2 0.000087 0.000759 0.463918 0.535229 0.000007
2 2 0.000008 0.001569 0.975925 0.022463 0.000036
2 2 0.000041 0.003227 0.714470 0.282253 0.000009
2 2 0.001114 0.010862 0.820995 0.166537 0.000492
2 2 0.000027 0.001456 0.878576 0.119939 0.000002
2 2 0.000882 0.015426 0.626810 0.356659 0.000223
3 2 0.001059 0.042641 0.396401 0.552694 0.007205
2 2 0.004087 0.027026 0.800007 0.168368 0.000512
2 2 0.001076 0.029607 0.772449 0.196272 0.000597
2 2 0.002457 0.071116 0.783559 0.142009 0.000859
3 2 0.000165 0.006505 0.302529 0.690706 0.000096
2 2 0.000222 0.011780 0.854741 0.133047 0.000210
2 2 0.000005 0.000657 0.876298 0.123037 0.000003
3 2 0.000010 0.000375 0.029248 0.970352 0.000014
2 2 0.000480 0.027389 0.536075 0.435675 0.000382
3 2 0.000428 0.001548 0.126256 0.871667 0.000102
3 3 0.000169 0.003861 0.069283 0.926470 0.000218
3 3 0.000011 0.000045 0.022264 0.977678 0.000003
3 3 0.000008 0.000194 0.410700 0.589097 0.000001
3 3 0.000555 0.027698 0.232089 0.738594 0.001063
3 3 0.000000 0.000004 0.008863 0.991132 0.000000
3 3 0.000020 0.000502 0.074233 0.925230 0.000014
3 3 0.000009 0.000034 0.022469 0.977485 0.000002
3 3 0.000092 0.000910 0.174019 0.824957 0.000021
3 3 0.000001 0.000044 0.052786 0.947167 0.000002
3 3 0.000046 0.000693 0.060325 0.938907 0.000028
3 3 0.000203 0.000857 0.056878 0.941984 0.000078
3 3 0.000025 0.001242 0.123267 0.875448 0.000018
3 3 0.000044 0.000096 0.023620 0.976233 0.000008
3 3 0.000092 0.001212 0.017103 0.981418 0.000175
3 3 0.000363 0.001159 0.028515 0.969737 0.000226
3 3 0.000002 0.000069 0.044168 0.955758 0.000003
3 3 0.000000 0.000001 0.001932 0.998067 0.000000
3 3 0.000020 0.000113 0.037823 0.962038 0.000005
3 3 0.000015 0.000223 0.005824 0.993903 0.000036
3 3 0.000001 0.000067 0.007729 0.992198 0.000004
3 3 0.000013 0.000208 0.005461 0.994285 0.000033
3 3 0.000068 0.000646 0.009787 0.989365 0.000134
3 3 0.000005 0.000102 0.003773 0.996107 0.000014
3 3 0.000003 0.000072 0.003156 0.996761 0.000009
3 3 0.000010 0.000093 0.008863 0.991025 0.000010
3 3 0.000000 0.000011 0.001191 0.998797 0.000001
3 3 0.000000 0.000014 0.001462 0.998522 0.000001
3 3 0.000020 0.000883 0.108869 0.890214 0.000013
3 3 0.009062 0.016952 0.074087 0.895073 0.004826
3 3 0.013022 0.054992 0.297260 0.628835 0.005890
2 3 0.124105 0.335447 0.510391 0.004248 0.025809
2 3 0.039071 0.170636 0.759610 0.023295 0.007387
2 2 0.055204 0.149047 0.693856 0.092285 0.009608
2 2 0.039540 0.422687 0.500071 0.001663 0.036039
1 2 0.063610 0.461771 0.398171 0.001385 0.075064
4 2 0.044941 0.267296 0.063057 0.000003 0.624702
1 2 0.159881 0.424507 0.378952 0.004232 0.032427
2 2 0.020244 0.332763 0.552098 0.001150 0.093745
4 2 0.038240 0.382402 0.094602 0.000040 0.484716
4 2 0.014523 0.274064 0.263374 0.001349 0.446691
4 4 0.131206 0.218192 0.102503 0.004232 0.543868
1 4 0.070365 0.405283 0.221610 0.000613 0.302128
1 4 0.088230 0.507575 0.207990 0.001205 0.195000
1 4 0.199887 0.342108 0.206442 0.003734 0.247828
1 4 0.215111 0.321126 0.181114 0.001944 0.280705
4 4 0.061809 0.157522 0.044837 0.001107 0.734725
4 4 0.153965 0.311065 0.125171 0.013995 0.395804
4 4 0.070486 0.202277 0.078251 0.004330 0.644656
2 4 0.019280 0.407994 0.476826 0.001925 0.093976
4 4 0.035338 0.269310 0.163705 0.000418 0.531229
2 4 0.010313 0.232990 0.581710 0.001877 0.173110
1 4 0.141404 0.401276 0.297830 0.001782 0.157708
4 4 0.030650 0.140871 0.262874 0.040661 0.524945
1 4 0.120429 0.367243 0.238430 0.004655 0.269243
4 4 0.225213 0.169450 0.029208 0.001434 0.574695
4 4 0.249580 0.285400 0.128326 0.001467 0.335228
4 4 0.080123 0.198386 0.091513 0.003043 0.626935
4 4 0.007882 0.196431 0.121315 0.000890 0.673482
4 4 0.049176 0.094680 0.036031 0.002547 0.817567
4 4 0.087563 0.065894 0.018484 0.002137 0.825923
4 4 0.152765 0.196229 0.038465 0.000309 0.612232
1 4 0.149196 0.561513 0.150474 0.001526 0.137291
4 4 0.082689 0.194613 0.041556 0.000647 0.680494
4 4 0.077507 0.298422 0.115209 0.000322 0.508541
2 4 0.094596 0.382408 0.389982 0.012269 0.120745
4 4 0.069774 0.336648 0.156513 0.007965 0.429100
0 0 0.611271 0.121275 0.007350 0.000048 0.260056
1 1 0.375376 0.454943 0.121525 0.000135 0.048022
0 1 0.605469 0.304572 0.066144 0.000214 0.023600
1 1 0.200484 0.661639 0.110181 0.000094 0.027603
1 1 0.172885 0.658567 0.120908 0.000183 0.047457
1 1 0.314012 0.464529 0.125303 0.000114 0.096043
0 0 0.936992 0.019804 0.035529 0.001031 0.006644
1 0 0.240542 0.495480 0.150123 0.001110 0.112745
2 1 0.097273 0.349249 0.413889 0.028676 0.110913
1 1 0.008906 0.416386 0.413893 0.000769 0.160046
2 1 0.030490 0.337284 0.560518 0.010320 0.061388
1 4 0.298159 0.403025 0.148482 0.003309 0.147026
2 4 0.003776 0.084185 0.894827 0.008572 0.008639
2 4 0.021168 0.312827 0.496681 0.003920 0.165404
2 4 0.109583 0.306467 0.532088 0.004278 0.047583
1 4 0.114422 0.531226 0.291340 0.002126 0.060886
2 4 0.036499 0.351533 0.429101 0.150879 0.031988
1 4 0.191359 0.391236 0.337534 0.002114 0.077757
0 4 0.599258 0.279489 0.078346 0.001104 0.041802
1 4 0.195245 0.479176 0.301524 0.000205 0.023850
1 0 0.369320 0.449538 0.146849 0.000304 0.033989
1 1 0.073633 0.633318 0.261988 0.002616 0.028445
1 1 0.365205 0.467497 0.107076 0.000576 0.059646
1 1 0.203818 0.544527 0.176981 0.000049 0.074626
1 1 0.239642 0.481065 0.064792 0.000731 0.213769
1 1 0.279154 0.508462 0.186766 0.001024 0.024594
1 1 0.120769 0.631873 0.197769 0.000444 0.049144
2 1 0.061055 0.050936 0.866713 0.019133 0.002162
1 0 0.393495 0.500473 0.087062 0.000019 0.018950
1 1 0.350615 0.465633 0.161557 0.000263 0.021931
2 1 0.049548 0.257530 0.660936 0.006377 0.025610
2 1 0.076851 0.300429 0.612244 0.001775 0.008701
2 1 0.077561 0.337094 0.578260 0.002262 0.004822
1 1 0.051309 0.617899 0.267585 0.000622 0.062585
1 1 0.020165 0.539819 0.408430 0.002228 0.029357
1 1 0.082315 0.491287 0.387137 0.004324 0.034938
1 1 0.315343 0.406814 0.253709 0.001749 0.022384
1 1 0.217342 0.463942 0.291343 0.000028 0.027346
1 1 0.280060 0.435566 0.081751 0.000134 0.202489
1 1 0.180869 0.677316 0.071739 0.000270 0.069805
2 1 0.015611 0.216655 0.754882 0.001069 0.011784
0 1 0.476989 0.102599 0.270074 0.028448 0.121890
1 1 0.038643 0.497302 0.432595 0.006465 0.024995
2 1 0.045546 0.276665 0.579548 0.002993 0.095248
4 1 0.087818 0.357115 0.145063 0.000449 0.409554
1 1 0.008177 0.549313 0.373258 0.000447 0.068805
1 1 0.079532 0.455770 0.413719 0.005514 0.045464
1 1 0.037461 0.381180 0.239347 0.001259 0.340753
0 0 0.971811 0.018077 0.004504 0.000018 0.005590
1 0 0.224984 0.527988 0.164414 0.000078 0.082536
1 0 0.178947 0.415263 0.375630 0.001461 0.028699
2 0 0.060425 0.337117 0.581019 0.000495 0.020944
1 0 0.323824 0.365599 0.300222 0.000574 0.009781
2 0 0.078768 0.400470 0.506898 0.000394 0.013471
2 1 0.014583 0.149100 0.694869 0.134099 0.007348
1 1 0.043017 0.618037 0.327501 0.000666 0.010779
2 1 0.009111 0.210825 0.775685 0.000708 0.003672
2 1 0.006801 0.109628 0.871566 0.009424 0.002580
2 1 0.005088 0.417292 0.570746 0.000062 0.006812
2 1 0.000891 0.138054 0.859105 0.001437 0.000513
2 1 0.006539 0.067908 0.921901 0.002654 0.000998
2 1 0.178899 0.174113 0.639649 0.000806 0.006533
2 1 0.011135 0.333461 0.646762 0.002106 0.006536
2 1 0.000983 0.028188 0.957970 0.011812 0.001048
2 1 0.000530 0.014376 0.981336 0.003739 0.000019
2 1 0.172975 0.172761 0.649197 0.002255 0.002812
2 0 0.125924 0.392936 0.475142 0.000552 0.005447
2 1 0.005530 0.285902 0.697741 0.002675 0.008152
2 1 0.028759 0.065634 0.898120 0.006172 0.001315
2 1 0.095505 0.413409 0.473739 0.001511 0.015836
2 1 0.012451 0.118633 0.858821 0.000863 0.009232
2 2 0.000795 0.022689 0.968750 0.007710 0.000056
2 2 0.000369 0.030154 0.968125 0.001306 0.000045
2 2 0.007726 0.104793 0.886691 0.000552 0.000239
2 2 0.013803 0.101351 0.856153 0.026798 0.001894
2 2 0.009078 0.127412 0.859178 0.003721 0.000611
2 2 0.031971 0.286521 0.672037 0.003166 0.006304
2 2 0.014610 0.177603 0.802635 0.003976 0.001176
2 2 0.003132 0.066086 0.930195 0.000493 0.000094
2 2 0.017394 0.120283 0.826785 0.033394 0.002144
1 2 0.050880 0.520021 0.366299 0.036879 0.025921
2 2 0.000026 0.001040 0.968493 0.030440 0.000001
2 2 0.002771 0.031242 0.940460 0.024752 0.000775
2 2 0.010961 0.130237 0.835994 0.015477 0.007331
2 2 0.000334 0.013697 0.974648 0.011078 0.000244
2 2 0.001443 0.027237 0.957378 0.013841 0.000102
2 2 0.000297 0.011811 0.959011 0.028854 0.000028
2 2 0.001308 0.022116 0.972852 0.003226 0.000498
2 2 0.002129 0.033457 0.952316 0.011964 0.000134
2 2 0.000450 0.014362 0.944339 0.040803 0.000047
2 2 0.000247 0.027902 0.947296 0.024506 0.000050
2 2 0.000538 0.024321 0.948327 0.026745 0.000069
2 2 0.001045 0.044192 0.857853 0.094707 0.002203
2 2 0.005483 0.056945 0.933481 0.003765 0.000326
2 2 0.001112 0.019323 0.934175 0.045285 0.000104
2 2 0.000087 0.011787 0.897924 0.090180 0.000023
2 2 0.000262 0.015796 0.959773 0.024139 0.000031
2 2 0.000726 0.037308 0.956021 0.005879 0.000066
2 2 0.001019 0.018165 0.725567 0.255030 0.000219
2 2 0.000005 0.000361 0.983870 0.015764 0.000000
2 2 0.002323 0.021612 0.851081 0.124752 0.000232
2 2 0.000014 0.002376 0.962685 0.034924 0.000001
2 2 0.000641 0.025380 0.841531 0.132289 0.000158
2 2 0.000168 0.014590 0.856924 0.128272 0.000046
2 2 0.000151 0.008937 0.888839 0.102047 0.000026
2 2 0.006197 0.063148 0.889668 0.036117 0.004871
2 2 0.000692 0.029565 0.960519 0.009086 0.000139
2 2 0.002337 0.052240 0.634616 0.309796 0.001011
2 2 0.000715 0.010012 0.516335 0.472761 0.000178
2 2 0.000561 0.026299 0.946787 0.026278 0.000076
2 2 0.002161 0.052994 0.897531 0.046944 0.000371
2 2 0.002257 0.056107 0.886892 0.054320 0.000425
2 2 0.001287 0.014112 0.673900 0.310473 0.000228
2 2 0.007208 0.041196 0.824389 0.126422 0.000785
2 2 0.185524 0.203736 0.525566 0.066079 0.019095
1 2 0.080787 0.524912 0.316543 0.000329 0.077428
2 0 0.330288 0.274471 0.354178 0.005039 0.036024
2 0 0.022486 0.346907 0.598199 0.000629 0.031779
1 0 0.040227 0.437391 0.312012 0.000036 0.210335
2 0 0.014915 0.235597 0.726437 0.004698 0.018353
2 0 0.182586 0.389663 0.420503 0.000680 0.006567
2 2 0.026050 0.373049 0.541134 0.005976 0.053791
2 2 0.012565 0.159843 0.785330 0.003444 0.038819
1 2 0.040114 0.480698 0.439053 0.000867 0.039268
2 2 0.003998 0.063522 0.905335 0.020990 0.006154
2 2 0.004225 0.196178 0.769360 0.002510 0.027728
2 2 0.003469 0.222048 0.732174 0.005763 0.036547
2 2 0.151967 0.348028 0.430031 0.004255 0.065718
2 2 0.001136 0.009564 0.985206 0.003088 0.001006
2 2 0.002200 0.085238 0.892404 0.007978 0.012180
2 2 0.000001 0.000572 0.991403 0.008019 0.000006
2 2 0.001473 0.043377 0.943625 0.009002 0.002523
2 2 0.048379 0.166100 0.721569 0.002899 0.061052
2 2 0.002066 0.026822 0.967874 0.003090 0.000147
2 2 0.000340 0.016293 0.963708 0.019365 0.000295
2 2 0.001220 0.059682 0.878125 0.054327 0.006646
2 2 0.000239 0.013474 0.976668 0.009010 0.000610
2 2 0.001541 0.037011 0.894964 0.065834 0.000650
2 2 0.002094 0.012039 0.919371 0.066060 0.000436
2 2 0.000923 0.057246 0.937830 0.000584 0.003418
2 2 0.009449 0.051455 0.928116 0.010534 0.000445
2 2 0.000250 0.005678 0.900954 0.093046 0.000071
2 2 0.000508 0.015886 0.687252 0.295728 0.000627
2 2 0.000133 0.014136 0.950035 0.035587 0.000110
3 2 0.000015 0.001998 0.433341 0.564554 0.000093
2 2 0.001051 0.045337 0.938330 0.014045 0.001237
2 2 0.000732 0.008686 0.795719 0.194608 0.000255
2 2 0.000244 0.030949 0.950383 0.018277 0.000147
2 2 0.000100 0.002751 0.837143 0.159991 0.000014
2 2 0.000269 0.007298 0.888905 0.103473 0.000055
2 2 0.000309 0.010743 0.858949 0.129460 0.000539
2 2 0.000308 0.012605 0.943471 0.043101 0.000514
2 2 0.000040 0.008143 0.828300 0.163441 0.000076
2 2 0.000690 0.018196 0.844948 0.135945 0.000220
2 2 0.000552 0.029285 0.767880 0.201624 0.000659
2 2 0.000024 0.001081 0.746046 0.252751 0.000097
2 2 0.001070 0.034751 0.958702 0.002334 0.003144
2 2 0.000109 0.001952 0.573198 0.424626 0.000114
2 2 0.000015 0.001704 0.773095 0.225172 0.000015
2 2 0.001890 0.031560 0.938287 0.016936 0.011327
2 2 0.000025 0.002529 0.870946 0.126454 0.000046
2 2 0.000172 0.003967 0.952145 0.043701 0.000015
2 2 0.000069 0.002736 0.626079 0.371006 0.000110
2 3 0.000345 0.040492 0.761340 0.197214 0.000610
2 3 0.000241 0.015494 0.889051 0.094729 0.000485
2 3 0.000193 0.004646 0.645698 0.348633 0.000830
2 3 0.000708 0.022826 0.892429 0.082790 0.001247
2 3 0.000063 0.008128 0.925349 0.066380 0.000079
3 3 0.000037 0.000526 0.426966 0.572444 0.000027
2 3 0.000709 0.011944 0.728891 0.258330 0.000126
2 3 0.000273 0.006233 0.969385 0.024035 0.000075
2 3 0.000013 0.002305 0.919346 0.078309 0.000026
2 3 0.141372 0.080114 0.741921 0.031812 0.004781
2 3 0.043533 0.236618 0.708130 0.000342 0.011378
1 3 0.089681 0.484393 0.307251 0.000862 0.117813
2 2 0.044455 0.227246 0.670503 0.005442 0.052354
2 2 0.062361 0.205513 0.708357 0.012284 0.011485
2 2 0.003023 0.053432 0.916024 0.027118 0.000403
1 2 0.118748 0.550121 0.168342 0.000236 0.162552
2 2 0.070799 0.287123 0.580953 0.002140 0.058985
2 2 0.140413 0.395283 0.436643 0.000116 0.027544
1 2 0.094826 0.408975 0.300891 0.001375 0.193933
2 2 0.023925 0.282221 0.654162 0.001428 0.038264
1 2 0.018275 0.648325 0.228364 0.000012 0.105024
1 2 0.031458 0.620347 0.216818 0.000060 0.131318
2 2 0.042469 0.378965 0.514309 0.000927 0.063331
2 2 0.000121 0.007875 0.991201 0.000339 0.000464
2 2 0.001159 0.118750 0.862252 0.014330 0.003509
2 2 0.000129 0.045723 0.948202 0.005577 0.000369
2 2 0.000272 0.056327 0.942481 0.000196 0.000724
2 2 0.002312 0.024819 0.967574 0.004706 0.000590
2 2 0.003464 0.057174 0.912948 0.020166 0.006248
2 2 0.000093 0.003558 0.823851 0.172482 0.000016
2 2 0.000010 0.010791 0.987612 0.001263 0.000323
2 2 0.000064 0.008946 0.914083 0.076750 0.000156
2 2 0.010473 0.031449 0.937197 0.018917 0.001964
2 2 0.000579 0.020584 0.943460 0.035083 0.000295
2 2 0.000293 0.008222 0.990188 0.000942 0.000355
2 2 0.000837 0.028710 0.938377 0.027407 0.004668
2 2 0.040669 0.150159 0.772248 0.004148 0.032776
2 2 0.005111 0.071046 0.863375 0.045461 0.015008
2 2 0.004799 0.157655 0.824558 0.000886 0.012101
2 2 0.045834 0.092808 0.840468 0.012909 0.007981
0 0 0.792389 0.142399 0.062478 0.000004 0.002731
0 0 0.492617 0.039283 0.045042 0.000504 0.422553
0 0 0.762664 0.143577 0.036188 0.000089 0.057483
1 0 0.318364 0.480563 0.131035 0.000045 0.069993
4 0 0.119293 0.288620 0.064490 0.001323 0.526274
1 0 0.096393 0.586282 0.166314 0.000224 0.150787
1 1 0.028099 0.417767 0.137585 0.000213 0.416337
4 4 0.065423 0.112580 0.042830 0.001695 0.777472
4 4 0.076332 0.179619 0.046730 0.001174 0.696145
2 4 0.013078 0.211495 0.661363 0.001102 0.112962
0 0 0.565156 0.159490 0.050307 0.009211 0.215835
1 0 0.262320 0.350111 0.223738 0.000177 0.163653
1 0 0.089817 0.594229 0.140997 0.000083 0.174875
1 1 0.225944 0.349517 0.121335 0.003064 0.300139
2 1 0.078845 0.317023 0.346377 0.003494 0.254262
4 2 0.161261 0.112507 0.130535 0.001923 0.593774
4 4 0.020690 0.119339 0.282939 0.010134 0.566897
4 4 0.075323 0.161617 0.139581 0.000624 0.622855
4 4 0.041685 0.115033 0.048572 0.000926 0.793785
1 4 0.266335 0.357501 0.149682 0.001858 0.224625
4 4 0.202363 0.107474 0.093283 0.004051 0.592829
0 4 0.312339 0.275993 0.113041 0.002522 0.296105
1 4 0.003312 0.428646 0.372520 0.000101 0.195421
0 4 0.651852 0.090002 0.007297 0.000235 0.250614
4 4 0.023846 0.386928 0.101068 0.000012 0.488146
4 4 0.034385 0.140461 0.156943 0.000389 0.667821
4 4 0.034227 0.119872 0.091590 0.000669 0.753643
4 4 0.045475 0.097292 0.096179 0.001798 0.759257
1 4 0.088046 0.419676 0.214339 0.000170 0.277768
1 4 0.145966 0.390849 0.111615 0.001372 0.350198
4 4 0.025304 0.258506 0.097576 0.000032 0.618582
4 4 0.261928 0.077156 0.016047 0.002564 0.642305
4 4 0.309908 0.052681 0.020263 0.000754 0.616394
4 4 0.345441 0.156359 0.056977 0.001395 0.439828
4 4 0.370592 0.112967 0.033503 0.003234 0.479704
4 4 0.023363 0.324050 0.275038 0.002542 0.375006
4 4 0.029135 0.089410 0.198631 0.004488 0.678335
0 4 0.448416 0.154167 0.073139 0.000298 0.323980
0 4 0.338844 0.193356 0.126933 0.007636 0.333231
4 4 0.231620 0.041593 0.045856 0.000291 0.680640
1 4 0.296664 0.313969 0.201776 0.000085 0.187506
1 0 0.208122 0.592099 0.096223 0.000002 0.103555
1 0 0.235456 0.422932 0.115263 0.000087 0.226261
4 0 0.006130 0.358593 0.060904 0.000006 0.574368
4 0 0.019711 0.147729 0.050894 0.000004 0.781662
1 0 0.253848 0.351973 0.095361 0.000819 0.297999
4 0 0.021301 0.384412 0.089880 0.000023 0.504385
1 0 0.079062 0.571412 0.139676 0.000244 0.209605
2 1 0.018852 0.287884 0.645790 0.000772 0.046703
1 1 0.148280 0.414424 0.109524 0.000116 0.327656
2 1 0.035979 0.264281 0.574346 0.017626 0.107768
4 2 0.063572 0.227476 0.264909 0.007576 0.436467
4 2 0.059616 0.405055 0.111331 0.000999 0.422999
4 2 0.104845 0.350936 0.100824 0.000851 0.442545
4 2 0.030547 0.074401 0.024313 0.000612 0.870128
1 4 0.233018 0.440612 0.187154 0.007441 0.131775
4 4 0.052183 0.189448 0.132511 0.002729 0.623129
1 4 0.035712 0.525466 0.086488 0.000075 0.352260
4 4 0.096472 0.193959 0.022696 0.000094 0.686779
4 4 0.091021 0.308553 0.277153 0.001280 0.321993
4 4 0.021603 0.327235 0.111573 0.000218 0.539372
1 4 0.048226 0.400688 0.193866 0.000382 0.356839
1 4 0.112058 0.496128 0.201181 0.000272 0.190361
4 0 0.232135 0.259352 0.013825 0.000022 0.494667
1 0 0.149705 0.504901 0.161430 0.000063 0.183901
1 1 0.051540 0.643725 0.140746 0.000060 0.163929
2 1 0.040029 0.392363 0.431935 0.000740 0.134933
1 1 0.012564 0.479741 0.410068 0.000072 0.097555
4 2 0.093887 0.322853 0.085872 0.000123 0.497264
4 2 0.298387 0.241233 0.130361 0.001621 0.328398
1 2 0.212142 0.510718 0.137662 0.000126 0.139353
1 0 0.194260 0.594808 0.090028 0.000070 0.120834
1 0 0.070902 0.461612 0.079177 0.000020 0.388289
2 0 0.048761 0.331634 0.467307 0.000066 0.152231
4 1 0.163775 0.317240 0.148939 0.001256 0.368790
1 1 0.151265 0.482580 0.191312 0.002894 0.171949
1 1 0.106588 0.564323 0.097532 0.000104 0.231453
0 1 0.312140 0.288872 0.151807 0.007905 0.239276
4 1 0.040766 0.351998 0.119158 0.000955 0.487122
0 1 0.366992 0.344286 0.050876 0.000862 0.236984
2 1 0.028131 0.365190 0.467368 0.001317 0.137994
2 1 0.051094 0.336134 0.416601 0.000784 0.195387
1 1 0.106993 0.463398 0.295253 0.004819 0.129538
4 1 0.035927 0.371447 0.136635 0.000785 0.455206
1 1 0.019979 0.559158 0.093576 0.000011 0.327276
2 1 0.033047 0.340085 0.466023 0.001101 0.159745
1 2 0.088065 0.540965 0.234965 0.000443 0.135562
2 2 0.016259 0.156322 0.481348 0.001844 0.344227
2 2 0.000377 0.052704 0.884870 0.040814 0.021235
2 2 0.001715 0.154662 0.745293 0.007894 0.090437
2 2 0.029357 0.261675 0.607046 0.002138 0.099783
1 2 0.195225 0.434081 0.170141 0.000590 0.199964
0 2 0.799601 0.091679 0.052083 0.000344 0.056293
0 2 0.474854 0.337296 0.061552 0.000681 0.125617
1 2 0.306401 0.391912 0.167897 0.000098 0.133692
0 0 0.443919 0.437805 0.040059 0.000004 0.078214
1 0 0.322764 0.487349 0.051412 0.000020 0.138455
1 0 0.274097 0.548213 0.046596 0.000195 0.130899
0 2 0.488462 0.432434 0.065544 0.000015 0.013545
1 2 0.138504 0.401215 0.192233 0.000852 0.267196
1 2 0.126634 0.615402 0.208338 0.003167 0.046459
2 2 0.015442 0.306680 0.632017 0.002416 0.043444
1 2 0.059445 0.502822 0.141339 0.000165 0.296228
1 2 0.027686 0.507553 0.319028 0.001047 0.144686
2 2 0.006226 0.300392 0.660927 0.004818 0.027638
2 2 0.001181 0.142127 0.812040 0.004440 0.040212
2 2 0.009153 0.401538 0.526494 0.007227 0.055588
2 2 0.000069 0.024543 0.963469 0.010987 0.000932
0 2 0.999149 0.000511 0.000093 0.000000 0.000248
1 0 0.346547 0.474130 0.078391 0.000013 0.100920
1 0 0.183474 0.553069 0.227194 0.000037 0.036226
1 0 0.334165 0.409171 0.209930 0.000324 0.046409
2 0 0.055133 0.290891 0.620359 0.001039 0.032578
1 2 0.057567 0.420807 0.381718 0.003234 0.136674
2 2 0.034583 0.076233 0.885023 0.003506 0.000655
2 2 0.009121 0.171208 0.788010 0.004965 0.026696
2 2 0.009569 0.222785 0.765049 0.001059 0.001537
2 2 0.024667 0.156063 0.785111 0.023616 0.010543
2 2 0.003992 0.088595 0.905342 0.001437 0.000635
2 2 0.005150 0.017998 0.928515 0.048165 0.000172
2 2 0.003618 0.073899 0.917710 0.003741 0.001032
2 2 0.000053 0.010871 0.981411 0.007605 0.000060
2 2 0.000071 0.008113 0.978942 0.012863 0.000011
2 2 0.000389 0.003790 0.831522 0.164273 0.000026
2 2 0.000499 0.013358 0.928001 0.058087 0.000054
2 2 0.005308 0.029270 0.883950 0.081057 0.000415
3 2 0.000035 0.000867 0.471499 0.527593 0.000005
2 2 0.000135 0.005020 0.935468 0.059366 0.000011
2 2 0.000068 0.001425 0.812935 0.185568 0.000005
2 3 0.001237 0.003769 0.580582 0.414328 0.000084
2 3 0.000083 0.001479 0.893725 0.104710 0.000004
2 3 0.005011 0.095360 0.842209 0.056410 0.001010
2 3 0.000104 0.004932 0.894915 0.100036 0.000012
2 3 0.000036 0.000749 0.896023 0.103191 0.000001
2 3 0.000092 0.001228 0.589080 0.409592 0.000008
3 3 0.000381 0.002766 0.481008 0.515799 0.000046
3 3 0.000153 0.001359 0.315513 0.682952 0.000023
3 3 0.000063 0.000507 0.495296 0.504130 0.000004
3 3 0.000109 0.000944 0.076153 0.922746 0.000048
3 3 0.000020 0.000219 0.194585 0.805174 0.000002
3 3 0.000149 0.001091 0.148425 0.850299 0.000037
3 3 0.000002 0.000010 0.026289 0.973700 0.000000
3 3 0.000007 0.000066 0.336786 0.663141 0.000000
3 3 0.000336 0.001604 0.060976 0.936919 0.000165
3 3 0.000042 0.000990 0.289830 0.709129 0.000009
3 3 0.000008 0.000031 0.037057 0.962902 0.000001
3 3 0.000001 0.000007 0.005866 0.994125 0.000000
3 3 0.000122 0.002864 0.245875 0.751091 0.000049
3 3 0.000017 0.000391 0.034183 0.965394 0.000015
3 3 0.000005 0.000028 0.013593 0.986371 0.000002
3 3 0.000070 0.000658 0.009880 0.989255 0.000137
3 3 0.000018 0.000202 0.056988 0.942786 0.000006
3 3 0.000479 0.001342 0.044100 0.953863 0.000217
3 3 0.000005 0.000057 0.010215 0.989720 0.000004
3 3 0.000007 0.000041 0.012379 0.987570 0.000003
3 3 0.000280 0.002753 0.337120 0.659791 0.000056
3 3 0.000039 0.000286 0.244402 0.755269 0.000004
3 3 0.000240 0.000763 0.025051 0.973815 0.000131
3 3 0.000133 0.000432 0.027528 0.971848 0.000059
3 3 0.000234 0.001934 0.029432 0.968117 0.000283
3 3 0.001087 0.001230 0.304647 0.692981 0.000055
3 3 0.000028 0.000144 0.016861 0.982952 0.000015
3 3 0.000045 0.000487 0.008464 0.990910 0.000094
3 3 0.000005 0.000065 0.022340 0.977587 0.000002
3 3 0.000002 0.000010 0.012831 0.987157 0.000000
3 3 0.000001 0.000027 0.001982 0.997987 0.000003
3 3 0.000040 0.000389 0.009244 0.990260 0.000068
3 3 0.000252 0.000822 0.059380 0.939464 0.000082
3 3 0.000084 0.000808 0.093422 0.905654 0.000031
3 3 0.000154 0.001546 0.018628 0.979405 0.000267
3 3 0.000003 0.000219 0.012521 0.987241 0.000015
3 3 0.000122 0.000967 0.012043 0.986648 0.000221
3 3 0.000159 0.001633 0.215082 0.783087 0.000039
3 3 0.000030 0.000185 0.033347 0.966426 0.000011
3 3 0.000037 0.000308 0.010851 0.988757 0.000047
3 3 0.000075 0.000262 0.050027 0.949617 0.000018
3 3 0.000047 0.000493 0.009486 0.989886 0.000089
3 3 0.266191 0.046273 0.211319 0.453758 0.022461
3 3 0.001013 0.010984 0.152880 0.834388 0.000736
