0 0 0.998592 0.000410 0.000824 0.000002 0.000172
0 0 0.971033 0.014969 0.006248 0.001223 0.006526
0 0 0.988929 0.002383 0.002258 0.000298 0.006132
0 0 0.831593 0.027603 0.022905 0.000025 0.117874
0 0 0.988526 0.003933 0.006933 0.000074 0.000533
0 0 0.621640 0.024528 0.019368 0.000410 0.334054
0 0 0.956113 0.006443 0.016667 0.002456 0.018320
4 0 0.443976 0.019775 0.007499 0.000015 0.528735
0 0 0.677314 0.184704 0.081646 0.000003 0.056332
4 0 0.006405 0.136636 0.246533 0.000020 0.610406
0 0 0.618485 0.071455 0.146383 0.012025 0.151653
0 0 0.968305 0.018243 0.009452 0.000681 0.003318
0 0 0.941300 0.018244 0.032549 0.000009 0.007897
0 0 0.909404 0.025304 0.023156 0.000936 0.041200
0 0 0.885239 0.018808 0.017873 0.001290 0.076790
0 0 0.949755 0.004632 0.003421 0.000059 0.042134
4 0 0.340831 0.034778 0.020275 0.000202 0.603914
4 0 0.245353 0.066216 0.031203 0.000420 0.656808
0 0 0.986650 0.004396 0.006353 0.000500 0.002102
0 0 0.945563 0.005925 0.008350 0.000085 0.040078
0 0 0.997532 0.000702 0.000746 0.000076 0.000944
0 0 0.990194 0.001969 0.001990 0.000112 0.005735
0 0 0.981374 0.003215 0.012777 0.000835 0.001799
0 0 0.555034 0.146398 0.090103 0.000318 0.208147
0 0 0.594739 0.162547 0.059369 0.000001 0.183343
0 0 0.730642 0.035800 0.023047 0.000526 0.209984
1 1 0.107682 0.324991 0.270801 0.000039 0.296486
1 0 0.250714 0.324113 0.128853 0.000000 0.296320
0 0 0.850692 0.065634 0.052595 0.000000 0.031080
0 0 0.904694 0.006292 0.005763 0.000048 0.083203
0 1 0.939558 0.014656 0.008355 0.000045 0.037385
4 1 0.080627 0.273614 0.054341 0.000002 0.591416
4 1 0.141665 0.185022 0.065408 0.000003 0.607902
4 1 0.034793 0.229353 0.107938 0.000058 0.627858
4 1 0.016454 0.121863 0.064574 0.000000 0.797109
4 1 0.054462 0.145202 0.061402 0.000006 0.738928
4 1 0.028169 0.248021 0.144502 0.000000 0.579308
4 1 0.065036 0.016654 0.005746 0.000010 0.912555
4 4 0.033272 0.143172 0.055418 0.000001 0.768137
4 4 0.048934 0.137806 0.170241 0.000002 0.643016
1 4 0.224063 0.380861 0.107997 0.000000 0.287078
4 4 0.023104 0.114378 0.035514 0.000000 0.827004
4 4 0.192230 0.067597 0.066704 0.000013 0.673456
4 4 0.011453 0.067729 0.425038 0.000000 0.495780
4 4 0.012066 0.194939 0.241861 0.000115 0.551020
4 4 0.064608 0.024566 0.008905 0.000000 0.901920
4 4 0.021288 0.026814 0.006221 0.000004 0.945672
1 4 0.036336 0.419279 0.182013 0.000002 0.362370
4 4 0.023255 0.108631 0.033435 0.000000 0.834679
4 4 0.035392 0.183986 0.069644 0.000004 0.710974
1 4 0.029767 0.365237 0.258761 0.000572 0.345664
4 4 0.028373 0.192562 0.076301 0.000000 0.702764
4 4 0.031975 0.129626 0.049737 0.000023 0.788639
4 4 0.017063 0.150947 0.107214 0.000007 0.724768
4 4 0.031512 0.099105 0.034181 0.000026 0.835177
1 4 0.062773 0.458820 0.142393 0.000019 0.335996
4 4 0.401798 0.038051 0.022379 0.000031 0.537740
4 4 0.023334 0.043300 0.011253 0.000002 0.922111
4 4 0.059910 0.192713 0.047204 0.000008 0.700165
4 4 0.028300 0.304414 0.151496 0.000001 0.515788
4 4 0.006861 0.190593 0.384028 0.000202 0.418316
2 4 0.001688 0.109900 0.594958 0.000275 0.293180
4 4 0.075437 0.160128 0.066796 0.000001 0.697639
2 4 0.003103 0.150332 0.493578 0.000030 0.352957
4 4 0.008370 0.144228 0.290239 0.000217 0.556946
4 4 0.043426 0.148320 0.054575 0.000469 0.753210
4 4 0.030186 0.192304 0.078470 0.000001 0.699039
4 4 0.038459 0.295025 0.283760 0.000055 0.382701
4 4 0.179823 0.104073 0.049883 0.000006 0.666215
4 4 0.181634 0.061967 0.085733 0.002052 0.668615
4 4 0.025232 0.295634 0.135535 0.000000 0.543599
1 1 0.051221 0.439828 0.159945 0.000014 0.348992
4 1 0.027297 0.162331 0.059698 0.000000 0.750675
4 1 0.004105 0.022830 0.019402 0.000000 0.953664
4 1 0.034463 0.056618 0.012472 0.000005 0.896442
4 1 0.059289 0.100714 0.124975 0.000000 0.715022
2 1 0.004570 0.089084 0.551174 0.000032 0.355141
0 0 0.552807 0.084209 0.020738 0.000001 0.342245
4 0 0.345768 0.110601 0.061782 0.000004 0.481845
4 0 0.288833 0.000862 0.000337 0.000000 0.709968
0 0 0.810411 0.062237 0.014982 0.000000 0.112370
0 0 0.998124 0.001761 0.000001 0.000000 0.000114
1 0 0.066734 0.858419 0.061973 0.000000 0.012874
0 0 0.710419 0.142676 0.064459 0.000005 0.082440
0 0 0.999278 0.000651 0.000024 0.000000 0.000047
0 0 0.444528 0.243984 0.269969 0.000000 0.041520
0 0 0.893900 0.023214 0.027745 0.000045 0.055096
0 0 0.361016 0.327852 0.136078 0.000042 0.175012
1 0 0.092056 0.474050 0.111917 0.000001 0.321976
2 0 0.058053 0.059169 0.635604 0.000274 0.246899
2 0 0.002419 0.043541 0.856901 0.000110 0.097030
2 0 0.027651 0.222432 0.687187 0.002010 0.060720
1 0 0.230117 0.378153 0.096786 0.000122 0.294822
4 0 0.042948 0.115450 0.199211 0.000004 0.642388
0 0 0.961220 0.005637 0.002775 0.000070 0.030298
2 0 0.066584 0.118752 0.772276 0.000243 0.042145
0 0 0.691194 0.075301 0.192545 0.000332 0.040628
0 0 0.743514 0.059271 0.047735 0.006413 0.143067
0 0 0.663193 0.078699 0.229753 0.000006 0.028350
0 0 0.966543 0.016043 0.012270 0.000000 0.005143
0 0 0.614766 0.021508 0.025138 0.000021 0.338567
0 0 0.592104 0.054587 0.045239 0.000192 0.307877
0 0 0.959863 0.005919 0.005628 0.000057 0.028534
0 0 0.965732 0.012645 0.009181 0.000005 0.012437
0 0 0.982258 0.006796 0.006537 0.000029 0.004380
0 0 0.987423 0.002166 0.002728 0.000011 0.007672
0 0 0.940010 0.017569 0.011370 0.000001 0.031050
0 0 0.922850 0.006049 0.004865 0.000078 0.066158
0 0 0.955415 0.014034 0.005044 0.000000 0.025507
0 0 0.979551 0.009903 0.005641 0.000009 0.004896
0 0 0.769301 0.040397 0.021079 0.000011 0.169212
4 1 0.292600 0.203319 0.047281 0.000002 0.456798
1 1 0.118648 0.528414 0.077784 0.000000 0.275154
4 1 0.182917 0.233797 0.042888 0.000000 0.540398
0 0 0.366549 0.243842 0.153850 0.000007 0.235752
0 0 0.490304 0.029699 0.021822 0.000016 0.458159
0 0 0.767883 0.029210 0.017627 0.000657 0.184623
0 0 0.846694 0.029966 0.063843 0.000010 0.059487
0 0 0.810616 0.117974 0.030134 0.000617 0.040660
0 0 0.908651 0.035183 0.045841 0.000095 0.010230
0 1 0.887650 0.042104 0.015000 0.000007 0.055239
4 4 0.077017 0.052392 0.009311 0.000000 0.861280
2 4 0.028878 0.089634 0.643387 0.000000 0.238100
0 4 0.581077 0.251021 0.107422 0.000002 0.060478
0 0 0.663685 0.065712 0.026182 0.000004 0.244417
0 0 0.918158 0.015585 0.021662 0.000031 0.044565
0 0 0.479908 0.077831 0.023817 0.000273 0.418171
1 0 0.124593 0.424085 0.252988 0.001629 0.196705
2 0 0.001891 0.051573 0.864381 0.000036 0.082119
0 0 0.959614 0.000212 0.000167 0.000000 0.040007
0 0 0.493589 0.026526 0.017284 0.000219 0.462382
0 0 0.933818 0.015512 0.037495 0.002545 0.010630
0 0 0.846242 0.019524 0.014394 0.000009 0.119831
0 0 0.886704 0.003867 0.002739 0.000008 0.106683
0 0 0.771118 0.026810 0.003912 0.000002 0.198159
4 4 0.119726 0.177367 0.039616 0.000001 0.663291
4 4 0.423106 0.013971 0.005347 0.000000 0.557575
4 4 0.024275 0.143511 0.048239 0.000000 0.783975
4 4 0.029343 0.241798 0.107045 0.000001 0.621813
4 4 0.015026 0.103773 0.074693 0.000017 0.806491
1 4 0.037657 0.403328 0.200428 0.000059 0.358527
4 2 0.004456 0.079013 0.391055 0.000236 0.525240
4 2 0.008812 0.152732 0.210906 0.000015 0.627536
1 2 0.027953 0.515583 0.327779 0.000003 0.128682
4 2 0.020933 0.190063 0.102438 0.000000 0.686565
2 2 0.020921 0.206759 0.400799 0.000007 0.371514
2 2 0.007845 0.070369 0.806649 0.001307 0.113831
4 2 0.012176 0.093076 0.122422 0.000025 0.772301
4 2 0.009117 0.208482 0.363884 0.000000 0.418517
2 2 0.000231 0.010011 0.970928 0.000172 0.018658
2 2 0.000169 0.020161 0.953159 0.000461 0.026050
2 2 0.003048 0.043487 0.814744 0.019844 0.118877
4 2 0.026413 0.147948 0.053989 0.000000 0.771650
2 2 0.007005 0.188594 0.508833 0.000001 0.295567
2 2 0.003155 0.035454 0.929441 0.000037 0.031913
4 2 0.019548 0.139108 0.070924 0.000000 0.770419
2 2 0.018829 0.141252 0.510793 0.000354 0.328772
2 2 0.015039 0.090840 0.565561 0.002505 0.326055
2 2 0.014752 0.101001 0.582439 0.000033 0.301775
2 2 0.000294 0.057880 0.870632 0.000180 0.071013
2 1 0.189663 0.192797 0.360824 0.000041 0.256675
2 1 0.004518 0.252915 0.589918 0.000096 0.152553
4 2 0.015818 0.179242 0.154050 0.000018 0.650872
4 1 0.166525 0.253070 0.121051 0.000006 0.459348
2 2 0.050358 0.206782 0.492347 0.000668 0.249844
2 2 0.012557 0.094472 0.721518 0.002347 0.169106
2 2 0.000691 0.036312 0.933477 0.004507 0.025013
2 2 0.004625 0.054263 0.692222 0.190028 0.058862
2 2 0.001568 0.042751 0.633599 0.292201 0.029881
2 2 0.001650 0.055006 0.781629 0.000067 0.161648
2 1 0.135635 0.213922 0.374073 0.000007 0.276362
4 1 0.108889 0.014805 0.004651 0.000001 0.871654
4 4 0.170069 0.294213 0.178709 0.003738 0.353271
0 0 0.712400 0.053435 0.026436 0.000000 0.207729
0 0 0.902889 0.040922 0.027647 0.000019 0.028523
2 0 0.017963 0.249206 0.731186 0.001466 0.000180
2 0 0.043378 0.073138 0.808009 0.000247 0.075229
0 0 0.789045 0.058240 0.044608 0.000077 0.108030
2 0 0.039605 0.174753 0.785161 0.000151 0.000330
2 0 0.239277 0.085428 0.666781 0.006281 0.002232
2 0 0.203543 0.146752 0.586198 0.021666 0.041840
2 0 0.338009 0.115510 0.516450 0.010637 0.019394
0 1 0.679572 0.171972 0.105182 0.000002 0.043273
4 1 0.303121 0.165680 0.039357 0.000013 0.491828
0 1 0.386800 0.282163 0.045570 0.000014 0.285454
1 1 0.094836 0.419119 0.084062 0.000005 0.401979
0 1 0.501205 0.156434 0.045447 0.000000 0.296914
4 1 0.056172 0.128991 0.020529 0.000000 0.794307
4 1 0.030845 0.285858 0.125181 0.000001 0.558115
2 1 0.005714 0.178058 0.543625 0.001145 0.271457
2 2 0.003898 0.137553 0.642009 0.001404 0.215137
4 2 0.011492 0.186618 0.253303 0.000005 0.548583
2 2 0.004908 0.112087 0.625040 0.004938 0.253027
4 2 0.047752 0.295941 0.105109 0.000011 0.551187
2 2 0.005870 0.184789 0.411421 0.000142 0.397778
2 2 0.001278 0.104030 0.854685 0.000026 0.039981
2 2 0.007238 0.212045 0.431118 0.000683 0.348915
2 2 0.000744 0.042374 0.821855 0.001999 0.133028
2 2 0.008565 0.240780 0.383618 0.000044 0.366993
2 2 0.002050 0.167307 0.686060 0.000015 0.144568
4 2 0.020184 0.309664 0.198001 0.000000 0.472152
2 2 0.001655 0.046790 0.909278 0.000042 0.042236
4 2 0.015882 0.241153 0.217869 0.000010 0.525086
2 2 0.013427 0.109314 0.832771 0.000309 0.044178
4 2 0.020631 0.135456 0.085224 0.000045 0.758644
4 1 0.054796 0.282608 0.225345 0.000054 0.437197
2 2 0.000137 0.015265 0.974259 0.002708 0.007629
2 2 0.000362 0.014990 0.966834 0.013169 0.004645
2 2 0.002817 0.217572 0.698301 0.000034 0.081275
2 2 0.002104 0.032377 0.909079 0.044549 0.011891
2 2 0.000273 0.004226 0.916651 0.073067 0.005783
2 2 0.002009 0.038415 0.910874 0.047706 0.000996
2 2 0.000065 0.005558 0.986788 0.005058 0.002531
2 2 0.003107 0.043828 0.844857 0.009433 0.098775
2 2 0.000583 0.011114 0.839861 0.141955 0.006487
2 2 0.007211 0.134034 0.762671 0.051262 0.044823
2 2 0.018505 0.102920 0.577194 0.000823 0.300558
2 2 0.001145 0.062399 0.896799 0.012048 0.027609
2 2 0.003577 0.034026 0.927110 0.032561 0.002725
2 2 0.003053 0.035104 0.938195 0.012821 0.010827
2 2 0.001946 0.005494 0.790628 0.201365 0.000567
3 3 0.000023 0.001585 0.214810 0.782816 0.000766
2 3 0.003854 0.093564 0.523224 0.341612 0.037746
2 2 0.000436 0.009377 0.871083 0.117725 0.001379
3 2 0.008059 0.029809 0.254132 0.697390 0.010610
3 3 0.015599 0.015380 0.401710 0.562743 0.004568
2 3 0.001274 0.013060 0.494222 0.488038 0.003406
3 3 0.000018 0.000577 0.007367 0.991998 0.000040
2 3 0.000637 0.010024 0.550254 0.438452 0.000634
3 3 0.002899 0.004706 0.105249 0.886698 0.000448
3 3 0.001165 0.006003 0.198586 0.793784 0.000462
3 3 0.000524 0.003019 0.405824 0.590127 0.000506
3 3 0.003778 0.009858 0.054640 0.931069 0.000654
3 3 0.000416 0.000270 0.009396 0.989886 0.000031
3 3 0.000010 0.000751 0.076249 0.922949 0.000040
3 3 0.092003 0.069430 0.330800 0.501271 0.006496
2 2 0.001185 0.049345 0.856089 0.053545 0.039837
3 3 0.000953 0.003897 0.274658 0.719791 0.000702
3 3 0.002483 0.004022 0.195111 0.797814 0.000569
2 3 0.004835 0.040420 0.587739 0.363998 0.003009
3 3 0.000414 0.021031 0.187566 0.786601 0.004388
3 3 0.003016 0.010362 0.254233 0.728610 0.003779
2 3 0.006937 0.054691 0.546239 0.385017 0.007116
3 3 0.000074 0.000465 0.015334 0.984044 0.000083
3 3 0.000825 0.007385 0.133496 0.857662 0.000632
3 3 0.002514 0.082216 0.175745 0.735215 0.004311
3 3 0.000182 0.001327 0.006762 0.991666 0.000063
3 3 0.000188 0.012070 0.144017 0.841879 0.001846
3 3 0.000190 0.001834 0.009554 0.988375 0.000047
3 3 0.000375 0.018114 0.085568 0.893871 0.002072
3 3 0.000042 0.000400 0.004930 0.994609 0.000019
3 3 0.001405 0.020723 0.134127 0.840022 0.003723
3 3 0.000764 0.001995 0.042559 0.954435 0.000247
3 3 0.000011 0.000072 0.005294 0.994619 0.000004
3 3 0.000269 0.002934 0.024181 0.972065 0.000550
4 2 0.092336 0.093657 0.162150 0.001874 0.649983
2 1 0.007286 0.060511 0.777978 0.028991 0.125234
2 2 0.000619 0.014224 0.950822 0.001707 0.032629
2 2 0.007478 0.103909 0.602596 0.004388 0.281628
2 1 0.100885 0.172821 0.440299 0.006601 0.279395
4 1 0.054831 0.054836 0.021399 0.000066 0.868869
2 0 0.065833 0.268611 0.513427 0.024008 0.128122
4 1 0.039746 0.155970 0.055795 0.000051 0.748437
4 1 0.224266 0.269362 0.153374 0.000172 0.352826
4 1 0.016566 0.207299 0.204317 0.000229 0.571589
0 1 0.714829 0.106329 0.061220 0.000030 0.117592
4 1 0.372134 0.084634 0.025740 0.000008 0.517484
0 1 0.427346 0.258883 0.127335 0.000003 0.186432
4 1 0.017508 0.273366 0.217473 0.000000 0.491653
4 1 0.030452 0.197998 0.072070 0.000000 0.699480
0 1 0.494287 0.104853 0.036718 0.000005 0.364137
0 1 0.467190 0.185239 0.072382 0.000002 0.275187
4 1 0.042684 0.139777 0.045302 0.000028 0.772208
0 0 0.659774 0.131973 0.059825 0.000056 0.148372
4 0 0.261145 0.065295 0.078428 0.000376 0.594756
4 0 0.034545 0.059179 0.010186 0.000000 0.896090
4 1 0.051520 0.281120 0.097908 0.000035 0.569417
1 1 0.195220 0.417213 0.242274 0.000009 0.145284
4 1 0.063829 0.285048 0.081081 0.000025 0.570017
1 1 0.080035 0.505872 0.128166 0.000024 0.285903
4 1 0.064990 0.305554 0.086014 0.000018 0.543424
4 1 0.034867 0.148483 0.042259 0.000000 0.774392
1 1 0.024318 0.391439 0.249369 0.000008 0.334866
4 1 0.021079 0.345337 0.202513 0.000000 0.431072
4 1 0.031688 0.238062 0.108746 0.000006 0.621498
4 4 0.028474 0.070134 0.021649 0.000013 0.879729
4 4 0.028767 0.146676 0.053675 0.000001 0.770881
2 4 0.002885 0.120380 0.466212 0.000421 0.410101
4 4 0.036192 0.132069 0.043749 0.000010 0.787980
4 4 0.065918 0.118387 0.032070 0.000016 0.783609
4 4 0.016943 0.232999 0.210860 0.000037 0.539161
1 4 0.041858 0.418531 0.157467 0.000001 0.382143
4 4 0.045472 0.258765 0.128486 0.000004 0.567273
4 4 0.039048 0.216009 0.080763 0.000007 0.664173
4 4 0.052580 0.210581 0.052074 0.000001 0.684764
4 4 0.031410 0.151733 0.058434 0.000005 0.758418
1 4 0.148448 0.353309 0.234967 0.000010 0.263267
4 4 0.095519 0.314829 0.053978 0.000001 0.535673
4 4 0.012474 0.207185 0.296243 0.000005 0.484094
4 4 0.067187 0.269537 0.068522 0.000010 0.594745
4 4 0.143122 0.193666 0.052503 0.000003 0.610706
1 4 0.177774 0.631555 0.149430 0.000002 0.041239
0 4 0.616749 0.035498 0.024337 0.000929 0.322488
0 4 0.707203 0.014392 0.005753 0.000025 0.272628
4 4 0.041345 0.114851 0.028558 0.000002 0.815244
4 4 0.028934 0.178646 0.069154 0.000000 0.723265
4 4 0.257666 0.050456 0.021360 0.000000 0.670518
1 4 0.072555 0.499379 0.124402 0.000003 0.303661
4 4 0.021611 0.130471 0.063672 0.000002 0.784244
4 4 0.027074 0.083697 0.035659 0.000003 0.853567
4 0 0.331629 0.118521 0.055987 0.000002 0.493861
0 0 0.981965 0.001048 0.001977 0.000001 0.015009
4 0 0.319856 0.038177 0.034347 0.000008 0.607611
0 0 0.961812 0.005672 0.006356 0.000018 0.026143
0 0 0.872833 0.036903 0.078972 0.000023 0.011269
0 0 0.950160 0.003824 0.002607 0.000027 0.043383
4 0 0.175026 0.061639 0.010664 0.000001 0.752671
0 0 0.431723 0.109156 0.027805 0.000000 0.431316
1 1 0.125339 0.543473 0.128531 0.000000 0.202656
4 1 0.087348 0.354624 0.097630 0.000000 0.460397
4 0 0.170834 0.184177 0.175702 0.000002 0.469286
4 1 0.031862 0.233990 0.182286 0.000029 0.551832
4 1 0.022139 0.200397 0.144700 0.000121 0.632643
2 2 0.013078 0.316827 0.386293 0.000011 0.283791
2 2 0.002162 0.110638 0.483455 0.000060 0.403685
2 2 0.000096 0.037224 0.930997 0.003925 0.027758
2 2 0.001119 0.018805 0.915848 0.001059 0.063169
4 2 0.029000 0.220534 0.134108 0.000001 0.616357
2 2 0.009201 0.187486 0.557248 0.000002 0.246062
2 2 0.003265 0.126533 0.768782 0.000166 0.101255
2 2 0.004584 0.180400 0.482209 0.000185 0.332621
2 2 0.002003 0.079526 0.604550 0.007853 0.306069
4 2 0.027308 0.125560 0.043047 0.000000 0.804085
2 2 0.015544 0.121469 0.684340 0.000287 0.178359
2 2 0.000475 0.051202 0.898186 0.000129 0.050009
2 2 0.000997 0.038025 0.895984 0.000087 0.064907
2 2 0.001290 0.111894 0.743143 0.018649 0.125024
2 2 0.000206 0.013478 0.980355 0.000190 0.005772
2 2 0.004652 0.114540 0.628905 0.000642 0.251261
2 2 0.002705 0.038244 0.919525 0.000010 0.039515
0 0 0.431580 0.220691 0.078088 0.000402 0.269239
4 1 0.033635 0.173125 0.071767 0.000023 0.721450
2 2 0.001046 0.060256 0.721222 0.000039 0.217438
2 2 0.007340 0.140510 0.811066 0.002941 0.038142
2 2 0.002019 0.064117 0.863520 0.000025 0.070319
2 2 0.003862 0.200943 0.489777 0.000001 0.305416
2 2 0.000568 0.124938 0.847201 0.000001 0.027291
2 2 0.000631 0.046263 0.899689 0.001069 0.052348
4 2 0.006671 0.105654 0.167622 0.000018 0.720035
4 2 0.023905 0.198679 0.233260 0.000161 0.543995
2 2 0.000067 0.006680 0.989936 0.000130 0.003187
2 2 0.006742 0.085991 0.497480 0.001012 0.408775
4 1 0.249320 0.231939 0.218516 0.006751 0.293474
2 2 0.004545 0.162984 0.452888 0.000340 0.379242
4 1 0.042110 0.103940 0.041258 0.000031 0.812660
2 2 0.000054 0.013773 0.982063 0.000298 0.003812
2 2 0.000028 0.006488 0.990938 0.000164 0.002382
4 2 0.009716 0.099175 0.350075 0.000384 0.540650
2 2 0.000316 0.042701 0.932099 0.000456 0.024429
2 2 0.000061 0.009317 0.984080 0.000357 0.006185
4 2 0.011117 0.201909 0.268879 0.000101 0.517994
2 2 0.002616 0.015075 0.975492 0.002073 0.004745
2 2 0.001337 0.092081 0.780308 0.011384 0.114890
2 2 0.002317 0.106501 0.704380 0.000887 0.185915
2 2 0.001155 0.129012 0.776621 0.001055 0.092157
2 2 0.002141 0.088079 0.855432 0.000499 0.053848
2 1 0.014162 0.044168 0.865607 0.000065 0.075998
2 2 0.003857 0.053060 0.751156 0.003996 0.187931
2 2 0.000138 0.012253 0.812117 0.165319 0.010173
2 2 0.003565 0.031220 0.935138 0.014898 0.015179
2 0 0.257735 0.061352 0.646493 0.015080 0.019340
4 1 0.007037 0.063306 0.078324 0.000029 0.851305
2 2 0.000309 0.004925 0.991551 0.000220 0.002995
2 2 0.002596 0.078636 0.768582 0.001981 0.148206
2 2 0.006221 0.067196 0.659036 0.008515 0.259032
2 2 0.000326 0.065260 0.862748 0.000096 0.071570
2 2 0.008111 0.143380 0.672988 0.000028 0.175492
2 2 0.005348 0.171528 0.596975 0.000029 0.226121
2 2 0.001549 0.079005 0.862566 0.000483 0.056397
2 2 0.000606 0.117356 0.834578 0.000058 0.047402
2 2 0.018218 0.036600 0.905299 0.011052 0.028831
4 1 0.016507 0.264850 0.245510 0.000020 0.473112
2 2 0.000130 0.017623 0.964079 0.001670 0.016498
4 2 0.017330 0.146764 0.223189 0.000012 0.612705
4 1 0.369963 0.071472 0.043745 0.000150 0.514670
4 1 0.111216 0.215112 0.146451 0.000010 0.527210
2 2 0.004238 0.060504 0.809388 0.004394 0.121476
2 2 0.007959 0.130753 0.773797 0.001268 0.086223
2 2 0.005088 0.046811 0.838376 0.005899 0.103827
4 1 0.026728 0.076307 0.023255 0.000002 0.873708
2 0 0.303104 0.171347 0.457428 0.003609 0.064512
0 0 0.669320 0.167928 0.103648 0.003102 0.056001
4 0 0.227172 0.184307 0.081754 0.000004 0.506763
1 1 0.062586 0.467648 0.193439 0.000003 0.276325
4 1 0.025776 0.362693 0.201246 0.000001 0.410284
2 1 0.014434 0.339586 0.390067 0.000509 0.255404
4 1 0.015795 0.275802 0.266053 0.000026 0.442324
4 1 0.095625 0.142738 0.049166 0.000005 0.712467
4 1 0.011862 0.154699 0.206748 0.000479 0.626213
2 2 0.006542 0.126799 0.443082 0.016540 0.407037
2 2 0.000324 0.025495 0.960927 0.000503 0.012752
2 2 0.000101 0.030188 0.962881 0.001423 0.005408
4 1 0.024025 0.361817 0.236022 0.000010 0.378127
2 2 0.002910 0.127238 0.750205 0.001528 0.118120
2 2 0.000172 0.021651 0.931728 0.001718 0.044730
2 2 0.000393 0.053583 0.919912 0.000177 0.025935
2 2 0.003621 0.095534 0.826662 0.001726 0.072458
2 2 0.003194 0.033404 0.956302 0.000287 0.006813
2 2 0.008068 0.079256 0.559425 0.000039 0.353212
2 2 0.000649 0.026431 0.955517 0.000461 0.016942
2 2 0.001304 0.092473 0.845469 0.014894 0.045860
2 2 0.002446 0.182884 0.700030 0.001755 0.112885
2 2 0.000216 0.008380 0.910609 0.076687 0.004109
2 2 0.005437 0.059619 0.812578 0.029195 0.093170
2 2 0.000469 0.030251 0.963379 0.000912 0.004988
2 2 0.000136 0.022109 0.959289 0.013721 0.004745
2 2 0.000339 0.057185 0.854055 0.055455 0.032966
2 2 0.012554 0.033658 0.601810 0.342710 0.009268
2 2 0.030225 0.223974 0.545370 0.004411 0.196020
2 2 0.001381 0.049284 0.712917 0.191085 0.045334
2 2 0.000446 0.051455 0.872231 0.051598 0.024271
2 2 0.021020 0.079983 0.849327 0.032627 0.017044
2 2 0.001158 0.022494 0.963060 0.007853 0.005435
2 2 0.000073 0.002529 0.987965 0.008439 0.000994
2 2 0.013751 0.121401 0.752234 0.039321 0.073293
2 2 0.010635 0.072039 0.662819 0.241788 0.012720
2 2 0.006167 0.202803 0.655636 0.044848 0.090546
2 2 0.000616 0.004998 0.991685 0.001484 0.001218
2 2 0.000024 0.021955 0.961481 0.010508 0.006031
2 2 0.015345 0.217693 0.678364 0.026172 0.062427
2 2 0.001390 0.022829 0.723751 0.248704 0.003326
2 2 0.005497 0.216916 0.577868 0.022781 0.176938
2 2 0.001798 0.008880 0.808185 0.180179 0.000958
2 2 0.002258 0.009677 0.765070 0.220250 0.002745
2 2 0.000175 0.007144 0.945226 0.045339 0.002116
2 2 0.000134 0.016065 0.875446 0.099230 0.009125
2 2 0.000624 0.024619 0.678622 0.291154 0.004981
2 2 0.005057 0.200492 0.544481 0.128063 0.121908
2 2 0.006603 0.090543 0.772916 0.109144 0.020794
3 2 0.005529 0.013018 0.207911 0.764038 0.009504
2 2 0.000055 0.001659 0.726861 0.270756 0.000669
2 3 0.000216 0.007266 0.967296 0.022912 0.002310
2 2 0.006320 0.059370 0.849632 0.004328 0.080350
2 2 0.000057 0.034796 0.952094 0.002138 0.010916
2 2 0.008427 0.016931 0.926602 0.032472 0.015569
2 2 0.047447 0.080461 0.664476 0.017878 0.189739
0 0 0.523090 0.140930 0.317913 0.004676 0.013391
2 1 0.020316 0.227416 0.459087 0.001028 0.292153
2 2 0.002545 0.102560 0.472906 0.003676 0.418314
2 1 0.001416 0.123013 0.856448 0.000905 0.018218
2 2 0.000285 0.010356 0.977812 0.001628 0.009918
2 2 0.025408 0.311995 0.573579 0.000001 0.089017
4 2 0.007859 0.143614 0.331323 0.000021 0.517184
4 1 0.290272 0.171921 0.059342 0.000008 0.478457
4 1 0.040124 0.155067 0.100520 0.000180 0.704109
2 1 0.004299 0.139378 0.812952 0.000081 0.043290
2 2 0.015782 0.181934 0.561164 0.000004 0.241116
4 1 0.038026 0.225680 0.072975 0.000000 0.663318
4 1 0.037668 0.278347 0.124779 0.000026 0.559180
2 1 0.008914 0.342883 0.375308 0.000000 0.272896
2 2 0.011012 0.163370 0.786019 0.000025 0.039574
2 2 0.000300 0.057556 0.934996 0.000113 0.007035
2 2 0.000036 0.003988 0.990738 0.002502 0.002736
4 1 0.015962 0.257102 0.190830 0.000000 0.536106
2 2 0.001486 0.066657 0.889850 0.000039 0.041968
2 2 0.001424 0.124412 0.833697 0.000004 0.040463
2 2 0.003927 0.089889 0.498463 0.000248 0.407473
2 2 0.009112 0.344509 0.491471 0.000181 0.154728
2 2 0.007839 0.069519 0.836103 0.000031 0.086508
2 2 0.007212 0.300163 0.498824 0.000038 0.193762
2 2 0.000689 0.009370 0.979291 0.000010 0.010640
1 2 0.014264 0.333664 0.329836 0.000009 0.322226
2 2 0.000064 0.009498 0.977910 0.001582 0.010945
2 2 0.000571 0.034070 0.940441 0.000036 0.024882
1 2 0.024593 0.411441 0.372813 0.000012 0.191140
2 2 0.009987 0.325550 0.460533 0.000027 0.203903
2 2 0.001588 0.181099 0.736601 0.000032 0.080681
2 2 0.003727 0.156572 0.505552 0.000487 0.333662
2 2 0.004687 0.135413 0.819254 0.000119 0.040528
2 2 0.008815 0.311284 0.451663 0.000029 0.228209
2 2 0.001325 0.171514 0.759065 0.000031 0.068066
2 2 0.002393 0.020869 0.936776 0.000020 0.039942
2 2 0.001651 0.222735 0.705067 0.000000 0.070547
2 2 0.002025 0.167999 0.710645 0.000617 0.118714
4 2 0.022955 0.202986 0.178098 0.000003 0.595959
1 1 0.138217 0.383944 0.329587 0.000711 0.147541
4 1 0.050486 0.236269 0.079955 0.000043 0.633247
4 1 0.037637 0.109324 0.035146 0.000056 0.817837
4 1 0.009384 0.211124 0.348992 0.000465 0.430034
4 1 0.034905 0.370946 0.166570 0.000002 0.427575
2 1 0.010854 0.339071 0.581337 0.000222 0.068517
4 2 0.019801 0.257643 0.168029 0.000001 0.554526
2 2 0.009719 0.312920 0.428580 0.000031 0.248750
4 1 0.041281 0.264762 0.120490 0.000212 0.573256
4 1 0.031736 0.249935 0.117075 0.000007 0.601247
2 2 0.013051 0.134402 0.555043 0.000057 0.297447
2 2 0.003637 0.098754 0.812577 0.000009 0.085023
4 2 0.005225 0.153311 0.351215 0.000048 0.490201
2 2 0.002683 0.084378 0.854006 0.002260 0.056672
4 1 0.017641 0.090126 0.041828 0.000000 0.850405
4 2 0.058459 0.379536 0.117092 0.000007 0.444906
2 2 0.019180 0.157492 0.637957 0.000019 0.185352
2 2 0.001891 0.104961 0.653362 0.000004 0.239783
2 2 0.001867 0.021914 0.954845 0.000088 0.021286
2 2 0.014442 0.200416 0.394799 0.000150 0.390193
0 0 0.742751 0.024108 0.006100 0.000001 0.227040
4 4 0.091364 0.395687 0.086306 0.000015 0.426629
4 4 0.013575 0.193325 0.208153 0.000058 0.584889
2 4 0.002953 0.096165 0.487314 0.002481 0.411086
4 4 0.025963 0.303607 0.182400 0.000009 0.488022
4 4 0.082666 0.236786 0.278266 0.000428 0.401853
4 4 0.018560 0.130702 0.093182 0.000087 0.757469
4 4 0.008934 0.215259 0.342633 0.000086 0.433088
4 4 0.054102 0.262337 0.122118 0.000035 0.561408
4 4 0.041648 0.147987 0.058895 0.000660 0.750810
4 4 0.031402 0.132405 0.045658 0.000002 0.790533
0 4 0.676940 0.021106 0.007169 0.000047 0.294738
4 4 0.048912 0.112456 0.048358 0.000001 0.790273
4 4 0.025733 0.212167 0.111470 0.000004 0.650626
4 4 0.026846 0.055105 0.017058 0.000043 0.900947
4 4 0.096651 0.068831 0.069989 0.000429 0.764101
4 4 0.036672 0.232361 0.113055 0.000240 0.617671
4 4 0.072788 0.048004 0.041301 0.000031 0.837877
4 4 0.206984 0.123472 0.037496 0.000003 0.632044
4 4 0.063937 0.062695 0.015922 0.000008 0.857438
4 4 0.131337 0.040197 0.014468 0.000129 0.813870
4 4 0.017969 0.031898 0.010149 0.000010 0.939974
4 4 0.070170 0.043691 0.013359 0.000128 0.872652
4 4 0.229324 0.090397 0.061007 0.000125 0.619148
1 4 0.060290 0.417107 0.165771 0.001588 0.355244
2 4 0.035818 0.156176 0.596762 0.000007 0.211237
4 4 0.004257 0.093973 0.254684 0.000416 0.646671
4 4 0.024754 0.156258 0.093511 0.000148 0.725330
0 4 0.519227 0.159151 0.037512 0.000004 0.284105
4 4 0.012915 0.251626 0.281256 0.000019 0.454184
4 4 0.072500 0.011500 0.003929 0.000002 0.912070
0 4 0.502870 0.081675 0.035785 0.000395 0.379274
0 4 0.491421 0.142838 0.097586 0.000136 0.268019
4 4 0.021406 0.026528 0.006160 0.000006 0.945899
0 4 0.581879 0.131656 0.064265 0.000029 0.222171
4 4 0.038822 0.141036 0.046035 0.000014 0.774092
4 4 0.031913 0.170289 0.068460 0.000006 0.729331
4 4 0.103843 0.096229 0.023263 0.000000 0.776665
4 4 0.028757 0.222243 0.093748 0.000000 0.655251
4 4 0.044259 0.149505 0.036543 0.000000 0.769693
4 4 0.027896 0.193872 0.092529 0.000005 0.685698
0 4 0.524317 0.176406 0.089673 0.000031 0.209573
4 4 0.082406 0.064961 0.034063 0.000027 0.818543
0 1 0.305791 0.291691 0.108654 0.000025 0.293839
4 4 0.030421 0.149037 0.056244 0.000002 0.764296
4 4 0.011553 0.010988 0.001721 0.000000 0.975738
0 0 0.999785 0.000067 0.000018 0.000000 0.000130
0 0 0.999223 0.000002 0.000001 0.000000 0.000773
0 0 0.957767 0.001007 0.000114 0.000000 0.041112
4 0 0.187167 0.093428 0.074121 0.000001 0.645284
0 0 0.635676 0.138115 0.040022 0.000017 0.186169
4 0 0.091305 0.137753 0.054425 0.000005 0.716512
4 0 0.035862 0.035149 0.006661 0.000000 0.922328
4 4 0.215139 0.239218 0.064362 0.000000 0.481280
4 4 0.208365 0.198164 0.076118 0.000106 0.517247
4 4 0.144906 0.114942 0.039745 0.000006 0.700401
2 0 0.066317 0.203490 0.656151 0.000000 0.074042
4 1 0.242653 0.182750 0.090894 0.000348 0.483354
1 1 0.045711 0.616706 0.221431 0.000036 0.116115
4 1 0.032283 0.136562 0.051726 0.000014 0.779416
4 1 0.017714 0.245113 0.234816 0.000211 0.502145
4 1 0.031739 0.224014 0.099578 0.000005 0.644664
2 1 0.002437 0.143224 0.586759 0.000194 0.267385
2 1 0.079281 0.179749 0.632627 0.000011 0.108333
0 0 0.442371 0.104643 0.048751 0.000716 0.403518
4 1 0.018276 0.241065 0.212616 0.000076 0.527966
4 1 0.030411 0.127238 0.045496 0.000003 0.796852
2 1 0.003250 0.120679 0.441096 0.000767 0.434207
2 1 0.006916 0.226929 0.410926 0.000022 0.355208
4 2 0.033706 0.283265 0.121099 0.000001 0.561929
4 2 0.011155 0.227655 0.279297 0.000014 0.481880
4 2 0.062470 0.185029 0.100919 0.000036 0.651546
2 2 0.005702 0.202091 0.500874 0.001741 0.289592
2 2 0.001062 0.101955 0.745925 0.002821 0.148237
2 2 0.006327 0.189817 0.445150 0.000188 0.358519
1 1 0.044247 0.477501 0.219117 0.000234 0.258901
2 1 0.008955 0.300782 0.439503 0.000032 0.250727
2 2 0.000240 0.043548 0.828006 0.002688 0.125518
2 1 0.008903 0.289555 0.398715 0.000005 0.302822
2 2 0.000847 0.113290 0.799221 0.000419 0.086223
2 2 0.005121 0.111253 0.645961 0.000485 0.237180
2 2 0.000137 0.005241 0.988792 0.002350 0.003481
2 2 0.000508 0.091249 0.841041 0.000256 0.066946
2 2 0.000172 0.010238 0.974392 0.000106 0.015093
2 1 0.002481 0.095088 0.782779 0.001181 0.118471
2 2 0.000431 0.009231 0.979195 0.000266 0.010878
4 2 0.003860 0.140985 0.410167 0.000065 0.444924
2 2 0.000131 0.025752 0.966198 0.000205 0.007713
2 2 0.004010 0.195180 0.595950 0.002075 0.202785
1 1 0.099097 0.367572 0.174455 0.000026 0.358850
2 2 0.000502 0.023244 0.946400 0.001361 0.028493
2 2 0.001750 0.028608 0.808275 0.000064 0.161303
2 2 0.000792 0.025963 0.958630 0.000619 0.013995
2 2 0.056890 0.168080 0.581050 0.000669 0.193312
4 1 0.049672 0.185386 0.367829 0.000022 0.397090
2 2 0.000481 0.011582 0.976959 0.000098 0.010879
0 0 0.694702 0.055951 0.238813 0.007805 0.002729
1 1 0.134415 0.425071 0.124577 0.000005 0.315932
4 1 0.032561 0.290995 0.151453 0.000035 0.524956
2 1 0.003010 0.120196 0.447811 0.000343 0.428640
4 1 0.049455 0.363924 0.133026 0.000012 0.453582
2 1 0.002756 0.144776 0.611943 0.005358 0.235167
4 2 0.007869 0.207334 0.349981 0.000038 0.434778
4 2 0.038744 0.245293 0.089479 0.000002 0.626482
2 2 0.002770 0.116029 0.681683 0.000032 0.199486
2 2 0.000998 0.016964 0.937507 0.010793 0.033737
2 2 0.002416 0.039584 0.778167 0.000030 0.179803
2 2 0.000176 0.058693 0.914190 0.000737 0.026204
2 2 0.000112 0.009190 0.985562 0.000433 0.004704
2 2 0.000042 0.003202 0.994655 0.000379 0.001722
2 2 0.000156 0.049225 0.909206 0.000109 0.041304
2 2 0.002339 0.060368 0.915718 0.005451 0.016124
2 2 0.000716 0.049027 0.586937 0.000015 0.363305
2 2 0.002239 0.032740 0.933475 0.000020 0.031525
2 2 0.004154 0.032026 0.805820 0.098275 0.059725
2 2 0.000172 0.035024 0.927084 0.000452 0.037267
2 2 0.001093 0.058564 0.920239 0.005715 0.014389
2 2 0.003616 0.140487 0.744105 0.007583 0.104209
2 2 0.000074 0.003657 0.992542 0.001500 0.002227
2 2 0.002631 0.029016 0.849651 0.087622 0.031079
2 2 0.004835 0.174948 0.736328 0.000071 0.083818
2 2 0.000292 0.024722 0.766243 0.188069 0.020674
2 2 0.000702 0.028811 0.889395 0.070826 0.010266
2 2 0.000112 0.001972 0.943966 0.053525 0.000425
2 2 0.000006 0.000468 0.620765 0.378484 0.000277
2 2 0.000864 0.024129 0.759046 0.183966 0.031995
2 2 0.000395 0.009011 0.850356 0.135034 0.005204
2 2 0.001232 0.068091 0.885297 0.016444 0.028935
2 2 0.001096 0.018054 0.958691 0.015856 0.006303
2 2 0.003726 0.054402 0.917920 0.001765 0.022188
2 2 0.010155 0.201568 0.633255 0.001458 0.153564
2 2 0.000405 0.056155 0.920389 0.002458 0.020593
2 2 0.002638 0.018256 0.946620 0.005452 0.027034
2 2 0.000929 0.054993 0.908648 0.000555 0.034875
2 2 0.000559 0.020959 0.956140 0.013626 0.008716
2 2 0.000248 0.026617 0.919629 0.040245 0.013261
2 2 0.000244 0.003883 0.945926 0.046336 0.003612
2 2 0.000487 0.008021 0.873679 0.115986 0.001828
2 2 0.002261 0.147199 0.662993 0.087710 0.099837
2 2 0.000069 0.016015 0.952264 0.024437 0.007215
2 2 0.014573 0.034673 0.920443 0.003198 0.027113
2 1 0.005653 0.268200 0.555347 0.000161 0.170639
2 2 0.000266 0.018375 0.917215 0.050241 0.013902
2 2 0.001051 0.033027 0.889981 0.020631 0.055308
2 2 0.001060 0.020251 0.889466 0.057255 0.031967
2 2 0.000647 0.012953 0.936731 0.043852 0.005818
2 2 0.000197 0.010440 0.966265 0.010591 0.012506
2 2 0.000712 0.097808 0.825575 0.011435 0.064470
2 2 0.000281 0.039182 0.912061 0.010487 0.037989
2 2 0.000560 0.008866 0.882473 0.101728 0.006373
2 2 0.000653 0.087017 0.823190 0.002630 0.086510
2 2 0.000217 0.015905 0.854613 0.117109 0.012156
2 2 0.000095 0.001789 0.956506 0.039850 0.001760
2 2 0.000217 0.011623 0.817175 0.163253 0.007732
2 3 0.000425 0.009582 0.911607 0.073559 0.004827
2 2 0.014464 0.153857 0.690953 0.000366 0.140360
2 2 0.001733 0.021553 0.945262 0.016453 0.014999
2 2 0.000311 0.006944 0.986834 0.004489 0.001422
2 2 0.000371 0.006371 0.985165 0.000760 0.007332
2 1 0.170367 0.294547 0.499727 0.000149 0.035209
2 1 0.000197 0.038518 0.919949 0.009444 0.031891
2 2 0.000055 0.006725 0.989798 0.001143 0.002278
2 2 0.000181 0.009914 0.982577 0.001527 0.005801
2 2 0.000299 0.031553 0.935697 0.000313 0.032139
2 1 0.039513 0.226360 0.501987 0.054884 0.177255
2 1 0.043689 0.197307 0.379856 0.001638 0.377510
2 1 0.001616 0.120524 0.670832 0.000857 0.206171
2 2 0.000300 0.007394 0.976939 0.005232 0.010135
2 2 0.000082 0.039520 0.939559 0.000438 0.020400
4 1 0.012521 0.262140 0.277032 0.000003 0.448303
2 2 0.000423 0.010606 0.985127 0.000047 0.003797
2 2 0.002210 0.066914 0.820776 0.000890 0.109211
2 2 0.002437 0.017313 0.956181 0.004671 0.019398
2 0 0.044596 0.092353 0.517117 0.000175 0.345759
4 0 0.101135 0.184505 0.258176 0.001053 0.455131
2 1 0.004621 0.174990 0.424996 0.000019 0.395374
4 1 0.010773 0.190300 0.277112 0.000439 0.521376
4 1 0.017082 0.191394 0.178761 0.000212 0.612551
4 1 0.018245 0.307621 0.240949 0.000004 0.433181
2 1 0.003555 0.168134 0.558272 0.000716 0.269324
2 1 0.003198 0.153816 0.580468 0.002977 0.259540
2 2 0.001936 0.094790 0.765815 0.000178 0.137282
2 2 0.001594 0.044726 0.925849 0.000021 0.027810
4 1 0.014204 0.170697 0.125382 0.000000 0.689716
4 1 0.027655 0.367577 0.217387 0.000015 0.387367
2 2 0.000657 0.095333 0.826710 0.002234 0.075066
2 2 0.003690 0.075611 0.850046 0.000075 0.070579
4 4 0.025058 0.121776 0.056662 0.000016 0.796489
4 4 0.039768 0.027226 0.008198 0.000004 0.924804
4 4 0.026971 0.027494 0.007060 0.000006 0.938470
4 4 0.146024 0.053955 0.021295 0.000386 0.778340
4 4 0.031104 0.122912 0.038431 0.000001 0.807552
4 4 0.018685 0.081673 0.042306 0.000018 0.857319
4 4 0.083167 0.202384 0.067703 0.000019 0.646727
4 4 0.017699 0.249424 0.212724 0.000020 0.520133
4 4 0.006387 0.184964 0.365152 0.000039 0.443458
4 4 0.023679 0.065999 0.035052 0.000137 0.875133
4 4 0.102703 0.085501 0.046895 0.000018 0.764883
4 4 0.020762 0.110151 0.050946 0.000001 0.818140
4 4 0.175599 0.152644 0.103119 0.000000 0.568638
1 0 0.260778 0.572798 0.105968 0.000002 0.060454
4 4 0.015952 0.267713 0.247345 0.000013 0.468977
4 4 0.016980 0.111603 0.091784 0.000592 0.779041
1 4 0.048793 0.444754 0.201303 0.000656 0.304494
4 4 0.014519 0.167228 0.135285 0.000002 0.682966
4 4 0.030237 0.327838 0.180155 0.000018 0.461751
4 4 0.032614 0.215053 0.095208 0.000010 0.657115
4 4 0.088156 0.168199 0.028546 0.000017 0.715082
4 4 0.032873 0.068762 0.022453 0.000012 0.875900
4 4 0.105061 0.046554 0.015084 0.000000 0.833301
4 4 0.033104 0.107879 0.038989 0.000065 0.819963
4 4 0.405234 0.081742 0.044308 0.000412 0.468303
4 4 0.037921 0.107426 0.036535 0.000206 0.817912
4 4 0.272581 0.107490 0.048037 0.000907 0.570984
4 4 0.057353 0.015961 0.004870 0.000006 0.921809
4 4 0.033941 0.084300 0.029227 0.000392 0.852141
4 4 0.083230 0.172425 0.058502 0.000062 0.685781
4 4 0.395958 0.050129 0.035150 0.000125 0.518637
4 4 0.201552 0.034964 0.023377 0.000052 0.740055
4 4 0.225336 0.013908 0.006332 0.000009 0.754414
4 4 0.035284 0.187870 0.082013 0.000071 0.694762
4 4 0.337741 0.081366 0.032150 0.000639 0.548103
4 4 0.251947 0.054549 0.022528 0.000443 0.670532
4 4 0.045114 0.091507 0.024052 0.000128 0.839200
4 4 0.047294 0.058379 0.031238 0.000159 0.862930
4 4 0.040140 0.067629 0.015162 0.000003 0.877066
0 4 0.779087 0.018039 0.012313 0.000268 0.190294
0 4 0.601129 0.014607 0.008542 0.000026 0.375696
4 4 0.058132 0.023929 0.008558 0.000031 0.909351
4 4 0.184230 0.033733 0.008152 0.000005 0.773880
4 4 0.043171 0.268122 0.124898 0.000357 0.563452
4 4 0.002523 0.088216 0.373160 0.000395 0.535706
4 4 0.008039 0.129573 0.184067 0.000014 0.678307
4 4 0.102263 0.167392 0.051360 0.000053 0.678931
4 4 0.023412 0.255459 0.169252 0.000018 0.551859
4 4 0.014433 0.212049 0.257608 0.000846 0.515064
2 4 0.003648 0.192546 0.572594 0.000133 0.231079
4 2 0.010730 0.196485 0.311757 0.002202 0.478825
4 2 0.030591 0.303800 0.172167 0.000050 0.493393
4 2 0.030973 0.180082 0.072703 0.000003 0.716239
2 2 0.006963 0.181481 0.406153 0.003024 0.402379
2 2 0.004150 0.170547 0.479072 0.000104 0.346127
4 2 0.023462 0.282561 0.237634 0.001361 0.454982
4 2 0.031785 0.332786 0.190754 0.000023 0.444652
2 2 0.001477 0.080044 0.524812 0.002134 0.391532
4 2 0.024400 0.204129 0.147453 0.000579 0.623439
4 2 0.031586 0.321052 0.211671 0.001437 0.434254
2 2 0.002951 0.151193 0.587112 0.001537 0.257207
0 0 0.776418 0.022702 0.000333 0.000000 0.200547
1 0 0.194231 0.593787 0.057205 0.000007 0.154770
4 1 0.029322 0.288572 0.141052 0.000002 0.541052
4 1 0.037409 0.224815 0.093620 0.000021 0.644134
2 1 0.003745 0.212284 0.611254 0.000320 0.172397
4 1 0.013371 0.247532 0.306834 0.000326 0.431937
2 1 0.001842 0.136557 0.659645 0.000262 0.201694
2 2 0.000316 0.013720 0.975001 0.000759 0.010205
2 2 0.000632 0.074700 0.823674 0.000984 0.100010
2 2 0.009325 0.288836 0.459330 0.000474 0.242036
1 0 0.267541 0.559415 0.115988 0.000001 0.057054
1 1 0.206825 0.611908 0.045546 0.000000 0.135720
1 1 0.106123 0.423785 0.088757 0.000021 0.381313
1 1 0.028544 0.376387 0.261214 0.000515 0.333340
2 2 0.015385 0.177361 0.638009 0.000758 0.168487
2 2 0.000266 0.044410 0.941682 0.000864 0.012777
2 2 0.003664 0.040420 0.799473 0.000463 0.155980
2 2 0.006198 0.205882 0.424457 0.000064 0.363399
2 2 0.018512 0.248595 0.559161 0.004338 0.169394
2 2 0.002981 0.092038 0.723755 0.034918 0.146308
4 1 0.025415 0.275698 0.180053 0.000028 0.518806
2 2 0.082269 0.300137 0.579230 0.000048 0.038316
1 1 0.301419 0.411250 0.143464 0.000013 0.143855
2 2 0.003347 0.079550 0.856758 0.003570 0.056775
2 2 0.000043 0.037149 0.956379 0.003357 0.003073
2 2 0.003919 0.074016 0.728783 0.001481 0.191802
2 2 0.001815 0.106658 0.842458 0.000222 0.048847
2 2 0.001953 0.045900 0.880711 0.000054 0.071381
2 2 0.002573 0.030772 0.906324 0.001864 0.058467
4 2 0.019631 0.174550 0.304636 0.000239 0.500944
2 2 0.000376 0.001581 0.995951 0.000309 0.001783
2 2 0.007095 0.123463 0.798089 0.009437 0.061917
2 2 0.002702 0.109196 0.800528 0.000080 0.087494
2 2 0.001683 0.015572 0.968676 0.004924 0.009145
2 2 0.000383 0.045522 0.913443 0.003750 0.036902
2 2 0.002311 0.073661 0.815758 0.000204 0.108066
2 2 0.001237 0.043012 0.936901 0.003493 0.015358
2 2 0.001184 0.067462 0.807944 0.079548 0.043862
2 0 0.051900 0.105118 0.686235 0.005807 0.150939
2 1 0.013911 0.225913 0.701293 0.000756 0.058128
2 2 0.000304 0.007129 0.975606 0.015472 0.001488
2 2 0.000069 0.005006 0.984795 0.001651 0.008479
2 2 0.000138 0.053635 0.935395 0.000743 0.010089
2 2 0.001918 0.008494 0.955869 0.010878 0.022840
2 2 0.000282 0.021397 0.910105 0.054190 0.014027
2 2 0.001017 0.057353 0.861953 0.000905 0.078772
2 2 0.001129 0.023115 0.942788 0.020662 0.012307
2 2 0.000065 0.030619 0.911373 0.043874 0.014069
2 2 0.000929 0.007058 0.734823 0.254354 0.002837
2 2 0.001283 0.032206 0.897225 0.038548 0.030738
2 2 0.000584 0.013968 0.923218 0.054420 0.007811
2 2 0.000227 0.011374 0.901542 0.080961 0.005897
2 2 0.000025 0.002464 0.821802 0.174387 0.001322
2 2 0.000390 0.005111 0.869633 0.119328 0.005538
2 2 0.001777 0.026899 0.897099 0.052828 0.021396
2 3 0.003726 0.052159 0.819093 0.081248 0.043774
2 3 0.001432 0.017887 0.792902 0.173352 0.014427
2 0 0.008183 0.353056 0.559286 0.005818 0.073657
2 2 0.000584 0.048523 0.913395 0.017943 0.019555
2 2 0.001976 0.083465 0.765967 0.107508 0.041085
2 2 0.000005 0.007710 0.987391 0.001407 0.003488
2 2 0.000710 0.096287 0.803592 0.051735 0.047676
2 2 0.000059 0.004189 0.970823 0.023677 0.001251
