0 0 0.969974 0.001574 0.000057 0.000000 0.028395
0 0 0.675299 0.025913 0.008976 0.003197 0.286615
4 0 0.159440 0.151335 0.051009 0.000162 0.638054
4 0 0.177639 0.046833 0.009988 0.000000 0.765541
0 0 0.992947 0.000588 0.000124 0.000363 0.005978
0 0 0.513298 0.020120 0.006737 0.007550 0.452295
0 0 0.639698 0.103930 0.042011 0.003092 0.211269
0 0 0.834498 0.044278 0.014669 0.012360 0.094195
0 0 0.975612 0.013146 0.003502 0.000176 0.007565
0 0 0.831384 0.106094 0.033239 0.006298 0.022986
0 0 0.971783 0.010793 0.003184 0.000340 0.013900
0 0 0.775362 0.080091 0.023989 0.000202 0.120356
4 0 0.412230 0.033413 0.010175 0.000164 0.544018
0 0 0.601708 0.275323 0.067331 0.000008 0.055630
0 0 0.694518 0.218224 0.050760 0.000005 0.036493
4 0 0.050013 0.315441 0.085522 0.000002 0.549022
1 1 0.188222 0.629303 0.117992 0.000001 0.064483
1 1 0.198805 0.404677 0.162558 0.000333 0.233628
1 1 0.313273 0.318480 0.091855 0.000015 0.276377
1 1 0.004481 0.451215 0.350393 0.000527 0.193383
1 1 0.046759 0.491084 0.189887 0.000141 0.272130
1 1 0.030761 0.590264 0.208512 0.000291 0.170172
1 1 0.164092 0.480732 0.306757 0.000220 0.048199
2 2 0.000120 0.051536 0.941653 0.002104 0.004587
2 2 0.006217 0.114324 0.874781 0.001928 0.002750
2 2 0.001024 0.045919 0.946591 0.000337 0.006129
0 2 0.581663 0.218914 0.059081 0.000008 0.140334
1 2 0.260819 0.486216 0.150599 0.000069 0.102298
1 2 0.009864 0.517278 0.410177 0.000019 0.062663
2 2 0.001960 0.294695 0.638693 0.000737 0.063915
2 2 0.000334 0.090408 0.866736 0.001464 0.041058
2 2 0.011281 0.296039 0.472839 0.000899 0.218941
2 2 0.000318 0.182002 0.571264 0.000517 0.245899
2 2 0.000255 0.222434 0.660205 0.000633 0.116473
2 2 0.004826 0.380374 0.480999 0.000012 0.133790
4 2 0.055474 0.379788 0.071601 0.000000 0.493136
4 2 0.145972 0.339060 0.111432 0.000025 0.403511
4 2 0.006167 0.338185 0.301782 0.000008 0.353857
4 2 0.038867 0.358981 0.218678 0.000001 0.383472
4 2 0.175954 0.363288 0.094910 0.000004 0.365844
1 2 0.000670 0.346930 0.334068 0.000101 0.318231
4 2 0.011988 0.209579 0.125489 0.000007 0.652936
1 2 0.082209 0.346954 0.224920 0.000176 0.345741
1 2 0.019841 0.527642 0.153391 0.000007 0.299119
4 2 0.022331 0.211662 0.123405 0.000048 0.642554
4 2 0.012429 0.444280 0.092833 0.000000 0.450458
4 2 0.101539 0.274267 0.070063 0.000001 0.554130
1 2 0.017292 0.450208 0.147507 0.000014 0.384980
4 2 0.024124 0.312170 0.081503 0.000001 0.582202
1 2 0.050876 0.571452 0.132417 0.000000 0.245256
4 2 0.011433 0.359767 0.093849 0.000000 0.534951
4 4 0.114353 0.237207 0.095999 0.000005 0.552436
4 4 0.030167 0.061320 0.015518 0.000000 0.892996
4 4 0.306817 0.057570 0.020275 0.000280 0.615057
1 4 0.097832 0.398957 0.108650 0.000004 0.394557
4 4 0.073072 0.353083 0.087684 0.000001 0.486159
4 4 0.080190 0.379518 0.095352 0.000002 0.444939
4 4 0.038531 0.062418 0.023271 0.000030 0.875749
4 4 0.299582 0.055131 0.015765 0.000014 0.629508
4 4 0.202434 0.292169 0.083863 0.000008 0.421526
4 4 0.030953 0.253015 0.075799 0.000003 0.640230
4 4 0.053380 0.251117 0.061784 0.000001 0.633719
4 4 0.221482 0.340069 0.087951 0.000001 0.350496
1 4 0.328555 0.377791 0.090673 0.000003 0.202978
4 4 0.008062 0.190064 0.048406 0.000000 0.753467
1 4 0.016993 0.536457 0.113659 0.000000 0.332891
4 4 0.003717 0.200249 0.062673 0.000001 0.733359
4 4 0.118744 0.223310 0.062275 0.000002 0.595669
1 4 0.157968 0.409838 0.103799 0.000003 0.328391
0 4 0.380238 0.201286 0.052586 0.000006 0.365884
4 4 0.112392 0.387470 0.102018 0.000001 0.398118
1 4 0.088821 0.452135 0.150685 0.000039 0.308320
4 4 0.003367 0.106732 0.040152 0.000000 0.849749
4 4 0.039540 0.054701 0.019024 0.000017 0.886718
4 4 0.040122 0.307019 0.096945 0.000007 0.555907
4 4 0.354189 0.047256 0.012865 0.000012 0.585678
1 4 0.036592 0.407823 0.192523 0.000018 0.363044
4 4 0.021203 0.310695 0.090244 0.000002 0.577856
1 4 0.052913 0.518437 0.290995 0.000001 0.137655
1 4 0.031609 0.581721 0.169697 0.000012 0.216961
4 4 0.157228 0.304062 0.088623 0.000007 0.450080
2 4 0.000416 0.105382 0.872807 0.005711 0.015684
1 4 0.068072 0.452479 0.142490 0.000019 0.336941
2 2 0.001947 0.186287 0.697937 0.004578 0.109251
2 2 0.000021 0.018127 0.977903 0.000317 0.003632
2 2 0.001282 0.187391 0.791144 0.000142 0.020041
1 2 0.057354 0.592722 0.189844 0.000053 0.160027
1 2 0.033795 0.658648 0.173989 0.000008 0.133562
1 2 0.025129 0.467307 0.394829 0.000291 0.112443
1 2 0.072324 0.636533 0.177623 0.000019 0.113501
1 2 0.020329 0.453066 0.214402 0.000541 0.311663
2 2 0.000968 0.335913 0.654108 0.000022 0.008990
2 2 0.000127 0.011237 0.987274 0.000679 0.000683
1 2 0.077211 0.455638 0.399448 0.000025 0.067678
0 2 0.740672 0.170367 0.041609 0.000013 0.047340
1 2 0.048679 0.564461 0.171369 0.000028 0.215463
1 2 0.162914 0.596706 0.149717 0.000011 0.090652
2 2 0.020398 0.067331 0.905647 0.002259 0.004366
2 2 0.017644 0.348441 0.444587 0.000102 0.189225
4 2 0.241565 0.331074 0.081833 0.000002 0.345526
1 2 0.089871 0.668466 0.147334 0.000003 0.094326
2 2 0.011571 0.408014 0.475146 0.000120 0.105150
0 2 0.681063 0.103570 0.033081 0.000082 0.182204
4 2 0.289171 0.094115 0.024974 0.000002 0.591738
2 2 0.002034 0.299914 0.614889 0.000690 0.082473
2 2 0.000070 0.017067 0.981182 0.000031 0.001650
2 2 0.030411 0.313266 0.579378 0.004959 0.071986
2 2 0.001607 0.047483 0.946202 0.002060 0.002648
2 2 0.000047 0.005233 0.990998 0.003429 0.000293
2 2 0.000855 0.012548 0.983896 0.002657 0.000044
1 2 0.032752 0.703625 0.165244 0.000003 0.098375
1 2 0.107749 0.605245 0.198664 0.000115 0.088228
0 2 0.644770 0.242582 0.068926 0.000304 0.043418
4 2 0.211754 0.162715 0.056300 0.000367 0.568864
2 2 0.009151 0.346120 0.624449 0.001208 0.019072
1 2 0.307580 0.473536 0.111714 0.000005 0.107164
0 2 0.630486 0.134936 0.041022 0.000038 0.193519
4 4 0.103181 0.318598 0.107491 0.000149 0.470581
2 4 0.000384 0.028146 0.966262 0.002751 0.002457
0 4 0.727503 0.190408 0.043133 0.000003 0.038953
0 4 0.621888 0.202614 0.081560 0.004680 0.089258
0 4 0.386793 0.276109 0.068018 0.000031 0.269048
1 4 0.171425 0.512667 0.171062 0.000098 0.144748
0 4 0.357363 0.338154 0.089499 0.000025 0.214959
2 4 0.004307 0.200375 0.780253 0.000474 0.014591
2 2 0.452720 0.069349 0.469108 0.000842 0.007981
1 2 0.297930 0.415104 0.155102 0.000480 0.131385
2 2 0.009010 0.254522 0.607017 0.003154 0.126296
2 2 0.064259 0.203878 0.716390 0.000350 0.015123
2 2 0.006795 0.079594 0.902252 0.005978 0.005381
2 2 0.000079 0.026216 0.971184 0.002226 0.000295
2 2 0.001356 0.048299 0.942049 0.007716 0.000579
2 2 0.057050 0.055488 0.831066 0.043926 0.012469
2 2 0.030400 0.450658 0.462836 0.000045 0.056061
2 2 0.002940 0.037915 0.954251 0.002655 0.002238
2 2 0.004027 0.034571 0.958720 0.001678 0.001003
2 2 0.000158 0.003825 0.993709 0.002298 0.000010
2 2 0.000000 0.000376 0.915377 0.084247 0.000000
2 2 0.000152 0.006838 0.984887 0.008106 0.000017
0 2 0.500137 0.189698 0.233285 0.001548 0.075331
1 2 0.200460 0.369086 0.134994 0.000137 0.295323
2 2 0.000018 0.002023 0.992804 0.005154 0.000002
0 2 0.706671 0.164656 0.054082 0.000062 0.074529
1 2 0.328502 0.425873 0.144166 0.000830 0.100630
0 2 0.339101 0.310400 0.106728 0.000588 0.243182
2 2 0.002658 0.345920 0.639749 0.000028 0.011645
2 2 0.007456 0.061010 0.910327 0.001906 0.019301
1 2 0.083531 0.651500 0.213918 0.000159 0.050891
0 2 0.978347 0.010941 0.003033 0.000084 0.007595
1 2 0.132026 0.543004 0.175795 0.000069 0.149105
2 2 0.027212 0.341050 0.556006 0.004778 0.070954
2 2 0.000099 0.020289 0.972079 0.007008 0.000524
2 2 0.001419 0.005834 0.992313 0.000312 0.000122
0 2 0.887413 0.071571 0.022187 0.000487 0.018343
0 2 0.956490 0.022431 0.006229 0.000219 0.014631
1 0 0.230067 0.549347 0.181026 0.001885 0.037675
1 0 0.185031 0.579820 0.184716 0.000170 0.050263
1 2 0.197288 0.531480 0.189792 0.000298 0.081142
2 2 0.011088 0.436063 0.489528 0.000459 0.062862
2 2 0.007001 0.123024 0.859244 0.000961 0.009769
2 2 0.000003 0.001039 0.998102 0.000855 0.000001
2 2 0.000294 0.014671 0.977836 0.006655 0.000544
2 2 0.000115 0.018084 0.979638 0.001784 0.000380
2 2 0.000004 0.001796 0.998073 0.000126 0.000002
2 2 0.015092 0.216093 0.757981 0.000744 0.010089
2 2 0.000002 0.000918 0.928017 0.071063 0.000001
2 2 0.000044 0.004828 0.992844 0.002150 0.000135
2 2 0.000005 0.000706 0.965879 0.033409 0.000001
2 2 0.000506 0.003624 0.988365 0.007487 0.000018
2 2 0.000112 0.005694 0.821475 0.172691 0.000028
3 2 0.000000 0.000006 0.051935 0.948059 0.000000
2 2 0.000032 0.004902 0.926242 0.068810 0.000013
2 2 0.000217 0.010376 0.972316 0.017050 0.000042
3 3 0.000000 0.000003 0.009951 0.990045 0.000000
3 3 0.000000 0.000064 0.414559 0.585377 0.000000
2 3 0.000005 0.003638 0.935088 0.061214 0.000055
3 3 0.000008 0.001184 0.072147 0.926650 0.000011
3 3 0.000000 0.000006 0.017237 0.982756 0.000000
2 3 0.000340 0.002838 0.611892 0.384882 0.000049
3 3 0.000050 0.000208 0.043463 0.956258 0.000021
3 3 0.000106 0.001430 0.043444 0.954931 0.000089
3 3 0.000133 0.000257 0.024115 0.975425 0.000070
3 3 0.000002 0.000237 0.029372 0.970383 0.000005
3 3 0.000000 0.000037 0.080901 0.919062 0.000000
3 3 0.000603 0.001105 0.013728 0.984213 0.000351
3 3 0.000018 0.000249 0.029359 0.970363 0.000011
3 3 0.016465 0.049397 0.377949 0.550205 0.005985
3 3 0.000000 0.000000 0.000701 0.999299 0.000000
3 3 0.000082 0.000869 0.022121 0.976854 0.000074
3 3 0.202564 0.036296 0.091351 0.644540 0.025250
0 3 0.671526 0.081893 0.233160 0.001226 0.012195
1 3 0.016496 0.536893 0.381792 0.000502 0.064318
2 3 0.048693 0.242285 0.678078 0.024551 0.006394
2 2 0.000552 0.025777 0.971370 0.000467 0.001835
2 2 0.000368 0.073329 0.922178 0.000732 0.003394
2 2 0.000271 0.005131 0.987274 0.007278 0.000046
2 2 0.018129 0.284773 0.690252 0.000042 0.006803
2 2 0.002724 0.080998 0.915416 0.000641 0.000221
2 2 0.000095 0.002514 0.994328 0.003038 0.000025
2 2 0.181057 0.346173 0.464227 0.000722 0.007820
2 2 0.001938 0.009651 0.986302 0.001939 0.000170
2 2 0.038261 0.288901 0.642570 0.000207 0.030062
2 2 0.000004 0.004440 0.988893 0.006604 0.000059
2 2 0.000033 0.002556 0.990220 0.007188 0.000004
2 2 0.003263 0.089920 0.876183 0.026839 0.003794
2 2 0.000288 0.009743 0.973308 0.016145 0.000515
2 2 0.000069 0.004064 0.994335 0.001367 0.000165
2 2 0.001219 0.021079 0.961552 0.015673 0.000477
2 2 0.000003 0.000482 0.998083 0.001428 0.000004
2 2 0.000181 0.030246 0.968324 0.000724 0.000525
2 2 0.211118 0.077517 0.701843 0.003824 0.005698
2 2 0.000005 0.003083 0.996085 0.000680 0.000148
2 2 0.000523 0.014693 0.981850 0.002601 0.000333
2 2 0.000002 0.000322 0.997451 0.002224 0.000001
2 2 0.000271 0.007248 0.985813 0.006613 0.000055
2 2 0.000297 0.014716 0.981063 0.003454 0.000470
2 2 0.000550 0.007683 0.747567 0.243999 0.000201
2 2 0.001114 0.014589 0.976240 0.007849 0.000207
2 2 0.000005 0.000515 0.776492 0.222986 0.000002
2 2 0.000055 0.001939 0.623215 0.374623 0.000168
3 2 0.000000 0.000079 0.065764 0.934156 0.000001
3 2 0.000214 0.001385 0.235911 0.762399 0.000091
3 3 0.000030 0.002114 0.164970 0.832698 0.000189
3 3 0.000169 0.000495 0.012991 0.986167 0.000178
3 3 0.000000 0.000018 0.041883 0.958098 0.000001
3 3 0.000099 0.008393 0.247432 0.743933 0.000142
3 3 0.000000 0.000001 0.003696 0.996303 0.000000
3 3 0.007636 0.003153 0.008897 0.976930 0.003384
3 3 0.001339 0.001948 0.012544 0.983218 0.000952
3 3 0.000138 0.000232 0.007990 0.991555 0.000085
3 3 0.000000 0.000018 0.009140 0.990841 0.000001
3 3 0.000025 0.000033 0.002534 0.997386 0.000021
3 3 0.000396 0.000437 0.009036 0.989911 0.000219
3 3 0.000187 0.001992 0.023628 0.973869 0.000324
3 3 0.000053 0.000167 0.008011 0.991703 0.000066
3 3 0.000279 0.000487 0.015852 0.982789 0.000593
3 3 0.000020 0.000024 0.001818 0.998127 0.000011
3 3 0.000005 0.000006 0.001036 0.998950 0.000003
3 3 0.000000 0.000000 0.000580 0.999419 0.000000
3 3 0.000000 0.000006 0.003355 0.996639 0.000000
3 3 0.000041 0.000053 0.000949 0.998931 0.000026
3 3 0.000556 0.000336 0.003857 0.994984 0.000266
3 3 0.000095 0.000157 0.007956 0.991712 0.000080
3 3 0.000000 0.000000 0.002322 0.997678 0.000000
3 3 0.000163 0.000155 0.004223 0.995372 0.000086
3 3 0.004000 0.000978 0.002485 0.990981 0.001557
3 3 0.002771 0.001750 0.007606 0.986488 0.001385
3 3 0.002460 0.006319 0.106890 0.883551 0.000779
3 3 0.021868 0.010530 0.476386 0.489067 0.002149
3 3 0.001253 0.005316 0.138468 0.854386 0.000577
2 3 0.003033 0.024426 0.782485 0.189402 0.000655
3 3 0.004524 0.016043 0.464586 0.513768 0.001078
3 3 0.000313 0.006449 0.246104 0.746896 0.000238
3 3 0.000000 0.000014 0.010393 0.989594 0.000000
3 3 0.000000 0.000012 0.025359 0.974629 0.000000
3 3 0.000049 0.000542 0.042917 0.956459 0.000033
3 3 0.000000 0.000008 0.008024 0.991968 0.000000
3 3 0.000034 0.000011 0.000265 0.999676 0.000014
3 3 0.000137 0.000349 0.007011 0.992404 0.000100
3 3 0.000000 0.000006 0.004002 0.995992 0.000000
3 3 0.000035 0.000086 0.001954 0.997898 0.000026
3 3 0.005977 0.003687 0.008637 0.978658 0.003041
3 3 0.000047 0.000202 0.007129 0.992564 0.000058
3 3 0.000003 0.000125 0.013051 0.986815 0.000005
3 3 0.000044 0.000177 0.013837 0.985907 0.000034
3 3 0.025478 0.037465 0.298410 0.631665 0.006982
3 3 0.000228 0.000349 0.012197 0.987094 0.000132
3 3 0.000040 0.000045 0.001473 0.998419 0.000023
3 3 0.000002 0.000010 0.001636 0.998350 0.000002
3 3 0.020062 0.002477 0.001895 0.968882 0.006684
3 3 0.000188 0.000370 0.003599 0.995711 0.000133
3 3 0.034910 0.009526 0.010151 0.931295 0.014118
3 3 0.007955 0.001484 0.002300 0.985349 0.002912
3 3 0.003936 0.001221 0.003722 0.989499 0.001622
3 3 0.035309 0.006708 0.005467 0.939348 0.013168
2 3 0.021637 0.039384 0.769556 0.164882 0.004541
3 3 0.037590 0.008613 0.026079 0.919829 0.007889
3 3 0.124084 0.033022 0.314050 0.518270 0.010574
3 3 0.004107 0.003771 0.014118 0.975981 0.002023
2 3 0.047474 0.053540 0.757143 0.136061 0.005782
3 3 0.000037 0.000161 0.095648 0.904144 0.000010
2 3 0.015556 0.035230 0.529436 0.414976 0.004803
2 3 0.070710 0.298221 0.626013 0.001337 0.003719
2 3 0.000155 0.011750 0.982800 0.005275 0.000020
2 3 0.002661 0.034223 0.801992 0.159151 0.001973
2 3 0.114653 0.207836 0.674283 0.000445 0.002783
0 2 0.493817 0.326091 0.166449 0.000225 0.013418
1 2 0.178056 0.470753 0.159100 0.000085 0.192007
2 2 0.005505 0.190538 0.796585 0.000988 0.006384
2 2 0.005702 0.139121 0.835562 0.000576 0.019039
4 2 0.021469 0.157548 0.320434 0.000061 0.500488
1 2 0.162711 0.417482 0.103390 0.000003 0.316414
4 2 0.015060 0.334340 0.114746 0.000011 0.535843
4 2 0.001185 0.231620 0.161609 0.000002 0.605583
4 2 0.004125 0.180222 0.189206 0.000006 0.626440
2 2 0.060317 0.194985 0.471066 0.000006 0.273627
4 2 0.017935 0.270252 0.094058 0.000010 0.617745
4 2 0.112618 0.358795 0.103341 0.000007 0.425239
4 2 0.267116 0.261818 0.196368 0.000023 0.274675
0 2 0.402182 0.355783 0.093457 0.000014 0.148564
1 0 0.407759 0.414872 0.102710 0.000034 0.074625
0 0 0.718477 0.189934 0.062160 0.001424 0.028004
4 0 0.052052 0.287784 0.073762 0.000001 0.586401
1 0 0.075581 0.439144 0.127706 0.000009 0.357561
4 2 0.004266 0.327259 0.314272 0.000025 0.354178
1 4 0.026668 0.512761 0.281964 0.000011 0.178595
4 4 0.138531 0.190926 0.143720 0.000153 0.526670
1 4 0.110492 0.461279 0.129830 0.000009 0.298389
0 4 0.691271 0.246012 0.044166 0.000001 0.018550
1 4 0.190065 0.608652 0.157323 0.000108 0.043852
1 4 0.047550 0.610425 0.169083 0.000002 0.172939
4 4 0.006241 0.167457 0.079334 0.000057 0.746911
4 4 0.173164 0.351839 0.114439 0.000084 0.360473
4 4 0.048878 0.162795 0.047115 0.000003 0.741208
1 4 0.044266 0.539874 0.203999 0.000007 0.211854
1 4 0.057105 0.446004 0.132226 0.000009 0.364656
1 4 0.054121 0.470549 0.284667 0.000048 0.190616
1 4 0.048537 0.456724 0.125456 0.000004 0.369279
4 4 0.003478 0.334561 0.310106 0.000023 0.351832
2 4 0.004503 0.180863 0.737142 0.000274 0.077218
2 4 0.014270 0.162798 0.745340 0.000238 0.077355
2 4 0.009336 0.384830 0.528017 0.000155 0.077663
2 4 0.000009 0.003728 0.995848 0.000035 0.000380
1 4 0.077437 0.533479 0.215587 0.000040 0.173457
2 4 0.000785 0.047436 0.950033 0.000113 0.001633
2 2 0.000082 0.008374 0.987234 0.000852 0.003458
2 2 0.009526 0.163549 0.816831 0.000183 0.009912
0 2 0.636581 0.228944 0.094641 0.000367 0.039467
0 2 0.532829 0.369884 0.065424 0.000001 0.031862
1 0 0.103062 0.531613 0.112660 0.000001 0.252664
1 0 0.149917 0.646475 0.112977 0.000000 0.090630
1 0 0.132662 0.417691 0.416581 0.000077 0.032989
2 0 0.004997 0.204606 0.775152 0.000140 0.015105
2 2 0.242471 0.214443 0.537603 0.000416 0.005067
0 2 0.757961 0.179132 0.044488 0.000012 0.018406
1 2 0.093743 0.448124 0.367962 0.000566 0.089605
1 2 0.121127 0.554805 0.227415 0.000045 0.096609
1 4 0.120316 0.485711 0.149366 0.000026 0.244581
2 4 0.054278 0.375003 0.524411 0.000061 0.046247
1 4 0.059224 0.671429 0.186864 0.000022 0.082462
1 4 0.228457 0.422501 0.256728 0.000218 0.092096
2 2 0.000098 0.052566 0.944323 0.000640 0.002374
2 2 0.005618 0.137376 0.840355 0.001286 0.015365
1 2 0.176864 0.491096 0.272608 0.000017 0.059415
1 2 0.006225 0.463438 0.444772 0.000351 0.085214
2 2 0.004546 0.128408 0.861973 0.000076 0.004997
2 2 0.005848 0.229471 0.749003 0.000107 0.015571
2 2 0.001922 0.115528 0.856948 0.000027 0.025575
2 2 0.000919 0.016157 0.981847 0.000469 0.000607
2 2 0.002434 0.080412 0.910092 0.000159 0.006903
2 2 0.063959 0.356647 0.563679 0.000145 0.015571
0 2 0.590093 0.330966 0.059221 0.000001 0.019719
1 2 0.106875 0.644481 0.199337 0.000102 0.049204
0 2 0.972796 0.018041 0.004016 0.000038 0.005109
1 2 0.137778 0.655344 0.182132 0.000066 0.024680
1 2 0.059912 0.478705 0.198322 0.000098 0.262963
2 2 0.002347 0.172480 0.789718 0.001307 0.034149
2 2 0.008147 0.258972 0.637665 0.002095 0.093122
2 2 0.000258 0.009315 0.987296 0.002869 0.000262
2 2 0.010231 0.064846 0.916039 0.002673 0.006211
2 2 0.008000 0.275813 0.582003 0.000021 0.134163
2 2 0.000458 0.024471 0.973199 0.000542 0.001329
2 2 0.000000 0.000048 0.999543 0.000409 0.000000
2 2 0.013149 0.286699 0.653096 0.001247 0.045809
2 2 0.000016 0.017441 0.982051 0.000118 0.000374
2 2 0.000000 0.000071 0.995535 0.004394 0.000000
2 2 0.000104 0.021246 0.977633 0.000244 0.000774
2 2 0.000153 0.008209 0.990823 0.000437 0.000378
2 2 0.000106 0.015638 0.971539 0.012520 0.000197
2 2 0.001051 0.059549 0.937000 0.000136 0.002265
2 2 0.000033 0.005214 0.993742 0.000900 0.000112
2 2 0.000022 0.004537 0.995094 0.000329 0.000019
2 2 0.001144 0.025441 0.971304 0.000621 0.001490
2 2 0.002463 0.092370 0.904781 0.000071 0.000315
1 2 0.078784 0.731448 0.184996 0.000070 0.004702
1 2 0.309911 0.408253 0.121382 0.000035 0.160419
1 2 0.100707 0.626403 0.167446 0.000015 0.105429
2 2 0.000581 0.027789 0.955348 0.012731 0.003551
2 2 0.000000 0.000420 0.997545 0.002034 0.000001
2 2 0.001214 0.039421 0.931681 0.027068 0.000615
2 2 0.000276 0.093892 0.901904 0.000201 0.003727
2 2 0.000216 0.044905 0.950624 0.000353 0.003902
2 2 0.000030 0.002251 0.985796 0.011886 0.000036
2 2 0.094246 0.153219 0.745021 0.000488 0.007027
1 2 0.157140 0.603804 0.141668 0.000011 0.097376
1 2 0.069534 0.642762 0.276950 0.000009 0.010745
0 2 0.574262 0.238936 0.071562 0.000028 0.115212
0 0 0.547446 0.346173 0.075203 0.000005 0.031174
0 0 0.726408 0.195502 0.064680 0.000005 0.013406
0 0 0.442484 0.419938 0.100219 0.000023 0.037337
1 0 0.224944 0.529095 0.149562 0.000035 0.096365
1 0 0.174623 0.458607 0.131476 0.000018 0.235276
1 2 0.276459 0.552108 0.127319 0.000009 0.044105
1 2 0.045499 0.548889 0.140718 0.000003 0.264891
1 0 0.267588 0.400954 0.123685 0.000002 0.207771
1 0 0.191721 0.518732 0.144966 0.000020 0.144561
1 4 0.116073 0.577056 0.160998 0.000018 0.145856
0 4 0.558412 0.238257 0.064231 0.000009 0.139091
0 4 0.768111 0.046921 0.015091 0.000293 0.169584
0 4 0.605476 0.300705 0.072438 0.000014 0.021366
1 4 0.118805 0.621679 0.138878 0.000003 0.120636
4 4 0.004296 0.360320 0.192741 0.000030 0.442613
1 4 0.337223 0.423835 0.078839 0.000000 0.160103
4 4 0.055083 0.401243 0.112259 0.000004 0.431411
1 4 0.028630 0.607546 0.185531 0.000021 0.178272
2 4 0.015698 0.308264 0.646197 0.000996 0.028845
1 4 0.061297 0.437640 0.114783 0.000003 0.386278
1 4 0.056333 0.497140 0.137737 0.000006 0.308784
2 4 0.000787 0.073832 0.903468 0.001329 0.020583
2 2 0.000847 0.114388 0.871087 0.000544 0.013134
2 2 0.016893 0.096885 0.877439 0.000289 0.008494
2 2 0.002396 0.053218 0.858757 0.082397 0.003233
2 2 0.003290 0.335879 0.653148 0.000146 0.007537
1 2 0.262002 0.433503 0.194041 0.000010 0.110444
2 2 0.000211 0.025122 0.973921 0.000311 0.000434
2 2 0.000836 0.076818 0.921080 0.000092 0.001174
2 2 0.000522 0.024156 0.974509 0.000301 0.000512
1 2 0.078775 0.367697 0.221808 0.001147 0.330573
1 2 0.003770 0.478473 0.460042 0.001933 0.055782
2 2 0.000152 0.049550 0.946323 0.000285 0.003690
2 2 0.009764 0.079882 0.907996 0.000457 0.001901
2 2 0.000001 0.000653 0.999295 0.000047 0.000003
2 2 0.001317 0.012192 0.986083 0.000339 0.000070
2 2 0.000017 0.016673 0.983003 0.000046 0.000261
2 2 0.039869 0.165259 0.719522 0.067665 0.007686
4 2 0.340226 0.248711 0.063565 0.000007 0.347491
0 2 0.435174 0.354078 0.187163 0.001308 0.022278
1 2 0.346268 0.514040 0.096381 0.000001 0.043309
1 2 0.190468 0.568261 0.137802 0.000007 0.103461
1 2 0.038012 0.492505 0.239678 0.000171 0.229635
2 2 0.000005 0.005320 0.993921 0.000652 0.000102
2 2 0.003436 0.011845 0.984513 0.000062 0.000144
2 2 0.013882 0.150545 0.812589 0.001312 0.021673
2 2 0.003037 0.071657 0.922630 0.001242 0.001433
2 2 0.000932 0.040345 0.957142 0.001398 0.000183
0 2 0.641330 0.271667 0.058687 0.000004 0.028312
2 2 0.000126 0.159859 0.836621 0.001403 0.001990
2 2 0.000007 0.001343 0.998329 0.000307 0.000014
2 2 0.000005 0.007161 0.991718 0.000950 0.000167
2 2 0.000150 0.014625 0.980382 0.004510 0.000333
2 2 0.000004 0.003519 0.996440 0.000017 0.000020
2 2 0.000278 0.041687 0.956566 0.000206 0.001263
2 2 0.002108 0.120464 0.854835 0.001285 0.021307
2 2 0.000018 0.023281 0.976320 0.000109 0.000273
2 2 0.000181 0.016809 0.981803 0.001069 0.000138
2 2 0.000012 0.002886 0.993037 0.004059 0.000005
2 2 0.000544 0.047218 0.951006 0.000241 0.000991
2 2 0.000000 0.000103 0.933618 0.066278 0.000000
2 2 0.000171 0.004611 0.979299 0.015782 0.000137
2 2 0.000000 0.000235 0.980545 0.019220 0.000000
2 2 0.000007 0.001613 0.992691 0.005688 0.000001
2 2 0.000114 0.008139 0.989664 0.002073 0.000009
2 2 0.007200 0.047191 0.940168 0.004607 0.000833
2 2 0.000324 0.007311 0.921432 0.070872 0.000061
2 2 0.000578 0.024822 0.931093 0.043350 0.000156
2 2 0.002430 0.030848 0.961135 0.000871 0.004716
2 2 0.000442 0.016147 0.965169 0.018039 0.000202
2 2 0.000000 0.000498 0.996736 0.002764 0.000002
2 2 0.000000 0.000003 0.869350 0.130648 0.000000
2 2 0.000026 0.003150 0.963482 0.033325 0.000016
2 2 0.001833 0.062115 0.924128 0.003462 0.008462
2 2 0.000002 0.000523 0.986641 0.012826 0.000008
2 2 0.000005 0.000976 0.753817 0.245079 0.000122
3 2 0.000071 0.000577 0.339857 0.659357 0.000138
2 2 0.001351 0.026192 0.960314 0.011660 0.000483
2 2 0.000000 0.000083 0.950839 0.049078 0.000000
3 2 0.000183 0.003677 0.386783 0.609273 0.000084
2 2 0.001098 0.017544 0.844980 0.135920 0.000458
3 2 0.000000 0.000004 0.237338 0.762658 0.000000
3 2 0.000002 0.000567 0.264795 0.734619 0.000017
2 2 0.000004 0.000756 0.903789 0.095429 0.000021
3 2 0.000000 0.000027 0.262480 0.737493 0.000000
3 2 0.000001 0.000051 0.022642 0.977305 0.000000
3 3 0.000009 0.000603 0.070277 0.929084 0.000027
2 3 0.000083 0.008877 0.660836 0.329790 0.000415
3 3 0.000981 0.014446 0.339275 0.644638 0.000660
2 3 0.000000 0.000062 0.504369 0.495569 0.000000
2 3 0.000000 0.000103 0.855201 0.144696 0.000000
2 3 0.000002 0.000510 0.595603 0.403881 0.000004
3 3 0.006383 0.005226 0.058904 0.926885 0.002603
3 3 0.000054 0.001464 0.093387 0.904991 0.000104
3 3 0.000002 0.000277 0.041260 0.958458 0.000003
3 3 0.000000 0.000003 0.006782 0.993215 0.000000
3 3 0.000643 0.007221 0.307888 0.682388 0.001861
3 3 0.000436 0.004567 0.203230 0.788818 0.002948
3 3 0.000006 0.000615 0.246594 0.752770 0.000016
3 3 0.000001 0.000270 0.170284 0.829442 0.000002
3 3 0.007685 0.016400 0.290331 0.681966 0.003618
3 3 0.001196 0.009905 0.238023 0.749511 0.001364
3 3 0.002992 0.007859 0.268618 0.718953 0.001577
2 3 0.005633 0.017266 0.567507 0.402345 0.007249
3 3 0.000022 0.000145 0.035942 0.963826 0.000065
3 3 0.000004 0.000015 0.005632 0.994340 0.000009
3 3 0.000065 0.000656 0.014965 0.984242 0.000072
3 3 0.004130 0.007716 0.076647 0.907989 0.003517
3 3 0.010697 0.008694 0.067931 0.904152 0.008527
3 3 0.007174 0.004016 0.014183 0.966341 0.008287
3 3 0.000494 0.000595 0.011390 0.985675 0.001846
3 3 0.000212 0.000217 0.005479 0.993927 0.000165
3 3 0.024431 0.011816 0.021833 0.918606 0.023314
3 3 0.001734 0.001034 0.007188 0.988960 0.001085
3 3 0.000001 0.000003 0.001156 0.998839 0.000001
3 3 0.000001 0.000007 0.002281 0.997708 0.000002
3 3 0.000000 0.000001 0.002457 0.997543 0.000000
3 3 0.030986 0.014437 0.023313 0.903421 0.027843
3 3 0.000000 0.000001 0.000993 0.999006 0.000000
3 3 0.000271 0.000406 0.022597 0.976607 0.000118
3 3 0.000030 0.000262 0.010815 0.988858 0.000035
3 3 0.000061 0.000022 0.000443 0.999449 0.000026
3 3 0.000013 0.000160 0.009772 0.990038 0.000017
3 3 0.000030 0.000249 0.029906 0.969694 0.000121
3 3 0.012392 0.007195 0.020686 0.949265 0.010462
3 3 0.007582 0.001970 0.003976 0.983466 0.003005
2 3 0.030247 0.072117 0.496722 0.394963 0.005950
0 3 0.832675 0.094100 0.045420 0.000362 0.027443
2 0 0.328642 0.244831 0.407279 0.002926 0.016322
1 0 0.153304 0.478055 0.328544 0.000283 0.039814
0 2 0.486964 0.378208 0.097327 0.000030 0.037472
1 2 0.067714 0.525599 0.236634 0.000029 0.170023
1 2 0.084039 0.441603 0.199200 0.000040 0.275117
1 2 0.204464 0.489481 0.121631 0.000005 0.184419
1 2 0.046935 0.492598 0.265696 0.000008 0.194763
4 2 0.023407 0.422073 0.120451 0.000002 0.434067
4 2 0.225534 0.269045 0.070197 0.000001 0.435224
1 4 0.037174 0.407609 0.163183 0.000016 0.392017
1 4 0.100037 0.423041 0.422411 0.000148 0.054362
1 4 0.020587 0.494665 0.356883 0.000014 0.127851
1 4 0.023494 0.474029 0.287220 0.000028 0.215229
1 4 0.154909 0.444321 0.084380 0.000000 0.316389
2 4 0.005375 0.288840 0.605775 0.000042 0.099968
0 4 0.370012 0.359377 0.167763 0.000056 0.102792
4 4 0.144167 0.370181 0.088051 0.000001 0.397599
1 4 0.029208 0.611195 0.144225 0.000002 0.215370
4 4 0.235353 0.036237 0.011263 0.000069 0.717078
4 4 0.052717 0.086888 0.025424 0.000005 0.834967
0 4 0.573212 0.287903 0.069110 0.000006 0.069769
0 4 0.351864 0.270040 0.068710 0.000003 0.309383
4 4 0.316648 0.208165 0.084106 0.000485 0.390597
4 4 0.106729 0.329018 0.110659 0.000024 0.453569
1 4 0.047373 0.592975 0.179964 0.000024 0.179665
1 4 0.018922 0.485224 0.081161 0.000000 0.414692
1 4 0.056260 0.457454 0.259496 0.000017 0.226773
0 4 0.814257 0.093015 0.055074 0.000109 0.037544
1 4 0.063744 0.613346 0.161059 0.000008 0.161845
4 4 0.031801 0.174467 0.041478 0.000000 0.752253
0 4 0.618894 0.122634 0.024163 0.000000 0.234309
4 4 0.029049 0.404392 0.127882 0.000010 0.438668
1 4 0.203933 0.419691 0.104980 0.000004 0.271393
4 4 0.065632 0.355924 0.073035 0.000000 0.505408
0 4 0.708590 0.052650 0.014348 0.000021 0.224391
4 4 0.005374 0.118847 0.042673 0.000004 0.833102
0 4 0.547722 0.084079 0.022156 0.000012 0.346031
4 4 0.280611 0.063766 0.022142 0.000157 0.633324
0 4 0.724443 0.151662 0.053802 0.000263 0.069830
4 4 0.317585 0.083670 0.030697 0.000718 0.567330
4 4 0.018968 0.376408 0.117647 0.000011 0.486966
4 4 0.086844 0.168086 0.052097 0.000027 0.692945
0 4 0.633084 0.176746 0.047601 0.000008 0.142561
4 4 0.122413 0.141645 0.040657 0.000014 0.695271
4 4 0.180540 0.306123 0.105337 0.000037 0.407963
0 4 0.407872 0.157924 0.052955 0.000058 0.381192
4 4 0.149972 0.103509 0.038314 0.000273 0.707932
0 4 0.513974 0.145301 0.040727 0.000023 0.299975
4 4 0.259747 0.065842 0.023870 0.001104 0.649437
4 4 0.189409 0.028463 0.006865 0.000002 0.775261
0 4 0.578771 0.093511 0.026690 0.000118 0.300911
1 4 0.045420 0.409943 0.158209 0.000088 0.386340
1 4 0.215110 0.423869 0.081802 0.000000 0.279219
4 4 0.379701 0.057730 0.017419 0.000041 0.545109
4 4 0.200237 0.251282 0.081479 0.000056 0.466947
4 4 0.084281 0.409118 0.090648 0.000001 0.415952
1 4 0.131568 0.568731 0.132966 0.000003 0.166732
1 4 0.233784 0.448217 0.107023 0.000003 0.210973
1 4 0.024185 0.511330 0.264095 0.000015 0.200375
1 4 0.026828 0.462444 0.231721 0.000005 0.279002
1 4 0.040032 0.569488 0.164208 0.000011 0.226261
1 4 0.014074 0.422335 0.412927 0.000035 0.150629
1 4 0.184087 0.540608 0.130123 0.000005 0.145178
4 4 0.026361 0.419711 0.094587 0.000000 0.459341
1 0 0.158536 0.611758 0.139679 0.000005 0.090023
1 1 0.096027 0.687203 0.150705 0.000002 0.066064
4 1 0.299521 0.285797 0.052737 0.000000 0.361945
0 1 0.477406 0.341939 0.056643 0.000000 0.124012
1 1 0.106643 0.644201 0.099894 0.000000 0.149262
1 1 0.065522 0.636523 0.129021 0.000001 0.168933
4 1 0.094956 0.402296 0.063006 0.000000 0.439742
4 1 0.116241 0.330095 0.080033 0.000001 0.473629
0 0 0.344524 0.326780 0.069061 0.000001 0.259635
1 0 0.358177 0.415440 0.104845 0.000009 0.121530
1 0 0.079349 0.605263 0.140064 0.000002 0.175322
1 0 0.014689 0.591405 0.124472 0.000000 0.269434
4 0 0.028614 0.285892 0.082906 0.000002 0.602585
1 0 0.204064 0.462288 0.107504 0.000002 0.226141
1 0 0.306831 0.455905 0.085301 0.000000 0.151963
0 0 0.696934 0.198962 0.044588 0.000002 0.059513
1 0 0.342431 0.457120 0.132177 0.000137 0.068135
0 0 0.750887 0.180380 0.036750 0.000001 0.031981
1 0 0.252788 0.599525 0.139931 0.000032 0.007725
1 0 0.209989 0.572059 0.116279 0.000001 0.101672
0 0 0.438096 0.371263 0.094654 0.000010 0.095977
1 0 0.012963 0.479403 0.131809 0.000003 0.375822
4 0 0.018459 0.242899 0.066955 0.000001 0.671686
1 1 0.017611 0.676287 0.169967 0.000004 0.136131
1 1 0.076301 0.540515 0.134980 0.000003 0.248201
1 1 0.159027 0.500640 0.115386 0.000002 0.224945
1 1 0.129719 0.400125 0.106820 0.000015 0.363320
1 0 0.109570 0.657079 0.121883 0.000001 0.111468
1 0 0.164324 0.506685 0.128075 0.000006 0.200910
0 0 0.418949 0.333548 0.087224 0.000008 0.160272
1 0 0.151678 0.589813 0.171978 0.000019 0.086512
2 0 0.103525 0.365125 0.436245 0.000067 0.095038
1 0 0.181038 0.513532 0.101208 0.000001 0.204222
1 1 0.224033 0.452126 0.131265 0.000021 0.192555
1 1 0.097137 0.448685 0.142897 0.000026 0.311255
4 1 0.075370 0.272079 0.076412 0.000003 0.576137
4 1 0.017329 0.289376 0.066451 0.000000 0.626844
1 1 0.063519 0.508496 0.154641 0.000018 0.273326
1 1 0.082709 0.542408 0.127782 0.000002 0.247099
4 1 0.021643 0.303662 0.175953 0.000006 0.498736
2 1 0.005199 0.286848 0.591071 0.000175 0.116706
1 1 0.160770 0.535250 0.142116 0.000011 0.161852
2 2 0.004441 0.239360 0.674989 0.000023 0.081188
1 2 0.041816 0.608912 0.311821 0.000002 0.037451
2 2 0.049656 0.227185 0.719622 0.000048 0.003488
2 2 0.019534 0.327968 0.426083 0.000023 0.226392
2 2 0.005169 0.127555 0.818556 0.000304 0.048416
2 2 0.019245 0.154965 0.823625 0.000240 0.001925
2 2 0.012986 0.408423 0.495149 0.000120 0.083323
2 2 0.032939 0.336648 0.598110 0.000190 0.032113
1 2 0.050322 0.639014 0.215335 0.000107 0.095223
0 2 0.539257 0.324077 0.084482 0.000014 0.052169
1 2 0.049400 0.520540 0.141329 0.000005 0.288725
1 2 0.268535 0.394172 0.200983 0.000020 0.136290
2 2 0.006186 0.171168 0.801103 0.000192 0.021351
2 2 0.000039 0.013015 0.985631 0.000363 0.000953
2 2 0.000017 0.010080 0.988987 0.000749 0.000168
2 2 0.000003 0.003043 0.996814 0.000053 0.000088
2 2 0.000663 0.048483 0.944229 0.000354 0.006270
2 2 0.000305 0.047754 0.947725 0.000013 0.004204
2 2 0.029790 0.307284 0.639652 0.000117 0.023157
2 2 0.000724 0.035260 0.963676 0.000102 0.000237
1 2 0.093417 0.600678 0.174562 0.000026 0.131317
1 2 0.056661 0.588652 0.254981 0.000038 0.099668
2 2 0.000063 0.014181 0.985163 0.000011 0.000581
2 2 0.008336 0.287704 0.551119 0.000609 0.152232
2 2 0.000136 0.012098 0.987599 0.000030 0.000137
0 2 0.447651 0.312306 0.177719 0.000115 0.062209
2 2 0.000016 0.006879 0.992894 0.000070 0.000140
2 2 0.000043 0.016294 0.982475 0.000311 0.000876
2 2 0.146791 0.103005 0.747102 0.000207 0.002896
1 2 0.392376 0.475237 0.104640 0.000007 0.027740
1 2 0.197809 0.547029 0.171143 0.000087 0.083933
2 2 0.000505 0.033841 0.962854 0.001162 0.001638
2 2 0.002760 0.166599 0.813640 0.000315 0.016686
2 2 0.000338 0.027168 0.967427 0.002056 0.003012
2 2 0.000551 0.023791 0.975029 0.000204 0.000425
2 2 0.000005 0.002405 0.996871 0.000715 0.000005
2 2 0.000011 0.003628 0.996076 0.000175 0.000111
2 2 0.000057 0.006820 0.992772 0.000285 0.000065
2 2 0.000165 0.117866 0.870432 0.000062 0.011475
2 2 0.000827 0.025273 0.965632 0.000299 0.007969
2 2 0.000348 0.023443 0.967831 0.007994 0.000384
2 2 0.000095 0.030831 0.962470 0.000279 0.006324
2 2 0.000341 0.052809 0.941383 0.002842 0.002624
2 2 0.000002 0.000281 0.989022 0.010695 0.000000
2 2 0.000007 0.004014 0.992244 0.003527 0.000209
2 2 0.001047 0.018031 0.975108 0.002983 0.002830
2 2 0.033110 0.193052 0.765846 0.000329 0.007664
2 2 0.000648 0.023338 0.969837 0.005330 0.000847
2 2 0.000110 0.011193 0.985099 0.003200 0.000398
2 2 0.000004 0.000657 0.992388 0.006942 0.000008
2 2 0.009266 0.131297 0.814950 0.033427 0.011060
2 2 0.000017 0.001316 0.995412 0.003250 0.000005
2 2 0.025529 0.056542 0.872091 0.043646 0.002191
2 2 0.009049 0.179624 0.796934 0.012728 0.001665
2 2 0.000788 0.020405 0.977840 0.000719 0.000247
2 2 0.000025 0.011417 0.987802 0.000145 0.000612
2 2 0.002594 0.129374 0.849285 0.000033 0.018714
2 2 0.001250 0.062976 0.932992 0.000049 0.002733
1 2 0.186486 0.654690 0.150740 0.000026 0.008058
1 2 0.083488 0.515116 0.119302 0.000002 0.282092
0 2 0.487314 0.358248 0.115995 0.000022 0.038421
2 2 0.006354 0.120086 0.870867 0.000309 0.002385
1 2 0.276048 0.442781 0.101722 0.000003 0.179445
1 4 0.057570 0.474215 0.362136 0.000974 0.105105
2 4 0.001672 0.204719 0.784324 0.000014 0.009272
0 4 0.488333 0.359097 0.088586 0.000075 0.063909
1 4 0.007966 0.496598 0.356934 0.000004 0.138499
2 4 0.000424 0.214553 0.688990 0.000529 0.095504
2 4 0.000099 0.014223 0.984672 0.000138 0.000867
2 2 0.000057 0.002904 0.994740 0.002246 0.000053
2 2 0.000001 0.000481 0.998991 0.000523 0.000003
2 2 0.000730 0.050250 0.941824 0.000361 0.006834
2 2 0.000461 0.026417 0.955771 0.000462 0.016888
2 2 0.000069 0.006000 0.993573 0.000121 0.000237
2 2 0.000001 0.000085 0.999603 0.000311 0.000000
2 2 0.000025 0.003729 0.995823 0.000351 0.000072
2 2 0.013252 0.051996 0.933553 0.000741 0.000458
2 2 0.000666 0.051227 0.946658 0.000536 0.000913
2 2 0.013785 0.346791 0.510294 0.000649 0.128481
2 2 0.000028 0.004071 0.995309 0.000544 0.000048
2 2 0.000552 0.024697 0.974339 0.000271 0.000142
2 2 0.000127 0.015590 0.983877 0.000257 0.000148
2 2 0.027525 0.105444 0.864721 0.001269 0.001040
2 2 0.014812 0.370011 0.544397 0.001516 0.069263
2 2 0.000000 0.000309 0.911721 0.087969 0.000002
2 2 0.000066 0.007898 0.991150 0.000847 0.000040
2 2 0.030062 0.081638 0.880285 0.000900 0.007115
0 2 0.867800 0.070251 0.020184 0.000093 0.041673
2 2 0.013532 0.382220 0.477052 0.000129 0.127067
2 2 0.000009 0.002496 0.992715 0.004719 0.000061
2 2 0.000042 0.017064 0.982151 0.000289 0.000453
2 2 0.038024 0.103493 0.849662 0.000656 0.008165
2 2 0.006496 0.045251 0.944825 0.000561 0.002867
0 2 0.752448 0.172932 0.044430 0.000095 0.030094
1 2 0.021296 0.508567 0.290384 0.000138 0.179615
2 2 0.000800 0.060288 0.922230 0.000485 0.016196
2 2 0.001501 0.080097 0.917521 0.000073 0.000807
2 2 0.001019 0.013963 0.971588 0.012939 0.000491
2 2 0.000875 0.075369 0.920757 0.000054 0.002944
2 2 0.000002 0.001889 0.998042 0.000061 0.000006
2 2 0.002218 0.073362 0.920147 0.001640 0.002634
2 2 0.000081 0.011359 0.988327 0.000177 0.000057
2 2 0.028435 0.089230 0.874722 0.002055 0.005558
2 2 0.013621 0.195554 0.784815 0.000402 0.005607
2 2 0.000023 0.007408 0.991540 0.000867 0.000162
2 2 0.000610 0.013758 0.984666 0.000130 0.000836
2 2 0.001425 0.016049 0.980858 0.001125 0.000543
2 2 0.000087 0.006182 0.992662 0.000205 0.000864
2 2 0.000075 0.010889 0.987214 0.001185 0.000637
2 2 0.000682 0.074115 0.921582 0.000166 0.003455
2 2 0.000044 0.003831 0.994043 0.001921 0.000160
1 2 0.051328 0.402060 0.182267 0.000183 0.364162
1 2 0.062168 0.409781 0.368701 0.000080 0.159270
2 2 0.001225 0.101642 0.884108 0.000458 0.012567
2 2 0.000041 0.007204 0.992461 0.000268 0.000026
1 2 0.113953 0.479401 0.222101 0.000034 0.184512
2 2 0.000065 0.017805 0.981311 0.000562 0.000258
2 2 0.000418 0.020335 0.977969 0.000198 0.001080
1 2 0.151866 0.532582 0.239490 0.000021 0.076040
2 2 0.000018 0.020119 0.979278 0.000122 0.000463
2 2 0.000013 0.002164 0.997216 0.000578 0.000029
2 2 0.090936 0.397290 0.460559 0.000741 0.050474
1 2 0.116126 0.620930 0.168750 0.000020 0.094174
2 2 0.008084 0.202273 0.784902 0.000062 0.004679
2 2 0.002775 0.021015 0.974113 0.000107 0.001991
1 2 0.022626 0.524172 0.375777 0.000011 0.077414
1 2 0.158930 0.585941 0.204090 0.000017 0.051022
2 2 0.012787 0.241235 0.526702 0.000147 0.219129
2 2 0.000008 0.004895 0.980016 0.014819 0.000262
2 2 0.000001 0.000671 0.980293 0.019014 0.000022
2 2 0.001838 0.112085 0.873523 0.000074 0.012480
2 2 0.026219 0.399332 0.474992 0.000220 0.099236
2 2 0.000648 0.016852 0.977652 0.003768 0.001080
2 2 0.001129 0.151430 0.829122 0.003659 0.014660
2 2 0.000283 0.047531 0.950286 0.000509 0.001391
2 2 0.003720 0.033639 0.959382 0.000082 0.003176
2 2 0.000192 0.024307 0.972136 0.002576 0.000789
2 2 0.003154 0.066597 0.928351 0.000334 0.001564
2 2 0.011929 0.117447 0.869356 0.000023 0.001245
2 2 0.055094 0.233201 0.699086 0.004722 0.007897
2 2 0.000678 0.017047 0.980667 0.000894 0.000715
2 2 0.001174 0.049730 0.935092 0.012588 0.001416
2 2 0.003947 0.123142 0.864700 0.001856 0.006354
2 2 0.000558 0.010275 0.988113 0.000938 0.000116
2 2 0.001179 0.039673 0.952216 0.004248 0.002685
2 2 0.000044 0.011194 0.988560 0.000138 0.000064
2 2 0.000280 0.017460 0.981308 0.000116 0.000837
2 2 0.261896 0.314850 0.324552 0.014530 0.084171
2 2 0.070725 0.049972 0.873143 0.004147 0.002013
2 2 0.002398 0.071333 0.922968 0.001284 0.002017
2 2 0.000334 0.014196 0.984786 0.000469 0.000215
2 2 0.000053 0.004349 0.993366 0.001925 0.000307
2 2 0.000219 0.004527 0.994925 0.000219 0.000109
2 2 0.041261 0.126250 0.831018 0.000285 0.001187
2 2 0.001518 0.039582 0.958060 0.000083 0.000757
2 2 0.004747 0.033615 0.958617 0.002087 0.000933
2 2 0.000119 0.011511 0.986446 0.001261 0.000663
2 2 0.000008 0.003352 0.995777 0.000837 0.000026
2 2 0.021248 0.301756 0.552754 0.000050 0.124191
2 2 0.001103 0.024852 0.970720 0.001976 0.001349
2 2 0.028493 0.071719 0.894292 0.002540 0.002957
1 2 0.149968 0.422825 0.226283 0.000313 0.200611
2 2 0.000387 0.022829 0.975960 0.000138 0.000686
2 2 0.000000 0.000432 0.997625 0.001939 0.000004
2 2 0.000362 0.016161 0.983062 0.000232 0.000182
2 2 0.000320 0.049437 0.949081 0.000501 0.000661
2 2 0.000017 0.003487 0.995161 0.001106 0.000229
0 2 0.356407 0.355280 0.247380 0.000547 0.040386
2 2 0.007992 0.118965 0.860825 0.001039 0.011179
1 2 0.010698 0.453525 0.445719 0.000412 0.089646
2 2 0.000000 0.000093 0.999695 0.000211 0.000001
2 2 0.000060 0.014826 0.984865 0.000117 0.000132
2 2 0.001521 0.026473 0.970865 0.000259 0.000881
1 2 0.120371 0.551909 0.097718 0.000000 0.230002
2 2 0.003336 0.308875 0.550904 0.000043 0.136843
2 2 0.000003 0.003640 0.995670 0.000598 0.000089
2 2 0.004079 0.206442 0.758333 0.000146 0.031001
2 2 0.044492 0.289193 0.593282 0.000097 0.072936
2 2 0.000015 0.010217 0.988672 0.000729 0.000367
2 2 0.000228 0.029349 0.969179 0.000029 0.001216
2 2 0.014838 0.247619 0.581491 0.000077 0.155975
2 2 0.000005 0.005843 0.993430 0.000635 0.000088
2 2 0.000003 0.002362 0.997112 0.000492 0.000030
2 2 0.000010 0.002762 0.996451 0.000775 0.000002
2 2 0.000798 0.095249 0.887699 0.000084 0.016171
2 2 0.110124 0.172286 0.707202 0.000861 0.009527
2 2 0.000568 0.012385 0.986378 0.000651 0.000018
2 2 0.006049 0.068203 0.915084 0.003295 0.007369
2 2 0.001985 0.032883 0.962240 0.000794 0.002097
2 2 0.000124 0.007353 0.987176 0.005209 0.000137
2 2 0.000164 0.006507 0.987785 0.005529 0.000015
2 2 0.000195 0.002851 0.984002 0.012893 0.000059
2 3 0.000761 0.002387 0.967915 0.028892 0.000045
2 3 0.000143 0.002534 0.894766 0.102416 0.000141
2 3 0.001491 0.037279 0.924188 0.035606 0.001436
