1 1 0.074907 0.350995 0.315188 0.000583 0.258326
4 1 0.034966 0.335508 0.147472 0.000432 0.481622
0 1 0.867802 0.080418 0.031621 0.000238 0.019921
0 0 0.917545 0.051434 0.012605 0.000087 0.018329
1 0 0.117993 0.577210 0.201281 0.004387 0.099129
4 1 0.056434 0.252874 0.084504 0.000083 0.606105
1 1 0.011315 0.351671 0.310744 0.001417 0.324852
4 1 0.135049 0.144682 0.049997 0.000112 0.670161
4 1 0.058185 0.080456 0.100678 0.000330 0.760352
1 1 0.007486 0.447970 0.317661 0.000286 0.226597
0 1 0.494804 0.220568 0.040412 0.001009 0.243208
4 1 0.024554 0.277644 0.153957 0.003923 0.539922
4 1 0.018154 0.253279 0.138558 0.001803 0.588206
2 1 0.006875 0.351722 0.396314 0.000095 0.244995
1 1 0.022012 0.416385 0.378806 0.000962 0.181834
2 1 0.089943 0.168352 0.600915 0.009732 0.131058
2 1 0.006912 0.171316 0.469997 0.000979 0.350796
4 1 0.076333 0.186666 0.358863 0.001507 0.376632
4 1 0.045666 0.296903 0.106987 0.000070 0.550373
2 1 0.006965 0.099107 0.521173 0.000720 0.372034
4 1 0.028088 0.163739 0.070915 0.001142 0.736116
2 1 0.009663 0.184426 0.558035 0.000185 0.247690
4 1 0.009521 0.318602 0.240982 0.000010 0.430885
1 1 0.062973 0.465100 0.190767 0.001805 0.279355
4 1 0.031018 0.313419 0.133642 0.000164 0.521757
4 1 0.137321 0.205542 0.091918 0.000257 0.564962
2 1 0.006895 0.261550 0.491594 0.001690 0.238271
1 1 0.042306 0.416155 0.271308 0.019589 0.250643
1 1 0.096757 0.330875 0.262569 0.010871 0.298927
2 1 0.028963 0.210797 0.642616 0.094624 0.023000
2 1 0.015518 0.357615 0.536142 0.012778 0.077948
2 1 0.003545 0.234349 0.553510 0.054102 0.154495
2 1 0.001856 0.060753 0.908435 0.024860 0.004096
1 1 0.036232 0.524494 0.333498 0.022610 0.083166
2 1 0.025300 0.383352 0.485279 0.020013 0.086056
0 1 0.579074 0.222216 0.157317 0.000312 0.041081
1 2 0.144295 0.649059 0.172052 0.000116 0.034478
0 2 0.959551 0.025898 0.006567 0.000012 0.007972
0 2 0.565240 0.316768 0.055759 0.000929 0.061304
1 2 0.224996 0.519682 0.147085 0.004399 0.103838
1 2 0.035160 0.642906 0.292484 0.001357 0.028093
2 2 0.001916 0.043542 0.905532 0.047756 0.001254
2 2 0.026112 0.279406 0.665407 0.019272 0.009804
2 2 0.000939 0.044805 0.943052 0.009997 0.001208
1 2 0.322922 0.404159 0.230179 0.003170 0.039570
0 2 0.761761 0.176817 0.031168 0.000042 0.030212
1 2 0.413544 0.461378 0.085147 0.000037 0.039894
0 2 0.955630 0.030411 0.001866 0.000001 0.012092
0 2 0.878626 0.082727 0.007745 0.000021 0.030881
0 2 0.447693 0.430999 0.075011 0.000084 0.046213
1 2 0.048305 0.483269 0.443692 0.004584 0.020150
0 2 0.739938 0.137198 0.101231 0.000616 0.021018
0 2 0.789570 0.163146 0.017305 0.000010 0.029970
1 2 0.250537 0.561107 0.128683 0.000171 0.059502
2 2 0.144580 0.352135 0.445859 0.004686 0.052740
0 2 0.600100 0.298502 0.048357 0.000299 0.052741
1 2 0.012508 0.595737 0.371413 0.003287 0.017056
1 2 0.185456 0.593747 0.167675 0.001504 0.051618
0 2 0.785460 0.095193 0.102895 0.001272 0.015179
0 2 0.637606 0.278746 0.038718 0.000045 0.044886
1 2 0.036472 0.536523 0.368161 0.008839 0.050004
2 2 0.082256 0.414816 0.466310 0.010401 0.026216
1 2 0.283305 0.556157 0.117438 0.000102 0.042997
0 2 0.575298 0.309417 0.048956 0.000148 0.066181
0 2 0.917090 0.058675 0.004652 0.000006 0.019576
0 2 0.446160 0.442887 0.071657 0.000022 0.039275
0 2 0.928443 0.054805 0.003590 0.000000 0.013162
2 2 0.221992 0.337008 0.415970 0.003238 0.021791
1 2 0.069198 0.576139 0.254795 0.023657 0.076212
2 2 0.007485 0.054760 0.922987 0.012618 0.002150
2 2 0.005391 0.024133 0.941463 0.028590 0.000424
0 2 0.478768 0.278967 0.190450 0.004705 0.047110
1 2 0.342027 0.398090 0.231765 0.000341 0.027778
0 2 0.949179 0.034663 0.002280 0.000002 0.013876
0 2 0.857479 0.103518 0.012260 0.000026 0.026716
0 2 0.929155 0.048914 0.003713 0.000006 0.018212
0 0 0.957196 0.023279 0.001459 0.000003 0.018063
0 0 0.972076 0.019322 0.000943 0.000000 0.007659
0 0 0.983808 0.009074 0.000369 0.000000 0.006749
0 0 0.909810 0.058693 0.015146 0.000081 0.016270
0 0 0.877546 0.068375 0.013363 0.000035 0.040682
0 0 0.963448 0.020443 0.011390 0.000011 0.004708
0 0 0.977934 0.014571 0.000668 0.000000 0.006827
0 0 0.486347 0.263889 0.051629 0.000055 0.198081
2 1 0.154836 0.227512 0.531148 0.004362 0.082143
1 1 0.143294 0.545940 0.157591 0.000263 0.152913
2 1 0.017144 0.234005 0.459853 0.002384 0.286614
4 1 0.010999 0.248485 0.215651 0.003414 0.521451
2 1 0.001213 0.276624 0.475023 0.000292 0.246848
4 1 0.011324 0.222634 0.269599 0.001787 0.494656
4 1 0.020767 0.145535 0.195948 0.000484 0.637267
2 1 0.003437 0.137059 0.655918 0.000087 0.203499
4 1 0.072603 0.285593 0.127349 0.000198 0.514257
4 1 0.086029 0.281375 0.128367 0.001998 0.502231
2 1 0.002985 0.131158 0.713462 0.002145 0.150249
4 1 0.067927 0.097707 0.044779 0.000907 0.788679
4 4 0.043863 0.055392 0.038553 0.000284 0.861908
2 4 0.010730 0.326370 0.362161 0.001603 0.299136
4 4 0.092764 0.053862 0.010663 0.000017 0.842695
4 4 0.110057 0.016324 0.002225 0.000004 0.871390
4 4 0.026066 0.055021 0.071453 0.000601 0.846858
4 4 0.026016 0.073518 0.049281 0.001614 0.849572
4 4 0.047532 0.162163 0.058666 0.000722 0.730916
4 4 0.040950 0.040098 0.010140 0.000053 0.908759
4 4 0.022975 0.167060 0.123891 0.001212 0.684862
4 4 0.124084 0.132740 0.239548 0.002648 0.500980
4 4 0.027948 0.135873 0.179520 0.002896 0.653764
0 4 0.279037 0.162941 0.274756 0.005932 0.277333
4 4 0.027213 0.255841 0.112456 0.000274 0.604215
4 4 0.028821 0.223561 0.218796 0.000375 0.528446
4 4 0.104146 0.193874 0.240023 0.004048 0.457909
4 4 0.063177 0.307855 0.235103 0.002538 0.391326
4 4 0.058535 0.237619 0.106366 0.003504 0.593976
2 4 0.010898 0.210723 0.484314 0.000819 0.293245
4 4 0.008170 0.117013 0.113210 0.003043 0.758564
1 4 0.025625 0.383967 0.309180 0.000272 0.280956
2 4 0.063048 0.283074 0.324498 0.019244 0.310136
4 4 0.007314 0.149939 0.359949 0.000893 0.481904
4 4 0.033245 0.123486 0.180798 0.000579 0.661891
4 4 0.043566 0.147478 0.062461 0.000093 0.746403
4 4 0.005389 0.218932 0.271326 0.000890 0.503463
2 4 0.020271 0.285791 0.357948 0.002340 0.333650
4 4 0.055064 0.107713 0.367875 0.005187 0.464161
4 4 0.005065 0.148578 0.100557 0.000380 0.745420
4 4 0.038428 0.089931 0.026080 0.000024 0.845536
4 4 0.033858 0.209651 0.084949 0.000380 0.671161
4 4 0.033527 0.159171 0.366668 0.009039 0.431595
0 4 0.490990 0.133764 0.348961 0.002154 0.024131
0 4 0.865475 0.103287 0.010865 0.000003 0.020370
1 4 0.363946 0.494670 0.095256 0.000107 0.046021
2 4 0.022539 0.202075 0.428119 0.006855 0.340412
2 4 0.014099 0.243216 0.578359 0.016853 0.147473
2 2 0.020925 0.276457 0.437754 0.001501 0.263363
4 2 0.023995 0.210483 0.290862 0.000807 0.473852
4 2 0.007314 0.177561 0.122498 0.000464 0.692163
4 2 0.032773 0.053512 0.349458 0.000499 0.563760
4 2 0.022520 0.153115 0.182036 0.000965 0.641365
4 2 0.038697 0.170345 0.365562 0.005070 0.420326
2 2 0.003516 0.193854 0.688433 0.001224 0.112973
2 2 0.021666 0.201853 0.639220 0.002273 0.134988
2 2 0.002628 0.117938 0.763715 0.034731 0.080989
4 2 0.041743 0.237720 0.269073 0.002330 0.449134
4 2 0.002644 0.170253 0.195090 0.000099 0.631915
2 2 0.001172 0.097747 0.713707 0.021095 0.166279
2 2 0.032186 0.347571 0.520096 0.002263 0.097884
2 2 0.000828 0.281082 0.586043 0.029917 0.102130
2 2 0.011093 0.357187 0.581145 0.005589 0.044986
2 2 0.012200 0.324368 0.515265 0.063197 0.084970
2 2 0.000490 0.023582 0.756869 0.205001 0.014058
2 2 0.008004 0.316484 0.376294 0.082782 0.216437
2 2 0.017262 0.078966 0.743989 0.033820 0.125963
3 2 0.000195 0.020904 0.469532 0.507594 0.001774
2 2 0.002636 0.030691 0.849488 0.100949 0.016236
2 2 0.012991 0.021541 0.792627 0.147418 0.025423
2 2 0.000801 0.014909 0.745652 0.235475 0.003163
2 2 0.004414 0.063382 0.779185 0.121810 0.031210
2 2 0.005241 0.041010 0.812614 0.124476 0.016659
2 2 0.003266 0.110320 0.666317 0.199236 0.020861
2 2 0.002671 0.026861 0.880712 0.077245 0.012510
3 2 0.000701 0.001551 0.328622 0.668830 0.000295
3 2 0.000304 0.001608 0.363171 0.634517 0.000400
3 2 0.001891 0.003311 0.098711 0.895348 0.000739
3 2 0.002709 0.002963 0.112274 0.879842 0.002212
3 2 0.000094 0.000217 0.065180 0.934410 0.000100
3 2 0.000284 0.000638 0.017913 0.980454 0.000712
3 2 0.000124 0.000930 0.015921 0.982435 0.000589
3 2 0.003281 0.010627 0.140574 0.839714 0.005804
3 2 0.001037 0.002846 0.032729 0.960953 0.002435
3 2 0.001629 0.004422 0.020201 0.967229 0.006518
3 3 0.000110 0.000196 0.004750 0.994814 0.000131
3 3 0.000000 0.000000 0.000039 0.999961 0.000000
3 3 0.003734 0.003919 0.143450 0.845018 0.003878
3 3 0.000006 0.000007 0.000993 0.998990 0.000004
3 3 0.000651 0.002624 0.026792 0.965846 0.004086
3 3 0.000006 0.000009 0.001632 0.998348 0.000005
3 3 0.000015 0.000048 0.001342 0.998559 0.000037
3 3 0.000116 0.000213 0.008125 0.991302 0.000243
3 3 0.000003 0.000010 0.000931 0.999044 0.000012
3 3 0.000605 0.001313 0.011865 0.985630 0.000586
3 3 0.000033 0.000037 0.002601 0.997313 0.000015
3 3 0.000586 0.000501 0.025257 0.973393 0.000262
3 3 0.000003 0.000007 0.000533 0.999452 0.000005
3 3 0.000302 0.000107 0.014955 0.984611 0.000025
3 3 0.000188 0.000331 0.006086 0.993253 0.000142
3 3 0.000171 0.000554 0.004384 0.994237 0.000654
3 3 0.000376 0.000620 0.008515 0.990207 0.000282
3 3 0.000004 0.000025 0.000533 0.999407 0.000032
3 3 0.000000 0.000001 0.000124 0.999874 0.000001
3 3 0.000005 0.000010 0.000754 0.999226 0.000006
3 3 0.000226 0.000387 0.006807 0.992418 0.000163
3 3 0.000615 0.002039 0.008984 0.987181 0.001181
3 3 0.000019 0.000060 0.001163 0.998708 0.000051
3 3 0.000073 0.000179 0.005004 0.994606 0.000138
3 3 0.000684 0.001220 0.007973 0.988943 0.001180
3 3 0.000521 0.000888 0.018329 0.979752 0.000511
3 3 0.000034 0.000203 0.003618 0.995829 0.000316
3 3 0.000062 0.000180 0.003302 0.996336 0.000120
3 3 0.000000 0.000002 0.000021 0.999973 0.000005
3 3 0.000021 0.000054 0.001504 0.998388 0.000033
3 3 0.000018 0.000038 0.001470 0.998453 0.000021
3 3 0.000019 0.000018 0.003736 0.996222 0.000005
3 3 0.000093 0.000386 0.002814 0.996357 0.000351
3 3 0.000144 0.000145 0.006502 0.993157 0.000053
3 3 0.000339 0.001517 0.009284 0.986675 0.002185
3 3 0.000001 0.000001 0.000185 0.999812 0.000001
3 3 0.001951 0.006377 0.023933 0.961615 0.006124
3 3 0.000311 0.000262 0.010762 0.988581 0.000083
3 3 0.000018 0.000072 0.001067 0.998779 0.000065
3 3 0.000191 0.000545 0.003732 0.995020 0.000512
3 3 0.003070 0.003980 0.056772 0.932885 0.003293
3 3 0.002015 0.002525 0.021738 0.972641 0.001081
3 3 0.000056 0.000117 0.002512 0.997224 0.000090
3 3 0.001643 0.003308 0.011392 0.980319 0.003338
3 3 0.001270 0.002943 0.025865 0.966836 0.003086
3 3 0.000002 0.000006 0.000379 0.999608 0.000005
3 3 0.000003 0.000020 0.000300 0.999652 0.000025
3 3 0.000031 0.000041 0.002453 0.997456 0.000019
3 3 0.001118 0.000935 0.015922 0.981595 0.000430
3 3 0.000002 0.000013 0.000186 0.999778 0.000022
3 3 0.000003 0.000016 0.000436 0.999531 0.000014
3 3 0.000007 0.000019 0.001725 0.998226 0.000023
3 3 0.000069 0.000081 0.005587 0.994207 0.000056
3 3 0.000063 0.000158 0.002562 0.997094 0.000123
3 3 0.000076 0.000562 0.001777 0.996860 0.000725
3 3 0.000000 0.000000 0.000069 0.999931 0.000000
3 3 0.000084 0.000106 0.003932 0.995753 0.000126
3 3 0.000000 0.000003 0.000092 0.999900 0.000005
3 3 0.000007 0.000065 0.002910 0.996766 0.000251
3 3 0.000069 0.000128 0.010134 0.989637 0.000033
3 3 0.001040 0.001166 0.012357 0.984694 0.000744
3 3 0.000028 0.000059 0.001398 0.998460 0.000055
3 3 0.000009 0.000014 0.001114 0.998854 0.000008
3 3 0.000008 0.000011 0.001728 0.998245 0.000008
3 3 0.000184 0.000351 0.003484 0.995599 0.000382
3 3 0.000043 0.000169 0.001157 0.998336 0.000294
3 3 0.000012 0.000007 0.001764 0.998215 0.000002
3 3 0.000129 0.001345 0.002021 0.994446 0.002060
3 3 0.000047 0.000202 0.002058 0.997554 0.000139
3 3 0.000078 0.000156 0.003526 0.996163 0.000076
3 3 0.000043 0.000180 0.001116 0.998328 0.000332
3 3 0.000102 0.000076 0.010809 0.988965 0.000048
3 3 0.000092 0.000086 0.006133 0.993661 0.000028
3 3 0.000299 0.000601 0.060750 0.938256 0.000095
3 3 0.124477 0.016547 0.381031 0.475434 0.002511
3 3 0.000124 0.000327 0.012649 0.986821 0.000079
3 3 0.000630 0.003984 0.412772 0.582470 0.000143
3 3 0.003532 0.003024 0.110774 0.882222 0.000448
3 3 0.005415 0.027920 0.172015 0.790752 0.003897
2 3 0.039947 0.173424 0.644467 0.131910 0.010252
3 3 0.016743 0.004995 0.433601 0.544267 0.000395
2 3 0.042772 0.085297 0.522533 0.340386 0.009012
2 3 0.037531 0.026119 0.680442 0.253605 0.002303
2 3 0.018886 0.011201 0.545968 0.423209 0.000736
2 3 0.012963 0.026143 0.514898 0.444150 0.001846
2 3 0.056918 0.006284 0.476152 0.459650 0.000995
3 3 0.004060 0.006556 0.376525 0.612484 0.000375
3 3 0.039469 0.016760 0.178318 0.755662 0.009791
3 3 0.005200 0.002186 0.166235 0.826173 0.000206
0 3 0.644450 0.059026 0.237378 0.048933 0.010214
3 3 0.046500 0.030622 0.357279 0.556405 0.009194
0 3 0.537842 0.191137 0.242186 0.005851 0.022983
2 3 0.262113 0.170047 0.390347 0.145525 0.031968
2 3 0.113467 0.171455 0.634291 0.068596 0.012191
3 3 0.000195 0.002098 0.318890 0.678750 0.000067
2 3 0.002673 0.182540 0.470053 0.333937 0.010796
2 3 0.021444 0.030364 0.790258 0.156204 0.001730
0 2 0.557263 0.231931 0.182959 0.001505 0.026342
1 2 0.161835 0.490042 0.305835 0.003272 0.039016
2 2 0.070143 0.340597 0.358138 0.103581 0.127542
2 2 0.016145 0.159895 0.707310 0.075655 0.040995
2 2 0.002455 0.090360 0.615400 0.207940 0.083845
2 2 0.005056 0.230155 0.565444 0.011024 0.188321
4 2 0.005829 0.323079 0.288918 0.023024 0.359150
2 2 0.013466 0.228386 0.580997 0.022050 0.155101
2 2 0.002752 0.120899 0.621300 0.004676 0.250373
2 2 0.002571 0.064423 0.532294 0.335011 0.065701
4 2 0.003666 0.137687 0.396813 0.012028 0.449805
2 2 0.007934 0.052540 0.832437 0.006614 0.100476
4 2 0.016618 0.059288 0.445634 0.007598 0.470862
2 2 0.001680 0.125990 0.780887 0.026693 0.064750
2 2 0.001924 0.345434 0.428061 0.028038 0.196544
2 2 0.005741 0.278354 0.388849 0.001941 0.325115
2 2 0.004464 0.041925 0.789476 0.028436 0.135699
2 2 0.005739 0.229092 0.676371 0.002997 0.085802
2 2 0.014259 0.179939 0.415601 0.030779 0.359421
4 2 0.007873 0.065095 0.329726 0.009809 0.587497
2 2 0.002822 0.261969 0.474470 0.004108 0.256632
4 2 0.011244 0.170181 0.319284 0.004332 0.494959
4 2 0.009067 0.211573 0.133997 0.000979 0.644384
2 2 0.000502 0.127489 0.807410 0.031895 0.032705
2 2 0.015888 0.119707 0.456439 0.005040 0.402926
2 2 0.004705 0.123853 0.739308 0.009798 0.122336
4 2 0.003330 0.285429 0.248010 0.000573 0.462658
4 2 0.003834 0.229197 0.188414 0.000816 0.577739
4 1 0.050405 0.309222 0.272592 0.001734 0.366048
2 1 0.002314 0.141029 0.691984 0.001674 0.163000
4 1 0.027113 0.217490 0.291505 0.025246 0.438647
4 1 0.003873 0.289541 0.266934 0.004805 0.434848
1 1 0.043306 0.361827 0.325992 0.004845 0.264030
2 1 0.139384 0.311979 0.422964 0.004188 0.121484
1 1 0.086472 0.660257 0.217383 0.000357 0.035531
2 1 0.003213 0.386968 0.570043 0.010362 0.029414
2 1 0.001978 0.024346 0.816247 0.156167 0.001262
2 1 0.001052 0.197393 0.761797 0.034650 0.005108
2 1 0.008628 0.242637 0.693922 0.033961 0.020851
1 1 0.137365 0.561528 0.236712 0.010373 0.054022
1 2 0.005326 0.496120 0.440755 0.033512 0.024287
2 2 0.000919 0.009844 0.794827 0.194134 0.000276
2 2 0.001459 0.063609 0.925880 0.006658 0.002395
2 2 0.086433 0.290125 0.600413 0.008748 0.014281
2 2 0.026640 0.202572 0.758754 0.005788 0.006245
1 2 0.006649 0.519141 0.435916 0.015849 0.022445
2 2 0.165933 0.148857 0.470916 0.194688 0.019607
2 2 0.020949 0.096416 0.866108 0.000683 0.015843
1 2 0.102025 0.435473 0.395292 0.007067 0.060143
0 2 0.635777 0.276456 0.040572 0.000123 0.047072
1 2 0.252490 0.429923 0.290880 0.000528 0.026179
2 2 0.011575 0.283771 0.686517 0.011223 0.006914
2 2 0.000886 0.017692 0.764574 0.216410 0.000438
3 2 0.000483 0.017749 0.459161 0.521454 0.001154
2 2 0.000550 0.008164 0.948713 0.042438 0.000135
2 2 0.020957 0.061730 0.873556 0.041879 0.001879
2 2 0.065527 0.157357 0.757142 0.005437 0.014538
1 2 0.125605 0.632445 0.196747 0.000961 0.044242
2 2 0.200054 0.183677 0.582420 0.020762 0.013088
1 2 0.122224 0.558847 0.192320 0.003498 0.123111
2 2 0.009381 0.450868 0.523611 0.005212 0.010928
2 2 0.027160 0.135006 0.625425 0.202305 0.010104
2 2 0.094258 0.379217 0.475748 0.026220 0.024557
2 2 0.002182 0.037324 0.861083 0.098668 0.000742
2 2 0.000120 0.001556 0.970616 0.027700 0.000008
0 2 0.385244 0.314532 0.247184 0.000245 0.052794
0 2 0.576603 0.161424 0.238628 0.004369 0.018976
2 2 0.030796 0.083855 0.672341 0.207360 0.005648
2 2 0.000866 0.025331 0.952214 0.021308 0.000281
1 2 0.162754 0.403276 0.401635 0.005774 0.026562
2 2 0.001063 0.011014 0.978141 0.009688 0.000094
2 2 0.042660 0.038191 0.793328 0.124043 0.001778
2 2 0.043536 0.160699 0.784398 0.006405 0.004963
1 2 0.308803 0.357610 0.301782 0.002635 0.029170
2 2 0.005283 0.021599 0.868574 0.103028 0.001517
2 2 0.007998 0.037841 0.945960 0.004917 0.003285
2 2 0.043176 0.060708 0.769277 0.102454 0.024385
2 2 0.124291 0.117688 0.709129 0.034965 0.013927
2 2 0.021298 0.068769 0.828273 0.077397 0.004263
2 2 0.045253 0.450093 0.488128 0.001647 0.014879
0 2 0.768992 0.154885 0.038204 0.000698 0.037221
1 2 0.013101 0.515059 0.455608 0.002990 0.013242
2 2 0.014209 0.185702 0.763194 0.031085 0.005810
2 2 0.026252 0.166023 0.786323 0.016321 0.005081
1 2 0.182748 0.579982 0.164960 0.001335 0.070974
2 2 0.031119 0.384983 0.547242 0.019938 0.016717
1 2 0.015643 0.551648 0.354765 0.007232 0.070711
1 2 0.133618 0.621413 0.195136 0.001600 0.048233
2 2 0.121047 0.314503 0.540504 0.007212 0.016735
0 2 0.709408 0.176253 0.087619 0.000527 0.026192
1 2 0.041095 0.638260 0.288013 0.002757 0.029875
1 2 0.202716 0.626244 0.137979 0.000029 0.033033
0 2 0.866360 0.097478 0.009278 0.000016 0.026868
1 2 0.080185 0.508663 0.357545 0.018946 0.034661
2 2 0.038536 0.207691 0.668903 0.068875 0.015995
1 2 0.405173 0.474686 0.080709 0.000025 0.039407
1 2 0.076578 0.595119 0.219402 0.000766 0.108135
0 2 0.702747 0.179330 0.054022 0.000059 0.063843
0 2 0.987336 0.006991 0.000257 0.000000 0.005415
0 1 0.714990 0.227881 0.025993 0.000006 0.031130
1 1 0.411423 0.449377 0.086470 0.000265 0.052466
1 4 0.047201 0.486676 0.442558 0.001091 0.022475
1 4 0.142255 0.551970 0.187629 0.007645 0.110502
2 4 0.010705 0.312782 0.513875 0.015155 0.147482
2 4 0.002437 0.266937 0.508065 0.003044 0.219517
2 4 0.006998 0.213605 0.404928 0.008747 0.365722
2 4 0.001218 0.368860 0.468328 0.003026 0.158567
2 4 0.001066 0.149017 0.634336 0.000042 0.215539
2 4 0.027659 0.219941 0.529342 0.010900 0.212158
1 4 0.037892 0.435970 0.323180 0.003518 0.199440
1 4 0.033195 0.452495 0.231994 0.004134 0.278181
1 4 0.035805 0.441339 0.214696 0.002306 0.305853
4 4 0.012588 0.228557 0.165688 0.000323 0.592843
1 4 0.095884 0.376643 0.363695 0.007806 0.155972
4 4 0.064674 0.289230 0.100885 0.000242 0.544969
0 4 0.853667 0.094842 0.008050 0.000001 0.043440
1 4 0.046347 0.447380 0.372018 0.059539 0.074716
4 4 0.069861 0.215816 0.074837 0.001143 0.638343
4 4 0.017651 0.069749 0.154116 0.002682 0.755802
4 4 0.010891 0.097694 0.122415 0.003156 0.765843
2 4 0.001996 0.212513 0.647816 0.056673 0.081003
4 4 0.146662 0.094982 0.023860 0.000172 0.734324
4 4 0.168232 0.313567 0.088285 0.001227 0.428688
4 4 0.043856 0.135096 0.046248 0.000305 0.774495
4 4 0.151579 0.031852 0.006519 0.000019 0.810030
1 4 0.164953 0.332725 0.209143 0.003737 0.289442
1 4 0.016447 0.384932 0.268572 0.000969 0.329080
4 4 0.037115 0.097107 0.034177 0.000669 0.830932
2 4 0.004175 0.212483 0.639527 0.006019 0.137796
4 4 0.081129 0.124409 0.033160 0.000116 0.761185
4 4 0.376882 0.164904 0.027516 0.000005 0.430693
2 4 0.003275 0.167894 0.460570 0.038339 0.329922
4 4 0.027500 0.245595 0.112879 0.000800 0.613227
2 4 0.007560 0.144342 0.667541 0.026251 0.154306
2 4 0.016187 0.299039 0.452449 0.002291 0.230033
4 4 0.048997 0.183777 0.161293 0.001539 0.604395
4 4 0.044714 0.052536 0.015334 0.000511 0.886905
2 4 0.008120 0.229332 0.507392 0.013333 0.241823
2 4 0.000882 0.139466 0.729954 0.003654 0.126043
4 4 0.048745 0.327031 0.234170 0.002015 0.388038
4 4 0.030836 0.092283 0.075469 0.004892 0.796520
4 4 0.026456 0.137187 0.276315 0.002443 0.557600
2 4 0.004901 0.264558 0.484777 0.023906 0.221858
2 4 0.138123 0.126374 0.551871 0.015619 0.168014
2 4 0.003345 0.228457 0.506833 0.037720 0.223645
1 4 0.021203 0.450216 0.307896 0.008399 0.212286
4 4 0.007536 0.268689 0.350284 0.004260 0.369232
4 4 0.010488 0.243486 0.270823 0.000581 0.474622
2 4 0.000455 0.030007 0.697234 0.003445 0.268860
2 4 0.003729 0.224280 0.584869 0.050757 0.136365
2 4 0.001152 0.156256 0.589961 0.005532 0.247100
2 4 0.004109 0.241409 0.562447 0.006380 0.185656
2 2 0.001716 0.157460 0.571594 0.112043 0.157186
2 2 0.006211 0.255589 0.508511 0.001442 0.228247
2 2 0.000541 0.065726 0.870072 0.016640 0.047020
2 2 0.006689 0.222326 0.544428 0.001039 0.225519
0 2 0.428407 0.179684 0.029306 0.000062 0.362542
1 2 0.053011 0.469984 0.339911 0.009249 0.127845
1 2 0.033774 0.633401 0.302639 0.003004 0.027182
2 2 0.003631 0.185528 0.721805 0.038733 0.050304
2 2 0.041706 0.417764 0.427347 0.004275 0.108907
0 2 0.657909 0.219696 0.027112 0.000006 0.095277
0 2 0.468857 0.389414 0.076694 0.001212 0.063822
1 2 0.042570 0.631866 0.287505 0.003643 0.034415
1 2 0.061775 0.637835 0.257618 0.002518 0.040254
2 2 0.018155 0.202067 0.768765 0.006196 0.004817
2 2 0.015439 0.394906 0.440977 0.064461 0.084217
2 2 0.011578 0.058547 0.875330 0.052130 0.002414
2 2 0.004740 0.041051 0.948121 0.005429 0.000658
2 2 0.003355 0.071160 0.900734 0.021606 0.003145
2 2 0.000981 0.007241 0.955556 0.036108 0.000114
2 2 0.026925 0.261925 0.666816 0.012087 0.032247
2 2 0.037728 0.117736 0.809401 0.030789 0.004345
2 2 0.002934 0.043452 0.947564 0.003672 0.002378
2 2 0.027348 0.020281 0.858988 0.092645 0.000739
0 2 0.624587 0.263122 0.064810 0.000074 0.047407
1 2 0.075536 0.473668 0.323428 0.006486 0.120882
2 2 0.166091 0.115962 0.704988 0.007191 0.005768
1 2 0.382388 0.489852 0.087011 0.000036 0.040714
1 2 0.007538 0.500746 0.412516 0.021931 0.057270
2 2 0.003887 0.046418 0.662097 0.280437 0.007162
2 2 0.002106 0.059254 0.912125 0.024110 0.002405
1 2 0.092747 0.528288 0.319987 0.005715 0.053264
2 2 0.028340 0.201324 0.676099 0.025347 0.068890
2 2 0.022164 0.092147 0.813182 0.039859 0.032647
2 2 0.000233 0.001482 0.973908 0.024241 0.000136
2 2 0.007101 0.175509 0.717524 0.012490 0.087376
2 2 0.000407 0.003051 0.956151 0.040236 0.000157
2 2 0.000169 0.004827 0.961819 0.032840 0.000345
2 2 0.004762 0.010986 0.944482 0.039327 0.000443
2 2 0.345600 0.126274 0.498098 0.012246 0.017781
0 2 0.492685 0.384078 0.068605 0.000310 0.054322
2 2 0.083506 0.365817 0.530277 0.004226 0.016175
1 2 0.124539 0.436926 0.418493 0.000845 0.019197
2 2 0.004531 0.020664 0.840207 0.133859 0.000739
1 2 0.236572 0.393070 0.334959 0.004652 0.030745
2 2 0.036362 0.073280 0.847568 0.040000 0.002790
2 2 0.113888 0.238964 0.630903 0.005332 0.010913
2 2 0.004897 0.224064 0.766780 0.001425 0.002833
0 2 0.831652 0.106490 0.011251 0.000034 0.050574
0 2 0.969092 0.021610 0.001093 0.000000 0.008206
1 2 0.092082 0.651892 0.219201 0.000778 0.036047
1 2 0.104922 0.646666 0.209492 0.000785 0.038135
2 2 0.008193 0.093217 0.876927 0.019758 0.001904
2 2 0.069706 0.350250 0.547143 0.015266 0.017635
2 2 0.003542 0.053893 0.929815 0.012001 0.000748
2 2 0.006215 0.013304 0.912296 0.067750 0.000435
0 2 0.493274 0.080759 0.409711 0.008727 0.007529
2 2 0.005233 0.051501 0.933613 0.004922 0.004731
2 2 0.011874 0.027634 0.945544 0.014001 0.000946
2 2 0.020299 0.067710 0.842581 0.065331 0.004079
2 2 0.019062 0.011276 0.827651 0.141489 0.000522
2 2 0.000457 0.002310 0.644486 0.352651 0.000096
2 2 0.000277 0.007384 0.950413 0.041846 0.000081
2 2 0.011537 0.018710 0.687975 0.279792 0.001985
2 2 0.009079 0.020071 0.948466 0.021916 0.000468
2 2 0.216391 0.099491 0.634287 0.041134 0.008697
2 2 0.000920 0.008573 0.893146 0.097229 0.000132
0 2 0.857727 0.016024 0.116778 0.006462 0.003009
0 2 0.837826 0.117449 0.014382 0.000044 0.030299
1 2 0.077504 0.662074 0.227450 0.000463 0.032509
0 2 0.469361 0.412042 0.070950 0.000103 0.047544
0 2 0.918536 0.058916 0.004432 0.000002 0.018114
0 2 0.547622 0.262115 0.152648 0.002453 0.035162
0 0 0.818137 0.132524 0.014699 0.000052 0.034589
0 0 0.870210 0.094000 0.008599 0.000009 0.027182
0 0 0.932329 0.040639 0.003134 0.000013 0.023885
0 0 0.939095 0.029930 0.002152 0.000010 0.028812
0 0 0.947849 0.036248 0.002361 0.000002 0.013541
1 0 0.160634 0.635020 0.166477 0.000172 0.037697
0 1 0.819427 0.131404 0.014556 0.000053 0.034560
1 1 0.104290 0.664529 0.199052 0.000185 0.031945
1 1 0.350307 0.403060 0.109825 0.000556 0.136252
0 1 0.907760 0.059260 0.005194 0.000027 0.027758
0 1 0.936060 0.043189 0.014239 0.000001 0.006511
1 1 0.252148 0.568957 0.123637 0.000065 0.055194
0 0 0.957155 0.010165 0.030937 0.000041 0.001701
0 0 0.960064 0.027839 0.001594 0.000000 0.010502
0 0 0.983128 0.009156 0.000368 0.000000 0.007348
0 0 0.852528 0.106065 0.010417 0.000017 0.030973
0 0 0.589275 0.287802 0.056445 0.000197 0.066282
1 0 0.297860 0.448060 0.097302 0.000146 0.156632
1 0 0.208326 0.545313 0.216494 0.000143 0.029725
1 1 0.333096 0.499427 0.110339 0.000691 0.056448
1 1 0.155979 0.544590 0.169180 0.002113 0.128137
1 1 0.009594 0.488881 0.339591 0.001374 0.160559
2 1 0.014901 0.210524 0.483954 0.007449 0.283172
1 1 0.004559 0.357049 0.321406 0.005143 0.311843
2 1 0.008114 0.165581 0.509346 0.006825 0.310134
4 4 0.132386 0.154959 0.226519 0.005634 0.480501
4 4 0.046519 0.096405 0.031781 0.000707 0.824589
4 4 0.137584 0.102527 0.023079 0.000198 0.736612
4 4 0.033550 0.195787 0.073672 0.000091 0.696900
4 4 0.029845 0.141034 0.083936 0.002182 0.743003
4 4 0.176582 0.116793 0.020849 0.000006 0.685769
4 4 0.006752 0.225489 0.368928 0.003571 0.395259
1 4 0.025893 0.356701 0.320125 0.002600 0.294681
4 4 0.052881 0.132697 0.122890 0.000520 0.691012
4 4 0.052331 0.042004 0.013130 0.000064 0.892471
4 4 0.065339 0.082949 0.022999 0.000299 0.828414
4 4 0.247068 0.143113 0.097460 0.001449 0.510909
2 4 0.006133 0.099812 0.555842 0.011171 0.327042
4 4 0.064128 0.108372 0.047282 0.000290 0.779927
4 4 0.006678 0.268800 0.192899 0.000954 0.530668
4 4 0.065122 0.134380 0.115438 0.001116 0.683944
4 4 0.073981 0.208919 0.068189 0.000563 0.648348
4 4 0.030409 0.046112 0.114813 0.000310 0.808356
4 4 0.113658 0.068926 0.061967 0.005648 0.749801
4 4 0.019471 0.163069 0.145545 0.000543 0.671372
4 4 0.004672 0.091300 0.059131 0.000618 0.844279
4 4 0.076600 0.275438 0.303990 0.011626 0.332347
4 4 0.012304 0.056476 0.033682 0.000955 0.896584
2 4 0.158796 0.252593 0.428019 0.003551 0.157042
4 4 0.070269 0.189000 0.169624 0.005121 0.565986
2 4 0.005027 0.126129 0.689273 0.003880 0.175691
2 4 0.013665 0.143513 0.439403 0.009582 0.393837
4 4 0.030040 0.340660 0.151126 0.000244 0.477931
2 4 0.010605 0.204875 0.426462 0.002039 0.356019
4 4 0.046385 0.071362 0.065791 0.000166 0.816296
4 4 0.011578 0.083534 0.039116 0.000049 0.865722
2 4 0.001829 0.185301 0.592955 0.002596 0.217319
2 4 0.000796 0.215386 0.643008 0.005901 0.134908
1 4 0.014556 0.422669 0.330082 0.001340 0.231353
2 4 0.000938 0.189134 0.744407 0.006825 0.058696
4 4 0.004023 0.256699 0.247759 0.001847 0.489672
2 4 0.022058 0.264136 0.487792 0.014503 0.211511
2 4 0.000558 0.067378 0.841663 0.033041 0.057360
1 4 0.005794 0.456462 0.421746 0.001062 0.114935
2 4 0.004203 0.097518 0.596535 0.272803 0.028941
2 1 0.003498 0.108580 0.857621 0.009862 0.020439
2 1 0.000507 0.148021 0.744750 0.014325 0.092397
2 1 0.002084 0.143449 0.789875 0.009973 0.054619
3 1 0.001384 0.042222 0.363810 0.576905 0.015679
2 1 0.001876 0.135895 0.658190 0.104842 0.099197
2 1 0.010876 0.039193 0.878900 0.036267 0.034764
2 1 0.000476 0.004770 0.936591 0.054300 0.003863
2 1 0.057220 0.119136 0.715901 0.025508 0.082235
2 2 0.001176 0.013201 0.782967 0.198110 0.004545
2 2 0.004127 0.018150 0.673871 0.296666 0.007186
2 2 0.003414 0.047301 0.900387 0.012467 0.036431
2 2 0.006906 0.087841 0.891141 0.009074 0.005039
1 2 0.153203 0.552218 0.173627 0.002234 0.118718
0 2 0.969269 0.020710 0.001088 0.000000 0.008932
1 2 0.206814 0.599664 0.149243 0.000286 0.043993
1 2 0.071638 0.620157 0.250637 0.005413 0.052155
1 2 0.186969 0.617937 0.154811 0.000179 0.040103
2 2 0.051811 0.208897 0.692884 0.036775 0.009633
1 2 0.095266 0.499932 0.369825 0.004426 0.030551
2 2 0.066357 0.165790 0.682857 0.026169 0.058827
2 2 0.347813 0.261345 0.352124 0.001176 0.037542
1 2 0.007071 0.514083 0.468757 0.001016 0.009073
2 2 0.017111 0.083026 0.854690 0.042743 0.002430
2 2 0.010691 0.049303 0.911403 0.027495 0.001107
2 2 0.020870 0.037486 0.914232 0.026177 0.001236
2 2 0.000103 0.010447 0.975022 0.014337 0.000092
2 2 0.014579 0.032970 0.897084 0.054464 0.000904
2 2 0.021936 0.076524 0.886499 0.012769 0.002272
2 2 0.007330 0.006759 0.891408 0.094249 0.000255
2 2 0.001791 0.031185 0.962319 0.004046 0.000659
2 2 0.000027 0.002119 0.989981 0.007865 0.000007
2 2 0.001088 0.005237 0.911307 0.082297 0.000072
2 2 0.000998 0.008052 0.939426 0.051335 0.000188
2 2 0.065447 0.208713 0.614874 0.097882 0.013084
2 2 0.021036 0.051564 0.851738 0.071479 0.004183
2 2 0.041696 0.070183 0.849321 0.027521 0.011279
2 2 0.043421 0.032719 0.900670 0.018282 0.004907
2 2 0.003208 0.010876 0.731959 0.253457 0.000500
3 3 0.001394 0.001842 0.320130 0.676495 0.000139
2 3 0.001349 0.011283 0.688993 0.298101 0.000274
3 3 0.002052 0.004764 0.290662 0.702253 0.000269
3 3 0.000276 0.000486 0.126735 0.872465 0.000039
2 3 0.020023 0.262858 0.398085 0.256405 0.062630
3 3 0.002461 0.003205 0.171756 0.822307 0.000271
3 3 0.000118 0.001523 0.201762 0.796529 0.000067
2 3 0.002750 0.012330 0.709535 0.274715 0.000670
3 3 0.000384 0.000963 0.113757 0.884806 0.000090
3 3 0.025954 0.025348 0.450655 0.493757 0.004284
3 3 0.007017 0.005169 0.104507 0.881583 0.001724
3 3 0.000816 0.001806 0.157961 0.839142 0.000275
3 3 0.000046 0.000255 0.049057 0.950618 0.000024
3 3 0.000575 0.000623 0.012701 0.985865 0.000234
3 3 0.008935 0.004286 0.255201 0.727510 0.004068
3 3 0.000030 0.000065 0.005712 0.994176 0.000017
3 3 0.003854 0.002528 0.048619 0.944413 0.000587
3 3 0.003988 0.016399 0.073085 0.898632 0.007895
3 3 0.002931 0.001139 0.035253 0.960321 0.000355
3 3 0.000050 0.000357 0.022523 0.977019 0.000051
3 3 0.001816 0.002427 0.015490 0.978582 0.001684
3 3 0.003977 0.001547 0.038783 0.955155 0.000537
3 3 0.000136 0.000074 0.006173 0.993589 0.000028
3 3 0.001025 0.000839 0.014788 0.982941 0.000407
3 3 0.000006 0.000019 0.000646 0.999313 0.000016
3 3 0.000064 0.000076 0.003649 0.996179 0.000032
3 3 0.000009 0.000025 0.001573 0.998370 0.000023
3 3 0.000374 0.000385 0.010927 0.988090 0.000224
3 3 0.001183 0.001389 0.017061 0.979706 0.000660
3 3 0.000152 0.000175 0.022298 0.977311 0.000064
3 3 0.000159 0.000219 0.003923 0.995519 0.000179
3 3 0.000127 0.000238 0.004768 0.994758 0.000108
3 3 0.001050 0.002238 0.018150 0.977184 0.001377
3 3 0.000057 0.000125 0.001464 0.998147 0.000207
3 3 0.000591 0.000596 0.009188 0.989133 0.000493
3 3 0.002814 0.005172 0.059922 0.923289 0.008802
3 3 0.000154 0.000304 0.006381 0.992933 0.000228
3 3 0.000000 0.000001 0.000172 0.999825 0.000001
3 3 0.000207 0.000102 0.009710 0.989955 0.000026
3 3 0.002571 0.008713 0.009802 0.963393 0.015521
3 3 0.000146 0.000160 0.005358 0.994263 0.000073
3 3 0.000697 0.001471 0.006393 0.989596 0.001844
3 3 0.000207 0.000692 0.005215 0.993505 0.000382
3 3 0.000043 0.000033 0.003136 0.996775 0.000013
3 3 0.000007 0.000054 0.000538 0.999339 0.000061
3 3 0.000828 0.001756 0.010117 0.986134 0.001165
3 3 0.273245 0.060670 0.264355 0.376166 0.025563
3 3 0.164360 0.011603 0.399000 0.423259 0.001778
2 3 0.017567 0.135294 0.707051 0.130061 0.010026
2 3 0.016487 0.094258 0.666466 0.216622 0.006168
0 3 0.406571 0.098918 0.330524 0.148748 0.015240
1 3 0.262103 0.404435 0.277681 0.001885 0.053896
2 3 0.002490 0.031844 0.846694 0.118323 0.000650
2 3 0.032237 0.348847 0.432282 0.144438 0.042196
2 3 0.017036 0.229273 0.732276 0.015070 0.006345
2 3 0.014639 0.357558 0.609378 0.008785 0.009640
2 3 0.168096 0.141893 0.659616 0.019878 0.010518
2 3 0.019769 0.078851 0.884076 0.015290 0.002014
2 3 0.135892 0.374248 0.434956 0.026478 0.028425
0 3 0.637811 0.267546 0.049587 0.000211 0.044844
2 3 0.035302 0.038962 0.771634 0.152210 0.001892
0 3 0.541388 0.052529 0.391953 0.008202 0.005928
2 3 0.003204 0.002626 0.599977 0.394121 0.000073
2 2 0.041669 0.065178 0.832793 0.048536 0.011825
2 2 0.026642 0.063459 0.731997 0.173862 0.004040
2 2 0.000806 0.002977 0.910674 0.085459 0.000084
2 2 0.009250 0.022843 0.494939 0.470955 0.002013
2 2 0.000909 0.011471 0.949347 0.037611 0.000662
2 2 0.006423 0.062057 0.854085 0.075981 0.001455
2 2 0.404137 0.043245 0.531956 0.015025 0.005636
2 2 0.042109 0.265684 0.652323 0.028425 0.011459
2 2 0.011283 0.140831 0.562754 0.273690 0.011443
3 2 0.016064 0.004072 0.219977 0.759440 0.000447
2 2 0.009695 0.078944 0.496656 0.395777 0.018927
3 2 0.000519 0.002852 0.485335 0.509720 0.001574
2 2 0.000401 0.097118 0.760382 0.068835 0.073264
2 2 0.007103 0.156618 0.501813 0.049578 0.284889
4 2 0.027013 0.075539 0.032932 0.001360 0.863156
4 4 0.011301 0.028013 0.009865 0.000063 0.950757
2 4 0.001896 0.140197 0.539633 0.025060 0.293213
4 4 0.011314 0.180765 0.116936 0.003741 0.687245
0 4 0.631606 0.219965 0.103940 0.004128 0.040361
2 4 0.001667 0.093848 0.670634 0.016611 0.217240
4 4 0.015336 0.249080 0.160863 0.007117 0.567604
2 4 0.040038 0.300368 0.406596 0.015412 0.237586
2 4 0.009412 0.194296 0.402344 0.007563 0.386385
4 4 0.061285 0.094100 0.025625 0.000093 0.818897
4 4 0.105866 0.166636 0.156909 0.001392 0.569197
4 4 0.013296 0.117825 0.104565 0.002745 0.761569
4 4 0.005476 0.128878 0.189150 0.006859 0.669638
2 4 0.003639 0.091411 0.456164 0.001202 0.447584
2 4 0.014696 0.129776 0.573215 0.038579 0.243733
4 4 0.070247 0.224686 0.085211 0.006799 0.613056
4 4 0.123015 0.215635 0.059572 0.000386 0.601393
4 4 0.033753 0.328440 0.164036 0.001030 0.472741
4 4 0.010961 0.175831 0.099417 0.000637 0.713154
4 4 0.075701 0.106370 0.123040 0.006660 0.688230
4 4 0.029463 0.049657 0.015420 0.000175 0.905286
4 4 0.060077 0.105133 0.070506 0.002223 0.762061
2 4 0.000811 0.169429 0.461158 0.002264 0.366337
4 4 0.018751 0.083237 0.130184 0.000868 0.766960
4 4 0.007717 0.098008 0.058897 0.002334 0.833044
4 4 0.008688 0.223284 0.212779 0.003594 0.551655
4 4 0.010603 0.141554 0.287329 0.001252 0.559263
4 4 0.012594 0.207287 0.175634 0.006717 0.597769
1 4 0.026480 0.370579 0.312608 0.010905 0.279428
2 4 0.001483 0.118023 0.789366 0.005927 0.085202
4 4 0.039304 0.140497 0.059727 0.000555 0.759917
2 4 0.004698 0.161696 0.545259 0.005462 0.282884
0 4 0.904105 0.066105 0.004914 0.000001 0.024875
1 1 0.315689 0.536074 0.106177 0.000066 0.041994
2 1 0.020087 0.231744 0.718220 0.018203 0.011745
2 1 0.041821 0.190213 0.654819 0.095552 0.017596
1 1 0.031596 0.467662 0.405272 0.041556 0.053914
2 1 0.104782 0.411992 0.450107 0.007852 0.025266
2 1 0.015142 0.331712 0.637764 0.003513 0.011869
2 1 0.001287 0.016030 0.798016 0.184296 0.000371
2 1 0.004102 0.026297 0.932784 0.034874 0.001942
2 1 0.007787 0.155279 0.775886 0.054905 0.006143
2 1 0.011418 0.375961 0.578240 0.020511 0.013871
2 2 0.004923 0.027903 0.879715 0.086868 0.000591
2 2 0.007973 0.037001 0.898731 0.055099 0.001195
1 2 0.392074 0.396104 0.080774 0.000375 0.130673
2 2 0.002700 0.160426 0.795228 0.032972 0.008674
2 2 0.000879 0.037868 0.935458 0.022165 0.003630
2 2 0.007058 0.041721 0.937336 0.009424 0.004461
2 2 0.000572 0.009407 0.986736 0.003131 0.000153
2 2 0.004494 0.071704 0.678221 0.239593 0.005987
2 2 0.002086 0.249351 0.641855 0.098826 0.007882
2 2 0.001709 0.004867 0.738485 0.254193 0.000746
2 2 0.002060 0.007166 0.877173 0.113402 0.000200
2 2 0.001334 0.025419 0.889717 0.083140 0.000391
2 2 0.000685 0.003366 0.965122 0.030782 0.000045
2 2 0.001087 0.017282 0.809224 0.168782 0.003625
2 2 0.004828 0.006465 0.983570 0.004602 0.000535
2 2 0.000526 0.003230 0.975751 0.020321 0.000172
2 2 0.000953 0.041328 0.938344 0.018748 0.000627
2 2 0.039362 0.032800 0.915509 0.010111 0.002217
2 2 0.023701 0.050138 0.914962 0.008611 0.002587
2 2 0.102312 0.329440 0.542135 0.008908 0.017204
2 2 0.039081 0.129555 0.559880 0.259392 0.012092
2 2 0.015568 0.126574 0.805020 0.048998 0.003840
2 2 0.002994 0.005510 0.980978 0.010454 0.000064
2 2 0.031970 0.204894 0.712436 0.039460 0.011240
2 2 0.044191 0.171588 0.744662 0.029151 0.010409
2 2 0.116309 0.164801 0.701580 0.009530 0.007780
2 2 0.006007 0.043201 0.885619 0.064236 0.000937
0 0 0.980903 0.012068 0.000988 0.000001 0.006041
0 0 0.858491 0.105142 0.009999 0.000011 0.026356
1 0 0.278389 0.510045 0.128436 0.002074 0.081056
0 1 0.832989 0.120342 0.012540 0.000026 0.034103
1 1 0.187137 0.480387 0.300874 0.001293 0.030309
0 1 0.610892 0.292689 0.045414 0.000212 0.050793
0 1 0.758135 0.182508 0.021921 0.000044 0.037392
0 1 0.950737 0.033645 0.004575 0.000005 0.011037
1 1 0.199280 0.405345 0.099028 0.000122 0.296225
1 1 0.037992 0.575583 0.272184 0.001959 0.112282
1 1 0.086833 0.609618 0.237424 0.007597 0.058529
2 1 0.101846 0.084894 0.632108 0.173907 0.007246
2 1 0.153508 0.085235 0.657051 0.097795 0.006410
2 1 0.019110 0.056443 0.856883 0.063455 0.004108
2 1 0.009779 0.067145 0.914271 0.007598 0.001207
2 2 0.003610 0.014773 0.964671 0.016520 0.000425
0 2 0.456654 0.190033 0.329459 0.003475 0.020379
2 2 0.007811 0.442146 0.536925 0.003872 0.009245
0 2 0.515183 0.072104 0.377884 0.026409 0.008421
2 2 0.013130 0.245019 0.728076 0.008079 0.005696
2 2 0.001957 0.002366 0.633372 0.362253 0.000053
2 2 0.000620 0.002256 0.833536 0.163561 0.000027
2 2 0.011085 0.024869 0.779620 0.183619 0.000807
2 2 0.001725 0.015794 0.938525 0.043458 0.000498
2 2 0.000488 0.005163 0.858991 0.135126 0.000232
2 2 0.000296 0.007053 0.976413 0.015926 0.000312
3 2 0.000571 0.000850 0.342548 0.656006 0.000026
2 2 0.005691 0.031589 0.917036 0.044557 0.001127
0 2 0.574956 0.048224 0.363454 0.002824 0.010542
0 2 0.545129 0.113637 0.307800 0.010473 0.022962
2 2 0.067436 0.053731 0.628074 0.243556 0.007204
2 2 0.017975 0.041090 0.615019 0.319265 0.006650
2 2 0.007733 0.048235 0.865328 0.073313 0.005391
2 2 0.074448 0.088716 0.780043 0.034458 0.022335
2 2 0.022601 0.021138 0.776668 0.178652 0.000941
2 2 0.000368 0.030213 0.948922 0.019940 0.000557
2 2 0.019537 0.028819 0.912589 0.037348 0.001706
2 2 0.005189 0.019569 0.954473 0.019128 0.001641
2 2 0.004757 0.034530 0.922785 0.037186 0.000742
1 2 0.405202 0.431879 0.086975 0.000472 0.075472
3 3 0.001514 0.016850 0.486046 0.494541 0.001049
2 3 0.000476 0.006647 0.951749 0.040411 0.000717
2 3 0.000956 0.008127 0.833330 0.157223 0.000363
2 3 0.005658 0.015904 0.880803 0.097266 0.000369
2 3 0.001150 0.018050 0.953265 0.025297 0.002237
2 3 0.000145 0.011295 0.956525 0.030319 0.001716
2 3 0.000317 0.002502 0.865937 0.131123 0.000121
0 3 0.853998 0.094519 0.023612 0.000451 0.027421
2 3 0.027171 0.138320 0.680858 0.146741 0.006910
2 3 0.013344 0.286190 0.613001 0.059201 0.028264
2 3 0.035545 0.434779 0.512777 0.002781 0.014118
2 3 0.007758 0.002855 0.507048 0.482164 0.000173
2 3 0.000125 0.004465 0.960621 0.034756 0.000033
2 3 0.053364 0.085956 0.727615 0.103832 0.029234
3 3 0.002401 0.003949 0.170367 0.822619 0.000663
2 2 0.000408 0.008127 0.893652 0.097668 0.000145
2 2 0.000111 0.001471 0.923441 0.074969 0.000008
2 2 0.010308 0.064731 0.894412 0.029072 0.001477
2 2 0.001261 0.013864 0.934872 0.049837 0.000167
2 2 0.008453 0.022876 0.899933 0.068198 0.000541
2 2 0.032273 0.155298 0.754826 0.050608 0.006995
2 2 0.003178 0.004693 0.771029 0.220432 0.000667
2 2 0.000044 0.001649 0.980124 0.018163 0.000020
2 2 0.000536 0.001140 0.858648 0.139664 0.000012
2 2 0.020488 0.035619 0.792503 0.150032 0.001359
2 2 0.002868 0.002379 0.871822 0.122782 0.000148
2 2 0.010852 0.020972 0.826799 0.140596 0.000781
2 2 0.000215 0.003818 0.841226 0.154671 0.000070
2 2 0.003484 0.009643 0.714661 0.271882 0.000330
3 2 0.001175 0.001752 0.057992 0.938496 0.000586
2 2 0.000323 0.001808 0.784580 0.213268 0.000021
2 2 0.001397 0.003832 0.565008 0.429469 0.000293
2 2 0.006934 0.011513 0.857999 0.123170 0.000385
3 2 0.008177 0.005385 0.415711 0.570372 0.000356
2 2 0.000168 0.000456 0.569091 0.430267 0.000018
2 2 0.030765 0.048079 0.729792 0.186127 0.005237
