0 0 0.998002 0.000000 0.000000 0.001448 0.000549
4 1 0.009215 0.137185 0.142227 0.000016 0.711358
4 1 0.000915 0.121647 0.435097 0.000071 0.442270
4 4 0.270793 0.066407 0.030210 0.001298 0.631293
2 4 0.122759 0.212766 0.364672 0.003445 0.296359
2 4 0.008201 0.235224 0.575024 0.008433 0.173118
4 4 0.054999 0.309999 0.210177 0.000541 0.424284
4 4 0.038762 0.243093 0.217505 0.000170 0.500470
4 4 0.059630 0.086568 0.111924 0.011364 0.730514
4 4 0.012449 0.146014 0.243060 0.002148 0.596329
4 4 0.028929 0.109224 0.253813 0.028297 0.579737
4 4 0.049801 0.058103 0.031497 0.001074 0.859526
4 4 0.006128 0.134685 0.088837 0.000181 0.770169
4 4 0.052527 0.048528 0.076583 0.003306 0.819057
4 4 0.022987 0.121664 0.091531 0.000875 0.762942
4 4 0.017925 0.210096 0.165579 0.000257 0.606142
4 4 0.024501 0.159065 0.088398 0.000049 0.727986
4 4 0.006664 0.239417 0.244772 0.002258 0.506890
4 4 0.011958 0.107998 0.235076 0.007171 0.637798
4 4 0.053036 0.030294 0.019244 0.001242 0.896184
4 4 0.044434 0.015874 0.013904 0.002423 0.923365
4 4 0.039342 0.044992 0.021585 0.000150 0.893931
4 4 0.009258 0.088372 0.190473 0.001537 0.710359
4 4 0.099777 0.089408 0.088006 0.003657 0.719153
4 4 0.089489 0.304474 0.109827 0.000232 0.495979
1 1 0.023108 0.440248 0.268554 0.006868 0.261222
4 1 0.010889 0.110472 0.259438 0.001531 0.617670
4 1 0.079593 0.196663 0.074267 0.000591 0.648886
1 1 0.241166 0.451801 0.134581 0.000082 0.172369
1 1 0.014350 0.407032 0.303131 0.000064 0.275424
4 1 0.018349 0.093026 0.146128 0.002858 0.739639
4 1 0.064957 0.338226 0.213372 0.000364 0.383081
4 4 0.024314 0.048076 0.123424 0.006346 0.797840
4 4 0.161122 0.062977 0.049565 0.000198 0.726136
4 4 0.036096 0.018227 0.028935 0.006905 0.909837
1 4 0.069727 0.428342 0.233572 0.001436 0.266924
1 4 0.019651 0.363918 0.301697 0.002055 0.312679
2 1 0.003355 0.221824 0.613273 0.009916 0.151631
4 1 0.203784 0.195208 0.159045 0.002400 0.439563
2 1 0.013516 0.268726 0.643136 0.001291 0.073332
4 1 0.011850 0.268227 0.307743 0.004809 0.407371
4 1 0.083824 0.159341 0.192201 0.008763 0.555872
4 1 0.035449 0.110311 0.081579 0.003620 0.769041
4 2 0.025942 0.078228 0.210025 0.029509 0.656297
2 2 0.045328 0.324793 0.504430 0.009428 0.116022
4 0 0.093186 0.038364 0.030338 0.005819 0.832292
0 0 0.511522 0.082112 0.031420 0.000146 0.374800
4 1 0.092069 0.052252 0.030768 0.003982 0.820929
4 1 0.038251 0.178812 0.143191 0.000967 0.638780
4 2 0.006141 0.057456 0.175841 0.004420 0.756141
2 2 0.005360 0.120474 0.840225 0.006139 0.027803
2 2 0.052931 0.346572 0.455748 0.010307 0.134442
2 2 0.060914 0.245358 0.502321 0.012670 0.178736
4 2 0.329456 0.169117 0.064803 0.003017 0.433607
2 2 0.004905 0.110604 0.858193 0.001108 0.025188
4 2 0.024788 0.078923 0.237820 0.010543 0.647925
2 2 0.001089 0.087240 0.884797 0.001803 0.025071
2 2 0.004866 0.120503 0.857618 0.000649 0.016364
2 2 0.000082 0.007699 0.986876 0.001062 0.004281
4 2 0.027127 0.121373 0.335352 0.014677 0.501471
2 2 0.005214 0.065702 0.906112 0.015958 0.007014
2 2 0.007999 0.151266 0.815536 0.005102 0.020098
2 2 0.000959 0.027626 0.960556 0.009457 0.001402
2 2 0.001682 0.049709 0.934732 0.006130 0.007747
2 2 0.000123 0.019647 0.928407 0.030187 0.021637
2 2 0.000984 0.027771 0.944035 0.025266 0.001943
2 2 0.000224 0.003917 0.992667 0.003138 0.000054
2 2 0.002962 0.065593 0.918971 0.000717 0.011757
2 2 0.003480 0.095989 0.868155 0.007064 0.025313
2 2 0.089022 0.075503 0.712066 0.059186 0.064224
2 2 0.027049 0.064518 0.519514 0.127355 0.261565
2 2 0.003856 0.078335 0.890501 0.014896 0.012413
2 2 0.000162 0.011281 0.987035 0.001243 0.000279
2 2 0.008213 0.111410 0.849088 0.002527 0.028763
2 2 0.048326 0.058267 0.850925 0.033598 0.008885
2 2 0.005358 0.084827 0.744511 0.117995 0.047308
2 2 0.006210 0.192719 0.735249 0.014486 0.051337
2 2 0.002145 0.034157 0.920001 0.040414 0.003282
2 2 0.052155 0.142196 0.631141 0.004993 0.169516
2 2 0.013149 0.070192 0.871695 0.040252 0.004711
2 2 0.005625 0.076334 0.896218 0.017885 0.003938
2 2 0.012585 0.049389 0.917929 0.014086 0.006011
2 2 0.000588 0.015689 0.868749 0.112974 0.002000
2 2 0.028001 0.152262 0.776881 0.020658 0.022199
2 2 0.027174 0.068299 0.788130 0.098704 0.017694
2 2 0.063083 0.094460 0.771512 0.024080 0.046865
2 2 0.003960 0.114625 0.837658 0.000506 0.043252
2 2 0.014811 0.121653 0.837876 0.020986 0.004674
2 2 0.029500 0.214547 0.422403 0.029012 0.304538
2 2 0.032670 0.263998 0.504370 0.001791 0.197171
2 2 0.002420 0.070787 0.913297 0.006121 0.007375
2 2 0.000204 0.011541 0.985441 0.002148 0.000665
2 2 0.019237 0.317498 0.436726 0.002303 0.224236
2 2 0.000665 0.038769 0.953645 0.004630 0.002291
2 2 0.001031 0.044567 0.936294 0.014209 0.003900
2 2 0.008463 0.124414 0.784313 0.009613 0.073197
2 2 0.016717 0.041266 0.904920 0.035634 0.001463
2 2 0.035252 0.145429 0.772999 0.020418 0.025901
2 2 0.005361 0.075829 0.876565 0.032869 0.009376
2 3 0.018941 0.055574 0.823295 0.089572 0.012618
2 3 0.000347 0.010338 0.904779 0.084274 0.000262
2 3 0.000002 0.000631 0.940882 0.058481 0.000004
2 3 0.003797 0.059182 0.929415 0.003345 0.004262
2 3 0.009522 0.054070 0.825963 0.100116 0.010329
2 3 0.006665 0.038521 0.773537 0.175828 0.005449
3 3 0.000071 0.001388 0.311294 0.687082 0.000165
3 3 0.002871 0.012204 0.467833 0.513225 0.003867
2 3 0.000447 0.004019 0.501085 0.494120 0.000330
2 3 0.092789 0.116604 0.705754 0.067810 0.017043
2 3 0.024540 0.088202 0.511421 0.347009 0.028827
2 3 0.000389 0.030115 0.938602 0.026003 0.004891
2 3 0.021679 0.094617 0.857376 0.020896 0.005432
2 2 0.025212 0.072550 0.553195 0.038430 0.310613
4 1 0.173025 0.237522 0.206743 0.002731 0.379978
0 1 0.708907 0.019294 0.006843 0.000320 0.264637
4 1 0.041962 0.059679 0.037565 0.000233 0.860562
4 1 0.120410 0.232011 0.221051 0.007019 0.419509
2 2 0.001451 0.050877 0.839056 0.026144 0.082472
2 2 0.070174 0.139704 0.750807 0.008112 0.031203
2 2 0.075439 0.244156 0.615782 0.001038 0.063585
2 2 0.001233 0.041216 0.946397 0.001298 0.009855
2 2 0.002511 0.040348 0.951264 0.002710 0.003167
2 2 0.134084 0.139522 0.562816 0.048854 0.114724
2 2 0.000699 0.021650 0.957179 0.009921 0.010551
2 2 0.004633 0.085067 0.733587 0.018100 0.158612
2 2 0.006700 0.078091 0.904815 0.003870 0.006524
2 2 0.000190 0.033908 0.944447 0.011745 0.009710
2 2 0.016273 0.087047 0.865194 0.024456 0.007030
2 2 0.140632 0.189503 0.577968 0.006058 0.085839
2 2 0.000746 0.033490 0.938481 0.004028 0.023255
2 2 0.002828 0.108120 0.831074 0.031190 0.026788
2 2 0.000444 0.032820 0.961323 0.002810 0.002604
2 2 0.001723 0.036800 0.778702 0.179270 0.003506
2 2 0.038238 0.131035 0.766954 0.009810 0.053962
2 2 0.000039 0.005723 0.988859 0.005255 0.000125
2 3 0.011767 0.031856 0.892049 0.060316 0.004012
2 3 0.000070 0.012214 0.949016 0.036937 0.001763
2 3 0.020744 0.040202 0.859199 0.075278 0.004577
2 2 0.050104 0.258116 0.629498 0.002825 0.059457
2 2 0.000083 0.006803 0.990979 0.001538 0.000597
2 2 0.000034 0.002022 0.713698 0.283883 0.000363
2 2 0.004996 0.065772 0.849906 0.047518 0.031807
2 2 0.000296 0.008798 0.977032 0.013621 0.000252
2 2 0.074517 0.159986 0.579175 0.121671 0.064651
2 2 0.001444 0.018255 0.963110 0.007594 0.009598
2 2 0.002261 0.046382 0.744779 0.184607 0.021971
2 2 0.000134 0.020800 0.974238 0.000448 0.004379
2 2 0.002552 0.045482 0.864167 0.040235 0.047563
2 2 0.000468 0.072896 0.899211 0.007051 0.020373
2 2 0.000069 0.003185 0.965961 0.030482 0.000303
3 2 0.009112 0.025395 0.433277 0.529034 0.003183
2 2 0.000008 0.000380 0.759487 0.240109 0.000015
2 2 0.021572 0.085338 0.684460 0.167721 0.040909
2 2 0.000248 0.027596 0.889404 0.076794 0.005957
2 3 0.000059 0.002151 0.970422 0.027192 0.000176
2 3 0.007563 0.018830 0.874981 0.096358 0.002268
2 3 0.000006 0.000147 0.522814 0.477029 0.000004
2 3 0.001695 0.046519 0.884062 0.061425 0.006300
2 3 0.000934 0.014038 0.973453 0.009491 0.002085
2 3 0.000530 0.011244 0.779877 0.203957 0.004392
2 3 0.014117 0.085030 0.857988 0.022528 0.020337
3 2 0.004300 0.025746 0.386452 0.554130 0.029372
2 2 0.072520 0.043380 0.761531 0.039130 0.083439
2 2 0.001955 0.039331 0.906598 0.047396 0.004721
2 2 0.000512 0.013516 0.828708 0.148685 0.008579
2 2 0.006783 0.045828 0.910603 0.030300 0.006486
2 2 0.000019 0.011217 0.975528 0.009399 0.003838
2 2 0.006699 0.034401 0.917174 0.040802 0.000924
3 2 0.007779 0.056422 0.405929 0.507725 0.022146
2 2 0.000053 0.001094 0.966671 0.032174 0.000008
2 2 0.089508 0.180712 0.516662 0.041768 0.171349
0 2 0.581281 0.144732 0.066585 0.001565 0.205836
4 2 0.016151 0.099120 0.410290 0.042693 0.431747
2 2 0.005645 0.085373 0.903723 0.001473 0.003787
2 2 0.079250 0.207351 0.651789 0.011834 0.049776
2 2 0.020393 0.072635 0.556020 0.011132 0.339820
2 2 0.016327 0.085765 0.362085 0.206232 0.329592
4 2 0.127592 0.060752 0.032544 0.002383 0.776729
4 2 0.015482 0.108083 0.187051 0.003535 0.685850
2 2 0.122858 0.256776 0.506516 0.014259 0.099592
2 2 0.021092 0.153086 0.777862 0.013844 0.034116
2 2 0.002166 0.081187 0.887868 0.003159 0.025621
2 2 0.002264 0.020250 0.884534 0.062415 0.030537
2 2 0.027588 0.071109 0.791316 0.005357 0.104631
2 2 0.000182 0.026108 0.959571 0.000480 0.013660
2 2 0.000070 0.009206 0.988263 0.002210 0.000250
2 2 0.056652 0.198017 0.556922 0.002229 0.186180
2 2 0.002863 0.087172 0.887284 0.002514 0.020167
2 2 0.000025 0.003770 0.995600 0.000259 0.000345
2 2 0.010587 0.057088 0.901731 0.027525 0.003068
2 2 0.000175 0.008091 0.973064 0.018276 0.000393
2 2 0.000348 0.033187 0.955284 0.000883 0.010298
2 2 0.004550 0.024387 0.892812 0.074779 0.003473
2 2 0.001040 0.064991 0.919923 0.002183 0.011863
2 2 0.005516 0.024123 0.941923 0.024505 0.003932
2 2 0.000407 0.008534 0.781372 0.205511 0.004177
2 2 0.001546 0.012184 0.985592 0.000454 0.000223
2 2 0.009596 0.206417 0.735067 0.002358 0.046563
2 2 0.003888 0.143018 0.518813 0.015542 0.318739
2 2 0.098713 0.200822 0.606193 0.003157 0.091114
2 2 0.000074 0.018932 0.976091 0.001031 0.003872
2 2 0.026979 0.075009 0.824272 0.017177 0.056564
2 2 0.066745 0.225162 0.457274 0.001167 0.249651
2 2 0.000003 0.000642 0.999053 0.000297 0.000006
2 2 0.002904 0.052411 0.934624 0.001638 0.008423
2 2 0.005998 0.110379 0.863613 0.003191 0.016819
2 2 0.076219 0.247795 0.571553 0.003198 0.101234
2 2 0.000423 0.030490 0.945215 0.019529 0.004343
2 2 0.000258 0.015962 0.973500 0.003610 0.006671
2 2 0.000198 0.011769 0.965701 0.019935 0.002397
2 2 0.000011 0.002615 0.996095 0.000948 0.000332
2 2 0.000002 0.001188 0.995487 0.003283 0.000040
4 4 0.022987 0.029257 0.127825 0.007802 0.812129
4 4 0.095478 0.060072 0.077984 0.001471 0.764995
4 4 0.021563 0.108728 0.361680 0.018282 0.489748
2 2 0.002148 0.020584 0.951375 0.024622 0.001271
2 2 0.000867 0.010261 0.980270 0.006927 0.001674
2 2 0.012368 0.124955 0.547621 0.007375 0.307681
4 2 0.088039 0.197676 0.350606 0.007303 0.356376
2 2 0.072059 0.313618 0.424766 0.005700 0.183857
2 2 0.010973 0.231229 0.484056 0.000642 0.273101
4 2 0.106985 0.040786 0.021253 0.000078 0.830899
4 2 0.038037 0.100947 0.053592 0.001347 0.806077
4 2 0.012229 0.090762 0.255336 0.013051 0.628621
4 2 0.031874 0.174096 0.270607 0.069416 0.454008
4 2 0.123880 0.232412 0.261123 0.011634 0.370950
2 2 0.076881 0.221620 0.443966 0.009122 0.248412
4 2 0.269740 0.274345 0.098493 0.000590 0.356832
4 2 0.027439 0.149835 0.240085 0.034621 0.548019
4 2 0.076275 0.258148 0.135703 0.006425 0.523448
4 2 0.015698 0.295934 0.245271 0.004984 0.438112
1 2 0.033537 0.423200 0.232934 0.001531 0.308798
2 2 0.067137 0.210497 0.689555 0.007029 0.025781
2 2 0.005063 0.150727 0.658607 0.006504 0.179100
4 2 0.089455 0.168065 0.119566 0.001959 0.620955
1 2 0.060833 0.368291 0.360604 0.000678 0.209594
4 2 0.041328 0.340752 0.269107 0.003536 0.345277
2 2 0.001001 0.032618 0.956984 0.002715 0.006682
2 2 0.011540 0.150048 0.440581 0.008830 0.389001
2 2 0.013187 0.091299 0.725925 0.018697 0.150893
2 2 0.000430 0.020926 0.972870 0.004836 0.000937
2 2 0.035841 0.068602 0.822313 0.014055 0.059189
2 2 0.245577 0.307763 0.329740 0.000100 0.116821
2 2 0.013673 0.259488 0.685605 0.001895 0.039339
2 2 0.023446 0.068340 0.887338 0.014506 0.006370
2 2 0.018552 0.343021 0.491191 0.009156 0.138079
2 2 0.005760 0.089795 0.852331 0.023790 0.028325
2 2 0.130819 0.333755 0.360411 0.001302 0.173713
4 2 0.116706 0.204221 0.211635 0.004422 0.463017
4 2 0.059846 0.091822 0.079992 0.012992 0.755348
1 2 0.044151 0.395408 0.377873 0.000843 0.181726
2 2 0.011848 0.152964 0.453242 0.038205 0.343740
2 2 0.071981 0.173048 0.474738 0.013429 0.266803
2 2 0.017473 0.237251 0.706857 0.003353 0.035067
2 2 0.060105 0.385615 0.484352 0.001721 0.068207
1 2 0.164693 0.363414 0.143973 0.002549 0.325372
4 2 0.021889 0.118891 0.236135 0.020740 0.602345
2 2 0.063136 0.219088 0.539592 0.043863 0.134320
4 2 0.030139 0.192659 0.088846 0.000449 0.687908
4 4 0.024715 0.004154 0.003292 0.000148 0.967690
4 4 0.030970 0.033027 0.024851 0.001889 0.909262
4 4 0.201549 0.026366 0.015931 0.002652 0.753502
4 0 0.171825 0.012708 0.006026 0.000211 0.809230
4 0 0.093637 0.004827 0.003848 0.001342 0.896345
0 0 0.979473 0.000410 0.000100 0.000000 0.020017
0 0 0.717144 0.005566 0.004527 0.000448 0.272315
4 0 0.395904 0.005150 0.003032 0.000283 0.595632
4 0 0.303458 0.001730 0.001167 0.001142 0.692502
4 1 0.116618 0.108807 0.083969 0.013829 0.676776
4 1 0.014592 0.119837 0.368101 0.012486 0.484985
4 4 0.009818 0.008978 0.031198 0.002785 0.947220
4 4 0.325387 0.084501 0.042028 0.001290 0.546795
4 4 0.081812 0.122810 0.057813 0.002129 0.735436
1 4 0.015024 0.334519 0.310492 0.021998 0.317967
4 4 0.006906 0.282112 0.174527 0.002041 0.534414
1 1 0.008394 0.365433 0.285173 0.012213 0.328787
4 1 0.004069 0.247905 0.211009 0.001384 0.535634
4 1 0.008642 0.079782 0.258321 0.038719 0.614535
4 1 0.045906 0.191054 0.188370 0.003360 0.571310
4 1 0.014292 0.344039 0.207309 0.005225 0.429135
4 1 0.031697 0.093489 0.048955 0.000864 0.824995
4 1 0.094703 0.354357 0.167834 0.005489 0.377617
4 1 0.123741 0.277383 0.113804 0.000486 0.484586
2 1 0.027462 0.273225 0.454814 0.035823 0.208676
2 2 0.008497 0.235910 0.630825 0.006440 0.118327
4 2 0.033295 0.212285 0.313971 0.013665 0.426784
4 2 0.056635 0.113738 0.135357 0.013421 0.680848
4 2 0.057747 0.136189 0.085281 0.002932 0.717851
4 2 0.036795 0.299996 0.158573 0.003792 0.500844
2 2 0.031338 0.375832 0.422957 0.019070 0.150803
4 2 0.052648 0.107809 0.081143 0.001293 0.757107
4 2 0.058671 0.206134 0.224542 0.015744 0.494910
4 2 0.049163 0.201722 0.170764 0.002094 0.576257
4 2 0.024552 0.108768 0.057778 0.000555 0.808347
2 2 0.030969 0.402392 0.441756 0.002195 0.122687
4 2 0.034176 0.118047 0.155247 0.025584 0.666945
4 2 0.033706 0.117431 0.184273 0.003503 0.661087
1 2 0.069853 0.388928 0.223910 0.001412 0.315897
4 2 0.226067 0.138340 0.080369 0.007269 0.547955
1 2 0.115779 0.346763 0.262033 0.019930 0.255496
2 2 0.095528 0.276718 0.513160 0.001021 0.113573
2 2 0.001129 0.112443 0.826127 0.007753 0.052548
2 2 0.000181 0.027975 0.959604 0.007788 0.004452
4 2 0.012726 0.069900 0.251589 0.009940 0.655845
1 2 0.212886 0.479514 0.221797 0.000536 0.085267
1 2 0.144088 0.360179 0.353110 0.002168 0.140456
2 2 0.025576 0.301927 0.584580 0.000219 0.087698
2 2 0.050883 0.157934 0.669677 0.015012 0.106493
4 2 0.014152 0.232565 0.301129 0.000184 0.451970
2 2 0.004680 0.144776 0.820422 0.000521 0.029601
2 2 0.010809 0.171091 0.767471 0.005782 0.044848
2 2 0.026177 0.137761 0.827962 0.000438 0.007662
1 2 0.147864 0.361870 0.219938 0.000147 0.270180
2 2 0.000272 0.024030 0.969717 0.001715 0.004265
2 2 0.057127 0.121410 0.802290 0.000940 0.018233
2 2 0.000017 0.006289 0.991497 0.001538 0.000660
2 2 0.009634 0.104935 0.863518 0.012333 0.009580
2 2 0.000001 0.000571 0.969269 0.030148 0.000011
2 2 0.000541 0.030302 0.951214 0.012647 0.005296
2 2 0.001186 0.041932 0.951815 0.003192 0.001875
2 2 0.000121 0.010576 0.943410 0.044766 0.001127
2 2 0.000033 0.011747 0.887230 0.096007 0.004984
2 2 0.011546 0.062318 0.698594 0.151372 0.076170
2 2 0.000024 0.004115 0.952127 0.043231 0.000504
2 2 0.000061 0.004368 0.974598 0.020374 0.000599
2 2 0.001754 0.029816 0.762419 0.193546 0.012465
2 2 0.015345 0.121496 0.737512 0.062383 0.063264
2 2 0.012710 0.167784 0.772770 0.016027 0.030709
2 2 0.083282 0.245310 0.339590 0.043737 0.288081
4 2 0.007152 0.268244 0.326889 0.006567 0.391147
2 2 0.001632 0.076111 0.862943 0.006610 0.052705
2 2 0.000011 0.007832 0.937485 0.046884 0.007788
4 2 0.054071 0.213937 0.325905 0.025587 0.380500
2 2 0.027651 0.130030 0.737206 0.007766 0.097346
2 2 0.000083 0.022738 0.975398 0.000539 0.001242
2 2 0.000069 0.001625 0.988822 0.009429 0.000054
2 2 0.001103 0.056343 0.880148 0.055174 0.007232
2 2 0.000011 0.003433 0.971079 0.024846 0.000631
2 2 0.000982 0.023579 0.942505 0.026030 0.006904
2 2 0.002670 0.051957 0.906129 0.028944 0.010301
2 2 0.000012 0.003403 0.938242 0.057554 0.000790
2 2 0.000199 0.010958 0.904363 0.080611 0.003869
2 2 0.000003 0.001715 0.887872 0.110108 0.000302
2 2 0.000340 0.008215 0.945230 0.044767 0.001448
2 2 0.002301 0.044758 0.910065 0.038205 0.004671
2 2 0.018364 0.146351 0.823699 0.004757 0.006829
2 2 0.004066 0.055226 0.759962 0.169840 0.010907
2 2 0.071885 0.152500 0.627013 0.073429 0.075173
2 2 0.024358 0.116786 0.684975 0.133974 0.039908
2 2 0.000149 0.021294 0.975557 0.000713 0.002287
2 2 0.000574 0.041393 0.931521 0.020123 0.006389
2 2 0.023025 0.074951 0.879009 0.014954 0.008061
2 2 0.024757 0.174198 0.717851 0.002112 0.081081
4 2 0.041369 0.122298 0.130310 0.006762 0.699261
2 2 0.068137 0.271132 0.377247 0.015203 0.268281
0 0 0.653859 0.204773 0.062881 0.001292 0.077195
4 1 0.048554 0.318494 0.274437 0.005176 0.353339
4 1 0.016150 0.335751 0.252942 0.000584 0.394573
2 2 0.000692 0.040547 0.926540 0.015111 0.017111
2 2 0.030735 0.270144 0.529566 0.012432 0.157123
2 2 0.001413 0.017007 0.979024 0.001562 0.000993
2 2 0.000244 0.025996 0.970381 0.001930 0.001449
2 2 0.000061 0.007333 0.960798 0.030133 0.001674
2 2 0.000044 0.006288 0.986790 0.005569 0.001309
2 2 0.017669 0.063837 0.838662 0.042036 0.037796
2 2 0.001861 0.035961 0.902266 0.046894 0.013019
2 2 0.004370 0.191358 0.786366 0.000142 0.017764
2 2 0.000053 0.011656 0.987272 0.000706 0.000312
2 2 0.000001 0.000287 0.997297 0.002397 0.000019
2 2 0.000066 0.001752 0.956875 0.041073 0.000234
3 3 0.000000 0.000025 0.292283 0.707692 0.000000
2 3 0.000130 0.004357 0.733394 0.260459 0.001660
2 3 0.000009 0.000732 0.865610 0.133609 0.000040
3 3 0.000050 0.001743 0.274326 0.723360 0.000522
3 3 0.000001 0.000179 0.280429 0.719381 0.000009
3 3 0.000001 0.000043 0.120733 0.879222 0.000001
3 3 0.000000 0.000000 0.005533 0.994467 0.000000
3 3 0.000523 0.001669 0.182397 0.815063 0.000347
3 3 0.000002 0.000019 0.015414 0.984560 0.000005
3 3 0.000002 0.000022 0.016915 0.983058 0.000003
3 3 0.000001 0.000010 0.026589 0.973396 0.000005
3 3 0.000000 0.000002 0.002338 0.997658 0.000001
3 3 0.000447 0.000439 0.015388 0.983416 0.000308
3 3 0.000020 0.000054 0.032397 0.967514 0.000015
3 3 0.000001 0.000004 0.004370 0.995623 0.000002
3 3 0.000116 0.000142 0.023783 0.975867 0.000093
3 3 0.000000 0.000000 0.000113 0.999887 0.000000
3 3 0.000002 0.000010 0.018583 0.981401 0.000005
3 3 0.000003 0.000015 0.008171 0.991807 0.000004
3 3 0.000000 0.000001 0.001013 0.998986 0.000000
3 3 0.000001 0.000003 0.003004 0.996990 0.000002
3 3 0.000000 0.000003 0.012293 0.987703 0.000001
3 3 0.000030 0.000342 0.071160 0.928426 0.000042
3 3 0.000000 0.000000 0.003063 0.996936 0.000001
3 3 0.000000 0.000000 0.001406 0.998594 0.000000
3 3 0.000000 0.000001 0.000912 0.999087 0.000000
3 3 0.000003 0.000040 0.054000 0.945953 0.000004
3 3 0.000000 0.000000 0.001190 0.998810 0.000000
3 3 0.000000 0.000000 0.000884 0.999116 0.000000
3 3 0.000000 0.000001 0.002680 0.997319 0.000000
3 3 0.000000 0.000000 0.000171 0.999829 0.000000
3 3 0.000000 0.000000 0.000145 0.999855 0.000000
3 3 0.000005 0.000045 0.040362 0.959582 0.000006
3 3 0.000000 0.000000 0.000617 0.999383 0.000000
3 3 0.000000 0.000001 0.001918 0.998081 0.000000
3 3 0.000001 0.000003 0.001277 0.998717 0.000002
3 3 0.000000 0.000000 0.001819 0.998181 0.000000
3 3 0.000009 0.000003 0.000971 0.999006 0.000011
3 3 0.000000 0.000000 0.001022 0.998978 0.000000
3 3 0.000001 0.000005 0.002684 0.997308 0.000002
3 3 0.000001 0.000001 0.001979 0.998019 0.000001
3 3 0.000002 0.000013 0.012153 0.987806 0.000026
3 3 0.000081 0.000042 0.002233 0.997575 0.000068
3 3 0.000000 0.000000 0.000563 0.999436 0.000001
3 3 0.000072 0.000071 0.004547 0.995241 0.000070
3 3 0.000000 0.000000 0.000385 0.999614 0.000000
3 3 0.000000 0.000000 0.000310 0.999690 0.000000
3 3 0.000000 0.000000 0.001520 0.998480 0.000000
3 3 0.000000 0.000000 0.000388 0.999612 0.000000
3 3 0.000004 0.000004 0.000948 0.999038 0.000005
3 3 0.000000 0.000000 0.000464 0.999536 0.000000
3 3 0.000000 0.000000 0.000111 0.999889 0.000000
3 3 0.000000 0.000000 0.000072 0.999928 0.000000
3 3 0.000000 0.000000 0.005391 0.994608 0.000000
3 3 0.000028 0.000014 0.005194 0.994757 0.000008
3 3 0.000000 0.000000 0.000032 0.999968 0.000000
3 3 0.000000 0.000001 0.007097 0.992901 0.000000
3 3 0.000000 0.000000 0.000348 0.999652 0.000000
3 3 0.000730 0.001710 0.167230 0.829222 0.001109
3 3 0.000001 0.000002 0.001280 0.998716 0.000002
3 3 0.000001 0.000014 0.025171 0.974812 0.000001
2 1 0.286768 0.239807 0.350030 0.021983 0.101412
4 1 0.029295 0.051934 0.114116 0.122557 0.682098
4 1 0.091123 0.123100 0.143021 0.001520 0.641236
4 1 0.066477 0.183371 0.110507 0.005456 0.634189
4 1 0.019152 0.145712 0.281245 0.060029 0.493863
2 2 0.003876 0.031816 0.670824 0.282210 0.011274
2 2 0.006636 0.084453 0.833015 0.012570 0.063326
2 2 0.000018 0.004549 0.982676 0.012716 0.000040
2 2 0.000506 0.045176 0.947457 0.002868 0.003994
2 2 0.003107 0.021466 0.949005 0.019605 0.006817
2 2 0.000001 0.000390 0.888223 0.111366 0.000021
2 2 0.000163 0.011822 0.857403 0.128977 0.001635
2 2 0.004098 0.121711 0.853701 0.006213 0.014277
2 2 0.000003 0.000330 0.992918 0.006745 0.000004
2 2 0.002596 0.059838 0.906270 0.010039 0.021257
2 2 0.000000 0.000164 0.988930 0.010900 0.000006
2 2 0.000070 0.005656 0.971770 0.022221 0.000283
2 2 0.000655 0.072395 0.883362 0.007796 0.035792
2 2 0.000512 0.057393 0.839649 0.053336 0.049110
2 2 0.009497 0.093456 0.826584 0.037008 0.033455
2 2 0.000065 0.025669 0.959071 0.011654 0.003541
2 2 0.000079 0.004550 0.981571 0.012951 0.000849
2 2 0.000085 0.014416 0.947877 0.034027 0.003594
2 2 0.000003 0.001966 0.996365 0.001487 0.000179
2 2 0.006410 0.027848 0.853057 0.105048 0.007637
2 2 0.000541 0.005212 0.949621 0.043941 0.000684
2 2 0.000021 0.001001 0.977696 0.021276 0.000006
2 2 0.006784 0.063139 0.868534 0.034078 0.027465
2 2 0.000020 0.002961 0.989116 0.007744 0.000159
2 2 0.015268 0.138547 0.752473 0.011699 0.082013
2 2 0.000549 0.013444 0.814664 0.168899 0.002443
2 2 0.000055 0.008712 0.940786 0.050010 0.000437
2 2 0.000001 0.001665 0.989972 0.007972 0.000390
2 2 0.000803 0.009634 0.983730 0.004830 0.001004
2 2 0.046737 0.189527 0.654572 0.012756 0.096408
2 2 0.005207 0.020998 0.935405 0.037377 0.001013
2 2 0.003787 0.067778 0.558408 0.313360 0.056667
2 2 0.006657 0.020402 0.728234 0.243647 0.001059
2 2 0.000392 0.011926 0.919509 0.066459 0.001715
2 2 0.013752 0.044855 0.814102 0.115421 0.011871
2 2 0.000719 0.011338 0.893818 0.093271 0.000853
2 2 0.017336 0.038426 0.909697 0.025891 0.008650
2 3 0.000006 0.001767 0.937369 0.060633 0.000225
2 3 0.000594 0.049892 0.929688 0.005916 0.013911
2 3 0.004526 0.032406 0.884566 0.065045 0.013458
2 3 0.007506 0.029883 0.867651 0.090837 0.004123
2 2 0.000227 0.012309 0.969180 0.017853 0.000431
2 2 0.071426 0.092676 0.773125 0.057779 0.004994
3 2 0.000464 0.009795 0.477477 0.508296 0.003969
2 2 0.010796 0.037659 0.872472 0.074921 0.004151
2 2 0.000116 0.005681 0.990733 0.001853 0.001616
2 2 0.000183 0.003105 0.788342 0.208103 0.000267
2 2 0.003194 0.024308 0.773282 0.195453 0.003763
3 2 0.000008 0.000658 0.427638 0.571669 0.000026
2 2 0.008266 0.037388 0.704751 0.196803 0.052792
2 2 0.001388 0.048302 0.944979 0.002934 0.002397
2 2 0.007479 0.105186 0.881427 0.002905 0.003004
2 2 0.000345 0.020666 0.962337 0.011587 0.005064
2 2 0.001199 0.035493 0.954733 0.004071 0.004504
2 2 0.000321 0.029312 0.968422 0.000548 0.001398
2 2 0.000004 0.001455 0.966488 0.032014 0.000038
2 2 0.000411 0.014482 0.980906 0.002860 0.001341
2 2 0.000551 0.008972 0.980505 0.007463 0.002508
2 2 0.003863 0.024772 0.960232 0.008361 0.002771
2 2 0.000007 0.000196 0.845196 0.154578 0.000024
2 2 0.003772 0.094921 0.887746 0.001642 0.011920
2 2 0.002775 0.044393 0.870094 0.077124 0.005613
2 2 0.000209 0.003561 0.851617 0.144496 0.000117
2 2 0.012341 0.066526 0.793669 0.057077 0.070387
2 2 0.010824 0.074979 0.605479 0.061070 0.247648
2 2 0.000045 0.007966 0.930174 0.060884 0.000931
2 2 0.001785 0.040176 0.953541 0.003038 0.001461
2 2 0.000023 0.004961 0.981615 0.013147 0.000253
2 2 0.022704 0.089895 0.814347 0.025752 0.047303
2 2 0.000505 0.018167 0.976935 0.004111 0.000282
2 2 0.001647 0.101770 0.815790 0.045446 0.035348
2 2 0.000001 0.000719 0.973920 0.025348 0.000012
2 2 0.000233 0.016001 0.980031 0.002012 0.001722
2 2 0.000027 0.009461 0.969358 0.019625 0.001528
2 2 0.000647 0.026597 0.952734 0.011396 0.008626
2 2 0.000195 0.010895 0.988272 0.000252 0.000386
2 2 0.000019 0.011902 0.951171 0.035602 0.001306
2 2 0.004899 0.024104 0.956294 0.013428 0.001275
2 2 0.003355 0.044868 0.938700 0.003148 0.009929
2 2 0.000935 0.024038 0.948608 0.024442 0.001978
2 2 0.000001 0.000608 0.801862 0.197340 0.000188
2 2 0.000717 0.022392 0.975000 0.001028 0.000864
2 2 0.000108 0.012145 0.986392 0.000178 0.001178
2 2 0.010713 0.022492 0.952365 0.011756 0.002674
2 2 0.000039 0.005510 0.992785 0.001592 0.000075
2 2 0.000010 0.006518 0.928791 0.064289 0.000391
2 2 0.000311 0.004511 0.959712 0.035376 0.000090
2 2 0.007109 0.044124 0.896434 0.014714 0.037620
2 2 0.044517 0.222570 0.612921 0.017809 0.102183
2 2 0.000196 0.015468 0.966662 0.009940 0.007734
2 2 0.000188 0.011176 0.973158 0.014869 0.000610
2 2 0.000188 0.006927 0.989454 0.003009 0.000423
2 2 0.000151 0.008929 0.979951 0.010742 0.000226
2 2 0.013782 0.127854 0.708503 0.099604 0.050257
2 2 0.003052 0.158173 0.603576 0.039910 0.195289
2 2 0.001341 0.053837 0.791614 0.122489 0.030720
2 2 0.000226 0.045077 0.937891 0.007379 0.009427
2 2 0.000178 0.011548 0.983986 0.003148 0.001140
2 2 0.000115 0.020348 0.970128 0.008117 0.001292
2 2 0.058317 0.178094 0.643639 0.003798 0.116152
2 2 0.000046 0.001035 0.984340 0.014526 0.000054
2 2 0.000416 0.011300 0.985594 0.001165 0.001525
2 2 0.000538 0.048764 0.920046 0.003053 0.027599
2 2 0.030985 0.211555 0.711108 0.004157 0.042195
2 2 0.000280 0.061400 0.916688 0.006960 0.014672
2 2 0.028365 0.282940 0.457304 0.023216 0.208175
4 2 0.025304 0.067229 0.065914 0.003538 0.838016
4 2 0.050838 0.199257 0.077119 0.000180 0.672605
2 2 0.021037 0.265551 0.585098 0.016372 0.111942
2 2 0.004168 0.182206 0.794581 0.001047 0.017997
4 2 0.018713 0.138989 0.100676 0.001425 0.740197
4 4 0.060055 0.067315 0.037425 0.001194 0.834011
4 4 0.003160 0.004820 0.004148 0.000014 0.987858
1 4 0.121785 0.552240 0.198482 0.000072 0.127421
4 4 0.066180 0.232646 0.136233 0.027514 0.537427
2 4 0.004707 0.323641 0.431904 0.002747 0.237002
4 1 0.018031 0.198700 0.280588 0.023389 0.479293
4 1 0.040612 0.276582 0.179678 0.003360 0.499768
4 1 0.005508 0.245201 0.327489 0.005117 0.416685
4 2 0.015644 0.231212 0.219435 0.005278 0.528431
2 2 0.007898 0.280669 0.418043 0.018002 0.275388
4 2 0.099960 0.244450 0.138889 0.012110 0.504592
1 2 0.025206 0.422945 0.241407 0.014227 0.296215
4 2 0.023212 0.288839 0.161892 0.006612 0.519444
2 2 0.004912 0.149889 0.564375 0.146022 0.134803
2 2 0.012363 0.277712 0.576420 0.033932 0.099573
4 2 0.010559 0.108399 0.227357 0.002122 0.651563
2 2 0.006182 0.196343 0.547839 0.046958 0.202678
4 2 0.017229 0.247985 0.145638 0.003997 0.585151
2 2 0.006543 0.196176 0.453078 0.023539 0.320663
4 2 0.012107 0.159364 0.175565 0.006015 0.646948
2 2 0.005714 0.307248 0.365137 0.000480 0.321421
4 2 0.006003 0.273896 0.171924 0.001707 0.546469
4 2 0.005783 0.322205 0.273188 0.015064 0.383760
2 2 0.000637 0.158064 0.580450 0.004286 0.256562
2 2 0.006493 0.272485 0.374086 0.010088 0.336849
2 2 0.001161 0.168215 0.647452 0.008556 0.174616
4 2 0.009022 0.098094 0.063273 0.000550 0.829060
4 1 0.069274 0.051106 0.022518 0.000421 0.856681
4 1 0.031806 0.211103 0.170811 0.014343 0.571937
4 1 0.019599 0.048126 0.108042 0.043770 0.780463
4 4 0.056331 0.083508 0.060708 0.002823 0.796629
4 4 0.022301 0.148276 0.080297 0.001300 0.747825
4 4 0.027463 0.059425 0.038859 0.001454 0.872799
0 0 0.567446 0.269635 0.080041 0.000352 0.082526
4 1 0.014156 0.163426 0.260684 0.005523 0.556211
2 1 0.004801 0.235934 0.405866 0.017859 0.335541
4 1 0.009038 0.286379 0.309506 0.010211 0.384867
2 1 0.013490 0.303953 0.370145 0.000347 0.312065
4 1 0.009491 0.223189 0.259119 0.003410 0.504792
4 1 0.043382 0.286468 0.231834 0.029941 0.408375
4 1 0.041105 0.131293 0.141744 0.008095 0.677763
4 1 0.056448 0.082086 0.036123 0.000581 0.824762
4 4 0.024202 0.228967 0.330788 0.053889 0.362154
2 4 0.003593 0.281906 0.392325 0.011806 0.310369
2 4 0.017452 0.259120 0.338826 0.064813 0.319789
4 4 0.017417 0.144461 0.133514 0.003392 0.701216
4 2 0.024900 0.214809 0.231580 0.022420 0.506291
2 2 0.079733 0.244686 0.376687 0.029676 0.269218
2 2 0.003119 0.107993 0.547421 0.009974 0.331493
4 2 0.042610 0.247423 0.172833 0.027573 0.509561
4 2 0.019244 0.154399 0.120555 0.007697 0.698104
4 2 0.030598 0.172988 0.126659 0.003235 0.666520
4 1 0.078654 0.062206 0.037209 0.004340 0.817591
4 1 0.080855 0.052344 0.034454 0.001878 0.830469
4 4 0.083902 0.029955 0.015940 0.000307 0.869896
4 4 0.120401 0.136325 0.065967 0.001514 0.675793
4 4 0.061798 0.107032 0.050793 0.001560 0.778817
4 4 0.016958 0.079909 0.110437 0.004730 0.787967
4 4 0.049372 0.085562 0.044584 0.000635 0.819847
4 4 0.126109 0.083865 0.048847 0.012212 0.728967
4 4 0.061773 0.093901 0.051970 0.000642 0.791714
4 4 0.203323 0.023121 0.017096 0.001559 0.754901
4 4 0.084680 0.059736 0.075430 0.029176 0.750977
4 4 0.031596 0.038729 0.058236 0.002652 0.868787
4 4 0.107183 0.155881 0.083750 0.012466 0.640720
4 4 0.027947 0.062207 0.051247 0.001619 0.856980
4 4 0.009911 0.127781 0.389817 0.022767 0.449723
4 4 0.016918 0.099186 0.223236 0.007866 0.652794
4 4 0.074865 0.195688 0.084833 0.000856 0.643758
4 4 0.112429 0.012528 0.006919 0.000609 0.867515
4 4 0.470717 0.032292 0.013358 0.000910 0.482722
4 4 0.120334 0.014592 0.008463 0.000289 0.856323
4 4 0.384093 0.135868 0.057954 0.000145 0.421941
4 4 0.054563 0.108689 0.166569 0.015274 0.654905
4 4 0.069621 0.201629 0.123145 0.016444 0.589162
4 0 0.214653 0.024996 0.012824 0.001191 0.746337
0 1 0.653056 0.049155 0.029586 0.000583 0.267620
4 1 0.153413 0.137308 0.076399 0.002169 0.630711
4 1 0.031012 0.085350 0.041022 0.000434 0.842183
4 1 0.047727 0.285421 0.175699 0.039414 0.451739
4 1 0.003790 0.196604 0.264319 0.001169 0.534119
4 1 0.008422 0.316673 0.304283 0.003649 0.366972
2 1 0.000711 0.139214 0.633649 0.005325 0.221100
4 1 0.038650 0.182046 0.136255 0.000455 0.642594
4 1 0.042639 0.110657 0.055213 0.001276 0.790214
2 1 0.001877 0.276234 0.569613 0.033540 0.118736
4 4 0.031679 0.217045 0.125095 0.005153 0.621029
4 4 0.049287 0.156540 0.101460 0.014605 0.678108
4 4 0.045905 0.023002 0.023257 0.005287 0.902550
4 4 0.016138 0.051487 0.123706 0.015171 0.793497
4 4 0.136230 0.068803 0.040127 0.003868 0.750972
4 4 0.025240 0.049734 0.026313 0.000278 0.898434
4 4 0.064202 0.149909 0.114496 0.002162 0.669231
4 4 0.226745 0.066067 0.030654 0.001076 0.675458
4 4 0.327447 0.024282 0.010594 0.000161 0.637516
4 4 0.151496 0.061996 0.034067 0.006617 0.745824
4 4 0.158820 0.063519 0.061629 0.009134 0.706898
4 4 0.042412 0.108842 0.110000 0.004346 0.734401
4 4 0.358611 0.039678 0.016023 0.000915 0.584773
4 4 0.063349 0.041582 0.032261 0.001681 0.861126
4 4 0.094029 0.094300 0.123595 0.019195 0.668879
4 4 0.061166 0.075468 0.042417 0.001341 0.819608
4 4 0.053060 0.027961 0.044740 0.006706 0.867533
4 4 0.253751 0.045347 0.016764 0.000136 0.684003
4 4 0.165467 0.226600 0.114122 0.000614 0.493197
4 1 0.131932 0.073367 0.028315 0.000237 0.766149
4 1 0.081261 0.204151 0.121784 0.002412 0.590392
4 1 0.021254 0.158380 0.083943 0.001185 0.735238
4 4 0.011913 0.127361 0.087292 0.000819 0.772616
4 4 0.057280 0.014414 0.020186 0.004210 0.903910
4 4 0.086454 0.338328 0.144021 0.005950 0.425247
4 4 0.019250 0.301980 0.145245 0.000571 0.532954
4 4 0.065123 0.270712 0.146591 0.001802 0.515772
2 4 0.006087 0.293522 0.357896 0.013327 0.329168
4 4 0.245541 0.170834 0.094444 0.001077 0.488104
4 4 0.021448 0.100124 0.081631 0.008490 0.788307
4 4 0.046409 0.369384 0.155122 0.000530 0.428556
4 4 0.115388 0.222620 0.077580 0.000167 0.584245
4 4 0.043438 0.143628 0.096075 0.000760 0.716099
4 4 0.097770 0.137464 0.061401 0.002970 0.700395
4 4 0.020780 0.133231 0.146187 0.006567 0.693234
0 4 0.853056 0.009554 0.003641 0.000075 0.133674
4 4 0.051600 0.063014 0.036958 0.002051 0.846376
4 4 0.013235 0.004410 0.004194 0.000197 0.977965
4 4 0.048705 0.136637 0.130684 0.026898 0.657075
4 4 0.034639 0.060162 0.115850 0.010446 0.778903
4 4 0.002992 0.019242 0.195837 0.007685 0.774243
4 4 0.025553 0.029144 0.026002 0.003451 0.915849
2 4 0.025777 0.248777 0.312026 0.103164 0.310256
4 4 0.057412 0.140258 0.057210 0.000387 0.744734
4 4 0.008964 0.078353 0.223519 0.003857 0.685307
4 4 0.020041 0.078180 0.063102 0.004966 0.833711
4 4 0.032878 0.112387 0.110122 0.004880 0.739733
4 4 0.200246 0.080258 0.039081 0.001591 0.678824
0 0 0.925080 0.025070 0.011675 0.013752 0.024422
4 1 0.169839 0.147636 0.074673 0.004335 0.603518
4 1 0.059406 0.162877 0.087463 0.005341 0.684912
4 1 0.007607 0.165420 0.227051 0.008920 0.591001
4 1 0.023932 0.246928 0.105619 0.000311 0.623210
4 1 0.021372 0.334532 0.175078 0.000912 0.468107
4 1 0.007047 0.218064 0.128062 0.000597 0.646230
4 1 0.007982 0.043921 0.028296 0.000151 0.919650
4 1 0.042904 0.192554 0.282462 0.048216 0.433863
4 1 0.078178 0.218771 0.177220 0.014708 0.511123
4 1 0.047041 0.135388 0.079441 0.005588 0.732541
4 1 0.044838 0.119885 0.209160 0.007717 0.618401
4 1 0.012323 0.044131 0.089505 0.007522 0.846519
4 1 0.041396 0.016934 0.013512 0.001789 0.926368
4 1 0.018704 0.092392 0.132283 0.009781 0.746840
2 1 0.041211 0.155406 0.466685 0.174581 0.162117
2 1 0.003586 0.090766 0.568487 0.124511 0.212651
2 2 0.003150 0.200542 0.505567 0.032744 0.257997
4 2 0.028633 0.180235 0.089390 0.001123 0.700619
4 2 0.018202 0.039989 0.027969 0.000419 0.913422
2 2 0.014484 0.110158 0.430574 0.154432 0.290352
4 2 0.024760 0.099257 0.074047 0.005911 0.796026
4 2 0.014611 0.230480 0.336257 0.022906 0.395746
2 2 0.003189 0.108827 0.568962 0.021883 0.297140
4 2 0.006480 0.057634 0.118825 0.007734 0.809328
2 2 0.000386 0.085186 0.830506 0.051662 0.032259
4 2 0.016773 0.076957 0.269268 0.052708 0.584294
4 2 0.035016 0.154047 0.087990 0.003762 0.719185
2 2 0.031303 0.047407 0.564726 0.081297 0.275268
2 2 0.000379 0.049154 0.888535 0.013921 0.048011
4 2 0.036491 0.148044 0.190143 0.070214 0.555108
4 2 0.007332 0.158384 0.291042 0.005543 0.537698
2 2 0.001296 0.255357 0.509673 0.019611 0.214063
2 2 0.031267 0.284747 0.489472 0.001826 0.192688
4 2 0.043170 0.104592 0.045480 0.000512 0.806247
4 2 0.044264 0.184631 0.359916 0.005293 0.405897
2 2 0.002341 0.082111 0.679014 0.015660 0.220875
4 2 0.019780 0.279353 0.249478 0.012866 0.438524
4 2 0.069342 0.255043 0.135167 0.008823 0.531626
2 2 0.104560 0.201001 0.346797 0.004534 0.343108
1 2 0.248123 0.513579 0.200075 0.000538 0.037686
2 2 0.007023 0.245394 0.469649 0.007175 0.270759
1 2 0.185957 0.509130 0.202552 0.000014 0.102347
4 2 0.051850 0.268734 0.284872 0.015602 0.378942
4 2 0.180308 0.111152 0.043422 0.000347 0.664772
2 2 0.004449 0.116289 0.510446 0.013141 0.355676
2 2 0.036995 0.267418 0.396493 0.037912 0.261181
2 2 0.002585 0.086262 0.783483 0.035190 0.092481
4 2 0.003909 0.342112 0.284288 0.009376 0.360315
4 2 0.035101 0.223672 0.303766 0.001562 0.435898
2 2 0.015958 0.165318 0.502921 0.007699 0.308105
2 2 0.000099 0.021793 0.954484 0.017214 0.006410
2 2 0.001844 0.065217 0.881190 0.002675 0.049075
2 2 0.004183 0.086560 0.833500 0.016597 0.059160
2 2 0.001630 0.124117 0.840423 0.000630 0.033199
2 2 0.000004 0.003312 0.988792 0.006686 0.001206
4 2 0.004107 0.299305 0.292076 0.005967 0.398545
2 2 0.000332 0.040381 0.929703 0.018669 0.010916
2 2 0.000049 0.008795 0.989550 0.000255 0.001350
2 2 0.000232 0.023268 0.972267 0.002591 0.001642
2 2 0.000015 0.006957 0.980265 0.011565 0.001197
2 2 0.000002 0.003118 0.995679 0.000428 0.000773
2 2 0.000020 0.005528 0.989433 0.004501 0.000518
2 2 0.000068 0.008801 0.824012 0.162814 0.004305
2 2 0.000001 0.000464 0.976910 0.022611 0.000014
2 2 0.000300 0.018213 0.936547 0.031555 0.013384
2 2 0.000005 0.004117 0.984774 0.010053 0.001051
2 2 0.000003 0.001312 0.970815 0.027848 0.000022
2 2 0.000001 0.000446 0.938815 0.060716 0.000022
2 2 0.000145 0.023434 0.851618 0.113499 0.011305
2 2 0.000007 0.001149 0.995870 0.002969 0.000005
2 2 0.000000 0.000115 0.980413 0.019472 0.000000
2 2 0.000165 0.012814 0.841713 0.141685 0.003623
2 2 0.012934 0.048179 0.887134 0.045381 0.006373
2 3 0.000795 0.009164 0.895937 0.092301 0.001802
3 3 0.000000 0.000006 0.068058 0.931935 0.000000
2 3 0.000386 0.016525 0.943498 0.038160 0.001431
2 3 0.000017 0.001444 0.893909 0.104576 0.000055
2 3 0.000099 0.000779 0.570926 0.428144 0.000051
2 3 0.000000 0.000177 0.738827 0.260986 0.000010
2 3 0.000098 0.004761 0.587460 0.406932 0.000748
3 3 0.000002 0.000100 0.219263 0.780621 0.000013
3 3 0.000000 0.000000 0.014292 0.985708 0.000000
2 3 0.004546 0.020332 0.527617 0.441160 0.006345
2 3 0.005604 0.031453 0.683177 0.272258 0.007507
3 3 0.000002 0.000074 0.152568 0.847354 0.000002
3 3 0.000008 0.000447 0.064118 0.935207 0.000219
3 3 0.000001 0.000017 0.036413 0.963567 0.000002
3 3 0.000008 0.000040 0.019306 0.980616 0.000030
3 3 0.000080 0.001856 0.282322 0.715609 0.000132
3 3 0.000000 0.000007 0.075788 0.924204 0.000000
3 3 0.000000 0.000002 0.027725 0.972273 0.000000
3 3 0.000000 0.000005 0.017975 0.982019 0.000000
3 3 0.000040 0.000105 0.016214 0.983594 0.000047
3 3 0.000004 0.000018 0.004188 0.995775 0.000016
3 3 0.000000 0.000003 0.007010 0.992986 0.000001
3 3 0.000003 0.000203 0.168390 0.831386 0.000017
3 3 0.000000 0.000033 0.478365 0.521602 0.000000
3 3 0.000051 0.000506 0.106405 0.892871 0.000167
3 3 0.000000 0.000005 0.005606 0.994386 0.000002
3 3 0.000048 0.000094 0.018372 0.981458 0.000029
3 3 0.000000 0.000000 0.000446 0.999554 0.000000
3 3 0.000004 0.000097 0.444376 0.555521 0.000002
3 3 0.000003 0.000057 0.053263 0.946671 0.000006
3 3 0.000000 0.000001 0.010505 0.989494 0.000000
3 3 0.000000 0.000001 0.001445 0.998554 0.000000
3 3 0.000000 0.000002 0.001533 0.998465 0.000001
3 3 0.000000 0.000003 0.004979 0.995018 0.000001
3 3 0.000027 0.000069 0.007074 0.992790 0.000040
3 3 0.000003 0.000008 0.012086 0.987895 0.000007
3 3 0.000006 0.000002 0.000590 0.999396 0.000006
3 3 0.000003 0.000025 0.026866 0.973101 0.000005
3 3 0.000000 0.000000 0.001002 0.998997 0.000000
3 3 0.000000 0.000000 0.001458 0.998542 0.000000
3 3 0.000000 0.000000 0.000085 0.999915 0.000000
3 3 0.000000 0.000000 0.001322 0.998678 0.000000
3 3 0.000000 0.000000 0.001510 0.998489 0.000000
3 3 0.000000 0.000000 0.000076 0.999924 0.000000
3 3 0.000000 0.000002 0.006802 0.993194 0.000001
3 3 0.000002 0.000020 0.021079 0.978882 0.000016
3 3 0.000000 0.000000 0.000249 0.999751 0.000000
3 3 0.000002 0.000009 0.006871 0.993115 0.000003
3 3 0.000000 0.000001 0.003434 0.996565 0.000000
3 3 0.000000 0.000000 0.002270 0.997730 0.000000
3 3 0.000001 0.000006 0.003235 0.996754 0.000004
3 3 0.000000 0.000000 0.000441 0.999559 0.000000
3 3 0.000000 0.000000 0.000709 0.999291 0.000000
3 3 0.000000 0.000000 0.000767 0.999233 0.000000
3 3 0.000000 0.000000 0.000170 0.999830 0.000000
3 3 0.000000 0.000006 0.084322 0.915672 0.000000
3 3 0.000000 0.000000 0.001823 0.998176 0.000000
3 3 0.000005 0.000024 0.009315 0.990646 0.000010
3 3 0.000000 0.000000 0.002258 0.997742 0.000000
2 3 0.063815 0.083146 0.498681 0.334529 0.019829
0 3 0.571342 0.163798 0.185467 0.042326 0.037067
