0 0 0.895094 0.008137 0.002187 0.000025 0.094557
0 0 0.900550 0.010206 0.002977 0.000054 0.086213
0 0 0.896997 0.007791 0.002492 0.000042 0.092677
0 0 0.833980 0.029218 0.002172 0.000002 0.134627
0 0 0.878825 0.016124 0.002369 0.000011 0.102672
0 0 0.876284 0.017413 0.001584 0.000002 0.104716
0 0 0.939521 0.011257 0.001053 0.000003 0.048166
0 0 0.944523 0.007874 0.001506 0.000016 0.046081
0 0 0.946239 0.007797 0.001727 0.000026 0.044211
0 0 0.950553 0.007855 0.000963 0.000004 0.040624
0 0 0.941006 0.011664 0.001298 0.000005 0.046027
0 0 0.960171 0.007328 0.000567 0.000001 0.031934
0 0 0.947519 0.010577 0.001263 0.000006 0.040635
0 0 0.930953 0.014822 0.001041 0.000001 0.053183
0 0 0.975311 0.005102 0.000347 0.000001 0.019240
0 0 0.954134 0.009107 0.000870 0.000003 0.035886
0 0 0.926087 0.008991 0.001262 0.000005 0.063655
0 0 0.963610 0.009666 0.000499 0.000001 0.026224
0 0 0.820742 0.040932 0.002015 0.000001 0.136310
0 0 0.948647 0.010191 0.001230 0.000006 0.039926
0 0 0.986891 0.003027 0.000299 0.000001 0.009782
0 0 0.974273 0.006406 0.000893 0.000010 0.018418
0 0 0.986153 0.003637 0.000208 0.000000 0.010001
0 0 0.984850 0.003340 0.000284 0.000001 0.011525
0 0 0.955249 0.013205 0.000787 0.000000 0.030759
0 0 0.863591 0.018540 0.001517 0.000002 0.116350
0 0 0.799493 0.037320 0.004131 0.000012 0.159045
0 0 0.889273 0.018774 0.001975 0.000005 0.089973
0 0 0.842181 0.038479 0.003443 0.000009 0.115888
0 0 0.850564 0.025389 0.003282 0.000013 0.120752
0 0 0.974059 0.006072 0.001062 0.000018 0.018789
0 0 0.958530 0.008466 0.001661 0.000029 0.031314
0 0 0.980306 0.003511 0.000431 0.000002 0.015750
0 0 0.977584 0.006363 0.000588 0.000003 0.015462
0 0 0.969574 0.005090 0.001597 0.000071 0.023668
0 0 0.939940 0.013408 0.002572 0.000043 0.044038
0 0 0.969589 0.005602 0.001041 0.000015 0.023753
0 0 0.970378 0.004856 0.000969 0.000015 0.023782
0 0 0.919461 0.011650 0.002089 0.000018 0.066782
0 0 0.976203 0.004932 0.000643 0.000005 0.018218
0 0 0.989561 0.002193 0.000224 0.000001 0.008021
0 0 0.991220 0.001688 0.000191 0.000001 0.006899
0 0 0.987988 0.002672 0.000270 0.000001 0.009069
0 0 0.991457 0.001578 0.000209 0.000002 0.006755
0 0 0.989264 0.002773 0.000312 0.000001 0.007650
0 0 0.978590 0.004898 0.000460 0.000002 0.016051
0 0 0.984275 0.003553 0.000577 0.000009 0.011587
0 0 0.981208 0.003498 0.000790 0.000020 0.014483
0 0 0.989696 0.001970 0.000323 0.000004 0.008005
0 0 0.988774 0.001840 0.000299 0.000003 0.009083
0 0 0.993992 0.000963 0.000123 0.000001 0.004921
0 0 0.977165 0.005410 0.001234 0.000041 0.016150
0 0 0.960556 0.011429 0.001933 0.000036 0.026046
0 0 0.970486 0.004521 0.000811 0.000009 0.024173
0 0 0.986635 0.002895 0.000253 0.000001 0.010216
0 0 0.994171 0.000960 0.000099 0.000000 0.004769
0 0 0.990411 0.002054 0.000155 0.000000 0.007380
0 0 0.993617 0.001992 0.000180 0.000000 0.004212
0 0 0.990451 0.001872 0.000230 0.000002 0.007446
0 0 0.984186 0.004373 0.000508 0.000002 0.010931
0 0 0.985699 0.003167 0.000473 0.000006 0.010656
0 0 0.988323 0.002243 0.000461 0.000011 0.008962
0 0 0.990711 0.001777 0.000234 0.000002 0.007276
0 0 0.984795 0.003460 0.000349 0.000002 0.011394
0 0 0.992115 0.001495 0.000144 0.000001 0.006246
0 0 0.995849 0.001124 0.000133 0.000000 0.002894
0 0 0.993289 0.000985 0.000245 0.000007 0.005474
0 0 0.995779 0.001369 0.000085 0.000000 0.002766
0 0 0.992825 0.002176 0.000157 0.000000 0.004842
0 0 0.995824 0.001148 0.000097 0.000000 0.002931
0 0 0.992132 0.002123 0.000193 0.000000 0.005551
0 0 0.992592 0.002542 0.000235 0.000000 0.004631
0 0 0.993003 0.002264 0.000249 0.000000 0.004483
0 0 0.991854 0.002825 0.000214 0.000000 0.005106
0 0 0.988639 0.002589 0.000201 0.000001 0.008572
0 0 0.990151 0.002021 0.000207 0.000001 0.007620
0 0 0.997383 0.000259 0.000055 0.000001 0.002302
0 0 0.997191 0.000305 0.000049 0.000000 0.002455
0 0 0.994783 0.000759 0.000116 0.000001 0.004341
0 0 0.995643 0.000486 0.000174 0.000010 0.003686
0 0 0.995137 0.000642 0.000135 0.000003 0.004083
0 0 0.994469 0.001333 0.000088 0.000000 0.004110
0 0 0.994252 0.001257 0.000110 0.000000 0.004381
0 0 0.996652 0.000841 0.000131 0.000000 0.002375
0 0 0.991053 0.001636 0.000252 0.000003 0.007057
0 0 0.993733 0.000991 0.000149 0.000002 0.005125
0 0 0.995487 0.000594 0.000108 0.000002 0.003809
0 0 0.993707 0.001017 0.000138 0.000001 0.005137
0 0 0.992276 0.001501 0.000120 0.000000 0.006103
0 0 0.992438 0.001462 0.000157 0.000001 0.005941
0 0 0.991551 0.001881 0.000120 0.000000 0.006449
0 0 0.981323 0.003454 0.000342 0.000001 0.014880
0 0 0.985946 0.002684 0.000136 0.000000 0.011234
0 0 0.988912 0.002320 0.000276 0.000002 0.008490
0 0 0.984581 0.004002 0.000283 0.000001 0.011134
0 0 0.991370 0.001750 0.000142 0.000000 0.006738
0 0 0.991205 0.002639 0.000280 0.000000 0.005876
0 0 0.988802 0.002754 0.000129 0.000000 0.008315
0 0 0.993327 0.001731 0.000127 0.000000 0.004815
0 0 0.991897 0.002147 0.000161 0.000000 0.005795
0 0 0.989883 0.004443 0.000384 0.000000 0.005290
0 0 0.993456 0.003114 0.000315 0.000000 0.003115
0 0 0.989517 0.002820 0.000241 0.000000 0.007422
0 0 0.995606 0.001890 0.000203 0.000000 0.002301
0 0 0.988229 0.003309 0.000324 0.000001 0.008137
0 0 0.970959 0.008776 0.000946 0.000007 0.019312
0 0 0.982805 0.005660 0.000466 0.000001 0.011068
0 0 0.993380 0.002165 0.000224 0.000000 0.004231
0 0 0.989218 0.002266 0.000248 0.000001 0.008267
0 0 0.985637 0.004611 0.000317 0.000000 0.009435
0 0 0.963967 0.011325 0.001134 0.000007 0.023567
0 0 0.987053 0.005227 0.000536 0.000000 0.007183
0 0 0.980481 0.010338 0.001417 0.000000 0.007764
0 0 0.987662 0.005603 0.000439 0.000000 0.006295
0 0 0.979019 0.006493 0.000294 0.000000 0.014194
0 0 0.982440 0.005378 0.000441 0.000001 0.011740
0 0 0.977154 0.011106 0.001424 0.000000 0.010316
0 0 0.983464 0.008220 0.000698 0.000000 0.007618
0 0 0.981637 0.005401 0.000602 0.000003 0.012359
0 0 0.978633 0.006103 0.000490 0.000002 0.014772
0 0 0.980780 0.005263 0.000436 0.000002 0.013520
0 0 0.986098 0.004851 0.000325 0.000000 0.008726
0 0 0.982101 0.006323 0.000623 0.000001 0.010952
0 0 0.978935 0.006080 0.000472 0.000002 0.014511
0 0 0.987432 0.004998 0.000543 0.000000 0.007027
0 0 0.988662 0.003133 0.000264 0.000000 0.007941
0 0 0.977092 0.006726 0.000528 0.000002 0.015652
0 0 0.973815 0.010138 0.000662 0.000001 0.015384
0 0 0.980750 0.005782 0.000263 0.000000 0.013205
0 0 0.985898 0.003749 0.000185 0.000000 0.010167
0 0 0.983821 0.005083 0.000305 0.000000 0.010791
0 0 0.964842 0.020052 0.003696 0.000002 0.011408
0 0 0.979804 0.007709 0.000734 0.000001 0.011752
0 0 0.979760 0.006731 0.000472 0.000001 0.013036
0 0 0.987959 0.004536 0.000514 0.000000 0.006990
0 0 0.983388 0.004306 0.000362 0.000001 0.011942
0 0 0.982812 0.005915 0.000898 0.000003 0.010372
0 0 0.982438 0.007433 0.000789 0.000001 0.009339
0 0 0.981640 0.006886 0.000656 0.000001 0.010817
0 0 0.988274 0.003826 0.000438 0.000001 0.007461
0 0 0.983504 0.008694 0.001033 0.000000 0.006769
0 0 0.984888 0.006670 0.000402 0.000000 0.008040
0 0 0.980612 0.005920 0.000328 0.000000 0.013140
0 0 0.972701 0.012803 0.000922 0.000000 0.013574
0 0 0.977603 0.006941 0.000363 0.000001 0.015092
0 0 0.987909 0.003992 0.000266 0.000000 0.007834
0 0 0.986927 0.006109 0.000551 0.000000 0.006413
0 0 0.978243 0.013093 0.002777 0.000001 0.005887
0 0 0.991218 0.005084 0.000977 0.000000 0.002722
0 0 0.991599 0.004346 0.000650 0.000000 0.003405
0 0 0.995501 0.001046 0.000126 0.000000 0.003327
0 0 0.987729 0.002960 0.000195 0.000000 0.009117
0 0 0.990270 0.004023 0.000634 0.000000 0.005072
0 0 0.995297 0.002431 0.000299 0.000000 0.001973
0 0 0.995282 0.001119 0.000169 0.000000 0.003430
0 0 0.992828 0.001276 0.000140 0.000001 0.005756
0 0 0.997018 0.001290 0.000137 0.000000 0.001555
0 0 0.996806 0.001860 0.000290 0.000000 0.001044
0 0 0.995453 0.002107 0.000173 0.000000 0.002267
0 0 0.997445 0.001466 0.000398 0.000000 0.000691
0 0 0.996977 0.001070 0.000087 0.000000 0.001866
0 0 0.994958 0.000757 0.000091 0.000001 0.004194
0 0 0.995484 0.000617 0.000094 0.000001 0.003804
0 0 0.984147 0.003675 0.000529 0.000006 0.011643
0 0 0.991212 0.001445 0.000360 0.000012 0.006972
0 0 0.985049 0.003596 0.000374 0.000002 0.010979
0 0 0.977213 0.006008 0.000880 0.000012 0.015888
0 0 0.969507 0.008988 0.001232 0.000015 0.020259
0 0 0.985962 0.002908 0.000588 0.000014 0.010529
0 0 0.985396 0.003138 0.000570 0.000011 0.010885
0 0 0.973143 0.007595 0.001033 0.000012 0.018216
0 0 0.982321 0.004300 0.000595 0.000007 0.012778
0 0 0.976691 0.006505 0.000722 0.000005 0.016077
0 0 0.965823 0.010395 0.001474 0.000020 0.022288
0 0 0.977972 0.005699 0.000866 0.000012 0.015451
0 0 0.978048 0.011822 0.003645 0.000002 0.006483
0 0 0.977065 0.009909 0.001734 0.000004 0.011288
0 0 0.976259 0.009909 0.002933 0.000014 0.010885
0 0 0.988425 0.006588 0.002422 0.000000 0.002565
0 0 0.982249 0.011320 0.001554 0.000000 0.004877
0 0 0.988249 0.008394 0.001098 0.000000 0.002259
0 0 0.976817 0.011291 0.003278 0.000005 0.008609
0 0 0.972553 0.015107 0.004161 0.000003 0.008176
0 0 0.976643 0.015077 0.001613 0.000000 0.006667
0 0 0.983934 0.010678 0.001246 0.000000 0.004142
0 0 0.956461 0.029403 0.006758 0.000000 0.007377
0 0 0.976313 0.015956 0.002999 0.000000 0.004733
0 0 0.952336 0.034225 0.006215 0.000000 0.007224
0 0 0.970341 0.020910 0.003991 0.000000 0.004757
0 0 0.967113 0.023203 0.004630 0.000000 0.005054
0 0 0.974672 0.018391 0.003641 0.000000 0.003296
0 0 0.970530 0.021849 0.003212 0.000000 0.004409
0 0 0.961572 0.023808 0.006149 0.000000 0.008471
0 0 0.960902 0.028944 0.005192 0.000000 0.004962
0 0 0.979591 0.014283 0.002792 0.000000 0.003335
0 0 0.988942 0.006622 0.001104 0.000000 0.003332
0 0 0.975985 0.012244 0.002953 0.000003 0.008815
0 0 0.986535 0.004825 0.000600 0.000001 0.008039
0 0 0.986887 0.005782 0.001081 0.000001 0.006250
0 0 0.992090 0.005467 0.000572 0.000000 0.001871
0 0 0.988257 0.005682 0.000913 0.000000 0.005147
0 0 0.980099 0.011436 0.002726 0.000001 0.005738
0 0 0.990524 0.003505 0.000307 0.000000 0.005665
0 0 0.989567 0.003127 0.000404 0.000001 0.006901
0 0 0.990145 0.003681 0.000386 0.000000 0.005788
0 0 0.990421 0.003725 0.000384 0.000000 0.005469
0 0 0.991591 0.004281 0.000699 0.000000 0.003430
0 0 0.987282 0.004908 0.000323 0.000000 0.007487
0 0 0.994596 0.002220 0.000243 0.000000 0.002942
0 0 0.988571 0.006025 0.000590 0.000000 0.004813
0 0 0.990870 0.002228 0.000243 0.000001 0.006659
0 0 0.989091 0.002314 0.000247 0.000001 0.008346
0 0 0.989954 0.002438 0.000267 0.000001 0.007340
0 0 0.991831 0.002429 0.000325 0.000001 0.005414
0 0 0.989685 0.003742 0.000341 0.000000 0.006232
0 0 0.935928 0.040154 0.014810 0.000004 0.009104
0 0 0.940927 0.045534 0.007333 0.000000 0.006206
0 0 0.952661 0.035448 0.005961 0.000000 0.005930
0 0 0.963124 0.027977 0.004345 0.000000 0.004554
0 0 0.946371 0.039904 0.007285 0.000000 0.006439
0 0 0.953709 0.034515 0.007176 0.000000 0.004601
0 0 0.921574 0.056839 0.013938 0.000001 0.007649
0 0 0.924449 0.052083 0.014705 0.000001 0.008762
0 0 0.940677 0.041028 0.010720 0.000001 0.007574
0 0 0.924227 0.054312 0.013038 0.000001 0.008423
0 0 0.953557 0.032097 0.006912 0.000001 0.007434
0 0 0.963166 0.024655 0.005989 0.000001 0.006190
0 0 0.957311 0.030881 0.004527 0.000000 0.007281
0 0 0.929180 0.052609 0.007254 0.000000 0.010957
0 0 0.894775 0.078802 0.012169 0.000001 0.014253
0 0 0.829711 0.136551 0.014706 0.000001 0.019031
0 0 0.925350 0.055135 0.009109 0.000001 0.010406
0 0 0.911101 0.066608 0.009609 0.000001 0.012681
0 0 0.950014 0.035960 0.006492 0.000000 0.007534
0 0 0.897689 0.075895 0.012626 0.000001 0.013788
0 0 0.915797 0.068642 0.006107 0.000000 0.009454
0 0 0.930593 0.055332 0.005761 0.000000 0.008313
0 0 0.926945 0.058109 0.006187 0.000000 0.008758
0 0 0.870802 0.103099 0.013137 0.000000 0.012961
0 0 0.857420 0.119309 0.009257 0.000000 0.014014
1 1 0.272200 0.630256 0.050642 0.000000 0.046902
1 1 0.275692 0.640119 0.050634 0.000000 0.033555
1 1 0.255172 0.647625 0.056938 0.000000 0.040265
1 1 0.270076 0.629973 0.071315 0.000000 0.028636
1 1 0.208894 0.628208 0.118148 0.000001 0.044748
2 1 0.028763 0.388435 0.558038 0.000033 0.024731
2 2 0.016770 0.318477 0.646120 0.000023 0.018610
2 2 0.019698 0.346396 0.589256 0.000154 0.044497
2 2 0.002708 0.166131 0.803030 0.000117 0.028014
2 2 0.001639 0.130632 0.844640 0.000157 0.022932
2 2 0.010721 0.276808 0.678029 0.000125 0.034317
2 2 0.001450 0.131882 0.812732 0.000547 0.053388
2 2 0.004830 0.199366 0.741834 0.001294 0.052676
2 2 0.001280 0.080102 0.879561 0.000971 0.038085
2 2 0.000765 0.087845 0.885563 0.001328 0.024498
2 2 0.002103 0.053434 0.885761 0.037250 0.021452
2 2 0.005105 0.048800 0.871023 0.033017 0.042055
2 2 0.002628 0.042466 0.882186 0.049757 0.022964
2 2 0.002222 0.015090 0.881764 0.079295 0.021629
2 2 0.004071 0.078356 0.827119 0.059221 0.031233
2 2 0.004056 0.010814 0.628892 0.346241 0.009997
2 3 0.002916 0.009401 0.560275 0.420161 0.007247
2 3 0.003124 0.006569 0.553552 0.434036 0.002720
2 3 0.002834 0.009520 0.688749 0.294391 0.004505
2 3 0.003582 0.011452 0.500088 0.482151 0.002727
3 3 0.003005 0.004760 0.340802 0.649470 0.001962
3 3 0.001084 0.001643 0.227028 0.769760 0.000485
3 3 0.001096 0.001756 0.209249 0.787035 0.000864
3 3 0.001476 0.004544 0.254893 0.737437 0.001651
3 3 0.001864 0.004313 0.328569 0.664162 0.001092
3 3 0.000383 0.000655 0.222663 0.776070 0.000230
3 3 0.000297 0.000454 0.089852 0.909337 0.000060
3 3 0.000328 0.000494 0.103554 0.895556 0.000068
3 3 0.000261 0.000418 0.131149 0.868108 0.000064
3 3 0.000374 0.000680 0.114785 0.884042 0.000119
3 3 0.000048 0.000077 0.031812 0.968052 0.000011
3 3 0.000195 0.000255 0.070356 0.929161 0.000034
3 3 0.000328 0.000496 0.102679 0.896402 0.000095
3 3 0.000235 0.000313 0.062582 0.936821 0.000049
3 3 0.000101 0.000135 0.056939 0.942809 0.000017
3 3 0.000074 0.000098 0.046632 0.953183 0.000013
3 3 0.000047 0.000087 0.057983 0.941875 0.000008
3 3 0.000074 0.000078 0.032403 0.967432 0.000013
3 3 0.000116 0.000186 0.065130 0.934547 0.000022
3 3 0.000108 0.000135 0.032529 0.967203 0.000026
3 3 0.000051 0.000084 0.042905 0.956949 0.000010
3 3 0.000178 0.000215 0.079209 0.920372 0.000026
3 3 0.000082 0.000118 0.036061 0.963720 0.000019
3 3 0.000120 0.000152 0.045590 0.954115 0.000024
3 3 0.000033 0.000039 0.021494 0.978428 0.000007
3 3 0.000034 0.000031 0.019007 0.980922 0.000006
3 3 0.000032 0.000031 0.023281 0.976651 0.000005
3 3 0.000076 0.000070 0.029215 0.970625 0.000013
3 3 0.000016 0.000019 0.021615 0.978348 0.000003
3 3 0.000029 0.000021 0.012429 0.987516 0.000005
3 3 0.000073 0.000042 0.019918 0.979957 0.000010
3 3 0.000138 0.000078 0.027704 0.972061 0.000018
3 3 0.000104 0.000064 0.022654 0.977163 0.000015
3 3 0.000112 0.000087 0.036673 0.963113 0.000015
3 3 0.000094 0.000081 0.041018 0.958794 0.000012
3 3 0.000050 0.000063 0.027873 0.972003 0.000010
3 3 0.000055 0.000040 0.021360 0.978536 0.000008
3 3 0.000045 0.000050 0.021947 0.977949 0.000009
3 3 0.000034 0.000048 0.037651 0.962263 0.000005
3 3 0.000022 0.000034 0.030951 0.968989 0.000004
3 3 0.000039 0.000053 0.032927 0.966974 0.000007
3 3 0.000021 0.000028 0.017182 0.982763 0.000005
3 3 0.000016 0.000019 0.019912 0.980050 0.000003
3 3 0.000018 0.000022 0.013664 0.986291 0.000004
3 3 0.000027 0.000024 0.015627 0.984316 0.000005
3 3 0.000042 0.000046 0.027849 0.972056 0.000007
3 3 0.000033 0.000023 0.014303 0.985636 0.000005
3 3 0.000057 0.000062 0.020863 0.979005 0.000013
3 3 0.000059 0.000036 0.016725 0.983170 0.000009
3 3 0.000042 0.000056 0.023095 0.976797 0.000010
3 3 0.000050 0.000064 0.021979 0.977895 0.000012
3 3 0.000060 0.000052 0.024214 0.975664 0.000010
3 3 0.000093 0.000164 0.038264 0.961452 0.000027
3 3 0.000011 0.000013 0.014503 0.985471 0.000002
3 3 0.000072 0.000077 0.033276 0.966562 0.000013
3 3 0.000085 0.000048 0.024552 0.975305 0.000010
3 3 0.000070 0.000054 0.021321 0.978544 0.000012
3 3 0.000153 0.000129 0.038981 0.960712 0.000024
3 3 0.000092 0.000067 0.027822 0.972005 0.000014
3 3 0.000167 0.000101 0.023550 0.976155 0.000028
3 3 0.000160 0.000132 0.030175 0.969503 0.000031
3 3 0.000107 0.000070 0.018614 0.981190 0.000020
3 3 0.000085 0.000061 0.030846 0.968998 0.000011
3 3 0.000138 0.000061 0.018526 0.981257 0.000019
3 3 0.000120 0.000054 0.018757 0.981053 0.000016
3 3 0.000277 0.000144 0.018589 0.980933 0.000057
3 3 0.000428 0.000215 0.040594 0.958707 0.000056
3 3 0.000226 0.000107 0.023705 0.975929 0.000033
3 3 0.000334 0.000120 0.015295 0.984193 0.000058
3 3 0.000306 0.000119 0.021899 0.977632 0.000043
3 3 0.000092 0.000063 0.028931 0.970901 0.000012
3 3 0.000188 0.000143 0.037223 0.962416 0.000030
3 3 0.000050 0.000028 0.012153 0.987761 0.000008
3 3 0.000135 0.000075 0.022644 0.977125 0.000020
3 3 0.000067 0.000056 0.025984 0.973882 0.000011
3 3 0.000124 0.000075 0.024371 0.975412 0.000018
3 3 0.000179 0.000100 0.033986 0.965713 0.000022
3 3 0.000171 0.000132 0.036987 0.962682 0.000027
3 3 0.000067 0.000070 0.027541 0.972309 0.000013
3 3 0.000117 0.000063 0.022661 0.977144 0.000016
3 3 0.000077 0.000080 0.047055 0.952778 0.000010
3 3 0.000081 0.000069 0.020735 0.979098 0.000017
3 3 0.000113 0.000072 0.025107 0.974692 0.000017
3 3 0.000036 0.000017 0.010762 0.989180 0.000005
3 3 0.000107 0.000074 0.036526 0.963280 0.000013
3 3 0.000124 0.000050 0.014663 0.985145 0.000018
3 3 0.000147 0.000092 0.023517 0.976219 0.000025
3 3 0.000097 0.000059 0.020874 0.978954 0.000015
3 3 0.000107 0.000066 0.020774 0.979036 0.000017
3 3 0.000102 0.000119 0.045903 0.953858 0.000017
3 3 0.000136 0.000110 0.044295 0.955441 0.000018
3 3 0.000384 0.000198 0.047957 0.951416 0.000044
3 3 0.000337 0.000235 0.051707 0.947673 0.000048
3 3 0.000345 0.000165 0.039125 0.960324 0.000041
2 2 0.375120 0.032200 0.383024 0.197134 0.012522
3 2 0.002276 0.005622 0.261243 0.730189 0.000670
2 2 0.004892 0.014766 0.569906 0.409339 0.001097
2 2 0.004916 0.005906 0.525419 0.463253 0.000506
3 2 0.010630 0.008891 0.474969 0.504349 0.001162
3 2 0.003185 0.009065 0.458235 0.528767 0.000747
2 2 0.012294 0.013612 0.609032 0.363655 0.001408
3 2 0.003562 0.010943 0.472315 0.512274 0.000906
2 2 0.004704 0.009504 0.738268 0.246887 0.000638
2 2 0.006690 0.013533 0.580085 0.398421 0.001271
2 2 0.006830 0.019534 0.667075 0.304597 0.001965
2 2 0.003549 0.122096 0.847804 0.015834 0.010717
2 2 0.002677 0.064451 0.892810 0.029311 0.010750
2 2 0.003619 0.122317 0.831681 0.029720 0.012663
2 2 0.001304 0.070624 0.905253 0.014588 0.008231
2 2 0.002315 0.037123 0.935818 0.007804 0.016939
2 2 0.008757 0.142106 0.833888 0.012149 0.003100
2 2 0.012073 0.162184 0.819701 0.003320 0.002721
2 2 0.002032 0.062557 0.892516 0.041753 0.001142
2 2 0.009189 0.093778 0.831776 0.061605 0.003652
2 2 0.001898 0.060575 0.910571 0.026058 0.000898
2 2 0.007458 0.081904 0.894818 0.013802 0.002018
2 2 0.001735 0.033111 0.929633 0.034383 0.001138
2 2 0.001752 0.079680 0.895641 0.018331 0.004596
2 2 0.001755 0.079838 0.903799 0.010647 0.003963
2 2 0.003670 0.093879 0.858272 0.041279 0.002900
2 2 0.018761 0.334305 0.444304 0.003209 0.199421
2 2 0.003124 0.166976 0.691284 0.001257 0.137359
2 2 0.017927 0.336484 0.477909 0.002495 0.165185
2 2 0.016960 0.361726 0.434090 0.000246 0.186977
2 2 0.016326 0.331892 0.527105 0.001650 0.123026
4 2 0.020403 0.343538 0.287130 0.000775 0.348154
4 2 0.012626 0.282050 0.260711 0.000707 0.443905
4 2 0.008637 0.272225 0.266968 0.000095 0.452075
2 2 0.015850 0.321869 0.403411 0.002437 0.256432
2 2 0.008406 0.264850 0.515402 0.001386 0.209956
2 2 0.007227 0.254443 0.620248 0.000966 0.117117
2 2 0.005914 0.223781 0.715565 0.000790 0.053950
2 2 0.010544 0.260783 0.632024 0.005030 0.091620
2 2 0.007746 0.250975 0.664060 0.000890 0.076329
2 2 0.007094 0.219675 0.708361 0.004954 0.059916
2 2 0.001778 0.105452 0.869411 0.006311 0.017049
2 2 0.003358 0.140259 0.825939 0.007471 0.022973
2 2 0.002266 0.115166 0.854441 0.009617 0.018510
2 2 0.000880 0.083054 0.898665 0.002134 0.015266
2 2 0.000798 0.030339 0.949838 0.002306 0.016719
2 2 0.006714 0.048270 0.926322 0.016527 0.002168
2 2 0.044235 0.325740 0.622815 0.000725 0.006485
2 2 0.000954 0.050683 0.944026 0.003450 0.000887
2 2 0.000926 0.054511 0.937799 0.004840 0.001924
2 2 0.001148 0.044311 0.948625 0.005176 0.000739
2 2 0.002649 0.148684 0.800466 0.003436 0.044765
2 2 0.008275 0.224910 0.691512 0.010901 0.064401
2 2 0.008810 0.217144 0.690587 0.024062 0.059396
2 2 0.003122 0.134013 0.802685 0.014875 0.045305
2 2 0.003986 0.146634 0.796688 0.023934 0.028759
2 2 0.000645 0.052876 0.926577 0.014150 0.005752
2 2 0.002181 0.099874 0.864051 0.022778 0.011116
2 2 0.001394 0.027340 0.955016 0.012221 0.004028
2 2 0.001360 0.063595 0.896929 0.033041 0.005076
2 2 0.000688 0.039373 0.930866 0.024512 0.004562
2 2 0.000720 0.004779 0.771479 0.222657 0.000366
2 2 0.000762 0.016650 0.770996 0.210820 0.000772
2 2 0.002130 0.016036 0.731314 0.249894 0.000626
2 2 0.000629 0.007130 0.757714 0.234109 0.000419
2 2 0.000579 0.005810 0.755592 0.237783 0.000236
2 2 0.003666 0.012412 0.804319 0.178271 0.001332
2 2 0.009047 0.018859 0.752256 0.218510 0.001327
2 2 0.004340 0.016161 0.759340 0.218989 0.001171
2 2 0.008493 0.027364 0.800341 0.162278 0.001523
2 2 0.007938 0.025011 0.760464 0.204908 0.001679
2 2 0.003373 0.013924 0.639726 0.342144 0.000832
2 2 0.004855 0.013049 0.710749 0.270477 0.000870
2 2 0.002530 0.010341 0.752711 0.233659 0.000759
2 2 0.001504 0.010691 0.525219 0.462004 0.000582
2 2 0.002285 0.006190 0.658868 0.332156 0.000501
3 2 0.001722 0.003589 0.476678 0.517686 0.000325
2 2 0.002182 0.010806 0.585603 0.400825 0.000584
2 2 0.003264 0.006817 0.532204 0.457185 0.000530
2 2 0.001144 0.004398 0.511306 0.482931 0.000221
2 2 0.001795 0.006252 0.560464 0.430967 0.000523
2 2 0.004243 0.009391 0.565528 0.420130 0.000708
3 2 0.001858 0.004029 0.431557 0.562223 0.000333
2 2 0.004463 0.011968 0.548712 0.433952 0.000905
3 2 0.001309 0.003651 0.435462 0.559346 0.000232
2 2 0.004979 0.006269 0.536375 0.451791 0.000586
3 2 0.001912 0.003117 0.259770 0.734854 0.000346
3 2 0.001580 0.002873 0.237110 0.758114 0.000323
3 2 0.001750 0.002981 0.262016 0.732928 0.000325
3 2 0.002388 0.005255 0.295668 0.696115 0.000573
3 2 0.002572 0.004106 0.306024 0.686839 0.000458
3 2 0.001641 0.001994 0.222426 0.773499 0.000439
3 2 0.001548 0.002037 0.150013 0.846076 0.000326
3 3 0.002845 0.002668 0.270022 0.723914 0.000552
3 3 0.001993 0.002810 0.215274 0.779552 0.000371
3 3 0.001158 0.001088 0.117114 0.880452 0.000189
3 3 0.000923 0.001069 0.157671 0.840202 0.000136
3 3 0.000667 0.001094 0.148929 0.849179 0.000131
3 3 0.000789 0.001465 0.197036 0.800560 0.000150
3 3 0.000649 0.000528 0.129236 0.869519 0.000068
3 3 0.001631 0.003974 0.151610 0.842130 0.000654
3 3 0.001291 0.001262 0.118169 0.879053 0.000225
3 3 0.001948 0.001759 0.154924 0.841075 0.000294
3 3 0.001280 0.000985 0.119320 0.878241 0.000173
3 3 0.001010 0.000783 0.075379 0.922650 0.000179
3 3 0.003027 0.002905 0.185506 0.808065 0.000497
3 3 0.001355 0.002673 0.312845 0.682902 0.000225
3 2 0.008045 0.008311 0.395525 0.587033 0.001085
2 2 0.125386 0.038306 0.517404 0.308995 0.009910
2 2 0.026323 0.032769 0.674475 0.262831 0.003601
2 2 0.003307 0.012256 0.637275 0.346459 0.000703
2 2 0.021069 0.072359 0.864073 0.039068 0.003432
2 2 0.005142 0.035865 0.885155 0.072742 0.001095
2 2 0.001405 0.051161 0.918323 0.028410 0.000701
2 2 0.116063 0.090813 0.759103 0.026374 0.007648
2 2 0.000859 0.020731 0.940428 0.037726 0.000256
2 2 0.050662 0.062145 0.850493 0.032732 0.003968
2 2 0.171833 0.185709 0.620129 0.007796 0.014533
2 2 0.002275 0.065298 0.925258 0.006550 0.000619
2 2 0.001190 0.013638 0.923499 0.061449 0.000225
2 2 0.035157 0.114319 0.836259 0.010107 0.004158
2 2 0.003642 0.086674 0.891625 0.016668 0.001391
2 2 0.002769 0.044635 0.927647 0.024191 0.000757
2 2 0.002378 0.054064 0.928854 0.013856 0.000847
2 2 0.001396 0.026026 0.936967 0.035240 0.000371
2 2 0.088129 0.112895 0.761328 0.028603 0.009045
2 2 0.016957 0.205728 0.772198 0.001739 0.003377
2 2 0.001888 0.059767 0.923329 0.014311 0.000705
2 2 0.001438 0.038536 0.948227 0.011402 0.000397
2 2 0.000532 0.022095 0.967282 0.009949 0.000142
2 2 0.007531 0.125905 0.860334 0.004562 0.001668
2 2 0.011582 0.124155 0.834998 0.025322 0.003944
2 2 0.020875 0.215734 0.754745 0.004284 0.004362
2 2 0.005668 0.080895 0.870970 0.040243 0.002224
2 2 0.009718 0.148168 0.823162 0.015509 0.003443
2 2 0.002909 0.040331 0.912761 0.043131 0.000868
2 2 0.000159 0.014311 0.977741 0.007733 0.000055
2 2 0.000728 0.034375 0.956148 0.008513 0.000236
2 2 0.000595 0.030324 0.963333 0.005583 0.000166
2 2 0.000488 0.021778 0.958043 0.019516 0.000174
2 2 0.000247 0.018233 0.976772 0.004679 0.000068
2 2 0.000408 0.021997 0.955304 0.022118 0.000174
2 2 0.000425 0.025029 0.968733 0.005691 0.000122
2 2 0.000100 0.011007 0.979463 0.009392 0.000039
2 2 0.000549 0.025279 0.948408 0.025530 0.000234
2 2 0.000331 0.021820 0.969996 0.007745 0.000109
2 2 0.004237 0.105167 0.885037 0.003777 0.001782
2 2 0.213924 0.324804 0.439567 0.001332 0.020373
2 2 0.074664 0.408628 0.506706 0.000409 0.009593
2 2 0.003739 0.108222 0.877405 0.007064 0.003569
2 2 0.008604 0.125343 0.848690 0.013679 0.003685
2 2 0.000102 0.002477 0.968206 0.029186 0.000029
2 2 0.000093 0.010542 0.981159 0.008171 0.000034
2 2 0.002186 0.040891 0.935166 0.021168 0.000588
2 2 0.000294 0.021013 0.949880 0.028645 0.000168
2 2 0.000713 0.010298 0.943466 0.045325 0.000198
2 2 0.000149 0.020623 0.976110 0.002751 0.000368
2 2 0.001278 0.047709 0.938944 0.011619 0.000451
2 2 0.000318 0.009883 0.956028 0.033689 0.000082
2 2 0.000157 0.014448 0.969754 0.015569 0.000072
2 2 0.001672 0.010999 0.930400 0.056735 0.000193
2 2 0.000292 0.019947 0.955751 0.023865 0.000145
2 2 0.000643 0.032248 0.954990 0.011881 0.000239
2 2 0.000237 0.022394 0.963054 0.014003 0.000313
2 2 0.000912 0.024426 0.963161 0.011044 0.000457
2 2 0.000516 0.022980 0.952967 0.023337 0.000201
2 2 0.014196 0.049203 0.905306 0.029488 0.001808
2 2 0.001054 0.042711 0.949136 0.006330 0.000768
2 2 0.012380 0.165507 0.813118 0.006002 0.002993
2 2 0.046949 0.330167 0.618059 0.000232 0.004593
2 2 0.016621 0.192792 0.781339 0.005421 0.003827
2 2 0.004245 0.204325 0.711168 0.000763 0.079499
2 2 0.012706 0.346968 0.495537 0.000069 0.144720
2 2 0.011075 0.310935 0.588637 0.000135 0.089218
2 2 0.008670 0.304080 0.586344 0.000045 0.100862
2 2 0.004033 0.206514 0.695273 0.000570 0.093610
4 2 0.011977 0.329085 0.227364 0.000009 0.431565
4 4 0.012664 0.298185 0.154757 0.000008 0.534386
4 4 0.014019 0.303273 0.164929 0.000020 0.517760
4 4 0.008796 0.281271 0.176340 0.000004 0.533589
4 4 0.007083 0.287391 0.187439 0.000001 0.518086
4 4 0.013305 0.257640 0.100709 0.000010 0.628336
4 4 0.007179 0.205035 0.096969 0.000005 0.690811
4 4 0.007816 0.208220 0.086062 0.000003 0.697899
4 4 0.013680 0.274012 0.091022 0.000002 0.621284
4 4 0.008740 0.171783 0.047074 0.000003 0.772400
4 4 0.014766 0.216065 0.057578 0.000009 0.711583
1 4 0.061283 0.473263 0.128767 0.000018 0.336669
4 4 0.025805 0.334963 0.081111 0.000002 0.558119
4 4 0.016275 0.269205 0.121115 0.000071 0.593334
4 4 0.018547 0.203017 0.042446 0.000016 0.735974
4 4 0.009574 0.214671 0.093893 0.000015 0.681847
4 4 0.017095 0.210633 0.054622 0.000029 0.717620
4 4 0.014200 0.259549 0.113309 0.000032 0.612910
4 4 0.012160 0.253031 0.149082 0.000114 0.585613
4 4 0.011256 0.245732 0.102966 0.000008 0.640038
4 4 0.024991 0.174268 0.031028 0.000100 0.769613
4 4 0.028726 0.210273 0.024477 0.000003 0.736521
4 4 0.045222 0.135541 0.028711 0.000123 0.790404
4 4 0.036287 0.127880 0.021992 0.000052 0.813789
4 4 0.034270 0.080100 0.009994 0.000007 0.875629
4 4 0.029910 0.308223 0.050528 0.000001 0.611338
4 4 0.015091 0.133326 0.019542 0.000020 0.832022
4 4 0.016660 0.103232 0.024077 0.000079 0.855952
4 4 0.012562 0.107456 0.030246 0.000151 0.849585
4 4 0.023057 0.092163 0.018274 0.000040 0.866466
4 4 0.016049 0.197370 0.041192 0.000007 0.745382
4 4 0.026488 0.285422 0.052836 0.000002 0.635251
4 4 0.016203 0.267687 0.071409 0.000002 0.644701
4 4 0.007630 0.189494 0.063621 0.000002 0.739253
4 4 0.007644 0.194338 0.077437 0.000004 0.720576
4 4 0.007880 0.259609 0.138269 0.000002 0.594241
4 4 0.013249 0.268595 0.185131 0.000304 0.532721
4 4 0.014943 0.301587 0.196278 0.000113 0.487079
4 4 0.011135 0.268511 0.177707 0.000063 0.542585
4 4 0.009100 0.231106 0.134992 0.000036 0.624767
4 4 0.001955 0.115781 0.086298 0.000004 0.795961
4 4 0.004121 0.132368 0.051316 0.000002 0.812193
4 4 0.003077 0.154154 0.111907 0.000005 0.730857
4 4 0.002354 0.150722 0.108659 0.000001 0.738263
4 4 0.004192 0.193846 0.118096 0.000001 0.683865
4 2 0.010315 0.311484 0.204520 0.000005 0.473676
4 2 0.005641 0.238206 0.184212 0.000005 0.571936
4 2 0.009783 0.269629 0.225512 0.000104 0.494972
4 2 0.006409 0.205692 0.168804 0.000116 0.618979
4 2 0.010116 0.265784 0.203247 0.000091 0.520762
4 2 0.003847 0.213134 0.357983 0.000128 0.424909
2 2 0.001285 0.156111 0.430334 0.000040 0.412231
4 2 0.007461 0.261922 0.311923 0.000162 0.418531
4 2 0.004887 0.219838 0.372173 0.000556 0.402545
2 2 0.003439 0.210972 0.457081 0.000199 0.328309
2 2 0.000452 0.067576 0.904404 0.003020 0.024548
2 2 0.000326 0.051959 0.930068 0.004910 0.012737
2 2 0.002468 0.137108 0.797811 0.012561 0.050052
2 2 0.001093 0.072828 0.857453 0.002390 0.066236
2 2 0.000279 0.059757 0.916337 0.000665 0.022962
2 2 0.000365 0.071760 0.893086 0.000387 0.034403
2 2 0.000146 0.047289 0.933640 0.000148 0.018777
2 2 0.000032 0.027985 0.949114 0.000058 0.022811
2 2 0.000449 0.074284 0.904586 0.000214 0.020467
2 2 0.000340 0.073609 0.894260 0.000100 0.031691
2 2 0.000346 0.116857 0.756660 0.000001 0.126137
2 2 0.000403 0.138914 0.682587 0.000000 0.178095
2 2 0.001504 0.189326 0.628647 0.000004 0.180518
2 2 0.000684 0.147441 0.731055 0.000001 0.120818
2 2 0.000194 0.091009 0.763962 0.000002 0.144833
2 2 0.000080 0.032755 0.953918 0.000490 0.012757
2 2 0.000228 0.061212 0.903658 0.000277 0.034624
2 2 0.000194 0.053975 0.927984 0.000106 0.017741
2 2 0.000399 0.058699 0.900127 0.001007 0.039767
2 2 0.000118 0.053274 0.906709 0.000043 0.039856
2 2 0.000182 0.020369 0.973686 0.003636 0.002127
2 2 0.000012 0.010147 0.987792 0.000677 0.001371
2 2 0.000028 0.015509 0.981096 0.000849 0.002518
2 2 0.000036 0.010558 0.984455 0.001797 0.003154
2 2 0.000212 0.036784 0.955276 0.003393 0.004334
2 2 0.000359 0.012438 0.895913 0.087942 0.003348
2 2 0.000323 0.007426 0.949092 0.040379 0.002780
2 2 0.000485 0.016079 0.912691 0.067459 0.003286
2 2 0.000310 0.007352 0.950369 0.039902 0.002068
2 2 0.000314 0.009750 0.942650 0.044913 0.002373
2 2 0.001665 0.011585 0.903949 0.078682 0.004119
2 2 0.002092 0.014946 0.893476 0.086155 0.003331
2 2 0.000772 0.008225 0.819673 0.168269 0.003061
2 2 0.000906 0.012532 0.827648 0.155971 0.002943
2 2 0.001268 0.013532 0.711165 0.271069 0.002966
2 2 0.002468 0.011015 0.622812 0.360178 0.003527
2 2 0.001552 0.006245 0.732729 0.256949 0.002525
2 2 0.003378 0.013228 0.634634 0.344336 0.004424
2 2 0.004555 0.020270 0.674249 0.291566 0.009360
2 2 0.003464 0.010735 0.577840 0.404131 0.003830
2 2 0.006295 0.008011 0.709997 0.271773 0.003925
2 2 0.012150 0.024283 0.641861 0.318068 0.003637
2 2 0.002700 0.009567 0.629338 0.355894 0.002502
2 2 0.002254 0.007860 0.674501 0.312491 0.002893
2 2 0.002150 0.006315 0.545393 0.443790 0.002352
3 3 0.000985 0.001204 0.169614 0.827933 0.000264
3 3 0.001370 0.002581 0.271818 0.723975 0.000256
3 3 0.000935 0.001197 0.098268 0.899379 0.000221
3 3 0.001025 0.002009 0.204153 0.792593 0.000219
3 3 0.000688 0.000741 0.084176 0.914258 0.000137
3 3 0.001873 0.003234 0.153408 0.840858 0.000626
3 3 0.001841 0.002455 0.169815 0.825189 0.000700
3 3 0.001468 0.001413 0.092053 0.904742 0.000323
3 3 0.001328 0.002029 0.134784 0.861440 0.000419
3 3 0.001403 0.001949 0.190215 0.806040 0.000393
3 3 0.000682 0.000957 0.117694 0.880529 0.000138
3 3 0.000524 0.000606 0.110499 0.888288 0.000083
3 3 0.001135 0.002693 0.149859 0.845921 0.000393
3 3 0.000416 0.000707 0.138909 0.859891 0.000076
3 3 0.000542 0.000873 0.103991 0.894466 0.000128
3 3 0.002502 0.005113 0.262293 0.729467 0.000625
3 3 0.001510 0.005297 0.335867 0.656884 0.000442
3 3 0.001040 0.003330 0.485616 0.509720 0.000295
3 3 0.001262 0.002545 0.278766 0.717194 0.000233
3 3 0.002031 0.016742 0.482485 0.497627 0.001115
3 3 0.002035 0.008577 0.431447 0.556725 0.001215
3 3 0.003043 0.009769 0.435895 0.549551 0.001742
3 3 0.004396 0.008798 0.486098 0.497801 0.002907
3 3 0.002158 0.007767 0.382879 0.606050 0.001147
3 3 0.002411 0.013585 0.348306 0.634291 0.001407
3 3 0.003207 0.005520 0.410071 0.580551 0.000651
3 3 0.002492 0.003140 0.281788 0.712214 0.000366
3 3 0.001304 0.002371 0.265998 0.730086 0.000242
3 3 0.001824 0.001781 0.240633 0.755555 0.000207
3 3 0.002060 0.004325 0.262366 0.730756 0.000493
2 3 0.037496 0.064779 0.716698 0.173900 0.007127
2 2 0.020155 0.079039 0.756631 0.138209 0.005966
2 2 0.004632 0.026042 0.701607 0.266279 0.001439
2 2 0.004243 0.049837 0.726685 0.216820 0.002414
2 2 0.009370 0.042545 0.784439 0.161145 0.002501
2 2 0.019569 0.051140 0.765301 0.160003 0.003986
2 2 0.029718 0.056191 0.818228 0.091694 0.004169
2 2 0.017677 0.051339 0.850154 0.077996 0.002834
2 2 0.001882 0.021185 0.883549 0.092895 0.000490
2 2 0.001582 0.012237 0.880844 0.105063 0.000275
2 2 0.012635 0.089742 0.868913 0.025918 0.002791
2 2 0.006920 0.107637 0.867770 0.015314 0.002359
2 2 0.003040 0.078072 0.904085 0.013717 0.001086
2 2 0.004079 0.077150 0.901054 0.016349 0.001368
2 2 0.002894 0.076893 0.890003 0.028819 0.001391
2 2 0.004307 0.040985 0.913062 0.040102 0.001545
2 2 0.002940 0.062813 0.837302 0.095121 0.001824
2 2 0.001289 0.025088 0.875367 0.097729 0.000528
2 2 0.007551 0.045405 0.758266 0.186203 0.002575
2 2 0.002934 0.077762 0.839988 0.077213 0.002103
2 2 0.000905 0.007248 0.631633 0.359951 0.000264
2 2 0.000623 0.017187 0.759261 0.222509 0.000420
2 2 0.000998 0.015465 0.812372 0.170786 0.000380
2 2 0.001280 0.007610 0.583472 0.407293 0.000345
2 2 0.000985 0.006980 0.750302 0.241533 0.000200
2 2 0.003487 0.008447 0.541132 0.446326 0.000608
2 2 0.002375 0.010727 0.524378 0.461840 0.000679
2 2 0.003468 0.013640 0.679147 0.303000 0.000745
2 2 0.002593 0.029926 0.585021 0.380722 0.001738
2 2 0.005457 0.012174 0.512124 0.469142 0.001103
2 2 0.001055 0.010664 0.647772 0.340110 0.000398
2 2 0.001267 0.007644 0.522138 0.468557 0.000393
2 2 0.001241 0.005467 0.526917 0.466101 0.000274
2 2 0.001100 0.005570 0.611362 0.381744 0.000224
2 2 0.001523 0.019517 0.670993 0.307179 0.000788
3 2 0.000229 0.001435 0.428381 0.569905 0.000049
2 2 0.000486 0.003037 0.526703 0.469663 0.000110
2 2 0.000636 0.005115 0.548632 0.445420 0.000196
3 2 0.001596 0.004080 0.401437 0.592595 0.000292
2 2 0.002032 0.009523 0.569356 0.418570 0.000519
2 2 0.001777 0.013568 0.572182 0.411764 0.000710
2 2 0.004714 0.025906 0.604490 0.363097 0.001793
2 2 0.008617 0.024391 0.589910 0.374874 0.002210
2 2 0.003443 0.010788 0.567967 0.417057 0.000746
2 2 0.003058 0.021502 0.567703 0.406341 0.001396
2 2 0.008965 0.037820 0.779127 0.171843 0.002245
2 2 0.010758 0.047465 0.759103 0.179624 0.003050
2 2 0.012986 0.030041 0.808727 0.146323 0.001923
2 2 0.370343 0.103286 0.472810 0.032906 0.020655
2 2 0.072694 0.079513 0.767254 0.072479 0.008060
2 2 0.074057 0.097198 0.788779 0.032555 0.007411
2 2 0.025505 0.107428 0.840553 0.022166 0.004349
2 2 0.006194 0.016083 0.830482 0.146508 0.000733
2 2 0.001154 0.026369 0.898915 0.073088 0.000474
2 2 0.006281 0.034623 0.897910 0.060108 0.001077
2 2 0.000324 0.021761 0.965730 0.012058 0.000127
2 2 0.000253 0.010669 0.975075 0.013944 0.000059
2 2 0.001637 0.027275 0.917901 0.052706 0.000481
2 2 0.000600 0.031590 0.932519 0.034946 0.000344
2 2 0.000681 0.016217 0.923943 0.058940 0.000219
2 2 0.000632 0.032234 0.948474 0.018379 0.000280
2 2 0.001508 0.030879 0.914279 0.052686 0.000648
2 2 0.002437 0.035245 0.904880 0.056677 0.000760
2 2 0.001221 0.047371 0.916237 0.034506 0.000665
2 2 0.002327 0.027934 0.913904 0.055270 0.000565
2 2 0.001102 0.010552 0.782207 0.205848 0.000291
2 2 0.000882 0.023333 0.879486 0.095870 0.000428
2 2 0.000465 0.010090 0.884977 0.104318 0.000150
2 2 0.000642 0.017815 0.906429 0.074852 0.000261
2 2 0.000398 0.007404 0.803430 0.188631 0.000137
2 2 0.001767 0.029569 0.923862 0.044301 0.000502
2 2 0.002592 0.035704 0.842967 0.117688 0.001050
2 2 0.001842 0.036280 0.892298 0.068824 0.000755
2 2 0.001482 0.053024 0.892104 0.052447 0.000943
2 2 0.003055 0.058336 0.875835 0.061359 0.001414
2 2 0.000745 0.035234 0.949522 0.014204 0.000295
2 2 0.001948 0.055751 0.925267 0.016340 0.000695
2 2 0.001357 0.036895 0.942485 0.018845 0.000419
2 2 0.092329 0.094348 0.748794 0.055154 0.009375
2 2 0.054490 0.221530 0.709849 0.005390 0.008742
2 2 0.001128 0.008915 0.915455 0.074350 0.000152
2 2 0.001494 0.024097 0.942328 0.031744 0.000336
2 2 0.000552 0.023585 0.951581 0.024068 0.000213
2 2 0.002228 0.009663 0.832207 0.155613 0.000289
2 2 0.000228 0.017926 0.963188 0.018550 0.000108
2 2 0.003006 0.015818 0.852005 0.128679 0.000492
2 2 0.000440 0.013512 0.915759 0.070121 0.000168
2 2 0.000425 0.025770 0.958358 0.015006 0.000442
2 2 0.004686 0.027066 0.902742 0.064749 0.000757
2 2 0.001717 0.019493 0.867160 0.111128 0.000503
2 2 0.000364 0.023098 0.968293 0.008123 0.000122
2 2 0.043407 0.101163 0.847319 0.004845 0.003266
2 2 0.072903 0.153217 0.762429 0.004937 0.006514
2 2 0.008812 0.140461 0.848487 0.000936 0.001304
2 2 0.000704 0.025576 0.964769 0.008773 0.000179
2 2 0.000548 0.028817 0.965759 0.004732 0.000144
2 2 0.000320 0.022275 0.974225 0.003077 0.000104
2 2 0.000852 0.037537 0.953621 0.007728 0.000263
2 2 0.000366 0.027998 0.970634 0.000814 0.000188
2 2 0.000074 0.013006 0.986182 0.000643 0.000096
2 2 0.000903 0.022247 0.941563 0.035015 0.000272
2 2 0.001612 0.055149 0.918970 0.023529 0.000740
2 2 0.003537 0.057230 0.914772 0.023445 0.001016
2 2 0.008596 0.136201 0.847112 0.005981 0.002110
2 2 0.003025 0.079183 0.905738 0.010987 0.001068
2 2 0.001589 0.048468 0.946733 0.002871 0.000340
2 2 0.000848 0.037247 0.955451 0.006213 0.000241
2 2 0.003374 0.080582 0.911212 0.004086 0.000746
2 2 0.001479 0.051478 0.938150 0.008437 0.000456
2 2 0.080058 0.161490 0.749300 0.003189 0.005964
2 2 0.022221 0.225345 0.750310 0.000204 0.001920
2 2 0.000315 0.024339 0.974180 0.001033 0.000133
2 2 0.000804 0.031449 0.962898 0.004511 0.000337
2 2 0.000738 0.035042 0.961725 0.002313 0.000182
2 2 0.002007 0.064891 0.927757 0.004622 0.000723
2 2 0.016545 0.349960 0.435880 0.000514 0.197101
2 2 0.013097 0.331139 0.456584 0.000446 0.198734
1 2 0.014355 0.360802 0.356555 0.000051 0.268236
2 2 0.011998 0.323637 0.471590 0.000403 0.192373
1 2 0.012925 0.343709 0.319565 0.000043 0.323757
4 4 0.014067 0.307485 0.153641 0.000009 0.524798
4 4 0.007625 0.247249 0.174092 0.000015 0.571018
4 4 0.007934 0.202164 0.120788 0.000072 0.669042
4 4 0.008187 0.258283 0.165816 0.000008 0.567707
4 4 0.024587 0.374310 0.134999 0.000005 0.466099
4 4 0.019228 0.310516 0.128082 0.000023 0.542152
4 4 0.020143 0.314296 0.106813 0.000007 0.558740
4 4 0.009669 0.219933 0.097509 0.000014 0.672875
4 4 0.020368 0.285039 0.145904 0.000471 0.548218
4 4 0.010828 0.197282 0.075431 0.000037 0.716423
4 4 0.006152 0.197949 0.130892 0.000028 0.664979
4 4 0.005787 0.183334 0.115719 0.000030 0.695130
4 4 0.008937 0.230228 0.150768 0.000074 0.609993
4 4 0.005790 0.202721 0.119945 0.000006 0.671538
4 4 0.004989 0.190595 0.109812 0.000003 0.694602
4 4 0.015589 0.259780 0.123887 0.000120 0.600624
4 4 0.011850 0.253819 0.110527 0.000010 0.623795
4 4 0.017589 0.291964 0.121949 0.000028 0.568472
4 4 0.027456 0.294455 0.085802 0.000051 0.592235
4 4 0.014161 0.276459 0.119706 0.000014 0.589660
4 4 0.010731 0.230764 0.093973 0.000009 0.664523
4 4 0.016461 0.291940 0.108211 0.000007 0.583381
4 4 0.015138 0.277676 0.113109 0.000014 0.594062
4 4 0.017260 0.289622 0.121656 0.000028 0.571435
4 4 0.013036 0.199929 0.077748 0.000146 0.709141
4 4 0.009682 0.315607 0.162328 0.000000 0.512382
4 4 0.005027 0.240124 0.200123 0.000003 0.554723
4 4 0.009072 0.277755 0.152283 0.000002 0.560888
4 4 0.011808 0.306591 0.167269 0.000005 0.514328
4 4 0.008396 0.253667 0.151796 0.000008 0.586134
4 4 0.017958 0.357075 0.218185 0.000029 0.406754
