0 0 0.879203 0.073611 0.014206 0.000485 0.032494
0 0 0.948356 0.032173 0.006300 0.000986 0.012186
0 0 0.956996 0.034867 0.005559 0.000069 0.002509
0 0 0.833096 0.129396 0.026334 0.000177 0.010997
0 0 0.949548 0.027466 0.005103 0.000959 0.016923
0 0 0.944324 0.040980 0.007128 0.000207 0.007361
0 0 0.945708 0.038643 0.006085 0.000117 0.009447
0 0 0.963212 0.024126 0.004047 0.000334 0.008280
0 0 0.945924 0.030551 0.006364 0.001961 0.015201
0 0 0.952916 0.034482 0.005559 0.000137 0.006906
0 0 0.952264 0.033181 0.006220 0.000518 0.007818
0 0 0.930746 0.046113 0.008889 0.000573 0.013679
0 0 0.952522 0.026765 0.005709 0.002522 0.012482
0 0 0.955015 0.029580 0.005620 0.000731 0.009054
0 0 0.940556 0.043662 0.008022 0.000297 0.007463
0 0 0.956000 0.030611 0.004830 0.000151 0.008408
0 0 0.958035 0.030030 0.005046 0.000224 0.006665
0 0 0.941426 0.036437 0.007493 0.001301 0.013342
0 0 0.955380 0.028701 0.004666 0.000244 0.011008
0 0 0.903759 0.071938 0.013416 0.000207 0.010681
0 0 0.913088 0.060551 0.014169 0.001607 0.010585
0 0 0.939791 0.042824 0.008603 0.000656 0.008126
0 0 0.950538 0.031350 0.006772 0.001932 0.009407
0 0 0.901805 0.073633 0.015804 0.000530 0.008228
0 0 0.931351 0.050136 0.009401 0.000319 0.008794
0 0 0.966385 0.020185 0.003282 0.000361 0.009787
0 0 0.982013 0.009749 0.001337 0.000189 0.006712
0 0 0.960907 0.022562 0.002831 0.000047 0.013653
0 0 0.988218 0.006079 0.000738 0.000108 0.004857
0 0 0.967917 0.020900 0.002999 0.000113 0.008071
0 0 0.911851 0.065579 0.014560 0.000761 0.007249
0 0 0.948546 0.034573 0.007965 0.002318 0.006598
0 0 0.946677 0.037180 0.007387 0.000721 0.008036
0 0 0.920327 0.060021 0.012448 0.000478 0.006725
0 0 0.932894 0.045656 0.010804 0.002266 0.008380
0 0 0.975221 0.012845 0.002013 0.000473 0.009448
0 0 0.947344 0.034916 0.005881 0.000257 0.011603
0 0 0.930448 0.052977 0.007528 0.000033 0.009015
0 0 0.975502 0.015524 0.002177 0.000125 0.006673
0 0 0.972911 0.013665 0.002102 0.000408 0.010914
0 0 0.982533 0.009566 0.001486 0.000490 0.005926
0 0 0.970394 0.018768 0.002842 0.000197 0.007798
0 0 0.967922 0.020626 0.003078 0.000160 0.008214
0 0 0.974800 0.015432 0.002172 0.000138 0.007459
0 0 0.946409 0.038328 0.005161 0.000035 0.010067
0 0 0.969810 0.018904 0.002717 0.000134 0.008435
0 0 0.965336 0.021856 0.003190 0.000135 0.009484
0 0 0.944054 0.034446 0.006217 0.000522 0.014761
0 0 0.976234 0.012893 0.001981 0.000379 0.008513
0 0 0.952707 0.031275 0.005458 0.000368 0.010192
0 0 0.989011 0.005354 0.000585 0.000055 0.004995
0 0 0.981629 0.008404 0.000988 0.000078 0.008900
0 0 0.987318 0.006137 0.000694 0.000067 0.005785
0 0 0.991164 0.004574 0.000510 0.000066 0.003687
0 0 0.980281 0.009505 0.001183 0.000106 0.008926
0 0 0.972604 0.014756 0.002117 0.000205 0.010319
0 0 0.972838 0.014172 0.002113 0.000298 0.010579
0 0 0.967333 0.021003 0.003067 0.000133 0.008463
0 0 0.876819 0.095074 0.016191 0.000071 0.011846
0 0 0.974915 0.014881 0.002245 0.000257 0.007702
0 0 0.944591 0.041082 0.005704 0.000037 0.008586
0 0 0.982183 0.009418 0.001366 0.000311 0.006723
0 0 0.981949 0.008863 0.001152 0.000149 0.007887
0 0 0.980394 0.010297 0.001355 0.000139 0.007816
0 0 0.976782 0.012446 0.001726 0.000178 0.008868
0 0 0.967101 0.022365 0.003481 0.000182 0.006871
0 0 0.974911 0.015258 0.002250 0.000201 0.007379
0 0 0.952324 0.035051 0.005838 0.000170 0.006618
0 0 0.955699 0.028802 0.004349 0.000134 0.011015
0 0 0.955584 0.031337 0.004956 0.000145 0.007978
0 0 0.950899 0.031671 0.004874 0.000147 0.012409
0 0 0.969968 0.018026 0.002478 0.000106 0.009421
0 0 0.966739 0.021653 0.003061 0.000099 0.008448
0 0 0.963564 0.023070 0.003409 0.000141 0.009816
0 0 0.909707 0.066519 0.011960 0.000181 0.011633
0 0 0.979470 0.010649 0.001082 0.000018 0.008781
0 0 0.986671 0.005867 0.000595 0.000033 0.006833
0 0 0.980939 0.008200 0.000902 0.000050 0.009908
0 0 0.983699 0.006973 0.000727 0.000037 0.008564
0 0 0.977729 0.008742 0.000906 0.000033 0.012589
0 0 0.985177 0.006171 0.000605 0.000025 0.008021
0 0 0.983934 0.007180 0.000786 0.000051 0.008049
0 0 0.977253 0.012871 0.001487 0.000038 0.008350
0 0 0.983451 0.006522 0.000621 0.000020 0.009386
0 0 0.985045 0.005976 0.000560 0.000019 0.008399
0 0 0.979494 0.008046 0.000721 0.000011 0.011728
0 0 0.983684 0.006794 0.000694 0.000032 0.008796
0 0 0.983769 0.007240 0.000793 0.000051 0.008147
0 0 0.985227 0.005836 0.000538 0.000017 0.008381
0 0 0.984213 0.005660 0.000501 0.000012 0.009613
0 0 0.982104 0.010796 0.001279 0.000047 0.005774
0 0 0.983905 0.008977 0.001068 0.000063 0.005988
0 0 0.976817 0.014124 0.001605 0.000028 0.007427
0 0 0.988767 0.005615 0.000640 0.000072 0.004905
0 0 0.979600 0.010256 0.001214 0.000064 0.008867
0 0 0.975041 0.014901 0.002354 0.000360 0.007344
0 0 0.977632 0.013302 0.002006 0.000274 0.006786
0 0 0.971785 0.018226 0.002763 0.000195 0.007031
0 0 0.947316 0.037804 0.005828 0.000098 0.008954
0 0 0.958911 0.022475 0.004347 0.001469 0.012798
0 0 0.979597 0.012093 0.002032 0.000662 0.005615
0 0 0.972642 0.017194 0.002765 0.000338 0.007061
0 0 0.976154 0.015148 0.002519 0.000461 0.005718
0 0 0.979203 0.012793 0.002023 0.000377 0.005604
0 0 0.977824 0.013884 0.002297 0.000484 0.005510
0 0 0.967806 0.022056 0.003270 0.000124 0.006744
0 0 0.971522 0.018497 0.002729 0.000155 0.007098
0 0 0.970001 0.019689 0.002849 0.000124 0.007337
0 0 0.968943 0.020578 0.003089 0.000156 0.007235
0 0 0.963585 0.025645 0.003802 0.000103 0.006865
0 1 0.826241 0.136306 0.024925 0.000074 0.012454
0 1 0.600898 0.314890 0.071887 0.000089 0.012236
0 1 0.577332 0.330730 0.080471 0.000126 0.011342
0 0 0.945280 0.034967 0.006751 0.000789 0.012214
0 1 0.795094 0.162540 0.032783 0.000105 0.009478
0 1 0.866344 0.094674 0.019609 0.000443 0.018931
0 0 0.901800 0.064321 0.012008 0.000361 0.021510
0 1 0.509711 0.392037 0.080750 0.000028 0.017474
0 1 0.554936 0.350295 0.077346 0.000064 0.017359
0 2 0.443341 0.429729 0.098218 0.000061 0.028650
2 2 0.107943 0.354532 0.507431 0.016160 0.013934
1 2 0.090473 0.443954 0.432779 0.011953 0.020840
2 2 0.087558 0.233013 0.631497 0.036037 0.011895
2 2 0.099941 0.430524 0.446172 0.003782 0.019581
2 2 0.097681 0.336262 0.517817 0.016049 0.032191
2 2 0.003983 0.133444 0.846754 0.003562 0.012257
2 2 0.005461 0.168403 0.809931 0.007067 0.009138
2 2 0.009312 0.195381 0.771966 0.007598 0.015743
2 2 0.008433 0.111955 0.859252 0.007852 0.012508
2 2 0.010946 0.118128 0.856714 0.004847 0.009365
2 2 0.002752 0.042265 0.813910 0.132566 0.008507
2 2 0.008310 0.066119 0.886157 0.034746 0.004669
2 2 0.004213 0.049442 0.853842 0.084967 0.007536
2 2 0.004374 0.027751 0.877155 0.082260 0.008459
2 2 0.004499 0.047493 0.827424 0.113503 0.007080
2 2 0.000160 0.008076 0.943012 0.044885 0.003868
2 2 0.000833 0.019863 0.962037 0.015882 0.001384
2 2 0.000447 0.014382 0.947860 0.035167 0.002144
2 2 0.002214 0.037405 0.834156 0.119676 0.006548
2 2 0.001868 0.020449 0.904206 0.069415 0.004062
2 2 0.003794 0.023392 0.769616 0.195102 0.008097
2 2 0.007556 0.017401 0.756607 0.205914 0.012522
2 2 0.023528 0.047314 0.744493 0.177741 0.006924
2 2 0.011817 0.034920 0.790944 0.149518 0.012800
2 3 0.013846 0.035125 0.782975 0.159129 0.008925
3 3 0.000557 0.004778 0.451499 0.542467 0.000699
3 3 0.003764 0.010159 0.437354 0.548334 0.000388
3 3 0.001474 0.004888 0.359255 0.634213 0.000170
3 3 0.002471 0.008003 0.460273 0.528783 0.000468
3 3 0.002635 0.005865 0.358095 0.633153 0.000252
2 3 0.013850 0.027137 0.484118 0.472760 0.002135
3 3 0.005109 0.011504 0.381364 0.600867 0.001156
3 3 0.007720 0.015370 0.427000 0.548638 0.001273
3 3 0.007273 0.016459 0.426997 0.547071 0.002200
3 3 0.002093 0.008044 0.427006 0.561333 0.001524
3 3 0.111989 0.032506 0.348246 0.490469 0.016790
0 2 0.586139 0.136100 0.214346 0.044274 0.019141
0 0 0.748050 0.129622 0.091616 0.014381 0.016330
0 0 0.796009 0.133969 0.051141 0.004929 0.013952
0 0 0.865704 0.083665 0.027654 0.008188 0.014789
0 0 0.940855 0.038774 0.007612 0.000777 0.011981
0 0 0.952191 0.031047 0.004974 0.000201 0.011587
0 0 0.956740 0.028744 0.004093 0.000081 0.010343
0 0 0.906479 0.072561 0.009406 0.000012 0.011542
0 0 0.936948 0.045743 0.006662 0.000053 0.010594
0 0 0.869821 0.099382 0.018466 0.000135 0.012196
0 0 0.890115 0.080738 0.014121 0.000126 0.014900
1 1 0.436397 0.446417 0.100733 0.000037 0.016416
0 0 0.908109 0.066499 0.011785 0.000175 0.013433
0 0 0.870901 0.099813 0.017282 0.000076 0.011929
0 0 0.899054 0.077307 0.013270 0.000094 0.010274
0 1 0.749826 0.204053 0.036821 0.000029 0.009271
0 0 0.911867 0.064307 0.011836 0.000230 0.011761
0 0 0.849032 0.117564 0.021786 0.000100 0.011518
0 0 0.924631 0.052614 0.010213 0.000472 0.012071
0 1 0.770160 0.183331 0.030862 0.000027 0.015620
0 1 0.683408 0.260924 0.046487 0.000016 0.009165
0 0 0.923254 0.051869 0.009102 0.000247 0.015527
0 1 0.821826 0.141391 0.026503 0.000076 0.010204
0 1 0.868042 0.095118 0.018499 0.000259 0.018081
0 1 0.567802 0.333380 0.076850 0.000115 0.021852
1 2 0.391666 0.442847 0.120446 0.000249 0.044791
0 2 0.733397 0.188158 0.047026 0.000846 0.030572
1 2 0.408569 0.442488 0.120913 0.000210 0.027819
0 1 0.641873 0.276390 0.051454 0.000039 0.030244
1 2 0.046144 0.544880 0.370950 0.000755 0.037270
2 2 0.062596 0.368559 0.520590 0.003352 0.044903
1 2 0.122164 0.573465 0.253711 0.001352 0.049308
2 2 0.075238 0.344357 0.518785 0.004220 0.057399
1 2 0.043039 0.488615 0.410065 0.001195 0.057086
2 2 0.001398 0.084155 0.894296 0.007234 0.012917
2 2 0.000748 0.060837 0.921393 0.005835 0.011187
2 2 0.000942 0.027156 0.945401 0.011803 0.014698
2 2 0.000319 0.028064 0.958719 0.002930 0.009967
2 2 0.000421 0.031642 0.948360 0.007395 0.012181
2 2 0.000210 0.019825 0.967048 0.010104 0.002812
2 2 0.000090 0.008648 0.966556 0.022610 0.002097
2 2 0.000260 0.018225 0.964549 0.010692 0.006275
2 2 0.000207 0.016071 0.967987 0.008957 0.006778
2 2 0.000182 0.016038 0.969901 0.009967 0.003913
2 2 0.000305 0.003217 0.870219 0.126149 0.000110
2 2 0.000338 0.007807 0.823384 0.167479 0.000993
2 2 0.000462 0.007074 0.818622 0.171405 0.002438
2 2 0.001481 0.018389 0.798995 0.180055 0.001081
2 2 0.000976 0.012577 0.770437 0.215172 0.000838
2 2 0.002853 0.010487 0.601986 0.383035 0.001640
2 2 0.002804 0.010062 0.672258 0.313194 0.001683
2 3 0.003739 0.012658 0.541721 0.439103 0.002779
2 3 0.004140 0.016621 0.582326 0.389853 0.007060
2 3 0.002575 0.006760 0.738802 0.248075 0.003787
2 3 0.010415 0.019844 0.503300 0.464241 0.002199
3 3 0.004530 0.012355 0.343324 0.636733 0.003058
3 3 0.003885 0.012511 0.404426 0.577469 0.001708
3 3 0.018400 0.018983 0.367340 0.592807 0.002471
3 3 0.003248 0.014121 0.465085 0.513516 0.004030
3 3 0.009123 0.009375 0.257583 0.723688 0.000231
3 3 0.003118 0.004965 0.246868 0.744784 0.000265
3 3 0.002064 0.004540 0.228573 0.764470 0.000353
3 3 0.005072 0.007125 0.211178 0.776078 0.000547
3 3 0.004381 0.006192 0.208190 0.780761 0.000476
3 3 0.004487 0.003310 0.115246 0.876796 0.000161
3 3 0.011605 0.006872 0.133266 0.847962 0.000296
3 3 0.024380 0.013303 0.189106 0.772343 0.000868
3 3 0.003571 0.003583 0.125862 0.866706 0.000279
3 3 0.019291 0.011463 0.187952 0.780633 0.000661
3 3 0.005173 0.005425 0.137724 0.851014 0.000663
3 3 0.004109 0.005198 0.168150 0.822162 0.000381
3 3 0.004014 0.003722 0.105551 0.886244 0.000469
3 3 0.004047 0.004345 0.141299 0.849909 0.000399
3 3 0.003330 0.003415 0.127663 0.865277 0.000315
3 3 0.011272 0.006928 0.096680 0.884030 0.001089
3 3 0.016629 0.011951 0.177568 0.793135 0.000718
3 3 0.009665 0.005840 0.103689 0.880216 0.000590
3 3 0.037900 0.022146 0.205075 0.732940 0.001939
3 3 0.035390 0.035280 0.382513 0.546142 0.000675
2 2 0.009393 0.084614 0.805890 0.095299 0.004804
2 2 0.016727 0.101192 0.817232 0.062545 0.002303
2 2 0.005980 0.042784 0.811560 0.136243 0.003433
2 2 0.012924 0.123149 0.807414 0.051947 0.004565
2 2 0.010124 0.064781 0.875023 0.047544 0.002528
2 2 0.028808 0.062211 0.878468 0.025766 0.004747
2 2 0.061366 0.203565 0.704570 0.020014 0.010485
2 2 0.010871 0.102912 0.832836 0.045504 0.007877
2 2 0.007764 0.085684 0.858374 0.041588 0.006590
2 2 0.049510 0.054581 0.839706 0.052188 0.004015
2 2 0.002534 0.063043 0.883054 0.042918 0.008451
2 2 0.001831 0.012741 0.936558 0.034210 0.014661
2 2 0.011312 0.126539 0.833677 0.020467 0.008006
2 2 0.004160 0.069588 0.802761 0.105243 0.018249
2 2 0.007763 0.085257 0.879862 0.019621 0.007497
2 2 0.006171 0.045419 0.891957 0.050023 0.006430
2 2 0.013940 0.053792 0.908442 0.015614 0.008212
2 2 0.032731 0.129044 0.794243 0.036244 0.007738
2 2 0.005061 0.065519 0.901878 0.022057 0.005486
2 2 0.007208 0.041019 0.889008 0.048644 0.014121
2 2 0.004109 0.136524 0.847995 0.006880 0.004492
2 2 0.000531 0.033574 0.948626 0.013264 0.004005
2 2 0.005052 0.039340 0.945134 0.008001 0.002472
2 2 0.000392 0.011188 0.955028 0.024572 0.008820
2 2 0.002264 0.063325 0.913427 0.011323 0.009661
2 2 0.029145 0.064900 0.858056 0.030492 0.017406
2 2 0.022519 0.044110 0.819034 0.083090 0.031248
2 2 0.029258 0.051612 0.878785 0.023185 0.017160
2 2 0.057610 0.114388 0.762857 0.038210 0.026934
0 0 0.423420 0.417515 0.141266 0.000992 0.016807
0 0 0.937983 0.044049 0.007063 0.000122 0.010783
0 0 0.957659 0.029337 0.004694 0.000175 0.008134
0 0 0.943720 0.038669 0.006867 0.000323 0.010421
0 0 0.952734 0.028585 0.004936 0.000443 0.013302
0 0 0.952061 0.032473 0.004740 0.000086 0.010640
0 0 0.961457 0.024750 0.003806 0.000178 0.009810
0 0 0.967593 0.020082 0.003111 0.000235 0.008980
0 0 0.968492 0.020615 0.002899 0.000097 0.007898
0 0 0.957527 0.027675 0.004434 0.000217 0.010148
0 0 0.966308 0.021795 0.003322 0.000178 0.008397
0 0 0.967485 0.018955 0.002785 0.000182 0.010593
0 0 0.957084 0.027948 0.004311 0.000161 0.010496
0 0 0.948965 0.034554 0.005437 0.000146 0.010898
0 0 0.961258 0.022986 0.003603 0.000254 0.011899
0 0 0.959056 0.027366 0.004024 0.000106 0.009448
0 0 0.883273 0.070435 0.014431 0.000672 0.031189
0 1 0.724263 0.193258 0.038694 0.000150 0.043634
1 1 0.314021 0.519837 0.142000 0.000101 0.024041
1 1 0.362985 0.484526 0.122136 0.000085 0.030268
1 1 0.233460 0.555573 0.180620 0.000262 0.030085
1 1 0.166397 0.592052 0.216898 0.000316 0.024337
0 2 0.571217 0.274909 0.113640 0.002800 0.037434
1 2 0.134402 0.595559 0.247884 0.000570 0.021585
1 2 0.139585 0.468459 0.365826 0.004804 0.021326
2 2 0.150935 0.320025 0.502797 0.007393 0.018850
2 2 0.006056 0.221771 0.759560 0.003931 0.008682
2 2 0.002761 0.134138 0.854165 0.003987 0.004948
2 2 0.015552 0.252488 0.724610 0.001765 0.005585
2 2 0.007571 0.125812 0.856232 0.005154 0.005231
2 2 0.002061 0.105648 0.882140 0.005076 0.005074
2 2 0.009503 0.156413 0.817155 0.010367 0.006562
2 2 0.002241 0.066568 0.910976 0.011092 0.009122
2 2 0.002544 0.082671 0.889153 0.018717 0.006915
2 2 0.009074 0.094643 0.882624 0.010315 0.003343
2 2 0.002705 0.058724 0.920664 0.011559 0.006348
2 2 0.000311 0.042032 0.948991 0.000975 0.007691
2 2 0.000340 0.036210 0.943130 0.007046 0.013274
2 2 0.000061 0.004080 0.978223 0.002422 0.015215
2 2 0.002510 0.194778 0.792504 0.000731 0.009477
2 2 0.000122 0.016420 0.961814 0.010814 0.010828
2 2 0.001041 0.094872 0.899129 0.000481 0.004476
2 2 0.000246 0.029424 0.959652 0.005160 0.005518
2 2 0.000051 0.004310 0.982218 0.002948 0.010472
2 2 0.000853 0.079711 0.912572 0.002229 0.004634
2 2 0.000111 0.008365 0.943107 0.032780 0.015637
2 2 0.000444 0.036593 0.957013 0.001884 0.004066
2 2 0.001101 0.052196 0.919689 0.018181 0.008832
2 2 0.000163 0.013087 0.972888 0.009538 0.004323
2 2 0.001018 0.008292 0.984272 0.004674 0.001744
2 2 0.000166 0.014197 0.963415 0.018951 0.003272
2 2 0.008610 0.049608 0.900659 0.030869 0.010254
1 1 0.376540 0.389134 0.214732 0.002744 0.016850
2 1 0.017977 0.308042 0.657109 0.006929 0.009943
2 2 0.010851 0.125036 0.821269 0.036354 0.006490
2 2 0.036640 0.212243 0.735304 0.008922 0.006892
2 2 0.026095 0.175620 0.787580 0.007136 0.003569
2 2 0.004742 0.082320 0.890271 0.020520 0.002148
2 2 0.022317 0.162262 0.795005 0.015652 0.004764
2 2 0.006434 0.131897 0.845632 0.012606 0.003431
2 2 0.003013 0.052146 0.927087 0.014452 0.003301
2 2 0.024013 0.127581 0.838615 0.007893 0.001898
2 2 0.002122 0.031948 0.930605 0.032890 0.002435
2 2 0.011083 0.107203 0.867925 0.011290 0.002498
2 2 0.011906 0.148955 0.827163 0.007780 0.004196
2 2 0.011666 0.116574 0.854785 0.013680 0.003294
0 2 0.687548 0.237732 0.055154 0.000238 0.019328
0 0 0.928663 0.046329 0.007505 0.000149 0.017354
0 0 0.914005 0.061077 0.010486 0.000158 0.014274
0 0 0.933971 0.044421 0.006969 0.000120 0.014519
0 0 0.921799 0.050782 0.009086 0.000309 0.018025
0 0 0.949809 0.031593 0.004865 0.000156 0.013576
0 0 0.941667 0.039763 0.006087 0.000104 0.012379
0 0 0.958397 0.027177 0.003906 0.000094 0.010426
0 0 0.946208 0.036024 0.005769 0.000167 0.011832
0 0 0.936664 0.045317 0.006632 0.000058 0.011329
0 0 0.928909 0.048486 0.008885 0.000352 0.013368
0 0 0.952262 0.031871 0.005148 0.000196 0.010523
0 0 0.947646 0.035452 0.005294 0.000096 0.011512
0 0 0.947324 0.035809 0.006036 0.000238 0.010592
0 0 0.907890 0.068397 0.010949 0.000072 0.012692
0 1 0.656298 0.275141 0.055475 0.000047 0.013039
0 0 0.876498 0.090336 0.021553 0.001058 0.010555
0 0 0.940521 0.038727 0.007975 0.001123 0.011655
0 0 0.940561 0.038102 0.007712 0.001044 0.012581
0 0 0.943208 0.035336 0.006924 0.000931 0.013601
0 0 0.957245 0.023612 0.003774 0.000328 0.015041
0 0 0.970792 0.016965 0.002536 0.000226 0.009481
0 0 0.965857 0.021271 0.003208 0.000182 0.009482
0 0 0.972429 0.015089 0.002535 0.000663 0.009283
0 0 0.969656 0.017792 0.002693 0.000238 0.009621
0 0 0.959013 0.024805 0.003973 0.000274 0.011934
0 0 0.968036 0.019199 0.003069 0.000329 0.009367
0 0 0.959925 0.024185 0.004075 0.000411 0.011404
0 0 0.964301 0.020381 0.003132 0.000250 0.011936
0 0 0.951056 0.028643 0.005320 0.000808 0.014174
0 0 0.960794 0.024293 0.004025 0.000345 0.010543
0 0 0.967853 0.018052 0.003481 0.001568 0.009046
0 0 0.962639 0.023351 0.004305 0.000777 0.008928
0 0 0.969790 0.018274 0.003117 0.000548 0.008271
0 0 0.969327 0.017736 0.003077 0.000692 0.009169
0 0 0.974857 0.015296 0.002790 0.000989 0.006068
0 0 0.976708 0.013570 0.002337 0.000764 0.006622
0 0 0.963120 0.024707 0.004499 0.000573 0.007101
0 0 0.973292 0.016654 0.002912 0.000656 0.006486
0 0 0.970845 0.018921 0.003363 0.000621 0.006250
0 0 0.976237 0.015142 0.002283 0.000219 0.006119
0 0 0.974594 0.016142 0.002186 0.000092 0.006986
0 0 0.979010 0.012000 0.001708 0.000202 0.007080
0 0 0.967851 0.020535 0.003004 0.000139 0.008471
0 0 0.977861 0.012962 0.002070 0.000444 0.006663
0 0 0.970745 0.016421 0.002564 0.000344 0.009927
0 0 0.954561 0.028889 0.004365 0.000141 0.012043
0 0 0.954838 0.030875 0.004970 0.000184 0.009133
0 0 0.943736 0.041311 0.005924 0.000049 0.008980
0 0 0.845750 0.120413 0.022741 0.000109 0.010987
0 1 0.805359 0.155694 0.023134 0.000013 0.015799
0 1 0.814922 0.142328 0.026403 0.000090 0.016256
0 1 0.531347 0.361885 0.087165 0.000124 0.019480
0 0 0.923054 0.055721 0.008400 0.000059 0.012765
0 0 0.948600 0.031161 0.005240 0.000337 0.014662
0 0 0.968454 0.020830 0.003719 0.000577 0.006419
0 0 0.976140 0.014401 0.002300 0.000392 0.006767
0 0 0.966342 0.022900 0.003692 0.000233 0.006832
0 0 0.953075 0.033827 0.005952 0.000282 0.006863
0 0 0.970224 0.020095 0.003112 0.000192 0.006377
0 0 0.949782 0.029245 0.004792 0.000311 0.015869
0 0 0.903965 0.070195 0.010684 0.000051 0.015105
0 0 0.927167 0.050832 0.007762 0.000079 0.014160
0 1 0.731941 0.212516 0.038222 0.000037 0.017284
0 1 0.805817 0.149559 0.029694 0.000136 0.014794
0 1 0.499936 0.375978 0.094444 0.000190 0.029451
0 1 0.521124 0.358545 0.086830 0.000173 0.033328
1 2 0.213917 0.548660 0.204393 0.000715 0.032316
0 2 0.383601 0.322488 0.250723 0.006242 0.036945
1 2 0.395763 0.426140 0.138544 0.001021 0.038532
0 2 0.791125 0.146043 0.038815 0.001794 0.022223
0 2 0.474273 0.407408 0.100632 0.000102 0.017586
0 2 0.438434 0.389463 0.145181 0.003070 0.023852
0 0 0.881887 0.079386 0.016945 0.000751 0.021031
0 0 0.925110 0.048474 0.010468 0.001361 0.014587
0 0 0.952360 0.032660 0.004869 0.000097 0.010013
0 0 0.961366 0.024835 0.003954 0.000231 0.009614
0 0 0.929342 0.050633 0.009338 0.000303 0.010385
0 0 0.939132 0.043893 0.007170 0.000134 0.009671
0 0 0.948003 0.037067 0.005767 0.000109 0.009053
0 1 0.738866 0.196804 0.044986 0.000299 0.019044
0 1 0.649036 0.268421 0.058978 0.000134 0.023431
0 1 0.906176 0.065325 0.012126 0.000287 0.016085
0 0 0.935200 0.044132 0.007965 0.000339 0.012363
0 1 0.620840 0.304961 0.062363 0.000040 0.011795
0 1 0.465647 0.397544 0.123693 0.000532 0.012585
1 2 0.324447 0.495120 0.164608 0.000423 0.015402
1 2 0.268310 0.521768 0.193595 0.000702 0.015624
0 0 0.587601 0.300896 0.087040 0.000898 0.023565
0 0 0.804166 0.139504 0.032266 0.000660 0.023404
1 1 0.119791 0.566548 0.296095 0.000462 0.017104
2 2 0.015206 0.280445 0.678812 0.009252 0.016285
2 2 0.035055 0.293090 0.655396 0.003923 0.012537
2 2 0.014831 0.260169 0.704069 0.007440 0.013491
2 2 0.027235 0.170640 0.761898 0.024869 0.015359
2 2 0.011349 0.154957 0.815340 0.013382 0.004972
2 2 0.019721 0.225554 0.744266 0.004199 0.006260
2 2 0.014353 0.214841 0.759618 0.006071 0.005118
2 2 0.016648 0.084816 0.882364 0.012454 0.003718
2 2 0.005817 0.103531 0.878831 0.006734 0.005087
2 2 0.001352 0.087029 0.908296 0.002087 0.001236
2 2 0.001557 0.083018 0.907193 0.005264 0.002967
2 2 0.000882 0.063616 0.930180 0.003449 0.001873
2 2 0.001814 0.088010 0.903031 0.004874 0.002271
2 2 0.001315 0.041941 0.944025 0.008508 0.004211
2 2 0.000278 0.027861 0.965289 0.004329 0.002243
2 2 0.000500 0.039718 0.949624 0.006640 0.003518
2 2 0.000118 0.017928 0.972080 0.005413 0.004462
2 2 0.000126 0.014047 0.976843 0.004661 0.004323
2 2 0.000361 0.015613 0.978030 0.002003 0.003992
2 2 0.000321 0.015906 0.945323 0.008224 0.030227
2 2 0.000213 0.007082 0.963184 0.011744 0.017778
2 2 0.000282 0.014122 0.930040 0.027093 0.028463
2 2 0.003438 0.028662 0.892717 0.024897 0.050286
2 2 0.000832 0.027366 0.924632 0.021292 0.025878
2 2 0.000114 0.017075 0.973539 0.005074 0.004198
2 2 0.000055 0.007561 0.978364 0.012305 0.001715
2 2 0.000027 0.003527 0.946049 0.046109 0.004288
2 2 0.000069 0.006199 0.970151 0.015923 0.007658
2 2 0.000336 0.029531 0.953086 0.008649 0.008398
2 2 0.000245 0.011459 0.938541 0.034023 0.015732
2 2 0.000221 0.008178 0.945670 0.029370 0.016562
2 2 0.000320 0.016569 0.924260 0.049987 0.008863
2 2 0.000632 0.030692 0.919198 0.037043 0.012435
2 2 0.000250 0.013962 0.960475 0.012600 0.012713
2 3 0.000118 0.003456 0.837478 0.156332 0.002616
2 3 0.000428 0.006711 0.708233 0.279669 0.004959
2 3 0.000181 0.004251 0.815865 0.175899 0.003805
2 3 0.000538 0.007308 0.832621 0.155582 0.003951
2 2 0.000389 0.011139 0.853311 0.128766 0.006396
2 2 0.168376 0.144516 0.551962 0.119725 0.015421
2 2 0.088677 0.279408 0.609414 0.012779 0.009722
2 2 0.068512 0.154529 0.726897 0.040705 0.009357
2 2 0.047367 0.175344 0.733109 0.036831 0.007349
2 2 0.020377 0.065342 0.840908 0.070563 0.002810
2 2 0.001203 0.038288 0.914256 0.041972 0.004282
2 2 0.000094 0.008153 0.957552 0.029745 0.004455
2 2 0.012627 0.035284 0.930105 0.019690 0.002294
2 2 0.000684 0.041344 0.946829 0.007738 0.003404
2 2 0.000141 0.007712 0.972089 0.016300 0.003757
2 2 0.066890 0.144135 0.744068 0.043977 0.000930
2 2 0.003874 0.076202 0.897482 0.020626 0.001817
2 2 0.001279 0.039996 0.938179 0.019401 0.001144
2 2 0.001075 0.018429 0.900187 0.079432 0.000876
2 2 0.000906 0.011479 0.928369 0.058740 0.000506
2 2 0.001097 0.047933 0.937509 0.011766 0.001694
2 2 0.047279 0.137239 0.778045 0.032962 0.004476
2 2 0.001114 0.061240 0.930325 0.005658 0.001663
2 2 0.000213 0.012110 0.983570 0.002872 0.001234
2 2 0.000466 0.018827 0.930432 0.047748 0.002527
2 2 0.000036 0.002960 0.988641 0.008349 0.000015
2 2 0.000071 0.006889 0.986694 0.006247 0.000099
2 2 0.000081 0.007108 0.983932 0.008753 0.000126
2 3 0.000008 0.001186 0.965247 0.033389 0.000170
2 3 0.000036 0.002948 0.941398 0.055166 0.000452
3 3 0.011817 0.016928 0.478811 0.490031 0.002414
2 3 0.020369 0.032186 0.600353 0.343503 0.003589
2 3 0.017633 0.044837 0.597885 0.335642 0.004004
2 3 0.044351 0.047094 0.655399 0.251544 0.001612
2 0 0.270951 0.247581 0.456384 0.023353 0.001732
0 0 0.533605 0.339508 0.093010 0.000503 0.033374
1 1 0.149585 0.459202 0.359196 0.002942 0.029075
1 1 0.210563 0.585275 0.174600 0.000102 0.029459
1 1 0.371859 0.446693 0.149886 0.000492 0.031070
2 2 0.088749 0.380140 0.496620 0.005174 0.029317
1 2 0.334441 0.376823 0.253296 0.005275 0.030165
2 2 0.151009 0.401529 0.421527 0.003950 0.021985
0 2 0.555781 0.325898 0.090185 0.000568 0.027567
0 1 0.521987 0.352133 0.095799 0.000423 0.029658
0 0 0.718492 0.191318 0.058984 0.002248 0.028957
2 1 0.005506 0.313471 0.663440 0.000524 0.017059
2 2 0.002470 0.198443 0.791124 0.000725 0.007238
2 2 0.002658 0.105213 0.862210 0.006718 0.023201
2 2 0.001085 0.050691 0.934307 0.004620 0.009297
2 2 0.000452 0.033338 0.955303 0.002821 0.008086
2 2 0.005669 0.239194 0.740827 0.002914 0.011396
2 2 0.000453 0.034140 0.955062 0.006642 0.003703
2 2 0.000892 0.052268 0.940969 0.001625 0.004246
2 2 0.000564 0.061012 0.931865 0.002294 0.004265
2 2 0.007355 0.188499 0.794264 0.004538 0.005344
2 2 0.001043 0.033485 0.941258 0.018802 0.005412
2 2 0.000374 0.027001 0.951680 0.015303 0.005643
2 2 0.002563 0.054305 0.933934 0.006245 0.002953
2 2 0.000527 0.025842 0.935357 0.032830 0.005442
2 2 0.000132 0.011152 0.956509 0.028110 0.004097
2 2 0.000403 0.021251 0.931173 0.039379 0.007794
2 2 0.000419 0.019451 0.959387 0.008028 0.012715
2 2 0.000253 0.022730 0.950638 0.015746 0.010633
2 2 0.000075 0.006799 0.969945 0.016810 0.006370
2 2 0.000326 0.017125 0.925009 0.050495 0.007045
2 2 0.001183 0.049185 0.930933 0.015189 0.003509
2 2 0.000329 0.018676 0.949285 0.028780 0.002930
2 2 0.000101 0.008477 0.971103 0.015924 0.004395
2 2 0.000324 0.016214 0.945239 0.033442 0.004781
2 2 0.000875 0.041649 0.920984 0.025623 0.010869
4 2 0.062766 0.269166 0.074643 0.000011 0.593415
4 4 0.033196 0.076939 0.020969 0.000009 0.868887
4 4 0.027290 0.225952 0.116253 0.000002 0.630502
4 4 0.031862 0.156642 0.092550 0.000016 0.718929
4 4 0.016352 0.114279 0.061250 0.000012 0.808108
4 4 0.041134 0.020006 0.002388 0.000000 0.936472
4 4 0.018640 0.011532 0.001924 0.000000 0.967904
4 4 0.032108 0.015510 0.002432 0.000001 0.949949
4 4 0.014756 0.011548 0.002057 0.000000 0.971640
4 4 0.043160 0.014759 0.001968 0.000000 0.940112
4 4 0.031516 0.040889 0.008504 0.000002 0.919088
4 4 0.028979 0.020373 0.003952 0.000002 0.946694
4 4 0.043543 0.028626 0.004672 0.000001 0.923158
4 4 0.037448 0.057863 0.011290 0.000001 0.893399
4 4 0.026686 0.024089 0.005373 0.000004 0.943847
4 4 0.053216 0.046474 0.011436 0.000029 0.888845
4 4 0.034674 0.067084 0.011459 0.000000 0.886782
4 4 0.039054 0.113762 0.025349 0.000001 0.821834
4 4 0.034426 0.088774 0.014821 0.000000 0.861979
4 4 0.025658 0.086576 0.016397 0.000000 0.871369
4 4 0.055519 0.014146 0.001644 0.000000 0.928691
4 4 0.088313 0.016699 0.001753 0.000000 0.893235
4 4 0.028557 0.009630 0.001189 0.000000 0.960623
4 4 0.037711 0.010763 0.001257 0.000000 0.950269
4 4 0.041315 0.012385 0.001513 0.000000 0.944787
4 4 0.071822 0.021787 0.002946 0.000001 0.903444
4 4 0.034266 0.011308 0.001420 0.000000 0.953005
4 4 0.050930 0.022509 0.002550 0.000000 0.924011
4 4 0.068061 0.026302 0.002553 0.000000 0.903084
4 4 0.071921 0.020092 0.002584 0.000001 0.905402
4 4 0.048388 0.026258 0.004598 0.000002 0.920755
4 4 0.063598 0.029777 0.005145 0.000004 0.901476
4 4 0.064141 0.060120 0.009693 0.000001 0.866045
4 4 0.100710 0.026517 0.003491 0.000001 0.869280
4 4 0.071173 0.109838 0.016470 0.000000 0.802520
4 4 0.022078 0.132999 0.022435 0.000000 0.822489
4 4 0.025764 0.043594 0.015405 0.000034 0.915204
4 4 0.023480 0.166102 0.038484 0.000000 0.771934
4 4 0.009888 0.067422 0.034748 0.000015 0.887927
4 4 0.015195 0.130909 0.149086 0.000007 0.704802
4 4 0.025849 0.083034 0.015456 0.000000 0.875662
4 4 0.025328 0.059556 0.012027 0.000000 0.903090
4 4 0.042804 0.020632 0.003391 0.000001 0.933172
4 4 0.035633 0.026220 0.005416 0.000004 0.932727
4 4 0.038100 0.020968 0.003665 0.000002 0.937265
4 4 0.102533 0.017002 0.001691 0.000000 0.878774
4 4 0.066030 0.013659 0.001440 0.000000 0.918871
4 4 0.057726 0.015458 0.001865 0.000000 0.924951
4 4 0.037914 0.042712 0.006802 0.000000 0.912572
4 4 0.051082 0.014771 0.001829 0.000000 0.932318
4 4 0.072332 0.026232 0.003963 0.000002 0.897471
4 4 0.019320 0.030253 0.005131 0.000000 0.945296
4 4 0.035956 0.020669 0.003674 0.000002 0.939698
4 4 0.028566 0.012543 0.001820 0.000000 0.957071
4 4 0.017043 0.019655 0.003645 0.000000 0.959657
4 4 0.019004 0.018546 0.004102 0.000002 0.958346
4 4 0.013992 0.038667 0.009228 0.000001 0.938111
4 4 0.011319 0.036737 0.008292 0.000000 0.943651
4 4 0.019221 0.024874 0.006553 0.000008 0.949344
4 4 0.011976 0.078404 0.019465 0.000000 0.890155
4 4 0.076192 0.104409 0.029736 0.000092 0.789571
4 4 0.242650 0.189181 0.035281 0.000017 0.532872
0 4 0.507850 0.173857 0.026538 0.000014 0.291741
4 4 0.133853 0.161175 0.032386 0.000010 0.672576
4 2 0.172138 0.196976 0.041654 0.000020 0.589213
2 2 0.008203 0.277476 0.582860 0.000077 0.131384
2 2 0.006051 0.301301 0.595346 0.000065 0.097237
2 2 0.004855 0.243263 0.660212 0.000077 0.091593
2 2 0.003519 0.182767 0.715375 0.000553 0.097786
2 2 0.002823 0.132720 0.764237 0.001746 0.098473
2 2 0.001714 0.124126 0.836900 0.001807 0.035453
2 2 0.001042 0.056166 0.902177 0.013163 0.027452
2 2 0.001287 0.102772 0.874182 0.000997 0.020762
2 2 0.000469 0.043018 0.937241 0.002596 0.016675
2 2 0.002593 0.108128 0.856140 0.001889 0.031250
2 2 0.000755 0.054093 0.903564 0.010339 0.031249
2 2 0.001177 0.071630 0.901733 0.009465 0.015995
2 2 0.001199 0.088863 0.880715 0.005623 0.023599
2 2 0.000576 0.046935 0.926594 0.003435 0.022460
2 2 0.000842 0.051274 0.918740 0.006673 0.022472
2 2 0.000175 0.019714 0.959048 0.011594 0.009469
2 2 0.000187 0.021775 0.960140 0.009313 0.008585
2 2 0.000142 0.018960 0.972745 0.004156 0.003996
2 2 0.000166 0.012244 0.934977 0.043494 0.009119
2 2 0.000152 0.016752 0.955454 0.015813 0.011829
2 2 0.000099 0.011498 0.964986 0.017248 0.006170
2 2 0.000061 0.008301 0.966065 0.019178 0.006394
2 2 0.000026 0.003037 0.982655 0.003080 0.011202
2 2 0.000179 0.013615 0.945030 0.033769 0.007408
2 2 0.000065 0.005898 0.972922 0.013161 0.007954
2 2 0.000079 0.005256 0.896035 0.094707 0.003923
2 2 0.000156 0.009273 0.929391 0.054674 0.006506
2 2 0.000108 0.005831 0.843106 0.143941 0.007013
2 2 0.000225 0.008412 0.875616 0.105502 0.010244
2 2 0.000368 0.011397 0.881961 0.095725 0.010548
2 2 0.001906 0.010941 0.689795 0.288162 0.009196
2 2 0.001325 0.009890 0.550817 0.428229 0.009739
2 2 0.013460 0.030955 0.599344 0.335220 0.021022
2 2 0.014545 0.058832 0.688270 0.234138 0.004215
2 2 0.005468 0.027466 0.738770 0.224227 0.004069
2 2 0.003779 0.037573 0.865614 0.091711 0.001323
2 2 0.001654 0.028898 0.831655 0.134305 0.003488
2 2 0.002989 0.030677 0.886641 0.075884 0.003809
2 2 0.007143 0.033287 0.782513 0.174877 0.002180
2 2 0.005880 0.038827 0.780968 0.171684 0.002642
2 2 0.000477 0.013688 0.873268 0.110245 0.002323
2 2 0.000659 0.015369 0.891265 0.089017 0.003689
2 3 0.000336 0.008760 0.776421 0.208710 0.005773
2 3 0.000843 0.012287 0.770538 0.207833 0.008499
2 3 0.000849 0.018740 0.836913 0.134673 0.008824
3 3 0.000615 0.004232 0.364156 0.630038 0.000960
3 3 0.000204 0.002107 0.367523 0.629486 0.000679
3 3 0.000783 0.004234 0.420663 0.573841 0.000479
3 3 0.002526 0.007981 0.385392 0.602627 0.001474
3 3 0.001648 0.007369 0.366058 0.622994 0.001931
3 3 0.017242 0.017719 0.363209 0.600397 0.001433
3 3 0.002976 0.009642 0.359238 0.626030 0.002114
3 3 0.005451 0.006315 0.262621 0.725070 0.000543
3 3 0.003692 0.006315 0.205208 0.783831 0.000954
3 3 0.002101 0.005454 0.210481 0.781182 0.000783
3 3 0.014314 0.005987 0.133776 0.845787 0.000135
3 3 0.006459 0.004544 0.115991 0.872682 0.000324
3 3 0.011317 0.006589 0.102137 0.879239 0.000717
3 3 0.008691 0.005778 0.109194 0.875858 0.000479
3 3 0.005784 0.004302 0.120380 0.869302 0.000231
3 3 0.008779 0.005196 0.088609 0.897026 0.000389
3 3 0.004586 0.003187 0.069702 0.922127 0.000397
3 3 0.003972 0.002844 0.076967 0.915959 0.000259
3 3 0.005908 0.004207 0.072287 0.917215 0.000383
3 3 0.002040 0.002410 0.094115 0.901242 0.000193
3 3 0.014655 0.005079 0.081883 0.898167 0.000217
3 3 0.006967 0.003137 0.050851 0.938825 0.000220
3 3 0.007401 0.003496 0.075446 0.913511 0.000146
3 3 0.006534 0.002543 0.050384 0.940349 0.000190
3 3 0.006283 0.002295 0.045985 0.945268 0.000170
3 3 0.007255 0.003883 0.067540 0.920880 0.000442
3 3 0.005952 0.002456 0.050274 0.941078 0.000240
3 3 0.009928 0.005037 0.091616 0.893108 0.000311
3 3 0.003305 0.002761 0.077407 0.916279 0.000248
3 3 0.008071 0.003062 0.048759 0.939891 0.000217
3 3 0.016308 0.004166 0.054772 0.924515 0.000239
3 3 0.015534 0.004102 0.041352 0.938682 0.000330
3 3 0.010783 0.004534 0.064658 0.919715 0.000309
3 3 0.015049 0.004553 0.052957 0.927046 0.000396
3 3 0.009788 0.003554 0.053946 0.932388 0.000323
3 3 0.010770 0.007770 0.123357 0.857111 0.000992
3 3 0.005676 0.003094 0.058656 0.932177 0.000397
3 3 0.013283 0.006052 0.084894 0.895076 0.000696
3 3 0.004234 0.003109 0.064835 0.927355 0.000466
3 3 0.019126 0.008472 0.107017 0.864722 0.000663
3 3 0.009170 0.003709 0.054628 0.932155 0.000338
3 3 0.005861 0.002154 0.036800 0.954901 0.000285
3 3 0.007978 0.003632 0.056940 0.931089 0.000361
3 3 0.010691 0.002869 0.044045 0.942163 0.000232
3 3 0.003953 0.001908 0.039661 0.954303 0.000175
3 3 0.010468 0.005601 0.089990 0.893572 0.000369
3 3 0.005690 0.002379 0.044387 0.947322 0.000222
3 3 0.008887 0.004180 0.055491 0.931051 0.000391
3 3 0.004594 0.002578 0.056802 0.935771 0.000254
3 3 0.018622 0.005391 0.068846 0.906891 0.000251
3 3 0.003865 0.002852 0.073344 0.919729 0.000210
3 3 0.007832 0.003905 0.071807 0.916169 0.000288
3 3 0.009562 0.004696 0.074925 0.910460 0.000357
3 3 0.013331 0.018491 0.253299 0.713900 0.000979
3 3 0.012901 0.020684 0.358758 0.607077 0.000580
2 2 0.023662 0.077032 0.774092 0.119481 0.005732
2 2 0.029067 0.067526 0.750561 0.147576 0.005270
2 2 0.028789 0.076066 0.815049 0.075719 0.004377
2 2 0.032846 0.111716 0.793557 0.056350 0.005532
2 2 0.030248 0.090137 0.739030 0.136196 0.004389
2 2 0.004101 0.086211 0.880534 0.021471 0.007682
2 2 0.024704 0.309309 0.652905 0.003318 0.009763
2 2 0.011477 0.100243 0.849696 0.033337 0.005248
2 2 0.006970 0.110370 0.829759 0.044339 0.008562
2 2 0.005957 0.074295 0.881443 0.035001 0.003304
2 2 0.002388 0.053576 0.930807 0.009110 0.004120
2 2 0.001960 0.064498 0.903553 0.023995 0.005994
2 2 0.003554 0.039088 0.936776 0.016461 0.004121
2 2 0.000979 0.048646 0.928230 0.015894 0.006252
2 2 0.002385 0.047631 0.902035 0.036970 0.010979
2 2 0.000145 0.010013 0.964206 0.024832 0.000804
2 2 0.000135 0.010175 0.970463 0.017819 0.001409
2 2 0.000395 0.008482 0.942123 0.048770 0.000229
2 2 0.000216 0.015076 0.964601 0.018708 0.001400
2 2 0.000280 0.015906 0.954319 0.027830 0.001664
2 2 0.000298 0.019035 0.956682 0.009682 0.014302
2 2 0.000877 0.029757 0.947181 0.006594 0.015590
2 2 0.001777 0.101951 0.872738 0.002314 0.021220
2 2 0.000793 0.045980 0.921126 0.017153 0.014948
2 2 0.003063 0.108018 0.821667 0.022028 0.045224
2 2 0.004414 0.098975 0.765426 0.000852 0.130333
2 2 0.003619 0.068294 0.760960 0.001426 0.165701
2 2 0.010224 0.154434 0.609123 0.001403 0.224815
4 2 0.017716 0.130818 0.386146 0.003360 0.461960
2 2 0.008857 0.179588 0.565831 0.000444 0.245281
4 2 0.025916 0.218699 0.145044 0.000030 0.610310
4 2 0.020923 0.168950 0.234491 0.000129 0.575506
4 4 0.073816 0.104177 0.043205 0.000238 0.778564
4 4 0.042529 0.092012 0.056348 0.000086 0.809026
4 4 0.073442 0.221263 0.144016 0.000058 0.561221
4 4 0.044145 0.120498 0.205090 0.000942 0.629325
4 4 0.028854 0.214859 0.212007 0.000114 0.544166
4 4 0.024463 0.189671 0.292232 0.000705 0.492931
4 4 0.035570 0.242357 0.224388 0.000266 0.497418
4 4 0.035152 0.220099 0.243004 0.000119 0.501625
2 4 0.003448 0.150691 0.558851 0.000033 0.286976
2 4 0.002830 0.168454 0.489240 0.000037 0.339438
2 4 0.003337 0.170575 0.624099 0.000010 0.201978
2 4 0.001301 0.143438 0.498587 0.000018 0.356655
2 4 0.002442 0.149149 0.549557 0.000019 0.298834
4 4 0.002575 0.082122 0.396222 0.000125 0.518956
4 4 0.005822 0.055735 0.062644 0.000051 0.875748
4 4 0.005164 0.172221 0.102482 0.000001 0.720132
4 4 0.008854 0.133668 0.094653 0.000001 0.762824
4 4 0.004748 0.173485 0.257309 0.000001 0.564457
4 4 0.015104 0.065085 0.042099 0.000008 0.877703
4 4 0.012483 0.034476 0.009434 0.000001 0.943605
4 4 0.049606 0.034788 0.009429 0.000011 0.906166
4 4 0.025693 0.017227 0.002898 0.000000 0.954181
4 4 0.030408 0.064213 0.010113 0.000000 0.895266
1 4 0.032355 0.380540 0.209584 0.000016 0.377505
1 4 0.050309 0.415894 0.278867 0.000029 0.254900
4 4 0.030971 0.312802 0.286944 0.000059 0.369224
2 4 0.023104 0.248600 0.392232 0.000138 0.335925
1 4 0.076562 0.538262 0.138289 0.000004 0.246883
2 4 0.026342 0.213003 0.729369 0.008467 0.022820
2 2 0.005937 0.096131 0.852589 0.020433 0.024910
2 2 0.003227 0.067861 0.904514 0.006699 0.017698
2 2 0.003382 0.090139 0.888344 0.003053 0.015081
2 0 0.308692 0.273427 0.385537 0.012680 0.019665
0 0 0.736475 0.179775 0.039721 0.000393 0.043636
0 0 0.678332 0.233042 0.048943 0.000153 0.039531
1 1 0.348971 0.476942 0.123274 0.000134 0.050679
1 1 0.388049 0.450056 0.120633 0.000203 0.041059
1 1 0.346507 0.453428 0.137651 0.000576 0.061839
0 0 0.618632 0.235370 0.102642 0.001427 0.041929
1 1 0.188221 0.581861 0.189524 0.000207 0.040187
1 1 0.143867 0.536357 0.269171 0.000606 0.049999
1 2 0.283090 0.497991 0.164717 0.000668 0.053534
1 2 0.093951 0.474837 0.388968 0.001549 0.040696
0 2 0.502078 0.358365 0.114946 0.001263 0.023348
0 0 0.896623 0.071295 0.014025 0.000408 0.017648
0 0 0.886401 0.076422 0.015654 0.000566 0.020957
0 0 0.915552 0.052354 0.009493 0.000359 0.022241
0 0 0.764097 0.171969 0.034042 0.000154 0.029739
1 1 0.390546 0.451131 0.112059 0.000119 0.046145
1 1 0.321970 0.507088 0.125148 0.000070 0.045725
0 1 0.739862 0.159897 0.037886 0.000824 0.061532
1 1 0.301125 0.517584 0.130491 0.000077 0.050722
1 1 0.382395 0.431775 0.122264 0.000407 0.063159
2 1 0.064595 0.343703 0.576499 0.003496 0.011707
2 2 0.038056 0.383491 0.558256 0.003304 0.016893
2 2 0.054391 0.337701 0.596092 0.002089 0.009727
2 2 0.047124 0.301786 0.634356 0.006042 0.010693
2 2 0.046374 0.304613 0.635677 0.003109 0.010228
1 2 0.101078 0.470847 0.415583 0.002541 0.009951
1 2 0.141262 0.459581 0.378483 0.005077 0.015596
1 2 0.106651 0.452831 0.423786 0.002638 0.014094
2 2 0.120200 0.409640 0.453207 0.003586 0.013367
2 2 0.101827 0.341306 0.535337 0.008036 0.013494
2 2 0.193506 0.287318 0.484985 0.013756 0.020434
1 2 0.274670 0.467432 0.235722 0.001691 0.020485
2 2 0.226264 0.357817 0.392558 0.005180 0.018182
0 2 0.395166 0.252784 0.296221 0.027457 0.028372
1 2 0.220726 0.430963 0.320121 0.005438 0.022751
1 2 0.216491 0.481622 0.281197 0.001819 0.018871
2 2 0.070807 0.398433 0.513353 0.003503 0.013904
2 2 0.065985 0.349211 0.570614 0.003794 0.010396
2 2 0.033738 0.238996 0.700097 0.015111 0.012058
2 2 0.024012 0.167608 0.779352 0.021328 0.007701
2 2 0.000642 0.064681 0.931688 0.000385 0.002603
2 2 0.000289 0.030634 0.962397 0.004398 0.002282
2 2 0.003676 0.051119 0.939254 0.003832 0.002119
2 2 0.000154 0.024030 0.970559 0.002856 0.002400
2 2 0.000057 0.013045 0.983916 0.001572 0.001409
2 2 0.000006 0.006217 0.992476 0.000273 0.001027
2 2 0.000034 0.012018 0.985774 0.000981 0.001194
2 2 0.000032 0.007365 0.986003 0.004775 0.001826
2 2 0.000013 0.005014 0.992664 0.001569 0.000739
2 2 0.000004 0.003279 0.995311 0.000621 0.000786
2 2 0.000001 0.000800 0.996660 0.002123 0.000416
2 2 0.000059 0.009311 0.982420 0.006874 0.001337
2 2 0.000039 0.005898 0.981358 0.009213 0.003491
2 2 0.000047 0.011236 0.984574 0.002610 0.001533
2 2 0.000129 0.006483 0.986795 0.006164 0.000428
2 2 0.000906 0.102863 0.891825 0.000240 0.004166
2 2 0.000027 0.010336 0.987381 0.001025 0.001231
2 2 0.000015 0.003782 0.991835 0.001818 0.002551
2 2 0.000032 0.006714 0.979462 0.009274 0.004519
2 2 0.000007 0.002663 0.991721 0.004546 0.001063
2 2 0.003860 0.042199 0.939145 0.005447 0.009350
