0 0 0.782737 0.029798 0.152966 0.031305 0.003194
0 0 0.887762 0.067145 0.040986 0.000047 0.004059
0 0 0.927932 0.036358 0.031183 0.000333 0.004195
0 0 0.869562 0.031415 0.074968 0.017777 0.006277
0 0 0.968260 0.013881 0.015038 0.000628 0.002193
0 0 0.989927 0.005109 0.003277 0.000263 0.001424
0 0 0.989447 0.005805 0.002723 0.000170 0.001855
0 0 0.987455 0.006429 0.003842 0.000319 0.001955
0 0 0.983847 0.008618 0.004168 0.000320 0.003047
0 0 0.989090 0.006357 0.002130 0.000100 0.002323
0 0 0.985811 0.008461 0.001756 0.000058 0.003914
0 0 0.992754 0.004370 0.001349 0.000049 0.001477
0 0 0.985679 0.008540 0.001739 0.000057 0.003986
0 0 0.964529 0.019552 0.002643 0.000084 0.013193
0 0 0.983143 0.009890 0.002222 0.000085 0.004660
0 0 0.975987 0.017692 0.001704 0.000003 0.004614
0 0 0.841342 0.127587 0.011280 0.000004 0.019787
0 0 0.919384 0.062660 0.004167 0.000002 0.013787
0 0 0.905360 0.074783 0.003916 0.000001 0.015939
0 0 0.908953 0.072091 0.005042 0.000002 0.013911
0 0 0.679140 0.258309 0.042738 0.000007 0.019805
0 0 0.560716 0.310317 0.086982 0.000129 0.041856
0 0 0.496618 0.349410 0.106887 0.000179 0.046906
0 0 0.623978 0.262994 0.076401 0.000129 0.036498
0 0 0.591667 0.238596 0.147497 0.000346 0.021894
0 0 0.552656 0.332465 0.064820 0.000071 0.049988
0 0 0.735718 0.191076 0.041418 0.000069 0.031719
0 0 0.795044 0.154373 0.023621 0.000026 0.026936
0 0 0.846661 0.108611 0.013862 0.000038 0.030827
0 0 0.693308 0.237374 0.031003 0.000022 0.038292
0 0 0.512824 0.379370 0.065593 0.000029 0.042184
0 0 0.632208 0.314634 0.035441 0.000002 0.017715
1 0 0.344560 0.502648 0.105041 0.000041 0.047710
0 0 0.429717 0.411062 0.109773 0.000112 0.049336
0 0 0.492430 0.410984 0.069358 0.000008 0.027219
1 0 0.383015 0.488520 0.097321 0.000014 0.031131
1 0 0.319744 0.497744 0.136281 0.000077 0.046155
0 0 0.730986 0.169630 0.076561 0.000256 0.022566
0 0 0.637816 0.283851 0.057744 0.000012 0.020576
0 0 0.540889 0.367927 0.067067 0.000009 0.024108
0 0 0.541810 0.376971 0.054901 0.000006 0.026311
0 0 0.472516 0.428720 0.069229 0.000008 0.029527
1 0 0.347289 0.522649 0.088628 0.000016 0.041418
0 0 0.519686 0.355423 0.094693 0.000042 0.030156
0 0 0.738917 0.217052 0.029789 0.000003 0.014239
0 0 0.565393 0.293544 0.093893 0.000015 0.047156
1 1 0.343318 0.569886 0.057062 0.000002 0.029733
1 1 0.154576 0.701094 0.096839 0.000009 0.047483
1 1 0.170253 0.670633 0.108476 0.000016 0.050622
1 2 0.241413 0.604096 0.107457 0.000020 0.047013
1 2 0.024508 0.613312 0.306743 0.000380 0.055057
1 2 0.048617 0.611975 0.274195 0.000434 0.064778
1 2 0.012414 0.577228 0.314484 0.001859 0.094016
1 2 0.005172 0.555962 0.366385 0.000112 0.072370
1 2 0.005175 0.495825 0.430361 0.000663 0.067977
2 2 0.001412 0.323792 0.627530 0.004238 0.043029
2 2 0.001382 0.250062 0.703505 0.001161 0.043890
2 2 0.001259 0.278978 0.672070 0.006331 0.041361
2 2 0.001510 0.148348 0.827493 0.002120 0.020530
2 2 0.001468 0.322316 0.644491 0.003048 0.028677
2 2 0.000663 0.039411 0.955286 0.001854 0.002785
2 2 0.010457 0.126503 0.843156 0.003421 0.016463
2 2 0.000704 0.266570 0.698554 0.010434 0.023739
2 2 0.000820 0.098685 0.886513 0.004419 0.009562
2 2 0.000989 0.124261 0.844867 0.009424 0.020459
2 2 0.000351 0.028201 0.958587 0.011924 0.000937
2 2 0.000051 0.011343 0.984323 0.003962 0.000320
2 2 0.000164 0.006030 0.987543 0.005733 0.000529
2 2 0.000207 0.010358 0.980742 0.007672 0.001020
2 2 0.000298 0.011947 0.975298 0.010570 0.001887
2 2 0.000862 0.017321 0.868502 0.112140 0.001175
2 2 0.001403 0.006201 0.895732 0.096224 0.000440
2 2 0.002063 0.007564 0.845027 0.144835 0.000510
2 2 0.001014 0.020568 0.837284 0.137300 0.003834
2 2 0.001179 0.013998 0.857021 0.127048 0.000754
3 2 0.001639 0.006369 0.469367 0.522310 0.000315
3 3 0.002059 0.003106 0.415218 0.579499 0.000118
3 3 0.001353 0.004623 0.434497 0.559233 0.000293
3 3 0.002652 0.004139 0.372881 0.620001 0.000327
3 3 0.001074 0.003799 0.422942 0.571722 0.000462
3 3 0.002595 0.006013 0.320947 0.669814 0.000630
3 3 0.002171 0.010325 0.331622 0.654749 0.001133
3 3 0.001745 0.008653 0.271743 0.715368 0.002491
3 3 0.000899 0.004742 0.206880 0.786730 0.000750
3 3 0.001606 0.003144 0.259719 0.734950 0.000581
3 3 0.001221 0.002997 0.176936 0.818498 0.000348
3 3 0.000482 0.000999 0.122522 0.875918 0.000079
3 3 0.000443 0.000520 0.089527 0.909482 0.000027
3 3 0.000454 0.001303 0.135878 0.862282 0.000083
3 3 0.000576 0.001378 0.115736 0.882199 0.000111
3 3 0.000602 0.000234 0.020646 0.978481 0.000037
3 3 0.000538 0.000280 0.038726 0.960431 0.000024
3 3 0.000491 0.000281 0.037400 0.961804 0.000026
3 3 0.000875 0.000780 0.062772 0.935489 0.000083
3 3 0.000289 0.000397 0.054260 0.945023 0.000031
3 3 0.000363 0.000227 0.025353 0.974029 0.000028
3 3 0.000463 0.000619 0.052309 0.946540 0.000069
3 3 0.000250 0.000136 0.021145 0.978455 0.000014
3 3 0.000188 0.000138 0.020370 0.979289 0.000015
3 3 0.000155 0.000109 0.023417 0.976311 0.000008
3 3 0.000176 0.000059 0.010628 0.989130 0.000007
3 3 0.000170 0.000179 0.020907 0.978722 0.000023
3 3 0.000166 0.000079 0.012767 0.986979 0.000010
3 3 0.000079 0.000045 0.010140 0.989731 0.000005
3 3 0.000117 0.000111 0.016616 0.983143 0.000013
3 3 0.000170 0.000071 0.011952 0.987798 0.000009
3 3 0.000182 0.000204 0.022414 0.977174 0.000027
3 3 0.000255 0.000178 0.019646 0.979896 0.000024
3 3 0.000258 0.000077 0.011819 0.987835 0.000010
3 3 0.000181 0.000097 0.014310 0.985400 0.000012
3 3 0.000219 0.000187 0.020664 0.978906 0.000025
3 3 0.000202 0.000043 0.008656 0.991093 0.000005
3 3 0.000237 0.000120 0.015657 0.983969 0.000016
3 3 0.000166 0.000091 0.013924 0.985808 0.000011
3 3 0.000183 0.000069 0.011616 0.988124 0.000008
3 3 0.000205 0.000136 0.017275 0.982366 0.000018
3 3 0.000191 0.000076 0.012269 0.987454 0.000009
3 3 0.000179 0.000187 0.021314 0.978295 0.000024
3 3 0.000297 0.000194 0.020211 0.979270 0.000027
3 3 0.000368 0.000361 0.028448 0.970768 0.000055
3 3 0.000262 0.000102 0.013937 0.985686 0.000014
3 3 0.000233 0.000115 0.015313 0.984324 0.000015
3 3 0.000236 0.000151 0.018006 0.981587 0.000020
3 3 0.000259 0.000093 0.013270 0.986365 0.000012
3 3 0.000261 0.000087 0.012684 0.986957 0.000011
3 3 0.000137 0.000048 0.009781 0.990028 0.000006
3 3 0.000168 0.000080 0.012886 0.986857 0.000010
3 3 0.000136 0.000051 0.010126 0.989681 0.000006
3 3 0.000179 0.000077 0.012442 0.987293 0.000009
3 3 0.000162 0.000057 0.010533 0.989242 0.000007
3 3 0.000429 0.000162 0.017172 0.982213 0.000024
3 3 0.000111 0.000039 0.008827 0.991019 0.000004
3 3 0.000210 0.000045 0.008839 0.990900 0.000006
3 3 0.000093 0.000026 0.007153 0.992725 0.000003
3 3 0.000196 0.000087 0.013284 0.986421 0.000011
3 3 0.000135 0.000056 0.010684 0.989119 0.000006
3 3 0.000108 0.000033 0.008043 0.991812 0.000004
3 3 0.000194 0.000074 0.012010 0.987713 0.000009
3 3 0.000182 0.000068 0.011585 0.988157 0.000008
3 3 0.000115 0.000043 0.009310 0.990528 0.000005
3 3 0.000121 0.000058 0.011107 0.988708 0.000007
3 3 0.000217 0.000047 0.009013 0.990717 0.000006
3 3 0.000247 0.000054 0.009619 0.990072 0.000007
3 3 0.000176 0.000049 0.009535 0.990235 0.000006
3 3 0.000061 0.000017 0.005791 0.994129 0.000002
3 3 0.000186 0.000046 0.009043 0.990720 0.000006
3 3 0.000197 0.000052 0.009645 0.990100 0.000006
3 3 0.000210 0.000069 0.011382 0.988331 0.000009
3 3 0.000353 0.000096 0.012887 0.986651 0.000013
3 3 0.000132 0.000051 0.010190 0.989621 0.000006
3 3 0.000409 0.000313 0.025694 0.973536 0.000048
3 3 0.000263 0.000107 0.014397 0.985219 0.000014
3 3 0.000210 0.000053 0.009750 0.989980 0.000007
3 3 0.000239 0.000097 0.013769 0.985882 0.000013
3 3 0.000145 0.000050 0.009933 0.989865 0.000006
3 3 0.000223 0.000148 0.017892 0.981718 0.000020
3 3 0.000345 0.000212 0.020847 0.978565 0.000031
3 3 0.000309 0.000135 0.016117 0.983421 0.000019
3 3 0.000168 0.000098 0.014565 0.985157 0.000012
3 3 0.000275 0.000120 0.015304 0.984285 0.000016
3 3 0.000220 0.000237 0.027610 0.971905 0.000027
3 3 0.000312 0.000476 0.044692 0.954468 0.000053
3 3 0.000443 0.000196 0.019158 0.980174 0.000029
3 3 0.000565 0.000328 0.031071 0.967994 0.000041
3 3 0.000755 0.000324 0.036156 0.962731 0.000034
3 3 0.000550 0.000434 0.029932 0.969014 0.000071
3 3 0.000624 0.000151 0.015580 0.983622 0.000024
3 3 0.000424 0.000103 0.013052 0.986407 0.000015
3 3 0.000511 0.000204 0.019246 0.980007 0.000031
3 3 0.000493 0.000138 0.015247 0.984101 0.000021
3 3 0.001039 0.000524 0.030503 0.967840 0.000095
3 3 0.000945 0.000328 0.023348 0.975322 0.000057
3 3 0.000548 0.000239 0.020947 0.978228 0.000038
3 3 0.000534 0.000334 0.025712 0.973366 0.000053
3 3 0.000678 0.000249 0.020787 0.978246 0.000040
3 3 0.000355 0.000231 0.021896 0.977483 0.000034
3 3 0.000398 0.000352 0.027675 0.971522 0.000054
3 3 0.000175 0.000049 0.009562 0.990207 0.000006
3 3 0.000382 0.000228 0.021486 0.977870 0.000034
3 3 0.000287 0.000178 0.020660 0.978851 0.000023
2 3 0.037658 0.104413 0.509227 0.252469 0.096234
2 3 0.040702 0.242405 0.558686 0.078160 0.080047
2 2 0.055310 0.324801 0.455179 0.064306 0.100404
1 2 0.069007 0.399855 0.369109 0.029706 0.132324
2 1 0.194371 0.265229 0.471346 0.024949 0.044105
4 2 0.001170 0.320166 0.255629 0.000176 0.422859
1 2 0.008414 0.514931 0.205040 0.000659 0.270956
1 2 0.003304 0.449536 0.255870 0.000437 0.290853
4 2 0.001809 0.335064 0.299538 0.000305 0.363284
4 2 0.002141 0.373834 0.224729 0.000050 0.399245
1 2 0.009636 0.543850 0.200027 0.000034 0.246451
1 2 0.014949 0.515672 0.218103 0.000324 0.250951
1 2 0.007491 0.352383 0.321426 0.000012 0.318688
1 2 0.002807 0.427401 0.225125 0.000109 0.344558
1 2 0.002867 0.449486 0.284269 0.000038 0.263340
1 2 0.004505 0.390636 0.327035 0.000606 0.277219
4 2 0.000804 0.263858 0.333639 0.000465 0.401235
2 2 0.001235 0.261091 0.462079 0.001220 0.274374
2 2 0.001446 0.299279 0.434873 0.003362 0.261039
2 2 0.001078 0.264336 0.413284 0.000409 0.320892
1 2 0.009976 0.486736 0.346698 0.011030 0.145560
2 2 0.005917 0.340920 0.514223 0.003742 0.135197
1 2 0.030011 0.473528 0.390140 0.008089 0.098232
1 2 0.029371 0.521523 0.349784 0.003877 0.095445
2 2 0.012801 0.435908 0.457992 0.003270 0.090029
2 2 0.008382 0.264273 0.627280 0.014926 0.085139
2 2 0.007172 0.266588 0.659470 0.016088 0.050682
2 2 0.006206 0.291218 0.645908 0.009384 0.047284
2 2 0.012990 0.378056 0.529133 0.015330 0.064490
2 2 0.005314 0.346862 0.586516 0.013401 0.047906
2 2 0.034912 0.409425 0.512615 0.003265 0.039782
2 2 0.013268 0.286819 0.663211 0.006025 0.030678
0 0 0.708860 0.139224 0.117765 0.003830 0.030321
1 1 0.090190 0.526874 0.310791 0.001370 0.070775
1 1 0.019248 0.469422 0.393310 0.010524 0.107496
2 2 0.003820 0.387641 0.541976 0.010288 0.056274
1 1 0.036307 0.506160 0.412422 0.001029 0.044082
2 2 0.014991 0.439010 0.464246 0.008301 0.073453
2 2 0.005847 0.349489 0.581044 0.003559 0.060061
2 2 0.009143 0.365592 0.584090 0.005375 0.035801
1 1 0.121675 0.409445 0.391734 0.006749 0.070397
1 1 0.037264 0.452254 0.421387 0.007573 0.081521
1 2 0.015789 0.434399 0.405372 0.021401 0.123039
2 2 0.019068 0.417975 0.484725 0.009619 0.068613
2 2 0.016183 0.375677 0.537131 0.012808 0.058201
2 2 0.001179 0.192355 0.774094 0.002408 0.029964
2 2 0.005388 0.407113 0.483956 0.017743 0.085800
2 2 0.001980 0.312838 0.652810 0.004783 0.027588
2 2 0.004437 0.307668 0.610942 0.004590 0.072362
2 2 0.006997 0.237468 0.717110 0.003460 0.034965
2 2 0.002683 0.321424 0.560993 0.024995 0.089905
2 2 0.003827 0.266334 0.657940 0.021669 0.050230
2 2 0.004369 0.326329 0.571815 0.019845 0.077643
2 2 0.003248 0.140311 0.795054 0.022502 0.038886
2 2 0.003224 0.318724 0.572541 0.020248 0.085263
2 2 0.123263 0.260419 0.588929 0.002248 0.025141
2 2 0.001981 0.295934 0.652242 0.014113 0.035730
2 2 0.001366 0.229342 0.707425 0.007041 0.054826
2 2 0.001894 0.283147 0.675196 0.002694 0.037069
2 2 0.000927 0.215929 0.724564 0.007679 0.050901
2 2 0.001546 0.174010 0.771916 0.020540 0.031988
2 2 0.001892 0.127822 0.837441 0.004798 0.028048
2 2 0.004434 0.198243 0.747900 0.016241 0.033182
2 2 0.001497 0.252201 0.662292 0.023358 0.060651
2 2 0.005326 0.213732 0.726647 0.008879 0.045416
2 2 0.001157 0.160372 0.744633 0.038327 0.055512
2 2 0.004268 0.150126 0.770252 0.015277 0.060078
2 2 0.000733 0.256300 0.608059 0.027682 0.107226
2 2 0.002643 0.285770 0.588540 0.022510 0.100537
2 2 0.002839 0.145970 0.795426 0.009992 0.045773
2 2 0.000725 0.064468 0.882833 0.042596 0.009377
2 2 0.000647 0.074353 0.854148 0.044502 0.026350
2 2 0.000586 0.057012 0.896537 0.034787 0.011079
2 2 0.000642 0.055266 0.896860 0.029794 0.017438
2 2 0.001614 0.195445 0.738532 0.041924 0.022485
2 1 0.090738 0.325449 0.552939 0.004340 0.026533
2 2 0.004704 0.365711 0.586327 0.005910 0.037348
2 2 0.002803 0.290190 0.664483 0.007407 0.035117
2 2 0.004382 0.277120 0.675782 0.001986 0.040730
2 2 0.004105 0.283336 0.670979 0.004586 0.036993
2 2 0.008675 0.268453 0.668903 0.006175 0.047794
2 2 0.008947 0.289951 0.640858 0.003784 0.056460
1 1 0.098128 0.470505 0.378550 0.001048 0.051768
1 2 0.016358 0.476014 0.437300 0.004029 0.066298
2 2 0.006800 0.349930 0.569099 0.006923 0.067247
2 2 0.002222 0.319388 0.643142 0.006629 0.028619
2 2 0.014236 0.420058 0.525702 0.002641 0.037363
2 2 0.005116 0.259467 0.703635 0.005630 0.026152
2 2 0.004722 0.354071 0.603572 0.005162 0.032474
2 2 0.005136 0.264243 0.702851 0.007442 0.020328
2 2 0.005992 0.298818 0.667345 0.001115 0.026730
2 2 0.007898 0.306565 0.666401 0.002440 0.016696
2 2 0.018170 0.396165 0.562361 0.001127 0.022178
2 2 0.013708 0.404889 0.546129 0.002460 0.032813
2 2 0.005310 0.333451 0.644767 0.001244 0.015228
2 2 0.004341 0.304900 0.654648 0.008076 0.028036
2 2 0.006802 0.353797 0.574124 0.013944 0.051333
2 2 0.005306 0.195902 0.779863 0.004539 0.014390
2 2 0.002424 0.170632 0.807622 0.004815 0.014507
2 2 0.002003 0.319326 0.649327 0.004714 0.024631
2 2 0.003550 0.249383 0.709350 0.006140 0.031576
2 2 0.006097 0.195059 0.781583 0.006922 0.010339
2 2 0.008579 0.225394 0.743616 0.007547 0.014863
2 2 0.004646 0.254785 0.713815 0.008260 0.018494
2 2 0.002149 0.128663 0.860709 0.001037 0.007442
2 2 0.000567 0.065816 0.909146 0.021023 0.003448
2 2 0.001703 0.066864 0.888154 0.040491 0.002788
2 2 0.001588 0.140194 0.814642 0.033216 0.010359
2 2 0.002329 0.024070 0.949565 0.023013 0.001023
2 2 0.000740 0.072812 0.889307 0.034092 0.003050
2 2 0.132268 0.212833 0.619946 0.011536 0.023418
2 2 0.003947 0.261934 0.704765 0.008723 0.020630
2 2 0.000821 0.145794 0.831494 0.010844 0.011047
2 2 0.001812 0.258084 0.703752 0.012512 0.023840
2 2 0.001723 0.041887 0.940899 0.008445 0.007047
2 2 0.000248 0.217307 0.733368 0.009369 0.039708
2 2 0.000426 0.112831 0.862334 0.004704 0.019706
2 2 0.000384 0.115910 0.842793 0.009255 0.031657
2 2 0.000255 0.183701 0.767732 0.004557 0.043755
2 2 0.000302 0.113899 0.840370 0.010029 0.035400
2 2 0.000905 0.108763 0.777809 0.061060 0.051463
2 2 0.001191 0.110941 0.784064 0.053939 0.049865
2 2 0.002263 0.203254 0.648646 0.049341 0.096495
2 2 0.000748 0.119306 0.741813 0.048410 0.089723
2 2 0.003122 0.117857 0.745477 0.033709 0.099834
2 2 0.000589 0.056047 0.900173 0.034081 0.009110
2 2 0.000750 0.033956 0.942163 0.019621 0.003511
2 2 0.001115 0.100548 0.839035 0.049562 0.009741
2 2 0.000562 0.054653 0.916826 0.022650 0.005308
2 2 0.003285 0.049871 0.921624 0.021369 0.003850
2 2 0.000701 0.052483 0.893850 0.049236 0.003730
2 2 0.000905 0.031197 0.938167 0.027311 0.002420
2 2 0.001318 0.080908 0.850855 0.059640 0.007278
2 2 0.000633 0.017652 0.933351 0.047854 0.000510
2 2 0.000592 0.054954 0.893728 0.044420 0.006307
2 2 0.000649 0.099012 0.806685 0.077180 0.016474
2 2 0.000823 0.048622 0.871662 0.074117 0.004776
2 2 0.000805 0.026890 0.909659 0.060103 0.002543
2 2 0.000916 0.057687 0.857656 0.073174 0.010567
2 2 0.001494 0.021651 0.919659 0.055894 0.001302
2 2 0.000683 0.093571 0.861928 0.038664 0.005154
2 2 0.000137 0.012547 0.968666 0.018011 0.000639
2 2 0.000533 0.022294 0.955049 0.020048 0.002075
2 2 0.000653 0.058132 0.903918 0.034933 0.002364
2 2 0.000300 0.046087 0.930366 0.019897 0.003350
2 2 0.001176 0.039277 0.920135 0.036063 0.003349
2 2 0.000829 0.086552 0.826539 0.069362 0.016717
2 2 0.000125 0.027880 0.955443 0.014828 0.001725
2 2 0.001222 0.015616 0.924456 0.057296 0.001409
2 2 0.000761 0.081812 0.849679 0.062729 0.005019
2 2 0.000349 0.011610 0.902573 0.085112 0.000356
2 2 0.001185 0.010741 0.829762 0.158099 0.000214
2 3 0.000350 0.023413 0.862334 0.113193 0.000710
2 3 0.000177 0.013722 0.888275 0.097466 0.000360
2 3 0.000661 0.007131 0.831261 0.160595 0.000351
2 3 0.001240 0.051781 0.881651 0.059974 0.005353
2 3 0.001356 0.040784 0.867537 0.085063 0.005259
2 3 0.001851 0.045759 0.912594 0.032929 0.006867
2 3 0.003355 0.042412 0.868928 0.077910 0.007396
2 3 0.002234 0.100502 0.764266 0.122558 0.010440
2 3 0.000665 0.050889 0.918870 0.027350 0.002226
2 3 0.000485 0.034520 0.946155 0.015655 0.003184
2 3 0.000329 0.106850 0.863390 0.019687 0.009744
2 2 0.000158 0.012685 0.974475 0.012104 0.000578
2 2 0.000741 0.030249 0.939821 0.026241 0.002948
2 2 0.000439 0.041363 0.903812 0.046028 0.008359
2 2 0.000528 0.029658 0.888185 0.077102 0.004527
2 2 0.000653 0.112139 0.780750 0.091847 0.014610
2 3 0.001225 0.052106 0.849932 0.087383 0.009353
2 3 0.000531 0.068630 0.851072 0.066080 0.013687
2 3 0.001136 0.076421 0.853592 0.046271 0.022580
2 3 0.002548 0.102085 0.807647 0.068839 0.018880
2 3 0.001511 0.080179 0.852124 0.047897 0.018289
2 3 0.002068 0.154126 0.735529 0.083069 0.025207
2 3 0.002320 0.116772 0.806596 0.062383 0.011930
2 3 0.000294 0.023141 0.840519 0.134795 0.001251
2 3 0.000118 0.006716 0.925984 0.066909 0.000272
2 3 0.000267 0.042935 0.800193 0.152023 0.004582
2 3 0.000636 0.015914 0.869760 0.112564 0.001127
2 3 0.000217 0.011115 0.889661 0.098489 0.000517
2 3 0.003474 0.126211 0.803847 0.032810 0.033658
2 3 0.006952 0.198401 0.729566 0.037703 0.027378
2 3 0.163946 0.096394 0.699927 0.018808 0.020925
2 1 0.013462 0.386664 0.540271 0.008439 0.051164
2 2 0.007164 0.317328 0.601252 0.023556 0.050700
2 2 0.000881 0.144870 0.770673 0.028460 0.055116
2 2 0.001010 0.142052 0.814806 0.012032 0.030100
2 2 0.001943 0.287274 0.563949 0.018617 0.128216
2 2 0.000500 0.065885 0.907853 0.012548 0.013213
2 2 0.000421 0.229392 0.674493 0.020261 0.075432
2 2 0.003219 0.344055 0.587604 0.013473 0.051649
2 2 0.001356 0.238245 0.663720 0.013849 0.082830
2 2 0.000505 0.060580 0.901875 0.003044 0.033995
2 2 0.001066 0.124565 0.822615 0.012761 0.038993
2 4 0.001954 0.266146 0.590538 0.009835 0.131527
4 4 0.007495 0.258568 0.150564 0.000028 0.583344
4 4 0.035804 0.279328 0.123234 0.000002 0.561632
4 4 0.010821 0.202500 0.170599 0.000010 0.616071
4 4 0.012148 0.313665 0.136115 0.000022 0.538050
4 4 0.011790 0.190043 0.125069 0.000021 0.673077
4 4 0.012350 0.035283 0.008755 0.000003 0.943609
4 4 0.004228 0.081812 0.016654 0.000004 0.897302
4 4 0.003495 0.063176 0.019610 0.000009 0.913709
4 4 0.005626 0.057749 0.015053 0.000007 0.921566
4 4 0.015218 0.028435 0.007503 0.000020 0.948823
4 4 0.028660 0.208981 0.055399 0.000433 0.706527
4 4 0.162818 0.056041 0.019055 0.000193 0.761893
4 4 0.243037 0.094210 0.030125 0.000046 0.632582
4 4 0.136002 0.153007 0.020935 0.000063 0.689993
4 4 0.119370 0.131153 0.020866 0.000102 0.728509
4 4 0.048566 0.064702 0.012030 0.000038 0.874665
4 4 0.033867 0.040737 0.014193 0.000103 0.911099
4 4 0.221579 0.025407 0.006407 0.000059 0.746548
4 4 0.075965 0.042908 0.009051 0.000039 0.872038
4 4 0.072915 0.069323 0.009356 0.000020 0.848386
1 4 0.291557 0.446281 0.197285 0.000678 0.064199
0 0 0.803016 0.101729 0.077259 0.001223 0.016773
0 0 0.833187 0.090272 0.056538 0.001216 0.018788
0 0 0.489299 0.374431 0.101628 0.000057 0.034584
0 0 0.435026 0.434344 0.098446 0.000024 0.032159
0 0 0.410866 0.400150 0.111439 0.000014 0.077531
1 0 0.119984 0.726845 0.126214 0.000004 0.026954
1 1 0.123379 0.631409 0.184568 0.000040 0.060604
1 1 0.052299 0.609782 0.246641 0.000017 0.091262
1 1 0.179615 0.585710 0.178100 0.000004 0.056572
1 1 0.406320 0.442194 0.051635 0.000012 0.099839
1 1 0.302026 0.443525 0.074952 0.000126 0.179371
0 1 0.433071 0.357509 0.069645 0.000080 0.139695
0 1 0.480897 0.421219 0.046699 0.000012 0.051173
0 1 0.448070 0.444376 0.037340 0.000012 0.070202
0 0 0.648168 0.210251 0.040426 0.000133 0.101022
0 0 0.482934 0.460551 0.022164 0.000000 0.034350
0 0 0.588486 0.373644 0.019964 0.000000 0.017906
0 1 0.561230 0.395277 0.024310 0.000000 0.019183
1 1 0.396448 0.466997 0.059108 0.000041 0.077407
1 1 0.065175 0.453478 0.079422 0.000000 0.401926
4 2 0.007725 0.364960 0.146227 0.000001 0.481087
4 2 0.006148 0.408910 0.145081 0.000000 0.439861
4 2 0.006073 0.391774 0.140371 0.000000 0.461782
4 2 0.009156 0.421797 0.092158 0.000000 0.476889
4 2 0.001865 0.328105 0.226573 0.000004 0.443453
4 2 0.000468 0.242378 0.293883 0.000004 0.463268
4 2 0.000273 0.264606 0.321268 0.000032 0.413821
4 2 0.000341 0.259700 0.307104 0.000033 0.432822
4 2 0.000482 0.299860 0.325605 0.000034 0.374019
2 2 0.000071 0.166141 0.705958 0.000487 0.127342
2 2 0.000138 0.217691 0.627126 0.001257 0.153787
2 2 0.000085 0.201074 0.633316 0.000186 0.165339
2 2 0.000102 0.141288 0.719221 0.000093 0.139297
2 2 0.000047 0.144637 0.720325 0.000110 0.134882
2 2 0.000028 0.118369 0.808970 0.000248 0.072385
2 2 0.000075 0.159659 0.763564 0.000643 0.076058
2 2 0.000024 0.116512 0.793269 0.000268 0.089927
2 2 0.000073 0.107824 0.821320 0.000103 0.070679
2 2 0.000036 0.103377 0.837482 0.000082 0.059024
2 2 0.000055 0.111443 0.838865 0.000494 0.049144
2 2 0.000076 0.101383 0.837252 0.000105 0.061183
2 2 0.000091 0.147282 0.780513 0.000872 0.071242
2 2 0.000074 0.032000 0.952281 0.000494 0.015150
2 2 0.000162 0.164609 0.788597 0.000985 0.045647
2 2 0.000079 0.061541 0.923007 0.000773 0.014600
2 2 0.000055 0.050135 0.930082 0.000356 0.019373
2 2 0.000308 0.104267 0.862773 0.002515 0.030137
2 2 0.000065 0.030641 0.959981 0.000460 0.008854
2 2 0.000116 0.027440 0.964868 0.000614 0.006962
2 2 0.000420 0.043237 0.934387 0.008813 0.013143
2 2 0.000228 0.118974 0.803153 0.007667 0.069978
2 2 0.000157 0.041285 0.933402 0.004343 0.020813
2 2 0.000585 0.093995 0.834865 0.018694 0.051862
2 2 0.000155 0.057443 0.920699 0.002645 0.019059
2 2 0.000269 0.073903 0.881767 0.023778 0.020284
2 2 0.000175 0.037218 0.915391 0.037942 0.009274
2 2 0.000121 0.031960 0.937243 0.020475 0.010201
2 2 0.000165 0.026297 0.950361 0.018342 0.004835
2 2 0.000144 0.024498 0.942546 0.025067 0.007744
2 2 0.000408 0.025235 0.918869 0.051310 0.004178
2 2 0.000322 0.021566 0.930194 0.044142 0.003776
2 2 0.000267 0.010865 0.943487 0.043926 0.001455
2 2 0.000370 0.016262 0.939732 0.040296 0.003340
2 2 0.000703 0.040830 0.896285 0.057035 0.005147
2 2 0.001188 0.019578 0.830867 0.146045 0.002322
2 2 0.000723 0.015402 0.809576 0.173341 0.000959
2 2 0.000500 0.009487 0.792958 0.195888 0.001167
2 3 0.001127 0.037536 0.706688 0.247373 0.007277
2 3 0.001081 0.009808 0.792718 0.195473 0.000920
2 3 0.001688 0.008368 0.785590 0.203741 0.000613
2 3 0.001201 0.035066 0.740785 0.219666 0.003283
2 3 0.002008 0.014342 0.741955 0.240925 0.000771
2 3 0.002594 0.021985 0.694822 0.278755 0.001844
2 3 0.001550 0.024554 0.581842 0.389271 0.002784
3 3 0.002626 0.012668 0.421193 0.562304 0.001209
3 3 0.001425 0.006899 0.439356 0.551207 0.001112
3 3 0.001190 0.009925 0.371075 0.616472 0.001337
3 3 0.001393 0.021572 0.389258 0.584911 0.002865
3 3 0.001152 0.012773 0.394760 0.588526 0.002790
3 3 0.001411 0.006549 0.238444 0.752420 0.001175
3 3 0.001569 0.012521 0.218429 0.764420 0.003060
3 3 0.001879 0.010113 0.262927 0.722168 0.002913
3 3 0.000916 0.004768 0.234626 0.759026 0.000664
3 3 0.001729 0.005329 0.170506 0.820888 0.001548
3 3 0.003882 0.036315 0.363867 0.588343 0.007593
3 3 0.001350 0.008771 0.312692 0.675445 0.001742
3 3 0.001658 0.006925 0.265643 0.723584 0.002189
3 3 0.002822 0.022775 0.266270 0.702818 0.005315
3 3 0.000980 0.008154 0.290203 0.699242 0.001421
3 3 0.001369 0.008388 0.306882 0.682383 0.000977
3 3 0.002385 0.010520 0.298000 0.687924 0.001172
3 3 0.000816 0.005739 0.247408 0.745461 0.000576
3 3 0.001006 0.002754 0.151206 0.844719 0.000316
3 3 0.001300 0.005144 0.176959 0.815854 0.000743
3 3 0.001327 0.008172 0.243617 0.745509 0.001374
3 3 0.001933 0.009145 0.249075 0.738128 0.001719
2 3 0.001454 0.016013 0.518353 0.460068 0.004111
3 3 0.001824 0.022066 0.484701 0.486626 0.004783
2 3 0.001433 0.013779 0.608950 0.373439 0.002400
2 3 0.000680 0.133267 0.756288 0.019305 0.090460
2 2 0.000463 0.044632 0.901632 0.021208 0.032065
2 2 0.000595 0.122098 0.791354 0.023620 0.062332
2 2 0.000812 0.132501 0.804017 0.011921 0.050749
2 2 0.000621 0.139957 0.780539 0.011433 0.067449
2 2 0.000279 0.083741 0.898270 0.001277 0.016433
2 2 0.000241 0.084728 0.897930 0.001776 0.015325
2 2 0.000420 0.096287 0.862622 0.002937 0.037734
2 2 0.000451 0.187841 0.748970 0.011546 0.051191
2 2 0.000387 0.077609 0.884215 0.003613 0.034176
2 2 0.000169 0.086008 0.883713 0.005600 0.024509
2 2 0.000128 0.034707 0.946843 0.003535 0.014788
2 2 0.000277 0.039747 0.944803 0.005237 0.009936
2 2 0.000259 0.095925 0.855228 0.012109 0.036479
2 2 0.000119 0.051682 0.934066 0.005849 0.008284
2 2 0.004503 0.308546 0.440683 0.002700 0.243568
2 2 0.002994 0.344278 0.465642 0.011448 0.175639
2 2 0.006153 0.273850 0.440453 0.001000 0.278544
4 2 0.114321 0.254438 0.252997 0.000560 0.377685
1 1 0.132759 0.459974 0.238967 0.000758 0.167543
4 1 0.002243 0.175087 0.085447 0.000001 0.737221
4 2 0.006294 0.214406 0.073023 0.000003 0.706274
4 2 0.003733 0.144908 0.050544 0.000006 0.800809
4 4 0.008502 0.148859 0.049365 0.000005 0.793270
4 4 0.005798 0.222021 0.064509 0.000000 0.707671
4 4 0.029393 0.014447 0.002495 0.000003 0.953662
4 4 0.036651 0.015226 0.002147 0.000002 0.945974
4 4 0.041229 0.044432 0.005738 0.000008 0.908594
4 4 0.026623 0.013479 0.003944 0.000013 0.955941
4 4 0.063270 0.017032 0.001994 0.000002 0.917703
4 4 0.016198 0.044164 0.012820 0.000049 0.926769
4 4 0.050670 0.032205 0.009269 0.000053 0.907803
4 4 0.089138 0.026747 0.007221 0.000046 0.876849
4 4 0.156679 0.025245 0.005400 0.000030 0.812647
4 4 0.052022 0.054678 0.008976 0.000022 0.884301
4 4 0.043779 0.079250 0.008435 0.000004 0.868532
4 4 0.018146 0.053775 0.008937 0.000010 0.919133
4 4 0.054663 0.027022 0.007018 0.000017 0.911280
4 4 0.020361 0.044977 0.007842 0.000006 0.926815
4 4 0.019217 0.073190 0.010483 0.000003 0.897107
4 4 0.059075 0.026505 0.008691 0.000064 0.905664
4 4 0.021897 0.041760 0.011360 0.000043 0.924939
4 4 0.090873 0.043671 0.010238 0.000059 0.855158
4 4 0.091940 0.032601 0.008906 0.000062 0.866490
4 4 0.032474 0.039966 0.008276 0.000023 0.919262
4 4 0.008033 0.092526 0.016946 0.000026 0.882468
4 4 0.011225 0.087284 0.015039 0.000024 0.886428
4 4 0.011158 0.034906 0.006888 0.000010 0.947038
4 4 0.033660 0.035619 0.007492 0.000021 0.923208
4 4 0.099516 0.067548 0.012613 0.000024 0.820300
4 4 0.025349 0.015962 0.004704 0.000016 0.953968
4 4 0.050386 0.011235 0.003740 0.000020 0.934618
4 4 0.039372 0.017889 0.005736 0.000030 0.936973
4 4 0.026167 0.030768 0.006040 0.000012 0.937014
4 4 0.029781 0.013271 0.005196 0.000031 0.951721
4 4 0.044827 0.024534 0.004441 0.000009 0.926189
4 4 0.074032 0.026134 0.003679 0.000006 0.896149
4 4 0.021287 0.045590 0.006424 0.000007 0.926691
4 4 0.083384 0.037808 0.007280 0.000027 0.871502
4 4 0.062214 0.015396 0.004830 0.000029 0.917531
4 4 0.178022 0.026187 0.007282 0.000071 0.788438
4 4 0.142921 0.024010 0.008950 0.000127 0.823992
4 4 0.103870 0.044693 0.012515 0.000108 0.838813
4 4 0.139422 0.031089 0.011603 0.000177 0.817709
4 4 0.145384 0.049235 0.015496 0.000206 0.789679
4 4 0.071141 0.108342 0.007234 0.000005 0.813279
4 4 0.036048 0.029254 0.006264 0.000017 0.928417
4 4 0.116813 0.024088 0.004774 0.000019 0.854307
4 4 0.054656 0.043413 0.007310 0.000018 0.894603
4 4 0.159293 0.073409 0.008079 0.000019 0.759201
4 4 0.014691 0.050259 0.012794 0.000038 0.922217
4 4 0.039352 0.036169 0.006778 0.000016 0.917684
4 4 0.017468 0.062721 0.012116 0.000025 0.907670
4 4 0.111445 0.033426 0.006920 0.000032 0.848177
4 4 0.053212 0.026036 0.009564 0.000082 0.911106
4 4 0.316088 0.027998 0.006983 0.000083 0.648847
4 1 0.146887 0.105628 0.031946 0.000528 0.715010
4 2 0.063269 0.126333 0.045424 0.000717 0.764257
4 1 0.229296 0.098475 0.037204 0.001017 0.634008
4 2 0.110732 0.169037 0.050691 0.000874 0.668665
4 2 0.000973 0.225727 0.211500 0.000003 0.561797
4 2 0.000492 0.258810 0.270893 0.000008 0.469797
4 2 0.000309 0.228548 0.284227 0.000005 0.486911
4 2 0.001224 0.244555 0.231011 0.000005 0.523205
4 2 0.000291 0.236360 0.226979 0.000003 0.536367
4 4 0.009709 0.038249 0.009201 0.000019 0.942822
4 4 0.004280 0.064393 0.019357 0.000050 0.911920
4 4 0.016901 0.036326 0.017237 0.000156 0.929380
4 4 0.072652 0.038586 0.010777 0.000074 0.877911
4 4 0.019530 0.083656 0.015694 0.000036 0.881084
4 4 0.144862 0.026537 0.005609 0.000018 0.822975
4 4 0.046722 0.054102 0.006995 0.000010 0.892170
4 4 0.038904 0.044397 0.004719 0.000004 0.911976
4 4 0.009909 0.054348 0.012000 0.000024 0.923719
4 4 0.007840 0.053192 0.011547 0.000020 0.927400
4 4 0.006435 0.022386 0.005670 0.000005 0.965503
4 4 0.007143 0.022625 0.004563 0.000001 0.965668
4 4 0.005369 0.051478 0.009153 0.000000 0.934000
4 4 0.002169 0.054713 0.008584 0.000001 0.934533
4 4 0.001232 0.047580 0.009334 0.000001 0.941854
4 4 0.003807 0.095233 0.020313 0.000000 0.880647
4 4 0.005056 0.154772 0.025445 0.000000 0.814727
4 4 0.003528 0.088448 0.032070 0.000001 0.875953
4 4 0.006652 0.042276 0.008419 0.000001 0.942652
4 4 0.001548 0.103063 0.031960 0.000000 0.863429
4 4 0.047764 0.170497 0.039002 0.000264 0.742472
4 4 0.232880 0.029736 0.008440 0.000105 0.728839
4 4 0.099067 0.072219 0.013251 0.000060 0.815402
4 4 0.240870 0.051887 0.018299 0.000124 0.688820
4 4 0.041317 0.091469 0.017111 0.000057 0.850047
4 4 0.000716 0.169053 0.095250 0.000000 0.734981
4 4 0.001881 0.115847 0.065551 0.000000 0.816720
4 4 0.000759 0.161206 0.088074 0.000000 0.749960
4 2 0.000442 0.176395 0.106418 0.000001 0.716745
4 2 0.000380 0.167222 0.106539 0.000001 0.725859
4 2 0.005272 0.072589 0.018109 0.000038 0.903992
4 2 0.005339 0.101576 0.024436 0.000054 0.868594
4 4 0.066154 0.038683 0.008821 0.000040 0.886302
4 4 0.015876 0.036391 0.009086 0.000024 0.938623
4 4 0.021416 0.075024 0.011174 0.000013 0.892373
4 4 0.008164 0.043967 0.008596 0.000001 0.939273
4 4 0.007334 0.070206 0.013502 0.000000 0.908958
4 4 0.003729 0.088870 0.034066 0.000001 0.873334
4 4 0.003130 0.095394 0.028943 0.000001 0.872533
4 4 0.001005 0.098643 0.032957 0.000001 0.867394
4 4 0.002145 0.219610 0.238981 0.000003 0.539262
4 4 0.000441 0.216524 0.200749 0.000001 0.582285
4 2 0.000298 0.237569 0.209572 0.000004 0.552558
4 2 0.000266 0.224165 0.242255 0.000008 0.533306
4 2 0.000659 0.236494 0.192530 0.000003 0.570314
4 2 0.001191 0.047519 0.025094 0.000095 0.926101
4 2 0.001400 0.084145 0.043816 0.000212 0.870427
4 4 0.041636 0.033225 0.012617 0.000054 0.912467
4 4 0.010608 0.069773 0.016993 0.000045 0.902580
4 4 0.010074 0.057259 0.021507 0.000117 0.911043
4 4 0.140373 0.015971 0.002687 0.000008 0.840962
4 4 0.176022 0.020265 0.003138 0.000010 0.800565
4 4 0.107447 0.019185 0.002409 0.000004 0.870955
4 4 0.091481 0.024546 0.003294 0.000006 0.880674
4 4 0.114490 0.013394 0.002469 0.000007 0.869640
4 4 0.126346 0.047870 0.018684 0.000339 0.806761
4 4 0.221541 0.035021 0.011400 0.000186 0.731853
4 4 0.088239 0.102174 0.042757 0.000969 0.765861
4 4 0.034439 0.131942 0.050661 0.000690 0.782268
4 4 0.028137 0.169139 0.056292 0.000600 0.745832
4 4 0.002404 0.043704 0.015414 0.000036 0.938441
4 2 0.002557 0.047367 0.015419 0.000033 0.934624
4 2 0.007231 0.044010 0.010883 0.000022 0.937854
4 4 0.063236 0.028511 0.009566 0.000078 0.898610
4 4 0.017136 0.022193 0.006274 0.000019 0.954378
4 4 0.196982 0.020094 0.003994 0.000020 0.778909
4 4 0.013361 0.045418 0.007702 0.000010 0.933509
4 4 0.006098 0.044162 0.010299 0.000017 0.939424
4 4 0.009510 0.019536 0.005178 0.000010 0.965766
4 4 0.034321 0.053041 0.007415 0.000011 0.905212
4 4 0.083802 0.289104 0.171578 0.000259 0.455258
4 4 0.005699 0.350070 0.281632 0.000187 0.362412
4 2 0.020579 0.211642 0.284592 0.000206 0.482981
4 2 0.030408 0.335986 0.218742 0.000136 0.414729
4 2 0.002196 0.313014 0.314658 0.000673 0.369459
4 2 0.000403 0.229714 0.323041 0.000053 0.446790
4 2 0.000416 0.242449 0.361337 0.000026 0.395772
4 2 0.000203 0.213417 0.357452 0.000012 0.428917
4 2 0.000370 0.241788 0.360683 0.000047 0.397112
2 2 0.000254 0.217372 0.392746 0.000034 0.389593
2 2 0.000199 0.221708 0.408498 0.000054 0.369541
4 2 0.000298 0.232454 0.382074 0.000028 0.385146
2 2 0.000388 0.270939 0.407828 0.000076 0.320770
2 2 0.000425 0.309899 0.388686 0.000149 0.300841
2 2 0.000532 0.264809 0.397834 0.000680 0.336145
4 2 0.002603 0.324552 0.271163 0.000002 0.401679
4 2 0.000352 0.243336 0.353390 0.000010 0.402913
2 2 0.000695 0.323537 0.340011 0.000026 0.335731
4 2 0.000537 0.336106 0.297991 0.000005 0.365361
2 2 0.000422 0.282545 0.403590 0.000200 0.313244
2 2 0.000133 0.211105 0.476273 0.000405 0.312085
2 2 0.000268 0.242837 0.498258 0.000817 0.257820
2 2 0.000286 0.279742 0.471968 0.001741 0.246263
2 2 0.000274 0.190594 0.505926 0.000568 0.302638
2 2 0.000316 0.215390 0.542038 0.000644 0.241612
2 2 0.000115 0.181989 0.678272 0.000635 0.138989
2 2 0.000180 0.177917 0.681698 0.000029 0.140176
2 2 0.000221 0.182896 0.684046 0.000143 0.132694
2 2 0.000083 0.165198 0.670369 0.000137 0.164214
2 2 0.000109 0.129273 0.747824 0.000031 0.122763
2 2 0.000088 0.042132 0.938285 0.000855 0.018641
2 2 0.000085 0.039895 0.952176 0.000111 0.007733
2 2 0.000063 0.133410 0.833382 0.000316 0.032831
2 2 0.000116 0.088450 0.885239 0.001598 0.024598
2 2 0.000260 0.089409 0.872446 0.001105 0.036780
2 2 0.000553 0.036150 0.942616 0.004079 0.016602
2 2 0.000143 0.106979 0.849113 0.001181 0.042583
2 2 0.000545 0.204480 0.691405 0.003453 0.100116
2 2 0.000182 0.091253 0.847861 0.001177 0.059527
2 2 0.000153 0.047276 0.931403 0.000444 0.020723
2 2 0.000175 0.025857 0.955797 0.010442 0.007730
2 2 0.000308 0.032603 0.940732 0.015404 0.010953
2 2 0.000651 0.078089 0.869762 0.028940 0.022558
2 2 0.000666 0.058769 0.897918 0.025381 0.017266
2 2 0.000393 0.039724 0.924598 0.020687 0.014599
2 2 0.000507 0.052591 0.892200 0.020424 0.034279
2 2 0.000757 0.046204 0.902619 0.029160 0.021260
2 2 0.001524 0.079440 0.837581 0.038533 0.042922
2 2 0.001597 0.099144 0.824437 0.028821 0.046002
2 2 0.000760 0.126944 0.739206 0.039475 0.093615
2 2 0.001469 0.031874 0.761584 0.191411 0.013662
2 3 0.001691 0.038044 0.796526 0.150294 0.013446
2 3 0.002575 0.043242 0.740782 0.203124 0.010277
2 3 0.004229 0.057917 0.795356 0.120792 0.021706
2 3 0.004234 0.048886 0.710256 0.217742 0.018882
2 3 0.010222 0.158141 0.473321 0.178551 0.179765
2 3 0.008138 0.126258 0.496655 0.255846 0.113104
2 3 0.008237 0.042950 0.654271 0.222273 0.072269
2 3 0.008453 0.134544 0.509935 0.179554 0.167515
2 3 0.006906 0.060402 0.624207 0.229116 0.079369
3 3 0.001747 0.011340 0.338242 0.645788 0.002883
3 3 0.003499 0.028411 0.305928 0.649379 0.012783
3 3 0.003691 0.025046 0.392213 0.569545 0.009505
3 3 0.005348 0.023929 0.397260 0.562756 0.010707
3 3 0.002602 0.014405 0.343073 0.635415 0.004504
3 3 0.002652 0.012777 0.235349 0.744893 0.004329
3 3 0.002590 0.008204 0.237683 0.748797 0.002726
3 3 0.002519 0.010404 0.164268 0.820362 0.002446
3 3 0.002026 0.012453 0.258014 0.723727 0.003779
3 3 0.001708 0.008964 0.200858 0.786433 0.002038
3 3 0.000923 0.003950 0.180121 0.814599 0.000406
3 3 0.000991 0.005573 0.152508 0.840024 0.000904
3 3 0.001672 0.003424 0.159853 0.834658 0.000392
3 3 0.001592 0.005771 0.153265 0.838423 0.000949
3 3 0.000807 0.003484 0.113241 0.881864 0.000604
3 3 0.001019 0.002715 0.087206 0.908377 0.000682
3 3 0.001541 0.004321 0.099662 0.893520 0.000956
3 3 0.001778 0.003965 0.092952 0.900414 0.000891
3 3 0.000869 0.002595 0.085527 0.910405 0.000605
3 3 0.001325 0.002084 0.066771 0.929391 0.000429
3 3 0.000358 0.000323 0.026738 0.972532 0.000048
3 3 0.000334 0.000242 0.023363 0.976027 0.000034
3 3 0.000713 0.000802 0.041597 0.956747 0.000141
3 3 0.000405 0.000338 0.026973 0.972232 0.000052
3 3 0.000672 0.000545 0.033299 0.965392 0.000093
3 3 0.000365 0.000717 0.042913 0.955893 0.000113
3 3 0.001209 0.004903 0.110841 0.881992 0.001055
3 3 0.000570 0.001206 0.054718 0.943296 0.000210
3 3 0.000416 0.000645 0.039537 0.959298 0.000103
3 3 0.000639 0.001829 0.068748 0.928450 0.000333
3 3 0.000474 0.000875 0.046497 0.952008 0.000145
3 3 0.000637 0.000947 0.077251 0.921052 0.000113
3 3 0.000671 0.001533 0.061552 0.935965 0.000278
3 3 0.001122 0.001929 0.072158 0.924316 0.000475
3 3 0.000620 0.001341 0.060610 0.937151 0.000277
3 3 0.000480 0.000672 0.039655 0.959082 0.000110
3 3 0.000513 0.000996 0.049633 0.948690 0.000169
3 3 0.000449 0.000660 0.039615 0.959169 0.000107
3 3 0.000899 0.001803 0.064885 0.932067 0.000346
3 3 0.000631 0.001000 0.048250 0.949944 0.000175
3 3 0.000864 0.000491 0.030149 0.968410 0.000086
3 3 0.000578 0.000657 0.038065 0.960590 0.000110
3 3 0.000828 0.000227 0.019093 0.979814 0.000038
3 3 0.000657 0.000864 0.043996 0.954332 0.000151
3 3 0.000915 0.001162 0.049966 0.947739 0.000218
3 3 0.001573 0.005329 0.116149 0.875800 0.001150
3 3 0.000918 0.001875 0.066185 0.930661 0.000362
3 3 0.001459 0.003753 0.092638 0.901335 0.000815
3 3 0.001773 0.001684 0.058638 0.937563 0.000342
3 3 0.000971 0.001655 0.072135 0.924976 0.000263
3 3 0.007752 0.029207 0.296608 0.658348 0.008085
3 3 0.005384 0.016189 0.274730 0.700487 0.003209
3 3 0.003186 0.012987 0.206878 0.774291 0.002659
3 3 0.011260 0.032414 0.329955 0.617432 0.008939
2 1 0.110267 0.109619 0.677824 0.091289 0.011001
1 2 0.010726 0.493343 0.387377 0.000177 0.108378
2 2 0.008686 0.321641 0.531093 0.000372 0.138208
2 2 0.002961 0.349283 0.501950 0.000271 0.145534
2 2 0.007881 0.350305 0.560667 0.000168 0.080979
1 1 0.055694 0.443020 0.258118 0.000077 0.243091
1 2 0.001754 0.428022 0.414200 0.000050 0.155973
2 2 0.000924 0.344839 0.447452 0.000155 0.206631
2 2 0.001468 0.266333 0.409795 0.000877 0.321526
2 2 0.000249 0.192523 0.611399 0.000028 0.195801
2 2 0.000425 0.228669 0.482327 0.000108 0.288470
4 2 0.001171 0.253737 0.250980 0.000031 0.494080
4 2 0.001371 0.280528 0.259611 0.000127 0.458363
4 2 0.002463 0.195435 0.226139 0.000041 0.575923
4 1 0.023861 0.251881 0.185015 0.000033 0.539210
4 2 0.000966 0.251474 0.249196 0.000076 0.498288
4 2 0.000443 0.166097 0.165419 0.000003 0.668038
4 2 0.000443 0.157261 0.170088 0.000002 0.672206
4 2 0.000586 0.158979 0.147726 0.000002 0.692707
4 2 0.000828 0.159059 0.158768 0.000002 0.681342
4 4 0.001244 0.107819 0.106908 0.000011 0.784018
4 4 0.004238 0.082416 0.019077 0.000001 0.894268
4 4 0.002669 0.141017 0.041074 0.000000 0.815240
4 4 0.001008 0.104618 0.043346 0.000001 0.851027
4 4 0.001194 0.109076 0.050320 0.000001 0.839410
4 4 0.009441 0.059677 0.021914 0.000003 0.908964
4 4 0.061838 0.016824 0.006847 0.000067 0.914425
4 4 0.038201 0.022572 0.003478 0.000005 0.935743
4 4 0.053738 0.038290 0.005689 0.000010 0.902272
4 4 0.005763 0.041663 0.009130 0.000013 0.943430
4 4 0.011016 0.053104 0.011212 0.000021 0.924647
4 4 0.005906 0.322898 0.325372 0.000167 0.345657
4 4 0.003981 0.329058 0.309143 0.000101 0.357717
1 1 0.222477 0.393058 0.185708 0.000028 0.198729
1 1 0.034463 0.377471 0.239212 0.000061 0.348794
4 2 0.001362 0.319151 0.322323 0.000071 0.357094
4 2 0.000280 0.170013 0.212808 0.000006 0.616893
4 2 0.000216 0.166054 0.175183 0.000003 0.658544
4 2 0.000266 0.178353 0.174520 0.000005 0.646856
4 2 0.000755 0.189792 0.150893 0.000008 0.658553
4 2 0.000678 0.163877 0.148453 0.000003 0.686989
4 2 0.000927 0.082612 0.049516 0.000005 0.866940
4 2 0.001272 0.084711 0.044243 0.000008 0.869766
4 2 0.000530 0.098672 0.051808 0.000008 0.848982
4 2 0.003855 0.116094 0.036775 0.000009 0.843268
4 4 0.005561 0.034459 0.023764 0.000014 0.936203
4 4 0.026709 0.211505 0.095106 0.000016 0.666663
4 4 0.002758 0.184439 0.137563 0.000014 0.675227
4 4 0.001849 0.209018 0.158514 0.000022 0.630596
4 4 0.001062 0.189128 0.153984 0.000010 0.655815
4 4 0.000789 0.211288 0.195091 0.000232 0.592600
2 2 0.000218 0.224524 0.540497 0.001295 0.233467
