0 0 0.958861 0.014501 0.004595 0.001545 0.020498
0 0 0.957198 0.018285 0.004415 0.000944 0.019158
0 0 0.960857 0.008293 0.004425 0.003672 0.022753
0 0 0.975350 0.006390 0.002459 0.001471 0.014329
0 0 0.835935 0.103113 0.021351 0.001927 0.037673
0 0 0.742842 0.125311 0.044767 0.007149 0.079931
0 0 0.824865 0.073342 0.029151 0.006809 0.065833
0 0 0.737821 0.128247 0.044940 0.006876 0.082116
0 0 0.709125 0.151628 0.047029 0.005588 0.086631
0 0 0.511222 0.305003 0.092982 0.007837 0.082956
0 0 0.734606 0.130976 0.051230 0.009352 0.073836
0 0 0.818758 0.083292 0.030543 0.006184 0.061222
0 0 0.764632 0.172641 0.026292 0.001279 0.035156
0 0 0.815443 0.076289 0.034747 0.009276 0.064244
0 0 0.881653 0.040185 0.023150 0.006652 0.048359
0 0 0.881889 0.035768 0.019773 0.009760 0.052809
0 0 0.957472 0.007200 0.004678 0.005285 0.025365
0 0 0.873088 0.046570 0.019657 0.005994 0.054691
0 0 0.911909 0.051911 0.010361 0.001189 0.024630
0 0 0.958346 0.018176 0.004400 0.000955 0.018122
0 0 0.948952 0.023764 0.005992 0.001261 0.020030
0 0 0.964935 0.007980 0.003873 0.002884 0.020329
0 0 0.953232 0.014650 0.005822 0.002659 0.023638
0 0 0.945456 0.016903 0.007141 0.003344 0.027156
0 0 0.952790 0.015645 0.005880 0.002436 0.023249
0 0 0.942453 0.014235 0.007558 0.005077 0.030677
0 0 0.963892 0.006949 0.003895 0.003682 0.021583
0 0 0.969726 0.007798 0.003236 0.001982 0.017258
0 0 0.948763 0.009488 0.006125 0.006181 0.029444
0 0 0.883158 0.050042 0.018460 0.004739 0.043601
0 0 0.777166 0.091672 0.043640 0.011953 0.075569
0 0 0.908994 0.031319 0.013968 0.005524 0.040195
0 0 0.968413 0.008000 0.003380 0.002093 0.018114
0 0 0.934852 0.029667 0.008370 0.001872 0.025240
0 0 0.930806 0.019767 0.009766 0.005271 0.034389
0 0 0.983184 0.003051 0.001386 0.001353 0.011026
0 0 0.989639 0.003224 0.000764 0.000313 0.006060
0 0 0.991859 0.002592 0.000549 0.000210 0.004791
0 0 0.987952 0.002798 0.000924 0.000615 0.007710
0 0 0.982243 0.004481 0.001578 0.000959 0.010739
0 0 0.976155 0.004215 0.002198 0.002280 0.015154
0 0 0.982095 0.004613 0.001599 0.000941 0.010752
0 0 0.980567 0.004406 0.001758 0.001265 0.012003
0 0 0.979901 0.004313 0.001823 0.001426 0.012537
0 0 0.969488 0.006478 0.003180 0.002597 0.018257
0 0 0.967976 0.011512 0.003472 0.001214 0.015827
0 0 0.947802 0.018054 0.006694 0.002581 0.024868
0 0 0.973134 0.005775 0.002690 0.002141 0.016260
0 0 0.968648 0.009732 0.003416 0.001549 0.016655
0 0 0.976188 0.009579 0.002277 0.000625 0.011331
0 0 0.969799 0.010128 0.003236 0.001279 0.015558
0 0 0.977678 0.010204 0.001993 0.000414 0.009711
0 0 0.964156 0.010458 0.004085 0.002072 0.019229
0 0 0.972920 0.008770 0.002802 0.001169 0.014339
0 0 0.973277 0.008830 0.002749 0.001106 0.014038
0 0 0.983378 0.005522 0.001448 0.000554 0.009098
0 0 0.978855 0.007842 0.001976 0.000631 0.010696
0 0 0.974530 0.004576 0.002409 0.002455 0.016030
0 0 0.983910 0.003220 0.001334 0.001133 0.010404
0 0 0.982051 0.006248 0.001599 0.000566 0.009536
0 0 0.975693 0.008982 0.002387 0.000776 0.012162
0 0 0.986333 0.005416 0.001078 0.000290 0.006884
0 0 0.986256 0.002645 0.001070 0.000947 0.009082
0 0 0.963199 0.010915 0.004233 0.002093 0.019560
0 0 0.980222 0.006612 0.001831 0.000704 0.010631
0 0 0.975838 0.007222 0.002410 0.001144 0.013387
0 0 0.977184 0.006692 0.002231 0.001088 0.012806
0 0 0.975774 0.009855 0.002324 0.000624 0.011422
0 0 0.980324 0.005848 0.001827 0.000861 0.011140
0 0 0.982644 0.005816 0.001534 0.000581 0.009426
0 0 0.973294 0.008217 0.002756 0.001254 0.014478
0 0 0.967733 0.010344 0.003546 0.001524 0.016853
0 0 0.982081 0.006789 0.001573 0.000475 0.009082
0 0 0.975493 0.007748 0.002453 0.001059 0.013246
0 0 0.980817 0.005500 0.001765 0.000881 0.011037
0 0 0.980706 0.004290 0.001736 0.001285 0.011983
0 0 0.978730 0.005151 0.002003 0.001316 0.012801
0 0 0.979689 0.006306 0.001906 0.000836 0.011263
0 0 0.982564 0.002811 0.001412 0.001620 0.011594
0 0 0.983230 0.005024 0.001472 0.000675 0.009598
0 0 0.949164 0.028952 0.005176 0.000646 0.016063
0 0 0.969619 0.010702 0.003245 0.001173 0.015261
0 0 0.904308 0.060874 0.010512 0.000939 0.023367
0 0 0.894235 0.072758 0.010554 0.000700 0.021754
0 0 0.905029 0.066392 0.008876 0.000549 0.019154
0 0 0.981017 0.007888 0.001661 0.000418 0.009017
0 0 0.982854 0.003733 0.001476 0.001116 0.010822
0 0 0.978388 0.005406 0.002054 0.001286 0.012866
0 0 0.984989 0.004346 0.001267 0.000609 0.008790
0 0 0.967290 0.007580 0.003541 0.002557 0.019032
0 0 0.987196 0.004006 0.001020 0.000423 0.007356
0 0 0.988568 0.002423 0.000724 0.000429 0.007856
0 0 0.971199 0.007053 0.002478 0.001205 0.018065
0 0 0.989826 0.003943 0.000724 0.000197 0.005309
0 0 0.948022 0.013868 0.004742 0.001658 0.031711
0 0 0.972187 0.006413 0.002270 0.001146 0.017983
0 0 0.983003 0.006269 0.001472 0.000465 0.008790
0 0 0.989953 0.003845 0.000683 0.000178 0.005342
0 0 0.981930 0.006350 0.001493 0.000462 0.009766
0 0 0.988219 0.003789 0.000909 0.000356 0.006726
0 0 0.984011 0.005283 0.001374 0.000529 0.008803
0 0 0.966273 0.008857 0.002617 0.000897 0.021355
0 0 0.973097 0.010186 0.002421 0.000631 0.013665
0 0 0.982280 0.010417 0.001215 0.000128 0.005961
0 0 0.975759 0.003775 0.001977 0.001729 0.016760
0 0 0.972935 0.005505 0.001991 0.001075 0.018494
0 0 0.986280 0.003088 0.000623 0.000185 0.009825
0 0 0.956903 0.008628 0.003439 0.001741 0.029289
0 0 0.984593 0.005976 0.000731 0.000089 0.008611
0 0 0.977404 0.008242 0.001195 0.000159 0.013000
0 0 0.962781 0.012681 0.003401 0.000840 0.020297
0 0 0.975077 0.010748 0.002758 0.000261 0.011155
0 0 0.961049 0.022968 0.002949 0.000223 0.012810
0 0 0.975070 0.010770 0.003227 0.000408 0.010525
0 0 0.979528 0.007490 0.002121 0.000563 0.010298
0 0 0.930957 0.020188 0.016040 0.002623 0.030193
0 0 0.963062 0.020745 0.004718 0.000177 0.011298
0 0 0.943202 0.039390 0.004758 0.000105 0.012545
0 0 0.886999 0.085940 0.008930 0.000106 0.018026
0 0 0.920209 0.050678 0.009355 0.000281 0.019477
0 0 0.826835 0.124618 0.021376 0.000038 0.027133
0 0 0.531238 0.373303 0.053609 0.000038 0.041811
0 1 0.592157 0.316449 0.050600 0.000027 0.040767
0 1 0.604799 0.254825 0.069132 0.000493 0.070750
0 1 0.444776 0.251514 0.189284 0.004139 0.110286
1 1 0.208580 0.379035 0.236985 0.000219 0.175182
2 2 0.083091 0.368208 0.373467 0.001297 0.173936
1 2 0.205115 0.318187 0.293558 0.000721 0.182418
1 2 0.070003 0.554415 0.293429 0.000058 0.082096
2 2 0.034839 0.323154 0.543439 0.009320 0.089247
2 2 0.027383 0.256959 0.606728 0.001322 0.107608
2 2 0.007187 0.131950 0.806090 0.020346 0.034427
2 2 0.005173 0.152985 0.806955 0.003979 0.030908
2 2 0.010783 0.184331 0.763512 0.001611 0.039764
2 2 0.003899 0.142825 0.822863 0.005091 0.025323
2 2 0.001215 0.092290 0.881808 0.000350 0.024338
2 2 0.000846 0.067233 0.913751 0.001706 0.016464
2 2 0.002977 0.015173 0.913064 0.032375 0.036412
2 2 0.003312 0.078809 0.895255 0.006557 0.016068
2 2 0.000081 0.019551 0.964920 0.006674 0.008775
2 2 0.000988 0.048561 0.896079 0.004777 0.049595
2 2 0.000484 0.033549 0.923974 0.017496 0.024497
2 2 0.000818 0.062776 0.891189 0.011918 0.033299
2 2 0.005504 0.047574 0.861997 0.036473 0.048451
2 2 0.000279 0.025453 0.930198 0.012459 0.031610
2 2 0.001324 0.025341 0.894091 0.056035 0.023209
2 2 0.001074 0.020200 0.873140 0.088867 0.016719
2 2 0.001321 0.021322 0.818465 0.143202 0.015690
2 2 0.001129 0.022141 0.874434 0.068799 0.033497
2 2 0.000424 0.018423 0.818996 0.157266 0.004891
2 3 0.002177 0.020021 0.724550 0.235513 0.017738
2 3 0.002332 0.016933 0.639652 0.326319 0.014764
2 3 0.002924 0.023609 0.799223 0.159081 0.015163
3 3 0.000975 0.012308 0.473995 0.507622 0.005099
3 3 0.001597 0.013299 0.475337 0.501758 0.008008
2 3 0.001121 0.009405 0.622702 0.354870 0.011903
3 3 0.002030 0.009954 0.403716 0.577588 0.006712
2 3 0.002100 0.012018 0.528276 0.448332 0.009274
3 3 0.000865 0.007117 0.351335 0.637250 0.003433
3 3 0.001421 0.013386 0.453048 0.524154 0.007990
3 3 0.002978 0.003902 0.089184 0.900251 0.003685
3 3 0.004155 0.003089 0.065452 0.924573 0.002730
3 3 0.003113 0.003753 0.078927 0.910974 0.003234
3 3 0.002589 0.002627 0.081255 0.911594 0.001935
3 3 0.002897 0.004942 0.154084 0.834301 0.003776
3 3 0.002742 0.006990 0.155203 0.827270 0.007795
3 3 0.005016 0.007022 0.167299 0.810317 0.010346
3 3 0.003551 0.004718 0.091404 0.895895 0.004433
3 3 0.002741 0.004846 0.100965 0.885866 0.005582
3 3 0.002678 0.005243 0.119099 0.866654 0.006326
3 3 0.003859 0.003701 0.079971 0.906813 0.005655
3 3 0.005143 0.003136 0.065642 0.921824 0.004255
3 3 0.006923 0.005312 0.092338 0.886471 0.008954
3 3 0.003469 0.002840 0.066734 0.923037 0.003920
3 3 0.005446 0.002983 0.062455 0.925094 0.004023
3 3 0.003178 0.004839 0.101467 0.884251 0.006265
3 3 0.003179 0.004347 0.090302 0.897251 0.004921
3 3 0.002879 0.004233 0.090221 0.897999 0.004668
3 3 0.004376 0.005833 0.106782 0.874725 0.008285
3 3 0.004236 0.007248 0.125491 0.852569 0.010455
3 3 0.000807 0.000410 0.018811 0.979806 0.000165
3 3 0.000767 0.000599 0.025237 0.973157 0.000239
3 3 0.001163 0.000626 0.024056 0.973881 0.000275
3 3 0.001053 0.000548 0.022123 0.976048 0.000228
3 3 0.001829 0.001096 0.041617 0.954956 0.000501
3 3 0.001856 0.003161 0.075813 0.917011 0.002159
3 3 0.001879 0.002390 0.061604 0.932510 0.001616
3 3 0.002971 0.002112 0.052752 0.940258 0.001907
3 3 0.001607 0.001044 0.035546 0.960936 0.000866
3 3 0.002063 0.002072 0.054347 0.940120 0.001397
3 3 0.005449 0.003038 0.062910 0.924699 0.003904
3 3 0.002425 0.003203 0.076416 0.914490 0.003466
3 3 0.004806 0.003028 0.063681 0.924984 0.003501
3 3 0.002736 0.001949 0.050958 0.942508 0.001849
3 3 0.003573 0.002757 0.064340 0.925775 0.003554
3 3 0.005031 0.002255 0.049920 0.940532 0.002261
3 3 0.002658 0.001544 0.041756 0.952923 0.001119
3 3 0.002994 0.001846 0.048561 0.944676 0.001922
3 3 0.002118 0.001076 0.033702 0.962306 0.000799
3 3 0.002324 0.001805 0.049299 0.945021 0.001551
3 3 0.003060 0.001007 0.029027 0.966258 0.000648
3 3 0.002134 0.001054 0.032674 0.963438 0.000700
3 3 0.001270 0.000545 0.021841 0.976051 0.000293
3 3 0.002076 0.001005 0.032019 0.964182 0.000717
3 3 0.002399 0.001188 0.034776 0.960850 0.000786
3 3 0.000770 0.000868 0.033784 0.964257 0.000321
3 3 0.001307 0.000922 0.031927 0.965368 0.000476
3 3 0.021989 0.013065 0.136613 0.822633 0.005700
3 3 0.006863 0.006094 0.109641 0.873025 0.004377
3 3 0.006528 0.009743 0.169261 0.809007 0.005460
3 3 0.003565 0.008692 0.453901 0.532283 0.001559
2 2 0.006323 0.026114 0.643633 0.321807 0.002123
2 2 0.005556 0.024861 0.682815 0.285143 0.001624
2 2 0.009229 0.030019 0.589843 0.367795 0.003114
2 2 0.016492 0.080621 0.805120 0.093605 0.004162
2 2 0.015402 0.083514 0.789340 0.106338 0.005406
2 2 0.007210 0.058022 0.735172 0.195011 0.004584
2 2 0.007536 0.053843 0.742787 0.191542 0.004293
2 2 0.048850 0.107160 0.750464 0.077980 0.015546
0 0 0.532710 0.306754 0.133590 0.000279 0.026667
0 0 0.630535 0.239517 0.080595 0.000090 0.049262
0 2 0.557103 0.183304 0.140363 0.001357 0.117873
0 2 0.508858 0.199015 0.179624 0.002899 0.109604
1 2 0.315059 0.494459 0.141600 0.000188 0.048693
0 2 0.470385 0.303372 0.136377 0.000879 0.088987
0 2 0.533998 0.255627 0.138307 0.001125 0.070943
1 2 0.094564 0.445499 0.425914 0.006067 0.027957
2 2 0.110035 0.337901 0.503595 0.018214 0.030256
0 0 0.688643 0.193970 0.079692 0.000909 0.036785
0 0 0.693869 0.193547 0.074284 0.000474 0.037825
0 0 0.670170 0.182196 0.091982 0.001712 0.053940
0 0 0.661554 0.207695 0.084226 0.000507 0.046018
0 0 0.577116 0.315076 0.074375 0.000138 0.033295
0 2 0.459541 0.357828 0.134215 0.000777 0.047639
0 2 0.420099 0.347298 0.175292 0.002537 0.054774
1 2 0.397102 0.420520 0.159202 0.000066 0.023110
2 2 0.121053 0.420035 0.425055 0.001776 0.032081
1 2 0.227512 0.403170 0.319793 0.000768 0.048757
2 2 0.023820 0.214571 0.726784 0.015106 0.019719
2 2 0.016501 0.219507 0.721775 0.019241 0.022976
2 2 0.003933 0.085070 0.904330 0.000703 0.005963
2 2 0.010960 0.168744 0.807168 0.000228 0.012899
2 2 0.009617 0.173336 0.802928 0.000078 0.014042
2 2 0.003800 0.076485 0.905927 0.007092 0.006695
2 2 0.003096 0.071036 0.918672 0.003152 0.004044
2 2 0.004274 0.133433 0.846807 0.001466 0.014019
2 2 0.010494 0.197369 0.772945 0.000736 0.018457
2 2 0.024555 0.132354 0.817986 0.007113 0.017992
2 2 0.008707 0.187553 0.786029 0.000496 0.017214
2 2 0.005596 0.128934 0.847049 0.003061 0.015360
2 2 0.057105 0.304107 0.579518 0.029653 0.029617
2 2 0.065239 0.262357 0.578964 0.055769 0.037671
0 2 0.373417 0.274982 0.271537 0.011773 0.068290
0 0 0.820473 0.095173 0.045458 0.001561 0.037336
0 0 0.854649 0.081075 0.037911 0.000624 0.025741
0 0 0.930805 0.034936 0.014249 0.000641 0.019370
0 0 0.874990 0.079974 0.019393 0.000755 0.024888
0 0 0.879406 0.081849 0.013382 0.000146 0.025217
0 1 0.647938 0.260226 0.051263 0.000280 0.040293
0 2 0.648321 0.270443 0.049456 0.000455 0.031324
0 2 0.442584 0.256308 0.202653 0.000457 0.097997
0 2 0.373319 0.355937 0.209578 0.000138 0.061029
2 2 0.073416 0.417934 0.465445 0.001986 0.041218
1 2 0.276019 0.308409 0.291894 0.000246 0.123432
2 2 0.041904 0.334192 0.585707 0.003952 0.034245
2 2 0.005475 0.207942 0.759525 0.000021 0.027036
2 2 0.015611 0.241878 0.714997 0.000056 0.027458
2 2 0.002622 0.169822 0.795831 0.000005 0.031719
2 2 0.000444 0.050259 0.936201 0.000295 0.012802
2 2 0.000274 0.055574 0.887440 0.000147 0.056566
2 2 0.114087 0.229292 0.609124 0.010454 0.037043
0 1 0.485186 0.378690 0.113319 0.000014 0.022791
1 1 0.119569 0.472290 0.385243 0.000581 0.022316
2 2 0.067693 0.348195 0.554067 0.003174 0.026871
2 2 0.010355 0.163115 0.790849 0.020919 0.014762
2 2 0.005749 0.167245 0.820541 0.000040 0.006424
2 2 0.002083 0.068350 0.925078 0.001130 0.003359
2 2 0.004756 0.126286 0.862413 0.000121 0.006424
2 2 0.001209 0.054369 0.942308 0.000130 0.001983
2 2 0.001300 0.062668 0.931426 0.000387 0.004219
2 2 0.016426 0.244810 0.725525 0.000092 0.013146
2 2 0.003723 0.127934 0.855812 0.000137 0.012394
2 2 0.005495 0.120155 0.863200 0.000465 0.010685
2 2 0.006734 0.101316 0.885217 0.001870 0.004862
2 2 0.004951 0.106834 0.875014 0.001363 0.011838
2 2 0.001494 0.055879 0.930381 0.007600 0.004646
2 2 0.007996 0.060599 0.909461 0.014122 0.007823
2 2 0.041184 0.109240 0.806149 0.036176 0.007251
1 1 0.362776 0.429499 0.189635 0.000031 0.018059
2 1 0.049828 0.434015 0.500119 0.000153 0.015886
2 2 0.002952 0.110121 0.869752 0.000093 0.017083
2 2 0.005884 0.245566 0.720007 0.000022 0.028521
2 2 0.001372 0.075057 0.910226 0.000394 0.012952
2 2 0.000854 0.073183 0.905477 0.000319 0.020168
2 2 0.001133 0.101506 0.886281 0.000059 0.011020
2 2 0.000127 0.019537 0.979776 0.000055 0.000505
2 2 0.000018 0.009512 0.988103 0.000021 0.002345
2 2 0.000072 0.024500 0.972965 0.000008 0.002455
2 2 0.000050 0.009893 0.989628 0.000279 0.000149
2 2 0.000127 0.019705 0.979662 0.000080 0.000426
2 2 0.010618 0.060087 0.887210 0.017391 0.024694
2 2 0.016705 0.098579 0.849931 0.012819 0.021966
0 2 0.439776 0.379446 0.155113 0.000238 0.025428
2 2 0.019274 0.198362 0.755455 0.013909 0.013000
2 2 0.015055 0.179951 0.785020 0.011611 0.008364
2 1 0.182682 0.323622 0.456066 0.008467 0.029163
2 2 0.026107 0.217285 0.728624 0.018235 0.009749
2 2 0.007305 0.106084 0.821843 0.058279 0.006489
2 2 0.008384 0.122744 0.818572 0.037729 0.012570
2 2 0.072794 0.141998 0.706776 0.063158 0.015274
0 2 0.859059 0.083710 0.022313 0.001603 0.033315
0 0 0.875228 0.058738 0.022924 0.003170 0.039940
0 0 0.971830 0.009463 0.004719 0.000715 0.013273
0 0 0.931877 0.031764 0.014017 0.000906 0.021437
0 0 0.941567 0.025060 0.010039 0.000655 0.022680
0 0 0.827920 0.091465 0.032082 0.000350 0.048183
0 0 0.859820 0.067142 0.026537 0.000280 0.046220
0 0 0.707572 0.204493 0.039561 0.000041 0.048334
0 1 0.429147 0.392692 0.086263 0.000794 0.091103
0 2 0.487128 0.288435 0.108137 0.002409 0.113890
2 2 0.052143 0.361981 0.521891 0.000012 0.063973
2 2 0.011234 0.303036 0.634481 0.000048 0.051200
2 2 0.002500 0.116000 0.849043 0.001950 0.030508
2 2 0.003728 0.140244 0.826606 0.000656 0.028765
2 2 0.000886 0.110145 0.864909 0.000477 0.023582
2 2 0.004108 0.179540 0.798862 0.000105 0.017384
2 2 0.000283 0.030889 0.957287 0.002411 0.009130
2 2 0.000950 0.043442 0.943613 0.005007 0.006988
2 2 0.000299 0.043138 0.943670 0.000802 0.012092
2 2 0.000316 0.035869 0.953863 0.003256 0.006696
2 2 0.002824 0.051394 0.930145 0.010201 0.005436
2 2 0.000811 0.033905 0.957556 0.006798 0.000930
2 2 0.000921 0.031401 0.960634 0.006358 0.000685
2 2 0.000589 0.030113 0.966309 0.001516 0.001472
2 2 0.007976 0.115470 0.871099 0.001701 0.003755
2 2 0.000382 0.067195 0.922755 0.000020 0.009648
2 2 0.000084 0.022122 0.974393 0.000039 0.003361
2 2 0.002571 0.128782 0.860454 0.000017 0.008177
2 2 0.000093 0.018507 0.979432 0.000480 0.001487
2 2 0.000107 0.028740 0.968556 0.000077 0.002520
2 2 0.000561 0.039041 0.956495 0.000520 0.003384
2 2 0.000026 0.011108 0.986706 0.000237 0.001923
2 2 0.000386 0.026139 0.969977 0.002197 0.001302
2 2 0.112864 0.330771 0.548952 0.000113 0.007300
2 2 0.000418 0.050087 0.931600 0.000380 0.017515
2 2 0.000007 0.011182 0.978590 0.000054 0.010168
2 2 0.000173 0.044288 0.948801 0.000011 0.006727
2 2 0.000005 0.007895 0.990811 0.000070 0.001219
2 2 0.000003 0.005007 0.993099 0.000445 0.001446
2 2 0.000011 0.010965 0.985098 0.000085 0.003841
2 2 0.000003 0.002848 0.996901 0.000152 0.000096
2 2 0.000001 0.002301 0.997184 0.000113 0.000402
2 2 0.000202 0.008704 0.990328 0.000715 0.000051
2 2 0.000001 0.001407 0.998497 0.000076 0.000018
2 2 0.000023 0.008809 0.990814 0.000088 0.000265
2 2 0.001395 0.123444 0.841408 0.000137 0.033615
2 2 0.000019 0.011470 0.981272 0.002829 0.004409
2 2 0.000461 0.057172 0.899195 0.002812 0.040360
2 2 0.000403 0.070127 0.914123 0.000127 0.015220
2 2 0.000321 0.081217 0.889036 0.000008 0.029419
2 2 0.001095 0.147841 0.784285 0.000259 0.066520
2 2 0.001629 0.215470 0.547748 0.000017 0.235136
2 2 0.002196 0.275097 0.553179 0.000013 0.169515
2 4 0.004188 0.288781 0.489798 0.000012 0.217222
4 4 0.004203 0.192743 0.400304 0.000039 0.402711
1 4 0.012648 0.473622 0.365846 0.000002 0.147882
4 4 0.003182 0.312205 0.323464 0.000001 0.361148
2 4 0.001753 0.175575 0.632970 0.000120 0.189583
4 4 0.002298 0.183244 0.405835 0.000011 0.408613
1 4 0.005463 0.380186 0.348808 0.000001 0.265543
4 4 0.018764 0.251526 0.176916 0.000002 0.552791
1 4 0.008054 0.385884 0.233291 0.000002 0.372769
4 4 0.007228 0.241598 0.171618 0.000003 0.579553
4 4 0.003535 0.308382 0.226841 0.000003 0.461239
4 4 0.002507 0.091592 0.196813 0.000092 0.708995
4 4 0.073254 0.073291 0.112056 0.006320 0.735079
4 4 0.038865 0.118969 0.102967 0.004739 0.734460
4 4 0.022357 0.105290 0.103403 0.010686 0.758264
4 4 0.102628 0.397631 0.072532 0.000080 0.427128
4 4 0.317321 0.225653 0.047274 0.000128 0.409624
4 4 0.042468 0.160055 0.052493 0.000006 0.744978
4 4 0.008936 0.169531 0.065883 0.000033 0.755618
4 4 0.009938 0.336095 0.084934 0.000012 0.569021
4 4 0.013781 0.301163 0.097846 0.000000 0.587209
4 4 0.015810 0.014185 0.031473 0.000035 0.938497
4 4 0.016761 0.037992 0.057422 0.000273 0.887551
4 4 0.086037 0.293373 0.076816 0.000007 0.543767
4 4 0.015623 0.288954 0.115377 0.000056 0.579990
4 4 0.032900 0.124992 0.059313 0.000061 0.782734
0 4 0.477331 0.259389 0.035517 0.000002 0.227761
4 4 0.000858 0.150701 0.123567 0.000002 0.724872
1 4 0.001901 0.460820 0.161740 0.000000 0.375539
4 4 0.000631 0.071011 0.167863 0.000004 0.760490
4 4 0.004427 0.239151 0.171166 0.000001 0.585256
4 4 0.001875 0.345243 0.176576 0.000000 0.476306
1 4 0.014743 0.538968 0.215375 0.000002 0.230912
4 4 0.002939 0.278191 0.152733 0.000001 0.566136
4 2 0.002442 0.208767 0.269539 0.000017 0.519235
4 2 0.006784 0.348162 0.184781 0.000004 0.460269
1 2 0.049704 0.599012 0.131010 0.000000 0.220274
1 2 0.003041 0.395333 0.383199 0.000000 0.218427
1 2 0.008714 0.658363 0.227614 0.000000 0.105310
4 4 0.001178 0.222146 0.310554 0.000000 0.466122
4 4 0.001663 0.234352 0.321078 0.000000 0.442906
4 4 0.001127 0.206521 0.352483 0.000002 0.439868
1 4 0.023811 0.514969 0.183924 0.000001 0.277295
1 4 0.006210 0.415279 0.175735 0.000001 0.402775
4 4 0.009959 0.395243 0.183277 0.000006 0.411515
4 4 0.010111 0.258719 0.173912 0.000005 0.557253
4 4 0.006472 0.377857 0.139998 0.000002 0.475672
1 2 0.007327 0.431905 0.344028 0.000001 0.216738
2 2 0.001477 0.222557 0.450952 0.000002 0.325011
2 2 0.002219 0.250435 0.415013 0.000005 0.332328
2 2 0.002688 0.252706 0.554567 0.000007 0.190032
1 2 0.019292 0.541314 0.236576 0.000015 0.202803
2 2 0.015352 0.255544 0.683416 0.000607 0.045080
2 2 0.002797 0.142412 0.809400 0.000237 0.045155
2 2 0.009857 0.301540 0.609709 0.000083 0.078812
2 2 0.000653 0.097295 0.868503 0.000641 0.032908
2 2 0.000419 0.066159 0.887104 0.000917 0.045401
2 2 0.000053 0.015962 0.980613 0.000909 0.002463
2 2 0.000281 0.042134 0.933093 0.003189 0.021303
2 2 0.005031 0.098790 0.867631 0.017035 0.011514
2 2 0.003004 0.110905 0.848209 0.000987 0.036895
2 2 0.000493 0.066858 0.906158 0.000232 0.026260
2 2 0.000941 0.051077 0.903488 0.009352 0.035142
2 2 0.000589 0.043814 0.907082 0.031792 0.016723
2 2 0.001355 0.073294 0.903384 0.008247 0.013719
2 2 0.001623 0.068517 0.882141 0.028652 0.019067
2 2 0.000726 0.018308 0.921311 0.042146 0.017510
2 2 0.000461 0.055714 0.920734 0.000586 0.022505
2 2 0.001411 0.045851 0.933715 0.002581 0.016441
2 2 0.002076 0.110474 0.870433 0.000358 0.016658
2 2 0.000505 0.058527 0.919637 0.000182 0.021149
2 2 0.000110 0.028945 0.947079 0.001302 0.022565
2 2 0.000227 0.014928 0.970624 0.007065 0.007156
2 2 0.000563 0.024254 0.930033 0.039031 0.006119
2 2 0.001024 0.030740 0.947175 0.012336 0.008725
2 2 0.000535 0.055564 0.930637 0.003252 0.010012
2 2 0.001006 0.037987 0.935779 0.019675 0.005553
2 2 0.000735 0.016081 0.876640 0.103679 0.002865
2 2 0.006285 0.033186 0.795839 0.160937 0.003752
2 2 0.001363 0.036677 0.790881 0.166950 0.004129
2 2 0.010095 0.045990 0.819772 0.117484 0.006658
2 2 0.001466 0.028257 0.891162 0.073709 0.005405
3 2 0.004604 0.015883 0.397185 0.580457 0.001872
2 3 0.001024 0.019744 0.564482 0.411277 0.003472
2 3 0.005386 0.015323 0.509391 0.465725 0.004175
2 3 0.011674 0.045740 0.498230 0.439187 0.005170
2 3 0.005106 0.024787 0.483237 0.481787 0.005083
3 3 0.002660 0.016786 0.356737 0.618328 0.005489
3 3 0.002183 0.013714 0.419356 0.560504 0.004244
3 3 0.004145 0.012704 0.303706 0.676152 0.003292
3 3 0.003006 0.010699 0.292045 0.690322 0.003929
3 3 0.002312 0.010057 0.275271 0.708820 0.003540
3 3 0.005438 0.010428 0.153443 0.824347 0.006344
3 3 0.007249 0.017267 0.209726 0.756145 0.009613
3 3 0.004882 0.006947 0.108357 0.875465 0.004350
3 3 0.012615 0.019026 0.180106 0.777975 0.010278
3 3 0.004879 0.012964 0.178652 0.797685 0.005819
3 3 0.006213 0.042369 0.348104 0.597779 0.005534
3 3 0.007911 0.008914 0.122915 0.853942 0.006318
3 3 0.003089 0.004897 0.091428 0.897692 0.002893
3 3 0.003228 0.003829 0.074831 0.916084 0.002027
3 3 0.007838 0.006776 0.110523 0.870109 0.004755
3 3 0.006178 0.014093 0.190155 0.784294 0.005281
3 3 0.003553 0.008096 0.141688 0.843105 0.003558
3 3 0.020077 0.016355 0.146736 0.806834 0.009998
3 3 0.003648 0.005196 0.098422 0.890204 0.002529
3 3 0.006756 0.040682 0.367680 0.575379 0.009503
2 3 0.001404 0.027964 0.759333 0.201142 0.010156
2 3 0.004860 0.026500 0.611326 0.351657 0.005657
2 3 0.000941 0.020391 0.635905 0.338059 0.004703
2 3 0.000926 0.018333 0.638710 0.336292 0.005740
2 3 0.001073 0.034064 0.677553 0.276216 0.011093
3 3 0.002837 0.009574 0.275129 0.708430 0.004029
3 3 0.003405 0.014433 0.270893 0.705067 0.006202
3 3 0.002482 0.011797 0.326496 0.655053 0.004171
3 3 0.001299 0.004893 0.180462 0.811682 0.001664
3 3 0.002575 0.012304 0.300329 0.680170 0.004622
3 3 0.004940 0.006117 0.100765 0.883168 0.005011
3 3 0.004244 0.006303 0.107776 0.875907 0.005769
3 3 0.003578 0.004303 0.080678 0.908902 0.002538
3 3 0.003565 0.003712 0.074387 0.915657 0.002679
3 3 0.008602 0.006815 0.098658 0.879202 0.006722
3 3 0.003171 0.004401 0.089184 0.900563 0.002681
3 3 0.003191 0.002925 0.064065 0.927714 0.002104
3 3 0.002706 0.003352 0.071789 0.920123 0.002030
3 3 0.001718 0.002307 0.058781 0.936067 0.001126
3 3 0.002695 0.005016 0.107029 0.882227 0.003033
3 3 0.002089 0.003281 0.091534 0.901709 0.001388
3 3 0.002708 0.002381 0.054596 0.939124 0.001191
3 3 0.003378 0.003315 0.067505 0.923874 0.001929
3 3 0.003542 0.004088 0.078078 0.911841 0.002451
3 3 0.001933 0.001995 0.051555 0.943532 0.000985
3 3 0.003345 0.004022 0.081388 0.908917 0.002328
3 3 0.002909 0.002277 0.054333 0.939303 0.001178
3 3 0.002252 0.002862 0.064996 0.928468 0.001422
3 3 0.003190 0.003227 0.066564 0.925244 0.001774
3 3 0.001860 0.002077 0.052937 0.942191 0.000935
3 3 0.002478 0.002191 0.052673 0.941512 0.001146
3 3 0.002360 0.001455 0.038771 0.956739 0.000675
3 3 0.003859 0.003044 0.062769 0.928270 0.002058
3 3 0.001384 0.001358 0.041065 0.955610 0.000583
3 3 0.002376 0.001946 0.049078 0.945522 0.001079
3 3 0.002795 0.001312 0.035070 0.960144 0.000678
3 3 0.001564 0.000674 0.024031 0.973412 0.000319
3 3 0.001542 0.001352 0.040037 0.956480 0.000589
3 3 0.002411 0.001896 0.046739 0.948102 0.000851
3 3 0.002196 0.001698 0.044472 0.950802 0.000831
3 3 0.003532 0.002267 0.050058 0.942935 0.001208
3 3 0.001331 0.001569 0.046242 0.950165 0.000693
3 3 0.001799 0.001152 0.034345 0.962204 0.000500
3 2 0.050521 0.017800 0.131045 0.787326 0.013308
3 2 0.006787 0.003511 0.060994 0.926489 0.002220
3 2 0.020928 0.042051 0.390956 0.539973 0.006091
3 2 0.001574 0.012413 0.464641 0.519603 0.001768
2 2 0.003702 0.039320 0.745282 0.206739 0.004957
3 2 0.005175 0.012649 0.434272 0.546004 0.001900
2 2 0.011254 0.106950 0.709854 0.164985 0.006958
2 2 0.001985 0.095577 0.887807 0.000177 0.014454
2 2 0.000214 0.017296 0.966202 0.011519 0.004769
2 2 0.000824 0.075599 0.889666 0.000208 0.033703
2 2 0.000058 0.018659 0.970680 0.000853 0.009750
2 2 0.000285 0.033612 0.941585 0.002241 0.022277
2 2 0.000199 0.018346 0.959260 0.020709 0.001485
2 2 0.000153 0.019714 0.932384 0.042750 0.004999
2 2 0.000467 0.036507 0.945970 0.013108 0.003948
2 2 0.000331 0.025969 0.962304 0.007803 0.003593
2 2 0.000386 0.018472 0.901083 0.077253 0.002806
2 2 0.000732 0.025318 0.836603 0.133429 0.003918
2 2 0.001578 0.022543 0.793394 0.179563 0.002922
2 2 0.008015 0.049267 0.763717 0.165778 0.013222
2 2 0.027714 0.116698 0.744845 0.096933 0.013810
2 2 0.004120 0.075241 0.852997 0.063187 0.004455
2 2 0.000328 0.029963 0.963357 0.003211 0.003141
2 2 0.000209 0.025408 0.966021 0.002697 0.005665
2 2 0.000693 0.023523 0.951101 0.022750 0.001934
2 2 0.001235 0.041017 0.943520 0.010865 0.003363
2 2 0.000426 0.031704 0.961774 0.001162 0.004934
2 2 0.000000 0.002026 0.997825 0.000023 0.000126
2 2 0.000001 0.002524 0.996869 0.000165 0.000441
2 2 0.000001 0.002861 0.996768 0.000118 0.000252
2 2 0.000003 0.004669 0.993454 0.000830 0.001044
2 2 0.000018 0.008975 0.990325 0.000265 0.000417
2 2 0.000002 0.000782 0.900634 0.098580 0.000002
2 2 0.000004 0.001176 0.934149 0.064657 0.000014
2 2 0.000001 0.000496 0.989310 0.010191 0.000001
2 2 0.000016 0.005781 0.993838 0.000216 0.000149
2 2 0.000000 0.000288 0.988789 0.010922 0.000000
2 2 0.000010 0.002465 0.963451 0.034005 0.000069
2 2 0.000021 0.008627 0.984115 0.005401 0.001836
2 2 0.000025 0.006157 0.983968 0.009533 0.000317
2 2 0.000011 0.003135 0.976164 0.020551 0.000139
2 2 0.000062 0.008278 0.976320 0.014963 0.000378
2 2 0.000011 0.007257 0.991775 0.000568 0.000388
2 2 0.000007 0.004194 0.988982 0.006360 0.000458
2 2 0.000002 0.002016 0.990241 0.007617 0.000123
2 2 0.000016 0.015702 0.979178 0.000072 0.005033
2 2 0.000002 0.003208 0.994767 0.001485 0.000539
2 2 0.001203 0.042142 0.918851 0.025837 0.011966
2 2 0.000478 0.034146 0.913605 0.037017 0.014755
2 2 0.000531 0.020682 0.879559 0.092866 0.006362
2 2 0.000658 0.039366 0.908442 0.032835 0.018697
2 2 0.000379 0.019528 0.909219 0.068569 0.002305
2 2 0.000515 0.016212 0.868794 0.111009 0.003470
2 2 0.000123 0.017002 0.935235 0.043384 0.004256
2 2 0.000467 0.020119 0.797474 0.178414 0.003525
2 2 0.001554 0.012776 0.703262 0.278404 0.004004
2 2 0.001219 0.037039 0.832172 0.118299 0.011271
2 2 0.000060 0.006743 0.905927 0.086809 0.000461
2 2 0.000035 0.005687 0.904278 0.089612 0.000387
2 2 0.000137 0.010541 0.938507 0.049791 0.001024
2 2 0.000192 0.014200 0.925233 0.058313 0.002062
2 2 0.000107 0.008655 0.909063 0.081727 0.000448
2 2 0.000473 0.029204 0.762509 0.197327 0.010487
2 2 0.001646 0.024765 0.860181 0.098156 0.015253
2 2 0.000532 0.017209 0.614853 0.364263 0.003143
2 2 0.001232 0.026311 0.743680 0.220542 0.008235
2 2 0.001065 0.016095 0.732277 0.240467 0.010096
2 2 0.001687 0.015787 0.592718 0.387740 0.002068
2 2 0.000363 0.012387 0.671705 0.314104 0.001441
3 2 0.001498 0.009713 0.455578 0.531575 0.001637
2 2 0.007208 0.035148 0.668554 0.285935 0.003156
2 2 0.005157 0.027106 0.630138 0.334214 0.003385
2 2 0.034523 0.113730 0.701860 0.141380 0.008507
2 2 0.001065 0.013629 0.891646 0.093279 0.000380
2 2 0.004409 0.029257 0.813772 0.151075 0.001487
2 2 0.000369 0.005722 0.833850 0.159892 0.000168
2 2 0.000504 0.013540 0.922827 0.062842 0.000287
2 2 0.003050 0.157886 0.751317 0.003672 0.084075
2 2 0.000670 0.125309 0.794295 0.000280 0.079444
2 2 0.003612 0.220436 0.647584 0.000337 0.128030
2 2 0.004118 0.294526 0.603124 0.000016 0.098217
2 2 0.002029 0.172690 0.711124 0.000142 0.114014
2 2 0.012243 0.310859 0.378315 0.001466 0.297116
2 2 0.007156 0.246142 0.428659 0.000585 0.317459
4 4 0.004253 0.104902 0.208827 0.000440 0.681577
4 4 0.003837 0.121467 0.309651 0.002283 0.562762
4 4 0.005907 0.226666 0.232554 0.000027 0.534846
2 1 0.004983 0.273937 0.525436 0.000004 0.195640
1 1 0.009068 0.393949 0.365059 0.000003 0.231921
4 2 0.004345 0.278042 0.317562 0.000005 0.400046
2 4 0.000863 0.127131 0.458638 0.000072 0.413297
4 4 0.001749 0.143498 0.350325 0.000026 0.504403
2 4 0.001558 0.136959 0.758186 0.000011 0.103286
2 4 0.001546 0.203711 0.672042 0.000002 0.122700
2 2 0.000689 0.121249 0.788960 0.000008 0.089094
2 2 0.000528 0.071644 0.865906 0.000045 0.061877
2 2 0.000045 0.025920 0.940759 0.000431 0.032845
2 2 0.000296 0.042218 0.922582 0.000735 0.034169
2 2 0.000375 0.038939 0.950971 0.000467 0.009249
2 2 0.000016 0.007546 0.987677 0.003255 0.001505
2 2 0.000266 0.031767 0.962142 0.002037 0.003788
2 2 0.000680 0.052253 0.942865 0.000531 0.003671
2 2 0.000081 0.022452 0.975873 0.000024 0.001570
2 2 0.000054 0.025257 0.971506 0.000007 0.003176
2 2 0.000002 0.009797 0.988871 0.000001 0.001329
2 2 0.000005 0.003457 0.996304 0.000164 0.000070
2 2 0.000020 0.016611 0.981352 0.000002 0.002015
2 2 0.001689 0.055492 0.915201 0.003290 0.024328
2 1 0.312082 0.289246 0.344690 0.003448 0.050533
2 2 0.036343 0.342196 0.589760 0.000356 0.031345
2 2 0.006033 0.164808 0.804295 0.001328 0.023536
2 2 0.001557 0.077072 0.889143 0.005321 0.026908
2 2 0.000019 0.021415 0.973097 0.000000 0.005469
2 2 0.000029 0.019393 0.955672 0.000009 0.024897
2 2 0.000019 0.011493 0.986748 0.000009 0.001731
2 2 0.000012 0.011629 0.983095 0.000019 0.005246
2 2 0.000025 0.018726 0.977177 0.000006 0.004066
2 2 0.000012 0.013333 0.979069 0.000015 0.007572
2 2 0.000007 0.009145 0.984871 0.000035 0.005942
2 2 0.000003 0.009190 0.987055 0.000002 0.003750
2 2 0.000011 0.011353 0.985365 0.000013 0.003258
2 2 0.000048 0.036193 0.957014 0.000001 0.006745
2 2 0.000021 0.004863 0.981246 0.013576 0.000294
2 2 0.000027 0.010465 0.988156 0.000238 0.001114
2 2 0.000015 0.007754 0.990013 0.000264 0.001953
2 2 0.000025 0.013510 0.984575 0.000062 0.001828
2 2 0.000010 0.007225 0.990016 0.000831 0.001917
2 2 0.000005 0.005499 0.993482 0.000019 0.000994
2 2 0.000006 0.006282 0.991888 0.000092 0.001733
2 2 0.000003 0.003494 0.996249 0.000061 0.000194
2 2 0.000002 0.003317 0.996408 0.000008 0.000264
2 2 0.000002 0.001916 0.997627 0.000339 0.000116
2 2 0.000040 0.014780 0.984034 0.000092 0.001054
2 2 0.000010 0.002751 0.985934 0.011273 0.000032
2 2 0.000006 0.003271 0.982272 0.014230 0.000221
2 2 0.000048 0.013083 0.984912 0.000509 0.001448
2 2 0.000008 0.004752 0.993920 0.001080 0.000239
2 2 0.000108 0.013352 0.979643 0.006284 0.000613
2 2 0.000160 0.011384 0.970240 0.017590 0.000626
2 2 0.000025 0.006132 0.977843 0.015270 0.000730
2 2 0.000046 0.007775 0.984193 0.007541 0.000445
2 2 0.000102 0.011446 0.971901 0.015206 0.001345
2 2 0.000084 0.014571 0.980811 0.003710 0.000824
2 2 0.000041 0.015707 0.977260 0.001696 0.005297
2 2 0.000012 0.004531 0.978824 0.016251 0.000382
2 2 0.000294 0.016295 0.966620 0.015605 0.001186
2 2 0.000016 0.004389 0.961860 0.033447 0.000288
2 2 0.000130 0.009317 0.922098 0.068156 0.000299
2 2 0.000097 0.006381 0.941322 0.051559 0.000640
2 2 0.000108 0.004982 0.899431 0.095091 0.000388
2 2 0.000119 0.008092 0.841509 0.149728 0.000552
2 2 0.000400 0.007741 0.813255 0.178241 0.000363
2 2 0.000940 0.030776 0.854455 0.106280 0.007549
2 2 0.000162 0.009318 0.858202 0.131636 0.000682
2 2 0.000564 0.010823 0.864998 0.122609 0.001006
2 3 0.000530 0.010989 0.730014 0.257465 0.001002
2 3 0.000187 0.008062 0.658407 0.332808 0.000535
2 3 0.000795 0.015574 0.776437 0.203879 0.003315
2 3 0.000778 0.008389 0.573214 0.416463 0.001157
2 3 0.000517 0.016111 0.798612 0.182050 0.002710
2 3 0.000549 0.008470 0.830071 0.159473 0.001437
2 3 0.000376 0.006139 0.710898 0.281986 0.000602
2 3 0.001686 0.013190 0.502216 0.476840 0.006068
2 3 0.001578 0.038167 0.610245 0.335485 0.014524
2 3 0.002540 0.021658 0.654550 0.309028 0.012225
2 3 0.001774 0.019495 0.560800 0.408884 0.009048
2 3 0.001099 0.016422 0.513162 0.463904 0.005412
3 3 0.001637 0.013636 0.323236 0.657730 0.003761
3 3 0.002397 0.007654 0.223636 0.763409 0.002904
3 3 0.001781 0.006601 0.204664 0.784768 0.002186
3 3 0.001852 0.005940 0.159908 0.830347 0.001953
3 2 0.046792 0.034819 0.252004 0.648871 0.017515
2 2 0.020978 0.056088 0.677480 0.238696 0.006757
2 2 0.036980 0.257780 0.682980 0.011590 0.010671
2 2 0.006802 0.087138 0.839537 0.062382 0.004141
2 2 0.004598 0.082368 0.869647 0.039228 0.004160
2 2 0.002611 0.026958 0.930809 0.036709 0.002913
2 2 0.000450 0.016477 0.972979 0.009754 0.000341
2 2 0.000881 0.055896 0.941009 0.000277 0.001936
2 2 0.000012 0.005586 0.993586 0.000431 0.000386
2 2 0.000025 0.012953 0.982365 0.000871 0.003786
2 2 0.000161 0.021867 0.973075 0.001853 0.003045
2 2 0.000004 0.006956 0.989741 0.000299 0.003000
2 2 0.000033 0.013993 0.983283 0.000224 0.002467
2 2 0.000536 0.057650 0.932901 0.000354 0.008560
2 2 0.000505 0.030776 0.963810 0.002940 0.001969
2 2 0.000640 0.050343 0.941990 0.001982 0.005045
2 2 0.004725 0.052825 0.900682 0.030848 0.010920
2 1 0.092629 0.423670 0.462170 0.001552 0.019979
2 2 0.005780 0.110298 0.868833 0.006138 0.008951
2 2 0.011903 0.101154 0.833725 0.045218 0.008000
2 2 0.009639 0.128370 0.830643 0.023384 0.007964
2 2 0.000084 0.035043 0.961693 0.000016 0.003164
2 2 0.000019 0.023783 0.971703 0.000005 0.004490
2 2 0.000021 0.014719 0.981262 0.000161 0.003837
2 2 0.000078 0.022469 0.972948 0.000053 0.004451
2 2 0.000033 0.022847 0.973661 0.000019 0.003440
2 2 0.001082 0.048200 0.915388 0.026048 0.009282
2 2 0.002250 0.082965 0.880887 0.016564 0.017334
2 2 0.008217 0.059189 0.832352 0.093175 0.007066
0 0 0.488748 0.279805 0.194452 0.002593 0.034403
2 1 0.082421 0.409977 0.492297 0.001014 0.014291
2 2 0.018594 0.084214 0.726750 0.162747 0.007695
2 2 0.070268 0.365179 0.544677 0.004479 0.015397
2 2 0.016965 0.166711 0.770260 0.038939 0.007124
2 2 0.016918 0.125032 0.803291 0.046552 0.008207
2 2 0.011278 0.073896 0.782571 0.125355 0.006899
2 2 0.000657 0.057990 0.936983 0.000162 0.004208
2 2 0.012358 0.170590 0.810922 0.000180 0.005950
2 2 0.000652 0.043955 0.948178 0.001465 0.005750
2 2 0.000057 0.017206 0.980617 0.000725 0.001397
2 2 0.000222 0.037584 0.955341 0.000096 0.006758
2 2 0.000018 0.010700 0.988550 0.000016 0.000717
2 2 0.000008 0.002234 0.994592 0.003152 0.000014
2 2 0.000023 0.015970 0.977905 0.000011 0.006091
2 2 0.000001 0.003010 0.996702 0.000023 0.000264
2 2 0.000043 0.021469 0.976439 0.000002 0.002046
2 2 0.000802 0.058408 0.913270 0.008693 0.018827
2 2 0.000557 0.038487 0.916476 0.029203 0.015277
2 2 0.083210 0.179209 0.668187 0.017923 0.051471
2 2 0.022780 0.181923 0.762157 0.015185 0.017955
2 2 0.076346 0.186839 0.703927 0.013498 0.019390
1 2 0.188482 0.484202 0.295600 0.001388 0.030328
2 2 0.069983 0.235969 0.629030 0.039018 0.026000
2 2 0.030975 0.254034 0.675899 0.019017 0.020076
2 2 0.011637 0.144994 0.789362 0.037031 0.016976
1 1 0.181946 0.403007 0.353543 0.003017 0.058487
2 2 0.010772 0.275140 0.679165 0.000043 0.034881
2 2 0.002447 0.082549 0.895237 0.002068 0.017699
2 2 0.001041 0.064450 0.900095 0.011090 0.023323
2 2 0.003769 0.099285 0.873224 0.003429 0.020293
2 2 0.000706 0.053811 0.916609 0.017746 0.011128
2 2 0.000607 0.093506 0.875802 0.000015 0.030070
2 2 0.000065 0.011836 0.978697 0.003469 0.005932
2 2 0.000166 0.067710 0.876317 0.000010 0.055797
2 2 0.000361 0.091500 0.829175 0.000009 0.078955
2 2 0.000767 0.129897 0.791505 0.000002 0.077831
4 4 0.002280 0.196973 0.237640 0.000003 0.563104
4 4 0.001413 0.243057 0.268803 0.000000 0.486727
4 4 0.002866 0.252508 0.273914 0.000003 0.470710
4 4 0.002387 0.242357 0.322286 0.000001 0.432970
4 4 0.001351 0.096106 0.327963 0.000096 0.574483
4 4 0.006337 0.139201 0.044879 0.000117 0.809466
4 4 0.004941 0.074935 0.040563 0.000129 0.879432
4 4 0.012448 0.042939 0.033162 0.000281 0.911170
4 4 0.022166 0.023818 0.031394 0.000405 0.922217
4 4 0.013427 0.070944 0.044063 0.000090 0.871475
4 4 0.026001 0.021205 0.020547 0.000850 0.931397
4 4 0.086638 0.143310 0.019937 0.000054 0.750060
4 4 0.030865 0.130044 0.046206 0.000048 0.792837
4 4 0.018092 0.102361 0.033831 0.000117 0.845600
4 4 0.017339 0.018203 0.019474 0.000239 0.944745
4 4 0.012879 0.058205 0.086761 0.000782 0.841373
4 4 0.117352 0.221466 0.058416 0.000009 0.602756
1 1 0.319420 0.320189 0.041803 0.000001 0.318587
4 1 0.085149 0.306087 0.089423 0.000011 0.519328
4 4 0.012180 0.143153 0.081835 0.000028 0.762805
1 4 0.008845 0.371669 0.303009 0.000006 0.316472
4 4 0.004780 0.220838 0.330151 0.000013 0.444219
2 4 0.005030 0.245099 0.427963 0.000021 0.321888
4 4 0.008054 0.328644 0.290960 0.000025 0.372317
2 1 0.012806 0.419643 0.443949 0.000003 0.123598
4 1 0.074871 0.406904 0.097632 0.000003 0.420590
4 4 0.005783 0.223106 0.135755 0.000020 0.635337
4 4 0.007341 0.307696 0.131732 0.000009 0.553223
4 4 0.006611 0.210723 0.139561 0.000038 0.643066
4 4 0.003055 0.071616 0.148046 0.000099 0.777185
4 4 0.018540 0.049194 0.081905 0.000634 0.849728
4 4 0.016811 0.161268 0.111515 0.000050 0.710355
4 4 0.036772 0.214982 0.063001 0.000058 0.685187
4 4 0.090086 0.344326 0.117667 0.000030 0.447891
4 4 0.010436 0.381857 0.121050 0.000005 0.486652
4 4 0.035732 0.122712 0.150117 0.001180 0.690261
1 4 0.132636 0.417917 0.080991 0.000006 0.368450
1 4 0.325396 0.358452 0.064591 0.000002 0.251558
4 4 0.030456 0.288517 0.147979 0.000384 0.532663
4 4 0.063813 0.367702 0.114799 0.000260 0.453426
2 2 0.002374 0.249939 0.386956 0.000006 0.360725
2 2 0.001656 0.174958 0.515907 0.000024 0.307456
2 2 0.002074 0.305105 0.447566 0.000001 0.245254
1 2 0.007503 0.461709 0.348758 0.000001 0.182028
4 2 0.003752 0.278349 0.339281 0.000004 0.378614
4 2 0.005299 0.172521 0.069509 0.000035 0.752636
4 2 0.007193 0.277200 0.097527 0.000012 0.618068
4 2 0.004493 0.337724 0.087157 0.000001 0.570625
4 4 0.005912 0.040254 0.072726 0.000082 0.881026
4 4 0.007755 0.156570 0.083938 0.000036 0.751701
4 4 0.005867 0.194608 0.172163 0.000041 0.627321
4 4 0.006023 0.113519 0.123394 0.000024 0.757040
4 4 0.007985 0.334806 0.138526 0.000001 0.518681
4 4 0.004526 0.216819 0.100178 0.000010 0.678468
4 4 0.003417 0.105613 0.163410 0.000118 0.727441
4 4 0.002140 0.229536 0.111889 0.000001 0.656435
4 4 0.002463 0.218368 0.143734 0.000002 0.635433
4 4 0.002651 0.152279 0.113879 0.000010 0.731181
4 4 0.002087 0.030581 0.040885 0.000027 0.926419
4 4 0.001694 0.119170 0.062578 0.000006 0.816552
4 4 0.000830 0.087082 0.192074 0.000004 0.720010
4 4 0.002443 0.170885 0.268214 0.000006 0.558452
4 4 0.000831 0.117633 0.408006 0.000086 0.473444
4 4 0.001367 0.173710 0.364066 0.000011 0.460847
4 4 0.002174 0.161408 0.388552 0.000052 0.447815
1 1 0.060324 0.538160 0.178810 0.000000 0.222706
