0 0 0.589142 0.087101 0.006989 0.000003 0.316764
0 0 0.954137 0.002884 0.000237 0.000000 0.042742
0 0 0.948421 0.006899 0.000379 0.000000 0.044301
0 0 0.952180 0.003489 0.000431 0.000000 0.043900
0 0 0.962202 0.001170 0.000247 0.000000 0.036381
0 0 0.806521 0.052801 0.010897 0.000047 0.129734
0 0 0.790141 0.149599 0.006021 0.000005 0.054233
0 0 0.761350 0.110311 0.012353 0.000032 0.115955
0 0 0.816347 0.109254 0.006940 0.000009 0.067450
0 0 0.825655 0.091112 0.007477 0.000012 0.075744
0 0 0.659548 0.219747 0.010144 0.000008 0.110553
0 1 0.605666 0.299098 0.007885 0.000003 0.087348
0 1 0.667441 0.207552 0.008054 0.000004 0.116950
0 1 0.695204 0.153321 0.007554 0.000004 0.143918
0 1 0.436599 0.427486 0.008315 0.000002 0.127599
0 1 0.469536 0.196124 0.010326 0.000004 0.324009
1 1 0.256256 0.490639 0.009712 0.000001 0.243392
1 1 0.179556 0.659528 0.005717 0.000000 0.155199
1 1 0.155802 0.712656 0.006550 0.000000 0.124992
1 1 0.117295 0.700413 0.009156 0.000001 0.173135
1 1 0.028580 0.694128 0.084111 0.000014 0.193166
1 1 0.024747 0.746194 0.070404 0.000013 0.158642
1 1 0.023123 0.728731 0.068734 0.000029 0.179383
1 1 0.012726 0.666077 0.104863 0.000077 0.216257
1 2 0.013864 0.691701 0.094406 0.000054 0.199975
2 2 0.005651 0.337077 0.486307 0.004505 0.166461
1 2 0.011383 0.419923 0.411405 0.002877 0.154412
2 2 0.006722 0.338366 0.476377 0.005369 0.173165
2 2 0.001429 0.229090 0.706977 0.002134 0.060370
2 2 0.002314 0.269359 0.619109 0.003345 0.105873
2 2 0.002211 0.144137 0.804483 0.010743 0.038426
2 2 0.002173 0.146831 0.816554 0.006617 0.027826
2 2 0.000996 0.116519 0.847841 0.005567 0.029076
2 2 0.002161 0.070791 0.860189 0.003667 0.063193
2 2 0.017162 0.332805 0.568192 0.006682 0.075160
2 2 0.000999 0.070863 0.870880 0.022174 0.035085
2 2 0.001301 0.090711 0.832495 0.029886 0.045607
2 2 0.001763 0.108889 0.808724 0.026185 0.054439
2 2 0.001686 0.031650 0.915593 0.014299 0.036772
2 2 0.001413 0.062756 0.863985 0.017042 0.054805
2 2 0.001521 0.016322 0.796223 0.184128 0.001806
2 3 0.002802 0.006734 0.776885 0.212074 0.001505
2 3 0.001579 0.006468 0.785485 0.205794 0.000673
2 3 0.001265 0.014034 0.777289 0.205299 0.002114
2 3 0.001507 0.008870 0.745333 0.243306 0.000984
3 3 0.000369 0.001616 0.425631 0.572354 0.000029
3 3 0.000221 0.001105 0.430520 0.568136 0.000018
3 3 0.000131 0.000777 0.335968 0.663116 0.000007
3 3 0.000211 0.000929 0.352895 0.645954 0.000011
3 3 0.000231 0.000950 0.334674 0.664132 0.000014
3 3 0.000135 0.000619 0.150289 0.848950 0.000007
3 3 0.000249 0.000786 0.109927 0.889024 0.000014
3 3 0.000124 0.000526 0.129878 0.869466 0.000006
3 3 0.000429 0.001248 0.121080 0.877211 0.000031
3 3 0.000274 0.000929 0.121718 0.877061 0.000018
3 3 0.000039 0.000168 0.083479 0.916313 0.000001
3 3 0.000038 0.000189 0.101367 0.898405 0.000001
3 3 0.000054 0.000222 0.088662 0.911061 0.000002
3 3 0.000044 0.000165 0.069960 0.929829 0.000001
3 3 0.000049 0.000201 0.083749 0.916000 0.000001
3 3 0.000016 0.000073 0.061322 0.938589 0.000000
3 3 0.000024 0.000097 0.061434 0.938445 0.000000
3 3 0.000030 0.000123 0.069543 0.930303 0.000001
3 3 0.000044 0.000148 0.060123 0.939684 0.000001
3 3 0.000056 0.000169 0.054915 0.944858 0.000001
3 3 0.000525 0.002008 0.154811 0.842591 0.000066
3 3 0.001676 0.004437 0.151607 0.841982 0.000299
2 2 0.048018 0.090397 0.616704 0.240337 0.004543
3 2 0.001480 0.004111 0.184184 0.810021 0.000205
3 3 0.001035 0.003054 0.233830 0.761964 0.000118
3 3 0.000054 0.000274 0.128078 0.871592 0.000002
3 3 0.000204 0.000622 0.096242 0.902922 0.000010
3 3 0.000133 0.000541 0.124748 0.874571 0.000006
3 3 0.000051 0.000221 0.092190 0.907537 0.000002
3 3 0.000088 0.000352 0.102757 0.896799 0.000003
3 3 0.000090 0.000246 0.057796 0.941866 0.000003
3 3 0.000060 0.000158 0.045539 0.954241 0.000002
3 3 0.000091 0.000201 0.041286 0.958420 0.000003
3 3 0.000057 0.000149 0.044728 0.955065 0.000001
3 3 0.000078 0.000174 0.039375 0.960372 0.000002
3 3 0.000055 0.000128 0.036375 0.963441 0.000001
3 3 0.000030 0.000088 0.040942 0.958939 0.000001
3 3 0.000015 0.000055 0.041557 0.958373 0.000000
3 3 0.000021 0.000065 0.038207 0.961706 0.000000
3 3 0.000030 0.000095 0.046259 0.953617 0.000001
3 3 0.000008 0.000030 0.033477 0.966485 0.000000
3 3 0.000023 0.000060 0.030361 0.969556 0.000000
3 3 0.000026 0.000076 0.037173 0.962725 0.000000
3 3 0.000017 0.000055 0.037284 0.962644 0.000000
3 3 0.000012 0.000042 0.035816 0.964129 0.000000
3 3 0.000012 0.000047 0.041701 0.958240 0.000000
3 3 0.000019 0.000068 0.046179 0.953734 0.000000
3 3 0.000024 0.000057 0.026265 0.973653 0.000000
3 3 0.000024 0.000065 0.031549 0.968362 0.000000
3 3 0.000029 0.000078 0.034227 0.965665 0.000001
3 3 0.000036 0.000091 0.034377 0.965494 0.000001
3 3 0.000012 0.000043 0.037133 0.962812 0.000000
3 3 0.000016 0.000052 0.035989 0.963942 0.000000
3 3 0.000023 0.000054 0.025509 0.974414 0.000000
3 3 0.000019 0.000061 0.038431 0.961490 0.000000
3 3 0.000014 0.000047 0.035402 0.964537 0.000000
3 3 0.000017 0.000056 0.038906 0.961020 0.000000
3 3 0.000013 0.000051 0.044575 0.955361 0.000000
3 3 0.000015 0.000046 0.032122 0.967817 0.000000
3 3 0.000024 0.000067 0.033793 0.966116 0.000000
3 3 0.001081 0.001345 0.047605 0.949883 0.000086
3 3 0.000691 0.000859 0.039335 0.959071 0.000044
3 3 0.000825 0.001271 0.059458 0.938383 0.000063
3 3 0.031428 0.028688 0.262271 0.676761 0.000853
3 3 0.001430 0.002616 0.097526 0.898271 0.000157
3 3 0.000223 0.001410 0.285798 0.712551 0.000018
3 3 0.000599 0.003270 0.332886 0.663170 0.000076
3 3 0.000951 0.005314 0.397742 0.595831 0.000162
3 3 0.000477 0.002417 0.279241 0.717815 0.000051
3 3 0.000506 0.002990 0.318122 0.678314 0.000069
3 3 0.000473 0.001461 0.137779 0.860249 0.000038
3 3 0.000481 0.001561 0.149289 0.848629 0.000040
3 3 0.000485 0.001761 0.176614 0.821098 0.000042
3 3 0.000582 0.001933 0.166436 0.830995 0.000054
3 3 0.000335 0.001266 0.162047 0.836328 0.000025
3 3 0.000463 0.000909 0.068323 0.930276 0.000029
3 3 0.000266 0.000621 0.070971 0.928128 0.000014
3 3 0.000371 0.000828 0.076127 0.922652 0.000022
3 3 0.000271 0.000669 0.078028 0.921018 0.000014
3 3 0.000244 0.000582 0.070851 0.928311 0.000012
3 3 0.000068 0.000198 0.057197 0.942535 0.000002
3 3 0.000219 0.000453 0.054120 0.945198 0.000010
3 3 0.000301 0.000695 0.073354 0.925634 0.000016
3 3 0.000072 0.000282 0.092516 0.907127 0.000002
3 3 0.000197 0.000441 0.058448 0.940905 0.000009
3 3 0.000052 0.000122 0.035899 0.963925 0.000001
3 3 0.000147 0.000275 0.039088 0.960484 0.000005
3 3 0.000104 0.000202 0.035847 0.963844 0.000003
3 3 0.000171 0.000293 0.036260 0.963270 0.000006
3 3 0.000110 0.000220 0.038388 0.961278 0.000003
3 3 0.000090 0.000207 0.043936 0.955764 0.000003
3 3 0.000112 0.000186 0.028798 0.970901 0.000003
3 3 0.000090 0.000153 0.026893 0.972861 0.000002
3 3 0.000069 0.000145 0.033576 0.966209 0.000002
3 3 0.000170 0.000331 0.044116 0.955376 0.000006
3 3 0.000066 0.000113 0.023951 0.975869 0.000001
3 3 0.000076 0.000112 0.020251 0.979559 0.000002
3 3 0.000106 0.000144 0.020409 0.979339 0.000003
3 3 0.000124 0.000205 0.029812 0.969854 0.000004
3 3 0.000065 0.000145 0.036913 0.962875 0.000002
3 3 0.000057 0.000118 0.030672 0.969152 0.000001
3 3 0.000028 0.000072 0.031744 0.968155 0.000000
3 3 0.000082 0.000145 0.027758 0.972014 0.000002
3 3 0.000070 0.000142 0.032358 0.967428 0.000002
3 3 0.000121 0.000238 0.038846 0.960791 0.000004
3 3 0.000461 0.000495 0.026194 0.972827 0.000022
3 3 0.000291 0.000402 0.032120 0.967174 0.000012
3 3 0.000164 0.000347 0.049516 0.949966 0.000006
3 3 0.000162 0.000270 0.033805 0.965758 0.000006
3 3 0.000120 0.000277 0.049794 0.949805 0.000004
3 3 0.000104 0.000221 0.041032 0.958640 0.000003
3 3 0.000112 0.000253 0.046798 0.952833 0.000004
3 3 0.000056 0.000147 0.044430 0.955365 0.000001
3 3 0.000052 0.000110 0.030323 0.969514 0.000001
3 3 0.000114 0.000213 0.035173 0.964496 0.000003
3 3 0.000034 0.000072 0.025167 0.974726 0.000001
3 3 0.000026 0.000065 0.029773 0.970137 0.000000
3 3 0.000010 0.000023 0.017379 0.982588 0.000000
3 3 0.000023 0.000047 0.020715 0.979215 0.000000
3 3 0.000019 0.000040 0.019962 0.979979 0.000000
3 3 0.000187 0.000429 0.059692 0.939684 0.000008
3 3 0.000083 0.000198 0.045094 0.954623 0.000002
3 3 0.000167 0.000362 0.052082 0.947382 0.000007
3 2 0.007538 0.010480 0.204318 0.777352 0.000312
3 2 0.000247 0.001224 0.138034 0.860465 0.000030
2 2 0.000836 0.095178 0.848895 0.022954 0.032137
2 2 0.000267 0.044573 0.920908 0.025435 0.008817
2 2 0.000174 0.063994 0.907063 0.011544 0.017226
2 2 0.000726 0.114172 0.828223 0.010678 0.046201
2 2 0.000493 0.096859 0.838979 0.023404 0.040265
2 2 0.000230 0.175430 0.599458 0.001208 0.223674
2 2 0.000174 0.184033 0.570215 0.001439 0.244140
2 2 0.000315 0.204789 0.536748 0.002223 0.255925
4 2 0.001007 0.124230 0.338244 0.001934 0.534585
2 2 0.000139 0.163093 0.571181 0.001750 0.263836
2 2 0.000180 0.202746 0.408606 0.001365 0.387104
4 2 0.000210 0.262331 0.295558 0.000345 0.441556
4 2 0.000086 0.200186 0.368783 0.000696 0.430249
4 2 0.000206 0.212836 0.370490 0.000768 0.415700
4 2 0.000522 0.204834 0.346725 0.000246 0.447673
4 2 0.001084 0.221844 0.267053 0.000195 0.509824
4 2 0.000124 0.181774 0.369023 0.000111 0.448967
4 2 0.000207 0.159970 0.369227 0.000235 0.470361
4 2 0.000161 0.205272 0.346612 0.000493 0.447461
4 2 0.000244 0.166512 0.285290 0.000133 0.547821
4 2 0.000193 0.226787 0.231377 0.000219 0.541424
4 2 0.000225 0.142770 0.227790 0.000070 0.629144
4 2 0.000458 0.139384 0.143648 0.000029 0.716481
4 2 0.000239 0.156664 0.206435 0.000115 0.636548
4 2 0.000364 0.155990 0.245360 0.000364 0.597921
4 2 0.000488 0.179307 0.346886 0.003463 0.469855
4 2 0.000588 0.212063 0.338720 0.003956 0.444672
4 2 0.000375 0.140897 0.316913 0.001555 0.540260
4 2 0.000692 0.184806 0.308596 0.001231 0.504675
4 2 0.002289 0.146766 0.202675 0.000706 0.647564
2 2 0.001904 0.278286 0.438190 0.004597 0.277022
2 2 0.034727 0.179436 0.461434 0.003566 0.320836
2 2 0.008865 0.370294 0.438990 0.004633 0.177219
2 2 0.000514 0.162510 0.640461 0.005373 0.191141
2 2 0.000635 0.136766 0.703949 0.007884 0.150766
2 2 0.000697 0.124042 0.807172 0.010102 0.057986
2 2 0.000223 0.021510 0.959854 0.003264 0.015150
2 2 0.000269 0.041621 0.929306 0.011920 0.016883
2 2 0.000461 0.086037 0.869985 0.015686 0.027831
2 2 0.035543 0.287111 0.596931 0.020573 0.059842
2 2 0.000188 0.051673 0.931683 0.001405 0.015052
2 2 0.000246 0.043063 0.947319 0.002473 0.006899
2 2 0.009837 0.272400 0.652425 0.006897 0.058441
2 2 0.001664 0.108955 0.851141 0.012937 0.025303
2 2 0.000050 0.013033 0.981444 0.000640 0.004833
2 2 0.000129 0.008429 0.974274 0.016771 0.000397
2 2 0.000039 0.003934 0.986335 0.009571 0.000121
2 2 0.000218 0.006369 0.981386 0.011448 0.000578
2 2 0.000025 0.005331 0.984108 0.010345 0.000191
2 2 0.000057 0.010787 0.972623 0.016159 0.000374
2 2 0.000175 0.016415 0.960288 0.021917 0.001205
2 2 0.000151 0.005040 0.918685 0.076027 0.000096
2 2 0.000090 0.007162 0.959844 0.032527 0.000378
2 2 0.000229 0.025321 0.945290 0.027162 0.001998
2 2 0.000111 0.005780 0.975731 0.017888 0.000490
2 2 0.000708 0.012290 0.916083 0.070086 0.000833
2 2 0.000704 0.014275 0.946589 0.037531 0.000901
2 2 0.001208 0.039763 0.922416 0.033007 0.003606
2 2 0.000483 0.023202 0.918198 0.056413 0.001705
2 2 0.000478 0.016555 0.919957 0.062317 0.000693
2 2 0.000291 0.007396 0.914244 0.077673 0.000396
2 2 0.000594 0.017467 0.884914 0.096162 0.000863
2 2 0.000868 0.017956 0.878401 0.101964 0.000811
2 2 0.000410 0.005921 0.922033 0.071104 0.000533
2 2 0.001022 0.023487 0.878173 0.095892 0.001426
2 2 0.002913 0.046750 0.788883 0.155141 0.006312
2 2 0.003920 0.051902 0.839399 0.098494 0.006284
2 2 0.001637 0.045780 0.854511 0.092094 0.005978
2 2 0.008521 0.053098 0.852148 0.073930 0.012304
2 1 0.252515 0.144332 0.550509 0.025302 0.027343
2 2 0.002119 0.043992 0.839641 0.108965 0.005282
2 2 0.000444 0.012845 0.824847 0.160420 0.001444
2 2 0.000281 0.001871 0.858294 0.139265 0.000290
2 2 0.000390 0.003869 0.885562 0.109409 0.000770
2 2 0.000202 0.005036 0.875412 0.118672 0.000678
2 2 0.001082 0.010394 0.816859 0.170237 0.001427
2 2 0.000935 0.005076 0.787371 0.205886 0.000733
2 2 0.000479 0.007989 0.679451 0.311442 0.000640
2 2 0.001460 0.012834 0.728464 0.255822 0.001420
2 2 0.000837 0.004808 0.731751 0.262283 0.000321
2 2 0.000420 0.005283 0.588160 0.405829 0.000308
2 2 0.000178 0.000856 0.538214 0.460728 0.000024
2 2 0.000131 0.000930 0.673572 0.325332 0.000035
2 2 0.000384 0.001442 0.525424 0.472677 0.000074
2 2 0.000319 0.002427 0.552144 0.445059 0.000051
2 2 0.000881 0.006970 0.510222 0.481630 0.000298
3 2 0.001096 0.003191 0.489322 0.506184 0.000208
2 2 0.001381 0.004077 0.554140 0.440042 0.000360
3 2 0.001257 0.009336 0.433310 0.555479 0.000618
3 2 0.001194 0.005720 0.365499 0.627296 0.000291
3 3 0.000266 0.001110 0.223825 0.774780 0.000018
3 3 0.000538 0.002024 0.301043 0.696347 0.000047
3 3 0.000289 0.000929 0.221337 0.777426 0.000018
3 3 0.000661 0.001709 0.305715 0.691871 0.000045
3 3 0.000331 0.001252 0.193900 0.804491 0.000025
3 3 0.000361 0.001640 0.169646 0.828300 0.000054
3 3 0.000638 0.002271 0.182783 0.814241 0.000068
3 3 0.000334 0.001247 0.184170 0.814226 0.000023
3 3 0.001251 0.003365 0.147758 0.847448 0.000177
3 3 0.000908 0.003105 0.151031 0.844797 0.000158
3 3 0.001398 0.008905 0.226495 0.762224 0.000978
3 3 0.000782 0.003493 0.202503 0.793055 0.000166
3 3 0.001099 0.004697 0.212199 0.781746 0.000258
3 3 0.002900 0.012946 0.254650 0.727902 0.001602
3 3 0.001223 0.005086 0.215671 0.777727 0.000294
3 3 0.002330 0.003683 0.080471 0.913140 0.000377
3 3 0.001280 0.001733 0.058417 0.938454 0.000116
3 3 0.003526 0.003847 0.063545 0.928596 0.000486
3 3 0.001238 0.001765 0.062443 0.934442 0.000112
3 3 0.002935 0.003223 0.050184 0.943205 0.000453
3 3 0.000411 0.001049 0.094383 0.904128 0.000029
3 3 0.000985 0.001585 0.068597 0.928750 0.000084
3 3 0.000247 0.000639 0.080634 0.918467 0.000013
3 3 0.000600 0.001846 0.106976 0.890497 0.000082
3 3 0.000255 0.000578 0.066638 0.932517 0.000013
3 3 0.002581 0.004755 0.098818 0.893330 0.000516
3 3 0.002083 0.003851 0.115396 0.878391 0.000280
3 3 0.002412 0.004522 0.102621 0.889997 0.000448
3 3 0.003232 0.004378 0.081402 0.910487 0.000501
3 3 0.002497 0.003142 0.068802 0.925253 0.000307
3 3 0.000629 0.000990 0.054861 0.943478 0.000042
3 3 0.000832 0.001398 0.068387 0.929317 0.000066
3 3 0.000563 0.000894 0.053131 0.945376 0.000036
3 3 0.001212 0.001488 0.048952 0.948246 0.000102
3 3 0.001104 0.001097 0.033618 0.964101 0.000081
3 3 0.000241 0.000495 0.055772 0.943481 0.000011
3 3 0.000142 0.000329 0.053936 0.945588 0.000005
3 3 0.000812 0.001246 0.058755 0.939126 0.000061
3 3 0.000188 0.000476 0.069579 0.929747 0.000008
3 3 0.000924 0.001631 0.077093 0.920272 0.000079
3 3 0.000970 0.001312 0.051836 0.945806 0.000076
3 3 0.002434 0.002596 0.052538 0.942158 0.000275
3 3 0.001354 0.001461 0.041787 0.955285 0.000114
3 3 0.002039 0.002288 0.052842 0.942616 0.000215
3 3 0.001731 0.002433 0.070204 0.925447 0.000185
3 3 0.000970 0.001123 0.040609 0.957226 0.000071
3 3 0.001218 0.001474 0.047909 0.949298 0.000102
3 3 0.001048 0.001371 0.050878 0.946619 0.000084
3 3 0.001043 0.001281 0.045938 0.951658 0.000081
3 3 0.000720 0.000927 0.042307 0.955999 0.000047
3 3 0.006593 0.009796 0.150126 0.832567 0.000918
3 3 0.003427 0.004461 0.082608 0.908999 0.000505
3 3 0.002291 0.003065 0.073061 0.921305 0.000277
3 3 0.021078 0.021052 0.162364 0.793438 0.002069
3 2 0.032614 0.042254 0.380260 0.543644 0.001228
2 2 0.001424 0.015253 0.768009 0.214679 0.000635
2 2 0.000190 0.001566 0.676506 0.321718 0.000020
2 2 0.000419 0.002768 0.780303 0.216409 0.000101
2 2 0.000141 0.001960 0.757618 0.240236 0.000045
2 2 0.000262 0.002108 0.780153 0.217408 0.000070
2 2 0.001781 0.034172 0.908325 0.038518 0.017204
2 2 0.000741 0.042500 0.910238 0.037865 0.008655
2 2 0.001342 0.055465 0.877692 0.049520 0.015980
2 4 0.002191 0.145098 0.754584 0.024393 0.073733
2 4 0.001027 0.074499 0.871390 0.035297 0.017787
4 4 0.000667 0.188734 0.288921 0.000325 0.521352
4 4 0.001284 0.154732 0.230659 0.000310 0.613015
4 4 0.001024 0.191836 0.258203 0.000407 0.548529
4 4 0.000387 0.103257 0.236399 0.000769 0.659189
4 4 0.000473 0.186520 0.275406 0.000180 0.537422
4 4 0.000346 0.114432 0.168988 0.001099 0.715135
4 4 0.000929 0.043399 0.102914 0.000238 0.852521
4 4 0.000473 0.101240 0.156216 0.000282 0.741790
4 4 0.000885 0.157569 0.136835 0.000265 0.704447
4 4 0.001609 0.072824 0.075763 0.000386 0.849418
4 4 0.003940 0.071175 0.020158 0.000010 0.904717
4 4 0.120965 0.136323 0.018236 0.000020 0.724456
4 4 0.001986 0.105911 0.011649 0.000007 0.880447
4 4 0.001753 0.127413 0.010020 0.000004 0.860810
4 4 0.001799 0.070401 0.012661 0.000014 0.915125
4 4 0.000804 0.098646 0.070271 0.000017 0.830262
4 4 0.000660 0.145200 0.114649 0.000035 0.739455
4 4 0.000379 0.103909 0.112844 0.000039 0.782829
4 4 0.000479 0.096632 0.082341 0.000016 0.820532
4 4 0.000383 0.082476 0.086317 0.000082 0.830741
4 4 0.001019 0.012063 0.018356 0.000042 0.968521
4 4 0.002023 0.183134 0.044894 0.000005 0.769943
4 4 0.000766 0.164393 0.071968 0.000036 0.762837
4 4 0.001523 0.189917 0.066089 0.000045 0.742426
4 4 0.001452 0.106464 0.078740 0.000022 0.813322
4 1 0.001364 0.281092 0.248520 0.000262 0.468761
4 1 0.001229 0.323207 0.232726 0.000103 0.442735
4 1 0.000659 0.267338 0.253422 0.000090 0.478491
4 1 0.000618 0.236288 0.267811 0.000094 0.495188
4 1 0.000700 0.246522 0.260160 0.000068 0.492550
4 1 0.001096 0.218170 0.122583 0.000060 0.658092
4 1 0.001965 0.218347 0.124051 0.000112 0.655525
4 1 0.002617 0.202880 0.100157 0.000061 0.694284
4 1 0.079927 0.304339 0.059452 0.000030 0.556253
4 1 0.002788 0.291715 0.077080 0.000018 0.628400
4 1 0.000848 0.220732 0.359682 0.000662 0.418076
4 2 0.000584 0.235029 0.342768 0.000331 0.421289
4 2 0.000563 0.215024 0.303121 0.000089 0.481202
4 2 0.001498 0.244054 0.308679 0.000215 0.445554
2 2 0.000263 0.216917 0.498781 0.000605 0.283434
2 2 0.002539 0.228727 0.529424 0.012949 0.226362
2 2 0.000662 0.188452 0.570756 0.008888 0.231243
2 2 0.000561 0.099521 0.797704 0.008873 0.093341
2 2 0.000310 0.064767 0.812703 0.003558 0.118662
2 2 0.027572 0.187695 0.414082 0.001445 0.369206
2 2 0.000031 0.073318 0.886071 0.000249 0.040331
2 2 0.000025 0.040602 0.913175 0.000121 0.046076
2 2 0.000045 0.025050 0.890938 0.000012 0.083956
2 2 0.000025 0.039388 0.926007 0.000041 0.034539
2 2 0.000074 0.039174 0.851521 0.000072 0.109158
2 2 0.000090 0.086143 0.876198 0.002859 0.034710
2 2 0.000067 0.028149 0.953455 0.002087 0.016242
2 2 0.000197 0.092892 0.868699 0.003981 0.034231
2 2 0.000054 0.035041 0.935479 0.000471 0.028955
2 2 0.000045 0.048366 0.931913 0.003174 0.016502
2 2 0.002548 0.190351 0.681450 0.014896 0.110754
2 2 0.029033 0.177675 0.579821 0.007264 0.206207
2 1 0.043712 0.283764 0.562364 0.012277 0.097884
1 1 0.111313 0.448723 0.357276 0.006725 0.075964
2 2 0.005571 0.221926 0.637977 0.018480 0.116045
2 2 0.000577 0.120591 0.853901 0.002686 0.022245
2 2 0.000041 0.015852 0.960637 0.000166 0.023305
2 2 0.000070 0.023389 0.944901 0.000092 0.031547
2 2 0.000027 0.048620 0.926945 0.000399 0.024009
2 2 0.000030 0.044238 0.942266 0.000050 0.013417
2 2 0.018075 0.224842 0.438744 0.003973 0.314367
4 2 0.034101 0.138031 0.390271 0.005101 0.432495
0 0 0.660798 0.131306 0.037853 0.000593 0.169450
0 0 0.483047 0.350455 0.033135 0.000142 0.133222
1 1 0.269074 0.579771 0.056552 0.000258 0.094345
1 1 0.023271 0.623156 0.224784 0.000385 0.128405
1 1 0.025477 0.823656 0.095435 0.000010 0.055422
1 1 0.006390 0.664132 0.219659 0.000028 0.109791
1 1 0.009210 0.663361 0.195233 0.000097 0.132100
1 2 0.003692 0.643858 0.254635 0.000048 0.097766
4 1 0.192380 0.351987 0.095946 0.000345 0.359341
1 1 0.419035 0.438832 0.035068 0.000062 0.107003
1 1 0.291222 0.456549 0.072690 0.000144 0.179396
1 1 0.151902 0.753491 0.014566 0.000003 0.080037
1 1 0.242537 0.618335 0.029380 0.000015 0.109734
1 1 0.004604 0.787855 0.072060 0.000004 0.135477
1 1 0.010572 0.784838 0.063736 0.000001 0.140853
1 2 0.001236 0.543675 0.234757 0.000034 0.220298
2 2 0.000359 0.321153 0.462513 0.000116 0.215859
1 2 0.001116 0.463676 0.309869 0.000008 0.225331
2 2 0.000113 0.101138 0.885462 0.000473 0.012815
2 2 0.004400 0.247250 0.720785 0.001707 0.025857
2 2 0.000131 0.086996 0.897106 0.001116 0.014651
2 2 0.000028 0.055773 0.928544 0.000604 0.015051
2 2 0.000037 0.046263 0.947975 0.000022 0.005704
2 2 0.000043 0.041494 0.953642 0.000023 0.004799
2 2 0.000031 0.079522 0.912979 0.000017 0.007451
2 2 0.000008 0.037188 0.958017 0.000012 0.004775
2 2 0.000042 0.055488 0.936232 0.000006 0.008232
2 2 0.000017 0.041691 0.949386 0.000021 0.008886
2 2 0.000055 0.087811 0.895734 0.000112 0.016288
2 2 0.000033 0.088583 0.900714 0.000167 0.010504
2 2 0.000165 0.160407 0.807636 0.000422 0.031370
2 2 0.000074 0.150115 0.838474 0.000035 0.011302
2 2 0.000118 0.116407 0.865004 0.000470 0.018001
2 2 0.000077 0.055736 0.930319 0.002239 0.011628
2 2 0.000029 0.038337 0.956092 0.000250 0.005293
2 2 0.000055 0.046097 0.950987 0.000385 0.002477
2 2 0.000057 0.040031 0.957167 0.000553 0.002191
2 2 0.000148 0.052421 0.940844 0.001686 0.004901
2 2 0.000172 0.051968 0.942230 0.001568 0.004062
2 2 0.000039 0.036409 0.960152 0.000682 0.002718
2 2 0.000161 0.045763 0.947012 0.002583 0.004481
2 2 0.000157 0.051483 0.943601 0.001228 0.003531
2 2 0.000072 0.041779 0.954791 0.000758 0.002600
2 2 0.000208 0.036656 0.954244 0.005279 0.003613
2 2 0.000106 0.044456 0.946009 0.003013 0.006417
2 2 0.000189 0.045331 0.945774 0.003665 0.005041
2 2 0.000142 0.039857 0.953096 0.003007 0.003898
2 2 0.000516 0.056960 0.924294 0.009494 0.008736
2 2 0.000335 0.068408 0.922436 0.002266 0.006555
2 2 0.000676 0.070591 0.920121 0.003193 0.005419
2 2 0.000179 0.077298 0.910944 0.001419 0.010159
2 2 0.000146 0.069954 0.920311 0.000518 0.009071
2 2 0.000084 0.051621 0.943740 0.000725 0.003829
2 2 0.000917 0.055360 0.921506 0.014818 0.007399
2 2 0.000297 0.027997 0.953342 0.016673 0.001691
2 2 0.000664 0.051918 0.935492 0.007278 0.004648
2 2 0.000300 0.053368 0.931724 0.006385 0.008223
2 2 0.000195 0.014861 0.974816 0.009067 0.001061
2 2 0.001497 0.036665 0.898018 0.060614 0.003206
2 2 0.001315 0.062069 0.894050 0.032307 0.010260
2 2 0.000834 0.042927 0.908762 0.042322 0.005155
2 2 0.001551 0.052034 0.889491 0.049912 0.007011
2 2 0.000786 0.024050 0.942594 0.030849 0.001720
2 2 0.005111 0.119736 0.789275 0.047455 0.038423
2 2 0.001489 0.045562 0.881837 0.065587 0.005525
2 0 0.131629 0.291318 0.521474 0.035096 0.020483
2 1 0.005451 0.103392 0.831489 0.038429 0.021239
2 2 0.000837 0.022221 0.924373 0.047626 0.004944
2 2 0.000454 0.039170 0.944734 0.000948 0.014694
2 2 0.000392 0.063257 0.921327 0.005605 0.009418
2 2 0.000210 0.070929 0.923411 0.000793 0.004657
2 2 0.000121 0.055472 0.936443 0.001605 0.006358
2 2 0.000282 0.078600 0.913935 0.001074 0.006109
2 2 0.002587 0.062259 0.889285 0.037258 0.008611
2 2 0.001338 0.048266 0.890010 0.054136 0.006251
2 2 0.003135 0.052418 0.849974 0.087810 0.006663
2 2 0.002710 0.048449 0.897735 0.046672 0.004434
2 0 0.300808 0.170138 0.489471 0.016239 0.023343
0 0 0.941395 0.017415 0.001107 0.000000 0.040083
0 0 0.980849 0.002226 0.000125 0.000000 0.016801
0 0 0.981254 0.001618 0.000090 0.000000 0.017038
0 0 0.966184 0.004612 0.000341 0.000000 0.028862
0 0 0.978695 0.001563 0.000158 0.000000 0.019584
0 0 0.917466 0.034758 0.010257 0.000104 0.037415
0 0 0.929595 0.020650 0.012572 0.000319 0.036865
0 0 0.927443 0.022879 0.007992 0.000077 0.041609
0 0 0.810073 0.102371 0.016697 0.000104 0.070755
0 0 0.933234 0.023414 0.014783 0.000490 0.028079
0 0 0.561933 0.075172 0.020523 0.000099 0.342273
0 0 0.739796 0.091970 0.011300 0.000023 0.156911
0 0 0.537248 0.324513 0.004567 0.000000 0.133670
1 1 0.283132 0.588540 0.004554 0.000000 0.123774
1 1 0.272134 0.573210 0.005530 0.000000 0.149125
1 1 0.143621 0.494629 0.088657 0.000004 0.273089
1 1 0.066027 0.888961 0.010884 0.000000 0.034128
1 1 0.071939 0.858591 0.016551 0.000000 0.052918
1 1 0.110155 0.797411 0.021567 0.000000 0.070867
1 1 0.078711 0.829344 0.016226 0.000000 0.075718
1 1 0.007434 0.749834 0.167441 0.000018 0.075273
1 1 0.003208 0.587087 0.308406 0.000044 0.101255
1 2 0.001625 0.527391 0.310792 0.000115 0.160077
2 2 0.000589 0.361189 0.481818 0.000330 0.156074
1 2 0.001151 0.428378 0.362695 0.000311 0.207465
2 2 0.000053 0.057714 0.934229 0.000726 0.007278
2 2 0.000013 0.044039 0.931290 0.000200 0.024458
2 2 0.000013 0.035648 0.958128 0.000634 0.005577
2 2 0.000043 0.046598 0.940961 0.001080 0.011318
2 2 0.000042 0.050291 0.938688 0.001348 0.009632
2 2 0.000026 0.023866 0.974760 0.000220 0.001128
2 2 0.000002 0.002791 0.996466 0.000046 0.000695
2 2 0.000025 0.026373 0.971503 0.000598 0.001500
2 2 0.000029 0.025283 0.969592 0.000103 0.004993
2 2 0.000004 0.007679 0.990012 0.000012 0.002294
2 2 0.000007 0.003432 0.995800 0.000552 0.000209
2 2 0.000024 0.014033 0.983140 0.001682 0.001121
2 2 0.000020 0.010597 0.987651 0.000150 0.001581
2 2 0.000035 0.023076 0.975024 0.000450 0.001415
2 2 0.000035 0.030291 0.967503 0.000505 0.001665
2 2 0.000015 0.004499 0.994302 0.000831 0.000353
2 2 0.000004 0.001204 0.996117 0.002663 0.000012
2 2 0.000015 0.001764 0.997673 0.000397 0.000151
2 2 0.000003 0.002221 0.994541 0.003217 0.000017
2 2 0.000019 0.001829 0.996113 0.001926 0.000113
2 2 0.000003 0.002490 0.997262 0.000180 0.000065
2 2 0.000024 0.012334 0.986480 0.000555 0.000607
2 2 0.000012 0.006336 0.992618 0.000907 0.000128
2 2 0.000005 0.007413 0.991875 0.000494 0.000213
2 2 0.000019 0.007754 0.991690 0.000327 0.000209
2 2 0.000222 0.032608 0.955392 0.005449 0.006329
2 2 0.000386 0.020824 0.968092 0.006405 0.004294
2 2 0.031125 0.132912 0.787169 0.003184 0.045611
2 1 0.039162 0.298468 0.628467 0.006782 0.027121
2 2 0.006493 0.146346 0.814436 0.012799 0.019926
2 2 0.000317 0.057906 0.932340 0.000396 0.009042
2 2 0.000377 0.055832 0.930599 0.001262 0.011930
2 2 0.001836 0.079912 0.878934 0.001279 0.038039
2 2 0.003583 0.132241 0.839220 0.008228 0.016728
2 2 0.000162 0.054807 0.930839 0.004284 0.009908
2 2 0.000012 0.021797 0.975581 0.000024 0.002586
2 2 0.000005 0.011906 0.986344 0.000151 0.001593
2 2 0.000007 0.006653 0.991300 0.000141 0.001898
2 2 0.000010 0.006154 0.992298 0.000117 0.001421
2 2 0.000212 0.055718 0.941016 0.000312 0.002741
2 2 0.000011 0.010006 0.987417 0.000146 0.002421
2 2 0.000006 0.008136 0.990562 0.000775 0.000520
2 2 0.000019 0.008227 0.989758 0.000134 0.001862
2 2 0.000009 0.001879 0.997425 0.000128 0.000559
2 2 0.000018 0.008437 0.989638 0.001394 0.000513
2 2 0.000012 0.010016 0.987982 0.000430 0.001560
2 2 0.000024 0.017059 0.981326 0.000090 0.001502
2 2 0.000010 0.017503 0.981715 0.000086 0.000685
2 2 0.000006 0.008679 0.990212 0.000059 0.001045
2 2 0.000033 0.023404 0.972086 0.000186 0.004292
2 2 0.000014 0.003124 0.995350 0.001300 0.000212
2 2 0.000014 0.001770 0.996943 0.001151 0.000123
2 2 0.000025 0.018626 0.977714 0.001849 0.001786
2 2 0.000072 0.008972 0.984989 0.005568 0.000399
2 2 0.000070 0.019358 0.975722 0.001551 0.003299
2 2 0.000051 0.010948 0.984791 0.003177 0.001033
2 2 0.000074 0.010878 0.986564 0.001814 0.000670
2 2 0.000037 0.008016 0.989515 0.001442 0.000990
2 2 0.000040 0.011344 0.984815 0.002748 0.001054
2 2 0.000022 0.008231 0.983393 0.008069 0.000285
2 2 0.000048 0.002134 0.949168 0.048587 0.000064
2 2 0.000041 0.002780 0.973494 0.023568 0.000116
2 2 0.000087 0.003995 0.963105 0.032660 0.000153
2 2 0.000074 0.006110 0.963506 0.029922 0.000388
2 2 0.000185 0.005797 0.967407 0.026300 0.000311
2 2 0.000223 0.006691 0.749123 0.243786 0.000177
2 2 0.000174 0.004095 0.744169 0.251461 0.000100
2 2 0.000342 0.012737 0.735820 0.250393 0.000708
2 2 0.000314 0.006568 0.853429 0.139281 0.000408
2 3 0.000107 0.000978 0.729809 0.269095 0.000012
2 3 0.000709 0.008431 0.713211 0.277273 0.000376
2 3 0.000687 0.008276 0.638076 0.352700 0.000261
2 3 0.001539 0.007209 0.633906 0.356949 0.000396
2 3 0.000742 0.006949 0.541429 0.450496 0.000384
2 3 0.000954 0.007470 0.656170 0.335128 0.000278
3 3 0.001089 0.004827 0.421669 0.572185 0.000229
3 3 0.001033 0.005784 0.446143 0.546760 0.000281
3 3 0.001112 0.008950 0.423057 0.566402 0.000479
3 3 0.002576 0.012044 0.381486 0.603055 0.000839
3 3 0.000582 0.004704 0.429628 0.564957 0.000129
3 3 0.001078 0.005976 0.375083 0.617643 0.000221
3 3 0.001421 0.006445 0.371531 0.620308 0.000296
3 3 0.000692 0.004331 0.411862 0.583009 0.000106
3 3 0.001208 0.005215 0.312863 0.680517 0.000196
3 3 0.000579 0.002838 0.268115 0.728395 0.000073
3 3 0.002341 0.010525 0.387731 0.598745 0.000658
3 3 0.007350 0.021809 0.275172 0.692027 0.003643
3 3 0.003804 0.019012 0.367365 0.607564 0.002254
3 3 0.003092 0.011759 0.301738 0.682398 0.001013
3 3 0.008035 0.031656 0.376850 0.577838 0.005622
3 3 0.007198 0.026573 0.342142 0.619691 0.004396
3 3 0.003981 0.012222 0.301139 0.681652 0.001005
3 3 0.008450 0.031794 0.360982 0.592863 0.005911
3 3 0.006006 0.019384 0.291356 0.680506 0.002747
3 3 0.007841 0.024959 0.296461 0.666295 0.004444
3 3 0.002375 0.006605 0.209098 0.781467 0.000455
3 3 0.002947 0.009321 0.283592 0.703492 0.000648
3 3 0.001282 0.003737 0.186850 0.807962 0.000169
3 3 0.003265 0.010253 0.254281 0.731302 0.000898
3 3 0.001404 0.005174 0.288352 0.704900 0.000169
3 3 0.005208 0.010787 0.157166 0.825256 0.001583
3 3 0.003353 0.009807 0.222018 0.763870 0.000951
3 3 0.005094 0.011167 0.183957 0.798358 0.001424
3 3 0.005046 0.011828 0.185252 0.796256 0.001618
3 3 0.003787 0.009602 0.203717 0.781923 0.000970
2 3 0.007221 0.085737 0.790124 0.091058 0.025860
2 2 0.022951 0.107467 0.748349 0.112501 0.008731
2 2 0.116807 0.313252 0.505726 0.033880 0.030336
2 2 0.015567 0.140759 0.737578 0.069063 0.037032
2 2 0.001128 0.048024 0.876184 0.067752 0.006913
2 2 0.002304 0.261889 0.442147 0.007250 0.286410
4 4 0.002391 0.239149 0.303950 0.000787 0.453722
4 4 0.002401 0.291485 0.308818 0.004038 0.393257
4 4 0.003473 0.296903 0.306623 0.005332 0.387670
4 4 0.015658 0.273730 0.216707 0.000500 0.493405
4 4 0.003378 0.275188 0.071152 0.000021 0.650261
4 4 0.091243 0.377219 0.054770 0.000023 0.476745
4 4 0.002179 0.260947 0.098545 0.000036 0.638292
4 4 0.003229 0.173457 0.109582 0.000159 0.713574
4 4 0.004013 0.322659 0.078001 0.000025 0.595302
4 4 0.002630 0.058841 0.004744 0.000001 0.933784
4 4 0.004430 0.041061 0.004006 0.000001 0.950502
4 4 0.006512 0.072814 0.003993 0.000000 0.916680
4 4 0.006279 0.007593 0.002303 0.000001 0.983824
4 4 0.006579 0.025847 0.003049 0.000001 0.964525
4 4 0.000753 0.162183 0.131347 0.000039 0.705678
4 4 0.001871 0.159935 0.086222 0.000009 0.751963
4 4 0.000558 0.074937 0.121878 0.000116 0.802511
4 4 0.000502 0.148463 0.140605 0.000098 0.710332
4 4 0.002500 0.106217 0.102330 0.000025 0.788929
4 4 0.032176 0.309078 0.028389 0.000003 0.630354
4 4 0.001436 0.224282 0.070732 0.000006 0.703544
4 4 0.003789 0.215557 0.041271 0.000004 0.739380
4 4 0.003369 0.089606 0.027934 0.000014 0.879078
4 4 0.008006 0.257299 0.029975 0.000001 0.704720
4 4 0.006985 0.008980 0.002344 0.000001 0.981690
4 4 0.007860 0.005925 0.001996 0.000001 0.984218
4 4 0.004378 0.071928 0.003821 0.000000 0.919872
4 4 0.002686 0.032941 0.003229 0.000001 0.961142
4 4 0.007685 0.043376 0.004681 0.000001 0.944256
4 4 0.007253 0.060724 0.004867 0.000001 0.927156
4 4 0.001862 0.054215 0.008003 0.000005 0.935915
4 4 0.005018 0.014077 0.003117 0.000001 0.977787
4 4 0.004326 0.009695 0.003462 0.000003 0.982514
4 4 0.002556 0.060754 0.005546 0.000001 0.931142
4 4 0.005700 0.090517 0.034856 0.000023 0.868905
4 4 0.032871 0.260705 0.021318 0.000008 0.685098
4 4 0.009545 0.166104 0.028370 0.000002 0.795978
4 4 0.003693 0.312622 0.042970 0.000018 0.640697
4 4 0.006301 0.110462 0.024135 0.000012 0.859089
4 4 0.004635 0.052737 0.037135 0.000107 0.905386
4 4 0.005078 0.097472 0.053629 0.000087 0.843733
4 4 0.009602 0.106053 0.015813 0.000015 0.868517
4 4 0.007751 0.136522 0.019617 0.000025 0.836084
4 4 0.005535 0.195142 0.048732 0.000059 0.750533
4 4 0.007781 0.011515 0.002009 0.000000 0.978695
4 4 0.005651 0.047936 0.002846 0.000000 0.943567
4 4 0.006175 0.008072 0.001370 0.000000 0.984382
4 4 0.003982 0.012093 0.002341 0.000001 0.981584
4 4 0.008070 0.035936 0.001471 0.000000 0.954523
4 4 0.005780 0.053810 0.006645 0.000003 0.933762
4 4 0.005081 0.008218 0.006100 0.000018 0.980583
4 4 0.004333 0.012118 0.008064 0.000027 0.975459
4 4 0.005236 0.092334 0.011243 0.000007 0.891180
4 4 0.003597 0.037611 0.004850 0.000001 0.953941
4 4 0.061214 0.232636 0.075156 0.000008 0.630986
4 1 0.019666 0.234221 0.069224 0.000031 0.676858
4 4 0.004387 0.287716 0.080951 0.000058 0.626888
4 4 0.007087 0.347473 0.056078 0.000047 0.589315
4 4 0.009431 0.143155 0.054133 0.000111 0.793171
4 4 0.001646 0.039601 0.031278 0.000016 0.927459
4 4 0.002762 0.093076 0.019777 0.000004 0.884382
4 4 0.001899 0.097609 0.030020 0.000005 0.870466
4 4 0.001707 0.049762 0.018116 0.000009 0.930406
4 4 0.001675 0.141249 0.031377 0.000006 0.825693
4 4 0.003136 0.267457 0.062100 0.000007 0.667301
4 4 0.001178 0.216139 0.105579 0.000015 0.677089
4 4 0.002502 0.145610 0.079460 0.000007 0.772421
4 4 0.001743 0.165314 0.070934 0.000011 0.761999
4 4 0.010128 0.217261 0.071208 0.000013 0.701390
4 4 0.001772 0.297356 0.120304 0.000116 0.580452
4 4 0.002034 0.269728 0.121900 0.000184 0.606154
4 4 0.004400 0.310075 0.112726 0.000084 0.572715
4 4 0.005609 0.222384 0.073476 0.000094 0.698438
4 1 0.158518 0.294764 0.071076 0.000113 0.475529
4 1 0.000530 0.179389 0.267667 0.000196 0.552219
4 1 0.000331 0.189725 0.364978 0.000318 0.444649
4 1 0.000650 0.227530 0.306993 0.000309 0.464518
4 4 0.000461 0.206112 0.336059 0.000892 0.456476
4 4 0.000742 0.239908 0.301010 0.000220 0.458120
4 4 0.001011 0.087019 0.070682 0.000042 0.841246
4 4 0.002006 0.213865 0.079063 0.000032 0.705035
4 4 0.001634 0.108489 0.055636 0.000022 0.834219
4 4 0.001521 0.196037 0.094981 0.000023 0.707437
4 4 0.005121 0.165952 0.123296 0.000025 0.705606
4 4 0.000100 0.104891 0.212578 0.000026 0.682404
4 4 0.000230 0.121753 0.160551 0.000018 0.717447
4 4 0.000340 0.083321 0.103608 0.000007 0.812724
4 4 0.000377 0.173540 0.153932 0.000014 0.672137
4 4 0.000205 0.093522 0.141429 0.000008 0.764835
4 4 0.000134 0.244637 0.290695 0.000067 0.464466
4 4 0.000207 0.145461 0.176139 0.000013 0.678180
4 4 0.000182 0.134554 0.163877 0.000013 0.701374
4 4 0.000326 0.218667 0.199859 0.000011 0.581136
4 4 0.000455 0.132918 0.125415 0.000002 0.741210
4 4 0.000829 0.093101 0.114774 0.000013 0.791283
4 4 0.000333 0.157617 0.190055 0.000021 0.651973
4 4 0.000449 0.190463 0.184151 0.000020 0.624917
4 4 0.000304 0.111621 0.129941 0.000009 0.758124
4 4 0.000438 0.117678 0.127231 0.000008 0.754645
4 4 0.001073 0.032952 0.011882 0.000029 0.954063
4 4 0.003123 0.005218 0.003936 0.000008 0.987716
4 4 0.001551 0.018789 0.006703 0.000009 0.972948
4 4 0.001304 0.013841 0.008960 0.000033 0.975862
4 4 0.001533 0.017780 0.011979 0.000060 0.968648
4 4 0.008702 0.010371 0.002846 0.000001 0.978079
4 4 0.016840 0.023684 0.002708 0.000000 0.956768
4 4 0.084987 0.025856 0.003961 0.000001 0.885194
4 4 0.021814 0.074658 0.012008 0.000010 0.891511
4 4 0.005445 0.096829 0.009230 0.000004 0.888493
4 4 0.001287 0.098857 0.089549 0.000007 0.810299
4 4 0.001404 0.124347 0.067179 0.000022 0.807049
4 4 0.001496 0.218331 0.079405 0.000031 0.700736
4 4 0.000831 0.149543 0.091656 0.000028 0.757943
4 4 0.001335 0.273232 0.090691 0.000009 0.634733
4 4 0.001305 0.125238 0.209885 0.000191 0.663381
4 4 0.004585 0.193337 0.200009 0.000036 0.602033
4 4 0.001309 0.231315 0.244438 0.000310 0.522628
4 4 0.000884 0.182429 0.277512 0.000308 0.538867
4 4 0.000218 0.186479 0.403437 0.002182 0.407684
2 4 0.000179 0.173707 0.459913 0.001272 0.364929
2 4 0.000190 0.187674 0.446466 0.002476 0.363193
4 4 0.000204 0.170858 0.408906 0.000935 0.419097
4 2 0.000340 0.188751 0.380531 0.000596 0.429783
2 2 0.000170 0.159782 0.441096 0.001452 0.397499
4 2 0.000851 0.201751 0.325314 0.006652 0.465432
2 2 0.003094 0.110883 0.444748 0.010682 0.430593
4 2 0.000763 0.199315 0.351781 0.007947 0.440195
4 2 0.001057 0.160822 0.350649 0.007065 0.480406
4 2 0.001637 0.111425 0.379456 0.004189 0.503292
2 2 0.000313 0.127665 0.728818 0.006720 0.136484
2 2 0.000165 0.050322 0.864730 0.002593 0.082191
2 2 0.000126 0.089218 0.831807 0.006829 0.072020
2 2 0.000397 0.160715 0.621483 0.003839 0.213566
2 2 0.000215 0.154019 0.698631 0.004372 0.142762
2 2 0.000236 0.136487 0.767310 0.003987 0.091980
2 2 0.000153 0.057653 0.880904 0.002582 0.058708
2 2 0.000106 0.031730 0.921811 0.001243 0.045110
2 2 0.000078 0.062518 0.901310 0.003097 0.032997
2 2 0.000052 0.059586 0.888664 0.001204 0.050493
2 2 0.000162 0.130738 0.770000 0.004362 0.094737
2 2 0.000063 0.033655 0.940270 0.001925 0.024087
2 2 0.000085 0.080964 0.850596 0.002227 0.066128
2 2 0.000551 0.047582 0.863453 0.001781 0.086635
2 2 0.000102 0.050972 0.898845 0.002183 0.047898
2 2 0.000047 0.021851 0.966652 0.003809 0.007640
2 2 0.000036 0.002041 0.995317 0.000856 0.001750
2 2 0.000046 0.008995 0.985157 0.002010 0.003792
2 2 0.000127 0.039574 0.942970 0.011463 0.005866
2 2 0.000010 0.003040 0.995364 0.000605 0.000982
2 2 0.000666 0.064282 0.879264 0.009628 0.046160
2 2 0.000785 0.121375 0.778385 0.010869 0.088586
2 2 0.000326 0.058055 0.911484 0.009232 0.020904
2 1 0.306518 0.197194 0.372703 0.002737 0.120847
2 2 0.009672 0.249380 0.652910 0.012787 0.075251
2 2 0.000547 0.150667 0.788392 0.003687 0.056706
2 2 0.032699 0.124945 0.676236 0.000292 0.165828
2 2 0.001323 0.133772 0.820526 0.007929 0.036451
2 2 0.000123 0.018398 0.923835 0.000007 0.057637
2 2 0.000066 0.051541 0.901278 0.000243 0.046872
2 2 0.000003 0.021203 0.976709 0.000028 0.002057
2 2 0.000002 0.010318 0.987889 0.000070 0.001721
2 2 0.000007 0.020317 0.977551 0.000431 0.001695
2 2 0.000029 0.027870 0.967114 0.000057 0.004930
2 2 0.000014 0.013952 0.982796 0.000099 0.003139
2 2 0.000029 0.024614 0.963676 0.000136 0.011545
2 2 0.000008 0.018932 0.979238 0.000142 0.001681
2 2 0.000041 0.026833 0.964374 0.000010 0.008742
2 2 0.000018 0.023303 0.974775 0.000255 0.001649
2 2 0.000014 0.019738 0.976870 0.000069 0.003309
2 2 0.000075 0.016978 0.977185 0.003759 0.002004
2 2 0.000392 0.040003 0.947233 0.008403 0.003968
2 2 0.000071 0.007669 0.989734 0.002070 0.000457
2 2 0.000047 0.016697 0.974114 0.008170 0.000971
2 2 0.000050 0.016726 0.979009 0.002734 0.001481
2 2 0.000228 0.008421 0.894684 0.096462 0.000205
2 2 0.000088 0.004122 0.946276 0.049390 0.000124
2 2 0.000203 0.010072 0.941972 0.047138 0.000615
2 2 0.000169 0.006132 0.890488 0.103054 0.000156
2 2 0.000462 0.002363 0.934351 0.062700 0.000124
2 2 0.000117 0.006644 0.962653 0.030217 0.000368
2 2 0.000079 0.006737 0.957113 0.035922 0.000150
2 2 0.000043 0.007983 0.970943 0.020694 0.000337
2 2 0.000032 0.000942 0.954143 0.044852 0.000031
2 2 0.000210 0.002722 0.976171 0.020637 0.000260
2 2 0.000117 0.001718 0.804329 0.193821 0.000015
2 2 0.000226 0.004613 0.807118 0.187979 0.000064
2 2 0.000138 0.003026 0.797939 0.198859 0.000039
2 2 0.000132 0.003424 0.813557 0.182843 0.000043
2 2 0.000149 0.003013 0.801038 0.195732 0.000068
2 2 0.000368 0.003915 0.701339 0.294274 0.000103
2 2 0.000202 0.003716 0.693584 0.302432 0.000068
2 2 0.000367 0.005381 0.654209 0.339930 0.000113
2 2 0.000179 0.003187 0.657849 0.338739 0.000047
2 2 0.000303 0.001699 0.621586 0.376388 0.000024
3 2 0.000191 0.002021 0.467562 0.530203 0.000023
2 2 0.000172 0.002032 0.550421 0.447346 0.000030
2 2 0.000264 0.001216 0.601272 0.397225 0.000023
3 2 0.000122 0.000527 0.387987 0.611359 0.000005
3 2 0.000070 0.000353 0.435202 0.564373 0.000002
3 2 0.001726 0.003026 0.476574 0.518533 0.000141
3 2 0.001140 0.007788 0.473405 0.517219 0.000449
3 3 0.000859 0.003746 0.343906 0.651354 0.000135
3 3 0.000817 0.005539 0.366302 0.627133 0.000208
3 3 0.001649 0.007424 0.440260 0.550223 0.000444
2 3 0.000415 0.006063 0.683068 0.310321 0.000134
2 2 0.000230 0.001137 0.656132 0.342473 0.000027
2 2 0.000286 0.001628 0.754434 0.243584 0.000068
2 2 0.000365 0.002367 0.763997 0.233169 0.000101
2 2 0.000317 0.002558 0.644904 0.352158 0.000062
2 2 0.000936 0.002835 0.504951 0.491165 0.000113
