1 0 0.249005 0.549342 0.148168 0.000159 0.053326
1 0 0.319846 0.426848 0.123220 0.001286 0.128800
1 1 0.152772 0.573333 0.208594 0.000413 0.064889
1 1 0.124917 0.575725 0.236549 0.000638 0.062172
1 2 0.171675 0.580139 0.193685 0.000291 0.054209
1 2 0.151188 0.531040 0.227431 0.001616 0.088726
1 2 0.043427 0.467989 0.409326 0.001424 0.077834
2 2 0.158286 0.247818 0.446960 0.005916 0.141020
1 2 0.187480 0.459511 0.193838 0.003234 0.155937
2 2 0.024040 0.228443 0.653200 0.003332 0.090984
2 2 0.204364 0.306442 0.461009 0.001844 0.026341
2 2 0.019389 0.197410 0.773748 0.000742 0.008711
2 2 0.099070 0.417094 0.472747 0.000225 0.010864
2 2 0.037357 0.228927 0.723262 0.001285 0.009170
2 2 0.068130 0.254144 0.665676 0.001753 0.010297
2 2 0.095074 0.239154 0.649851 0.007302 0.008618
2 2 0.058750 0.248480 0.675508 0.006945 0.010317
2 2 0.018531 0.082413 0.882081 0.013129 0.003846
2 2 0.097099 0.200936 0.677672 0.011049 0.013244
2 2 0.042019 0.150596 0.781095 0.018225 0.008065
2 2 0.016749 0.046110 0.849828 0.085443 0.001869
2 2 0.033659 0.069252 0.807698 0.085973 0.003418
2 2 0.008491 0.029559 0.825601 0.134854 0.001494
2 2 0.023764 0.059823 0.790137 0.122547 0.003728
2 2 0.008146 0.035001 0.790488 0.162886 0.003479
2 2 0.017920 0.028806 0.579298 0.371764 0.002211
2 2 0.063614 0.073994 0.549183 0.304538 0.008671
2 2 0.012780 0.023237 0.560227 0.402175 0.001581
2 3 0.009146 0.014367 0.534064 0.441538 0.000884
3 3 0.010041 0.019509 0.459622 0.508729 0.002098
3 3 0.007693 0.016846 0.376611 0.596535 0.002314
3 3 0.005811 0.015132 0.291712 0.683711 0.003634
3 3 0.004676 0.010650 0.288873 0.693366 0.002435
3 3 0.002190 0.009502 0.296528 0.689721 0.002059
3 3 0.006331 0.015349 0.305004 0.670032 0.003284
3 3 0.002529 0.004269 0.243873 0.749097 0.000232
3 3 0.011989 0.008172 0.189495 0.790009 0.000335
3 3 0.002860 0.005551 0.177889 0.813254 0.000445
3 3 0.017469 0.006839 0.145513 0.829911 0.000269
3 3 0.005192 0.004497 0.187814 0.802319 0.000179
3 3 0.007947 0.012954 0.169748 0.806409 0.002942
3 3 0.006058 0.006151 0.109592 0.877276 0.000923
3 3 0.002722 0.003809 0.102058 0.890675 0.000736
3 3 0.001903 0.003378 0.082547 0.911255 0.000918
3 3 0.006501 0.008627 0.090569 0.891334 0.002969
3 3 0.012814 0.008463 0.072330 0.903598 0.002795
3 3 0.007368 0.009811 0.104866 0.875413 0.002541
3 3 0.006471 0.007426 0.063350 0.920072 0.002681
3 3 0.003338 0.004256 0.053093 0.937822 0.001490
3 3 0.001267 0.001553 0.052757 0.944055 0.000367
3 3 0.000944 0.002028 0.033148 0.962847 0.001033
3 3 0.005194 0.005248 0.054566 0.932816 0.002176
3 3 0.002142 0.002346 0.038019 0.956279 0.001214
3 3 0.001457 0.002257 0.029556 0.965253 0.001477
3 3 0.001536 0.003347 0.040427 0.953236 0.001455
3 3 0.014455 0.011462 0.071699 0.895918 0.006465
3 3 0.008269 0.009531 0.079166 0.896866 0.006168
3 3 0.005868 0.006511 0.047642 0.934258 0.005721
3 3 0.029321 0.019769 0.086478 0.852085 0.012347
3 3 0.015303 0.008331 0.092625 0.880589 0.003151
2 2 0.336863 0.097049 0.379714 0.169523 0.016851
0 2 0.718046 0.164717 0.070581 0.004375 0.042281
2 2 0.244912 0.352250 0.352732 0.018877 0.031228
0 2 0.406852 0.329460 0.211689 0.014041 0.037958
1 2 0.246213 0.376868 0.343317 0.010097 0.023505
1 2 0.180753 0.571295 0.231549 0.000303 0.016101
1 2 0.096727 0.547024 0.343647 0.000129 0.012472
1 2 0.144003 0.560628 0.282414 0.000050 0.012905
1 2 0.275083 0.466475 0.248510 0.000051 0.009882
1 2 0.080722 0.675686 0.230080 0.000020 0.013491
1 2 0.097788 0.545017 0.348607 0.000028 0.008561
1 2 0.143771 0.528395 0.322345 0.000111 0.005377
1 2 0.081735 0.511457 0.401244 0.000026 0.005538
1 2 0.075943 0.462538 0.456613 0.000051 0.004855
1 2 0.080767 0.498217 0.416162 0.000044 0.004811
2 2 0.078255 0.316930 0.599984 0.001294 0.003537
2 2 0.051453 0.319231 0.623056 0.001173 0.005088
2 2 0.093460 0.397115 0.503513 0.001046 0.004865
2 2 0.093441 0.376325 0.524158 0.001587 0.004489
2 2 0.071263 0.302655 0.617228 0.002880 0.005975
2 2 0.096012 0.186578 0.687326 0.025443 0.004640
2 2 0.140988 0.250366 0.578506 0.024480 0.005661
2 2 0.089768 0.148652 0.707506 0.052021 0.002052
2 2 0.113937 0.216467 0.638026 0.027497 0.004072
2 2 0.126889 0.207824 0.637840 0.023099 0.004349
2 2 0.151569 0.131538 0.584773 0.126647 0.005473
2 2 0.142341 0.248074 0.524396 0.073563 0.011626
2 2 0.165550 0.144859 0.568409 0.116037 0.005145
2 2 0.159618 0.174925 0.545734 0.113713 0.006009
2 2 0.163856 0.129893 0.563941 0.137937 0.004373
2 2 0.141128 0.079714 0.414649 0.361303 0.003206
2 2 0.039672 0.031696 0.543245 0.384624 0.000763
2 2 0.060390 0.037363 0.471591 0.429698 0.000958
3 2 0.116058 0.052053 0.390992 0.439439 0.001458
3 2 0.062213 0.027138 0.345072 0.564788 0.000789
2 2 0.089435 0.061958 0.450940 0.395178 0.002489
2 2 0.065003 0.037031 0.460008 0.436685 0.001273
3 2 0.045335 0.027045 0.368232 0.558366 0.001022
3 2 0.018922 0.014611 0.386171 0.579742 0.000554
3 2 0.159483 0.086175 0.272224 0.476613 0.005505
2 2 0.221445 0.114458 0.490942 0.164459 0.008695
2 2 0.327379 0.130915 0.358097 0.170053 0.013556
2 2 0.336503 0.178184 0.381817 0.075274 0.028221
0 2 0.477222 0.358842 0.128415 0.003875 0.031645
2 2 0.307183 0.303869 0.329380 0.036962 0.022606
1 2 0.088877 0.457536 0.435447 0.001937 0.016202
2 2 0.118857 0.382183 0.484618 0.000948 0.013394
2 2 0.202611 0.382416 0.396523 0.001940 0.016510
2 2 0.060663 0.307276 0.614326 0.002295 0.015441
2 2 0.098805 0.379998 0.508555 0.001695 0.010947
2 2 0.030228 0.219945 0.746742 0.000105 0.002980
2 2 0.017810 0.199036 0.779784 0.000104 0.003266
2 2 0.019477 0.209288 0.767866 0.000068 0.003301
2 2 0.027682 0.195296 0.775094 0.000204 0.001724
2 2 0.015569 0.148866 0.832665 0.000521 0.002378
2 2 0.005692 0.037633 0.924358 0.031228 0.001089
2 2 0.004606 0.054564 0.908511 0.030221 0.002097
2 2 0.015963 0.058944 0.892017 0.031334 0.001742
2 2 0.012534 0.076807 0.855882 0.051027 0.003750
2 2 0.016448 0.042081 0.859071 0.081319 0.001081
2 2 0.103381 0.144302 0.644114 0.098300 0.009902
2 2 0.055846 0.112538 0.704899 0.116163 0.010553
2 2 0.054378 0.125449 0.689061 0.119910 0.011202
2 3 0.044955 0.065499 0.744347 0.139562 0.005637
2 3 0.071192 0.083073 0.728790 0.111269 0.005677
2 3 0.006819 0.014891 0.540403 0.437002 0.000885
2 3 0.019469 0.029338 0.520239 0.429173 0.001782
2 3 0.004109 0.008173 0.529024 0.458276 0.000418
2 3 0.055954 0.051782 0.519181 0.369796 0.003287
3 3 0.003417 0.007652 0.464581 0.523881 0.000468
2 3 0.034268 0.037490 0.515282 0.410258 0.002702
3 3 0.052047 0.054996 0.411394 0.477274 0.004289
3 3 0.028456 0.036523 0.399251 0.532948 0.002823
3 3 0.044316 0.049626 0.409915 0.492681 0.003462
3 3 0.017284 0.011400 0.315929 0.654549 0.000838
3 3 0.071802 0.057681 0.381958 0.485596 0.002963
3 3 0.039305 0.040614 0.405376 0.512416 0.002289
3 3 0.096772 0.045981 0.407684 0.447271 0.002291
3 3 0.057308 0.044320 0.325392 0.569962 0.003018
3 3 0.016327 0.010798 0.314314 0.657975 0.000586
3 3 0.030138 0.018725 0.175153 0.774028 0.001955
3 3 0.001244 0.001345 0.051304 0.945827 0.000281
3 3 0.022039 0.013115 0.105830 0.856723 0.002293
3 3 0.011463 0.009077 0.117690 0.860635 0.001134
3 3 0.020194 0.012212 0.077225 0.886383 0.003986
3 3 0.003877 0.005306 0.085466 0.903563 0.001787
3 3 0.006175 0.006938 0.123978 0.861375 0.001534
3 3 0.010446 0.008238 0.129195 0.851061 0.001058
3 3 0.021223 0.022935 0.178491 0.770286 0.007064
3 2 0.096594 0.102071 0.351617 0.436754 0.012963
1 2 0.359517 0.513430 0.099417 0.000039 0.027598
1 2 0.400832 0.495617 0.083490 0.000019 0.020041
1 1 0.207755 0.628049 0.139103 0.000018 0.025075
1 1 0.225225 0.611923 0.135717 0.000024 0.027111
1 1 0.207299 0.610808 0.156319 0.000035 0.025539
1 1 0.078985 0.567379 0.335646 0.000578 0.017412
2 2 0.075229 0.417053 0.495092 0.000164 0.012462
2 2 0.105845 0.369760 0.513406 0.000422 0.010568
1 2 0.298824 0.528011 0.136894 0.000230 0.036042
1 2 0.132364 0.594374 0.256909 0.000083 0.016269
1 2 0.350577 0.471577 0.150783 0.000061 0.027002
1 1 0.131152 0.690236 0.159850 0.000006 0.018756
1 1 0.153735 0.672776 0.152935 0.000009 0.020545
1 1 0.143501 0.683802 0.153958 0.000007 0.018733
1 1 0.128405 0.638059 0.213058 0.000012 0.020467
1 2 0.148925 0.646941 0.187391 0.000007 0.016737
1 2 0.080991 0.664589 0.237280 0.000006 0.017134
1 2 0.040449 0.476753 0.459452 0.000097 0.023248
1 2 0.124455 0.486808 0.360906 0.000056 0.027774
1 2 0.126511 0.477031 0.376833 0.000048 0.019576
1 2 0.091590 0.617096 0.196706 0.000101 0.094508
1 2 0.077598 0.537408 0.223662 0.000144 0.161188
1 4 0.138009 0.555883 0.153933 0.000219 0.151956
1 4 0.081844 0.568189 0.206282 0.000325 0.143359
1 4 0.025520 0.466179 0.290836 0.000216 0.217250
4 4 0.009718 0.263461 0.184953 0.000561 0.541307
4 4 0.006306 0.265467 0.135246 0.000220 0.592761
4 4 0.013610 0.191111 0.067768 0.000544 0.726967
4 4 0.012490 0.207252 0.074110 0.000414 0.705733
4 4 0.006617 0.256414 0.153485 0.000130 0.583355
1 4 0.009426 0.422080 0.181248 0.000096 0.387150
2 4 0.006547 0.326902 0.335375 0.000380 0.330796
4 4 0.006615 0.313093 0.191596 0.000380 0.488316
4 4 0.007828 0.333157 0.218444 0.000187 0.440384
1 4 0.008247 0.413795 0.205570 0.000225 0.372163
4 4 0.009598 0.103328 0.033348 0.000722 0.853005
4 4 0.013505 0.115976 0.038494 0.001112 0.830913
4 4 0.011427 0.091166 0.029208 0.001165 0.867034
4 4 0.007689 0.164609 0.055813 0.000252 0.771637
4 4 0.010496 0.166843 0.057410 0.000424 0.764825
4 4 0.005857 0.093007 0.027350 0.000276 0.873510
4 4 0.029203 0.017110 0.002391 0.003209 0.948087
4 4 0.018336 0.016076 0.002622 0.003270 0.959695
4 4 0.023559 0.018886 0.003092 0.003717 0.950745
4 4 0.026562 0.019651 0.002918 0.002800 0.948069
4 4 0.030914 0.304950 0.097755 0.000450 0.565932
4 4 0.025064 0.382875 0.142210 0.000311 0.449540
4 4 0.066642 0.355991 0.096276 0.000483 0.480607
4 4 0.079502 0.287495 0.112066 0.001079 0.519859
4 4 0.040587 0.290047 0.104360 0.001725 0.563281
4 4 0.031097 0.287493 0.278804 0.007793 0.394814
4 4 0.046686 0.248090 0.099164 0.003631 0.602429
4 4 0.236446 0.256327 0.082468 0.002625 0.422134
4 4 0.071874 0.385004 0.145984 0.001548 0.395590
4 4 0.028032 0.307603 0.253006 0.002788 0.408570
4 4 0.016803 0.355004 0.212961 0.002866 0.412366
2 4 0.017880 0.327404 0.378249 0.003040 0.273428
1 4 0.025303 0.396974 0.358270 0.002822 0.216631
2 4 0.010425 0.283101 0.457272 0.003659 0.245543
4 4 0.019461 0.341634 0.232463 0.002028 0.404414
4 4 0.007936 0.045639 0.011726 0.000927 0.933773
4 4 0.012989 0.044812 0.009258 0.000848 0.932094
4 4 0.012511 0.010489 0.001505 0.002209 0.973285
4 4 0.017394 0.015351 0.002481 0.003141 0.961632
4 4 0.008242 0.021936 0.004864 0.001932 0.963026
4 4 0.007418 0.010675 0.001938 0.002480 0.977489
4 4 0.004325 0.011006 0.002569 0.002831 0.979268
4 4 0.006479 0.022984 0.006080 0.002520 0.961937
4 4 0.009852 0.013656 0.002596 0.003074 0.970822
4 4 0.012433 0.014241 0.002523 0.003082 0.967722
4 4 0.016442 0.026365 0.006318 0.005703 0.945173
4 4 0.021905 0.089789 0.021213 0.000953 0.866140
4 4 0.052282 0.021121 0.002671 0.003614 0.920312
4 4 0.026271 0.022531 0.003974 0.004410 0.942814
4 4 0.018008 0.021985 0.004475 0.004606 0.950926
4 4 0.043003 0.083168 0.020859 0.003967 0.849003
4 4 0.013903 0.132589 0.043642 0.000870 0.808996
4 4 0.025375 0.135419 0.053752 0.001804 0.783650
4 4 0.022813 0.044341 0.012368 0.007129 0.913349
4 4 0.014679 0.061686 0.019126 0.003077 0.901430
1 4 0.193632 0.381555 0.099570 0.001296 0.323947
4 1 0.014304 0.363926 0.165533 0.000589 0.455648
4 1 0.010424 0.315212 0.273942 0.000436 0.399986
4 1 0.006737 0.322441 0.290904 0.000300 0.379618
4 2 0.008674 0.347782 0.271988 0.000404 0.371152
2 2 0.001904 0.213760 0.688779 0.000157 0.095400
2 2 0.000829 0.135182 0.787449 0.000297 0.076243
2 2 0.001141 0.157881 0.762480 0.000279 0.078220
2 2 0.001090 0.130969 0.793823 0.000324 0.073794
2 2 0.000813 0.143718 0.769552 0.000211 0.085706
2 2 0.027140 0.221154 0.735199 0.001071 0.015435
2 2 0.020824 0.108385 0.855574 0.000697 0.014521
1 2 0.155785 0.454362 0.369778 0.000268 0.019806
1 2 0.105503 0.577668 0.297995 0.000040 0.018793
2 2 0.053195 0.311866 0.626481 0.000118 0.008340
2 2 0.015627 0.147814 0.832858 0.000264 0.003436
2 2 0.023174 0.198772 0.773457 0.000508 0.004089
2 2 0.049771 0.308429 0.634224 0.000126 0.007449
2 2 0.030415 0.311214 0.649201 0.000364 0.008806
2 2 0.045888 0.319595 0.627293 0.000343 0.006881
2 2 0.020318 0.227351 0.745707 0.000358 0.006266
2 2 0.025624 0.151072 0.820099 0.000371 0.002834
2 2 0.019154 0.174817 0.802720 0.000326 0.002983
2 2 0.008120 0.131093 0.857299 0.000330 0.003158
2 2 0.025673 0.285688 0.679926 0.000578 0.008135
2 2 0.020453 0.154868 0.818339 0.003490 0.002850
2 2 0.034608 0.236616 0.722157 0.001122 0.005497
2 2 0.025513 0.155674 0.814645 0.000975 0.003193
2 2 0.008369 0.080050 0.908451 0.001922 0.001207
2 2 0.017951 0.102102 0.877698 0.001302 0.000947
2 2 0.025114 0.113001 0.846301 0.012786 0.002798
2 2 0.036008 0.190733 0.758742 0.008127 0.006390
2 2 0.058932 0.186032 0.740986 0.009699 0.004350
2 2 0.035756 0.128418 0.811866 0.019719 0.004241
2 2 0.044574 0.092478 0.836847 0.024197 0.001903
2 2 0.022281 0.110383 0.850746 0.013297 0.003292
2 2 0.010674 0.049112 0.916507 0.022976 0.000732
2 2 0.005574 0.023416 0.929094 0.041532 0.000384
2 2 0.036489 0.125673 0.806086 0.028671 0.003081
2 2 0.007693 0.029564 0.913616 0.048498 0.000628
2 2 0.020023 0.043567 0.829520 0.105340 0.001549
2 2 0.016291 0.045313 0.810652 0.125284 0.002461
2 2 0.023773 0.060796 0.779033 0.131790 0.004607
2 2 0.030042 0.078344 0.759086 0.126774 0.005755
2 2 0.009747 0.040307 0.720331 0.226323 0.003292
2 2 0.015005 0.030659 0.658575 0.294591 0.001170
2 2 0.001380 0.005984 0.590323 0.402094 0.000219
2 3 0.002764 0.014746 0.521164 0.460341 0.000985
2 3 0.003155 0.010490 0.600571 0.385471 0.000314
2 3 0.011253 0.024566 0.530660 0.432134 0.001387
3 3 0.013563 0.025033 0.406142 0.552923 0.002338
3 3 0.001555 0.007086 0.329760 0.661047 0.000552
3 3 0.006962 0.016165 0.339580 0.636195 0.001098
3 3 0.003447 0.008107 0.402511 0.585492 0.000444
3 3 0.014556 0.031541 0.276808 0.672570 0.004524
3 3 0.000311 0.001318 0.155867 0.842419 0.000086
3 3 0.010136 0.041302 0.217734 0.721547 0.009282
3 3 0.001551 0.009048 0.148014 0.839119 0.002268
3 3 0.001400 0.006490 0.172960 0.818250 0.000901
3 3 0.002645 0.008681 0.138639 0.847804 0.002231
3 3 0.002193 0.006235 0.067385 0.920910 0.003277
3 3 0.002712 0.006887 0.060168 0.926603 0.003630
3 3 0.000395 0.001640 0.034462 0.962312 0.001190
3 3 0.000511 0.002218 0.042089 0.953609 0.001573
3 3 0.000792 0.003406 0.032854 0.959283 0.003665
3 3 0.000579 0.002101 0.023078 0.971411 0.002830
3 3 0.001192 0.005079 0.048460 0.939690 0.005578
3 3 0.000621 0.003544 0.039635 0.952137 0.004063
3 3 0.000326 0.001587 0.041886 0.954644 0.001557
3 3 0.000533 0.002675 0.025208 0.967149 0.004434
3 3 0.000595 0.002189 0.034137 0.960391 0.002687
3 3 0.000137 0.001538 0.029572 0.966779 0.001974
3 3 0.000017 0.000384 0.027166 0.971904 0.000529
3 3 0.000936 0.004944 0.048051 0.940162 0.005907
3 3 0.000304 0.001733 0.045337 0.950936 0.001690
3 3 0.000213 0.001750 0.024083 0.970481 0.003471
3 3 0.000441 0.002894 0.032066 0.960509 0.004091
3 3 0.000082 0.000868 0.033172 0.964917 0.000961
3 3 0.000148 0.001653 0.037972 0.957849 0.002378
3 3 0.000159 0.001316 0.037716 0.959226 0.001583
3 3 0.000034 0.000447 0.025800 0.973139 0.000580
3 3 0.000069 0.000841 0.033579 0.964427 0.001085
3 3 0.000432 0.003148 0.041173 0.951215 0.004032
3 3 0.000331 0.001801 0.033131 0.962754 0.001982
3 3 0.000512 0.002755 0.039958 0.953972 0.002803
3 3 0.000002 0.000057 0.019988 0.979922 0.000031
3 3 0.000250 0.001843 0.044637 0.951637 0.001632
3 3 0.000350 0.002353 0.037482 0.957012 0.002803
3 3 0.000007 0.000098 0.021707 0.978139 0.000049
3 3 0.000097 0.001125 0.040096 0.957625 0.001056
3 3 0.000217 0.001662 0.036716 0.958837 0.002568
3 3 0.000104 0.001160 0.039346 0.958020 0.001370
3 3 0.000372 0.002844 0.034506 0.957715 0.004563
3 3 0.000513 0.003139 0.051486 0.941526 0.003336
3 3 0.000106 0.001180 0.030011 0.966914 0.001789
3 3 0.000158 0.001444 0.040154 0.956640 0.001603
3 3 0.000132 0.000862 0.030826 0.967339 0.000841
3 3 0.000211 0.001543 0.036629 0.960227 0.001389
3 3 0.000077 0.000516 0.017169 0.981719 0.000520
3 3 0.000370 0.001302 0.025785 0.971192 0.001352
3 3 0.024753 0.017947 0.138960 0.815698 0.002642
3 3 0.046561 0.034223 0.118816 0.792288 0.008112
3 3 0.045844 0.017532 0.096141 0.835488 0.004996
0 0 0.395053 0.155912 0.205116 0.214276 0.029642
2 0 0.241199 0.216724 0.388980 0.115676 0.037421
1 0 0.362273 0.396474 0.093629 0.000897 0.146727
0 0 0.411159 0.345204 0.084144 0.001716 0.157778
1 0 0.294442 0.445991 0.201392 0.000890 0.057285
1 0 0.386147 0.392870 0.114243 0.001641 0.105099
1 1 0.376098 0.435984 0.117213 0.000466 0.070238
1 1 0.131846 0.468780 0.281478 0.001560 0.116336
0 0 0.503557 0.275014 0.060457 0.002290 0.158681
0 0 0.634430 0.247401 0.050791 0.001125 0.066253
0 0 0.435871 0.371573 0.071426 0.000461 0.120668
1 1 0.141595 0.586134 0.204012 0.000218 0.068041
2 1 0.038275 0.342678 0.614326 0.000084 0.004638
2 2 0.030171 0.290517 0.674471 0.000080 0.004761
2 2 0.028671 0.221383 0.746391 0.000114 0.003442
2 2 0.033835 0.384160 0.574752 0.000185 0.007068
2 2 0.018972 0.259484 0.716582 0.000070 0.004893
2 2 0.040355 0.292155 0.660796 0.000751 0.005943
2 2 0.036981 0.296262 0.658942 0.000880 0.006935
2 2 0.018446 0.214166 0.757990 0.001592 0.007806
2 2 0.038852 0.212847 0.741208 0.001658 0.005435
2 2 0.028127 0.222035 0.743277 0.001501 0.005059
2 2 0.028400 0.239350 0.720398 0.001015 0.010837
2 2 0.004507 0.081263 0.910405 0.000981 0.002845
2 2 0.035213 0.382049 0.567726 0.000843 0.014169
2 2 0.037506 0.349630 0.592444 0.000542 0.019879
2 2 0.003433 0.093203 0.890461 0.002495 0.010408
2 2 0.004738 0.110116 0.830449 0.011418 0.043278
2 2 0.007969 0.156182 0.778713 0.005641 0.051494
1 2 0.048031 0.483481 0.439067 0.002585 0.026836
1 2 0.377921 0.385552 0.202905 0.001306 0.032316
1 2 0.178046 0.611143 0.178531 0.000113 0.032167
1 2 0.034969 0.540157 0.415682 0.000022 0.009170
1 2 0.036493 0.518788 0.436288 0.000037 0.008394
2 2 0.034455 0.396306 0.562426 0.000021 0.006793
2 2 0.028832 0.370670 0.590425 0.000076 0.009998
2 2 0.016272 0.185573 0.793315 0.000070 0.004770
2 2 0.003743 0.136396 0.850693 0.000085 0.009083
2 2 0.001045 0.065575 0.917376 0.000670 0.015333
2 2 0.000598 0.049395 0.930369 0.001572 0.018066
2 2 0.001777 0.135195 0.806365 0.003240 0.053422
2 2 0.003715 0.231564 0.729484 0.001004 0.034233
2 2 0.004101 0.182888 0.766092 0.002017 0.044903
2 2 0.003362 0.145161 0.811552 0.002123 0.037803
2 2 0.001423 0.056815 0.929909 0.001094 0.010759
2 2 0.001871 0.097545 0.876424 0.001442 0.022717
2 2 0.002378 0.181203 0.780570 0.003029 0.032820
2 2 0.003157 0.152434 0.797710 0.000861 0.045838
2 2 0.002488 0.141292 0.813872 0.000451 0.041897
2 2 0.002012 0.142696 0.803557 0.000838 0.050897
2 2 0.003710 0.186645 0.757701 0.000812 0.051132
2 2 0.002814 0.213883 0.734966 0.000739 0.047598
2 2 0.001630 0.067250 0.906076 0.008692 0.016352
2 2 0.002657 0.091110 0.875598 0.009058 0.021577
2 2 0.001447 0.071392 0.907125 0.009330 0.010705
2 2 0.003872 0.152358 0.773922 0.010964 0.058884
2 2 0.004568 0.176637 0.752495 0.009338 0.056961
2 2 0.002166 0.039004 0.922820 0.032444 0.003566
2 2 0.001757 0.031777 0.930272 0.033300 0.002893
2 2 0.003028 0.049554 0.875683 0.062746 0.008988
2 2 0.003703 0.056833 0.890077 0.039365 0.010021
2 2 0.001170 0.033567 0.924587 0.036066 0.004609
2 2 0.008629 0.105609 0.808615 0.057009 0.020138
2 2 0.006213 0.082704 0.871602 0.025554 0.013928
2 2 0.003286 0.049968 0.896680 0.044104 0.005961
2 2 0.006264 0.079458 0.862236 0.040193 0.011849
2 2 0.003819 0.071240 0.881621 0.031050 0.012269
2 2 0.002135 0.048848 0.924993 0.019413 0.004612
2 2 0.002285 0.058493 0.908113 0.020061 0.011047
2 2 0.001746 0.045463 0.931653 0.014804 0.006335
2 2 0.001619 0.032787 0.949851 0.012903 0.002839
2 2 0.001950 0.044246 0.924691 0.018529 0.010584
2 2 0.001052 0.023064 0.917459 0.056687 0.001738
2 2 0.000815 0.017944 0.924465 0.055440 0.001336
2 2 0.000970 0.024704 0.925252 0.047418 0.001655
2 2 0.005041 0.092531 0.841168 0.049038 0.012223
2 2 0.004030 0.058830 0.892731 0.037916 0.006493
2 2 0.001764 0.033414 0.870945 0.086841 0.007036
2 2 0.002214 0.038930 0.815010 0.135715 0.008130
2 2 0.001271 0.025651 0.896686 0.073238 0.003154
2 2 0.002387 0.024837 0.860265 0.109115 0.003397
2 2 0.002645 0.064966 0.822637 0.092256 0.017495
2 2 0.017408 0.136066 0.790902 0.040587 0.015037
2 2 0.007800 0.084430 0.847709 0.052372 0.007689
2 2 0.023698 0.150538 0.754020 0.049879 0.021864
2 2 0.017856 0.128907 0.803950 0.034304 0.014984
2 2 0.015787 0.176908 0.769388 0.021080 0.016837
2 2 0.083903 0.280190 0.614369 0.004814 0.016724
2 2 0.119023 0.368663 0.482251 0.006701 0.023362
2 2 0.300031 0.326500 0.348117 0.005178 0.020173
1 0 0.356669 0.483081 0.129634 0.000619 0.029998
1 1 0.214644 0.588468 0.180003 0.000193 0.016692
1 1 0.196751 0.657242 0.129283 0.000006 0.016717
1 2 0.239243 0.618653 0.121961 0.000011 0.020132
1 2 0.206290 0.649852 0.126807 0.000006 0.017045
1 2 0.136517 0.689735 0.155710 0.000006 0.018032
1 2 0.170499 0.660713 0.148349 0.000009 0.020429
1 2 0.210208 0.626263 0.145461 0.000031 0.018036
1 2 0.192957 0.622477 0.167160 0.000081 0.017325
1 2 0.159541 0.481167 0.343607 0.000287 0.015398
1 2 0.281666 0.452937 0.247253 0.000125 0.018020
1 1 0.276053 0.544602 0.146406 0.000057 0.032882
1 1 0.157315 0.677852 0.153864 0.000002 0.010967
1 1 0.296277 0.594760 0.097823 0.000006 0.011134
1 1 0.136534 0.642008 0.208691 0.000010 0.012758
1 1 0.202503 0.541680 0.242416 0.000016 0.013384
1 2 0.319995 0.423483 0.247303 0.000031 0.009188
1 2 0.100429 0.540987 0.346837 0.000036 0.011711
1 2 0.230027 0.473943 0.284135 0.000090 0.011806
1 2 0.149643 0.429193 0.407431 0.000040 0.013693
1 2 0.146399 0.471786 0.372137 0.000052 0.009626
1 2 0.241267 0.558669 0.180678 0.000018 0.019368
1 2 0.345822 0.391136 0.068321 0.000336 0.194385
1 4 0.245482 0.466115 0.092506 0.000247 0.195651
0 4 0.360357 0.314250 0.054165 0.000713 0.270515
0 4 0.339467 0.287294 0.052581 0.001165 0.319494
4 4 0.349202 0.218133 0.038507 0.002109 0.392048
4 4 0.237889 0.294768 0.048146 0.000536 0.418661
1 4 0.266116 0.355071 0.063882 0.000505 0.314426
1 4 0.241561 0.357402 0.059676 0.000344 0.341017
4 4 0.196600 0.336282 0.065976 0.000642 0.400499
4 4 0.205526 0.293374 0.056621 0.000910 0.443568
4 4 0.136629 0.135963 0.019593 0.000889 0.706926
4 4 0.204989 0.295965 0.041946 0.000258 0.456843
4 4 0.282686 0.093523 0.011498 0.002347 0.609946
4 4 0.224694 0.236482 0.033530 0.000490 0.504805
4 4 0.295330 0.090180 0.010901 0.002456 0.601133
4 4 0.149227 0.205920 0.026068 0.000254 0.618530
4 4 0.212447 0.195160 0.023500 0.000361 0.568532
4 4 0.274142 0.078045 0.008733 0.002164 0.636917
4 4 0.247853 0.038898 0.004073 0.005135 0.704041
4 4 0.240657 0.040918 0.004483 0.005459 0.708484
4 4 0.175966 0.184259 0.033809 0.001801 0.604165
4 4 0.086322 0.230623 0.060821 0.001829 0.620405
4 4 0.169128 0.275746 0.053089 0.000843 0.501195
4 4 0.011749 0.228592 0.082782 0.000320 0.676557
4 4 0.011829 0.202996 0.072195 0.000389 0.712591
4 4 0.011206 0.011016 0.001713 0.002378 0.973687
4 4 0.017425 0.018958 0.003536 0.003947 0.956133
4 4 0.021443 0.015997 0.002433 0.003160 0.956966
4 4 0.016130 0.014771 0.002401 0.003055 0.963643
4 4 0.013942 0.031207 0.006170 0.001492 0.947190
4 4 0.024127 0.192325 0.069989 0.001453 0.712106
4 4 0.013216 0.262395 0.097745 0.000314 0.626330
4 4 0.014778 0.359697 0.149871 0.000244 0.475410
4 4 0.104812 0.336727 0.130119 0.001034 0.427308
1 4 0.080627 0.492927 0.148127 0.000315 0.278004
1 4 0.083672 0.582468 0.207751 0.000285 0.125825
1 4 0.058238 0.616294 0.208777 0.000080 0.116612
1 4 0.108472 0.421235 0.375425 0.000283 0.094585
0 0 0.494253 0.405926 0.055258 0.000038 0.044525
1 4 0.146821 0.617128 0.177568 0.000027 0.058456
1 4 0.107019 0.709136 0.142032 0.000006 0.041808
1 4 0.068234 0.675013 0.213628 0.000007 0.043118
1 4 0.075251 0.629557 0.254778 0.000007 0.040407
1 4 0.061529 0.547981 0.333900 0.000017 0.056572
1 4 0.041989 0.598787 0.305871 0.000014 0.053339
1 4 0.161101 0.552109 0.137622 0.000179 0.148989
1 4 0.211216 0.513086 0.108278 0.000179 0.167242
0 4 0.397296 0.252083 0.044028 0.001463 0.305129
1 4 0.240909 0.345554 0.069565 0.000792 0.343181
1 4 0.151723 0.553901 0.137910 0.000170 0.156295
1 4 0.055892 0.713324 0.173006 0.000007 0.057772
1 4 0.173664 0.640085 0.113138 0.000017 0.073096
1 4 0.047413 0.711289 0.179815 0.000007 0.061477
1 4 0.047064 0.708012 0.183753 0.000007 0.061164
1 4 0.067129 0.683576 0.177828 0.000016 0.071451
1 4 0.144312 0.551200 0.117466 0.000102 0.186921
1 4 0.239682 0.387170 0.066303 0.000293 0.306553
4 4 0.254173 0.328633 0.066949 0.001006 0.349239
1 4 0.172659 0.537068 0.109489 0.000113 0.180670
1 4 0.138306 0.586835 0.128433 0.000073 0.146353
1 4 0.057632 0.676088 0.201535 0.000020 0.064725
1 4 0.072859 0.593234 0.258949 0.000038 0.074920
1 4 0.068552 0.661150 0.202056 0.000029 0.068214
1 1 0.168315 0.556909 0.199181 0.000075 0.075519
1 2 0.085421 0.578391 0.255198 0.000066 0.080923
1 2 0.075298 0.671340 0.169888 0.000021 0.083453
1 2 0.060338 0.675579 0.185338 0.000019 0.078726
1 2 0.074856 0.646061 0.190222 0.000036 0.088826
1 2 0.093494 0.656965 0.158885 0.000028 0.090628
1 2 0.074319 0.651563 0.176560 0.000035 0.097523
1 2 0.078758 0.624919 0.208016 0.000048 0.088259
1 2 0.147168 0.554829 0.207348 0.000085 0.090570
1 2 0.070840 0.638341 0.215135 0.000037 0.075647
1 2 0.063517 0.640887 0.213844 0.000035 0.081718
1 2 0.072149 0.633043 0.212431 0.000036 0.082341
1 2 0.064500 0.572862 0.275939 0.000106 0.086593
1 2 0.081719 0.620041 0.207648 0.000122 0.090469
1 2 0.043434 0.454235 0.410201 0.000185 0.091946
1 2 0.048389 0.555607 0.312574 0.000168 0.083263
1 2 0.092665 0.435949 0.375305 0.000258 0.095823
1 2 0.065616 0.551579 0.296081 0.000139 0.086585
1 2 0.036008 0.540129 0.348795 0.000278 0.074790
1 2 0.091084 0.494606 0.371581 0.001331 0.041399
1 2 0.081694 0.547560 0.272348 0.000384 0.098014
1 2 0.053467 0.591636 0.271438 0.000284 0.083176
1 2 0.080263 0.594068 0.246595 0.000150 0.078923
1 2 0.160856 0.573649 0.174498 0.000222 0.090775
1 2 0.078399 0.527300 0.325895 0.000169 0.068237
1 2 0.106556 0.527480 0.280370 0.000489 0.085105
1 2 0.103310 0.629771 0.181948 0.000069 0.084901
1 2 0.075063 0.580752 0.290874 0.000047 0.053264
1 2 0.065219 0.465045 0.417037 0.000078 0.052621
1 2 0.088024 0.563698 0.306548 0.000113 0.041618
1 2 0.128042 0.533992 0.281558 0.000154 0.056254
1 2 0.070555 0.587870 0.288406 0.000051 0.053118
1 2 0.145189 0.422257 0.358172 0.001337 0.073046
1 2 0.092391 0.480260 0.368950 0.000250 0.058149
1 2 0.122834 0.525719 0.289681 0.000318 0.061448
1 2 0.098278 0.595584 0.245359 0.000512 0.060267
1 2 0.132374 0.582897 0.215316 0.000851 0.068562
1 2 0.151012 0.396285 0.391676 0.016553 0.044474
1 2 0.112023 0.448004 0.372314 0.012287 0.055372
1 2 0.121655 0.446502 0.369064 0.011296 0.051483
2 2 0.108499 0.333944 0.490612 0.013159 0.053786
2 2 0.112244 0.399634 0.417144 0.022576 0.048403
2 2 0.114017 0.375601 0.428898 0.023094 0.058390
2 2 0.094420 0.377719 0.431901 0.024226 0.071735
1 2 0.111664 0.435537 0.363328 0.027248 0.062222
2 2 0.074259 0.364528 0.459274 0.034235 0.067703
1 2 0.112815 0.406330 0.405853 0.017020 0.057981
2 2 0.055774 0.162764 0.616002 0.094985 0.070475
2 2 0.095350 0.283769 0.480937 0.078709 0.061236
2 2 0.104006 0.308971 0.422637 0.100825 0.063562
2 2 0.044587 0.202929 0.596309 0.098182 0.057993
2 2 0.075487 0.255170 0.556242 0.061721 0.051380
1 2 0.183645 0.428443 0.358780 0.006881 0.022252
0 2 0.374270 0.337142 0.263896 0.006431 0.018261
1 2 0.155274 0.526406 0.299607 0.000335 0.018377
1 2 0.224809 0.441478 0.321267 0.000832 0.011614
1 0 0.343909 0.503692 0.135084 0.000609 0.016706
2 1 0.024318 0.446721 0.518592 0.000043 0.010326
1 1 0.028203 0.520897 0.436071 0.000051 0.014778
1 2 0.042584 0.529308 0.416869 0.000022 0.011217
2 2 0.034248 0.332923 0.626936 0.000026 0.005867
1 2 0.045572 0.496528 0.450045 0.000042 0.007812
2 2 0.004425 0.102192 0.892418 0.000008 0.000958
2 2 0.006761 0.234641 0.754061 0.000016 0.004520
2 2 0.004236 0.211337 0.777506 0.000052 0.006869
2 2 0.008907 0.251575 0.733573 0.000046 0.005900
2 2 0.007965 0.193092 0.796010 0.000025 0.002908
2 2 0.005340 0.158622 0.828847 0.000350 0.006841
2 2 0.012642 0.281329 0.696405 0.000316 0.009308
2 2 0.043008 0.348560 0.595481 0.000544 0.012407
2 2 0.010943 0.265279 0.715101 0.000190 0.008489
2 2 0.058279 0.411100 0.519467 0.000254 0.010900
2 2 0.029377 0.340138 0.621310 0.000217 0.008958
2 2 0.031566 0.332128 0.628633 0.000168 0.007505
2 2 0.013957 0.264648 0.714473 0.000150 0.006772
2 2 0.024643 0.382745 0.583669 0.000130 0.008813
2 2 0.023413 0.249189 0.721968 0.000262 0.005169
2 2 0.033251 0.325630 0.634337 0.000085 0.006698
2 2 0.024606 0.317259 0.651459 0.000044 0.006631
1 2 0.068788 0.551946 0.364885 0.000084 0.014297
2 2 0.039592 0.400224 0.552654 0.000076 0.007453
2 2 0.030848 0.446304 0.514120 0.000065 0.008664
2 2 0.006360 0.143736 0.847554 0.000035 0.002315
2 2 0.016598 0.258153 0.719486 0.000058 0.005705
2 2 0.018849 0.258824 0.715120 0.000102 0.007105
2 2 0.004924 0.134476 0.857085 0.000075 0.003440
2 2 0.016236 0.286644 0.691499 0.000045 0.005577
2 2 0.003552 0.088879 0.904700 0.000296 0.002573
2 2 0.000937 0.038864 0.958662 0.000402 0.001134
2 2 0.001108 0.064705 0.931889 0.000290 0.002007
2 2 0.001615 0.069566 0.926010 0.000453 0.002355
2 2 0.000432 0.035088 0.963038 0.000350 0.001092
2 2 0.002352 0.059366 0.936458 0.000343 0.001481
2 2 0.002256 0.110511 0.882710 0.000471 0.004053
2 2 0.002897 0.088506 0.905352 0.000287 0.002958
2 2 0.000768 0.048941 0.948024 0.000650 0.001617
2 2 0.000712 0.043049 0.954878 0.000185 0.001176
2 2 0.005510 0.139881 0.846506 0.000814 0.007289
2 2 0.001586 0.084290 0.909938 0.000786 0.003399
2 2 0.002007 0.071066 0.923322 0.000425 0.003181
2 2 0.000545 0.030505 0.967269 0.000441 0.001240
2 2 0.001699 0.089697 0.905341 0.000463 0.002799
2 2 0.024146 0.224862 0.730183 0.007517 0.013292
2 2 0.002746 0.056457 0.936033 0.002069 0.002695
2 2 0.000513 0.019212 0.976092 0.003299 0.000884
2 2 0.003467 0.068817 0.917472 0.006299 0.003946
2 2 0.001360 0.054894 0.935478 0.004690 0.003578
2 2 0.000394 0.018385 0.964712 0.015740 0.000769
2 2 0.001433 0.044491 0.932706 0.018730 0.002640
2 2 0.001596 0.048582 0.919888 0.025473 0.004461
2 2 0.000584 0.024250 0.967610 0.006389 0.001167
2 2 0.001309 0.039986 0.947663 0.008545 0.002496
2 2 0.076532 0.244427 0.661702 0.004125 0.013214
2 2 0.052341 0.213176 0.722150 0.003223 0.009110
0 1 0.551660 0.343761 0.079347 0.000387 0.024845
1 2 0.330251 0.391071 0.267304 0.000243 0.011131
0 0 0.624857 0.292971 0.069676 0.000200 0.012296
1 0 0.412664 0.463422 0.075508 0.000053 0.048353
1 0 0.343776 0.511665 0.093662 0.000057 0.050840
1 0 0.155196 0.688521 0.137756 0.000005 0.018522
1 0 0.193225 0.658694 0.131060 0.000006 0.017015
1 1 0.134683 0.708052 0.144187 0.000003 0.013074
1 1 0.129658 0.707169 0.149574 0.000003 0.013596
1 1 0.083246 0.733302 0.170910 0.000002 0.012541
1 1 0.066362 0.740824 0.181783 0.000001 0.011029
1 2 0.085412 0.728782 0.172379 0.000002 0.013424
1 2 0.106867 0.722743 0.157467 0.000002 0.012921
1 2 0.082727 0.734101 0.170773 0.000002 0.012398
1 2 0.068611 0.743085 0.177101 0.000001 0.011202
1 2 0.059586 0.744974 0.184430 0.000001 0.011008
1 2 0.082473 0.724569 0.181623 0.000002 0.011333
1 2 0.100370 0.726576 0.160376 0.000002 0.012676
1 2 0.072100 0.744949 0.172239 0.000001 0.010711
1 2 0.075177 0.739461 0.172695 0.000002 0.012665
1 2 0.059184 0.750649 0.179071 0.000001 0.011095
1 2 0.089458 0.736555 0.161622 0.000002 0.012363
1 2 0.082587 0.741338 0.165193 0.000001 0.010880
1 2 0.264561 0.598900 0.116157 0.000014 0.020368
1 2 0.276190 0.576346 0.125854 0.000017 0.021593
1 2 0.293171 0.575901 0.109295 0.000016 0.021617
0 0 0.611203 0.274178 0.093699 0.000124 0.020796
0 0 0.624830 0.288771 0.070101 0.000112 0.016186
1 1 0.176701 0.688244 0.123544 0.000002 0.011509
1 1 0.164075 0.695245 0.128849 0.000002 0.011828
1 2 0.148060 0.717095 0.125734 0.000001 0.009110
1 2 0.276654 0.583107 0.129365 0.000003 0.010871
1 2 0.257238 0.586054 0.142774 0.000007 0.013927
1 2 0.143732 0.603089 0.243167 0.000003 0.010009
1 2 0.198705 0.586486 0.204182 0.000004 0.010622
1 2 0.143798 0.596458 0.250533 0.000003 0.009207
1 2 0.078422 0.705828 0.205402 0.000001 0.010346
1 2 0.136032 0.528020 0.326426 0.000005 0.009517
1 2 0.183932 0.621327 0.180756 0.000005 0.013980
1 2 0.206932 0.628298 0.155430 0.000002 0.009338
1 2 0.193498 0.653941 0.140311 0.000003 0.012248
1 2 0.204453 0.595204 0.187611 0.000005 0.012726
1 2 0.137856 0.673028 0.175852 0.000003 0.013260
0 2 0.448873 0.311893 0.214053 0.000162 0.025018
1 1 0.330119 0.518587 0.117697 0.000118 0.033479
2 1 0.045367 0.356650 0.583463 0.000124 0.014395
2 2 0.042865 0.342762 0.597917 0.000147 0.016308
2 2 0.028693 0.387860 0.514968 0.001576 0.066903
1 2 0.007690 0.456712 0.320237 0.000079 0.215283
1 2 0.006517 0.413847 0.350964 0.000375 0.228297
1 2 0.137546 0.653986 0.122076 0.000017 0.086375
1 4 0.012232 0.554267 0.270693 0.000058 0.162749
4 4 0.009697 0.361193 0.227665 0.000252 0.401193
1 4 0.114321 0.403149 0.218543 0.003623 0.260366
4 4 0.144412 0.302296 0.098935 0.004447 0.449909
0 4 0.376097 0.336630 0.123230 0.000831 0.163213
0 4 0.499288 0.296062 0.122041 0.000784 0.081825
0 4 0.507615 0.355031 0.070540 0.000374 0.066440
1 4 0.130675 0.707712 0.147876 0.000003 0.013734
1 4 0.120188 0.712917 0.153096 0.000003 0.013797
1 4 0.143953 0.696130 0.145026 0.000004 0.014887
1 4 0.187569 0.672544 0.126046 0.000004 0.013838
1 4 0.271415 0.611992 0.101562 0.000005 0.015026
1 4 0.288826 0.589715 0.103671 0.000009 0.017779
0 4 0.539444 0.377050 0.054254 0.000039 0.029213
0 4 0.503759 0.365215 0.064712 0.000201 0.066113
0 4 0.617515 0.266519 0.062380 0.000234 0.053353
0 4 0.787619 0.127172 0.030012 0.000851 0.054347
0 4 0.759912 0.177272 0.023448 0.000165 0.039203
1 1 0.438830 0.457565 0.079653 0.000032 0.023920
1 1 0.417193 0.421109 0.138859 0.000042 0.022797
0 1 0.547104 0.342429 0.078672 0.000081 0.031714
0 4 0.665387 0.242227 0.055106 0.000172 0.037109
0 4 0.646765 0.236855 0.033189 0.000331 0.082860
0 4 0.649780 0.105626 0.014985 0.004248 0.225361
0 4 0.682269 0.201273 0.024224 0.000285 0.091949
0 4 0.519884 0.315333 0.065764 0.000351 0.098667
0 4 0.522277 0.261107 0.048646 0.001413 0.166557
0 4 0.598807 0.084281 0.011473 0.006339 0.299100
0 4 0.584362 0.130528 0.021724 0.005623 0.257764
0 4 0.640242 0.078875 0.011321 0.008442 0.261120
0 4 0.696789 0.127245 0.017452 0.002000 0.156514
0 4 0.747426 0.096644 0.011515 0.001800 0.142615
0 4 0.749131 0.119930 0.027881 0.002365 0.100692
0 4 0.740808 0.136413 0.030980 0.002191 0.089608
0 4 0.680365 0.208704 0.028187 0.000380 0.082364
0 4 0.627958 0.161435 0.025571 0.002434 0.182602
0 4 0.639650 0.214924 0.054374 0.001337 0.089714
0 4 0.515389 0.316207 0.111006 0.000189 0.057209
1 4 0.370240 0.431580 0.157830 0.000040 0.040310
0 4 0.632128 0.266545 0.050516 0.000089 0.050721
0 4 0.570555 0.314800 0.078833 0.000053 0.035758
0 4 0.503088 0.333974 0.124142 0.000086 0.038710
0 4 0.732369 0.138538 0.017560 0.000918 0.110615
0 4 0.674528 0.196467 0.026688 0.000539 0.101778
0 4 0.708106 0.169242 0.023203 0.000753 0.098695
0 4 0.577560 0.176617 0.027730 0.002059 0.216034
0 4 0.654696 0.205324 0.034528 0.000626 0.104825
0 4 0.657404 0.152012 0.029449 0.001289 0.159846
0 4 0.693188 0.156744 0.031891 0.001129 0.117049
0 4 0.614797 0.221252 0.060614 0.000860 0.102477
0 4 0.479394 0.388279 0.066274 0.000100 0.065954
0 4 0.598931 0.234674 0.064076 0.000442 0.101877
1 4 0.198401 0.530731 0.206822 0.000030 0.064015
0 4 0.546996 0.286657 0.101302 0.000196 0.064849
1 4 0.170963 0.543448 0.238766 0.000028 0.046796
0 1 0.705709 0.207366 0.023651 0.000150 0.063124
1 1 0.186385 0.620678 0.147588 0.000040 0.045308
1 1 0.224389 0.567589 0.102673 0.000052 0.105297
1 1 0.167906 0.607622 0.116368 0.000038 0.108066
1 1 0.249825 0.546359 0.096691 0.000062 0.107064
0 1 0.475676 0.294736 0.037996 0.000253 0.191340
1 1 0.334762 0.478381 0.065945 0.000050 0.120862
1 1 0.124362 0.688429 0.129548 0.000009 0.057652
1 1 0.173601 0.661365 0.109871 0.000009 0.055153
1 1 0.213521 0.581942 0.103188 0.000041 0.101308
1 1 0.198381 0.621932 0.096758 0.000015 0.082914
1 1 0.187741 0.657234 0.096677 0.000007 0.058341
1 1 0.075739 0.755680 0.129408 0.000002 0.039170
1 1 0.103680 0.734017 0.113623 0.000002 0.048678
1 1 0.246844 0.568262 0.082017 0.000023 0.102854
1 1 0.073336 0.761716 0.123177 0.000001 0.041770
1 1 0.083464 0.758176 0.117075 0.000001 0.041283
1 1 0.178354 0.640490 0.105338 0.000014 0.075804
1 1 0.271772 0.550082 0.078430 0.000026 0.099690
1 1 0.366258 0.465921 0.060176 0.000041 0.107606
1 1 0.269668 0.518606 0.072964 0.000039 0.138723
0 1 0.745997 0.135041 0.011027 0.000156 0.107779
1 1 0.083637 0.449743 0.448121 0.000012 0.018487
1 1 0.098676 0.470506 0.409007 0.000010 0.021801
1 1 0.123765 0.513290 0.337690 0.000009 0.025246
2 1 0.091446 0.408415 0.477290 0.000012 0.022838
1 2 0.124280 0.430617 0.412749 0.000013 0.032342
2 2 0.092272 0.383433 0.505527 0.000011 0.018759
2 2 0.041401 0.299376 0.641983 0.000007 0.017233
2 2 0.101505 0.405710 0.473181 0.000009 0.019594
2 2 0.078238 0.315958 0.592475 0.000011 0.013318
2 2 0.100334 0.356541 0.527828 0.000012 0.015285
2 2 0.060376 0.323316 0.600793 0.000011 0.015505
2 2 0.059780 0.329298 0.595163 0.000009 0.015751
2 2 0.068525 0.316080 0.599199 0.000017 0.016178
2 2 0.059263 0.305596 0.614370 0.000016 0.020756
2 2 0.032919 0.274968 0.676303 0.000012 0.015797
2 2 0.056734 0.345545 0.570200 0.000019 0.027502
2 2 0.068377 0.322588 0.584946 0.000022 0.024068
1 2 0.097872 0.448935 0.423662 0.000017 0.029514
1 2 0.122967 0.425714 0.415438 0.000033 0.035847
2 2 0.070185 0.371398 0.528679 0.000023 0.029714
2 2 0.126676 0.409604 0.431922 0.000040 0.031757
1 2 0.126868 0.428196 0.416899 0.000033 0.028004
2 2 0.089452 0.411918 0.472592 0.000037 0.026001
2 2 0.088775 0.398002 0.487328 0.000030 0.025865
1 2 0.159650 0.414957 0.402419 0.000037 0.022937
2 2 0.116238 0.403266 0.465551 0.000594 0.014351
2 2 0.101768 0.315997 0.571059 0.000933 0.010243
2 2 0.117789 0.280218 0.589871 0.001195 0.010928
2 2 0.074942 0.319705 0.593458 0.000456 0.011439
2 2 0.059592 0.273600 0.649363 0.000688 0.016757
2 2 0.126988 0.241682 0.601724 0.016404 0.013202
2 2 0.170004 0.256502 0.523070 0.023803 0.026621
2 2 0.151988 0.257510 0.560207 0.011776 0.018519
2 2 0.205829 0.265503 0.472277 0.032631 0.023759
2 2 0.157935 0.271608 0.505462 0.040206 0.024789
0 2 0.406627 0.245931 0.326722 0.002208 0.018511
0 0 0.689656 0.257753 0.038040 0.000097 0.014454
1 1 0.096681 0.605856 0.272925 0.000784 0.023754
2 2 0.044848 0.429095 0.511262 0.000615 0.014180
2 2 0.050957 0.346856 0.587790 0.000536 0.013860
2 2 0.012995 0.329900 0.647412 0.000061 0.009631
2 2 0.001552 0.086213 0.909588 0.000029 0.002618
2 2 0.011817 0.331564 0.648819 0.000055 0.007745
2 2 0.015477 0.409264 0.566745 0.000048 0.008467
1 2 0.280382 0.576922 0.136351 0.000124 0.006221
2 2 0.003709 0.291275 0.658316 0.000413 0.046287
2 2 0.004419 0.328185 0.633145 0.000482 0.033770
2 2 0.001718 0.154436 0.827162 0.000389 0.016295
2 2 0.002989 0.189880 0.784347 0.000327 0.022457
2 2 0.002051 0.135968 0.841023 0.000354 0.020605
0 2 0.728116 0.173815 0.071417 0.000577 0.026075
0 0 0.826037 0.133515 0.017120 0.000216 0.023112
0 0 0.841224 0.117403 0.013604 0.000222 0.027547
0 0 0.781046 0.190666 0.019920 0.000015 0.008353
0 0 0.839999 0.135263 0.013762 0.000036 0.010940
0 0 0.743747 0.225585 0.023084 0.000008 0.007576
0 0 0.736024 0.227418 0.026026 0.000019 0.010514
0 0 0.685273 0.274126 0.030995 0.000011 0.009595
0 0 0.677064 0.284776 0.030264 0.000006 0.007891
0 1 0.571333 0.371054 0.046417 0.000008 0.011187
1 1 0.359374 0.516368 0.110097 0.000008 0.014154
1 1 0.345054 0.562026 0.081668 0.000004 0.011249
1 1 0.361574 0.543558 0.083706 0.000004 0.011159
1 1 0.328616 0.577201 0.083543 0.000003 0.010637
1 1 0.344350 0.562072 0.082233 0.000003 0.011341
1 1 0.266908 0.590321 0.133457 0.000002 0.009312
