0 0 0.817972 0.114879 0.054745 0.001210 0.011193
0 0 0.854634 0.087738 0.051349 0.000525 0.005754
0 0 0.932561 0.048155 0.016390 0.000100 0.002793
0 0 0.941909 0.042568 0.013272 0.000059 0.002192
0 0 0.913743 0.064733 0.017199 0.000075 0.004250
0 0 0.901530 0.075200 0.019477 0.000067 0.003727
0 0 0.900236 0.069449 0.026409 0.000121 0.003785
0 0 0.905956 0.070762 0.020194 0.000057 0.003032
0 0 0.889617 0.063366 0.044251 0.000268 0.002499
0 0 0.796101 0.125264 0.069330 0.000909 0.008396
0 0 0.438182 0.127015 0.426187 0.004395 0.004223
2 0 0.233164 0.120510 0.638768 0.004151 0.003406
0 0 0.639311 0.142838 0.200814 0.006268 0.010769
0 0 0.710542 0.120465 0.165497 0.000517 0.002979
0 0 0.509577 0.216847 0.250415 0.008250 0.014911
0 0 0.896815 0.079079 0.022367 0.000017 0.001723
0 0 0.889393 0.086656 0.022573 0.000016 0.001362
0 0 0.862203 0.107325 0.028671 0.000015 0.001785
0 0 0.890566 0.085159 0.022810 0.000012 0.001453
0 0 0.875371 0.099389 0.023265 0.000012 0.001963
0 0 0.890049 0.087163 0.021925 0.000003 0.000860
0 0 0.935595 0.049238 0.014647 0.000003 0.000516
0 0 0.884495 0.076792 0.038117 0.000004 0.000592
0 0 0.908454 0.066517 0.024464 0.000004 0.000562
0 0 0.892312 0.086342 0.020662 0.000002 0.000682
0 0 0.885938 0.089458 0.023858 0.000003 0.000742
0 0 0.875736 0.093442 0.029791 0.000005 0.001025
0 0 0.868530 0.095996 0.034660 0.000006 0.000808
0 0 0.911951 0.066235 0.021220 0.000004 0.000590
0 0 0.893852 0.070815 0.034698 0.000011 0.000623
0 0 0.885258 0.085674 0.027734 0.000018 0.001315
0 0 0.722233 0.208576 0.067619 0.000005 0.001566
0 0 0.906704 0.060746 0.031584 0.000065 0.000902
0 0 0.793892 0.124014 0.079540 0.000180 0.002374
0 0 0.915654 0.059703 0.023234 0.000039 0.001370
0 0 0.856265 0.089144 0.052434 0.000113 0.002044
0 0 0.863754 0.090228 0.043735 0.000067 0.002216
0 0 0.759964 0.092033 0.144744 0.000986 0.002274
0 0 0.898145 0.076861 0.023448 0.000038 0.001509
0 0 0.932832 0.048325 0.017843 0.000024 0.000976
0 0 0.889709 0.081935 0.026876 0.000014 0.001466
0 0 0.886911 0.084612 0.026799 0.000027 0.001651
0 0 0.917348 0.061808 0.019560 0.000034 0.001249
0 0 0.894909 0.068937 0.034738 0.000035 0.001382
0 0 0.882287 0.078890 0.037502 0.000030 0.001291
0 0 0.624351 0.235379 0.137569 0.000016 0.002685
0 0 0.564414 0.302022 0.130306 0.000020 0.003238
0 0 0.847920 0.101422 0.049073 0.000007 0.001577
1 0 0.255243 0.470418 0.271975 0.000011 0.002353
1 1 0.178099 0.561385 0.257204 0.000021 0.003291
2 1 0.217642 0.332683 0.448330 0.000009 0.001335
0 0 0.796787 0.144481 0.056881 0.000010 0.001841
0 0 0.354937 0.322411 0.321000 0.000006 0.001647
1 1 0.087105 0.458625 0.452716 0.000007 0.001547
0 1 0.557439 0.216581 0.224751 0.000009 0.001221
0 0 0.735425 0.158127 0.104133 0.000045 0.002270
1 1 0.197934 0.403481 0.395924 0.000017 0.002644
1 1 0.109866 0.507606 0.379999 0.000011 0.002518
2 1 0.034615 0.346020 0.617642 0.000015 0.001708
2 1 0.029357 0.345353 0.623690 0.000014 0.001586
2 2 0.013216 0.236241 0.749671 0.000007 0.000865
2 2 0.040954 0.171347 0.785518 0.000134 0.002047
2 2 0.147007 0.307014 0.543334 0.000028 0.002617
2 2 0.011716 0.146962 0.840348 0.000018 0.000956
2 2 0.005501 0.106208 0.887508 0.000052 0.000731
2 2 0.000229 0.044709 0.954811 0.000016 0.000235
2 2 0.000063 0.018774 0.981030 0.000014 0.000119
2 2 0.000032 0.006076 0.993807 0.000009 0.000076
2 2 0.000109 0.034049 0.965586 0.000004 0.000252
2 2 0.000041 0.005718 0.994130 0.000020 0.000091
2 2 0.000080 0.003873 0.995494 0.000385 0.000168
2 2 0.000097 0.009347 0.990363 0.000125 0.000069
2 2 0.000058 0.006722 0.992632 0.000419 0.000169
2 2 0.000179 0.006212 0.992044 0.001445 0.000120
2 2 0.000032 0.005689 0.994118 0.000056 0.000106
2 2 0.000028 0.001928 0.995218 0.002789 0.000037
2 2 0.000044 0.002336 0.995343 0.002238 0.000039
2 3 0.000090 0.003311 0.991327 0.005221 0.000050
2 3 0.000039 0.003648 0.987930 0.008322 0.000061
2 3 0.000379 0.004434 0.986064 0.008918 0.000206
2 3 0.001070 0.006511 0.973595 0.018568 0.000257
2 3 0.002151 0.013152 0.975352 0.008973 0.000371
2 3 0.002244 0.019294 0.956026 0.022021 0.000416
2 0 0.215955 0.126147 0.637790 0.015214 0.004894
0 0 0.390309 0.217742 0.364694 0.014951 0.012303
2 1 0.050946 0.321788 0.625185 0.000005 0.002076
2 1 0.009637 0.194026 0.795524 0.000002 0.000811
2 2 0.017301 0.192550 0.788742 0.000001 0.001406
2 2 0.051618 0.203454 0.742692 0.000002 0.002235
2 1 0.200384 0.396540 0.400158 0.000013 0.002905
2 2 0.007905 0.179436 0.812158 0.000004 0.000496
2 2 0.018784 0.278822 0.701513 0.000006 0.000875
0 0 0.587599 0.175254 0.234858 0.000109 0.002180
0 0 0.739457 0.171968 0.087069 0.000007 0.001499
0 0 0.372327 0.283494 0.342269 0.000004 0.001906
2 0 0.259154 0.313091 0.426369 0.000004 0.001383
0 0 0.815911 0.114265 0.066224 0.000293 0.003307
0 0 0.625296 0.265648 0.107266 0.000006 0.001784
2 0 0.093311 0.430429 0.475160 0.000004 0.001096
1 1 0.356487 0.389658 0.251415 0.000011 0.002430
2 1 0.027017 0.354389 0.617267 0.000010 0.001318
2 2 0.020851 0.262521 0.715494 0.000010 0.001124
2 2 0.010947 0.158385 0.829737 0.000030 0.000901
2 2 0.046748 0.238028 0.713416 0.000014 0.001795
0 2 0.391321 0.376622 0.228650 0.000022 0.003385
1 1 0.381500 0.410973 0.204669 0.000014 0.002843
2 2 0.090265 0.356417 0.551302 0.000014 0.002001
2 1 0.208891 0.393220 0.395027 0.000027 0.002834
0 1 0.816925 0.093980 0.087692 0.000101 0.001303
0 0 0.827860 0.129283 0.041193 0.000013 0.001651
0 0 0.735189 0.161935 0.100970 0.000020 0.001886
2 1 0.079313 0.423666 0.495066 0.000012 0.001942
0 0 0.680818 0.167506 0.149450 0.000084 0.002142
2 1 0.054487 0.434253 0.509467 0.000012 0.001780
2 1 0.030233 0.394952 0.573022 0.000015 0.001777
2 2 0.015832 0.244013 0.738815 0.000019 0.001322
2 2 0.034847 0.172159 0.791363 0.000150 0.001481
2 2 0.009667 0.150510 0.838725 0.000056 0.001043
2 2 0.027807 0.165668 0.804483 0.000153 0.001889
0 2 0.380637 0.322968 0.291442 0.000017 0.004936
2 2 0.000617 0.117787 0.880633 0.000003 0.000960
2 2 0.000196 0.037182 0.962228 0.000003 0.000391
2 2 0.000676 0.051763 0.946165 0.000003 0.001394
2 2 0.000378 0.031141 0.967756 0.000003 0.000723
2 2 0.000132 0.014788 0.984615 0.000003 0.000462
2 2 0.000006 0.001421 0.996585 0.001973 0.000015
2 2 0.000001 0.000456 0.998577 0.000954 0.000013
2 2 0.000003 0.000945 0.998036 0.000994 0.000023
2 2 0.000013 0.001618 0.994848 0.003469 0.000051
2 2 0.000002 0.000663 0.992753 0.006569 0.000013
2 2 0.000078 0.002121 0.827028 0.170633 0.000140
2 2 0.000145 0.003107 0.906390 0.090154 0.000205
2 2 0.000107 0.003411 0.871294 0.124930 0.000258
2 3 0.000321 0.004297 0.674531 0.320549 0.000301
2 3 0.000195 0.002521 0.713697 0.283486 0.000101
3 3 0.000115 0.000909 0.345883 0.653024 0.000069
3 3 0.000098 0.000602 0.238101 0.761111 0.000088
3 3 0.000139 0.001648 0.215377 0.782648 0.000189
3 3 0.000038 0.000382 0.213439 0.786096 0.000044
3 3 0.000209 0.001011 0.289107 0.709572 0.000101
2 3 0.036700 0.056714 0.880218 0.024944 0.001424
2 2 0.098100 0.201200 0.696931 0.001022 0.002747
2 2 0.137391 0.263449 0.596251 0.000501 0.002407
0 0 0.731829 0.126361 0.137921 0.000950 0.002940
0 0 0.614122 0.144540 0.232841 0.004265 0.004232
0 0 0.642944 0.242014 0.113263 0.000007 0.001773
1 0 0.113629 0.453547 0.431400 0.000005 0.001418
2 1 0.074262 0.334769 0.589776 0.000006 0.001187
2 1 0.025668 0.248871 0.724819 0.000004 0.000638
0 0 0.780571 0.100242 0.117888 0.000097 0.001203
0 0 0.917194 0.061915 0.019197 0.000074 0.001619
0 0 0.902476 0.079485 0.016708 0.000006 0.001324
0 0 0.906159 0.075253 0.017110 0.000016 0.001461
0 0 0.864952 0.107728 0.025644 0.000008 0.001668
0 0 0.905298 0.077196 0.016295 0.000009 0.001202
0 0 0.798429 0.158161 0.041876 0.000006 0.001528
0 0 0.485012 0.347921 0.165682 0.000003 0.001382
0 0 0.798787 0.148139 0.051907 0.000004 0.001162
1 0 0.255658 0.453822 0.289313 0.000003 0.001204
1 1 0.145761 0.428506 0.424372 0.000005 0.001356
1 1 0.202458 0.439733 0.356609 0.000003 0.001197
2 1 0.120861 0.398859 0.478786 0.000007 0.001487
1 1 0.218818 0.461129 0.319067 0.000002 0.000984
0 0 0.904085 0.075521 0.019596 0.000005 0.000793
0 0 0.844905 0.125337 0.028378 0.000005 0.001375
0 0 0.913744 0.071246 0.014223 0.000003 0.000783
0 0 0.910593 0.075709 0.012964 0.000002 0.000732
0 0 0.838419 0.121541 0.039237 0.000002 0.000801
0 0 0.890885 0.093338 0.014602 0.000004 0.001170
0 0 0.886801 0.094200 0.017919 0.000004 0.001077
0 0 0.904849 0.078533 0.015055 0.000013 0.001551
0 0 0.914586 0.071710 0.012615 0.000004 0.001085
0 0 0.904416 0.070305 0.024472 0.000008 0.000799
0 0 0.759037 0.175967 0.063469 0.000005 0.001521
0 0 0.804642 0.150143 0.043736 0.000007 0.001472
1 1 0.081545 0.507393 0.408669 0.000016 0.002377
1 1 0.110010 0.469644 0.418051 0.000014 0.002280
0 0 0.920943 0.051423 0.026851 0.000037 0.000746
0 0 0.885478 0.080921 0.032488 0.000016 0.001098
0 0 0.817204 0.138225 0.040879 0.000068 0.003625
0 0 0.868225 0.096560 0.033796 0.000013 0.001407
0 0 0.767590 0.175008 0.055316 0.000010 0.002076
2 0 0.156211 0.300229 0.542294 0.000009 0.001259
0 0 0.874480 0.078845 0.045575 0.000024 0.001076
0 0 0.598992 0.243688 0.155676 0.000011 0.001632
2 1 0.023944 0.365962 0.608886 0.000008 0.001201
2 1 0.019595 0.354595 0.624195 0.000003 0.001612
2 2 0.079893 0.439556 0.478429 0.000009 0.002113
2 2 0.040706 0.338438 0.619210 0.000013 0.001632
0 0 0.615057 0.228662 0.152350 0.000057 0.003874
0 0 0.925028 0.061273 0.012057 0.000016 0.001628
0 0 0.771752 0.184724 0.041254 0.000011 0.002260
0 0 0.885257 0.079529 0.032747 0.000111 0.002355
0 0 0.906157 0.071623 0.018566 0.000103 0.003551
0 0 0.909556 0.074009 0.013423 0.000033 0.002979
0 0 0.907700 0.075112 0.013948 0.000038 0.003202
0 0 0.913470 0.064987 0.019287 0.000089 0.002167
0 0 0.851248 0.121140 0.025220 0.000016 0.002376
0 0 0.889061 0.084811 0.024086 0.000015 0.002028
0 0 0.905783 0.072191 0.020806 0.000013 0.001208
0 0 0.885079 0.087923 0.025125 0.000022 0.001851
0 0 0.651301 0.265788 0.079786 0.000018 0.003107
0 0 0.727595 0.205798 0.064392 0.000010 0.002205
0 0 0.821976 0.134561 0.041616 0.000011 0.001837
1 0 0.218476 0.485462 0.294021 0.000008 0.002033
0 0 0.803754 0.149767 0.045463 0.000003 0.001014
1 0 0.190703 0.456944 0.351297 0.000002 0.001054
1 1 0.147335 0.429434 0.422323 0.000002 0.000906
2 1 0.144266 0.384463 0.470103 0.000002 0.001167
0 0 0.751297 0.158857 0.088774 0.000002 0.001070
0 0 0.914206 0.069162 0.015251 0.000013 0.001367
0 0 0.865204 0.102800 0.030550 0.000007 0.001439
0 0 0.856135 0.116763 0.025351 0.000009 0.001743
0 0 0.662738 0.238967 0.096180 0.000009 0.002106
0 1 0.782800 0.163253 0.052571 0.000007 0.001369
0 1 0.678964 0.215572 0.103147 0.000006 0.002311
0 1 0.467069 0.350768 0.179617 0.000012 0.002534
0 1 0.579609 0.236438 0.181693 0.000029 0.002230
0 0 0.733409 0.153557 0.108892 0.000225 0.003917
0 0 0.906049 0.077623 0.014073 0.000024 0.002231
0 0 0.813352 0.143486 0.041971 0.000004 0.001188
1 1 0.184901 0.432163 0.381610 0.000004 0.001322
0 0 0.742520 0.188557 0.067738 0.000003 0.001182
0 0 0.882312 0.095511 0.020259 0.000013 0.001905
0 0 0.523672 0.321998 0.152615 0.000005 0.001710
2 1 0.001641 0.159396 0.837757 0.000001 0.001205
2 2 0.002296 0.102962 0.893176 0.000002 0.001564
2 2 0.003580 0.133887 0.860575 0.000002 0.001956
2 2 0.015147 0.094081 0.888945 0.000015 0.001812
2 2 0.001793 0.085097 0.910435 0.000001 0.002674
2 2 0.000430 0.024743 0.974453 0.000011 0.000363
2 2 0.000967 0.044420 0.954299 0.000003 0.000312
2 2 0.006150 0.049438 0.943611 0.000005 0.000797
2 1 0.025886 0.242340 0.730497 0.000010 0.001267
2 1 0.000552 0.105107 0.894006 0.000000 0.000334
2 2 0.000130 0.029719 0.969906 0.000004 0.000241
2 2 0.000395 0.023340 0.976086 0.000003 0.000176
2 2 0.000303 0.021416 0.978028 0.000004 0.000249
2 2 0.000069 0.013977 0.985794 0.000012 0.000148
2 2 0.000083 0.015547 0.984131 0.000006 0.000234
2 2 0.000102 0.006719 0.992999 0.000087 0.000094
2 2 0.000398 0.018871 0.980468 0.000134 0.000129
2 2 0.000140 0.011572 0.988215 0.000027 0.000046
2 2 0.000041 0.006464 0.993390 0.000042 0.000063
2 2 0.000691 0.016173 0.982853 0.000168 0.000116
2 2 0.000047 0.009786 0.990004 0.000048 0.000115
2 2 0.000014 0.003022 0.996728 0.000148 0.000087
2 2 0.000010 0.003429 0.996427 0.000088 0.000046
2 2 0.000078 0.009474 0.990280 0.000036 0.000133
2 2 0.000055 0.002576 0.996670 0.000658 0.000041
2 2 0.000042 0.005539 0.994148 0.000161 0.000111
2 2 0.000045 0.002594 0.997028 0.000260 0.000072
2 2 0.000050 0.002745 0.996859 0.000221 0.000125
2 2 0.000410 0.014618 0.984195 0.000168 0.000609
2 2 0.000114 0.010416 0.989110 0.000091 0.000269
2 2 0.000029 0.004982 0.994228 0.000144 0.000618
2 2 0.000144 0.016222 0.981923 0.000114 0.001597
2 2 0.000223 0.012929 0.984973 0.000089 0.001785
2 2 0.000207 0.016145 0.980846 0.000096 0.002707
2 2 0.000126 0.013268 0.985303 0.000202 0.001099
2 2 0.000897 0.035864 0.960004 0.000033 0.003201
2 2 0.001233 0.024990 0.971809 0.000023 0.001945
2 2 0.001446 0.032932 0.961606 0.000179 0.003836
2 2 0.002306 0.094259 0.896152 0.000028 0.007255
2 2 0.001403 0.039716 0.956325 0.000008 0.002547
2 2 0.002449 0.157802 0.817893 0.000001 0.021855
2 2 0.001034 0.071621 0.914531 0.000006 0.012808
2 2 0.005624 0.171464 0.777752 0.000001 0.045159
2 2 0.004717 0.187936 0.774872 0.000001 0.032474
2 2 0.009854 0.174742 0.753957 0.000001 0.061446
2 2 0.021458 0.304919 0.644198 0.000003 0.029422
1 0 0.383633 0.392222 0.197352 0.000736 0.026057
2 1 0.021404 0.177492 0.787611 0.000014 0.013478
2 2 0.032833 0.288186 0.659315 0.000043 0.019624
2 2 0.092749 0.324406 0.536235 0.000004 0.046606
2 1 0.106780 0.159611 0.702248 0.000048 0.031312
2 1 0.014699 0.186682 0.781445 0.000005 0.017169
2 2 0.005393 0.116247 0.862368 0.000008 0.015984
2 2 0.002190 0.094098 0.891335 0.000006 0.012371
2 2 0.009164 0.208191 0.764400 0.000002 0.018243
2 2 0.000337 0.049204 0.943354 0.000001 0.007104
2 2 0.000329 0.042575 0.948707 0.000005 0.008384
2 2 0.000111 0.017487 0.978555 0.000008 0.003838
2 2 0.000073 0.011918 0.984664 0.000003 0.003341
2 2 0.000088 0.017649 0.976855 0.000015 0.005393
2 2 0.000039 0.003780 0.995835 0.000098 0.000249
2 2 0.000006 0.001618 0.998219 0.000065 0.000092
2 2 0.000053 0.004556 0.995028 0.000055 0.000308
2 2 0.000227 0.014425 0.984394 0.000152 0.000802
2 2 0.000012 0.001554 0.998194 0.000084 0.000156
2 2 0.000008 0.000930 0.990104 0.008924 0.000034
2 2 0.000002 0.000570 0.993566 0.005837 0.000024
2 2 0.000014 0.001921 0.974268 0.023702 0.000094
2 3 0.000009 0.001398 0.942745 0.055823 0.000025
2 3 0.000072 0.003052 0.958686 0.038080 0.000111
2 3 0.000421 0.004015 0.591216 0.403624 0.000724
2 3 0.001265 0.009721 0.541138 0.444760 0.003117
3 3 0.000693 0.005841 0.425269 0.567028 0.001168
3 3 0.000369 0.002702 0.370507 0.625618 0.000805
3 3 0.000328 0.003293 0.410434 0.585104 0.000840
3 3 0.000049 0.000309 0.093634 0.905933 0.000075
3 3 0.000151 0.000595 0.134876 0.864253 0.000125
3 3 0.000059 0.000611 0.155899 0.843329 0.000103
3 3 0.000025 0.000135 0.067191 0.932618 0.000030
3 3 0.000087 0.000428 0.108409 0.890976 0.000100
3 3 0.000094 0.000389 0.042373 0.957026 0.000118
3 3 0.000009 0.000064 0.040451 0.959461 0.000015
3 3 0.000030 0.000156 0.031398 0.968376 0.000041
3 3 0.000040 0.000215 0.048197 0.951487 0.000061
3 3 0.000042 0.000213 0.041026 0.958659 0.000059
3 3 0.000008 0.000058 0.026440 0.973481 0.000013
3 3 0.000003 0.000024 0.027736 0.972233 0.000005
3 3 0.000004 0.000035 0.024136 0.975818 0.000007
3 3 0.000007 0.000050 0.020019 0.979913 0.000011
3 3 0.000006 0.000049 0.033361 0.966573 0.000011
3 3 0.000020 0.000112 0.024849 0.974992 0.000027
3 3 0.000033 0.000143 0.015208 0.984581 0.000035
3 3 0.000014 0.000089 0.030948 0.968929 0.000021
3 3 0.000033 0.000169 0.031054 0.968700 0.000044
3 3 0.000032 0.000163 0.031235 0.968527 0.000043
3 3 0.000058 0.000254 0.028877 0.970740 0.000071
3 3 0.000050 0.000250 0.051235 0.948393 0.000071
3 3 0.000088 0.000323 0.021256 0.978242 0.000091
3 3 0.000033 0.000179 0.042379 0.957360 0.000049
3 3 0.000024 0.000132 0.029749 0.970061 0.000033
3 3 0.000097 0.000372 0.028664 0.970757 0.000109
3 3 0.000038 0.000178 0.024549 0.975190 0.000046
3 3 0.000023 0.000126 0.029525 0.970295 0.000031
3 3 0.000109 0.000404 0.027987 0.971380 0.000120
3 3 0.000043 0.000187 0.019670 0.980053 0.000048
3 3 0.000030 0.000161 0.035222 0.964545 0.000042
3 3 0.000030 0.000145 0.020631 0.979158 0.000036
3 3 0.000203 0.000630 0.025253 0.973715 0.000199
3 3 0.000148 0.000451 0.015843 0.983427 0.000130
3 3 0.000066 0.000264 0.022131 0.977466 0.000072
3 3 0.000014 0.000084 0.023408 0.976475 0.000019
3 3 0.000037 0.000172 0.022934 0.976812 0.000044
3 3 0.000015 0.000087 0.021719 0.978159 0.000020
3 3 0.000034 0.000150 0.016559 0.983219 0.000037
3 3 0.000037 0.000172 0.023367 0.976380 0.000044
3 3 0.000008 0.000059 0.031298 0.968621 0.000013
3 3 0.000011 0.000068 0.019186 0.980719 0.000015
3 3 0.000007 0.000046 0.020896 0.979042 0.000010
3 3 0.000019 0.000108 0.027860 0.971987 0.000026
3 3 0.000009 0.000055 0.019403 0.980521 0.000012
3 3 0.000024 0.000117 0.016926 0.982906 0.000028
3 3 0.000028 0.000135 0.020884 0.978920 0.000033
3 3 0.000011 0.000072 0.025407 0.974493 0.000016
3 3 0.000026 0.000129 0.019888 0.979925 0.000031
3 3 0.000015 0.000086 0.020904 0.978974 0.000020
3 3 0.005126 0.008680 0.467982 0.517501 0.000711
2 1 0.147528 0.118213 0.645337 0.082711 0.006211
2 1 0.032272 0.089870 0.803210 0.070968 0.003680
2 1 0.018787 0.085576 0.863122 0.030010 0.002505
2 1 0.044187 0.061909 0.862031 0.030129 0.001745
2 1 0.020138 0.061656 0.914497 0.002750 0.000958
2 1 0.016068 0.125206 0.857374 0.000284 0.001067
2 2 0.012662 0.085031 0.901133 0.000461 0.000713
2 2 0.002597 0.037472 0.959153 0.000493 0.000285
2 2 0.000996 0.030886 0.967868 0.000089 0.000161
2 2 0.000407 0.011220 0.987746 0.000469 0.000159
2 2 0.002281 0.043924 0.952866 0.000271 0.000657
2 2 0.000132 0.005867 0.992818 0.001049 0.000135
2 2 0.000197 0.008774 0.990578 0.000235 0.000216
2 2 0.000966 0.011128 0.987157 0.000506 0.000243
2 2 0.000647 0.018813 0.978420 0.001144 0.000977
2 2 0.000195 0.006306 0.992069 0.001242 0.000187
2 2 0.000744 0.013297 0.981072 0.004186 0.000701
2 2 0.000210 0.005186 0.991943 0.002445 0.000216
2 2 0.001229 0.015713 0.973116 0.009077 0.000865
2 3 0.001398 0.015977 0.972775 0.009419 0.000432
2 3 0.003298 0.013289 0.969544 0.013197 0.000672
2 3 0.000737 0.007937 0.978151 0.012934 0.000240
2 3 0.003268 0.015678 0.963460 0.017174 0.000421
2 3 0.004386 0.031852 0.954203 0.008680 0.000878
2 3 0.008120 0.026627 0.963743 0.001183 0.000327
2 3 0.003868 0.022608 0.971737 0.001256 0.000532
2 3 0.007357 0.033351 0.955818 0.002975 0.000499
2 1 0.080745 0.109255 0.801924 0.004917 0.003159
2 1 0.053230 0.166619 0.777101 0.000714 0.002337
2 1 0.237109 0.143119 0.616214 0.001780 0.001777
2 1 0.100470 0.216567 0.681619 0.000090 0.001254
2 2 0.009626 0.115365 0.874454 0.000066 0.000489
2 2 0.030849 0.055195 0.913047 0.000490 0.000419
2 2 0.028156 0.032204 0.938498 0.000858 0.000284
2 2 0.042108 0.118004 0.838289 0.000344 0.001254
2 2 0.005617 0.056729 0.937001 0.000132 0.000521
2 2 0.000733 0.023472 0.975443 0.000076 0.000276
2 2 0.000656 0.012237 0.986752 0.000056 0.000299
2 2 0.009426 0.044128 0.945010 0.000229 0.001208
2 2 0.000525 0.013701 0.985465 0.000104 0.000206
2 2 0.000098 0.004405 0.995273 0.000178 0.000045
2 2 0.003239 0.022823 0.973141 0.000051 0.000746
2 2 0.008759 0.044744 0.945800 0.000184 0.000513
2 2 0.000302 0.022579 0.976864 0.000042 0.000212
2 2 0.023346 0.075800 0.900118 0.000046 0.000690
2 2 0.006750 0.048895 0.943658 0.000089 0.000608
2 2 0.002044 0.024021 0.973494 0.000133 0.000309
2 0 0.235514 0.142773 0.619956 0.000240 0.001518
2 0 0.118565 0.377356 0.501112 0.000082 0.002885
2 1 0.001989 0.088636 0.909140 0.000009 0.000227
2 1 0.027070 0.149742 0.822382 0.000032 0.000774
2 2 0.008623 0.049570 0.941531 0.000044 0.000233
2 2 0.006174 0.078803 0.914730 0.000016 0.000277
2 2 0.007560 0.078331 0.913648 0.000016 0.000446
2 0 0.321266 0.213110 0.463414 0.000086 0.002124
0 0 0.581584 0.233793 0.177282 0.000934 0.006408
0 0 0.452498 0.352022 0.189164 0.000111 0.006204
2 1 0.014542 0.190677 0.794121 0.000005 0.000655
2 1 0.036455 0.203327 0.759255 0.000023 0.000940
2 2 0.109585 0.191434 0.697203 0.000099 0.001680
2 2 0.011258 0.060965 0.926864 0.000366 0.000547
2 2 0.054114 0.080831 0.863911 0.000484 0.000659
0 0 0.539330 0.285580 0.164781 0.000833 0.009476
0 1 0.529561 0.264063 0.200704 0.000238 0.005434
2 2 0.000729 0.049264 0.949779 0.000023 0.000206
2 2 0.000516 0.036423 0.962777 0.000075 0.000208
2 2 0.001526 0.024079 0.973825 0.000051 0.000520
2 2 0.000220 0.017085 0.982512 0.000022 0.000160
2 2 0.000422 0.009408 0.989889 0.000095 0.000186
2 2 0.000058 0.004615 0.995227 0.000082 0.000017
2 2 0.000043 0.001469 0.998361 0.000113 0.000013
2 2 0.000149 0.011886 0.987680 0.000224 0.000060
2 2 0.000033 0.003222 0.996033 0.000687 0.000025
2 2 0.000187 0.006616 0.992882 0.000187 0.000127
2 2 0.000598 0.015515 0.983431 0.000073 0.000384
2 2 0.001997 0.036332 0.960546 0.000097 0.001028
2 2 0.001599 0.030603 0.966792 0.000053 0.000954
2 2 0.000364 0.010758 0.988485 0.000042 0.000351
2 2 0.000838 0.014802 0.983992 0.000033 0.000336
2 2 0.004125 0.044204 0.944847 0.000011 0.006812
2 2 0.003583 0.149651 0.838216 0.000000 0.008550
2 2 0.005542 0.101862 0.887461 0.000003 0.005133
2 2 0.005823 0.227130 0.753913 0.000001 0.013133
2 2 0.024503 0.160199 0.805197 0.000008 0.010093
4 2 0.119432 0.335910 0.158632 0.000033 0.385993
4 2 0.046855 0.326350 0.196431 0.000014 0.430350
4 2 0.048044 0.346443 0.202022 0.000015 0.403476
4 4 0.083662 0.246064 0.135640 0.000015 0.534619
4 4 0.054365 0.232448 0.139502 0.000010 0.573675
4 4 0.113961 0.070622 0.057232 0.000295 0.757891
4 4 0.174101 0.055312 0.017321 0.000358 0.752908
4 4 0.225017 0.064914 0.031007 0.000449 0.678613
4 4 0.198648 0.108359 0.046073 0.000559 0.646361
4 4 0.111154 0.045936 0.022204 0.000292 0.820413
4 4 0.123271 0.051214 0.027363 0.000393 0.797759
4 4 0.139999 0.079024 0.063068 0.000539 0.717369
4 4 0.193552 0.090684 0.036183 0.000263 0.679318
4 4 0.130491 0.129398 0.071352 0.000490 0.668270
4 4 0.145985 0.163014 0.061222 0.000464 0.629315
2 4 0.054777 0.343353 0.438589 0.000003 0.163279
2 4 0.066511 0.275321 0.535952 0.000005 0.122211
2 4 0.045470 0.311632 0.530776 0.000019 0.112102
2 4 0.059638 0.252621 0.580805 0.000026 0.106910
2 4 0.103453 0.223494 0.437242 0.000064 0.235746
1 4 0.055953 0.427662 0.385361 0.000002 0.131023
1 4 0.041781 0.400593 0.386533 0.000002 0.171091
1 4 0.075671 0.389918 0.362913 0.000003 0.171495
1 4 0.140256 0.395152 0.277109 0.000019 0.187464
1 4 0.077792 0.384487 0.364683 0.000003 0.173035
4 4 0.262232 0.227501 0.127220 0.000520 0.382527
4 4 0.241813 0.265605 0.163457 0.000259 0.328866
0 4 0.329954 0.280142 0.112425 0.000759 0.276720
4 4 0.187287 0.235667 0.152928 0.000427 0.423690
4 4 0.268747 0.156001 0.139674 0.000427 0.435151
4 4 0.171448 0.193556 0.051618 0.000325 0.583053
4 4 0.198933 0.051417 0.025869 0.000176 0.723605
4 4 0.217592 0.175897 0.035436 0.000076 0.570999
4 4 0.183736 0.086439 0.027192 0.000163 0.702470
4 4 0.103678 0.051311 0.024451 0.000218 0.820342
4 4 0.255024 0.261519 0.124340 0.000092 0.359025
1 4 0.245599 0.310810 0.163370 0.000013 0.280207
1 4 0.254862 0.278530 0.245391 0.000023 0.221193
1 4 0.140819 0.397420 0.266169 0.000067 0.195525
1 4 0.204452 0.338496 0.195397 0.000026 0.261630
1 4 0.288615 0.340877 0.223362 0.000099 0.147046
1 4 0.251666 0.313902 0.239704 0.000199 0.194528
1 4 0.251426 0.354480 0.216541 0.000327 0.177226
0 4 0.532333 0.178661 0.093913 0.000185 0.194907
0 0 0.550865 0.271942 0.060987 0.000204 0.116002
2 1 0.011491 0.161321 0.793551 0.000001 0.033637
2 2 0.005165 0.112154 0.865121 0.000001 0.017558
2 2 0.010197 0.246594 0.699316 0.000001 0.043893
2 2 0.022889 0.236289 0.692780 0.000001 0.048043
2 2 0.029302 0.186683 0.760092 0.000002 0.023921
2 2 0.008781 0.102232 0.879675 0.000006 0.009306
2 2 0.001696 0.053464 0.937080 0.000001 0.007759
2 2 0.002475 0.109132 0.882690 0.000001 0.005701
2 2 0.001058 0.036406 0.958416 0.000003 0.004116
2 2 0.001359 0.050019 0.943700 0.000020 0.004903
2 2 0.000357 0.014276 0.983673 0.000005 0.001688
2 2 0.000752 0.024241 0.972253 0.000013 0.002741
2 2 0.000169 0.012472 0.986454 0.000027 0.000878
2 2 0.000413 0.018527 0.978996 0.000019 0.002045
2 2 0.000058 0.011236 0.987601 0.000007 0.001096
0 0 0.724384 0.071578 0.191994 0.006737 0.005307
0 0 0.882233 0.085890 0.022643 0.000281 0.008953
0 0 0.937720 0.044783 0.011713 0.000180 0.005603
0 0 0.843767 0.111006 0.035449 0.000475 0.009304
0 0 0.888717 0.084452 0.020028 0.000155 0.006649
0 0 0.904212 0.066728 0.019003 0.000386 0.009672
0 0 0.902782 0.057439 0.032516 0.000795 0.006468
0 0 0.890258 0.081594 0.020400 0.000204 0.007543
0 0 0.844954 0.100917 0.045390 0.000558 0.008181
0 0 0.725293 0.166282 0.101377 0.000482 0.006565
0 0 0.840527 0.106069 0.042371 0.000141 0.010892
0 0 0.925854 0.047340 0.017988 0.000078 0.008740
0 0 0.834439 0.079882 0.076118 0.000853 0.008709
0 0 0.859529 0.081140 0.049333 0.000297 0.009701
0 0 0.888735 0.075598 0.026686 0.000104 0.008877
0 0 0.802120 0.132996 0.057963 0.000138 0.006783
0 0 0.865373 0.103895 0.024948 0.000052 0.005732
0 0 0.929879 0.050261 0.012796 0.000161 0.006903
0 0 0.907423 0.062008 0.020056 0.000068 0.010444
0 0 0.941358 0.040087 0.014682 0.000041 0.003832
0 0 0.909653 0.061841 0.023582 0.000122 0.004802
0 0 0.936624 0.046311 0.013064 0.000067 0.003933
0 0 0.878834 0.084132 0.028823 0.000117 0.008094
0 0 0.844228 0.111094 0.029870 0.000258 0.014549
0 0 0.897178 0.077834 0.020663 0.000020 0.004304
0 0 0.679018 0.204724 0.114719 0.000003 0.001536
0 0 0.840055 0.116851 0.042223 0.000002 0.000869
0 0 0.552065 0.252675 0.193187 0.000003 0.002070
0 0 0.640941 0.209600 0.147762 0.000002 0.001696
0 0 0.807502 0.132168 0.059058 0.000002 0.001269
0 0 0.767853 0.159109 0.068456 0.000001 0.004581
0 0 0.592835 0.253592 0.147212 0.000001 0.006360
0 0 0.480385 0.281150 0.229789 0.000001 0.008676
1 1 0.232881 0.416410 0.342448 0.000001 0.008260
2 1 0.032985 0.368923 0.590749 0.000000 0.007342
2 1 0.012370 0.328313 0.649724 0.000000 0.009593
1 1 0.199309 0.411015 0.364435 0.000000 0.025242
2 1 0.034910 0.326634 0.622323 0.000000 0.016131
2 2 0.014880 0.208910 0.763684 0.000000 0.012526
2 2 0.006120 0.269451 0.718432 0.000000 0.005997
2 2 0.003386 0.227432 0.756050 0.000000 0.013133
2 2 0.004479 0.189946 0.788142 0.000000 0.017433
2 2 0.003144 0.204566 0.773157 0.000000 0.019132
2 2 0.003853 0.204261 0.771833 0.000000 0.020053
2 2 0.003335 0.186134 0.792042 0.000000 0.018490
2 2 0.000100 0.025508 0.972828 0.000002 0.001562
2 2 0.000058 0.028297 0.970214 0.000001 0.001430
2 2 0.000090 0.029111 0.968883 0.000002 0.001915
2 2 0.000041 0.012407 0.985994 0.000005 0.001554
2 2 0.000102 0.012729 0.984914 0.000005 0.002250
2 2 0.000007 0.004254 0.995027 0.000003 0.000708
2 2 0.000057 0.020016 0.977754 0.000006 0.002167
2 2 0.000030 0.011633 0.986905 0.000008 0.001424
2 2 0.000009 0.003783 0.995427 0.000004 0.000777
2 2 0.000035 0.009346 0.989743 0.000006 0.000870
2 2 0.000009 0.003421 0.996299 0.000079 0.000191
2 2 0.000005 0.001658 0.997898 0.000324 0.000115
2 2 0.000083 0.006290 0.993109 0.000118 0.000401
2 2 0.000006 0.002781 0.997013 0.000073 0.000128
2 2 0.000004 0.001338 0.998237 0.000346 0.000075
2 2 0.000030 0.009916 0.989616 0.000047 0.000392
2 2 0.000013 0.003849 0.995790 0.000092 0.000256
2 2 0.000003 0.000975 0.998886 0.000076 0.000061
2 2 0.000013 0.003205 0.996535 0.000034 0.000214
2 2 0.000005 0.003362 0.996327 0.000051 0.000255
2 2 0.000004 0.001166 0.997477 0.001245 0.000108
2 2 0.000007 0.001880 0.997296 0.000743 0.000074
2 2 0.000002 0.000601 0.998508 0.000870 0.000019
2 2 0.000004 0.001568 0.991636 0.006745 0.000047
2 2 0.000002 0.000677 0.994470 0.004819 0.000033
2 3 0.000057 0.001833 0.931055 0.066959 0.000097
2 3 0.000011 0.000759 0.936254 0.062959 0.000017
2 3 0.000010 0.000838 0.908999 0.090140 0.000012
2 3 0.000021 0.001025 0.945269 0.053669 0.000016
2 3 0.000027 0.001467 0.865321 0.133159 0.000026
3 3 0.000027 0.000586 0.427315 0.572044 0.000029
3 3 0.000018 0.000385 0.406390 0.593188 0.000019
3 3 0.000019 0.000569 0.468406 0.530983 0.000023
3 3 0.000037 0.000797 0.393255 0.605862 0.000049
3 3 0.000011 0.000293 0.444854 0.554830 0.000012
3 3 0.000104 0.000755 0.309753 0.689323 0.000065
3 3 0.000106 0.000933 0.317189 0.681681 0.000092
3 3 0.000060 0.000373 0.188068 0.811451 0.000048
3 3 0.000202 0.000907 0.200928 0.797815 0.000146
3 3 0.000233 0.001457 0.233153 0.764941 0.000217
3 3 0.000104 0.000413 0.106190 0.893197 0.000096
3 3 0.000103 0.000578 0.122555 0.876650 0.000114
3 3 0.000179 0.000628 0.115998 0.883029 0.000167
3 3 0.000076 0.000453 0.099545 0.899813 0.000113
3 3 0.000053 0.000296 0.087778 0.911799 0.000073
3 3 0.000139 0.000472 0.091344 0.907928 0.000118
3 3 0.000016 0.000103 0.044942 0.954913 0.000026
3 3 0.000068 0.000297 0.069985 0.929572 0.000078
3 3 0.000060 0.000276 0.040217 0.959368 0.000079
3 3 0.000082 0.000353 0.058406 0.941059 0.000101
3 3 0.000026 0.000139 0.048489 0.951314 0.000033
3 3 0.000041 0.000326 0.070334 0.929233 0.000066
3 3 0.000045 0.000201 0.073370 0.926339 0.000045
3 3 0.000026 0.000144 0.034110 0.965682 0.000037
3 3 0.000096 0.000326 0.072115 0.927391 0.000072
3 3 0.000096 0.000391 0.037943 0.961451 0.000119
3 3 0.000107 0.000424 0.038062 0.961277 0.000130
3 3 0.000042 0.000204 0.045857 0.953843 0.000053
3 3 0.000054 0.000252 0.043643 0.955982 0.000070
3 3 0.000059 0.000278 0.043876 0.955707 0.000081
3 3 0.000001 0.000014 0.028868 0.971114 0.000003
3 3 0.000008 0.000058 0.037386 0.962536 0.000013
3 3 0.000007 0.000048 0.035788 0.964148 0.000009
3 3 0.000009 0.000067 0.043006 0.956903 0.000016
3 3 0.000014 0.000086 0.024394 0.975486 0.000020
3 3 0.000022 0.000124 0.033521 0.966302 0.000031
3 3 0.000039 0.000189 0.029290 0.970431 0.000050
3 3 0.000053 0.000239 0.030569 0.969074 0.000066
3 3 0.000023 0.000134 0.037979 0.961829 0.000035
3 3 0.000047 0.000212 0.026573 0.973111 0.000057
3 3 0.004195 0.011416 0.303574 0.678933 0.001882
2 3 0.123192 0.049089 0.491633 0.327896 0.008190
2 1 0.104973 0.112425 0.638294 0.133614 0.010693
2 1 0.048889 0.059598 0.838164 0.046550 0.006799
2 2 0.027159 0.045001 0.842498 0.081007 0.004335
2 2 0.001435 0.011480 0.983633 0.002859 0.000593
2 2 0.000514 0.013085 0.982986 0.002888 0.000527
2 2 0.002091 0.017315 0.977695 0.002337 0.000561
2 2 0.001008 0.009514 0.981175 0.008004 0.000299
2 2 0.000565 0.011724 0.983736 0.003577 0.000398
2 2 0.011580 0.029440 0.958034 0.000336 0.000610
2 2 0.002516 0.046503 0.950501 0.000132 0.000347
2 2 0.012406 0.041739 0.945045 0.000401 0.000409
2 2 0.003105 0.049953 0.946578 0.000049 0.000315
2 2 0.003160 0.022879 0.973652 0.000032 0.000277
2 2 0.004107 0.027101 0.968105 0.000408 0.000279
2 2 0.000646 0.020714 0.978485 0.000051 0.000104
2 2 0.000045 0.003436 0.996265 0.000206 0.000047
2 2 0.000277 0.010701 0.988898 0.000038 0.000086
2 2 0.000539 0.009721 0.989505 0.000161 0.000074
2 2 0.000248 0.005090 0.994042 0.000587 0.000033
2 2 0.000038 0.002224 0.996447 0.001277 0.000013
2 2 0.000034 0.002435 0.997084 0.000418 0.000029
2 2 0.000637 0.011313 0.987187 0.000776 0.000087
2 2 0.000098 0.001917 0.997444 0.000516 0.000026
2 2 0.002509 0.034518 0.962228 0.000134 0.000611
2 2 0.001713 0.017678 0.980002 0.000161 0.000446
2 2 0.000482 0.010321 0.988880 0.000105 0.000213
2 2 0.001052 0.013231 0.985222 0.000167 0.000329
2 2 0.001454 0.044065 0.952291 0.000006 0.002184
2 2 0.026520 0.095564 0.873170 0.000030 0.004717
2 2 0.022731 0.172275 0.797063 0.000007 0.007923
2 2 0.008875 0.097392 0.886786 0.000002 0.006944
2 2 0.004848 0.085011 0.902435 0.000004 0.007701
2 2 0.005879 0.093771 0.894969 0.000007 0.005374
2 2 0.015409 0.137444 0.830505 0.000006 0.016636
2 2 0.020693 0.239353 0.712716 0.000003 0.027236
2 2 0.059960 0.211344 0.704098 0.000006 0.024592
2 2 0.043790 0.158778 0.778905 0.000002 0.018525
2 2 0.019471 0.201849 0.758810 0.000001 0.019869
2 2 0.020166 0.307979 0.602746 0.000001 0.069109
2 2 0.005859 0.210873 0.722519 0.000001 0.060748
2 2 0.006097 0.233937 0.679543 0.000000 0.080423
2 2 0.011746 0.182424 0.749685 0.000000 0.056144
2 2 0.014843 0.296426 0.618412 0.000000 0.070319
1 2 0.258436 0.368481 0.271809 0.000018 0.101256
1 2 0.104000 0.400386 0.382858 0.000013 0.112743
2 2 0.095639 0.327036 0.439910 0.000023 0.137393
2 4 0.086851 0.354554 0.385747 0.000051 0.172797
1 4 0.134889 0.342897 0.312143 0.000014 0.210057
0 4 0.310253 0.285512 0.182415 0.000129 0.221692
1 4 0.273491 0.319291 0.159969 0.000125 0.247125
4 4 0.323703 0.213706 0.131439 0.000224 0.330929
1 4 0.323814 0.334636 0.179286 0.000138 0.162126
1 4 0.184998 0.418298 0.233601 0.000196 0.162907
4 4 0.223269 0.247643 0.174776 0.000479 0.353832
4 4 0.262644 0.089987 0.052436 0.000603 0.594330
4 4 0.356920 0.126625 0.077184 0.000395 0.438875
0 4 0.311099 0.287126 0.131839 0.000354 0.269583
4 4 0.209848 0.227084 0.230269 0.000728 0.332071
4 4 0.208821 0.163957 0.119010 0.000394 0.507817
4 4 0.286496 0.249464 0.091386 0.000221 0.372433
4 4 0.232876 0.102745 0.063687 0.000519 0.600174
4 4 0.260792 0.134177 0.065924 0.000213 0.538894
4 4 0.317192 0.213998 0.072854 0.000133 0.395823
2 4 0.099272 0.328574 0.465735 0.000008 0.106410
1 1 0.288390 0.501438 0.173383 0.000018 0.036770
1 1 0.196722 0.378332 0.356704 0.000002 0.068239
2 2 0.116411 0.348539 0.435061 0.000001 0.099987
2 2 0.124141 0.352329 0.451671 0.000003 0.071857
2 2 0.126449 0.229773 0.581512 0.000008 0.062257
2 2 0.036186 0.212389 0.681136 0.000008 0.070281
2 2 0.089780 0.294315 0.536525 0.000005 0.079375
2 2 0.162174 0.353809 0.392219 0.000009 0.091788
2 2 0.068882 0.219410 0.657572 0.000035 0.054100
2 2 0.035509 0.239021 0.466038 0.000021 0.259411
4 4 0.045941 0.305513 0.320693 0.000013 0.327841
4 4 0.047209 0.272448 0.327679 0.000011 0.352653
1 4 0.062058 0.335005 0.294819 0.000004 0.308114
1 4 0.041509 0.405251 0.321558 0.000003 0.231680
4 4 0.233447 0.263136 0.107768 0.000307 0.395343
4 4 0.244727 0.200602 0.051646 0.000220 0.502804
0 4 0.379916 0.184429 0.079943 0.000180 0.355531
4 4 0.255393 0.092925 0.062155 0.000258 0.589270
4 4 0.320717 0.094856 0.035786 0.000211 0.548430
0 4 0.508777 0.227282 0.095131 0.000031 0.168779
1 4 0.272754 0.376326 0.206627 0.000038 0.144255
0 4 0.418667 0.186372 0.074694 0.000170 0.320097
0 4 0.549181 0.231101 0.085252 0.000093 0.134373
1 4 0.295964 0.338509 0.180789 0.000058 0.184681
1 4 0.103578 0.363503 0.210107 0.000122 0.322689
4 4 0.203979 0.313677 0.159384 0.000125 0.322836
1 4 0.155622 0.316717 0.212460 0.000100 0.315102
4 4 0.292961 0.158701 0.065431 0.000253 0.482655
4 4 0.277397 0.223124 0.102769 0.000072 0.396637
2 4 0.199396 0.331636 0.438804 0.000007 0.030158
2 4 0.093938 0.371754 0.517719 0.000008 0.016582
2 4 0.130326 0.322851 0.523827 0.000013 0.022983
2 1 0.217635 0.306501 0.447870 0.000005 0.027989
0 0 0.669397 0.178790 0.134690 0.000437 0.016687
1 0 0.191513 0.408915 0.353791 0.000004 0.045777
2 1 0.048071 0.300559 0.601819 0.000001 0.049550
2 1 0.052674 0.319285 0.569445 0.000001 0.058595
2 1 0.023492 0.237957 0.692228 0.000002 0.046322
2 2 0.024572 0.265485 0.669325 0.000004 0.040613
2 2 0.000936 0.050521 0.933959 0.000001 0.014584
2 2 0.002668 0.070330 0.913398 0.000002 0.013601
2 2 0.000630 0.057703 0.929011 0.000001 0.012654
2 2 0.001193 0.056804 0.930901 0.000005 0.011097
2 2 0.000257 0.026412 0.967356 0.000006 0.005969
2 2 0.000263 0.030055 0.964259 0.000013 0.005409
2 2 0.002593 0.040438 0.946865 0.000044 0.010060
2 2 0.001035 0.039286 0.950204 0.000006 0.009470
2 2 0.002144 0.056966 0.932287 0.000010 0.008593
2 2 0.000313 0.026134 0.966437 0.000028 0.007088
2 2 0.003690 0.079232 0.902996 0.000004 0.014078
2 2 0.002635 0.092397 0.893245 0.000002 0.011721
2 2 0.000503 0.043794 0.948684 0.000003 0.007015
2 2 0.002096 0.027153 0.966324 0.000016 0.004411
2 2 0.000856 0.042169 0.953762 0.000017 0.003196
2 2 0.001521 0.071257 0.891522 0.000041 0.035659
2 2 0.003658 0.153636 0.766112 0.000003 0.076591
2 2 0.011048 0.219117 0.583659 0.000003 0.186174
2 2 0.002474 0.110299 0.821470 0.000003 0.065755
2 2 0.002722 0.119555 0.803636 0.000005 0.074083
2 2 0.027093 0.152009 0.814867 0.000005 0.006026
2 2 0.003674 0.138179 0.856891 0.000002 0.001255
2 2 0.009926 0.075617 0.911286 0.000003 0.003168
2 1 0.113938 0.225800 0.652121 0.000406 0.007735
2 2 0.008202 0.127929 0.859893 0.000001 0.003975
2 2 0.012251 0.339288 0.581373 0.000000 0.067088
2 2 0.013677 0.267385 0.640845 0.000000 0.078093
2 2 0.029793 0.352627 0.574066 0.000000 0.043513
2 2 0.008688 0.231959 0.701786 0.000000 0.057568
2 2 0.006771 0.278240 0.651980 0.000000 0.063009
2 2 0.003150 0.098221 0.877141 0.000000 0.021487
2 2 0.005480 0.110268 0.855779 0.000001 0.028472
2 2 0.004526 0.078925 0.892605 0.000000 0.023943
2 2 0.009775 0.179137 0.780633 0.000000 0.030455
2 2 0.001682 0.133795 0.839714 0.000001 0.024809
2 2 0.002782 0.192395 0.788954 0.000000 0.015869
2 2 0.009236 0.193363 0.771515 0.000000 0.025885
1 1 0.044627 0.478514 0.452051 0.000011 0.024797
2 1 0.012889 0.204535 0.765571 0.000000 0.017005
2 2 0.008691 0.130851 0.849473 0.000001 0.010985
2 2 0.005872 0.119018 0.847981 0.000103 0.027026
2 2 0.053514 0.284008 0.526168 0.000012 0.136298
2 2 0.088673 0.235677 0.543975 0.000033 0.131642
2 2 0.058733 0.292416 0.563354 0.000015 0.085483
2 2 0.030780 0.228376 0.645469 0.000018 0.095357
2 2 0.001474 0.077208 0.911166 0.000003 0.010150
2 2 0.002733 0.042834 0.944642 0.000006 0.009784
2 2 0.005735 0.060532 0.920587 0.000029 0.013118
2 2 0.000784 0.035663 0.956416 0.000021 0.007116
2 2 0.002843 0.064231 0.922159 0.000021 0.010746
2 2 0.003211 0.095847 0.896425 0.000006 0.004510
2 2 0.017833 0.117431 0.855676 0.000008 0.009053
2 2 0.000915 0.029441 0.966013 0.000004 0.003628
2 2 0.003005 0.033614 0.960374 0.000010 0.002997
2 2 0.002664 0.028278 0.964551 0.000017 0.004489
2 2 0.001187 0.140594 0.780751 0.000004 0.077464
2 2 0.003627 0.160785 0.770685 0.000002 0.064900
2 2 0.002235 0.115552 0.784985 0.000004 0.097224
2 2 0.006892 0.241886 0.614037 0.000001 0.137184
2 2 0.006545 0.186737 0.701232 0.000004 0.105482
2 2 0.006502 0.106614 0.879782 0.000003 0.007099
2 1 0.099324 0.398906 0.492390 0.000519 0.008861
2 1 0.008968 0.087206 0.900128 0.000010 0.003687
2 2 0.001859 0.062963 0.932112 0.000007 0.003059
2 2 0.005105 0.090851 0.899199 0.000002 0.004843
2 2 0.001698 0.074910 0.913050 0.000008 0.010333
2 2 0.000808 0.077409 0.911673 0.000003 0.010106
2 2 0.000301 0.020776 0.972310 0.000013 0.006599
2 2 0.000467 0.030029 0.962933 0.000004 0.006567
2 4 0.003750 0.060159 0.912331 0.000015 0.023745
2 4 0.035584 0.297483 0.588718 0.000006 0.078209
2 4 0.025425 0.247136 0.647599 0.000018 0.079823
2 4 0.047751 0.204416 0.573807 0.000011 0.174014
2 4 0.054307 0.335181 0.495275 0.000001 0.115236
2 4 0.086077 0.313402 0.498249 0.000007 0.102265
0 4 0.462067 0.236436 0.107627 0.000099 0.193771
0 4 0.434607 0.259206 0.109411 0.000105 0.196670
0 4 0.393549 0.353420 0.164117 0.000065 0.088848
0 1 0.660613 0.213704 0.046136 0.000042 0.079504
0 1 0.679577 0.159342 0.057194 0.000024 0.103863
2 1 0.036636 0.345936 0.586565 0.000000 0.030863
2 1 0.033334 0.233194 0.692091 0.000000 0.041381
2 2 0.019762 0.225028 0.722289 0.000000 0.032920
2 2 0.050493 0.336715 0.589614 0.000000 0.023178
2 2 0.016878 0.161500 0.789674 0.000001 0.031948
2 2 0.000062 0.009824 0.988657 0.000007 0.001450
2 2 0.000067 0.012741 0.985355 0.000007 0.001830
2 2 0.000059 0.007834 0.989891 0.000003 0.002213
2 2 0.000104 0.014071 0.981556 0.000008 0.004261
2 2 0.000212 0.029060 0.967422 0.000018 0.003288
2 2 0.000190 0.006535 0.992680 0.000020 0.000575
2 2 0.000099 0.008154 0.991079 0.000026 0.000642
2 2 0.000287 0.018700 0.980528 0.000055 0.000429
2 2 0.000077 0.006400 0.993250 0.000007 0.000266
2 2 0.000186 0.004218 0.995108 0.000112 0.000376
2 2 0.000012 0.002252 0.997191 0.000361 0.000184
2 2 0.000033 0.004513 0.994781 0.000415 0.000258
2 2 0.000028 0.004012 0.995211 0.000297 0.000453
2 2 0.000038 0.004626 0.994595 0.000454 0.000287
2 2 0.000161 0.013384 0.985641 0.000172 0.000642
2 2 0.001669 0.021507 0.976229 0.000009 0.000586
