0 0 0.975061 0.017924 0.002003 0.000042 0.004970
0 0 0.979682 0.014449 0.002326 0.000057 0.003486
0 0 0.974969 0.019270 0.002117 0.000027 0.003617
0 0 0.980934 0.012824 0.001298 0.000034 0.004910
0 0 0.980302 0.013597 0.001392 0.000033 0.004676
0 0 0.965972 0.022555 0.006112 0.000268 0.005093
0 0 0.978309 0.014330 0.004658 0.000161 0.002542
0 0 0.980848 0.012337 0.004295 0.000168 0.002352
0 0 0.972364 0.017162 0.007656 0.000302 0.002515
0 0 0.947932 0.036519 0.005616 0.000191 0.009743
0 0 0.962904 0.023430 0.008085 0.000444 0.005137
0 0 0.983687 0.010379 0.004693 0.000112 0.001129
0 0 0.979898 0.012248 0.005031 0.000264 0.002559
0 0 0.973206 0.017480 0.004023 0.000193 0.005099
0 0 0.981521 0.012366 0.003989 0.000117 0.002007
0 0 0.973977 0.015785 0.008200 0.000264 0.001774
0 0 0.982268 0.011776 0.003460 0.000120 0.002376
0 0 0.952798 0.032820 0.006654 0.000240 0.007488
0 0 0.946115 0.037584 0.006165 0.000223 0.009914
0 0 0.957164 0.028494 0.007163 0.000334 0.006844
0 0 0.888345 0.082445 0.021701 0.000380 0.007130
0 0 0.844765 0.116363 0.026022 0.000549 0.012301
0 0 0.894609 0.074315 0.027082 0.000316 0.003677
0 0 0.959016 0.027959 0.009550 0.000239 0.003237
1 0 0.236484 0.483436 0.260051 0.000736 0.019293
1 0 0.256163 0.391694 0.262173 0.002332 0.087639
1 1 0.058732 0.486525 0.362000 0.002406 0.090336
1 1 0.048585 0.482116 0.389760 0.001909 0.077630
1 1 0.035471 0.468564 0.356552 0.002283 0.137131
1 2 0.025033 0.498046 0.393389 0.000577 0.082955
1 2 0.012739 0.429657 0.375211 0.001227 0.181167
1 2 0.012380 0.419322 0.415216 0.001495 0.151587
1 2 0.026737 0.468845 0.335322 0.001519 0.167577
1 1 0.022724 0.490548 0.336108 0.000744 0.149876
1 2 0.012461 0.458421 0.347952 0.000602 0.180563
2 2 0.001816 0.306325 0.627183 0.000443 0.064232
1 2 0.003629 0.460254 0.430770 0.000068 0.105279
1 2 0.004946 0.467795 0.414497 0.000101 0.112661
2 2 0.002677 0.396007 0.540545 0.000098 0.060674
2 2 0.002535 0.296135 0.642262 0.000131 0.058936
2 2 0.012160 0.457769 0.496737 0.000159 0.033175
2 2 0.002179 0.272977 0.689466 0.000664 0.034713
2 2 0.002454 0.272399 0.709085 0.000172 0.015889
2 2 0.000276 0.045758 0.948953 0.000282 0.004731
2 2 0.001123 0.167504 0.823446 0.000086 0.007841
2 2 0.000260 0.061314 0.935477 0.000243 0.002707
2 2 0.000145 0.022222 0.976341 0.000446 0.000846
2 2 0.000081 0.020133 0.978880 0.000310 0.000597
2 2 0.000259 0.052392 0.943861 0.000448 0.003040
2 2 0.000036 0.010287 0.987820 0.001240 0.000617
2 2 0.000060 0.008047 0.983907 0.007534 0.000452
2 2 0.000524 0.013612 0.978979 0.006701 0.000184
2 2 0.000350 0.015548 0.980551 0.003204 0.000347
2 2 0.000187 0.017317 0.976090 0.005698 0.000707
2 2 0.000261 0.006693 0.987049 0.005874 0.000122
2 2 0.000084 0.001940 0.756769 0.241152 0.000055
2 2 0.000076 0.001270 0.900395 0.098214 0.000045
2 2 0.000008 0.000533 0.701372 0.298050 0.000037
2 2 0.000050 0.001514 0.812757 0.185635 0.000043
2 2 0.000022 0.000519 0.733839 0.265599 0.000022
2 2 0.000021 0.000598 0.567228 0.432064 0.000088
3 2 0.000019 0.000522 0.421157 0.578263 0.000039
3 2 0.000034 0.000570 0.392970 0.606327 0.000099
3 3 0.000007 0.000234 0.392774 0.606965 0.000018
3 3 0.000010 0.000231 0.319997 0.679744 0.000018
3 3 0.000008 0.000383 0.442758 0.556709 0.000142
3 3 0.000127 0.001691 0.318759 0.678484 0.000939
3 3 0.000021 0.000466 0.250839 0.748388 0.000286
3 3 0.000053 0.000659 0.192156 0.806631 0.000501
3 3 0.000087 0.000644 0.116796 0.881869 0.000604
3 3 0.000064 0.000327 0.114285 0.885085 0.000240
3 3 0.000081 0.000629 0.126128 0.872637 0.000524
3 3 0.000021 0.000132 0.047545 0.952171 0.000130
3 3 0.000045 0.000197 0.046298 0.953225 0.000234
3 3 0.000020 0.000201 0.081924 0.917653 0.000202
3 3 0.000025 0.000153 0.053283 0.946343 0.000195
3 3 0.000029 0.000124 0.039570 0.960143 0.000134
3 3 0.000024 0.000113 0.038390 0.961374 0.000100
3 3 0.000081 0.000373 0.073956 0.924944 0.000646
3 3 0.000007 0.000043 0.029991 0.969930 0.000029
3 3 0.000465 0.000316 0.021008 0.976998 0.001213
3 3 0.000297 0.000391 0.030546 0.967626 0.001140
3 3 0.000150 0.000153 0.019976 0.979347 0.000375
3 3 0.000467 0.000447 0.031144 0.966642 0.001301
3 3 0.000072 0.000091 0.017512 0.982090 0.000236
3 3 0.002744 0.005741 0.129821 0.848412 0.013283
3 3 0.003960 0.004362 0.091113 0.882404 0.018161
2 2 0.006646 0.088589 0.564925 0.308359 0.031480
2 2 0.004497 0.066191 0.556659 0.323633 0.049020
2 2 0.006794 0.085452 0.681451 0.180254 0.046050
2 2 0.019053 0.233689 0.671287 0.031254 0.044717
2 2 0.004583 0.107896 0.807584 0.053489 0.026450
2 2 0.005477 0.112132 0.834523 0.031879 0.015990
2 2 0.007054 0.186954 0.732260 0.032422 0.041310
0 0 0.411606 0.323569 0.213955 0.012555 0.038315
1 0 0.205088 0.603659 0.155782 0.000058 0.035413
1 0 0.143135 0.550088 0.273664 0.000392 0.032722
0 0 0.505457 0.375868 0.096941 0.000292 0.021443
1 1 0.362573 0.450399 0.163530 0.000546 0.022952
2 1 0.037076 0.451503 0.483256 0.000789 0.027377
2 2 0.005526 0.311705 0.564419 0.004435 0.113915
2 2 0.003599 0.280468 0.637716 0.001662 0.076555
2 2 0.005713 0.335380 0.544100 0.002584 0.112223
2 2 0.008072 0.381550 0.523619 0.001233 0.085526
2 2 0.004948 0.215016 0.719835 0.002872 0.057330
2 2 0.006094 0.313161 0.627846 0.002170 0.050729
2 2 0.005759 0.324281 0.614080 0.001633 0.054247
2 2 0.001426 0.091421 0.880350 0.001855 0.024947
2 2 0.007052 0.378903 0.532583 0.000988 0.080474
1 1 0.030151 0.529684 0.363789 0.000359 0.076017
1 1 0.257302 0.497028 0.191280 0.001106 0.053283
1 1 0.124477 0.585594 0.244562 0.000230 0.045138
1 2 0.025847 0.468194 0.466657 0.000514 0.038788
1 1 0.167247 0.601433 0.191620 0.000107 0.039593
1 2 0.038391 0.543731 0.358968 0.000296 0.058614
2 2 0.001242 0.224075 0.742344 0.000928 0.031410
2 2 0.000863 0.175428 0.793742 0.002268 0.027700
2 2 0.000144 0.089551 0.896246 0.000463 0.013596
2 2 0.000686 0.232799 0.731639 0.000293 0.034583
2 2 0.000199 0.075633 0.909457 0.000475 0.014236
2 2 0.000160 0.099856 0.896084 0.000250 0.003651
2 2 0.000149 0.071784 0.925698 0.000085 0.002285
2 2 0.000049 0.081538 0.913330 0.000067 0.005017
2 2 0.000049 0.014427 0.985041 0.000131 0.000352
2 2 0.000284 0.141919 0.845084 0.000423 0.012289
2 2 0.003157 0.153543 0.833173 0.000679 0.009448
2 2 0.001035 0.091234 0.902519 0.000387 0.004824
2 1 0.010802 0.326472 0.642580 0.000830 0.019316
2 1 0.004049 0.230348 0.750850 0.001624 0.013129
2 2 0.002494 0.223991 0.756019 0.001197 0.016299
2 2 0.007541 0.284828 0.677761 0.002236 0.027634
2 2 0.013601 0.389534 0.563859 0.000777 0.032229
2 2 0.004999 0.304478 0.665899 0.000711 0.023914
2 2 0.003849 0.295324 0.676318 0.000392 0.024118
2 2 0.004509 0.298938 0.668849 0.000295 0.027409
1 2 0.021550 0.561591 0.374460 0.000037 0.042362
1 2 0.008998 0.480105 0.459441 0.000105 0.051351
2 2 0.011855 0.455947 0.490044 0.000213 0.041940
2 2 0.007326 0.438049 0.519873 0.000110 0.034642
2 2 0.008357 0.461408 0.482501 0.000074 0.047661
2 2 0.000056 0.087511 0.910323 0.000040 0.002070
2 2 0.000234 0.155088 0.839763 0.000042 0.004873
2 2 0.000025 0.026894 0.972501 0.000013 0.000567
2 2 0.000022 0.047792 0.949768 0.000037 0.002381
2 2 0.000003 0.011949 0.987524 0.000011 0.000513
2 2 0.000114 0.008490 0.987303 0.003949 0.000144
2 2 0.000064 0.008790 0.989336 0.001530 0.000280
2 2 0.000045 0.014951 0.983359 0.001103 0.000541
2 2 0.000018 0.003513 0.994618 0.001764 0.000086
2 2 0.000021 0.008336 0.990297 0.001086 0.000260
2 2 0.000001 0.000256 0.996835 0.002906 0.000002
2 2 0.000002 0.000619 0.995489 0.003887 0.000003
2 2 0.000029 0.007818 0.989486 0.002505 0.000163
2 2 0.000001 0.000299 0.991578 0.008119 0.000003
2 2 0.000003 0.000644 0.993248 0.006100 0.000006
2 2 0.000020 0.002839 0.962110 0.034876 0.000156
2 2 0.000003 0.000687 0.978418 0.020872 0.000019
2 2 0.000006 0.000853 0.972105 0.027013 0.000022
2 2 0.000003 0.001108 0.965430 0.033371 0.000088
2 2 0.000004 0.001055 0.950403 0.048487 0.000051
2 2 0.000017 0.001204 0.880374 0.118349 0.000055
2 2 0.000013 0.001440 0.867040 0.131383 0.000124
2 3 0.000006 0.000524 0.764800 0.234637 0.000033
2 3 0.000005 0.000535 0.751949 0.247479 0.000032
2 3 0.000004 0.000406 0.754419 0.245151 0.000020
3 3 0.000251 0.001424 0.209304 0.787780 0.001242
3 3 0.000070 0.000785 0.191659 0.806539 0.000948
3 3 0.000068 0.000645 0.133523 0.865167 0.000597
3 3 0.000083 0.000416 0.079910 0.919102 0.000490
3 3 0.000070 0.000462 0.095093 0.903849 0.000527
3 3 0.000382 0.000901 0.079011 0.917391 0.002315
3 3 0.000546 0.000786 0.051852 0.944441 0.002375
3 3 0.000351 0.000430 0.033300 0.964499 0.001421
3 3 0.002086 0.002046 0.055526 0.935019 0.005322
3 3 0.000307 0.000789 0.065427 0.931856 0.001619
3 3 0.000109 0.000172 0.025781 0.973608 0.000331
3 3 0.000346 0.000364 0.029329 0.968733 0.001228
3 3 0.000296 0.000471 0.045991 0.952151 0.001092
3 3 0.000180 0.000243 0.026994 0.971996 0.000587
3 3 0.000572 0.000309 0.018326 0.979215 0.001578
3 3 0.000853 0.000347 0.017020 0.979964 0.001815
3 3 0.002531 0.000547 0.014585 0.977504 0.004833
3 3 0.002812 0.000730 0.018627 0.973439 0.004392
3 3 0.000545 0.000293 0.018018 0.979771 0.001373
3 3 0.000188 0.000168 0.018410 0.980611 0.000622
3 3 0.002111 0.000744 0.020978 0.970815 0.005353
3 3 0.008111 0.001093 0.015376 0.964016 0.011404
3 3 0.002004 0.002067 0.050091 0.938055 0.007783
3 3 0.014339 0.032210 0.247343 0.663065 0.043043
3 2 0.060121 0.051916 0.223420 0.623965 0.040578
2 2 0.019329 0.340971 0.553636 0.010911 0.075154
2 2 0.005177 0.149403 0.725847 0.068334 0.051240
2 2 0.005998 0.178444 0.682368 0.056644 0.076546
2 2 0.001725 0.056891 0.828601 0.092614 0.020168
2 2 0.003557 0.109563 0.819266 0.033522 0.034092
2 2 0.000951 0.044704 0.902645 0.044904 0.006796
2 2 0.000181 0.029950 0.938141 0.022361 0.009366
2 2 0.000113 0.020290 0.968652 0.005453 0.005491
2 2 0.000063 0.014430 0.966448 0.012909 0.006150
2 2 0.000010 0.003735 0.959184 0.035957 0.001115
2 2 0.000028 0.003743 0.986007 0.010003 0.000220
2 2 0.000198 0.018794 0.955390 0.023697 0.001921
2 2 0.000472 0.019916 0.936986 0.041224 0.001402
2 2 0.000009 0.002268 0.987103 0.010480 0.000140
2 2 0.000003 0.001377 0.986094 0.012343 0.000183
2 2 0.000011 0.001651 0.874324 0.123770 0.000244
2 2 0.000028 0.002331 0.659132 0.338140 0.000368
2 2 0.000015 0.001615 0.873631 0.124588 0.000152
2 2 0.000014 0.001914 0.853401 0.144054 0.000617
2 3 0.000043 0.002777 0.669794 0.327059 0.000327
2 3 0.000007 0.000581 0.713182 0.286123 0.000107
3 3 0.000014 0.000823 0.377885 0.621150 0.000128
2 3 0.000001 0.000191 0.717733 0.282060 0.000015
3 3 0.000002 0.000223 0.406864 0.592873 0.000038
3 3 0.000004 0.000359 0.424095 0.575484 0.000058
3 3 0.000028 0.000346 0.128026 0.871376 0.000224
3 3 0.000019 0.000351 0.216732 0.782688 0.000209
3 3 0.000118 0.000706 0.131367 0.867494 0.000315
3 3 0.000097 0.000716 0.107936 0.890616 0.000635
3 3 0.000018 0.000328 0.151301 0.848167 0.000187
3 3 0.000562 0.001911 0.145755 0.848878 0.002894
3 3 0.000323 0.000918 0.084333 0.912478 0.001948
3 3 0.000485 0.000507 0.033714 0.964020 0.001274
3 3 0.000127 0.000504 0.093627 0.905256 0.000486
3 3 0.000647 0.001074 0.057828 0.938055 0.002395
3 3 0.000397 0.000578 0.041883 0.955859 0.001283
3 3 0.001439 0.000912 0.032985 0.961123 0.003542
3 3 0.000845 0.001379 0.067709 0.925874 0.004193
3 3 0.002161 0.001033 0.028870 0.963961 0.003975
3 3 0.012103 0.006093 0.061285 0.905748 0.014770
2 2 0.001762 0.015671 0.544662 0.435207 0.002697
3 2 0.000661 0.007268 0.451909 0.539220 0.000941
2 2 0.000891 0.019212 0.739806 0.236973 0.003118
2 2 0.000211 0.004572 0.570873 0.423759 0.000585
2 2 0.000101 0.003667 0.703939 0.291863 0.000430
2 2 0.000017 0.001222 0.805821 0.192871 0.000070
2 2 0.000024 0.001693 0.958793 0.039395 0.000095
2 2 0.001064 0.022828 0.842329 0.130694 0.003084
2 2 0.000026 0.001061 0.762326 0.236527 0.000061
2 2 0.000005 0.000663 0.767900 0.231380 0.000052
2 2 0.000021 0.000954 0.810426 0.188557 0.000043
2 2 0.000048 0.002706 0.890500 0.106581 0.000164
2 2 0.000010 0.001262 0.819431 0.179180 0.000117
2 2 0.000003 0.000415 0.775007 0.224558 0.000017
2 2 0.000074 0.002385 0.747828 0.249603 0.000111
2 2 0.000004 0.000876 0.972176 0.026861 0.000083
2 2 0.000341 0.008798 0.917974 0.072512 0.000375
2 2 0.000026 0.001680 0.961816 0.036443 0.000035
2 2 0.000187 0.006698 0.935465 0.057389 0.000262
2 2 0.000235 0.007264 0.953893 0.038291 0.000317
2 2 0.000303 0.026526 0.966856 0.002562 0.003752
2 2 0.000546 0.064728 0.926624 0.000622 0.007480
2 2 0.000084 0.031796 0.964066 0.000770 0.003284
2 2 0.000821 0.243406 0.694178 0.000604 0.060992
2 2 0.000809 0.187943 0.763573 0.002424 0.045250
1 2 0.008607 0.501543 0.168068 0.000030 0.321751
1 2 0.034842 0.536010 0.123092 0.000034 0.306023
1 2 0.017152 0.577452 0.142347 0.000017 0.263033
1 2 0.021111 0.565012 0.148135 0.000032 0.265709
4 4 0.003658 0.289285 0.163469 0.000226 0.543363
4 4 0.007755 0.121801 0.082672 0.002374 0.785398
4 4 0.009418 0.132536 0.077537 0.002038 0.778471
4 4 0.006902 0.154482 0.076685 0.000864 0.761067
4 4 0.003514 0.165283 0.095174 0.000528 0.735501
4 4 0.024287 0.311155 0.106722 0.000666 0.557170
1 2 0.002122 0.452716 0.415290 0.000036 0.129837
2 2 0.002442 0.330459 0.508120 0.000863 0.158116
1 2 0.004258 0.480467 0.333064 0.000062 0.182149
4 2 0.000657 0.238809 0.325808 0.000577 0.434148
2 2 0.000757 0.235555 0.413495 0.001381 0.348813
4 4 0.004922 0.082886 0.048963 0.000969 0.862260
4 4 0.011244 0.202439 0.100403 0.001566 0.684349
4 4 0.012417 0.275495 0.167428 0.002953 0.541707
4 4 0.012058 0.250941 0.087471 0.000439 0.649091
4 4 0.015085 0.315876 0.091173 0.000136 0.577730
2 2 0.001701 0.283069 0.692553 0.000181 0.022495
2 2 0.001423 0.251259 0.705577 0.000739 0.041003
2 2 0.000183 0.161155 0.804908 0.000142 0.033611
2 2 0.000189 0.152298 0.820987 0.000115 0.026411
2 2 0.001737 0.276871 0.694619 0.000215 0.026558
2 2 0.000006 0.025987 0.973135 0.000015 0.000856
2 2 0.000004 0.019790 0.979669 0.000011 0.000526
2 2 0.000003 0.014184 0.985341 0.000026 0.000447
2 2 0.000006 0.029922 0.968676 0.000009 0.001387
2 2 0.000011 0.027739 0.971509 0.000021 0.000719
2 2 0.000052 0.014129 0.981254 0.003661 0.000903
2 2 0.000116 0.028719 0.963015 0.005079 0.003071
2 2 0.000020 0.013498 0.985008 0.000335 0.001139
2 2 0.000045 0.009414 0.987756 0.001811 0.000973
2 2 0.000010 0.008909 0.987401 0.001629 0.002052
2 2 0.000000 0.000512 0.991740 0.007691 0.000056
2 2 0.000000 0.000464 0.975760 0.023709 0.000068
2 2 0.000002 0.000778 0.971049 0.028126 0.000046
2 2 0.000000 0.000191 0.918120 0.081677 0.000011
2 2 0.000000 0.000171 0.985534 0.014290 0.000006
2 2 0.000005 0.000645 0.881609 0.117709 0.000033
2 2 0.000023 0.001978 0.871468 0.126383 0.000148
2 2 0.000024 0.002055 0.885399 0.112317 0.000206
2 2 0.000015 0.001162 0.869163 0.129585 0.000074
2 2 0.001149 0.017229 0.852930 0.127317 0.001375
2 2 0.000030 0.003343 0.826837 0.169318 0.000472
2 2 0.000038 0.002487 0.861154 0.135371 0.000950
2 2 0.000010 0.000966 0.892216 0.106692 0.000116
2 2 0.000002 0.000327 0.753358 0.246284 0.000028
2 2 0.000038 0.002463 0.802840 0.194356 0.000303
2 2 0.000062 0.002224 0.614532 0.382950 0.000232
2 2 0.000167 0.003218 0.732204 0.264100 0.000312
2 2 0.000046 0.001100 0.580267 0.418496 0.000091
2 2 0.000126 0.002270 0.637803 0.359479 0.000321
3 2 0.000315 0.002471 0.407642 0.589207 0.000364
3 2 0.000043 0.000584 0.236469 0.762741 0.000163
3 2 0.000059 0.000737 0.298339 0.700434 0.000432
3 3 0.000146 0.001078 0.221140 0.777199 0.000437
3 3 0.000030 0.000461 0.168727 0.830432 0.000349
3 3 0.000057 0.000728 0.263498 0.735411 0.000306
3 3 0.000482 0.000509 0.034789 0.962754 0.001466
3 3 0.000293 0.000355 0.031237 0.966995 0.001120
3 3 0.000500 0.000349 0.022561 0.975434 0.001155
3 3 0.000599 0.000564 0.031906 0.965550 0.001380
3 3 0.000215 0.000372 0.039091 0.959290 0.001032
3 3 0.001593 0.000616 0.020858 0.973782 0.003151
3 3 0.000511 0.000324 0.020683 0.977271 0.001211
3 3 0.000569 0.000472 0.027451 0.970089 0.001419
3 3 0.000244 0.000198 0.019487 0.979474 0.000598
3 3 0.000330 0.000320 0.025325 0.973126 0.000899
3 3 0.000343 0.000284 0.021961 0.976405 0.001007
3 3 0.000574 0.000273 0.016403 0.981307 0.001444
3 3 0.000157 0.000186 0.022721 0.976475 0.000461
3 3 0.000416 0.000279 0.020177 0.978143 0.000985
3 3 0.000350 0.000219 0.017096 0.981318 0.001017
3 3 0.000733 0.000489 0.024402 0.972413 0.001963
3 3 0.000804 0.000404 0.020650 0.976622 0.001520
3 3 0.002502 0.000509 0.014187 0.978862 0.003939
3 2 0.007107 0.006161 0.076227 0.895946 0.014560
3 2 0.002425 0.003867 0.096145 0.892486 0.005076
2 2 0.000165 0.005254 0.829085 0.165174 0.000322
2 2 0.000043 0.002173 0.834678 0.163003 0.000103
2 2 0.000067 0.003153 0.872583 0.123987 0.000211
2 2 0.000011 0.001214 0.848283 0.150390 0.000103
2 2 0.000021 0.002226 0.823622 0.173885 0.000245
3 2 0.000031 0.000721 0.197923 0.801099 0.000225
3 2 0.000032 0.000441 0.152819 0.846540 0.000168
3 3 0.000037 0.000518 0.156832 0.842408 0.000205
3 3 0.000012 0.000291 0.139027 0.860570 0.000100
3 3 0.000056 0.000767 0.176833 0.822035 0.000308
3 3 0.000338 0.002156 0.165375 0.831140 0.000991
3 3 0.000030 0.000243 0.079943 0.919570 0.000214
3 3 0.000076 0.000205 0.036839 0.962658 0.000221
3 3 0.000355 0.000796 0.057478 0.940183 0.001187
3 3 0.000043 0.000361 0.104207 0.895133 0.000255
3 3 0.000013 0.000400 0.228634 0.770884 0.000068
3 3 0.000072 0.001565 0.305465 0.692423 0.000476
3 3 0.000023 0.000465 0.213763 0.785661 0.000089
3 3 0.000043 0.000486 0.126227 0.873078 0.000166
3 3 0.000014 0.000345 0.189574 0.809960 0.000108
3 3 0.000236 0.001895 0.237582 0.759641 0.000647
3 3 0.000057 0.000767 0.202353 0.796530 0.000293
3 3 0.000048 0.000821 0.205498 0.793148 0.000485
3 3 0.000095 0.000581 0.086673 0.912235 0.000415
3 3 0.000200 0.000848 0.092055 0.905856 0.001042
3 3 0.000378 0.000478 0.037756 0.960247 0.001142
3 3 0.000281 0.000401 0.036340 0.962038 0.000941
3 3 0.000204 0.000194 0.021067 0.978027 0.000507
3 3 0.000615 0.000579 0.032065 0.965284 0.001457
3 3 0.000200 0.000363 0.037125 0.961506 0.000806
3 3 0.001241 0.000482 0.018673 0.976849 0.002754
3 3 0.000826 0.000432 0.021567 0.975365 0.001810
3 3 0.002421 0.000623 0.016613 0.975277 0.005065
3 3 0.000529 0.000226 0.014833 0.983312 0.001100
3 3 0.000594 0.000401 0.022718 0.974660 0.001626
3 3 0.000882 0.000600 0.027951 0.968766 0.001801
3 3 0.005374 0.005725 0.092365 0.888127 0.008409
3 3 0.003561 0.002504 0.053194 0.932599 0.008142
3 3 0.009096 0.011987 0.135026 0.814323 0.029568
3 3 0.007204 0.021720 0.283207 0.676189 0.011681
2 3 0.000493 0.007168 0.781353 0.210626 0.000360
2 3 0.000091 0.002237 0.763191 0.234409 0.000073
2 3 0.000269 0.005677 0.786875 0.206890 0.000289
2 3 0.000388 0.003468 0.892099 0.103997 0.000048
2 3 0.000041 0.001140 0.914467 0.084322 0.000030
2 3 0.000087 0.003952 0.918381 0.077421 0.000159
2 2 0.000062 0.002829 0.830904 0.166089 0.000116
2 2 0.000067 0.002574 0.867285 0.129950 0.000123
2 2 0.000017 0.001007 0.862829 0.136121 0.000026
2 2 0.000050 0.002098 0.889240 0.108525 0.000087
2 2 0.000371 0.010651 0.754616 0.231015 0.003348
2 2 0.000043 0.001416 0.505197 0.493103 0.000240
2 2 0.000262 0.004745 0.643386 0.351012 0.000595
3 2 0.000136 0.002732 0.394396 0.602144 0.000591
3 3 0.000211 0.005722 0.455055 0.537664 0.001349
2 3 0.000306 0.006163 0.538533 0.453304 0.001694
3 3 0.000214 0.001941 0.266208 0.730564 0.001072
3 3 0.000119 0.001933 0.316058 0.681132 0.000757
3 3 0.000045 0.000711 0.165062 0.833889 0.000293
3 3 0.000072 0.000958 0.189639 0.808904 0.000427
3 3 0.000232 0.001622 0.179866 0.817691 0.000588
3 3 0.000101 0.000549 0.102265 0.896868 0.000216
3 3 0.000136 0.000577 0.081064 0.917792 0.000431
3 3 0.000285 0.000706 0.063456 0.934946 0.000607
3 3 0.000187 0.001023 0.150344 0.847983 0.000462
2 2 0.009313 0.040078 0.552278 0.392027 0.006305
3 2 0.000618 0.004050 0.248862 0.744776 0.001694
3 2 0.000478 0.004766 0.463005 0.531225 0.000526
3 2 0.000613 0.004813 0.456687 0.537425 0.000462
2 2 0.000127 0.001820 0.609824 0.387949 0.000279
2 2 0.000223 0.004888 0.506024 0.488224 0.000641
2 3 0.000064 0.001897 0.606159 0.391772 0.000108
2 3 0.000063 0.002289 0.615624 0.381842 0.000182
2 3 0.000005 0.000327 0.544195 0.455453 0.000020
2 3 0.000014 0.000499 0.555395 0.444039 0.000053
3 3 0.000050 0.001676 0.461410 0.536613 0.000250
3 3 0.000020 0.000430 0.246319 0.753171 0.000060
3 3 0.000019 0.000625 0.256606 0.742621 0.000129
3 3 0.000031 0.000831 0.404556 0.594307 0.000274
3 3 0.000010 0.000252 0.202606 0.797105 0.000027
3 3 0.000263 0.001199 0.141835 0.855524 0.001179
3 3 0.000007 0.000203 0.175499 0.824247 0.000043
3 3 0.000012 0.000229 0.148392 0.851295 0.000071
3 3 0.000018 0.000378 0.204230 0.795175 0.000198
3 3 0.000011 0.000189 0.134265 0.865489 0.000047
3 3 0.000179 0.000756 0.075120 0.923370 0.000576
3 3 0.000035 0.000309 0.105283 0.894042 0.000332
3 3 0.000215 0.001173 0.127938 0.869363 0.001311
3 3 0.001180 0.002248 0.107794 0.886146 0.002631
3 3 0.000023 0.000370 0.149159 0.850199 0.000250
3 3 0.000263 0.000832 0.106041 0.892285 0.000579
3 3 0.000177 0.000447 0.048005 0.950854 0.000517
3 3 0.000454 0.001219 0.079579 0.917219 0.001530
3 3 0.000135 0.000360 0.056723 0.942504 0.000278
3 2 0.003313 0.013620 0.279749 0.697330 0.005988
2 2 0.056342 0.070294 0.586487 0.277864 0.009013
2 1 0.032276 0.192173 0.679773 0.074265 0.021513
2 2 0.007193 0.048533 0.783456 0.156977 0.003842
2 2 0.004829 0.018084 0.902858 0.072352 0.001877
2 2 0.004520 0.014913 0.816528 0.162705 0.001334
2 2 0.001504 0.034528 0.888200 0.062497 0.013271
2 2 0.005000 0.056966 0.873737 0.054405 0.009892
2 2 0.002692 0.079778 0.830201 0.066064 0.021264
2 2 0.000676 0.059738 0.860393 0.050023 0.029169
2 2 0.001837 0.199508 0.605269 0.014551 0.178835
4 2 0.009075 0.283145 0.138577 0.001103 0.568100
4 2 0.004333 0.237007 0.167208 0.001136 0.590316
4 2 0.004706 0.275708 0.178314 0.000990 0.540283
4 2 0.005052 0.236010 0.165780 0.001370 0.591788
4 4 0.006971 0.143770 0.083489 0.001338 0.764432
4 4 0.004359 0.208137 0.092974 0.000346 0.694183
4 4 0.019497 0.327903 0.093458 0.000163 0.558978
4 4 0.008634 0.262667 0.106245 0.000629 0.621825
4 4 0.003846 0.269878 0.154641 0.000553 0.571082
4 4 0.008313 0.276925 0.114965 0.000638 0.599158
4 4 0.007830 0.214271 0.108213 0.001020 0.668666
4 4 0.003688 0.245527 0.156655 0.000703 0.593427
4 4 0.005927 0.040987 0.019984 0.000837 0.932265
4 4 0.015720 0.315508 0.107586 0.000370 0.560817
4 4 0.006223 0.250648 0.157371 0.001325 0.584432
4 4 0.001302 0.323617 0.275656 0.000143 0.399282
1 4 0.001958 0.411846 0.311449 0.000060 0.274686
1 2 0.002326 0.452467 0.288368 0.000031 0.256808
4 2 0.000851 0.300525 0.301934 0.000149 0.396541
4 2 0.001223 0.298521 0.260193 0.000195 0.439868
4 2 0.000816 0.242487 0.217682 0.000238 0.538777
1 2 0.004948 0.554650 0.238688 0.000012 0.201702
1 2 0.001070 0.373511 0.356832 0.000061 0.268526
4 2 0.002163 0.338806 0.271790 0.000235 0.387006
1 2 0.004057 0.432873 0.237583 0.000074 0.325413
1 2 0.006321 0.369291 0.271021 0.000760 0.352607
4 2 0.007536 0.314241 0.320797 0.005052 0.352374
1 2 0.003690 0.371089 0.317641 0.000370 0.307209
2 2 0.003495 0.350980 0.392107 0.000743 0.252674
1 2 0.006218 0.403712 0.265216 0.000257 0.324597
1 2 0.002400 0.454271 0.354027 0.000043 0.189260
1 2 0.002176 0.397882 0.305471 0.000092 0.294379
4 2 0.000400 0.269529 0.352130 0.000128 0.377813
1 2 0.002554 0.521114 0.282869 0.000009 0.193454
2 2 0.001166 0.316217 0.364555 0.000270 0.317791
2 2 0.000236 0.241679 0.394309 0.000143 0.363632
2 2 0.000475 0.263982 0.467836 0.000329 0.267379
2 2 0.002413 0.353494 0.374429 0.000414 0.269250
1 2 0.003492 0.391693 0.382519 0.000339 0.221956
2 2 0.002228 0.283750 0.514056 0.002697 0.197268
2 2 0.000114 0.121729 0.868522 0.000150 0.009485
2 2 0.000212 0.120669 0.871929 0.000209 0.006981
2 2 0.000121 0.167135 0.805948 0.000104 0.026693
2 2 0.000162 0.066841 0.926104 0.000108 0.006784
2 2 0.000035 0.089177 0.903352 0.000020 0.007416
2 2 0.000022 0.026365 0.973169 0.000024 0.000419
2 2 0.000555 0.182680 0.813119 0.000018 0.003628
2 2 0.000069 0.062485 0.936585 0.000055 0.000806
2 2 0.000031 0.027846 0.971674 0.000010 0.000438
2 2 0.000070 0.038516 0.960917 0.000065 0.000433
2 2 0.000011 0.006397 0.991415 0.001938 0.000239
2 2 0.000065 0.024473 0.974519 0.000098 0.000845
2 2 0.000059 0.032527 0.965381 0.000625 0.001408
2 2 0.000005 0.003620 0.995040 0.001227 0.000109
2 2 0.000011 0.007561 0.991067 0.001050 0.000311
2 2 0.000006 0.001747 0.994285 0.003931 0.000031
2 2 0.000038 0.011219 0.987853 0.000701 0.000189
2 2 0.000036 0.004263 0.994290 0.001359 0.000052
2 2 0.000039 0.005023 0.993901 0.000997 0.000040
2 2 0.000022 0.003092 0.995600 0.001264 0.000022
2 2 0.000115 0.009433 0.985854 0.004331 0.000266
2 2 0.000071 0.012623 0.979815 0.006856 0.000635
2 2 0.000172 0.015055 0.981557 0.002880 0.000336
2 2 0.000059 0.013330 0.984898 0.001229 0.000485
2 2 0.000013 0.001788 0.995390 0.002785 0.000024
2 2 0.000024 0.004281 0.970523 0.024683 0.000489
2 2 0.000030 0.002565 0.962807 0.034482 0.000117
2 2 0.000009 0.000949 0.984443 0.014582 0.000016
2 2 0.000099 0.013138 0.955303 0.029894 0.001566
2 2 0.000011 0.002072 0.978482 0.019290 0.000145
2 2 0.003304 0.012912 0.836106 0.147367 0.000311
2 2 0.001583 0.023760 0.915152 0.058751 0.000753
2 2 0.004170 0.028716 0.901183 0.065229 0.000702
2 2 0.001100 0.013736 0.921363 0.063489 0.000312
2 2 0.000265 0.002225 0.978143 0.019358 0.000009
2 2 0.000006 0.001530 0.974993 0.023358 0.000113
2 2 0.000166 0.026481 0.951775 0.015693 0.005885
2 2 0.000005 0.002506 0.966322 0.030916 0.000250
2 2 0.000021 0.004905 0.980637 0.013970 0.000467
2 2 0.000004 0.001514 0.980212 0.017900 0.000369
2 2 0.000042 0.000841 0.944148 0.054966 0.000003
2 2 0.000045 0.001296 0.922818 0.075830 0.000010
2 2 0.000021 0.002404 0.973923 0.023595 0.000058
2 2 0.000003 0.000444 0.951296 0.048245 0.000012
2 2 0.000017 0.000618 0.956878 0.042485 0.000003
2 2 0.000027 0.000683 0.531386 0.467870 0.000034
3 2 0.000021 0.000362 0.488545 0.511038 0.000034
2 2 0.000085 0.000989 0.623656 0.375193 0.000078
3 2 0.000016 0.000362 0.253523 0.746056 0.000043
3 2 0.000004 0.000139 0.258746 0.741105 0.000006
3 3 0.000023 0.000437 0.305757 0.693754 0.000028
2 3 0.000296 0.003373 0.608181 0.388016 0.000134
3 3 0.000015 0.000174 0.396914 0.602893 0.000004
3 3 0.000024 0.000379 0.493830 0.505756 0.000011
3 3 0.000012 0.000210 0.388322 0.611448 0.000008
3 3 0.000245 0.001298 0.129945 0.867979 0.000533
3 3 0.000111 0.000992 0.258821 0.739754 0.000320
3 3 0.000099 0.000657 0.141098 0.857671 0.000475
3 3 0.000130 0.000372 0.047498 0.951619 0.000380
3 3 0.000069 0.000372 0.069001 0.930271 0.000287
3 3 0.000174 0.000545 0.069673 0.928628 0.000979
3 3 0.000572 0.000512 0.029358 0.968085 0.001473
3 3 0.000475 0.000471 0.030183 0.967679 0.001193
3 3 0.000815 0.000432 0.021031 0.975829 0.001893
3 3 0.000506 0.000509 0.031586 0.966189 0.001210
3 3 0.001215 0.000435 0.017706 0.978394 0.002250
3 3 0.001365 0.000595 0.021772 0.973413 0.002855
3 3 0.000328 0.000379 0.028485 0.969642 0.001166
3 3 0.000109 0.000147 0.022181 0.977226 0.000336
3 3 0.000736 0.000587 0.030238 0.966555 0.001883
3 3 0.001669 0.000814 0.026348 0.967870 0.003298
3 3 0.000400 0.000297 0.021037 0.977090 0.001176
3 3 0.001585 0.000665 0.022156 0.972203 0.003391
3 3 0.000302 0.000284 0.023287 0.975187 0.000940
3 3 0.002181 0.000536 0.015786 0.977728 0.003770
3 3 0.000059 0.000110 0.025497 0.974193 0.000141
3 3 0.000375 0.000459 0.034406 0.963956 0.000804
3 3 0.001074 0.001123 0.044823 0.950826 0.002155
3 2 0.004147 0.016012 0.272963 0.699612 0.007266
3 2 0.001308 0.009004 0.315564 0.671909 0.002215
2 2 0.001333 0.054435 0.917817 0.021947 0.004468
2 2 0.000450 0.016745 0.934852 0.046304 0.001649
2 2 0.000650 0.021085 0.927579 0.048018 0.002668
2 2 0.000506 0.029590 0.935764 0.031078 0.003061
2 2 0.000076 0.009539 0.979791 0.009785 0.000810
2 2 0.000275 0.029686 0.929227 0.034418 0.006394
2 2 0.000071 0.012500 0.921755 0.062644 0.003030
2 2 0.000037 0.008593 0.956459 0.032616 0.002295
2 2 0.000006 0.003639 0.953086 0.042327 0.000941
2 2 0.000011 0.005273 0.964907 0.028235 0.001574
2 2 0.000092 0.009688 0.935399 0.053408 0.001413
2 2 0.000013 0.002320 0.969875 0.027452 0.000340
2 2 0.000034 0.004695 0.951578 0.043067 0.000626
2 2 0.000090 0.005672 0.951973 0.041949 0.000316
2 2 0.000251 0.015218 0.936876 0.046108 0.001547
2 2 0.000013 0.000739 0.564201 0.434983 0.000065
2 2 0.000010 0.000809 0.675176 0.323953 0.000052
2 2 0.000003 0.000345 0.602467 0.397163 0.000022
2 2 0.000030 0.001428 0.660578 0.337887 0.000078
2 2 0.000015 0.000953 0.698870 0.300112 0.000050
2 2 0.003487 0.013022 0.555826 0.424185 0.003480
2 2 0.002322 0.010828 0.595200 0.390238 0.001412
3 2 0.002166 0.011507 0.476261 0.507846 0.002219
2 1 0.011257 0.027985 0.548953 0.408603 0.003202
2 1 0.127242 0.292333 0.494854 0.051394 0.034178
2 1 0.002420 0.048579 0.814738 0.127604 0.006660
2 2 0.011907 0.125355 0.806761 0.047643 0.008334
2 2 0.001474 0.017028 0.925365 0.055417 0.000716
2 2 0.004097 0.047998 0.914837 0.031015 0.002053
2 2 0.004634 0.063132 0.856373 0.072049 0.003812
2 2 0.000025 0.001815 0.994353 0.003794 0.000014
2 2 0.000076 0.003369 0.989540 0.006994 0.000021
2 2 0.000034 0.005215 0.993090 0.001580 0.000081
2 2 0.000084 0.009274 0.981001 0.009352 0.000290
2 2 0.000013 0.001875 0.992811 0.005278 0.000023
2 2 0.000003 0.006456 0.993267 0.000095 0.000179
2 2 0.000003 0.009110 0.990260 0.000127 0.000499
2 2 0.000085 0.052539 0.944829 0.000181 0.002366
2 2 0.000002 0.004646 0.994833 0.000308 0.000210
2 2 0.000007 0.017042 0.980625 0.000394 0.001933
2 2 0.000021 0.001882 0.976645 0.021395 0.000057
2 2 0.000036 0.003379 0.943826 0.052551 0.000207
2 2 0.000126 0.011396 0.954700 0.032601 0.001177
2 2 0.000035 0.004842 0.975940 0.018793 0.000391
2 2 0.000021 0.001787 0.968039 0.030093 0.000060
2 2 0.000748 0.020675 0.942637 0.034061 0.001879
2 2 0.001857 0.015709 0.908659 0.072872 0.000903
2 2 0.005479 0.053063 0.892419 0.046365 0.002674
2 2 0.005709 0.048650 0.917675 0.026134 0.001832
2 0 0.162252 0.280688 0.507766 0.029574 0.019720
2 1 0.002315 0.242029 0.750165 0.000116 0.005375
2 2 0.001809 0.130351 0.863917 0.000850 0.003073
2 2 0.001175 0.110305 0.886133 0.000275 0.002112
2 2 0.000887 0.071456 0.925875 0.000439 0.001342
2 2 0.002160 0.081961 0.914626 0.000278 0.000976
2 2 0.002656 0.200808 0.792995 0.000257 0.003284
2 2 0.002115 0.060496 0.934688 0.001750 0.000951
2 2 0.001522 0.022415 0.974480 0.001465 0.000118
2 2 0.002260 0.192566 0.801316 0.000295 0.003563
2 2 0.003048 0.131566 0.861721 0.000904 0.002762
2 2 0.004031 0.058370 0.930442 0.006450 0.000707
2 2 0.002389 0.014319 0.971948 0.011251 0.000094
2 2 0.000620 0.009559 0.985772 0.003903 0.000146
2 2 0.063471 0.204186 0.725230 0.004203 0.002910
0 0 0.384624 0.368652 0.220125 0.004768 0.021831
0 0 0.811829 0.142398 0.033919 0.000562 0.011292
0 0 0.431370 0.412155 0.124032 0.000738 0.031704
1 1 0.134973 0.516431 0.287342 0.001571 0.059683
0 1 0.886097 0.086775 0.018550 0.000300 0.008278
1 1 0.243804 0.548487 0.156616 0.000247 0.050845
0 0 0.912514 0.069922 0.011942 0.000112 0.005510
0 0 0.824501 0.137948 0.030495 0.000250 0.006805
1 1 0.186372 0.570932 0.214737 0.000156 0.027804
1 1 0.149760 0.605767 0.208506 0.000100 0.035867
0 0 0.893753 0.080182 0.020373 0.000249 0.005443
0 0 0.848906 0.111363 0.024949 0.000659 0.014123
0 0 0.813614 0.139072 0.033469 0.000698 0.013147
1 1 0.371420 0.469002 0.127361 0.000294 0.031923
1 1 0.065044 0.524537 0.338857 0.000977 0.070586
1 1 0.067662 0.533678 0.348807 0.000602 0.049251
1 2 0.007020 0.409551 0.321177 0.000581 0.261671
4 2 0.002616 0.273416 0.326189 0.002396 0.395383
4 2 0.003278 0.279267 0.238320 0.001298 0.477837
4 2 0.001366 0.257318 0.316517 0.001122 0.423677
4 2 0.002461 0.271441 0.333067 0.002390 0.390641
4 2 0.032615 0.106604 0.031001 0.001679 0.828101
4 2 0.015570 0.117827 0.034889 0.000663 0.831051
4 4 0.033026 0.033473 0.007708 0.001122 0.924672
4 4 0.030028 0.045982 0.010168 0.000844 0.912978
4 4 0.030297 0.018421 0.003091 0.000485 0.947706
4 4 0.036999 0.021019 0.003686 0.000690 0.937606
4 4 0.031109 0.004761 0.000538 0.000225 0.963368
4 4 0.037158 0.002274 0.000208 0.000186 0.960174
4 4 0.043318 0.009399 0.001305 0.000529 0.945450
4 4 0.024242 0.002357 0.000216 0.000106 0.973079
4 4 0.021662 0.025961 0.004791 0.000379 0.947207
4 4 0.016832 0.217121 0.065756 0.000368 0.699923
4 4 0.009573 0.201120 0.072238 0.000543 0.716525
4 4 0.019892 0.172261 0.056875 0.001025 0.749946
4 4 0.015250 0.184027 0.064312 0.000935 0.735476
4 4 0.036336 0.013693 0.002327 0.000669 0.946975
4 4 0.041579 0.027016 0.005123 0.000943 0.925338
4 4 0.044097 0.017402 0.002899 0.000782 0.934820
4 4 0.023145 0.023785 0.005154 0.000640 0.947277
4 4 0.039140 0.007109 0.000931 0.000417 0.952403
4 4 0.022937 0.037553 0.007756 0.000515 0.931239
4 4 0.029089 0.026044 0.004841 0.000566 0.939459
4 4 0.028501 0.031073 0.006088 0.000614 0.933723
4 4 0.033375 0.021171 0.003711 0.000602 0.941141
4 4 0.027752 0.033629 0.006745 0.000622 0.931252
4 4 0.004732 0.253622 0.099791 0.000269 0.641585
4 4 0.003756 0.269866 0.117916 0.000214 0.608248
4 4 0.004464 0.267842 0.107282 0.000218 0.620194
4 4 0.004304 0.277328 0.135097 0.000356 0.582916
4 4 0.005809 0.266185 0.113366 0.000431 0.614209
4 4 0.017270 0.248225 0.072963 0.000263 0.661279
4 4 0.005554 0.310521 0.112954 0.000140 0.570831
4 4 0.004704 0.258276 0.109029 0.000321 0.627669
4 4 0.005059 0.256379 0.101514 0.000298 0.636750
4 4 0.005337 0.258595 0.102913 0.000323 0.632831
4 4 0.006827 0.268789 0.109503 0.000471 0.614410
4 4 0.003560 0.214253 0.089218 0.000221 0.692749
4 4 0.006883 0.203880 0.073223 0.000353 0.715661
4 4 0.005820 0.256127 0.101607 0.000359 0.636086
4 4 0.005782 0.179446 0.061008 0.000248 0.753516
4 4 0.034274 0.025550 0.004741 0.000700 0.934737
4 4 0.019777 0.007787 0.001157 0.000235 0.971044
4 4 0.036050 0.040480 0.008645 0.000998 0.913827
4 4 0.026409 0.053854 0.012471 0.000785 0.906481
4 4 0.035068 0.007929 0.001132 0.000445 0.955426
4 4 0.021340 0.006326 0.000770 0.000160 0.971404
4 4 0.023110 0.022309 0.003940 0.000377 0.950264
4 4 0.026456 0.030864 0.006025 0.000553 0.936102
4 4 0.030859 0.037109 0.007688 0.000764 0.923579
4 4 0.023016 0.013706 0.002095 0.000280 0.960904
4 4 0.007846 0.152599 0.048994 0.000324 0.790237
4 4 0.013121 0.101250 0.028365 0.000470 0.856793
4 4 0.009640 0.078101 0.019968 0.000259 0.892032
4 4 0.011005 0.138935 0.043345 0.000473 0.806242
4 4 0.021271 0.051344 0.011659 0.000568 0.915158
2 4 0.000752 0.374441 0.446098 0.000040 0.178669
2 4 0.000100 0.225863 0.401166 0.000054 0.372817
2 2 0.000239 0.263986 0.554818 0.000104 0.180853
2 2 0.000211 0.255946 0.519571 0.000110 0.224162
2 2 0.000248 0.277230 0.562147 0.000072 0.160302
2 2 0.000153 0.236900 0.611585 0.000101 0.151261
2 2 0.000441 0.271850 0.593664 0.000202 0.133843
2 2 0.000058 0.207780 0.680530 0.000038 0.111594
2 2 0.000148 0.220021 0.620153 0.000169 0.159510
2 2 0.000240 0.234392 0.679079 0.000144 0.086144
2 2 0.000034 0.168685 0.747298 0.000049 0.083934
2 2 0.000098 0.204188 0.708820 0.000084 0.086811
2 2 0.000128 0.183433 0.708443 0.000351 0.107645
2 2 0.000144 0.211471 0.732962 0.000074 0.055349
2 2 0.000100 0.189134 0.724950 0.000117 0.085699
2 2 0.000078 0.103733 0.886910 0.000103 0.009177
2 2 0.000149 0.144625 0.845349 0.000089 0.009787
2 2 0.000045 0.122956 0.861061 0.000067 0.015872
2 2 0.000029 0.094955 0.895345 0.000011 0.009660
2 2 0.000007 0.021352 0.976809 0.000037 0.001795
2 2 0.000004 0.115128 0.878996 0.000000 0.005871
2 2 0.000014 0.097467 0.899109 0.000001 0.003409
2 2 0.000000 0.038607 0.959055 0.000000 0.002337
2 2 0.000007 0.116396 0.879738 0.000000 0.003858
2 2 0.000002 0.126697 0.860934 0.000000 0.012367
2 2 0.000003 0.005417 0.994426 0.000033 0.000121
2 2 0.000000 0.000808 0.999143 0.000036 0.000014
2 2 0.000000 0.000411 0.999449 0.000133 0.000007
2 2 0.000009 0.010494 0.989172 0.000175 0.000149
2 2 0.000001 0.005568 0.994277 0.000032 0.000122
2 2 0.000003 0.001101 0.998460 0.000426 0.000009
2 2 0.000002 0.000893 0.988380 0.010710 0.000016
2 2 0.000008 0.002286 0.996015 0.001664 0.000028
2 2 0.000001 0.000507 0.998856 0.000632 0.000004
2 2 0.000002 0.001028 0.996741 0.002215 0.000014
2 2 0.000039 0.008200 0.989461 0.002147 0.000153
2 2 0.000009 0.001348 0.997464 0.001171 0.000008
2 2 0.000004 0.001447 0.998261 0.000276 0.000012
2 2 0.000007 0.002820 0.996759 0.000383 0.000032
2 2 0.000010 0.007209 0.992073 0.000505 0.000202
2 2 0.000005 0.001240 0.992346 0.006386 0.000023
2 2 0.000023 0.003772 0.994139 0.002007 0.000058
2 2 0.000034 0.003621 0.995323 0.000978 0.000044
2 2 0.000002 0.001982 0.994848 0.003030 0.000138
2 2 0.000038 0.004599 0.994418 0.000889 0.000057
2 2 0.000007 0.000981 0.987062 0.011922 0.000027
2 2 0.000008 0.001501 0.988890 0.009496 0.000105
2 2 0.000014 0.001298 0.983500 0.015154 0.000033
2 2 0.000001 0.000347 0.946200 0.053433 0.000019
2 2 0.000006 0.000730 0.858692 0.140529 0.000043
2 2 0.000003 0.000461 0.904558 0.094961 0.000017
2 2 0.000004 0.000407 0.902058 0.097519 0.000012
2 2 0.000055 0.003376 0.848431 0.147857 0.000280
2 2 0.000012 0.000331 0.908221 0.091428 0.000008
2 2 0.000001 0.000207 0.818832 0.180952 0.000007
2 2 0.000006 0.000299 0.592914 0.406771 0.000009
2 2 0.000006 0.000191 0.525579 0.474218 0.000005
3 2 0.000004 0.000130 0.374718 0.625145 0.000003
2 2 0.000006 0.000203 0.550112 0.449676 0.000003
3 3 0.000001 0.000047 0.405473 0.594478 0.000001
3 3 0.000012 0.000551 0.494997 0.504413 0.000027
3 3 0.000020 0.000700 0.419787 0.579450 0.000044
2 3 0.000004 0.000210 0.689374 0.310397 0.000015
3 3 0.000024 0.000918 0.432869 0.566121 0.000068
2 3 0.000002 0.000169 0.591847 0.407970 0.000012
3 3 0.000027 0.000476 0.318641 0.680716 0.000140
3 3 0.000017 0.000272 0.208857 0.790787 0.000068
3 3 0.000013 0.000142 0.107266 0.892530 0.000049
3 3 0.000040 0.000267 0.104841 0.894738 0.000114
3 3 0.000023 0.000238 0.125797 0.873821 0.000120
3 3 0.000025 0.000222 0.100190 0.899443 0.000120
3 3 0.000114 0.000234 0.034621 0.964764 0.000266
3 3 0.000054 0.000235 0.048922 0.950589 0.000200
3 3 0.000014 0.000155 0.104141 0.895609 0.000081
3 3 0.000013 0.000103 0.061031 0.938787 0.000066
3 3 0.000104 0.000188 0.038963 0.960575 0.000171
3 3 0.000015 0.000070 0.036185 0.963683 0.000047
3 3 0.000107 0.000173 0.025307 0.974036 0.000378
3 3 0.000024 0.000063 0.022405 0.977424 0.000084
3 3 0.000011 0.000045 0.026624 0.973266 0.000054
3 3 0.001175 0.000568 0.022720 0.973143 0.002395
3 3 0.000203 0.000298 0.032007 0.966697 0.000795
3 3 0.000232 0.000314 0.030415 0.968431 0.000609
3 3 0.000993 0.000612 0.026189 0.969952 0.002254
3 3 0.000490 0.000477 0.029664 0.968055 0.001315
3 3 0.000406 0.000394 0.027716 0.970426 0.001058
3 3 0.000569 0.000452 0.026200 0.971308 0.001471
3 3 0.000320 0.000349 0.029109 0.969019 0.001203
3 3 0.000643 0.000302 0.017071 0.980446 0.001539
3 3 0.000400 0.000319 0.022702 0.975464 0.001115
3 3 0.000819 0.000320 0.016293 0.980922 0.001646
3 3 0.001874 0.000525 0.016752 0.977532 0.003318
3 3 0.001115 0.000469 0.019272 0.976664 0.002480
3 3 0.000831 0.000437 0.020845 0.975852 0.002035
3 3 0.000425 0.000271 0.019505 0.978826 0.000974
3 3 0.000443 0.000281 0.019038 0.978990 0.001248
3 3 0.000183 0.000200 0.023411 0.975524 0.000682
3 3 0.000130 0.000167 0.022347 0.976828 0.000528
3 3 0.000632 0.000286 0.016515 0.981107 0.001460
3 3 0.001049 0.000462 0.019472 0.976535 0.002482
3 3 0.000994 0.001873 0.085252 0.907579 0.004301
3 2 0.003378 0.006148 0.110971 0.870780 0.008723
3 2 0.006991 0.012518 0.152653 0.814588 0.013250
2 2 0.005161 0.058663 0.533685 0.383545 0.018945
2 2 0.015325 0.052442 0.593391 0.308795 0.030046
2 2 0.001114 0.036797 0.914786 0.042271 0.005032
2 2 0.000131 0.009723 0.934266 0.054791 0.001089
2 2 0.000111 0.006581 0.947984 0.044688 0.000637
2 2 0.000060 0.011869 0.942731 0.041293 0.004046
2 2 0.000257 0.014464 0.907639 0.075603 0.002037
2 2 0.000198 0.021647 0.961492 0.013465 0.003198
2 2 0.000112 0.011067 0.983106 0.005026 0.000689
2 2 0.000186 0.017240 0.944784 0.035113 0.002677
2 2 0.000078 0.005309 0.972222 0.022122 0.000270
2 2 0.000037 0.006442 0.977655 0.015188 0.000678
2 2 0.000187 0.006101 0.922138 0.071222 0.000352
