0 0 0.962313 0.013877 0.004976 0.006875 0.011959
0 0 0.956244 0.021842 0.007213 0.002836 0.011865
0 0 0.956713 0.014855 0.007938 0.009241 0.011253
0 0 0.951813 0.016289 0.005673 0.009337 0.016888
0 0 0.942368 0.018854 0.006138 0.010973 0.021666
0 0 0.982106 0.007632 0.001411 0.002558 0.006294
0 0 0.981625 0.007794 0.001449 0.002614 0.006518
0 0 0.976560 0.009442 0.001856 0.003178 0.008964
0 0 0.982572 0.007452 0.001479 0.002870 0.005627
0 0 0.962635 0.017329 0.003185 0.002230 0.014621
0 0 0.904974 0.048007 0.022130 0.003394 0.021495
0 0 0.941839 0.026521 0.010897 0.004504 0.016239
0 0 0.947892 0.022754 0.009943 0.005082 0.014329
0 0 0.943311 0.027968 0.012849 0.003426 0.012447
0 0 0.920803 0.039602 0.020362 0.003381 0.015853
0 0 0.948879 0.024581 0.007563 0.002658 0.016319
0 0 0.956330 0.018683 0.006050 0.003337 0.015600
0 0 0.957131 0.017082 0.005782 0.005660 0.014344
0 0 0.951314 0.019792 0.007540 0.005316 0.016038
0 0 0.954058 0.022700 0.006444 0.002206 0.014592
0 0 0.960218 0.013722 0.005881 0.007395 0.012784
0 0 0.971241 0.011053 0.002375 0.003769 0.011562
0 0 0.974933 0.009949 0.001986 0.003352 0.009780
0 0 0.964440 0.019154 0.003648 0.001283 0.011474
0 0 0.956588 0.024386 0.004681 0.001049 0.013297
0 0 0.985000 0.006627 0.001176 0.002216 0.004981
0 0 0.972179 0.010783 0.002233 0.003650 0.011155
0 0 0.977926 0.009009 0.001747 0.003029 0.008290
0 0 0.977231 0.009230 0.001802 0.003105 0.008631
0 0 0.980323 0.008229 0.001554 0.002762 0.007132
0 0 0.978708 0.008757 0.001684 0.002943 0.007908
0 0 0.983127 0.007282 0.001328 0.002439 0.005824
0 0 0.976656 0.009412 0.001848 0.003167 0.008916
0 0 0.985613 0.006408 0.001126 0.002141 0.004711
0 0 0.981698 0.007770 0.001443 0.002605 0.006484
0 0 0.986497 0.006088 0.001054 0.002032 0.004328
0 0 0.990059 0.004740 0.000764 0.001575 0.002862
0 0 0.987157 0.005846 0.001001 0.001950 0.004047
0 0 0.987221 0.005822 0.000996 0.001942 0.004020
0 0 0.988024 0.005522 0.000930 0.001840 0.003683
0 0 0.984847 0.006681 0.001188 0.002234 0.005049
0 0 0.984743 0.006718 0.001197 0.002247 0.005095
0 0 0.981915 0.007695 0.001430 0.002582 0.006377
0 0 0.984059 0.006959 0.001252 0.002329 0.005401
0 0 0.982288 0.007570 0.001396 0.002537 0.006210
0 0 0.988204 0.005455 0.000915 0.001817 0.003609
0 0 0.987806 0.005604 0.000948 0.001868 0.003774
0 0 0.989494 0.004961 0.000810 0.001650 0.003085
0 0 0.985511 0.006445 0.001135 0.002153 0.004756
0 0 0.988231 0.005445 0.000913 0.001814 0.003598
0 0 0.928135 0.034963 0.011057 0.003348 0.022496
0 0 0.920809 0.047024 0.014155 0.001143 0.016869
0 0 0.894254 0.064913 0.023604 0.000811 0.016417
0 0 0.850024 0.099839 0.024742 0.000408 0.024987
0 0 0.811490 0.141247 0.022937 0.000088 0.024238
0 0 0.630695 0.285230 0.035623 0.000049 0.048403
0 0 0.661269 0.259447 0.036403 0.000054 0.042828
0 0 0.731265 0.193774 0.029427 0.000118 0.045416
0 0 0.733938 0.194835 0.031578 0.000097 0.039553
0 0 0.773799 0.153276 0.032422 0.000242 0.040261
0 0 0.983803 0.007048 0.001273 0.002359 0.005517
0 0 0.985728 0.006367 0.001117 0.002127 0.004661
0 0 0.984583 0.006775 0.001210 0.002266 0.005166
0 0 0.978618 0.008785 0.001694 0.002954 0.007949
0 0 0.982858 0.007359 0.001434 0.002750 0.005598
0 0 0.965348 0.011748 0.005079 0.009899 0.007926
0 0 0.981136 0.008211 0.002110 0.003125 0.005420
0 0 0.981231 0.007847 0.001816 0.003169 0.005937
0 0 0.987451 0.005735 0.000981 0.001915 0.003918
0 0 0.986354 0.006140 0.001066 0.002050 0.004390
0 0 0.988410 0.005377 0.000899 0.001791 0.003524
0 0 0.988768 0.005240 0.000869 0.001744 0.003378
0 0 0.988742 0.005250 0.000872 0.001748 0.003388
0 0 0.989007 0.005149 0.000850 0.001713 0.003281
0 0 0.989902 0.004802 0.000777 0.001596 0.002923
0 0 0.989884 0.004809 0.000779 0.001598 0.002931
0 0 0.990406 0.004603 0.000736 0.001529 0.002726
0 0 0.988169 0.005468 0.000918 0.001822 0.003623
0 0 0.984001 0.006979 0.001257 0.002336 0.005427
0 0 0.987748 0.005615 0.000981 0.001981 0.003676
0 0 0.926015 0.037053 0.020892 0.004423 0.011617
0 0 0.914804 0.053563 0.015951 0.000971 0.014712
0 0 0.866712 0.088498 0.024057 0.000412 0.020321
0 0 0.847412 0.111645 0.023514 0.000161 0.017269
0 0 0.727407 0.208867 0.035761 0.000057 0.027908
0 0 0.633401 0.246981 0.073511 0.000183 0.045925
0 0 0.535066 0.324386 0.092923 0.000088 0.047537
0 0 0.643769 0.265357 0.048481 0.000087 0.042306
1 0 0.376831 0.451763 0.124195 0.000073 0.047137
0 0 0.457268 0.434895 0.058229 0.000017 0.049591
0 0 0.571968 0.311559 0.063494 0.000089 0.052889
0 0 0.554501 0.333029 0.077368 0.000067 0.035036
1 0 0.181274 0.624922 0.140123 0.000027 0.053654
0 0 0.522321 0.292239 0.135762 0.000496 0.049183
0 0 0.721471 0.190310 0.046363 0.000423 0.041433
0 0 0.759052 0.183836 0.023793 0.000075 0.033245
0 0 0.594074 0.331107 0.033754 0.000024 0.041042
0 0 0.475785 0.391957 0.073052 0.000054 0.059153
0 0 0.839645 0.112020 0.018198 0.000196 0.029941
0 0 0.878254 0.058788 0.021977 0.002879 0.038102
0 0 0.968633 0.013545 0.004441 0.004168 0.009212
0 0 0.962134 0.019032 0.004072 0.001701 0.013061
0 0 0.974061 0.010116 0.002708 0.004370 0.008745
0 0 0.971457 0.013042 0.003140 0.002415 0.009945
0 0 0.966427 0.019839 0.003523 0.000837 0.009374
0 0 0.977979 0.009615 0.001904 0.002548 0.007954
0 0 0.971752 0.014796 0.003374 0.001436 0.008643
0 0 0.979229 0.008635 0.002023 0.003342 0.006772
0 0 0.975142 0.010406 0.002560 0.003297 0.008594
0 0 0.972882 0.012848 0.003152 0.002455 0.008664
0 0 0.931312 0.044820 0.010129 0.000492 0.013247
0 0 0.934076 0.041114 0.010016 0.000736 0.014059
0 0 0.922485 0.038483 0.012175 0.002205 0.024653
0 0 0.957918 0.021132 0.006281 0.002586 0.012083
0 0 0.941523 0.032271 0.008582 0.001620 0.016004
0 0 0.970152 0.013678 0.002993 0.002333 0.010844
0 0 0.979539 0.008460 0.001749 0.002898 0.007354
0 0 0.974955 0.009869 0.002477 0.003828 0.008870
0 0 0.981473 0.007810 0.001619 0.002688 0.006410
0 0 0.957463 0.023916 0.004733 0.001045 0.012843
0 0 0.958276 0.027950 0.003468 0.000402 0.009904
0 0 0.955267 0.028687 0.004175 0.000520 0.011352
0 0 0.958781 0.014133 0.005925 0.008033 0.013128
0 0 0.974724 0.010012 0.002064 0.003389 0.009811
0 0 0.967733 0.014966 0.002997 0.002241 0.012064
0 0 0.987554 0.005698 0.000968 0.001900 0.003879
0 0 0.988147 0.005476 0.000920 0.001824 0.003633
0 0 0.985978 0.006276 0.001097 0.002096 0.004552
0 0 0.986561 0.006064 0.001049 0.002024 0.004301
0 0 0.987852 0.005587 0.000944 0.001862 0.003755
0 0 0.990272 0.004656 0.000747 0.001547 0.002779
0 0 0.990077 0.004733 0.000763 0.001572 0.002854
0 0 0.991354 0.004223 0.000659 0.001400 0.002365
0 0 0.989832 0.004829 0.000783 0.001605 0.002951
0 0 0.991391 0.004208 0.000656 0.001395 0.002351
0 0 0.989964 0.004777 0.000772 0.001588 0.002899
0 0 0.990948 0.004387 0.000692 0.001455 0.002518
0 0 0.990470 0.004578 0.000731 0.001520 0.002702
0 0 0.990212 0.004680 0.000752 0.001554 0.002802
0 0 0.990078 0.004733 0.000763 0.001572 0.002854
0 0 0.976178 0.010155 0.002362 0.002807 0.008497
0 0 0.977472 0.013173 0.002440 0.000887 0.006027
0 0 0.963289 0.021301 0.005099 0.001233 0.009078
0 0 0.962753 0.021500 0.004221 0.001089 0.010438
0 0 0.949550 0.031051 0.005197 0.000644 0.013558
0 0 0.765424 0.193514 0.019091 0.000030 0.021941
0 0 0.856341 0.102110 0.014774 0.000184 0.026592
0 0 0.825605 0.136723 0.016839 0.000064 0.020770
0 0 0.872263 0.090215 0.018922 0.000170 0.018430
0 0 0.839821 0.124956 0.013141 0.000077 0.022004
0 0 0.896631 0.070592 0.009034 0.000288 0.023455
0 0 0.712227 0.228300 0.025437 0.000045 0.033992
0 0 0.729436 0.221741 0.023300 0.000030 0.025494
0 0 0.662275 0.269433 0.032748 0.000034 0.035510
0 0 0.572515 0.346387 0.042296 0.000021 0.038781
1 1 0.230274 0.446958 0.259326 0.000081 0.063361
1 1 0.246068 0.540223 0.140132 0.000015 0.073561
0 1 0.455381 0.383013 0.087183 0.000084 0.074338
1 1 0.242914 0.581257 0.109562 0.000009 0.066258
1 1 0.353335 0.488725 0.087900 0.000021 0.070020
1 2 0.112570 0.511911 0.331749 0.000075 0.043695
2 2 0.067443 0.378868 0.518422 0.000316 0.034950
2 2 0.074843 0.375094 0.511503 0.000251 0.038308
2 2 0.071234 0.280513 0.607027 0.001972 0.039255
2 2 0.049399 0.207859 0.681418 0.000668 0.060656
2 2 0.029733 0.230144 0.721642 0.001265 0.017217
2 2 0.032726 0.234692 0.710897 0.000781 0.020904
2 2 0.004840 0.071813 0.912532 0.001601 0.009214
2 2 0.027269 0.199342 0.750545 0.001185 0.021659
2 2 0.007062 0.062588 0.913673 0.007199 0.009478
1 1 0.436466 0.449687 0.072123 0.000017 0.041707
1 1 0.338257 0.540196 0.080044 0.000006 0.041497
0 0 0.576096 0.309797 0.079570 0.000131 0.034406
1 0 0.297771 0.573623 0.083080 0.000006 0.045521
0 0 0.469144 0.415561 0.062112 0.000023 0.053160
1 0 0.386731 0.422013 0.151920 0.000095 0.039241
0 0 0.444410 0.424987 0.097892 0.000042 0.032670
1 1 0.214187 0.534231 0.204727 0.000046 0.046809
1 1 0.173894 0.574067 0.217445 0.000065 0.034528
1 1 0.270079 0.507545 0.188689 0.000102 0.033584
1 1 0.402124 0.406702 0.150124 0.000216 0.040834
1 1 0.148833 0.529571 0.289511 0.000125 0.031959
1 2 0.162147 0.492267 0.314237 0.000352 0.030998
2 2 0.114964 0.368425 0.485487 0.001223 0.029902
1 2 0.148903 0.520274 0.295253 0.000129 0.035440
2 2 0.072723 0.212770 0.702049 0.004542 0.007917
2 2 0.016094 0.105720 0.870152 0.004197 0.003837
2 2 0.036852 0.099483 0.846905 0.013606 0.003154
2 2 0.014919 0.111390 0.865861 0.004418 0.003412
2 2 0.006681 0.042487 0.939538 0.009446 0.001849
2 2 0.006289 0.034680 0.939681 0.018877 0.000473
2 2 0.009182 0.049403 0.932804 0.007950 0.000661
2 2 0.003384 0.017383 0.950312 0.028685 0.000236
2 2 0.019650 0.094059 0.879490 0.005187 0.001614
2 2 0.004522 0.019208 0.953589 0.022469 0.000213
2 2 0.011670 0.022106 0.868868 0.097173 0.000183
2 2 0.010870 0.025236 0.855560 0.108103 0.000231
2 2 0.005720 0.011370 0.852993 0.129845 0.000073
2 3 0.009613 0.014042 0.808662 0.167578 0.000106
2 3 0.006131 0.008049 0.811534 0.174248 0.000038
2 3 0.010483 0.011872 0.567653 0.409888 0.000104
2 3 0.006451 0.010393 0.551555 0.431492 0.000110
3 3 0.007576 0.006164 0.452607 0.533605 0.000048
3 3 0.010191 0.008833 0.430242 0.550622 0.000112
2 3 0.017674 0.016339 0.550154 0.415609 0.000225
0 2 0.564166 0.221931 0.171269 0.003636 0.038999
2 2 0.215844 0.246991 0.496239 0.008798 0.032128
1 0 0.307422 0.445058 0.216643 0.000580 0.030298
1 0 0.323930 0.421225 0.214575 0.000578 0.039692
0 0 0.573475 0.264103 0.131281 0.000751 0.030391
0 0 0.730292 0.200035 0.023604 0.000099 0.045970
0 0 0.702524 0.211894 0.032828 0.000124 0.052630
0 0 0.780528 0.151430 0.033993 0.000188 0.033861
0 0 0.642570 0.287719 0.038268 0.000025 0.031418
0 0 0.762581 0.181184 0.018744 0.000083 0.037408
0 0 0.639472 0.295395 0.027513 0.000026 0.037594
0 0 0.709243 0.240151 0.020250 0.000029 0.030327
0 0 0.714666 0.227113 0.022779 0.000046 0.035396
0 0 0.654730 0.247793 0.037616 0.000103 0.059758
0 0 0.783811 0.142321 0.017525 0.000280 0.056064
0 0 0.773896 0.137707 0.060404 0.000654 0.027339
0 0 0.827709 0.119095 0.020691 0.000234 0.032271
0 0 0.757997 0.179411 0.030295 0.000086 0.032211
0 1 0.611634 0.309372 0.041459 0.000028 0.037506
0 1 0.725483 0.208479 0.030451 0.000067 0.035520
0 1 0.550737 0.344885 0.040279 0.000045 0.064055
0 1 0.706805 0.196770 0.035436 0.000194 0.060794
0 1 0.582227 0.295175 0.039872 0.000104 0.082621
0 1 0.507491 0.374623 0.045618 0.000044 0.072223
1 1 0.409705 0.439641 0.066705 0.000037 0.083911
0 1 0.480381 0.380886 0.059403 0.000053 0.079277
0 1 0.477785 0.402500 0.045670 0.000036 0.074009
0 1 0.639649 0.266403 0.034994 0.000080 0.058875
0 1 0.686886 0.239550 0.028767 0.000064 0.044733
0 1 0.542361 0.351677 0.046370 0.000041 0.059552
0 1 0.585153 0.297383 0.040332 0.000093 0.077040
1 1 0.339527 0.521662 0.057400 0.000017 0.081395
0 1 0.438641 0.415191 0.047828 0.000049 0.098291
1 1 0.374823 0.434223 0.080855 0.000059 0.110041
0 1 0.516697 0.303495 0.059206 0.000194 0.120408
1 1 0.252791 0.495872 0.195747 0.000186 0.055405
1 1 0.162055 0.604538 0.166266 0.000056 0.067085
0 1 0.527270 0.349988 0.065096 0.000081 0.057565
1 1 0.224976 0.551673 0.157153 0.000095 0.066103
1 1 0.145289 0.614910 0.191458 0.000047 0.048295
2 1 0.040346 0.378162 0.564566 0.000039 0.016886
2 2 0.018884 0.186246 0.788721 0.000268 0.005882
2 2 0.011271 0.071651 0.908133 0.002028 0.006916
1 0 0.290596 0.488668 0.203319 0.000029 0.017388
0 0 0.738391 0.134664 0.116810 0.002961 0.007175
0 0 0.730877 0.184419 0.038188 0.000425 0.046091
0 0 0.482004 0.410815 0.066175 0.000016 0.040989
0 0 0.756266 0.171074 0.049953 0.000165 0.022543
0 0 0.743849 0.193220 0.031292 0.000074 0.031565
0 0 0.670954 0.244918 0.045242 0.000095 0.038791
1 0 0.237978 0.509319 0.208764 0.000071 0.043869
1 0 0.358307 0.392154 0.211649 0.000222 0.037668
1 1 0.138084 0.421772 0.399827 0.000293 0.040024
2 1 0.155505 0.375004 0.428642 0.000585 0.040264
1 1 0.135514 0.506237 0.319165 0.000190 0.038894
2 2 0.014922 0.095964 0.877963 0.003466 0.007684
2 2 0.033078 0.301689 0.652641 0.000561 0.012032
2 2 0.017833 0.077704 0.879804 0.018652 0.006007
2 2 0.014723 0.096108 0.878272 0.003825 0.007073
2 2 0.045563 0.319482 0.618543 0.001287 0.015125
2 2 0.004464 0.021665 0.952075 0.021512 0.000285
2 2 0.005718 0.024771 0.948179 0.020846 0.000487
2 2 0.003935 0.022875 0.944387 0.028370 0.000432
2 2 0.057355 0.355805 0.579222 0.000839 0.006779
2 2 0.015075 0.038981 0.908928 0.036220 0.000794
2 2 0.000327 0.006631 0.963341 0.029547 0.000154
2 2 0.001212 0.009632 0.950854 0.038054 0.000249
2 2 0.002252 0.014338 0.942509 0.040623 0.000278
2 2 0.002631 0.016209 0.933022 0.047377 0.000761
2 2 0.009288 0.031835 0.915197 0.042791 0.000889
2 2 0.061526 0.189990 0.721918 0.022751 0.003815
2 2 0.029851 0.076656 0.843948 0.047345 0.002200
2 2 0.013524 0.031469 0.875447 0.078715 0.000845
2 2 0.019679 0.038142 0.866015 0.075109 0.001056
2 2 0.014642 0.028449 0.874356 0.081896 0.000656
2 2 0.002053 0.005330 0.750081 0.242514 0.000021
2 2 0.002849 0.006448 0.747439 0.243233 0.000031
2 3 0.003222 0.005759 0.641547 0.349446 0.000027
2 3 0.003238 0.005434 0.684027 0.307280 0.000022
2 3 0.002196 0.004740 0.625671 0.367357 0.000035
3 3 0.011332 0.012316 0.410865 0.565321 0.000167
3 3 0.005506 0.004894 0.296286 0.693275 0.000040
3 3 0.008870 0.007658 0.301560 0.681820 0.000092
3 3 0.004165 0.003697 0.327203 0.664899 0.000036
3 3 0.005324 0.004666 0.229999 0.759949 0.000062
3 3 0.002352 0.001403 0.088340 0.907893 0.000011
3 3 0.001538 0.000723 0.041173 0.956560 0.000007
3 3 0.001147 0.000726 0.040538 0.957583 0.000006
3 3 0.000976 0.000527 0.026844 0.971648 0.000004
3 3 0.002855 0.001138 0.054508 0.941490 0.000009
3 3 0.002253 0.001169 0.015419 0.981144 0.000015
3 3 0.002155 0.001334 0.019682 0.976807 0.000021
3 3 0.004422 0.002236 0.034272 0.959029 0.000041
3 3 0.005149 0.001989 0.021871 0.970956 0.000035
3 3 0.003405 0.001289 0.017941 0.977349 0.000017
3 3 0.006239 0.002318 0.026205 0.965191 0.000046
3 3 0.004010 0.001493 0.016498 0.977979 0.000019
3 3 0.004047 0.001549 0.016081 0.978301 0.000021
3 3 0.004606 0.001767 0.015985 0.977616 0.000026
3 3 0.002413 0.000951 0.012090 0.984537 0.000009
3 3 0.001992 0.000718 0.015288 0.981997 0.000005
3 3 0.003660 0.001418 0.014318 0.980586 0.000018
3 3 0.004074 0.001525 0.018267 0.976114 0.000020
3 3 0.003555 0.001012 0.010951 0.984473 0.000008
3 3 0.001929 0.000845 0.010936 0.986283 0.000008
3 3 0.006929 0.001401 0.012320 0.979338 0.000012
3 3 0.002083 0.000743 0.009483 0.987685 0.000005
3 3 0.002626 0.001047 0.011894 0.984422 0.000010
3 3 0.002525 0.000784 0.009534 0.987152 0.000005
3 3 0.007392 0.001422 0.012201 0.978973 0.000012
3 3 0.004330 0.001771 0.016458 0.977413 0.000028
3 3 0.004846 0.001544 0.014173 0.979419 0.000018
3 3 0.002212 0.000831 0.010403 0.986547 0.000007
3 3 0.003229 0.001526 0.018728 0.976494 0.000023
3 3 0.003325 0.001011 0.011080 0.984575 0.000008
3 3 0.003267 0.001013 0.011214 0.984497 0.000009
3 3 0.002412 0.000818 0.010236 0.986528 0.000006
3 3 0.002174 0.000921 0.011376 0.985520 0.000009
3 3 0.004103 0.001355 0.013171 0.981357 0.000014
3 3 0.004054 0.001416 0.013521 0.980993 0.000016
3 3 0.002506 0.001367 0.015157 0.980949 0.000020
3 3 0.002273 0.001209 0.014958 0.981543 0.000017
3 3 0.001692 0.001051 0.013512 0.983731 0.000014
3 3 0.001238 0.000788 0.011600 0.986365 0.000008
3 3 0.001537 0.000859 0.011851 0.985744 0.000009
3 3 0.001908 0.000665 0.008917 0.988506 0.000004
3 3 0.000811 0.000457 0.010164 0.988565 0.000003
3 3 0.001731 0.000576 0.008057 0.989632 0.000003
3 3 0.001298 0.000630 0.009264 0.988804 0.000004
3 3 0.000802 0.000433 0.007763 0.990999 0.000002
3 3 0.004200 0.001435 0.013858 0.980489 0.000017
3 3 0.001370 0.000617 0.009180 0.988829 0.000004
3 3 0.001738 0.000916 0.011851 0.985485 0.000009
3 3 0.002375 0.000763 0.009673 0.987184 0.000005
3 3 0.002299 0.001068 0.012761 0.983860 0.000012
3 3 0.003379 0.000911 0.010209 0.985494 0.000007
3 3 0.002127 0.000752 0.009951 0.987165 0.000006
3 3 0.004160 0.001231 0.012184 0.982413 0.000011
3 3 0.006341 0.001344 0.012042 0.980262 0.000012
3 3 0.003157 0.001087 0.011704 0.984042 0.000010
3 3 0.002221 0.000988 0.012141 0.984640 0.000010
3 3 0.004360 0.001484 0.014254 0.979883 0.000018
3 3 0.001993 0.000850 0.010748 0.986401 0.000007
3 3 0.003156 0.001210 0.012854 0.982767 0.000013
3 3 0.003097 0.001117 0.011970 0.983806 0.000011
3 3 0.002400 0.001189 0.013657 0.982739 0.000015
3 3 0.000624 0.000454 0.008618 0.990299 0.000003
3 3 0.000948 0.000673 0.011097 0.987275 0.000007
3 3 0.002219 0.001129 0.013479 0.983158 0.000014
3 3 0.002774 0.001082 0.012240 0.983894 0.000011
3 3 0.003334 0.001512 0.015111 0.980022 0.000021
3 3 0.000742 0.000515 0.009179 0.989560 0.000004
3 3 0.001943 0.000705 0.009650 0.987698 0.000005
3 3 0.002568 0.001128 0.012983 0.983309 0.000013
3 3 0.002186 0.001096 0.013032 0.983674 0.000013
3 3 0.000986 0.000573 0.009330 0.989107 0.000004
3 3 0.001847 0.000865 0.011095 0.986185 0.000008
3 3 0.001399 0.000833 0.011577 0.986183 0.000009
3 3 0.004026 0.001888 0.017373 0.976680 0.000033
3 3 0.002263 0.001057 0.012691 0.983976 0.000012
3 3 0.002955 0.001231 0.013525 0.982274 0.000015
3 3 0.001946 0.000942 0.011781 0.985321 0.000009
3 3 0.003758 0.001755 0.016798 0.977660 0.000029
3 3 0.005940 0.001921 0.018776 0.973333 0.000030
3 3 0.002180 0.000921 0.011567 0.985323 0.000009
3 3 0.004259 0.002358 0.020441 0.972888 0.000054
3 3 0.003245 0.001472 0.015224 0.980038 0.000021
3 3 0.002132 0.001372 0.015846 0.980627 0.000023
3 3 0.002291 0.001110 0.013617 0.982968 0.000014
3 3 0.001677 0.000951 0.012947 0.984413 0.000012
3 3 0.037728 0.011490 0.074143 0.876176 0.000463
3 3 0.045893 0.009655 0.058394 0.885675 0.000383
3 3 0.042517 0.017205 0.128645 0.811082 0.000552
2 0 0.216150 0.118510 0.430136 0.232920 0.002283
2 0 0.146491 0.115714 0.466187 0.268134 0.003474
2 1 0.010703 0.034168 0.867961 0.085604 0.001563
2 1 0.021267 0.036675 0.865458 0.075504 0.001096
2 1 0.004061 0.015261 0.919817 0.060514 0.000348
2 2 0.013453 0.040365 0.870803 0.074064 0.001316
2 2 0.005880 0.025279 0.915554 0.051630 0.001658
2 2 0.000766 0.027585 0.948096 0.007908 0.015645
2 2 0.000573 0.047344 0.918743 0.005905 0.027435
2 2 0.000908 0.033657 0.937840 0.005950 0.021644
2 2 0.001449 0.145998 0.748430 0.001337 0.102787
2 2 0.000609 0.035628 0.943746 0.003671 0.016346
2 2 0.004399 0.147309 0.714761 0.002333 0.131198
2 2 0.003615 0.192169 0.578142 0.001854 0.224220
2 2 0.004332 0.091933 0.784129 0.008207 0.111400
2 2 0.003119 0.136728 0.747812 0.002363 0.109978
2 2 0.004221 0.215743 0.500393 0.001458 0.278186
2 2 0.012299 0.153220 0.567221 0.002954 0.264306
2 2 0.006309 0.194911 0.420646 0.001836 0.376298
4 2 0.012925 0.243957 0.273199 0.000465 0.469454
2 2 0.008740 0.190781 0.490078 0.003182 0.307219
2 2 0.008976 0.167776 0.578083 0.003296 0.241869
4 2 0.018405 0.250369 0.182166 0.000426 0.548634
2 2 0.010485 0.147169 0.507756 0.002432 0.332158
4 2 0.027252 0.202904 0.186405 0.000476 0.582963
4 2 0.012529 0.224153 0.287964 0.000653 0.474702
4 2 0.017508 0.229336 0.212798 0.000507 0.539852
4 2 0.011884 0.247744 0.296747 0.000396 0.443229
4 2 0.018246 0.240622 0.253198 0.000748 0.487186
4 2 0.010394 0.195480 0.375530 0.001214 0.417382
4 2 0.014306 0.279634 0.216267 0.000365 0.489428
4 2 0.015489 0.232768 0.291393 0.000643 0.459707
2 2 0.003479 0.122951 0.802973 0.000320 0.070278
2 2 0.002516 0.146402 0.749427 0.000169 0.101486
2 2 0.001748 0.074098 0.875348 0.000558 0.048248
2 2 0.000705 0.089327 0.876349 0.000133 0.033487
2 2 0.001236 0.072922 0.882472 0.000264 0.043106
2 2 0.000390 0.030408 0.954904 0.002036 0.012261
2 2 0.003726 0.066692 0.900393 0.005865 0.023325
2 2 0.001070 0.027589 0.954382 0.008004 0.008955
2 2 0.001033 0.045151 0.922869 0.003296 0.027651
2 2 0.004706 0.048128 0.924691 0.011450 0.011026
2 2 0.000760 0.018283 0.969733 0.009192 0.002033
2 2 0.000615 0.018936 0.972363 0.005259 0.002827
2 2 0.001803 0.023486 0.962254 0.009892 0.002564
2 2 0.000808 0.031127 0.955335 0.003491 0.009239
2 2 0.004140 0.042086 0.946888 0.002806 0.004080
2 2 0.002668 0.016474 0.943005 0.037488 0.000365
2 2 0.027165 0.051250 0.879637 0.040813 0.001136
2 2 0.007626 0.031092 0.924861 0.035604 0.000817
2 2 0.018382 0.044412 0.899837 0.035572 0.001796
2 2 0.008984 0.027586 0.923742 0.039098 0.000590
2 2 0.019829 0.061295 0.875184 0.037592 0.006100
2 2 0.009018 0.035878 0.906440 0.045411 0.003253
2 2 0.009114 0.038053 0.898020 0.047240 0.007572
2 2 0.012053 0.045996 0.876735 0.057979 0.007237
2 2 0.017315 0.047717 0.881436 0.048075 0.005457
2 2 0.011095 0.035097 0.842807 0.104518 0.006483
2 2 0.012706 0.057788 0.835235 0.082755 0.011517
2 2 0.005244 0.023674 0.898027 0.069997 0.003058
2 2 0.012650 0.037435 0.864211 0.081683 0.004021
2 2 0.004464 0.038867 0.863399 0.083492 0.009777
2 2 0.105592 0.077275 0.729076 0.079212 0.008845
0 0 0.410661 0.210071 0.337856 0.025311 0.016102
1 0 0.253137 0.375112 0.352772 0.004064 0.014915
2 2 0.087986 0.170067 0.721702 0.013510 0.006734
2 2 0.327144 0.238992 0.407250 0.011448 0.015166
2 2 0.053614 0.070120 0.848473 0.026072 0.001721
2 2 0.036493 0.124504 0.823354 0.013787 0.001862
2 2 0.044948 0.078065 0.852003 0.023729 0.001255
2 2 0.025071 0.039480 0.893296 0.041490 0.000663
2 2 0.025297 0.091556 0.867036 0.013878 0.002233
2 2 0.176471 0.143858 0.649740 0.019140 0.010791
2 2 0.100154 0.242124 0.638007 0.009055 0.010660
2 2 0.092667 0.326273 0.565806 0.002630 0.012625
2 2 0.050553 0.070982 0.840711 0.034299 0.003454
2 2 0.026848 0.064409 0.877339 0.027886 0.003518
2 2 0.003967 0.016757 0.940352 0.038603 0.000321
2 2 0.008766 0.031435 0.911241 0.047858 0.000699
2 2 0.011052 0.028110 0.912058 0.048294 0.000486
2 2 0.059437 0.066967 0.822136 0.048864 0.002596
2 2 0.030171 0.065048 0.856669 0.046545 0.001566
2 2 0.010736 0.029350 0.925391 0.033736 0.000788
2 2 0.094659 0.134428 0.735224 0.031395 0.004293
2 2 0.035249 0.085553 0.839828 0.035648 0.003723
2 2 0.033457 0.054506 0.867891 0.041058 0.003086
2 0 0.237537 0.227265 0.519782 0.010640 0.004775
1 0 0.202513 0.451958 0.319062 0.000767 0.025700
2 2 0.096290 0.239490 0.637307 0.003868 0.023046
2 2 0.061991 0.116113 0.793584 0.014260 0.014052
2 2 0.103109 0.150452 0.719958 0.012479 0.014002
2 2 0.031403 0.092313 0.851833 0.016488 0.007964
2 2 0.293961 0.337585 0.346567 0.001469 0.020419
2 2 0.113089 0.119840 0.734965 0.025969 0.006137
0 0 0.445998 0.138830 0.375324 0.033767 0.006082
0 0 0.584059 0.251045 0.150605 0.001700 0.012592
1 0 0.258894 0.468631 0.254407 0.000608 0.017461
0 0 0.739243 0.161494 0.067910 0.000988 0.030366
0 0 0.578201 0.318195 0.076799 0.000112 0.026693
1 0 0.431268 0.432711 0.100839 0.000130 0.035052
0 0 0.492818 0.369325 0.103778 0.000214 0.033865
1 0 0.419780 0.430848 0.113210 0.000160 0.036002
0 0 0.459981 0.411194 0.078459 0.000054 0.050312
0 0 0.524702 0.345297 0.086453 0.000113 0.043435
0 0 0.640233 0.281796 0.042968 0.000058 0.034946
0 0 0.831575 0.093607 0.048947 0.001902 0.023968
0 0 0.766693 0.147605 0.046880 0.000921 0.037900
1 0 0.428014 0.429127 0.098085 0.000125 0.044650
0 0 0.562872 0.320474 0.075117 0.000192 0.041344
0 0 0.523821 0.374385 0.052749 0.000026 0.049019
1 0 0.421577 0.462339 0.062809 0.000020 0.053255
1 0 0.382902 0.466297 0.105389 0.000061 0.045352
1 0 0.261409 0.595863 0.081837 0.000007 0.060884
1 0 0.304249 0.555635 0.074442 0.000011 0.065663
1 0 0.305636 0.553675 0.089183 0.000029 0.051476
1 0 0.334889 0.518480 0.082936 0.000015 0.063681
1 1 0.362669 0.505717 0.071705 0.000019 0.059889
1 1 0.122817 0.597318 0.233068 0.000103 0.046693
1 1 0.071177 0.659210 0.211457 0.000061 0.058096
1 1 0.155852 0.552151 0.253098 0.000266 0.038634
1 1 0.067068 0.541940 0.338674 0.000232 0.052086
1 1 0.091444 0.564822 0.289980 0.000199 0.053555
1 1 0.220234 0.535960 0.189150 0.000141 0.054515
1 1 0.179583 0.585710 0.194732 0.000083 0.039892
1 1 0.188350 0.597111 0.165960 0.000050 0.048529
1 1 0.175569 0.585956 0.193092 0.000095 0.045288
1 0 0.260643 0.491487 0.201387 0.000243 0.046240
1 0 0.208100 0.627505 0.101597 0.000014 0.062785
1 0 0.258490 0.570349 0.114106 0.000025 0.057031
1 1 0.281695 0.537264 0.124736 0.000078 0.056226
1 1 0.209333 0.593710 0.147120 0.000044 0.049794
1 1 0.273538 0.565547 0.112738 0.000052 0.048125
1 0 0.383204 0.444306 0.121510 0.000123 0.050858
0 0 0.739915 0.173047 0.043578 0.000438 0.043022
0 0 0.789017 0.146229 0.034572 0.000304 0.029878
0 0 0.573857 0.295977 0.086597 0.000313 0.043256
0 0 0.651619 0.269860 0.038720 0.000052 0.039749
1 0 0.242394 0.570731 0.127550 0.000059 0.059266
1 0 0.387793 0.477866 0.084401 0.000034 0.049905
1 0 0.399591 0.471321 0.066004 0.000020 0.063064
1 0 0.195099 0.606168 0.125029 0.000032 0.073673
0 0 0.513758 0.341340 0.098864 0.000137 0.045900
0 0 0.541249 0.352158 0.052032 0.000044 0.054518
1 0 0.308097 0.549817 0.083232 0.000016 0.058838
1 0 0.353138 0.500775 0.091583 0.000045 0.054459
1 0 0.382814 0.495791 0.062824 0.000014 0.058557
1 0 0.398817 0.484157 0.062081 0.000017 0.054928
1 1 0.282360 0.476701 0.188178 0.000173 0.052588
1 1 0.118847 0.656086 0.181578 0.000040 0.043449
1 1 0.140040 0.598134 0.216585 0.000079 0.045162
1 1 0.383339 0.474727 0.088495 0.000020 0.053419
1 1 0.338794 0.484469 0.112892 0.000082 0.063764
0 0 0.613828 0.260758 0.057529 0.000305 0.067579
0 0 0.483171 0.370061 0.088355 0.000083 0.058330
0 0 0.567459 0.335207 0.047843 0.000036 0.049455
1 0 0.403706 0.481753 0.062982 0.000013 0.051545
1 0 0.407415 0.481199 0.061245 0.000015 0.050126
0 0 0.515464 0.358031 0.051653 0.000056 0.074796
0 0 0.556317 0.328372 0.068841 0.000068 0.046402
0 0 0.524673 0.351062 0.060425 0.000051 0.063790
0 0 0.537861 0.318451 0.082970 0.000141 0.060577
1 0 0.334821 0.536718 0.067750 0.000011 0.060701
1 0 0.320774 0.520758 0.100415 0.000016 0.058036
1 0 0.154567 0.691871 0.095546 0.000004 0.058012
0 0 0.603628 0.278099 0.063882 0.000212 0.054179
0 0 0.475195 0.408513 0.051879 0.000040 0.064372
0 0 0.469927 0.417830 0.050574 0.000025 0.061643
0 0 0.531018 0.321246 0.054117 0.000119 0.093500
0 0 0.537120 0.344085 0.051633 0.000054 0.067108
0 0 0.536624 0.361962 0.049853 0.000031 0.051530
0 0 0.530558 0.337275 0.060109 0.000092 0.071966
0 0 0.549625 0.335291 0.048326 0.000057 0.066702
1 0 0.353143 0.455951 0.149293 0.000101 0.041512
0 0 0.494744 0.365331 0.103290 0.000180 0.036456
0 0 0.631167 0.259192 0.086082 0.000200 0.023359
0 0 0.579148 0.325229 0.060282 0.000048 0.035293
0 0 0.697318 0.217577 0.047208 0.000162 0.037735
0 0 0.842923 0.103902 0.032682 0.000369 0.020124
0 0 0.758523 0.193724 0.022130 0.000041 0.025582
0 0 0.714485 0.216462 0.040706 0.000091 0.028257
0 0 0.563942 0.348657 0.047245 0.000033 0.040123
0 0 0.847065 0.096175 0.041494 0.000676 0.014589
0 0 0.880130 0.078253 0.011508 0.000371 0.029737
0 0 0.795287 0.161234 0.018843 0.000058 0.024578
0 0 0.798053 0.165461 0.016896 0.000036 0.019555
0 0 0.642380 0.304775 0.029902 0.000012 0.022931
1 0 0.381525 0.531551 0.060648 0.000003 0.026273
1 0 0.325385 0.505601 0.111101 0.000015 0.057899
1 0 0.305043 0.508035 0.125907 0.000024 0.060991
1 0 0.217082 0.518689 0.213729 0.000037 0.050463
1 0 0.120614 0.635581 0.193616 0.000008 0.050181
1 0 0.225453 0.537747 0.181778 0.000017 0.055005
0 0 0.518640 0.342774 0.089074 0.000127 0.049384
1 0 0.430995 0.452099 0.057448 0.000019 0.059440
0 0 0.697058 0.211166 0.033216 0.000196 0.058364
1 0 0.411788 0.478828 0.056866 0.000013 0.052506
1 1 0.178301 0.642875 0.117677 0.000013 0.061135
1 1 0.077352 0.475766 0.410354 0.000098 0.036429
1 1 0.066342 0.522819 0.377087 0.000113 0.033639
1 1 0.053256 0.503964 0.399859 0.000049 0.042872
2 1 0.023445 0.227243 0.719792 0.000867 0.028653
2 2 0.043771 0.196553 0.731283 0.002080 0.026313
2 2 0.000878 0.019526 0.978570 0.000835 0.000190
2 2 0.001342 0.028034 0.969274 0.000978 0.000372
2 2 0.004024 0.032894 0.960813 0.001993 0.000277
2 2 0.001057 0.020298 0.977419 0.001044 0.000181
2 2 0.000473 0.013268 0.985512 0.000610 0.000136
2 2 0.001986 0.043738 0.952467 0.000886 0.000923
2 2 0.000290 0.009856 0.986903 0.002723 0.000228
2 2 0.014163 0.121745 0.859873 0.001163 0.003056
2 2 0.029699 0.077108 0.887871 0.003518 0.001803
2 2 0.007010 0.080317 0.909501 0.001107 0.002065
2 2 0.007135 0.039819 0.942107 0.010390 0.000549
2 2 0.015289 0.071846 0.909417 0.002531 0.000917
2 2 0.009026 0.023625 0.955226 0.011960 0.000163
2 2 0.019467 0.104886 0.873127 0.001514 0.001006
2 2 0.005011 0.024518 0.958852 0.011376 0.000243
2 2 0.013365 0.084448 0.898956 0.001902 0.001330
2 2 0.036186 0.145390 0.810270 0.004886 0.003268
2 2 0.013808 0.053533 0.923673 0.008126 0.000861
2 2 0.001823 0.013514 0.974910 0.009507 0.000247
2 2 0.044206 0.110020 0.838108 0.005654 0.002012
2 2 0.000882 0.005887 0.979676 0.013542 0.000012
2 2 0.000159 0.002606 0.980574 0.016656 0.000005
2 2 0.001184 0.010156 0.978300 0.010316 0.000043
2 2 0.002375 0.012974 0.963093 0.021481 0.000076
2 2 0.000624 0.008183 0.980627 0.010521 0.000044
2 2 0.007684 0.019201 0.924635 0.048301 0.000179
2 2 0.002705 0.011710 0.937828 0.047702 0.000056
2 2 0.002047 0.007746 0.933743 0.056433 0.000031
2 2 0.001955 0.009461 0.950840 0.037708 0.000036
2 2 0.006766 0.016132 0.928971 0.047997 0.000134
2 2 0.007914 0.016504 0.895842 0.079618 0.000123
2 2 0.003790 0.011584 0.915591 0.068981 0.000054
2 2 0.000973 0.004383 0.899861 0.094761 0.000022
2 2 0.010490 0.018475 0.881468 0.089442 0.000126
2 2 0.001187 0.006263 0.886083 0.106437 0.000030
2 3 0.018641 0.020233 0.858439 0.102565 0.000122
2 3 0.010199 0.019066 0.863843 0.106701 0.000190
2 3 0.020040 0.025669 0.851226 0.102857 0.000208
2 3 0.007490 0.016614 0.855683 0.120050 0.000164
2 3 0.013415 0.017743 0.848919 0.119687 0.000236
2 3 0.003174 0.005178 0.668862 0.322761 0.000025
2 3 0.005525 0.007093 0.676992 0.310347 0.000043
2 3 0.005059 0.007934 0.587520 0.399408 0.000078
2 3 0.007997 0.011626 0.704372 0.275897 0.000109
2 3 0.005156 0.008968 0.646823 0.338983 0.000071
3 3 0.006127 0.006661 0.415164 0.571916 0.000132
2 3 0.008686 0.016270 0.519372 0.455374 0.000297
3 3 0.002701 0.002391 0.216883 0.777991 0.000034
3 3 0.003022 0.003150 0.266961 0.726817 0.000050
3 3 0.008854 0.008927 0.308199 0.673795 0.000225
3 3 0.003637 0.004442 0.347601 0.644273 0.000047
3 3 0.007326 0.005544 0.306702 0.680371 0.000057
3 3 0.006763 0.006305 0.364877 0.621985 0.000071
3 3 0.005173 0.006475 0.386353 0.601917 0.000082
3 3 0.004209 0.004782 0.255135 0.735789 0.000084
3 3 0.002582 0.002576 0.112921 0.881871 0.000050
3 3 0.001048 0.001791 0.144415 0.852705 0.000041
3 3 0.001206 0.001203 0.117728 0.879850 0.000013
3 3 0.001695 0.002091 0.106259 0.889914 0.000040
3 3 0.001253 0.001559 0.122905 0.874261 0.000023
3 3 0.002732 0.002445 0.122791 0.871991 0.000041
3 3 0.003925 0.003230 0.106977 0.885822 0.000045
3 3 0.000788 0.001219 0.115723 0.882254 0.000016
3 3 0.007948 0.006489 0.161668 0.823769 0.000127
3 3 0.001455 0.001545 0.075861 0.921114 0.000025
3 3 0.002404 0.001561 0.045082 0.950932 0.000020
3 3 0.001670 0.000853 0.018759 0.978709 0.000009
3 3 0.002150 0.001616 0.065386 0.930825 0.000024
3 3 0.001360 0.000616 0.029278 0.968741 0.000005
3 3 0.001841 0.000824 0.024915 0.972411 0.000009
2 3 0.034217 0.038145 0.616371 0.310544 0.000723
2 3 0.029909 0.023825 0.607003 0.338637 0.000627
2 2 0.063914 0.059844 0.701264 0.173376 0.001602
2 2 0.098068 0.109955 0.609900 0.179009 0.003068
2 2 0.097344 0.152475 0.659583 0.087130 0.003467
2 2 0.012994 0.019836 0.903715 0.063388 0.000067
2 2 0.006128 0.020537 0.931415 0.041832 0.000088
2 2 0.002904 0.007397 0.907433 0.082247 0.000019
2 2 0.005753 0.014208 0.942162 0.037837 0.000041
2 2 0.005717 0.011566 0.924400 0.058285 0.000032
2 2 0.013339 0.024152 0.921676 0.040681 0.000151
2 2 0.003371 0.009751 0.919398 0.067417 0.000064
2 2 0.009562 0.033752 0.897711 0.058541 0.000434
2 2 0.006964 0.020188 0.909119 0.063483 0.000247
2 2 0.004109 0.013917 0.937875 0.043997 0.000103
2 2 0.036047 0.138940 0.802648 0.010809 0.011556
2 2 0.016671 0.172574 0.799164 0.001487 0.010105
2 2 0.003350 0.033150 0.951026 0.008309 0.004166
2 2 0.001534 0.052562 0.936195 0.001769 0.007940
2 2 0.000897 0.041696 0.942091 0.002344 0.012972
2 2 0.009600 0.112535 0.661912 0.005419 0.210535
4 2 0.015015 0.263117 0.211185 0.000466 0.510218
4 2 0.012975 0.280708 0.281570 0.000619 0.424128
4 4 0.019935 0.294232 0.137626 0.000259 0.547947
4 4 0.011060 0.274787 0.266793 0.000474 0.446886
4 4 0.036429 0.121527 0.087458 0.001756 0.752830
4 4 0.032740 0.110011 0.112330 0.002577 0.742342
4 4 0.038303 0.128667 0.072805 0.001494 0.758731
4 4 0.027951 0.146809 0.108691 0.002072 0.714477
4 4 0.036031 0.119238 0.091021 0.001848 0.751862
4 4 0.040294 0.126320 0.061209 0.001546 0.770632
4 4 0.257826 0.242258 0.059035 0.001183 0.439699
4 4 0.037105 0.200764 0.064084 0.000413 0.697635
4 4 0.037866 0.188337 0.062581 0.000499 0.710717
4 4 0.051188 0.201298 0.063933 0.000578 0.683003
4 4 0.047162 0.046115 0.033307 0.016885 0.856532
4 4 0.047162 0.046115 0.033307 0.016885 0.856532
4 4 0.042904 0.110166 0.050189 0.002165 0.794576
4 4 0.118755 0.262099 0.067308 0.000610 0.551228
4 4 0.056069 0.097172 0.047329 0.003869 0.795561
4 4 0.043847 0.096352 0.047283 0.003035 0.809484
4 4 0.046171 0.062539 0.038663 0.008532 0.844095
4 4 0.045602 0.070955 0.041057 0.006360 0.836026
4 4 0.097173 0.094226 0.045957 0.007201 0.755443
4 4 0.144017 0.064807 0.037611 0.023395 0.730170
4 4 0.047162 0.046115 0.033307 0.016885 0.856532
4 4 0.047162 0.046115 0.033307 0.016885 0.856532
4 4 0.047162 0.046115 0.033307 0.016885 0.856532
4 4 0.052336 0.047763 0.033834 0.017466 0.848601
4 4 0.116792 0.061297 0.037150 0.022190 0.762571
4 4 0.047162 0.046115 0.033307 0.016885 0.856532
4 4 0.070800 0.052734 0.035275 0.019213 0.821978
4 4 0.047555 0.060338 0.037991 0.009527 0.844589
4 4 0.058616 0.049597 0.034392 0.018112 0.839283
4 4 0.046235 0.061581 0.038378 0.008840 0.844967
4 4 0.042298 0.119172 0.051940 0.001768 0.784823
4 4 0.045904 0.066516 0.039819 0.007398 0.840363
4 4 0.041790 0.126795 0.053342 0.001503 0.776570
4 4 0.042028 0.079166 0.056728 0.005129 0.816950
4 4 0.043687 0.098679 0.047793 0.002860 0.806982
4 4 0.042090 0.118149 0.053067 0.001815 0.784880
4 4 0.041007 0.139109 0.055470 0.001174 0.763240
4 4 0.037548 0.156861 0.071867 0.000860 0.732864
4 4 0.040176 0.128466 0.061517 0.001478 0.768363
4 4 0.039382 0.164024 0.059321 0.000745 0.736528
4 4 0.039585 0.087990 0.070173 0.004031 0.798221
4 4 0.041343 0.117881 0.056834 0.001844 0.782099
4 4 0.156228 0.235657 0.063646 0.001027 0.543443
4 4 0.037434 0.135543 0.077280 0.001300 0.748442
4 4 0.036332 0.125086 0.087477 0.001624 0.749481
4 4 0.179303 0.068236 0.037773 0.024558 0.690130
4 4 0.072309 0.053089 0.035370 0.019337 0.819895
4 4 0.047162 0.046115 0.033307 0.016885 0.856532
4 4 0.083033 0.089903 0.045262 0.006902 0.774900
4 4 0.047137 0.046595 0.033480 0.016507 0.856280
4 4 0.041695 0.128224 0.053598 0.001459 0.775023
4 4 0.061751 0.146002 0.056289 0.001609 0.734349
4 4 0.040673 0.143854 0.056248 0.001072 0.758154
4 4 0.042367 0.118132 0.051743 0.001809 0.785949
4 4 0.043216 0.105561 0.049252 0.002414 0.799558
4 4 0.042486 0.116358 0.051404 0.001881 0.787870
4 4 0.038974 0.170499 0.060234 0.000667 0.729626
4 4 0.055878 0.159257 0.058404 0.001166 0.725294
4 4 0.041300 0.134235 0.054647 0.001292 0.768526
4 4 0.037933 0.093978 0.080658 0.003441 0.783990
4 4 0.036818 0.146196 0.079265 0.001055 0.736666
4 4 0.036517 0.118693 0.087342 0.001871 0.755577
4 4 0.037447 0.187179 0.065361 0.000511 0.709502
4 4 0.036829 0.122924 0.084168 0.001701 0.754377
4 4 0.039710 0.130771 0.063778 0.001413 0.764327
4 4 0.032020 0.180313 0.109107 0.000568 0.677992
4 4 0.034674 0.241491 0.068333 0.000231 0.655271
4 4 0.031615 0.201921 0.105399 0.000404 0.660662
4 4 0.031010 0.227200 0.101782 0.000279 0.639729
4 4 0.032674 0.186895 0.100919 0.000514 0.678997
4 4 0.026508 0.200599 0.162401 0.000370 0.610121
4 4 0.024548 0.240231 0.168925 0.000200 0.566096
4 4 0.028249 0.259236 0.115819 0.000176 0.596521
4 2 0.030131 0.244229 0.103440 0.000219 0.621981
4 2 0.023417 0.312967 0.145376 0.000081 0.518158
4 2 0.024289 0.288710 0.146782 0.000111 0.540108
4 2 0.012635 0.257006 0.280352 0.000333 0.449675
4 2 0.022488 0.214727 0.201521 0.000300 0.560963
4 2 0.021820 0.281001 0.185085 0.000108 0.511986
4 2 0.021468 0.207579 0.200360 0.000431 0.570161
4 2 0.023105 0.267865 0.119885 0.000317 0.588828
4 2 0.020886 0.316630 0.148612 0.000114 0.513758
4 2 0.023737 0.183057 0.193308 0.000547 0.599351
4 2 0.019405 0.208493 0.189596 0.000744 0.581762
4 2 0.021988 0.237054 0.207833 0.000184 0.532941
4 2 0.030667 0.141814 0.135875 0.001101 0.690543
4 2 0.070133 0.237530 0.077435 0.000531 0.614371
4 2 0.035311 0.180072 0.081571 0.000579 0.702467
4 2 0.029482 0.189005 0.131836 0.000477 0.649200
4 2 0.033592 0.198176 0.089507 0.000433 0.678292
4 2 0.024947 0.211714 0.204885 0.000578 0.557876
4 2 0.016371 0.307509 0.184362 0.000202 0.491557
4 2 0.012193 0.264164 0.269457 0.000393 0.453794
4 2 0.020991 0.203068 0.232726 0.000734 0.542481
1 2 0.038482 0.367577 0.261129 0.001027 0.331785
2 2 0.002013 0.135849 0.780197 0.000128 0.081814
2 2 0.000412 0.067446 0.905049 0.000104 0.026988
2 2 0.002691 0.134045 0.777421 0.000167 0.085676
2 2 0.001688 0.096408 0.846697 0.000350 0.054856
2 2 0.000733 0.043037 0.933604 0.000529 0.022097
2 2 0.000203 0.031947 0.956123 0.000228 0.011499
2 2 0.000176 0.044179 0.945243 0.000034 0.010369
2 2 0.000170 0.021107 0.972568 0.000622 0.005532
2 2 0.000288 0.052297 0.931280 0.000056 0.016079
2 2 0.000649 0.044282 0.938607 0.000430 0.016031
2 2 0.000154 0.007575 0.981080 0.010820 0.000370
2 2 0.000069 0.006612 0.987753 0.005271 0.000295
2 2 0.000224 0.014939 0.977546 0.005348 0.001943
2 2 0.000040 0.003897 0.987678 0.008140 0.000245
2 2 0.000272 0.011567 0.973901 0.013763 0.000497
2 2 0.004642 0.031057 0.943094 0.018910 0.002297
2 2 0.003809 0.036922 0.941231 0.014482 0.003557
2 2 0.209102 0.198387 0.572968 0.011821 0.007721
2 2 0.004608 0.053699 0.933360 0.005754 0.002579
2 2 0.004706 0.035963 0.950843 0.007298 0.001190
2 2 0.001982 0.009299 0.934443 0.054226 0.000049
2 2 0.001830 0.012588 0.955628 0.029885 0.000070
2 2 0.000535 0.004374 0.943749 0.051327 0.000014
2 2 0.001804 0.012358 0.945918 0.039825 0.000094
2 2 0.003635 0.013028 0.933749 0.049477 0.000111
2 2 0.010026 0.029832 0.934422 0.025289 0.000431
2 2 0.005435 0.017870 0.932913 0.043476 0.000306
2 2 0.005804 0.021704 0.931373 0.040815 0.000304
2 2 0.002557 0.013228 0.940895 0.043111 0.000209
2 2 0.006370 0.027870 0.929358 0.035939 0.000464
2 2 0.005902 0.019738 0.874101 0.099986 0.000273
2 2 0.004698 0.011847 0.851734 0.131545 0.000176
2 2 0.014708 0.037708 0.830338 0.116195 0.001051
2 2 0.008065 0.017899 0.863820 0.109917 0.000299
2 2 0.005465 0.017117 0.834683 0.142432 0.000303
2 2 0.004246 0.009328 0.844621 0.141712 0.000093
2 3 0.008652 0.012992 0.803017 0.175173 0.000166
2 3 0.003813 0.012245 0.829882 0.153863 0.000197
2 3 0.005822 0.019433 0.813190 0.161005 0.000549
2 3 0.006692 0.014608 0.812631 0.165839 0.000229
2 3 0.023331 0.030481 0.597589 0.347691 0.000908
2 3 0.008931 0.014340 0.697628 0.278804 0.000297
2 3 0.018790 0.025163 0.610643 0.344380 0.001023
3 3 0.031976 0.023265 0.441282 0.502652 0.000826
3 3 0.016282 0.020986 0.375693 0.586381 0.000658
3 3 0.007829 0.006690 0.253644 0.731720 0.000116
